dep;jour;n_dose1;n_complet;n_cum_dose1;n_cum_complet;couv_dose1;couv_complet
01;2020-12-27;1;0;1;0;0.0;0.0
01;2020-12-28;0;0;1;0;0.0;0.0
01;2020-12-29;0;0;1;0;0.0;0.0
01;2020-12-30;0;0;1;0;0.0;0.0
01;2020-12-31;0;0;1;0;0.0;0.0
01;2021-01-01;1;0;2;0;0.0;0.0
01;2021-01-02;0;0;2;0;0.0;0.0
01;2021-01-03;0;0;2;0;0.0;0.0
01;2021-01-04;2;0;4;0;0.0;0.0
01;2021-01-05;2;0;6;0;0.0;0.0
01;2021-01-06;1;0;7;0;0.0;0.0
01;2021-01-07;67;0;74;0;0.0;0.0
01;2021-01-08;159;0;233;0;0.0;0.0
01;2021-01-09;2;1;235;1;0.0;0.0
01;2021-01-10;0;0;235;1;0.0;0.0
01;2021-01-11;148;0;383;1;0.1;0.0
01;2021-01-12;317;2;700;3;0.1;0.0
01;2021-01-13;444;1;1144;4;0.2;0.0
01;2021-01-14;529;3;1673;7;0.3;0.0
01;2021-01-15;397;3;2070;10;0.3;0.0
01;2021-01-16;202;0;2272;10;0.3;0.0
01;2021-01-17;128;0;2400;10;0.4;0.0
01;2021-01-18;378;1;2778;11;0.4;0.0
01;2021-01-19;1041;1;3819;12;0.6;0.0
01;2021-01-20;1262;2;5081;14;0.8;0.0
01;2021-01-21;1098;4;6179;18;0.9;0.0
01;2021-01-22;645;0;6824;18;1.0;0.0
01;2021-01-23;222;0;7046;18;1.1;0.0
01;2021-01-24;71;1;7117;19;1.1;0.0
01;2021-01-25;484;1;7601;20;1.2;0.0
01;2021-01-26;740;3;8341;23;1.3;0.0
01;2021-01-27;517;3;8858;26;1.3;0.0
01;2021-01-28;682;54;9540;80;1.5;0.0
01;2021-01-29;637;101;10177;181;1.5;0.0
01;2021-01-30;236;15;10413;196;1.6;0.0
01;2021-01-31;62;0;10475;196;1.6;0.0
01;2021-02-01;458;73;10933;269;1.7;0.0
01;2021-02-02;515;177;11448;446;1.7;0.1
01;2021-02-03;374;279;11822;725;1.8;0.1
01;2021-02-04;478;403;12300;1128;1.9;0.2
01;2021-02-05;441;272;12741;1400;1.9;0.2
01;2021-02-06;261;131;13002;1531;2.0;0.2
01;2021-02-07;2;102;13004;1633;2.0;0.2
01;2021-02-08;505;377;13509;2010;2.1;0.3
01;2021-02-09;775;841;14284;2851;2.2;0.4
01;2021-02-10;952;704;15236;3555;2.3;0.5
01;2021-02-11;791;759;16027;4314;2.4;0.7
01;2021-02-12;637;534;16664;4848;2.5;0.7
01;2021-02-13;161;140;16825;4988;2.6;0.8
01;2021-02-14;0;9;16825;4997;2.6;0.8
01;2021-02-15;437;427;17262;5424;2.6;0.8
01;2021-02-16;659;389;17921;5813;2.7;0.9
01;2021-02-17;520;244;18441;6057;2.8;0.9
01;2021-02-18;589;555;19030;6612;2.9;1.0
01;2021-02-19;580;231;19610;6843;3.0;1.0
01;2021-02-20;201;147;19811;6990;3.0;1.1
01;2021-02-21;0;1;19811;6991;3.0;1.1
01;2021-02-22;427;530;20238;7521;3.1;1.1
01;2021-02-23;482;502;20720;8023;3.2;1.2
01;2021-02-24;433;452;21153;8475;3.2;1.3
01;2021-02-25;827;594;21980;9069;3.3;1.4
01;2021-02-26;874;527;22854;9596;3.5;1.5
01;2021-02-27;480;111;23334;9707;3.6;1.5
01;2021-02-28;20;3;23354;9710;3.6;1.5
01;2021-03-01;629;440;23983;10150;3.7;1.5
01;2021-03-02;962;547;24945;10697;3.8;1.6
01;2021-03-03;939;657;25884;11354;3.9;1.7
01;2021-03-04;1198;639;27082;11993;4.1;1.8
01;2021-03-05;1354;492;28436;12485;4.3;1.9
01;2021-03-06;781;99;29217;12584;4.4;1.9
01;2021-03-07;43;1;29260;12585;4.5;1.9
01;2021-03-08;669;622;29929;13207;4.6;2.0
01;2021-03-09;1339;609;31268;13816;4.8;2.1
01;2021-03-10;1160;557;32428;14373;4.9;2.2
01;2021-03-11;1684;643;34112;15016;5.2;2.3
01;2021-03-12;2004;640;36116;15656;5.5;2.4
01;2021-03-13;1500;95;37616;15751;5.7;2.4
01;2021-03-14;132;59;37748;15810;5.7;2.4
01;2021-03-15;1157;403;38905;16213;5.9;2.5
01;2021-03-16;1011;563;39916;16776;6.1;2.6
01;2021-03-17;839;345;40755;17121;6.2;2.6
01;2021-03-18;1294;470;42049;17591;6.4;2.7
01;2021-03-19;1746;541;43795;18132;6.7;2.8
01;2021-03-20;1445;132;45240;18264;6.9;2.8
01;2021-03-21;97;11;45337;18275;6.9;2.8
01;2021-03-22;1575;492;46912;18767;7.1;2.9
01;2021-03-23;2196;648;49108;19415;7.5;3.0
01;2021-03-24;1615;414;50723;19829;7.7;3.0
01;2021-03-25;2910;632;53633;20461;8.2;3.1
01;2021-03-26;2872;614;56505;21075;8.6;3.2
01;2021-03-27;1310;160;57815;21235;8.8;3.2
01;2021-03-28;22;1;57837;21236;8.8;3.2
01;2021-03-29;1930;544;59767;21780;9.1;3.3
01;2021-03-30;2515;763;62282;22543;9.5;3.4
01;2021-03-31;1868;629;64150;23172;9.8;3.5
01;2021-04-01;2570;857;66720;24029;10.2;3.7
01;2021-04-02;2815;725;69535;24754;10.6;3.8
01;2021-04-03;1256;133;70791;24887;10.8;3.8
01;2021-04-04;2;0;70793;24887;10.8;3.8
01;2021-04-05;1261;63;72054;24950;11.0;3.8
01;2021-04-06;2822;793;74876;25743;11.4;3.9
01;2021-04-07;2740;708;77616;26451;11.8;4.0
01;2021-04-08;3242;996;80858;27447;12.3;4.2
01;2021-04-09;3989;1334;84847;28781;12.9;4.4
01;2021-04-10;1824;303;86671;29084;13.2;4.4
01;2021-04-11;44;22;86715;29106;13.2;4.4
01;2021-04-12;2717;1222;89432;30328;13.6;4.6
01;2021-04-13;2941;1322;92373;31650;14.1;4.8
01;2021-04-14;3127;1082;95500;32732;14.5;5.0
01;2021-04-15;3073;1477;98573;34209;15.0;5.2
01;2021-04-16;2861;1577;101434;35786;15.4;5.4
01;2021-04-17;1654;681;103088;36467;15.7;5.6
01;2021-04-18;13;0;103101;36467;15.7;5.6
01;2021-04-19;2040;1518;105141;37985;16.0;5.8
01;2021-04-20;2663;1573;107804;39558;16.4;6.0
01;2021-04-21;2686;1349;110490;40907;16.8;6.2
01;2021-04-22;2835;1533;113325;42440;17.3;6.5
01;2021-04-23;2764;1531;116089;43971;17.7;6.7
01;2021-04-24;1447;652;117536;44623;17.9;6.8
01;2021-04-25;9;0;117545;44623;17.9;6.8
01;2021-04-26;1970;1730;119515;46353;18.2;7.1
01;2021-04-27;2574;1558;122089;47911;18.6;7.3
01;2021-04-28;2500;1572;124589;49483;19.0;7.5
01;2021-04-29;2715;1773;127304;51256;19.4;7.8
01;2021-04-30;2983;2250;130287;53506;19.8;8.1
01;2021-05-01;1472;855;131759;54361;20.1;8.3
01;2021-05-02;546;76;132305;54437;20.1;8.3
01;2021-05-03;2294;2480;134599;56917;20.5;8.7
01;2021-05-04;2540;2642;137139;59559;20.9;9.1
01;2021-05-05;2528;2503;139667;62062;21.3;9.4
01;2021-05-06;2996;2531;142663;64593;21.7;9.8
01;2021-05-07;3217;2781;145880;67374;22.2;10.3
01;2021-05-08;1646;922;147526;68296;22.5;10.4
01;2021-05-09;1023;162;148549;68458;22.6;10.4
01;2021-05-10;2501;3074;151050;71532;23.0;10.9
01;2021-05-11;3581;3064;154631;74596;23.5;11.4
01;2021-05-12;3651;3003;158282;77599;24.1;11.8
01;2021-05-13;4087;1502;162369;79101;24.7;12.0
01;2021-05-14;4270;2345;166639;81446;25.4;12.4
01;2021-05-15;3156;1436;169795;82882;25.8;12.6
01;2021-05-16;1413;150;171208;83032;26.1;12.6
01;2021-05-17;3446;2470;174654;85502;26.6;13.0
01;2021-05-18;4075;1961;178729;87463;27.2;13.3
01;2021-05-19;3973;1905;182702;89368;27.8;13.6
01;2021-05-20;4530;2018;187232;91386;28.5;13.9
01;2021-05-21;4620;2197;191852;93583;29.2;14.2
01;2021-05-22;3368;957;195220;94540;29.7;14.4
01;2021-05-23;834;82;196054;94622;29.8;14.4
01;2021-05-24;2765;500;198819;95122;30.3;14.5
01;2021-05-25;3558;2430;202377;97552;30.8;14.8
01;2021-05-26;3571;2249;205948;99801;31.3;15.2
01;2021-05-27;3853;2099;209801;101900;31.9;15.5
01;2021-05-28;3665;2639;213466;104539;32.5;15.9
01;2021-05-29;3060;1303;216526;105842;33.0;16.1
01;2021-05-30;613;88;217139;105930;33.1;16.1
01;2021-05-31;2405;2516;219544;108446;33.4;16.5
01;2021-06-01;2769;2589;222313;111035;33.8;16.9
01;2021-06-02;2882;2203;225195;113238;34.3;17.2
01;2021-06-03;3365;2434;228560;115672;34.8;17.6
01;2021-06-04;4500;3361;233060;119033;35.5;18.1
01;2021-06-05;3253;1726;236313;120759;36.0;18.4
01;2021-06-06;670;78;236983;120837;36.1;18.4
01;2021-06-07;3389;2873;240372;123710;36.6;18.8
01;2021-06-08;3650;2713;244022;126423;37.1;19.2
01;2021-06-09;2947;2637;246969;129060;37.6;19.6
01;2021-06-10;2765;2043;249734;131103;38.0;20.0
01;2021-06-11;3071;3368;252805;134471;38.5;20.5
01;2021-06-12;2404;2199;255209;136670;38.8;20.8
01;2021-06-13;200;479;255409;137149;38.9;20.9
01;2021-06-14;2122;3166;257531;140315;39.2;21.4
01;2021-06-15;2004;3364;259535;143679;39.5;21.9
01;2021-06-16;2180;3290;261715;146969;39.8;22.4
01;2021-06-17;1958;3174;263673;150143;40.1;22.9
01;2021-06-18;2645;4163;266318;154306;40.5;23.5
01;2021-06-19;1727;2555;268045;156861;40.8;23.9
01;2021-06-20;159;498;268204;157359;40.8;24.0
01;2021-06-21;1800;3705;270004;161064;41.1;24.5
01;2021-06-22;1550;3999;271554;165063;41.3;25.1
01;2021-06-23;1585;3755;273139;168818;41.6;25.7
01;2021-06-24;1471;3568;274610;172386;41.8;26.2
01;2021-06-25;1889;4562;276499;176948;42.1;26.9
01;2021-06-26;1210;2946;277709;179894;42.3;27.4
01;2021-06-27;170;339;277879;180233;42.3;27.4
01;2021-06-28;1385;4027;279264;184260;42.5;28.0
01;2021-06-29;1411;3851;280675;188111;42.7;28.6
01;2021-06-30;1378;4159;282053;192270;42.9;29.3
01;2021-07-01;1431;4092;283484;196362;43.2;29.9
01;2021-07-02;1588;4988;285072;201350;43.4;30.6
01;2021-07-03;858;3377;285930;204727;43.5;31.2
01;2021-07-04;105;499;286035;205226;43.5;31.2
01;2021-07-05;1488;4084;287523;209310;43.8;31.9
01;2021-07-06;1105;4277;288628;213587;43.9;32.5
01;2021-07-07;1755;3698;290383;217285;44.2;33.1
01;2021-07-08;1472;3675;291855;220960;44.4;33.6
01;2021-07-09;1885;4362;293740;225322;44.7;34.3
01;2021-07-10;1120;3439;294860;228761;44.9;34.8
01;2021-07-11;105;418;294965;229179;44.9;34.9
01;2021-07-12;1422;3841;296387;233020;45.1;35.5
01;2021-07-13;2057;4116;298444;237136;45.4;36.1
01;2021-07-14;148;179;298592;237315;45.5;36.1
01;2021-07-15;3089;4193;301681;241508;45.9;36.8
01;2021-07-16;3746;4840;305427;246348;46.5;37.5
01;2021-07-17;2203;3049;307630;249397;46.8;38.0
01;2021-07-18;289;551;307919;249948;46.9;38.0
01;2021-07-19;2915;3869;310834;253817;47.3;38.6
01;2021-07-20;3299;3691;314133;257508;47.8;39.2
01;2021-07-21;3937;3561;318070;261069;48.4;39.7
01;2021-07-22;4217;3494;322287;264563;49.1;40.3
01;2021-07-23;3939;4215;326226;268778;49.7;40.9
01;2021-07-24;2730;2714;328956;271492;50.1;41.3
01;2021-07-25;60;59;329016;271551;50.1;41.3
01;2021-07-26;3348;3240;332364;274791;50.6;41.8
01;2021-07-27;4102;2788;336466;277579;51.2;42.3
01;2021-07-28;3987;2651;340453;280230;51.8;42.7
01;2021-07-29;4697;2436;345150;282666;52.5;43.0
01;2021-07-30;4452;3430;349602;286096;53.2;43.5
01;2021-07-31;3642;1778;353244;287874;53.8;43.8
01;2021-08-01;397;75;353641;287949;53.8;43.8
01;2021-08-02;3063;2455;356704;290404;54.3;44.2
01;2021-08-03;3063;2452;359767;292856;54.8;44.6
01;2021-08-04;2542;1733;362309;294589;55.1;44.8
01;2021-08-05;2240;2360;364549;296949;55.5;45.2
01;2021-08-06;2747;3115;367296;300064;55.9;45.7
01;2021-08-07;2061;1838;369357;301902;56.2;46.0
01;2021-08-08;245;261;369602;302163;56.3;46.0
01;2021-08-09;1127;2633;370729;304796;56.4;46.4
01;2021-08-10;1444;2418;372173;307214;56.7;46.8
01;2021-08-11;1465;2592;373638;309806;56.9;47.2
01;2021-08-12;1617;2823;375255;312629;57.1;47.6
01;2021-08-13;1799;2720;377054;315349;57.4;48.0
01;2021-08-14;1382;2233;378436;317582;57.6;48.3
01;2021-08-15;11;21;378447;317603;57.6;48.3
01;2021-08-16;973;3010;379420;320613;57.8;48.8
01;2021-08-17;1343;2756;380763;323369;58.0;49.2
01;2021-08-18;1249;2904;382012;326273;58.1;49.7
01;2021-08-19;1292;2421;383304;328694;58.3;50.0
01;2021-08-20;1449;3951;384753;332645;58.6;50.6
01;2021-08-21;881;2845;385634;335490;58.7;51.1
01;2021-08-22;18;20;385652;335510;58.7;51.1
01;2021-08-23;1113;3020;386765;338530;58.9;51.5
01;2021-08-24;1222;3145;387987;341675;59.1;52.0
01;2021-08-25;1122;2986;389109;344661;59.2;52.5
01;2021-08-26;1638;2731;390747;347392;59.5;52.9
01;2021-08-27;1634;3642;392381;351034;59.7;53.4
01;2021-08-28;1039;2587;393420;353621;59.9;53.8
01;2021-08-29;16;31;393436;353652;59.9;53.8
01;2021-08-30;1171;2721;394607;356373;60.1;54.2
01;2021-08-31;1088;1941;395695;358314;60.2;54.5
01;2021-09-01;906;1862;396601;360176;60.4;54.8
01;2021-09-02;788;1746;397389;361922;60.5;55.1
02;2020-12-27;0;0;0;0;0.0;0.0
02;2020-12-28;0;0;0;0;0.0;0.0
02;2020-12-29;0;0;0;0;0.0;0.0
02;2020-12-30;0;0;0;0;0.0;0.0
02;2020-12-31;0;0;0;0;0.0;0.0
02;2021-01-01;0;0;0;0;0.0;0.0
02;2021-01-02;0;0;0;0;0.0;0.0
02;2021-01-03;0;0;0;0;0.0;0.0
02;2021-01-04;0;0;0;0;0.0;0.0
02;2021-01-05;0;0;0;0;0.0;0.0
02;2021-01-06;22;0;22;0;0.0;0.0
02;2021-01-07;261;2;283;2;0.1;0.0
02;2021-01-08;489;3;772;5;0.1;0.0
02;2021-01-09;74;0;846;5;0.2;0.0
02;2021-01-10;49;0;895;5;0.2;0.0
02;2021-01-11;267;0;1162;5;0.2;0.0
02;2021-01-12;355;1;1517;6;0.3;0.0
02;2021-01-13;468;4;1985;10;0.4;0.0
02;2021-01-14;651;11;2636;21;0.5;0.0
02;2021-01-15;631;7;3267;28;0.6;0.0
02;2021-01-16;333;4;3600;32;0.7;0.0
02;2021-01-17;62;0;3662;32;0.7;0.0
02;2021-01-18;811;8;4473;40;0.9;0.0
02;2021-01-19;942;5;5415;45;1.0;0.0
02;2021-01-20;1430;5;6845;50;1.3;0.0
02;2021-01-21;2601;6;9446;56;1.8;0.0
02;2021-01-22;1421;5;10867;61;2.1;0.0
02;2021-01-23;291;1;11158;62;2.1;0.0
02;2021-01-24;67;0;11225;62;2.1;0.0
02;2021-01-25;432;9;11657;71;2.2;0.0
02;2021-01-26;704;14;12361;85;2.3;0.0
02;2021-01-27;161;2;12522;87;2.4;0.0
02;2021-01-28;69;243;12591;330;2.4;0.1
02;2021-01-29;119;409;12710;739;2.4;0.1
02;2021-01-30;4;13;12714;752;2.4;0.1
02;2021-01-31;0;10;12714;762;2.4;0.1
02;2021-02-01;11;207;12725;969;2.4;0.2
02;2021-02-02;45;321;12770;1290;2.4;0.2
02;2021-02-03;124;327;12894;1617;2.5;0.3
02;2021-02-04;227;346;13121;1963;2.5;0.4
02;2021-02-05;178;402;13299;2365;2.5;0.4
02;2021-02-06;66;173;13365;2538;2.5;0.5
02;2021-02-07;9;0;13374;2538;2.5;0.5
02;2021-02-08;305;424;13679;2962;2.6;0.6
02;2021-02-09;322;663;14001;3625;2.7;0.7
02;2021-02-10;485;1026;14486;4651;2.8;0.9
02;2021-02-11;937;1845;15423;6496;2.9;1.2
02;2021-02-12;885;1103;16308;7599;3.1;1.4
02;2021-02-13;290;127;16598;7726;3.2;1.5
02;2021-02-14;1;5;16599;7731;3.2;1.5
02;2021-02-15;344;642;16943;8373;3.2;1.6
02;2021-02-16;413;532;17356;8905;3.3;1.7
02;2021-02-17;498;603;17854;9508;3.4;1.8
02;2021-02-18;507;421;18361;9929;3.5;1.9
02;2021-02-19;444;545;18805;10474;3.6;2.0
02;2021-02-20;372;219;19177;10693;3.6;2.0
02;2021-02-21;39;17;19216;10710;3.7;2.0
02;2021-02-22;377;305;19593;11015;3.7;2.1
02;2021-02-23;432;348;20025;11363;3.8;2.2
02;2021-02-24;600;146;20625;11509;3.9;2.2
02;2021-02-25;870;134;21495;11643;4.1;2.2
02;2021-02-26;808;73;22303;11716;4.2;2.2
02;2021-02-27;445;14;22748;11730;4.3;2.2
02;2021-02-28;55;2;22803;11732;4.3;2.2
02;2021-03-01;638;24;23441;11756;4.5;2.2
02;2021-03-02;1032;128;24473;11884;4.7;2.3
02;2021-03-03;754;205;25227;12089;4.8;2.3
02;2021-03-04;1162;651;26389;12740;5.0;2.4
02;2021-03-05;1049;508;27438;13248;5.2;2.5
02;2021-03-06;2139;99;29577;13347;5.6;2.5
02;2021-03-07;1505;49;31082;13396;5.9;2.5
02;2021-03-08;574;367;31656;13763;6.0;2.6
02;2021-03-09;999;405;32655;14168;6.2;2.7
02;2021-03-10;895;470;33550;14638;6.4;2.8
02;2021-03-11;1294;391;34844;15029;6.6;2.9
02;2021-03-12;1705;416;36549;15445;6.9;2.9
02;2021-03-13;2592;239;39141;15684;7.4;3.0
02;2021-03-14;1457;43;40598;15727;7.7;3.0
02;2021-03-15;612;453;41210;16180;7.8;3.1
02;2021-03-16;863;403;42073;16583;8.0;3.2
02;2021-03-17;759;452;42832;17035;8.1;3.2
02;2021-03-18;608;615;43440;17650;8.3;3.4
02;2021-03-19;1172;300;44612;17950;8.5;3.4
02;2021-03-20;2430;158;47042;18108;8.9;3.4
02;2021-03-21;1488;81;48530;18189;9.2;3.5
02;2021-03-22;762;496;49292;18685;9.4;3.6
02;2021-03-23;1194;550;50486;19235;9.6;3.7
02;2021-03-24;1582;503;52068;19738;9.9;3.8
02;2021-03-25;1694;595;53762;20333;10.2;3.9
02;2021-03-26;2412;492;56174;20825;10.7;4.0
02;2021-03-27;2495;134;58669;20959;11.2;4.0
02;2021-03-28;638;14;59307;20973;11.3;4.0
02;2021-03-29;1038;859;60345;21832;11.5;4.2
02;2021-03-30;1554;846;61899;22678;11.8;4.3
02;2021-03-31;1299;717;63198;23395;12.0;4.4
02;2021-04-01;1290;862;64488;24257;12.3;4.6
02;2021-04-02;1184;1228;65672;25485;12.5;4.8
02;2021-04-03;2647;853;68319;26338;13.0;5.0
02;2021-04-04;727;240;69046;26578;13.1;5.1
02;2021-04-05;1509;133;70555;26711;13.4;5.1
02;2021-04-06;1540;855;72095;27566;13.7;5.2
02;2021-04-07;1871;780;73966;28346;14.1;5.4
02;2021-04-08;1919;1107;75885;29453;14.4;5.6
02;2021-04-09;2433;1092;78318;30545;14.9;5.8
02;2021-04-10;2430;1212;80748;31757;15.3;6.0
02;2021-04-11;476;418;81224;32175;15.4;6.1
02;2021-04-12;1824;629;83048;32804;15.8;6.2
02;2021-04-13;1601;926;84649;33730;16.1;6.4
02;2021-04-14;2584;974;87233;34704;16.6;6.6
02;2021-04-15;2497;777;89730;35481;17.1;6.7
02;2021-04-16;2439;1130;92169;36611;17.5;7.0
02;2021-04-17;1890;2145;94059;38756;17.9;7.4
02;2021-04-18;270;814;94329;39570;17.9;7.5
02;2021-04-19;1158;632;95487;40202;18.2;7.6
02;2021-04-20;1676;766;97163;40968;18.5;7.8
02;2021-04-21;1550;993;98713;41961;18.8;8.0
02;2021-04-22;1748;704;100461;42665;19.1;8.1
02;2021-04-23;1930;1411;102391;44076;19.5;8.4
02;2021-04-24;1714;1642;104105;45718;19.8;8.7
02;2021-04-25;462;235;104567;45953;19.9;8.7
02;2021-04-26;1339;563;105906;46516;20.1;8.8
02;2021-04-27;1627;1095;107533;47611;20.4;9.1
02;2021-04-28;1592;1438;109125;49049;20.7;9.3
02;2021-04-29;1885;1175;111010;50224;21.1;9.5
02;2021-04-30;2716;1655;113726;51879;21.6;9.9
02;2021-05-01;1991;1234;115717;53113;22.0;10.1
02;2021-05-02;1982;420;117699;53533;22.4;10.2
02;2021-05-03;2225;984;119924;54517;22.8;10.4
02;2021-05-04;1523;1316;121447;55833;23.1;10.6
02;2021-05-05;2329;1842;123776;57675;23.5;11.0
02;2021-05-06;2123;1738;125899;59413;23.9;11.3
02;2021-05-07;2357;2175;128256;61588;24.4;11.7
02;2021-05-08;2920;950;131176;62538;24.9;11.9
02;2021-05-09;1822;423;132998;62961;25.3;12.0
02;2021-05-10;2375;1482;135373;64443;25.7;12.3
02;2021-05-11;2878;1576;138251;66019;26.3;12.5
02;2021-05-12;2674;1622;140925;67641;26.8;12.9
02;2021-05-13;2991;1038;143916;68679;27.4;13.1
02;2021-05-14;3382;1206;147298;69885;28.0;13.3
02;2021-05-15;4374;1091;151672;70976;28.8;13.5
02;2021-05-16;2799;213;154471;71189;29.4;13.5
02;2021-05-17;2147;664;156618;71853;29.8;13.7
02;2021-05-18;2635;976;159253;72829;30.3;13.8
02;2021-05-19;2852;999;162105;73828;30.8;14.0
02;2021-05-20;3552;1231;165657;75059;31.5;14.3
02;2021-05-21;3819;1071;169476;76130;32.2;14.5
02;2021-05-22;5848;967;175324;77097;33.3;14.7
02;2021-05-23;2659;239;177983;77336;33.8;14.7
02;2021-05-24;3541;542;181524;77878;34.5;14.8
02;2021-05-25;2260;1164;183784;79042;34.9;15.0
02;2021-05-26;3080;1498;186864;80540;35.5;15.3
02;2021-05-27;3651;1488;190515;82028;36.2;15.6
02;2021-05-28;3514;1588;194029;83616;36.9;15.9
02;2021-05-29;4081;1568;198110;85184;37.7;16.2
02;2021-05-30;1449;187;199559;85371;37.9;16.2
02;2021-05-31;2575;1194;202134;86565;38.4;16.5
02;2021-06-01;2870;1872;205004;88437;39.0;16.8
02;2021-06-02;3161;1652;208165;90089;39.6;17.1
02;2021-06-03;2857;1834;211022;91923;40.1;17.5
02;2021-06-04;3142;2064;214164;93987;40.7;17.9
02;2021-06-05;3441;1735;217605;95722;41.4;18.2
02;2021-06-06;1738;258;219343;95980;41.7;18.2
02;2021-06-07;1613;1500;220956;97480;42.0;18.5
02;2021-06-08;2063;1844;223019;99324;42.4;18.9
02;2021-06-09;2057;1650;225076;100974;42.8;19.2
02;2021-06-10;2013;1838;227089;102812;43.2;19.5
02;2021-06-11;2195;3069;229284;105881;43.6;20.1
02;2021-06-12;2312;2596;231596;108477;44.0;20.6
02;2021-06-13;684;1387;232280;109864;44.2;20.9
02;2021-06-14;1049;2393;233329;112257;44.4;21.3
02;2021-06-15;1519;2463;234848;114720;44.6;21.8
02;2021-06-16;1534;2750;236382;117470;44.9;22.3
02;2021-06-17;1782;2860;238164;120330;45.3;22.9
02;2021-06-18;2312;3573;240476;123903;45.7;23.6
02;2021-06-19;1841;3821;242317;127724;46.1;24.3
02;2021-06-20;644;1522;242961;129246;46.2;24.6
02;2021-06-21;807;3195;243768;132441;46.3;25.2
02;2021-06-22;1155;3668;244923;136109;46.6;25.9
02;2021-06-23;1227;3587;246150;139696;46.8;26.6
02;2021-06-24;1327;3149;247477;142845;47.0;27.2
02;2021-06-25;1400;4545;248877;147390;47.3;28.0
02;2021-06-26;1347;4227;250224;151617;47.6;28.8
02;2021-06-27;600;2334;250824;153951;47.7;29.3
02;2021-06-28;877;3021;251701;156972;47.8;29.8
02;2021-06-29;919;2929;252620;159901;48.0;30.4
02;2021-06-30;1510;3162;254130;163063;48.3;31.0
02;2021-07-01;1196;3592;255326;166655;48.5;31.7
02;2021-07-02;1360;5137;256686;171792;48.8;32.7
02;2021-07-03;998;5989;257684;177781;49.0;33.8
02;2021-07-04;509;2367;258193;180148;49.1;34.2
02;2021-07-05;661;3937;258854;184085;49.2;35.0
02;2021-07-06;673;3048;259527;187133;49.3;35.6
02;2021-07-07;1322;3724;260849;190857;49.6;36.3
02;2021-07-08;1394;3872;262243;194729;49.9;37.0
02;2021-07-09;1281;4217;263524;198946;50.1;37.8
02;2021-07-10;1332;4609;264856;203555;50.3;38.7
02;2021-07-11;481;1968;265337;205523;50.4;39.1
02;2021-07-12;1416;3729;266753;209252;50.7;39.8
02;2021-07-13;2067;3660;268820;212912;51.1;40.5
02;2021-07-14;1755;1599;270575;214511;51.4;40.8
02;2021-07-15;2725;3560;273300;218071;52.0;41.5
02;2021-07-16;3166;4220;276466;222291;52.6;42.3
02;2021-07-17;3561;4227;280027;226518;53.2;43.1
02;2021-07-18;2038;1615;282065;228133;53.6;43.4
02;2021-07-19;3440;3040;285505;231173;54.3;43.9
02;2021-07-20;3500;3302;289005;234475;54.9;44.6
02;2021-07-21;3910;2953;292915;237428;55.7;45.1
02;2021-07-22;3322;2805;296237;240233;56.3;45.7
02;2021-07-23;3207;3560;299444;243793;56.9;46.3
02;2021-07-24;4448;3723;303892;247516;57.8;47.1
02;2021-07-25;2192;1089;306084;248605;58.2;47.3
02;2021-07-26;3878;2250;309962;250855;58.9;47.7
02;2021-07-27;3660;2148;313622;253003;59.6;48.1
02;2021-07-28;3282;2094;316904;255097;60.2;48.5
02;2021-07-29;2582;2221;319486;257318;60.7;48.9
02;2021-07-30;3314;2309;322800;259627;61.4;49.4
02;2021-07-31;4182;2277;326982;261904;62.2;49.8
02;2021-08-01;1474;691;328456;262595;62.4;49.9
02;2021-08-02;2037;1601;330493;264196;62.8;50.2
02;2021-08-03;2532;1902;333025;266098;63.3;50.6
02;2021-08-04;2559;1705;335584;267803;63.8;50.9
02;2021-08-05;1849;2268;337433;270071;64.1;51.3
02;2021-08-06;2093;2744;339526;272815;64.5;51.9
02;2021-08-07;2519;2784;342045;275599;65.0;52.4
02;2021-08-08;1027;1573;343072;277172;65.2;52.7
02;2021-08-09;1897;2747;344969;279919;65.6;53.2
02;2021-08-10;1765;2459;346734;282378;65.9;53.7
02;2021-08-11;1480;2108;348214;284486;66.2;54.1
02;2021-08-12;1207;2333;349421;286819;66.4;54.5
02;2021-08-13;1610;2910;351031;289729;66.7;55.1
02;2021-08-14;1647;3692;352678;293421;67.0;55.8
02;2021-08-15;160;572;352838;293993;67.1;55.9
02;2021-08-16;1269;3761;354107;297754;67.3;56.6
02;2021-08-17;1417;2835;355524;300589;67.6;57.1
02;2021-08-18;1574;3182;357098;303771;67.9;57.7
02;2021-08-19;1134;3217;358232;306988;68.1;58.4
02;2021-08-20;1191;2947;359423;309935;68.3;58.9
02;2021-08-21;1442;4080;360865;314015;68.6;59.7
02;2021-08-22;406;1655;361271;315670;68.7;60.0
02;2021-08-23;1151;3075;362422;318745;68.9;60.6
02;2021-08-24;902;2182;363324;320927;69.1;61.0
02;2021-08-25;1019;2592;364343;323519;69.3;61.5
02;2021-08-26;909;2333;365252;325852;69.4;61.9
02;2021-08-27;964;2615;366216;328467;69.6;62.4
02;2021-08-28;1297;3420;367513;331887;69.9;63.1
02;2021-08-29;328;1169;367841;333056;69.9;63.3
02;2021-08-30;993;2467;368834;335523;70.1;63.8
02;2021-08-31;853;2252;369687;337775;70.3;64.2
02;2021-09-01;694;1541;370381;339316;70.4;64.5
02;2021-09-02;644;1757;371025;341073;70.5;64.8
03;2020-12-27;0;0;0;0;0.0;0.0
03;2020-12-28;1;0;1;0;0.0;0.0
03;2020-12-29;0;0;1;0;0.0;0.0
03;2020-12-30;1;0;2;0;0.0;0.0
03;2020-12-31;0;0;2;0;0.0;0.0
03;2021-01-01;0;0;2;0;0.0;0.0
03;2021-01-02;0;0;2;0;0.0;0.0
03;2021-01-03;0;0;2;0;0.0;0.0
03;2021-01-04;0;0;2;0;0.0;0.0
03;2021-01-05;0;0;2;0;0.0;0.0
03;2021-01-06;10;0;12;0;0.0;0.0
03;2021-01-07;61;0;73;0;0.0;0.0
03;2021-01-08;146;1;219;1;0.1;0.0
03;2021-01-09;122;0;341;1;0.1;0.0
03;2021-01-10;6;0;347;1;0.1;0.0
03;2021-01-11;412;1;759;2;0.2;0.0
03;2021-01-12;631;0;1390;2;0.4;0.0
03;2021-01-13;669;2;2059;4;0.6;0.0
03;2021-01-14;861;4;2920;8;0.9;0.0
03;2021-01-15;387;3;3307;11;1.0;0.0
03;2021-01-16;278;0;3585;11;1.1;0.0
03;2021-01-17;42;0;3627;11;1.1;0.0
03;2021-01-18;878;0;4505;11;1.4;0.0
03;2021-01-19;1149;1;5654;12;1.7;0.0
03;2021-01-20;1291;4;6945;16;2.1;0.0
03;2021-01-21;1200;5;8145;21;2.5;0.0
03;2021-01-22;1117;4;9262;25;2.8;0.0
03;2021-01-23;466;0;9728;25;2.9;0.0
03;2021-01-24;0;0;9728;25;2.9;0.0
03;2021-01-25;187;0;9915;25;3.0;0.0
03;2021-01-26;679;14;10594;39;3.2;0.0
03;2021-01-27;695;11;11289;50;3.4;0.0
03;2021-01-28;1020;46;12309;96;3.7;0.0
03;2021-01-29;856;79;13165;175;4.0;0.1
03;2021-01-30;600;2;13765;177;4.2;0.1
03;2021-01-31;0;0;13765;177;4.2;0.1
03;2021-02-01;160;76;13925;253;4.2;0.1
03;2021-02-02;767;262;14692;515;4.4;0.2
03;2021-02-03;1056;472;15748;987;4.8;0.3
03;2021-02-04;1549;629;17297;1616;5.2;0.5
03;2021-02-05;947;315;18244;1931;5.5;0.6
03;2021-02-06;152;13;18396;1944;5.6;0.6
03;2021-02-07;5;0;18401;1944;5.6;0.6
03;2021-02-08;128;56;18529;2000;5.6;0.6
03;2021-02-09;612;448;19141;2448;5.8;0.7
03;2021-02-10;485;343;19626;2791;5.9;0.8
03;2021-02-11;1026;577;20652;3368;6.2;1.0
03;2021-02-12;1076;540;21728;3908;6.6;1.2
03;2021-02-13;126;164;21854;4072;6.6;1.2
03;2021-02-14;0;1;21854;4073;6.6;1.2
03;2021-02-15;309;838;22163;4911;6.7;1.5
03;2021-02-16;548;1139;22711;6050;6.9;1.8
03;2021-02-17;453;1306;23164;7356;7.0;2.2
03;2021-02-18;368;1228;23532;8584;7.1;2.6
03;2021-02-19;496;785;24028;9369;7.3;2.8
03;2021-02-20;128;176;24156;9545;7.3;2.9
03;2021-02-21;2;1;24158;9546;7.3;2.9
03;2021-02-22;158;198;24316;9744;7.3;2.9
03;2021-02-23;720;940;25036;10684;7.6;3.2
03;2021-02-24;609;1007;25645;11691;7.7;3.5
03;2021-02-25;1090;1807;26735;13498;8.1;4.1
03;2021-02-26;821;1363;27556;14861;8.3;4.5
03;2021-02-27;96;252;27652;15113;8.3;4.6
03;2021-02-28;0;15;27652;15128;8.3;4.6
03;2021-03-01;178;240;27830;15368;8.4;4.6
03;2021-03-02;818;657;28648;16025;8.6;4.8
03;2021-03-03;894;449;29542;16474;8.9;5.0
03;2021-03-04;1540;584;31082;17058;9.4;5.1
03;2021-03-05;1121;734;32203;17792;9.7;5.4
03;2021-03-06;915;113;33118;17905;10.0;5.4
03;2021-03-07;2;0;33120;17905;10.0;5.4
03;2021-03-08;239;244;33359;18149;10.1;5.5
03;2021-03-09;1016;438;34375;18587;10.4;5.6
03;2021-03-10;941;547;35316;19134;10.7;5.8
03;2021-03-11;1677;653;36993;19787;11.2;6.0
03;2021-03-12;1302;866;38295;20653;11.6;6.2
03;2021-03-13;863;113;39158;20766;11.8;6.3
03;2021-03-14;2;7;39160;20773;11.8;6.3
03;2021-03-15;250;200;39410;20973;11.9;6.3
03;2021-03-16;650;404;40060;21377;12.1;6.5
03;2021-03-17;1303;443;41363;21820;12.5;6.6
03;2021-03-18;1720;393;43083;22213;13.0;6.7
03;2021-03-19;1728;364;44811;22577;13.5;6.8
03;2021-03-20;301;26;45112;22603;13.6;6.8
03;2021-03-21;1;0;45113;22603;13.6;6.8
03;2021-03-22;222;397;45335;23000;13.7;6.9
03;2021-03-23;1355;353;46690;23353;14.1;7.0
03;2021-03-24;1824;348;48514;23701;14.6;7.2
03;2021-03-25;2368;568;50882;24269;15.4;7.3
03;2021-03-26;2239;446;53121;24715;16.0;7.5
03;2021-03-27;816;21;53937;24736;16.3;7.5
03;2021-03-28;1;39;53938;24775;16.3;7.5
03;2021-03-29;659;176;54597;24951;16.5;7.5
03;2021-03-30;1908;449;56505;25400;17.1;7.7
03;2021-03-31;1014;985;57519;26385;17.4;8.0
03;2021-04-01;1372;1095;58891;27480;17.8;8.3
03;2021-04-02;1706;614;60597;28094;18.3;8.5
03;2021-04-03;366;97;60963;28191;18.4;8.5
03;2021-04-04;3;0;60966;28191;18.4;8.5
03;2021-04-05;18;14;60984;28205;18.4;8.5
03;2021-04-06;1073;413;62057;28618;18.7;8.6
03;2021-04-07;1562;522;63619;29140;19.2;8.8
03;2021-04-08;2121;482;65740;29622;19.8;8.9
03;2021-04-09;2057;1161;67797;30783;20.5;9.3
03;2021-04-10;1013;73;68810;30856;20.8;9.3
03;2021-04-11;478;9;69288;30865;20.9;9.3
03;2021-04-12;985;226;70273;31091;21.2;9.4
03;2021-04-13;1873;986;72146;32077;21.8;9.7
03;2021-04-14;2337;1221;74483;33298;22.5;10.1
03;2021-04-15;2621;1401;77104;34699;23.3;10.5
03;2021-04-16;2835;1177;79939;35876;24.1;10.8
03;2021-04-17;1082;443;81021;36319;24.5;11.0
03;2021-04-18;0;0;81021;36319;24.5;11.0
03;2021-04-19;1191;587;82212;36906;24.8;11.1
03;2021-04-20;1748;1276;83960;38182;25.3;11.5
03;2021-04-21;1122;1295;85082;39477;25.7;11.9
03;2021-04-22;1675;996;86757;40473;26.2;12.2
03;2021-04-23;2479;1269;89236;41742;26.9;12.6
03;2021-04-24;1301;922;90537;42664;27.3;12.9
03;2021-04-25;350;16;90887;42680;27.4;12.9
03;2021-04-26;1331;464;92218;43144;27.8;13.0
03;2021-04-27;1767;1525;93985;44669;28.4;13.5
03;2021-04-28;1930;1122;95915;45791;28.9;13.8
03;2021-04-29;2371;1244;98286;47035;29.7;14.2
03;2021-04-30;1931;807;100217;47842;30.2;14.4
03;2021-05-01;437;491;100654;48333;30.4;14.6
03;2021-05-02;2;1;100656;48334;30.4;14.6
03;2021-05-03;1912;773;102568;49107;31.0;14.8
03;2021-05-04;2845;1632;105413;50739;31.8;15.3
03;2021-05-05;2603;1323;108016;52062;32.6;15.7
03;2021-05-06;3097;2011;111113;54073;33.5;16.3
03;2021-05-07;4729;1793;115842;55866;35.0;16.9
03;2021-05-08;661;380;116503;56246;35.2;17.0
03;2021-05-09;49;511;116552;56757;35.2;17.1
03;2021-05-10;1892;1481;118444;58238;35.7;17.6
03;2021-05-11;3900;1839;122344;60077;36.9;18.1
03;2021-05-12;2971;1522;125315;61599;37.8;18.6
03;2021-05-13;4381;408;129696;62007;39.1;18.7
03;2021-05-14;3655;1696;133351;63703;40.2;19.2
03;2021-05-15;1942;491;135293;64194;40.8;19.4
03;2021-05-16;517;57;135810;64251;41.0;19.4
03;2021-05-17;1277;863;137087;65114;41.4;19.7
03;2021-05-18;3070;1503;140157;66617;42.3;20.1
03;2021-05-19;2623;967;142780;67584;43.1;20.4
03;2021-05-20;3336;1144;146116;68728;44.1;20.7
03;2021-05-21;4195;1284;150311;70012;45.4;21.1
03;2021-05-22;2012;359;152323;70371;46.0;21.2
03;2021-05-23;641;73;152964;70444;46.2;21.3
03;2021-05-24;2655;215;155619;70659;47.0;21.3
03;2021-05-25;3070;1692;158689;72351;47.9;21.8
03;2021-05-26;2338;1045;161027;73396;48.6;22.2
03;2021-05-27;2947;1127;163974;74523;49.5;22.5
03;2021-05-28;3846;2286;167820;76809;50.7;23.2
03;2021-05-29;1748;603;169568;77412;51.2;23.4
03;2021-05-30;242;23;169810;77435;51.3;23.4
03;2021-05-31;697;574;170507;78009;51.5;23.5
03;2021-06-01;2303;2346;172810;80355;52.2;24.3
03;2021-06-02;1535;1749;174345;82104;52.6;24.8
03;2021-06-03;2060;2753;176405;84857;53.2;25.6
03;2021-06-04;1699;2506;178104;87363;53.8;26.4
03;2021-06-05;1076;1143;179180;88506;54.1;26.7
03;2021-06-06;59;7;179239;88513;54.1;26.7
03;2021-06-07;785;1815;180024;90328;54.3;27.3
03;2021-06-08;1457;2556;181481;92884;54.8;28.0
03;2021-06-09;1268;1875;182749;94759;55.2;28.6
03;2021-06-10;1381;2124;184130;96883;55.6;29.2
03;2021-06-11;1504;3450;185634;100333;56.0;30.3
03;2021-06-12;831;823;186465;101156;56.3;30.5
03;2021-06-13;20;10;186485;101166;56.3;30.5
03;2021-06-14;381;2175;186866;103341;56.4;31.2
03;2021-06-15;1316;3835;188182;107176;56.8;32.3
03;2021-06-16;788;2888;188970;110064;57.0;33.2
03;2021-06-17;1083;3334;190053;113398;57.4;34.2
03;2021-06-18;1109;3979;191162;117377;57.7;35.4
03;2021-06-19;641;1618;191803;118995;57.9;35.9
03;2021-06-20;20;8;191823;119003;57.9;35.9
03;2021-06-21;462;2636;192285;121639;58.0;36.7
03;2021-06-22;1026;4004;193311;125643;58.3;37.9
03;2021-06-23;716;3285;194027;128928;58.6;38.9
03;2021-06-24;984;3864;195011;132792;58.9;40.1
03;2021-06-25;1019;3893;196030;136685;59.2;41.3
03;2021-06-26;513;2040;196543;138725;59.3;41.9
03;2021-06-27;65;486;196608;139211;59.3;42.0
03;2021-06-28;640;2100;197248;141311;59.5;42.7
03;2021-06-29;1029;3332;198277;144643;59.8;43.7
03;2021-06-30;831;3119;199108;147762;60.1;44.6
03;2021-07-01;986;2937;200094;150699;60.4;45.5
03;2021-07-02;920;4095;201014;154794;60.7;46.7
03;2021-07-03;487;1884;201501;156678;60.8;47.3
03;2021-07-04;19;332;201520;157010;60.8;47.4
03;2021-07-05;817;2379;202337;159389;61.1;48.1
03;2021-07-06;1171;3462;203508;162851;61.4;49.2
03;2021-07-07;805;2619;204313;165470;61.7;49.9
03;2021-07-08;1060;3042;205373;168512;62.0;50.9
03;2021-07-09;1472;3626;206845;172138;62.4;52.0
03;2021-07-10;509;1926;207354;174064;62.6;52.5
03;2021-07-11;61;492;207415;174556;62.6;52.7
03;2021-07-12;939;1149;208354;175705;62.9;53.0
03;2021-07-13;2613;3151;210967;178856;63.7;54.0
03;2021-07-14;195;25;211162;178881;63.7;54.0
03;2021-07-15;2613;2455;213775;181336;64.5;54.7
03;2021-07-16;2736;2276;216511;183612;65.3;55.4
03;2021-07-17;1030;1626;217541;185238;65.7;55.9
03;2021-07-18;31;6;217572;185244;65.7;55.9
03;2021-07-19;2392;1277;219964;186521;66.4;56.3
03;2021-07-20;3076;3032;223040;189553;67.3;57.2
03;2021-07-21;3213;1437;226253;190990;68.3;57.6
03;2021-07-22;2852;1886;229105;192876;69.2;58.2
03;2021-07-23;3205;1305;232310;194181;70.1;58.6
03;2021-07-24;588;581;232898;194762;70.3;58.8
03;2021-07-25;18;5;232916;194767;70.3;58.8
03;2021-07-26;2043;1580;234959;196347;70.9;59.3
03;2021-07-27;3323;2232;238282;198579;71.9;59.9
03;2021-07-28;2714;1116;240996;199695;72.7;60.3
03;2021-07-29;2547;1662;243543;201357;73.5;60.8
03;2021-07-30;2134;1451;245677;202808;74.2;61.2
03;2021-07-31;963;892;246640;203700;74.4;61.5
03;2021-08-01;13;20;246653;203720;74.4;61.5
03;2021-08-02;1678;1605;248331;205325;75.0;62.0
03;2021-08-03;2221;2778;250552;208103;75.6;62.8
03;2021-08-04;2195;890;252747;208993;76.3;63.1
03;2021-08-05;1264;1939;254011;210932;76.7;63.7
03;2021-08-06;1281;1024;255292;211956;77.1;64.0
03;2021-08-07;607;495;255899;212451;77.2;64.1
03;2021-08-08;66;29;255965;212480;77.3;64.1
03;2021-08-09;597;1306;256562;213786;77.4;64.5
03;2021-08-10;1662;3470;258224;217256;77.9;65.6
03;2021-08-11;1333;2530;259557;219786;78.3;66.3
03;2021-08-12;1133;3513;260690;223299;78.7;67.4
03;2021-08-13;691;1053;261381;224352;78.9;67.7
03;2021-08-14;379;567;261760;224919;79.0;67.9
03;2021-08-15;9;61;261769;224980;79.0;67.9
03;2021-08-16;713;2693;262482;227673;79.2;68.7
03;2021-08-17;1078;3222;263560;230895;79.5;69.7
03;2021-08-18;1157;2155;264717;233050;79.9;70.3
03;2021-08-19;1003;3049;265720;236099;80.2;71.3
03;2021-08-20;718;1138;266438;237237;80.4;71.6
03;2021-08-21;419;722;266857;237959;80.5;71.8
03;2021-08-22;8;6;266865;237965;80.5;71.8
03;2021-08-23;774;2285;267639;240250;80.8;72.5
03;2021-08-24;891;2408;268530;242658;81.0;73.2
03;2021-08-25;927;2025;269457;244683;81.3;73.9
03;2021-08-26;570;1436;270027;246119;81.5;74.3
03;2021-08-27;456;1580;270483;247699;81.6;74.8
03;2021-08-28;218;674;270701;248373;81.7;75.0
03;2021-08-29;4;0;270705;248373;81.7;75.0
03;2021-08-30;765;1469;271470;249842;81.9;75.4
03;2021-08-31;683;2048;272153;251890;82.1;76.0
03;2021-09-01;596;1457;272749;253347;82.3;76.5
03;2021-09-02;473;1157;273222;254504;82.5;76.8
04;2020-12-27;0;0;0;0;0.0;0.0
04;2020-12-28;1;0;1;0;0.0;0.0
04;2020-12-29;0;0;1;0;0.0;0.0
04;2020-12-30;0;0;1;0;0.0;0.0
04;2020-12-31;0;0;1;0;0.0;0.0
04;2021-01-01;0;0;1;0;0.0;0.0
04;2021-01-02;0;0;1;0;0.0;0.0
04;2021-01-03;0;0;1;0;0.0;0.0
04;2021-01-04;0;0;1;0;0.0;0.0
04;2021-01-05;4;0;5;0;0.0;0.0
04;2021-01-06;0;0;5;0;0.0;0.0
04;2021-01-07;61;0;66;0;0.0;0.0
04;2021-01-08;88;0;154;0;0.1;0.0
04;2021-01-09;57;0;211;0;0.1;0.0
04;2021-01-10;0;0;211;0;0.1;0.0
04;2021-01-11;77;0;288;0;0.2;0.0
04;2021-01-12;420;0;708;0;0.4;0.0
04;2021-01-13;245;2;953;2;0.6;0.0
04;2021-01-14;90;2;1043;4;0.6;0.0
04;2021-01-15;164;4;1207;8;0.7;0.0
04;2021-01-16;105;2;1312;10;0.8;0.0
04;2021-01-17;14;0;1326;10;0.8;0.0
04;2021-01-18;236;9;1562;19;0.9;0.0
04;2021-01-19;468;4;2030;23;1.2;0.0
04;2021-01-20;573;9;2603;32;1.6;0.0
04;2021-01-21;614;5;3217;37;1.9;0.0
04;2021-01-22;638;1;3855;38;2.3;0.0
04;2021-01-23;111;0;3966;38;2.4;0.0
04;2021-01-24;0;0;3966;38;2.4;0.0
04;2021-01-25;240;0;4206;38;2.5;0.0
04;2021-01-26;656;1;4862;39;2.9;0.0
04;2021-01-27;480;0;5342;39;3.2;0.0
04;2021-01-28;665;22;6007;61;3.6;0.0
04;2021-01-29;367;42;6374;103;3.9;0.1
04;2021-01-30;65;41;6439;144;3.9;0.1
04;2021-01-31;1;5;6440;149;3.9;0.1
04;2021-02-01;269;147;6709;296;4.1;0.2
04;2021-02-02;560;224;7269;520;4.4;0.3
04;2021-02-03;367;159;7636;679;4.6;0.4
04;2021-02-04;356;53;7992;732;4.8;0.4
04;2021-02-05;379;218;8371;950;5.1;0.6
04;2021-02-06;50;91;8421;1041;5.1;0.6
04;2021-02-07;2;22;8423;1063;5.1;0.6
04;2021-02-08;163;70;8586;1133;5.2;0.7
04;2021-02-09;194;137;8780;1270;5.3;0.8
04;2021-02-10;252;165;9032;1435;5.5;0.9
04;2021-02-11;364;285;9396;1720;5.7;1.0
04;2021-02-12;293;314;9689;2034;5.9;1.2
04;2021-02-13;26;94;9715;2128;5.9;1.3
04;2021-02-14;0;0;9715;2128;5.9;1.3
04;2021-02-15;31;160;9746;2288;5.9;1.4
04;2021-02-16;81;498;9827;2786;5.9;1.7
04;2021-02-17;67;418;9894;3204;6.0;1.9
04;2021-02-18;45;598;9939;3802;6.0;2.3
04;2021-02-19;52;365;9991;4167;6.0;2.5
04;2021-02-20;5;70;9996;4237;6.1;2.6
04;2021-02-21;0;0;9996;4237;6.1;2.6
04;2021-02-22;7;288;10003;4525;6.1;2.7
04;2021-02-23;19;585;10022;5110;6.1;3.1
04;2021-02-24;38;422;10060;5532;6.1;3.3
04;2021-02-25;72;370;10132;5902;6.1;3.6
04;2021-02-26;217;327;10349;6229;6.3;3.8
04;2021-02-27;179;75;10528;6304;6.4;3.8
04;2021-02-28;1;0;10529;6304;6.4;3.8
04;2021-03-01;18;72;10547;6376;6.4;3.9
04;2021-03-02;135;41;10682;6417;6.5;3.9
04;2021-03-03;375;640;11057;7057;6.7;4.3
04;2021-03-04;208;486;11265;7543;6.8;4.6
04;2021-03-05;236;357;11501;7900;7.0;4.8
04;2021-03-06;912;78;12413;7978;7.5;4.8
04;2021-03-07;498;25;12911;8003;7.8;4.8
04;2021-03-08;45;83;12956;8086;7.8;4.9
04;2021-03-09;215;256;13171;8342;8.0;5.0
04;2021-03-10;400;372;13571;8714;8.2;5.3
04;2021-03-11;495;340;14066;9054;8.5;5.5
04;2021-03-12;699;207;14765;9261;8.9;5.6
04;2021-03-13;1088;63;15853;9324;9.6;5.6
04;2021-03-14;460;3;16313;9327;9.9;5.6
04;2021-03-15;93;14;16406;9341;9.9;5.7
04;2021-03-16;74;9;16480;9350;10.0;5.7
04;2021-03-17;534;82;17014;9432;10.3;5.7
04;2021-03-18;815;25;17829;9457;10.8;5.7
04;2021-03-19;724;33;18553;9490;11.2;5.7
04;2021-03-20;159;3;18712;9493;11.3;5.7
04;2021-03-21;0;0;18712;9493;11.3;5.7
04;2021-03-22;105;13;18817;9506;11.4;5.8
04;2021-03-23;244;7;19061;9513;11.5;5.8
04;2021-03-24;1023;52;20084;9565;12.2;5.8
04;2021-03-25;1325;46;21409;9611;13.0;5.8
04;2021-03-26;1449;66;22858;9677;13.8;5.9
04;2021-03-27;266;20;23124;9697;14.0;5.9
04;2021-03-28;2;0;23126;9697;14.0;5.9
04;2021-03-29;681;13;23807;9710;14.4;5.9
04;2021-03-30;1085;148;24892;9858;15.1;6.0
04;2021-03-31;1327;107;26219;9965;15.9;6.0
04;2021-04-01;1133;132;27352;10097;16.6;6.1
04;2021-04-02;1185;111;28537;10208;17.3;6.2
04;2021-04-03;250;20;28787;10228;17.4;6.2
04;2021-04-04;1;0;28788;10228;17.4;6.2
04;2021-04-05;36;1;28824;10229;17.4;6.2
04;2021-04-06;928;148;29752;10377;18.0;6.3
04;2021-04-07;881;435;30633;10812;18.5;6.5
04;2021-04-08;926;698;31559;11510;19.1;7.0
04;2021-04-09;678;420;32237;11930;19.5;7.2
04;2021-04-10;231;192;32468;12122;19.7;7.3
04;2021-04-11;153;65;32621;12187;19.7;7.4
04;2021-04-12;593;101;33214;12288;20.1;7.4
04;2021-04-13;1190;240;34404;12528;20.8;7.6
04;2021-04-14;995;499;35399;13027;21.4;7.9
04;2021-04-15;921;673;36320;13700;22.0;8.3
04;2021-04-16;819;456;37139;14156;22.5;8.6
04;2021-04-17;211;69;37350;14225;22.6;8.6
04;2021-04-18;0;13;37350;14238;22.6;8.6
04;2021-04-19;338;288;37688;14526;22.8;8.8
04;2021-04-20;1005;445;38693;14971;23.4;9.1
04;2021-04-21;656;745;39349;15716;23.8;9.5
04;2021-04-22;759;853;40108;16569;24.3;10.0
04;2021-04-23;695;537;40803;17106;24.7;10.4
04;2021-04-24;165;65;40968;17171;24.8;10.4
04;2021-04-25;0;0;40968;17171;24.8;10.4
04;2021-04-26;172;611;41140;17782;24.9;10.8
04;2021-04-27;395;967;41535;18749;25.1;11.3
04;2021-04-28;432;1088;41967;19837;25.4;12.0
04;2021-04-29;687;1127;42654;20964;25.8;12.7
04;2021-04-30;436;849;43090;21813;26.1;13.2
04;2021-05-01;104;22;43194;21835;26.1;13.2
04;2021-05-02;8;131;43202;21966;26.2;13.3
04;2021-05-03;151;552;43353;22518;26.2;13.6
04;2021-05-04;564;838;43917;23356;26.6;14.1
04;2021-05-05;514;927;44431;24283;26.9;14.7
04;2021-05-06;1162;592;45593;24875;27.6;15.1
04;2021-05-07;657;758;46250;25633;28.0;15.5
04;2021-05-08;48;98;46298;25731;28.0;15.6
04;2021-05-09;0;0;46298;25731;28.0;15.6
04;2021-05-10;466;295;46764;26026;28.3;15.8
04;2021-05-11;1200;908;47964;26934;29.0;16.3
04;2021-05-12;1389;740;49353;27674;29.9;16.8
04;2021-05-13;378;131;49731;27805;30.1;16.8
04;2021-05-14;440;295;50171;28100;30.4;17.0
04;2021-05-15;99;163;50270;28263;30.4;17.1
04;2021-05-16;4;6;50274;28269;30.4;17.1
04;2021-05-17;154;298;50428;28567;30.5;17.3
04;2021-05-18;392;976;50820;29543;30.8;17.9
04;2021-05-19;774;690;51594;30233;31.2;18.3
04;2021-05-20;1258;551;52852;30784;32.0;18.6
04;2021-05-21;853;789;53705;31573;32.5;19.1
04;2021-05-22;105;146;53810;31719;32.6;19.2
04;2021-05-23;1;1;53811;31720;32.6;19.2
04;2021-05-24;2;36;53813;31756;32.6;19.2
04;2021-05-25;868;595;54681;32351;33.1;19.6
04;2021-05-26;1048;789;55729;33140;33.7;20.1
04;2021-05-27;1357;633;57086;33773;34.6;20.4
04;2021-05-28;1119;658;58205;34431;35.2;20.8
04;2021-05-29;90;398;58295;34829;35.3;21.1
04;2021-05-30;3;1;58298;34830;35.3;21.1
04;2021-05-31;421;417;58719;35247;35.5;21.3
04;2021-06-01;643;639;59362;35886;35.9;21.7
04;2021-06-02;871;1064;60233;36950;36.5;22.4
04;2021-06-03;1196;853;61429;37803;37.2;22.9
04;2021-06-04;977;780;62406;38583;37.8;23.4
04;2021-06-05;142;201;62548;38784;37.9;23.5
04;2021-06-06;7;13;62555;38797;37.9;23.5
04;2021-06-07;563;316;63118;39113;38.2;23.7
04;2021-06-08;843;595;63961;39708;38.7;24.0
04;2021-06-09;1149;689;65110;40397;39.4;24.5
04;2021-06-10;1147;586;66257;40983;40.1;24.8
04;2021-06-11;945;612;67202;41595;40.7;25.2
04;2021-06-12;212;148;67414;41743;40.8;25.3
04;2021-06-13;1;1;67415;41744;40.8;25.3
04;2021-06-14;478;303;67893;42047;41.1;25.5
04;2021-06-15;645;1003;68538;43050;41.5;26.1
04;2021-06-16;1021;787;69559;43837;42.1;26.5
04;2021-06-17;1001;961;70560;44798;42.7;27.1
04;2021-06-18;765;886;71325;45684;43.2;27.7
04;2021-06-19;40;85;71365;45769;43.2;27.7
04;2021-06-20;7;9;71372;45778;43.2;27.7
04;2021-06-21;306;615;71678;46393;43.4;28.1
04;2021-06-22;361;1308;72039;47701;43.6;28.9
04;2021-06-23;476;1313;72515;49014;43.9;29.7
04;2021-06-24;852;820;73367;49834;44.4;30.2
04;2021-06-25;462;638;73829;50472;44.7;30.6
04;2021-06-26;56;129;73885;50601;44.7;30.6
04;2021-06-27;4;4;73889;50605;44.7;30.6
04;2021-06-28;158;341;74047;50946;44.8;30.8
04;2021-06-29;371;838;74418;51784;45.0;31.3
04;2021-06-30;541;1121;74959;52905;45.4;32.0
04;2021-07-01;579;1219;75538;54124;45.7;32.8
04;2021-07-02;557;1089;76095;55213;46.1;33.4
04;2021-07-03;65;162;76160;55375;46.1;33.5
04;2021-07-04;6;6;76166;55381;46.1;33.5
04;2021-07-05;106;297;76272;55678;46.2;33.7
04;2021-07-06;505;1382;76777;57060;46.5;34.5
04;2021-07-07;495;1342;77272;58402;46.8;35.4
04;2021-07-08;725;1363;77997;59765;47.2;36.2
04;2021-07-09;581;1062;78578;60827;47.6;36.8
04;2021-07-10;92;177;78670;61004;47.6;36.9
04;2021-07-11;0;21;78670;61025;47.6;36.9
04;2021-07-12;128;651;78798;61676;47.7;37.3
04;2021-07-13;880;1542;79678;63218;48.2;38.3
04;2021-07-14;26;43;79704;63261;48.2;38.3
04;2021-07-15;1220;1735;80924;64996;49.0;39.3
04;2021-07-16;1082;1118;82006;66114;49.6;40.0
04;2021-07-17;446;234;82452;66348;49.9;40.2
04;2021-07-18;114;18;82566;66366;50.0;40.2
04;2021-07-19;484;655;83050;67021;50.3;40.6
04;2021-07-20;1314;1467;84364;68488;51.1;41.5
04;2021-07-21;1127;1164;85491;69652;51.8;42.2
04;2021-07-22;1500;1372;86991;71024;52.7;43.0
04;2021-07-23;1151;1143;88142;72167;53.4;43.7
04;2021-07-24;685;213;88827;72380;53.8;43.8
04;2021-07-25;42;20;88869;72400;53.8;43.8
04;2021-07-26;445;639;89314;73039;54.1;44.2
04;2021-07-27;1370;1046;90684;74085;54.9;44.8
04;2021-07-28;1074;1038;91758;75123;55.5;45.5
04;2021-07-29;1559;1300;93317;76423;56.5;46.3
04;2021-07-30;1246;928;94563;77351;57.2;46.8
04;2021-07-31;252;176;94815;77527;57.4;46.9
04;2021-08-01;48;19;94863;77546;57.4;46.9
04;2021-08-02;139;111;95002;77657;57.5;47.0
04;2021-08-03;1344;1115;96346;78772;58.3;47.7
04;2021-08-04;1177;862;97523;79634;59.0;48.2
04;2021-08-05;1191;738;98714;80372;59.8;48.7
04;2021-08-06;517;396;99231;80768;60.1;48.9
04;2021-08-07;160;162;99391;80930;60.2;49.0
04;2021-08-08;25;12;99416;80942;60.2;49.0
04;2021-08-09;104;120;99520;81062;60.2;49.1
04;2021-08-10;655;980;100175;82042;60.6;49.7
04;2021-08-11;1147;1027;101322;83069;61.3;50.3
04;2021-08-12;1124;1299;102446;84368;62.0;51.1
04;2021-08-13;440;384;102886;84752;62.3;51.3
04;2021-08-14;99;72;102985;84824;62.3;51.3
04;2021-08-15;0;0;102985;84824;62.3;51.3
04;2021-08-16;103;136;103088;84960;62.4;51.4
04;2021-08-17;494;1015;103582;85975;62.7;52.0
04;2021-08-18;717;1320;104299;87295;63.1;52.8
04;2021-08-19;738;1407;105037;88702;63.6;53.7
04;2021-08-20;746;1365;105783;90067;64.0;54.5
04;2021-08-21;65;111;105848;90178;64.1;54.6
04;2021-08-22;15;45;105863;90223;64.1;54.6
04;2021-08-23;54;109;105917;90332;64.1;54.7
04;2021-08-24;680;1492;106597;91824;64.5;55.6
04;2021-08-25;656;1183;107253;93007;64.9;56.3
04;2021-08-26;487;1210;107740;94217;65.2;57.0
04;2021-08-27;448;929;108188;95146;65.5;57.6
04;2021-08-28;123;243;108311;95389;65.6;57.7
04;2021-08-29;27;23;108338;95412;65.6;57.8
04;2021-08-30;120;242;108458;95654;65.7;57.9
04;2021-08-31;511;1005;108969;96659;66.0;58.5
04;2021-09-01;507;1251;109476;97910;66.3;59.3
04;2021-09-02;326;920;109802;98830;66.5;59.8
05;2020-12-27;0;0;0;0;0.0;0.0
05;2020-12-28;1;0;1;0;0.0;0.0
05;2020-12-29;1;0;2;0;0.0;0.0
05;2020-12-30;2;0;4;0;0.0;0.0
05;2020-12-31;0;0;4;0;0.0;0.0
05;2021-01-01;2;0;6;0;0.0;0.0
05;2021-01-02;2;0;8;0;0.0;0.0
05;2021-01-03;1;0;9;0;0.0;0.0
05;2021-01-04;2;0;11;0;0.0;0.0
05;2021-01-05;0;0;11;0;0.0;0.0
05;2021-01-06;21;0;32;0;0.0;0.0
05;2021-01-07;128;0;160;0;0.1;0.0
05;2021-01-08;146;0;306;0;0.2;0.0
05;2021-01-09;11;0;317;0;0.2;0.0
05;2021-01-10;0;0;317;0;0.2;0.0
05;2021-01-11;44;0;361;0;0.3;0.0
05;2021-01-12;105;0;466;0;0.3;0.0
05;2021-01-13;140;0;606;0;0.4;0.0
05;2021-01-14;167;0;773;0;0.5;0.0
05;2021-01-15;128;1;901;1;0.6;0.0
05;2021-01-16;14;0;915;1;0.6;0.0
05;2021-01-17;0;0;915;1;0.6;0.0
05;2021-01-18;226;1;1141;2;0.8;0.0
05;2021-01-19;228;0;1369;2;1.0;0.0
05;2021-01-20;213;0;1582;2;1.1;0.0
05;2021-01-21;255;0;1837;2;1.3;0.0
05;2021-01-22;195;1;2032;3;1.4;0.0
05;2021-01-23;112;0;2144;3;1.5;0.0
05;2021-01-24;0;0;2144;3;1.5;0.0
05;2021-01-25;317;0;2461;3;1.7;0.0
05;2021-01-26;486;0;2947;3;2.1;0.0
05;2021-01-27;389;4;3336;7;2.4;0.0
05;2021-01-28;363;55;3699;62;2.6;0.0
05;2021-01-29;364;112;4063;174;2.9;0.1
05;2021-01-30;97;9;4160;183;2.9;0.1
05;2021-01-31;4;0;4164;183;2.9;0.1
05;2021-02-01;177;20;4341;203;3.1;0.1
05;2021-02-02;187;121;4528;324;3.2;0.2
05;2021-02-03;207;63;4735;387;3.3;0.3
05;2021-02-04;197;125;4932;512;3.5;0.4
05;2021-02-05;183;111;5115;623;3.6;0.4
05;2021-02-06;76;24;5191;647;3.7;0.5
05;2021-02-07;0;5;5191;652;3.7;0.5
05;2021-02-08;84;116;5275;768;3.7;0.5
05;2021-02-09;97;110;5372;878;3.8;0.6
05;2021-02-10;81;172;5453;1050;3.8;0.7
05;2021-02-11;87;129;5540;1179;3.9;0.8
05;2021-02-12;84;139;5624;1318;4.0;0.9
05;2021-02-13;75;32;5699;1350;4.0;1.0
05;2021-02-14;0;0;5699;1350;4.0;1.0
05;2021-02-15;97;182;5796;1532;4.1;1.1
05;2021-02-16;110;266;5906;1798;4.2;1.3
05;2021-02-17;136;222;6042;2020;4.3;1.4
05;2021-02-18;154;284;6196;2304;4.4;1.6
05;2021-02-19;158;313;6354;2617;4.5;1.8
05;2021-02-20;31;84;6385;2701;4.5;1.9
05;2021-02-21;0;0;6385;2701;4.5;1.9
05;2021-02-22;70;240;6455;2941;4.6;2.1
05;2021-02-23;18;228;6473;3169;4.6;2.2
05;2021-02-24;20;182;6493;3351;4.6;2.4
05;2021-02-25;56;160;6549;3511;4.6;2.5
05;2021-02-26;145;201;6694;3712;4.7;2.6
05;2021-02-27;65;165;6759;3877;4.8;2.7
05;2021-02-28;11;0;6770;3877;4.8;2.7
05;2021-03-01;92;162;6862;4039;4.8;2.8
05;2021-03-02;92;191;6954;4230;4.9;3.0
05;2021-03-03;112;225;7066;4455;5.0;3.1
05;2021-03-04;242;162;7308;4617;5.2;3.3
05;2021-03-05;578;188;7886;4805;5.6;3.4
05;2021-03-06;668;58;8554;4863;6.0;3.4
05;2021-03-07;516;19;9070;4882;6.4;3.4
05;2021-03-08;556;135;9626;5017;6.8;3.5
05;2021-03-09;520;163;10146;5180;7.2;3.7
05;2021-03-10;498;143;10644;5323;7.5;3.8
05;2021-03-11;376;138;11020;5461;7.8;3.9
05;2021-03-12;435;90;11455;5551;8.1;3.9
05;2021-03-13;796;95;12251;5646;8.6;4.0
05;2021-03-14;670;11;12921;5657;9.1;4.0
05;2021-03-15;354;124;13275;5781;9.4;4.1
05;2021-03-16;148;141;13423;5922;9.5;4.2
05;2021-03-17;262;121;13685;6043;9.7;4.3
05;2021-03-18;364;35;14049;6078;9.9;4.3
05;2021-03-19;450;59;14499;6137;10.2;4.3
05;2021-03-20;167;32;14666;6169;10.3;4.4
05;2021-03-21;1;0;14667;6169;10.3;4.4
05;2021-03-22;717;36;15384;6205;10.9;4.4
05;2021-03-23;805;15;16189;6220;11.4;4.4
05;2021-03-24;790;77;16979;6297;12.0;4.4
05;2021-03-25;901;59;17880;6356;12.6;4.5
05;2021-03-26;1023;49;18903;6405;13.3;4.5
05;2021-03-27;467;34;19370;6439;13.7;4.5
05;2021-03-28;10;0;19380;6439;13.7;4.5
05;2021-03-29;905;63;20285;6502;14.3;4.6
05;2021-03-30;1142;79;21427;6581;15.1;4.6
05;2021-03-31;823;253;22250;6834;15.7;4.8
05;2021-04-01;900;243;23150;7077;16.3;5.0
05;2021-04-02;665;378;23815;7455;16.8;5.3
05;2021-04-03;550;184;24365;7639;17.2;5.4
05;2021-04-04;350;63;24715;7702;17.4;5.4
05;2021-04-05;158;12;24873;7714;17.5;5.4
05;2021-04-06;646;276;25519;7990;18.0;5.6
05;2021-04-07;773;323;26292;8313;18.5;5.9
05;2021-04-08;734;336;27026;8649;19.1;6.1
05;2021-04-09;882;411;27908;9060;19.7;6.4
05;2021-04-10;713;387;28621;9447;20.2;6.7
05;2021-04-11;191;174;28812;9621;20.3;6.8
05;2021-04-12;732;262;29544;9883;20.8;7.0
05;2021-04-13;921;248;30465;10131;21.5;7.1
05;2021-04-14;668;327;31133;10458;22.0;7.4
05;2021-04-15;768;398;31901;10856;22.5;7.7
05;2021-04-16;731;411;32632;11267;23.0;7.9
05;2021-04-17;671;240;33303;11507;23.5;8.1
05;2021-04-18;305;23;33608;11530;23.7;8.1
05;2021-04-19;363;537;33971;12067;24.0;8.5
05;2021-04-20;482;630;34453;12697;24.3;9.0
05;2021-04-21;494;629;34947;13326;24.7;9.4
05;2021-04-22;385;548;35332;13874;24.9;9.8
05;2021-04-23;523;657;35855;14531;25.3;10.3
05;2021-04-24;347;384;36202;14915;25.5;10.5
05;2021-04-25;288;23;36490;14938;25.7;10.5
05;2021-04-26;367;704;36857;15642;26.0;11.0
05;2021-04-27;657;749;37514;16391;26.5;11.6
05;2021-04-28;468;720;37982;17111;26.8;12.1
05;2021-04-29;703;748;38685;17859;27.3;12.6
05;2021-04-30;509;755;39194;18614;27.6;13.1
05;2021-05-01;138;110;39332;18724;27.7;13.2
05;2021-05-02;267;115;39599;18839;27.9;13.3
05;2021-05-03;457;494;40056;19333;28.3;13.6
05;2021-05-04;384;503;40440;19836;28.5;14.0
05;2021-05-05;462;671;40902;20507;28.9;14.5
05;2021-05-06;647;724;41549;21231;29.3;15.0
05;2021-05-07;596;801;42145;22032;29.7;15.5
05;2021-05-08;481;177;42626;22209;30.1;15.7
05;2021-05-09;208;57;42834;22266;30.2;15.7
05;2021-05-10;500;697;43334;22963;30.6;16.2
05;2021-05-11;669;915;44003;23878;31.0;16.8
05;2021-05-12;647;733;44650;24611;31.5;17.4
05;2021-05-13;960;116;45610;24727;32.2;17.4
05;2021-05-14;826;495;46436;25222;32.8;17.8
05;2021-05-15;1043;354;47479;25576;33.5;18.0
05;2021-05-16;235;52;47714;25628;33.7;18.1
05;2021-05-17;484;430;48198;26058;34.0;18.4
05;2021-05-18;519;419;48717;26477;34.4;18.7
05;2021-05-19;728;460;49445;26937;34.9;19.0
05;2021-05-20;747;434;50192;27371;35.4;19.3
05;2021-05-21;705;511;50897;27882;35.9;19.7
05;2021-05-22;606;239;51503;28121;36.3;19.8
05;2021-05-23;277;59;51780;28180;36.5;19.9
05;2021-05-24;509;157;52289;28337;36.9;20.0
05;2021-05-25;515;483;52804;28820;37.2;20.3
05;2021-05-26;696;363;53500;29183;37.7;20.6
05;2021-05-27;799;571;54299;29754;38.3;21.0
05;2021-05-28;666;649;54965;30403;38.8;21.4
05;2021-05-29;566;544;55531;30947;39.2;21.8
05;2021-05-30;212;82;55743;31029;39.3;21.9
05;2021-05-31;575;496;56318;31525;39.7;22.2
05;2021-06-01;589;585;56907;32110;40.1;22.7
05;2021-06-02;685;703;57592;32813;40.6;23.1
05;2021-06-03;716;652;58308;33465;41.1;23.6
05;2021-06-04;1018;819;59326;34284;41.9;24.2
05;2021-06-05;807;508;60133;34792;42.4;24.5
05;2021-06-06;200;89;60333;34881;42.6;24.6
05;2021-06-07;605;833;60938;35714;43.0;25.2
05;2021-06-08;702;659;61640;36373;43.5;25.7
05;2021-06-09;648;782;62288;37155;43.9;26.2
05;2021-06-10;544;718;62832;37873;44.3;26.7
05;2021-06-11;766;723;63598;38596;44.9;27.2
05;2021-06-12;593;484;64191;39080;45.3;27.6
05;2021-06-13;112;91;64303;39171;45.4;27.6
05;2021-06-14;403;668;64706;39839;45.6;28.1
05;2021-06-15;543;910;65249;40749;46.0;28.7
05;2021-06-16;433;670;65682;41419;46.3;29.2
05;2021-06-17;361;805;66043;42224;46.6;29.8
05;2021-06-18;398;724;66441;42948;46.9;30.3
05;2021-06-19;421;571;66862;43519;47.2;30.7
05;2021-06-20;64;77;66926;43596;47.2;30.8
05;2021-06-21;319;641;67245;44237;47.4;31.2
05;2021-06-22;356;829;67601;45066;47.7;31.8
05;2021-06-23;354;764;67955;45830;47.9;32.3
05;2021-06-24;388;1023;68343;46853;48.2;33.1
05;2021-06-25;229;893;68572;47746;48.4;33.7
05;2021-06-26;292;1074;68864;48820;48.6;34.4
05;2021-06-27;128;170;68992;48990;48.7;34.6
05;2021-06-28;254;793;69246;49783;48.8;35.1
05;2021-06-29;250;785;69496;50568;49.0;35.7
05;2021-06-30;329;790;69825;51358;49.3;36.2
05;2021-07-01;382;789;70207;52147;49.5;36.8
05;2021-07-02;370;871;70577;53018;49.8;37.4
05;2021-07-03;305;741;70882;53759;50.0;37.9
05;2021-07-04;179;177;71061;53936;50.1;38.0
05;2021-07-05;264;781;71325;54717;50.3;38.6
05;2021-07-06;336;859;71661;55576;50.6;39.2
05;2021-07-07;401;782;72062;56358;50.8;39.8
05;2021-07-08;431;848;72493;57206;51.1;40.4
05;2021-07-09;422;994;72915;58200;51.4;41.1
05;2021-07-10;314;729;73229;58929;51.7;41.6
05;2021-07-11;176;119;73405;59048;51.8;41.7
05;2021-07-12;416;1014;73821;60062;52.1;42.4
05;2021-07-13;483;870;74304;60932;52.4;43.0
05;2021-07-14;838;299;75142;61231;53.0;43.2
05;2021-07-15;709;994;75851;62225;53.5;43.9
05;2021-07-16;1027;1458;76878;63683;54.2;44.9
05;2021-07-17;674;1307;77552;64990;54.7;45.8
05;2021-07-18;285;131;77837;65121;54.9;45.9
05;2021-07-19;572;791;78409;65912;55.3;46.5
05;2021-07-20;763;801;79172;66713;55.9;47.1
05;2021-07-21;883;841;80055;67554;56.5;47.7
05;2021-07-22;814;869;80869;68423;57.0;48.3
05;2021-07-23;1447;1238;82316;69661;58.1;49.1
05;2021-07-24;864;835;83180;70496;58.7;49.7
05;2021-07-25;305;160;83485;70656;58.9;49.8
05;2021-07-26;779;561;84264;71217;59.4;50.2
05;2021-07-27;1261;754;85525;71971;60.3;50.8
05;2021-07-28;1523;719;87048;72690;61.4;51.3
05;2021-07-29;1346;722;88394;73412;62.4;51.8
05;2021-07-30;961;593;89355;74005;63.0;52.2
05;2021-07-31;782;524;90137;74529;63.6;52.6
05;2021-08-01;192;178;90329;74707;63.7;52.7
05;2021-08-02;835;548;91164;75255;64.3;53.1
05;2021-08-03;827;609;91991;75864;64.9;53.5
05;2021-08-04;990;756;92981;76620;65.6;54.1
05;2021-08-05;978;721;93959;77341;66.3;54.6
05;2021-08-06;873;792;94832;78133;66.9;55.1
05;2021-08-07;631;642;95463;78775;67.3;55.6
05;2021-08-08;196;270;95659;79045;67.5;55.8
05;2021-08-09;771;848;96430;79893;68.0;56.4
05;2021-08-10;650;697;97080;80590;68.5;56.9
05;2021-08-11;742;856;97822;81446;69.0;57.5
05;2021-08-12;793;783;98615;82229;69.6;58.0
05;2021-08-13;624;893;99239;83122;70.0;58.6
05;2021-08-14;408;782;99647;83904;70.3;59.2
05;2021-08-15;188;223;99835;84127;70.4;59.3
05;2021-08-16;487;1083;100322;85210;70.8;60.1
05;2021-08-17;431;883;100753;86093;71.1;60.7
05;2021-08-18;434;971;101187;87064;71.4;61.4
05;2021-08-19;500;963;101687;88027;71.7;62.1
05;2021-08-20;477;1113;102164;89140;72.1;62.9
05;2021-08-21;356;849;102520;89989;72.3;63.5
05;2021-08-22;117;254;102637;90243;72.4;63.7
05;2021-08-23;321;829;102958;91072;72.6;64.2
05;2021-08-24;401;779;103359;91851;72.9;64.8
05;2021-08-25;407;923;103766;92774;73.2;65.4
05;2021-08-26;304;813;104070;93587;73.4;66.0
05;2021-08-27;333;918;104403;94505;73.6;66.7
05;2021-08-28;244;655;104647;95160;73.8;67.1
05;2021-08-29;66;255;104713;95415;73.9;67.3
05;2021-08-30;268;802;104981;96217;74.1;67.9
05;2021-08-31;251;712;105232;96929;74.2;68.4
05;2021-09-01;261;653;105493;97582;74.4;68.8
05;2021-09-02;245;699;105738;98281;74.6;69.3
06;2020-12-27;12;0;12;0;0.0;0.0
06;2020-12-28;21;0;33;0;0.0;0.0
06;2020-12-29;10;0;43;0;0.0;0.0
06;2020-12-30;8;0;51;0;0.0;0.0
06;2020-12-31;29;0;80;0;0.0;0.0
06;2021-01-01;21;0;101;0;0.0;0.0
06;2021-01-02;7;0;108;0;0.0;0.0
06;2021-01-03;7;0;115;0;0.0;0.0
06;2021-01-04;154;1;269;1;0.0;0.0
06;2021-01-05;189;2;458;3;0.0;0.0
06;2021-01-06;239;1;697;4;0.1;0.0
06;2021-01-07;513;0;1210;4;0.1;0.0
06;2021-01-08;687;2;1897;6;0.2;0.0
06;2021-01-09;392;3;2289;9;0.2;0.0
06;2021-01-10;80;0;2369;9;0.2;0.0
06;2021-01-11;1152;0;3521;9;0.3;0.0
06;2021-01-12;2244;5;5765;14;0.5;0.0
06;2021-01-13;1742;5;7507;19;0.7;0.0
06;2021-01-14;2155;17;9662;36;0.9;0.0
06;2021-01-15;1879;5;11541;41;1.1;0.0
06;2021-01-16;990;4;12531;45;1.2;0.0
06;2021-01-17;242;0;12773;45;1.2;0.0
06;2021-01-18;2491;8;15264;53;1.4;0.0
06;2021-01-19;2773;12;18037;65;1.7;0.0
06;2021-01-20;3365;12;21402;77;2.0;0.0
06;2021-01-21;3039;24;24441;101;2.3;0.0
06;2021-01-22;2974;17;27415;118;2.5;0.0
06;2021-01-23;1304;3;28719;121;2.7;0.0
06;2021-01-24;32;0;28751;121;2.7;0.0
06;2021-01-25;2079;14;30830;135;2.9;0.0
06;2021-01-26;3404;42;34234;177;3.2;0.0
06;2021-01-27;2569;99;36803;276;3.4;0.0
06;2021-01-28;2819;198;39622;474;3.7;0.0
06;2021-01-29;2517;305;42139;779;3.9;0.1
06;2021-01-30;671;43;42810;822;4.0;0.1
06;2021-01-31;4;1;42814;823;4.0;0.1
06;2021-02-01;1030;463;43844;1286;4.1;0.1
06;2021-02-02;1503;404;45347;1690;4.2;0.2
06;2021-02-03;332;131;45679;1821;4.2;0.2
06;2021-02-04;719;874;46398;2695;4.3;0.2
06;2021-02-05;1015;1064;47413;3759;4.4;0.3
06;2021-02-06;166;450;47579;4209;4.4;0.4
06;2021-02-07;12;50;47591;4259;4.4;0.4
06;2021-02-08;538;1060;48129;5319;4.5;0.5
06;2021-02-09;322;727;48451;6046;4.5;0.6
06;2021-02-10;380;632;48831;6678;4.5;0.6
06;2021-02-11;478;1015;49309;7693;4.6;0.7
06;2021-02-12;658;1251;49967;8944;4.6;0.8
06;2021-02-13;205;408;50172;9352;4.6;0.9
06;2021-02-14;16;1;50188;9353;4.6;0.9
06;2021-02-15;470;1189;50658;10542;4.7;1.0
06;2021-02-16;870;1952;51528;12494;4.8;1.2
06;2021-02-17;835;2084;52363;14578;4.9;1.4
06;2021-02-18;1815;2638;54178;17216;5.0;1.6
06;2021-02-19;1768;2105;55946;19321;5.2;1.8
06;2021-02-20;286;513;56232;19834;5.2;1.8
06;2021-02-21;24;55;56256;19889;5.2;1.8
06;2021-02-22;1087;1580;57343;21469;5.3;2.0
06;2021-02-23;1757;1472;59100;22941;5.5;2.1
06;2021-02-24;2118;1209;61218;24150;5.7;2.2
06;2021-02-25;3856;1600;65074;25750;6.0;2.4
06;2021-02-26;3404;1523;68478;27273;6.3;2.5
06;2021-02-27;1439;329;69917;27602;6.5;2.6
06;2021-02-28;97;24;70014;27626;6.5;2.6
06;2021-03-01;2418;786;72432;28412;6.7;2.6
06;2021-03-02;2460;927;74892;29339;6.9;2.7
06;2021-03-03;2859;562;77751;29901;7.2;2.8
06;2021-03-04;4632;611;82383;30512;7.6;2.8
06;2021-03-05;3910;1019;86293;31531;8.0;2.9
06;2021-03-06;11964;359;98257;31890;9.1;3.0
06;2021-03-07;10211;315;108468;32205;10.0;3.0
06;2021-03-08;4172;1175;112640;33380;10.4;3.1
06;2021-03-09;4996;925;117636;34305;10.9;3.2
06;2021-03-10;4723;844;122359;35149;11.3;3.3
06;2021-03-11;6732;899;129091;36048;12.0;3.3
06;2021-03-12;6883;1008;135974;37056;12.6;3.4
06;2021-03-13;11259;355;147233;37411;13.6;3.5
06;2021-03-14;512;47;147745;37458;13.7;3.5
06;2021-03-15;4841;757;152586;38215;14.1;3.5
06;2021-03-16;3775;1054;156361;39269;14.5;3.6
06;2021-03-17;6200;1872;162561;41141;15.1;3.8
06;2021-03-18;5132;1820;167693;42961;15.5;4.0
06;2021-03-19;6826;2019;174519;44980;16.2;4.2
06;2021-03-20;2374;555;176893;45535;16.4;4.2
06;2021-03-21;410;23;177303;45558;16.4;4.2
06;2021-03-22;3987;707;181290;46265;16.8;4.3
06;2021-03-23;5990;1220;187280;47485;17.4;4.4
06;2021-03-24;4225;3309;191505;50794;17.7;4.7
06;2021-03-25;5878;3224;197383;54018;18.3;5.0
06;2021-03-26;6366;1993;203749;56011;18.9;5.2
06;2021-03-27;2040;367;205789;56378;19.1;5.2
06;2021-03-28;212;5;206001;56383;19.1;5.2
06;2021-03-29;3205;2087;209206;58470;19.4;5.4
06;2021-03-30;5196;2531;214402;61001;19.9;5.7
06;2021-03-31;8058;1662;222460;62663;20.6;5.8
06;2021-04-01;7665;2467;230125;65130;21.3;6.0
06;2021-04-02;7238;2709;237363;67839;22.0;6.3
06;2021-04-03;2725;1374;240088;69213;22.2;6.4
06;2021-04-04;301;549;240389;69762;22.3;6.5
06;2021-04-05;1408;694;241797;70456;22.4;6.5
06;2021-04-06;6669;3313;248466;73769;23.0;6.8
06;2021-04-07;6224;3893;254690;77662;23.6;7.2
06;2021-04-08;5751;5654;260441;83316;24.1;7.7
06;2021-04-09;9385;5861;269826;89177;25.0;8.3
06;2021-04-10;2396;2780;272222;91957;25.2;8.5
06;2021-04-11;189;58;272411;92015;25.2;8.5
06;2021-04-12;4385;3529;276796;95544;25.6;8.9
06;2021-04-13;6375;5122;283171;100666;26.2;9.3
06;2021-04-14;5466;4488;288637;105154;26.7;9.7
06;2021-04-15;5554;4391;294191;109545;27.3;10.1
06;2021-04-16;7088;5197;301279;114742;27.9;10.6
06;2021-04-17;2786;3053;304065;117795;28.2;10.9
06;2021-04-18;266;224;304331;118019;28.2;10.9
06;2021-04-19;5497;4047;309828;122066;28.7;11.3
06;2021-04-20;5666;4874;315494;126940;29.2;11.8
06;2021-04-21;8327;4171;323821;131111;30.0;12.1
06;2021-04-22;8572;4197;332393;135308;30.8;12.5
06;2021-04-23;8820;4267;341213;139575;31.6;12.9
06;2021-04-24;2356;1495;343569;141070;31.8;13.1
06;2021-04-25;122;29;343691;141099;31.8;13.1
06;2021-04-26;4154;2312;347845;143411;32.2;13.3
06;2021-04-27;4587;4040;352432;147451;32.7;13.7
06;2021-04-28;4152;4578;356584;152029;33.0;14.1
06;2021-04-29;6091;5460;362675;157489;33.6;14.6
06;2021-04-30;6775;5168;369450;162657;34.2;15.1
06;2021-05-01;4165;831;373615;163488;34.6;15.1
06;2021-05-02;493;158;374108;163646;34.7;15.2
06;2021-05-03;6917;3553;381025;167199;35.3;15.5
06;2021-05-04;5753;5387;386778;172586;35.8;16.0
06;2021-05-05;4547;3913;391325;176499;36.3;16.4
06;2021-05-06;5232;4739;396557;181238;36.7;16.8
06;2021-05-07;5660;5681;402217;186919;37.3;17.3
06;2021-05-08;4871;1326;407088;188245;37.7;17.4
06;2021-05-09;206;308;407294;188553;37.7;17.5
06;2021-05-10;4831;5047;412125;193600;38.2;17.9
06;2021-05-11;4940;5565;417065;199165;38.6;18.5
06;2021-05-12;9106;4894;426171;204059;39.5;18.9
06;2021-05-13;9275;2139;435446;206198;40.3;19.1
06;2021-05-14;10850;3363;446296;209561;41.3;19.4
06;2021-05-15;9298;2213;455594;211774;42.2;19.6
06;2021-05-16;1504;287;457098;212061;42.3;19.6
06;2021-05-17;7509;3754;464607;215815;43.0;20.0
06;2021-05-18;9741;3222;474348;219037;43.9;20.3
06;2021-05-19;7706;2984;482054;222021;44.7;20.6
06;2021-05-20;7948;3671;490002;225692;45.4;20.9
06;2021-05-21;8806;3943;498808;229635;46.2;21.3
06;2021-05-22;3034;1326;501842;230961;46.5;21.4
06;2021-05-23;132;628;501974;231589;46.5;21.5
06;2021-05-24;3198;998;505172;232587;46.8;21.5
06;2021-05-25;4758;4933;509930;237520;47.2;22.0
06;2021-05-26;5690;6633;515620;244153;47.8;22.6
06;2021-05-27;5584;6282;521204;250435;48.3;23.2
06;2021-05-28;4990;7295;526194;257730;48.7;23.9
06;2021-05-29;1644;2933;527838;260663;48.9;24.1
06;2021-05-30;258;1122;528096;261785;48.9;24.3
06;2021-05-31;4419;5128;532515;266913;49.3;24.7
06;2021-06-01;5747;7429;538262;274342;49.9;25.4
06;2021-06-02;3319;8552;541581;282894;50.2;26.2
06;2021-06-03;4549;8312;546130;291206;50.6;27.0
06;2021-06-04;5498;7741;551628;298947;51.1;27.7
06;2021-06-05;2464;3347;554092;302294;51.3;28.0
06;2021-06-06;181;234;554273;302528;51.4;28.0
06;2021-06-07;4148;5589;558421;308117;51.7;28.5
06;2021-06-08;4479;5209;562900;313326;52.1;29.0
06;2021-06-09;4122;7374;567022;320700;52.5;29.7
06;2021-06-10;4793;6870;571815;327570;53.0;30.3
06;2021-06-11;3914;8368;575729;335938;53.3;31.1
06;2021-06-12;1744;3750;577473;339688;53.5;31.5
06;2021-06-13;149;440;577622;340128;53.5;31.5
06;2021-06-14;2737;8608;580359;348736;53.8;32.3
06;2021-06-15;3287;9493;583646;358229;54.1;33.2
06;2021-06-16;3517;7013;587163;365242;54.4;33.8
06;2021-06-17;3689;7197;590852;372439;54.7;34.5
06;2021-06-18;2639;5930;593491;378369;55.0;35.1
06;2021-06-19;1314;1686;594805;380055;55.1;35.2
06;2021-06-20;210;347;595015;380402;55.1;35.2
06;2021-06-21;1727;6310;596742;386712;55.3;35.8
06;2021-06-22;2363;7367;599105;394079;55.5;36.5
06;2021-06-23;2093;6552;601198;400631;55.7;37.1
06;2021-06-24;3484;8981;604682;409612;56.0;37.9
06;2021-06-25;2298;9615;606980;419227;56.2;38.8
06;2021-06-26;892;2287;607872;421514;56.3;39.1
06;2021-06-27;379;1187;608251;422701;56.4;39.2
06;2021-06-28;2494;8137;610745;430838;56.6;39.9
06;2021-06-29;2387;7723;613132;438561;56.8;40.6
06;2021-06-30;1522;7696;614654;446257;56.9;41.3
06;2021-07-01;3472;7490;618126;453747;57.3;42.0
06;2021-07-02;4450;8275;622576;462022;57.7;42.8
06;2021-07-03;1241;4308;623817;466330;57.8;43.2
06;2021-07-04;318;303;624135;466633;57.8;43.2
06;2021-07-05;4058;5146;628193;471779;58.2;43.7
06;2021-07-06;2100;5828;630293;477607;58.4;44.2
06;2021-07-07;4178;5980;634471;483587;58.8;44.8
06;2021-07-08;3629;6328;638100;489915;59.1;45.4
06;2021-07-09;4646;6238;642746;496153;59.5;46.0
06;2021-07-10;1766;2333;644512;498486;59.7;46.2
06;2021-07-11;330;322;644842;498808;59.7;46.2
06;2021-07-12;4131;7162;648973;505970;60.1;46.9
06;2021-07-13;5950;9025;654923;514995;60.7;47.7
06;2021-07-14;1111;436;656034;515431;60.8;47.8
06;2021-07-15;6661;8046;662695;523477;61.4;48.5
06;2021-07-16;8281;9020;670976;532497;62.2;49.3
06;2021-07-17;3167;5469;674143;537966;62.5;49.8
06;2021-07-18;1076;5333;675219;543299;62.6;50.3
06;2021-07-19;6004;8040;681223;551339;63.1;51.1
06;2021-07-20;7466;10260;688689;561599;63.8;52.0
06;2021-07-21;8399;8713;697088;570312;64.6;52.8
06;2021-07-22;10418;7886;707506;578198;65.5;53.6
06;2021-07-23;9472;6938;716978;585136;66.4;54.2
06;2021-07-24;3293;3184;720271;588320;66.7;54.5
06;2021-07-25;998;478;721269;588798;66.8;54.5
06;2021-07-26;7624;6896;728893;595694;67.5;55.2
06;2021-07-27;9182;5587;738075;601281;68.4;55.7
06;2021-07-28;7437;5414;745512;606695;69.1;56.2
06;2021-07-29;8820;5780;754332;612475;69.9;56.7
06;2021-07-30;8451;5543;762783;618018;70.7;57.3
06;2021-07-31;3778;3081;766561;621099;71.0;57.5
06;2021-08-01;826;434;767387;621533;71.1;57.6
06;2021-08-02;6301;4607;773688;626140;71.7;58.0
06;2021-08-03;6475;5474;780163;631614;72.3;58.5
06;2021-08-04;5686;3512;785849;635126;72.8;58.8
06;2021-08-05;6376;4456;792225;639582;73.4;59.3
06;2021-08-06;5888;6127;798113;645709;73.9;59.8
06;2021-08-07;2266;2471;800379;648180;74.2;60.1
06;2021-08-08;588;632;800967;648812;74.2;60.1
06;2021-08-09;4466;6017;805433;654829;74.6;60.7
06;2021-08-10;5377;6901;810810;661730;75.1;61.3
06;2021-08-11;4308;6197;815118;667927;75.5;61.9
06;2021-08-12;4519;6736;819637;674663;75.9;62.5
06;2021-08-13;3498;6440;823135;681103;76.3;63.1
06;2021-08-14;1456;2275;824591;683378;76.4;63.3
06;2021-08-15;396;637;824987;684015;76.4;63.4
06;2021-08-16;2998;6881;827985;690896;76.7;64.0
06;2021-08-17;3641;7767;831626;698663;77.0;64.7
06;2021-08-18;2888;6392;834514;705055;77.3;65.3
06;2021-08-19;3905;8104;838419;713159;77.7;66.1
06;2021-08-20;3121;6479;841540;719638;78.0;66.7
06;2021-08-21;1789;3587;843329;723225;78.1;67.0
06;2021-08-22;365;706;843694;723931;78.2;67.1
06;2021-08-23;2358;6518;846052;730449;78.4;67.7
06;2021-08-24;2793;6457;848845;736906;78.6;68.3
06;2021-08-25;2531;5643;851376;742549;78.9;68.8
06;2021-08-26;2622;6847;853998;749396;79.1;69.4
06;2021-08-27;2418;7057;856416;756453;79.3;70.1
06;2021-08-28;1266;3317;857682;759770;79.5;70.4
06;2021-08-29;276;815;857958;760585;79.5;70.5
06;2021-08-30;2320;6333;860278;766918;79.7;71.1
06;2021-08-31;2667;7110;862945;774028;79.9;71.7
06;2021-09-01;2201;5784;865146;779812;80.2;72.2
06;2021-09-02;2258;6370;867404;786182;80.4;72.8
07;2020-12-27;0;0;0;0;0.0;0.0
07;2020-12-28;0;0;0;0;0.0;0.0
07;2020-12-29;0;0;0;0;0.0;0.0
07;2020-12-30;0;0;0;0;0.0;0.0
07;2020-12-31;0;0;0;0;0.0;0.0
07;2021-01-01;7;0;7;0;0.0;0.0
07;2021-01-02;0;0;7;0;0.0;0.0
07;2021-01-03;0;0;7;0;0.0;0.0
07;2021-01-04;0;0;7;0;0.0;0.0
07;2021-01-05;0;0;7;0;0.0;0.0
07;2021-01-06;31;0;38;0;0.0;0.0
07;2021-01-07;130;1;168;1;0.1;0.0
07;2021-01-08;45;1;213;2;0.1;0.0
07;2021-01-09;17;0;230;2;0.1;0.0
07;2021-01-10;0;0;230;2;0.1;0.0
07;2021-01-11;157;1;387;3;0.1;0.0
07;2021-01-12;309;0;696;3;0.2;0.0
07;2021-01-13;308;1;1004;4;0.3;0.0
07;2021-01-14;477;0;1481;4;0.5;0.0
07;2021-01-15;188;0;1669;4;0.5;0.0
07;2021-01-16;17;0;1686;4;0.5;0.0
07;2021-01-17;2;0;1688;4;0.5;0.0
07;2021-01-18;363;4;2051;8;0.6;0.0
07;2021-01-19;831;2;2882;10;0.9;0.0
07;2021-01-20;605;2;3487;12;1.1;0.0
07;2021-01-21;452;3;3939;15;1.2;0.0
07;2021-01-22;291;0;4230;15;1.3;0.0
07;2021-01-23;107;0;4337;15;1.3;0.0
07;2021-01-24;0;0;4337;15;1.3;0.0
07;2021-01-25;164;0;4501;15;1.4;0.0
07;2021-01-26;491;4;4992;19;1.5;0.0
07;2021-01-27;555;7;5547;26;1.7;0.0
07;2021-01-28;1206;101;6753;127;2.1;0.0
07;2021-01-29;707;18;7460;145;2.3;0.0
07;2021-01-30;213;4;7673;149;2.3;0.0
07;2021-01-31;7;0;7680;149;2.3;0.0
07;2021-02-01;267;33;7947;182;2.4;0.1
07;2021-02-02;664;241;8611;423;2.6;0.1
07;2021-02-03;1046;221;9657;644;3.0;0.2
07;2021-02-04;722;257;10379;901;3.2;0.3
07;2021-02-05;484;253;10863;1154;3.3;0.4
07;2021-02-06;98;3;10961;1157;3.4;0.4
07;2021-02-07;12;1;10973;1158;3.4;0.4
07;2021-02-08;239;165;11212;1323;3.4;0.4
07;2021-02-09;488;321;11700;1644;3.6;0.5
07;2021-02-10;538;390;12238;2034;3.7;0.6
07;2021-02-11;400;265;12638;2299;3.9;0.7
07;2021-02-12;267;157;12905;2456;3.9;0.8
07;2021-02-13;69;19;12974;2475;4.0;0.8
07;2021-02-14;0;0;12974;2475;4.0;0.8
07;2021-02-15;270;122;13244;2597;4.1;0.8
07;2021-02-16;348;352;13592;2949;4.2;0.9
07;2021-02-17;466;323;14058;3272;4.3;1.0
07;2021-02-18;562;762;14620;4034;4.5;1.2
07;2021-02-19;457;495;15077;4529;4.6;1.4
07;2021-02-20;109;63;15186;4592;4.6;1.4
07;2021-02-21;15;0;15201;4592;4.7;1.4
07;2021-02-22;425;207;15626;4799;4.8;1.5
07;2021-02-23;646;613;16272;5412;5.0;1.7
07;2021-02-24;928;698;17200;6110;5.3;1.9
07;2021-02-25;710;520;17910;6630;5.5;2.0
07;2021-02-26;845;283;18755;6913;5.7;2.1
07;2021-02-27;190;144;18945;7057;5.8;2.2
07;2021-02-28;1;0;18946;7057;5.8;2.2
07;2021-03-01;438;208;19384;7265;5.9;2.2
07;2021-03-02;655;561;20039;7826;6.1;2.4
07;2021-03-03;691;530;20730;8356;6.3;2.6
07;2021-03-04;1100;354;21830;8710;6.7;2.7
07;2021-03-05;1084;372;22914;9082;7.0;2.8
07;2021-03-06;1125;99;24039;9181;7.4;2.8
07;2021-03-07;718;23;24757;9204;7.6;2.8
07;2021-03-08;352;319;25109;9523;7.7;2.9
07;2021-03-09;1088;435;26197;9958;8.0;3.0
07;2021-03-10;867;515;27064;10473;8.3;3.2
07;2021-03-11;1373;465;28437;10938;8.7;3.3
07;2021-03-12;1618;568;30055;11506;9.2;3.5
07;2021-03-13;680;99;30735;11605;9.4;3.6
07;2021-03-14;4;0;30739;11605;9.4;3.6
07;2021-03-15;527;289;31266;11894;9.6;3.6
07;2021-03-16;1208;483;32474;12377;9.9;3.8
07;2021-03-17;1188;777;33662;13154;10.3;4.0
07;2021-03-18;1219;415;34881;13569;10.7;4.2
07;2021-03-19;1268;422;36149;13991;11.1;4.3
07;2021-03-20;467;108;36616;14099;11.2;4.3
07;2021-03-21;3;2;36619;14101;11.2;4.3
07;2021-03-22;790;535;37409;14636;11.4;4.5
07;2021-03-23;1516;722;38925;15358;11.9;4.7
07;2021-03-24;1277;666;40202;16024;12.3;4.9
07;2021-03-25;1852;515;42054;16539;12.9;5.1
07;2021-03-26;1834;442;43888;16981;13.4;5.2
07;2021-03-27;385;101;44273;17082;13.5;5.2
07;2021-03-28;6;1;44279;17083;13.5;5.2
07;2021-03-29;789;359;45068;17442;13.8;5.3
07;2021-03-30;1526;510;46594;17952;14.3;5.5
07;2021-03-31;1660;506;48254;18458;14.8;5.6
07;2021-04-01;1587;659;49841;19117;15.2;5.8
07;2021-04-02;1522;439;51363;19556;15.7;6.0
07;2021-04-03;230;106;51593;19662;15.8;6.0
07;2021-04-04;3;1;51596;19663;15.8;6.0
07;2021-04-05;0;66;51596;19729;15.8;6.0
07;2021-04-06;1161;757;52757;20486;16.1;6.3
07;2021-04-07;1317;897;54074;21383;16.5;6.5
07;2021-04-08;1969;1178;56043;22561;17.1;6.9
07;2021-04-09;2424;567;58467;23128;17.9;7.1
07;2021-04-10;807;162;59274;23290;18.1;7.1
07;2021-04-11;339;12;59613;23302;18.2;7.1
07;2021-04-12;1287;600;60900;23902;18.6;7.3
07;2021-04-13;1768;1338;62668;25240;19.2;7.7
07;2021-04-14;1678;1009;64346;26249;19.7;8.0
07;2021-04-15;1443;842;65789;27091;20.1;8.3
07;2021-04-16;1506;908;67295;27999;20.6;8.6
07;2021-04-17;870;216;68165;28215;20.9;8.6
07;2021-04-18;700;38;68865;28253;21.1;8.6
07;2021-04-19;1161;572;70026;28825;21.4;8.8
07;2021-04-20;1441;1319;71467;30144;21.9;9.2
07;2021-04-21;1719;918;73186;31062;22.4;9.5
07;2021-04-22;1817;968;75003;32030;22.9;9.8
07;2021-04-23;1411;973;76414;33003;23.4;10.1
07;2021-04-24;962;251;77376;33254;23.7;10.2
07;2021-04-25;717;69;78093;33323;23.9;10.2
07;2021-04-26;1138;681;79231;34004;24.2;10.4
07;2021-04-27;1395;1566;80626;35570;24.7;10.9
07;2021-04-28;1636;1759;82262;37329;25.2;11.4
07;2021-04-29;1939;1533;84201;38862;25.8;11.9
07;2021-04-30;1662;1483;85863;40345;26.3;12.3
07;2021-05-01;960;118;86823;40463;26.6;12.4
07;2021-05-02;845;155;87668;40618;26.8;12.4
07;2021-05-03;1280;435;88948;41053;27.2;12.6
07;2021-05-04;2171;1567;91119;42620;27.9;13.0
07;2021-05-05;1745;1386;92864;44006;28.4;13.5
07;2021-05-06;2104;1586;94968;45592;29.1;13.9
07;2021-05-07;1595;1556;96563;47148;29.5;14.4
07;2021-05-08;1228;405;97791;47553;29.9;14.5
07;2021-05-09;1030;328;98821;47881;30.2;14.6
07;2021-05-10;1406;1175;100227;49056;30.7;15.0
07;2021-05-11;2472;1696;102699;50752;31.4;15.5
07;2021-05-12;2164;1278;104863;52030;32.1;15.9
07;2021-05-13;1712;273;106575;52303;32.6;16.0
07;2021-05-14;1735;999;108310;53302;33.1;16.3
07;2021-05-15;1627;499;109937;53801;33.6;16.5
07;2021-05-16;1444;213;111381;54014;34.1;16.5
07;2021-05-17;1772;859;113153;54873;34.6;16.8
07;2021-05-18;2296;1304;115449;56177;35.3;17.2
07;2021-05-19;2375;998;117824;57175;36.0;17.5
07;2021-05-20;2165;1314;119989;58489;36.7;17.9
07;2021-05-21;1758;1313;121747;59802;37.2;18.3
07;2021-05-22;935;544;122682;60346;37.5;18.5
07;2021-05-23;857;157;123539;60503;37.8;18.5
07;2021-05-24;1650;339;125189;60842;38.3;18.6
07;2021-05-25;2185;1479;127374;62321;39.0;19.1
07;2021-05-26;1530;1381;128904;63702;39.4;19.5
07;2021-05-27;2018;1410;130922;65112;40.1;19.9
07;2021-05-28;1770;2081;132692;67193;40.6;20.6
07;2021-05-29;943;684;133635;67877;40.9;20.8
07;2021-05-30;622;570;134257;68447;41.1;20.9
07;2021-05-31;1133;1283;135390;69730;41.4;21.3
07;2021-06-01;2153;2003;137543;71733;42.1;21.9
07;2021-06-02;1530;1653;139073;73386;42.5;22.5
07;2021-06-03;1712;1256;140785;74642;43.1;22.8
07;2021-06-04;1675;1594;142460;76236;43.6;23.3
07;2021-06-05;987;955;143447;77191;43.9;23.6
07;2021-06-06;598;623;144045;77814;44.1;23.8
07;2021-06-07;962;1195;145007;79009;44.4;24.2
07;2021-06-08;1549;1770;146556;80779;44.8;24.7
07;2021-06-09;1030;1422;147586;82201;45.2;25.1
07;2021-06-10;788;1390;148374;83591;45.4;25.6
07;2021-06-11;1154;2034;149528;85625;45.7;26.2
07;2021-06-12;643;1217;150171;86842;45.9;26.6
07;2021-06-13;395;444;150566;87286;46.1;26.7
07;2021-06-14;566;1961;151132;89247;46.2;27.3
07;2021-06-15;936;2552;152068;91799;46.5;28.1
07;2021-06-16;1024;1852;153092;93651;46.8;28.7
07;2021-06-17;886;1950;153978;95601;47.1;29.2
07;2021-06-18;872;2284;154850;97885;47.4;29.9
07;2021-06-19;604;1453;155454;99338;47.6;30.4
07;2021-06-20;369;727;155823;100065;47.7;30.6
07;2021-06-21;517;2144;156340;102209;47.8;31.3
07;2021-06-22;655;2662;156995;104871;48.0;32.1
07;2021-06-23;680;1961;157675;106832;48.2;32.7
07;2021-06-24;646;1853;158321;108685;48.4;33.2
07;2021-06-25;701;2177;159022;110862;48.6;33.9
07;2021-06-26;361;1431;159383;112293;48.8;34.4
07;2021-06-27;285;1073;159668;113366;48.8;34.7
07;2021-06-28;506;2242;160174;115608;49.0;35.4
07;2021-06-29;540;2987;160714;118595;49.2;36.3
07;2021-06-30;822;2288;161536;120883;49.4;37.0
07;2021-07-01;775;1971;162311;122854;49.7;37.6
07;2021-07-02;882;2303;163193;125157;49.9;38.3
07;2021-07-03;421;1139;163614;126296;50.1;38.6
07;2021-07-04;211;852;163825;127148;50.1;38.9
07;2021-07-05;670;1686;164495;128834;50.3;39.4
07;2021-07-06;880;2633;165375;131467;50.6;40.2
07;2021-07-07;970;1947;166345;133414;50.9;40.8
07;2021-07-08;928;1968;167273;135382;51.2;41.4
07;2021-07-09;996;2262;168269;137644;51.5;42.1
07;2021-07-10;598;1101;168867;138745;51.7;42.4
07;2021-07-11;239;614;169106;139359;51.7;42.6
07;2021-07-12;809;1769;169915;141128;52.0;43.2
07;2021-07-13;1769;3177;171684;144305;52.5;44.1
07;2021-07-14;167;133;171851;144438;52.6;44.2
07;2021-07-15;1960;2463;173811;146901;53.2;44.9
07;2021-07-16;2055;1987;175866;148888;53.8;45.5
07;2021-07-17;1484;1251;177350;150139;54.3;45.9
07;2021-07-18;771;481;178121;150620;54.5;46.1
07;2021-07-19;1515;1688;179636;152308;55.0;46.6
07;2021-07-20;2523;2682;182159;154990;55.7;47.4
07;2021-07-21;1854;1917;184013;156907;56.3;48.0
07;2021-07-22;1918;1373;185931;158280;56.9;48.4
07;2021-07-23;2266;1686;188197;159966;57.6;48.9
07;2021-07-24;1640;1110;189837;161076;58.1;49.3
07;2021-07-25;34;22;189871;161098;58.1;49.3
07;2021-07-26;2197;1541;192068;162639;58.8;49.8
07;2021-07-27;3009;1908;195077;164547;59.7;50.3
07;2021-07-28;1644;1307;196721;165854;60.2;50.7
07;2021-07-29;2540;1274;199261;167128;61.0;51.1
07;2021-07-30;1352;1414;200613;168542;61.4;51.6
07;2021-07-31;1504;924;202117;169466;61.8;51.8
07;2021-08-01;74;26;202191;169492;61.9;51.9
07;2021-08-02;1511;1135;203702;170627;62.3;52.2
07;2021-08-03;2414;1913;206116;172540;63.1;52.8
07;2021-08-04;1945;1031;208061;173571;63.7;53.1
07;2021-08-05;1886;1293;209947;174864;64.2;53.5
07;2021-08-06;2029;1710;211976;176574;64.8;54.0
07;2021-08-07;995;554;212971;177128;65.2;54.2
07;2021-08-08;5;23;212976;177151;65.2;54.2
07;2021-08-09;1255;1381;214231;178532;65.5;54.6
07;2021-08-10;1597;2259;215828;180791;66.0;55.3
07;2021-08-11;1397;1602;217225;182393;66.5;55.8
07;2021-08-12;1097;1481;218322;183874;66.8;56.3
07;2021-08-13;1167;1786;219489;185660;67.1;56.8
07;2021-08-14;504;767;219993;186427;67.3;57.0
07;2021-08-15;9;28;220002;186455;67.3;57.0
07;2021-08-16;752;1327;220754;187782;67.5;57.4
07;2021-08-17;1322;2275;222076;190057;67.9;58.1
07;2021-08-18;871;1514;222947;191571;68.2;58.6
07;2021-08-19;1143;1695;224090;193266;68.6;59.1
07;2021-08-20;895;2086;224985;195352;68.8;59.8
07;2021-08-21;361;547;225346;195899;68.9;59.9
07;2021-08-22;7;23;225353;195922;68.9;59.9
07;2021-08-23;466;1308;225819;197230;69.1;60.3
07;2021-08-24;1121;2306;226940;199536;69.4;61.0
07;2021-08-25;683;1830;227623;201366;69.6;61.6
07;2021-08-26;683;2016;228306;203382;69.8;62.2
07;2021-08-27;777;1822;229083;205204;70.1;62.8
07;2021-08-28;335;606;229418;205810;70.2;63.0
07;2021-08-29;1;33;229419;205843;70.2;63.0
07;2021-08-30;426;1324;229845;207167;70.3;63.4
07;2021-08-31;1085;2269;230930;209436;70.6;64.1
07;2021-09-01;517;1392;231447;210828;70.8;64.5
07;2021-09-02;595;1532;232042;212360;71.0;65.0
08;2020-12-27;1;0;1;0;0.0;0.0
08;2020-12-28;0;0;1;0;0.0;0.0
08;2020-12-29;0;0;1;0;0.0;0.0
08;2020-12-30;0;0;1;0;0.0;0.0
08;2020-12-31;0;0;1;0;0.0;0.0
08;2021-01-01;0;0;1;0;0.0;0.0
08;2021-01-02;0;0;1;0;0.0;0.0
08;2021-01-03;2;0;3;0;0.0;0.0
08;2021-01-04;24;0;27;0;0.0;0.0
08;2021-01-05;1;0;28;0;0.0;0.0
08;2021-01-06;0;0;28;0;0.0;0.0
08;2021-01-07;188;0;216;0;0.1;0.0
08;2021-01-08;314;0;530;0;0.2;0.0
08;2021-01-09;113;0;643;0;0.2;0.0
08;2021-01-10;1;0;644;0;0.2;0.0
08;2021-01-11;67;0;711;0;0.3;0.0
08;2021-01-12;157;0;868;0;0.3;0.0
08;2021-01-13;480;1;1348;1;0.5;0.0
08;2021-01-14;537;9;1885;10;0.7;0.0
08;2021-01-15;287;2;2172;12;0.8;0.0
08;2021-01-16;106;0;2278;12;0.9;0.0
08;2021-01-17;2;0;2280;12;0.9;0.0
08;2021-01-18;371;2;2651;14;1.0;0.0
08;2021-01-19;873;1;3524;15;1.3;0.0
08;2021-01-20;910;4;4434;19;1.7;0.0
08;2021-01-21;743;1;5177;20;1.9;0.0
08;2021-01-22;677;1;5854;21;2.2;0.0
08;2021-01-23;237;0;6091;21;2.3;0.0
08;2021-01-24;0;0;6091;21;2.3;0.0
08;2021-01-25;207;0;6298;21;2.4;0.0
08;2021-01-26;303;1;6601;22;2.5;0.0
08;2021-01-27;410;1;7011;23;2.6;0.0
08;2021-01-28;565;181;7576;204;2.9;0.1
08;2021-01-29;587;181;8163;385;3.1;0.1
08;2021-01-30;222;63;8385;448;3.2;0.2
08;2021-01-31;0;0;8385;448;3.2;0.2
08;2021-02-01;80;45;8465;493;3.2;0.2
08;2021-02-02;192;170;8657;663;3.3;0.2
08;2021-02-03;141;165;8798;828;3.3;0.3
08;2021-02-04;309;285;9107;1113;3.4;0.4
08;2021-02-05;499;356;9606;1469;3.6;0.6
08;2021-02-06;149;72;9755;1541;3.7;0.6
08;2021-02-07;8;0;9763;1541;3.7;0.6
08;2021-02-08;40;168;9803;1709;3.7;0.6
08;2021-02-09;220;634;10023;2343;3.8;0.9
08;2021-02-10;334;631;10357;2974;3.9;1.1
08;2021-02-11;465;352;10822;3326;4.1;1.3
08;2021-02-12;676;381;11498;3707;4.3;1.4
08;2021-02-13;140;111;11638;3818;4.4;1.4
08;2021-02-14;3;60;11641;3878;4.4;1.5
08;2021-02-15;227;194;11868;4072;4.5;1.5
08;2021-02-16;130;356;11998;4428;4.5;1.7
08;2021-02-17;112;397;12110;4825;4.6;1.8
08;2021-02-18;215;497;12325;5322;4.6;2.0
08;2021-02-19;305;401;12630;5723;4.8;2.2
08;2021-02-20;7;201;12637;5924;4.8;2.2
08;2021-02-21;0;0;12637;5924;4.8;2.2
08;2021-02-22;132;173;12769;6097;4.8;2.3
08;2021-02-23;150;312;12919;6409;4.9;2.4
08;2021-02-24;163;375;13082;6784;4.9;2.6
08;2021-02-25;500;508;13582;7292;5.1;2.7
08;2021-02-26;603;612;14185;7904;5.3;3.0
08;2021-02-27;318;189;14503;8093;5.5;3.0
08;2021-02-28;19;1;14522;8094;5.5;3.0
08;2021-03-01;200;103;14722;8197;5.5;3.1
08;2021-03-02;654;277;15376;8474;5.8;3.2
08;2021-03-03;897;200;16273;8674;6.1;3.3
08;2021-03-04;734;327;17007;9001;6.4;3.4
08;2021-03-05;1022;531;18029;9532;6.8;3.6
08;2021-03-06;695;140;18724;9672;7.1;3.6
08;2021-03-07;75;2;18799;9674;7.1;3.6
08;2021-03-08;217;125;19016;9799;7.2;3.7
08;2021-03-09;687;152;19703;9951;7.4;3.7
08;2021-03-10;1038;119;20741;10070;7.8;3.8
08;2021-03-11;982;251;21723;10321;8.2;3.9
08;2021-03-12;1631;515;23354;10836;8.8;4.1
08;2021-03-13;797;123;24151;10959;9.1;4.1
08;2021-03-14;22;0;24173;10959;9.1;4.1
08;2021-03-15;291;73;24464;11032;9.2;4.2
08;2021-03-16;563;40;25027;11072;9.4;4.2
08;2021-03-17;802;63;25829;11135;9.7;4.2
08;2021-03-18;816;156;26645;11291;10.0;4.3
08;2021-03-19;1135;285;27780;11576;10.5;4.4
08;2021-03-20;510;18;28290;11594;10.7;4.4
08;2021-03-21;13;1;28303;11595;10.7;4.4
08;2021-03-22;367;44;28670;11639;10.8;4.4
08;2021-03-23;733;63;29403;11702;11.1;4.4
08;2021-03-24;1327;71;30730;11773;11.6;4.4
08;2021-03-25;1904;93;32634;11866;12.3;4.5
08;2021-03-26;2570;172;35204;12038;13.3;4.5
08;2021-03-27;898;124;36102;12162;13.6;4.6
08;2021-03-28;228;6;36330;12168;13.7;4.6
08;2021-03-29;261;184;36591;12352;13.8;4.7
08;2021-03-30;832;486;37423;12838;14.1;4.8
08;2021-03-31;852;532;38275;13370;14.4;5.0
08;2021-04-01;1685;447;39960;13817;15.0;5.2
08;2021-04-02;1499;517;41459;14334;15.6;5.4
08;2021-04-03;1329;203;42788;14537;16.1;5.5
08;2021-04-04;134;4;42922;14541;16.2;5.5
08;2021-04-05;17;0;42939;14541;16.2;5.5
08;2021-04-06;703;482;43642;15023;16.4;5.7
08;2021-04-07;910;704;44552;15727;16.8;5.9
08;2021-04-08;1743;523;46295;16250;17.4;6.1
08;2021-04-09;2348;726;48643;16976;18.3;6.4
08;2021-04-10;1449;226;50092;17202;18.9;6.5
08;2021-04-11;10;6;50102;17208;18.9;6.5
08;2021-04-12;671;213;50773;17421;19.1;6.6
08;2021-04-13;1309;610;52082;18031;19.6;6.8
08;2021-04-14;1281;867;53363;18898;20.1;7.1
08;2021-04-15;1606;805;54969;19703;20.7;7.4
08;2021-04-16;1873;878;56842;20581;21.4;7.8
08;2021-04-17;1112;401;57954;20982;21.8;7.9
08;2021-04-18;23;14;57977;20996;21.8;7.9
08;2021-04-19;1151;298;59128;21294;22.3;8.0
08;2021-04-20;1121;542;60249;21836;22.7;8.2
08;2021-04-21;1139;744;61388;22580;23.1;8.5
08;2021-04-22;1327;880;62715;23460;23.6;8.8
08;2021-04-23;1676;1175;64391;24635;24.2;9.3
08;2021-04-24;1325;647;65716;25282;24.7;9.5
08;2021-04-25;26;198;65742;25480;24.8;9.6
08;2021-04-26;1040;156;66782;25636;25.2;9.7
08;2021-04-27;1338;598;68120;26234;25.7;9.9
08;2021-04-28;1453;677;69573;26911;26.2;10.1
08;2021-04-29;1173;1314;70746;28225;26.6;10.6
08;2021-04-30;1769;1616;72515;29841;27.3;11.2
08;2021-05-01;1049;495;73564;30336;27.7;11.4
08;2021-05-02;627;183;74191;30519;27.9;11.5
08;2021-05-03;1169;373;75360;30892;28.4;11.6
08;2021-05-04;1328;872;76688;31764;28.9;12.0
08;2021-05-05;1567;1335;78255;33099;29.5;12.5
08;2021-05-06;1971;1661;80226;34760;30.2;13.1
08;2021-05-07;1861;2101;82087;36861;30.9;13.9
08;2021-05-08;923;767;83010;37628;31.3;14.2
08;2021-05-09;443;71;83453;37699;31.4;14.2
08;2021-05-10;1192;662;84645;38361;31.9;14.4
08;2021-05-11;1910;940;86555;39301;32.6;14.8
08;2021-05-12;1810;1240;88365;40541;33.3;15.3
08;2021-05-13;1306;620;89671;41161;33.8;15.5
08;2021-05-14;2535;1036;92206;42197;34.7;15.9
08;2021-05-15;1821;713;94027;42910;35.4;16.2
08;2021-05-16;820;102;94847;43012;35.7;16.2
08;2021-05-17;700;905;95547;43917;36.0;16.5
08;2021-05-18;1251;841;96798;44758;36.5;16.9
08;2021-05-19;1610;960;98408;45718;37.1;17.2
08;2021-05-20;2147;958;100555;46676;37.9;17.6
08;2021-05-21;2338;1273;102893;47949;38.7;18.1
08;2021-05-22;1817;763;104710;48712;39.4;18.3
08;2021-05-23;864;90;105574;48802;39.8;18.4
08;2021-05-24;715;105;106289;48907;40.0;18.4
08;2021-05-25;1456;671;107745;49578;40.6;18.7
08;2021-05-26;1527;1011;109272;50589;41.2;19.1
08;2021-05-27;2005;1146;111277;51735;41.9;19.5
08;2021-05-28;1973;1821;113250;53556;42.7;20.2
08;2021-05-29;1768;966;115018;54522;43.3;20.5
08;2021-05-30;836;102;115854;54624;43.6;20.6
08;2021-05-31;755;569;116609;55193;43.9;20.8
08;2021-06-01;1351;878;117960;56071;44.4;21.1
08;2021-06-02;1295;1196;119255;57267;44.9;21.6
08;2021-06-03;1386;1522;120641;58789;45.4;22.1
08;2021-06-04;1777;2420;122418;61209;46.1;23.1
08;2021-06-05;1177;1379;123595;62588;46.5;23.6
08;2021-06-06;907;107;124502;62695;46.9;23.6
08;2021-06-07;661;1175;125163;63870;47.1;24.1
08;2021-06-08;931;1494;126094;65364;47.5;24.6
08;2021-06-09;841;1392;126935;66756;47.8;25.1
08;2021-06-10;1718;1558;128653;68314;48.5;25.7
08;2021-06-11;1721;2211;130374;70525;49.1;26.6
08;2021-06-12;1418;1528;131792;72053;49.6;27.1
08;2021-06-13;386;598;132178;72651;49.8;27.4
08;2021-06-14;380;1304;132558;73955;49.9;27.9
08;2021-06-15;740;1550;133298;75505;50.2;28.4
08;2021-06-16;808;2056;134106;77561;50.5;29.2
08;2021-06-17;1285;1853;135391;79414;51.0;29.9
08;2021-06-18;1609;2595;137000;82009;51.6;30.9
08;2021-06-19;1325;1407;138325;83416;52.1;31.4
08;2021-06-20;117;423;138442;83839;52.1;31.6
08;2021-06-21;494;1397;138936;85236;52.3;32.1
08;2021-06-22;809;2023;139745;87259;52.6;32.9
08;2021-06-23;860;1673;140605;88932;53.0;33.5
08;2021-06-24;1037;1924;141642;90856;53.3;34.2
08;2021-06-25;1084;2734;142726;93590;53.8;35.2
08;2021-06-26;1011;1784;143737;95374;54.1;35.9
08;2021-06-27;351;643;144088;96017;54.3;36.2
08;2021-06-28;397;1324;144485;97341;54.4;36.7
08;2021-06-29;628;1472;145113;98813;54.7;37.2
08;2021-06-30;856;1690;145969;100503;55.0;37.8
08;2021-07-01;887;2194;146856;102697;55.3;38.7
08;2021-07-02;939;2642;147795;105339;55.7;39.7
08;2021-07-03;784;2145;148579;107484;56.0;40.5
08;2021-07-04;128;861;148707;108345;56.0;40.8
08;2021-07-05;104;1195;148811;109540;56.0;41.3
08;2021-07-06;425;1835;149236;111375;56.2;41.9
08;2021-07-07;364;1781;149600;113156;56.3;42.6
08;2021-07-08;717;2016;150317;115172;56.6;43.4
08;2021-07-09;734;2435;151051;117607;56.9;44.3
08;2021-07-10;652;1999;151703;119606;57.1;45.0
08;2021-07-11;238;726;151941;120332;57.2;45.3
08;2021-07-12;312;1192;152253;121524;57.3;45.8
08;2021-07-13;946;1788;153199;123312;57.7;46.4
08;2021-07-14;178;329;153377;123641;57.8;46.6
08;2021-07-15;760;2448;154137;126089;58.0;47.5
08;2021-07-16;1083;2407;155220;128496;58.5;48.4
08;2021-07-17;993;2107;156213;130603;58.8;49.2
08;2021-07-18;346;741;156559;131344;59.0;49.5
08;2021-07-19;457;920;157016;132264;59.1;49.8
08;2021-07-20;878;1435;157894;133699;59.5;50.4
08;2021-07-21;1235;1718;159129;135417;59.9;51.0
08;2021-07-22;1151;2167;160280;137584;60.4;51.8
08;2021-07-23;1586;2444;161866;140028;61.0;52.7
08;2021-07-24;1310;1923;163176;141951;61.5;53.5
08;2021-07-25;774;444;163950;142395;61.7;53.6
08;2021-07-26;1322;846;165272;143241;62.2;53.9
08;2021-07-27;2188;1407;167460;144648;63.1;54.5
08;2021-07-28;2414;1452;169874;146100;64.0;55.0
08;2021-07-29;2604;1346;172478;147446;65.0;55.5
08;2021-07-30;2600;1587;175078;149033;65.9;56.1
08;2021-07-31;1973;1075;177051;150108;66.7;56.5
08;2021-08-01;934;300;177985;150408;67.0;56.6
08;2021-08-02;1254;682;179239;151090;67.5;56.9
08;2021-08-03;1631;822;180870;151912;68.1;57.2
08;2021-08-04;1491;664;182361;152576;68.7;57.5
08;2021-08-05;1905;976;184266;153552;69.4;57.8
08;2021-08-06;2585;1099;186851;154651;70.4;58.2
08;2021-08-07;1672;1163;188523;155814;71.0;58.7
08;2021-08-08;584;374;189107;156188;71.2;58.8
08;2021-08-09;672;535;189779;156723;71.5;59.0
08;2021-08-10;877;752;190656;157475;71.8;59.3
08;2021-08-11;523;791;191179;158266;72.0;59.6
08;2021-08-12;1156;1079;192335;159345;72.4;60.0
08;2021-08-13;1142;1016;193477;160361;72.9;60.4
08;2021-08-14;587;913;194064;161274;73.1;60.7
08;2021-08-15;137;274;194201;161548;73.1;60.8
08;2021-08-16;219;1178;194420;162726;73.2;61.3
08;2021-08-17;513;1209;194933;163935;73.4;61.7
08;2021-08-18;278;1264;195211;165199;73.5;62.2
08;2021-08-19;605;1889;195816;167088;73.7;62.9
08;2021-08-20;682;2177;196498;169265;74.0;63.7
08;2021-08-21;273;1339;196771;170604;74.1;64.3
08;2021-08-22;105;900;196876;171504;74.1;64.6
08;2021-08-23;160;1448;197036;172952;74.2;65.1
08;2021-08-24;361;1753;197397;174705;74.3;65.8
08;2021-08-25;320;1247;197717;175952;74.5;66.3
08;2021-08-26;501;2063;198218;178015;74.6;67.0
08;2021-08-27;449;2324;198667;180339;74.8;67.9
08;2021-08-28;260;1284;198927;181623;74.9;68.4
08;2021-08-29;167;561;199094;182184;75.0;68.6
08;2021-08-30;302;1164;199396;183348;75.1;69.0
08;2021-08-31;360;1283;199756;184631;75.2;69.5
08;2021-09-01;413;1349;200169;185980;75.4;70.0
08;2021-09-02;455;1283;200624;187263;75.6;70.5
09;2020-12-27;0;0;0;0;0.0;0.0
09;2020-12-28;1;0;1;0;0.0;0.0
09;2020-12-29;0;0;1;0;0.0;0.0
09;2020-12-30;0;0;1;0;0.0;0.0
09;2020-12-31;0;0;1;0;0.0;0.0
09;2021-01-01;0;0;1;0;0.0;0.0
09;2021-01-02;0;0;1;0;0.0;0.0
09;2021-01-03;0;0;1;0;0.0;0.0
09;2021-01-04;2;1;3;1;0.0;0.0
09;2021-01-05;0;0;3;1;0.0;0.0
09;2021-01-06;3;0;6;1;0.0;0.0
09;2021-01-07;257;2;263;3;0.2;0.0
09;2021-01-08;228;0;491;3;0.3;0.0
09;2021-01-09;103;0;594;3;0.4;0.0
09;2021-01-10;59;0;653;3;0.4;0.0
09;2021-01-11;175;0;828;3;0.5;0.0
09;2021-01-12;303;0;1131;3;0.7;0.0
09;2021-01-13;196;0;1327;3;0.9;0.0
09;2021-01-14;432;8;1759;11;1.2;0.0
09;2021-01-15;223;1;1982;12;1.3;0.0
09;2021-01-16;194;2;2176;14;1.4;0.0
09;2021-01-17;123;0;2299;14;1.5;0.0
09;2021-01-18;267;1;2566;15;1.7;0.0
09;2021-01-19;258;1;2824;16;1.9;0.0
09;2021-01-20;346;1;3170;17;2.1;0.0
09;2021-01-21;333;1;3503;18;2.3;0.0
09;2021-01-22;331;1;3834;19;2.5;0.0
09;2021-01-23;237;0;4071;19;2.7;0.0
09;2021-01-24;85;1;4156;20;2.7;0.0
09;2021-01-25;204;11;4360;31;2.9;0.0
09;2021-01-26;634;25;4994;56;3.3;0.0
09;2021-01-27;472;48;5466;104;3.6;0.1
09;2021-01-28;285;146;5751;250;3.8;0.2
09;2021-01-29;250;125;6001;375;3.9;0.2
09;2021-01-30;143;55;6144;430;4.0;0.3
09;2021-01-31;56;10;6200;440;4.1;0.3
09;2021-02-01;82;136;6282;576;4.1;0.4
09;2021-02-02;57;294;6339;870;4.2;0.6
09;2021-02-03;87;199;6426;1069;4.2;0.7
09;2021-02-04;49;288;6475;1357;4.2;0.9
09;2021-02-05;89;138;6564;1495;4.3;1.0
09;2021-02-06;68;43;6632;1538;4.4;1.0
09;2021-02-07;6;62;6638;1600;4.4;1.0
09;2021-02-08;22;166;6660;1766;4.4;1.2
09;2021-02-09;54;268;6714;2034;4.4;1.3
09;2021-02-10;15;178;6729;2212;4.4;1.5
09;2021-02-11;6;203;6735;2415;4.4;1.6
09;2021-02-12;149;151;6884;2566;4.5;1.7
09;2021-02-13;7;140;6891;2706;4.5;1.8
09;2021-02-14;0;47;6891;2753;4.5;1.8
09;2021-02-15;75;122;6966;2875;4.6;1.9
09;2021-02-16;227;495;7193;3370;4.7;2.2
09;2021-02-17;83;370;7276;3740;4.8;2.5
09;2021-02-18;87;430;7363;4170;4.8;2.7
09;2021-02-19;65;267;7428;4437;4.9;2.9
09;2021-02-20;59;182;7487;4619;4.9;3.0
09;2021-02-21;0;47;7487;4666;4.9;3.1
09;2021-02-22;127;208;7614;4874;5.0;3.2
09;2021-02-23;161;131;7775;5005;5.1;3.3
09;2021-02-24;74;176;7849;5181;5.2;3.4
09;2021-02-25;211;159;8060;5340;5.3;3.5
09;2021-02-26;162;166;8222;5506;5.4;3.6
09;2021-02-27;65;65;8287;5571;5.4;3.7
09;2021-02-28;44;17;8331;5588;5.5;3.7
09;2021-03-01;247;93;8578;5681;5.6;3.7
09;2021-03-02;284;75;8862;5756;5.8;3.8
09;2021-03-03;252;129;9114;5885;6.0;3.9
09;2021-03-04;413;30;9527;5915;6.3;3.9
09;2021-03-05;331;64;9858;5979;6.5;3.9
09;2021-03-06;397;46;10255;6025;6.7;4.0
09;2021-03-07;124;4;10379;6029;6.8;4.0
09;2021-03-08;380;64;10759;6093;7.1;4.0
09;2021-03-09;437;139;11196;6232;7.3;4.1
09;2021-03-10;560;71;11756;6303;7.7;4.1
09;2021-03-11;695;79;12451;6382;8.2;4.2
09;2021-03-12;660;33;13111;6415;8.6;4.2
09;2021-03-13;385;3;13496;6418;8.9;4.2
09;2021-03-14;120;3;13616;6421;8.9;4.2
09;2021-03-15;467;51;14083;6472;9.2;4.2
09;2021-03-16;370;80;14453;6552;9.5;4.3
09;2021-03-17;399;72;14852;6624;9.7;4.3
09;2021-03-18;454;43;15306;6667;10.0;4.4
09;2021-03-19;525;56;15831;6723;10.4;4.4
09;2021-03-20;313;39;16144;6762;10.6;4.4
09;2021-03-21;105;0;16249;6762;10.7;4.4
09;2021-03-22;424;119;16673;6881;10.9;4.5
09;2021-03-23;566;173;17239;7054;11.3;4.6
09;2021-03-24;711;43;17950;7097;11.8;4.7
09;2021-03-25;869;138;18819;7235;12.3;4.7
09;2021-03-26;751;47;19570;7282;12.8;4.8
09;2021-03-27;622;70;20192;7352;13.2;4.8
09;2021-03-28;132;24;20324;7376;13.3;4.8
09;2021-03-29;498;278;20822;7654;13.7;5.0
09;2021-03-30;729;154;21551;7808;14.1;5.1
09;2021-03-31;802;182;22353;7990;14.7;5.2
09;2021-04-01;734;253;23087;8243;15.1;5.4
09;2021-04-02;693;266;23780;8509;15.6;5.6
09;2021-04-03;771;117;24551;8626;16.1;5.7
09;2021-04-04;122;57;24673;8683;16.2;5.7
09;2021-04-05;237;61;24910;8744;16.3;5.7
09;2021-04-06;1057;394;25967;9138;17.0;6.0
09;2021-04-07;1209;359;27176;9497;17.8;6.2
09;2021-04-08;1470;407;28646;9904;18.8;6.5
09;2021-04-09;1138;414;29784;10318;19.5;6.8
09;2021-04-10;1349;195;31133;10513;20.4;6.9
09;2021-04-11;173;102;31306;10615;20.5;7.0
09;2021-04-12;737;346;32043;10961;21.0;7.2
09;2021-04-13;1047;415;33090;11376;21.7;7.5
09;2021-04-14;1332;511;34422;11887;22.6;7.8
09;2021-04-15;1148;505;35570;12392;23.3;8.1
09;2021-04-16;1032;413;36602;12805;24.0;8.4
09;2021-04-17;1193;356;37795;13161;24.8;8.6
09;2021-04-18;102;96;37897;13257;24.9;8.7
09;2021-04-19;697;407;38594;13664;25.3;9.0
09;2021-04-20;766;532;39360;14196;25.8;9.3
09;2021-04-21;940;591;40300;14787;26.4;9.7
09;2021-04-22;666;607;40966;15394;26.9;10.1
09;2021-04-23;773;430;41739;15824;27.4;10.4
09;2021-04-24;741;671;42480;16495;27.9;10.8
09;2021-04-25;75;113;42555;16608;27.9;10.9
09;2021-04-26;382;533;42937;17141;28.2;11.2
09;2021-04-27;443;721;43380;17862;28.5;11.7
09;2021-04-28;806;794;44186;18656;29.0;12.2
09;2021-04-29;550;776;44736;19432;29.4;12.8
09;2021-04-30;621;724;45357;20156;29.8;13.2
09;2021-05-01;478;455;45835;20611;30.1;13.5
09;2021-05-02;51;100;45886;20711;30.1;13.6
09;2021-05-03;521;663;46407;21374;30.5;14.0
09;2021-05-04;555;1348;46962;22722;30.8;14.9
09;2021-05-05;822;1348;47784;24070;31.4;15.8
09;2021-05-06;849;1033;48633;25103;31.9;16.5
09;2021-05-07;977;822;49610;25925;32.6;17.0
09;2021-05-08;395;461;50005;26386;32.8;17.3
09;2021-05-09;264;84;50269;26470;33.0;17.4
09;2021-05-10;504;966;50773;27436;33.3;18.0
09;2021-05-11;742;1051;51515;28487;33.8;18.7
09;2021-05-12;1535;1402;53050;29889;34.8;19.6
09;2021-05-13;1383;425;54433;30314;35.7;19.9
09;2021-05-14;986;654;55419;30968;36.4;20.3
09;2021-05-15;1236;790;56655;31758;37.2;20.8
09;2021-05-16;296;48;56951;31806;37.4;20.9
09;2021-05-17;873;413;57824;32219;37.9;21.1
09;2021-05-18;1291;396;59115;32615;38.8;21.4
09;2021-05-19;1496;370;60611;32985;39.8;21.6
09;2021-05-20;1380;404;61991;33389;40.7;21.9
09;2021-05-21;1164;496;63155;33885;41.4;22.2
09;2021-05-22;1546;365;64701;34250;42.5;22.5
09;2021-05-23;273;25;64974;34275;42.6;22.5
09;2021-05-24;177;100;65151;34375;42.8;22.6
09;2021-05-25;998;500;66149;34875;43.4;22.9
09;2021-05-26;1285;446;67434;35321;44.2;23.2
09;2021-05-27;966;403;68400;35724;44.9;23.4
09;2021-05-28;958;513;69358;36237;45.5;23.8
09;2021-05-29;1797;600;71155;36837;46.7;24.2
09;2021-05-30;541;197;71696;37034;47.0;24.3
09;2021-05-31;717;593;72413;37627;47.5;24.7
09;2021-06-01;970;638;73383;38265;48.2;25.1
09;2021-06-02;1009;896;74392;39161;48.8;25.7
09;2021-06-03;810;682;75202;39843;49.3;26.1
09;2021-06-04;877;799;76079;40642;49.9;26.7
09;2021-06-05;1320;874;77399;41516;50.8;27.2
09;2021-06-06;304;108;77703;41624;51.0;27.3
09;2021-06-07;623;518;78326;42142;51.4;27.7
09;2021-06-08;823;488;79149;42630;51.9;28.0
09;2021-06-09;806;835;79955;43465;52.5;28.5
09;2021-06-10;642;534;80597;43999;52.9;28.9
09;2021-06-11;831;762;81428;44761;53.4;29.4
09;2021-06-12;636;809;82064;45570;53.8;29.9
09;2021-06-13;94;130;82158;45700;53.9;30.0
09;2021-06-14;630;708;82788;46408;54.3;30.5
09;2021-06-15;824;889;83612;47297;54.9;31.0
09;2021-06-16;627;1078;84239;48375;55.3;31.7
09;2021-06-17;780;853;85019;49228;55.8;32.3
09;2021-06-18;635;1150;85654;50378;56.2;33.1
09;2021-06-19;517;1580;86171;51958;56.5;34.1
09;2021-06-20;8;279;86179;52237;56.5;34.3
09;2021-06-21;474;699;86653;52936;56.9;34.7
09;2021-06-22;463;1066;87116;54002;57.2;35.4
09;2021-06-23;435;1224;87551;55226;57.4;36.2
09;2021-06-24;581;772;88132;55998;57.8;36.7
09;2021-06-25;411;1063;88543;57061;58.1;37.4
09;2021-06-26;443;1087;88986;58148;58.4;38.2
09;2021-06-27;2;275;88988;58423;58.4;38.3
09;2021-06-28;239;1046;89227;59469;58.5;39.0
09;2021-06-29;314;1229;89541;60698;58.8;39.8
09;2021-06-30;457;1491;89998;62189;59.1;40.8
09;2021-07-01;384;1430;90382;63619;59.3;41.7
09;2021-07-02;308;1162;90690;64781;59.5;42.5
09;2021-07-03;210;1619;90900;66400;59.6;43.6
09;2021-07-04;4;254;90904;66654;59.6;43.7
09;2021-07-05;189;713;91093;67367;59.8;44.2
09;2021-07-06;293;1223;91386;68590;60.0;45.0
09;2021-07-07;419;1398;91805;69988;60.2;45.9
09;2021-07-08;325;1059;92130;71047;60.5;46.6
09;2021-07-09;293;1154;92423;72201;60.6;47.4
09;2021-07-10;345;1727;92768;73928;60.9;48.5
09;2021-07-11;147;392;92915;74320;61.0;48.8
09;2021-07-12;187;1074;93102;75394;61.1;49.5
09;2021-07-13;642;1307;93744;76701;61.5;50.3
09;2021-07-14;489;220;94233;76921;61.8;50.5
09;2021-07-15;819;1166;95052;78087;62.4;51.2
09;2021-07-16;610;1191;95662;79278;62.8;52.0
09;2021-07-17;1016;1443;96678;80721;63.4;53.0
09;2021-07-18;301;221;96979;80942;63.6;53.1
09;2021-07-19;483;972;97462;81914;64.0;53.8
09;2021-07-20;830;1260;98292;83174;64.5;54.6
09;2021-07-21;1017;1167;99309;84341;65.2;55.3
09;2021-07-22;847;907;100156;85248;65.7;55.9
09;2021-07-23;724;909;100880;86157;66.2;56.5
09;2021-07-24;928;463;101808;86620;66.8;56.8
09;2021-07-25;559;134;102367;86754;67.2;56.9
09;2021-07-26;647;765;103014;87519;67.6;57.4
09;2021-07-27;1179;945;104193;88464;68.4;58.0
09;2021-07-28;1194;985;105387;89449;69.2;58.7
09;2021-07-29;1040;735;106427;90184;69.8;59.2
09;2021-07-30;779;623;107206;90807;70.3;59.6
09;2021-07-31;1378;416;108584;91223;71.3;59.9
09;2021-08-01;141;125;108725;91348;71.3;59.9
09;2021-08-02;614;479;109339;91827;71.7;60.3
09;2021-08-03;1254;766;110593;92593;72.6;60.8
09;2021-08-04;1398;654;111991;93247;73.5;61.2
09;2021-08-05;998;675;112989;93922;74.1;61.6
09;2021-08-06;1014;640;114003;94562;74.8;62.0
09;2021-08-07;826;427;114829;94989;75.3;62.3
09;2021-08-08;129;131;114958;95120;75.4;62.4
09;2021-08-09;690;649;115648;95769;75.9;62.8
09;2021-08-10;938;694;116586;96463;76.5;63.3
09;2021-08-11;894;870;117480;97333;77.1;63.9
09;2021-08-12;631;730;118111;98063;77.5;64.3
09;2021-08-13;460;646;118571;98709;77.8;64.8
09;2021-08-14;311;828;118882;99537;78.0;65.3
09;2021-08-15;67;138;118949;99675;78.1;65.4
09;2021-08-16;545;619;119494;100294;78.4;65.8
09;2021-08-17;672;777;120166;101071;78.9;66.3
09;2021-08-18;619;930;120785;102001;79.3;66.9
09;2021-08-19;432;721;121217;102722;79.5;67.4
09;2021-08-20;363;749;121580;103471;79.8;67.9
09;2021-08-21;344;1381;121924;104852;80.0;68.8
09;2021-08-22;67;168;121991;105020;80.0;68.9
09;2021-08-23;336;759;122327;105779;80.3;69.4
09;2021-08-24;402;955;122729;106734;80.5;70.0
09;2021-08-25;283;1004;123012;107738;80.7;70.7
09;2021-08-26;315;927;123327;108665;80.9;71.3
09;2021-08-27;223;740;123550;109405;81.1;71.8
09;2021-08-28;256;969;123806;110374;81.2;72.4
09;2021-08-29;15;144;123821;110518;81.2;72.5
09;2021-08-30;275;747;124096;111265;81.4;73.0
09;2021-08-31;316;1147;124412;112412;81.6;73.8
09;2021-09-01;360;976;124772;113388;81.9;74.4
09;2021-09-02;157;598;124929;113986;82.0;74.8
10;2020-12-27;0;0;0;0;0.0;0.0
10;2020-12-28;0;0;0;0;0.0;0.0
10;2020-12-29;0;0;0;0;0.0;0.0
10;2020-12-30;0;0;0;0;0.0;0.0
10;2020-12-31;0;0;0;0;0.0;0.0
10;2021-01-01;0;0;0;0;0.0;0.0
10;2021-01-02;1;0;1;0;0.0;0.0
10;2021-01-03;0;0;1;0;0.0;0.0
10;2021-01-04;0;0;1;0;0.0;0.0
10;2021-01-05;1;0;2;0;0.0;0.0
10;2021-01-06;0;0;2;0;0.0;0.0
10;2021-01-07;84;0;86;0;0.0;0.0
10;2021-01-08;255;0;341;0;0.1;0.0
10;2021-01-09;0;0;341;0;0.1;0.0
10;2021-01-10;0;0;341;0;0.1;0.0
10;2021-01-11;117;0;458;0;0.1;0.0
10;2021-01-12;191;0;649;0;0.2;0.0
10;2021-01-13;313;0;962;0;0.3;0.0
10;2021-01-14;391;7;1353;7;0.4;0.0
10;2021-01-15;359;3;1712;10;0.6;0.0
10;2021-01-16;56;0;1768;10;0.6;0.0
10;2021-01-17;0;0;1768;10;0.6;0.0
10;2021-01-18;702;1;2470;11;0.8;0.0
10;2021-01-19;1389;3;3859;14;1.2;0.0
10;2021-01-20;1079;9;4938;23;1.6;0.0
10;2021-01-21;1152;2;6090;25;2.0;0.0
10;2021-01-22;819;2;6909;27;2.2;0.0
10;2021-01-23;309;0;7218;27;2.3;0.0
10;2021-01-24;0;0;7218;27;2.3;0.0
10;2021-01-25;445;8;7663;35;2.5;0.0
10;2021-01-26;487;17;8150;52;2.6;0.0
10;2021-01-27;459;15;8609;67;2.8;0.0
10;2021-01-28;358;48;8967;115;2.9;0.0
10;2021-01-29;430;188;9397;303;3.0;0.1
10;2021-01-30;30;0;9427;303;3.0;0.1
10;2021-01-31;0;0;9427;303;3.0;0.1
10;2021-02-01;405;136;9832;439;3.2;0.1
10;2021-02-02;182;148;10014;587;3.2;0.2
10;2021-02-03;361;215;10375;802;3.3;0.3
10;2021-02-04;342;264;10717;1066;3.5;0.3
10;2021-02-05;327;315;11044;1381;3.6;0.4
10;2021-02-06;3;35;11047;1416;3.6;0.5
10;2021-02-07;0;0;11047;1416;3.6;0.5
10;2021-02-08;190;392;11237;1808;3.6;0.6
10;2021-02-09;486;583;11723;2391;3.8;0.8
10;2021-02-10;667;477;12390;2868;4.0;0.9
10;2021-02-11;781;593;13171;3461;4.2;1.1
10;2021-02-12;580;550;13751;4011;4.4;1.3
10;2021-02-13;37;108;13788;4119;4.4;1.3
10;2021-02-14;0;0;13788;4119;4.4;1.3
10;2021-02-15;142;414;13930;4533;4.5;1.5
10;2021-02-16;116;516;14046;5049;4.5;1.6
10;2021-02-17;129;567;14175;5616;4.6;1.8
10;2021-02-18;216;530;14391;6146;4.6;2.0
10;2021-02-19;187;460;14578;6606;4.7;2.1
10;2021-02-20;24;181;14602;6787;4.7;2.2
10;2021-02-21;0;0;14602;6787;4.7;2.2
10;2021-02-22;77;420;14679;7207;4.7;2.3
10;2021-02-23;76;546;14755;7753;4.8;2.5
10;2021-02-24;113;357;14868;8110;4.8;2.6
10;2021-02-25;324;366;15192;8476;4.9;2.7
10;2021-02-26;351;276;15543;8752;5.0;2.8
10;2021-02-27;275;124;15818;8876;5.1;2.9
10;2021-02-28;0;0;15818;8876;5.1;2.9
10;2021-03-01;257;321;16075;9197;5.2;3.0
10;2021-03-02;435;370;16510;9567;5.3;3.1
10;2021-03-03;454;578;16964;10145;5.5;3.3
10;2021-03-04;636;498;17600;10643;5.7;3.4
10;2021-03-05;677;253;18277;10896;5.9;3.5
10;2021-03-06;950;44;19227;10940;6.2;3.5
10;2021-03-07;769;7;19996;10947;6.5;3.5
10;2021-03-08;502;441;20498;11388;6.6;3.7
10;2021-03-09;673;432;21171;11820;6.8;3.8
10;2021-03-10;660;360;21831;12180;7.0;3.9
10;2021-03-11;1174;236;23005;12416;7.4;4.0
10;2021-03-12;1338;246;24343;12662;7.9;4.1
10;2021-03-13;891;38;25234;12700;8.1;4.1
10;2021-03-14;1381;15;26615;12715;8.6;4.1
10;2021-03-15;821;80;27436;12795;8.9;4.1
10;2021-03-16;688;64;28124;12859;9.1;4.1
10;2021-03-17;831;67;28955;12926;9.3;4.2
10;2021-03-18;885;81;29840;13007;9.6;4.2
10;2021-03-19;951;70;30791;13077;9.9;4.2
10;2021-03-20;552;18;31343;13095;10.1;4.2
10;2021-03-21;1849;43;33192;13138;10.7;4.2
10;2021-03-22;879;72;34071;13210;11.0;4.3
10;2021-03-23;1244;92;35315;13302;11.4;4.3
10;2021-03-24;1311;59;36626;13361;11.8;4.3
10;2021-03-25;1676;229;38302;13590;12.4;4.4
10;2021-03-26;1431;116;39733;13706;12.8;4.4
10;2021-03-27;762;79;40495;13785;13.1;4.4
10;2021-03-28;1221;29;41716;13814;13.5;4.5
10;2021-03-29;648;304;42364;14118;13.7;4.6
10;2021-03-30;927;376;43291;14494;14.0;4.7
10;2021-03-31;617;360;43908;14854;14.2;4.8
10;2021-04-01;884;684;44792;15538;14.5;5.0
10;2021-04-02;1069;588;45861;16126;14.8;5.2
10;2021-04-03;540;605;46401;16731;15.0;5.4
10;2021-04-04;1826;260;48227;16991;15.6;5.5
10;2021-04-05;1843;43;50070;17034;16.2;5.5
10;2021-04-06;514;650;50584;17684;16.3;5.7
10;2021-04-07;589;540;51173;18224;16.5;5.9
10;2021-04-08;1057;608;52230;18832;16.9;6.1
10;2021-04-09;1130;612;53360;19444;17.2;6.3
10;2021-04-10;1770;348;55130;19792;17.8;6.4
10;2021-04-11;55;1221;55185;21013;17.8;6.8
10;2021-04-12;1003;807;56188;21820;18.1;7.0
10;2021-04-13;1506;893;57694;22713;18.6;7.3
10;2021-04-14;820;601;58514;23314;18.9;7.5
10;2021-04-15;1454;893;59968;24207;19.4;7.8
10;2021-04-16;1109;697;61077;24904;19.7;8.0
10;2021-04-17;2391;362;63468;25266;20.5;8.2
10;2021-04-18;1421;1786;64889;27052;20.9;8.7
10;2021-04-19;838;833;65727;27885;21.2;9.0
10;2021-04-20;546;1034;66273;28919;21.4;9.3
10;2021-04-21;636;974;66909;29893;21.6;9.6
10;2021-04-22;932;963;67841;30856;21.9;10.0
10;2021-04-23;2173;777;70014;31633;22.6;10.2
10;2021-04-24;2296;375;72310;32008;23.3;10.3
10;2021-04-25;1989;1215;74299;33223;24.0;10.7
10;2021-04-26;773;621;75072;33844;24.2;10.9
10;2021-04-27;895;537;75967;34381;24.5;11.1
10;2021-04-28;873;406;76840;34787;24.8;11.2
10;2021-04-29;1433;673;78273;35460;25.3;11.4
10;2021-04-30;2173;768;80446;36228;26.0;11.7
10;2021-05-01;1988;2168;82434;38396;26.6;12.4
10;2021-05-02;1948;1894;84382;40290;27.2;13.0
10;2021-05-03;622;447;85004;40737;27.4;13.1
10;2021-05-04;1144;1246;86148;41983;27.8;13.5
10;2021-05-05;1755;1021;87903;43004;28.4;13.9
10;2021-05-06;2257;948;90160;43952;29.1;14.2
10;2021-05-07;2217;1139;92377;45091;29.8;14.5
10;2021-05-08;2272;860;94649;45951;30.5;14.8
10;2021-05-09;2005;100;96654;46051;31.2;14.9
10;2021-05-10;530;1093;97184;47144;31.4;15.2
10;2021-05-11;1052;1029;98236;48173;31.7;15.5
10;2021-05-12;2061;884;100297;49057;32.4;15.8
10;2021-05-13;2180;434;102477;49491;33.1;16.0
10;2021-05-14;2729;673;105206;50164;33.9;16.2
10;2021-05-15;2426;2049;107632;52213;34.7;16.8
10;2021-05-16;2081;1448;109713;53661;35.4;17.3
10;2021-05-17;1451;443;111164;54104;35.9;17.5
10;2021-05-18;2510;640;113674;54744;36.7;17.7
10;2021-05-19;1553;638;115227;55382;37.2;17.9
10;2021-05-20;1892;847;117119;56229;37.8;18.1
10;2021-05-21;2318;618;119437;56847;38.5;18.3
10;2021-05-22;2180;422;121617;57269;39.2;18.5
10;2021-05-23;1817;139;123434;57408;39.8;18.5
10;2021-05-24;1968;177;125402;57585;40.5;18.6
10;2021-05-25;2195;492;127597;58077;41.2;18.7
10;2021-05-26;1677;421;129274;58498;41.7;18.9
10;2021-05-27;1660;755;130934;59253;42.2;19.1
10;2021-05-28;1719;1185;132653;60438;42.8;19.5
10;2021-05-29;2170;642;134823;61080;43.5;19.7
10;2021-05-30;1029;135;135852;61215;43.8;19.8
10;2021-05-31;1040;750;136892;61965;44.2;20.0
10;2021-06-01;1134;886;138026;62851;44.5;20.3
10;2021-06-02;1032;719;139058;63570;44.9;20.5
10;2021-06-03;1473;1071;140531;64641;45.3;20.9
10;2021-06-04;1768;2600;142299;67241;45.9;21.7
10;2021-06-05;1519;2451;143818;69692;46.4;22.5
10;2021-06-06;1005;1876;144823;71568;46.7;23.1
10;2021-06-07;698;1112;145521;72680;47.0;23.5
10;2021-06-08;896;1171;146417;73851;47.2;23.8
10;2021-06-09;877;913;147294;74764;47.5;24.1
10;2021-06-10;678;1072;147972;75836;47.7;24.5
10;2021-06-11;1199;2205;149171;78041;48.1;25.2
10;2021-06-12;855;2388;150026;80429;48.4;26.0
10;2021-06-13;401;1834;150427;82263;48.5;26.5
10;2021-06-14;535;742;150962;83005;48.7;26.8
10;2021-06-15;740;2133;151702;85138;49.0;27.5
10;2021-06-16;740;1860;152442;86998;49.2;28.1
10;2021-06-17;850;2458;153292;89456;49.5;28.9
10;2021-06-18;1031;2473;154323;91929;49.8;29.7
10;2021-06-19;981;2595;155304;94524;50.1;30.5
10;2021-06-20;549;1599;155853;96123;50.3;31.0
10;2021-06-21;682;1045;156535;97168;50.5;31.4
10;2021-06-22;744;1525;157279;98693;50.8;31.8
10;2021-06-23;651;2408;157930;101101;51.0;32.6
10;2021-06-24;784;2618;158714;103719;51.2;33.5
10;2021-06-25;730;3044;159444;106763;51.4;34.5
10;2021-06-26;513;2747;159957;109510;51.6;35.3
10;2021-06-27;403;1939;160360;111449;51.7;36.0
10;2021-06-28;685;1787;161045;113236;52.0;36.5
10;2021-06-29;617;2694;161662;115930;52.2;37.4
10;2021-06-30;534;1524;162196;117454;52.3;37.9
10;2021-07-01;553;2172;162749;119626;52.5;38.6
10;2021-07-02;668;2727;163417;122353;52.7;39.5
10;2021-07-03;529;2600;163946;124953;52.9;40.3
10;2021-07-04;411;1727;164357;126680;53.0;40.9
10;2021-07-05;668;2222;165025;128902;53.2;41.6
10;2021-07-06;652;2190;165677;131092;53.5;42.3
10;2021-07-07;636;1703;166313;132795;53.7;42.8
10;2021-07-08;749;1458;167062;134253;53.9;43.3
10;2021-07-09;815;1947;167877;136200;54.2;43.9
10;2021-07-10;633;2096;168510;138296;54.4;44.6
10;2021-07-11;500;1383;169010;139679;54.5;45.1
10;2021-07-12;780;1623;169790;141302;54.8;45.6
10;2021-07-13;1125;1873;170915;143175;55.2;46.2
10;2021-07-14;1170;1056;172085;144231;55.5;46.5
10;2021-07-15;1474;1979;173559;146210;56.0;47.2
10;2021-07-16;1240;2274;174799;148484;56.4;47.9
10;2021-07-17;1288;1739;176087;150223;56.8;48.5
10;2021-07-18;942;1225;177029;151448;57.1;48.9
10;2021-07-19;1359;1620;178388;153068;57.6;49.4
10;2021-07-20;1686;1433;180074;154501;58.1;49.9
10;2021-07-21;1395;1487;181469;155988;58.6;50.3
10;2021-07-22;1935;1599;183404;157587;59.2;50.8
10;2021-07-23;1595;1545;184999;159132;59.7;51.3
10;2021-07-24;1391;1228;186390;160360;60.1;51.7
10;2021-07-25;1251;789;187641;161149;60.5;52.0
10;2021-07-26;1913;1315;189554;162464;61.2;52.4
10;2021-07-27;2138;1090;191692;163554;61.9;52.8
10;2021-07-28;2095;1017;193787;164571;62.5;53.1
10;2021-07-29;2436;1202;196223;165773;63.3;53.5
10;2021-07-30;2162;1310;198385;167083;64.0;53.9
10;2021-07-31;1677;937;200062;168020;64.6;54.2
10;2021-08-01;1235;572;201297;168592;65.0;54.4
10;2021-08-02;1336;1337;202633;169929;65.4;54.8
10;2021-08-03;1563;897;204196;170826;65.9;55.1
10;2021-08-04;1318;1067;205514;171893;66.3;55.5
10;2021-08-05;1628;1347;207142;173240;66.8;55.9
10;2021-08-06;1800;1332;208942;174572;67.4;56.3
10;2021-08-07;1150;1133;210092;175705;67.8;56.7
10;2021-08-08;659;752;210751;176457;68.0;56.9
10;2021-08-09;1304;1542;212055;177999;68.4;57.4
10;2021-08-10;1631;1349;213686;179348;69.0;57.9
10;2021-08-11;835;1106;214521;180454;69.2;58.2
10;2021-08-12;1023;1226;215544;181680;69.6;58.6
10;2021-08-13;729;1075;216273;182755;69.8;59.0
10;2021-08-14;571;1237;216844;183992;70.0;59.4
10;2021-08-15;302;778;217146;184770;70.1;59.6
10;2021-08-16;700;1617;217846;186387;70.3;60.1
10;2021-08-17;861;1774;218707;188161;70.6;60.7
10;2021-08-18;693;1618;219400;189779;70.8;61.2
10;2021-08-19;538;1568;219938;191347;71.0;61.7
10;2021-08-20;602;1742;220540;193089;71.2;62.3
10;2021-08-21;419;1437;220959;194526;71.3;62.8
10;2021-08-22;187;1061;221146;195587;71.4;63.1
10;2021-08-23;478;1558;221624;197145;71.5;63.6
10;2021-08-24;663;1769;222287;198914;71.7;64.2
10;2021-08-25;453;1376;222740;200290;71.9;64.6
10;2021-08-26;427;1485;223167;201775;72.0;65.1
10;2021-08-27;619;1587;223786;203362;72.2;65.6
10;2021-08-28;385;1331;224171;204693;72.3;66.0
10;2021-08-29;225;946;224396;205639;72.4;66.4
10;2021-08-30;432;1392;224828;207031;72.5;66.8
10;2021-08-31;464;1448;225292;208479;72.7;67.3
10;2021-09-01;285;1198;225577;209677;72.8;67.7
10;2021-09-02;256;1144;225833;210821;72.9;68.0
11;2020-12-27;0;0;0;0;0.0;0.0
11;2020-12-28;1;0;1;0;0.0;0.0
11;2020-12-29;1;0;2;0;0.0;0.0
11;2020-12-30;0;0;2;0;0.0;0.0
11;2020-12-31;0;0;2;0;0.0;0.0
11;2021-01-01;0;0;2;0;0.0;0.0
11;2021-01-02;5;0;7;0;0.0;0.0
11;2021-01-03;0;0;7;0;0.0;0.0
11;2021-01-04;1;0;8;0;0.0;0.0
11;2021-01-05;95;0;103;0;0.0;0.0
11;2021-01-06;25;0;128;0;0.0;0.0
11;2021-01-07;119;0;247;0;0.1;0.0
11;2021-01-08;91;1;338;1;0.1;0.0
11;2021-01-09;86;0;424;1;0.1;0.0
11;2021-01-10;67;0;491;1;0.1;0.0
11;2021-01-11;136;0;627;1;0.2;0.0
11;2021-01-12;545;3;1172;4;0.3;0.0
11;2021-01-13;410;1;1582;5;0.4;0.0
11;2021-01-14;644;8;2226;13;0.6;0.0
11;2021-01-15;342;4;2568;17;0.7;0.0
11;2021-01-16;77;1;2645;18;0.7;0.0
11;2021-01-17;47;1;2692;19;0.7;0.0
11;2021-01-18;388;0;3080;19;0.8;0.0
11;2021-01-19;528;4;3608;23;1.0;0.0
11;2021-01-20;693;6;4301;29;1.2;0.0
11;2021-01-21;648;4;4949;33;1.3;0.0
11;2021-01-22;524;2;5473;35;1.5;0.0
11;2021-01-23;160;0;5633;35;1.5;0.0
11;2021-01-24;139;0;5772;35;1.5;0.0
11;2021-01-25;375;19;6147;54;1.6;0.0
11;2021-01-26;847;85;6994;139;1.9;0.0
11;2021-01-27;799;25;7793;164;2.1;0.0
11;2021-01-28;649;61;8442;225;2.3;0.1
11;2021-01-29;440;122;8882;347;2.4;0.1
11;2021-01-30;134;1;9016;348;2.4;0.1
11;2021-01-31;82;0;9098;348;2.4;0.1
11;2021-02-01;344;192;9442;540;2.5;0.1
11;2021-02-02;412;406;9854;946;2.6;0.3
11;2021-02-03;391;349;10245;1295;2.7;0.3
11;2021-02-04;376;496;10621;1791;2.8;0.5
11;2021-02-05;317;333;10938;2124;2.9;0.6
11;2021-02-06;209;61;11147;2185;3.0;0.6
11;2021-02-07;108;12;11255;2197;3.0;0.6
11;2021-02-08;316;150;11571;2347;3.1;0.6
11;2021-02-09;302;272;11873;2619;3.2;0.7
11;2021-02-10;342;429;12215;3048;3.3;0.8
11;2021-02-11;610;628;12825;3676;3.4;1.0
11;2021-02-12;404;372;13229;4048;3.5;1.1
11;2021-02-13;194;115;13423;4163;3.6;1.1
11;2021-02-14;72;25;13495;4188;3.6;1.1
11;2021-02-15;241;200;13736;4388;3.7;1.2
11;2021-02-16;265;503;14001;4891;3.8;1.3
11;2021-02-17;453;607;14454;5498;3.9;1.5
11;2021-02-18;456;557;14910;6055;4.0;1.6
11;2021-02-19;300;527;15210;6582;4.1;1.8
11;2021-02-20;147;71;15357;6653;4.1;1.8
11;2021-02-21;59;42;15416;6695;4.1;1.8
11;2021-02-22;124;320;15540;7015;4.2;1.9
11;2021-02-23;283;313;15823;7328;4.2;2.0
11;2021-02-24;251;359;16074;7687;4.3;2.1
11;2021-02-25;563;316;16637;8003;4.5;2.1
11;2021-02-26;523;310;17160;8313;4.6;2.2
11;2021-02-27;319;98;17479;8411;4.7;2.3
11;2021-02-28;95;24;17574;8435;4.7;2.3
11;2021-03-01;339;305;17913;8740;4.8;2.3
11;2021-03-02;562;382;18475;9122;5.0;2.4
11;2021-03-03;600;425;19075;9547;5.1;2.6
11;2021-03-04;1077;406;20152;9953;5.4;2.7
11;2021-03-05;1003;407;21155;10360;5.7;2.8
11;2021-03-06;1094;205;22249;10565;6.0;2.8
11;2021-03-07;658;33;22907;10598;6.1;2.8
11;2021-03-08;370;348;23277;10946;6.2;2.9
11;2021-03-09;997;398;24274;11344;6.5;3.0
11;2021-03-10;1174;542;25448;11886;6.8;3.2
11;2021-03-11;1571;445;27019;12331;7.2;3.3
11;2021-03-12;1456;439;28475;12770;7.6;3.4
11;2021-03-13;1159;238;29634;13008;8.0;3.5
11;2021-03-14;523;54;30157;13062;8.1;3.5
11;2021-03-15;651;238;30808;13300;8.3;3.6
11;2021-03-16;853;199;31661;13499;8.5;3.6
11;2021-03-17;906;219;32567;13718;8.7;3.7
11;2021-03-18;1172;282;33739;14000;9.1;3.8
11;2021-03-19;1371;248;35110;14248;9.4;3.8
11;2021-03-20;790;174;35900;14422;9.6;3.9
11;2021-03-21;225;67;36125;14489;9.7;3.9
11;2021-03-22;808;218;36933;14707;9.9;3.9
11;2021-03-23;1806;392;38739;15099;10.4;4.1
11;2021-03-24;1846;317;40585;15416;10.9;4.1
11;2021-03-25;2190;373;42775;15789;11.5;4.2
11;2021-03-26;2125;446;44900;16235;12.0;4.4
11;2021-03-27;1178;145;46078;16380;12.4;4.4
11;2021-03-28;265;43;46343;16423;12.4;4.4
11;2021-03-29;1182;223;47525;16646;12.8;4.5
11;2021-03-30;1993;323;49518;16969;13.3;4.6
11;2021-03-31;1614;384;51132;17353;13.7;4.7
11;2021-04-01;2146;423;53278;17776;14.3;4.8
11;2021-04-02;1643;429;54921;18205;14.7;4.9
11;2021-04-03;720;146;55641;18351;14.9;4.9
11;2021-04-04;198;76;55839;18427;15.0;4.9
11;2021-04-05;257;4;56096;18431;15.1;4.9
11;2021-04-06;1574;553;57670;18984;15.5;5.1
11;2021-04-07;1777;574;59447;19558;16.0;5.2
11;2021-04-08;1785;684;61232;20242;16.4;5.4
11;2021-04-09;2263;603;63495;20845;17.0;5.6
11;2021-04-10;1169;179;64664;21024;17.3;5.6
11;2021-04-11;549;107;65213;21131;17.5;5.7
11;2021-04-12;1615;538;66828;21669;17.9;5.8
11;2021-04-13;2261;886;69089;22555;18.5;6.1
11;2021-04-14;1661;1019;70750;23574;19.0;6.3
11;2021-04-15;1844;1131;72594;24705;19.5;6.6
11;2021-04-16;1836;849;74430;25554;20.0;6.9
11;2021-04-17;1773;564;76203;26118;20.4;7.0
11;2021-04-18;114;155;76317;26273;20.5;7.0
11;2021-04-19;1383;737;77700;27010;20.8;7.2
11;2021-04-20;1729;1282;79429;28292;21.3;7.6
11;2021-04-21;1779;1323;81208;29615;21.8;7.9
11;2021-04-22;1749;1323;82957;30938;22.3;8.3
11;2021-04-23;2012;1234;84969;32172;22.8;8.6
11;2021-04-24;1735;468;86704;32640;23.3;8.8
11;2021-04-25;659;180;87363;32820;23.4;8.8
11;2021-04-26;1380;839;88743;33659;23.8;9.0
11;2021-04-27;1839;1551;90582;35210;24.3;9.4
11;2021-04-28;2009;1467;92591;36677;24.8;9.8
11;2021-04-29;2248;1638;94839;38315;25.4;10.3
11;2021-04-30;2158;1428;96997;39743;26.0;10.7
11;2021-05-01;1338;341;98335;40084;26.4;10.8
11;2021-05-02;588;336;98923;40420;26.5;10.8
11;2021-05-03;1487;739;100410;41159;26.9;11.0
11;2021-05-04;1879;1430;102289;42589;27.4;11.4
11;2021-05-05;1895;1439;104184;44028;28.0;11.8
11;2021-05-06;2192;1476;106376;45504;28.5;12.2
11;2021-05-07;2104;1562;108480;47066;29.1;12.6
11;2021-05-08;898;727;109378;47793;29.3;12.8
11;2021-05-09;628;543;110006;48336;29.5;13.0
11;2021-05-10;1328;1652;111334;49988;29.9;13.4
11;2021-05-11;2041;1872;113375;51860;30.4;13.9
11;2021-05-12;1849;1654;115224;53514;30.9;14.4
11;2021-05-13;1406;414;116630;53928;31.3;14.5
11;2021-05-14;1714;1183;118344;55111;31.8;14.8
11;2021-05-15;1157;898;119501;56009;32.1;15.0
11;2021-05-16;808;164;120309;56173;32.3;15.1
11;2021-05-17;1471;1049;121780;57222;32.7;15.4
11;2021-05-18;1898;1196;123678;58418;33.2;15.7
11;2021-05-19;1847;1123;125525;59541;33.7;16.0
11;2021-05-20;1970;1091;127495;60632;34.2;16.3
11;2021-05-21;2275;1090;129770;61722;34.8;16.6
11;2021-05-22;1485;727;131255;62449;35.2;16.8
11;2021-05-23;768;71;132023;62520;35.4;16.8
11;2021-05-24;1411;226;133434;62746;35.8;16.8
11;2021-05-25;1811;1354;135245;64100;36.3;17.2
11;2021-05-26;1934;1303;137179;65403;36.8;17.5
11;2021-05-27;1985;1720;139164;67123;37.3;18.0
11;2021-05-28;1759;1899;140923;69022;37.8;18.5
11;2021-05-29;1427;1601;142350;70623;38.2;18.9
11;2021-05-30;486;396;142836;71019;38.3;19.1
11;2021-05-31;1261;1619;144097;72638;38.7;19.5
11;2021-06-01;1856;1904;145953;74542;39.2;20.0
11;2021-06-02;1761;2073;147714;76615;39.6;20.6
11;2021-06-03;2599;2413;150313;79028;40.3;21.2
11;2021-06-04;2146;2673;152459;81701;40.9;21.9
11;2021-06-05;1590;1904;154049;83605;41.3;22.4
11;2021-06-06;877;860;154926;84465;41.6;22.7
11;2021-06-07;1527;1714;156453;86179;42.0;23.1
11;2021-06-08;2038;1997;158491;88176;42.5;23.7
11;2021-06-09;1789;2188;160280;90364;43.0;24.2
11;2021-06-10;1807;2428;162087;92792;43.5;24.9
11;2021-06-11;1864;2494;163951;95286;44.0;25.6
11;2021-06-12;1457;1625;165408;96911;44.4;26.0
11;2021-06-13;713;723;166121;97634;44.6;26.2
11;2021-06-14;1033;1969;167154;99603;44.8;26.7
11;2021-06-15;1395;2688;168549;102291;45.2;27.4
11;2021-06-16;1337;2529;169886;104820;45.6;28.1
11;2021-06-17;1473;2540;171359;107360;46.0;28.8
11;2021-06-18;1520;2488;172879;109848;46.4;29.5
11;2021-06-19;1237;1411;174116;111259;46.7;29.9
11;2021-06-20;299;599;174415;111858;46.8;30.0
11;2021-06-21;838;2122;175253;113980;47.0;30.6
11;2021-06-22;1016;2608;176269;116588;47.3;31.3
11;2021-06-23;1097;2089;177366;118677;47.6;31.8
11;2021-06-24;907;2246;178273;120923;47.8;32.4
11;2021-06-25;991;2546;179264;123469;48.1;33.1
11;2021-06-26;776;1656;180040;125125;48.3;33.6
11;2021-06-27;210;688;180250;125813;48.4;33.8
11;2021-06-28;697;2299;180947;128112;48.5;34.4
11;2021-06-29;964;2601;181911;130713;48.8;35.1
11;2021-06-30;905;2521;182816;133234;49.1;35.7
11;2021-07-01;1004;1889;183820;135123;49.3;36.3
11;2021-07-02;968;2544;184788;137667;49.6;36.9
11;2021-07-03;728;1805;185516;139472;49.8;37.4
11;2021-07-04;340;1109;185856;140581;49.9;37.7
11;2021-07-05;696;2133;186552;142714;50.1;38.3
11;2021-07-06;972;2520;187524;145234;50.3;39.0
11;2021-07-07;946;2511;188470;147745;50.6;39.6
11;2021-07-08;1191;1912;189661;149657;50.9;40.2
11;2021-07-09;823;1794;190484;151451;51.1;40.6
11;2021-07-10;369;1301;190853;152752;51.2;41.0
11;2021-07-11;313;564;191166;153316;51.3;41.1
11;2021-07-12;505;2671;191671;155987;51.4;41.9
11;2021-07-13;1305;3068;192976;159055;51.8;42.7
11;2021-07-14;211;233;193187;159288;51.8;42.7
11;2021-07-15;1450;2969;194637;162257;52.2;43.5
11;2021-07-16;1875;2736;196512;164993;52.7;44.3
11;2021-07-17;1075;2166;197587;167159;53.0;44.9
11;2021-07-18;653;946;198240;168105;53.2;45.1
11;2021-07-19;1355;2094;199595;170199;53.6;45.7
11;2021-07-20;1997;2408;201592;172607;54.1;46.3
11;2021-07-21;2015;2440;203607;175047;54.6;47.0
11;2021-07-22;2414;1892;206021;176939;55.3;47.5
11;2021-07-23;2230;2281;208251;179220;55.9;48.1
11;2021-07-24;1274;1628;209525;180848;56.2;48.5
11;2021-07-25;750;692;210275;181540;56.4;48.7
11;2021-07-26;1667;1426;211942;182966;56.9;49.1
11;2021-07-27;2337;1999;214279;184965;57.5;49.6
11;2021-07-28;2478;1990;216757;186955;58.2;50.2
11;2021-07-29;2772;1794;219529;188749;58.9;50.6
11;2021-07-30;2574;1801;222103;190550;59.6;51.1
11;2021-07-31;2008;1136;224111;191686;60.1;51.4
11;2021-08-01;1012;483;225123;192169;60.4;51.6
11;2021-08-02;1927;1153;227050;193322;60.9;51.9
11;2021-08-03;2438;1597;229488;194919;61.6;52.3
11;2021-08-04;2557;1266;232045;196185;62.3;52.6
11;2021-08-05;2380;1336;234425;197521;62.9;53.0
11;2021-08-06;2253;1661;236678;199182;63.5;53.4
11;2021-08-07;1664;1169;238342;200351;63.9;53.8
11;2021-08-08;596;206;238938;200557;64.1;53.8
11;2021-08-09;1031;1433;239969;201990;64.4;54.2
11;2021-08-10;1739;1992;241708;203982;64.9;54.7
11;2021-08-11;1713;1690;243421;205672;65.3;55.2
11;2021-08-12;1697;1854;245118;207526;65.8;55.7
11;2021-08-13;1345;1659;246463;209185;66.1;56.1
11;2021-08-14;978;1593;247441;210778;66.4;56.6
11;2021-08-15;137;125;247578;210903;66.4;56.6
11;2021-08-16;715;1913;248293;212816;66.6;57.1
11;2021-08-17;1045;2394;249338;215210;66.9;57.7
11;2021-08-18;1104;2030;250442;217240;67.2;58.3
11;2021-08-19;995;2290;251437;219530;67.5;58.9
11;2021-08-20;965;2292;252402;221822;67.7;59.5
11;2021-08-21;574;1838;252976;223660;67.9;60.0
11;2021-08-22;190;512;253166;224172;67.9;60.1
11;2021-08-23;522;1817;253688;225989;68.1;60.6
11;2021-08-24;794;2252;254482;228241;68.3;61.2
11;2021-08-25;788;2150;255270;230391;68.5;61.8
11;2021-08-26;746;2001;256016;232392;68.7;62.4
11;2021-08-27;700;2221;256716;234613;68.9;62.9
11;2021-08-28;435;1743;257151;236356;69.0;63.4
11;2021-08-29;143;514;257294;236870;69.0;63.6
11;2021-08-30;448;1345;257742;238215;69.2;63.9
11;2021-08-31;568;1941;258310;240156;69.3;64.4
11;2021-09-01;596;1811;258906;241967;69.5;64.9
11;2021-09-02;539;1693;259445;243660;69.6;65.4
12;2020-12-27;0;0;0;0;0.0;0.0
12;2020-12-28;0;0;0;0;0.0;0.0
12;2020-12-29;0;0;0;0;0.0;0.0
12;2020-12-30;0;0;0;0;0.0;0.0
12;2020-12-31;0;0;0;0;0.0;0.0
12;2021-01-01;0;0;0;0;0.0;0.0
12;2021-01-02;0;0;0;0;0.0;0.0
12;2021-01-03;0;0;0;0;0.0;0.0
12;2021-01-04;1;0;1;0;0.0;0.0
12;2021-01-05;1;0;2;0;0.0;0.0
12;2021-01-06;12;0;14;0;0.0;0.0
12;2021-01-07;202;0;216;0;0.1;0.0
12;2021-01-08;65;0;281;0;0.1;0.0
12;2021-01-09;0;0;281;0;0.1;0.0
12;2021-01-10;1;0;282;0;0.1;0.0
12;2021-01-11;100;0;382;0;0.1;0.0
12;2021-01-12;361;1;743;1;0.3;0.0
12;2021-01-13;285;0;1028;1;0.4;0.0
12;2021-01-14;600;12;1628;13;0.6;0.0
12;2021-01-15;367;10;1995;23;0.7;0.0
12;2021-01-16;138;2;2133;25;0.8;0.0
12;2021-01-17;0;0;2133;25;0.8;0.0
12;2021-01-18;453;0;2586;25;0.9;0.0
12;2021-01-19;606;3;3192;28;1.1;0.0
12;2021-01-20;879;2;4071;30;1.5;0.0
12;2021-01-21;735;0;4806;30;1.7;0.0
12;2021-01-22;798;1;5604;31;2.0;0.0
12;2021-01-23;382;0;5986;31;2.2;0.0
12;2021-01-24;0;0;5986;31;2.2;0.0
12;2021-01-25;453;0;6439;31;2.3;0.0
12;2021-01-26;650;0;7089;31;2.5;0.0
12;2021-01-27;1885;24;8974;55;3.2;0.0
12;2021-01-28;1885;213;10859;268;3.9;0.1
12;2021-01-29;1332;45;12191;313;4.4;0.1
12;2021-01-30;359;2;12550;315;4.5;0.1
12;2021-01-31;0;0;12550;315;4.5;0.1
12;2021-02-01;333;87;12883;402;4.6;0.1
12;2021-02-02;457;237;13340;639;4.8;0.2
12;2021-02-03;457;165;13797;804;5.0;0.3
12;2021-02-04;459;523;14256;1327;5.1;0.5
12;2021-02-05;449;180;14705;1507;5.3;0.5
12;2021-02-06;220;62;14925;1569;5.4;0.6
12;2021-02-07;8;0;14933;1569;5.4;0.6
12;2021-02-08;104;311;15037;1880;5.4;0.7
12;2021-02-09;208;330;15245;2210;5.5;0.8
12;2021-02-10;464;464;15709;2674;5.6;1.0
12;2021-02-11;539;329;16248;3003;5.8;1.1
12;2021-02-12;570;331;16818;3334;6.0;1.2
12;2021-02-13;175;130;16993;3464;6.1;1.2
12;2021-02-14;1;0;16994;3464;6.1;1.2
12;2021-02-15;175;361;17169;3825;6.2;1.4
12;2021-02-16;171;493;17340;4318;6.2;1.6
12;2021-02-17;366;1414;17706;5732;6.4;2.1
12;2021-02-18;676;1638;18382;7370;6.6;2.6
12;2021-02-19;594;965;18976;8335;6.8;3.0
12;2021-02-20;103;386;19079;8721;6.9;3.1
12;2021-02-21;0;0;19079;8721;6.9;3.1
12;2021-02-22;150;384;19229;9105;6.9;3.3
12;2021-02-23;157;538;19386;9643;7.0;3.5
12;2021-02-24;157;673;19543;10316;7.0;3.7
12;2021-02-25;201;756;19744;11072;7.1;4.0
12;2021-02-26;320;642;20064;11714;7.2;4.2
12;2021-02-27;190;345;20254;12059;7.3;4.3
12;2021-02-28;13;0;20267;12059;7.3;4.3
12;2021-03-01;51;347;20318;12406;7.3;4.5
12;2021-03-02;190;506;20508;12912;7.4;4.6
12;2021-03-03;244;386;20752;13298;7.5;4.8
12;2021-03-04;278;363;21030;13661;7.6;4.9
12;2021-03-05;421;368;21451;14029;7.7;5.0
12;2021-03-06;793;129;22244;14158;8.0;5.1
12;2021-03-07;140;32;22384;14190;8.0;5.1
12;2021-03-08;234;206;22618;14396;8.1;5.2
12;2021-03-09;716;230;23334;14626;8.4;5.3
12;2021-03-10;784;737;24118;15363;8.7;5.5
12;2021-03-11;919;660;25037;16023;9.0;5.8
12;2021-03-12;1260;525;26297;16548;9.4;5.9
12;2021-03-13;896;140;27193;16688;9.8;6.0
12;2021-03-14;45;2;27238;16690;9.8;6.0
12;2021-03-15;559;155;27797;16845;10.0;6.1
12;2021-03-16;818;162;28615;17007;10.3;6.1
12;2021-03-17;1504;167;30119;17174;10.8;6.2
12;2021-03-18;996;251;31115;17425;11.2;6.3
12;2021-03-19;1383;281;32498;17706;11.7;6.4
12;2021-03-20;724;79;33222;17785;11.9;6.4
12;2021-03-21;264;10;33486;17795;12.0;6.4
12;2021-03-22;606;175;34092;17970;12.2;6.5
12;2021-03-23;1214;175;35306;18145;12.7;6.5
12;2021-03-24;1422;205;36728;18350;13.2;6.6
12;2021-03-25;1846;206;38574;18556;13.9;6.7
12;2021-03-26;1978;227;40552;18783;14.6;6.7
12;2021-03-27;981;67;41533;18850;14.9;6.8
12;2021-03-28;60;1;41593;18851;14.9;6.8
12;2021-03-29;963;84;42556;18935;15.3;6.8
12;2021-03-30;1737;123;44293;19058;15.9;6.8
12;2021-03-31;1461;107;45754;19165;16.4;6.9
12;2021-04-01;1958;163;47712;19328;17.1;6.9
12;2021-04-02;1615;343;49327;19671;17.7;7.1
12;2021-04-03;882;95;50209;19766;18.0;7.1
12;2021-04-04;1;0;50210;19766;18.0;7.1
12;2021-04-05;645;12;50855;19778;18.3;7.1
12;2021-04-06;1154;537;52009;20315;18.7;7.3
12;2021-04-07;1651;639;53660;20954;19.3;7.5
12;2021-04-08;2098;568;55758;21522;20.0;7.7
12;2021-04-09;2112;650;57870;22172;20.8;8.0
12;2021-04-10;1427;219;59297;22391;21.3;8.0
12;2021-04-11;120;1;59417;22392;21.3;8.0
12;2021-04-12;1837;504;61254;22896;22.0;8.2
12;2021-04-13;1907;779;63161;23675;22.7;8.5
12;2021-04-14;1831;1319;64992;24994;23.3;9.0
12;2021-04-15;1938;898;66930;25892;24.0;9.3
12;2021-04-16;1676;1204;68606;27096;24.6;9.7
12;2021-04-17;1554;567;70160;27663;25.2;9.9
12;2021-04-18;0;0;70160;27663;25.2;9.9
12;2021-04-19;1688;549;71848;28212;25.8;10.1
12;2021-04-20;1545;983;73393;29195;26.4;10.5
12;2021-04-21;1693;1183;75086;30378;27.0;10.9
12;2021-04-22;1691;1096;76777;31474;27.6;11.3
12;2021-04-23;1383;1335;78160;32809;28.1;11.8
12;2021-04-24;1451;720;79611;33529;28.6;12.0
12;2021-04-25;60;0;79671;33529;28.6;12.0
12;2021-04-26;1459;897;81130;34426;29.1;12.4
12;2021-04-27;1320;1279;82450;35705;29.6;12.8
12;2021-04-28;1113;1868;83563;37573;30.0;13.5
12;2021-04-29;1571;1911;85134;39484;30.6;14.2
12;2021-04-30;1812;1837;86946;41321;31.2;14.8
12;2021-05-01;1616;260;88562;41581;31.8;14.9
12;2021-05-02;8;0;88570;41581;31.8;14.9
12;2021-05-03;1713;1251;90283;42832;32.4;15.4
12;2021-05-04;1482;1392;91765;44224;33.0;15.9
12;2021-05-05;1293;1673;93058;45897;33.4;16.5
12;2021-05-06;1752;1378;94810;47275;34.1;17.0
12;2021-05-07;1482;1776;96292;49051;34.6;17.6
12;2021-05-08;1330;461;97622;49512;35.1;17.8
12;2021-05-09;13;34;97635;49546;35.1;17.8
12;2021-05-10;828;2215;98463;51761;35.4;18.6
12;2021-05-11;930;1852;99393;53613;35.7;19.3
12;2021-05-12;949;1820;100342;55433;36.0;19.9
12;2021-05-13;1587;810;101929;56243;36.6;20.2
12;2021-05-14;1235;1533;103164;57776;37.1;20.8
12;2021-05-15;1068;1115;104232;58891;37.4;21.2
12;2021-05-16;2;19;104234;58910;37.4;21.2
12;2021-05-17;1082;1810;105316;60720;37.8;21.8
12;2021-05-18;1427;1534;106743;62254;38.3;22.4
12;2021-05-19;1915;1330;108658;63584;39.0;22.8
12;2021-05-20;2119;875;110777;64459;39.8;23.2
12;2021-05-21;1821;1253;112598;65712;40.5;23.6
12;2021-05-22;1206;1015;113804;66727;40.9;24.0
12;2021-05-23;7;12;113811;66739;40.9;24.0
12;2021-05-24;1956;538;115767;67277;41.6;24.2
12;2021-05-25;1744;1159;117511;68436;42.2;24.6
12;2021-05-26;1998;777;119509;69213;42.9;24.9
12;2021-05-27;2164;744;121673;69957;43.7;25.1
12;2021-05-28;1928;1031;123601;70988;44.4;25.5
12;2021-05-29;1637;805;125238;71793;45.0;25.8
12;2021-05-30;9;43;125247;71836;45.0;25.8
12;2021-05-31;1699;817;126946;72653;45.6;26.1
12;2021-06-01;1889;1027;128835;73680;46.3;26.5
12;2021-06-02;1979;1053;130814;74733;47.0;26.8
12;2021-06-03;2121;830;132935;75563;47.8;27.1
12;2021-06-04;1967;1418;134902;76981;48.5;27.7
12;2021-06-05;1739;985;136641;77966;49.1;28.0
12;2021-06-06;5;6;136646;77972;49.1;28.0
12;2021-06-07;1091;1808;137737;79780;49.5;28.7
12;2021-06-08;1333;1201;139070;80981;50.0;29.1
12;2021-06-09;896;1291;139966;82272;50.3;29.6
12;2021-06-10;1022;921;140988;83193;50.6;29.9
12;2021-06-11;1204;2082;142192;85275;51.1;30.6
12;2021-06-12;1033;1321;143225;86596;51.5;31.1
12;2021-06-13;6;47;143231;86643;51.5;31.1
12;2021-06-14;662;1830;143893;88473;51.7;31.8
12;2021-06-15;745;1882;144638;90355;52.0;32.5
12;2021-06-16;821;1818;145459;92173;52.3;33.1
12;2021-06-17;678;995;146137;93168;52.5;33.5
12;2021-06-18;1134;1840;147271;95008;52.9;34.1
12;2021-06-19;914;1406;148185;96414;53.2;34.6
12;2021-06-20;4;10;148189;96424;53.2;34.6
12;2021-06-21;512;1738;148701;98162;53.4;35.3
12;2021-06-22;503;1474;149204;99636;53.6;35.8
12;2021-06-23;578;1307;149782;100943;53.8;36.3
12;2021-06-24;249;545;150031;101488;53.9;36.5
12;2021-06-25;876;1840;150907;103328;54.2;37.1
12;2021-06-26;674;1527;151581;104855;54.5;37.7
12;2021-06-27;1;9;151582;104864;54.5;37.7
12;2021-06-28;468;2453;152050;107317;54.6;38.6
12;2021-06-29;565;1957;152615;109274;54.8;39.3
12;2021-06-30;830;2133;153445;111407;55.1;40.0
12;2021-07-01;343;1086;153788;112493;55.2;40.4
12;2021-07-02;796;2626;154584;115119;55.5;41.4
12;2021-07-03;565;1873;155149;116992;55.7;42.0
12;2021-07-04;1;0;155150;116992;55.7;42.0
12;2021-07-05;440;2407;155590;119399;55.9;42.9
12;2021-07-06;640;2497;156230;121896;56.1;43.8
12;2021-07-07;688;2117;156918;124013;56.4;44.6
12;2021-07-08;294;912;157212;124925;56.5;44.9
12;2021-07-09;724;2589;157936;127514;56.7;45.8
12;2021-07-10;445;2077;158381;129591;56.9;46.6
12;2021-07-11;0;0;158381;129591;56.9;46.6
12;2021-07-12;584;2437;158965;132028;57.1;47.4
12;2021-07-13;842;2591;159807;134619;57.4;48.4
12;2021-07-14;44;25;159851;134644;57.4;48.4
12;2021-07-15;792;2107;160643;136751;57.7;49.1
12;2021-07-16;1248;2555;161891;139306;58.2;50.0
12;2021-07-17;790;2007;162681;141313;58.4;50.8
12;2021-07-18;25;11;162706;141324;58.5;50.8
12;2021-07-19;1319;2004;164025;143328;58.9;51.5
12;2021-07-20;1421;1474;165446;144802;59.4;52.0
12;2021-07-21;1022;940;166468;145742;59.8;52.4
12;2021-07-22;2229;1307;168697;147049;60.6;52.8
12;2021-07-23;1865;2063;170562;149112;61.3;53.6
12;2021-07-24;1604;1564;172166;150676;61.9;54.1
12;2021-07-25;98;28;172264;150704;61.9;54.1
12;2021-07-26;1931;1436;174195;152140;62.6;54.7
12;2021-07-27;2237;1007;176432;153147;63.4;55.0
12;2021-07-28;1716;675;178148;153822;64.0;55.3
12;2021-07-29;1192;807;179340;154629;64.4;55.6
12;2021-07-30;2508;1281;181848;155910;65.3;56.0
12;2021-07-31;1963;1003;183811;156913;66.0;56.4
12;2021-08-01;225;38;184036;156951;66.1;56.4
12;2021-08-02;1812;830;185848;157781;66.8;56.7
12;2021-08-03;1957;771;187805;158552;67.5;57.0
12;2021-08-04;1690;832;189495;159384;68.1;57.3
12;2021-08-05;1635;684;191130;160068;68.7;57.5
12;2021-08-06;1703;1313;192833;161381;69.3;58.0
12;2021-08-07;1446;743;194279;162124;69.8;58.2
12;2021-08-08;0;3;194279;162127;69.8;58.2
12;2021-08-09;1349;1417;195628;163544;70.3;58.8
12;2021-08-10;1340;1255;196968;164799;70.8;59.2
12;2021-08-11;816;1195;197784;165994;71.1;59.6
12;2021-08-12;730;1070;198514;167064;71.3;60.0
12;2021-08-13;1051;1338;199565;168402;71.7;60.5
12;2021-08-14;732;1354;200297;169756;72.0;61.0
12;2021-08-15;254;75;200551;169831;72.0;61.0
12;2021-08-16;667;1815;201218;171646;72.3;61.7
12;2021-08-17;902;1991;202120;173637;72.6;62.4
12;2021-08-18;449;1520;202569;175157;72.8;62.9
12;2021-08-19;635;1115;203204;176272;73.0;63.3
12;2021-08-20;792;1887;203996;178159;73.3;64.0
12;2021-08-21;472;1525;204468;179684;73.5;64.6
12;2021-08-22;93;27;204561;179711;73.5;64.6
12;2021-08-23;452;1920;205013;181631;73.7;65.3
12;2021-08-24;485;1915;205498;183546;73.8;65.9
12;2021-08-25;329;1580;205827;185126;73.9;66.5
12;2021-08-26;481;1608;206308;186734;74.1;67.1
12;2021-08-27;599;1696;206907;188430;74.3;67.7
12;2021-08-28;332;1550;207239;189980;74.4;68.2
12;2021-08-29;175;140;207414;190120;74.5;68.3
12;2021-08-30;560;1910;207974;192030;74.7;69.0
12;2021-08-31;414;1392;208388;193422;74.9;69.5
12;2021-09-01;424;1016;208812;194438;75.0;69.9
12;2021-09-02;254;808;209066;195246;75.1;70.1
13;2020-12-27;4;0;4;0;0.0;0.0
13;2020-12-28;3;0;7;0;0.0;0.0
13;2020-12-29;0;0;7;0;0.0;0.0
13;2020-12-30;2;0;9;0;0.0;0.0
13;2020-12-31;6;0;15;0;0.0;0.0
13;2021-01-01;4;0;19;0;0.0;0.0
13;2021-01-02;4;0;23;0;0.0;0.0
13;2021-01-03;9;0;32;0;0.0;0.0
13;2021-01-04;0;0;32;0;0.0;0.0
13;2021-01-05;78;1;110;1;0.0;0.0
13;2021-01-06;122;0;232;1;0.0;0.0
13;2021-01-07;174;1;406;2;0.0;0.0
13;2021-01-08;188;0;594;2;0.0;0.0
13;2021-01-09;13;0;607;2;0.0;0.0
13;2021-01-10;3;0;610;2;0.0;0.0
13;2021-01-11;480;1;1090;3;0.1;0.0
13;2021-01-12;814;1;1904;4;0.1;0.0
13;2021-01-13;1085;1;2989;5;0.1;0.0
13;2021-01-14;1570;17;4559;22;0.2;0.0
13;2021-01-15;1535;7;6094;29;0.3;0.0
13;2021-01-16;407;2;6501;31;0.3;0.0
13;2021-01-17;44;0;6545;31;0.3;0.0
13;2021-01-18;2383;9;8928;40;0.4;0.0
13;2021-01-19;7408;38;16336;78;0.8;0.0
13;2021-01-20;5562;17;21898;95;1.1;0.0
13;2021-01-21;5363;28;27261;123;1.3;0.0
13;2021-01-22;4000;22;31261;145;1.5;0.0
13;2021-01-23;1349;6;32610;151;1.6;0.0
13;2021-01-24;490;5;33100;156;1.6;0.0
13;2021-01-25;2339;29;35439;185;1.7;0.0
13;2021-01-26;2953;90;38392;275;1.9;0.0
13;2021-01-27;3118;122;41510;397;2.0;0.0
13;2021-01-28;3246;189;44756;586;2.2;0.0
13;2021-01-29;2509;130;47265;716;2.3;0.0
13;2021-01-30;1025;10;48290;726;2.4;0.0
13;2021-01-31;249;0;48539;726;2.4;0.0
13;2021-02-01;1861;288;50400;1014;2.5;0.0
13;2021-02-02;2255;598;52655;1612;2.6;0.1
13;2021-02-03;1864;574;54519;2186;2.7;0.1
13;2021-02-04;1906;918;56425;3104;2.8;0.2
13;2021-02-05;2626;1538;59051;4642;2.9;0.2
13;2021-02-06;851;303;59902;4945;2.9;0.2
13;2021-02-07;277;6;60179;4951;3.0;0.2
13;2021-02-08;1900;1512;62079;6463;3.1;0.3
13;2021-02-09;3314;4395;65393;10858;3.2;0.5
13;2021-02-10;3233;3381;68626;14239;3.4;0.7
13;2021-02-11;3580;3547;72206;17786;3.5;0.9
13;2021-02-12;2837;3099;75043;20885;3.7;1.0
13;2021-02-13;733;586;75776;21471;3.7;1.1
13;2021-02-14;72;374;75848;21845;3.7;1.1
13;2021-02-15;969;1982;76817;23827;3.8;1.2
13;2021-02-16;1392;2580;78209;26407;3.8;1.3
13;2021-02-17;1345;2930;79554;29337;3.9;1.4
13;2021-02-18;1903;2643;81457;31980;4.0;1.6
13;2021-02-19;1515;2148;82972;34128;4.1;1.7
13;2021-02-20;458;761;83430;34889;4.1;1.7
13;2021-02-21;33;272;83463;35161;4.1;1.7
13;2021-02-22;1022;2226;84485;37387;4.2;1.8
13;2021-02-23;1283;2620;85768;40007;4.2;2.0
13;2021-02-24;1518;2582;87286;42589;4.3;2.1
13;2021-02-25;2383;2109;89669;44698;4.4;2.2
13;2021-02-26;2457;2102;92126;46800;4.5;2.3
13;2021-02-27;982;737;93108;47537;4.6;2.3
13;2021-02-28;193;199;93301;47736;4.6;2.3
13;2021-03-01;1924;1501;95225;49237;4.7;2.4
13;2021-03-02;3008;2615;98233;51852;4.8;2.5
13;2021-03-03;3486;2569;101719;54421;5.0;2.7
13;2021-03-04;4206;3121;105925;57542;5.2;2.8
13;2021-03-05;4045;2778;109970;60320;5.4;3.0
13;2021-03-06;5302;830;115272;61150;5.7;3.0
13;2021-03-07;4292;378;119564;61528;5.9;3.0
13;2021-03-08;3928;1993;123492;63521;6.1;3.1
13;2021-03-09;5072;2279;128564;65800;6.3;3.2
13;2021-03-10;5180;1993;133744;67793;6.6;3.3
13;2021-03-11;7307;2140;141051;69933;6.9;3.4
13;2021-03-12;8329;2112;149380;72045;7.3;3.5
13;2021-03-13;6376;734;155756;72779;7.7;3.6
13;2021-03-14;2311;167;158067;72946;7.8;3.6
13;2021-03-15;6357;1315;164424;74261;8.1;3.7
13;2021-03-16;5078;1541;169502;75802;8.3;3.7
13;2021-03-17;5175;1418;174677;77220;8.6;3.8
13;2021-03-18;5818;1883;180495;79103;8.9;3.9
13;2021-03-19;6810;1615;187305;80718;9.2;4.0
13;2021-03-20;4041;704;191346;81422;9.4;4.0
13;2021-03-21;724;85;192070;81507;9.4;4.0
13;2021-03-22;7299;1560;199369;83067;9.8;4.1
13;2021-03-23;9126;1752;208495;84819;10.2;4.2
13;2021-03-24;8859;2189;217354;87008;10.7;4.3
13;2021-03-25;10914;2125;228268;89133;11.2;4.4
13;2021-03-26;10714;1914;238982;91047;11.7;4.5
13;2021-03-27;4865;832;243847;91879;12.0;4.5
13;2021-03-28;1119;81;244966;91960;12.0;4.5
13;2021-03-29;7578;2003;252544;93963;12.4;4.6
13;2021-03-30;12620;2532;265164;96495;13.0;4.7
13;2021-03-31;10817;3167;275981;99662;13.6;4.9
13;2021-04-01;12270;3054;288251;102716;14.2;5.0
13;2021-04-02;9792;3901;298043;106617;14.6;5.2
13;2021-04-03;4009;2807;302052;109424;14.8;5.4
13;2021-04-04;630;305;302682;109729;14.9;5.4
13;2021-04-05;3532;730;306214;110459;15.1;5.4
13;2021-04-06;8518;4255;314732;114714;15.5;5.6
13;2021-04-07;10082;4692;324814;119406;16.0;5.9
13;2021-04-08;10118;5465;334932;124871;16.5;6.1
13;2021-04-09;11273;5118;346205;129989;17.0;6.4
13;2021-04-10;7301;2097;353506;132086;17.4;6.5
13;2021-04-11;1379;533;354885;132619;17.4;6.5
13;2021-04-12;7982;4791;362867;137410;17.8;6.8
13;2021-04-13;9144;5503;372011;142913;18.3;7.0
13;2021-04-14;9534;5824;381545;148737;18.8;7.3
13;2021-04-15;9877;5964;391422;154701;19.2;7.6
13;2021-04-16;9968;5567;401390;160268;19.7;7.9
13;2021-04-17;4081;2022;405471;162290;19.9;8.0
13;2021-04-18;2523;1423;407994;163713;20.1;8.0
13;2021-04-19;6452;6410;414446;170123;20.4;8.4
13;2021-04-20;7408;7599;421854;177722;20.7;8.7
13;2021-04-21;7774;7382;429628;185104;21.1;9.1
13;2021-04-22;8470;7934;438098;193038;21.5;9.5
13;2021-04-23;8390;6816;446488;199854;21.9;9.8
13;2021-04-24;4624;3818;451112;203672;22.2;10.0
13;2021-04-25;875;523;451987;204195;22.2;10.0
13;2021-04-26;6170;7119;458157;211314;22.5;10.4
13;2021-04-27;7262;8034;465419;219348;22.9;10.8
13;2021-04-28;9454;7715;474873;227063;23.3;11.2
13;2021-04-29;11406;7609;486279;234672;23.9;11.5
13;2021-04-30;10923;7384;497202;242056;24.4;11.9
13;2021-05-01;5366;3794;502568;245850;24.7;12.1
13;2021-05-02;2099;748;504667;246598;24.8;12.1
13;2021-05-03;7299;7865;511966;254463;25.2;12.5
13;2021-05-04;8456;8518;520422;262981;25.6;12.9
13;2021-05-05;8230;8972;528652;271953;26.0;13.4
13;2021-05-06;10142;8589;538794;280542;26.5;13.8
13;2021-05-07;8855;10042;547649;290584;26.9;14.3
13;2021-05-08;4572;3932;552221;294516;27.1;14.5
13;2021-05-09;937;686;553158;295202;27.2;14.5
13;2021-05-10;7715;8763;560873;303965;27.6;14.9
13;2021-05-11;10980;9576;571853;313541;28.1;15.4
13;2021-05-12;12842;8730;584695;322271;28.7;15.8
13;2021-05-13;9511;3639;594206;325910;29.2;16.0
13;2021-05-14;13658;6453;607864;332363;29.9;16.3
13;2021-05-15;10200;4535;618064;336898;30.4;16.6
13;2021-05-16;3125;790;621189;337688;30.5;16.6
13;2021-05-17;10846;6816;632035;344504;31.1;16.9
13;2021-05-18;11921;6481;643956;350985;31.7;17.3
13;2021-05-19;12159;6355;656115;357340;32.2;17.6
13;2021-05-20;13452;6465;669567;363805;32.9;17.9
13;2021-05-21;13003;6780;682570;370585;33.6;18.2
13;2021-05-22;7522;3637;690092;374222;33.9;18.4
13;2021-05-23;863;639;690955;374861;34.0;18.4
13;2021-05-24;6769;2474;697724;377335;34.3;18.5
13;2021-05-25;9273;7605;706997;384940;34.8;18.9
13;2021-05-26;10143;7843;717140;392783;35.2;19.3
13;2021-05-27;10351;8430;727491;401213;35.8;19.7
13;2021-05-28;9008;9176;736499;410389;36.2;20.2
13;2021-05-29;7178;4628;743677;415017;36.6;20.4
13;2021-05-30;891;527;744568;415544;36.6;20.4
13;2021-05-31;8194;8033;752762;423577;37.0;20.8
13;2021-06-01;9590;9304;762352;432881;37.5;21.3
13;2021-06-02;10090;8792;772442;441673;38.0;21.7
13;2021-06-03;12298;9495;784740;451168;38.6;22.2
13;2021-06-04;12038;10047;796778;461215;39.2;22.7
13;2021-06-05;7831;5587;804609;466802;39.5;22.9
13;2021-06-06;1671;886;806280;467688;39.6;23.0
13;2021-06-07;6686;9884;812966;477572;40.0;23.5
13;2021-06-08;8316;9992;821282;487564;40.4;24.0
13;2021-06-09;8400;9738;829682;497302;40.8;24.4
13;2021-06-10;8944;9780;838626;507082;41.2;24.9
13;2021-06-11;8235;12714;846861;519796;41.6;25.5
13;2021-06-12;5788;6707;852649;526503;41.9;25.9
13;2021-06-13;953;1215;853602;527718;42.0;25.9
13;2021-06-14;6007;11146;859609;538864;42.3;26.5
13;2021-06-15;7294;11407;866903;550271;42.6;27.0
13;2021-06-16;7347;9881;874250;560152;43.0;27.5
13;2021-06-17;7442;10718;881692;570870;43.3;28.1
13;2021-06-18;7548;11077;889240;581947;43.7;28.6
13;2021-06-19;4617;7501;893857;589448;43.9;29.0
13;2021-06-20;961;1045;894818;590493;44.0;29.0
13;2021-06-21;4470;12269;899288;602762;44.2;29.6
13;2021-06-22;4942;13875;904230;616637;44.4;30.3
13;2021-06-23;5153;13576;909383;630213;44.7;31.0
13;2021-06-24;5339;12856;914722;643069;45.0;31.6
13;2021-06-25;5266;14688;919988;657757;45.2;32.3
13;2021-06-26;3022;9683;923010;667440;45.4;32.8
13;2021-06-27;535;931;923545;668371;45.4;32.9
13;2021-06-28;3736;12560;927281;680931;45.6;33.5
13;2021-06-29;4503;12907;931784;693838;45.8;34.1
13;2021-06-30;4903;12694;936687;706532;46.0;34.7
13;2021-07-01;5592;11497;942279;718029;46.3;35.3
13;2021-07-02;5584;12405;947863;730434;46.6;35.9
13;2021-07-03;3512;9165;951375;739599;46.8;36.4
13;2021-07-04;475;867;951850;740466;46.8;36.4
13;2021-07-05;3875;11781;955725;752247;47.0;37.0
13;2021-07-06;5468;11684;961193;763931;47.2;37.5
13;2021-07-07;5826;10707;967019;774638;47.5;38.1
13;2021-07-08;6231;10325;973250;784963;47.8;38.6
13;2021-07-09;5937;11928;979187;796891;48.1;39.2
13;2021-07-10;3167;8638;982354;805529;48.3;39.6
13;2021-07-11;437;1013;982791;806542;48.3;39.6
13;2021-07-12;4491;10957;987282;817499;48.5;40.2
13;2021-07-13;8973;13182;996255;830681;49.0;40.8
13;2021-07-14;5614;4864;1001869;835545;49.2;41.1
13;2021-07-15;11451;12946;1013320;848491;49.8;41.7
13;2021-07-16;12202;12919;1025522;861410;50.4;42.3
13;2021-07-17;6586;8493;1032108;869903;50.7;42.8
13;2021-07-18;726;1060;1032834;870963;50.8;42.8
13;2021-07-19;9806;11149;1042640;882112;51.2;43.4
13;2021-07-20;12276;11651;1054916;893763;51.9;43.9
13;2021-07-21;12696;10342;1067612;904105;52.5;44.4
13;2021-07-22;14558;10452;1082170;914557;53.2;45.0
13;2021-07-23;14477;10956;1096647;925513;53.9;45.5
13;2021-07-24;8343;7990;1104990;933503;54.3;45.9
13;2021-07-25;1014;785;1106004;934288;54.4;45.9
13;2021-07-26;11660;9105;1117664;943393;54.9;46.4
13;2021-07-27;13612;9403;1131276;952796;55.6;46.8
13;2021-07-28;12338;8174;1143614;960970;56.2;47.2
13;2021-07-29;13840;8162;1157454;969132;56.9;47.6
13;2021-07-30;13729;8654;1171183;977786;57.6;48.1
13;2021-07-31;8693;5846;1179876;983632;58.0;48.3
13;2021-08-01;1105;725;1180981;984357;58.0;48.4
13;2021-08-02;10026;6711;1191007;991068;58.5;48.7
13;2021-08-03;11068;7297;1202075;998365;59.1;49.1
13;2021-08-04;9426;6551;1211501;1004916;59.5;49.4
13;2021-08-05;9431;7550;1220932;1012466;60.0;49.8
13;2021-08-06;9137;9004;1230069;1021470;60.5;50.2
13;2021-08-07;5420;5558;1235489;1027028;60.7;50.5
13;2021-08-08;900;799;1236389;1027827;60.8;50.5
13;2021-08-09;8283;9056;1244672;1036883;61.2;51.0
13;2021-08-10;9013;8882;1253685;1045765;61.6;51.4
13;2021-08-11;7763;8516;1261448;1054281;62.0;51.8
13;2021-08-12;7594;9635;1269042;1063916;62.4;52.3
13;2021-08-13;6828;9174;1275870;1073090;62.7;52.7
13;2021-08-14;3674;6440;1279544;1079530;62.9;53.1
13;2021-08-15;475;732;1280019;1080262;62.9;53.1
13;2021-08-16;6391;11051;1286410;1091313;63.2;53.6
13;2021-08-17;6613;10594;1293023;1101907;63.6;54.2
13;2021-08-18;6278;10156;1299301;1112063;63.9;54.7
13;2021-08-19;6637;10567;1305938;1122630;64.2;55.2
13;2021-08-20;5760;11216;1311698;1133846;64.5;55.7
13;2021-08-21;2595;7553;1314293;1141399;64.6;56.1
13;2021-08-22;367;1088;1314660;1142487;64.6;56.2
13;2021-08-23;4905;11199;1319565;1153686;64.9;56.7
13;2021-08-24;5395;10891;1324960;1164577;65.1;57.2
13;2021-08-25;5148;10066;1330108;1174643;65.4;57.7
13;2021-08-26;5082;9745;1335190;1184388;65.6;58.2
13;2021-08-27;4959;10584;1340149;1194972;65.9;58.7
13;2021-08-28;2317;6433;1342466;1201405;66.0;59.1
13;2021-08-29;330;1131;1342796;1202536;66.0;59.1
13;2021-08-30;4174;9822;1346970;1212358;66.2;59.6
13;2021-08-31;4452;10073;1351422;1222431;66.4;60.1
13;2021-09-01;4135;8537;1355557;1230968;66.6;60.5
13;2021-09-02;4105;8409;1359662;1239377;66.8;60.9
14;2020-12-27;0;0;0;0;0.0;0.0
14;2020-12-28;1;1;1;1;0.0;0.0
14;2020-12-29;0;0;1;1;0.0;0.0
14;2020-12-30;0;0;1;1;0.0;0.0
14;2020-12-31;3;0;4;1;0.0;0.0
14;2021-01-01;1;0;5;1;0.0;0.0
14;2021-01-02;1;0;6;1;0.0;0.0
14;2021-01-03;0;0;6;1;0.0;0.0
14;2021-01-04;10;0;16;1;0.0;0.0
14;2021-01-05;24;0;40;1;0.0;0.0
14;2021-01-06;349;0;389;1;0.1;0.0
14;2021-01-07;402;2;791;3;0.1;0.0
14;2021-01-08;631;2;1422;5;0.2;0.0
14;2021-01-09;127;0;1549;5;0.2;0.0
14;2021-01-10;41;0;1590;5;0.2;0.0
14;2021-01-11;673;1;2263;6;0.3;0.0
14;2021-01-12;953;2;3216;8;0.5;0.0
14;2021-01-13;850;1;4066;9;0.6;0.0
14;2021-01-14;2837;17;6903;26;1.0;0.0
14;2021-01-15;1896;19;8799;45;1.3;0.0
14;2021-01-16;271;2;9070;47;1.3;0.0
14;2021-01-17;145;7;9215;54;1.3;0.0
14;2021-01-18;1085;5;10300;59;1.5;0.0
14;2021-01-19;1152;2;11452;61;1.7;0.0
14;2021-01-20;1988;4;13440;65;1.9;0.0
14;2021-01-21;1815;6;15255;71;2.2;0.0
14;2021-01-22;1494;5;16749;76;2.4;0.0
14;2021-01-23;297;1;17046;77;2.5;0.0
14;2021-01-24;72;0;17118;77;2.5;0.0
14;2021-01-25;911;10;18029;87;2.6;0.0
14;2021-01-26;848;35;18877;122;2.7;0.0
14;2021-01-27;882;158;19759;280;2.9;0.0
14;2021-01-28;782;145;20541;425;3.0;0.1
14;2021-01-29;783;225;21324;650;3.1;0.1
14;2021-01-30;270;12;21594;662;3.1;0.1
14;2021-01-31;58;3;21652;665;3.1;0.1
14;2021-02-01;727;224;22379;889;3.2;0.1
14;2021-02-02;828;419;23207;1308;3.4;0.2
14;2021-02-03;761;381;23968;1689;3.5;0.2
14;2021-02-04;1170;2050;25138;3739;3.6;0.5
14;2021-02-05;1294;1302;26432;5041;3.8;0.7
14;2021-02-06;396;229;26828;5270;3.9;0.8
14;2021-02-07;179;70;27007;5340;3.9;0.8
14;2021-02-08;774;774;27781;6114;4.0;0.9
14;2021-02-09;722;981;28503;7095;4.1;1.0
14;2021-02-10;825;1585;29328;8680;4.2;1.3
14;2021-02-11;1351;1423;30679;10103;4.4;1.5
14;2021-02-12;1382;1045;32061;11148;4.6;1.6
14;2021-02-13;308;182;32369;11330;4.7;1.6
14;2021-02-14;84;60;32453;11390;4.7;1.6
14;2021-02-15;441;1018;32894;12408;4.8;1.8
14;2021-02-16;679;924;33573;13332;4.9;1.9
14;2021-02-17;405;937;33978;14269;4.9;2.1
14;2021-02-18;706;849;34684;15118;5.0;2.2
14;2021-02-19;733;756;35417;15874;5.1;2.3
14;2021-02-20;88;261;35505;16135;5.1;2.3
14;2021-02-21;6;87;35511;16222;5.1;2.3
14;2021-02-22;431;1002;35942;17224;5.2;2.5
14;2021-02-23;486;869;36428;18093;5.3;2.6
14;2021-02-24;439;863;36867;18956;5.3;2.7
14;2021-02-25;1223;1148;38090;20104;5.5;2.9
14;2021-02-26;1576;1136;39666;21240;5.7;3.1
14;2021-02-27;507;257;40173;21497;5.8;3.1
14;2021-02-28;27;41;40200;21538;5.8;3.1
14;2021-03-01;522;892;40722;22430;5.9;3.2
14;2021-03-02;966;786;41688;23216;6.0;3.4
14;2021-03-03;1080;827;42768;24043;6.2;3.5
14;2021-03-04;1949;783;44717;24826;6.5;3.6
14;2021-03-05;2432;869;47149;25695;6.8;3.7
14;2021-03-06;3075;206;50224;25901;7.3;3.7
14;2021-03-07;1196;63;51420;25964;7.4;3.8
14;2021-03-08;1249;806;52669;26770;7.6;3.9
14;2021-03-09;1741;693;54410;27463;7.9;4.0
14;2021-03-10;1835;587;56245;28050;8.1;4.1
14;2021-03-11;2757;470;59002;28520;8.5;4.1
14;2021-03-12;4045;573;63047;29093;9.1;4.2
14;2021-03-13;1853;176;64900;29269;9.4;4.2
14;2021-03-14;31;39;64931;29308;9.4;4.2
14;2021-03-15;2005;143;66936;29451;9.7;4.3
14;2021-03-16;1401;274;68337;29725;9.9;4.3
14;2021-03-17;1155;193;69492;29918;10.1;4.3
14;2021-03-18;1480;299;70972;30217;10.3;4.4
14;2021-03-19;2608;268;73580;30485;10.6;4.4
14;2021-03-20;2658;41;76238;30526;11.0;4.4
14;2021-03-21;454;8;76692;30534;11.1;4.4
14;2021-03-22;1872;364;78564;30898;11.4;4.5
14;2021-03-23;2177;322;80741;31220;11.7;4.5
14;2021-03-24;2432;194;83173;31414;12.0;4.5
14;2021-03-25;3292;322;86465;31736;12.5;4.6
14;2021-03-26;4607;477;91072;32213;13.2;4.7
14;2021-03-27;2231;231;93303;32444;13.5;4.7
14;2021-03-28;36;1;93339;32445;13.5;4.7
14;2021-03-29;1614;482;94953;32927;13.7;4.8
14;2021-03-30;2722;516;97675;33443;14.1;4.8
14;2021-03-31;2325;925;100000;34368;14.5;5.0
14;2021-04-01;4174;1683;104174;36051;15.1;5.2
14;2021-04-02;3868;1272;108042;37323;15.6;5.4
14;2021-04-03;1128;1204;109170;38527;15.8;5.6
14;2021-04-04;25;482;109195;39009;15.8;5.6
14;2021-04-05;1219;325;110414;39334;16.0;5.7
14;2021-04-06;2383;999;112797;40333;16.3;5.8
14;2021-04-07;2729;1035;115526;41368;16.7;6.0
14;2021-04-08;4301;1120;119827;42488;17.3;6.1
14;2021-04-09;6030;1187;125857;43675;18.2;6.3
14;2021-04-10;2895;439;128752;44114;18.6;6.4
14;2021-04-11;628;121;129380;44235;18.7;6.4
14;2021-04-12;2915;1586;132295;45821;19.1;6.6
14;2021-04-13;3471;1448;135766;47269;19.6;6.8
14;2021-04-14;3121;1169;138887;48438;20.1;7.0
14;2021-04-15;4400;1503;143287;49941;20.7;7.2
14;2021-04-16;4600;1565;147887;51506;21.4;7.4
14;2021-04-17;2312;1666;150199;53172;21.7;7.7
14;2021-04-18;539;327;150738;53499;21.8;7.7
14;2021-04-19;2759;1693;153497;55192;22.2;8.0
14;2021-04-20;3390;1826;156887;57018;22.7;8.2
14;2021-04-21;3015;1472;159902;58490;23.1;8.5
14;2021-04-22;4227;2089;164129;60579;23.7;8.8
14;2021-04-23;4648;2304;168777;62883;24.4;9.1
14;2021-04-24;1852;1756;170629;64639;24.7;9.3
14;2021-04-25;456;28;171085;64667;24.7;9.4
14;2021-04-26;3378;1571;174463;66238;25.2;9.6
14;2021-04-27;3504;2575;177967;68813;25.7;10.0
14;2021-04-28;3245;1899;181212;70712;26.2;10.2
14;2021-04-29;4545;2312;185757;73024;26.9;10.6
14;2021-04-30;5125;2642;190882;75666;27.6;10.9
14;2021-05-01;3554;199;194436;75865;28.1;11.0
14;2021-05-02;1237;55;195673;75920;28.3;11.0
14;2021-05-03;2483;2771;198156;78691;28.7;11.4
14;2021-05-04;3127;2910;201283;81601;29.1;11.8
14;2021-05-05;3687;2758;204970;84359;29.6;12.2
14;2021-05-06;4930;3483;209900;87842;30.4;12.7
14;2021-05-07;4868;3852;214768;91694;31.1;13.3
14;2021-05-08;2728;1263;217496;92957;31.5;13.4
14;2021-05-09;1915;671;219411;93628;31.7;13.5
14;2021-05-10;3635;3151;223046;96779;32.3;14.0
14;2021-05-11;4346;3611;227392;100390;32.9;14.5
14;2021-05-12;4051;3218;231443;103608;33.5;15.0
14;2021-05-13;4690;1130;236133;104738;34.2;15.1
14;2021-05-14;6675;2630;242808;107368;35.1;15.5
14;2021-05-15;5151;778;247959;108146;35.9;15.6
14;2021-05-16;2319;120;250278;108266;36.2;15.7
14;2021-05-17;2820;2261;253098;110527;36.6;16.0
14;2021-05-18;4089;2242;257187;112769;37.2;16.3
14;2021-05-19;3752;2021;260939;114790;37.7;16.6
14;2021-05-20;4482;2768;265421;117558;38.4;17.0
14;2021-05-21;4276;3527;269697;121085;39.0;17.5
14;2021-05-22;1670;864;271367;121949;39.2;17.6
14;2021-05-23;649;71;272016;122020;39.3;17.6
14;2021-05-24;2845;750;274861;122770;39.8;17.8
14;2021-05-25;3636;3387;278497;126157;40.3;18.2
14;2021-05-26;3436;2408;281933;128565;40.8;18.6
14;2021-05-27;4771;3240;286704;131805;41.5;19.1
14;2021-05-28;5093;3885;291797;135690;42.2;19.6
14;2021-05-29;2341;2457;294138;138147;42.5;20.0
14;2021-05-30;760;237;294898;138384;42.6;20.0
14;2021-05-31;4092;2965;298990;141349;43.2;20.4
14;2021-06-01;5741;3219;304731;144568;44.1;20.9
14;2021-06-02;5028;2858;309759;147426;44.8;21.3
14;2021-06-03;6661;4018;316420;151444;45.8;21.9
14;2021-06-04;6446;5136;322866;156580;46.7;22.6
14;2021-06-05;4360;1866;327226;158446;47.3;22.9
14;2021-06-06;2045;83;329271;158529;47.6;22.9
14;2021-06-07;4251;3451;333522;161980;48.2;23.4
14;2021-06-08;5238;3134;338760;165114;49.0;23.9
14;2021-06-09;4272;2966;343032;168080;49.6;24.3
14;2021-06-10;5082;2974;348114;171054;50.3;24.7
14;2021-06-11;4843;4889;352957;175943;51.0;25.4
14;2021-06-12;3680;4519;356637;180462;51.6;26.1
14;2021-06-13;849;1090;357486;181552;51.7;26.3
14;2021-06-14;2186;3792;359672;185344;52.0;26.8
14;2021-06-15;3316;3972;362988;189316;52.5;27.4
14;2021-06-16;3449;4554;366437;193870;53.0;28.0
14;2021-06-17;4234;5270;370671;199140;53.6;28.8
14;2021-06-18;3734;6122;374405;205262;54.1;29.7
14;2021-06-19;2591;2952;376996;208214;54.5;30.1
14;2021-06-20;580;1556;377576;209770;54.6;30.3
14;2021-06-21;2123;4360;379699;214130;54.9;31.0
14;2021-06-22;2583;5178;382282;219308;55.3;31.7
14;2021-06-23;2502;4348;384784;223656;55.6;32.3
14;2021-06-24;3450;5810;388234;229466;56.1;33.2
14;2021-06-25;2750;7276;390984;236742;56.5;34.2
14;2021-06-26;2176;4540;393160;241282;56.9;34.9
14;2021-06-27;440;1828;393600;243110;56.9;35.2
14;2021-06-28;1311;3968;394911;247078;57.1;35.7
14;2021-06-29;1791;5365;396702;252443;57.4;36.5
14;2021-06-30;2023;4619;398725;257062;57.7;37.2
14;2021-07-01;2932;5066;401657;262128;58.1;37.9
14;2021-07-02;2601;6669;404258;268797;58.5;38.9
14;2021-07-03;1429;2646;405687;271443;58.7;39.3
14;2021-07-04;422;713;406109;272156;58.7;39.4
14;2021-07-05;1191;4780;407300;276936;58.9;40.1
14;2021-07-06;2092;6003;409392;282939;59.2;40.9
14;2021-07-07;2259;4576;411651;287515;59.5;41.6
14;2021-07-08;2911;5526;414562;293041;60.0;42.4
14;2021-07-09;2770;6433;417332;299474;60.4;43.3
14;2021-07-10;2041;3202;419373;302676;60.7;43.8
14;2021-07-11;900;872;420273;303548;60.8;43.9
14;2021-07-12;1634;5902;421907;309450;61.0;44.8
14;2021-07-13;3085;7345;424992;316795;61.5;45.8
14;2021-07-14;2259;3062;427251;319857;61.8;46.3
14;2021-07-15;4171;7655;431422;327512;62.4;47.4
14;2021-07-16;4709;7690;436131;335202;63.1;48.5
14;2021-07-17;2116;4211;438247;339413;63.4;49.1
14;2021-07-18;821;1869;439068;341282;63.5;49.4
14;2021-07-19;2599;6126;441667;347408;63.9;50.2
14;2021-07-20;3246;7257;444913;354665;64.3;51.3
14;2021-07-21;4104;5842;449017;360507;64.9;52.1
14;2021-07-22;4854;6606;453871;367113;65.6;53.1
14;2021-07-23;5383;6766;459254;373879;66.4;54.1
14;2021-07-24;3083;3796;462337;377675;66.9;54.6
14;2021-07-25;1505;1247;463842;378922;67.1;54.8
14;2021-07-26;4683;4187;468525;383109;67.8;55.4
14;2021-07-27;5402;4367;473927;387476;68.5;56.0
14;2021-07-28;5112;3969;479039;391445;69.3;56.6
14;2021-07-29;6444;4883;485483;396328;70.2;57.3
14;2021-07-30;5841;5168;491324;401496;71.1;58.1
14;2021-07-31;2771;2510;494095;404006;71.5;58.4
14;2021-08-01;1894;933;495989;404939;71.7;58.6
14;2021-08-02;3947;4291;499936;409230;72.3;59.2
14;2021-08-03;4475;4171;504411;413401;72.9;59.8
14;2021-08-04;4555;3537;508966;416938;73.6;60.3
14;2021-08-05;4651;4030;513617;420968;74.3;60.9
14;2021-08-06;4427;4807;518044;425775;74.9;61.6
14;2021-08-07;2130;2298;520174;428073;75.2;61.9
14;2021-08-08;637;854;520811;428927;75.3;62.0
14;2021-08-09;2125;2878;522936;431805;75.6;62.4
14;2021-08-10;3657;4173;526593;435978;76.2;63.1
14;2021-08-11;3069;3465;529662;439443;76.6;63.6
14;2021-08-12;3474;4347;533136;443790;77.1;64.2
14;2021-08-13;2625;4142;535761;447932;77.5;64.8
14;2021-08-14;1410;2005;537171;449937;77.7;65.1
14;2021-08-15;391;1485;537562;451422;77.7;65.3
14;2021-08-16;1823;2779;539385;454201;78.0;65.7
14;2021-08-17;2259;4564;541644;458765;78.3;66.3
14;2021-08-18;2058;4524;543702;463289;78.6;67.0
14;2021-08-19;2324;5084;546026;468373;79.0;67.7
14;2021-08-20;2182;5406;548208;473779;79.3;68.5
14;2021-08-21;1011;2832;549219;476611;79.4;68.9
14;2021-08-22;170;1564;549389;478175;79.5;69.2
14;2021-08-23;1259;4167;550648;482342;79.6;69.8
14;2021-08-24;1325;4303;551973;486645;79.8;70.4
14;2021-08-25;1390;4397;553363;491042;80.0;71.0
14;2021-08-26;1420;5078;554783;496120;80.2;71.8
14;2021-08-27;1465;5287;556248;501407;80.4;72.5
14;2021-08-28;728;2999;556976;504406;80.6;72.9
14;2021-08-29;183;1013;557159;505419;80.6;73.1
14;2021-08-30;1008;3629;558167;509048;80.7;73.6
14;2021-08-31;1319;4790;559486;513838;80.9;74.3
14;2021-09-01;1057;3940;560543;517778;81.1;74.9
14;2021-09-02;851;3303;561394;521081;81.2;75.4
15;2020-12-27;2;0;2;0;0.0;0.0
15;2020-12-28;0;0;2;0;0.0;0.0
15;2020-12-29;0;0;2;0;0.0;0.0
15;2020-12-30;0;0;2;0;0.0;0.0
15;2020-12-31;0;0;2;0;0.0;0.0
15;2021-01-01;1;0;3;0;0.0;0.0
15;2021-01-02;0;0;3;0;0.0;0.0
15;2021-01-03;0;0;3;0;0.0;0.0
15;2021-01-04;0;0;3;0;0.0;0.0
15;2021-01-05;0;0;3;0;0.0;0.0
15;2021-01-06;0;0;3;0;0.0;0.0
15;2021-01-07;72;0;75;0;0.1;0.0
15;2021-01-08;110;0;185;0;0.1;0.0
15;2021-01-09;0;0;185;0;0.1;0.0
15;2021-01-10;2;0;187;0;0.1;0.0
15;2021-01-11;99;0;286;0;0.2;0.0
15;2021-01-12;94;0;380;0;0.3;0.0
15;2021-01-13;230;0;610;0;0.4;0.0
15;2021-01-14;313;1;923;1;0.6;0.0
15;2021-01-15;138;0;1061;1;0.7;0.0
15;2021-01-16;90;0;1151;1;0.8;0.0
15;2021-01-17;0;0;1151;1;0.8;0.0
15;2021-01-18;404;2;1555;3;1.1;0.0
15;2021-01-19;550;0;2105;3;1.5;0.0
15;2021-01-20;627;1;2732;4;1.9;0.0
15;2021-01-21;577;4;3309;8;2.3;0.0
15;2021-01-22;503;2;3812;10;2.7;0.0
15;2021-01-23;432;1;4244;11;3.0;0.0
15;2021-01-24;6;0;4250;11;3.0;0.0
15;2021-01-25;400;0;4650;11;3.3;0.0
15;2021-01-26;437;0;5087;11;3.6;0.0
15;2021-01-27;735;7;5822;18;4.1;0.0
15;2021-01-28;624;53;6446;71;4.5;0.0
15;2021-01-29;336;82;6782;153;4.7;0.1
15;2021-01-30;218;3;7000;156;4.9;0.1
15;2021-01-31;1;1;7001;157;4.9;0.1
15;2021-02-01;239;88;7240;245;5.1;0.2
15;2021-02-02;188;88;7428;333;5.2;0.2
15;2021-02-03;267;158;7695;491;5.4;0.3
15;2021-02-04;663;204;8358;695;5.9;0.5
15;2021-02-05;296;254;8654;949;6.1;0.7
15;2021-02-06;98;76;8752;1025;6.1;0.7
15;2021-02-07;0;0;8752;1025;6.1;0.7
15;2021-02-08;233;105;8985;1130;6.3;0.8
15;2021-02-09;205;115;9190;1245;6.4;0.9
15;2021-02-10;338;296;9528;1541;6.7;1.1
15;2021-02-11;117;236;9645;1777;6.8;1.2
15;2021-02-12;136;157;9781;1934;6.8;1.4
15;2021-02-13;92;78;9873;2012;6.9;1.4
15;2021-02-14;0;0;9873;2012;6.9;1.4
15;2021-02-15;63;209;9936;2221;7.0;1.6
15;2021-02-16;52;290;9988;2511;7.0;1.8
15;2021-02-17;134;468;10122;2979;7.1;2.1
15;2021-02-18;87;754;10209;3733;7.1;2.6
15;2021-02-19;90;420;10299;4153;7.2;2.9
15;2021-02-20;20;255;10319;4408;7.2;3.1
15;2021-02-21;0;0;10319;4408;7.2;3.1
15;2021-02-22;23;491;10342;4899;7.2;3.4
15;2021-02-23;180;449;10522;5348;7.4;3.7
15;2021-02-24;31;453;10553;5801;7.4;4.1
15;2021-02-25;228;1000;10781;6801;7.5;4.8
15;2021-02-26;186;475;10967;7276;7.7;5.1
15;2021-02-27;145;88;11112;7364;7.8;5.2
15;2021-02-28;1;0;11113;7364;7.8;5.2
15;2021-03-01;121;222;11234;7586;7.9;5.3
15;2021-03-02;250;306;11484;7892;8.0;5.5
15;2021-03-03;207;29;11691;7921;8.2;5.5
15;2021-03-04;246;248;11937;8169;8.4;5.7
15;2021-03-05;348;175;12285;8344;8.6;5.8
15;2021-03-06;680;11;12965;8355;9.1;5.9
15;2021-03-07;81;2;13046;8357;9.1;5.9
15;2021-03-08;93;105;13139;8462;9.2;5.9
15;2021-03-09;281;293;13420;8755;9.4;6.1
15;2021-03-10;417;180;13837;8935;9.7;6.3
15;2021-03-11;434;296;14271;9231;10.0;6.5
15;2021-03-12;525;96;14796;9327;10.4;6.5
15;2021-03-13;355;7;15151;9334;10.6;6.5
15;2021-03-14;18;0;15169;9334;10.6;6.5
15;2021-03-15;542;64;15711;9398;11.0;6.6
15;2021-03-16;328;21;16039;9419;11.2;6.6
15;2021-03-17;130;53;16169;9472;11.3;6.6
15;2021-03-18;250;96;16419;9568;11.5;6.7
15;2021-03-19;669;32;17088;9600;12.0;6.7
15;2021-03-20;148;36;17236;9636;12.1;6.7
15;2021-03-21;6;0;17242;9636;12.1;6.7
15;2021-03-22;575;79;17817;9715;12.5;6.8
15;2021-03-23;776;98;18593;9813;13.0;6.9
15;2021-03-24;937;35;19530;9848;13.7;6.9
15;2021-03-25;1282;33;20812;9881;14.6;6.9
15;2021-03-26;1009;61;21821;9942;15.3;7.0
15;2021-03-27;301;6;22122;9948;15.5;7.0
15;2021-03-28;20;0;22142;9948;15.5;7.0
15;2021-03-29;781;18;22923;9966;16.1;7.0
15;2021-03-30;1134;202;24057;10168;16.8;7.1
15;2021-03-31;941;23;24998;10191;17.5;7.1
15;2021-04-01;1233;60;26231;10251;18.4;7.2
15;2021-04-02;1142;61;27373;10312;19.2;7.2
15;2021-04-03;120;18;27493;10330;19.3;7.2
15;2021-04-04;0;0;27493;10330;19.3;7.2
15;2021-04-05;33;3;27526;10333;19.3;7.2
15;2021-04-06;834;87;28360;10420;19.9;7.3
15;2021-04-07;663;106;29023;10526;20.3;7.4
15;2021-04-08;1247;149;30270;10675;21.2;7.5
15;2021-04-09;1277;104;31547;10779;22.1;7.5
15;2021-04-10;364;20;31911;10799;22.3;7.6
15;2021-04-11;14;0;31925;10799;22.4;7.6
15;2021-04-12;644;458;32569;11257;22.8;7.9
15;2021-04-13;1124;323;33693;11580;23.6;8.1
15;2021-04-14;1039;199;34732;11779;24.3;8.2
15;2021-04-15;1183;310;35915;12089;25.1;8.5
15;2021-04-16;1038;555;36953;12644;25.9;8.9
15;2021-04-17;445;14;37398;12658;26.2;8.9
15;2021-04-18;0;10;37398;12668;26.2;8.9
15;2021-04-19;539;514;37937;13182;26.6;9.2
15;2021-04-20;846;615;38783;13797;27.2;9.7
15;2021-04-21;594;651;39377;14448;27.6;10.1
15;2021-04-22;728;776;40105;15224;28.1;10.7
15;2021-04-23;731;681;40836;15905;28.6;11.1
15;2021-04-24;363;123;41199;16028;28.8;11.2
15;2021-04-25;1;3;41200;16031;28.8;11.2
15;2021-04-26;325;632;41525;16663;29.1;11.7
15;2021-04-27;469;941;41994;17604;29.4;12.3
15;2021-04-28;383;788;42377;18392;29.7;12.9
15;2021-04-29;587;1012;42964;19404;30.1;13.6
15;2021-04-30;547;1077;43511;20481;30.5;14.3
15;2021-05-01;283;30;43794;20511;30.7;14.4
15;2021-05-02;0;0;43794;20511;30.7;14.4
15;2021-05-03;881;331;44675;20842;31.3;14.6
15;2021-05-04;802;856;45477;21698;31.8;15.2
15;2021-05-05;676;680;46153;22378;32.3;15.7
15;2021-05-06;826;967;46979;23345;32.9;16.3
15;2021-05-07;1154;906;48133;24251;33.7;17.0
15;2021-05-08;491;55;48624;24306;34.0;17.0
15;2021-05-09;24;9;48648;24315;34.1;17.0
15;2021-05-10;705;914;49353;25229;34.6;17.7
15;2021-05-11;1186;1185;50539;26414;35.4;18.5
15;2021-05-12;1147;837;51686;27251;36.2;19.1
15;2021-05-13;1165;440;52851;27691;37.0;19.4
15;2021-05-14;1504;583;54355;28274;38.1;19.8
15;2021-05-15;1410;418;55765;28692;39.0;20.1
15;2021-05-16;1;10;55766;28702;39.0;20.1
15;2021-05-17;999;606;56765;29308;39.7;20.5
15;2021-05-18;1222;971;57987;30279;40.6;21.2
15;2021-05-19;1020;460;59007;30739;41.3;21.5
15;2021-05-20;1240;782;60247;31521;42.2;22.1
15;2021-05-21;1349;748;61596;32269;43.1;22.6
15;2021-05-22;527;188;62123;32457;43.5;22.7
15;2021-05-23;2;11;62125;32468;43.5;22.7
15;2021-05-24;693;257;62818;32725;44.0;22.9
15;2021-05-25;1151;620;63969;33345;44.8;23.3
15;2021-05-26;1095;459;65064;33804;45.6;23.7
15;2021-05-27;1270;660;66334;34464;46.4;24.1
15;2021-05-28;1509;886;67843;35350;47.5;24.8
15;2021-05-29;984;361;68827;35711;48.2;25.0
15;2021-05-30;14;25;68841;35736;48.2;25.0
15;2021-05-31;1201;480;70042;36216;49.0;25.4
15;2021-06-01;1400;571;71442;36787;50.0;25.8
15;2021-06-02;865;419;72307;37206;50.6;26.1
15;2021-06-03;932;708;73239;37914;51.3;26.5
15;2021-06-04;1076;718;74315;38632;52.0;27.1
15;2021-06-05;651;264;74966;38896;52.5;27.2
15;2021-06-06;16;20;74982;38916;52.5;27.3
15;2021-06-07;797;349;75779;39265;53.1;27.5
15;2021-06-08;477;396;76256;39661;53.4;27.8
15;2021-06-09;377;377;76633;40038;53.7;28.0
15;2021-06-10;275;423;76908;40461;53.9;28.3
15;2021-06-11;661;1100;77569;41561;54.3;29.1
15;2021-06-12;377;467;77946;42028;54.6;29.4
15;2021-06-13;11;6;77957;42034;54.6;29.4
15;2021-06-14;542;977;78499;43011;55.0;30.1
15;2021-06-15;450;1164;78949;44175;55.3;30.9
15;2021-06-16;543;899;79492;45074;55.7;31.6
15;2021-06-17;290;935;79782;46009;55.9;32.2
15;2021-06-18;741;1205;80523;47214;56.4;33.1
15;2021-06-19;543;705;81066;47919;56.8;33.6
15;2021-06-20;11;1;81077;47920;56.8;33.6
15;2021-06-21;280;1040;81357;48960;57.0;34.3
15;2021-06-22;232;1479;81589;50439;57.1;35.3
15;2021-06-23;346;1445;81935;51884;57.4;36.3
15;2021-06-24;292;1093;82227;52977;57.6;37.1
15;2021-06-25;379;1642;82606;54619;57.8;38.2
15;2021-06-26;165;908;82771;55527;58.0;38.9
15;2021-06-27;0;0;82771;55527;58.0;38.9
15;2021-06-28;176;1227;82947;56754;58.1;39.7
15;2021-06-29;303;1265;83250;58019;58.3;40.6
15;2021-06-30;268;982;83518;59001;58.5;41.3
15;2021-07-01;381;1220;83899;60221;58.7;42.2
15;2021-07-02;410;1348;84309;61569;59.0;43.1
15;2021-07-03;251;708;84560;62277;59.2;43.6
15;2021-07-04;1;1;84561;62278;59.2;43.6
15;2021-07-05;248;1257;84809;63535;59.4;44.5
15;2021-07-06;274;1468;85083;65003;59.6;45.5
15;2021-07-07;256;1345;85339;66348;59.8;46.5
15;2021-07-08;489;1353;85828;67701;60.1;47.4
15;2021-07-09;488;1785;86316;69486;60.4;48.7
15;2021-07-10;215;864;86531;70350;60.6;49.3
15;2021-07-11;9;5;86540;70355;60.6;49.3
15;2021-07-12;277;1484;86817;71839;60.8;50.3
15;2021-07-13;587;1767;87404;73606;61.2;51.5
15;2021-07-14;15;130;87419;73736;61.2;51.6
15;2021-07-15;1132;729;88551;74465;62.0;52.1
15;2021-07-16;1139;1337;89690;75802;62.8;53.1
15;2021-07-17;820;953;90510;76755;63.4;53.7
15;2021-07-18;0;3;90510;76758;63.4;53.7
15;2021-07-19;1075;1270;91585;78028;64.1;54.6
15;2021-07-20;1614;569;93199;78597;65.3;55.0
15;2021-07-21;1189;603;94388;79200;66.1;55.5
15;2021-07-22;894;513;95282;79713;66.7;55.8
15;2021-07-23;1339;1064;96621;80777;67.7;56.6
15;2021-07-24;628;769;97249;81546;68.1;57.1
15;2021-07-25;1;24;97250;81570;68.1;57.1
15;2021-07-26;1248;596;98498;82166;69.0;57.5
15;2021-07-27;1692;573;100190;82739;70.2;57.9
15;2021-07-28;1239;584;101429;83323;71.0;58.3
15;2021-07-29;837;401;102266;83724;71.6;58.6
15;2021-07-30;1008;1132;103274;84856;72.3;59.4
15;2021-07-31;604;637;103878;85493;72.7;59.9
15;2021-08-01;21;12;103899;85505;72.8;59.9
15;2021-08-02;1143;542;105042;86047;73.6;60.3
15;2021-08-03;1163;383;106205;86430;74.4;60.5
15;2021-08-04;789;409;106994;86839;74.9;60.8
15;2021-08-05;383;284;107377;87123;75.2;61.0
15;2021-08-06;789;1240;108166;88363;75.7;61.9
15;2021-08-07;264;1163;108430;89526;75.9;62.7
15;2021-08-08;3;6;108433;89532;75.9;62.7
15;2021-08-09;512;1165;108945;90697;76.3;63.5
15;2021-08-10;432;727;109377;91424;76.6;64.0
15;2021-08-11;411;1007;109788;92431;76.9;64.7
15;2021-08-12;522;1185;110310;93616;77.2;65.6
15;2021-08-13;680;1139;110990;94755;77.7;66.3
15;2021-08-14;179;552;111169;95307;77.8;66.7
15;2021-08-15;17;9;111186;95316;77.9;66.7
15;2021-08-16;387;1134;111573;96450;78.1;67.5
15;2021-08-17;398;1141;111971;97591;78.4;68.3
15;2021-08-18;368;802;112339;98393;78.7;68.9
15;2021-08-19;298;879;112637;99272;78.9;69.5
15;2021-08-20;601;1213;113238;100485;79.3;70.4
15;2021-08-21;217;866;113455;101351;79.4;71.0
15;2021-08-22;12;26;113467;101377;79.5;71.0
15;2021-08-23;227;611;113694;101988;79.6;71.4
15;2021-08-24;245;589;113939;102577;79.8;71.8
15;2021-08-25;150;493;114089;103070;79.9;72.2
15;2021-08-26;136;363;114225;103433;80.0;72.4
15;2021-08-27;365;1337;114590;104770;80.2;73.4
15;2021-08-28;213;857;114803;105627;80.4;74.0
15;2021-08-29;7;13;114810;105640;80.4;74.0
15;2021-08-30;223;1061;115033;106701;80.5;74.7
15;2021-08-31;401;663;115434;107364;80.8;75.2
15;2021-09-01;181;444;115615;107808;81.0;75.5
15;2021-09-02;84;274;115699;108082;81.0;75.7
16;2020-12-27;0;0;0;0;0.0;0.0
16;2020-12-28;2;0;2;0;0.0;0.0
16;2020-12-29;0;0;2;0;0.0;0.0
16;2020-12-30;0;0;2;0;0.0;0.0
16;2020-12-31;0;0;2;0;0.0;0.0
16;2021-01-01;0;0;2;0;0.0;0.0
16;2021-01-02;0;0;2;0;0.0;0.0
16;2021-01-03;0;0;2;0;0.0;0.0
16;2021-01-04;1;0;3;0;0.0;0.0
16;2021-01-05;1;0;4;0;0.0;0.0
16;2021-01-06;88;0;92;0;0.0;0.0
16;2021-01-07;239;0;331;0;0.1;0.0
16;2021-01-08;465;2;796;2;0.2;0.0
16;2021-01-09;1;0;797;2;0.2;0.0
16;2021-01-10;1;0;798;2;0.2;0.0
16;2021-01-11;304;0;1102;2;0.3;0.0
16;2021-01-12;437;1;1539;3;0.4;0.0
16;2021-01-13;480;0;2019;3;0.6;0.0
16;2021-01-14;600;7;2619;10;0.8;0.0
16;2021-01-15;504;3;3123;13;0.9;0.0
16;2021-01-16;0;0;3123;13;0.9;0.0
16;2021-01-17;0;0;3123;13;0.9;0.0
16;2021-01-18;431;4;3554;17;1.0;0.0
16;2021-01-19;833;2;4387;19;1.3;0.0
16;2021-01-20;1185;2;5572;21;1.6;0.0
16;2021-01-21;1370;3;6942;24;2.0;0.0
16;2021-01-22;1114;0;8056;24;2.3;0.0
16;2021-01-23;183;0;8239;24;2.4;0.0
16;2021-01-24;0;0;8239;24;2.4;0.0
16;2021-01-25;641;2;8880;26;2.6;0.0
16;2021-01-26;1026;1;9906;27;2.8;0.0
16;2021-01-27;1406;105;11312;132;3.2;0.0
16;2021-01-28;1261;58;12573;190;3.6;0.1
16;2021-01-29;742;137;13315;327;3.8;0.1
16;2021-01-30;36;0;13351;327;3.8;0.1
16;2021-01-31;0;0;13351;327;3.8;0.1
16;2021-02-01;394;202;13745;529;3.9;0.2
16;2021-02-02;576;173;14321;702;4.1;0.2
16;2021-02-03;621;349;14942;1051;4.3;0.3
16;2021-02-04;464;265;15406;1316;4.4;0.4
16;2021-02-05;505;270;15911;1586;4.6;0.5
16;2021-02-06;3;80;15914;1666;4.6;0.5
16;2021-02-07;41;3;15955;1669;4.6;0.5
16;2021-02-08;356;203;16311;1872;4.7;0.5
16;2021-02-09;649;287;16960;2159;4.9;0.6
16;2021-02-10;693;677;17653;2836;5.1;0.8
16;2021-02-11;800;589;18453;3425;5.3;1.0
16;2021-02-12;623;826;19076;4251;5.5;1.2
16;2021-02-13;43;78;19119;4329;5.5;1.2
16;2021-02-14;2;7;19121;4336;5.5;1.2
16;2021-02-15;216;636;19337;4972;5.6;1.4
16;2021-02-16;374;914;19711;5886;5.7;1.7
16;2021-02-17;347;1263;20058;7149;5.8;2.1
16;2021-02-18;511;1204;20569;8353;5.9;2.4
16;2021-02-19;389;751;20958;9104;6.0;2.6
16;2021-02-20;2;8;20960;9112;6.0;2.6
16;2021-02-21;2;0;20962;9112;6.0;2.6
16;2021-02-22;136;506;21098;9618;6.1;2.8
16;2021-02-23;205;862;21303;10480;6.1;3.0
16;2021-02-24;274;878;21577;11358;6.2;3.3
16;2021-02-25;395;670;21972;12028;6.3;3.5
16;2021-02-26;479;489;22451;12517;6.4;3.6
16;2021-02-27;249;1;22700;12518;6.5;3.6
16;2021-02-28;5;5;22705;12523;6.5;3.6
16;2021-03-01;152;310;22857;12833;6.6;3.7
16;2021-03-02;272;648;23129;13481;6.6;3.9
16;2021-03-03;391;712;23520;14193;6.8;4.1
16;2021-03-04;805;567;24325;14760;7.0;4.2
16;2021-03-05;1142;538;25467;15298;7.3;4.4
16;2021-03-06;751;13;26218;15311;7.5;4.4
16;2021-03-07;94;18;26312;15329;7.6;4.4
16;2021-03-08;437;318;26749;15647;7.7;4.5
16;2021-03-09;774;694;27523;16341;7.9;4.7
16;2021-03-10;606;657;28129;16998;8.1;4.9
16;2021-03-11;1445;531;29574;17529;8.5;5.0
16;2021-03-12;1164;460;30738;17989;8.8;5.2
16;2021-03-13;765;14;31503;18003;9.0;5.2
16;2021-03-14;1;0;31504;18003;9.0;5.2
16;2021-03-15;462;183;31966;18186;9.2;5.2
16;2021-03-16;860;421;32826;18607;9.4;5.3
16;2021-03-17;590;282;33416;18889;9.6;5.4
16;2021-03-18;1033;281;34449;19170;9.9;5.5
16;2021-03-19;1101;248;35550;19418;10.2;5.6
16;2021-03-20;396;5;35946;19423;10.3;5.6
16;2021-03-21;9;0;35955;19423;10.3;5.6
16;2021-03-22;727;100;36682;19523;10.5;5.6
16;2021-03-23;1464;103;38146;19626;11.0;5.6
16;2021-03-24;1119;185;39265;19811;11.3;5.7
16;2021-03-25;2046;89;41311;19900;11.9;5.7
16;2021-03-26;1916;98;43227;19998;12.4;5.7
16;2021-03-27;433;22;43660;20020;12.5;5.7
16;2021-03-28;0;0;43660;20020;12.5;5.7
16;2021-03-29;925;60;44585;20080;12.8;5.8
16;2021-03-30;1883;180;46468;20260;13.3;5.8
16;2021-03-31;1514;134;47982;20394;13.8;5.9
16;2021-04-01;2009;400;49991;20794;14.4;6.0
16;2021-04-02;1442;380;51433;21174;14.8;6.1
16;2021-04-03;288;5;51721;21179;14.9;6.1
16;2021-04-04;1;0;51722;21179;14.9;6.1
16;2021-04-05;2;0;51724;21179;14.9;6.1
16;2021-04-06;2013;545;53737;21724;15.4;6.2
16;2021-04-07;1954;405;55691;22129;16.0;6.4
16;2021-04-08;2823;586;58514;22715;16.8;6.5
16;2021-04-09;2695;555;61209;23270;17.6;6.7
16;2021-04-10;1291;37;62500;23307;18.0;6.7
16;2021-04-11;2;0;62502;23307;18.0;6.7
16;2021-04-12;1431;316;63933;23623;18.4;6.8
16;2021-04-13;2124;840;66057;24463;19.0;7.0
16;2021-04-14;1951;633;68008;25096;19.5;7.2
16;2021-04-15;2102;984;70110;26080;20.1;7.5
16;2021-04-16;2045;788;72155;26868;20.7;7.7
16;2021-04-17;1507;91;73662;26959;21.2;7.7
16;2021-04-18;197;3;73859;26962;21.2;7.7
16;2021-04-19;1440;524;75299;27486;21.6;7.9
16;2021-04-20;2054;1233;77353;28719;22.2;8.2
16;2021-04-21;1777;750;79130;29469;22.7;8.5
16;2021-04-22;2292;1007;81422;30476;23.4;8.8
16;2021-04-23;2363;1172;83785;31648;24.1;9.1
16;2021-04-24;829;38;84614;31686;24.3;9.1
16;2021-04-25;117;5;84731;31691;24.3;9.1
16;2021-04-26;1401;809;86132;32500;24.7;9.3
16;2021-04-27;2057;1417;88189;33917;25.3;9.7
16;2021-04-28;1591;1128;89780;35045;25.8;10.1
16;2021-04-29;2250;1496;92030;36541;26.4;10.5
16;2021-04-30;2856;1340;94886;37881;27.3;10.9
16;2021-05-01;353;60;95239;37941;27.4;10.9
16;2021-05-02;155;13;95394;37954;27.4;10.9
16;2021-05-03;2611;534;98005;38488;28.1;11.1
16;2021-05-04;2061;2046;100066;40534;28.7;11.6
16;2021-05-05;1687;1831;101753;42365;29.2;12.2
16;2021-05-06;1888;2244;103641;44609;29.8;12.8
16;2021-05-07;3071;2117;106712;46726;30.6;13.4
16;2021-05-08;1197;468;107909;47194;31.0;13.6
16;2021-05-09;530;27;108439;47221;31.1;13.6
16;2021-05-10;1930;1625;110369;48846;31.7;14.0
16;2021-05-11;2354;1962;112723;50808;32.4;14.6
16;2021-05-12;1732;1799;114455;52607;32.9;15.1
16;2021-05-13;1461;355;115916;52962;33.3;15.2
16;2021-05-14;1989;1554;117905;54516;33.9;15.7
16;2021-05-15;596;896;118501;55412;34.0;15.9
16;2021-05-16;132;6;118633;55418;34.1;15.9
16;2021-05-17;1609;1286;120242;56704;34.5;16.3
16;2021-05-18;2759;1425;123001;58129;35.3;16.7
16;2021-05-19;2006;1240;125007;59369;35.9;17.1
16;2021-05-20;2833;1389;127840;60758;36.7;17.5
16;2021-05-21;2945;1399;130785;62157;37.6;17.9
16;2021-05-22;412;711;131197;62868;37.7;18.1
16;2021-05-23;210;11;131407;62879;37.7;18.1
16;2021-05-24;1263;234;132670;63113;38.1;18.1
16;2021-05-25;2761;1462;135431;64575;38.9;18.5
16;2021-05-26;1834;1188;137265;65763;39.4;18.9
16;2021-05-27;2418;1581;139683;67344;40.1;19.3
16;2021-05-28;2899;1567;142582;68911;41.0;19.8
16;2021-05-29;814;883;143396;69794;41.2;20.0
16;2021-05-30;1;4;143397;69798;41.2;20.0
16;2021-05-31;1984;1105;145381;70903;41.8;20.4
16;2021-06-01;2344;1715;147725;72618;42.4;20.9
16;2021-06-02;1822;1503;149547;74121;43.0;21.3
16;2021-06-03;2622;1760;152169;75881;43.7;21.8
16;2021-06-04;2834;2031;155003;77912;44.5;22.4
16;2021-06-05;1006;549;156009;78461;44.8;22.5
16;2021-06-06;161;29;156170;78490;44.9;22.5
16;2021-06-07;1991;1282;158161;79772;45.4;22.9
16;2021-06-08;2395;1995;160556;81767;46.1;23.5
16;2021-06-09;2529;1616;163085;83383;46.8;23.9
16;2021-06-10;2571;2001;165656;85384;47.6;24.5
16;2021-06-11;2152;2735;167808;88119;48.2;25.3
16;2021-06-12;1614;517;169422;88636;48.7;25.5
16;2021-06-13;261;72;169683;88708;48.7;25.5
16;2021-06-14;796;2797;170479;91505;49.0;26.3
16;2021-06-15;1865;2623;172344;94128;49.5;27.0
16;2021-06-16;1577;2087;173921;96215;50.0;27.6
16;2021-06-17;2041;2503;175962;98718;50.5;28.4
16;2021-06-18;2061;3219;178023;101937;51.1;29.3
16;2021-06-19;1352;1311;179375;103248;51.5;29.7
16;2021-06-20;243;28;179618;103276;51.6;29.7
16;2021-06-21;1411;2171;181029;105447;52.0;30.3
16;2021-06-22;1675;2943;182704;108390;52.5;31.1
16;2021-06-23;1565;2019;184269;110409;52.9;31.7
16;2021-06-24;1927;2167;186196;112576;53.5;32.3
16;2021-06-25;1983;2725;188179;115301;54.0;33.1
16;2021-06-26;1061;725;189240;116026;54.4;33.3
16;2021-06-27;132;25;189372;116051;54.4;33.3
16;2021-06-28;1164;1965;190536;118016;54.7;33.9
16;2021-06-29;1282;3358;191818;121374;55.1;34.9
16;2021-06-30;1337;2714;193155;124088;55.5;35.6
16;2021-07-01;1863;3157;195018;127245;56.0;36.5
16;2021-07-02;1424;3581;196442;130826;56.4;37.6
16;2021-07-03;694;1111;197136;131937;56.6;37.9
16;2021-07-04;3;15;197139;131952;56.6;37.9
16;2021-07-05;816;2297;197955;134249;56.9;38.6
16;2021-07-06;1278;3365;199233;137614;57.2;39.5
16;2021-07-07;871;2275;200104;139889;57.5;40.2
16;2021-07-08;1234;2733;201338;142622;57.8;41.0
16;2021-07-09;1111;3709;202449;146331;58.1;42.0
16;2021-07-10;338;1339;202787;147670;58.2;42.4
16;2021-07-11;2;13;202789;147683;58.2;42.4
16;2021-07-12;634;2438;203423;150121;58.4;43.1
16;2021-07-13;1392;3531;204815;153652;58.8;44.1
16;2021-07-14;799;877;205614;154529;59.1;44.4
16;2021-07-15;1249;3407;206863;157936;59.4;45.4
16;2021-07-16;1498;3384;208361;161320;59.8;46.3
16;2021-07-17;538;1188;208899;162508;60.0;46.7
16;2021-07-18;14;6;208913;162514;60.0;46.7
16;2021-07-19;618;2855;209531;165369;60.2;47.5
16;2021-07-20;1125;3289;210656;168658;60.5;48.4
16;2021-07-21;1118;2618;211774;171276;60.8;49.2
16;2021-07-22;1871;2860;213645;174136;61.4;50.0
16;2021-07-23;1553;3546;215198;177682;61.8;51.0
16;2021-07-24;638;1208;215836;178890;62.0;51.4
16;2021-07-25;11;11;215847;178901;62.0;51.4
16;2021-07-26;1527;2128;217374;181029;62.4;52.0
16;2021-07-27;1868;2817;219242;183846;63.0;52.8
16;2021-07-28;1861;2318;221103;186164;63.5;53.5
16;2021-07-29;2244;2474;223347;188638;64.1;54.2
16;2021-07-30;2357;3104;225704;191742;64.8;55.1
16;2021-07-31;959;1355;226663;193097;65.1;55.5
16;2021-08-01;191;22;226854;193119;65.2;55.5
16;2021-08-02;2119;1830;228973;194949;65.8;56.0
16;2021-08-03;2119;2328;231092;197277;66.4;56.7
16;2021-08-04;2119;1886;233211;199163;67.0;57.2
16;2021-08-05;2766;1655;235977;200818;67.8;57.7
16;2021-08-06;2507;2367;238484;203185;68.5;58.4
16;2021-08-07;829;562;239313;203747;68.7;58.5
16;2021-08-08;34;35;239347;203782;68.7;58.5
16;2021-08-09;2179;1060;241526;204842;69.4;58.8
16;2021-08-10;2885;1587;244411;206429;70.2;59.3
16;2021-08-11;2603;1235;247014;207664;70.9;59.6
16;2021-08-12;1997;1739;249011;209403;71.5;60.1
16;2021-08-13;2668;1463;251679;210866;72.3;60.6
16;2021-08-14;755;453;252434;211319;72.5;60.7
16;2021-08-15;27;4;252461;211323;72.5;60.7
16;2021-08-16;1335;1581;253796;212904;72.9;61.1
16;2021-08-17;1816;1624;255612;214528;73.4;61.6
16;2021-08-18;1585;1471;257197;215999;73.9;62.0
16;2021-08-19;1511;1773;258708;217772;74.3;62.5
16;2021-08-20;1600;1901;260308;219673;74.8;63.1
16;2021-08-21;558;827;260866;220500;74.9;63.3
16;2021-08-22;4;5;260870;220505;74.9;63.3
16;2021-08-23;989;2065;261859;222570;75.2;63.9
16;2021-08-24;1038;2376;262897;224946;75.5;64.6
16;2021-08-25;882;1778;263779;226724;75.8;65.1
16;2021-08-26;871;2527;264650;229251;76.0;65.8
16;2021-08-27;852;2406;265502;231657;76.3;66.5
16;2021-08-28;260;770;265762;232427;76.3;66.8
16;2021-08-29;2;16;265764;232443;76.3;66.8
16;2021-08-30;640;2396;266404;234839;76.5;67.4
16;2021-08-31;667;2632;267071;237471;76.7;68.2
16;2021-09-01;466;2540;267537;240011;76.8;68.9
16;2021-09-02;531;2363;268068;242374;77.0;69.6
17;2020-12-27;0;0;0;0;0.0;0.0
17;2020-12-28;0;0;0;0;0.0;0.0
17;2020-12-29;0;0;0;0;0.0;0.0
17;2020-12-30;1;0;1;0;0.0;0.0
17;2020-12-31;0;0;1;0;0.0;0.0
17;2021-01-01;1;0;2;0;0.0;0.0
17;2021-01-02;1;0;3;0;0.0;0.0
17;2021-01-03;0;0;3;0;0.0;0.0
17;2021-01-04;56;0;59;0;0.0;0.0
17;2021-01-05;98;0;157;0;0.0;0.0
17;2021-01-06;132;0;289;0;0.0;0.0
17;2021-01-07;485;1;774;1;0.1;0.0
17;2021-01-08;418;0;1192;1;0.2;0.0
17;2021-01-09;0;0;1192;1;0.2;0.0
17;2021-01-10;1;0;1193;1;0.2;0.0
17;2021-01-11;381;1;1574;2;0.2;0.0
17;2021-01-12;749;1;2323;3;0.4;0.0
17;2021-01-13;654;2;2977;5;0.5;0.0
17;2021-01-14;617;9;3594;14;0.6;0.0
17;2021-01-15;680;1;4274;15;0.7;0.0
17;2021-01-16;129;2;4403;17;0.7;0.0
17;2021-01-17;19;0;4422;17;0.7;0.0
17;2021-01-18;886;2;5308;19;0.8;0.0
17;2021-01-19;1910;3;7218;22;1.1;0.0
17;2021-01-20;2394;2;9612;24;1.5;0.0
17;2021-01-21;2498;3;12110;27;1.9;0.0
17;2021-01-22;1892;7;14002;34;2.2;0.0
17;2021-01-23;738;1;14740;35;2.3;0.0
17;2021-01-24;48;0;14788;35;2.3;0.0
17;2021-01-25;1383;5;16171;40;2.5;0.0
17;2021-01-26;2110;3;18281;43;2.8;0.0
17;2021-01-27;1675;33;19956;76;3.1;0.0
17;2021-01-28;2475;229;22431;305;3.5;0.0
17;2021-01-29;1739;221;24170;526;3.7;0.1
17;2021-01-30;528;5;24698;531;3.8;0.1
17;2021-01-31;37;2;24735;533;3.8;0.1
17;2021-02-01;740;204;25475;737;3.9;0.1
17;2021-02-02;1202;348;26677;1085;4.1;0.2
17;2021-02-03;1296;395;27973;1480;4.3;0.2
17;2021-02-04;1160;491;29133;1971;4.5;0.3
17;2021-02-05;603;747;29736;2718;4.6;0.4
17;2021-02-06;23;42;29759;2760;4.6;0.4
17;2021-02-07;31;13;29790;2773;4.6;0.4
17;2021-02-08;706;393;30496;3166;4.7;0.5
17;2021-02-09;1100;1301;31596;4467;4.9;0.7
17;2021-02-10;865;1270;32461;5737;5.0;0.9
17;2021-02-11;1241;1375;33702;7112;5.2;1.1
17;2021-02-12;771;944;34473;8056;5.3;1.2
17;2021-02-13;43;99;34516;8155;5.3;1.3
17;2021-02-14;1;10;34517;8165;5.3;1.3
17;2021-02-15;620;1167;35137;9332;5.4;1.4
17;2021-02-16;749;1773;35886;11105;5.5;1.7
17;2021-02-17;795;1305;36681;12410;5.7;1.9
17;2021-02-18;966;2129;37647;14539;5.8;2.2
17;2021-02-19;1067;1514;38714;16053;6.0;2.5
17;2021-02-20;105;298;38819;16351;6.0;2.5
17;2021-02-21;9;2;38828;16353;6.0;2.5
17;2021-02-22;647;1604;39475;17957;6.1;2.8
17;2021-02-23;781;1504;40256;19461;6.2;3.0
17;2021-02-24;1080;1553;41336;21014;6.4;3.2
17;2021-02-25;1087;1678;42423;22692;6.6;3.5
17;2021-02-26;1307;1269;43730;23961;6.8;3.7
17;2021-02-27;527;242;44257;24203;6.8;3.7
17;2021-02-28;19;9;44276;24212;6.8;3.7
17;2021-03-01;634;1031;44910;25243;6.9;3.9
17;2021-03-02;1094;858;46004;26101;7.1;4.0
17;2021-03-03;1618;793;47622;26894;7.4;4.2
17;2021-03-04;2426;1134;50048;28028;7.7;4.3
17;2021-03-05;2663;675;52711;28703;8.1;4.4
17;2021-03-06;1029;29;53740;28732;8.3;4.4
17;2021-03-07;183;47;53923;28779;8.3;4.4
17;2021-03-08;1017;830;54940;29609;8.5;4.6
17;2021-03-09;1746;613;56686;30222;8.8;4.7
17;2021-03-10;2047;645;58733;30867;9.1;4.8
17;2021-03-11;3226;997;61959;31864;9.6;4.9
17;2021-03-12;3356;625;65315;32489;10.1;5.0
17;2021-03-13;1202;11;66517;32500;10.3;5.0
17;2021-03-14;32;0;66549;32500;10.3;5.0
17;2021-03-15;1242;991;67791;33491;10.5;5.2
17;2021-03-16;893;536;68684;34027;10.6;5.3
17;2021-03-17;1460;704;70144;34731;10.8;5.4
17;2021-03-18;1683;763;71827;35494;11.1;5.5
17;2021-03-19;2096;546;73923;36040;11.4;5.6
17;2021-03-20;1083;57;75006;36097;11.6;5.6
17;2021-03-21;37;43;75043;36140;11.6;5.6
17;2021-03-22;1578;690;76621;36830;11.8;5.7
17;2021-03-23;2491;581;79112;37411;12.2;5.8
17;2021-03-24;3545;853;82657;38264;12.8;5.9
17;2021-03-25;4713;643;87370;38907;13.5;6.0
17;2021-03-26;4944;476;92314;39383;14.3;6.1
17;2021-03-27;1737;69;94051;39452;14.5;6.1
17;2021-03-28;369;45;94420;39497;14.6;6.1
17;2021-03-29;2361;565;96781;40062;15.0;6.2
17;2021-03-30;2655;988;99436;41050;15.4;6.3
17;2021-03-31;3842;904;103278;41954;16.0;6.5
17;2021-04-01;4014;1168;107292;43122;16.6;6.7
17;2021-04-02;3709;835;111001;43957;17.2;6.8
17;2021-04-03;1152;187;112153;44144;17.3;6.8
17;2021-04-04;501;6;112654;44150;17.4;6.8
17;2021-04-05;445;128;113099;44278;17.5;6.8
17;2021-04-06;3480;1029;116579;45307;18.0;7.0
17;2021-04-07;4130;1154;120709;46461;18.7;7.2
17;2021-04-08;4570;1476;125279;47937;19.4;7.4
17;2021-04-09;6496;843;131775;48780;20.4;7.5
17;2021-04-10;2583;68;134358;48848;20.8;7.5
17;2021-04-11;788;16;135146;48864;20.9;7.6
17;2021-04-12;2889;1617;138035;50481;21.3;7.8
17;2021-04-13;4151;1290;142186;51771;22.0;8.0
17;2021-04-14;4419;1205;146605;52976;22.7;8.2
17;2021-04-15;4600;1137;151205;54113;23.4;8.4
17;2021-04-16;4298;1154;155503;55267;24.0;8.5
17;2021-04-17;1682;382;157185;55649;24.3;8.6
17;2021-04-18;472;81;157657;55730;24.4;8.6
17;2021-04-19;2340;2058;159997;57788;24.7;8.9
17;2021-04-20;2928;2552;162925;60340;25.2;9.3
17;2021-04-21;2973;1941;165898;62281;25.6;9.6
17;2021-04-22;3122;2361;169020;64642;26.1;10.0
17;2021-04-23;2447;2729;171467;67371;26.5;10.4
17;2021-04-24;1669;927;173136;68298;26.8;10.6
17;2021-04-25;665;246;173801;68544;26.9;10.6
17;2021-04-26;2578;2627;176379;71171;27.3;11.0
17;2021-04-27;3152;2673;179531;73844;27.7;11.4
17;2021-04-28;3103;2934;182634;76778;28.2;11.9
17;2021-04-29;4149;2862;186783;79640;28.9;12.3
17;2021-04-30;4356;2633;191139;82273;29.5;12.7
17;2021-05-01;848;541;191987;82814;29.7;12.8
17;2021-05-02;553;839;192540;83653;29.8;12.9
17;2021-05-03;2542;2959;195082;86612;30.1;13.4
17;2021-05-04;2317;3724;197399;90336;30.5;14.0
17;2021-05-05;2909;3702;200308;94038;31.0;14.5
17;2021-05-06;4121;3405;204429;97443;31.6;15.1
17;2021-05-07;4356;3630;208785;101073;32.3;15.6
17;2021-05-08;1306;754;210091;101827;32.5;15.7
17;2021-05-09;1310;705;211401;102532;32.7;15.8
17;2021-05-10;2726;3692;214127;106224;33.1;16.4
17;2021-05-11;3500;3994;217627;110218;33.6;17.0
17;2021-05-12;3532;3808;221159;114026;34.2;17.6
17;2021-05-13;2545;693;223704;114719;34.6;17.7
17;2021-05-14;3032;2397;226736;117116;35.0;18.1
17;2021-05-15;2127;661;228863;117777;35.4;18.2
17;2021-05-16;1734;318;230597;118095;35.6;18.3
17;2021-05-17;4288;1998;234885;120093;36.3;18.6
17;2021-05-18;4746;1637;239631;121730;37.0;18.8
17;2021-05-19;5069;1281;244700;123011;37.8;19.0
17;2021-05-20;4943;1948;249643;124959;38.6;19.3
17;2021-05-21;4998;1956;254641;126915;39.4;19.6
17;2021-05-22;2393;532;257034;127447;39.7;19.7
17;2021-05-23;1899;129;258933;127576;40.0;19.7
17;2021-05-24;1426;208;260359;127784;40.2;19.7
17;2021-05-25;4030;1770;264389;129554;40.9;20.0
17;2021-05-26;4366;2041;268755;131595;41.5;20.3
17;2021-05-27;5216;2136;273971;133731;42.3;20.7
17;2021-05-28;4468;3432;278439;137163;43.0;21.2
17;2021-05-29;1561;1707;280000;138870;43.3;21.5
17;2021-05-30;857;411;280857;139281;43.4;21.5
17;2021-05-31;2946;3012;283803;142293;43.9;22.0
17;2021-06-01;4296;2923;288099;145216;44.5;22.4
17;2021-06-02;4202;3177;292301;148393;45.2;22.9
17;2021-06-03;5055;3165;297356;151558;46.0;23.4
17;2021-06-04;4516;3858;301872;155416;46.7;24.0
17;2021-06-05;1991;1600;303863;157016;47.0;24.3
17;2021-06-06;851;734;304714;157750;47.1;24.4
17;2021-06-07;3139;4345;307853;162095;47.6;25.1
17;2021-06-08;3788;4496;311641;166591;48.2;25.7
17;2021-06-09;4346;3055;315987;169646;48.8;26.2
17;2021-06-10;4929;2792;320916;172438;49.6;26.6
17;2021-06-11;4793;3691;325709;176129;50.3;27.2
17;2021-06-12;1812;1403;327521;177532;50.6;27.4
17;2021-06-13;610;415;328131;177947;50.7;27.5
17;2021-06-14;2834;4537;330965;182484;51.1;28.2
17;2021-06-15;3622;4379;334587;186863;51.7;28.9
17;2021-06-16;4132;3695;338719;190558;52.3;29.4
17;2021-06-17;4368;4116;343087;194674;53.0;30.1
17;2021-06-18;4054;4438;347141;199112;53.6;30.8
17;2021-06-19;1450;1990;348591;201102;53.9;31.1
17;2021-06-20;595;1035;349186;202137;54.0;31.2
17;2021-06-21;2562;4373;351748;206510;54.4;31.9
17;2021-06-22;3530;4451;355278;210961;54.9;32.6
17;2021-06-23;3795;3993;359073;214954;55.5;33.2
17;2021-06-24;3600;3959;362673;218913;56.0;33.8
17;2021-06-25;2719;4988;365392;223901;56.5;34.6
17;2021-06-26;906;2335;366298;226236;56.6;35.0
17;2021-06-27;396;1902;366694;228138;56.7;35.3
17;2021-06-28;1523;5416;368217;233554;56.9;36.1
17;2021-06-29;1684;5894;369901;239448;57.2;37.0
17;2021-06-30;2030;5548;371931;244996;57.5;37.9
17;2021-07-01;2265;5559;374196;250555;57.8;38.7
17;2021-07-02;2488;5984;376684;256539;58.2;39.6
17;2021-07-03;627;2546;377311;259085;58.3;40.0
17;2021-07-04;155;1250;377466;260335;58.3;40.2
17;2021-07-05;1890;5179;379356;265514;58.6;41.0
17;2021-07-06;2132;5600;381488;271114;59.0;41.9
17;2021-07-07;2408;5498;383896;276612;59.3;42.7
17;2021-07-08;2914;5442;386810;282054;59.8;43.6
17;2021-07-09;2526;6078;389336;288132;60.2;44.5
17;2021-07-10;828;2473;390164;290605;60.3;44.9
17;2021-07-11;380;907;390544;291512;60.4;45.1
17;2021-07-12;2007;5620;392551;297132;60.7;45.9
17;2021-07-13;2373;6719;394924;303851;61.0;47.0
17;2021-07-14;71;71;394995;303922;61.0;47.0
17;2021-07-15;2191;6861;397186;310783;61.4;48.0
17;2021-07-16;2779;6970;399965;317753;61.8;49.1
17;2021-07-17;1051;2276;401016;320029;62.0;49.5
17;2021-07-18;313;1037;401329;321066;62.0;49.6
17;2021-07-19;2635;5907;403964;326973;62.4;50.5
17;2021-07-20;3319;6316;407283;333289;62.9;51.5
17;2021-07-21;3803;6031;411086;339320;63.5;52.4
17;2021-07-22;4251;6276;415337;345596;64.2;53.4
17;2021-07-23;3898;6569;419235;352165;64.8;54.4
17;2021-07-24;2068;1399;421303;353564;65.1;54.6
17;2021-07-25;1043;416;422346;353980;65.3;54.7
17;2021-07-26;3739;5426;426085;359406;65.8;55.5
17;2021-07-27;4729;5437;430814;364843;66.6;56.4
17;2021-07-28;5217;5176;436031;370019;67.4;57.2
17;2021-07-29;5167;5343;441198;375362;68.2;58.0
17;2021-07-30;5505;5568;446703;380930;69.0;58.9
17;2021-07-31;2119;1214;448822;382144;69.4;59.1
17;2021-08-01;1093;359;449915;382503;69.5;59.1
17;2021-08-02;4615;4391;454530;386894;70.2;59.8
17;2021-08-03;5761;4164;460291;391058;71.1;60.4
17;2021-08-04;6194;3374;466485;394432;72.1;61.0
17;2021-08-05;6380;3151;472865;397583;73.1;61.4
17;2021-08-06;5883;3604;478748;401187;74.0;62.0
17;2021-08-07;1987;868;480735;402055;74.3;62.1
17;2021-08-08;975;219;481710;402274;74.4;62.2
17;2021-08-09;3919;3698;485629;405972;75.0;62.7
17;2021-08-10;5068;3495;490697;409467;75.8;63.3
17;2021-08-11;4898;3809;495595;413276;76.6;63.9
17;2021-08-12;4875;3960;500470;417236;77.3;64.5
17;2021-08-13;4500;4141;504970;421377;78.0;65.1
17;2021-08-14;1228;1381;506198;422758;78.2;65.3
17;2021-08-15;404;377;506602;423135;78.3;65.4
17;2021-08-16;2815;4061;509417;427196;78.7;66.0
17;2021-08-17;3038;4285;512455;431481;79.2;66.7
17;2021-08-18;2614;4548;515069;436029;79.6;67.4
17;2021-08-19;2718;4376;517787;440405;80.0;68.1
17;2021-08-20;2477;5026;520264;445431;80.4;68.8
17;2021-08-21;684;1354;520948;446785;80.5;69.0
17;2021-08-22;216;457;521164;447242;80.5;69.1
17;2021-08-23;1976;4953;523140;452195;80.8;69.9
17;2021-08-24;1936;5092;525076;457287;81.1;70.7
17;2021-08-25;1657;5502;526733;462789;81.4;71.5
17;2021-08-26;1599;5761;528332;468550;81.6;72.4
17;2021-08-27;1542;5950;529874;474500;81.9;73.3
17;2021-08-28;517;1455;530391;475955;82.0;73.6
17;2021-08-29;87;575;530478;476530;82.0;73.6
17;2021-08-30;1424;5110;531902;481640;82.2;74.4
17;2021-08-31;1315;5346;533217;486986;82.4;75.3
17;2021-09-01;1190;5018;534407;492004;82.6;76.0
17;2021-09-02;1126;4479;535533;496483;82.8;76.7
18;2020-12-27;0;0;0;0;0.0;0.0
18;2020-12-28;0;0;0;0;0.0;0.0
18;2020-12-29;0;0;0;0;0.0;0.0
18;2020-12-30;1;0;1;0;0.0;0.0
18;2020-12-31;0;0;1;0;0.0;0.0
18;2021-01-01;0;0;1;0;0.0;0.0
18;2021-01-02;0;0;1;0;0.0;0.0
18;2021-01-03;0;0;1;0;0.0;0.0
18;2021-01-04;3;0;4;0;0.0;0.0
18;2021-01-05;0;0;4;0;0.0;0.0
18;2021-01-06;1;0;5;0;0.0;0.0
18;2021-01-07;30;1;35;1;0.0;0.0
18;2021-01-08;65;0;100;1;0.0;0.0
18;2021-01-09;225;0;325;1;0.1;0.0
18;2021-01-10;146;0;471;1;0.2;0.0
18;2021-01-11;170;1;641;2;0.2;0.0
18;2021-01-12;372;0;1013;2;0.3;0.0
18;2021-01-13;270;1;1283;3;0.4;0.0
18;2021-01-14;269;2;1552;5;0.5;0.0
18;2021-01-15;332;2;1884;7;0.6;0.0
18;2021-01-16;288;3;2172;10;0.7;0.0
18;2021-01-17;1;0;2173;10;0.7;0.0
18;2021-01-18;290;0;2463;10;0.8;0.0
18;2021-01-19;1374;2;3837;12;1.3;0.0
18;2021-01-20;1239;2;5076;14;1.7;0.0
18;2021-01-21;965;0;6041;14;2.0;0.0
18;2021-01-22;780;2;6821;16;2.3;0.0
18;2021-01-23;249;2;7070;18;2.4;0.0
18;2021-01-24;0;0;7070;18;2.4;0.0
18;2021-01-25;509;0;7579;18;2.6;0.0
18;2021-01-26;395;1;7974;19;2.7;0.0
18;2021-01-27;390;2;8364;21;2.8;0.0
18;2021-01-28;566;8;8930;29;3.0;0.0
18;2021-01-29;491;72;9421;101;3.2;0.0
18;2021-01-30;432;154;9853;255;3.3;0.1
18;2021-01-31;82;108;9935;363;3.4;0.1
18;2021-02-01;328;130;10263;493;3.5;0.2
18;2021-02-02;507;237;10770;730;3.6;0.2
18;2021-02-03;398;203;11168;933;3.8;0.3
18;2021-02-04;630;226;11798;1159;4.0;0.4
18;2021-02-05;448;192;12246;1351;4.1;0.5
18;2021-02-06;283;98;12529;1449;4.2;0.5
18;2021-02-07;108;1;12637;1450;4.3;0.5
18;2021-02-08;268;221;12905;1671;4.4;0.6
18;2021-02-09;583;779;13488;2450;4.6;0.8
18;2021-02-10;740;690;14228;3140;4.8;1.1
18;2021-02-11;655;444;14883;3584;5.0;1.2
18;2021-02-12;502;318;15385;3902;5.2;1.3
18;2021-02-13;286;121;15671;4023;5.3;1.4
18;2021-02-14;364;97;16035;4120;5.4;1.4
18;2021-02-15;378;364;16413;4484;5.5;1.5
18;2021-02-16;399;377;16812;4861;5.7;1.6
18;2021-02-17;403;443;17215;5304;5.8;1.8
18;2021-02-18;344;525;17559;5829;5.9;2.0
18;2021-02-19;472;294;18031;6123;6.1;2.1
18;2021-02-20;721;225;18752;6348;6.3;2.1
18;2021-02-21;316;4;19068;6352;6.4;2.1
18;2021-02-22;217;347;19285;6699;6.5;2.3
18;2021-02-23;204;339;19489;7038;6.6;2.4
18;2021-02-24;241;258;19730;7296;6.7;2.5
18;2021-02-25;293;505;20023;7801;6.8;2.6
18;2021-02-26;582;229;20605;8030;7.0;2.7
18;2021-02-27;510;374;21115;8404;7.1;2.8
18;2021-02-28;7;68;21122;8472;7.1;2.9
18;2021-03-01;236;396;21358;8868;7.2;3.0
18;2021-03-02;284;514;21642;9382;7.3;3.2
18;2021-03-03;346;579;21988;9961;7.4;3.4
18;2021-03-04;475;566;22463;10527;7.6;3.6
18;2021-03-05;524;369;22987;10896;7.8;3.7
18;2021-03-06;1071;344;24058;11240;8.1;3.8
18;2021-03-07;7;140;24065;11380;8.1;3.8
18;2021-03-08;335;359;24400;11739;8.2;4.0
18;2021-03-09;410;362;24810;12101;8.4;4.1
18;2021-03-10;423;451;25233;12552;8.5;4.2
18;2021-03-11;518;418;25751;12970;8.7;4.4
18;2021-03-12;704;302;26455;13272;8.9;4.5
18;2021-03-13;1164;248;27619;13520;9.3;4.6
18;2021-03-14;301;214;27920;13734;9.4;4.6
18;2021-03-15;491;379;28411;14113;9.6;4.8
18;2021-03-16;392;312;28803;14425;9.7;4.9
18;2021-03-17;383;414;29186;14839;9.8;5.0
18;2021-03-18;512;227;29698;15066;10.0;5.1
18;2021-03-19;755;227;30453;15293;10.3;5.2
18;2021-03-20;986;618;31439;15911;10.6;5.4
18;2021-03-21;308;306;31747;16217;10.7;5.5
18;2021-03-22;602;296;32349;16513;10.9;5.6
18;2021-03-23;706;292;33055;16805;11.2;5.7
18;2021-03-24;1051;299;34106;17104;11.5;5.8
18;2021-03-25;1049;301;35155;17405;11.9;5.9
18;2021-03-26;1210;349;36365;17754;12.3;6.0
18;2021-03-27;1489;322;37854;18076;12.8;6.1
18;2021-03-28;215;0;38069;18076;12.8;6.1
18;2021-03-29;1102;198;39171;18274;13.2;6.2
18;2021-03-30;1084;305;40255;18579;13.6;6.3
18;2021-03-31;1305;253;41560;18832;14.0;6.4
18;2021-04-01;1377;347;42937;19179;14.5;6.5
18;2021-04-02;1229;311;44166;19490;14.9;6.6
18;2021-04-03;581;181;44747;19671;15.1;6.6
18;2021-04-04;71;5;44818;19676;15.1;6.6
18;2021-04-05;199;0;45017;19676;15.2;6.6
18;2021-04-06;1026;351;46043;20027;15.5;6.8
18;2021-04-07;1322;363;47365;20390;16.0;6.9
18;2021-04-08;1692;346;49057;20736;16.6;7.0
18;2021-04-09;1833;282;50890;21018;17.2;7.1
18;2021-04-10;2633;651;53523;21669;18.1;7.3
18;2021-04-11;1986;315;55509;21984;18.7;7.4
18;2021-04-12;1402;404;56911;22388;19.2;7.6
18;2021-04-13;1784;469;58695;22857;19.8;7.7
18;2021-04-14;1378;517;60073;23374;20.3;7.9
18;2021-04-15;1532;530;61605;23904;20.8;8.1
18;2021-04-16;1614;593;63219;24497;21.3;8.3
18;2021-04-17;1599;520;64818;25017;21.9;8.4
18;2021-04-18;377;232;65195;25249;22.0;8.5
18;2021-04-19;1316;594;66511;25843;22.4;8.7
18;2021-04-20;1446;712;67957;26555;22.9;9.0
18;2021-04-21;1272;909;69229;27464;23.4;9.3
18;2021-04-22;1402;704;70631;28168;23.8;9.5
18;2021-04-23;1387;733;72018;28901;24.3;9.8
18;2021-04-24;1355;1272;73373;30173;24.8;10.2
18;2021-04-25;288;217;73661;30390;24.9;10.3
18;2021-04-26;1204;953;74865;31343;25.3;10.6
18;2021-04-27;1545;765;76410;32108;25.8;10.8
18;2021-04-28;1358;875;77768;32983;26.2;11.1
18;2021-04-29;1850;734;79618;33717;26.9;11.4
18;2021-04-30;1570;997;81188;34714;27.4;11.7
18;2021-05-01;788;211;81976;34925;27.7;11.8
18;2021-05-02;806;60;82782;34985;27.9;11.8
18;2021-05-03;1627;1012;84409;35997;28.5;12.1
18;2021-05-04;1731;1282;86140;37279;29.1;12.6
18;2021-05-05;1735;1216;87875;38495;29.6;13.0
18;2021-05-06;2163;1366;90038;39861;30.4;13.4
18;2021-05-07;1234;1402;91272;41263;30.8;13.9
18;2021-05-08;994;1468;92266;42731;31.1;14.4
18;2021-05-09;500;2259;92766;44990;31.3;15.2
18;2021-05-10;1158;1508;93924;46498;31.7;15.7
18;2021-05-11;1696;1751;95620;48249;32.3;16.3
18;2021-05-12;1808;1495;97428;49744;32.9;16.8
18;2021-05-13;1061;370;98489;50114;33.2;16.9
18;2021-05-14;1346;944;99835;51058;33.7;17.2
18;2021-05-15;1810;1163;101645;52221;34.3;17.6
18;2021-05-16;538;582;102183;52803;34.5;17.8
18;2021-05-17;1245;1091;103428;53894;34.9;18.2
18;2021-05-18;2147;935;105575;54829;35.6;18.5
18;2021-05-19;2162;919;107737;55748;36.3;18.8
18;2021-05-20;2277;984;110014;56732;37.1;19.1
18;2021-05-21;1497;765;111511;57497;37.6;19.4
18;2021-05-22;1724;1074;113235;58571;38.2;19.8
18;2021-05-23;485;336;113720;58907;38.4;19.9
18;2021-05-24;462;292;114182;59199;38.5;20.0
18;2021-05-25;1842;1059;116024;60258;39.1;20.3
18;2021-05-26;2154;844;118178;61102;39.9;20.6
18;2021-05-27;2208;1233;120386;62335;40.6;21.0
18;2021-05-28;1713;1306;122099;63641;41.2;21.5
18;2021-05-29;2619;1659;124718;65300;42.1;22.0
18;2021-05-30;1484;504;126202;65804;42.6;22.2
18;2021-05-31;1786;692;127988;66496;43.2;22.4
18;2021-06-01;2040;949;130028;67445;43.9;22.8
18;2021-06-02;2009;1016;132037;68461;44.5;23.1
18;2021-06-03;2283;1201;134320;69662;45.3;23.5
18;2021-06-04;1909;1124;136229;70786;46.0;23.9
18;2021-06-05;2802;1450;139031;72236;46.9;24.4
18;2021-06-06;365;381;139396;72617;47.0;24.5
18;2021-06-07;1296;1233;140692;73850;47.5;24.9
18;2021-06-08;1491;1395;142183;75245;48.0;25.4
18;2021-06-09;1328;1067;143511;76312;48.4;25.7
18;2021-06-10;1631;1407;145142;77719;49.0;26.2
18;2021-06-11;1496;1404;146638;79123;49.5;26.7
18;2021-06-12;1245;2511;147883;81634;49.9;27.5
18;2021-06-13;126;262;148009;81896;49.9;27.6
18;2021-06-14;657;1828;148666;83724;50.2;28.2
18;2021-06-15;1093;1822;149759;85546;50.5;28.9
18;2021-06-16;1258;1440;151017;86986;50.9;29.3
18;2021-06-17;1206;1670;152223;88656;51.4;29.9
18;2021-06-18;1292;1667;153515;90323;51.8;30.5
18;2021-06-19;1564;1251;155079;91574;52.3;30.9
18;2021-06-20;246;159;155325;91733;52.4;30.9
18;2021-06-21;665;1602;155990;93335;52.6;31.5
18;2021-06-22;1068;1644;157058;94979;53.0;32.0
18;2021-06-23;944;1642;158002;96621;53.3;32.6
18;2021-06-24;1033;1062;159035;97683;53.7;33.0
18;2021-06-25;893;1745;159928;99428;54.0;33.5
18;2021-06-26;1098;1472;161026;100900;54.3;34.0
18;2021-06-27;31;372;161057;101272;54.3;34.2
18;2021-06-28;423;1923;161480;103195;54.5;34.8
18;2021-06-29;595;2377;162075;105572;54.7;35.6
18;2021-06-30;601;2544;162676;108116;54.9;36.5
18;2021-07-01;961;2155;163637;110271;55.2;37.2
18;2021-07-02;615;1686;164252;111957;55.4;37.8
18;2021-07-03;755;2576;165007;114533;55.7;38.6
18;2021-07-04;164;1033;165171;115566;55.7;39.0
18;2021-07-05;765;1877;165936;117443;56.0;39.6
18;2021-07-06;560;2302;166496;119745;56.2;40.4
18;2021-07-07;767;2115;167263;121860;56.4;41.1
18;2021-07-08;1031;1984;168294;123844;56.8;41.8
18;2021-07-09;704;2309;168998;126153;57.0;42.6
18;2021-07-10;781;3175;169779;129328;57.3;43.6
18;2021-07-11;81;665;169860;129993;57.3;43.9
18;2021-07-12;223;2253;170083;132246;57.4;44.6
18;2021-07-13;619;2906;170702;135152;57.6;45.6
18;2021-07-14;194;937;170896;136089;57.7;45.9
18;2021-07-15;1396;2816;172292;138905;58.1;46.9
18;2021-07-16;1185;2122;173477;141027;58.5;47.6
18;2021-07-17;1130;2473;174607;143500;58.9;48.4
18;2021-07-18;229;332;174836;143832;59.0;48.5
18;2021-07-19;1056;1659;175892;145491;59.3;49.1
18;2021-07-20;1625;2268;177517;147759;59.9;49.9
18;2021-07-21;1902;2063;179419;149822;60.5;50.5
18;2021-07-22;2214;1898;181633;151720;61.3;51.2
18;2021-07-23;1399;1612;183032;153332;61.8;51.7
18;2021-07-24;890;1535;183922;154867;62.1;52.2
18;2021-07-25;192;398;184114;155265;62.1;52.4
18;2021-07-26;1400;1506;185514;156771;62.6;52.9
18;2021-07-27;1824;1537;187338;158308;63.2;53.4
18;2021-07-28;2199;1795;189537;160103;63.9;54.0
18;2021-07-29;2142;1817;191679;161920;64.7;54.6
18;2021-07-30;1586;1342;193265;163262;65.2;55.1
18;2021-07-31;1236;1282;194501;164544;65.6;55.5
18;2021-08-01;90;34;194591;164578;65.7;55.5
18;2021-08-02;1410;765;196001;165343;66.1;55.8
18;2021-08-03;1718;1628;197719;166971;66.7;56.3
18;2021-08-04;2424;1100;200143;168071;67.5;56.7
18;2021-08-05;1526;1246;201669;169317;68.0;57.1
18;2021-08-06;1582;1142;203251;170459;68.6;57.5
18;2021-08-07;608;763;203859;171222;68.8;57.8
18;2021-08-08;49;60;203908;171282;68.8;57.8
18;2021-08-09;1105;875;205013;172157;69.2;58.1
18;2021-08-10;1206;1512;206219;173669;69.6;58.6
18;2021-08-11;1608;1504;207827;175173;70.1;59.1
18;2021-08-12;1551;1595;209378;176768;70.6;59.6
18;2021-08-13;1082;1169;210460;177937;71.0;60.0
18;2021-08-14;757;604;211217;178541;71.3;60.2
18;2021-08-15;35;17;211252;178558;71.3;60.2
18;2021-08-16;827;1203;212079;179761;71.6;60.6
18;2021-08-17;978;1997;213057;181758;71.9;61.3
18;2021-08-18;1153;1958;214210;183716;72.3;62.0
18;2021-08-19;1089;1610;215299;185326;72.6;62.5
18;2021-08-20;910;1756;216209;187082;72.9;63.1
18;2021-08-21;419;704;216628;187786;73.1;63.4
18;2021-08-22;21;73;216649;187859;73.1;63.4
18;2021-08-23;484;1681;217133;189540;73.3;63.9
18;2021-08-24;901;1493;218034;191033;73.6;64.5
18;2021-08-25;838;1865;218872;192898;73.8;65.1
18;2021-08-26;769;1530;219641;194428;74.1;65.6
18;2021-08-27;572;1995;220213;196423;74.3;66.3
18;2021-08-28;501;870;220714;197293;74.5;66.6
18;2021-08-29;91;176;220805;197469;74.5;66.6
18;2021-08-30;525;1441;221330;198910;74.7;67.1
18;2021-08-31;503;1441;221833;200351;74.8;67.6
18;2021-09-01;577;1640;222410;201991;75.0;68.1
18;2021-09-02;396;1266;222806;203257;75.2;68.6
19;2020-12-27;0;0;0;0;0.0;0.0
19;2020-12-28;0;0;0;0;0.0;0.0
19;2020-12-29;1;0;1;0;0.0;0.0
19;2020-12-30;0;0;1;0;0.0;0.0
19;2020-12-31;0;0;1;0;0.0;0.0
19;2021-01-01;0;0;1;0;0.0;0.0
19;2021-01-02;0;0;1;0;0.0;0.0
19;2021-01-03;0;0;1;0;0.0;0.0
19;2021-01-04;0;0;1;0;0.0;0.0
19;2021-01-05;0;0;1;0;0.0;0.0
19;2021-01-06;0;0;1;0;0.0;0.0
19;2021-01-07;344;1;345;1;0.1;0.0
19;2021-01-08;247;1;592;2;0.2;0.0
19;2021-01-09;1;0;593;2;0.2;0.0
19;2021-01-10;1;0;594;2;0.2;0.0
19;2021-01-11;38;0;632;2;0.3;0.0
19;2021-01-12;415;1;1047;3;0.4;0.0
19;2021-01-13;425;3;1472;6;0.6;0.0
19;2021-01-14;475;1;1947;7;0.8;0.0
19;2021-01-15;226;0;2173;7;0.9;0.0
19;2021-01-16;0;0;2173;7;0.9;0.0
19;2021-01-17;1;0;2174;7;0.9;0.0
19;2021-01-18;251;2;2425;9;1.0;0.0
19;2021-01-19;519;0;2944;9;1.2;0.0
19;2021-01-20;922;4;3866;13;1.6;0.0
19;2021-01-21;506;4;4372;17;1.8;0.0
19;2021-01-22;1317;4;5689;21;2.4;0.0
19;2021-01-23;281;0;5970;21;2.5;0.0
19;2021-01-24;37;0;6007;21;2.5;0.0
19;2021-01-25;233;0;6240;21;2.6;0.0
19;2021-01-26;607;4;6847;25;2.8;0.0
19;2021-01-27;334;3;7181;28;3.0;0.0
19;2021-01-28;297;162;7478;190;3.1;0.1
19;2021-01-29;348;58;7826;248;3.3;0.1
19;2021-01-30;130;24;7956;272;3.3;0.1
19;2021-01-31;41;0;7997;272;3.3;0.1
19;2021-02-01;158;95;8155;367;3.4;0.2
19;2021-02-02;303;428;8458;795;3.5;0.3
19;2021-02-03;284;241;8742;1036;3.6;0.4
19;2021-02-04;255;372;8997;1408;3.7;0.6
19;2021-02-05;310;76;9307;1484;3.9;0.6
19;2021-02-06;213;2;9520;1486;4.0;0.6
19;2021-02-07;48;2;9568;1488;4.0;0.6
19;2021-02-08;177;146;9745;1634;4.1;0.7
19;2021-02-09;333;273;10078;1907;4.2;0.8
19;2021-02-10;517;290;10595;2197;4.4;0.9
19;2021-02-11;412;316;11007;2513;4.6;1.0
19;2021-02-12;797;1160;11804;3673;4.9;1.5
19;2021-02-13;352;185;12156;3858;5.1;1.6
19;2021-02-14;98;13;12254;3871;5.1;1.6
19;2021-02-15;200;237;12454;4108;5.2;1.7
19;2021-02-16;386;171;12840;4279;5.3;1.8
19;2021-02-17;306;456;13146;4735;5.5;2.0
19;2021-02-18;174;493;13320;5228;5.5;2.2
19;2021-02-19;469;300;13789;5528;5.7;2.3
19;2021-02-20;133;204;13922;5732;5.8;2.4
19;2021-02-21;20;39;13942;5771;5.8;2.4
19;2021-02-22;221;210;14163;5981;5.9;2.5
19;2021-02-23;268;341;14431;6322;6.0;2.6
19;2021-02-24;361;206;14792;6528;6.2;2.7
19;2021-02-25;519;379;15311;6907;6.4;2.9
19;2021-02-26;395;310;15706;7217;6.5;3.0
19;2021-02-27;348;158;16054;7375;6.7;3.1
19;2021-02-28;68;36;16122;7411;6.7;3.1
19;2021-03-01;266;222;16388;7633;6.8;3.2
19;2021-03-02;428;255;16816;7888;7.0;3.3
19;2021-03-03;692;338;17508;8226;7.3;3.4
19;2021-03-04;826;350;18334;8576;7.6;3.6
19;2021-03-05;891;735;19225;9311;8.0;3.9
19;2021-03-06;1073;209;20298;9520;8.4;4.0
19;2021-03-07;463;37;20761;9557;8.6;4.0
19;2021-03-08;638;161;21399;9718;8.9;4.0
19;2021-03-09;836;248;22235;9966;9.3;4.1
19;2021-03-10;1155;320;23390;10286;9.7;4.3
19;2021-03-11;1274;309;24664;10595;10.3;4.4
19;2021-03-12;1136;405;25800;11000;10.7;4.6
19;2021-03-13;1111;166;26911;11166;11.2;4.6
19;2021-03-14;160;84;27071;11250;11.3;4.7
19;2021-03-15;699;137;27770;11387;11.6;4.7
19;2021-03-16;688;301;28458;11688;11.8;4.9
19;2021-03-17;839;280;29297;11968;12.2;5.0
19;2021-03-18;767;282;30064;12250;12.5;5.1
19;2021-03-19;1014;487;31078;12737;12.9;5.3
19;2021-03-20;783;131;31861;12868;13.3;5.4
19;2021-03-21;128;4;31989;12872;13.3;5.4
19;2021-03-22;548;177;32537;13049;13.5;5.4
19;2021-03-23;1045;233;33582;13282;14.0;5.5
19;2021-03-24;1171;373;34753;13655;14.5;5.7
19;2021-03-25;1189;415;35942;14070;15.0;5.9
19;2021-03-26;1323;276;37265;14346;15.5;6.0
19;2021-03-27;854;189;38119;14535;15.9;6.0
19;2021-03-28;63;60;38182;14595;15.9;6.1
19;2021-03-29;612;177;38794;14772;16.1;6.1
19;2021-03-30;971;345;39765;15117;16.5;6.3
19;2021-03-31;1157;495;40922;15612;17.0;6.5
19;2021-04-01;1491;426;42413;16038;17.6;6.7
19;2021-04-02;1007;524;43420;16562;18.1;6.9
19;2021-04-03;597;283;44017;16845;18.3;7.0
19;2021-04-04;130;3;44147;16848;18.4;7.0
19;2021-04-05;40;75;44187;16923;18.4;7.0
19;2021-04-06;735;605;44922;17528;18.7;7.3
19;2021-04-07;978;732;45900;18260;19.1;7.6
19;2021-04-08;1116;1018;47016;19278;19.6;8.0
19;2021-04-09;1642;615;48658;19893;20.2;8.3
19;2021-04-10;946;558;49604;20451;20.6;8.5
19;2021-04-11;558;74;50162;20525;20.9;8.5
19;2021-04-12;681;522;50843;21047;21.2;8.8
19;2021-04-13;915;576;51758;21623;21.5;9.0
19;2021-04-14;1333;849;53091;22472;22.1;9.4
19;2021-04-15;1229;873;54320;23345;22.6;9.7
19;2021-04-16;1505;820;55825;24165;23.2;10.1
19;2021-04-17;762;478;56587;24643;23.5;10.3
19;2021-04-18;661;69;57248;24712;23.8;10.3
19;2021-04-19;730;440;57978;25152;24.1;10.5
19;2021-04-20;979;749;58957;25901;24.5;10.8
19;2021-04-21;1271;700;60228;26601;25.1;11.1
19;2021-04-22;1189;899;61417;27500;25.6;11.4
19;2021-04-23;1129;1021;62546;28521;26.0;11.9
19;2021-04-24;679;675;63225;29196;26.3;12.1
19;2021-04-25;675;69;63900;29265;26.6;12.2
19;2021-04-26;1056;331;64956;29596;27.0;12.3
19;2021-04-27;1028;568;65984;30164;27.5;12.6
19;2021-04-28;1553;555;67537;30719;28.1;12.8
19;2021-04-29;1453;1183;68990;31902;28.7;13.3
19;2021-04-30;1876;1061;70866;32963;29.5;13.7
19;2021-05-01;671;170;71537;33133;29.8;13.8
19;2021-05-02;550;152;72087;33285;30.0;13.8
19;2021-05-03;854;547;72941;33832;30.3;14.1
19;2021-05-04;1025;707;73966;34539;30.8;14.4
19;2021-05-05;1255;741;75221;35280;31.3;14.7
19;2021-05-06;1127;1199;76348;36479;31.8;15.2
19;2021-05-07;1664;1191;78012;37670;32.5;15.7
19;2021-05-08;712;207;78724;37877;32.8;15.8
19;2021-05-09;487;546;79211;38423;33.0;16.0
19;2021-05-10;1164;670;80375;39093;33.4;16.3
19;2021-05-11;1640;858;82015;39951;34.1;16.6
19;2021-05-12;1945;1318;83960;41269;34.9;17.2
19;2021-05-13;571;242;84531;41511;35.2;17.3
19;2021-05-14;1646;988;86177;42499;35.9;17.7
19;2021-05-15;1443;592;87620;43091;36.5;17.9
19;2021-05-16;350;82;87970;43173;36.6;18.0
19;2021-05-17;1498;560;89468;43733;37.2;18.2
19;2021-05-18;1670;497;91138;44230;37.9;18.4
19;2021-05-19;2009;832;93147;45062;38.8;18.7
19;2021-05-20;1722;889;94869;45951;39.5;19.1
19;2021-05-21;1965;816;96834;46767;40.3;19.5
19;2021-05-22;1272;652;98106;47419;40.8;19.7
19;2021-05-23;324;131;98430;47550;41.0;19.8
19;2021-05-24;139;46;98569;47596;41.0;19.8
19;2021-05-25;1502;492;100071;48088;41.6;20.0
19;2021-05-26;1926;666;101997;48754;42.4;20.3
19;2021-05-27;1786;835;103783;49589;43.2;20.6
19;2021-05-28;1937;992;105720;50581;44.0;21.0
19;2021-05-29;1375;705;107095;51286;44.6;21.3
19;2021-05-30;191;497;107286;51783;44.6;21.5
19;2021-05-31;1199;537;108485;52320;45.1;21.8
19;2021-06-01;1284;885;109769;53205;45.7;22.1
19;2021-06-02;1817;954;111586;54159;46.4;22.5
19;2021-06-03;1447;1252;113033;55411;47.0;23.1
19;2021-06-04;1848;1357;114881;56768;47.8;23.6
19;2021-06-05;1210;815;116091;57583;48.3;24.0
19;2021-06-06;87;648;116178;58231;48.3;24.2
19;2021-06-07;922;934;117100;59165;48.7;24.6
19;2021-06-08;1104;907;118204;60072;49.2;25.0
19;2021-06-09;1329;1463;119533;61535;49.7;25.6
19;2021-06-10;1284;1581;120817;63116;50.3;26.3
19;2021-06-11;1315;1918;122132;65034;50.8;27.1
19;2021-06-12;1357;1317;123489;66351;51.4;27.6
19;2021-06-13;543;424;124032;66775;51.6;27.8
19;2021-06-14;736;1016;124768;67791;51.9;28.2
19;2021-06-15;979;1143;125747;68934;52.3;28.7
19;2021-06-16;1223;1364;126970;70298;52.8;29.2
19;2021-06-17;869;1792;127839;72090;53.2;30.0
19;2021-06-18;1057;2136;128896;74226;53.6;30.9
19;2021-06-19;919;1302;129815;75528;54.0;31.4
19;2021-06-20;395;327;130210;75855;54.2;31.6
19;2021-06-21;500;1075;130710;76930;54.4;32.0
19;2021-06-22;698;1490;131408;78420;54.7;32.6
19;2021-06-23;744;1987;132152;80407;55.0;33.5
19;2021-06-24;687;1663;132839;82070;55.3;34.1
19;2021-06-25;562;2216;133401;84286;55.5;35.1
19;2021-06-26;472;1741;133873;86027;55.7;35.8
19;2021-06-27;289;445;134162;86472;55.8;36.0
19;2021-06-28;315;1500;134477;87972;56.0;36.6
19;2021-06-29;354;1894;134831;89866;56.1;37.4
19;2021-06-30;795;2152;135626;92018;56.4;38.3
19;2021-07-01;361;2321;135987;94339;56.6;39.3
19;2021-07-02;781;2317;136768;96656;56.9;40.2
19;2021-07-03;513;1743;137281;98399;57.1;40.9
19;2021-07-04;1;73;137282;98472;57.1;41.0
19;2021-07-05;600;1015;137882;99487;57.4;41.4
19;2021-07-06;506;1541;138388;101028;57.6;42.0
19;2021-07-07;705;2045;139093;103073;57.9;42.9
19;2021-07-08;770;2149;139863;105222;58.2;43.8
19;2021-07-09;716;2659;140579;107881;58.5;44.9
19;2021-07-10;587;1709;141166;109590;58.7;45.6
19;2021-07-11;45;212;141211;109802;58.8;45.7
19;2021-07-12;447;1489;141658;111291;58.9;46.3
19;2021-07-13;685;1829;142343;113120;59.2;47.1
19;2021-07-14;202;273;142545;113393;59.3;47.2
19;2021-07-15;871;2050;143416;115443;59.7;48.0
19;2021-07-16;1230;2445;144646;117888;60.2;49.1
19;2021-07-17;703;1718;145349;119606;60.5;49.8
19;2021-07-18;365;673;145714;120279;60.6;50.0
19;2021-07-19;969;1405;146683;121684;61.0;50.6
19;2021-07-20;967;1674;147650;123358;61.4;51.3
19;2021-07-21;1083;1713;148733;125071;61.9;52.0
19;2021-07-22;1392;1857;150125;126928;62.5;52.8
19;2021-07-23;1784;1993;151909;128921;63.2;53.6
19;2021-07-24;908;1753;152817;130674;63.6;54.4
19;2021-07-25;165;513;152982;131187;63.7;54.6
19;2021-07-26;911;911;153893;132098;64.0;55.0
19;2021-07-27;1421;1116;155314;133214;64.6;55.4
19;2021-07-28;2044;1225;157358;134439;65.5;55.9
19;2021-07-29;1623;1202;158981;135641;66.1;56.4
19;2021-07-30;1908;1025;160889;136666;66.9;56.9
19;2021-07-31;1129;1016;162018;137682;67.4;57.3
19;2021-08-01;347;372;162365;138054;67.6;57.4
19;2021-08-02;1147;808;163512;138862;68.0;57.8
19;2021-08-03;1450;1052;164962;139914;68.6;58.2
19;2021-08-04;1985;761;166947;140675;69.5;58.5
19;2021-08-05;1628;953;168575;141628;70.1;58.9
19;2021-08-06;1959;1216;170534;142844;71.0;59.4
19;2021-08-07;1330;998;171864;143842;71.5;59.9
19;2021-08-08;184;233;172048;144075;71.6;59.9
19;2021-08-09;1004;787;173052;144862;72.0;60.3
19;2021-08-10;1278;1010;174330;145872;72.5;60.7
19;2021-08-11;1351;1005;175681;146877;73.1;61.1
19;2021-08-12;1016;1278;176697;148155;73.5;61.6
19;2021-08-13;1168;1278;177865;149433;74.0;62.2
19;2021-08-14;976;1164;178841;150597;74.4;62.7
19;2021-08-15;30;54;178871;150651;74.4;62.7
19;2021-08-16;590;1028;179461;151679;74.7;63.1
19;2021-08-17;629;1167;180090;152846;74.9;63.6
19;2021-08-18;650;982;180740;153828;75.2;64.0
19;2021-08-19;436;1260;181176;155088;75.4;64.5
19;2021-08-20;861;1927;182037;157015;75.7;65.3
19;2021-08-21;489;1373;182526;158388;75.9;65.9
19;2021-08-22;52;93;182578;158481;76.0;65.9
19;2021-08-23;222;1157;182800;159638;76.1;66.4
19;2021-08-24;535;1318;183335;160956;76.3;67.0
19;2021-08-25;634;1554;183969;162510;76.5;67.6
19;2021-08-26;475;1461;184444;163971;76.7;68.2
19;2021-08-27;498;1688;184942;165659;77.0;68.9
19;2021-08-28;361;1278;185303;166937;77.1;69.5
19;2021-08-29;60;182;185363;167119;77.1;69.5
19;2021-08-30;226;1094;185589;168213;77.2;70.0
19;2021-08-31;322;1451;185911;169664;77.4;70.6
19;2021-09-01;344;1478;186255;171142;77.5;71.2
19;2021-09-02;337;1314;186592;172456;77.6;71.8
21;2020-12-27;4;0;4;0;0.0;0.0
21;2020-12-28;2;0;6;0;0.0;0.0
21;2020-12-29;19;0;25;0;0.0;0.0
21;2020-12-30;22;0;47;0;0.0;0.0
21;2020-12-31;0;0;47;0;0.0;0.0
21;2021-01-01;0;0;47;0;0.0;0.0
21;2021-01-02;1;0;48;0;0.0;0.0
21;2021-01-03;1;0;49;0;0.0;0.0
21;2021-01-04;22;0;71;0;0.0;0.0
21;2021-01-05;250;2;321;2;0.1;0.0
21;2021-01-06;300;0;621;2;0.1;0.0
21;2021-01-07;387;0;1008;2;0.2;0.0
21;2021-01-08;455;2;1463;4;0.3;0.0
21;2021-01-09;252;0;1715;4;0.3;0.0
21;2021-01-10;2;0;1717;4;0.3;0.0
21;2021-01-11;624;1;2341;5;0.4;0.0
21;2021-01-12;655;0;2996;5;0.6;0.0
21;2021-01-13;703;2;3699;7;0.7;0.0
21;2021-01-14;1191;6;4890;13;0.9;0.0
21;2021-01-15;717;5;5607;18;1.1;0.0
21;2021-01-16;162;0;5769;18;1.1;0.0
21;2021-01-17;5;0;5774;18;1.1;0.0
21;2021-01-18;1317;5;7091;23;1.3;0.0
21;2021-01-19;1371;2;8462;25;1.6;0.0
21;2021-01-20;1297;45;9759;70;1.8;0.0
21;2021-01-21;1541;3;11300;73;2.1;0.0
21;2021-01-22;1246;5;12546;78;2.4;0.0
21;2021-01-23;487;0;13033;78;2.4;0.0
21;2021-01-24;124;0;13157;78;2.5;0.0
21;2021-01-25;926;18;14083;96;2.6;0.0
21;2021-01-26;1542;141;15625;237;2.9;0.0
21;2021-01-27;2050;152;17675;389;3.3;0.1
21;2021-01-28;1453;224;19128;613;3.6;0.1
21;2021-01-29;1023;211;20151;824;3.8;0.2
21;2021-01-30;470;31;20621;855;3.9;0.2
21;2021-01-31;97;3;20718;858;3.9;0.2
21;2021-02-01;453;282;21171;1140;4.0;0.2
21;2021-02-02;456;435;21627;1575;4.1;0.3
21;2021-02-03;443;277;22070;1852;4.1;0.3
21;2021-02-04;417;541;22487;2393;4.2;0.4
21;2021-02-05;490;523;22977;2916;4.3;0.5
21;2021-02-06;155;219;23132;3135;4.3;0.6
21;2021-02-07;2;2;23134;3137;4.3;0.6
21;2021-02-08;433;387;23567;3524;4.4;0.7
21;2021-02-09;514;511;24081;4035;4.5;0.8
21;2021-02-10;461;569;24542;4604;4.6;0.9
21;2021-02-11;485;744;25027;5348;4.7;1.0
21;2021-02-12;356;916;25383;6264;4.8;1.2
21;2021-02-13;360;303;25743;6567;4.8;1.2
21;2021-02-14;239;144;25982;6711;4.9;1.3
21;2021-02-15;120;1336;26102;8047;4.9;1.5
21;2021-02-16;206;1507;26308;9554;4.9;1.8
21;2021-02-17;399;1948;26707;11502;5.0;2.2
21;2021-02-18;603;1327;27310;12829;5.1;2.4
21;2021-02-19;217;1109;27527;13938;5.2;2.6
21;2021-02-20;122;415;27649;14353;5.2;2.7
21;2021-02-21;1;83;27650;14436;5.2;2.7
21;2021-02-22;83;760;27733;15196;5.2;2.9
21;2021-02-23;169;1000;27902;16196;5.2;3.0
21;2021-02-24;225;719;28127;16915;5.3;3.2
21;2021-02-25;647;813;28774;17728;5.4;3.3
21;2021-02-26;926;704;29700;18432;5.6;3.5
21;2021-02-27;534;293;30234;18725;5.7;3.5
21;2021-02-28;24;135;30258;18860;5.7;3.5
21;2021-03-01;679;625;30937;19485;5.8;3.7
21;2021-03-02;1054;552;31991;20037;6.0;3.8
21;2021-03-03;1168;436;33159;20473;6.2;3.8
21;2021-03-04;1685;514;34844;20987;6.5;3.9
21;2021-03-05;2196;661;37040;21648;7.0;4.1
21;2021-03-06;1593;196;38633;21844;7.2;4.1
21;2021-03-07;4;16;38637;21860;7.3;4.1
21;2021-03-08;772;447;39409;22307;7.4;4.2
21;2021-03-09;1571;570;40980;22877;7.7;4.3
21;2021-03-10;1627;563;42607;23440;8.0;4.4
21;2021-03-11;2194;694;44801;24134;8.4;4.5
21;2021-03-12;2905;437;47706;24571;9.0;4.6
21;2021-03-13;1932;188;49638;24759;9.3;4.6
21;2021-03-14;38;49;49676;24808;9.3;4.7
21;2021-03-15;1414;86;51090;24894;9.6;4.7
21;2021-03-16;1884;152;52974;25046;9.9;4.7
21;2021-03-17;1809;114;54783;25160;10.3;4.7
21;2021-03-18;2127;265;56910;25425;10.7;4.8
21;2021-03-19;1963;147;58873;25572;11.0;4.8
21;2021-03-20;1228;38;60101;25610;11.3;4.8
21;2021-03-21;2;0;60103;25610;11.3;4.8
21;2021-03-22;1556;92;61659;25702;11.6;4.8
21;2021-03-23;2695;105;64354;25807;12.1;4.8
21;2021-03-24;2890;162;67244;25969;12.6;4.9
21;2021-03-25;3731;244;70975;26213;13.3;4.9
21;2021-03-26;3655;203;74630;26416;14.0;5.0
21;2021-03-27;1731;59;76361;26475;14.3;5.0
21;2021-03-28;200;37;76561;26512;14.4;5.0
21;2021-03-29;1789;518;78350;27030;14.7;5.1
21;2021-03-30;2347;802;80697;27832;15.1;5.2
21;2021-03-31;2718;651;83415;28483;15.7;5.3
21;2021-04-01;2692;722;86107;29205;16.2;5.5
21;2021-04-02;2247;742;88354;29947;16.6;5.6
21;2021-04-03;1018;281;89372;30228;16.8;5.7
21;2021-04-04;2;12;89374;30240;16.8;5.7
21;2021-04-05;9;0;89383;30240;16.8;5.7
21;2021-04-06;1360;1136;90743;31376;17.0;5.9
21;2021-04-07;1751;968;92494;32344;17.4;6.1
21;2021-04-08;3216;1142;95710;33486;18.0;6.3
21;2021-04-09;3480;1186;99190;34672;18.6;6.5
21;2021-04-10;1376;745;100566;35417;18.9;6.6
21;2021-04-11;145;3;100711;35420;18.9;6.6
21;2021-04-12;1118;1347;101829;36767;19.1;6.9
21;2021-04-13;1655;1783;103484;38550;19.4;7.2
21;2021-04-14;1483;1470;104967;40020;19.7;7.5
21;2021-04-15;1902;1593;106869;41613;20.1;7.8
21;2021-04-16;2322;1314;109191;42927;20.5;8.1
21;2021-04-17;1019;972;110210;43899;20.7;8.2
21;2021-04-18;15;4;110225;43903;20.7;8.2
21;2021-04-19;1110;1323;111335;45226;20.9;8.5
21;2021-04-20;1241;1834;112576;47060;21.1;8.8
21;2021-04-21;1095;1723;113671;48783;21.3;9.2
21;2021-04-22;1273;2212;114944;50995;21.6;9.6
21;2021-04-23;1983;1728;116927;52723;21.9;9.9
21;2021-04-24;1003;872;117930;53595;22.1;10.1
21;2021-04-25;9;168;117939;53763;22.1;10.1
21;2021-04-26;1013;1595;118952;55358;22.3;10.4
21;2021-04-27;1841;1940;120793;57298;22.7;10.8
21;2021-04-28;2231;2225;123024;59523;23.1;11.2
21;2021-04-29;3135;2265;126159;61788;23.7;11.6
21;2021-04-30;3561;1864;129720;63652;24.3;11.9
21;2021-05-01;962;227;130682;63879;24.5;12.0
21;2021-05-02;2;5;130684;63884;24.5;12.0
21;2021-05-03;2081;1350;132765;65234;24.9;12.2
21;2021-05-04;2576;1648;135341;66882;25.4;12.6
21;2021-05-05;2248;1691;137589;68573;25.8;12.9
21;2021-05-06;3015;2247;140604;70820;26.4;13.3
21;2021-05-07;2805;2182;143409;73002;26.9;13.7
21;2021-05-08;1068;271;144477;73273;27.1;13.8
21;2021-05-09;26;177;144503;73450;27.1;13.8
21;2021-05-10;3170;1732;147673;75182;27.7;14.1
21;2021-05-11;4922;2005;152595;77187;28.6;14.5
21;2021-05-12;4804;1749;157399;78936;29.5;14.8
21;2021-05-13;3846;368;161245;79304;30.3;14.9
21;2021-05-14;5202;1471;166447;80775;31.2;15.2
21;2021-05-15;3429;648;169876;81423;31.9;15.3
21;2021-05-16;49;4;169925;81427;31.9;15.3
21;2021-05-17;4129;1260;174054;82687;32.7;15.5
21;2021-05-18;4359;1503;178413;84190;33.5;15.8
21;2021-05-19;3471;1132;181884;85322;34.1;16.0
21;2021-05-20;3899;1359;185783;86681;34.9;16.3
21;2021-05-21;3624;2158;189407;88839;35.5;16.7
21;2021-05-22;1669;770;191076;89609;35.9;16.8
21;2021-05-23;4;17;191080;89626;35.9;16.8
21;2021-05-24;1816;266;192896;89892;36.2;16.9
21;2021-05-25;2648;1968;195544;91860;36.7;17.2
21;2021-05-26;2604;1998;198148;93858;37.2;17.6
21;2021-05-27;4014;2103;202162;95961;37.9;18.0
21;2021-05-28;3572;2829;205734;98790;38.6;18.5
21;2021-05-29;1932;1468;207666;100258;39.0;18.8
21;2021-05-30;98;13;207764;100271;39.0;18.8
21;2021-05-31;2503;1782;210267;102053;39.5;19.2
21;2021-06-01;3454;2256;213721;104309;40.1;19.6
21;2021-06-02;2618;1764;216339;106073;40.6;19.9
21;2021-06-03;3147;2078;219486;108151;41.2;20.3
21;2021-06-04;3284;2589;222770;110740;41.8;20.8
21;2021-06-05;2924;1654;225694;112394;42.4;21.1
21;2021-06-06;51;85;225745;112479;42.4;21.1
21;2021-06-07;4316;1351;230061;113830;43.2;21.4
21;2021-06-08;4941;2143;235002;115973;44.1;21.8
21;2021-06-09;4502;1631;239504;117604;44.9;22.1
21;2021-06-10;3934;2598;243438;120202;45.7;22.6
21;2021-06-11;4169;3107;247607;123309;46.5;23.1
21;2021-06-12;2198;1608;249805;124917;46.9;23.4
21;2021-06-13;29;11;249834;124928;46.9;23.4
21;2021-06-14;2197;2565;252031;127493;47.3;23.9
21;2021-06-15;2960;3093;254991;130586;47.9;24.5
21;2021-06-16;2854;2613;257845;133199;48.4;25.0
21;2021-06-17;3422;3042;261267;136241;49.0;25.6
21;2021-06-18;2427;3802;263694;140043;49.5;26.3
21;2021-06-19;2044;1864;265738;141907;49.9;26.6
21;2021-06-20;26;13;265764;141920;49.9;26.6
21;2021-06-21;1844;3411;267608;145331;50.2;27.3
21;2021-06-22;1883;5830;269491;151161;50.6;28.4
21;2021-06-23;2029;5014;271520;156175;51.0;29.3
21;2021-06-24;2366;4667;273886;160842;51.4;30.2
21;2021-06-25;1531;5899;275417;166741;51.7;31.3
21;2021-06-26;1441;3900;276858;170641;52.0;32.0
21;2021-06-27;18;125;276876;170766;52.0;32.0
21;2021-06-28;1398;4020;278274;174786;52.2;32.8
21;2021-06-29;1636;4180;279910;178966;52.5;33.6
21;2021-06-30;1569;3376;281479;182342;52.8;34.2
21;2021-07-01;1666;4150;283145;186492;53.1;35.0
21;2021-07-02;2178;4232;285323;190724;53.5;35.8
21;2021-07-03;1095;2101;286418;192825;53.7;36.2
21;2021-07-04;37;55;286455;192880;53.8;36.2
21;2021-07-05;1608;3627;288063;196507;54.1;36.9
21;2021-07-06;1347;3587;289410;200094;54.3;37.5
21;2021-07-07;1455;3240;290865;203334;54.6;38.2
21;2021-07-08;1878;4159;292743;207493;54.9;38.9
21;2021-07-09;2084;4352;294827;211845;55.3;39.8
21;2021-07-10;1089;2544;295916;214389;55.5;40.2
21;2021-07-11;21;74;295937;214463;55.5;40.2
21;2021-07-12;1658;3729;297595;218192;55.8;40.9
21;2021-07-13;2345;4896;299940;223088;56.3;41.9
21;2021-07-14;2873;2017;302813;225105;56.8;42.2
21;2021-07-15;3816;4558;306629;229663;57.5;43.1
21;2021-07-16;3889;5259;310518;234922;58.3;44.1
21;2021-07-17;2774;4171;313292;239093;58.8;44.9
21;2021-07-18;157;82;313449;239175;58.8;44.9
21;2021-07-19;2378;4628;315827;243803;59.3;45.8
21;2021-07-20;2758;5489;318585;249292;59.8;46.8
21;2021-07-21;2910;4792;321495;254084;60.3;47.7
21;2021-07-22;3021;4725;324516;258809;60.9;48.6
21;2021-07-23;4355;4893;328871;263702;61.7;49.5
21;2021-07-24;3037;3019;331908;266721;62.3;50.1
21;2021-07-25;68;40;331976;266761;62.3;50.1
21;2021-07-26;2664;3591;334640;270352;62.8;50.7
21;2021-07-27;3411;3779;338051;274131;63.4;51.4
21;2021-07-28;3574;3347;341625;277478;64.1;52.1
21;2021-07-29;4132;3369;345757;280847;64.9;52.7
21;2021-07-30;4605;3346;350362;284193;65.7;53.3
21;2021-07-31;3426;2374;353788;286567;66.4;53.8
21;2021-08-01;330;57;354118;286624;66.5;53.8
21;2021-08-02;2531;3161;356649;289785;66.9;54.4
21;2021-08-03;2612;2761;359261;292546;67.4;54.9
21;2021-08-04;2365;2486;361626;295032;67.9;55.4
21;2021-08-05;2213;3080;363839;298112;68.3;55.9
21;2021-08-06;2572;3303;366411;301415;68.8;56.6
21;2021-08-07;1902;2657;368313;304072;69.1;57.1
21;2021-08-08;74;68;368387;304140;69.1;57.1
21;2021-08-09;1643;2929;370030;307069;69.4;57.6
21;2021-08-10;1409;2715;371439;309784;69.7;58.1
21;2021-08-11;1658;2445;373097;312229;70.0;58.6
21;2021-08-12;1147;2420;374244;314649;70.2;59.0
21;2021-08-13;1493;2743;375737;317392;70.5;59.6
21;2021-08-14;839;2431;376576;319823;70.7;60.0
21;2021-08-15;51;64;376627;319887;70.7;60.0
21;2021-08-16;1387;2819;378014;322706;70.9;60.6
21;2021-08-17;1196;2776;379210;325482;71.2;61.1
21;2021-08-18;1017;2874;380227;328356;71.4;61.6
21;2021-08-19;949;3066;381176;331422;71.5;62.2
21;2021-08-20;1048;4186;382224;335608;71.7;63.0
21;2021-08-21;834;3140;383058;338748;71.9;63.6
21;2021-08-22;32;116;383090;338864;71.9;63.6
21;2021-08-23;905;3213;383995;342077;72.1;64.2
21;2021-08-24;963;2872;384958;344949;72.2;64.7
21;2021-08-25;859;2548;385817;347497;72.4;65.2
21;2021-08-26;712;2419;386529;349916;72.5;65.7
21;2021-08-27;1025;3385;387554;353301;72.7;66.3
21;2021-08-28;704;2751;388258;356052;72.9;66.8
21;2021-08-29;43;215;388301;356267;72.9;66.9
21;2021-08-30;772;2259;389073;358526;73.0;67.3
21;2021-08-31;935;2100;390008;360626;73.2;67.7
21;2021-09-01;604;1768;390612;362394;73.3;68.0
21;2021-09-02;486;1439;391098;363833;73.4;68.3
22;2020-12-27;0;0;0;0;0.0;0.0
22;2020-12-28;0;0;0;0;0.0;0.0
22;2020-12-29;0;0;0;0;0.0;0.0
22;2020-12-30;0;0;0;0;0.0;0.0
22;2020-12-31;0;0;0;0;0.0;0.0
22;2021-01-01;0;0;0;0;0.0;0.0
22;2021-01-02;2;0;2;0;0.0;0.0
22;2021-01-03;0;0;2;0;0.0;0.0
22;2021-01-04;5;0;7;0;0.0;0.0
22;2021-01-05;61;0;68;0;0.0;0.0
22;2021-01-06;114;1;182;1;0.0;0.0
22;2021-01-07;67;0;249;1;0.0;0.0
22;2021-01-08;174;0;423;1;0.1;0.0
22;2021-01-09;1;0;424;1;0.1;0.0
22;2021-01-10;0;0;424;1;0.1;0.0
22;2021-01-11;234;3;658;4;0.1;0.0
22;2021-01-12;627;0;1285;4;0.2;0.0
22;2021-01-13;676;1;1961;5;0.3;0.0
22;2021-01-14;716;8;2677;13;0.4;0.0
22;2021-01-15;529;2;3206;15;0.5;0.0
22;2021-01-16;96;0;3302;15;0.6;0.0
22;2021-01-17;1;0;3303;15;0.6;0.0
22;2021-01-18;311;1;3614;16;0.6;0.0
22;2021-01-19;687;1;4301;17;0.7;0.0
22;2021-01-20;598;0;4899;17;0.8;0.0
22;2021-01-21;947;1;5846;18;1.0;0.0
22;2021-01-22;839;2;6685;20;1.1;0.0
22;2021-01-23;219;0;6904;20;1.2;0.0
22;2021-01-24;1;0;6905;20;1.2;0.0
22;2021-01-25;748;10;7653;30;1.3;0.0
22;2021-01-26;1017;59;8670;89;1.5;0.0
22;2021-01-27;3859;111;12529;200;2.1;0.0
22;2021-01-28;4510;85;17039;285;2.9;0.0
22;2021-01-29;1898;126;18937;411;3.2;0.1
22;2021-01-30;287;0;19224;411;3.2;0.1
22;2021-01-31;3;0;19227;411;3.2;0.1
22;2021-02-01;641;80;19868;491;3.3;0.1
22;2021-02-02;903;433;20771;924;3.5;0.2
22;2021-02-03;690;496;21461;1420;3.6;0.2
22;2021-02-04;965;631;22426;2051;3.8;0.3
22;2021-02-05;721;558;23147;2609;3.9;0.4
22;2021-02-06;253;0;23400;2609;3.9;0.4
22;2021-02-07;0;0;23400;2609;3.9;0.4
22;2021-02-08;531;128;23931;2737;4.0;0.5
22;2021-02-09;614;333;24545;3070;4.1;0.5
22;2021-02-10;425;197;24970;3267;4.2;0.5
22;2021-02-11;1086;321;26056;3588;4.4;0.6
22;2021-02-12;594;321;26650;3909;4.5;0.7
22;2021-02-13;319;77;26969;3986;4.5;0.7
22;2021-02-14;0;4;26969;3990;4.5;0.7
22;2021-02-15;672;411;27641;4401;4.6;0.7
22;2021-02-16;1042;680;28683;5081;4.8;0.9
22;2021-02-17;1202;2438;29885;7519;5.0;1.3
22;2021-02-18;2142;2979;32027;10498;5.4;1.8
22;2021-02-19;1637;1922;33664;12420;5.6;2.1
22;2021-02-20;479;205;34143;12625;5.7;2.1
22;2021-02-21;6;49;34149;12674;5.7;2.1
22;2021-02-22;403;694;34552;13368;5.8;2.2
22;2021-02-23;665;897;35217;14265;5.9;2.4
22;2021-02-24;695;910;35912;15175;6.0;2.5
22;2021-02-25;1201;1174;37113;16349;6.2;2.7
22;2021-02-26;1066;699;38179;17048;6.4;2.9
22;2021-02-27;564;282;38743;17330;6.5;2.9
22;2021-02-28;16;8;38759;17338;6.5;2.9
22;2021-03-01;958;519;39717;17857;6.7;3.0
22;2021-03-02;1206;863;40923;18720;6.9;3.1
22;2021-03-03;1325;849;42248;19569;7.1;3.3
22;2021-03-04;1600;923;43848;20492;7.4;3.4
22;2021-03-05;2108;804;45956;21296;7.7;3.6
22;2021-03-06;1113;297;47069;21593;7.9;3.6
22;2021-03-07;219;1;47288;21594;7.9;3.6
22;2021-03-08;1291;657;48579;22251;8.1;3.7
22;2021-03-09;1824;755;50403;23006;8.5;3.9
22;2021-03-10;1987;1001;52390;24007;8.8;4.0
22;2021-03-11;2377;1652;54767;25659;9.2;4.3
22;2021-03-12;3102;962;57869;26621;9.7;4.5
22;2021-03-13;1720;291;59589;26912;10.0;4.5
22;2021-03-14;245;23;59834;26935;10.0;4.5
22;2021-03-15;1620;564;61454;27499;10.3;4.6
22;2021-03-16;1602;853;63056;28352;10.6;4.8
22;2021-03-17;2650;702;65706;29054;11.0;4.9
22;2021-03-18;2552;1108;68258;30162;11.4;5.1
22;2021-03-19;3282;799;71540;30961;12.0;5.2
22;2021-03-20;2208;286;73748;31247;12.4;5.2
22;2021-03-21;16;0;73764;31247;12.4;5.2
22;2021-03-22;2364;363;76128;31610;12.8;5.3
22;2021-03-23;3142;785;79270;32395;13.3;5.4
22;2021-03-24;3485;684;82755;33079;13.9;5.5
22;2021-03-25;3962;608;86717;33687;14.5;5.7
22;2021-03-26;4003;484;90720;34171;15.2;5.7
22;2021-03-27;2088;180;92808;34351;15.6;5.8
22;2021-03-28;67;1;92875;34352;15.6;5.8
22;2021-03-29;2766;910;95641;35262;16.0;5.9
22;2021-03-30;3568;1155;99209;36417;16.6;6.1
22;2021-03-31;3675;1084;102884;37501;17.3;6.3
22;2021-04-01;4943;1129;107827;38630;18.1;6.5
22;2021-04-02;4391;1034;112218;39664;18.8;6.7
22;2021-04-03;1997;403;114215;40067;19.2;6.7
22;2021-04-04;37;0;114252;40067;19.2;6.7
22;2021-04-05;15;0;114267;40067;19.2;6.7
22;2021-04-06;3291;1137;117558;41204;19.7;6.9
22;2021-04-07;3430;1367;120988;42571;20.3;7.1
22;2021-04-08;4448;1322;125436;43893;21.0;7.4
22;2021-04-09;5184;1358;130620;45251;21.9;7.6
22;2021-04-10;2445;365;133065;45616;22.3;7.7
22;2021-04-11;485;10;133550;45626;22.4;7.7
22;2021-04-12;2986;1005;136536;46631;22.9;7.8
22;2021-04-13;3321;1518;139857;48149;23.5;8.1
22;2021-04-14;3169;2486;143026;50635;24.0;8.5
22;2021-04-15;3600;2434;146626;53069;24.6;8.9
22;2021-04-16;3631;2488;150257;55557;25.2;9.3
22;2021-04-17;1919;1792;152176;57349;25.5;9.6
22;2021-04-18;17;0;152193;57349;25.5;9.6
22;2021-04-19;3021;2148;155214;59497;26.0;10.0
22;2021-04-20;3310;2796;158524;62293;26.6;10.4
22;2021-04-21;3223;2728;161747;65021;27.1;10.9
22;2021-04-22;3593;3133;165340;68154;27.7;11.4
22;2021-04-23;3729;3173;169069;71327;28.4;12.0
22;2021-04-24;2006;1963;171075;73290;28.7;12.3
22;2021-04-25;17;0;171092;73290;28.7;12.3
22;2021-04-26;3213;2853;174305;76143;29.2;12.8
22;2021-04-27;3373;3143;177678;79286;29.8;13.3
22;2021-04-28;3490;3153;181168;82439;30.4;13.8
22;2021-04-29;4081;3271;185249;85710;31.1;14.4
22;2021-04-30;3904;3226;189153;88936;31.7;14.9
22;2021-05-01;60;69;189213;89005;31.7;14.9
22;2021-05-02;1237;60;190450;89065;31.9;14.9
22;2021-05-03;2030;2711;192480;91776;32.3;15.4
22;2021-05-04;2154;2900;194634;94676;32.6;15.9
22;2021-05-05;2052;3006;196686;97682;33.0;16.4
22;2021-05-06;2509;3495;199195;101177;33.4;17.0
22;2021-05-07;2831;3407;202026;104584;33.9;17.5
22;2021-05-08;45;121;202071;104705;33.9;17.6
22;2021-05-09;602;436;202673;105141;34.0;17.6
22;2021-05-10;4475;2730;207148;107871;34.7;18.1
22;2021-05-11;5107;2905;212255;110776;35.6;18.6
22;2021-05-12;6598;1022;218853;111798;36.7;18.8
22;2021-05-13;528;35;219381;111833;36.8;18.8
22;2021-05-14;6408;1089;225789;112922;37.9;18.9
22;2021-05-15;3988;428;229777;113350;38.5;19.0
22;2021-05-16;419;36;230196;113386;38.6;19.0
22;2021-05-17;5669;520;235865;113906;39.6;19.1
22;2021-05-18;6010;947;241875;114853;40.6;19.3
22;2021-05-19;6130;708;248005;115561;41.6;19.4
22;2021-05-20;6586;1375;254591;116936;42.7;19.6
22;2021-05-21;5897;1458;260488;118394;43.7;19.9
22;2021-05-22;4092;773;264580;119167;44.4;20.0
22;2021-05-23;407;17;264987;119184;44.4;20.0
22;2021-05-24;5312;223;270299;119407;45.3;20.0
22;2021-05-25;5638;1179;275937;120586;46.3;20.2
22;2021-05-26;4222;2809;280159;123395;47.0;20.7
22;2021-05-27;4506;3841;284665;127236;47.7;21.3
22;2021-05-28;4384;4436;289049;131672;48.5;22.1
22;2021-05-29;3046;1770;292095;133442;49.0;22.4
22;2021-05-30;19;7;292114;133449;49.0;22.4
22;2021-05-31;3655;3154;295769;136603;49.6;22.9
22;2021-06-01;3523;3690;299292;140293;50.2;23.5
22;2021-06-02;3086;3382;302378;143675;50.7;24.1
22;2021-06-03;3197;4100;305575;147775;51.3;24.8
22;2021-06-04;3373;4545;308948;152320;51.8;25.5
22;2021-06-05;3544;2026;312492;154346;52.4;25.9
22;2021-06-06;214;30;312706;154376;52.5;25.9
22;2021-06-07;3044;3255;315750;157631;53.0;26.4
22;2021-06-08;2800;3531;318550;161162;53.4;27.0
22;2021-06-09;2543;3508;321093;164670;53.9;27.6
22;2021-06-10;2517;4252;323610;168922;54.3;28.3
22;2021-06-11;2552;4228;326162;173150;54.7;29.0
22;2021-06-12;2414;1455;328576;174605;55.1;29.3
22;2021-06-13;133;1093;328709;175698;55.1;29.5
22;2021-06-14;2643;2468;331352;178166;55.6;29.9
22;2021-06-15;3096;2996;334448;181162;56.1;30.4
22;2021-06-16;3008;2807;337456;183969;56.6;30.9
22;2021-06-17;2563;3180;340019;187149;57.0;31.4
22;2021-06-18;3099;4114;343118;191263;57.6;32.1
22;2021-06-19;2986;1455;346104;192718;58.1;32.3
22;2021-06-20;155;8;346259;192726;58.1;32.3
22;2021-06-21;1782;5021;348041;197747;58.4;33.2
22;2021-06-22;2404;5553;350445;203300;58.8;34.1
22;2021-06-23;1283;6204;351728;209504;59.0;35.1
22;2021-06-24;2577;3912;354305;213416;59.4;35.8
22;2021-06-25;1567;6814;355872;220230;59.7;36.9
22;2021-06-26;783;3855;356655;224085;59.8;37.6
22;2021-06-27;4;511;356659;224596;59.8;37.7
22;2021-06-28;1051;5585;357710;230181;60.0;38.6
22;2021-06-29;1375;5952;359085;236133;60.2;39.6
22;2021-06-30;1131;5738;360216;241871;60.4;40.6
22;2021-07-01;1382;6037;361598;247908;60.7;41.6
22;2021-07-02;1713;6093;363311;254001;60.9;42.6
22;2021-07-03;1007;3819;364318;257820;61.1;43.2
22;2021-07-04;149;365;364467;258185;61.1;43.3
22;2021-07-05;1595;5803;366062;263988;61.4;44.3
22;2021-07-06;2315;5995;368377;269983;61.8;45.3
22;2021-07-07;2292;4933;370669;274916;62.2;46.1
22;2021-07-08;2503;5097;373172;280013;62.6;47.0
22;2021-07-09;2497;5385;375669;285398;63.0;47.9
22;2021-07-10;1808;3357;377477;288755;63.3;48.4
22;2021-07-11;484;74;377961;288829;63.4;48.4
22;2021-07-12;2332;4735;380293;293564;63.8;49.2
22;2021-07-13;3782;5055;384075;298619;64.4;50.1
22;2021-07-14;699;2496;384774;301115;64.5;50.5
22;2021-07-15;3867;4623;388641;305738;65.2;51.3
22;2021-07-16;3834;5291;392475;311029;65.8;52.2
22;2021-07-17;2553;3410;395028;314439;66.3;52.7
22;2021-07-18;569;87;395597;314526;66.4;52.8
22;2021-07-19;2773;4107;398370;318633;66.8;53.4
22;2021-07-20;3919;4133;402289;322766;67.5;54.1
22;2021-07-21;3992;3410;406281;326176;68.1;54.7
22;2021-07-22;4857;3706;411138;329882;69.0;55.3
22;2021-07-23;4448;4218;415586;334100;69.7;56.0
22;2021-07-24;2258;2618;417844;336718;70.1;56.5
22;2021-07-25;118;150;417962;336868;70.1;56.5
22;2021-07-26;3022;3920;420984;340788;70.6;57.2
22;2021-07-27;3716;4915;424700;345703;71.2;58.0
22;2021-07-28;3694;3658;428394;349361;71.9;58.6
22;2021-07-29;4283;3779;432677;353140;72.6;59.2
22;2021-07-30;4027;3975;436704;357115;73.2;59.9
22;2021-07-31;2398;2802;439102;359917;73.7;60.4
22;2021-08-01;117;152;439219;360069;73.7;60.4
22;2021-08-02;4659;2549;443878;362618;74.5;60.8
22;2021-08-03;4772;3425;448650;366043;75.3;61.4
22;2021-08-04;5751;2494;454401;368537;76.2;61.8
22;2021-08-05;4110;3805;458511;372342;76.9;62.5
22;2021-08-06;3642;3816;462153;376158;77.5;63.1
22;2021-08-07;2338;2267;464491;378425;77.9;63.5
22;2021-08-08;421;71;464912;378496;78.0;63.5
22;2021-08-09;2708;2702;467620;381198;78.4;63.9
22;2021-08-10;2701;3507;470321;384705;78.9;64.5
22;2021-08-11;2393;3117;472714;387822;79.3;65.1
22;2021-08-12;2162;3480;474876;391302;79.7;65.6
22;2021-08-13;1868;2975;476744;394277;80.0;66.1
22;2021-08-14;1314;1912;478058;396189;80.2;66.5
22;2021-08-15;85;198;478143;396387;80.2;66.5
22;2021-08-16;1457;3179;479600;399566;80.4;67.0
22;2021-08-17;1730;3460;481330;403026;80.7;67.6
22;2021-08-18;1396;3306;482726;406332;81.0;68.2
22;2021-08-19;1298;3608;484024;409940;81.2;68.8
22;2021-08-20;1444;3597;485468;413537;81.4;69.4
22;2021-08-21;802;2256;486270;415793;81.6;69.7
22;2021-08-22;151;308;486421;416101;81.6;69.8
22;2021-08-23;1951;3610;488372;419711;81.9;70.4
22;2021-08-24;1420;3247;489792;422958;82.2;70.9
22;2021-08-25;838;2508;490630;425466;82.3;71.4
22;2021-08-26;1053;4293;491683;429759;82.5;72.1
22;2021-08-27;1310;4599;492993;434358;82.7;72.9
22;2021-08-28;729;2516;493722;436874;82.8;73.3
22;2021-08-29;35;26;493757;436900;82.8;73.3
22;2021-08-30;921;2963;494678;439863;83.0;73.8
22;2021-08-31;962;3794;495640;443657;83.1;74.4
22;2021-09-01;948;3407;496588;447064;83.3;75.0
22;2021-09-02;825;3034;497413;450098;83.4;75.5
23;2020-12-27;0;0;0;0;0.0;0.0
23;2020-12-28;1;0;1;0;0.0;0.0
23;2020-12-29;0;0;1;0;0.0;0.0
23;2020-12-30;0;0;1;0;0.0;0.0
23;2020-12-31;0;0;1;0;0.0;0.0
23;2021-01-01;0;0;1;0;0.0;0.0
23;2021-01-02;1;0;2;0;0.0;0.0
23;2021-01-03;0;0;2;0;0.0;0.0
23;2021-01-04;1;0;3;0;0.0;0.0
23;2021-01-05;3;0;6;0;0.0;0.0
23;2021-01-06;10;0;16;0;0.0;0.0
23;2021-01-07;116;1;132;1;0.1;0.0
23;2021-01-08;117;0;249;1;0.2;0.0
23;2021-01-09;36;0;285;1;0.2;0.0
23;2021-01-10;1;0;286;1;0.2;0.0
23;2021-01-11;176;1;462;2;0.4;0.0
23;2021-01-12;238;3;700;5;0.6;0.0
23;2021-01-13;308;0;1008;5;0.9;0.0
23;2021-01-14;293;4;1301;9;1.1;0.0
23;2021-01-15;334;5;1635;14;1.4;0.0
23;2021-01-16;163;1;1798;15;1.5;0.0
23;2021-01-17;0;0;1798;15;1.5;0.0
23;2021-01-18;342;3;2140;18;1.8;0.0
23;2021-01-19;498;2;2638;20;2.3;0.0
23;2021-01-20;362;1;3000;21;2.6;0.0
23;2021-01-21;698;1;3698;22;3.2;0.0
23;2021-01-22;479;0;4177;22;3.6;0.0
23;2021-01-23;368;1;4545;23;3.9;0.0
23;2021-01-24;0;0;4545;23;3.9;0.0
23;2021-01-25;382;17;4927;40;4.2;0.0
23;2021-01-26;301;5;5228;45;4.5;0.0
23;2021-01-27;228;3;5456;48;4.7;0.0
23;2021-01-28;232;43;5688;91;4.9;0.1
23;2021-01-29;303;101;5991;192;5.2;0.2
23;2021-01-30;100;27;6091;219;5.2;0.2
23;2021-01-31;2;33;6093;252;5.2;0.2
23;2021-02-01;148;101;6241;353;5.4;0.3
23;2021-02-02;157;119;6398;472;5.5;0.4
23;2021-02-03;105;207;6503;679;5.6;0.6
23;2021-02-04;78;261;6581;940;5.7;0.8
23;2021-02-05;117;307;6698;1247;5.8;1.1
23;2021-02-06;14;160;6712;1407;5.8;1.2
23;2021-02-07;1;0;6713;1407;5.8;1.2
23;2021-02-08;124;207;6837;1614;5.9;1.4
23;2021-02-09;86;294;6923;1908;6.0;1.6
23;2021-02-10;91;279;7014;2187;6.0;1.9
23;2021-02-11;244;585;7258;2772;6.2;2.4
23;2021-02-12;174;282;7432;3054;6.4;2.6
23;2021-02-13;8;190;7440;3244;6.4;2.8
23;2021-02-14;8;0;7448;3244;6.4;2.8
23;2021-02-15;157;359;7605;3603;6.5;3.1
23;2021-02-16;103;435;7708;4038;6.6;3.5
23;2021-02-17;65;471;7773;4509;6.7;3.9
23;2021-02-18;142;361;7915;4870;6.8;4.2
23;2021-02-19;109;249;8024;5119;6.9;4.4
23;2021-02-20;2;93;8026;5212;6.9;4.5
23;2021-02-21;0;0;8026;5212;6.9;4.5
23;2021-02-22;104;211;8130;5423;7.0;4.7
23;2021-02-23;109;216;8239;5639;7.1;4.8
23;2021-02-24;176;162;8415;5801;7.2;5.0
23;2021-02-25;183;109;8598;5910;7.4;5.1
23;2021-02-26;287;168;8885;6078;7.6;5.2
23;2021-02-27;112;11;8997;6089;7.7;5.2
23;2021-02-28;1;31;8998;6120;7.7;5.3
23;2021-03-01;88;201;9086;6321;7.8;5.4
23;2021-03-02;229;131;9315;6452;8.0;5.5
23;2021-03-03;133;90;9448;6542;8.1;5.6
23;2021-03-04;307;138;9755;6680;8.4;5.7
23;2021-03-05;517;111;10272;6791;8.8;5.8
23;2021-03-06;494;7;10766;6798;9.3;5.8
23;2021-03-07;313;3;11079;6801;9.5;5.8
23;2021-03-08;197;73;11276;6874;9.7;5.9
23;2021-03-09;421;102;11697;6976;10.1;6.0
23;2021-03-10;348;38;12045;7014;10.4;6.0
23;2021-03-11;324;47;12369;7061;10.6;6.1
23;2021-03-12;618;34;12987;7095;11.2;6.1
23;2021-03-13;287;12;13274;7107;11.4;6.1
23;2021-03-14;47;34;13321;7141;11.5;6.1
23;2021-03-15;220;125;13541;7266;11.6;6.2
23;2021-03-16;192;90;13733;7356;11.8;6.3
23;2021-03-17;131;101;13864;7457;11.9;6.4
23;2021-03-18;193;97;14057;7554;12.1;6.5
23;2021-03-19;205;120;14262;7674;12.3;6.6
23;2021-03-20;631;37;14893;7711;12.8;6.6
23;2021-03-21;128;0;15021;7711;12.9;6.6
23;2021-03-22;274;157;15295;7868;13.2;6.8
23;2021-03-23;504;106;15799;7974;13.6;6.9
23;2021-03-24;423;124;16222;8098;14.0;7.0
23;2021-03-25;819;188;17041;8286;14.7;7.1
23;2021-03-26;735;195;17776;8481;15.3;7.3
23;2021-03-27;505;50;18281;8531;15.7;7.3
23;2021-03-28;3;9;18284;8540;15.7;7.3
23;2021-03-29;358;111;18642;8651;16.0;7.4
23;2021-03-30;537;178;19179;8829;16.5;7.6
23;2021-03-31;411;175;19590;9004;16.8;7.7
23;2021-04-01;600;172;20190;9176;17.4;7.9
23;2021-04-02;498;298;20688;9474;17.8;8.1
23;2021-04-03;715;44;21403;9518;18.4;8.2
23;2021-04-04;4;0;21407;9518;18.4;8.2
23;2021-04-05;2;3;21409;9521;18.4;8.2
23;2021-04-06;382;293;21791;9814;18.7;8.4
23;2021-04-07;707;310;22498;10124;19.3;8.7
23;2021-04-08;803;236;23301;10360;20.0;8.9
23;2021-04-09;940;368;24241;10728;20.8;9.2
23;2021-04-10;1097;111;25338;10839;21.8;9.3
23;2021-04-11;21;2;25359;10841;21.8;9.3
23;2021-04-12;692;236;26051;11077;22.4;9.5
23;2021-04-13;669;302;26720;11379;23.0;9.8
23;2021-04-14;586;178;27306;11557;23.5;9.9
23;2021-04-15;930;185;28236;11742;24.3;10.1
23;2021-04-16;902;212;29138;11954;25.1;10.3
23;2021-04-17;996;553;30134;12507;25.9;10.8
23;2021-04-18;3;136;30137;12643;25.9;10.9
23;2021-04-19;613;297;30750;12940;26.4;11.1
23;2021-04-20;721;292;31471;13232;27.1;11.4
23;2021-04-21;733;397;32204;13629;27.7;11.7
23;2021-04-22;657;474;32861;14103;28.3;12.1
23;2021-04-23;596;345;33457;14448;28.8;12.4
23;2021-04-24;855;448;34312;14896;29.5;12.8
23;2021-04-25;0;0;34312;14896;29.5;12.8
23;2021-04-26;615;252;34927;15148;30.0;13.0
23;2021-04-27;675;426;35602;15574;30.6;13.4
23;2021-04-28;628;277;36230;15851;31.2;13.6
23;2021-04-29;883;379;37113;16230;31.9;14.0
23;2021-04-30;719;787;37832;17017;32.5;14.6
23;2021-05-01;1229;41;39061;17058;33.6;14.7
23;2021-05-02;14;0;39075;17058;33.6;14.7
23;2021-05-03;431;520;39506;17578;34.0;15.1
23;2021-05-04;617;513;40123;18091;34.5;15.6
23;2021-05-05;540;711;40663;18802;35.0;16.2
23;2021-05-06;728;701;41391;19503;35.6;16.8
23;2021-05-07;685;645;42076;20148;36.2;17.3
23;2021-05-08;1411;588;43487;20736;37.4;17.8
23;2021-05-09;3;0;43490;20736;37.4;17.8
23;2021-05-10;555;656;44045;21392;37.9;18.4
23;2021-05-11;560;764;44605;22156;38.4;19.1
23;2021-05-12;720;662;45325;22818;39.0;19.6
23;2021-05-13;537;56;45862;22874;39.4;19.7
23;2021-05-14;788;459;46650;23333;40.1;20.1
23;2021-05-15;995;235;47645;23568;41.0;20.3
23;2021-05-16;0;0;47645;23568;41.0;20.3
23;2021-05-17;568;448;48213;24016;41.5;20.7
23;2021-05-18;777;292;48990;24308;42.1;20.9
23;2021-05-19;1050;258;50040;24566;43.0;21.1
23;2021-05-20;837;315;50877;24881;43.8;21.4
23;2021-05-21;1108;311;51985;25192;44.7;21.7
23;2021-05-22;740;125;52725;25317;45.3;21.8
23;2021-05-23;3;20;52728;25337;45.3;21.8
23;2021-05-24;363;166;53091;25503;45.7;21.9
23;2021-05-25;908;336;53999;25839;46.4;22.2
23;2021-05-26;1077;227;55076;26066;47.4;22.4
23;2021-05-27;932;435;56008;26501;48.2;22.8
23;2021-05-28;781;743;56789;27244;48.8;23.4
23;2021-05-29;638;1100;57427;28344;49.4;24.4
23;2021-05-30;6;63;57433;28407;49.4;24.4
23;2021-05-31;433;541;57866;28948;49.8;24.9
23;2021-06-01;583;828;58449;29776;50.3;25.6
23;2021-06-02;625;521;59074;30297;50.8;26.1
23;2021-06-03;708;551;59782;30848;51.4;26.5
23;2021-06-04;779;614;60561;31462;52.1;27.1
23;2021-06-05;545;777;61106;32239;52.6;27.7
23;2021-06-06;0;0;61106;32239;52.6;27.7
23;2021-06-07;393;697;61499;32936;52.9;28.3
23;2021-06-08;323;777;61822;33713;53.2;29.0
23;2021-06-09;287;649;62109;34362;53.4;29.6
23;2021-06-10;373;693;62482;35055;53.7;30.1
23;2021-06-11;383;808;62865;35863;54.1;30.8
23;2021-06-12;377;1267;63242;37130;54.4;31.9
23;2021-06-13;13;5;63255;37135;54.4;31.9
23;2021-06-14;235;590;63490;37725;54.6;32.4
23;2021-06-15;231;861;63721;38586;54.8;33.2
23;2021-06-16;362;581;64083;39167;55.1;33.7
23;2021-06-17;339;810;64422;39977;55.4;34.4
23;2021-06-18;356;767;64778;40744;55.7;35.0
23;2021-06-19;492;1523;65270;42267;56.1;36.4
23;2021-06-20;2;11;65272;42278;56.1;36.4
23;2021-06-21;205;620;65477;42898;56.3;36.9
23;2021-06-22;216;687;65693;43585;56.5;37.5
23;2021-06-23;221;750;65914;44335;56.7;38.1
23;2021-06-24;200;606;66114;44941;56.9;38.7
23;2021-06-25;303;816;66417;45757;57.1;39.4
23;2021-06-26;221;999;66638;46756;57.3;40.2
23;2021-06-27;3;0;66641;46756;57.3;40.2
23;2021-06-28;115;693;66756;47449;57.4;40.8
23;2021-06-29;189;823;66945;48272;57.6;41.5
23;2021-06-30;169;944;67114;49216;57.7;42.3
23;2021-07-01;168;870;67282;50086;57.9;43.1
23;2021-07-02;192;1069;67474;51155;58.0;44.0
23;2021-07-03;250;979;67724;52134;58.2;44.8
23;2021-07-04;1;0;67725;52134;58.2;44.8
23;2021-07-05;160;805;67885;52939;58.4;45.5
23;2021-07-06;214;1043;68099;53982;58.6;46.4
23;2021-07-07;210;852;68309;54834;58.8;47.2
23;2021-07-08;254;739;68563;55573;59.0;47.8
23;2021-07-09;274;1012;68837;56585;59.2;48.7
23;2021-07-10;234;644;69071;57229;59.4;49.2
23;2021-07-11;0;0;69071;57229;59.4;49.2
23;2021-07-12;232;702;69303;57931;59.6;49.8
23;2021-07-13;471;917;69774;58848;60.0;50.6
23;2021-07-14;212;320;69986;59168;60.2;50.9
23;2021-07-15;480;810;70466;59978;60.6;51.6
23;2021-07-16;765;569;71231;60547;61.3;52.1
23;2021-07-17;220;478;71451;61025;61.5;52.5
23;2021-07-18;0;1;71451;61026;61.5;52.5
23;2021-07-19;704;630;72155;61656;62.1;53.0
23;2021-07-20;633;568;72788;62224;62.6;53.5
23;2021-07-21;702;635;73490;62859;63.2;54.1
23;2021-07-22;944;437;74434;63296;64.0;54.4
23;2021-07-23;842;508;75276;63804;64.7;54.9
23;2021-07-24;1011;439;76287;64243;65.6;55.3
23;2021-07-25;13;16;76300;64259;65.6;55.3
23;2021-07-26;787;567;77087;64826;66.3;55.8
23;2021-07-27;929;436;78016;65262;67.1;56.1
23;2021-07-28;878;412;78894;65674;67.9;56.5
23;2021-07-29;1050;400;79944;66074;68.8;56.8
23;2021-07-30;947;522;80891;66596;69.6;57.3
23;2021-07-31;1166;306;82057;66902;70.6;57.5
23;2021-08-01;18;8;82075;66910;70.6;57.5
23;2021-08-02;673;506;82748;67416;71.2;58.0
23;2021-08-03;765;459;83513;67875;71.8;58.4
23;2021-08-04;613;297;84126;68172;72.4;58.6
23;2021-08-05;692;365;84818;68537;72.9;58.9
23;2021-08-06;421;484;85239;69021;73.3;59.4
23;2021-08-07;299;189;85538;69210;73.6;59.5
23;2021-08-08;146;38;85684;69248;73.7;59.6
23;2021-08-09;492;493;86176;69741;74.1;60.0
23;2021-08-10;467;611;86643;70352;74.5;60.5
23;2021-08-11;426;489;87069;70841;74.9;60.9
23;2021-08-12;511;568;87580;71409;75.3;61.4
23;2021-08-13;416;578;87996;71987;75.7;61.9
23;2021-08-14;286;390;88282;72377;75.9;62.2
23;2021-08-15;27;9;88309;72386;76.0;62.3
23;2021-08-16;278;713;88587;73099;76.2;62.9
23;2021-08-17;276;730;88863;73829;76.4;63.5
23;2021-08-18;178;635;89041;74464;76.6;64.0
23;2021-08-19;257;727;89298;75191;76.8;64.7
23;2021-08-20;213;682;89511;75873;77.0;65.3
23;2021-08-21;138;499;89649;76372;77.1;65.7
23;2021-08-22;54;48;89703;76420;77.2;65.7
23;2021-08-23;149;819;89852;77239;77.3;66.4
23;2021-08-24;262;912;90114;78151;77.5;67.2
23;2021-08-25;185;791;90299;78942;77.7;67.9
23;2021-08-26;215;744;90514;79686;77.8;68.5
23;2021-08-27;213;641;90727;80327;78.0;69.1
23;2021-08-28;218;453;90945;80780;78.2;69.5
23;2021-08-29;15;88;90960;80868;78.2;69.6
23;2021-08-30;187;665;91147;81533;78.4;70.1
23;2021-08-31;228;671;91375;82204;78.6;70.7
23;2021-09-01;160;427;91535;82631;78.7;71.1
23;2021-09-02;115;345;91650;82976;78.8;71.4
24;2020-12-27;0;0;0;0;0.0;0.0
24;2020-12-28;1;0;1;0;0.0;0.0
24;2020-12-29;2;0;3;0;0.0;0.0
24;2020-12-30;1;0;4;0;0.0;0.0
24;2020-12-31;1;0;5;0;0.0;0.0
24;2021-01-01;0;0;5;0;0.0;0.0
24;2021-01-02;0;0;5;0;0.0;0.0
24;2021-01-03;0;0;5;0;0.0;0.0
24;2021-01-04;1;0;6;0;0.0;0.0
24;2021-01-05;1;0;7;0;0.0;0.0
24;2021-01-06;2;0;9;0;0.0;0.0
24;2021-01-07;190;0;199;0;0.0;0.0
24;2021-01-08;282;0;481;0;0.1;0.0
24;2021-01-09;185;13;666;13;0.2;0.0
24;2021-01-10;35;0;701;13;0.2;0.0
24;2021-01-11;269;0;970;13;0.2;0.0
24;2021-01-12;280;0;1250;13;0.3;0.0
24;2021-01-13;233;1;1483;14;0.4;0.0
24;2021-01-14;1013;23;2496;37;0.6;0.0
24;2021-01-15;605;5;3101;42;0.8;0.0
24;2021-01-16;87;0;3188;42;0.8;0.0
24;2021-01-17;2;1;3190;43;0.8;0.0
24;2021-01-18;300;0;3490;43;0.9;0.0
24;2021-01-19;467;1;3957;44;1.0;0.0
24;2021-01-20;553;0;4510;44;1.1;0.0
24;2021-01-21;645;6;5155;50;1.3;0.0
24;2021-01-22;514;1;5669;51;1.4;0.0
24;2021-01-23;152;1;5821;52;1.4;0.0
24;2021-01-24;3;0;5824;52;1.4;0.0
24;2021-01-25;442;0;6266;52;1.5;0.0
24;2021-01-26;637;66;6903;118;1.7;0.0
24;2021-01-27;1266;12;8169;130;2.0;0.0
24;2021-01-28;983;129;9152;259;2.2;0.1
24;2021-01-29;932;139;10084;398;2.5;0.1
24;2021-01-30;282;1;10366;399;2.5;0.1
24;2021-01-31;0;0;10366;399;2.5;0.1
24;2021-02-01;377;168;10743;567;2.6;0.1
24;2021-02-02;616;299;11359;866;2.8;0.2
24;2021-02-03;653;487;12012;1353;2.9;0.3
24;2021-02-04;978;391;12990;1744;3.2;0.4
24;2021-02-05;690;409;13680;2153;3.3;0.5
24;2021-02-06;141;35;13821;2188;3.4;0.5
24;2021-02-07;33;1;13854;2189;3.4;0.5
24;2021-02-08;309;235;14163;2424;3.5;0.6
24;2021-02-09;454;230;14617;2654;3.6;0.6
24;2021-02-10;378;106;14995;2760;3.7;0.7
24;2021-02-11;561;506;15556;3266;3.8;0.8
24;2021-02-12;495;390;16051;3656;3.9;0.9
24;2021-02-13;202;45;16253;3701;4.0;0.9
24;2021-02-14;89;0;16342;3701;4.0;0.9
24;2021-02-15;187;232;16529;3933;4.0;1.0
24;2021-02-16;335;513;16864;4446;4.1;1.1
24;2021-02-17;584;832;17448;5278;4.3;1.3
24;2021-02-18;443;719;17891;5997;4.4;1.5
24;2021-02-19;462;675;18353;6672;4.5;1.6
24;2021-02-20;163;133;18516;6805;4.5;1.7
24;2021-02-21;109;0;18625;6805;4.6;1.7
24;2021-02-22;426;514;19051;7319;4.7;1.8
24;2021-02-23;562;668;19613;7987;4.8;2.0
24;2021-02-24;538;813;20151;8800;4.9;2.2
24;2021-02-25;728;853;20879;9653;5.1;2.4
24;2021-02-26;977;948;21856;10601;5.4;2.6
24;2021-02-27;363;263;22219;10864;5.4;2.7
24;2021-02-28;25;4;22244;10868;5.4;2.7
24;2021-03-01;292;361;22536;11229;5.5;2.7
24;2021-03-02;539;411;23075;11640;5.7;2.9
24;2021-03-03;681;340;23756;11980;5.8;2.9
24;2021-03-04;915;506;24671;12486;6.0;3.1
24;2021-03-05;1067;567;25738;13053;6.3;3.2
24;2021-03-06;1127;141;26865;13194;6.6;3.2
24;2021-03-07;232;63;27097;13257;6.6;3.2
24;2021-03-08;531;255;27628;13512;6.8;3.3
24;2021-03-09;1173;442;28801;13954;7.1;3.4
24;2021-03-10;1142;448;29943;14402;7.3;3.5
24;2021-03-11;1604;466;31547;14868;7.7;3.6
24;2021-03-12;2052;444;33599;15312;8.2;3.7
24;2021-03-13;1347;198;34946;15510;8.6;3.8
24;2021-03-14;141;93;35087;15603;8.6;3.8
24;2021-03-15;953;171;36040;15774;8.8;3.9
24;2021-03-16;1144;232;37184;16006;9.1;3.9
24;2021-03-17;1218;286;38402;16292;9.4;4.0
24;2021-03-18;1055;557;39457;16849;9.7;4.1
24;2021-03-19;1252;540;40709;17389;10.0;4.3
24;2021-03-20;1055;150;41764;17539;10.2;4.3
24;2021-03-21;25;11;41789;17550;10.2;4.3
24;2021-03-22;1224;423;43013;17973;10.5;4.4
24;2021-03-23;1881;400;44894;18373;11.0;4.5
24;2021-03-24;1889;384;46783;18757;11.5;4.6
24;2021-03-25;1991;473;48774;19230;11.9;4.7
24;2021-03-26;2374;285;51148;19515;12.5;4.8
24;2021-03-27;1350;42;52498;19557;12.9;4.8
24;2021-03-28;63;9;52561;19566;12.9;4.8
24;2021-03-29;1673;327;54234;19893;13.3;4.9
24;2021-03-30;2408;399;56642;20292;13.9;5.0
24;2021-03-31;2182;310;58824;20602;14.4;5.0
24;2021-04-01;2197;310;61021;20912;14.9;5.1
24;2021-04-02;2071;396;63092;21308;15.4;5.2
24;2021-04-03;1376;122;64468;21430;15.8;5.2
24;2021-04-04;74;1;64542;21431;15.8;5.2
24;2021-04-05;947;59;65489;21490;16.0;5.3
24;2021-04-06;2353;702;67842;22192;16.6;5.4
24;2021-04-07;2717;693;70559;22885;17.3;5.6
24;2021-04-08;3007;963;73566;23848;18.0;5.8
24;2021-04-09;3488;1008;77054;24856;18.9;6.1
24;2021-04-10;2594;314;79648;25170;19.5;6.2
24;2021-04-11;1102;20;80750;25190;19.8;6.2
24;2021-04-12;2498;815;83248;26005;20.4;6.4
24;2021-04-13;2903;1203;86151;27208;21.1;6.7
24;2021-04-14;2939;1195;89090;28403;21.8;7.0
24;2021-04-15;2792;1102;91882;29505;22.5;7.2
24;2021-04-16;3266;974;95148;30479;23.3;7.5
24;2021-04-17;2272;501;97420;30980;23.9;7.6
24;2021-04-18;424;6;97844;30986;24.0;7.6
24;2021-04-19;1599;1013;99443;31999;24.3;7.8
24;2021-04-20;2269;1432;101712;33431;24.9;8.2
24;2021-04-21;2146;1442;103858;34873;25.4;8.5
24;2021-04-22;2061;1257;105919;36130;25.9;8.8
24;2021-04-23;1955;1333;107874;37463;26.4;9.2
24;2021-04-24;863;724;108737;38187;26.6;9.4
24;2021-04-25;54;4;108791;38191;26.6;9.4
24;2021-04-26;1296;1478;110087;39669;27.0;9.7
24;2021-04-27;1852;1880;111939;41549;27.4;10.2
24;2021-04-28;1506;1955;113445;43504;27.8;10.7
24;2021-04-29;1730;1893;115175;45397;28.2;11.1
24;2021-04-30;2271;1776;117446;47173;28.8;11.6
24;2021-05-01;2057;1066;119503;48239;29.3;11.8
24;2021-05-02;1924;215;121427;48454;29.7;11.9
24;2021-05-03;1474;1835;122901;50289;30.1;12.3
24;2021-05-04;2227;2304;125128;52593;30.6;12.9
24;2021-05-05;1890;2721;127018;55314;31.1;13.5
24;2021-05-06;1889;2797;128907;58111;31.6;14.2
24;2021-05-07;2265;2790;131172;60901;32.1;14.9
24;2021-05-08;1286;1152;132458;62053;32.4;15.2
24;2021-05-09;1169;902;133627;62955;32.7;15.4
24;2021-05-10;1095;2629;134722;65584;33.0;16.1
24;2021-05-11;2039;2794;136761;68378;33.5;16.7
24;2021-05-12;1924;2256;138685;70634;34.0;17.3
24;2021-05-13;1465;1216;140150;71850;34.3;17.6
24;2021-05-14;2378;1332;142528;73182;34.9;17.9
24;2021-05-15;2047;817;144575;73999;35.4;18.1
24;2021-05-16;1171;347;145746;74346;35.7;18.2
24;2021-05-17;2242;1255;147988;75601;36.2;18.5
24;2021-05-18;2484;1821;150472;77422;36.8;19.0
24;2021-05-19;2284;1378;152756;78800;37.4;19.3
24;2021-05-20;2374;1576;155130;80376;38.0;19.7
24;2021-05-21;2433;1416;157563;81792;38.6;20.0
24;2021-05-22;1719;411;159282;82203;39.0;20.1
24;2021-05-23;952;72;160234;82275;39.2;20.1
24;2021-05-24;1516;334;161750;82609;39.6;20.2
24;2021-05-25;2298;1386;164048;83995;40.2;20.6
24;2021-05-26;2149;1320;166197;85315;40.7;20.9
24;2021-05-27;1748;2195;167945;87510;41.1;21.4
24;2021-05-28;2145;2005;170090;89515;41.6;21.9
24;2021-05-29;1153;2088;171243;91603;41.9;22.4
24;2021-05-30;1418;171;172661;91774;42.3;22.5
24;2021-05-31;1743;1365;174404;93139;42.7;22.8
24;2021-06-01;2583;1979;176987;95118;43.3;23.3
24;2021-06-02;2653;1786;179640;96904;44.0;23.7
24;2021-06-03;2290;1464;181930;98368;44.5;24.1
24;2021-06-04;2381;1900;184311;100268;45.1;24.6
24;2021-06-05;2007;1418;186318;101686;45.6;24.9
24;2021-06-06;767;223;187085;101909;45.8;25.0
24;2021-06-07;1432;1497;188517;103406;46.2;25.3
24;2021-06-08;1678;1907;190195;105313;46.6;25.8
24;2021-06-09;1323;1599;191518;106912;46.9;26.2
24;2021-06-10;1576;1912;193094;108824;47.3;26.6
24;2021-06-11;1335;2079;194429;110903;47.6;27.2
24;2021-06-12;1122;2545;195551;113448;47.9;27.8
24;2021-06-13;1238;921;196789;114369;48.2;28.0
24;2021-06-14;1165;1858;197954;116227;48.5;28.5
24;2021-06-15;1486;2991;199440;119218;48.8;29.2
24;2021-06-16;1670;2733;201110;121951;49.2;29.9
24;2021-06-17;1544;2177;202654;124128;49.6;30.4
24;2021-06-18;1400;2862;204054;126990;50.0;31.1
24;2021-06-19;1275;1523;205329;128513;50.3;31.5
24;2021-06-20;514;501;205843;129014;50.4;31.6
24;2021-06-21;932;1836;206775;130850;50.6;32.0
24;2021-06-22;1453;2593;208228;133443;51.0;32.7
24;2021-06-23;1427;2421;209655;135864;51.3;33.3
24;2021-06-24;1138;1916;210793;137780;51.6;33.7
24;2021-06-25;968;2818;211761;140598;51.9;34.4
24;2021-06-26;866;2106;212627;142704;52.1;34.9
24;2021-06-27;402;979;213029;143683;52.2;35.2
24;2021-06-28;818;2483;213847;146166;52.4;35.8
24;2021-06-29;939;2869;214786;149035;52.6;36.5
24;2021-06-30;1113;2459;215899;151494;52.9;37.1
24;2021-07-01;1132;2301;217031;153795;53.1;37.7
24;2021-07-02;1097;2743;218128;156538;53.4;38.3
24;2021-07-03;811;1904;218939;158442;53.6;38.8
24;2021-07-04;410;1014;219349;159456;53.7;39.0
24;2021-07-05;795;2316;220144;161772;53.9;39.6
24;2021-07-06;880;3355;221024;165127;54.1;40.4
24;2021-07-07;1084;3042;222108;168169;54.4;41.2
24;2021-07-08;1342;2123;223450;170292;54.7;41.7
24;2021-07-09;1178;3219;224628;173511;55.0;42.5
24;2021-07-10;480;1963;225108;175474;55.1;43.0
24;2021-07-11;587;1189;225695;176663;55.3;43.3
24;2021-07-12;907;2519;226602;179182;55.5;43.9
24;2021-07-13;1324;3216;227926;182398;55.8;44.7
24;2021-07-14;617;1188;228543;183586;56.0;45.0
24;2021-07-15;1697;2777;230240;186363;56.4;45.6
24;2021-07-16;2149;2597;232389;188960;56.9;46.3
24;2021-07-17;1528;2236;233917;191196;57.3;46.8
24;2021-07-18;709;887;234626;192083;57.5;47.0
24;2021-07-19;1578;2188;236204;194271;57.8;47.6
24;2021-07-20;2020;2440;238224;196711;58.3;48.2
24;2021-07-21;1876;2329;240100;199040;58.8;48.7
24;2021-07-22;2348;2442;242448;201482;59.4;49.3
24;2021-07-23;2303;2622;244751;204104;59.9;50.0
24;2021-07-24;1808;1546;246559;205650;60.4;50.4
24;2021-07-25;817;874;247376;206524;60.6;50.6
24;2021-07-26;1573;2015;248949;208539;61.0;51.1
24;2021-07-27;2849;2292;251798;210831;61.7;51.6
24;2021-07-28;2763;1940;254561;212771;62.3;52.1
24;2021-07-29;3067;2236;257628;215007;63.1;52.6
24;2021-07-30;2466;1921;260094;216928;63.7;53.1
24;2021-07-31;1651;1565;261745;218493;64.1;53.5
24;2021-08-01;1118;655;262863;219148;64.4;53.7
24;2021-08-02;1943;1616;264806;220764;64.8;54.1
24;2021-08-03;2888;1909;267694;222673;65.5;54.5
24;2021-08-04;3079;1627;270773;224300;66.3;54.9
24;2021-08-05;3046;1436;273819;225736;67.0;55.3
24;2021-08-06;2532;1535;276351;227271;67.7;55.7
24;2021-08-07;1788;1119;278139;228390;68.1;55.9
24;2021-08-08;1103;682;279242;229072;68.4;56.1
24;2021-08-09;1738;1387;280980;230459;68.8;56.4
24;2021-08-10;2265;1781;283245;232240;69.4;56.9
24;2021-08-11;2270;1693;285515;233933;69.9;57.3
24;2021-08-12;1909;1960;287424;235893;70.4;57.8
24;2021-08-13;1529;1625;288953;237518;70.8;58.2
24;2021-08-14;1165;1243;290118;238761;71.0;58.5
24;2021-08-15;739;579;290857;239340;71.2;58.6
24;2021-08-16;1113;1705;291970;241045;71.5;59.0
24;2021-08-17;1625;2105;293595;243150;71.9;59.5
24;2021-08-18;1558;1920;295153;245070;72.3;60.0
24;2021-08-19;1116;2634;296269;247704;72.5;60.7
24;2021-08-20;1095;2427;297364;250131;72.8;61.2
24;2021-08-21;872;1629;298236;251760;73.0;61.6
24;2021-08-22;349;1100;298585;252860;73.1;61.9
24;2021-08-23;664;2036;299249;254896;73.3;62.4
24;2021-08-24;805;2391;300054;257287;73.5;63.0
24;2021-08-25;808;2317;300862;259604;73.7;63.6
24;2021-08-26;741;2839;301603;262443;73.9;64.3
24;2021-08-27;799;2760;302402;265203;74.0;64.9
24;2021-08-28;515;1910;302917;267113;74.2;65.4
24;2021-08-29;170;1029;303087;268142;74.2;65.7
24;2021-08-30;368;1966;303455;270108;74.3;66.1
24;2021-08-31;584;2486;304039;272594;74.4;66.7
24;2021-09-01;616;2473;304655;275067;74.6;67.4
24;2021-09-02;447;1897;305102;276964;74.7;67.8
25;2020-12-27;0;0;0;0;0.0;0.0
25;2020-12-28;1;0;1;0;0.0;0.0
25;2020-12-29;0;0;1;0;0.0;0.0
25;2020-12-30;0;0;1;0;0.0;0.0
25;2020-12-31;2;0;3;0;0.0;0.0
25;2021-01-01;0;0;3;0;0.0;0.0
25;2021-01-02;1;0;4;0;0.0;0.0
25;2021-01-03;0;0;4;0;0.0;0.0
25;2021-01-04;0;0;4;0;0.0;0.0
25;2021-01-05;1;0;5;0;0.0;0.0
25;2021-01-06;75;1;80;1;0.0;0.0
25;2021-01-07;236;1;316;2;0.1;0.0
25;2021-01-08;345;1;661;3;0.1;0.0
25;2021-01-09;102;0;763;3;0.1;0.0
25;2021-01-10;0;0;763;3;0.1;0.0
25;2021-01-11;502;5;1265;8;0.2;0.0
25;2021-01-12;683;2;1948;10;0.4;0.0
25;2021-01-13;627;9;2575;19;0.5;0.0
25;2021-01-14;898;16;3473;35;0.6;0.0
25;2021-01-15;786;9;4259;44;0.8;0.0
25;2021-01-16;206;1;4465;45;0.8;0.0
25;2021-01-17;112;0;4577;45;0.8;0.0
25;2021-01-18;1297;6;5874;51;1.1;0.0
25;2021-01-19;1411;5;7285;56;1.4;0.0
25;2021-01-20;1420;4;8705;60;1.6;0.0
25;2021-01-21;1841;3;10546;63;2.0;0.0
25;2021-01-22;1506;4;12052;67;2.2;0.0
25;2021-01-23;499;1;12551;68;2.3;0.0
25;2021-01-24;119;0;12670;68;2.3;0.0
25;2021-01-25;991;0;13661;68;2.5;0.0
25;2021-01-26;1488;41;15149;109;2.8;0.0
25;2021-01-27;1249;69;16398;178;3.0;0.0
25;2021-01-28;1090;74;17488;252;3.2;0.0
25;2021-01-29;906;231;18394;483;3.4;0.1
25;2021-01-30;293;87;18687;570;3.5;0.1
25;2021-01-31;2;0;18689;570;3.5;0.1
25;2021-02-01;612;218;19301;788;3.6;0.1
25;2021-02-02;674;406;19975;1194;3.7;0.2
25;2021-02-03;758;242;20733;1436;3.8;0.3
25;2021-02-04;715;440;21448;1876;4.0;0.3
25;2021-02-05;519;458;21967;2334;4.1;0.4
25;2021-02-06;198;154;22165;2488;4.1;0.5
25;2021-02-07;2;34;22167;2522;4.1;0.5
25;2021-02-08;612;502;22779;3024;4.2;0.6
25;2021-02-09;615;477;23394;3501;4.3;0.6
25;2021-02-10;817;474;24211;3975;4.5;0.7
25;2021-02-11;587;822;24798;4797;4.6;0.9
25;2021-02-12;413;525;25211;5322;4.7;1.0
25;2021-02-13;97;134;25308;5456;4.7;1.0
25;2021-02-14;0;0;25308;5456;4.7;1.0
25;2021-02-15;187;979;25495;6435;4.7;1.2
25;2021-02-16;214;1384;25709;7819;4.8;1.4
25;2021-02-17;109;1281;25818;9100;4.8;1.7
25;2021-02-18;147;1382;25965;10482;4.8;1.9
25;2021-02-19;102;1221;26067;11703;4.8;2.2
25;2021-02-20;26;461;26093;12164;4.8;2.3
25;2021-02-21;1;138;26094;12302;4.8;2.3
25;2021-02-22;83;1033;26177;13335;4.9;2.5
25;2021-02-23;195;1046;26372;14381;4.9;2.7
25;2021-02-24;104;948;26476;15329;4.9;2.8
25;2021-02-25;522;967;26998;16296;5.0;3.0
25;2021-02-26;607;943;27605;17239;5.1;3.2
25;2021-02-27;228;365;27833;17604;5.2;3.3
25;2021-02-28;5;1;27838;17605;5.2;3.3
25;2021-03-01;443;611;28281;18216;5.2;3.4
25;2021-03-02;654;827;28935;19043;5.4;3.5
25;2021-03-03;542;726;29477;19769;5.5;3.7
25;2021-03-04;1157;657;30634;20426;5.7;3.8
25;2021-03-05;1855;385;32489;20811;6.0;3.9
25;2021-03-06;1170;223;33659;21034;6.2;3.9
25;2021-03-07;9;8;33668;21042;6.2;3.9
25;2021-03-08;548;705;34216;21747;6.3;4.0
25;2021-03-09;1040;777;35256;22524;6.5;4.2
25;2021-03-10;1151;652;36407;23176;6.7;4.3
25;2021-03-11;1659;583;38066;23759;7.1;4.4
25;2021-03-12;1996;462;40062;24221;7.4;4.5
25;2021-03-13;1120;99;41182;24320;7.6;4.5
25;2021-03-14;35;0;41217;24320;7.6;4.5
25;2021-03-15;1126;141;42343;24461;7.8;4.5
25;2021-03-16;1286;120;43629;24581;8.1;4.6
25;2021-03-17;1414;139;45043;24720;8.3;4.6
25;2021-03-18;1528;85;46571;24805;8.6;4.6
25;2021-03-19;1595;127;48166;24932;8.9;4.6
25;2021-03-20;822;41;48988;24973;9.1;4.6
25;2021-03-21;24;0;49012;24973;9.1;4.6
25;2021-03-22;1485;87;50497;25060;9.4;4.6
25;2021-03-23;2162;142;52659;25202;9.8;4.7
25;2021-03-24;2419;93;55078;25295;10.2;4.7
25;2021-03-25;2838;195;57916;25490;10.7;4.7
25;2021-03-26;3159;180;61075;25670;11.3;4.8
25;2021-03-27;1110;89;62185;25759;11.5;4.8
25;2021-03-28;121;64;62306;25823;11.5;4.8
25;2021-03-29;1789;279;64095;26102;11.9;4.8
25;2021-03-30;2213;392;66308;26494;12.3;4.9
25;2021-03-31;2221;361;68529;26855;12.7;5.0
25;2021-04-01;2450;522;70979;27377;13.2;5.1
25;2021-04-02;2027;603;73006;27980;13.5;5.2
25;2021-04-03;447;110;73453;28090;13.6;5.2
25;2021-04-04;39;21;73492;28111;13.6;5.2
25;2021-04-05;145;4;73637;28115;13.7;5.2
25;2021-04-06;1937;685;75574;28800;14.0;5.3
25;2021-04-07;1878;851;77452;29651;14.4;5.5
25;2021-04-08;2434;825;79886;30476;14.8;5.6
25;2021-04-09;2597;998;82483;31474;15.3;5.8
25;2021-04-10;977;290;83460;31764;15.5;5.9
25;2021-04-11;105;28;83565;31792;15.5;5.9
25;2021-04-12;1558;968;85123;32760;15.8;6.1
25;2021-04-13;1989;1321;87112;34081;16.1;6.3
25;2021-04-14;1750;1217;88862;35298;16.5;6.5
25;2021-04-15;1999;1329;90861;36627;16.8;6.8
25;2021-04-16;2084;1005;92945;37632;17.2;7.0
25;2021-04-17;1105;416;94050;38048;17.4;7.1
25;2021-04-18;118;18;94168;38066;17.5;7.1
25;2021-04-19;1327;1243;95495;39309;17.7;7.3
25;2021-04-20;1615;1462;97110;40771;18.0;7.6
25;2021-04-21;1717;1633;98827;42404;18.3;7.9
25;2021-04-22;1858;1710;100685;44114;18.7;8.2
25;2021-04-23;1902;1767;102587;45881;19.0;8.5
25;2021-04-24;1281;702;103868;46583;19.3;8.6
25;2021-04-25;140;114;104008;46697;19.3;8.7
25;2021-04-26;1722;1685;105730;48382;19.6;9.0
25;2021-04-27;2804;1523;108534;49905;20.1;9.3
25;2021-04-28;2426;1558;110960;51463;20.6;9.5
25;2021-04-29;2649;1831;113609;53294;21.1;9.9
25;2021-04-30;3107;1574;116716;54868;21.6;10.2
25;2021-05-01;1789;334;118505;55202;22.0;10.2
25;2021-05-02;442;22;118947;55224;22.0;10.2
25;2021-05-03;2902;841;121849;56065;22.6;10.4
25;2021-05-04;2641;1884;124490;57949;23.1;10.7
25;2021-05-05;2598;1667;127088;59616;23.6;11.1
25;2021-05-06;2927;2167;130015;61783;24.1;11.5
25;2021-05-07;3063;2126;133078;63909;24.7;11.8
25;2021-05-08;1334;229;134412;64138;24.9;11.9
25;2021-05-09;244;87;134656;64225;25.0;11.9
25;2021-05-10;3130;1636;137786;65861;25.5;12.2
25;2021-05-11;3748;2040;141534;67901;26.2;12.6
25;2021-05-12;3688;1791;145222;69692;26.9;12.9
25;2021-05-13;3522;599;148744;70291;27.6;13.0
25;2021-05-14;4484;1307;153228;71598;28.4;13.3
25;2021-05-15;3282;711;156510;72309;29.0;13.4
25;2021-05-16;723;92;157233;72401;29.1;13.4
25;2021-05-17;4090;1094;161323;73495;29.9;13.6
25;2021-05-18;5205;1190;166528;74685;30.9;13.8
25;2021-05-19;5245;1133;171773;75818;31.8;14.1
25;2021-05-20;5134;1453;176907;77271;32.8;14.3
25;2021-05-21;5764;1981;182671;79252;33.9;14.7
25;2021-05-22;3177;722;185848;79974;34.5;14.8
25;2021-05-23;781;156;186629;80130;34.6;14.9
25;2021-05-24;1528;152;188157;80282;34.9;14.9
25;2021-05-25;3514;1646;191671;81928;35.5;15.2
25;2021-05-26;3976;1554;195647;83482;36.3;15.5
25;2021-05-27;4518;1901;200165;85383;37.1;15.8
25;2021-05-28;3994;2652;204159;88035;37.8;16.3
25;2021-05-29;2015;1022;206174;89057;38.2;16.5
25;2021-05-30;175;96;206349;89153;38.3;16.5
25;2021-05-31;2673;1711;209022;90864;38.7;16.8
25;2021-06-01;2729;2158;211751;93022;39.3;17.2
25;2021-06-02;2609;2251;214360;95273;39.7;17.7
25;2021-06-03;3274;2044;217634;97317;40.3;18.0
25;2021-06-04;3210;2407;220844;99724;40.9;18.5
25;2021-06-05;1492;1402;222336;101126;41.2;18.7
25;2021-06-06;986;259;223322;101385;41.4;18.8
25;2021-06-07;2783;2573;226105;103958;41.9;19.3
25;2021-06-08;2605;2761;228710;106719;42.4;19.8
25;2021-06-09;2382;2764;231092;109483;42.8;20.3
25;2021-06-10;2323;2655;233415;112138;43.3;20.8
25;2021-06-11;2711;3306;236126;115444;43.8;21.4
25;2021-06-12;1572;1861;237698;117305;44.1;21.7
25;2021-06-13;496;257;238194;117562;44.2;21.8
25;2021-06-14;1422;3755;239616;121317;44.4;22.5
25;2021-06-15;1643;3567;241259;124884;44.7;23.2
25;2021-06-16;1954;3273;243213;128157;45.1;23.8
25;2021-06-17;1474;3324;244687;131481;45.4;24.4
25;2021-06-18;2289;4296;246976;135777;45.8;25.2
25;2021-06-19;1351;1976;248327;137753;46.0;25.5
25;2021-06-20;59;239;248386;137992;46.0;25.6
25;2021-06-21;1139;4139;249525;142131;46.3;26.3
25;2021-06-22;1150;4676;250675;146807;46.5;27.2
25;2021-06-23;1405;4073;252080;150880;46.7;28.0
25;2021-06-24;1194;4085;253274;154965;47.0;28.7
25;2021-06-25;1641;5606;254915;160571;47.3;29.8
25;2021-06-26;626;3384;255541;163955;47.4;30.4
25;2021-06-27;451;878;255992;164833;47.5;30.6
25;2021-06-28;907;4475;256899;169308;47.6;31.4
25;2021-06-29;1132;5470;258031;174778;47.8;32.4
25;2021-06-30;1311;5369;259342;180147;48.1;33.4
25;2021-07-01;1709;5230;261051;185377;48.4;34.4
25;2021-07-02;1751;5061;262802;190438;48.7;35.3
25;2021-07-03;1041;2694;263843;193132;48.9;35.8
25;2021-07-04;409;722;264252;193854;49.0;35.9
25;2021-07-05;1300;2579;265552;196433;49.2;36.4
25;2021-07-06;1571;4747;267123;201180;49.5;37.3
25;2021-07-07;1600;4504;268723;205684;49.8;38.1
25;2021-07-08;1553;3932;270276;209616;50.1;38.9
25;2021-07-09;1799;4586;272075;214202;50.4;39.7
25;2021-07-10;781;2372;272856;216574;50.6;40.1
25;2021-07-11;127;307;272983;216881;50.6;40.2
25;2021-07-12;1405;3859;274388;220740;50.9;40.9
25;2021-07-13;2473;4770;276861;225510;51.3;41.8
25;2021-07-14;379;561;277240;226071;51.4;41.9
25;2021-07-15;2403;3655;279643;229726;51.8;42.6
25;2021-07-16;3487;3833;283130;233559;52.5;43.3
25;2021-07-17;2208;2037;285338;235596;52.9;43.7
25;2021-07-18;807;1300;286145;236896;53.0;43.9
25;2021-07-19;2545;4209;288690;241105;53.5;44.7
25;2021-07-20;3383;3712;292073;244817;54.1;45.4
25;2021-07-21;3301;3371;295374;248188;54.8;46.0
25;2021-07-22;3348;2985;298722;251173;55.4;46.6
25;2021-07-23;3566;3354;302288;254527;56.0;47.2
25;2021-07-24;1414;2271;303702;256798;56.3;47.6
25;2021-07-25;677;708;304379;257506;56.4;47.7
25;2021-07-26;3057;3014;307436;260520;57.0;48.3
25;2021-07-27;3835;2127;311271;262647;57.7;48.7
25;2021-07-28;3694;2119;314965;264766;58.4;49.1
25;2021-07-29;4320;2087;319285;266853;59.2;49.5
25;2021-07-30;4276;2485;323561;269338;60.0;49.9
25;2021-07-31;1820;1468;325381;270806;60.3;50.2
25;2021-08-01;1352;199;326733;271005;60.6;50.2
25;2021-08-02;2734;2213;329467;273218;61.1;50.6
25;2021-08-03;2835;2201;332302;275419;61.6;51.1
25;2021-08-04;2936;1428;335238;276847;62.1;51.3
25;2021-08-05;2197;1730;337435;278577;62.6;51.6
25;2021-08-06;2278;2348;339713;280925;63.0;52.1
25;2021-08-07;1291;1202;341004;282127;63.2;52.3
25;2021-08-08;326;477;341330;282604;63.3;52.4
25;2021-08-09;2022;2226;343352;284830;63.6;52.8
25;2021-08-10;1961;2516;345313;287346;64.0;53.3
25;2021-08-11;1830;2033;347143;289379;64.4;53.6
25;2021-08-12;2139;2497;349282;291876;64.7;54.1
25;2021-08-13;1685;2023;350967;293899;65.1;54.5
25;2021-08-14;952;1782;351919;295681;65.2;54.8
25;2021-08-15;9;45;351928;295726;65.2;54.8
25;2021-08-16;1246;3256;353174;298982;65.5;55.4
25;2021-08-17;1438;3287;354612;302269;65.7;56.0
25;2021-08-18;1228;2804;355840;305073;66.0;56.6
25;2021-08-19;985;2868;356825;307941;66.1;57.1
25;2021-08-20;1415;3693;358240;311634;66.4;57.8
25;2021-08-21;565;1780;358805;313414;66.5;58.1
25;2021-08-22;212;1270;359017;314684;66.6;58.3
25;2021-08-23;1099;3330;360116;318014;66.8;59.0
25;2021-08-24;1065;3229;361181;321243;67.0;59.6
25;2021-08-25;1016;3058;362197;324301;67.1;60.1
25;2021-08-26;1136;3001;363333;327302;67.4;60.7
25;2021-08-27;1198;3060;364531;330362;67.6;61.2
25;2021-08-28;589;1785;365120;332147;67.7;61.6
25;2021-08-29;158;509;365278;332656;67.7;61.7
25;2021-08-30;928;2821;366206;335477;67.9;62.2
25;2021-08-31;961;2414;367167;337891;68.1;62.6
25;2021-09-01;837;2567;368004;340458;68.2;63.1
25;2021-09-02;757;1939;368761;342397;68.4;63.5
26;2020-12-27;0;0;0;0;0.0;0.0
26;2020-12-28;0;0;0;0;0.0;0.0
26;2020-12-29;0;0;0;0;0.0;0.0
26;2020-12-30;0;0;0;0;0.0;0.0
26;2020-12-31;0;0;0;0;0.0;0.0
26;2021-01-01;0;0;0;0;0.0;0.0
26;2021-01-02;0;0;0;0;0.0;0.0
26;2021-01-03;0;0;0;0;0.0;0.0
26;2021-01-04;0;0;0;0;0.0;0.0
26;2021-01-05;0;0;0;0;0.0;0.0
26;2021-01-06;0;0;0;0;0.0;0.0
26;2021-01-07;168;0;168;0;0.0;0.0
26;2021-01-08;125;0;293;0;0.1;0.0
26;2021-01-09;2;0;295;0;0.1;0.0
26;2021-01-10;0;0;295;0;0.1;0.0
26;2021-01-11;266;1;561;1;0.1;0.0
26;2021-01-12;176;1;737;2;0.1;0.0
26;2021-01-13;417;1;1154;3;0.2;0.0
26;2021-01-14;488;0;1642;3;0.3;0.0
26;2021-01-15;563;1;2205;4;0.4;0.0
26;2021-01-16;250;1;2455;5;0.5;0.0
26;2021-01-17;0;0;2455;5;0.5;0.0
26;2021-01-18;637;1;3092;6;0.6;0.0
26;2021-01-19;785;3;3877;9;0.7;0.0
26;2021-01-20;742;0;4619;9;0.9;0.0
26;2021-01-21;806;4;5425;13;1.0;0.0
26;2021-01-22;787;4;6212;17;1.2;0.0
26;2021-01-23;563;3;6775;20;1.3;0.0
26;2021-01-24;24;0;6799;20;1.3;0.0
26;2021-01-25;697;2;7496;22;1.4;0.0
26;2021-01-26;801;4;8297;26;1.6;0.0
26;2021-01-27;822;8;9119;34;1.8;0.0
26;2021-01-28;1329;156;10448;190;2.0;0.0
26;2021-01-29;970;67;11418;257;2.2;0.0
26;2021-01-30;606;5;12024;262;2.3;0.1
26;2021-01-31;24;0;12048;262;2.3;0.1
26;2021-02-01;709;185;12757;447;2.5;0.1
26;2021-02-02;1274;207;14031;654;2.7;0.1
26;2021-02-03;1241;259;15272;913;2.9;0.2
26;2021-02-04;985;436;16257;1349;3.1;0.3
26;2021-02-05;673;323;16930;1672;3.3;0.3
26;2021-02-06;407;218;17337;1890;3.3;0.4
26;2021-02-07;57;2;17394;1892;3.3;0.4
26;2021-02-08;544;403;17938;2295;3.4;0.4
26;2021-02-09;616;461;18554;2756;3.6;0.5
26;2021-02-10;665;327;19219;3083;3.7;0.6
26;2021-02-11;753;300;19972;3383;3.8;0.6
26;2021-02-12;590;429;20562;3812;3.9;0.7
26;2021-02-13;388;312;20950;4124;4.0;0.8
26;2021-02-14;36;0;20986;4124;4.0;0.8
26;2021-02-15;414;494;21400;4618;4.1;0.9
26;2021-02-16;294;530;21694;5148;4.2;1.0
26;2021-02-17;196;716;21890;5864;4.2;1.1
26;2021-02-18;337;863;22227;6727;4.3;1.3
26;2021-02-19;341;792;22568;7519;4.3;1.4
26;2021-02-20;95;459;22663;7978;4.4;1.5
26;2021-02-21;3;22;22666;8000;4.4;1.5
26;2021-02-22;144;675;22810;8675;4.4;1.7
26;2021-02-23;398;968;23208;9643;4.5;1.9
26;2021-02-24;344;1196;23552;10839;4.5;2.1
26;2021-02-25;737;1045;24289;11884;4.7;2.3
26;2021-02-26;926;618;25215;12502;4.8;2.4
26;2021-02-27;279;505;25494;13007;4.9;2.5
26;2021-02-28;3;30;25497;13037;4.9;2.5
26;2021-03-01;458;644;25955;13681;5.0;2.6
26;2021-03-02;742;621;26697;14302;5.1;2.7
26;2021-03-03;730;675;27427;14977;5.3;2.9
26;2021-03-04;1045;579;28472;15556;5.5;3.0
26;2021-03-05;1710;526;30182;16082;5.8;3.1
26;2021-03-06;2773;495;32955;16577;6.3;3.2
26;2021-03-07;2989;221;35944;16798;6.9;3.2
26;2021-03-08;910;652;36854;17450;7.1;3.4
26;2021-03-09;1325;556;38179;18006;7.3;3.5
26;2021-03-10;1219;509;39398;18515;7.6;3.6
26;2021-03-11;1609;653;41007;19168;7.9;3.7
26;2021-03-12;2215;478;43222;19646;8.3;3.8
26;2021-03-13;1886;345;45108;19991;8.7;3.8
26;2021-03-14;69;39;45177;20030;8.7;3.8
26;2021-03-15;1652;249;46829;20279;9.0;3.9
26;2021-03-16;1232;517;48061;20796;9.2;4.0
26;2021-03-17;1369;306;49430;21102;9.5;4.1
26;2021-03-18;1587;281;51017;21383;9.8;4.1
26;2021-03-19;2444;351;53461;21734;10.3;4.2
26;2021-03-20;1289;150;54750;21884;10.5;4.2
26;2021-03-21;61;20;54811;21904;10.5;4.2
26;2021-03-22;1846;198;56657;22102;10.9;4.2
26;2021-03-23;2475;279;59132;22381;11.4;4.3
26;2021-03-24;2551;245;61683;22626;11.8;4.3
26;2021-03-25;3043;338;64726;22964;12.4;4.4
26;2021-03-26;3050;355;67776;23319;13.0;4.5
26;2021-03-27;1245;159;69021;23478;13.3;4.5
26;2021-03-28;94;7;69115;23485;13.3;4.5
26;2021-03-29;1908;407;71023;23892;13.6;4.6
26;2021-03-30;2383;550;73406;24442;14.1;4.7
26;2021-03-31;2229;583;75635;25025;14.5;4.8
26;2021-04-01;2277;782;77912;25807;15.0;5.0
26;2021-04-02;2214;990;80126;26797;15.4;5.1
26;2021-04-03;552;1201;80678;27998;15.5;5.4
26;2021-04-04;215;887;80893;28885;15.5;5.5
26;2021-04-05;556;53;81449;28938;15.6;5.6
26;2021-04-06;1486;833;82935;29771;15.9;5.7
26;2021-04-07;1792;900;84727;30671;16.3;5.9
26;2021-04-08;3005;935;87732;31606;16.9;6.1
26;2021-04-09;3416;1008;91148;32614;17.5;6.3
26;2021-04-10;1356;922;92504;33536;17.8;6.4
26;2021-04-11;89;35;92593;33571;17.8;6.4
26;2021-04-12;1714;1127;94307;34698;18.1;6.7
26;2021-04-13;2797;1454;97104;36152;18.7;6.9
26;2021-04-14;2207;1486;99311;37638;19.1;7.2
26;2021-04-15;2275;1588;101586;39226;19.5;7.5
26;2021-04-16;2271;1594;103857;40820;20.0;7.8
26;2021-04-17;1096;841;104953;41661;20.2;8.0
26;2021-04-18;35;52;104988;41713;20.2;8.0
26;2021-04-19;1547;1573;106535;43286;20.5;8.3
26;2021-04-20;1799;1727;108334;45013;20.8;8.6
26;2021-04-21;2012;1511;110346;46524;21.2;8.9
26;2021-04-22;2290;1603;112636;48127;21.6;9.2
26;2021-04-23;2011;1635;114647;49762;22.0;9.6
26;2021-04-24;1655;846;116302;50608;22.3;9.7
26;2021-04-25;629;95;116931;50703;22.5;9.7
26;2021-04-26;1377;1600;118308;52303;22.7;10.0
26;2021-04-27;1986;1685;120294;53988;23.1;10.4
26;2021-04-28;1867;1547;122161;55535;23.5;10.7
26;2021-04-29;2866;1894;125027;57429;24.0;11.0
26;2021-04-30;2627;1766;127654;59195;24.5;11.4
26;2021-05-01;1538;377;129192;59572;24.8;11.4
26;2021-05-02;1086;118;130278;59690;25.0;11.5
26;2021-05-03;2201;1789;132479;61479;25.4;11.8
26;2021-05-04;2614;2360;135093;63839;26.0;12.3
26;2021-05-05;2772;2201;137865;66040;26.5;12.7
26;2021-05-06;3321;2221;141186;68261;27.1;13.1
26;2021-05-07;2859;2260;144045;70521;27.7;13.5
26;2021-05-08;1960;621;146005;71142;28.0;13.7
26;2021-05-09;713;123;146718;71265;28.2;13.7
26;2021-05-10;3022;1824;149740;73089;28.8;14.0
26;2021-05-11;4444;2187;154184;75276;29.6;14.5
26;2021-05-12;4828;1694;159012;76970;30.5;14.8
26;2021-05-13;4363;616;163375;77586;31.4;14.9
26;2021-05-14;4643;1549;168018;79135;32.3;15.2
26;2021-05-15;4469;626;172487;79761;33.1;15.3
26;2021-05-16;3631;344;176118;80105;33.8;15.4
26;2021-05-17;3657;1482;179775;81587;34.5;15.7
26;2021-05-18;4476;1743;184251;83330;35.4;16.0
26;2021-05-19;4486;1451;188737;84781;36.3;16.3
26;2021-05-20;4685;1758;193422;86539;37.2;16.6
26;2021-05-21;4731;1801;198153;88340;38.1;17.0
26;2021-05-22;3189;688;201342;89028;38.7;17.1
26;2021-05-23;1598;183;202940;89211;39.0;17.1
26;2021-05-24;3791;743;206731;89954;39.7;17.3
26;2021-05-25;3593;2338;210324;92292;40.4;17.7
26;2021-05-26;4180;2271;214504;94563;41.2;18.2
26;2021-05-27;4215;2464;218719;97027;42.0;18.6
26;2021-05-28;3777;2769;222496;99796;42.7;19.2
26;2021-05-29;3087;1654;225583;101450;43.3;19.5
26;2021-05-30;322;71;225905;101521;43.4;19.5
26;2021-05-31;3081;1850;228986;103371;44.0;19.9
26;2021-06-01;3108;2305;232094;105676;44.6;20.3
26;2021-06-02;2871;2214;234965;107890;45.1;20.7
26;2021-06-03;2851;2493;237816;110383;45.7;21.2
26;2021-06-04;2660;2903;240476;113286;46.2;21.8
26;2021-06-05;1805;1695;242281;114981;46.5;22.1
26;2021-06-06;9;0;242290;114981;46.5;22.1
26;2021-06-07;2348;2426;244638;117407;47.0;22.6
26;2021-06-08;2454;2291;247092;119698;47.5;23.0
26;2021-06-09;2095;2386;249187;122084;47.9;23.5
26;2021-06-10;1980;2761;251167;124845;48.2;24.0
26;2021-06-11;1896;3272;253063;128117;48.6;24.6
26;2021-06-12;1219;1790;254282;129907;48.8;25.0
26;2021-06-13;97;214;254379;130121;48.9;25.0
26;2021-06-14;1416;3497;255795;133618;49.1;25.7
26;2021-06-15;1585;3962;257380;137580;49.4;26.4
26;2021-06-16;1784;3467;259164;141047;49.8;27.1
26;2021-06-17;1510;3167;260674;144214;50.1;27.7
26;2021-06-18;1796;4367;262470;148581;50.4;28.5
26;2021-06-19;933;3180;263403;151761;50.6;29.2
26;2021-06-20;264;876;263667;152637;50.7;29.3
26;2021-06-21;1005;4548;264672;157185;50.8;30.2
26;2021-06-22;1061;5117;265733;162302;51.0;31.2
26;2021-06-23;1167;5072;266900;167374;51.3;32.2
26;2021-06-24;1260;4540;268160;171914;51.5;33.0
26;2021-06-25;1014;5540;269174;177454;51.7;34.1
26;2021-06-26;662;3822;269836;181276;51.8;34.8
26;2021-06-27;300;1273;270136;182549;51.9;35.1
26;2021-06-28;778;4755;270914;187304;52.0;36.0
26;2021-06-29;1099;4962;272013;192266;52.3;36.9
26;2021-06-30;1412;4891;273425;197157;52.5;37.9
26;2021-07-01;1651;4393;275076;201550;52.8;38.7
26;2021-07-02;1334;5163;276410;206713;53.1;39.7
26;2021-07-03;771;3323;277181;210036;53.2;40.3
26;2021-07-04;332;633;277513;210669;53.3;40.5
26;2021-07-05;889;4678;278402;215347;53.5;41.4
26;2021-07-06;1266;4201;279668;219548;53.7;42.2
26;2021-07-07;1442;3797;281110;223345;54.0;42.9
26;2021-07-08;2387;3329;283497;226674;54.5;43.5
26;2021-07-09;1558;4790;285055;231464;54.8;44.5
26;2021-07-10;910;2914;285965;234378;54.9;45.0
26;2021-07-11;333;348;286298;234726;55.0;45.1
26;2021-07-12;1113;4219;287411;238945;55.2;45.9
26;2021-07-13;2302;4342;289713;243287;55.7;46.7
26;2021-07-14;1060;813;290773;244100;55.9;46.9
26;2021-07-15;3169;3655;293942;247755;56.5;47.6
26;2021-07-16;3002;3691;296944;251446;57.0;48.3
26;2021-07-17;1877;1814;298821;253260;57.4;48.7
26;2021-07-18;20;24;298841;253284;57.4;48.7
26;2021-07-19;2725;3265;301566;256549;57.9;49.3
26;2021-07-20;3706;3368;305272;259917;58.6;49.9
26;2021-07-21;3588;3086;308860;263003;59.3;50.5
26;2021-07-22;4122;2970;312982;265973;60.1;51.1
26;2021-07-23;3861;3401;316843;269374;60.9;51.7
26;2021-07-24;2344;1361;319187;270735;61.3;52.0
26;2021-07-25;608;95;319795;270830;61.4;52.0
26;2021-07-26;3428;2582;323223;273412;62.1;52.5
26;2021-07-27;4843;2621;328066;276033;63.0;53.0
26;2021-07-28;4536;2389;332602;278422;63.9;53.5
26;2021-07-29;3904;2892;336506;281314;64.6;54.0
26;2021-07-30;3483;2669;339989;283983;65.3;54.6
26;2021-07-31;1145;1009;341134;284992;65.5;54.7
26;2021-08-01;415;108;341549;285100;65.6;54.8
26;2021-08-02;2943;2361;344492;287461;66.2;55.2
26;2021-08-03;3294;2294;347786;289755;66.8;55.7
26;2021-08-04;3993;2015;351779;291770;67.6;56.0
26;2021-08-05;3144;2199;354923;293969;68.2;56.5
26;2021-08-06;3135;2635;358058;296604;68.8;57.0
26;2021-08-07;639;844;358697;297448;68.9;57.1
26;2021-08-08;28;13;358725;297461;68.9;57.1
26;2021-08-09;2189;3062;360914;300523;69.3;57.7
26;2021-08-10;2336;3043;363250;303566;69.8;58.3
26;2021-08-11;2073;2719;365323;306285;70.2;58.8
26;2021-08-12;1772;2586;367095;308871;70.5;59.3
26;2021-08-13;1663;2420;368758;311291;70.8;59.8
26;2021-08-14;271;872;369029;312163;70.9;60.0
26;2021-08-15;6;8;369035;312171;70.9;60.0
26;2021-08-16;1178;3290;370213;315461;71.1;60.6
26;2021-08-17;1506;3149;371719;318610;71.4;61.2
26;2021-08-18;1621;3378;373340;321988;71.7;61.9
26;2021-08-19;1553;3067;374893;325055;72.0;62.4
26;2021-08-20;1422;2979;376315;328034;72.3;63.0
26;2021-08-21;592;1089;376907;329123;72.4;63.2
26;2021-08-22;61;379;376968;329502;72.4;63.3
26;2021-08-23;1590;3616;378558;333118;72.7;64.0
26;2021-08-24;1727;3587;380285;336705;73.1;64.7
26;2021-08-25;1603;3658;381888;340363;73.4;65.4
26;2021-08-26;1483;3152;383371;343515;73.6;66.0
26;2021-08-27;1557;3604;384928;347119;73.9;66.7
26;2021-08-28;395;1100;385323;348219;74.0;66.9
26;2021-08-29;10;25;385333;348244;74.0;66.9
26;2021-08-30;1452;3437;386785;351681;74.3;67.6
26;2021-08-31;1280;3425;388065;355106;74.5;68.2
26;2021-09-01;1364;2811;389429;357917;74.8;68.8
26;2021-09-02;1101;2142;390530;360059;75.0;69.2
27;2020-12-27;1;0;1;0;0.0;0.0
27;2020-12-28;1;0;2;0;0.0;0.0
27;2020-12-29;2;0;4;0;0.0;0.0
27;2020-12-30;0;0;4;0;0.0;0.0
27;2020-12-31;0;0;4;0;0.0;0.0
27;2021-01-01;0;0;4;0;0.0;0.0
27;2021-01-02;0;0;4;0;0.0;0.0
27;2021-01-03;2;0;6;0;0.0;0.0
27;2021-01-04;0;0;6;0;0.0;0.0
27;2021-01-05;15;0;21;0;0.0;0.0
27;2021-01-06;161;0;182;0;0.0;0.0
27;2021-01-07;372;1;554;1;0.1;0.0
27;2021-01-08;442;0;996;1;0.2;0.0
27;2021-01-09;72;1;1068;2;0.2;0.0
27;2021-01-10;101;0;1169;2;0.2;0.0
27;2021-01-11;383;0;1552;2;0.3;0.0
27;2021-01-12;409;2;1961;4;0.3;0.0
27;2021-01-13;839;1;2800;5;0.5;0.0
27;2021-01-14;1629;25;4429;30;0.7;0.0
27;2021-01-15;1221;4;5650;34;0.9;0.0
27;2021-01-16;333;1;5983;35;1.0;0.0
27;2021-01-17;205;0;6188;35;1.0;0.0
27;2021-01-18;799;2;6987;37;1.2;0.0
27;2021-01-19;773;3;7760;40;1.3;0.0
27;2021-01-20;871;1;8631;41;1.4;0.0
27;2021-01-21;655;1;9286;42;1.5;0.0
27;2021-01-22;779;4;10065;46;1.7;0.0
27;2021-01-23;350;0;10415;46;1.7;0.0
27;2021-01-24;169;4;10584;50;1.8;0.0
27;2021-01-25;635;15;11219;65;1.9;0.0
27;2021-01-26;462;16;11681;81;1.9;0.0
27;2021-01-27;506;101;12187;182;2.0;0.0
27;2021-01-28;517;295;12704;477;2.1;0.1
27;2021-01-29;509;106;13213;583;2.2;0.1
27;2021-01-30;242;28;13455;611;2.2;0.1
27;2021-01-31;27;21;13482;632;2.2;0.1
27;2021-02-01;349;190;13831;822;2.3;0.1
27;2021-02-02;307;275;14138;1097;2.4;0.2
27;2021-02-03;488;396;14626;1493;2.4;0.2
27;2021-02-04;716;876;15342;2369;2.6;0.4
27;2021-02-05;663;1130;16005;3499;2.7;0.6
27;2021-02-06;125;216;16130;3715;2.7;0.6
27;2021-02-07;25;42;16155;3757;2.7;0.6
27;2021-02-08;312;353;16467;4110;2.7;0.7
27;2021-02-09;341;534;16808;4644;2.8;0.8
27;2021-02-10;303;495;17111;5139;2.8;0.9
27;2021-02-11;318;426;17429;5565;2.9;0.9
27;2021-02-12;229;512;17658;6077;2.9;1.0
27;2021-02-13;151;123;17809;6200;3.0;1.0
27;2021-02-14;6;82;17815;6282;3.0;1.0
27;2021-02-15;390;558;18205;6840;3.0;1.1
27;2021-02-16;295;682;18500;7522;3.1;1.3
27;2021-02-17;247;597;18747;8119;3.1;1.4
27;2021-02-18;363;642;19110;8761;3.2;1.5
27;2021-02-19;218;650;19328;9411;3.2;1.6
27;2021-02-20;129;241;19457;9652;3.2;1.6
27;2021-02-21;12;125;19469;9777;3.2;1.6
27;2021-02-22;482;539;19951;10316;3.3;1.7
27;2021-02-23;495;600;20446;10916;3.4;1.8
27;2021-02-24;543;624;20989;11540;3.5;1.9
27;2021-02-25;845;731;21834;12271;3.6;2.0
27;2021-02-26;953;672;22787;12943;3.8;2.2
27;2021-02-27;408;149;23195;13092;3.9;2.2
27;2021-02-28;173;28;23368;13120;3.9;2.2
27;2021-03-01;487;431;23855;13551;4.0;2.3
27;2021-03-02;765;359;24620;13910;4.1;2.3
27;2021-03-03;852;357;25472;14267;4.2;2.4
27;2021-03-04;887;229;26359;14496;4.4;2.4
27;2021-03-05;1304;235;27663;14731;4.6;2.5
27;2021-03-06;1637;108;29300;14839;4.9;2.5
27;2021-03-07;620;17;29920;14856;5.0;2.5
27;2021-03-08;1204;304;31124;15160;5.2;2.5
27;2021-03-09;1827;264;32951;15424;5.5;2.6
27;2021-03-10;2116;341;35067;15765;5.8;2.6
27;2021-03-11;2156;222;37223;15987;6.2;2.7
27;2021-03-12;2818;199;40041;16186;6.7;2.7
27;2021-03-13;1919;125;41960;16311;7.0;2.7
27;2021-03-14;655;15;42615;16326;7.1;2.7
27;2021-03-15;1556;217;44171;16543;7.4;2.8
27;2021-03-16;1488;239;45659;16782;7.6;2.8
27;2021-03-17;1854;343;47513;17125;7.9;2.9
27;2021-03-18;1687;345;49200;17470;8.2;2.9
27;2021-03-19;1833;172;51033;17642;8.5;2.9
27;2021-03-20;904;41;51937;17683;8.6;2.9
27;2021-03-21;258;3;52195;17686;8.7;2.9
27;2021-03-22;1233;544;53428;18230;8.9;3.0
27;2021-03-23;1626;457;55054;18687;9.2;3.1
27;2021-03-24;1523;475;56577;19162;9.4;3.2
27;2021-03-25;2162;510;58739;19672;9.8;3.3
27;2021-03-26;2531;440;61270;20112;10.2;3.3
27;2021-03-27;1568;200;62838;20312;10.5;3.4
27;2021-03-28;1149;49;63987;20361;10.7;3.4
27;2021-03-29;1376;830;65363;21191;10.9;3.5
27;2021-03-30;1391;844;66754;22035;11.1;3.7
27;2021-03-31;1487;877;68241;22912;11.4;3.8
27;2021-04-01;1956;812;70197;23724;11.7;3.9
27;2021-04-02;2000;1182;72197;24906;12.0;4.1
27;2021-04-03;1563;735;73760;25641;12.3;4.3
27;2021-04-04;978;175;74738;25816;12.4;4.3
27;2021-04-05;283;6;75021;25822;12.5;4.3
27;2021-04-06;1416;1803;76437;27625;12.7;4.6
27;2021-04-07;1323;1745;77760;29370;12.9;4.9
27;2021-04-08;1683;1681;79443;31051;13.2;5.2
27;2021-04-09;2947;1564;82390;32615;13.7;5.4
27;2021-04-10;2033;986;84423;33601;14.1;5.6
27;2021-04-11;946;211;85369;33812;14.2;5.6
27;2021-04-12;2435;1512;87804;35324;14.6;5.9
27;2021-04-13;2393;1549;90197;36873;15.0;6.1
27;2021-04-14;2085;1629;92282;38502;15.4;6.4
27;2021-04-15;1875;1663;94157;40165;15.7;6.7
27;2021-04-16;2753;1112;96910;41277;16.1;6.9
27;2021-04-17;2170;497;99080;41774;16.5;7.0
27;2021-04-18;453;16;99533;41790;16.6;7.0
27;2021-04-19;1713;1175;101246;42965;16.9;7.2
27;2021-04-20;2386;1303;103632;44268;17.3;7.4
27;2021-04-21;2209;1082;105841;45350;17.6;7.5
27;2021-04-22;2179;1415;108020;46765;18.0;7.8
27;2021-04-23;2447;1178;110467;47943;18.4;8.0
27;2021-04-24;3258;1145;113725;49088;18.9;8.2
27;2021-04-25;1130;1052;114855;50140;19.1;8.3
27;2021-04-26;1924;1147;116779;51287;19.4;8.5
27;2021-04-27;2529;1090;119308;52377;19.9;8.7
27;2021-04-28;2393;1314;121701;53691;20.3;8.9
27;2021-04-29;2491;1471;124192;55162;20.7;9.2
27;2021-04-30;2371;1613;126563;56775;21.1;9.5
27;2021-05-01;2638;889;129201;57664;21.5;9.6
27;2021-05-02;1953;898;131154;58562;21.8;9.7
27;2021-05-03;3064;879;134218;59441;22.3;9.9
27;2021-05-04;2781;1648;136999;61089;22.8;10.2
27;2021-05-05;2817;1650;139816;62739;23.3;10.4
27;2021-05-06;3184;1294;143000;64033;23.8;10.7
27;2021-05-07;3323;1994;146323;66027;24.4;11.0
27;2021-05-08;2803;1329;149126;67356;24.8;11.2
27;2021-05-09;1697;296;150823;67652;25.1;11.3
27;2021-05-10;2950;2272;153773;69924;25.6;11.6
27;2021-05-11;3357;1759;157130;71683;26.2;11.9
27;2021-05-12;3463;1729;160593;73412;26.7;12.2
27;2021-05-13;1892;255;162485;73667;27.0;12.3
27;2021-05-14;3884;1789;166369;75456;27.7;12.6
27;2021-05-15;6602;956;172971;76412;28.8;12.7
27;2021-05-16;3668;436;176639;76848;29.4;12.8
27;2021-05-17;2776;1162;179415;78010;29.9;13.0
27;2021-05-18;3845;1293;183260;79303;30.5;13.2
27;2021-05-19;3967;1154;187227;80457;31.2;13.4
27;2021-05-20;3873;1167;191100;81624;31.8;13.6
27;2021-05-21;3968;1800;195068;83424;32.5;13.9
27;2021-05-22;4369;802;199437;84226;33.2;14.0
27;2021-05-23;799;173;200236;84399;33.3;14.1
27;2021-05-24;1490;341;201726;84740;33.6;14.1
27;2021-05-25;3513;1611;205239;86351;34.2;14.4
27;2021-05-26;3857;1741;209096;88092;34.8;14.7
27;2021-05-27;3789;1487;212885;89579;35.4;14.9
27;2021-05-28;3399;2627;216284;92206;36.0;15.4
27;2021-05-29;4824;2301;221108;94507;36.8;15.7
27;2021-05-30;1118;248;222226;94755;37.0;15.8
27;2021-05-31;3467;2276;225693;97031;37.6;16.2
27;2021-06-01;3816;2248;229509;99279;38.2;16.5
27;2021-06-02;3341;2184;232850;101463;38.8;16.9
27;2021-06-03;4430;2125;237280;103588;39.5;17.2
27;2021-06-04;3603;2970;240883;106558;40.1;17.7
27;2021-06-05;3209;3352;244092;109910;40.6;18.3
27;2021-06-06;2004;1007;246096;110917;41.0;18.5
27;2021-06-07;2570;2358;248666;113275;41.4;18.9
27;2021-06-08;3127;2379;251793;115654;41.9;19.3
27;2021-06-09;2304;2470;254097;118124;42.3;19.7
27;2021-06-10;2431;2039;256528;120163;42.7;20.0
27;2021-06-11;2889;3774;259417;123937;43.2;20.6
27;2021-06-12;1982;4192;261399;128129;43.5;21.3
27;2021-06-13;1084;2686;262483;130815;43.7;21.8
27;2021-06-14;1995;3110;264478;133925;44.0;22.3
27;2021-06-15;2688;3021;267166;136946;44.5;22.8
27;2021-06-16;2502;3261;269668;140207;44.9;23.3
27;2021-06-17;2296;3284;271964;143491;45.3;23.9
27;2021-06-18;2746;4418;274710;147909;45.7;24.6
27;2021-06-19;1863;3393;276573;151302;46.0;25.2
27;2021-06-20;608;711;277181;152013;46.1;25.3
27;2021-06-21;1703;3493;278884;155506;46.4;25.9
27;2021-06-22;2384;3718;281268;159224;46.8;26.5
27;2021-06-23;2074;3570;283342;162794;47.2;27.1
27;2021-06-24;2256;3413;285598;166207;47.5;27.7
27;2021-06-25;1936;4457;287534;170664;47.9;28.4
27;2021-06-26;884;5353;288418;176017;48.0;29.3
27;2021-06-27;377;1427;288795;177444;48.1;29.5
27;2021-06-28;1128;3405;289923;180849;48.3;30.1
27;2021-06-29;1702;4367;291625;185216;48.5;30.8
27;2021-06-30;2117;4095;293742;189311;48.9;31.5
27;2021-07-01;2225;3909;295967;193220;49.3;32.2
27;2021-07-02;1590;4617;297557;197837;49.5;32.9
27;2021-07-03;1308;4775;298865;202612;49.8;33.7
27;2021-07-04;504;1405;299369;204017;49.8;34.0
27;2021-07-05;1419;3530;300788;207547;50.1;34.6
27;2021-07-06;1369;4181;302157;211728;50.3;35.2
27;2021-07-07;1759;4903;303916;216631;50.6;36.1
27;2021-07-08;2088;4351;306004;220982;50.9;36.8
27;2021-07-09;1985;5287;307989;226269;51.3;37.7
27;2021-07-10;1167;4177;309156;230446;51.5;38.4
27;2021-07-11;426;1139;309582;231585;51.5;38.6
27;2021-07-12;1254;4374;310836;235959;51.7;39.3
27;2021-07-13;2761;5352;313597;241311;52.2;40.2
27;2021-07-14;1519;1752;315116;243063;52.5;40.5
27;2021-07-15;3033;5468;318149;248531;53.0;41.4
27;2021-07-16;3821;5287;321970;253818;53.6;42.3
27;2021-07-17;2734;3877;324704;257695;54.1;42.9
27;2021-07-18;552;1265;325256;258960;54.1;43.1
27;2021-07-19;3688;3790;328944;262750;54.8;43.7
27;2021-07-20;3460;3586;332404;266336;55.3;44.3
27;2021-07-21;4253;3901;336657;270237;56.0;45.0
27;2021-07-22;4750;3707;341407;273944;56.8;45.6
27;2021-07-23;3591;3398;344998;277342;57.4;46.2
27;2021-07-24;3114;2328;348112;279670;58.0;46.6
27;2021-07-25;493;545;348605;280215;58.0;46.6
27;2021-07-26;3069;3175;351674;283390;58.5;47.2
27;2021-07-27;3598;3103;355272;286493;59.1;47.7
27;2021-07-28;3592;3243;358864;289736;59.7;48.2
27;2021-07-29;4589;3510;363453;293246;60.5;48.8
27;2021-07-30;3814;3143;367267;296389;61.1;49.3
27;2021-07-31;3063;2580;370330;298969;61.7;49.8
27;2021-08-01;538;498;370868;299467;61.7;49.9
27;2021-08-02;3320;2581;374188;302048;62.3;50.3
27;2021-08-03;3429;2771;377617;304819;62.9;50.7
27;2021-08-04;3033;2336;380650;307155;63.4;51.1
27;2021-08-05;2675;2357;383325;309512;63.8;51.5
27;2021-08-06;3264;3251;386589;312763;64.4;52.1
27;2021-08-07;1798;2558;388387;315321;64.7;52.5
27;2021-08-08;219;197;388606;315518;64.7;52.5
27;2021-08-09;2209;2813;390815;318331;65.1;53.0
27;2021-08-10;2810;3505;393625;321836;65.5;53.6
27;2021-08-11;2629;3100;396254;324936;66.0;54.1
27;2021-08-12;2351;3907;398605;328843;66.4;54.7
27;2021-08-13;1734;2562;400339;331405;66.6;55.2
27;2021-08-14;1160;2892;401499;334297;66.8;55.7
27;2021-08-15;17;22;401516;334319;66.8;55.7
27;2021-08-16;1806;3810;403322;338129;67.1;56.3
27;2021-08-17;2040;3440;405362;341569;67.5;56.9
27;2021-08-18;1451;2982;406813;344551;67.7;57.4
27;2021-08-19;1705;3357;408518;347908;68.0;57.9
27;2021-08-20;1629;3439;410147;351347;68.3;58.5
27;2021-08-21;981;2845;411128;354192;68.4;59.0
27;2021-08-22;184;157;411312;354349;68.5;59.0
27;2021-08-23;1076;4005;412388;358354;68.7;59.7
27;2021-08-24;1431;3966;413819;362320;68.9;60.3
27;2021-08-25;1715;3412;415534;365732;69.2;60.9
27;2021-08-26;1145;2921;416679;368653;69.4;61.4
27;2021-08-27;1263;3215;417942;371868;69.6;61.9
27;2021-08-28;908;2862;418850;374730;69.7;62.4
27;2021-08-29;85;136;418935;374866;69.7;62.4
27;2021-08-30;906;3312;419841;378178;69.9;63.0
27;2021-08-31;1216;3204;421057;381382;70.1;63.5
27;2021-09-01;991;3139;422048;384521;70.3;64.0
27;2021-09-02;871;2487;422919;387008;70.4;64.4
28;2020-12-27;0;0;0;0;0.0;0.0
28;2020-12-28;0;0;0;0;0.0;0.0
28;2020-12-29;0;0;0;0;0.0;0.0
28;2020-12-30;0;0;0;0;0.0;0.0
28;2020-12-31;0;0;0;0;0.0;0.0
28;2021-01-01;1;0;1;0;0.0;0.0
28;2021-01-02;0;0;1;0;0.0;0.0
28;2021-01-03;0;0;1;0;0.0;0.0
28;2021-01-04;0;0;1;0;0.0;0.0
28;2021-01-05;5;0;6;0;0.0;0.0
28;2021-01-06;84;0;90;0;0.0;0.0
28;2021-01-07;102;0;192;0;0.0;0.0
28;2021-01-08;134;2;326;2;0.1;0.0
28;2021-01-09;78;0;404;2;0.1;0.0
28;2021-01-10;1;0;405;2;0.1;0.0
28;2021-01-11;205;0;610;2;0.1;0.0
28;2021-01-12;265;2;875;4;0.2;0.0
28;2021-01-13;397;3;1272;7;0.3;0.0
28;2021-01-14;449;5;1721;12;0.4;0.0
28;2021-01-15;374;3;2095;15;0.5;0.0
28;2021-01-16;206;2;2301;17;0.5;0.0
28;2021-01-17;21;0;2322;17;0.5;0.0
28;2021-01-18;372;2;2694;19;0.6;0.0
28;2021-01-19;503;4;3197;23;0.7;0.0
28;2021-01-20;636;1;3833;24;0.9;0.0
28;2021-01-21;796;3;4629;27;1.1;0.0
28;2021-01-22;478;1;5107;28;1.2;0.0
28;2021-01-23;354;0;5461;28;1.3;0.0
28;2021-01-24;1;0;5462;28;1.3;0.0
28;2021-01-25;456;4;5918;32;1.4;0.0
28;2021-01-26;718;4;6636;36;1.5;0.0
28;2021-01-27;1213;50;7849;86;1.8;0.0
28;2021-01-28;1587;93;9436;179;2.2;0.0
28;2021-01-29;896;95;10332;274;2.4;0.1
28;2021-01-30;248;52;10580;326;2.5;0.1
28;2021-01-31;2;22;10582;348;2.5;0.1
28;2021-02-01;324;120;10906;468;2.5;0.1
28;2021-02-02;368;238;11274;706;2.6;0.2
28;2021-02-03;473;254;11747;960;2.7;0.2
28;2021-02-04;525;273;12272;1233;2.9;0.3
28;2021-02-05;436;223;12708;1456;3.0;0.3
28;2021-02-06;200;129;12908;1585;3.0;0.4
28;2021-02-07;0;0;12908;1585;3.0;0.4
28;2021-02-08;331;238;13239;1823;3.1;0.4
28;2021-02-09;281;329;13520;2152;3.1;0.5
28;2021-02-10;443;391;13963;2543;3.3;0.6
28;2021-02-11;561;477;14524;3020;3.4;0.7
28;2021-02-12;453;414;14977;3434;3.5;0.8
28;2021-02-13;181;181;15158;3615;3.5;0.8
28;2021-02-14;0;2;15158;3617;3.5;0.8
28;2021-02-15;280;448;15438;4065;3.6;0.9
28;2021-02-16;394;690;15832;4755;3.7;1.1
28;2021-02-17;585;1127;16417;5882;3.8;1.4
28;2021-02-18;666;1382;17083;7264;4.0;1.7
28;2021-02-19;548;753;17631;8017;4.1;1.9
28;2021-02-20;114;140;17745;8157;4.1;1.9
28;2021-02-21;7;32;17752;8189;4.1;1.9
28;2021-02-22;223;499;17975;8688;4.2;2.0
28;2021-02-23;203;362;18178;9050;4.2;2.1
28;2021-02-24;244;453;18422;9503;4.3;2.2
28;2021-02-25;574;431;18996;9934;4.4;2.3
28;2021-02-26;764;374;19760;10308;4.6;2.4
28;2021-02-27;265;82;20025;10390;4.7;2.4
28;2021-02-28;23;17;20048;10407;4.7;2.4
28;2021-03-01;291;211;20339;10618;4.7;2.5
28;2021-03-02;397;272;20736;10890;4.8;2.5
28;2021-03-03;369;394;21105;11284;4.9;2.6
28;2021-03-04;720;485;21825;11769;5.1;2.7
28;2021-03-05;1319;413;23144;12182;5.4;2.8
28;2021-03-06;1998;88;25142;12270;5.9;2.9
28;2021-03-07;974;30;26116;12300;6.1;2.9
28;2021-03-08;398;306;26514;12606;6.2;2.9
28;2021-03-09;980;359;27494;12965;6.4;3.0
28;2021-03-10;1357;545;28851;13510;6.7;3.1
28;2021-03-11;1536;700;30387;14210;7.1;3.3
28;2021-03-12;2258;642;32645;14852;7.6;3.5
28;2021-03-13;1235;133;33880;14985;7.9;3.5
28;2021-03-14;518;17;34398;15002;8.0;3.5
28;2021-03-15;755;232;35153;15234;8.2;3.5
28;2021-03-16;716;224;35869;15458;8.4;3.6
28;2021-03-17;746;288;36615;15746;8.5;3.7
28;2021-03-18;1202;276;37817;16022;8.8;3.7
28;2021-03-19;1557;331;39374;16353;9.2;3.8
28;2021-03-20;639;21;40013;16374;9.3;3.8
28;2021-03-21;29;8;40042;16382;9.3;3.8
28;2021-03-22;767;321;40809;16703;9.5;3.9
28;2021-03-23;1027;193;41836;16896;9.7;3.9
28;2021-03-24;1312;277;43148;17173;10.0;4.0
28;2021-03-25;1797;288;44945;17461;10.5;4.1
28;2021-03-26;2083;344;47028;17805;11.0;4.1
28;2021-03-27;402;38;47430;17843;11.0;4.2
28;2021-03-28;12;0;47442;17843;11.0;4.2
28;2021-03-29;1140;357;48582;18200;11.3;4.2
28;2021-03-30;1711;251;50293;18451;11.7;4.3
28;2021-03-31;2018;481;52311;18932;12.2;4.4
28;2021-04-01;1796;587;54107;19519;12.6;4.5
28;2021-04-02;1585;1317;55692;20836;13.0;4.9
28;2021-04-03;607;1071;56299;21907;13.1;5.1
28;2021-04-04;33;302;56332;22209;13.1;5.2
28;2021-04-05;40;3;56372;22212;13.1;5.2
28;2021-04-06;1225;460;57597;22672;13.4;5.3
28;2021-04-07;1890;1006;59487;23678;13.9;5.5
28;2021-04-08;2086;1074;61573;24752;14.3;5.8
28;2021-04-09;3235;923;64808;25675;15.1;6.0
28;2021-04-10;1581;199;66389;25874;15.5;6.0
28;2021-04-11;141;451;66530;26325;15.5;6.1
28;2021-04-12;1674;562;68204;26887;15.9;6.3
28;2021-04-13;1875;672;70079;27559;16.3;6.4
28;2021-04-14;2771;902;72850;28461;17.0;6.6
28;2021-04-15;2555;1144;75405;29605;17.6;6.9
28;2021-04-16;2553;805;77958;30410;18.2;7.1
28;2021-04-17;2309;134;80267;30544;18.7;7.1
28;2021-04-18;45;8;80312;30552;18.7;7.1
28;2021-04-19;1577;650;81889;31202;19.1;7.3
28;2021-04-20;1841;598;83730;31800;19.5;7.4
28;2021-04-21;2679;963;86409;32763;20.1;7.6
28;2021-04-22;1782;1217;88191;33980;20.5;7.9
28;2021-04-23;2325;1104;90516;35084;21.1;8.2
28;2021-04-24;3657;138;94173;35222;21.9;8.2
28;2021-04-25;1012;38;95185;35260;22.2;8.2
28;2021-04-26;1331;927;96516;36187;22.5;8.4
28;2021-04-27;1436;1281;97952;37468;22.8;8.7
28;2021-04-28;2374;1830;100326;39298;23.4;9.2
28;2021-04-29;2130;1506;102456;40804;23.9;9.5
28;2021-04-30;2974;1227;105430;42031;24.6;9.8
28;2021-05-01;127;119;105557;42150;24.6;9.8
28;2021-05-02;2;65;105559;42215;24.6;9.8
28;2021-05-03;1047;1019;106606;43234;24.8;10.1
28;2021-05-04;1360;1669;107966;44903;25.1;10.5
28;2021-05-05;2830;1652;110796;46555;25.8;10.8
28;2021-05-06;2457;1473;113253;48028;26.4;11.2
28;2021-05-07;2310;1933;115563;49961;26.9;11.6
28;2021-05-08;1077;113;116640;50074;27.2;11.7
28;2021-05-09;105;610;116745;50684;27.2;11.8
28;2021-05-10;1308;1893;118053;52577;27.5;12.2
28;2021-05-11;2028;2339;120081;54916;28.0;12.8
28;2021-05-12;2619;3233;122700;58149;28.6;13.5
28;2021-05-13;290;451;122990;58600;28.6;13.6
28;2021-05-14;1899;1616;124889;60216;29.1;14.0
28;2021-05-15;1436;1674;126325;61890;29.4;14.4
28;2021-05-16;1987;131;128312;62021;29.9;14.4
28;2021-05-17;2875;1493;131187;63514;30.5;14.8
28;2021-05-18;3382;1380;134569;64894;31.3;15.1
28;2021-05-19;5092;1282;139661;66176;32.5;15.4
28;2021-05-20;4150;1230;143811;67406;33.5;15.7
28;2021-05-21;3465;1587;147276;68993;34.3;16.1
28;2021-05-22;728;1161;148004;70154;34.5;16.3
28;2021-05-23;1957;138;149961;70292;34.9;16.4
28;2021-05-24;1429;395;151390;70687;35.3;16.5
28;2021-05-25;1877;1408;153267;72095;35.7;16.8
28;2021-05-26;2767;1346;156034;73441;36.3;17.1
28;2021-05-27;2756;1235;158790;74676;37.0;17.4
28;2021-05-28;3081;1734;161871;76410;37.7;17.8
28;2021-05-29;1869;876;163740;77286;38.1;18.0
28;2021-05-30;16;47;163756;77333;38.1;18.0
28;2021-05-31;2014;936;165770;78269;38.6;18.2
28;2021-06-01;2133;1663;167903;79932;39.1;18.6
28;2021-06-02;2077;2458;169980;82390;39.6;19.2
28;2021-06-03;2498;1563;172478;83953;40.2;19.6
28;2021-06-04;2608;2356;175086;86309;40.8;20.1
28;2021-06-05;1909;2527;176995;88836;41.2;20.7
28;2021-06-06;1059;1044;178054;89880;41.5;20.9
28;2021-06-07;3577;1574;181631;91454;42.3;21.3
28;2021-06-08;3197;1517;184828;92971;43.0;21.7
28;2021-06-09;3676;2127;188504;95098;43.9;22.1
28;2021-06-10;3142;1262;191646;96360;44.6;22.4
28;2021-06-11;3792;2131;195438;98491;45.5;22.9
28;2021-06-12;1305;560;196743;99051;45.8;23.1
28;2021-06-13;385;108;197128;99159;45.9;23.1
28;2021-06-14;2208;2001;199336;101160;46.4;23.6
28;2021-06-15;2092;2225;201428;103385;46.9;24.1
28;2021-06-16;2510;3982;203938;107367;47.5;25.0
28;2021-06-17;1928;3135;205866;110502;47.9;25.7
28;2021-06-18;2473;3788;208339;114290;48.5;26.6
28;2021-06-19;776;1613;209115;115903;48.7;27.0
28;2021-06-20;23;24;209138;115927;48.7;27.0
28;2021-06-21;1685;1991;210823;117918;49.1;27.5
28;2021-06-22;1371;2108;212194;120026;49.4;28.0
28;2021-06-23;1782;3164;213976;123190;49.8;28.7
28;2021-06-24;733;930;214709;124120;50.0;28.9
28;2021-06-25;1891;3028;216600;127148;50.4;29.6
28;2021-06-26;310;2116;216910;129264;50.5;30.1
28;2021-06-27;588;1284;217498;130548;50.6;30.4
28;2021-06-28;1226;3655;218724;134203;50.9;31.3
28;2021-06-29;1342;3796;220066;137999;51.2;32.1
28;2021-06-30;1493;4259;221559;142258;51.6;33.1
28;2021-07-01;1277;3500;222836;145758;51.9;33.9
28;2021-07-02;1313;4653;224149;150411;52.2;35.0
28;2021-07-03;1132;2370;225281;152781;52.5;35.6
28;2021-07-04;146;1326;225427;154107;52.5;35.9
28;2021-07-05;1362;2513;226789;156620;52.8;36.5
28;2021-07-06;1510;2870;228299;159490;53.2;37.1
28;2021-07-07;1636;4143;229935;163633;53.5;38.1
28;2021-07-08;1470;3238;231405;166871;53.9;38.9
28;2021-07-09;1393;4520;232798;171391;54.2;39.9
28;2021-07-10;528;2208;233326;173599;54.3;40.4
28;2021-07-11;2;1;233328;173600;54.3;40.4
28;2021-07-12;1527;3929;234855;177529;54.7;41.3
28;2021-07-13;2264;4141;237119;181670;55.2;42.3
28;2021-07-14;1329;1396;238448;183066;55.5;42.6
28;2021-07-15;2986;3976;241434;187042;56.2;43.6
28;2021-07-16;2443;4751;243877;191793;56.8;44.7
28;2021-07-17;1264;2431;245141;194224;57.1;45.2
28;2021-07-18;369;944;245510;195168;57.2;45.4
28;2021-07-19;1808;4338;247318;199506;57.6;46.5
28;2021-07-20;2476;4089;249794;203595;58.2;47.4
28;2021-07-21;2965;4286;252759;207881;58.9;48.4
28;2021-07-22;3667;3428;256426;211309;59.7;49.2
28;2021-07-23;2962;4000;259388;215309;60.4;50.1
28;2021-07-24;1697;1478;261085;216787;60.8;50.5
28;2021-07-25;66;60;261151;216847;60.8;50.5
28;2021-07-26;2931;3385;264082;220232;61.5;51.3
28;2021-07-27;3885;2620;267967;222852;62.4;51.9
28;2021-07-28;3948;2741;271915;225593;63.3;52.5
28;2021-07-29;4464;2090;276379;227683;64.4;53.0
28;2021-07-30;3818;2840;280197;230523;65.2;53.7
28;2021-07-31;762;824;280959;231347;65.4;53.9
28;2021-08-01;378;65;281337;231412;65.5;53.9
28;2021-08-02;1791;1519;283128;232931;65.9;54.2
28;2021-08-03;2685;2162;285813;235093;66.6;54.7
28;2021-08-04;1932;2300;287745;237393;67.0;55.3
28;2021-08-05;1661;1732;289406;239125;67.4;55.7
28;2021-08-06;1614;1969;291020;241094;67.8;56.1
28;2021-08-07;799;1002;291819;242096;68.0;56.4
28;2021-08-08;22;33;291841;242129;68.0;56.4
28;2021-08-09;1385;1097;293226;243226;68.3;56.6
28;2021-08-10;1709;2027;294935;245253;68.7;57.1
28;2021-08-11;1273;1572;296208;246825;69.0;57.5
28;2021-08-12;1162;1883;297370;248708;69.2;57.9
28;2021-08-13;1289;1647;298659;250355;69.5;58.3
28;2021-08-14;655;843;299314;251198;69.7;58.5
28;2021-08-15;265;60;299579;251258;69.8;58.5
28;2021-08-16;858;2144;300437;253402;70.0;59.0
28;2021-08-17;1120;2798;301557;256200;70.2;59.7
28;2021-08-18;887;2413;302444;258613;70.4;60.2
28;2021-08-19;882;2617;303326;261230;70.6;60.8
28;2021-08-20;935;2751;304261;263981;70.9;61.5
28;2021-08-21;378;1001;304639;264982;70.9;61.7
28;2021-08-22;8;31;304647;265013;70.9;61.7
28;2021-08-23;1040;2145;305687;267158;71.2;62.2
28;2021-08-24;861;2582;306548;269740;71.4;62.8
28;2021-08-25;1068;2206;307616;271946;71.6;63.3
28;2021-08-26;693;1812;308309;273758;71.8;63.7
28;2021-08-27;749;2359;309058;276117;72.0;64.3
28;2021-08-28;519;1093;309577;277210;72.1;64.6
28;2021-08-29;7;23;309584;277233;72.1;64.6
28;2021-08-30;993;2181;310577;279414;72.3;65.1
28;2021-08-31;795;2246;311372;281660;72.5;65.6
28;2021-09-01;740;2601;312112;284261;72.7;66.2
28;2021-09-02;536;2102;312648;286363;72.8;66.7
29;2020-12-27;0;0;0;0;0.0;0.0
29;2020-12-28;1;0;1;0;0.0;0.0
29;2020-12-29;0;0;1;0;0.0;0.0
29;2020-12-30;0;0;1;0;0.0;0.0
29;2020-12-31;0;0;1;0;0.0;0.0
29;2021-01-01;2;0;3;0;0.0;0.0
29;2021-01-02;0;0;3;0;0.0;0.0
29;2021-01-03;1;0;4;0;0.0;0.0
29;2021-01-04;32;0;36;0;0.0;0.0
29;2021-01-05;31;0;67;0;0.0;0.0
29;2021-01-06;43;0;110;0;0.0;0.0
29;2021-01-07;137;0;247;0;0.0;0.0
29;2021-01-08;408;0;655;0;0.1;0.0
29;2021-01-09;2;0;657;0;0.1;0.0
29;2021-01-10;2;0;659;0;0.1;0.0
29;2021-01-11;667;0;1326;0;0.1;0.0
29;2021-01-12;1120;0;2446;0;0.3;0.0
29;2021-01-13;1101;1;3547;1;0.4;0.0
29;2021-01-14;894;4;4441;5;0.5;0.0
29;2021-01-15;1221;7;5662;12;0.6;0.0
29;2021-01-16;168;1;5830;13;0.6;0.0
29;2021-01-17;112;1;5942;14;0.7;0.0
29;2021-01-18;839;3;6781;17;0.7;0.0
29;2021-01-19;1313;1;8094;18;0.9;0.0
29;2021-01-20;2396;2;10490;20;1.2;0.0
29;2021-01-21;5658;6;16148;26;1.8;0.0
29;2021-01-22;3774;5;19922;31;2.2;0.0
29;2021-01-23;538;0;20460;31;2.3;0.0
29;2021-01-24;200;1;20660;32;2.3;0.0
29;2021-01-25;575;7;21235;39;2.3;0.0
29;2021-01-26;951;34;22186;73;2.4;0.0
29;2021-01-27;1286;53;23472;126;2.6;0.0
29;2021-01-28;802;136;24274;262;2.7;0.0
29;2021-01-29;780;205;25054;467;2.8;0.1
29;2021-01-30;281;4;25335;471;2.8;0.1
29;2021-01-31;80;5;25415;476;2.8;0.1
29;2021-02-01;429;441;25844;917;2.9;0.1
29;2021-02-02;876;823;26720;1740;2.9;0.2
29;2021-02-03;810;893;27530;2633;3.0;0.3
29;2021-02-04;867;639;28397;3272;3.1;0.4
29;2021-02-05;675;584;29072;3856;3.2;0.4
29;2021-02-06;247;99;29319;3955;3.2;0.4
29;2021-02-07;78;104;29397;4059;3.2;0.4
29;2021-02-08;383;440;29780;4499;3.3;0.5
29;2021-02-09;863;849;30643;5348;3.4;0.6
29;2021-02-10;1150;1009;31793;6357;3.5;0.7
29;2021-02-11;1796;4153;33589;10510;3.7;1.2
29;2021-02-12;2324;2500;35913;13010;4.0;1.4
29;2021-02-13;638;410;36551;13420;4.0;1.5
29;2021-02-14;12;220;36563;13640;4.0;1.5
29;2021-02-15;266;911;36829;14551;4.1;1.6
29;2021-02-16;887;1031;37716;15582;4.2;1.7
29;2021-02-17;801;810;38517;16392;4.2;1.8
29;2021-02-18;1530;811;40047;17203;4.4;1.9
29;2021-02-19;1415;968;41462;18171;4.6;2.0
29;2021-02-20;204;350;41666;18521;4.6;2.0
29;2021-02-21;162;165;41828;18686;4.6;2.1
29;2021-02-22;773;534;42601;19220;4.7;2.1
29;2021-02-23;1271;863;43872;20083;4.8;2.2
29;2021-02-24;1471;780;45343;20863;5.0;2.3
29;2021-02-25;2510;869;47853;21732;5.3;2.4
29;2021-02-26;2676;689;50529;22421;5.6;2.5
29;2021-02-27;1284;266;51813;22687;5.7;2.5
29;2021-02-28;200;71;52013;22758;5.7;2.5
29;2021-03-01;945;467;52958;23225;5.8;2.6
29;2021-03-02;1817;779;54775;24004;6.0;2.6
29;2021-03-03;2095;1005;56870;25009;6.3;2.8
29;2021-03-04;2844;1546;59714;26555;6.6;2.9
29;2021-03-05;3540;1673;63254;28228;7.0;3.1
29;2021-03-06;2000;438;65254;28666;7.2;3.2
29;2021-03-07;412;81;65666;28747;7.2;3.2
29;2021-03-08;1274;590;66940;29337;7.4;3.2
29;2021-03-09;2605;973;69545;30310;7.7;3.3
29;2021-03-10;2427;867;71972;31177;7.9;3.4
29;2021-03-11;4519;989;76491;32166;8.4;3.5
29;2021-03-12;5270;968;81761;33134;9.0;3.7
29;2021-03-13;2825;408;84586;33542;9.3;3.7
29;2021-03-14;365;3;84951;33545;9.4;3.7
29;2021-03-15;2050;269;87001;33814;9.6;3.7
29;2021-03-16;1823;739;88824;34553;9.8;3.8
29;2021-03-17;1861;714;90685;35267;10.0;3.9
29;2021-03-18;1865;1037;92550;36304;10.2;4.0
29;2021-03-19;3270;879;95820;37183;10.6;4.1
29;2021-03-20;1914;222;97734;37405;10.8;4.1
29;2021-03-21;132;11;97866;37416;10.8;4.1
29;2021-03-22;1647;556;99513;37972;11.0;4.2
29;2021-03-23;3442;1035;102955;39007;11.4;4.3
29;2021-03-24;3781;1021;106736;40028;11.8;4.4
29;2021-03-25;4820;1068;111556;41096;12.3;4.5
29;2021-03-26;5423;1166;116979;42262;12.9;4.7
29;2021-03-27;2429;332;119408;42594;13.2;4.7
29;2021-03-28;198;50;119606;42644;13.2;4.7
29;2021-03-29;2041;822;121647;43466;13.4;4.8
29;2021-03-30;3977;1330;125624;44796;13.9;4.9
29;2021-03-31;3936;1153;129560;45949;14.3;5.1
29;2021-04-01;5029;1144;134589;47093;14.8;5.2
29;2021-04-02;4766;1166;139355;48259;15.4;5.3
29;2021-04-03;2500;538;141855;48797;15.6;5.4
29;2021-04-04;146;33;142001;48830;15.7;5.4
29;2021-04-05;972;331;142973;49161;15.8;5.4
29;2021-04-06;3198;1234;146171;50395;16.1;5.6
29;2021-04-07;3654;942;149825;51337;16.5;5.7
29;2021-04-08;5287;2056;155112;53393;17.1;5.9
29;2021-04-09;6750;1564;161862;54957;17.9;6.1
29;2021-04-10;3499;707;165361;55664;18.2;6.1
29;2021-04-11;120;80;165481;55744;18.3;6.1
29;2021-04-12;3854;1480;169335;57224;18.7;6.3
29;2021-04-13;5863;1759;175198;58983;19.3;6.5
29;2021-04-14;4762;1744;179960;60727;19.9;6.7
29;2021-04-15;7175;1729;187135;62456;20.6;6.9
29;2021-04-16;6704;1354;193839;63810;21.4;7.0
29;2021-04-17;3828;970;197667;64780;21.8;7.1
29;2021-04-18;489;40;198156;64820;21.9;7.2
29;2021-04-19;3881;1464;202037;66284;22.3;7.3
29;2021-04-20;4397;2134;206434;68418;22.8;7.5
29;2021-04-21;4375;2199;210809;70617;23.3;7.8
29;2021-04-22;6643;2854;217452;73471;24.0;8.1
29;2021-04-23;6048;2196;223500;75667;24.7;8.3
29;2021-04-24;4008;1316;227508;76983;25.1;8.5
29;2021-04-25;433;169;227941;77152;25.1;8.5
29;2021-04-26;5261;1878;233202;79030;25.7;8.7
29;2021-04-27;5335;3190;238537;82220;26.3;9.1
29;2021-04-28;5356;2904;243893;85124;26.9;9.4
29;2021-04-29;6595;3340;250488;88464;27.6;9.8
29;2021-04-30;6268;3906;256756;92370;28.3;10.2
29;2021-05-01;1987;979;258743;93349;28.5;10.3
29;2021-05-02;1249;195;259992;93544;28.7;10.3
29;2021-05-03;4542;2290;264534;95834;29.2;10.6
29;2021-05-04;4111;3743;268645;99577;29.6;11.0
29;2021-05-05;4518;3409;273163;102986;30.1;11.4
29;2021-05-06;6236;3712;279399;106698;30.8;11.8
29;2021-05-07;5985;4619;285384;111317;31.5;12.3
29;2021-05-08;2096;563;287480;111880;31.7;12.3
29;2021-05-09;1727;137;289207;112017;31.9;12.4
29;2021-05-10;4760;3769;293967;115786;32.4;12.8
29;2021-05-11;4711;4988;298678;120774;32.9;13.3
29;2021-05-12;5025;4383;303703;125157;33.5;13.8
29;2021-05-13;3441;1501;307144;126658;33.9;14.0
29;2021-05-14;5649;4005;312793;130663;34.5;14.4
29;2021-05-15;4048;2313;316841;132976;35.0;14.7
29;2021-05-16;1588;294;318429;133270;35.1;14.7
29;2021-05-17;5563;3133;323992;136403;35.7;15.0
29;2021-05-18;5732;3098;329724;139501;36.4;15.4
29;2021-05-19;6212;2972;335936;142473;37.1;15.7
29;2021-05-20;7176;4569;343112;147042;37.8;16.2
29;2021-05-21;7216;3812;350328;150854;38.6;16.6
29;2021-05-22;5343;2128;355671;152982;39.2;16.9
29;2021-05-23;1631;65;357302;153047;39.4;16.9
29;2021-05-24;3485;535;360787;153582;39.8;16.9
29;2021-05-25;5835;3045;366622;156627;40.4;17.3
29;2021-05-26;5893;2996;372515;159623;41.1;17.6
29;2021-05-27;6827;3987;379342;163610;41.8;18.0
29;2021-05-28;6547;4446;385889;168056;42.6;18.5
29;2021-05-29;4382;2808;390271;170864;43.0;18.8
29;2021-05-30;1115;360;391386;171224;43.2;18.9
29;2021-05-31;6384;3455;397770;174679;43.9;19.3
29;2021-06-01;6605;4351;404375;179030;44.6;19.7
29;2021-06-02;6166;4133;410541;183163;45.3;20.2
29;2021-06-03;7696;4523;418237;187686;46.1;20.7
29;2021-06-04;6814;6159;425051;193845;46.9;21.4
29;2021-06-05;5351;3036;430402;196881;47.5;21.7
29;2021-06-06;1285;538;431687;197419;47.6;21.8
29;2021-06-07;4660;5563;436347;202982;48.1;22.4
29;2021-06-08;7174;5207;443521;208189;48.9;23.0
29;2021-06-09;6408;4754;449929;212943;49.6;23.5
29;2021-06-10;7775;5063;457704;218006;50.5;24.0
29;2021-06-11;8478;5875;466182;223881;51.4;24.7
29;2021-06-12;6568;2816;472750;226697;52.1;25.0
29;2021-06-13;2352;1372;475102;228069;52.4;25.2
29;2021-06-14;4035;6322;479137;234391;52.9;25.9
29;2021-06-15;5478;6189;484615;240580;53.5;26.5
29;2021-06-16;5571;5626;490186;246206;54.1;27.2
29;2021-06-17;6368;6311;496554;252517;54.8;27.9
29;2021-06-18;6116;7488;502670;260005;55.4;28.7
29;2021-06-19;4623;3527;507293;263532;56.0;29.1
29;2021-06-20;891;1452;508184;264984;56.1;29.2
29;2021-06-21;3761;6496;511945;271480;56.5;29.9
29;2021-06-22;4489;6427;516434;277907;57.0;30.7
29;2021-06-23;4674;6132;521108;284039;57.5;31.3
29;2021-06-24;4809;6747;525917;290786;58.0;32.1
29;2021-06-25;3598;7534;529515;298320;58.4;32.9
29;2021-06-26;2131;4093;531646;302413;58.6;33.4
29;2021-06-27;968;1632;532614;304045;58.8;33.5
29;2021-06-28;2843;6863;535457;310908;59.1;34.3
29;2021-06-29;2811;7730;538268;318638;59.4;35.1
29;2021-06-30;3047;7510;541315;326148;59.7;36.0
29;2021-07-01;3788;8417;545103;334565;60.1;36.9
29;2021-07-02;3607;9670;548710;344235;60.5;38.0
29;2021-07-03;2328;6055;551038;350290;60.8;38.6
29;2021-07-04;816;1771;551854;352061;60.9;38.8
29;2021-07-05;1915;7159;553769;359220;61.1;39.6
29;2021-07-06;1540;8009;555309;367229;61.3;40.5
29;2021-07-07;1707;7041;557016;374270;61.4;41.3
29;2021-07-08;2454;8208;559470;382478;61.7;42.2
29;2021-07-09;2631;9073;562101;391551;62.0;43.2
29;2021-07-10;1919;6106;564020;397657;62.2;43.9
29;2021-07-11;449;1064;564469;398721;62.3;44.0
29;2021-07-12;1983;8378;566452;407099;62.5;44.9
29;2021-07-13;2754;8665;569206;415764;62.8;45.9
29;2021-07-14;2086;3371;571292;419135;63.0;46.2
29;2021-07-15;3860;9732;575152;428867;63.4;47.3
29;2021-07-16;4618;9197;579770;438064;64.0;48.3
29;2021-07-17;3223;6116;582993;444180;64.3;49.0
29;2021-07-18;668;1078;583661;445258;64.4;49.1
29;2021-07-19;3156;7547;586817;452805;64.7;49.9
29;2021-07-20;3557;9436;590374;462241;65.1;51.0
29;2021-07-21;3658;7728;594032;469969;65.5;51.8
29;2021-07-22;3417;8534;597449;478503;65.9;52.8
29;2021-07-23;4062;10711;601511;489214;66.4;54.0
29;2021-07-24;2534;5958;604045;495172;66.6;54.6
29;2021-07-25;655;2360;604700;497532;66.7;54.9
29;2021-07-26;3392;7277;608092;504809;67.1;55.7
29;2021-07-27;3722;7113;611814;511922;67.5;56.5
29;2021-07-28;4206;6031;616020;517953;68.0;57.1
29;2021-07-29;5693;6362;621713;524315;68.6;57.8
29;2021-07-30;5457;6538;627170;530853;69.2;58.6
29;2021-07-31;2932;4932;630102;535785;69.5;59.1
29;2021-08-01;657;922;630759;536707;69.6;59.2
29;2021-08-02;4289;5221;635048;541928;70.1;59.8
29;2021-08-03;5486;4406;640534;546334;70.7;60.3
29;2021-08-04;5739;3607;646273;549941;71.3;60.7
29;2021-08-05;6643;4111;652916;554052;72.0;61.1
29;2021-08-06;6192;4337;659108;558389;72.7;61.6
29;2021-08-07;4281;2954;663389;561343;73.2;61.9
29;2021-08-08;843;753;664232;562096;73.3;62.0
29;2021-08-09;3075;4741;667307;566837;73.6;62.5
29;2021-08-10;4485;3868;671792;570705;74.1;63.0
29;2021-08-11;3951;3186;675743;573891;74.5;63.3
29;2021-08-12;4635;4497;680378;578388;75.1;63.8
29;2021-08-13;4143;3724;684521;582112;75.5;64.2
29;2021-08-14;2958;2842;687479;584954;75.8;64.5
29;2021-08-15;337;403;687816;585357;75.9;64.6
29;2021-08-16;3273;4382;691089;589739;76.2;65.1
29;2021-08-17;4394;3415;695483;593154;76.7;65.4
29;2021-08-18;3664;3617;699147;596771;77.1;65.8
29;2021-08-19;3899;4717;703046;601488;77.6;66.3
29;2021-08-20;3499;4601;706545;606089;77.9;66.9
29;2021-08-21;2265;3167;708810;609256;78.2;67.2
29;2021-08-22;214;416;709024;609672;78.2;67.3
29;2021-08-23;2496;4625;711520;614297;78.5;67.8
29;2021-08-24;2440;4950;713960;619247;78.8;68.3
29;2021-08-25;2150;4227;716110;623474;79.0;68.8
29;2021-08-26;2336;5337;718446;628811;79.3;69.4
29;2021-08-27;2043;5914;720489;634725;79.5;70.0
29;2021-08-28;1468;3996;721957;638721;79.6;70.5
29;2021-08-29;447;1318;722404;640039;79.7;70.6
29;2021-08-30;1453;4229;723857;644268;79.8;71.1
29;2021-08-31;1587;4532;725444;648800;80.0;71.6
29;2021-09-01;1342;4003;726786;652803;80.2;72.0
29;2021-09-02;1169;4408;727955;657211;80.3;72.5
2A;2020-12-27;0;0;0;0;0.0;0.0
2A;2020-12-28;0;0;0;0;0.0;0.0
2A;2020-12-29;0;0;0;0;0.0;0.0
2A;2020-12-30;0;0;0;0;0.0;0.0
2A;2020-12-31;0;0;0;0;0.0;0.0
2A;2021-01-01;0;0;0;0;0.0;0.0
2A;2021-01-02;1;0;1;0;0.0;0.0
2A;2021-01-03;0;0;1;0;0.0;0.0
2A;2021-01-04;0;0;1;0;0.0;0.0
2A;2021-01-05;0;0;1;0;0.0;0.0
2A;2021-01-06;6;0;7;0;0.0;0.0
2A;2021-01-07;122;1;129;1;0.1;0.0
2A;2021-01-08;113;0;242;1;0.1;0.0
2A;2021-01-09;39;0;281;1;0.2;0.0
2A;2021-01-10;33;0;314;1;0.2;0.0
2A;2021-01-11;76;0;390;1;0.2;0.0
2A;2021-01-12;85;0;475;1;0.3;0.0
2A;2021-01-13;112;0;587;1;0.4;0.0
2A;2021-01-14;191;1;778;2;0.5;0.0
2A;2021-01-15;149;0;927;2;0.6;0.0
2A;2021-01-16;160;1;1087;3;0.7;0.0
2A;2021-01-17;85;1;1172;4;0.7;0.0
2A;2021-01-18;201;2;1373;6;0.8;0.0
2A;2021-01-19;488;0;1861;6;1.1;0.0
2A;2021-01-20;356;0;2217;6;1.4;0.0
2A;2021-01-21;453;1;2670;7;1.6;0.0
2A;2021-01-22;367;0;3037;7;1.9;0.0
2A;2021-01-23;183;0;3220;7;2.0;0.0
2A;2021-01-24;118;1;3338;8;2.1;0.0
2A;2021-01-25;215;0;3553;8;2.2;0.0
2A;2021-01-26;402;7;3955;15;2.4;0.0
2A;2021-01-27;324;5;4279;20;2.6;0.0
2A;2021-01-28;335;79;4614;99;2.8;0.1
2A;2021-01-29;341;61;4955;160;3.1;0.1
2A;2021-01-30;127;38;5082;198;3.1;0.1
2A;2021-01-31;92;12;5174;210;3.2;0.1
2A;2021-02-01;231;49;5405;259;3.3;0.2
2A;2021-02-02;288;116;5693;375;3.5;0.2
2A;2021-02-03;265;74;5958;449;3.7;0.3
2A;2021-02-04;256;120;6214;569;3.8;0.4
2A;2021-02-05;267;105;6481;674;4.0;0.4
2A;2021-02-06;121;59;6602;733;4.1;0.5
2A;2021-02-07;68;54;6670;787;4.1;0.5
2A;2021-02-08;91;201;6761;988;4.2;0.6
2A;2021-02-09;128;296;6889;1284;4.2;0.8
2A;2021-02-10;163;231;7052;1515;4.3;0.9
2A;2021-02-11;296;356;7348;1871;4.5;1.2
2A;2021-02-12;345;290;7693;2161;4.7;1.3
2A;2021-02-13;225;55;7918;2216;4.9;1.4
2A;2021-02-14;135;75;8053;2291;5.0;1.4
2A;2021-02-15;198;175;8251;2466;5.1;1.5
2A;2021-02-16;384;305;8635;2771;5.3;1.7
2A;2021-02-17;289;163;8924;2934;5.5;1.8
2A;2021-02-18;340;192;9264;3126;5.7;1.9
2A;2021-02-19;145;291;9409;3417;5.8;2.1
2A;2021-02-20;243;132;9652;3549;5.9;2.2
2A;2021-02-21;58;52;9710;3601;6.0;2.2
2A;2021-02-22;77;209;9787;3810;6.0;2.3
2A;2021-02-23;122;280;9909;4090;6.1;2.5
2A;2021-02-24;82;288;9991;4378;6.2;2.7
2A;2021-02-25;105;254;10096;4632;6.2;2.9
2A;2021-02-26;123;267;10219;4899;6.3;3.0
2A;2021-02-27;308;68;10527;4967;6.5;3.1
2A;2021-02-28;69;65;10596;5032;6.5;3.1
2A;2021-03-01;116;148;10712;5180;6.6;3.2
2A;2021-03-02;198;261;10910;5441;6.7;3.3
2A;2021-03-03;244;254;11154;5695;6.9;3.5
2A;2021-03-04;508;227;11662;5922;7.2;3.6
2A;2021-03-05;972;288;12634;6210;7.8;3.8
2A;2021-03-06;1166;75;13800;6285;8.5;3.9
2A;2021-03-07;1020;47;14820;6332;9.1;3.9
2A;2021-03-08;933;87;15753;6419;9.7;4.0
2A;2021-03-09;937;151;16690;6570;10.3;4.0
2A;2021-03-10;632;139;17322;6709;10.7;4.1
2A;2021-03-11;723;281;18045;6990;11.1;4.3
2A;2021-03-12;561;318;18606;7308;11.5;4.5
2A;2021-03-13;613;197;19219;7505;11.8;4.6
2A;2021-03-14;312;126;19531;7631;12.0;4.7
2A;2021-03-15;377;203;19908;7834;12.3;4.8
2A;2021-03-16;498;368;20406;8202;12.6;5.0
2A;2021-03-17;700;275;21106;8477;13.0;5.2
2A;2021-03-18;447;304;21553;8781;13.3;5.4
2A;2021-03-19;489;158;22042;8939;13.6;5.5
2A;2021-03-20;1079;261;23121;9200;14.2;5.7
2A;2021-03-21;695;54;23816;9254;14.7;5.7
2A;2021-03-22;347;67;24163;9321;14.9;5.7
2A;2021-03-23;518;59;24681;9380;15.2;5.8
2A;2021-03-24;864;92;25545;9472;15.7;5.8
2A;2021-03-25;930;142;26475;9614;16.3;5.9
2A;2021-03-26;1081;164;27556;9778;17.0;6.0
2A;2021-03-27;1189;201;28745;9979;17.7;6.1
2A;2021-03-28;241;97;28986;10076;17.8;6.2
2A;2021-03-29;283;138;29269;10214;18.0;6.3
2A;2021-03-30;383;236;29652;10450;18.3;6.4
2A;2021-03-31;446;226;30098;10676;18.5;6.6
2A;2021-04-01;638;453;30736;11129;18.9;6.9
2A;2021-04-02;904;785;31640;11914;19.5;7.3
2A;2021-04-03;646;983;32286;12897;19.9;7.9
2A;2021-04-04;579;784;32865;13681;20.2;8.4
2A;2021-04-05;525;697;33390;14378;20.6;8.9
2A;2021-04-06;549;558;33939;14936;20.9;9.2
2A;2021-04-07;791;428;34730;15364;21.4;9.5
2A;2021-04-08;1049;358;35779;15722;22.0;9.7
2A;2021-04-09;935;396;36714;16118;22.6;9.9
2A;2021-04-10;1059;382;37773;16500;23.3;10.2
2A;2021-04-11;362;256;38135;16756;23.5;10.3
2A;2021-04-12;669;342;38804;17098;23.9;10.5
2A;2021-04-13;329;380;39133;17478;24.1;10.8
2A;2021-04-14;1046;590;40179;18068;24.7;11.1
2A;2021-04-15;1044;526;41223;18594;25.4;11.4
2A;2021-04-16;872;393;42095;18987;25.9;11.7
2A;2021-04-17;1369;938;43464;19925;26.8;12.3
2A;2021-04-18;982;948;44446;20873;27.4;12.9
2A;2021-04-19;270;343;44716;21216;27.5;13.1
2A;2021-04-20;354;344;45070;21560;27.7;13.3
2A;2021-04-21;729;734;45799;22294;28.2;13.7
2A;2021-04-22;896;648;46695;22942;28.7;14.1
2A;2021-04-23;986;776;47681;23718;29.4;14.6
2A;2021-04-24;1750;984;49431;24702;30.4;15.2
2A;2021-04-25;975;305;50406;25007;31.0;15.4
2A;2021-04-26;308;226;50714;25233;31.2;15.5
2A;2021-04-27;344;348;51058;25581;31.4;15.7
2A;2021-04-28;1676;424;52734;26005;32.5;16.0
2A;2021-04-29;1054;361;53788;26366;33.1;16.2
2A;2021-04-30;1131;1061;54919;27427;33.8;16.9
2A;2021-05-01;971;575;55890;28002;34.4;17.2
2A;2021-05-02;675;708;56565;28710;34.8;17.7
2A;2021-05-03;583;576;57148;29286;35.2;18.0
2A;2021-05-04;752;535;57900;29821;35.6;18.4
2A;2021-05-05;1009;984;58909;30805;36.3;19.0
2A;2021-05-06;905;912;59814;31717;36.8;19.5
2A;2021-05-07;1156;836;60970;32553;37.5;20.0
2A;2021-05-08;422;500;61392;33053;37.8;20.4
2A;2021-05-09;783;638;62175;33691;38.3;20.7
2A;2021-05-10;454;741;62629;34432;38.6;21.2
2A;2021-05-11;652;415;63281;34847;39.0;21.5
2A;2021-05-12;923;488;64204;35335;39.5;21.8
2A;2021-05-13;920;139;65124;35474;40.1;21.8
2A;2021-05-14;797;679;65921;36153;40.6;22.3
2A;2021-05-15;780;649;66701;36802;41.1;22.7
2A;2021-05-16;739;501;67440;37303;41.5;23.0
2A;2021-05-17;583;560;68023;37863;41.9;23.3
2A;2021-05-18;614;476;68637;38339;42.3;23.6
2A;2021-05-19;787;481;69424;38820;42.7;23.9
2A;2021-05-20;692;540;70116;39360;43.2;24.2
2A;2021-05-21;535;483;70651;39843;43.5;24.5
2A;2021-05-22;441;309;71092;40152;43.8;24.7
2A;2021-05-23;533;284;71625;40436;44.1;24.9
2A;2021-05-24;125;33;71750;40469;44.2;24.9
2A;2021-05-25;416;503;72166;40972;44.4;25.2
2A;2021-05-26;425;1166;72591;42138;44.7;25.9
2A;2021-05-27;435;1111;73026;43249;45.0;26.6
2A;2021-05-28;298;916;73324;44165;45.1;27.2
2A;2021-05-29;334;900;73658;45065;45.4;27.7
2A;2021-05-30;182;507;73840;45572;45.5;28.1
2A;2021-05-31;191;414;74031;45986;45.6;28.3
2A;2021-06-01;342;729;74373;46715;45.8;28.8
2A;2021-06-02;285;940;74658;47655;46.0;29.3
2A;2021-06-03;306;852;74964;48507;46.2;29.9
2A;2021-06-04;271;1092;75235;49599;46.3;30.5
2A;2021-06-05;319;1442;75554;51041;46.5;31.4
2A;2021-06-06;173;907;75727;51948;46.6;32.0
2A;2021-06-07;170;661;75897;52609;46.7;32.4
2A;2021-06-08;324;707;76221;53316;46.9;32.8
2A;2021-06-09;300;1316;76521;54632;47.1;33.6
2A;2021-06-10;329;856;76850;55488;47.3;34.2
2A;2021-06-11;277;1021;77127;56509;47.5;34.8
2A;2021-06-12;232;665;77359;57174;47.6;35.2
2A;2021-06-13;189;797;77548;57971;47.7;35.7
2A;2021-06-14;251;922;77799;58893;47.9;36.3
2A;2021-06-15;217;507;78016;59400;48.0;36.6
2A;2021-06-16;213;777;78229;60177;48.2;37.1
2A;2021-06-17;235;591;78464;60768;48.3;37.4
2A;2021-06-18;246;914;78710;61682;48.5;38.0
2A;2021-06-19;208;690;78918;62372;48.6;38.4
2A;2021-06-20;150;692;79068;63064;48.7;38.8
2A;2021-06-21;181;791;79249;63855;48.8;39.3
2A;2021-06-22;235;841;79484;64696;48.9;39.8
2A;2021-06-23;217;569;79701;65265;49.1;40.2
2A;2021-06-24;149;369;79850;65634;49.2;40.4
2A;2021-06-25;167;471;80017;66105;49.3;40.7
2A;2021-06-26;203;873;80220;66978;49.4;41.2
2A;2021-06-27;174;794;80394;67772;49.5;41.7
2A;2021-06-28;194;704;80588;68476;49.6;42.2
2A;2021-06-29;215;689;80803;69165;49.7;42.6
2A;2021-06-30;242;493;81045;69658;49.9;42.9
2A;2021-07-01;212;486;81257;70144;50.0;43.2
2A;2021-07-02;294;370;81551;70514;50.2;43.4
2A;2021-07-03;211;617;81762;71131;50.3;43.8
2A;2021-07-04;178;664;81940;71795;50.4;44.2
2A;2021-07-05;163;235;82103;72030;50.5;44.3
2A;2021-07-06;250;389;82353;72419;50.7;44.6
2A;2021-07-07;432;610;82785;73029;51.0;45.0
2A;2021-07-08;593;707;83378;73736;51.3;45.4
2A;2021-07-09;383;421;83761;74157;51.6;45.7
2A;2021-07-10;281;346;84042;74503;51.7;45.9
2A;2021-07-11;92;161;84134;74664;51.8;46.0
2A;2021-07-12;315;349;84449;75013;52.0;46.2
2A;2021-07-13;1179;534;85628;75547;52.7;46.5
2A;2021-07-14;1624;341;87252;75888;53.7;46.7
2A;2021-07-15;1436;836;88688;76724;54.6;47.2
2A;2021-07-16;1167;467;89855;77191;55.3;47.5
2A;2021-07-17;1096;344;90951;77535;56.0;47.7
2A;2021-07-18;635;135;91586;77670;56.4;47.8
2A;2021-07-19;918;431;92504;78101;57.0;48.1
2A;2021-07-20;1284;475;93788;78576;57.7;48.4
2A;2021-07-21;1428;727;95216;79303;58.6;48.8
2A;2021-07-22;1398;767;96614;80070;59.5;49.3
2A;2021-07-23;1440;465;98054;80535;60.4;49.6
2A;2021-07-24;895;289;98949;80824;60.9;49.8
2A;2021-07-25;450;80;99399;80904;61.2;49.8
2A;2021-07-26;1199;507;100598;81411;61.9;50.1
2A;2021-07-27;1299;518;101897;81929;62.7;50.4
2A;2021-07-28;1200;590;103097;82519;63.5;50.8
2A;2021-07-29;1227;654;104324;83173;64.2;51.2
2A;2021-07-30;957;608;105281;83781;64.8;51.6
2A;2021-07-31;541;340;105822;84121;65.2;51.8
2A;2021-08-01;570;122;106392;84243;65.5;51.9
2A;2021-08-02;450;496;106842;84739;65.8;52.2
2A;2021-08-03;811;882;107653;85621;66.3;52.7
2A;2021-08-04;724;1161;108377;86782;66.7;53.4
2A;2021-08-05;955;1347;109332;88129;67.3;54.3
2A;2021-08-06;386;815;109718;88944;67.6;54.8
2A;2021-08-07;352;888;110070;89832;67.8;55.3
2A;2021-08-08;78;185;110148;90017;67.8;55.4
2A;2021-08-09;659;1140;110807;91157;68.2;56.1
2A;2021-08-10;639;1207;111446;92364;68.6;56.9
2A;2021-08-11;591;1057;112037;93421;69.0;57.5
2A;2021-08-12;735;1487;112772;94908;69.4;58.4
2A;2021-08-13;470;1066;113242;95974;69.7;59.1
2A;2021-08-14;407;765;113649;96739;70.0;59.6
2A;2021-08-15;21;26;113670;96765;70.0;59.6
2A;2021-08-16;480;1292;114150;98057;70.3;60.4
2A;2021-08-17;930;1557;115080;99614;70.9;61.3
2A;2021-08-18;523;1124;115603;100738;71.2;62.0
2A;2021-08-19;427;1008;116030;101746;71.4;62.6
2A;2021-08-20;325;574;116355;102320;71.6;63.0
2A;2021-08-21;228;536;116583;102856;71.8;63.3
2A;2021-08-22;193;618;116776;103474;71.9;63.7
2A;2021-08-23;323;745;117099;104219;72.1;64.2
2A;2021-08-24;323;856;117422;105075;72.3;64.7
2A;2021-08-25;393;878;117815;105953;72.5;65.2
2A;2021-08-26;337;769;118152;106722;72.7;65.7
2A;2021-08-27;240;710;118392;107432;72.9;66.1
2A;2021-08-28;254;352;118646;107784;73.0;66.4
2A;2021-08-29;94;115;118740;107899;73.1;66.4
2A;2021-08-30;243;653;118983;108552;73.3;66.8
2A;2021-08-31;169;520;119152;109072;73.4;67.2
2A;2021-09-01;336;821;119488;109893;73.6;67.7
2A;2021-09-02;291;696;119779;110589;73.7;68.1
2B;2020-12-27;0;0;0;0;0.0;0.0
2B;2020-12-28;0;0;0;0;0.0;0.0
2B;2020-12-29;0;0;0;0;0.0;0.0
2B;2020-12-30;0;0;0;0;0.0;0.0
2B;2020-12-31;0;0;0;0;0.0;0.0
2B;2021-01-01;0;0;0;0;0.0;0.0
2B;2021-01-02;0;0;0;0;0.0;0.0
2B;2021-01-03;0;0;0;0;0.0;0.0
2B;2021-01-04;2;0;2;0;0.0;0.0
2B;2021-01-05;0;0;2;0;0.0;0.0
2B;2021-01-06;48;1;50;1;0.0;0.0
2B;2021-01-07;210;0;260;1;0.1;0.0
2B;2021-01-08;196;2;456;3;0.3;0.0
2B;2021-01-09;39;0;495;3;0.3;0.0
2B;2021-01-10;1;0;496;3;0.3;0.0
2B;2021-01-11;75;0;571;3;0.3;0.0
2B;2021-01-12;128;1;699;4;0.4;0.0
2B;2021-01-13;93;0;792;4;0.4;0.0
2B;2021-01-14;72;0;864;4;0.5;0.0
2B;2021-01-15;259;0;1123;4;0.6;0.0
2B;2021-01-16;43;0;1166;4;0.6;0.0
2B;2021-01-17;8;0;1174;4;0.6;0.0
2B;2021-01-18;271;0;1445;4;0.8;0.0
2B;2021-01-19;501;0;1946;4;1.1;0.0
2B;2021-01-20;462;2;2408;6;1.3;0.0
2B;2021-01-21;358;0;2766;6;1.5;0.0
2B;2021-01-22;376;0;3142;6;1.7;0.0
2B;2021-01-23;61;0;3203;6;1.8;0.0
2B;2021-01-24;29;0;3232;6;1.8;0.0
2B;2021-01-25;210;2;3442;8;1.9;0.0
2B;2021-01-26;391;1;3833;9;2.1;0.0
2B;2021-01-27;342;46;4175;55;2.3;0.0
2B;2021-01-28;365;145;4540;200;2.5;0.1
2B;2021-01-29;293;162;4833;362;2.7;0.2
2B;2021-01-30;80;33;4913;395;2.7;0.2
2B;2021-01-31;60;0;4973;395;2.7;0.2
2B;2021-02-01;231;91;5204;486;2.9;0.3
2B;2021-02-02;357;75;5561;561;3.1;0.3
2B;2021-02-03;520;89;6081;650;3.3;0.4
2B;2021-02-04;458;172;6539;822;3.6;0.5
2B;2021-02-05;394;91;6933;913;3.8;0.5
2B;2021-02-06;87;14;7020;927;3.9;0.5
2B;2021-02-07;60;0;7080;927;3.9;0.5
2B;2021-02-08;230;142;7310;1069;4.0;0.6
2B;2021-02-09;586;309;7896;1378;4.3;0.8
2B;2021-02-10;485;188;8381;1566;4.6;0.9
2B;2021-02-11;382;123;8763;1689;4.8;0.9
2B;2021-02-12;298;122;9061;1811;5.0;1.0
2B;2021-02-13;77;12;9138;1823;5.0;1.0
2B;2021-02-14;62;1;9200;1824;5.0;1.0
2B;2021-02-15;190;123;9390;1947;5.2;1.1
2B;2021-02-16;253;266;9643;2213;5.3;1.2
2B;2021-02-17;312;295;9955;2508;5.5;1.4
2B;2021-02-18;215;331;10170;2839;5.6;1.6
2B;2021-02-19;163;303;10333;3142;5.7;1.7
2B;2021-02-20;32;58;10365;3200;5.7;1.8
2B;2021-02-21;28;27;10393;3227;5.7;1.8
2B;2021-02-22;133;185;10526;3412;5.8;1.9
2B;2021-02-23;231;350;10757;3762;5.9;2.1
2B;2021-02-24;229;308;10986;4070;6.0;2.2
2B;2021-02-25;245;333;11231;4403;6.2;2.4
2B;2021-02-26;300;272;11531;4675;6.3;2.6
2B;2021-02-27;60;82;11591;4757;6.4;2.6
2B;2021-02-28;1;57;11592;4814;6.4;2.6
2B;2021-03-01;246;259;11838;5073;6.5;2.8
2B;2021-03-02;352;386;12190;5459;6.7;3.0
2B;2021-03-03;299;435;12489;5894;6.9;3.2
2B;2021-03-04;447;407;12936;6301;7.1;3.5
2B;2021-03-05;619;384;13555;6685;7.4;3.7
2B;2021-03-06;682;100;14237;6785;7.8;3.7
2B;2021-03-07;361;59;14598;6844;8.0;3.8
2B;2021-03-08;301;240;14899;7084;8.2;3.9
2B;2021-03-09;383;504;15282;7588;8.4;4.2
2B;2021-03-10;631;442;15913;8030;8.7;4.4
2B;2021-03-11;584;355;16497;8385;9.1;4.6
2B;2021-03-12;966;227;17463;8612;9.6;4.7
2B;2021-03-13;511;110;17974;8722;9.9;4.8
2B;2021-03-14;226;62;18200;8784;10.0;4.8
2B;2021-03-15;515;202;18715;8986;10.3;4.9
2B;2021-03-16;571;278;19286;9264;10.6;5.1
2B;2021-03-17;529;262;19815;9526;10.9;5.2
2B;2021-03-18;551;230;20366;9756;11.2;5.4
2B;2021-03-19;804;195;21170;9951;11.6;5.5
2B;2021-03-20;656;37;21826;9988;12.0;5.5
2B;2021-03-21;428;37;22254;10025;12.2;5.5
2B;2021-03-22;546;125;22800;10150;12.5;5.6
2B;2021-03-23;789;258;23589;10408;12.9;5.7
2B;2021-03-24;831;215;24420;10623;13.4;5.8
2B;2021-03-25;824;164;25244;10787;13.9;5.9
2B;2021-03-26;958;191;26202;10978;14.4;6.0
2B;2021-03-27;1090;37;27292;11015;15.0;6.0
2B;2021-03-28;830;124;28122;11139;15.4;6.1
2B;2021-03-29;745;180;28867;11319;15.8;6.2
2B;2021-03-30;972;331;29839;11650;16.4;6.4
2B;2021-03-31;981;266;30820;11916;16.9;6.5
2B;2021-04-01;1003;228;31823;12144;17.5;6.7
2B;2021-04-02;966;414;32789;12558;18.0;6.9
2B;2021-04-03;1247;153;34036;12711;18.7;7.0
2B;2021-04-04;197;60;34233;12771;18.8;7.0
2B;2021-04-05;109;113;34342;12884;18.8;7.1
2B;2021-04-06;1033;362;35375;13246;19.4;7.3
2B;2021-04-07;1230;428;36605;13674;20.1;7.5
2B;2021-04-08;1129;408;37734;14082;20.7;7.7
2B;2021-04-09;1168;568;38902;14650;21.3;8.0
2B;2021-04-10;1353;267;40255;14917;22.1;8.2
2B;2021-04-11;815;65;41070;14982;22.5;8.2
2B;2021-04-12;853;559;41923;15541;23.0;8.5
2B;2021-04-13;1063;630;42986;16171;23.6;8.9
2B;2021-04-14;1046;494;44032;16665;24.2;9.1
2B;2021-04-15;886;518;44918;17183;24.6;9.4
2B;2021-04-16;910;648;45828;17831;25.1;9.8
2B;2021-04-17;386;447;46214;18278;25.4;10.0
2B;2021-04-18;253;342;46467;18620;25.5;10.2
2B;2021-04-19;822;437;47289;19057;25.9;10.5
2B;2021-04-20;898;845;48187;19902;26.4;10.9
2B;2021-04-21;1056;608;49243;20510;27.0;11.3
2B;2021-04-22;938;731;50181;21241;27.5;11.7
2B;2021-04-23;662;629;50843;21870;27.9;12.0
2B;2021-04-24;287;772;51130;22642;28.1;12.4
2B;2021-04-25;285;477;51415;23119;28.2;12.7
2B;2021-04-26;708;918;52123;24037;28.6;13.2
2B;2021-04-27;965;875;53088;24912;29.1;13.7
2B;2021-04-28;919;862;54007;25774;29.6;14.1
2B;2021-04-29;924;867;54931;26641;30.1;14.6
2B;2021-04-30;1133;832;56064;27473;30.8;15.1
2B;2021-05-01;460;1116;56524;28589;31.0;15.7
2B;2021-05-02;335;245;56859;28834;31.2;15.8
2B;2021-05-03;1017;495;57876;29329;31.8;16.1
2B;2021-05-04;810;1153;58686;30482;32.2;16.7
2B;2021-05-05;801;1376;59487;31858;32.6;17.5
2B;2021-05-06;1287;905;60774;32763;33.3;18.0
2B;2021-05-07;1062;988;61836;33751;33.9;18.5
2B;2021-05-08;459;855;62295;34606;34.2;19.0
2B;2021-05-09;394;684;62689;35290;34.4;19.4
2B;2021-05-10;926;802;63615;36092;34.9;19.8
2B;2021-05-11;933;1162;64548;37254;35.4;20.4
2B;2021-05-12;861;893;65409;38147;35.9;20.9
2B;2021-05-13;1028;376;66437;38523;36.5;21.1
2B;2021-05-14;719;578;67156;39101;36.8;21.5
2B;2021-05-15;702;353;67858;39454;37.2;21.6
2B;2021-05-16;300;180;68158;39634;37.4;21.7
2B;2021-05-17;1003;405;69161;40039;37.9;22.0
2B;2021-05-18;991;383;70152;40422;38.5;22.2
2B;2021-05-19;771;417;70923;40839;38.9;22.4
2B;2021-05-20;672;359;71595;41198;39.3;22.6
2B;2021-05-21;706;502;72301;41700;39.7;22.9
2B;2021-05-22;574;392;72875;42092;40.0;23.1
2B;2021-05-23;170;46;73045;42138;40.1;23.1
2B;2021-05-24;40;115;73085;42253;40.1;23.2
2B;2021-05-25;549;353;73634;42606;40.4;23.4
2B;2021-05-26;544;787;74178;43393;40.7;23.8
2B;2021-05-27;407;1131;74585;44524;40.9;24.4
2B;2021-05-28;553;906;75138;45430;41.2;24.9
2B;2021-05-29;311;353;75449;45783;41.4;25.1
2B;2021-05-30;46;45;75495;45828;41.4;25.1
2B;2021-05-31;376;831;75871;46659;41.6;25.6
2B;2021-06-01;414;1038;76285;47697;41.9;26.2
2B;2021-06-02;364;990;76649;48687;42.1;26.7
2B;2021-06-03;499;807;77148;49494;42.3;27.2
2B;2021-06-04;344;1254;77492;50748;42.5;27.8
2B;2021-06-05;257;494;77749;51242;42.7;28.1
2B;2021-06-06;51;129;77800;51371;42.7;28.2
2B;2021-06-07;283;948;78083;52319;42.8;28.7
2B;2021-06-08;399;1170;78482;53489;43.1;29.3
2B;2021-06-09;519;1177;79001;54666;43.3;30.0
2B;2021-06-10;368;939;79369;55605;43.5;30.5
2B;2021-06-11;432;1275;79801;56880;43.8;31.2
2B;2021-06-12;151;544;79952;57424;43.9;31.5
2B;2021-06-13;27;59;79979;57483;43.9;31.5
2B;2021-06-14;195;1115;80174;58598;44.0;32.2
2B;2021-06-15;345;1219;80519;59817;44.2;32.8
2B;2021-06-16;383;937;80902;60754;44.4;33.3
2B;2021-06-17;402;1046;81304;61800;44.6;33.9
2B;2021-06-18;348;960;81652;62760;44.8;34.4
2B;2021-06-19;142;328;81794;63088;44.9;34.6
2B;2021-06-20;44;194;81838;63282;44.9;34.7
2B;2021-06-21;265;962;82103;64244;45.0;35.2
2B;2021-06-22;317;1115;82420;65359;45.2;35.9
2B;2021-06-23;208;872;82628;66231;45.3;36.3
2B;2021-06-24;337;757;82965;66988;45.5;36.8
2B;2021-06-25;212;1075;83177;68063;45.6;37.3
2B;2021-06-26;105;550;83282;68613;45.7;37.6
2B;2021-06-27;32;215;83314;68828;45.7;37.8
2B;2021-06-28;329;954;83643;69782;45.9;38.3
2B;2021-06-29;270;988;83913;70770;46.0;38.8
2B;2021-06-30;380;950;84293;71720;46.2;39.4
2B;2021-07-01;226;509;84519;72229;46.4;39.6
2B;2021-07-02;219;557;84738;72786;46.5;39.9
2B;2021-07-03;91;397;84829;73183;46.5;40.2
2B;2021-07-04;2;0;84831;73183;46.5;40.2
2B;2021-07-05;264;666;85095;73849;46.7;40.5
2B;2021-07-06;450;707;85545;74556;46.9;40.9
2B;2021-07-07;376;908;85921;75464;47.1;41.4
2B;2021-07-08;183;348;86104;75812;47.2;41.6
2B;2021-07-09;249;375;86353;76187;47.4;41.8
2B;2021-07-10;197;199;86550;76386;47.5;41.9
2B;2021-07-11;13;14;86563;76400;47.5;41.9
2B;2021-07-12;496;747;87059;77147;47.8;42.3
2B;2021-07-13;822;1018;87881;78165;48.2;42.9
2B;2021-07-14;344;100;88225;78265;48.4;42.9
2B;2021-07-15;1271;586;89496;78851;49.1;43.3
2B;2021-07-16;1121;566;90617;79417;49.7;43.6
2B;2021-07-17;711;318;91328;79735;50.1;43.7
2B;2021-07-18;179;48;91507;79783;50.2;43.8
2B;2021-07-19;858;708;92365;80491;50.7;44.2
2B;2021-07-20;1212;683;93577;81174;51.3;44.5
2B;2021-07-21;1396;724;94973;81898;52.1;44.9
2B;2021-07-22;1327;604;96300;82502;52.8;45.3
2B;2021-07-23;1323;500;97623;83002;53.6;45.5
2B;2021-07-24;536;316;98159;83318;53.9;45.7
2B;2021-07-25;203;71;98362;83389;54.0;45.8
2B;2021-07-26;913;632;99275;84021;54.5;46.1
2B;2021-07-27;1578;703;100853;84724;55.3;46.5
2B;2021-07-28;1174;633;102027;85357;56.0;46.8
2B;2021-07-29;1146;450;103173;85807;56.6;47.1
2B;2021-07-30;767;346;103940;86153;57.0;47.3
2B;2021-07-31;537;232;104477;86385;57.3;47.4
2B;2021-08-01;230;57;104707;86442;57.4;47.4
2B;2021-08-02;802;471;105509;86913;57.9;47.7
2B;2021-08-03;1134;783;106643;87696;58.5;48.1
2B;2021-08-04;809;451;107452;88147;59.0;48.4
2B;2021-08-05;1020;558;108472;88705;59.5;48.7
2B;2021-08-06;699;524;109171;89229;59.9;49.0
2B;2021-08-07;304;406;109475;89635;60.1;49.2
2B;2021-08-08;93;142;109568;89777;60.1;49.3
2B;2021-08-09;534;747;110102;90524;60.4;49.7
2B;2021-08-10;737;1133;110839;91657;60.8;50.3
2B;2021-08-11;748;899;111587;92556;61.2;50.8
2B;2021-08-12;686;1046;112273;93602;61.6;51.4
2B;2021-08-13;486;949;112759;94551;61.9;51.9
2B;2021-08-14;196;439;112955;94990;62.0;52.1
2B;2021-08-15;116;173;113071;95163;62.0;52.2
2B;2021-08-16;508;1065;113579;96228;62.3;52.8
2B;2021-08-17;581;1304;114160;97532;62.6;53.5
2B;2021-08-18;508;1194;114668;98726;62.9;54.2
2B;2021-08-19;420;897;115088;99623;63.1;54.7
2B;2021-08-20;361;808;115449;100431;63.3;55.1
2B;2021-08-21;158;475;115607;100906;63.4;55.4
2B;2021-08-22;78;208;115685;101114;63.5;55.5
2B;2021-08-23;371;943;116056;102057;63.7;56.0
2B;2021-08-24;493;1211;116549;103268;63.9;56.7
2B;2021-08-25;341;966;116890;104234;64.1;57.2
2B;2021-08-26;396;816;117286;105050;64.4;57.6
2B;2021-08-27;258;572;117544;105622;64.5;58.0
2B;2021-08-28;166;433;117710;106055;64.6;58.2
2B;2021-08-29;52;126;117762;106181;64.6;58.3
2B;2021-08-30;362;851;118124;107032;64.8;58.7
2B;2021-08-31;377;908;118501;107940;65.0;59.2
2B;2021-09-01;362;978;118863;108918;65.2;59.8
2B;2021-09-02;301;732;119164;109650;65.4;60.2
30;2020-12-27;1;0;1;0;0.0;0.0
30;2020-12-28;1;0;2;0;0.0;0.0
30;2020-12-29;0;0;2;0;0.0;0.0
30;2020-12-30;0;0;2;0;0.0;0.0
30;2020-12-31;0;0;2;0;0.0;0.0
30;2021-01-01;0;0;2;0;0.0;0.0
30;2021-01-02;0;0;2;0;0.0;0.0
30;2021-01-03;0;0;2;0;0.0;0.0
30;2021-01-04;1;0;3;0;0.0;0.0
30;2021-01-05;3;0;6;0;0.0;0.0
30;2021-01-06;128;0;134;0;0.0;0.0
30;2021-01-07;313;0;447;0;0.1;0.0
30;2021-01-08;531;0;978;0;0.1;0.0
30;2021-01-09;270;0;1248;0;0.2;0.0
30;2021-01-10;0;0;1248;0;0.2;0.0
30;2021-01-11;537;0;1785;0;0.2;0.0
30;2021-01-12;800;3;2585;3;0.3;0.0
30;2021-01-13;640;0;3225;3;0.4;0.0
30;2021-01-14;652;5;3877;8;0.5;0.0
30;2021-01-15;756;2;4633;10;0.6;0.0
30;2021-01-16;313;0;4946;10;0.7;0.0
30;2021-01-17;3;0;4949;10;0.7;0.0
30;2021-01-18;941;5;5890;15;0.8;0.0
30;2021-01-19;1735;6;7625;21;1.0;0.0
30;2021-01-20;1303;2;8928;23;1.2;0.0
30;2021-01-21;1229;2;10157;25;1.4;0.0
30;2021-01-22;1076;5;11233;30;1.5;0.0
30;2021-01-23;634;2;11867;32;1.6;0.0
30;2021-01-24;0;0;11867;32;1.6;0.0
30;2021-01-25;831;4;12698;36;1.7;0.0
30;2021-01-26;1056;15;13754;51;1.8;0.0
30;2021-01-27;982;109;14736;160;2.0;0.0
30;2021-01-28;712;268;15448;428;2.1;0.1
30;2021-01-29;670;436;16118;864;2.2;0.1
30;2021-01-30;472;283;16590;1147;2.2;0.2
30;2021-01-31;3;7;16593;1154;2.2;0.2
30;2021-02-01;813;423;17406;1577;2.3;0.2
30;2021-02-02;1875;675;19281;2252;2.6;0.3
30;2021-02-03;1184;479;20465;2731;2.7;0.4
30;2021-02-04;968;652;21433;3383;2.9;0.5
30;2021-02-05;599;752;22032;4135;2.9;0.6
30;2021-02-06;294;251;22326;4386;3.0;0.6
30;2021-02-07;2;8;22328;4394;3.0;0.6
30;2021-02-08;574;721;22902;5115;3.1;0.7
30;2021-02-09;984;993;23886;6108;3.2;0.8
30;2021-02-10;986;1078;24872;7186;3.3;1.0
30;2021-02-11;929;1021;25801;8207;3.4;1.1
30;2021-02-12;619;973;26420;9180;3.5;1.2
30;2021-02-13;436;373;26856;9553;3.6;1.3
30;2021-02-14;1;21;26857;9574;3.6;1.3
30;2021-02-15;449;591;27306;10165;3.6;1.4
30;2021-02-16;460;812;27766;10977;3.7;1.5
30;2021-02-17;682;597;28448;11574;3.8;1.5
30;2021-02-18;796;509;29244;12083;3.9;1.6
30;2021-02-19;574;652;29818;12735;4.0;1.7
30;2021-02-20;223;217;30041;12952;4.0;1.7
30;2021-02-21;5;3;30046;12955;4.0;1.7
30;2021-02-22;501;747;30547;13702;4.1;1.8
30;2021-02-23;974;1454;31521;15156;4.2;2.0
30;2021-02-24;927;1175;32448;16331;4.3;2.2
30;2021-02-25;1208;876;33656;17207;4.5;2.3
30;2021-02-26;1337;581;34993;17788;4.7;2.4
30;2021-02-27;564;530;35557;18318;4.8;2.4
30;2021-02-28;3;7;35560;18325;4.8;2.4
30;2021-03-01;1340;818;36900;19143;4.9;2.6
30;2021-03-02;1712;892;38612;20035;5.2;2.7
30;2021-03-03;2310;760;40922;20795;5.5;2.8
30;2021-03-04;2638;873;43560;21668;5.8;2.9
30;2021-03-05;2763;617;46323;22285;6.2;3.0
30;2021-03-06;2997;364;49320;22649;6.6;3.0
30;2021-03-07;1862;47;51182;22696;6.8;3.0
30;2021-03-08;1552;781;52734;23477;7.0;3.1
30;2021-03-09;2275;862;55009;24339;7.3;3.3
30;2021-03-10;2356;649;57365;24988;7.7;3.3
30;2021-03-11;3055;701;60420;25689;8.1;3.4
30;2021-03-12;3112;390;63532;26079;8.5;3.5
30;2021-03-13;2227;296;65759;26375;8.8;3.5
30;2021-03-14;83;3;65842;26378;8.8;3.5
30;2021-03-15;1579;565;67421;26943;9.0;3.6
30;2021-03-16;1299;1066;68720;28009;9.2;3.7
30;2021-03-17;1456;644;70176;28653;9.4;3.8
30;2021-03-18;1649;713;71825;29366;9.6;3.9
30;2021-03-19;2249;552;74074;29918;9.9;4.0
30;2021-03-20;1400;142;75474;30060;10.1;4.0
30;2021-03-21;57;8;75531;30068;10.1;4.0
30;2021-03-22;2397;720;77928;30788;10.4;4.1
30;2021-03-23;3512;813;81440;31601;10.9;4.2
30;2021-03-24;3638;822;85078;32423;11.4;4.3
30;2021-03-25;4405;849;89483;33272;12.0;4.4
30;2021-03-26;4363;644;93846;33916;12.5;4.5
30;2021-03-27;1971;380;95817;34296;12.8;4.6
30;2021-03-28;35;29;95852;34325;12.8;4.6
30;2021-03-29;2815;1652;98667;35977;13.2;4.8
30;2021-03-30;3778;1883;102445;37860;13.7;5.1
30;2021-03-31;3507;1648;105952;39508;14.2;5.3
30;2021-04-01;4016;1464;109968;40972;14.7;5.5
30;2021-04-02;3604;1228;113572;42200;15.2;5.6
30;2021-04-03;1062;1228;114634;43428;15.3;5.8
30;2021-04-04;30;188;114664;43616;15.3;5.8
30;2021-04-05;766;288;115430;43904;15.4;5.9
30;2021-04-06;3044;1581;118474;45485;15.8;6.1
30;2021-04-07;2720;1631;121194;47116;16.2;6.3
30;2021-04-08;3920;1492;125114;48608;16.7;6.5
30;2021-04-09;4889;1520;130003;50128;17.4;6.7
30;2021-04-10;2426;1178;132429;51306;17.7;6.9
30;2021-04-11;950;59;133379;51365;17.8;6.9
30;2021-04-12;3146;1493;136525;52858;18.2;7.1
30;2021-04-13;4019;1936;140544;54794;18.8;7.3
30;2021-04-14;3386;1543;143930;56337;19.2;7.5
30;2021-04-15;3830;1467;147760;57804;19.7;7.7
30;2021-04-16;3703;1542;151463;59346;20.2;7.9
30;2021-04-17;1493;956;152956;60302;20.4;8.1
30;2021-04-18;961;67;153917;60369;20.6;8.1
30;2021-04-19;2450;2299;156367;62668;20.9;8.4
30;2021-04-20;2815;2831;159182;65499;21.3;8.8
30;2021-04-21;2603;2570;161785;68069;21.6;9.1
30;2021-04-22;3525;2315;165310;70384;22.1;9.4
30;2021-04-23;3580;2310;168890;72694;22.6;9.7
30;2021-04-24;1347;1232;170237;73926;22.7;9.9
30;2021-04-25;748;90;170985;74016;22.8;9.9
30;2021-04-26;2017;2391;173002;76407;23.1;10.2
30;2021-04-27;2952;2599;175954;79006;23.5;10.6
30;2021-04-28;2837;2490;178791;81496;23.9;10.9
30;2021-04-29;3621;2322;182412;83818;24.4;11.2
30;2021-04-30;3408;2027;185820;85845;24.8;11.5
30;2021-05-01;1749;604;187569;86449;25.1;11.6
30;2021-05-02;665;246;188234;86695;25.1;11.6
30;2021-05-03;3759;2504;191993;89199;25.7;11.9
30;2021-05-04;3983;3536;195976;92735;26.2;12.4
30;2021-05-05;3947;3128;199923;95863;26.7;12.8
30;2021-05-06;4203;3363;204126;99226;27.3;13.3
30;2021-05-07;4079;3066;208205;102292;27.8;13.7
30;2021-05-08;1605;720;209810;103012;28.0;13.8
30;2021-05-09;372;613;210182;103625;28.1;13.8
30;2021-05-10;2921;3123;213103;106748;28.5;14.3
30;2021-05-11;5388;3651;218491;110399;29.2;14.7
30;2021-05-12;5303;3220;223794;113619;29.9;15.2
30;2021-05-13;3232;1029;227026;114648;30.3;15.3
30;2021-05-14;4891;2462;231917;117110;31.0;15.6
30;2021-05-15;3409;1207;235326;118317;31.4;15.8
30;2021-05-16;397;339;235723;118656;31.5;15.9
30;2021-05-17;3798;3036;239521;121692;32.0;16.3
30;2021-05-18;4828;3037;244349;124729;32.6;16.7
30;2021-05-19;4775;2549;249124;127278;33.3;17.0
30;2021-05-20;5015;2578;254139;129856;34.0;17.3
30;2021-05-21;4888;2472;259027;132328;34.6;17.7
30;2021-05-22;3158;1293;262185;133621;35.0;17.9
30;2021-05-23;288;344;262473;133965;35.1;17.9
30;2021-05-24;785;766;263258;134731;35.2;18.0
30;2021-05-25;2657;3158;265915;137889;35.5;18.4
30;2021-05-26;2889;2567;268804;140456;35.9;18.8
30;2021-05-27;3761;2716;272565;143172;36.4;19.1
30;2021-05-28;3327;3277;275892;146449;36.9;19.6
30;2021-05-29;1687;1802;277579;148251;37.1;19.8
30;2021-05-30;360;584;277939;148835;37.1;19.9
30;2021-05-31;2830;2299;280769;151134;37.5;20.2
30;2021-06-01;3659;2796;284428;153930;38.0;20.6
30;2021-06-02;3319;2452;287747;156382;38.4;20.9
30;2021-06-03;4133;3354;291880;159736;39.0;21.3
30;2021-06-04;3904;3402;295784;163138;39.5;21.8
30;2021-06-05;1907;1312;297691;164450;39.8;22.0
30;2021-06-06;684;264;298375;164714;39.9;22.0
30;2021-06-07;4725;2526;303100;167240;40.5;22.3
30;2021-06-08;4832;3328;307932;170568;41.1;22.8
30;2021-06-09;4155;2991;312087;173559;41.7;23.2
30;2021-06-10;4612;3355;316699;176914;42.3;23.6
30;2021-06-11;4587;3814;321286;180728;42.9;24.1
30;2021-06-12;2485;1710;323771;182438;43.3;24.4
30;2021-06-13;494;343;324265;182781;43.3;24.4
30;2021-06-14;2470;4710;326735;187491;43.7;25.0
30;2021-06-15;3200;5306;329935;192797;44.1;25.8
30;2021-06-16;3109;4645;333044;197442;44.5;26.4
30;2021-06-17;3924;4373;336968;201815;45.0;27.0
30;2021-06-18;3714;4699;340682;206514;45.5;27.6
30;2021-06-19;1441;2003;342123;208517;45.7;27.9
30;2021-06-20;357;490;342480;209007;45.8;27.9
30;2021-06-21;2379;4909;344859;213916;46.1;28.6
30;2021-06-22;2364;5741;347223;219657;46.4;29.3
30;2021-06-23;2529;5346;349752;225003;46.7;30.1
30;2021-06-24;2339;4707;352091;229710;47.0;30.7
30;2021-06-25;2611;5605;354702;235315;47.4;31.4
30;2021-06-26;910;2940;355612;238255;47.5;31.8
30;2021-06-27;222;527;355834;238782;47.5;31.9
30;2021-06-28;1670;6027;357504;244809;47.8;32.7
30;2021-06-29;1837;6025;359341;250834;48.0;33.5
30;2021-06-30;2003;5257;361344;256091;48.3;34.2
30;2021-07-01;2987;4724;364331;260815;48.7;34.8
30;2021-07-02;2836;4626;367167;265441;49.1;35.5
30;2021-07-03;1155;3047;368322;268488;49.2;35.9
30;2021-07-04;116;393;368438;268881;49.2;35.9
30;2021-07-05;2027;4030;370465;272911;49.5;36.5
30;2021-07-06;2666;4974;373131;277885;49.9;37.1
30;2021-07-07;2538;4222;375669;282107;50.2;37.7
30;2021-07-08;2016;3421;377685;285528;50.5;38.1
30;2021-07-09;2410;5315;380095;290843;50.8;38.9
30;2021-07-10;1503;2157;381598;293000;51.0;39.1
30;2021-07-11;48;415;381646;293415;51.0;39.2
30;2021-07-12;2527;5152;384173;298567;51.3;39.9
30;2021-07-13;3300;6034;387473;304601;51.8;40.7
30;2021-07-14;500;549;387973;305150;51.8;40.8
30;2021-07-15;4137;5478;392110;310628;52.4;41.5
30;2021-07-16;4984;5726;397094;316354;53.1;42.3
30;2021-07-17;1705;2467;398799;318821;53.3;42.6
30;2021-07-18;146;601;398945;319422;53.3;42.7
30;2021-07-19;3374;6306;402319;325728;53.8;43.5
30;2021-07-20;4642;6525;406961;332253;54.4;44.4
30;2021-07-21;4060;5414;411021;337667;54.9;45.1
30;2021-07-22;4899;5740;415920;343407;55.6;45.9
30;2021-07-23;4995;5861;420915;349268;56.2;46.7
30;2021-07-24;2239;3263;423154;352531;56.5;47.1
30;2021-07-25;137;309;423291;352840;56.6;47.1
30;2021-07-26;4417;4128;427708;356968;57.1;47.7
30;2021-07-27;4858;4649;432566;361617;57.8;48.3
30;2021-07-28;4876;4017;437442;365634;58.4;48.9
30;2021-07-29;5924;4133;443366;369767;59.2;49.4
30;2021-07-30;5344;4387;448710;374154;60.0;50.0
30;2021-07-31;2650;1961;451360;376115;60.3;50.3
30;2021-08-01;733;311;452093;376426;60.4;50.3
30;2021-08-02;3677;4012;455770;380438;60.9;50.8
30;2021-08-03;4883;3946;460653;384384;61.5;51.4
30;2021-08-04;5273;3052;465926;387436;62.3;51.8
30;2021-08-05;4610;3782;470536;391218;62.9;52.3
30;2021-08-06;4276;4056;474812;395274;63.4;52.8
30;2021-08-07;1838;1950;476650;397224;63.7;53.1
30;2021-08-08;618;279;477268;397503;63.8;53.1
30;2021-08-09;3335;3758;480603;401261;64.2;53.6
30;2021-08-10;3917;4398;484520;405659;64.7;54.2
30;2021-08-11;3385;3479;487905;409138;65.2;54.7
30;2021-08-12;3754;4218;491659;413356;65.7;55.2
30;2021-08-13;3287;3333;494946;416689;66.1;55.7
30;2021-08-14;1115;2048;496061;418737;66.3;55.9
30;2021-08-15;270;175;496331;418912;66.3;56.0
30;2021-08-16;2156;4865;498487;423777;66.6;56.6
30;2021-08-17;2718;4192;501205;427969;67.0;57.2
30;2021-08-18;2792;3827;503997;431796;67.3;57.7
30;2021-08-19;2843;4324;506840;436120;67.7;58.3
30;2021-08-20;2586;4459;509426;440579;68.1;58.9
30;2021-08-21;1010;2881;510436;443460;68.2;59.2
30;2021-08-22;226;513;510662;443973;68.2;59.3
30;2021-08-23;1681;4474;512343;448447;68.5;59.9
30;2021-08-24;1947;4519;514290;452966;68.7;60.5
30;2021-08-25;1689;4344;515979;457310;68.9;61.1
30;2021-08-26;1841;4249;517820;461559;69.2;61.7
30;2021-08-27;1760;4350;519580;465909;69.4;62.2
30;2021-08-28;679;2471;520259;468380;69.5;62.6
30;2021-08-29;181;611;520440;468991;69.5;62.7
30;2021-08-30;1407;4300;521847;473291;69.7;63.2
30;2021-08-31;1318;4179;523165;477470;69.9;63.8
30;2021-09-01;1229;3611;524394;481081;70.1;64.3
30;2021-09-02;1323;3563;525717;484644;70.2;64.8
31;2020-12-27;0;0;0;0;0.0;0.0
31;2020-12-28;1;0;1;0;0.0;0.0
31;2020-12-29;0;0;1;0;0.0;0.0
31;2020-12-30;0;0;1;0;0.0;0.0
31;2020-12-31;1;0;2;0;0.0;0.0
31;2021-01-01;4;0;6;0;0.0;0.0
31;2021-01-02;0;0;6;0;0.0;0.0
31;2021-01-03;2;0;8;0;0.0;0.0
31;2021-01-04;3;0;11;0;0.0;0.0
31;2021-01-05;50;0;61;0;0.0;0.0
31;2021-01-06;211;1;272;1;0.0;0.0
31;2021-01-07;284;1;556;2;0.0;0.0
31;2021-01-08;546;1;1102;3;0.1;0.0
31;2021-01-09;275;0;1377;3;0.1;0.0
31;2021-01-10;287;0;1664;3;0.1;0.0
31;2021-01-11;982;3;2646;6;0.2;0.0
31;2021-01-12;1192;1;3838;7;0.3;0.0
31;2021-01-13;1158;3;4996;10;0.4;0.0
31;2021-01-14;1179;18;6175;28;0.4;0.0
31;2021-01-15;1047;3;7222;31;0.5;0.0
31;2021-01-16;243;1;7465;32;0.5;0.0
31;2021-01-17;176;0;7641;32;0.5;0.0
31;2021-01-18;1614;5;9255;37;0.7;0.0
31;2021-01-19;2934;10;12189;47;0.9;0.0
31;2021-01-20;3666;12;15855;59;1.1;0.0
31;2021-01-21;2992;7;18847;66;1.3;0.0
31;2021-01-22;2271;5;21118;71;1.5;0.0
31;2021-01-23;728;2;21846;73;1.6;0.0
31;2021-01-24;212;1;22058;74;1.6;0.0
31;2021-01-25;1744;9;23802;83;1.7;0.0
31;2021-01-26;1838;60;25640;143;1.8;0.0
31;2021-01-27;1575;149;27215;292;1.9;0.0
31;2021-01-28;1385;293;28600;585;2.0;0.0
31;2021-01-29;1358;343;29958;928;2.1;0.1
31;2021-01-30;446;180;30404;1108;2.2;0.1
31;2021-01-31;61;207;30465;1315;2.2;0.1
31;2021-02-01;1159;724;31624;2039;2.3;0.1
31;2021-02-02;3038;795;34662;2834;2.5;0.2
31;2021-02-03;1917;771;36579;3605;2.6;0.3
31;2021-02-04;1809;838;38388;4443;2.7;0.3
31;2021-02-05;1340;571;39728;5014;2.8;0.4
31;2021-02-06;383;54;40111;5068;2.9;0.4
31;2021-02-07;37;41;40148;5109;2.9;0.4
31;2021-02-08;1115;659;41263;5768;2.9;0.4
31;2021-02-09;1678;1561;42941;7329;3.1;0.5
31;2021-02-10;1961;2428;44902;9757;3.2;0.7
31;2021-02-11;1814;1814;46716;11571;3.3;0.8
31;2021-02-12;1539;783;48255;12354;3.4;0.9
31;2021-02-13;504;223;48759;12577;3.5;0.9
31;2021-02-14;56;216;48815;12793;3.5;0.9
31;2021-02-15;443;1307;49258;14100;3.5;1.0
31;2021-02-16;464;1482;49722;15582;3.5;1.1
31;2021-02-17;471;1557;50193;17139;3.6;1.2
31;2021-02-18;477;1677;50670;18816;3.6;1.3
31;2021-02-19;393;1508;51063;20324;3.6;1.5
31;2021-02-20;69;499;51132;20823;3.6;1.5
31;2021-02-21;77;159;51209;20982;3.7;1.5
31;2021-02-22;433;1676;51642;22658;3.7;1.6
31;2021-02-23;865;2962;52507;25620;3.7;1.8
31;2021-02-24;652;2146;53159;27766;3.8;2.0
31;2021-02-25;1432;1804;54591;29570;3.9;2.1
31;2021-02-26;1711;1176;56302;30746;4.0;2.2
31;2021-02-27;638;383;56940;31129;4.1;2.2
31;2021-02-28;78;54;57018;31183;4.1;2.2
31;2021-03-01;874;1102;57892;32285;4.1;2.3
31;2021-03-02;1239;1637;59131;33922;4.2;2.4
31;2021-03-03;1355;1792;60486;35714;4.3;2.5
31;2021-03-04;2424;1498;62910;37212;4.5;2.7
31;2021-03-05;3054;1589;65964;38801;4.7;2.8
31;2021-03-06;2835;409;68799;39210;4.9;2.8
31;2021-03-07;5368;107;74167;39317;5.3;2.8
31;2021-03-08;1599;1078;75766;40395;5.4;2.9
31;2021-03-09;2792;1192;78558;41587;5.6;3.0
31;2021-03-10;2574;1092;81132;42679;5.8;3.0
31;2021-03-11;4380;1166;85512;43845;6.1;3.1
31;2021-03-12;5315;1196;90827;45041;6.5;3.2
31;2021-03-13;2837;508;93664;45549;6.7;3.3
31;2021-03-14;235;49;93899;45598;6.7;3.3
31;2021-03-15;2583;427;96482;46025;6.9;3.3
31;2021-03-16;1745;815;98227;46840;7.0;3.3
31;2021-03-17;1657;556;99884;47396;7.1;3.4
31;2021-03-18;1988;710;101872;48106;7.3;3.4
31;2021-03-19;3187;526;105059;48632;7.5;3.5
31;2021-03-20;1797;137;106856;48769;7.6;3.5
31;2021-03-21;210;35;107066;48804;7.6;3.5
31;2021-03-22;2578;370;109644;49174;7.8;3.5
31;2021-03-23;4055;320;113699;49494;8.1;3.5
31;2021-03-24;4357;292;118056;49786;8.4;3.6
31;2021-03-25;6040;529;124096;50315;8.9;3.6
31;2021-03-26;5466;515;129562;50830;9.2;3.6
31;2021-03-27;4350;210;133912;51040;9.6;3.6
31;2021-03-28;2291;49;136203;51089;9.7;3.6
31;2021-03-29;4206;432;140409;51521;10.0;3.7
31;2021-03-30;6594;558;147003;52079;10.5;3.7
31;2021-03-31;5649;385;152652;52464;10.9;3.7
31;2021-04-01;6965;561;159617;53025;11.4;3.8
31;2021-04-02;6102;584;165719;53609;11.8;3.8
31;2021-04-03;3928;153;169647;53762;12.1;3.8
31;2021-04-04;2060;114;171707;53876;12.3;3.8
31;2021-04-05;481;70;172188;53946;12.3;3.9
31;2021-04-06;4166;1152;176354;55098;12.6;3.9
31;2021-04-07;5986;984;182340;56082;13.0;4.0
31;2021-04-08;7568;1036;189908;57118;13.6;4.1
31;2021-04-09;8387;1258;198295;58376;14.2;4.2
31;2021-04-10;4717;545;203012;58921;14.5;4.2
31;2021-04-11;2068;137;205080;59058;14.6;4.2
31;2021-04-12;6000;1840;211080;60898;15.1;4.3
31;2021-04-13;8030;2023;219110;62921;15.6;4.5
31;2021-04-14;6652;1922;225762;64843;16.1;4.6
31;2021-04-15;7773;2240;233535;67083;16.7;4.8
31;2021-04-16;7182;2098;240717;69181;17.2;4.9
31;2021-04-17;4413;909;245130;70090;17.5;5.0
31;2021-04-18;2512;355;247642;70445;17.7;5.0
31;2021-04-19;5221;2029;252863;72474;18.0;5.2
31;2021-04-20;6073;2846;258936;75320;18.5;5.4
31;2021-04-21;5974;2799;264910;78119;18.9;5.6
31;2021-04-22;6381;3247;271291;81366;19.4;5.8
31;2021-04-23;6281;2578;277572;83944;19.8;6.0
31;2021-04-24;1615;3142;279187;87086;19.9;6.2
31;2021-04-25;687;2094;279874;89180;20.0;6.4
31;2021-04-26;3793;3224;283667;92404;20.2;6.6
31;2021-04-27;4517;3902;288184;96306;20.6;6.9
31;2021-04-28;4545;3572;292729;99878;20.9;7.1
31;2021-04-29;5183;4071;297912;103949;21.3;7.4
31;2021-04-30;5037;4131;302949;108080;21.6;7.7
31;2021-05-01;1487;3120;304436;111200;21.7;7.9
31;2021-05-02;1415;1981;305851;113181;21.8;8.1
31;2021-05-03;5657;2422;311508;115603;22.2;8.3
31;2021-05-04;4780;4741;316288;120344;22.6;8.6
31;2021-05-05;2996;5723;319284;126067;22.8;9.0
31;2021-05-06;3636;7383;322920;133450;23.1;9.5
31;2021-05-07;5257;7170;328177;140620;23.4;10.0
31;2021-05-08;3634;3105;331811;143725;23.7;10.3
31;2021-05-09;3760;2309;335571;146034;24.0;10.4
31;2021-05-10;5685;5480;341256;151514;24.4;10.8
31;2021-05-11;6654;6703;347910;158217;24.8;11.3
31;2021-05-12;6172;5936;354082;164153;25.3;11.7
31;2021-05-13;4643;2064;358725;166217;25.6;11.9
31;2021-05-14;6912;3984;365637;170201;26.1;12.1
31;2021-05-15;5144;1757;370781;171958;26.5;12.3
31;2021-05-16;3301;633;374082;172591;26.7;12.3
31;2021-05-17;5143;4149;379225;176740;27.1;12.6
31;2021-05-18;5589;4278;384814;181018;27.5;12.9
31;2021-05-19;5782;3762;390596;184780;27.9;13.2
31;2021-05-20;6475;4806;397071;189586;28.3;13.5
31;2021-05-21;5984;4609;403055;194195;28.8;13.9
31;2021-05-22;4085;1629;407140;195824;29.1;14.0
31;2021-05-23;3584;342;410724;196166;29.3;14.0
31;2021-05-24;3880;707;414604;196873;29.6;14.1
31;2021-05-25;6189;3605;420793;200478;30.0;14.3
31;2021-05-26;5609;4645;426402;205123;30.4;14.6
31;2021-05-27;4787;6202;431189;211325;30.8;15.1
31;2021-05-28;4116;6351;435305;217676;31.1;15.5
31;2021-05-29;1918;4030;437223;221706;31.2;15.8
31;2021-05-30;751;2362;437974;224068;31.3;16.0
31;2021-05-31;4398;5087;442372;229155;31.6;16.4
31;2021-06-01;5955;6565;448327;235720;32.0;16.8
31;2021-06-02;5801;6313;454128;242033;32.4;17.3
31;2021-06-03;7310;8142;461438;250175;32.9;17.9
31;2021-06-04;7544;7162;468982;257337;33.5;18.4
31;2021-06-05;9078;2770;478060;260107;34.1;18.6
31;2021-06-06;8113;1582;486173;261689;34.7;18.7
31;2021-06-07;7989;5471;494162;267160;35.3;19.1
31;2021-06-08;9108;6053;503270;273213;35.9;19.5
31;2021-06-09;8920;5554;512190;278767;36.6;19.9
31;2021-06-10;9784;6364;521974;285131;37.3;20.4
31;2021-06-11;10050;6640;532024;291771;38.0;20.8
31;2021-06-12;8792;3020;540816;294791;38.6;21.0
31;2021-06-13;8376;2018;549192;296809;39.2;21.2
31;2021-06-14;8431;6733;557623;303542;39.8;21.7
31;2021-06-15;9781;7447;567404;310989;40.5;22.2
31;2021-06-16;8739;5260;576143;316249;41.1;22.6
31;2021-06-17;8277;6604;584420;322853;41.7;23.0
31;2021-06-18;8554;7753;592974;330606;42.3;23.6
31;2021-06-19;7365;5438;600339;336044;42.9;24.0
31;2021-06-20;5573;3725;605912;339769;43.3;24.3
31;2021-06-21;5376;6919;611288;346688;43.6;24.7
31;2021-06-22;4988;8223;616276;354911;44.0;25.3
31;2021-06-23;5110;7279;621386;362190;44.4;25.9
31;2021-06-24;4634;8320;626020;370510;44.7;26.4
31;2021-06-25;5017;9311;631037;379821;45.0;27.1
31;2021-06-26;4283;6399;635320;386220;45.3;27.6
31;2021-06-27;3597;4107;638917;390327;45.6;27.9
31;2021-06-28;4101;6649;643018;396976;45.9;28.3
31;2021-06-29;3799;7565;646817;404541;46.2;28.9
31;2021-06-30;4281;7812;651098;412353;46.5;29.4
31;2021-07-01;4092;8470;655190;420823;46.8;30.0
31;2021-07-02;4110;9329;659300;430152;47.1;30.7
31;2021-07-03;4101;6110;663401;436262;47.4;31.1
31;2021-07-04;3204;4811;666605;441073;47.6;31.5
31;2021-07-05;4056;7098;670661;448171;47.9;32.0
31;2021-07-06;3889;8367;674550;456538;48.1;32.6
31;2021-07-07;3960;7964;678510;464502;48.4;33.2
31;2021-07-08;4054;8541;682564;473043;48.7;33.8
31;2021-07-09;4464;8803;687028;481846;49.0;34.4
31;2021-07-10;3919;5497;690947;487343;49.3;34.8
31;2021-07-11;3138;4134;694085;491477;49.5;35.1
31;2021-07-12;3826;8631;697911;500108;49.8;35.7
31;2021-07-13;6921;9437;704832;509545;50.3;36.4
31;2021-07-14;6166;3933;710998;513478;50.8;36.7
31;2021-07-15;8521;9442;719519;522920;51.4;37.3
31;2021-07-16;7777;9918;727296;532838;51.9;38.0
31;2021-07-17;8366;10548;735662;543386;52.5;38.8
31;2021-07-18;6629;9469;742291;552855;53.0;39.5
31;2021-07-19;4791;10774;747082;563629;53.3;40.2
31;2021-07-20;7163;11477;754245;575106;53.8;41.1
31;2021-07-21;7044;11531;761289;586637;54.3;41.9
31;2021-07-22;8165;11758;769454;598395;54.9;42.7
31;2021-07-23;7471;11808;776925;610203;55.5;43.6
31;2021-07-24;10316;10559;787241;620762;56.2;44.3
31;2021-07-25;7565;8801;794806;629563;56.7;44.9
31;2021-07-26;5521;9544;800327;639107;57.1;45.6
31;2021-07-27;7963;9198;808290;648305;57.7;46.3
31;2021-07-28;8681;8274;816971;656579;58.3;46.9
31;2021-07-29;8851;8048;825822;664627;58.9;47.4
31;2021-07-30;7667;7987;833489;672614;59.5;48.0
31;2021-07-31;6014;7392;839503;680006;59.9;48.5
31;2021-08-01;4432;4303;843935;684309;60.2;48.8
31;2021-08-02;5484;5415;849419;689724;60.6;49.2
31;2021-08-03;5855;5183;855274;694907;61.1;49.6
31;2021-08-04;5910;4803;861184;699710;61.5;49.9
31;2021-08-05;5572;7230;866756;706940;61.9;50.5
31;2021-08-06;5288;7339;872044;714279;62.2;51.0
31;2021-08-07;4589;6646;876633;720925;62.6;51.5
31;2021-08-08;3382;5575;880015;726500;62.8;51.9
31;2021-08-09;4385;7023;884400;733523;63.1;52.4
31;2021-08-10;4661;6282;889061;739805;63.5;52.8
31;2021-08-11;4514;5859;893575;745664;63.8;53.2
31;2021-08-12;4509;6753;898084;752417;64.1;53.7
31;2021-08-13;4115;6193;902199;758610;64.4;54.2
31;2021-08-14;3027;6457;905226;765067;64.6;54.6
31;2021-08-15;1288;4094;906514;769161;64.7;54.9
31;2021-08-16;3201;8124;909715;777285;64.9;55.5
31;2021-08-17;3407;7095;913122;784380;65.2;56.0
31;2021-08-18;3299;7001;916421;791381;65.4;56.5
31;2021-08-19;2958;6987;919379;798368;65.6;57.0
31;2021-08-20;2956;7384;922335;805752;65.8;57.5
31;2021-08-21;1967;6792;924302;812544;66.0;58.0
31;2021-08-22;1483;5632;925785;818176;66.1;58.4
31;2021-08-23;2321;7721;928106;825897;66.2;59.0
31;2021-08-24;2543;6170;930649;832067;66.4;59.4
31;2021-08-25;2356;5723;933005;837790;66.6;59.8
31;2021-08-26;2262;5788;935267;843578;66.8;60.2
31;2021-08-27;2345;6658;937612;850236;66.9;60.7
31;2021-08-28;1824;6783;939436;857019;67.1;61.2
31;2021-08-29;1269;5062;940705;862081;67.1;61.5
31;2021-08-30;2112;6629;942817;868710;67.3;62.0
31;2021-08-31;2246;5558;945063;874268;67.5;62.4
31;2021-09-01;1673;5047;946736;879315;67.6;62.8
31;2021-09-02;1724;4512;948460;883827;67.7;63.1
32;2020-12-27;0;0;0;0;0.0;0.0
32;2020-12-28;0;0;0;0;0.0;0.0
32;2020-12-29;0;0;0;0;0.0;0.0
32;2020-12-30;0;0;0;0;0.0;0.0
32;2020-12-31;0;0;0;0;0.0;0.0
32;2021-01-01;0;0;0;0;0.0;0.0
32;2021-01-02;0;0;0;0;0.0;0.0
32;2021-01-03;1;0;1;0;0.0;0.0
32;2021-01-04;3;0;4;0;0.0;0.0
32;2021-01-05;1;0;5;0;0.0;0.0
32;2021-01-06;2;0;7;0;0.0;0.0
32;2021-01-07;155;0;162;0;0.1;0.0
32;2021-01-08;70;0;232;0;0.1;0.0
32;2021-01-09;5;0;237;0;0.1;0.0
32;2021-01-10;1;0;238;0;0.1;0.0
32;2021-01-11;11;0;249;0;0.1;0.0
32;2021-01-12;96;0;345;0;0.2;0.0
32;2021-01-13;325;1;670;1;0.4;0.0
32;2021-01-14;378;3;1048;4;0.6;0.0
32;2021-01-15;448;2;1496;6;0.8;0.0
32;2021-01-16;16;2;1512;8;0.8;0.0
32;2021-01-17;1;0;1513;8;0.8;0.0
32;2021-01-18;345;1;1858;9;1.0;0.0
32;2021-01-19;418;0;2276;9;1.2;0.0
32;2021-01-20;358;0;2634;9;1.4;0.0
32;2021-01-21;582;0;3216;9;1.7;0.0
32;2021-01-22;372;0;3588;9;1.9;0.0
32;2021-01-23;180;0;3768;9;2.0;0.0
32;2021-01-24;5;0;3773;9;2.0;0.0
32;2021-01-25;468;1;4241;10;2.2;0.0
32;2021-01-26;608;0;4849;10;2.6;0.0
32;2021-01-27;702;4;5551;14;2.9;0.0
32;2021-01-28;687;15;6238;29;3.3;0.0
32;2021-01-29;460;51;6698;80;3.5;0.0
32;2021-01-30;260;0;6958;80;3.7;0.0
32;2021-01-31;4;5;6962;85;3.7;0.0
32;2021-02-01;288;58;7250;143;3.8;0.1
32;2021-02-02;638;139;7888;282;4.2;0.1
32;2021-02-03;338;199;8226;481;4.3;0.3
32;2021-02-04;426;277;8652;758;4.6;0.4
32;2021-02-05;348;356;9000;1114;4.7;0.6
32;2021-02-06;147;0;9147;1114;4.8;0.6
32;2021-02-07;0;36;9147;1150;4.8;0.6
32;2021-02-08;278;118;9425;1268;5.0;0.7
32;2021-02-09;310;228;9735;1496;5.1;0.8
32;2021-02-10;271;252;10006;1748;5.3;0.9
32;2021-02-11;382;315;10388;2063;5.5;1.1
32;2021-02-12;297;278;10685;2341;5.6;1.2
32;2021-02-13;249;1;10934;2342;5.8;1.2
32;2021-02-14;0;28;10934;2370;5.8;1.2
32;2021-02-15;25;196;10959;2566;5.8;1.4
32;2021-02-16;393;361;11352;2927;6.0;1.5
32;2021-02-17;191;467;11543;3394;6.1;1.8
32;2021-02-18;331;482;11874;3876;6.2;2.0
32;2021-02-19;184;277;12058;4153;6.3;2.2
32;2021-02-20;1;103;12059;4256;6.3;2.2
32;2021-02-21;0;0;12059;4256;6.3;2.2
32;2021-02-22;158;369;12217;4625;6.4;2.4
32;2021-02-23;431;560;12648;5185;6.7;2.7
32;2021-02-24;277;366;12925;5551;6.8;2.9
32;2021-02-25;481;496;13406;6047;7.1;3.2
32;2021-02-26;444;382;13850;6429;7.3;3.4
32;2021-02-27;157;237;14007;6666;7.4;3.5
32;2021-02-28;4;0;14011;6666;7.4;3.5
32;2021-03-01;51;300;14062;6966;7.4;3.7
32;2021-03-02;414;441;14476;7407;7.6;3.9
32;2021-03-03;276;290;14752;7697;7.8;4.1
32;2021-03-04;540;337;15292;8034;8.0;4.2
32;2021-03-05;437;248;15729;8282;8.3;4.4
32;2021-03-06;522;166;16251;8448;8.6;4.4
32;2021-03-07;25;5;16276;8453;8.6;4.4
32;2021-03-08;234;290;16510;8743;8.7;4.6
32;2021-03-09;643;328;17153;9071;9.0;4.8
32;2021-03-10;482;327;17635;9398;9.3;4.9
32;2021-03-11;854;292;18489;9690;9.7;5.1
32;2021-03-12;882;340;19371;10030;10.2;5.3
32;2021-03-13;492;248;19863;10278;10.5;5.4
32;2021-03-14;1;0;19864;10278;10.5;5.4
32;2021-03-15;267;26;20131;10304;10.6;5.4
32;2021-03-16;314;308;20445;10612;10.8;5.6
32;2021-03-17;151;155;20596;10767;10.8;5.7
32;2021-03-18;375;308;20971;11075;11.0;5.8
32;2021-03-19;404;180;21375;11255;11.2;5.9
32;2021-03-20;136;33;21511;11288;11.3;5.9
32;2021-03-21;0;0;21511;11288;11.3;5.9
32;2021-03-22;340;170;21851;11458;11.5;6.0
32;2021-03-23;560;399;22411;11857;11.8;6.2
32;2021-03-24;643;269;23054;12126;12.1;6.4
32;2021-03-25;899;416;23953;12542;12.6;6.6
32;2021-03-26;657;294;24610;12836;12.9;6.8
32;2021-03-27;165;3;24775;12839;13.0;6.8
32;2021-03-28;1;1;24776;12840;13.0;6.8
32;2021-03-29;371;48;25147;12888;13.2;6.8
32;2021-03-30;766;290;25913;13178;13.6;6.9
32;2021-03-31;654;171;26567;13349;14.0;7.0
32;2021-04-01;1238;320;27805;13669;14.6;7.2
32;2021-04-02;575;167;28380;13836;14.9;7.3
32;2021-04-03;114;0;28494;13836;15.0;7.3
32;2021-04-04;0;0;28494;13836;15.0;7.3
32;2021-04-05;0;0;28494;13836;15.0;7.3
32;2021-04-06;2646;311;31140;14147;16.4;7.4
32;2021-04-07;1178;203;32318;14350;17.0;7.6
32;2021-04-08;1736;405;34054;14755;17.9;7.8
32;2021-04-09;883;218;34937;14973;18.4;7.9
32;2021-04-10;809;29;35746;15002;18.8;7.9
32;2021-04-11;14;0;35760;15002;18.8;7.9
32;2021-04-12;477;23;36237;15025;19.1;7.9
32;2021-04-13;2469;388;38706;15413;20.4;8.1
32;2021-04-14;1227;263;39933;15676;21.0;8.2
32;2021-04-15;1704;392;41637;16068;21.9;8.5
32;2021-04-16;638;282;42275;16350;22.2;8.6
32;2021-04-17;783;38;43058;16388;22.7;8.6
32;2021-04-18;13;1;43071;16389;22.7;8.6
32;2021-04-19;502;45;43573;16434;22.9;8.6
32;2021-04-20;2472;391;46045;16825;24.2;8.9
32;2021-04-21;1010;303;47055;17128;24.8;9.0
32;2021-04-22;1662;321;48717;17449;25.6;9.2
32;2021-04-23;549;159;49266;17608;25.9;9.3
32;2021-04-24;1392;55;50658;17663;26.7;9.3
32;2021-04-25;0;11;50658;17674;26.7;9.3
32;2021-04-26;387;359;51045;18033;26.9;9.5
32;2021-04-27;2552;554;53597;18587;28.2;9.8
32;2021-04-28;972;356;54569;18943;28.7;10.0
32;2021-04-29;1009;885;55578;19828;29.2;10.4
32;2021-04-30;453;362;56031;20190;29.5;10.6
32;2021-05-01;2607;97;58638;20287;30.9;10.7
32;2021-05-02;0;0;58638;20287;30.9;10.7
32;2021-05-03;171;321;58809;20608;30.9;10.8
32;2021-05-04;791;2497;59600;23105;31.4;12.2
32;2021-05-05;2361;1098;61961;24203;32.6;12.7
32;2021-05-06;516;1660;62477;25863;32.9;13.6
32;2021-05-07;2286;538;64763;26401;34.1;13.9
32;2021-05-08;71;516;64834;26917;34.1;14.2
32;2021-05-09;21;179;64855;27096;34.1;14.3
32;2021-05-10;1994;551;66849;27647;35.2;14.5
32;2021-05-11;651;2276;67500;29923;35.5;15.7
32;2021-05-12;2313;1138;69813;31061;36.7;16.3
32;2021-05-13;281;1417;70094;32478;36.9;17.1
32;2021-05-14;2222;327;72316;32805;38.1;17.3
32;2021-05-15;134;712;72450;33517;38.1;17.6
32;2021-05-16;2;0;72452;33517;38.1;17.6
32;2021-05-17;353;169;72805;33686;38.3;17.7
32;2021-05-18;1642;297;74447;33983;39.2;17.9
32;2021-05-19;2475;272;76922;34255;40.5;18.0
32;2021-05-20;2887;471;79809;34726;42.0;18.3
32;2021-05-21;2535;500;82344;35226;43.3;18.5
32;2021-05-22;334;111;82678;35337;43.5;18.6
32;2021-05-23;2;13;82680;35350;43.5;18.6
32;2021-05-24;3;0;82683;35350;43.5;18.6
32;2021-05-25;1983;373;84666;35723;44.6;18.8
32;2021-05-26;2548;555;87214;36278;45.9;19.1
32;2021-05-27;2877;627;90091;36905;47.4;19.4
32;2021-05-28;2310;766;92401;37671;48.6;19.8
32;2021-05-29;372;312;92773;37983;48.8;20.0
32;2021-05-30;4;6;92777;37989;48.8;20.0
32;2021-05-31;1414;625;94191;38614;49.6;20.3
32;2021-06-01;565;2889;94756;41503;49.9;21.8
32;2021-06-02;1579;1354;96335;42857;50.7;22.6
32;2021-06-03;395;2087;96730;44944;50.9;23.6
32;2021-06-04;1837;830;98567;45774;51.9;24.1
32;2021-06-05;206;1661;98773;47435;52.0;25.0
32;2021-06-06;8;14;98781;47449;52.0;25.0
32;2021-06-07;103;418;98884;47867;52.0;25.2
32;2021-06-08;664;2541;99548;50408;52.4;26.5
32;2021-06-09;1191;1055;100739;51463;53.0;27.1
32;2021-06-10;686;1225;101425;52688;53.4;27.7
32;2021-06-11;926;663;102351;53351;53.9;28.1
32;2021-06-12;150;2679;102501;56030;53.9;29.5
32;2021-06-13;1;1;102502;56031;53.9;29.5
32;2021-06-14;529;210;103031;56241;54.2;29.6
32;2021-06-15;1735;1027;104766;57268;55.1;30.1
32;2021-06-16;850;2777;105616;60045;55.6;31.6
32;2021-06-17;860;829;106476;60874;56.0;32.0
32;2021-06-18;315;2724;106791;63598;56.2;33.5
32;2021-06-19;914;436;107705;64034;56.7;33.7
32;2021-06-20;5;13;107710;64047;56.7;33.7
32;2021-06-21;67;1994;107777;66041;56.7;34.8
32;2021-06-22;1043;970;108820;67011;57.3;35.3
32;2021-06-23;516;2183;109336;69194;57.5;36.4
32;2021-06-24;528;520;109864;69714;57.8;36.7
32;2021-06-25;501;2359;110365;72073;58.1;37.9
32;2021-06-26;108;171;110473;72244;58.1;38.0
32;2021-06-27;2;5;110475;72249;58.1;38.0
32;2021-06-28;630;603;111105;72852;58.5;38.3
32;2021-06-29;800;1985;111905;74837;58.9;39.4
32;2021-06-30;757;2725;112662;77562;59.3;40.8
32;2021-07-01;540;2641;113202;80203;59.6;42.2
32;2021-07-02;641;2335;113843;82538;59.9;43.4
32;2021-07-03;482;506;114325;83044;60.2;43.7
32;2021-07-04;1;12;114326;83056;60.2;43.7
32;2021-07-05;76;391;114402;83447;60.2;43.9
32;2021-07-06;880;2083;115282;85530;60.7;45.0
32;2021-07-07;781;2757;116063;88287;61.1;46.5
32;2021-07-08;478;2267;116541;90554;61.3;47.6
32;2021-07-09;615;2226;117156;92780;61.6;48.8
32;2021-07-10;537;521;117693;93301;61.9;49.1
32;2021-07-11;0;5;117693;93306;61.9;49.1
32;2021-07-12;526;1243;118219;94549;62.2;49.8
32;2021-07-13;1696;1817;119915;96366;63.1;50.7
32;2021-07-14;491;35;120406;96401;63.4;50.7
32;2021-07-15;2095;891;122501;97292;64.5;51.2
32;2021-07-16;1169;1911;123670;99203;65.1;52.2
32;2021-07-17;78;129;123748;99332;65.1;52.3
32;2021-07-18;2;5;123750;99337;65.1;52.3
32;2021-07-19;1995;147;125745;99484;66.2;52.3
32;2021-07-20;2039;1269;127784;100753;67.2;53.0
32;2021-07-21;1615;1691;129399;102444;68.1;53.9
32;2021-07-22;1947;512;131346;102956;69.1;54.2
32;2021-07-23;1407;1732;132753;104688;69.9;55.1
32;2021-07-24;139;118;132892;104806;69.9;55.1
32;2021-07-25;34;10;132926;104816;69.9;55.2
32;2021-07-26;1071;1071;133997;105887;70.5;55.7
32;2021-07-27;1730;2098;135727;107985;71.4;56.8
32;2021-07-28;694;974;136421;108959;71.8;57.3
32;2021-07-29;1694;1608;138115;110567;72.7;58.2
32;2021-07-30;363;349;138478;110916;72.9;58.4
32;2021-07-31;186;351;138664;111267;73.0;58.5
32;2021-08-01;18;4;138682;111271;73.0;58.6
32;2021-08-02;80;76;138762;111347;73.0;58.6
32;2021-08-03;1176;1789;139938;113136;73.6;59.5
32;2021-08-04;632;654;140570;113790;74.0;59.9
32;2021-08-05;1109;1938;141679;115728;74.6;60.9
32;2021-08-06;561;495;142240;116223;74.8;61.2
32;2021-08-07;148;93;142388;116316;74.9;61.2
32;2021-08-08;0;0;142388;116316;74.9;61.2
32;2021-08-09;260;1826;142648;118142;75.1;62.2
32;2021-08-10;716;2079;143364;120221;75.4;63.3
32;2021-08-11;577;446;143941;120667;75.7;63.5
32;2021-08-12;932;2102;144873;122769;76.2;64.6
32;2021-08-13;177;251;145050;123020;76.3;64.7
32;2021-08-14;111;119;145161;123139;76.4;64.8
32;2021-08-15;12;21;145173;123160;76.4;64.8
32;2021-08-16;41;39;145214;123199;76.4;64.8
32;2021-08-17;573;2301;145787;125500;76.7;66.0
32;2021-08-18;308;558;146095;126058;76.9;66.3
32;2021-08-19;952;1411;147047;127469;77.4;67.1
32;2021-08-20;154;165;147201;127634;77.5;67.2
32;2021-08-21;149;191;147350;127825;77.5;67.3
32;2021-08-22;8;3;147358;127828;77.5;67.3
32;2021-08-23;42;101;147400;127929;77.6;67.3
32;2021-08-24;582;1450;147982;129379;77.9;68.1
32;2021-08-25;92;191;148074;129570;77.9;68.2
32;2021-08-26;321;2260;148395;131830;78.1;69.4
32;2021-08-27;270;552;148665;132382;78.2;69.7
32;2021-08-28;70;109;148735;132491;78.3;69.7
32;2021-08-29;1;8;148736;132499;78.3;69.7
32;2021-08-30;19;50;148755;132549;78.3;69.7
32;2021-08-31;195;1536;148950;134085;78.4;70.6
32;2021-09-01;650;825;149600;134910;78.7;71.0
32;2021-09-02;315;1732;149915;136642;78.9;71.9
33;2020-12-27;2;0;2;0;0.0;0.0
33;2020-12-28;3;0;5;0;0.0;0.0
33;2020-12-29;0;0;5;0;0.0;0.0
33;2020-12-30;0;0;5;0;0.0;0.0
33;2020-12-31;0;0;5;0;0.0;0.0
33;2021-01-01;0;0;5;0;0.0;0.0
33;2021-01-02;1;0;6;0;0.0;0.0
33;2021-01-03;0;0;6;0;0.0;0.0
33;2021-01-04;2;0;8;0;0.0;0.0
33;2021-01-05;2;0;10;0;0.0;0.0
33;2021-01-06;134;0;144;0;0.0;0.0
33;2021-01-07;1309;1;1453;1;0.1;0.0
33;2021-01-08;1199;2;2652;3;0.2;0.0
33;2021-01-09;298;0;2950;3;0.2;0.0
33;2021-01-10;229;0;3179;3;0.2;0.0
33;2021-01-11;627;0;3806;3;0.2;0.0
33;2021-01-12;1417;2;5223;5;0.3;0.0
33;2021-01-13;1313;9;6536;14;0.4;0.0
33;2021-01-14;1286;13;7822;27;0.5;0.0
33;2021-01-15;1607;11;9429;38;0.6;0.0
33;2021-01-16;566;8;9995;46;0.6;0.0
33;2021-01-17;406;3;10401;49;0.6;0.0
33;2021-01-18;1222;10;11623;59;0.7;0.0
33;2021-01-19;2925;4;14548;63;0.9;0.0
33;2021-01-20;3401;9;17949;72;1.1;0.0
33;2021-01-21;2858;5;20807;77;1.3;0.0
33;2021-01-22;2325;8;23132;85;1.4;0.0
33;2021-01-23;852;2;23984;87;1.5;0.0
33;2021-01-24;529;2;24513;89;1.5;0.0
33;2021-01-25;2171;60;26684;149;1.6;0.0
33;2021-01-26;2244;153;28928;302;1.8;0.0
33;2021-01-27;2258;198;31186;500;1.9;0.0
33;2021-01-28;2157;431;33343;931;2.0;0.1
33;2021-01-29;1820;670;35163;1601;2.2;0.1
33;2021-01-30;704;171;35867;1772;2.2;0.1
33;2021-01-31;389;151;36256;1923;2.2;0.1
33;2021-02-01;1456;635;37712;2558;2.3;0.2
33;2021-02-02;2643;1093;40355;3651;2.5;0.2
33;2021-02-03;2922;855;43277;4506;2.6;0.3
33;2021-02-04;4030;1338;47307;5844;2.9;0.4
33;2021-02-05;2190;1152;49497;6996;3.0;0.4
33;2021-02-06;643;191;50140;7187;3.1;0.4
33;2021-02-07;218;219;50358;7406;3.1;0.5
33;2021-02-08;1263;734;51621;8140;3.2;0.5
33;2021-02-09;1324;1653;52945;9793;3.2;0.6
33;2021-02-10;1263;1732;54208;11525;3.3;0.7
33;2021-02-11;1301;1422;55509;12947;3.4;0.8
33;2021-02-12;1115;1214;56624;14161;3.5;0.9
33;2021-02-13;203;275;56827;14436;3.5;0.9
33;2021-02-14;47;234;56874;14670;3.5;0.9
33;2021-02-15;684;1647;57558;16317;3.5;1.0
33;2021-02-16;812;1991;58370;18308;3.6;1.1
33;2021-02-17;668;1979;59038;20287;3.6;1.2
33;2021-02-18;898;2168;59936;22455;3.7;1.4
33;2021-02-19;916;1981;60852;24436;3.7;1.5
33;2021-02-20;77;622;60929;25058;3.7;1.5
33;2021-02-21;38;447;60967;25505;3.7;1.6
33;2021-02-22;706;1820;61673;27325;3.8;1.7
33;2021-02-23;1230;2669;62903;29994;3.9;1.8
33;2021-02-24;1399;2467;64302;32461;3.9;2.0
33;2021-02-25;2830;3699;67132;36160;4.1;2.2
33;2021-02-26;4056;2270;71188;38430;4.4;2.4
33;2021-02-27;1360;710;72548;39140;4.4;2.4
33;2021-02-28;126;505;72674;39645;4.4;2.4
33;2021-03-01;1534;1817;74208;41462;4.5;2.5
33;2021-03-02;2322;1715;76530;43177;4.7;2.6
33;2021-03-03;2307;1677;78837;44854;4.8;2.7
33;2021-03-04;3934;1656;82771;46510;5.1;2.8
33;2021-03-05;5758;1732;88529;48242;5.4;3.0
33;2021-03-06;3414;561;91943;48803;5.6;3.0
33;2021-03-07;741;153;92684;48956;5.7;3.0
33;2021-03-08;2715;1140;95399;50096;5.8;3.1
33;2021-03-09;4402;1334;99801;51430;6.1;3.1
33;2021-03-10;5120;1231;104921;52661;6.4;3.2
33;2021-03-11;7543;1231;112464;53892;6.9;3.3
33;2021-03-12;10119;1167;122583;55059;7.5;3.4
33;2021-03-13;5155;213;127738;55272;7.8;3.4
33;2021-03-14;715;27;128453;55299;7.9;3.4
33;2021-03-15;4441;680;132894;55979;8.1;3.4
33;2021-03-16;3582;879;136476;56858;8.4;3.5
33;2021-03-17;3638;949;140114;57807;8.6;3.5
33;2021-03-18;4038;1411;144152;59218;8.8;3.6
33;2021-03-19;6270;1032;150422;60250;9.2;3.7
33;2021-03-20;3368;104;153790;60354;9.4;3.7
33;2021-03-21;462;29;154252;60383;9.4;3.7
33;2021-03-22;4900;451;159152;60834;9.7;3.7
33;2021-03-23;6322;607;165474;61441;10.1;3.8
33;2021-03-24;7076;525;172550;61966;10.6;3.8
33;2021-03-25;8839;659;181389;62625;11.1;3.8
33;2021-03-26;10037;854;191426;63479;11.7;3.9
33;2021-03-27;3619;83;195045;63562;11.9;3.9
33;2021-03-28;577;34;195622;63596;12.0;3.9
33;2021-03-29;6769;701;202391;64297;12.4;3.9
33;2021-03-30;8101;1041;210492;65338;12.9;4.0
33;2021-03-31;7578;1070;218070;66408;13.4;4.1
33;2021-04-01;8821;1194;226891;67602;13.9;4.1
33;2021-04-02;8403;1558;235294;69160;14.4;4.2
33;2021-04-03;2832;523;238126;69683;14.6;4.3
33;2021-04-04;218;160;238344;69843;14.6;4.3
33;2021-04-05;692;123;239036;69966;14.6;4.3
33;2021-04-06;6049;2700;245085;72666;15.0;4.4
33;2021-04-07;7424;2570;252509;75236;15.5;4.6
33;2021-04-08;10323;2782;262832;78018;16.1;4.8
33;2021-04-09;12687;3096;275519;81114;16.9;5.0
33;2021-04-10;5356;1394;280875;82508;17.2;5.1
33;2021-04-11;1002;353;281877;82861;17.3;5.1
33;2021-04-12;7423;3278;289300;86139;17.7;5.3
33;2021-04-13;9318;3479;298618;89618;18.3;5.5
33;2021-04-14;9042;3655;307660;93273;18.8;5.7
33;2021-04-15;10109;3878;317769;97151;19.5;5.9
33;2021-04-16;9720;4227;327489;101378;20.0;6.2
33;2021-04-17;4652;1661;332141;103039;20.3;6.3
33;2021-04-18;929;413;333070;103452;20.4;6.3
33;2021-04-19;5616;3839;338686;107291;20.7;6.6
33;2021-04-20;7292;4266;345978;111557;21.2;6.8
33;2021-04-21;6596;4354;352574;115911;21.6;7.1
33;2021-04-22;7347;4477;359921;120388;22.0;7.4
33;2021-04-23;7707;4822;367628;125210;22.5;7.7
33;2021-04-24;4501;1801;372129;127011;22.8;7.8
33;2021-04-25;1651;418;373780;127429;22.9;7.8
33;2021-04-26;5265;5084;379045;132513;23.2;8.1
33;2021-04-27;6578;5627;385623;138140;23.6;8.5
33;2021-04-28;6783;5565;392406;143705;24.0;8.8
33;2021-04-29;8425;6237;400831;149942;24.5;9.2
33;2021-04-30;8739;6121;409570;156063;25.1;9.6
33;2021-05-01;2901;513;412471;156576;25.3;9.6
33;2021-05-02;1834;346;414305;156922;25.4;9.6
33;2021-05-03;7017;5220;421322;162142;25.8;9.9
33;2021-05-04;6827;6670;428149;168812;26.2;10.3
33;2021-05-05;7144;7570;435293;176382;26.6;10.8
33;2021-05-06;8705;8240;443998;184622;27.2;11.3
33;2021-05-07;8607;8909;452605;193531;27.7;11.8
33;2021-05-08;3542;1602;456147;195133;27.9;11.9
33;2021-05-09;1117;969;457264;196102;28.0;12.0
33;2021-05-10;6877;7303;464141;203405;28.4;12.5
33;2021-05-11;8637;7833;472778;211238;28.9;12.9
33;2021-05-12;9174;6696;481952;217934;29.5;13.3
33;2021-05-13;5209;2114;487161;220048;29.8;13.5
33;2021-05-14;8129;5359;495290;225407;30.3;13.8
33;2021-05-15;5184;2874;500474;228281;30.6;14.0
33;2021-05-16;1842;804;502316;229085;30.8;14.0
33;2021-05-17;8859;5109;511175;234194;31.3;14.3
33;2021-05-18;10624;4887;521799;239081;31.9;14.6
33;2021-05-19;10905;4793;532704;243874;32.6;14.9
33;2021-05-20;10912;5589;543616;249463;33.3;15.3
33;2021-05-21;10919;6254;554535;255717;33.9;15.7
33;2021-05-22;5123;2753;559658;258470;34.3;15.8
33;2021-05-23;1747;384;561405;258854;34.4;15.8
33;2021-05-24;5413;1000;566818;259854;34.7;15.9
33;2021-05-25;9390;5776;576208;265630;35.3;16.3
33;2021-05-26;9678;6043;585886;271673;35.9;16.6
33;2021-05-27;10907;7736;596793;279409;36.5;17.1
33;2021-05-28;10066;9521;606859;288930;37.2;17.7
33;2021-05-29;5042;4118;611901;293048;37.5;17.9
33;2021-05-30;1703;668;613604;293716;37.6;18.0
33;2021-05-31;8558;6427;622162;300143;38.1;18.4
33;2021-06-01;11808;8725;633970;308868;38.8;18.9
33;2021-06-02;11710;8218;645680;317086;39.5;19.4
33;2021-06-03;12715;9202;658395;326288;40.3;20.0
33;2021-06-04;12939;10954;671334;337242;41.1;20.6
33;2021-06-05;5277;5065;676611;342307;41.4;21.0
33;2021-06-06;2526;1193;679137;343500;41.6;21.0
33;2021-06-07;9760;8500;688897;352000;42.2;21.5
33;2021-06-08;11938;9459;700835;361459;42.9;22.1
33;2021-06-09;11776;8536;712611;369995;43.6;22.7
33;2021-06-10;12953;8393;725564;378388;44.4;23.2
33;2021-06-11;12521;11167;738085;389555;45.2;23.8
33;2021-06-12;6189;4476;744274;394031;45.6;24.1
33;2021-06-13;2614;1283;746888;395314;45.7;24.2
33;2021-06-14;8582;10154;755470;405468;46.3;24.8
33;2021-06-15;12060;10271;767530;415739;47.0;25.5
33;2021-06-16;12055;8867;779585;424606;47.7;26.0
33;2021-06-17;13113;9619;792698;434225;48.5;26.6
33;2021-06-18;11799;11437;804497;445662;49.3;27.3
33;2021-06-19;5611;4816;810108;450478;49.6;27.6
33;2021-06-20;2947;1475;813055;451953;49.8;27.7
33;2021-06-21;7876;10165;820931;462118;50.3;28.3
33;2021-06-22;9063;11086;829994;473204;50.8;29.0
33;2021-06-23;8665;10849;838659;484053;51.3;29.6
33;2021-06-24;9747;9983;848406;494036;51.9;30.2
33;2021-06-25;8050;13716;856456;507752;52.4;31.1
33;2021-06-26;4343;5918;860799;513670;52.7;31.4
33;2021-06-27;2468;1961;863267;515631;52.8;31.6
33;2021-06-28;4875;12771;868142;528402;53.1;32.3
33;2021-06-29;6445;13654;874587;542056;53.5;33.2
33;2021-06-30;6682;13395;881269;555451;54.0;34.0
33;2021-07-01;8053;11819;889322;567270;54.4;34.7
33;2021-07-02;6848;15112;896170;582382;54.9;35.7
33;2021-07-03;3228;6784;899398;589166;55.1;36.1
33;2021-07-04;2067;2379;901465;591545;55.2;36.2
33;2021-07-05;4401;12908;905866;604453;55.5;37.0
33;2021-07-06;6150;14593;912016;619046;55.8;37.9
33;2021-07-07;6892;13057;918908;632103;56.3;38.7
33;2021-07-08;7970;12754;926878;644857;56.7;39.5
33;2021-07-09;6473;15112;933351;659969;57.1;40.4
33;2021-07-10;3113;7162;936464;667131;57.3;40.8
33;2021-07-11;1844;2300;938308;669431;57.4;41.0
33;2021-07-12;3948;14704;942256;684135;57.7;41.9
33;2021-07-13;7162;16102;949418;700237;58.1;42.9
33;2021-07-14;3687;5320;953105;705557;58.3;43.2
33;2021-07-15;7624;15975;960729;721532;58.8;44.2
33;2021-07-16;8587;15148;969316;736680;59.3;45.1
33;2021-07-17;3157;6431;972473;743111;59.5;45.5
33;2021-07-18;1703;3206;974176;746317;59.6;45.7
33;2021-07-19;5868;15100;980044;761417;60.0;46.6
33;2021-07-20;7426;16131;987470;777548;60.5;47.6
33;2021-07-21;8373;14542;995843;792090;61.0;48.5
33;2021-07-22;9363;15102;1005206;807192;61.5;49.4
33;2021-07-23;9659;16355;1014865;823547;62.1;50.4
33;2021-07-24;3835;7553;1018700;831100;62.4;50.9
33;2021-07-25;2092;2666;1020792;833766;62.5;51.0
33;2021-07-26;6961;13417;1027753;847183;62.9;51.9
33;2021-07-27;10087;13396;1037840;860579;63.5;52.7
33;2021-07-28;10930;11970;1048770;872549;64.2;53.4
33;2021-07-29;11671;11909;1060441;884458;64.9;54.1
33;2021-07-30;11387;12219;1071828;896677;65.6;54.9
33;2021-07-31;4757;5649;1076585;902326;65.9;55.2
33;2021-08-01;2483;1950;1079068;904276;66.1;55.4
33;2021-08-02;8399;9890;1087467;914166;66.6;56.0
33;2021-08-03;11502;9018;1098969;923184;67.3;56.5
33;2021-08-04;11881;7353;1110850;930537;68.0;57.0
33;2021-08-05;11890;8034;1122740;938571;68.7;57.5
33;2021-08-06;11174;9058;1133914;947629;69.4;58.0
33;2021-08-07;5906;4515;1139820;952144;69.8;58.3
33;2021-08-08;3200;1818;1143020;953962;70.0;58.4
33;2021-08-09;8628;8724;1151648;962686;70.5;58.9
33;2021-08-10;9324;8442;1160972;971128;71.1;59.5
33;2021-08-11;8081;7581;1169053;978709;71.6;59.9
33;2021-08-12;7948;8025;1177001;986734;72.1;60.4
33;2021-08-13;7751;7683;1184752;994417;72.5;60.9
33;2021-08-14;3481;4331;1188233;998748;72.7;61.1
33;2021-08-15;1197;1877;1189430;1000625;72.8;61.3
33;2021-08-16;6399;8638;1195829;1009263;73.2;61.8
33;2021-08-17;6584;9063;1202413;1018326;73.6;62.3
33;2021-08-18;5570;8770;1207983;1027096;74.0;62.9
33;2021-08-19;5467;9113;1213450;1036209;74.3;63.4
33;2021-08-20;4896;9828;1218346;1046037;74.6;64.0
33;2021-08-21;2179;5031;1220525;1051068;74.7;64.3
33;2021-08-22;561;2367;1221086;1053435;74.8;64.5
33;2021-08-23;3886;10291;1224972;1063726;75.0;65.1
33;2021-08-24;4106;11091;1229078;1074817;75.2;65.8
33;2021-08-25;3695;10479;1232773;1085296;75.5;66.4
33;2021-08-26;3607;11042;1236380;1096338;75.7;67.1
33;2021-08-27;3755;12583;1240135;1108921;75.9;67.9
33;2021-08-28;1557;6629;1241692;1115550;76.0;68.3
33;2021-08-29;452;2427;1242144;1117977;76.0;68.4
33;2021-08-30;2317;10529;1244461;1128506;76.2;69.1
33;2021-08-31;3199;11019;1247660;1139525;76.4;69.8
33;2021-09-01;2747;8801;1250407;1148326;76.6;70.3
33;2021-09-02;2588;8327;1252995;1156653;76.7;70.8
34;2020-12-27;1;0;1;0;0.0;0.0
34;2020-12-28;1;0;2;0;0.0;0.0
34;2020-12-29;0;0;2;0;0.0;0.0
34;2020-12-30;0;0;2;0;0.0;0.0
34;2020-12-31;0;0;2;0;0.0;0.0
34;2021-01-01;1;0;3;0;0.0;0.0
34;2021-01-02;2;0;5;0;0.0;0.0
34;2021-01-03;0;0;5;0;0.0;0.0
34;2021-01-04;21;0;26;0;0.0;0.0
34;2021-01-05;106;2;132;2;0.0;0.0
34;2021-01-06;198;1;330;3;0.0;0.0
34;2021-01-07;364;0;694;3;0.1;0.0
34;2021-01-08;606;0;1300;3;0.1;0.0
34;2021-01-09;244;0;1544;3;0.1;0.0
34;2021-01-10;95;1;1639;4;0.1;0.0
34;2021-01-11;567;2;2206;6;0.2;0.0
34;2021-01-12;1007;1;3213;7;0.3;0.0
34;2021-01-13;1098;6;4311;13;0.4;0.0
34;2021-01-14;1957;12;6268;25;0.5;0.0
34;2021-01-15;1469;5;7737;30;0.7;0.0
34;2021-01-16;331;7;8068;37;0.7;0.0
34;2021-01-17;233;1;8301;38;0.7;0.0
34;2021-01-18;1126;4;9427;42;0.8;0.0
34;2021-01-19;1610;8;11037;50;0.9;0.0
34;2021-01-20;2086;9;13123;59;1.1;0.0
34;2021-01-21;4234;10;17357;69;1.5;0.0
34;2021-01-22;2552;8;19909;77;1.7;0.0
34;2021-01-23;599;2;20508;79;1.7;0.0
34;2021-01-24;2;0;20510;79;1.7;0.0
34;2021-01-25;1243;5;21753;84;1.8;0.0
34;2021-01-26;1459;20;23212;104;2.0;0.0
34;2021-01-27;1469;23;24681;127;2.1;0.0
34;2021-01-28;1392;124;26073;251;2.2;0.0
34;2021-01-29;1260;135;27333;386;2.3;0.0
34;2021-01-30;479;21;27812;407;2.4;0.0
34;2021-01-31;4;0;27816;407;2.4;0.0
34;2021-02-01;1028;241;28844;648;2.5;0.1
34;2021-02-02;1458;424;30302;1072;2.6;0.1
34;2021-02-03;2656;509;32958;1581;2.8;0.1
34;2021-02-04;2313;875;35271;2456;3.0;0.2
34;2021-02-05;1889;1159;37160;3615;3.2;0.3
34;2021-02-06;497;228;37657;3843;3.2;0.3
34;2021-02-07;32;104;37689;3947;3.2;0.3
34;2021-02-08;860;1032;38549;4979;3.3;0.4
34;2021-02-09;1033;1275;39582;6254;3.4;0.5
34;2021-02-10;1295;1483;40877;7737;3.5;0.7
34;2021-02-11;1791;2672;42668;10409;3.6;0.9
34;2021-02-12;1923;1619;44591;12028;3.8;1.0
34;2021-02-13;356;492;44947;12520;3.8;1.1
34;2021-02-14;22;283;44969;12803;3.8;1.1
34;2021-02-15;673;1136;45642;13939;3.9;1.2
34;2021-02-16;665;1425;46307;15364;3.9;1.3
34;2021-02-17;713;1418;47020;16782;4.0;1.4
34;2021-02-18;835;1403;47855;18185;4.1;1.5
34;2021-02-19;815;1158;48670;19343;4.1;1.6
34;2021-02-20;301;436;48971;19779;4.2;1.7
34;2021-02-21;64;18;49035;19797;4.2;1.7
34;2021-02-22;630;1237;49665;21034;4.2;1.8
34;2021-02-23;562;1404;50227;22438;4.3;1.9
34;2021-02-24;938;2252;51165;24690;4.4;2.1
34;2021-02-25;1607;2196;52772;26886;4.5;2.3
34;2021-02-26;1849;1568;54621;28454;4.6;2.4
34;2021-02-27;701;407;55322;28861;4.7;2.5
34;2021-02-28;86;64;55408;28925;4.7;2.5
34;2021-03-01;929;1122;56337;30047;4.8;2.6
34;2021-03-02;1591;1249;57928;31296;4.9;2.7
34;2021-03-03;1833;1377;59761;32673;5.1;2.8
34;2021-03-04;2866;1610;62627;34283;5.3;2.9
34;2021-03-05;3686;1532;66313;35815;5.6;3.0
34;2021-03-06;2644;203;68957;36018;5.9;3.1
34;2021-03-07;1243;76;70200;36094;6.0;3.1
34;2021-03-08;2781;994;72981;37088;6.2;3.2
34;2021-03-09;4016;1435;76997;38523;6.5;3.3
34;2021-03-10;3992;1327;80989;39850;6.9;3.4
34;2021-03-11;5436;1294;86425;41144;7.3;3.5
34;2021-03-12;6494;931;92919;42075;7.9;3.6
34;2021-03-13;3136;176;96055;42251;8.2;3.6
34;2021-03-14;1003;54;97058;42305;8.3;3.6
34;2021-03-15;3304;563;100362;42868;8.5;3.6
34;2021-03-16;2913;667;103275;43535;8.8;3.7
34;2021-03-17;3303;740;106578;44275;9.1;3.8
34;2021-03-18;3449;920;110027;45195;9.4;3.8
34;2021-03-19;4694;795;114721;45990;9.8;3.9
34;2021-03-20;3147;65;117868;46055;10.0;3.9
34;2021-03-21;1997;60;119865;46115;10.2;3.9
34;2021-03-22;3682;467;123547;46582;10.5;4.0
34;2021-03-23;4962;540;128509;47122;10.9;4.0
34;2021-03-24;5219;645;133728;47767;11.4;4.1
34;2021-03-25;7197;719;140925;48486;12.0;4.1
34;2021-03-26;7169;576;148094;49062;12.6;4.2
34;2021-03-27;2372;82;150466;49144;12.8;4.2
34;2021-03-28;699;21;151165;49165;12.9;4.2
34;2021-03-29;4186;761;155351;49926;13.2;4.2
34;2021-03-30;5222;970;160573;50896;13.7;4.3
34;2021-03-31;5067;1210;165640;52106;14.1;4.4
34;2021-04-01;7034;1037;172674;53143;14.7;4.5
34;2021-04-02;5823;1188;178497;54331;15.2;4.6
34;2021-04-03;1138;87;179635;54418;15.3;4.6
34;2021-04-04;166;5;179801;54423;15.3;4.6
34;2021-04-05;432;26;180233;54449;15.3;4.6
34;2021-04-06;3135;2455;183368;56904;15.6;4.8
34;2021-04-07;3385;2644;186753;59548;15.9;5.1
34;2021-04-08;5252;2812;192005;62360;16.3;5.3
34;2021-04-09;8074;2497;200079;64857;17.0;5.5
34;2021-04-10;3166;1373;203245;66230;17.3;5.6
34;2021-04-11;1715;807;204960;67037;17.4;5.7
34;2021-04-12;4493;2525;209453;69562;17.8;5.9
34;2021-04-13;5238;3060;214691;72622;18.3;6.2
34;2021-04-14;5619;3240;220310;75862;18.7;6.5
34;2021-04-15;6998;3173;227308;79035;19.3;6.7
34;2021-04-16;6576;3164;233884;82199;19.9;7.0
34;2021-04-17;2377;2069;236261;84268;20.1;7.2
34;2021-04-18;988;1722;237249;85990;20.2;7.3
34;2021-04-19;3421;3124;240670;89114;20.5;7.6
34;2021-04-20;3766;3665;244436;92779;20.8;7.9
34;2021-04-21;4243;3722;248679;96501;21.1;8.2
34;2021-04-22;4488;4617;253167;101118;21.5;8.6
34;2021-04-23;5376;3523;258543;104641;22.0;8.9
34;2021-04-24;3164;1585;261707;106226;22.3;9.0
34;2021-04-25;1919;647;263626;106873;22.4;9.1
34;2021-04-26;4225;3478;267851;110351;22.8;9.4
34;2021-04-27;5127;4023;272978;114374;23.2;9.7
34;2021-04-28;5769;3547;278747;117921;23.7;10.0
34;2021-04-29;6421;3939;285168;121860;24.2;10.4
34;2021-04-30;7872;3300;293040;125160;24.9;10.6
34;2021-05-01;2403;500;295443;125660;25.1;10.7
34;2021-05-02;3260;323;298703;125983;25.4;10.7
34;2021-05-03;6575;2906;305278;128889;26.0;11.0
34;2021-05-04;7110;3806;312388;132695;26.6;11.3
34;2021-05-05;6498;4529;318886;137224;27.1;11.7
34;2021-05-06;6946;5210;325832;142434;27.7;12.1
34;2021-05-07;6928;5686;332760;148120;28.3;12.6
34;2021-05-08;3609;1174;336369;149294;28.6;12.7
34;2021-05-09;2178;1287;338547;150581;28.8;12.8
34;2021-05-10;5854;4810;344401;155391;29.3;13.2
34;2021-05-11;7414;5328;351815;160719;29.9;13.7
34;2021-05-12;7755;4459;359570;165178;30.6;14.0
34;2021-05-13;6127;781;365697;165959;31.1;14.1
34;2021-05-14;7491;3746;373188;169705;31.7;14.4
34;2021-05-15;4865;1691;378053;171396;32.1;14.6
34;2021-05-16;4951;459;383004;171855;32.6;14.6
34;2021-05-17;8693;1985;391697;173840;33.3;14.8
34;2021-05-18;9143;1979;400840;175819;34.1;14.9
34;2021-05-19;8627;1810;409467;177629;34.8;15.1
34;2021-05-20;8868;2509;418335;180138;35.6;15.3
34;2021-05-21;8784;3229;427119;183367;36.3;15.6
34;2021-05-22;5788;1155;432907;184522;36.8;15.7
34;2021-05-23;3884;549;436791;185071;37.1;15.7
34;2021-05-24;1898;854;438689;185925;37.3;15.8
34;2021-05-25;7142;3813;445831;189738;37.9;16.1
34;2021-05-26;8326;3033;454157;192771;38.6;16.4
34;2021-05-27;8320;4306;462477;197077;39.3;16.8
34;2021-05-28;8053;5447;470530;202524;40.0;17.2
34;2021-05-29;4008;3108;474538;205632;40.3;17.5
34;2021-05-30;1988;1389;476526;207021;40.5;17.6
34;2021-05-31;5876;5254;482402;212275;41.0;18.0
34;2021-06-01;6954;6110;489356;218385;41.6;18.6
34;2021-06-02;6135;5810;495491;224195;42.1;19.1
34;2021-06-03;7715;6490;503206;230685;42.8;19.6
34;2021-06-04;7660;7586;510866;238271;43.4;20.3
34;2021-06-05;4141;3677;515007;241948;43.8;20.6
34;2021-06-06;3270;1865;518277;243813;44.1;20.7
34;2021-06-07;4421;6768;522698;250581;44.4;21.3
34;2021-06-08;5859;6828;528557;257409;44.9;21.9
34;2021-06-09;5829;6843;534386;264252;45.4;22.5
34;2021-06-10;6320;6874;540706;271126;46.0;23.1
34;2021-06-11;5400;9278;546106;280404;46.4;23.8
34;2021-06-12;3169;4727;549275;285131;46.7;24.2
34;2021-06-13;1080;1907;550355;287038;46.8;24.4
34;2021-06-14;3448;7817;553803;294855;47.1;25.1
34;2021-06-15;3955;8795;557758;303650;47.4;25.8
34;2021-06-16;4618;7855;562376;311505;47.8;26.5
34;2021-06-17;4225;7954;566601;319459;48.2;27.2
34;2021-06-18;4348;9332;570949;328791;48.5;28.0
34;2021-06-19;2735;4406;573684;333197;48.8;28.3
34;2021-06-20;891;2873;574575;336070;48.9;28.6
34;2021-06-21;2179;8559;576754;344629;49.0;29.3
34;2021-06-22;2977;9409;579731;354038;49.3;30.1
34;2021-06-23;3527;8970;583258;363008;49.6;30.9
34;2021-06-24;3560;8681;586818;371689;49.9;31.6
34;2021-06-25;3376;10437;590194;382126;50.2;32.5
34;2021-06-26;1643;6189;591837;388315;50.3;33.0
34;2021-06-27;308;4270;592145;392585;50.3;33.4
34;2021-06-28;2267;9436;594412;402021;50.5;34.2
34;2021-06-29;2687;10300;597099;412321;50.8;35.1
34;2021-06-30;3357;9552;600456;421873;51.1;35.9
34;2021-07-01;3527;9443;603983;431316;51.4;36.7
34;2021-07-02;3433;9742;607416;441058;51.6;37.5
34;2021-07-03;1682;6161;609098;447219;51.8;38.0
34;2021-07-04;312;2763;609410;449982;51.8;38.3
34;2021-07-05;3230;7998;612640;457980;52.1;38.9
34;2021-07-06;3536;9176;616176;467156;52.4;39.7
34;2021-07-07;3275;8646;619451;475802;52.7;40.5
34;2021-07-08;4300;8867;623751;484669;53.0;41.2
34;2021-07-09;4005;9345;627756;494014;53.4;42.0
34;2021-07-10;2142;5717;629898;499731;53.6;42.5
34;2021-07-11;924;2578;630822;502309;53.6;42.7
34;2021-07-12;2931;8968;633753;511277;53.9;43.5
34;2021-07-13;4659;10048;638412;521325;54.3;44.3
34;2021-07-14;780;355;639192;521680;54.3;44.4
34;2021-07-15;5910;10394;645102;532074;54.8;45.2
34;2021-07-16;5860;10732;650962;542806;55.3;46.2
34;2021-07-17;4494;4412;655456;547218;55.7;46.5
34;2021-07-18;233;199;655689;547417;55.7;46.5
34;2021-07-19;5118;8330;660807;555747;56.2;47.3
34;2021-07-20;6903;8382;667710;564129;56.8;48.0
34;2021-07-21;7656;7818;675366;571947;57.4;48.6
34;2021-07-22;7439;8173;682805;580120;58.1;49.3
34;2021-07-23;7836;8159;690641;588279;58.7;50.0
34;2021-07-24;6151;3056;696792;591335;59.2;50.3
34;2021-07-25;3214;538;700006;591873;59.5;50.3
34;2021-07-26;6240;6433;706246;598306;60.0;50.9
34;2021-07-27;8747;6048;714993;604354;60.8;51.4
34;2021-07-28;9696;5915;724689;610269;61.6;51.9
34;2021-07-29;11316;6041;736005;616310;62.6;52.4
34;2021-07-30;9841;6530;745846;622840;63.4;53.0
34;2021-07-31;6439;2182;752285;625022;64.0;53.1
34;2021-08-01;3318;615;755603;625637;64.2;53.2
34;2021-08-02;7339;5060;762942;630697;64.9;53.6
34;2021-08-03;8120;5386;771062;636083;65.6;54.1
34;2021-08-04;8318;4558;779380;640641;66.3;54.5
34;2021-08-05;7100;5012;786480;645653;66.9;54.9
34;2021-08-06;5870;5219;792350;650872;67.4;55.3
34;2021-08-07;3092;2428;795442;653300;67.6;55.5
34;2021-08-08;196;205;795638;653505;67.6;55.6
34;2021-08-09;4743;6167;800381;659672;68.1;56.1
34;2021-08-10;5376;6482;805757;666154;68.5;56.6
34;2021-08-11;4827;6535;810584;672689;68.9;57.2
34;2021-08-12;4548;6193;815132;678882;69.3;57.7
34;2021-08-13;4063;5727;819195;684609;69.7;58.2
34;2021-08-14;1788;2880;820983;687489;69.8;58.5
34;2021-08-15;198;190;821181;687679;69.8;58.5
34;2021-08-16;2844;7535;824025;695214;70.1;59.1
34;2021-08-17;3541;8274;827566;703488;70.4;59.8
34;2021-08-18;3177;7544;830743;711032;70.6;60.5
34;2021-08-19;3237;7768;833980;718800;70.9;61.1
34;2021-08-20;2706;7710;836686;726510;71.1;61.8
34;2021-08-21;1375;3559;838061;730069;71.3;62.1
34;2021-08-22;160;310;838221;730379;71.3;62.1
34;2021-08-23;2314;8650;840535;739029;71.5;62.8
34;2021-08-24;2716;8957;843251;747986;71.7;63.6
34;2021-08-25;2325;8533;845576;756519;71.9;64.3
34;2021-08-26;2573;7885;848149;764404;72.1;65.0
34;2021-08-27;2174;7555;850323;771959;72.3;65.6
34;2021-08-28;1106;3553;851429;775512;72.4;65.9
34;2021-08-29;349;1349;851778;776861;72.4;66.1
34;2021-08-30;2040;6878;853818;783739;72.6;66.6
34;2021-08-31;2104;6817;855922;790556;72.8;67.2
34;2021-09-01;2010;6383;857932;796939;72.9;67.8
34;2021-09-02;1629;4849;859561;801788;73.1;68.2
35;2020-12-27;0;0;0;0;0.0;0.0
35;2020-12-28;0;0;0;0;0.0;0.0
35;2020-12-29;2;0;2;0;0.0;0.0
35;2020-12-30;0;0;2;0;0.0;0.0
35;2020-12-31;1;0;3;0;0.0;0.0
35;2021-01-01;3;0;6;0;0.0;0.0
35;2021-01-02;1;0;7;0;0.0;0.0
35;2021-01-03;0;0;7;0;0.0;0.0
35;2021-01-04;10;0;17;0;0.0;0.0
35;2021-01-05;110;0;127;0;0.0;0.0
35;2021-01-06;175;0;302;0;0.0;0.0
35;2021-01-07;440;1;742;1;0.1;0.0
35;2021-01-08;513;1;1255;2;0.1;0.0
35;2021-01-09;31;0;1286;2;0.1;0.0
35;2021-01-10;2;0;1288;2;0.1;0.0
35;2021-01-11;538;0;1826;2;0.2;0.0
35;2021-01-12;886;2;2712;4;0.3;0.0
35;2021-01-13;969;1;3681;5;0.3;0.0
35;2021-01-14;1261;19;4942;24;0.5;0.0
35;2021-01-15;729;2;5671;26;0.5;0.0
35;2021-01-16;189;2;5860;28;0.5;0.0
35;2021-01-17;43;0;5903;28;0.5;0.0
35;2021-01-18;1222;2;7125;30;0.7;0.0
35;2021-01-19;5406;14;12531;44;1.2;0.0
35;2021-01-20;3235;8;15766;52;1.5;0.0
35;2021-01-21;3637;5;19403;57;1.8;0.0
35;2021-01-22;2089;10;21492;67;2.0;0.0
35;2021-01-23;421;1;21913;68;2.0;0.0
35;2021-01-24;50;0;21963;68;2.0;0.0
35;2021-01-25;917;17;22880;85;2.1;0.0
35;2021-01-26;1129;139;24009;224;2.2;0.0
35;2021-01-27;1031;120;25040;344;2.3;0.0
35;2021-01-28;915;290;25955;634;2.4;0.1
35;2021-01-29;724;282;26679;916;2.5;0.1
35;2021-01-30;139;18;26818;934;2.5;0.1
35;2021-01-31;0;0;26818;934;2.5;0.1
35;2021-02-01;670;324;27488;1258;2.5;0.1
35;2021-02-02;726;462;28214;1720;2.6;0.2
35;2021-02-03;661;492;28875;2212;2.7;0.2
35;2021-02-04;590;623;29465;2835;2.7;0.3
35;2021-02-05;624;549;30089;3384;2.8;0.3
35;2021-02-06;173;5;30262;3389;2.8;0.3
35;2021-02-07;1;0;30263;3389;2.8;0.3
35;2021-02-08;446;624;30709;4013;2.8;0.4
35;2021-02-09;1715;3529;32424;7542;3.0;0.7
35;2021-02-10;1368;2702;33792;10244;3.1;0.9
35;2021-02-11;1947;3192;35739;13436;3.3;1.2
35;2021-02-12;1662;1683;37401;15119;3.5;1.4
35;2021-02-13;58;250;37459;15369;3.5;1.4
35;2021-02-14;7;68;37466;15437;3.5;1.4
35;2021-02-15;771;1026;38237;16463;3.5;1.5
35;2021-02-16;920;984;39157;17447;3.6;1.6
35;2021-02-17;892;1048;40049;18495;3.7;1.7
35;2021-02-18;1015;946;41064;19441;3.8;1.8
35;2021-02-19;1011;930;42075;20371;3.9;1.9
35;2021-02-20;143;49;42218;20420;3.9;1.9
35;2021-02-21;5;0;42223;20420;3.9;1.9
35;2021-02-22;777;784;43000;21204;4.0;2.0
35;2021-02-23;1288;830;44288;22034;4.1;2.0
35;2021-02-24;1403;781;45691;22815;4.2;2.1
35;2021-02-25;2247;767;47938;23582;4.4;2.2
35;2021-02-26;2601;713;50539;24295;4.7;2.2
35;2021-02-27;869;103;51408;24398;4.8;2.3
35;2021-02-28;9;0;51417;24398;4.8;2.3
35;2021-03-01;961;677;52378;25075;4.8;2.3
35;2021-03-02;1634;1973;54012;27048;5.0;2.5
35;2021-03-03;1910;967;55922;28015;5.2;2.6
35;2021-03-04;2918;1403;58840;29418;5.4;2.7
35;2021-03-05;3714;1337;62554;30755;5.8;2.8
35;2021-03-06;1339;89;63893;30844;5.9;2.9
35;2021-03-07;1;40;63894;30884;5.9;2.9
35;2021-03-08;1473;583;65367;31467;6.0;2.9
35;2021-03-09;3233;603;68600;32070;6.3;3.0
35;2021-03-10;2905;561;71505;32631;6.6;3.0
35;2021-03-11;4198;712;75703;33343;7.0;3.1
35;2021-03-12;6047;598;81750;33941;7.6;3.1
35;2021-03-13;2426;135;84176;34076;7.8;3.1
35;2021-03-14;18;25;84194;34101;7.8;3.2
35;2021-03-15;1966;668;86160;34769;8.0;3.2
35;2021-03-16;2503;726;88663;35495;8.2;3.3
35;2021-03-17;2398;602;91061;36097;8.4;3.3
35;2021-03-18;2334;593;93395;36690;8.6;3.4
35;2021-03-19;3546;509;96941;37199;9.0;3.4
35;2021-03-20;1541;111;98482;37310;9.1;3.4
35;2021-03-21;38;1;98520;37311;9.1;3.4
35;2021-03-22;1750;840;100270;38151;9.3;3.5
35;2021-03-23;3626;1178;103896;39329;9.6;3.6
35;2021-03-24;3732;994;107628;40323;9.9;3.7
35;2021-03-25;5330;993;112958;41316;10.4;3.8
35;2021-03-26;5848;813;118806;42129;11.0;3.9
35;2021-03-27;1416;208;120222;42337;11.1;3.9
35;2021-03-28;4;0;120226;42337;11.1;3.9
35;2021-03-29;2780;910;123006;43247;11.4;4.0
35;2021-03-30;4291;1333;127297;44580;11.8;4.1
35;2021-03-31;3471;1338;130768;45918;12.1;4.2
35;2021-04-01;4250;1240;135018;47158;12.5;4.4
35;2021-04-02;4864;1206;139882;48364;12.9;4.5
35;2021-04-03;763;213;140645;48577;13.0;4.5
35;2021-04-04;6;0;140651;48577;13.0;4.5
35;2021-04-05;21;1;140672;48578;13.0;4.5
35;2021-04-06;3281;2030;143953;50608;13.3;4.7
35;2021-04-07;3966;1844;147919;52452;13.7;4.8
35;2021-04-08;5804;1593;153723;54045;14.2;5.0
35;2021-04-09;7426;1414;161149;55459;14.9;5.1
35;2021-04-10;1861;252;163010;55711;15.1;5.1
35;2021-04-11;35;23;163045;55734;15.1;5.2
35;2021-04-12;5137;1598;168182;57332;15.5;5.3
35;2021-04-13;7623;2786;175805;60118;16.2;5.6
35;2021-04-14;6312;2301;182117;62419;16.8;5.8
35;2021-04-15;7567;2178;189684;64597;17.5;6.0
35;2021-04-16;8080;1761;197764;66358;18.3;6.1
35;2021-04-17;1571;223;199335;66581;18.4;6.2
35;2021-04-18;10;4;199345;66585;18.4;6.2
35;2021-04-19;4819;1672;204164;68257;18.9;6.3
35;2021-04-20;5162;2641;209326;70898;19.3;6.6
35;2021-04-21;5134;2208;214460;73106;19.8;6.8
35;2021-04-22;6428;2325;220888;75431;20.4;7.0
35;2021-04-23;6822;2363;227710;77794;21.0;7.2
35;2021-04-24;1131;262;228841;78056;21.1;7.2
35;2021-04-25;8;16;228849;78072;21.1;7.2
35;2021-04-26;5101;2155;233950;80227;21.6;7.4
35;2021-04-27;6089;3206;240039;83433;22.2;7.7
35;2021-04-28;6174;2566;246213;85999;22.8;7.9
35;2021-04-29;7116;2751;253329;88750;23.4;8.2
35;2021-04-30;7562;2538;260891;91288;24.1;8.4
35;2021-05-01;618;239;261509;91527;24.2;8.5
35;2021-05-02;15;21;261524;91548;24.2;8.5
35;2021-05-03;5308;2328;266832;93876;24.7;8.7
35;2021-05-04;5073;5333;271905;99209;25.1;9.2
35;2021-05-05;4883;4447;276788;103656;25.6;9.6
35;2021-05-06;6175;5267;282963;108923;26.2;10.1
35;2021-05-07;5619;5249;288582;114172;26.7;10.6
35;2021-05-08;1720;135;290302;114307;26.8;10.6
35;2021-05-09;698;75;291000;114382;26.9;10.6
35;2021-05-10;3724;4958;294724;119340;27.2;11.0
35;2021-05-11;4778;5808;299502;125148;27.7;11.6
35;2021-05-12;5289;5497;304791;130645;28.2;12.1
35;2021-05-13;2702;1427;307493;132072;28.4;12.2
35;2021-05-14;5458;4282;312951;136354;28.9;12.6
35;2021-05-15;2930;718;315881;137072;29.2;12.7
35;2021-05-16;999;61;316880;137133;29.3;12.7
35;2021-05-17;4476;3884;321356;141017;29.7;13.0
35;2021-05-18;5837;4325;327193;145342;30.2;13.4
35;2021-05-19;5867;3634;333060;148976;30.8;13.8
35;2021-05-20;6447;4011;339507;152987;31.4;14.1
35;2021-05-21;6140;4766;345647;157753;31.9;14.6
35;2021-05-22;2118;739;347765;158492;32.1;14.6
35;2021-05-23;688;46;348453;158538;32.2;14.7
35;2021-05-24;3207;1297;351660;159835;32.5;14.8
35;2021-05-25;5543;4273;357203;164108;33.0;15.2
35;2021-05-26;5727;4166;362930;168274;33.5;15.6
35;2021-05-27;6529;4776;369459;173050;34.1;16.0
35;2021-05-28;6333;5571;375792;178621;34.7;16.5
35;2021-05-29;2875;1148;378667;179769;35.0;16.6
35;2021-05-30;877;39;379544;179808;35.1;16.6
35;2021-05-31;6311;4388;385855;184196;35.7;17.0
35;2021-06-01;7366;5123;393221;189319;36.3;17.5
35;2021-06-02;7222;3798;400443;193117;37.0;17.8
35;2021-06-03;8155;4996;408598;198113;37.8;18.3
35;2021-06-04;7275;7459;415873;205572;38.4;19.0
35;2021-06-05;4139;1583;420012;207155;38.8;19.1
35;2021-06-06;3055;147;423067;207302;39.1;19.2
35;2021-06-07;5783;5777;428850;213079;39.6;19.7
35;2021-06-08;7601;5955;436451;219034;40.3;20.2
35;2021-06-09;8464;4814;444915;223848;41.1;20.7
35;2021-06-10;9347;4752;454262;228600;42.0;21.1
35;2021-06-11;8637;7474;462899;236074;42.8;21.8
35;2021-06-12;4688;1209;467587;237283;43.2;21.9
35;2021-06-13;3386;226;470973;237509;43.5;21.9
35;2021-06-14;6233;6518;477206;244027;44.1;22.6
35;2021-06-15;7506;6964;484712;250991;44.8;23.2
35;2021-06-16;8322;5624;493034;256615;45.6;23.7
35;2021-06-17;8895;5906;501929;262521;46.4;24.3
35;2021-06-18;8718;8103;510647;270624;47.2;25.0
35;2021-06-19;1504;2510;512151;273134;47.3;25.2
35;2021-06-20;2955;883;515106;274017;47.6;25.3
35;2021-06-21;5932;6378;521038;280395;48.2;25.9
35;2021-06-22;6841;7498;527879;287893;48.8;26.6
35;2021-06-23;7253;6148;535132;294041;49.5;27.2
35;2021-06-24;8371;5926;543503;299967;50.2;27.7
35;2021-06-25;6631;8480;550134;308447;50.8;28.5
35;2021-06-26;1107;3077;551241;311524;50.9;28.8
35;2021-06-27;2637;1030;553878;312554;51.2;28.9
35;2021-06-28;4295;7760;558173;320314;51.6;29.6
35;2021-06-29;5089;7971;563262;328285;52.1;30.3
35;2021-06-30;5604;7892;568866;336177;52.6;31.1
35;2021-07-01;6587;7547;575453;343724;53.2;31.8
35;2021-07-02;5334;9857;580787;353581;53.7;32.7
35;2021-07-03;1083;2839;581870;356420;53.8;32.9
35;2021-07-04;2149;1555;584019;357975;54.0;33.1
35;2021-07-05;3734;8205;587753;366180;54.3;33.8
35;2021-07-06;4791;9477;592544;375657;54.8;34.7
35;2021-07-07;5057;8323;597601;383980;55.2;35.5
35;2021-07-08;5386;8489;602987;392469;55.7;36.3
35;2021-07-09;3908;11546;606895;404015;56.1;37.3
35;2021-07-10;892;3149;607787;407164;56.2;37.6
35;2021-07-11;1301;2355;609088;409519;56.3;37.8
35;2021-07-12;3118;9145;612206;418664;56.6;38.7
35;2021-07-13;3981;10748;616187;429412;56.9;39.7
35;2021-07-14;2150;4449;618337;433861;57.1;40.1
35;2021-07-15;4293;10180;622630;444041;57.5;41.0
35;2021-07-16;4800;11011;627430;455052;58.0;42.1
35;2021-07-17;1985;4065;629415;459117;58.2;42.4
35;2021-07-18;844;2569;630259;461686;58.2;42.7
35;2021-07-19;3252;8972;633511;470658;58.5;43.5
35;2021-07-20;4242;10590;637753;481248;58.9;44.5
35;2021-07-21;4364;9387;642117;490635;59.3;45.3
35;2021-07-22;4848;9662;646965;500297;59.8;46.2
35;2021-07-23;4563;11014;651528;511311;60.2;47.3
35;2021-07-24;1587;4272;653115;515583;60.4;47.6
35;2021-07-25;816;2846;653931;518429;60.4;47.9
35;2021-07-26;3890;8737;657821;527166;60.8;48.7
35;2021-07-27;5272;9657;663093;536823;61.3;49.6
35;2021-07-28;5314;8673;668407;545496;61.8;50.4
35;2021-07-29;6106;8340;674513;553836;62.3;51.2
35;2021-07-30;5894;9089;680407;562925;62.9;52.0
35;2021-07-31;2314;3655;682721;566580;63.1;52.4
35;2021-08-01;1524;2412;684245;568992;63.2;52.6
35;2021-08-02;4749;6948;688994;575940;63.7;53.2
35;2021-08-03;6705;7583;695699;583523;64.3;53.9
35;2021-08-04;6700;6590;702399;590113;64.9;54.5
35;2021-08-05;6674;6979;709073;597092;65.5;55.2
35;2021-08-06;6044;7319;715117;604411;66.1;55.9
35;2021-08-07;2103;3150;717220;607561;66.3;56.1
35;2021-08-08;1525;2254;718745;609815;66.4;56.4
35;2021-08-09;4605;5536;723350;615351;66.8;56.9
35;2021-08-10;6542;6370;729892;621721;67.5;57.5
35;2021-08-11;6448;5861;736340;627582;68.0;58.0
35;2021-08-12;6958;5582;743298;633164;68.7;58.5
35;2021-08-13;6595;5060;749893;638224;69.3;59.0
35;2021-08-14;3038;1982;752931;640206;69.6;59.2
35;2021-08-15;2466;1255;755397;641461;69.8;59.3
35;2021-08-16;4834;5291;760231;646752;70.3;59.8
35;2021-08-17;6343;6070;766574;652822;70.8;60.3
35;2021-08-18;6441;5623;773015;658445;71.4;60.9
35;2021-08-19;6250;5751;779265;664196;72.0;61.4
35;2021-08-20;5100;6342;784365;670538;72.5;62.0
35;2021-08-21;2376;2627;786741;673165;72.7;62.2
35;2021-08-22;1760;1791;788501;674956;72.9;62.4
35;2021-08-23;3086;6007;791587;680963;73.2;62.9
35;2021-08-24;3454;7220;795041;688183;73.5;63.6
35;2021-08-25;3285;6610;798326;694793;73.8;64.2
35;2021-08-26;2617;6887;800943;701680;74.0;64.8
35;2021-08-27;2737;7252;803680;708932;74.3;65.5
35;2021-08-28;1173;2949;804853;711881;74.4;65.8
35;2021-08-29;520;1757;805373;713638;74.4;66.0
35;2021-08-30;1952;5473;807325;719111;74.6;66.5
35;2021-08-31;2330;6496;809655;725607;74.8;67.1
35;2021-09-01;1910;6073;811565;731680;75.0;67.6
35;2021-09-02;1809;6164;813374;737844;75.2;68.2
36;2020-12-27;0;0;0;0;0.0;0.0
36;2020-12-28;0;0;0;0;0.0;0.0
36;2020-12-29;0;0;0;0;0.0;0.0
36;2020-12-30;0;0;0;0;0.0;0.0
36;2020-12-31;0;0;0;0;0.0;0.0
36;2021-01-01;0;0;0;0;0.0;0.0
36;2021-01-02;0;0;0;0;0.0;0.0
36;2021-01-03;0;0;0;0;0.0;0.0
36;2021-01-04;2;0;2;0;0.0;0.0
36;2021-01-05;0;0;2;0;0.0;0.0
36;2021-01-06;24;0;26;0;0.0;0.0
36;2021-01-07;51;0;77;0;0.0;0.0
36;2021-01-08;111;0;188;0;0.1;0.0
36;2021-01-09;83;0;271;0;0.1;0.0
36;2021-01-10;142;0;413;0;0.2;0.0
36;2021-01-11;239;1;652;1;0.3;0.0
36;2021-01-12;282;0;934;1;0.4;0.0
36;2021-01-13;198;1;1132;2;0.5;0.0
36;2021-01-14;505;3;1637;5;0.8;0.0
36;2021-01-15;179;1;1816;6;0.8;0.0
36;2021-01-16;24;1;1840;7;0.8;0.0
36;2021-01-17;19;1;1859;8;0.9;0.0
36;2021-01-18;613;4;2472;12;1.1;0.0
36;2021-01-19;1175;2;3647;14;1.7;0.0
36;2021-01-20;1102;4;4749;18;2.2;0.0
36;2021-01-21;721;0;5470;18;2.5;0.0
36;2021-01-22;857;2;6327;20;2.9;0.0
36;2021-01-23;295;0;6622;20;3.0;0.0
36;2021-01-24;185;0;6807;20;3.1;0.0
36;2021-01-25;640;4;7447;24;3.4;0.0
36;2021-01-26;610;1;8057;25;3.7;0.0
36;2021-01-27;851;19;8908;44;4.1;0.0
36;2021-01-28;477;41;9385;85;4.3;0.0
36;2021-01-29;573;94;9958;179;4.6;0.1
36;2021-01-30;288;69;10246;248;4.7;0.1
36;2021-01-31;115;125;10361;373;4.8;0.2
36;2021-02-01;378;100;10739;473;4.9;0.2
36;2021-02-02;410;173;11149;646;5.1;0.3
36;2021-02-03;473;261;11622;907;5.4;0.4
36;2021-02-04;275;266;11897;1173;5.5;0.5
36;2021-02-05;302;164;12199;1337;5.6;0.6
36;2021-02-06;1;0;12200;1337;5.6;0.6
36;2021-02-07;1;0;12201;1337;5.6;0.6
36;2021-02-08;280;240;12481;1577;5.7;0.7
36;2021-02-09;328;597;12809;2174;5.9;1.0
36;2021-02-10;490;646;13299;2820;6.1;1.3
36;2021-02-11;384;582;13683;3402;6.3;1.6
36;2021-02-12;303;444;13986;3846;6.4;1.8
36;2021-02-13;126;70;14112;3916;6.5;1.8
36;2021-02-14;22;35;14134;3951;6.5;1.8
36;2021-02-15;42;545;14176;4496;6.5;2.1
36;2021-02-16;107;384;14283;4880;6.6;2.2
36;2021-02-17;117;583;14400;5463;6.6;2.5
36;2021-02-18;161;596;14561;6059;6.7;2.8
36;2021-02-19;181;507;14742;6566;6.8;3.0
36;2021-02-20;86;230;14828;6796;6.8;3.1
36;2021-02-21;87;151;14915;6947;6.9;3.2
36;2021-02-22;162;485;15077;7432;6.9;3.4
36;2021-02-23;62;563;15139;7995;7.0;3.7
36;2021-02-24;109;658;15248;8653;7.0;4.0
36;2021-02-25;251;270;15499;8923;7.1;4.1
36;2021-02-26;339;461;15838;9384;7.3;4.3
36;2021-02-27;73;273;15911;9657;7.3;4.4
36;2021-02-28;13;93;15924;9750;7.3;4.5
36;2021-03-01;218;334;16142;10084;7.4;4.6
36;2021-03-02;352;356;16494;10440;7.6;4.8
36;2021-03-03;394;525;16888;10965;7.8;5.0
36;2021-03-04;663;352;17551;11317;8.1;5.2
36;2021-03-05;799;298;18350;11615;8.5;5.3
36;2021-03-06;410;17;18760;11632;8.6;5.4
36;2021-03-07;339;7;19099;11639;8.8;5.4
36;2021-03-08;251;316;19350;11955;8.9;5.5
36;2021-03-09;449;267;19799;12222;9.1;5.6
36;2021-03-10;724;407;20523;12629;9.5;5.8
36;2021-03-11;839;245;21362;12874;9.8;5.9
36;2021-03-12;1446;298;22808;13172;10.5;6.1
36;2021-03-13;575;128;23383;13300;10.8;6.1
36;2021-03-14;113;1;23496;13301;10.8;6.1
36;2021-03-15;648;157;24144;13458;11.1;6.2
36;2021-03-16;447;67;24591;13525;11.3;6.2
36;2021-03-17;765;91;25356;13616;11.7;6.3
36;2021-03-18;414;72;25770;13688;11.9;6.3
36;2021-03-19;738;40;26508;13728;12.2;6.3
36;2021-03-20;451;27;26959;13755;12.4;6.3
36;2021-03-21;0;0;26959;13755;12.4;6.3
36;2021-03-22;497;60;27456;13815;12.6;6.4
36;2021-03-23;777;58;28233;13873;13.0;6.4
36;2021-03-24;1089;76;29322;13949;13.5;6.4
36;2021-03-25;1337;89;30659;14038;14.1;6.5
36;2021-03-26;1419;158;32078;14196;14.8;6.5
36;2021-03-27;475;43;32553;14239;15.0;6.6
36;2021-03-28;68;57;32621;14296;15.0;6.6
36;2021-03-29;462;185;33083;14481;15.2;6.7
36;2021-03-30;584;264;33667;14745;15.5;6.8
36;2021-03-31;1263;172;34930;14917;16.1;6.9
36;2021-04-01;1086;430;36016;15347;16.6;7.1
36;2021-04-02;966;140;36982;15487;17.0;7.1
36;2021-04-03;282;182;37264;15669;17.2;7.2
36;2021-04-04;42;2;37306;15671;17.2;7.2
36;2021-04-05;15;46;37321;15717;17.2;7.2
36;2021-04-06;821;362;38142;16079;17.6;7.4
36;2021-04-07;1073;542;39215;16621;18.1;7.7
36;2021-04-08;1347;479;40562;17100;18.7;7.9
36;2021-04-09;1939;405;42501;17505;19.6;8.1
36;2021-04-10;592;243;43093;17748;19.8;8.2
36;2021-04-11;256;90;43349;17838;20.0;8.2
36;2021-04-12;848;561;44197;18399;20.4;8.5
36;2021-04-13;1140;517;45337;18916;20.9;8.7
36;2021-04-14;1582;864;46919;19780;21.6;9.1
36;2021-04-15;1654;473;48573;20253;22.4;9.3
36;2021-04-16;1488;466;50061;20719;23.1;9.5
36;2021-04-17;893;250;50954;20969;23.5;9.7
36;2021-04-18;383;7;51337;20976;23.6;9.7
36;2021-04-19;874;444;52211;21420;24.0;9.9
36;2021-04-20;1145;523;53356;21943;24.6;10.1
36;2021-04-21;1240;878;54596;22821;25.1;10.5
36;2021-04-22;1593;872;56189;23693;25.9;10.9
36;2021-04-23;1327;616;57516;24309;26.5;11.2
36;2021-04-24;678;381;58194;24690;26.8;11.4
36;2021-04-25;413;95;58607;24785;27.0;11.4
36;2021-04-26;1134;449;59741;25234;27.5;11.6
36;2021-04-27;1278;553;61019;25787;28.1;11.9
36;2021-04-28;1488;1064;62507;26851;28.8;12.4
36;2021-04-29;2016;709;64523;27560;29.7;12.7
36;2021-04-30;1553;458;66076;28018;30.4;12.9
36;2021-05-01;724;64;66800;28082;30.8;12.9
36;2021-05-02;498;64;67298;28146;31.0;13.0
36;2021-05-03;1292;315;68590;28461;31.6;13.1
36;2021-05-04;780;806;69370;29267;31.9;13.5
36;2021-05-05;1283;1307;70653;30574;32.5;14.1
36;2021-05-06;2138;795;72791;31369;33.5;14.4
36;2021-05-07;1469;769;74260;32138;34.2;14.8
36;2021-05-08;306;105;74566;32243;34.3;14.8
36;2021-05-09;174;343;74740;32586;34.4;15.0
36;2021-05-10;1216;817;75956;33403;35.0;15.4
36;2021-05-11;1725;1250;77681;34653;35.8;16.0
36;2021-05-12;1827;1486;79508;36139;36.6;16.6
36;2021-05-13;548;306;80056;36445;36.9;16.8
36;2021-05-14;701;1039;80757;37484;37.2;17.3
36;2021-05-15;635;591;81392;38075;37.5;17.5
36;2021-05-16;337;377;81729;38452;37.6;17.7
36;2021-05-17;615;943;82344;39395;37.9;18.1
36;2021-05-18;874;937;83218;40332;38.3;18.6
36;2021-05-19;1333;846;84551;41178;38.9;19.0
36;2021-05-20;1611;1209;86162;42387;39.7;19.5
36;2021-05-21;1107;1068;87269;43455;40.2;20.0
36;2021-05-22;678;342;87947;43797;40.5;20.2
36;2021-05-23;429;297;88376;44094;40.7;20.3
36;2021-05-24;505;469;88881;44563;40.9;20.5
36;2021-05-25;1045;685;89926;45248;41.4;20.8
36;2021-05-26;1473;1166;91399;46414;42.1;21.4
36;2021-05-27;1397;978;92796;47392;42.7;21.8
36;2021-05-28;921;1482;93717;48874;43.2;22.5
36;2021-05-29;700;507;94417;49381;43.5;22.7
36;2021-05-30;111;573;94528;49954;43.5;23.0
36;2021-05-31;1138;764;95666;50718;44.1;23.4
36;2021-06-01;1412;829;97078;51547;44.7;23.7
36;2021-06-02;2062;614;99140;52161;45.7;24.0
36;2021-06-03;1902;1201;101042;53362;46.5;24.6
36;2021-06-04;1774;1045;102816;54407;47.4;25.1
36;2021-06-05;692;658;103508;55065;47.7;25.4
36;2021-06-06;336;273;103844;55338;47.8;25.5
36;2021-06-07;983;808;104827;56146;48.3;25.9
36;2021-06-08;958;981;105785;57127;48.7;26.3
36;2021-06-09;1675;1070;107460;58197;49.5;26.8
36;2021-06-10;1532;1382;108992;59579;50.2;27.4
36;2021-06-11;1289;1497;110281;61076;50.8;28.1
36;2021-06-12;920;782;111201;61858;51.2;28.5
36;2021-06-13;343;269;111544;62127;51.4;28.6
36;2021-06-14;606;1269;112150;63396;51.6;29.2
36;2021-06-15;734;1215;112884;64611;52.0;29.8
36;2021-06-16;902;1519;113786;66130;52.4;30.5
36;2021-06-17;750;1903;114536;68033;52.7;31.3
36;2021-06-18;706;1881;115242;69914;53.1;32.2
36;2021-06-19;295;395;115537;70309;53.2;32.4
36;2021-06-20;235;327;115772;70636;53.3;32.5
36;2021-06-21;686;1449;116458;72085;53.6;33.2
36;2021-06-22;841;1551;117299;73636;54.0;33.9
36;2021-06-23;773;1790;118072;75426;54.4;34.7
36;2021-06-24;855;1524;118927;76950;54.8;35.4
36;2021-06-25;942;1222;119869;78172;55.2;36.0
36;2021-06-26;325;602;120194;78774;55.4;36.3
36;2021-06-27;105;267;120299;79041;55.4;36.4
36;2021-06-28;697;925;120996;79966;55.7;36.8
36;2021-06-29;688;1459;121684;81425;56.0;37.5
36;2021-06-30;837;2149;122521;83574;56.4;38.5
36;2021-07-01;351;1081;122872;84655;56.6;39.0
36;2021-07-02;747;1845;123619;86500;56.9;39.8
36;2021-07-03;466;885;124085;87385;57.1;40.2
36;2021-07-04;185;325;124270;87710;57.2;40.4
36;2021-07-05;494;1335;124764;89045;57.5;41.0
36;2021-07-06;491;1221;125255;90266;57.7;41.6
36;2021-07-07;586;1793;125841;92059;58.0;42.4
36;2021-07-08;550;1706;126391;93765;58.2;43.2
36;2021-07-09;786;1654;127177;95419;58.6;43.9
36;2021-07-10;470;1119;127647;96538;58.8;44.5
36;2021-07-11;257;154;127904;96692;58.9;44.5
36;2021-07-12;332;1627;128236;98319;59.1;45.3
36;2021-07-13;312;1936;128548;100255;59.2;46.2
36;2021-07-14;376;763;128924;101018;59.4;46.5
36;2021-07-15;915;2167;129839;103185;59.8;47.5
36;2021-07-16;627;1874;130466;105059;60.1;48.4
36;2021-07-17;400;859;130866;105918;60.3;48.8
36;2021-07-18;199;408;131065;106326;60.4;49.0
36;2021-07-19;552;1457;131617;107783;60.6;49.6
36;2021-07-20;776;1409;132393;109192;61.0;50.3
36;2021-07-21;712;1982;133105;111174;61.3;51.2
36;2021-07-22;1139;1686;134244;112860;61.8;52.0
36;2021-07-23;969;1746;135213;114606;62.3;52.8
36;2021-07-24;606;801;135819;115407;62.5;53.1
36;2021-07-25;148;403;135967;115810;62.6;53.3
36;2021-07-26;950;1086;136917;116896;63.1;53.8
36;2021-07-27;816;1354;137733;118250;63.4;54.5
36;2021-07-28;1385;1400;139118;119650;64.1;55.1
36;2021-07-29;1707;1309;140825;120959;64.9;55.7
36;2021-07-30;1447;1324;142272;122283;65.5;56.3
36;2021-07-31;932;535;143204;122818;66.0;56.6
36;2021-08-01;209;239;143413;123057;66.0;56.7
36;2021-08-02;1114;894;144527;123951;66.6;57.1
36;2021-08-03;1271;994;145798;124945;67.1;57.5
36;2021-08-04;1692;938;147490;125883;67.9;58.0
36;2021-08-05;1821;910;149311;126793;68.8;58.4
36;2021-08-06;1419;876;150730;127669;69.4;58.8
36;2021-08-07;539;528;151269;128197;69.7;59.0
36;2021-08-08;292;154;151561;128351;69.8;59.1
36;2021-08-09;818;846;152379;129197;70.2;59.5
36;2021-08-10;1064;1013;153443;130210;70.7;60.0
36;2021-08-11;1348;856;154791;131066;71.3;60.4
36;2021-08-12;1157;855;155948;131921;71.8;60.8
36;2021-08-13;1183;778;157131;132699;72.4;61.1
36;2021-08-14;424;837;157555;133536;72.6;61.5
36;2021-08-15;363;113;157918;133649;72.7;61.5
36;2021-08-16;605;957;158523;134606;73.0;62.0
36;2021-08-17;766;1001;159289;135607;73.4;62.5
36;2021-08-18;1035;1163;160324;136770;73.8;63.0
36;2021-08-19;834;1181;161158;137951;74.2;63.5
36;2021-08-20;483;1479;161641;139430;74.4;64.2
36;2021-08-21;309;466;161950;139896;74.6;64.4
36;2021-08-22;27;64;161977;139960;74.6;64.5
36;2021-08-23;549;1177;162526;141137;74.8;65.0
36;2021-08-24;588;1203;163114;142340;75.1;65.6
36;2021-08-25;459;1092;163573;143432;75.3;66.1
36;2021-08-26;662;1478;164235;144910;75.6;66.7
36;2021-08-27;527;1407;164762;146317;75.9;67.4
36;2021-08-28;368;580;165130;146897;76.0;67.7
36;2021-08-29;220;239;165350;147136;76.1;67.8
36;2021-08-30;246;749;165596;147885;76.3;68.1
36;2021-08-31;387;933;165983;148818;76.4;68.5
36;2021-09-01;381;1218;166364;150036;76.6;69.1
36;2021-09-02;284;1046;166648;151082;76.7;69.6
37;2020-12-27;0;0;0;0;0.0;0.0
37;2020-12-28;17;0;17;0;0.0;0.0
37;2020-12-29;10;0;27;0;0.0;0.0
37;2020-12-30;0;0;27;0;0.0;0.0
37;2020-12-31;0;0;27;0;0.0;0.0
37;2021-01-01;0;0;27;0;0.0;0.0
37;2021-01-02;0;0;27;0;0.0;0.0
37;2021-01-03;0;0;27;0;0.0;0.0
37;2021-01-04;21;0;48;0;0.0;0.0
37;2021-01-05;47;0;95;0;0.0;0.0
37;2021-01-06;79;0;174;0;0.0;0.0
37;2021-01-07;115;0;289;0;0.0;0.0
37;2021-01-08;442;1;731;1;0.1;0.0
37;2021-01-09;80;1;811;2;0.1;0.0
37;2021-01-10;83;0;894;2;0.1;0.0
37;2021-01-11;280;0;1174;2;0.2;0.0
37;2021-01-12;658;4;1832;6;0.3;0.0
37;2021-01-13;560;1;2392;7;0.4;0.0
37;2021-01-14;522;3;2914;10;0.5;0.0
37;2021-01-15;628;1;3542;11;0.6;0.0
37;2021-01-16;304;2;3846;13;0.6;0.0
37;2021-01-17;262;1;4108;14;0.7;0.0
37;2021-01-18;734;10;4842;24;0.8;0.0
37;2021-01-19;1243;10;6085;34;1.0;0.0
37;2021-01-20;1038;3;7123;37;1.2;0.0
37;2021-01-21;856;1;7979;38;1.3;0.0
37;2021-01-22;767;2;8746;40;1.4;0.0
37;2021-01-23;173;0;8919;40;1.5;0.0
37;2021-01-24;0;0;8919;40;1.5;0.0
37;2021-01-25;540;15;9459;55;1.6;0.0
37;2021-01-26;1814;66;11273;121;1.9;0.0
37;2021-01-27;1524;70;12797;191;2.1;0.0
37;2021-01-28;1530;90;14327;281;2.4;0.0
37;2021-01-29;633;309;14960;590;2.5;0.1
37;2021-01-30;202;61;15162;651;2.5;0.1
37;2021-01-31;15;57;15177;708;2.5;0.1
37;2021-02-01;332;194;15509;902;2.6;0.1
37;2021-02-02;523;517;16032;1419;2.6;0.2
37;2021-02-03;659;343;16691;1762;2.8;0.3
37;2021-02-04;548;400;17239;2162;2.8;0.4
37;2021-02-05;466;428;17705;2590;2.9;0.4
37;2021-02-06;189;2;17894;2592;3.0;0.4
37;2021-02-07;20;1;17914;2593;3.0;0.4
37;2021-02-08;331;307;18245;2900;3.0;0.5
37;2021-02-09;625;693;18870;3593;3.1;0.6
37;2021-02-10;662;501;19532;4094;3.2;0.7
37;2021-02-11;612;545;20144;4639;3.3;0.8
37;2021-02-12;489;541;20633;5180;3.4;0.9
37;2021-02-13;155;192;20788;5372;3.4;0.9
37;2021-02-14;2;71;20790;5443;3.4;0.9
37;2021-02-15;425;433;21215;5876;3.5;1.0
37;2021-02-16;841;1407;22056;7283;3.6;1.2
37;2021-02-17;635;1331;22691;8614;3.7;1.4
37;2021-02-18;912;1389;23603;10003;3.9;1.7
37;2021-02-19;795;817;24398;10820;4.0;1.8
37;2021-02-20;245;193;24643;11013;4.1;1.8
37;2021-02-21;5;1;24648;11014;4.1;1.8
37;2021-02-22;334;557;24982;11571;4.1;1.9
37;2021-02-23;606;588;25588;12159;4.2;2.0
37;2021-02-24;572;584;26160;12743;4.3;2.1
37;2021-02-25;875;570;27035;13313;4.5;2.2
37;2021-02-26;1116;550;28151;13863;4.7;2.3
37;2021-02-27;584;178;28735;14041;4.7;2.3
37;2021-02-28;23;0;28758;14041;4.8;2.3
37;2021-03-01;603;352;29361;14393;4.9;2.4
37;2021-03-02;1090;530;30451;14923;5.0;2.5
37;2021-03-03;973;535;31424;15458;5.2;2.6
37;2021-03-04;1607;479;33031;15937;5.5;2.6
37;2021-03-05;2129;557;35160;16494;5.8;2.7
37;2021-03-06;1165;209;36325;16703;6.0;2.8
37;2021-03-07;472;66;36797;16769;6.1;2.8
37;2021-03-08;666;398;37463;17167;6.2;2.8
37;2021-03-09;1652;699;39115;17866;6.5;3.0
37;2021-03-10;1606;747;40721;18613;6.7;3.1
37;2021-03-11;2048;693;42769;19306;7.1;3.2
37;2021-03-12;3207;476;45976;19782;7.6;3.3
37;2021-03-13;1947;191;47923;19973;7.9;3.3
37;2021-03-14;206;4;48129;19977;8.0;3.3
37;2021-03-15;1069;249;49198;20226;8.1;3.3
37;2021-03-16;1048;531;50246;20757;8.3;3.4
37;2021-03-17;934;280;51180;21037;8.5;3.5
37;2021-03-18;1034;524;52214;21561;8.6;3.6
37;2021-03-19;2218;340;54432;21901;9.0;3.6
37;2021-03-20;1334;141;55766;22042;9.2;3.6
37;2021-03-21;204;4;55970;22046;9.2;3.6
37;2021-03-22;1287;241;57257;22287;9.5;3.7
37;2021-03-23;2256;569;59513;22856;9.8;3.8
37;2021-03-24;2246;463;61759;23319;10.2;3.9
37;2021-03-25;2984;445;64743;23764;10.7;3.9
37;2021-03-26;3524;410;68267;24174;11.3;4.0
37;2021-03-27;1175;128;69442;24302;11.5;4.0
37;2021-03-28;139;1;69581;24303;11.5;4.0
37;2021-03-29;1604;347;71185;24650;11.8;4.1
37;2021-03-30;2524;623;73709;25273;12.2;4.2
37;2021-03-31;2047;484;75756;25757;12.5;4.3
37;2021-04-01;2601;966;78357;26723;12.9;4.4
37;2021-04-02;2812;669;81169;27392;13.4;4.5
37;2021-04-03;817;224;81986;27616;13.5;4.6
37;2021-04-04;104;1;82090;27617;13.6;4.6
37;2021-04-05;4;0;82094;27617;13.6;4.6
37;2021-04-06;2240;780;84334;28397;13.9;4.7
37;2021-04-07;3172;873;87506;29270;14.5;4.8
37;2021-04-08;4045;966;91551;30236;15.1;5.0
37;2021-04-09;4543;948;96094;31184;15.9;5.2
37;2021-04-10;1328;433;97422;31617;16.1;5.2
37;2021-04-11;104;1;97526;31618;16.1;5.2
37;2021-04-12;2643;676;100169;32294;16.5;5.3
37;2021-04-13;4114;1164;104283;33458;17.2;5.5
37;2021-04-14;3044;895;107327;34353;17.7;5.7
37;2021-04-15;3760;1019;111087;35372;18.3;5.8
37;2021-04-16;4359;1228;115446;36600;19.1;6.0
37;2021-04-17;1147;223;116593;36823;19.3;6.1
37;2021-04-18;97;3;116690;36826;19.3;6.1
37;2021-04-19;2482;850;119172;37676;19.7;6.2
37;2021-04-20;3232;1338;122404;39014;20.2;6.4
37;2021-04-21;2929;1158;125333;40172;20.7;6.6
37;2021-04-22;3455;1400;128788;41572;21.3;6.9
37;2021-04-23;3691;1811;132479;43383;21.9;7.2
37;2021-04-24;1007;387;133486;43770;22.0;7.2
37;2021-04-25;46;2;133532;43772;22.1;7.2
37;2021-04-26;2971;1345;136503;45117;22.5;7.5
37;2021-04-27;4185;1813;140688;46930;23.2;7.8
37;2021-04-28;3462;1950;144150;48880;23.8;8.1
37;2021-04-29;4585;2018;148735;50898;24.6;8.4
37;2021-04-30;5055;1990;153790;52888;25.4;8.7
37;2021-05-01;637;212;154427;53100;25.5;8.8
37;2021-05-02;104;15;154531;53115;25.5;8.8
37;2021-05-03;2670;1956;157201;55071;26.0;9.1
37;2021-05-04;3731;2721;160932;57792;26.6;9.5
37;2021-05-05;3498;2088;164430;59880;27.2;9.9
37;2021-05-06;4994;1946;169424;61826;28.0;10.2
37;2021-05-07;4685;2885;174109;64711;28.8;10.7
37;2021-05-08;538;312;174647;65023;28.8;10.7
37;2021-05-09;63;41;174710;65064;28.9;10.7
37;2021-05-10;2160;3486;176870;68550;29.2;11.3
37;2021-05-11;3867;3881;180737;72431;29.9;12.0
37;2021-05-12;4041;2546;184778;74977;30.5;12.4
37;2021-05-13;1138;516;185916;75493;30.7;12.5
37;2021-05-14;4045;2683;189961;78176;31.4;12.9
37;2021-05-15;2323;743;192284;78919;31.8;13.0
37;2021-05-16;22;71;192306;78990;31.8;13.0
37;2021-05-17;2765;2052;195071;81042;32.2;13.4
37;2021-05-18;3874;2361;198945;83403;32.9;13.8
37;2021-05-19;3495;1806;202440;85209;33.4;14.1
37;2021-05-20;4752;1778;207192;86987;34.2;14.4
37;2021-05-21;4525;2573;211717;89560;35.0;14.8
37;2021-05-22;1078;752;212795;90312;35.2;14.9
37;2021-05-23;73;89;212868;90401;35.2;14.9
37;2021-05-24;513;106;213381;90507;35.2;15.0
37;2021-05-25;5124;2177;218505;92684;36.1;15.3
37;2021-05-26;4929;2099;223434;94783;36.9;15.7
37;2021-05-27;5987;2362;229421;97145;37.9;16.0
37;2021-05-28;6023;3266;235444;100411;38.9;16.6
37;2021-05-29;1520;1167;236964;101578;39.1;16.8
37;2021-05-30;55;160;237019;101738;39.2;16.8
37;2021-05-31;3648;2529;240667;104267;39.8;17.2
37;2021-06-01;5846;3622;246513;107889;40.7;17.8
37;2021-06-02;5077;2456;251590;110345;41.6;18.2
37;2021-06-03;6087;2881;257677;113226;42.6;18.7
37;2021-06-04;5511;4207;263188;117433;43.5;19.4
37;2021-06-05;1855;1305;265043;118738;43.8;19.6
37;2021-06-06;49;197;265092;118935;43.8;19.6
37;2021-06-07;3022;4169;268114;123104;44.3;20.3
37;2021-06-08;4202;4655;272316;127759;45.0;21.1
37;2021-06-09;3883;3570;276199;131329;45.6;21.7
37;2021-06-10;5269;3623;281468;134952;46.5;22.3
37;2021-06-11;4977;4837;286445;139789;47.3;23.1
37;2021-06-12;3553;1350;289998;141139;47.9;23.3
37;2021-06-13;15;164;290013;141303;47.9;23.3
37;2021-06-14;2667;4038;292680;145341;48.3;24.0
37;2021-06-15;3900;4782;296580;150123;49.0;24.8
37;2021-06-16;3259;3605;299839;153728;49.5;25.4
37;2021-06-17;4012;4496;303851;158224;50.2;26.1
37;2021-06-18;4705;5071;308556;163295;51.0;27.0
37;2021-06-19;2520;1103;311076;164398;51.4;27.2
37;2021-06-20;9;183;311085;164581;51.4;27.2
37;2021-06-21;2419;3827;313504;168408;51.8;27.8
37;2021-06-22;2970;5011;316474;173419;52.3;28.6
37;2021-06-23;2626;3645;319100;177064;52.7;29.2
37;2021-06-24;2874;3543;321974;180607;53.2;29.8
37;2021-06-25;3309;4881;325283;185488;53.7;30.6
37;2021-06-26;1240;3087;326523;188575;53.9;31.1
37;2021-06-27;23;142;326546;188717;53.9;31.2
37;2021-06-28;1703;4511;328249;193228;54.2;31.9
37;2021-06-29;1904;6222;330153;199450;54.5;32.9
37;2021-06-30;1871;4441;332024;203891;54.8;33.7
37;2021-07-01;2125;4794;334149;208685;55.2;34.5
37;2021-07-02;2680;5594;336829;214279;55.6;35.4
37;2021-07-03;945;2138;337774;216417;55.8;35.7
37;2021-07-04;5;105;337779;216522;55.8;35.8
37;2021-07-05;1708;5140;339487;221662;56.1;36.6
37;2021-07-06;2005;6762;341492;228424;56.4;37.7
37;2021-07-07;1945;5462;343437;233886;56.7;38.6
37;2021-07-08;2464;6663;345901;240549;57.1;39.7
37;2021-07-09;1988;7644;347889;248193;57.5;41.0
37;2021-07-10;1013;2615;348902;250808;57.6;41.4
37;2021-07-11;26;96;348928;250904;57.6;41.4
37;2021-07-12;1132;5984;350060;256888;57.8;42.4
37;2021-07-13;1616;7821;351676;264709;58.1;43.7
37;2021-07-14;524;407;352200;265116;58.2;43.8
37;2021-07-15;2625;7500;354825;272616;58.6;45.0
37;2021-07-16;2759;7804;357584;280420;59.1;46.3
37;2021-07-17;1202;2447;358786;282867;59.3;46.7
37;2021-07-18;50;53;358836;282920;59.3;46.7
37;2021-07-19;1652;6128;360488;289048;59.5;47.7
37;2021-07-20;2909;7068;363397;296116;60.0;48.9
37;2021-07-21;2984;5783;366381;301899;60.5;49.9
37;2021-07-22;4056;6532;370437;308431;61.2;50.9
37;2021-07-23;3810;7102;374247;315533;61.8;52.1
37;2021-07-24;1777;3308;376024;318841;62.1;52.7
37;2021-07-25;66;77;376090;318918;62.1;52.7
37;2021-07-26;3241;4322;379331;323240;62.7;53.4
37;2021-07-27;4433;4960;383764;328200;63.4;54.2
37;2021-07-28;4140;3659;387904;331859;64.1;54.8
37;2021-07-29;5086;4195;392990;336054;64.9;55.5
37;2021-07-30;5239;4931;398229;340985;65.8;56.3
37;2021-07-31;1922;1847;400151;342832;66.1;56.6
37;2021-08-01;31;51;400182;342883;66.1;56.6
37;2021-08-02;3294;3293;403476;346176;66.6;57.2
37;2021-08-03;5262;3144;408738;349320;67.5;57.7
37;2021-08-04;4556;1928;413294;351248;68.3;58.0
37;2021-08-05;4782;2600;418076;353848;69.1;58.5
37;2021-08-06;4850;3312;422926;357160;69.9;59.0
37;2021-08-07;1623;1122;424549;358282;70.1;59.2
37;2021-08-08;33;176;424582;358458;70.1;59.2
37;2021-08-09;2433;2259;427015;360717;70.5;59.6
37;2021-08-10;3024;2637;430039;363354;71.0;60.0
37;2021-08-11;2097;2107;432136;365461;71.4;60.4
37;2021-08-12;2613;2687;434749;368148;71.8;60.8
37;2021-08-13;2454;2772;437203;370920;72.2;61.3
37;2021-08-14;751;812;437954;371732;72.3;61.4
37;2021-08-15;12;57;437966;371789;72.3;61.4
37;2021-08-16;1460;3162;439426;374951;72.6;61.9
37;2021-08-17;1790;3973;441216;378924;72.9;62.6
37;2021-08-18;1390;3138;442606;382062;73.1;63.1
37;2021-08-19;1590;3843;444196;385905;73.4;63.7
37;2021-08-20;1588;4543;445784;390448;73.6;64.5
37;2021-08-21;610;1202;446394;391650;73.7;64.7
37;2021-08-22;4;31;446398;391681;73.7;64.7
37;2021-08-23;1282;3983;447680;395664;74.0;65.4
37;2021-08-24;1538;4844;449218;400508;74.2;66.2
37;2021-08-25;1053;4221;450271;404729;74.4;66.9
37;2021-08-26;1273;4513;451544;409242;74.6;67.6
37;2021-08-27;1432;5660;452976;414902;74.8;68.5
37;2021-08-28;404;1461;453380;416363;74.9;68.8
37;2021-08-29;1;18;453381;416381;74.9;68.8
37;2021-08-30;1064;3942;454445;420323;75.1;69.4
37;2021-08-31;1259;3819;455704;424142;75.3;70.1
37;2021-09-01;966;2686;456670;426828;75.4;70.5
37;2021-09-02;862;2798;457532;429626;75.6;71.0
38;2020-12-27;1;0;1;0;0.0;0.0
38;2020-12-28;1;0;2;0;0.0;0.0
38;2020-12-29;0;0;2;0;0.0;0.0
38;2020-12-30;2;0;4;0;0.0;0.0
38;2020-12-31;5;0;9;0;0.0;0.0
38;2021-01-01;2;0;11;0;0.0;0.0
38;2021-01-02;1;0;12;0;0.0;0.0
38;2021-01-03;2;0;14;0;0.0;0.0
38;2021-01-04;162;0;176;0;0.0;0.0
38;2021-01-05;258;1;434;1;0.0;0.0
38;2021-01-06;364;0;798;1;0.1;0.0
38;2021-01-07;636;1;1434;2;0.1;0.0
38;2021-01-08;695;0;2129;2;0.2;0.0
38;2021-01-09;30;0;2159;2;0.2;0.0
38;2021-01-10;2;0;2161;2;0.2;0.0
38;2021-01-11;801;2;2962;4;0.2;0.0
38;2021-01-12;1470;4;4432;8;0.4;0.0
38;2021-01-13;1083;5;5515;13;0.4;0.0
38;2021-01-14;1681;15;7196;28;0.6;0.0
38;2021-01-15;1676;7;8872;35;0.7;0.0
38;2021-01-16;307;1;9179;36;0.7;0.0
38;2021-01-17;3;0;9182;36;0.7;0.0
38;2021-01-18;1178;4;10360;40;0.8;0.0
38;2021-01-19;2239;6;12599;46;1.0;0.0
38;2021-01-20;1883;4;14482;50;1.1;0.0
38;2021-01-21;1641;7;16123;57;1.3;0.0
38;2021-01-22;1400;8;17523;65;1.4;0.0
38;2021-01-23;379;3;17902;68;1.4;0.0
38;2021-01-24;1;0;17903;68;1.4;0.0
38;2021-01-25;791;100;18694;168;1.5;0.0
38;2021-01-26;855;176;19549;344;1.5;0.0
38;2021-01-27;1091;269;20640;613;1.6;0.0
38;2021-01-28;1173;457;21813;1070;1.7;0.1
38;2021-01-29;952;366;22765;1436;1.8;0.1
38;2021-01-30;304;0;23069;1436;1.8;0.1
38;2021-01-31;0;0;23069;1436;1.8;0.1
38;2021-02-01;702;585;23771;2021;1.9;0.2
38;2021-02-02;966;941;24737;2962;2.0;0.2
38;2021-02-03;1230;685;25967;3647;2.1;0.3
38;2021-02-04;1278;950;27245;4597;2.2;0.4
38;2021-02-05;1400;829;28645;5426;2.3;0.4
38;2021-02-06;187;93;28832;5519;2.3;0.4
38;2021-02-07;3;48;28835;5567;2.3;0.4
38;2021-02-08;862;762;29697;6329;2.3;0.5
38;2021-02-09;1537;1268;31234;7597;2.5;0.6
38;2021-02-10;1581;1256;32815;8853;2.6;0.7
38;2021-02-11;1871;1117;34686;9970;2.7;0.8
38;2021-02-12;1509;1086;36195;11056;2.9;0.9
38;2021-02-13;466;184;36661;11240;2.9;0.9
38;2021-02-14;1;3;36662;11243;2.9;0.9
38;2021-02-15;977;903;37639;12146;3.0;1.0
38;2021-02-16;1378;936;39017;13082;3.1;1.0
38;2021-02-17;1376;1017;40393;14099;3.2;1.1
38;2021-02-18;1791;1027;42184;15126;3.3;1.2
38;2021-02-19;1256;836;43440;15962;3.4;1.3
38;2021-02-20;470;299;43910;16261;3.5;1.3
38;2021-02-21;0;0;43910;16261;3.5;1.3
38;2021-02-22;1074;875;44984;17136;3.6;1.4
38;2021-02-23;1540;913;46524;18049;3.7;1.4
38;2021-02-24;1733;1118;48257;19167;3.8;1.5
38;2021-02-25;2500;1028;50757;20195;4.0;1.6
38;2021-02-26;3311;961;54068;21156;4.3;1.7
38;2021-02-27;1511;426;55579;21582;4.4;1.7
38;2021-02-28;33;2;55612;21584;4.4;1.7
38;2021-03-01;2508;778;58120;22362;4.6;1.8
38;2021-03-02;4048;1048;62168;23410;4.9;1.9
38;2021-03-03;3368;1249;65536;24659;5.2;1.9
38;2021-03-04;4485;1386;70021;26045;5.5;2.1
38;2021-03-05;5231;1208;75252;27253;5.9;2.2
38;2021-03-06;3042;271;78294;27524;6.2;2.2
38;2021-03-07;115;2;78409;27526;6.2;2.2
38;2021-03-08;2442;904;80851;28430;6.4;2.2
38;2021-03-09;4025;1309;84876;29739;6.7;2.4
38;2021-03-10;3507;1084;88383;30823;7.0;2.4
38;2021-03-11;5141;1528;93524;32351;7.4;2.6
38;2021-03-12;7092;1176;100616;33527;8.0;2.7
38;2021-03-13;3772;221;104388;33748;8.3;2.7
38;2021-03-14;544;15;104932;33763;8.3;2.7
38;2021-03-15;2701;1008;107633;34771;8.5;2.7
38;2021-03-16;2081;1353;109714;36124;8.7;2.9
38;2021-03-17;2025;1208;111739;37332;8.8;3.0
38;2021-03-18;2641;1366;114380;38698;9.0;3.1
38;2021-03-19;4010;1063;118390;39761;9.4;3.1
38;2021-03-20;1824;246;120214;40007;9.5;3.2
38;2021-03-21;130;8;120344;40015;9.5;3.2
38;2021-03-22;2867;1003;123211;41018;9.7;3.2
38;2021-03-23;4781;1492;127992;42510;10.1;3.4
38;2021-03-24;3711;1577;131703;44087;10.4;3.5
38;2021-03-25;5791;1541;137494;45628;10.9;3.6
38;2021-03-26;6600;1737;144094;47365;11.4;3.7
38;2021-03-27;2512;762;146606;48127;11.6;3.8
38;2021-03-28;926;48;147532;48175;11.7;3.8
38;2021-03-29;2679;1848;150211;50023;11.9;4.0
38;2021-03-30;4564;2536;154775;52559;12.2;4.2
38;2021-03-31;3665;2226;158440;54785;12.5;4.3
38;2021-04-01;5131;2524;163571;57309;12.9;4.5
38;2021-04-02;3874;2528;167445;59837;13.2;4.7
38;2021-04-03;1418;944;168863;60781;13.3;4.8
38;2021-04-04;430;45;169293;60826;13.4;4.8
38;2021-04-05;2176;351;171469;61177;13.6;4.8
38;2021-04-06;4345;2400;175814;63577;13.9;5.0
38;2021-04-07;4415;2736;180229;66313;14.2;5.2
38;2021-04-08;5651;2670;185880;68983;14.7;5.5
38;2021-04-09;8562;2734;194442;71717;15.4;5.7
38;2021-04-10;3599;1477;198041;73194;15.7;5.8
38;2021-04-11;1048;100;199089;73294;15.7;5.8
38;2021-04-12;4199;2254;203288;75548;16.1;6.0
38;2021-04-13;6123;2474;209411;78022;16.6;6.2
38;2021-04-14;5120;2462;214531;80484;17.0;6.4
38;2021-04-15;6363;2770;220894;83254;17.5;6.6
38;2021-04-16;6216;2728;227110;85982;18.0;6.8
38;2021-04-17;2587;995;229697;86977;18.2;6.9
38;2021-04-18;1333;72;231030;87049;18.3;6.9
38;2021-04-19;3946;2838;234976;89887;18.6;7.1
38;2021-04-20;5424;2856;240400;92743;19.0;7.3
38;2021-04-21;4979;2707;245379;95450;19.4;7.5
38;2021-04-22;5785;2837;251164;98287;19.9;7.8
38;2021-04-23;6037;2821;257201;101108;20.3;8.0
38;2021-04-24;2665;1349;259866;102457;20.5;8.1
38;2021-04-25;803;590;260669;103047;20.6;8.1
38;2021-04-26;4487;2472;265156;105519;21.0;8.3
38;2021-04-27;6044;2728;271200;108247;21.4;8.6
38;2021-04-28;6197;2509;277397;110756;21.9;8.8
38;2021-04-29;8331;3070;285728;113826;22.6;9.0
38;2021-04-30;7673;4054;293401;117880;23.2;9.3
38;2021-05-01;1544;198;294945;118078;23.3;9.3
38;2021-05-02;846;73;295791;118151;23.4;9.3
38;2021-05-03;5299;3589;301090;121740;23.8;9.6
38;2021-05-04;6201;5081;307291;126821;24.3;10.0
38;2021-05-05;6068;4609;313359;131430;24.8;10.4
38;2021-05-06;6714;5332;320073;136762;25.3;10.8
38;2021-05-07;7283;6445;327356;143207;25.9;11.3
38;2021-05-08;3774;719;331130;143926;26.2;11.4
38;2021-05-09;2851;1930;333981;145856;26.4;11.5
38;2021-05-10;6153;5311;340134;151167;26.9;12.0
38;2021-05-11;8225;6026;348359;157193;27.5;12.4
38;2021-05-12;9049;4706;357408;161899;28.3;12.8
38;2021-05-13;6635;1415;364043;163314;28.8;12.9
38;2021-05-14;9565;3424;373608;166738;29.5;13.2
38;2021-05-15;6864;1453;380472;168191;30.1;13.3
38;2021-05-16;5474;652;385946;168843;30.5;13.3
38;2021-05-17;7672;3005;393618;171848;31.1;13.6
38;2021-05-18;8623;4036;402241;175884;31.8;13.9
38;2021-05-19;8158;3348;410399;179232;32.4;14.2
38;2021-05-20;8977;4494;419376;183726;33.2;14.5
38;2021-05-21;9960;4587;429336;188313;33.9;14.9
38;2021-05-22;7457;1907;436793;190220;34.5;15.0
38;2021-05-23;5589;579;442382;190799;35.0;15.1
38;2021-05-24;7501;1625;449883;192424;35.6;15.2
38;2021-05-25;9541;4856;459424;197280;36.3;15.6
38;2021-05-26;8123;4726;467547;202006;37.0;16.0
38;2021-05-27;9134;5657;476681;207663;37.7;16.4
38;2021-05-28;8787;6497;485468;214160;38.4;16.9
38;2021-05-29;5822;3258;491290;217418;38.8;17.2
38;2021-05-30;2694;1594;493984;219012;39.1;17.3
38;2021-05-31;8271;5138;502255;224150;39.7;17.7
38;2021-06-01;7963;6437;510218;230587;40.3;18.2
38;2021-06-02;7140;5626;517358;236213;40.9;18.7
38;2021-06-03;7397;6832;524755;243045;41.5;19.2
38;2021-06-04;8128;7617;532883;250662;42.1;19.8
38;2021-06-05;5796;3948;538679;254610;42.6;20.1
38;2021-06-06;2508;1462;541187;256072;42.8;20.2
38;2021-06-07;5552;6870;546739;262942;43.2;20.8
38;2021-06-08;5875;7534;552614;270476;43.7;21.4
38;2021-06-09;5050;6473;557664;276949;44.1;21.9
38;2021-06-10;5428;6792;563092;283741;44.5;22.4
38;2021-06-11;5887;7792;568979;291533;45.0;23.0
38;2021-06-12;3945;3259;572924;294792;45.3;23.3
38;2021-06-13;1256;1297;574180;296089;45.4;23.4
38;2021-06-14;3870;7666;578050;303755;45.7;24.0
38;2021-06-15;5234;8148;583284;311903;46.1;24.7
38;2021-06-16;5124;7408;588408;319311;46.5;25.2
38;2021-06-17;4523;7060;592931;326371;46.9;25.8
38;2021-06-18;6166;9231;599097;335602;47.4;26.5
38;2021-06-19;3595;4969;602692;340571;47.6;26.9
38;2021-06-20;1038;2901;603730;343472;47.7;27.2
38;2021-06-21;3750;8709;607480;352181;48.0;27.8
38;2021-06-22;3792;10107;611272;362288;48.3;28.6
38;2021-06-23;3155;9548;614427;371836;48.6;29.4
38;2021-06-24;3381;8589;617808;380425;48.8;30.1
38;2021-06-25;3783;11493;621591;391918;49.1;31.0
38;2021-06-26;2230;7852;623821;399770;49.3;31.6
38;2021-06-27;1099;4355;624920;404125;49.4;31.9
38;2021-06-28;2950;10304;627870;414429;49.6;32.8
38;2021-06-29;3786;10447;631656;424876;49.9;33.6
38;2021-06-30;4060;9939;635716;434815;50.3;34.4
38;2021-07-01;3545;9013;639261;443828;50.5;35.1
38;2021-07-02;3727;11612;642988;455440;50.8;36.0
38;2021-07-03;1738;8786;644726;464226;51.0;36.7
38;2021-07-04;1243;3207;645969;467433;51.1;37.0
38;2021-07-05;3062;10547;649031;477980;51.3;37.8
38;2021-07-06;3458;10240;652489;488220;51.6;38.6
38;2021-07-07;3567;9400;656056;497620;51.9;39.3
38;2021-07-08;3501;8223;659557;505843;52.1;40.0
38;2021-07-09;3893;10740;663450;516583;52.4;40.8
38;2021-07-10;2403;7806;665853;524389;52.6;41.5
38;2021-07-11;778;2027;666631;526416;52.7;41.6
38;2021-07-12;3478;10675;670109;537091;53.0;42.5
38;2021-07-13;6597;10935;676706;548026;53.5;43.3
38;2021-07-14;4675;3337;681381;551363;53.9;43.6
38;2021-07-15;8736;9674;690117;561037;54.6;44.4
38;2021-07-16;8757;10700;698874;571737;55.2;45.2
38;2021-07-17;4741;7482;703615;579219;55.6;45.8
38;2021-07-18;2573;2489;706188;581708;55.8;46.0
38;2021-07-19;5825;9225;712013;590933;56.3;46.7
38;2021-07-20;6287;8304;718300;599237;56.8;47.4
38;2021-07-21;7861;8030;726161;607267;57.4;48.0
38;2021-07-22;7598;6995;733759;614262;58.0;48.6
38;2021-07-23;8943;9038;742702;623300;58.7;49.3
38;2021-07-24;5574;5532;748276;628832;59.2;49.7
38;2021-07-25;2868;1650;751144;630482;59.4;49.8
38;2021-07-26;7872;7500;759016;637982;60.0;50.4
38;2021-07-27;7627;6268;766643;644250;60.6;50.9
38;2021-07-28;8627;5713;775270;649963;61.3;51.4
38;2021-07-29;7675;4680;782945;654643;61.9;51.8
38;2021-07-30;7761;6654;790706;661297;62.5;52.3
38;2021-07-31;4346;3604;795052;664901;62.9;52.6
38;2021-08-01;1296;1084;796348;665985;63.0;52.6
38;2021-08-02;3920;4446;800268;670431;63.3;53.0
38;2021-08-03;4573;4556;804841;674987;63.6;53.4
38;2021-08-04;4627;4354;809468;679341;64.0;53.7
38;2021-08-05;3718;4642;813186;683983;64.3;54.1
38;2021-08-06;4137;5945;817323;689928;64.6;54.5
38;2021-08-07;2305;3532;819628;693460;64.8;54.8
38;2021-08-08;791;2016;820419;695476;64.9;55.0
38;2021-08-09;3603;5574;824022;701050;65.1;55.4
38;2021-08-10;4866;6254;828888;707304;65.5;55.9
38;2021-08-11;3941;4661;832829;711965;65.8;56.3
38;2021-08-12;3359;4603;836188;716568;66.1;56.6
38;2021-08-13;4082;6034;840270;722602;66.4;57.1
38;2021-08-14;1735;4022;842005;726624;66.6;57.4
38;2021-08-15;527;1919;842532;728543;66.6;57.6
38;2021-08-16;2944;7923;845476;736466;66.8;58.2
38;2021-08-17;3392;5957;848868;742423;67.1;58.7
38;2021-08-18;2955;7147;851823;749570;67.3;59.3
38;2021-08-19;2557;4824;854380;754394;67.5;59.6
38;2021-08-20;2844;8414;857224;762808;67.8;60.3
38;2021-08-21;1181;5014;858405;767822;67.9;60.7
38;2021-08-22;495;1510;858900;769332;67.9;60.8
38;2021-08-23;2567;7621;861467;776953;68.1;61.4
38;2021-08-24;2550;5326;864017;782279;68.3;61.8
38;2021-08-25;2544;5861;866561;788140;68.5;62.3
38;2021-08-26;2239;4239;868800;792379;68.7;62.6
38;2021-08-27;2493;5918;871293;798297;68.9;63.1
38;2021-08-28;1406;3677;872699;801974;69.0;63.4
38;2021-08-29;374;1082;873073;803056;69.0;63.5
38;2021-08-30;2311;5773;875384;808829;69.2;63.9
38;2021-08-31;2197;4708;877581;813537;69.4;64.3
38;2021-09-01;2159;4340;879740;817877;69.5;64.7
38;2021-09-02;1640;3355;881380;821232;69.7;64.9
39;2020-12-27;0;0;0;0;0.0;0.0
39;2020-12-28;0;0;0;0;0.0;0.0
39;2020-12-29;0;0;0;0;0.0;0.0
39;2020-12-30;0;0;0;0;0.0;0.0
39;2020-12-31;0;0;0;0;0.0;0.0
39;2021-01-01;0;0;0;0;0.0;0.0
39;2021-01-02;0;0;0;0;0.0;0.0
39;2021-01-03;0;0;0;0;0.0;0.0
39;2021-01-04;3;0;3;0;0.0;0.0
39;2021-01-05;3;0;6;0;0.0;0.0
39;2021-01-06;57;3;63;3;0.0;0.0
39;2021-01-07;333;2;396;5;0.2;0.0
39;2021-01-08;657;2;1053;7;0.4;0.0
39;2021-01-09;169;0;1222;7;0.5;0.0
39;2021-01-10;1;0;1223;7;0.5;0.0
39;2021-01-11;476;1;1699;8;0.7;0.0
39;2021-01-12;431;1;2130;9;0.8;0.0
39;2021-01-13;408;2;2538;11;1.0;0.0
39;2021-01-14;574;3;3112;14;1.2;0.0
39;2021-01-15;471;1;3583;15;1.4;0.0
39;2021-01-16;141;1;3724;16;1.4;0.0
39;2021-01-17;0;1;3724;17;1.4;0.0
39;2021-01-18;924;7;4648;24;1.8;0.0
39;2021-01-19;1181;6;5829;30;2.3;0.0
39;2021-01-20;906;4;6735;34;2.6;0.0
39;2021-01-21;1178;2;7913;36;3.1;0.0
39;2021-01-22;985;2;8898;38;3.5;0.0
39;2021-01-23;383;1;9281;39;3.6;0.0
39;2021-01-24;0;0;9281;39;3.6;0.0
39;2021-01-25;642;2;9923;41;3.8;0.0
39;2021-01-26;1121;12;11044;53;4.3;0.0
39;2021-01-27;925;17;11969;70;4.6;0.0
39;2021-01-28;740;241;12709;311;4.9;0.1
39;2021-01-29;582;418;13291;729;5.2;0.3
39;2021-01-30;265;107;13556;836;5.3;0.3
39;2021-01-31;1;0;13557;836;5.3;0.3
39;2021-02-01;562;253;14119;1089;5.5;0.4
39;2021-02-02;754;323;14873;1412;5.8;0.5
39;2021-02-03;531;510;15404;1922;6.0;0.7
39;2021-02-04;554;456;15958;2378;6.2;0.9
39;2021-02-05;439;425;16397;2803;6.4;1.1
39;2021-02-06;265;110;16662;2913;6.5;1.1
39;2021-02-07;0;1;16662;2914;6.5;1.1
39;2021-02-08;321;347;16983;3261;6.6;1.3
39;2021-02-09;383;474;17366;3735;6.7;1.4
39;2021-02-10;253;327;17619;4062;6.8;1.6
39;2021-02-11;586;506;18205;4568;7.1;1.8
39;2021-02-12;386;413;18591;4981;7.2;1.9
39;2021-02-13;99;66;18690;5047;7.2;2.0
39;2021-02-14;0;0;18690;5047;7.2;2.0
39;2021-02-15;99;720;18789;5767;7.3;2.2
39;2021-02-16;99;894;18888;6661;7.3;2.6
39;2021-02-17;58;675;18946;7336;7.3;2.8
39;2021-02-18;109;841;19055;8177;7.4;3.2
39;2021-02-19;100;469;19155;8646;7.4;3.4
39;2021-02-20;18;359;19173;9005;7.4;3.5
39;2021-02-21;0;0;19173;9005;7.4;3.5
39;2021-02-22;100;710;19273;9715;7.5;3.8
39;2021-02-23;4;758;19277;10473;7.5;4.1
39;2021-02-24;125;854;19402;11327;7.5;4.4
39;2021-02-25;214;740;19616;12067;7.6;4.7
39;2021-02-26;218;465;19834;12532;7.7;4.9
39;2021-02-27;169;290;20003;12822;7.8;5.0
39;2021-02-28;1;0;20004;12822;7.8;5.0
39;2021-03-01;218;638;20222;13460;7.8;5.2
39;2021-03-02;329;827;20551;14287;8.0;5.5
39;2021-03-03;602;528;21153;14815;8.2;5.7
39;2021-03-04;658;475;21811;15290;8.5;5.9
39;2021-03-05;670;329;22481;15619;8.7;6.1
39;2021-03-06;777;246;23258;15865;9.0;6.2
39;2021-03-07;242;84;23500;15949;9.1;6.2
39;2021-03-08;286;446;23786;16395;9.2;6.4
39;2021-03-09;843;462;24629;16857;9.6;6.5
39;2021-03-10;984;341;25613;17198;9.9;6.7
39;2021-03-11;829;464;26442;17662;10.3;6.8
39;2021-03-12;806;292;27248;17954;10.6;7.0
39;2021-03-13;788;104;28036;18058;10.9;7.0
39;2021-03-14;35;10;28071;18068;10.9;7.0
39;2021-03-15;513;106;28584;18174;11.1;7.0
39;2021-03-16;555;68;29139;18242;11.3;7.1
39;2021-03-17;612;57;29751;18299;11.5;7.1
39;2021-03-18;597;71;30348;18370;11.8;7.1
39;2021-03-19;393;72;30741;18442;11.9;7.2
39;2021-03-20;312;10;31053;18452;12.0;7.2
39;2021-03-21;3;0;31056;18452;12.0;7.2
39;2021-03-22;754;117;31810;18569;12.3;7.2
39;2021-03-23;1130;44;32940;18613;12.8;7.2
39;2021-03-24;1179;97;34119;18710;13.2;7.3
39;2021-03-25;2042;130;36161;18840;14.0;7.3
39;2021-03-26;797;116;36958;18956;14.3;7.4
39;2021-03-27;345;7;37303;18963;14.5;7.4
39;2021-03-28;36;4;37339;18967;14.5;7.4
39;2021-03-29;1037;195;38376;19162;14.9;7.4
39;2021-03-30;1400;270;39776;19432;15.4;7.5
39;2021-03-31;657;528;40433;19960;15.7;7.7
39;2021-04-01;1310;316;41743;20276;16.2;7.9
39;2021-04-02;626;130;42369;20406;16.4;7.9
39;2021-04-03;180;8;42549;20414;16.5;7.9
39;2021-04-04;4;1;42553;20415;16.5;7.9
39;2021-04-05;1;0;42554;20415;16.5;7.9
39;2021-04-06;824;633;43378;21048;16.8;8.2
39;2021-04-07;1133;678;44511;21726;17.3;8.4
39;2021-04-08;1790;583;46301;22309;18.0;8.7
39;2021-04-09;1676;293;47977;22602;18.6;8.8
39;2021-04-10;346;185;48323;22787;18.7;8.8
39;2021-04-11;2;0;48325;22787;18.7;8.8
39;2021-04-12;680;398;49005;23185;19.0;9.0
39;2021-04-13;1200;579;50205;23764;19.5;9.2
39;2021-04-14;845;641;51050;24405;19.8;9.5
39;2021-04-15;1481;719;52531;25124;20.4;9.7
39;2021-04-16;1090;175;53621;25299;20.8;9.8
39;2021-04-17;197;61;53818;25360;20.9;9.8
39;2021-04-18;0;0;53818;25360;20.9;9.8
39;2021-04-19;524;699;54342;26059;21.1;10.1
39;2021-04-20;766;545;55108;26604;21.4;10.3
39;2021-04-21;1142;722;56250;27326;21.8;10.6
39;2021-04-22;1012;1132;57262;28458;22.2;11.0
39;2021-04-23;457;363;57719;28821;22.4;11.2
39;2021-04-24;276;149;57995;28970;22.5;11.2
39;2021-04-25;12;3;58007;28973;22.5;11.2
39;2021-04-26;568;1039;58575;30012;22.7;11.6
39;2021-04-27;788;983;59363;30995;23.0;12.0
39;2021-04-28;1720;417;61083;31412;23.7;12.2
39;2021-04-29;2571;973;63654;32385;24.7;12.6
39;2021-04-30;2475;392;66129;32777;25.6;12.7
39;2021-05-01;41;53;66170;32830;25.7;12.7
39;2021-05-02;0;0;66170;32830;25.7;12.7
39;2021-05-03;917;807;67087;33637;26.0;13.0
39;2021-05-04;949;1128;68036;34765;26.4;13.5
39;2021-05-05;1954;887;69990;35652;27.1;13.8
39;2021-05-06;2424;1345;72414;36997;28.1;14.3
39;2021-05-07;1286;575;73700;37572;28.6;14.6
39;2021-05-08;179;55;73879;37627;28.7;14.6
39;2021-05-09;10;8;73889;37635;28.7;14.6
39;2021-05-10;1761;849;75650;38484;29.3;14.9
39;2021-05-11;1775;1515;77425;39999;30.0;15.5
39;2021-05-12;1809;1496;79234;41495;30.7;16.1
39;2021-05-13;246;23;79480;41518;30.8;16.1
39;2021-05-14;2392;336;81872;41854;31.8;16.2
39;2021-05-15;1849;256;83721;42110;32.5;16.3
39;2021-05-16;0;0;83721;42110;32.5;16.3
39;2021-05-17;1988;728;85709;42838;33.2;16.6
39;2021-05-18;1692;1183;87401;44021;33.9;17.1
39;2021-05-19;2496;556;89897;44577;34.9;17.3
39;2021-05-20;2465;756;92362;45333;35.8;17.6
39;2021-05-21;1800;565;94162;45898;36.5;17.8
39;2021-05-22;322;218;94484;46116;36.6;17.9
39;2021-05-23;7;36;94491;46152;36.6;17.9
39;2021-05-24;8;28;94499;46180;36.6;17.9
39;2021-05-25;1725;1204;96224;47384;37.3;18.4
39;2021-05-26;1644;1379;97868;48763;38.0;18.9
39;2021-05-27;1486;1625;99354;50388;38.5;19.5
39;2021-05-28;856;1219;100210;51607;38.9;20.0
39;2021-05-29;261;276;100471;51883;39.0;20.1
39;2021-05-30;2;40;100473;51923;39.0;20.1
39;2021-05-31;1626;1248;102099;53171;39.6;20.6
39;2021-06-01;1895;1321;103994;54492;40.3;21.1
39;2021-06-02;1707;1174;105701;55666;41.0;21.6
39;2021-06-03;1326;1159;107027;56825;41.5;22.0
39;2021-06-04;941;1071;107968;57896;41.9;22.5
39;2021-06-05;766;516;108734;58412;42.2;22.7
39;2021-06-06;1;36;108735;58448;42.2;22.7
39;2021-06-07;2104;916;110839;59364;43.0;23.0
39;2021-06-08;2211;1155;113050;60519;43.8;23.5
39;2021-06-09;1732;1244;114782;61763;44.5;24.0
39;2021-06-10;1617;2082;116399;63845;45.1;24.8
39;2021-06-11;1569;1271;117968;65116;45.8;25.3
39;2021-06-12;1263;348;119231;65464;46.2;25.4
39;2021-06-13;11;18;119242;65482;46.2;25.4
39;2021-06-14;1337;1895;120579;67377;46.8;26.1
39;2021-06-15;1388;1257;121967;68634;47.3;26.6
39;2021-06-16;1171;1538;123138;70172;47.8;27.2
39;2021-06-17;1043;1715;124181;71887;48.2;27.9
39;2021-06-18;1638;1179;125819;73066;48.8;28.3
39;2021-06-19;249;412;126068;73478;48.9;28.5
39;2021-06-20;2;18;126070;73496;48.9;28.5
39;2021-06-21;351;2494;126421;75990;49.0;29.5
39;2021-06-22;814;2294;127235;78284;49.3;30.4
39;2021-06-23;1201;1302;128436;79586;49.8;30.9
39;2021-06-24;736;1048;129172;80634;50.1;31.3
39;2021-06-25;680;2963;129852;83597;50.4;32.4
39;2021-06-26;207;1564;130059;85161;50.4;33.0
39;2021-06-27;0;0;130059;85161;50.4;33.0
39;2021-06-28;305;2745;130364;87906;50.6;34.1
39;2021-06-29;498;2697;130862;90603;50.8;35.1
39;2021-06-30;898;2424;131760;93027;51.1;36.1
39;2021-07-01;645;1938;132405;94965;51.3;36.8
39;2021-07-02;1112;1406;133517;96371;51.8;37.4
39;2021-07-03;554;524;134071;96895;52.0;37.6
39;2021-07-04;1;1;134072;96896;52.0;37.6
39;2021-07-05;602;2589;134674;99485;52.2;38.6
39;2021-07-06;836;1888;135510;101373;52.6;39.3
39;2021-07-07;591;1389;136101;102762;52.8;39.9
39;2021-07-08;698;906;136799;103668;53.1;40.2
39;2021-07-09;1080;1585;137879;105253;53.5;40.8
39;2021-07-10;739;476;138618;105729;53.8;41.0
39;2021-07-11;28;8;138646;105737;53.8;41.0
39;2021-07-12;577;2596;139223;108333;54.0;42.0
39;2021-07-13;1636;2657;140859;110990;54.6;43.0
39;2021-07-14;17;21;140876;111011;54.6;43.1
39;2021-07-15;1904;1837;142780;112848;55.4;43.8
39;2021-07-16;3226;2048;146006;114896;56.6;44.6
39;2021-07-17;2226;1162;148232;116058;57.5;45.0
39;2021-07-18;164;52;148396;116110;57.6;45.0
39;2021-07-19;1402;2959;149798;119069;58.1;46.2
39;2021-07-20;1842;2809;151640;121878;58.8;47.3
39;2021-07-21;2588;2582;154228;124460;59.8;48.3
39;2021-07-22;1935;1842;156163;126302;60.6;49.0
39;2021-07-23;1815;1929;157978;128231;61.3;49.7
39;2021-07-24;1400;1427;159378;129658;61.8;50.3
39;2021-07-25;0;1;159378;129659;61.8;50.3
39;2021-07-26;1320;2000;160698;131659;62.3;51.1
39;2021-07-27;2344;1903;163042;133562;63.2;51.8
39;2021-07-28;2686;1474;165728;135036;64.3;52.4
39;2021-07-29;2200;1741;167928;136777;65.1;53.0
39;2021-07-30;2041;1465;169969;138242;65.9;53.6
39;2021-07-31;1367;655;171336;138897;66.4;53.9
39;2021-08-01;10;18;171346;138915;66.5;53.9
39;2021-08-02;1203;1399;172549;140314;66.9;54.4
39;2021-08-03;1918;1484;174467;141798;67.7;55.0
39;2021-08-04;1046;661;175513;142459;68.1;55.2
39;2021-08-05;1236;735;176749;143194;68.5;55.5
39;2021-08-06;1377;2292;178126;145486;69.1;56.4
39;2021-08-07;1067;1212;179193;146698;69.5;56.9
39;2021-08-08;26;10;179219;146708;69.5;56.9
39;2021-08-09;436;302;179655;147010;69.7;57.0
39;2021-08-10;1227;931;180882;147941;70.2;57.4
39;2021-08-11;895;1531;181777;149472;70.5;58.0
39;2021-08-12;1589;2169;183366;151641;71.1;58.8
39;2021-08-13;1325;2117;184691;153758;71.6;59.6
39;2021-08-14;356;1104;185047;154862;71.8;60.1
39;2021-08-15;0;1;185047;154863;71.8;60.1
39;2021-08-16;486;735;185533;155598;72.0;60.3
39;2021-08-17;570;1439;186103;157037;72.2;60.9
39;2021-08-18;858;1728;186961;158765;72.5;61.6
39;2021-08-19;905;1594;187866;160359;72.9;62.2
39;2021-08-20;637;2501;188503;162860;73.1;63.2
39;2021-08-21;468;1290;188971;164150;73.3;63.7
39;2021-08-22;6;11;188977;164161;73.3;63.7
39;2021-08-23;263;972;189240;165133;73.4;64.0
39;2021-08-24;452;1609;189692;166742;73.6;64.7
39;2021-08-25;623;1602;190315;168344;73.8;65.3
39;2021-08-26;708;1859;191023;170203;74.1;66.0
39;2021-08-27;405;2060;191428;172263;74.2;66.8
39;2021-08-28;323;1360;191751;173623;74.4;67.3
39;2021-08-29;0;1;191751;173624;74.4;67.3
39;2021-08-30;345;1015;192096;174639;74.5;67.7
39;2021-08-31;394;1032;192490;175671;74.7;68.1
39;2021-09-01;507;1573;192997;177244;74.8;68.7
39;2021-09-02;331;1470;193328;178714;75.0;69.3
40;2020-12-27;0;0;0;0;0.0;0.0
40;2020-12-28;0;0;0;0;0.0;0.0
40;2020-12-29;0;0;0;0;0.0;0.0
40;2020-12-30;0;0;0;0;0.0;0.0
40;2020-12-31;1;0;1;0;0.0;0.0
40;2021-01-01;0;0;1;0;0.0;0.0
40;2021-01-02;0;0;1;0;0.0;0.0
40;2021-01-03;0;0;1;0;0.0;0.0
40;2021-01-04;0;0;1;0;0.0;0.0
40;2021-01-05;0;0;1;0;0.0;0.0
40;2021-01-06;1;0;2;0;0.0;0.0
40;2021-01-07;212;0;214;0;0.1;0.0
40;2021-01-08;392;2;606;2;0.1;0.0
40;2021-01-09;0;0;606;2;0.1;0.0
40;2021-01-10;1;0;607;2;0.1;0.0
40;2021-01-11;111;0;718;2;0.2;0.0
40;2021-01-12;0;0;718;2;0.2;0.0
40;2021-01-13;681;5;1399;7;0.3;0.0
40;2021-01-14;901;7;2300;14;0.6;0.0
40;2021-01-15;811;3;3111;17;0.8;0.0
40;2021-01-16;157;0;3268;17;0.8;0.0
40;2021-01-17;1;1;3269;18;0.8;0.0
40;2021-01-18;402;0;3671;18;0.9;0.0
40;2021-01-19;1204;3;4875;21;1.2;0.0
40;2021-01-20;879;2;5754;23;1.4;0.0
40;2021-01-21;1266;5;7020;28;1.7;0.0
40;2021-01-22;809;2;7829;30;1.9;0.0
40;2021-01-23;288;0;8117;30;2.0;0.0
40;2021-01-24;2;0;8119;30;2.0;0.0
40;2021-01-25;393;2;8512;32;2.1;0.0
40;2021-01-26;803;6;9315;38;2.3;0.0
40;2021-01-27;1118;11;10433;49;2.5;0.0
40;2021-01-28;708;111;11141;160;2.7;0.0
40;2021-01-29;600;227;11741;387;2.8;0.1
40;2021-01-30;235;3;11976;390;2.9;0.1
40;2021-01-31;1;0;11977;390;2.9;0.1
40;2021-02-01;358;130;12335;520;3.0;0.1
40;2021-02-02;923;51;13258;571;3.2;0.1
40;2021-02-03;894;297;14152;868;3.4;0.2
40;2021-02-04;1059;598;15211;1466;3.7;0.4
40;2021-02-05;794;417;16005;1883;3.9;0.5
40;2021-02-06;380;84;16385;1967;4.0;0.5
40;2021-02-07;10;0;16395;1967;4.0;0.5
40;2021-02-08;372;114;16767;2081;4.1;0.5
40;2021-02-09;809;538;17576;2619;4.3;0.6
40;2021-02-10;749;454;18325;3073;4.4;0.7
40;2021-02-11;739;672;19064;3745;4.6;0.9
40;2021-02-12;628;633;19692;4378;4.8;1.1
40;2021-02-13;400;94;20092;4472;4.9;1.1
40;2021-02-14;0;0;20092;4472;4.9;1.1
40;2021-02-15;48;373;20140;4845;4.9;1.2
40;2021-02-16;285;571;20425;5416;5.0;1.3
40;2021-02-17;360;872;20785;6288;5.0;1.5
40;2021-02-18;382;675;21167;6963;5.1;1.7
40;2021-02-19;144;618;21311;7581;5.2;1.8
40;2021-02-20;39;91;21350;7672;5.2;1.9
40;2021-02-21;1;63;21351;7735;5.2;1.9
40;2021-02-22;53;547;21404;8282;5.2;2.0
40;2021-02-23;179;806;21583;9088;5.2;2.2
40;2021-02-24;283;671;21866;9759;5.3;2.4
40;2021-02-25;727;963;22593;10722;5.5;2.6
40;2021-02-26;656;610;23249;11332;5.6;2.8
40;2021-02-27;384;100;23633;11432;5.7;2.8
40;2021-02-28;2;0;23635;11432;5.7;2.8
40;2021-03-01;418;488;24053;11920;5.8;2.9
40;2021-03-02;734;1025;24787;12945;6.0;3.1
40;2021-03-03;934;897;25721;13842;6.2;3.4
40;2021-03-04;1320;812;27041;14654;6.6;3.6
40;2021-03-05;1231;735;28272;15389;6.9;3.7
40;2021-03-06;866;385;29138;15774;7.1;3.8
40;2021-03-07;92;9;29230;15783;7.1;3.8
40;2021-03-08;838;497;30068;16280;7.3;4.0
40;2021-03-09;1505;639;31573;16919;7.7;4.1
40;2021-03-10;1750;712;33323;17631;8.1;4.3
40;2021-03-11;1985;685;35308;18316;8.6;4.4
40;2021-03-12;2049;548;37357;18864;9.1;4.6
40;2021-03-13;972;255;38329;19119;9.3;4.6
40;2021-03-14;98;0;38427;19119;9.3;4.6
40;2021-03-15;924;88;39351;19207;9.6;4.7
40;2021-03-16;987;271;40338;19478;9.8;4.7
40;2021-03-17;1576;344;41914;19822;10.2;4.8
40;2021-03-18;1560;339;43474;20161;10.6;4.9
40;2021-03-19;1808;143;45282;20304;11.0;4.9
40;2021-03-20;706;14;45988;20318;11.2;4.9
40;2021-03-21;52;1;46040;20319;11.2;4.9
40;2021-03-22;1174;35;47214;20354;11.5;4.9
40;2021-03-23;2325;166;49539;20520;12.0;5.0
40;2021-03-24;2326;231;51865;20751;12.6;5.0
40;2021-03-25;2768;381;54633;21132;13.3;5.1
40;2021-03-26;3122;209;57755;21341;14.0;5.2
40;2021-03-27;923;48;58678;21389;14.2;5.2
40;2021-03-28;178;47;58856;21436;14.3;5.2
40;2021-03-29;1153;379;60009;21815;14.6;5.3
40;2021-03-30;2298;390;62307;22205;15.1;5.4
40;2021-03-31;1998;303;64305;22508;15.6;5.5
40;2021-04-01;2413;330;66718;22838;16.2;5.5
40;2021-04-02;2362;219;69080;23057;16.8;5.6
40;2021-04-03;743;121;69823;23178;16.9;5.6
40;2021-04-04;362;8;70185;23186;17.0;5.6
40;2021-04-05;523;40;70708;23226;17.2;5.6
40;2021-04-06;2096;808;72804;24034;17.7;5.8
40;2021-04-07;2666;870;75470;24904;18.3;6.0
40;2021-04-08;3061;895;78531;25799;19.1;6.3
40;2021-04-09;3826;605;82357;26404;20.0;6.4
40;2021-04-10;1599;342;83956;26746;20.4;6.5
40;2021-04-11;51;6;84007;26752;20.4;6.5
40;2021-04-12;2177;733;86184;27485;20.9;6.7
40;2021-04-13;2567;1089;88751;28574;21.5;6.9
40;2021-04-14;2571;1375;91322;29949;22.2;7.3
40;2021-04-15;2987;1507;94309;31456;22.9;7.6
40;2021-04-16;2878;1184;97187;32640;23.6;7.9
40;2021-04-17;1464;348;98651;32988;23.9;8.0
40;2021-04-18;57;24;98708;33012;24.0;8.0
40;2021-04-19;1058;1019;99766;34031;24.2;8.3
40;2021-04-20;1622;1745;101388;35776;24.6;8.7
40;2021-04-21;1777;1736;103165;37512;25.0;9.1
40;2021-04-22;2112;1774;105277;39286;25.6;9.5
40;2021-04-23;2163;1398;107440;40684;26.1;9.9
40;2021-04-24;1328;624;108768;41308;26.4;10.0
40;2021-04-25;37;57;108805;41365;26.4;10.0
40;2021-04-26;1251;1137;110056;42502;26.7;10.3
40;2021-04-27;1487;2033;111543;44535;27.1;10.8
40;2021-04-28;2052;1369;113595;45904;27.6;11.1
40;2021-04-29;2608;1897;116203;47801;28.2;11.6
40;2021-04-30;2701;1616;118904;49417;28.9;12.0
40;2021-05-01;1229;783;120133;50200;29.2;12.2
40;2021-05-02;143;322;120276;50522;29.2;12.3
40;2021-05-03;1857;1502;122133;52024;29.6;12.6
40;2021-05-04;1882;2467;124015;54491;30.1;13.2
40;2021-05-05;2188;2669;126203;57160;30.6;13.9
40;2021-05-06;2237;2865;128440;60025;31.2;14.6
40;2021-05-07;1904;3004;130344;63029;31.6;15.3
40;2021-05-08;674;468;131018;63497;31.8;15.4
40;2021-05-09;316;21;131334;63518;31.9;15.4
40;2021-05-10;1399;2054;132733;65572;32.2;15.9
40;2021-05-11;2197;2510;134930;68082;32.8;16.5
40;2021-05-12;2731;1944;137661;70026;33.4;17.0
40;2021-05-13;1984;512;139645;70538;33.9;17.1
40;2021-05-14;2325;1658;141970;72196;34.5;17.5
40;2021-05-15;1340;963;143310;73159;34.8;17.8
40;2021-05-16;434;24;143744;73183;34.9;17.8
40;2021-05-17;2120;1312;145864;74495;35.4;18.1
40;2021-05-18;2509;1415;148373;75910;36.0;18.4
40;2021-05-19;2957;1106;151330;77016;36.7;18.7
40;2021-05-20;3586;1160;154916;78176;37.6;19.0
40;2021-05-21;2926;1328;157842;79504;38.3;19.3
40;2021-05-22;1146;796;158988;80300;38.6;19.5
40;2021-05-23;631;29;159619;80329;38.7;19.5
40;2021-05-24;1212;332;160831;80661;39.0;19.6
40;2021-05-25;2168;1309;162999;81970;39.6;19.9
40;2021-05-26;2615;1562;165614;83532;40.2;20.3
40;2021-05-27;2733;2012;168347;85544;40.9;20.8
40;2021-05-28;2569;2275;170916;87819;41.5;21.3
40;2021-05-29;1558;1255;172474;89074;41.9;21.6
40;2021-05-30;4;52;172478;89126;41.9;21.6
40;2021-05-31;2566;1209;175044;90335;42.5;21.9
40;2021-06-01;3011;1771;178055;92106;43.2;22.4
40;2021-06-02;3173;1991;181228;94097;44.0;22.8
40;2021-06-03;3592;2335;184820;96432;44.9;23.4
40;2021-06-04;3015;2801;187835;99233;45.6;24.1
40;2021-06-05;1780;1395;189615;100628;46.0;24.4
40;2021-06-06;459;79;190074;100707;46.1;24.4
40;2021-06-07;2186;2024;192260;102731;46.7;24.9
40;2021-06-08;2954;2101;195214;104832;47.4;25.4
40;2021-06-09;3215;2267;198429;107099;48.2;26.0
40;2021-06-10;2996;2097;201425;109196;48.9;26.5
40;2021-06-11;3139;2797;204564;111993;49.7;27.2
40;2021-06-12;1964;1636;206528;113629;50.1;27.6
40;2021-06-13;645;162;207173;113791;50.3;27.6
40;2021-06-14;1458;2497;208631;116288;50.6;28.2
40;2021-06-15;2236;2821;210867;119109;51.2;28.9
40;2021-06-16;2608;2457;213475;121566;51.8;29.5
40;2021-06-17;2432;2438;215907;124004;52.4;30.1
40;2021-06-18;2325;2903;218232;126907;53.0;30.8
40;2021-06-19;1798;1231;220030;128138;53.4;31.1
40;2021-06-20;345;276;220375;128414;53.5;31.2
40;2021-06-21;1395;2318;221770;130732;53.8;31.7
40;2021-06-22;1688;2996;223458;133728;54.2;32.5
40;2021-06-23;1606;3346;225064;137074;54.6;33.3
40;2021-06-24;1735;2385;226799;139459;55.1;33.9
40;2021-06-25;1760;3264;228559;142723;55.5;34.6
40;2021-06-26;1328;1713;229887;144436;55.8;35.1
40;2021-06-27;263;354;230150;144790;55.9;35.1
40;2021-06-28;1334;2821;231484;147611;56.2;35.8
40;2021-06-29;1711;3392;233195;151003;56.6;36.7
40;2021-06-30;1777;3644;234972;154647;57.0;37.5
40;2021-07-01;1714;3953;236686;158600;57.5;38.5
40;2021-07-02;1561;3808;238247;162408;57.8;39.4
40;2021-07-03;678;1922;238925;164330;58.0;39.9
40;2021-07-04;219;483;239144;164813;58.0;40.0
40;2021-07-05;1476;3020;240620;167833;58.4;40.7
40;2021-07-06;1769;3613;242389;171446;58.8;41.6
40;2021-07-07;1975;3846;244364;175292;59.3;42.5
40;2021-07-08;2102;3409;246466;178701;59.8;43.4
40;2021-07-09;2111;3949;248577;182650;60.3;44.3
40;2021-07-10;1005;2157;249582;184807;60.6;44.9
40;2021-07-11;207;294;249789;185101;60.6;44.9
40;2021-07-12;1313;4044;251102;189145;61.0;45.9
40;2021-07-13;2428;4697;253530;193842;61.5;47.1
40;2021-07-14;2199;2059;255729;195901;62.1;47.6
40;2021-07-15;2845;4858;258574;200759;62.8;48.7
40;2021-07-16;3315;3945;261889;204704;63.6;49.7
40;2021-07-17;2110;2594;263999;207298;64.1;50.3
40;2021-07-18;472;542;264471;207840;64.2;50.4
40;2021-07-19;2568;3702;267039;211542;64.8;51.3
40;2021-07-20;3063;4057;270102;215599;65.6;52.3
40;2021-07-21;3206;3887;273308;219486;66.3;53.3
40;2021-07-22;3855;3929;277163;223415;67.3;54.2
40;2021-07-23;4091;4109;281254;227524;68.3;55.2
40;2021-07-24;2794;2113;284048;229637;68.9;55.7
40;2021-07-25;955;489;285003;230126;69.2;55.9
40;2021-07-26;2941;3082;287944;233208;69.9;56.6
40;2021-07-27;3524;3601;291468;236809;70.7;57.5
40;2021-07-28;3380;3398;294848;240207;71.6;58.3
40;2021-07-29;3544;3431;298392;243638;72.4;59.1
40;2021-07-30;3130;3404;301522;247042;73.2;60.0
40;2021-07-31;1781;1909;303303;248951;73.6;60.4
40;2021-08-01;343;287;303646;249238;73.7;60.5
40;2021-08-02;2002;2379;305648;251617;74.2;61.1
40;2021-08-03;2331;2690;307979;254307;74.8;61.7
40;2021-08-04;2090;2320;310069;256627;75.3;62.3
40;2021-08-05;1968;2669;312037;259296;75.7;62.9
40;2021-08-06;1881;3069;313918;262365;76.2;63.7
40;2021-08-07;1218;1745;315136;264110;76.5;64.1
40;2021-08-08;84;154;315220;264264;76.5;64.1
40;2021-08-09;1598;3124;316818;267388;76.9;64.9
40;2021-08-10;1425;3165;318243;270553;77.2;65.7
40;2021-08-11;1417;2847;319660;273400;77.6;66.4
40;2021-08-12;1274;3102;320934;276502;77.9;67.1
40;2021-08-13;1128;2979;322062;279481;78.2;67.8
40;2021-08-14;616;2037;322678;281518;78.3;68.3
40;2021-08-15;5;172;322683;281690;78.3;68.4
40;2021-08-16;1104;3389;323787;285079;78.6;69.2
40;2021-08-17;1154;3420;324941;288499;78.9;70.0
40;2021-08-18;982;3261;325923;291760;79.1;70.8
40;2021-08-19;848;2971;326771;294731;79.3;71.5
40;2021-08-20;804;3034;327575;297765;79.5;72.3
40;2021-08-21;521;1899;328096;299664;79.6;72.7
40;2021-08-22;71;463;328167;300127;79.7;72.9
40;2021-08-23;726;2817;328893;302944;79.8;73.5
40;2021-08-24;692;2541;329585;305485;80.0;74.2
40;2021-08-25;669;2003;330254;307488;80.2;74.6
40;2021-08-26;487;1675;330741;309163;80.3;75.0
40;2021-08-27;636;2469;331377;311632;80.4;75.6
40;2021-08-28;324;1218;331701;312850;80.5;75.9
40;2021-08-29;1;9;331702;312859;80.5;75.9
40;2021-08-30;597;2159;332299;315018;80.7;76.5
40;2021-08-31;466;1466;332765;316484;80.8;76.8
40;2021-09-01;448;1542;333213;318026;80.9;77.2
40;2021-09-02;402;1493;333615;319519;81.0;77.6
41;2020-12-27;0;0;0;0;0.0;0.0
41;2020-12-28;0;0;0;0;0.0;0.0
41;2020-12-29;0;0;0;0;0.0;0.0
41;2020-12-30;0;0;0;0;0.0;0.0
41;2020-12-31;0;0;0;0;0.0;0.0
41;2021-01-01;0;0;0;0;0.0;0.0
41;2021-01-02;2;0;2;0;0.0;0.0
41;2021-01-03;0;0;2;0;0.0;0.0
41;2021-01-04;0;0;2;0;0.0;0.0
41;2021-01-05;35;0;37;0;0.0;0.0
41;2021-01-06;72;0;109;0;0.0;0.0
41;2021-01-07;21;0;130;0;0.0;0.0
41;2021-01-08;1;0;131;0;0.0;0.0
41;2021-01-09;0;0;131;0;0.0;0.0
41;2021-01-10;0;0;131;0;0.0;0.0
41;2021-01-11;133;0;264;0;0.1;0.0
41;2021-01-12;321;1;585;1;0.2;0.0
41;2021-01-13;271;0;856;1;0.3;0.0
41;2021-01-14;283;1;1139;2;0.3;0.0
41;2021-01-15;215;1;1354;3;0.4;0.0
41;2021-01-16;0;0;1354;3;0.4;0.0
41;2021-01-17;0;0;1354;3;0.4;0.0
41;2021-01-18;397;2;1751;5;0.5;0.0
41;2021-01-19;857;2;2608;7;0.8;0.0
41;2021-01-20;1056;3;3664;10;1.1;0.0
41;2021-01-21;1567;8;5231;18;1.6;0.0
41;2021-01-22;836;1;6067;19;1.9;0.0
41;2021-01-23;92;0;6159;19;1.9;0.0
41;2021-01-24;0;0;6159;19;1.9;0.0
41;2021-01-25;421;1;6580;20;2.0;0.0
41;2021-01-26;473;2;7053;22;2.2;0.0
41;2021-01-27;441;2;7494;24;2.3;0.0
41;2021-01-28;604;56;8098;80;2.5;0.0
41;2021-01-29;260;30;8358;110;2.5;0.0
41;2021-01-30;0;0;8358;110;2.5;0.0
41;2021-01-31;0;0;8358;110;2.5;0.0
41;2021-02-01;349;147;8707;257;2.7;0.1
41;2021-02-02;471;228;9178;485;2.8;0.1
41;2021-02-03;341;201;9519;686;2.9;0.2
41;2021-02-04;559;150;10078;836;3.1;0.3
41;2021-02-05;329;181;10407;1017;3.2;0.3
41;2021-02-06;4;0;10411;1017;3.2;0.3
41;2021-02-07;2;0;10413;1017;3.2;0.3
41;2021-02-08;306;303;10719;1320;3.3;0.4
41;2021-02-09;599;450;11318;1770;3.5;0.5
41;2021-02-10;486;687;11804;2457;3.6;0.7
41;2021-02-11;1066;1155;12870;3612;3.9;1.1
41;2021-02-12;688;356;13558;3968;4.1;1.2
41;2021-02-13;9;5;13567;3973;4.1;1.2
41;2021-02-14;3;27;13570;4000;4.1;1.2
41;2021-02-15;314;291;13884;4291;4.2;1.3
41;2021-02-16;354;542;14238;4833;4.3;1.5
41;2021-02-17;317;443;14555;5276;4.4;1.6
41;2021-02-18;617;315;15172;5591;4.6;1.7
41;2021-02-19;456;321;15628;5912;4.8;1.8
41;2021-02-20;69;57;15697;5969;4.8;1.8
41;2021-02-21;0;0;15697;5969;4.8;1.8
41;2021-02-22;310;393;16007;6362;4.9;1.9
41;2021-02-23;454;328;16461;6690;5.0;2.0
41;2021-02-24;281;429;16742;7119;5.1;2.2
41;2021-02-25;675;441;17417;7560;5.3;2.3
41;2021-02-26;630;240;18047;7800;5.5;2.4
41;2021-02-27;161;4;18208;7804;5.6;2.4
41;2021-02-28;4;31;18212;7835;5.6;2.4
41;2021-03-01;310;300;18522;8135;5.6;2.5
41;2021-03-02;649;405;19171;8540;5.8;2.6
41;2021-03-03;497;404;19668;8944;6.0;2.7
41;2021-03-04;784;831;20452;9775;6.2;3.0
41;2021-03-05;840;673;21292;10448;6.5;3.2
41;2021-03-06;715;22;22007;10470;6.7;3.2
41;2021-03-07;498;20;22505;10490;6.9;3.2
41;2021-03-08;300;373;22805;10863;7.0;3.3
41;2021-03-09;1042;450;23847;11313;7.3;3.5
41;2021-03-10;721;455;24568;11768;7.5;3.6
41;2021-03-11;1182;675;25750;12443;7.9;3.8
41;2021-03-12;1116;412;26866;12855;8.2;3.9
41;2021-03-13;1224;18;28090;12873;8.6;3.9
41;2021-03-14;392;6;28482;12879;8.7;3.9
41;2021-03-15;797;352;29279;13231;8.9;4.0
41;2021-03-16;1061;412;30340;13643;9.3;4.2
41;2021-03-17;587;239;30927;13882;9.4;4.2
41;2021-03-18;926;400;31853;14282;9.7;4.4
41;2021-03-19;911;335;32764;14617;10.0;4.5
41;2021-03-20;541;20;33305;14637;10.2;4.5
41;2021-03-21;1;0;33306;14637;10.2;4.5
41;2021-03-22;810;273;34116;14910;10.4;4.5
41;2021-03-23;1309;490;35425;15400;10.8;4.7
41;2021-03-24;1231;367;36656;15767;11.2;4.8
41;2021-03-25;2026;438;38682;16205;11.8;4.9
41;2021-03-26;1655;325;40337;16530;12.3;5.0
41;2021-03-27;452;58;40789;16588;12.4;5.1
41;2021-03-28;1;0;40790;16588;12.4;5.1
41;2021-03-29;938;307;41728;16895;12.7;5.2
41;2021-03-30;1496;594;43224;17489;13.2;5.3
41;2021-03-31;1147;493;44371;17982;13.5;5.5
41;2021-04-01;2253;564;46624;18546;14.2;5.7
41;2021-04-02;1242;475;47866;19021;14.6;5.8
41;2021-04-03;321;5;48187;19026;14.7;5.8
41;2021-04-04;39;0;48226;19026;14.7;5.8
41;2021-04-05;140;2;48366;19028;14.8;5.8
41;2021-04-06;1302;627;49668;19655;15.2;6.0
41;2021-04-07;1852;704;51520;20359;15.7;6.2
41;2021-04-08;2294;919;53814;21278;16.4;6.5
41;2021-04-09;2569;610;56383;21888;17.2;6.7
41;2021-04-10;954;497;57337;22385;17.5;6.8
41;2021-04-11;279;376;57616;22761;17.6;6.9
41;2021-04-12;1689;653;59305;23414;18.1;7.1
41;2021-04-13;2262;986;61567;24400;18.8;7.4
41;2021-04-14;1793;548;63360;24948;19.3;7.6
41;2021-04-15;2385;977;65745;25925;20.1;7.9
41;2021-04-16;1931;626;67676;26551;20.6;8.1
41;2021-04-17;647;137;68323;26688;20.8;8.1
41;2021-04-18;5;0;68328;26688;20.8;8.1
41;2021-04-19;1262;744;69590;27432;21.2;8.4
41;2021-04-20;2004;1201;71594;28633;21.8;8.7
41;2021-04-21;1503;918;73097;29551;22.3;9.0
41;2021-04-22;2236;1600;75333;31151;23.0;9.5
41;2021-04-23;1736;1080;77069;32231;23.5;9.8
41;2021-04-24;1544;283;78613;32514;24.0;9.9
41;2021-04-25;1007;20;79620;32534;24.3;9.9
41;2021-04-26;1356;625;80976;33159;24.7;10.1
41;2021-04-27;2094;1039;83070;34198;25.3;10.4
41;2021-04-28;1562;860;84632;35058;25.8;10.7
41;2021-04-29;2211;1378;86843;36436;26.5;11.1
41;2021-04-30;1963;865;88806;37301;27.1;11.4
41;2021-05-01;189;12;88995;37313;27.1;11.4
41;2021-05-02;107;17;89102;37330;27.2;11.4
41;2021-05-03;1866;894;90968;38224;27.7;11.7
41;2021-05-04;2094;1544;93062;39768;28.4;12.1
41;2021-05-05;1881;1190;94943;40958;29.0;12.5
41;2021-05-06;2448;1696;97391;42654;29.7;13.0
41;2021-05-07;2018;1801;99409;44455;30.3;13.6
41;2021-05-08;203;154;99612;44609;30.4;13.6
41;2021-05-09;11;354;99623;44963;30.4;13.7
41;2021-05-10;1590;1556;101213;46519;30.9;14.2
41;2021-05-11;2087;2102;103300;48621;31.5;14.8
41;2021-05-12;1952;1677;105252;50298;32.1;15.3
41;2021-05-13;1486;947;106738;51245;32.6;15.6
41;2021-05-14;1576;1304;108314;52549;33.0;16.0
41;2021-05-15;206;294;108520;52843;33.1;16.1
41;2021-05-16;4;0;108524;52843;33.1;16.1
41;2021-05-17;2483;564;111007;53407;33.9;16.3
41;2021-05-18;3137;1030;114144;54437;34.8;16.6
41;2021-05-19;2553;676;116697;55113;35.6;16.8
41;2021-05-20;3349;1151;120046;56264;36.6;17.2
41;2021-05-21;2727;968;122773;57232;37.4;17.5
41;2021-05-22;397;237;123170;57469;37.6;17.5
41;2021-05-23;6;2;123176;57471;37.6;17.5
41;2021-05-24;2605;149;125781;57620;38.4;17.6
41;2021-05-25;2992;577;128773;58197;39.3;17.8
41;2021-05-26;3038;651;131811;58848;40.2;18.0
41;2021-05-27;3296;1112;135107;59960;41.2;18.3
41;2021-05-28;3144;978;138251;60938;42.2;18.6
41;2021-05-29;2074;429;140325;61367;42.8;18.7
41;2021-05-30;344;22;140669;61389;42.9;18.7
41;2021-05-31;1711;1501;142380;62890;43.4;19.2
41;2021-06-01;2262;2013;144642;64903;44.1;19.8
41;2021-06-02;1832;1289;146474;66192;44.7;20.2
41;2021-06-03;2597;1943;149071;68135;45.5;20.8
41;2021-06-04;2304;1966;151375;70101;46.2;21.4
41;2021-06-05;611;1583;151986;71684;46.4;21.9
41;2021-06-06;109;927;152095;72611;46.4;22.1
41;2021-06-07;1516;1531;153611;74142;46.9;22.6
41;2021-06-08;1713;2414;155324;76556;47.4;23.4
41;2021-06-09;1615;1641;156939;78197;47.9;23.9
41;2021-06-10;1917;1815;158856;80012;48.5;24.4
41;2021-06-11;1572;1794;160428;81806;48.9;25.0
41;2021-06-12;663;650;161091;82456;49.1;25.2
41;2021-06-13;13;77;161104;82533;49.1;25.2
41;2021-06-14;1269;1963;162373;84496;49.5;25.8
41;2021-06-15;1835;2762;164208;87258;50.1;26.6
41;2021-06-16;1725;2309;165933;89567;50.6;27.3
41;2021-06-17;1811;2574;167744;92141;51.2;28.1
41;2021-06-18;1665;2400;169409;94541;51.7;28.8
41;2021-06-19;412;530;169821;95071;51.8;29.0
41;2021-06-20;11;32;169832;95103;51.8;29.0
41;2021-06-21;1325;1779;171157;96882;52.2;29.6
41;2021-06-22;1619;2564;172776;99446;52.7;30.3
41;2021-06-23;1375;2045;174151;101491;53.1;31.0
41;2021-06-24;1483;2309;175634;103800;53.6;31.7
41;2021-06-25;1293;2617;176927;106417;54.0;32.5
41;2021-06-26;435;614;177362;107031;54.1;32.6
41;2021-06-27;1;4;177363;107035;54.1;32.6
41;2021-06-28;404;2697;177767;109732;54.2;33.5
41;2021-06-29;666;3441;178433;113173;54.4;34.5
41;2021-06-30;552;3069;178985;116242;54.6;35.5
41;2021-07-01;767;3106;179752;119348;54.8;36.4
41;2021-07-02;590;3499;180342;122847;55.0;37.5
41;2021-07-03;158;647;180500;123494;55.1;37.7
41;2021-07-04;2;2;180502;123496;55.1;37.7
41;2021-07-05;287;2819;180789;126315;55.1;38.5
41;2021-07-06;666;3634;181455;129949;55.3;39.6
41;2021-07-07;479;3140;181934;133089;55.5;40.6
41;2021-07-08;941;3368;182875;136457;55.8;41.6
41;2021-07-09;540;3641;183415;140098;55.9;42.7
41;2021-07-10;247;2088;183662;142186;56.0;43.4
41;2021-07-11;5;281;183667;142467;56.0;43.5
41;2021-07-12;862;2292;184529;144759;56.3;44.2
41;2021-07-13;1198;3288;185727;148047;56.7;45.2
41;2021-07-14;140;1080;185867;149127;56.7;45.5
41;2021-07-15;1335;3321;187202;152448;57.1;46.5
41;2021-07-16;1091;3391;188293;155839;57.4;47.5
41;2021-07-17;342;807;188635;156646;57.5;47.8
41;2021-07-18;24;32;188659;156678;57.5;47.8
41;2021-07-19;1190;2320;189849;158998;57.9;48.5
41;2021-07-20;1641;2744;191490;161742;58.4;49.3
41;2021-07-21;1708;2085;193198;163827;58.9;50.0
41;2021-07-22;2262;2299;195460;166126;59.6;50.7
41;2021-07-23;2103;2468;197563;168594;60.3;51.4
41;2021-07-24;329;841;197892;169435;60.4;51.7
41;2021-07-25;19;23;197911;169458;60.4;51.7
41;2021-07-26;1902;1680;199813;171138;60.9;52.2
41;2021-07-27;2535;2342;202348;173480;61.7;52.9
41;2021-07-28;2161;1830;204509;175310;62.4;53.5
41;2021-07-29;2345;2025;206854;177335;63.1;54.1
41;2021-07-30;2152;2086;209006;179421;63.8;54.7
41;2021-07-31;378;579;209384;180000;63.9;54.9
41;2021-08-01;21;7;209405;180007;63.9;54.9
41;2021-08-02;1548;1605;210953;181612;64.3;55.4
41;2021-08-03;2514;1857;213467;183469;65.1;56.0
41;2021-08-04;2298;1198;215765;184667;65.8;56.3
41;2021-08-05;3046;1263;218811;185930;66.7;56.7
41;2021-08-06;2211;1301;221022;187231;67.4;57.1
41;2021-08-07;509;347;221531;187578;67.6;57.2
41;2021-08-08;13;20;221544;187598;67.6;57.2
41;2021-08-09;1689;1357;223233;188955;68.1;57.6
41;2021-08-10;2562;1417;225795;190372;68.9;58.1
41;2021-08-11;1593;1439;227388;191811;69.4;58.5
41;2021-08-12;1938;1337;229326;193148;70.0;58.9
41;2021-08-13;1457;1694;230783;194842;70.4;59.4
41;2021-08-14;362;205;231145;195047;70.5;59.5
41;2021-08-15;0;16;231145;195063;70.5;59.5
41;2021-08-16;865;2070;232010;197133;70.8;60.1
41;2021-08-17;1498;1640;233508;198773;71.2;60.6
41;2021-08-18;1132;1968;234640;200741;71.6;61.2
41;2021-08-19;1307;1554;235947;202295;72.0;61.7
41;2021-08-20;915;2308;236862;204603;72.3;62.4
41;2021-08-21;120;227;236982;204830;72.3;62.5
41;2021-08-22;1;32;236983;204862;72.3;62.5
41;2021-08-23;691;2295;237674;207157;72.5;63.2
41;2021-08-24;1409;2305;239083;209462;72.9;63.9
41;2021-08-25;618;2200;239701;211662;73.1;64.6
41;2021-08-26;842;2819;240543;214481;73.4;65.4
41;2021-08-27;617;2759;241160;217240;73.6;66.3
41;2021-08-28;98;622;241258;217862;73.6;66.5
41;2021-08-29;46;23;241304;217885;73.6;66.5
41;2021-08-30;667;2114;241971;219999;73.8;67.1
41;2021-08-31;762;2594;242733;222593;74.0;67.9
41;2021-09-01;496;1828;243229;224421;74.2;68.5
41;2021-09-02;623;2143;243852;226564;74.4;69.1
42;2020-12-27;2;0;2;0;0.0;0.0
42;2020-12-28;0;0;2;0;0.0;0.0
42;2020-12-29;0;0;2;0;0.0;0.0
42;2020-12-30;0;0;2;0;0.0;0.0
42;2020-12-31;0;0;2;0;0.0;0.0
42;2021-01-01;0;0;2;0;0.0;0.0
42;2021-01-02;0;0;2;0;0.0;0.0
42;2021-01-03;0;0;2;0;0.0;0.0
42;2021-01-04;1;0;3;0;0.0;0.0
42;2021-01-05;1;0;4;0;0.0;0.0
42;2021-01-06;178;1;182;1;0.0;0.0
42;2021-01-07;256;0;438;1;0.1;0.0
42;2021-01-08;264;1;702;2;0.1;0.0
42;2021-01-09;136;0;838;2;0.1;0.0
42;2021-01-10;0;0;838;2;0.1;0.0
42;2021-01-11;293;2;1131;4;0.1;0.0
42;2021-01-12;412;1;1543;5;0.2;0.0
42;2021-01-13;527;2;2070;7;0.3;0.0
42;2021-01-14;773;3;2843;10;0.4;0.0
42;2021-01-15;705;4;3548;14;0.5;0.0
42;2021-01-16;298;2;3846;16;0.5;0.0
42;2021-01-17;219;0;4065;16;0.5;0.0
42;2021-01-18;968;1;5033;17;0.7;0.0
42;2021-01-19;1329;10;6362;27;0.8;0.0
42;2021-01-20;956;4;7318;31;1.0;0.0
42;2021-01-21;1020;6;8338;37;1.1;0.0
42;2021-01-22;992;6;9330;43;1.2;0.0
42;2021-01-23;401;0;9731;43;1.3;0.0
42;2021-01-24;358;0;10089;43;1.3;0.0
42;2021-01-25;1099;13;11188;56;1.5;0.0
42;2021-01-26;1746;19;12934;75;1.7;0.0
42;2021-01-27;1458;124;14392;199;1.9;0.0
42;2021-01-28;1667;138;16059;337;2.1;0.0
42;2021-01-29;946;117;17005;454;2.2;0.1
42;2021-01-30;257;103;17262;557;2.3;0.1
42;2021-01-31;258;2;17520;559;2.3;0.1
42;2021-02-01;736;61;18256;620;2.4;0.1
42;2021-02-02;1807;293;20063;913;2.6;0.1
42;2021-02-03;1517;480;21580;1393;2.8;0.2
42;2021-02-04;1282;603;22862;1996;3.0;0.3
42;2021-02-05;684;517;23546;2513;3.1;0.3
42;2021-02-06;303;145;23849;2658;3.1;0.3
42;2021-02-07;275;147;24124;2805;3.2;0.4
42;2021-02-08;508;592;24632;3397;3.2;0.4
42;2021-02-09;703;773;25335;4170;3.3;0.5
42;2021-02-10;741;655;26076;4825;3.4;0.6
42;2021-02-11;772;656;26848;5481;3.5;0.7
42;2021-02-12;675;722;27523;6203;3.6;0.8
42;2021-02-13;428;293;27951;6496;3.7;0.8
42;2021-02-14;186;208;28137;6704;3.7;0.9
42;2021-02-15;521;778;28658;7482;3.7;1.0
42;2021-02-16;490;1211;29148;8693;3.8;1.1
42;2021-02-17;518;1511;29666;10204;3.9;1.3
42;2021-02-18;756;1342;30422;11546;4.0;1.5
42;2021-02-19;767;991;31189;12537;4.1;1.6
42;2021-02-20;248;412;31437;12949;4.1;1.7
42;2021-02-21;63;310;31500;13259;4.1;1.7
42;2021-02-22;575;941;32075;14200;4.2;1.9
42;2021-02-23;1209;1412;33284;15612;4.4;2.0
42;2021-02-24;1245;1213;34529;16825;4.5;2.2
42;2021-02-25;1666;1410;36195;18235;4.7;2.4
42;2021-02-26;1647;915;37842;19150;4.9;2.5
42;2021-02-27;580;288;38422;19438;5.0;2.5
42;2021-02-28;166;120;38588;19558;5.0;2.6
42;2021-03-01;807;835;39395;20393;5.2;2.7
42;2021-03-02;1276;814;40671;21207;5.3;2.8
42;2021-03-03;1368;799;42039;22006;5.5;2.9
42;2021-03-04;1705;717;43744;22723;5.7;3.0
42;2021-03-05;2625;666;46369;23389;6.1;3.1
42;2021-03-06;1932;267;48301;23656;6.3;3.1
42;2021-03-07;1491;93;49792;23749;6.5;3.1
42;2021-03-08;1405;514;51197;24263;6.7;3.2
42;2021-03-09;1984;458;53181;24721;7.0;3.2
42;2021-03-10;2053;505;55234;25226;7.2;3.3
42;2021-03-11;3047;621;58281;25847;7.6;3.4
42;2021-03-12;3008;832;61289;26679;8.0;3.5
42;2021-03-13;1478;367;62767;27046;8.2;3.5
42;2021-03-14;472;171;63239;27217;8.3;3.6
42;2021-03-15;1571;602;64810;27819;8.5;3.6
42;2021-03-16;1473;775;66283;28594;8.7;3.7
42;2021-03-17;1725;1081;68008;29675;8.9;3.9
42;2021-03-18;1804;1030;69812;30705;9.1;4.0
42;2021-03-19;2567;680;72379;31385;9.5;4.1
42;2021-03-20;1672;233;74051;31618;9.7;4.1
42;2021-03-21;526;99;74577;31717;9.8;4.1
42;2021-03-22;1427;735;76004;32452;9.9;4.2
42;2021-03-23;2507;866;78511;33318;10.3;4.4
42;2021-03-24;2783;783;81294;34101;10.6;4.5
42;2021-03-25;3720;936;85014;35037;11.1;4.6
42;2021-03-26;3760;789;88774;35826;11.6;4.7
42;2021-03-27;1806;451;90580;36277;11.8;4.7
42;2021-03-28;1040;216;91620;36493;12.0;4.8
42;2021-03-29;2062;926;93682;37419;12.3;4.9
42;2021-03-30;3144;866;96826;38285;12.7;5.0
42;2021-03-31;2443;1071;99269;39356;13.0;5.1
42;2021-04-01;3392;1052;102661;40408;13.4;5.3
42;2021-04-02;2849;1230;105510;41638;13.8;5.4
42;2021-04-03;1418;610;106928;42248;14.0;5.5
42;2021-04-04;1404;395;108332;42643;14.2;5.6
42;2021-04-05;1900;297;110232;42940;14.4;5.6
42;2021-04-06;2292;1416;112524;44356;14.7;5.8
42;2021-04-07;2761;1833;115285;46189;15.1;6.0
42;2021-04-08;4025;1597;119310;47786;15.6;6.2
42;2021-04-09;5135;1559;124445;49345;16.3;6.5
42;2021-04-10;2591;769;127036;50114;16.6;6.6
42;2021-04-11;1956;429;128992;50543;16.9;6.6
42;2021-04-12;3699;1551;132691;52094;17.4;6.8
42;2021-04-13;4658;1809;137349;53903;18.0;7.0
42;2021-04-14;4311;1905;141660;55808;18.5;7.3
42;2021-04-15;4810;1831;146470;57639;19.2;7.5
42;2021-04-16;4618;1892;151088;59531;19.8;7.8
42;2021-04-17;2982;1074;154070;60605;20.1;7.9
42;2021-04-18;1884;414;155954;61019;20.4;8.0
42;2021-04-19;3090;1537;159044;62556;20.8;8.2
42;2021-04-20;3468;1955;162512;64511;21.3;8.4
42;2021-04-21;3478;1747;165990;66258;21.7;8.7
42;2021-04-22;3769;1952;169759;68210;22.2;8.9
42;2021-04-23;3838;2014;173597;70224;22.7;9.2
42;2021-04-24;2363;1517;175960;71741;23.0;9.4
42;2021-04-25;1659;942;177619;72683;23.2;9.5
42;2021-04-26;3279;1735;180898;74418;23.7;9.7
42;2021-04-27;3257;2208;184155;76626;24.1;10.0
42;2021-04-28;3464;2625;187619;79251;24.5;10.4
42;2021-04-29;3770;2807;191389;82058;25.0;10.7
42;2021-04-30;3361;3035;194750;85093;25.5;11.1
42;2021-05-01;2969;1050;197719;86143;25.9;11.3
42;2021-05-02;1935;1260;199654;87403;26.1;11.4
42;2021-05-03;2868;2767;202522;90170;26.5;11.8
42;2021-05-04;3417;3133;205939;93303;26.9;12.2
42;2021-05-05;3328;3401;209267;96704;27.4;12.6
42;2021-05-06;3888;3771;213155;100475;27.9;13.1
42;2021-05-07;3729;4036;216884;104511;28.4;13.7
42;2021-05-08;3165;1071;220049;105582;28.8;13.8
42;2021-05-09;1505;2214;221554;107796;29.0;14.1
42;2021-05-10;3249;3827;224803;111623;29.4;14.6
42;2021-05-11;5575;3914;230378;115537;30.1;15.1
42;2021-05-12;5341;3567;235719;119104;30.8;15.6
42;2021-05-13;5454;1144;241173;120248;31.5;15.7
42;2021-05-14;5241;2927;246414;123175;32.2;16.1
42;2021-05-15;4881;2126;251295;125301;32.9;16.4
42;2021-05-16;2873;1037;254168;126338;33.2;16.5
42;2021-05-17;5888;2839;260056;129177;34.0;16.9
42;2021-05-18;6252;2982;266308;132159;34.8;17.3
42;2021-05-19;6524;2750;272832;134909;35.7;17.6
42;2021-05-20;7105;2899;279937;137808;36.6;18.0
42;2021-05-21;6351;3274;286288;141082;37.4;18.4
42;2021-05-22;5836;2132;292124;143214;38.2;18.7
42;2021-05-23;2835;873;294959;144087;38.6;18.8
42;2021-05-24;5251;1429;300210;145516;39.3;19.0
42;2021-05-25;5153;3942;305363;149458;39.9;19.5
42;2021-05-26;5161;3459;310524;152917;40.6;20.0
42;2021-05-27;5370;3638;315894;156555;41.3;20.5
42;2021-05-28;5042;4204;320936;160759;42.0;21.0
42;2021-05-29;4343;2987;325279;163746;42.5;21.4
42;2021-05-30;1981;1211;327260;164957;42.8;21.6
42;2021-05-31;4242;3427;331502;168384;43.3;22.0
42;2021-06-01;4592;3568;336094;171952;43.9;22.5
42;2021-06-02;4478;3015;340572;174967;44.5;22.9
42;2021-06-03;4930;3841;345502;178808;45.2;23.4
42;2021-06-04;4767;4220;350269;183028;45.8;23.9
42;2021-06-05;3689;2427;353958;185455;46.3;24.3
42;2021-06-06;1446;1295;355404;186750;46.5;24.4
42;2021-06-07;3991;3377;359395;190127;47.0;24.9
42;2021-06-08;3465;3247;362860;193374;47.4;25.3
42;2021-06-09;2964;3204;365824;196578;47.8;25.7
42;2021-06-10;3243;2938;369067;199516;48.3;26.1
42;2021-06-11;3589;4117;372656;203633;48.7;26.6
42;2021-06-12;2863;2880;375519;206513;49.1;27.0
42;2021-06-13;944;1278;376463;207791;49.2;27.2
42;2021-06-14;2314;4063;378777;211854;49.5;27.7
42;2021-06-15;2831;4071;381608;215925;49.9;28.2
42;2021-06-16;2923;3551;384531;219476;50.3;28.7
42;2021-06-17;2639;3740;387170;223216;50.6;29.2
42;2021-06-18;3093;5148;390263;228364;51.0;29.9
42;2021-06-19;2849;4244;393112;232608;51.4;30.4
42;2021-06-20;857;1844;393969;234452;51.5;30.7
42;2021-06-21;1907;6278;395876;240730;51.8;31.5
42;2021-06-22;1877;5894;397753;246624;52.0;32.2
42;2021-06-23;1845;5323;399598;251947;52.3;32.9
42;2021-06-24;1787;4685;401385;256632;52.5;33.6
42;2021-06-25;2039;6951;403424;263583;52.8;34.5
42;2021-06-26;1409;5821;404833;269404;52.9;35.2
42;2021-06-27;756;2857;405589;272261;53.0;35.6
42;2021-06-28;1744;7059;407333;279320;53.3;36.5
42;2021-06-29;1527;6566;408860;285886;53.5;37.4
42;2021-06-30;1968;5763;410828;291649;53.7;38.1
42;2021-07-01;1779;5120;412607;296769;54.0;38.8
42;2021-07-02;2049;6746;414656;303515;54.2;39.7
42;2021-07-03;1760;5978;416416;309493;54.5;40.5
42;2021-07-04;854;2513;417270;312006;54.6;40.8
42;2021-07-05;1716;6285;418986;318291;54.8;41.6
42;2021-07-06;2106;5578;421092;323869;55.1;42.4
42;2021-07-07;2337;4661;423429;328530;55.4;43.0
42;2021-07-08;2273;3958;425702;332488;55.7;43.5
42;2021-07-09;2416;6098;428118;338586;56.0;44.3
42;2021-07-10;1694;5582;429812;344168;56.2;45.0
42;2021-07-11;921;2304;430733;346472;56.3;45.3
42;2021-07-12;1777;6288;432510;352760;56.6;46.1
42;2021-07-13;3612;6287;436122;359047;57.0;47.0
42;2021-07-14;4479;2052;440601;361099;57.6;47.2
42;2021-07-15;4559;5629;445160;366728;58.2;48.0
42;2021-07-16;4442;6194;449602;372922;58.8;48.8
42;2021-07-17;3221;4704;452823;377626;59.2;49.4
42;2021-07-18;1839;1743;454662;379369;59.5;49.6
42;2021-07-19;3806;5080;458468;384449;60.0;50.3
42;2021-07-20;4719;4863;463187;389312;60.6;50.9
42;2021-07-21;5175;4717;468362;394029;61.2;51.5
42;2021-07-22;5499;3937;473861;397966;62.0;52.0
42;2021-07-23;5499;5113;479360;403079;62.7;52.7
42;2021-07-24;4036;3829;483396;406908;63.2;53.2
42;2021-07-25;1656;1387;485052;408295;63.4;53.4
42;2021-07-26;4733;4326;489785;412621;64.0;54.0
42;2021-07-27;5330;3961;495115;416582;64.7;54.5
42;2021-07-28;5783;3673;500898;420255;65.5;55.0
42;2021-07-29;5679;3430;506577;423685;66.2;55.4
42;2021-07-30;5132;3773;511709;427458;66.9;55.9
42;2021-07-31;4758;3054;516467;430512;67.5;56.3
42;2021-08-01;2498;1312;518965;431824;67.9;56.5
42;2021-08-02;4358;3114;523323;434938;68.4;56.9
42;2021-08-03;3818;3278;527141;438216;68.9;57.3
42;2021-08-04;3472;3222;530613;441438;69.4;57.7
42;2021-08-05;3401;3316;534014;444754;69.8;58.2
42;2021-08-06;3626;3995;537640;448749;70.3;58.7
42;2021-08-07;3019;3066;540659;451815;70.7;59.1
42;2021-08-08;1196;1713;541855;453528;70.9;59.3
42;2021-08-09;2802;3853;544657;457381;71.2;59.8
42;2021-08-10;3266;3906;547923;461287;71.6;60.3
42;2021-08-11;2588;3519;550511;464806;72.0;60.8
42;2021-08-12;2507;3564;553018;468370;72.3;61.2
42;2021-08-13;2307;3907;555325;472277;72.6;61.8
42;2021-08-14;1637;3264;556962;475541;72.8;62.2
42;2021-08-15;596;1028;557558;476569;72.9;62.3
42;2021-08-16;2059;4565;559617;481134;73.2;62.9
42;2021-08-17;2235;4171;561852;485305;73.5;63.5
42;2021-08-18;2029;4144;563881;489449;73.7;64.0
42;2021-08-19;1920;3369;565801;492818;74.0;64.4
42;2021-08-20;2263;4599;568064;497417;74.3;65.0
42;2021-08-21;1078;3860;569142;501277;74.4;65.5
42;2021-08-22;494;2019;569636;503296;74.5;65.8
42;2021-08-23;1618;4663;571254;507959;74.7;66.4
42;2021-08-24;1729;4037;572983;511996;74.9;67.0
42;2021-08-25;1738;3882;574721;515878;75.2;67.5
42;2021-08-26;1434;3036;576155;518914;75.3;67.9
42;2021-08-27;1768;4551;577923;523465;75.6;68.5
42;2021-08-28;1300;3705;579223;527170;75.7;68.9
42;2021-08-29;377;1427;579600;528597;75.8;69.1
42;2021-08-30;1275;3412;580875;532009;76.0;69.6
42;2021-08-31;1234;2841;582109;534850;76.1;69.9
42;2021-09-01;1241;2980;583350;537830;76.3;70.3
42;2021-09-02;1302;2907;584652;540737;76.5;70.7
43;2020-12-27;0;0;0;0;0.0;0.0
43;2020-12-28;0;0;0;0;0.0;0.0
43;2020-12-29;0;0;0;0;0.0;0.0
43;2020-12-30;0;0;0;0;0.0;0.0
43;2020-12-31;0;0;0;0;0.0;0.0
43;2021-01-01;0;0;0;0;0.0;0.0
43;2021-01-02;0;0;0;0;0.0;0.0
43;2021-01-03;0;0;0;0;0.0;0.0
43;2021-01-04;2;0;2;0;0.0;0.0
43;2021-01-05;0;0;2;0;0.0;0.0
43;2021-01-06;0;0;2;0;0.0;0.0
43;2021-01-07;167;0;169;0;0.1;0.0
43;2021-01-08;151;1;320;1;0.1;0.0
43;2021-01-09;0;0;320;1;0.1;0.0
43;2021-01-10;0;0;320;1;0.1;0.0
43;2021-01-11;137;0;457;1;0.2;0.0
43;2021-01-12;244;1;701;2;0.3;0.0
43;2021-01-13;244;2;945;4;0.4;0.0
43;2021-01-14;294;2;1239;6;0.5;0.0
43;2021-01-15;303;2;1542;8;0.7;0.0
43;2021-01-16;32;0;1574;8;0.7;0.0
43;2021-01-17;0;0;1574;8;0.7;0.0
43;2021-01-18;761;5;2335;13;1.0;0.0
43;2021-01-19;776;7;3111;20;1.4;0.0
43;2021-01-20;519;1;3630;21;1.6;0.0
43;2021-01-21;446;2;4076;23;1.8;0.0
43;2021-01-22;465;7;4541;30;2.0;0.0
43;2021-01-23;1;0;4542;30;2.0;0.0
43;2021-01-24;2;0;4544;30;2.0;0.0
43;2021-01-25;539;0;5083;30;2.2;0.0
43;2021-01-26;615;5;5698;35;2.5;0.0
43;2021-01-27;740;0;6438;35;2.8;0.0
43;2021-01-28;747;30;7185;65;3.2;0.0
43;2021-01-29;721;84;7906;149;3.5;0.1
43;2021-01-30;109;0;8015;149;3.5;0.1
43;2021-01-31;0;0;8015;149;3.5;0.1
43;2021-02-01;404;100;8419;249;3.7;0.1
43;2021-02-02;716;147;9135;396;4.0;0.2
43;2021-02-03;690;41;9825;437;4.3;0.2
43;2021-02-04;524;157;10349;594;4.6;0.3
43;2021-02-05;544;170;10893;764;4.8;0.3
43;2021-02-06;165;18;11058;782;4.9;0.3
43;2021-02-07;0;0;11058;782;4.9;0.3
43;2021-02-08;411;295;11469;1077;5.1;0.5
43;2021-02-09;369;428;11838;1505;5.2;0.7
43;2021-02-10;400;356;12238;1861;5.4;0.8
43;2021-02-11;388;395;12626;2256;5.6;1.0
43;2021-02-12;425;199;13051;2455;5.8;1.1
43;2021-02-13;570;41;13621;2496;6.0;1.1
43;2021-02-14;0;0;13621;2496;6.0;1.1
43;2021-02-15;68;458;13689;2954;6.0;1.3
43;2021-02-16;41;361;13730;3315;6.1;1.5
43;2021-02-17;87;470;13817;3785;6.1;1.7
43;2021-02-18;147;365;13964;4150;6.2;1.8
43;2021-02-19;278;498;14242;4648;6.3;2.0
43;2021-02-20;22;4;14264;4652;6.3;2.1
43;2021-02-21;0;0;14264;4652;6.3;2.1
43;2021-02-22;16;486;14280;5138;6.3;2.3
43;2021-02-23;202;784;14482;5922;6.4;2.6
43;2021-02-24;147;720;14629;6642;6.4;2.9
43;2021-02-25;227;683;14856;7325;6.5;3.2
43;2021-02-26;222;653;15078;7978;6.6;3.5
43;2021-02-27;138;73;15216;8051;6.7;3.5
43;2021-02-28;1;0;15217;8051;6.7;3.5
43;2021-03-01;210;469;15427;8520;6.8;3.8
43;2021-03-02;342;572;15769;9092;6.9;4.0
43;2021-03-03;338;583;16107;9675;7.1;4.3
43;2021-03-04;551;463;16658;10138;7.3;4.5
43;2021-03-05;566;454;17224;10592;7.6;4.7
43;2021-03-06;489;178;17713;10770;7.8;4.7
43;2021-03-07;12;0;17725;10770;7.8;4.7
43;2021-03-08;446;446;18171;11216;8.0;4.9
43;2021-03-09;621;358;18792;11574;8.3;5.1
43;2021-03-10;674;503;19466;12077;8.6;5.3
43;2021-03-11;953;442;20419;12519;9.0;5.5
43;2021-03-12;945;426;21364;12945;9.4;5.7
43;2021-03-13;792;118;22156;13063;9.8;5.8
43;2021-03-14;2;0;22158;13063;9.8;5.8
43;2021-03-15;706;141;22864;13204;10.1;5.8
43;2021-03-16;848;287;23712;13491;10.5;5.9
43;2021-03-17;638;136;24350;13627;10.7;6.0
43;2021-03-18;676;138;25026;13765;11.0;6.1
43;2021-03-19;839;108;25865;13873;11.4;6.1
43;2021-03-20;450;60;26315;13933;11.6;6.1
43;2021-03-21;0;0;26315;13933;11.6;6.1
43;2021-03-22;744;41;27059;13974;11.9;6.2
43;2021-03-23;872;48;27931;14022;12.3;6.2
43;2021-03-24;1174;95;29105;14117;12.8;6.2
43;2021-03-25;1594;154;30699;14271;13.5;6.3
43;2021-03-26;1609;191;32308;14462;14.2;6.4
43;2021-03-27;1449;78;33757;14540;14.9;6.4
43;2021-03-28;420;20;34177;14560;15.1;6.4
43;2021-03-29;1095;171;35272;14731;15.5;6.5
43;2021-03-30;1313;241;36585;14972;16.1;6.6
43;2021-03-31;1305;263;37890;15235;16.7;6.7
43;2021-04-01;1346;340;39236;15575;17.3;6.9
43;2021-04-02;1052;354;40288;15929;17.8;7.0
43;2021-04-03;340;198;40628;16127;17.9;7.1
43;2021-04-04;0;0;40628;16127;17.9;7.1
43;2021-04-05;3;0;40631;16127;17.9;7.1
43;2021-04-06;688;604;41319;16731;18.2;7.4
43;2021-04-07;868;574;42187;17305;18.6;7.6
43;2021-04-08;1087;463;43274;17768;19.1;7.8
43;2021-04-09;1148;662;44422;18430;19.6;8.1
43;2021-04-10;626;264;45048;18694;19.9;8.2
43;2021-04-11;0;0;45048;18694;19.9;8.2
43;2021-04-12;682;651;45730;19345;20.2;8.5
43;2021-04-13;917;725;46647;20070;20.6;8.8
43;2021-04-14;725;668;47372;20738;20.9;9.1
43;2021-04-15;959;700;48331;21438;21.3;9.4
43;2021-04-16;1009;694;49340;22132;21.7;9.8
43;2021-04-17;423;302;49763;22434;21.9;9.9
43;2021-04-18;3;5;49766;22439;21.9;9.9
43;2021-04-19;629;568;50395;23007;22.2;10.1
43;2021-04-20;840;677;51235;23684;22.6;10.4
43;2021-04-21;320;986;51555;24670;22.7;10.9
43;2021-04-22;680;1015;52235;25685;23.0;11.3
43;2021-04-23;401;1102;52636;26787;23.2;11.8
43;2021-04-24;347;1040;52983;27827;23.4;12.3
43;2021-04-25;23;403;53006;28230;23.4;12.4
43;2021-04-26;386;965;53392;29195;23.5;12.9
43;2021-04-27;825;987;54217;30182;23.9;13.3
43;2021-04-28;794;1108;55011;31290;24.2;13.8
43;2021-04-29;1238;1139;56249;32429;24.8;14.3
43;2021-04-30;1199;1065;57448;33494;25.3;14.8
43;2021-05-01;400;27;57848;33521;25.5;14.8
43;2021-05-02;1;0;57849;33521;25.5;14.8
43;2021-05-03;1218;408;59067;33929;26.0;15.0
43;2021-05-04;1236;953;60303;34882;26.6;15.4
43;2021-05-05;1143;848;61446;35730;27.1;15.7
43;2021-05-06;1404;937;62850;36667;27.7;16.2
43;2021-05-07;1088;1172;63938;37839;28.2;16.7
43;2021-05-08;521;136;64459;37975;28.4;16.7
43;2021-05-09;0;2;64459;37977;28.4;16.7
43;2021-05-10;1084;725;65543;38702;28.9;17.1
43;2021-05-11;1554;1009;67097;39711;29.6;17.5
43;2021-05-12;1481;808;68578;40519;30.2;17.9
43;2021-05-13;936;379;69514;40898;30.6;18.0
43;2021-05-14;2204;1110;71718;42008;31.6;18.5
43;2021-05-15;1271;315;72989;42323;32.2;18.7
43;2021-05-16;272;47;73261;42370;32.3;18.7
43;2021-05-17;1625;631;74886;43001;33.0;19.0
43;2021-05-18;1966;675;76852;43676;33.9;19.2
43;2021-05-19;2065;574;78917;44250;34.8;19.5
43;2021-05-20;2338;806;81255;45056;35.8;19.9
43;2021-05-21;2385;708;83640;45764;36.9;20.2
43;2021-05-22;1209;341;84849;46105;37.4;20.3
43;2021-05-23;1;0;84850;46105;37.4;20.3
43;2021-05-24;382;99;85232;46204;37.6;20.4
43;2021-05-25;1408;653;86640;46857;38.2;20.7
43;2021-05-26;1349;560;87989;47417;38.8;20.9
43;2021-05-27;1390;714;89379;48131;39.4;21.2
43;2021-05-28;1348;734;90727;48865;40.0;21.5
43;2021-05-29;1135;604;91862;49469;40.5;21.8
43;2021-05-30;149;17;92011;49486;40.6;21.8
43;2021-05-31;1208;442;93219;49928;41.1;22.0
43;2021-06-01;1279;985;94498;50913;41.6;22.4
43;2021-06-02;1086;700;95584;51613;42.1;22.7
43;2021-06-03;1193;858;96777;52471;42.7;23.1
43;2021-06-04;1351;858;98128;53329;43.2;23.5
43;2021-06-05;824;454;98952;53783;43.6;23.7
43;2021-06-06;10;5;98962;53788;43.6;23.7
43;2021-06-07;748;518;99710;54306;43.9;23.9
43;2021-06-08;664;705;100374;55011;44.2;24.2
43;2021-06-09;539;761;100913;55772;44.5;24.6
43;2021-06-10;808;1120;101721;56892;44.8;25.1
43;2021-06-11;760;1348;102481;58240;45.2;25.7
43;2021-06-12;914;514;103395;58754;45.6;25.9
43;2021-06-13;3;27;103398;58781;45.6;25.9
43;2021-06-14;446;1088;103844;59869;45.8;26.4
43;2021-06-15;630;1195;104474;61064;46.0;26.9
43;2021-06-16;549;975;105023;62039;46.3;27.3
43;2021-06-17;602;1503;105625;63542;46.6;28.0
43;2021-06-18;899;1464;106524;65006;46.9;28.6
43;2021-06-19;447;782;106971;65788;47.1;29.0
43;2021-06-20;0;12;106971;65800;47.1;29.0
43;2021-06-21;424;1307;107395;67107;47.3;29.6
43;2021-06-22;533;1959;107928;69066;47.6;30.4
43;2021-06-23;343;1743;108271;70809;47.7;31.2
43;2021-06-24;512;1494;108783;72303;47.9;31.9
43;2021-06-25;597;2345;109380;74648;48.2;32.9
43;2021-06-26;505;1245;109885;75893;48.4;33.4
43;2021-06-27;10;20;109895;75913;48.4;33.5
43;2021-06-28;341;1785;110236;77698;48.6;34.2
43;2021-06-29;524;2382;110760;80080;48.8;35.3
43;2021-06-30;460;2275;111220;82355;49.0;36.3
43;2021-07-01;473;1910;111693;84265;49.2;37.1
43;2021-07-02;499;1964;112192;86229;49.4;38.0
43;2021-07-03;258;1108;112450;87337;49.6;38.5
43;2021-07-04;1;0;112451;87337;49.6;38.5
43;2021-07-05;526;1202;112977;88539;49.8;39.0
43;2021-07-06;633;1680;113610;90219;50.1;39.8
43;2021-07-07;525;1423;114135;91642;50.3;40.4
43;2021-07-08;837;1418;114972;93060;50.7;41.0
43;2021-07-09;550;1500;115522;94560;50.9;41.7
43;2021-07-10;401;1337;115923;95897;51.1;42.3
43;2021-07-11;23;99;115946;95996;51.1;42.3
43;2021-07-12;602;1685;116548;97681;51.4;43.1
43;2021-07-13;1186;1849;117734;99530;51.9;43.9
43;2021-07-14;848;159;118582;99689;52.3;43.9
43;2021-07-15;1932;1841;120514;101530;53.1;44.7
43;2021-07-16;1752;1618;122266;103148;53.9;45.5
43;2021-07-17;1545;1200;123811;104348;54.6;46.0
43;2021-07-18;4;19;123815;104367;54.6;46.0
43;2021-07-19;1439;1256;125254;105623;55.2;46.6
43;2021-07-20;1894;1451;127148;107074;56.0;47.2
43;2021-07-21;1850;1111;128998;108185;56.9;47.7
43;2021-07-22;2109;1333;131107;109518;57.8;48.3
43;2021-07-23;1618;1325;132725;110843;58.5;48.9
43;2021-07-24;577;1000;133302;111843;58.7;49.3
43;2021-07-25;0;1;133302;111844;58.7;49.3
43;2021-07-26;1642;1071;134944;112915;59.5;49.8
43;2021-07-27;2282;1222;137226;114137;60.5;50.3
43;2021-07-28;1953;1089;139179;115226;61.3;50.8
43;2021-07-29;1987;1016;141166;116242;62.2;51.2
43;2021-07-30;1866;1337;143032;117579;63.0;51.8
43;2021-07-31;704;609;143736;118188;63.3;52.1
43;2021-08-01;13;20;143749;118208;63.4;52.1
43;2021-08-02;1539;967;145288;119175;64.0;52.5
43;2021-08-03;1402;1166;146690;120341;64.6;53.0
43;2021-08-04;1261;1107;147951;121448;65.2;53.5
43;2021-08-05;1252;1284;149203;122732;65.8;54.1
43;2021-08-06;1129;1470;150332;124202;66.3;54.7
43;2021-08-07;495;751;150827;124953;66.5;55.1
43;2021-08-08;5;0;150832;124953;66.5;55.1
43;2021-08-09;819;1634;151651;126587;66.8;55.8
43;2021-08-10;1022;1584;152673;128171;67.3;56.5
43;2021-08-11;681;1344;153354;129515;67.6;57.1
43;2021-08-12;873;1602;154227;131117;68.0;57.8
43;2021-08-13;629;1179;154856;132296;68.2;58.3
43;2021-08-14;332;548;155188;132844;68.4;58.5
43;2021-08-15;3;9;155191;132853;68.4;58.6
43;2021-08-16;680;1674;155871;134527;68.7;59.3
43;2021-08-17;711;1507;156582;136034;69.0;60.0
43;2021-08-18;556;1513;157138;137547;69.3;60.6
43;2021-08-19;642;1611;157780;139158;69.5;61.3
43;2021-08-20;516;1594;158296;140752;69.8;62.0
43;2021-08-21;237;556;158533;141308;69.9;62.3
43;2021-08-22;6;7;158539;141315;69.9;62.3
43;2021-08-23;499;1587;159038;142902;70.1;63.0
43;2021-08-24;513;1393;159551;144295;70.3;63.6
43;2021-08-25;510;1295;160061;145590;70.5;64.2
43;2021-08-26;473;1138;160534;146728;70.8;64.7
43;2021-08-27;528;1357;161062;148085;71.0;65.3
43;2021-08-28;176;498;161238;148583;71.1;65.5
43;2021-08-29;0;1;161238;148584;71.1;65.5
43;2021-08-30;484;1060;161722;149644;71.3;66.0
43;2021-08-31;375;885;162097;150529;71.4;66.3
43;2021-09-01;301;960;162398;151489;71.6;66.8
43;2021-09-02;306;962;162704;152451;71.7;67.2
44;2020-12-27;1;0;1;0;0.0;0.0
44;2020-12-28;1;0;2;0;0.0;0.0
44;2020-12-29;1;0;3;0;0.0;0.0
44;2020-12-30;1;0;4;0;0.0;0.0
44;2020-12-31;1;0;5;0;0.0;0.0
44;2021-01-01;0;0;5;0;0.0;0.0
44;2021-01-02;0;0;5;0;0.0;0.0
44;2021-01-03;3;0;8;0;0.0;0.0
44;2021-01-04;0;0;8;0;0.0;0.0
44;2021-01-05;1;0;9;0;0.0;0.0
44;2021-01-06;20;1;29;1;0.0;0.0
44;2021-01-07;187;0;216;1;0.0;0.0
44;2021-01-08;528;0;744;1;0.1;0.0
44;2021-01-09;473;0;1217;1;0.1;0.0
44;2021-01-10;455;1;1672;2;0.1;0.0
44;2021-01-11;801;1;2473;3;0.2;0.0
44;2021-01-12;906;1;3379;4;0.2;0.0
44;2021-01-13;1087;1;4466;5;0.3;0.0
44;2021-01-14;1115;7;5581;12;0.4;0.0
44;2021-01-15;988;1;6569;13;0.5;0.0
44;2021-01-16;335;2;6904;15;0.5;0.0
44;2021-01-17;328;1;7232;16;0.5;0.0
44;2021-01-18;856;3;8088;19;0.6;0.0
44;2021-01-19;2622;5;10710;24;0.7;0.0
44;2021-01-20;2741;3;13451;27;0.9;0.0
44;2021-01-21;4533;8;17984;35;1.3;0.0
44;2021-01-22;2416;6;20400;41;1.4;0.0
44;2021-01-23;767;1;21167;42;1.5;0.0
44;2021-01-24;119;0;21286;42;1.5;0.0
44;2021-01-25;832;0;22118;42;1.5;0.0
44;2021-01-26;2563;18;24681;60;1.7;0.0
44;2021-01-27;2097;63;26778;123;1.9;0.0
44;2021-01-28;3733;192;30511;315;2.1;0.0
44;2021-01-29;2370;470;32881;785;2.3;0.1
44;2021-01-30;628;209;33509;994;2.3;0.1
44;2021-01-31;14;201;33523;1195;2.3;0.1
44;2021-02-01;593;531;34116;1726;2.4;0.1
44;2021-02-02;879;738;34995;2464;2.4;0.2
44;2021-02-03;890;862;35885;3326;2.5;0.2
44;2021-02-04;937;714;36822;4040;2.6;0.3
44;2021-02-05;895;615;37717;4655;2.6;0.3
44;2021-02-06;469;257;38186;4912;2.7;0.3
44;2021-02-07;72;193;38258;5105;2.7;0.4
44;2021-02-08;521;436;38779;5541;2.7;0.4
44;2021-02-09;992;1234;39771;6775;2.8;0.5
44;2021-02-10;1142;1283;40913;8058;2.8;0.6
44;2021-02-11;2289;3024;43202;11082;3.0;0.8
44;2021-02-12;1663;1730;44865;12812;3.1;0.9
44;2021-02-13;433;490;45298;13302;3.2;0.9
44;2021-02-14;10;177;45308;13479;3.2;0.9
44;2021-02-15;505;1038;45813;14517;3.2;1.0
44;2021-02-16;1440;2482;47253;16999;3.3;1.2
44;2021-02-17;1104;2097;48357;19096;3.4;1.3
44;2021-02-18;1959;3659;50316;22755;3.5;1.6
44;2021-02-19;1579;2485;51895;25240;3.6;1.8
44;2021-02-20;408;604;52303;25844;3.6;1.8
44;2021-02-21;6;177;52309;26021;3.6;1.8
44;2021-02-22;717;803;53026;26824;3.7;1.9
44;2021-02-23;1246;1075;54272;27899;3.8;1.9
44;2021-02-24;1238;1058;55510;28957;3.9;2.0
44;2021-02-25;2444;1024;57954;29981;4.0;2.1
44;2021-02-26;2291;907;60245;30888;4.2;2.1
44;2021-02-27;976;430;61221;31318;4.3;2.2
44;2021-02-28;7;32;61228;31350;4.3;2.2
44;2021-03-01;989;554;62217;31904;4.3;2.2
44;2021-03-02;1806;1035;64023;32939;4.5;2.3
44;2021-03-03;1861;1119;65884;34058;4.6;2.4
44;2021-03-04;2881;1574;68765;35632;4.8;2.5
44;2021-03-05;3481;1321;72246;36953;5.0;2.6
44;2021-03-06;2508;488;74754;37441;5.2;2.6
44;2021-03-07;988;89;75742;37530;5.3;2.6
44;2021-03-08;1785;610;77527;38140;5.4;2.7
44;2021-03-09;3353;1144;80880;39284;5.6;2.7
44;2021-03-10;3079;1112;83959;40396;5.8;2.8
44;2021-03-11;4439;1787;88398;42183;6.2;2.9
44;2021-03-12;5893;1308;94291;43491;6.6;3.0
44;2021-03-13;3632;300;97923;43791;6.8;3.0
44;2021-03-14;431;63;98354;43854;6.8;3.1
44;2021-03-15;2688;373;101042;44227;7.0;3.1
44;2021-03-16;2149;631;103191;44858;7.2;3.1
44;2021-03-17;1966;674;105157;45532;7.3;3.2
44;2021-03-18;2169;642;107326;46174;7.5;3.2
44;2021-03-19;3787;367;111113;46541;7.7;3.2
44;2021-03-20;3212;296;114325;46837;8.0;3.3
44;2021-03-21;914;19;115239;46856;8.0;3.3
44;2021-03-22;2462;444;117701;47300;8.2;3.3
44;2021-03-23;3960;703;121661;48003;8.5;3.3
44;2021-03-24;4303;633;125964;48636;8.8;3.4
44;2021-03-25;5625;931;131589;49567;9.2;3.4
44;2021-03-26;6506;760;138095;50327;9.6;3.5
44;2021-03-27;3216;426;141311;50753;9.8;3.5
44;2021-03-28;1244;39;142555;50792;9.9;3.5
44;2021-03-29;3122;789;145677;51581;10.1;3.6
44;2021-03-30;5137;1115;150814;52696;10.5;3.7
44;2021-03-31;4613;1306;155427;54002;10.8;3.8
44;2021-04-01;6137;1006;161564;55008;11.2;3.8
44;2021-04-02;5796;952;167360;55960;11.6;3.9
44;2021-04-03;2435;650;169795;56610;11.8;3.9
44;2021-04-04;665;21;170460;56631;11.9;3.9
44;2021-04-05;692;287;171152;56918;11.9;4.0
44;2021-04-06;4212;1374;175364;58292;12.2;4.1
44;2021-04-07;5077;1654;180441;59946;12.6;4.2
44;2021-04-08;7179;1665;187620;61611;13.1;4.3
44;2021-04-09;10067;1816;197687;63427;13.8;4.4
44;2021-04-10;4563;1453;202250;64880;14.1;4.5
44;2021-04-11;2149;429;204399;65309;14.2;4.5
44;2021-04-12;5466;1588;209865;66897;14.6;4.7
44;2021-04-13;6729;2260;216594;69157;15.1;4.8
44;2021-04-14;5911;2236;222505;71393;15.5;5.0
44;2021-04-15;6702;2208;229207;73601;15.9;5.1
44;2021-04-16;7784;2046;236991;75647;16.5;5.3
44;2021-04-17;4301;1384;241292;77031;16.8;5.4
44;2021-04-18;2254;819;243546;77850;16.9;5.4
44;2021-04-19;5046;1907;248592;79757;17.3;5.5
44;2021-04-20;6282;2645;254874;82402;17.7;5.7
44;2021-04-21;6007;2786;260881;85188;18.2;5.9
44;2021-04-22;6961;2513;267842;87701;18.6;6.1
44;2021-04-23;7335;3177;275177;90878;19.1;6.3
44;2021-04-24;3971;2047;279148;92925;19.4;6.5
44;2021-04-25;2076;1058;281224;93983;19.6;6.5
44;2021-04-26;5653;2761;286877;96744;20.0;6.7
44;2021-04-27;7420;4098;294297;100842;20.5;7.0
44;2021-04-28;7608;3784;301905;104626;21.0;7.3
44;2021-04-29;8966;4278;310871;108904;21.6;7.6
44;2021-04-30;9568;4696;320439;113600;22.3;7.9
44;2021-05-01;2849;924;323288;114524;22.5;8.0
44;2021-05-02;1901;619;325189;115143;22.6;8.0
44;2021-05-03;5548;4077;330737;119220;23.0;8.3
44;2021-05-04;6330;5133;337067;124353;23.5;8.7
44;2021-05-05;6072;4620;343139;128973;23.9;9.0
44;2021-05-06;7256;4882;350395;133855;24.4;9.3
44;2021-05-07;7453;5715;357848;139570;24.9;9.7
44;2021-05-08;2583;1267;360431;140837;25.1;9.8
44;2021-05-09;1801;1814;362232;142651;25.2;9.9
44;2021-05-10;6574;5773;368806;148424;25.7;10.3
44;2021-05-11;7788;6269;376594;154693;26.2;10.8
44;2021-05-12;8196;5718;384790;160411;26.8;11.2
44;2021-05-13;5304;1191;390094;161602;27.1;11.2
44;2021-05-14;7587;3975;397681;165577;27.7;11.5
44;2021-05-15;5008;2234;402689;167811;28.0;11.7
44;2021-05-16;2795;742;405484;168553;28.2;11.7
44;2021-05-17;6744;5150;412228;173703;28.7;12.1
44;2021-05-18;7967;5233;420195;178936;29.2;12.5
44;2021-05-19;8167;4287;428362;183223;29.8;12.7
44;2021-05-20;8365;4650;436727;187873;30.4;13.1
44;2021-05-21;8836;5213;445563;193086;31.0;13.4
44;2021-05-22;5099;2232;450662;195318;31.4;13.6
44;2021-05-23;1759;824;452421;196142;31.5;13.6
44;2021-05-24;4887;1618;457308;197760;31.8;13.8
44;2021-05-25;7741;5554;465049;203314;32.4;14.1
44;2021-05-26;8183;5047;473232;208361;32.9;14.5
44;2021-05-27;9660;5360;482892;213721;33.6;14.9
44;2021-05-28;9186;6915;492078;220636;34.2;15.4
44;2021-05-29;5886;3333;497964;223969;34.6;15.6
44;2021-05-30;1775;705;499739;224674;34.8;15.6
44;2021-05-31;8063;6190;507802;230864;35.3;16.1
44;2021-06-01;9906;6562;517708;237426;36.0;16.5
44;2021-06-02;9527;5696;527235;243122;36.7;16.9
44;2021-06-03;10864;5893;538099;249015;37.4;17.3
44;2021-06-04;9961;8078;548060;257093;38.1;17.9
44;2021-06-05;5781;4342;553841;261435;38.5;18.2
44;2021-06-06;2363;1130;556204;262565;38.7;18.3
44;2021-06-07;9554;6939;565758;269504;39.4;18.8
44;2021-06-08;10913;7504;576671;277008;40.1;19.3
44;2021-06-09;10557;6327;587228;283335;40.9;19.7
44;2021-06-10;11428;6042;598656;289377;41.7;20.1
44;2021-06-11;11958;8649;610614;298026;42.5;20.7
44;2021-06-12;7767;4093;618381;302119;43.0;21.0
44;2021-06-13;2793;1007;621174;303126;43.2;21.1
44;2021-06-14;8768;8414;629942;311540;43.8;21.7
44;2021-06-15;11709;8263;641651;319803;44.6;22.3
44;2021-06-16;10979;7660;652630;327463;45.4;22.8
44;2021-06-17;11733;8689;664363;336152;46.2;23.4
44;2021-06-18;10902;10113;675265;346265;47.0;24.1
44;2021-06-19;5884;4326;681149;350591;47.4;24.4
44;2021-06-20;2535;1341;683684;351932;47.6;24.5
44;2021-06-21;7353;10017;691037;361949;48.1;25.2
44;2021-06-22;8468;10630;699505;372579;48.7;25.9
44;2021-06-23;8555;9138;708060;381717;49.3;26.6
44;2021-06-24;9125;8569;717185;390286;49.9;27.2
44;2021-06-25;7647;10819;724832;401105;50.4;27.9
44;2021-06-26;2961;6471;727793;407576;50.6;28.4
44;2021-06-27;817;2406;728610;409982;50.7;28.5
44;2021-06-28;5228;10057;733838;420039;51.1;29.2
44;2021-06-29;6181;12087;740019;432126;51.5;30.1
44;2021-06-30;6184;10451;746203;442577;51.9;30.8
44;2021-07-01;6932;10489;753135;453066;52.4;31.5
44;2021-07-02;6694;12556;759829;465622;52.9;32.4
44;2021-07-03;2583;7002;762412;472624;53.1;32.9
44;2021-07-04;995;2236;763407;474860;53.1;33.0
44;2021-07-05;5320;11875;768727;486735;53.5;33.9
44;2021-07-06;6060;12600;774787;499335;53.9;34.7
44;2021-07-07;6496;11098;781283;510433;54.4;35.5
44;2021-07-08;7389;11960;788672;522393;54.9;36.3
44;2021-07-09;6259;14256;794931;536649;55.3;37.3
44;2021-07-10;2447;7008;797378;543657;55.5;37.8
44;2021-07-11;730;2262;798108;545919;55.5;38.0
44;2021-07-12;4398;14057;802506;559976;55.8;39.0
44;2021-07-13;5758;14849;808264;574825;56.2;40.0
44;2021-07-14;3670;5809;811934;580634;56.5;40.4
44;2021-07-15;7226;14289;819160;594923;57.0;41.4
44;2021-07-16;8222;14995;827382;609918;57.6;42.4
44;2021-07-17;3372;7577;830754;617495;57.8;43.0
44;2021-07-18;1434;2548;832188;620043;57.9;43.1
44;2021-07-19;4863;14694;837051;634737;58.2;44.2
44;2021-07-20;6020;15677;843071;650414;58.7;45.3
44;2021-07-21;5845;13987;848916;664401;59.1;46.2
44;2021-07-22;6722;13746;855638;678147;59.5;47.2
44;2021-07-23;6158;15634;861796;693781;60.0;48.3
44;2021-07-24;2847;8718;864643;702499;60.2;48.9
44;2021-07-25;945;3089;865588;705588;60.2;49.1
44;2021-07-26;6078;12688;871666;718276;60.7;50.0
44;2021-07-27;9693;12186;881359;730462;61.3;50.8
44;2021-07-28;9240;10848;890599;741310;62.0;51.6
44;2021-07-29;10274;10842;900873;752152;62.7;52.3
44;2021-07-30;9162;10927;910035;763079;63.3;53.1
44;2021-07-31;4777;5648;914812;768727;63.7;53.5
44;2021-08-01;2567;1407;917379;770134;63.8;53.6
44;2021-08-02;6400;9479;923779;779613;64.3;54.2
44;2021-08-03;8385;8539;932164;788152;64.9;54.8
44;2021-08-04;9062;6981;941226;795133;65.5;55.3
44;2021-08-05;11515;7519;952741;802652;66.3;55.9
44;2021-08-06;9639;8205;962380;810857;67.0;56.4
44;2021-08-07;4557;3702;966937;814559;67.3;56.7
44;2021-08-08;2533;1726;969470;816285;67.5;56.8
44;2021-08-09;8866;7976;978336;824261;68.1;57.4
44;2021-08-10;10236;7615;988572;831876;68.8;57.9
44;2021-08-11;10362;6782;998934;838658;69.5;58.4
44;2021-08-12;10328;7345;1009262;846003;70.2;58.9
44;2021-08-13;8310;6153;1017572;852156;70.8;59.3
44;2021-08-14;3190;3225;1020762;855381;71.0;59.5
44;2021-08-15;708;929;1021470;856310;71.1;59.6
44;2021-08-16;5831;8300;1027301;864610;71.5;60.2
44;2021-08-17;5564;8180;1032865;872790;71.9;60.7
44;2021-08-18;4798;7611;1037663;880401;72.2;61.3
44;2021-08-19;4934;8347;1042597;888748;72.5;61.8
44;2021-08-20;4475;8917;1047072;897665;72.9;62.5
44;2021-08-21;1943;4612;1049015;902277;73.0;62.8
44;2021-08-22;697;2441;1049712;904718;73.0;63.0
44;2021-08-23;3637;9427;1053349;914145;73.3;63.6
44;2021-08-24;3617;8697;1056966;922842;73.5;64.2
44;2021-08-25;3127;8581;1060093;931423;73.8;64.8
44;2021-08-26;2925;10334;1063018;941757;74.0;65.5
44;2021-08-27;3060;10451;1066078;952208;74.2;66.3
44;2021-08-28;1367;5849;1067445;958057;74.3;66.7
44;2021-08-29;561;2708;1068006;960765;74.3;66.9
44;2021-08-30;2645;10960;1070651;971725;74.5;67.6
44;2021-08-31;2794;11214;1073445;982939;74.7;68.4
44;2021-09-01;2657;9923;1076102;992862;74.9;69.1
44;2021-09-02;2222;8729;1078324;1001591;75.0;69.7
45;2020-12-27;0;0;0;0;0.0;0.0
45;2020-12-28;1;0;1;0;0.0;0.0
45;2020-12-29;0;0;1;0;0.0;0.0
45;2020-12-30;0;0;1;0;0.0;0.0
45;2020-12-31;1;0;2;0;0.0;0.0
45;2021-01-01;0;0;2;0;0.0;0.0
45;2021-01-02;0;0;2;0;0.0;0.0
45;2021-01-03;0;0;2;0;0.0;0.0
45;2021-01-04;0;0;2;0;0.0;0.0
45;2021-01-05;76;0;78;0;0.0;0.0
45;2021-01-06;68;0;146;0;0.0;0.0
45;2021-01-07;207;0;353;0;0.1;0.0
45;2021-01-08;199;1;552;1;0.1;0.0
45;2021-01-09;42;0;594;1;0.1;0.0
45;2021-01-10;23;0;617;1;0.1;0.0
45;2021-01-11;254;0;871;1;0.1;0.0
45;2021-01-12;680;3;1551;4;0.2;0.0
45;2021-01-13;496;1;2047;5;0.3;0.0
45;2021-01-14;491;39;2538;44;0.4;0.0
45;2021-01-15;391;3;2929;47;0.4;0.0
45;2021-01-16;39;0;2968;47;0.4;0.0
45;2021-01-17;24;0;2992;47;0.4;0.0
45;2021-01-18;814;1;3806;48;0.6;0.0
45;2021-01-19;1196;6;5002;54;0.7;0.0
45;2021-01-20;2118;12;7120;66;1.0;0.0
45;2021-01-21;2523;6;9643;72;1.4;0.0
45;2021-01-22;1409;4;11052;76;1.6;0.0
45;2021-01-23;124;0;11176;76;1.6;0.0
45;2021-01-24;39;0;11215;76;1.6;0.0
45;2021-01-25;557;3;11772;79;1.7;0.0
45;2021-01-26;870;18;12642;97;1.9;0.0
45;2021-01-27;650;45;13292;142;1.9;0.0
45;2021-01-28;882;209;14174;351;2.1;0.1
45;2021-01-29;578;121;14752;472;2.2;0.1
45;2021-01-30;40;41;14792;513;2.2;0.1
45;2021-01-31;37;23;14829;536;2.2;0.1
45;2021-02-01;462;203;15291;739;2.2;0.1
45;2021-02-02;759;462;16050;1201;2.4;0.2
45;2021-02-03;773;470;16823;1671;2.5;0.2
45;2021-02-04;709;265;17532;1936;2.6;0.3
45;2021-02-05;418;150;17950;2086;2.6;0.3
45;2021-02-06;36;28;17986;2114;2.6;0.3
45;2021-02-07;7;31;17993;2145;2.6;0.3
45;2021-02-08;455;192;18448;2337;2.7;0.3
45;2021-02-09;1006;408;19454;2745;2.8;0.4
45;2021-02-10;1280;802;20734;3547;3.0;0.5
45;2021-02-11;1385;1521;22119;5068;3.2;0.7
45;2021-02-12;1052;1129;23171;6197;3.4;0.9
45;2021-02-13;85;158;23256;6355;3.4;0.9
45;2021-02-14;39;11;23295;6366;3.4;0.9
45;2021-02-15;523;577;23818;6943;3.5;1.0
45;2021-02-16;756;897;24574;7840;3.6;1.1
45;2021-02-17;642;1005;25216;8845;3.7;1.3
45;2021-02-18;841;813;26057;9658;3.8;1.4
45;2021-02-19;828;739;26885;10397;3.9;1.5
45;2021-02-20;59;93;26944;10490;3.9;1.5
45;2021-02-21;17;42;26961;10532;3.9;1.5
45;2021-02-22;408;605;27369;11137;4.0;1.6
45;2021-02-23;816;753;28185;11890;4.1;1.7
45;2021-02-24;651;886;28836;12776;4.2;1.9
45;2021-02-25;962;744;29798;13520;4.4;2.0
45;2021-02-26;1044;662;30842;14182;4.5;2.1
45;2021-02-27;290;52;31132;14234;4.6;2.1
45;2021-02-28;28;5;31160;14239;4.6;2.1
45;2021-03-01;534;326;31694;14565;4.6;2.1
45;2021-03-02;671;711;32365;15276;4.7;2.2
45;2021-03-03;982;885;33347;16161;4.9;2.4
45;2021-03-04;1108;986;34455;17147;5.0;2.5
45;2021-03-05;1445;866;35900;18013;5.3;2.6
45;2021-03-06;2021;133;37921;18146;5.6;2.7
45;2021-03-07;143;59;38064;18205;5.6;2.7
45;2021-03-08;752;845;38816;19050;5.7;2.8
45;2021-03-09;1256;710;40072;19760;5.9;2.9
45;2021-03-10;1592;901;41664;20661;6.1;3.0
45;2021-03-11;1721;751;43385;21412;6.4;3.1
45;2021-03-12;2073;610;45458;22022;6.7;3.2
45;2021-03-13;988;47;46446;22069;6.8;3.2
45;2021-03-14;24;43;46470;22112;6.8;3.2
45;2021-03-15;810;595;47280;22707;6.9;3.3
45;2021-03-16;942;835;48222;23542;7.1;3.4
45;2021-03-17;1053;688;49275;24230;7.2;3.5
45;2021-03-18;998;584;50273;24814;7.4;3.6
45;2021-03-19;1619;428;51892;25242;7.6;3.7
45;2021-03-20;498;80;52390;25322;7.7;3.7
45;2021-03-21;20;35;52410;25357;7.7;3.7
45;2021-03-22;914;525;53324;25882;7.8;3.8
45;2021-03-23;1984;724;55308;26606;8.1;3.9
45;2021-03-24;1897;553;57205;27159;8.4;4.0
45;2021-03-25;2983;454;60188;27613;8.8;4.0
45;2021-03-26;3389;486;63577;28099;9.3;4.1
45;2021-03-27;1796;124;65373;28223;9.6;4.1
45;2021-03-28;89;40;65462;28263;9.6;4.1
45;2021-03-29;1530;540;66992;28803;9.8;4.2
45;2021-03-30;2785;785;69777;29588;10.2;4.3
45;2021-03-31;2134;581;71911;30169;10.5;4.4
45;2021-04-01;2973;566;74884;30735;11.0;4.5
45;2021-04-02;2827;514;77711;31249;11.4;4.6
45;2021-04-03;810;73;78521;31322;11.5;4.6
45;2021-04-04;113;33;78634;31355;11.5;4.6
45;2021-04-05;14;2;78648;31357;11.5;4.6
45;2021-04-06;1735;794;80383;32151;11.8;4.7
45;2021-04-07;1774;1114;82157;33265;12.0;4.9
45;2021-04-08;2772;1019;84929;34284;12.4;5.0
45;2021-04-09;3675;647;88604;34931;13.0;5.1
45;2021-04-10;2323;112;90927;35043;13.3;5.1
45;2021-04-11;153;24;91080;35067;13.3;5.1
45;2021-04-12;2607;669;93687;35736;13.7;5.2
45;2021-04-13;3848;1091;97535;36827;14.3;5.4
45;2021-04-14;2930;1224;100465;38051;14.7;5.6
45;2021-04-15;3519;1037;103984;39088;15.2;5.7
45;2021-04-16;3775;686;107759;39774;15.8;5.8
45;2021-04-17;1614;114;109373;39888;16.0;5.8
45;2021-04-18;200;42;109573;39930;16.0;5.8
45;2021-04-19;1937;948;111510;40878;16.3;6.0
45;2021-04-20;3075;1700;114585;42578;16.8;6.2
45;2021-04-21;2722;1305;117307;43883;17.2;6.4
45;2021-04-22;3422;1842;120729;45725;17.7;6.7
45;2021-04-23;3279;1786;124008;47511;18.2;7.0
45;2021-04-24;2023;868;126031;48379;18.5;7.1
45;2021-04-25;291;86;126322;48465;18.5;7.1
45;2021-04-26;2230;1162;128552;49627;18.8;7.3
45;2021-04-27;3353;2351;131905;51978;19.3;7.6
45;2021-04-28;2803;1947;134708;53925;19.7;7.9
45;2021-04-29;3854;2338;138562;56263;20.3;8.2
45;2021-04-30;4391;1807;142953;58070;20.9;8.5
45;2021-05-01;451;61;143404;58131;21.0;8.5
45;2021-05-02;627;122;144031;58253;21.1;8.5
45;2021-05-03;2821;991;146852;59244;21.5;8.7
45;2021-05-04;3160;2349;150012;61593;22.0;9.0
45;2021-05-05;2716;2164;152728;63757;22.4;9.3
45;2021-05-06;3330;2541;156058;66298;22.9;9.7
45;2021-05-07;2873;3193;158931;69491;23.3;10.2
45;2021-05-08;611;250;159542;69741;23.4;10.2
45;2021-05-09;1498;127;161040;69868;23.6;10.2
45;2021-05-10;4142;2978;165182;72846;24.2;10.7
45;2021-05-11;5030;2968;170212;75814;24.9;11.1
45;2021-05-12;6078;2780;176290;78594;25.8;11.5
45;2021-05-13;2450;597;178740;79191;26.2;11.6
45;2021-05-14;4968;1633;183708;80824;26.9;11.8
45;2021-05-15;4066;616;187774;81440;27.5;11.9
45;2021-05-16;289;33;188063;81473;27.5;11.9
45;2021-05-17;3360;1539;191423;83012;28.0;12.2
45;2021-05-18;5118;1681;196541;84693;28.8;12.4
45;2021-05-19;4495;2062;201036;86755;29.4;12.7
45;2021-05-20;5268;2141;206304;88896;30.2;13.0
45;2021-05-21;5144;2227;211448;91123;31.0;13.3
45;2021-05-22;3042;632;214490;91755;31.4;13.4
45;2021-05-23;15;94;214505;91849;31.4;13.5
45;2021-05-24;2827;213;217332;92062;31.8;13.5
45;2021-05-25;4962;3033;222294;95095;32.6;13.9
45;2021-05-26;5113;2337;227407;97432;33.3;14.3
45;2021-05-27;5310;3239;232717;100671;34.1;14.7
45;2021-05-28;5663;3593;238380;104264;34.9;15.3
45;2021-05-29;3671;1290;242051;105554;35.4;15.5
45;2021-05-30;33;182;242084;105736;35.4;15.5
45;2021-05-31;4330;2517;246414;108253;36.1;15.9
45;2021-06-01;6092;3004;252506;111257;37.0;16.3
45;2021-06-02;4945;3108;257451;114365;37.7;16.7
45;2021-06-03;5621;3209;263072;117574;38.5;17.2
45;2021-06-04;5896;3187;268968;120761;39.4;17.7
45;2021-06-05;2033;1337;271001;122098;39.7;17.9
45;2021-06-06;88;198;271089;122296;39.7;17.9
45;2021-06-07;4081;2722;275170;125018;40.3;18.3
45;2021-06-08;4643;4078;279813;129096;41.0;18.9
45;2021-06-09;4359;3343;284172;132439;41.6;19.4
45;2021-06-10;4649;2688;288821;135127;42.3;19.8
45;2021-06-11;4120;3669;292941;138796;42.9;20.3
45;2021-06-12;2440;1507;295381;140303;43.3;20.5
45;2021-06-13;21;424;295402;140727;43.3;20.6
45;2021-06-14;3140;4154;298542;144881;43.7;21.2
45;2021-06-15;3389;4327;301931;149208;44.2;21.8
45;2021-06-16;3904;3454;305835;152662;44.8;22.4
45;2021-06-17;3525;3538;309360;156200;45.3;22.9
45;2021-06-18;3800;5030;313160;161230;45.9;23.6
45;2021-06-19;2395;1761;315555;162991;46.2;23.9
45;2021-06-20;48;142;315603;163133;46.2;23.9
45;2021-06-21;2162;5850;317765;168983;46.5;24.7
45;2021-06-22;2419;6531;320184;175514;46.9;25.7
45;2021-06-23;2283;5601;322467;181115;47.2;26.5
45;2021-06-24;2136;3532;324603;184647;47.5;27.0
45;2021-06-25;2444;6450;327047;191097;47.9;28.0
45;2021-06-26;1947;3093;328994;194190;48.2;28.4
45;2021-06-27;53;138;329047;194328;48.2;28.5
45;2021-06-28;2080;4836;331127;199164;48.5;29.2
45;2021-06-29;2847;6816;333974;205980;48.9;30.2
45;2021-06-30;2887;5852;336861;211832;49.3;31.0
45;2021-07-01;2400;5040;339261;216872;49.7;31.8
45;2021-07-02;2369;6284;341630;223156;50.0;32.7
45;2021-07-03;755;2542;342385;225698;50.1;33.1
45;2021-07-04;6;12;342391;225710;50.1;33.1
45;2021-07-05;2140;4989;344531;230699;50.5;33.8
45;2021-07-06;2805;6780;347336;237479;50.9;34.8
45;2021-07-07;2449;6061;349785;243540;51.2;35.7
45;2021-07-08;2828;5382;352613;248922;51.6;36.5
45;2021-07-09;2147;6986;354760;255908;51.9;37.5
45;2021-07-10;1547;3863;356307;259771;52.2;38.0
45;2021-07-11;24;31;356331;259802;52.2;38.0
45;2021-07-12;1591;5996;357922;265798;52.4;38.9
45;2021-07-13;3016;8236;360938;274034;52.9;40.1
45;2021-07-14;1474;1520;362412;275554;53.1;40.4
45;2021-07-15;3733;7289;366145;282843;53.6;41.4
45;2021-07-16;3258;7442;369403;290285;54.1;42.5
45;2021-07-17;1285;2333;370688;292618;54.3;42.8
45;2021-07-18;15;19;370703;292637;54.3;42.9
45;2021-07-19;1868;5938;372571;298575;54.6;43.7
45;2021-07-20;4758;6904;377329;305479;55.3;44.7
45;2021-07-21;5177;5478;382506;310957;56.0;45.5
45;2021-07-22;6180;4904;388686;315861;56.9;46.3
45;2021-07-23;4259;5481;392945;321342;57.5;47.1
45;2021-07-24;1862;2822;394807;324164;57.8;47.5
45;2021-07-25;5;14;394812;324178;57.8;47.5
45;2021-07-26;2917;4982;397729;329160;58.2;48.2
45;2021-07-27;5463;5078;403192;334238;59.0;48.9
45;2021-07-28;4988;4170;408180;338408;59.8;49.6
45;2021-07-29;5280;3255;413460;341663;60.5;50.0
45;2021-07-30;4757;4709;418217;346372;61.2;50.7
45;2021-07-31;848;1949;419065;348321;61.4;51.0
45;2021-08-01;2;4;419067;348325;61.4;51.0
45;2021-08-02;3613;3247;422680;351572;61.9;51.5
45;2021-08-03;4874;3010;427554;354582;62.6;51.9
45;2021-08-04;3739;2233;431293;356815;63.2;52.3
45;2021-08-05;3308;2638;434601;359453;63.6;52.6
45;2021-08-06;3747;3266;438348;362719;64.2;53.1
45;2021-08-07;1680;1049;440028;363768;64.4;53.3
45;2021-08-08;6;18;440034;363786;64.4;53.3
45;2021-08-09;2593;3015;442627;366801;64.8;53.7
45;2021-08-10;3503;3804;446130;370605;65.3;54.3
45;2021-08-11;2699;3720;448829;374325;65.7;54.8
45;2021-08-12;2092;3440;450921;377765;66.0;55.3
45;2021-08-13;1733;4225;452654;381990;66.3;55.9
45;2021-08-14;678;955;453332;382945;66.4;56.1
45;2021-08-15;58;30;453390;382975;66.4;56.1
45;2021-08-16;1148;2314;454538;385289;66.6;56.4
45;2021-08-17;1853;3447;456391;388736;66.8;56.9
45;2021-08-18;1774;4050;458165;392786;67.1;57.5
45;2021-08-19;1433;4273;459598;397059;67.3;58.1
45;2021-08-20;1406;3682;461004;400741;67.5;58.7
45;2021-08-21;900;1151;461904;401892;67.6;58.9
45;2021-08-22;4;8;461908;401900;67.6;58.9
45;2021-08-23;1324;4239;463232;406139;67.8;59.5
45;2021-08-24;1731;4514;464963;410653;68.1;60.1
45;2021-08-25;1577;3719;466540;414372;68.3;60.7
45;2021-08-26;1003;3446;467543;417818;68.5;61.2
45;2021-08-27;1384;4975;468927;422793;68.7;61.9
45;2021-08-28;877;2025;469804;424818;68.8;62.2
45;2021-08-29;100;38;469904;424856;68.8;62.2
45;2021-08-30;1211;4081;471115;428937;69.0;62.8
45;2021-08-31;1066;4481;472181;433418;69.1;63.5
45;2021-09-01;1078;3539;473259;436957;69.3;64.0
45;2021-09-02;914;3306;474173;440263;69.4;64.5
46;2020-12-27;4;0;4;0;0.0;0.0
46;2020-12-28;0;0;4;0;0.0;0.0
46;2020-12-29;0;0;4;0;0.0;0.0
46;2020-12-30;0;0;4;0;0.0;0.0
46;2020-12-31;0;0;4;0;0.0;0.0
46;2021-01-01;0;0;4;0;0.0;0.0
46;2021-01-02;0;0;4;0;0.0;0.0
46;2021-01-03;1;0;5;0;0.0;0.0
46;2021-01-04;0;0;5;0;0.0;0.0
46;2021-01-05;0;0;5;0;0.0;0.0
46;2021-01-06;3;0;8;0;0.0;0.0
46;2021-01-07;136;0;144;0;0.1;0.0
46;2021-01-08;181;0;325;0;0.2;0.0
46;2021-01-09;1;0;326;0;0.2;0.0
46;2021-01-10;2;0;328;0;0.2;0.0
46;2021-01-11;118;0;446;0;0.3;0.0
46;2021-01-12;140;0;586;0;0.3;0.0
46;2021-01-13;234;0;820;0;0.5;0.0
46;2021-01-14;241;2;1061;2;0.6;0.0
46;2021-01-15;306;2;1367;4;0.8;0.0
46;2021-01-16;18;0;1385;4;0.8;0.0
46;2021-01-17;0;0;1385;4;0.8;0.0
46;2021-01-18;274;2;1659;6;1.0;0.0
46;2021-01-19;390;0;2049;6;1.2;0.0
46;2021-01-20;937;2;2986;8;1.7;0.0
46;2021-01-21;996;0;3982;8;2.3;0.0
46;2021-01-22;390;2;4372;10;2.5;0.0
46;2021-01-23;0;0;4372;10;2.5;0.0
46;2021-01-24;0;0;4372;10;2.5;0.0
46;2021-01-25;203;1;4575;11;2.6;0.0
46;2021-01-26;262;1;4837;12;2.8;0.0
46;2021-01-27;277;0;5114;12;3.0;0.0
46;2021-01-28;278;43;5392;55;3.1;0.0
46;2021-01-29;233;92;5625;147;3.2;0.1
46;2021-01-30;1;0;5626;147;3.2;0.1
46;2021-01-31;1;0;5627;147;3.2;0.1
46;2021-02-01;234;170;5861;317;3.4;0.2
46;2021-02-02;210;235;6071;552;3.5;0.3
46;2021-02-03;227;96;6298;648;3.6;0.4
46;2021-02-04;372;85;6670;733;3.9;0.4
46;2021-02-05;226;175;6896;908;4.0;0.5
46;2021-02-06;9;0;6905;908;4.0;0.5
46;2021-02-07;43;0;6948;908;4.0;0.5
46;2021-02-08;197;151;7145;1059;4.1;0.6
46;2021-02-09;271;222;7416;1281;4.3;0.7
46;2021-02-10;280;538;7696;1819;4.4;1.1
46;2021-02-11;655;557;8351;2376;4.8;1.4
46;2021-02-12;322;340;8673;2716;5.0;1.6
46;2021-02-13;2;0;8675;2716;5.0;1.6
46;2021-02-14;0;62;8675;2778;5.0;1.6
46;2021-02-15;195;282;8870;3060;5.1;1.8
46;2021-02-16;218;276;9088;3336;5.2;1.9
46;2021-02-17;200;326;9288;3662;5.4;2.1
46;2021-02-18;336;265;9624;3927;5.6;2.3
46;2021-02-19;277;233;9901;4160;5.7;2.4
46;2021-02-20;0;0;9901;4160;5.7;2.4
46;2021-02-21;1;0;9902;4160;5.7;2.4
46;2021-02-22;132;188;10034;4348;5.8;2.5
46;2021-02-23;225;161;10259;4509;5.9;2.6
46;2021-02-24;179;322;10438;4831;6.0;2.8
46;2021-02-25;247;330;10685;5161;6.2;3.0
46;2021-02-26;401;342;11086;5503;6.4;3.2
46;2021-02-27;120;1;11206;5504;6.5;3.2
46;2021-02-28;0;3;11206;5507;6.5;3.2
46;2021-03-01;169;179;11375;5686;6.6;3.3
46;2021-03-02;406;230;11781;5916;6.8;3.4
46;2021-03-03;458;329;12239;6245;7.1;3.6
46;2021-03-04;607;453;12846;6698;7.4;3.9
46;2021-03-05;809;364;13655;7062;7.9;4.1
46;2021-03-06;476;17;14131;7079;8.2;4.1
46;2021-03-07;101;19;14232;7098;8.2;4.1
46;2021-03-08;349;245;14581;7343;8.4;4.2
46;2021-03-09;746;270;15327;7613;8.9;4.4
46;2021-03-10;685;248;16012;7861;9.2;4.5
46;2021-03-11;851;255;16863;8116;9.7;4.7
46;2021-03-12;927;227;17790;8343;10.3;4.8
46;2021-03-13;512;3;18302;8346;10.6;4.8
46;2021-03-14;0;0;18302;8346;10.6;4.8
46;2021-03-15;505;166;18807;8512;10.9;4.9
46;2021-03-16;752;175;19559;8687;11.3;5.0
46;2021-03-17;673;201;20232;8888;11.7;5.1
46;2021-03-18;758;212;20990;9100;12.1;5.3
46;2021-03-19;810;149;21800;9249;12.6;5.3
46;2021-03-20;292;3;22092;9252;12.8;5.3
46;2021-03-21;2;0;22094;9252;12.8;5.3
46;2021-03-22;555;240;22649;9492;13.1;5.5
46;2021-03-23;702;211;23351;9703;13.5;5.6
46;2021-03-24;674;237;24025;9940;13.9;5.7
46;2021-03-25;1135;183;25160;10123;14.5;5.8
46;2021-03-26;1025;341;26185;10464;15.1;6.0
46;2021-03-27;420;72;26605;10536;15.4;6.1
46;2021-03-28;127;1;26732;10537;15.4;6.1
46;2021-03-29;733;251;27465;10788;15.9;6.2
46;2021-03-30;767;365;28232;11153;16.3;6.4
46;2021-03-31;865;420;29097;11573;16.8;6.7
46;2021-04-01;1172;346;30269;11919;17.5;6.9
46;2021-04-02;924;396;31193;12315;18.0;7.1
46;2021-04-03;167;165;31360;12480;18.1;7.2
46;2021-04-04;0;71;31360;12551;18.1;7.2
46;2021-04-05;3;0;31363;12551;18.1;7.2
46;2021-04-06;545;518;31908;13069;18.4;7.5
46;2021-04-07;785;645;32693;13714;18.9;7.9
46;2021-04-08;962;541;33655;14255;19.4;8.2
46;2021-04-09;1018;506;34673;14761;20.0;8.5
46;2021-04-10;506;208;35179;14969;20.3;8.6
46;2021-04-11;232;1;35411;14970;20.4;8.6
46;2021-04-12;845;547;36256;15517;20.9;9.0
46;2021-04-13;1187;720;37443;16237;21.6;9.4
46;2021-04-14;1534;614;38977;16851;22.5;9.7
46;2021-04-15;1502;663;40479;17514;23.4;10.1
46;2021-04-16;1585;567;42064;18081;24.3;10.4
46;2021-04-17;994;135;43058;18216;24.9;10.5
46;2021-04-18;516;9;43574;18225;25.2;10.5
46;2021-04-19;1070;573;44644;18798;25.8;10.9
46;2021-04-20;1229;727;45873;19525;26.5;11.3
46;2021-04-21;1230;713;47103;20238;27.2;11.7
46;2021-04-22;1391;728;48494;20966;28.0;12.1
46;2021-04-23;1132;731;49626;21697;28.7;12.5
46;2021-04-24;472;19;50098;21716;28.9;12.5
46;2021-04-25;351;11;50449;21727;29.1;12.5
46;2021-04-26;852;730;51301;22457;29.6;13.0
46;2021-04-27;1221;665;52522;23122;30.3;13.4
46;2021-04-28;1289;668;53811;23790;31.1;13.7
46;2021-04-29;1416;524;55227;24314;31.9;14.0
46;2021-04-30;1438;563;56665;24877;32.7;14.4
46;2021-05-01;697;72;57362;24949;33.1;14.4
46;2021-05-02;346;4;57708;24953;33.3;14.4
46;2021-05-03;853;569;58561;25522;33.8;14.7
46;2021-05-04;1037;1063;59598;26585;34.4;15.4
46;2021-05-05;1374;789;60972;27374;35.2;15.8
46;2021-05-06;1376;742;62348;28116;36.0;16.2
46;2021-05-07;1398;792;63746;28908;36.8;16.7
46;2021-05-08;280;411;64026;29319;37.0;16.9
46;2021-05-09;23;225;64049;29544;37.0;17.1
46;2021-05-10;517;1139;64566;30683;37.3;17.7
46;2021-05-11;1034;1256;65600;31939;37.9;18.4
46;2021-05-12;993;1563;66593;33502;38.5;19.3
46;2021-05-13;600;144;67193;33646;38.8;19.4
46;2021-05-14;959;1097;68152;34743;39.4;20.1
46;2021-05-15;254;654;68406;35397;39.5;20.4
46;2021-05-16;78;297;68484;35694;39.5;20.6
46;2021-05-17;653;959;69137;36653;39.9;21.2
46;2021-05-18;1404;1024;70541;37677;40.7;21.8
46;2021-05-19;1306;904;71847;38581;41.5;22.3
46;2021-05-20;1453;811;73300;39392;42.3;22.7
46;2021-05-21;997;1158;74297;40550;42.9;23.4
46;2021-05-22;147;369;74444;40919;43.0;23.6
46;2021-05-23;451;25;74895;40944;43.3;23.6
46;2021-05-24;411;113;75306;41057;43.5;23.7
46;2021-05-25;961;1332;76267;42389;44.0;24.5
46;2021-05-26;1238;1150;77505;43539;44.8;25.1
46;2021-05-27;1432;1195;78937;44734;45.6;25.8
46;2021-05-28;1428;1211;80365;45945;46.4;26.5
46;2021-05-29;1052;399;81417;46344;47.0;26.8
46;2021-05-30;409;40;81826;46384;47.3;26.8
46;2021-05-31;970;976;82796;47360;47.8;27.3
46;2021-06-01;1277;999;84073;48359;48.6;27.9
46;2021-06-02;1321;1117;85394;49476;49.3;28.6
46;2021-06-03;1418;1011;86812;50487;50.1;29.2
46;2021-06-04;1332;978;88144;51465;50.9;29.7
46;2021-06-05;381;414;88525;51879;51.1;30.0
46;2021-06-06;209;96;88734;51975;51.2;30.0
46;2021-06-07;814;617;89548;52592;51.7;30.4
46;2021-06-08;1020;896;90568;53488;52.3;30.9
46;2021-06-09;1504;974;92072;54462;53.2;31.5
46;2021-06-10;982;852;93054;55314;53.7;31.9
46;2021-06-11;970;1322;94024;56636;54.3;32.7
46;2021-06-12;459;549;94483;57185;54.6;33.0
46;2021-06-13;27;86;94510;57271;54.6;33.1
46;2021-06-14;593;1137;95103;58408;54.9;33.7
46;2021-06-15;751;1248;95854;59656;55.4;34.5
46;2021-06-16;1001;1112;96855;60768;55.9;35.1
46;2021-06-17;527;896;97382;61664;56.2;35.6
46;2021-06-18;658;1255;98040;62919;56.6;36.3
46;2021-06-19;457;313;98497;63232;56.9;36.5
46;2021-06-20;39;161;98536;63393;56.9;36.6
46;2021-06-21;428;945;98964;64338;57.1;37.2
46;2021-06-22;350;1178;99314;65516;57.4;37.8
46;2021-06-23;520;1075;99834;66591;57.7;38.5
46;2021-06-24;251;821;100085;67412;57.8;38.9
46;2021-06-25;491;1118;100576;68530;58.1;39.6
46;2021-06-26;397;552;100973;69082;58.3;39.9
46;2021-06-27;3;4;100976;69086;58.3;39.9
46;2021-06-28;315;1339;101291;70425;58.5;40.7
46;2021-06-29;376;1682;101667;72107;58.7;41.6
46;2021-06-30;512;1578;102179;73685;59.0;42.6
46;2021-07-01;486;1153;102665;74838;59.3;43.2
46;2021-07-02;469;1085;103134;75923;59.6;43.8
46;2021-07-03;124;455;103258;76378;59.6;44.1
46;2021-07-04;57;127;103315;76505;59.7;44.2
46;2021-07-05;346;1188;103661;77693;59.9;44.9
46;2021-07-06;448;1458;104109;79151;60.1;45.7
46;2021-07-07;583;1728;104692;80879;60.5;46.7
46;2021-07-08;339;1165;105031;82044;60.7;47.4
46;2021-07-09;395;1707;105426;83751;60.9;48.4
46;2021-07-10;285;1040;105711;84791;61.0;49.0
46;2021-07-11;15;375;105726;85166;61.1;49.2
46;2021-07-12;248;1261;105974;86427;61.2;49.9
46;2021-07-13;626;1672;106600;88099;61.6;50.9
46;2021-07-14;73;144;106673;88243;61.6;51.0
46;2021-07-15;917;1467;107590;89710;62.1;51.8
46;2021-07-16;766;1396;108356;91106;62.6;52.6
46;2021-07-17;363;539;108719;91645;62.8;52.9
46;2021-07-18;2;0;108721;91645;62.8;52.9
46;2021-07-19;730;1189;109451;92834;63.2;53.6
46;2021-07-20;983;1436;110434;94270;63.8;54.4
46;2021-07-21;1002;1379;111436;95649;64.4;55.2
46;2021-07-22;1404;1117;112840;96766;65.2;55.9
46;2021-07-23;767;1322;113607;98088;65.6;56.6
46;2021-07-24;957;664;114564;98752;66.2;57.0
46;2021-07-25;136;17;114700;98769;66.2;57.0
46;2021-07-26;881;879;115581;99648;66.7;57.5
46;2021-07-27;1219;978;116800;100626;67.4;58.1
46;2021-07-28;1284;1113;118084;101739;68.2;58.8
46;2021-07-29;1579;849;119663;102588;69.1;59.2
46;2021-07-30;1928;954;121591;103542;70.2;59.8
46;2021-07-31;953;657;122544;104199;70.8;60.2
46;2021-08-01;11;3;122555;104202;70.8;60.2
46;2021-08-02;974;591;123529;104793;71.3;60.5
46;2021-08-03;1362;679;124891;105472;72.1;60.9
46;2021-08-04;1738;607;126629;106079;73.1;61.3
46;2021-08-05;1384;846;128013;106925;73.9;61.7
46;2021-08-06;1421;846;129434;107771;74.7;62.2
46;2021-08-07;707;542;130141;108313;75.2;62.5
46;2021-08-08;134;67;130275;108380;75.2;62.6
46;2021-08-09;1016;695;131291;109075;75.8;63.0
46;2021-08-10;1193;892;132484;109967;76.5;63.5
46;2021-08-11;1257;1068;133741;111035;77.2;64.1
46;2021-08-12;988;797;134729;111832;77.8;64.6
46;2021-08-13;945;1000;135674;112832;78.3;65.2
46;2021-08-14;583;777;136257;113609;78.7;65.6
46;2021-08-15;8;27;136265;113636;78.7;65.6
46;2021-08-16;792;804;137057;114440;79.1;66.1
46;2021-08-17;883;1289;137940;115729;79.7;66.8
46;2021-08-18;771;1050;138711;116779;80.1;67.4
46;2021-08-19;668;1361;139379;118140;80.5;68.2
46;2021-08-20;520;1554;139899;119694;80.8;69.1
46;2021-08-21;374;649;140273;120343;81.0;69.5
46;2021-08-22;2;31;140275;120374;81.0;69.5
46;2021-08-23;418;1205;140693;121579;81.2;70.2
46;2021-08-24;550;1338;141243;122917;81.6;71.0
46;2021-08-25;526;1398;141769;124315;81.9;71.8
46;2021-08-26;381;1096;142150;125411;82.1;72.4
46;2021-08-27;433;1913;142583;127324;82.3;73.5
46;2021-08-28;270;650;142853;127974;82.5;73.9
46;2021-08-29;5;11;142858;127985;82.5;73.9
46;2021-08-30;282;1133;143140;129118;82.7;74.6
46;2021-08-31;332;1278;143472;130396;82.9;75.3
46;2021-09-01;394;1146;143866;131542;83.1;76.0
46;2021-09-02;265;1017;144131;132559;83.2;76.6
47;2020-12-27;0;0;0;0;0.0;0.0
47;2020-12-28;0;0;0;0;0.0;0.0
47;2020-12-29;0;0;0;0;0.0;0.0
47;2020-12-30;0;0;0;0;0.0;0.0
47;2020-12-31;0;0;0;0;0.0;0.0
47;2021-01-01;4;0;4;0;0.0;0.0
47;2021-01-02;0;0;4;0;0.0;0.0
47;2021-01-03;0;0;4;0;0.0;0.0
47;2021-01-04;0;0;4;0;0.0;0.0
47;2021-01-05;0;0;4;0;0.0;0.0
47;2021-01-06;0;0;4;0;0.0;0.0
47;2021-01-07;71;0;75;0;0.0;0.0
47;2021-01-08;314;0;389;0;0.1;0.0
47;2021-01-09;113;0;502;0;0.2;0.0
47;2021-01-10;0;0;502;0;0.2;0.0
47;2021-01-11;249;1;751;1;0.2;0.0
47;2021-01-12;327;0;1078;1;0.3;0.0
47;2021-01-13;349;0;1427;1;0.4;0.0
47;2021-01-14;364;4;1791;5;0.5;0.0
47;2021-01-15;287;1;2078;6;0.6;0.0
47;2021-01-16;176;4;2254;10;0.7;0.0
47;2021-01-17;0;0;2254;10;0.7;0.0
47;2021-01-18;485;1;2739;11;0.8;0.0
47;2021-01-19;469;2;3208;13;1.0;0.0
47;2021-01-20;515;0;3723;13;1.1;0.0
47;2021-01-21;585;0;4308;13;1.3;0.0
47;2021-01-22;471;0;4779;13;1.4;0.0
47;2021-01-23;390;0;5169;13;1.6;0.0
47;2021-01-24;0;0;5169;13;1.6;0.0
47;2021-01-25;426;0;5595;13;1.7;0.0
47;2021-01-26;791;4;6386;17;1.9;0.0
47;2021-01-27;732;0;7118;17;2.2;0.0
47;2021-01-28;575;63;7693;80;2.3;0.0
47;2021-01-29;461;170;8154;250;2.5;0.1
47;2021-01-30;301;38;8455;288;2.6;0.1
47;2021-01-31;0;0;8455;288;2.6;0.1
47;2021-02-01;373;116;8828;404;2.7;0.1
47;2021-02-02;759;316;9587;720;2.9;0.2
47;2021-02-03;425;160;10012;880;3.0;0.3
47;2021-02-04;370;315;10382;1195;3.1;0.4
47;2021-02-05;300;307;10682;1502;3.2;0.5
47;2021-02-06;297;96;10979;1598;3.3;0.5
47;2021-02-07;0;0;10979;1598;3.3;0.5
47;2021-02-08;184;268;11163;1866;3.4;0.6
47;2021-02-09;231;250;11394;2116;3.4;0.6
47;2021-02-10;254;240;11648;2356;3.5;0.7
47;2021-02-11;356;371;12004;2727;3.6;0.8
47;2021-02-12;243;406;12247;3133;3.7;0.9
47;2021-02-13;226;107;12473;3240;3.8;1.0
47;2021-02-14;0;0;12473;3240;3.8;1.0
47;2021-02-15;194;374;12667;3614;3.8;1.1
47;2021-02-16;303;580;12970;4194;3.9;1.3
47;2021-02-17;326;450;13296;4644;4.0;1.4
47;2021-02-18;200;587;13496;5231;4.1;1.6
47;2021-02-19;193;361;13689;5592;4.1;1.7
47;2021-02-20;117;266;13806;5858;4.2;1.8
47;2021-02-21;0;0;13806;5858;4.2;1.8
47;2021-02-22;75;397;13881;6255;4.2;1.9
47;2021-02-23;149;647;14030;6902;4.2;2.1
47;2021-02-24;261;557;14291;7459;4.3;2.3
47;2021-02-25;304;405;14595;7864;4.4;2.4
47;2021-02-26;468;317;15063;8181;4.6;2.5
47;2021-02-27;324;206;15387;8387;4.7;2.5
47;2021-02-28;0;0;15387;8387;4.7;2.5
47;2021-03-01;124;396;15511;8783;4.7;2.7
47;2021-03-02;200;361;15711;9144;4.8;2.8
47;2021-03-03;244;344;15955;9488;4.8;2.9
47;2021-03-04;593;332;16548;9820;5.0;3.0
47;2021-03-05;844;287;17392;10107;5.3;3.1
47;2021-03-06;507;191;17899;10298;5.4;3.1
47;2021-03-07;331;6;18230;10304;5.5;3.1
47;2021-03-08;458;227;18688;10531;5.7;3.2
47;2021-03-09;508;492;19196;11023;5.8;3.3
47;2021-03-10;666;300;19862;11323;6.0;3.4
47;2021-03-11;938;379;20800;11702;6.3;3.5
47;2021-03-12;1374;298;22174;12000;6.7;3.6
47;2021-03-13;950;109;23124;12109;7.0;3.7
47;2021-03-14;51;0;23175;12109;7.0;3.7
47;2021-03-15;592;163;23767;12272;7.2;3.7
47;2021-03-16;750;177;24517;12449;7.4;3.8
47;2021-03-17;860;210;25377;12659;7.7;3.8
47;2021-03-18;917;178;26294;12837;8.0;3.9
47;2021-03-19;1272;129;27566;12966;8.3;3.9
47;2021-03-20;1087;59;28653;13025;8.7;3.9
47;2021-03-21;344;1;28997;13026;8.8;3.9
47;2021-03-22;1012;94;30009;13120;9.1;4.0
47;2021-03-23;1146;147;31155;13267;9.4;4.0
47;2021-03-24;1212;131;32367;13398;9.8;4.1
47;2021-03-25;1566;151;33933;13549;10.3;4.1
47;2021-03-26;1882;199;35815;13748;10.8;4.2
47;2021-03-27;980;129;36795;13877;11.1;4.2
47;2021-03-28;700;5;37495;13882;11.4;4.2
47;2021-03-29;1512;80;39007;13962;11.8;4.2
47;2021-03-30;1644;127;40651;14089;12.3;4.3
47;2021-03-31;1605;152;42256;14241;12.8;4.3
47;2021-04-01;1682;269;43938;14510;13.3;4.4
47;2021-04-02;1934;456;45872;14966;13.9;4.5
47;2021-04-03;1202;183;47074;15149;14.3;4.6
47;2021-04-04;475;13;47549;15162;14.4;4.6
47;2021-04-05;1296;58;48845;15220;14.8;4.6
47;2021-04-06;1386;387;50231;15607;15.2;4.7
47;2021-04-07;1695;592;51926;16199;15.7;4.9
47;2021-04-08;1834;478;53760;16677;16.3;5.0
47;2021-04-09;2083;544;55843;17221;16.9;5.2
47;2021-04-10;1564;326;57407;17547;17.4;5.3
47;2021-04-11;530;9;57937;17556;17.5;5.3
47;2021-04-12;1438;613;59375;18169;18.0;5.5
47;2021-04-13;1816;766;61191;18935;18.5;5.7
47;2021-04-14;1749;720;62940;19655;19.1;6.0
47;2021-04-15;2012;847;64952;20502;19.7;6.2
47;2021-04-16;1767;892;66719;21394;20.2;6.5
47;2021-04-17;1472;969;68191;22363;20.6;6.8
47;2021-04-18;23;0;68214;22363;20.6;6.8
47;2021-04-19;1331;933;69545;23296;21.1;7.1
47;2021-04-20;1626;909;71171;24205;21.5;7.3
47;2021-04-21;1626;774;72797;24979;22.0;7.6
47;2021-04-22;1872;1058;74669;26037;22.6;7.9
47;2021-04-23;1726;1071;76395;27108;23.1;8.2
47;2021-04-24;1549;803;77944;27911;23.6;8.4
47;2021-04-25;242;345;78186;28256;23.7;8.6
47;2021-04-26;1488;1362;79674;29618;24.1;9.0
47;2021-04-27;1922;1473;81596;31091;24.7;9.4
47;2021-04-28;2090;1592;83686;32683;25.3;9.9
47;2021-04-29;2533;1512;86219;34195;26.1;10.4
47;2021-04-30;2044;1781;88263;35976;26.7;10.9
47;2021-05-01;2263;985;90526;36961;27.4;11.2
47;2021-05-02;21;357;90547;37318;27.4;11.3
47;2021-05-03;1596;1419;92143;38737;27.9;11.7
47;2021-05-04;1647;1730;93790;40467;28.4;12.3
47;2021-05-05;1927;1641;95717;42108;29.0;12.7
47;2021-05-06;2106;1509;97823;43617;29.6;13.2
47;2021-05-07;2001;1624;99824;45241;30.2;13.7
47;2021-05-08;2098;464;101922;45705;30.9;13.8
47;2021-05-09;24;359;101946;46064;30.9;13.9
47;2021-05-10;1202;1671;103148;47735;31.2;14.5
47;2021-05-11;2174;1990;105322;49725;31.9;15.1
47;2021-05-12;2626;1449;107948;51174;32.7;15.5
47;2021-05-13;2381;658;110329;51832;33.4;15.7
47;2021-05-14;2062;859;112391;52691;34.0;16.0
47;2021-05-15;1935;863;114326;53554;34.6;16.2
47;2021-05-16;367;9;114693;53563;34.7;16.2
47;2021-05-17;1885;1123;116578;54686;35.3;16.6
47;2021-05-18;2358;1140;118936;55826;36.0;16.9
47;2021-05-19;2345;760;121281;56586;36.7;17.1
47;2021-05-20;2588;967;123869;57553;37.5;17.4
47;2021-05-21;1538;1135;125407;58688;38.0;17.8
47;2021-05-22;2369;838;127776;59526;38.7;18.0
47;2021-05-23;25;186;127801;59712;38.7;18.1
47;2021-05-24;1549;236;129350;59948;39.2;18.1
47;2021-05-25;1485;1323;130835;61271;39.6;18.5
47;2021-05-26;1599;1089;132434;62360;40.1;18.9
47;2021-05-27;1942;1270;134376;63630;40.7;19.3
47;2021-05-28;1458;1536;135834;65166;41.1;19.7
47;2021-05-29;1153;1126;136987;66292;41.5;20.1
47;2021-05-30;12;45;136999;66337;41.5;20.1
47;2021-05-31;1868;1422;138867;67759;42.0;20.5
47;2021-06-01;1922;1341;140789;69100;42.6;20.9
47;2021-06-02;2101;1333;142890;70433;43.3;21.3
47;2021-06-03;2486;1612;145376;72045;44.0;21.8
47;2021-06-04;1967;2116;147343;74161;44.6;22.5
47;2021-06-05;1640;1476;148983;75637;45.1;22.9
47;2021-06-06;212;70;149195;75707;45.2;22.9
47;2021-06-07;1663;2243;150858;77950;45.7;23.6
47;2021-06-08;1630;1903;152488;79853;46.2;24.2
47;2021-06-09;1823;2126;154311;81979;46.7;24.8
47;2021-06-10;2376;1621;156687;83600;47.4;25.3
47;2021-06-11;1827;2101;158514;85701;48.0;25.9
47;2021-06-12;1351;2103;159865;87804;48.4;26.6
47;2021-06-13;4;10;159869;87814;48.4;26.6
47;2021-06-14;1281;2446;161150;90260;48.8;27.3
47;2021-06-15;1465;2034;162615;92294;49.2;27.9
47;2021-06-16;1206;2185;163821;94479;49.6;28.6
47;2021-06-17;1656;1524;165477;96003;50.1;29.1
47;2021-06-18;1439;2497;166916;98500;50.5;29.8
47;2021-06-19;1540;2456;168456;100956;51.0;30.6
47;2021-06-20;4;33;168460;100989;51.0;30.6
47;2021-06-21;1136;2513;169596;103502;51.3;31.3
47;2021-06-22;760;2504;170356;106006;51.6;32.1
47;2021-06-23;998;2016;171354;108022;51.9;32.7
47;2021-06-24;1212;1936;172566;109958;52.2;33.3
47;2021-06-25;1006;2608;173572;112566;52.5;34.1
47;2021-06-26;988;2789;174560;115355;52.8;34.9
47;2021-06-27;16;349;174576;115704;52.8;35.0
47;2021-06-28;875;2407;175451;118111;53.1;35.8
47;2021-06-29;798;2316;176249;120427;53.4;36.5
47;2021-06-30;730;2307;176979;122734;53.6;37.2
47;2021-07-01;920;2108;177899;124842;53.9;37.8
47;2021-07-02;885;2276;178784;127118;54.1;38.5
47;2021-07-03;727;3042;179511;130160;54.3;39.4
47;2021-07-04;34;12;179545;130172;54.4;39.4
47;2021-07-05;980;2148;180525;132320;54.6;40.1
47;2021-07-06;1007;1958;181532;134278;55.0;40.6
47;2021-07-07;1301;2065;182833;136343;55.3;41.3
47;2021-07-08;1144;2195;183977;138538;55.7;41.9
47;2021-07-09;1049;2406;185026;140944;56.0;42.7
47;2021-07-10;952;2131;185978;143075;56.3;43.3
47;2021-07-11;1;6;185979;143081;56.3;43.3
47;2021-07-12;557;2582;186536;145663;56.5;44.1
47;2021-07-13;1094;2591;187630;148254;56.8;44.9
47;2021-07-14;1166;1577;188796;149831;57.2;45.4
47;2021-07-15;1717;3136;190513;152967;57.7;46.3
47;2021-07-16;1723;2680;192236;155647;58.2;47.1
47;2021-07-17;1202;2458;193438;158105;58.6;47.9
47;2021-07-18;36;188;193474;158293;58.6;47.9
47;2021-07-19;1115;2560;194589;160853;58.9;48.7
47;2021-07-20;1638;2342;196227;163195;59.4;49.4
47;2021-07-21;2191;2240;198418;165435;60.1;50.1
47;2021-07-22;2157;2300;200575;167735;60.7;50.8
47;2021-07-23;2121;2250;202696;169985;61.4;51.5
47;2021-07-24;1114;1912;203810;171897;61.7;52.0
47;2021-07-25;20;1;203830;171898;61.7;52.0
47;2021-07-26;1233;1944;205063;173842;62.1;52.6
47;2021-07-27;2121;1633;207184;175475;62.7;53.1
47;2021-07-28;1881;1607;209065;177082;63.3;53.6
47;2021-07-29;2324;1597;211389;178679;64.0;54.1
47;2021-07-30;1864;1627;213253;180306;64.6;54.6
47;2021-07-31;1482;1669;214735;181975;65.0;55.1
47;2021-08-01;18;8;214753;181983;65.0;55.1
47;2021-08-02;2030;1217;216783;183200;65.6;55.5
47;2021-08-03;2150;1103;218933;184303;66.3;55.8
47;2021-08-04;2171;1527;221104;185830;66.9;56.3
47;2021-08-05;2402;1445;223506;187275;67.7;56.7
47;2021-08-06;2000;1843;225506;189118;68.3;57.3
47;2021-08-07;1627;1418;227133;190536;68.8;57.7
47;2021-08-08;24;22;227157;190558;68.8;57.7
47;2021-08-09;1880;1208;229037;191766;69.3;58.1
47;2021-08-10;1916;1299;230953;193065;69.9;58.4
47;2021-08-11;1802;1403;232755;194468;70.5;58.9
47;2021-08-12;2051;1337;234806;195805;71.1;59.3
47;2021-08-13;1413;1664;236219;197469;71.5;59.8
47;2021-08-14;1348;1442;237567;198911;71.9;60.2
47;2021-08-15;11;18;237578;198929;71.9;60.2
47;2021-08-16;1434;1452;239012;200381;72.4;60.7
47;2021-08-17;1119;1697;240131;202078;72.7;61.2
47;2021-08-18;1168;1711;241299;203789;73.0;61.7
47;2021-08-19;1033;1812;242332;205601;73.4;62.2
47;2021-08-20;960;1706;243292;207307;73.6;62.8
47;2021-08-21;820;1273;244112;208580;73.9;63.1
47;2021-08-22;19;31;244131;208611;73.9;63.2
47;2021-08-23;608;1826;244739;210437;74.1;63.7
47;2021-08-24;810;1616;245549;212053;74.3;64.2
47;2021-08-25;803;1787;246352;213840;74.6;64.7
47;2021-08-26;729;2080;247081;215920;74.8;65.4
47;2021-08-27;698;1977;247779;217897;75.0;66.0
47;2021-08-28;549;1664;248328;219561;75.2;66.5
47;2021-08-29;2;16;248330;219577;75.2;66.5
47;2021-08-30;458;1924;248788;221501;75.3;67.1
47;2021-08-31;580;1817;249368;223318;75.5;67.6
47;2021-09-01;414;2019;249782;225337;75.6;68.2
47;2021-09-02;432;2017;250214;227354;75.7;68.8
48;2020-12-27;0;0;0;0;0.0;0.0
48;2020-12-28;0;0;0;0;0.0;0.0
48;2020-12-29;0;0;0;0;0.0;0.0
48;2020-12-30;0;0;0;0;0.0;0.0
48;2020-12-31;0;0;0;0;0.0;0.0
48;2021-01-01;0;0;0;0;0.0;0.0
48;2021-01-02;0;0;0;0;0.0;0.0
48;2021-01-03;0;0;0;0;0.0;0.0
48;2021-01-04;0;0;0;0;0.0;0.0
48;2021-01-05;0;0;0;0;0.0;0.0
48;2021-01-06;0;0;0;0;0.0;0.0
48;2021-01-07;56;0;56;0;0.1;0.0
48;2021-01-08;88;0;144;0;0.2;0.0
48;2021-01-09;1;0;145;0;0.2;0.0
48;2021-01-10;0;0;145;0;0.2;0.0
48;2021-01-11;13;0;158;0;0.2;0.0
48;2021-01-12;19;1;177;1;0.2;0.0
48;2021-01-13;104;0;281;1;0.4;0.0
48;2021-01-14;90;1;371;2;0.5;0.0
48;2021-01-15;63;0;434;2;0.6;0.0
48;2021-01-16;0;0;434;2;0.6;0.0
48;2021-01-17;0;0;434;2;0.6;0.0
48;2021-01-18;117;0;551;2;0.7;0.0
48;2021-01-19;345;2;896;4;1.2;0.0
48;2021-01-20;364;0;1260;4;1.7;0.0
48;2021-01-21;465;1;1725;5;2.3;0.0
48;2021-01-22;269;0;1994;5;2.6;0.0
48;2021-01-23;36;0;2030;5;2.7;0.0
48;2021-01-24;0;0;2030;5;2.7;0.0
48;2021-01-25;109;2;2139;7;2.8;0.0
48;2021-01-26;261;0;2400;7;3.1;0.0
48;2021-01-27;257;1;2657;8;3.5;0.0
48;2021-01-28;271;10;2928;18;3.8;0.0
48;2021-01-29;175;60;3103;78;4.1;0.1
48;2021-01-30;1;7;3104;85;4.1;0.1
48;2021-01-31;0;6;3104;91;4.1;0.1
48;2021-02-01;98;46;3202;137;4.2;0.2
48;2021-02-02;191;34;3393;171;4.4;0.2
48;2021-02-03;177;82;3570;253;4.7;0.3
48;2021-02-04;234;13;3804;266;5.0;0.3
48;2021-02-05;144;36;3948;302;5.2;0.4
48;2021-02-06;34;1;3982;303;5.2;0.4
48;2021-02-07;0;0;3982;303;5.2;0.4
48;2021-02-08;50;60;4032;363;5.3;0.5
48;2021-02-09;66;167;4098;530;5.4;0.7
48;2021-02-10;65;303;4163;833;5.5;1.1
48;2021-02-11;165;407;4328;1240;5.7;1.6
48;2021-02-12;120;155;4448;1395;5.8;1.8
48;2021-02-13;8;55;4456;1450;5.8;1.9
48;2021-02-14;0;0;4456;1450;5.8;1.9
48;2021-02-15;51;102;4507;1552;5.9;2.0
48;2021-02-16;43;167;4550;1719;6.0;2.3
48;2021-02-17;35;281;4585;2000;6.0;2.6
48;2021-02-18;252;109;4837;2109;6.3;2.8
48;2021-02-19;60;181;4897;2290;6.4;3.0
48;2021-02-20;0;1;4897;2291;6.4;3.0
48;2021-02-21;0;14;4897;2305;6.4;3.0
48;2021-02-22;24;127;4921;2432;6.5;3.2
48;2021-02-23;74;221;4995;2653;6.5;3.5
48;2021-02-24;68;264;5063;2917;6.6;3.8
48;2021-02-25;148;261;5211;3178;6.8;4.2
48;2021-02-26;51;219;5262;3397;6.9;4.5
48;2021-02-27;28;1;5290;3398;6.9;4.5
48;2021-02-28;3;14;5293;3412;6.9;4.5
48;2021-03-01;102;96;5395;3508;7.1;4.6
48;2021-03-02;199;85;5594;3593;7.3;4.7
48;2021-03-03;155;108;5749;3701;7.5;4.9
48;2021-03-04;194;181;5943;3882;7.8;5.1
48;2021-03-05;136;141;6079;4023;8.0;5.3
48;2021-03-06;180;53;6259;4076;8.2;5.3
48;2021-03-07;75;2;6334;4078;8.3;5.3
48;2021-03-08;352;124;6686;4202;8.8;5.5
48;2021-03-09;377;101;7063;4303;9.3;5.6
48;2021-03-10;263;61;7326;4364;9.6;5.7
48;2021-03-11;334;91;7660;4455;10.0;5.8
48;2021-03-12;255;152;7915;4607;10.4;6.0
48;2021-03-13;301;5;8216;4612;10.8;6.0
48;2021-03-14;8;0;8224;4612;10.8;6.0
48;2021-03-15;174;63;8398;4675;11.0;6.1
48;2021-03-16;167;66;8565;4741;11.2;6.2
48;2021-03-17;156;110;8721;4851;11.4;6.4
48;2021-03-18;190;104;8911;4955;11.7;6.5
48;2021-03-19;116;96;9027;5051;11.8;6.6
48;2021-03-20;101;0;9128;5051;12.0;6.6
48;2021-03-21;0;0;9128;5051;12.0;6.6
48;2021-03-22;160;22;9288;5073;12.2;6.6
48;2021-03-23;329;103;9617;5176;12.6;6.8
48;2021-03-24;284;99;9901;5275;13.0;6.9
48;2021-03-25;757;122;10658;5397;14.0;7.1
48;2021-03-26;269;61;10927;5458;14.3;7.2
48;2021-03-27;104;1;11031;5459;14.5;7.2
48;2021-03-28;80;20;11111;5479;14.6;7.2
48;2021-03-29;304;80;11415;5559;15.0;7.3
48;2021-03-30;364;131;11779;5690;15.4;7.5
48;2021-03-31;448;86;12227;5776;16.0;7.6
48;2021-04-01;729;73;12956;5849;17.0;7.7
48;2021-04-02;487;132;13443;5981;17.6;7.8
48;2021-04-03;140;83;13583;6064;17.8;7.9
48;2021-04-04;0;0;13583;6064;17.8;7.9
48;2021-04-05;43;1;13626;6065;17.9;8.0
48;2021-04-06;465;160;14091;6225;18.5;8.2
48;2021-04-07;465;141;14556;6366;19.1;8.3
48;2021-04-08;620;187;15176;6553;19.9;8.6
48;2021-04-09;446;121;15622;6674;20.5;8.7
48;2021-04-10;95;60;15717;6734;20.6;8.8
48;2021-04-11;2;0;15719;6734;20.6;8.8
48;2021-04-12;364;71;16083;6805;21.1;8.9
48;2021-04-13;361;92;16444;6897;21.6;9.0
48;2021-04-14;624;186;17068;7083;22.4;9.3
48;2021-04-15;702;360;17770;7443;23.3;9.8
48;2021-04-16;538;226;18308;7669;24.0;10.1
48;2021-04-17;89;72;18397;7741;24.1;10.1
48;2021-04-18;0;0;18397;7741;24.1;10.1
48;2021-04-19;197;106;18594;7847;24.4;10.3
48;2021-04-20;216;181;18810;8028;24.7;10.5
48;2021-04-21;284;208;19094;8236;25.0;10.8
48;2021-04-22;307;482;19401;8718;25.4;11.4
48;2021-04-23;255;242;19656;8960;25.8;11.7
48;2021-04-24;97;94;19753;9054;25.9;11.9
48;2021-04-25;1;9;19754;9063;25.9;11.9
48;2021-04-26;87;211;19841;9274;26.0;12.2
48;2021-04-27;172;292;20013;9566;26.2;12.5
48;2021-04-28;149;415;20162;9981;26.4;13.1
48;2021-04-29;204;488;20366;10469;26.7;13.7
48;2021-04-30;172;226;20538;10695;26.9;14.0
48;2021-05-01;0;0;20538;10695;26.9;14.0
48;2021-05-02;0;0;20538;10695;26.9;14.0
48;2021-05-03;106;386;20644;11081;27.1;14.5
48;2021-05-04;227;421;20871;11502;27.4;15.1
48;2021-05-05;84;485;20955;11987;27.5;15.7
48;2021-05-06;774;640;21729;12627;28.5;16.6
48;2021-05-07;96;503;21825;13130;28.6;17.2
48;2021-05-08;309;43;22134;13173;29.0;17.3
48;2021-05-09;285;9;22419;13182;29.4;17.3
48;2021-05-10;55;325;22474;13507;29.5;17.7
48;2021-05-11;221;289;22695;13796;29.7;18.1
48;2021-05-12;249;313;22944;14109;30.1;18.5
48;2021-05-13;472;158;23416;14267;30.7;18.7
48;2021-05-14;244;222;23660;14489;31.0;19.0
48;2021-05-15;84;47;23744;14536;31.1;19.1
48;2021-05-16;1;8;23745;14544;31.1;19.1
48;2021-05-17;474;266;24219;14810;31.7;19.4
48;2021-05-18;263;229;24482;15039;32.1;19.7
48;2021-05-19;207;278;24689;15317;32.4;20.1
48;2021-05-20;318;256;25007;15573;32.8;20.4
48;2021-05-21;174;266;25181;15839;33.0;20.8
48;2021-05-22;25;50;25206;15889;33.0;20.8
48;2021-05-23;0;6;25206;15895;33.0;20.8
48;2021-05-24;0;14;25206;15909;33.0;20.9
48;2021-05-25;180;264;25386;16173;33.3;21.2
48;2021-05-26;416;298;25802;16471;33.8;21.6
48;2021-05-27;1178;379;26980;16850;35.4;22.1
48;2021-05-28;316;349;27296;17199;35.8;22.5
48;2021-05-29;79;50;27375;17249;35.9;22.6
48;2021-05-30;0;1;27375;17250;35.9;22.6
48;2021-05-31;625;263;28000;17513;36.7;23.0
48;2021-06-01;272;305;28272;17818;37.1;23.4
48;2021-06-02;407;424;28679;18242;37.6;23.9
48;2021-06-03;629;432;29308;18674;38.4;24.5
48;2021-06-04;291;282;29599;18956;38.8;24.8
48;2021-06-05;121;77;29720;19033;39.0;24.9
48;2021-06-06;1;1;29721;19034;39.0;25.0
48;2021-06-07;440;161;30161;19195;39.5;25.2
48;2021-06-08;614;308;30775;19503;40.3;25.6
48;2021-06-09;379;190;31154;19693;40.8;25.8
48;2021-06-10;1002;241;32156;19934;42.2;26.1
48;2021-06-11;372;161;32528;20095;42.6;26.3
48;2021-06-12;74;57;32602;20152;42.7;26.4
48;2021-06-13;0;2;32602;20154;42.7;26.4
48;2021-06-14;124;115;32726;20269;42.9;26.6
48;2021-06-15;407;385;33133;20654;43.4;27.1
48;2021-06-16;260;144;33393;20798;43.8;27.3
48;2021-06-17;486;575;33879;21373;44.4;28.0
48;2021-06-18;254;315;34133;21688;44.7;28.4
48;2021-06-19;35;291;34168;21979;44.8;28.8
48;2021-06-20;123;224;34291;22203;45.0;29.1
48;2021-06-21;125;132;34416;22335;45.1;29.3
48;2021-06-22;258;334;34674;22669;45.5;29.7
48;2021-06-23;111;546;34785;23215;45.6;30.4
48;2021-06-24;364;610;35149;23825;46.1;31.2
48;2021-06-25;154;276;35303;24101;46.3;31.6
48;2021-06-26;15;45;35318;24146;46.3;31.7
48;2021-06-27;1;1;35319;24147;46.3;31.7
48;2021-06-28;81;177;35400;24324;46.4;31.9
48;2021-06-29;297;413;35697;24737;46.8;32.4
48;2021-06-30;97;465;35794;25202;46.9;33.0
48;2021-07-01;194;669;35988;25871;47.2;33.9
48;2021-07-02;148;369;36136;26240;47.4;34.4
48;2021-07-03;42;89;36178;26329;47.4;34.5
48;2021-07-04;7;0;36185;26329;47.4;34.5
48;2021-07-05;40;116;36225;26445;47.5;34.7
48;2021-07-06;277;597;36502;27042;47.8;35.4
48;2021-07-07;201;486;36703;27528;48.1;36.1
48;2021-07-08;224;1191;36927;28719;48.4;37.6
48;2021-07-09;158;552;37085;29271;48.6;38.4
48;2021-07-10;95;147;37180;29418;48.7;38.6
48;2021-07-11;0;4;37180;29422;48.7;38.6
48;2021-07-12;140;674;37320;30096;48.9;39.5
48;2021-07-13;212;431;37532;30527;49.2;40.0
48;2021-07-14;179;145;37711;30672;49.4;40.2
48;2021-07-15;187;459;37898;31131;49.7;40.8
48;2021-07-16;234;315;38132;31446;50.0;41.2
48;2021-07-17;129;118;38261;31564;50.2;41.4
48;2021-07-18;4;5;38265;31569;50.2;41.4
48;2021-07-19;105;306;38370;31875;50.3;41.8
48;2021-07-20;678;992;39048;32867;51.2;43.1
48;2021-07-21;69;371;39117;33238;51.3;43.6
48;2021-07-22;779;1124;39896;34362;52.3;45.0
48;2021-07-23;366;437;40262;34799;52.8;45.6
48;2021-07-24;509;170;40771;34969;53.4;45.8
48;2021-07-25;138;46;40909;35015;53.6;45.9
48;2021-07-26;101;198;41010;35213;53.8;46.2
48;2021-07-27;1195;643;42205;35856;55.3;47.0
48;2021-07-28;177;317;42382;36173;55.6;47.4
48;2021-07-29;710;644;43092;36817;56.5;48.3
48;2021-07-30;200;292;43292;37109;56.7;48.6
48;2021-07-31;337;180;43629;37289;57.2;48.9
48;2021-08-01;18;55;43647;37344;57.2;49.0
48;2021-08-02;228;162;43875;37506;57.5;49.2
48;2021-08-03;922;570;44797;38076;58.7;49.9
48;2021-08-04;328;220;45125;38296;59.2;50.2
48;2021-08-05;675;472;45800;38768;60.0;50.8
48;2021-08-06;442;276;46242;39044;60.6;51.2
48;2021-08-07;249;125;46491;39169;60.9;51.3
48;2021-08-08;2;5;46493;39174;60.9;51.4
48;2021-08-09;170;140;46663;39314;61.2;51.5
48;2021-08-10;724;554;47387;39868;62.1;52.3
48;2021-08-11;296;238;47683;40106;62.5;52.6
48;2021-08-12;418;414;48101;40520;63.1;53.1
48;2021-08-13;219;212;48320;40732;63.3;53.4
48;2021-08-14;134;165;48454;40897;63.5;53.6
48;2021-08-15;131;81;48585;40978;63.7;53.7
48;2021-08-16;121;191;48706;41169;63.8;54.0
48;2021-08-17;364;1188;49070;42357;64.3;55.5
48;2021-08-18;209;202;49279;42559;64.6;55.8
48;2021-08-19;240;324;49519;42883;64.9;56.2
48;2021-08-20;213;285;49732;43168;65.2;56.6
48;2021-08-21;85;233;49817;43401;65.3;56.9
48;2021-08-22;0;0;49817;43401;65.3;56.9
48;2021-08-23;65;153;49882;43554;65.4;57.1
48;2021-08-24;308;951;50190;44505;65.8;58.3
48;2021-08-25;156;349;50346;44854;66.0;58.8
48;2021-08-26;179;499;50525;45353;66.2;59.5
48;2021-08-27;152;336;50677;45689;66.4;59.9
48;2021-08-28;126;301;50803;45990;66.6;60.3
48;2021-08-29;0;1;50803;45991;66.6;60.3
48;2021-08-30;54;147;50857;46138;66.7;60.5
48;2021-08-31;258;1070;51115;47208;67.0;61.9
48;2021-09-01;122;346;51237;47554;67.2;62.3
48;2021-09-02;129;404;51366;47958;67.3;62.9
49;2020-12-27;0;0;0;0;0.0;0.0
49;2020-12-28;2;0;2;0;0.0;0.0
49;2020-12-29;0;0;2;0;0.0;0.0
49;2020-12-30;0;0;2;0;0.0;0.0
49;2020-12-31;0;0;2;0;0.0;0.0
49;2021-01-01;2;0;4;0;0.0;0.0
49;2021-01-02;1;1;5;1;0.0;0.0
49;2021-01-03;0;0;5;1;0.0;0.0
49;2021-01-04;10;0;15;1;0.0;0.0
49;2021-01-05;92;0;107;1;0.0;0.0
49;2021-01-06;232;0;339;1;0.0;0.0
49;2021-01-07;366;0;705;1;0.1;0.0
49;2021-01-08;329;1;1034;2;0.1;0.0
49;2021-01-09;118;0;1152;2;0.1;0.0
49;2021-01-10;114;0;1266;2;0.2;0.0
49;2021-01-11;287;0;1553;2;0.2;0.0
49;2021-01-12;623;0;2176;2;0.3;0.0
49;2021-01-13;602;2;2778;4;0.3;0.0
49;2021-01-14;590;6;3368;10;0.4;0.0
49;2021-01-15;775;1;4143;11;0.5;0.0
49;2021-01-16;147;0;4290;11;0.5;0.0
49;2021-01-17;111;2;4401;13;0.5;0.0
49;2021-01-18;691;0;5092;13;0.6;0.0
49;2021-01-19;1204;1;6296;14;0.8;0.0
49;2021-01-20;1511;3;7807;17;1.0;0.0
49;2021-01-21;1942;4;9749;21;1.2;0.0
49;2021-01-22;1319;4;11068;25;1.4;0.0
49;2021-01-23;263;1;11331;26;1.4;0.0
49;2021-01-24;1;0;11332;26;1.4;0.0
49;2021-01-25;553;4;11885;30;1.5;0.0
49;2021-01-26;987;74;12872;104;1.6;0.0
49;2021-01-27;1856;37;14728;141;1.8;0.0
49;2021-01-28;2878;89;17606;230;2.2;0.0
49;2021-01-29;1589;90;19195;320;2.4;0.0
49;2021-01-30;300;45;19495;365;2.4;0.0
49;2021-01-31;62;49;19557;414;2.4;0.1
49;2021-02-01;662;162;20219;576;2.5;0.1
49;2021-02-02;743;377;20962;953;2.6;0.1
49;2021-02-03;675;377;21637;1330;2.7;0.2
49;2021-02-04;758;441;22395;1771;2.7;0.2
49;2021-02-05;707;595;23102;2366;2.8;0.3
49;2021-02-06;229;108;23331;2474;2.9;0.3
49;2021-02-07;59;79;23390;2553;2.9;0.3
49;2021-02-08;549;471;23939;3024;2.9;0.4
49;2021-02-09;714;620;24653;3644;3.0;0.4
49;2021-02-10;806;946;25459;4590;3.1;0.6
49;2021-02-11;1029;1393;26488;5983;3.2;0.7
49;2021-02-12;870;966;27358;6949;3.4;0.9
49;2021-02-13;266;116;27624;7065;3.4;0.9
49;2021-02-14;9;103;27633;7168;3.4;0.9
49;2021-02-15;731;651;28364;7819;3.5;1.0
49;2021-02-16;1106;1102;29470;8921;3.6;1.1
49;2021-02-17;1159;1849;30629;10770;3.8;1.3
49;2021-02-18;1811;2417;32440;13187;4.0;1.6
49;2021-02-19;1395;1094;33835;14281;4.1;1.8
49;2021-02-20;233;374;34068;14655;4.2;1.8
49;2021-02-21;0;64;34068;14719;4.2;1.8
49;2021-02-22;646;560;34714;15279;4.3;1.9
49;2021-02-23;734;841;35448;16120;4.3;2.0
49;2021-02-24;822;617;36270;16737;4.4;2.1
49;2021-02-25;1208;790;37478;17527;4.6;2.1
49;2021-02-26;1678;834;39156;18361;4.8;2.3
49;2021-02-27;435;273;39591;18634;4.9;2.3
49;2021-02-28;49;37;39640;18671;4.9;2.3
49;2021-03-01;766;570;40406;19241;5.0;2.4
49;2021-03-02;1082;691;41488;19932;5.1;2.4
49;2021-03-03;1559;667;43047;20599;5.3;2.5
49;2021-03-04;1768;936;44815;21535;5.5;2.6
49;2021-03-05;2213;692;47028;22227;5.8;2.7
49;2021-03-06;717;188;47745;22415;5.9;2.7
49;2021-03-07;627;12;48372;22427;5.9;2.7
49;2021-03-08;1397;712;49769;23139;6.1;2.8
49;2021-03-09;2051;736;51820;23875;6.4;2.9
49;2021-03-10;2528;870;54348;24745;6.7;3.0
49;2021-03-11;3195;1469;57543;26214;7.1;3.2
49;2021-03-12;3766;1006;61309;27220;7.5;3.3
49;2021-03-13;1501;218;62810;27438;7.7;3.4
49;2021-03-14;6;0;62816;27438;7.7;3.4
49;2021-03-15;2084;531;64900;27969;8.0;3.4
49;2021-03-16;1733;961;66633;28930;8.2;3.5
49;2021-03-17;1811;673;68444;29603;8.4;3.6
49;2021-03-18;2204;730;70648;30333;8.7;3.7
49;2021-03-19;3334;563;73982;30896;9.1;3.8
49;2021-03-20;1743;204;75725;31100;9.3;3.8
49;2021-03-21;499;22;76224;31122;9.3;3.8
49;2021-03-22;2247;549;78471;31671;9.6;3.9
49;2021-03-23;3405;679;81876;32350;10.0;4.0
49;2021-03-24;3602;499;85478;32849;10.5;4.0
49;2021-03-25;4226;652;89704;33501;11.0;4.1
49;2021-03-26;4885;505;94589;34006;11.6;4.2
49;2021-03-27;1674;99;96263;34105;11.8;4.2
49;2021-03-28;400;27;96663;34132;11.8;4.2
49;2021-03-29;2371;611;99034;34743;12.1;4.3
49;2021-03-30;3267;940;102301;35683;12.5;4.4
49;2021-03-31;2980;750;105281;36433;12.9;4.5
49;2021-04-01;4122;869;109403;37302;13.4;4.6
49;2021-04-02;4296;950;113699;38252;13.9;4.7
49;2021-04-03;971;193;114670;38445;14.1;4.7
49;2021-04-04;315;3;114985;38448;14.1;4.7
49;2021-04-05;944;22;115929;38470;14.2;4.7
49;2021-04-06;2331;1319;118260;39789;14.5;4.9
49;2021-04-07;3308;1364;121568;41153;14.9;5.0
49;2021-04-08;5184;1427;126752;42580;15.5;5.2
49;2021-04-09;6208;1435;132960;44015;16.3;5.4
49;2021-04-10;2067;500;135027;44515;16.5;5.5
49;2021-04-11;390;8;135417;44523;16.6;5.5
49;2021-04-12;4075;1573;139492;46096;17.1;5.6
49;2021-04-13;5380;1912;144872;48008;17.8;5.9
49;2021-04-14;4542;1878;149414;49886;18.3;6.1
49;2021-04-15;5379;1884;154793;51770;19.0;6.3
49;2021-04-16;5761;2140;160554;53910;19.7;6.6
49;2021-04-17;3336;851;163890;54761;20.1;6.7
49;2021-04-18;381;477;164271;55238;20.1;6.8
49;2021-04-19;3710;2057;167981;57295;20.6;7.0
49;2021-04-20;4375;2111;172356;59406;21.1;7.3
49;2021-04-21;3954;2206;176310;61612;21.6;7.6
49;2021-04-22;4836;2109;181146;63721;22.2;7.8
49;2021-04-23;4812;2332;185958;66053;22.8;8.1
49;2021-04-24;2939;1156;188897;67209;23.2;8.2
49;2021-04-25;40;282;188937;67491;23.2;8.3
49;2021-04-26;3743;2111;192680;69602;23.6;8.5
49;2021-04-27;4473;2509;197153;72111;24.2;8.8
49;2021-04-28;4617;2497;201770;74608;24.7;9.1
49;2021-04-29;5206;3026;206976;77634;25.4;9.5
49;2021-04-30;5556;3205;212532;80839;26.0;9.9
49;2021-05-01;2364;666;214896;81505;26.3;10.0
49;2021-05-02;5;40;214901;81545;26.3;10.0
49;2021-05-03;5012;2410;219913;83955;27.0;10.3
49;2021-05-04;4971;3043;224884;86998;27.6;10.7
49;2021-05-05;4788;3007;229672;90005;28.2;11.0
49;2021-05-06;5330;3094;235002;93099;28.8;11.4
49;2021-05-07;4281;5033;239283;98132;29.3;12.0
49;2021-05-08;3576;437;242859;98569;29.8;12.1
49;2021-05-09;10;41;242869;98610;29.8;12.1
49;2021-05-10;4831;4279;247700;102889;30.4;12.6
49;2021-05-11;5397;5092;253097;107981;31.0;13.2
49;2021-05-12;4799;4593;257896;112574;31.6;13.8
49;2021-05-13;4779;688;262675;113262;32.2;13.9
49;2021-05-14;5172;3272;267847;116534;32.8;14.3
49;2021-05-15;4157;1807;272004;118341;33.3;14.5
49;2021-05-16;2788;119;274792;118460;33.7;14.5
49;2021-05-17;4834;3691;279626;122151;34.3;15.0
49;2021-05-18;5473;3771;285099;125922;34.9;15.4
49;2021-05-19;5918;3232;291017;129154;35.7;15.8
49;2021-05-20;6809;2966;297826;132120;36.5;16.2
49;2021-05-21;6452;3746;304278;135866;37.3;16.7
49;2021-05-22;5186;1193;309464;137059;37.9;16.8
49;2021-05-23;1;12;309465;137071;37.9;16.8
49;2021-05-24;4215;448;313680;137519;38.4;16.9
49;2021-05-25;6330;3309;320010;140828;39.2;17.3
49;2021-05-26;6274;2666;326284;143494;40.0;17.6
49;2021-05-27;7111;2722;333395;146216;40.9;17.9
49;2021-05-28;6876;4025;340271;150241;41.7;18.4
49;2021-05-29;5024;1899;345295;152140;42.3;18.6
49;2021-05-30;20;13;345315;152153;42.3;18.6
49;2021-05-31;6038;3220;351353;155373;43.1;19.0
49;2021-06-01;6591;3990;357944;159363;43.9;19.5
49;2021-06-02;5794;3743;363738;163106;44.6;20.0
49;2021-06-03;6605;3423;370343;166529;45.4;20.4
49;2021-06-04;6471;4865;376814;171394;46.2;21.0
49;2021-06-05;4386;2696;381200;174090;46.7;21.3
49;2021-06-06;37;52;381237;174142;46.7;21.3
49;2021-06-07;4634;4760;385871;178902;47.3;21.9
49;2021-06-08;5187;5103;391058;184005;47.9;22.6
49;2021-06-09;5323;4502;396381;188507;48.6;23.1
49;2021-06-10;6005;3783;402386;192290;49.3;23.6
49;2021-06-11;4870;6037;407256;198327;49.9;24.3
49;2021-06-12;4100;3203;411356;201530;50.4;24.7
49;2021-06-13;19;989;411375;202519;50.4;24.8
49;2021-06-14;3411;6016;414786;208535;50.8;25.6
49;2021-06-15;4243;6399;419029;214934;51.4;26.3
49;2021-06-16;4152;5681;423181;220615;51.9;27.0
49;2021-06-17;5068;5078;428249;225693;52.5;27.7
49;2021-06-18;4134;6889;432383;232582;53.0;28.5
49;2021-06-19;3525;3973;435908;236555;53.4;29.0
49;2021-06-20;33;25;435941;236580;53.4;29.0
49;2021-06-21;2829;6512;438770;243092;53.8;29.8
49;2021-06-22;3207;7008;441977;250100;54.2;30.7
49;2021-06-23;3254;6314;445231;256414;54.6;31.4
49;2021-06-24;4318;4979;449549;261393;55.1;32.0
49;2021-06-25;3325;7452;452874;268845;55.5;33.0
49;2021-06-26;2570;4627;455444;273472;55.8;33.5
49;2021-06-27;15;1544;455459;275016;55.8;33.7
49;2021-06-28;2234;7186;457693;282202;56.1;34.6
49;2021-06-29;3029;7273;460722;289475;56.5;35.5
49;2021-06-30;2827;6804;463549;296279;56.8;36.3
49;2021-07-01;3391;6273;466940;302552;57.2;37.1
49;2021-07-02;3070;8072;470010;310624;57.6;38.1
49;2021-07-03;2008;5485;472018;316109;57.9;38.7
49;2021-07-04;7;53;472025;316162;57.9;38.8
49;2021-07-05;1742;7082;473767;323244;58.1;39.6
49;2021-07-06;1895;7552;475662;330796;58.3;40.5
49;2021-07-07;2101;6626;477763;337422;58.6;41.4
49;2021-07-08;2691;6358;480454;343780;58.9;42.1
49;2021-07-09;2362;8252;482816;352032;59.2;43.1
49;2021-07-10;1803;5344;484619;357376;59.4;43.8
49;2021-07-11;11;35;484630;357411;59.4;43.8
49;2021-07-12;1948;7715;486578;365126;59.6;44.8
49;2021-07-13;2570;8309;489148;373435;60.0;45.8
49;2021-07-14;2892;3374;492040;376809;60.3;46.2
49;2021-07-15;3168;7556;495208;384365;60.7;47.1
49;2021-07-16;3398;8302;498606;392667;61.1;48.1
49;2021-07-17;2101;5483;500707;398150;61.4;48.8
49;2021-07-18;3750;581;504457;398731;61.8;48.9
49;2021-07-19;2668;7451;507125;406182;62.2;49.8
49;2021-07-20;3588;7480;510713;413662;62.6;50.7
49;2021-07-21;4228;6465;514941;420127;63.1;51.5
49;2021-07-22;4809;5865;519750;425992;63.7;52.2
49;2021-07-23;5113;6627;524863;432619;64.3;53.0
49;2021-07-24;3689;4999;528552;437618;64.8;53.6
49;2021-07-25;67;33;528619;437651;64.8;53.6
49;2021-07-26;4515;5900;533134;443551;65.3;54.4
49;2021-07-27;5752;5447;538886;448998;66.0;55.0
49;2021-07-28;6015;4362;544901;453360;66.8;55.6
49;2021-07-29;6701;4153;551602;457513;67.6;56.1
49;2021-07-30;6147;4788;557749;462301;68.4;56.7
49;2021-07-31;3956;3420;561705;465721;68.8;57.1
49;2021-08-01;19;22;561724;465743;68.8;57.1
49;2021-08-02;4268;4654;565992;470397;69.4;57.7
49;2021-08-03;5430;3806;571422;474203;70.0;58.1
49;2021-08-04;5231;3716;576653;477919;70.7;58.6
49;2021-08-05;5245;3288;581898;481207;71.3;59.0
49;2021-08-06;5714;4281;587612;485488;72.0;59.5
49;2021-08-07;3912;3042;591524;488530;72.5;59.9
49;2021-08-08;23;36;591547;488566;72.5;59.9
49;2021-08-09;3495;4677;595042;493243;72.9;60.5
49;2021-08-10;4214;3900;599256;497143;73.4;60.9
49;2021-08-11;3976;3649;603232;500792;73.9;61.4
49;2021-08-12;2637;3054;605869;503846;74.3;61.8
49;2021-08-13;3813;4263;609682;508109;74.7;62.3
49;2021-08-14;2267;3148;611949;511257;75.0;62.7
49;2021-08-15;29;26;611978;511283;75.0;62.7
49;2021-08-16;2716;5061;614694;516344;75.3;63.3
49;2021-08-17;3259;4910;617953;521254;75.7;63.9
49;2021-08-18;2966;4113;620919;525367;76.1;64.4
49;2021-08-19;1536;3658;622455;529025;76.3;64.8
49;2021-08-20;2725;5774;625180;534799;76.6;65.5
49;2021-08-21;1377;4150;626557;538949;76.8;66.1
49;2021-08-22;6;41;626563;538990;76.8;66.1
49;2021-08-23;2247;5623;628810;544613;77.1;66.8
49;2021-08-24;2732;5779;631542;550392;77.4;67.5
49;2021-08-25;2325;5428;633867;555820;77.7;68.1
49;2021-08-26;1705;4828;635572;560648;77.9;68.7
49;2021-08-27;2436;6805;638008;567453;78.2;69.6
49;2021-08-28;902;4302;638910;571755;78.3;70.1
49;2021-08-29;4;94;638914;571849;78.3;70.1
49;2021-08-30;1149;4292;640063;576141;78.5;70.6
49;2021-08-31;2226;5999;642289;582140;78.7;71.4
49;2021-09-01;1680;4425;643969;586565;78.9;71.9
49;2021-09-02;1038;2788;645007;589353;79.1;72.2
50;2020-12-27;0;0;0;0;0.0;0.0
50;2020-12-28;0;0;0;0;0.0;0.0
50;2020-12-29;1;0;1;0;0.0;0.0
50;2020-12-30;0;0;1;0;0.0;0.0
50;2020-12-31;0;0;1;0;0.0;0.0
50;2021-01-01;0;0;1;0;0.0;0.0
50;2021-01-02;0;0;1;0;0.0;0.0
50;2021-01-03;0;0;1;0;0.0;0.0
50;2021-01-04;1;0;2;0;0.0;0.0
50;2021-01-05;0;0;2;0;0.0;0.0
50;2021-01-06;126;0;128;0;0.0;0.0
50;2021-01-07;323;0;451;0;0.1;0.0
50;2021-01-08;436;2;887;2;0.2;0.0
50;2021-01-09;236;0;1123;2;0.2;0.0
50;2021-01-10;23;0;1146;2;0.2;0.0
50;2021-01-11;391;1;1537;3;0.3;0.0
50;2021-01-12;600;0;2137;3;0.4;0.0
50;2021-01-13;694;4;2831;7;0.6;0.0
50;2021-01-14;1046;5;3877;12;0.8;0.0
50;2021-01-15;709;2;4586;14;0.9;0.0
50;2021-01-16;215;3;4801;17;1.0;0.0
50;2021-01-17;1;0;4802;17;1.0;0.0
50;2021-01-18;620;1;5422;18;1.1;0.0
50;2021-01-19;899;3;6321;21;1.3;0.0
50;2021-01-20;965;0;7286;21;1.5;0.0
50;2021-01-21;917;4;8203;25;1.7;0.0
50;2021-01-22;713;2;8916;27;1.8;0.0
50;2021-01-23;667;4;9583;31;2.0;0.0
50;2021-01-24;880;3;10463;34;2.1;0.0
50;2021-01-25;2711;9;13174;43;2.7;0.0
50;2021-01-26;1336;15;14510;58;3.0;0.0
50;2021-01-27;766;56;15276;114;3.1;0.0
50;2021-01-28;718;164;15994;278;3.3;0.1
50;2021-01-29;581;300;16575;578;3.4;0.1
50;2021-01-30;381;163;16956;741;3.5;0.2
50;2021-01-31;0;0;16956;741;3.5;0.2
50;2021-02-01;449;218;17405;959;3.5;0.2
50;2021-02-02;417;230;17822;1189;3.6;0.2
50;2021-02-03;390;374;18212;1563;3.7;0.3
50;2021-02-04;485;444;18697;2007;3.8;0.4
50;2021-02-05;423;443;19120;2450;3.9;0.5
50;2021-02-06;179;111;19299;2561;3.9;0.5
50;2021-02-07;0;0;19299;2561;3.9;0.5
50;2021-02-08;255;492;19554;3053;4.0;0.6
50;2021-02-09;246;612;19800;3665;4.0;0.7
50;2021-02-10;570;530;20370;4195;4.2;0.9
50;2021-02-11;437;893;20807;5088;4.2;1.0
50;2021-02-12;329;645;21136;5733;4.3;1.2
50;2021-02-13;306;476;21442;6209;4.4;1.3
50;2021-02-14;185;821;21627;7030;4.4;1.4
50;2021-02-15;663;1981;22290;9011;4.5;1.8
50;2021-02-16;746;1586;23036;10597;4.7;2.2
50;2021-02-17;632;773;23668;11370;4.8;2.3
50;2021-02-18;569;778;24237;12148;4.9;2.5
50;2021-02-19;630;481;24867;12629;5.1;2.6
50;2021-02-20;423;179;25290;12808;5.2;2.6
50;2021-02-21;85;25;25375;12833;5.2;2.6
50;2021-02-22;291;684;25666;13517;5.2;2.8
50;2021-02-23;502;524;26168;14041;5.3;2.9
50;2021-02-24;624;553;26792;14594;5.5;3.0
50;2021-02-25;779;568;27571;15162;5.6;3.1
50;2021-02-26;999;379;28570;15541;5.8;3.2
50;2021-02-27;887;113;29457;15654;6.0;3.2
50;2021-02-28;111;0;29568;15654;6.0;3.2
50;2021-03-01;488;533;30056;16187;6.1;3.3
50;2021-03-02;651;512;30707;16699;6.3;3.4
50;2021-03-03;797;446;31504;17145;6.4;3.5
50;2021-03-04;1248;337;32752;17482;6.7;3.6
50;2021-03-05;1552;348;34304;17830;7.0;3.6
50;2021-03-06;1319;159;35623;17989;7.3;3.7
50;2021-03-07;550;42;36173;18031;7.4;3.7
50;2021-03-08;1025;625;37198;18656;7.6;3.8
50;2021-03-09;1559;578;38757;19234;7.9;3.9
50;2021-03-10;1608;322;40365;19556;8.2;4.0
50;2021-03-11;2352;358;42717;19914;8.7;4.1
50;2021-03-12;2866;250;45583;20164;9.3;4.1
50;2021-03-13;1994;137;47577;20301;9.7;4.1
50;2021-03-14;280;41;47857;20342;9.8;4.1
50;2021-03-15;1378;299;49235;20641;10.0;4.2
50;2021-03-16;1341;284;50576;20925;10.3;4.3
50;2021-03-17;1295;412;51871;21337;10.6;4.3
50;2021-03-18;1162;429;53033;21766;10.8;4.4
50;2021-03-19;1734;592;54767;22358;11.2;4.6
50;2021-03-20;1688;230;56455;22588;11.5;4.6
50;2021-03-21;794;12;57249;22600;11.7;4.6
50;2021-03-22;1509;334;58758;22934;12.0;4.7
50;2021-03-23;2077;398;60835;23332;12.4;4.8
50;2021-03-24;2281;555;63116;23887;12.9;4.9
50;2021-03-25;2812;472;65928;24359;13.4;5.0
50;2021-03-26;3206;470;69134;24829;14.1;5.1
50;2021-03-27;1823;376;70957;25205;14.5;5.1
50;2021-03-28;403;20;71360;25225;14.5;5.1
50;2021-03-29;2139;721;73499;25946;15.0;5.3
50;2021-03-30;2283;648;75782;26594;15.4;5.4
50;2021-03-31;2478;573;78260;27167;15.9;5.5
50;2021-04-01;3106;865;81366;28032;16.6;5.7
50;2021-04-02;2963;933;84329;28965;17.2;5.9
50;2021-04-03;1245;686;85574;29651;17.4;6.0
50;2021-04-04;321;136;85895;29787;17.5;6.1
50;2021-04-05;400;27;86295;29814;17.6;6.1
50;2021-04-06;2129;1225;88424;31039;18.0;6.3
50;2021-04-07;2559;1178;90983;32217;18.5;6.6
50;2021-04-08;3598;1211;94581;33428;19.3;6.8
50;2021-04-09;3936;1300;98517;34728;20.1;7.1
50;2021-04-10;2533;876;101050;35604;20.6;7.3
50;2021-04-11;411;145;101461;35749;20.7;7.3
50;2021-04-12;2438;1378;103899;37127;21.2;7.6
50;2021-04-13;2677;1520;106576;38647;21.7;7.9
50;2021-04-14;2608;1354;109184;40001;22.3;8.2
50;2021-04-15;3162;1118;112346;41119;22.9;8.4
50;2021-04-16;3365;1102;115711;42221;23.6;8.6
50;2021-04-17;2398;1186;118109;43407;24.1;8.8
50;2021-04-18;425;664;118534;44071;24.2;9.0
50;2021-04-19;1997;1472;120531;45543;24.6;9.3
50;2021-04-20;2275;1589;122806;47132;25.0;9.6
50;2021-04-21;2552;1759;125358;48891;25.5;10.0
50;2021-04-22;3079;1827;128437;50718;26.2;10.3
50;2021-04-23;2757;1918;131194;52636;26.7;10.7
50;2021-04-24;1900;1435;133094;54071;27.1;11.0
50;2021-04-25;470;273;133564;54344;27.2;11.1
50;2021-04-26;2120;1889;135684;56233;27.7;11.5
50;2021-04-27;2413;2003;138097;58236;28.1;11.9
50;2021-04-28;2708;1974;140805;60210;28.7;12.3
50;2021-04-29;3286;2045;144091;62255;29.4;12.7
50;2021-04-30;3000;1933;147091;64188;30.0;13.1
50;2021-05-01;1015;596;148106;64784;30.2;13.2
50;2021-05-02;523;448;148629;65232;30.3;13.3
50;2021-05-03;1771;1804;150400;67036;30.7;13.7
50;2021-05-04;1771;2331;152171;69367;31.0;14.1
50;2021-05-05;1661;2952;153832;72319;31.4;14.7
50;2021-05-06;2531;2586;156363;74905;31.9;15.3
50;2021-05-07;2150;2861;158513;77766;32.3;15.8
50;2021-05-08;1171;792;159684;78558;32.5;16.0
50;2021-05-09;624;362;160308;78920;32.7;16.1
50;2021-05-10;1705;2605;162013;81525;33.0;16.6
50;2021-05-11;2543;2848;164556;84373;33.5;17.2
50;2021-05-12;3180;2437;167736;86810;34.2;17.7
50;2021-05-13;3382;610;171118;87420;34.9;17.8
50;2021-05-14;3571;2278;174689;89698;35.6;18.3
50;2021-05-15;4000;1872;178689;91570;36.4;18.7
50;2021-05-16;947;267;179636;91837;36.6;18.7
50;2021-05-17;2140;1877;181776;93714;37.0;19.1
50;2021-05-18;2524;1619;184300;95333;37.6;19.4
50;2021-05-19;2503;1446;186803;96779;38.1;19.7
50;2021-05-20;3261;1623;190064;98402;38.7;20.1
50;2021-05-21;3159;1910;193223;100312;39.4;20.4
50;2021-05-22;2651;1329;195874;101641;39.9;20.7
50;2021-05-23;603;284;196477;101925;40.0;20.8
50;2021-05-24;1527;490;198004;102415;40.4;20.9
50;2021-05-25;2450;1672;200454;104087;40.9;21.2
50;2021-05-26;3000;1456;203454;105543;41.5;21.5
50;2021-05-27;3034;1975;206488;107518;42.1;21.9
50;2021-05-28;2946;2123;209434;109641;42.7;22.3
50;2021-05-29;2760;1404;212194;111045;43.2;22.6
50;2021-05-30;812;328;213006;111373;43.4;22.7
50;2021-05-31;2652;1818;215658;113191;44.0;23.1
50;2021-06-01;3332;2067;218990;115258;44.6;23.5
50;2021-06-02;3260;1792;222250;117050;45.3;23.9
50;2021-06-03;3914;2064;226164;119114;46.1;24.3
50;2021-06-04;3823;2884;229987;121998;46.9;24.9
50;2021-06-05;2961;1846;232948;123844;47.5;25.2
50;2021-06-06;813;443;233761;124287;47.6;25.3
50;2021-06-07;3513;2083;237274;126370;48.4;25.8
50;2021-06-08;4071;2228;241345;128598;49.2;26.2
50;2021-06-09;4254;1998;245599;130596;50.1;26.6
50;2021-06-10;4198;2119;249797;132715;50.9;27.0
50;2021-06-11;4226;2715;254023;135430;51.8;27.6
50;2021-06-12;3738;1611;257761;137041;52.5;27.9
50;2021-06-13;1143;451;258904;137492;52.8;28.0
50;2021-06-14;2694;2966;261598;140458;53.3;28.6
50;2021-06-15;3020;2603;264618;143061;53.9;29.2
50;2021-06-16;3096;1976;267714;145037;54.6;29.6
50;2021-06-17;2798;2488;270512;147525;55.1;30.1
50;2021-06-18;3240;3053;273752;150578;55.8;30.7
50;2021-06-19;3178;1927;276930;152505;56.4;31.1
50;2021-06-20;731;710;277661;153215;56.6;31.2
50;2021-06-21;1819;3133;279480;156348;57.0;31.9
50;2021-06-22;2064;3393;281544;159741;57.4;32.6
50;2021-06-23;1873;3874;283417;163615;57.8;33.3
50;2021-06-24;1713;4010;285130;167625;58.1;34.2
50;2021-06-25;2135;4010;287265;171635;58.5;35.0
50;2021-06-26;2145;3697;289410;175332;59.0;35.7
50;2021-06-27;616;895;290026;176227;59.1;35.9
50;2021-06-28;1926;3349;291952;179576;59.5;36.6
50;2021-06-29;1882;3407;293834;182983;59.9;37.3
50;2021-06-30;2183;3408;296017;186391;60.3;38.0
50;2021-07-01;1947;3284;297964;189675;60.7;38.7
50;2021-07-02;1899;3932;299863;193607;61.1;39.5
50;2021-07-03;1447;3447;301310;197054;61.4;40.2
50;2021-07-04;445;1066;301755;198120;61.5;40.4
50;2021-07-05;1262;3412;303017;201532;61.8;41.1
50;2021-07-06;1576;3894;304593;205426;62.1;41.9
50;2021-07-07;1803;3618;306396;209044;62.4;42.6
50;2021-07-08;1377;4106;307773;213150;62.7;43.4
50;2021-07-09;1394;4574;309167;217724;63.0;44.4
50;2021-07-10;1025;3599;310192;221323;63.2;45.1
50;2021-07-11;372;1018;310564;222341;63.3;45.3
50;2021-07-12;1317;4625;311881;226966;63.6;46.3
50;2021-07-13;1626;4858;313507;231824;63.9;47.2
50;2021-07-14;1476;2358;314983;234182;64.2;47.7
50;2021-07-15;1686;5056;316669;239238;64.5;48.8
50;2021-07-16;2992;5245;319661;244483;65.1;49.8
50;2021-07-17;2150;3730;321811;248213;65.6;50.6
50;2021-07-18;402;1092;322213;249305;65.7;50.8
50;2021-07-19;1573;5183;323786;254488;66.0;51.9
50;2021-07-20;1929;5411;325715;259899;66.4;53.0
50;2021-07-21;1802;5259;327517;265158;66.7;54.0
50;2021-07-22;1949;5006;329466;270164;67.1;55.1
50;2021-07-23;2071;5384;331537;275548;67.6;56.2
50;2021-07-24;1310;3835;332847;279383;67.8;56.9
50;2021-07-25;274;1037;333121;280420;67.9;57.2
50;2021-07-26;2289;3487;335410;283907;68.4;57.9
50;2021-07-27;2897;3347;338307;287254;68.9;58.5
50;2021-07-28;2991;3690;341298;290944;69.6;59.3
50;2021-07-29;3579;3232;344877;294176;70.3;60.0
50;2021-07-30;3073;3007;347950;297183;70.9;60.6
50;2021-07-31;2407;2672;350357;299855;71.4;61.1
50;2021-08-01;483;685;350840;300540;71.5;61.3
50;2021-08-02;2465;2740;353305;303280;72.0;61.8
50;2021-08-03;3394;2470;356699;305750;72.7;62.3
50;2021-08-04;3596;2323;360295;308073;73.4;62.8
50;2021-08-05;3174;2159;363469;310232;74.1;63.2
50;2021-08-06;3635;2799;367104;313031;74.8;63.8
50;2021-08-07;2444;2162;369548;315193;75.3;64.2
50;2021-08-08;510;713;370058;315906;75.4;64.4
50;2021-08-09;2482;2135;372540;318041;75.9;64.8
50;2021-08-10;2946;1987;375486;320028;76.5;65.2
50;2021-08-11;2818;2021;378304;322049;77.1;65.6
50;2021-08-12;2561;2441;380865;324490;77.6;66.1
50;2021-08-13;2447;1985;383312;326475;78.1;66.5
50;2021-08-14;1800;1747;385112;328222;78.5;66.9
50;2021-08-15;399;334;385511;328556;78.6;67.0
50;2021-08-16;1690;2232;387201;330788;78.9;67.4
50;2021-08-17;1946;2706;389147;333494;79.3;68.0
50;2021-08-18;1808;2387;390955;335881;79.7;68.5
50;2021-08-19;1686;2573;392641;338454;80.0;69.0
50;2021-08-20;1596;2742;394237;341196;80.3;69.5
50;2021-08-21;1004;2727;395241;343923;80.6;70.1
50;2021-08-22;384;519;395625;344442;80.6;70.2
50;2021-08-23;1135;2900;396760;347342;80.9;70.8
50;2021-08-24;1236;3220;397996;350562;81.1;71.4
50;2021-08-25;1080;2650;399076;353212;81.3;72.0
50;2021-08-26;856;3154;399932;356366;81.5;72.6
50;2021-08-27;929;3180;400861;359546;81.7;73.3
50;2021-08-28;789;2888;401650;362434;81.9;73.9
50;2021-08-29;282;573;401932;363007;81.9;74.0
50;2021-08-30;767;2943;402699;365950;82.1;74.6
50;2021-08-31;816;3030;403515;368980;82.2;75.2
50;2021-09-01;625;2881;404140;371861;82.4;75.8
50;2021-09-02;492;2533;404632;374394;82.5;76.3
51;2020-12-27;0;0;0;0;0.0;0.0
51;2020-12-28;0;0;0;0;0.0;0.0
51;2020-12-29;0;0;0;0;0.0;0.0
51;2020-12-30;0;0;0;0;0.0;0.0
51;2020-12-31;1;0;1;0;0.0;0.0
51;2021-01-01;0;0;1;0;0.0;0.0
51;2021-01-02;0;0;1;0;0.0;0.0
51;2021-01-03;0;0;1;0;0.0;0.0
51;2021-01-04;1;0;2;0;0.0;0.0
51;2021-01-05;1;0;3;0;0.0;0.0
51;2021-01-06;6;0;9;0;0.0;0.0
51;2021-01-07;262;1;271;1;0.0;0.0
51;2021-01-08;507;1;778;2;0.1;0.0
51;2021-01-09;91;0;869;2;0.2;0.0
51;2021-01-10;0;0;869;2;0.2;0.0
51;2021-01-11;545;2;1414;4;0.3;0.0
51;2021-01-12;1539;4;2953;8;0.5;0.0
51;2021-01-13;1290;5;4243;13;0.8;0.0
51;2021-01-14;1475;6;5718;19;1.0;0.0
51;2021-01-15;607;3;6325;22;1.1;0.0
51;2021-01-16;177;1;6502;23;1.2;0.0
51;2021-01-17;102;0;6604;23;1.2;0.0
51;2021-01-18;846;3;7450;26;1.3;0.0
51;2021-01-19;999;4;8449;30;1.5;0.0
51;2021-01-20;943;8;9392;38;1.7;0.0
51;2021-01-21;790;3;10182;41;1.8;0.0
51;2021-01-22;391;2;10573;43;1.9;0.0
51;2021-01-23;294;0;10867;43;1.9;0.0
51;2021-01-24;130;1;10997;44;2.0;0.0
51;2021-01-25;712;3;11709;47;2.1;0.0
51;2021-01-26;780;5;12489;52;2.2;0.0
51;2021-01-27;656;4;13145;56;2.3;0.0
51;2021-01-28;646;68;13791;124;2.4;0.0
51;2021-01-29;474;142;14265;266;2.5;0.0
51;2021-01-30;126;5;14391;271;2.6;0.0
51;2021-01-31;83;0;14474;271;2.6;0.0
51;2021-02-01;275;58;14749;329;2.6;0.1
51;2021-02-02;738;720;15487;1049;2.7;0.2
51;2021-02-03;642;469;16129;1518;2.9;0.3
51;2021-02-04;968;810;17097;2328;3.0;0.4
51;2021-02-05;973;510;18070;2838;3.2;0.5
51;2021-02-06;30;143;18100;2981;3.2;0.5
51;2021-02-07;0;18;18100;2999;3.2;0.5
51;2021-02-08;115;409;18215;3408;3.2;0.6
51;2021-02-09;222;464;18437;3872;3.3;0.7
51;2021-02-10;219;631;18656;4503;3.3;0.8
51;2021-02-11;299;525;18955;5028;3.4;0.9
51;2021-02-12;341;558;19296;5586;3.4;1.0
51;2021-02-13;8;107;19304;5693;3.4;1.0
51;2021-02-14;8;162;19312;5855;3.4;1.0
51;2021-02-15;265;799;19577;6654;3.5;1.2
51;2021-02-16;401;924;19978;7578;3.5;1.3
51;2021-02-17;367;834;20345;8412;3.6;1.5
51;2021-02-18;437;572;20782;8984;3.7;1.6
51;2021-02-19;530;418;21312;9402;3.8;1.7
51;2021-02-20;205;292;21517;9694;3.8;1.7
51;2021-02-21;10;101;21527;9795;3.8;1.7
51;2021-02-22;195;662;21722;10457;3.9;1.9
51;2021-02-23;262;1068;21984;11525;3.9;2.0
51;2021-02-24;414;664;22398;12189;4.0;2.2
51;2021-02-25;1050;868;23448;13057;4.2;2.3
51;2021-02-26;1227;660;24675;13717;4.4;2.4
51;2021-02-27;590;123;25265;13840;4.5;2.5
51;2021-02-28;7;69;25272;13909;4.5;2.5
51;2021-03-01;767;301;26039;14210;4.6;2.5
51;2021-03-02;1128;459;27167;14669;4.8;2.6
51;2021-03-03;1193;459;28360;15128;5.0;2.7
51;2021-03-04;1060;695;29420;15823;5.2;2.8
51;2021-03-05;1560;665;30980;16488;5.5;2.9
51;2021-03-06;1433;59;32413;16547;5.7;2.9
51;2021-03-07;250;6;32663;16553;5.8;2.9
51;2021-03-08;992;100;33655;16653;6.0;3.0
51;2021-03-09;1664;191;35319;16844;6.3;3.0
51;2021-03-10;1994;105;37313;16949;6.6;3.0
51;2021-03-11;2370;169;39683;17118;7.0;3.0
51;2021-03-12;3253;157;42936;17275;7.6;3.1
51;2021-03-13;2550;51;45486;17326;8.1;3.1
51;2021-03-14;190;5;45676;17331;8.1;3.1
51;2021-03-15;1580;150;47256;17481;8.4;3.1
51;2021-03-16;1479;184;48735;17665;8.6;3.1
51;2021-03-17;1497;208;50232;17873;8.9;3.2
51;2021-03-18;1615;286;51847;18159;9.2;3.2
51;2021-03-19;2311;301;54158;18460;9.6;3.3
51;2021-03-20;1662;216;55820;18676;9.9;3.3
51;2021-03-21;133;4;55953;18680;9.9;3.3
51;2021-03-22;1417;122;57370;18802;10.2;3.3
51;2021-03-23;2468;165;59838;18967;10.6;3.4
51;2021-03-24;2844;131;62682;19098;11.1;3.4
51;2021-03-25;3254;336;65936;19434;11.7;3.4
51;2021-03-26;3413;504;69349;19938;12.3;3.5
51;2021-03-27;1842;253;71191;20191;12.6;3.6
51;2021-03-28;213;3;71404;20194;12.7;3.6
51;2021-03-29;991;638;72395;20832;12.8;3.7
51;2021-03-30;1748;853;74143;21685;13.2;3.8
51;2021-03-31;1738;759;75881;22444;13.5;4.0
51;2021-04-01;2282;449;78163;22893;13.9;4.1
51;2021-04-02;2425;641;80588;23534;14.3;4.2
51;2021-04-03;1304;412;81892;23946;14.5;4.2
51;2021-04-04;106;2;81998;23948;14.5;4.2
51;2021-04-05;72;141;82070;24089;14.6;4.3
51;2021-04-06;763;1234;82833;25323;14.7;4.5
51;2021-04-07;1313;1410;84146;26733;14.9;4.7
51;2021-04-08;2206;1770;86352;28503;15.3;5.1
51;2021-04-09;2862;1731;89214;30234;15.8;5.4
51;2021-04-10;2218;497;91432;30731;16.2;5.5
51;2021-04-11;105;85;91537;30816;16.2;5.5
51;2021-04-12;1450;1343;92987;32159;16.5;5.7
51;2021-04-13;1936;1682;94923;33841;16.8;6.0
51;2021-04-14;2459;1556;97382;35397;17.3;6.3
51;2021-04-15;2855;1671;100237;37068;17.8;6.6
51;2021-04-16;3214;1595;103451;38663;18.3;6.9
51;2021-04-17;1965;774;105416;39437;18.7;7.0
51;2021-04-18;296;113;105712;39550;18.7;7.0
51;2021-04-19;1561;1162;107273;40712;19.0;7.2
51;2021-04-20;1794;1664;109067;42376;19.3;7.5
51;2021-04-21;2005;1743;111072;44119;19.7;7.8
51;2021-04-22;2407;1659;113479;45778;20.1;8.1
51;2021-04-23;2982;1829;116461;47607;20.7;8.4
51;2021-04-24;1750;953;118211;48560;21.0;8.6
51;2021-04-25;123;161;118334;48721;21.0;8.6
51;2021-04-26;1851;761;120185;49482;21.3;8.8
51;2021-04-27;2442;1234;122627;50716;21.7;9.0
51;2021-04-28;2552;1307;125179;52023;22.2;9.2
51;2021-04-29;2674;1464;127853;53487;22.7;9.5
51;2021-04-30;2976;1675;130829;55162;23.2;9.8
51;2021-05-01;1454;413;132283;55575;23.5;9.9
51;2021-05-02;107;99;132390;55674;23.5;9.9
51;2021-05-03;2484;765;134874;56439;23.9;10.0
51;2021-05-04;2788;1356;137662;57795;24.4;10.3
51;2021-05-05;2860;1638;140522;59433;24.9;10.5
51;2021-05-06;5344;1950;145866;61383;25.9;10.9
51;2021-05-07;3704;1938;149570;63321;26.5;11.2
51;2021-05-08;2861;819;152431;64140;27.0;11.4
51;2021-05-09;211;92;152642;64232;27.1;11.4
51;2021-05-10;3215;1865;155857;66097;27.6;11.7
51;2021-05-11;3640;2042;159497;68139;28.3;12.1
51;2021-05-12;4184;2237;163681;70376;29.0;12.5
51;2021-05-13;1778;505;165459;70881;29.3;12.6
51;2021-05-14;5402;1748;170861;72629;30.3;12.9
51;2021-05-15;4229;1355;175090;73984;31.1;13.1
51;2021-05-16;284;46;175374;74030;31.1;13.1
51;2021-05-17;3133;1528;178507;75558;31.7;13.4
51;2021-05-18;3918;1770;182425;77328;32.4;13.7
51;2021-05-19;4031;1733;186456;79061;33.1;14.0
51;2021-05-20;4650;1967;191106;81028;33.9;14.4
51;2021-05-21;3597;2484;194703;83512;34.5;14.8
51;2021-05-22;2076;1548;196779;85060;34.9;15.1
51;2021-05-23;308;210;197087;85270;35.0;15.1
51;2021-05-24;2019;717;199106;85987;35.3;15.3
51;2021-05-25;3130;1829;202236;87816;35.9;15.6
51;2021-05-26;3298;1716;205534;89532;36.5;15.9
51;2021-05-27;3268;2063;208802;91595;37.0;16.2
51;2021-05-28;3607;2825;212409;94420;37.7;16.7
51;2021-05-29;2402;1996;214811;96416;38.1;17.1
51;2021-05-30;401;133;215212;96549;38.2;17.1
51;2021-05-31;3350;1785;218562;98334;38.8;17.4
51;2021-06-01;3855;2333;222417;100667;39.4;17.9
51;2021-06-02;6098;2327;228515;102994;40.5;18.3
51;2021-06-03;3582;2429;232097;105423;41.2;18.7
51;2021-06-04;6345;2944;238442;108367;42.3;19.2
51;2021-06-05;2599;1818;241041;110185;42.8;19.5
51;2021-06-06;172;157;241213;110342;42.8;19.6
51;2021-06-07;4303;2165;245516;112507;43.5;20.0
51;2021-06-08;3925;2533;249441;115040;44.2;20.4
51;2021-06-09;4018;2751;253459;117791;45.0;20.9
51;2021-06-10;3208;2488;256667;120279;45.5;21.3
51;2021-06-11;3358;3429;260025;123708;46.1;21.9
51;2021-06-12;2166;2171;262191;125879;46.5;22.3
51;2021-06-13;191;149;262382;126028;46.5;22.4
51;2021-06-14;1627;3333;264009;129361;46.8;22.9
51;2021-06-15;3191;3577;267200;132938;47.4;23.6
51;2021-06-16;2208;3685;269408;136623;47.8;24.2
51;2021-06-17;2609;5405;272017;142028;48.2;25.2
51;2021-06-18;2357;5211;274374;147239;48.7;26.1
51;2021-06-19;1683;4426;276057;151665;49.0;26.9
51;2021-06-20;184;228;276241;151893;49.0;26.9
51;2021-06-21;1231;4441;277472;156334;49.2;27.7
51;2021-06-22;1558;4043;279030;160377;49.5;28.4
51;2021-06-23;3670;4239;282700;164616;50.1;29.2
51;2021-06-24;2246;3227;284946;167843;50.5;29.8
51;2021-06-25;1907;6525;286853;174368;50.9;30.9
51;2021-06-26;1204;5067;288057;179435;51.1;31.8
51;2021-06-27;103;336;288160;179771;51.1;31.9
51;2021-06-28;1401;4414;289561;184185;51.4;32.7
51;2021-06-29;1173;4463;290734;188648;51.6;33.5
51;2021-06-30;1687;6044;292421;194692;51.9;34.5
51;2021-07-01;1978;3767;294399;198459;52.2;35.2
51;2021-07-02;1836;6891;296235;205350;52.5;36.4
51;2021-07-03;1003;3198;297238;208548;52.7;37.0
51;2021-07-04;171;254;297409;208802;52.7;37.0
51;2021-07-05;768;5528;298177;214330;52.9;38.0
51;2021-07-06;1247;4782;299424;219112;53.1;38.9
51;2021-07-07;1615;4939;301039;224051;53.4;39.7
51;2021-07-08;2068;3431;303107;227482;53.8;40.3
51;2021-07-09;1855;5056;304962;232538;54.1;41.2
51;2021-07-10;1235;3205;306197;235743;54.3;41.8
51;2021-07-11;191;281;306388;236024;54.3;41.9
51;2021-07-12;994;4377;307382;240401;54.5;42.6
51;2021-07-13;1480;4773;308862;245174;54.8;43.5
51;2021-07-14;1070;1690;309932;246864;55.0;43.8
51;2021-07-15;2937;4912;312869;251776;55.5;44.7
51;2021-07-16;2364;5274;315233;257050;55.9;45.6
51;2021-07-17;1821;3483;317054;260533;56.2;46.2
51;2021-07-18;163;330;317217;260863;56.3;46.3
51;2021-07-19;1892;3979;319109;264842;56.6;47.0
51;2021-07-20;2584;5140;321693;269982;57.1;47.9
51;2021-07-21;3615;4069;325308;274051;57.7;48.6
51;2021-07-22;4413;3758;329721;277809;58.5;49.3
51;2021-07-23;3643;4382;333364;282191;59.1;50.0
51;2021-07-24;2086;2722;335450;284913;59.5;50.5
51;2021-07-25;356;257;335806;285170;59.6;50.6
51;2021-07-26;3115;2811;338921;287981;60.1;51.1
51;2021-07-27;5847;3273;344768;291254;61.1;51.7
51;2021-07-28;4137;4319;348905;295573;61.9;52.4
51;2021-07-29;4697;2721;353602;298294;62.7;52.9
51;2021-07-30;3621;3157;357223;301451;63.4;53.5
51;2021-07-31;2528;2131;359751;303582;63.8;53.8
51;2021-08-01;375;236;360126;303818;63.9;53.9
51;2021-08-02;3283;2310;363409;306128;64.5;54.3
51;2021-08-03;3776;1911;367185;308039;65.1;54.6
51;2021-08-04;4455;2124;371640;310163;65.9;55.0
51;2021-08-05;2652;1537;374292;311700;66.4;55.3
51;2021-08-06;3043;2551;377335;314251;66.9;55.7
51;2021-08-07;2160;1695;379495;315946;67.3;56.0
51;2021-08-08;366;209;379861;316155;67.4;56.1
51;2021-08-09;2600;1849;382461;318004;67.8;56.4
51;2021-08-10;2369;1981;384830;319985;68.3;56.8
51;2021-08-11;2913;2339;387743;322324;68.8;57.2
51;2021-08-12;1750;1948;389493;324272;69.1;57.5
51;2021-08-13;2029;2673;391522;326945;69.4;58.0
51;2021-08-14;1578;2038;393100;328983;69.7;58.3
51;2021-08-15;147;148;393247;329131;69.7;58.4
51;2021-08-16;1346;3020;394593;332151;70.0;58.9
51;2021-08-17;1541;3278;396134;335429;70.3;59.5
51;2021-08-18;1894;3686;398028;339115;70.6;60.1
51;2021-08-19;1399;2546;399427;341661;70.8;60.6
51;2021-08-20;1695;3969;401122;345630;71.1;61.3
51;2021-08-21;984;2496;402106;348126;71.3;61.7
51;2021-08-22;101;342;402207;348468;71.3;61.8
51;2021-08-23;1105;3603;403312;352071;71.5;62.4
51;2021-08-24;1165;3640;404477;355711;71.7;63.1
51;2021-08-25;1305;4482;405782;360193;72.0;63.9
51;2021-08-26;1052;2543;406834;362736;72.2;64.3
51;2021-08-27;1209;4176;408043;366912;72.4;65.1
51;2021-08-28;649;2627;408692;369539;72.5;65.5
51;2021-08-29;81;358;408773;369897;72.5;65.6
51;2021-08-30;1329;4824;410102;374721;72.7;66.5
51;2021-08-31;777;3009;410879;377730;72.9;67.0
51;2021-09-01;737;3368;411616;381098;73.0;67.6
51;2021-09-02;790;2211;412406;383309;73.1;68.0
52;2020-12-27;0;0;0;0;0.0;0.0
52;2020-12-28;1;0;1;0;0.0;0.0
52;2020-12-29;0;0;1;0;0.0;0.0
52;2020-12-30;0;0;1;0;0.0;0.0
52;2020-12-31;0;0;1;0;0.0;0.0
52;2021-01-01;0;0;1;0;0.0;0.0
52;2021-01-02;1;0;2;0;0.0;0.0
52;2021-01-03;0;0;2;0;0.0;0.0
52;2021-01-04;0;0;2;0;0.0;0.0
52;2021-01-05;0;0;2;0;0.0;0.0
52;2021-01-06;2;0;4;0;0.0;0.0
52;2021-01-07;0;0;4;0;0.0;0.0
52;2021-01-08;201;1;205;1;0.1;0.0
52;2021-01-09;93;0;298;1;0.2;0.0
52;2021-01-10;0;0;298;1;0.2;0.0
52;2021-01-11;207;0;505;1;0.3;0.0
52;2021-01-12;171;0;676;1;0.4;0.0
52;2021-01-13;562;2;1238;3;0.7;0.0
52;2021-01-14;677;10;1915;13;1.1;0.0
52;2021-01-15;411;1;2326;14;1.4;0.0
52;2021-01-16;16;1;2342;15;1.4;0.0
52;2021-01-17;0;0;2342;15;1.4;0.0
52;2021-01-18;427;0;2769;15;1.6;0.0
52;2021-01-19;439;0;3208;15;1.9;0.0
52;2021-01-20;420;0;3628;15;2.1;0.0
52;2021-01-21;424;1;4052;16;2.4;0.0
52;2021-01-22;321;2;4373;18;2.6;0.0
52;2021-01-23;73;1;4446;19;2.6;0.0
52;2021-01-24;0;0;4446;19;2.6;0.0
52;2021-01-25;235;0;4681;19;2.8;0.0
52;2021-01-26;307;0;4988;19;2.9;0.0
52;2021-01-27;238;1;5226;20;3.1;0.0
52;2021-01-28;174;4;5400;24;3.2;0.0
52;2021-01-29;74;123;5474;147;3.2;0.1
52;2021-01-30;91;95;5565;242;3.3;0.1
52;2021-01-31;0;0;5565;242;3.3;0.1
52;2021-02-01;117;186;5682;428;3.4;0.3
52;2021-02-02;61;176;5743;604;3.4;0.4
52;2021-02-03;90;408;5833;1012;3.4;0.6
52;2021-02-04;231;591;6064;1603;3.6;0.9
52;2021-02-05;113;496;6177;2099;3.6;1.2
52;2021-02-06;22;0;6199;2099;3.7;1.2
52;2021-02-07;0;1;6199;2100;3.7;1.2
52;2021-02-08;34;200;6233;2300;3.7;1.4
52;2021-02-09;47;204;6280;2504;3.7;1.5
52;2021-02-10;88;180;6368;2684;3.8;1.6
52;2021-02-11;129;143;6497;2827;3.8;1.7
52;2021-02-12;187;126;6684;2953;3.9;1.7
52;2021-02-13;5;1;6689;2954;4.0;1.7
52;2021-02-14;0;16;6689;2970;4.0;1.8
52;2021-02-15;79;267;6768;3237;4.0;1.9
52;2021-02-16;50;342;6818;3579;4.0;2.1
52;2021-02-17;37;304;6855;3883;4.1;2.3
52;2021-02-18;82;269;6937;4152;4.1;2.5
52;2021-02-19;51;188;6988;4340;4.1;2.6
52;2021-02-20;14;102;7002;4442;4.1;2.6
52;2021-02-21;0;0;7002;4442;4.1;2.6
52;2021-02-22;42;377;7044;4819;4.2;2.8
52;2021-02-23;57;275;7101;5094;4.2;3.0
52;2021-02-24;81;240;7182;5334;4.2;3.2
52;2021-02-25;161;235;7343;5569;4.3;3.3
52;2021-02-26;296;182;7639;5751;4.5;3.4
52;2021-02-27;149;49;7788;5800;4.6;3.4
52;2021-02-28;0;0;7788;5800;4.6;3.4
52;2021-03-01;163;13;7951;5813;4.7;3.4
52;2021-03-02;199;50;8150;5863;4.8;3.5
52;2021-03-03;356;36;8506;5899;5.0;3.5
52;2021-03-04;379;58;8885;5957;5.2;3.5
52;2021-03-05;531;53;9416;6010;5.6;3.6
52;2021-03-06;409;36;9825;6046;5.8;3.6
52;2021-03-07;0;0;9825;6046;5.8;3.6
52;2021-03-08;398;111;10223;6157;6.0;3.6
52;2021-03-09;549;109;10772;6266;6.4;3.7
52;2021-03-10;308;109;11080;6375;6.5;3.8
52;2021-03-11;587;35;11667;6410;6.9;3.8
52;2021-03-12;584;67;12251;6477;7.2;3.8
52;2021-03-13;492;9;12743;6486;7.5;3.8
52;2021-03-14;15;3;12758;6489;7.5;3.8
52;2021-03-15;318;27;13076;6516;7.7;3.8
52;2021-03-16;203;15;13279;6531;7.8;3.9
52;2021-03-17;367;13;13646;6544;8.1;3.9
52;2021-03-18;442;9;14088;6553;8.3;3.9
52;2021-03-19;452;54;14540;6607;8.6;3.9
52;2021-03-20;259;12;14799;6619;8.7;3.9
52;2021-03-21;15;1;14814;6620;8.8;3.9
52;2021-03-22;375;49;15189;6669;9.0;3.9
52;2021-03-23;686;89;15875;6758;9.4;4.0
52;2021-03-24;771;71;16646;6829;9.8;4.0
52;2021-03-25;1141;88;17787;6917;10.5;4.1
52;2021-03-26;1037;139;18824;7056;11.1;4.2
52;2021-03-27;477;76;19301;7132;11.4;4.2
52;2021-03-28;53;0;19354;7132;11.4;4.2
52;2021-03-29;506;184;19860;7316;11.7;4.3
52;2021-03-30;870;297;20730;7613;12.2;4.5
52;2021-03-31;956;292;21686;7905;12.8;4.7
52;2021-04-01;1145;184;22831;8089;13.5;4.8
52;2021-04-02;958;110;23789;8199;14.1;4.8
52;2021-04-03;461;3;24250;8202;14.3;4.8
52;2021-04-04;1;1;24251;8203;14.3;4.8
52;2021-04-05;1;0;24252;8203;14.3;4.8
52;2021-04-06;433;296;24685;8499;14.6;5.0
52;2021-04-07;506;450;25191;8949;14.9;5.3
52;2021-04-08;860;210;26051;9159;15.4;5.4
52;2021-04-09;1059;130;27110;9289;16.0;5.5
52;2021-04-10;852;102;27962;9391;16.5;5.5
52;2021-04-11;96;1;28058;9392;16.6;5.5
52;2021-04-12;932;277;28990;9669;17.1;5.7
52;2021-04-13;1251;378;30241;10047;17.9;5.9
52;2021-04-14;1345;456;31586;10503;18.7;6.2
52;2021-04-15;1506;439;33092;10942;19.6;6.5
52;2021-04-16;1574;364;34666;11306;20.5;6.7
52;2021-04-17;1311;131;35977;11437;21.3;6.8
52;2021-04-18;510;29;36487;11466;21.6;6.8
52;2021-04-19;697;611;37184;12077;22.0;7.1
52;2021-04-20;1080;677;38264;12754;22.6;7.5
52;2021-04-21;1060;675;39324;13429;23.2;7.9
52;2021-04-22;1468;735;40792;14164;24.1;8.4
52;2021-04-23;1253;667;42045;14831;24.8;8.8
52;2021-04-24;477;293;42522;15124;25.1;8.9
52;2021-04-25;3;77;42525;15201;25.1;9.0
52;2021-04-26;632;560;43157;15761;25.5;9.3
52;2021-04-27;933;671;44090;16432;26.1;9.7
52;2021-04-28;1442;565;45532;16997;26.9;10.0
52;2021-04-29;1452;581;46984;17578;27.8;10.4
52;2021-04-30;1316;610;48300;18188;28.5;10.7
52;2021-05-01;8;232;48308;18420;28.5;10.9
52;2021-05-02;0;1;48308;18421;28.5;10.9
52;2021-05-03;1159;628;49467;19049;29.2;11.3
52;2021-05-04;1445;720;50912;19769;30.1;11.7
52;2021-05-05;1768;647;52680;20416;31.1;12.1
52;2021-05-06;1963;536;54643;20952;32.3;12.4
52;2021-05-07;1442;1170;56085;22122;33.1;13.1
52;2021-05-08;589;318;56674;22440;33.5;13.3
52;2021-05-09;1;47;56675;22487;33.5;13.3
52;2021-05-10;793;1101;57468;23588;34.0;13.9
52;2021-05-11;868;1394;58336;24982;34.5;14.8
52;2021-05-12;1207;1382;59543;26364;35.2;15.6
52;2021-05-13;67;184;59610;26548;35.2;15.7
52;2021-05-14;1185;1366;60795;27914;35.9;16.5
52;2021-05-15;491;929;61286;28843;36.2;17.0
52;2021-05-16;8;43;61294;28886;36.2;17.1
52;2021-05-17;1144;705;62438;29591;36.9;17.5
52;2021-05-18;1217;677;63655;30268;37.6;17.9
52;2021-05-19;1542;415;65197;30683;38.5;18.1
52;2021-05-20;1546;421;66743;31104;39.4;18.4
52;2021-05-21;1625;614;68368;31718;40.4;18.7
52;2021-05-22;1089;209;69457;31927;41.0;18.9
52;2021-05-23;1;0;69458;31927;41.0;18.9
52;2021-05-24;405;33;69863;31960;41.3;18.9
52;2021-05-25;1351;385;71214;32345;42.1;19.1
52;2021-05-26;1479;672;72693;33017;43.0;19.5
52;2021-05-27;1565;788;74258;33805;43.9;20.0
52;2021-05-28;1493;672;75751;34477;44.8;20.4
52;2021-05-29;696;834;76447;35311;45.2;20.9
52;2021-05-30;16;550;76463;35861;45.2;21.2
52;2021-05-31;824;830;77287;36691;45.7;21.7
52;2021-06-01;956;816;78243;37507;46.2;22.2
52;2021-06-02;896;754;79139;38261;46.8;22.6
52;2021-06-03;825;825;79964;39086;47.2;23.1
52;2021-06-04;883;1340;80847;40426;47.8;23.9
52;2021-06-05;581;637;81428;41063;48.1;24.3
52;2021-06-06;27;55;81455;41118;48.1;24.3
52;2021-06-07;359;931;81814;42049;48.3;24.8
52;2021-06-08;556;1469;82370;43518;48.7;25.7
52;2021-06-09;612;1474;82982;44992;49.0;26.6
52;2021-06-10;794;1158;83776;46150;49.5;27.3
52;2021-06-11;830;1349;84606;47499;50.0;28.1
52;2021-06-12;422;586;85028;48085;50.2;28.4
52;2021-06-13;2;6;85030;48091;50.2;28.4
52;2021-06-14;171;1413;85201;49504;50.3;29.2
52;2021-06-15;221;1809;85422;51313;50.5;30.3
52;2021-06-16;351;1996;85773;53309;50.7;31.5
52;2021-06-17;265;1155;86038;54464;50.8;32.2
52;2021-06-18;308;1553;86346;56017;51.0;33.1
52;2021-06-19;502;690;86848;56707;51.3;33.5
52;2021-06-20;1;17;86849;56724;51.3;33.5
52;2021-06-21;522;897;87371;57621;51.6;34.0
52;2021-06-22;503;1048;87874;58669;51.9;34.7
52;2021-06-23;563;1043;88437;59712;52.3;35.3
52;2021-06-24;610;715;89047;60427;52.6;35.7
52;2021-06-25;661;1313;89708;61740;53.0;36.5
52;2021-06-26;264;722;89972;62462;53.2;36.9
52;2021-06-27;1;8;89973;62470;53.2;36.9
52;2021-06-28;185;1443;90158;63913;53.3;37.8
52;2021-06-29;164;1414;90322;65327;53.4;38.6
52;2021-06-30;219;1468;90541;66795;53.5;39.5
52;2021-07-01;320;1022;90861;67817;53.7;40.1
52;2021-07-02;430;1455;91291;69272;53.9;40.9
52;2021-07-03;302;1147;91593;70419;54.1;41.6
52;2021-07-04;0;11;91593;70430;54.1;41.6
52;2021-07-05;173;1448;91766;71878;54.2;42.5
52;2021-07-06;284;1449;92050;73327;54.4;43.3
52;2021-07-07;309;1165;92359;74492;54.6;44.0
52;2021-07-08;473;1165;92832;75657;54.8;44.7
52;2021-07-09;288;1620;93120;77277;55.0;45.7
52;2021-07-10;155;822;93275;78099;55.1;46.1
52;2021-07-11;13;12;93288;78111;55.1;46.2
52;2021-07-12;300;1466;93588;79577;55.3;47.0
52;2021-07-13;590;1368;94178;80945;55.6;47.8
52;2021-07-14;437;152;94615;81097;55.9;47.9
52;2021-07-15;614;1429;95229;82526;56.3;48.8
52;2021-07-16;900;1336;96129;83862;56.8;49.5
52;2021-07-17;530;342;96659;84204;57.1;49.8
52;2021-07-18;3;12;96662;84216;57.1;49.8
52;2021-07-19;690;986;97352;85202;57.5;50.3
52;2021-07-20;1110;832;98462;86034;58.2;50.8
52;2021-07-21;1161;738;99623;86772;58.9;51.3
52;2021-07-22;1446;866;101069;87638;59.7;51.8
52;2021-07-23;1397;956;102466;88594;60.5;52.3
52;2021-07-24;873;486;103339;89080;61.1;52.6
52;2021-07-25;22;21;103361;89101;61.1;52.6
52;2021-07-26;1009;614;104370;89715;61.7;53.0
52;2021-07-27;1342;655;105712;90370;62.5;53.4
52;2021-07-28;1380;642;107092;91012;63.3;53.8
52;2021-07-29;1262;622;108354;91634;64.0;54.1
52;2021-07-30;1365;709;109719;92343;64.8;54.6
52;2021-07-31;873;549;110592;92892;65.3;54.9
52;2021-08-01;1;14;110593;92906;65.3;54.9
52;2021-08-02;1180;561;111773;93467;66.0;55.2
52;2021-08-03;1359;538;113132;94005;66.8;55.5
52;2021-08-04;1150;581;114282;94586;67.5;55.9
52;2021-08-05;1021;575;115303;95161;68.1;56.2
52;2021-08-06;1052;700;116355;95861;68.7;56.6
52;2021-08-07;517;420;116872;96281;69.1;56.9
52;2021-08-08;0;6;116872;96287;69.1;56.9
52;2021-08-09;467;870;117339;97157;69.3;57.4
52;2021-08-10;715;749;118054;97906;69.8;57.8
52;2021-08-11;532;836;118586;98742;70.1;58.3
52;2021-08-12;618;750;119204;99492;70.4;58.8
52;2021-08-13;404;1027;119608;100519;70.7;59.4
52;2021-08-14;417;360;120025;100879;70.9;59.6
52;2021-08-15;12;13;120037;100892;70.9;59.6
52;2021-08-16;325;938;120362;101830;71.1;60.2
52;2021-08-17;406;910;120768;102740;71.4;60.7
52;2021-08-18;474;944;121242;103684;71.6;61.3
52;2021-08-19;456;835;121698;104519;71.9;61.8
52;2021-08-20;384;1210;122082;105729;72.1;62.5
52;2021-08-21;394;603;122476;106332;72.4;62.8
52;2021-08-22;4;11;122480;106343;72.4;62.8
52;2021-08-23;426;1056;122906;107399;72.6;63.5
52;2021-08-24;297;1077;123203;108476;72.8;64.1
52;2021-08-25;250;1061;123453;109537;72.9;64.7
52;2021-08-26;296;915;123749;110452;73.1;65.3
52;2021-08-27;426;1276;124175;111728;73.4;66.0
52;2021-08-28;243;495;124418;112223;73.5;66.3
52;2021-08-29;3;25;124421;112248;73.5;66.3
52;2021-08-30;203;998;124624;113246;73.6;66.9
52;2021-08-31;205;1055;124829;114301;73.8;67.5
52;2021-09-01;180;1067;125009;115368;73.9;68.2
52;2021-09-02;194;761;125203;116129;74.0;68.6
53;2020-12-27;0;0;0;0;0.0;0.0
53;2020-12-28;0;0;0;0;0.0;0.0
53;2020-12-29;0;0;0;0;0.0;0.0
53;2020-12-30;0;0;0;0;0.0;0.0
53;2020-12-31;0;0;0;0;0.0;0.0
53;2021-01-01;0;0;0;0;0.0;0.0
53;2021-01-02;0;0;0;0;0.0;0.0
53;2021-01-03;0;0;0;0;0.0;0.0
53;2021-01-04;1;0;1;0;0.0;0.0
53;2021-01-05;0;0;1;0;0.0;0.0
53;2021-01-06;0;0;1;0;0.0;0.0
53;2021-01-07;102;0;103;0;0.0;0.0
53;2021-01-08;284;1;387;1;0.1;0.0
53;2021-01-09;134;1;521;2;0.2;0.0
53;2021-01-10;15;0;536;2;0.2;0.0
53;2021-01-11;176;0;712;2;0.2;0.0
53;2021-01-12;454;1;1166;3;0.4;0.0
53;2021-01-13;253;0;1419;3;0.5;0.0
53;2021-01-14;290;7;1709;10;0.6;0.0
53;2021-01-15;343;4;2052;14;0.7;0.0
53;2021-01-16;61;0;2113;14;0.7;0.0
53;2021-01-17;24;1;2137;15;0.7;0.0
53;2021-01-18;364;0;2501;15;0.8;0.0
53;2021-01-19;594;0;3095;15;1.0;0.0
53;2021-01-20;742;0;3837;15;1.3;0.0
53;2021-01-21;769;2;4606;17;1.5;0.0
53;2021-01-22;705;2;5311;19;1.7;0.0
53;2021-01-23;160;0;5471;19;1.8;0.0
53;2021-01-24;6;0;5477;19;1.8;0.0
53;2021-01-25;550;0;6027;19;2.0;0.0
53;2021-01-26;1198;6;7225;25;2.4;0.0
53;2021-01-27;696;6;7921;31;2.6;0.0
53;2021-01-28;737;94;8658;125;2.8;0.0
53;2021-01-29;422;184;9080;309;3.0;0.1
53;2021-01-30;129;0;9209;309;3.0;0.1
53;2021-01-31;0;0;9209;309;3.0;0.1
53;2021-02-01;298;148;9507;457;3.1;0.1
53;2021-02-02;309;227;9816;684;3.2;0.2
53;2021-02-03;227;373;10043;1057;3.3;0.3
53;2021-02-04;184;328;10227;1385;3.3;0.5
53;2021-02-05;234;301;10461;1686;3.4;0.6
53;2021-02-06;153;23;10614;1709;3.5;0.6
53;2021-02-07;0;0;10614;1709;3.5;0.6
53;2021-02-08;168;103;10782;1812;3.5;0.6
53;2021-02-09;369;213;11151;2025;3.7;0.7
53;2021-02-10;266;428;11417;2453;3.7;0.8
53;2021-02-11;432;481;11849;2934;3.9;1.0
53;2021-02-12;318;567;12167;3501;4.0;1.1
53;2021-02-13;96;63;12263;3564;4.0;1.2
53;2021-02-14;0;99;12263;3663;4.0;1.2
53;2021-02-15;239;412;12502;4075;4.1;1.3
53;2021-02-16;528;816;13030;4891;4.3;1.6
53;2021-02-17;391;595;13421;5486;4.4;1.8
53;2021-02-18;547;558;13968;6044;4.6;2.0
53;2021-02-19;895;407;14863;6451;4.9;2.1
53;2021-02-20;139;106;15002;6557;4.9;2.1
53;2021-02-21;1;20;15003;6577;4.9;2.2
53;2021-02-22;161;555;15164;7132;5.0;2.3
53;2021-02-23;59;627;15223;7759;5.0;2.5
53;2021-02-24;137;498;15360;8257;5.0;2.7
53;2021-02-25;457;352;15817;8609;5.2;2.8
53;2021-02-26;438;255;16255;8864;5.3;2.9
53;2021-02-27;86;112;16341;8976;5.4;2.9
53;2021-02-28;0;0;16341;8976;5.4;2.9
53;2021-03-01;230;273;16571;9249;5.4;3.0
53;2021-03-02;246;253;16817;9502;5.5;3.1
53;2021-03-03;321;391;17138;9893;5.6;3.2
53;2021-03-04;860;343;17998;10236;5.9;3.4
53;2021-03-05;659;279;18657;10515;6.1;3.4
53;2021-03-06;447;210;19104;10725;6.3;3.5
53;2021-03-07;276;5;19380;10730;6.3;3.5
53;2021-03-08;375;179;19755;10909;6.5;3.6
53;2021-03-09;878;246;20633;11155;6.8;3.7
53;2021-03-10;807;109;21440;11264;7.0;3.7
53;2021-03-11;1247;227;22687;11491;7.4;3.8
53;2021-03-12;1603;147;24290;11638;8.0;3.8
53;2021-03-13;824;12;25114;11650;8.2;3.8
53;2021-03-14;1;0;25115;11650;8.2;3.8
53;2021-03-15;1002;299;26117;11949;8.6;3.9
53;2021-03-16;1035;331;27152;12280;8.9;4.0
53;2021-03-17;685;259;27837;12539;9.1;4.1
53;2021-03-18;972;345;28809;12884;9.4;4.2
53;2021-03-19;1344;599;30153;13483;9.9;4.4
53;2021-03-20;592;17;30745;13500;10.1;4.4
53;2021-03-21;3;0;30748;13500;10.1;4.4
53;2021-03-22;1213;157;31961;13657;10.5;4.5
53;2021-03-23;1698;71;33659;13728;11.0;4.5
53;2021-03-24;1323;118;34982;13846;11.5;4.5
53;2021-03-25;2323;236;37305;14082;12.2;4.6
53;2021-03-26;1884;150;39189;14232;12.8;4.7
53;2021-03-27;339;3;39528;14235;12.9;4.7
53;2021-03-28;2;0;39530;14235;12.9;4.7
53;2021-03-29;1474;213;41004;14448;13.4;4.7
53;2021-03-30;1944;201;42948;14649;14.1;4.8
53;2021-03-31;1791;223;44739;14872;14.7;4.9
53;2021-04-01;1947;672;46686;15544;15.3;5.1
53;2021-04-02;2075;227;48761;15771;16.0;5.2
53;2021-04-03;414;1;49175;15772;16.1;5.2
53;2021-04-04;10;0;49185;15772;16.1;5.2
53;2021-04-05;9;15;49194;15787;16.1;5.2
53;2021-04-06;1304;502;50498;16289;16.5;5.3
53;2021-04-07;1176;925;51674;17214;16.9;5.6
53;2021-04-08;1663;1006;53337;18220;17.5;6.0
53;2021-04-09;1958;405;55295;18625;18.1;6.1
53;2021-04-10;543;13;55838;18638;18.3;6.1
53;2021-04-11;12;0;55850;18638;18.3;6.1
53;2021-04-12;694;1067;56544;19705;18.5;6.5
53;2021-04-13;1470;1108;58014;20813;19.0;6.8
53;2021-04-14;1024;737;59038;21550;19.3;7.1
53;2021-04-15;1158;1107;60196;22657;19.7;7.4
53;2021-04-16;1271;816;61467;23473;20.1;7.7
53;2021-04-17;281;274;61748;23747;20.2;7.8
53;2021-04-18;0;0;61748;23747;20.2;7.8
53;2021-04-19;681;1068;62429;24815;20.4;8.1
53;2021-04-20;936;1452;63365;26267;20.8;8.6
53;2021-04-21;851;1011;64216;27278;21.0;8.9
53;2021-04-22;1046;1612;65262;28890;21.4;9.5
53;2021-04-23;1328;1053;66590;29943;21.8;9.8
53;2021-04-24;68;7;66658;29950;21.8;9.8
53;2021-04-25;6;39;66664;29989;21.8;9.8
53;2021-04-26;368;1238;67032;31227;22.0;10.2
53;2021-04-27;724;1972;67756;33199;22.2;10.9
53;2021-04-28;978;1394;68734;34593;22.5;11.3
53;2021-04-29;1051;1712;69785;36305;22.9;11.9
53;2021-04-30;1367;1314;71152;37619;23.3;12.3
53;2021-05-01;36;50;71188;37669;23.3;12.3
53;2021-05-02;0;0;71188;37669;23.3;12.3
53;2021-05-03;1570;708;72758;38377;23.8;12.6
53;2021-05-04;1304;1443;74062;39820;24.3;13.0
53;2021-05-05;1611;827;75673;40647;24.8;13.3
53;2021-05-06;1391;1400;77064;42047;25.2;13.8
53;2021-05-07;1538;1302;78602;43349;25.7;14.2
53;2021-05-08;939;36;79541;43385;26.0;14.2
53;2021-05-09;11;2;79552;43387;26.1;14.2
53;2021-05-10;2416;815;81968;44202;26.8;14.5
53;2021-05-11;3097;1285;85065;45487;27.9;14.9
53;2021-05-12;2750;1093;87815;46580;28.8;15.3
53;2021-05-13;350;27;88165;46607;28.9;15.3
53;2021-05-14;2021;679;90186;47286;29.5;15.5
53;2021-05-15;1058;64;91244;47350;29.9;15.5
53;2021-05-16;3;0;91247;47350;29.9;15.5
53;2021-05-17;1701;1196;92948;48546;30.4;15.9
53;2021-05-18;1881;1551;94829;50097;31.1;16.4
53;2021-05-19;2303;745;97132;50842;31.8;16.6
53;2021-05-20;3217;867;100349;51709;32.9;16.9
53;2021-05-21;2798;829;103147;52538;33.8;17.2
53;2021-05-22;21;60;103168;52598;33.8;17.2
53;2021-05-23;0;0;103168;52598;33.8;17.2
53;2021-05-24;8;6;103176;52604;33.8;17.2
53;2021-05-25;1819;802;104995;53406;34.4;17.5
53;2021-05-26;1852;904;106847;54310;35.0;17.8
53;2021-05-27;3073;1078;109920;55388;36.0;18.1
53;2021-05-28;2562;879;112482;56267;36.8;18.4
53;2021-05-29;846;244;113328;56511;37.1;18.5
53;2021-05-30;18;6;113346;56517;37.1;18.5
53;2021-05-31;2564;803;115910;57320;38.0;18.8
53;2021-06-01;3490;1259;119400;58579;39.1;19.2
53;2021-06-02;3183;526;122583;59105;40.1;19.4
53;2021-06-03;4198;788;126781;59893;41.5;19.6
53;2021-06-04;3180;1266;129961;61159;42.6;20.0
53;2021-06-05;137;245;130098;61404;42.6;20.1
53;2021-06-06;1;4;130099;61408;42.6;20.1
53;2021-06-07;2629;923;132728;62331;43.5;20.4
53;2021-06-08;3589;1130;136317;63461;44.6;20.8
53;2021-06-09;2454;942;138771;64403;45.4;21.1
53;2021-06-10;3521;849;142292;65252;46.6;21.4
53;2021-06-11;2966;1214;145258;66466;47.6;21.8
53;2021-06-12;108;138;145366;66604;47.6;21.8
53;2021-06-13;10;2;145376;66606;47.6;21.8
53;2021-06-14;1600;1789;146976;68395;48.1;22.4
53;2021-06-15;1899;2264;148875;70659;48.8;23.1
53;2021-06-16;1826;1732;150701;72391;49.4;23.7
53;2021-06-17;3013;1650;153714;74041;50.3;24.2
53;2021-06-18;2702;1809;156416;75850;51.2;24.8
53;2021-06-19;762;1166;157178;77016;51.5;25.2
53;2021-06-20;3;479;157181;77495;51.5;25.4
53;2021-06-21;918;2526;158099;80021;51.8;26.2
53;2021-06-22;1299;3452;159398;83473;52.2;27.3
53;2021-06-23;1363;2892;160761;86365;52.6;28.3
53;2021-06-24;1802;2032;162563;88397;53.2;28.9
53;2021-06-25;1784;2045;164347;90442;53.8;29.6
53;2021-06-26;977;350;165324;90792;54.1;29.7
53;2021-06-27;8;8;165332;90800;54.1;29.7
53;2021-06-28;662;2901;165994;93701;54.4;30.7
53;2021-06-29;858;3647;166852;97348;54.6;31.9
53;2021-06-30;748;1518;167600;98866;54.9;32.4
53;2021-07-01;1507;2631;169107;101497;55.4;33.2
53;2021-07-02;1528;2026;170635;103523;55.9;33.9
53;2021-07-03;857;573;171492;104096;56.2;34.1
53;2021-07-04;0;4;171492;104100;56.2;34.1
53;2021-07-05;542;2060;172034;106160;56.3;34.8
53;2021-07-06;861;3616;172895;109776;56.6;35.9
53;2021-07-07;1024;2652;173919;112428;57.0;36.8
53;2021-07-08;1313;3118;175232;115546;57.4;37.8
53;2021-07-09;1131;3396;176363;118942;57.8;39.0
53;2021-07-10;422;1000;176785;119942;57.9;39.3
53;2021-07-11;12;20;176797;119962;57.9;39.3
53;2021-07-12;503;3708;177300;123670;58.1;40.5
53;2021-07-13;895;4764;178195;128434;58.4;42.1
53;2021-07-14;104;284;178299;128718;58.4;42.2
53;2021-07-15;1112;4347;179411;133065;58.8;43.6
53;2021-07-16;1248;3847;180659;136912;59.2;44.8
53;2021-07-17;1316;299;181975;137211;59.6;44.9
53;2021-07-18;27;20;182002;137231;59.6;44.9
53;2021-07-19;734;3428;182736;140659;59.8;46.1
53;2021-07-20;985;4124;183721;144783;60.2;47.4
53;2021-07-21;684;3276;184405;148059;60.4;48.5
53;2021-07-22;1512;3522;185917;151581;60.9;49.6
53;2021-07-23;1604;3762;187521;155343;61.4;50.9
53;2021-07-24;956;281;188477;155624;61.7;51.0
53;2021-07-25;60;24;188537;155648;61.7;51.0
53;2021-07-26;1727;1941;190264;157589;62.3;51.6
53;2021-07-27;2357;2822;192621;160411;63.1;52.5
53;2021-07-28;2145;2813;194766;163224;63.8;53.5
53;2021-07-29;2493;2545;197259;165769;64.6;54.3
53;2021-07-30;1828;2647;199087;168416;65.2;55.2
53;2021-07-31;626;231;199713;168647;65.4;55.2
53;2021-08-01;37;25;199750;168672;65.4;55.2
53;2021-08-02;2084;1730;201834;170402;66.1;55.8
53;2021-08-03;2411;1905;204245;172307;66.9;56.4
53;2021-08-04;2478;1859;206723;174166;67.7;57.0
53;2021-08-05;2866;1538;209589;175704;68.6;57.5
53;2021-08-06;2516;1719;212105;177423;69.5;58.1
53;2021-08-07;480;270;212585;177693;69.6;58.2
53;2021-08-08;6;19;212591;177712;69.6;58.2
53;2021-08-09;1838;1649;214429;179361;70.2;58.7
53;2021-08-10;2318;1748;216747;181109;71.0;59.3
53;2021-08-11;1679;861;218426;181970;71.5;59.6
53;2021-08-12;2001;983;220427;182953;72.2;59.9
53;2021-08-13;2036;1303;222463;184256;72.9;60.3
53;2021-08-14;66;63;222529;184319;72.9;60.4
53;2021-08-15;1;2;222530;184321;72.9;60.4
53;2021-08-16;1327;1596;223857;185917;73.3;60.9
53;2021-08-17;1546;1655;225403;187572;73.8;61.4
53;2021-08-18;1515;1602;226918;189174;74.3;62.0
53;2021-08-19;1372;1973;228290;191147;74.8;62.6
53;2021-08-20;1093;2081;229383;193228;75.1;63.3
53;2021-08-21;189;342;229572;193570;75.2;63.4
53;2021-08-22;0;0;229572;193570;75.2;63.4
53;2021-08-23;842;1910;230414;195480;75.5;64.0
53;2021-08-24;901;2114;231315;197594;75.8;64.7
53;2021-08-25;908;2272;232223;199866;76.0;65.5
53;2021-08-26;666;2611;232889;202477;76.3;66.3
53;2021-08-27;752;2642;233641;205119;76.5;67.2
53;2021-08-28;48;133;233689;205252;76.5;67.2
53;2021-08-29;11;31;233700;205283;76.5;67.2
53;2021-08-30;618;2104;234318;207387;76.7;67.9
53;2021-08-31;758;2917;235076;210304;77.0;68.9
53;2021-09-01;339;1635;235415;211939;77.1;69.4
53;2021-09-02;438;1821;235853;213760;77.2;70.0
54;2020-12-27;0;0;0;0;0.0;0.0
54;2020-12-28;1;0;1;0;0.0;0.0
54;2020-12-29;0;0;1;0;0.0;0.0
54;2020-12-30;0;0;1;0;0.0;0.0
54;2020-12-31;10;0;11;0;0.0;0.0
54;2021-01-01;0;0;11;0;0.0;0.0
54;2021-01-02;0;0;11;0;0.0;0.0
54;2021-01-03;1;0;12;0;0.0;0.0
54;2021-01-04;163;0;175;0;0.0;0.0
54;2021-01-05;395;0;570;0;0.1;0.0
54;2021-01-06;650;1;1220;1;0.2;0.0
54;2021-01-07;817;2;2037;3;0.3;0.0
54;2021-01-08;706;3;2743;6;0.4;0.0
54;2021-01-09;81;0;2824;6;0.4;0.0
54;2021-01-10;78;0;2902;6;0.4;0.0
54;2021-01-11;974;3;3876;9;0.5;0.0
54;2021-01-12;1181;1;5057;10;0.7;0.0
54;2021-01-13;2425;8;7482;18;1.0;0.0
54;2021-01-14;3400;30;10882;48;1.5;0.0
54;2021-01-15;2720;13;13602;61;1.9;0.0
54;2021-01-16;815;3;14417;64;2.0;0.0
54;2021-01-17;209;0;14626;64;2.0;0.0
54;2021-01-18;1557;6;16183;70;2.2;0.0
54;2021-01-19;1705;0;17888;70;2.4;0.0
54;2021-01-20;1525;4;19413;74;2.7;0.0
54;2021-01-21;1372;4;20785;78;2.8;0.0
54;2021-01-22;1092;8;21877;86;3.0;0.0
54;2021-01-23;478;1;22355;87;3.1;0.0
54;2021-01-24;66;0;22421;87;3.1;0.0
54;2021-01-25;946;30;23367;117;3.2;0.0
54;2021-01-26;142;5;23509;122;3.2;0.0
54;2021-01-27;12;155;23521;277;3.2;0.0
54;2021-01-28;32;221;23553;498;3.2;0.1
54;2021-01-29;18;269;23571;767;3.2;0.1
54;2021-01-30;7;0;23578;767;3.2;0.1
54;2021-01-31;1;0;23579;767;3.2;0.1
54;2021-02-01;13;769;23592;1536;3.2;0.2
54;2021-02-02;22;949;23614;2485;3.2;0.3
54;2021-02-03;363;1485;23977;3970;3.3;0.5
54;2021-02-04;739;2380;24716;6350;3.4;0.9
54;2021-02-05;797;1859;25513;8209;3.5;1.1
54;2021-02-06;204;319;25717;8528;3.5;1.2
54;2021-02-07;4;119;25721;8647;3.5;1.2
54;2021-02-08;117;962;25838;9609;3.5;1.3
54;2021-02-09;305;1040;26143;10649;3.6;1.5
54;2021-02-10;385;770;26528;11419;3.6;1.6
54;2021-02-11;294;785;26822;12204;3.7;1.7
54;2021-02-12;446;1247;27268;13451;3.7;1.8
54;2021-02-13;148;234;27416;13685;3.8;1.9
54;2021-02-14;9;11;27425;13696;3.8;1.9
54;2021-02-15;428;1087;27853;14783;3.8;2.0
54;2021-02-16;401;1176;28254;15959;3.9;2.2
54;2021-02-17;518;927;28772;16886;3.9;2.3
54;2021-02-18;595;757;29367;17643;4.0;2.4
54;2021-02-19;520;730;29887;18373;4.1;2.5
54;2021-02-20;33;276;29920;18649;4.1;2.6
54;2021-02-21;3;25;29923;18674;4.1;2.6
54;2021-02-22;484;579;30407;19253;4.2;2.6
54;2021-02-23;679;541;31086;19794;4.3;2.7
54;2021-02-24;728;351;31814;20145;4.4;2.8
54;2021-02-25;1475;713;33289;20858;4.6;2.9
54;2021-02-26;1775;783;35064;21641;4.8;3.0
54;2021-02-27;698;110;35762;21751;4.9;3.0
54;2021-02-28;11;28;35773;21779;4.9;3.0
54;2021-03-01;650;218;36423;21997;5.0;3.0
54;2021-03-02;1506;146;37929;22143;5.2;3.0
54;2021-03-03;1763;62;39692;22205;5.4;3.0
54;2021-03-04;2028;100;41720;22305;5.7;3.1
54;2021-03-05;2796;145;44516;22450;6.1;3.1
54;2021-03-06;4045;112;48561;22562;6.6;3.1
54;2021-03-07;2626;70;51187;22632;7.0;3.1
54;2021-03-08;1337;65;52524;22697;7.2;3.1
54;2021-03-09;2646;105;55170;22802;7.6;3.1
54;2021-03-10;3195;109;58365;22911;8.0;3.1
54;2021-03-11;3391;101;61756;23012;8.5;3.2
54;2021-03-12;4983;181;66739;23193;9.1;3.2
54;2021-03-13;4206;116;70945;23309;9.7;3.2
54;2021-03-14;543;40;71488;23349;9.8;3.2
54;2021-03-15;1719;104;73207;23453;10.0;3.2
54;2021-03-16;1735;176;74942;23629;10.3;3.2
54;2021-03-17;2082;151;77024;23780;10.5;3.3
54;2021-03-18;2060;171;79084;23951;10.8;3.3
54;2021-03-19;3319;274;82403;24225;11.3;3.3
54;2021-03-20;2311;76;84714;24301;11.6;3.3
54;2021-03-21;295;15;85009;24316;11.6;3.3
54;2021-03-22;1034;333;86043;24649;11.8;3.4
54;2021-03-23;1936;524;87979;25173;12.0;3.4
54;2021-03-24;2195;713;90174;25886;12.3;3.5
54;2021-03-25;3177;727;93351;26613;12.8;3.6
54;2021-03-26;3516;818;96867;27431;13.3;3.8
54;2021-03-27;2419;287;99286;27718;13.6;3.8
54;2021-03-28;278;6;99564;27724;13.6;3.8
54;2021-03-29;1669;387;101233;28111;13.9;3.8
54;2021-03-30;2558;982;103791;29093;14.2;4.0
54;2021-03-31;2598;1154;106389;30247;14.6;4.1
54;2021-04-01;3238;1284;109627;31531;15.0;4.3
54;2021-04-02;2963;1684;112590;33215;15.4;4.5
54;2021-04-03;1263;1308;113853;34523;15.6;4.7
54;2021-04-04;137;421;113990;34944;15.6;4.8
54;2021-04-05;145;573;114135;35517;15.6;4.9
54;2021-04-06;1269;1664;115404;37181;15.8;5.1
54;2021-04-07;926;2266;116330;39447;15.9;5.4
54;2021-04-08;2326;2445;118656;41892;16.2;5.7
54;2021-04-09;4123;3153;122779;45045;16.8;6.2
54;2021-04-10;3209;1682;125988;46727;17.2;6.4
54;2021-04-11;207;1002;126195;47729;17.3;6.5
54;2021-04-12;2198;1532;128393;49261;17.6;6.7
54;2021-04-13;3002;1977;131395;51238;18.0;7.0
54;2021-04-14;3263;1870;134658;53108;18.4;7.3
54;2021-04-15;2876;2296;137534;55404;18.8;7.6
54;2021-04-16;3143;2603;140677;58007;19.3;7.9
54;2021-04-17;3475;1491;144152;59498;19.7;8.1
54;2021-04-18;64;245;144216;59743;19.7;8.2
54;2021-04-19;2462;1082;146678;60825;20.1;8.3
54;2021-04-20;3011;1251;149689;62076;20.5;8.5
54;2021-04-21;4403;1634;154092;63710;21.1;8.7
54;2021-04-22;3721;2385;157813;66095;21.6;9.0
54;2021-04-23;3866;2077;161679;68172;22.1;9.3
54;2021-04-24;2346;1038;164025;69210;22.5;9.5
54;2021-04-25;283;276;164308;69486;22.5;9.5
54;2021-04-26;2306;1272;166614;70758;22.8;9.7
54;2021-04-27;3288;1439;169902;72197;23.3;9.9
54;2021-04-28;2978;1951;172880;74148;23.7;10.2
54;2021-04-29;3795;2081;176675;76229;24.2;10.4
54;2021-04-30;4491;1976;181166;78205;24.8;10.7
54;2021-05-01;2264;804;183430;79009;25.1;10.8
54;2021-05-02;229;68;183659;79077;25.1;10.8
54;2021-05-03;3097;943;186756;80020;25.6;11.0
54;2021-05-04;3517;1450;190273;81470;26.1;11.2
54;2021-05-05;4896;1414;195169;82884;26.7;11.3
54;2021-05-06;4437;2803;199606;85687;27.3;11.7
54;2021-05-07;4824;3410;204430;89097;28.0;12.2
54;2021-05-08;2030;644;206460;89741;28.3;12.3
54;2021-05-09;375;136;206835;89877;28.3;12.3
54;2021-05-10;3207;2239;210042;92116;28.8;12.6
54;2021-05-11;5491;2935;215533;95051;29.5;13.0
54;2021-05-12;4146;3390;219679;98441;30.1;13.5
54;2021-05-13;2647;492;222326;98933;30.4;13.5
54;2021-05-14;6885;1999;229211;100932;31.4;13.8
54;2021-05-15;5484;1318;234695;102250;32.1;14.0
54;2021-05-16;946;110;235641;102360;32.3;14.0
54;2021-05-17;3797;828;239438;103188;32.8;14.1
54;2021-05-18;3289;1103;242727;104291;33.2;14.3
54;2021-05-19;3465;1514;246192;105805;33.7;14.5
54;2021-05-20;4538;1624;250730;107429;34.3;14.7
54;2021-05-21;6753;2511;257483;109940;35.3;15.1
54;2021-05-22;5659;1372;263142;111312;36.0;15.2
54;2021-05-23;504;54;263646;111366;36.1;15.2
54;2021-05-24;1444;344;265090;111710;36.3;15.3
54;2021-05-25;4199;1538;269289;113248;36.9;15.5
54;2021-05-26;3535;2213;272824;115461;37.4;15.8
54;2021-05-27;4182;2437;277006;117898;37.9;16.1
54;2021-05-28;4980;3566;281986;121464;38.6;16.6
54;2021-05-29;3847;3990;285833;125454;39.1;17.2
54;2021-05-30;127;83;285960;125537;39.2;17.2
54;2021-05-31;2939;3066;288899;128603;39.6;17.6
54;2021-06-01;2621;4202;291520;132805;39.9;18.2
54;2021-06-02;2164;4097;293684;136902;40.2;18.7
54;2021-06-03;3145;5657;296829;142559;40.6;19.5
54;2021-06-04;5100;5485;301929;148044;41.3;20.3
54;2021-06-05;2342;3283;304271;151327;41.7;20.7
54;2021-06-06;71;236;304342;151563;41.7;20.8
54;2021-06-07;3705;2933;308047;154496;42.2;21.2
54;2021-06-08;4544;4265;312591;158761;42.8;21.7
54;2021-06-09;6005;3316;318596;162077;43.6;22.2
54;2021-06-10;5299;4450;323895;166527;44.3;22.8
54;2021-06-11;5021;4917;328916;171444;45.0;23.5
54;2021-06-12;4244;3230;333160;174674;45.6;23.9
54;2021-06-13;54;210;333214;174884;45.6;23.9
54;2021-06-14;2331;3593;335545;178477;45.9;24.4
54;2021-06-15;2831;4735;338376;183212;46.3;25.1
54;2021-06-16;3489;5660;341865;188872;46.8;25.9
54;2021-06-17;3138;5219;345003;194091;47.2;26.6
54;2021-06-18;4156;6238;349159;200329;47.8;27.4
54;2021-06-19;2646;3127;351805;203456;48.2;27.9
54;2021-06-20;101;339;351906;203795;48.2;27.9
54;2021-06-21;2558;4768;354464;208563;48.5;28.6
54;2021-06-22;2043;6225;356507;214788;48.8;29.4
54;2021-06-23;2245;5591;358752;220379;49.1;30.2
54;2021-06-24;2093;3457;360845;223836;49.4;30.6
54;2021-06-25;2201;7055;363046;230891;49.7;31.6
54;2021-06-26;2381;5669;365427;236560;50.0;32.4
54;2021-06-27;134;608;365561;237168;50.0;32.5
54;2021-06-28;1962;4351;367523;241519;50.3;33.1
54;2021-06-29;1937;5206;369460;246725;50.6;33.8
54;2021-06-30;1982;5120;371442;251845;50.9;34.5
54;2021-07-01;2139;5984;373581;257829;51.1;35.3
54;2021-07-02;2817;7563;376398;265392;51.5;36.3
54;2021-07-03;2835;4096;379233;269488;51.9;36.9
54;2021-07-04;195;498;379428;269986;51.9;37.0
54;2021-07-05;1670;4255;381098;274241;52.2;37.5
54;2021-07-06;2001;5076;383099;279317;52.5;38.2
54;2021-07-07;1905;4840;385004;284157;52.7;38.9
54;2021-07-08;1679;4111;386683;288268;52.9;39.5
54;2021-07-09;3203;6026;389886;294294;53.4;40.3
54;2021-07-10;2543;4373;392429;298667;53.7;40.9
54;2021-07-11;8;103;392437;298770;53.7;40.9
54;2021-07-12;2100;4690;394537;303460;54.0;41.5
54;2021-07-13;2622;4974;397159;308434;54.4;42.2
54;2021-07-14;1535;1503;398694;309937;54.6;42.4
54;2021-07-15;3174;4838;401868;314775;55.0;43.1
54;2021-07-16;4664;6223;406532;320998;55.7;43.9
54;2021-07-17;4007;4768;410539;325766;56.2;44.6
54;2021-07-18;1804;1681;412343;327447;56.5;44.8
54;2021-07-19;2589;4044;414932;331491;56.8;45.4
54;2021-07-20;2907;4815;417839;336306;57.2;46.0
54;2021-07-21;3132;6339;420971;342645;57.6;46.9
54;2021-07-22;3278;5734;424249;348379;58.1;47.7
54;2021-07-23;3982;6989;428231;355368;58.6;48.7
54;2021-07-24;2944;5323;431175;360691;59.0;49.4
54;2021-07-25;71;50;431246;360741;59.0;49.4
54;2021-07-26;2982;4175;434228;364916;59.5;50.0
54;2021-07-27;3713;4007;437941;368923;60.0;50.5
54;2021-07-28;5203;3865;443144;372788;60.7;51.0
54;2021-07-29;5153;3209;448297;375997;61.4;51.5
54;2021-07-30;5129;4998;453426;380995;62.1;52.2
54;2021-07-31;4527;3228;457953;384223;62.7;52.6
54;2021-08-01;256;73;458209;384296;62.7;52.6
54;2021-08-02;3078;3705;461287;388001;63.2;53.1
54;2021-08-03;4098;2917;465385;390918;63.7;53.5
54;2021-08-04;4410;2697;469795;393615;64.3;53.9
54;2021-08-05;4610;2429;474405;396044;65.0;54.2
54;2021-08-06;5429;3998;479834;400042;65.7;54.8
54;2021-08-07;3653;2828;483487;402870;66.2;55.2
54;2021-08-08;247;114;483734;402984;66.2;55.2
54;2021-08-09;2968;2693;486702;405677;66.6;55.5
54;2021-08-10;2550;3768;489252;409445;67.0;56.1
54;2021-08-11;2320;2566;491572;412011;67.3;56.4
54;2021-08-12;2161;3009;493733;415020;67.6;56.8
54;2021-08-13;2586;4453;496319;419473;68.0;57.4
54;2021-08-14;1410;2077;497729;421550;68.1;57.7
54;2021-08-15;30;43;497759;421593;68.1;57.7
54;2021-08-16;1824;3430;499583;425023;68.4;58.2
54;2021-08-17;1926;3312;501509;428335;68.7;58.6
54;2021-08-18;1483;4101;502992;432436;68.9;59.2
54;2021-08-19;1241;2789;504233;435225;69.0;59.6
54;2021-08-20;1841;4932;506074;440157;69.3;60.3
54;2021-08-21;1452;4016;507526;444173;69.5;60.8
54;2021-08-22;58;27;507584;444200;69.5;60.8
54;2021-08-23;1199;3846;508783;448046;69.7;61.3
54;2021-08-24;1115;3153;509898;451199;69.8;61.8
54;2021-08-25;1402;4373;511300;455572;70.0;62.4
54;2021-08-26;993;3108;512293;458680;70.1;62.8
54;2021-08-27;1494;5316;513787;463996;70.3;63.5
54;2021-08-28;1114;4259;514901;468255;70.5;64.1
54;2021-08-29;14;50;514915;468305;70.5;64.1
54;2021-08-30;1175;4187;516090;472492;70.7;64.7
54;2021-08-31;1035;4689;517125;477181;70.8;65.3
54;2021-09-01;1040;3726;518165;480907;70.9;65.8
54;2021-09-02;704;2152;518869;483059;71.0;66.1
55;2020-12-27;0;0;0;0;0.0;0.0
55;2020-12-28;0;0;0;0;0.0;0.0
55;2020-12-29;0;0;0;0;0.0;0.0
55;2020-12-30;0;0;0;0;0.0;0.0
55;2020-12-31;0;0;0;0;0.0;0.0
55;2021-01-01;0;0;0;0;0.0;0.0
55;2021-01-02;0;0;0;0;0.0;0.0
55;2021-01-03;0;0;0;0;0.0;0.0
55;2021-01-04;1;0;1;0;0.0;0.0
55;2021-01-05;0;0;1;0;0.0;0.0
55;2021-01-06;0;0;1;0;0.0;0.0
55;2021-01-07;122;0;123;0;0.1;0.0
55;2021-01-08;127;0;250;0;0.1;0.0
55;2021-01-09;52;0;302;0;0.2;0.0
55;2021-01-10;0;0;302;0;0.2;0.0
55;2021-01-11;128;1;430;1;0.2;0.0
55;2021-01-12;119;0;549;1;0.3;0.0
55;2021-01-13;135;0;684;1;0.4;0.0
55;2021-01-14;644;7;1328;8;0.7;0.0
55;2021-01-15;237;0;1565;8;0.9;0.0
55;2021-01-16;62;0;1627;8;0.9;0.0
55;2021-01-17;1;0;1628;8;0.9;0.0
55;2021-01-18;413;1;2041;9;1.1;0.0
55;2021-01-19;352;3;2393;12;1.3;0.0
55;2021-01-20;453;2;2846;14;1.6;0.0
55;2021-01-21;430;0;3276;14;1.8;0.0
55;2021-01-22;391;0;3667;14;2.0;0.0
55;2021-01-23;49;0;3716;14;2.0;0.0
55;2021-01-24;0;0;3716;14;2.0;0.0
55;2021-01-25;436;0;4152;14;2.3;0.0
55;2021-01-26;431;0;4583;14;2.5;0.0
55;2021-01-27;424;0;5007;14;2.8;0.0
55;2021-01-28;485;97;5492;111;3.0;0.1
55;2021-01-29;159;54;5651;165;3.1;0.1
55;2021-01-30;92;28;5743;193;3.2;0.1
55;2021-01-31;0;0;5743;193;3.2;0.1
55;2021-02-01;153;174;5896;367;3.2;0.2
55;2021-02-02;159;144;6055;511;3.3;0.3
55;2021-02-03;53;154;6108;665;3.4;0.4
55;2021-02-04;234;398;6342;1063;3.5;0.6
55;2021-02-05;174;139;6516;1202;3.6;0.7
55;2021-02-06;62;56;6578;1258;3.6;0.7
55;2021-02-07;2;53;6580;1311;3.6;0.7
55;2021-02-08;0;18;6580;1329;3.6;0.7
55;2021-02-09;92;116;6672;1445;3.7;0.8
55;2021-02-10;65;23;6737;1468;3.7;0.8
55;2021-02-11;175;97;6912;1565;3.8;0.9
55;2021-02-12;94;28;7006;1593;3.9;0.9
55;2021-02-13;0;0;7006;1593;3.9;0.9
55;2021-02-14;0;0;7006;1593;3.9;0.9
55;2021-02-15;15;388;7021;1981;3.9;1.1
55;2021-02-16;143;375;7164;2356;3.9;1.3
55;2021-02-17;26;478;7190;2834;4.0;1.6
55;2021-02-18;20;332;7210;3166;4.0;1.7
55;2021-02-19;125;281;7335;3447;4.0;1.9
55;2021-02-20;11;0;7346;3447;4.0;1.9
55;2021-02-21;0;0;7346;3447;4.0;1.9
55;2021-02-22;55;438;7401;3885;4.1;2.1
55;2021-02-23;85;430;7486;4315;4.1;2.4
55;2021-02-24;72;407;7558;4722;4.2;2.6
55;2021-02-25;270;675;7828;5397;4.3;3.0
55;2021-02-26;324;225;8152;5622;4.5;3.1
55;2021-02-27;125;87;8277;5709;4.6;3.1
55;2021-02-28;2;8;8279;5717;4.6;3.1
55;2021-03-01;77;138;8356;5855;4.6;3.2
55;2021-03-02;124;165;8480;6020;4.7;3.3
55;2021-03-03;198;3;8678;6023;4.8;3.3
55;2021-03-04;238;43;8916;6066;4.9;3.3
55;2021-03-05;362;47;9278;6113;5.1;3.4
55;2021-03-06;224;6;9502;6119;5.2;3.4
55;2021-03-07;74;1;9576;6120;5.3;3.4
55;2021-03-08;329;48;9905;6168;5.5;3.4
55;2021-03-09;635;50;10540;6218;5.8;3.4
55;2021-03-10;396;24;10936;6242;6.0;3.4
55;2021-03-11;597;146;11533;6388;6.3;3.5
55;2021-03-12;816;93;12349;6481;6.8;3.6
55;2021-03-13;523;12;12872;6493;7.1;3.6
55;2021-03-14;14;0;12886;6493;7.1;3.6
55;2021-03-15;393;24;13279;6517;7.3;3.6
55;2021-03-16;568;106;13847;6623;7.6;3.6
55;2021-03-17;683;21;14530;6644;8.0;3.7
55;2021-03-18;323;23;14853;6667;8.2;3.7
55;2021-03-19;471;59;15324;6726;8.4;3.7
55;2021-03-20;254;15;15578;6741;8.6;3.7
55;2021-03-21;1;1;15579;6742;8.6;3.7
55;2021-03-22;474;21;16053;6763;8.8;3.7
55;2021-03-23;972;65;17025;6828;9.4;3.8
55;2021-03-24;802;43;17827;6871;9.8;3.8
55;2021-03-25;1098;81;18925;6952;10.4;3.8
55;2021-03-26;602;36;19527;6988;10.8;3.8
55;2021-03-27;256;23;19783;7011;10.9;3.9
55;2021-03-28;0;0;19783;7011;10.9;3.9
55;2021-03-29;944;39;20727;7050;11.4;3.9
55;2021-03-30;1425;72;22152;7122;12.2;3.9
55;2021-03-31;1484;69;23636;7191;13.0;4.0
55;2021-04-01;1206;127;24842;7318;13.7;4.0
55;2021-04-02;902;74;25744;7392;14.2;4.1
55;2021-04-03;93;12;25837;7404;14.2;4.1
55;2021-04-04;2;0;25839;7404;14.2;4.1
55;2021-04-05;6;12;25845;7416;14.2;4.1
55;2021-04-06;933;277;26778;7693;14.7;4.2
55;2021-04-07;993;237;27771;7930;15.3;4.4
55;2021-04-08;1649;421;29420;8351;16.2;4.6
55;2021-04-09;1430;262;30850;8613;17.0;4.7
55;2021-04-10;242;174;31092;8787;17.1;4.8
55;2021-04-11;452;21;31544;8808;17.4;4.8
55;2021-04-12;855;329;32399;9137;17.8;5.0
55;2021-04-13;1355;529;33754;9666;18.6;5.3
55;2021-04-14;1372;728;35126;10394;19.3;5.7
55;2021-04-15;1636;459;36762;10853;20.2;6.0
55;2021-04-16;705;379;37467;11232;20.6;6.2
55;2021-04-17;677;31;38144;11263;21.0;6.2
55;2021-04-18;38;18;38182;11281;21.0;6.2
55;2021-04-19;961;348;39143;11629;21.5;6.4
55;2021-04-20;1173;775;40316;12404;22.2;6.8
55;2021-04-21;991;640;41307;13044;22.7;7.2
55;2021-04-22;1099;677;42406;13721;23.3;7.6
55;2021-04-23;1424;596;43830;14317;24.1;7.9
55;2021-04-24;313;124;44143;14441;24.3;8.0
55;2021-04-25;384;51;44527;14492;24.5;8.0
55;2021-04-26;478;816;45005;15308;24.8;8.4
55;2021-04-27;570;995;45575;16303;25.1;9.0
55;2021-04-28;931;816;46506;17119;25.6;9.4
55;2021-04-29;1118;858;47624;17977;26.2;9.9
55;2021-04-30;1280;622;48904;18599;26.9;10.2
55;2021-05-01;153;132;49057;18731;27.0;10.3
55;2021-05-02;2;3;49059;18734;27.0;10.3
55;2021-05-03;1208;630;50267;19364;27.7;10.7
55;2021-05-04;683;1179;50950;20543;28.0;11.3
55;2021-05-05;658;1074;51608;21617;28.4;11.9
55;2021-05-06;1347;1160;52955;22777;29.2;12.5
55;2021-05-07;1433;555;54388;23332;29.9;12.8
55;2021-05-08;156;77;54544;23409;30.0;12.9
55;2021-05-09;62;522;54606;23931;30.1;13.2
55;2021-05-10;860;1030;55466;24961;30.5;13.7
55;2021-05-11;1070;1378;56536;26339;31.1;14.5
55;2021-05-12;1031;1766;57567;28105;31.7;15.5
55;2021-05-13;99;75;57666;28180;31.7;15.5
55;2021-05-14;352;558;58018;28738;31.9;15.8
55;2021-05-15;292;492;58310;29230;32.1;16.1
55;2021-05-16;3;10;58313;29240;32.1;16.1
55;2021-05-17;1028;841;59341;30081;32.7;16.6
55;2021-05-18;1567;892;60908;30973;33.5;17.1
55;2021-05-19;1810;781;62718;31754;34.5;17.5
55;2021-05-20;2215;730;64933;32484;35.7;17.9
55;2021-05-21;2011;801;66944;33285;36.9;18.3
55;2021-05-22;198;166;67142;33451;37.0;18.4
55;2021-05-23;23;120;67165;33571;37.0;18.5
55;2021-05-24;0;0;67165;33571;37.0;18.5
55;2021-05-25;1347;653;68512;34224;37.7;18.8
55;2021-05-26;1674;1017;70186;35241;38.6;19.4
55;2021-05-27;1320;982;71506;36223;39.4;19.9
55;2021-05-28;1521;931;73027;37154;40.2;20.5
55;2021-05-29;1402;697;74429;37851;41.0;20.8
55;2021-05-30;15;206;74444;38057;41.0;21.0
55;2021-05-31;1049;1130;75493;39187;41.6;21.6
55;2021-06-01;918;957;76411;40144;42.1;22.1
55;2021-06-02;1163;986;77574;41130;42.7;22.6
55;2021-06-03;703;545;78277;41675;43.1;22.9
55;2021-06-04;1389;1101;79666;42776;43.9;23.5
55;2021-06-05;1366;277;81032;43053;44.6;23.7
55;2021-06-06;0;2;81032;43055;44.6;23.7
55;2021-06-07;790;714;81822;43769;45.0;24.1
55;2021-06-08;699;1075;82521;44844;45.4;24.7
55;2021-06-09;852;869;83373;45713;45.9;25.2
55;2021-06-10;379;275;83752;45988;46.1;25.3
55;2021-06-11;528;1287;84280;47275;46.4;26.0
55;2021-06-12;761;519;85041;47794;46.8;26.3
55;2021-06-13;265;33;85306;47827;47.0;26.3
55;2021-06-14;390;1363;85696;49190;47.2;27.1
55;2021-06-15;574;1212;86270;50402;47.5;27.7
55;2021-06-16;735;832;87005;51234;47.9;28.2
55;2021-06-17;425;859;87430;52093;48.1;28.7
55;2021-06-18;668;1475;88098;53568;48.5;29.5
55;2021-06-19;593;457;88691;54025;48.8;29.7
55;2021-06-20;0;0;88691;54025;48.8;29.7
55;2021-06-21;437;1023;89128;55048;49.1;30.3
55;2021-06-22;335;1014;89463;56062;49.3;30.9
55;2021-06-23;626;1210;90089;57272;49.6;31.5
55;2021-06-24;163;433;90252;57705;49.7;31.8
55;2021-06-25;642;1227;90894;58932;50.0;32.4
55;2021-06-26;418;339;91312;59271;50.3;32.6
55;2021-06-27;1;2;91313;59273;50.3;32.6
55;2021-06-28;149;1380;91462;60653;50.4;33.4
55;2021-06-29;202;1288;91664;61941;50.5;34.1
55;2021-06-30;272;1932;91936;63873;50.6;35.2
55;2021-07-01;387;1978;92323;65851;50.8;36.3
55;2021-07-02;391;1719;92714;67570;51.0;37.2
55;2021-07-03;108;262;92822;67832;51.1;37.3
55;2021-07-04;12;19;92834;67851;51.1;37.4
55;2021-07-05;222;1508;93056;69359;51.2;38.2
55;2021-07-06;327;900;93383;70259;51.4;38.7
55;2021-07-07;388;1801;93771;72060;51.6;39.7
55;2021-07-08;535;1594;94306;73654;51.9;40.5
55;2021-07-09;456;1479;94762;75133;52.2;41.4
55;2021-07-10;356;1112;95118;76245;52.4;42.0
55;2021-07-11;0;9;95118;76254;52.4;42.0
55;2021-07-12;608;1166;95726;77420;52.7;42.6
55;2021-07-13;599;1488;96325;78908;53.0;43.4
55;2021-07-14;0;13;96325;78921;53.0;43.4
55;2021-07-15;782;1645;97107;80566;53.5;44.4
55;2021-07-16;1254;1810;98361;82376;54.2;45.4
55;2021-07-17;1283;820;99644;83196;54.9;45.8
55;2021-07-18;1;2;99645;83198;54.9;45.8
55;2021-07-19;597;785;100242;83983;55.2;46.2
55;2021-07-20;1001;1022;101243;85005;55.7;46.8
55;2021-07-21;1484;1369;102727;86374;56.6;47.6
55;2021-07-22;1170;566;103897;86940;57.2;47.9
55;2021-07-23;1109;1355;105006;88295;57.8;48.6
55;2021-07-24;817;762;105823;89057;58.3;49.0
55;2021-07-25;119;229;105942;89286;58.3;49.2
55;2021-07-26;669;444;106611;89730;58.7;49.4
55;2021-07-27;1164;479;107775;90209;59.3;49.7
55;2021-07-28;1039;1065;108814;91274;59.9;50.2
55;2021-07-29;670;447;109484;91721;60.3;50.5
55;2021-07-30;1271;965;110755;92686;61.0;51.0
55;2021-07-31;712;612;111467;93298;61.4;51.4
55;2021-08-01;9;5;111476;93303;61.4;51.4
55;2021-08-02;627;443;112103;93746;61.7;51.6
55;2021-08-03;642;420;112745;94166;62.1;51.8
55;2021-08-04;1247;953;113992;95119;62.8;52.4
55;2021-08-05;1000;323;114992;95442;63.3;52.5
55;2021-08-06;813;1098;115805;96540;63.8;53.1
55;2021-08-07;596;336;116401;96876;64.1;53.3
55;2021-08-08;0;0;116401;96876;64.1;53.3
55;2021-08-09;401;306;116802;97182;64.3;53.5
55;2021-08-10;435;775;117237;97957;64.5;53.9
55;2021-08-11;591;644;117828;98601;64.9;54.3
55;2021-08-12;322;488;118150;99089;65.0;54.6
55;2021-08-13;426;1109;118576;100198;65.3;55.2
55;2021-08-14;135;192;118711;100390;65.4;55.3
55;2021-08-15;11;5;118722;100395;65.4;55.3
55;2021-08-16;245;739;118967;101134;65.5;55.7
55;2021-08-17;254;291;119221;101425;65.6;55.8
55;2021-08-18;540;1241;119761;102666;65.9;56.5
55;2021-08-19;449;960;120210;103626;66.2;57.0
55;2021-08-20;562;1012;120772;104638;66.5;57.6
55;2021-08-21;292;771;121064;105409;66.7;58.0
55;2021-08-22;8;6;121072;105415;66.7;58.0
55;2021-08-23;353;610;121425;106025;66.8;58.4
55;2021-08-24;303;833;121728;106858;67.0;58.8
55;2021-08-25;664;1172;122392;108030;67.4;59.5
55;2021-08-26;448;1250;122840;109280;67.6;60.2
55;2021-08-27;314;1246;123154;110526;67.8;60.8
55;2021-08-28;376;577;123530;111103;68.0;61.2
55;2021-08-29;213;54;123743;111157;68.1;61.2
55;2021-08-30;129;677;123872;111834;68.2;61.6
55;2021-08-31;282;823;124154;112657;68.4;62.0
55;2021-09-01;536;1267;124690;113924;68.6;62.7
55;2021-09-02;201;893;124891;114817;68.8;63.2
56;2020-12-27;0;0;0;0;0.0;0.0
56;2020-12-28;1;0;1;0;0.0;0.0
56;2020-12-29;0;0;1;0;0.0;0.0
56;2020-12-30;0;0;1;0;0.0;0.0
56;2020-12-31;0;0;1;0;0.0;0.0
56;2021-01-01;0;0;1;0;0.0;0.0
56;2021-01-02;1;0;2;0;0.0;0.0
56;2021-01-03;0;0;2;0;0.0;0.0
56;2021-01-04;1;0;3;0;0.0;0.0
56;2021-01-05;1;0;4;0;0.0;0.0
56;2021-01-06;2;0;6;0;0.0;0.0
56;2021-01-07;198;0;204;0;0.0;0.0
56;2021-01-08;119;0;323;0;0.0;0.0
56;2021-01-09;1;0;324;0;0.0;0.0
56;2021-01-10;1;0;325;0;0.0;0.0
56;2021-01-11;242;0;567;0;0.1;0.0
56;2021-01-12;754;0;1321;0;0.2;0.0
56;2021-01-13;638;1;1959;1;0.3;0.0
56;2021-01-14;970;2;2929;3;0.4;0.0
56;2021-01-15;843;5;3772;8;0.5;0.0
56;2021-01-16;234;3;4006;11;0.5;0.0
56;2021-01-17;27;0;4033;11;0.5;0.0
56;2021-01-18;1005;1;5038;12;0.7;0.0
56;2021-01-19;864;1;5902;13;0.8;0.0
56;2021-01-20;884;1;6786;14;0.9;0.0
56;2021-01-21;1449;2;8235;16;1.1;0.0
56;2021-01-22;1181;3;9416;19;1.2;0.0
56;2021-01-23;319;2;9735;21;1.3;0.0
56;2021-01-24;6;0;9741;21;1.3;0.0
56;2021-01-25;830;0;10571;21;1.4;0.0
56;2021-01-26;1034;4;11605;25;1.5;0.0
56;2021-01-27;1082;62;12687;87;1.7;0.0
56;2021-01-28;975;121;13662;208;1.8;0.0
56;2021-01-29;873;107;14535;315;1.9;0.0
56;2021-01-30;139;19;14674;334;1.9;0.0
56;2021-01-31;0;0;14674;334;1.9;0.0
56;2021-02-01;479;154;15153;488;2.0;0.1
56;2021-02-02;941;257;16094;745;2.1;0.1
56;2021-02-03;1023;268;17117;1013;2.3;0.1
56;2021-02-04;4701;349;21818;1362;2.9;0.2
56;2021-02-05;3591;427;25409;1789;3.4;0.2
56;2021-02-06;550;167;25959;1956;3.4;0.3
56;2021-02-07;136;26;26095;1982;3.5;0.3
56;2021-02-08;297;285;26392;2267;3.5;0.3
56;2021-02-09;795;491;27187;2758;3.6;0.4
56;2021-02-10;865;692;28052;3450;3.7;0.5
56;2021-02-11;973;1061;29025;4511;3.8;0.6
56;2021-02-12;1151;627;30176;5138;4.0;0.7
56;2021-02-13;220;94;30396;5232;4.0;0.7
56;2021-02-14;6;46;30402;5278;4.0;0.7
56;2021-02-15;622;1024;31024;6302;4.1;0.8
56;2021-02-16;1220;701;32244;7003;4.3;0.9
56;2021-02-17;1189;922;33433;7925;4.4;1.0
56;2021-02-18;1352;853;34785;8778;4.6;1.2
56;2021-02-19;1322;865;36107;9643;4.8;1.3
56;2021-02-20;365;236;36472;9879;4.8;1.3
56;2021-02-21;1;0;36473;9879;4.8;1.3
56;2021-02-22;376;671;36849;10550;4.9;1.4
56;2021-02-23;741;906;37590;11456;5.0;1.5
56;2021-02-24;915;1135;38505;12591;5.1;1.7
56;2021-02-25;2031;4209;40536;16800;5.4;2.2
56;2021-02-26;2356;2234;42892;19034;5.7;2.5
56;2021-02-27;745;441;43637;19475;5.8;2.6
56;2021-02-28;15;113;43652;19588;5.8;2.6
56;2021-03-01;648;532;44300;20120;5.9;2.7
56;2021-03-02;979;772;45279;20892;6.0;2.8
56;2021-03-03;1150;901;46429;21793;6.1;2.9
56;2021-03-04;1967;1030;48396;22823;6.4;3.0
56;2021-03-05;2582;1424;50978;24247;6.7;3.2
56;2021-03-06;1207;218;52185;24465;6.9;3.2
56;2021-03-07;282;24;52467;24489;6.9;3.2
56;2021-03-08;1140;390;53607;24879;7.1;3.3
56;2021-03-09;2042;630;55649;25509;7.4;3.4
56;2021-03-10;2000;935;57649;26444;7.6;3.5
56;2021-03-11;3253;736;60902;27180;8.1;3.6
56;2021-03-12;4208;823;65110;28003;8.6;3.7
56;2021-03-13;1882;148;66992;28151;8.9;3.7
56;2021-03-14;195;2;67187;28153;8.9;3.7
56;2021-03-15;1283;529;68470;28682;9.1;3.8
56;2021-03-16;1089;1025;69559;29707;9.2;3.9
56;2021-03-17;1371;768;70930;30475;9.4;4.0
56;2021-03-18;2000;1860;72930;32335;9.7;4.3
56;2021-03-19;2943;1385;75873;33720;10.0;4.5
56;2021-03-20;1493;207;77366;33927;10.2;4.5
56;2021-03-21;208;22;77574;33949;10.3;4.5
56;2021-03-22;1610;405;79184;34354;10.5;4.5
56;2021-03-23;2807;683;81991;35037;10.9;4.6
56;2021-03-24;3450;524;85441;35561;11.3;4.7
56;2021-03-25;4239;723;89680;36284;11.9;4.8
56;2021-03-26;5092;768;94772;37052;12.5;4.9
56;2021-03-27;1501;293;96273;37345;12.7;4.9
56;2021-03-28;264;11;96537;37356;12.8;4.9
56;2021-03-29;2235;504;98772;37860;13.1;5.0
56;2021-03-30;3519;784;102291;38644;13.5;5.1
56;2021-03-31;3116;720;105407;39364;14.0;5.2
56;2021-04-01;4078;819;109485;40183;14.5;5.3
56;2021-04-02;3928;946;113413;41129;15.0;5.4
56;2021-04-03;1186;270;114599;41399;15.2;5.5
56;2021-04-04;232;3;114831;41402;15.2;5.5
56;2021-04-05;244;8;115075;41410;15.2;5.5
56;2021-04-06;2825;1233;117900;42643;15.6;5.6
56;2021-04-07;4025;1191;121925;43834;16.1;5.8
56;2021-04-08;5298;1164;127223;44998;16.8;6.0
56;2021-04-09;7391;1282;134614;46280;17.8;6.1
56;2021-04-10;2578;427;137192;46707;18.2;6.2
56;2021-04-11;194;101;137386;46808;18.2;6.2
56;2021-04-12;3933;836;141319;47644;18.7;6.3
56;2021-04-13;5966;1265;147285;48909;19.5;6.5
56;2021-04-14;5167;1431;152452;50340;20.2;6.7
56;2021-04-15;7154;1775;159606;52115;21.1;6.9
56;2021-04-16;7843;2013;167449;54128;22.2;7.2
56;2021-04-17;3132;646;170581;54774;22.6;7.2
56;2021-04-18;528;108;171109;54882;22.6;7.3
56;2021-04-19;3719;1264;174828;56146;23.1;7.4
56;2021-04-20;4107;1979;178935;58125;23.7;7.7
56;2021-04-21;4060;2323;182995;60448;24.2;8.0
56;2021-04-22;5174;1923;188169;62371;24.9;8.3
56;2021-04-23;5171;2417;193340;64788;25.6;8.6
56;2021-04-24;2901;643;196241;65431;26.0;8.7
56;2021-04-25;465;150;196706;65581;26.0;8.7
56;2021-04-26;4708;1668;201414;67249;26.7;8.9
56;2021-04-27;5098;2550;206512;69799;27.3;9.2
56;2021-04-28;4968;2242;211480;72041;28.0;9.5
56;2021-04-29;5842;2941;217322;74982;28.8;9.9
56;2021-04-30;6245;2800;223567;77782;29.6;10.3
56;2021-05-01;2489;362;226056;78144;29.9;10.3
56;2021-05-02;307;254;226363;78398;30.0;10.4
56;2021-05-03;3865;2069;230228;80467;30.5;10.6
56;2021-05-04;4382;3906;234610;84373;31.1;11.2
56;2021-05-05;3523;3875;238133;88248;31.5;11.7
56;2021-05-06;4375;5440;242508;93688;32.1;12.4
56;2021-05-07;4268;5011;246776;98699;32.7;13.1
56;2021-05-08;1644;319;248420;99018;32.9;13.1
56;2021-05-09;495;227;248915;99245;32.9;13.1
56;2021-05-10;3750;3810;252665;103055;33.4;13.6
56;2021-05-11;4170;5050;256835;108105;34.0;14.3
56;2021-05-12;4342;4777;261177;112882;34.6;14.9
56;2021-05-13;2397;1013;263574;113895;34.9;15.1
56;2021-05-14;4228;4358;267802;118253;35.4;15.7
56;2021-05-15;2487;1894;270289;120147;35.8;15.9
56;2021-05-16;237;488;270526;120635;35.8;16.0
56;2021-05-17;2512;3668;273038;124303;36.1;16.5
56;2021-05-18;3520;4100;276558;128403;36.6;17.0
56;2021-05-19;3528;3402;280086;131805;37.1;17.4
56;2021-05-20;3804;4820;283890;136625;37.6;18.1
56;2021-05-21;3746;5229;287636;141854;38.1;18.8
56;2021-05-22;1698;2208;289334;144062;38.3;19.1
56;2021-05-23;284;197;289618;144259;38.3;19.1
56;2021-05-24;2058;498;291676;144757;38.6;19.2
56;2021-05-25;3140;4471;294816;149228;39.0;19.8
56;2021-05-26;3735;3938;298551;153166;39.5;20.3
56;2021-05-27;4361;4869;302912;158035;40.1;20.9
56;2021-05-28;4637;5958;307549;163993;40.7;21.7
56;2021-05-29;1886;1635;309435;165628;41.0;21.9
56;2021-05-30;318;67;309753;165695;41.0;21.9
56;2021-05-31;4502;3224;314255;168919;41.6;22.4
56;2021-06-01;5664;3383;319919;172302;42.3;22.8
56;2021-06-02;5638;2955;325557;175257;43.1;23.2
56;2021-06-03;6188;3306;331745;178563;43.9;23.6
56;2021-06-04;5814;4410;337559;182973;44.7;24.2
56;2021-06-05;4346;2383;341905;185356;45.3;24.5
56;2021-06-06;496;616;342401;185972;45.3;24.6
56;2021-06-07;5104;3172;347505;189144;46.0;25.0
56;2021-06-08;6071;3377;353576;192521;46.8;25.5
56;2021-06-09;6433;2812;360009;195333;47.6;25.9
56;2021-06-10;7479;2873;367488;198206;48.6;26.2
56;2021-06-11;6765;3870;374253;202076;49.5;26.7
56;2021-06-12;5102;2065;379355;204141;50.2;27.0
56;2021-06-13;1980;439;381335;204580;50.5;27.1
56;2021-06-14;3311;4594;384646;209174;50.9;27.7
56;2021-06-15;4204;4897;388850;214071;51.5;28.3
56;2021-06-16;4497;4504;393347;218575;52.1;28.9
56;2021-06-17;4258;4750;397605;223325;52.6;29.6
56;2021-06-18;4517;5975;402122;229300;53.2;30.3
56;2021-06-19;3837;2143;405959;231443;53.7;30.6
56;2021-06-20;1504;340;407463;231783;53.9;30.7
56;2021-06-21;3308;4463;410771;236246;54.4;31.3
56;2021-06-22;3485;5445;414256;241691;54.8;32.0
56;2021-06-23;3765;5062;418021;246753;55.3;32.7
56;2021-06-24;3477;5320;421498;252073;55.8;33.4
56;2021-06-25;3883;6279;425381;258352;56.3;34.2
56;2021-06-26;3204;2916;428585;261268;56.7;34.6
56;2021-06-27;305;162;428890;261430;56.8;34.6
56;2021-06-28;1575;3982;430465;265412;57.0;35.1
56;2021-06-29;2435;5768;432900;271180;57.3;35.9
56;2021-06-30;2498;5560;435398;276740;57.6;36.6
56;2021-07-01;2734;4957;438132;281697;58.0;37.3
56;2021-07-02;2657;6206;440789;287903;58.3;38.1
56;2021-07-03;2205;2683;442994;290586;58.6;38.5
56;2021-07-04;779;811;443773;291397;58.7;38.6
56;2021-07-05;1872;5443;445645;296840;59.0;39.3
56;2021-07-06;2190;5933;447835;302773;59.3;40.1
56;2021-07-07;2845;5645;450680;308418;59.6;40.8
56;2021-07-08;3085;6037;453765;314455;60.1;41.6
56;2021-07-09;2218;7098;455983;321553;60.3;42.6
56;2021-07-10;1127;3004;457110;324557;60.5;43.0
56;2021-07-11;256;344;457366;324901;60.5;43.0
56;2021-07-12;2183;6607;459549;331508;60.8;43.9
56;2021-07-13;3261;7465;462810;338973;61.3;44.9
56;2021-07-14;1784;2589;464594;341562;61.5;45.2
56;2021-07-15;3820;7067;468414;348629;62.0;46.1
56;2021-07-16;4078;8092;472492;356721;62.5;47.2
56;2021-07-17;2319;3521;474811;360242;62.8;47.7
56;2021-07-18;256;478;475067;360720;62.9;47.7
56;2021-07-19;2865;6357;477932;367077;63.3;48.6
56;2021-07-20;3723;7917;481655;374994;63.7;49.6
56;2021-07-21;3094;7520;484749;382514;64.2;50.6
56;2021-07-22;4391;8032;489140;390546;64.7;51.7
56;2021-07-23;4389;8410;493529;398956;65.3;52.8
56;2021-07-24;1686;4601;495215;403557;65.5;53.4
56;2021-07-25;552;1919;495767;405476;65.6;53.7
56;2021-07-26;3678;5464;499445;410940;66.1;54.4
56;2021-07-27;5373;6201;504818;417141;66.8;55.2
56;2021-07-28;4689;5464;509507;422605;67.4;55.9
56;2021-07-29;5380;5628;514887;428233;68.1;56.7
56;2021-07-30;5383;5858;520270;434091;68.9;57.5
56;2021-07-31;2154;2693;522424;436784;69.1;57.8
56;2021-08-01;1240;976;523664;437760;69.3;57.9
56;2021-08-02;4510;4602;528174;442362;69.9;58.5
56;2021-08-03;6377;4961;534551;447323;70.7;59.2
56;2021-08-04;5948;4363;540499;451686;71.5;59.8
56;2021-08-05;6095;4604;546594;456290;72.3;60.4
56;2021-08-06;5838;4919;552432;461209;73.1;61.0
56;2021-08-07;2848;2226;555280;463435;73.5;61.3
56;2021-08-08;1826;561;557106;463996;73.7;61.4
56;2021-08-09;3911;4267;561017;468263;74.3;62.0
56;2021-08-10;4925;4609;565942;472872;74.9;62.6
56;2021-08-11;4548;4142;570490;477014;75.5;63.1
56;2021-08-12;4469;4540;574959;481554;76.1;63.7
56;2021-08-13;4198;4808;579157;486362;76.7;64.4
56;2021-08-14;1772;2139;580929;488501;76.9;64.7
56;2021-08-15;349;485;581278;488986;76.9;64.7
56;2021-08-16;3049;4519;584327;493505;77.3;65.3
56;2021-08-17;3744;5051;588071;498556;77.8;66.0
56;2021-08-18;3725;4607;591796;503163;78.3;66.6
56;2021-08-19;3052;4988;594848;508151;78.7;67.3
56;2021-08-20;2889;5261;597737;513412;79.1;68.0
56;2021-08-21;1151;2398;598888;515810;79.3;68.3
56;2021-08-22;129;503;599017;516313;79.3;68.3
56;2021-08-23;1917;4964;600934;521277;79.5;69.0
56;2021-08-24;1921;5515;602855;526792;79.8;69.7
56;2021-08-25;1701;5057;604556;531849;80.0;70.4
56;2021-08-26;1394;5319;605950;537168;80.2;71.1
56;2021-08-27;1729;5870;607679;543038;80.4;71.9
56;2021-08-28;591;2800;608270;545838;80.5;72.2
56;2021-08-29;79;477;608349;546315;80.5;72.3
56;2021-08-30;1373;4745;609722;551060;80.7;72.9
56;2021-08-31;1473;4788;611195;555848;80.9;73.6
56;2021-09-01;1312;4197;612507;560045;81.1;74.1
56;2021-09-02;1071;4035;613578;564080;81.2;74.7
57;2020-12-27;2;0;2;0;0.0;0.0
57;2020-12-28;0;0;2;0;0.0;0.0
57;2020-12-29;1;0;3;0;0.0;0.0
57;2020-12-30;1;0;4;0;0.0;0.0
57;2020-12-31;0;0;4;0;0.0;0.0
57;2021-01-01;1;0;5;0;0.0;0.0
57;2021-01-02;3;0;8;0;0.0;0.0
57;2021-01-03;0;0;8;0;0.0;0.0
57;2021-01-04;17;0;25;0;0.0;0.0
57;2021-01-05;199;0;224;0;0.0;0.0
57;2021-01-06;226;1;450;1;0.0;0.0
57;2021-01-07;584;2;1034;3;0.1;0.0
57;2021-01-08;509;2;1543;5;0.1;0.0
57;2021-01-09;202;0;1745;5;0.2;0.0
57;2021-01-10;108;1;1853;6;0.2;0.0
57;2021-01-11;470;1;2323;7;0.2;0.0
57;2021-01-12;613;6;2936;13;0.3;0.0
57;2021-01-13;695;2;3631;15;0.4;0.0
57;2021-01-14;707;6;4338;21;0.4;0.0
57;2021-01-15;636;5;4974;26;0.5;0.0
57;2021-01-16;452;1;5426;27;0.5;0.0
57;2021-01-17;493;1;5919;28;0.6;0.0
57;2021-01-18;2715;20;8634;48;0.8;0.0
57;2021-01-19;2567;20;11201;68;1.1;0.0
57;2021-01-20;2763;22;13964;90;1.3;0.0
57;2021-01-21;1797;5;15761;95;1.5;0.0
57;2021-01-22;1325;7;17086;102;1.6;0.0
57;2021-01-23;543;15;17629;117;1.7;0.0
57;2021-01-24;1;0;17630;117;1.7;0.0
57;2021-01-25;869;183;18499;300;1.8;0.0
57;2021-01-26;1112;207;19611;507;1.9;0.0
57;2021-01-27;1070;178;20681;685;2.0;0.1
57;2021-01-28;1040;289;21721;974;2.1;0.1
57;2021-01-29;982;387;22703;1361;2.2;0.1
57;2021-01-30;440;88;23143;1449;2.2;0.1
57;2021-01-31;11;26;23154;1475;2.2;0.1
57;2021-02-01;827;339;23981;1814;2.3;0.2
57;2021-02-02;989;357;24970;2171;2.4;0.2
57;2021-02-03;986;316;25956;2487;2.5;0.2
57;2021-02-04;1138;799;27094;3286;2.6;0.3
57;2021-02-05;930;346;28024;3632;2.7;0.4
57;2021-02-06;481;336;28505;3968;2.8;0.4
57;2021-02-07;103;334;28608;4302;2.8;0.4
57;2021-02-08;1258;1538;29866;5840;2.9;0.6
57;2021-02-09;1762;1663;31628;7503;3.1;0.7
57;2021-02-10;1712;2062;33340;9565;3.2;0.9
57;2021-02-11;1486;1324;34826;10889;3.4;1.1
57;2021-02-12;1227;662;36053;11551;3.5;1.1
57;2021-02-13;1152;162;37205;11713;3.6;1.1
57;2021-02-14;1210;28;38415;11741;3.7;1.1
57;2021-02-15;766;829;39181;12570;3.8;1.2
57;2021-02-16;1073;770;40254;13340;3.9;1.3
57;2021-02-17;1009;917;41263;14257;4.0;1.4
57;2021-02-18;974;1126;42237;15383;4.1;1.5
57;2021-02-19;956;887;43193;16270;4.2;1.6
57;2021-02-20;1173;591;44366;16861;4.3;1.6
57;2021-02-21;323;13;44689;16874;4.3;1.6
57;2021-02-22;1230;872;45919;17746;4.4;1.7
57;2021-02-23;2235;1061;48154;18807;4.6;1.8
57;2021-02-24;2287;963;50441;19770;4.9;1.9
57;2021-02-25;3299;1088;53740;20858;5.2;2.0
57;2021-02-26;3590;945;57330;21803;5.5;2.1
57;2021-02-27;3696;526;61026;22329;5.9;2.2
57;2021-02-28;1896;60;62922;22389;6.1;2.2
57;2021-03-01;2051;1316;64973;23705;6.3;2.3
57;2021-03-02;2857;1590;67830;25295;6.5;2.4
57;2021-03-03;2806;1599;70636;26894;6.8;2.6
57;2021-03-04;3274;1299;73910;28193;7.1;2.7
57;2021-03-05;4457;1246;78367;29439;7.6;2.8
57;2021-03-06;7246;789;85613;30228;8.3;2.9
57;2021-03-07;6071;278;91684;30506;8.9;2.9
57;2021-03-08;2298;1001;93982;31507;9.1;3.0
57;2021-03-09;3387;1306;97369;32813;9.4;3.2
57;2021-03-10;3582;975;100951;33788;9.7;3.3
57;2021-03-11;4038;1253;104989;35041;10.1;3.4
57;2021-03-12;5107;1212;110096;36253;10.6;3.5
57;2021-03-13;6283;983;116379;37236;11.2;3.6
57;2021-03-14;2425;429;118804;37665;11.5;3.6
57;2021-03-15;2962;879;121766;38544;11.8;3.7
57;2021-03-16;3061;1276;124827;39820;12.1;3.8
57;2021-03-17;3051;1142;127878;40962;12.3;4.0
57;2021-03-18;3401;1076;131279;42038;12.7;4.1
57;2021-03-19;4626;1039;135905;43077;13.1;4.2
57;2021-03-20;4702;1034;140607;44111;13.6;4.3
57;2021-03-21;1895;255;142502;44366;13.8;4.3
57;2021-03-22;2480;1471;144982;45837;14.0;4.4
57;2021-03-23;3442;2337;148424;48174;14.3;4.7
57;2021-03-24;3896;2146;152320;50320;14.7;4.9
57;2021-03-25;4740;2594;157060;52914;15.2;5.1
57;2021-03-26;4842;2259;161902;55173;15.6;5.3
57;2021-03-27;3710;3153;165612;58326;16.0;5.6
57;2021-03-28;1401;1849;167013;60175;16.1;5.8
57;2021-03-29;1935;2172;168948;62347;16.3;6.0
57;2021-03-30;3300;2483;172248;64830;16.6;6.3
57;2021-03-31;2824;2299;175072;67129;16.9;6.5
57;2021-04-01;3222;3168;178294;70297;17.2;6.8
57;2021-04-02;2392;2579;180686;72876;17.4;7.0
57;2021-04-03;2566;2664;183252;75540;17.7;7.3
57;2021-04-04;593;969;183845;76509;17.7;7.4
57;2021-04-05;1922;672;185767;77181;17.9;7.5
57;2021-04-06;2452;2828;188219;80009;18.2;7.7
57;2021-04-07;3812;3095;192031;83104;18.5;8.0
57;2021-04-08;5614;2909;197645;86013;19.1;8.3
57;2021-04-09;5013;2731;202658;88744;19.6;8.6
57;2021-04-10;2352;3641;205010;92385;19.8;8.9
57;2021-04-11;1099;1891;206109;94276;19.9;9.1
57;2021-04-12;1794;2753;207903;97029;20.1;9.4
57;2021-04-13;1976;3030;209879;100059;20.3;9.7
57;2021-04-14;1919;2991;211798;103050;20.4;9.9
57;2021-04-15;2367;3429;214165;106479;20.7;10.3
57;2021-04-16;2701;3293;216866;109772;20.9;10.6
57;2021-04-17;2473;3182;219339;112954;21.2;10.9
57;2021-04-18;1244;1774;220583;114728;21.3;11.1
57;2021-04-19;2141;2259;222724;116987;21.5;11.3
57;2021-04-20;2514;2782;225238;119769;21.7;11.6
57;2021-04-21;2569;2379;227807;122148;22.0;11.8
57;2021-04-22;3207;2252;231014;124400;22.3;12.0
57;2021-04-23;4055;2577;235069;126977;22.7;12.3
57;2021-04-24;3394;2562;238463;129539;23.0;12.5
57;2021-04-25;757;1126;239220;130665;23.1;12.6
57;2021-04-26;2972;1996;242192;132661;23.4;12.8
57;2021-04-27;3899;2378;246091;135039;23.8;13.0
57;2021-04-28;4212;2590;250303;137629;24.2;13.3
57;2021-04-29;5260;3450;255563;141079;24.7;13.6
57;2021-04-30;4730;3548;260293;144627;25.1;14.0
57;2021-05-01;2352;1686;262645;146313;25.4;14.1
57;2021-05-02;790;913;263435;147226;25.4;14.2
57;2021-05-03;3565;2995;267000;150221;25.8;14.5
57;2021-05-04;4871;3162;271871;153383;26.2;14.8
57;2021-05-05;6123;3169;277994;156552;26.8;15.1
57;2021-05-06;5991;3284;283985;159836;27.4;15.4
57;2021-05-07;6852;3441;290837;163277;28.1;15.8
57;2021-05-08;4053;1608;294890;164885;28.5;15.9
57;2021-05-09;2049;1114;296939;165999;28.7;16.0
57;2021-05-10;5129;3070;302068;169069;29.2;16.3
57;2021-05-11;7450;2850;309518;171919;29.9;16.6
57;2021-05-12;7847;3248;317365;175167;30.6;16.9
57;2021-05-13;4511;914;321876;176081;31.1;17.0
57;2021-05-14;7838;2631;329714;178712;31.8;17.3
57;2021-05-15;5967;2054;335681;180766;32.4;17.5
57;2021-05-16;3309;577;338990;181343;32.7;17.5
57;2021-05-17;3866;2067;342856;183410;33.1;17.7
57;2021-05-18;6292;2106;349148;185516;33.7;17.9
57;2021-05-19;7024;2329;356172;187845;34.4;18.1
57;2021-05-20;6051;2182;362223;190027;35.0;18.3
57;2021-05-21;7565;2922;369788;192949;35.7;18.6
57;2021-05-22;4894;2169;374682;195118;36.2;18.8
57;2021-05-23;1964;431;376646;195549;36.4;18.9
57;2021-05-24;3032;1065;379678;196614;36.7;19.0
57;2021-05-25;5577;2803;385255;199417;37.2;19.3
57;2021-05-26;6377;3182;391632;202599;37.8;19.6
57;2021-05-27;5795;3123;397427;205722;38.4;19.9
57;2021-05-28;7026;4744;404453;210466;39.0;20.3
57;2021-05-29;5224;4251;409677;214717;39.5;20.7
57;2021-05-30;1967;1743;411644;216460;39.7;20.9
57;2021-05-31;4319;3339;415963;219799;40.2;21.2
57;2021-06-01;5936;3715;421899;223514;40.7;21.6
57;2021-06-02;6340;3906;428239;227420;41.3;22.0
57;2021-06-03;6215;3702;434454;231122;41.9;22.3
57;2021-06-04;7570;4990;442024;236112;42.7;22.8
57;2021-06-05;4768;4032;446792;240144;43.1;23.2
57;2021-06-06;1993;890;448785;241034;43.3;23.3
57;2021-06-07;4325;4038;453110;245072;43.7;23.7
57;2021-06-08;6720;4317;459830;249389;44.4;24.1
57;2021-06-09;6884;4158;466714;253547;45.1;24.5
57;2021-06-10;6220;4595;472934;258142;45.7;24.9
57;2021-06-11;5368;5368;478302;263510;46.2;25.4
57;2021-06-12;5742;4451;484044;267961;46.7;25.9
57;2021-06-13;1500;1142;485544;269103;46.9;26.0
57;2021-06-14;3383;4706;488927;273809;47.2;26.4
57;2021-06-15;3817;6021;492744;279830;47.6;27.0
57;2021-06-16;4402;6597;497146;286427;48.0;27.7
57;2021-06-17;4198;6071;501344;292498;48.4;28.2
57;2021-06-18;4275;7306;505619;299804;48.8;28.9
57;2021-06-19;4157;6292;509776;306096;49.2;29.5
57;2021-06-20;987;1667;510763;307763;49.3;29.7
57;2021-06-21;2067;5970;512830;313733;49.5;30.3
57;2021-06-22;2642;7986;515472;321719;49.8;31.1
57;2021-06-23;3075;8386;518547;330105;50.1;31.9
57;2021-06-24;2457;5290;521004;335395;50.3;32.4
57;2021-06-25;2857;7826;523861;343221;50.6;33.1
57;2021-06-26;2871;7260;526732;350481;50.8;33.8
57;2021-06-27;754;2987;527486;353468;50.9;34.1
57;2021-06-28;1591;5079;529077;358547;51.1;34.6
57;2021-06-29;2086;6831;531163;365378;51.3;35.3
57;2021-06-30;3067;7323;534230;372701;51.6;36.0
57;2021-07-01;2697;5961;536927;378662;51.8;36.6
57;2021-07-02;2700;8081;539627;386743;52.1;37.3
57;2021-07-03;3240;6528;542867;393271;52.4;38.0
57;2021-07-04;946;2468;543813;395739;52.5;38.2
57;2021-07-05;1711;4607;545524;400346;52.7;38.6
57;2021-07-06;2426;6480;547950;406826;52.9;39.3
57;2021-07-07;2729;7090;550679;413916;53.2;40.0
57;2021-07-08;2495;5877;553174;419793;53.4;40.5
57;2021-07-09;3429;8415;556603;428208;53.7;41.3
57;2021-07-10;3097;6939;559700;435147;54.0;42.0
57;2021-07-11;855;2232;560555;437379;54.1;42.2
57;2021-07-12;2441;6437;562996;443816;54.4;42.8
57;2021-07-13;4415;7506;567411;451322;54.8;43.6
57;2021-07-14;2824;3842;570235;455164;55.0;43.9
57;2021-07-15;3956;7785;574191;462949;55.4;44.7
57;2021-07-16;5642;9829;579833;472778;56.0;45.6
57;2021-07-17;5826;7289;585659;480067;56.5;46.3
57;2021-07-18;1492;2661;587151;482728;56.7;46.6
57;2021-07-19;2370;6204;589521;488932;56.9;47.2
57;2021-07-20;4322;6911;593843;495843;57.3;47.9
57;2021-07-21;5301;6902;599144;502745;57.8;48.5
57;2021-07-22;5953;5961;605097;508706;58.4;49.1
57;2021-07-23;7021;6402;612118;515108;59.1;49.7
57;2021-07-24;4533;7038;616651;522146;59.5;50.4
57;2021-07-25;1335;1769;617986;523915;59.7;50.6
57;2021-07-26;3722;4493;621708;528408;60.0;51.0
57;2021-07-27;6868;4945;628576;533353;60.7;51.5
57;2021-07-28;7481;4561;636057;537914;61.4;51.9
57;2021-07-29;7623;4588;643680;542502;62.1;52.4
57;2021-07-30;6870;4895;650550;547397;62.8;52.8
57;2021-07-31;5707;5018;656257;552415;63.4;53.3
57;2021-08-01;2025;1115;658282;553530;63.5;53.4
57;2021-08-02;3523;3180;661805;556710;63.9;53.7
57;2021-08-03;5494;4281;667299;560991;64.4;54.2
57;2021-08-04;5222;3457;672521;564448;64.9;54.5
57;2021-08-05;5375;3773;677896;568221;65.4;54.9
57;2021-08-06;5619;4849;683515;573070;66.0;55.3
57;2021-08-07;4572;5155;688087;578225;66.4;55.8
57;2021-08-08;1474;1505;689561;579730;66.6;56.0
57;2021-08-09;2614;3171;692175;582901;66.8;56.3
57;2021-08-10;3509;3791;695684;586692;67.2;56.6
57;2021-08-11;3704;4023;699388;590715;67.5;57.0
57;2021-08-12;3141;5217;702529;595932;67.8;57.5
57;2021-08-13;3456;4726;705985;600658;68.2;58.0
57;2021-08-14;2144;5182;708129;605840;68.4;58.5
57;2021-08-15;528;1092;708657;606932;68.4;58.6
57;2021-08-16;1777;3564;710434;610496;68.6;58.9
57;2021-08-17;2361;5359;712795;615855;68.8;59.5
57;2021-08-18;2436;5374;715231;621229;69.0;60.0
57;2021-08-19;2201;5481;717432;626710;69.3;60.5
57;2021-08-20;2043;6017;719475;632727;69.5;61.1
57;2021-08-21;1860;5380;721335;638107;69.6;61.6
57;2021-08-22;453;1528;721788;639635;69.7;61.7
57;2021-08-23;1142;3715;722930;643350;69.8;62.1
57;2021-08-24;1804;5610;724734;648960;70.0;62.6
57;2021-08-25;1600;5314;726334;654274;70.1;63.2
57;2021-08-26;1568;4664;727902;658938;70.3;63.6
57;2021-08-27;1761;5882;729663;664820;70.4;64.2
57;2021-08-28;2001;5370;731664;670190;70.6;64.7
57;2021-08-29;340;1088;732004;671278;70.7;64.8
57;2021-08-30;1028;3259;733032;674537;70.8;65.1
57;2021-08-31;1522;4410;734554;678947;70.9;65.5
57;2021-09-01;1424;4125;735978;683072;71.0;65.9
57;2021-09-02;1150;3390;737128;686462;71.2;66.3
58;2020-12-27;0;0;0;0;0.0;0.0
58;2020-12-28;0;0;0;0;0.0;0.0
58;2020-12-29;1;0;1;0;0.0;0.0
58;2020-12-30;0;0;1;0;0.0;0.0
58;2020-12-31;0;0;1;0;0.0;0.0
58;2021-01-01;0;0;1;0;0.0;0.0
58;2021-01-02;0;0;1;0;0.0;0.0
58;2021-01-03;1;0;2;0;0.0;0.0
58;2021-01-04;0;0;2;0;0.0;0.0
58;2021-01-05;2;0;4;0;0.0;0.0
58;2021-01-06;145;0;149;0;0.1;0.0
58;2021-01-07;241;0;390;0;0.2;0.0
58;2021-01-08;63;0;453;0;0.2;0.0
58;2021-01-09;1;0;454;0;0.2;0.0
58;2021-01-10;0;0;454;0;0.2;0.0
58;2021-01-11;54;0;508;0;0.3;0.0
58;2021-01-12;258;0;766;0;0.4;0.0
58;2021-01-13;406;0;1172;0;0.6;0.0
58;2021-01-14;291;1;1463;1;0.7;0.0
58;2021-01-15;141;0;1604;1;0.8;0.0
58;2021-01-16;10;1;1614;2;0.8;0.0
58;2021-01-17;0;0;1614;2;0.8;0.0
58;2021-01-18;413;1;2027;3;1.0;0.0
58;2021-01-19;987;2;3014;5;1.5;0.0
58;2021-01-20;1206;2;4220;7;2.1;0.0
58;2021-01-21;962;4;5182;11;2.6;0.0
58;2021-01-22;779;3;5961;14;3.0;0.0
58;2021-01-23;251;0;6212;14;3.1;0.0
58;2021-01-24;2;0;6214;14;3.1;0.0
58;2021-01-25;439;0;6653;14;3.3;0.0
58;2021-01-26;650;3;7303;17;3.7;0.0
58;2021-01-27;604;44;7907;61;4.0;0.0
58;2021-01-28;756;66;8663;127;4.3;0.1
58;2021-01-29;837;6;9500;133;4.8;0.1
58;2021-01-30;281;0;9781;133;4.9;0.1
58;2021-01-31;10;0;9791;133;4.9;0.1
58;2021-02-01;200;71;9991;204;5.0;0.1
58;2021-02-02;566;81;10557;285;5.3;0.1
58;2021-02-03;279;142;10836;427;5.4;0.2
58;2021-02-04;285;92;11121;519;5.6;0.3
58;2021-02-05;184;91;11305;610;5.7;0.3
58;2021-02-06;89;0;11394;610;5.7;0.3
58;2021-02-07;0;0;11394;610;5.7;0.3
58;2021-02-08;306;68;11700;678;5.9;0.3
58;2021-02-09;503;310;12203;988;6.1;0.5
58;2021-02-10;350;376;12553;1364;6.3;0.7
58;2021-02-11;287;377;12840;1741;6.4;0.9
58;2021-02-12;243;200;13083;1941;6.6;1.0
58;2021-02-13;83;29;13166;1970;6.6;1.0
58;2021-02-14;0;3;13166;1973;6.6;1.0
58;2021-02-15;114;490;13280;2463;6.7;1.2
58;2021-02-16;208;892;13488;3355;6.8;1.7
58;2021-02-17;221;721;13709;4076;6.9;2.0
58;2021-02-18;187;758;13896;4834;7.0;2.4
58;2021-02-19;241;699;14137;5533;7.1;2.8
58;2021-02-20;62;220;14199;5753;7.1;2.9
58;2021-02-21;0;30;14199;5783;7.1;2.9
58;2021-02-22;78;385;14277;6168;7.2;3.1
58;2021-02-23;49;598;14326;6766;7.2;3.4
58;2021-02-24;39;606;14365;7372;7.2;3.7
58;2021-02-25;252;682;14617;8054;7.3;4.0
58;2021-02-26;246;601;14863;8655;7.4;4.3
58;2021-02-27;104;183;14967;8838;7.5;4.4
58;2021-02-28;11;8;14978;8846;7.5;4.4
58;2021-03-01;145;242;15123;9088;7.6;4.6
58;2021-03-02;416;634;15539;9722;7.8;4.9
58;2021-03-03;524;293;16063;10015;8.0;5.0
58;2021-03-04;725;277;16788;10292;8.4;5.2
58;2021-03-05;867;204;17655;10496;8.8;5.3
58;2021-03-06;574;87;18229;10583;9.1;5.3
58;2021-03-07;63;12;18292;10595;9.2;5.3
58;2021-03-08;156;297;18448;10892;9.2;5.5
58;2021-03-09;544;545;18992;11437;9.5;5.7
58;2021-03-10;838;242;19830;11679;9.9;5.9
58;2021-03-11;857;271;20687;11950;10.4;6.0
58;2021-03-12;862;200;21549;12150;10.8;6.1
58;2021-03-13;506;66;22055;12216;11.0;6.1
58;2021-03-14;34;0;22089;12216;11.1;6.1
58;2021-03-15;528;108;22617;12324;11.3;6.2
58;2021-03-16;726;222;23343;12546;11.7;6.3
58;2021-03-17;756;195;24099;12741;12.1;6.4
58;2021-03-18;584;175;24683;12916;12.4;6.5
58;2021-03-19;538;104;25221;13020;12.6;6.5
58;2021-03-20;322;64;25543;13084;12.8;6.6
58;2021-03-21;17;0;25560;13084;12.8;6.6
58;2021-03-22;795;25;26355;13109;13.2;6.6
58;2021-03-23;1636;44;27991;13153;14.0;6.6
58;2021-03-24;1368;74;29359;13227;14.7;6.6
58;2021-03-25;1840;44;31199;13271;15.6;6.6
58;2021-03-26;1414;54;32613;13325;16.3;6.7
58;2021-03-27;358;7;32971;13332;16.5;6.7
58;2021-03-28;20;0;32991;13332;16.5;6.7
58;2021-03-29;638;152;33629;13484;16.8;6.8
58;2021-03-30;1186;255;34815;13739;17.4;6.9
58;2021-03-31;1116;395;35931;14134;18.0;7.1
58;2021-04-01;1548;403;37479;14537;18.8;7.3
58;2021-04-02;1464;368;38943;14905;19.5;7.5
58;2021-04-03;568;149;39511;15054;19.8;7.5
58;2021-04-04;1;1;39512;15055;19.8;7.5
58;2021-04-05;47;0;39559;15055;19.8;7.5
58;2021-04-06;823;344;40382;15399;20.2;7.7
58;2021-04-07;695;551;41077;15950;20.6;8.0
58;2021-04-08;1493;427;42570;16377;21.3;8.2
58;2021-04-09;1774;485;44344;16862;22.2;8.4
58;2021-04-10;652;200;44996;17062;22.5;8.5
58;2021-04-11;17;3;45013;17065;22.6;8.5
58;2021-04-12;1117;502;46130;17567;23.1;8.8
58;2021-04-13;1436;630;47566;18197;23.8;9.1
58;2021-04-14;1339;678;48905;18875;24.5;9.5
58;2021-04-15;1433;602;50338;19477;25.2;9.8
58;2021-04-16;1734;512;52072;19989;26.1;10.0
58;2021-04-17;721;232;52793;20221;26.4;10.1
58;2021-04-18;20;7;52813;20228;26.5;10.1
58;2021-04-19;531;604;53344;20832;26.7;10.4
58;2021-04-20;486;1120;53830;21952;27.0;11.0
58;2021-04-21;626;967;54456;22919;27.3;11.5
58;2021-04-22;767;1523;55223;24442;27.7;12.2
58;2021-04-23;919;784;56142;25226;28.1;12.6
58;2021-04-24;211;206;56353;25432;28.2;12.7
58;2021-04-25;109;9;56462;25441;28.3;12.7
58;2021-04-26;762;247;57224;25688;28.7;12.9
58;2021-04-27;1499;1109;58723;26797;29.4;13.4
58;2021-04-28;1536;1049;60259;27846;30.2;14.0
58;2021-04-29;1442;1045;61701;28891;30.9;14.5
58;2021-04-30;1257;940;62958;29831;31.5;14.9
58;2021-05-01;6;17;62964;29848;31.5;15.0
58;2021-05-02;4;2;62968;29850;31.5;15.0
58;2021-05-03;1042;406;64010;30256;32.1;15.2
58;2021-05-04;1075;1348;65085;31604;32.6;15.8
58;2021-05-05;952;1093;66037;32697;33.1;16.4
58;2021-05-06;1363;1061;67400;33758;33.8;16.9
58;2021-05-07;1111;1091;68511;34849;34.3;17.5
58;2021-05-08;59;60;68570;34909;34.4;17.5
58;2021-05-09;7;21;68577;34930;34.4;17.5
58;2021-05-10;875;993;69452;35923;34.8;18.0
58;2021-05-11;1185;1984;70637;37907;35.4;19.0
58;2021-05-12;1662;1557;72299;39464;36.2;19.8
58;2021-05-13;49;183;72348;39647;36.2;19.9
58;2021-05-14;2312;909;74660;40556;37.4;20.3
58;2021-05-15;1725;456;76385;41012;38.3;20.5
58;2021-05-16;118;33;76503;41045;38.3;20.6
58;2021-05-17;793;610;77296;41655;38.7;20.9
58;2021-05-18;1332;1181;78628;42836;39.4;21.5
58;2021-05-19;1737;549;80365;43385;40.3;21.7
58;2021-05-20;1701;672;82066;44057;41.1;22.1
58;2021-05-21;854;728;82920;44785;41.5;22.4
58;2021-05-22;304;240;83224;45025;41.7;22.6
58;2021-05-23;2;21;83226;45046;41.7;22.6
58;2021-05-24;21;42;83247;45088;41.7;22.6
58;2021-05-25;1386;1156;84633;46244;42.4;23.2
58;2021-05-26;845;841;85478;47085;42.8;23.6
58;2021-05-27;753;941;86231;48026;43.2;24.1
58;2021-05-28;429;910;86660;48936;43.4;24.5
58;2021-05-29;151;209;86811;49145;43.5;24.6
58;2021-05-30;21;19;86832;49164;43.5;24.6
58;2021-05-31;757;399;87589;49563;43.9;24.8
58;2021-06-01;1373;1658;88962;51221;44.6;25.7
58;2021-06-02;1468;1047;90430;52268;45.3;26.2
58;2021-06-03;1026;960;91456;53228;45.8;26.7
58;2021-06-04;843;910;92299;54138;46.2;27.1
58;2021-06-05;272;263;92571;54401;46.4;27.3
58;2021-06-06;24;49;92595;54450;46.4;27.3
58;2021-06-07;712;793;93307;55243;46.7;27.7
58;2021-06-08;1324;1758;94631;57001;47.4;28.6
58;2021-06-09;1419;1008;96050;58009;48.1;29.1
58;2021-06-10;1108;980;97158;58989;48.7;29.6
58;2021-06-11;1030;907;98188;59896;49.2;30.0
58;2021-06-12;1055;415;99243;60311;49.7;30.2
58;2021-06-13;36;33;99279;60344;49.7;30.2
58;2021-06-14;516;1016;99795;61360;50.0;30.7
58;2021-06-15;1595;1757;101390;63117;50.8;31.6
58;2021-06-16;1806;993;103196;64110;51.7;32.1
58;2021-06-17;2024;1112;105220;65222;52.7;32.7
58;2021-06-18;987;1063;106207;66285;53.2;33.2
58;2021-06-19;581;319;106788;66604;53.5;33.4
58;2021-06-20;9;2;106797;66606;53.5;33.4
58;2021-06-21;472;553;107269;67159;53.7;33.6
58;2021-06-22;1028;1966;108297;69125;54.3;34.6
58;2021-06-23;1478;1512;109775;70637;55.0;35.4
58;2021-06-24;728;1025;110503;71662;55.4;35.9
58;2021-06-25;826;1719;111329;73381;55.8;36.8
58;2021-06-26;554;1229;111883;74610;56.1;37.4
58;2021-06-27;18;26;111901;74636;56.1;37.4
58;2021-06-28;463;987;112364;75623;56.3;37.9
58;2021-06-29;623;2160;112987;77783;56.6;39.0
58;2021-06-30;998;1625;113985;79408;57.1;39.8
58;2021-07-01;761;1674;114746;81082;57.5;40.6
58;2021-07-02;444;851;115190;81933;57.7;41.0
58;2021-07-03;249;512;115439;82445;57.8;41.3
58;2021-07-04;12;30;115451;82475;57.8;41.3
58;2021-07-05;511;770;115962;83245;58.1;41.7
58;2021-07-06;695;2121;116657;85366;58.4;42.8
58;2021-07-07;389;954;117046;86320;58.6;43.2
58;2021-07-08;399;1019;117445;87339;58.8;43.8
58;2021-07-09;709;1418;118154;88757;59.2;44.5
58;2021-07-10;260;412;118414;89169;59.3;44.7
58;2021-07-11;175;53;118589;89222;59.4;44.7
58;2021-07-12;197;966;118786;90188;59.5;45.2
58;2021-07-13;932;2502;119718;92690;60.0;46.4
58;2021-07-14;27;60;119745;92750;60.0;46.5
58;2021-07-15;1135;1936;120880;94686;60.6;47.4
58;2021-07-16;1411;1448;122291;96134;61.3;48.2
58;2021-07-17;463;288;122754;96422;61.5;48.3
58;2021-07-18;102;21;122856;96443;61.6;48.3
58;2021-07-19;1652;986;124508;97429;62.4;48.8
58;2021-07-20;1407;2454;125915;99883;63.1;50.0
58;2021-07-21;1177;2008;127092;101891;63.7;51.0
58;2021-07-22;1144;1669;128236;103560;64.2;51.9
58;2021-07-23;1265;1446;129501;105006;64.9;52.6
58;2021-07-24;1001;1271;130502;106277;65.4;53.2
58;2021-07-25;89;39;130591;106316;65.4;53.3
58;2021-07-26;981;862;131572;107178;65.9;53.7
58;2021-07-27;1569;2576;133141;109754;66.7;55.0
58;2021-07-28;1574;1971;134715;111725;67.5;56.0
58;2021-07-29;1580;1626;136295;113351;68.3;56.8
58;2021-07-30;1465;1427;137760;114778;69.0;57.5
58;2021-07-31;569;525;138329;115303;69.3;57.8
58;2021-08-01;35;13;138364;115316;69.3;57.8
58;2021-08-02;1588;863;139952;116179;70.1;58.2
58;2021-08-03;2050;1781;142002;117960;71.1;59.1
58;2021-08-04;1309;1183;143311;119143;71.8;59.7
58;2021-08-05;1620;1176;144931;120319;72.6;60.3
58;2021-08-06;1358;1032;146289;121351;73.3;60.8
58;2021-08-07;312;400;146601;121751;73.4;61.0
58;2021-08-08;30;58;146631;121809;73.5;61.0
58;2021-08-09;1081;1387;147712;123196;74.0;61.7
58;2021-08-10;1778;1390;149490;124586;74.9;62.4
58;2021-08-11;1129;782;150619;125368;75.5;62.8
58;2021-08-12;1063;1112;151682;126480;76.0;63.4
58;2021-08-13;923;956;152605;127436;76.5;63.8
58;2021-08-14;231;316;152836;127752;76.6;64.0
58;2021-08-15;13;27;152849;127779;76.6;64.0
58;2021-08-16;310;1405;153159;129184;76.7;64.7
58;2021-08-17;797;1336;153956;130520;77.1;65.4
58;2021-08-18;763;1173;154719;131693;77.5;66.0
58;2021-08-19;721;1342;155440;133035;77.9;66.7
58;2021-08-20;705;1295;156145;134330;78.2;67.3
58;2021-08-21;248;476;156393;134806;78.4;67.5
58;2021-08-22;9;86;156402;134892;78.4;67.6
58;2021-08-23;416;814;156818;135706;78.6;68.0
58;2021-08-24;511;1479;157329;137185;78.8;68.7
58;2021-08-25;435;1543;157764;138728;79.0;69.5
58;2021-08-26;551;1732;158315;140460;79.3;70.4
58;2021-08-27;490;1563;158805;142023;79.6;71.2
58;2021-08-28;240;636;159045;142659;79.7;71.5
58;2021-08-29;9;42;159054;142701;79.7;71.5
58;2021-08-30;358;807;159412;143508;79.9;71.9
58;2021-08-31;467;1593;159879;145101;80.1;72.7
58;2021-09-01;411;1671;160290;146772;80.3;73.5
58;2021-09-02;286;1356;160576;148128;80.5;74.2
59;2020-12-27;1;0;1;0;0.0;0.0
59;2020-12-28;27;0;28;0;0.0;0.0
59;2020-12-29;0;0;28;0;0.0;0.0
59;2020-12-30;0;0;28;0;0.0;0.0
59;2020-12-31;1;0;29;0;0.0;0.0
59;2021-01-01;3;0;32;0;0.0;0.0
59;2021-01-02;3;0;35;0;0.0;0.0
59;2021-01-03;4;0;39;0;0.0;0.0
59;2021-01-04;79;0;118;0;0.0;0.0
59;2021-01-05;217;0;335;0;0.0;0.0
59;2021-01-06;429;2;764;2;0.0;0.0
59;2021-01-07;1314;0;2078;2;0.1;0.0
59;2021-01-08;1262;5;3340;7;0.1;0.0
59;2021-01-09;609;3;3949;10;0.2;0.0
59;2021-01-10;427;0;4376;10;0.2;0.0
59;2021-01-11;1846;5;6222;15;0.2;0.0
59;2021-01-12;2471;2;8693;17;0.3;0.0
59;2021-01-13;2367;3;11060;20;0.4;0.0
59;2021-01-14;2758;22;13818;42;0.5;0.0
59;2021-01-15;2275;16;16093;58;0.6;0.0
59;2021-01-16;771;1;16864;59;0.7;0.0
59;2021-01-17;560;1;17424;60;0.7;0.0
59;2021-01-18;3510;15;20934;75;0.8;0.0
59;2021-01-19;4754;8;25688;83;1.0;0.0
59;2021-01-20;4135;13;29823;96;1.2;0.0
59;2021-01-21;4730;40;34553;136;1.3;0.0
59;2021-01-22;4025;11;38578;147;1.5;0.0
59;2021-01-23;1215;3;39793;150;1.5;0.0
59;2021-01-24;168;0;39961;150;1.5;0.0
59;2021-01-25;2729;58;42690;208;1.6;0.0
59;2021-01-26;2809;137;45499;345;1.8;0.0
59;2021-01-27;1736;300;47235;645;1.8;0.0
59;2021-01-28;3399;754;50634;1399;2.0;0.1
59;2021-01-29;2541;780;53175;2179;2.1;0.1
59;2021-01-30;288;172;53463;2351;2.1;0.1
59;2021-01-31;24;0;53487;2351;2.1;0.1
59;2021-02-01;78;847;53565;3198;2.1;0.1
59;2021-02-02;686;1413;54251;4611;2.1;0.2
59;2021-02-03;3749;1418;58000;6029;2.2;0.2
59;2021-02-04;2965;1707;60965;7736;2.4;0.3
59;2021-02-05;1053;1366;62018;9102;2.4;0.4
59;2021-02-06;206;341;62224;9443;2.4;0.4
59;2021-02-07;268;49;62492;9492;2.4;0.4
59;2021-02-08;683;1538;63175;11030;2.4;0.4
59;2021-02-09;1014;1757;64189;12787;2.5;0.5
59;2021-02-10;976;1578;65165;14365;2.5;0.6
59;2021-02-11;1347;1763;66512;16128;2.6;0.6
59;2021-02-12;1413;1588;67925;17716;2.6;0.7
59;2021-02-13;207;708;68132;18424;2.6;0.7
59;2021-02-14;13;42;68145;18466;2.6;0.7
59;2021-02-15;1394;2806;69539;21272;2.7;0.8
59;2021-02-16;1436;3460;70975;24732;2.7;1.0
59;2021-02-17;1620;3558;72595;28290;2.8;1.1
59;2021-02-18;3105;4964;75700;33254;2.9;1.3
59;2021-02-19;3211;3496;78911;36750;3.0;1.4
59;2021-02-20;1414;1521;80325;38271;3.1;1.5
59;2021-02-21;242;258;80567;38529;3.1;1.5
59;2021-02-22;1431;2436;81998;40965;3.2;1.6
59;2021-02-23;2659;2771;84657;43736;3.3;1.7
59;2021-02-24;4107;4010;88764;47746;3.4;1.8
59;2021-02-25;6916;3682;95680;51428;3.7;2.0
59;2021-02-26;6494;1836;102174;53264;3.9;2.1
59;2021-02-27;3095;187;105269;53451;4.1;2.1
59;2021-02-28;208;60;105477;53511;4.1;2.1
59;2021-03-01;3693;654;109170;54165;4.2;2.1
59;2021-03-02;4794;566;113964;54731;4.4;2.1
59;2021-03-03;5747;989;119711;55720;4.6;2.2
59;2021-03-04;7085;940;126796;56660;4.9;2.2
59;2021-03-05;7834;969;134630;57629;5.2;2.2
59;2021-03-06;11559;524;146189;58153;5.6;2.2
59;2021-03-07;7586;348;153775;58501;5.9;2.3
59;2021-03-08;4496;1091;158271;59592;6.1;2.3
59;2021-03-09;6581;1422;164852;61014;6.4;2.4
59;2021-03-10;7027;1193;171879;62207;6.6;2.4
59;2021-03-11;9476;1879;181355;64086;7.0;2.5
59;2021-03-12;12157;1557;193512;65643;7.5;2.5
59;2021-03-13;16553;1089;210065;66732;8.1;2.6
59;2021-03-14;6962;325;217027;67057;8.4;2.6
59;2021-03-15;5616;1491;222643;68548;8.6;2.6
59;2021-03-16;3738;1328;226381;69876;8.7;2.7
59;2021-03-17;3855;2095;230236;71971;8.9;2.8
59;2021-03-18;3957;2483;234193;74454;9.0;2.9
59;2021-03-19;7742;1830;241935;76284;9.3;2.9
59;2021-03-20;16025;1278;257960;77562;10.0;3.0
59;2021-03-21;6315;448;264275;78010;10.2;3.0
59;2021-03-22;5447;1768;269722;79778;10.4;3.1
59;2021-03-23;7767;2811;277489;82589;10.7;3.2
59;2021-03-24;6861;2968;284350;85557;11.0;3.3
59;2021-03-25;10532;2554;294882;88111;11.4;3.4
59;2021-03-26;12251;2841;307133;90952;11.9;3.5
59;2021-03-27;15277;1142;322410;92094;12.5;3.6
59;2021-03-28;7983;358;330393;92452;12.8;3.6
59;2021-03-29;5495;3197;335888;95649;13.0;3.7
59;2021-03-30;7540;3757;343428;99406;13.3;3.8
59;2021-03-31;6154;4098;349582;103504;13.5;4.0
59;2021-04-01;7488;4919;357070;108423;13.8;4.2
59;2021-04-02;7647;5516;364717;113939;14.1;4.4
59;2021-04-03;13019;4300;377736;118239;14.6;4.6
59;2021-04-04;5350;2181;383086;120420;14.8;4.7
59;2021-04-05;6015;1536;389101;121956;15.0;4.7
59;2021-04-06;5405;4492;394506;126448;15.2;4.9
59;2021-04-07;7626;5434;402132;131882;15.5;5.1
59;2021-04-08;10393;5762;412525;137644;15.9;5.3
59;2021-04-09;13419;5932;425944;143576;16.5;5.5
59;2021-04-10;11479;6142;437423;149718;16.9;5.8
59;2021-04-11;4636;3565;442059;153283;17.1;5.9
59;2021-04-12;6305;4349;448364;157632;17.3;6.1
59;2021-04-13;8935;4792;457299;162424;17.7;6.3
59;2021-04-14;8789;4343;466088;166767;18.0;6.4
59;2021-04-15;10310;4850;476398;171617;18.4;6.6
59;2021-04-16;10881;5502;487279;177119;18.8;6.8
59;2021-04-17;7299;9081;494578;186200;19.1;7.2
59;2021-04-18;3230;4165;497808;190365;19.2;7.4
59;2021-04-19;5045;4298;502853;194663;19.4;7.5
59;2021-04-20;6896;4211;509749;198874;19.7;7.7
59;2021-04-21;6274;4428;516023;203302;19.9;7.9
59;2021-04-22;8613;5519;524636;208821;20.3;8.1
59;2021-04-23;8459;5689;533095;214510;20.6;8.3
59;2021-04-24;5538;8064;538633;222574;20.8;8.6
59;2021-04-25;3244;6077;541877;228651;20.9;8.8
59;2021-04-26;6492;3799;548369;232450;21.2;9.0
59;2021-04-27;8366;5193;556735;237643;21.5;9.2
59;2021-04-28;8771;6572;565506;244215;21.8;9.4
59;2021-04-29;9415;8568;574921;252783;22.2;9.8
59;2021-04-30;10605;8550;585526;261333;22.6;10.1
59;2021-05-01;11999;7595;597525;268928;23.1;10.4
59;2021-05-02;8646;5990;606171;274918;23.4;10.6
59;2021-05-03;9556;5064;615727;279982;23.8;10.8
59;2021-05-04;11424;6005;627151;285987;24.2;11.0
59;2021-05-05;10296;6219;637447;292206;24.6;11.3
59;2021-05-06;11197;8457;648644;300663;25.1;11.6
59;2021-05-07;13299;9622;661943;310285;25.6;12.0
59;2021-05-08;14745;4169;676688;314454;26.1;12.1
59;2021-05-09;11491;3334;688179;317788;26.6;12.3
59;2021-05-10;12746;6645;700925;324433;27.1;12.5
59;2021-05-11;15112;8337;716037;332770;27.7;12.9
59;2021-05-12;16630;8650;732667;341420;28.3;13.2
59;2021-05-13;18443;3457;751110;344877;29.0;13.3
59;2021-05-14;15781;6976;766891;351853;29.6;13.6
59;2021-05-15;23449;5295;790340;357148;30.5;13.8
59;2021-05-16;21184;2413;811524;359561;31.3;13.9
59;2021-05-17;15073;5274;826597;364835;31.9;14.1
59;2021-05-18;16927;5675;843524;370510;32.6;14.3
59;2021-05-19;18323;5113;861847;375623;33.3;14.5
59;2021-05-20;17933;7012;879780;382635;34.0;14.8
59;2021-05-21;18372;8301;898152;390936;34.7;15.1
59;2021-05-22;23816;5692;921968;396628;35.6;15.3
59;2021-05-23;17922;2273;939890;398901;36.3;15.4
59;2021-05-24;16688;2136;956578;401037;36.9;15.5
59;2021-05-25;14991;6674;971569;407711;37.5;15.7
59;2021-05-26;15895;7046;987464;414757;38.1;16.0
59;2021-05-27;16152;9174;1003616;423931;38.8;16.4
59;2021-05-28;15888;11470;1019504;435401;39.4;16.8
59;2021-05-29;14374;8722;1033878;444123;39.9;17.2
59;2021-05-30;8407;1842;1042285;445965;40.3;17.2
59;2021-05-31;14210;7977;1056495;453942;40.8;17.5
59;2021-06-01;15092;10402;1071587;464344;41.4;17.9
59;2021-06-02;14768;9940;1086355;474284;42.0;18.3
59;2021-06-03;15631;12139;1101986;486423;42.6;18.8
59;2021-06-04;15609;13487;1117595;499910;43.2;19.3
59;2021-06-05;14982;9344;1132577;509254;43.7;19.7
59;2021-06-06;8832;3207;1141409;512461;44.1;19.8
59;2021-06-07;10526;9439;1151935;521900;44.5;20.2
59;2021-06-08;11763;11094;1163698;532994;44.9;20.6
59;2021-06-09;10762;11912;1174460;544906;45.4;21.0
59;2021-06-10;11501;12344;1185961;557250;45.8;21.5
59;2021-06-11;10978;16008;1196939;573258;46.2;22.1
59;2021-06-12;11075;13684;1208014;586942;46.7;22.7
59;2021-06-13;6344;7032;1214358;593974;46.9;22.9
59;2021-06-14;6510;12697;1220868;606671;47.2;23.4
59;2021-06-15;8236;15955;1229104;622626;47.5;24.0
59;2021-06-16;9205;13553;1238309;636179;47.8;24.6
59;2021-06-17;9191;15658;1247500;651837;48.2;25.2
59;2021-06-18;9087;20062;1256587;671899;48.5;26.0
59;2021-06-19;8956;17493;1265543;689392;48.9;26.6
59;2021-06-20;4900;10191;1270443;699583;49.1;27.0
59;2021-06-21;5280;15969;1275723;715552;49.3;27.6
59;2021-06-22;6334;18687;1282057;734239;49.5;28.4
59;2021-06-23;6168;19087;1288225;753326;49.8;29.1
59;2021-06-24;7336;20533;1295561;773859;50.0;29.9
59;2021-06-25;6508;21206;1302069;795065;50.3;30.7
59;2021-06-26;6487;23754;1308556;818819;50.5;31.6
59;2021-06-27;4755;17077;1313311;835896;50.7;32.3
59;2021-06-28;5005;19828;1318316;855724;50.9;33.1
59;2021-06-29;5553;20376;1323869;876100;51.1;33.8
59;2021-06-30;6133;20102;1330002;896202;51.4;34.6
59;2021-07-01;6792;20840;1336794;917042;51.6;35.4
59;2021-07-02;6839;23250;1343633;940292;51.9;36.3
59;2021-07-03;5563;24622;1349196;964914;52.1;37.3
59;2021-07-04;4416;15978;1353612;980892;52.3;37.9
59;2021-07-05;5670;17491;1359282;998383;52.5;38.6
59;2021-07-06;6602;18803;1365884;1017186;52.8;39.3
59;2021-07-07;6944;17457;1372828;1034643;53.0;40.0
59;2021-07-08;8026;17699;1380854;1052342;53.3;40.6
59;2021-07-09;7705;20303;1388559;1072645;53.6;41.4
59;2021-07-10;7448;18538;1396007;1091183;53.9;42.1
59;2021-07-11;4452;10231;1400459;1101414;54.1;42.5
59;2021-07-12;5912;18045;1406371;1119459;54.3;43.2
59;2021-07-13;9912;20766;1416283;1140225;54.7;44.0
59;2021-07-14;9783;8456;1426066;1148681;55.1;44.4
59;2021-07-15;11634;20406;1437700;1169087;55.5;45.2
59;2021-07-16;13221;20513;1450921;1189600;56.0;45.9
59;2021-07-17;12395;17471;1463316;1207071;56.5;46.6
59;2021-07-18;7964;8681;1471280;1215752;56.8;47.0
59;2021-07-19;10403;16458;1481683;1232210;57.2;47.6
59;2021-07-20;13415;17130;1495098;1249340;57.7;48.3
59;2021-07-21;14526;15601;1509624;1264941;58.3;48.9
59;2021-07-22;17068;15215;1526692;1280156;59.0;49.4
59;2021-07-23;15726;15842;1542418;1295998;59.6;50.1
59;2021-07-24;16354;12297;1558772;1308295;60.2;50.5
59;2021-07-25;11920;7331;1570692;1315626;60.7;50.8
59;2021-07-26;13042;12609;1583734;1328235;61.2;51.3
59;2021-07-27;16236;11978;1599970;1340213;61.8;51.8
59;2021-07-28;17450;11665;1617420;1351878;62.5;52.2
59;2021-07-29;17417;11669;1634837;1363547;63.1;52.7
59;2021-07-30;15915;11608;1650752;1375155;63.8;53.1
59;2021-07-31;14012;9194;1664764;1384349;64.3;53.5
59;2021-08-01;9951;4563;1674715;1388912;64.7;53.6
59;2021-08-02;12169;10022;1686884;1398934;65.2;54.0
59;2021-08-03;13428;10048;1700312;1408982;65.7;54.4
59;2021-08-04;11215;8281;1711527;1417263;66.1;54.7
59;2021-08-05;12703;9787;1724230;1427050;66.6;55.1
59;2021-08-06;12534;11041;1736764;1438091;67.1;55.5
59;2021-08-07;9725;9300;1746489;1447391;67.5;55.9
59;2021-08-08;6952;5253;1753441;1452644;67.7;56.1
59;2021-08-09;8385;10823;1761826;1463467;68.1;56.5
59;2021-08-10;10374;10779;1772200;1474246;68.5;56.9
59;2021-08-11;8636;9314;1780836;1483560;68.8;57.3
59;2021-08-12;8973;12070;1789809;1495630;69.1;57.8
59;2021-08-13;8450;11743;1798259;1507373;69.5;58.2
59;2021-08-14;5927;10384;1804186;1517757;69.7;58.6
59;2021-08-15;3367;4663;1807553;1522420;69.8;58.8
59;2021-08-16;5835;13857;1813388;1536277;70.0;59.3
59;2021-08-17;6921;12759;1820309;1549036;70.3;59.8
59;2021-08-18;5877;11463;1826186;1560499;70.5;60.3
59;2021-08-19;6297;13852;1832483;1574351;70.8;60.8
59;2021-08-20;5798;14566;1838281;1588917;71.0;61.4
59;2021-08-21;4156;10273;1842437;1599190;71.2;61.8
59;2021-08-22;2831;7639;1845268;1606829;71.3;62.1
59;2021-08-23;4757;15713;1850025;1622542;71.5;62.7
59;2021-08-24;5272;15178;1855297;1637720;71.7;63.3
59;2021-08-25;4630;13065;1859927;1650785;71.8;63.8
59;2021-08-26;5178;14329;1865105;1665114;72.0;64.3
59;2021-08-27;4951;15395;1870056;1680509;72.2;64.9
59;2021-08-28;3786;12348;1873842;1692857;72.4;65.4
59;2021-08-29;1931;8420;1875773;1701277;72.5;65.7
59;2021-08-30;3829;12917;1879602;1714194;72.6;66.2
59;2021-08-31;3784;12918;1883386;1727112;72.7;66.7
59;2021-09-01;3248;10675;1886634;1737787;72.9;67.1
59;2021-09-02;3142;10892;1889776;1748679;73.0;67.5
60;2020-12-27;0;0;0;0;0.0;0.0
60;2020-12-28;0;0;0;0;0.0;0.0
60;2020-12-29;1;0;1;0;0.0;0.0
60;2020-12-30;0;0;1;0;0.0;0.0
60;2020-12-31;0;0;1;0;0.0;0.0
60;2021-01-01;0;0;1;0;0.0;0.0
60;2021-01-02;5;0;6;0;0.0;0.0
60;2021-01-03;1;0;7;0;0.0;0.0
60;2021-01-04;1;0;8;0;0.0;0.0
60;2021-01-05;37;0;45;0;0.0;0.0
60;2021-01-06;188;3;233;3;0.0;0.0
60;2021-01-07;236;4;469;7;0.1;0.0
60;2021-01-08;380;3;849;10;0.1;0.0
60;2021-01-09;3;0;852;10;0.1;0.0
60;2021-01-10;60;0;912;10;0.1;0.0
60;2021-01-11;342;2;1254;12;0.2;0.0
60;2021-01-12;535;2;1789;14;0.2;0.0
60;2021-01-13;476;5;2265;19;0.3;0.0
60;2021-01-14;507;6;2772;25;0.3;0.0
60;2021-01-15;702;7;3474;32;0.4;0.0
60;2021-01-16;124;1;3598;33;0.4;0.0
60;2021-01-17;32;0;3630;33;0.4;0.0
60;2021-01-18;859;7;4489;40;0.5;0.0
60;2021-01-19;1201;11;5690;51;0.7;0.0
60;2021-01-20;1716;11;7406;62;0.9;0.0
60;2021-01-21;2262;10;9668;72;1.2;0.0
60;2021-01-22;1542;15;11210;87;1.4;0.0
60;2021-01-23;499;4;11709;91;1.4;0.0
60;2021-01-24;61;1;11770;92;1.4;0.0
60;2021-01-25;897;14;12667;106;1.5;0.0
60;2021-01-26;950;14;13617;120;1.7;0.0
60;2021-01-27;646;6;14263;126;1.7;0.0
60;2021-01-28;395;168;14658;294;1.8;0.0
60;2021-01-29;77;105;14735;399;1.8;0.0
60;2021-01-30;0;1;14735;400;1.8;0.0
60;2021-01-31;22;60;14757;460;1.8;0.1
60;2021-02-01;39;105;14796;565;1.8;0.1
60;2021-02-02;26;155;14822;720;1.8;0.1
60;2021-02-03;164;235;14986;955;1.8;0.1
60;2021-02-04;170;336;15156;1291;1.8;0.2
60;2021-02-05;315;474;15471;1765;1.9;0.2
60;2021-02-06;65;78;15536;1843;1.9;0.2
60;2021-02-07;31;31;15567;1874;1.9;0.2
60;2021-02-08;328;505;15895;2379;1.9;0.3
60;2021-02-09;319;466;16214;2845;2.0;0.3
60;2021-02-10;555;980;16769;3825;2.0;0.5
60;2021-02-11;937;1125;17706;4950;2.1;0.6
60;2021-02-12;913;852;18619;5802;2.3;0.7
60;2021-02-13;91;307;18710;6109;2.3;0.7
60;2021-02-14;24;85;18734;6194;2.3;0.8
60;2021-02-15;612;772;19346;6966;2.3;0.8
60;2021-02-16;580;904;19926;7870;2.4;1.0
60;2021-02-17;633;905;20559;8775;2.5;1.1
60;2021-02-18;684;806;21243;9581;2.6;1.2
60;2021-02-19;641;744;21884;10325;2.7;1.3
60;2021-02-20;104;184;21988;10509;2.7;1.3
60;2021-02-21;23;115;22011;10624;2.7;1.3
60;2021-02-22;461;851;22472;11475;2.7;1.4
60;2021-02-23;535;761;23007;12236;2.8;1.5
60;2021-02-24;794;534;23801;12770;2.9;1.5
60;2021-02-25;1095;296;24896;13066;3.0;1.6
60;2021-02-26;1298;188;26194;13254;3.2;1.6
60;2021-02-27;666;35;26860;13289;3.3;1.6
60;2021-02-28;7;10;26867;13299;3.3;1.6
60;2021-03-01;894;50;27761;13349;3.4;1.6
60;2021-03-02;1013;168;28774;13517;3.5;1.6
60;2021-03-03;1321;451;30095;13968;3.6;1.7
60;2021-03-04;1725;521;31820;14489;3.9;1.8
60;2021-03-05;1822;291;33642;14780;4.1;1.8
60;2021-03-06;1920;143;35562;14923;4.3;1.8
60;2021-03-07;885;33;36447;14956;4.4;1.8
60;2021-03-08;978;314;37425;15270;4.5;1.9
60;2021-03-09;1642;359;39067;15629;4.7;1.9
60;2021-03-10;1938;433;41005;16062;5.0;1.9
60;2021-03-11;2325;387;43330;16449;5.3;2.0
60;2021-03-12;2595;544;45925;16993;5.6;2.1
60;2021-03-13;3839;214;49764;17207;6.0;2.1
60;2021-03-14;1782;59;51546;17266;6.2;2.1
60;2021-03-15;2090;501;53636;17767;6.5;2.2
60;2021-03-16;1583;626;55219;18393;6.7;2.2
60;2021-03-17;1658;620;56877;19013;6.9;2.3
60;2021-03-18;1759;739;58636;19752;7.1;2.4
60;2021-03-19;2591;531;61227;20283;7.4;2.5
60;2021-03-20;3241;195;64468;20478;7.8;2.5
60;2021-03-21;2125;97;66593;20575;8.1;2.5
60;2021-03-22;2133;710;68726;21285;8.3;2.6
60;2021-03-23;3308;727;72034;22012;8.7;2.7
60;2021-03-24;3070;877;75104;22889;9.1;2.8
60;2021-03-25;3849;851;78953;23740;9.6;2.9
60;2021-03-26;4217;874;83170;24614;10.1;3.0
60;2021-03-27;4142;317;87312;24931;10.6;3.0
60;2021-03-28;2450;84;89762;25015;10.9;3.0
60;2021-03-29;2610;1086;92372;26101;11.2;3.2
60;2021-03-30;3285;1081;95657;27182;11.6;3.3
60;2021-03-31;2669;1143;98326;28325;11.9;3.4
60;2021-04-01;2562;1104;100888;29429;12.2;3.6
60;2021-04-02;3308;1108;104196;30537;12.6;3.7
60;2021-04-03;3171;1011;107367;31548;13.0;3.8
60;2021-04-04;876;486;108243;32034;13.1;3.9
60;2021-04-05;458;82;108701;32116;13.2;3.9
60;2021-04-06;1966;1624;110667;33740;13.4;4.1
60;2021-04-07;1984;1751;112651;35491;13.7;4.3
60;2021-04-08;2612;1497;115263;36988;14.0;4.5
60;2021-04-09;2998;1522;118261;38510;14.3;4.7
60;2021-04-10;2928;1587;121189;40097;14.7;4.9
60;2021-04-11;1046;1000;122235;41097;14.8;5.0
60;2021-04-12;2045;1722;124280;42819;15.1;5.2
60;2021-04-13;2749;1786;127029;44605;15.4;5.4
60;2021-04-14;3144;1823;130173;46428;15.8;5.6
60;2021-04-15;3561;1894;133734;48322;16.2;5.9
60;2021-04-16;3290;1951;137024;50273;16.6;6.1
60;2021-04-17;2848;2171;139872;52444;17.0;6.4
60;2021-04-18;573;1833;140445;54277;17.0;6.6
60;2021-04-19;1742;2215;142187;56492;17.2;6.8
60;2021-04-20;2129;2679;144316;59171;17.5;7.2
60;2021-04-21;2653;2208;146969;61379;17.8;7.4
60;2021-04-22;2631;2511;149600;63890;18.1;7.7
60;2021-04-23;2650;2504;152250;66394;18.5;8.0
60;2021-04-24;2471;3458;154721;69852;18.8;8.5
60;2021-04-25;1161;1963;155882;71815;18.9;8.7
60;2021-04-26;1890;2532;157772;74347;19.1;9.0
60;2021-04-27;2310;2847;160082;77194;19.4;9.4
60;2021-04-28;3062;2400;163144;79594;19.8;9.6
60;2021-04-29;3154;2626;166298;82220;20.2;10.0
60;2021-04-30;3459;2968;169757;85188;20.6;10.3
60;2021-05-01;2355;1123;172112;86311;20.9;10.5
60;2021-05-02;2148;845;174260;87156;21.1;10.6
60;2021-05-03;2955;1854;177215;89010;21.5;10.8
60;2021-05-04;3018;2359;180233;91369;21.8;11.1
60;2021-05-05;3260;2811;183493;94180;22.2;11.4
60;2021-05-06;3649;2482;187142;96662;22.7;11.7
60;2021-05-07;3985;2522;191127;99184;23.2;12.0
60;2021-05-08;3583;973;194710;100157;23.6;12.1
60;2021-05-09;3459;956;198169;101113;24.0;12.3
60;2021-05-10;2391;2293;200560;103406;24.3;12.5
60;2021-05-11;3670;2470;204230;105876;24.8;12.8
60;2021-05-12;4718;2550;208948;108426;25.3;13.1
60;2021-05-13;5292;1129;214240;109555;26.0;13.3
60;2021-05-14;5603;1810;219843;111365;26.6;13.5
60;2021-05-15;6173;1719;226016;113084;27.4;13.7
60;2021-05-16;4861;690;230877;113774;28.0;13.8
60;2021-05-17;3716;1677;234593;115451;28.4;14.0
60;2021-05-18;4049;2082;238642;117533;28.9;14.2
60;2021-05-19;5098;1857;243740;119390;29.5;14.5
60;2021-05-20;5458;1799;249198;121189;30.2;14.7
60;2021-05-21;5974;1978;255172;123167;30.9;14.9
60;2021-05-22;5356;1979;260528;125146;31.6;15.2
60;2021-05-23;4267;659;264795;125805;32.1;15.2
60;2021-05-24;2951;535;267746;126340;32.5;15.3
60;2021-05-25;4139;2003;271885;128343;33.0;15.6
60;2021-05-26;4466;1834;276351;130177;33.5;15.8
60;2021-05-27;4613;1997;280964;132174;34.1;16.0
60;2021-05-28;4628;2507;285592;134681;34.6;16.3
60;2021-05-29;4612;2275;290204;136956;35.2;16.6
60;2021-05-30;1086;348;291290;137304;35.3;16.6
60;2021-05-31;3831;2083;295121;139387;35.8;16.9
60;2021-06-01;4444;2854;299565;142241;36.3;17.2
60;2021-06-02;3915;2452;303480;144693;36.8;17.5
60;2021-06-03;3905;2380;307385;147073;37.3;17.8
60;2021-06-04;4652;2906;312037;149979;37.8;18.2
60;2021-06-05;4303;3422;316340;153401;38.3;18.6
60;2021-06-06;2159;794;318499;154195;38.6;18.7
60;2021-06-07;2777;2761;321276;156956;38.9;19.0
60;2021-06-08;3802;3013;325078;159969;39.4;19.4
60;2021-06-09;3246;3401;328324;163370;39.8;19.8
60;2021-06-10;3456;3371;331780;166741;40.2;20.2
60;2021-06-11;3881;4196;335661;170937;40.7;20.7
60;2021-06-12;3779;4281;339440;175218;41.1;21.2
60;2021-06-13;1156;2225;340596;177443;41.3;21.5
60;2021-06-14;1910;3305;342506;180748;41.5;21.9
60;2021-06-15;3016;4167;345522;184915;41.9;22.4
60;2021-06-16;3252;4490;348774;189405;42.3;23.0
60;2021-06-17;2977;4785;351751;194190;42.6;23.5
60;2021-06-18;2984;4605;354735;198795;43.0;24.1
60;2021-06-19;3145;4726;357880;203521;43.4;24.7
60;2021-06-20;1429;1935;359309;205456;43.5;24.9
60;2021-06-21;1408;4041;360717;209497;43.7;25.4
60;2021-06-22;1759;5295;362476;214792;43.9;26.0
60;2021-06-23;1862;5240;364338;220032;44.2;26.7
60;2021-06-24;1804;5604;366142;225636;44.4;27.3
60;2021-06-25;1903;5732;368045;231368;44.6;28.0
60;2021-06-26;1861;6978;369906;238346;44.8;28.9
60;2021-06-27;715;2594;370621;240940;44.9;29.2
60;2021-06-28;1782;4142;372403;245082;45.1;29.7
60;2021-06-29;2014;5469;374417;250551;45.4;30.4
60;2021-06-30;2298;5360;376715;255911;45.7;31.0
60;2021-07-01;1891;4917;378606;260828;45.9;31.6
60;2021-07-02;2370;5882;380976;266710;46.2;32.3
60;2021-07-03;2403;6163;383379;272873;46.5;33.1
60;2021-07-04;792;2726;384171;275599;46.6;33.4
60;2021-07-05;1659;4402;385830;280001;46.8;33.9
60;2021-07-06;2145;4502;387975;284503;47.0;34.5
60;2021-07-07;2172;5120;390147;289623;47.3;35.1
60;2021-07-08;2672;4691;392819;294314;47.6;35.7
60;2021-07-09;2642;5565;395461;299879;47.9;36.3
60;2021-07-10;2581;5876;398042;305755;48.2;37.1
60;2021-07-11;1215;1942;399257;307697;48.4;37.3
60;2021-07-12;1445;4738;400702;312435;48.6;37.9
60;2021-07-13;2912;5024;403614;317459;48.9;38.5
60;2021-07-14;2582;1410;406196;318869;49.2;38.6
60;2021-07-15;3430;4874;409626;323743;49.6;39.2
60;2021-07-16;3699;5242;413325;328985;50.1;39.9
60;2021-07-17;4079;5135;417404;334120;50.6;40.5
60;2021-07-18;2186;2129;419590;336249;50.9;40.8
60;2021-07-19;2542;3892;422132;340141;51.2;41.2
60;2021-07-20;4198;4904;426330;345045;51.7;41.8
60;2021-07-21;4354;4281;430684;349326;52.2;42.3
60;2021-07-22;4628;4331;435312;353657;52.8;42.9
60;2021-07-23;4983;4907;440295;358564;53.4;43.5
60;2021-07-24;4316;4674;444611;363238;53.9;44.0
60;2021-07-25;2603;1828;447214;365066;54.2;44.2
60;2021-07-26;3379;3763;450593;368829;54.6;44.7
60;2021-07-27;4437;4631;455030;373460;55.2;45.3
60;2021-07-28;4547;3767;459577;377227;55.7;45.7
60;2021-07-29;4897;3711;464474;380938;56.3;46.2
60;2021-07-30;5024;4255;469498;385193;56.9;46.7
60;2021-07-31;4060;3970;473558;389163;57.4;47.2
60;2021-08-01;1683;862;475241;390025;57.6;47.3
60;2021-08-02;3172;2753;478413;392778;58.0;47.6
60;2021-08-03;3581;2894;481994;395672;58.4;48.0
60;2021-08-04;3304;2802;485298;398474;58.8;48.3
60;2021-08-05;3026;2257;488324;400731;59.2;48.6
60;2021-08-06;3825;3064;492149;403795;59.6;48.9
60;2021-08-07;3364;3075;495513;406870;60.1;49.3
60;2021-08-08;1533;910;497046;407780;60.2;49.4
60;2021-08-09;2195;2868;499241;410648;60.5;49.8
60;2021-08-10;3269;3307;502510;413955;60.9;50.2
60;2021-08-11;2785;3235;505295;417190;61.2;50.6
60;2021-08-12;2352;2661;507647;419851;61.5;50.9
60;2021-08-13;2737;2999;510384;422850;61.9;51.2
60;2021-08-14;2536;2728;512920;425578;62.2;51.6
60;2021-08-15;1359;548;514279;426126;62.3;51.6
60;2021-08-16;2036;3776;516315;429902;62.6;52.1
60;2021-08-17;2337;3822;518652;433724;62.9;52.6
60;2021-08-18;1934;3292;520586;437016;63.1;53.0
60;2021-08-19;1639;3090;522225;440106;63.3;53.3
60;2021-08-20;1851;3997;524076;444103;63.5;53.8
60;2021-08-21;1598;3488;525674;447591;63.7;54.2
60;2021-08-22;572;1335;526246;448926;63.8;54.4
60;2021-08-23;1097;3235;527343;452161;63.9;54.8
60;2021-08-24;1367;4488;528710;456649;64.1;55.3
60;2021-08-25;1431;3577;530141;460226;64.3;55.8
60;2021-08-26;1423;3448;531564;463674;64.4;56.2
60;2021-08-27;1422;4163;532986;467837;64.6;56.7
60;2021-08-28;1370;4472;534356;472309;64.8;57.2
60;2021-08-29;547;2032;534903;474341;64.8;57.5
60;2021-08-30;1226;2996;536129;477337;65.0;57.9
60;2021-08-31;1625;3836;537754;481173;65.2;58.3
60;2021-09-01;1218;2781;538972;483954;65.3;58.7
60;2021-09-02;1051;2704;540023;486658;65.5;59.0
61;2020-12-27;0;0;0;0;0.0;0.0
61;2020-12-28;0;0;0;0;0.0;0.0
61;2020-12-29;0;0;0;0;0.0;0.0
61;2020-12-30;0;0;0;0;0.0;0.0
61;2020-12-31;0;0;0;0;0.0;0.0
61;2021-01-01;1;0;1;0;0.0;0.0
61;2021-01-02;1;0;2;0;0.0;0.0
61;2021-01-03;0;0;2;0;0.0;0.0
61;2021-01-04;1;0;3;0;0.0;0.0
61;2021-01-05;3;0;6;0;0.0;0.0
61;2021-01-06;76;0;82;0;0.0;0.0
61;2021-01-07;175;2;257;2;0.1;0.0
61;2021-01-08;406;1;663;3;0.2;0.0
61;2021-01-09;165;1;828;4;0.3;0.0
61;2021-01-10;49;0;877;4;0.3;0.0
61;2021-01-11;396;1;1273;5;0.5;0.0
61;2021-01-12;681;2;1954;7;0.7;0.0
61;2021-01-13;740;1;2694;8;1.0;0.0
61;2021-01-14;530;8;3224;16;1.2;0.0
61;2021-01-15;537;4;3761;20;1.4;0.0
61;2021-01-16;289;1;4050;21;1.5;0.0
61;2021-01-17;856;7;4906;28;1.8;0.0
61;2021-01-18;1913;3;6819;31;2.5;0.0
61;2021-01-19;1323;3;8142;34;2.9;0.0
61;2021-01-20;683;0;8825;34;3.2;0.0
61;2021-01-21;847;1;9672;35;3.5;0.0
61;2021-01-22;764;1;10436;36;3.8;0.0
61;2021-01-23;257;2;10693;38;3.9;0.0
61;2021-01-24;228;0;10921;38;3.9;0.0
61;2021-01-25;578;1;11499;39;4.2;0.0
61;2021-01-26;559;0;12058;39;4.4;0.0
61;2021-01-27;569;14;12627;53;4.6;0.0
61;2021-01-28;464;52;13091;105;4.7;0.0
61;2021-01-29;479;203;13570;308;4.9;0.1
61;2021-01-30;212;3;13782;311;5.0;0.1
61;2021-01-31;106;0;13888;311;5.0;0.1
61;2021-02-01;430;186;14318;497;5.2;0.2
61;2021-02-02;387;424;14705;921;5.3;0.3
61;2021-02-03;413;487;15118;1408;5.5;0.5
61;2021-02-04;390;333;15508;1741;5.6;0.6
61;2021-02-05;538;357;16046;2098;5.8;0.8
61;2021-02-06;200;92;16246;2190;5.9;0.8
61;2021-02-07;45;199;16291;2389;5.9;0.9
61;2021-02-08;540;1384;16831;3773;6.1;1.4
61;2021-02-09;405;785;17236;4558;6.2;1.6
61;2021-02-10;277;545;17513;5103;6.3;1.8
61;2021-02-11;432;532;17945;5635;6.5;2.0
61;2021-02-12;402;707;18347;6342;6.6;2.3
61;2021-02-13;132;404;18479;6746;6.7;2.4
61;2021-02-14;2;294;18481;7040;6.7;2.5
61;2021-02-15;172;796;18653;7836;6.7;2.8
61;2021-02-16;203;652;18856;8488;6.8;3.1
61;2021-02-17;44;600;18900;9088;6.8;3.3
61;2021-02-18;161;490;19061;9578;6.9;3.5
61;2021-02-19;101;368;19162;9946;6.9;3.6
61;2021-02-20;40;235;19202;10181;6.9;3.7
61;2021-02-21;2;152;19204;10333;6.9;3.7
61;2021-02-22;88;542;19292;10875;7.0;3.9
61;2021-02-23;111;474;19403;11349;7.0;4.1
61;2021-02-24;173;543;19576;11892;7.1;4.3
61;2021-02-25;265;430;19841;12322;7.2;4.4
61;2021-02-26;266;446;20107;12768;7.3;4.6
61;2021-02-27;109;218;20216;12986;7.3;4.7
61;2021-02-28;4;121;20220;13107;7.3;4.7
61;2021-03-01;217;599;20437;13706;7.4;4.9
61;2021-03-02;148;693;20585;14399;7.4;5.2
61;2021-03-03;142;442;20727;14841;7.5;5.4
61;2021-03-04;431;440;21158;15281;7.6;5.5
61;2021-03-05;701;295;21859;15576;7.9;5.6
61;2021-03-06;436;229;22295;15805;8.1;5.7
61;2021-03-07;155;2;22450;15807;8.1;5.7
61;2021-03-08;298;314;22748;16121;8.2;5.8
61;2021-03-09;622;182;23370;16303;8.4;5.9
61;2021-03-10;672;189;24042;16492;8.7;6.0
61;2021-03-11;1121;130;25163;16622;9.1;6.0
61;2021-03-12;1467;102;26630;16724;9.6;6.0
61;2021-03-13;775;54;27405;16778;9.9;6.1
61;2021-03-14;226;6;27631;16784;10.0;6.1
61;2021-03-15;814;35;28445;16819;10.3;6.1
61;2021-03-16;720;22;29165;16841;10.5;6.1
61;2021-03-17;761;13;29926;16854;10.8;6.1
61;2021-03-18;858;28;30784;16882;11.1;6.1
61;2021-03-19;1027;50;31811;16932;11.5;6.1
61;2021-03-20;471;14;32282;16946;11.7;6.1
61;2021-03-21;71;2;32353;16948;11.7;6.1
61;2021-03-22;796;90;33149;17038;12.0;6.2
61;2021-03-23;920;39;34069;17077;12.3;6.2
61;2021-03-24;1372;70;35441;17147;12.8;6.2
61;2021-03-25;1876;66;37317;17213;13.5;6.2
61;2021-03-26;1799;44;39116;17257;14.1;6.2
61;2021-03-27;1083;18;40199;17275;14.5;6.2
61;2021-03-28;359;9;40558;17284;14.6;6.2
61;2021-03-29;1271;183;41829;17467;15.1;6.3
61;2021-03-30;1471;96;43300;17563;15.6;6.3
61;2021-03-31;1686;51;44986;17614;16.2;6.4
61;2021-04-01;2051;229;47037;17843;17.0;6.4
61;2021-04-02;1520;434;48557;18277;17.5;6.6
61;2021-04-03;640;288;49197;18565;17.8;6.7
61;2021-04-04;193;1;49390;18566;17.8;6.7
61;2021-04-05;532;8;49922;18574;18.0;6.7
61;2021-04-06;1354;620;51276;19194;18.5;6.9
61;2021-04-07;1699;661;52975;19855;19.1;7.2
61;2021-04-08;2268;832;55243;20687;20.0;7.5
61;2021-04-09;2138;839;57381;21526;20.7;7.8
61;2021-04-10;1534;487;58915;22013;21.3;7.9
61;2021-04-11;238;199;59153;22212;21.4;8.0
61;2021-04-12;1289;736;60442;22948;21.8;8.3
61;2021-04-13;1740;705;62182;23653;22.5;8.5
61;2021-04-14;1735;785;63917;24438;23.1;8.8
61;2021-04-15;2268;781;66185;25219;23.9;9.1
61;2021-04-16;2223;686;68408;25905;24.7;9.4
61;2021-04-17;1487;324;69895;26229;25.2;9.5
61;2021-04-18;538;99;70433;26328;25.4;9.5
61;2021-04-19;938;748;71371;27076;25.8;9.8
61;2021-04-20;1524;786;72895;27862;26.3;10.1
61;2021-04-21;1352;1041;74247;28903;26.8;10.4
61;2021-04-22;1293;1219;75540;30122;27.3;10.9
61;2021-04-23;1217;1148;76757;31270;27.7;11.3
61;2021-04-24;1437;818;78194;32088;28.2;11.6
61;2021-04-25;361;333;78555;32421;28.4;11.7
61;2021-04-26;670;1144;79225;33565;28.6;12.1
61;2021-04-27;1464;1145;80689;34710;29.1;12.5
61;2021-04-28;1386;1391;82075;36101;29.6;13.0
61;2021-04-29;1247;1861;83322;37962;30.1;13.7
61;2021-04-30;1721;1172;85043;39134;30.7;14.1
61;2021-05-01;788;321;85831;39455;31.0;14.2
61;2021-05-02;438;225;86269;39680;31.2;14.3
61;2021-05-03;844;1250;87113;40930;31.5;14.8
61;2021-05-04;1326;1754;88439;42684;31.9;15.4
61;2021-05-05;1009;2030;89448;44714;32.3;16.1
61;2021-05-06;1772;2211;91220;46925;32.9;16.9
61;2021-05-07;1376;1971;92596;48896;33.4;17.7
61;2021-05-08;930;473;93526;49369;33.8;17.8
61;2021-05-09;394;293;93920;49662;33.9;17.9
61;2021-05-10;988;1752;94908;51414;34.3;18.6
61;2021-05-11;1375;1516;96283;52930;34.8;19.1
61;2021-05-12;1870;1593;98153;54523;35.4;19.7
61;2021-05-13;889;491;99042;55014;35.8;19.9
61;2021-05-14;1852;1191;100894;56205;36.4;20.3
61;2021-05-15;2103;1119;102997;57324;37.2;20.7
61;2021-05-16;984;300;103981;57624;37.6;20.8
61;2021-05-17;1312;914;105293;58538;38.0;21.1
61;2021-05-18;2424;894;107717;59432;38.9;21.5
61;2021-05-19;2401;804;110118;60236;39.8;21.8
61;2021-05-20;2214;818;112332;61054;40.6;22.0
61;2021-05-21;2150;861;114482;61915;41.3;22.4
61;2021-05-22;1780;718;116262;62633;42.0;22.6
61;2021-05-23;714;53;116976;62686;42.2;22.6
61;2021-05-24;913;110;117889;62796;42.6;22.7
61;2021-05-25;1991;922;119880;63718;43.3;23.0
61;2021-05-26;2043;931;121923;64649;44.0;23.3
61;2021-05-27;2040;1095;123963;65744;44.8;23.7
61;2021-05-28;2052;1380;126015;67124;45.5;24.2
61;2021-05-29;1464;556;127479;67680;46.0;24.4
61;2021-05-30;450;44;127929;67724;46.2;24.5
61;2021-05-31;1561;939;129490;68663;46.8;24.8
61;2021-06-01;1876;1389;131366;70052;47.4;25.3
61;2021-06-02;1675;1137;133041;71189;48.0;25.7
61;2021-06-03;2250;1111;135291;72300;48.9;26.1
61;2021-06-04;1894;1346;137185;73646;49.5;26.6
61;2021-06-05;1668;1240;138853;74886;50.1;27.0
61;2021-06-06;318;230;139171;75116;50.3;27.1
61;2021-06-07;2189;868;141360;75984;51.1;27.4
61;2021-06-08;1847;1568;143207;77552;51.7;28.0
61;2021-06-09;1975;1185;145182;78737;52.4;28.4
61;2021-06-10;1974;1192;147156;79929;53.1;28.9
61;2021-06-11;1821;1580;148977;81509;53.8;29.4
61;2021-06-12;1424;999;150401;82508;54.3;29.8
61;2021-06-13;340;377;150741;82885;54.4;29.9
61;2021-06-14;1107;1189;151848;84074;54.8;30.4
61;2021-06-15;1213;1694;153061;85768;55.3;31.0
61;2021-06-16;1112;1363;154173;87131;55.7;31.5
61;2021-06-17;1020;1730;155193;88861;56.0;32.1
61;2021-06-18;1522;1670;156715;90531;56.6;32.7
61;2021-06-19;1245;1303;157960;91834;57.0;33.2
61;2021-06-20;289;345;158249;92179;57.1;33.3
61;2021-06-21;808;1629;159057;93808;57.4;33.9
61;2021-06-22;1023;1682;160080;95490;57.8;34.5
61;2021-06-23;967;2438;161047;97928;58.2;35.4
61;2021-06-24;650;1359;161697;99287;58.4;35.9
61;2021-06-25;839;2168;162536;101455;58.7;36.6
61;2021-06-26;624;1953;163160;103408;58.9;37.3
61;2021-06-27;139;799;163299;104207;59.0;37.6
61;2021-06-28;478;2248;163777;106455;59.1;38.4
61;2021-06-29;699;2858;164476;109313;59.4;39.5
61;2021-06-30;771;2463;165247;111776;59.7;40.4
61;2021-07-01;633;1696;165880;113472;59.9;41.0
61;2021-07-02;842;2499;166722;115971;60.2;41.9
61;2021-07-03;417;1912;167139;117883;60.4;42.6
61;2021-07-04;75;638;167214;118521;60.4;42.8
61;2021-07-05;684;1774;167898;120295;60.6;43.4
61;2021-07-06;990;2794;168888;123089;61.0;44.5
61;2021-07-07;734;2362;169622;125451;61.3;45.3
61;2021-07-08;842;1945;170464;127396;61.6;46.0
61;2021-07-09;723;2375;171187;129771;61.8;46.9
61;2021-07-10;464;1771;171651;131542;62.0;47.5
61;2021-07-11;244;489;171895;132031;62.1;47.7
61;2021-07-12;438;2289;172333;134320;62.2;48.5
61;2021-07-13;646;2488;172979;136808;62.5;49.4
61;2021-07-14;149;334;173128;137142;62.5;49.5
61;2021-07-15;815;2813;173943;139955;62.8;50.5
61;2021-07-16;968;2574;174911;142529;63.2;51.5
61;2021-07-17;705;2231;175616;144760;63.4;52.3
61;2021-07-18;339;368;175955;145128;63.5;52.4
61;2021-07-19;935;2404;176890;147532;63.9;53.3
61;2021-07-20;1327;2355;178217;149887;64.4;54.1
61;2021-07-21;1503;2182;179720;152069;64.9;54.9
61;2021-07-22;1751;2190;181471;154259;65.5;55.7
61;2021-07-23;1793;2306;183264;156565;66.2;56.5
61;2021-07-24;1456;2004;184720;158569;66.7;57.3
61;2021-07-25;324;393;185044;158962;66.8;57.4
61;2021-07-26;1251;1931;186295;160893;67.3;58.1
61;2021-07-27;2420;1585;188715;162478;68.2;58.7
61;2021-07-28;2458;1354;191173;163832;69.0;59.2
61;2021-07-29;2562;1573;193735;165405;70.0;59.7
61;2021-07-30;2398;1392;196133;166797;70.8;60.2
61;2021-07-31;1281;1298;197414;168095;71.3;60.7
61;2021-08-01;503;260;197917;168355;71.5;60.8
61;2021-08-02;1911;1120;199828;169475;72.2;61.2
61;2021-08-03;2450;913;202278;170388;73.1;61.5
61;2021-08-04;2345;780;204623;171168;73.9;61.8
61;2021-08-05;1899;992;206522;172160;74.6;62.2
61;2021-08-06;2161;1162;208683;173322;75.4;62.6
61;2021-08-07;1422;798;210105;174120;75.9;62.9
61;2021-08-08;447;263;210552;174383;76.0;63.0
61;2021-08-09;1305;1111;211857;175494;76.5;63.4
61;2021-08-10;1315;1106;213172;176600;77.0;63.8
61;2021-08-11;1116;1258;214288;177858;77.4;64.2
61;2021-08-12;1029;1321;215317;179179;77.8;64.7
61;2021-08-13;867;1609;216184;180788;78.1;65.3
61;2021-08-14;712;860;216896;181648;78.3;65.6
61;2021-08-15;93;184;216989;181832;78.4;65.7
61;2021-08-16;907;1542;217896;183374;78.7;66.2
61;2021-08-17;1145;1696;219041;185070;79.1;66.8
61;2021-08-18;806;1479;219847;186549;79.4;67.4
61;2021-08-19;734;1571;220581;188120;79.7;67.9
61;2021-08-20;800;2130;221381;190250;79.9;68.7
61;2021-08-21;490;1340;221871;191590;80.1;69.2
61;2021-08-22;137;446;222008;192036;80.2;69.4
61;2021-08-23;413;1704;222421;193740;80.3;70.0
61;2021-08-24;522;1897;222943;195637;80.5;70.7
61;2021-08-25;411;1733;223354;197370;80.7;71.3
61;2021-08-26;426;1597;223780;198967;80.8;71.9
61;2021-08-27;498;1885;224278;200852;81.0;72.5
61;2021-08-28;284;1366;224562;202218;81.1;73.0
61;2021-08-29;50;417;224612;202635;81.1;73.2
61;2021-08-30;383;1624;224995;204259;81.3;73.8
61;2021-08-31;505;1713;225500;205972;81.4;74.4
61;2021-09-01;450;1499;225950;207471;81.6;74.9
61;2021-09-02;416;1339;226366;208810;81.7;75.4
62;2020-12-27;2;0;2;0;0.0;0.0
62;2020-12-28;2;0;4;0;0.0;0.0
62;2020-12-29;0;0;4;0;0.0;0.0
62;2020-12-30;0;0;4;0;0.0;0.0
62;2020-12-31;0;0;4;0;0.0;0.0
62;2021-01-01;0;0;4;0;0.0;0.0
62;2021-01-02;0;0;4;0;0.0;0.0
62;2021-01-03;0;0;4;0;0.0;0.0
62;2021-01-04;2;0;6;0;0.0;0.0
62;2021-01-05;47;0;53;0;0.0;0.0
62;2021-01-06;123;0;176;0;0.0;0.0
62;2021-01-07;351;0;527;0;0.0;0.0
62;2021-01-08;713;6;1240;6;0.1;0.0
62;2021-01-09;164;1;1404;7;0.1;0.0
62;2021-01-10;84;0;1488;7;0.1;0.0
62;2021-01-11;555;1;2043;8;0.1;0.0
62;2021-01-12;1257;3;3300;11;0.2;0.0
62;2021-01-13;1139;6;4439;17;0.3;0.0
62;2021-01-14;1387;8;5826;25;0.4;0.0
62;2021-01-15;1296;8;7122;33;0.5;0.0
62;2021-01-16;308;3;7430;36;0.5;0.0
62;2021-01-17;107;1;7537;37;0.5;0.0
62;2021-01-18;1666;10;9203;47;0.6;0.0
62;2021-01-19;2103;4;11306;51;0.8;0.0
62;2021-01-20;2055;6;13361;57;0.9;0.0
62;2021-01-21;2238;5;15599;62;1.1;0.0
62;2021-01-22;1835;7;17434;69;1.2;0.0
62;2021-01-23;512;1;17946;70;1.2;0.0
62;2021-01-24;0;0;17946;70;1.2;0.0
62;2021-01-25;1284;7;19230;77;1.3;0.0
62;2021-01-26;1544;13;20774;90;1.4;0.0
62;2021-01-27;1500;170;22274;260;1.5;0.0
62;2021-01-28;4163;383;26437;643;1.8;0.0
62;2021-01-29;2033;327;28470;970;2.0;0.1
62;2021-01-30;159;149;28629;1119;2.0;0.1
62;2021-01-31;22;3;28651;1122;2.0;0.1
62;2021-02-01;46;343;28697;1465;2.0;0.1
62;2021-02-02;59;775;28756;2240;2.0;0.2
62;2021-02-03;44;623;28800;2863;2.0;0.2
62;2021-02-04;81;797;28881;3660;2.0;0.3
62;2021-02-05;80;735;28961;4395;2.0;0.3
62;2021-02-06;27;190;28988;4585;2.0;0.3
62;2021-02-07;237;30;29225;4615;2.0;0.3
62;2021-02-08;130;816;29355;5431;2.0;0.4
62;2021-02-09;227;1060;29582;6491;2.0;0.4
62;2021-02-10;385;1134;29967;7625;2.1;0.5
62;2021-02-11;724;964;30691;8589;2.1;0.6
62;2021-02-12;966;757;31657;9346;2.2;0.6
62;2021-02-13;159;258;31816;9604;2.2;0.7
62;2021-02-14;0;0;31816;9604;2.2;0.7
62;2021-02-15;665;1184;32481;10788;2.2;0.7
62;2021-02-16;923;1677;33404;12465;2.3;0.9
62;2021-02-17;1074;2008;34478;14473;2.4;1.0
62;2021-02-18;2221;3727;36699;18200;2.5;1.3
62;2021-02-19;2310;2511;39009;20711;2.7;1.4
62;2021-02-20;616;463;39625;21174;2.7;1.5
62;2021-02-21;87;50;39712;21224;2.7;1.5
62;2021-02-22;848;915;40560;22139;2.8;1.5
62;2021-02-23;1419;1175;41979;23314;2.9;1.6
62;2021-02-24;1547;627;43526;23941;3.0;1.6
62;2021-02-25;3169;408;46695;24349;3.2;1.7
62;2021-02-26;2910;334;49605;24683;3.4;1.7
62;2021-02-27;1830;94;51435;24777;3.5;1.7
62;2021-02-28;52;42;51487;24819;3.5;1.7
62;2021-03-01;1322;120;52809;24939;3.6;1.7
62;2021-03-02;3157;175;55966;25114;3.9;1.7
62;2021-03-03;3270;133;59236;25247;4.1;1.7
62;2021-03-04;3810;220;63046;25467;4.3;1.8
62;2021-03-05;4644;235;67690;25702;4.7;1.8
62;2021-03-06;9621;273;77311;25975;5.3;1.8
62;2021-03-07;8075;234;85386;26209;5.9;1.8
62;2021-03-08;2195;264;87581;26473;6.0;1.8
62;2021-03-09;3808;386;91389;26859;6.3;1.8
62;2021-03-10;4233;614;95622;27473;6.6;1.9
62;2021-03-11;5994;1537;101616;29010;7.0;2.0
62;2021-03-12;6636;1430;108252;30440;7.5;2.1
62;2021-03-13;14722;811;122974;31251;8.5;2.2
62;2021-03-14;9586;415;132560;31666;9.1;2.2
62;2021-03-15;3763;1021;136323;32687;9.4;2.2
62;2021-03-16;2737;854;139060;33541;9.6;2.3
62;2021-03-17;2805;734;141865;34275;9.8;2.4
62;2021-03-18;2724;945;144589;35220;10.0;2.4
62;2021-03-19;4781;933;149370;36153;10.3;2.5
62;2021-03-20;11067;620;160437;36773;11.0;2.5
62;2021-03-21;9448;375;169885;37148;11.7;2.6
62;2021-03-22;2943;1109;172828;38257;11.9;2.6
62;2021-03-23;4996;1491;177824;39748;12.2;2.7
62;2021-03-24;4695;1376;182519;41124;12.6;2.8
62;2021-03-25;6555;1474;189074;42598;13.0;2.9
62;2021-03-26;7051;1505;196125;44103;13.5;3.0
62;2021-03-27;12591;750;208716;44853;14.4;3.1
62;2021-03-28;6941;287;215657;45140;14.8;3.1
62;2021-03-29;3472;1214;219129;46354;15.1;3.2
62;2021-03-30;4549;2215;223678;48569;15.4;3.3
62;2021-03-31;4224;2479;227902;51048;15.7;3.5
62;2021-04-01;4975;2763;232877;53811;16.0;3.7
62;2021-04-02;5067;3241;237944;57052;16.4;3.9
62;2021-04-03;8210;3361;246154;60413;16.9;4.2
62;2021-04-04;4582;1935;250736;62348;17.3;4.3
62;2021-04-05;944;466;251680;62814;17.3;4.3
62;2021-04-06;4124;3009;255804;65823;17.6;4.5
62;2021-04-07;5060;3512;260864;69335;18.0;4.8
62;2021-04-08;6488;4001;267352;73336;18.4;5.0
62;2021-04-09;7629;3482;274981;76818;18.9;5.3
62;2021-04-10;6634;8078;281615;84896;19.4;5.8
62;2021-04-11;2808;6898;284423;91794;19.6;6.3
62;2021-04-12;3423;2382;287846;94176;19.8;6.5
62;2021-04-13;6172;3165;294018;97341;20.2;6.7
62;2021-04-14;5306;3066;299324;100407;20.6;6.9
62;2021-04-15;5736;2988;305060;103395;21.0;7.1
62;2021-04-16;5418;3201;310478;106596;21.4;7.3
62;2021-04-17;4357;7363;314835;113959;21.7;7.8
62;2021-04-18;1956;6849;316791;120808;21.8;8.3
62;2021-04-19;2779;1927;319570;122735;22.0;8.4
62;2021-04-20;4150;3887;323720;126622;22.3;8.7
62;2021-04-21;3747;3985;327467;130607;22.5;9.0
62;2021-04-22;3949;5197;331416;135804;22.8;9.3
62;2021-04-23;4060;5320;335476;141124;23.1;9.7
62;2021-04-24;4404;6736;339880;147860;23.4;10.2
62;2021-04-25;1910;3499;341790;151359;23.5;10.4
62;2021-04-26;2224;2430;344014;153789;23.7;10.6
62;2021-04-27;4409;3713;348423;157502;24.0;10.8
62;2021-04-28;4588;4410;353011;161912;24.3;11.1
62;2021-04-29;4790;5903;357801;167815;24.6;11.6
62;2021-04-30;5214;5722;363015;173537;25.0;11.9
62;2021-05-01;5726;3474;368741;177011;25.4;12.2
62;2021-05-02;7826;3155;376567;180166;25.9;12.4
62;2021-05-03;4508;2348;381075;182514;26.2;12.6
62;2021-05-04;5397;4980;386472;187494;26.6;12.9
62;2021-05-05;4733;4839;391205;192333;26.9;13.2
62;2021-05-06;5620;4947;396825;197280;27.3;13.6
62;2021-05-07;7686;4679;404511;201959;27.8;13.9
62;2021-05-08;10653;2328;415164;204287;28.6;14.1
62;2021-05-09;8626;1637;423790;205924;29.2;14.2
62;2021-05-10;4866;4026;428656;209950;29.5;14.5
62;2021-05-11;6415;5056;435071;215006;29.9;14.8
62;2021-05-12;8623;4603;443694;219609;30.5;15.1
62;2021-05-13;9998;1492;453692;221101;31.2;15.2
62;2021-05-14;11881;3414;465573;224515;32.0;15.5
62;2021-05-15;19784;3298;485357;227813;33.4;15.7
62;2021-05-16;16396;1415;501753;229228;34.5;15.8
62;2021-05-17;8181;2664;509934;231892;35.1;16.0
62;2021-05-18;9327;3134;519261;235026;35.7;16.2
62;2021-05-19;8614;2930;527875;237956;36.3;16.4
62;2021-05-20;8342;3847;536217;241803;36.9;16.6
62;2021-05-21;9398;4224;545615;246027;37.6;16.9
62;2021-05-22;17875;3539;563490;249566;38.8;17.2
62;2021-05-23;12377;1162;575867;250728;39.6;17.3
62;2021-05-24;3910;587;579777;251315;39.9;17.3
62;2021-05-25;7224;4097;587001;255412;40.4;17.6
62;2021-05-26;6779;4915;593780;260327;40.9;17.9
62;2021-05-27;6384;5697;600164;266024;41.3;18.3
62;2021-05-28;6520;6762;606684;272786;41.8;18.8
62;2021-05-29;10852;5546;617536;278332;42.5;19.2
62;2021-05-30;4037;984;621573;279316;42.8;19.2
62;2021-05-31;4795;3974;626368;283290;43.1;19.5
62;2021-06-01;6520;6537;632888;289827;43.6;19.9
62;2021-06-02;7441;5816;640329;295643;44.1;20.4
62;2021-06-03;7857;5892;648186;301535;44.6;20.8
62;2021-06-04;7905;6262;656091;307797;45.2;21.2
62;2021-06-05;8275;6236;664366;314033;45.7;21.6
62;2021-06-06;3129;1290;667495;315323;45.9;21.7
62;2021-06-07;4621;3768;672116;319091;46.3;22.0
62;2021-06-08;6208;5912;678324;325003;46.7;22.4
62;2021-06-09;5496;4771;683820;329774;47.1;22.7
62;2021-06-10;5207;5887;689027;335661;47.4;23.1
62;2021-06-11;6212;8870;695239;344531;47.9;23.7
62;2021-06-12;5935;8644;701174;353175;48.3;24.3
62;2021-06-13;3230;3801;704404;356976;48.5;24.6
62;2021-06-14;2610;6782;707014;363758;48.7;25.0
62;2021-06-15;4676;8543;711690;372301;49.0;25.6
62;2021-06-16;5083;7433;716773;379734;49.3;26.1
62;2021-06-17;5233;8043;722006;387777;49.7;26.7
62;2021-06-18;4824;10489;726830;398266;50.0;27.4
62;2021-06-19;5799;13443;732629;411709;50.4;28.3
62;2021-06-20;2100;4370;734729;416079;50.6;28.6
62;2021-06-21;2972;8929;737701;425008;50.8;29.3
62;2021-06-22;3431;10176;741132;435184;51.0;30.0
62;2021-06-23;3388;10321;744520;445505;51.2;30.7
62;2021-06-24;3345;11783;747865;457288;51.5;31.5
62;2021-06-25;3726;15770;751591;473058;51.7;32.6
62;2021-06-26;3550;18427;755141;491485;52.0;33.8
62;2021-06-27;1121;9815;756262;501300;52.1;34.5
62;2021-06-28;1926;8870;758188;510170;52.2;35.1
62;2021-06-29;2975;11466;761163;521636;52.4;35.9
62;2021-06-30;4144;10819;765307;532455;52.7;36.7
62;2021-07-01;4482;10484;769789;542939;53.0;37.4
62;2021-07-02;4166;11985;773955;554924;53.3;38.2
62;2021-07-03;2996;18056;776951;572980;53.5;39.4
62;2021-07-04;1450;9195;778401;582175;53.6;40.1
62;2021-07-05;2417;6919;780818;589094;53.7;40.5
62;2021-07-06;3824;10018;784642;599112;54.0;41.2
62;2021-07-07;3916;8913;788558;608025;54.3;41.9
62;2021-07-08;5243;9089;793801;617114;54.6;42.5
62;2021-07-09;4467;10852;798268;627966;54.9;43.2
62;2021-07-10;4972;11894;803240;639860;55.3;44.0
62;2021-07-11;1337;2092;804577;641952;55.4;44.2
62;2021-07-12;2328;7135;806905;649087;55.5;44.7
62;2021-07-13;5176;12163;812081;661250;55.9;45.5
62;2021-07-14;3636;3162;815717;664412;56.1;45.7
62;2021-07-15;7585;11500;823302;675912;56.7;46.5
62;2021-07-16;7625;11045;830927;686957;57.2;47.3
62;2021-07-17;9721;10327;840648;697284;57.9;48.0
62;2021-07-18;2714;3459;843362;700743;58.1;48.2
62;2021-07-19;6012;7020;849374;707763;58.5;48.7
62;2021-07-20;7939;10724;857313;718487;59.0;49.5
62;2021-07-21;9776;9411;867089;727898;59.7;50.1
62;2021-07-22;9798;9023;876887;736921;60.4;50.7
62;2021-07-23;10624;8417;887511;745338;61.1;51.3
62;2021-07-24;9662;10315;897173;755653;61.8;52.0
62;2021-07-25;5548;1871;902721;757524;62.1;52.1
62;2021-07-26;6240;5391;908961;762915;62.6;52.5
62;2021-07-27;9836;8125;918797;771040;63.2;53.1
62;2021-07-28;10392;7488;929189;778528;64.0;53.6
62;2021-07-29;11996;7653;941185;786181;64.8;54.1
62;2021-07-30;9081;6295;950266;792476;65.4;54.5
62;2021-07-31;6635;4023;956901;796499;65.9;54.8
62;2021-08-01;2341;1103;959242;797602;66.0;54.9
62;2021-08-02;6860;4757;966102;802359;66.5;55.2
62;2021-08-03;8616;7479;974718;809838;67.1;55.7
62;2021-08-04;9471;5479;984189;815317;67.7;56.1
62;2021-08-05;8356;5626;992545;820943;68.3;56.5
62;2021-08-06;7315;5945;999860;826888;68.8;56.9
62;2021-08-07;5485;4960;1005345;831848;69.2;57.3
62;2021-08-08;1873;1301;1007218;833149;69.3;57.3
62;2021-08-09;5246;5038;1012464;838187;69.7;57.7
62;2021-08-10;6210;7361;1018674;845548;70.1;58.2
62;2021-08-11;5406;7396;1024080;852944;70.5;58.7
62;2021-08-12;5991;7020;1030071;859964;70.9;59.2
62;2021-08-13;4461;6059;1034532;866023;71.2;59.6
62;2021-08-14;3809;6867;1038341;872890;71.5;60.1
62;2021-08-15;1138;1208;1039479;874098;71.6;60.2
62;2021-08-16;3164;5879;1042643;879977;71.8;60.6
62;2021-08-17;4152;7351;1046795;887328;72.1;61.1
62;2021-08-18;4330;7246;1051125;894574;72.4;61.6
62;2021-08-19;4337;8613;1055462;903187;72.7;62.2
62;2021-08-20;3363;8471;1058825;911658;72.9;62.8
62;2021-08-21;2453;9762;1061278;921420;73.1;63.4
62;2021-08-22;389;2816;1061667;924236;73.1;63.6
62;2021-08-23;2716;7831;1064383;932067;73.3;64.2
62;2021-08-24;3821;10403;1068204;942470;73.5;64.9
62;2021-08-25;3497;9192;1071701;951662;73.8;65.5
62;2021-08-26;3171;9770;1074872;961432;74.0;66.2
62;2021-08-27;2566;8811;1077438;970243;74.2;66.8
62;2021-08-28;2021;7986;1079459;978229;74.3;67.3
62;2021-08-29;861;2249;1080320;980478;74.4;67.5
62;2021-08-30;2023;7375;1082343;987853;74.5;68.0
62;2021-08-31;2117;8000;1084460;995853;74.6;68.5
62;2021-09-01;1802;6156;1086262;1002009;74.8;69.0
62;2021-09-02;1793;6833;1088055;1008842;74.9;69.4
63;2020-12-27;0;0;0;0;0.0;0.0
63;2020-12-28;1;0;1;0;0.0;0.0
63;2020-12-29;0;0;1;0;0.0;0.0
63;2020-12-30;0;0;1;0;0.0;0.0
63;2020-12-31;0;0;1;0;0.0;0.0
63;2021-01-01;1;0;2;0;0.0;0.0
63;2021-01-02;0;0;2;0;0.0;0.0
63;2021-01-03;1;0;3;0;0.0;0.0
63;2021-01-04;0;0;3;0;0.0;0.0
63;2021-01-05;1;0;4;0;0.0;0.0
63;2021-01-06;4;1;8;1;0.0;0.0
63;2021-01-07;310;0;318;1;0.0;0.0
63;2021-01-08;214;0;532;1;0.1;0.0
63;2021-01-09;91;0;623;1;0.1;0.0
63;2021-01-10;82;0;705;1;0.1;0.0
63;2021-01-11;430;2;1135;3;0.2;0.0
63;2021-01-12;661;1;1796;4;0.3;0.0
63;2021-01-13;873;2;2669;6;0.4;0.0
63;2021-01-14;544;8;3213;14;0.5;0.0
63;2021-01-15;431;3;3644;17;0.6;0.0
63;2021-01-16;157;0;3801;17;0.6;0.0
63;2021-01-17;133;0;3934;17;0.6;0.0
63;2021-01-18;631;2;4565;19;0.7;0.0
63;2021-01-19;866;1;5431;20;0.8;0.0
63;2021-01-20;1063;2;6494;22;1.0;0.0
63;2021-01-21;1013;3;7507;25;1.1;0.0
63;2021-01-22;968;3;8475;28;1.3;0.0
63;2021-01-23;192;0;8667;28;1.3;0.0
63;2021-01-24;164;1;8831;29;1.3;0.0
63;2021-01-25;829;1;9660;30;1.5;0.0
63;2021-01-26;972;2;10632;32;1.6;0.0
63;2021-01-27;1002;5;11634;37;1.8;0.0
63;2021-01-28;1320;68;12954;105;2.0;0.0
63;2021-01-29;1067;65;14021;170;2.1;0.0
63;2021-01-30;68;0;14089;170;2.1;0.0
63;2021-01-31;6;0;14095;170;2.1;0.0
63;2021-02-01;575;177;14670;347;2.2;0.1
63;2021-02-02;885;227;15555;574;2.4;0.1
63;2021-02-03;1473;280;17028;854;2.6;0.1
63;2021-02-04;2118;509;19146;1363;2.9;0.2
63;2021-02-05;1145;267;20291;1630;3.1;0.2
63;2021-02-06;117;0;20408;1630;3.1;0.2
63;2021-02-07;9;1;20417;1631;3.1;0.2
63;2021-02-08;538;396;20955;2027;3.2;0.3
63;2021-02-09;671;418;21626;2445;3.3;0.4
63;2021-02-10;608;587;22234;3032;3.4;0.5
63;2021-02-11;751;456;22985;3488;3.5;0.5
63;2021-02-12;820;792;23805;4280;3.6;0.6
63;2021-02-13;82;1;23887;4281;3.6;0.6
63;2021-02-14;0;65;23887;4346;3.6;0.7
63;2021-02-15;202;745;24089;5091;3.6;0.8
63;2021-02-16;412;1088;24501;6179;3.7;0.9
63;2021-02-17;348;822;24849;7001;3.8;1.1
63;2021-02-18;607;790;25456;7791;3.9;1.2
63;2021-02-19;449;938;25905;8729;3.9;1.3
63;2021-02-20;35;32;25940;8761;3.9;1.3
63;2021-02-21;2;17;25942;8778;3.9;1.3
63;2021-02-22;291;879;26233;9657;4.0;1.5
63;2021-02-23;580;1065;26813;10722;4.1;1.6
63;2021-02-24;696;1381;27509;12103;4.2;1.8
63;2021-02-25;1603;1646;29112;13749;4.4;2.1
63;2021-02-26;1625;1343;30737;15092;4.7;2.3
63;2021-02-27;642;71;31379;15163;4.8;2.3
63;2021-02-28;4;178;31383;15341;4.8;2.3
63;2021-03-01;586;499;31969;15840;4.8;2.4
63;2021-03-02;906;783;32875;16623;5.0;2.5
63;2021-03-03;1036;716;33911;17339;5.1;2.6
63;2021-03-04;1753;491;35664;17830;5.4;2.7
63;2021-03-05;2612;688;38276;18518;5.8;2.8
63;2021-03-06;1551;53;39827;18571;6.0;2.8
63;2021-03-07;511;19;40338;18590;6.1;2.8
63;2021-03-08;967;647;41305;19237;6.3;2.9
63;2021-03-09;1538;1052;42843;20289;6.5;3.1
63;2021-03-10;1653;609;44496;20898;6.7;3.2
63;2021-03-11;3052;890;47548;21788;7.2;3.3
63;2021-03-12;3514;387;51062;22175;7.7;3.4
63;2021-03-13;2049;84;53111;22259;8.0;3.4
63;2021-03-14;61;22;53172;22281;8.1;3.4
63;2021-03-15;1765;367;54937;22648;8.3;3.4
63;2021-03-16;1746;413;56683;23061;8.6;3.5
63;2021-03-17;1639;682;58322;23743;8.8;3.6
63;2021-03-18;1941;747;60263;24490;9.1;3.7
63;2021-03-19;2741;493;63004;24983;9.5;3.8
63;2021-03-20;1121;70;64125;25053;9.7;3.8
63;2021-03-21;50;45;64175;25098;9.7;3.8
63;2021-03-22;1983;258;66158;25356;10.0;3.8
63;2021-03-23;2886;348;69044;25704;10.5;3.9
63;2021-03-24;3221;345;72265;26049;10.9;3.9
63;2021-03-25;4596;389;76861;26438;11.6;4.0
63;2021-03-26;4691;570;81552;27008;12.4;4.1
63;2021-03-27;2454;232;84006;27240;12.7;4.1
63;2021-03-28;1047;83;85053;27323;12.9;4.1
63;2021-03-29;2480;522;87533;27845;13.3;4.2
63;2021-03-30;3284;627;90817;28472;13.8;4.3
63;2021-03-31;2967;752;93784;29224;14.2;4.4
63;2021-04-01;3841;526;97625;29750;14.8;4.5
63;2021-04-02;3483;710;101108;30460;15.3;4.6
63;2021-04-03;1174;181;102282;30641;15.5;4.6
63;2021-04-04;877;27;103159;30668;15.6;4.6
63;2021-04-05;803;85;103962;30753;15.7;4.7
63;2021-04-06;2477;940;106439;31693;16.1;4.8
63;2021-04-07;3207;872;109646;32565;16.6;4.9
63;2021-04-08;4722;1222;114368;33787;17.3;5.1
63;2021-04-09;5314;1003;119682;34790;18.1;5.3
63;2021-04-10;2221;481;121903;35271;18.5;5.3
63;2021-04-11;834;39;122737;35310;18.6;5.3
63;2021-04-12;1598;1312;124335;36622;18.8;5.5
63;2021-04-13;1986;1966;126321;38588;19.1;5.8
63;2021-04-14;2629;1438;128950;40026;19.5;6.1
63;2021-04-15;3808;1544;132758;41570;20.1;6.3
63;2021-04-16;2841;2159;135599;43729;20.5;6.6
63;2021-04-17;1233;673;136832;44402;20.7;6.7
63;2021-04-18;802;61;137634;44463;20.8;6.7
63;2021-04-19;1656;2103;139290;46566;21.1;7.1
63;2021-04-20;1702;2298;140992;48864;21.4;7.4
63;2021-04-21;1518;2405;142510;51269;21.6;7.8
63;2021-04-22;1915;2262;144425;53531;21.9;8.1
63;2021-04-23;2018;3114;146443;56645;22.2;8.6
63;2021-04-24;1192;1127;147635;57772;22.4;8.8
63;2021-04-25;554;412;148189;58184;22.4;8.8
63;2021-04-26;1438;2241;149627;60425;22.7;9.2
63;2021-04-27;2327;2610;151954;63035;23.0;9.5
63;2021-04-28;2346;3163;154300;66198;23.4;10.0
63;2021-04-29;2881;2835;157181;69033;23.8;10.5
63;2021-04-30;2862;2821;160043;71854;24.2;10.9
63;2021-05-01;1127;1050;161170;72904;24.4;11.0
63;2021-05-02;897;640;162067;73544;24.5;11.1
63;2021-05-03;2685;2250;164752;75794;25.0;11.5
63;2021-05-04;2879;2698;167631;78492;25.4;11.9
63;2021-05-05;2935;3121;170566;81613;25.8;12.4
63;2021-05-06;3671;3057;174237;84670;26.4;12.8
63;2021-05-07;4034;3539;178271;88209;27.0;13.4
63;2021-05-08;2000;652;180271;88861;27.3;13.5
63;2021-05-09;1802;608;182073;89469;27.6;13.6
63;2021-05-10;4196;2764;186269;92233;28.2;14.0
63;2021-05-11;5339;2766;191608;94999;29.0;14.4
63;2021-05-12;5269;2908;196877;97907;29.8;14.8
63;2021-05-13;4131;699;201008;98606;30.4;14.9
63;2021-05-14;4771;1512;205779;100118;31.2;15.2
63;2021-05-15;3723;986;209502;101104;31.7;15.3
63;2021-05-16;3521;447;213023;101551;32.3;15.4
63;2021-05-17;3898;1992;216921;103543;32.9;15.7
63;2021-05-18;5120;1615;222041;105158;33.6;15.9
63;2021-05-19;5222;1626;227263;106784;34.4;16.2
63;2021-05-20;6800;2091;234063;108875;35.5;16.5
63;2021-05-21;6254;2332;240317;111207;36.4;16.8
63;2021-05-22;3353;849;243670;112056;36.9;17.0
63;2021-05-23;2385;245;246055;112301;37.3;17.0
63;2021-05-24;2639;580;248694;112881;37.7;17.1
63;2021-05-25;4269;2645;252963;115526;38.3;17.5
63;2021-05-26;5451;2417;258414;117943;39.1;17.9
63;2021-05-27;6502;2802;264916;120745;40.1;18.3
63;2021-05-28;5420;3893;270336;124638;40.9;18.9
63;2021-05-29;3360;1503;273696;126141;41.5;19.1
63;2021-05-30;1579;217;275275;126358;41.7;19.1
63;2021-05-31;4153;2284;279428;128642;42.3;19.5
63;2021-06-01;3804;2962;283232;131604;42.9;19.9
63;2021-06-02;3888;2527;287120;134131;43.5;20.3
63;2021-06-03;4903;3143;292023;137274;44.2;20.8
63;2021-06-04;5098;3621;297121;140895;45.0;21.3
63;2021-06-05;2813;1745;299934;142640;45.4;21.6
63;2021-06-06;1308;697;301242;143337;45.6;21.7
63;2021-06-07;3165;2518;304407;145855;46.1;22.1
63;2021-06-08;2879;2755;307286;148610;46.5;22.5
63;2021-06-09;3023;2276;310309;150886;47.0;22.9
63;2021-06-10;3222;2688;313531;153574;47.5;23.3
63;2021-06-11;3100;4048;316631;157622;48.0;23.9
63;2021-06-12;1637;1969;318268;159591;48.2;24.2
63;2021-06-13;480;1098;318748;160689;48.3;24.3
63;2021-06-14;1825;3474;320573;164163;48.6;24.9
63;2021-06-15;2210;3480;322783;167643;48.9;25.4
63;2021-06-16;2574;3313;325357;170956;49.3;25.9
63;2021-06-17;2400;4315;327757;175271;49.6;26.5
63;2021-06-18;2478;5829;330235;181100;50.0;27.4
63;2021-06-19;1640;2834;331875;183934;50.3;27.9
63;2021-06-20;676;2441;332551;186375;50.4;28.2
63;2021-06-21;1272;5390;333823;191765;50.6;29.0
63;2021-06-22;1233;5540;335056;197305;50.7;29.9
63;2021-06-23;1528;4761;336584;202066;51.0;30.6
63;2021-06-24;1926;5383;338510;207449;51.3;31.4
63;2021-06-25;1752;5899;340262;213348;51.5;32.3
63;2021-06-26;1073;3352;341335;216700;51.7;32.8
63;2021-06-27;713;3487;342048;220187;51.8;33.3
63;2021-06-28;1136;5663;343184;225850;52.0;34.2
63;2021-06-29;1225;5161;344409;231011;52.2;35.0
63;2021-06-30;1603;5292;346012;236303;52.4;35.8
63;2021-07-01;1913;8066;347925;244369;52.7;37.0
63;2021-07-02;2060;6544;349985;250913;53.0;38.0
63;2021-07-03;963;2928;350948;253841;53.2;38.4
63;2021-07-04;1064;1885;352012;255726;53.3;38.7
63;2021-07-05;1538;6279;353550;262005;53.5;39.7
63;2021-07-06;1602;4804;355152;266809;53.8;40.4
63;2021-07-07;1973;4086;357125;270895;54.1;41.0
63;2021-07-08;2207;4588;359332;275483;54.4;41.7
63;2021-07-09;1924;5719;361256;281202;54.7;42.6
63;2021-07-10;1534;3415;362790;284617;54.9;43.1
63;2021-07-11;910;1537;363700;286154;55.1;43.3
63;2021-07-12;1594;8705;365294;294859;55.3;44.7
63;2021-07-13;3601;6139;368895;300998;55.9;45.6
63;2021-07-14;3618;1790;372513;302788;56.4;45.9
63;2021-07-15;4413;5032;376926;307820;57.1;46.6
63;2021-07-16;4692;5787;381618;313607;57.8;47.5
63;2021-07-17;3013;2474;384631;316081;58.3;47.9
63;2021-07-18;2826;1088;387457;317169;58.7;48.0
63;2021-07-19;4002;4849;391459;322018;59.3;48.8
63;2021-07-20;4739;5454;396198;327472;60.0;49.6
63;2021-07-21;4791;3980;400989;331452;60.7;50.2
63;2021-07-22;5509;4402;406498;335854;61.6;50.9
63;2021-07-23;5157;4648;411655;340502;62.3;51.6
63;2021-07-24;3675;1951;415330;342453;62.9;51.9
63;2021-07-25;3065;1438;418395;343891;63.4;52.1
63;2021-07-26;4038;3230;422433;347121;64.0;52.6
63;2021-07-27;3932;3159;426365;350280;64.6;53.1
63;2021-07-28;3851;2716;430216;352996;65.2;53.5
63;2021-07-29;4452;3159;434668;356155;65.8;53.9
63;2021-07-30;3815;3576;438483;359731;66.4;54.5
63;2021-07-31;2161;1720;440644;361451;66.7;54.7
63;2021-08-01;1196;836;441840;362287;66.9;54.9
63;2021-08-02;2226;3069;444066;365356;67.3;55.3
63;2021-08-03;2736;3266;446802;368622;67.7;55.8
63;2021-08-04;2806;3243;449608;371865;68.1;56.3
63;2021-08-05;2435;3476;452043;375341;68.5;56.8
63;2021-08-06;2355;4155;454398;379496;68.8;57.5
63;2021-08-07;1300;2799;455698;382295;69.0;57.9
63;2021-08-08;323;1205;456021;383500;69.1;58.1
63;2021-08-09;1843;4225;457864;387725;69.3;58.7
63;2021-08-10;2215;3995;460079;391720;69.7;59.3
63;2021-08-11;2102;3627;462181;395347;70.0;59.9
63;2021-08-12;1943;4623;464124;399970;70.3;60.6
63;2021-08-13;1666;4010;465790;403980;70.5;61.2
63;2021-08-14;838;3236;466628;407216;70.7;61.7
63;2021-08-15;183;1450;466811;408666;70.7;61.9
63;2021-08-16;1163;4390;467974;413056;70.9;62.6
63;2021-08-17;1593;4048;469567;417104;71.1;63.2
63;2021-08-18;1438;3304;471005;420408;71.3;63.7
63;2021-08-19;1323;3446;472328;423854;71.5;64.2
63;2021-08-20;1372;3712;473700;427566;71.7;64.8
63;2021-08-21;674;2165;474374;429731;71.8;65.1
63;2021-08-22;212;1092;474586;430823;71.9;65.3
63;2021-08-23;1054;3589;475640;434412;72.0;65.8
63;2021-08-24;1082;2985;476722;437397;72.2;66.2
63;2021-08-25;1000;2785;477722;440182;72.4;66.7
63;2021-08-26;1126;2704;478848;442886;72.5;67.1
63;2021-08-27;1142;3153;479990;446039;72.7;67.6
63;2021-08-28;695;1704;480685;447743;72.8;67.8
63;2021-08-29;106;576;480791;448319;72.8;67.9
63;2021-08-30;786;2441;481577;450760;72.9;68.3
63;2021-08-31;984;2557;482561;453317;73.1;68.7
63;2021-09-01;904;2126;483465;455443;73.2;69.0
63;2021-09-02;813;2196;484278;457639;73.3;69.3
64;2020-12-27;1;0;1;0;0.0;0.0
64;2020-12-28;2;0;3;0;0.0;0.0
64;2020-12-29;0;0;3;0;0.0;0.0
64;2020-12-30;0;0;3;0;0.0;0.0
64;2020-12-31;0;0;3;0;0.0;0.0
64;2021-01-01;0;0;3;0;0.0;0.0
64;2021-01-02;0;0;3;0;0.0;0.0
64;2021-01-03;0;0;3;0;0.0;0.0
64;2021-01-04;29;0;32;0;0.0;0.0
64;2021-01-05;25;0;57;0;0.0;0.0
64;2021-01-06;188;0;245;0;0.0;0.0
64;2021-01-07;842;1;1087;1;0.2;0.0
64;2021-01-08;879;2;1966;3;0.3;0.0
64;2021-01-09;54;0;2020;3;0.3;0.0
64;2021-01-10;2;0;2022;3;0.3;0.0
64;2021-01-11;543;0;2565;3;0.4;0.0
64;2021-01-12;760;3;3325;6;0.5;0.0
64;2021-01-13;865;2;4190;8;0.6;0.0
64;2021-01-14;1045;3;5235;11;0.8;0.0
64;2021-01-15;929;4;6164;15;0.9;0.0
64;2021-01-16;70;0;6234;15;0.9;0.0
64;2021-01-17;5;0;6239;15;0.9;0.0
64;2021-01-18;942;6;7181;21;1.1;0.0
64;2021-01-19;1447;4;8628;25;1.3;0.0
64;2021-01-20;1617;3;10245;28;1.5;0.0
64;2021-01-21;2602;1;12847;29;1.9;0.0
64;2021-01-22;1649;3;14496;32;2.1;0.0
64;2021-01-23;524;1;15020;33;2.2;0.0
64;2021-01-24;89;0;15109;33;2.2;0.0
64;2021-01-25;974;8;16083;41;2.4;0.0
64;2021-01-26;1357;21;17440;62;2.6;0.0
64;2021-01-27;1243;117;18683;179;2.7;0.0
64;2021-01-28;1648;621;20331;800;3.0;0.1
64;2021-01-29;973;646;21304;1446;3.1;0.2
64;2021-01-30;468;59;21772;1505;3.2;0.2
64;2021-01-31;92;0;21864;1505;3.2;0.2
64;2021-02-01;674;302;22538;1807;3.3;0.3
64;2021-02-02;1134;545;23672;2352;3.5;0.3
64;2021-02-03;1042;632;24714;2984;3.6;0.4
64;2021-02-04;1027;529;25741;3513;3.8;0.5
64;2021-02-05;867;454;26608;3967;3.9;0.6
64;2021-02-06;501;33;27109;4000;4.0;0.6
64;2021-02-07;131;4;27240;4004;4.0;0.6
64;2021-02-08;769;299;28009;4303;4.1;0.6
64;2021-02-09;946;697;28955;5000;4.2;0.7
64;2021-02-10;916;779;29871;5779;4.4;0.8
64;2021-02-11;1200;1483;31071;7262;4.5;1.1
64;2021-02-12;1076;1037;32147;8299;4.7;1.2
64;2021-02-13;225;283;32372;8582;4.7;1.3
64;2021-02-14;37;42;32409;8624;4.7;1.3
64;2021-02-15;221;1066;32630;9690;4.8;1.4
64;2021-02-16;258;1354;32888;11044;4.8;1.6
64;2021-02-17;290;1181;33178;12225;4.9;1.8
64;2021-02-18;508;1631;33686;13856;4.9;2.0
64;2021-02-19;415;1237;34101;15093;5.0;2.2
64;2021-02-20;119;410;34220;15503;5.0;2.3
64;2021-02-21;20;81;34240;15584;5.0;2.3
64;2021-02-22;477;927;34717;16511;5.1;2.4
64;2021-02-23;720;1085;35437;17596;5.2;2.6
64;2021-02-24;731;977;36168;18573;5.3;2.7
64;2021-02-25;1094;916;37262;19489;5.5;2.9
64;2021-02-26;1216;874;38478;20363;5.6;3.0
64;2021-02-27;864;385;39342;20748;5.8;3.0
64;2021-02-28;42;76;39384;20824;5.8;3.0
64;2021-03-01;765;775;40149;21599;5.9;3.2
64;2021-03-02;1078;901;41227;22500;6.0;3.3
64;2021-03-03;1251;979;42478;23479;6.2;3.4
64;2021-03-04;1879;1178;44357;24657;6.5;3.6
64;2021-03-05;2196;1065;46553;25722;6.8;3.8
64;2021-03-06;1543;513;48096;26235;7.0;3.8
64;2021-03-07;594;110;48690;26345;7.1;3.9
64;2021-03-08;1535;755;50225;27100;7.4;4.0
64;2021-03-09;2069;836;52294;27936;7.7;4.1
64;2021-03-10;2081;760;54375;28696;8.0;4.2
64;2021-03-11;2972;1062;57347;29758;8.4;4.4
64;2021-03-12;3486;604;60833;30362;8.9;4.4
64;2021-03-13;2257;167;63090;30529;9.2;4.5
64;2021-03-14;233;15;63323;30544;9.3;4.5
64;2021-03-15;2334;224;65657;30768;9.6;4.5
64;2021-03-16;1993;265;67650;31033;9.9;4.5
64;2021-03-17;2072;237;69722;31270;10.2;4.6
64;2021-03-18;2464;208;72186;31478;10.6;4.6
64;2021-03-19;3014;285;75200;31763;11.0;4.6
64;2021-03-20;2468;90;77668;31853;11.4;4.7
64;2021-03-21;1280;26;78948;31879;11.6;4.7
64;2021-03-22;2589;552;81537;32431;11.9;4.7
64;2021-03-23;3198;651;84735;33082;12.4;4.8
64;2021-03-24;3564;700;88299;33782;12.9;4.9
64;2021-03-25;4351;803;92650;34585;13.6;5.1
64;2021-03-26;4428;701;97078;35286;14.2;5.2
64;2021-03-27;2971;432;100049;35718;14.6;5.2
64;2021-03-28;521;56;100570;35774;14.7;5.2
64;2021-03-29;3028;884;103598;36658;15.2;5.4
64;2021-03-30;4137;871;107735;37529;15.8;5.5
64;2021-03-31;3593;788;111328;38317;16.3;5.6
64;2021-04-01;4782;936;116110;39253;17.0;5.7
64;2021-04-02;4445;745;120555;39998;17.6;5.9
64;2021-04-03;2060;586;122615;40584;17.9;5.9
64;2021-04-04;308;49;122923;40633;18.0;5.9
64;2021-04-05;1689;142;124612;40775;18.2;6.0
64;2021-04-06;3654;1391;128266;42166;18.8;6.2
64;2021-04-07;3949;1514;132215;43680;19.4;6.4
64;2021-04-08;5195;1599;137410;45279;20.1;6.6
64;2021-04-09;5900;1638;143310;46917;21.0;6.9
64;2021-04-10;3222;1050;146532;47967;21.4;7.0
64;2021-04-11;446;251;146978;48218;21.5;7.1
64;2021-04-12;4047;1865;151025;50083;22.1;7.3
64;2021-04-13;4464;2165;155489;52248;22.8;7.6
64;2021-04-14;4089;2138;159578;54386;23.4;8.0
64;2021-04-15;4395;2296;163973;56682;24.0;8.3
64;2021-04-16;4297;2257;168270;58939;24.6;8.6
64;2021-04-17;2480;1497;170750;60436;25.0;8.8
64;2021-04-18;1096;1181;171846;61617;25.2;9.0
64;2021-04-19;2733;2443;174579;64060;25.6;9.4
64;2021-04-20;3209;2430;177788;66490;26.0;9.7
64;2021-04-21;3225;2564;181013;69054;26.5;10.1
64;2021-04-22;3389;2785;184402;71839;27.0;10.5
64;2021-04-23;3434;2612;187836;74451;27.5;10.9
64;2021-04-24;2067;1587;189903;76038;27.8;11.1
64;2021-04-25;290;237;190193;76275;27.8;11.2
64;2021-04-26;2659;2651;192852;78926;28.2;11.6
64;2021-04-27;3061;3131;195913;82057;28.7;12.0
64;2021-04-28;3605;3058;199518;85115;29.2;12.5
64;2021-04-29;4653;3460;204171;88575;29.9;13.0
64;2021-04-30;4085;3611;208256;92186;30.5;13.5
64;2021-05-01;1481;1030;209737;93216;30.7;13.6
64;2021-05-02;446;325;210183;93541;30.8;13.7
64;2021-05-03;2909;3523;213092;97064;31.2;14.2
64;2021-05-04;3645;3991;216737;101055;31.7;14.8
64;2021-05-05;3360;4014;220097;105069;32.2;15.4
64;2021-05-06;4109;3990;224206;109059;32.8;16.0
64;2021-05-07;3922;4196;228128;113255;33.4;16.6
64;2021-05-08;2620;1237;230748;114492;33.8;16.8
64;2021-05-09;720;305;231468;114797;33.9;16.8
64;2021-05-10;2862;4236;234330;119033;34.3;17.4
64;2021-05-11;4186;4147;238516;123180;34.9;18.0
64;2021-05-12;4485;3945;243001;127125;35.6;18.6
64;2021-05-13;3198;886;246199;128011;36.0;18.7
64;2021-05-14;5154;3151;251353;131162;36.8;19.2
64;2021-05-15;3526;1868;254879;133030;37.3;19.5
64;2021-05-16;498;225;255377;133255;37.4;19.5
64;2021-05-17;4191;2385;259568;135640;38.0;19.9
64;2021-05-18;5166;2304;264734;137944;38.8;20.2
64;2021-05-19;4978;2166;269712;140110;39.5;20.5
64;2021-05-20;5570;2157;275282;142267;40.3;20.8
64;2021-05-21;5273;2248;280555;144515;41.1;21.2
64;2021-05-22;3581;1510;284136;146025;41.6;21.4
64;2021-05-23;431;206;284567;146231;41.7;21.4
64;2021-05-24;2997;1232;287564;147463;42.1;21.6
64;2021-05-25;4334;2851;291898;150314;42.7;22.0
64;2021-05-26;4356;2715;296254;153029;43.4;22.4
64;2021-05-27;5285;3157;301539;156186;44.1;22.9
64;2021-05-28;4620;3439;306159;159625;44.8;23.4
64;2021-05-29;2810;2116;308969;161741;45.2;23.7
64;2021-05-30;439;203;309408;161944;45.3;23.7
64;2021-05-31;3891;3674;313299;165618;45.9;24.2
64;2021-06-01;5337;3571;318636;169189;46.6;24.8
64;2021-06-02;4934;3178;323570;172367;47.4;25.2
64;2021-06-03;6367;3267;329937;175634;48.3;25.7
64;2021-06-04;5149;4557;335086;180191;49.0;26.4
64;2021-06-05;3485;2526;338571;182717;49.6;26.7
64;2021-06-06;2014;330;340585;183047;49.9;26.8
64;2021-06-07;4130;4333;344715;187380;50.5;27.4
64;2021-06-08;5155;4128;349870;191508;51.2;28.0
64;2021-06-09;5153;3658;355023;195166;52.0;28.6
64;2021-06-10;6181;3144;361204;198310;52.9;29.0
64;2021-06-11;5590;4874;366794;203184;53.7;29.7
64;2021-06-12;3951;2328;370745;205512;54.3;30.1
64;2021-06-13;1556;392;372301;205904;54.5;30.1
64;2021-06-14;3670;4792;375971;210696;55.0;30.8
64;2021-06-15;4576;4708;380547;215404;55.7;31.5
64;2021-06-16;4471;4667;385018;220071;56.4;32.2
64;2021-06-17;3641;4304;388659;224375;56.9;32.8
64;2021-06-18;4424;5173;393083;229548;57.5;33.6
64;2021-06-19;2985;3284;396068;232832;58.0;34.1
64;2021-06-20;881;539;396949;233371;58.1;34.2
64;2021-06-21;2315;5126;399264;238497;58.4;34.9
64;2021-06-22;2559;5730;401823;244227;58.8;35.7
64;2021-06-23;3105;5484;404928;249711;59.3;36.6
64;2021-06-24;2720;3808;407648;253519;59.7;37.1
64;2021-06-25;2901;6439;410549;259958;60.1;38.1
64;2021-06-26;1799;3838;412348;263796;60.4;38.6
64;2021-06-27;492;714;412840;264510;60.4;38.7
64;2021-06-28;1933;6067;414773;270577;60.7;39.6
64;2021-06-29;1965;6267;416738;276844;61.0;40.5
64;2021-06-30;2255;6002;418993;282846;61.3;41.4
64;2021-07-01;2412;5344;421405;288190;61.7;42.2
64;2021-07-02;2304;6410;423709;294600;62.0;43.1
64;2021-07-03;1263;3784;424972;298384;62.2;43.7
64;2021-07-04;411;847;425383;299231;62.3;43.8
64;2021-07-05;1379;5411;426762;304642;62.5;44.6
64;2021-07-06;1996;6151;428758;310793;62.8;45.5
64;2021-07-07;2065;5752;430823;316545;63.1;46.3
64;2021-07-08;1802;4399;432625;320944;63.3;47.0
64;2021-07-09;1824;6540;434449;327484;63.6;47.9
64;2021-07-10;1170;3882;435619;331366;63.8;48.5
64;2021-07-11;253;860;435872;332226;63.8;48.6
64;2021-07-12;1502;6088;437374;338314;64.0;49.5
64;2021-07-13;2365;7250;439739;345564;64.4;50.6
64;2021-07-14;2372;3406;442111;348970;64.7;51.1
64;2021-07-15;2104;5482;444215;354452;65.0;51.9
64;2021-07-16;2848;6778;447063;361230;65.4;52.9
64;2021-07-17;2338;4589;449401;365819;65.8;53.5
64;2021-07-18;716;2050;450117;367869;65.9;53.8
64;2021-07-19;2348;6119;452465;373988;66.2;54.7
64;2021-07-20;3126;6553;455591;380541;66.7;55.7
64;2021-07-21;3344;6047;458935;386588;67.2;56.6
64;2021-07-22;3814;5718;462749;392306;67.7;57.4
64;2021-07-23;3727;5617;466476;397923;68.3;58.2
64;2021-07-24;2546;4430;469022;402353;68.7;58.9
64;2021-07-25;753;1060;469775;403413;68.8;59.1
64;2021-07-26;3089;5134;472864;408547;69.2;59.8
64;2021-07-27;4265;5144;477129;413691;69.8;60.6
64;2021-07-28;4315;4596;481444;418287;70.5;61.2
64;2021-07-29;5519;3900;486963;422187;71.3;61.8
64;2021-07-30;5148;4223;492111;426410;72.0;62.4
64;2021-07-31;3171;3346;495282;429756;72.5;62.9
64;2021-08-01;1145;585;496427;430341;72.7;63.0
64;2021-08-02;4354;2650;500781;432991;73.3;63.4
64;2021-08-03;4540;3171;505321;436162;74.0;63.8
64;2021-08-04;4127;2998;509448;439160;74.6;64.3
64;2021-08-05;4017;2614;513465;441774;75.2;64.7
64;2021-08-06;3838;3342;517303;445116;75.7;65.2
64;2021-08-07;2479;2702;519782;447818;76.1;65.6
64;2021-08-08;488;609;520270;448427;76.2;65.6
64;2021-08-09;2737;3196;523007;451623;76.6;66.1
64;2021-08-10;3341;3435;526348;455058;77.0;66.6
64;2021-08-11;3061;3264;529409;458322;77.5;67.1
64;2021-08-12;3180;3304;532589;461626;78.0;67.6
64;2021-08-13;2540;3653;535129;465279;78.3;68.1
64;2021-08-14;1626;2678;536755;467957;78.6;68.5
64;2021-08-15;202;691;536957;468648;78.6;68.6
64;2021-08-16;2096;3231;539053;471879;78.9;69.1
64;2021-08-17;2275;3700;541328;475579;79.2;69.6
64;2021-08-18;2022;3520;543350;479099;79.5;70.1
64;2021-08-19;1929;3526;545279;482625;79.8;70.6
64;2021-08-20;1574;3978;546853;486603;80.0;71.2
64;2021-08-21;969;2882;547822;489485;80.2;71.6
64;2021-08-22;160;893;547982;490378;80.2;71.8
64;2021-08-23;1254;3239;549236;493617;80.4;72.3
64;2021-08-24;1370;4593;550606;498210;80.6;72.9
64;2021-08-25;1252;3743;551858;501953;80.8;73.5
64;2021-08-26;1100;3532;552958;505485;80.9;74.0
64;2021-08-27;1188;4225;554146;509710;81.1;74.6
64;2021-08-28;731;2496;554877;512206;81.2;75.0
64;2021-08-29;90;532;554967;512738;81.2;75.1
64;2021-08-30;984;3608;555951;516346;81.4;75.6
64;2021-08-31;989;3972;556940;520318;81.5;76.2
64;2021-09-01;911;3191;557851;523509;81.7;76.6
64;2021-09-02;884;3238;558735;526747;81.8;77.1
65;2020-12-27;0;0;0;0;0.0;0.0
65;2020-12-28;0;0;0;0;0.0;0.0
65;2020-12-29;0;0;0;0;0.0;0.0
65;2020-12-30;0;0;0;0;0.0;0.0
65;2020-12-31;0;0;0;0;0.0;0.0
65;2021-01-01;0;0;0;0;0.0;0.0
65;2021-01-02;0;0;0;0;0.0;0.0
65;2021-01-03;0;0;0;0;0.0;0.0
65;2021-01-04;0;0;0;0;0.0;0.0
65;2021-01-05;1;0;1;0;0.0;0.0
65;2021-01-06;3;0;4;0;0.0;0.0
65;2021-01-07;167;0;171;0;0.1;0.0
65;2021-01-08;253;1;424;1;0.2;0.0
65;2021-01-09;177;1;601;2;0.3;0.0
65;2021-01-10;1;0;602;2;0.3;0.0
65;2021-01-11;275;3;877;5;0.4;0.0
65;2021-01-12;272;1;1149;6;0.5;0.0
65;2021-01-13;587;1;1736;7;0.8;0.0
65;2021-01-14;579;5;2315;12;1.0;0.0
65;2021-01-15;527;2;2842;14;1.3;0.0
65;2021-01-16;221;2;3063;16;1.4;0.0
65;2021-01-17;1;0;3064;16;1.4;0.0
65;2021-01-18;553;5;3617;21;1.6;0.0
65;2021-01-19;570;2;4187;23;1.8;0.0
65;2021-01-20;584;5;4771;28;2.1;0.0
65;2021-01-21;584;0;5355;28;2.4;0.0
65;2021-01-22;597;0;5952;28;2.6;0.0
65;2021-01-23;174;1;6126;29;2.7;0.0
65;2021-01-24;3;1;6129;30;2.7;0.0
65;2021-01-25;551;4;6680;34;2.9;0.0
65;2021-01-26;882;2;7562;36;3.3;0.0
65;2021-01-27;588;11;8150;47;3.6;0.0
65;2021-01-28;507;71;8657;118;3.8;0.1
65;2021-01-29;426;136;9083;254;4.0;0.1
65;2021-01-30;183;74;9266;328;4.1;0.1
65;2021-01-31;15;0;9281;328;4.1;0.1
65;2021-02-01;321;88;9602;416;4.2;0.2
65;2021-02-02;418;183;10020;599;4.4;0.3
65;2021-02-03;463;239;10483;838;4.6;0.4
65;2021-02-04;307;315;10790;1153;4.8;0.5
65;2021-02-05;284;357;11074;1510;4.9;0.7
65;2021-02-06;99;89;11173;1599;4.9;0.7
65;2021-02-07;10;0;11183;1599;4.9;0.7
65;2021-02-08;425;213;11608;1812;5.1;0.8
65;2021-02-09;272;370;11880;2182;5.2;1.0
65;2021-02-10;296;266;12176;2448;5.4;1.1
65;2021-02-11;320;265;12496;2713;5.5;1.2
65;2021-02-12;277;217;12773;2930;5.6;1.3
65;2021-02-13;125;95;12898;3025;5.7;1.3
65;2021-02-14;3;16;12901;3041;5.7;1.3
65;2021-02-15;202;400;13103;3441;5.8;1.5
65;2021-02-16;489;559;13592;4000;6.0;1.8
65;2021-02-17;230;483;13822;4483;6.1;2.0
65;2021-02-18;285;572;14107;5055;6.2;2.2
65;2021-02-19;156;465;14263;5520;6.3;2.4
65;2021-02-20;53;154;14316;5674;6.3;2.5
65;2021-02-21;3;48;14319;5722;6.3;2.5
65;2021-02-22;166;521;14485;6243;6.4;2.8
65;2021-02-23;248;519;14733;6762;6.5;3.0
65;2021-02-24;232;627;14965;7389;6.6;3.3
65;2021-02-25;212;177;15177;7566;6.7;3.3
65;2021-02-26;350;755;15527;8321;6.8;3.7
65;2021-02-27;109;198;15636;8519;6.9;3.8
65;2021-02-28;1;0;15637;8519;6.9;3.8
65;2021-03-01;378;367;16015;8886;7.1;3.9
65;2021-03-02;454;354;16469;9240;7.3;4.1
65;2021-03-03;381;385;16850;9625;7.4;4.2
65;2021-03-04;695;324;17545;9949;7.7;4.4
65;2021-03-05;678;286;18223;10235;8.0;4.5
65;2021-03-06;1187;85;19410;10320;8.6;4.5
65;2021-03-07;258;12;19668;10332;8.7;4.6
65;2021-03-08;412;341;20080;10673;8.9;4.7
65;2021-03-09;669;331;20749;11004;9.1;4.9
65;2021-03-10;625;368;21374;11372;9.4;5.0
65;2021-03-11;778;357;22152;11729;9.8;5.2
65;2021-03-12;1058;190;23210;11919;10.2;5.3
65;2021-03-13;354;92;23564;12011;10.4;5.3
65;2021-03-14;3;30;23567;12041;10.4;5.3
65;2021-03-15;816;186;24383;12227;10.7;5.4
65;2021-03-16;692;218;25075;12445;11.1;5.5
65;2021-03-17;711;206;25786;12651;11.4;5.6
65;2021-03-18;536;235;26322;12886;11.6;5.7
65;2021-03-19;878;163;27200;13049;12.0;5.8
65;2021-03-20;244;45;27444;13094;12.1;5.8
65;2021-03-21;12;2;27456;13096;12.1;5.8
65;2021-03-22;735;152;28191;13248;12.4;5.8
65;2021-03-23;837;366;29028;13614;12.8;6.0
65;2021-03-24;868;254;29896;13868;13.2;6.1
65;2021-03-25;1251;189;31147;14057;13.7;6.2
65;2021-03-26;1225;140;32372;14197;14.3;6.3
65;2021-03-27;1357;93;33729;14290;14.9;6.3
65;2021-03-28;1;2;33730;14292;14.9;6.3
65;2021-03-29;1492;358;35222;14650;15.5;6.5
65;2021-03-30;1357;406;36579;15056;16.1;6.6
65;2021-03-31;1208;372;37787;15428;16.7;6.8
65;2021-04-01;1510;397;39297;15825;17.3;7.0
65;2021-04-02;1684;288;40981;16113;18.1;7.1
65;2021-04-03;247;45;41228;16158;18.2;7.1
65;2021-04-04;4;2;41232;16160;18.2;7.1
65;2021-04-05;158;44;41390;16204;18.2;7.1
65;2021-04-06;1295;492;42685;16696;18.8;7.4
65;2021-04-07;1958;459;44643;17155;19.7;7.6
65;2021-04-08;1640;414;46283;17569;20.4;7.7
65;2021-04-09;1644;471;47927;18040;21.1;8.0
65;2021-04-10;1591;149;49518;18189;21.8;8.0
65;2021-04-11;3;0;49521;18189;21.8;8.0
65;2021-04-12;1349;737;50870;18926;22.4;8.3
65;2021-04-13;1572;590;52442;19516;23.1;8.6
65;2021-04-14;1904;745;54346;20261;24.0;8.9
65;2021-04-15;1700;671;56046;20932;24.7;9.2
65;2021-04-16;1824;529;57870;21461;25.5;9.5
65;2021-04-17;2156;132;60026;21593;26.5;9.5
65;2021-04-18;7;27;60033;21620;26.5;9.5
65;2021-04-19;1337;773;61370;22393;27.1;9.9
65;2021-04-20;1530;709;62900;23102;27.7;10.2
65;2021-04-21;1054;1047;63954;24149;28.2;10.6
65;2021-04-22;1646;724;65600;24873;28.9;11.0
65;2021-04-23;1160;1147;66760;26020;29.4;11.5
65;2021-04-24;1264;610;68024;26630;30.0;11.7
65;2021-04-25;31;15;68055;26645;30.0;11.7
65;2021-04-26;1609;1296;69664;27941;30.7;12.3
65;2021-04-27;1423;1340;71087;29281;31.3;12.9
65;2021-04-28;1730;1022;72817;30303;32.1;13.4
65;2021-04-29;1959;1035;74776;31338;33.0;13.8
65;2021-04-30;1782;923;76558;32261;33.7;14.2
65;2021-05-01;1574;230;78132;32491;34.4;14.3
65;2021-05-02;671;24;78803;32515;34.7;14.3
65;2021-05-03;1280;1620;80083;34135;35.3;15.0
65;2021-05-04;1535;1245;81618;35380;36.0;15.6
65;2021-05-05;1373;1645;82991;37025;36.6;16.3
65;2021-05-06;1557;1177;84548;38202;37.3;16.8
65;2021-05-07;1274;1569;85822;39771;37.8;17.5
65;2021-05-08;1647;443;87469;40214;38.6;17.7
65;2021-05-09;0;89;87469;40303;38.6;17.8
65;2021-05-10;953;1883;88422;42186;39.0;18.6
65;2021-05-11;1059;1810;89481;43996;39.4;19.4
65;2021-05-12;1237;1635;90718;45631;40.0;20.1
65;2021-05-13;1345;170;92063;45801;40.6;20.2
65;2021-05-14;1575;1095;93638;46896;41.3;20.7
65;2021-05-15;1401;511;95039;47407;41.9;20.9
65;2021-05-16;1444;70;96483;47477;42.5;20.9
65;2021-05-17;1036;1614;97519;49091;43.0;21.6
65;2021-05-18;1612;1208;99131;50299;43.7;22.2
65;2021-05-19;1684;1009;100815;51308;44.4;22.6
65;2021-05-20;1844;1053;102659;52361;45.3;23.1
65;2021-05-21;1791;1233;104450;53594;46.0;23.6
65;2021-05-22;1287;638;105737;54232;46.6;23.9
65;2021-05-23;689;32;106426;54264;46.9;23.9
65;2021-05-24;703;77;107129;54341;47.2;24.0
65;2021-05-25;1358;1548;108487;55889;47.8;24.6
65;2021-05-26;1472;1355;109959;57244;48.5;25.2
65;2021-05-27;1622;1464;111581;58708;49.2;25.9
65;2021-05-28;1600;1671;113181;60379;49.9;26.6
65;2021-05-29;1187;1514;114368;61893;50.4;27.3
65;2021-05-30;6;10;114374;61903;50.4;27.3
65;2021-05-31;1324;1300;115698;63203;51.0;27.9
65;2021-06-01;1833;936;117531;64139;51.8;28.3
65;2021-06-02;1575;951;119106;65090;52.5;28.7
65;2021-06-03;1341;1104;120447;66194;53.1;29.2
65;2021-06-04;1791;1561;122238;67755;53.9;29.9
65;2021-06-05;433;1240;122671;68995;54.1;30.4
65;2021-06-06;3;13;122674;69008;54.1;30.4
65;2021-06-07;674;1984;123348;70992;54.4;31.3
65;2021-06-08;956;1538;124304;72530;54.8;32.0
65;2021-06-09;827;1548;125131;74078;55.2;32.7
65;2021-06-10;740;1155;125871;75233;55.5;33.2
65;2021-06-11;911;1808;126782;77041;55.9;34.0
65;2021-06-12;150;639;126932;77680;56.0;34.2
65;2021-06-13;5;7;126937;77687;56.0;34.2
65;2021-06-14;503;2423;127440;80110;56.2;35.3
65;2021-06-15;941;1803;128381;81913;56.6;36.1
65;2021-06-16;1065;1366;129446;83279;57.1;36.7
65;2021-06-17;814;1049;130260;84328;57.4;37.2
65;2021-06-18;1018;1632;131278;85960;57.9;37.9
65;2021-06-19;691;1689;131969;87649;58.2;38.6
65;2021-06-20;2;2;131971;87651;58.2;38.6
65;2021-06-21;736;1940;132707;89591;58.5;39.5
65;2021-06-22;1046;1479;133753;91070;59.0;40.1
65;2021-06-23;1064;1233;134817;92303;59.4;40.7
65;2021-06-24;959;1144;135776;93447;59.9;41.2
65;2021-06-25;831;1967;136607;95414;60.2;42.1
65;2021-06-26;168;1658;136775;97072;60.3;42.8
65;2021-06-27;15;1101;136790;98173;60.3;43.3
65;2021-06-28;444;2301;137234;100474;60.5;44.3
65;2021-06-29;684;1920;137918;102394;60.8;45.1
65;2021-06-30;933;1679;138851;104073;61.2;45.9
65;2021-07-01;606;752;139457;104825;61.5;46.2
65;2021-07-02;1167;1734;140624;106559;62.0;47.0
65;2021-07-03;197;1916;140821;108475;62.1;47.8
65;2021-07-04;416;185;141237;108660;62.3;47.9
65;2021-07-05;640;1994;141877;110654;62.5;48.8
65;2021-07-06;897;2126;142774;112780;62.9;49.7
65;2021-07-07;973;1517;143747;114297;63.4;50.4
65;2021-07-08;326;663;144073;114960;63.5;50.7
65;2021-07-09;550;1594;144623;116554;63.8;51.4
65;2021-07-10;302;956;144925;117510;63.9;51.8
65;2021-07-11;0;0;144925;117510;63.9;51.8
65;2021-07-12;480;2221;145405;119731;64.1;52.8
65;2021-07-13;698;2148;146103;121879;64.4;53.7
65;2021-07-14;213;52;146316;121931;64.5;53.8
65;2021-07-15;1048;1662;147364;123593;65.0;54.5
65;2021-07-16;1186;1883;148550;125476;65.5;55.3
65;2021-07-17;431;543;148981;126019;65.7;55.6
65;2021-07-18;22;11;149003;126030;65.7;55.6
65;2021-07-19;632;1496;149635;127526;66.0;56.2
65;2021-07-20;1446;1705;151081;129231;66.6;57.0
65;2021-07-21;1419;1662;152500;130893;67.2;57.7
65;2021-07-22;2197;1292;154697;132185;68.2;58.3
65;2021-07-23;1622;1792;156319;133977;68.9;59.1
65;2021-07-24;1043;649;157362;134626;69.4;59.3
65;2021-07-25;24;21;157386;134647;69.4;59.4
65;2021-07-26;1142;1245;158528;135892;69.9;59.9
65;2021-07-27;1793;1955;160321;137847;70.7;60.8
65;2021-07-28;1601;1324;161922;139171;71.4;61.4
65;2021-07-29;2891;1138;164813;140309;72.7;61.9
65;2021-07-30;2447;1397;167260;141706;73.7;62.5
65;2021-07-31;2298;352;169558;142058;74.7;62.6
65;2021-08-01;14;16;169572;142074;74.8;62.6
65;2021-08-02;986;833;170558;142907;75.2;63.0
65;2021-08-03;2095;1067;172653;143974;76.1;63.5
65;2021-08-04;1796;640;174449;144614;76.9;63.8
65;2021-08-05;1816;834;176265;145448;77.7;64.1
65;2021-08-06;1662;970;177927;146418;78.4;64.5
65;2021-08-07;724;484;178651;146902;78.8;64.8
65;2021-08-08;2;9;178653;146911;78.8;64.8
65;2021-08-09;694;943;179347;147854;79.1;65.2
65;2021-08-10;1183;1546;180530;149400;79.6;65.9
65;2021-08-11;729;1265;181259;150665;79.9;66.4
65;2021-08-12;770;1082;182029;151747;80.2;66.9
65;2021-08-13;412;1008;182441;152755;80.4;67.3
65;2021-08-14;592;565;183033;153320;80.7;67.6
65;2021-08-15;7;19;183040;153339;80.7;67.6
65;2021-08-16;395;1536;183435;154875;80.9;68.3
65;2021-08-17;718;2177;184153;157052;81.2;69.2
65;2021-08-18;588;1544;184741;158596;81.4;69.9
65;2021-08-19;722;1311;185463;159907;81.8;70.5
65;2021-08-20;447;1335;185910;161242;82.0;71.1
65;2021-08-21;39;105;185949;161347;82.0;71.1
65;2021-08-22;11;13;185960;161360;82.0;71.1
65;2021-08-23;262;1682;186222;163042;82.1;71.9
65;2021-08-24;543;2444;186765;165486;82.3;73.0
65;2021-08-25;413;1958;187178;167444;82.5;73.8
65;2021-08-26;453;2306;187631;169750;82.7;74.8
65;2021-08-27;427;1945;188058;171695;82.9;75.7
65;2021-08-28;159;193;188217;171888;83.0;75.8
65;2021-08-29;9;18;188226;171906;83.0;75.8
65;2021-08-30;257;1055;188483;172961;83.1;76.2
65;2021-08-31;438;1584;188921;174545;83.3;76.9
65;2021-09-01;444;1156;189365;175701;83.5;77.5
65;2021-09-02;340;992;189705;176693;83.6;77.9
66;2020-12-27;0;0;0;0;0.0;0.0
66;2020-12-28;2;0;2;0;0.0;0.0
66;2020-12-29;0;0;2;0;0.0;0.0
66;2020-12-30;0;0;2;0;0.0;0.0
66;2020-12-31;1;0;3;0;0.0;0.0
66;2021-01-01;1;0;4;0;0.0;0.0
66;2021-01-02;0;0;4;0;0.0;0.0
66;2021-01-03;0;0;4;0;0.0;0.0
66;2021-01-04;30;0;34;0;0.0;0.0
66;2021-01-05;135;0;169;0;0.0;0.0
66;2021-01-06;195;0;364;0;0.1;0.0
66;2021-01-07;182;0;546;0;0.1;0.0
66;2021-01-08;212;0;758;0;0.2;0.0
66;2021-01-09;232;0;990;0;0.2;0.0
66;2021-01-10;11;0;1001;0;0.2;0.0
66;2021-01-11;404;3;1405;3;0.3;0.0
66;2021-01-12;587;2;1992;5;0.4;0.0
66;2021-01-13;877;7;2869;12;0.6;0.0
66;2021-01-14;892;12;3761;24;0.8;0.0
66;2021-01-15;588;1;4349;25;0.9;0.0
66;2021-01-16;106;2;4455;27;0.9;0.0
66;2021-01-17;46;1;4501;28;0.9;0.0
66;2021-01-18;655;3;5156;31;1.1;0.0
66;2021-01-19;717;3;5873;34;1.2;0.0
66;2021-01-20;1169;3;7042;37;1.5;0.0
66;2021-01-21;2402;4;9444;41;2.0;0.0
66;2021-01-22;1439;9;10883;50;2.3;0.0
66;2021-01-23;399;3;11282;53;2.4;0.0
66;2021-01-24;226;9;11508;62;2.4;0.0
66;2021-01-25;738;39;12246;101;2.6;0.0
66;2021-01-26;787;65;13033;166;2.7;0.0
66;2021-01-27;867;103;13900;269;2.9;0.1
66;2021-01-28;877;124;14777;393;3.1;0.1
66;2021-01-29;818;123;15595;516;3.3;0.1
66;2021-01-30;480;68;16075;584;3.4;0.1
66;2021-01-31;202;27;16277;611;3.4;0.1
66;2021-02-01;562;185;16839;796;3.5;0.2
66;2021-02-02;621;282;17460;1078;3.6;0.2
66;2021-02-03;737;602;18197;1680;3.8;0.4
66;2021-02-04;688;596;18885;2276;3.9;0.5
66;2021-02-05;778;403;19663;2679;4.1;0.6
66;2021-02-06;418;145;20081;2824;4.2;0.6
66;2021-02-07;169;138;20250;2962;4.2;0.6
66;2021-02-08;501;371;20751;3333;4.3;0.7
66;2021-02-09;533;385;21284;3718;4.4;0.8
66;2021-02-10;618;745;21902;4463;4.6;0.9
66;2021-02-11;1104;1560;23006;6023;4.8;1.3
66;2021-02-12;1121;1194;24127;7217;5.0;1.5
66;2021-02-13;366;290;24493;7507;5.1;1.6
66;2021-02-14;111;190;24604;7697;5.1;1.6
66;2021-02-15;425;668;25029;8365;5.2;1.7
66;2021-02-16;304;763;25333;9128;5.3;1.9
66;2021-02-17;379;677;25712;9805;5.4;2.0
66;2021-02-18;366;745;26078;10550;5.4;2.2
66;2021-02-19;400;679;26478;11229;5.5;2.3
66;2021-02-20;184;398;26662;11627;5.6;2.4
66;2021-02-21;41;166;26703;11793;5.6;2.5
66;2021-02-22;416;615;27119;12408;5.7;2.6
66;2021-02-23;508;644;27627;13052;5.8;2.7
66;2021-02-24;342;721;27969;13773;5.8;2.9
66;2021-02-25;717;684;28686;14457;6.0;3.0
66;2021-02-26;954;732;29640;15189;6.2;3.2
66;2021-02-27;363;423;30003;15612;6.3;3.3
66;2021-02-28;59;166;30062;15778;6.3;3.3
66;2021-03-01;378;631;30440;16409;6.4;3.4
66;2021-03-02;334;648;30774;17057;6.4;3.6
66;2021-03-03;529;639;31303;17696;6.5;3.7
66;2021-03-04;991;1051;32294;18747;6.7;3.9
66;2021-03-05;1527;795;33821;19542;7.1;4.1
66;2021-03-06;1146;345;34967;19887;7.3;4.2
66;2021-03-07;1097;96;36064;19983;7.5;4.2
66;2021-03-08;696;543;36760;20526;7.7;4.3
66;2021-03-09;1225;588;37985;21114;7.9;4.4
66;2021-03-10;1301;502;39286;21616;8.2;4.5
66;2021-03-11;1474;593;40760;22209;8.5;4.6
66;2021-03-12;2395;579;43155;22788;9.0;4.8
66;2021-03-13;1081;305;44236;23093;9.2;4.8
66;2021-03-14;192;84;44428;23177;9.3;4.8
66;2021-03-15;1109;395;45537;23572;9.5;4.9
66;2021-03-16;952;259;46489;23831;9.7;5.0
66;2021-03-17;866;397;47355;24228;9.9;5.1
66;2021-03-18;969;344;48324;24572;10.1;5.1
66;2021-03-19;1292;317;49616;24889;10.4;5.2
66;2021-03-20;837;122;50453;25011;10.5;5.2
66;2021-03-21;186;44;50639;25055;10.6;5.2
66;2021-03-22;1114;392;51753;25447;10.8;5.3
66;2021-03-23;1757;388;53510;25835;11.2;5.4
66;2021-03-24;1796;518;55306;26353;11.5;5.5
66;2021-03-25;2537;470;57843;26823;12.1;5.6
66;2021-03-26;2577;365;60420;27188;12.6;5.7
66;2021-03-27;1210;298;61630;27486;12.9;5.7
66;2021-03-28;321;3;61951;27489;12.9;5.7
66;2021-03-29;1830;257;63781;27746;13.3;5.8
66;2021-03-30;2241;173;66022;27919;13.8;5.8
66;2021-03-31;1987;250;68009;28169;14.2;5.9
66;2021-04-01;2673;302;70682;28471;14.8;5.9
66;2021-04-02;2421;257;73103;28728;15.3;6.0
66;2021-04-03;1148;334;74251;29062;15.5;6.1
66;2021-04-04;107;125;74358;29187;15.5;6.1
66;2021-04-05;196;142;74554;29329;15.6;6.1
66;2021-04-06;1334;650;75888;29979;15.8;6.3
66;2021-04-07;1397;598;77285;30577;16.1;6.4
66;2021-04-08;2072;549;79357;31126;16.6;6.5
66;2021-04-09;3481;662;82838;31788;17.3;6.6
66;2021-04-10;2307;524;85145;32312;17.8;6.7
66;2021-04-11;1200;169;86345;32481;18.0;6.8
66;2021-04-12;2703;1023;89048;33504;18.6;7.0
66;2021-04-13;3609;1063;92657;34567;19.3;7.2
66;2021-04-14;3292;922;95949;35489;20.0;7.4
66;2021-04-15;3557;1049;99506;36538;20.8;7.6
66;2021-04-16;3592;1034;103098;37572;21.5;7.8
66;2021-04-17;2263;592;105361;38164;22.0;8.0
66;2021-04-18;1445;132;106806;38296;22.3;8.0
66;2021-04-19;2256;1123;109062;39419;22.8;8.2
66;2021-04-20;2374;1078;111436;40497;23.3;8.5
66;2021-04-21;2870;1178;114306;41675;23.9;8.7
66;2021-04-22;2660;1230;116966;42905;24.4;9.0
66;2021-04-23;2380;1237;119346;44142;24.9;9.2
66;2021-04-24;2744;882;122090;45024;25.5;9.4
66;2021-04-25;1207;266;123297;45290;25.7;9.5
66;2021-04-26;1998;1255;125295;46545;26.2;9.7
66;2021-04-27;2748;1305;128043;47850;26.7;10.0
66;2021-04-28;2421;1658;130464;49508;27.2;10.3
66;2021-04-29;2704;2130;133168;51638;27.8;10.8
66;2021-04-30;3054;1559;136222;53197;28.4;11.1
66;2021-05-01;2001;470;138223;53667;28.9;11.2
66;2021-05-02;1529;264;139752;53931;29.2;11.3
66;2021-05-03;2939;1110;142691;55041;29.8;11.5
66;2021-05-04;3169;1343;145860;56384;30.5;11.8
66;2021-05-05;3053;1545;148913;57929;31.1;12.1
66;2021-05-06;3753;2082;152666;60011;31.9;12.5
66;2021-05-07;2968;3080;155634;63091;32.5;13.2
66;2021-05-08;1731;1171;157365;64262;32.9;13.4
66;2021-05-09;887;1369;158252;65631;33.0;13.7
66;2021-05-10;1805;2970;160057;68601;33.4;14.3
66;2021-05-11;2741;3128;162798;71729;34.0;15.0
66;2021-05-12;2432;2569;165230;74298;34.5;15.5
66;2021-05-13;2260;1385;167490;75683;35.0;15.8
66;2021-05-14;2772;2118;170262;77801;35.5;16.2
66;2021-05-15;2329;1576;172591;79377;36.0;16.6
66;2021-05-16;2286;1250;174877;80627;36.5;16.8
66;2021-05-17;2051;1825;176928;82452;36.9;17.2
66;2021-05-18;3237;1808;180165;84260;37.6;17.6
66;2021-05-19;2878;1343;183043;85603;38.2;17.9
66;2021-05-20;4375;1447;187418;87050;39.1;18.2
66;2021-05-21;3268;1461;190686;88511;39.8;18.5
66;2021-05-22;3066;781;193752;89292;40.4;18.6
66;2021-05-23;1510;236;195262;89528;40.8;18.7
66;2021-05-24;1955;429;197217;89957;41.2;18.8
66;2021-05-25;2796;1690;200013;91647;41.8;19.1
66;2021-05-26;2780;1494;202793;93141;42.3;19.4
66;2021-05-27;3386;2257;206179;95398;43.0;19.9
66;2021-05-28;2686;3046;208865;98444;43.6;20.6
66;2021-05-29;2147;1518;211012;99962;44.1;20.9
66;2021-05-30;786;989;211798;100951;44.2;21.1
66;2021-05-31;2120;1779;213918;102730;44.7;21.4
66;2021-06-01;2637;2003;216555;104733;45.2;21.9
66;2021-06-02;2810;2337;219365;107070;45.8;22.4
66;2021-06-03;2480;2966;221845;110036;46.3;23.0
66;2021-06-04;1952;3355;223797;113391;46.7;23.7
66;2021-06-05;1411;2601;225208;115992;47.0;24.2
66;2021-06-06;294;1228;225502;117220;47.1;24.5
66;2021-06-07;1343;2959;226845;120179;47.4;25.1
66;2021-06-08;1739;3021;228584;123200;47.7;25.7
66;2021-06-09;2068;2788;230652;125988;48.2;26.3
66;2021-06-10;2081;2962;232733;128950;48.6;26.9
66;2021-06-11;2103;3861;234836;132811;49.0;27.7
66;2021-06-12;872;2411;235708;135222;49.2;28.2
66;2021-06-13;517;1334;236225;136556;49.3;28.5
66;2021-06-14;1359;3496;237584;140052;49.6;29.2
66;2021-06-15;2130;3573;239714;143625;50.0;30.0
66;2021-06-16;1790;3568;241504;147193;50.4;30.7
66;2021-06-17;2436;3607;243940;150800;50.9;31.5
66;2021-06-18;2227;3824;246167;154624;51.4;32.3
66;2021-06-19;1542;2321;247709;156945;51.7;32.8
66;2021-06-20;998;1266;248707;158211;51.9;33.0
66;2021-06-21;1163;2879;249870;161090;52.2;33.6
66;2021-06-22;1510;3763;251380;164853;52.5;34.4
66;2021-06-23;1325;3027;252705;167880;52.8;35.0
66;2021-06-24;1516;3230;254221;171110;53.1;35.7
66;2021-06-25;1401;3536;255622;174646;53.4;36.5
66;2021-06-26;963;2680;256585;177326;53.6;37.0
66;2021-06-27;679;1557;257264;178883;53.7;37.3
66;2021-06-28;978;2976;258242;181859;53.9;38.0
66;2021-06-29;1148;3797;259390;185656;54.2;38.8
66;2021-06-30;1276;3307;260666;188963;54.4;39.4
66;2021-07-01;1470;4046;262136;193009;54.7;40.3
66;2021-07-02;1344;3603;263480;196612;55.0;41.0
66;2021-07-03;1153;3903;264633;200515;55.2;41.9
66;2021-07-04;717;1791;265350;202306;55.4;42.2
66;2021-07-05;1293;3007;266643;205313;55.7;42.9
66;2021-07-06;1452;3786;268095;209099;56.0;43.7
66;2021-07-07;1430;3247;269525;212346;56.3;44.3
66;2021-07-08;1376;3385;270901;215731;56.6;45.0
66;2021-07-09;1423;3462;272324;219193;56.9;45.8
66;2021-07-10;1004;2402;273328;221595;57.1;46.3
66;2021-07-11;540;1540;273868;223135;57.2;46.6
66;2021-07-12;1030;3641;274898;226776;57.4;47.3
66;2021-07-13;2361;4271;277259;231047;57.9;48.2
66;2021-07-14;1950;1237;279209;232284;58.3;48.5
66;2021-07-15;2781;3113;281990;235397;58.9;49.1
66;2021-07-16;3338;3209;285328;238606;59.6;49.8
66;2021-07-17;2122;2038;287450;240644;60.0;50.2
66;2021-07-18;1198;1062;288648;241706;60.3;50.5
66;2021-07-19;2793;3087;291441;244793;60.8;51.1
66;2021-07-20;3656;2883;295097;247676;61.6;51.7
66;2021-07-21;3963;2949;299060;250625;62.4;52.3
66;2021-07-22;3911;2818;302971;253443;63.3;52.9
66;2021-07-23;3895;3032;306866;256475;64.1;53.5
66;2021-07-24;2584;1922;309450;258397;64.6;53.9
66;2021-07-25;2022;1240;311472;259637;65.0;54.2
66;2021-07-26;2866;2626;314338;262263;65.6;54.8
66;2021-07-27;3231;2887;317569;265150;66.3;55.4
66;2021-07-28;3353;2573;320922;267723;67.0;55.9
66;2021-07-29;3856;2539;324778;270262;67.8;56.4
66;2021-07-30;4230;2469;329008;272731;68.7;56.9
66;2021-07-31;2231;1715;331239;274446;69.2;57.3
66;2021-08-01;1820;898;333059;275344;69.5;57.5
66;2021-08-02;2332;1922;335391;277266;70.0;57.9
66;2021-08-03;2615;2069;338006;279335;70.6;58.3
66;2021-08-04;2619;1998;340625;281333;71.1;58.7
66;2021-08-05;2432;2506;343057;283839;71.6;59.3
66;2021-08-06;2314;2645;345371;286484;72.1;59.8
66;2021-08-07;1502;2089;346873;288573;72.4;60.2
66;2021-08-08;613;1456;347486;290029;72.5;60.5
66;2021-08-09;1337;2801;348823;292830;72.8;61.1
66;2021-08-10;1639;3074;350462;295904;73.2;61.8
66;2021-08-11;1620;3017;352082;298921;73.5;62.4
66;2021-08-12;1663;2994;353745;301915;73.9;63.0
66;2021-08-13;1390;2975;355135;304890;74.1;63.7
66;2021-08-14;655;2508;355790;307398;74.3;64.2
66;2021-08-15;136;1629;355926;309027;74.3;64.5
66;2021-08-16;1266;2593;357192;311620;74.6;65.1
66;2021-08-17;1487;2979;358679;314599;74.9;65.7
66;2021-08-18;1332;3069;360011;317668;75.2;66.3
66;2021-08-19;1100;2919;361111;320587;75.4;66.9
66;2021-08-20;979;3317;362090;323904;75.6;67.6
66;2021-08-21;562;2012;362652;325916;75.7;68.0
66;2021-08-22;232;1352;362884;327268;75.8;68.3
66;2021-08-23;1141;2760;364025;330028;76.0;68.9
66;2021-08-24;1046;2948;365071;332976;76.2;69.5
66;2021-08-25;902;2305;365973;335281;76.4;70.0
66;2021-08-26;957;2183;366930;337464;76.6;70.5
66;2021-08-27;909;2367;367839;339831;76.8;70.9
66;2021-08-28;514;1136;368353;340967;76.9;71.2
66;2021-08-29;243;332;368596;341299;77.0;71.3
66;2021-08-30;829;2594;369425;343893;77.1;71.8
66;2021-08-31;815;2722;370240;346615;77.3;72.4
66;2021-09-01;723;2165;370963;348780;77.4;72.8
66;2021-09-02;650;1874;371613;350654;77.6;73.2
67;2020-12-27;7;0;7;0;0.0;0.0
67;2020-12-28;4;0;11;0;0.0;0.0
67;2020-12-29;2;0;13;0;0.0;0.0
67;2020-12-30;0;0;13;0;0.0;0.0
67;2020-12-31;0;0;13;0;0.0;0.0
67;2021-01-01;4;0;17;0;0.0;0.0
67;2021-01-02;1;0;18;0;0.0;0.0
67;2021-01-03;1;0;19;0;0.0;0.0
67;2021-01-04;41;0;60;0;0.0;0.0
67;2021-01-05;167;0;227;0;0.0;0.0
67;2021-01-06;121;0;348;0;0.0;0.0
67;2021-01-07;235;1;583;1;0.1;0.0
67;2021-01-08;233;1;816;2;0.1;0.0
67;2021-01-09;113;1;929;3;0.1;0.0
67;2021-01-10;67;0;996;3;0.1;0.0
67;2021-01-11;182;1;1178;4;0.1;0.0
67;2021-01-12;511;1;1689;5;0.1;0.0
67;2021-01-13;654;2;2343;7;0.2;0.0
67;2021-01-14;1081;7;3424;14;0.3;0.0
67;2021-01-15;938;7;4362;21;0.4;0.0
67;2021-01-16;196;3;4558;24;0.4;0.0
67;2021-01-17;99;0;4657;24;0.4;0.0
67;2021-01-18;899;3;5556;27;0.5;0.0
67;2021-01-19;1424;5;6980;32;0.6;0.0
67;2021-01-20;1854;12;8834;44;0.8;0.0
67;2021-01-21;2208;9;11042;53;1.0;0.0
67;2021-01-22;1987;7;13029;60;1.2;0.0
67;2021-01-23;813;5;13842;65;1.2;0.0
67;2021-01-24;380;1;14222;66;1.3;0.0
67;2021-01-25;526;30;14748;96;1.3;0.0
67;2021-01-26;159;107;14907;203;1.3;0.0
67;2021-01-27;1396;87;16303;290;1.4;0.0
67;2021-01-28;3052;219;19355;509;1.7;0.0
67;2021-01-29;2029;155;21384;664;1.9;0.1
67;2021-01-30;1094;78;22478;742;2.0;0.1
67;2021-01-31;1162;29;23640;771;2.1;0.1
67;2021-02-01;3392;250;27032;1021;2.4;0.1
67;2021-02-02;2692;420;29724;1441;2.6;0.1
67;2021-02-03;1573;394;31297;1835;2.8;0.2
67;2021-02-04;1193;742;32490;2577;2.9;0.2
67;2021-02-05;1193;630;33683;3207;3.0;0.3
67;2021-02-06;792;142;34475;3349;3.0;0.3
67;2021-02-07;291;39;34766;3388;3.1;0.3
67;2021-02-08;839;429;35605;3817;3.1;0.3
67;2021-02-09;958;707;36563;4524;3.2;0.4
67;2021-02-10;931;765;37494;5289;3.3;0.5
67;2021-02-11;1151;1109;38645;6398;3.4;0.6
67;2021-02-12;1245;748;39890;7146;3.5;0.6
67;2021-02-13;765;268;40655;7414;3.6;0.7
67;2021-02-14;244;92;40899;7506;3.6;0.7
67;2021-02-15;780;777;41679;8283;3.7;0.7
67;2021-02-16;929;1045;42608;9328;3.8;0.8
67;2021-02-17;783;1112;43391;10440;3.8;0.9
67;2021-02-18;1400;2485;44791;12925;4.0;1.1
67;2021-02-19;1374;2021;46165;14946;4.1;1.3
67;2021-02-20;632;845;46797;15791;4.1;1.4
67;2021-02-21;209;1168;47006;16959;4.2;1.5
67;2021-02-22;1404;2146;48410;19105;4.3;1.7
67;2021-02-23;1462;1526;49872;20631;4.4;1.8
67;2021-02-24;1436;1003;51308;21634;4.5;1.9
67;2021-02-25;1615;1409;52923;23043;4.7;2.0
67;2021-02-26;2226;1365;55149;24408;4.9;2.2
67;2021-02-27;1257;736;56406;25144;5.0;2.2
67;2021-02-28;147;325;56553;25469;5.0;2.2
67;2021-03-01;640;967;57193;26436;5.0;2.3
67;2021-03-02;895;1175;58088;27611;5.1;2.4
67;2021-03-03;1410;1258;59498;28869;5.3;2.5
67;2021-03-04;1961;1045;61459;29914;5.4;2.6
67;2021-03-05;3256;1101;64715;31015;5.7;2.7
67;2021-03-06;2335;765;67050;31780;5.9;2.8
67;2021-03-07;466;281;67516;32061;6.0;2.8
67;2021-03-08;1188;787;68704;32848;6.1;2.9
67;2021-03-09;2223;894;70927;33742;6.3;3.0
67;2021-03-10;2448;1185;73375;34927;6.5;3.1
67;2021-03-11;3207;1356;76582;36283;6.8;3.2
67;2021-03-12;5257;1368;81839;37651;7.2;3.3
67;2021-03-13;3997;881;85836;38532;7.6;3.4
67;2021-03-14;483;388;86319;38920;7.6;3.4
67;2021-03-15;2188;1156;88507;40076;7.8;3.5
67;2021-03-16;1551;1230;90058;41306;8.0;3.6
67;2021-03-17;2069;914;92127;42220;8.1;3.7
67;2021-03-18;2386;732;94513;42952;8.3;3.8
67;2021-03-19;3671;747;98184;43699;8.7;3.9
67;2021-03-20;3062;509;101246;44208;8.9;3.9
67;2021-03-21;335;17;101581;44225;9.0;3.9
67;2021-03-22;2331;776;103912;45001;9.2;4.0
67;2021-03-23;3400;775;107312;45776;9.5;4.0
67;2021-03-24;3909;810;111221;46586;9.8;4.1
67;2021-03-25;5313;538;116534;47124;10.3;4.2
67;2021-03-26;6867;477;123401;47601;10.9;4.2
67;2021-03-27;3925;343;127326;47944;11.2;4.2
67;2021-03-28;580;100;127906;48044;11.3;4.2
67;2021-03-29;3819;426;131725;48470;11.6;4.3
67;2021-03-30;4845;666;136570;49136;12.1;4.3
67;2021-03-31;4847;693;141417;49829;12.5;4.4
67;2021-04-01;5147;929;146564;50758;12.9;4.5
67;2021-04-02;1007;174;147571;50932;13.0;4.5
67;2021-04-03;1689;286;149260;51218;13.2;4.5
67;2021-04-04;327;5;149587;51223;13.2;4.5
67;2021-04-05;371;3;149958;51226;13.2;4.5
67;2021-04-06;3480;1180;153438;52406;13.5;4.6
67;2021-04-07;4531;1282;157969;53688;13.9;4.7
67;2021-04-08;5660;1406;163629;55094;14.4;4.9
67;2021-04-09;7110;1352;170739;56446;15.1;5.0
67;2021-04-10;4333;889;175072;57335;15.5;5.1
67;2021-04-11;855;427;175927;57762;15.5;5.1
67;2021-04-12;3887;1404;179814;59166;15.9;5.2
67;2021-04-13;4892;1579;184706;60745;16.3;5.4
67;2021-04-14;5289;1900;189995;62645;16.8;5.5
67;2021-04-15;6079;2106;196074;64751;17.3;5.7
67;2021-04-16;7837;2422;203911;67173;18.0;5.9
67;2021-04-17;4007;1577;207918;68750;18.4;6.1
67;2021-04-18;1112;646;209030;69396;18.5;6.1
67;2021-04-19;3630;2141;212660;71537;18.8;6.3
67;2021-04-20;4256;1919;216916;73456;19.2;6.5
67;2021-04-21;4068;2512;220984;75968;19.5;6.7
67;2021-04-22;4478;2915;225462;78883;19.9;7.0
67;2021-04-23;5244;3002;230706;81885;20.4;7.2
67;2021-04-24;3100;2024;233806;83909;20.6;7.4
67;2021-04-25;1028;451;234834;84360;20.7;7.4
67;2021-04-26;3191;2617;238025;86977;21.0;7.7
67;2021-04-27;4023;2918;242048;89895;21.4;7.9
67;2021-04-28;4253;3431;246301;93326;21.7;8.2
67;2021-04-29;5125;3506;251426;96832;22.2;8.5
67;2021-04-30;7180;2488;258606;99320;22.8;8.8
67;2021-05-01;2685;784;261291;100104;23.1;8.8
67;2021-05-02;2182;677;263473;100781;23.3;8.9
67;2021-05-03;5561;2614;269034;103395;23.8;9.1
67;2021-05-04;5853;3605;274887;107000;24.3;9.4
67;2021-05-05;5217;4197;280104;111197;24.7;9.8
67;2021-05-06;6715;4925;286819;116122;25.3;10.3
67;2021-05-07;6434;6912;293253;123034;25.9;10.9
67;2021-05-08;3575;1021;296828;124055;26.2;11.0
67;2021-05-09;3371;593;300199;124648;26.5;11.0
67;2021-05-10;4696;4531;304895;129179;26.9;11.4
67;2021-05-11;5649;4931;310544;134110;27.4;11.8
67;2021-05-12;6599;4849;317143;138959;28.0;12.3
67;2021-05-13;7313;1676;324456;140635;28.6;12.4
67;2021-05-14;8880;5361;333336;145996;29.4;12.9
67;2021-05-15;8195;3659;341531;149655;30.2;13.2
67;2021-05-16;6178;969;347709;150624;30.7;13.3
67;2021-05-17;5695;3888;353404;154512;31.2;13.6
67;2021-05-18;6900;3984;360304;158496;31.8;14.0
67;2021-05-19;7377;4173;367681;162669;32.5;14.4
67;2021-05-20;8693;4236;376374;166905;33.2;14.7
67;2021-05-21;8165;5864;384539;172769;34.0;15.3
67;2021-05-22;5937;3423;390476;176192;34.5;15.6
67;2021-05-23;2660;593;393136;176785;34.7;15.6
67;2021-05-24;4417;865;397553;177650;35.1;15.7
67;2021-05-25;5415;4772;402968;182422;35.6;16.1
67;2021-05-26;6062;4882;409030;187304;36.1;16.5
67;2021-05-27;7314;4906;416344;192210;36.8;17.0
67;2021-05-28;7968;6505;424312;198715;37.5;17.5
67;2021-05-29;6651;3876;430963;202591;38.1;17.9
67;2021-05-30;1147;809;432110;203400;38.2;18.0
67;2021-05-31;6408;4059;438518;207459;38.7;18.3
67;2021-06-01;7329;4405;445847;211864;39.4;18.7
67;2021-06-02;8066;4180;453913;216044;40.1;19.1
67;2021-06-03;8843;4866;462756;220910;40.9;19.5
67;2021-06-04;8595;6138;471351;227048;41.6;20.0
67;2021-06-05;6554;3983;477905;231031;42.2;20.4
67;2021-06-06;3478;874;481383;231905;42.5;20.5
67;2021-06-07;7415;4257;488798;236162;43.2;20.9
67;2021-06-08;8630;4927;497428;241089;43.9;21.3
67;2021-06-09;9262;4801;506690;245890;44.7;21.7
67;2021-06-10;9774;5010;516464;250900;45.6;22.2
67;2021-06-11;8072;8327;524536;259227;46.3;22.9
67;2021-06-12;6791;5205;531327;264432;46.9;23.3
67;2021-06-13;3108;1044;534435;265476;47.2;23.4
67;2021-06-14;5511;6459;539946;271935;47.7;24.0
67;2021-06-15;6687;6753;546633;278688;48.3;24.6
67;2021-06-16;6952;6706;553585;285394;48.9;25.2
67;2021-06-17;7274;9057;560859;294451;49.5;26.0
67;2021-06-18;7606;8509;568465;302960;50.2;26.7
67;2021-06-19;6385;5962;574850;308922;50.8;27.3
67;2021-06-20;1450;1412;576300;310334;50.9;27.4
67;2021-06-21;4267;6774;580567;317108;51.3;28.0
67;2021-06-22;4243;9098;584810;326206;51.6;28.8
67;2021-06-23;5291;8188;590101;334394;52.1;29.5
67;2021-06-24;4519;9100;594620;343494;52.5;30.3
67;2021-06-25;5341;9954;599961;353448;53.0;31.2
67;2021-06-26;3467;9108;603428;362556;53.3;32.0
67;2021-06-27;1023;3523;604451;366079;53.4;32.3
67;2021-06-28;2847;8732;607298;374811;53.6;33.1
67;2021-06-29;2898;8613;610196;383424;53.9;33.9
67;2021-06-30;3382;8746;613578;392170;54.2;34.6
67;2021-07-01;3609;8429;617187;400599;54.5;35.4
67;2021-07-02;3737;10938;620924;411537;54.8;36.3
67;2021-07-03;2977;7747;623901;419284;55.1;37.0
67;2021-07-04;763;1870;624664;421154;55.2;37.2
67;2021-07-05;2623;8254;627287;429408;55.4;37.9
67;2021-07-06;3103;8444;630390;437852;55.7;38.7
67;2021-07-07;3924;8739;634314;446591;56.0;39.4
67;2021-07-08;4195;7788;638509;454379;56.4;40.1
67;2021-07-09;3768;11374;642277;465753;56.7;41.1
67;2021-07-10;2860;8210;645137;473963;57.0;41.8
67;2021-07-11;944;1995;646081;475958;57.0;42.0
67;2021-07-12;2479;9724;648560;485682;57.3;42.9
67;2021-07-13;4107;9890;652667;495572;57.6;43.8
67;2021-07-14;3491;4408;656158;499980;57.9;44.1
67;2021-07-15;5141;12229;661299;512209;58.4;45.2
67;2021-07-16;4866;12294;666165;524503;58.8;46.3
67;2021-07-17;3736;8828;669901;533331;59.1;47.1
67;2021-07-18;1464;2551;671365;535882;59.3;47.3
67;2021-07-19;4645;9746;676010;545628;59.7;48.2
67;2021-07-20;5774;9822;681784;555450;60.2;49.0
67;2021-07-21;5868;10652;687652;566102;60.7;50.0
67;2021-07-22;6439;10229;694091;576331;61.3;50.9
67;2021-07-23;7400;11192;701491;587523;61.9;51.9
67;2021-07-24;5424;7578;706915;595101;62.4;52.5
67;2021-07-25;2317;1969;709232;597070;62.6;52.7
67;2021-07-26;5005;7248;714237;604318;63.1;53.4
67;2021-07-27;6626;7322;720863;611640;63.6;54.0
67;2021-07-28;7542;7210;728405;618850;64.3;54.6
67;2021-07-29;8394;6434;736799;625284;65.1;55.2
67;2021-07-30;8659;7306;745458;632590;65.8;55.9
67;2021-07-31;5107;4876;750565;637466;66.3;56.3
67;2021-08-01;2479;1430;753044;638896;66.5;56.4
67;2021-08-02;6350;5093;759394;643989;67.0;56.9
67;2021-08-03;7296;4713;766690;648702;67.7;57.3
67;2021-08-04;6882;4600;773572;653302;68.3;57.7
67;2021-08-05;5740;4226;779312;657528;68.8;58.1
67;2021-08-06;6321;5428;785633;662956;69.4;58.5
67;2021-08-07;4663;4275;790296;667231;69.8;58.9
67;2021-08-08;1307;1436;791603;668667;69.9;59.0
67;2021-08-09;3121;4481;794724;673148;70.2;59.4
67;2021-08-10;3206;4788;797930;677936;70.5;59.9
67;2021-08-11;3411;4679;801341;682615;70.8;60.3
67;2021-08-12;3113;4888;804454;687503;71.0;60.7
67;2021-08-13;3145;5389;807599;692892;71.3;61.2
67;2021-08-14;2187;5080;809786;697972;71.5;61.6
67;2021-08-15;707;1601;810493;699573;71.6;61.8
67;2021-08-16;2063;5230;812556;704803;71.7;62.2
67;2021-08-17;2070;5270;814626;710073;71.9;62.7
67;2021-08-18;2347;6341;816973;716414;72.1;63.3
67;2021-08-19;1877;6150;818850;722564;72.3;63.8
67;2021-08-20;2299;7448;821149;730012;72.5;64.5
67;2021-08-21;1516;5565;822665;735577;72.6;64.9
67;2021-08-22;377;2049;823042;737626;72.7;65.1
67;2021-08-23;1904;6841;824946;744467;72.8;65.7
67;2021-08-24;1978;6612;826924;751079;73.0;66.3
67;2021-08-25;2086;7210;829010;758289;73.2;67.0
67;2021-08-26;1831;5543;830841;763832;73.4;67.4
67;2021-08-27;2182;7030;833023;770862;73.5;68.1
67;2021-08-28;1695;6091;834718;776953;73.7;68.6
67;2021-08-29;439;1598;835157;778551;73.7;68.7
67;2021-08-30;1392;4421;836549;782972;73.9;69.1
67;2021-08-31;1415;4201;837964;787173;74.0;69.5
67;2021-09-01;1772;4532;839736;791705;74.1;69.9
67;2021-09-02;1037;3119;840773;794824;74.2;70.2
68;2020-12-27;0;0;0;0;0.0;0.0
68;2020-12-28;0;0;0;0;0.0;0.0
68;2020-12-29;0;0;0;0;0.0;0.0
68;2020-12-30;2;0;2;0;0.0;0.0
68;2020-12-31;0;0;2;0;0.0;0.0
68;2021-01-01;0;0;2;0;0.0;0.0
68;2021-01-02;0;0;2;0;0.0;0.0
68;2021-01-03;1;0;3;0;0.0;0.0
68;2021-01-04;1;0;4;0;0.0;0.0
68;2021-01-05;11;0;15;0;0.0;0.0
68;2021-01-06;245;1;260;1;0.0;0.0
68;2021-01-07;75;0;335;1;0.0;0.0
68;2021-01-08;118;1;453;2;0.1;0.0
68;2021-01-09;20;0;473;2;0.1;0.0
68;2021-01-10;1;0;474;2;0.1;0.0
68;2021-01-11;82;0;556;2;0.1;0.0
68;2021-01-12;386;1;942;3;0.1;0.0
68;2021-01-13;703;2;1645;5;0.2;0.0
68;2021-01-14;372;2;2017;7;0.3;0.0
68;2021-01-15;204;1;2221;8;0.3;0.0
68;2021-01-16;1;0;2222;8;0.3;0.0
68;2021-01-17;0;0;2222;8;0.3;0.0
68;2021-01-18;379;5;2601;13;0.3;0.0
68;2021-01-19;559;5;3160;18;0.4;0.0
68;2021-01-20;707;10;3867;28;0.5;0.0
68;2021-01-21;1394;12;5261;40;0.7;0.0
68;2021-01-22;1499;12;6760;52;0.9;0.0
68;2021-01-23;215;3;6975;55;0.9;0.0
68;2021-01-24;698;1;7673;56;1.0;0.0
68;2021-01-25;1390;44;9063;100;1.2;0.0
68;2021-01-26;1555;80;10618;180;1.4;0.0
68;2021-01-27;2768;151;13386;331;1.8;0.0
68;2021-01-28;2354;59;15740;390;2.1;0.1
68;2021-01-29;1509;116;17249;506;2.3;0.1
68;2021-01-30;165;3;17414;509;2.3;0.1
68;2021-01-31;0;0;17414;509;2.3;0.1
68;2021-02-01;737;115;18151;624;2.4;0.1
68;2021-02-02;869;304;19020;928;2.5;0.1
68;2021-02-03;1000;612;20020;1540;2.6;0.2
68;2021-02-04;1001;319;21021;1859;2.8;0.2
68;2021-02-05;948;230;21969;2089;2.9;0.3
68;2021-02-06;140;2;22109;2091;2.9;0.3
68;2021-02-07;1;16;22110;2107;2.9;0.3
68;2021-02-08;893;23;23003;2130;3.0;0.3
68;2021-02-09;1359;44;24362;2174;3.2;0.3
68;2021-02-10;1453;63;25815;2237;3.4;0.3
68;2021-02-11;1486;466;27301;2703;3.6;0.4
68;2021-02-12;1550;445;28851;3148;3.8;0.4
68;2021-02-13;132;1;28983;3149;3.8;0.4
68;2021-02-14;58;232;29041;3381;3.8;0.4
68;2021-02-15;663;1063;29704;4444;3.9;0.6
68;2021-02-16;863;1341;30567;5785;4.0;0.8
68;2021-02-17;1284;2105;31851;7890;4.2;1.0
68;2021-02-18;1658;2033;33509;9923;4.4;1.3
68;2021-02-19;987;1340;34496;11263;4.5;1.5
68;2021-02-20;93;125;34589;11388;4.5;1.5
68;2021-02-21;1;40;34590;11428;4.5;1.5
68;2021-02-22;446;773;35036;12201;4.6;1.6
68;2021-02-23;639;1045;35675;13246;4.7;1.7
68;2021-02-24;854;1127;36529;14373;4.8;1.9
68;2021-02-25;1209;1236;37738;15609;4.9;2.0
68;2021-02-26;1200;959;38938;16568;5.1;2.2
68;2021-02-27;549;172;39487;16740;5.2;2.2
68;2021-02-28;12;1;39499;16741;5.2;2.2
68;2021-03-01;941;758;40440;17499;5.3;2.3
68;2021-03-02;1216;914;41656;18413;5.5;2.4
68;2021-03-03;1592;958;43248;19371;5.7;2.5
68;2021-03-04;1992;1030;45240;20401;5.9;2.7
68;2021-03-05;2356;1040;47596;21441;6.2;2.8
68;2021-03-06;2286;247;49882;21688;6.5;2.8
68;2021-03-07;839;108;50721;21796;6.6;2.9
68;2021-03-08;1474;970;52195;22766;6.8;3.0
68;2021-03-09;1698;1317;53893;24083;7.1;3.2
68;2021-03-10;1964;1798;55857;25881;7.3;3.4
68;2021-03-11;2639;1902;58496;27783;7.7;3.6
68;2021-03-12;2629;1413;61125;29196;8.0;3.8
68;2021-03-13;3342;259;64467;29455;8.4;3.9
68;2021-03-14;1543;67;66010;29522;8.6;3.9
68;2021-03-15;1794;619;67804;30141;8.9;3.9
68;2021-03-16;2001;604;69805;30745;9.1;4.0
68;2021-03-17;1957;729;71762;31474;9.4;4.1
68;2021-03-18;2220;946;73982;32420;9.7;4.2
68;2021-03-19;3085;736;77067;33156;10.1;4.3
68;2021-03-20;973;123;78040;33279;10.2;4.4
68;2021-03-21;68;2;78108;33281;10.2;4.4
68;2021-03-22;1965;595;80073;33876;10.5;4.4
68;2021-03-23;2860;620;82933;34496;10.9;4.5
68;2021-03-24;3178;813;86111;35309;11.3;4.6
68;2021-03-25;3502;787;89613;36096;11.7;4.7
68;2021-03-26;3893;728;93506;36824;12.3;4.8
68;2021-03-27;1102;167;94608;36991;12.4;4.8
68;2021-03-28;56;3;94664;36994;12.4;4.8
68;2021-03-29;2263;1366;96927;38360;12.7;5.0
68;2021-03-30;2934;1300;99861;39660;13.1;5.2
68;2021-03-31;2642;1359;102503;41019;13.4;5.4
68;2021-04-01;2748;1550;105251;42569;13.8;5.6
68;2021-04-02;244;88;105495;42657;13.8;5.6
68;2021-04-03;240;124;105735;42781;13.9;5.6
68;2021-04-04;5;0;105740;42781;13.9;5.6
68;2021-04-05;49;3;105789;42784;13.9;5.6
68;2021-04-06;1792;1323;107581;44107;14.1;5.8
68;2021-04-07;2585;1536;110166;45643;14.4;6.0
68;2021-04-08;3234;1501;113400;47144;14.9;6.2
68;2021-04-09;4201;1526;117601;48670;15.4;6.4
68;2021-04-10;1205;1972;118806;50642;15.6;6.6
68;2021-04-11;126;1318;118932;51960;15.6;6.8
68;2021-04-12;2667;1636;121599;53596;15.9;7.0
68;2021-04-13;2760;2109;124359;55705;16.3;7.3
68;2021-04-14;3607;2264;127966;57969;16.8;7.6
68;2021-04-15;4051;2159;132017;60128;17.3;7.9
68;2021-04-16;3943;2082;135960;62210;17.8;8.2
68;2021-04-17;1075;442;137035;62652;18.0;8.2
68;2021-04-18;85;9;137120;62661;18.0;8.2
68;2021-04-19;2358;1832;139478;64493;18.3;8.5
68;2021-04-20;2442;2326;141920;66819;18.6;8.8
68;2021-04-21;2831;2476;144751;69295;19.0;9.1
68;2021-04-22;3287;1976;148038;71271;19.4;9.3
68;2021-04-23;3413;2073;151451;73344;19.8;9.6
68;2021-04-24;842;488;152293;73832;20.0;9.7
68;2021-04-25;214;20;152507;73852;20.0;9.7
68;2021-04-26;2329;2105;154836;75957;20.3;10.0
68;2021-04-27;2600;2214;157436;78171;20.6;10.2
68;2021-04-28;3573;1763;161009;79934;21.1;10.5
68;2021-04-29;4167;1748;165176;81682;21.6;10.7
68;2021-04-30;4833;1369;170009;83051;22.3;10.9
68;2021-05-01;947;121;170956;83172;22.4;10.9
68;2021-05-02;732;70;171688;83242;22.5;10.9
68;2021-05-03;3623;1818;175311;85060;23.0;11.1
68;2021-05-04;3936;2363;179247;87423;23.5;11.5
68;2021-05-05;3632;3246;182879;90669;24.0;11.9
68;2021-05-06;4809;2864;187688;93533;24.6;12.3
68;2021-05-07;4522;2910;192210;96443;25.2;12.6
68;2021-05-08;1671;211;193881;96654;25.4;12.7
68;2021-05-09;1077;107;194958;96761;25.5;12.7
68;2021-05-10;3159;3720;198117;100481;26.0;13.2
68;2021-05-11;4718;3618;202835;104099;26.6;13.6
68;2021-05-12;5790;3296;208625;107395;27.3;14.1
68;2021-05-13;4763;839;213388;108234;28.0;14.2
68;2021-05-14;5962;2136;219350;110370;28.7;14.5
68;2021-05-15;3560;910;222910;111280;29.2;14.6
68;2021-05-16;669;120;223579;111400;29.3;14.6
68;2021-05-17;4449;2501;228028;113901;29.9;14.9
68;2021-05-18;6141;2308;234169;116209;30.7;15.2
68;2021-05-19;5871;2887;240040;119096;31.5;15.6
68;2021-05-20;5930;2415;245970;121511;32.2;15.9
68;2021-05-21;5778;2868;251748;124379;33.0;16.3
68;2021-05-22;2578;926;254326;125305;33.3;16.4
68;2021-05-23;15;17;254341;125322;33.3;16.4
68;2021-05-24;2307;971;256648;126293;33.6;16.5
68;2021-05-25;4347;3438;260995;129731;34.2;17.0
68;2021-05-26;4882;3382;265877;133113;34.8;17.4
68;2021-05-27;5408;3406;271285;136519;35.5;17.9
68;2021-05-28;5621;3727;276906;140246;36.3;18.4
68;2021-05-29;1540;1187;278446;141433;36.5;18.5
68;2021-05-30;41;46;278487;141479;36.5;18.5
68;2021-05-31;5160;2364;283647;143843;37.2;18.8
68;2021-06-01;5989;2799;289636;146642;38.0;19.2
68;2021-06-02;4887;3010;294523;149652;38.6;19.6
68;2021-06-03;5942;3100;300465;152752;39.4;20.0
68;2021-06-04;4897;3304;305362;156056;40.0;20.4
68;2021-06-05;780;1169;306142;157225;40.1;20.6
68;2021-06-06;69;115;306211;157340;40.1;20.6
68;2021-06-07;4758;3035;310969;160375;40.7;21.0
68;2021-06-08;4941;3557;315910;163932;41.4;21.5
68;2021-06-09;4995;3447;320905;167379;42.0;21.9
68;2021-06-10;5202;3150;326107;170529;42.7;22.3
68;2021-06-11;5059;4153;331166;174682;43.4;22.9
68;2021-06-12;3035;1769;334201;176451;43.8;23.1
68;2021-06-13;515;682;334716;177133;43.9;23.2
68;2021-06-14;2517;4391;337233;181524;44.2;23.8
68;2021-06-15;3112;4722;340345;186246;44.6;24.4
68;2021-06-16;3389;4442;343734;190688;45.0;25.0
68;2021-06-17;2361;4457;346095;195145;45.3;25.6
68;2021-06-18;3356;5178;349451;200323;45.8;26.2
68;2021-06-19;2256;2170;351707;202493;46.1;26.5
68;2021-06-20;258;893;351965;203386;46.1;26.6
68;2021-06-21;2061;5154;354026;208540;46.4;27.3
68;2021-06-22;1901;5176;355927;213716;46.6;28.0
68;2021-06-23;2317;5743;358244;219459;46.9;28.8
68;2021-06-24;2155;4898;360399;224357;47.2;29.4
68;2021-06-25;2287;6660;362686;231017;47.5;30.3
68;2021-06-26;1304;2610;363990;233627;47.7;30.6
68;2021-06-27;151;880;364141;234507;47.7;30.7
68;2021-06-28;1601;6444;365742;240951;47.9;31.6
68;2021-06-29;1539;6634;367281;247585;48.1;32.4
68;2021-06-30;1799;6555;369080;254140;48.4;33.3
68;2021-07-01;2110;5353;371190;259493;48.6;34.0
68;2021-07-02;2101;6485;373291;265978;48.9;34.9
68;2021-07-03;988;1935;374279;267913;49.0;35.1
68;2021-07-04;242;200;374521;268113;49.1;35.1
68;2021-07-05;1458;5517;375979;273630;49.3;35.9
68;2021-07-06;2002;5885;377981;279515;49.5;36.6
68;2021-07-07;2457;4974;380438;284489;49.8;37.3
68;2021-07-08;2436;4751;382874;289240;50.2;37.9
68;2021-07-09;2091;7368;384965;296608;50.4;38.9
68;2021-07-10;1026;2004;385991;298612;50.6;39.1
68;2021-07-11;147;156;386138;298768;50.6;39.1
68;2021-07-12;1646;6773;387784;305541;50.8;40.0
68;2021-07-13;2909;6550;390693;312091;51.2;40.9
68;2021-07-14;1841;983;392534;313074;51.4;41.0
68;2021-07-15;3188;6656;395722;319730;51.9;41.9
68;2021-07-16;3818;6763;399540;326493;52.4;42.8
68;2021-07-17;3364;2299;402904;328792;52.8;43.1
68;2021-07-18;1054;230;403958;329022;52.9;43.1
68;2021-07-19;3049;6085;407007;335107;53.3;43.9
68;2021-07-20;4003;5675;411010;340782;53.9;44.7
68;2021-07-21;4338;5823;415348;346605;54.4;45.4
68;2021-07-22;4192;4843;419540;351448;55.0;46.0
68;2021-07-23;5042;5759;424582;357207;55.6;46.8
68;2021-07-24;3349;2128;427931;359335;56.1;47.1
68;2021-07-25;826;537;428757;359872;56.2;47.2
68;2021-07-26;4837;4447;433594;364319;56.8;47.7
68;2021-07-27;6373;3753;439967;368072;57.6;48.2
68;2021-07-28;6852;3878;446819;371950;58.5;48.7
68;2021-07-29;6397;3423;453216;375373;59.4;49.2
68;2021-07-30;6340;4375;459556;379748;60.2;49.8
68;2021-07-31;3916;1425;463472;381173;60.7;49.9
68;2021-08-01;1652;492;465124;381665;60.9;50.0
68;2021-08-02;4600;3148;469724;384813;61.5;50.4
68;2021-08-03;3535;2441;473259;387254;62.0;50.7
68;2021-08-04;3139;2686;476398;389940;62.4;51.1
68;2021-08-05;2744;2640;479142;392580;62.8;51.4
68;2021-08-06;3992;4324;483134;396904;63.3;52.0
68;2021-08-07;1224;1305;484358;398209;63.5;52.2
68;2021-08-08;362;813;484720;399022;63.5;52.3
68;2021-08-09;2569;3686;487289;402708;63.8;52.8
68;2021-08-10;2213;2780;489502;405488;64.1;53.1
68;2021-08-11;1898;2729;491400;408217;64.4;53.5
68;2021-08-12;1740;2664;493140;410881;64.6;53.8
68;2021-08-13;2696;4761;495836;415642;65.0;54.5
68;2021-08-14;707;1437;496543;417079;65.1;54.6
68;2021-08-15;45;446;496588;417525;65.1;54.7
68;2021-08-16;1991;5060;498579;422585;65.3;55.4
68;2021-08-17;1787;4844;500366;427429;65.6;56.0
68;2021-08-18;1172;3688;501538;431117;65.7;56.5
68;2021-08-19;1356;3741;502894;434858;65.9;57.0
68;2021-08-20;2218;6061;505112;440919;66.2;57.8
68;2021-08-21;491;1378;505603;442297;66.2;58.0
68;2021-08-22;116;458;505719;442755;66.3;58.0
68;2021-08-23;1186;5422;506905;448177;66.4;58.7
68;2021-08-24;1401;5943;508306;454120;66.6;59.5
68;2021-08-25;1655;3748;509961;457868;66.8;60.0
68;2021-08-26;1984;4496;511945;462364;67.1;60.6
68;2021-08-27;1836;6277;513781;468641;67.3;61.4
68;2021-08-28;420;1068;514201;469709;67.4;61.5
68;2021-08-29;36;418;514237;470127;67.4;61.6
68;2021-08-30;1342;4551;515579;474678;67.6;62.2
68;2021-08-31;1286;4233;516865;478911;67.7;62.8
68;2021-09-01;868;2272;517733;481183;67.8;63.0
68;2021-09-02;866;1974;518599;483157;68.0;63.3
69;2020-12-27;5;0;5;0;0.0;0.0
69;2020-12-28;8;0;13;0;0.0;0.0
69;2020-12-29;5;0;18;0;0.0;0.0
69;2020-12-30;6;0;24;0;0.0;0.0
69;2020-12-31;12;0;36;0;0.0;0.0
69;2021-01-01;2;0;38;0;0.0;0.0
69;2021-01-02;1;0;39;0;0.0;0.0
69;2021-01-03;1;0;40;0;0.0;0.0
69;2021-01-04;11;0;51;0;0.0;0.0
69;2021-01-05;217;0;268;0;0.0;0.0
69;2021-01-06;519;0;787;0;0.0;0.0
69;2021-01-07;812;0;1599;0;0.1;0.0
69;2021-01-08;827;0;2426;0;0.1;0.0
69;2021-01-09;41;1;2467;1;0.1;0.0
69;2021-01-10;3;1;2470;2;0.1;0.0
69;2021-01-11;1135;2;3605;4;0.2;0.0
69;2021-01-12;1396;7;5001;11;0.3;0.0
69;2021-01-13;1393;3;6394;14;0.3;0.0
69;2021-01-14;2281;19;8675;33;0.5;0.0
69;2021-01-15;1826;8;10501;41;0.6;0.0
69;2021-01-16;929;4;11430;45;0.6;0.0
69;2021-01-17;260;2;11690;47;0.6;0.0
69;2021-01-18;1694;18;13384;65;0.7;0.0
69;2021-01-19;3511;35;16895;100;0.9;0.0
69;2021-01-20;4455;30;21350;130;1.1;0.0
69;2021-01-21;4077;28;25427;158;1.4;0.0
69;2021-01-22;3169;19;28596;177;1.5;0.0
69;2021-01-23;1285;5;29881;182;1.6;0.0
69;2021-01-24;101;1;29982;183;1.6;0.0
69;2021-01-25;2240;42;32222;225;1.7;0.0
69;2021-01-26;2562;87;34784;312;1.9;0.0
69;2021-01-27;2355;173;37139;485;2.0;0.0
69;2021-01-28;2236;366;39375;851;2.1;0.0
69;2021-01-29;2112;285;41487;1136;2.2;0.1
69;2021-01-30;889;3;42376;1139;2.3;0.1
69;2021-01-31;65;0;42441;1139;2.3;0.1
69;2021-02-01;1112;398;43553;1537;2.3;0.1
69;2021-02-02;1554;405;45107;1942;2.4;0.1
69;2021-02-03;1443;534;46550;2476;2.5;0.1
69;2021-02-04;1794;946;48344;3422;2.6;0.2
69;2021-02-05;820;815;49164;4237;2.6;0.2
69;2021-02-06;369;50;49533;4287;2.6;0.2
69;2021-02-07;0;0;49533;4287;2.6;0.2
69;2021-02-08;1133;1052;50666;5339;2.7;0.3
69;2021-02-09;2051;2088;52717;7427;2.8;0.4
69;2021-02-10;1855;2626;54572;10053;2.9;0.5
69;2021-02-11;1863;3248;56435;13301;3.0;0.7
69;2021-02-12;1903;2055;58338;15356;3.1;0.8
69;2021-02-13;458;759;58796;16115;3.1;0.9
69;2021-02-14;89;39;58885;16154;3.1;0.9
69;2021-02-15;1014;1718;59899;17872;3.2;1.0
69;2021-02-16;984;2353;60883;20225;3.2;1.1
69;2021-02-17;1027;2318;61910;22543;3.3;1.2
69;2021-02-18;967;2223;62877;24766;3.4;1.3
69;2021-02-19;891;1816;63768;26582;3.4;1.4
69;2021-02-20;321;877;64089;27459;3.4;1.5
69;2021-02-21;53;66;64142;27525;3.4;1.5
69;2021-02-22;610;2027;64752;29552;3.5;1.6
69;2021-02-23;740;2170;65492;31722;3.5;1.7
69;2021-02-24;972;2202;66464;33924;3.5;1.8
69;2021-02-25;2217;2628;68681;36552;3.7;1.9
69;2021-02-26;2775;1888;71456;38440;3.8;2.0
69;2021-02-27;925;563;72381;39003;3.9;2.1
69;2021-02-28;148;100;72529;39103;3.9;2.1
69;2021-03-01;2165;903;74694;40006;4.0;2.1
69;2021-03-02;3297;1391;77991;41397;4.2;2.2
69;2021-03-03;3670;1229;81661;42626;4.4;2.3
69;2021-03-04;4885;1298;86546;43924;4.6;2.3
69;2021-03-05;5875;1263;92421;45187;4.9;2.4
69;2021-03-06;3417;427;95838;45614;5.1;2.4
69;2021-03-07;641;42;96479;45656;5.1;2.4
69;2021-03-08;2960;1115;99439;46771;5.3;2.5
69;2021-03-09;4609;1268;104048;48039;5.5;2.6
69;2021-03-10;5067;1055;109115;49094;5.8;2.6
69;2021-03-11;6601;1048;115716;50142;6.2;2.7
69;2021-03-12;8859;1203;124575;51345;6.6;2.7
69;2021-03-13;4928;248;129503;51593;6.9;2.8
69;2021-03-14;2742;151;132245;51744;7.0;2.8
69;2021-03-15;4807;717;137052;52461;7.3;2.8
69;2021-03-16;3819;664;140871;53125;7.5;2.8
69;2021-03-17;3952;892;144823;54017;7.7;2.9
69;2021-03-18;4966;1597;149789;55614;8.0;3.0
69;2021-03-19;6687;1055;156476;56669;8.3;3.0
69;2021-03-20;3593;275;160069;56944;8.5;3.0
69;2021-03-21;1977;101;162046;57045;8.6;3.0
69;2021-03-22;4549;808;166595;57853;8.9;3.1
69;2021-03-23;7365;833;173960;58686;9.3;3.1
69;2021-03-24;6456;1014;180416;59700;9.6;3.2
69;2021-03-25;8589;1124;189005;60824;10.1;3.2
69;2021-03-26;8814;1256;197819;62080;10.5;3.3
69;2021-03-27;3157;795;200976;62875;10.7;3.4
69;2021-03-28;2219;191;203195;63066;10.8;3.4
69;2021-03-29;4098;2189;207293;65255;11.0;3.5
69;2021-03-30;7642;2556;214935;67811;11.5;3.6
69;2021-03-31;6356;3165;221291;70976;11.8;3.8
69;2021-04-01;8459;2744;229750;73720;12.2;3.9
69;2021-04-02;8311;3134;238061;76854;12.7;4.1
69;2021-04-03;5425;2158;243486;79012;13.0;4.2
69;2021-04-04;6611;549;250097;79561;13.3;4.2
69;2021-04-05;6193;817;256290;80378;13.7;4.3
69;2021-04-06;5116;3483;261406;83861;13.9;4.5
69;2021-04-07;5169;3896;266575;87757;14.2;4.7
69;2021-04-08;6427;4034;273002;91791;14.6;4.9
69;2021-04-09;9166;3779;282168;95570;15.0;5.1
69;2021-04-10;3053;2503;285221;98073;15.2;5.2
69;2021-04-11;2039;1903;287260;99976;15.3;5.3
69;2021-04-12;5471;3578;292731;103554;15.6;5.5
69;2021-04-13;7069;4126;299800;107680;16.0;5.7
69;2021-04-14;6718;4156;306518;111836;16.3;6.0
69;2021-04-15;7944;4602;314462;116438;16.8;6.2
69;2021-04-16;7864;4507;322326;120945;17.2;6.4
69;2021-04-17;5038;2318;327364;123263;17.4;6.6
69;2021-04-18;1716;1794;329080;125057;17.5;6.7
69;2021-04-19;7019;3777;336099;128834;17.9;6.9
69;2021-04-20;6487;4766;342586;133600;18.3;7.1
69;2021-04-21;5688;4417;348274;138017;18.6;7.4
69;2021-04-22;6428;5442;354702;143459;18.9;7.6
69;2021-04-23;6737;4902;361439;148361;19.3;7.9
69;2021-04-24;3157;2031;364596;150392;19.4;8.0
69;2021-04-25;2119;1545;366715;151937;19.5;8.1
69;2021-04-26;4498;3881;371213;155818;19.8;8.3
69;2021-04-27;6517;5329;377730;161147;20.1;8.6
69;2021-04-28;6274;4869;384004;166016;20.5;8.8
69;2021-04-29;6702;5391;390706;171407;20.8;9.1
69;2021-04-30;6931;6175;397637;177582;21.2;9.5
69;2021-05-01;3304;642;400941;178224;21.4;9.5
69;2021-05-02;1628;5885;402569;184109;21.5;9.8
69;2021-05-03;5858;8247;408427;192356;21.8;10.3
69;2021-05-04;7608;8164;416035;200520;22.2;10.7
69;2021-05-05;11213;5664;427248;206184;22.8;11.0
69;2021-05-06;12475;6305;439723;212489;23.4;11.3
69;2021-05-07;11690;7155;451413;219644;24.1;11.7
69;2021-05-08;4305;1656;455718;221300;24.3;11.8
69;2021-05-09;6635;2683;462353;223983;24.6;11.9
69;2021-05-10;6939;6070;469292;230053;25.0;12.3
69;2021-05-11;9831;7044;479123;237097;25.5;12.6
69;2021-05-12;12462;6814;491585;243911;26.2;13.0
69;2021-05-13;10843;2561;502428;246472;26.8;13.1
69;2021-05-14;12595;5221;515023;251693;27.5;13.4
69;2021-05-15;9141;2595;524164;254288;27.9;13.6
69;2021-05-16;8408;1877;532572;256165;28.4;13.7
69;2021-05-17;11307;5655;543879;261820;29.0;14.0
69;2021-05-18;13228;6409;557107;268229;29.7;14.3
69;2021-05-19;13701;5899;570808;274128;30.4;14.6
69;2021-05-20;11389;6086;582197;280214;31.0;14.9
69;2021-05-21;11043;6571;593240;286785;31.6;15.3
69;2021-05-22;5579;2576;598819;289361;31.9;15.4
69;2021-05-23;4571;1547;603390;290908;32.2;15.5
69;2021-05-24;8430;1863;611820;292771;32.6;15.6
69;2021-05-25;9747;6178;621567;298949;33.1;15.9
69;2021-05-26;10287;6116;631854;305065;33.7;16.3
69;2021-05-27;10439;6792;642293;311857;34.2;16.6
69;2021-05-28;11621;8751;653914;320608;34.9;17.1
69;2021-05-29;7394;6045;661308;326653;35.3;17.4
69;2021-05-30;7385;3170;668693;329823;35.6;17.6
69;2021-05-31;10966;6382;679659;336205;36.2;17.9
69;2021-06-01;12852;7520;692511;343725;36.9;18.3
69;2021-06-02;14899;6723;707410;350448;37.7;18.7
69;2021-06-03;16647;7431;724057;357879;38.6;19.1
69;2021-06-04;16210;8563;740267;366442;39.5;19.5
69;2021-06-05;10109;3417;750376;369859;40.0;19.7
69;2021-06-06;7490;1720;757866;371579;40.4;19.8
69;2021-06-07;12826;7036;770692;378615;41.1;20.2
69;2021-06-08;16379;8285;787071;386900;42.0;20.6
69;2021-06-09;15222;7365;802293;394265;42.8;21.0
69;2021-06-10;16287;7337;818580;401602;43.6;21.4
69;2021-06-11;16652;9691;835232;411293;44.5;21.9
69;2021-06-12;8541;4190;843773;415483;45.0;22.1
69;2021-06-13;5624;2147;849397;417630;45.3;22.3
69;2021-06-14;8587;9089;857984;426719;45.7;22.7
69;2021-06-15;10949;11026;868933;437745;46.3;23.3
69;2021-06-16;11354;12327;880287;450072;46.9;24.0
69;2021-06-17;11478;13259;891765;463331;47.5;24.7
69;2021-06-18;12078;14783;903843;478114;48.2;25.5
69;2021-06-19;6835;8359;910678;486473;48.5;25.9
69;2021-06-20;5276;4767;915954;491240;48.8;26.2
69;2021-06-21;6556;12126;922510;503366;49.2;26.8
69;2021-06-22;7220;13838;929730;517204;49.6;27.6
69;2021-06-23;8361;13037;938091;530241;50.0;28.3
69;2021-06-24;9309;13744;947400;543985;50.5;29.0
69;2021-06-25;7077;16317;954477;560302;50.9;29.9
69;2021-06-26;3953;9077;958430;569379;51.1;30.3
69;2021-06-27;3293;7422;961723;576801;51.3;30.7
69;2021-06-28;4551;14891;966274;591692;51.5;31.5
69;2021-06-29;5372;15664;971646;607356;51.8;32.4
69;2021-06-30;6392;14453;978038;621809;52.1;33.1
69;2021-07-01;8675;11978;986713;633787;52.6;33.8
69;2021-07-02;10653;14133;997366;647920;53.2;34.5
69;2021-07-03;6000;7773;1003366;655693;53.5;35.0
69;2021-07-04;4150;5552;1007516;661245;53.7;35.2
69;2021-07-05;6229;13025;1013745;674270;54.0;35.9
69;2021-07-06;5563;14287;1019308;688557;54.3;36.7
69;2021-07-07;7320;13564;1026628;702121;54.7;37.4
69;2021-07-08;7565;13416;1034193;715537;55.1;38.1
69;2021-07-09;7586;16479;1041779;732016;55.5;39.0
69;2021-07-10;3122;10320;1044901;742336;55.7;39.6
69;2021-07-11;4332;5833;1049233;748169;55.9;39.9
69;2021-07-12;4212;16974;1053445;765143;56.2;40.8
69;2021-07-13;6228;20730;1059673;785873;56.5;41.9
69;2021-07-14;5056;8493;1064729;794366;56.8;42.3
69;2021-07-15;7495;22604;1072224;816970;57.2;43.5
69;2021-07-16;9842;20142;1082066;837112;57.7;44.6
69;2021-07-17;4883;12239;1086949;849351;57.9;45.3
69;2021-07-18;3414;8902;1090363;858253;58.1;45.7
69;2021-07-19;7080;16477;1097443;874730;58.5;46.6
69;2021-07-20;9550;19318;1106993;894048;59.0;47.7
69;2021-07-21;9382;17410;1116375;911458;59.5;48.6
69;2021-07-22;11422;16466;1127797;927924;60.1;49.5
69;2021-07-23;11122;17693;1138919;945617;60.7;50.4
69;2021-07-24;5696;11059;1144615;956676;61.0;51.0
69;2021-07-25;4705;6633;1149320;963309;61.3;51.3
69;2021-07-26;8915;12961;1158235;976270;61.7;52.0
69;2021-07-27;12940;12161;1171175;988431;62.4;52.7
69;2021-07-28;12086;12164;1183261;1000595;63.1;53.3
69;2021-07-29;14731;12331;1197992;1012926;63.9;54.0
69;2021-07-30;13860;12253;1211852;1025179;64.6;54.6
69;2021-07-31;8253;7244;1220105;1032423;65.0;55.0
69;2021-08-01;5059;5871;1225164;1038294;65.3;55.3
69;2021-08-02;11372;9601;1236536;1047895;65.9;55.9
69;2021-08-03;12978;9001;1249514;1056896;66.6;56.3
69;2021-08-04;12909;8159;1262423;1065055;67.3;56.8
69;2021-08-05;11238;7525;1273661;1072580;67.9;57.2
69;2021-08-06;9804;7786;1283465;1080366;68.4;57.6
69;2021-08-07;4876;4817;1288341;1085183;68.7;57.8
69;2021-08-08;4302;3557;1292643;1088740;68.9;58.0
69;2021-08-09;7244;9219;1299887;1097959;69.3;58.5
69;2021-08-10;7829;7020;1307716;1104979;69.7;58.9
69;2021-08-11;7741;8110;1315457;1113089;70.1;59.3
69;2021-08-12;7142;7335;1322599;1120424;70.5;59.7
69;2021-08-13;6251;8351;1328850;1128775;70.8;60.2
69;2021-08-14;4159;5360;1333009;1134135;71.1;60.5
69;2021-08-15;2336;2521;1335345;1136656;71.2;60.6
69;2021-08-16;4863;8883;1340208;1145539;71.4;61.1
69;2021-08-17;6126;8275;1346334;1153814;71.8;61.5
69;2021-08-18;5982;9454;1352316;1163268;72.1;62.0
69;2021-08-19;6020;9318;1358336;1172586;72.4;62.5
69;2021-08-20;5740;8820;1364076;1181406;72.7;63.0
69;2021-08-21;2692;3952;1366768;1185358;72.9;63.2
69;2021-08-22;1850;2416;1368618;1187774;73.0;63.3
69;2021-08-23;3515;12372;1372133;1200146;73.1;64.0
69;2021-08-24;4996;13614;1377129;1213760;73.4;64.7
69;2021-08-25;4298;12879;1381427;1226639;73.6;65.4
69;2021-08-26;4407;11712;1385834;1238351;73.9;66.0
69;2021-08-27;4227;14457;1390061;1252808;74.1;66.8
69;2021-08-28;1843;8621;1391904;1261429;74.2;67.2
69;2021-08-29;1286;6516;1393190;1267945;74.3;67.6
69;2021-08-30;3127;11791;1396317;1279736;74.4;68.2
69;2021-08-31;4081;10172;1400398;1289908;74.6;68.8
69;2021-09-01;3480;9668;1403878;1299576;74.8;69.3
69;2021-09-02;4005;9133;1407883;1308709;75.0;69.8
70;2020-12-27;0;0;0;0;0.0;0.0
70;2020-12-28;0;0;0;0;0.0;0.0
70;2020-12-29;0;0;0;0;0.0;0.0
70;2020-12-30;0;0;0;0;0.0;0.0
70;2020-12-31;0;0;0;0;0.0;0.0
70;2021-01-01;0;0;0;0;0.0;0.0
70;2021-01-02;0;0;0;0;0.0;0.0
70;2021-01-03;0;0;0;0;0.0;0.0
70;2021-01-04;0;0;0;0;0.0;0.0
70;2021-01-05;0;0;0;0;0.0;0.0
70;2021-01-06;24;0;24;0;0.0;0.0
70;2021-01-07;121;0;145;0;0.1;0.0
70;2021-01-08;22;0;167;0;0.1;0.0
70;2021-01-09;0;0;167;0;0.1;0.0
70;2021-01-10;0;0;167;0;0.1;0.0
70;2021-01-11;148;1;315;1;0.1;0.0
70;2021-01-12;201;1;516;2;0.2;0.0
70;2021-01-13;172;2;688;4;0.3;0.0
70;2021-01-14;149;6;837;10;0.4;0.0
70;2021-01-15;153;1;990;11;0.4;0.0
70;2021-01-16;65;0;1055;11;0.5;0.0
70;2021-01-17;0;0;1055;11;0.5;0.0
70;2021-01-18;394;0;1449;11;0.6;0.0
70;2021-01-19;503;2;1952;13;0.8;0.0
70;2021-01-20;494;2;2446;15;1.0;0.0
70;2021-01-21;673;2;3119;17;1.3;0.0
70;2021-01-22;458;3;3577;20;1.5;0.0
70;2021-01-23;261;2;3838;22;1.6;0.0
70;2021-01-24;4;0;3842;22;1.6;0.0
70;2021-01-25;371;1;4213;23;1.8;0.0
70;2021-01-26;335;1;4548;24;2.0;0.0
70;2021-01-27;329;10;4877;34;2.1;0.0
70;2021-01-28;365;35;5242;69;2.2;0.0
70;2021-01-29;329;52;5571;121;2.4;0.1
70;2021-01-30;228;0;5799;121;2.5;0.1
70;2021-01-31;0;0;5799;121;2.5;0.1
70;2021-02-01;261;52;6060;173;2.6;0.1
70;2021-02-02;272;97;6332;270;2.7;0.1
70;2021-02-03;251;59;6583;329;2.8;0.1
70;2021-02-04;264;123;6847;452;2.9;0.2
70;2021-02-05;254;75;7101;527;3.0;0.2
70;2021-02-06;209;38;7310;565;3.1;0.2
70;2021-02-07;0;0;7310;565;3.1;0.2
70;2021-02-08;179;199;7489;764;3.2;0.3
70;2021-02-09;205;201;7694;965;3.3;0.4
70;2021-02-10;196;277;7890;1242;3.4;0.5
70;2021-02-11;351;312;8241;1554;3.5;0.7
70;2021-02-12;239;468;8480;2022;3.6;0.9
70;2021-02-13;75;195;8555;2217;3.7;1.0
70;2021-02-14;0;29;8555;2246;3.7;1.0
70;2021-02-15;70;321;8625;2567;3.7;1.1
70;2021-02-16;113;330;8738;2897;3.7;1.2
70;2021-02-17;167;299;8905;3196;3.8;1.4
70;2021-02-18;205;245;9110;3441;3.9;1.5
70;2021-02-19;197;201;9307;3642;4.0;1.6
70;2021-02-20;192;67;9499;3709;4.1;1.6
70;2021-02-21;1;0;9500;3709;4.1;1.6
70;2021-02-22;106;216;9606;3925;4.1;1.7
70;2021-02-23;125;245;9731;4170;4.2;1.8
70;2021-02-24;131;219;9862;4389;4.2;1.9
70;2021-02-25;315;243;10177;4632;4.4;2.0
70;2021-02-26;395;145;10572;4777;4.5;2.0
70;2021-02-27;147;189;10719;4966;4.6;2.1
70;2021-02-28;0;0;10719;4966;4.6;2.1
70;2021-03-01;249;233;10968;5199;4.7;2.2
70;2021-03-02;487;264;11455;5463;4.9;2.3
70;2021-03-03;467;255;11922;5718;5.1;2.5
70;2021-03-04;693;269;12615;5987;5.4;2.6
70;2021-03-05;767;254;13382;6241;5.7;2.7
70;2021-03-06;540;115;13922;6356;6.0;2.7
70;2021-03-07;216;23;14138;6379;6.1;2.7
70;2021-03-08;554;211;14692;6590;6.3;2.8
70;2021-03-09;866;175;15558;6765;6.7;2.9
70;2021-03-10;659;178;16217;6943;7.0;3.0
70;2021-03-11;698;255;16915;7198;7.3;3.1
70;2021-03-12;985;181;17900;7379;7.7;3.2
70;2021-03-13;582;121;18482;7500;7.9;3.2
70;2021-03-14;20;1;18502;7501;7.9;3.2
70;2021-03-15;774;111;19276;7612;8.3;3.3
70;2021-03-16;655;99;19931;7711;8.5;3.3
70;2021-03-17;595;183;20526;7894;8.8;3.4
70;2021-03-18;633;141;21159;8035;9.1;3.4
70;2021-03-19;1019;143;22178;8178;9.5;3.5
70;2021-03-20;641;186;22819;8364;9.8;3.6
70;2021-03-21;9;0;22828;8364;9.8;3.6
70;2021-03-22;757;98;23585;8462;10.1;3.6
70;2021-03-23;1309;159;24894;8621;10.7;3.7
70;2021-03-24;1270;108;26164;8729;11.2;3.7
70;2021-03-25;1246;198;27410;8927;11.8;3.8
70;2021-03-26;1487;298;28897;9225;12.4;4.0
70;2021-03-27;957;129;29854;9354;12.8;4.0
70;2021-03-28;0;10;29854;9364;12.8;4.0
70;2021-03-29;720;414;30574;9778;13.1;4.2
70;2021-03-30;1093;316;31667;10094;13.6;4.3
70;2021-03-31;878;318;32545;10412;14.0;4.5
70;2021-04-01;1154;427;33699;10839;14.5;4.6
70;2021-04-02;1310;347;35009;11186;15.0;4.8
70;2021-04-03;639;321;35648;11507;15.3;4.9
70;2021-04-04;11;0;35659;11507;15.3;4.9
70;2021-04-05;4;2;35663;11509;15.3;4.9
70;2021-04-06;832;556;36495;12065;15.7;5.2
70;2021-04-07;858;589;37353;12654;16.0;5.4
70;2021-04-08;1320;564;38673;13218;16.6;5.7
70;2021-04-09;1404;537;40077;13755;17.2;5.9
70;2021-04-10;859;347;40936;14102;17.6;6.0
70;2021-04-11;23;1;40959;14103;17.6;6.0
70;2021-04-12;696;661;41655;14764;17.9;6.3
70;2021-04-13;921;770;42576;15534;18.3;6.7
70;2021-04-14;816;575;43392;16109;18.6;6.9
70;2021-04-15;1079;605;44471;16714;19.1;7.2
70;2021-04-16;1243;554;45714;17268;19.6;7.4
70;2021-04-17;689;468;46403;17736;19.9;7.6
70;2021-04-18;62;4;46465;17740;19.9;7.6
70;2021-04-19;540;806;47005;18546;20.2;8.0
70;2021-04-20;664;852;47669;19398;20.4;8.3
70;2021-04-21;483;929;48152;20327;20.6;8.7
70;2021-04-22;775;799;48927;21126;21.0;9.1
70;2021-04-23;875;742;49802;21868;21.4;9.4
70;2021-04-24;432;642;50234;22510;21.5;9.7
70;2021-04-25;11;0;50245;22510;21.5;9.7
70;2021-04-26;925;604;51170;23114;21.9;9.9
70;2021-04-27;1209;754;52379;23868;22.5;10.2
70;2021-04-28;889;811;53268;24679;22.8;10.6
70;2021-04-29;1343;930;54611;25609;23.4;11.0
70;2021-04-30;1533;873;56144;26482;24.1;11.4
70;2021-05-01;1694;120;57838;26602;24.8;11.4
70;2021-05-02;2;0;57840;26602;24.8;11.4
70;2021-05-03;1189;580;59029;27182;25.3;11.7
70;2021-05-04;1354;756;60383;27938;25.9;12.0
70;2021-05-05;1190;879;61573;28817;26.4;12.4
70;2021-05-06;1846;1269;63419;30086;27.2;12.9
70;2021-05-07;2127;1246;65546;31332;28.1;13.4
70;2021-05-08;1341;192;66887;31524;28.7;13.5
70;2021-05-09;9;58;66896;31582;28.7;13.5
70;2021-05-10;960;946;67856;32528;29.1;13.9
70;2021-05-11;1240;1076;69096;33604;29.6;14.4
70;2021-05-12;1176;866;70272;34470;30.1;14.8
70;2021-05-13;1544;148;71816;34618;30.8;14.8
70;2021-05-14;2062;758;73878;35376;31.7;15.2
70;2021-05-15;2657;532;76535;35908;32.8;15.4
70;2021-05-16;999;72;77534;35980;33.2;15.4
70;2021-05-17;1238;386;78772;36366;33.8;15.6
70;2021-05-18;1296;591;80068;36957;34.3;15.8
70;2021-05-19;1476;480;81544;37437;35.0;16.1
70;2021-05-20;1780;633;83324;38070;35.7;16.3
70;2021-05-21;1693;823;85017;38893;36.5;16.7
70;2021-05-22;1221;665;86238;39558;37.0;17.0
70;2021-05-23;8;14;86246;39572;37.0;17.0
70;2021-05-24;227;27;86473;39599;37.1;17.0
70;2021-05-25;837;926;87310;40525;37.4;17.4
70;2021-05-26;1048;946;88358;41471;37.9;17.8
70;2021-05-27;1263;997;89621;42468;38.4;18.2
70;2021-05-28;1546;1161;91167;43629;39.1;18.7
70;2021-05-29;1371;588;92538;44217;39.7;19.0
70;2021-05-30;1;8;92539;44225;39.7;19.0
70;2021-05-31;969;679;93508;44904;40.1;19.3
70;2021-06-01;1213;847;94721;45751;40.6;19.6
70;2021-06-02;1265;680;95986;46431;41.2;19.9
70;2021-06-03;1430;838;97416;47269;41.8;20.3
70;2021-06-04;1335;1111;98751;48380;42.3;20.7
70;2021-06-05;1024;664;99775;49044;42.8;21.0
70;2021-06-06;599;79;100374;49123;43.0;21.1
70;2021-06-07;941;849;101315;49972;43.4;21.4
70;2021-06-08;1216;1185;102531;51157;44.0;21.9
70;2021-06-09;1156;988;103687;52145;44.5;22.4
70;2021-06-10;1569;831;105256;52976;45.1;22.7
70;2021-06-11;1587;1956;106843;54932;45.8;23.6
70;2021-06-12;829;1972;107672;56904;46.2;24.4
70;2021-06-13;143;15;107815;56919;46.2;24.4
70;2021-06-14;559;1245;108374;58164;46.5;24.9
70;2021-06-15;451;1506;108825;59670;46.7;25.6
70;2021-06-16;800;1393;109625;61063;47.0;26.2
70;2021-06-17;1150;2097;110775;63160;47.5;27.1
70;2021-06-18;997;2255;111772;65415;47.9;28.1
70;2021-06-19;1091;1640;112863;67055;48.4;28.8
70;2021-06-20;1;3;112864;67058;48.4;28.8
70;2021-06-21;693;1453;113557;68511;48.7;29.4
70;2021-06-22;654;1511;114211;70022;49.0;30.0
70;2021-06-23;662;1570;114873;71592;49.3;30.7
70;2021-06-24;877;2050;115750;73642;49.6;31.6
70;2021-06-25;682;2646;116432;76288;49.9;32.7
70;2021-06-26;943;2136;117375;78424;50.3;33.6
70;2021-06-27;141;762;117516;79186;50.4;34.0
70;2021-06-28;336;1351;117852;80537;50.5;34.5
70;2021-06-29;411;1611;118263;82148;50.7;35.2
70;2021-06-30;391;1635;118654;83783;50.9;35.9
70;2021-07-01;641;1752;119295;85535;51.2;36.7
70;2021-07-02;815;1578;120110;87113;51.5;37.4
70;2021-07-03;841;1082;120951;88195;51.9;37.8
70;2021-07-04;29;70;120980;88265;51.9;37.9
70;2021-07-05;610;1037;121590;89302;52.1;38.3
70;2021-07-06;681;1275;122271;90577;52.4;38.8
70;2021-07-07;508;1424;122779;92001;52.7;39.5
70;2021-07-08;816;1573;123595;93574;53.0;40.1
70;2021-07-09;871;1662;124466;95236;53.4;40.8
70;2021-07-10;831;1032;125297;96268;53.7;41.3
70;2021-07-11;7;20;125304;96288;53.7;41.3
70;2021-07-12;431;1391;125735;97679;53.9;41.9
70;2021-07-13;906;1868;126641;99547;54.3;42.7
70;2021-07-14;33;6;126674;99553;54.3;42.7
70;2021-07-15;1383;1695;128057;101248;54.9;43.4
70;2021-07-16;1627;2064;129684;103312;55.6;44.3
70;2021-07-17;1501;1454;131185;104766;56.3;44.9
70;2021-07-18;1145;641;132330;105407;56.7;45.2
70;2021-07-19;883;974;133213;106381;57.1;45.6
70;2021-07-20;1350;1352;134563;107733;57.7;46.2
70;2021-07-21;1288;1402;135851;109135;58.3;46.8
70;2021-07-22;1869;1825;137720;110960;59.1;47.6
70;2021-07-23;1830;2493;139550;113453;59.8;48.7
70;2021-07-24;1364;1805;140914;115258;60.4;49.4
70;2021-07-25;27;3;140941;115261;60.4;49.4
70;2021-07-26;1056;975;141997;116236;60.9;49.8
70;2021-07-27;1404;974;143401;117210;61.5;50.3
70;2021-07-28;1404;1162;144805;118372;62.1;50.8
70;2021-07-29;1873;1389;146678;119761;62.9;51.4
70;2021-07-30;1972;1347;148650;121108;63.7;51.9
70;2021-07-31;1752;1163;150402;122271;64.5;52.4
70;2021-08-01;2;4;150404;122275;64.5;52.4
70;2021-08-02;775;737;151179;123012;64.8;52.8
70;2021-08-03;1296;1038;152475;124050;65.4;53.2
70;2021-08-04;1211;919;153686;124969;65.9;53.6
70;2021-08-05;1659;1189;155345;126158;66.6;54.1
70;2021-08-06;1796;1331;157141;127489;67.4;54.7
70;2021-08-07;1192;1030;158333;128519;67.9;55.1
70;2021-08-08;35;28;158368;128547;67.9;55.1
70;2021-08-09;530;705;158898;129252;68.1;55.4
70;2021-08-10;896;1133;159794;130385;68.5;55.9
70;2021-08-11;805;724;160599;131109;68.9;56.2
70;2021-08-12;904;1273;161503;132382;69.3;56.8
70;2021-08-13;1039;1624;162542;134006;69.7;57.5
70;2021-08-14;771;974;163313;134980;70.0;57.9
70;2021-08-15;36;28;163349;135008;70.0;57.9
70;2021-08-16;544;907;163893;135915;70.3;58.3
70;2021-08-17;675;1196;164568;137111;70.6;58.8
70;2021-08-18;536;939;165104;138050;70.8;59.2
70;2021-08-19;565;1386;165669;139436;71.0;59.8
70;2021-08-20;511;1902;166180;141338;71.3;60.6
70;2021-08-21;446;1158;166626;142496;71.5;61.1
70;2021-08-22;2;6;166628;142502;71.5;61.1
70;2021-08-23;281;879;166909;143381;71.6;61.5
70;2021-08-24;386;1374;167295;144755;71.7;62.1
70;2021-08-25;353;1342;167648;146097;71.9;62.7
70;2021-08-26;434;1560;168082;147657;72.1;63.3
70;2021-08-27;384;2126;168466;149783;72.2;64.2
70;2021-08-28;362;1704;168828;151487;72.4;65.0
70;2021-08-29;11;6;168839;151493;72.4;65.0
70;2021-08-30;297;835;169136;152328;72.5;65.3
70;2021-08-31;357;1122;169493;153450;72.7;65.8
70;2021-09-01;313;1192;169806;154642;72.8;66.3
70;2021-09-02;303;1294;170109;155936;72.9;66.9
71;2020-12-27;0;0;0;0;0.0;0.0
71;2020-12-28;0;0;0;0;0.0;0.0
71;2020-12-29;0;0;0;0;0.0;0.0
71;2020-12-30;0;0;0;0;0.0;0.0
71;2020-12-31;0;0;0;0;0.0;0.0
71;2021-01-01;1;0;1;0;0.0;0.0
71;2021-01-02;0;0;1;0;0.0;0.0
71;2021-01-03;1;0;2;0;0.0;0.0
71;2021-01-04;1;0;3;0;0.0;0.0
71;2021-01-05;12;0;15;0;0.0;0.0
71;2021-01-06;72;0;87;0;0.0;0.0
71;2021-01-07;67;0;154;0;0.0;0.0
71;2021-01-08;146;0;300;0;0.1;0.0
71;2021-01-09;117;0;417;0;0.1;0.0
71;2021-01-10;1;0;418;0;0.1;0.0
71;2021-01-11;245;1;663;1;0.1;0.0
71;2021-01-12;846;1;1509;2;0.3;0.0
71;2021-01-13;563;2;2072;4;0.4;0.0
71;2021-01-14;581;10;2653;14;0.5;0.0
71;2021-01-15;666;2;3319;16;0.6;0.0
71;2021-01-16;9;0;3328;16;0.6;0.0
71;2021-01-17;0;0;3328;16;0.6;0.0
71;2021-01-18;1094;8;4422;24;0.8;0.0
71;2021-01-19;1696;7;6118;31;1.1;0.0
71;2021-01-20;1515;6;7633;37;1.4;0.0
71;2021-01-21;2059;17;9692;54;1.8;0.0
71;2021-01-22;1413;6;11105;60;2.0;0.0
71;2021-01-23;815;6;11920;66;2.2;0.0
71;2021-01-24;0;0;11920;66;2.2;0.0
71;2021-01-25;1065;6;12985;72;2.4;0.0
71;2021-01-26;1505;25;14490;97;2.6;0.0
71;2021-01-27;1248;34;15738;131;2.9;0.0
71;2021-01-28;1082;93;16820;224;3.1;0.0
71;2021-01-29;1014;140;17834;364;3.3;0.1
71;2021-01-30;605;1;18439;365;3.4;0.1
71;2021-01-31;1;15;18440;380;3.4;0.1
71;2021-02-01;751;235;19191;615;3.5;0.1
71;2021-02-02;754;355;19945;970;3.6;0.2
71;2021-02-03;817;418;20762;1388;3.8;0.3
71;2021-02-04;780;557;21542;1945;3.9;0.4
71;2021-02-05;705;517;22247;2462;4.1;0.4
71;2021-02-06;535;9;22782;2471;4.2;0.5
71;2021-02-07;4;50;22786;2521;4.2;0.5
71;2021-02-08;603;666;23389;3187;4.3;0.6
71;2021-02-09;368;972;23757;4159;4.3;0.8
71;2021-02-10;412;943;24169;5102;4.4;0.9
71;2021-02-11;472;1138;24641;6240;4.5;1.1
71;2021-02-12;535;1008;25176;7248;4.6;1.3
71;2021-02-13;124;468;25300;7716;4.6;1.4
71;2021-02-14;2;7;25302;7723;4.6;1.4
71;2021-02-15;323;876;25625;8599;4.7;1.6
71;2021-02-16;442;1305;26067;9904;4.8;1.8
71;2021-02-17;427;1081;26494;10985;4.8;2.0
71;2021-02-18;548;910;27042;11895;4.9;2.2
71;2021-02-19;573;820;27615;12715;5.0;2.3
71;2021-02-20;224;354;27839;13069;5.1;2.4
71;2021-02-21;4;13;27843;13082;5.1;2.4
71;2021-02-22;237;842;28080;13924;5.1;2.5
71;2021-02-23;452;900;28532;14824;5.2;2.7
71;2021-02-24;445;697;28977;15521;5.3;2.8
71;2021-02-25;533;709;29510;16230;5.4;3.0
71;2021-02-26;830;527;30340;16757;5.5;3.1
71;2021-02-27;457;321;30797;17078;5.6;3.1
71;2021-02-28;54;14;30851;17092;5.6;3.1
71;2021-03-01;1187;666;32038;17758;5.8;3.2
71;2021-03-02;1574;638;33612;18396;6.1;3.4
71;2021-03-03;1819;771;35431;19167;6.5;3.5
71;2021-03-04;2003;808;37434;19975;6.8;3.6
71;2021-03-05;2290;692;39724;20667;7.3;3.8
71;2021-03-06;754;65;40478;20732;7.4;3.8
71;2021-03-07;40;21;40518;20753;7.4;3.8
71;2021-03-08;1452;785;41970;21538;7.7;3.9
71;2021-03-09;2160;534;44130;22072;8.1;4.0
71;2021-03-10;2173;471;46303;22543;8.5;4.1
71;2021-03-11;2629;665;48932;23208;8.9;4.2
71;2021-03-12;2606;628;51538;23836;9.4;4.4
71;2021-03-13;995;101;52533;23937;9.6;4.4
71;2021-03-14;36;0;52569;23937;9.6;4.4
71;2021-03-15;1798;498;54367;24435;9.9;4.5
71;2021-03-16;1821;201;56188;24636;10.3;4.5
71;2021-03-17;2134;251;58322;24887;10.6;4.5
71;2021-03-18;1953;435;60275;25322;11.0;4.6
71;2021-03-19;2370;336;62645;25658;11.4;4.7
71;2021-03-20;1084;40;63729;25698;11.6;4.7
71;2021-03-21;17;5;63746;25703;11.6;4.7
71;2021-03-22;2576;383;66322;26086;12.1;4.8
71;2021-03-23;3346;507;69668;26593;12.7;4.9
71;2021-03-24;3350;467;73018;27060;13.3;4.9
71;2021-03-25;4028;589;77046;27649;14.1;5.0
71;2021-03-26;4058;340;81104;27989;14.8;5.1
71;2021-03-27;997;106;82101;28095;15.0;5.1
71;2021-03-28;57;8;82158;28103;15.0;5.1
71;2021-03-29;2409;1170;84567;29273;15.4;5.3
71;2021-03-30;2952;1361;87519;30634;16.0;5.6
71;2021-03-31;2548;1528;90067;32162;16.4;5.9
71;2021-04-01;2717;1300;92784;33462;16.9;6.1
71;2021-04-02;2503;1420;95287;34882;17.4;6.4
71;2021-04-03;268;34;95555;34916;17.4;6.4
71;2021-04-04;6;0;95561;34916;17.4;6.4
71;2021-04-05;61;1;95622;34917;17.5;6.4
71;2021-04-06;2259;1878;97881;36795;17.9;6.7
71;2021-04-07;2390;1792;100271;38587;18.3;7.0
71;2021-04-08;3283;1804;103554;40391;18.9;7.4
71;2021-04-09;4042;1669;107596;42060;19.6;7.7
71;2021-04-10;769;47;108365;42107;19.8;7.7
71;2021-04-11;100;4;108465;42111;19.8;7.7
71;2021-04-12;2355;1700;110820;43811;20.2;8.0
71;2021-04-13;2585;1888;113405;45699;20.7;8.3
71;2021-04-14;2374;1924;115779;47623;21.1;8.7
71;2021-04-15;2780;1690;118559;49313;21.6;9.0
71;2021-04-16;2628;1648;121187;50961;22.1;9.3
71;2021-04-17;952;344;122139;51305;22.3;9.4
71;2021-04-18;106;6;122245;51311;22.3;9.4
71;2021-04-19;1760;2572;124005;53883;22.6;9.8
71;2021-04-20;2222;2600;126227;56483;23.0;10.3
71;2021-04-21;2124;2592;128351;59075;23.4;10.8
71;2021-04-22;2511;2445;130862;61520;23.9;11.2
71;2021-04-23;2923;2269;133785;63789;24.4;11.6
71;2021-04-24;517;53;134302;63842;24.5;11.7
71;2021-04-25;26;0;134328;63842;24.5;11.7
71;2021-04-26;2568;2140;136896;65982;25.0;12.0
71;2021-04-27;2990;2268;139886;68250;25.5;12.5
71;2021-04-28;3074;2128;142960;70378;26.1;12.8
71;2021-04-29;3780;2235;146740;72613;26.8;13.3
71;2021-04-30;3929;1730;150669;74343;27.5;13.6
71;2021-05-01;39;53;150708;74396;27.5;13.6
71;2021-05-02;23;18;150731;74414;27.5;13.6
71;2021-05-03;4289;1385;155020;75799;28.3;13.8
71;2021-05-04;2956;2359;157976;78158;28.8;14.3
71;2021-05-05;3427;2089;161403;80247;29.5;14.6
71;2021-05-06;3467;2369;164870;82616;30.1;15.1
71;2021-05-07;3678;2809;168548;85425;30.8;15.6
71;2021-05-08;180;183;168728;85608;30.8;15.6
71;2021-05-09;44;47;168772;85655;30.8;15.6
71;2021-05-10;3698;2288;172470;87943;31.5;16.1
71;2021-05-11;4664;2361;177134;90304;32.3;16.5
71;2021-05-12;3978;2601;181112;92905;33.1;17.0
71;2021-05-13;1576;155;182688;93060;33.3;17.0
71;2021-05-14;3766;2195;186454;95255;34.0;17.4
71;2021-05-15;242;331;186696;95586;34.1;17.4
71;2021-05-16;2;0;186698;95586;34.1;17.4
71;2021-05-17;3864;1888;190562;97474;34.8;17.8
71;2021-05-18;3496;2427;194058;99901;35.4;18.2
71;2021-05-19;3720;2281;197778;102182;36.1;18.7
71;2021-05-20;4183;2301;201961;104483;36.9;19.1
71;2021-05-21;3724;2576;205685;107059;37.5;19.5
71;2021-05-22;168;306;205853;107365;37.6;19.6
71;2021-05-23;14;55;205867;107420;37.6;19.6
71;2021-05-24;19;96;205886;107516;37.6;19.6
71;2021-05-25;2690;3006;208576;110522;38.1;20.2
71;2021-05-26;2973;2432;211549;112954;38.6;20.6
71;2021-05-27;3387;2590;214936;115544;39.2;21.1
71;2021-05-28;2920;3161;217856;118705;39.8;21.7
71;2021-05-29;482;661;218338;119366;39.9;21.8
71;2021-05-30;75;57;218413;119423;39.9;21.8
71;2021-05-31;2776;3460;221189;122883;40.4;22.4
71;2021-06-01;3674;3545;224863;126428;41.0;23.1
71;2021-06-02;3998;2634;228861;129062;41.8;23.6
71;2021-06-03;4436;2525;233297;131587;42.6;24.0
71;2021-06-04;3717;3713;237014;135300;43.3;24.7
71;2021-06-05;683;646;237697;135946;43.4;24.8
71;2021-06-06;57;91;237754;136037;43.4;24.8
71;2021-06-07;3282;4154;241036;140191;44.0;25.6
71;2021-06-08;3898;4014;244934;144205;44.7;26.3
71;2021-06-09;4694;2752;249628;146957;45.6;26.8
71;2021-06-10;5268;2746;254896;149703;46.5;27.3
71;2021-06-11;4435;3724;259331;153427;47.3;28.0
71;2021-06-12;716;596;260047;154023;47.5;28.1
71;2021-06-13;104;187;260151;154210;47.5;28.1
71;2021-06-14;3512;3786;263663;157996;48.1;28.8
71;2021-06-15;4207;3556;267870;161552;48.9;29.5
71;2021-06-16;4596;2730;272466;164282;49.7;30.0
71;2021-06-17;4269;3001;276735;167283;50.5;30.5
71;2021-06-18;4325;3772;281060;171055;51.3;31.2
71;2021-06-19;1269;655;282329;171710;51.5;31.3
71;2021-06-20;37;27;282366;171737;51.5;31.3
71;2021-06-21;2270;4283;284636;176020;52.0;32.1
71;2021-06-22;2687;4354;287323;180374;52.4;32.9
71;2021-06-23;3061;3421;290384;183795;53.0;33.6
71;2021-06-24;3328;3023;293712;186818;53.6;34.1
71;2021-06-25;2654;4472;296366;191290;54.1;34.9
71;2021-06-26;372;551;296738;191841;54.2;35.0
71;2021-06-27;29;68;296767;191909;54.2;35.0
71;2021-06-28;1535;4624;298302;196533;54.5;35.9
71;2021-06-29;1992;4824;300294;201357;54.8;36.8
71;2021-06-30;2505;3936;302799;205293;55.3;37.5
71;2021-07-01;2826;3906;305625;209199;55.8;38.2
71;2021-07-02;3031;3985;308656;213184;56.3;38.9
71;2021-07-03;318;711;308974;213895;56.4;39.0
71;2021-07-04;28;132;309002;214027;56.4;39.1
71;2021-07-05;2477;4321;311479;218348;56.9;39.9
71;2021-07-06;2462;4565;313941;222913;57.3;40.7
71;2021-07-07;2984;3724;316925;226637;57.9;41.4
71;2021-07-08;2768;4113;319693;230750;58.4;42.1
71;2021-07-09;2382;5022;322075;235772;58.8;43.0
71;2021-07-10;212;656;322287;236428;58.8;43.2
71;2021-07-11;15;65;322302;236493;58.8;43.2
71;2021-07-12;1913;5307;324215;241800;59.2;44.1
71;2021-07-13;2541;5865;326756;247665;59.6;45.2
71;2021-07-14;950;400;327706;248065;59.8;45.3
71;2021-07-15;3022;5736;330728;253801;60.4;46.3
71;2021-07-16;3296;6010;334024;259811;61.0;47.4
71;2021-07-17;505;781;334529;260592;61.1;47.6
71;2021-07-18;89;93;334618;260685;61.1;47.6
71;2021-07-19;2865;5559;337483;266244;61.6;48.6
71;2021-07-20;3369;5916;340852;272160;62.2;49.7
71;2021-07-21;3411;5468;344263;277628;62.8;50.7
71;2021-07-22;3945;5334;348208;282962;63.6;51.7
71;2021-07-23;3235;6002;351443;288964;64.2;52.7
71;2021-07-24;714;597;352157;289561;64.3;52.9
71;2021-07-25;148;82;352305;289643;64.3;52.9
71;2021-07-26;3593;4892;355898;294535;65.0;53.8
71;2021-07-27;4090;5127;359988;299662;65.7;54.7
71;2021-07-28;4249;4816;364237;304478;66.5;55.6
71;2021-07-29;4210;4642;368447;309120;67.3;56.4
71;2021-07-30;4240;4924;372687;314044;68.0;57.3
71;2021-07-31;722;725;373409;314769;68.2;57.5
71;2021-08-01;105;35;373514;314804;68.2;57.5
71;2021-08-02;3968;3762;377482;318566;68.9;58.2
71;2021-08-03;4404;3819;381886;322385;69.7;58.8
71;2021-08-04;4386;2987;386272;325372;70.5;59.4
71;2021-08-05;4182;3265;390454;328637;71.3;60.0
71;2021-08-06;3692;4007;394146;332644;71.9;60.7
71;2021-08-07;494;329;394640;332973;72.0;60.8
71;2021-08-08;51;65;394691;333038;72.0;60.8
71;2021-08-09;3047;3419;397738;336457;72.6;61.4
71;2021-08-10;3072;3387;400810;339844;73.2;62.0
71;2021-08-11;3180;3079;403990;342923;73.7;62.6
71;2021-08-12;3002;3109;406992;346032;74.3;63.2
71;2021-08-13;2641;3335;409633;349367;74.8;63.8
71;2021-08-14;279;521;409912;349888;74.8;63.9
71;2021-08-15;49;109;409961;349997;74.8;63.9
71;2021-08-16;1702;3527;411663;353524;75.1;64.5
71;2021-08-17;1734;3437;413397;356961;75.5;65.2
71;2021-08-18;1447;3167;414844;360128;75.7;65.7
71;2021-08-19;1266;3116;416110;363244;76.0;66.3
71;2021-08-20;1279;3699;417389;366943;76.2;67.0
71;2021-08-21;145;413;417534;367356;76.2;67.1
71;2021-08-22;40;99;417574;367455;76.2;67.1
71;2021-08-23;1422;4541;418996;371996;76.5;67.9
71;2021-08-24;1324;3797;420320;375793;76.7;68.6
71;2021-08-25;947;3770;421267;379563;76.9;69.3
71;2021-08-26;955;3392;422222;382955;77.1;69.9
71;2021-08-27;1146;4460;423368;387415;77.3;70.7
71;2021-08-28;194;413;423562;387828;77.3;70.8
71;2021-08-29;28;106;423590;387934;77.3;70.8
71;2021-08-30;1249;3937;424839;391871;77.6;71.5
71;2021-08-31;1013;3616;425852;395487;77.7;72.2
71;2021-09-01;918;3533;426770;399020;77.9;72.8
71;2021-09-02;590;3091;427360;402111;78.0;73.4
72;2020-12-27;0;0;0;0;0.0;0.0
72;2020-12-28;0;0;0;0;0.0;0.0
72;2020-12-29;0;0;0;0;0.0;0.0
72;2020-12-30;0;0;0;0;0.0;0.0
72;2020-12-31;0;0;0;0;0.0;0.0
72;2021-01-01;2;0;2;0;0.0;0.0
72;2021-01-02;0;0;2;0;0.0;0.0
72;2021-01-03;0;0;2;0;0.0;0.0
72;2021-01-04;0;0;2;0;0.0;0.0
72;2021-01-05;14;0;16;0;0.0;0.0
72;2021-01-06;27;0;43;0;0.0;0.0
72;2021-01-07;110;0;153;0;0.0;0.0
72;2021-01-08;232;0;385;0;0.1;0.0
72;2021-01-09;36;0;421;0;0.1;0.0
72;2021-01-10;0;0;421;0;0.1;0.0
72;2021-01-11;485;1;906;1;0.2;0.0
72;2021-01-12;615;1;1521;2;0.3;0.0
72;2021-01-13;500;1;2021;3;0.4;0.0
72;2021-01-14;644;3;2665;6;0.5;0.0
72;2021-01-15;478;1;3143;7;0.6;0.0
72;2021-01-16;94;0;3237;7;0.6;0.0
72;2021-01-17;0;0;3237;7;0.6;0.0
72;2021-01-18;293;0;3530;7;0.6;0.0
72;2021-01-19;777;3;4307;10;0.8;0.0
72;2021-01-20;1538;6;5845;16;1.0;0.0
72;2021-01-21;1776;5;7621;21;1.4;0.0
72;2021-01-22;1149;6;8770;27;1.6;0.0
72;2021-01-23;32;0;8802;27;1.6;0.0
72;2021-01-24;0;0;8802;27;1.6;0.0
72;2021-01-25;503;7;9305;34;1.7;0.0
72;2021-01-26;1164;21;10469;55;1.9;0.0
72;2021-01-27;882;20;11351;75;2.0;0.0
72;2021-01-28;777;68;12128;143;2.2;0.0
72;2021-01-29;712;66;12840;209;2.3;0.0
72;2021-01-30;58;0;12898;209;2.3;0.0
72;2021-01-31;1;0;12899;209;2.3;0.0
72;2021-02-01;499;226;13398;435;2.4;0.1
72;2021-02-02;507;292;13905;727;2.5;0.1
72;2021-02-03;487;226;14392;953;2.6;0.2
72;2021-02-04;476;339;14868;1292;2.7;0.2
72;2021-02-05;514;403;15382;1695;2.7;0.3
72;2021-02-06;83;12;15465;1707;2.8;0.3
72;2021-02-07;19;3;15484;1710;2.8;0.3
72;2021-02-08;310;382;15794;2092;2.8;0.4
72;2021-02-09;489;520;16283;2612;2.9;0.5
72;2021-02-10;567;915;16850;3527;3.0;0.6
72;2021-02-11;861;1330;17711;4857;3.2;0.9
72;2021-02-12;851;587;18562;5444;3.3;1.0
72;2021-02-13;109;38;18671;5482;3.3;1.0
72;2021-02-14;1;22;18672;5504;3.3;1.0
72;2021-02-15;220;466;18892;5970;3.4;1.1
72;2021-02-16;502;1005;19394;6975;3.5;1.2
72;2021-02-17;463;696;19857;7671;3.5;1.4
72;2021-02-18;594;613;20451;8284;3.7;1.5
72;2021-02-19;521;578;20972;8862;3.7;1.6
72;2021-02-20;79;56;21051;8918;3.8;1.6
72;2021-02-21;0;0;21051;8918;3.8;1.6
72;2021-02-22;328;557;21379;9475;3.8;1.7
72;2021-02-23;569;486;21948;9961;3.9;1.8
72;2021-02-24;435;464;22383;10425;4.0;1.9
72;2021-02-25;922;547;23305;10972;4.2;2.0
72;2021-02-26;600;487;23905;11459;4.3;2.0
72;2021-02-27;322;59;24227;11518;4.3;2.1
72;2021-02-28;15;17;24242;11535;4.3;2.1
72;2021-03-01;378;467;24620;12002;4.4;2.1
72;2021-03-02;503;599;25123;12601;4.5;2.2
72;2021-03-03;732;643;25855;13244;4.6;2.4
72;2021-03-04;741;780;26596;14024;4.7;2.5
72;2021-03-05;935;763;27531;14787;4.9;2.6
72;2021-03-06;761;135;28292;14922;5.1;2.7
72;2021-03-07;448;26;28740;14948;5.1;2.7
72;2021-03-08;560;446;29300;15394;5.2;2.7
72;2021-03-09;1046;640;30346;16034;5.4;2.9
72;2021-03-10;1137;658;31483;16692;5.6;3.0
72;2021-03-11;1611;493;33094;17185;5.9;3.1
72;2021-03-12;1364;519;34458;17704;6.2;3.2
72;2021-03-13;983;120;35441;17824;6.3;3.2
72;2021-03-14;14;10;35455;17834;6.3;3.2
72;2021-03-15;1159;223;36614;18057;6.5;3.2
72;2021-03-16;1052;188;37666;18245;6.7;3.3
72;2021-03-17;1035;262;38701;18507;6.9;3.3
72;2021-03-18;1087;368;39788;18875;7.1;3.4
72;2021-03-19;1275;290;41063;19165;7.3;3.4
72;2021-03-20;487;91;41550;19256;7.4;3.4
72;2021-03-21;19;0;41569;19256;7.4;3.4
72;2021-03-22;1347;341;42916;19597;7.7;3.5
72;2021-03-23;1725;480;44641;20077;8.0;3.6
72;2021-03-24;1840;300;46481;20377;8.3;3.6
72;2021-03-25;2445;463;48926;20840;8.7;3.7
72;2021-03-26;2336;373;51262;21213;9.2;3.8
72;2021-03-27;614;31;51876;21244;9.3;3.8
72;2021-03-28;22;0;51898;21244;9.3;3.8
72;2021-03-29;1616;382;53514;21626;9.6;3.9
72;2021-03-30;2496;386;56010;22012;10.0;3.9
72;2021-03-31;2145;365;58155;22377;10.4;4.0
72;2021-04-01;2852;350;61007;22727;10.9;4.1
72;2021-04-02;2249;402;63256;23129;11.3;4.1
72;2021-04-03;292;39;63548;23168;11.3;4.1
72;2021-04-04;14;3;63562;23171;11.3;4.1
72;2021-04-05;51;49;63613;23220;11.4;4.1
72;2021-04-06;1759;469;65372;23689;11.7;4.2
72;2021-04-07;2575;600;67947;24289;12.1;4.3
72;2021-04-08;2724;781;70671;25070;12.6;4.5
72;2021-04-09;3863;585;74534;25655;13.3;4.6
72;2021-04-10;1111;49;75645;25704;13.5;4.6
72;2021-04-11;8;1;75653;25705;13.5;4.6
72;2021-04-12;1850;901;77503;26606;13.8;4.7
72;2021-04-13;2372;1078;79875;27684;14.3;4.9
72;2021-04-14;2250;1097;82125;28781;14.7;5.1
72;2021-04-15;2422;1116;84547;29897;15.1;5.3
72;2021-04-16;2563;962;87110;30859;15.5;5.5
72;2021-04-17;707;144;87817;31003;15.7;5.5
72;2021-04-18;57;2;87874;31005;15.7;5.5
72;2021-04-19;1396;1093;89270;32098;15.9;5.7
72;2021-04-20;2997;1304;92267;33402;16.5;6.0
72;2021-04-21;2517;1562;94784;34964;16.9;6.2
72;2021-04-22;2815;1795;97599;36759;17.4;6.6
72;2021-04-23;3212;1454;100811;38213;18.0;6.8
72;2021-04-24;1400;269;102211;38482;18.2;6.9
72;2021-04-25;881;18;103092;38500;18.4;6.9
72;2021-04-26;3514;1478;106606;39978;19.0;7.1
72;2021-04-27;4092;1856;110698;41834;19.8;7.5
72;2021-04-28;3834;1872;114532;43706;20.4;7.8
72;2021-04-29;4160;1809;118692;45515;21.2;8.1
72;2021-04-30;3615;1713;122307;47228;21.8;8.4
72;2021-05-01;1642;226;123949;47454;22.1;8.5
72;2021-05-02;1533;161;125482;47615;22.4;8.5
72;2021-05-03;3456;1153;128938;48768;23.0;8.7
72;2021-05-04;4012;1799;132950;50567;23.7;9.0
72;2021-05-05;3868;2178;136818;52745;24.4;9.4
72;2021-05-06;3597;1940;140415;54685;25.1;9.8
72;2021-05-07;3544;2148;143959;56833;25.7;10.1
72;2021-05-08;1899;154;145858;56987;26.0;10.2
72;2021-05-09;2082;212;147940;57199;26.4;10.2
72;2021-05-10;3769;1523;151709;58722;27.1;10.5
72;2021-05-11;4598;1994;156307;60716;27.9;10.8
72;2021-05-12;4081;1820;160388;62536;28.6;11.2
72;2021-05-13;3031;272;163419;62808;29.2;11.2
72;2021-05-14;3663;1394;167082;64202;29.8;11.5
72;2021-05-15;3121;367;170203;64569;30.4;11.5
72;2021-05-16;2502;153;172705;64722;30.8;11.6
72;2021-05-17;3725;1285;176430;66007;31.5;11.8
72;2021-05-18;4331;1688;180761;67695;32.3;12.1
72;2021-05-19;3977;1508;184738;69203;33.0;12.4
72;2021-05-20;4262;1452;189000;70655;33.7;12.6
72;2021-05-21;3789;1389;192789;72044;34.4;12.9
72;2021-05-22;2561;506;195350;72550;34.9;13.0
72;2021-05-23;1391;164;196741;72714;35.1;13.0
72;2021-05-24;2353;295;199094;73009;35.5;13.0
72;2021-05-25;4075;1412;203169;74421;36.3;13.3
72;2021-05-26;4096;1414;207265;75835;37.0;13.5
72;2021-05-27;4346;2048;211611;77883;37.8;13.9
72;2021-05-28;4106;2018;215717;79901;38.5;14.3
72;2021-05-29;2668;810;218385;80711;39.0;14.4
72;2021-05-30;1142;870;219527;81581;39.2;14.6
72;2021-05-31;3121;2329;222648;83910;39.7;15.0
72;2021-06-01;3568;2669;226216;86579;40.4;15.5
72;2021-06-02;3613;2784;229829;89363;41.0;16.0
72;2021-06-03;4242;2997;234071;92360;41.8;16.5
72;2021-06-04;3892;2751;237963;95111;42.5;17.0
72;2021-06-05;1440;2568;239403;97679;42.7;17.4
72;2021-06-06;908;1541;240311;99220;42.9;17.7
72;2021-06-07;1746;3423;242057;102643;43.2;18.3
72;2021-06-08;2929;3831;244986;106474;43.7;19.0
72;2021-06-09;2648;3369;247634;109843;44.2;19.6
72;2021-06-10;2825;3315;250459;113158;44.7;20.2
72;2021-06-11;2841;3772;253300;116930;45.2;20.9
72;2021-06-12;1243;2600;254543;119530;45.4;21.3
72;2021-06-13;388;1860;254931;121390;45.5;21.7
72;2021-06-14;1336;4128;256267;125518;45.7;22.4
72;2021-06-15;2755;3512;259022;129030;46.2;23.0
72;2021-06-16;2428;3576;261450;132606;46.7;23.7
72;2021-06-17;2320;3875;263770;136481;47.1;24.4
72;2021-06-18;2308;4313;266078;140794;47.5;25.1
72;2021-06-19;1128;2764;267206;143558;47.7;25.6
72;2021-06-20;339;2057;267545;145615;47.8;26.0
72;2021-06-21;1563;4032;269108;149647;48.0;26.7
72;2021-06-22;1712;4992;270820;154639;48.3;27.6
72;2021-06-23;2006;4220;272826;158859;48.7;28.4
72;2021-06-24;2233;4011;275059;162870;49.1;29.1
72;2021-06-25;1774;4837;276833;167707;49.4;29.9
72;2021-06-26;1190;2879;278023;170586;49.6;30.4
72;2021-06-27;392;2111;278415;172697;49.7;30.8
72;2021-06-28;1440;4293;279855;176990;50.0;31.6
72;2021-06-29;1770;4743;281625;181733;50.3;32.4
72;2021-06-30;1980;4168;283605;185901;50.6;33.2
72;2021-07-01;1951;4415;285556;190316;51.0;34.0
72;2021-07-02;1853;4715;287409;195031;51.3;34.8
72;2021-07-03;1293;3123;288702;198154;51.5;35.4
72;2021-07-04;584;1949;289286;200103;51.6;35.7
72;2021-07-05;1192;4165;290478;204268;51.9;36.5
72;2021-07-06;1462;5162;291940;209430;52.1;37.4
72;2021-07-07;1582;4611;293522;214041;52.4;38.2
72;2021-07-08;1646;4326;295168;218367;52.7;39.0
72;2021-07-09;2107;4604;297275;222971;53.1;39.8
72;2021-07-10;1595;2691;298870;225662;53.3;40.3
72;2021-07-11;949;1587;299819;227249;53.5;40.6
72;2021-07-12;1592;3757;301411;231006;53.8;41.2
72;2021-07-13;2087;4774;303498;235780;54.2;42.1
72;2021-07-14;1327;2366;304825;238146;54.4;42.5
72;2021-07-15;3488;3422;308313;241568;55.0;43.1
72;2021-07-16;3173;4125;311486;245693;55.6;43.9
72;2021-07-17;2646;1759;314132;247452;56.1;44.2
72;2021-07-18;1710;822;315842;248274;56.4;44.3
72;2021-07-19;2919;3507;318761;251781;56.9;44.9
72;2021-07-20;3038;4283;321799;256064;57.4;45.7
72;2021-07-21;2883;3591;324682;259655;58.0;46.3
72;2021-07-22;3770;2917;328452;262572;58.6;46.9
72;2021-07-23;3476;3789;331928;266361;59.2;47.5
72;2021-07-24;2819;1459;334747;267820;59.8;47.8
72;2021-07-25;1451;1079;336198;268899;60.0;48.0
72;2021-07-26;2725;2917;338923;271816;60.5;48.5
72;2021-07-27;3858;3817;342781;275633;61.2;49.2
72;2021-07-28;3568;3120;346349;278753;61.8;49.8
72;2021-07-29;3566;2710;349915;281463;62.5;50.2
72;2021-07-30;3781;3382;353696;284845;63.1;50.8
72;2021-07-31;2548;1745;356244;286590;63.6;51.2
72;2021-08-01;1832;432;358076;287022;63.9;51.2
72;2021-08-02;3213;2285;361289;289307;64.5;51.6
72;2021-08-03;3234;3298;364523;292605;65.1;52.2
72;2021-08-04;3763;2551;368286;295156;65.7;52.7
72;2021-08-05;3766;2460;372052;297616;66.4;53.1
72;2021-08-06;3336;2694;375388;300310;67.0;53.6
72;2021-08-07;2347;1613;377735;301923;67.4;53.9
72;2021-08-08;1619;696;379354;302619;67.7;54.0
72;2021-08-09;2694;2669;382048;305288;68.2;54.5
72;2021-08-10;2915;2745;384963;308033;68.7;55.0
72;2021-08-11;2364;2203;387327;310236;69.1;55.4
72;2021-08-12;2375;2598;389702;312834;69.6;55.8
72;2021-08-13;2136;2288;391838;315122;69.9;56.2
72;2021-08-14;1158;1547;392996;316669;70.1;56.5
72;2021-08-15;622;613;393618;317282;70.3;56.6
72;2021-08-16;1651;2376;395269;319658;70.6;57.1
72;2021-08-17;1711;2888;396980;322546;70.9;57.6
72;2021-08-18;1706;2875;398686;325421;71.2;58.1
72;2021-08-19;1247;2915;399933;328336;71.4;58.6
72;2021-08-20;1650;3170;401583;331506;71.7;59.2
72;2021-08-21;697;2030;402280;333536;71.8;59.5
72;2021-08-22;256;1150;402536;334686;71.9;59.7
72;2021-08-23;1734;3420;404270;338106;72.2;60.4
72;2021-08-24;1523;4126;405793;342232;72.4;61.1
72;2021-08-25;1593;3447;407386;345679;72.7;61.7
72;2021-08-26;1264;4443;408650;350122;72.9;62.5
72;2021-08-27;1185;4105;409835;354227;73.2;63.2
72;2021-08-28;877;2653;410712;356880;73.3;63.7
72;2021-08-29;355;1683;411067;358563;73.4;64.0
72;2021-08-30;1131;3462;412198;362025;73.6;64.6
72;2021-08-31;1216;4009;413414;366034;73.8;65.3
72;2021-09-01;1066;3305;414480;369339;74.0;65.9
72;2021-09-02;900;3455;415380;372794;74.1;66.5
73;2020-12-27;0;0;0;0;0.0;0.0
73;2020-12-28;1;0;1;0;0.0;0.0
73;2020-12-29;0;0;1;0;0.0;0.0
73;2020-12-30;0;0;1;0;0.0;0.0
73;2020-12-31;0;0;1;0;0.0;0.0
73;2021-01-01;0;0;1;0;0.0;0.0
73;2021-01-02;0;0;1;0;0.0;0.0
73;2021-01-03;0;0;1;0;0.0;0.0
73;2021-01-04;1;0;2;0;0.0;0.0
73;2021-01-05;0;0;2;0;0.0;0.0
73;2021-01-06;1;0;3;0;0.0;0.0
73;2021-01-07;30;0;33;0;0.0;0.0
73;2021-01-08;81;0;114;0;0.0;0.0
73;2021-01-09;0;0;114;0;0.0;0.0
73;2021-01-10;0;0;114;0;0.0;0.0
73;2021-01-11;100;0;214;0;0.0;0.0
73;2021-01-12;303;1;517;1;0.1;0.0
73;2021-01-13;360;1;877;2;0.2;0.0
73;2021-01-14;514;2;1391;4;0.3;0.0
73;2021-01-15;617;1;2008;5;0.5;0.0
73;2021-01-16;128;0;2136;5;0.5;0.0
73;2021-01-17;0;0;2136;5;0.5;0.0
73;2021-01-18;624;0;2760;5;0.6;0.0
73;2021-01-19;1240;2;4000;7;0.9;0.0
73;2021-01-20;951;2;4951;9;1.1;0.0
73;2021-01-21;984;4;5935;13;1.4;0.0
73;2021-01-22;947;0;6882;13;1.6;0.0
73;2021-01-23;387;0;7269;13;1.7;0.0
73;2021-01-24;0;0;7269;13;1.7;0.0
73;2021-01-25;656;6;7925;19;1.8;0.0
73;2021-01-26;761;2;8686;21;2.0;0.0
73;2021-01-27;1105;5;9791;26;2.3;0.0
73;2021-01-28;961;5;10752;31;2.5;0.0
73;2021-01-29;683;5;11435;36;2.6;0.0
73;2021-01-30;345;3;11780;39;2.7;0.0
73;2021-01-31;0;0;11780;39;2.7;0.0
73;2021-02-01;607;39;12387;78;2.9;0.0
73;2021-02-02;752;333;13139;411;3.0;0.1
73;2021-02-03;650;350;13789;761;3.2;0.2
73;2021-02-04;625;231;14414;992;3.3;0.2
73;2021-02-05;680;405;15094;1397;3.5;0.3
73;2021-02-06;261;38;15355;1435;3.5;0.3
73;2021-02-07;1;0;15356;1435;3.6;0.3
73;2021-02-08;523;251;15879;1686;3.7;0.4
73;2021-02-09;793;441;16672;2127;3.9;0.5
73;2021-02-10;899;393;17571;2520;4.1;0.6
73;2021-02-11;962;708;18533;3228;4.3;0.7
73;2021-02-12;810;491;19343;3719;4.5;0.9
73;2021-02-13;263;59;19606;3778;4.5;0.9
73;2021-02-14;1;0;19607;3778;4.5;0.9
73;2021-02-15;347;503;19954;4281;4.6;1.0
73;2021-02-16;453;729;20407;5010;4.7;1.2
73;2021-02-17;451;936;20858;5946;4.8;1.4
73;2021-02-18;468;532;21326;6478;4.9;1.5
73;2021-02-19;445;609;21771;7087;5.0;1.6
73;2021-02-20;69;232;21840;7319;5.0;1.7
73;2021-02-21;0;0;21840;7319;5.0;1.7
73;2021-02-22;240;427;22080;7746;5.1;1.8
73;2021-02-23;327;506;22407;8252;5.2;1.9
73;2021-02-24;487;722;22894;8974;5.3;2.1
73;2021-02-25;503;498;23397;9472;5.4;2.2
73;2021-02-26;730;556;24127;10028;5.6;2.3
73;2021-02-27;330;232;24457;10260;5.7;2.4
73;2021-02-28;1;1;24458;10261;5.7;2.4
73;2021-03-01;557;495;25015;10756;5.8;2.5
73;2021-03-02;668;880;25683;11636;5.9;2.7
73;2021-03-03;642;1166;26325;12802;6.1;3.0
73;2021-03-04;1039;893;27364;13695;6.3;3.2
73;2021-03-05;1240;608;28604;14303;6.6;3.3
73;2021-03-06;1091;334;29695;14637;6.9;3.4
73;2021-03-07;455;93;30150;14730;7.0;3.4
73;2021-03-08;606;424;30756;15154;7.1;3.5
73;2021-03-09;982;534;31738;15688;7.3;3.6
73;2021-03-10;1035;866;32773;16554;7.6;3.8
73;2021-03-11;1556;656;34329;17210;7.9;4.0
73;2021-03-12;2018;534;36347;17744;8.4;4.1
73;2021-03-13;1179;205;37526;17949;8.7;4.1
73;2021-03-14;66;3;37592;17952;8.7;4.2
73;2021-03-15;1185;398;38777;18350;9.0;4.2
73;2021-03-16;796;400;39573;18750;9.1;4.3
73;2021-03-17;877;480;40450;19230;9.4;4.4
73;2021-03-18;1351;257;41801;19487;9.7;4.5
73;2021-03-19;1765;395;43566;19882;10.1;4.6
73;2021-03-20;886;128;44452;20010;10.3;4.6
73;2021-03-21;123;2;44575;20012;10.3;4.6
73;2021-03-22;1183;396;45758;20408;10.6;4.7
73;2021-03-23;1447;237;47205;20645;10.9;4.8
73;2021-03-24;1593;344;48798;20989;11.3;4.9
73;2021-03-25;2062;384;50860;21373;11.8;4.9
73;2021-03-26;2472;365;53332;21738;12.3;5.0
73;2021-03-27;885;145;54217;21883;12.5;5.1
73;2021-03-28;312;14;54529;21897;12.6;5.1
73;2021-03-29;1508;238;56037;22135;13.0;5.1
73;2021-03-30;2088;485;58125;22620;13.4;5.2
73;2021-03-31;2089;403;60214;23023;13.9;5.3
73;2021-04-01;2086;333;62300;23356;14.4;5.4
73;2021-04-02;2363;227;64663;23583;14.9;5.5
73;2021-04-03;848;147;65511;23730;15.1;5.5
73;2021-04-04;188;18;65699;23748;15.2;5.5
73;2021-04-05;212;26;65911;23774;15.2;5.5
73;2021-04-06;1509;508;67420;24282;15.6;5.6
73;2021-04-07;1947;651;69367;24933;16.0;5.8
73;2021-04-08;2491;822;71858;25755;16.6;6.0
73;2021-04-09;3060;522;74918;26277;17.3;6.1
73;2021-04-10;1135;318;76053;26595;17.6;6.1
73;2021-04-11;163;10;76216;26605;17.6;6.2
73;2021-04-12;1694;977;77910;27582;18.0;6.4
73;2021-04-13;1892;1129;79802;28711;18.4;6.6
73;2021-04-14;2018;1091;81820;29802;18.9;6.9
73;2021-04-15;2416;1189;84236;30991;19.5;7.2
73;2021-04-16;1894;930;86130;31921;19.9;7.4
73;2021-04-17;1176;559;87306;32480;20.2;7.5
73;2021-04-18;155;76;87461;32556;20.2;7.5
73;2021-04-19;1382;1060;88843;33616;20.5;7.8
73;2021-04-20;1790;1323;90633;34939;21.0;8.1
73;2021-04-21;1574;1301;92207;36240;21.3;8.4
73;2021-04-22;1813;1226;94020;37466;21.7;8.7
73;2021-04-23;1896;1253;95916;38719;22.2;9.0
73;2021-04-24;980;673;96896;39392;22.4;9.1
73;2021-04-25;79;97;96975;39489;22.4;9.1
73;2021-04-26;1164;1319;98139;40808;22.7;9.4
73;2021-04-27;1441;1472;99580;42280;23.0;9.8
73;2021-04-28;1732;1460;101312;43740;23.4;10.1
73;2021-04-29;2413;1564;103725;45304;24.0;10.5
73;2021-04-30;2398;1442;106123;46746;24.5;10.8
73;2021-05-01;1068;309;107191;47055;24.8;10.9
73;2021-05-02;34;165;107225;47220;24.8;10.9
73;2021-05-03;1392;1595;108617;48815;25.1;11.3
73;2021-05-04;1711;1828;110328;50643;25.5;11.7
73;2021-05-05;1975;1686;112303;52329;26.0;12.1
73;2021-05-06;2430;1698;114733;54027;26.5;12.5
73;2021-05-07;2261;1848;116994;55875;27.0;12.9
73;2021-05-08;1836;377;118830;56252;27.5;13.0
73;2021-05-09;127;125;118957;56377;27.5;13.0
73;2021-05-10;1608;1894;120565;58271;27.9;13.5
73;2021-05-11;2379;2367;122944;60638;28.4;14.0
73;2021-05-12;3555;2095;126499;62733;29.2;14.5
73;2021-05-13;1554;276;128053;63009;29.6;14.6
73;2021-05-14;1588;1494;129641;64503;30.0;14.9
73;2021-05-15;1448;944;131089;65447;30.3;15.1
73;2021-05-16;131;62;131220;65509;30.3;15.1
73;2021-05-17;1710;1952;132930;67461;30.7;15.6
73;2021-05-18;2495;1736;135425;69197;31.3;16.0
73;2021-05-19;2539;1623;137964;70820;31.9;16.4
73;2021-05-20;3161;1503;141125;72323;32.6;16.7
73;2021-05-21;2473;1850;143598;74173;33.2;17.1
73;2021-05-22;1989;922;145587;75095;33.7;17.4
73;2021-05-23;212;14;145799;75109;33.7;17.4
73;2021-05-24;2565;327;148364;75436;34.3;17.4
73;2021-05-25;2138;1741;150502;77177;34.8;17.8
73;2021-05-26;2342;2000;152844;79177;35.3;18.3
73;2021-05-27;3082;1715;155926;80892;36.0;18.7
73;2021-05-28;2919;2374;158845;83266;36.7;19.3
73;2021-05-29;2316;1320;161161;84586;37.3;19.6
73;2021-05-30;187;14;161348;84600;37.3;19.6
73;2021-05-31;2410;1629;163758;86229;37.9;19.9
73;2021-06-01;3178;1791;166936;88020;38.6;20.3
73;2021-06-02;3106;1454;170042;89474;39.3;20.7
73;2021-06-03;4424;1743;174466;91217;40.3;21.1
73;2021-06-04;4277;2183;178743;93400;41.3;21.6
73;2021-06-05;3159;1281;181902;94681;42.1;21.9
73;2021-06-06;1882;298;183784;94979;42.5;22.0
73;2021-06-07;2759;2147;186543;97126;43.1;22.5
73;2021-06-08;2685;1874;189228;99000;43.7;22.9
73;2021-06-09;2365;1790;191593;100790;44.3;23.3
73;2021-06-10;2005;1647;193598;102437;44.8;23.7
73;2021-06-11;2191;2441;195789;104878;45.3;24.2
73;2021-06-12;2246;1332;198035;106210;45.8;24.6
73;2021-06-13;44;82;198079;106292;45.8;24.6
73;2021-06-14;1347;2930;199426;109222;46.1;25.3
73;2021-06-15;1592;2754;201018;111976;46.5;25.9
73;2021-06-16;1467;2568;202485;114544;46.8;26.5
73;2021-06-17;945;1728;203430;116272;47.0;26.9
73;2021-06-18;1884;2932;205314;119204;47.5;27.6
73;2021-06-19;1422;1986;206736;121190;47.8;28.0
73;2021-06-20;448;306;207184;121496;47.9;28.1
73;2021-06-21;1110;2938;208294;124434;48.2;28.8
73;2021-06-22;1093;2871;209387;127305;48.4;29.4
73;2021-06-23;1085;3136;210472;130441;48.7;30.2
73;2021-06-24;883;1795;211355;132236;48.9;30.6
73;2021-06-25;1325;2798;212680;135034;49.2;31.2
73;2021-06-26;967;2396;213647;137430;49.4;31.8
73;2021-06-27;328;549;213975;137979;49.5;31.9
73;2021-06-28;970;3557;214945;141536;49.7;32.7
73;2021-06-29;1075;3339;216020;144875;49.9;33.5
73;2021-06-30;1240;3119;217260;147994;50.2;34.2
73;2021-07-01;1137;2363;218397;150357;50.5;34.8
73;2021-07-02;1206;3618;219603;153975;50.8;35.6
73;2021-07-03;961;2794;220564;156769;51.0;36.2
73;2021-07-04;301;619;220865;157388;51.1;36.4
73;2021-07-05;1156;3683;222021;161071;51.3;37.2
73;2021-07-06;1251;2950;223272;164021;51.6;37.9
73;2021-07-07;1444;2950;224716;166971;52.0;38.6
73;2021-07-08;1370;2299;226086;169270;52.3;39.1
73;2021-07-09;1430;4026;227516;173296;52.6;40.1
73;2021-07-10;890;3011;228406;176307;52.8;40.8
73;2021-07-11;561;1469;228967;177776;52.9;41.1
73;2021-07-12;1060;4197;230027;181973;53.2;42.1
73;2021-07-13;1729;4227;231756;186200;53.6;43.0
73;2021-07-14;1844;1919;233600;188119;54.0;43.5
73;2021-07-15;2747;3794;236347;191913;54.6;44.4
73;2021-07-16;2416;4017;238763;195930;55.2;45.3
73;2021-07-17;1515;2606;240278;198536;55.5;45.9
73;2021-07-18;1176;1217;241454;199753;55.8;46.2
73;2021-07-19;2450;3248;243904;203001;56.4;46.9
73;2021-07-20;3368;2858;247272;205859;57.2;47.6
73;2021-07-21;3382;2789;250654;208648;57.9;48.2
73;2021-07-22;2732;2212;253386;210860;58.6;48.7
73;2021-07-23;3416;2903;256802;213763;59.4;49.4
73;2021-07-24;2059;2279;258861;216042;59.8;49.9
73;2021-07-25;624;795;259485;216837;60.0;50.1
73;2021-07-26;2634;2492;262119;219329;60.6;50.7
73;2021-07-27;3814;2274;265933;221603;61.5;51.2
73;2021-07-28;3535;2094;269468;223697;62.3;51.7
73;2021-07-29;3981;2152;273449;225849;63.2;52.2
73;2021-07-30;3562;2473;277011;228322;64.0;52.8
73;2021-07-31;2476;1591;279487;229913;64.6;53.2
73;2021-08-01;833;620;280320;230533;64.8;53.3
73;2021-08-02;3089;2103;283409;232636;65.5;53.8
73;2021-08-03;3486;2000;286895;234636;66.3;54.2
73;2021-08-04;3297;2022;290192;236658;67.1;54.7
73;2021-08-05;2868;2230;293060;238888;67.8;55.2
73;2021-08-06;2506;2380;295566;241268;68.3;55.8
73;2021-08-07;1398;1484;296964;242752;68.7;56.1
73;2021-08-08;427;620;297391;243372;68.8;56.3
73;2021-08-09;1777;2390;299168;245762;69.2;56.8
73;2021-08-10;1871;2492;301039;248254;69.6;57.4
73;2021-08-11;1800;2536;302839;250790;70.0;58.0
73;2021-08-12;1670;2500;304509;253290;70.4;58.6
73;2021-08-13;1446;2842;305955;256132;70.7;59.2
73;2021-08-14;980;1533;306935;257665;71.0;59.6
73;2021-08-15;92;160;307027;257825;71.0;59.6
73;2021-08-16;934;1395;307961;259220;71.2;59.9
73;2021-08-17;951;1961;308912;261181;71.4;60.4
73;2021-08-18;936;2837;309848;264018;71.6;61.0
73;2021-08-19;953;3051;310801;267069;71.9;61.7
73;2021-08-20;785;3143;311586;270212;72.0;62.5
73;2021-08-21;412;1835;311998;272047;72.1;62.9
73;2021-08-22;268;935;312266;272982;72.2;63.1
73;2021-08-23;650;2966;312916;275948;72.3;63.8
73;2021-08-24;891;3156;313807;279104;72.5;64.5
73;2021-08-25;709;2903;314516;282007;72.7;65.2
73;2021-08-26;681;2421;315197;284428;72.9;65.8
73;2021-08-27;787;2747;315984;287175;73.1;66.4
73;2021-08-28;456;1745;316440;288920;73.2;66.8
73;2021-08-29;300;1012;316740;289932;73.2;67.0
73;2021-08-30;816;2585;317556;292517;73.4;67.6
73;2021-08-31;808;2384;318364;294901;73.6;68.2
73;2021-09-01;737;2245;319101;297146;73.8;68.7
73;2021-09-02;611;2003;319712;299149;73.9;69.2
74;2020-12-27;7;0;7;0;0.0;0.0
74;2020-12-28;3;0;10;0;0.0;0.0
74;2020-12-29;0;0;10;0;0.0;0.0
74;2020-12-30;1;0;11;0;0.0;0.0
74;2020-12-31;0;0;11;0;0.0;0.0
74;2021-01-01;0;0;11;0;0.0;0.0
74;2021-01-02;1;1;12;1;0.0;0.0
74;2021-01-03;0;0;12;1;0.0;0.0
74;2021-01-04;2;0;14;1;0.0;0.0
74;2021-01-05;2;0;16;1;0.0;0.0
74;2021-01-06;44;0;60;1;0.0;0.0
74;2021-01-07;219;1;279;2;0.0;0.0
74;2021-01-08;292;2;571;4;0.1;0.0
74;2021-01-09;78;0;649;4;0.1;0.0
74;2021-01-10;74;0;723;4;0.1;0.0
74;2021-01-11;375;0;1098;4;0.1;0.0
74;2021-01-12;405;3;1503;7;0.2;0.0
74;2021-01-13;396;0;1899;7;0.2;0.0
74;2021-01-14;477;1;2376;8;0.3;0.0
74;2021-01-15;644;4;3020;12;0.4;0.0
74;2021-01-16;252;1;3272;13;0.4;0.0
74;2021-01-17;131;1;3403;14;0.4;0.0
74;2021-01-18;522;0;3925;14;0.5;0.0
74;2021-01-19;808;2;4733;16;0.6;0.0
74;2021-01-20;1277;4;6010;20;0.7;0.0
74;2021-01-21;1567;2;7577;22;0.9;0.0
74;2021-01-22;1242;6;8819;28;1.1;0.0
74;2021-01-23;344;1;9163;29;1.1;0.0
74;2021-01-24;90;0;9253;29;1.1;0.0
74;2021-01-25;800;2;10053;31;1.2;0.0
74;2021-01-26;1364;14;11417;45;1.4;0.0
74;2021-01-27;1081;11;12498;56;1.5;0.0
74;2021-01-28;999;29;13497;85;1.6;0.0
74;2021-01-29;879;41;14376;126;1.7;0.0
74;2021-01-30;305;1;14681;127;1.8;0.0
74;2021-01-31;84;1;14765;128;1.8;0.0
74;2021-02-01;630;44;15395;172;1.9;0.0
74;2021-02-02;645;153;16040;325;1.9;0.0
74;2021-02-03;604;117;16644;442;2.0;0.1
74;2021-02-04;613;131;17257;573;2.1;0.1
74;2021-02-05;548;210;17805;783;2.1;0.1
74;2021-02-06;272;127;18077;910;2.2;0.1
74;2021-02-07;94;115;18171;1025;2.2;0.1
74;2021-02-08;619;335;18790;1360;2.3;0.2
74;2021-02-09;537;499;19327;1859;2.3;0.2
74;2021-02-10;688;502;20015;2361;2.4;0.3
74;2021-02-11;1069;1002;21084;3363;2.5;0.4
74;2021-02-12;911;603;21995;3966;2.7;0.5
74;2021-02-13;405;234;22400;4200;2.7;0.5
74;2021-02-14;316;110;22716;4310;2.7;0.5
74;2021-02-15;275;790;22991;5100;2.8;0.6
74;2021-02-16;487;1005;23478;6105;2.8;0.7
74;2021-02-17;530;1060;24008;7165;2.9;0.9
74;2021-02-18;470;967;24478;8132;3.0;1.0
74;2021-02-19;617;641;25095;8773;3.0;1.1
74;2021-02-20;114;177;25209;8950;3.0;1.1
74;2021-02-21;47;57;25256;9007;3.0;1.1
74;2021-02-22;319;754;25575;9761;3.1;1.2
74;2021-02-23;303;790;25878;10551;3.1;1.3
74;2021-02-24;240;652;26118;11203;3.2;1.4
74;2021-02-25;521;732;26639;11935;3.2;1.4
74;2021-02-26;973;673;27612;12608;3.3;1.5
74;2021-02-27;254;171;27866;12779;3.4;1.5
74;2021-02-28;125;71;27991;12850;3.4;1.6
74;2021-03-01;721;616;28712;13466;3.5;1.6
74;2021-03-02;1092;680;29804;14146;3.6;1.7
74;2021-03-03;1018;635;30822;14781;3.7;1.8
74;2021-03-04;1611;1008;32433;15789;3.9;1.9
74;2021-03-05;2089;889;34522;16678;4.2;2.0
74;2021-03-06;1760;325;36282;17003;4.4;2.1
74;2021-03-07;1386;108;37668;17111;4.5;2.1
74;2021-03-08;1197;954;38865;18065;4.7;2.2
74;2021-03-09;1953;667;40818;18732;4.9;2.3
74;2021-03-10;1747;902;42565;19634;5.1;2.4
74;2021-03-11;2446;728;45011;20362;5.4;2.5
74;2021-03-12;3243;1023;48254;21385;5.8;2.6
74;2021-03-13;2000;280;50254;21665;6.1;2.6
74;2021-03-14;608;103;50862;21768;6.1;2.6
74;2021-03-15;2129;558;52991;22326;6.4;2.7
74;2021-03-16;1959;413;54950;22739;6.6;2.7
74;2021-03-17;1973;319;56923;23058;6.9;2.8
74;2021-03-18;2135;287;59058;23345;7.1;2.8
74;2021-03-19;2633;297;61691;23642;7.4;2.9
74;2021-03-20;1374;102;63065;23744;7.6;2.9
74;2021-03-21;289;33;63354;23777;7.6;2.9
74;2021-03-22;2053;330;65407;24107;7.9;2.9
74;2021-03-23;2720;337;68127;24444;8.2;3.0
74;2021-03-24;2945;303;71072;24747;8.6;3.0
74;2021-03-25;3871;307;74943;25054;9.0;3.0
74;2021-03-26;4093;383;79036;25437;9.5;3.1
74;2021-03-27;1941;263;80977;25700;9.8;3.1
74;2021-03-28;437;78;81414;25778;9.8;3.1
74;2021-03-29;3032;717;84446;26495;10.2;3.2
74;2021-03-30;3543;776;87989;27271;10.6;3.3
74;2021-03-31;3143;735;91132;28006;11.0;3.4
74;2021-04-01;4236;900;95368;28906;11.5;3.5
74;2021-04-02;3705;792;99073;29698;12.0;3.6
74;2021-04-03;1699;542;100772;30240;12.2;3.7
74;2021-04-04;236;122;101008;30362;12.2;3.7
74;2021-04-05;432;16;101440;30378;12.2;3.7
74;2021-04-06;2625;1212;104065;31590;12.6;3.8
74;2021-04-07;3194;1252;107259;32842;12.9;4.0
74;2021-04-08;3865;1187;111124;34029;13.4;4.1
74;2021-04-09;4105;1180;115229;35209;13.9;4.3
74;2021-04-10;1946;1036;117175;36245;14.1;4.4
74;2021-04-11;254;184;117429;36429;14.2;4.4
74;2021-04-12;2722;1780;120151;38209;14.5;4.6
74;2021-04-13;3126;2102;123277;40311;14.9;4.9
74;2021-04-14;2901;1977;126178;42288;15.2;5.1
74;2021-04-15;3457;1916;129635;44204;15.6;5.3
74;2021-04-16;3386;1784;133021;45988;16.1;5.6
74;2021-04-17;1936;1038;134957;47026;16.3;5.7
74;2021-04-18;218;209;135175;47235;16.3;5.7
74;2021-04-19;2098;2102;137273;49337;16.6;6.0
74;2021-04-20;3071;2429;140344;51766;16.9;6.2
74;2021-04-21;2464;2378;142808;54144;17.2;6.5
74;2021-04-22;2629;2336;145437;56480;17.6;6.8
74;2021-04-23;2569;2254;148006;58734;17.9;7.1
74;2021-04-24;1485;1543;149491;60277;18.0;7.3
74;2021-04-25;227;150;149718;60427;18.1;7.3
74;2021-04-26;2396;2464;152114;62891;18.4;7.6
74;2021-04-27;3275;2914;155389;65805;18.8;7.9
74;2021-04-28;3461;2636;158850;68441;19.2;8.3
74;2021-04-29;3910;2699;162760;71140;19.6;8.6
74;2021-04-30;4075;2228;166835;73368;20.1;8.9
74;2021-05-01;2122;391;168957;73759;20.4;8.9
74;2021-05-02;205;236;169162;73995;20.4;8.9
74;2021-05-03;2593;3021;171755;77016;20.7;9.3
74;2021-05-04;3218;3109;174973;80125;21.1;9.7
74;2021-05-05;3392;3017;178365;83142;21.5;10.0
74;2021-05-06;3858;2633;182223;85775;22.0;10.4
74;2021-05-07;3595;3553;185818;89328;22.4;10.8
74;2021-05-08;1147;825;186965;90153;22.6;10.9
74;2021-05-09;194;248;187159;90401;22.6;10.9
74;2021-05-10;3469;3146;190628;93547;23.0;11.3
74;2021-05-11;4318;3426;194946;96973;23.5;11.7
74;2021-05-12;5305;2965;200251;99938;24.2;12.1
74;2021-05-13;2362;950;202613;100888;24.5;12.2
74;2021-05-14;5954;2408;208567;103296;25.2;12.5
74;2021-05-15;4517;1852;213084;105148;25.7;12.7
74;2021-05-16;3009;334;216093;105482;26.1;12.7
74;2021-05-17;5397;2890;221490;108372;26.7;13.1
74;2021-05-18;6788;2812;228278;111184;27.6;13.4
74;2021-05-19;6234;2296;234512;113480;28.3;13.7
74;2021-05-20;6646;2559;241158;116039;29.1;14.0
74;2021-05-21;6526;2993;247684;119032;29.9;14.4
74;2021-05-22;5294;1567;252978;120599;30.5;14.6
74;2021-05-23;2052;282;255030;120881;30.8;14.6
74;2021-05-24;2363;661;257393;121542;31.1;14.7
74;2021-05-25;5071;3334;262464;124876;31.7;15.1
74;2021-05-26;5255;2567;267719;127443;32.3;15.4
74;2021-05-27;6003;2981;273722;130424;33.0;15.7
74;2021-05-28;5658;3589;279380;134013;33.7;16.2
74;2021-05-29;3799;2154;283179;136167;34.2;16.4
74;2021-05-30;488;309;283667;136476;34.2;16.5
74;2021-05-31;5070;3555;288737;140031;34.9;16.9
74;2021-06-01;4936;3729;293673;143760;35.5;17.4
74;2021-06-02;5270;3209;298943;146969;36.1;17.7
74;2021-06-03;6897;3253;305840;150222;36.9;18.1
74;2021-06-04;6912;4434;312752;154656;37.8;18.7
74;2021-06-05;4611;2707;317363;157363;38.3;19.0
74;2021-06-06;123;112;317486;157475;38.3;19.0
74;2021-06-07;5031;4148;322517;161623;38.9;19.5
74;2021-06-08;5027;3947;327544;165570;39.5;20.0
74;2021-06-09;5080;3485;332624;169055;40.2;20.4
74;2021-06-10;5126;2877;337750;171932;40.8;20.8
74;2021-06-11;5214;3815;342964;175747;41.4;21.2
74;2021-06-12;3573;2387;346537;178134;41.8;21.5
74;2021-06-13;120;89;346657;178223;41.8;21.5
74;2021-06-14;3599;4481;350256;182704;42.3;22.1
74;2021-06-15;3671;3897;353927;186601;42.7;22.5
74;2021-06-16;4828;3125;358755;189726;43.3;22.9
74;2021-06-17;3820;2957;362575;192683;43.8;23.3
74;2021-06-18;4116;4666;366691;197349;44.3;23.8
74;2021-06-19;2997;3101;369688;200450;44.6;24.2
74;2021-06-20;125;97;369813;200547;44.6;24.2
74;2021-06-21;2387;5422;372200;205969;44.9;24.9
74;2021-06-22;2492;5316;374692;211285;45.2;25.5
74;2021-06-23;2977;4621;377669;215906;45.6;26.1
74;2021-06-24;2865;4626;380534;220532;45.9;26.6
74;2021-06-25;2930;6767;383464;227299;46.3;27.4
74;2021-06-26;1710;5401;385174;232700;46.5;28.1
74;2021-06-27;65;1663;385239;234363;46.5;28.3
74;2021-06-28;1917;7221;387156;241584;46.7;29.2
74;2021-06-29;2302;7428;389458;249012;47.0;30.1
74;2021-06-30;2747;6544;392205;255556;47.3;30.8
74;2021-07-01;3442;5426;395647;260982;47.8;31.5
74;2021-07-02;3118;6641;398765;267623;48.1;32.3
74;2021-07-03;1699;5083;400464;272706;48.3;32.9
74;2021-07-04;82;1022;400546;273728;48.4;33.0
74;2021-07-05;2080;6838;402626;280566;48.6;33.9
74;2021-07-06;2803;6493;405429;287059;48.9;34.7
74;2021-07-07;3097;5449;408526;292508;49.3;35.3
74;2021-07-08;3861;4914;412387;297422;49.8;35.9
74;2021-07-09;2673;6980;415060;304402;50.1;36.7
74;2021-07-10;1626;5131;416686;309533;50.3;37.4
74;2021-07-11;76;142;416762;309675;50.3;37.4
74;2021-07-12;2095;7898;418857;317573;50.6;38.3
74;2021-07-13;3967;7589;422824;325162;51.0;39.3
74;2021-07-14;1967;2239;424791;327401;51.3;39.5
74;2021-07-15;3591;6869;428382;334270;51.7;40.4
74;2021-07-16;4244;7744;432626;342014;52.2;41.3
74;2021-07-17;3006;5327;435632;347341;52.6;41.9
74;2021-07-18;155;155;435787;347496;52.6;41.9
74;2021-07-19;4292;7352;440079;354848;53.1;42.8
74;2021-07-20;5869;6465;445948;361313;53.8;43.6
74;2021-07-21;5627;6672;451575;367985;54.5;44.4
74;2021-07-22;4775;5326;456350;373311;55.1;45.1
74;2021-07-23;6222;6988;462572;380299;55.8;45.9
74;2021-07-24;3153;4314;465725;384613;56.2;46.4
74;2021-07-25;180;171;465905;384784;56.2;46.4
74;2021-07-26;5616;6132;471521;390916;56.9;47.2
74;2021-07-27;6837;5174;478358;396090;57.7;47.8
74;2021-07-28;6532;5104;484890;401194;58.5;48.4
74;2021-07-29;5272;3928;490162;405122;59.2;48.9
74;2021-07-30;6686;5502;496848;410624;60.0;49.6
74;2021-07-31;4371;3123;501219;413747;60.5;49.9
74;2021-08-01;182;148;501401;413895;60.5;50.0
74;2021-08-02;5921;4405;507322;418300;61.2;50.5
74;2021-08-03;5927;3853;513249;422153;62.0;51.0
74;2021-08-04;6291;3503;519540;425656;62.7;51.4
74;2021-08-05;4904;3266;524444;428922;63.3;51.8
74;2021-08-06;4986;4176;529430;433098;63.9;52.3
74;2021-08-07;3200;2896;532630;435994;64.3;52.6
74;2021-08-08;154;134;532784;436128;64.3;52.6
74;2021-08-09;4916;4823;537700;440951;64.9;53.2
74;2021-08-10;4919;4677;542619;445628;65.5;53.8
74;2021-08-11;4351;4890;546970;450518;66.0;54.4
74;2021-08-12;3559;3608;550529;454126;66.5;54.8
74;2021-08-13;3625;4610;554154;458736;66.9;55.4
74;2021-08-14;2159;3342;556313;462078;67.2;55.8
74;2021-08-15;59;101;556372;462179;67.2;55.8
74;2021-08-16;3144;5862;559516;468041;67.5;56.5
74;2021-08-17;2969;5484;562485;473525;67.9;57.2
74;2021-08-18;2941;5448;565426;478973;68.3;57.8
74;2021-08-19;2317;3897;567743;482870;68.5;58.3
74;2021-08-20;2505;5686;570248;488556;68.8;59.0
74;2021-08-21;1193;4267;571441;492823;69.0;59.5
74;2021-08-22;56;136;571497;492959;69.0;59.5
74;2021-08-23;1910;6688;573407;499647;69.2;60.3
74;2021-08-24;2077;5935;575484;505582;69.5;61.0
74;2021-08-25;1884;6289;577368;511871;69.7;61.8
74;2021-08-26;1517;3779;578885;515650;69.9;62.2
74;2021-08-27;1807;5499;580692;521149;70.1;62.9
74;2021-08-28;900;4029;581592;525178;70.2;63.4
74;2021-08-29;54;183;581646;525361;70.2;63.4
74;2021-08-30;1696;5482;583342;530843;70.4;64.1
74;2021-08-31;1618;5110;584960;535953;70.6;64.7
74;2021-09-01;1601;4119;586561;540072;70.8;65.2
74;2021-09-02;1190;3015;587751;543087;70.9;65.6
75;2020-12-27;57;1;57;1;0.0;0.0
75;2020-12-28;56;0;113;1;0.0;0.0
75;2020-12-29;25;0;138;1;0.0;0.0
75;2020-12-30;80;0;218;1;0.0;0.0
75;2020-12-31;37;0;255;1;0.0;0.0
75;2021-01-01;55;3;310;4;0.0;0.0
75;2021-01-02;62;1;372;5;0.0;0.0
75;2021-01-03;103;1;475;6;0.0;0.0
75;2021-01-04;304;1;779;7;0.0;0.0
75;2021-01-05;876;12;1655;19;0.1;0.0
75;2021-01-06;1364;16;3019;35;0.1;0.0
75;2021-01-07;2062;19;5081;54;0.2;0.0
75;2021-01-08;2872;30;7953;84;0.4;0.0
75;2021-01-09;1097;2;9050;86;0.4;0.0
75;2021-01-10;1098;4;10148;90;0.5;0.0
75;2021-01-11;3089;47;13237;137;0.6;0.0
75;2021-01-12;3483;52;16720;189;0.8;0.0
75;2021-01-13;3561;42;20281;231;0.9;0.0
75;2021-01-14;3734;62;24015;293;1.1;0.0
75;2021-01-15;3322;46;27337;339;1.3;0.0
75;2021-01-16;1137;15;28474;354;1.3;0.0
75;2021-01-17;556;14;29030;368;1.4;0.0
75;2021-01-18;3274;73;32304;441;1.5;0.0
75;2021-01-19;3861;48;36165;489;1.7;0.0
75;2021-01-20;4416;62;40581;551;1.9;0.0
75;2021-01-21;4918;77;45499;628;2.1;0.0
75;2021-01-22;4589;77;50088;705;2.3;0.0
75;2021-01-23;1760;15;51848;720;2.4;0.0
75;2021-01-24;749;7;52597;727;2.4;0.0
75;2021-01-25;1725;27;54322;754;2.5;0.0
75;2021-01-26;2553;86;56875;840;2.6;0.0
75;2021-01-27;3158;168;60033;1008;2.8;0.0
75;2021-01-28;4773;253;64806;1261;3.0;0.1
75;2021-01-29;4054;257;68860;1518;3.2;0.1
75;2021-01-30;1355;26;70215;1544;3.3;0.1
75;2021-01-31;222;3;70437;1547;3.3;0.1
75;2021-02-01;1618;365;72055;1912;3.4;0.1
75;2021-02-02;2139;631;74194;2543;3.5;0.1
75;2021-02-03;1880;666;76074;3209;3.5;0.1
75;2021-02-04;2143;1097;78217;4306;3.6;0.2
75;2021-02-05;2218;824;80435;5130;3.7;0.2
75;2021-02-06;1110;83;81545;5213;3.8;0.2
75;2021-02-07;176;6;81721;5219;3.8;0.2
75;2021-02-08;1257;1405;82978;6624;3.9;0.3
75;2021-02-09;1787;2348;84765;8972;3.9;0.4
75;2021-02-10;2416;2353;87181;11325;4.1;0.5
75;2021-02-11;2936;5850;90117;17175;4.2;0.8
75;2021-02-12;3122;2353;93239;19528;4.3;0.9
75;2021-02-13;850;963;94089;20491;4.4;1.0
75;2021-02-14;207;41;94296;20532;4.4;1.0
75;2021-02-15;1004;2259;95300;22791;4.4;1.1
75;2021-02-16;1451;6065;96751;28856;4.5;1.3
75;2021-02-17;1326;2983;98077;31839;4.6;1.5
75;2021-02-18;1760;5484;99837;37323;4.6;1.7
75;2021-02-19;2217;3891;102054;41214;4.8;1.9
75;2021-02-20;477;1554;102531;42768;4.8;2.0
75;2021-02-21;196;149;102727;42917;4.8;2.0
75;2021-02-22;1223;1801;103950;44718;4.8;2.1
75;2021-02-23;1449;2507;105399;47225;4.9;2.2
75;2021-02-24;1690;2188;107089;49413;5.0;2.3
75;2021-02-25;2773;5046;109862;54459;5.1;2.5
75;2021-02-26;3370;2517;113232;56976;5.3;2.7
75;2021-02-27;1401;876;114633;57852;5.3;2.7
75;2021-02-28;323;134;114956;57986;5.4;2.7
75;2021-03-01;2593;1609;117549;59595;5.5;2.8
75;2021-03-02;4173;2122;121722;61717;5.7;2.9
75;2021-03-03;5424;2290;127146;64007;5.9;3.0
75;2021-03-04;8043;2553;135189;66560;6.3;3.1
75;2021-03-05;10561;2719;145750;69279;6.8;3.2
75;2021-03-06;11075;1096;156825;70375;7.3;3.3
75;2021-03-07;9503;1516;166328;71891;7.7;3.3
75;2021-03-08;5897;1557;172225;73448;8.0;3.4
75;2021-03-09;7515;2130;179740;75578;8.4;3.5
75;2021-03-10;7501;2138;187241;77716;8.7;3.6
75;2021-03-11;10339;2539;197580;80255;9.2;3.7
75;2021-03-12;12060;2580;209640;82835;9.8;3.9
75;2021-03-13;8544;785;218184;83620;10.2;3.9
75;2021-03-14;4166;257;222350;83877;10.4;3.9
75;2021-03-15;7456;983;229806;84860;10.7;4.0
75;2021-03-16;5149;695;234955;85555;10.9;4.0
75;2021-03-17;5426;845;240381;86400;11.2;4.0
75;2021-03-18;6617;877;246998;87277;11.5;4.1
75;2021-03-19;9747;998;256745;88275;12.0;4.1
75;2021-03-20;5940;611;262685;88886;12.2;4.1
75;2021-03-21;1590;434;264275;89320;12.3;4.2
75;2021-03-22;8646;1029;272921;90349;12.7;4.2
75;2021-03-23;10949;1267;283870;91616;13.2;4.3
75;2021-03-24;10993;1339;294863;92955;13.7;4.3
75;2021-03-25;14206;1551;309069;94506;14.4;4.4
75;2021-03-26;13968;1707;323037;96213;15.0;4.5
75;2021-03-27;7279;778;330316;96991;15.4;4.5
75;2021-03-28;1779;150;332095;97141;15.5;4.5
75;2021-03-29;7968;2204;340063;99345;15.8;4.6
75;2021-03-30;10936;3246;350999;102591;16.3;4.8
75;2021-03-31;9737;3614;360736;106205;16.8;4.9
75;2021-04-01;10688;5212;371424;111417;17.3;5.2
75;2021-04-02;9049;5578;380473;116995;17.7;5.4
75;2021-04-03;4115;4890;384588;121885;17.9;5.7
75;2021-04-04;1415;1480;386003;123365;18.0;5.7
75;2021-04-05;2244;1395;388247;124760;18.1;5.8
75;2021-04-06;6900;4299;395147;129059;18.4;6.0
75;2021-04-07;8077;4415;403224;133474;18.8;6.2
75;2021-04-08;11076;4180;414300;137654;19.3;6.4
75;2021-04-09;12199;4634;426499;142288;19.9;6.6
75;2021-04-10;5838;4268;432337;146556;20.1;6.8
75;2021-04-11;1934;1792;434271;148348;20.2;6.9
75;2021-04-12;7475;3792;441746;152140;20.6;7.1
75;2021-04-13;8562;6819;450308;158959;21.0;7.4
75;2021-04-14;8285;5221;458593;164180;21.3;7.6
75;2021-04-15;8900;6136;467493;170316;21.8;7.9
75;2021-04-16;9381;6113;476874;176429;22.2;8.2
75;2021-04-17;4819;3646;481693;180075;22.4;8.4
75;2021-04-18;1663;877;483356;180952;22.5;8.4
75;2021-04-19;5574;4950;488930;185902;22.8;8.7
75;2021-04-20;6465;5958;495395;191860;23.1;8.9
75;2021-04-21;6866;5573;502261;197433;23.4;9.2
75;2021-04-22;7541;5916;509802;203349;23.7;9.5
75;2021-04-23;8596;6386;518398;209735;24.1;9.8
75;2021-04-24;6167;3351;524565;213086;24.4;9.9
75;2021-04-25;2965;761;527530;213847;24.6;10.0
75;2021-04-26;7028;4721;534558;218568;24.9;10.2
75;2021-04-27;10591;6421;545149;224989;25.4;10.5
75;2021-04-28;12197;6024;557346;231013;25.9;10.8
75;2021-04-29;13758;6334;571104;237347;26.6;11.0
75;2021-04-30;13664;6184;584768;243531;27.2;11.3
75;2021-05-01;5075;1327;589843;244858;27.5;11.4
75;2021-05-02;2383;795;592226;245653;27.6;11.4
75;2021-05-03;10281;13487;602507;259140;28.0;12.1
75;2021-05-04;11184;8081;613691;267221;28.6;12.4
75;2021-05-05;13557;6711;627248;273932;29.2;12.8
75;2021-05-06;13998;8192;641246;282124;29.8;13.1
75;2021-05-07;13972;8586;655218;290710;30.5;13.5
75;2021-05-08;10083;5516;665301;296226;31.0;13.8
75;2021-05-09;3818;3189;669119;299415;31.1;13.9
75;2021-05-10;14295;6728;683414;306143;31.8;14.3
75;2021-05-11;16844;8417;700258;314560;32.6;14.6
75;2021-05-12;17958;8155;718216;322715;33.4;15.0
75;2021-05-13;13635;2505;731851;325220;34.1;15.1
75;2021-05-14;18387;5135;750238;330355;34.9;15.4
75;2021-05-15;12313;2653;762551;333008;35.5;15.5
75;2021-05-16;3852;759;766403;333767;35.7;15.5
75;2021-05-17;16001;4654;782404;338421;36.4;15.8
75;2021-05-18;19157;5328;801561;343749;37.3;16.0
75;2021-05-19;20723;10728;822284;354477;38.3;16.5
75;2021-05-20;21586;8674;843870;363151;39.3;16.9
75;2021-05-21;21030;6552;864900;369703;40.3;17.2
75;2021-05-22;15921;3310;880821;373013;41.0;17.4
75;2021-05-23;5635;1338;886456;374351;41.3;17.4
75;2021-05-24;15637;2563;902093;376914;42.0;17.5
75;2021-05-25;18026;9588;920119;386502;42.8;18.0
75;2021-05-26;18882;8211;939001;394713;43.7;18.4
75;2021-05-27;20144;9814;959145;404527;44.6;18.8
75;2021-05-28;19345;10863;978490;415390;45.5;19.3
75;2021-05-29;16122;5848;994612;421238;46.3;19.6
75;2021-05-30;7038;2161;1001650;423399;46.6;19.7
75;2021-05-31;18101;9459;1019751;432858;47.5;20.1
75;2021-06-01;18693;12982;1038444;445840;48.3;20.8
75;2021-06-02;18119;10309;1056563;456149;49.2;21.2
75;2021-06-03;20259;11979;1076822;468128;50.1;21.8
75;2021-06-04;18126;12863;1094948;480991;51.0;22.4
75;2021-06-05;11994;9622;1106942;490613;51.5;22.8
75;2021-06-06;6728;3156;1113670;493769;51.8;23.0
75;2021-06-07;13906;11839;1127576;505608;52.5;23.5
75;2021-06-08;14806;13980;1142382;519588;53.2;24.2
75;2021-06-09;16513;15250;1158895;534838;53.9;24.9
75;2021-06-10;18378;26321;1177273;561159;54.8;26.1
75;2021-06-11;15324;16472;1192597;577631;55.5;26.9
75;2021-06-12;13290;10002;1205887;587633;56.1;27.4
75;2021-06-13;6275;3798;1212162;591431;56.4;27.5
75;2021-06-14;11838;15420;1224000;606851;57.0;28.2
75;2021-06-15;12745;19563;1236745;626414;57.6;29.2
75;2021-06-16;12208;17246;1248953;643660;58.1;30.0
75;2021-06-17;12661;17689;1261614;661349;58.7;30.8
75;2021-06-18;11288;22620;1272902;683969;59.3;31.8
75;2021-06-19;7537;11828;1280439;695797;59.6;32.4
75;2021-06-20;2821;5486;1283260;701283;59.7;32.6
75;2021-06-21;8513;16342;1291773;717625;60.1;33.4
75;2021-06-22;8804;21807;1300577;739432;60.5;34.4
75;2021-06-23;10314;21443;1310891;760875;61.0;35.4
75;2021-06-24;11311;20645;1322202;781520;61.5;36.4
75;2021-06-25;9869;24701;1332071;806221;62.0;37.5
75;2021-06-26;7949;15428;1340020;821649;62.4;38.2
75;2021-06-27;2699;6329;1342719;827978;62.5;38.5
75;2021-06-28;8476;20150;1351195;848128;62.9;39.5
75;2021-06-29;9346;23843;1360541;871971;63.3;40.6
75;2021-06-30;10203;23632;1370744;895603;63.8;41.7
75;2021-07-01;11445;23523;1382189;919126;64.3;42.8
75;2021-07-02;10884;24788;1393073;943914;64.8;43.9
75;2021-07-03;7825;19819;1400898;963733;65.2;44.9
75;2021-07-04;3911;9556;1404809;973289;65.4;45.3
75;2021-07-05;9314;21586;1414123;994875;65.8;46.3
75;2021-07-06;10157;24012;1424280;1018887;66.3;47.4
75;2021-07-07;10139;25100;1434419;1043987;66.8;48.6
75;2021-07-08;10653;25020;1445072;1069007;67.3;49.8
75;2021-07-09;10767;24041;1455839;1093048;67.8;50.9
75;2021-07-10;7933;18513;1463772;1111561;68.1;51.7
75;2021-07-11;4348;8534;1468120;1120095;68.3;52.1
75;2021-07-12;9809;23095;1477929;1143190;68.8;53.2
75;2021-07-13;14322;24828;1492251;1168018;69.5;54.4
75;2021-07-14;8278;9726;1500529;1177744;69.8;54.8
75;2021-07-15;15230;25676;1515759;1203420;70.6;56.0
75;2021-07-16;15715;22161;1531474;1225581;71.3;57.0
75;2021-07-17;11725;16905;1543199;1242486;71.8;57.8
75;2021-07-18;6279;6836;1549478;1249322;72.1;58.2
75;2021-07-19;14365;21314;1563843;1270636;72.8;59.1
75;2021-07-20;16059;21896;1579902;1292532;73.5;60.2
75;2021-07-21;15680;20731;1595582;1313263;74.3;61.1
75;2021-07-22;17130;20094;1612712;1333357;75.1;62.1
75;2021-07-23;17019;19109;1629731;1352466;75.9;63.0
75;2021-07-24;11194;14079;1640925;1366545;76.4;63.6
75;2021-07-25;5007;5077;1645932;1371622;76.6;63.8
75;2021-07-26;15165;16892;1661097;1388514;77.3;64.6
75;2021-07-27;18104;16660;1679201;1405174;78.2;65.4
75;2021-07-28;17107;15485;1696308;1420659;79.0;66.1
75;2021-07-29;16732;15084;1713040;1435743;79.7;66.8
75;2021-07-30;16262;14318;1729302;1450061;80.5;67.5
75;2021-07-31;9323;9854;1738625;1459915;80.9;68.0
75;2021-08-01;3643;3298;1742268;1463213;81.1;68.1
75;2021-08-02;10629;12009;1752897;1475222;81.6;68.7
75;2021-08-03;11006;10828;1763903;1486050;82.1;69.2
75;2021-08-04;9468;9495;1773371;1495545;82.5;69.6
75;2021-08-05;8589;9534;1781960;1505079;82.9;70.1
75;2021-08-06;8108;9969;1790068;1515048;83.3;70.5
75;2021-08-07;5664;7139;1795732;1522187;83.6;70.9
75;2021-08-08;1929;3274;1797661;1525461;83.7;71.0
75;2021-08-09;8429;11460;1806090;1536921;84.1;71.5
75;2021-08-10;8992;11578;1815082;1548499;84.5;72.1
75;2021-08-11;7639;10130;1822721;1558629;84.8;72.6
75;2021-08-12;6791;10628;1829512;1569257;85.2;73.0
75;2021-08-13;6040;8913;1835552;1578170;85.4;73.5
75;2021-08-14;4019;7194;1839571;1585364;85.6;73.8
75;2021-08-15;922;1929;1840493;1587293;85.7;73.9
75;2021-08-16;5976;14022;1846469;1601315;86.0;74.5
75;2021-08-17;5691;13593;1852160;1614908;86.2;75.2
75;2021-08-18;4906;11989;1857066;1626897;86.4;75.7
75;2021-08-19;4632;12679;1861698;1639576;86.7;76.3
75;2021-08-20;4431;11765;1866129;1651341;86.9;76.9
75;2021-08-21;3138;8796;1869267;1660137;87.0;77.3
75;2021-08-22;984;3165;1870251;1663302;87.1;77.4
75;2021-08-23;4822;15294;1875073;1678596;87.3;78.1
75;2021-08-24;4724;14521;1879797;1693117;87.5;78.8
75;2021-08-25;4415;12299;1884212;1705416;87.7;79.4
75;2021-08-26;3970;10248;1888182;1715664;87.9;79.9
75;2021-08-27;4367;11633;1892549;1727297;88.1;80.4
75;2021-08-28;3002;8277;1895551;1735574;88.2;80.8
75;2021-08-29;743;2005;1896294;1737579;88.3;80.9
75;2021-08-30;4435;14630;1900729;1752209;88.5;81.6
75;2021-08-31;4267;13737;1904996;1765946;88.7;82.2
75;2021-09-01;3792;11335;1908788;1777281;88.9;82.7
75;2021-09-02;3090;9567;1911878;1786848;89.0;83.2
76;2020-12-27;0;0;0;0;0.0;0.0
76;2020-12-28;0;0;0;0;0.0;0.0
76;2020-12-29;0;0;0;0;0.0;0.0
76;2020-12-30;0;0;0;0;0.0;0.0
76;2020-12-31;0;0;0;0;0.0;0.0
76;2021-01-01;0;0;0;0;0.0;0.0
76;2021-01-02;0;0;0;0;0.0;0.0
76;2021-01-03;0;0;0;0;0.0;0.0
76;2021-01-04;17;0;17;0;0.0;0.0
76;2021-01-05;138;0;155;0;0.0;0.0
76;2021-01-06;682;2;837;2;0.1;0.0
76;2021-01-07;1355;7;2192;9;0.2;0.0
76;2021-01-08;1536;2;3728;11;0.3;0.0
76;2021-01-09;736;2;4464;13;0.4;0.0
76;2021-01-10;492;1;4956;14;0.4;0.0
76;2021-01-11;1358;2;6314;16;0.5;0.0
76;2021-01-12;1358;2;7672;18;0.6;0.0
76;2021-01-13;1187;4;8859;22;0.7;0.0
76;2021-01-14;2176;24;11035;46;0.9;0.0
76;2021-01-15;1911;9;12946;55;1.0;0.0
76;2021-01-16;990;7;13936;62;1.1;0.0
76;2021-01-17;2897;20;16833;82;1.4;0.0
76;2021-01-18;4396;16;21229;98;1.7;0.0
76;2021-01-19;3015;8;24244;106;1.9;0.0
76;2021-01-20;2069;7;26313;113;2.1;0.0
76;2021-01-21;1773;4;28086;117;2.3;0.0
76;2021-01-22;1706;4;29792;121;2.4;0.0
76;2021-01-23;449;1;30241;122;2.4;0.0
76;2021-01-24;99;0;30340;122;2.4;0.0
76;2021-01-25;1474;139;31814;261;2.6;0.0
76;2021-01-26;1391;333;33205;594;2.7;0.0
76;2021-01-27;1342;426;34547;1020;2.8;0.1
76;2021-01-28;1283;381;35830;1401;2.9;0.1
76;2021-01-29;1153;452;36983;1853;3.0;0.1
76;2021-01-30;283;298;37266;2151;3.0;0.2
76;2021-01-31;4;98;37270;2249;3.0;0.2
76;2021-02-01;841;794;38111;3043;3.1;0.2
76;2021-02-02;1057;1007;39168;4050;3.1;0.3
76;2021-02-03;920;976;40088;5026;3.2;0.4
76;2021-02-04;976;1424;41064;6450;3.3;0.5
76;2021-02-05;975;1093;42039;7543;3.4;0.6
76;2021-02-06;262;867;42301;8410;3.4;0.7
76;2021-02-07;468;1645;42769;10055;3.4;0.8
76;2021-02-08;1924;3688;44693;13743;3.6;1.1
76;2021-02-09;1757;2927;46450;16670;3.7;1.3
76;2021-02-10;1489;1778;47939;18448;3.9;1.5
76;2021-02-11;1677;1486;49616;19934;4.0;1.6
76;2021-02-12;1707;1532;51323;21466;4.1;1.7
76;2021-02-13;230;331;51553;21797;4.1;1.8
76;2021-02-14;9;82;51562;21879;4.1;1.8
76;2021-02-15;554;1642;52116;23521;4.2;1.9
76;2021-02-16;741;1585;52857;25106;4.2;2.0
76;2021-02-17;625;1380;53482;26486;4.3;2.1
76;2021-02-18;780;1334;54262;27820;4.4;2.2
76;2021-02-19;869;1284;55131;29104;4.4;2.3
76;2021-02-20;270;274;55401;29378;4.5;2.4
76;2021-02-21;0;0;55401;29378;4.5;2.4
76;2021-02-22;371;1245;55772;30623;4.5;2.5
76;2021-02-23;575;1179;56347;31802;4.5;2.6
76;2021-02-24;599;1158;56946;32960;4.6;2.6
76;2021-02-25;1664;1200;58610;34160;4.7;2.7
76;2021-02-26;2171;1006;60781;35166;4.9;2.8
76;2021-02-27;1108;269;61889;35435;5.0;2.8
76;2021-02-28;27;196;61916;35631;5.0;2.9
76;2021-03-01;828;2043;62744;37674;5.0;3.0
76;2021-03-02;1381;1692;64125;39366;5.2;3.2
76;2021-03-03;1942;1380;66067;40746;5.3;3.3
76;2021-03-04;2819;1106;68886;41852;5.5;3.4
76;2021-03-05;4180;812;73066;42664;5.9;3.4
76;2021-03-06;3365;167;76431;42831;6.1;3.4
76;2021-03-07;1257;35;77688;42866;6.2;3.4
76;2021-03-08;2102;1254;79790;44120;6.4;3.5
76;2021-03-09;3575;1167;83365;45287;6.7;3.6
76;2021-03-10;3593;1068;86958;46355;7.0;3.7
76;2021-03-11;5633;938;92591;47293;7.4;3.8
76;2021-03-12;6828;604;99419;47897;8.0;3.9
76;2021-03-13;4647;149;104066;48046;8.4;3.9
76;2021-03-14;1068;28;105134;48074;8.5;3.9
76;2021-03-15;2918;233;108052;48307;8.7;3.9
76;2021-03-16;2557;401;110609;48708;8.9;3.9
76;2021-03-17;2697;313;113306;49021;9.1;3.9
76;2021-03-18;3002;310;116308;49331;9.4;4.0
76;2021-03-19;4396;432;120704;49763;9.7;4.0
76;2021-03-20;3974;294;124678;50057;10.0;4.0
76;2021-03-21;838;15;125516;50072;10.1;4.0
76;2021-03-22;3992;347;129508;50419;10.4;4.1
76;2021-03-23;5712;358;135220;50777;10.9;4.1
76;2021-03-24;5701;395;140921;51172;11.3;4.1
76;2021-03-25;7508;575;148429;51747;11.9;4.2
76;2021-03-26;8722;589;157151;52336;12.6;4.2
76;2021-03-27;4810;389;161961;52725;13.0;4.2
76;2021-03-28;1021;32;162982;52757;13.1;4.2
76;2021-03-29;5390;825;168372;53582;13.5;4.3
76;2021-03-30;6585;1057;174957;54639;14.1;4.4
76;2021-03-31;6448;1257;181405;55896;14.6;4.5
76;2021-04-01;6787;2035;188192;57931;15.1;4.7
76;2021-04-02;6487;2681;194679;60612;15.7;4.9
76;2021-04-03;2442;1080;197121;61692;15.8;5.0
76;2021-04-04;264;10;197385;61702;15.9;5.0
76;2021-04-05;868;379;198253;62081;15.9;5.0
76;2021-04-06;3558;2789;201811;64870;16.2;5.2
76;2021-04-07;4417;2404;206228;67274;16.6;5.4
76;2021-04-08;5841;2784;212069;70058;17.1;5.6
76;2021-04-09;8806;3070;220875;73128;17.8;5.9
76;2021-04-10;4877;1422;225752;74550;18.2;6.0
76;2021-04-11;814;531;226566;75081;18.2;6.0
76;2021-04-12;4726;2848;231292;77929;18.6;6.3
76;2021-04-13;5928;2865;237220;80794;19.1;6.5
76;2021-04-14;4804;3126;242024;83920;19.5;6.7
76;2021-04-15;5564;3362;247588;87282;19.9;7.0
76;2021-04-16;7353;3438;254941;90720;20.5;7.3
76;2021-04-17;4388;1432;259329;92152;20.8;7.4
76;2021-04-18;339;140;259668;92292;20.9;7.4
76;2021-04-19;3478;3776;263146;96068;21.2;7.7
76;2021-04-20;4343;4276;267489;100344;21.5;8.1
76;2021-04-21;4193;4692;271682;105036;21.8;8.4
76;2021-04-22;4562;5438;276244;110474;22.2;8.9
76;2021-04-23;5439;5964;281683;116438;22.6;9.4
76;2021-04-24;4165;2196;285848;118634;23.0;9.5
76;2021-04-25;893;268;286741;118902;23.1;9.6
76;2021-04-26;4483;4477;291224;123379;23.4;9.9
76;2021-04-27;4998;5005;296222;128384;23.8;10.3
76;2021-04-28;5348;4168;301570;132552;24.2;10.7
76;2021-04-29;6926;4161;308496;136713;24.8;11.0
76;2021-04-30;8219;4639;316715;141352;25.5;11.4
76;2021-05-01;4828;1014;321543;142366;25.9;11.4
76;2021-05-02;1843;264;323386;142630;26.0;11.5
76;2021-05-03;4703;3308;328089;145938;26.4;11.7
76;2021-05-04;4823;4554;332912;150492;26.8;12.1
76;2021-05-05;4784;5177;337696;155669;27.2;12.5
76;2021-05-06;5923;5586;343619;161255;27.6;13.0
76;2021-05-07;6137;6765;349756;168020;28.1;13.5
76;2021-05-08;5056;907;354812;168927;28.5;13.6
76;2021-05-09;2539;235;357351;169162;28.7;13.6
76;2021-05-10;4947;5068;362298;174230;29.1;14.0
76;2021-05-11;6518;5689;368816;179919;29.7;14.5
76;2021-05-12;6263;5084;375079;185003;30.2;14.9
76;2021-05-13;8846;1282;383925;186285;30.9;15.0
76;2021-05-14;10417;4665;394342;190950;31.7;15.4
76;2021-05-15;9120;2454;403462;193404;32.4;15.5
76;2021-05-16;6234;479;409696;193883;32.9;15.6
76;2021-05-17;7227;3282;416923;197165;33.5;15.9
76;2021-05-18;8304;2815;425227;199980;34.2;16.1
76;2021-05-19;8403;3200;433630;203180;34.9;16.3
76;2021-05-20;9649;3427;443279;206607;35.6;16.6
76;2021-05-21;8369;4095;451648;210702;36.3;16.9
76;2021-05-22;7165;2359;458813;213061;36.9;17.1
76;2021-05-23;6390;416;465203;213477;37.4;17.2
76;2021-05-24;6865;1531;472068;215008;38.0;17.3
76;2021-05-25;8025;4092;480093;219100;38.6;17.6
76;2021-05-26;7574;3611;487667;222711;39.2;17.9
76;2021-05-27;8346;4711;496013;227422;39.9;18.3
76;2021-05-28;8233;6566;504246;233988;40.5;18.8
76;2021-05-29;6223;3516;510469;237504;41.0;19.1
76;2021-05-30;3147;431;513616;237935;41.3;19.1
76;2021-05-31;8169;3971;521785;241906;42.0;19.4
76;2021-06-01;9212;5036;530997;246942;42.7;19.9
76;2021-06-02;7932;4446;538929;251388;43.3;20.2
76;2021-06-03;9540;5410;548469;256798;44.1;20.6
76;2021-06-04;9244;6692;557713;263490;44.8;21.2
76;2021-06-05;6289;3812;564002;267302;45.3;21.5
76;2021-06-06;2554;649;566556;267951;45.6;21.5
76;2021-06-07;6982;5452;573538;273403;46.1;22.0
76;2021-06-08;8656;6287;582194;279690;46.8;22.5
76;2021-06-09;7212;6083;589406;285773;47.4;23.0
76;2021-06-10;7995;6567;597401;292340;48.0;23.5
76;2021-06-11;7581;8238;604982;300578;48.6;24.2
76;2021-06-12;7167;5877;612149;306455;49.2;24.6
76;2021-06-13;2962;1296;615111;307751;49.5;24.7
76;2021-06-14;6490;6740;621601;314491;50.0;25.3
76;2021-06-15;6298;7476;627899;321967;50.5;25.9
76;2021-06-16;6655;7485;634554;329452;51.0;26.5
76;2021-06-17;7011;7760;641565;337212;51.6;27.1
76;2021-06-18;7689;9239;649254;346451;52.2;27.9
76;2021-06-19;5986;6264;655240;352715;52.7;28.4
76;2021-06-20;2811;1816;658051;354531;52.9;28.5
76;2021-06-21;5590;8176;663641;362707;53.4;29.2
76;2021-06-22;4926;9881;668567;372588;53.8;30.0
76;2021-06-23;4728;9435;673295;382023;54.1;30.7
76;2021-06-24;4798;9922;678093;391945;54.5;31.5
76;2021-06-25;5226;11579;683319;403524;54.9;32.4
76;2021-06-26;3454;7877;686773;411401;55.2;33.1
76;2021-06-27;1367;5164;688140;416565;55.3;33.5
76;2021-06-28;3614;9948;691754;426513;55.6;34.3
76;2021-06-29;3875;10232;695629;436745;55.9;35.1
76;2021-06-30;4271;9844;699900;446589;56.3;35.9
76;2021-07-01;4597;9912;704497;456501;56.6;36.7
76;2021-07-02;4370;12008;708867;468509;57.0;37.7
76;2021-07-03;3586;8452;712453;476961;57.3;38.3
76;2021-07-04;1487;5306;713940;482267;57.4;38.8
76;2021-07-05;3954;9333;717894;491600;57.7;39.5
76;2021-07-06;4055;10077;721949;501677;58.0;40.3
76;2021-07-07;4014;9330;725963;511007;58.4;41.1
76;2021-07-08;4466;9455;730429;520462;58.7;41.8
76;2021-07-09;4366;12410;734795;532872;59.1;42.8
76;2021-07-10;3138;8552;737933;541424;59.3;43.5
76;2021-07-11;1777;2820;739710;544244;59.5;43.8
76;2021-07-12;3156;11152;742866;555396;59.7;44.7
76;2021-07-13;4935;12258;747801;567654;60.1;45.6
76;2021-07-14;4804;5544;752605;573198;60.5;46.1
76;2021-07-15;5914;11792;758519;584990;61.0;47.0
76;2021-07-16;6722;12018;765241;597008;61.5;48.0
76;2021-07-17;5279;8706;770520;605714;61.9;48.7
76;2021-07-18;2258;3357;772778;609071;62.1;49.0
76;2021-07-19;5161;11153;777939;620224;62.5;49.9
76;2021-07-20;6278;11624;784217;631848;63.1;50.8
76;2021-07-21;6341;10567;790558;642415;63.6;51.6
76;2021-07-22;8241;9654;798799;652069;64.2;52.4
76;2021-07-23;7639;11999;806438;664068;64.8;53.4
76;2021-07-24;4993;7718;811431;671786;65.2;54.0
76;2021-07-25;2873;3142;814304;674928;65.5;54.3
76;2021-07-26;5440;10150;819744;685078;65.9;55.1
76;2021-07-27;8334;9557;828078;694635;66.6;55.8
76;2021-07-28;8250;7821;836328;702456;67.2;56.5
76;2021-07-29;9582;6979;845910;709435;68.0;57.0
76;2021-07-30;8013;7838;853923;717273;68.7;57.7
76;2021-07-31;6600;5326;860523;722599;69.2;58.1
76;2021-08-01;3863;2083;864386;724682;69.5;58.3
76;2021-08-02;6559;7096;870945;731778;70.0;58.8
76;2021-08-03;7973;6353;878918;738131;70.7;59.3
76;2021-08-04;7241;5847;886159;743978;71.2;59.8
76;2021-08-05;8080;5724;894239;749702;71.9;60.3
76;2021-08-06;6795;6868;901034;756570;72.4;60.8
76;2021-08-07;4785;4381;905819;760951;72.8;61.2
76;2021-08-08;2407;2158;908226;763109;73.0;61.4
76;2021-08-09;5631;6738;913857;769847;73.5;61.9
76;2021-08-10;6337;6555;920194;776402;74.0;62.4
76;2021-08-11;6448;5495;926642;781897;74.5;62.9
76;2021-08-12;6019;6063;932661;787960;75.0;63.4
76;2021-08-13;5030;6208;937691;794168;75.4;63.9
76;2021-08-14;3823;4600;941514;798768;75.7;64.2
76;2021-08-15;1573;2352;943087;801120;75.8;64.4
76;2021-08-16;3611;6723;946698;807843;76.1;65.0
76;2021-08-17;3890;6945;950588;814788;76.4;65.5
76;2021-08-18;3729;6741;954317;821529;76.7;66.1
76;2021-08-19;3360;7170;957677;828699;77.0;66.6
76;2021-08-20;3419;7826;961096;836525;77.3;67.3
76;2021-08-21;1814;4216;962910;840741;77.4;67.6
76;2021-08-22;865;3293;963775;844034;77.5;67.9
76;2021-08-23;2614;7755;966389;851789;77.7;68.5
76;2021-08-24;2813;7580;969202;859369;77.9;69.1
76;2021-08-25;2617;7072;971819;866441;78.1;69.7
76;2021-08-26;2067;5793;973886;872234;78.3;70.1
76;2021-08-27;2681;7943;976567;880177;78.5;70.8
76;2021-08-28;2131;6059;978698;886236;78.7;71.3
76;2021-08-29;693;3007;979391;889243;78.7;71.5
76;2021-08-30;2158;7431;981549;896674;78.9;72.1
76;2021-08-31;1936;7324;983485;903998;79.1;72.7
76;2021-09-01;1704;6879;985189;910877;79.2;73.2
76;2021-09-02;1298;4904;986487;915781;79.3;73.6
77;2020-12-27;1;0;1;0;0.0;0.0
77;2020-12-28;1;0;2;0;0.0;0.0
77;2020-12-29;0;0;2;0;0.0;0.0
77;2020-12-30;0;0;2;0;0.0;0.0
77;2020-12-31;0;0;2;0;0.0;0.0
77;2021-01-01;4;0;6;0;0.0;0.0
77;2021-01-02;0;0;6;0;0.0;0.0
77;2021-01-03;0;0;6;0;0.0;0.0
77;2021-01-04;7;0;13;0;0.0;0.0
77;2021-01-05;199;0;212;0;0.0;0.0
77;2021-01-06;235;2;447;2;0.0;0.0
77;2021-01-07;521;4;968;6;0.1;0.0
77;2021-01-08;621;0;1589;6;0.1;0.0
77;2021-01-09;273;1;1862;7;0.1;0.0
77;2021-01-10;235;2;2097;9;0.1;0.0
77;2021-01-11;784;3;2881;12;0.2;0.0
77;2021-01-12;884;1;3765;13;0.3;0.0
77;2021-01-13;941;2;4706;15;0.3;0.0
77;2021-01-14;848;7;5554;22;0.4;0.0
77;2021-01-15;859;11;6413;33;0.5;0.0
77;2021-01-16;168;1;6581;34;0.5;0.0
77;2021-01-17;132;2;6713;36;0.5;0.0
77;2021-01-18;1194;5;7907;41;0.6;0.0
77;2021-01-19;1722;22;9629;63;0.7;0.0
77;2021-01-20;2541;7;12170;70;0.9;0.0
77;2021-01-21;2054;26;14224;96;1.0;0.0
77;2021-01-22;1147;8;15371;104;1.1;0.0
77;2021-01-23;350;0;15721;104;1.1;0.0
77;2021-01-24;44;0;15765;104;1.1;0.0
77;2021-01-25;941;24;16706;128;1.2;0.0
77;2021-01-26;1712;24;18418;152;1.3;0.0
77;2021-01-27;1363;27;19781;179;1.4;0.0
77;2021-01-28;1698;92;21479;271;1.5;0.0
77;2021-01-29;1285;144;22764;415;1.6;0.0
77;2021-01-30;211;2;22975;417;1.6;0.0
77;2021-01-31;1;0;22976;417;1.6;0.0
77;2021-02-01;569;208;23545;625;1.7;0.0
77;2021-02-02;871;261;24416;886;1.7;0.1
77;2021-02-03;795;516;25211;1402;1.8;0.1
77;2021-02-04;789;799;26000;2201;1.8;0.2
77;2021-02-05;857;834;26857;3035;1.9;0.2
77;2021-02-06;165;101;27022;3136;1.9;0.2
77;2021-02-07;16;92;27038;3228;1.9;0.2
77;2021-02-08;496;911;27534;4139;1.9;0.3
77;2021-02-09;590;1429;28124;5568;2.0;0.4
77;2021-02-10;1029;1796;29153;7364;2.0;0.5
77;2021-02-11;1059;1625;30212;8989;2.1;0.6
77;2021-02-12;1098;1150;31310;10139;2.2;0.7
77;2021-02-13;187;173;31497;10312;2.2;0.7
77;2021-02-14;12;56;31509;10368;2.2;0.7
77;2021-02-15;555;963;32064;11331;2.3;0.8
77;2021-02-16;599;1459;32663;12790;2.3;0.9
77;2021-02-17;515;1126;33178;13916;2.3;1.0
77;2021-02-18;840;1553;34018;15469;2.4;1.1
77;2021-02-19;777;1102;34795;16571;2.4;1.2
77;2021-02-20;54;170;34849;16741;2.4;1.2
77;2021-02-21;7;31;34856;16772;2.4;1.2
77;2021-02-22;303;734;35159;17506;2.5;1.2
77;2021-02-23;360;1076;35519;18582;2.5;1.3
77;2021-02-24;513;845;36032;19427;2.5;1.4
77;2021-02-25;794;928;36826;20355;2.6;1.4
77;2021-02-26;841;802;37667;21157;2.6;1.5
77;2021-02-27;459;165;38126;21322;2.7;1.5
77;2021-02-28;33;5;38159;21327;2.7;1.5
77;2021-03-01;676;692;38835;22019;2.7;1.5
77;2021-03-02;1093;1008;39928;23027;2.8;1.6
77;2021-03-03;1957;1164;41885;24191;2.9;1.7
77;2021-03-04;2799;1131;44684;25322;3.1;1.8
77;2021-03-05;3380;1046;48064;26368;3.4;1.9
77;2021-03-06;4824;267;52888;26635;3.7;1.9
77;2021-03-07;3193;114;56081;26749;3.9;1.9
77;2021-03-08;1230;506;57311;27255;4.0;1.9
77;2021-03-09;2504;631;59815;27886;4.2;2.0
77;2021-03-10;2397;579;62212;28465;4.4;2.0
77;2021-03-11;3500;788;65712;29253;4.6;2.1
77;2021-03-12;3891;684;69603;29937;4.9;2.1
77;2021-03-13;4481;205;74084;30142;5.2;2.1
77;2021-03-14;2153;121;76237;30263;5.4;2.1
77;2021-03-15;2511;277;78748;30540;5.5;2.1
77;2021-03-16;2444;373;81192;30913;5.7;2.2
77;2021-03-17;2554;429;83746;31342;5.9;2.2
77;2021-03-18;3010;399;86756;31741;6.1;2.2
77;2021-03-19;3358;439;90114;32180;6.3;2.3
77;2021-03-20;1967;77;92081;32257;6.5;2.3
77;2021-03-21;243;14;92324;32271;6.5;2.3
77;2021-03-22;3021;406;95345;32677;6.7;2.3
77;2021-03-23;4520;531;99865;33208;7.0;2.3
77;2021-03-24;4154;619;104019;33827;7.3;2.4
77;2021-03-25;5908;406;109927;34233;7.7;2.4
77;2021-03-26;6269;450;116196;34683;8.2;2.4
77;2021-03-27;3321;122;119517;34805;8.4;2.4
77;2021-03-28;1730;47;121247;34852;8.5;2.4
77;2021-03-29;2655;688;123902;35540;8.7;2.5
77;2021-03-30;3995;1191;127897;36731;9.0;2.6
77;2021-03-31;3753;1222;131650;37953;9.2;2.7
77;2021-04-01;4143;1820;135793;39773;9.5;2.8
77;2021-04-02;3992;2012;139785;41785;9.8;2.9
77;2021-04-03;1746;2279;141531;44064;9.9;3.1
77;2021-04-04;423;1427;141954;45491;10.0;3.2
77;2021-04-05;162;164;142116;45655;10.0;3.2
77;2021-04-06;2720;1926;144836;47581;10.2;3.3
77;2021-04-07;3319;2085;148155;49666;10.4;3.5
77;2021-04-08;4534;2362;152689;52028;10.7;3.7
77;2021-04-09;4851;2089;157540;54117;11.1;3.8
77;2021-04-10;3074;2752;160614;56869;11.3;4.0
77;2021-04-11;586;717;161200;57586;11.3;4.0
77;2021-04-12;2230;1826;163430;59412;11.5;4.2
77;2021-04-13;3357;2637;166787;62049;11.7;4.4
77;2021-04-14;2521;2648;169308;64697;11.9;4.5
77;2021-04-15;3323;3119;172631;67816;12.1;4.8
77;2021-04-16;3575;2723;176206;70539;12.4;5.0
77;2021-04-17;1386;475;177592;71014;12.5;5.0
77;2021-04-18;150;11;177742;71025;12.5;5.0
77;2021-04-19;2085;2508;179827;73533;12.6;5.2
77;2021-04-20;2573;3381;182400;76914;12.8;5.4
77;2021-04-21;2195;3476;184595;80390;13.0;5.6
77;2021-04-22;3003;3856;187598;84246;13.2;5.9
77;2021-04-23;3532;3641;191130;87887;13.4;6.2
77;2021-04-24;4901;2512;196031;90399;13.8;6.3
77;2021-04-25;4080;1239;200111;91638;14.1;6.4
77;2021-04-26;3226;2043;203337;93681;14.3;6.6
77;2021-04-27;3996;2513;207333;96194;14.6;6.8
77;2021-04-28;4069;2616;211402;98810;14.8;6.9
77;2021-04-29;4483;3082;215885;101892;15.2;7.2
77;2021-04-30;4910;3335;220795;105227;15.5;7.4
77;2021-05-01;2465;594;223260;105821;15.7;7.4
77;2021-05-02;3142;275;226402;106096;15.9;7.5
77;2021-05-03;5990;2070;232392;108166;16.3;7.6
77;2021-05-04;6441;2991;238833;111157;16.8;7.8
77;2021-05-05;6019;3026;244852;114183;17.2;8.0
77;2021-05-06;6888;3597;251740;117780;17.7;8.3
77;2021-05-07;8205;3263;259945;121043;18.3;8.5
77;2021-05-08;5714;810;265659;121853;18.7;8.6
77;2021-05-09;4908;484;270567;122337;19.0;8.6
77;2021-05-10;8090;2328;278657;124665;19.6;8.8
77;2021-05-11;9581;2918;288238;127583;20.2;9.0
77;2021-05-12;8980;2283;297218;129866;20.9;9.1
77;2021-05-13;9305;883;306523;130749;21.5;9.2
77;2021-05-14;10435;1668;316958;132417;22.3;9.3
77;2021-05-15;8993;1249;325951;133666;22.9;9.4
77;2021-05-16;5152;469;331103;134135;23.3;9.4
77;2021-05-17;10375;1478;341478;135613;24.0;9.5
77;2021-05-18;11784;1808;353262;137421;24.8;9.7
77;2021-05-19;10915;1605;364177;139026;25.6;9.8
77;2021-05-20;12212;2158;376389;141184;26.4;9.9
77;2021-05-21;11655;2699;388044;143883;27.3;10.1
77;2021-05-22;9821;1739;397865;145622;27.9;10.2
77;2021-05-23;6987;811;404852;146433;28.4;10.3
77;2021-05-24;6764;779;411616;147212;28.9;10.3
77;2021-05-25;8316;2815;419932;150027;29.5;10.5
77;2021-05-26;7564;2982;427496;153009;30.0;10.7
77;2021-05-27;7552;3966;435048;156975;30.6;11.0
77;2021-05-28;7637;4010;442685;160985;31.1;11.3
77;2021-05-29;7356;2332;450041;163317;31.6;11.5
77;2021-05-30;4361;893;454402;164210;31.9;11.5
77;2021-05-31;8383;3834;462785;168044;32.5;11.8
77;2021-06-01;9646;4380;472431;172424;33.2;12.1
77;2021-06-02;9004;3923;481435;176347;33.8;12.4
77;2021-06-03;9004;5276;490439;181623;34.5;12.8
77;2021-06-04;9119;5487;499558;187110;35.1;13.1
77;2021-06-05;6662;4988;506220;192098;35.6;13.5
77;2021-06-06;4910;3210;511130;195308;35.9;13.7
77;2021-06-07;6420;4542;517550;199850;36.4;14.0
77;2021-06-08;5726;5228;523276;205078;36.8;14.4
77;2021-06-09;5057;4959;528333;210037;37.1;14.8
77;2021-06-10;5015;5464;533348;215501;37.5;15.1
77;2021-06-11;5757;6035;539105;221536;37.9;15.6
77;2021-06-12;6545;4752;545650;226288;38.3;15.9
77;2021-06-13;3508;3051;549158;229339;38.6;16.1
77;2021-06-14;3219;7931;552377;237270;38.8;16.7
77;2021-06-15;4125;8481;556502;245751;39.1;17.3
77;2021-06-16;4808;8379;561310;254130;39.4;17.9
77;2021-06-17;4473;9028;565783;263158;39.7;18.5
77;2021-06-18;4366;9788;570149;272946;40.0;19.2
77;2021-06-19;5307;6930;575456;279876;40.4;19.7
77;2021-06-20;2096;3799;577552;283675;40.6;19.9
77;2021-06-21;3227;9581;580779;293256;40.8;20.6
77;2021-06-22;3668;11372;584447;304628;41.1;21.4
77;2021-06-23;3441;10054;587888;314682;41.3;22.1
77;2021-06-24;3362;10916;591250;325598;41.5;22.9
77;2021-06-25;3624;10805;594874;336403;41.8;23.6
77;2021-06-26;4089;10071;598963;346474;42.1;24.3
77;2021-06-27;2124;6428;601087;352902;42.2;24.8
77;2021-06-28;2799;10831;603886;363733;42.4;25.6
77;2021-06-29;3420;12530;607306;376263;42.7;26.4
77;2021-06-30;3289;11451;610595;387714;42.9;27.2
77;2021-07-01;3290;11658;613885;399372;43.1;28.1
77;2021-07-02;3464;12256;617349;411628;43.4;28.9
77;2021-07-03;3184;10799;620533;422427;43.6;29.7
77;2021-07-04;1995;6492;622528;428919;43.7;30.1
77;2021-07-05;3590;9546;626118;438465;44.0;30.8
77;2021-07-06;3739;9531;629857;447996;44.2;31.5
77;2021-07-07;4059;8957;633916;456953;44.5;32.1
77;2021-07-08;3925;8760;637841;465713;44.8;32.7
77;2021-07-09;4705;10341;642546;476054;45.1;33.4
77;2021-07-10;4047;9843;646593;485897;45.4;34.1
77;2021-07-11;3090;5093;649683;490990;45.6;34.5
77;2021-07-12;3286;10864;652969;501854;45.9;35.3
77;2021-07-13;6120;12033;659089;513887;46.3;36.1
77;2021-07-14;3553;6440;662642;520327;46.5;36.5
77;2021-07-15;7173;11971;669815;532298;47.1;37.4
77;2021-07-16;7829;9897;677644;542195;47.6;38.1
77;2021-07-17;5794;9461;683438;551656;48.0;38.8
77;2021-07-18;4140;5329;687578;556985;48.3;39.1
77;2021-07-19;7515;8942;695093;565927;48.8;39.8
77;2021-07-20;9601;8037;704694;573964;49.5;40.3
77;2021-07-21;9520;7480;714214;581444;50.2;40.8
77;2021-07-22;10560;7548;724774;588992;50.9;41.4
77;2021-07-23;9867;8195;734641;597187;51.6;41.9
77;2021-07-24;7209;7868;741850;605055;52.1;42.5
77;2021-07-25;5892;4030;747742;609085;52.5;42.8
77;2021-07-26;9210;5972;756952;615057;53.2;43.2
77;2021-07-27;10933;6041;767885;621098;53.9;43.6
77;2021-07-28;9468;6420;777353;627518;54.6;44.1
77;2021-07-29;9539;5507;786892;633025;55.3;44.5
77;2021-07-30;9728;6355;796620;639380;56.0;44.9
77;2021-07-31;7265;6628;803885;646008;56.5;45.4
77;2021-08-01;2954;1215;806839;647223;56.7;45.5
77;2021-08-02;7112;5732;813951;652955;57.2;45.9
77;2021-08-03;5819;4516;819770;657471;57.6;46.2
77;2021-08-04;4711;4387;824481;661858;57.9;46.5
77;2021-08-05;3242;2972;827723;664830;58.1;46.7
77;2021-08-06;5874;5261;833597;670091;58.6;47.1
77;2021-08-07;5282;6796;838879;676887;58.9;47.5
77;2021-08-08;1968;1863;840847;678750;59.1;47.7
77;2021-08-09;5054;6585;845901;685335;59.4;48.1
77;2021-08-10;2671;3580;848572;688915;59.6;48.4
77;2021-08-11;3100;6185;851672;695100;59.8;48.8
77;2021-08-12;2242;3567;853914;698667;60.0;49.1
77;2021-08-13;2691;4894;856605;703561;60.2;49.4
77;2021-08-14;2910;7331;859515;710892;60.4;49.9
77;2021-08-15;786;773;860301;711665;60.4;50.0
77;2021-08-16;2360;6982;862661;718647;60.6;50.5
77;2021-08-17;2866;7202;865527;725849;60.8;51.0
77;2021-08-18;2658;6555;868185;732404;61.0;51.4
77;2021-08-19;2620;5103;870805;737507;61.2;51.8
77;2021-08-20;2659;5688;873464;743195;61.4;52.2
77;2021-08-21;2709;7325;876173;750520;61.5;52.7
77;2021-08-22;1729;5336;877902;755856;61.7;53.1
77;2021-08-23;2424;9615;880326;765471;61.8;53.8
77;2021-08-24;3043;9232;883369;774703;62.1;54.4
77;2021-08-25;2535;6526;885904;781229;62.2;54.9
77;2021-08-26;2544;6243;888448;787472;62.4;55.3
77;2021-08-27;2709;6985;891157;794457;62.6;55.8
77;2021-08-28;1957;7242;893114;801699;62.7;56.3
77;2021-08-29;1480;5144;894594;806843;62.8;56.7
77;2021-08-30;2511;8143;897105;814986;63.0;57.2
77;2021-08-31;2819;5717;899924;820703;63.2;57.6
77;2021-09-01;2197;3824;902121;824527;63.4;57.9
77;2021-09-02;1533;3104;903654;827631;63.5;58.1
78;2020-12-27;2;0;2;0;0.0;0.0
78;2020-12-28;0;0;2;0;0.0;0.0
78;2020-12-29;0;0;2;0;0.0;0.0
78;2020-12-30;0;0;2;0;0.0;0.0
78;2020-12-31;15;0;17;0;0.0;0.0
78;2021-01-01;1;0;18;0;0.0;0.0
78;2021-01-02;1;0;19;0;0.0;0.0
78;2021-01-03;2;0;21;0;0.0;0.0
78;2021-01-04;145;3;166;3;0.0;0.0
78;2021-01-05;175;1;341;4;0.0;0.0
78;2021-01-06;208;4;549;8;0.0;0.0
78;2021-01-07;469;2;1018;10;0.1;0.0
78;2021-01-08;651;3;1669;13;0.1;0.0
78;2021-01-09;22;0;1691;13;0.1;0.0
78;2021-01-10;2;0;1693;13;0.1;0.0
78;2021-01-11;792;3;2485;16;0.2;0.0
78;2021-01-12;945;5;3430;21;0.2;0.0
78;2021-01-13;740;8;4170;29;0.3;0.0
78;2021-01-14;811;9;4981;38;0.3;0.0
78;2021-01-15;847;10;5828;48;0.4;0.0
78;2021-01-16;32;1;5860;49;0.4;0.0
78;2021-01-17;0;0;5860;49;0.4;0.0
78;2021-01-18;1382;21;7242;70;0.5;0.0
78;2021-01-19;1841;27;9083;97;0.6;0.0
78;2021-01-20;1658;15;10741;112;0.7;0.0
78;2021-01-21;3253;16;13994;128;1.0;0.0
78;2021-01-22;2217;17;16211;145;1.1;0.0
78;2021-01-23;279;0;16490;145;1.1;0.0
78;2021-01-24;5;0;16495;145;1.1;0.0
78;2021-01-25;959;30;17454;175;1.2;0.0
78;2021-01-26;1560;19;19014;194;1.3;0.0
78;2021-01-27;2061;47;21075;241;1.5;0.0
78;2021-01-28;2436;106;23511;347;1.6;0.0
78;2021-01-29;1490;60;25001;407;1.7;0.0
78;2021-01-30;210;3;25211;410;1.7;0.0
78;2021-01-31;3;0;25214;410;1.7;0.0
78;2021-02-01;786;221;26000;631;1.8;0.0
78;2021-02-02;968;338;26968;969;1.9;0.1
78;2021-02-03;975;236;27943;1205;1.9;0.1
78;2021-02-04;1117;437;29060;1642;2.0;0.1
78;2021-02-05;1190;488;30250;2130;2.1;0.1
78;2021-02-06;198;44;30448;2174;2.1;0.2
78;2021-02-07;139;14;30587;2188;2.1;0.2
78;2021-02-08;760;586;31347;2774;2.2;0.2
78;2021-02-09;1122;925;32469;3699;2.2;0.3
78;2021-02-10;1248;1168;33717;4867;2.3;0.3
78;2021-02-11;1820;1867;35537;6734;2.5;0.5
78;2021-02-12;1820;1358;37357;8092;2.6;0.6
78;2021-02-13;173;75;37530;8167;2.6;0.6
78;2021-02-14;26;25;37556;8192;2.6;0.6
78;2021-02-15;447;1366;38003;9558;2.6;0.7
78;2021-02-16;629;1499;38632;11057;2.7;0.8
78;2021-02-17;587;2153;39219;13210;2.7;0.9
78;2021-02-18;997;2227;40216;15437;2.8;1.1
78;2021-02-19;820;1687;41036;17124;2.8;1.2
78;2021-02-20;148;118;41184;17242;2.8;1.2
78;2021-02-21;0;12;41184;17254;2.8;1.2
78;2021-02-22;501;1004;41685;18258;2.9;1.3
78;2021-02-23;540;1078;42225;19336;2.9;1.3
78;2021-02-24;619;1200;42844;20536;3.0;1.4
78;2021-02-25;866;1122;43710;21658;3.0;1.5
78;2021-02-26;1132;1211;44842;22869;3.1;1.6
78;2021-02-27;740;144;45582;23013;3.1;1.6
78;2021-02-28;68;18;45650;23031;3.2;1.6
78;2021-03-01;965;876;46615;23907;3.2;1.7
78;2021-03-02;1727;1045;48342;24952;3.3;1.7
78;2021-03-03;1964;1224;50306;26176;3.5;1.8
78;2021-03-04;2949;1580;53255;27756;3.7;1.9
78;2021-03-05;3255;1657;56510;29413;3.9;2.0
78;2021-03-06;6243;298;62753;29711;4.3;2.1
78;2021-03-07;3444;102;66197;29813;4.6;2.1
78;2021-03-08;1458;757;67655;30570;4.7;2.1
78;2021-03-09;2942;907;70597;31477;4.9;2.2
78;2021-03-10;3075;1112;73672;32589;5.1;2.2
78;2021-03-11;4176;1312;77848;33901;5.4;2.3
78;2021-03-12;5371;1346;83219;35247;5.7;2.4
78;2021-03-13;4657;198;87876;35445;6.1;2.4
78;2021-03-14;1036;41;88912;35486;6.1;2.4
78;2021-03-15;3621;267;92533;35753;6.4;2.5
78;2021-03-16;2566;567;95099;36320;6.6;2.5
78;2021-03-17;2968;438;98067;36758;6.8;2.5
78;2021-03-18;3780;450;101847;37208;7.0;2.6
78;2021-03-19;5319;488;107166;37696;7.4;2.6
78;2021-03-20;2258;127;109424;37823;7.6;2.6
78;2021-03-21;165;7;109589;37830;7.6;2.6
78;2021-03-22;3532;380;113121;38210;7.8;2.6
78;2021-03-23;5231;542;118352;38752;8.2;2.7
78;2021-03-24;4892;555;123244;39307;8.5;2.7
78;2021-03-25;6941;565;130185;39872;9.0;2.8
78;2021-03-26;6941;716;137126;40588;9.5;2.8
78;2021-03-27;3745;194;140871;40782;9.7;2.8
78;2021-03-28;1919;52;142790;40834;9.9;2.8
78;2021-03-29;3865;762;146655;41596;10.1;2.9
78;2021-03-30;5525;1060;152180;42656;10.5;2.9
78;2021-03-31;5331;1291;157511;43947;10.9;3.0
78;2021-04-01;5595;2354;163106;46301;11.3;3.2
78;2021-04-02;5194;2627;168300;48928;11.6;3.4
78;2021-04-03;2198;2564;170498;51492;11.8;3.6
78;2021-04-04;173;14;170671;51506;11.8;3.6
78;2021-04-05;199;19;170870;51525;11.8;3.6
78;2021-04-06;3618;2306;174488;53831;12.0;3.7
78;2021-04-07;4357;2586;178845;56417;12.3;3.9
78;2021-04-08;5525;2676;184370;59093;12.7;4.1
78;2021-04-09;6909;2452;191279;61545;13.2;4.2
78;2021-04-10;3994;1901;195273;63446;13.5;4.4
78;2021-04-11;374;607;195647;64053;13.5;4.4
78;2021-04-12;3532;2366;199179;66419;13.7;4.6
78;2021-04-13;5459;2497;204638;68916;14.1;4.8
78;2021-04-14;4956;3394;209594;72310;14.5;5.0
78;2021-04-15;4616;3849;214210;76159;14.8;5.3
78;2021-04-16;5625;4020;219835;80179;15.2;5.5
78;2021-04-17;3615;716;223450;80895;15.4;5.6
78;2021-04-18;272;42;223722;80937;15.4;5.6
78;2021-04-19;3244;2813;226966;83750;15.7;5.8
78;2021-04-20;4709;3684;231675;87434;16.0;6.0
78;2021-04-21;4534;3508;236209;90942;16.3;6.3
78;2021-04-22;4565;4692;240774;95634;16.6;6.6
78;2021-04-23;5060;4433;245834;100067;17.0;6.9
78;2021-04-24;4865;2622;250699;102689;17.3;7.1
78;2021-04-25;3047;1731;253746;104420;17.5;7.2
78;2021-04-26;4769;3320;258515;107740;17.8;7.4
78;2021-04-27;5471;4310;263986;112050;18.2;7.7
78;2021-04-28;5651;4786;269637;116836;18.6;8.1
78;2021-04-29;6261;4067;275898;120903;19.0;8.3
78;2021-04-30;7208;4463;283106;125366;19.5;8.7
78;2021-05-01;612;255;283718;125621;19.6;8.7
78;2021-05-02;2008;166;285726;125787;19.7;8.7
78;2021-05-03;7461;1276;293187;127063;20.2;8.8
78;2021-05-04;6077;3978;299264;131041;20.7;9.0
78;2021-05-05;7299;4555;306563;135596;21.2;9.4
78;2021-05-06;6481;5177;313044;140773;21.6;9.7
78;2021-05-07;8313;5142;321357;145915;22.2;10.1
78;2021-05-08;2917;1450;324274;147365;22.4;10.2
78;2021-05-09;2819;354;327093;147719;22.6;10.2
78;2021-05-10;7343;4451;334436;152170;23.1;10.5
78;2021-05-11;8142;5419;342578;157589;23.6;10.9
78;2021-05-12;8733;3920;351311;161509;24.3;11.1
78;2021-05-13;6630;600;357941;162109;24.7;11.2
78;2021-05-14;10217;2216;368158;164325;25.4;11.3
78;2021-05-15;4934;2363;373092;166688;25.8;11.5
78;2021-05-16;3697;792;376789;167480;26.0;11.6
78;2021-05-17;8744;1349;385533;168829;26.6;11.7
78;2021-05-18;9887;1889;395420;170718;27.3;11.8
78;2021-05-19;11651;1711;407071;172429;28.1;11.9
78;2021-05-20;11596;2266;418667;174695;28.9;12.1
78;2021-05-21;12131;2637;430798;177332;29.7;12.2
78;2021-05-22;6547;1369;437345;178701;30.2;12.3
78;2021-05-23;3127;390;440472;179091;30.4;12.4
78;2021-05-24;3523;416;443995;179507;30.6;12.4
78;2021-05-25;9988;2505;453983;182012;31.3;12.6
78;2021-05-26;10166;3779;464149;185791;32.0;12.8
78;2021-05-27;10959;4646;475108;190437;32.8;13.1
78;2021-05-28;11414;6034;486522;196471;33.6;13.6
78;2021-05-29;4228;3385;490750;199856;33.9;13.8
78;2021-05-30;136;347;490886;200203;33.9;13.8
78;2021-05-31;7971;5363;498857;205566;34.4;14.2
78;2021-06-01;10031;6526;508888;212092;35.1;14.6
78;2021-06-02;8586;6211;517474;218303;35.7;15.1
78;2021-06-03;9898;6478;527372;224781;36.4;15.5
78;2021-06-04;9795;8147;537167;232928;37.1;16.1
78;2021-06-05;5520;6138;542687;239066;37.5;16.5
78;2021-06-06;2150;2010;544837;241076;37.6;16.6
78;2021-06-07;8123;6521;552960;247597;38.2;17.1
78;2021-06-08;8065;7321;561025;254918;38.7;17.6
78;2021-06-09;7325;6731;568350;261649;39.2;18.1
78;2021-06-10;7111;7105;575461;268754;39.7;18.6
78;2021-06-11;7583;8184;583044;276938;40.2;19.1
78;2021-06-12;6375;2919;589419;279857;40.7;19.3
78;2021-06-13;946;2458;590365;282315;40.8;19.5
78;2021-06-14;3415;9810;593780;292125;41.0;20.2
78;2021-06-15;5803;8292;599583;300417;41.4;20.7
78;2021-06-16;5432;8629;605015;309046;41.8;21.3
78;2021-06-17;5486;8539;610501;317585;42.1;21.9
78;2021-06-18;6167;9797;616668;327382;42.6;22.6
78;2021-06-19;5221;4819;621889;332201;42.9;22.9
78;2021-06-20;624;2838;622513;335039;43.0;23.1
78;2021-06-21;4099;9470;626612;344509;43.3;23.8
78;2021-06-22;3349;10318;629961;354827;43.5;24.5
78;2021-06-23;3839;10394;633800;365221;43.8;25.2
78;2021-06-24;3800;9978;637600;375199;44.0;25.9
78;2021-06-25;4002;13150;641602;388349;44.3;26.8
78;2021-06-26;4211;7956;645813;396305;44.6;27.4
78;2021-06-27;1040;2541;646853;398846;44.7;27.5
78;2021-06-28;3294;10903;650147;409749;44.9;28.3
78;2021-06-29;3539;11252;653686;421001;45.1;29.1
78;2021-06-30;4113;13225;657799;434226;45.4;30.0
78;2021-07-01;4106;12698;661905;446924;45.7;30.9
78;2021-07-02;4260;13938;666165;460862;46.0;31.8
78;2021-07-03;3160;8624;669325;469486;46.2;32.4
78;2021-07-04;777;1743;670102;471229;46.3;32.5
78;2021-07-05;3384;9694;673486;480923;46.5;33.2
78;2021-07-06;3526;12043;677012;492966;46.7;34.0
78;2021-07-07;3762;11605;680774;504571;47.0;34.8
78;2021-07-08;3867;11679;684641;516250;47.3;35.6
78;2021-07-09;4776;12744;689417;528994;47.6;36.5
78;2021-07-10;2626;6610;692043;535604;47.8;37.0
78;2021-07-11;748;2047;692791;537651;47.8;37.1
78;2021-07-12;2999;11744;695790;549395;48.0;37.9
78;2021-07-13;5345;11976;701135;561371;48.4;38.8
78;2021-07-14;2533;4990;703668;566361;48.6;39.1
78;2021-07-15;5668;11956;709336;578317;49.0;39.9
78;2021-07-16;7263;10782;716599;589099;49.5;40.7
78;2021-07-17;4725;4894;721324;593993;49.8;41.0
78;2021-07-18;1123;470;722447;594463;49.9;41.0
78;2021-07-19;3840;10345;726287;604808;50.1;41.8
78;2021-07-20;5612;9919;731899;614727;50.5;42.4
78;2021-07-21;5903;9860;737802;624587;50.9;43.1
78;2021-07-22;5949;9290;743751;633877;51.3;43.8
78;2021-07-23;6227;9224;749978;643101;51.8;44.4
78;2021-07-24;2938;4970;752916;648071;52.0;44.7
78;2021-07-25;987;374;753903;648445;52.0;44.8
78;2021-07-26;4859;6987;758762;655432;52.4;45.2
78;2021-07-27;7592;6909;766354;662341;52.9;45.7
78;2021-07-28;6943;5927;773297;668268;53.4;46.1
78;2021-07-29;7906;5996;781203;674264;53.9;46.5
78;2021-07-30;7735;7041;788938;681305;54.5;47.0
78;2021-07-31;2647;2731;791585;684036;54.6;47.2
78;2021-08-01;107;72;791692;684108;54.7;47.2
78;2021-08-02;2384;2120;794076;686228;54.8;47.4
78;2021-08-03;4230;4247;798306;690475;55.1;47.7
78;2021-08-04;4361;2808;802667;693283;55.4;47.9
78;2021-08-05;3861;3164;806528;696447;55.7;48.1
78;2021-08-06;3863;3717;810391;700164;55.9;48.3
78;2021-08-07;2813;3437;813204;703601;56.1;48.6
78;2021-08-08;477;343;813681;703944;56.2;48.6
78;2021-08-09;1864;1655;815545;705599;56.3;48.7
78;2021-08-10;3386;3976;818931;709575;56.5;49.0
78;2021-08-11;2965;3380;821896;712955;56.7;49.2
78;2021-08-12;2722;3539;824618;716494;56.9;49.5
78;2021-08-13;2839;3179;827457;719673;57.1;49.7
78;2021-08-14;2292;3084;829749;722757;57.3;49.9
78;2021-08-15;273;376;830022;723133;57.3;49.9
78;2021-08-16;901;2339;830923;725472;57.4;50.1
78;2021-08-17;2770;4419;833693;729891;57.6;50.4
78;2021-08-18;2453;3817;836146;733708;57.7;50.6
78;2021-08-19;2226;3578;838372;737286;57.9;50.9
78;2021-08-20;2083;3999;840455;741285;58.0;51.2
78;2021-08-21;1884;3575;842339;744860;58.1;51.4
78;2021-08-22;85;147;842424;745007;58.2;51.4
78;2021-08-23;2141;4240;844565;749247;58.3;51.7
78;2021-08-24;3619;6968;848184;756215;58.6;52.2
78;2021-08-25;3273;6577;851457;762792;58.8;52.7
78;2021-08-26;2968;7223;854425;770015;59.0;53.2
78;2021-08-27;2839;7350;857264;777365;59.2;53.7
78;2021-08-28;2417;5261;859681;782626;59.3;54.0
78;2021-08-29;369;349;860050;782975;59.4;54.0
78;2021-08-30;2857;5059;862907;788034;59.6;54.4
78;2021-08-31;3440;5801;866347;793835;59.8;54.8
78;2021-09-01;2703;5252;869050;799087;60.0;55.2
78;2021-09-02;2073;4380;871123;803467;60.1;55.5
79;2020-12-27;0;0;0;0;0.0;0.0
79;2020-12-28;3;0;3;0;0.0;0.0
79;2020-12-29;0;0;3;0;0.0;0.0
79;2020-12-30;0;0;3;0;0.0;0.0
79;2020-12-31;0;0;3;0;0.0;0.0
79;2021-01-01;0;0;3;0;0.0;0.0
79;2021-01-02;0;0;3;0;0.0;0.0
79;2021-01-03;0;0;3;0;0.0;0.0
79;2021-01-04;1;0;4;0;0.0;0.0
79;2021-01-05;0;0;4;0;0.0;0.0
79;2021-01-06;0;0;4;0;0.0;0.0
79;2021-01-07;158;0;162;0;0.0;0.0
79;2021-01-08;165;0;327;0;0.1;0.0
79;2021-01-09;99;0;426;0;0.1;0.0
79;2021-01-10;3;0;429;0;0.1;0.0
79;2021-01-11;184;1;613;1;0.2;0.0
79;2021-01-12;245;1;858;2;0.2;0.0
79;2021-01-13;258;0;1116;2;0.3;0.0
79;2021-01-14;505;8;1621;10;0.4;0.0
79;2021-01-15;616;5;2237;15;0.6;0.0
79;2021-01-16;66;0;2303;15;0.6;0.0
79;2021-01-17;0;0;2303;15;0.6;0.0
79;2021-01-18;477;2;2780;17;0.7;0.0
79;2021-01-19;1361;1;4141;18;1.1;0.0
79;2021-01-20;1677;1;5818;19;1.6;0.0
79;2021-01-21;1998;7;7816;26;2.1;0.0
79;2021-01-22;874;4;8690;30;2.3;0.0
79;2021-01-23;65;0;8755;30;2.3;0.0
79;2021-01-24;0;0;8755;30;2.3;0.0
79;2021-01-25;645;7;9400;37;2.5;0.0
79;2021-01-26;592;13;9992;50;2.7;0.0
79;2021-01-27;740;83;10732;133;2.9;0.0
79;2021-01-28;733;150;11465;283;3.1;0.1
79;2021-01-29;492;87;11957;370;3.2;0.1
79;2021-01-30;0;0;11957;370;3.2;0.1
79;2021-01-31;0;0;11957;370;3.2;0.1
79;2021-02-01;207;108;12164;478;3.3;0.1
79;2021-02-02;334;73;12498;551;3.4;0.1
79;2021-02-03;390;60;12888;611;3.5;0.2
79;2021-02-04;324;109;13212;720;3.5;0.2
79;2021-02-05;360;275;13572;995;3.6;0.3
79;2021-02-06;3;0;13575;995;3.6;0.3
79;2021-02-07;22;0;13597;995;3.6;0.3
79;2021-02-08;283;167;13880;1162;3.7;0.3
79;2021-02-09;457;781;14337;1943;3.8;0.5
79;2021-02-10;619;1192;14956;3135;4.0;0.8
79;2021-02-11;777;1229;15733;4364;4.2;1.2
79;2021-02-12;467;759;16200;5123;4.3;1.4
79;2021-02-13;53;73;16253;5196;4.4;1.4
79;2021-02-14;0;0;16253;5196;4.4;1.4
79;2021-02-15;186;496;16439;5692;4.4;1.5
79;2021-02-16;333;724;16772;6416;4.5;1.7
79;2021-02-17;249;863;17021;7279;4.6;2.0
79;2021-02-18;353;931;17374;8210;4.7;2.2
79;2021-02-19;267;554;17641;8764;4.7;2.4
79;2021-02-20;4;22;17645;8786;4.7;2.4
79;2021-02-21;1;0;17646;8786;4.7;2.4
79;2021-02-22;136;445;17782;9231;4.8;2.5
79;2021-02-23;248;547;18030;9778;4.8;2.6
79;2021-02-24;245;523;18275;10301;4.9;2.8
79;2021-02-25;517;462;18792;10763;5.0;2.9
79;2021-02-26;599;393;19391;11156;5.2;3.0
79;2021-02-27;407;5;19798;11161;5.3;3.0
79;2021-02-28;35;0;19833;11161;5.3;3.0
79;2021-03-01;89;355;19922;11516;5.3;3.1
79;2021-03-02;302;501;20224;12017;5.4;3.2
79;2021-03-03;661;539;20885;12556;5.6;3.4
79;2021-03-04;904;565;21789;13121;5.8;3.5
79;2021-03-05;1217;446;23006;13567;6.2;3.6
79;2021-03-06;611;6;23617;13573;6.3;3.6
79;2021-03-07;77;1;23694;13574;6.4;3.6
79;2021-03-08;344;308;24038;13882;6.5;3.7
79;2021-03-09;841;341;24879;14223;6.7;3.8
79;2021-03-10;1146;406;26025;14629;7.0;3.9
79;2021-03-11;1640;324;27665;14953;7.4;4.0
79;2021-03-12;1721;119;29386;15072;7.9;4.0
79;2021-03-13;1136;12;30522;15084;8.2;4.0
79;2021-03-14;50;0;30572;15084;8.2;4.0
79;2021-03-15;497;158;31069;15242;8.3;4.1
79;2021-03-16;735;146;31804;15388;8.5;4.1
79;2021-03-17;578;107;32382;15495;8.7;4.2
79;2021-03-18;553;202;32935;15697;8.8;4.2
79;2021-03-19;662;258;33597;15955;9.0;4.3
79;2021-03-20;1007;14;34604;15969;9.3;4.3
79;2021-03-21;3;0;34607;15969;9.3;4.3
79;2021-03-22;957;207;35564;16176;9.5;4.3
79;2021-03-23;1594;170;37158;16346;10.0;4.4
79;2021-03-24;1832;162;38990;16508;10.5;4.4
79;2021-03-25;2499;189;41489;16697;11.1;4.5
79;2021-03-26;2406;137;43895;16834;11.8;4.5
79;2021-03-27;769;18;44664;16852;12.0;4.5
79;2021-03-28;1;0;44665;16852;12.0;4.5
79;2021-03-29;2148;114;46813;16966;12.6;4.6
79;2021-03-30;2816;63;49629;17029;13.3;4.6
79;2021-03-31;2777;381;52406;17410;14.1;4.7
79;2021-04-01;2697;382;55103;17792;14.8;4.8
79;2021-04-02;2823;393;57926;18185;15.5;4.9
79;2021-04-03;634;54;58560;18239;15.7;4.9
79;2021-04-04;3;0;58563;18239;15.7;4.9
79;2021-04-05;380;4;58943;18243;15.8;4.9
79;2021-04-06;1794;584;60737;18827;16.3;5.1
79;2021-04-07;3117;734;63854;19561;17.1;5.2
79;2021-04-08;2631;695;66485;20256;17.8;5.4
79;2021-04-09;3738;547;70223;20803;18.8;5.6
79;2021-04-10;1466;385;71689;21188;19.2;5.7
79;2021-04-11;4;0;71693;21188;19.2;5.7
79;2021-04-12;1753;354;73446;21542;19.7;5.8
79;2021-04-13;2174;750;75620;22292;20.3;6.0
79;2021-04-14;2480;674;78100;22966;21.0;6.2
79;2021-04-15;2215;667;80315;23633;21.6;6.3
79;2021-04-16;1414;441;81729;24074;21.9;6.5
79;2021-04-17;581;352;82310;24426;22.1;6.6
79;2021-04-18;1;14;82311;24440;22.1;6.6
79;2021-04-19;1089;841;83400;25281;22.4;6.8
79;2021-04-20;1507;1229;84907;26510;22.8;7.1
79;2021-04-21;1419;1440;86326;27950;23.2;7.5
79;2021-04-22;1572;1085;87898;29035;23.6;7.8
79;2021-04-23;1317;1188;89215;30223;23.9;8.1
79;2021-04-24;653;462;89868;30685;24.1;8.2
79;2021-04-25;1;0;89869;30685;24.1;8.2
79;2021-04-26;1343;1813;91212;32498;24.5;8.7
79;2021-04-27;1898;2350;93110;34848;25.0;9.4
79;2021-04-28;1457;2867;94567;37715;25.4;10.1
79;2021-04-29;2105;2255;96672;39970;25.9;10.7
79;2021-04-30;2114;2460;98786;42430;26.5;11.4
79;2021-05-01;521;379;99307;42809;26.7;11.5
79;2021-05-02;1;11;99308;42820;26.7;11.5
79;2021-05-03;1182;1292;100490;44112;27.0;11.8
79;2021-05-04;1733;2332;102223;46444;27.4;12.5
79;2021-05-05;1695;2483;103918;48927;27.9;13.1
79;2021-05-06;2328;2223;106246;51150;28.5;13.7
79;2021-05-07;2087;2804;108333;53954;29.1;14.5
79;2021-05-08;199;506;108532;54460;29.1;14.6
79;2021-05-09;0;0;108532;54460;29.1;14.6
79;2021-05-10;1584;1788;110116;56248;29.6;15.1
79;2021-05-11;2310;1650;112426;57898;30.2;15.5
79;2021-05-12;2000;2678;114426;60576;30.7;16.3
79;2021-05-13;640;290;115066;60866;30.9;16.3
79;2021-05-14;2100;673;117166;61539;31.4;16.5
79;2021-05-15;1399;499;118565;62038;31.8;16.6
79;2021-05-16;1;22;118566;62060;31.8;16.7
79;2021-05-17;1876;1087;120442;63147;32.3;16.9
79;2021-05-18;2971;1272;123413;64419;33.1;17.3
79;2021-05-19;2897;967;126310;65386;33.9;17.5
79;2021-05-20;3106;1249;129416;66635;34.7;17.9
79;2021-05-21;2768;1067;132184;67702;35.5;18.2
79;2021-05-22;1084;261;133268;67963;35.8;18.2
79;2021-05-23;1;0;133269;67963;35.8;18.2
79;2021-05-24;161;20;133430;67983;35.8;18.2
79;2021-05-25;3199;990;136629;68973;36.7;18.5
79;2021-05-26;3313;853;139942;69826;37.6;18.7
79;2021-05-27;3590;1719;143532;71545;38.5;19.2
79;2021-05-28;3330;1824;146862;73369;39.4;19.7
79;2021-05-29;1073;451;147935;73820;39.7;19.8
79;2021-05-30;3;1;147938;73821;39.7;19.8
79;2021-05-31;2382;734;150320;74555;40.3;20.0
79;2021-06-01;3021;1576;153341;76131;41.2;20.4
79;2021-06-02;4065;1167;157406;77298;42.2;20.7
79;2021-06-03;4089;1755;161495;79053;43.3;21.2
79;2021-06-04;4144;2034;165639;81087;44.5;21.8
79;2021-06-05;2802;758;168441;81845;45.2;22.0
79;2021-06-06;696;39;169137;81884;45.4;22.0
79;2021-06-07;2809;1413;171946;83297;46.1;22.4
79;2021-06-08;2982;2068;174928;85365;46.9;22.9
79;2021-06-09;3631;1934;178559;87299;47.9;23.4
79;2021-06-10;3020;1975;181579;89274;48.7;24.0
79;2021-06-11;3767;2316;185346;91590;49.7;24.6
79;2021-06-12;1705;610;187051;92200;50.2;24.7
79;2021-06-13;214;24;187265;92224;50.3;24.7
79;2021-06-14;1247;1692;188512;93916;50.6;25.2
79;2021-06-15;1881;2362;190393;96278;51.1;25.8
79;2021-06-16;2206;2248;192599;98526;51.7;26.4
79;2021-06-17;2238;2616;194837;101142;52.3;27.1
79;2021-06-18;2413;2324;197250;103466;52.9;27.8
79;2021-06-19;1246;581;198496;104047;53.3;27.9
79;2021-06-20;3;2;198499;104049;53.3;27.9
79;2021-06-21;1233;2282;199732;106331;53.6;28.5
79;2021-06-22;1548;2875;201280;109206;54.0;29.3
79;2021-06-23;1771;2549;203051;111755;54.5;30.0
79;2021-06-24;2107;2003;205158;113758;55.1;30.5
79;2021-06-25;1488;2843;206646;116601;55.5;31.3
79;2021-06-26;870;808;207516;117409;55.7;31.5
79;2021-06-27;13;6;207529;117415;55.7;31.5
79;2021-06-28;1056;2622;208585;120037;56.0;32.2
79;2021-06-29;1474;3550;210059;123587;56.4;33.2
79;2021-06-30;1355;3448;211414;127035;56.7;34.1
79;2021-07-01;1203;3785;212617;130820;57.1;35.1
79;2021-07-02;1490;3347;214107;134167;57.5;36.0
79;2021-07-03;399;1504;214506;135671;57.6;36.4
79;2021-07-04;2;9;214508;135680;57.6;36.4
79;2021-07-05;751;2118;215259;137798;57.8;37.0
79;2021-07-06;947;3666;216206;141464;58.0;38.0
79;2021-07-07;1332;4308;217538;145772;58.4;39.1
79;2021-07-08;1103;4045;218641;149817;58.7;40.2
79;2021-07-09;837;3719;219478;153536;58.9;41.2
79;2021-07-10;515;1316;219993;154852;59.0;41.6
79;2021-07-11;2;12;219995;154864;59.0;41.6
79;2021-07-12;545;3694;220540;158558;59.2;42.6
79;2021-07-13;999;5188;221539;163746;59.5;43.9
79;2021-07-14;134;874;221673;164620;59.5;44.2
79;2021-07-15;1234;4684;222907;169304;59.8;45.4
79;2021-07-16;1333;4364;224240;173668;60.2;46.6
79;2021-07-17;577;2425;224817;176093;60.3;47.3
79;2021-07-18;44;498;224861;176591;60.3;47.4
79;2021-07-19;735;3316;225596;179907;60.5;48.3
79;2021-07-20;1226;3947;226822;183854;60.9;49.3
79;2021-07-21;1179;4199;228001;188053;61.2;50.5
79;2021-07-22;1355;3977;229356;192030;61.6;51.5
79;2021-07-23;1350;4555;230706;196585;61.9;52.8
79;2021-07-24;865;1499;231571;198084;62.1;53.2
79;2021-07-25;55;326;231626;198410;62.2;53.2
79;2021-07-26;1374;2598;233000;201008;62.5;53.9
79;2021-07-27;2084;2997;235084;204005;63.1;54.7
79;2021-07-28;2497;2494;237581;206499;63.8;55.4
79;2021-07-29;3008;2862;240589;209361;64.6;56.2
79;2021-07-30;2138;2819;242727;212180;65.1;56.9
79;2021-07-31;888;1157;243615;213337;65.4;57.3
79;2021-08-01;5;3;243620;213340;65.4;57.3
79;2021-08-02;1796;1544;245416;214884;65.9;57.7
79;2021-08-03;2819;2050;248235;216934;66.6;58.2
79;2021-08-04;2986;1744;251221;218678;67.4;58.7
79;2021-08-05;2900;2213;254121;220891;68.2;59.3
79;2021-08-06;2526;1640;256647;222531;68.9;59.7
79;2021-08-07;870;813;257517;223344;69.1;59.9
79;2021-08-08;1;3;257518;223347;69.1;59.9
79;2021-08-09;2491;1085;260009;224432;69.8;60.2
79;2021-08-10;2974;1543;262983;225975;70.6;60.6
79;2021-08-11;2574;1664;265557;227639;71.3;61.1
79;2021-08-12;2765;1425;268322;229064;72.0;61.5
79;2021-08-13;2841;1061;271163;230125;72.8;61.8
79;2021-08-14;517;391;271680;230516;72.9;61.9
79;2021-08-15;6;5;271686;230521;72.9;61.9
79;2021-08-16;1762;1197;273448;231718;73.4;62.2
79;2021-08-17;2100;1592;275548;233310;73.9;62.6
79;2021-08-18;1919;1914;277467;235224;74.5;63.1
79;2021-08-19;1612;1710;279079;236934;74.9;63.6
79;2021-08-20;1507;2158;280586;239092;75.3;64.2
79;2021-08-21;236;542;280822;239634;75.4;64.3
79;2021-08-22;1;21;280823;239655;75.4;64.3
79;2021-08-23;858;2175;281681;241830;75.6;64.9
79;2021-08-24;1065;2483;282746;244313;75.9;65.6
79;2021-08-25;1044;2756;283790;247069;76.2;66.3
79;2021-08-26;1015;2329;284805;249398;76.4;66.9
79;2021-08-27;609;2056;285414;251454;76.6;67.5
79;2021-08-28;294;839;285708;252293;76.7;67.7
79;2021-08-29;7;5;285715;252298;76.7;67.7
79;2021-08-30;553;2366;286268;254664;76.8;68.3
79;2021-08-31;633;2536;286901;257200;77.0;69.0
79;2021-09-01;647;2692;287548;259892;77.2;69.7
79;2021-09-02;734;2506;288282;262398;77.4;70.4
80;2020-12-27;0;0;0;0;0.0;0.0
80;2020-12-28;0;0;0;0;0.0;0.0
80;2020-12-29;11;0;11;0;0.0;0.0
80;2020-12-30;0;0;11;0;0.0;0.0
80;2020-12-31;0;0;11;0;0.0;0.0
80;2021-01-01;0;0;11;0;0.0;0.0
80;2021-01-02;0;0;11;0;0.0;0.0
80;2021-01-03;1;0;12;0;0.0;0.0
80;2021-01-04;0;0;12;0;0.0;0.0
80;2021-01-05;0;0;12;0;0.0;0.0
80;2021-01-06;30;0;42;0;0.0;0.0
80;2021-01-07;276;2;318;2;0.1;0.0
80;2021-01-08;330;0;648;2;0.1;0.0
80;2021-01-09;108;0;756;2;0.1;0.0
80;2021-01-10;21;0;777;2;0.1;0.0
80;2021-01-11;276;0;1053;2;0.2;0.0
80;2021-01-12;428;1;1481;3;0.3;0.0
80;2021-01-13;514;4;1995;7;0.4;0.0
80;2021-01-14;453;4;2448;11;0.4;0.0
80;2021-01-15;330;1;2778;12;0.5;0.0
80;2021-01-16;103;1;2881;13;0.5;0.0
80;2021-01-17;102;1;2983;14;0.5;0.0
80;2021-01-18;412;2;3395;16;0.6;0.0
80;2021-01-19;962;16;4357;32;0.8;0.0
80;2021-01-20;1086;9;5443;41;1.0;0.0
80;2021-01-21;1010;9;6453;50;1.1;0.0
80;2021-01-22;1113;4;7566;54;1.3;0.0
80;2021-01-23;908;3;8474;57;1.5;0.0
80;2021-01-24;824;5;9298;62;1.6;0.0
80;2021-01-25;1541;9;10839;71;1.9;0.0
80;2021-01-26;1480;11;12319;82;2.2;0.0
80;2021-01-27;822;25;13141;107;2.3;0.0
80;2021-01-28;623;166;13764;273;2.4;0.0
80;2021-01-29;637;209;14401;482;2.5;0.1
80;2021-01-30;85;59;14486;541;2.5;0.1
80;2021-01-31;0;0;14486;541;2.5;0.1
80;2021-02-01;26;251;14512;792;2.5;0.1
80;2021-02-02;21;437;14533;1229;2.6;0.2
80;2021-02-03;29;532;14562;1761;2.6;0.3
80;2021-02-04;278;343;14840;2104;2.6;0.4
80;2021-02-05;347;208;15187;2312;2.7;0.4
80;2021-02-06;168;67;15355;2379;2.7;0.4
80;2021-02-07;1;0;15356;2379;2.7;0.4
80;2021-02-08;426;235;15782;2614;2.8;0.5
80;2021-02-09;686;242;16468;2856;2.9;0.5
80;2021-02-10;606;487;17074;3343;3.0;0.6
80;2021-02-11;862;345;17936;3688;3.1;0.6
80;2021-02-12;945;314;18881;4002;3.3;0.7
80;2021-02-13;196;423;19077;4425;3.3;0.8
80;2021-02-14;78;570;19155;4995;3.4;0.9
80;2021-02-15;606;1004;19761;5999;3.5;1.1
80;2021-02-16;688;1109;20449;7108;3.6;1.2
80;2021-02-17;485;1145;20934;8253;3.7;1.4
80;2021-02-18;569;1100;21503;9353;3.8;1.6
80;2021-02-19;503;815;22006;10168;3.9;1.8
80;2021-02-20;22;492;22028;10660;3.9;1.9
80;2021-02-21;47;45;22075;10705;3.9;1.9
80;2021-02-22;149;561;22224;11266;3.9;2.0
80;2021-02-23;471;673;22695;11939;4.0;2.1
80;2021-02-24;431;650;23126;12589;4.1;2.2
80;2021-02-25;815;508;23941;13097;4.2;2.3
80;2021-02-26;1063;504;25004;13601;4.4;2.4
80;2021-02-27;475;68;25479;13669;4.5;2.4
80;2021-02-28;49;24;25528;13693;4.5;2.4
80;2021-03-01;728;66;26256;13759;4.6;2.4
80;2021-03-02;1013;90;27269;13849;4.8;2.4
80;2021-03-03;982;57;28251;13906;5.0;2.4
80;2021-03-04;1391;228;29642;14134;5.2;2.5
80;2021-03-05;1874;329;31516;14463;5.5;2.5
80;2021-03-06;2918;332;34434;14795;6.0;2.6
80;2021-03-07;1843;79;36277;14874;6.4;2.6
80;2021-03-08;715;605;36992;15479;6.5;2.7
80;2021-03-09;1310;904;38302;16383;6.7;2.9
80;2021-03-10;1724;752;40026;17135;7.0;3.0
80;2021-03-11;1910;813;41936;17948;7.4;3.2
80;2021-03-12;3138;746;45074;18694;7.9;3.3
80;2021-03-13;4008;206;49082;18900;8.6;3.3
80;2021-03-14;350;14;49432;18914;8.7;3.3
80;2021-03-15;1014;248;50446;19162;8.9;3.4
80;2021-03-16;882;343;51328;19505;9.0;3.4
80;2021-03-17;665;278;51993;19783;9.1;3.5
80;2021-03-18;1002;296;52995;20079;9.3;3.5
80;2021-03-19;1738;383;54733;20462;9.6;3.6
80;2021-03-20;3822;116;58555;20578;10.3;3.6
80;2021-03-21;486;31;59041;20609;10.4;3.6
80;2021-03-22;903;290;59944;20899;10.5;3.7
80;2021-03-23;1713;418;61657;21317;10.8;3.7
80;2021-03-24;1755;467;63412;21784;11.1;3.8
80;2021-03-25;2714;448;66126;22232;11.6;3.9
80;2021-03-26;3105;422;69231;22654;12.2;4.0
80;2021-03-27;2237;228;71468;22882;12.5;4.0
80;2021-03-28;676;95;72144;22977;12.7;4.0
80;2021-03-29;1980;752;74124;23729;13.0;4.2
80;2021-03-30;1969;871;76093;24600;13.4;4.3
80;2021-03-31;1495;985;77588;25585;13.6;4.5
80;2021-04-01;1951;1488;79539;27073;14.0;4.8
80;2021-04-02;2811;1571;82350;28644;14.5;5.0
80;2021-04-03;3046;853;85396;29497;15.0;5.2
80;2021-04-04;134;8;85530;29505;15.0;5.2
80;2021-04-05;684;200;86214;29705;15.1;5.2
80;2021-04-06;1280;964;87494;30669;15.4;5.4
80;2021-04-07;1624;1200;89118;31869;15.6;5.6
80;2021-04-08;2154;841;91272;32710;16.0;5.7
80;2021-04-09;3529;1351;94801;34061;16.6;6.0
80;2021-04-10;2737;1946;97538;36007;17.1;6.3
80;2021-04-11;189;176;97727;36183;17.2;6.4
80;2021-04-12;1814;486;99541;36669;17.5;6.4
80;2021-04-13;2385;1035;101926;37704;17.9;6.6
80;2021-04-14;2770;1147;104696;38851;18.4;6.8
80;2021-04-15;3730;876;108426;39727;19.0;7.0
80;2021-04-16;3337;871;111763;40598;19.6;7.1
80;2021-04-17;1653;2297;113416;42895;19.9;7.5
80;2021-04-18;372;390;113788;43285;20.0;7.6
80;2021-04-19;951;773;114739;44058;20.1;7.7
80;2021-04-20;1612;818;116351;44876;20.4;7.9
80;2021-04-21;1612;998;117963;45874;20.7;8.1
80;2021-04-22;2167;1252;120130;47126;21.1;8.3
80;2021-04-23;2639;1246;122769;48372;21.5;8.5
80;2021-04-24;1356;1191;124125;49563;21.8;8.7
80;2021-04-25;209;531;124334;50094;21.8;8.8
80;2021-04-26;1295;1443;125629;51537;22.0;9.0
80;2021-04-27;2024;1396;127653;52933;22.4;9.3
80;2021-04-28;2199;1389;129852;54322;22.8;9.5
80;2021-04-29;3219;1882;133071;56204;23.4;9.9
80;2021-04-30;3081;2851;136152;59055;23.9;10.4
80;2021-05-01;987;659;137139;59714;24.1;10.5
80;2021-05-02;371;53;137510;59767;24.1;10.5
80;2021-05-03;2722;1187;140232;60954;24.6;10.7
80;2021-05-04;2495;1701;142727;62655;25.0;11.0
80;2021-05-05;3365;1895;146092;64550;25.6;11.3
80;2021-05-06;3172;2554;149264;67104;26.2;11.8
80;2021-05-07;3455;2697;152719;69801;26.8;12.3
80;2021-05-08;2782;927;155501;70728;27.3;12.4
80;2021-05-09;1408;268;156909;70996;27.5;12.5
80;2021-05-10;1881;1832;158790;72828;27.9;12.8
80;2021-05-11;3276;1803;162066;74631;28.4;13.1
80;2021-05-12;4702;1576;166768;76207;29.3;13.4
80;2021-05-13;3836;368;170604;76575;29.9;13.4
80;2021-05-14;5189;1399;175793;77974;30.9;13.7
80;2021-05-15;5918;1055;181711;79029;31.9;13.9
80;2021-05-16;2678;309;184389;79338;32.4;13.9
80;2021-05-17;2372;818;186761;80156;32.8;14.1
80;2021-05-18;3948;857;190709;81013;33.5;14.2
80;2021-05-19;4020;945;194729;81958;34.2;14.4
80;2021-05-20;4569;1221;199298;83179;35.0;14.6
80;2021-05-21;4892;1671;204190;84850;35.8;14.9
80;2021-05-22;5032;1159;209222;86009;36.7;15.1
80;2021-05-23;1783;241;211005;86250;37.0;15.1
80;2021-05-24;1469;159;212474;86409;37.3;15.2
80;2021-05-25;2622;1135;215096;87544;37.8;15.4
80;2021-05-26;4251;1703;219347;89247;38.5;15.7
80;2021-05-27;3978;2470;223325;91717;39.2;16.1
80;2021-05-28;3866;2979;227191;94696;39.9;16.6
80;2021-05-29;3699;1634;230890;96330;40.5;16.9
80;2021-05-30;1182;198;232072;96528;40.7;16.9
80;2021-05-31;2605;1373;234677;97901;41.2;17.2
80;2021-06-01;4032;2434;238709;100335;41.9;17.6
80;2021-06-02;3336;2008;242045;102343;42.5;18.0
80;2021-06-03;4268;2930;246313;105273;43.2;18.5
80;2021-06-04;4795;3085;251108;108358;44.1;19.0
80;2021-06-05;3561;2071;254669;110429;44.7;19.4
80;2021-06-06;802;211;255471;110640;44.8;19.4
80;2021-06-07;1753;1946;257224;112586;45.1;19.8
80;2021-06-08;2746;2552;259970;115138;45.6;20.2
80;2021-06-09;3010;2733;262980;117871;46.2;20.7
80;2021-06-10;3167;3172;266147;121043;46.7;21.2
80;2021-06-11;3224;3898;269371;124941;47.3;21.9
80;2021-06-12;3042;2326;272413;127267;47.8;22.3
80;2021-06-13;473;404;272886;127671;47.9;22.4
80;2021-06-14;1265;2851;274151;130522;48.1;22.9
80;2021-06-15;2315;3421;276466;133943;48.5;23.5
80;2021-06-16;1563;4214;278029;138157;48.8;24.2
80;2021-06-17;2362;3624;280391;141781;49.2;24.9
80;2021-06-18;2554;3903;282945;145684;49.7;25.6
80;2021-06-19;2989;4341;285934;150025;50.2;26.3
80;2021-06-20;203;1077;286137;151102;50.2;26.5
80;2021-06-21;1017;2618;287154;153720;50.4;27.0
80;2021-06-22;1152;3936;288306;157656;50.6;27.7
80;2021-06-23;1855;5291;290161;162947;50.9;28.6
80;2021-06-24;1701;4684;291862;167631;51.2;29.4
80;2021-06-25;1375;6123;293237;173754;51.5;30.5
80;2021-06-26;1936;6181;295173;179935;51.8;31.6
80;2021-06-27;332;2031;295505;181966;51.9;31.9
80;2021-06-28;909;3169;296414;185135;52.0;32.5
80;2021-06-29;1923;4620;298337;189755;52.4;33.3
80;2021-06-30;1251;4784;299588;194539;52.6;34.1
80;2021-07-01;1630;5000;301218;199539;52.9;35.0
80;2021-07-02;1880;5987;303098;205526;53.2;36.1
80;2021-07-03;1331;5268;304429;210794;53.4;37.0
80;2021-07-04;692;1469;305121;212263;53.6;37.3
80;2021-07-05;907;2963;306028;215226;53.7;37.8
80;2021-07-06;1873;3987;307901;219213;54.0;38.5
80;2021-07-07;1577;4508;309478;223721;54.3;39.3
80;2021-07-08;2097;5004;311575;228725;54.7;40.1
80;2021-07-09;2619;5470;314194;234195;55.1;41.1
80;2021-07-10;1634;4018;315828;238213;55.4;41.8
80;2021-07-11;406;804;316234;239017;55.5;41.9
80;2021-07-12;882;3379;317116;242396;55.7;42.5
80;2021-07-13;2101;5088;319217;247484;56.0;43.4
80;2021-07-14;2803;1746;322020;249230;56.5;43.7
80;2021-07-15;2808;5297;324828;254527;57.0;44.7
80;2021-07-16;3897;5889;328725;260416;57.7;45.7
80;2021-07-17;3384;4461;332109;264877;58.3;46.5
80;2021-07-18;875;896;332984;265773;58.4;46.6
80;2021-07-19;2162;2884;335146;268657;58.8;47.2
80;2021-07-20;3330;4903;338476;273560;59.4;48.0
80;2021-07-21;3509;4494;341985;278054;60.0;48.8
80;2021-07-22;4374;4573;346359;282627;60.8;49.6
80;2021-07-23;5406;4828;351765;287455;61.7;50.5
80;2021-07-24;4375;4344;356140;291799;62.5;51.2
80;2021-07-25;1185;648;357325;292447;62.7;51.3
80;2021-07-26;2681;2336;360006;294783;63.2;51.7
80;2021-07-27;4370;3708;364376;298491;64.0;52.4
80;2021-07-28;5101;2797;369477;301288;64.8;52.9
80;2021-07-29;4993;3226;374470;304514;65.7;53.4
80;2021-07-30;5028;3639;379498;308153;66.6;54.1
80;2021-07-31;4155;2926;383653;311079;67.3;54.6
80;2021-08-01;1288;362;384941;311441;67.6;54.7
80;2021-08-02;2057;1760;386998;313201;67.9;55.0
80;2021-08-03;3717;2364;390715;315565;68.6;55.4
80;2021-08-04;3367;2492;394082;318057;69.2;55.8
80;2021-08-05;3131;2575;397213;320632;69.7;56.3
80;2021-08-06;3243;2904;400456;323536;70.3;56.8
80;2021-08-07;2420;2661;402876;326197;70.7;57.3
80;2021-08-08;616;723;403492;326920;70.8;57.4
80;2021-08-09;1382;2122;404874;329042;71.1;57.8
80;2021-08-10;2339;2847;407213;331889;71.5;58.2
80;2021-08-11;1938;2482;409151;334371;71.8;58.7
80;2021-08-12;2236;2676;411387;337047;72.2;59.2
80;2021-08-13;1879;3157;413266;340204;72.5;59.7
80;2021-08-14;1410;2143;414676;342347;72.8;60.1
80;2021-08-15;318;672;414994;343019;72.8;60.2
80;2021-08-16;895;2520;415889;345539;73.0;60.6
80;2021-08-17;1703;3548;417592;349087;73.3;61.3
80;2021-08-18;1232;3712;418824;352799;73.5;61.9
80;2021-08-19;1558;3820;420382;356619;73.8;62.6
80;2021-08-20;1258;4429;421640;361048;74.0;63.4
80;2021-08-21;1068;2682;422708;363730;74.2;63.8
80;2021-08-22;145;679;422853;364409;74.2;64.0
80;2021-08-23;581;2997;423434;367406;74.3;64.5
80;2021-08-24;1091;4364;424525;371770;74.5;65.2
80;2021-08-25;970;3672;425495;375442;74.7;65.9
80;2021-08-26;956;3814;426451;379256;74.8;66.6
80;2021-08-27;1014;4451;427465;383707;75.0;67.3
80;2021-08-28;715;3348;428180;387055;75.1;67.9
80;2021-08-29;197;554;428377;387609;75.2;68.0
80;2021-08-30;499;2345;428876;389954;75.3;68.4
80;2021-08-31;748;3182;429624;393136;75.4;69.0
80;2021-09-01;671;2476;430295;395612;75.5;69.4
80;2021-09-02;519;2271;430814;397883;75.6;69.8
81;2020-12-27;0;0;0;0;0.0;0.0
81;2020-12-28;0;0;0;0;0.0;0.0
81;2020-12-29;0;0;0;0;0.0;0.0
81;2020-12-30;0;0;0;0;0.0;0.0
81;2020-12-31;0;0;0;0;0.0;0.0
81;2021-01-01;0;0;0;0;0.0;0.0
81;2021-01-02;0;0;0;0;0.0;0.0
81;2021-01-03;0;0;0;0;0.0;0.0
81;2021-01-04;1;0;1;0;0.0;0.0
81;2021-01-05;0;0;1;0;0.0;0.0
81;2021-01-06;5;0;6;0;0.0;0.0
81;2021-01-07;266;0;272;0;0.1;0.0
81;2021-01-08;312;1;584;1;0.2;0.0
81;2021-01-09;74;1;658;2;0.2;0.0
81;2021-01-10;1;0;659;2;0.2;0.0
81;2021-01-11;133;0;792;2;0.2;0.0
81;2021-01-12;167;0;959;2;0.2;0.0
81;2021-01-13;233;1;1192;3;0.3;0.0
81;2021-01-14;963;8;2155;11;0.6;0.0
81;2021-01-15;524;3;2679;14;0.7;0.0
81;2021-01-16;72;0;2751;14;0.7;0.0
81;2021-01-17;0;0;2751;14;0.7;0.0
81;2021-01-18;580;2;3331;16;0.9;0.0
81;2021-01-19;662;4;3993;20;1.0;0.0
81;2021-01-20;752;2;4745;22;1.2;0.0
81;2021-01-21;1185;4;5930;26;1.5;0.0
81;2021-01-22;855;2;6785;28;1.7;0.0
81;2021-01-23;221;2;7006;30;1.8;0.0
81;2021-01-24;102;0;7108;30;1.8;0.0
81;2021-01-25;568;3;7676;33;2.0;0.0
81;2021-01-26;634;5;8310;38;2.1;0.0
81;2021-01-27;551;3;8861;41;2.3;0.0
81;2021-01-28;700;207;9561;248;2.5;0.1
81;2021-01-29;302;181;9863;429;2.5;0.1
81;2021-01-30;204;37;10067;466;2.6;0.1
81;2021-01-31;104;1;10171;467;2.6;0.1
81;2021-02-01;320;125;10491;592;2.7;0.2
81;2021-02-02;446;137;10937;729;2.8;0.2
81;2021-02-03;476;219;11413;948;2.9;0.2
81;2021-02-04;1429;687;12842;1635;3.3;0.4
81;2021-02-05;869;312;13711;1947;3.5;0.5
81;2021-02-06;274;19;13985;1966;3.6;0.5
81;2021-02-07;103;0;14088;1966;3.6;0.5
81;2021-02-08;275;209;14363;2175;3.7;0.6
81;2021-02-09;419;214;14782;2389;3.8;0.6
81;2021-02-10;371;281;15153;2670;3.9;0.7
81;2021-02-11;651;383;15804;3053;4.1;0.8
81;2021-02-12;579;532;16383;3585;4.2;0.9
81;2021-02-13;188;140;16571;3725;4.3;1.0
81;2021-02-14;100;1;16671;3726;4.3;1.0
81;2021-02-15;234;433;16905;4159;4.4;1.1
81;2021-02-16;281;572;17186;4731;4.4;1.2
81;2021-02-17;242;497;17428;5228;4.5;1.3
81;2021-02-18;482;644;17910;5872;4.6;1.5
81;2021-02-19;567;392;18477;6264;4.8;1.6
81;2021-02-20;322;267;18799;6531;4.8;1.7
81;2021-02-21;23;80;18822;6611;4.9;1.7
81;2021-02-22;232;516;19054;7127;4.9;1.8
81;2021-02-23;168;582;19222;7709;5.0;2.0
81;2021-02-24;291;601;19513;8310;5.0;2.1
81;2021-02-25;716;1036;20229;9346;5.2;2.4
81;2021-02-26;909;939;21138;10285;5.4;2.7
81;2021-02-27;275;238;21413;10523;5.5;2.7
81;2021-02-28;21;82;21434;10605;5.5;2.7
81;2021-03-01;208;404;21642;11009;5.6;2.8
81;2021-03-02;364;536;22006;11545;5.7;3.0
81;2021-03-03;462;420;22468;11965;5.8;3.1
81;2021-03-04;1061;459;23529;12424;6.1;3.2
81;2021-03-05;1407;395;24936;12819;6.4;3.3
81;2021-03-06;981;166;25917;12985;6.7;3.3
81;2021-03-07;154;101;26071;13086;6.7;3.4
81;2021-03-08;466;358;26537;13444;6.8;3.5
81;2021-03-09;813;363;27350;13807;7.1;3.6
81;2021-03-10;899;393;28249;14200;7.3;3.7
81;2021-03-11;1352;359;29601;14559;7.6;3.8
81;2021-03-12;1690;303;31291;14862;8.1;3.8
81;2021-03-13;1030;186;32321;15048;8.3;3.9
81;2021-03-14;66;82;32387;15130;8.3;3.9
81;2021-03-15;1093;225;33480;15355;8.6;4.0
81;2021-03-16;724;226;34204;15581;8.8;4.0
81;2021-03-17;893;280;35097;15861;9.0;4.1
81;2021-03-18;969;576;36066;16437;9.3;4.2
81;2021-03-19;1271;458;37337;16895;9.6;4.4
81;2021-03-20;677;285;38014;17180;9.8;4.4
81;2021-03-21;139;22;38153;17202;9.8;4.4
81;2021-03-22;933;279;39086;17481;10.1;4.5
81;2021-03-23;1421;221;40507;17702;10.4;4.6
81;2021-03-24;1606;264;42113;17966;10.9;4.6
81;2021-03-25;2028;326;44141;18292;11.4;4.7
81;2021-03-26;2102;286;46243;18578;11.9;4.8
81;2021-03-27;1092;37;47335;18615;12.2;4.8
81;2021-03-28;734;38;48069;18653;12.4;4.8
81;2021-03-29;2867;189;50936;18842;13.1;4.9
81;2021-03-30;3055;212;53991;19054;13.9;4.9
81;2021-03-31;2690;299;56681;19353;14.6;5.0
81;2021-04-01;3313;563;59994;19916;15.5;5.1
81;2021-04-02;2615;369;62609;20285;16.1;5.2
81;2021-04-03;1147;306;63756;20591;16.4;5.3
81;2021-04-04;1403;24;65159;20615;16.8;5.3
81;2021-04-05;718;19;65877;20634;17.0;5.3
81;2021-04-06;1597;511;67474;21145;17.4;5.5
81;2021-04-07;1815;584;69289;21729;17.9;5.6
81;2021-04-08;2619;821;71908;22550;18.5;5.8
81;2021-04-09;3052;476;74960;23026;19.3;5.9
81;2021-04-10;1476;515;76436;23541;19.7;6.1
81;2021-04-11;1298;68;77734;23609;20.0;6.1
81;2021-04-12;1220;684;78954;24293;20.4;6.3
81;2021-04-13;2529;791;81483;25084;21.0;6.5
81;2021-04-14;2507;835;83990;25919;21.7;6.7
81;2021-04-15;3098;1201;87088;27120;22.5;7.0
81;2021-04-16;2821;1089;89909;28209;23.2;7.3
81;2021-04-17;1145;296;91054;28505;23.5;7.3
81;2021-04-18;519;145;91573;28650;23.6;7.4
81;2021-04-19;913;819;92486;29469;23.8;7.6
81;2021-04-20;2270;1170;94756;30639;24.4;7.9
81;2021-04-21;2224;1006;96980;31645;25.0;8.2
81;2021-04-22;2817;1058;99797;32703;25.7;8.4
81;2021-04-23;2886;969;102683;33672;26.5;8.7
81;2021-04-24;1327;743;104010;34415;26.8;8.9
81;2021-04-25;454;716;104464;35131;26.9;9.1
81;2021-04-26;1060;2421;105524;37552;27.2;9.7
81;2021-04-27;1597;2353;107121;39905;27.6;10.3
81;2021-04-28;1427;2395;108548;42300;28.0;10.9
81;2021-04-29;1818;2742;110366;45042;28.5;11.6
81;2021-04-30;2014;2351;112380;47393;29.0;12.2
81;2021-05-01;362;685;112742;48078;29.1;12.4
81;2021-05-02;291;1377;113033;49455;29.1;12.7
81;2021-05-03;1116;1170;114149;50625;29.4;13.1
81;2021-05-04;2622;1910;116771;52535;30.1;13.5
81;2021-05-05;2015;1932;118786;54467;30.6;14.0
81;2021-05-06;2748;3457;121534;57924;31.3;14.9
81;2021-05-07;2128;2881;123662;60805;31.9;15.7
81;2021-05-08;963;878;124625;61683;32.1;15.9
81;2021-05-09;534;1351;125159;63034;32.3;16.3
81;2021-05-10;825;1600;125984;64634;32.5;16.7
81;2021-05-11;1661;2575;127645;67209;32.9;17.3
81;2021-05-12;1640;2466;129285;69675;33.3;18.0
81;2021-05-13;1216;564;130501;70239;33.6;18.1
81;2021-05-14;1890;1725;132391;71964;34.1;18.6
81;2021-05-15;1511;620;133902;72584;34.5;18.7
81;2021-05-16;1368;415;135270;72999;34.9;18.8
81;2021-05-17;1167;864;136437;73863;35.2;19.0
81;2021-05-18;1701;1429;138138;75292;35.6;19.4
81;2021-05-19;2643;1245;140781;76537;36.3;19.7
81;2021-05-20;2968;1352;143749;77889;37.1;20.1
81;2021-05-21;2739;1117;146488;79006;37.8;20.4
81;2021-05-22;2815;520;149303;79526;38.5;20.5
81;2021-05-23;1178;74;150481;79600;38.8;20.5
81;2021-05-24;837;81;151318;79681;39.0;20.5
81;2021-05-25;2493;1106;153811;80787;39.7;20.8
81;2021-05-26;1891;800;155702;81587;40.1;21.0
81;2021-05-27;2556;1546;158258;83133;40.8;21.4
81;2021-05-28;2566;1663;160824;84796;41.5;21.9
81;2021-05-29;1400;542;162224;85338;41.8;22.0
81;2021-05-30;935;219;163159;85557;42.1;22.1
81;2021-05-31;1183;1336;164342;86893;42.4;22.4
81;2021-06-01;1781;2696;166123;89589;42.8;23.1
81;2021-06-02;2006;2448;168129;92037;43.3;23.7
81;2021-06-03;2004;2534;170133;94571;43.9;24.4
81;2021-06-04;1845;2947;171978;97518;44.3;25.1
81;2021-06-05;1757;1307;173735;98825;44.8;25.5
81;2021-06-06;370;366;174105;99191;44.9;25.6
81;2021-06-07;1209;1540;175314;100731;45.2;26.0
81;2021-06-08;2371;2388;177685;103119;45.8;26.6
81;2021-06-09;2440;1869;180125;104988;46.4;27.1
81;2021-06-10;1279;1564;181404;106552;46.8;27.5
81;2021-06-11;2658;2202;184062;108754;47.5;28.0
81;2021-06-12;1659;1037;185721;109791;47.9;28.3
81;2021-06-13;444;475;186165;110266;48.0;28.4
81;2021-06-14;774;1420;186939;111686;48.2;28.8
81;2021-06-15;1678;3499;188617;115185;48.6;29.7
81;2021-06-16;1269;3013;189886;118198;49.0;30.5
81;2021-06-17;1344;2525;191230;120723;49.3;31.1
81;2021-06-18;1837;2771;193067;123494;49.8;31.8
81;2021-06-19;825;949;193892;124443;50.0;32.1
81;2021-06-20;405;536;194297;124979;50.1;32.2
81;2021-06-21;426;1039;194723;126018;50.2;32.5
81;2021-06-22;1061;2567;195784;128585;50.5;33.1
81;2021-06-23;1142;2158;196926;130743;50.8;33.7
81;2021-06-24;1115;1938;198041;132681;51.1;34.2
81;2021-06-25;1241;2868;199282;135549;51.4;34.9
81;2021-06-26;722;1712;200004;137261;51.6;35.4
81;2021-06-27;526;1646;200530;138907;51.7;35.8
81;2021-06-28;476;1541;201006;140448;51.8;36.2
81;2021-06-29;1083;2638;202089;143086;52.1;36.9
81;2021-06-30;1042;3153;203131;146239;52.4;37.7
81;2021-07-01;951;2628;204082;148867;52.6;38.4
81;2021-07-02;1071;2860;205153;151727;52.9;39.1
81;2021-07-03;732;2829;205885;154556;53.1;39.8
81;2021-07-04;268;1010;206153;155566;53.1;40.1
81;2021-07-05;703;1624;206856;157190;53.3;40.5
81;2021-07-06;975;3177;207831;160367;53.6;41.3
81;2021-07-07;1059;2436;208890;162803;53.9;42.0
81;2021-07-08;1030;2235;209920;165038;54.1;42.5
81;2021-07-09;1147;2704;211067;167742;54.4;43.2
81;2021-07-10;807;1523;211874;169265;54.6;43.6
81;2021-07-11;436;1012;212310;170277;54.7;43.9
81;2021-07-12;737;1726;213047;172003;54.9;44.3
81;2021-07-13;2066;3143;215113;175146;55.5;45.2
81;2021-07-14;1443;1572;216556;176718;55.8;45.6
81;2021-07-15;2546;2759;219102;179477;56.5;46.3
81;2021-07-16;2035;3031;221137;182508;57.0;47.1
81;2021-07-17;1219;2454;222356;184962;57.3;47.7
81;2021-07-18;672;1130;223028;186092;57.5;48.0
81;2021-07-19;1254;1734;224282;187826;57.8;48.4
81;2021-07-20;3066;2807;227348;190633;58.6;49.1
81;2021-07-21;3492;2346;230840;192979;59.5;49.7
81;2021-07-22;3561;2098;234401;195077;60.4;50.3
81;2021-07-23;3174;3248;237575;198325;61.2;51.1
81;2021-07-24;2519;1722;240094;200047;61.9;51.6
81;2021-07-25;1685;710;241779;200757;62.3;51.8
81;2021-07-26;2015;1546;243794;202303;62.9;52.2
81;2021-07-27;3619;2542;247413;204845;63.8;52.8
81;2021-07-28;3049;2203;250462;207048;64.6;53.4
81;2021-07-29;3355;1779;253817;208827;65.4;53.8
81;2021-07-30;2829;2260;256646;211087;66.2;54.4
81;2021-07-31;1948;1010;258594;212097;66.7;54.7
81;2021-08-01;836;637;259430;212734;66.9;54.8
81;2021-08-02;1075;990;260505;213724;67.2;55.1
81;2021-08-03;2361;2116;262866;215840;67.8;55.6
81;2021-08-04;2030;1537;264896;217377;68.3;56.0
81;2021-08-05;1535;1875;266431;219252;68.7;56.5
81;2021-08-06;1727;1975;268158;221227;69.1;57.0
81;2021-08-07;982;1042;269140;222269;69.4;57.3
81;2021-08-08;437;709;269577;222978;69.5;57.5
81;2021-08-09;803;657;270380;223635;69.7;57.7
81;2021-08-10;1605;2756;271985;226391;70.1;58.4
81;2021-08-11;1108;2408;273093;228799;70.4;59.0
81;2021-08-12;1049;2249;274142;231048;70.7;59.6
81;2021-08-13;871;2470;275013;233518;70.9;60.2
81;2021-08-14;493;1873;275506;235391;71.0;60.7
81;2021-08-15;141;1100;275647;236491;71.1;61.0
81;2021-08-16;625;1820;276272;238311;71.2;61.4
81;2021-08-17;1335;3099;277607;241410;71.6;62.2
81;2021-08-18;1057;2359;278664;243769;71.8;62.8
81;2021-08-19;937;2266;279601;246035;72.1;63.4
81;2021-08-20;915;2352;280516;248387;72.3;64.0
81;2021-08-21;466;1535;280982;249922;72.4;64.4
81;2021-08-22;184;930;281166;250852;72.5;64.7
81;2021-08-23;482;1264;281648;252116;72.6;65.0
81;2021-08-24;837;2535;282485;254651;72.8;65.6
81;2021-08-25;699;2053;283184;256704;73.0;66.2
81;2021-08-26;851;2107;284035;258811;73.2;66.7
81;2021-08-27;839;2180;284874;260991;73.4;67.3
81;2021-08-28;472;1414;285346;262405;73.6;67.6
81;2021-08-29;163;829;285509;263234;73.6;67.9
81;2021-08-30;416;1210;285925;264444;73.7;68.2
81;2021-08-31;825;2113;286750;266557;73.9;68.7
81;2021-09-01;642;1407;287392;267964;74.1;69.1
81;2021-09-02;563;1303;287955;269267;74.2;69.4
82;2020-12-27;0;0;0;0;0.0;0.0
82;2020-12-28;2;0;2;0;0.0;0.0
82;2020-12-29;0;0;2;0;0.0;0.0
82;2020-12-30;0;0;2;0;0.0;0.0
82;2020-12-31;0;0;2;0;0.0;0.0
82;2021-01-01;0;0;2;0;0.0;0.0
82;2021-01-02;0;0;2;0;0.0;0.0
82;2021-01-03;0;0;2;0;0.0;0.0
82;2021-01-04;0;0;2;0;0.0;0.0
82;2021-01-05;86;0;88;0;0.0;0.0
82;2021-01-06;1;0;89;0;0.0;0.0
82;2021-01-07;75;0;164;0;0.1;0.0
82;2021-01-08;46;0;210;0;0.1;0.0
82;2021-01-09;77;0;287;0;0.1;0.0
82;2021-01-10;0;0;287;0;0.1;0.0
82;2021-01-11;94;0;381;0;0.1;0.0
82;2021-01-12;284;0;665;0;0.3;0.0
82;2021-01-13;336;1;1001;1;0.4;0.0
82;2021-01-14;442;3;1443;4;0.5;0.0
82;2021-01-15;612;2;2055;6;0.8;0.0
82;2021-01-16;230;3;2285;9;0.9;0.0
82;2021-01-17;89;0;2374;9;0.9;0.0
82;2021-01-18;433;0;2807;9;1.1;0.0
82;2021-01-19;482;1;3289;10;1.3;0.0
82;2021-01-20;663;2;3952;12;1.5;0.0
82;2021-01-21;447;1;4399;13;1.7;0.0
82;2021-01-22;483;2;4882;15;1.9;0.0
82;2021-01-23;151;0;5033;15;1.9;0.0
82;2021-01-24;0;0;5033;15;1.9;0.0
82;2021-01-25;376;0;5409;15;2.1;0.0
82;2021-01-26;468;0;5877;15;2.2;0.0
82;2021-01-27;519;0;6396;15;2.4;0.0
82;2021-01-28;586;34;6982;49;2.7;0.0
82;2021-01-29;405;108;7387;157;2.8;0.1
82;2021-01-30;44;20;7431;177;2.8;0.1
82;2021-01-31;0;0;7431;177;2.8;0.1
82;2021-02-01;294;55;7725;232;2.9;0.1
82;2021-02-02;344;99;8069;331;3.1;0.1
82;2021-02-03;462;66;8531;397;3.2;0.2
82;2021-02-04;765;218;9296;615;3.5;0.2
82;2021-02-05;480;144;9776;759;3.7;0.3
82;2021-02-06;93;39;9869;798;3.8;0.3
82;2021-02-07;29;79;9898;877;3.8;0.3
82;2021-02-08;149;221;10047;1098;3.8;0.4
82;2021-02-09;238;388;10285;1486;3.9;0.6
82;2021-02-10;271;591;10556;2077;4.0;0.8
82;2021-02-11;225;395;10781;2472;4.1;0.9
82;2021-02-12;190;604;10971;3076;4.2;1.2
82;2021-02-13;60;115;11031;3191;4.2;1.2
82;2021-02-14;4;77;11035;3268;4.2;1.2
82;2021-02-15;217;298;11252;3566;4.3;1.4
82;2021-02-16;280;383;11532;3949;4.4;1.5
82;2021-02-17;359;519;11891;4468;4.5;1.7
82;2021-02-18;507;500;12398;4968;4.7;1.9
82;2021-02-19;490;540;12888;5508;4.9;2.1
82;2021-02-20;78;138;12966;5646;4.9;2.1
82;2021-02-21;0;0;12966;5646;4.9;2.1
82;2021-02-22;200;398;13166;6044;5.0;2.3
82;2021-02-23;277;467;13443;6511;5.1;2.5
82;2021-02-24;283;445;13726;6956;5.2;2.6
82;2021-02-25;639;503;14365;7459;5.5;2.8
82;2021-02-26;648;395;15013;7854;5.7;3.0
82;2021-02-27;214;70;15227;7924;5.8;3.0
82;2021-02-28;30;7;15257;7931;5.8;3.0
82;2021-03-01;291;226;15548;8157;5.9;3.1
82;2021-03-02;495;401;16043;8558;6.1;3.3
82;2021-03-03;440;382;16483;8940;6.3;3.4
82;2021-03-04;600;300;17083;9240;6.5;3.5
82;2021-03-05;680;380;17763;9620;6.8;3.7
82;2021-03-06;693;43;18456;9663;7.0;3.7
82;2021-03-07;302;3;18758;9666;7.1;3.7
82;2021-03-08;603;154;19361;9820;7.4;3.7
82;2021-03-09;582;257;19943;10077;7.6;3.8
82;2021-03-10;779;248;20722;10325;7.9;3.9
82;2021-03-11;975;284;21697;10609;8.3;4.0
82;2021-03-12;992;103;22689;10712;8.6;4.1
82;2021-03-13;564;53;23253;10765;8.9;4.1
82;2021-03-14;61;5;23314;10770;8.9;4.1
82;2021-03-15;485;324;23799;11094;9.1;4.2
82;2021-03-16;197;331;23996;11425;9.1;4.4
82;2021-03-17;191;294;24187;11719;9.2;4.5
82;2021-03-18;279;350;24466;12069;9.3;4.6
82;2021-03-19;533;311;24999;12380;9.5;4.7
82;2021-03-20;251;58;25250;12438;9.6;4.7
82;2021-03-21;23;0;25273;12438;9.6;4.7
82;2021-03-22;406;320;25679;12758;9.8;4.9
82;2021-03-23;601;314;26280;13072;10.0;5.0
82;2021-03-24;620;332;26900;13404;10.2;5.1
82;2021-03-25;928;245;27828;13649;10.6;5.2
82;2021-03-26;1216;270;29044;13919;11.1;5.3
82;2021-03-27;479;77;29523;13996;11.2;5.3
82;2021-03-28;136;2;29659;13998;11.3;5.3
82;2021-03-29;925;378;30584;14376;11.6;5.5
82;2021-03-30;1188;280;31772;14656;12.1;5.6
82;2021-03-31;1019;262;32791;14918;12.5;5.7
82;2021-04-01;1072;198;33863;15116;12.9;5.8
82;2021-04-02;1212;286;35075;15402;13.4;5.9
82;2021-04-03;715;132;35790;15534;13.6;5.9
82;2021-04-04;276;14;36066;15548;13.7;5.9
82;2021-04-05;388;20;36454;15568;13.9;5.9
82;2021-04-06;953;511;37407;16079;14.2;6.1
82;2021-04-07;1017;498;38424;16577;14.6;6.3
82;2021-04-08;1454;418;39878;16995;15.2;6.5
82;2021-04-09;1656;472;41534;17467;15.8;6.7
82;2021-04-10;1716;102;43250;17569;16.5;6.7
82;2021-04-11;559;19;43809;17588;16.7;6.7
82;2021-04-12;1348;293;45157;17881;17.2;6.8
82;2021-04-13;1626;271;46783;18152;17.8;6.9
82;2021-04-14;1410;296;48193;18448;18.4;7.0
82;2021-04-15;1782;324;49975;18772;19.0;7.1
82;2021-04-16;1541;335;51516;19107;19.6;7.3
82;2021-04-17;1243;70;52759;19177;20.1;7.3
82;2021-04-18;561;15;53320;19192;20.3;7.3
82;2021-04-19;958;359;54278;19551;20.7;7.4
82;2021-04-20;1268;401;55546;19952;21.2;7.6
82;2021-04-21;1219;373;56765;20325;21.6;7.7
82;2021-04-22;1452;294;58217;20619;22.2;7.9
82;2021-04-23;1076;683;59293;21302;22.6;8.1
82;2021-04-24;1188;264;60481;21566;23.0;8.2
82;2021-04-25;736;48;61217;21614;23.3;8.2
82;2021-04-26;748;809;61965;22423;23.6;8.5
82;2021-04-27;905;924;62870;23347;23.9;8.9
82;2021-04-28;921;899;63791;24246;24.3;9.2
82;2021-04-29;1107;912;64898;25158;24.7;9.6
82;2021-04-30;1042;889;65940;26047;25.1;9.9
82;2021-05-01;1143;258;67083;26305;25.5;10.0
82;2021-05-02;697;145;67780;26450;25.8;10.1
82;2021-05-03;410;1215;68190;27665;26.0;10.5
82;2021-05-04;864;1170;69054;28835;26.3;11.0
82;2021-05-05;568;1173;69622;30008;26.5;11.4
82;2021-05-06;848;1418;70470;31426;26.8;12.0
82;2021-05-07;734;1456;71204;32882;27.1;12.5
82;2021-05-08;935;519;72139;33401;27.5;12.7
82;2021-05-09;753;578;72892;33979;27.8;12.9
82;2021-05-10;850;1363;73742;35342;28.1;13.5
82;2021-05-11;1158;1348;74900;36690;28.5;14.0
82;2021-05-12;1016;1346;75916;38036;28.9;14.5
82;2021-05-13;1454;432;77370;38468;29.5;14.6
82;2021-05-14;1691;1240;79061;39708;30.1;15.1
82;2021-05-15;1935;697;80996;40405;30.8;15.4
82;2021-05-16;558;115;81554;40520;31.1;15.4
82;2021-05-17;1090;1173;82644;41693;31.5;15.9
82;2021-05-18;1466;1190;84110;42883;32.0;16.3
82;2021-05-19;1271;977;85381;43860;32.5;16.7
82;2021-05-20;1408;1161;86789;45021;33.0;17.1
82;2021-05-21;1411;1218;88200;46239;33.6;17.6
82;2021-05-22;2069;631;90269;46870;34.4;17.8
82;2021-05-23;705;117;90974;46987;34.6;17.9
82;2021-05-24;1441;265;92415;47252;35.2;18.0
82;2021-05-25;1445;964;93860;48216;35.7;18.4
82;2021-05-26;1413;921;95273;49137;36.3;18.7
82;2021-05-27;1460;1025;96733;50162;36.8;19.1
82;2021-05-28;1540;1143;98273;51305;37.4;19.5
82;2021-05-29;1496;546;99769;51851;38.0;19.7
82;2021-05-30;402;101;100171;51952;38.1;19.8
82;2021-05-31;1491;991;101662;52943;38.7;20.2
82;2021-06-01;1751;1053;103413;53996;39.4;20.6
82;2021-06-02;1476;1008;104889;55004;39.9;20.9
82;2021-06-03;1490;1183;106379;56187;40.5;21.4
82;2021-06-04;2250;1305;108629;57492;41.4;21.9
82;2021-06-05;2271;987;110900;58479;42.2;22.3
82;2021-06-06;329;133;111229;58612;42.4;22.3
82;2021-06-07;958;1275;112187;59887;42.7;22.8
82;2021-06-08;1445;1141;113632;61028;43.3;23.2
82;2021-06-09;1709;1144;115341;62172;43.9;23.7
82;2021-06-10;1441;1208;116782;63380;44.5;24.1
82;2021-06-11;1922;1125;118704;64505;45.2;24.6
82;2021-06-12;2392;1396;121096;65901;46.1;25.1
82;2021-06-13;379;113;121475;66014;46.3;25.1
82;2021-06-14;1213;1082;122688;67096;46.7;25.5
82;2021-06-15;1462;1245;124150;68341;47.3;26.0
82;2021-06-16;1751;1168;125901;69509;47.9;26.5
82;2021-06-17;1219;1472;127120;70981;48.4;27.0
82;2021-06-18;1469;1439;128589;72420;49.0;27.6
82;2021-06-19;2271;982;130860;73402;49.8;28.0
82;2021-06-20;268;173;131128;73575;49.9;28.0
82;2021-06-21;483;1360;131611;74935;50.1;28.5
82;2021-06-22;892;1709;132503;76644;50.5;29.2
82;2021-06-23;1238;1587;133741;78231;50.9;29.8
82;2021-06-24;757;1905;134498;80136;51.2;30.5
82;2021-06-25;741;1938;135239;82074;51.5;31.3
82;2021-06-26;1240;2145;136479;84219;52.0;32.1
82;2021-06-27;195;438;136674;84657;52.0;32.2
82;2021-06-28;330;1412;137004;86069;52.2;32.8
82;2021-06-29;518;1842;137522;87911;52.4;33.5
82;2021-06-30;948;1912;138470;89823;52.7;34.2
82;2021-07-01;659;1633;139129;91456;53.0;34.8
82;2021-07-02;931;2295;140060;93751;53.3;35.7
82;2021-07-03;859;2340;140919;96091;53.7;36.6
82;2021-07-04;120;439;141039;96530;53.7;36.8
82;2021-07-05;444;1561;141483;98091;53.9;37.4
82;2021-07-06;512;1867;141995;99958;54.1;38.1
82;2021-07-07;791;1776;142786;101734;54.4;38.7
82;2021-07-08;504;1503;143290;103237;54.6;39.3
82;2021-07-09;781;2154;144071;105391;54.9;40.1
82;2021-07-10;706;2216;144777;107607;55.1;41.0
82;2021-07-11;38;380;144815;107987;55.1;41.1
82;2021-07-12;578;1884;145393;109871;55.4;41.8
82;2021-07-13;715;2004;146108;111875;55.6;42.6
82;2021-07-14;617;741;146725;112616;55.9;42.9
82;2021-07-15;858;1751;147583;114367;56.2;43.5
82;2021-07-16;1438;2639;149021;117006;56.7;44.6
82;2021-07-17;561;2185;149582;119191;57.0;45.4
82;2021-07-18;14;41;149596;119232;57.0;45.4
82;2021-07-19;737;2071;150333;121303;57.2;46.2
82;2021-07-20;920;1884;151253;123187;57.6;46.9
82;2021-07-21;1289;1764;152542;124951;58.1;47.6
82;2021-07-22;1082;1767;153624;126718;58.5;48.3
82;2021-07-23;1053;2986;154677;129704;58.9;49.4
82;2021-07-24;1103;1491;155780;131195;59.3;50.0
82;2021-07-25;303;73;156083;131268;59.4;50.0
82;2021-07-26;952;1897;157035;133165;59.8;50.7
82;2021-07-27;1341;1640;158376;134805;60.3;51.3
82;2021-07-28;1468;1498;159844;136303;60.9;51.9
82;2021-07-29;1328;1534;161172;137837;61.4;52.5
82;2021-07-30;1537;2474;162709;140311;62.0;53.4
82;2021-07-31;459;294;163168;140605;62.1;53.5
82;2021-08-01;273;50;163441;140655;62.2;53.6
82;2021-08-02;1272;876;164713;141531;62.7;53.9
82;2021-08-03;1431;830;166144;142361;63.3;54.2
82;2021-08-04;1364;1031;167508;143392;63.8;54.6
82;2021-08-05;1489;600;168997;143992;64.4;54.8
82;2021-08-06;994;647;169991;144639;64.7;55.1
82;2021-08-07;921;1194;170912;145833;65.1;55.5
82;2021-08-08;155;65;171067;145898;65.1;55.6
82;2021-08-09;1072;894;172139;146792;65.5;55.9
82;2021-08-10;1288;916;173427;147708;66.0;56.2
82;2021-08-11;1261;1124;174688;148832;66.5;56.7
82;2021-08-12;1471;946;176159;149778;67.1;57.0
82;2021-08-13;1407;998;177566;150776;67.6;57.4
82;2021-08-14;311;483;177877;151259;67.7;57.6
82;2021-08-15;61;34;177938;151293;67.8;57.6
82;2021-08-16;781;1462;178719;152755;68.1;58.2
82;2021-08-17;1059;1234;179778;153989;68.5;58.6
82;2021-08-18;612;849;180390;154838;68.7;59.0
82;2021-08-19;1005;1146;181395;155984;69.1;59.4
82;2021-08-20;1032;1899;182427;157883;69.5;60.1
82;2021-08-21;495;989;182922;158872;69.7;60.5
82;2021-08-22;21;55;182943;158927;69.7;60.5
82;2021-08-23;741;1294;183684;160221;69.9;61.0
82;2021-08-24;858;1116;184542;161337;70.3;61.4
82;2021-08-25;847;1535;185389;162872;70.6;62.0
82;2021-08-26;594;1095;185983;163967;70.8;62.4
82;2021-08-27;893;1678;186876;165645;71.2;63.1
82;2021-08-28;211;616;187087;166261;71.2;63.3
82;2021-08-29;37;49;187124;166310;71.3;63.3
82;2021-08-30;420;1021;187544;167331;71.4;63.7
82;2021-08-31;338;1022;187882;168353;71.5;64.1
82;2021-09-01;719;1403;188601;169756;71.8;64.6
82;2021-09-02;372;1292;188973;171048;72.0;65.1
83;2020-12-27;1;0;1;0;0.0;0.0
83;2020-12-28;0;0;1;0;0.0;0.0
83;2020-12-29;1;0;2;0;0.0;0.0
83;2020-12-30;1;0;3;0;0.0;0.0
83;2020-12-31;0;0;3;0;0.0;0.0
83;2021-01-01;1;0;4;0;0.0;0.0
83;2021-01-02;0;0;4;0;0.0;0.0
83;2021-01-03;1;0;5;0;0.0;0.0
83;2021-01-04;1;0;6;0;0.0;0.0
83;2021-01-05;3;0;9;0;0.0;0.0
83;2021-01-06;69;0;78;0;0.0;0.0
83;2021-01-07;324;0;402;0;0.0;0.0
83;2021-01-08;421;0;823;0;0.1;0.0
83;2021-01-09;48;0;871;0;0.1;0.0
83;2021-01-10;1;0;872;0;0.1;0.0
83;2021-01-11;475;0;1347;0;0.1;0.0
83;2021-01-12;1002;4;2349;4;0.2;0.0
83;2021-01-13;961;7;3310;11;0.3;0.0
83;2021-01-14;843;5;4153;16;0.4;0.0
83;2021-01-15;702;1;4855;17;0.5;0.0
83;2021-01-16;41;1;4896;18;0.5;0.0
83;2021-01-17;1;0;4897;18;0.5;0.0
83;2021-01-18;1223;4;6120;22;0.6;0.0
83;2021-01-19;2017;7;8137;29;0.8;0.0
83;2021-01-20;1659;10;9796;39;0.9;0.0
83;2021-01-21;2101;8;11897;47;1.1;0.0
83;2021-01-22;1658;6;13555;53;1.3;0.0
83;2021-01-23;245;0;13800;53;1.3;0.0
83;2021-01-24;21;1;13821;54;1.3;0.0
83;2021-01-25;1554;7;15375;61;1.4;0.0
83;2021-01-26;1757;14;17132;75;1.6;0.0
83;2021-01-27;2153;80;19285;155;1.8;0.0
83;2021-01-28;5086;358;24371;513;2.3;0.0
83;2021-01-29;2948;345;27319;858;2.5;0.1
83;2021-01-30;235;45;27554;903;2.6;0.1
83;2021-01-31;46;0;27600;903;2.6;0.1
83;2021-02-01;1280;402;28880;1305;2.7;0.1
83;2021-02-02;1438;714;30318;2019;2.8;0.2
83;2021-02-03;1526;620;31844;2639;3.0;0.2
83;2021-02-04;1483;732;33327;3371;3.1;0.3
83;2021-02-05;1219;668;34546;4039;3.2;0.4
83;2021-02-06;23;14;34569;4053;3.2;0.4
83;2021-02-07;1;0;34570;4053;3.2;0.4
83;2021-02-08;1089;605;35659;4658;3.3;0.4
83;2021-02-09;1324;902;36983;5560;3.4;0.5
83;2021-02-10;1533;790;38516;6350;3.6;0.6
83;2021-02-11;1606;1016;40122;7366;3.7;0.7
83;2021-02-12;1347;815;41469;8181;3.9;0.8
83;2021-02-13;54;25;41523;8206;3.9;0.8
83;2021-02-14;0;0;41523;8206;3.9;0.8
83;2021-02-15;671;982;42194;9188;3.9;0.9
83;2021-02-16;541;1320;42735;10508;4.0;1.0
83;2021-02-17;804;1770;43539;12278;4.1;1.1
83;2021-02-18;1627;3778;45166;16056;4.2;1.5
83;2021-02-19;1478;2264;46644;18320;4.3;1.7
83;2021-02-20;63;167;46707;18487;4.3;1.7
83;2021-02-21;25;35;46732;18522;4.4;1.7
83;2021-02-22;503;1687;47235;20209;4.4;1.9
83;2021-02-23;671;1379;47906;21588;4.5;2.0
83;2021-02-24;723;1426;48629;23014;4.5;2.1
83;2021-02-25;1250;1354;49879;24368;4.6;2.3
83;2021-02-26;1299;1198;51178;25566;4.8;2.4
83;2021-02-27;552;55;51730;25621;4.8;2.4
83;2021-02-28;10;13;51740;25634;4.8;2.4
83;2021-03-01;811;1198;52551;26832;4.9;2.5
83;2021-03-02;988;1274;53539;28106;5.0;2.6
83;2021-03-03;1438;1511;54977;29617;5.1;2.8
83;2021-03-04;1890;1368;56867;30985;5.3;2.9
83;2021-03-05;2218;1229;59085;32214;5.5;3.0
83;2021-03-06;3009;113;62094;32327;5.8;3.0
83;2021-03-07;2226;42;64320;32369;6.0;3.0
83;2021-03-08;850;1309;65170;33678;6.1;3.1
83;2021-03-09;1931;1210;67101;34888;6.2;3.2
83;2021-03-10;2378;1357;69479;36245;6.5;3.4
83;2021-03-11;3674;2194;73153;38439;6.8;3.6
83;2021-03-12;3643;1506;76796;39945;7.2;3.7
83;2021-03-13;4607;177;81403;40122;7.6;3.7
83;2021-03-14;2339;53;83742;40175;7.8;3.7
83;2021-03-15;3337;667;87079;40842;8.1;3.8
83;2021-03-16;2600;696;89679;41538;8.4;3.9
83;2021-03-17;2847;784;92526;42322;8.6;3.9
83;2021-03-18;3549;793;96075;43115;8.9;4.0
83;2021-03-19;4175;584;100250;43699;9.3;4.1
83;2021-03-20;3476;73;103726;43772;9.7;4.1
83;2021-03-21;2011;30;105737;43802;9.8;4.1
83;2021-03-22;3967;894;109704;44696;10.2;4.2
83;2021-03-23;4753;591;114457;45287;10.7;4.2
83;2021-03-24;5051;721;119508;46008;11.1;4.3
83;2021-03-25;6533;852;126041;46860;11.7;4.4
83;2021-03-26;7176;747;133217;47607;12.4;4.4
83;2021-03-27;3969;388;137186;47995;12.8;4.5
83;2021-03-28;2183;34;139369;48029;13.0;4.5
83;2021-03-29;4556;765;143925;48794;13.4;4.5
83;2021-03-30;5966;952;149891;49746;14.0;4.6
83;2021-03-31;5551;1075;155442;50821;14.5;4.7
83;2021-04-01;5979;1259;161421;52080;15.0;4.8
83;2021-04-02;5763;1072;167184;53152;15.6;4.9
83;2021-04-03;1801;633;168985;53785;15.7;5.0
83;2021-04-04;855;347;169840;54132;15.8;5.0
83;2021-04-05;190;66;170030;54198;15.8;5.0
83;2021-04-06;4730;1402;174760;55600;16.3;5.2
83;2021-04-07;5832;1660;180592;57260;16.8;5.3
83;2021-04-08;7884;2000;188476;59260;17.6;5.5
83;2021-04-09;7598;2201;196074;61461;18.3;5.7
83;2021-04-10;2948;2651;199022;64112;18.5;6.0
83;2021-04-11;1715;2136;200737;66248;18.7;6.2
83;2021-04-12;4952;2874;205689;69122;19.2;6.4
83;2021-04-13;5409;3002;211098;72124;19.7;6.7
83;2021-04-14;5896;2942;216994;75066;20.2;7.0
83;2021-04-15;6776;3040;223770;78106;20.8;7.3
83;2021-04-16;6125;3517;229895;81623;21.4;7.6
83;2021-04-17;3510;2192;233405;83815;21.7;7.8
83;2021-04-18;2177;1295;235582;85110;21.9;7.9
83;2021-04-19;4106;3903;239688;89013;22.3;8.3
83;2021-04-20;4358;3870;244046;92883;22.7;8.6
83;2021-04-21;4303;4153;248349;97036;23.1;9.0
83;2021-04-22;5009;4301;253358;101337;23.6;9.4
83;2021-04-23;4529;4566;257887;105903;24.0;9.9
83;2021-04-24;2630;2712;260517;108615;24.3;10.1
83;2021-04-25;1925;1571;262442;110186;24.4;10.3
83;2021-04-26;3569;3850;266011;114036;24.8;10.6
83;2021-04-27;4138;4555;270149;118591;25.2;11.0
83;2021-04-28;4315;4367;274464;122958;25.6;11.5
83;2021-04-29;5819;5124;280283;128082;26.1;11.9
83;2021-04-30;5788;4304;286071;132386;26.6;12.3
83;2021-05-01;1691;428;287762;132814;26.8;12.4
83;2021-05-02;1237;756;288999;133570;26.9;12.4
83;2021-05-03;3750;4282;292749;137852;27.3;12.8
83;2021-05-04;3345;5101;296094;142953;27.6;13.3
83;2021-05-05;3642;4971;299736;147924;27.9;13.8
83;2021-05-06;4673;4955;304409;152879;28.3;14.2
83;2021-05-07;4167;5313;308576;158192;28.7;14.7
83;2021-05-08;2763;1015;311339;159207;29.0;14.8
83;2021-05-09;2153;1237;313492;160444;29.2;14.9
83;2021-05-10;3204;5427;316696;165871;29.5;15.4
83;2021-05-11;5128;5685;321824;171556;30.0;16.0
83;2021-05-12;6292;4846;328116;176402;30.6;16.4
83;2021-05-13;6582;1346;334698;177748;31.2;16.6
83;2021-05-14;7421;4120;342119;181868;31.9;16.9
83;2021-05-15;7754;2201;349873;184069;32.6;17.1
83;2021-05-16;6628;1251;356501;185320;33.2;17.3
83;2021-05-17;4894;4216;361395;189536;33.7;17.7
83;2021-05-18;5538;3867;366933;193403;34.2;18.0
83;2021-05-19;6210;3411;373143;196814;34.7;18.3
83;2021-05-20;6758;3797;379901;200611;35.4;18.7
83;2021-05-21;7908;3869;387809;204480;36.1;19.0
83;2021-05-22;6091;1720;393900;206200;36.7;19.2
83;2021-05-23;4686;714;398586;206914;37.1;19.3
83;2021-05-24;5810;973;404396;207887;37.7;19.4
83;2021-05-25;5515;4757;409911;212644;38.2;19.8
83;2021-05-26;4859;4443;414770;217087;38.6;20.2
83;2021-05-27;5070;5263;419840;222350;39.1;20.7
83;2021-05-28;4506;5769;424346;228119;39.5;21.2
83;2021-05-29;2707;4274;427053;232393;39.8;21.6
83;2021-05-30;1257;1374;428310;233767;39.9;21.8
83;2021-05-31;5488;4768;433798;238535;40.4;22.2
83;2021-06-01;5729;5304;439527;243839;40.9;22.7
83;2021-06-02;5261;4591;444788;248430;41.4;23.1
83;2021-06-03;5744;5131;450532;253561;42.0;23.6
83;2021-06-04;5447;6048;455979;259609;42.5;24.2
83;2021-06-05;3926;3200;459905;262809;42.8;24.5
83;2021-06-06;1936;1383;461841;264192;43.0;24.6
83;2021-06-07;3918;5094;465759;269286;43.4;25.1
83;2021-06-08;4177;4826;469936;274112;43.8;25.5
83;2021-06-09;4007;4701;473943;278813;44.1;26.0
83;2021-06-10;3997;4262;477940;283075;44.5;26.4
83;2021-06-11;3658;5446;481598;288521;44.8;26.9
83;2021-06-12;2913;2982;484511;291503;45.1;27.1
83;2021-06-13;995;1391;485506;292894;45.2;27.3
83;2021-06-14;2857;5654;488363;298548;45.5;27.8
83;2021-06-15;3167;4861;491530;303409;45.8;28.3
83;2021-06-16;2964;4510;494494;307919;46.0;28.7
83;2021-06-17;2779;5283;497273;313202;46.3;29.2
83;2021-06-18;3159;5962;500432;319164;46.6;29.7
83;2021-06-19;2321;4098;502753;323262;46.8;30.1
83;2021-06-20;674;1888;503427;325150;46.9;30.3
83;2021-06-21;2111;7587;505538;332737;47.1;31.0
83;2021-06-22;2102;7164;507640;339901;47.3;31.7
83;2021-06-23;1936;6925;509576;346826;47.5;32.3
83;2021-06-24;1962;7370;511538;354196;47.6;33.0
83;2021-06-25;2112;8398;513650;362594;47.8;33.8
83;2021-06-26;1464;6808;515114;369402;48.0;34.4
83;2021-06-27;692;3186;515806;372588;48.0;34.7
83;2021-06-28;1571;7886;517377;380474;48.2;35.4
83;2021-06-29;1908;7811;519285;388285;48.4;36.2
83;2021-06-30;2238;7274;521523;395559;48.6;36.8
83;2021-07-01;2557;6567;524080;402126;48.8;37.4
83;2021-07-02;2265;7799;526345;409925;49.0;38.2
83;2021-07-03;1510;5686;527855;415611;49.2;38.7
83;2021-07-04;572;2751;528427;418362;49.2;39.0
83;2021-07-05;1924;7533;530351;425895;49.4;39.7
83;2021-07-06;2573;5939;532924;431834;49.6;40.2
83;2021-07-07;2685;4673;535609;436507;49.9;40.6
83;2021-07-08;3247;4472;538856;440979;50.2;41.1
83;2021-07-09;3047;6962;541903;447941;50.5;41.7
83;2021-07-10;1577;4930;543480;452871;50.6;42.2
83;2021-07-11;1009;1765;544489;454636;50.7;42.3
83;2021-07-12;2140;7685;546629;462321;50.9;43.1
83;2021-07-13;4039;7091;550668;469412;51.3;43.7
83;2021-07-14;2096;1323;552764;470735;51.5;43.8
83;2021-07-15;4586;6845;557350;477580;51.9;44.5
83;2021-07-16;5273;7123;562623;484703;52.4;45.1
83;2021-07-17;3652;5000;566275;489703;52.7;45.6
83;2021-07-18;1605;1312;567880;491015;52.9;45.7
83;2021-07-19;3955;6315;571835;497330;53.3;46.3
83;2021-07-20;5987;6185;577822;503515;53.8;46.9
83;2021-07-21;6027;5207;583849;508722;54.4;47.4
83;2021-07-22;7118;5539;590967;514261;55.0;47.9
83;2021-07-23;7102;5910;598069;520171;55.7;48.4
83;2021-07-24;4645;4563;602714;524734;56.1;48.9
83;2021-07-25;1329;734;604043;525468;56.3;48.9
83;2021-07-26;5548;4936;609591;530404;56.8;49.4
83;2021-07-27;6835;4898;616426;535302;57.4;49.8
83;2021-07-28;6597;4415;623023;539717;58.0;50.3
83;2021-07-29;7495;4850;630518;544567;58.7;50.7
83;2021-07-30;6962;4754;637480;549321;59.4;51.2
83;2021-07-31;4666;3215;642146;552536;59.8;51.5
83;2021-08-01;1065;849;643211;553385;59.9;51.5
83;2021-08-02;5763;3699;648974;557084;60.4;51.9
83;2021-08-03;6376;3990;655350;561074;61.0;52.2
83;2021-08-04;5901;3701;661251;564775;61.6;52.6
83;2021-08-05;6166;4075;667417;568850;62.2;53.0
83;2021-08-06;6148;4912;673565;573762;62.7;53.4
83;2021-08-07;3748;3546;677313;577308;63.1;53.8
83;2021-08-08;1063;821;678376;578129;63.2;53.8
83;2021-08-09;4706;4636;683082;582765;63.6;54.3
83;2021-08-10;5225;5147;688307;587912;64.1;54.7
83;2021-08-11;4575;5065;692882;592977;64.5;55.2
83;2021-08-12;4908;5558;697790;598535;65.0;55.7
83;2021-08-13;4908;5742;702698;604277;65.4;56.3
83;2021-08-14;3197;3885;705895;608162;65.7;56.6
83;2021-08-15;202;391;706097;608553;65.8;56.7
83;2021-08-16;3618;5465;709715;614018;66.1;57.2
83;2021-08-17;3552;5266;713267;619284;66.4;57.7
83;2021-08-18;3571;4992;716838;624276;66.8;58.1
83;2021-08-19;4157;6246;720995;630522;67.1;58.7
83;2021-08-20;3605;6500;724600;637022;67.5;59.3
83;2021-08-21;2337;4484;726937;641506;67.7;59.7
83;2021-08-22;629;1027;727566;642533;67.8;59.8
83;2021-08-23;2495;5777;730061;648310;68.0;60.4
83;2021-08-24;2878;5905;732939;654215;68.3;60.9
83;2021-08-25;2560;5275;735499;659490;68.5;61.4
83;2021-08-26;2777;5828;738276;665318;68.8;62.0
83;2021-08-27;2893;5904;741169;671222;69.0;62.5
83;2021-08-28;1927;4523;743096;675745;69.2;62.9
83;2021-08-29;473;1162;743569;676907;69.2;63.0
83;2021-08-30;2355;4950;745924;681857;69.5;63.5
83;2021-08-31;2493;5463;748417;687320;69.7;64.0
83;2021-09-01;2500;5052;750917;692372;69.9;64.5
83;2021-09-02;2440;4930;753357;697302;70.2;64.9
84;2020-12-27;0;0;0;0;0.0;0.0
84;2020-12-28;0;0;0;0;0.0;0.0
84;2020-12-29;0;0;0;0;0.0;0.0
84;2020-12-30;0;0;0;0;0.0;0.0
84;2020-12-31;0;0;0;0;0.0;0.0
84;2021-01-01;0;0;0;0;0.0;0.0
84;2021-01-02;0;0;0;0;0.0;0.0
84;2021-01-03;0;0;0;0;0.0;0.0
84;2021-01-04;0;0;0;0;0.0;0.0
84;2021-01-05;0;0;0;0;0.0;0.0
84;2021-01-06;0;0;0;0;0.0;0.0
84;2021-01-07;69;0;69;0;0.0;0.0
84;2021-01-08;81;0;150;0;0.0;0.0
84;2021-01-09;30;0;180;0;0.0;0.0
84;2021-01-10;0;0;180;0;0.0;0.0
84;2021-01-11;219;0;399;0;0.1;0.0
84;2021-01-12;623;2;1022;2;0.2;0.0
84;2021-01-13;358;0;1380;2;0.2;0.0
84;2021-01-14;947;12;2327;14;0.4;0.0
84;2021-01-15;618;10;2945;24;0.5;0.0
84;2021-01-16;166;0;3111;24;0.6;0.0
84;2021-01-17;29;1;3140;25;0.6;0.0
84;2021-01-18;696;3;3836;28;0.7;0.0
84;2021-01-19;879;2;4715;30;0.8;0.0
84;2021-01-20;1018;4;5733;34;1.0;0.0
84;2021-01-21;1049;5;6782;39;1.2;0.0
84;2021-01-22;1135;1;7917;40;1.4;0.0
84;2021-01-23;248;0;8165;40;1.5;0.0
84;2021-01-24;3;0;8168;40;1.5;0.0
84;2021-01-25;806;0;8974;40;1.6;0.0
84;2021-01-26;938;5;9912;45;1.8;0.0
84;2021-01-27;1071;2;10983;47;2.0;0.0
84;2021-01-28;1621;18;12604;65;2.2;0.0
84;2021-01-29;1201;63;13805;128;2.5;0.0
84;2021-01-30;171;20;13976;148;2.5;0.0
84;2021-01-31;7;0;13983;148;2.5;0.0
84;2021-02-01;657;142;14640;290;2.6;0.1
84;2021-02-02;786;267;15426;557;2.7;0.1
84;2021-02-03;759;239;16185;796;2.9;0.1
84;2021-02-04;911;389;17096;1185;3.0;0.2
84;2021-02-05;727;410;17823;1595;3.2;0.3
84;2021-02-06;127;46;17950;1641;3.2;0.3
84;2021-02-07;0;0;17950;1641;3.2;0.3
84;2021-02-08;568;263;18518;1904;3.3;0.3
84;2021-02-09;692;698;19210;2602;3.4;0.5
84;2021-02-10;557;555;19767;3157;3.5;0.6
84;2021-02-11;546;571;20313;3728;3.6;0.7
84;2021-02-12;562;663;20875;4391;3.7;0.8
84;2021-02-13;46;165;20921;4556;3.7;0.8
84;2021-02-14;3;0;20924;4556;3.7;0.8
84;2021-02-15;209;859;21133;5415;3.8;1.0
84;2021-02-16;222;792;21355;6207;3.8;1.1
84;2021-02-17;447;752;21802;6959;3.9;1.2
84;2021-02-18;557;1077;22359;8036;4.0;1.4
84;2021-02-19;737;1165;23096;9201;4.1;1.6
84;2021-02-20;65;143;23161;9344;4.1;1.7
84;2021-02-21;6;36;23167;9380;4.1;1.7
84;2021-02-22;369;728;23536;10108;4.2;1.8
84;2021-02-23;271;687;23807;10795;4.2;1.9
84;2021-02-24;393;710;24200;11505;4.3;2.1
84;2021-02-25;713;835;24913;12340;4.4;2.2
84;2021-02-26;823;669;25736;13009;4.6;2.3
84;2021-02-27;133;123;25869;13132;4.6;2.3
84;2021-02-28;17;0;25886;13132;4.6;2.3
84;2021-03-01;456;650;26342;13782;4.7;2.5
84;2021-03-02;631;797;26973;14579;4.8;2.6
84;2021-03-03;820;937;27793;15516;5.0;2.8
84;2021-03-04;1098;690;28891;16206;5.1;2.9
84;2021-03-05;1311;518;30202;16724;5.4;3.0
84;2021-03-06;1460;66;31662;16790;5.6;3.0
84;2021-03-07;481;16;32143;16806;5.7;3.0
84;2021-03-08;812;604;32955;17410;5.9;3.1
84;2021-03-09;1387;775;34342;18185;6.1;3.2
84;2021-03-10;1473;665;35815;18850;6.4;3.4
84;2021-03-11;1984;642;37799;19492;6.7;3.5
84;2021-03-12;2080;633;39879;20125;7.1;3.6
84;2021-03-13;747;36;40626;20161;7.2;3.6
84;2021-03-14;247;53;40873;20214;7.3;3.6
84;2021-03-15;1069;308;41942;20522;7.5;3.7
84;2021-03-16;1180;324;43122;20846;7.7;3.7
84;2021-03-17;1146;439;44268;21285;7.9;3.8
84;2021-03-18;1457;395;45725;21680;8.2;3.9
84;2021-03-19;2175;455;47900;22135;8.5;3.9
84;2021-03-20;839;25;48739;22160;8.7;4.0
84;2021-03-21;150;11;48889;22171;8.7;4.0
84;2021-03-22;1159;462;50048;22633;8.9;4.0
84;2021-03-23;1915;450;51963;23083;9.3;4.1
84;2021-03-24;2178;401;54141;23484;9.7;4.2
84;2021-03-25;3655;400;57796;23884;10.3;4.3
84;2021-03-26;3318;487;61114;24371;10.9;4.3
84;2021-03-27;914;58;62028;24429;11.1;4.4
84;2021-03-28;73;2;62101;24431;11.1;4.4
84;2021-03-29;1717;531;63818;24962;11.4;4.4
84;2021-03-30;2669;685;66487;25647;11.9;4.6
84;2021-03-31;2405;648;68892;26295;12.3;4.7
84;2021-04-01;3021;576;71913;26871;12.8;4.8
84;2021-04-02;2451;531;74364;27402;13.3;4.9
84;2021-04-03;510;28;74874;27430;13.3;4.9
84;2021-04-04;12;0;74886;27430;13.3;4.9
84;2021-04-05;812;103;75698;27533;13.5;4.9
84;2021-04-06;2145;844;77843;28377;13.9;5.1
84;2021-04-07;2404;864;80247;29241;14.3;5.2
84;2021-04-08;3653;1038;83900;30279;15.0;5.4
84;2021-04-09;4117;950;88017;31229;15.7;5.6
84;2021-04-10;1308;132;89325;31361;15.9;5.6
84;2021-04-11;37;12;89362;31373;15.9;5.6
84;2021-04-12;2092;805;91454;32178;16.3;5.7
84;2021-04-13;2942;1369;94396;33547;16.8;6.0
84;2021-04-14;2811;1356;97207;34903;17.3;6.2
84;2021-04-15;3274;1424;100481;36327;17.9;6.5
84;2021-04-16;3431;1548;103912;37875;18.5;6.8
84;2021-04-17;1666;198;105578;38073;18.8;6.8
84;2021-04-18;38;1;105616;38074;18.8;6.8
84;2021-04-19;2505;920;108121;38994;19.3;7.0
84;2021-04-20;2626;1531;110747;40525;19.7;7.2
84;2021-04-21;2651;1487;113398;42012;20.2;7.5
84;2021-04-22;3011;1736;116409;43748;20.8;7.8
84;2021-04-23;3036;1899;119445;45647;21.3;8.1
84;2021-04-24;1531;288;120976;45935;21.6;8.2
84;2021-04-25;27;2;121003;45937;21.6;8.2
84;2021-04-26;2196;1367;123199;47304;22.0;8.4
84;2021-04-27;2553;1986;125752;49290;22.4;8.8
84;2021-04-28;2818;1852;128570;51142;22.9;9.1
84;2021-04-29;3420;2036;131990;53178;23.5;9.5
84;2021-04-30;3135;2426;135125;55604;24.1;9.9
84;2021-05-01;457;259;135582;55863;24.2;10.0
84;2021-05-02;2;0;135584;55863;24.2;10.0
84;2021-05-03;2164;1635;137748;57498;24.6;10.2
84;2021-05-04;2489;2541;140237;60039;25.0;10.7
84;2021-05-05;2352;2230;142589;62269;25.4;11.1
84;2021-05-06;3223;2263;145812;64532;26.0;11.5
84;2021-05-07;2766;2558;148578;67090;26.5;12.0
84;2021-05-08;1158;527;149736;67617;26.7;12.1
84;2021-05-09;6;52;149742;67669;26.7;12.1
84;2021-05-10;2158;2463;151900;70132;27.1;12.5
84;2021-05-11;2907;3157;154807;73289;27.6;13.1
84;2021-05-12;2848;2925;157655;76214;28.1;13.6
84;2021-05-13;2159;847;159814;77061;28.5;13.7
84;2021-05-14;2728;2038;162542;79099;29.0;14.1
84;2021-05-15;2001;986;164543;80085;29.3;14.3
84;2021-05-16;1341;186;165884;80271;29.6;14.3
84;2021-05-17;2223;2156;168107;82427;30.0;14.7
84;2021-05-18;2904;2116;171011;84543;30.5;15.1
84;2021-05-19;3230;1667;174241;86210;31.1;15.4
84;2021-05-20;3700;2207;177941;88417;31.7;15.8
84;2021-05-21;3470;2337;181411;90754;32.3;16.2
84;2021-05-22;1584;680;182995;91434;32.6;16.3
84;2021-05-23;6;9;183001;91443;32.6;16.3
84;2021-05-24;1840;425;184841;91868;32.9;16.4
84;2021-05-25;2984;2183;187825;94051;33.5;16.8
84;2021-05-26;3076;2089;190901;96140;34.0;17.1
84;2021-05-27;3858;2316;194759;98456;34.7;17.6
84;2021-05-28;3183;3309;197942;101765;35.3;18.1
84;2021-05-29;1093;1653;199035;103418;35.5;18.4
84;2021-05-30;8;85;199043;103503;35.5;18.4
84;2021-05-31;2191;2637;201234;106140;35.9;18.9
84;2021-06-01;3144;3162;204378;109302;36.4;19.5
84;2021-06-02;3173;2631;207551;111933;37.0;20.0
84;2021-06-03;4114;2991;211665;114924;37.7;20.5
84;2021-06-04;3616;3036;215281;117960;38.4;21.0
84;2021-06-05;1783;1500;217064;119460;38.7;21.3
84;2021-06-06;989;208;218053;119668;38.9;21.3
84;2021-06-07;2453;2759;220506;122427;39.3;21.8
84;2021-06-08;3319;3054;223825;125481;39.9;22.4
84;2021-06-09;3032;2687;226857;128168;40.4;22.8
84;2021-06-10;3515;2791;230372;130959;41.1;23.3
84;2021-06-11;3029;3070;233401;134029;41.6;23.9
84;2021-06-12;1965;1311;235366;135340;42.0;24.1
84;2021-06-13;414;213;235780;135553;42.0;24.2
84;2021-06-14;1929;3157;237709;138710;42.4;24.7
84;2021-06-15;2575;3457;240284;142167;42.8;25.3
84;2021-06-16;2527;2961;242811;145128;43.3;25.9
84;2021-06-17;2997;3481;245808;148609;43.8;26.5
84;2021-06-18;2425;3552;248233;152161;44.2;27.1
84;2021-06-19;1288;1549;249521;153710;44.5;27.4
84;2021-06-20;549;354;250070;154064;44.6;27.5
84;2021-06-21;1570;3134;251640;157198;44.9;28.0
84;2021-06-22;2164;4013;253804;161211;45.2;28.7
84;2021-06-23;2117;3310;255921;164521;45.6;29.3
84;2021-06-24;2203;3484;258124;168005;46.0;29.9
84;2021-06-25;1836;3887;259960;171892;46.3;30.6
84;2021-06-26;1132;1816;261092;173708;46.5;31.0
84;2021-06-27;297;345;261389;174053;46.6;31.0
84;2021-06-28;1210;3224;262599;177277;46.8;31.6
84;2021-06-29;1482;4052;264081;181329;47.1;32.3
84;2021-06-30;1716;3967;265797;185296;47.4;33.0
84;2021-07-01;1816;3952;267613;189248;47.7;33.7
84;2021-07-02;1752;3898;269365;193146;48.0;34.4
84;2021-07-03;1103;2030;270468;195176;48.2;34.8
84;2021-07-04;395;416;270863;195592;48.3;34.9
84;2021-07-05;1545;3540;272408;199132;48.6;35.5
84;2021-07-06;1637;4166;274045;203298;48.8;36.2
84;2021-07-07;1675;3102;275720;206400;49.1;36.8
84;2021-07-08;2161;3748;277881;210148;49.5;37.5
84;2021-07-09;1874;3970;279755;214118;49.9;38.2
84;2021-07-10;1255;2159;281010;216277;50.1;38.6
84;2021-07-11;357;303;281367;216580;50.2;38.6
84;2021-07-12;1412;3839;282779;220419;50.4;39.3
84;2021-07-13;2336;5012;285115;225431;50.8;40.2
84;2021-07-14;1886;1248;287001;226679;51.2;40.4
84;2021-07-15;2705;4554;289706;231233;51.6;41.2
84;2021-07-16;2781;4604;292487;235837;52.1;42.0
84;2021-07-17;1587;2448;294074;238285;52.4;42.5
84;2021-07-18;1018;551;295092;238836;52.6;42.6
84;2021-07-19;2415;3743;297507;242579;53.0;43.2
84;2021-07-20;2956;4167;300463;246746;53.6;44.0
84;2021-07-21;3187;3657;303650;250403;54.1;44.6
84;2021-07-22;3780;3790;307430;254193;54.8;45.3
84;2021-07-23;3523;3680;310953;257873;55.4;46.0
84;2021-07-24;1471;2249;312424;260122;55.7;46.4
84;2021-07-25;1033;511;313457;260633;55.9;46.5
84;2021-07-26;2723;3035;316180;263668;56.4;47.0
84;2021-07-27;3443;3570;319623;267238;57.0;47.6
84;2021-07-28;3867;3309;323490;270547;57.7;48.2
84;2021-07-29;4226;3153;327716;273700;58.4;48.8
84;2021-07-30;4025;3325;331741;277025;59.1;49.4
84;2021-07-31;2000;1687;333741;278712;59.5;49.7
84;2021-08-01;819;430;334560;279142;59.6;49.8
84;2021-08-02;2958;2689;337518;281831;60.2;50.2
84;2021-08-03;4101;2791;341619;284622;60.9;50.7
84;2021-08-04;3911;2606;345530;287228;61.6;51.2
84;2021-08-05;3865;2582;349395;289810;62.3;51.7
84;2021-08-06;3689;2866;353084;292676;62.9;52.2
84;2021-08-07;2069;1739;355153;294415;63.3;52.5
84;2021-08-08;386;735;355539;295150;63.4;52.6
84;2021-08-09;2879;2591;358418;297741;63.9;53.1
84;2021-08-10;3731;2948;362149;300689;64.6;53.6
84;2021-08-11;3264;2666;365413;303355;65.1;54.1
84;2021-08-12;3160;2979;368573;306334;65.7;54.6
84;2021-08-13;2879;2693;371452;309027;66.2;55.1
84;2021-08-14;1673;1742;373125;310769;66.5;55.4
84;2021-08-15;286;228;373411;310997;66.6;55.4
84;2021-08-16;2335;3072;375746;314069;67.0;56.0
84;2021-08-17;2692;3254;378438;317323;67.5;56.6
84;2021-08-18;2398;2794;380836;320117;67.9;57.1
84;2021-08-19;2263;3115;383099;323232;68.3;57.6
84;2021-08-20;2160;3298;385259;326530;68.7;58.2
84;2021-08-21;1222;1879;386481;328409;68.9;58.5
84;2021-08-22;168;739;386649;329148;68.9;58.7
84;2021-08-23;1735;3289;388384;332437;69.2;59.3
84;2021-08-24;1899;3460;390283;335897;69.6;59.9
84;2021-08-25;1835;3348;392118;339245;69.9;60.5
84;2021-08-26;1629;3625;393747;342870;70.2;61.1
84;2021-08-27;1595;3811;395342;346681;70.5;61.8
84;2021-08-28;912;2177;396254;348858;70.6;62.2
84;2021-08-29;174;606;396428;349464;70.7;62.3
84;2021-08-30;1366;3272;397794;352736;70.9;62.9
84;2021-08-31;1354;4147;399148;356883;71.1;63.6
84;2021-09-01;1232;3584;400380;360467;71.4;64.3
84;2021-09-02;1180;3189;401560;363656;71.6;64.8
85;2020-12-27;1;0;1;0;0.0;0.0
85;2020-12-28;0;0;1;0;0.0;0.0
85;2020-12-29;0;0;1;0;0.0;0.0
85;2020-12-30;0;0;1;0;0.0;0.0
85;2020-12-31;0;0;1;0;0.0;0.0
85;2021-01-01;0;0;1;0;0.0;0.0
85;2021-01-02;0;0;1;0;0.0;0.0
85;2021-01-03;1;0;2;0;0.0;0.0
85;2021-01-04;26;0;28;0;0.0;0.0
85;2021-01-05;62;0;90;0;0.0;0.0
85;2021-01-06;107;1;197;1;0.0;0.0
85;2021-01-07;203;0;400;1;0.1;0.0
85;2021-01-08;293;2;693;3;0.1;0.0
85;2021-01-09;288;1;981;4;0.1;0.0
85;2021-01-10;59;0;1040;4;0.2;0.0
85;2021-01-11;453;0;1493;4;0.2;0.0
85;2021-01-12;586;1;2079;5;0.3;0.0
85;2021-01-13;544;2;2623;7;0.4;0.0
85;2021-01-14;682;4;3305;11;0.5;0.0
85;2021-01-15;439;3;3744;14;0.5;0.0
85;2021-01-16;264;3;4008;17;0.6;0.0
85;2021-01-17;37;0;4045;17;0.6;0.0
85;2021-01-18;999;3;5044;20;0.7;0.0
85;2021-01-19;1428;14;6472;34;0.9;0.0
85;2021-01-20;1874;2;8346;36;1.2;0.0
85;2021-01-21;3222;11;11568;47;1.7;0.0
85;2021-01-22;1698;19;13266;66;1.9;0.0
85;2021-01-23;466;2;13732;68;2.0;0.0
85;2021-01-24;50;0;13782;68;2.0;0.0
85;2021-01-25;577;1;14359;69;2.1;0.0
85;2021-01-26;877;34;15236;103;2.2;0.0
85;2021-01-27;1810;32;17046;135;2.5;0.0
85;2021-01-28;1635;38;18681;173;2.7;0.0
85;2021-01-29;875;63;19556;236;2.9;0.0
85;2021-01-30;149;5;19705;241;2.9;0.0
85;2021-01-31;2;45;19707;286;2.9;0.0
85;2021-02-01;483;103;20190;389;3.0;0.1
85;2021-02-02;537;175;20727;564;3.0;0.1
85;2021-02-03;415;259;21142;823;3.1;0.1
85;2021-02-04;620;262;21762;1085;3.2;0.2
85;2021-02-05;624;261;22386;1346;3.3;0.2
85;2021-02-06;158;239;22544;1585;3.3;0.2
85;2021-02-07;1;0;22545;1585;3.3;0.2
85;2021-02-08;388;630;22933;2215;3.4;0.3
85;2021-02-09;663;1046;23596;3261;3.5;0.5
85;2021-02-10;583;1117;24179;4378;3.5;0.6
85;2021-02-11;1542;3026;25721;7404;3.8;1.1
85;2021-02-12;1013;1250;26734;8654;3.9;1.3
85;2021-02-13;251;488;26985;9142;3.9;1.3
85;2021-02-14;2;114;26987;9256;4.0;1.4
85;2021-02-15;337;781;27324;10037;4.0;1.5
85;2021-02-16;569;1154;27893;11191;4.1;1.6
85;2021-02-17;786;1549;28679;12740;4.2;1.9
85;2021-02-18;1277;1915;29956;14655;4.4;2.1
85;2021-02-19;957;1185;30913;15840;4.5;2.3
85;2021-02-20;174;253;31087;16093;4.6;2.4
85;2021-02-21;1;11;31088;16104;4.6;2.4
85;2021-02-22;814;872;31902;16976;4.7;2.5
85;2021-02-23;828;482;32730;17458;4.8;2.6
85;2021-02-24;756;304;33486;17762;4.9;2.6
85;2021-02-25;1336;386;34822;18148;5.1;2.7
85;2021-02-26;1228;321;36050;18469;5.3;2.7
85;2021-02-27;400;96;36450;18565;5.3;2.7
85;2021-02-28;7;1;36457;18566;5.3;2.7
85;2021-03-01;765;426;37222;18992;5.4;2.8
85;2021-03-02;1100;785;38322;19777;5.6;2.9
85;2021-03-03;844;511;39166;20288;5.7;3.0
85;2021-03-04;1576;1176;40742;21464;6.0;3.1
85;2021-03-05;1741;851;42483;22315;6.2;3.3
85;2021-03-06;1227;130;43710;22445;6.4;3.3
85;2021-03-07;333;35;44043;22480;6.4;3.3
85;2021-03-08;1741;463;45784;22943;6.7;3.4
85;2021-03-09;2239;575;48023;23518;7.0;3.4
85;2021-03-10;1863;652;49886;24170;7.3;3.5
85;2021-03-11;3120;1096;53006;25266;7.8;3.7
85;2021-03-12;2728;869;55734;26135;8.2;3.8
85;2021-03-13;1372;162;57106;26297;8.4;3.8
85;2021-03-14;182;3;57288;26300;8.4;3.8
85;2021-03-15;1919;516;59207;26816;8.7;3.9
85;2021-03-16;1630;519;60837;27335;8.9;4.0
85;2021-03-17;980;526;61817;27861;9.0;4.1
85;2021-03-18;1904;455;63721;28316;9.3;4.1
85;2021-03-19;2200;374;65921;28690;9.6;4.2
85;2021-03-20;1069;179;66990;28869;9.8;4.2
85;2021-03-21;272;5;67262;28874;9.8;4.2
85;2021-03-22;1764;558;69026;29432;10.1;4.3
85;2021-03-23;2421;737;71447;30169;10.5;4.4
85;2021-03-24;2207;531;73654;30700;10.8;4.5
85;2021-03-25;3649;596;77303;31296;11.3;4.6
85;2021-03-26;3358;651;80661;31947;11.8;4.7
85;2021-03-27;1729;123;82390;32070;12.1;4.7
85;2021-03-28;539;4;82929;32074;12.1;4.7
85;2021-03-29;2413;758;85342;32832;12.5;4.8
85;2021-03-30;2863;1026;88205;33858;12.9;5.0
85;2021-03-31;2200;676;90405;34534;13.2;5.1
85;2021-04-01;3878;913;94283;35447;13.8;5.2
85;2021-04-02;2707;1104;96990;36551;14.2;5.4
85;2021-04-03;1413;324;98403;36875;14.4;5.4
85;2021-04-04;324;29;98727;36904;14.5;5.4
85;2021-04-05;104;175;98831;37079;14.5;5.4
85;2021-04-06;2200;1597;101031;38676;14.8;5.7
85;2021-04-07;3093;1190;104124;39866;15.2;5.8
85;2021-04-08;4544;1604;108668;41470;15.9;6.1
85;2021-04-09;4602;1226;113270;42696;16.6;6.2
85;2021-04-10;1867;400;115137;43096;16.9;6.3
85;2021-04-11;27;10;115164;43106;16.9;6.3
85;2021-04-12;4286;1492;119450;44598;17.5;6.5
85;2021-04-13;4835;1876;124285;46474;18.2;6.8
85;2021-04-14;3962;1011;128247;47485;18.8;7.0
85;2021-04-15;5518;1741;133765;49226;19.6;7.2
85;2021-04-16;5241;1544;139006;50770;20.3;7.4
85;2021-04-17;1382;436;140388;51206;20.5;7.5
85;2021-04-18;351;12;140739;51218;20.6;7.5
85;2021-04-19;3367;1702;144106;52920;21.1;7.7
85;2021-04-20;3694;1928;147800;54848;21.6;8.0
85;2021-04-21;2693;1693;150493;56541;22.0;8.3
85;2021-04-22;3806;2233;154299;58774;22.6;8.6
85;2021-04-23;3902;2091;158201;60865;23.2;8.9
85;2021-04-24;1662;1534;159863;62399;23.4;9.1
85;2021-04-25;981;563;160844;62962;23.5;9.2
85;2021-04-26;3590;2350;164434;65312;24.1;9.6
85;2021-04-27;4395;2165;168829;67477;24.7;9.9
85;2021-04-28;5747;1258;174576;68735;25.6;10.1
85;2021-04-29;5635;2004;180211;70739;26.4;10.4
85;2021-04-30;5576;1678;185787;72417;27.2;10.6
85;2021-05-01;1736;638;187523;73055;27.4;10.7
85;2021-05-02;873;471;188396;73526;27.6;10.8
85;2021-05-03;3493;2384;191889;75910;28.1;11.1
85;2021-05-04;3488;3087;195377;78997;28.6;11.6
85;2021-05-05;4532;2168;199909;81165;29.3;11.9
85;2021-05-06;4920;2602;204829;83767;30.0;12.3
85;2021-05-07;3933;3860;208762;87627;30.6;12.8
85;2021-05-08;2246;230;211008;87857;30.9;12.9
85;2021-05-09;1509;183;212517;88040;31.1;12.9
85;2021-05-10;3212;4921;215729;92961;31.6;13.6
85;2021-05-11;4027;4978;219756;97939;32.2;14.3
85;2021-05-12;5019;3938;224775;101877;32.9;14.9
85;2021-05-13;5146;613;229921;102490;33.7;15.0
85;2021-05-14;4358;3164;234279;105654;34.3;15.5
85;2021-05-15;2327;776;236606;106430;34.6;15.6
85;2021-05-16;2213;162;238819;106592;35.0;15.6
85;2021-05-17;4145;3377;242964;109969;35.6;16.1
85;2021-05-18;5215;2854;248179;112823;36.3;16.5
85;2021-05-19;6493;1769;254672;114592;37.3;16.8
85;2021-05-20;6775;2177;261447;116769;38.3;17.1
85;2021-05-21;5499;2745;266946;119514;39.1;17.5
85;2021-05-22;2584;754;269530;120268;39.5;17.6
85;2021-05-23;1329;161;270859;120429;39.6;17.6
85;2021-05-24;4573;436;275432;120865;40.3;17.7
85;2021-05-25;4517;3568;279949;124433;41.0;18.2
85;2021-05-26;4946;2680;284895;127113;41.7;18.6
85;2021-05-27;4960;3696;289855;130809;42.4;19.1
85;2021-05-28;5253;4063;295108;134872;43.2;19.7
85;2021-05-29;3962;1529;299070;136401;43.8;20.0
85;2021-05-30;1292;125;300362;136526;44.0;20.0
85;2021-05-31;4689;3380;305051;139906;44.7;20.5
85;2021-06-01;5406;3397;310457;143303;45.4;21.0
85;2021-06-02;5557;2520;316014;145823;46.3;21.3
85;2021-06-03;5917;3232;321931;149055;47.1;21.8
85;2021-06-04;5841;3822;327772;152877;48.0;22.4
85;2021-06-05;2848;1943;330620;154820;48.4;22.7
85;2021-06-06;1511;803;332131;155623;48.6;22.8
85;2021-06-07;3237;4861;335368;160484;49.1;23.5
85;2021-06-08;4091;4529;339459;165013;49.7;24.2
85;2021-06-09;4848;3515;344307;168528;50.4;24.7
85;2021-06-10;5200;3702;349507;172230;51.2;25.2
85;2021-06-11;4508;4663;354015;176893;51.8;25.9
85;2021-06-12;1492;1800;355507;178693;52.0;26.2
85;2021-06-13;1220;673;356727;179366;52.2;26.3
85;2021-06-14;2682;5095;359409;184461;52.6;27.0
85;2021-06-15;3715;4937;363124;189398;53.2;27.7
85;2021-06-16;4083;3907;367207;193305;53.7;28.3
85;2021-06-17;3940;3898;371147;197203;54.3;28.9
85;2021-06-18;3626;5683;374773;202886;54.9;29.7
85;2021-06-19;1213;2030;375986;204916;55.0;30.0
85;2021-06-20;140;521;376126;205437;55.1;30.1
85;2021-06-21;2376;5813;378502;211250;55.4;30.9
85;2021-06-22;2849;5734;381351;216984;55.8;31.8
85;2021-06-23;3391;4500;384742;221484;56.3;32.4
85;2021-06-24;3641;4561;388383;226045;56.8;33.1
85;2021-06-25;2289;6178;390672;232223;57.2;34.0
85;2021-06-26;791;3760;391463;235983;57.3;34.5
85;2021-06-27;125;1370;391588;237353;57.3;34.7
85;2021-06-28;1186;6713;392774;244066;57.5;35.7
85;2021-06-29;1756;6874;394530;250940;57.7;36.7
85;2021-06-30;2213;6206;396743;257146;58.1;37.6
85;2021-07-01;2843;6059;399586;263205;58.5;38.5
85;2021-07-02;2332;7018;401918;270223;58.8;39.6
85;2021-07-03;618;3165;402536;273388;58.9;40.0
85;2021-07-04;145;1086;402681;274474;58.9;40.2
85;2021-07-05;1083;6652;403764;281126;59.1;41.1
85;2021-07-06;1581;6457;405345;287583;59.3;42.1
85;2021-07-07;1650;5866;406995;293449;59.6;43.0
85;2021-07-08;2166;5443;409161;298892;59.9;43.7
85;2021-07-09;1648;7098;410809;305990;60.1;44.8
85;2021-07-10;565;2836;411374;308826;60.2;45.2
85;2021-07-11;529;1288;411903;310114;60.3;45.4
85;2021-07-12;1409;7049;413312;317163;60.5;46.4
85;2021-07-13;2061;7391;415373;324554;60.8;47.5
85;2021-07-14;1453;2047;416826;326601;61.0;47.8
85;2021-07-15;2681;6941;419507;333542;61.4;48.8
85;2021-07-16;3431;6834;422938;340376;61.9;49.8
85;2021-07-17;1565;2152;424503;342528;62.1;50.1
85;2021-07-18;1150;1154;425653;343682;62.3;50.3
85;2021-07-19;3557;6232;429210;349914;62.8;51.2
85;2021-07-20;4302;6214;433512;356128;63.5;52.1
85;2021-07-21;3998;6198;437510;362326;64.0;53.0
85;2021-07-22;3907;6186;441417;368512;64.6;53.9
85;2021-07-23;4532;6710;445949;375222;65.3;54.9
85;2021-07-24;1047;2295;446996;377517;65.4;55.3
85;2021-07-25;491;304;447487;377821;65.5;55.3
85;2021-07-26;4513;5358;452000;383179;66.2;56.1
85;2021-07-27;5321;5394;457321;388573;66.9;56.9
85;2021-07-28;4964;4970;462285;393543;67.7;57.6
85;2021-07-29;5878;4733;468163;398276;68.5;58.3
85;2021-07-30;6025;4951;474188;403227;69.4;59.0
85;2021-07-31;1233;1575;475421;404802;69.6;59.3
85;2021-08-01;471;195;475892;404997;69.7;59.3
85;2021-08-02;4948;3956;480840;408953;70.4;59.9
85;2021-08-03;6520;3353;487360;412306;71.3;60.4
85;2021-08-04;6622;3425;493982;415731;72.3;60.9
85;2021-08-05;6190;3604;500172;419335;73.2;61.4
85;2021-08-06;5804;4517;505976;423852;74.1;62.0
85;2021-08-07;1504;1180;507480;425032;74.3;62.2
85;2021-08-08;331;231;507811;425263;74.3;62.2
85;2021-08-09;4142;3278;511953;428541;74.9;62.7
85;2021-08-10;4810;3420;516763;431961;75.6;63.2
85;2021-08-11;4661;4212;521424;436173;76.3;63.8
85;2021-08-12;4459;4298;525883;440471;77.0;64.5
85;2021-08-13;3823;3649;529706;444120;77.5;65.0
85;2021-08-14;1016;1091;530722;445211;77.7;65.2
85;2021-08-15;160;239;530882;445450;77.7;65.2
85;2021-08-16;2835;4775;533717;450225;78.1;65.9
85;2021-08-17;2957;4352;536674;454577;78.6;66.5
85;2021-08-18;3139;4101;539813;458678;79.0;67.1
85;2021-08-19;2725;4273;542538;462951;79.4;67.8
85;2021-08-20;2473;5223;545011;468174;79.8;68.5
85;2021-08-21;690;1393;545701;469567;79.9;68.7
85;2021-08-22;343;1018;546044;470585;79.9;68.9
85;2021-08-23;1870;5370;547914;475955;80.2;69.7
85;2021-08-24;1821;4865;549735;480820;80.5;70.4
85;2021-08-25;1644;4830;551379;485650;80.7;71.1
85;2021-08-26;1538;4762;552917;490412;80.9;71.8
85;2021-08-27;1688;5516;554605;495928;81.2;72.6
85;2021-08-28;569;1344;555174;497272;81.3;72.8
85;2021-08-29;127;988;555301;498260;81.3;72.9
85;2021-08-30;1119;4972;556420;503232;81.4;73.7
85;2021-08-31;1126;5446;557546;508678;81.6;74.5
85;2021-09-01;1121;5222;558667;513900;81.8;75.2
85;2021-09-02;975;4365;559642;518265;81.9;75.9
86;2020-12-27;0;0;0;0;0.0;0.0
86;2020-12-28;1;0;1;0;0.0;0.0
86;2020-12-29;1;0;2;0;0.0;0.0
86;2020-12-30;0;0;2;0;0.0;0.0
86;2020-12-31;0;0;2;0;0.0;0.0
86;2021-01-01;0;0;2;0;0.0;0.0
86;2021-01-02;0;0;2;0;0.0;0.0
86;2021-01-03;2;0;4;0;0.0;0.0
86;2021-01-04;0;0;4;0;0.0;0.0
86;2021-01-05;1;0;5;0;0.0;0.0
86;2021-01-06;178;0;183;0;0.0;0.0
86;2021-01-07;673;0;856;0;0.2;0.0
86;2021-01-08;609;3;1465;3;0.3;0.0
86;2021-01-09;0;0;1465;3;0.3;0.0
86;2021-01-10;173;0;1638;3;0.4;0.0
86;2021-01-11;305;0;1943;3;0.4;0.0
86;2021-01-12;459;0;2402;3;0.5;0.0
86;2021-01-13;336;0;2738;3;0.6;0.0
86;2021-01-14;551;1;3289;4;0.8;0.0
86;2021-01-15;543;1;3832;5;0.9;0.0
86;2021-01-16;2;0;3834;5;0.9;0.0
86;2021-01-17;0;0;3834;5;0.9;0.0
86;2021-01-18;564;0;4398;5;1.0;0.0
86;2021-01-19;1915;1;6313;6;1.4;0.0
86;2021-01-20;1461;20;7774;26;1.8;0.0
86;2021-01-21;1292;0;9066;26;2.1;0.0
86;2021-01-22;833;0;9899;26;2.3;0.0
86;2021-01-23;313;0;10212;26;2.3;0.0
86;2021-01-24;0;0;10212;26;2.3;0.0
86;2021-01-25;583;106;10795;132;2.5;0.0
86;2021-01-26;750;117;11545;249;2.6;0.1
86;2021-01-27;764;149;12309;398;2.8;0.1
86;2021-01-28;1048;422;13357;820;3.1;0.2
86;2021-01-29;880;211;14237;1031;3.3;0.2
86;2021-01-30;275;101;14512;1132;3.3;0.3
86;2021-01-31;57;157;14569;1289;3.3;0.3
86;2021-02-01;433;208;15002;1497;3.4;0.3
86;2021-02-02;573;384;15575;1881;3.6;0.4
86;2021-02-03;525;220;16100;2101;3.7;0.5
86;2021-02-04;478;360;16578;2461;3.8;0.6
86;2021-02-05;437;719;17015;3180;3.9;0.7
86;2021-02-06;148;196;17163;3376;3.9;0.8
86;2021-02-07;120;8;17283;3384;4.0;0.8
86;2021-02-08;361;305;17644;3689;4.0;0.8
86;2021-02-09;753;1113;18397;4802;4.2;1.1
86;2021-02-10;976;922;19373;5724;4.4;1.3
86;2021-02-11;1007;960;20380;6684;4.7;1.5
86;2021-02-12;747;370;21127;7054;4.8;1.6
86;2021-02-13;192;89;21319;7143;4.9;1.6
86;2021-02-14;1;34;21320;7177;4.9;1.6
86;2021-02-15;243;486;21563;7663;4.9;1.8
86;2021-02-16;384;825;21947;8488;5.0;1.9
86;2021-02-17;453;878;22400;9366;5.1;2.1
86;2021-02-18;422;842;22822;10208;5.2;2.3
86;2021-02-19;601;637;23423;10845;5.4;2.5
86;2021-02-20;115;161;23538;11006;5.4;2.5
86;2021-02-21;1;0;23539;11006;5.4;2.5
86;2021-02-22;240;417;23779;11423;5.4;2.6
86;2021-02-23;370;584;24149;12007;5.5;2.7
86;2021-02-24;409;576;24558;12583;5.6;2.9
86;2021-02-25;902;653;25460;13236;5.8;3.0
86;2021-02-26;1030;523;26490;13759;6.1;3.1
86;2021-02-27;460;146;26950;13905;6.2;3.2
86;2021-02-28;3;2;26953;13907;6.2;3.2
86;2021-03-01;232;518;27185;14425;6.2;3.3
86;2021-03-02;1142;843;28327;15268;6.5;3.5
86;2021-03-03;793;622;29120;15890;6.7;3.6
86;2021-03-04;1496;620;30616;16510;7.0;3.8
86;2021-03-05;1578;312;32194;16822;7.4;3.8
86;2021-03-06;995;166;33189;16988;7.6;3.9
86;2021-03-07;371;32;33560;17020;7.7;3.9
86;2021-03-08;472;537;34032;17557;7.8;4.0
86;2021-03-09;1368;528;35400;18085;8.1;4.1
86;2021-03-10;948;607;36348;18692;8.3;4.3
86;2021-03-11;1799;477;38147;19169;8.7;4.4
86;2021-03-12;2208;438;40355;19607;9.2;4.5
86;2021-03-13;1444;100;41799;19707;9.6;4.5
86;2021-03-14;133;16;41932;19723;9.6;4.5
86;2021-03-15;784;158;42716;19881;9.8;4.5
86;2021-03-16;848;203;43564;20084;10.0;4.6
86;2021-03-17;786;204;44350;20288;10.1;4.6
86;2021-03-18;1005;102;45355;20390;10.4;4.7
86;2021-03-19;2143;323;47498;20713;10.9;4.7
86;2021-03-20;592;132;48090;20845;11.0;4.8
86;2021-03-21;10;0;48100;20845;11.0;4.8
86;2021-03-22;852;277;48952;21122;11.2;4.8
86;2021-03-23;2015;326;50967;21448;11.7;4.9
86;2021-03-24;1557;291;52524;21739;12.0;5.0
86;2021-03-25;2488;352;55012;22091;12.6;5.1
86;2021-03-26;3043;359;58055;22450;13.3;5.1
86;2021-03-27;733;143;58788;22593;13.4;5.2
86;2021-03-28;5;127;58793;22720;13.4;5.2
86;2021-03-29;1259;391;60052;23111;13.7;5.3
86;2021-03-30;2403;822;62455;23933;14.3;5.5
86;2021-03-31;1511;625;63966;24558;14.6;5.6
86;2021-04-01;2245;943;66211;25501;15.1;5.8
86;2021-04-02;1902;554;68113;26055;15.6;6.0
86;2021-04-03;825;322;68938;26377;15.8;6.0
86;2021-04-04;83;109;69021;26486;15.8;6.1
86;2021-04-05;314;5;69335;26491;15.9;6.1
86;2021-04-06;1534;960;70869;27451;16.2;6.3
86;2021-04-07;1634;630;72503;28081;16.6;6.4
86;2021-04-08;2567;759;75070;28840;17.2;6.6
86;2021-04-09;3251;651;78321;29491;17.9;6.7
86;2021-04-10;1663;192;79984;29683;18.3;6.8
86;2021-04-11;442;10;80426;29693;18.4;6.8
86;2021-04-12;821;766;81247;30459;18.6;7.0
86;2021-04-13;2452;939;83699;31398;19.1;7.2
86;2021-04-14;1870;879;85569;32277;19.6;7.4
86;2021-04-15;2275;727;87844;33004;20.1;7.5
86;2021-04-16;2471;1231;90315;34235;20.6;7.8
86;2021-04-17;1039;264;91354;34499;20.9;7.9
86;2021-04-18;119;4;91473;34503;20.9;7.9
86;2021-04-19;745;796;92218;35299;21.1;8.1
86;2021-04-20;2302;1502;94520;36801;21.6;8.4
86;2021-04-21;2107;1126;96627;37927;22.1;8.7
86;2021-04-22;2331;1442;98958;39369;22.6;9.0
86;2021-04-23;2393;1578;101351;40947;23.2;9.4
86;2021-04-24;1300;512;102651;41459;23.5;9.5
86;2021-04-25;825;26;103476;41485;23.7;9.5
86;2021-04-26;2080;892;105556;42377;24.1;9.7
86;2021-04-27;3156;1671;108712;44048;24.9;10.1
86;2021-04-28;3004;1521;111716;45569;25.5;10.4
86;2021-04-29;3557;1831;115273;47400;26.4;10.8
86;2021-04-30;2970;1485;118243;48885;27.0;11.2
86;2021-05-01;1580;198;119823;49083;27.4;11.2
86;2021-05-02;1280;45;121103;49128;27.7;11.2
86;2021-05-03;2562;1005;123665;50133;28.3;11.5
86;2021-05-04;3509;1900;127174;52033;29.1;11.9
86;2021-05-05;3990;1486;131164;53519;30.0;12.2
86;2021-05-06;4291;1655;135455;55174;31.0;12.6
86;2021-05-07;4047;1828;139502;57002;31.9;13.0
86;2021-05-08;1976;398;141478;57400;32.3;13.1
86;2021-05-09;1641;203;143119;57603;32.7;13.2
86;2021-05-10;1958;1176;145077;58779;33.2;13.4
86;2021-05-11;3604;2688;148681;61467;34.0;14.1
86;2021-05-12;2252;1650;150933;63117;34.5;14.4
86;2021-05-13;1687;298;152620;63415;34.9;14.5
86;2021-05-14;2098;789;154718;64204;35.4;14.7
86;2021-05-15;1467;500;156185;64704;35.7;14.8
86;2021-05-16;778;164;156963;64868;35.9;14.8
86;2021-05-17;3220;1061;160183;65929;36.6;15.1
86;2021-05-18;4307;1666;164490;67595;37.6;15.5
86;2021-05-19;3592;1437;168082;69032;38.4;15.8
86;2021-05-20;4376;1624;172458;70656;39.4;16.2
86;2021-05-21;3438;1773;175896;72429;40.2;16.6
86;2021-05-22;2076;664;177972;73093;40.7;16.7
86;2021-05-23;1439;183;179411;73276;41.0;16.8
86;2021-05-24;1848;203;181259;73479;41.4;16.8
86;2021-05-25;2850;1641;184109;75120;42.1;17.2
86;2021-05-26;2727;1527;186836;76647;42.7;17.5
86;2021-05-27;3546;1852;190382;78499;43.5;17.9
86;2021-05-28;2163;2538;192545;81037;44.0;18.5
86;2021-05-29;1527;1288;194072;82325;44.4;18.8
86;2021-05-30;934;133;195006;82458;44.6;18.9
86;2021-05-31;1922;1822;196928;84280;45.0;19.3
86;2021-06-01;2664;2591;199592;86871;45.6;19.9
86;2021-06-02;2305;2669;201897;89540;46.2;20.5
86;2021-06-03;3337;2415;205234;91955;46.9;21.0
86;2021-06-04;2239;2862;207473;94817;47.4;21.7
86;2021-06-05;1502;1582;208975;96399;47.8;22.0
86;2021-06-06;819;900;209794;97299;48.0;22.2
86;2021-06-07;1118;2466;210912;99765;48.2;22.8
86;2021-06-08;1990;3698;212902;103463;48.7;23.7
86;2021-06-09;1902;3321;214804;106784;49.1;24.4
86;2021-06-10;2352;3241;217156;110025;49.6;25.2
86;2021-06-11;1517;2793;218673;112818;50.0;25.8
86;2021-06-12;746;2244;219419;115062;50.2;26.3
86;2021-06-13;214;1477;219633;116539;50.2;26.6
86;2021-06-14;1159;2903;220792;119442;50.5;27.3
86;2021-06-15;1688;4261;222480;123703;50.9;28.3
86;2021-06-16;1809;3135;224289;126838;51.3;29.0
86;2021-06-17;1776;4446;226065;131284;51.7;30.0
86;2021-06-18;1884;4591;227949;135875;52.1;31.1
86;2021-06-19;636;2101;228585;137976;52.3;31.5
86;2021-06-20;173;1319;228758;139295;52.3;31.8
86;2021-06-21;1106;2237;229864;141532;52.6;32.4
86;2021-06-22;1298;3459;231162;144991;52.8;33.1
86;2021-06-23;1364;2402;232526;147393;53.2;33.7
86;2021-06-24;1590;2725;234116;150118;53.5;34.3
86;2021-06-25;1193;3549;235309;153667;53.8;35.1
86;2021-06-26;391;2652;235700;156319;53.9;35.7
86;2021-06-27;138;1633;235838;157952;53.9;36.1
86;2021-06-28;271;3342;236109;161294;54.0;36.9
86;2021-06-29;857;4605;236966;165899;54.2;37.9
86;2021-06-30;1051;2974;238017;168873;54.4;38.6
86;2021-07-01;1541;3005;239558;171878;54.8;39.3
86;2021-07-02;1107;3644;240665;175522;55.0;40.1
86;2021-07-03;517;2394;241182;177916;55.1;40.7
86;2021-07-04;116;1347;241298;179263;55.2;41.0
86;2021-07-05;469;2832;241767;182095;55.3;41.6
86;2021-07-06;989;4105;242756;186200;55.5;42.6
86;2021-07-07;1261;2628;244017;188828;55.8;43.2
86;2021-07-08;1619;3149;245636;191977;56.2;43.9
86;2021-07-09;1747;3085;247383;195062;56.6;44.6
86;2021-07-10;1304;1954;248687;197016;56.9;45.0
86;2021-07-11;482;839;249169;197855;57.0;45.2
86;2021-07-12;850;2405;250019;200260;57.2;45.8
86;2021-07-13;1781;3368;251800;203628;57.6;46.6
86;2021-07-14;785;1232;252585;204860;57.7;46.8
86;2021-07-15;1886;3291;254471;208151;58.2;47.6
86;2021-07-16;1672;2664;256143;210815;58.6;48.2
86;2021-07-17;1351;1598;257494;212413;58.9;48.6
86;2021-07-18;381;906;257875;213319;59.0;48.8
86;2021-07-19;1376;1888;259251;215207;59.3;49.2
86;2021-07-20;2352;2733;261603;217940;59.8;49.8
86;2021-07-21;2305;2165;263908;220105;60.3;50.3
86;2021-07-22;2903;2797;266811;222902;61.0;51.0
86;2021-07-23;2468;2168;269279;225070;61.6;51.5
86;2021-07-24;1544;1227;270823;226297;61.9;51.7
86;2021-07-25;714;322;271537;226619;62.1;51.8
86;2021-07-26;1588;2106;273125;228725;62.4;52.3
86;2021-07-27;3552;2760;276677;231485;63.3;52.9
86;2021-07-28;3280;2138;279957;233623;64.0;53.4
86;2021-07-29;3262;2544;283219;236167;64.8;54.0
86;2021-07-30;2245;2379;285464;238546;65.3;54.5
86;2021-07-31;1426;1058;286890;239604;65.6;54.8
86;2021-08-01;649;338;287539;239942;65.7;54.9
86;2021-08-02;1939;1680;289478;241622;66.2;55.2
86;2021-08-03;3283;1991;292761;243613;66.9;55.7
86;2021-08-04;2738;1786;295499;245399;67.6;56.1
86;2021-08-05;3566;2058;299065;247457;68.4;56.6
86;2021-08-06;2395;1764;301460;249221;68.9;57.0
86;2021-08-07;1574;996;303034;250217;69.3;57.2
86;2021-08-08;949;552;303983;250769;69.5;57.3
86;2021-08-09;1882;1301;305865;252070;69.9;57.6
86;2021-08-10;2679;1783;308544;253853;70.5;58.0
86;2021-08-11;2356;1437;310900;255290;71.1;58.4
86;2021-08-12;2479;1831;313379;257121;71.6;58.8
86;2021-08-13;1826;1492;315205;258613;72.1;59.1
86;2021-08-14;1327;1151;316532;259764;72.4;59.4
86;2021-08-15;561;622;317093;260386;72.5;59.5
86;2021-08-16;1137;1790;318230;262176;72.8;59.9
86;2021-08-17;1552;2218;319782;264394;73.1;60.4
86;2021-08-18;1250;1857;321032;266251;73.4;60.9
86;2021-08-19;1497;2632;322529;268883;73.7;61.5
86;2021-08-20;1254;2606;323783;271489;74.0;62.1
86;2021-08-21;884;2007;324667;273496;74.2;62.5
86;2021-08-22;350;721;325017;274217;74.3;62.7
86;2021-08-23;722;1820;325739;276037;74.5;63.1
86;2021-08-24;1076;2752;326815;278789;74.7;63.7
86;2021-08-25;931;2066;327746;280855;74.9;64.2
86;2021-08-26;912;2812;328658;283667;75.1;64.9
86;2021-08-27;858;2170;329516;285837;75.3;65.3
86;2021-08-28;547;1773;330063;287610;75.5;65.8
86;2021-08-29;112;827;330175;288437;75.5;65.9
86;2021-08-30;684;2119;330859;290556;75.6;66.4
86;2021-08-31;956;3203;331815;293759;75.9;67.2
86;2021-09-01;569;2740;332384;296499;76.0;67.8
86;2021-09-02;737;2818;333121;299317;76.2;68.4
87;2020-12-27;0;0;0;0;0.0;0.0
87;2020-12-28;1;0;1;0;0.0;0.0
87;2020-12-29;0;0;1;0;0.0;0.0
87;2020-12-30;0;0;1;0;0.0;0.0
87;2020-12-31;0;0;1;0;0.0;0.0
87;2021-01-01;0;0;1;0;0.0;0.0
87;2021-01-02;0;0;1;0;0.0;0.0
87;2021-01-03;0;0;1;0;0.0;0.0
87;2021-01-04;1;0;2;0;0.0;0.0
87;2021-01-05;1;0;3;0;0.0;0.0
87;2021-01-06;10;0;13;0;0.0;0.0
87;2021-01-07;301;0;314;0;0.1;0.0
87;2021-01-08;407;0;721;0;0.2;0.0
87;2021-01-09;64;0;785;0;0.2;0.0
87;2021-01-10;35;0;820;0;0.2;0.0
87;2021-01-11;424;0;1244;0;0.3;0.0
87;2021-01-12;652;0;1896;0;0.5;0.0
87;2021-01-13;660;3;2556;3;0.7;0.0
87;2021-01-14;517;10;3073;13;0.8;0.0
87;2021-01-15;533;3;3606;16;1.0;0.0
87;2021-01-16;204;1;3810;17;1.0;0.0
87;2021-01-17;1;0;3811;17;1.0;0.0
87;2021-01-18;646;5;4457;22;1.2;0.0
87;2021-01-19;656;1;5113;23;1.4;0.0
87;2021-01-20;674;3;5787;26;1.6;0.0
87;2021-01-21;717;0;6504;26;1.8;0.0
87;2021-01-22;758;4;7262;30;2.0;0.0
87;2021-01-23;286;0;7548;30;2.0;0.0
87;2021-01-24;0;0;7548;30;2.0;0.0
87;2021-01-25;620;10;8168;40;2.2;0.0
87;2021-01-26;570;51;8738;91;2.4;0.0
87;2021-01-27;572;39;9310;130;2.5;0.0
87;2021-01-28;857;107;10167;237;2.7;0.1
87;2021-01-29;740;270;10907;507;2.9;0.1
87;2021-01-30;327;72;11234;579;3.0;0.2
87;2021-01-31;34;71;11268;650;3.0;0.2
87;2021-02-01;413;299;11681;949;3.2;0.3
87;2021-02-02;453;471;12134;1420;3.3;0.4
87;2021-02-03;540;419;12674;1839;3.4;0.5
87;2021-02-04;613;592;13287;2431;3.6;0.7
87;2021-02-05;342;378;13629;2809;3.7;0.8
87;2021-02-06;54;151;13683;2960;3.7;0.8
87;2021-02-07;20;0;13703;2960;3.7;0.8
87;2021-02-08;245;433;13948;3393;3.8;0.9
87;2021-02-09;217;525;14165;3918;3.8;1.1
87;2021-02-10;262;603;14427;4521;3.9;1.2
87;2021-02-11;286;521;14713;5042;4.0;1.4
87;2021-02-12;287;548;15000;5590;4.0;1.5
87;2021-02-13;25;165;15025;5755;4.1;1.6
87;2021-02-14;0;3;15025;5758;4.1;1.6
87;2021-02-15;237;379;15262;6137;4.1;1.7
87;2021-02-16;330;310;15592;6447;4.2;1.7
87;2021-02-17;330;373;15922;6820;4.3;1.8
87;2021-02-18;478;632;16400;7452;4.4;2.0
87;2021-02-19;404;479;16804;7931;4.5;2.1
87;2021-02-20;123;195;16927;8126;4.6;2.2
87;2021-02-21;2;9;16929;8135;4.6;2.2
87;2021-02-22;438;559;17367;8694;4.7;2.3
87;2021-02-23;557;619;17924;9313;4.8;2.5
87;2021-02-24;450;587;18374;9900;5.0;2.7
87;2021-02-25;790;685;19164;10585;5.2;2.9
87;2021-02-26;840;469;20004;11054;5.4;3.0
87;2021-02-27;405;201;20409;11255;5.5;3.0
87;2021-02-28;3;0;20412;11255;5.5;3.0
87;2021-03-01;518;357;20930;11612;5.6;3.1
87;2021-03-02;1031;380;21961;11992;5.9;3.2
87;2021-03-03;1174;352;23135;12344;6.2;3.3
87;2021-03-04;1406;338;24541;12682;6.6;3.4
87;2021-03-05;1770;281;26311;12963;7.1;3.5
87;2021-03-06;1048;40;27359;13003;7.4;3.5
87;2021-03-07;257;6;27616;13009;7.4;3.5
87;2021-03-08;864;245;28480;13254;7.7;3.6
87;2021-03-09;1288;229;29768;13483;8.0;3.6
87;2021-03-10;1299;232;31067;13715;8.4;3.7
87;2021-03-11;1754;251;32821;13966;8.9;3.8
87;2021-03-12;2129;289;34950;14255;9.4;3.8
87;2021-03-13;1308;20;36258;14275;9.8;3.9
87;2021-03-14;80;1;36338;14276;9.8;3.9
87;2021-03-15;989;356;37327;14632;10.1;3.9
87;2021-03-16;1061;243;38388;14875;10.4;4.0
87;2021-03-17;1070;220;39458;15095;10.6;4.1
87;2021-03-18;1185;342;40643;15437;11.0;4.2
87;2021-03-19;1683;280;42326;15717;11.4;4.2
87;2021-03-20;924;87;43250;15804;11.7;4.3
87;2021-03-21;32;0;43282;15804;11.7;4.3
87;2021-03-22;1049;383;44331;16187;12.0;4.4
87;2021-03-23;1386;431;45717;16618;12.3;4.5
87;2021-03-24;1508;367;47225;16985;12.7;4.6
87;2021-03-25;2500;395;49725;17380;13.4;4.7
87;2021-03-26;2531;454;52256;17834;14.1;4.8
87;2021-03-27;890;125;53146;17959;14.3;4.8
87;2021-03-28;269;18;53415;17977;14.4;4.8
87;2021-03-29;1118;418;54533;18395;14.7;5.0
87;2021-03-30;1908;665;56441;19060;15.2;5.1
87;2021-03-31;1660;693;58101;19753;15.7;5.3
87;2021-04-01;2239;573;60340;20326;16.3;5.5
87;2021-04-02;1843;634;62183;20960;16.8;5.7
87;2021-04-03;455;266;62638;21226;16.9;5.7
87;2021-04-04;2;0;62640;21226;16.9;5.7
87;2021-04-05;82;1;62722;21227;16.9;5.7
87;2021-04-06;1000;905;63722;22132;17.2;6.0
87;2021-04-07;1486;925;65208;23057;17.6;6.2
87;2021-04-08;1785;1034;66993;24091;18.1;6.5
87;2021-04-09;2647;740;69640;24831;18.8;6.7
87;2021-04-10;1190;306;70830;25137;19.1;6.8
87;2021-04-11;69;0;70899;25137;19.1;6.8
87;2021-04-12;1619;826;72518;25963;19.6;7.0
87;2021-04-13;2289;1061;74807;27024;20.2;7.3
87;2021-04-14;2530;1186;77337;28210;20.9;7.6
87;2021-04-15;2223;1076;79560;29286;21.5;7.9
87;2021-04-16;2736;1073;82296;30359;22.2;8.2
87;2021-04-17;731;389;83027;30748;22.4;8.3
87;2021-04-18;111;141;83138;30889;22.4;8.3
87;2021-04-19;1659;838;84797;31727;22.9;8.6
87;2021-04-20;2085;881;86882;32608;23.4;8.8
87;2021-04-21;2297;994;89179;33602;24.1;9.1
87;2021-04-22;2564;1162;91743;34764;24.7;9.4
87;2021-04-23;1997;1183;93740;35947;25.3;9.7
87;2021-04-24;825;621;94565;36568;25.5;9.9
87;2021-04-25;64;103;94629;36671;25.5;9.9
87;2021-04-26;1356;911;95985;37582;25.9;10.1
87;2021-04-27;2398;1206;98383;38788;26.5;10.5
87;2021-04-28;3867;1440;102250;40228;27.6;10.8
87;2021-04-29;3078;1841;105328;42069;28.4;11.3
87;2021-04-30;3174;1358;108502;43427;29.3;11.7
87;2021-05-01;614;59;109116;43486;29.4;11.7
87;2021-05-02;361;5;109477;43491;29.5;11.7
87;2021-05-03;2322;940;111799;44431;30.2;12.0
87;2021-05-04;2906;1071;114705;45502;30.9;12.3
87;2021-05-05;2989;1510;117694;47012;31.7;12.7
87;2021-05-06;2531;1724;120225;48736;32.4;13.1
87;2021-05-07;2944;1715;123169;50451;33.2;13.6
87;2021-05-08;772;295;123941;50746;33.4;13.7
87;2021-05-09;18;133;123959;50879;33.4;13.7
87;2021-05-10;1937;1598;125896;52477;34.0;14.2
87;2021-05-11;2467;1909;128363;54386;34.6;14.7
87;2021-05-12;2624;2065;130987;56451;35.3;15.2
87;2021-05-13;1085;292;132072;56743;35.6;15.3
87;2021-05-14;2244;1772;134316;58515;36.2;15.8
87;2021-05-15;950;409;135266;58924;36.5;15.9
87;2021-05-16;141;74;135407;58998;36.5;15.9
87;2021-05-17;1628;1763;137035;60761;37.0;16.4
87;2021-05-18;2634;1818;139669;62579;37.7;16.9
87;2021-05-19;2822;1554;142491;64133;38.4;17.3
87;2021-05-20;3303;1724;145794;65857;39.3;17.8
87;2021-05-21;2765;1841;148559;67698;40.1;18.3
87;2021-05-22;1458;628;150017;68326;40.5;18.4
87;2021-05-23;211;92;150228;68418;40.5;18.5
87;2021-05-24;1055;142;151283;68560;40.8;18.5
87;2021-05-25;2117;1811;153400;70371;41.4;19.0
87;2021-05-26;3221;2478;156621;72849;42.2;19.6
87;2021-05-27;3023;2355;159644;75204;43.1;20.3
87;2021-05-28;2673;2522;162317;77726;43.8;21.0
87;2021-05-29;1061;1314;163378;79040;44.1;21.3
87;2021-05-30;258;60;163636;79100;44.1;21.3
87;2021-05-31;2287;1358;165923;80458;44.8;21.7
87;2021-06-01;2548;1862;168471;82320;45.4;22.2
87;2021-06-02;2525;1854;170996;84174;46.1;22.7
87;2021-06-03;3211;2528;174207;86702;47.0;23.4
87;2021-06-04;2839;2061;177046;88763;47.8;23.9
87;2021-06-05;1311;576;178357;89339;48.1;24.1
87;2021-06-06;262;95;178619;89434;48.2;24.1
87;2021-06-07;2102;1900;180721;91334;48.7;24.6
87;2021-06-08;2961;2603;183682;93937;49.5;25.3
87;2021-06-09;2305;2813;185987;96750;50.2;26.1
87;2021-06-10;2974;2554;188961;99304;51.0;26.8
87;2021-06-11;2364;3070;191325;102374;51.6;27.6
87;2021-06-12;1220;1104;192545;103478;51.9;27.9
87;2021-06-13;293;484;192838;103962;52.0;28.0
87;2021-06-14;980;2730;193818;106692;52.3;28.8
87;2021-06-15;1361;3320;195179;110012;52.6;29.7
87;2021-06-16;1650;3422;196829;113434;53.1;30.6
87;2021-06-17;2438;2317;199267;115751;53.7;31.2
87;2021-06-18;1790;3018;201057;118769;54.2;32.0
87;2021-06-19;1047;1177;202104;119946;54.5;32.4
87;2021-06-20;205;206;202309;120152;54.6;32.4
87;2021-06-21;1041;2643;203350;122795;54.8;33.1
87;2021-06-22;1029;2882;204379;125677;55.1;33.9
87;2021-06-23;1257;3081;205636;128758;55.5;34.7
87;2021-06-24;1620;2559;207256;131317;55.9;35.4
87;2021-06-25;1450;2713;208706;134030;56.3;36.1
87;2021-06-26;529;1200;209235;135230;56.4;36.5
87;2021-06-27;26;212;209261;135442;56.4;36.5
87;2021-06-28;717;2574;209978;138016;56.6;37.2
87;2021-06-29;1156;3417;211134;141433;56.9;38.1
87;2021-06-30;1124;2651;212258;144084;57.2;38.9
87;2021-07-01;1481;2549;213739;146633;57.6;39.5
87;2021-07-02;1200;3462;214939;150095;58.0;40.5
87;2021-07-03;413;1511;215352;151606;58.1;40.9
87;2021-07-04;24;384;215376;151990;58.1;41.0
87;2021-07-05;686;2393;216062;154383;58.3;41.6
87;2021-07-06;583;3221;216645;157604;58.4;42.5
87;2021-07-07;863;3346;217508;160950;58.7;43.4
87;2021-07-08;1119;3672;218627;164622;59.0;44.4
87;2021-07-09;1110;3701;219737;168323;59.3;45.4
87;2021-07-10;290;1359;220027;169682;59.3;45.8
87;2021-07-11;49;284;220076;169966;59.4;45.8
87;2021-07-12;559;3191;220635;173157;59.5;46.7
87;2021-07-13;833;3513;221468;176670;59.7;47.6
87;2021-07-14;518;540;221986;177210;59.9;47.8
87;2021-07-15;1361;3461;223347;180671;60.2;48.7
87;2021-07-16;1731;3600;225078;184271;60.7;49.7
87;2021-07-17;655;1373;225733;185644;60.9;50.1
87;2021-07-18;81;285;225814;185929;60.9;50.1
87;2021-07-19;1433;3401;227247;189330;61.3;51.1
87;2021-07-20;1806;3593;229053;192923;61.8;52.0
87;2021-07-21;1452;3150;230505;196073;62.2;52.9
87;2021-07-22;1878;3251;232383;199324;62.7;53.8
87;2021-07-23;1875;3171;234258;202495;63.2;54.6
87;2021-07-24;816;1283;235074;203778;63.4;55.0
87;2021-07-25;106;241;235180;204019;63.4;55.0
87;2021-07-26;1542;2330;236722;206349;63.8;55.7
87;2021-07-27;2554;2060;239276;208409;64.5;56.2
87;2021-07-28;2390;2007;241666;210416;65.2;56.8
87;2021-07-29;3010;1998;244676;212414;66.0;57.3
87;2021-07-30;2543;2076;247219;214490;66.7;57.8
87;2021-07-31;1105;837;248324;215327;67.0;58.1
87;2021-08-01;284;151;248608;215478;67.1;58.1
87;2021-08-02;2116;1514;250724;216992;67.6;58.5
87;2021-08-03;2494;1332;253218;218324;68.3;58.9
87;2021-08-04;2315;1064;255533;219388;68.9;59.2
87;2021-08-05;2528;1409;258061;220797;69.6;59.6
87;2021-08-06;2138;1660;260199;222457;70.2;60.0
87;2021-08-07;1106;781;261305;223238;70.5;60.2
87;2021-08-08;208;123;261513;223361;70.5;60.2
87;2021-08-09;1819;1532;263332;224893;71.0;60.7
87;2021-08-10;2198;1536;265530;226429;71.6;61.1
87;2021-08-11;1909;1272;267439;227701;72.1;61.4
87;2021-08-12;2095;1481;269534;229182;72.7;61.8
87;2021-08-13;1717;1634;271251;230816;73.2;62.3
87;2021-08-14;668;731;271919;231547;73.3;62.4
87;2021-08-15;72;104;271991;231651;73.4;62.5
87;2021-08-16;1499;1748;273490;233399;73.8;62.9
87;2021-08-17;1343;1667;274833;235066;74.1;63.4
87;2021-08-18;1242;1996;276075;237062;74.5;63.9
87;2021-08-19;1219;1799;277294;238861;74.8;64.4
87;2021-08-20;913;2201;278207;241062;75.0;65.0
87;2021-08-21;317;964;278524;242026;75.1;65.3
87;2021-08-22;92;235;278616;242261;75.1;65.3
87;2021-08-23;742;2391;279358;244652;75.3;66.0
87;2021-08-24;762;2134;280120;246786;75.6;66.6
87;2021-08-25;707;2062;280827;248848;75.7;67.1
87;2021-08-26;855;2155;281682;251003;76.0;67.7
87;2021-08-27;780;2664;282462;253667;76.2;68.4
87;2021-08-28;323;1295;282785;254962;76.3;68.8
87;2021-08-29;65;244;282850;255206;76.3;68.8
87;2021-08-30;471;2212;283321;257418;76.4;69.4
87;2021-08-31;605;1931;283926;259349;76.6;69.9
87;2021-09-01;739;2462;284665;261811;76.8;70.6
87;2021-09-02;547;2339;285212;264150;76.9;71.2
88;2020-12-27;0;0;0;0;0.0;0.0
88;2020-12-28;0;0;0;0;0.0;0.0
88;2020-12-29;0;0;0;0;0.0;0.0
88;2020-12-30;0;0;0;0;0.0;0.0
88;2020-12-31;0;0;0;0;0.0;0.0
88;2021-01-01;2;0;2;0;0.0;0.0
88;2021-01-02;0;0;2;0;0.0;0.0
88;2021-01-03;0;0;2;0;0.0;0.0
88;2021-01-04;0;0;2;0;0.0;0.0
88;2021-01-05;1;0;3;0;0.0;0.0
88;2021-01-06;3;0;6;0;0.0;0.0
88;2021-01-07;71;1;77;1;0.0;0.0
88;2021-01-08;189;2;266;3;0.1;0.0
88;2021-01-09;190;0;456;3;0.1;0.0
88;2021-01-10;0;0;456;3;0.1;0.0
88;2021-01-11;227;0;683;3;0.2;0.0
88;2021-01-12;422;0;1105;3;0.3;0.0
88;2021-01-13;491;2;1596;5;0.4;0.0
88;2021-01-14;347;2;1943;7;0.5;0.0
88;2021-01-15;380;2;2323;9;0.6;0.0
88;2021-01-16;62;0;2385;9;0.7;0.0
88;2021-01-17;1;0;2386;9;0.7;0.0
88;2021-01-18;461;0;2847;9;0.8;0.0
88;2021-01-19;451;0;3298;9;0.9;0.0
88;2021-01-20;460;1;3758;10;1.0;0.0
88;2021-01-21;1545;5;5303;15;1.5;0.0
88;2021-01-22;1181;2;6484;17;1.8;0.0
88;2021-01-23;284;0;6768;17;1.9;0.0
88;2021-01-24;298;2;7066;19;2.0;0.0
88;2021-01-25;938;4;8004;23;2.2;0.0
88;2021-01-26;388;5;8392;28;2.3;0.0
88;2021-01-27;4;0;8396;28;2.3;0.0
88;2021-01-28;162;37;8558;65;2.4;0.0
88;2021-01-29;526;158;9084;223;2.5;0.1
88;2021-01-30;288;124;9372;347;2.6;0.1
88;2021-01-31;0;0;9372;347;2.6;0.1
88;2021-02-01;406;276;9778;623;2.7;0.2
88;2021-02-02;333;363;10111;986;2.8;0.3
88;2021-02-03;437;235;10548;1221;2.9;0.3
88;2021-02-04;315;225;10863;1446;3.0;0.4
88;2021-02-05;457;246;11320;1692;3.1;0.5
88;2021-02-06;110;51;11430;1743;3.2;0.5
88;2021-02-07;0;0;11430;1743;3.2;0.5
88;2021-02-08;359;181;11789;1924;3.3;0.5
88;2021-02-09;291;271;12080;2195;3.4;0.6
88;2021-02-10;416;329;12496;2524;3.5;0.7
88;2021-02-11;851;1088;13347;3612;3.7;1.0
88;2021-02-12;938;692;14285;4304;4.0;1.2
88;2021-02-13;162;208;14447;4512;4.0;1.3
88;2021-02-14;81;216;14528;4728;4.0;1.3
88;2021-02-15;641;1064;15169;5792;4.2;1.6
88;2021-02-16;472;715;15641;6507;4.4;1.8
88;2021-02-17;456;426;16097;6933;4.5;1.9
88;2021-02-18;516;377;16613;7310;4.6;2.0
88;2021-02-19;536;445;17149;7755;4.8;2.2
88;2021-02-20;156;98;17305;7853;4.8;2.2
88;2021-02-21;1;25;17306;7878;4.8;2.2
88;2021-02-22;425;336;17731;8214;4.9;2.3
88;2021-02-23;403;220;18134;8434;5.0;2.3
88;2021-02-24;506;204;18640;8638;5.2;2.4
88;2021-02-25;675;275;19315;8913;5.4;2.5
88;2021-02-26;863;268;20178;9181;5.6;2.6
88;2021-02-27;269;34;20447;9215;5.7;2.6
88;2021-02-28;30;1;20477;9216;5.7;2.6
88;2021-03-01;359;456;20836;9672;5.8;2.7
88;2021-03-02;431;481;21267;10153;5.9;2.8
88;2021-03-03;649;460;21916;10613;6.1;3.0
88;2021-03-04;1039;759;22955;11372;6.4;3.2
88;2021-03-05;934;703;23889;12075;6.6;3.4
88;2021-03-06;1874;119;25763;12194;7.2;3.4
88;2021-03-07;1059;79;26822;12273;7.5;3.4
88;2021-03-08;727;685;27549;12958;7.7;3.6
88;2021-03-09;1095;530;28644;13488;8.0;3.8
88;2021-03-10;1084;494;29728;13982;8.3;3.9
88;2021-03-11;1441;402;31169;14384;8.7;4.0
88;2021-03-12;1309;486;32478;14870;9.0;4.1
88;2021-03-13;1210;128;33688;14998;9.4;4.2
88;2021-03-14;166;5;33854;15003;9.4;4.2
88;2021-03-15;929;446;34783;15449;9.7;4.3
88;2021-03-16;1024;346;35807;15795;10.0;4.4
88;2021-03-17;905;424;36712;16219;10.2;4.5
88;2021-03-18;1302;399;38014;16618;10.6;4.6
88;2021-03-19;1465;505;39479;17123;11.0;4.8
88;2021-03-20;1317;55;40796;17178;11.3;4.8
88;2021-03-21;37;0;40833;17178;11.4;4.8
88;2021-03-22;1232;544;42065;17722;11.7;4.9
88;2021-03-23;1780;443;43845;18165;12.2;5.1
88;2021-03-24;1876;472;45721;18637;12.7;5.2
88;2021-03-25;2499;495;48220;19132;13.4;5.3
88;2021-03-26;2480;457;50700;19589;14.1;5.4
88;2021-03-27;883;299;51583;19888;14.3;5.5
88;2021-03-28;61;4;51644;19892;14.4;5.5
88;2021-03-29;1305;446;52949;20338;14.7;5.7
88;2021-03-30;2062;394;55011;20732;15.3;5.8
88;2021-03-31;1619;576;56630;21308;15.8;5.9
88;2021-04-01;2118;716;58748;22024;16.3;6.1
88;2021-04-02;2816;648;61564;22672;17.1;6.3
88;2021-04-03;745;215;62309;22887;17.3;6.4
88;2021-04-04;16;1;62325;22888;17.3;6.4
88;2021-04-05;23;2;62348;22890;17.3;6.4
88;2021-04-06;1140;679;63488;23569;17.7;6.6
88;2021-04-07;1600;715;65088;24284;18.1;6.8
88;2021-04-08;1859;788;66947;25072;18.6;7.0
88;2021-04-09;3080;742;70027;25814;19.5;7.2
88;2021-04-10;724;650;70751;26464;19.7;7.4
88;2021-04-11;33;1;70784;26465;19.7;7.4
88;2021-04-12;1538;986;72322;27451;20.1;7.6
88;2021-04-13;2037;1092;74359;28543;20.7;7.9
88;2021-04-14;1911;950;76270;29493;21.2;8.2
88;2021-04-15;1967;1244;78237;30737;21.8;8.5
88;2021-04-16;2109;1048;80346;31785;22.3;8.8
88;2021-04-17;1429;766;81775;32551;22.7;9.1
88;2021-04-18;268;23;82043;32574;22.8;9.1
88;2021-04-19;1173;1237;83216;33811;23.1;9.4
88;2021-04-20;1190;1398;84406;35209;23.5;9.8
88;2021-04-21;1503;1297;85909;36506;23.9;10.2
88;2021-04-22;1899;1632;87808;38138;24.4;10.6
88;2021-04-23;1825;2047;89633;40185;24.9;11.2
88;2021-04-24;1184;782;90817;40967;25.3;11.4
88;2021-04-25;34;2;90851;40969;25.3;11.4
88;2021-04-26;1180;1173;92031;42142;25.6;11.7
88;2021-04-27;1278;1734;93309;43876;26.0;12.2
88;2021-04-28;1634;1497;94943;45373;26.4;12.6
88;2021-04-29;2082;1465;97025;46838;27.0;13.0
88;2021-04-30;2451;1630;99476;48468;27.7;13.5
88;2021-05-01;2008;287;101484;48755;28.2;13.6
88;2021-05-02;1301;120;102785;48875;28.6;13.6
88;2021-05-03;1558;1218;104343;50093;29.0;13.9
88;2021-05-04;1444;1467;105787;51560;29.4;14.3
88;2021-05-05;2427;1599;108214;53159;30.1;14.8
88;2021-05-06;3210;1211;111424;54370;31.0;15.1
88;2021-05-07;2938;1353;114362;55723;31.8;15.5
88;2021-05-08;1533;469;115895;56192;32.2;15.6
88;2021-05-09;1734;159;117629;56351;32.7;15.7
88;2021-05-10;1764;1571;119393;57922;33.2;16.1
88;2021-05-11;2657;1912;122050;59834;33.9;16.6
88;2021-05-12;2531;1853;124581;61687;34.7;17.2
88;2021-05-13;3258;681;127839;62368;35.6;17.3
88;2021-05-14;2501;1542;130340;63910;36.3;17.8
88;2021-05-15;1625;742;131965;64652;36.7;18.0
88;2021-05-16;1333;103;133298;64755;37.1;18.0
88;2021-05-17;1988;946;135286;65701;37.6;18.3
88;2021-05-18;2256;1115;137542;66816;38.3;18.6
88;2021-05-19;2723;1150;140265;67966;39.0;18.9
88;2021-05-20;3347;1239;143612;69205;39.9;19.2
88;2021-05-21;2876;1150;146488;70355;40.7;19.6
88;2021-05-22;1432;713;147920;71068;41.1;19.8
88;2021-05-23;558;74;148478;71142;41.3;19.8
88;2021-05-24;1675;434;150153;71576;41.8;19.9
88;2021-05-25;1648;1174;151801;72750;42.2;20.2
88;2021-05-26;2368;1140;154169;73890;42.9;20.6
88;2021-05-27;2201;1364;156370;75254;43.5;20.9
88;2021-05-28;1891;1989;158261;77243;44.0;21.5
88;2021-05-29;1231;1754;159492;78997;44.4;22.0
88;2021-05-30;587;418;160079;79415;44.5;22.1
88;2021-05-31;1327;1854;161406;81269;44.9;22.6
88;2021-06-01;1720;1988;163126;83257;45.4;23.2
88;2021-06-02;2076;1871;165202;85128;46.0;23.7
88;2021-06-03;2739;1621;167941;86749;46.7;24.1
88;2021-06-04;2043;1935;169984;88684;47.3;24.7
88;2021-06-05;1531;1139;171515;89823;47.7;25.0
88;2021-06-06;693;156;172208;89979;47.9;25.0
88;2021-06-07;1292;1709;173500;91688;48.3;25.5
88;2021-06-08;1666;1934;175166;93622;48.7;26.0
88;2021-06-09;1618;1910;176784;95532;49.2;26.6
88;2021-06-10;1781;2048;178565;97580;49.7;27.1
88;2021-06-11;1549;2216;180114;99796;50.1;27.8
88;2021-06-12;669;1656;180783;101452;50.3;28.2
88;2021-06-13;464;377;181247;101829;50.4;28.3
88;2021-06-14;1030;2249;182277;104078;50.7;28.9
88;2021-06-15;1929;2460;184206;106538;51.2;29.6
88;2021-06-16;1486;2872;185692;109410;51.6;30.4
88;2021-06-17;1599;2730;187291;112140;52.1;31.2
88;2021-06-18;1356;2461;188647;114601;52.5;31.9
88;2021-06-19;701;1090;189348;115691;52.7;32.2
88;2021-06-20;78;79;189426;115770;52.7;32.2
88;2021-06-21;672;2581;190098;118351;52.9;32.9
88;2021-06-22;869;3432;190967;121783;53.1;33.9
88;2021-06-23;1144;2878;192111;124661;53.4;34.7
88;2021-06-24;703;2603;192814;127264;53.6;35.4
88;2021-06-25;1436;3180;194250;130444;54.0;36.3
88;2021-06-26;903;2072;195153;132516;54.3;36.9
88;2021-06-27;543;635;195696;133151;54.4;37.0
88;2021-06-28;760;2516;196456;135667;54.6;37.7
88;2021-06-29;961;3355;197417;139022;54.9;38.7
88;2021-06-30;1136;3114;198553;142136;55.2;39.5
88;2021-07-01;1057;2687;199610;144823;55.5;40.3
88;2021-07-02;991;3150;200601;147973;55.8;41.2
88;2021-07-03;694;1699;201295;149672;56.0;41.6
88;2021-07-04;258;815;201553;150487;56.1;41.9
88;2021-07-05;993;2021;202546;152508;56.3;42.4
88;2021-07-06;1020;2415;203566;154923;56.6;43.1
88;2021-07-07;1179;2587;204745;157510;56.9;43.8
88;2021-07-08;1085;2064;205830;159574;57.3;44.4
88;2021-07-09;1583;2707;207413;162281;57.7;45.1
88;2021-07-10;720;1818;208133;164099;57.9;45.6
88;2021-07-11;468;696;208601;164795;58.0;45.8
88;2021-07-12;1055;2521;209656;167316;58.3;46.5
88;2021-07-13;1313;2654;210969;169970;58.7;47.3
88;2021-07-14;1206;801;212175;170771;59.0;47.5
88;2021-07-15;1744;3315;213919;174086;59.5;48.4
88;2021-07-16;1470;2964;215389;177050;59.9;49.2
88;2021-07-17;802;1588;216191;178638;60.1;49.7
88;2021-07-18;180;679;216371;179317;60.2;49.9
88;2021-07-19;1563;2232;217934;181549;60.6;50.5
88;2021-07-20;2143;2389;220077;183938;61.2;51.2
88;2021-07-21;1938;2219;222015;186157;61.8;51.8
88;2021-07-22;1698;2110;223713;188267;62.2;52.4
88;2021-07-23;2508;2784;226221;191051;62.9;53.1
88;2021-07-24;1059;1186;227280;192237;63.2;53.5
88;2021-07-25;432;608;227712;192845;63.3;53.6
88;2021-07-26;1715;2075;229427;194920;63.8;54.2
88;2021-07-27;2349;2060;231776;196980;64.5;54.8
88;2021-07-28;2212;2250;233988;199230;65.1;55.4
88;2021-07-29;3032;1633;237020;200863;65.9;55.9
88;2021-07-30;2273;2295;239293;203158;66.6;56.5
88;2021-07-31;1105;1038;240398;204196;66.9;56.8
88;2021-08-01;446;462;240844;204658;67.0;56.9
88;2021-08-02;2376;1767;243220;206425;67.7;57.4
88;2021-08-03;2875;1591;246095;208016;68.5;57.9
88;2021-08-04;2517;1529;248612;209545;69.2;58.3
88;2021-08-05;1995;1379;250607;210924;69.7;58.7
88;2021-08-06;2922;2013;253529;212937;70.5;59.2
88;2021-08-07;1172;913;254701;213850;70.8;59.5
88;2021-08-08;750;319;255451;214169;71.1;59.6
88;2021-08-09;1545;1649;256996;215818;71.5;60.0
88;2021-08-10;1937;2061;258933;217879;72.0;60.6
88;2021-08-11;1864;1750;260797;219629;72.5;61.1
88;2021-08-12;1659;1347;262456;220976;73.0;61.5
88;2021-08-13;1926;2124;264382;223100;73.5;62.1
88;2021-08-14;576;910;264958;224010;73.7;62.3
88;2021-08-15;336;522;265294;224532;73.8;62.5
88;2021-08-16;1145;1988;266439;226520;74.1;63.0
88;2021-08-17;1266;2054;267705;228574;74.5;63.6
88;2021-08-18;1203;1920;268908;230494;74.8;64.1
88;2021-08-19;1037;1582;269945;232076;75.1;64.6
88;2021-08-20;1014;2329;270959;234405;75.4;65.2
88;2021-08-21;402;1142;271361;235547;75.5;65.5
88;2021-08-22;100;478;271461;236025;75.5;65.7
88;2021-08-23;730;1641;272191;237666;75.7;66.1
88;2021-08-24;914;1972;273105;239638;76.0;66.7
88;2021-08-25;889;2456;273994;242094;76.2;67.3
88;2021-08-26;863;2047;274857;244141;76.5;67.9
88;2021-08-27;843;2707;275700;246848;76.7;68.7
88;2021-08-28;484;1346;276184;248194;76.8;69.0
88;2021-08-29;130;694;276314;248888;76.9;69.2
88;2021-08-30;690;2379;277004;251267;77.0;69.9
88;2021-08-31;778;2372;277782;253639;77.3;70.5
88;2021-09-01;679;2069;278461;255708;77.5;71.1
88;2021-09-02;652;1742;279113;257450;77.6;71.6
89;2020-12-27;0;0;0;0;0.0;0.0
89;2020-12-28;1;0;1;0;0.0;0.0
89;2020-12-29;0;0;1;0;0.0;0.0
89;2020-12-30;0;0;1;0;0.0;0.0
89;2020-12-31;0;0;1;0;0.0;0.0
89;2021-01-01;0;0;1;0;0.0;0.0
89;2021-01-02;0;0;1;0;0.0;0.0
89;2021-01-03;0;0;1;0;0.0;0.0
89;2021-01-04;0;0;1;0;0.0;0.0
89;2021-01-05;0;0;1;0;0.0;0.0
89;2021-01-06;48;0;49;0;0.0;0.0
89;2021-01-07;201;0;250;0;0.1;0.0
89;2021-01-08;48;0;298;0;0.1;0.0
89;2021-01-09;1;0;299;0;0.1;0.0
89;2021-01-10;0;0;299;0;0.1;0.0
89;2021-01-11;220;0;519;0;0.2;0.0
89;2021-01-12;349;0;868;0;0.3;0.0
89;2021-01-13;533;3;1401;3;0.4;0.0
89;2021-01-14;710;7;2111;10;0.6;0.0
89;2021-01-15;275;2;2386;12;0.7;0.0
89;2021-01-16;90;3;2476;15;0.7;0.0
89;2021-01-17;0;0;2476;15;0.7;0.0
89;2021-01-18;503;1;2979;16;0.9;0.0
89;2021-01-19;840;3;3819;19;1.1;0.0
89;2021-01-20;760;0;4579;19;1.4;0.0
89;2021-01-21;939;4;5518;23;1.7;0.0
89;2021-01-22;1020;1;6538;24;2.0;0.0
89;2021-01-23;200;0;6738;24;2.0;0.0
89;2021-01-24;107;0;6845;24;2.1;0.0
89;2021-01-25;482;4;7327;28;2.2;0.0
89;2021-01-26;582;13;7909;41;2.4;0.0
89;2021-01-27;473;38;8382;79;2.5;0.0
89;2021-01-28;550;126;8932;205;2.7;0.1
89;2021-01-29;958;42;9890;247;3.0;0.1
89;2021-01-30;184;67;10074;314;3.0;0.1
89;2021-01-31;24;2;10098;316;3.0;0.1
89;2021-02-01;255;147;10353;463;3.1;0.1
89;2021-02-02;282;330;10635;793;3.2;0.2
89;2021-02-03;292;340;10927;1133;3.3;0.3
89;2021-02-04;432;593;11359;1726;3.4;0.5
89;2021-02-05;387;200;11746;1926;3.5;0.6
89;2021-02-06;77;66;11823;1992;3.6;0.6
89;2021-02-07;0;0;11823;1992;3.6;0.6
89;2021-02-08;288;184;12111;2176;3.6;0.7
89;2021-02-09;285;433;12396;2609;3.7;0.8
89;2021-02-10;396;306;12792;2915;3.9;0.9
89;2021-02-11;332;546;13124;3461;4.0;1.0
89;2021-02-12;433;595;13557;4056;4.1;1.2
89;2021-02-13;52;131;13609;4187;4.1;1.3
89;2021-02-14;21;116;13630;4303;4.1;1.3
89;2021-02-15;218;390;13848;4693;4.2;1.4
89;2021-02-16;134;521;13982;5214;4.2;1.6
89;2021-02-17;263;419;14245;5633;4.3;1.7
89;2021-02-18;225;523;14470;6156;4.4;1.9
89;2021-02-19;244;648;14714;6804;4.4;2.0
89;2021-02-20;33;140;14747;6944;4.4;2.1
89;2021-02-21;0;10;14747;6954;4.4;2.1
89;2021-02-22;233;433;14980;7387;4.5;2.2
89;2021-02-23;171;476;15151;7863;4.6;2.4
89;2021-02-24;343;366;15494;8229;4.7;2.5
89;2021-02-25;370;450;15864;8679;4.8;2.6
89;2021-02-26;385;326;16249;9005;4.9;2.7
89;2021-02-27;138;79;16387;9084;4.9;2.7
89;2021-02-28;6;13;16393;9097;4.9;2.7
89;2021-03-01;541;233;16934;9330;5.1;2.8
89;2021-03-02;754;349;17688;9679;5.3;2.9
89;2021-03-03;647;276;18335;9955;5.5;3.0
89;2021-03-04;633;378;18968;10333;5.7;3.1
89;2021-03-05;728;499;19696;10832;5.9;3.3
89;2021-03-06;549;130;20245;10962;6.1;3.3
89;2021-03-07;288;40;20533;11002;6.2;3.3
89;2021-03-08;558;327;21091;11329;6.4;3.4
89;2021-03-09;1001;276;22092;11605;6.7;3.5
89;2021-03-10;984;256;23076;11861;6.9;3.6
89;2021-03-11;1074;301;24150;12162;7.3;3.7
89;2021-03-12;1281;335;25431;12497;7.7;3.8
89;2021-03-13;637;44;26068;12541;7.8;3.8
89;2021-03-14;1;0;26069;12541;7.8;3.8
89;2021-03-15;816;312;26885;12853;8.1;3.9
89;2021-03-16;948;226;27833;13079;8.4;3.9
89;2021-03-17;920;268;28753;13347;8.7;4.0
89;2021-03-18;884;255;29637;13602;8.9;4.1
89;2021-03-19;1149;197;30786;13799;9.3;4.2
89;2021-03-20;844;28;31630;13827;9.5;4.2
89;2021-03-21;173;6;31803;13833;9.6;4.2
89;2021-03-22;1044;225;32847;14058;9.9;4.2
89;2021-03-23;1742;259;34589;14317;10.4;4.3
89;2021-03-24;1967;325;36556;14642;11.0;4.4
89;2021-03-25;1821;171;38377;14813;11.6;4.5
89;2021-03-26;2627;183;41004;14996;12.3;4.5
89;2021-03-27;1774;49;42778;15045;12.9;4.5
89;2021-03-28;32;3;42810;15048;12.9;4.5
89;2021-03-29;965;577;43775;15625;13.2;4.7
89;2021-03-30;1154;568;44929;16193;13.5;4.9
89;2021-03-31;2005;474;46934;16667;14.1;5.0
89;2021-04-01;2120;460;49054;17127;14.8;5.2
89;2021-04-02;2139;447;51193;17574;15.4;5.3
89;2021-04-03;1004;243;52197;17817;15.7;5.4
89;2021-04-04;16;1;52213;17818;15.7;5.4
89;2021-04-05;92;2;52305;17820;15.7;5.4
89;2021-04-06;1034;758;53339;18578;16.1;5.6
89;2021-04-07;1029;805;54368;19383;16.4;5.8
89;2021-04-08;1729;726;56097;20109;16.9;6.1
89;2021-04-09;2164;768;58261;20877;17.5;6.3
89;2021-04-10;892;181;59153;21058;17.8;6.3
89;2021-04-11;38;51;59191;21109;17.8;6.4
89;2021-04-12;1012;792;60203;21901;18.1;6.6
89;2021-04-13;1357;1079;61560;22980;18.5;6.9
89;2021-04-14;1213;1038;62773;24018;18.9;7.2
89;2021-04-15;1415;944;64188;24962;19.3;7.5
89;2021-04-16;1329;940;65517;25902;19.7;7.8
89;2021-04-17;1068;455;66585;26357;20.0;7.9
89;2021-04-18;27;154;66612;26511;20.1;8.0
89;2021-04-19;749;1039;67361;27550;20.3;8.3
89;2021-04-20;1017;1535;68378;29085;20.6;8.8
89;2021-04-21;814;1106;69192;30191;20.8;9.1
89;2021-04-22;1108;1165;70300;31356;21.2;9.4
89;2021-04-23;1823;1966;72123;33322;21.7;10.0
89;2021-04-24;1174;1174;73297;34496;22.1;10.4
89;2021-04-25;139;6;73436;34502;22.1;10.4
89;2021-04-26;1503;775;74939;35277;22.6;10.6
89;2021-04-27;1733;1053;76672;36330;23.1;10.9
89;2021-04-28;1595;1855;78267;38185;23.6;11.5
89;2021-04-29;1968;1924;80235;40109;24.2;12.1
89;2021-04-30;1804;1769;82039;41878;24.7;12.6
89;2021-05-01;846;721;82885;42599;25.0;12.8
89;2021-05-02;134;31;83019;42630;25.0;12.8
89;2021-05-03;1606;765;84625;43395;25.5;13.1
89;2021-05-04;1620;1127;86245;44522;26.0;13.4
89;2021-05-05;2319;1268;88564;45790;26.7;13.8
89;2021-05-06;2413;1380;90977;47170;27.4;14.2
89;2021-05-07;2719;1318;93696;48488;28.2;14.6
89;2021-05-08;1787;534;95483;49022;28.8;14.8
89;2021-05-09;196;18;95679;49040;28.8;14.8
89;2021-05-10;1201;962;96880;50002;29.2;15.1
89;2021-05-11;2489;1462;99369;51464;29.9;15.5
89;2021-05-12;2059;1218;101428;52682;30.5;15.9
89;2021-05-13;414;332;101842;53014;30.7;16.0
89;2021-05-14;1880;1095;103722;54109;31.2;16.3
89;2021-05-15;2248;394;105970;54503;31.9;16.4
89;2021-05-16;10;35;105980;54538;31.9;16.4
89;2021-05-17;2092;637;108072;55175;32.5;16.6
89;2021-05-18;2324;831;110396;56006;33.2;16.9
89;2021-05-19;2861;883;113257;56889;34.1;17.1
89;2021-05-20;2927;890;116184;57779;35.0;17.4
89;2021-05-21;2481;879;118665;58658;35.7;17.7
89;2021-05-22;1430;563;120095;59221;36.2;17.8
89;2021-05-23;108;10;120203;59231;36.2;17.8
89;2021-05-24;286;224;120489;59455;36.3;17.9
89;2021-05-25;1559;984;122048;60439;36.8;18.2
89;2021-05-26;1817;1022;123865;61461;37.3;18.5
89;2021-05-27;2118;1359;125983;62820;37.9;18.9
89;2021-05-28;2143;1422;128126;64242;38.6;19.3
89;2021-05-29;540;658;128666;64900;38.7;19.5
89;2021-05-30;25;22;128691;64922;38.8;19.5
89;2021-05-31;1248;971;129939;65893;39.1;19.8
89;2021-06-01;1506;983;131445;66876;39.6;20.1
89;2021-06-02;1945;1279;133390;68155;40.2;20.5
89;2021-06-03;2428;1523;135818;69678;40.9;21.0
89;2021-06-04;2140;1889;137958;71567;41.5;21.6
89;2021-06-05;1186;1224;139144;72791;41.9;21.9
89;2021-06-06;23;37;139167;72828;41.9;21.9
89;2021-06-07;2109;1452;141276;74280;42.5;22.4
89;2021-06-08;2196;1457;143472;75737;43.2;22.8
89;2021-06-09;2321;1510;145793;77247;43.9;23.3
89;2021-06-10;2791;1601;148584;78848;44.7;23.7
89;2021-06-11;1949;1750;150533;80598;45.3;24.3
89;2021-06-12;1103;759;151636;81357;45.7;24.5
89;2021-06-13;156;424;151792;81781;45.7;24.6
89;2021-06-14;1311;1824;153103;83605;46.1;25.2
89;2021-06-15;1401;2013;154504;85618;46.5;25.8
89;2021-06-16;1129;2583;155633;88201;46.9;26.6
89;2021-06-17;1431;2337;157064;90538;47.3;27.3
89;2021-06-18;1623;2879;158687;93417;47.8;28.1
89;2021-06-19;687;1661;159374;95078;48.0;28.6
89;2021-06-20;55;127;159429;95205;48.0;28.7
89;2021-06-21;759;1528;160188;96733;48.2;29.1
89;2021-06-22;1048;2679;161236;99412;48.6;29.9
89;2021-06-23;1156;1796;162392;101208;48.9;30.5
89;2021-06-24;1077;1496;163469;102704;49.2;30.9
89;2021-06-25;1008;2426;164477;105130;49.5;31.7
89;2021-06-26;560;2483;165037;107613;49.7;32.4
89;2021-06-27;14;28;165051;107641;49.7;32.4
89;2021-06-28;1033;2494;166084;110135;50.0;33.2
89;2021-06-29;692;2403;166776;112538;50.2;33.9
89;2021-06-30;1084;3182;167860;115720;50.5;34.8
89;2021-07-01;1022;2987;168882;118707;50.9;35.7
89;2021-07-02;1106;2749;169988;121456;51.2;36.6
89;2021-07-03;554;1574;170542;123030;51.4;37.0
89;2021-07-04;11;36;170553;123066;51.4;37.1
89;2021-07-05;1296;1841;171849;124907;51.7;37.6
89;2021-07-06;1050;2310;172899;127217;52.1;38.3
89;2021-07-07;669;1788;173568;129005;52.3;38.8
89;2021-07-08;792;1871;174360;130876;52.5;39.4
89;2021-07-09;1141;2606;175501;133482;52.8;40.2
89;2021-07-10;718;816;176219;134298;53.1;40.4
89;2021-07-11;26;39;176245;134337;53.1;40.5
89;2021-07-12;1423;1900;177668;136237;53.5;41.0
89;2021-07-13;2136;2742;179804;138979;54.1;41.8
89;2021-07-14;314;326;180118;139305;54.2;41.9
89;2021-07-15;2243;3157;182361;142462;54.9;42.9
89;2021-07-16;2390;2861;184751;145323;55.6;43.8
89;2021-07-17;1233;1227;185984;146550;56.0;44.1
89;2021-07-18;276;97;186260;146647;56.1;44.2
89;2021-07-19;1566;2811;187826;149458;56.6;45.0
89;2021-07-20;1929;3283;189755;152741;57.1;46.0
89;2021-07-21;2080;2725;191835;155466;57.8;46.8
89;2021-07-22;2474;2993;194309;158459;58.5;47.7
89;2021-07-23;2478;3104;196787;161563;59.3;48.6
89;2021-07-24;1240;1247;198027;162810;59.6;49.0
89;2021-07-25;69;186;198096;162996;59.7;49.1
89;2021-07-26;1720;2320;199816;165316;60.2;49.8
89;2021-07-27;2344;1909;202160;167225;60.9;50.4
89;2021-07-28;2536;1337;204696;168562;61.6;50.8
89;2021-07-29;2525;1619;207221;170181;62.4;51.2
89;2021-07-30;2678;1621;209899;171802;63.2;51.7
89;2021-07-31;1122;1072;211021;172874;63.5;52.1
89;2021-08-01;69;33;211090;172907;63.6;52.1
89;2021-08-02;1783;1283;212873;174190;64.1;52.5
89;2021-08-03;2464;1255;215337;175445;64.8;52.8
89;2021-08-04;1527;1642;216864;177087;65.3;53.3
89;2021-08-05;1529;1692;218393;178779;65.8;53.8
89;2021-08-06;2162;1648;220555;180427;66.4;54.3
89;2021-08-07;927;1094;221482;181521;66.7;54.7
89;2021-08-08;56;48;221538;181569;66.7;54.7
89;2021-08-09;1087;1173;222625;182742;67.0;55.0
89;2021-08-10;1775;1814;224400;184556;67.6;55.6
89;2021-08-11;1515;1579;225915;186135;68.0;56.0
89;2021-08-12;1350;1390;227265;187525;68.4;56.5
89;2021-08-13;1246;1951;228511;189476;68.8;57.1
89;2021-08-14;514;1016;229025;190492;69.0;57.4
89;2021-08-15;19;43;229044;190535;69.0;57.4
89;2021-08-16;985;1965;230029;192500;69.3;58.0
89;2021-08-17;828;1571;230857;194071;69.5;58.4
89;2021-08-18;609;1897;231466;195968;69.7;59.0
89;2021-08-19;654;1390;232120;197358;69.9;59.4
89;2021-08-20;1003;2261;233123;199619;70.2;60.1
89;2021-08-21;291;1003;233414;200622;70.3;60.4
89;2021-08-22;32;34;233446;200656;70.3;60.4
89;2021-08-23;752;2247;234198;202903;70.5;61.1
89;2021-08-24;832;2365;235030;205268;70.8;61.8
89;2021-08-25;553;1429;235583;206697;70.9;62.2
89;2021-08-26;575;2051;236158;208748;71.1;62.9
89;2021-08-27;777;2260;236935;211008;71.3;63.5
89;2021-08-28;353;1302;237288;212310;71.5;63.9
89;2021-08-29;30;70;237318;212380;71.5;64.0
89;2021-08-30;625;2228;237943;214608;71.6;64.6
89;2021-08-31;597;1623;238540;216231;71.8;65.1
89;2021-09-01;504;1368;239044;217599;72.0;65.5
89;2021-09-02;424;1458;239468;219057;72.1;66.0
90;2020-12-27;0;0;0;0;0.0;0.0
90;2020-12-28;0;0;0;0;0.0;0.0
90;2020-12-29;0;0;0;0;0.0;0.0
90;2020-12-30;1;0;1;0;0.0;0.0
90;2020-12-31;0;0;1;0;0.0;0.0
90;2021-01-01;0;0;1;0;0.0;0.0
90;2021-01-02;1;0;2;0;0.0;0.0
90;2021-01-03;0;0;2;0;0.0;0.0
90;2021-01-04;2;0;4;0;0.0;0.0
90;2021-01-05;0;0;4;0;0.0;0.0
90;2021-01-06;0;0;4;0;0.0;0.0
90;2021-01-07;1;0;5;0;0.0;0.0
90;2021-01-08;170;0;175;0;0.1;0.0
90;2021-01-09;46;0;221;0;0.2;0.0
90;2021-01-10;0;0;221;0;0.2;0.0
90;2021-01-11;200;0;421;0;0.3;0.0
90;2021-01-12;430;1;851;1;0.6;0.0
90;2021-01-13;468;2;1319;3;0.9;0.0
90;2021-01-14;414;2;1733;5;1.2;0.0
90;2021-01-15;404;8;2137;13;1.5;0.0
90;2021-01-16;111;2;2248;15;1.6;0.0
90;2021-01-17;1;0;2249;15;1.6;0.0
90;2021-01-18;365;2;2614;17;1.9;0.0
90;2021-01-19;462;4;3076;21;2.2;0.0
90;2021-01-20;392;2;3468;23;2.5;0.0
90;2021-01-21;351;1;3819;24;2.7;0.0
90;2021-01-22;346;2;4165;26;3.0;0.0
90;2021-01-23;98;0;4263;26;3.0;0.0
90;2021-01-24;0;0;4263;26;3.0;0.0
90;2021-01-25;322;3;4585;29;3.3;0.0
90;2021-01-26;224;0;4809;29;3.4;0.0
90;2021-01-27;255;0;5064;29;3.6;0.0
90;2021-01-28;328;32;5392;61;3.8;0.0
90;2021-01-29;291;162;5683;223;4.1;0.2
90;2021-01-30;176;44;5859;267;4.2;0.2
90;2021-01-31;118;0;5977;267;4.3;0.2
90;2021-02-01;275;108;6252;375;4.5;0.3
90;2021-02-02;290;156;6542;531;4.7;0.4
90;2021-02-03;256;278;6798;809;4.9;0.6
90;2021-02-04;257;303;7055;1112;5.0;0.8
90;2021-02-05;266;269;7321;1381;5.2;1.0
90;2021-02-06;89;66;7410;1447;5.3;1.0
90;2021-02-07;0;0;7410;1447;5.3;1.0
90;2021-02-08;170;216;7580;1663;5.4;1.2
90;2021-02-09;139;162;7719;1825;5.5;1.3
90;2021-02-10;182;30;7901;1855;5.6;1.3
90;2021-02-11;229;105;8130;1960;5.8;1.4
90;2021-02-12;126;238;8256;2198;5.9;1.6
90;2021-02-13;96;42;8352;2240;6.0;1.6
90;2021-02-14;0;0;8352;2240;6.0;1.6
90;2021-02-15;113;271;8465;2511;6.0;1.8
90;2021-02-16;92;273;8557;2784;6.1;2.0
90;2021-02-17;178;199;8735;2983;6.2;2.1
90;2021-02-18;128;230;8863;3213;6.3;2.3
90;2021-02-19;64;258;8927;3471;6.4;2.5
90;2021-02-20;40;72;8967;3543;6.4;2.5
90;2021-02-21;0;0;8967;3543;6.4;2.5
90;2021-02-22;77;321;9044;3864;6.5;2.8
90;2021-02-23;40;249;9084;4113;6.5;2.9
90;2021-02-24;109;285;9193;4398;6.6;3.1
90;2021-02-25;89;304;9282;4702;6.6;3.4
90;2021-02-26;89;385;9371;5087;6.7;3.6
90;2021-02-27;140;171;9511;5258;6.8;3.8
90;2021-02-28;8;108;9519;5366;6.8;3.8
90;2021-03-01;211;227;9730;5593;6.9;4.0
90;2021-03-02;178;284;9908;5877;7.1;4.2
90;2021-03-03;239;352;10147;6229;7.2;4.4
90;2021-03-04;260;278;10407;6507;7.4;4.6
90;2021-03-05;359;270;10766;6777;7.7;4.8
90;2021-03-06;291;102;11057;6879;7.9;4.9
90;2021-03-07;18;1;11075;6880;7.9;4.9
90;2021-03-08;246;246;11321;7126;8.1;5.1
90;2021-03-09;430;163;11751;7289;8.4;5.2
90;2021-03-10;348;196;12099;7485;8.6;5.3
90;2021-03-11;348;120;12447;7605;8.9;5.4
90;2021-03-12;519;130;12966;7735;9.3;5.5
90;2021-03-13;539;47;13505;7782;9.6;5.6
90;2021-03-14;21;0;13526;7782;9.7;5.6
90;2021-03-15;387;117;13913;7899;9.9;5.6
90;2021-03-16;401;100;14314;7999;10.2;5.7
90;2021-03-17;323;76;14637;8075;10.4;5.8
90;2021-03-18;348;80;14985;8155;10.7;5.8
90;2021-03-19;468;79;15453;8234;11.0;5.9
90;2021-03-20;427;48;15880;8282;11.3;5.9
90;2021-03-21;7;1;15887;8283;11.3;5.9
90;2021-03-22;399;30;16286;8313;11.6;5.9
90;2021-03-23;739;76;17025;8389;12.1;6.0
90;2021-03-24;817;45;17842;8434;12.7;6.0
90;2021-03-25;948;75;18790;8509;13.4;6.1
90;2021-03-26;1227;61;20017;8570;14.3;6.1
90;2021-03-27;439;34;20456;8604;14.6;6.1
90;2021-03-28;34;0;20490;8604;14.6;6.1
90;2021-03-29;712;144;21202;8748;15.1;6.2
90;2021-03-30;675;155;21877;8903;15.6;6.4
90;2021-03-31;728;84;22605;8987;16.1;6.4
90;2021-04-01;602;123;23207;9110;16.6;6.5
90;2021-04-02;657;98;23864;9208;17.0;6.6
90;2021-04-03;370;40;24234;9248;17.3;6.6
90;2021-04-04;1;0;24235;9248;17.3;6.6
90;2021-04-05;0;0;24235;9248;17.3;6.6
90;2021-04-06;528;252;24763;9500;17.7;6.8
90;2021-04-07;485;265;25248;9765;18.0;7.0
90;2021-04-08;510;245;25758;10010;18.4;7.1
90;2021-04-09;752;268;26510;10278;18.9;7.3
90;2021-04-10;224;8;26734;10286;19.1;7.3
90;2021-04-11;7;0;26741;10286;19.1;7.3
90;2021-04-12;557;481;27298;10767;19.5;7.7
90;2021-04-13;632;531;27930;11298;19.9;8.1
90;2021-04-14;527;351;28457;11649;20.3;8.3
90;2021-04-15;905;291;29362;11940;21.0;8.5
90;2021-04-16;370;404;29732;12344;21.2;8.8
90;2021-04-17;189;128;29921;12472;21.4;8.9
90;2021-04-18;21;0;29942;12472;21.4;8.9
90;2021-04-19;435;570;30377;13042;21.7;9.3
90;2021-04-20;494;618;30871;13660;22.0;9.7
90;2021-04-21;353;497;31224;14157;22.3;10.1
90;2021-04-22;569;602;31793;14759;22.7;10.5
90;2021-04-23;504;742;32297;15501;23.0;11.1
90;2021-04-24;305;202;32602;15703;23.3;11.2
90;2021-04-25;1;0;32603;15703;23.3;11.2
90;2021-04-26;509;750;33112;16453;23.6;11.7
90;2021-04-27;641;679;33753;17132;24.1;12.2
90;2021-04-28;765;445;34518;17577;24.6;12.5
90;2021-04-29;1003;449;35521;18026;25.3;12.9
90;2021-04-30;1120;459;36641;18485;26.1;13.2
90;2021-05-01;60;42;36701;18527;26.2;13.2
90;2021-05-02;4;0;36705;18527;26.2;13.2
90;2021-05-03;904;286;37609;18813;26.8;13.4
90;2021-05-04;784;637;38393;19450;27.4;13.9
90;2021-05-05;892;504;39285;19954;28.0;14.2
90;2021-05-06;852;626;40137;20580;28.6;14.7
90;2021-05-07;440;509;40577;21089;29.0;15.0
90;2021-05-08;26;27;40603;21116;29.0;15.1
90;2021-05-09;5;33;40608;21149;29.0;15.1
90;2021-05-10;506;584;41114;21733;29.3;15.5
90;2021-05-11;778;637;41892;22370;29.9;16.0
90;2021-05-12;532;598;42424;22968;30.3;16.4
90;2021-05-13;1113;264;43537;23232;31.1;16.6
90;2021-05-14;865;403;44402;23635;31.7;16.9
90;2021-05-15;14;125;44416;23760;31.7;17.0
90;2021-05-16;2;7;44418;23767;31.7;17.0
90;2021-05-17;793;290;45211;24057;32.3;17.2
90;2021-05-18;1024;472;46235;24529;33.0;17.5
90;2021-05-19;1265;384;47500;24913;33.9;17.8
90;2021-05-20;1201;270;48701;25183;34.8;18.0
90;2021-05-21;1265;432;49966;25615;35.7;18.3
90;2021-05-22;9;131;49975;25746;35.7;18.4
90;2021-05-23;4;0;49979;25746;35.7;18.4
90;2021-05-24;368;266;50347;26012;35.9;18.6
90;2021-05-25;636;792;50983;26804;36.4;19.1
90;2021-05-26;630;568;51613;27372;36.8;19.5
90;2021-05-27;963;383;52576;27755;37.5;19.8
90;2021-05-28;668;827;53244;28582;38.0;20.4
90;2021-05-29;93;296;53337;28878;38.1;20.6
90;2021-05-30;4;1;53341;28879;38.1;20.6
90;2021-05-31;809;714;54150;29593;38.6;21.1
90;2021-06-01;969;740;55119;30333;39.3;21.6
90;2021-06-02;760;676;55879;31009;39.9;22.1
90;2021-06-03;758;743;56637;31752;40.4;22.7
90;2021-06-04;833;973;57470;32725;41.0;23.4
90;2021-06-05;54;427;57524;33152;41.0;23.7
90;2021-06-06;1;16;57525;33168;41.0;23.7
90;2021-06-07;1265;1081;58790;34249;41.9;24.4
90;2021-06-08;1481;936;60271;35185;43.0;25.1
90;2021-06-09;965;659;61236;35844;43.7;25.6
90;2021-06-10;626;498;61862;36342;44.1;25.9
90;2021-06-11;787;1127;62649;37469;44.7;26.7
90;2021-06-12;806;297;63455;37766;45.3;26.9
90;2021-06-13;10;12;63465;37778;45.3;27.0
90;2021-06-14;265;975;63730;38753;45.5;27.7
90;2021-06-15;567;880;64297;39633;45.9;28.3
90;2021-06-16;510;548;64807;40181;46.2;28.7
90;2021-06-17;444;638;65251;40819;46.6;29.1
90;2021-06-18;624;997;65875;41816;47.0;29.8
90;2021-06-19;450;171;66325;41987;47.3;30.0
90;2021-06-20;0;28;66325;42015;47.3;30.0
90;2021-06-21;257;1178;66582;43193;47.5;30.8
90;2021-06-22;384;950;66966;44143;47.8;31.5
90;2021-06-23;415;633;67381;44776;48.1;31.9
90;2021-06-24;318;603;67699;45379;48.3;32.4
90;2021-06-25;431;1273;68130;46652;48.6;33.3
90;2021-06-26;420;561;68550;47213;48.9;33.7
90;2021-06-27;2;6;68552;47219;48.9;33.7
90;2021-06-28;378;1299;68930;48518;49.2;34.6
90;2021-06-29;305;1307;69235;49825;49.4;35.6
90;2021-06-30;485;1228;69720;51053;49.7;36.4
90;2021-07-01;355;919;70075;51972;50.0;37.1
90;2021-07-02;507;1206;70582;53178;50.4;37.9
90;2021-07-03;52;129;70634;53307;50.4;38.0
90;2021-07-04;0;21;70634;53328;50.4;38.1
90;2021-07-05;401;1014;71035;54342;50.7;38.8
90;2021-07-06;514;972;71549;55314;51.1;39.5
90;2021-07-07;381;995;71930;56309;51.3;40.2
90;2021-07-08;304;608;72234;56917;51.5;40.6
90;2021-07-09;440;949;72674;57866;51.9;41.3
90;2021-07-10;32;91;72706;57957;51.9;41.4
90;2021-07-11;7;17;72713;57974;51.9;41.4
90;2021-07-12;244;1076;72957;59050;52.1;42.1
90;2021-07-13;474;1162;73431;60212;52.4;43.0
90;2021-07-14;4;9;73435;60221;52.4;43.0
90;2021-07-15;791;1454;74226;61675;53.0;44.0
90;2021-07-16;827;1682;75053;63357;53.6;45.2
90;2021-07-17;485;955;75538;64312;53.9;45.9
90;2021-07-18;4;2;75542;64314;53.9;45.9
90;2021-07-19;1187;1462;76729;65776;54.7;46.9
90;2021-07-20;1338;1136;78067;66912;55.7;47.7
90;2021-07-21;1398;983;79465;67895;56.7;48.4
90;2021-07-22;1126;697;80591;68592;57.5;48.9
90;2021-07-23;969;1023;81560;69615;58.2;49.7
90;2021-07-24;120;65;81680;69680;58.3;49.7
90;2021-07-25;2;1;81682;69681;58.3;49.7
90;2021-07-26;1072;804;82754;70485;59.0;50.3
90;2021-07-27;1084;746;83838;71231;59.8;50.8
90;2021-07-28;823;711;84661;71942;60.4;51.3
90;2021-07-29;838;441;85499;72383;61.0;51.6
90;2021-07-30;780;503;86279;72886;61.6;52.0
90;2021-07-31;486;313;86765;73199;61.9;52.2
90;2021-08-01;0;3;86765;73202;61.9;52.2
90;2021-08-02;836;511;87601;73713;62.5;52.6
90;2021-08-03;911;491;88512;74204;63.2;52.9
90;2021-08-04;1067;459;89579;74663;63.9;53.3
90;2021-08-05;520;221;90099;74884;64.3;53.4
90;2021-08-06;639;390;90738;75274;64.7;53.7
90;2021-08-07;35;63;90773;75337;64.8;53.8
90;2021-08-08;18;3;90791;75340;64.8;53.8
90;2021-08-09;721;947;91512;76287;65.3;54.4
90;2021-08-10;533;1151;92045;77438;65.7;55.3
90;2021-08-11;537;948;92582;78386;66.1;55.9
90;2021-08-12;445;819;93027;79205;66.4;56.5
90;2021-08-13;525;894;93552;80099;66.8;57.2
90;2021-08-14;30;99;93582;80198;66.8;57.2
90;2021-08-15;2;8;93584;80206;66.8;57.2
90;2021-08-16;444;633;94028;80839;67.1;57.7
90;2021-08-17;342;1166;94370;82005;67.3;58.5
90;2021-08-18;267;878;94637;82883;67.5;59.1
90;2021-08-19;239;627;94876;83510;67.7;59.6
90;2021-08-20;354;771;95230;84281;68.0;60.1
90;2021-08-21;32;70;95262;84351;68.0;60.2
90;2021-08-22;0;7;95262;84358;68.0;60.2
90;2021-08-23;301;489;95563;84847;68.2;60.5
90;2021-08-24;332;957;95895;85804;68.4;61.2
90;2021-08-25;249;915;96144;86719;68.6;61.9
90;2021-08-26;241;672;96385;87391;68.8;62.4
90;2021-08-27;270;737;96655;88128;69.0;62.9
90;2021-08-28;19;64;96674;88192;69.0;62.9
90;2021-08-29;2;6;96676;88198;69.0;62.9
90;2021-08-30;319;639;96995;88837;69.2;63.4
90;2021-08-31;274;1024;97269;89861;69.4;64.1
90;2021-09-01;263;783;97532;90644;69.6;64.7
90;2021-09-02;155;407;97687;91051;69.7;65.0
91;2020-12-27;0;0;0;0;0.0;0.0
91;2020-12-28;0;0;0;0;0.0;0.0
91;2020-12-29;1;0;1;0;0.0;0.0
91;2020-12-30;1;0;2;0;0.0;0.0
91;2020-12-31;0;0;2;0;0.0;0.0
91;2021-01-01;5;0;7;0;0.0;0.0
91;2021-01-02;0;0;7;0;0.0;0.0
91;2021-01-03;0;0;7;0;0.0;0.0
91;2021-01-04;1;0;8;0;0.0;0.0
91;2021-01-05;71;0;79;0;0.0;0.0
91;2021-01-06;188;2;267;2;0.0;0.0
91;2021-01-07;523;6;790;8;0.1;0.0
91;2021-01-08;394;1;1184;9;0.1;0.0
91;2021-01-09;89;3;1273;12;0.1;0.0
91;2021-01-10;1;0;1274;12;0.1;0.0
91;2021-01-11;595;2;1869;14;0.1;0.0
91;2021-01-12;899;8;2768;22;0.2;0.0
91;2021-01-13;702;8;3470;30;0.3;0.0
91;2021-01-14;721;11;4191;41;0.3;0.0
91;2021-01-15;569;4;4760;45;0.4;0.0
91;2021-01-16;316;7;5076;52;0.4;0.0
91;2021-01-17;117;1;5193;53;0.4;0.0
91;2021-01-18;992;3;6185;56;0.5;0.0
91;2021-01-19;1868;16;8053;72;0.6;0.0
91;2021-01-20;2370;17;10423;89;0.8;0.0
91;2021-01-21;2096;15;12519;104;0.9;0.0
91;2021-01-22;1861;10;14380;114;1.1;0.0
91;2021-01-23;413;1;14793;115;1.1;0.0
91;2021-01-24;53;0;14846;115;1.1;0.0
91;2021-01-25;1049;4;15895;119;1.2;0.0
91;2021-01-26;1578;37;17473;156;1.3;0.0
91;2021-01-27;2418;96;19891;252;1.5;0.0
91;2021-01-28;1983;225;21874;477;1.7;0.0
91;2021-01-29;1749;67;23623;544;1.8;0.0
91;2021-01-30;422;6;24045;550;1.8;0.0
91;2021-01-31;54;0;24099;550;1.8;0.0
91;2021-02-01;965;218;25064;768;1.9;0.1
91;2021-02-02;857;359;25921;1127;2.0;0.1
91;2021-02-03;938;562;26859;1689;2.0;0.1
91;2021-02-04;885;279;27744;1968;2.1;0.1
91;2021-02-05;1036;355;28780;2323;2.2;0.2
91;2021-02-06;338;91;29118;2414;2.2;0.2
91;2021-02-07;13;0;29131;2414;2.2;0.2
91;2021-02-08;905;581;30036;2995;2.3;0.2
91;2021-02-09;963;847;30999;3842;2.3;0.3
91;2021-02-10;1065;985;32064;4827;2.4;0.4
91;2021-02-11;1122;1011;33186;5838;2.5;0.4
91;2021-02-12;1063;824;34249;6662;2.6;0.5
91;2021-02-13;330;344;34579;7006;2.6;0.5
91;2021-02-14;18;111;34597;7117;2.6;0.5
91;2021-02-15;368;1183;34965;8300;2.7;0.6
91;2021-02-16;554;1688;35519;9988;2.7;0.8
91;2021-02-17;813;2594;36332;12582;2.8;1.0
91;2021-02-18;941;1971;37273;14553;2.8;1.1
91;2021-02-19;866;1335;38139;15888;2.9;1.2
91;2021-02-20;167;332;38306;16220;2.9;1.2
91;2021-02-21;13;46;38319;16266;2.9;1.2
91;2021-02-22;334;1143;38653;17409;2.9;1.3
91;2021-02-23;397;1029;39050;18438;3.0;1.4
91;2021-02-24;473;1018;39523;19456;3.0;1.5
91;2021-02-25;735;986;40258;20442;3.1;1.5
91;2021-02-26;1096;1022;41354;21464;3.1;1.6
91;2021-02-27;611;313;41965;21777;3.2;1.7
91;2021-02-28;65;64;42030;21841;3.2;1.7
91;2021-03-01;931;1027;42961;22868;3.3;1.7
91;2021-03-02;1261;1078;44222;23946;3.4;1.8
91;2021-03-03;1468;1266;45690;25212;3.5;1.9
91;2021-03-04;2432;1125;48122;26337;3.6;2.0
91;2021-03-05;3353;1156;51475;27493;3.9;2.1
91;2021-03-06;4911;461;56386;27954;4.3;2.1
91;2021-03-07;3208;119;59594;28073;4.5;2.1
91;2021-03-08;1474;1061;61068;29134;4.6;2.2
91;2021-03-09;2623;991;63691;30125;4.8;2.3
91;2021-03-10;2620;1036;66311;31161;5.0;2.4
91;2021-03-11;3786;1130;70097;32291;5.3;2.4
91;2021-03-12;4789;1056;74886;33347;5.7;2.5
91;2021-03-13;5259;344;80145;33691;6.1;2.6
91;2021-03-14;304;28;80449;33719;6.1;2.6
91;2021-03-15;2984;435;83433;34154;6.3;2.6
91;2021-03-16;2617;381;86050;34535;6.5;2.6
91;2021-03-17;2230;350;88280;34885;6.7;2.6
91;2021-03-18;2393;411;90673;35296;6.9;2.7
91;2021-03-19;4094;386;94767;35682;7.2;2.7
91;2021-03-20;3609;182;98376;35864;7.5;2.7
91;2021-03-21;138;30;98514;35894;7.5;2.7
91;2021-03-22;3149;606;101663;36500;7.7;2.8
91;2021-03-23;4139;698;105802;37198;8.0;2.8
91;2021-03-24;3936;501;109738;37699;8.3;2.9
91;2021-03-25;5059;530;114797;38229;8.7;2.9
91;2021-03-26;5551;554;120348;38783;9.1;2.9
91;2021-03-27;4984;347;125332;39130;9.5;3.0
91;2021-03-28;282;57;125614;39187;9.5;3.0
91;2021-03-29;3304;1040;128918;40227;9.8;3.0
91;2021-03-30;4425;1228;133343;41455;10.1;3.1
91;2021-03-31;3368;1341;136711;42796;10.4;3.2
91;2021-04-01;3739;1689;140450;44485;10.6;3.4
91;2021-04-02;3890;2318;144340;46803;10.9;3.5
91;2021-04-03;1871;2871;146211;49674;11.1;3.8
91;2021-04-04;648;1320;146859;50994;11.1;3.9
91;2021-04-05;562;130;147421;51124;11.2;3.9
91;2021-04-06;3400;1788;150821;52912;11.4;4.0
91;2021-04-07;3420;1935;154241;54847;11.7;4.2
91;2021-04-08;4664;2165;158905;57012;12.0;4.3
91;2021-04-09;5348;2158;164253;59170;12.4;4.5
91;2021-04-10;2731;2816;166984;61986;12.7;4.7
91;2021-04-11;191;141;167175;62127;12.7;4.7
91;2021-04-12;2854;2279;170029;64406;12.9;4.9
91;2021-04-13;3757;2648;173786;67054;13.2;5.1
91;2021-04-14;3708;2325;177494;69379;13.5;5.3
91;2021-04-15;4476;2514;181970;71893;13.8;5.4
91;2021-04-16;4550;2807;186520;74700;14.1;5.7
91;2021-04-17;2983;2079;189503;76779;14.4;5.8
91;2021-04-18;269;72;189772;76851;14.4;5.8
91;2021-04-19;2305;2734;192077;79585;14.6;6.0
91;2021-04-20;3179;2987;195256;82572;14.8;6.3
91;2021-04-21;2989;2901;198245;85473;15.0;6.5
91;2021-04-22;3169;3368;201414;88841;15.3;6.7
91;2021-04-23;3717;3355;205131;92196;15.5;7.0
91;2021-04-24;3482;3730;208613;95926;15.8;7.3
91;2021-04-25;2618;642;211231;96568;16.0;7.3
91;2021-04-26;3488;2801;214719;99369;16.3;7.5
91;2021-04-27;4488;2922;219207;102291;16.6;7.8
91;2021-04-28;4567;2706;223774;104997;17.0;8.0
91;2021-04-29;5746;3063;229520;108060;17.4;8.2
91;2021-04-30;5388;2854;234908;110914;17.8;8.4
91;2021-05-01;3517;522;238425;111436;18.1;8.4
91;2021-05-02;627;132;239052;111568;18.1;8.5
91;2021-05-03;5203;2291;244255;113859;18.5;8.6
91;2021-05-04;5591;3178;249846;117037;18.9;8.9
91;2021-05-05;4853;2871;254699;119908;19.3;9.1
91;2021-05-06;5249;3376;259948;123284;19.7;9.3
91;2021-05-07;6120;3746;266068;127030;20.2;9.6
91;2021-05-08;6520;966;272588;127996;20.7;9.7
91;2021-05-09;4803;562;277391;128558;21.0;9.7
91;2021-05-10;5903;3010;283294;131568;21.5;10.0
91;2021-05-11;6830;3839;290124;135407;22.0;10.3
91;2021-05-12;5897;3442;296021;138849;22.4;10.5
91;2021-05-13;4826;1082;300847;139931;22.8;10.6
91;2021-05-14;6548;2397;307395;142328;23.3;10.8
91;2021-05-15;7796;1927;315191;144255;23.9;10.9
91;2021-05-16;4584;372;319775;144627;24.2;11.0
91;2021-05-17;6952;1710;326727;146337;24.8;11.1
91;2021-05-18;8121;1740;334848;148077;25.4;11.2
91;2021-05-19;7097;1699;341945;149776;25.9;11.4
91;2021-05-20;8202;2142;350147;151918;26.5;11.5
91;2021-05-21;8145;2581;358292;154499;27.2;11.7
91;2021-05-22;7664;1541;365956;156040;27.7;11.8
91;2021-05-23;4799;532;370755;156572;28.1;11.9
91;2021-05-24;5018;601;375773;157173;28.5;11.9
91;2021-05-25;7626;2650;383399;159823;29.1;12.1
91;2021-05-26;6873;2941;390272;162764;29.6;12.3
91;2021-05-27;7974;3440;398246;166204;30.2;12.6
91;2021-05-28;7537;4322;405783;170526;30.8;12.9
91;2021-05-29;9302;3513;415085;174039;31.5;13.2
91;2021-05-30;5954;962;421039;175001;31.9;13.3
91;2021-05-31;6743;3699;427782;178700;32.4;13.5
91;2021-06-01;7787;4779;435569;183479;33.0;13.9
91;2021-06-02;7452;3960;443021;187439;33.6;14.2
91;2021-06-03;7861;4783;450882;192222;34.2;14.6
91;2021-06-04;7187;5719;458069;197941;34.7;15.0
91;2021-06-05;6385;5819;464454;203760;35.2;15.4
91;2021-06-06;4089;2512;468543;206272;35.5;15.6
91;2021-06-07;5881;5482;474424;211754;36.0;16.0
91;2021-06-08;7042;5795;481466;217549;36.5;16.5
91;2021-06-09;6472;5148;487938;222697;37.0;16.9
91;2021-06-10;7179;5777;495117;228474;37.5;17.3
91;2021-06-11;6544;7111;501661;235585;38.0;17.9
91;2021-06-12;6222;7364;507883;242949;38.5;18.4
91;2021-06-13;2852;2317;510735;245266;38.7;18.6
91;2021-06-14;4225;7199;514960;252465;39.0;19.1
91;2021-06-15;5576;7259;520536;259724;39.5;19.7
91;2021-06-16;5304;6444;525840;266168;39.9;20.2
91;2021-06-17;6248;7136;532088;273304;40.3;20.7
91;2021-06-18;4634;8739;536722;282043;40.7;21.4
91;2021-06-19;4192;7155;540914;289198;41.0;21.9
91;2021-06-20;1008;4212;541922;293410;41.1;22.2
91;2021-06-21;3231;7238;545153;300648;41.3;22.8
91;2021-06-22;4161;9230;549314;309878;41.6;23.5
91;2021-06-23;4317;7963;553631;317841;42.0;24.1
91;2021-06-24;4909;8479;558540;326320;42.3;24.7
91;2021-06-25;3475;9174;562015;335494;42.6;25.4
91;2021-06-26;2988;8036;565003;343530;42.8;26.0
91;2021-06-27;549;2996;565552;346526;42.9;26.3
91;2021-06-28;3129;8239;568681;354765;43.1;26.9
91;2021-06-29;3586;9636;572267;364401;43.4;27.6
91;2021-06-30;3956;8700;576223;373101;43.7;28.3
91;2021-07-01;4098;8876;580321;381977;44.0;29.0
91;2021-07-02;3769;9316;584090;391293;44.3;29.7
91;2021-07-03;2881;9791;586971;401084;44.5;30.4
91;2021-07-04;851;4725;587822;405809;44.6;30.8
91;2021-07-05;2660;7260;590482;413069;44.8;31.3
91;2021-07-06;3755;9431;594237;422500;45.0;32.0
91;2021-07-07;3811;8592;598048;431092;45.3;32.7
91;2021-07-08;4361;8994;602409;440086;45.7;33.4
91;2021-07-09;3966;9951;606375;450037;46.0;34.1
91;2021-07-10;3400;10234;609775;460271;46.2;34.9
91;2021-07-11;985;4803;610760;465074;46.3;35.2
91;2021-07-12;2801;8891;613561;473965;46.5;35.9
91;2021-07-13;4464;10388;618025;484353;46.8;36.7
91;2021-07-14;2302;3582;620327;487935;47.0;37.0
91;2021-07-15;4542;9825;624869;497760;47.4;37.7
91;2021-07-16;6291;9759;631160;507519;47.8;38.5
91;2021-07-17;5752;9066;636912;516585;48.3;39.2
91;2021-07-18;3399;3681;640311;520266;48.5;39.4
91;2021-07-19;3775;7532;644086;527798;48.8;40.0
91;2021-07-20;6071;9301;650157;537099;49.3;40.7
91;2021-07-21;6250;7728;656407;544827;49.8;41.3
91;2021-07-22;6498;8399;662905;553226;50.2;41.9
91;2021-07-23;6918;8279;669823;561505;50.8;42.6
91;2021-07-24;5018;6478;674841;567983;51.1;43.0
91;2021-07-25;3264;1399;678105;569382;51.4;43.2
91;2021-07-26;4932;6590;683037;575972;51.8;43.7
91;2021-07-27;7561;7076;690598;583048;52.3;44.2
91;2021-07-28;7299;5911;697897;588959;52.9;44.6
91;2021-07-29;7393;5906;705290;594865;53.5;45.1
91;2021-07-30;6904;5773;712194;600638;54.0;45.5
91;2021-07-31;4903;4782;717097;605420;54.4;45.9
91;2021-08-01;2621;1337;719718;606757;54.5;46.0
91;2021-08-02;4683;4229;724401;610986;54.9;46.3
91;2021-08-03;5787;4689;730188;615675;55.3;46.7
91;2021-08-04;5686;4131;735874;619806;55.8;47.0
91;2021-08-05;5590;4264;741464;624070;56.2;47.3
91;2021-08-06;5687;5627;747151;629697;56.6;47.7
91;2021-08-07;3060;2415;750211;632112;56.9;47.9
91;2021-08-08;598;1101;750809;633213;56.9;48.0
91;2021-08-09;3778;3970;754587;637183;57.2;48.3
91;2021-08-10;4534;4543;759121;641726;57.5;48.6
91;2021-08-11;4105;4479;763226;646205;57.8;49.0
91;2021-08-12;4014;4767;767240;650972;58.2;49.3
91;2021-08-13;4253;4847;771493;655819;58.5;49.7
91;2021-08-14;2204;2396;773697;658215;58.6;49.9
91;2021-08-15;92;170;773789;658385;58.6;49.9
91;2021-08-16;2907;4651;776696;663036;58.9;50.3
91;2021-08-17;3588;5808;780284;668844;59.1;50.7
91;2021-08-18;2997;5784;783281;674628;59.4;51.1
91;2021-08-19;3442;5766;786723;680394;59.6;51.6
91;2021-08-20;3175;6951;789898;687345;59.9;52.1
91;2021-08-21;2438;3343;792336;690688;60.1;52.3
91;2021-08-22;732;1301;793068;691989;60.1;52.4
91;2021-08-23;2380;5299;795448;697288;60.3;52.8
91;2021-08-24;2955;6953;798403;704241;60.5;53.4
91;2021-08-25;3391;6703;801794;710944;60.8;53.9
91;2021-08-26;2722;5940;804516;716884;61.0;54.3
91;2021-08-27;2816;7490;807332;724374;61.2;54.9
91;2021-08-28;2366;4815;809698;729189;61.4;55.3
91;2021-08-29;1756;2765;811454;731954;61.5;55.5
91;2021-08-30;1759;5605;813213;737559;61.6;55.9
91;2021-08-31;2227;6090;815440;743649;61.8;56.4
91;2021-09-01;2392;4585;817832;748234;62.0;56.7
91;2021-09-02;1871;3880;819703;752114;62.1;57.0
92;2020-12-27;24;0;24;0;0.0;0.0
92;2020-12-28;18;0;42;0;0.0;0.0
92;2020-12-29;60;0;102;0;0.0;0.0
92;2020-12-30;41;0;143;0;0.0;0.0
92;2020-12-31;6;0;149;0;0.0;0.0
92;2021-01-01;23;0;172;0;0.0;0.0
92;2021-01-02;5;0;177;0;0.0;0.0
92;2021-01-03;9;0;186;0;0.0;0.0
92;2021-01-04;66;1;252;1;0.0;0.0
92;2021-01-05;232;1;484;2;0.0;0.0
92;2021-01-06;415;3;899;5;0.1;0.0
92;2021-01-07;666;4;1565;9;0.1;0.0
92;2021-01-08;841;4;2406;13;0.1;0.0
92;2021-01-09;124;1;2530;14;0.2;0.0
92;2021-01-10;45;0;2575;14;0.2;0.0
92;2021-01-11;848;5;3423;19;0.2;0.0
92;2021-01-12;1300;9;4723;28;0.3;0.0
92;2021-01-13;1241;14;5964;42;0.4;0.0
92;2021-01-14;1212;17;7176;59;0.4;0.0
92;2021-01-15;980;7;8156;66;0.5;0.0
92;2021-01-16;182;1;8338;67;0.5;0.0
92;2021-01-17;25;0;8363;67;0.5;0.0
92;2021-01-18;1543;21;9906;88;0.6;0.0
92;2021-01-19;1557;20;11463;108;0.7;0.0
92;2021-01-20;1810;13;13273;121;0.8;0.0
92;2021-01-21;3440;21;16713;142;1.0;0.0
92;2021-01-22;2611;42;19324;184;1.2;0.0
92;2021-01-23;139;0;19463;184;1.2;0.0
92;2021-01-24;26;0;19489;184;1.2;0.0
92;2021-01-25;849;14;20338;198;1.3;0.0
92;2021-01-26;1216;10;21554;208;1.3;0.0
92;2021-01-27;2215;91;23769;299;1.5;0.0
92;2021-01-28;4184;183;27953;482;1.7;0.0
92;2021-01-29;2713;255;30666;737;1.9;0.0
92;2021-01-30;323;12;30989;749;1.9;0.0
92;2021-01-31;22;2;31011;751;1.9;0.0
92;2021-02-01;865;308;31876;1059;2.0;0.1
92;2021-02-02;1050;341;32926;1400;2.0;0.1
92;2021-02-03;1000;436;33926;1836;2.1;0.1
92;2021-02-04;1044;525;34970;2361;2.2;0.1
92;2021-02-05;1331;490;36301;2851;2.2;0.2
92;2021-02-06;113;17;36414;2868;2.3;0.2
92;2021-02-07;16;13;36430;2881;2.3;0.2
92;2021-02-08;574;698;37004;3579;2.3;0.2
92;2021-02-09;1066;1268;38070;4847;2.4;0.3
92;2021-02-10;1069;1267;39139;6114;2.4;0.4
92;2021-02-11;1500;1887;40639;8001;2.5;0.5
92;2021-02-12;1416;1451;42055;9452;2.6;0.6
92;2021-02-13;73;61;42128;9513;2.6;0.6
92;2021-02-14;22;0;42150;9513;2.6;0.6
92;2021-02-15;569;1536;42719;11049;2.6;0.7
92;2021-02-16;786;1917;43505;12966;2.7;0.8
92;2021-02-17;620;1672;44125;14638;2.7;0.9
92;2021-02-18;1572;3521;45697;18159;2.8;1.1
92;2021-02-19;1730;2578;47427;20737;2.9;1.3
92;2021-02-20;144;386;47571;21123;2.9;1.3
92;2021-02-21;35;52;47606;21175;3.0;1.3
92;2021-02-22;493;1122;48099;22297;3.0;1.4
92;2021-02-23;731;1278;48830;23575;3.0;1.5
92;2021-02-24;609;1229;49439;24804;3.1;1.5
92;2021-02-25;921;1692;50360;26496;3.1;1.6
92;2021-02-26;1455;1313;51815;27809;3.2;1.7
92;2021-02-27;503;185;52318;27994;3.2;1.7
92;2021-02-28;67;56;52385;28050;3.2;1.7
92;2021-03-01;1102;980;53487;29030;3.3;1.8
92;2021-03-02;1972;1307;55459;30337;3.4;1.9
92;2021-03-03;2794;1072;58253;31409;3.6;1.9
92;2021-03-04;3593;1500;61846;32909;3.8;2.0
92;2021-03-05;4976;1704;66822;34613;4.1;2.1
92;2021-03-06;5718;332;72540;34945;4.5;2.2
92;2021-03-07;2900;236;75440;35181;4.7;2.2
92;2021-03-08;2418;813;77858;35994;4.8;2.2
92;2021-03-09;3436;1014;81294;37008;5.0;2.3
92;2021-03-10;3943;948;85237;37956;5.3;2.4
92;2021-03-11;5014;1392;90251;39348;5.6;2.4
92;2021-03-12;6767;1552;97018;40900;6.0;2.5
92;2021-03-13;5159;241;102177;41141;6.3;2.5
92;2021-03-14;1740;75;103917;41216;6.4;2.6
92;2021-03-15;3800;597;107717;41813;6.7;2.6
92;2021-03-16;3696;593;111413;42406;6.9;2.6
92;2021-03-17;3875;420;115288;42826;7.1;2.7
92;2021-03-18;4128;753;119416;43579;7.4;2.7
92;2021-03-19;5919;730;125335;44309;7.8;2.7
92;2021-03-20;2536;75;127871;44384;7.9;2.8
92;2021-03-21;150;29;128021;44413;7.9;2.8
92;2021-03-22;4114;483;132135;44896;8.2;2.8
92;2021-03-23;6101;880;138236;45776;8.6;2.8
92;2021-03-24;6378;652;144614;46428;9.0;2.9
92;2021-03-25;8437;648;153051;47076;9.5;2.9
92;2021-03-26;8353;902;161404;47978;10.0;3.0
92;2021-03-27;2836;275;164240;48253;10.2;3.0
92;2021-03-28;543;38;164783;48291;10.2;3.0
92;2021-03-29;4661;1059;169444;49350;10.5;3.1
92;2021-03-30;6392;1551;175836;50901;10.9;3.2
92;2021-03-31;5545;2259;181381;53160;11.2;3.3
92;2021-04-01;6267;3677;187648;56837;11.6;3.5
92;2021-04-02;5633;3426;193281;60263;12.0;3.7
92;2021-04-03;872;1420;194153;61683;12.0;3.8
92;2021-04-04;488;1062;194641;62745;12.1;3.9
92;2021-04-05;812;160;195453;62905;12.1;3.9
92;2021-04-06;3661;1956;199114;64861;12.3;4.0
92;2021-04-07;4994;2890;204108;67751;12.6;4.2
92;2021-04-08;5979;3185;210087;70936;13.0;4.4
92;2021-04-09;8032;3057;218119;73993;13.5;4.6
92;2021-04-10;2633;1292;220752;75285;13.7;4.7
92;2021-04-11;158;807;220910;76092;13.7;4.7
92;2021-04-12;3687;2518;224597;78610;13.9;4.9
92;2021-04-13;4381;4428;228978;83038;14.2;5.1
92;2021-04-14;4867;4046;233845;87084;14.5;5.4
92;2021-04-15;5299;3952;239144;91036;14.8;5.6
92;2021-04-16;5075;3862;244219;94898;15.1;5.9
92;2021-04-17;1802;1190;246021;96088;15.2;6.0
92;2021-04-18;348;94;246369;96182;15.3;6.0
92;2021-04-19;2811;2841;249180;99023;15.4;6.1
92;2021-04-20;4192;3755;253372;102778;15.7;6.4
92;2021-04-21;4615;4522;257987;107300;16.0;6.6
92;2021-04-22;4660;5125;262647;112425;16.3;7.0
92;2021-04-23;5237;4706;267884;117131;16.6;7.3
92;2021-04-24;4941;1908;272825;119039;16.9;7.4
92;2021-04-25;1790;150;274615;119189;17.0;7.4
92;2021-04-26;4001;3624;278616;122813;17.3;7.6
92;2021-04-27;6044;5265;284660;128078;17.6;7.9
92;2021-04-28;7381;4502;292041;132580;18.1;8.2
92;2021-04-29;7988;4791;300029;137371;18.6;8.5
92;2021-04-30;8843;4848;308872;142219;19.1;8.8
92;2021-05-01;1200;406;310072;142625;19.2;8.8
92;2021-05-02;663;139;310735;142764;19.3;8.8
92;2021-05-03;6778;3890;317513;146654;19.7;9.1
92;2021-05-04;10423;4367;327936;151021;20.3;9.4
92;2021-05-05;10075;5260;338011;156281;20.9;9.7
92;2021-05-06;11424;4902;349435;161183;21.7;10.0
92;2021-05-07;9865;5295;359300;166478;22.3;10.3
92;2021-05-08;7216;1924;366516;168402;22.7;10.4
92;2021-05-09;3788;599;370304;169001;22.9;10.5
92;2021-05-10;9539;4001;379843;173002;23.5;10.7
92;2021-05-11;13983;5695;393826;178697;24.4;11.1
92;2021-05-12;14288;4584;408114;183281;25.3;11.4
92;2021-05-13;9165;912;417279;184193;25.9;11.4
92;2021-05-14;12031;2313;429310;186506;26.6;11.6
92;2021-05-15;8392;1229;437702;187735;27.1;11.6
92;2021-05-16;4139;452;441841;188187;27.4;11.7
92;2021-05-17;10649;2219;452490;190406;28.0;11.8
92;2021-05-18;16413;3129;468903;193535;29.1;12.0
92;2021-05-19;16036;3720;484939;197255;30.1;12.2
92;2021-05-20;16839;3984;501778;201239;31.1;12.5
92;2021-05-21;14078;3627;515856;204866;32.0;12.7
92;2021-05-22;8318;1516;524174;206382;32.5;12.8
92;2021-05-23;4085;454;528259;206836;32.7;12.8
92;2021-05-24;6123;855;534382;207691;33.1;12.9
92;2021-05-25;13111;4560;547493;212251;33.9;13.2
92;2021-05-26;11932;5041;559425;217292;34.7;13.5
92;2021-05-27;12737;6327;572162;223619;35.5;13.9
92;2021-05-28;11231;6283;583393;229902;36.2;14.2
92;2021-05-29;5454;2304;588847;232206;36.5;14.4
92;2021-05-30;2250;389;591097;232595;36.6;14.4
92;2021-05-31;12057;5305;603154;237900;37.4;14.7
92;2021-06-01;12629;7643;615783;245543;38.2;15.2
92;2021-06-02;14381;7214;630164;252757;39.0;15.7
92;2021-06-03;14594;8031;644758;260788;40.0;16.2
92;2021-06-04;12230;8227;656988;269015;40.7;16.7
92;2021-06-05;7384;6238;664372;275253;41.2;17.1
92;2021-06-06;3594;1674;667966;276927;41.4;17.2
92;2021-06-07;11443;7631;679409;284558;42.1;17.6
92;2021-06-08;12760;9606;692169;294164;42.9;18.2
92;2021-06-09;11664;9479;703833;303643;43.6;18.8
92;2021-06-10;11969;10569;715802;314212;44.4;19.5
92;2021-06-11;8148;11042;723950;325254;44.9;20.2
92;2021-06-12;6366;5098;730316;330352;45.3;20.5
92;2021-06-13;3966;2720;734282;333072;45.5;20.6
92;2021-06-14;5217;11170;739499;344242;45.8;21.3
92;2021-06-15;6535;13127;746034;357369;46.2;22.1
92;2021-06-16;6956;12989;752990;370358;46.7;22.9
92;2021-06-17;7426;14012;760416;384370;47.1;23.8
92;2021-06-18;6900;14391;767316;398761;47.5;24.7
92;2021-06-19;3959;9111;771275;407872;47.8;25.3
92;2021-06-20;1966;5610;773241;413482;47.9;25.6
92;2021-06-21;4839;12277;778080;425759;48.2;26.4
92;2021-06-22;5882;17545;783962;443304;48.6;27.5
92;2021-06-23;5487;15995;789449;459299;48.9;28.5
92;2021-06-24;6206;15122;795655;474421;49.3;29.4
92;2021-06-25;5120;16103;800775;490524;49.6;30.4
92;2021-06-26;4067;10458;804842;500982;49.9;31.0
92;2021-06-27;1860;6051;806702;507033;50.0;31.4
92;2021-06-28;3676;12051;810378;519084;50.2;32.2
92;2021-06-29;4688;18159;815066;537243;50.5;33.3
92;2021-06-30;4456;16233;819522;553476;50.8;34.3
92;2021-07-01;5550;16310;825072;569786;51.1;35.3
92;2021-07-02;4947;15285;830019;585071;51.4;36.3
92;2021-07-03;3306;10185;833325;595256;51.6;36.9
92;2021-07-04;1122;4207;834447;599463;51.7;37.1
92;2021-07-05;4823;12331;839270;611794;52.0;37.9
92;2021-07-06;5288;15816;844558;627610;52.3;38.9
92;2021-07-07;4260;11455;848818;639065;52.6;39.6
92;2021-07-08;5410;14639;854228;653704;52.9;40.5
92;2021-07-09;5883;14212;860111;667916;53.3;41.4
92;2021-07-10;4377;8457;864488;676373;53.6;41.9
92;2021-07-11;1486;2617;865974;678990;53.7;42.1
92;2021-07-12;4414;14635;870388;693625;53.9;43.0
92;2021-07-13;7880;17459;878268;711084;54.4;44.1
92;2021-07-14;5110;5740;883378;716824;54.7;44.4
92;2021-07-15;9576;16249;892954;733073;55.3;45.4
92;2021-07-16;9060;14179;902014;747252;55.9;46.3
92;2021-07-17;6577;7610;908591;754862;56.3;46.8
92;2021-07-18;1839;2480;910430;757342;56.4;46.9
92;2021-07-19;6471;13207;916901;770549;56.8;47.7
92;2021-07-20;10085;14102;926986;784651;57.4;48.6
92;2021-07-21;10468;12122;937454;796773;58.1;49.4
92;2021-07-22;12053;12986;949507;809759;58.8;50.2
92;2021-07-23;11594;11362;961101;821121;59.6;50.9
92;2021-07-24;6728;6259;967829;827380;60.0;51.3
92;2021-07-25;2778;2323;970607;829703;60.1;51.4
92;2021-07-26;9489;9177;980096;838880;60.7;52.0
92;2021-07-27;11494;9604;991590;848484;61.4;52.6
92;2021-07-28;12214;8182;1003804;856666;62.2;53.1
92;2021-07-29;10434;8626;1014238;865292;62.8;53.6
92;2021-07-30;9120;8347;1023358;873639;63.4;54.1
92;2021-07-31;5701;4810;1029059;878449;63.8;54.4
92;2021-08-01;2197;1298;1031256;879747;63.9;54.5
92;2021-08-02;4661;4935;1035917;884682;64.2;54.8
92;2021-08-03;5119;6140;1041036;890822;64.5;55.2
92;2021-08-04;4754;4863;1045790;895685;64.8;55.5
92;2021-08-05;4440;5674;1050230;901359;65.1;55.9
92;2021-08-06;4530;5969;1054760;907328;65.4;56.2
92;2021-08-07;2810;4222;1057570;911550;65.5;56.5
92;2021-08-08;954;1081;1058524;912631;65.6;56.6
92;2021-08-09;3185;4247;1061709;916878;65.8;56.8
92;2021-08-10;3782;5608;1065491;922486;66.0;57.2
92;2021-08-11;3181;4430;1068672;926916;66.2;57.4
92;2021-08-12;3369;5593;1072041;932509;66.4;57.8
92;2021-08-13;2942;5133;1074983;937642;66.6;58.1
92;2021-08-14;1866;3930;1076849;941572;66.7;58.3
92;2021-08-15;572;839;1077421;942411;66.8;58.4
92;2021-08-16;2350;5313;1079771;947724;66.9;58.7
92;2021-08-17;2610;6983;1082381;954707;67.1;59.2
92;2021-08-18;2388;5255;1084769;959962;67.2;59.5
92;2021-08-19;2488;5733;1087257;965695;67.4;59.8
92;2021-08-20;2246;5181;1089503;970876;67.5;60.2
92;2021-08-21;1378;4216;1090881;975092;67.6;60.4
92;2021-08-22;420;1595;1091301;976687;67.6;60.5
92;2021-08-23;2425;6591;1093726;983278;67.8;60.9
92;2021-08-24;3130;8340;1096856;991618;68.0;61.4
92;2021-08-25;2834;7566;1099690;999184;68.1;61.9
92;2021-08-26;2946;7564;1102636;1006748;68.3;62.4
92;2021-08-27;3053;7007;1105689;1013755;68.5;62.8
92;2021-08-28;1610;4511;1107299;1018266;68.6;63.1
92;2021-08-29;341;785;1107640;1019051;68.6;63.1
92;2021-08-30;2203;4879;1109843;1023930;68.8;63.4
92;2021-08-31;3068;6999;1112911;1030929;69.0;63.9
92;2021-09-01;3249;7570;1116160;1038499;69.2;64.4
92;2021-09-02;2582;6792;1118742;1045291;69.3;64.8
93;2020-12-27;11;3;11;3;0.0;0.0
93;2020-12-28;4;0;15;3;0.0;0.0
93;2020-12-29;0;0;15;3;0.0;0.0
93;2020-12-30;44;1;59;4;0.0;0.0
93;2020-12-31;9;0;68;4;0.0;0.0
93;2021-01-01;5;0;73;4;0.0;0.0
93;2021-01-02;0;0;73;4;0.0;0.0
93;2021-01-03;3;0;76;4;0.0;0.0
93;2021-01-04;2;0;78;4;0.0;0.0
93;2021-01-05;64;1;142;5;0.0;0.0
93;2021-01-06;179;0;321;5;0.0;0.0
93;2021-01-07;381;3;702;8;0.0;0.0
93;2021-01-08;631;1;1333;9;0.1;0.0
93;2021-01-09;21;0;1354;9;0.1;0.0
93;2021-01-10;2;0;1356;9;0.1;0.0
93;2021-01-11;503;4;1859;13;0.1;0.0
93;2021-01-12;753;7;2612;20;0.2;0.0
93;2021-01-13;751;6;3363;26;0.2;0.0
93;2021-01-14;688;18;4051;44;0.2;0.0
93;2021-01-15;516;3;4567;47;0.3;0.0
93;2021-01-16;139;3;4706;50;0.3;0.0
93;2021-01-17;6;1;4712;51;0.3;0.0
93;2021-01-18;1198;10;5910;61;0.4;0.0
93;2021-01-19;1613;17;7523;78;0.5;0.0
93;2021-01-20;1557;19;9080;97;0.5;0.0
93;2021-01-21;1918;36;10998;133;0.7;0.0
93;2021-01-22;1388;15;12386;148;0.7;0.0
93;2021-01-23;712;6;13098;154;0.8;0.0
93;2021-01-24;0;0;13098;154;0.8;0.0
93;2021-01-25;1209;14;14307;168;0.9;0.0
93;2021-01-26;1291;30;15598;198;0.9;0.0
93;2021-01-27;2158;67;17756;265;1.1;0.0
93;2021-01-28;2265;181;20021;446;1.2;0.0
93;2021-01-29;1621;216;21642;662;1.3;0.0
93;2021-01-30;927;42;22569;704;1.4;0.0
93;2021-01-31;9;6;22578;710;1.4;0.0
93;2021-02-01;1184;161;23762;871;1.4;0.1
93;2021-02-02;1169;297;24931;1168;1.5;0.1
93;2021-02-03;1231;393;26162;1561;1.6;0.1
93;2021-02-04;924;554;27086;2115;1.6;0.1
93;2021-02-05;798;422;27884;2537;1.7;0.2
93;2021-02-06;694;67;28578;2604;1.7;0.2
93;2021-02-07;6;0;28584;2604;1.7;0.2
93;2021-02-08;912;623;29496;3227;1.8;0.2
93;2021-02-09;851;594;30347;3821;1.8;0.2
93;2021-02-10;881;652;31228;4473;1.9;0.3
93;2021-02-11;1243;822;32471;5295;1.9;0.3
93;2021-02-12;1042;617;33513;5912;2.0;0.4
93;2021-02-13;395;246;33908;6158;2.0;0.4
93;2021-02-14;13;59;33921;6217;2.0;0.4
93;2021-02-15;414;1154;34335;7371;2.1;0.4
93;2021-02-16;549;1170;34884;8541;2.1;0.5
93;2021-02-17;541;1661;35425;10202;2.1;0.6
93;2021-02-18;1133;1804;36558;12006;2.2;0.7
93;2021-02-19;992;1502;37550;13508;2.2;0.8
93;2021-02-20;304;641;37854;14149;2.3;0.8
93;2021-02-21;9;23;37863;14172;2.3;0.8
93;2021-02-22;602;1206;38465;15378;2.3;0.9
93;2021-02-23;564;1063;39029;16441;2.3;1.0
93;2021-02-24;643;1161;39672;17602;2.4;1.1
93;2021-02-25;902;1017;40574;18619;2.4;1.1
93;2021-02-26;1121;946;41695;19565;2.5;1.2
93;2021-02-27;543;605;42238;20170;2.5;1.2
93;2021-02-28;87;57;42325;20227;2.5;1.2
93;2021-03-01;1083;1025;43408;21252;2.6;1.3
93;2021-03-02;1443;1110;44851;22362;2.7;1.3
93;2021-03-03;1742;1170;46593;23532;2.8;1.4
93;2021-03-04;2717;1117;49310;24649;3.0;1.5
93;2021-03-05;3821;897;53131;25546;3.2;1.5
93;2021-03-06;5049;568;58180;26114;3.5;1.6
93;2021-03-07;4302;234;62482;26348;3.7;1.6
93;2021-03-08;2036;1240;64518;27588;3.9;1.7
93;2021-03-09;2917;967;67435;28555;4.0;1.7
93;2021-03-10;2859;1111;70294;29666;4.2;1.8
93;2021-03-11;3566;1252;73860;30918;4.4;1.9
93;2021-03-12;4126;1308;77986;32226;4.7;1.9
93;2021-03-13;4289;640;82275;32866;4.9;2.0
93;2021-03-14;883;74;83158;32940;5.0;2.0
93;2021-03-15;3554;691;86712;33631;5.2;2.0
93;2021-03-16;3161;622;89873;34253;5.4;2.1
93;2021-03-17;2657;602;92530;34855;5.5;2.1
93;2021-03-18;3314;723;95844;35578;5.7;2.1
93;2021-03-19;3766;651;99610;36229;6.0;2.2
93;2021-03-20;3462;305;103072;36534;6.2;2.2
93;2021-03-21;813;272;103885;36806;6.2;2.2
93;2021-03-22;3848;624;107733;37430;6.5;2.2
93;2021-03-23;4764;815;112497;38245;6.7;2.3
93;2021-03-24;4113;688;116610;38933;7.0;2.3
93;2021-03-25;5583;870;122193;39803;7.3;2.4
93;2021-03-26;5549;895;127742;40698;7.6;2.4
93;2021-03-27;4282;319;132024;41017;7.9;2.5
93;2021-03-28;613;42;132637;41059;7.9;2.5
93;2021-03-29;3853;968;136490;42027;8.2;2.5
93;2021-03-30;4726;1271;141216;43298;8.5;2.6
93;2021-03-31;3913;1247;145129;44545;8.7;2.7
93;2021-04-01;4056;3148;149185;47693;8.9;2.9
93;2021-04-02;3225;3558;152410;51251;9.1;3.1
93;2021-04-03;2520;2264;154930;53515;9.3;3.2
93;2021-04-04;764;160;155694;53675;9.3;3.2
93;2021-04-05;708;89;156402;53764;9.4;3.2
93;2021-04-06;4562;2350;160964;56114;9.6;3.4
93;2021-04-07;4904;2100;165868;58214;9.9;3.5
93;2021-04-08;5813;2688;171681;60902;10.3;3.6
93;2021-04-09;6093;3189;177774;64091;10.6;3.8
93;2021-04-10;4199;2494;181973;66585;10.9;4.0
93;2021-04-11;575;433;182548;67018;10.9;4.0
93;2021-04-12;4099;2921;186647;69939;11.2;4.2
93;2021-04-13;4601;3662;191248;73601;11.5;4.4
93;2021-04-14;4363;2481;195611;76082;11.7;4.6
93;2021-04-15;4559;3037;200170;79119;12.0;4.7
93;2021-04-16;4441;2992;204611;82111;12.3;4.9
93;2021-04-17;3517;2502;208128;84613;12.5;5.1
93;2021-04-18;291;434;208419;85047;12.5;5.1
93;2021-04-19;3778;2863;212197;87910;12.7;5.3
93;2021-04-20;4308;3271;216505;91181;13.0;5.5
93;2021-04-21;4144;2773;220649;93954;13.2;5.6
93;2021-04-22;4511;4018;225160;97972;13.5;5.9
93;2021-04-23;5625;3243;230785;101215;13.8;6.1
93;2021-04-24;5924;3328;236709;104543;14.2;6.3
93;2021-04-25;1732;597;238441;105140;14.3;6.3
93;2021-04-26;4860;3084;243301;108224;14.6;6.5
93;2021-04-27;6458;3629;249759;111853;15.0;6.7
93;2021-04-28;6077;3433;255836;115286;15.3;6.9
93;2021-04-29;7302;3251;263138;118537;15.8;7.1
93;2021-04-30;8263;3120;271401;121657;16.3;7.3
93;2021-05-01;4950;1193;276351;122850;16.5;7.4
93;2021-05-02;419;647;276770;123497;16.6;7.4
93;2021-05-03;8173;5123;284943;128620;17.1;7.7
93;2021-05-04;7825;5405;292768;134025;17.5;8.0
93;2021-05-05;7577;4809;300345;138834;18.0;8.3
93;2021-05-06;8250;4782;308595;143616;18.5;8.6
93;2021-05-07;7013;5429;315608;149045;18.9;8.9
93;2021-05-08;8363;2393;323971;151438;19.4;9.1
93;2021-05-09;6123;1368;330094;152806;19.8;9.1
93;2021-05-10;8258;4081;338352;156887;20.3;9.4
93;2021-05-11;9310;4811;347662;161698;20.8;9.7
93;2021-05-12;9189;3655;356851;165353;21.4;9.9
93;2021-05-13;8298;1654;365149;167007;21.9;10.0
93;2021-05-14;10424;3533;375573;170540;22.5;10.2
93;2021-05-15;11127;3011;386700;173551;23.2;10.4
93;2021-05-16;5557;728;392257;174279;23.5;10.4
93;2021-05-17;11897;2269;404154;176548;24.2;10.6
93;2021-05-18;14104;2397;418258;178945;25.0;10.7
93;2021-05-19;11435;2950;429693;181895;25.7;10.9
93;2021-05-20;12622;3483;442315;185378;26.5;11.1
93;2021-05-21;13017;2890;455332;188268;27.3;11.3
93;2021-05-22;12386;2201;467718;190469;28.0;11.4
93;2021-05-23;8480;1106;476198;191575;28.5;11.5
93;2021-05-24;11201;1941;487399;193516;29.2;11.6
93;2021-05-25;12295;4315;499694;197831;29.9;11.8
93;2021-05-26;11077;3756;510771;201587;30.6;12.1
93;2021-05-27;12709;3893;523480;205480;31.3;12.3
93;2021-05-28;12654;5263;536134;210743;32.1;12.6
93;2021-05-29;11395;4273;547529;215016;32.8;12.9
93;2021-05-30;8215;1378;555744;216394;33.3;13.0
93;2021-05-31;9180;5181;564924;221575;33.8;13.3
93;2021-06-01;11392;6283;576316;227858;34.5;13.6
93;2021-06-02;10712;5200;587028;233058;35.1;14.0
93;2021-06-03;10816;5519;597844;238577;35.8;14.3
93;2021-06-04;10607;7801;608451;246378;36.4;14.8
93;2021-06-05;9020;7356;617471;253734;37.0;15.2
93;2021-06-06;8407;1750;625878;255484;37.5;15.3
93;2021-06-07;10071;7529;635949;263013;38.1;15.7
93;2021-06-08;10382;7380;646331;270393;38.7;16.2
93;2021-06-09;10241;7295;656572;277688;39.3;16.6
93;2021-06-10;9007;8198;665579;285886;39.9;17.1
93;2021-06-11;8844;8821;674423;294707;40.4;17.6
93;2021-06-12;9869;6659;684292;301366;41.0;18.0
93;2021-06-13;7172;2129;691464;303495;41.4;18.2
93;2021-06-14;5400;9736;696864;313231;41.7;18.8
93;2021-06-15;6241;9663;703105;322894;42.1;19.3
93;2021-06-16;6644;9056;709749;331950;42.5;19.9
93;2021-06-17;5751;8472;715500;340422;42.8;20.4
93;2021-06-18;7225;11127;722725;351549;43.3;21.0
93;2021-06-19;7078;11098;729803;362647;43.7;21.7
93;2021-06-20;4954;6877;734757;369524;44.0;22.1
93;2021-06-21;4071;10733;738828;380257;44.2;22.8
93;2021-06-22;4693;11314;743521;391571;44.5;23.4
93;2021-06-23;4541;10599;748062;402170;44.8;24.1
93;2021-06-24;4207;10302;752269;412472;45.0;24.7
93;2021-06-25;5184;13056;757453;425528;45.4;25.5
93;2021-06-26;5300;13923;762753;439451;45.7;26.3
93;2021-06-27;3292;7108;766045;446559;45.9;26.7
93;2021-06-28;3701;12511;769746;459070;46.1;27.5
93;2021-06-29;4017;12352;773763;471422;46.3;28.2
93;2021-06-30;4138;11307;777901;482729;46.6;28.9
93;2021-07-01;6020;11159;783921;493888;46.9;29.6
93;2021-07-02;5746;12380;789667;506268;47.3;30.3
93;2021-07-03;5374;13450;795041;519718;47.6;31.1
93;2021-07-04;3083;7887;798124;527605;47.8;31.6
93;2021-07-05;4564;10847;802688;538452;48.1;32.2
93;2021-07-06;4834;11758;807522;550210;48.4;32.9
93;2021-07-07;5076;11413;812598;561623;48.7;33.6
93;2021-07-08;5031;10264;817629;571887;49.0;34.2
93;2021-07-09;5916;13031;823545;584918;49.3;35.0
93;2021-07-10;5901;14291;829446;599209;49.7;35.9
93;2021-07-11;3693;9091;833139;608300;49.9;36.4
93;2021-07-12;5572;12076;838711;620376;50.2;37.1
93;2021-07-13;11124;13297;849835;633673;50.9;37.9
93;2021-07-14;10638;6796;860473;640469;51.5;38.3
93;2021-07-15;12501;14134;872974;654603;52.3;39.2
93;2021-07-16;13169;13691;886143;668294;53.1;40.0
93;2021-07-17;11382;13913;897525;682207;53.7;40.8
93;2021-07-18;7407;8956;904932;691163;54.2;41.4
93;2021-07-19;9622;10925;914554;702088;54.8;42.0
93;2021-07-20;12619;10686;927173;712774;55.5;42.7
93;2021-07-21;14221;10951;941394;723725;56.4;43.3
93;2021-07-22;14147;9469;955541;733194;57.2;43.9
93;2021-07-23;14577;10655;970118;743849;58.1;44.5
93;2021-07-24;13920;10631;984038;754480;58.9;45.2
93;2021-07-25;9045;6356;993083;760836;59.5;45.6
93;2021-07-26;12629;7784;1005712;768620;60.2;46.0
93;2021-07-27;15073;7432;1020785;776052;61.1;46.5
93;2021-07-28;14892;8279;1035677;784331;62.0;47.0
93;2021-07-29;13525;7047;1049202;791378;62.8;47.4
93;2021-07-30;13877;7848;1063079;799226;63.7;47.9
93;2021-07-31;12229;7709;1075308;806935;64.4;48.3
93;2021-08-01;7330;4597;1082638;811532;64.8;48.6
93;2021-08-02;7883;5690;1090521;817222;65.3;48.9
93;2021-08-03;7269;6856;1097790;824078;65.7;49.3
93;2021-08-04;7614;7986;1105404;832064;66.2;49.8
93;2021-08-05;5772;6856;1111176;838920;66.5;50.2
93;2021-08-06;6899;8326;1118075;847246;66.9;50.7
93;2021-08-07;7322;9047;1125397;856293;67.4;51.3
93;2021-08-08;4408;5549;1129805;861842;67.6;51.6
93;2021-08-09;6678;8074;1136483;869916;68.0;52.1
93;2021-08-10;7194;8833;1143677;878749;68.5;52.6
93;2021-08-11;7363;9691;1151040;888440;68.9;53.2
93;2021-08-12;6246;9024;1157286;897464;69.3;53.7
93;2021-08-13;6245;9009;1163531;906473;69.7;54.3
93;2021-08-14;5776;10475;1169307;916948;70.0;54.9
93;2021-08-15;2651;3614;1171958;920562;70.2;55.1
93;2021-08-16;5395;11201;1177353;931763;70.5;55.8
93;2021-08-17;5768;10908;1183121;942671;70.8;56.4
93;2021-08-18;5384;11175;1188505;953846;71.2;57.1
93;2021-08-19;4424;9655;1192929;963501;71.4;57.7
93;2021-08-20;4762;11209;1197691;974710;71.7;58.4
93;2021-08-21;4252;11936;1201943;986646;72.0;59.1
93;2021-08-22;2196;7048;1204139;993694;72.1;59.5
93;2021-08-23;4336;9312;1208475;1003006;72.4;60.1
93;2021-08-24;4315;8407;1212790;1011413;72.6;60.6
93;2021-08-25;4147;8582;1216937;1019995;72.9;61.1
93;2021-08-26;3637;7073;1220574;1027068;73.1;61.5
93;2021-08-27;3895;8506;1224469;1035574;73.3;62.0
93;2021-08-28;3791;9535;1228260;1045109;73.5;62.6
93;2021-08-29;1761;4802;1230021;1049911;73.6;62.9
93;2021-08-30;2935;7582;1232956;1057493;73.8;63.3
93;2021-08-31;2961;7743;1235917;1065236;74.0;63.8
93;2021-09-01;3144;7639;1239061;1072875;74.2;64.2
93;2021-09-02;2593;5971;1241654;1078846;74.3;64.6
94;2020-12-27;6;0;6;0;0.0;0.0
94;2020-12-28;10;0;16;0;0.0;0.0
94;2020-12-29;0;0;16;0;0.0;0.0
94;2020-12-30;1;0;17;0;0.0;0.0
94;2020-12-31;5;0;22;0;0.0;0.0
94;2021-01-01;4;0;26;0;0.0;0.0
94;2021-01-02;0;0;26;0;0.0;0.0
94;2021-01-03;3;0;29;0;0.0;0.0
94;2021-01-04;39;2;68;2;0.0;0.0
94;2021-01-05;231;2;299;4;0.0;0.0
94;2021-01-06;332;4;631;8;0.0;0.0
94;2021-01-07;691;11;1322;19;0.1;0.0
94;2021-01-08;922;10;2244;29;0.2;0.0
94;2021-01-09;47;0;2291;29;0.2;0.0
94;2021-01-10;18;0;2309;29;0.2;0.0
94;2021-01-11;1014;10;3323;39;0.2;0.0
94;2021-01-12;1345;26;4668;65;0.3;0.0
94;2021-01-13;1407;24;6075;89;0.4;0.0
94;2021-01-14;1543;28;7618;117;0.5;0.0
94;2021-01-15;1221;23;8839;140;0.6;0.0
94;2021-01-16;197;1;9036;141;0.6;0.0
94;2021-01-17;98;0;9134;141;0.6;0.0
94;2021-01-18;1498;26;10632;167;0.8;0.0
94;2021-01-19;1951;29;12583;196;0.9;0.0
94;2021-01-20;2182;22;14765;218;1.1;0.0
94;2021-01-21;3005;17;17770;235;1.3;0.0
94;2021-01-22;2188;26;19958;261;1.4;0.0
94;2021-01-23;733;3;20691;264;1.5;0.0
94;2021-01-24;284;0;20975;264;1.5;0.0
94;2021-01-25;1468;21;22443;285;1.6;0.0
94;2021-01-26;1575;20;24018;305;1.7;0.0
94;2021-01-27;1839;33;25857;338;1.8;0.0
94;2021-01-28;1537;131;27394;469;1.9;0.0
94;2021-01-29;1380;147;28774;616;2.0;0.0
94;2021-01-30;580;4;29354;620;2.1;0.0
94;2021-01-31;121;8;29475;628;2.1;0.0
94;2021-02-01;929;150;30404;778;2.2;0.1
94;2021-02-02;852;244;31256;1022;2.2;0.1
94;2021-02-03;762;360;32018;1382;2.3;0.1
94;2021-02-04;901;419;32919;1801;2.3;0.1
94;2021-02-05;873;562;33792;2363;2.4;0.2
94;2021-02-06;406;68;34198;2431;2.4;0.2
94;2021-02-07;122;0;34320;2431;2.4;0.2
94;2021-02-08;635;516;34955;2947;2.5;0.2
94;2021-02-09;1036;968;35991;3915;2.6;0.3
94;2021-02-10;1101;1343;37092;5258;2.6;0.4
94;2021-02-11;1429;1537;38521;6795;2.7;0.5
94;2021-02-12;1390;1624;39911;8419;2.8;0.6
94;2021-02-13;300;250;40211;8669;2.9;0.6
94;2021-02-14;30;72;40241;8741;2.9;0.6
94;2021-02-15;752;1698;40993;10439;2.9;0.7
94;2021-02-16;702;2630;41695;13069;3.0;0.9
94;2021-02-17;716;1529;42411;14598;3.0;1.0
94;2021-02-18;788;1635;43199;16233;3.1;1.2
94;2021-02-19;967;1402;44166;17635;3.1;1.3
94;2021-02-20;133;875;44299;18510;3.2;1.3
94;2021-02-21;21;174;44320;18684;3.2;1.3
94;2021-02-22;523;1260;44843;19944;3.2;1.4
94;2021-02-23;624;1222;45467;21166;3.2;1.5
94;2021-02-24;693;861;46160;22027;3.3;1.6
94;2021-02-25;1070;1501;47230;23528;3.4;1.7
94;2021-02-26;1324;1021;48554;24549;3.5;1.7
94;2021-02-27;518;539;49072;25088;3.5;1.8
94;2021-02-28;91;81;49163;25169;3.5;1.8
94;2021-03-01;883;907;50046;26076;3.6;1.9
94;2021-03-02;1567;968;51613;27044;3.7;1.9
94;2021-03-03;1948;1019;53561;28063;3.8;2.0
94;2021-03-04;2861;1179;56422;29242;4.0;2.1
94;2021-03-05;3835;1351;60257;30593;4.3;2.2
94;2021-03-06;4819;594;65076;31187;4.6;2.2
94;2021-03-07;3689;563;68765;31750;4.9;2.3
94;2021-03-08;1918;804;70683;32554;5.0;2.3
94;2021-03-09;2556;930;73239;33484;5.2;2.4
94;2021-03-10;3200;1047;76439;34531;5.4;2.5
94;2021-03-11;3839;949;80278;35480;5.7;2.5
94;2021-03-12;4581;836;84859;36316;6.0;2.6
94;2021-03-13;4131;403;88990;36719;6.3;2.6
94;2021-03-14;2115;158;91105;36877;6.5;2.6
94;2021-03-15;3171;799;94276;37676;6.7;2.7
94;2021-03-16;2775;448;97051;38124;6.9;2.7
94;2021-03-17;2859;469;99910;38593;7.1;2.7
94;2021-03-18;3264;446;103174;39039;7.3;2.8
94;2021-03-19;4273;719;107447;39758;7.6;2.8
94;2021-03-20;3692;302;111139;40060;7.9;2.8
94;2021-03-21;1464;389;112603;40449;8.0;2.9
94;2021-03-22;3221;674;115824;41123;8.2;2.9
94;2021-03-23;4512;743;120336;41866;8.6;3.0
94;2021-03-24;4628;636;124964;42502;8.9;3.0
94;2021-03-25;6323;681;131287;43183;9.3;3.1
94;2021-03-26;6090;843;137377;44026;9.8;3.1
94;2021-03-27;4472;283;141849;44309;10.1;3.2
94;2021-03-28;1890;109;143739;44418;10.2;3.2
94;2021-03-29;4125;1233;147864;45651;10.5;3.2
94;2021-03-30;5300;1361;153164;47012;10.9;3.3
94;2021-03-31;4905;1816;158069;48828;11.2;3.5
94;2021-04-01;5829;2321;163898;51149;11.7;3.6
94;2021-04-02;5247;2332;169145;53481;12.0;3.8
94;2021-04-03;3089;2516;172234;55997;12.2;4.0
94;2021-04-04;1052;778;173286;56775;12.3;4.0
94;2021-04-05;837;158;174123;56933;12.4;4.0
94;2021-04-06;3579;2583;177702;59516;12.6;4.2
94;2021-04-07;3867;2274;181569;61790;12.9;4.4
94;2021-04-08;4627;2072;186196;63862;13.2;4.5
94;2021-04-09;5362;2485;191558;66347;13.6;4.7
94;2021-04-10;2958;3007;194516;69354;13.8;4.9
94;2021-04-11;1268;1768;195784;71122;13.9;5.1
94;2021-04-12;3440;2293;199224;73415;14.2;5.2
94;2021-04-13;4313;3426;203537;76841;14.5;5.5
94;2021-04-14;3906;2702;207443;79543;14.8;5.7
94;2021-04-15;4444;2998;211887;82541;15.1;5.9
94;2021-04-16;4707;2848;216594;85389;15.4;6.1
94;2021-04-17;2462;2770;219056;88159;15.6;6.3
94;2021-04-18;921;1246;219977;89405;15.6;6.4
94;2021-04-19;2976;2447;222953;91852;15.9;6.5
94;2021-04-20;3273;2715;226226;94567;16.1;6.7
94;2021-04-21;3219;3169;229445;97736;16.3;7.0
94;2021-04-22;3913;3655;233358;101391;16.6;7.2
94;2021-04-23;4117;3996;237475;105387;16.9;7.5
94;2021-04-24;4265;3409;241740;108796;17.2;7.7
94;2021-04-25;2409;1509;244149;110305;17.4;7.8
94;2021-04-26;4012;3285;248161;113590;17.6;8.1
94;2021-04-27;5095;3379;253256;116969;18.0;8.3
94;2021-04-28;4833;3644;258089;120613;18.4;8.6
94;2021-04-29;6419;3822;264508;124435;18.8;8.9
94;2021-04-30;6486;3945;270994;128380;19.3;9.1
94;2021-05-01;4057;1064;275051;129444;19.6;9.2
94;2021-05-02;3053;1476;278104;130920;19.8;9.3
94;2021-05-03;5737;5343;283841;136263;20.2;9.7
94;2021-05-04;6100;3576;289941;139839;20.6;9.9
94;2021-05-05;6185;3430;296126;143269;21.1;10.2
94;2021-05-06;7159;3539;303285;146808;21.6;10.4
94;2021-05-07;6675;4127;309960;150935;22.0;10.7
94;2021-05-08;4902;2557;314862;153492;22.4;10.9
94;2021-05-09;4226;2255;319088;155747;22.7;11.1
94;2021-05-10;7717;3135;326805;158882;23.2;11.3
94;2021-05-11;8976;3939;335781;162821;23.9;11.6
94;2021-05-12;9576;3604;345357;166425;24.6;11.8
94;2021-05-13;8677;1370;354034;167795;25.2;11.9
94;2021-05-14;9875;3321;363909;171116;25.9;12.2
94;2021-05-15;8943;2168;372852;173284;26.5;12.3
94;2021-05-16;5069;912;377921;174196;26.9;12.4
94;2021-05-17;10839;2257;388760;176453;27.6;12.5
94;2021-05-18;11297;2455;400057;178908;28.5;12.7
94;2021-05-19;11672;3604;411729;182512;29.3;13.0
94;2021-05-20;12153;4361;423882;186873;30.1;13.3
94;2021-05-21;11881;3162;435763;190035;31.0;13.5
94;2021-05-22;10291;1974;446054;192009;31.7;13.7
94;2021-05-23;5003;711;451057;192720;32.1;13.7
94;2021-05-24;9666;1350;460723;194070;32.8;13.8
94;2021-05-25;10005;4269;470728;198339;33.5;14.1
94;2021-05-26;10285;3315;481013;201654;34.2;14.3
94;2021-05-27;10870;4591;491883;206245;35.0;14.7
94;2021-05-28;10451;4954;502334;211199;35.7;15.0
94;2021-05-29;9873;3460;512207;214659;36.4;15.3
94;2021-05-30;4788;931;516995;215590;36.8;15.3
94;2021-05-31;9989;4240;526984;219830;37.5;15.6
94;2021-06-01;10320;5109;537304;224939;38.2;16.0
94;2021-06-02;9365;4594;546669;229533;38.9;16.3
94;2021-06-03;9568;5604;556237;235137;39.6;16.7
94;2021-06-04;10415;6541;566652;241678;40.3;17.2
94;2021-06-05;9200;6263;575852;247941;41.0;17.6
94;2021-06-06;3984;1850;579836;249791;41.2;17.8
94;2021-06-07;8677;5984;588513;255775;41.9;18.2
94;2021-06-08;9015;7534;597528;263309;42.5;18.7
94;2021-06-09;8954;8165;606482;271474;43.1;19.3
94;2021-06-10;8811;10985;615293;282459;43.8;20.1
94;2021-06-11;7855;8395;623148;290854;44.3;20.7
94;2021-06-12;10265;6853;633413;297707;45.0;21.2
94;2021-06-13;3470;3262;636883;300969;45.3;21.4
94;2021-06-14;6966;8213;643849;309182;45.8;22.0
94;2021-06-15;7738;8822;651587;318004;46.3;22.6
94;2021-06-16;7245;8273;658832;326277;46.9;23.2
94;2021-06-17;6707;9072;665539;335349;47.3;23.9
94;2021-06-18;6581;11961;672120;347310;47.8;24.7
94;2021-06-19;6014;9595;678134;356905;48.2;25.4
94;2021-06-20;1889;4012;680023;360917;48.4;25.7
94;2021-06-21;4533;11187;684556;372104;48.7;26.5
94;2021-06-22;4842;10811;689398;382915;49.0;27.2
94;2021-06-23;4178;11163;693576;394078;49.3;28.0
94;2021-06-24;4973;10337;698549;404415;49.7;28.8
94;2021-06-25;4294;13740;702843;418155;50.0;29.7
94;2021-06-26;3140;12002;705983;430157;50.2;30.6
94;2021-06-27;1059;4997;707042;435154;50.3;30.9
94;2021-06-28;3502;12083;710544;447237;50.5;31.8
94;2021-06-29;4049;12181;714593;459418;50.8;32.7
94;2021-06-30;4458;11652;719051;471070;51.1;33.5
94;2021-07-01;5590;11119;724641;482189;51.5;34.3
94;2021-07-02;5666;12199;730307;494388;51.9;35.2
94;2021-07-03;3719;11806;734026;506194;52.2;36.0
94;2021-07-04;1515;5087;735541;511281;52.3;36.4
94;2021-07-05;4539;11437;740080;522718;52.6;37.2
94;2021-07-06;4632;10902;744712;533620;53.0;38.0
94;2021-07-07;5034;11086;749746;544706;53.3;38.7
94;2021-07-08;5137;10032;754883;554738;53.7;39.5
94;2021-07-09;6083;11874;760966;566612;54.1;40.3
94;2021-07-10;4117;11366;765083;577978;54.4;41.1
94;2021-07-11;1555;4718;766638;582696;54.5;41.4
94;2021-07-12;4327;11971;770965;594667;54.8;42.3
94;2021-07-13;6425;12047;777390;606714;55.3;43.2
94;2021-07-14;4194;5293;781584;612007;55.6;43.5
94;2021-07-15;7257;12371;788841;624378;56.1;44.4
94;2021-07-16;7731;11312;796572;635690;56.7;45.2
94;2021-07-17;6100;11325;802672;647015;57.1;46.0
94;2021-07-18;2628;4024;805300;651039;57.3;46.3
94;2021-07-19;6932;10445;812232;661484;57.8;47.0
94;2021-07-20;8519;10390;820751;671874;58.4;47.8
94;2021-07-21;8757;9581;829508;681455;59.0;48.5
94;2021-07-22;9765;9425;839273;690880;59.7;49.1
94;2021-07-23;9290;9419;848563;700299;60.4;49.8
94;2021-07-24;7205;8883;855768;709182;60.9;50.4
94;2021-07-25;2192;2740;857960;711922;61.0;50.6
94;2021-07-26;8020;8095;865980;720017;61.6;51.2
94;2021-07-27;8766;7137;874746;727154;62.2;51.7
94;2021-07-28;9060;6569;883806;733723;62.9;52.2
94;2021-07-29;9036;6360;892842;740083;63.5;52.6
94;2021-07-30;7934;6593;900776;746676;64.1;53.1
94;2021-07-31;7213;6306;907989;752982;64.6;53.6
94;2021-08-01;3203;1788;911192;754770;64.8;53.7
94;2021-08-02;6407;5481;917599;760251;65.3;54.1
94;2021-08-03;6266;5206;923865;765457;65.7;54.4
94;2021-08-04;6196;5126;930061;770583;66.1;54.8
94;2021-08-05;5775;5457;935836;776040;66.6;55.2
94;2021-08-06;5565;5836;941401;781876;67.0;55.6
94;2021-08-07;4227;4472;945628;786348;67.3;55.9
94;2021-08-08;1358;1714;946986;788062;67.4;56.0
94;2021-08-09;4851;6807;951837;794869;67.7;56.5
94;2021-08-10;5332;6535;957169;801404;68.1;57.0
94;2021-08-11;4205;5912;961374;807316;68.4;57.4
94;2021-08-12;4326;6504;965700;813820;68.7;57.9
94;2021-08-13;3670;5792;969370;819612;68.9;58.3
94;2021-08-14;2852;5741;972222;825353;69.1;58.7
94;2021-08-15;448;734;972670;826087;69.2;58.8
94;2021-08-16;3457;8281;976127;834368;69.4;59.3
94;2021-08-17;3333;8134;979460;842502;69.7;59.9
94;2021-08-18;3228;8610;982688;851112;69.9;60.5
94;2021-08-19;3279;6896;985967;858008;70.1;61.0
94;2021-08-20;2946;7743;988913;865751;70.3;61.6
94;2021-08-21;2515;7159;991428;872910;70.5;62.1
94;2021-08-22;888;2733;992316;875643;70.6;62.3
94;2021-08-23;2805;8454;995121;884097;70.8;62.9
94;2021-08-24;3099;7496;998220;891593;71.0;63.4
94;2021-08-25;2723;6727;1000943;898320;71.2;63.9
94;2021-08-26;2547;6124;1003490;904444;71.4;64.3
94;2021-08-27;2620;6546;1006110;910990;71.6;64.8
94;2021-08-28;2537;6482;1008647;917472;71.7;65.3
94;2021-08-29;862;2338;1009509;919810;71.8;65.4
94;2021-08-30;2732;7857;1012241;927667;72.0;66.0
94;2021-08-31;2542;7403;1014783;935070;72.2;66.5
94;2021-09-01;2236;6167;1017019;941237;72.3;66.9
94;2021-09-02;1854;5158;1018873;946395;72.5;67.3
95;2020-12-27;3;0;3;0;0.0;0.0
95;2020-12-28;4;0;7;0;0.0;0.0
95;2020-12-29;0;0;7;0;0.0;0.0
95;2020-12-30;0;0;7;0;0.0;0.0
95;2020-12-31;2;0;9;0;0.0;0.0
95;2021-01-01;0;0;9;0;0.0;0.0
95;2021-01-02;13;0;22;0;0.0;0.0
95;2021-01-03;1;0;23;0;0.0;0.0
95;2021-01-04;49;0;72;0;0.0;0.0
95;2021-01-05;316;0;388;0;0.0;0.0
95;2021-01-06;192;0;580;0;0.0;0.0
95;2021-01-07;130;1;710;1;0.1;0.0
95;2021-01-08;277;2;987;3;0.1;0.0
95;2021-01-09;251;0;1238;3;0.1;0.0
95;2021-01-10;383;1;1621;4;0.1;0.0
95;2021-01-11;492;1;2113;5;0.2;0.0
95;2021-01-12;862;1;2975;6;0.2;0.0
95;2021-01-13;781;12;3756;18;0.3;0.0
95;2021-01-14;887;12;4643;30;0.4;0.0
95;2021-01-15;758;5;5401;35;0.4;0.0
95;2021-01-16;298;3;5699;38;0.5;0.0
95;2021-01-17;223;1;5922;39;0.5;0.0
95;2021-01-18;1338;6;7260;45;0.6;0.0
95;2021-01-19;1574;6;8834;51;0.7;0.0
95;2021-01-20;2040;5;10874;56;0.9;0.0
95;2021-01-21;1853;5;12727;61;1.0;0.0
95;2021-01-22;1325;5;14052;66;1.1;0.0
95;2021-01-23;648;0;14700;66;1.2;0.0
95;2021-01-24;181;0;14881;66;1.2;0.0
95;2021-01-25;796;36;15677;102;1.3;0.0
95;2021-01-26;987;160;16664;262;1.3;0.0
95;2021-01-27;1251;188;17915;450;1.4;0.0
95;2021-01-28;1720;30;19635;480;1.6;0.0
95;2021-01-29;1248;202;20883;682;1.7;0.1
95;2021-01-30;477;5;21360;687;1.7;0.1
95;2021-01-31;212;1;21572;688;1.7;0.1
95;2021-02-01;566;268;22138;956;1.8;0.1
95;2021-02-02;527;270;22665;1226;1.8;0.1
95;2021-02-03;613;511;23278;1737;1.9;0.1
95;2021-02-04;1065;362;24343;2099;2.0;0.2
95;2021-02-05;732;296;25075;2395;2.0;0.2
95;2021-02-06;336;240;25411;2635;2.0;0.2
95;2021-02-07;141;395;25552;3030;2.0;0.2
95;2021-02-08;765;336;26317;3366;2.1;0.3
95;2021-02-09;1131;1076;27448;4442;2.2;0.4
95;2021-02-10;1261;1404;28709;5846;2.3;0.5
95;2021-02-11;1387;1136;30096;6982;2.4;0.6
95;2021-02-12;1032;955;31128;7937;2.5;0.6
95;2021-02-13;329;306;31457;8243;2.5;0.7
95;2021-02-14;41;174;31498;8417;2.5;0.7
95;2021-02-15;427;971;31925;9388;2.6;0.8
95;2021-02-16;493;833;32418;10221;2.6;0.8
95;2021-02-17;654;1065;33072;11286;2.6;0.9
95;2021-02-18;725;1598;33797;12884;2.7;1.0
95;2021-02-19;783;1239;34580;14123;2.8;1.1
95;2021-02-20;306;470;34886;14593;2.8;1.2
95;2021-02-21;165;295;35051;14888;2.8;1.2
95;2021-02-22;327;968;35378;15856;2.8;1.3
95;2021-02-23;368;690;35746;16546;2.9;1.3
95;2021-02-24;310;848;36056;17394;2.9;1.4
95;2021-02-25;730;1071;36786;18465;2.9;1.5
95;2021-02-26;989;840;37775;19305;3.0;1.5
95;2021-02-27;365;412;38140;19717;3.1;1.6
95;2021-02-28;61;227;38201;19944;3.1;1.6
95;2021-03-01;770;566;38971;20510;3.1;1.6
95;2021-03-02;1321;836;40292;21346;3.2;1.7
95;2021-03-03;1598;971;41890;22317;3.4;1.8
95;2021-03-04;3192;1185;45082;23502;3.6;1.9
95;2021-03-05;3651;1088;48733;24590;3.9;2.0
95;2021-03-06;4006;501;52739;25091;4.2;2.0
95;2021-03-07;4223;321;56962;25412;4.6;2.0
95;2021-03-08;1541;868;58503;26280;4.7;2.1
95;2021-03-09;2621;506;61124;26786;4.9;2.1
95;2021-03-10;2341;846;63465;27632;5.1;2.2
95;2021-03-11;3138;1148;66603;28780;5.3;2.3
95;2021-03-12;3520;808;70123;29588;5.6;2.4
95;2021-03-13;3519;422;73642;30010;5.9;2.4
95;2021-03-14;1983;304;75625;30314;6.1;2.4
95;2021-03-15;2373;320;77998;30634;6.2;2.5
95;2021-03-16;1575;421;79573;31055;6.4;2.5
95;2021-03-17;2104;418;81677;31473;6.5;2.5
95;2021-03-18;2798;373;84475;31846;6.8;2.6
95;2021-03-19;3476;368;87951;32214;7.0;2.6
95;2021-03-20;2593;203;90544;32417;7.3;2.6
95;2021-03-21;1203;249;91747;32666;7.3;2.6
95;2021-03-22;2938;369;94685;33035;7.6;2.6
95;2021-03-23;3437;459;98122;33494;7.9;2.7
95;2021-03-24;3944;522;102066;34016;8.2;2.7
95;2021-03-25;5859;659;107925;34675;8.6;2.8
95;2021-03-26;5430;687;113355;35362;9.1;2.8
95;2021-03-27;3749;221;117104;35583;9.4;2.9
95;2021-03-28;1534;121;118638;35704;9.5;2.9
95;2021-03-29;2894;577;121532;36281;9.7;2.9
95;2021-03-30;3886;1243;125418;37524;10.0;3.0
95;2021-03-31;3657;1669;129075;39193;10.3;3.1
95;2021-04-01;5484;2276;134559;41469;10.8;3.3
95;2021-04-02;3560;2763;138119;44232;11.1;3.5
95;2021-04-03;2095;2488;140214;46720;11.2;3.7
95;2021-04-04;1247;1205;141461;47925;11.3;3.8
95;2021-04-05;596;64;142057;47989;11.4;3.8
95;2021-04-06;1858;1539;143915;49528;11.5;4.0
95;2021-04-07;4953;2195;148868;51723;11.9;4.1
95;2021-04-08;4898;2467;153766;54190;12.3;4.3
95;2021-04-09;5435;2338;159201;56528;12.8;4.5
95;2021-04-10;3709;1434;162910;57962;13.0;4.6
95;2021-04-11;1567;1039;164477;59001;13.2;4.7
95;2021-04-12;3253;1619;167730;60620;13.4;4.9
95;2021-04-13;3141;1690;170871;62310;13.7;5.0
95;2021-04-14;2752;1995;173623;64305;13.9;5.2
95;2021-04-15;3903;3347;177526;67652;14.2;5.4
95;2021-04-16;4064;3038;181590;70690;14.5;5.7
95;2021-04-17;2375;1757;183965;72447;14.7;5.8
95;2021-04-18;1511;1018;185476;73465;14.9;5.9
95;2021-04-19;2569;2371;188045;75836;15.1;6.1
95;2021-04-20;2121;2457;190166;78293;15.2;6.3
95;2021-04-21;3931;2635;194097;80928;15.5;6.5
95;2021-04-22;3411;4632;197508;85560;15.8;6.9
95;2021-04-23;2767;3561;200275;89121;16.0;7.1
95;2021-04-24;3572;2590;203847;91711;16.3;7.3
95;2021-04-25;1961;1549;205808;93260;16.5;7.5
95;2021-04-26;2751;2702;208559;95962;16.7;7.7
95;2021-04-27;3851;2178;212410;98140;17.0;7.9
95;2021-04-28;3889;2672;216299;100812;17.3;8.1
95;2021-04-29;6142;4556;222441;105368;17.8;8.4
95;2021-04-30;6904;2936;229345;108304;18.4;8.7
95;2021-05-01;2368;920;231713;109224;18.6;8.7
95;2021-05-02;2448;1502;234161;110726;18.8;8.9
95;2021-05-03;5127;1930;239288;112656;19.2;9.0
95;2021-05-04;6353;2724;245641;115380;19.7;9.2
95;2021-05-05;5146;3807;250787;119187;20.1;9.5
95;2021-05-06;8203;4933;258990;124120;20.7;9.9
95;2021-05-07;5777;4757;264767;128877;21.2;10.3
95;2021-05-08;5744;1531;270511;130408;21.7;10.4
95;2021-05-09;2827;1588;273338;131996;21.9;10.6
95;2021-05-10;9969;3192;283307;135188;22.7;10.8
95;2021-05-11;8448;3464;291755;138652;23.4;11.1
95;2021-05-12;9465;3223;301220;141875;24.1;11.4
95;2021-05-13;7956;1203;309176;143078;24.8;11.5
95;2021-05-14;7015;1910;316191;144988;25.3;11.6
95;2021-05-15;4515;1072;320706;146060;25.7;11.7
95;2021-05-16;4825;840;325531;146900;26.1;11.8
95;2021-05-17;7743;1351;333274;148251;26.7;11.9
95;2021-05-18;9468;1860;342742;150111;27.5;12.0
95;2021-05-19;9244;2501;351986;152612;28.2;12.2
95;2021-05-20;12584;2449;364570;155061;29.2;12.4
95;2021-05-21;10174;2537;374744;157598;30.0;12.6
95;2021-05-22;9395;1572;384139;159170;30.8;12.8
95;2021-05-23;4143;958;388282;160128;31.1;12.8
95;2021-05-24;2398;538;390680;160666;31.3;12.9
95;2021-05-25;7209;2081;397889;162747;31.9;13.0
95;2021-05-26;8852;3124;406741;165871;32.6;13.3
95;2021-05-27;10366;4441;417107;170312;33.4;13.6
95;2021-05-28;7687;4425;424794;174737;34.0;14.0
95;2021-05-29;5266;2764;430060;177501;34.5;14.2
95;2021-05-30;3731;1703;433791;179204;34.7;14.4
95;2021-05-31;6430;3332;440221;182536;35.3;14.6
95;2021-06-01;8784;3811;449005;186347;36.0;14.9
95;2021-06-02;8802;4745;457807;191092;36.7;15.3
95;2021-06-03;8529;6564;466336;197656;37.4;15.8
95;2021-06-04;8890;4404;475226;202060;38.1;16.2
95;2021-06-05;8342;3744;483568;205804;38.7;16.5
95;2021-06-06;4837;1616;488405;207420;39.1;16.6
95;2021-06-07;6060;4547;494465;211967;39.6;17.0
95;2021-06-08;6556;5515;501021;217482;40.1;17.4
95;2021-06-09;6266;6473;507287;223955;40.6;17.9
95;2021-06-10;6433;6818;513720;230773;41.2;18.5
95;2021-06-11;7235;6442;520955;237215;41.7;19.0
95;2021-06-12;6005;4374;526960;241589;42.2;19.4
95;2021-06-13;2084;3285;529044;244874;42.4;19.6
95;2021-06-14;5372;5988;534416;250862;42.8;20.1
95;2021-06-15;5744;8074;540160;258936;43.3;20.7
95;2021-06-16;5493;7534;545653;266470;43.7;21.3
95;2021-06-17;6608;8166;552261;274636;44.2;22.0
95;2021-06-18;5833;7858;558094;282494;44.7;22.6
95;2021-06-19;4969;8925;563063;291419;45.1;23.3
95;2021-06-20;1429;3312;564492;294731;45.2;23.6
95;2021-06-21;3542;7715;568034;302446;45.5;24.2
95;2021-06-22;5071;9051;573105;311497;45.9;25.0
95;2021-06-23;4782;10877;577887;322374;46.3;25.8
95;2021-06-24;4941;10723;582828;333097;46.7;26.7
95;2021-06-25;4889;10358;587717;343455;47.1;27.5
95;2021-06-26;4325;8485;592042;351940;47.4;28.2
95;2021-06-27;1035;3997;593077;355937;47.5;28.5
95;2021-06-28;2742;9491;595819;365428;47.7;29.3
95;2021-06-29;2538;8787;598357;374215;47.9;30.0
95;2021-06-30;3955;9995;602312;384210;48.2;30.8
95;2021-07-01;4750;11161;607062;395371;48.6;31.7
95;2021-07-02;4275;10550;611337;405921;49.0;32.5
95;2021-07-03;3539;9159;614876;415080;49.3;33.3
95;2021-07-04;1274;3401;616150;418481;49.4;33.5
95;2021-07-05;2356;4375;618506;422856;49.5;33.9
95;2021-07-06;2695;7751;621201;430607;49.8;34.5
95;2021-07-07;3963;9623;625164;440230;50.1;35.3
95;2021-07-08;5317;9819;630481;450049;50.5;36.1
95;2021-07-09;4555;10078;635036;460127;50.9;36.9
95;2021-07-10;3397;7391;638433;467518;51.1;37.5
95;2021-07-11;1528;3602;639961;471120;51.3;37.7
95;2021-07-12;2989;9689;642950;480809;51.5;38.5
95;2021-07-13;5060;10072;648010;490881;51.9;39.3
95;2021-07-14;4428;5735;652438;496616;52.3;39.8
95;2021-07-15;7401;12359;659839;508975;52.9;40.8
95;2021-07-16;7981;11989;667820;520964;53.5;41.7
95;2021-07-17;5057;7821;672877;528785;53.9;42.4
95;2021-07-18;3491;2907;676368;531692;54.2;42.6
95;2021-07-19;4838;6866;681206;538558;54.6;43.1
95;2021-07-20;6958;8377;688164;546935;55.1;43.8
95;2021-07-21;9261;9445;697425;556380;55.9;44.6
95;2021-07-22;10147;9717;707572;566097;56.7;45.3
95;2021-07-23;10910;10203;718482;576300;57.6;46.2
95;2021-07-24;5259;6234;723741;582534;58.0;46.7
95;2021-07-25;2248;2283;725989;584817;58.2;46.8
95;2021-07-26;4514;4014;730503;588831;58.5;47.2
95;2021-07-27;8506;7041;739009;595872;59.2;47.7
95;2021-07-28;9719;7560;748728;603432;60.0;48.3
95;2021-07-29;8430;5463;757158;608895;60.7;48.8
95;2021-07-30;8512;7771;765670;616666;61.3;49.4
95;2021-07-31;4236;4118;769906;620784;61.7;49.7
95;2021-08-01;2325;1374;772231;622158;61.9;49.8
95;2021-08-02;4140;3912;776371;626070;62.2;50.2
95;2021-08-03;6137;5535;782508;631605;62.7;50.6
95;2021-08-04;6484;6082;788992;637687;63.2;51.1
95;2021-08-05;6858;5723;795850;643410;63.8;51.5
95;2021-08-06;6495;7080;802345;650490;64.3;52.1
95;2021-08-07;2833;3203;805178;653693;64.5;52.4
95;2021-08-08;1368;1890;806546;655583;64.6;52.5
95;2021-08-09;3900;5037;810446;660620;64.9;52.9
95;2021-08-10;5217;5851;815663;666471;65.3;53.4
95;2021-08-11;5336;6556;820999;673027;65.8;53.9
95;2021-08-12;5204;6358;826203;679385;66.2;54.4
95;2021-08-13;3805;5468;830008;684853;66.5;54.9
95;2021-08-14;3543;3316;833551;688169;66.8;55.1
95;2021-08-15;271;352;833822;688521;66.8;55.2
95;2021-08-16;2798;6042;836620;694563;67.0;55.6
95;2021-08-17;3549;7258;840169;701821;67.3;56.2
95;2021-08-18;4225;8072;844394;709893;67.6;56.9
95;2021-08-19;3706;6580;848100;716473;67.9;57.4
95;2021-08-20;3752;7922;851852;724395;68.2;58.0
95;2021-08-21;2703;4296;854555;728691;68.5;58.4
95;2021-08-22;828;2392;855383;731083;68.5;58.6
95;2021-08-23;2452;5644;857835;736727;68.7;59.0
95;2021-08-24;2910;6452;860745;743179;69.0;59.5
95;2021-08-25;3740;8275;864485;751454;69.2;60.2
95;2021-08-26;3123;7531;867608;758985;69.5;60.8
95;2021-08-27;3427;8713;871035;767698;69.8;61.5
95;2021-08-28;2786;5479;873821;773177;70.0;61.9
95;2021-08-29;619;1703;874440;774880;70.0;62.1
95;2021-08-30;2735;6182;877175;781062;70.3;62.6
95;2021-08-31;2766;6488;879941;787550;70.5;63.1
95;2021-09-01;2647;6440;882588;793990;70.7;63.6
95;2021-09-02;1633;4605;884221;798595;70.8;64.0
971;2020-12-27;0;0;0;0;0.0;0.0
971;2020-12-28;0;0;0;0;0.0;0.0
971;2020-12-29;0;0;0;0;0.0;0.0
971;2020-12-30;0;0;0;0;0.0;0.0
971;2020-12-31;0;0;0;0;0.0;0.0
971;2021-01-01;1;0;1;0;0.0;0.0
971;2021-01-02;0;0;1;0;0.0;0.0
971;2021-01-03;0;0;1;0;0.0;0.0
971;2021-01-04;1;0;2;0;0.0;0.0
971;2021-01-05;0;0;2;0;0.0;0.0
971;2021-01-06;1;0;3;0;0.0;0.0
971;2021-01-07;0;0;3;0;0.0;0.0
971;2021-01-08;57;1;60;1;0.0;0.0
971;2021-01-09;20;0;80;1;0.0;0.0
971;2021-01-10;0;0;80;1;0.0;0.0
971;2021-01-11;60;0;140;1;0.0;0.0
971;2021-01-12;45;0;185;1;0.0;0.0
971;2021-01-13;47;1;232;2;0.1;0.0
971;2021-01-14;63;0;295;2;0.1;0.0
971;2021-01-15;77;0;372;2;0.1;0.0
971;2021-01-16;0;0;372;2;0.1;0.0
971;2021-01-17;0;0;372;2;0.1;0.0
971;2021-01-18;81;1;453;3;0.1;0.0
971;2021-01-19;145;0;598;3;0.2;0.0
971;2021-01-20;135;0;733;3;0.2;0.0
971;2021-01-21;154;1;887;4;0.2;0.0
971;2021-01-22;135;0;1022;4;0.3;0.0
971;2021-01-23;1;0;1023;4;0.3;0.0
971;2021-01-24;0;0;1023;4;0.3;0.0
971;2021-01-25;203;1;1226;5;0.3;0.0
971;2021-01-26;217;1;1443;6;0.4;0.0
971;2021-01-27;236;0;1679;6;0.4;0.0
971;2021-01-28;242;3;1921;9;0.5;0.0
971;2021-01-29;197;2;2118;11;0.6;0.0
971;2021-01-30;25;0;2143;11;0.6;0.0
971;2021-01-31;1;0;2144;11;0.6;0.0
971;2021-02-01;229;4;2373;15;0.6;0.0
971;2021-02-02;245;16;2618;31;0.7;0.0
971;2021-02-03;225;3;2843;34;0.8;0.0
971;2021-02-04;304;24;3147;58;0.8;0.0
971;2021-02-05;279;30;3426;88;0.9;0.0
971;2021-02-06;49;1;3475;89;0.9;0.0
971;2021-02-07;0;0;3475;89;0.9;0.0
971;2021-02-08;258;21;3733;110;1.0;0.0
971;2021-02-09;317;25;4050;135;1.1;0.0
971;2021-02-10;249;26;4299;161;1.1;0.0
971;2021-02-11;297;107;4596;268;1.2;0.1
971;2021-02-12;290;26;4886;294;1.3;0.1
971;2021-02-13;50;7;4936;301;1.3;0.1
971;2021-02-14;19;36;4955;337;1.3;0.1
971;2021-02-15;85;46;5040;383;1.3;0.1
971;2021-02-16;16;1;5056;384;1.3;0.1
971;2021-02-17;17;1;5073;385;1.3;0.1
971;2021-02-18;250;14;5323;399;1.4;0.1
971;2021-02-19;249;18;5572;417;1.5;0.1
971;2021-02-20;49;0;5621;417;1.5;0.1
971;2021-02-21;1;0;5622;417;1.5;0.1
971;2021-02-22;192;59;5814;476;1.5;0.1
971;2021-02-23;204;70;6018;546;1.6;0.1
971;2021-02-24;343;124;6361;670;1.7;0.2
971;2021-02-25;386;75;6747;745;1.8;0.2
971;2021-02-26;232;84;6979;829;1.9;0.2
971;2021-02-27;65;0;7044;829;1.9;0.2
971;2021-02-28;1;0;7045;829;1.9;0.2
971;2021-03-01;179;81;7224;910;1.9;0.2
971;2021-03-02;278;127;7502;1037;2.0;0.3
971;2021-03-03;244;115;7746;1152;2.1;0.3
971;2021-03-04;335;85;8081;1237;2.1;0.3
971;2021-03-05;375;149;8456;1386;2.2;0.4
971;2021-03-06;599;10;9055;1396;2.4;0.4
971;2021-03-07;1;0;9056;1396;2.4;0.4
971;2021-03-08;324;138;9380;1534;2.5;0.4
971;2021-03-09;388;156;9768;1690;2.6;0.4
971;2021-03-10;425;161;10193;1851;2.7;0.5
971;2021-03-11;123;46;10316;1897;2.7;0.5
971;2021-03-12;506;225;10822;2122;2.9;0.6
971;2021-03-13;137;3;10959;2125;2.9;0.6
971;2021-03-14;14;23;10973;2148;2.9;0.6
971;2021-03-15;424;46;11397;2194;3.0;0.6
971;2021-03-16;485;84;11882;2278;3.2;0.6
971;2021-03-17;470;73;12352;2351;3.3;0.6
971;2021-03-18;586;86;12938;2437;3.4;0.6
971;2021-03-19;584;91;13522;2528;3.6;0.7
971;2021-03-20;177;19;13699;2547;3.6;0.7
971;2021-03-21;8;0;13707;2547;3.6;0.7
971;2021-03-22;359;89;14066;2636;3.7;0.7
971;2021-03-23;540;157;14606;2793;3.9;0.7
971;2021-03-24;473;108;15079;2901;4.0;0.8
971;2021-03-25;760;183;15839;3084;4.2;0.8
971;2021-03-26;644;122;16483;3206;4.4;0.9
971;2021-03-27;292;36;16775;3242;4.5;0.9
971;2021-03-28;24;2;16799;3244;4.5;0.9
971;2021-03-29;383;84;17182;3328;4.6;0.9
971;2021-03-30;625;164;17807;3492;4.7;0.9
971;2021-03-31;545;133;18352;3625;4.9;1.0
971;2021-04-01;661;196;19013;3821;5.0;1.0
971;2021-04-02;39;35;19052;3856;5.1;1.0
971;2021-04-03;59;2;19111;3858;5.1;1.0
971;2021-04-04;4;18;19115;3876;5.1;1.0
971;2021-04-05;13;0;19128;3876;5.1;1.0
971;2021-04-06;484;193;19612;4069;5.2;1.1
971;2021-04-07;580;118;20192;4187;5.4;1.1
971;2021-04-08;518;158;20710;4345;5.5;1.2
971;2021-04-09;490;210;21200;4555;5.6;1.2
971;2021-04-10;101;5;21301;4560;5.7;1.2
971;2021-04-11;8;12;21309;4572;5.7;1.2
971;2021-04-12;304;262;21613;4834;5.7;1.3
971;2021-04-13;555;325;22168;5159;5.9;1.4
971;2021-04-14;441;228;22609;5387;6.0;1.4
971;2021-04-15;553;313;23162;5700;6.1;1.5
971;2021-04-16;564;275;23726;5975;6.3;1.6
971;2021-04-17;216;4;23942;5979;6.4;1.6
971;2021-04-18;6;14;23948;5993;6.4;1.6
971;2021-04-19;405;243;24353;6236;6.5;1.7
971;2021-04-20;724;346;25077;6582;6.7;1.7
971;2021-04-21;625;316;25702;6898;6.8;1.8
971;2021-04-22;816;333;26518;7231;7.0;1.9
971;2021-04-23;844;248;27362;7479;7.3;2.0
971;2021-04-24;391;72;27753;7551;7.4;2.0
971;2021-04-25;602;64;28355;7615;7.5;2.0
971;2021-04-26;972;219;29327;7834;7.8;2.1
971;2021-04-27;709;236;30036;8070;8.0;2.1
971;2021-04-28;865;267;30901;8337;8.2;2.2
971;2021-04-29;1203;204;32104;8541;8.5;2.3
971;2021-04-30;1269;186;33373;8727;8.9;2.3
971;2021-05-01;606;42;33979;8769;9.0;2.3
971;2021-05-02;354;18;34333;8787;9.1;2.3
971;2021-05-03;922;189;35255;8976;9.4;2.4
971;2021-05-04;962;207;36217;9183;9.6;2.4
971;2021-05-05;1026;253;37243;9436;9.9;2.5
971;2021-05-06;1147;176;38390;9612;10.2;2.6
971;2021-05-07;1264;273;39654;9885;10.5;2.6
971;2021-05-08;323;37;39977;9922;10.6;2.6
971;2021-05-09;183;10;40160;9932;10.7;2.6
971;2021-05-10;838;217;40998;10149;10.9;2.7
971;2021-05-11;964;317;41962;10466;11.1;2.8
971;2021-05-12;907;325;42869;10791;11.4;2.9
971;2021-05-13;212;78;43081;10869;11.4;2.9
971;2021-05-14;862;275;43943;11144;11.7;3.0
971;2021-05-15;487;15;44430;11159;11.8;3.0
971;2021-05-16;182;36;44612;11195;11.8;3.0
971;2021-05-17;721;275;45333;11470;12.0;3.0
971;2021-05-18;742;390;46075;11860;12.2;3.1
971;2021-05-19;701;531;46776;12391;12.4;3.3
971;2021-05-20;809;378;47585;12769;12.6;3.4
971;2021-05-21;824;408;48409;13177;12.8;3.5
971;2021-05-22;506;216;48915;13393;13.0;3.6
971;2021-05-23;201;114;49116;13507;13.0;3.6
971;2021-05-24;201;173;49317;13680;13.1;3.6
971;2021-05-25;548;664;49865;14344;13.2;3.8
971;2021-05-26;595;493;50460;14837;13.4;3.9
971;2021-05-27;133;182;50593;15019;13.4;4.0
971;2021-05-28;518;526;51111;15545;13.6;4.1
971;2021-05-29;238;141;51349;15686;13.6;4.2
971;2021-05-30;75;112;51424;15798;13.6;4.2
971;2021-05-31;449;537;51873;16335;13.8;4.3
971;2021-06-01;593;710;52466;17045;13.9;4.5
971;2021-06-02;577;706;53043;17751;14.1;4.7
971;2021-06-03;508;561;53551;18312;14.2;4.9
971;2021-06-04;836;804;54387;19116;14.4;5.1
971;2021-06-05;317;644;54704;19760;14.5;5.2
971;2021-06-06;139;529;54843;20289;14.6;5.4
971;2021-06-07;420;781;55263;21070;14.7;5.6
971;2021-06-08;494;890;55757;21960;14.8;5.8
971;2021-06-09;503;858;56260;22818;14.9;6.1
971;2021-06-10;538;850;56798;23668;15.1;6.3
971;2021-06-11;468;1238;57266;24906;15.2;6.6
971;2021-06-12;301;659;57567;25565;15.3;6.8
971;2021-06-13;128;313;57695;25878;15.3;6.9
971;2021-06-14;372;3768;58067;29646;15.4;7.9
971;2021-06-15;483;1998;58550;31644;15.5;8.4
971;2021-06-16;478;1471;59028;33115;15.7;8.8
971;2021-06-17;433;1012;59461;34127;15.8;9.1
971;2021-06-18;481;1018;59942;35145;15.9;9.3
971;2021-06-19;316;509;60258;35654;16.0;9.5
971;2021-06-20;111;231;60369;35885;16.0;9.5
971;2021-06-21;336;678;60705;36563;16.1;9.7
971;2021-06-22;333;873;61038;37436;16.2;9.9
971;2021-06-23;370;890;61408;38326;16.3;10.2
971;2021-06-24;416;734;61824;39060;16.4;10.4
971;2021-06-25;454;761;62278;39821;16.5;10.6
971;2021-06-26;301;515;62579;40336;16.6;10.7
971;2021-06-27;116;148;62695;40484;16.6;10.7
971;2021-06-28;303;687;62998;41171;16.7;10.9
971;2021-06-29;389;784;63387;41955;16.8;11.1
971;2021-06-30;441;924;63828;42879;16.9;11.4
971;2021-07-01;364;648;64192;43527;17.0;11.5
971;2021-07-02;429;693;64621;44220;17.1;11.7
971;2021-07-03;275;466;64896;44686;17.2;11.9
971;2021-07-04;112;239;65008;44925;17.2;11.9
971;2021-07-05;329;507;65337;45432;17.3;12.1
971;2021-07-06;384;769;65721;46201;17.4;12.3
971;2021-07-07;377;845;66098;47046;17.5;12.5
971;2021-07-08;413;790;66511;47836;17.6;12.7
971;2021-07-09;431;795;66942;48631;17.8;12.9
971;2021-07-10;245;294;67187;48925;17.8;13.0
971;2021-07-11;170;137;67357;49062;17.9;13.0
971;2021-07-12;477;607;67834;49669;18.0;13.2
971;2021-07-13;868;1009;68702;50678;18.2;13.4
971;2021-07-14;475;283;69177;50961;18.4;13.5
971;2021-07-15;877;843;70054;51804;18.6;13.7
971;2021-07-16;1092;1042;71146;52846;18.9;14.0
971;2021-07-17;648;443;71794;53289;19.0;14.1
971;2021-07-18;400;217;72194;53506;19.2;14.2
971;2021-07-19;575;581;72769;54087;19.3;14.4
971;2021-07-20;832;733;73601;54820;19.5;14.5
971;2021-07-21;766;498;74367;55318;19.7;14.7
971;2021-07-22;988;872;75355;56190;20.0;14.9
971;2021-07-23;1027;756;76382;56946;20.3;15.1
971;2021-07-24;417;383;76799;57329;20.4;15.2
971;2021-07-25;248;260;77047;57589;20.4;15.3
971;2021-07-26;636;561;77683;58150;20.6;15.4
971;2021-07-27;868;582;78551;58732;20.8;15.6
971;2021-07-28;794;653;79345;59385;21.1;15.8
971;2021-07-29;955;666;80300;60051;21.3;15.9
971;2021-07-30;1309;752;81609;60803;21.7;16.1
971;2021-07-31;558;410;82167;61213;21.8;16.2
971;2021-08-01;313;248;82480;61461;21.9;16.3
971;2021-08-02;756;417;83236;61878;22.1;16.4
971;2021-08-03;757;675;83993;62553;22.3;16.6
971;2021-08-04;680;670;84673;63223;22.5;16.8
971;2021-08-05;677;590;85350;63813;22.6;16.9
971;2021-08-06;927;637;86277;64450;22.9;17.1
971;2021-08-07;451;391;86728;64841;23.0;17.2
971;2021-08-08;272;313;87000;65154;23.1;17.3
971;2021-08-09;586;587;87586;65741;23.2;17.4
971;2021-08-10;749;801;88335;66542;23.4;17.7
971;2021-08-11;923;794;89258;67336;23.7;17.9
971;2021-08-12;950;794;90208;68130;23.9;18.1
971;2021-08-13;911;439;91119;68569;24.2;18.2
971;2021-08-14;622;700;91741;69269;24.3;18.4
971;2021-08-15;435;411;92176;69680;24.5;18.5
971;2021-08-16;754;735;92930;70415;24.7;18.7
971;2021-08-17;867;870;93797;71285;24.9;18.9
971;2021-08-18;1252;965;95049;72250;25.2;19.2
971;2021-08-19;1272;924;96321;73174;25.6;19.4
971;2021-08-20;1481;1043;97802;74217;26.0;19.7
971;2021-08-21;703;508;98505;74725;26.1;19.8
971;2021-08-22;349;270;98854;74995;26.2;19.9
971;2021-08-23;856;627;99710;75622;26.5;20.1
971;2021-08-24;1212;792;100922;76414;26.8;20.3
971;2021-08-25;1359;799;102281;77213;27.1;20.5
971;2021-08-26;1355;766;103636;77979;27.5;20.7
971;2021-08-27;1428;1095;105064;79074;27.9;21.0
971;2021-08-28;895;575;105959;79649;28.1;21.1
971;2021-08-29;211;238;106170;79887;28.2;21.2
971;2021-08-30;904;747;107074;80634;28.4;21.4
971;2021-08-31;1205;893;108279;81527;28.7;21.6
971;2021-09-01;1076;901;109355;82428;29.0;21.9
971;2021-09-02;909;857;110264;83285;29.3;22.1
972;2020-12-27;0;0;0;0;0.0;0.0
972;2020-12-28;0;0;0;0;0.0;0.0
972;2020-12-29;0;0;0;0;0.0;0.0
972;2020-12-30;0;0;0;0;0.0;0.0
972;2020-12-31;0;0;0;0;0.0;0.0
972;2021-01-01;0;0;0;0;0.0;0.0
972;2021-01-02;0;0;0;0;0.0;0.0
972;2021-01-03;0;0;0;0;0.0;0.0
972;2021-01-04;0;0;0;0;0.0;0.0
972;2021-01-05;0;0;0;0;0.0;0.0
972;2021-01-06;5;0;5;0;0.0;0.0
972;2021-01-07;31;0;36;0;0.0;0.0
972;2021-01-08;90;1;126;1;0.0;0.0
972;2021-01-09;20;0;146;1;0.0;0.0
972;2021-01-10;0;0;146;1;0.0;0.0
972;2021-01-11;122;0;268;1;0.1;0.0
972;2021-01-12;79;0;347;1;0.1;0.0
972;2021-01-13;65;0;412;1;0.1;0.0
972;2021-01-14;88;1;500;2;0.1;0.0
972;2021-01-15;164;0;664;2;0.2;0.0
972;2021-01-16;51;0;715;2;0.2;0.0
972;2021-01-17;0;0;715;2;0.2;0.0
972;2021-01-18;158;0;873;2;0.2;0.0
972;2021-01-19;168;1;1041;3;0.3;0.0
972;2021-01-20;170;0;1211;3;0.3;0.0
972;2021-01-21;181;2;1392;5;0.4;0.0
972;2021-01-22;173;0;1565;5;0.4;0.0
972;2021-01-23;58;0;1623;5;0.5;0.0
972;2021-01-24;0;0;1623;5;0.5;0.0
972;2021-01-25;161;0;1784;5;0.5;0.0
972;2021-01-26;138;1;1922;6;0.5;0.0
972;2021-01-27;163;5;2085;11;0.6;0.0
972;2021-01-28;152;12;2237;23;0.6;0.0
972;2021-01-29;143;41;2380;64;0.7;0.0
972;2021-01-30;96;16;2476;80;0.7;0.0
972;2021-01-31;0;0;2476;80;0.7;0.0
972;2021-02-01;119;73;2595;153;0.7;0.0
972;2021-02-02;184;94;2779;247;0.8;0.1
972;2021-02-03;132;69;2911;316;0.8;0.1
972;2021-02-04;160;71;3071;387;0.9;0.1
972;2021-02-05;123;90;3194;477;0.9;0.1
972;2021-02-06;62;26;3256;503;0.9;0.1
972;2021-02-07;1;0;3257;503;0.9;0.1
972;2021-02-08;137;77;3394;580;0.9;0.2
972;2021-02-09;177;73;3571;653;1.0;0.2
972;2021-02-10;153;88;3724;741;1.0;0.2
972;2021-02-11;150;95;3874;836;1.1;0.2
972;2021-02-12;152;127;4026;963;1.1;0.3
972;2021-02-13;47;37;4073;1000;1.1;0.3
972;2021-02-14;0;0;4073;1000;1.1;0.3
972;2021-02-15;51;66;4124;1066;1.1;0.3
972;2021-02-16;0;0;4124;1066;1.1;0.3
972;2021-02-17;1;3;4125;1069;1.1;0.3
972;2021-02-18;69;123;4194;1192;1.2;0.3
972;2021-02-19;69;124;4263;1316;1.2;0.4
972;2021-02-20;48;65;4311;1381;1.2;0.4
972;2021-02-21;0;0;4311;1381;1.2;0.4
972;2021-02-22;102;59;4413;1440;1.2;0.4
972;2021-02-23;113;232;4526;1672;1.3;0.5
972;2021-02-24;106;217;4632;1889;1.3;0.5
972;2021-02-25;93;149;4725;2038;1.3;0.6
972;2021-02-26;132;164;4857;2202;1.4;0.6
972;2021-02-27;69;50;4926;2252;1.4;0.6
972;2021-02-28;0;0;4926;2252;1.4;0.6
972;2021-03-01;137;142;5063;2394;1.4;0.7
972;2021-03-02;158;79;5221;2473;1.5;0.7
972;2021-03-03;179;144;5400;2617;1.5;0.7
972;2021-03-04;152;135;5552;2752;1.5;0.8
972;2021-03-05;238;128;5790;2880;1.6;0.8
972;2021-03-06;119;58;5909;2938;1.6;0.8
972;2021-03-07;100;3;6009;2941;1.7;0.8
972;2021-03-08;196;132;6205;3073;1.7;0.9
972;2021-03-09;283;98;6488;3171;1.8;0.9
972;2021-03-10;322;133;6810;3304;1.9;0.9
972;2021-03-11;336;79;7146;3383;2.0;0.9
972;2021-03-12;413;55;7559;3438;2.1;1.0
972;2021-03-13;155;21;7714;3459;2.2;1.0
972;2021-03-14;4;1;7718;3460;2.2;1.0
972;2021-03-15;277;89;7995;3549;2.2;1.0
972;2021-03-16;305;56;8300;3605;2.3;1.0
972;2021-03-17;388;46;8688;3651;2.4;1.0
972;2021-03-18;435;44;9123;3695;2.5;1.0
972;2021-03-19;401;63;9524;3758;2.7;1.0
972;2021-03-20;149;48;9673;3806;2.7;1.1
972;2021-03-21;25;1;9698;3807;2.7;1.1
972;2021-03-22;362;118;10060;3925;2.8;1.1
972;2021-03-23;403;122;10463;4047;2.9;1.1
972;2021-03-24;429;108;10892;4155;3.0;1.2
972;2021-03-25;485;97;11377;4252;3.2;1.2
972;2021-03-26;634;103;12011;4355;3.3;1.2
972;2021-03-27;154;71;12165;4426;3.4;1.2
972;2021-03-28;81;2;12246;4428;3.4;1.2
972;2021-03-29;423;164;12669;4592;3.5;1.3
972;2021-03-30;469;243;13138;4835;3.7;1.3
972;2021-03-31;1150;190;14288;5025;4.0;1.4
972;2021-04-01;955;172;15243;5197;4.2;1.4
972;2021-04-02;896;15;16139;5212;4.5;1.5
972;2021-04-03;789;56;16928;5268;4.7;1.5
972;2021-04-04;751;13;17679;5281;4.9;1.5
972;2021-04-05;829;44;18508;5325;5.2;1.5
972;2021-04-06;885;136;19393;5461;5.4;1.5
972;2021-04-07;1436;327;20829;5788;5.8;1.6
972;2021-04-08;1308;272;22137;6060;6.2;1.7
972;2021-04-09;1240;315;23377;6375;6.5;1.8
972;2021-04-10;838;164;24215;6539;6.7;1.8
972;2021-04-11;620;14;24835;6553;6.9;1.8
972;2021-04-12;868;317;25703;6870;7.2;1.9
972;2021-04-13;881;330;26584;7200;7.4;2.0
972;2021-04-14;960;321;27544;7521;7.7;2.1
972;2021-04-15;959;299;28503;7820;7.9;2.2
972;2021-04-16;996;300;29499;8120;8.2;2.3
972;2021-04-17;530;161;30029;8281;8.4;2.3
972;2021-04-18;339;56;30368;8337;8.5;2.3
972;2021-04-19;668;342;31036;8679;8.7;2.4
972;2021-04-20;868;309;31904;8988;8.9;2.5
972;2021-04-21;1002;354;32906;9342;9.2;2.6
972;2021-04-22;605;311;33511;9653;9.3;2.7
972;2021-04-23;614;465;34125;10118;9.5;2.8
972;2021-04-24;363;197;34488;10315;9.6;2.9
972;2021-04-25;168;199;34656;10514;9.7;2.9
972;2021-04-26;516;541;35172;11055;9.8;3.1
972;2021-04-27;568;607;35740;11662;10.0;3.3
972;2021-04-28;448;690;36188;12352;10.1;3.4
972;2021-04-29;653;642;36841;12994;10.3;3.6
972;2021-04-30;771;686;37612;13680;10.5;3.8
972;2021-05-01;244;246;37856;13926;10.6;3.9
972;2021-05-02;227;513;38083;14439;10.6;4.0
972;2021-05-03;569;771;38652;15210;10.8;4.2
972;2021-05-04;525;678;39177;15888;10.9;4.4
972;2021-05-05;548;896;39725;16784;11.1;4.7
972;2021-05-06;546;785;40271;17569;11.2;4.9
972;2021-05-07;629;1014;40900;18583;11.4;5.2
972;2021-05-08;226;526;41126;19109;11.5;5.3
972;2021-05-09;172;506;41298;19615;11.5;5.5
972;2021-05-10;519;856;41817;20471;11.7;5.7
972;2021-05-11;476;871;42293;21342;11.8;5.9
972;2021-05-12;560;910;42853;22252;11.9;6.2
972;2021-05-13;274;533;43127;22785;12.0;6.4
972;2021-05-14;388;750;43515;23535;12.1;6.6
972;2021-05-15;234;577;43749;24112;12.2;6.7
972;2021-05-16;155;442;43904;24554;12.2;6.8
972;2021-05-17;474;753;44378;25307;12.4;7.1
972;2021-05-18;446;679;44824;25986;12.5;7.2
972;2021-05-19;453;743;45277;26729;12.6;7.5
972;2021-05-20;595;500;45872;27229;12.8;7.6
972;2021-05-21;545;704;46417;27933;12.9;7.8
972;2021-05-22;186;363;46603;28296;13.0;7.9
972;2021-05-23;111;182;46714;28478;13.0;7.9
972;2021-05-24;136;241;46850;28719;13.1;8.0
972;2021-05-25;351;698;47201;29417;13.2;8.2
972;2021-05-26;382;714;47583;30131;13.3;8.4
972;2021-05-27;270;647;47853;30778;13.3;8.6
972;2021-05-28;279;815;48132;31593;13.4;8.8
972;2021-05-29;154;513;48286;32106;13.5;8.9
972;2021-05-30;17;33;48303;32139;13.5;9.0
972;2021-05-31;347;681;48650;32820;13.6;9.1
972;2021-06-01;300;547;48950;33367;13.6;9.3
972;2021-06-02;325;575;49275;33942;13.7;9.5
972;2021-06-03;247;425;49522;34367;13.8;9.6
972;2021-06-04;350;643;49872;35010;13.9;9.8
972;2021-06-05;260;373;50132;35383;14.0;9.9
972;2021-06-06;25;32;50157;35415;14.0;9.9
972;2021-06-07;260;736;50417;36151;14.1;10.1
972;2021-06-08;256;587;50673;36738;14.1;10.2
972;2021-06-09;303;698;50976;37436;14.2;10.4
972;2021-06-10;308;453;51284;37889;14.3;10.6
972;2021-06-11;361;534;51645;38423;14.4;10.7
972;2021-06-12;246;321;51891;38744;14.5;10.8
972;2021-06-13;32;29;51923;38773;14.5;10.8
972;2021-06-14;367;551;52290;39324;14.6;11.0
972;2021-06-15;410;488;52700;39812;14.7;11.1
972;2021-06-16;436;436;53136;40248;14.8;11.2
972;2021-06-17;355;576;53491;40824;14.9;11.4
972;2021-06-18;458;538;53949;41362;15.0;11.5
972;2021-06-19;225;196;54174;41558;15.1;11.6
972;2021-06-20;25;17;54199;41575;15.1;11.6
972;2021-06-21;332;580;54531;42155;15.2;11.8
972;2021-06-22;297;462;54828;42617;15.3;11.9
972;2021-06-23;425;562;55253;43179;15.4;12.0
972;2021-06-24;328;437;55581;43616;15.5;12.2
972;2021-06-25;313;387;55894;44003;15.6;12.3
972;2021-06-26;221;201;56115;44204;15.6;12.3
972;2021-06-27;16;23;56131;44227;15.6;12.3
972;2021-06-28;337;425;56468;44652;15.7;12.4
972;2021-06-29;329;431;56797;45083;15.8;12.6
972;2021-06-30;441;421;57238;45504;16.0;12.7
972;2021-07-01;350;393;57588;45897;16.1;12.8
972;2021-07-02;124;201;57712;46098;16.1;12.8
972;2021-07-03;100;118;57812;46216;16.1;12.9
972;2021-07-04;24;36;57836;46252;16.1;12.9
972;2021-07-05;494;580;58330;46832;16.3;13.1
972;2021-07-06;488;428;58818;47260;16.4;13.2
972;2021-07-07;611;492;59429;47752;16.6;13.3
972;2021-07-08;494;422;59923;48174;16.7;13.4
972;2021-07-09;628;582;60551;48756;16.9;13.6
972;2021-07-10;405;309;60956;49065;17.0;13.7
972;2021-07-11;52;38;61008;49103;17.0;13.7
972;2021-07-12;847;698;61855;49801;17.2;13.9
972;2021-07-13;1473;707;63328;50508;17.7;14.1
972;2021-07-14;133;65;63461;50573;17.7;14.1
972;2021-07-15;1604;679;65065;51252;18.1;14.3
972;2021-07-16;1638;658;66703;51910;18.6;14.5
972;2021-07-17;1096;368;67799;52278;18.9;14.6
972;2021-07-18;56;39;67855;52317;18.9;14.6
972;2021-07-19;1146;654;69001;52971;19.2;14.8
972;2021-07-20;1131;576;70132;53547;19.5;14.9
972;2021-07-21;1093;596;71225;54143;19.9;15.1
972;2021-07-22;905;520;72130;54663;20.1;15.2
972;2021-07-23;965;482;73095;55145;20.4;15.4
972;2021-07-24;505;223;73600;55368;20.5;15.4
972;2021-07-25;51;63;73651;55431;20.5;15.5
972;2021-07-26;685;521;74336;55952;20.7;15.6
972;2021-07-27;1028;513;75364;56465;21.0;15.7
972;2021-07-28;645;561;76009;57026;21.2;15.9
972;2021-07-29;838;547;76847;57573;21.4;16.0
972;2021-07-30;901;616;77748;58189;21.7;16.2
972;2021-07-31;559;274;78307;58463;21.8;16.3
972;2021-08-01;83;33;78390;58496;21.9;16.3
972;2021-08-02;812;813;79202;59309;22.1;16.5
972;2021-08-03;731;739;79933;60048;22.3;16.7
972;2021-08-04;782;568;80715;60616;22.5;16.9
972;2021-08-05;914;589;81629;61205;22.8;17.1
972;2021-08-06;1187;893;82816;62098;23.1;17.3
972;2021-08-07;668;569;83484;62667;23.3;17.5
972;2021-08-08;85;83;83569;62750;23.3;17.5
972;2021-08-09;1124;1063;84693;63813;23.6;17.8
972;2021-08-10;1192;1039;85885;64852;23.9;18.1
972;2021-08-11;1231;919;87116;65771;24.3;18.3
972;2021-08-12;1448;931;88564;66702;24.7;18.6
972;2021-08-13;1280;638;89844;67340;25.0;18.8
972;2021-08-14;778;316;90622;67656;25.3;18.9
972;2021-08-15;70;55;90692;67711;25.3;18.9
972;2021-08-16;1273;1043;91965;68754;25.6;19.2
972;2021-08-17;1166;1186;93131;69940;26.0;19.5
972;2021-08-18;1228;1174;94359;71114;26.3;19.8
972;2021-08-19;1278;889;95637;72003;26.7;20.1
972;2021-08-20;1323;893;96960;72896;27.0;20.3
972;2021-08-21;756;622;97716;73518;27.2;20.5
972;2021-08-22;47;82;97763;73600;27.3;20.5
972;2021-08-23;1173;856;98936;74456;27.6;20.8
972;2021-08-24;1364;878;100300;75334;28.0;21.0
972;2021-08-25;1065;767;101365;76101;28.3;21.2
972;2021-08-26;1276;799;102641;76900;28.6;21.4
972;2021-08-27;1264;1075;103905;77975;29.0;21.7
972;2021-08-28;761;747;104666;78722;29.2;21.9
972;2021-08-29;98;63;104764;78785;29.2;22.0
972;2021-08-30;1127;1118;105891;79903;29.5;22.3
972;2021-08-31;890;1103;106781;81006;29.8;22.6
972;2021-09-01;773;1124;107554;82130;30.0;22.9
972;2021-09-02;790;1194;108344;83324;30.2;23.2
973;2020-12-27;0;0;0;0;0.0;0.0
973;2020-12-28;0;0;0;0;0.0;0.0
973;2020-12-29;0;0;0;0;0.0;0.0
973;2020-12-30;0;0;0;0;0.0;0.0
973;2020-12-31;0;0;0;0;0.0;0.0
973;2021-01-01;0;0;0;0;0.0;0.0
973;2021-01-02;1;1;1;1;0.0;0.0
973;2021-01-03;0;0;1;1;0.0;0.0
973;2021-01-04;0;0;1;1;0.0;0.0
973;2021-01-05;0;0;1;1;0.0;0.0
973;2021-01-06;0;0;1;1;0.0;0.0
973;2021-01-07;0;0;1;1;0.0;0.0
973;2021-01-08;0;0;1;1;0.0;0.0
973;2021-01-09;0;0;1;1;0.0;0.0
973;2021-01-10;0;0;1;1;0.0;0.0
973;2021-01-11;0;0;1;1;0.0;0.0
973;2021-01-12;0;0;1;1;0.0;0.0
973;2021-01-13;30;0;31;1;0.0;0.0
973;2021-01-14;46;0;77;1;0.0;0.0
973;2021-01-15;35;0;112;1;0.0;0.0
973;2021-01-16;18;1;130;2;0.0;0.0
973;2021-01-17;0;0;130;2;0.0;0.0
973;2021-01-18;63;0;193;2;0.1;0.0
973;2021-01-19;150;1;343;3;0.1;0.0
973;2021-01-20;134;0;477;3;0.2;0.0
973;2021-01-21;118;0;595;3;0.2;0.0
973;2021-01-22;76;0;671;3;0.2;0.0
973;2021-01-23;0;0;671;3;0.2;0.0
973;2021-01-24;0;0;671;3;0.2;0.0
973;2021-01-25;56;0;727;3;0.3;0.0
973;2021-01-26;100;2;827;5;0.3;0.0
973;2021-01-27;109;1;936;6;0.3;0.0
973;2021-01-28;96;3;1032;9;0.4;0.0
973;2021-01-29;104;3;1136;12;0.4;0.0
973;2021-01-30;0;0;1136;12;0.4;0.0
973;2021-01-31;0;0;1136;12;0.4;0.0
973;2021-02-01;54;0;1190;12;0.4;0.0
973;2021-02-02;122;5;1312;17;0.5;0.0
973;2021-02-03;119;7;1431;24;0.5;0.0
973;2021-02-04;79;25;1510;49;0.5;0.0
973;2021-02-05;66;8;1576;57;0.5;0.0
973;2021-02-06;0;0;1576;57;0.5;0.0
973;2021-02-07;0;0;1576;57;0.5;0.0
973;2021-02-08;52;12;1628;69;0.6;0.0
973;2021-02-09;92;38;1720;107;0.6;0.0
973;2021-02-10;101;41;1821;148;0.6;0.1
973;2021-02-11;105;93;1926;241;0.7;0.1
973;2021-02-12;89;62;2015;303;0.7;0.1
973;2021-02-13;0;0;2015;303;0.7;0.1
973;2021-02-14;0;0;2015;303;0.7;0.1
973;2021-02-15;27;64;2042;367;0.7;0.1
973;2021-02-16;123;51;2165;418;0.7;0.1
973;2021-02-17;145;117;2310;535;0.8;0.2
973;2021-02-18;103;135;2413;670;0.8;0.2
973;2021-02-19;122;71;2535;741;0.9;0.3
973;2021-02-20;0;0;2535;741;0.9;0.3
973;2021-02-21;0;0;2535;741;0.9;0.3
973;2021-02-22;78;48;2613;789;0.9;0.3
973;2021-02-23;158;103;2771;892;1.0;0.3
973;2021-02-24;190;122;2961;1014;1.0;0.3
973;2021-02-25;259;90;3220;1104;1.1;0.4
973;2021-02-26;264;69;3484;1173;1.2;0.4
973;2021-02-27;120;1;3604;1174;1.2;0.4
973;2021-02-28;0;0;3604;1174;1.2;0.4
973;2021-03-01;182;87;3786;1261;1.3;0.4
973;2021-03-02;256;106;4042;1367;1.4;0.5
973;2021-03-03;255;131;4297;1498;1.5;0.5
973;2021-03-04;281;84;4578;1582;1.6;0.5
973;2021-03-05;274;48;4852;1630;1.7;0.6
973;2021-03-06;118;2;4970;1632;1.7;0.6
973;2021-03-07;0;0;4970;1632;1.7;0.6
973;2021-03-08;188;40;5158;1672;1.8;0.6
973;2021-03-09;351;92;5509;1764;1.9;0.6
973;2021-03-10;359;105;5868;1869;2.0;0.6
973;2021-03-11;271;111;6139;1980;2.1;0.7
973;2021-03-12;288;94;6427;2074;2.2;0.7
973;2021-03-13;112;4;6539;2078;2.2;0.7
973;2021-03-14;0;0;6539;2078;2.2;0.7
973;2021-03-15;181;27;6720;2105;2.3;0.7
973;2021-03-16;243;139;6963;2244;2.4;0.8
973;2021-03-17;274;128;7237;2372;2.5;0.8
973;2021-03-18;249;155;7486;2527;2.6;0.9
973;2021-03-19;283;129;7769;2656;2.7;0.9
973;2021-03-20;259;18;8028;2674;2.8;0.9
973;2021-03-21;119;2;8147;2676;2.8;0.9
973;2021-03-22;219;109;8366;2785;2.9;1.0
973;2021-03-23;275;194;8641;2979;3.0;1.0
973;2021-03-24;235;215;8876;3194;3.1;1.1
973;2021-03-25;168;180;9044;3374;3.1;1.2
973;2021-03-26;190;306;9234;3680;3.2;1.3
973;2021-03-27;58;94;9292;3774;3.2;1.3
973;2021-03-28;0;0;9292;3774;3.2;1.3
973;2021-03-29;175;248;9467;4022;3.3;1.4
973;2021-03-30;445;237;9912;4259;3.4;1.5
973;2021-03-31;319;293;10231;4552;3.5;1.6
973;2021-04-01;446;260;10677;4812;3.7;1.7
973;2021-04-02;310;278;10987;5090;3.8;1.8
973;2021-04-03;159;121;11146;5211;3.8;1.8
973;2021-04-04;1;0;11147;5211;3.8;1.8
973;2021-04-05;118;14;11265;5225;3.9;1.8
973;2021-04-06;439;335;11704;5560;4.0;1.9
973;2021-04-07;503;345;12207;5905;4.2;2.0
973;2021-04-08;514;269;12721;6174;4.4;2.1
973;2021-04-09;497;226;13218;6400;4.5;2.2
973;2021-04-10;147;91;13365;6491;4.6;2.2
973;2021-04-11;2;0;13367;6491;4.6;2.2
973;2021-04-12;551;267;13918;6758;4.8;2.3
973;2021-04-13;673;244;14591;7002;5.0;2.4
973;2021-04-14;721;314;15312;7316;5.3;2.5
973;2021-04-15;777;247;16089;7563;5.5;2.6
973;2021-04-16;760;302;16849;7865;5.8;2.7
973;2021-04-17;499;136;17348;8001;6.0;2.8
973;2021-04-18;499;46;17847;8047;6.1;2.8
973;2021-04-19;715;252;18562;8299;6.4;2.9
973;2021-04-20;607;280;19169;8579;6.6;3.0
973;2021-04-21;873;251;20042;8830;6.9;3.0
973;2021-04-22;727;231;20769;9061;7.1;3.1
973;2021-04-23;705;232;21474;9293;7.4;3.2
973;2021-04-24;524;97;21998;9390;7.6;3.2
973;2021-04-25;611;50;22609;9440;7.8;3.2
973;2021-04-26;780;233;23389;9673;8.0;3.3
973;2021-04-27;819;344;24208;10017;8.3;3.4
973;2021-04-28;746;332;24954;10349;8.6;3.6
973;2021-04-29;665;285;25619;10634;8.8;3.7
973;2021-04-30;710;260;26329;10894;9.1;3.7
973;2021-05-01;211;27;26540;10921;9.1;3.8
973;2021-05-02;602;85;27142;11006;9.3;3.8
973;2021-05-03;556;391;27698;11397;9.5;3.9
973;2021-05-04;665;326;28363;11723;9.8;4.0
973;2021-05-05;701;453;29064;12176;10.0;4.2
973;2021-05-06;694;477;29758;12653;10.2;4.4
973;2021-05-07;595;473;30353;13126;10.4;4.5
973;2021-05-08;343;59;30696;13185;10.6;4.5
973;2021-05-09;263;72;30959;13257;10.7;4.6
973;2021-05-10;439;611;31398;13868;10.8;4.8
973;2021-05-11;398;497;31796;14365;10.9;4.9
973;2021-05-12;513;647;32309;15012;11.1;5.2
973;2021-05-13;334;99;32643;15111;11.2;5.2
973;2021-05-14;486;555;33129;15666;11.4;5.4
973;2021-05-15;258;348;33387;16014;11.5;5.5
973;2021-05-16;207;210;33594;16224;11.6;5.6
973;2021-05-17;447;599;34041;16823;11.7;5.8
973;2021-05-18;563;568;34604;17391;11.9;6.0
973;2021-05-19;534;553;35138;17944;12.1;6.2
973;2021-05-20;643;452;35781;18396;12.3;6.3
973;2021-05-21;502;609;36283;19005;12.5;6.5
973;2021-05-22;167;500;36450;19505;12.5;6.7
973;2021-05-23;271;474;36721;19979;12.6;6.9
973;2021-05-24;562;248;37283;20227;12.8;7.0
973;2021-05-25;500;745;37783;20972;13.0;7.2
973;2021-05-26;452;683;38235;21655;13.2;7.4
973;2021-05-27;707;527;38942;22182;13.4;7.6
973;2021-05-28;580;553;39522;22735;13.6;7.8
973;2021-05-29;258;360;39780;23095;13.7;7.9
973;2021-05-30;151;399;39931;23494;13.7;8.1
973;2021-05-31;356;574;40287;24068;13.9;8.3
973;2021-06-01;421;467;40708;24535;14.0;8.4
973;2021-06-02;564;555;41272;25090;14.2;8.6
973;2021-06-03;526;470;41798;25560;14.4;8.8
973;2021-06-04;603;495;42401;26055;14.6;9.0
973;2021-06-05;273;292;42674;26347;14.7;9.1
973;2021-06-06;211;301;42885;26648;14.8;9.2
973;2021-06-07;489;452;43374;27100;14.9;9.3
973;2021-06-08;547;314;43921;27414;15.1;9.4
973;2021-06-09;521;389;44442;27803;15.3;9.6
973;2021-06-10;357;291;44799;28094;15.4;9.7
973;2021-06-11;434;467;45233;28561;15.6;9.8
973;2021-06-12;170;283;45403;28844;15.6;9.9
973;2021-06-13;214;268;45617;29112;15.7;10.0
973;2021-06-14;377;549;45994;29661;15.8;10.2
973;2021-06-15;376;445;46370;30106;16.0;10.4
973;2021-06-16;486;459;46856;30565;16.1;10.5
973;2021-06-17;437;579;47293;31144;16.3;10.7
973;2021-06-18;394;563;47687;31707;16.4;10.9
973;2021-06-19;235;260;47922;31967;16.5;11.0
973;2021-06-20;127;270;48049;32237;16.5;11.1
973;2021-06-21;332;603;48381;32840;16.6;11.3
973;2021-06-22;373;463;48754;33303;16.8;11.5
973;2021-06-23;344;539;49098;33842;16.9;11.6
973;2021-06-24;443;500;49541;34342;17.0;11.8
973;2021-06-25;444;557;49985;34899;17.2;12.0
973;2021-06-26;172;320;50157;35219;17.3;12.1
973;2021-06-27;121;170;50278;35389;17.3;12.2
973;2021-06-28;317;593;50595;35982;17.4;12.4
973;2021-06-29;379;507;50974;36489;17.5;12.6
973;2021-06-30;411;680;51385;37169;17.7;12.8
973;2021-07-01;424;399;51809;37568;17.8;12.9
973;2021-07-02;503;524;52312;38092;18.0;13.1
973;2021-07-03;209;274;52521;38366;18.1;13.2
973;2021-07-04;86;243;52607;38609;18.1;13.3
973;2021-07-05;360;547;52967;39156;18.2;13.5
973;2021-07-06;349;473;53316;39629;18.3;13.6
973;2021-07-07;360;415;53676;40044;18.5;13.8
973;2021-07-08;298;329;53974;40373;18.6;13.9
973;2021-07-09;389;435;54363;40808;18.7;14.0
973;2021-07-10;167;278;54530;41086;18.8;14.1
973;2021-07-11;102;163;54632;41249;18.8;14.2
973;2021-07-12;401;497;55033;41746;18.9;14.4
973;2021-07-13;669;560;55702;42306;19.2;14.6
973;2021-07-14;390;161;56092;42467;19.3;14.6
973;2021-07-15;648;527;56740;42994;19.5;14.8
973;2021-07-16;593;486;57333;43480;19.7;15.0
973;2021-07-17;346;285;57679;43765;19.8;15.1
973;2021-07-18;252;123;57931;43888;19.9;15.1
973;2021-07-19;518;457;58449;44345;20.1;15.3
973;2021-07-20;557;494;59006;44839;20.3;15.4
973;2021-07-21;678;398;59684;45237;20.5;15.6
973;2021-07-22;653;453;60337;45690;20.8;15.7
973;2021-07-23;593;368;60930;46058;21.0;15.8
973;2021-07-24;327;241;61257;46299;21.1;15.9
973;2021-07-25;165;111;61422;46410;21.1;16.0
973;2021-07-26;442;346;61864;46756;21.3;16.1
973;2021-07-27;536;357;62400;47113;21.5;16.2
973;2021-07-28;444;371;62844;47484;21.6;16.3
973;2021-07-29;534;431;63378;47915;21.8;16.5
973;2021-07-30;538;407;63916;48322;22.0;16.6
973;2021-07-31;204;163;64120;48485;22.1;16.7
973;2021-08-01;139;132;64259;48617;22.1;16.7
973;2021-08-02;395;431;64654;49048;22.2;16.9
973;2021-08-03;432;402;65086;49450;22.4;17.0
973;2021-08-04;306;372;65392;49822;22.5;17.1
973;2021-08-05;340;361;65732;50183;22.6;17.3
973;2021-08-06;362;523;66094;50706;22.7;17.4
973;2021-08-07;163;268;66257;50974;22.8;17.5
973;2021-08-08;117;177;66374;51151;22.8;17.6
973;2021-08-09;330;473;66704;51624;22.9;17.8
973;2021-08-10;358;515;67062;52139;23.1;17.9
973;2021-08-11;531;515;67593;52654;23.3;18.1
973;2021-08-12;538;580;68131;53234;23.4;18.3
973;2021-08-13;350;234;68481;53468;23.6;18.4
973;2021-08-14;254;401;68735;53869;23.6;18.5
973;2021-08-15;121;139;68856;54008;23.7;18.6
973;2021-08-16;303;471;69159;54479;23.8;18.7
973;2021-08-17;352;397;69511;54876;23.9;18.9
973;2021-08-18;294;440;69805;55316;24.0;19.0
973;2021-08-19;318;480;70123;55796;24.1;19.2
973;2021-08-20;305;401;70428;56197;24.2;19.3
973;2021-08-21;159;256;70587;56453;24.3;19.4
973;2021-08-22;114;183;70701;56636;24.3;19.5
973;2021-08-23;279;380;70980;57016;24.4;19.6
973;2021-08-24;307;465;71287;57481;24.5;19.8
973;2021-08-25;274;343;71561;57824;24.6;19.9
973;2021-08-26;308;401;71869;58225;24.7;20.0
973;2021-08-27;348;426;72217;58651;24.8;20.2
973;2021-08-28;141;265;72358;58916;24.9;20.3
973;2021-08-29;83;184;72441;59100;24.9;20.3
973;2021-08-30;218;347;72659;59447;25.0;20.5
973;2021-08-31;287;366;72946;59813;25.1;20.6
973;2021-09-01;251;397;73197;60210;25.2;20.7
973;2021-09-02;274;403;73471;60613;25.3;20.9
974;2020-12-27;0;0;0;0;0.0;0.0
974;2020-12-28;0;0;0;0;0.0;0.0
974;2020-12-29;0;0;0;0;0.0;0.0
974;2020-12-30;0;0;0;0;0.0;0.0
974;2020-12-31;0;0;0;0;0.0;0.0
974;2021-01-01;1;0;1;0;0.0;0.0
974;2021-01-02;0;0;1;0;0.0;0.0
974;2021-01-03;0;0;1;0;0.0;0.0
974;2021-01-04;0;0;1;0;0.0;0.0
974;2021-01-05;2;0;3;0;0.0;0.0
974;2021-01-06;0;0;3;0;0.0;0.0
974;2021-01-07;0;0;3;0;0.0;0.0
974;2021-01-08;0;0;3;0;0.0;0.0
974;2021-01-09;1;0;4;0;0.0;0.0
974;2021-01-10;0;0;4;0;0.0;0.0
974;2021-01-11;0;0;4;0;0.0;0.0
974;2021-01-12;0;0;4;0;0.0;0.0
974;2021-01-13;0;0;4;0;0.0;0.0
974;2021-01-14;0;0;4;0;0.0;0.0
974;2021-01-15;333;0;337;0;0.0;0.0
974;2021-01-16;27;0;364;0;0.0;0.0
974;2021-01-17;0;0;364;0;0.0;0.0
974;2021-01-18;49;1;413;1;0.0;0.0
974;2021-01-19;394;0;807;1;0.1;0.0
974;2021-01-20;482;1;1289;2;0.1;0.0
974;2021-01-21;614;2;1903;4;0.2;0.0
974;2021-01-22;414;1;2317;5;0.3;0.0
974;2021-01-23;75;0;2392;5;0.3;0.0
974;2021-01-24;0;0;2392;5;0.3;0.0
974;2021-01-25;273;2;2665;7;0.3;0.0
974;2021-01-26;429;0;3094;7;0.4;0.0
974;2021-01-27;316;0;3410;7;0.4;0.0
974;2021-01-28;409;0;3819;7;0.4;0.0
974;2021-01-29;422;3;4241;10;0.5;0.0
974;2021-01-30;421;1;4662;11;0.5;0.0
974;2021-01-31;0;0;4662;11;0.5;0.0
974;2021-02-01;373;4;5035;15;0.6;0.0
974;2021-02-02;500;4;5535;19;0.6;0.0
974;2021-02-03;602;13;6137;32;0.7;0.0
974;2021-02-04;629;20;6766;52;0.8;0.0
974;2021-02-05;564;97;7330;149;0.9;0.0
974;2021-02-06;501;5;7831;154;0.9;0.0
974;2021-02-07;0;8;7831;162;0.9;0.0
974;2021-02-08;470;34;8301;196;1.0;0.0
974;2021-02-09;787;93;9088;289;1.1;0.0
974;2021-02-10;820;87;9908;376;1.2;0.0
974;2021-02-11;796;88;10704;464;1.2;0.1
974;2021-02-12;638;93;11342;557;1.3;0.1
974;2021-02-13;654;75;11996;632;1.4;0.1
974;2021-02-14;1;0;11997;632;1.4;0.1
974;2021-02-15;526;127;12523;759;1.5;0.1
974;2021-02-16;651;533;13174;1292;1.5;0.2
974;2021-02-17;593;325;13767;1617;1.6;0.2
974;2021-02-18;495;402;14262;2019;1.7;0.2
974;2021-02-19;497;318;14759;2337;1.7;0.3
974;2021-02-20;577;114;15336;2451;1.8;0.3
974;2021-02-21;0;0;15336;2451;1.8;0.3
974;2021-02-22;403;234;15739;2685;1.8;0.3
974;2021-02-23;608;233;16347;2918;1.9;0.3
974;2021-02-24;584;249;16931;3167;2.0;0.4
974;2021-02-25;649;287;17580;3454;2.0;0.4
974;2021-02-26;485;460;18065;3914;2.1;0.5
974;2021-02-27;384;463;18449;4377;2.1;0.5
974;2021-02-28;0;0;18449;4377;2.1;0.5
974;2021-03-01;293;380;18742;4757;2.2;0.6
974;2021-03-02;486;489;19228;5246;2.2;0.6
974;2021-03-03;757;532;19985;5778;2.3;0.7
974;2021-03-04;777;490;20762;6268;2.4;0.7
974;2021-03-05;729;515;21491;6783;2.5;0.8
974;2021-03-06;812;520;22303;7303;2.6;0.8
974;2021-03-07;0;0;22303;7303;2.6;0.8
974;2021-03-08;436;551;22739;7854;2.6;0.9
974;2021-03-09;671;766;23410;8620;2.7;1.0
974;2021-03-10;643;832;24053;9452;2.8;1.1
974;2021-03-11;701;625;24754;10077;2.9;1.2
974;2021-03-12;731;650;25485;10727;3.0;1.2
974;2021-03-13;669;600;26154;11327;3.0;1.3
974;2021-03-14;2;0;26156;11327;3.0;1.3
974;2021-03-15;509;491;26665;11818;3.1;1.4
974;2021-03-16;681;689;27346;12507;3.2;1.5
974;2021-03-17;848;520;28194;13027;3.3;1.5
974;2021-03-18;1021;504;29215;13531;3.4;1.6
974;2021-03-19;786;528;30001;14059;3.5;1.6
974;2021-03-20;578;591;30579;14650;3.6;1.7
974;2021-03-21;0;0;30579;14650;3.6;1.7
974;2021-03-22;566;467;31145;15117;3.6;1.8
974;2021-03-23;780;636;31925;15753;3.7;1.8
974;2021-03-24;792;643;32717;16396;3.8;1.9
974;2021-03-25;934;538;33651;16934;3.9;2.0
974;2021-03-26;922;449;34573;17383;4.0;2.0
974;2021-03-27;782;336;35355;17719;4.1;2.1
974;2021-03-28;1;0;35356;17719;4.1;2.1
974;2021-03-29;961;270;36317;17989;4.2;2.1
974;2021-03-30;884;495;37201;18484;4.3;2.1
974;2021-03-31;739;657;37940;19141;4.4;2.2
974;2021-04-01;718;705;38658;19846;4.5;2.3
974;2021-04-02;688;756;39346;20602;4.6;2.4
974;2021-04-03;699;698;40045;21300;4.7;2.5
974;2021-04-04;0;0;40045;21300;4.7;2.5
974;2021-04-05;0;0;40045;21300;4.7;2.5
974;2021-04-06;796;635;40841;21935;4.7;2.6
974;2021-04-07;1368;782;42209;22717;4.9;2.6
974;2021-04-08;1792;769;44001;23486;5.1;2.7
974;2021-04-09;1509;775;45510;24261;5.3;2.8
974;2021-04-10;1137;646;46647;24907;5.4;2.9
974;2021-04-11;2;0;46649;24907;5.4;2.9
974;2021-04-12;1238;546;47887;25453;5.6;3.0
974;2021-04-13;1439;751;49326;26204;5.7;3.0
974;2021-04-14;2070;766;51396;26970;6.0;3.1
974;2021-04-15;2506;954;53902;27924;6.3;3.2
974;2021-04-16;1935;783;55837;28707;6.5;3.3
974;2021-04-17;1290;603;57127;29310;6.6;3.4
974;2021-04-18;0;0;57127;29310;6.6;3.4
974;2021-04-19;1374;563;58501;29873;6.8;3.5
974;2021-04-20;1651;805;60152;30678;7.0;3.6
974;2021-04-21;2126;626;62278;31304;7.2;3.6
974;2021-04-22;2953;821;65231;32125;7.6;3.7
974;2021-04-23;2312;818;67543;32943;7.9;3.8
974;2021-04-24;1110;804;68653;33747;8.0;3.9
974;2021-04-25;3;0;68656;33747;8.0;3.9
974;2021-04-26;1173;913;69829;34660;8.1;4.0
974;2021-04-27;1686;1027;71515;35687;8.3;4.1
974;2021-04-28;2901;750;74416;36437;8.7;4.2
974;2021-04-29;3949;814;78365;37251;9.1;4.3
974;2021-04-30;3450;905;81815;38156;9.5;4.4
974;2021-05-01;2106;226;83921;38382;9.8;4.5
974;2021-05-02;1;0;83922;38382;9.8;4.5
974;2021-05-03;1865;575;85787;38957;10.0;4.5
974;2021-05-04;2127;1093;87914;40050;10.2;4.7
974;2021-05-05;3121;1643;91035;41693;10.6;4.8
974;2021-05-06;4004;1586;95039;43279;11.1;5.0
974;2021-05-07;3229;1524;98268;44803;11.4;5.2
974;2021-05-08;1576;503;99844;45306;11.6;5.3
974;2021-05-09;2;1;99846;45307;11.6;5.3
974;2021-05-10;2414;1000;102260;46307;11.9;5.4
974;2021-05-11;3652;1640;105912;47947;12.3;5.6
974;2021-05-12;4723;2405;110635;50352;12.9;5.9
974;2021-05-13;3556;598;114191;50950;13.3;5.9
974;2021-05-14;5277;2515;119468;53465;13.9;6.2
974;2021-05-15;3158;1536;122626;55001;14.3;6.4
974;2021-05-16;16;19;122642;55020;14.3;6.4
974;2021-05-17;2998;1497;125640;56517;14.6;6.6
974;2021-05-18;3765;1803;129405;58320;15.0;6.8
974;2021-05-19;4692;2435;134097;60755;15.6;7.1
974;2021-05-20;5139;2854;139236;63609;16.2;7.4
974;2021-05-21;4996;2633;144232;66242;16.8;7.7
974;2021-05-22;3371;1257;147603;67499;17.2;7.8
974;2021-05-23;5;3;147608;67502;17.2;7.8
974;2021-05-24;3644;1078;151252;68580;17.6;8.0
974;2021-05-25;4247;1915;155499;70495;18.1;8.2
974;2021-05-26;4992;2992;160491;73487;18.7;8.5
974;2021-05-27;4619;4100;165110;77587;19.2;9.0
974;2021-05-28;4386;3835;169496;81422;19.7;9.5
974;2021-05-29;2555;2455;172051;83877;20.0;9.8
974;2021-05-30;8;14;172059;83891;20.0;9.8
974;2021-05-31;2348;2252;174407;86143;20.3;10.0
974;2021-06-01;3302;2760;177709;88903;20.7;10.3
974;2021-06-02;3971;3364;181680;92267;21.1;10.7
974;2021-06-03;4044;3651;185724;95918;21.6;11.2
974;2021-06-04;3849;3757;189573;99675;22.0;11.6
974;2021-06-05;2214;1928;191787;101603;22.3;11.8
974;2021-06-06;1073;134;192860;101737;22.4;11.8
974;2021-06-07;2013;2525;194873;104262;22.7;12.1
974;2021-06-08;2558;3339;197431;107601;23.0;12.5
974;2021-06-09;2984;4837;200415;112438;23.3;13.1
974;2021-06-10;3413;4465;203828;116903;23.7;13.6
974;2021-06-11;2841;4621;206669;121524;24.0;14.1
974;2021-06-12;1727;3376;208396;124900;24.2;14.5
974;2021-06-13;1324;246;209720;125146;24.4;14.6
974;2021-06-14;1490;3183;211210;128329;24.6;14.9
974;2021-06-15;2060;3615;213270;131944;24.8;15.3
974;2021-06-16;2751;4657;216021;136601;25.1;15.9
974;2021-06-17;2522;4894;218543;141495;25.4;16.5
974;2021-06-18;2598;4891;221141;146386;25.7;17.0
974;2021-06-19;1304;3517;222445;149903;25.9;17.4
974;2021-06-20;632;289;223077;150192;25.9;17.5
974;2021-06-21;1266;3234;224343;153426;26.1;17.8
974;2021-06-22;1623;3763;225966;157189;26.3;18.3
974;2021-06-23;2258;4995;228224;162184;26.5;18.9
974;2021-06-24;2283;4070;230507;166254;26.8;19.3
974;2021-06-25;2188;4106;232695;170360;27.1;19.8
974;2021-06-26;1401;2710;234096;173070;27.2;20.1
974;2021-06-27;665;268;234761;173338;27.3;20.2
974;2021-06-28;1307;2478;236068;175816;27.5;20.4
974;2021-06-29;1758;2847;237826;178663;27.7;20.8
974;2021-06-30;2563;3846;240389;182509;28.0;21.2
974;2021-07-01;2699;3825;243088;186334;28.3;21.7
974;2021-07-02;2513;3714;245601;190048;28.6;22.1
974;2021-07-03;1614;2459;247215;192507;28.7;22.4
974;2021-07-04;882;1039;248097;193546;28.8;22.5
974;2021-07-05;1696;2222;249793;195768;29.0;22.8
974;2021-07-06;2575;2544;252368;198312;29.3;23.1
974;2021-07-07;2663;3134;255031;201446;29.7;23.4
974;2021-07-08;2418;3173;257449;204619;29.9;23.8
974;2021-07-09;2762;3429;260211;208048;30.3;24.2
974;2021-07-10;1619;2192;261830;210240;30.4;24.4
974;2021-07-11;729;1017;262559;211257;30.5;24.6
974;2021-07-12;1747;2603;264306;213860;30.7;24.9
974;2021-07-13;4430;3340;268736;217200;31.2;25.3
974;2021-07-14;3296;605;272032;217805;31.6;25.3
974;2021-07-15;5557;4019;277589;221824;32.3;25.8
974;2021-07-16;6238;3299;283827;225123;33.0;26.2
974;2021-07-17;4373;1912;288200;227035;33.5;26.4
974;2021-07-18;2673;765;290873;227800;33.8;26.5
974;2021-07-19;4651;2030;295524;229830;34.4;26.7
974;2021-07-20;6233;2426;301757;232256;35.1;27.0
974;2021-07-21;6742;2854;308499;235110;35.9;27.3
974;2021-07-22;7143;2813;315642;237923;36.7;27.7
974;2021-07-23;6640;2982;322282;240905;37.5;28.0
974;2021-07-24;3800;2062;326082;242967;37.9;28.3
974;2021-07-25;2521;756;328603;243723;38.2;28.3
974;2021-07-26;4373;2092;332976;245815;38.7;28.6
974;2021-07-27;5440;2560;338416;248375;39.4;28.9
974;2021-07-28;5393;2904;343809;251279;40.0;29.2
974;2021-07-29;5745;2803;349554;254082;40.6;29.5
974;2021-07-30;5872;2577;355426;256659;41.3;29.8
974;2021-07-31;3938;1645;359364;258304;41.8;30.0
974;2021-08-01;1905;713;361269;259017;42.0;30.1
974;2021-08-02;3403;1867;364672;260884;42.4;30.3
974;2021-08-03;4298;4073;368970;264957;42.9;30.8
974;2021-08-04;4872;4230;373842;269187;43.5;31.3
974;2021-08-05;4435;4667;378277;273854;44.0;31.8
974;2021-08-06;4073;5098;382350;278952;44.5;32.4
974;2021-08-07;2745;4041;385095;282993;44.8;32.9
974;2021-08-08;1476;2263;386571;285256;45.0;33.2
974;2021-08-09;2562;4527;389133;289783;45.3;33.7
974;2021-08-10;3778;4964;392911;294747;45.7;34.3
974;2021-08-11;4600;5436;397511;300183;46.2;34.9
974;2021-08-12;4694;5921;402205;306104;46.8;35.6
974;2021-08-13;4445;5838;406650;311942;47.3;36.3
974;2021-08-14;2569;4327;409219;316269;47.6;36.8
974;2021-08-15;1566;2178;410785;318447;47.8;37.0
974;2021-08-16;2329;4176;413114;322623;48.0;37.5
974;2021-08-17;3137;4530;416251;327153;48.4;38.0
974;2021-08-18;3310;5896;419561;333049;48.8;38.7
974;2021-08-19;3278;4900;422839;337949;49.2;39.3
974;2021-08-20;3413;5270;426252;343219;49.6;39.9
974;2021-08-21;1803;4617;428055;347836;49.8;40.4
974;2021-08-22;1016;1941;429071;349777;49.9;40.7
974;2021-08-23;1790;3326;430861;353103;50.1;41.1
974;2021-08-24;2431;3775;433292;356878;50.4;41.5
974;2021-08-25;2874;5201;436166;362079;50.7;42.1
974;2021-08-26;2651;3861;438817;365940;51.0;42.6
974;2021-08-27;2760;3999;441577;369939;51.3;43.0
974;2021-08-28;1826;3868;443403;373807;51.6;43.5
974;2021-08-29;735;1573;444138;375380;51.6;43.7
974;2021-08-30;1555;2532;445693;377912;51.8;43.9
974;2021-08-31;1841;3342;447534;381254;52.0;44.3
974;2021-09-01;2337;4889;449871;386143;52.3;44.9
974;2021-09-02;2199;4305;452070;390448;52.6;45.4
975;2020-12-27;0;0;0;0;0.0;0.0
975;2020-12-28;0;0;0;0;0.0;0.0
975;2020-12-29;0;0;0;0;0.0;0.0
975;2020-12-30;0;0;0;0;0.0;0.0
975;2020-12-31;0;0;0;0;0.0;0.0
975;2021-01-01;0;0;0;0;0.0;0.0
975;2021-01-02;0;0;0;0;0.0;0.0
975;2021-01-03;0;0;0;0;0.0;0.0
975;2021-01-04;0;0;0;0;0.0;0.0
975;2021-01-05;0;0;0;0;0.0;0.0
975;2021-01-06;0;0;0;0;0.0;0.0
975;2021-01-07;0;0;0;0;0.0;0.0
975;2021-01-08;0;0;0;0;0.0;0.0
975;2021-01-09;0;0;0;0;0.0;0.0
975;2021-01-10;0;0;0;0;0.0;0.0
975;2021-01-11;0;0;0;0;0.0;0.0
975;2021-01-12;0;0;0;0;0.0;0.0
975;2021-01-13;0;0;0;0;0.0;0.0
975;2021-01-14;0;0;0;0;0.0;0.0
975;2021-01-15;0;0;0;0;0.0;0.0
975;2021-01-16;0;0;0;0;0.0;0.0
975;2021-01-17;0;0;0;0;0.0;0.0
975;2021-01-18;0;0;0;0;0.0;0.0
975;2021-01-19;0;0;0;0;0.0;0.0
975;2021-01-20;0;0;0;0;0.0;0.0
975;2021-01-21;0;0;0;0;0.0;0.0
975;2021-01-22;0;0;0;0;0.0;0.0
975;2021-01-23;0;0;0;0;0.0;0.0
975;2021-01-24;0;0;0;0;0.0;0.0
975;2021-01-25;0;0;0;0;0.0;0.0
975;2021-01-26;0;0;0;0;0.0;0.0
975;2021-01-27;0;0;0;0;0.0;0.0
975;2021-01-28;0;0;0;0;0.0;0.0
975;2021-01-29;0;0;0;0;0.0;0.0
975;2021-01-30;0;0;0;0;0.0;0.0
975;2021-01-31;0;0;0;0;0.0;0.0
975;2021-02-01;0;0;0;0;0.0;0.0
975;2021-02-02;0;0;0;0;0.0;0.0
975;2021-02-03;0;0;0;0;0.0;0.0
975;2021-02-04;0;0;0;0;0.0;0.0
975;2021-02-05;0;0;0;0;0.0;0.0
975;2021-02-06;0;0;0;0;0.0;0.0
975;2021-02-07;0;0;0;0;0.0;0.0
975;2021-02-08;0;0;0;0;0.0;0.0
975;2021-02-09;0;0;0;0;0.0;0.0
975;2021-02-10;0;0;0;0;0.0;0.0
975;2021-02-11;0;0;0;0;0.0;0.0
975;2021-02-12;0;0;0;0;0.0;0.0
975;2021-02-13;0;0;0;0;0.0;0.0
975;2021-02-14;0;0;0;0;0.0;0.0
975;2021-02-15;0;0;0;0;0.0;0.0
975;2021-02-16;0;0;0;0;0.0;0.0
975;2021-02-17;0;0;0;0;0.0;0.0
975;2021-02-18;0;0;0;0;0.0;0.0
975;2021-02-19;0;0;0;0;0.0;0.0
975;2021-02-20;0;0;0;0;0.0;0.0
975;2021-02-21;0;0;0;0;0.0;0.0
975;2021-02-22;0;0;0;0;0.0;0.0
975;2021-02-23;0;0;0;0;0.0;0.0
975;2021-02-24;0;0;0;0;0.0;0.0
975;2021-02-25;0;0;0;0;0.0;0.0
975;2021-02-26;0;0;0;0;0.0;0.0
975;2021-02-27;0;0;0;0;0.0;0.0
975;2021-02-28;0;0;0;0;0.0;0.0
975;2021-03-01;0;0;0;0;0.0;0.0
975;2021-03-02;0;0;0;0;0.0;0.0
975;2021-03-03;0;0;0;0;0.0;0.0
975;2021-03-04;0;0;0;0;0.0;0.0
975;2021-03-05;0;0;0;0;0.0;0.0
975;2021-03-06;0;0;0;0;0.0;0.0
975;2021-03-07;0;0;0;0;0.0;0.0
975;2021-03-08;0;0;0;0;0.0;0.0
975;2021-03-09;0;0;0;0;0.0;0.0
975;2021-03-10;0;0;0;0;0.0;0.0
975;2021-03-11;0;0;0;0;0.0;0.0
975;2021-03-12;0;0;0;0;0.0;0.0
975;2021-03-13;0;0;0;0;0.0;0.0
975;2021-03-14;0;0;0;0;0.0;0.0
975;2021-03-15;0;0;0;0;0.0;0.0
975;2021-03-16;0;0;0;0;0.0;0.0
975;2021-03-17;0;0;0;0;0.0;0.0
975;2021-03-18;0;0;0;0;0.0;0.0
975;2021-03-19;0;0;0;0;0.0;0.0
975;2021-03-20;0;0;0;0;0.0;0.0
975;2021-03-21;0;0;0;0;0.0;0.0
975;2021-03-22;0;0;0;0;0.0;0.0
975;2021-03-23;0;0;0;0;0.0;0.0
975;2021-03-24;0;0;0;0;0.0;0.0
975;2021-03-25;0;0;0;0;0.0;0.0
975;2021-03-26;0;0;0;0;0.0;0.0
975;2021-03-27;0;0;0;0;0.0;0.0
975;2021-03-28;0;0;0;0;0.0;0.0
975;2021-03-29;2;0;2;0;0.0;0.0
975;2021-03-30;0;0;2;0;0.0;0.0
975;2021-03-31;0;0;2;0;0.0;0.0
975;2021-04-01;0;0;2;0;0.0;0.0
975;2021-04-02;0;0;2;0;0.0;0.0
975;2021-04-03;0;0;2;0;0.0;0.0
975;2021-04-04;0;0;2;0;0.0;0.0
975;2021-04-05;0;0;2;0;0.0;0.0
975;2021-04-06;0;0;2;0;0.0;0.0
975;2021-04-07;0;0;2;0;0.0;0.0
975;2021-04-08;1;0;3;0;0.1;0.0
975;2021-04-09;0;0;3;0;0.1;0.0
975;2021-04-10;0;0;3;0;0.1;0.0
975;2021-04-11;0;0;3;0;0.1;0.0
975;2021-04-12;0;0;3;0;0.1;0.0
975;2021-04-13;0;0;3;0;0.1;0.0
975;2021-04-14;0;0;3;0;0.1;0.0
975;2021-04-15;0;0;3;0;0.1;0.0
975;2021-04-16;0;0;3;0;0.1;0.0
975;2021-04-17;0;0;3;0;0.1;0.0
975;2021-04-18;0;0;3;0;0.1;0.0
975;2021-04-19;0;0;3;0;0.1;0.0
975;2021-04-20;0;0;3;0;0.1;0.0
975;2021-04-21;0;0;3;0;0.1;0.0
975;2021-04-22;0;0;3;0;0.1;0.0
975;2021-04-23;0;0;3;0;0.1;0.0
975;2021-04-24;0;0;3;0;0.1;0.0
975;2021-04-25;0;0;3;0;0.1;0.0
975;2021-04-26;0;0;3;0;0.1;0.0
975;2021-04-27;0;0;3;0;0.1;0.0
975;2021-04-28;0;0;3;0;0.1;0.0
975;2021-04-29;0;0;3;0;0.1;0.0
975;2021-04-30;0;0;3;0;0.1;0.0
975;2021-05-01;0;0;3;0;0.1;0.0
975;2021-05-02;0;0;3;0;0.1;0.0
975;2021-05-03;0;0;3;0;0.1;0.0
975;2021-05-04;0;0;3;0;0.1;0.0
975;2021-05-05;0;0;3;0;0.1;0.0
975;2021-05-06;0;0;3;0;0.1;0.0
975;2021-05-07;0;0;3;0;0.1;0.0
975;2021-05-08;0;0;3;0;0.1;0.0
975;2021-05-09;0;0;3;0;0.1;0.0
975;2021-05-10;0;0;3;0;0.1;0.0
975;2021-05-11;0;0;3;0;0.1;0.0
975;2021-05-12;0;0;3;0;0.1;0.0
975;2021-05-13;0;0;3;0;0.1;0.0
975;2021-05-14;0;0;3;0;0.1;0.0
975;2021-05-15;0;0;3;0;0.1;0.0
975;2021-05-16;0;0;3;0;0.1;0.0
975;2021-05-17;0;0;3;0;0.1;0.0
975;2021-05-18;0;0;3;0;0.1;0.0
975;2021-05-19;0;0;3;0;0.1;0.0
975;2021-05-20;0;0;3;0;0.1;0.0
975;2021-05-21;0;0;3;0;0.1;0.0
975;2021-05-22;0;0;3;0;0.1;0.0
975;2021-05-23;0;0;3;0;0.1;0.0
975;2021-05-24;0;0;3;0;0.1;0.0
975;2021-05-25;0;0;3;0;0.1;0.0
975;2021-05-26;0;0;3;0;0.1;0.0
975;2021-05-27;0;0;3;0;0.1;0.0
975;2021-05-28;0;0;3;0;0.1;0.0
975;2021-05-29;0;2;3;2;0.1;0.0
975;2021-05-30;0;0;3;2;0.1;0.0
975;2021-05-31;0;0;3;2;0.1;0.0
975;2021-06-01;0;0;3;2;0.1;0.0
975;2021-06-02;0;0;3;2;0.1;0.0
975;2021-06-03;0;0;3;2;0.1;0.0
975;2021-06-04;0;0;3;2;0.1;0.0
975;2021-06-05;0;0;3;2;0.1;0.0
975;2021-06-06;0;0;3;2;0.1;0.0
975;2021-06-07;0;0;3;2;0.1;0.0
975;2021-06-08;0;0;3;2;0.1;0.0
975;2021-06-09;0;0;3;2;0.1;0.0
975;2021-06-10;0;0;3;2;0.1;0.0
975;2021-06-11;0;0;3;2;0.1;0.0
975;2021-06-12;0;0;3;2;0.1;0.0
975;2021-06-13;0;0;3;2;0.1;0.0
975;2021-06-14;0;0;3;2;0.1;0.0
975;2021-06-15;0;0;3;2;0.1;0.0
975;2021-06-16;0;0;3;2;0.1;0.0
975;2021-06-17;0;0;3;2;0.1;0.0
975;2021-06-18;0;0;3;2;0.1;0.0
975;2021-06-19;0;0;3;2;0.1;0.0
975;2021-06-20;0;0;3;2;0.1;0.0
975;2021-06-21;1;0;4;2;0.1;0.0
975;2021-06-22;0;0;4;2;0.1;0.0
975;2021-06-23;0;0;4;2;0.1;0.0
975;2021-06-24;0;0;4;2;0.1;0.0
975;2021-06-25;0;0;4;2;0.1;0.0
975;2021-06-26;0;0;4;2;0.1;0.0
975;2021-06-27;0;0;4;2;0.1;0.0
975;2021-06-28;0;0;4;2;0.1;0.0
975;2021-06-29;0;0;4;2;0.1;0.0
975;2021-06-30;0;0;4;2;0.1;0.0
975;2021-07-01;0;0;4;2;0.1;0.0
975;2021-07-02;0;0;4;2;0.1;0.0
975;2021-07-03;0;0;4;2;0.1;0.0
975;2021-07-04;0;0;4;2;0.1;0.0
975;2021-07-05;0;0;4;2;0.1;0.0
975;2021-07-06;1;0;5;2;0.1;0.0
975;2021-07-07;7;0;12;2;0.2;0.0
975;2021-07-08;0;0;12;2;0.2;0.0
975;2021-07-09;1;0;13;2;0.2;0.0
975;2021-07-10;0;0;13;2;0.2;0.0
975;2021-07-11;0;0;13;2;0.2;0.0
975;2021-07-12;1;0;14;2;0.2;0.0
975;2021-07-13;0;0;14;2;0.2;0.0
975;2021-07-14;0;0;14;2;0.2;0.0
975;2021-07-15;0;0;14;2;0.2;0.0
975;2021-07-16;0;0;14;2;0.2;0.0
975;2021-07-17;0;0;14;2;0.2;0.0
975;2021-07-18;0;0;14;2;0.2;0.0
975;2021-07-19;0;0;14;2;0.2;0.0
975;2021-07-20;0;0;14;2;0.2;0.0
975;2021-07-21;0;0;14;2;0.2;0.0
975;2021-07-22;0;0;14;2;0.2;0.0
975;2021-07-23;0;0;14;2;0.2;0.0
975;2021-07-24;0;0;14;2;0.2;0.0
975;2021-07-25;0;0;14;2;0.2;0.0
975;2021-07-26;0;0;14;2;0.2;0.0
975;2021-07-27;0;0;14;2;0.2;0.0
975;2021-07-28;0;0;14;2;0.2;0.0
975;2021-07-29;0;0;14;2;0.2;0.0
975;2021-07-30;0;0;14;2;0.2;0.0
975;2021-07-31;0;0;14;2;0.2;0.0
975;2021-08-01;0;0;14;2;0.2;0.0
975;2021-08-02;1;0;15;2;0.3;0.0
975;2021-08-03;0;0;15;2;0.3;0.0
975;2021-08-04;0;0;15;2;0.3;0.0
975;2021-08-05;0;0;15;2;0.3;0.0
975;2021-08-06;0;0;15;2;0.3;0.0
975;2021-08-07;0;0;15;2;0.3;0.0
975;2021-08-08;0;0;15;2;0.3;0.0
975;2021-08-09;0;0;15;2;0.3;0.0
975;2021-08-10;0;0;15;2;0.3;0.0
975;2021-08-11;0;0;15;2;0.3;0.0
975;2021-08-12;0;0;15;2;0.3;0.0
975;2021-08-13;0;0;15;2;0.3;0.0
975;2021-08-14;0;0;15;2;0.3;0.0
975;2021-08-15;0;0;15;2;0.3;0.0
975;2021-08-16;0;0;15;2;0.3;0.0
975;2021-08-17;0;0;15;2;0.3;0.0
975;2021-08-18;0;0;15;2;0.3;0.0
975;2021-08-19;0;1;15;3;0.3;0.1
975;2021-08-20;0;0;15;3;0.3;0.1
975;2021-08-21;0;0;15;3;0.3;0.1
975;2021-08-22;0;0;15;3;0.3;0.1
975;2021-08-23;0;0;15;3;0.3;0.1
975;2021-08-24;0;0;15;3;0.3;0.1
975;2021-08-25;0;0;15;3;0.3;0.1
975;2021-08-26;0;0;15;3;0.3;0.1
975;2021-08-27;0;0;15;3;0.3;0.1
975;2021-08-28;0;0;15;3;0.3;0.1
975;2021-08-29;0;0;15;3;0.3;0.1
975;2021-08-30;0;0;15;3;0.3;0.1
975;2021-08-31;0;0;15;3;0.3;0.1
975;2021-09-01;0;0;15;3;0.3;0.1
975;2021-09-02;0;0;15;3;0.3;0.1
976;2020-12-27;0;0;0;0;0.0;0.0
976;2020-12-28;0;0;0;0;0.0;0.0
976;2020-12-29;0;0;0;0;0.0;0.0
976;2020-12-30;0;0;0;0;0.0;0.0
976;2020-12-31;0;0;0;0;0.0;0.0
976;2021-01-01;0;0;0;0;0.0;0.0
976;2021-01-02;0;0;0;0;0.0;0.0
976;2021-01-03;0;0;0;0;0.0;0.0
976;2021-01-04;0;0;0;0;0.0;0.0
976;2021-01-05;0;0;0;0;0.0;0.0
976;2021-01-06;0;0;0;0;0.0;0.0
976;2021-01-07;0;0;0;0;0.0;0.0
976;2021-01-08;0;0;0;0;0.0;0.0
976;2021-01-09;0;0;0;0;0.0;0.0
976;2021-01-10;0;0;0;0;0.0;0.0
976;2021-01-11;9;0;9;0;0.0;0.0
976;2021-01-12;0;0;9;0;0.0;0.0
976;2021-01-13;0;0;9;0;0.0;0.0
976;2021-01-14;0;0;9;0;0.0;0.0
976;2021-01-15;1;0;10;0;0.0;0.0
976;2021-01-16;1;0;11;0;0.0;0.0
976;2021-01-17;0;0;11;0;0.0;0.0
976;2021-01-18;1;0;12;0;0.0;0.0
976;2021-01-19;0;0;12;0;0.0;0.0
976;2021-01-20;0;0;12;0;0.0;0.0
976;2021-01-21;1;1;13;1;0.0;0.0
976;2021-01-22;0;0;13;1;0.0;0.0
976;2021-01-23;1;0;14;1;0.0;0.0
976;2021-01-24;0;0;14;1;0.0;0.0
976;2021-01-25;143;3;157;4;0.1;0.0
976;2021-01-26;167;3;324;7;0.1;0.0
976;2021-01-27;250;3;574;10;0.2;0.0
976;2021-01-28;102;8;676;18;0.2;0.0
976;2021-01-29;231;3;907;21;0.3;0.0
976;2021-01-30;285;11;1192;32;0.4;0.0
976;2021-01-31;1;0;1193;32;0.4;0.0
976;2021-02-01;161;1;1354;33;0.5;0.0
976;2021-02-02;330;9;1684;42;0.6;0.0
976;2021-02-03;228;3;1912;45;0.7;0.0
976;2021-02-04;216;9;2128;54;0.8;0.0
976;2021-02-05;213;0;2341;54;0.8;0.0
976;2021-02-06;83;10;2424;64;0.9;0.0
976;2021-02-07;0;0;2424;64;0.9;0.0
976;2021-02-08;82;4;2506;68;0.9;0.0
976;2021-02-09;194;1;2700;69;1.0;0.0
976;2021-02-10;187;5;2887;74;1.0;0.0
976;2021-02-11;236;4;3123;78;1.1;0.0
976;2021-02-12;289;4;3412;82;1.2;0.0
976;2021-02-13;56;0;3468;82;1.2;0.0
976;2021-02-14;1;0;3469;82;1.2;0.0
976;2021-02-15;359;7;3828;89;1.4;0.0
976;2021-02-16;266;9;4094;98;1.5;0.0
976;2021-02-17;167;9;4261;107;1.5;0.0
976;2021-02-18;218;13;4479;120;1.6;0.0
976;2021-02-19;237;24;4716;144;1.7;0.1
976;2021-02-20;139;9;4855;153;1.7;0.1
976;2021-02-21;0;0;4855;153;1.7;0.1
976;2021-02-22;130;120;4985;273;1.8;0.1
976;2021-02-23;185;155;5170;428;1.8;0.2
976;2021-02-24;176;145;5346;573;1.9;0.2
976;2021-02-25;227;277;5573;850;2.0;0.3
976;2021-02-26;242;243;5815;1093;2.1;0.4
976;2021-02-27;0;0;5815;1093;2.1;0.4
976;2021-02-28;0;0;5815;1093;2.1;0.4
976;2021-03-01;146;259;5961;1352;2.1;0.5
976;2021-03-02;228;261;6189;1613;2.2;0.6
976;2021-03-03;202;189;6391;1802;2.3;0.6
976;2021-03-04;205;144;6596;1946;2.4;0.7
976;2021-03-05;224;116;6820;2062;2.4;0.7
976;2021-03-06;1;0;6821;2062;2.4;0.7
976;2021-03-07;1;0;6822;2062;2.4;0.7
976;2021-03-08;189;111;7011;2173;2.5;0.8
976;2021-03-09;391;162;7402;2335;2.6;0.8
976;2021-03-10;180;178;7582;2513;2.7;0.9
976;2021-03-11;167;207;7749;2720;2.8;1.0
976;2021-03-12;237;294;7986;3014;2.9;1.1
976;2021-03-13;2;0;7988;3014;2.9;1.1
976;2021-03-14;0;0;7988;3014;2.9;1.1
976;2021-03-15;157;294;8145;3308;2.9;1.2
976;2021-03-16;238;226;8383;3534;3.0;1.3
976;2021-03-17;264;145;8647;3679;3.1;1.3
976;2021-03-18;174;236;8821;3915;3.2;1.4
976;2021-03-19;173;298;8994;4213;3.2;1.5
976;2021-03-20;0;0;8994;4213;3.2;1.5
976;2021-03-21;0;0;8994;4213;3.2;1.5
976;2021-03-22;97;136;9091;4349;3.3;1.6
976;2021-03-23;136;239;9227;4588;3.3;1.6
976;2021-03-24;160;147;9387;4735;3.4;1.7
976;2021-03-25;185;206;9572;4941;3.4;1.8
976;2021-03-26;160;212;9732;5153;3.5;1.8
976;2021-03-27;18;0;9750;5153;3.5;1.8
976;2021-03-28;1;0;9751;5153;3.5;1.8
976;2021-03-29;0;2;9751;5155;3.5;1.8
976;2021-03-30;273;336;10024;5491;3.6;2.0
976;2021-03-31;225;125;10249;5616;3.7;2.0
976;2021-04-01;246;104;10495;5720;3.8;2.0
976;2021-04-02;289;262;10784;5982;3.9;2.1
976;2021-04-03;905;310;11689;6292;4.2;2.3
976;2021-04-04;2;0;11691;6292;4.2;2.3
976;2021-04-05;1;0;11692;6292;4.2;2.3
976;2021-04-06;162;277;11854;6569;4.2;2.4
976;2021-04-07;237;266;12091;6835;4.3;2.4
976;2021-04-08;284;139;12375;6974;4.4;2.5
976;2021-04-09;249;171;12624;7145;4.5;2.6
976;2021-04-10;181;114;12805;7259;4.6;2.6
976;2021-04-11;7;0;12812;7259;4.6;2.6
976;2021-04-12;0;19;12812;7278;4.6;2.6
976;2021-04-13;394;345;13206;7623;4.7;2.7
976;2021-04-14;239;205;13445;7828;4.8;2.8
976;2021-04-15;209;117;13654;7945;4.9;2.8
976;2021-04-16;214;127;13868;8072;5.0;2.9
976;2021-04-17;226;131;14094;8203;5.0;2.9
976;2021-04-18;1;0;14095;8203;5.0;2.9
976;2021-04-19;7;1;14102;8204;5.0;2.9
976;2021-04-20;369;222;14471;8426;5.2;3.0
976;2021-04-21;412;149;14883;8575;5.3;3.1
976;2021-04-22;410;150;15293;8725;5.5;3.1
976;2021-04-23;367;166;15660;8891;5.6;3.2
976;2021-04-24;413;128;16073;9019;5.8;3.2
976;2021-04-25;2;0;16075;9019;5.8;3.2
976;2021-04-26;55;8;16130;9027;5.8;3.2
976;2021-04-27;351;293;16481;9320;5.9;3.3
976;2021-04-28;357;513;16838;9833;6.0;3.5
976;2021-04-29;559;344;17397;10177;6.2;3.6
976;2021-04-30;408;238;17805;10415;6.4;3.7
976;2021-05-01;673;286;18478;10701;6.6;3.8
976;2021-05-02;0;0;18478;10701;6.6;3.8
976;2021-05-03;141;6;18619;10707;6.7;3.8
976;2021-05-04;353;426;18972;11133;6.8;4.0
976;2021-05-05;448;318;19420;11451;6.9;4.1
976;2021-05-06;320;202;19740;11653;7.1;4.2
976;2021-05-07;341;133;20081;11786;7.2;4.2
976;2021-05-08;307;141;20388;11927;7.3;4.3
976;2021-05-09;0;0;20388;11927;7.3;4.3
976;2021-05-10;9;9;20397;11936;7.3;4.3
976;2021-05-11;363;491;20760;12427;7.4;4.4
976;2021-05-12;334;310;21094;12737;7.5;4.6
976;2021-05-13;126;96;21220;12833;7.6;4.6
976;2021-05-14;0;0;21220;12833;7.6;4.6
976;2021-05-15;486;282;21706;13115;7.8;4.7
976;2021-05-16;1;0;21707;13115;7.8;4.7
976;2021-05-17;124;51;21831;13166;7.8;4.7
976;2021-05-18;517;430;22348;13596;8.0;4.9
976;2021-05-19;653;663;23001;14259;8.2;5.1
976;2021-05-20;1059;498;24060;14757;8.6;5.3
976;2021-05-21;1046;313;25106;15070;9.0;5.4
976;2021-05-22;1243;299;26349;15369;9.4;5.5
976;2021-05-23;0;0;26349;15369;9.4;5.5
976;2021-05-24;1;0;26350;15369;9.4;5.5
976;2021-05-25;890;623;27240;15992;9.7;5.7
976;2021-05-26;1036;842;28276;16834;10.1;6.0
976;2021-05-27;1325;512;29601;17346;10.6;6.2
976;2021-05-28;957;375;30558;17721;10.9;6.3
976;2021-05-29;1131;392;31689;18113;11.3;6.5
976;2021-05-30;1;1;31690;18114;11.3;6.5
976;2021-05-31;105;6;31795;18120;11.4;6.5
976;2021-06-01;1153;652;32948;18772;11.8;6.7
976;2021-06-02;1241;530;34189;19302;12.2;6.9
976;2021-06-03;812;354;35001;19656;12.5;7.0
976;2021-06-04;1003;323;36004;19979;12.9;7.1
976;2021-06-05;680;299;36684;20278;13.1;7.3
976;2021-06-06;1;0;36685;20278;13.1;7.3
976;2021-06-07;91;12;36776;20290;13.2;7.3
976;2021-06-08;961;444;37737;20734;13.5;7.4
976;2021-06-09;972;550;38709;21284;13.9;7.6
976;2021-06-10;703;232;39412;21516;14.1;7.7
976;2021-06-11;850;366;40262;21882;14.4;7.8
976;2021-06-12;586;277;40848;22159;14.6;7.9
976;2021-06-13;2;0;40850;22159;14.6;7.9
976;2021-06-14;187;112;41037;22271;14.7;8.0
976;2021-06-15;415;839;41452;23110;14.8;8.3
976;2021-06-16;892;1442;42344;24552;15.2;8.8
976;2021-06-17;802;660;43146;25212;15.4;9.0
976;2021-06-18;710;621;43856;25833;15.7;9.2
976;2021-06-19;538;643;44394;26476;15.9;9.5
976;2021-06-20;1;0;44395;26476;15.9;9.5
976;2021-06-21;128;132;44523;26608;15.9;9.5
976;2021-06-22;431;1150;44954;27758;16.1;9.9
976;2021-06-23;685;1187;45639;28945;16.3;10.4
976;2021-06-24;481;546;46120;29491;16.5;10.6
976;2021-06-25;546;479;46666;29970;16.7;10.7
976;2021-06-26;391;693;47057;30663;16.8;11.0
976;2021-06-27;1;0;47058;30663;16.8;11.0
976;2021-06-28;108;191;47166;30854;16.9;11.0
976;2021-06-29;740;974;47906;31828;17.1;11.4
976;2021-06-30;706;947;48612;32775;17.4;11.7
976;2021-07-01;582;546;49194;33321;17.6;11.9
976;2021-07-02;454;430;49648;33751;17.8;12.1
976;2021-07-03;446;423;50094;34174;17.9;12.2
976;2021-07-04;2;0;50096;34174;17.9;12.2
976;2021-07-05;121;224;50217;34398;18.0;12.3
976;2021-07-06;503;865;50720;35263;18.1;12.6
976;2021-07-07;771;1016;51491;36279;18.4;13.0
976;2021-07-08;818;636;52309;36915;18.7;13.2
976;2021-07-09;791;519;53100;37434;19.0;13.4
976;2021-07-10;441;320;53541;37754;19.2;13.5
976;2021-07-11;0;0;53541;37754;19.2;13.5
976;2021-07-12;164;172;53705;37926;19.2;13.6
976;2021-07-13;857;1001;54562;38927;19.5;13.9
976;2021-07-14;0;5;54562;38932;19.5;13.9
976;2021-07-15;1229;816;55791;39748;20.0;14.2
976;2021-07-16;1310;660;57101;40408;20.4;14.5
976;2021-07-17;1049;377;58150;40785;20.8;14.6
976;2021-07-18;0;0;58150;40785;20.8;14.6
976;2021-07-19;205;134;58355;40919;20.9;14.6
976;2021-07-20;1160;879;59515;41798;21.3;15.0
976;2021-07-21;35;29;59550;41827;21.3;15.0
976;2021-07-22;1127;664;60677;42491;21.7;15.2
976;2021-07-23;1209;547;61886;43038;22.1;15.4
976;2021-07-24;863;439;62749;43477;22.5;15.6
976;2021-07-25;2;0;62751;43477;22.5;15.6
976;2021-07-26;181;36;62932;43513;22.5;15.6
976;2021-07-27;1145;823;64077;44336;22.9;15.9
976;2021-07-28;1042;635;65119;44971;23.3;16.1
976;2021-07-29;1241;568;66360;45539;23.7;16.3
976;2021-07-30;1216;411;67576;45950;24.2;16.4
976;2021-07-31;767;277;68343;46227;24.5;16.5
976;2021-08-01;5;3;68348;46230;24.5;16.5
976;2021-08-02;320;176;68668;46406;24.6;16.6
976;2021-08-03;1509;938;70177;47344;25.1;16.9
976;2021-08-04;1836;811;72013;48155;25.8;17.2
976;2021-08-05;1472;501;73485;48656;26.3;17.4
976;2021-08-06;1683;506;75168;49162;26.9;17.6
976;2021-08-07;917;356;76085;49518;27.2;17.7
976;2021-08-08;6;1;76091;49519;27.2;17.7
976;2021-08-09;521;235;76612;49754;27.4;17.8
976;2021-08-10;1629;1379;78241;51133;28.0;18.3
976;2021-08-11;2026;1239;80267;52372;28.7;18.7
976;2021-08-12;1694;612;81961;52984;29.3;19.0
976;2021-08-13;1530;531;83491;53515;29.9;19.1
976;2021-08-14;828;451;84319;53966;30.2;19.3
976;2021-08-15;0;0;84319;53966;30.2;19.3
976;2021-08-16;537;287;84856;54253;30.4;19.4
976;2021-08-17;1794;1301;86650;55554;31.0;19.9
976;2021-08-18;2191;1218;88841;56772;31.8;20.3
976;2021-08-19;1944;545;90785;57317;32.5;20.5
976;2021-08-20;1726;541;92511;57858;33.1;20.7
976;2021-08-21;1026;518;93537;58376;33.5;20.9
976;2021-08-22;7;0;93544;58376;33.5;20.9
976;2021-08-23;510;270;94054;58646;33.7;21.0
976;2021-08-24;1029;1005;95083;59651;34.0;21.3
976;2021-08-25;1057;1289;96140;60940;34.4;21.8
976;2021-08-26;885;570;97025;61510;34.7;22.0
976;2021-08-27;725;560;97750;62070;35.0;22.2
976;2021-08-28;466;854;98216;62924;35.1;22.5
976;2021-08-29;0;12;98216;62936;35.1;22.5
976;2021-08-30;142;256;98358;63192;35.2;22.6
976;2021-08-31;594;1158;98952;64350;35.4;23.0
976;2021-09-01;690;1388;99642;65738;35.7;23.5
976;2021-09-02;774;889;100416;66627;35.9;23.8
977;2020-12-27;0;0;0;0;0.0;0.0
977;2020-12-28;0;0;0;0;0.0;0.0
977;2020-12-29;0;0;0;0;0.0;0.0
977;2020-12-30;0;0;0;0;0.0;0.0
977;2020-12-31;0;0;0;0;0.0;0.0
977;2021-01-01;0;0;0;0;0.0;0.0
977;2021-01-02;0;0;0;0;0.0;0.0
977;2021-01-03;0;0;0;0;0.0;0.0
977;2021-01-04;0;0;0;0;0.0;0.0
977;2021-01-05;0;0;0;0;0.0;0.0
977;2021-01-06;0;0;0;0;0.0;0.0
977;2021-01-07;0;0;0;0;0.0;0.0
977;2021-01-08;0;0;0;0;0.0;0.0
977;2021-01-09;0;0;0;0;0.0;0.0
977;2021-01-10;0;0;0;0;0.0;0.0
977;2021-01-11;0;0;0;0;0.0;0.0
977;2021-01-12;0;0;0;0;0.0;0.0
977;2021-01-13;0;0;0;0;0.0;0.0
977;2021-01-14;0;0;0;0;0.0;0.0
977;2021-01-15;0;0;0;0;0.0;0.0
977;2021-01-16;0;0;0;0;0.0;0.0
977;2021-01-17;0;0;0;0;0.0;0.0
977;2021-01-18;1;0;1;0;0.0;0.0
977;2021-01-19;0;0;1;0;0.0;0.0
977;2021-01-20;0;0;1;0;0.0;0.0
977;2021-01-21;12;0;13;0;0.1;0.0
977;2021-01-22;12;0;25;0;0.3;0.0
977;2021-01-23;0;0;25;0;0.3;0.0
977;2021-01-24;0;0;25;0;0.3;0.0
977;2021-01-25;0;0;25;0;0.3;0.0
977;2021-01-26;0;0;25;0;0.3;0.0
977;2021-01-27;12;0;37;0;0.4;0.0
977;2021-01-28;1;0;38;0;0.4;0.0
977;2021-01-29;6;0;44;0;0.4;0.0
977;2021-01-30;0;0;44;0;0.4;0.0
977;2021-01-31;0;0;44;0;0.4;0.0
977;2021-02-01;0;0;44;0;0.4;0.0
977;2021-02-02;0;0;44;0;0.4;0.0
977;2021-02-03;11;0;55;0;0.6;0.0
977;2021-02-04;12;0;67;0;0.7;0.0
977;2021-02-05;11;0;78;0;0.8;0.0
977;2021-02-06;0;0;78;0;0.8;0.0
977;2021-02-07;0;0;78;0;0.8;0.0
977;2021-02-08;0;0;78;0;0.8;0.0
977;2021-02-09;14;0;92;0;0.9;0.0
977;2021-02-10;0;0;92;0;0.9;0.0
977;2021-02-11;17;0;109;0;1.1;0.0
977;2021-02-12;45;0;154;0;1.5;0.0
977;2021-02-13;0;0;154;0;1.5;0.0
977;2021-02-14;0;0;154;0;1.5;0.0
977;2021-02-15;0;0;154;0;1.5;0.0
977;2021-02-16;0;0;154;0;1.5;0.0
977;2021-02-17;0;0;154;0;1.5;0.0
977;2021-02-18;18;0;172;0;1.7;0.0
977;2021-02-19;35;0;207;0;2.1;0.0
977;2021-02-20;0;0;207;0;2.1;0.0
977;2021-02-21;0;0;207;0;2.1;0.0
977;2021-02-22;0;0;207;0;2.1;0.0
977;2021-02-23;0;21;207;21;2.1;0.2
977;2021-02-24;0;0;207;21;2.1;0.2
977;2021-02-25;15;7;222;28;2.2;0.3
977;2021-02-26;33;18;255;46;2.6;0.5
977;2021-02-27;0;0;255;46;2.6;0.5
977;2021-02-28;0;0;255;46;2.6;0.5
977;2021-03-01;0;0;255;46;2.6;0.5
977;2021-03-02;19;11;274;57;2.8;0.6
977;2021-03-03;0;0;274;57;2.8;0.6
977;2021-03-04;16;12;290;69;2.9;0.7
977;2021-03-05;35;17;325;86;3.3;0.9
977;2021-03-06;0;0;325;86;3.3;0.9
977;2021-03-07;0;0;325;86;3.3;0.9
977;2021-03-08;0;0;325;86;3.3;0.9
977;2021-03-09;1;0;326;86;3.3;0.9
977;2021-03-10;0;0;326;86;3.3;0.9
977;2021-03-11;20;30;346;116;3.5;1.2
977;2021-03-12;62;41;408;157;4.1;1.6
977;2021-03-13;0;0;408;157;4.1;1.6
977;2021-03-14;0;0;408;157;4.1;1.6
977;2021-03-15;0;0;408;157;4.1;1.6
977;2021-03-16;30;10;438;167;4.4;1.7
977;2021-03-17;0;0;438;167;4.4;1.7
977;2021-03-18;30;16;468;183;4.7;1.8
977;2021-03-19;57;27;525;210;5.3;2.1
977;2021-03-20;0;0;525;210;5.3;2.1
977;2021-03-21;0;0;525;210;5.3;2.1
977;2021-03-22;0;0;525;210;5.3;2.1
977;2021-03-23;0;0;525;210;5.3;2.1
977;2021-03-24;0;0;525;210;5.3;2.1
977;2021-03-25;65;17;590;227;5.9;2.3
977;2021-03-26;73;26;663;253;6.7;2.5
977;2021-03-27;0;0;663;253;6.7;2.5
977;2021-03-28;0;0;663;253;6.7;2.5
977;2021-03-29;0;0;663;253;6.7;2.5
977;2021-03-30;40;18;703;271;7.1;2.7
977;2021-03-31;26;15;729;286;7.3;2.9
977;2021-04-01;25;32;754;318;7.6;3.2
977;2021-04-02;0;0;754;318;7.6;3.2
977;2021-04-03;0;0;754;318;7.6;3.2
977;2021-04-04;0;0;754;318;7.6;3.2
977;2021-04-05;9;0;763;318;7.7;3.2
977;2021-04-06;0;0;763;318;7.7;3.2
977;2021-04-07;0;0;763;318;7.7;3.2
977;2021-04-08;57;46;820;364;8.2;3.7
977;2021-04-09;58;31;878;395;8.8;4.0
977;2021-04-10;0;0;878;395;8.8;4.0
977;2021-04-11;0;0;878;395;8.8;4.0
977;2021-04-12;0;0;878;395;8.8;4.0
977;2021-04-13;0;0;878;395;8.8;4.0
977;2021-04-14;5;5;883;400;8.9;4.0
977;2021-04-15;57;70;940;470;9.4;4.7
977;2021-04-16;90;35;1030;505;10.3;5.1
977;2021-04-17;0;1;1030;506;10.3;5.1
977;2021-04-18;0;0;1030;506;10.3;5.1
977;2021-04-19;1;0;1031;506;10.4;5.1
977;2021-04-20;335;62;1366;568;13.7;5.7
977;2021-04-21;337;30;1703;598;17.1;6.0
977;2021-04-22;284;47;1987;645;19.9;6.5
977;2021-04-23;260;42;2247;687;22.6;6.9
977;2021-04-24;231;1;2478;688;24.9;6.9
977;2021-04-25;0;0;2478;688;24.9;6.9
977;2021-04-26;283;19;2761;707;27.7;7.1
977;2021-04-27;224;67;2985;774;30.0;7.8
977;2021-04-28;192;26;3177;800;31.9;8.0
977;2021-04-29;170;23;3347;823;33.6;8.3
977;2021-04-30;172;17;3519;840;35.3;8.4
977;2021-05-01;203;11;3722;851;37.4;8.5
977;2021-05-02;0;0;3722;851;37.4;8.5
977;2021-05-03;135;9;3857;860;38.7;8.6
977;2021-05-04;161;54;4018;914;40.3;9.2
977;2021-05-05;221;28;4239;942;42.6;9.5
977;2021-05-06;175;33;4414;975;44.3;9.8
977;2021-05-07;149;31;4563;1006;45.8;10.1
977;2021-05-08;1;0;4564;1006;45.8;10.1
977;2021-05-09;0;0;4564;1006;45.8;10.1
977;2021-05-10;0;0;4564;1006;45.8;10.1
977;2021-05-11;3;41;4567;1047;45.8;10.5
977;2021-05-12;6;36;4573;1083;45.9;10.9
977;2021-05-13;0;0;4573;1083;45.9;10.9
977;2021-05-14;28;98;4601;1181;46.2;11.9
977;2021-05-15;0;0;4601;1181;46.2;11.9
977;2021-05-16;1;0;4602;1181;46.2;11.9
977;2021-05-17;1;14;4603;1195;46.2;12.0
977;2021-05-18;17;32;4620;1227;46.4;12.3
977;2021-05-19;0;1;4620;1228;46.4;12.3
977;2021-05-20;0;8;4620;1236;46.4;12.4
977;2021-05-21;12;31;4632;1267;46.5;12.7
977;2021-05-22;0;0;4632;1267;46.5;12.7
977;2021-05-23;0;0;4632;1267;46.5;12.7
977;2021-05-24;0;0;4632;1267;46.5;12.7
977;2021-05-25;50;331;4682;1598;47.0;16.0
977;2021-05-26;54;360;4736;1958;47.5;19.7
977;2021-05-27;34;317;4770;2275;47.9;22.8
977;2021-05-28;27;256;4797;2531;48.2;25.4
977;2021-05-29;35;375;4832;2906;48.5;29.2
977;2021-05-30;1;0;4833;2906;48.5;29.2
977;2021-05-31;45;216;4878;3122;49.0;31.3
977;2021-06-01;48;227;4926;3349;49.5;33.6
977;2021-06-02;69;273;4995;3622;50.1;36.4
977;2021-06-03;42;252;5037;3874;50.6;38.9
977;2021-06-04;81;270;5118;4144;51.4;41.6
977;2021-06-05;1;0;5119;4144;51.4;41.6
977;2021-06-06;0;0;5119;4144;51.4;41.6
977;2021-06-07;1;1;5120;4145;51.4;41.6
977;2021-06-08;8;2;5128;4147;51.5;41.6
977;2021-06-09;0;3;5128;4150;51.5;41.7
977;2021-06-10;8;4;5136;4154;51.6;41.7
977;2021-06-11;4;8;5140;4162;51.6;41.8
977;2021-06-12;16;59;5156;4221;51.8;42.4
977;2021-06-13;0;0;5156;4221;51.8;42.4
977;2021-06-14;0;0;5156;4221;51.8;42.4
977;2021-06-15;0;1;5156;4222;51.8;42.4
977;2021-06-16;0;0;5156;4222;51.8;42.4
977;2021-06-17;2;6;5158;4228;51.8;42.4
977;2021-06-18;0;2;5158;4230;51.8;42.5
977;2021-06-19;25;49;5183;4279;52.0;43.0
977;2021-06-20;0;0;5183;4279;52.0;43.0
977;2021-06-21;1;2;5184;4281;52.0;43.0
977;2021-06-22;9;0;5193;4281;52.1;43.0
977;2021-06-23;15;9;5208;4290;52.3;43.1
977;2021-06-24;10;5;5218;4295;52.4;43.1
977;2021-06-25;0;0;5218;4295;52.4;43.1
977;2021-06-26;25;45;5243;4340;52.6;43.6
977;2021-06-27;0;0;5243;4340;52.6;43.6
977;2021-06-28;0;0;5243;4340;52.6;43.6
977;2021-06-29;0;0;5243;4340;52.6;43.6
977;2021-06-30;0;0;5243;4340;52.6;43.6
977;2021-07-01;28;36;5271;4376;52.9;43.9
977;2021-07-02;26;31;5297;4407;53.2;44.2
977;2021-07-03;29;215;5326;4622;53.5;46.4
977;2021-07-04;0;0;5326;4622;53.5;46.4
977;2021-07-05;4;8;5330;4630;53.5;46.5
977;2021-07-06;0;0;5330;4630;53.5;46.5
977;2021-07-07;8;0;5338;4630;53.6;46.5
977;2021-07-08;33;23;5371;4653;53.9;46.7
977;2021-07-09;23;31;5394;4684;54.2;47.0
977;2021-07-10;33;45;5427;4729;54.5;47.5
977;2021-07-11;0;0;5427;4729;54.5;47.5
977;2021-07-12;0;1;5427;4730;54.5;47.5
977;2021-07-13;10;10;5437;4740;54.6;47.6
977;2021-07-14;0;0;5437;4740;54.6;47.6
977;2021-07-15;1;11;5438;4751;54.6;47.7
977;2021-07-16;44;51;5482;4802;55.0;48.2
977;2021-07-17;34;39;5516;4841;55.4;48.6
977;2021-07-18;1;0;5517;4841;55.4;48.6
977;2021-07-19;3;2;5520;4843;55.4;48.6
977;2021-07-20;3;1;5523;4844;55.4;48.6
977;2021-07-21;33;16;5556;4860;55.8;48.8
977;2021-07-22;36;33;5592;4893;56.1;49.1
977;2021-07-23;32;29;5624;4922;56.5;49.4
977;2021-07-24;43;26;5667;4948;56.9;49.7
977;2021-07-25;0;0;5667;4948;56.9;49.7
977;2021-07-26;13;9;5680;4957;57.0;49.8
977;2021-07-27;0;10;5680;4967;57.0;49.9
977;2021-07-28;31;14;5711;4981;57.3;50.0
977;2021-07-29;33;32;5744;5013;57.7;50.3
977;2021-07-30;31;28;5775;5041;58.0;50.6
977;2021-07-31;53;24;5828;5065;58.5;50.8
977;2021-08-01;0;0;5828;5065;58.5;50.8
977;2021-08-02;11;1;5839;5066;58.6;50.9
977;2021-08-03;0;0;5839;5066;58.6;50.9
977;2021-08-04;41;14;5880;5080;59.0;51.0
977;2021-08-05;28;30;5908;5110;59.3;51.3
977;2021-08-06;35;35;5943;5145;59.7;51.7
977;2021-08-07;56;27;5999;5172;60.2;51.9
977;2021-08-08;0;0;5999;5172;60.2;51.9
977;2021-08-09;7;5;6006;5177;60.3;52.0
977;2021-08-10;15;9;6021;5186;60.4;52.1
977;2021-08-11;36;18;6057;5204;60.8;52.2
977;2021-08-12;24;30;6081;5234;61.0;52.5
977;2021-08-13;32;14;6113;5248;61.4;52.7
977;2021-08-14;20;27;6133;5275;61.6;53.0
977;2021-08-15;0;0;6133;5275;61.6;53.0
977;2021-08-16;14;31;6147;5306;61.7;53.3
977;2021-08-17;15;8;6162;5314;61.9;53.3
977;2021-08-18;24;28;6186;5342;62.1;53.6
977;2021-08-19;31;35;6217;5377;62.4;54.0
977;2021-08-20;27;41;6244;5418;62.7;54.4
977;2021-08-21;34;40;6278;5458;63.0;54.8
977;2021-08-22;6;0;6284;5458;63.1;54.8
977;2021-08-23;3;11;6287;5469;63.1;54.9
977;2021-08-24;8;3;6295;5472;63.2;54.9
977;2021-08-25;20;37;6315;5509;63.4;55.3
977;2021-08-26;27;39;6342;5548;63.7;55.7
977;2021-08-27;27;34;6369;5582;63.9;56.0
977;2021-08-28;27;56;6396;5638;64.2;56.6
977;2021-08-29;0;0;6396;5638;64.2;56.6
977;2021-08-30;1;4;6397;5642;64.2;56.6
977;2021-08-31;1;2;6398;5644;64.2;56.7
977;2021-09-01;9;28;6407;5672;64.3;56.9
977;2021-09-02;22;35;6429;5707;64.5;57.3
978;2020-12-27;0;0;0;0;0.0;0.0
978;2020-12-28;0;0;0;0;0.0;0.0
978;2020-12-29;0;0;0;0;0.0;0.0
978;2020-12-30;0;0;0;0;0.0;0.0
978;2020-12-31;0;0;0;0;0.0;0.0
978;2021-01-01;0;0;0;0;0.0;0.0
978;2021-01-02;0;0;0;0;0.0;0.0
978;2021-01-03;0;0;0;0;0.0;0.0
978;2021-01-04;0;0;0;0;0.0;0.0
978;2021-01-05;0;0;0;0;0.0;0.0
978;2021-01-06;0;0;0;0;0.0;0.0
978;2021-01-07;0;0;0;0;0.0;0.0
978;2021-01-08;0;0;0;0;0.0;0.0
978;2021-01-09;0;0;0;0;0.0;0.0
978;2021-01-10;0;0;0;0;0.0;0.0
978;2021-01-11;0;0;0;0;0.0;0.0
978;2021-01-12;0;0;0;0;0.0;0.0
978;2021-01-13;10;0;10;0;0.0;0.0
978;2021-01-14;12;0;22;0;0.1;0.0
978;2021-01-15;9;0;31;0;0.1;0.0
978;2021-01-16;0;0;31;0;0.1;0.0
978;2021-01-17;0;0;31;0;0.1;0.0
978;2021-01-18;0;0;31;0;0.1;0.0
978;2021-01-19;12;0;43;0;0.1;0.0
978;2021-01-20;13;0;56;0;0.2;0.0
978;2021-01-21;6;0;62;0;0.2;0.0
978;2021-01-22;0;0;62;0;0.2;0.0
978;2021-01-23;0;0;62;0;0.2;0.0
978;2021-01-24;0;0;62;0;0.2;0.0
978;2021-01-25;0;0;62;0;0.2;0.0
978;2021-01-26;9;0;71;0;0.2;0.0
978;2021-01-27;10;0;81;0;0.2;0.0
978;2021-01-28;6;1;87;1;0.2;0.0
978;2021-01-29;0;0;87;1;0.2;0.0
978;2021-01-30;0;0;87;1;0.2;0.0
978;2021-01-31;0;0;87;1;0.2;0.0
978;2021-02-01;1;0;88;1;0.2;0.0
978;2021-02-02;39;0;127;1;0.4;0.0
978;2021-02-03;11;0;138;1;0.4;0.0
978;2021-02-04;31;0;169;1;0.5;0.0
978;2021-02-05;6;0;175;1;0.5;0.0
978;2021-02-06;0;0;175;1;0.5;0.0
978;2021-02-07;0;0;175;1;0.5;0.0
978;2021-02-08;0;0;175;1;0.5;0.0
978;2021-02-09;38;0;213;1;0.6;0.0
978;2021-02-10;27;1;240;2;0.7;0.0
978;2021-02-11;0;0;240;2;0.7;0.0
978;2021-02-12;36;0;276;2;0.8;0.0
978;2021-02-13;0;0;276;2;0.8;0.0
978;2021-02-14;0;0;276;2;0.8;0.0
978;2021-02-15;50;1;326;3;0.9;0.0
978;2021-02-16;0;0;326;3;0.9;0.0
978;2021-02-17;0;0;326;3;0.9;0.0
978;2021-02-18;28;0;354;3;1.0;0.0
978;2021-02-19;44;0;398;3;1.1;0.0
978;2021-02-20;0;0;398;3;1.1;0.0
978;2021-02-21;0;0;398;3;1.1;0.0
978;2021-02-22;45;4;443;7;1.3;0.0
978;2021-02-23;41;29;484;36;1.4;0.1
978;2021-02-24;35;1;519;37;1.5;0.1
978;2021-02-25;55;34;574;71;1.6;0.2
978;2021-02-26;39;5;613;76;1.7;0.2
978;2021-02-27;0;0;613;76;1.7;0.2
978;2021-02-28;0;0;613;76;1.7;0.2
978;2021-03-01;49;5;662;81;1.9;0.2
978;2021-03-02;7;26;669;107;1.9;0.3
978;2021-03-03;52;28;721;135;2.0;0.4
978;2021-03-04;31;26;752;161;2.1;0.5
978;2021-03-05;46;10;798;171;2.3;0.5
978;2021-03-06;0;0;798;171;2.3;0.5
978;2021-03-07;0;0;798;171;2.3;0.5
978;2021-03-08;32;7;830;178;2.3;0.5
978;2021-03-09;21;27;851;205;2.4;0.6
978;2021-03-10;35;28;886;233;2.5;0.7
978;2021-03-11;2;0;888;233;2.5;0.7
978;2021-03-12;52;21;940;254;2.7;0.7
978;2021-03-13;13;0;953;254;2.7;0.7
978;2021-03-14;0;0;953;254;2.7;0.7
978;2021-03-15;31;41;984;295;2.8;0.8
978;2021-03-16;73;6;1057;301;3.0;0.9
978;2021-03-17;67;13;1124;314;3.2;0.9
978;2021-03-18;82;39;1206;353;3.4;1.0
978;2021-03-19;32;50;1238;403;3.5;1.1
978;2021-03-20;0;0;1238;403;3.5;1.1
978;2021-03-21;0;0;1238;403;3.5;1.1
978;2021-03-22;35;45;1273;448;3.6;1.3
978;2021-03-23;30;43;1303;491;3.7;1.4
978;2021-03-24;38;42;1341;533;3.8;1.5
978;2021-03-25;97;34;1438;567;4.1;1.6
978;2021-03-26;45;33;1483;600;4.2;1.7
978;2021-03-27;94;3;1577;603;4.5;1.7
978;2021-03-28;0;0;1577;603;4.5;1.7
978;2021-03-29;69;48;1646;651;4.7;1.8
978;2021-03-30;98;24;1744;675;4.9;1.9
978;2021-03-31;90;49;1834;724;5.2;2.0
978;2021-04-01;57;48;1891;772;5.4;2.2
978;2021-04-02;0;0;1891;772;5.4;2.2
978;2021-04-03;1;0;1892;772;5.4;2.2
978;2021-04-04;0;0;1892;772;5.4;2.2
978;2021-04-05;2;0;1894;772;5.4;2.2
978;2021-04-06;49;63;1943;835;5.5;2.4
978;2021-04-07;93;33;2036;868;5.8;2.5
978;2021-04-08;121;7;2157;875;6.1;2.5
978;2021-04-09;90;39;2247;914;6.4;2.6
978;2021-04-10;170;13;2417;927;6.8;2.6
978;2021-04-11;0;0;2417;927;6.8;2.6
978;2021-04-12;42;75;2459;1002;7.0;2.8
978;2021-04-13;49;71;2508;1073;7.1;3.0
978;2021-04-14;82;45;2590;1118;7.3;3.2
978;2021-04-15;92;22;2682;1140;7.6;3.2
978;2021-04-16;77;42;2759;1182;7.8;3.3
978;2021-04-17;165;4;2924;1186;8.3;3.4
978;2021-04-18;0;0;2924;1186;8.3;3.4
978;2021-04-19;52;67;2976;1253;8.4;3.5
978;2021-04-20;83;27;3059;1280;8.7;3.6
978;2021-04-21;91;29;3150;1309;8.9;3.7
978;2021-04-22;101;20;3251;1329;9.2;3.8
978;2021-04-23;45;66;3296;1395;9.3;3.9
978;2021-04-24;99;78;3395;1473;9.6;4.2
978;2021-04-25;0;0;3395;1473;9.6;4.2
978;2021-04-26;29;91;3424;1564;9.7;4.4
978;2021-04-27;59;63;3483;1627;9.9;4.6
978;2021-04-28;93;39;3576;1666;10.1;4.7
978;2021-04-29;89;31;3665;1697;10.4;4.8
978;2021-04-30;103;14;3768;1711;10.7;4.8
978;2021-05-01;0;8;3768;1719;10.7;4.9
978;2021-05-02;0;0;3768;1719;10.7;4.9
978;2021-05-03;25;99;3793;1818;10.7;5.1
978;2021-05-04;159;102;3952;1920;11.2;5.4
978;2021-05-05;142;59;4094;1979;11.6;5.6
978;2021-05-06;199;49;4293;2028;12.1;5.7
978;2021-05-07;127;71;4420;2099;12.5;5.9
978;2021-05-08;69;122;4489;2221;12.7;6.3
978;2021-05-09;0;0;4489;2221;12.7;6.3
978;2021-05-10;124;99;4613;2320;13.1;6.6
978;2021-05-11;132;72;4745;2392;13.4;6.8
978;2021-05-12;156;78;4901;2470;13.9;7.0
978;2021-05-13;83;6;4984;2476;14.1;7.0
978;2021-05-14;130;62;5114;2538;14.5;7.2
978;2021-05-15;87;4;5201;2542;14.7;7.2
978;2021-05-16;0;0;5201;2542;14.7;7.2
978;2021-05-17;146;115;5347;2657;15.1;7.5
978;2021-05-18;151;94;5498;2751;15.6;7.8
978;2021-05-19;84;69;5582;2820;15.8;8.0
978;2021-05-20;104;26;5686;2846;16.1;8.1
978;2021-05-21;98;52;5784;2898;16.4;8.2
978;2021-05-22;100;11;5884;2909;16.7;8.2
978;2021-05-23;0;0;5884;2909;16.7;8.2
978;2021-05-24;33;7;5917;2916;16.7;8.3
978;2021-05-25;119;78;6036;2994;17.1;8.5
978;2021-05-26;109;49;6145;3043;17.4;8.6
978;2021-05-27;112;42;6257;3085;17.7;8.7
978;2021-05-28;33;1;6290;3086;17.8;8.7
978;2021-05-29;60;213;6350;3299;18.0;9.3
978;2021-05-30;0;0;6350;3299;18.0;9.3
978;2021-05-31;112;63;6462;3362;18.3;9.5
978;2021-06-01;116;62;6578;3424;18.6;9.7
978;2021-06-02;131;33;6709;3457;19.0;9.8
978;2021-06-03;102;38;6811;3495;19.3;9.9
978;2021-06-04;128;70;6939;3565;19.6;10.1
978;2021-06-05;83;21;7022;3586;19.9;10.1
978;2021-06-06;0;0;7022;3586;19.9;10.1
978;2021-06-07;96;96;7118;3682;20.1;10.4
978;2021-06-08;82;89;7200;3771;20.4;10.7
978;2021-06-09;99;73;7299;3844;20.7;10.9
978;2021-06-10;112;63;7411;3907;21.0;11.1
978;2021-06-11;116;106;7527;4013;21.3;11.4
978;2021-06-12;57;30;7584;4043;21.5;11.4
978;2021-06-13;0;0;7584;4043;21.5;11.4
978;2021-06-14;106;127;7690;4170;21.8;11.8
978;2021-06-15;88;120;7778;4290;22.0;12.1
978;2021-06-16;105;148;7883;4438;22.3;12.6
978;2021-06-17;85;72;7968;4510;22.6;12.8
978;2021-06-18;67;99;8035;4609;22.7;13.0
978;2021-06-19;65;79;8100;4688;22.9;13.3
978;2021-06-20;0;0;8100;4688;22.9;13.3
978;2021-06-21;78;150;8178;4838;23.1;13.7
978;2021-06-22;71;103;8249;4941;23.3;14.0
978;2021-06-23;68;115;8317;5056;23.5;14.3
978;2021-06-24;44;75;8361;5131;23.7;14.5
978;2021-06-25;64;100;8425;5231;23.8;14.8
978;2021-06-26;35;61;8460;5292;23.9;15.0
978;2021-06-27;0;0;8460;5292;23.9;15.0
978;2021-06-28;74;131;8534;5423;24.2;15.3
978;2021-06-29;62;104;8596;5527;24.3;15.6
978;2021-06-30;56;110;8652;5637;24.5;16.0
978;2021-07-01;42;87;8694;5724;24.6;16.2
978;2021-07-02;52;90;8746;5814;24.8;16.5
978;2021-07-03;40;90;8786;5904;24.9;16.7
978;2021-07-04;0;1;8786;5905;24.9;16.7
978;2021-07-05;67;93;8853;5998;25.1;17.0
978;2021-07-06;55;75;8908;6073;25.2;17.2
978;2021-07-07;55;123;8963;6196;25.4;17.5
978;2021-07-08;54;107;9017;6303;25.5;17.8
978;2021-07-09;46;92;9063;6395;25.6;18.1
978;2021-07-10;38;85;9101;6480;25.8;18.3
978;2021-07-11;0;4;9101;6484;25.8;18.4
978;2021-07-12;71;130;9172;6614;26.0;18.7
978;2021-07-13;146;162;9318;6776;26.4;19.2
978;2021-07-14;3;0;9321;6776;26.4;19.2
978;2021-07-15;162;195;9483;6971;26.8;19.7
978;2021-07-16;113;113;9596;7084;27.2;20.0
978;2021-07-17;52;100;9648;7184;27.3;20.3
978;2021-07-18;0;0;9648;7184;27.3;20.3
978;2021-07-19;99;133;9747;7317;27.6;20.7
978;2021-07-20;80;74;9827;7391;27.8;20.9
978;2021-07-21;63;50;9890;7441;28.0;21.1
978;2021-07-22;99;115;9989;7556;28.3;21.4
978;2021-07-23;67;98;10056;7654;28.5;21.7
978;2021-07-24;20;35;10076;7689;28.5;21.8
978;2021-07-25;0;0;10076;7689;28.5;21.8
978;2021-07-26;99;116;10175;7805;28.8;22.1
978;2021-07-27;72;144;10247;7949;29.0;22.5
978;2021-07-28;72;126;10319;8075;29.2;22.9
978;2021-07-29;80;98;10399;8173;29.4;23.1
978;2021-07-30;82;116;10481;8289;29.7;23.5
978;2021-07-31;49;67;10530;8356;29.8;23.6
978;2021-08-01;0;0;10530;8356;29.8;23.6
978;2021-08-02;65;95;10595;8451;30.0;23.9
978;2021-08-03;60;94;10655;8545;30.2;24.2
978;2021-08-04;64;55;10719;8600;30.3;24.3
978;2021-08-05;48;70;10767;8670;30.5;24.5
978;2021-08-06;74;128;10841;8798;30.7;24.9
978;2021-08-07;44;45;10885;8843;30.8;25.0
978;2021-08-08;0;0;10885;8843;30.8;25.0
978;2021-08-09;139;150;11024;8993;31.2;25.5
978;2021-08-10;82;93;11106;9086;31.4;25.7
978;2021-08-11;106;99;11212;9185;31.7;26.0
978;2021-08-12;99;99;11311;9284;32.0;26.3
978;2021-08-13;131;74;11442;9358;32.4;26.5
978;2021-08-14;74;99;11516;9457;32.6;26.8
978;2021-08-15;0;0;11516;9457;32.6;26.8
978;2021-08-16;45;70;11561;9527;32.7;27.0
978;2021-08-17;32;33;11593;9560;32.8;27.1
978;2021-08-18;35;55;11628;9615;32.9;27.2
978;2021-08-19;34;25;11662;9640;33.0;27.3
978;2021-08-20;46;60;11708;9700;33.1;27.5
978;2021-08-21;0;0;11708;9700;33.1;27.5
978;2021-08-22;0;0;11708;9700;33.1;27.5
978;2021-08-23;51;86;11759;9786;33.3;27.7
978;2021-08-24;31;51;11790;9837;33.4;27.8
978;2021-08-25;26;51;11816;9888;33.4;28.0
978;2021-08-26;30;26;11846;9914;33.5;28.1
978;2021-08-27;46;87;11892;10001;33.7;28.3
978;2021-08-28;0;0;11892;10001;33.7;28.3
978;2021-08-29;0;0;11892;10001;33.7;28.3
978;2021-08-30;39;113;11931;10114;33.8;28.6
978;2021-08-31;45;80;11976;10194;33.9;28.9
978;2021-09-01;30;85;12006;10279;34.0;29.1
978;2021-09-02;37;70;12043;10349;34.1;29.3
