dep;jour;n_dose1;n_complet;n_cum_dose1;n_cum_complet;couv_dose1;couv_complet
01;2020-12-27;1;0;1;0;0.0;0.0
01;2020-12-28;0;0;1;0;0.0;0.0
01;2020-12-29;0;0;1;0;0.0;0.0
01;2020-12-30;0;0;1;0;0.0;0.0
01;2020-12-31;0;0;1;0;0.0;0.0
01;2021-01-01;1;0;2;0;0.0;0.0
01;2021-01-02;0;0;2;0;0.0;0.0
01;2021-01-03;0;0;2;0;0.0;0.0
01;2021-01-04;2;0;4;0;0.0;0.0
01;2021-01-05;2;0;6;0;0.0;0.0
01;2021-01-06;1;0;7;0;0.0;0.0
01;2021-01-07;67;0;74;0;0.0;0.0
01;2021-01-08;159;0;233;0;0.0;0.0
01;2021-01-09;2;1;235;1;0.0;0.0
01;2021-01-10;0;0;235;1;0.0;0.0
01;2021-01-11;148;0;383;1;0.1;0.0
01;2021-01-12;317;2;700;3;0.1;0.0
01;2021-01-13;444;1;1144;4;0.2;0.0
01;2021-01-14;529;3;1673;7;0.3;0.0
01;2021-01-15;397;3;2070;10;0.3;0.0
01;2021-01-16;202;0;2272;10;0.3;0.0
01;2021-01-17;128;0;2400;10;0.4;0.0
01;2021-01-18;378;1;2778;11;0.4;0.0
01;2021-01-19;1040;1;3818;12;0.6;0.0
01;2021-01-20;1261;2;5079;14;0.8;0.0
01;2021-01-21;1098;4;6177;18;0.9;0.0
01;2021-01-22;645;0;6822;18;1.0;0.0
01;2021-01-23;222;0;7044;18;1.1;0.0
01;2021-01-24;71;1;7115;19;1.1;0.0
01;2021-01-25;484;1;7599;20;1.2;0.0
01;2021-01-26;740;3;8339;23;1.3;0.0
01;2021-01-27;518;5;8857;28;1.3;0.0
01;2021-01-28;682;54;9539;82;1.5;0.0
01;2021-01-29;637;102;10176;184;1.5;0.0
01;2021-01-30;236;15;10412;199;1.6;0.0
01;2021-01-31;62;0;10474;199;1.6;0.0
01;2021-02-01;458;73;10932;272;1.7;0.0
01;2021-02-02;514;183;11446;455;1.7;0.1
01;2021-02-03;374;297;11820;752;1.8;0.1
01;2021-02-04;478;418;12298;1170;1.9;0.2
01;2021-02-05;441;280;12739;1450;1.9;0.2
01;2021-02-06;260;141;12999;1591;2.0;0.2
01;2021-02-07;2;112;13001;1703;2.0;0.3
01;2021-02-08;505;405;13506;2108;2.1;0.3
01;2021-02-09;774;858;14280;2966;2.2;0.5
01;2021-02-10;951;715;15231;3681;2.3;0.6
01;2021-02-11;791;771;16022;4452;2.4;0.7
01;2021-02-12;639;552;16661;5004;2.5;0.8
01;2021-02-13;161;149;16822;5153;2.6;0.8
01;2021-02-14;0;9;16822;5162;2.6;0.8
01;2021-02-15;437;446;17259;5608;2.6;0.9
01;2021-02-16;657;414;17916;6022;2.7;0.9
01;2021-02-17;519;248;18435;6270;2.8;1.0
01;2021-02-18;589;567;19024;6837;2.9;1.0
01;2021-02-19;578;248;19602;7085;3.0;1.1
01;2021-02-20;201;154;19803;7239;3.0;1.1
01;2021-02-21;0;1;19803;7240;3.0;1.1
01;2021-02-22;427;555;20230;7795;3.1;1.2
01;2021-02-23;483;524;20713;8319;3.2;1.3
01;2021-02-24;434;465;21147;8784;3.2;1.3
01;2021-02-25;826;608;21973;9392;3.3;1.4
01;2021-02-26;873;546;22846;9938;3.5;1.5
01;2021-02-27;480;117;23326;10055;3.6;1.5
01;2021-02-28;20;3;23346;10058;3.6;1.5
01;2021-03-01;629;456;23975;10514;3.6;1.6
01;2021-03-02;962;556;24937;11070;3.8;1.7
01;2021-03-03;938;661;25875;11731;3.9;1.8
01;2021-03-04;1198;642;27073;12373;4.1;1.9
01;2021-03-05;1354;496;28427;12869;4.3;2.0
01;2021-03-06;781;101;29208;12970;4.4;2.0
01;2021-03-07;43;1;29251;12971;4.5;2.0
01;2021-03-08;669;625;29920;13596;4.6;2.1
01;2021-03-09;1337;610;31257;14206;4.8;2.2
01;2021-03-10;1161;557;32418;14763;4.9;2.2
01;2021-03-11;1684;642;34102;15405;5.2;2.3
01;2021-03-12;2004;639;36106;16044;5.5;2.4
01;2021-03-13;1499;94;37605;16138;5.7;2.5
01;2021-03-14;132;59;37737;16197;5.7;2.5
01;2021-03-15;1157;406;38894;16603;5.9;2.5
01;2021-03-16;1011;562;39905;17165;6.1;2.6
01;2021-03-17;839;345;40744;17510;6.2;2.7
01;2021-03-18;1293;468;42037;17978;6.4;2.7
01;2021-03-19;1746;539;43783;18517;6.7;2.8
01;2021-03-20;1445;134;45228;18651;6.9;2.8
01;2021-03-21;97;11;45325;18662;6.9;2.8
01;2021-03-22;1575;493;46900;19155;7.1;2.9
01;2021-03-23;2196;646;49096;19801;7.5;3.0
01;2021-03-24;1616;413;50712;20214;7.7;3.1
01;2021-03-25;2910;635;53622;20849;8.2;3.2
01;2021-03-26;2871;615;56493;21464;8.6;3.3
01;2021-03-27;1310;158;57803;21622;8.8;3.3
01;2021-03-28;22;1;57825;21623;8.8;3.3
01;2021-03-29;1930;544;59755;22167;9.1;3.4
01;2021-03-30;2514;760;62269;22927;9.5;3.5
01;2021-03-31;1868;629;64137;23556;9.8;3.6
01;2021-04-01;2570;857;66707;24413;10.2;3.7
01;2021-04-02;2815;719;69522;25132;10.6;3.8
01;2021-04-03;1256;131;70778;25263;10.8;3.8
01;2021-04-04;2;0;70780;25263;10.8;3.8
01;2021-04-05;1260;61;72040;25324;11.0;3.9
01;2021-04-06;2821;791;74861;26115;11.4;4.0
01;2021-04-07;2739;707;77600;26822;11.8;4.1
01;2021-04-08;3241;997;80841;27819;12.3;4.2
01;2021-04-09;3989;1332;84830;29151;12.9;4.4
01;2021-04-10;1824;302;86654;29453;13.2;4.5
01;2021-04-11;44;22;86698;29475;13.2;4.5
01;2021-04-12;2715;1220;89413;30695;13.6;4.7
01;2021-04-13;2940;1319;92353;32014;14.1;4.9
01;2021-04-14;3124;1077;95477;33091;14.5;5.0
01;2021-04-15;3072;1476;98549;34567;15.0;5.3
01;2021-04-16;2861;1575;101410;36142;15.4;5.5
01;2021-04-17;1654;681;103064;36823;15.7;5.6
01;2021-04-18;13;0;103077;36823;15.7;5.6
01;2021-04-19;2039;1518;105116;38341;16.0;5.8
01;2021-04-20;2663;1571;107779;39912;16.4;6.1
01;2021-04-21;2686;1347;110465;41259;16.8;6.3
01;2021-04-22;2835;1529;113300;42788;17.2;6.5
01;2021-04-23;2764;1530;116064;44318;17.7;6.7
01;2021-04-24;1447;650;117511;44968;17.9;6.8
01;2021-04-25;9;0;117520;44968;17.9;6.8
01;2021-04-26;1970;1730;119490;46698;18.2;7.1
01;2021-04-27;2573;1555;122063;48253;18.6;7.3
01;2021-04-28;2500;1572;124563;49825;19.0;7.6
01;2021-04-29;2716;1772;127279;51597;19.4;7.9
01;2021-04-30;2983;2251;130262;53848;19.8;8.2
01;2021-05-01;1472;858;131734;54706;20.1;8.3
01;2021-05-02;546;76;132280;54782;20.1;8.3
01;2021-05-03;2293;2479;134573;57261;20.5;8.7
01;2021-05-04;2541;2653;137114;59914;20.9;9.1
01;2021-05-05;2529;2502;139643;62416;21.3;9.5
01;2021-05-06;2995;2530;142638;64946;21.7;9.9
01;2021-05-07;3216;2781;145854;67727;22.2;10.3
01;2021-05-08;1646;923;147500;68650;22.5;10.4
01;2021-05-09;1023;160;148523;68810;22.6;10.5
01;2021-05-10;2502;3074;151025;71884;23.0;10.9
01;2021-05-11;3581;3064;154606;74948;23.5;11.4
01;2021-05-12;3650;3001;158256;77949;24.1;11.9
01;2021-05-13;4086;1501;162342;79450;24.7;12.1
01;2021-05-14;4270;2345;166612;81795;25.4;12.5
01;2021-05-15;3157;1434;169769;83229;25.8;12.7
01;2021-05-16;1413;150;171182;83379;26.1;12.7
01;2021-05-17;3445;2468;174627;85847;26.6;13.1
01;2021-05-18;4075;1962;178702;87809;27.2;13.4
01;2021-05-19;3973;1905;182675;89714;27.8;13.7
01;2021-05-20;4529;2015;187204;91729;28.5;14.0
01;2021-05-21;4620;2200;191824;93929;29.2;14.3
01;2021-05-22;3369;956;195193;94885;29.7;14.4
01;2021-05-23;834;82;196027;94967;29.8;14.5
01;2021-05-24;2765;500;198792;95467;30.3;14.5
01;2021-05-25;3558;2431;202350;97898;30.8;14.9
01;2021-05-26;3571;2252;205921;100150;31.3;15.2
01;2021-05-27;3852;2099;209773;102249;31.9;15.6
01;2021-05-28;3664;2637;213437;104886;32.5;16.0
01;2021-05-29;3060;1303;216497;106189;33.0;16.2
01;2021-05-30;613;88;217110;106277;33.0;16.2
01;2021-05-31;2406;2517;219516;108794;33.4;16.6
01;2021-06-01;2767;2588;222283;111382;33.8;17.0
01;2021-06-02;2882;2202;225165;113584;34.3;17.3
01;2021-06-03;3363;2435;228528;116019;34.8;17.7
01;2021-06-04;4499;3361;233027;119380;35.5;18.2
01;2021-06-05;3253;1726;236280;121106;36.0;18.4
01;2021-06-06;670;78;236950;121184;36.1;18.4
01;2021-06-07;3389;2873;240339;124057;36.6;18.9
01;2021-06-08;3649;2710;243988;126767;37.1;19.3
01;2021-06-09;2947;2637;246935;129404;37.6;19.7
01;2021-06-10;2765;2042;249700;131446;38.0;20.0
01;2021-06-11;3070;3368;252770;134814;38.5;20.5
01;2021-06-12;2404;2199;255174;137013;38.8;20.9
01;2021-06-13;200;479;255374;137492;38.9;20.9
01;2021-06-14;2122;3166;257496;140658;39.2;21.4
01;2021-06-15;2004;3362;259500;144020;39.5;21.9
01;2021-06-16;2179;3288;261679;147308;39.8;22.4
01;2021-06-17;1957;3172;263636;150480;40.1;22.9
01;2021-06-18;2645;4163;266281;154643;40.5;23.5
01;2021-06-19;1727;2554;268008;157197;40.8;23.9
01;2021-06-20;159;497;268167;157694;40.8;24.0
01;2021-06-21;1800;3705;269967;161399;41.1;24.6
01;2021-06-22;1549;3997;271516;165396;41.3;25.2
01;2021-06-23;1585;3754;273101;169150;41.6;25.7
01;2021-06-24;1471;3566;274572;172716;41.8;26.3
01;2021-06-25;1889;4563;276461;177279;42.1;27.0
01;2021-06-26;1210;2946;277671;180225;42.3;27.4
01;2021-06-27;170;339;277841;180564;42.3;27.5
01;2021-06-28;1383;4025;279224;184589;42.5;28.1
01;2021-06-29;1411;3851;280635;188440;42.7;28.7
01;2021-06-30;1377;4159;282012;192599;42.9;29.3
01;2021-07-01;1430;4091;283442;196690;43.1;29.9
01;2021-07-02;1587;4987;285029;201677;43.4;30.7
01;2021-07-03;858;3377;285887;205054;43.5;31.2
01;2021-07-04;105;499;285992;205553;43.5;31.3
01;2021-07-05;1488;4086;287480;209639;43.8;31.9
01;2021-07-06;1105;4277;288585;213916;43.9;32.6
01;2021-07-07;1755;3699;290340;217615;44.2;33.1
01;2021-07-08;1471;3673;291811;221288;44.4;33.7
01;2021-07-09;1885;4363;293696;225651;44.7;34.3
01;2021-07-10;1119;3437;294815;229088;44.9;34.9
01;2021-07-11;105;418;294920;229506;44.9;34.9
01;2021-07-12;1421;3840;296341;233346;45.1;35.5
01;2021-07-13;2057;4116;298398;237462;45.4;36.1
01;2021-07-14;146;180;298544;237642;45.4;36.2
01;2021-07-15;3087;4191;301631;241833;45.9;36.8
01;2021-07-16;3744;4840;305375;246673;46.5;37.5
01;2021-07-17;2202;3048;307577;249721;46.8;38.0
01;2021-07-18;289;551;307866;250272;46.9;38.1
01;2021-07-19;2913;3869;310779;254141;47.3;38.7
01;2021-07-20;3293;3687;314072;257828;47.8;39.2
01;2021-07-21;3933;3560;318005;261388;48.4;39.8
01;2021-07-22;4216;3492;322221;264880;49.0;40.3
01;2021-07-23;3937;4211;326158;269091;49.6;41.0
01;2021-07-24;2728;2714;328886;271805;50.1;41.4
01;2021-07-25;59;59;328945;271864;50.1;41.4
01;2021-07-26;3343;3241;332288;275105;50.6;41.9
01;2021-07-27;4091;2787;336379;277892;51.2;42.3
01;2021-07-28;3979;2650;340358;280542;51.8;42.7
01;2021-07-29;4693;2433;345051;282975;52.5;43.1
01;2021-07-30;4449;3435;349500;286410;53.2;43.6
01;2021-07-31;3634;1779;353134;288189;53.8;43.9
01;2021-08-01;392;76;353526;288265;53.8;43.9
01;2021-08-02;3056;2452;356582;290717;54.3;44.3
01;2021-08-03;3057;2453;359639;293170;54.7;44.6
01;2021-08-04;2534;1731;362173;294901;55.1;44.9
01;2021-08-05;2234;2365;364407;297266;55.5;45.2
01;2021-08-06;2733;3113;367140;300379;55.9;45.7
01;2021-08-07;2043;1835;369183;302214;56.2;46.0
01;2021-08-08;244;257;369427;302471;56.2;46.0
01;2021-08-09;1123;2637;370550;305108;56.4;46.4
01;2021-08-10;1433;2416;371983;307524;56.6;46.8
01;2021-08-11;1458;2594;373441;310118;56.8;47.2
01;2021-08-12;1588;2813;375029;312931;57.1;47.6
01;2021-08-13;1797;2714;376826;315645;57.4;48.0
01;2021-08-14;1378;2232;378204;317877;57.6;48.4
01;2021-08-15;11;21;378215;317898;57.6;48.4
01;2021-08-16;973;3009;379188;320907;57.7;48.8
01;2021-08-17;1344;2755;380532;323662;57.9;49.3
01;2021-08-18;1248;2904;381780;326566;58.1;49.7
01;2021-08-19;1282;2418;383062;328984;58.3;50.1
01;2021-08-20;1451;3945;384513;332929;58.5;50.7
01;2021-08-21;881;2845;385394;335774;58.7;51.1
01;2021-08-22;18;20;385412;335794;58.7;51.1
01;2021-08-23;1112;3017;386524;338811;58.8;51.6
01;2021-08-24;1210;3141;387734;341952;59.0;52.1
01;2021-08-25;1103;2981;388837;344933;59.2;52.5
02;2020-12-27;0;0;0;0;0.0;0.0
02;2020-12-28;0;0;0;0;0.0;0.0
02;2020-12-29;0;0;0;0;0.0;0.0
02;2020-12-30;0;0;0;0;0.0;0.0
02;2020-12-31;0;0;0;0;0.0;0.0
02;2021-01-01;0;0;0;0;0.0;0.0
02;2021-01-02;0;0;0;0;0.0;0.0
02;2021-01-03;0;0;0;0;0.0;0.0
02;2021-01-04;0;0;0;0;0.0;0.0
02;2021-01-05;0;0;0;0;0.0;0.0
02;2021-01-06;22;0;22;0;0.0;0.0
02;2021-01-07;261;2;283;2;0.1;0.0
02;2021-01-08;489;3;772;5;0.1;0.0
02;2021-01-09;74;0;846;5;0.2;0.0
02;2021-01-10;49;0;895;5;0.2;0.0
02;2021-01-11;267;0;1162;5;0.2;0.0
02;2021-01-12;355;1;1517;6;0.3;0.0
02;2021-01-13;468;4;1985;10;0.4;0.0
02;2021-01-14;651;11;2636;21;0.5;0.0
02;2021-01-15;630;7;3266;28;0.6;0.0
02;2021-01-16;333;4;3599;32;0.7;0.0
02;2021-01-17;62;0;3661;32;0.7;0.0
02;2021-01-18;811;5;4472;37;0.9;0.0
02;2021-01-19;942;5;5414;42;1.0;0.0
02;2021-01-20;1430;5;6844;47;1.3;0.0
02;2021-01-21;2601;6;9445;53;1.8;0.0
02;2021-01-22;1421;5;10866;58;2.1;0.0
02;2021-01-23;291;1;11157;59;2.1;0.0
02;2021-01-24;67;0;11224;59;2.1;0.0
02;2021-01-25;432;10;11656;69;2.2;0.0
02;2021-01-26;704;16;12360;85;2.3;0.0
02;2021-01-27;161;2;12521;87;2.4;0.0
02;2021-01-28;69;247;12590;334;2.4;0.1
02;2021-01-29;119;418;12709;752;2.4;0.1
02;2021-01-30;4;14;12713;766;2.4;0.1
02;2021-01-31;0;10;12713;776;2.4;0.1
02;2021-02-01;11;212;12724;988;2.4;0.2
02;2021-02-02;45;331;12769;1319;2.4;0.3
02;2021-02-03;124;337;12893;1656;2.5;0.3
02;2021-02-04;227;357;13120;2013;2.5;0.4
02;2021-02-05;178;418;13298;2431;2.5;0.5
02;2021-02-06;66;175;13364;2606;2.5;0.5
02;2021-02-07;9;0;13373;2606;2.5;0.5
02;2021-02-08;305;435;13678;3041;2.6;0.6
02;2021-02-09;322;679;14000;3720;2.7;0.7
02;2021-02-10;485;1045;14485;4765;2.8;0.9
02;2021-02-11;938;1906;15423;6671;2.9;1.3
02;2021-02-12;885;1120;16308;7791;3.1;1.5
02;2021-02-13;290;129;16598;7920;3.2;1.5
02;2021-02-14;1;5;16599;7925;3.2;1.5
02;2021-02-15;344;680;16943;8605;3.2;1.6
02;2021-02-16;413;563;17356;9168;3.3;1.7
02;2021-02-17;498;630;17854;9798;3.4;1.9
02;2021-02-18;507;444;18361;10242;3.5;1.9
02;2021-02-19;444;573;18805;10815;3.6;2.1
02;2021-02-20;372;233;19177;11048;3.6;2.1
02;2021-02-21;39;17;19216;11065;3.7;2.1
02;2021-02-22;377;317;19593;11382;3.7;2.2
02;2021-02-23;432;362;20025;11744;3.8;2.2
02;2021-02-24;600;146;20625;11890;3.9;2.3
02;2021-02-25;870;136;21495;12026;4.1;2.3
02;2021-02-26;808;73;22303;12099;4.2;2.3
02;2021-02-27;445;14;22748;12113;4.3;2.3
02;2021-02-28;55;2;22803;12115;4.3;2.3
02;2021-03-01;638;24;23441;12139;4.5;2.3
02;2021-03-02;1032;126;24473;12265;4.7;2.3
02;2021-03-03;754;205;25227;12470;4.8;2.4
02;2021-03-04;1162;675;26389;13145;5.0;2.5
02;2021-03-05;1049;508;27438;13653;5.2;2.6
02;2021-03-06;2138;99;29576;13752;5.6;2.6
02;2021-03-07;1504;48;31080;13800;5.9;2.6
02;2021-03-08;573;368;31653;14168;6.0;2.7
02;2021-03-09;999;402;32652;14570;6.2;2.8
02;2021-03-10;895;475;33547;15045;6.4;2.9
02;2021-03-11;1293;391;34840;15436;6.6;2.9
02;2021-03-12;1705;417;36545;15853;6.9;3.0
02;2021-03-13;2592;239;39137;16092;7.4;3.1
02;2021-03-14;1457;43;40594;16135;7.7;3.1
02;2021-03-15;612;458;41206;16593;7.8;3.2
02;2021-03-16;863;401;42069;16994;8.0;3.2
02;2021-03-17;759;453;42828;17447;8.1;3.3
02;2021-03-18;608;619;43436;18066;8.3;3.4
02;2021-03-19;1172;301;44608;18367;8.5;3.5
02;2021-03-20;2430;158;47038;18525;8.9;3.5
02;2021-03-21;1488;81;48526;18606;9.2;3.5
02;2021-03-22;762;499;49288;19105;9.4;3.6
02;2021-03-23;1194;552;50482;19657;9.6;3.7
02;2021-03-24;1582;502;52064;20159;9.9;3.8
02;2021-03-25;1694;597;53758;20756;10.2;3.9
02;2021-03-26;2412;492;56170;21248;10.7;4.0
02;2021-03-27;2495;130;58665;21378;11.2;4.1
02;2021-03-28;638;14;59303;21392;11.3;4.1
02;2021-03-29;1038;861;60341;22253;11.5;4.2
02;2021-03-30;1554;842;61895;23095;11.8;4.4
02;2021-03-31;1299;717;63194;23812;12.0;4.5
02;2021-04-01;1290;861;64484;24673;12.3;4.7
02;2021-04-02;1184;1230;65668;25903;12.5;4.9
02;2021-04-03;2647;852;68315;26755;13.0;5.1
02;2021-04-04;727;239;69042;26994;13.1;5.1
02;2021-04-05;1509;132;70551;27126;13.4;5.2
02;2021-04-06;1540;854;72091;27980;13.7;5.3
02;2021-04-07;1871;778;73962;28758;14.1;5.5
02;2021-04-08;1918;1106;75880;29864;14.4;5.7
02;2021-04-09;2433;1090;78313;30954;14.9;5.9
02;2021-04-10;2430;1209;80743;32163;15.3;6.1
02;2021-04-11;476;416;81219;32579;15.4;6.2
02;2021-04-12;1824;630;83043;33209;15.8;6.3
02;2021-04-13;1601;927;84644;34136;16.1;6.5
02;2021-04-14;2584;970;87228;35106;16.6;6.7
02;2021-04-15;2497;773;89725;35879;17.1;6.8
02;2021-04-16;2439;1128;92164;37007;17.5;7.0
02;2021-04-17;1890;2147;94054;39154;17.9;7.4
02;2021-04-18;270;814;94324;39968;17.9;7.6
02;2021-04-19;1158;633;95482;40601;18.2;7.7
02;2021-04-20;1676;765;97158;41366;18.5;7.9
02;2021-04-21;1550;993;98708;42359;18.8;8.1
02;2021-04-22;1748;704;100456;43063;19.1;8.2
02;2021-04-23;1930;1415;102386;44478;19.5;8.5
02;2021-04-24;1714;1641;104100;46119;19.8;8.8
02;2021-04-25;462;235;104562;46354;19.9;8.8
02;2021-04-26;1339;563;105901;46917;20.1;8.9
02;2021-04-27;1627;1097;107528;48014;20.4;9.1
02;2021-04-28;1592;1438;109120;49452;20.7;9.4
02;2021-04-29;1885;1177;111005;50629;21.1;9.6
02;2021-04-30;2716;1657;113721;52286;21.6;9.9
02;2021-05-01;1989;1232;115710;53518;22.0;10.2
02;2021-05-02;1982;416;117692;53934;22.4;10.3
02;2021-05-03;2225;985;119917;54919;22.8;10.4
02;2021-05-04;1523;1318;121440;56237;23.1;10.7
02;2021-05-05;2330;1843;123770;58080;23.5;11.0
02;2021-05-06;2123;1738;125893;59818;23.9;11.4
02;2021-05-07;2357;2177;128250;61995;24.4;11.8
02;2021-05-08;2920;949;131170;62944;24.9;12.0
02;2021-05-09;1822;423;132992;63367;25.3;12.0
02;2021-05-10;2374;1481;135366;64848;25.7;12.3
02;2021-05-11;2878;1575;138244;66423;26.3;12.6
02;2021-05-12;2674;1625;140918;68048;26.8;12.9
02;2021-05-13;2991;1040;143909;69088;27.4;13.1
02;2021-05-14;3380;1206;147289;70294;28.0;13.4
02;2021-05-15;4374;1091;151663;71385;28.8;13.6
02;2021-05-16;2799;212;154462;71597;29.4;13.6
02;2021-05-17;2147;665;156609;72262;29.8;13.7
02;2021-05-18;2634;976;159243;73238;30.3;13.9
02;2021-05-19;2852;999;162095;74237;30.8;14.1
02;2021-05-20;3552;1233;165647;75470;31.5;14.3
02;2021-05-21;3819;1069;169466;76539;32.2;14.5
02;2021-05-22;5848;968;175314;77507;33.3;14.7
02;2021-05-23;2659;239;177973;77746;33.8;14.8
02;2021-05-24;3541;542;181514;78288;34.5;14.9
02;2021-05-25;2260;1164;183774;79452;34.9;15.1
02;2021-05-26;3080;1498;186854;80950;35.5;15.4
02;2021-05-27;3650;1491;190504;82441;36.2;15.7
02;2021-05-28;3513;1587;194017;84028;36.9;16.0
02;2021-05-29;4081;1576;198098;85604;37.7;16.3
02;2021-05-30;1449;187;199547;85791;37.9;16.3
02;2021-05-31;2576;1194;202123;86985;38.4;16.5
02;2021-06-01;2867;1872;204990;88857;39.0;16.9
02;2021-06-02;3161;1651;208151;90508;39.6;17.2
02;2021-06-03;2857;1836;211008;92344;40.1;17.6
02;2021-06-04;3142;2060;214150;94404;40.7;17.9
02;2021-06-05;3440;1733;217590;96137;41.4;18.3
02;2021-06-06;1738;258;219328;96395;41.7;18.3
02;2021-06-07;1613;1500;220941;97895;42.0;18.6
02;2021-06-08;2063;1851;223004;99746;42.4;19.0
02;2021-06-09;2057;1650;225061;101396;42.8;19.3
02;2021-06-10;2013;1836;227074;103232;43.2;19.6
02;2021-06-11;2195;3071;229269;106303;43.6;20.2
02;2021-06-12;2312;2595;231581;108898;44.0;20.7
02;2021-06-13;684;1387;232265;110285;44.2;21.0
02;2021-06-14;1047;2393;233312;112678;44.4;21.4
02;2021-06-15;1519;2465;234831;115143;44.6;21.9
02;2021-06-16;1534;2750;236365;117893;44.9;22.4
02;2021-06-17;1782;2861;238147;120754;45.3;23.0
02;2021-06-18;2312;3572;240459;124326;45.7;23.6
02;2021-06-19;1841;3820;242300;128146;46.1;24.4
02;2021-06-20;644;1522;242944;129668;46.2;24.6
02;2021-06-21;807;3196;243751;132864;46.3;25.3
02;2021-06-22;1155;3668;244906;136532;46.6;26.0
02;2021-06-23;1227;3589;246133;140121;46.8;26.6
02;2021-06-24;1327;3150;247460;143271;47.0;27.2
02;2021-06-25;1400;4546;248860;147817;47.3;28.1
02;2021-06-26;1346;4228;250206;152045;47.6;28.9
02;2021-06-27;599;2334;250805;154379;47.7;29.3
02;2021-06-28;878;3021;251683;157400;47.8;29.9
02;2021-06-29;919;2928;252602;160328;48.0;30.5
02;2021-06-30;1510;3163;254112;163491;48.3;31.1
02;2021-07-01;1196;3590;255308;167081;48.5;31.8
02;2021-07-02;1360;5137;256668;172218;48.8;32.7
02;2021-07-03;997;5989;257665;178207;49.0;33.9
02;2021-07-04;509;2367;258174;180574;49.1;34.3
02;2021-07-05;661;3937;258835;184511;49.2;35.1
02;2021-07-06;672;3047;259507;187558;49.3;35.7
02;2021-07-07;1322;3726;260829;191284;49.6;36.4
02;2021-07-08;1394;3874;262223;195158;49.8;37.1
02;2021-07-09;1281;4218;263504;199376;50.1;37.9
02;2021-07-10;1332;4609;264836;203985;50.3;38.8
02;2021-07-11;481;1968;265317;205953;50.4;39.2
02;2021-07-12;1416;3732;266733;209685;50.7;39.9
02;2021-07-13;2067;3661;268800;213346;51.1;40.6
02;2021-07-14;1755;1598;270555;214944;51.4;40.9
02;2021-07-15;2724;3556;273279;218500;51.9;41.5
02;2021-07-16;3165;4221;276444;222721;52.6;42.3
02;2021-07-17;3562;4227;280006;226948;53.2;43.1
02;2021-07-18;2038;1615;282044;228563;53.6;43.4
02;2021-07-19;3440;3036;285484;231599;54.3;44.0
02;2021-07-20;3500;3301;288984;234900;54.9;44.7
02;2021-07-21;3907;2949;292891;237849;55.7;45.2
02;2021-07-22;3318;2804;296209;240653;56.3;45.7
02;2021-07-23;3193;3560;299402;244213;56.9;46.4
02;2021-07-24;4446;3723;303848;247936;57.8;47.1
02;2021-07-25;2188;1087;306036;249023;58.2;47.3
02;2021-07-26;3877;2247;309913;251270;58.9;47.8
02;2021-07-27;3653;2148;313566;253418;59.6;48.2
02;2021-07-28;3280;2093;316846;255511;60.2;48.6
02;2021-07-29;2579;2219;319425;257730;60.7;49.0
02;2021-07-30;3311;2309;322736;260039;61.4;49.4
02;2021-07-31;4174;2275;326910;262314;62.1;49.9
02;2021-08-01;1472;689;328382;263003;62.4;50.0
02;2021-08-02;2035;1605;330417;264608;62.8;50.3
02;2021-08-03;2527;1903;332944;266511;63.3;50.7
02;2021-08-04;2551;1701;335495;268212;63.8;51.0
02;2021-08-05;1842;2267;337337;270479;64.1;51.4
02;2021-08-06;2086;2747;339423;273226;64.5;51.9
02;2021-08-07;2512;2778;341935;276004;65.0;52.5
02;2021-08-08;1025;1570;342960;277574;65.2;52.8
02;2021-08-09;1893;2744;344853;280318;65.6;53.3
02;2021-08-10;1758;2458;346611;282776;65.9;53.8
02;2021-08-11;1475;2109;348086;284885;66.2;54.2
02;2021-08-12;1200;2331;349286;287216;66.4;54.6
02;2021-08-13;1609;2906;350895;290122;66.7;55.2
02;2021-08-14;1647;3690;352542;293812;67.0;55.9
02;2021-08-15;161;571;352703;294383;67.0;56.0
02;2021-08-16;1269;3756;353972;298139;67.3;56.7
02;2021-08-17;1417;2833;355389;300972;67.6;57.2
02;2021-08-18;1574;3180;356963;304152;67.9;57.8
02;2021-08-19;1132;3217;358095;307369;68.1;58.4
02;2021-08-20;1183;2934;359278;310303;68.3;59.0
02;2021-08-21;1442;4079;360720;314382;68.6;59.8
02;2021-08-22;403;1651;361123;316033;68.6;60.1
02;2021-08-23;1152;3072;362275;319105;68.9;60.7
02;2021-08-24;900;2179;363175;321284;69.0;61.1
02;2021-08-25;1018;2584;364193;323868;69.2;61.6
03;2020-12-27;0;0;0;0;0.0;0.0
03;2020-12-28;0;0;0;0;0.0;0.0
03;2020-12-29;0;0;0;0;0.0;0.0
03;2020-12-30;1;0;1;0;0.0;0.0
03;2020-12-31;0;0;1;0;0.0;0.0
03;2021-01-01;0;0;1;0;0.0;0.0
03;2021-01-02;0;0;1;0;0.0;0.0
03;2021-01-03;0;0;1;0;0.0;0.0
03;2021-01-04;0;0;1;0;0.0;0.0
03;2021-01-05;0;0;1;0;0.0;0.0
03;2021-01-06;10;0;11;0;0.0;0.0
03;2021-01-07;61;0;72;0;0.0;0.0
03;2021-01-08;146;1;218;1;0.1;0.0
03;2021-01-09;122;0;340;1;0.1;0.0
03;2021-01-10;6;0;346;1;0.1;0.0
03;2021-01-11;412;1;758;2;0.2;0.0
03;2021-01-12;631;0;1389;2;0.4;0.0
03;2021-01-13;669;2;2058;4;0.6;0.0
03;2021-01-14;861;4;2919;8;0.9;0.0
03;2021-01-15;387;3;3306;11;1.0;0.0
03;2021-01-16;278;0;3584;11;1.1;0.0
03;2021-01-17;42;0;3626;11;1.1;0.0
03;2021-01-18;878;0;4504;11;1.4;0.0
03;2021-01-19;1149;1;5653;12;1.7;0.0
03;2021-01-20;1291;4;6944;16;2.1;0.0
03;2021-01-21;1201;5;8145;21;2.5;0.0
03;2021-01-22;1116;4;9261;25;2.8;0.0
03;2021-01-23;466;0;9727;25;2.9;0.0
03;2021-01-24;0;0;9727;25;2.9;0.0
03;2021-01-25;186;0;9913;25;3.0;0.0
03;2021-01-26;679;14;10592;39;3.2;0.0
03;2021-01-27;695;11;11287;50;3.4;0.0
03;2021-01-28;1020;47;12307;97;3.7;0.0
03;2021-01-29;856;81;13163;178;4.0;0.1
03;2021-01-30;600;2;13763;180;4.2;0.1
03;2021-01-31;0;0;13763;180;4.2;0.1
03;2021-02-01;160;76;13923;256;4.2;0.1
03;2021-02-02;767;269;14690;525;4.4;0.2
03;2021-02-03;1056;493;15746;1018;4.8;0.3
03;2021-02-04;1549;634;17295;1652;5.2;0.5
03;2021-02-05;947;317;18242;1969;5.5;0.6
03;2021-02-06;152;13;18394;1982;5.6;0.6
03;2021-02-07;5;0;18399;1982;5.6;0.6
03;2021-02-08;128;56;18527;2038;5.6;0.6
03;2021-02-09;612;447;19139;2485;5.8;0.8
03;2021-02-10;485;344;19624;2829;5.9;0.9
03;2021-02-11;1026;584;20650;3413;6.2;1.0
03;2021-02-12;1075;550;21725;3963;6.6;1.2
03;2021-02-13;126;167;21851;4130;6.6;1.2
03;2021-02-14;0;1;21851;4131;6.6;1.2
03;2021-02-15;309;862;22160;4993;6.7;1.5
03;2021-02-16;547;1170;22707;6163;6.9;1.9
03;2021-02-17;453;1359;23160;7522;7.0;2.3
03;2021-02-18;368;1271;23528;8793;7.1;2.7
03;2021-02-19;496;795;24024;9588;7.3;2.9
03;2021-02-20;128;183;24152;9771;7.3;2.9
03;2021-02-21;2;1;24154;9772;7.3;2.9
03;2021-02-22;159;203;24313;9975;7.3;3.0
03;2021-02-23;721;951;25034;10926;7.6;3.3
03;2021-02-24;609;1021;25643;11947;7.7;3.6
03;2021-02-25;1089;1832;26732;13779;8.1;4.2
03;2021-02-26;821;1376;27553;15155;8.3;4.6
03;2021-02-27;96;258;27649;15413;8.3;4.7
03;2021-02-28;0;15;27649;15428;8.3;4.7
03;2021-03-01;178;240;27827;15668;8.4;4.7
03;2021-03-02;818;661;28645;16329;8.6;4.9
03;2021-03-03;894;449;29539;16778;8.9;5.1
03;2021-03-04;1533;586;31072;17364;9.4;5.2
03;2021-03-05;1120;734;32192;18098;9.7;5.5
03;2021-03-06;915;113;33107;18211;10.0;5.5
03;2021-03-07;2;0;33109;18211;10.0;5.5
03;2021-03-08;239;244;33348;18455;10.1;5.6
03;2021-03-09;1016;439;34364;18894;10.4;5.7
03;2021-03-10;941;550;35305;19444;10.7;5.9
03;2021-03-11;1677;654;36982;20098;11.2;6.1
03;2021-03-12;1302;866;38284;20964;11.6;6.3
03;2021-03-13;863;112;39147;21076;11.8;6.4
03;2021-03-14;2;9;39149;21085;11.8;6.4
03;2021-03-15;250;200;39399;21285;11.9;6.4
03;2021-03-16;650;405;40049;21690;12.1;6.5
03;2021-03-17;1302;444;41351;22134;12.5;6.7
03;2021-03-18;1720;393;43071;22527;13.0;6.8
03;2021-03-19;1729;363;44800;22890;13.5;6.9
03;2021-03-20;301;26;45101;22916;13.6;6.9
03;2021-03-21;1;0;45102;22916;13.6;6.9
03;2021-03-22;222;397;45324;23313;13.7;7.0
03;2021-03-23;1355;354;46679;23667;14.1;7.1
03;2021-03-24;1824;350;48503;24017;14.6;7.2
03;2021-03-25;2368;565;50871;24582;15.4;7.4
03;2021-03-26;2236;446;53107;25028;16.0;7.6
03;2021-03-27;817;21;53924;25049;16.3;7.6
03;2021-03-28;1;39;53925;25088;16.3;7.6
03;2021-03-29;659;176;54584;25264;16.5;7.6
03;2021-03-30;1907;449;56491;25713;17.1;7.8
03;2021-03-31;1014;986;57505;26699;17.4;8.1
03;2021-04-01;1338;1095;58843;27794;17.8;8.4
03;2021-04-02;1705;614;60548;28408;18.3;8.6
03;2021-04-03;366;97;60914;28505;18.4;8.6
03;2021-04-04;3;0;60917;28505;18.4;8.6
03;2021-04-05;18;14;60935;28519;18.4;8.6
03;2021-04-06;1072;410;62007;28929;18.7;8.7
03;2021-04-07;1562;522;63569;29451;19.2;8.9
03;2021-04-08;2121;480;65690;29931;19.8;9.0
03;2021-04-09;2058;1160;67748;31091;20.4;9.4
03;2021-04-10;1013;73;68761;31164;20.8;9.4
03;2021-04-11;478;9;69239;31173;20.9;9.4
03;2021-04-12;985;227;70224;31400;21.2;9.5
03;2021-04-13;1873;984;72097;32384;21.8;9.8
03;2021-04-14;2337;1220;74434;33604;22.5;10.1
03;2021-04-15;2621;1400;77055;35004;23.3;10.6
03;2021-04-16;2835;1173;79890;36177;24.1;10.9
03;2021-04-17;1082;441;80972;36618;24.4;11.1
03;2021-04-18;0;0;80972;36618;24.4;11.1
03;2021-04-19;1191;588;82163;37206;24.8;11.2
03;2021-04-20;1748;1276;83911;38482;25.3;11.6
03;2021-04-21;1122;1295;85033;39777;25.7;12.0
03;2021-04-22;1673;994;86706;40771;26.2;12.3
03;2021-04-23;2479;1266;89185;42037;26.9;12.7
03;2021-04-24;1301;920;90486;42957;27.3;13.0
03;2021-04-25;350;16;90836;42973;27.4;13.0
03;2021-04-26;1331;464;92167;43437;27.8;13.1
03;2021-04-27;1767;1524;93934;44961;28.4;13.6
03;2021-04-28;1930;1122;95864;46083;28.9;13.9
03;2021-04-29;2372;1245;98236;47328;29.7;14.3
03;2021-04-30;1931;807;100167;48135;30.2;14.5
03;2021-05-01;437;491;100604;48626;30.4;14.7
03;2021-05-02;2;1;100606;48627;30.4;14.7
03;2021-05-03;1911;773;102517;49400;30.9;14.9
03;2021-05-04;2844;1630;105361;51030;31.8;15.4
03;2021-05-05;2603;1321;107964;52351;32.6;15.8
03;2021-05-06;3097;2011;111061;54362;33.5;16.4
03;2021-05-07;4729;1791;115790;56153;34.9;16.9
03;2021-05-08;661;380;116451;56533;35.1;17.1
03;2021-05-09;49;511;116500;57044;35.2;17.2
03;2021-05-10;1892;1465;118392;58509;35.7;17.7
03;2021-05-11;3899;1837;122291;60346;36.9;18.2
03;2021-05-12;2971;1522;125262;61868;37.8;18.7
03;2021-05-13;4381;407;129643;62275;39.1;18.8
03;2021-05-14;3655;1696;133298;63971;40.2;19.3
03;2021-05-15;1942;491;135240;64462;40.8;19.5
03;2021-05-16;517;57;135757;64519;41.0;19.5
03;2021-05-17;1277;863;137034;65382;41.4;19.7
03;2021-05-18;3071;1502;140105;66884;42.3;20.2
03;2021-05-19;2623;967;142728;67851;43.1;20.5
03;2021-05-20;3336;1144;146064;68995;44.1;20.8
03;2021-05-21;4195;1287;150259;70282;45.4;21.2
03;2021-05-22;2012;359;152271;70641;46.0;21.3
03;2021-05-23;641;73;152912;70714;46.2;21.3
03;2021-05-24;2655;216;155567;70930;47.0;21.4
03;2021-05-25;3071;1689;158638;72619;47.9;21.9
03;2021-05-26;2337;1044;160975;73663;48.6;22.2
03;2021-05-27;2946;1126;163921;74789;49.5;22.6
03;2021-05-28;3844;2282;167765;77071;50.6;23.3
03;2021-05-29;1748;600;169513;77671;51.2;23.4
03;2021-05-30;242;23;169755;77694;51.2;23.5
03;2021-05-31;696;573;170451;78267;51.4;23.6
03;2021-06-01;2303;2345;172754;80612;52.1;24.3
03;2021-06-02;1535;1750;174289;82362;52.6;24.9
03;2021-06-03;2060;2753;176349;85115;53.2;25.7
03;2021-06-04;1699;2505;178048;87620;53.7;26.4
03;2021-06-05;1076;1142;179124;88762;54.1;26.8
03;2021-06-06;59;7;179183;88769;54.1;26.8
03;2021-06-07;785;1815;179968;90584;54.3;27.3
03;2021-06-08;1458;2556;181426;93140;54.8;28.1
03;2021-06-09;1268;1874;182694;95014;55.1;28.7
03;2021-06-10;1381;2124;184075;97138;55.6;29.3
03;2021-06-11;1504;3450;185579;100588;56.0;30.4
03;2021-06-12;831;823;186410;101411;56.3;30.6
03;2021-06-13;20;10;186430;101421;56.3;30.6
03;2021-06-14;381;2177;186811;103598;56.4;31.3
03;2021-06-15;1316;3836;188127;107434;56.8;32.4
03;2021-06-16;788;2887;188915;110321;57.0;33.3
03;2021-06-17;1083;3333;189998;113654;57.3;34.3
03;2021-06-18;1111;3979;191109;117633;57.7;35.5
03;2021-06-19;642;1617;191751;119250;57.9;36.0
03;2021-06-20;20;8;191771;119258;57.9;36.0
03;2021-06-21;462;2636;192233;121894;58.0;36.8
03;2021-06-22;1026;4004;193259;125898;58.3;38.0
03;2021-06-23;716;3285;193975;129183;58.5;39.0
03;2021-06-24;984;3863;194959;133046;58.8;40.2
03;2021-06-25;1018;3892;195977;136938;59.2;41.3
03;2021-06-26;513;2040;196490;138978;59.3;41.9
03;2021-06-27;65;486;196555;139464;59.3;42.1
03;2021-06-28;640;2101;197195;141565;59.5;42.7
03;2021-06-29;1029;3332;198224;144897;59.8;43.7
03;2021-06-30;831;3118;199055;148015;60.1;44.7
03;2021-07-01;985;2937;200040;150952;60.4;45.6
03;2021-07-02;920;4095;200960;155047;60.7;46.8
03;2021-07-03;487;1884;201447;156931;60.8;47.4
03;2021-07-04;19;332;201466;157263;60.8;47.5
03;2021-07-05;817;2379;202283;159642;61.1;48.2
03;2021-07-06;1171;3461;203454;163103;61.4;49.2
03;2021-07-07;806;2618;204260;165721;61.7;50.0
03;2021-07-08;1059;3041;205319;168762;62.0;50.9
03;2021-07-09;1470;3625;206789;172387;62.4;52.0
03;2021-07-10;510;1926;207299;174313;62.6;52.6
03;2021-07-11;61;492;207360;174805;62.6;52.8
03;2021-07-12;939;1149;208299;175954;62.9;53.1
03;2021-07-13;2613;3152;210912;179106;63.7;54.1
03;2021-07-14;195;24;211107;179130;63.7;54.1
03;2021-07-15;2613;2454;213720;181584;64.5;54.8
03;2021-07-16;2736;2277;216456;183861;65.3;55.5
03;2021-07-17;1030;1626;217486;185487;65.6;56.0
03;2021-07-18;31;6;217517;185493;65.7;56.0
03;2021-07-19;2392;1277;219909;186770;66.4;56.4
03;2021-07-20;3075;3032;222984;189802;67.3;57.3
03;2021-07-21;3211;1433;226195;191235;68.3;57.7
03;2021-07-22;2851;1886;229046;193121;69.1;58.3
03;2021-07-23;3204;1298;232250;194419;70.1;58.7
03;2021-07-24;588;581;232838;195000;70.3;58.9
03;2021-07-25;17;5;232855;195005;70.3;58.9
03;2021-07-26;2041;1580;234896;196585;70.9;59.3
03;2021-07-27;3320;2227;238216;198812;71.9;60.0
03;2021-07-28;2712;1115;240928;199927;72.7;60.3
03;2021-07-29;2545;1662;243473;201589;73.5;60.8
03;2021-07-30;2125;1451;245598;203040;74.1;61.3
03;2021-07-31;963;891;246561;203931;74.4;61.6
03;2021-08-01;13;20;246574;203951;74.4;61.6
03;2021-08-02;1674;1604;248248;205555;74.9;62.0
03;2021-08-03;2219;2779;250467;208334;75.6;62.9
03;2021-08-04;2190;887;252657;209221;76.3;63.1
03;2021-08-05;1255;1938;253912;211159;76.6;63.7
03;2021-08-06;1279;1026;255191;212185;77.0;64.0
03;2021-08-07;606;491;255797;212676;77.2;64.2
03;2021-08-08;65;29;255862;212705;77.2;64.2
03;2021-08-09;597;1304;256459;214009;77.4;64.6
03;2021-08-10;1657;3469;258116;217478;77.9;65.6
03;2021-08-11;1332;2530;259448;220008;78.3;66.4
03;2021-08-12;1132;3513;260580;223521;78.7;67.5
03;2021-08-13;683;1051;261263;224572;78.9;67.8
03;2021-08-14;379;567;261642;225139;79.0;68.0
03;2021-08-15;9;61;261651;225200;79.0;68.0
03;2021-08-16;713;2693;262364;227893;79.2;68.8
03;2021-08-17;1078;3222;263442;231115;79.5;69.8
03;2021-08-18;1157;2156;264599;233271;79.9;70.4
03;2021-08-19;1003;3047;265602;236318;80.2;71.3
03;2021-08-20;718;1137;266320;237455;80.4;71.7
03;2021-08-21;419;721;266739;238176;80.5;71.9
03;2021-08-22;8;6;266747;238182;80.5;71.9
03;2021-08-23;774;2284;267521;240466;80.7;72.6
03;2021-08-24;890;2407;268411;242873;81.0;73.3
03;2021-08-25;921;2022;269332;244895;81.3;73.9
04;2020-12-27;0;0;0;0;0.0;0.0
04;2020-12-28;1;0;1;0;0.0;0.0
04;2020-12-29;0;0;1;0;0.0;0.0
04;2020-12-30;0;0;1;0;0.0;0.0
04;2020-12-31;0;0;1;0;0.0;0.0
04;2021-01-01;0;0;1;0;0.0;0.0
04;2021-01-02;0;0;1;0;0.0;0.0
04;2021-01-03;0;0;1;0;0.0;0.0
04;2021-01-04;0;0;1;0;0.0;0.0
04;2021-01-05;4;0;5;0;0.0;0.0
04;2021-01-06;0;0;5;0;0.0;0.0
04;2021-01-07;61;0;66;0;0.0;0.0
04;2021-01-08;88;0;154;0;0.1;0.0
04;2021-01-09;57;0;211;0;0.1;0.0
04;2021-01-10;0;0;211;0;0.1;0.0
04;2021-01-11;77;0;288;0;0.2;0.0
04;2021-01-12;419;1;707;1;0.4;0.0
04;2021-01-13;245;1;952;2;0.6;0.0
04;2021-01-14;90;2;1042;4;0.6;0.0
04;2021-01-15;165;4;1207;8;0.7;0.0
04;2021-01-16;105;2;1312;10;0.8;0.0
04;2021-01-17;14;0;1326;10;0.8;0.0
04;2021-01-18;236;9;1562;19;0.9;0.0
04;2021-01-19;468;4;2030;23;1.2;0.0
04;2021-01-20;573;9;2603;32;1.6;0.0
04;2021-01-21;614;6;3217;38;1.9;0.0
04;2021-01-22;638;1;3855;39;2.3;0.0
04;2021-01-23;111;0;3966;39;2.4;0.0
04;2021-01-24;0;0;3966;39;2.4;0.0
04;2021-01-25;240;0;4206;39;2.5;0.0
04;2021-01-26;656;1;4862;40;2.9;0.0
04;2021-01-27;480;0;5342;40;3.2;0.0
04;2021-01-28;665;22;6007;62;3.6;0.0
04;2021-01-29;367;41;6374;103;3.9;0.1
04;2021-01-30;65;41;6439;144;3.9;0.1
04;2021-01-31;1;5;6440;149;3.9;0.1
04;2021-02-01;264;148;6704;297;4.1;0.2
04;2021-02-02;560;226;7264;523;4.4;0.3
04;2021-02-03;368;161;7632;684;4.6;0.4
04;2021-02-04;356;53;7988;737;4.8;0.4
04;2021-02-05;379;221;8367;958;5.1;0.6
04;2021-02-06;50;93;8417;1051;5.1;0.6
04;2021-02-07;2;22;8419;1073;5.1;0.6
04;2021-02-08;163;71;8582;1144;5.2;0.7
04;2021-02-09;194;143;8776;1287;5.3;0.8
04;2021-02-10;252;171;9028;1458;5.5;0.9
04;2021-02-11;364;291;9392;1749;5.7;1.1
04;2021-02-12;293;317;9685;2066;5.9;1.3
04;2021-02-13;26;94;9711;2160;5.9;1.3
04;2021-02-14;0;0;9711;2160;5.9;1.3
04;2021-02-15;31;164;9742;2324;5.9;1.4
04;2021-02-16;80;518;9822;2842;5.9;1.7
04;2021-02-17;67;433;9889;3275;6.0;2.0
04;2021-02-18;45;614;9934;3889;6.0;2.4
04;2021-02-19;52;376;9986;4265;6.0;2.6
04;2021-02-20;5;71;9991;4336;6.0;2.6
04;2021-02-21;0;0;9991;4336;6.0;2.6
04;2021-02-22;7;298;9998;4634;6.1;2.8
04;2021-02-23;19;595;10017;5229;6.1;3.2
04;2021-02-24;38;431;10055;5660;6.1;3.4
04;2021-02-25;72;378;10127;6038;6.1;3.7
04;2021-02-26;215;332;10342;6370;6.3;3.9
04;2021-02-27;179;75;10521;6445;6.4;3.9
04;2021-02-28;1;0;10522;6445;6.4;3.9
04;2021-03-01;18;74;10540;6519;6.4;3.9
04;2021-03-02;135;41;10675;6560;6.5;4.0
04;2021-03-03;375;644;11050;7204;6.7;4.4
04;2021-03-04;208;490;11258;7694;6.8;4.7
04;2021-03-05;236;360;11494;8054;7.0;4.9
04;2021-03-06;912;76;12406;8130;7.5;4.9
04;2021-03-07;498;24;12904;8154;7.8;4.9
04;2021-03-08;45;83;12949;8237;7.8;5.0
04;2021-03-09;215;257;13164;8494;8.0;5.1
04;2021-03-10;400;373;13564;8867;8.2;5.4
04;2021-03-11;495;341;14059;9208;8.5;5.6
04;2021-03-12;699;207;14758;9415;8.9;5.7
04;2021-03-13;1087;61;15845;9476;9.6;5.7
04;2021-03-14;460;3;16305;9479;9.9;5.7
04;2021-03-15;93;14;16398;9493;9.9;5.7
04;2021-03-16;74;9;16472;9502;10.0;5.8
04;2021-03-17;532;80;17004;9582;10.3;5.8
04;2021-03-18;815;25;17819;9607;10.8;5.8
04;2021-03-19;724;32;18543;9639;11.2;5.8
04;2021-03-20;159;3;18702;9642;11.3;5.8
04;2021-03-21;0;0;18702;9642;11.3;5.8
04;2021-03-22;105;13;18807;9655;11.4;5.8
04;2021-03-23;244;7;19051;9662;11.5;5.8
04;2021-03-24;1023;52;20074;9714;12.2;5.9
04;2021-03-25;1326;45;21400;9759;13.0;5.9
04;2021-03-26;1449;65;22849;9824;13.8;5.9
04;2021-03-27;266;20;23115;9844;14.0;6.0
04;2021-03-28;2;0;23117;9844;14.0;6.0
04;2021-03-29;681;13;23798;9857;14.4;6.0
04;2021-03-30;1085;148;24883;10005;15.1;6.1
04;2021-03-31;1327;106;26210;10111;15.9;6.1
04;2021-04-01;1132;128;27342;10239;16.6;6.2
04;2021-04-02;1184;110;28526;10349;17.3;6.3
04;2021-04-03;250;20;28776;10369;17.4;6.3
04;2021-04-04;1;0;28777;10369;17.4;6.3
04;2021-04-05;36;1;28813;10370;17.4;6.3
04;2021-04-06;928;147;29741;10517;18.0;6.4
04;2021-04-07;882;435;30623;10952;18.5;6.6
04;2021-04-08;926;698;31549;11650;19.1;7.1
04;2021-04-09;678;420;32227;12070;19.5;7.3
04;2021-04-10;231;192;32458;12262;19.6;7.4
04;2021-04-11;153;65;32611;12327;19.7;7.5
04;2021-04-12;594;100;33205;12427;20.1;7.5
04;2021-04-13;1190;240;34395;12667;20.8;7.7
04;2021-04-14;993;499;35388;13166;21.4;8.0
04;2021-04-15;921;672;36309;13838;22.0;8.4
04;2021-04-16;819;457;37128;14295;22.5;8.7
04;2021-04-17;211;69;37339;14364;22.6;8.7
04;2021-04-18;0;13;37339;14377;22.6;8.7
04;2021-04-19;338;290;37677;14667;22.8;8.9
04;2021-04-20;1005;445;38682;15112;23.4;9.1
04;2021-04-21;656;747;39338;15859;23.8;9.6
04;2021-04-22;759;854;40097;16713;24.3;10.1
04;2021-04-23;695;536;40792;17249;24.7;10.4
04;2021-04-24;165;65;40957;17314;24.8;10.5
04;2021-04-25;0;0;40957;17314;24.8;10.5
04;2021-04-26;171;611;41128;17925;24.9;10.9
04;2021-04-27;395;967;41523;18892;25.1;11.4
04;2021-04-28;432;1089;41955;19981;25.4;12.1
04;2021-04-29;687;1127;42642;21108;25.8;12.8
04;2021-04-30;436;850;43078;21958;26.1;13.3
04;2021-05-01;104;22;43182;21980;26.1;13.3
04;2021-05-02;8;131;43190;22111;26.1;13.4
04;2021-05-03;151;552;43341;22663;26.2;13.7
04;2021-05-04;564;839;43905;23502;26.6;14.2
04;2021-05-05;514;930;44419;24432;26.9;14.8
04;2021-05-06;1162;592;45581;25024;27.6;15.1
04;2021-05-07;657;763;46238;25787;28.0;15.6
04;2021-05-08;48;98;46286;25885;28.0;15.7
04;2021-05-09;0;0;46286;25885;28.0;15.7
04;2021-05-10;466;296;46752;26181;28.3;15.8
04;2021-05-11;1202;908;47954;27089;29.0;16.4
04;2021-05-12;1389;740;49343;27829;29.9;16.8
04;2021-05-13;378;131;49721;27960;30.1;16.9
04;2021-05-14;440;295;50161;28255;30.4;17.1
04;2021-05-15;99;163;50260;28418;30.4;17.2
04;2021-05-16;4;6;50264;28424;30.4;17.2
04;2021-05-17;154;298;50418;28722;30.5;17.4
04;2021-05-18;392;976;50810;29698;30.8;18.0
04;2021-05-19;774;690;51584;30388;31.2;18.4
04;2021-05-20;1258;551;52842;30939;32.0;18.7
04;2021-05-21;853;788;53695;31727;32.5;19.2
04;2021-05-22;105;146;53800;31873;32.6;19.3
04;2021-05-23;1;1;53801;31874;32.6;19.3
04;2021-05-24;2;36;53803;31910;32.6;19.3
04;2021-05-25;868;596;54671;32506;33.1;19.7
04;2021-05-26;1048;788;55719;33294;33.7;20.2
04;2021-05-27;1357;633;57076;33927;34.6;20.5
04;2021-05-28;1119;658;58195;34585;35.2;20.9
04;2021-05-29;90;398;58285;34983;35.3;21.2
04;2021-05-30;3;1;58288;34984;35.3;21.2
04;2021-05-31;421;417;58709;35401;35.5;21.4
04;2021-06-01;642;637;59351;36038;35.9;21.8
04;2021-06-02;872;1063;60223;37101;36.5;22.5
04;2021-06-03;1196;854;61419;37955;37.2;23.0
04;2021-06-04;977;780;62396;38735;37.8;23.4
04;2021-06-05;142;201;62538;38936;37.9;23.6
04;2021-06-06;7;13;62545;38949;37.9;23.6
04;2021-06-07;564;318;63109;39267;38.2;23.8
04;2021-06-08;843;595;63952;39862;38.7;24.1
04;2021-06-09;1149;689;65101;40551;39.4;24.5
04;2021-06-10;1147;587;66248;41138;40.1;24.9
04;2021-06-11;945;611;67193;41749;40.7;25.3
04;2021-06-12;212;148;67405;41897;40.8;25.4
04;2021-06-13;1;1;67406;41898;40.8;25.4
04;2021-06-14;478;304;67884;42202;41.1;25.5
04;2021-06-15;645;1002;68529;43204;41.5;26.2
04;2021-06-16;1021;787;69550;43991;42.1;26.6
04;2021-06-17;1001;961;70551;44952;42.7;27.2
04;2021-06-18;765;884;71316;45836;43.2;27.7
04;2021-06-19;40;85;71356;45921;43.2;27.8
04;2021-06-20;7;9;71363;45930;43.2;27.8
04;2021-06-21;306;615;71669;46545;43.4;28.2
04;2021-06-22;361;1308;72030;47853;43.6;29.0
04;2021-06-23;475;1313;72505;49166;43.9;29.8
04;2021-06-24;852;819;73357;49985;44.4;30.3
04;2021-06-25;462;638;73819;50623;44.7;30.6
04;2021-06-26;56;129;73875;50752;44.7;30.7
04;2021-06-27;4;4;73879;50756;44.7;30.7
04;2021-06-28;158;341;74037;51097;44.8;30.9
04;2021-06-29;371;837;74408;51934;45.0;31.4
04;2021-06-30;542;1121;74950;53055;45.4;32.1
04;2021-07-01;579;1219;75529;54274;45.7;32.9
04;2021-07-02;557;1089;76086;55363;46.1;33.5
04;2021-07-03;65;162;76151;55525;46.1;33.6
04;2021-07-04;6;6;76157;55531;46.1;33.6
04;2021-07-05;106;297;76263;55828;46.2;33.8
04;2021-07-06;505;1383;76768;57211;46.5;34.6
04;2021-07-07;495;1342;77263;58553;46.8;35.4
04;2021-07-08;724;1360;77987;59913;47.2;36.3
04;2021-07-09;581;1064;78568;60977;47.6;36.9
04;2021-07-10;92;177;78660;61154;47.6;37.0
04;2021-07-11;0;21;78660;61175;47.6;37.0
04;2021-07-12;127;651;78787;61826;47.7;37.4
04;2021-07-13;880;1542;79667;63368;48.2;38.4
04;2021-07-14;26;43;79693;63411;48.2;38.4
04;2021-07-15;1220;1734;80913;65145;49.0;39.4
04;2021-07-16;1081;1117;81994;66262;49.6;40.1
04;2021-07-17;445;234;82439;66496;49.9;40.3
04;2021-07-18;114;18;82553;66514;50.0;40.3
04;2021-07-19;484;654;83037;67168;50.3;40.7
04;2021-07-20;1314;1465;84351;68633;51.1;41.5
04;2021-07-21;1124;1166;85475;69799;51.7;42.3
04;2021-07-22;1500;1368;86975;71167;52.6;43.1
04;2021-07-23;1149;1142;88124;72309;53.3;43.8
04;2021-07-24;685;213;88809;72522;53.8;43.9
04;2021-07-25;42;20;88851;72542;53.8;43.9
04;2021-07-26;444;639;89295;73181;54.1;44.3
04;2021-07-27;1368;1045;90663;74226;54.9;44.9
04;2021-07-28;1071;1038;91734;75264;55.5;45.6
04;2021-07-29;1556;1299;93290;76563;56.5;46.3
04;2021-07-30;1245;927;94535;77490;57.2;46.9
04;2021-07-31;252;175;94787;77665;57.4;47.0
04;2021-08-01;48;19;94835;77684;57.4;47.0
04;2021-08-02;137;111;94972;77795;57.5;47.1
04;2021-08-03;1342;1117;96314;78912;58.3;47.8
04;2021-08-04;1173;861;97487;79773;59.0;48.3
04;2021-08-05;1186;735;98673;80508;59.7;48.7
04;2021-08-06;516;396;99189;80904;60.0;49.0
04;2021-08-07;159;162;99348;81066;60.1;49.1
04;2021-08-08;25;12;99373;81078;60.2;49.1
04;2021-08-09;104;121;99477;81199;60.2;49.2
04;2021-08-10;653;977;100130;82176;60.6;49.7
04;2021-08-11;1148;1027;101278;83203;61.3;50.4
04;2021-08-12;1120;1293;102398;84496;62.0;51.1
04;2021-08-13;439;382;102837;84878;62.3;51.4
04;2021-08-14;99;72;102936;84950;62.3;51.4
04;2021-08-15;0;0;102936;84950;62.3;51.4
04;2021-08-16;103;136;103039;85086;62.4;51.5
04;2021-08-17;491;1015;103530;86101;62.7;52.1
04;2021-08-18;717;1321;104247;87422;63.1;52.9
04;2021-08-19;738;1404;104985;88826;63.6;53.8
04;2021-08-20;745;1365;105730;90191;64.0;54.6
04;2021-08-21;65;111;105795;90302;64.0;54.7
04;2021-08-22;15;45;105810;90347;64.1;54.7
04;2021-08-23;53;109;105863;90456;64.1;54.8
04;2021-08-24;675;1486;106538;91942;64.5;55.7
04;2021-08-25;649;1180;107187;93122;64.9;56.4
05;2020-12-27;0;0;0;0;0.0;0.0
05;2020-12-28;1;0;1;0;0.0;0.0
05;2020-12-29;1;0;2;0;0.0;0.0
05;2020-12-30;2;0;4;0;0.0;0.0
05;2020-12-31;0;0;4;0;0.0;0.0
05;2021-01-01;2;0;6;0;0.0;0.0
05;2021-01-02;2;0;8;0;0.0;0.0
05;2021-01-03;1;0;9;0;0.0;0.0
05;2021-01-04;2;0;11;0;0.0;0.0
05;2021-01-05;0;0;11;0;0.0;0.0
05;2021-01-06;21;0;32;0;0.0;0.0
05;2021-01-07;128;0;160;0;0.1;0.0
05;2021-01-08;146;0;306;0;0.2;0.0
05;2021-01-09;11;0;317;0;0.2;0.0
05;2021-01-10;0;0;317;0;0.2;0.0
05;2021-01-11;44;0;361;0;0.3;0.0
05;2021-01-12;105;0;466;0;0.3;0.0
05;2021-01-13;140;0;606;0;0.4;0.0
05;2021-01-14;167;0;773;0;0.5;0.0
05;2021-01-15;128;1;901;1;0.6;0.0
05;2021-01-16;14;0;915;1;0.6;0.0
05;2021-01-17;0;0;915;1;0.6;0.0
05;2021-01-18;226;1;1141;2;0.8;0.0
05;2021-01-19;228;0;1369;2;1.0;0.0
05;2021-01-20;213;0;1582;2;1.1;0.0
05;2021-01-21;255;0;1837;2;1.3;0.0
05;2021-01-22;195;1;2032;3;1.4;0.0
05;2021-01-23;112;0;2144;3;1.5;0.0
05;2021-01-24;0;0;2144;3;1.5;0.0
05;2021-01-25;316;0;2460;3;1.7;0.0
05;2021-01-26;486;0;2946;3;2.1;0.0
05;2021-01-27;389;4;3335;7;2.4;0.0
05;2021-01-28;363;56;3698;63;2.6;0.0
05;2021-01-29;363;112;4061;175;2.9;0.1
05;2021-01-30;97;9;4158;184;2.9;0.1
05;2021-01-31;4;0;4162;184;2.9;0.1
05;2021-02-01;176;21;4338;205;3.1;0.1
05;2021-02-02;187;122;4525;327;3.2;0.2
05;2021-02-03;207;64;4732;391;3.3;0.3
05;2021-02-04;197;125;4929;516;3.5;0.4
05;2021-02-05;183;111;5112;627;3.6;0.4
05;2021-02-06;76;24;5188;651;3.7;0.5
05;2021-02-07;0;5;5188;656;3.7;0.5
05;2021-02-08;84;124;5272;780;3.7;0.6
05;2021-02-09;97;116;5369;896;3.8;0.6
05;2021-02-10;81;178;5450;1074;3.8;0.8
05;2021-02-11;87;137;5537;1211;3.9;0.9
05;2021-02-12;84;150;5621;1361;4.0;1.0
05;2021-02-13;75;32;5696;1393;4.0;1.0
05;2021-02-14;0;0;5696;1393;4.0;1.0
05;2021-02-15;97;190;5793;1583;4.1;1.1
05;2021-02-16;111;286;5904;1869;4.2;1.3
05;2021-02-17;136;231;6040;2100;4.3;1.5
05;2021-02-18;155;300;6195;2400;4.4;1.7
05;2021-02-19;158;323;6353;2723;4.5;1.9
05;2021-02-20;31;87;6384;2810;4.5;2.0
05;2021-02-21;0;0;6384;2810;4.5;2.0
05;2021-02-22;70;245;6454;3055;4.6;2.2
05;2021-02-23;18;239;6472;3294;4.6;2.3
05;2021-02-24;20;192;6492;3486;4.6;2.5
05;2021-02-25;56;176;6548;3662;4.6;2.6
05;2021-02-26;145;215;6693;3877;4.7;2.7
05;2021-02-27;65;171;6758;4048;4.8;2.9
05;2021-02-28;11;0;6769;4048;4.8;2.9
05;2021-03-01;93;169;6862;4217;4.8;3.0
05;2021-03-02;92;198;6954;4415;4.9;3.1
05;2021-03-03;112;233;7066;4648;5.0;3.3
05;2021-03-04;242;165;7308;4813;5.2;3.4
05;2021-03-05;578;193;7886;5006;5.6;3.5
05;2021-03-06;668;58;8554;5064;6.0;3.6
05;2021-03-07;515;19;9069;5083;6.4;3.6
05;2021-03-08;556;137;9625;5220;6.8;3.7
05;2021-03-09;520;162;10145;5382;7.2;3.8
05;2021-03-10;497;143;10642;5525;7.5;3.9
05;2021-03-11;376;138;11018;5663;7.8;4.0
05;2021-03-12;435;91;11453;5754;8.1;4.1
05;2021-03-13;796;94;12249;5848;8.6;4.1
05;2021-03-14;669;11;12918;5859;9.1;4.1
05;2021-03-15;354;124;13272;5983;9.4;4.2
05;2021-03-16;148;143;13420;6126;9.5;4.3
05;2021-03-17;262;121;13682;6247;9.7;4.4
05;2021-03-18;364;35;14046;6282;9.9;4.4
05;2021-03-19;450;59;14496;6341;10.2;4.5
05;2021-03-20;167;32;14663;6373;10.3;4.5
05;2021-03-21;1;0;14664;6373;10.3;4.5
05;2021-03-22;716;35;15380;6408;10.8;4.5
05;2021-03-23;804;13;16184;6421;11.4;4.5
05;2021-03-24;790;77;16974;6498;12.0;4.6
05;2021-03-25;901;59;17875;6557;12.6;4.6
05;2021-03-26;1023;48;18898;6605;13.3;4.7
05;2021-03-27;467;34;19365;6639;13.7;4.7
05;2021-03-28;10;0;19375;6639;13.7;4.7
05;2021-03-29;905;63;20280;6702;14.3;4.7
05;2021-03-30;1142;77;21422;6779;15.1;4.8
05;2021-03-31;823;254;22245;7033;15.7;5.0
05;2021-04-01;900;242;23145;7275;16.3;5.1
05;2021-04-02;665;379;23810;7654;16.8;5.4
05;2021-04-03;550;183;24360;7837;17.2;5.5
05;2021-04-04;350;63;24710;7900;17.4;5.6
05;2021-04-05;158;12;24868;7912;17.5;5.6
05;2021-04-06;646;276;25514;8188;18.0;5.8
05;2021-04-07;773;323;26287;8511;18.5;6.0
05;2021-04-08;734;336;27021;8847;19.1;6.2
05;2021-04-09;882;410;27903;9257;19.7;6.5
05;2021-04-10;713;388;28616;9645;20.2;6.8
05;2021-04-11;191;174;28807;9819;20.3;6.9
05;2021-04-12;732;262;29539;10081;20.8;7.1
05;2021-04-13;921;245;30460;10326;21.5;7.3
05;2021-04-14;667;328;31127;10654;22.0;7.5
05;2021-04-15;768;399;31895;11053;22.5;7.8
05;2021-04-16;731;411;32626;11464;23.0;8.1
05;2021-04-17;671;241;33297;11705;23.5;8.3
05;2021-04-18;305;23;33602;11728;23.7;8.3
05;2021-04-19;363;538;33965;12266;24.0;8.7
05;2021-04-20;482;630;34447;12896;24.3;9.1
05;2021-04-21;494;630;34941;13526;24.6;9.5
05;2021-04-22;385;549;35326;14075;24.9;9.9
05;2021-04-23;523;657;35849;14732;25.3;10.4
05;2021-04-24;347;383;36196;15115;25.5;10.7
05;2021-04-25;288;23;36484;15138;25.7;10.7
05;2021-04-26;367;706;36851;15844;26.0;11.2
05;2021-04-27;657;749;37508;16593;26.5;11.7
05;2021-04-28;468;721;37976;17314;26.8;12.2
05;2021-04-29;703;748;38679;18062;27.3;12.7
05;2021-04-30;509;755;39188;18817;27.6;13.3
05;2021-05-01;138;110;39326;18927;27.7;13.4
05;2021-05-02;266;115;39592;19042;27.9;13.4
05;2021-05-03;457;494;40049;19536;28.3;13.8
05;2021-05-04;384;503;40433;20039;28.5;14.1
05;2021-05-05;462;671;40895;20710;28.8;14.6
05;2021-05-06;648;723;41543;21433;29.3;15.1
05;2021-05-07;596;803;42139;22236;29.7;15.7
05;2021-05-08;481;175;42620;22411;30.1;15.8
05;2021-05-09;208;57;42828;22468;30.2;15.8
05;2021-05-10;499;697;43327;23165;30.6;16.3
05;2021-05-11;669;915;43996;24080;31.0;17.0
05;2021-05-12;648;733;44644;24813;31.5;17.5
05;2021-05-13;960;116;45604;24929;32.2;17.6
05;2021-05-14;826;495;46430;25424;32.8;17.9
05;2021-05-15;1043;354;47473;25778;33.5;18.2
05;2021-05-16;235;52;47708;25830;33.7;18.2
05;2021-05-17;484;430;48192;26260;34.0;18.5
05;2021-05-18;519;419;48711;26679;34.4;18.8
05;2021-05-19;724;458;49435;27137;34.9;19.1
05;2021-05-20;747;434;50182;27571;35.4;19.4
05;2021-05-21;705;511;50887;28082;35.9;19.8
05;2021-05-22;606;239;51493;28321;36.3;20.0
05;2021-05-23;277;59;51770;28380;36.5;20.0
05;2021-05-24;509;157;52279;28537;36.9;20.1
05;2021-05-25;515;482;52794;29019;37.2;20.5
05;2021-05-26;696;362;53490;29381;37.7;20.7
05;2021-05-27;799;571;54289;29952;38.3;21.1
05;2021-05-28;666;648;54955;30600;38.8;21.6
05;2021-05-29;566;544;55521;31144;39.2;22.0
05;2021-05-30;212;82;55733;31226;39.3;22.0
05;2021-05-31;575;496;56308;31722;39.7;22.4
05;2021-06-01;589;585;56897;32307;40.1;22.8
05;2021-06-02;685;703;57582;33010;40.6;23.3
05;2021-06-03;716;652;58298;33662;41.1;23.7
05;2021-06-04;1018;819;59316;34481;41.8;24.3
05;2021-06-05;807;508;60123;34989;42.4;24.7
05;2021-06-06;200;89;60323;35078;42.6;24.7
05;2021-06-07;605;834;60928;35912;43.0;25.3
05;2021-06-08;701;659;61629;36571;43.5;25.8
05;2021-06-09;648;782;62277;37353;43.9;26.4
05;2021-06-10;543;718;62820;38071;44.3;26.9
05;2021-06-11;766;723;63586;38794;44.9;27.4
05;2021-06-12;593;484;64179;39278;45.3;27.7
05;2021-06-13;112;91;64291;39369;45.4;27.8
05;2021-06-14;403;668;64694;40037;45.6;28.2
05;2021-06-15;543;912;65237;40949;46.0;28.9
05;2021-06-16;433;670;65670;41619;46.3;29.4
05;2021-06-17;361;806;66031;42425;46.6;29.9
05;2021-06-18;396;724;66427;43149;46.9;30.4
05;2021-06-19;421;571;66848;43720;47.2;30.8
05;2021-06-20;64;77;66912;43797;47.2;30.9
05;2021-06-21;319;641;67231;44438;47.4;31.3
05;2021-06-22;356;829;67587;45267;47.7;31.9
05;2021-06-23;354;764;67941;46031;47.9;32.5
05;2021-06-24;388;1023;68329;47054;48.2;33.2
05;2021-06-25;229;893;68558;47947;48.4;33.8
05;2021-06-26;292;1074;68850;49021;48.6;34.6
05;2021-06-27;128;170;68978;49191;48.7;34.7
05;2021-06-28;254;793;69232;49984;48.8;35.3
05;2021-06-29;250;785;69482;50769;49.0;35.8
05;2021-06-30;329;790;69811;51559;49.2;36.4
05;2021-07-01;383;791;70194;52350;49.5;36.9
05;2021-07-02;370;870;70564;53220;49.8;37.5
05;2021-07-03;305;740;70869;53960;50.0;38.1
05;2021-07-04;180;177;71049;54137;50.1;38.2
05;2021-07-05;264;781;71313;54918;50.3;38.7
05;2021-07-06;336;859;71649;55777;50.5;39.3
05;2021-07-07;401;782;72050;56559;50.8;39.9
05;2021-07-08;431;848;72481;57407;51.1;40.5
05;2021-07-09;422;994;72903;58401;51.4;41.2
05;2021-07-10;314;729;73217;59130;51.7;41.7
05;2021-07-11;176;119;73393;59249;51.8;41.8
05;2021-07-12;416;1013;73809;60262;52.1;42.5
05;2021-07-13;483;870;74292;61132;52.4;43.1
05;2021-07-14;838;299;75130;61431;53.0;43.3
05;2021-07-15;709;994;75839;62425;53.5;44.0
05;2021-07-16;1028;1459;76867;63884;54.2;45.1
05;2021-07-17;674;1306;77541;65190;54.7;46.0
05;2021-07-18;285;129;77826;65319;54.9;46.1
05;2021-07-19;572;791;78398;66110;55.3;46.6
05;2021-07-20;761;801;79159;66911;55.8;47.2
05;2021-07-21;881;840;80040;67751;56.5;47.8
05;2021-07-22;814;869;80854;68620;57.0;48.4
05;2021-07-23;1447;1237;82301;69857;58.1;49.3
05;2021-07-24;864;834;83165;70691;58.7;49.9
05;2021-07-25;305;160;83470;70851;58.9;50.0
05;2021-07-26;778;563;84248;71414;59.4;50.4
05;2021-07-27;1261;752;85509;72166;60.3;50.9
05;2021-07-28;1523;717;87032;72883;61.4;51.4
05;2021-07-29;1346;722;88378;73605;62.3;51.9
05;2021-07-30;959;594;89337;74199;63.0;52.3
05;2021-07-31;780;522;90117;74721;63.6;52.7
05;2021-08-01;192;178;90309;74899;63.7;52.8
05;2021-08-02;832;547;91141;75446;64.3;53.2
05;2021-08-03;828;608;91969;76054;64.9;53.7
05;2021-08-04;988;755;92957;76809;65.6;54.2
05;2021-08-05;977;723;93934;77532;66.3;54.7
05;2021-08-06;862;793;94796;78325;66.9;55.3
05;2021-08-07;625;641;95421;78966;67.3;55.7
05;2021-08-08;196;268;95617;79234;67.5;55.9
05;2021-08-09;771;849;96388;80083;68.0;56.5
05;2021-08-10;648;695;97036;80778;68.5;57.0
05;2021-08-11;742;854;97778;81632;69.0;57.6
05;2021-08-12;787;781;98565;82413;69.5;58.1
05;2021-08-13;625;894;99190;83307;70.0;58.8
05;2021-08-14;408;782;99598;84089;70.3;59.3
05;2021-08-15;188;223;99786;84312;70.4;59.5
05;2021-08-16;487;1083;100273;85395;70.7;60.2
05;2021-08-17;431;883;100704;86278;71.0;60.9
05;2021-08-18;432;971;101136;87249;71.3;61.5
05;2021-08-19;499;962;101635;88211;71.7;62.2
05;2021-08-20;477;1113;102112;89324;72.0;63.0
05;2021-08-21;356;848;102468;90172;72.3;63.6
05;2021-08-22;117;253;102585;90425;72.4;63.8
05;2021-08-23;320;827;102905;91252;72.6;64.4
05;2021-08-24;399;778;103304;92030;72.9;64.9
05;2021-08-25;399;917;103703;92947;73.2;65.6
06;2020-12-27;11;0;11;0;0.0;0.0
06;2020-12-28;21;0;32;0;0.0;0.0
06;2020-12-29;9;0;41;0;0.0;0.0
06;2020-12-30;8;0;49;0;0.0;0.0
06;2020-12-31;29;0;78;0;0.0;0.0
06;2021-01-01;19;0;97;0;0.0;0.0
06;2021-01-02;7;0;104;0;0.0;0.0
06;2021-01-03;6;0;110;0;0.0;0.0
06;2021-01-04;152;1;262;1;0.0;0.0
06;2021-01-05;181;1;443;2;0.0;0.0
06;2021-01-06;235;0;678;2;0.1;0.0
06;2021-01-07;511;0;1189;2;0.1;0.0
06;2021-01-08;687;2;1876;4;0.2;0.0
06;2021-01-09;391;2;2267;6;0.2;0.0
06;2021-01-10;78;0;2345;6;0.2;0.0
06;2021-01-11;1150;0;3495;6;0.3;0.0
06;2021-01-12;2240;5;5735;11;0.5;0.0
06;2021-01-13;1738;7;7473;18;0.7;0.0
06;2021-01-14;2153;17;9626;35;0.9;0.0
06;2021-01-15;1875;5;11501;40;1.1;0.0
06;2021-01-16;986;4;12487;44;1.2;0.0
06;2021-01-17;238;0;12725;44;1.2;0.0
06;2021-01-18;2480;8;15205;52;1.4;0.0
06;2021-01-19;2763;9;17968;61;1.7;0.0
06;2021-01-20;3356;9;21324;70;2.0;0.0
06;2021-01-21;3035;24;24359;94;2.3;0.0
06;2021-01-22;2959;15;27318;109;2.5;0.0
06;2021-01-23;1303;3;28621;112;2.7;0.0
06;2021-01-24;32;0;28653;112;2.7;0.0
06;2021-01-25;2077;14;30730;126;2.8;0.0
06;2021-01-26;3396;41;34126;167;3.2;0.0
06;2021-01-27;2563;102;36689;269;3.4;0.0
06;2021-01-28;2817;203;39506;472;3.7;0.0
06;2021-01-29;2504;310;42010;782;3.9;0.1
06;2021-01-30;671;43;42681;825;4.0;0.1
06;2021-01-31;4;1;42685;826;4.0;0.1
06;2021-02-01;1028;477;43713;1303;4.0;0.1
06;2021-02-02;1503;411;45216;1714;4.2;0.2
06;2021-02-03;330;136;45546;1850;4.2;0.2
06;2021-02-04;715;893;46261;2743;4.3;0.3
06;2021-02-05;1015;1107;47276;3850;4.4;0.4
06;2021-02-06;159;461;47435;4311;4.4;0.4
06;2021-02-07;10;48;47445;4359;4.4;0.4
06;2021-02-08;536;1088;47981;5447;4.4;0.5
06;2021-02-09;320;737;48301;6184;4.5;0.6
06;2021-02-10;376;663;48677;6847;4.5;0.6
06;2021-02-11;478;1067;49155;7914;4.6;0.7
06;2021-02-12;656;1309;49811;9223;4.6;0.9
06;2021-02-13;205;522;50016;9745;4.6;0.9
06;2021-02-14;15;2;50031;9747;4.6;0.9
06;2021-02-15;467;1270;50498;11017;4.7;1.0
06;2021-02-16;869;2004;51367;13021;4.8;1.2
06;2021-02-17;832;2129;52199;15150;4.8;1.4
06;2021-02-18;1811;2685;54010;17835;5.0;1.7
06;2021-02-19;1767;2147;55777;19982;5.2;1.9
06;2021-02-20;284;526;56061;20508;5.2;1.9
06;2021-02-21;23;55;56084;20563;5.2;1.9
06;2021-02-22;1083;1619;57167;22182;5.3;2.1
06;2021-02-23;1753;1552;58920;23734;5.5;2.2
06;2021-02-24;2117;1295;61037;25029;5.7;2.3
06;2021-02-25;3853;1680;64890;26709;6.0;2.5
06;2021-02-26;3395;1608;68285;28317;6.3;2.6
06;2021-02-27;1434;330;69719;28647;6.5;2.7
06;2021-02-28;96;24;69815;28671;6.5;2.7
06;2021-03-01;2414;828;72229;29499;6.7;2.7
06;2021-03-02;2456;992;74685;30491;6.9;2.8
06;2021-03-03;2855;569;77540;31060;7.2;2.9
06;2021-03-04;4630;621;82170;31681;7.6;2.9
06;2021-03-05;3907;1029;86077;32710;8.0;3.0
06;2021-03-06;11945;359;98022;33069;9.1;3.1
06;2021-03-07;10205;309;108227;33378;10.0;3.1
06;2021-03-08;4158;1195;112385;34573;10.4;3.2
06;2021-03-09;4993;933;117378;35506;10.9;3.3
06;2021-03-10;4713;845;122091;36351;11.3;3.4
06;2021-03-11;6727;900;128818;37251;11.9;3.5
06;2021-03-12;6877;1013;135695;38264;12.6;3.5
06;2021-03-13;11244;352;146939;38616;13.6;3.6
06;2021-03-14;506;48;147445;38664;13.7;3.6
06;2021-03-15;4832;766;152277;39430;14.1;3.7
06;2021-03-16;3767;1056;156044;40486;14.5;3.8
06;2021-03-17;6201;1890;162245;42376;15.0;3.9
06;2021-03-18;5127;1827;167372;44203;15.5;4.1
06;2021-03-19;6823;2030;174195;46233;16.1;4.3
06;2021-03-20;2374;561;176569;46794;16.4;4.3
06;2021-03-21;409;23;176978;46817;16.4;4.3
06;2021-03-22;3981;707;180959;47524;16.8;4.4
06;2021-03-23;5987;1223;186946;48747;17.3;4.5
06;2021-03-24;4221;3327;191167;52074;17.7;4.8
06;2021-03-25;5865;3246;197032;55320;18.3;5.1
06;2021-03-26;6360;1993;203392;57313;18.8;5.3
06;2021-03-27;2040;368;205432;57681;19.0;5.3
06;2021-03-28;211;3;205643;57684;19.1;5.3
06;2021-03-29;3202;2094;208845;59778;19.3;5.5
06;2021-03-30;5192;2537;214037;62315;19.8;5.8
06;2021-03-31;8052;1659;222089;63974;20.6;5.9
06;2021-04-01;7640;2473;229729;66447;21.3;6.2
06;2021-04-02;7233;2710;236962;69157;22.0;6.4
06;2021-04-03;2720;1373;239682;70530;22.2;6.5
06;2021-04-04;300;549;239982;71079;22.2;6.6
06;2021-04-05;1404;692;241386;71771;22.4;6.6
06;2021-04-06;6660;3311;248046;75082;23.0;7.0
06;2021-04-07;6217;3892;254263;78974;23.6;7.3
06;2021-04-08;5743;5659;260006;84633;24.1;7.8
06;2021-04-09;9374;5849;269380;90482;25.0;8.4
06;2021-04-10;2397;2786;271777;93268;25.2;8.6
06;2021-04-11;187;58;271964;93326;25.2;8.6
06;2021-04-12;4381;3532;276345;96858;25.6;9.0
06;2021-04-13;6370;5132;282715;101990;26.2;9.4
06;2021-04-14;5462;4494;288177;106484;26.7;9.9
06;2021-04-15;5550;4388;293727;110872;27.2;10.3
06;2021-04-16;7083;5196;300810;116068;27.9;10.8
06;2021-04-17;2784;3054;303594;119122;28.1;11.0
06;2021-04-18;265;224;303859;119346;28.2;11.1
06;2021-04-19;5485;4046;309344;123392;28.7;11.4
06;2021-04-20;5656;4872;315000;128264;29.2;11.9
06;2021-04-21;8318;4158;323318;132422;30.0;12.3
06;2021-04-22;8570;4191;331888;136613;30.7;12.7
06;2021-04-23;8802;4253;340690;140866;31.6;13.1
06;2021-04-24;2354;1493;343044;142359;31.8;13.2
06;2021-04-25;122;29;343166;142388;31.8;13.2
06;2021-04-26;4146;2310;347312;144698;32.2;13.4
06;2021-04-27;4585;4040;351897;148738;32.6;13.8
06;2021-04-28;4150;4570;356047;153308;33.0;14.2
06;2021-04-29;6085;5459;362132;158767;33.5;14.7
06;2021-04-30;6773;5162;368905;163929;34.2;15.2
06;2021-05-01;4162;829;373067;164758;34.6;15.3
06;2021-05-02;491;158;373558;164916;34.6;15.3
06;2021-05-03;6913;3548;380471;168464;35.2;15.6
06;2021-05-04;5746;5384;386217;173848;35.8;16.1
06;2021-05-05;4545;3914;390762;177762;36.2;16.5
06;2021-05-06;5228;4735;395990;182497;36.7;16.9
06;2021-05-07;5656;5679;401646;188176;37.2;17.4
06;2021-05-08;4864;1317;406510;189493;37.7;17.6
06;2021-05-09;200;308;406710;189801;37.7;17.6
06;2021-05-10;4820;5046;411530;194847;38.1;18.1
06;2021-05-11;4935;5565;416465;200412;38.6;18.6
06;2021-05-12;9097;4890;425562;205302;39.4;19.0
06;2021-05-13;9266;2125;434828;207427;40.3;19.2
06;2021-05-14;10842;3359;445670;210786;41.3;19.5
06;2021-05-15;9282;2208;454952;212994;42.1;19.7
06;2021-05-16;1501;286;456453;213280;42.3;19.8
06;2021-05-17;7499;3750;463952;217030;43.0;20.1
06;2021-05-18;9733;3214;473685;220244;43.9;20.4
06;2021-05-19;7696;2979;481381;223223;44.6;20.7
06;2021-05-20;7936;3665;489317;226888;45.3;21.0
06;2021-05-21;8799;3937;498116;230825;46.1;21.4
06;2021-05-22;3033;1329;501149;232154;46.4;21.5
06;2021-05-23;132;629;501281;232783;46.4;21.6
06;2021-05-24;3191;999;504472;233782;46.7;21.7
06;2021-05-25;4758;4936;509230;238718;47.2;22.1
06;2021-05-26;5682;6622;514912;245340;47.7;22.7
06;2021-05-27;5571;6276;520483;251616;48.2;23.3
06;2021-05-28;4985;7292;525468;258908;48.7;24.0
06;2021-05-29;1643;2934;527111;261842;48.8;24.3
06;2021-05-30;258;1122;527369;262964;48.9;24.4
06;2021-05-31;4412;5129;531781;268093;49.3;24.8
06;2021-06-01;5723;7418;537504;275511;49.8;25.5
06;2021-06-02;3313;8554;540817;284065;50.1;26.3
06;2021-06-03;4547;8311;545364;292376;50.5;27.1
06;2021-06-04;5489;7743;550853;300119;51.0;27.8
06;2021-06-05;2462;3350;553315;303469;51.3;28.1
06;2021-06-06;180;236;553495;303705;51.3;28.1
06;2021-06-07;4145;5591;557640;309296;51.7;28.7
06;2021-06-08;4471;5208;562111;314504;52.1;29.1
06;2021-06-09;4112;7373;566223;321877;52.5;29.8
06;2021-06-10;4783;6868;571006;328745;52.9;30.5
06;2021-06-11;3909;8367;574915;337112;53.3;31.2
06;2021-06-12;1742;3746;576657;340858;53.4;31.6
06;2021-06-13;147;440;576804;341298;53.4;31.6
06;2021-06-14;2730;8604;579534;349902;53.7;32.4
06;2021-06-15;3260;9487;582794;359389;54.0;33.3
06;2021-06-16;3506;7006;586300;366395;54.3;33.9
06;2021-06-17;3678;7193;589978;373588;54.7;34.6
06;2021-06-18;2631;5930;592609;379518;54.9;35.2
06;2021-06-19;1312;1683;593921;381201;55.0;35.3
06;2021-06-20;210;347;594131;381548;55.0;35.3
06;2021-06-21;1722;6306;595853;387854;55.2;35.9
06;2021-06-22;2359;7370;598212;395224;55.4;36.6
06;2021-06-23;2085;6551;600297;401775;55.6;37.2
06;2021-06-24;3473;8974;603770;410749;55.9;38.1
06;2021-06-25;2292;9612;606062;420361;56.1;38.9
06;2021-06-26;892;2287;606954;422648;56.2;39.2
06;2021-06-27;379;1187;607333;423835;56.3;39.3
06;2021-06-28;2487;8142;609820;431977;56.5;40.0
06;2021-06-29;2381;7722;612201;439699;56.7;40.7
06;2021-06-30;1514;7696;613715;447395;56.9;41.4
06;2021-07-01;3442;7485;617157;454880;57.2;42.1
06;2021-07-02;4315;8269;621472;463149;57.6;42.9
06;2021-07-03;1239;4307;622711;467456;57.7;43.3
06;2021-07-04;317;303;623028;467759;57.7;43.3
06;2021-07-05;3685;5138;626713;472897;58.1;43.8
06;2021-07-06;1949;5831;628662;478728;58.2;44.4
06;2021-07-07;3468;5979;632130;484707;58.6;44.9
06;2021-07-08;3496;6327;635626;491034;58.9;45.5
06;2021-07-09;4042;6229;639668;497263;59.3;46.1
06;2021-07-10;1757;2334;641425;499597;59.4;46.3
06;2021-07-11;330;322;641755;499919;59.5;46.3
06;2021-07-12;3892;7156;645647;507075;59.8;47.0
06;2021-07-13;5856;9018;651503;516093;60.4;47.8
06;2021-07-14;977;431;652480;516524;60.4;47.9
06;2021-07-15;6443;8035;658923;524559;61.0;48.6
06;2021-07-16;7610;9015;666533;533574;61.8;49.4
06;2021-07-17;3137;5472;669670;539046;62.0;49.9
06;2021-07-18;1075;5332;670745;544378;62.1;50.4
06;2021-07-19;5865;8036;676610;552414;62.7;51.2
06;2021-07-20;7396;10260;684006;562674;63.4;52.1
06;2021-07-21;8103;8706;692109;571380;64.1;52.9
06;2021-07-22;10240;7867;702349;579247;65.1;53.7
06;2021-07-23;9280;6916;711629;586163;65.9;54.3
06;2021-07-24;3219;3222;714848;589385;66.2;54.6
06;2021-07-25;988;476;715836;589861;66.3;54.6
06;2021-07-26;7393;6885;723229;596746;67.0;55.3
06;2021-07-27;9093;5568;732322;602314;67.8;55.8
06;2021-07-28;7336;5401;739658;607715;68.5;56.3
06;2021-07-29;8689;5772;748347;613487;69.3;56.8
06;2021-07-30;8056;5520;756403;619007;70.1;57.3
06;2021-07-31;3629;3074;760032;622081;70.4;57.6
06;2021-08-01;732;431;760764;622512;70.5;57.7
06;2021-08-02;5915;4582;766679;627094;71.0;58.1
06;2021-08-03;6229;5464;772908;632558;71.6;58.6
06;2021-08-04;5480;3506;778388;636064;72.1;58.9
06;2021-08-05;6029;4440;784417;640504;72.7;59.3
06;2021-08-06;5545;6094;789962;646598;73.2;59.9
06;2021-08-07;2236;2466;792198;649064;73.4;60.1
06;2021-08-08;555;631;792753;649695;73.4;60.2
06;2021-08-09;4289;6001;797042;655696;73.8;60.7
06;2021-08-10;5068;6827;802110;662523;74.3;61.4
06;2021-08-11;4084;6174;806194;668697;74.7;62.0
06;2021-08-12;4285;6694;810479;675391;75.1;62.6
06;2021-08-13;3442;6394;813921;681785;75.4;63.2
06;2021-08-14;1453;2273;815374;684058;75.5;63.4
06;2021-08-15;389;632;815763;684690;75.6;63.4
06;2021-08-16;2976;6860;818739;691550;75.9;64.1
06;2021-08-17;3634;7753;822373;699303;76.2;64.8
06;2021-08-18;2879;6380;825252;705683;76.5;65.4
06;2021-08-19;3878;8075;829130;713758;76.8;66.1
06;2021-08-20;3073;6438;832203;720196;77.1;66.7
06;2021-08-21;1756;3558;833959;723754;77.3;67.1
06;2021-08-22;359;698;834318;724452;77.3;67.1
06;2021-08-23;2325;6490;836643;730942;77.5;67.7
06;2021-08-24;2734;6422;839377;737364;77.8;68.3
06;2021-08-25;2376;5587;841753;742951;78.0;68.8
07;2020-12-27;0;0;0;0;0.0;0.0
07;2020-12-28;0;0;0;0;0.0;0.0
07;2020-12-29;0;0;0;0;0.0;0.0
07;2020-12-30;0;0;0;0;0.0;0.0
07;2020-12-31;0;0;0;0;0.0;0.0
07;2021-01-01;7;0;7;0;0.0;0.0
07;2021-01-02;0;0;7;0;0.0;0.0
07;2021-01-03;0;0;7;0;0.0;0.0
07;2021-01-04;0;0;7;0;0.0;0.0
07;2021-01-05;0;0;7;0;0.0;0.0
07;2021-01-06;31;0;38;0;0.0;0.0
07;2021-01-07;130;1;168;1;0.1;0.0
07;2021-01-08;45;1;213;2;0.1;0.0
07;2021-01-09;17;0;230;2;0.1;0.0
07;2021-01-10;0;0;230;2;0.1;0.0
07;2021-01-11;157;1;387;3;0.1;0.0
07;2021-01-12;309;0;696;3;0.2;0.0
07;2021-01-13;306;1;1002;4;0.3;0.0
07;2021-01-14;477;0;1479;4;0.5;0.0
07;2021-01-15;188;0;1667;4;0.5;0.0
07;2021-01-16;17;0;1684;4;0.5;0.0
07;2021-01-17;2;0;1686;4;0.5;0.0
07;2021-01-18;363;2;2049;6;0.6;0.0
07;2021-01-19;830;2;2879;8;0.9;0.0
07;2021-01-20;598;2;3477;10;1.1;0.0
07;2021-01-21;452;3;3929;13;1.2;0.0
07;2021-01-22;291;0;4220;13;1.3;0.0
07;2021-01-23;107;0;4327;13;1.3;0.0
07;2021-01-24;0;0;4327;13;1.3;0.0
07;2021-01-25;164;0;4491;13;1.4;0.0
07;2021-01-26;491;3;4982;16;1.5;0.0
07;2021-01-27;555;7;5537;23;1.7;0.0
07;2021-01-28;1206;101;6743;124;2.1;0.0
07;2021-01-29;707;18;7450;142;2.3;0.0
07;2021-01-30;213;4;7663;146;2.3;0.0
07;2021-01-31;7;0;7670;146;2.3;0.0
07;2021-02-01;267;33;7937;179;2.4;0.1
07;2021-02-02;664;241;8601;420;2.6;0.1
07;2021-02-03;1045;221;9646;641;3.0;0.2
07;2021-02-04;722;262;10368;903;3.2;0.3
07;2021-02-05;484;256;10852;1159;3.3;0.4
07;2021-02-06;98;3;10950;1162;3.3;0.4
07;2021-02-07;12;1;10962;1163;3.4;0.4
07;2021-02-08;239;176;11201;1339;3.4;0.4
07;2021-02-09;488;326;11689;1665;3.6;0.5
07;2021-02-10;538;397;12227;2062;3.7;0.6
07;2021-02-11;400;282;12627;2344;3.9;0.7
07;2021-02-12;268;160;12895;2504;3.9;0.8
07;2021-02-13;69;20;12964;2524;4.0;0.8
07;2021-02-14;0;0;12964;2524;4.0;0.8
07;2021-02-15;270;132;13234;2656;4.0;0.8
07;2021-02-16;347;363;13581;3019;4.2;0.9
07;2021-02-17;466;335;14047;3354;4.3;1.0
07;2021-02-18;562;768;14609;4122;4.5;1.3
07;2021-02-19;457;509;15066;4631;4.6;1.4
07;2021-02-20;109;69;15175;4700;4.6;1.4
07;2021-02-21;15;0;15190;4700;4.6;1.4
07;2021-02-22;424;217;15614;4917;4.8;1.5
07;2021-02-23;646;620;16260;5537;5.0;1.7
07;2021-02-24;928;706;17188;6243;5.3;1.9
07;2021-02-25;710;538;17898;6781;5.5;2.1
07;2021-02-26;845;294;18743;7075;5.7;2.2
07;2021-02-27;190;145;18933;7220;5.8;2.2
07;2021-02-28;1;0;18934;7220;5.8;2.2
07;2021-03-01;438;216;19372;7436;5.9;2.3
07;2021-03-02;655;565;20027;8001;6.1;2.4
07;2021-03-03;691;537;20718;8538;6.3;2.6
07;2021-03-04;1099;359;21817;8897;6.7;2.7
07;2021-03-05;1084;375;22901;9272;7.0;2.8
07;2021-03-06;1125;99;24026;9371;7.4;2.9
07;2021-03-07;718;22;24744;9393;7.6;2.9
07;2021-03-08;352;319;25096;9712;7.7;3.0
07;2021-03-09;1088;434;26184;10146;8.0;3.1
07;2021-03-10;867;519;27051;10665;8.3;3.3
07;2021-03-11;1373;468;28424;11133;8.7;3.4
07;2021-03-12;1617;567;30041;11700;9.2;3.6
07;2021-03-13;680;101;30721;11801;9.4;3.6
07;2021-03-14;4;0;30725;11801;9.4;3.6
07;2021-03-15;526;292;31251;12093;9.6;3.7
07;2021-03-16;1208;484;32459;12577;9.9;3.8
07;2021-03-17;1187;782;33646;13359;10.3;4.1
07;2021-03-18;1219;416;34865;13775;10.7;4.2
07;2021-03-19;1268;424;36133;14199;11.1;4.3
07;2021-03-20;467;109;36600;14308;11.2;4.4
07;2021-03-21;3;2;36603;14310;11.2;4.4
07;2021-03-22;791;538;37394;14848;11.4;4.5
07;2021-03-23;1515;722;38909;15570;11.9;4.8
07;2021-03-24;1277;666;40186;16236;12.3;5.0
07;2021-03-25;1852;517;42038;16753;12.9;5.1
07;2021-03-26;1834;442;43872;17195;13.4;5.3
07;2021-03-27;385;101;44257;17296;13.5;5.3
07;2021-03-28;6;1;44263;17297;13.5;5.3
07;2021-03-29;789;359;45052;17656;13.8;5.4
07;2021-03-30;1526;511;46578;18167;14.2;5.6
07;2021-03-31;1660;506;48238;18673;14.8;5.7
07;2021-04-01;1587;660;49825;19333;15.2;5.9
07;2021-04-02;1522;439;51347;19772;15.7;6.0
07;2021-04-03;230;106;51577;19878;15.8;6.1
07;2021-04-04;3;1;51580;19879;15.8;6.1
07;2021-04-05;0;66;51580;19945;15.8;6.1
07;2021-04-06;1161;757;52741;20702;16.1;6.3
07;2021-04-07;1317;897;54058;21599;16.5;6.6
07;2021-04-08;1969;1180;56027;22779;17.1;7.0
07;2021-04-09;2424;567;58451;23346;17.9;7.1
07;2021-04-10;807;162;59258;23508;18.1;7.2
07;2021-04-11;339;13;59597;23521;18.2;7.2
07;2021-04-12;1282;593;60879;24114;18.6;7.4
07;2021-04-13;1768;1337;62647;25451;19.2;7.8
07;2021-04-14;1675;991;64322;26442;19.7;8.1
07;2021-04-15;1442;842;65764;27284;20.1;8.3
07;2021-04-16;1506;908;67270;28192;20.6;8.6
07;2021-04-17;870;215;68140;28407;20.8;8.7
07;2021-04-18;700;37;68840;28444;21.1;8.7
07;2021-04-19;1161;573;70001;29017;21.4;8.9
07;2021-04-20;1442;1318;71443;30335;21.9;9.3
07;2021-04-21;1718;919;73161;31254;22.4;9.6
07;2021-04-22;1817;965;74978;32219;22.9;9.9
07;2021-04-23;1411;973;76389;33192;23.4;10.2
07;2021-04-24;961;251;77350;33443;23.7;10.2
07;2021-04-25;717;69;78067;33512;23.9;10.3
07;2021-04-26;1138;681;79205;34193;24.2;10.5
07;2021-04-27;1395;1565;80600;35758;24.7;10.9
07;2021-04-28;1636;1760;82236;37518;25.2;11.5
07;2021-04-29;1939;1535;84175;39053;25.8;11.9
07;2021-04-30;1662;1483;85837;40536;26.3;12.4
07;2021-05-01;960;116;86797;40652;26.6;12.4
07;2021-05-02;845;156;87642;40808;26.8;12.5
07;2021-05-03;1280;435;88922;41243;27.2;12.6
07;2021-05-04;2171;1564;91093;42807;27.9;13.1
07;2021-05-05;1745;1386;92838;44193;28.4;13.5
07;2021-05-06;2104;1586;94942;45779;29.0;14.0
07;2021-05-07;1595;1556;96537;47335;29.5;14.5
07;2021-05-08;1227;405;97764;47740;29.9;14.6
07;2021-05-09;1030;327;98794;48067;30.2;14.7
07;2021-05-10;1405;1175;100199;49242;30.7;15.1
07;2021-05-11;2472;1699;102671;50941;31.4;15.6
07;2021-05-12;2163;1277;104834;52218;32.1;16.0
07;2021-05-13;1712;272;106546;52490;32.6;16.1
07;2021-05-14;1735;1000;108281;53490;33.1;16.4
07;2021-05-15;1627;500;109908;53990;33.6;16.5
07;2021-05-16;1444;213;111352;54203;34.1;16.6
07;2021-05-17;1772;861;113124;55064;34.6;16.8
07;2021-05-18;2296;1304;115420;56368;35.3;17.2
07;2021-05-19;2375;997;117795;57365;36.0;17.5
07;2021-05-20;2165;1313;119960;58678;36.7;18.0
07;2021-05-21;1758;1314;121718;59992;37.2;18.4
07;2021-05-22;935;544;122653;60536;37.5;18.5
07;2021-05-23;857;157;123510;60693;37.8;18.6
07;2021-05-24;1650;339;125160;61032;38.3;18.7
07;2021-05-25;2187;1478;127347;62510;39.0;19.1
07;2021-05-26;1529;1380;128876;63890;39.4;19.5
07;2021-05-27;2020;1410;130896;65300;40.0;20.0
07;2021-05-28;1770;2081;132666;67381;40.6;20.6
07;2021-05-29;943;684;133609;68065;40.9;20.8
07;2021-05-30;622;570;134231;68635;41.1;21.0
07;2021-05-31;1133;1286;135364;69921;41.4;21.4
07;2021-06-01;2153;2005;137517;71926;42.1;22.0
07;2021-06-02;1531;1653;139048;73579;42.5;22.5
07;2021-06-03;1712;1257;140760;74836;43.1;22.9
07;2021-06-04;1675;1595;142435;76431;43.6;23.4
07;2021-06-05;987;955;143422;77386;43.9;23.7
07;2021-06-06;598;623;144020;78009;44.1;23.9
07;2021-06-07;961;1195;144981;79204;44.4;24.2
07;2021-06-08;1548;1771;146529;80975;44.8;24.8
07;2021-06-09;1030;1422;147559;82397;45.1;25.2
07;2021-06-10;788;1390;148347;83787;45.4;25.6
07;2021-06-11;1154;2034;149501;85821;45.7;26.3
07;2021-06-12;643;1217;150144;87038;45.9;26.6
07;2021-06-13;395;444;150539;87482;46.1;26.8
07;2021-06-14;566;1963;151105;89445;46.2;27.4
07;2021-06-15;936;2552;152041;91997;46.5;28.1
07;2021-06-16;1023;1852;153064;93849;46.8;28.7
07;2021-06-17;886;1951;153950;95800;47.1;29.3
07;2021-06-18;872;2285;154822;98085;47.4;30.0
07;2021-06-19;605;1455;155427;99540;47.5;30.5
07;2021-06-20;369;727;155796;100267;47.7;30.7
07;2021-06-21;516;2144;156312;102411;47.8;31.3
07;2021-06-22;655;2663;156967;105074;48.0;32.1
07;2021-06-23;680;1960;157647;107034;48.2;32.7
07;2021-06-24;646;1852;158293;108886;48.4;33.3
07;2021-06-25;701;2177;158994;111063;48.6;34.0
07;2021-06-26;360;1430;159354;112493;48.8;34.4
07;2021-06-27;285;1073;159639;113566;48.8;34.7
07;2021-06-28;505;2241;160144;115807;49.0;35.4
07;2021-06-29;540;2987;160684;118794;49.2;36.3
07;2021-06-30;822;2290;161506;121084;49.4;37.0
07;2021-07-01;774;1978;162280;123062;49.6;37.6
07;2021-07-02;882;2303;163162;125365;49.9;38.4
07;2021-07-03;421;1139;163583;126504;50.0;38.7
07;2021-07-04;211;853;163794;127357;50.1;39.0
07;2021-07-05;670;1685;164464;129042;50.3;39.5
07;2021-07-06;879;2634;165343;131676;50.6;40.3
07;2021-07-07;969;1946;166312;133622;50.9;40.9
07;2021-07-08;928;1972;167240;135594;51.2;41.5
07;2021-07-09;996;2262;168236;137856;51.5;42.2
07;2021-07-10;598;1101;168834;138957;51.7;42.5
07;2021-07-11;239;614;169073;139571;51.7;42.7
07;2021-07-12;808;1769;169881;141340;52.0;43.2
07;2021-07-13;1768;3177;171649;144517;52.5;44.2
07;2021-07-14;167;134;171816;144651;52.6;44.3
07;2021-07-15;1957;2460;173773;147111;53.2;45.0
07;2021-07-16;2054;1985;175827;149096;53.8;45.6
07;2021-07-17;1484;1252;177311;150348;54.2;46.0
07;2021-07-18;771;481;178082;150829;54.5;46.1
07;2021-07-19;1515;1705;179597;152534;54.9;46.7
07;2021-07-20;2520;2682;182117;155216;55.7;47.5
07;2021-07-21;1854;1917;183971;157133;56.3;48.1
07;2021-07-22;1917;1373;185888;158506;56.9;48.5
07;2021-07-23;2259;1686;188147;160192;57.6;49.0
07;2021-07-24;1640;1109;189787;161301;58.1;49.3
07;2021-07-25;33;22;189820;161323;58.1;49.4
07;2021-07-26;2192;1542;192012;162865;58.7;49.8
07;2021-07-27;3000;1909;195012;164774;59.7;50.4
07;2021-07-28;1642;1303;196654;166077;60.2;50.8
07;2021-07-29;2537;1273;199191;167350;60.9;51.2
07;2021-07-30;1352;1415;200543;168765;61.4;51.6
07;2021-07-31;1501;923;202044;169688;61.8;51.9
07;2021-08-01;73;26;202117;169714;61.8;51.9
07;2021-08-02;1488;1136;203605;170850;62.3;52.3
07;2021-08-03;2406;1910;206011;172760;63.0;52.9
07;2021-08-04;1938;1030;207949;173790;63.6;53.2
07;2021-08-05;1874;1287;209823;175077;64.2;53.6
07;2021-08-06;2018;1709;211841;176786;64.8;54.1
07;2021-08-07;991;553;212832;177339;65.1;54.3
07;2021-08-08;7;23;212839;177362;65.1;54.3
07;2021-08-09;1252;1377;214091;178739;65.5;54.7
07;2021-08-10;1590;2259;215681;180998;66.0;55.4
07;2021-08-11;1394;1606;217075;182604;66.4;55.9
07;2021-08-12;1093;1479;218168;184083;66.7;56.3
07;2021-08-13;1165;1785;219333;185868;67.1;56.9
07;2021-08-14;504;767;219837;186635;67.3;57.1
07;2021-08-15;9;28;219846;186663;67.3;57.1
07;2021-08-16;754;1325;220600;187988;67.5;57.5
07;2021-08-17;1319;2267;221919;190255;67.9;58.2
07;2021-08-18;867;1513;222786;191768;68.2;58.7
07;2021-08-19;1141;1692;223927;193460;68.5;59.2
07;2021-08-20;895;2086;224822;195546;68.8;59.8
07;2021-08-21;359;546;225181;196092;68.9;60.0
07;2021-08-22;7;23;225188;196115;68.9;60.0
07;2021-08-23;461;1306;225649;197421;69.0;60.4
07;2021-08-24;1120;2299;226769;199720;69.4;61.1
07;2021-08-25;679;1821;227448;201541;69.6;61.7
08;2020-12-27;1;0;1;0;0.0;0.0
08;2020-12-28;0;0;1;0;0.0;0.0
08;2020-12-29;0;0;1;0;0.0;0.0
08;2020-12-30;0;0;1;0;0.0;0.0
08;2020-12-31;0;0;1;0;0.0;0.0
08;2021-01-01;0;0;1;0;0.0;0.0
08;2021-01-02;0;0;1;0;0.0;0.0
08;2021-01-03;2;0;3;0;0.0;0.0
08;2021-01-04;24;0;27;0;0.0;0.0
08;2021-01-05;1;0;28;0;0.0;0.0
08;2021-01-06;0;0;28;0;0.0;0.0
08;2021-01-07;188;0;216;0;0.1;0.0
08;2021-01-08;314;0;530;0;0.2;0.0
08;2021-01-09;113;0;643;0;0.2;0.0
08;2021-01-10;1;0;644;0;0.2;0.0
08;2021-01-11;67;0;711;0;0.3;0.0
08;2021-01-12;157;0;868;0;0.3;0.0
08;2021-01-13;480;1;1348;1;0.5;0.0
08;2021-01-14;537;9;1885;10;0.7;0.0
08;2021-01-15;287;2;2172;12;0.8;0.0
08;2021-01-16;106;0;2278;12;0.9;0.0
08;2021-01-17;2;0;2280;12;0.9;0.0
08;2021-01-18;371;2;2651;14;1.0;0.0
08;2021-01-19;872;1;3523;15;1.3;0.0
08;2021-01-20;910;4;4433;19;1.7;0.0
08;2021-01-21;743;1;5176;20;1.9;0.0
08;2021-01-22;678;1;5854;21;2.2;0.0
08;2021-01-23;237;0;6091;21;2.3;0.0
08;2021-01-24;0;0;6091;21;2.3;0.0
08;2021-01-25;207;0;6298;21;2.4;0.0
08;2021-01-26;302;1;6600;22;2.5;0.0
08;2021-01-27;410;1;7010;23;2.6;0.0
08;2021-01-28;565;182;7575;205;2.9;0.1
08;2021-01-29;587;180;8162;385;3.1;0.1
08;2021-01-30;222;63;8384;448;3.2;0.2
08;2021-01-31;0;0;8384;448;3.2;0.2
08;2021-02-01;80;46;8464;494;3.2;0.2
08;2021-02-02;192;173;8656;667;3.3;0.3
08;2021-02-03;141;170;8797;837;3.3;0.3
08;2021-02-04;309;287;9106;1124;3.4;0.4
08;2021-02-05;499;360;9605;1484;3.6;0.6
08;2021-02-06;149;75;9754;1559;3.7;0.6
08;2021-02-07;8;0;9762;1559;3.7;0.6
08;2021-02-08;40;173;9802;1732;3.7;0.7
08;2021-02-09;220;646;10022;2378;3.8;0.9
08;2021-02-10;334;639;10356;3017;3.9;1.1
08;2021-02-11;464;364;10820;3381;4.1;1.3
08;2021-02-12;676;388;11496;3769;4.3;1.4
08;2021-02-13;140;116;11636;3885;4.4;1.5
08;2021-02-14;3;60;11639;3945;4.4;1.5
08;2021-02-15;227;209;11866;4154;4.5;1.6
08;2021-02-16;130;375;11996;4529;4.5;1.7
08;2021-02-17;112;417;12108;4946;4.6;1.9
08;2021-02-18;215;518;12323;5464;4.6;2.1
08;2021-02-19;305;425;12628;5889;4.8;2.2
08;2021-02-20;7;208;12635;6097;4.8;2.3
08;2021-02-21;0;0;12635;6097;4.8;2.3
08;2021-02-22;132;179;12767;6276;4.8;2.4
08;2021-02-23;150;319;12917;6595;4.9;2.5
08;2021-02-24;163;388;13080;6983;4.9;2.6
08;2021-02-25;500;527;13580;7510;5.1;2.8
08;2021-02-26;603;628;14183;8138;5.3;3.1
08;2021-02-27;318;192;14501;8330;5.5;3.1
08;2021-02-28;19;1;14520;8331;5.5;3.1
08;2021-03-01;200;105;14720;8436;5.5;3.2
08;2021-03-02;654;280;15374;8716;5.8;3.3
08;2021-03-03;897;201;16271;8917;6.1;3.4
08;2021-03-04;734;333;17005;9250;6.4;3.5
08;2021-03-05;1022;541;18027;9791;6.8;3.7
08;2021-03-06;694;139;18721;9930;7.1;3.7
08;2021-03-07;75;2;18796;9932;7.1;3.7
08;2021-03-08;217;123;19013;10055;7.2;3.8
08;2021-03-09;686;136;19699;10191;7.4;3.8
08;2021-03-10;1037;120;20736;10311;7.8;3.9
08;2021-03-11;981;251;21717;10562;8.2;4.0
08;2021-03-12;1631;517;23348;11079;8.8;4.2
08;2021-03-13;797;123;24145;11202;9.1;4.2
08;2021-03-14;22;0;24167;11202;9.1;4.2
08;2021-03-15;291;73;24458;11275;9.2;4.2
08;2021-03-16;563;39;25021;11314;9.4;4.3
08;2021-03-17;802;62;25823;11376;9.7;4.3
08;2021-03-18;816;156;26639;11532;10.0;4.3
08;2021-03-19;1135;286;27774;11818;10.5;4.5
08;2021-03-20;508;17;28282;11835;10.7;4.5
08;2021-03-21;13;1;28295;11836;10.7;4.5
08;2021-03-22;367;44;28662;11880;10.8;4.5
08;2021-03-23;733;63;29395;11943;11.1;4.5
08;2021-03-24;1327;70;30722;12013;11.6;4.5
08;2021-03-25;1905;94;32627;12107;12.3;4.6
08;2021-03-26;2565;172;35192;12279;13.3;4.6
08;2021-03-27;898;124;36090;12403;13.6;4.7
08;2021-03-28;228;6;36318;12409;13.7;4.7
08;2021-03-29;261;184;36579;12593;13.8;4.7
08;2021-03-30;832;486;37411;13079;14.1;4.9
08;2021-03-31;852;533;38263;13612;14.4;5.1
08;2021-04-01;1684;447;39947;14059;15.0;5.3
08;2021-04-02;1499;518;41446;14577;15.6;5.5
08;2021-04-03;1329;203;42775;14780;16.1;5.6
08;2021-04-04;134;4;42909;14784;16.2;5.6
08;2021-04-05;17;0;42926;14784;16.2;5.6
08;2021-04-06;702;483;43628;15267;16.4;5.7
08;2021-04-07;910;703;44538;15970;16.8;6.0
08;2021-04-08;1742;522;46280;16492;17.4;6.2
08;2021-04-09;2348;725;48628;17217;18.3;6.5
08;2021-04-10;1449;224;50077;17441;18.9;6.6
08;2021-04-11;10;6;50087;17447;18.9;6.6
08;2021-04-12;671;223;50758;17670;19.1;6.7
08;2021-04-13;1308;616;52066;18286;19.6;6.9
08;2021-04-14;1281;867;53347;19153;20.1;7.2
08;2021-04-15;1606;803;54953;19956;20.7;7.5
08;2021-04-16;1873;880;56826;20836;21.4;7.8
08;2021-04-17;1111;401;57937;21237;21.8;8.0
08;2021-04-18;23;14;57960;21251;21.8;8.0
08;2021-04-19;1150;298;59110;21549;22.3;8.1
08;2021-04-20;1120;541;60230;22090;22.7;8.3
08;2021-04-21;1139;743;61369;22833;23.1;8.6
08;2021-04-22;1327;879;62696;23712;23.6;8.9
08;2021-04-23;1675;1173;64371;24885;24.2;9.4
08;2021-04-24;1324;647;65695;25532;24.7;9.6
08;2021-04-25;26;198;65721;25730;24.8;9.7
08;2021-04-26;1040;154;66761;25884;25.1;9.7
08;2021-04-27;1338;603;68099;26487;25.6;10.0
08;2021-04-28;1453;681;69552;27168;26.2;10.2
08;2021-04-29;1173;1314;70725;28482;26.6;10.7
08;2021-04-30;1769;1615;72494;30097;27.3;11.3
08;2021-05-01;1049;494;73543;30591;27.7;11.5
08;2021-05-02;627;183;74170;30774;27.9;11.6
08;2021-05-03;1169;373;75339;31147;28.4;11.7
08;2021-05-04;1328;872;76667;32019;28.9;12.1
08;2021-05-05;1567;1332;78234;33351;29.5;12.6
08;2021-05-06;1971;1660;80205;35011;30.2;13.2
08;2021-05-07;1861;2100;82066;37111;30.9;14.0
08;2021-05-08;923;767;82989;37878;31.3;14.3
08;2021-05-09;443;71;83432;37949;31.4;14.3
08;2021-05-10;1191;666;84623;38615;31.9;14.5
08;2021-05-11;1909;944;86532;39559;32.6;14.9
08;2021-05-12;1810;1240;88342;40799;33.3;15.4
08;2021-05-13;1306;621;89648;41420;33.8;15.6
08;2021-05-14;2535;1036;92183;42456;34.7;16.0
08;2021-05-15;1821;714;94004;43170;35.4;16.3
08;2021-05-16;820;102;94824;43272;35.7;16.3
08;2021-05-17;700;905;95524;44177;36.0;16.6
08;2021-05-18;1251;841;96775;45018;36.4;17.0
08;2021-05-19;1610;959;98385;45977;37.1;17.3
08;2021-05-20;2146;962;100531;46939;37.9;17.7
08;2021-05-21;2338;1274;102869;48213;38.7;18.2
08;2021-05-22;1817;763;104686;48976;39.4;18.4
08;2021-05-23;864;90;105550;49066;39.8;18.5
08;2021-05-24;714;104;106264;49170;40.0;18.5
08;2021-05-25;1456;671;107720;49841;40.6;18.8
08;2021-05-26;1527;1011;109247;50852;41.1;19.2
08;2021-05-27;2007;1146;111254;51998;41.9;19.6
08;2021-05-28;1973;1822;113227;53820;42.6;20.3
08;2021-05-29;1769;968;114996;54788;43.3;20.6
08;2021-05-30;836;102;115832;54890;43.6;20.7
08;2021-05-31;755;572;116587;55462;43.9;20.9
08;2021-06-01;1351;880;117938;56342;44.4;21.2
08;2021-06-02;1295;1196;119233;57538;44.9;21.7
08;2021-06-03;1386;1525;120619;59063;45.4;22.2
08;2021-06-04;1777;2425;122396;61488;46.1;23.2
08;2021-06-05;1177;1379;123573;62867;46.5;23.7
08;2021-06-06;907;107;124480;62974;46.9;23.7
08;2021-06-07;661;1174;125141;64148;47.1;24.2
08;2021-06-08;931;1495;126072;65643;47.5;24.7
08;2021-06-09;841;1392;126913;67035;47.8;25.2
08;2021-06-10;1718;1556;128631;68591;48.4;25.8
08;2021-06-11;1721;2211;130352;70802;49.1;26.7
08;2021-06-12;1418;1527;131770;72329;49.6;27.2
08;2021-06-13;386;598;132156;72927;49.8;27.5
08;2021-06-14;380;1304;132536;74231;49.9;28.0
08;2021-06-15;740;1550;133276;75781;50.2;28.5
08;2021-06-16;807;2056;134083;77837;50.5;29.3
08;2021-06-17;1285;1854;135368;79691;51.0;30.0
08;2021-06-18;1609;2595;136977;82286;51.6;31.0
08;2021-06-19;1324;1407;138301;83693;52.1;31.5
08;2021-06-20;117;423;138418;84116;52.1;31.7
08;2021-06-21;494;1397;138912;85513;52.3;32.2
08;2021-06-22;809;2023;139721;87536;52.6;33.0
08;2021-06-23;859;1673;140580;89209;52.9;33.6
08;2021-06-24;1037;1924;141617;91133;53.3;34.3
08;2021-06-25;1084;2734;142701;93867;53.7;35.4
08;2021-06-26;1011;1782;143712;95649;54.1;36.0
08;2021-06-27;351;644;144063;96293;54.3;36.3
08;2021-06-28;397;1322;144460;97615;54.4;36.8
08;2021-06-29;628;1472;145088;99087;54.6;37.3
08;2021-06-30;856;1690;145944;100777;55.0;38.0
08;2021-07-01;885;2194;146829;102971;55.3;38.8
08;2021-07-02;939;2642;147768;105613;55.6;39.8
08;2021-07-03;784;2142;148552;107755;55.9;40.6
08;2021-07-04;128;861;148680;108616;56.0;40.9
08;2021-07-05;104;1195;148784;109811;56.0;41.4
08;2021-07-06;425;1834;149209;111645;56.2;42.0
08;2021-07-07;365;1781;149574;113426;56.3;42.7
08;2021-07-08;717;2015;150291;115441;56.6;43.5
08;2021-07-09;733;2436;151024;117877;56.9;44.4
08;2021-07-10;652;1998;151676;119875;57.1;45.1
08;2021-07-11;238;725;151914;120600;57.2;45.4
08;2021-07-12;311;1193;152225;121793;57.3;45.9
08;2021-07-13;946;1788;153171;123581;57.7;46.5
08;2021-07-14;178;329;153349;123910;57.8;46.7
08;2021-07-15;760;2450;154109;126360;58.0;47.6
08;2021-07-16;1082;2405;155191;128765;58.4;48.5
08;2021-07-17;992;2107;156183;130872;58.8;49.3
08;2021-07-18;346;740;156529;131612;58.9;49.6
08;2021-07-19;457;920;156986;132532;59.1;49.9
08;2021-07-20;878;1435;157864;133967;59.5;50.5
08;2021-07-21;1234;1719;159098;135686;59.9;51.1
08;2021-07-22;1148;2169;160246;137855;60.3;51.9
08;2021-07-23;1584;2446;161830;140301;60.9;52.8
08;2021-07-24;1309;1924;163139;142225;61.4;53.6
08;2021-07-25;774;444;163913;142669;61.7;53.7
08;2021-07-26;1322;847;165235;143516;62.2;54.0
08;2021-07-27;2184;1409;167419;144925;63.1;54.6
08;2021-07-28;2413;1452;169832;146377;64.0;55.1
08;2021-07-29;2603;1348;172435;147725;64.9;55.6
08;2021-07-30;2598;1587;175033;149312;65.9;56.2
08;2021-07-31;1969;1074;177002;150386;66.7;56.6
08;2021-08-01;934;300;177936;150686;67.0;56.7
08;2021-08-02;1252;683;179188;151369;67.5;57.0
08;2021-08-03;1629;821;180817;152190;68.1;57.3
08;2021-08-04;1489;664;182306;152854;68.7;57.6
08;2021-08-05;1892;970;184198;153824;69.4;57.9
08;2021-08-06;2576;1095;186774;154919;70.3;58.3
08;2021-08-07;1669;1160;188443;156079;71.0;58.8
08;2021-08-08;582;375;189025;156454;71.2;58.9
08;2021-08-09;672;534;189697;156988;71.4;59.1
08;2021-08-10;875;750;190572;157738;71.8;59.4
08;2021-08-11;521;790;191093;158528;72.0;59.7
08;2021-08-12;1147;1075;192240;159603;72.4;60.1
08;2021-08-13;1142;1016;193382;160619;72.8;60.5
08;2021-08-14;586;913;193968;161532;73.0;60.8
08;2021-08-15;137;274;194105;161806;73.1;60.9
08;2021-08-16;219;1178;194324;162984;73.2;61.4
08;2021-08-17;513;1209;194837;164193;73.4;61.8
08;2021-08-18;278;1264;195115;165457;73.5;62.3
08;2021-08-19;603;1889;195718;167346;73.7;63.0
08;2021-08-20;680;2170;196398;169516;74.0;63.8
08;2021-08-21;273;1340;196671;170856;74.1;64.3
08;2021-08-22;106;898;196777;171754;74.1;64.7
08;2021-08-23;160;1448;196937;173202;74.2;65.2
08;2021-08-24;344;1732;197281;174934;74.3;65.9
08;2021-08-25;309;1240;197590;176174;74.4;66.3
09;2020-12-27;0;0;0;0;0.0;0.0
09;2020-12-28;1;0;1;0;0.0;0.0
09;2020-12-29;0;0;1;0;0.0;0.0
09;2020-12-30;0;0;1;0;0.0;0.0
09;2020-12-31;0;0;1;0;0.0;0.0
09;2021-01-01;0;0;1;0;0.0;0.0
09;2021-01-02;0;0;1;0;0.0;0.0
09;2021-01-03;0;0;1;0;0.0;0.0
09;2021-01-04;2;1;3;1;0.0;0.0
09;2021-01-05;0;0;3;1;0.0;0.0
09;2021-01-06;3;0;6;1;0.0;0.0
09;2021-01-07;257;2;263;3;0.2;0.0
09;2021-01-08;228;0;491;3;0.3;0.0
09;2021-01-09;103;0;594;3;0.4;0.0
09;2021-01-10;59;0;653;3;0.4;0.0
09;2021-01-11;175;0;828;3;0.5;0.0
09;2021-01-12;304;0;1132;3;0.7;0.0
09;2021-01-13;196;0;1328;3;0.9;0.0
09;2021-01-14;432;8;1760;11;1.2;0.0
09;2021-01-15;223;1;1983;12;1.3;0.0
09;2021-01-16;194;2;2177;14;1.4;0.0
09;2021-01-17;123;0;2300;14;1.5;0.0
09;2021-01-18;267;1;2567;15;1.7;0.0
09;2021-01-19;258;1;2825;16;1.9;0.0
09;2021-01-20;346;1;3171;17;2.1;0.0
09;2021-01-21;333;1;3504;18;2.3;0.0
09;2021-01-22;331;1;3835;19;2.5;0.0
09;2021-01-23;237;0;4072;19;2.7;0.0
09;2021-01-24;85;1;4157;20;2.7;0.0
09;2021-01-25;204;12;4361;32;2.9;0.0
09;2021-01-26;634;25;4995;57;3.3;0.0
09;2021-01-27;472;49;5467;106;3.6;0.1
09;2021-01-28;285;205;5752;311;3.8;0.2
09;2021-01-29;250;129;6002;440;3.9;0.3
09;2021-01-30;143;55;6145;495;4.0;0.3
09;2021-01-31;56;10;6201;505;4.1;0.3
09;2021-02-01;82;142;6283;647;4.1;0.4
09;2021-02-02;57;295;6340;942;4.2;0.6
09;2021-02-03;87;206;6427;1148;4.2;0.8
09;2021-02-04;49;299;6476;1447;4.2;0.9
09;2021-02-05;89;156;6565;1603;4.3;1.1
09;2021-02-06;68;49;6633;1652;4.4;1.1
09;2021-02-07;6;71;6639;1723;4.4;1.1
09;2021-02-08;22;177;6661;1900;4.4;1.2
09;2021-02-09;54;289;6715;2189;4.4;1.4
09;2021-02-10;15;196;6730;2385;4.4;1.6
09;2021-02-11;6;220;6736;2605;4.4;1.7
09;2021-02-12;149;176;6885;2781;4.5;1.8
09;2021-02-13;7;144;6892;2925;4.5;1.9
09;2021-02-14;0;52;6892;2977;4.5;2.0
09;2021-02-15;75;133;6967;3110;4.6;2.0
09;2021-02-16;227;509;7194;3619;4.7;2.4
09;2021-02-17;83;388;7277;4007;4.8;2.6
09;2021-02-18;87;450;7364;4457;4.8;2.9
09;2021-02-19;65;284;7429;4741;4.9;3.1
09;2021-02-20;59;200;7488;4941;4.9;3.2
09;2021-02-21;0;51;7488;4992;4.9;3.3
09;2021-02-22;127;217;7615;5209;5.0;3.4
09;2021-02-23;161;145;7776;5354;5.1;3.5
09;2021-02-24;74;178;7850;5532;5.2;3.6
09;2021-02-25;211;169;8061;5701;5.3;3.7
09;2021-02-26;162;177;8223;5878;5.4;3.9
09;2021-02-27;65;71;8288;5949;5.4;3.9
09;2021-02-28;44;17;8332;5966;5.5;3.9
09;2021-03-01;247;97;8579;6063;5.6;4.0
09;2021-03-02;284;77;8863;6140;5.8;4.0
09;2021-03-03;252;131;9115;6271;6.0;4.1
09;2021-03-04;413;32;9528;6303;6.3;4.1
09;2021-03-05;331;64;9859;6367;6.5;4.2
09;2021-03-06;397;46;10256;6413;6.7;4.2
09;2021-03-07;124;4;10380;6417;6.8;4.2
09;2021-03-08;380;64;10760;6481;7.1;4.3
09;2021-03-09;437;140;11197;6621;7.3;4.3
09;2021-03-10;560;71;11757;6692;7.7;4.4
09;2021-03-11;695;79;12452;6771;8.2;4.4
09;2021-03-12;659;32;13111;6803;8.6;4.5
09;2021-03-13;385;3;13496;6806;8.9;4.5
09;2021-03-14;120;3;13616;6809;8.9;4.5
09;2021-03-15;467;49;14083;6858;9.2;4.5
09;2021-03-16;370;80;14453;6938;9.5;4.6
09;2021-03-17;399;72;14852;7010;9.7;4.6
09;2021-03-18;454;43;15306;7053;10.0;4.6
09;2021-03-19;525;56;15831;7109;10.4;4.7
09;2021-03-20;313;39;16144;7148;10.6;4.7
09;2021-03-21;105;0;16249;7148;10.7;4.7
09;2021-03-22;424;119;16673;7267;10.9;4.8
09;2021-03-23;566;173;17239;7440;11.3;4.9
09;2021-03-24;711;42;17950;7482;11.8;4.9
09;2021-03-25;869;138;18819;7620;12.3;5.0
09;2021-03-26;751;46;19570;7666;12.8;5.0
09;2021-03-27;622;70;20192;7736;13.2;5.1
09;2021-03-28;132;24;20324;7760;13.3;5.1
09;2021-03-29;498;279;20822;8039;13.7;5.3
09;2021-03-30;729;156;21551;8195;14.1;5.4
09;2021-03-31;802;181;22353;8376;14.7;5.5
09;2021-04-01;734;255;23087;8631;15.1;5.7
09;2021-04-02;693;266;23780;8897;15.6;5.8
09;2021-04-03;771;117;24551;9014;16.1;5.9
09;2021-04-04;122;57;24673;9071;16.2;6.0
09;2021-04-05;237;61;24910;9132;16.3;6.0
09;2021-04-06;1057;394;25967;9526;17.0;6.3
09;2021-04-07;1209;358;27176;9884;17.8;6.5
09;2021-04-08;1470;405;28646;10289;18.8;6.8
09;2021-04-09;1138;414;29784;10703;19.5;7.0
09;2021-04-10;1349;195;31133;10898;20.4;7.2
09;2021-04-11;173;102;31306;11000;20.5;7.2
09;2021-04-12;737;346;32043;11346;21.0;7.4
09;2021-04-13;1047;412;33090;11758;21.7;7.7
09;2021-04-14;1332;511;34422;12269;22.6;8.1
09;2021-04-15;1148;505;35570;12774;23.3;8.4
09;2021-04-16;1032;415;36602;13189;24.0;8.7
09;2021-04-17;1194;356;37796;13545;24.8;8.9
09;2021-04-18;102;96;37898;13641;24.9;9.0
09;2021-04-19;697;407;38595;14048;25.3;9.2
09;2021-04-20;766;532;39361;14580;25.8;9.6
09;2021-04-21;940;590;40301;15170;26.4;10.0
09;2021-04-22;666;608;40967;15778;26.9;10.4
09;2021-04-23;773;430;41740;16208;27.4;10.6
09;2021-04-24;741;670;42481;16878;27.9;11.1
09;2021-04-25;75;113;42556;16991;27.9;11.1
09;2021-04-26;382;533;42938;17524;28.2;11.5
09;2021-04-27;443;721;43381;18245;28.5;12.0
09;2021-04-28;806;795;44187;19040;29.0;12.5
09;2021-04-29;550;775;44737;19815;29.4;13.0
09;2021-04-30;621;724;45358;20539;29.8;13.5
09;2021-05-01;478;455;45836;20994;30.1;13.8
09;2021-05-02;51;100;45887;21094;30.1;13.8
09;2021-05-03;521;663;46408;21757;30.5;14.3
09;2021-05-04;555;1348;46963;23105;30.8;15.2
09;2021-05-05;822;1348;47785;24453;31.4;16.0
09;2021-05-06;849;1033;48634;25486;31.9;16.7
09;2021-05-07;977;823;49611;26309;32.6;17.3
09;2021-05-08;395;461;50006;26770;32.8;17.6
09;2021-05-09;264;84;50270;26854;33.0;17.6
09;2021-05-10;504;966;50774;27820;33.3;18.3
09;2021-05-11;742;1052;51516;28872;33.8;18.9
09;2021-05-12;1535;1404;53051;30276;34.8;19.9
09;2021-05-13;1383;425;54434;30701;35.7;20.1
09;2021-05-14;986;654;55420;31355;36.4;20.6
09;2021-05-15;1236;790;56656;32145;37.2;21.1
09;2021-05-16;296;48;56952;32193;37.4;21.1
09;2021-05-17;873;413;57825;32606;37.9;21.4
09;2021-05-18;1291;396;59116;33002;38.8;21.7
09;2021-05-19;1495;370;60611;33372;39.8;21.9
09;2021-05-20;1379;404;61990;33776;40.7;22.2
09;2021-05-21;1164;496;63154;34272;41.4;22.5
09;2021-05-22;1546;364;64700;34636;42.5;22.7
09;2021-05-23;273;25;64973;34661;42.6;22.7
09;2021-05-24;177;100;65150;34761;42.7;22.8
09;2021-05-25;998;500;66148;35261;43.4;23.1
09;2021-05-26;1285;446;67433;35707;44.2;23.4
09;2021-05-27;966;403;68399;36110;44.9;23.7
09;2021-05-28;958;513;69357;36623;45.5;24.0
09;2021-05-29;1797;601;71154;37224;46.7;24.4
09;2021-05-30;541;197;71695;37421;47.0;24.6
09;2021-05-31;717;593;72412;38014;47.5;24.9
09;2021-06-01;969;642;73381;38656;48.2;25.4
09;2021-06-02;1008;897;74389;39553;48.8;26.0
09;2021-06-03;810;682;75199;40235;49.3;26.4
09;2021-06-04;877;799;76076;41034;49.9;26.9
09;2021-06-05;1320;874;77396;41908;50.8;27.5
09;2021-06-06;304;108;77700;42016;51.0;27.6
09;2021-06-07;623;517;78323;42533;51.4;27.9
09;2021-06-08;823;489;79146;43022;51.9;28.2
09;2021-06-09;806;834;79952;43856;52.5;28.8
09;2021-06-10;641;534;80593;44390;52.9;29.1
09;2021-06-11;831;762;81424;45152;53.4;29.6
09;2021-06-12;636;807;82060;45959;53.8;30.2
09;2021-06-13;94;130;82154;46089;53.9;30.2
09;2021-06-14;629;708;82783;46797;54.3;30.7
09;2021-06-15;824;890;83607;47687;54.9;31.3
09;2021-06-16;627;1078;84234;48765;55.3;32.0
09;2021-06-17;780;854;85014;49619;55.8;32.6
09;2021-06-18;635;1151;85649;50770;56.2;33.3
09;2021-06-19;517;1579;86166;52349;56.5;34.4
09;2021-06-20;8;279;86174;52628;56.5;34.5
09;2021-06-21;474;699;86648;53327;56.9;35.0
09;2021-06-22;463;1066;87111;54393;57.2;35.7
09;2021-06-23;435;1224;87546;55617;57.4;36.5
09;2021-06-24;581;772;88127;56389;57.8;37.0
09;2021-06-25;411;1062;88538;57451;58.1;37.7
09;2021-06-26;443;1087;88981;58538;58.4;38.4
09;2021-06-27;2;275;88983;58813;58.4;38.6
09;2021-06-28;239;1047;89222;59860;58.5;39.3
09;2021-06-29;314;1229;89536;61089;58.8;40.1
09;2021-06-30;457;1491;89993;62580;59.1;41.1
09;2021-07-01;384;1430;90377;64010;59.3;42.0
09;2021-07-02;308;1162;90685;65172;59.5;42.8
09;2021-07-03;210;1619;90895;66791;59.6;43.8
09;2021-07-04;4;254;90899;67045;59.6;44.0
09;2021-07-05;189;714;91088;67759;59.8;44.5
09;2021-07-06;293;1223;91381;68982;60.0;45.3
09;2021-07-07;419;1397;91800;70379;60.2;46.2
09;2021-07-08;325;1059;92125;71438;60.5;46.9
09;2021-07-09;293;1154;92418;72592;60.6;47.6
09;2021-07-10;345;1726;92763;74318;60.9;48.8
09;2021-07-11;147;392;92910;74710;61.0;49.0
09;2021-07-12;187;1074;93097;75784;61.1;49.7
09;2021-07-13;642;1306;93739;77090;61.5;50.6
09;2021-07-14;490;219;94229;77309;61.8;50.7
09;2021-07-15;820;1166;95049;78475;62.4;51.5
09;2021-07-16;610;1191;95659;79666;62.8;52.3
09;2021-07-17;1016;1444;96675;81110;63.4;53.2
09;2021-07-18;301;221;96976;81331;63.6;53.4
09;2021-07-19;483;969;97459;82300;64.0;54.0
09;2021-07-20;830;1259;98289;83559;64.5;54.8
09;2021-07-21;1017;1168;99306;84727;65.2;55.6
09;2021-07-22;847;906;100153;85633;65.7;56.2
09;2021-07-23;724;910;100877;86543;66.2;56.8
09;2021-07-24;928;463;101805;87006;66.8;57.1
09;2021-07-25;559;134;102364;87140;67.2;57.2
09;2021-07-26;647;767;103011;87907;67.6;57.7
09;2021-07-27;1179;943;104190;88850;68.4;58.3
09;2021-07-28;1194;983;105384;89833;69.2;58.9
09;2021-07-29;1039;735;106423;90568;69.8;59.4
09;2021-07-30;779;620;107202;91188;70.3;59.8
09;2021-07-31;1376;415;108578;91603;71.2;60.1
09;2021-08-01;141;125;108719;91728;71.3;60.2
09;2021-08-02;614;479;109333;92207;71.7;60.5
09;2021-08-03;1252;766;110585;92973;72.6;61.0
09;2021-08-04;1397;654;111982;93627;73.5;61.4
09;2021-08-05;997;674;112979;94301;74.1;61.9
09;2021-08-06;1014;639;113993;94940;74.8;62.3
09;2021-08-07;821;428;114814;95368;75.3;62.6
09;2021-08-08;125;130;114939;95498;75.4;62.7
09;2021-08-09;690;649;115629;96147;75.9;63.1
09;2021-08-10;931;693;116560;96840;76.5;63.5
09;2021-08-11;894;870;117454;97710;77.1;64.1
09;2021-08-12;631;730;118085;98440;77.5;64.6
09;2021-08-13;460;645;118545;99085;77.8;65.0
09;2021-08-14;312;828;118857;99913;78.0;65.6
09;2021-08-15;67;138;118924;100051;78.0;65.7
09;2021-08-16;545;619;119469;100670;78.4;66.1
09;2021-08-17;673;776;120142;101446;78.8;66.6
09;2021-08-18;619;930;120761;102376;79.2;67.2
09;2021-08-19;432;720;121193;103096;79.5;67.6
09;2021-08-20;363;749;121556;103845;79.8;68.1
09;2021-08-21;344;1377;121900;105222;80.0;69.0
09;2021-08-22;67;168;121967;105390;80.0;69.2
09;2021-08-23;336;758;122303;106148;80.3;69.7
09;2021-08-24;402;955;122705;107103;80.5;70.3
09;2021-08-25;282;1004;122987;108107;80.7;70.9
10;2020-12-27;0;0;0;0;0.0;0.0
10;2020-12-28;0;0;0;0;0.0;0.0
10;2020-12-29;0;0;0;0;0.0;0.0
10;2020-12-30;0;0;0;0;0.0;0.0
10;2020-12-31;0;0;0;0;0.0;0.0
10;2021-01-01;0;0;0;0;0.0;0.0
10;2021-01-02;1;0;1;0;0.0;0.0
10;2021-01-03;0;0;1;0;0.0;0.0
10;2021-01-04;0;0;1;0;0.0;0.0
10;2021-01-05;1;0;2;0;0.0;0.0
10;2021-01-06;0;0;2;0;0.0;0.0
10;2021-01-07;84;0;86;0;0.0;0.0
10;2021-01-08;255;0;341;0;0.1;0.0
10;2021-01-09;0;0;341;0;0.1;0.0
10;2021-01-10;0;0;341;0;0.1;0.0
10;2021-01-11;117;0;458;0;0.1;0.0
10;2021-01-12;191;0;649;0;0.2;0.0
10;2021-01-13;313;0;962;0;0.3;0.0
10;2021-01-14;391;7;1353;7;0.4;0.0
10;2021-01-15;359;3;1712;10;0.6;0.0
10;2021-01-16;56;0;1768;10;0.6;0.0
10;2021-01-17;0;0;1768;10;0.6;0.0
10;2021-01-18;701;2;2469;12;0.8;0.0
10;2021-01-19;1386;3;3855;15;1.2;0.0
10;2021-01-20;1079;9;4934;24;1.6;0.0
10;2021-01-21;1152;2;6086;26;2.0;0.0
10;2021-01-22;819;2;6905;28;2.2;0.0
10;2021-01-23;309;0;7214;28;2.3;0.0
10;2021-01-24;0;0;7214;28;2.3;0.0
10;2021-01-25;445;8;7659;36;2.5;0.0
10;2021-01-26;487;17;8146;53;2.6;0.0
10;2021-01-27;459;15;8605;68;2.8;0.0
10;2021-01-28;358;48;8963;116;2.9;0.0
10;2021-01-29;430;192;9393;308;3.0;0.1
10;2021-01-30;30;0;9423;308;3.0;0.1
10;2021-01-31;0;0;9423;308;3.0;0.1
10;2021-02-01;405;140;9828;448;3.2;0.1
10;2021-02-02;182;151;10010;599;3.2;0.2
10;2021-02-03;361;215;10371;814;3.3;0.3
10;2021-02-04;342;269;10713;1083;3.5;0.3
10;2021-02-05;327;320;11040;1403;3.6;0.5
10;2021-02-06;3;35;11043;1438;3.6;0.5
10;2021-02-07;0;0;11043;1438;3.6;0.5
10;2021-02-08;190;411;11233;1849;3.6;0.6
10;2021-02-09;485;585;11718;2434;3.8;0.8
10;2021-02-10;666;479;12384;2913;4.0;0.9
10;2021-02-11;781;597;13165;3510;4.2;1.1
10;2021-02-12;580;550;13745;4060;4.4;1.3
10;2021-02-13;36;120;13781;4180;4.4;1.3
10;2021-02-14;0;0;13781;4180;4.4;1.3
10;2021-02-15;142;443;13923;4623;4.5;1.5
10;2021-02-16;116;543;14039;5166;4.5;1.7
10;2021-02-17;129;605;14168;5771;4.6;1.9
10;2021-02-18;216;557;14384;6328;4.6;2.0
10;2021-02-19;187;472;14571;6800;4.7;2.2
10;2021-02-20;24;183;14595;6983;4.7;2.3
10;2021-02-21;0;0;14595;6983;4.7;2.3
10;2021-02-22;77;447;14672;7430;4.7;2.4
10;2021-02-23;76;559;14748;7989;4.8;2.6
10;2021-02-24;113;374;14861;8363;4.8;2.7
10;2021-02-25;324;374;15185;8737;4.9;2.8
10;2021-02-26;351;283;15536;9020;5.0;2.9
10;2021-02-27;275;129;15811;9149;5.1;3.0
10;2021-02-28;0;0;15811;9149;5.1;3.0
10;2021-03-01;257;333;16068;9482;5.2;3.1
10;2021-03-02;434;370;16502;9852;5.3;3.2
10;2021-03-03;453;580;16955;10432;5.5;3.4
10;2021-03-04;636;500;17591;10932;5.7;3.5
10;2021-03-05;677;254;18268;11186;5.9;3.6
10;2021-03-06;950;43;19218;11229;6.2;3.6
10;2021-03-07;769;6;19987;11235;6.4;3.6
10;2021-03-08;502;442;20489;11677;6.6;3.8
10;2021-03-09;673;435;21162;12112;6.8;3.9
10;2021-03-10;660;363;21822;12475;7.0;4.0
10;2021-03-11;1174;234;22996;12709;7.4;4.1
10;2021-03-12;1338;246;24334;12955;7.9;4.2
10;2021-03-13;891;38;25225;12993;8.1;4.2
10;2021-03-14;1381;16;26606;13009;8.6;4.2
10;2021-03-15;821;80;27427;13089;8.9;4.2
10;2021-03-16;688;64;28115;13153;9.1;4.2
10;2021-03-17;831;67;28946;13220;9.3;4.3
10;2021-03-18;885;81;29831;13301;9.6;4.3
10;2021-03-19;950;69;30781;13370;9.9;4.3
10;2021-03-20;552;18;31333;13388;10.1;4.3
10;2021-03-21;1849;41;33182;13429;10.7;4.3
10;2021-03-22;879;72;34061;13501;11.0;4.4
10;2021-03-23;1245;90;35306;13591;11.4;4.4
10;2021-03-24;1311;59;36617;13650;11.8;4.4
10;2021-03-25;1676;229;38293;13879;12.4;4.5
10;2021-03-26;1431;116;39724;13995;12.8;4.5
10;2021-03-27;762;79;40486;14074;13.1;4.5
10;2021-03-28;1221;29;41707;14103;13.5;4.6
10;2021-03-29;648;305;42355;14408;13.7;4.6
10;2021-03-30;927;376;43282;14784;14.0;4.8
10;2021-03-31;617;360;43899;15144;14.2;4.9
10;2021-04-01;884;684;44783;15828;14.5;5.1
10;2021-04-02;1069;588;45852;16416;14.8;5.3
10;2021-04-03;540;605;46392;17021;15.0;5.5
10;2021-04-04;1826;259;48218;17280;15.6;5.6
10;2021-04-05;1843;43;50061;17323;16.2;5.6
10;2021-04-06;514;651;50575;17974;16.3;5.8
10;2021-04-07;589;540;51164;18514;16.5;6.0
10;2021-04-08;1057;608;52221;19122;16.9;6.2
10;2021-04-09;1130;611;53351;19733;17.2;6.4
10;2021-04-10;1770;350;55121;20083;17.8;6.5
10;2021-04-11;55;1221;55176;21304;17.8;6.9
10;2021-04-12;1003;807;56179;22111;18.1;7.1
10;2021-04-13;1506;894;57685;23005;18.6;7.4
10;2021-04-14;820;600;58505;23605;18.9;7.6
10;2021-04-15;1454;893;59959;24498;19.3;7.9
10;2021-04-16;1109;697;61068;25195;19.7;8.1
10;2021-04-17;2391;360;63459;25555;20.5;8.2
10;2021-04-18;1421;1786;64880;27341;20.9;8.8
10;2021-04-19;838;833;65718;28174;21.2;9.1
10;2021-04-20;545;1034;66263;29208;21.4;9.4
10;2021-04-21;636;975;66899;30183;21.6;9.7
10;2021-04-22;932;963;67831;31146;21.9;10.1
10;2021-04-23;2173;777;70004;31923;22.6;10.3
10;2021-04-24;2296;376;72300;32299;23.3;10.4
10;2021-04-25;1989;1215;74289;33514;24.0;10.8
10;2021-04-26;773;621;75062;34135;24.2;11.0
10;2021-04-27;895;536;75957;34671;24.5;11.2
10;2021-04-28;873;404;76830;35075;24.8;11.3
10;2021-04-29;1433;673;78263;35748;25.3;11.5
10;2021-04-30;2173;768;80436;36516;26.0;11.8
10;2021-05-01;1988;2168;82424;38684;26.6;12.5
10;2021-05-02;1948;1895;84372;40579;27.2;13.1
10;2021-05-03;622;447;84994;41026;27.4;13.2
10;2021-05-04;1145;1247;86139;42273;27.8;13.6
10;2021-05-05;1755;1022;87894;43295;28.4;14.0
10;2021-05-06;2257;946;90151;44241;29.1;14.3
10;2021-05-07;2218;1140;92369;45381;29.8;14.6
10;2021-05-08;2272;859;94641;46240;30.5;14.9
10;2021-05-09;2005;100;96646;46340;31.2;15.0
10;2021-05-10;530;1093;97176;47433;31.4;15.3
10;2021-05-11;1051;1028;98227;48461;31.7;15.6
10;2021-05-12;2061;882;100288;49343;32.4;15.9
10;2021-05-13;2180;434;102468;49777;33.1;16.1
10;2021-05-14;2729;673;105197;50450;33.9;16.3
10;2021-05-15;2426;2047;107623;52497;34.7;16.9
10;2021-05-16;2081;1449;109704;53946;35.4;17.4
10;2021-05-17;1451;444;111155;54390;35.9;17.6
10;2021-05-18;2511;640;113666;55030;36.7;17.8
10;2021-05-19;1553;641;115219;55671;37.2;18.0
10;2021-05-20;1891;847;117110;56518;37.8;18.2
10;2021-05-21;2318;618;119428;57136;38.5;18.4
10;2021-05-22;2180;422;121608;57558;39.2;18.6
10;2021-05-23;1817;140;123425;57698;39.8;18.6
10;2021-05-24;1968;179;125393;57877;40.5;18.7
10;2021-05-25;2195;492;127588;58369;41.2;18.8
10;2021-05-26;1677;421;129265;58790;41.7;19.0
10;2021-05-27;1660;755;130925;59545;42.2;19.2
10;2021-05-28;1719;1185;132644;60730;42.8;19.6
10;2021-05-29;2170;642;134814;61372;43.5;19.8
10;2021-05-30;1029;135;135843;61507;43.8;19.8
10;2021-05-31;1040;750;136883;62257;44.2;20.1
10;2021-06-01;1134;886;138017;63143;44.5;20.4
10;2021-06-02;1032;719;139049;63862;44.9;20.6
10;2021-06-03;1473;1071;140522;64933;45.3;21.0
10;2021-06-04;1768;2601;142290;67534;45.9;21.8
10;2021-06-05;1519;2456;143809;69990;46.4;22.6
10;2021-06-06;1005;1876;144814;71866;46.7;23.2
10;2021-06-07;698;1112;145512;72978;47.0;23.5
10;2021-06-08;896;1171;146408;74149;47.2;23.9
10;2021-06-09;877;913;147285;75062;47.5;24.2
10;2021-06-10;677;1072;147962;76134;47.7;24.6
10;2021-06-11;1199;2209;149161;78343;48.1;25.3
10;2021-06-12;855;2387;150016;80730;48.4;26.0
10;2021-06-13;401;1835;150417;82565;48.5;26.6
10;2021-06-14;534;742;150951;83307;48.7;26.9
10;2021-06-15;740;2132;151691;85439;48.9;27.6
10;2021-06-16;740;1860;152431;87299;49.2;28.2
10;2021-06-17;849;2458;153280;89757;49.5;29.0
10;2021-06-18;1031;2473;154311;92230;49.8;29.8
10;2021-06-19;981;2594;155292;94824;50.1;30.6
10;2021-06-20;549;1599;155841;96423;50.3;31.1
10;2021-06-21;682;1045;156523;97468;50.5;31.5
10;2021-06-22;744;1525;157267;98993;50.7;31.9
10;2021-06-23;651;2408;157918;101401;51.0;32.7
10;2021-06-24;784;2618;158702;104019;51.2;33.6
10;2021-06-25;731;3044;159433;107063;51.4;34.5
10;2021-06-26;513;2745;159946;109808;51.6;35.4
10;2021-06-27;403;1939;160349;111747;51.7;36.1
10;2021-06-28;685;1786;161034;113533;52.0;36.6
10;2021-06-29;617;2693;161651;116226;52.2;37.5
10;2021-06-30;534;1524;162185;117750;52.3;38.0
10;2021-07-01;552;2171;162737;119921;52.5;38.7
10;2021-07-02;668;2727;163405;122648;52.7;39.6
10;2021-07-03;529;2600;163934;125248;52.9;40.4
10;2021-07-04;411;1726;164345;126974;53.0;41.0
10;2021-07-05;666;2222;165011;129196;53.2;41.7
10;2021-07-06;652;2190;165663;131386;53.5;42.4
10;2021-07-07;636;1703;166299;133089;53.7;42.9
10;2021-07-08;748;1458;167047;134547;53.9;43.4
10;2021-07-09;815;1947;167862;136494;54.2;44.0
10;2021-07-10;633;2096;168495;138590;54.4;44.7
10;2021-07-11;500;1382;168995;139972;54.5;45.2
10;2021-07-12;780;1623;169775;141595;54.8;45.7
10;2021-07-13;1125;1873;170900;143468;55.1;46.3
10;2021-07-14;1170;1056;172070;144524;55.5;46.6
10;2021-07-15;1473;1979;173543;146503;56.0;47.3
10;2021-07-16;1240;2272;174783;148775;56.4;48.0
10;2021-07-17;1287;1739;176070;150514;56.8;48.6
10;2021-07-18;942;1225;177012;151739;57.1;49.0
10;2021-07-19;1360;1620;178372;153359;57.6;49.5
10;2021-07-20;1686;1431;180058;154790;58.1;49.9
10;2021-07-21;1394;1487;181452;156277;58.6;50.4
10;2021-07-22;1935;1599;183387;157876;59.2;50.9
10;2021-07-23;1595;1544;184982;159420;59.7;51.4
10;2021-07-24;1391;1227;186373;160647;60.1;51.8
10;2021-07-25;1251;789;187624;161436;60.5;52.1
10;2021-07-26;1913;1318;189537;162754;61.2;52.5
10;2021-07-27;2120;1088;191657;163842;61.8;52.9
10;2021-07-28;2096;1017;193753;164859;62.5;53.2
10;2021-07-29;2437;1203;196190;166062;63.3;53.6
10;2021-07-30;2160;1310;198350;167372;64.0;54.0
10;2021-07-31;1676;935;200026;168307;64.5;54.3
10;2021-08-01;1234;573;201260;168880;64.9;54.5
10;2021-08-02;1334;1337;202594;170217;65.4;54.9
10;2021-08-03;1561;897;204155;171114;65.9;55.2
10;2021-08-04;1316;1067;205471;172181;66.3;55.6
10;2021-08-05;1625;1342;207096;173523;66.8;56.0
10;2021-08-06;1798;1330;208894;174853;67.4;56.4
10;2021-08-07;1150;1131;210044;175984;67.8;56.8
10;2021-08-08;658;750;210702;176734;68.0;57.0
10;2021-08-09;1302;1543;212004;178277;68.4;57.5
10;2021-08-10;1620;1347;213624;179624;68.9;58.0
10;2021-08-11;822;1106;214446;180730;69.2;58.3
10;2021-08-12;1022;1224;215468;181954;69.5;58.7
10;2021-08-13;729;1075;216197;183029;69.8;59.1
10;2021-08-14;571;1236;216768;184265;69.9;59.5
10;2021-08-15;302;778;217070;185043;70.0;59.7
10;2021-08-16;699;1617;217769;186660;70.3;60.2
10;2021-08-17;861;1773;218630;188433;70.5;60.8
10;2021-08-18;692;1617;219322;190050;70.8;61.3
10;2021-08-19;538;1567;219860;191617;70.9;61.8
10;2021-08-20;602;1742;220462;193359;71.1;62.4
10;2021-08-21;419;1434;220881;194793;71.3;62.9
10;2021-08-22;187;1060;221068;195853;71.3;63.2
10;2021-08-23;477;1557;221545;197410;71.5;63.7
10;2021-08-24;663;1768;222208;199178;71.7;64.3
10;2021-08-25;452;1372;222660;200550;71.8;64.7
11;2020-12-27;0;0;0;0;0.0;0.0
11;2020-12-28;1;0;1;0;0.0;0.0
11;2020-12-29;1;0;2;0;0.0;0.0
11;2020-12-30;0;0;2;0;0.0;0.0
11;2020-12-31;0;0;2;0;0.0;0.0
11;2021-01-01;0;0;2;0;0.0;0.0
11;2021-01-02;5;0;7;0;0.0;0.0
11;2021-01-03;0;0;7;0;0.0;0.0
11;2021-01-04;1;0;8;0;0.0;0.0
11;2021-01-05;94;0;102;0;0.0;0.0
11;2021-01-06;25;0;127;0;0.0;0.0
11;2021-01-07;119;0;246;0;0.1;0.0
11;2021-01-08;91;1;337;1;0.1;0.0
11;2021-01-09;86;0;423;1;0.1;0.0
11;2021-01-10;67;0;490;1;0.1;0.0
11;2021-01-11;136;0;626;1;0.2;0.0
11;2021-01-12;545;3;1171;4;0.3;0.0
11;2021-01-13;410;1;1581;5;0.4;0.0
11;2021-01-14;644;8;2225;13;0.6;0.0
11;2021-01-15;343;4;2568;17;0.7;0.0
11;2021-01-16;77;1;2645;18;0.7;0.0
11;2021-01-17;47;1;2692;19;0.7;0.0
11;2021-01-18;388;0;3080;19;0.8;0.0
11;2021-01-19;528;4;3608;23;1.0;0.0
11;2021-01-20;693;6;4301;29;1.2;0.0
11;2021-01-21;647;4;4948;33;1.3;0.0
11;2021-01-22;524;2;5472;35;1.5;0.0
11;2021-01-23;159;0;5631;35;1.5;0.0
11;2021-01-24;139;0;5770;35;1.5;0.0
11;2021-01-25;375;19;6145;54;1.6;0.0
11;2021-01-26;845;85;6990;139;1.9;0.0
11;2021-01-27;798;25;7788;164;2.1;0.0
11;2021-01-28;647;61;8435;225;2.3;0.1
11;2021-01-29;439;122;8874;347;2.4;0.1
11;2021-01-30;134;1;9008;348;2.4;0.1
11;2021-01-31;82;0;9090;348;2.4;0.1
11;2021-02-01;344;195;9434;543;2.5;0.1
11;2021-02-02;412;407;9846;950;2.6;0.3
11;2021-02-03;390;352;10236;1302;2.7;0.3
11;2021-02-04;375;497;10611;1799;2.8;0.5
11;2021-02-05;317;338;10928;2137;2.9;0.6
11;2021-02-06;207;62;11135;2199;3.0;0.6
11;2021-02-07;108;13;11243;2212;3.0;0.6
11;2021-02-08;316;159;11559;2371;3.1;0.6
11;2021-02-09;300;280;11859;2651;3.2;0.7
11;2021-02-10;339;445;12198;3096;3.3;0.8
11;2021-02-11;610;632;12808;3728;3.4;1.0
11;2021-02-12;402;378;13210;4106;3.5;1.1
11;2021-02-13;193;119;13403;4225;3.6;1.1
11;2021-02-14;72;27;13475;4252;3.6;1.1
11;2021-02-15;239;209;13714;4461;3.7;1.2
11;2021-02-16;265;512;13979;4973;3.8;1.3
11;2021-02-17;453;620;14432;5593;3.9;1.5
11;2021-02-18;457;574;14889;6167;4.0;1.7
11;2021-02-19;300;536;15189;6703;4.1;1.8
11;2021-02-20;147;75;15336;6778;4.1;1.8
11;2021-02-21;58;45;15394;6823;4.1;1.8
11;2021-02-22;125;332;15519;7155;4.2;1.9
11;2021-02-23;283;322;15802;7477;4.2;2.0
11;2021-02-24;251;368;16053;7845;4.3;2.1
11;2021-02-25;562;326;16615;8171;4.5;2.2
11;2021-02-26;523;316;17138;8487;4.6;2.3
11;2021-02-27;319;98;17457;8585;4.7;2.3
11;2021-02-28;95;24;17552;8609;4.7;2.3
11;2021-03-01;339;318;17891;8927;4.8;2.4
11;2021-03-02;562;393;18453;9320;5.0;2.5
11;2021-03-03;599;434;19052;9754;5.1;2.6
11;2021-03-04;1077;410;20129;10164;5.4;2.7
11;2021-03-05;1003;411;21132;10575;5.7;2.8
11;2021-03-06;1093;206;22225;10781;6.0;2.9
11;2021-03-07;658;34;22883;10815;6.1;2.9
11;2021-03-08;370;353;23253;11168;6.2;3.0
11;2021-03-09;997;399;24250;11567;6.5;3.1
11;2021-03-10;1174;546;25424;12113;6.8;3.3
11;2021-03-11;1572;446;26996;12559;7.2;3.4
11;2021-03-12;1456;442;28452;13001;7.6;3.5
11;2021-03-13;1159;240;29611;13241;7.9;3.6
11;2021-03-14;523;55;30134;13296;8.1;3.6
11;2021-03-15;651;242;30785;13538;8.3;3.6
11;2021-03-16;853;200;31638;13738;8.5;3.7
11;2021-03-17;906;220;32544;13958;8.7;3.7
11;2021-03-18;1172;283;33716;14241;9.0;3.8
11;2021-03-19;1371;248;35087;14489;9.4;3.9
11;2021-03-20;790;176;35877;14665;9.6;3.9
11;2021-03-21;225;65;36102;14730;9.7;4.0
11;2021-03-22;808;217;36910;14947;9.9;4.0
11;2021-03-23;1806;393;38716;15340;10.4;4.1
11;2021-03-24;1846;320;40562;15660;10.9;4.2
11;2021-03-25;2190;374;42752;16034;11.5;4.3
11;2021-03-26;2125;447;44877;16481;12.0;4.4
11;2021-03-27;1178;146;46055;16627;12.4;4.5
11;2021-03-28;265;43;46320;16670;12.4;4.5
11;2021-03-29;1180;223;47500;16893;12.7;4.5
11;2021-03-30;1993;323;49493;17216;13.3;4.6
11;2021-03-31;1614;383;51107;17599;13.7;4.7
11;2021-04-01;2146;425;53253;18024;14.3;4.8
11;2021-04-02;1643;430;54896;18454;14.7;5.0
11;2021-04-03;720;145;55616;18599;14.9;5.0
11;2021-04-04;198;76;55814;18675;15.0;5.0
11;2021-04-05;257;4;56071;18679;15.0;5.0
11;2021-04-06;1575;552;57646;19231;15.5;5.2
11;2021-04-07;1777;574;59423;19805;15.9;5.3
11;2021-04-08;1785;683;61208;20488;16.4;5.5
11;2021-04-09;2263;602;63471;21090;17.0;5.7
11;2021-04-10;1169;179;64640;21269;17.3;5.7
11;2021-04-11;549;107;65189;21376;17.5;5.7
11;2021-04-12;1614;538;66803;21914;17.9;5.9
11;2021-04-13;2260;885;69063;22799;18.5;6.1
11;2021-04-14;1661;1019;70724;23818;19.0;6.4
11;2021-04-15;1844;1130;72568;24948;19.5;6.7
11;2021-04-16;1836;849;74404;25797;20.0;6.9
11;2021-04-17;1773;564;76177;26361;20.4;7.1
11;2021-04-18;114;155;76291;26516;20.5;7.1
11;2021-04-19;1383;738;77674;27254;20.8;7.3
11;2021-04-20;1729;1283;79403;28537;21.3;7.7
11;2021-04-21;1779;1324;81182;29861;21.8;8.0
11;2021-04-22;1749;1321;82931;31182;22.3;8.4
11;2021-04-23;2012;1233;84943;32415;22.8;8.7
11;2021-04-24;1735;468;86678;32883;23.3;8.8
11;2021-04-25;658;180;87336;33063;23.4;8.9
11;2021-04-26;1379;839;88715;33902;23.8;9.1
11;2021-04-27;1837;1550;90552;35452;24.3;9.5
11;2021-04-28;2009;1471;92561;36923;24.8;9.9
11;2021-04-29;2248;1635;94809;38558;25.4;10.3
11;2021-04-30;2158;1428;96967;39986;26.0;10.7
11;2021-05-01;1338;342;98305;40328;26.4;10.8
11;2021-05-02;588;336;98893;40664;26.5;10.9
11;2021-05-03;1487;739;100380;41403;26.9;11.1
11;2021-05-04;1879;1430;102259;42833;27.4;11.5
11;2021-05-05;1893;1440;104152;44273;27.9;11.9
11;2021-05-06;2192;1476;106344;45749;28.5;12.3
11;2021-05-07;2104;1557;108448;47306;29.1;12.7
11;2021-05-08;896;727;109344;48033;29.3;12.9
11;2021-05-09;628;543;109972;48576;29.5;13.0
11;2021-05-10;1328;1652;111300;50228;29.9;13.5
11;2021-05-11;2040;1868;113340;52096;30.4;14.0
11;2021-05-12;1849;1654;115189;53750;30.9;14.4
11;2021-05-13;1406;414;116595;54164;31.3;14.5
11;2021-05-14;1713;1183;118308;55347;31.7;14.9
11;2021-05-15;1157;899;119465;56246;32.1;15.1
11;2021-05-16;808;164;120273;56410;32.3;15.1
11;2021-05-17;1471;1048;121744;57458;32.7;15.4
11;2021-05-18;1898;1197;123642;58655;33.2;15.7
11;2021-05-19;1847;1121;125489;59776;33.7;16.0
11;2021-05-20;1969;1090;127458;60866;34.2;16.3
11;2021-05-21;2275;1091;129733;61957;34.8;16.6
11;2021-05-22;1484;727;131217;62684;35.2;16.8
11;2021-05-23;768;70;131985;62754;35.4;16.8
11;2021-05-24;1411;226;133396;62980;35.8;16.9
11;2021-05-25;1811;1354;135207;64334;36.3;17.3
11;2021-05-26;1933;1302;137140;65636;36.8;17.6
11;2021-05-27;1985;1719;139125;67355;37.3;18.1
11;2021-05-28;1759;1897;140884;69252;37.8;18.6
11;2021-05-29;1428;1600;142312;70852;38.2;19.0
11;2021-05-30;486;395;142798;71247;38.3;19.1
11;2021-05-31;1261;1619;144059;72866;38.7;19.6
11;2021-06-01;1856;1904;145915;74770;39.2;20.1
11;2021-06-02;1761;2075;147676;76845;39.6;20.6
11;2021-06-03;2599;2414;150275;79259;40.3;21.3
11;2021-06-04;2145;2674;152420;81933;40.9;22.0
11;2021-06-05;1589;1904;154009;83837;41.3;22.5
11;2021-06-06;877;860;154886;84697;41.6;22.7
11;2021-06-07;1527;1713;156413;86410;42.0;23.2
11;2021-06-08;2039;1997;158452;88407;42.5;23.7
11;2021-06-09;1789;2188;160241;90595;43.0;24.3
11;2021-06-10;1806;2427;162047;93022;43.5;25.0
11;2021-06-11;1864;2494;163911;95516;44.0;25.6
11;2021-06-12;1457;1622;165368;97138;44.4;26.1
11;2021-06-13;713;723;166081;97861;44.6;26.3
11;2021-06-14;1033;1969;167114;99830;44.8;26.8
11;2021-06-15;1395;2685;168509;102515;45.2;27.5
11;2021-06-16;1338;2529;169847;105044;45.6;28.2
11;2021-06-17;1473;2540;171320;107584;46.0;28.9
11;2021-06-18;1520;2490;172840;110074;46.4;29.5
11;2021-06-19;1237;1410;174077;111484;46.7;29.9
11;2021-06-20;299;599;174376;112083;46.8;30.1
11;2021-06-21;839;2122;175215;114205;47.0;30.6
11;2021-06-22;1016;2608;176231;116813;47.3;31.3
11;2021-06-23;1097;2090;177328;118903;47.6;31.9
11;2021-06-24;907;2246;178235;121149;47.8;32.5
11;2021-06-25;991;2544;179226;123693;48.1;33.2
11;2021-06-26;776;1656;180002;125349;48.3;33.6
11;2021-06-27;210;688;180212;126037;48.4;33.8
11;2021-06-28;697;2299;180909;128336;48.5;34.4
11;2021-06-29;963;2601;181872;130937;48.8;35.1
11;2021-06-30;906;2521;182778;133458;49.0;35.8
11;2021-07-01;1004;1889;183782;135347;49.3;36.3
11;2021-07-02;968;2543;184750;137890;49.6;37.0
11;2021-07-03;728;1805;185478;139695;49.8;37.5
11;2021-07-04;339;1108;185817;140803;49.9;37.8
11;2021-07-05;695;2133;186512;142936;50.0;38.4
11;2021-07-06;972;2520;187484;145456;50.3;39.0
11;2021-07-07;946;2511;188430;147967;50.6;39.7
11;2021-07-08;1191;1912;189621;149879;50.9;40.2
11;2021-07-09;823;1793;190444;151672;51.1;40.7
11;2021-07-10;369;1302;190813;152974;51.2;41.0
11;2021-07-11;313;564;191126;153538;51.3;41.2
11;2021-07-12;504;2669;191630;156207;51.4;41.9
11;2021-07-13;1305;3069;192935;159276;51.8;42.7
11;2021-07-14;211;235;193146;159511;51.8;42.8
11;2021-07-15;1448;2965;194594;162476;52.2;43.6
11;2021-07-16;1874;2736;196468;165212;52.7;44.3
11;2021-07-17;1075;2167;197543;167379;53.0;44.9
11;2021-07-18;653;944;198196;168323;53.2;45.2
11;2021-07-19;1348;2093;199544;170416;53.5;45.7
11;2021-07-20;1992;2407;201536;172823;54.1;46.4
11;2021-07-21;2016;2440;203552;175263;54.6;47.0
11;2021-07-22;2403;1889;205955;177152;55.3;47.5
11;2021-07-23;2227;2280;208182;179432;55.9;48.1
11;2021-07-24;1274;1625;209456;181057;56.2;48.6
11;2021-07-25;750;693;210206;181750;56.4;48.8
11;2021-07-26;1661;1423;211867;183173;56.8;49.1
11;2021-07-27;2328;1998;214195;185171;57.5;49.7
11;2021-07-28;2471;1989;216666;187160;58.1;50.2
11;2021-07-29;2756;1793;219422;188953;58.9;50.7
11;2021-07-30;2572;1799;221994;190752;59.6;51.2
11;2021-07-31;2004;1129;223998;191881;60.1;51.5
11;2021-08-01;1012;482;225010;192363;60.4;51.6
11;2021-08-02;1921;1152;226931;193515;60.9;51.9
11;2021-08-03;2434;1596;229365;195111;61.5;52.3
11;2021-08-04;2548;1263;231913;196374;62.2;52.7
11;2021-08-05;2367;1336;234280;197710;62.9;53.0
11;2021-08-06;2247;1654;236527;199364;63.5;53.5
11;2021-08-07;1656;1164;238183;200528;63.9;53.8
11;2021-08-08;595;203;238778;200731;64.1;53.9
11;2021-08-09;1029;1434;239807;202165;64.3;54.2
11;2021-08-10;1736;1991;241543;204156;64.8;54.8
11;2021-08-11;1711;1688;243254;205844;65.3;55.2
11;2021-08-12;1682;1850;244936;207694;65.7;55.7
11;2021-08-13;1344;1657;246280;209351;66.1;56.2
11;2021-08-14;978;1592;247258;210943;66.3;56.6
11;2021-08-15;137;124;247395;211067;66.4;56.6
11;2021-08-16;712;1910;248107;212977;66.6;57.1
11;2021-08-17;1045;2393;249152;215370;66.8;57.8
11;2021-08-18;1103;2028;250255;217398;67.1;58.3
11;2021-08-19;994;2289;251249;219687;67.4;58.9
11;2021-08-20;962;2289;252211;221976;67.7;59.6
11;2021-08-21;573;1837;252784;223813;67.8;60.1
11;2021-08-22;190;512;252974;224325;67.9;60.2
11;2021-08-23;520;1816;253494;226141;68.0;60.7
11;2021-08-24;786;2245;254280;228386;68.2;61.3
11;2021-08-25;775;2142;255055;230528;68.4;61.9
12;2020-12-27;0;0;0;0;0.0;0.0
12;2020-12-28;0;0;0;0;0.0;0.0
12;2020-12-29;0;0;0;0;0.0;0.0
12;2020-12-30;0;0;0;0;0.0;0.0
12;2020-12-31;0;0;0;0;0.0;0.0
12;2021-01-01;0;0;0;0;0.0;0.0
12;2021-01-02;0;0;0;0;0.0;0.0
12;2021-01-03;0;0;0;0;0.0;0.0
12;2021-01-04;1;0;1;0;0.0;0.0
12;2021-01-05;1;0;2;0;0.0;0.0
12;2021-01-06;12;0;14;0;0.0;0.0
12;2021-01-07;202;0;216;0;0.1;0.0
12;2021-01-08;65;0;281;0;0.1;0.0
12;2021-01-09;0;0;281;0;0.1;0.0
12;2021-01-10;1;0;282;0;0.1;0.0
12;2021-01-11;99;0;381;0;0.1;0.0
12;2021-01-12;360;1;741;1;0.3;0.0
12;2021-01-13;285;0;1026;1;0.4;0.0
12;2021-01-14;600;12;1626;13;0.6;0.0
12;2021-01-15;366;10;1992;23;0.7;0.0
12;2021-01-16;138;2;2130;25;0.8;0.0
12;2021-01-17;0;0;2130;25;0.8;0.0
12;2021-01-18;453;0;2583;25;0.9;0.0
12;2021-01-19;606;3;3189;28;1.1;0.0
12;2021-01-20;878;2;4067;30;1.5;0.0
12;2021-01-21;735;0;4802;30;1.7;0.0
12;2021-01-22;798;1;5600;31;2.0;0.0
12;2021-01-23;382;0;5982;31;2.1;0.0
12;2021-01-24;0;0;5982;31;2.1;0.0
12;2021-01-25;453;0;6435;31;2.3;0.0
12;2021-01-26;650;0;7085;31;2.5;0.0
12;2021-01-27;1884;24;8969;55;3.2;0.0
12;2021-01-28;1885;214;10854;269;3.9;0.1
12;2021-01-29;1332;46;12186;315;4.4;0.1
12;2021-01-30;359;2;12545;317;4.5;0.1
12;2021-01-31;0;0;12545;317;4.5;0.1
12;2021-02-01;333;89;12878;406;4.6;0.1
12;2021-02-02;457;243;13335;649;4.8;0.2
12;2021-02-03;457;167;13792;816;5.0;0.3
12;2021-02-04;458;526;14250;1342;5.1;0.5
12;2021-02-05;449;183;14699;1525;5.3;0.5
12;2021-02-06;219;68;14918;1593;5.4;0.6
12;2021-02-07;8;0;14926;1593;5.4;0.6
12;2021-02-08;105;316;15031;1909;5.4;0.7
12;2021-02-09;208;341;15239;2250;5.5;0.8
12;2021-02-10;464;474;15703;2724;5.6;1.0
12;2021-02-11;539;345;16242;3069;5.8;1.1
12;2021-02-12;570;345;16812;3414;6.0;1.2
12;2021-02-13;175;133;16987;3547;6.1;1.3
12;2021-02-14;1;0;16988;3547;6.1;1.3
12;2021-02-15;175;376;17163;3923;6.2;1.4
12;2021-02-16;171;510;17334;4433;6.2;1.6
12;2021-02-17;366;1434;17700;5867;6.4;2.1
12;2021-02-18;676;1661;18376;7528;6.6;2.7
12;2021-02-19;593;974;18969;8502;6.8;3.1
12;2021-02-20;103;394;19072;8896;6.9;3.2
12;2021-02-21;0;0;19072;8896;6.9;3.2
12;2021-02-22;150;402;19222;9298;6.9;3.3
12;2021-02-23;157;557;19379;9855;7.0;3.5
12;2021-02-24;157;688;19536;10543;7.0;3.8
12;2021-02-25;201;770;19737;11313;7.1;4.1
12;2021-02-26;320;651;20057;11964;7.2;4.3
12;2021-02-27;190;350;20247;12314;7.3;4.4
12;2021-02-28;13;0;20260;12314;7.3;4.4
12;2021-03-01;51;349;20311;12663;7.3;4.5
12;2021-03-02;190;507;20501;13170;7.4;4.7
12;2021-03-03;244;388;20745;13558;7.5;4.9
12;2021-03-04;278;363;21023;13921;7.6;5.0
12;2021-03-05;421;368;21444;14289;7.7;5.1
12;2021-03-06;793;132;22237;14421;8.0;5.2
12;2021-03-07;140;32;22377;14453;8.0;5.2
12;2021-03-08;234;206;22611;14659;8.1;5.3
12;2021-03-09;716;234;23327;14893;8.4;5.4
12;2021-03-10;784;739;24111;15632;8.7;5.6
12;2021-03-11;918;662;25029;16294;9.0;5.9
12;2021-03-12;1260;528;26289;16822;9.4;6.0
12;2021-03-13;896;140;27185;16962;9.8;6.1
12;2021-03-14;45;2;27230;16964;9.8;6.1
12;2021-03-15;559;156;27789;17120;10.0;6.2
12;2021-03-16;818;162;28607;17282;10.3;6.2
12;2021-03-17;1504;165;30111;17447;10.8;6.3
12;2021-03-18;996;251;31107;17698;11.2;6.4
12;2021-03-19;1383;279;32490;17977;11.7;6.5
12;2021-03-20;724;79;33214;18056;11.9;6.5
12;2021-03-21;264;10;33478;18066;12.0;6.5
12;2021-03-22;606;175;34084;18241;12.2;6.6
12;2021-03-23;1214;174;35298;18415;12.7;6.6
12;2021-03-24;1422;206;36720;18621;13.2;6.7
12;2021-03-25;1846;204;38566;18825;13.9;6.8
12;2021-03-26;1978;227;40544;19052;14.6;6.8
12;2021-03-27;981;67;41525;19119;14.9;6.9
12;2021-03-28;60;1;41585;19120;14.9;6.9
12;2021-03-29;962;84;42547;19204;15.3;6.9
12;2021-03-30;1736;122;44283;19326;15.9;6.9
12;2021-03-31;1461;107;45744;19433;16.4;7.0
12;2021-04-01;1958;161;47702;19594;17.1;7.0
12;2021-04-02;1615;343;49317;19937;17.7;7.2
12;2021-04-03;882;95;50199;20032;18.0;7.2
12;2021-04-04;1;0;50200;20032;18.0;7.2
12;2021-04-05;645;11;50845;20043;18.3;7.2
12;2021-04-06;1154;536;51999;20579;18.7;7.4
12;2021-04-07;1651;638;53650;21217;19.3;7.6
12;2021-04-08;2098;567;55748;21784;20.0;7.8
12;2021-04-09;2112;650;57860;22434;20.8;8.1
12;2021-04-10;1427;219;59287;22653;21.3;8.1
12;2021-04-11;120;1;59407;22654;21.3;8.1
12;2021-04-12;1836;504;61243;23158;22.0;8.3
12;2021-04-13;1907;779;63150;23937;22.7;8.6
12;2021-04-14;1831;1320;64981;25257;23.3;9.1
12;2021-04-15;1938;898;66919;26155;24.0;9.4
12;2021-04-16;1676;1204;68595;27359;24.6;9.8
12;2021-04-17;1554;568;70149;27927;25.2;10.0
12;2021-04-18;0;0;70149;27927;25.2;10.0
12;2021-04-19;1688;549;71837;28476;25.8;10.2
12;2021-04-20;1545;984;73382;29460;26.4;10.6
12;2021-04-21;1693;1182;75075;30642;27.0;11.0
12;2021-04-22;1690;1096;76765;31738;27.6;11.4
12;2021-04-23;1383;1334;78148;33072;28.1;11.9
12;2021-04-24;1451;720;79599;33792;28.6;12.1
12;2021-04-25;60;0;79659;33792;28.6;12.1
12;2021-04-26;1460;898;81119;34690;29.1;12.5
12;2021-04-27;1320;1280;82439;35970;29.6;12.9
12;2021-04-28;1113;1869;83552;37839;30.0;13.6
12;2021-04-29;1571;1912;85123;39751;30.6;14.3
12;2021-04-30;1812;1836;86935;41587;31.2;14.9
12;2021-05-01;1616;260;88551;41847;31.8;15.0
12;2021-05-02;8;0;88559;41847;31.8;15.0
12;2021-05-03;1713;1250;90272;43097;32.4;15.5
12;2021-05-04;1482;1392;91754;44489;33.0;16.0
12;2021-05-05;1292;1673;93046;46162;33.4;16.6
12;2021-05-06;1752;1376;94798;47538;34.1;17.1
12;2021-05-07;1482;1776;96280;49314;34.6;17.7
12;2021-05-08;1330;461;97610;49775;35.1;17.9
12;2021-05-09;13;34;97623;49809;35.1;17.9
12;2021-05-10;828;2216;98451;52025;35.4;18.7
12;2021-05-11;930;1853;99381;53878;35.7;19.4
12;2021-05-12;949;1821;100330;55699;36.0;20.0
12;2021-05-13;1587;810;101917;56509;36.6;20.3
12;2021-05-14;1235;1533;103152;58042;37.1;20.9
12;2021-05-15;1068;1114;104220;59156;37.4;21.3
12;2021-05-16;2;19;104222;59175;37.4;21.3
12;2021-05-17;1082;1810;105304;60985;37.8;21.9
12;2021-05-18;1426;1533;106730;62518;38.3;22.5
12;2021-05-19;1915;1330;108645;63848;39.0;22.9
12;2021-05-20;2118;875;110763;64723;39.8;23.3
12;2021-05-21;1821;1253;112584;65976;40.4;23.7
12;2021-05-22;1206;1015;113790;66991;40.9;24.1
12;2021-05-23;7;12;113797;67003;40.9;24.1
12;2021-05-24;1956;538;115753;67541;41.6;24.3
12;2021-05-25;1743;1160;117496;68701;42.2;24.7
12;2021-05-26;1998;777;119494;69478;42.9;25.0
12;2021-05-27;2164;744;121658;70222;43.7;25.2
12;2021-05-28;1928;1031;123586;71253;44.4;25.6
12;2021-05-29;1637;805;125223;72058;45.0;25.9
12;2021-05-30;9;43;125232;72101;45.0;25.9
12;2021-05-31;1699;817;126931;72918;45.6;26.2
12;2021-06-01;1889;1028;128820;73946;46.3;26.6
12;2021-06-02;1979;1053;130799;74999;47.0;26.9
12;2021-06-03;2121;830;132920;75829;47.8;27.2
12;2021-06-04;1967;1418;134887;77247;48.5;27.8
12;2021-06-05;1739;985;136626;78232;49.1;28.1
12;2021-06-06;5;6;136631;78238;49.1;28.1
12;2021-06-07;1090;1807;137721;80045;49.5;28.8
12;2021-06-08;1333;1201;139054;81246;50.0;29.2
12;2021-06-09;896;1291;139950;82537;50.3;29.7
12;2021-06-10;1021;920;140971;83457;50.6;30.0
12;2021-06-11;1204;2081;142175;85538;51.1;30.7
12;2021-06-12;1033;1321;143208;86859;51.4;31.2
12;2021-06-13;6;47;143214;86906;51.4;31.2
12;2021-06-14;662;1829;143876;88735;51.7;31.9
12;2021-06-15;745;1882;144621;90617;52.0;32.6
12;2021-06-16;821;1818;145442;92435;52.2;33.2
12;2021-06-17;678;995;146120;93430;52.5;33.6
12;2021-06-18;1134;1839;147254;95269;52.9;34.2
12;2021-06-19;914;1406;148168;96675;53.2;34.7
12;2021-06-20;4;10;148172;96685;53.2;34.7
12;2021-06-21;512;1738;148684;98423;53.4;35.4
12;2021-06-22;503;1474;149187;99897;53.6;35.9
12;2021-06-23;578;1306;149765;101203;53.8;36.4
12;2021-06-24;249;545;150014;101748;53.9;36.6
12;2021-06-25;876;1840;150890;103588;54.2;37.2
12;2021-06-26;673;1527;151563;105115;54.4;37.8
12;2021-06-27;1;9;151564;105124;54.4;37.8
12;2021-06-28;468;2452;152032;107576;54.6;38.6
12;2021-06-29;565;1957;152597;109533;54.8;39.3
12;2021-06-30;830;2133;153427;111666;55.1;40.1
12;2021-07-01;343;1086;153770;112752;55.2;40.5
12;2021-07-02;795;2626;154565;115378;55.5;41.4
12;2021-07-03;565;1873;155130;117251;55.7;42.1
12;2021-07-04;1;0;155131;117251;55.7;42.1
12;2021-07-05;440;2408;155571;119659;55.9;43.0
12;2021-07-06;640;2496;156211;122155;56.1;43.9
12;2021-07-07;687;2117;156898;124272;56.4;44.6
12;2021-07-08;293;912;157191;125184;56.5;45.0
12;2021-07-09;724;2590;157915;127774;56.7;45.9
12;2021-07-10;444;2076;158359;129850;56.9;46.6
12;2021-07-11;0;0;158359;129850;56.9;46.6
12;2021-07-12;582;2436;158941;132286;57.1;47.5
12;2021-07-13;841;2588;159782;134874;57.4;48.5
12;2021-07-14;44;25;159826;134899;57.4;48.5
12;2021-07-15;791;2107;160617;137006;57.7;49.2
12;2021-07-16;1247;2554;161864;139560;58.1;50.1
12;2021-07-17;790;2008;162654;141568;58.4;50.9
12;2021-07-18;25;11;162679;141579;58.4;50.9
12;2021-07-19;1319;2005;163998;143584;58.9;51.6
12;2021-07-20;1422;1471;165420;145055;59.4;52.1
12;2021-07-21;1018;939;166438;145994;59.8;52.4
12;2021-07-22;2229;1308;168667;147302;60.6;52.9
12;2021-07-23;1864;2065;170531;149367;61.3;53.7
12;2021-07-24;1602;1565;172133;150932;61.8;54.2
12;2021-07-25;97;28;172230;150960;61.9;54.2
12;2021-07-26;1928;1437;174158;152397;62.6;54.7
12;2021-07-27;2235;1005;176393;153402;63.4;55.1
12;2021-07-28;1711;675;178104;154077;64.0;55.4
12;2021-07-29;1180;805;179284;154882;64.4;55.6
12;2021-07-30;2506;1280;181790;156162;65.3;56.1
12;2021-07-31;1961;1002;183751;157164;66.0;56.5
12;2021-08-01;224;38;183975;157202;66.1;56.5
12;2021-08-02;1813;832;185788;158034;66.7;56.8
12;2021-08-03;1952;774;187740;158808;67.4;57.1
12;2021-08-04;1685;831;189425;159639;68.1;57.3
12;2021-08-05;1626;683;191051;160322;68.6;57.6
12;2021-08-06;1696;1311;192747;161633;69.2;58.1
12;2021-08-07;1436;741;194183;162374;69.8;58.3
12;2021-08-08;0;3;194183;162377;69.8;58.3
12;2021-08-09;1341;1417;195524;163794;70.2;58.8
12;2021-08-10;1338;1255;196862;165049;70.7;59.3
12;2021-08-11;814;1195;197676;166244;71.0;59.7
12;2021-08-12;730;1070;198406;167314;71.3;60.1
12;2021-08-13;1051;1337;199457;168651;71.7;60.6
12;2021-08-14;732;1354;200189;170005;71.9;61.1
12;2021-08-15;254;75;200443;170080;72.0;61.1
12;2021-08-16;668;1814;201111;171894;72.2;61.8
12;2021-08-17;902;1991;202013;173885;72.6;62.5
12;2021-08-18;449;1520;202462;175405;72.7;63.0
12;2021-08-19;636;1114;203098;176519;73.0;63.4
12;2021-08-20;792;1885;203890;178404;73.2;64.1
12;2021-08-21;472;1525;204362;179929;73.4;64.6
12;2021-08-22;92;27;204454;179956;73.4;64.6
12;2021-08-23;452;1922;204906;181878;73.6;65.3
12;2021-08-24;485;1911;205391;183789;73.8;66.0
12;2021-08-25;329;1579;205720;185368;73.9;66.6
13;2020-12-27;3;0;3;0;0.0;0.0
13;2020-12-28;3;0;6;0;0.0;0.0
13;2020-12-29;0;0;6;0;0.0;0.0
13;2020-12-30;2;0;8;0;0.0;0.0
13;2020-12-31;6;0;14;0;0.0;0.0
13;2021-01-01;3;0;17;0;0.0;0.0
13;2021-01-02;4;0;21;0;0.0;0.0
13;2021-01-03;8;0;29;0;0.0;0.0
13;2021-01-04;0;0;29;0;0.0;0.0
13;2021-01-05;78;1;107;1;0.0;0.0
13;2021-01-06;122;0;229;1;0.0;0.0
13;2021-01-07;174;1;403;2;0.0;0.0
13;2021-01-08;188;0;591;2;0.0;0.0
13;2021-01-09;12;0;603;2;0.0;0.0
13;2021-01-10;3;0;606;2;0.0;0.0
13;2021-01-11;480;1;1086;3;0.1;0.0
13;2021-01-12;814;1;1900;4;0.1;0.0
13;2021-01-13;1085;1;2985;5;0.1;0.0
13;2021-01-14;1569;17;4554;22;0.2;0.0
13;2021-01-15;1535;7;6089;29;0.3;0.0
13;2021-01-16;407;2;6496;31;0.3;0.0
13;2021-01-17;44;0;6540;31;0.3;0.0
13;2021-01-18;2383;8;8923;39;0.4;0.0
13;2021-01-19;7408;36;16331;75;0.8;0.0
13;2021-01-20;5560;16;21891;91;1.1;0.0
13;2021-01-21;5356;26;27247;117;1.3;0.0
13;2021-01-22;3999;22;31246;139;1.5;0.0
13;2021-01-23;1348;6;32594;145;1.6;0.0
13;2021-01-24;490;5;33084;150;1.6;0.0
13;2021-01-25;2338;28;35422;178;1.7;0.0
13;2021-01-26;2951;91;38373;269;1.9;0.0
13;2021-01-27;3118;123;41491;392;2.0;0.0
13;2021-01-28;3246;193;44737;585;2.2;0.0
13;2021-01-29;2509;130;47246;715;2.3;0.0
13;2021-01-30;1025;10;48271;725;2.4;0.0
13;2021-01-31;249;0;48520;725;2.4;0.0
13;2021-02-01;1860;296;50380;1021;2.5;0.1
13;2021-02-02;2255;616;52635;1637;2.6;0.1
13;2021-02-03;1863;580;54498;2217;2.7;0.1
13;2021-02-04;1904;930;56402;3147;2.8;0.2
13;2021-02-05;2626;1557;59028;4704;2.9;0.2
13;2021-02-06;851;309;59879;5013;2.9;0.2
13;2021-02-07;277;6;60156;5019;3.0;0.2
13;2021-02-08;1898;1543;62054;6562;3.1;0.3
13;2021-02-09;3312;4437;65366;10999;3.2;0.5
13;2021-02-10;3230;3420;68596;14419;3.4;0.7
13;2021-02-11;3577;3586;72173;18005;3.5;0.9
13;2021-02-12;2836;3149;75009;21154;3.7;1.0
13;2021-02-13;733;597;75742;21751;3.7;1.1
13;2021-02-14;72;378;75814;22129;3.7;1.1
13;2021-02-15;966;2031;76780;24160;3.8;1.2
13;2021-02-16;1391;2635;78171;26795;3.8;1.3
13;2021-02-17;1345;3003;79516;29798;3.9;1.5
13;2021-02-18;1903;2690;81419;32488;4.0;1.6
13;2021-02-19;1515;2185;82934;34673;4.1;1.7
13;2021-02-20;458;789;83392;35462;4.1;1.7
13;2021-02-21;33;285;83425;35747;4.1;1.8
13;2021-02-22;1021;2261;84446;38008;4.2;1.9
13;2021-02-23;1282;2674;85728;40682;4.2;2.0
13;2021-02-24;1516;2631;87244;43313;4.3;2.1
13;2021-02-25;2382;2152;89626;45465;4.4;2.2
13;2021-02-26;2457;2123;92083;47588;4.5;2.3
13;2021-02-27;982;749;93065;48337;4.6;2.4
13;2021-02-28;193;205;93258;48542;4.6;2.4
13;2021-03-01;1920;1526;95178;50068;4.7;2.5
13;2021-03-02;3006;2627;98184;52695;4.8;2.6
13;2021-03-03;3486;2579;101670;55274;5.0;2.7
13;2021-03-04;4196;3142;105866;58416;5.2;2.9
13;2021-03-05;4044;2791;109910;61207;5.4;3.0
13;2021-03-06;5299;839;115209;62046;5.7;3.0
13;2021-03-07;4293;375;119502;62421;5.9;3.1
13;2021-03-08;3925;2002;123427;64423;6.1;3.2
13;2021-03-09;5071;2278;128498;66701;6.3;3.3
13;2021-03-10;5180;1991;133678;68692;6.6;3.4
13;2021-03-11;7306;2137;140984;70829;6.9;3.5
13;2021-03-12;8329;2109;149313;72938;7.3;3.6
13;2021-03-13;6375;731;155688;73669;7.7;3.6
13;2021-03-14;2312;166;158000;73835;7.8;3.6
13;2021-03-15;6357;1313;164357;75148;8.1;3.7
13;2021-03-16;5076;1538;169433;76686;8.3;3.8
13;2021-03-17;5173;1414;174606;78100;8.6;3.8
13;2021-03-18;5818;1880;180424;79980;8.9;3.9
13;2021-03-19;6808;1611;187232;81591;9.2;4.0
13;2021-03-20;4040;700;191272;82291;9.4;4.0
13;2021-03-21;724;84;191996;82375;9.4;4.0
13;2021-03-22;7299;1557;199295;83932;9.8;4.1
13;2021-03-23;9125;1752;208420;85684;10.2;4.2
13;2021-03-24;8857;2188;217277;87872;10.7;4.3
13;2021-03-25;10914;2117;228191;89989;11.2;4.4
13;2021-03-26;10712;1916;238903;91905;11.7;4.5
13;2021-03-27;4866;832;243769;92737;12.0;4.6
13;2021-03-28;1119;81;244888;92818;12.0;4.6
13;2021-03-29;7576;2000;252464;94818;12.4;4.7
13;2021-03-30;12612;2525;265076;97343;13.0;4.8
13;2021-03-31;10816;3164;275892;100507;13.6;4.9
13;2021-04-01;12265;3060;288157;103567;14.2;5.1
13;2021-04-02;9791;3895;297948;107462;14.6;5.3
13;2021-04-03;4009;2808;301957;110270;14.8;5.4
13;2021-04-04;630;305;302587;110575;14.9;5.4
13;2021-04-05;3532;730;306119;111305;15.0;5.5
13;2021-04-06;8518;4256;314637;115561;15.5;5.7
13;2021-04-07;10080;4690;324717;120251;16.0;5.9
13;2021-04-08;10112;5463;334829;125714;16.5;6.2
13;2021-04-09;11268;5117;346097;130831;17.0;6.4
13;2021-04-10;7301;2095;353398;132926;17.4;6.5
13;2021-04-11;1379;533;354777;133459;17.4;6.6
13;2021-04-12;7983;4792;362760;138251;17.8;6.8
13;2021-04-13;9142;5500;371902;143751;18.3;7.1
13;2021-04-14;9534;5820;381436;149571;18.7;7.4
13;2021-04-15;9874;5961;391310;155532;19.2;7.6
13;2021-04-16;9970;5566;401280;161098;19.7;7.9
13;2021-04-17;4081;2021;405361;163119;19.9;8.0
13;2021-04-18;2523;1423;407884;164542;20.0;8.1
13;2021-04-19;6453;6408;414337;170950;20.4;8.4
13;2021-04-20;7406;7598;421743;178548;20.7;8.8
13;2021-04-21;7777;7377;429520;185925;21.1;9.1
13;2021-04-22;8468;7931;437988;193856;21.5;9.5
13;2021-04-23;8382;6806;446370;200662;21.9;9.9
13;2021-04-24;4624;3820;450994;204482;22.2;10.1
13;2021-04-25;874;524;451868;205006;22.2;10.1
13;2021-04-26;6171;7119;458039;212125;22.5;10.4
13;2021-04-27;7262;8035;465301;220160;22.9;10.8
13;2021-04-28;9453;7718;474754;227878;23.3;11.2
13;2021-04-29;11405;7610;486159;235488;23.9;11.6
13;2021-04-30;10924;7383;497083;242871;24.4;11.9
13;2021-05-01;5368;3794;502451;246665;24.7;12.1
13;2021-05-02;2098;748;504549;247413;24.8;12.2
13;2021-05-03;7299;7864;511848;255277;25.2;12.5
13;2021-05-04;8455;8518;520303;263795;25.6;13.0
13;2021-05-05;8227;8971;528530;272766;26.0;13.4
13;2021-05-06;10143;8590;538673;281356;26.5;13.8
13;2021-05-07;8852;10039;547525;291395;26.9;14.3
13;2021-05-08;4572;3931;552097;295326;27.1;14.5
13;2021-05-09;937;685;553034;296011;27.2;14.5
13;2021-05-10;7714;8766;560748;304777;27.6;15.0
13;2021-05-11;10978;9581;571726;314358;28.1;15.5
13;2021-05-12;12842;8725;584568;323083;28.7;15.9
13;2021-05-13;9511;3637;594079;326720;29.2;16.1
13;2021-05-14;13658;6454;607737;333174;29.9;16.4
13;2021-05-15;10201;4530;617938;337704;30.4;16.6
13;2021-05-16;3125;790;621063;338494;30.5;16.6
13;2021-05-17;10846;6813;631909;345307;31.1;17.0
13;2021-05-18;11919;6475;643828;351782;31.6;17.3
13;2021-05-19;12158;6354;655986;358136;32.2;17.6
13;2021-05-20;13450;6464;669436;364600;32.9;17.9
13;2021-05-21;12999;6781;682435;371381;33.5;18.3
13;2021-05-22;7514;3636;689949;375017;33.9;18.4
13;2021-05-23;863;640;690812;375657;34.0;18.5
13;2021-05-24;6767;2476;697579;378133;34.3;18.6
13;2021-05-25;9273;7605;706852;385738;34.7;19.0
13;2021-05-26;10141;7842;716993;393580;35.2;19.3
13;2021-05-27;10351;8429;727344;402009;35.8;19.8
13;2021-05-28;9003;9175;736347;411184;36.2;20.2
13;2021-05-29;7177;4628;743524;415812;36.5;20.4
13;2021-05-30;891;527;744415;416339;36.6;20.5
13;2021-05-31;8192;8037;752607;424376;37.0;20.9
13;2021-06-01;9589;9308;762196;433684;37.5;21.3
13;2021-06-02;10088;8800;772284;442484;38.0;21.7
13;2021-06-03;12295;9494;784579;451978;38.6;22.2
13;2021-06-04;12035;10045;796614;462023;39.2;22.7
13;2021-06-05;7830;5584;804444;467607;39.5;23.0
13;2021-06-06;1671;883;806115;468490;39.6;23.0
13;2021-06-07;6685;9886;812800;478376;40.0;23.5
13;2021-06-08;8314;9990;821114;488366;40.4;24.0
13;2021-06-09;8398;9742;829512;498108;40.8;24.5
13;2021-06-10;8943;9775;838455;507883;41.2;25.0
13;2021-06-11;8236;12709;846691;520592;41.6;25.6
13;2021-06-12;5788;6707;852479;527299;41.9;25.9
13;2021-06-13;952;1215;853431;528514;41.9;26.0
13;2021-06-14;6006;11144;859437;539658;42.2;26.5
13;2021-06-15;7292;11408;866729;551066;42.6;27.1
13;2021-06-16;7343;9881;874072;560947;43.0;27.6
13;2021-06-17;7441;10712;881513;571659;43.3;28.1
13;2021-06-18;7540;11080;889053;582739;43.7;28.6
13;2021-06-19;4617;7499;893670;590238;43.9;29.0
13;2021-06-20;961;1045;894631;591283;44.0;29.1
13;2021-06-21;4467;12267;899098;603550;44.2;29.7
13;2021-06-22;4940;13876;904038;617426;44.4;30.3
13;2021-06-23;5152;13571;909190;630997;44.7;31.0
13;2021-06-24;5339;12853;914529;643850;45.0;31.6
13;2021-06-25;5261;14682;919790;658532;45.2;32.4
13;2021-06-26;3020;9683;922810;668215;45.4;32.8
13;2021-06-27;535;931;923345;669146;45.4;32.9
13;2021-06-28;3730;12555;927075;681701;45.6;33.5
13;2021-06-29;4493;12907;931568;694608;45.8;34.1
13;2021-06-30;4902;12692;936470;707300;46.0;34.8
13;2021-07-01;5584;11491;942054;718791;46.3;35.3
13;2021-07-02;5583;12403;947637;731194;46.6;35.9
13;2021-07-03;3511;9163;951148;740357;46.8;36.4
13;2021-07-04;475;867;951623;741224;46.8;36.4
13;2021-07-05;3874;11782;955497;753006;47.0;37.0
13;2021-07-06;5463;11681;960960;764687;47.2;37.6
13;2021-07-07;5823;10702;966783;775389;47.5;38.1
13;2021-07-08;6228;10323;973011;785712;47.8;38.6
13;2021-07-09;5935;11920;978946;797632;48.1;39.2
13;2021-07-10;3167;8637;982113;806269;48.3;39.6
13;2021-07-11;437;1012;982550;807281;48.3;39.7
13;2021-07-12;4487;10962;987037;818243;48.5;40.2
13;2021-07-13;8965;13162;996002;831405;49.0;40.9
13;2021-07-14;5611;4856;1001613;836261;49.2;41.1
13;2021-07-15;11424;12941;1013037;849202;49.8;41.7
13;2021-07-16;12194;12911;1025231;862113;50.4;42.4
13;2021-07-17;6581;8488;1031812;870601;50.7;42.8
13;2021-07-18;725;1060;1032537;871661;50.8;42.8
13;2021-07-19;9801;11144;1042338;882805;51.2;43.4
13;2021-07-20;12262;11643;1054600;894448;51.8;44.0
13;2021-07-21;12684;10324;1067284;904772;52.5;44.5
13;2021-07-22;14538;10426;1081822;915198;53.2;45.0
13;2021-07-23;14449;10932;1096271;926130;53.9;45.5
13;2021-07-24;8330;7976;1104601;934106;54.3;45.9
13;2021-07-25;1011;788;1105612;934894;54.3;46.0
13;2021-07-26;11640;9088;1117252;943982;54.9;46.4
13;2021-07-27;13578;9374;1130830;953356;55.6;46.9
13;2021-07-28;12321;8166;1143151;961522;56.2;47.3
13;2021-07-29;13808;8125;1156959;969647;56.9;47.7
13;2021-07-30;13681;8638;1170640;978285;57.5;48.1
13;2021-07-31;8677;5833;1179317;984118;58.0;48.4
13;2021-08-01;1103;722;1180420;984840;58.0;48.4
13;2021-08-02;9985;6676;1190405;991516;58.5;48.7
13;2021-08-03;11022;7261;1201427;998777;59.1;49.1
13;2021-08-04;9395;6537;1210822;1005314;59.5;49.4
13;2021-08-05;9376;7518;1220198;1012832;60.0;49.8
13;2021-08-06;9079;8987;1229277;1021819;60.4;50.2
13;2021-08-07;5391;5540;1234668;1027359;60.7;50.5
13;2021-08-08;892;795;1235560;1028154;60.7;50.5
13;2021-08-09;8243;9026;1243803;1037180;61.1;51.0
13;2021-08-10;8945;8857;1252748;1046037;61.6;51.4
13;2021-08-11;7726;8496;1260474;1054533;62.0;51.8
13;2021-08-12;7576;9610;1268050;1064143;62.3;52.3
13;2021-08-13;6815;9147;1274865;1073290;62.7;52.8
13;2021-08-14;3672;6436;1278537;1079726;62.8;53.1
13;2021-08-15;473;731;1279010;1080457;62.9;53.1
13;2021-08-16;6389;11025;1285399;1091482;63.2;53.6
13;2021-08-17;6607;10576;1292006;1102058;63.5;54.2
13;2021-08-18;6277;10140;1298283;1112198;63.8;54.7
13;2021-08-19;6638;10549;1304921;1122747;64.1;55.2
13;2021-08-20;5743;11194;1310664;1133941;64.4;55.7
13;2021-08-21;2585;7535;1313249;1141476;64.5;56.1
13;2021-08-22;368;1086;1313617;1142562;64.6;56.2
13;2021-08-23;4894;11172;1318511;1153734;64.8;56.7
13;2021-08-24;5351;10855;1323862;1164589;65.1;57.2
13;2021-08-25;5070;10002;1328932;1174591;65.3;57.7
14;2020-12-27;0;0;0;0;0.0;0.0
14;2020-12-28;1;1;1;1;0.0;0.0
14;2020-12-29;0;0;1;1;0.0;0.0
14;2020-12-30;0;0;1;1;0.0;0.0
14;2020-12-31;3;0;4;1;0.0;0.0
14;2021-01-01;1;0;5;1;0.0;0.0
14;2021-01-02;1;0;6;1;0.0;0.0
14;2021-01-03;0;0;6;1;0.0;0.0
14;2021-01-04;10;0;16;1;0.0;0.0
14;2021-01-05;24;0;40;1;0.0;0.0
14;2021-01-06;349;0;389;1;0.1;0.0
14;2021-01-07;401;2;790;3;0.1;0.0
14;2021-01-08;627;2;1417;5;0.2;0.0
14;2021-01-09;127;0;1544;5;0.2;0.0
14;2021-01-10;41;0;1585;5;0.2;0.0
14;2021-01-11;669;1;2254;6;0.3;0.0
14;2021-01-12;949;1;3203;7;0.5;0.0
14;2021-01-13;850;1;4053;8;0.6;0.0
14;2021-01-14;2828;17;6881;25;1.0;0.0
14;2021-01-15;1894;20;8775;45;1.3;0.0
14;2021-01-16;271;2;9046;47;1.3;0.0
14;2021-01-17;145;7;9191;54;1.3;0.0
14;2021-01-18;1085;4;10276;58;1.5;0.0
14;2021-01-19;1151;2;11427;60;1.7;0.0
14;2021-01-20;1987;4;13414;64;1.9;0.0
14;2021-01-21;1814;6;15228;70;2.2;0.0
14;2021-01-22;1493;5;16721;75;2.4;0.0
14;2021-01-23;297;1;17018;76;2.5;0.0
14;2021-01-24;72;0;17090;76;2.5;0.0
14;2021-01-25;911;10;18001;86;2.6;0.0
14;2021-01-26;848;37;18849;123;2.7;0.0
14;2021-01-27;882;158;19731;281;2.9;0.0
14;2021-01-28;782;144;20513;425;3.0;0.1
14;2021-01-29;781;227;21294;652;3.1;0.1
14;2021-01-30;269;12;21563;664;3.1;0.1
14;2021-01-31;58;3;21621;667;3.1;0.1
14;2021-02-01;727;229;22348;896;3.2;0.1
14;2021-02-02;828;422;23176;1318;3.4;0.2
14;2021-02-03;761;388;23937;1706;3.5;0.2
14;2021-02-04;1169;2057;25106;3763;3.6;0.5
14;2021-02-05;1294;1314;26400;5077;3.8;0.7
14;2021-02-06;395;238;26795;5315;3.9;0.8
14;2021-02-07;179;72;26974;5387;3.9;0.8
14;2021-02-08;774;824;27748;6211;4.0;0.9
14;2021-02-09;722;1009;28470;7220;4.1;1.0
14;2021-02-10;824;1608;29294;8828;4.2;1.3
14;2021-02-11;1351;1431;30645;10259;4.4;1.5
14;2021-02-12;1381;1080;32026;11339;4.6;1.6
14;2021-02-13;308;187;32334;11526;4.7;1.7
14;2021-02-14;84;65;32418;11591;4.7;1.7
14;2021-02-15;442;1083;32860;12674;4.8;1.8
14;2021-02-16;679;978;33539;13652;4.9;2.0
14;2021-02-17;405;981;33944;14633;4.9;2.1
14;2021-02-18;706;884;34650;15517;5.0;2.2
14;2021-02-19;733;782;35383;16299;5.1;2.4
14;2021-02-20;88;271;35471;16570;5.1;2.4
14;2021-02-21;6;90;35477;16660;5.1;2.4
14;2021-02-22;431;1044;35908;17704;5.2;2.6
14;2021-02-23;486;920;36394;18624;5.3;2.7
14;2021-02-24;439;889;36833;19513;5.3;2.8
14;2021-02-25;1223;1177;38056;20690;5.5;3.0
14;2021-02-26;1576;1167;39632;21857;5.7;3.2
14;2021-02-27;507;268;40139;22125;5.8;3.2
14;2021-02-28;27;41;40166;22166;5.8;3.2
14;2021-03-01;522;927;40688;23093;5.9;3.3
14;2021-03-02;966;809;41654;23902;6.0;3.5
14;2021-03-03;1079;837;42733;24739;6.2;3.6
14;2021-03-04;1949;789;44682;25528;6.5;3.7
14;2021-03-05;2431;873;47113;26401;6.8;3.8
14;2021-03-06;3075;206;50188;26607;7.3;3.8
14;2021-03-07;1196;63;51384;26670;7.4;3.9
14;2021-03-08;1249;813;52633;27483;7.6;4.0
14;2021-03-09;1741;696;54374;28179;7.9;4.1
14;2021-03-10;1835;591;56209;28770;8.1;4.2
14;2021-03-11;2757;475;58966;29245;8.5;4.2
14;2021-03-12;4045;572;63011;29817;9.1;4.3
14;2021-03-13;1853;177;64864;29994;9.4;4.3
14;2021-03-14;31;39;64895;30033;9.4;4.3
14;2021-03-15;2005;141;66900;30174;9.7;4.4
14;2021-03-16;1401;277;68301;30451;9.9;4.4
14;2021-03-17;1155;196;69456;30647;10.0;4.4
14;2021-03-18;1480;303;70936;30950;10.3;4.5
14;2021-03-19;2608;269;73544;31219;10.6;4.5
14;2021-03-20;2657;41;76201;31260;11.0;4.5
14;2021-03-21;454;8;76655;31268;11.1;4.5
14;2021-03-22;1873;362;78528;31630;11.4;4.6
14;2021-03-23;2177;324;80705;31954;11.7;4.6
14;2021-03-24;2432;194;83137;32148;12.0;4.6
14;2021-03-25;3292;322;86429;32470;12.5;4.7
14;2021-03-26;4607;475;91036;32945;13.2;4.8
14;2021-03-27;2231;231;93267;33176;13.5;4.8
14;2021-03-28;36;1;93303;33177;13.5;4.8
14;2021-03-29;1613;483;94916;33660;13.7;4.9
14;2021-03-30;2722;516;97638;34176;14.1;4.9
14;2021-03-31;2325;923;99963;35099;14.5;5.1
14;2021-04-01;4174;1680;104137;36779;15.1;5.3
14;2021-04-02;3867;1271;108004;38050;15.6;5.5
14;2021-04-03;1128;1203;109132;39253;15.8;5.7
14;2021-04-04;25;482;109157;39735;15.8;5.7
14;2021-04-05;1219;324;110376;40059;16.0;5.8
14;2021-04-06;2383;996;112759;41055;16.3;5.9
14;2021-04-07;2729;1034;115488;42089;16.7;6.1
14;2021-04-08;4301;1121;119789;43210;17.3;6.2
14;2021-04-09;6030;1185;125819;44395;18.2;6.4
14;2021-04-10;2895;437;128714;44832;18.6;6.5
14;2021-04-11;628;121;129342;44953;18.7;6.5
14;2021-04-12;2915;1586;132257;46539;19.1;6.7
14;2021-04-13;3471;1449;135728;47988;19.6;6.9
14;2021-04-14;3121;1169;138849;49157;20.1;7.1
14;2021-04-15;4400;1510;143249;50667;20.7;7.3
14;2021-04-16;4600;1563;147849;52230;21.4;7.6
14;2021-04-17;2313;1666;150162;53896;21.7;7.8
14;2021-04-18;539;327;150701;54223;21.8;7.8
14;2021-04-19;2759;1708;153460;55931;22.2;8.1
14;2021-04-20;3390;1835;156850;57766;22.7;8.4
14;2021-04-21;3014;1472;159864;59238;23.1;8.6
14;2021-04-22;4227;2088;164091;61326;23.7;8.9
14;2021-04-23;4647;2296;168738;63622;24.4;9.2
14;2021-04-24;1852;1756;170590;65378;24.7;9.5
14;2021-04-25;456;28;171046;65406;24.7;9.5
14;2021-04-26;3378;1571;174424;66977;25.2;9.7
14;2021-04-27;3504;2575;177928;69552;25.7;10.1
14;2021-04-28;3245;1897;181173;71449;26.2;10.3
14;2021-04-29;4545;2310;185718;73759;26.9;10.7
14;2021-04-30;5124;2644;190842;76403;27.6;11.0
14;2021-05-01;3554;196;194396;76599;28.1;11.1
14;2021-05-02;1237;55;195633;76654;28.3;11.1
14;2021-05-03;2482;2771;198115;79425;28.7;11.5
14;2021-05-04;3127;2913;201242;82338;29.1;11.9
14;2021-05-05;3687;2757;204929;85095;29.6;12.3
14;2021-05-06;4930;3489;209859;88584;30.4;12.8
14;2021-05-07;4867;3853;214726;92437;31.1;13.4
14;2021-05-08;2728;1264;217454;93701;31.4;13.6
14;2021-05-09;1915;670;219369;94371;31.7;13.6
14;2021-05-10;3635;3151;223004;97522;32.3;14.1
14;2021-05-11;4347;3609;227351;101131;32.9;14.6
14;2021-05-12;4050;3219;231401;104350;33.5;15.1
14;2021-05-13;4690;1130;236091;105480;34.1;15.3
14;2021-05-14;6675;2631;242766;108111;35.1;15.6
14;2021-05-15;5144;778;247910;108889;35.9;15.7
14;2021-05-16;2319;120;250229;109009;36.2;15.8
14;2021-05-17;2820;2263;253049;111272;36.6;16.1
14;2021-05-18;4089;2243;257138;113515;37.2;16.4
14;2021-05-19;3752;2020;260890;115535;37.7;16.7
14;2021-05-20;4480;2769;265370;118304;38.4;17.1
14;2021-05-21;4274;3527;269644;121831;39.0;17.6
14;2021-05-22;1670;866;271314;122697;39.2;17.7
14;2021-05-23;649;71;271963;122768;39.3;17.8
14;2021-05-24;2845;750;274808;123518;39.7;17.9
14;2021-05-25;3636;3387;278444;126905;40.3;18.4
14;2021-05-26;3436;2406;281880;129311;40.8;18.7
14;2021-05-27;4771;3242;286651;132553;41.5;19.2
14;2021-05-28;5093;3894;291744;136447;42.2;19.7
14;2021-05-29;2341;2457;294085;138904;42.5;20.1
14;2021-05-30;761;239;294846;139143;42.6;20.1
14;2021-05-31;4092;2966;298938;142109;43.2;20.6
14;2021-06-01;5741;3219;304679;145328;44.1;21.0
14;2021-06-02;5029;2858;309708;148186;44.8;21.4
14;2021-06-03;6661;4019;316369;152205;45.8;22.0
14;2021-06-04;6445;5139;322814;157344;46.7;22.8
14;2021-06-05;4359;1865;327173;159209;47.3;23.0
14;2021-06-06;2042;83;329215;159292;47.6;23.0
14;2021-06-07;4250;3452;333465;162744;48.2;23.5
14;2021-06-08;5238;3132;338703;165876;49.0;24.0
14;2021-06-09;4274;2968;342977;168844;49.6;24.4
14;2021-06-10;5082;2973;348059;171817;50.3;24.8
14;2021-06-11;4843;4889;352902;176706;51.0;25.6
14;2021-06-12;3680;4515;356582;181221;51.6;26.2
14;2021-06-13;849;1090;357431;182311;51.7;26.4
14;2021-06-14;2185;3793;359616;186104;52.0;26.9
14;2021-06-15;3315;3973;362931;190077;52.5;27.5
14;2021-06-16;3448;4557;366379;194634;53.0;28.1
14;2021-06-17;4235;5270;370614;199904;53.6;28.9
14;2021-06-18;3734;6121;374348;206025;54.1;29.8
14;2021-06-19;2591;2953;376939;208978;54.5;30.2
14;2021-06-20;580;1556;377519;210534;54.6;30.4
14;2021-06-21;2123;4360;379642;214894;54.9;31.1
14;2021-06-22;2584;5179;382226;220073;55.3;31.8
14;2021-06-23;2501;4348;384727;224421;55.6;32.5
14;2021-06-24;3450;5809;388177;230230;56.1;33.3
14;2021-06-25;2750;7276;390927;237506;56.5;34.3
14;2021-06-26;2176;4540;393103;242046;56.9;35.0
14;2021-06-27;440;1828;393543;243874;56.9;35.3
14;2021-06-28;1311;3971;394854;247845;57.1;35.8
14;2021-06-29;1789;5365;396643;253210;57.4;36.6
14;2021-06-30;2023;4619;398666;257829;57.7;37.3
14;2021-07-01;2933;5067;401599;262896;58.1;38.0
14;2021-07-02;2599;6667;404198;269563;58.5;39.0
14;2021-07-03;1429;2646;405627;272209;58.7;39.4
14;2021-07-04;421;713;406048;272922;58.7;39.5
14;2021-07-05;1191;4780;407239;277702;58.9;40.2
14;2021-07-06;2093;6004;409332;283706;59.2;41.0
14;2021-07-07;2259;4577;411591;288283;59.5;41.7
14;2021-07-08;2909;5525;414500;293808;59.9;42.5
14;2021-07-09;2769;6434;417269;300242;60.3;43.4
14;2021-07-10;2041;3201;419310;303443;60.6;43.9
14;2021-07-11;900;872;420210;304315;60.8;44.0
14;2021-07-12;1634;5900;421844;310215;61.0;44.9
14;2021-07-13;3080;7341;424924;317556;61.5;45.9
14;2021-07-14;2258;3061;427182;320617;61.8;46.4
14;2021-07-15;4169;7658;431351;328275;62.4;47.5
14;2021-07-16;4705;7693;436056;335968;63.1;48.6
14;2021-07-17;2115;4208;438171;340176;63.4;49.2
14;2021-07-18;821;1869;438992;342045;63.5;49.5
14;2021-07-19;2594;6128;441586;348173;63.9;50.4
14;2021-07-20;3242;7256;444828;355429;64.3;51.4
14;2021-07-21;4101;5844;448929;361273;64.9;52.2
14;2021-07-22;4843;6608;453772;367881;65.6;53.2
14;2021-07-23;5378;6767;459150;374648;66.4;54.2
14;2021-07-24;3081;3796;462231;378444;66.8;54.7
14;2021-07-25;1505;1247;463736;379691;67.1;54.9
14;2021-07-26;4675;4189;468411;383880;67.7;55.5
14;2021-07-27;5388;4363;473799;388243;68.5;56.1
14;2021-07-28;5108;3971;478907;392214;69.3;56.7
14;2021-07-29;6424;4880;485331;397094;70.2;57.4
14;2021-07-30;5826;5167;491157;402261;71.0;58.2
14;2021-07-31;2764;2505;493921;404766;71.4;58.5
14;2021-08-01;1889;933;495810;405699;71.7;58.7
14;2021-08-02;3888;4293;499698;409992;72.3;59.3
14;2021-08-03;4464;4168;504162;414160;72.9;59.9
14;2021-08-04;4534;3540;508696;417700;73.6;60.4
14;2021-08-05;4630;4032;513326;421732;74.2;61.0
14;2021-08-06;4414;4807;517740;426539;74.9;61.7
14;2021-08-07;2126;2299;519866;428838;75.2;62.0
14;2021-08-08;635;854;520501;429692;75.3;62.1
14;2021-08-09;2124;2880;522625;432572;75.6;62.6
14;2021-08-10;3647;4174;526272;436746;76.1;63.2
14;2021-08-11;3056;3461;529328;440207;76.6;63.7
14;2021-08-12;3463;4344;532791;444551;77.1;64.3
14;2021-08-13;2622;4129;535413;448680;77.4;64.9
14;2021-08-14;1408;2003;536821;450683;77.6;65.2
14;2021-08-15;390;1483;537211;452166;77.7;65.4
14;2021-08-16;1823;2777;539034;454943;78.0;65.8
14;2021-08-17;2257;4565;541291;459508;78.3;66.5
14;2021-08-18;2057;4524;543348;464032;78.6;67.1
14;2021-08-19;2323;5081;545671;469113;78.9;67.8
14;2021-08-20;2179;5401;547850;474514;79.2;68.6
14;2021-08-21;1009;2829;548859;477343;79.4;69.0
14;2021-08-22;170;1564;549029;478907;79.4;69.3
14;2021-08-23;1258;4167;550287;483074;79.6;69.9
14;2021-08-24;1323;4301;551610;487375;79.8;70.5
14;2021-08-25;1386;4393;552996;491768;80.0;71.1
15;2020-12-27;2;0;2;0;0.0;0.0
15;2020-12-28;0;0;2;0;0.0;0.0
15;2020-12-29;0;0;2;0;0.0;0.0
15;2020-12-30;0;0;2;0;0.0;0.0
15;2020-12-31;0;0;2;0;0.0;0.0
15;2021-01-01;1;0;3;0;0.0;0.0
15;2021-01-02;0;0;3;0;0.0;0.0
15;2021-01-03;0;0;3;0;0.0;0.0
15;2021-01-04;0;0;3;0;0.0;0.0
15;2021-01-05;0;0;3;0;0.0;0.0
15;2021-01-06;0;0;3;0;0.0;0.0
15;2021-01-07;72;0;75;0;0.1;0.0
15;2021-01-08;110;0;185;0;0.1;0.0
15;2021-01-09;0;0;185;0;0.1;0.0
15;2021-01-10;2;0;187;0;0.1;0.0
15;2021-01-11;99;0;286;0;0.2;0.0
15;2021-01-12;94;0;380;0;0.3;0.0
15;2021-01-13;230;0;610;0;0.4;0.0
15;2021-01-14;309;1;919;1;0.6;0.0
15;2021-01-15;138;0;1057;1;0.7;0.0
15;2021-01-16;90;0;1147;1;0.8;0.0
15;2021-01-17;0;0;1147;1;0.8;0.0
15;2021-01-18;404;2;1551;3;1.1;0.0
15;2021-01-19;550;0;2101;3;1.5;0.0
15;2021-01-20;627;1;2728;4;1.9;0.0
15;2021-01-21;577;4;3305;8;2.3;0.0
15;2021-01-22;503;2;3808;10;2.7;0.0
15;2021-01-23;432;1;4240;11;3.0;0.0
15;2021-01-24;6;0;4246;11;3.0;0.0
15;2021-01-25;400;0;4646;11;3.3;0.0
15;2021-01-26;437;0;5083;11;3.6;0.0
15;2021-01-27;735;7;5818;18;4.1;0.0
15;2021-01-28;624;53;6442;71;4.5;0.0
15;2021-01-29;335;82;6777;153;4.7;0.1
15;2021-01-30;218;3;6995;156;4.9;0.1
15;2021-01-31;1;1;6996;157;4.9;0.1
15;2021-02-01;239;89;7235;246;5.1;0.2
15;2021-02-02;188;91;7423;337;5.2;0.2
15;2021-02-03;267;159;7690;496;5.4;0.3
15;2021-02-04;663;205;8353;701;5.8;0.5
15;2021-02-05;296;256;8649;957;6.1;0.7
15;2021-02-06;98;76;8747;1033;6.1;0.7
15;2021-02-07;0;0;8747;1033;6.1;0.7
15;2021-02-08;233;107;8980;1140;6.3;0.8
15;2021-02-09;205;119;9185;1259;6.4;0.9
15;2021-02-10;338;300;9523;1559;6.7;1.1
15;2021-02-11;117;239;9640;1798;6.8;1.3
15;2021-02-12;136;160;9776;1958;6.8;1.4
15;2021-02-13;92;78;9868;2036;6.9;1.4
15;2021-02-14;0;0;9868;2036;6.9;1.4
15;2021-02-15;63;215;9931;2251;7.0;1.6
15;2021-02-16;52;295;9983;2546;7.0;1.8
15;2021-02-17;134;474;10117;3020;7.1;2.1
15;2021-02-18;87;755;10204;3775;7.1;2.6
15;2021-02-19;90;429;10294;4204;7.2;2.9
15;2021-02-20;20;259;10314;4463;7.2;3.1
15;2021-02-21;0;0;10314;4463;7.2;3.1
15;2021-02-22;23;497;10337;4960;7.2;3.5
15;2021-02-23;180;457;10517;5417;7.4;3.8
15;2021-02-24;31;456;10548;5873;7.4;4.1
15;2021-02-25;228;1002;10776;6875;7.5;4.8
15;2021-02-26;186;476;10962;7351;7.7;5.1
15;2021-02-27;145;88;11107;7439;7.8;5.2
15;2021-02-28;1;0;11108;7439;7.8;5.2
15;2021-03-01;121;222;11229;7661;7.9;5.4
15;2021-03-02;250;307;11479;7968;8.0;5.6
15;2021-03-03;207;29;11686;7997;8.2;5.6
15;2021-03-04;246;248;11932;8245;8.4;5.8
15;2021-03-05;348;174;12280;8419;8.6;5.9
15;2021-03-06;680;11;12960;8430;9.1;5.9
15;2021-03-07;81;2;13041;8432;9.1;5.9
15;2021-03-08;93;107;13134;8539;9.2;6.0
15;2021-03-09;281;294;13415;8833;9.4;6.2
15;2021-03-10;417;180;13832;9013;9.7;6.3
15;2021-03-11;434;296;14266;9309;10.0;6.5
15;2021-03-12;525;96;14791;9405;10.4;6.6
15;2021-03-13;355;7;15146;9412;10.6;6.6
15;2021-03-14;18;0;15164;9412;10.6;6.6
15;2021-03-15;542;64;15706;9476;11.0;6.6
15;2021-03-16;328;21;16034;9497;11.2;6.7
15;2021-03-17;130;53;16164;9550;11.3;6.7
15;2021-03-18;250;96;16414;9646;11.5;6.8
15;2021-03-19;669;32;17083;9678;12.0;6.8
15;2021-03-20;148;36;17231;9714;12.1;6.8
15;2021-03-21;6;0;17237;9714;12.1;6.8
15;2021-03-22;575;79;17812;9793;12.5;6.9
15;2021-03-23;775;98;18587;9891;13.0;6.9
15;2021-03-24;937;35;19524;9926;13.7;7.0
15;2021-03-25;1282;33;20806;9959;14.6;7.0
15;2021-03-26;1009;61;21815;10020;15.3;7.0
15;2021-03-27;301;6;22116;10026;15.5;7.0
15;2021-03-28;20;0;22136;10026;15.5;7.0
15;2021-03-29;781;18;22917;10044;16.0;7.0
15;2021-03-30;1134;201;24051;10245;16.8;7.2
15;2021-03-31;941;23;24992;10268;17.5;7.2
15;2021-04-01;1233;60;26225;10328;18.4;7.2
15;2021-04-02;1142;61;27367;10389;19.2;7.3
15;2021-04-03;120;18;27487;10407;19.2;7.3
15;2021-04-04;0;0;27487;10407;19.2;7.3
15;2021-04-05;33;1;27520;10408;19.3;7.3
15;2021-04-06;834;86;28354;10494;19.9;7.3
15;2021-04-07;663;105;29017;10599;20.3;7.4
15;2021-04-08;1247;148;30264;10747;21.2;7.5
15;2021-04-09;1277;100;31541;10847;22.1;7.6
15;2021-04-10;364;20;31905;10867;22.3;7.6
15;2021-04-11;14;0;31919;10867;22.4;7.6
15;2021-04-12;644;458;32563;11325;22.8;7.9
15;2021-04-13;1124;323;33687;11648;23.6;8.2
15;2021-04-14;1039;201;34726;11849;24.3;8.3
15;2021-04-15;1183;309;35909;12158;25.1;8.5
15;2021-04-16;1038;555;36947;12713;25.9;8.9
15;2021-04-17;445;13;37392;12726;26.2;8.9
15;2021-04-18;0;10;37392;12736;26.2;8.9
15;2021-04-19;539;514;37931;13250;26.6;9.3
15;2021-04-20;847;614;38778;13864;27.2;9.7
15;2021-04-21;594;651;39372;14515;27.6;10.2
15;2021-04-22;728;776;40100;15291;28.1;10.7
15;2021-04-23;731;681;40831;15972;28.6;11.2
15;2021-04-24;363;123;41194;16095;28.8;11.3
15;2021-04-25;1;3;41195;16098;28.8;11.3
15;2021-04-26;325;632;41520;16730;29.1;11.7
15;2021-04-27;469;941;41989;17671;29.4;12.4
15;2021-04-28;383;788;42372;18459;29.7;12.9
15;2021-04-29;586;1012;42958;19471;30.1;13.6
15;2021-04-30;547;1078;43505;20549;30.5;14.4
15;2021-05-01;283;30;43788;20579;30.7;14.4
15;2021-05-02;0;0;43788;20579;30.7;14.4
15;2021-05-03;881;331;44669;20910;31.3;14.6
15;2021-05-04;802;857;45471;21767;31.8;15.2
15;2021-05-05;676;680;46147;22447;32.3;15.7
15;2021-05-06;826;967;46973;23414;32.9;16.4
15;2021-05-07;1154;906;48127;24320;33.7;17.0
15;2021-05-08;491;55;48618;24375;34.0;17.1
15;2021-05-09;24;9;48642;24384;34.1;17.1
15;2021-05-10;705;914;49347;25298;34.6;17.7
15;2021-05-11;1185;1185;50532;26483;35.4;18.5
15;2021-05-12;1147;837;51679;27320;36.2;19.1
15;2021-05-13;1165;440;52844;27760;37.0;19.4
15;2021-05-14;1504;583;54348;28343;38.1;19.8
15;2021-05-15;1410;417;55758;28760;39.0;20.1
15;2021-05-16;1;10;55759;28770;39.0;20.1
15;2021-05-17;999;606;56758;29376;39.7;20.6
15;2021-05-18;1222;972;57980;30348;40.6;21.3
15;2021-05-19;1020;460;59000;30808;41.3;21.6
15;2021-05-20;1239;782;60239;31590;42.2;22.1
15;2021-05-21;1349;749;61588;32339;43.1;22.6
15;2021-05-22;527;189;62115;32528;43.5;22.8
15;2021-05-23;2;11;62117;32539;43.5;22.8
15;2021-05-24;693;257;62810;32796;44.0;23.0
15;2021-05-25;1151;620;63961;33416;44.8;23.4
15;2021-05-26;1095;459;65056;33875;45.6;23.7
15;2021-05-27;1270;660;66326;34535;46.4;24.2
15;2021-05-28;1509;886;67835;35421;47.5;24.8
15;2021-05-29;984;361;68819;35782;48.2;25.1
15;2021-05-30;14;25;68833;35807;48.2;25.1
15;2021-05-31;1201;480;70034;36287;49.0;25.4
15;2021-06-01;1400;571;71434;36858;50.0;25.8
15;2021-06-02;865;419;72299;37277;50.6;26.1
15;2021-06-03;932;708;73231;37985;51.3;26.6
15;2021-06-04;1076;719;74307;38704;52.0;27.1
15;2021-06-05;651;264;74958;38968;52.5;27.3
15;2021-06-06;16;20;74974;38988;52.5;27.3
15;2021-06-07;797;350;75771;39338;53.1;27.5
15;2021-06-08;477;396;76248;39734;53.4;27.8
15;2021-06-09;377;377;76625;40111;53.7;28.1
15;2021-06-10;275;423;76900;40534;53.8;28.4
15;2021-06-11;661;1100;77561;41634;54.3;29.2
15;2021-06-12;377;467;77938;42101;54.6;29.5
15;2021-06-13;11;6;77949;42107;54.6;29.5
15;2021-06-14;542;977;78491;43084;55.0;30.2
15;2021-06-15;450;1164;78941;44248;55.3;31.0
15;2021-06-16;543;899;79484;45147;55.7;31.6
15;2021-06-17;290;935;79774;46082;55.9;32.3
15;2021-06-18;741;1205;80515;47287;56.4;33.1
15;2021-06-19;543;705;81058;47992;56.8;33.6
15;2021-06-20;11;1;81069;47993;56.8;33.6
15;2021-06-21;281;1041;81350;49034;57.0;34.3
15;2021-06-22;232;1479;81582;50513;57.1;35.4
15;2021-06-23;346;1446;81928;51959;57.4;36.4
15;2021-06-24;292;1093;82220;53052;57.6;37.1
15;2021-06-25;379;1642;82599;54694;57.8;38.3
15;2021-06-26;165;908;82764;55602;58.0;38.9
15;2021-06-27;0;0;82764;55602;58.0;38.9
15;2021-06-28;176;1227;82940;56829;58.1;39.8
15;2021-06-29;302;1265;83242;58094;58.3;40.7
15;2021-06-30;268;982;83510;59076;58.5;41.4
15;2021-07-01;381;1220;83891;60296;58.7;42.2
15;2021-07-02;410;1349;84301;61645;59.0;43.2
15;2021-07-03;251;707;84552;62352;59.2;43.7
15;2021-07-04;1;1;84553;62353;59.2;43.7
15;2021-07-05;248;1258;84801;63611;59.4;44.5
15;2021-07-06;274;1468;85075;65079;59.6;45.6
15;2021-07-07;256;1345;85331;66424;59.8;46.5
15;2021-07-08;489;1353;85820;67777;60.1;47.5
15;2021-07-09;488;1785;86308;69562;60.4;48.7
15;2021-07-10;215;865;86523;70427;60.6;49.3
15;2021-07-11;9;5;86532;70432;60.6;49.3
15;2021-07-12;275;1485;86807;71917;60.8;50.4
15;2021-07-13;587;1767;87394;73684;61.2;51.6
15;2021-07-14;13;130;87407;73814;61.2;51.7
15;2021-07-15;1132;729;88539;74543;62.0;52.2
15;2021-07-16;1138;1337;89677;75880;62.8;53.1
15;2021-07-17;820;953;90497;76833;63.4;53.8
15;2021-07-18;0;3;90497;76836;63.4;53.8
15;2021-07-19;1074;1271;91571;78107;64.1;54.7
15;2021-07-20;1614;569;93185;78676;65.3;55.1
15;2021-07-21;1187;604;94372;79280;66.1;55.5
15;2021-07-22;894;513;95266;79793;66.7;55.9
15;2021-07-23;1339;1063;96605;80856;67.6;56.6
15;2021-07-24;626;770;97231;81626;68.1;57.2
15;2021-07-25;1;24;97232;81650;68.1;57.2
15;2021-07-26;1247;597;98479;82247;69.0;57.6
15;2021-07-27;1687;571;100166;82818;70.1;58.0
15;2021-07-28;1237;585;101403;83403;71.0;58.4
15;2021-07-29;837;400;102240;83803;71.6;58.7
15;2021-07-30;1007;1131;103247;84934;72.3;59.5
15;2021-07-31;603;638;103850;85572;72.7;59.9
15;2021-08-01;21;12;103871;85584;72.7;59.9
15;2021-08-02;1142;543;105013;86127;73.5;60.3
15;2021-08-03;1157;383;106170;86510;74.3;60.6
15;2021-08-04;789;409;106959;86919;74.9;60.9
15;2021-08-05;383;284;107342;87203;75.2;61.1
15;2021-08-06;788;1239;108130;88442;75.7;61.9
15;2021-08-07;263;1164;108393;89606;75.9;62.7
15;2021-08-08;3;6;108396;89612;75.9;62.7
15;2021-08-09;512;1166;108908;90778;76.3;63.6
15;2021-08-10;432;726;109340;91504;76.6;64.1
15;2021-08-11;411;1009;109751;92513;76.9;64.8
15;2021-08-12;521;1183;110272;93696;77.2;65.6
15;2021-08-13;680;1138;110952;94834;77.7;66.4
15;2021-08-14;178;552;111130;95386;77.8;66.8
15;2021-08-15;16;9;111146;95395;77.8;66.8
15;2021-08-16;387;1133;111533;96528;78.1;67.6
15;2021-08-17;398;1141;111931;97669;78.4;68.4
15;2021-08-18;368;802;112299;98471;78.6;69.0
15;2021-08-19;297;879;112596;99350;78.8;69.6
15;2021-08-20;600;1209;113196;100559;79.3;70.4
15;2021-08-21;217;866;113413;101425;79.4;71.0
15;2021-08-22;12;26;113425;101451;79.4;71.0
15;2021-08-23;228;611;113653;102062;79.6;71.5
15;2021-08-24;239;589;113892;102651;79.8;71.9
15;2021-08-25;150;492;114042;103143;79.9;72.2
16;2020-12-27;0;0;0;0;0.0;0.0
16;2020-12-28;2;0;2;0;0.0;0.0
16;2020-12-29;0;0;2;0;0.0;0.0
16;2020-12-30;0;0;2;0;0.0;0.0
16;2020-12-31;0;0;2;0;0.0;0.0
16;2021-01-01;0;0;2;0;0.0;0.0
16;2021-01-02;0;0;2;0;0.0;0.0
16;2021-01-03;0;0;2;0;0.0;0.0
16;2021-01-04;1;0;3;0;0.0;0.0
16;2021-01-05;1;0;4;0;0.0;0.0
16;2021-01-06;88;0;92;0;0.0;0.0
16;2021-01-07;239;0;331;0;0.1;0.0
16;2021-01-08;465;2;796;2;0.2;0.0
16;2021-01-09;1;0;797;2;0.2;0.0
16;2021-01-10;1;0;798;2;0.2;0.0
16;2021-01-11;304;0;1102;2;0.3;0.0
16;2021-01-12;437;1;1539;3;0.4;0.0
16;2021-01-13;480;0;2019;3;0.6;0.0
16;2021-01-14;600;7;2619;10;0.8;0.0
16;2021-01-15;504;4;3123;14;0.9;0.0
16;2021-01-16;0;0;3123;14;0.9;0.0
16;2021-01-17;0;0;3123;14;0.9;0.0
16;2021-01-18;430;5;3553;19;1.0;0.0
16;2021-01-19;833;2;4386;21;1.3;0.0
16;2021-01-20;1184;2;5570;23;1.6;0.0
16;2021-01-21;1365;3;6935;26;2.0;0.0
16;2021-01-22;1113;0;8048;26;2.3;0.0
16;2021-01-23;183;0;8231;26;2.4;0.0
16;2021-01-24;0;0;8231;26;2.4;0.0
16;2021-01-25;641;2;8872;28;2.5;0.0
16;2021-01-26;1026;1;9898;29;2.8;0.0
16;2021-01-27;1406;105;11304;134;3.2;0.0
16;2021-01-28;1260;60;12564;194;3.6;0.1
16;2021-01-29;743;140;13307;334;3.8;0.1
16;2021-01-30;36;0;13343;334;3.8;0.1
16;2021-01-31;0;0;13343;334;3.8;0.1
16;2021-02-01;394;203;13737;537;3.9;0.2
16;2021-02-02;576;174;14313;711;4.1;0.2
16;2021-02-03;621;352;14934;1063;4.3;0.3
16;2021-02-04;464;271;15398;1334;4.4;0.4
16;2021-02-05;505;276;15903;1610;4.6;0.5
16;2021-02-06;3;80;15906;1690;4.6;0.5
16;2021-02-07;41;3;15947;1693;4.6;0.5
16;2021-02-08;355;219;16302;1912;4.7;0.5
16;2021-02-09;649;294;16951;2206;4.9;0.6
16;2021-02-10;693;680;17644;2886;5.1;0.8
16;2021-02-11;800;613;18444;3499;5.3;1.0
16;2021-02-12;623;833;19067;4332;5.5;1.2
16;2021-02-13;42;78;19109;4410;5.5;1.3
16;2021-02-14;2;7;19111;4417;5.5;1.3
16;2021-02-15;216;664;19327;5081;5.6;1.5
16;2021-02-16;374;954;19701;6035;5.7;1.7
16;2021-02-17;347;1308;20048;7343;5.8;2.1
16;2021-02-18;511;1251;20559;8594;5.9;2.5
16;2021-02-19;389;792;20948;9386;6.0;2.7
16;2021-02-20;2;8;20950;9394;6.0;2.7
16;2021-02-21;2;0;20952;9394;6.0;2.7
16;2021-02-22;135;531;21087;9925;6.1;2.9
16;2021-02-23;205;922;21292;10847;6.1;3.1
16;2021-02-24;274;896;21566;11743;6.2;3.4
16;2021-02-25;395;690;21961;12433;6.3;3.6
16;2021-02-26;478;501;22439;12934;6.4;3.7
16;2021-02-27;249;1;22688;12935;6.5;3.7
16;2021-02-28;5;5;22693;12940;6.5;3.7
16;2021-03-01;152;328;22845;13268;6.6;3.8
16;2021-03-02;272;668;23117;13936;6.6;4.0
16;2021-03-03;391;728;23508;14664;6.8;4.2
16;2021-03-04;805;571;24313;15235;7.0;4.4
16;2021-03-05;1142;542;25455;15777;7.3;4.5
16;2021-03-06;751;13;26206;15790;7.5;4.5
16;2021-03-07;94;18;26300;15808;7.6;4.5
16;2021-03-08;437;319;26737;16127;7.7;4.6
16;2021-03-09;774;699;27511;16826;7.9;4.8
16;2021-03-10;606;667;28117;17493;8.1;5.0
16;2021-03-11;1445;532;29562;18025;8.5;5.2
16;2021-03-12;1164;460;30726;18485;8.8;5.3
16;2021-03-13;765;14;31491;18499;9.0;5.3
16;2021-03-14;1;0;31492;18499;9.0;5.3
16;2021-03-15;461;184;31953;18683;9.2;5.4
16;2021-03-16;859;421;32812;19104;9.4;5.5
16;2021-03-17;590;286;33402;19390;9.6;5.6
16;2021-03-18;1032;283;34434;19673;9.9;5.7
16;2021-03-19;1101;248;35535;19921;10.2;5.7
16;2021-03-20;396;5;35931;19926;10.3;5.7
16;2021-03-21;9;0;35940;19926;10.3;5.7
16;2021-03-22;727;101;36667;20027;10.5;5.8
16;2021-03-23;1463;104;38130;20131;11.0;5.8
16;2021-03-24;1120;185;39250;20316;11.3;5.8
16;2021-03-25;2047;91;41297;20407;11.9;5.9
16;2021-03-26;1916;98;43213;20505;12.4;5.9
16;2021-03-27;433;22;43646;20527;12.5;5.9
16;2021-03-28;0;0;43646;20527;12.5;5.9
16;2021-03-29;925;60;44571;20587;12.8;5.9
16;2021-03-30;1883;179;46454;20766;13.3;6.0
16;2021-03-31;1514;134;47968;20900;13.8;6.0
16;2021-04-01;2009;401;49977;21301;14.4;6.1
16;2021-04-02;1442;379;51419;21680;14.8;6.2
16;2021-04-03;288;5;51707;21685;14.9;6.2
16;2021-04-04;1;0;51708;21685;14.9;6.2
16;2021-04-05;2;0;51710;21685;14.9;6.2
16;2021-04-06;2013;544;53723;22229;15.4;6.4
16;2021-04-07;1953;403;55676;22632;16.0;6.5
16;2021-04-08;2824;588;58500;23220;16.8;6.7
16;2021-04-09;2694;554;61194;23774;17.6;6.8
16;2021-04-10;1290;37;62484;23811;17.9;6.8
16;2021-04-11;2;0;62486;23811;17.9;6.8
16;2021-04-12;1432;315;63918;24126;18.4;6.9
16;2021-04-13;2125;841;66043;24967;19.0;7.2
16;2021-04-14;1952;633;67995;25600;19.5;7.4
16;2021-04-15;2102;984;70097;26584;20.1;7.6
16;2021-04-16;2043;788;72140;27372;20.7;7.9
16;2021-04-17;1507;90;73647;27462;21.2;7.9
16;2021-04-18;197;3;73844;27465;21.2;7.9
16;2021-04-19;1440;524;75284;27989;21.6;8.0
16;2021-04-20;2054;1233;77338;29222;22.2;8.4
16;2021-04-21;1777;749;79115;29971;22.7;8.6
16;2021-04-22;2292;1007;81407;30978;23.4;8.9
16;2021-04-23;2363;1172;83770;32150;24.1;9.2
16;2021-04-24;829;38;84599;32188;24.3;9.2
16;2021-04-25;117;7;84716;32195;24.3;9.2
16;2021-04-26;1401;809;86117;33004;24.7;9.5
16;2021-04-27;2057;1418;88174;34422;25.3;9.9
16;2021-04-28;1591;1129;89765;35551;25.8;10.2
16;2021-04-29;2250;1498;92015;37049;26.4;10.6
16;2021-04-30;2856;1342;94871;38391;27.2;11.0
16;2021-05-01;353;60;95224;38451;27.3;11.0
16;2021-05-02;155;13;95379;38464;27.4;11.0
16;2021-05-03;2611;537;97990;39001;28.1;11.2
16;2021-05-04;2061;2046;100051;41047;28.7;11.8
16;2021-05-05;1688;1831;101739;42878;29.2;12.3
16;2021-05-06;1888;2245;103627;45123;29.8;13.0
16;2021-05-07;3071;2124;106698;47247;30.6;13.6
16;2021-05-08;1198;468;107896;47715;31.0;13.7
16;2021-05-09;530;26;108426;47741;31.1;13.7
16;2021-05-10;1930;1625;110356;49366;31.7;14.2
16;2021-05-11;2354;1963;112710;51329;32.4;14.7
16;2021-05-12;1732;1799;114442;53128;32.9;15.3
16;2021-05-13;1461;355;115903;53483;33.3;15.4
16;2021-05-14;1989;1562;117892;55045;33.9;15.8
16;2021-05-15;596;896;118488;55941;34.0;16.1
16;2021-05-16;132;6;118620;55947;34.1;16.1
16;2021-05-17;1609;1286;120229;57233;34.5;16.4
16;2021-05-18;2759;1427;122988;58660;35.3;16.8
16;2021-05-19;2006;1239;124994;59899;35.9;17.2
16;2021-05-20;2833;1389;127827;61288;36.7;17.6
16;2021-05-21;2945;1400;130772;62688;37.6;18.0
16;2021-05-22;412;711;131184;63399;37.7;18.2
16;2021-05-23;210;11;131394;63410;37.7;18.2
16;2021-05-24;1262;234;132656;63644;38.1;18.3
16;2021-05-25;2762;1461;135418;65105;38.9;18.7
16;2021-05-26;1834;1188;137252;66293;39.4;19.0
16;2021-05-27;2418;1582;139670;67875;40.1;19.5
16;2021-05-28;2897;1569;142567;69444;40.9;19.9
16;2021-05-29;814;883;143381;70327;41.2;20.2
16;2021-05-30;1;4;143382;70331;41.2;20.2
16;2021-05-31;1984;1104;145366;71435;41.8;20.5
16;2021-06-01;2344;1715;147710;73150;42.4;21.0
16;2021-06-02;1822;1504;149532;74654;42.9;21.4
16;2021-06-03;2622;1762;152154;76416;43.7;21.9
16;2021-06-04;2834;2032;154988;78448;44.5;22.5
16;2021-06-05;1006;549;155994;78997;44.8;22.7
16;2021-06-06;161;28;156155;79025;44.8;22.7
16;2021-06-07;1991;1282;158146;80307;45.4;23.1
16;2021-06-08;2396;1998;160542;82305;46.1;23.6
16;2021-06-09;2529;1615;163071;83920;46.8;24.1
16;2021-06-10;2571;2005;165642;85925;47.6;24.7
16;2021-06-11;2152;2737;167794;88662;48.2;25.5
16;2021-06-12;1614;517;169408;89179;48.7;25.6
16;2021-06-13;261;72;169669;89251;48.7;25.6
16;2021-06-14;796;2797;170465;92048;49.0;26.4
16;2021-06-15;1865;2624;172330;94672;49.5;27.2
16;2021-06-16;1577;2087;173907;96759;49.9;27.8
16;2021-06-17;2041;2510;175948;99269;50.5;28.5
16;2021-06-18;2061;3220;178009;102489;51.1;29.4
16;2021-06-19;1352;1311;179361;103800;51.5;29.8
16;2021-06-20;243;28;179604;103828;51.6;29.8
16;2021-06-21;1411;2171;181015;105999;52.0;30.4
16;2021-06-22;1675;2943;182690;108942;52.5;31.3
16;2021-06-23;1566;2020;184256;110962;52.9;31.9
16;2021-06-24;1927;2167;186183;113129;53.5;32.5
16;2021-06-25;1983;2727;188166;115856;54.0;33.3
16;2021-06-26;1061;724;189227;116580;54.3;33.5
16;2021-06-27;132;25;189359;116605;54.4;33.5
16;2021-06-28;1164;1965;190523;118570;54.7;34.1
16;2021-06-29;1282;3358;191805;121928;55.1;35.0
16;2021-06-30;1337;2713;193142;124641;55.5;35.8
16;2021-07-01;1862;3158;195004;127799;56.0;36.7
16;2021-07-02;1425;3582;196429;131381;56.4;37.7
16;2021-07-03;695;1111;197124;132492;56.6;38.1
16;2021-07-04;3;15;197127;132507;56.6;38.1
16;2021-07-05;816;2297;197943;134804;56.9;38.7
16;2021-07-06;1278;3367;199221;138171;57.2;39.7
16;2021-07-07;868;2277;200089;140448;57.5;40.3
16;2021-07-08;1234;2737;201323;143185;57.8;41.1
16;2021-07-09;1111;3710;202434;146895;58.1;42.2
16;2021-07-10;338;1339;202772;148234;58.2;42.6
16;2021-07-11;2;13;202774;148247;58.2;42.6
16;2021-07-12;634;2440;203408;150687;58.4;43.3
16;2021-07-13;1391;3532;204799;154219;58.8;44.3
16;2021-07-14;799;877;205598;155096;59.0;44.5
16;2021-07-15;1249;3411;206847;158507;59.4;45.5
16;2021-07-16;1497;3385;208344;161892;59.8;46.5
16;2021-07-17;538;1188;208882;163080;60.0;46.8
16;2021-07-18;14;6;208896;163086;60.0;46.8
16;2021-07-19;618;2855;209514;165941;60.2;47.7
16;2021-07-20;1122;3289;210636;169230;60.5;48.6
16;2021-07-21;1118;2619;211754;171849;60.8;49.4
16;2021-07-22;1870;2864;213624;174713;61.4;50.2
16;2021-07-23;1542;3545;215166;178258;61.8;51.2
16;2021-07-24;638;1212;215804;179470;62.0;51.5
16;2021-07-25;11;11;215815;179481;62.0;51.5
16;2021-07-26;1527;2128;217342;181609;62.4;52.2
16;2021-07-27;1868;2820;219210;184429;63.0;53.0
16;2021-07-28;1860;2320;221070;186749;63.5;53.6
16;2021-07-29;2240;2476;223310;189225;64.1;54.3
16;2021-07-30;2349;3112;225659;192337;64.8;55.2
16;2021-07-31;958;1354;226617;193691;65.1;55.6
16;2021-08-01;188;22;226805;193713;65.1;55.6
16;2021-08-02;2116;1829;228921;195542;65.7;56.2
16;2021-08-03;2114;2337;231035;197879;66.4;56.8
16;2021-08-04;2114;1886;233149;199765;67.0;57.4
16;2021-08-05;2755;1656;235904;201421;67.8;57.8
16;2021-08-06;2504;2363;238408;203784;68.5;58.5
16;2021-08-07;829;559;239237;204343;68.7;58.7
16;2021-08-08;34;37;239271;204380;68.7;58.7
16;2021-08-09;2176;1061;241447;205441;69.3;59.0
16;2021-08-10;2884;1586;244331;207027;70.2;59.5
16;2021-08-11;2595;1236;246926;208263;70.9;59.8
16;2021-08-12;1994;1736;248920;209999;71.5;60.3
16;2021-08-13;2663;1463;251583;211462;72.3;60.7
16;2021-08-14;752;453;252335;211915;72.5;60.9
16;2021-08-15;27;4;252362;211919;72.5;60.9
16;2021-08-16;1333;1582;253695;213501;72.9;61.3
16;2021-08-17;1816;1623;255511;215124;73.4;61.8
16;2021-08-18;1585;1469;257096;216593;73.8;62.2
16;2021-08-19;1509;1774;258605;218367;74.3;62.7
16;2021-08-20;1599;1899;260204;220266;74.7;63.3
16;2021-08-21;558;826;260762;221092;74.9;63.5
16;2021-08-22;4;5;260766;221097;74.9;63.5
16;2021-08-23;988;2065;261754;223162;75.2;64.1
16;2021-08-24;1034;2376;262788;225538;75.5;64.8
16;2021-08-25;868;1774;263656;227312;75.7;65.3
17;2020-12-27;0;0;0;0;0.0;0.0
17;2020-12-28;0;0;0;0;0.0;0.0
17;2020-12-29;0;0;0;0;0.0;0.0
17;2020-12-30;1;0;1;0;0.0;0.0
17;2020-12-31;0;0;1;0;0.0;0.0
17;2021-01-01;1;0;2;0;0.0;0.0
17;2021-01-02;1;0;3;0;0.0;0.0
17;2021-01-03;0;0;3;0;0.0;0.0
17;2021-01-04;56;0;59;0;0.0;0.0
17;2021-01-05;98;0;157;0;0.0;0.0
17;2021-01-06;132;0;289;0;0.0;0.0
17;2021-01-07;485;1;774;1;0.1;0.0
17;2021-01-08;418;0;1192;1;0.2;0.0
17;2021-01-09;0;0;1192;1;0.2;0.0
17;2021-01-10;1;0;1193;1;0.2;0.0
17;2021-01-11;380;1;1573;2;0.2;0.0
17;2021-01-12;749;1;2322;3;0.4;0.0
17;2021-01-13;653;2;2975;5;0.5;0.0
17;2021-01-14;617;9;3592;14;0.6;0.0
17;2021-01-15;680;1;4272;15;0.7;0.0
17;2021-01-16;128;2;4400;17;0.7;0.0
17;2021-01-17;19;0;4419;17;0.7;0.0
17;2021-01-18;887;2;5306;19;0.8;0.0
17;2021-01-19;1910;3;7216;22;1.1;0.0
17;2021-01-20;2394;2;9610;24;1.5;0.0
17;2021-01-21;2499;3;12109;27;1.9;0.0
17;2021-01-22;1883;7;13992;34;2.2;0.0
17;2021-01-23;738;1;14730;35;2.3;0.0
17;2021-01-24;48;0;14778;35;2.3;0.0
17;2021-01-25;1383;5;16161;40;2.5;0.0
17;2021-01-26;2110;3;18271;43;2.8;0.0
17;2021-01-27;1675;33;19946;76;3.1;0.0
17;2021-01-28;2475;230;22421;306;3.5;0.0
17;2021-01-29;1739;221;24160;527;3.7;0.1
17;2021-01-30;528;5;24688;532;3.8;0.1
17;2021-01-31;37;2;24725;534;3.8;0.1
17;2021-02-01;740;210;25465;744;3.9;0.1
17;2021-02-02;1202;348;26667;1092;4.1;0.2
17;2021-02-03;1296;400;27963;1492;4.3;0.2
17;2021-02-04;1160;502;29123;1994;4.5;0.3
17;2021-02-05;603;757;29726;2751;4.6;0.4
17;2021-02-06;22;42;29748;2793;4.6;0.4
17;2021-02-07;31;13;29779;2806;4.6;0.4
17;2021-02-08;706;404;30485;3210;4.7;0.5
17;2021-02-09;1100;1317;31585;4527;4.9;0.7
17;2021-02-10;863;1286;32448;5813;5.0;0.9
17;2021-02-11;1241;1400;33689;7213;5.2;1.1
17;2021-02-12;771;967;34460;8180;5.3;1.3
17;2021-02-13;43;104;34503;8284;5.3;1.3
17;2021-02-14;1;10;34504;8294;5.3;1.3
17;2021-02-15;620;1225;35124;9519;5.4;1.5
17;2021-02-16;749;1830;35873;11349;5.5;1.8
17;2021-02-17;795;1358;36668;12707;5.7;2.0
17;2021-02-18;967;2185;37635;14892;5.8;2.3
17;2021-02-19;1067;1543;38702;16435;6.0;2.5
17;2021-02-20;104;310;38806;16745;6.0;2.6
17;2021-02-21;9;2;38815;16747;6.0;2.6
17;2021-02-22;646;1630;39461;18377;6.1;2.8
17;2021-02-23;781;1535;40242;19912;6.2;3.1
17;2021-02-24;1079;1588;41321;21500;6.4;3.3
17;2021-02-25;1086;1709;42407;23209;6.6;3.6
17;2021-02-26;1307;1295;43714;24504;6.8;3.8
17;2021-02-27;527;247;44241;24751;6.8;3.8
17;2021-02-28;19;9;44260;24760;6.8;3.8
17;2021-03-01;634;1042;44894;25802;6.9;4.0
17;2021-03-02;1094;870;45988;26672;7.1;4.1
17;2021-03-03;1619;797;47607;27469;7.4;4.2
17;2021-03-04;2426;1142;50033;28611;7.7;4.4
17;2021-03-05;2662;680;52695;29291;8.1;4.5
17;2021-03-06;1029;27;53724;29318;8.3;4.5
17;2021-03-07;183;47;53907;29365;8.3;4.5
17;2021-03-08;1014;831;54921;30196;8.5;4.7
17;2021-03-09;1746;616;56667;30812;8.8;4.8
17;2021-03-10;2047;643;58714;31455;9.1;4.9
17;2021-03-11;3227;999;61941;32454;9.6;5.0
17;2021-03-12;3356;626;65297;33080;10.1;5.1
17;2021-03-13;1201;12;66498;33092;10.3;5.1
17;2021-03-14;32;0;66530;33092;10.3;5.1
17;2021-03-15;1241;994;67771;34086;10.5;5.3
17;2021-03-16;893;537;68664;34623;10.6;5.4
17;2021-03-17;1459;704;70123;35327;10.8;5.5
17;2021-03-18;1683;764;71806;36091;11.1;5.6
17;2021-03-19;2096;547;73902;36638;11.4;5.7
17;2021-03-20;1083;56;74985;36694;11.6;5.7
17;2021-03-21;37;43;75022;36737;11.6;5.7
17;2021-03-22;1578;690;76600;37427;11.8;5.8
17;2021-03-23;2492;581;79092;38008;12.2;5.9
17;2021-03-24;3545;856;82637;38864;12.8;6.0
17;2021-03-25;4713;643;87350;39507;13.5;6.1
17;2021-03-26;4943;476;92293;39983;14.3;6.2
17;2021-03-27;1737;69;94030;40052;14.5;6.2
17;2021-03-28;369;45;94399;40097;14.6;6.2
17;2021-03-29;2361;566;96760;40663;15.0;6.3
17;2021-03-30;2655;987;99415;41650;15.4;6.4
17;2021-03-31;3842;904;103257;42554;16.0;6.6
17;2021-04-01;4013;1164;107270;43718;16.6;6.8
17;2021-04-02;3708;834;110978;44552;17.2;6.9
17;2021-04-03;1152;187;112130;44739;17.3;6.9
17;2021-04-04;501;6;112631;44745;17.4;6.9
17;2021-04-05;444;128;113075;44873;17.5;6.9
17;2021-04-06;3481;1029;116556;45902;18.0;7.1
17;2021-04-07;4129;1154;120685;47056;18.7;7.3
17;2021-04-08;4570;1477;125255;48533;19.4;7.5
17;2021-04-09;6494;839;131749;49372;20.4;7.6
17;2021-04-10;2583;68;134332;49440;20.8;7.6
17;2021-04-11;788;16;135120;49456;20.9;7.6
17;2021-04-12;2888;1620;138008;51076;21.3;7.9
17;2021-04-13;4151;1288;142159;52364;22.0;8.1
17;2021-04-14;4420;1207;146579;53571;22.7;8.3
17;2021-04-15;4600;1137;151179;54708;23.4;8.5
17;2021-04-16;4297;1154;155476;55862;24.0;8.6
17;2021-04-17;1682;382;157158;56244;24.3;8.7
17;2021-04-18;472;81;157630;56325;24.4;8.7
17;2021-04-19;2340;2061;159970;58386;24.7;9.0
17;2021-04-20;2926;2553;162896;60939;25.2;9.4
17;2021-04-21;2973;1941;165869;62880;25.6;9.7
17;2021-04-22;3122;2360;168991;65240;26.1;10.1
17;2021-04-23;2447;2729;171438;67969;26.5;10.5
17;2021-04-24;1669;926;173107;68895;26.8;10.6
17;2021-04-25;665;246;173772;69141;26.9;10.7
17;2021-04-26;2578;2627;176350;71768;27.3;11.1
17;2021-04-27;3153;2673;179503;74441;27.7;11.5
17;2021-04-28;3101;2941;182604;77382;28.2;12.0
17;2021-04-29;4149;2863;186753;80245;28.9;12.4
17;2021-04-30;4355;2637;191108;82882;29.5;12.8
17;2021-05-01;848;542;191956;83424;29.7;12.9
17;2021-05-02;553;840;192509;84264;29.8;13.0
17;2021-05-03;2543;2960;195052;87224;30.1;13.5
17;2021-05-04;2318;3728;197370;90952;30.5;14.1
17;2021-05-05;2909;3703;200279;94655;31.0;14.6
17;2021-05-06;4122;3407;204401;98062;31.6;15.2
17;2021-05-07;4354;3631;208755;101693;32.3;15.7
17;2021-05-08;1306;754;210061;102447;32.5;15.8
17;2021-05-09;1309;705;211370;103152;32.7;15.9
17;2021-05-10;2726;3693;214096;106845;33.1;16.5
17;2021-05-11;3501;3997;217597;110842;33.6;17.1
17;2021-05-12;3531;3812;221128;114654;34.2;17.7
17;2021-05-13;2545;693;223673;115347;34.6;17.8
17;2021-05-14;3032;2396;226705;117743;35.0;18.2
17;2021-05-15;2128;663;228833;118406;35.4;18.3
17;2021-05-16;1735;318;230568;118724;35.6;18.3
17;2021-05-17;4289;1999;234857;120723;36.3;18.7
17;2021-05-18;4746;1637;239603;122360;37.0;18.9
17;2021-05-19;5068;1276;244671;123636;37.8;19.1
17;2021-05-20;4943;1950;249614;125586;38.6;19.4
17;2021-05-21;5000;1958;254614;127544;39.3;19.7
17;2021-05-22;2393;533;257007;128077;39.7;19.8
17;2021-05-23;1899;129;258906;128206;40.0;19.8
17;2021-05-24;1426;208;260332;128414;40.2;19.8
17;2021-05-25;4030;1770;264362;130184;40.9;20.1
17;2021-05-26;4366;2041;268728;132225;41.5;20.4
17;2021-05-27;5216;2139;273944;134364;42.3;20.8
17;2021-05-28;4468;3436;278412;137800;43.0;21.3
17;2021-05-29;1560;1707;279972;139507;43.3;21.6
17;2021-05-30;857;410;280829;139917;43.4;21.6
17;2021-05-31;2945;3013;283774;142930;43.9;22.1
17;2021-06-01;4296;2926;288070;145856;44.5;22.5
17;2021-06-02;4201;3176;292271;149032;45.2;23.0
17;2021-06-03;5055;3167;297326;152199;45.9;23.5
17;2021-06-04;4515;3854;301841;156053;46.6;24.1
17;2021-06-05;1991;1602;303832;157655;47.0;24.4
17;2021-06-06;851;733;304683;158388;47.1;24.5
17;2021-06-07;3139;4347;307822;162735;47.6;25.1
17;2021-06-08;3789;4497;311611;167232;48.2;25.8
17;2021-06-09;4346;3055;315957;170287;48.8;26.3
17;2021-06-10;4929;2793;320886;173080;49.6;26.7
17;2021-06-11;4792;3689;325678;176769;50.3;27.3
17;2021-06-12;1812;1404;327490;178173;50.6;27.5
17;2021-06-13;610;415;328100;178588;50.7;27.6
17;2021-06-14;2834;4536;330934;183124;51.1;28.3
17;2021-06-15;3624;4379;334558;187503;51.7;29.0
17;2021-06-16;4132;3692;338690;191195;52.3;29.5
17;2021-06-17;4368;4125;343058;195320;53.0;30.2
17;2021-06-18;4054;4438;347112;199758;53.6;30.9
17;2021-06-19;1450;1990;348562;201748;53.9;31.2
17;2021-06-20;595;1035;349157;202783;54.0;31.3
17;2021-06-21;2563;4373;351720;207156;54.4;32.0
17;2021-06-22;3528;4450;355248;211606;54.9;32.7
17;2021-06-23;3796;3992;359044;215598;55.5;33.3
17;2021-06-24;3600;3960;362644;219558;56.0;33.9
17;2021-06-25;2719;4988;365363;224546;56.5;34.7
17;2021-06-26;906;2335;366269;226881;56.6;35.1
17;2021-06-27;395;1903;366664;228784;56.7;35.4
17;2021-06-28;1523;5418;368187;234202;56.9;36.2
17;2021-06-29;1684;5891;369871;240093;57.2;37.1
17;2021-06-30;2030;5549;371901;245642;57.5;38.0
17;2021-07-01;2265;5559;374166;251201;57.8;38.8
17;2021-07-02;2486;5985;376652;257186;58.2;39.7
17;2021-07-03;627;2546;377279;259732;58.3;40.1
17;2021-07-04;155;1249;377434;260981;58.3;40.3
17;2021-07-05;1890;5179;379324;266160;58.6;41.1
17;2021-07-06;2132;5600;381456;271760;59.0;42.0
17;2021-07-07;2407;5497;383863;277257;59.3;42.8
17;2021-07-08;2914;5439;386777;282696;59.8;43.7
17;2021-07-09;2522;6079;389299;288775;60.2;44.6
17;2021-07-10;828;2473;390127;291248;60.3;45.0
17;2021-07-11;380;907;390507;292155;60.3;45.1
17;2021-07-12;2006;5620;392513;297775;60.7;46.0
17;2021-07-13;2372;6716;394885;304491;61.0;47.1
17;2021-07-14;71;71;394956;304562;61.0;47.1
17;2021-07-15;2192;6858;397148;311420;61.4;48.1
17;2021-07-16;2776;6972;399924;318392;61.8;49.2
17;2021-07-17;1007;2275;400931;320667;62.0;49.6
17;2021-07-18;313;1038;401244;321705;62.0;49.7
17;2021-07-19;2635;5907;403879;327612;62.4;50.6
17;2021-07-20;3315;6315;407194;333927;62.9;51.6
17;2021-07-21;3801;6032;410995;339959;63.5;52.5
17;2021-07-22;4246;6275;415241;346234;64.2;53.5
17;2021-07-23;3829;6566;419070;352800;64.8;54.5
17;2021-07-24;2069;1400;421139;354200;65.1;54.7
17;2021-07-25;1043;416;422182;354616;65.2;54.8
17;2021-07-26;3689;5433;425871;360049;65.8;55.6
17;2021-07-27;4727;5438;430598;365487;66.5;56.5
17;2021-07-28;5213;5174;435811;370661;67.4;57.3
17;2021-07-29;5155;5344;440966;376005;68.1;58.1
17;2021-07-30;5490;5576;446456;381581;69.0;59.0
17;2021-07-31;2114;1212;448570;382793;69.3;59.2
17;2021-08-01;1091;357;449661;383150;69.5;59.2
17;2021-08-02;4607;4391;454268;387541;70.2;59.9
17;2021-08-03;5728;4163;459996;391704;71.1;60.5
17;2021-08-04;6177;3374;466173;395078;72.0;61.1
17;2021-08-05;6350;3155;472523;398233;73.0;61.5
17;2021-08-06;5859;3607;478382;401840;73.9;62.1
17;2021-08-07;1969;864;480351;402704;74.2;62.2
17;2021-08-08;970;219;481321;402923;74.4;62.3
17;2021-08-09;3899;3696;485220;406619;75.0;62.8
17;2021-08-10;5056;3492;490276;410111;75.8;63.4
17;2021-08-11;4892;3809;495168;413920;76.5;64.0
17;2021-08-12;4855;3953;500023;417873;77.3;64.6
17;2021-08-13;4497;4137;504520;422010;78.0;65.2
17;2021-08-14;1227;1380;505747;423390;78.2;65.4
17;2021-08-15;404;377;506151;423767;78.2;65.5
17;2021-08-16;2814;4061;508965;427828;78.7;66.1
17;2021-08-17;3037;4280;512002;432108;79.1;66.8
17;2021-08-18;2615;4547;514617;436655;79.5;67.5
17;2021-08-19;2704;4378;517321;441033;79.9;68.2
17;2021-08-20;2476;5023;519797;446056;80.3;68.9
17;2021-08-21;683;1353;520480;447409;80.4;69.1
17;2021-08-22;216;457;520696;447866;80.5;69.2
17;2021-08-23;1959;4951;522655;452817;80.8;70.0
17;2021-08-24;1903;5088;524558;457905;81.1;70.8
17;2021-08-25;1639;5496;526197;463401;81.3;71.6
18;2020-12-27;0;0;0;0;0.0;0.0
18;2020-12-28;0;0;0;0;0.0;0.0
18;2020-12-29;0;0;0;0;0.0;0.0
18;2020-12-30;1;0;1;0;0.0;0.0
18;2020-12-31;0;0;1;0;0.0;0.0
18;2021-01-01;0;0;1;0;0.0;0.0
18;2021-01-02;0;0;1;0;0.0;0.0
18;2021-01-03;0;0;1;0;0.0;0.0
18;2021-01-04;3;0;4;0;0.0;0.0
18;2021-01-05;0;0;4;0;0.0;0.0
18;2021-01-06;1;0;5;0;0.0;0.0
18;2021-01-07;30;1;35;1;0.0;0.0
18;2021-01-08;65;0;100;1;0.0;0.0
18;2021-01-09;225;0;325;1;0.1;0.0
18;2021-01-10;146;0;471;1;0.2;0.0
18;2021-01-11;170;1;641;2;0.2;0.0
18;2021-01-12;372;0;1013;2;0.3;0.0
18;2021-01-13;270;2;1283;4;0.4;0.0
18;2021-01-14;269;2;1552;6;0.5;0.0
18;2021-01-15;332;2;1884;8;0.6;0.0
18;2021-01-16;288;3;2172;11;0.7;0.0
18;2021-01-17;1;0;2173;11;0.7;0.0
18;2021-01-18;290;0;2463;11;0.8;0.0
18;2021-01-19;1374;4;3837;15;1.3;0.0
18;2021-01-20;1239;2;5076;17;1.7;0.0
18;2021-01-21;963;0;6039;17;2.0;0.0
18;2021-01-22;780;2;6819;19;2.3;0.0
18;2021-01-23;249;2;7068;21;2.4;0.0
18;2021-01-24;0;0;7068;21;2.4;0.0
18;2021-01-25;509;0;7577;21;2.6;0.0
18;2021-01-26;395;1;7972;22;2.7;0.0
18;2021-01-27;390;2;8362;24;2.8;0.0
18;2021-01-28;566;8;8928;32;3.0;0.0
18;2021-01-29;492;72;9420;104;3.2;0.0
18;2021-01-30;433;164;9853;268;3.3;0.1
18;2021-01-31;82;121;9935;389;3.4;0.1
18;2021-02-01;328;142;10263;531;3.5;0.2
18;2021-02-02;507;242;10770;773;3.6;0.3
18;2021-02-03;398;204;11168;977;3.8;0.3
18;2021-02-04;630;226;11798;1203;4.0;0.4
18;2021-02-05;449;194;12247;1397;4.1;0.5
18;2021-02-06;283;103;12530;1500;4.2;0.5
18;2021-02-07;108;1;12638;1501;4.3;0.5
18;2021-02-08;268;230;12906;1731;4.4;0.6
18;2021-02-09;583;781;13489;2512;4.6;0.8
18;2021-02-10;740;698;14229;3210;4.8;1.1
18;2021-02-11;655;451;14884;3661;5.0;1.2
18;2021-02-12;502;326;15386;3987;5.2;1.3
18;2021-02-13;286;124;15672;4111;5.3;1.4
18;2021-02-14;364;98;16036;4209;5.4;1.4
18;2021-02-15;379;395;16415;4604;5.5;1.6
18;2021-02-16;399;402;16814;5006;5.7;1.7
18;2021-02-17;403;457;17217;5463;5.8;1.8
18;2021-02-18;344;539;17561;6002;5.9;2.0
18;2021-02-19;471;303;18032;6305;6.1;2.1
18;2021-02-20;721;240;18753;6545;6.3;2.2
18;2021-02-21;316;2;19069;6547;6.4;2.2
18;2021-02-22;217;370;19286;6917;6.5;2.3
18;2021-02-23;204;351;19490;7268;6.6;2.5
18;2021-02-24;240;271;19730;7539;6.7;2.5
18;2021-02-25;293;519;20023;8058;6.8;2.7
18;2021-02-26;582;236;20605;8294;7.0;2.8
18;2021-02-27;510;389;21115;8683;7.1;2.9
18;2021-02-28;7;68;21122;8751;7.1;3.0
18;2021-03-01;236;415;21358;9166;7.2;3.1
18;2021-03-02;284;520;21642;9686;7.3;3.3
18;2021-03-03;346;586;21988;10272;7.4;3.5
18;2021-03-04;475;571;22463;10843;7.6;3.7
18;2021-03-05;524;372;22987;11215;7.8;3.8
18;2021-03-06;1071;344;24058;11559;8.1;3.9
18;2021-03-07;7;140;24065;11699;8.1;3.9
18;2021-03-08;335;361;24400;12060;8.2;4.1
18;2021-03-09;410;368;24810;12428;8.4;4.2
18;2021-03-10;423;454;25233;12882;8.5;4.3
18;2021-03-11;518;422;25751;13304;8.7;4.5
18;2021-03-12;704;304;26455;13608;8.9;4.6
18;2021-03-13;1164;252;27619;13860;9.3;4.7
18;2021-03-14;301;214;27920;14074;9.4;4.7
18;2021-03-15;491;381;28411;14455;9.6;4.9
18;2021-03-16;392;313;28803;14768;9.7;5.0
18;2021-03-17;383;416;29186;15184;9.8;5.1
18;2021-03-18;512;230;29698;15414;10.0;5.2
18;2021-03-19;756;227;30454;15641;10.3;5.3
18;2021-03-20;986;620;31440;16261;10.6;5.5
18;2021-03-21;308;308;31748;16569;10.7;5.6
18;2021-03-22;602;297;32350;16866;10.9;5.7
18;2021-03-23;706;294;33056;17160;11.2;5.8
18;2021-03-24;1052;298;34108;17458;11.5;5.9
18;2021-03-25;1049;301;35157;17759;11.9;6.0
18;2021-03-26;1210;348;36367;18107;12.3;6.1
18;2021-03-27;1489;321;37856;18428;12.8;6.2
18;2021-03-28;215;0;38071;18428;12.8;6.2
18;2021-03-29;1101;199;39172;18627;13.2;6.3
18;2021-03-30;1084;305;40256;18932;13.6;6.4
18;2021-03-31;1305;254;41561;19186;14.0;6.5
18;2021-04-01;1376;346;42937;19532;14.5;6.6
18;2021-04-02;1229;311;44166;19843;14.9;6.7
18;2021-04-03;581;181;44747;20024;15.1;6.8
18;2021-04-04;71;5;44818;20029;15.1;6.8
18;2021-04-05;199;0;45017;20029;15.2;6.8
18;2021-04-06;1026;349;46043;20378;15.5;6.9
18;2021-04-07;1322;363;47365;20741;16.0;7.0
18;2021-04-08;1692;345;49057;21086;16.6;7.1
18;2021-04-09;1833;283;50890;21369;17.2;7.2
18;2021-04-10;2633;651;53523;22020;18.1;7.4
18;2021-04-11;1985;314;55508;22334;18.7;7.5
18;2021-04-12;1402;399;56910;22733;19.2;7.7
18;2021-04-13;1784;469;58694;23202;19.8;7.8
18;2021-04-14;1378;518;60072;23720;20.3;8.0
18;2021-04-15;1532;530;61604;24250;20.8;8.2
18;2021-04-16;1614;593;63218;24843;21.3;8.4
18;2021-04-17;1599;520;64817;25363;21.9;8.6
18;2021-04-18;377;232;65194;25595;22.0;8.6
18;2021-04-19;1316;592;66510;26187;22.4;8.8
18;2021-04-20;1445;710;67955;26897;22.9;9.1
18;2021-04-21;1272;909;69227;27806;23.4;9.4
18;2021-04-22;1403;703;70630;28509;23.8;9.6
18;2021-04-23;1386;734;72016;29243;24.3;9.9
18;2021-04-24;1355;1268;73371;30511;24.8;10.3
18;2021-04-25;288;217;73659;30728;24.9;10.4
18;2021-04-26;1205;952;74864;31680;25.3;10.7
18;2021-04-27;1545;764;76409;32444;25.8;10.9
18;2021-04-28;1357;876;77766;33320;26.2;11.2
18;2021-04-29;1850;735;79616;34055;26.9;11.5
18;2021-04-30;1570;997;81186;35052;27.4;11.8
18;2021-05-01;788;211;81974;35263;27.7;11.9
18;2021-05-02;806;60;82780;35323;27.9;11.9
18;2021-05-03;1627;1011;84407;36334;28.5;12.3
18;2021-05-04;1731;1284;86138;37618;29.1;12.7
18;2021-05-05;1735;1215;87873;38833;29.6;13.1
18;2021-05-06;2163;1365;90036;40198;30.4;13.6
18;2021-05-07;1234;1402;91270;41600;30.8;14.0
18;2021-05-08;994;1466;92264;43066;31.1;14.5
18;2021-05-09;501;2259;92765;45325;31.3;15.3
18;2021-05-10;1158;1509;93923;46834;31.7;15.8
18;2021-05-11;1696;1751;95619;48585;32.3;16.4
18;2021-05-12;1808;1492;97427;50077;32.9;16.9
18;2021-05-13;1061;370;98488;50447;33.2;17.0
18;2021-05-14;1346;946;99834;51393;33.7;17.3
18;2021-05-15;1810;1163;101644;52556;34.3;17.7
18;2021-05-16;538;582;102182;53138;34.5;17.9
18;2021-05-17;1245;1091;103427;54229;34.9;18.3
18;2021-05-18;2148;935;105575;55164;35.6;18.6
18;2021-05-19;2162;918;107737;56082;36.3;18.9
18;2021-05-20;2277;984;110014;57066;37.1;19.3
18;2021-05-21;1497;764;111511;57830;37.6;19.5
18;2021-05-22;1724;1074;113235;58904;38.2;19.9
18;2021-05-23;485;336;113720;59240;38.4;20.0
18;2021-05-24;462;292;114182;59532;38.5;20.1
18;2021-05-25;1844;1064;116026;60596;39.1;20.4
18;2021-05-26;2153;844;118179;61440;39.9;20.7
18;2021-05-27;2208;1232;120387;62672;40.6;21.1
18;2021-05-28;1713;1306;122100;63978;41.2;21.6
18;2021-05-29;2619;1660;124719;65638;42.1;22.1
18;2021-05-30;1484;505;126203;66143;42.6;22.3
18;2021-05-31;1786;693;127989;66836;43.2;22.5
18;2021-06-01;2040;949;130029;67785;43.9;22.9
18;2021-06-02;2009;1022;132038;68807;44.5;23.2
18;2021-06-03;2283;1198;134321;70005;45.3;23.6
18;2021-06-04;1909;1124;136230;71129;46.0;24.0
18;2021-06-05;2802;1450;139032;72579;46.9;24.5
18;2021-06-06;365;381;139397;72960;47.0;24.6
18;2021-06-07;1296;1233;140693;74193;47.5;25.0
18;2021-06-08;1491;1395;142184;75588;48.0;25.5
18;2021-06-09;1328;1067;143512;76655;48.4;25.9
18;2021-06-10;1631;1406;145143;78061;49.0;26.3
18;2021-06-11;1496;1403;146639;79464;49.5;26.8
18;2021-06-12;1244;2511;147883;81975;49.9;27.7
18;2021-06-13;126;262;148009;82237;49.9;27.7
18;2021-06-14;657;1828;148666;84065;50.2;28.4
18;2021-06-15;1093;1822;149759;85887;50.5;29.0
18;2021-06-16;1256;1440;151015;87327;50.9;29.5
18;2021-06-17;1205;1670;152220;88997;51.4;30.0
18;2021-06-18;1292;1667;153512;90664;51.8;30.6
18;2021-06-19;1564;1251;155076;91915;52.3;31.0
18;2021-06-20;246;159;155322;92074;52.4;31.1
18;2021-06-21;665;1601;155987;93675;52.6;31.6
18;2021-06-22;1068;1644;157055;95319;53.0;32.2
18;2021-06-23;944;1642;157999;96961;53.3;32.7
18;2021-06-24;1033;1062;159032;98023;53.7;33.1
18;2021-06-25;893;1744;159925;99767;54.0;33.7
18;2021-06-26;1098;1472;161023;101239;54.3;34.2
18;2021-06-27;30;372;161053;101611;54.3;34.3
18;2021-06-28;421;1924;161474;103535;54.5;34.9
18;2021-06-29;595;2379;162069;105914;54.7;35.7
18;2021-06-30;601;2544;162670;108458;54.9;36.6
18;2021-07-01;961;2156;163631;110614;55.2;37.3
18;2021-07-02;615;1685;164246;112299;55.4;37.9
18;2021-07-03;755;2576;165001;114875;55.7;38.8
18;2021-07-04;164;1033;165165;115908;55.7;39.1
18;2021-07-05;765;1877;165930;117785;56.0;39.7
18;2021-07-06;560;2303;166490;120088;56.2;40.5
18;2021-07-07;767;2115;167257;122203;56.4;41.2
18;2021-07-08;1031;1984;168288;124187;56.8;41.9
18;2021-07-09;704;2309;168992;126496;57.0;42.7
18;2021-07-10;781;3175;169773;129671;57.3;43.7
18;2021-07-11;81;665;169854;130336;57.3;44.0
18;2021-07-12;223;2252;170077;132588;57.4;44.7
18;2021-07-13;619;2906;170696;135494;57.6;45.7
18;2021-07-14;194;937;170890;136431;57.7;46.0
18;2021-07-15;1394;2816;172284;139247;58.1;47.0
18;2021-07-16;1183;2121;173467;141368;58.5;47.7
18;2021-07-17;1129;2473;174596;143841;58.9;48.5
18;2021-07-18;229;332;174825;144173;59.0;48.6
18;2021-07-19;1056;1659;175881;145832;59.3;49.2
18;2021-07-20;1624;2268;177505;148100;59.9;50.0
18;2021-07-21;1902;2063;179407;150163;60.5;50.7
18;2021-07-22;2214;1896;181621;152059;61.3;51.3
18;2021-07-23;1398;1612;183019;153671;61.7;51.8
18;2021-07-24;890;1535;183909;155206;62.0;52.4
18;2021-07-25;192;398;184101;155604;62.1;52.5
18;2021-07-26;1398;1508;185499;157112;62.6;53.0
18;2021-07-27;1824;1540;187323;158652;63.2;53.5
18;2021-07-28;2199;1795;189522;160447;63.9;54.1
18;2021-07-29;2140;1818;191662;162265;64.7;54.7
18;2021-07-30;1581;1344;193243;163609;65.2;55.2
18;2021-07-31;1235;1285;194478;164894;65.6;55.6
18;2021-08-01;90;34;194568;164928;65.6;55.6
18;2021-08-02;1408;766;195976;165694;66.1;55.9
18;2021-08-03;1715;1626;197691;167320;66.7;56.4
18;2021-08-04;2416;1099;200107;168419;67.5;56.8
18;2021-08-05;1520;1244;201627;169663;68.0;57.2
18;2021-08-06;1576;1142;203203;170805;68.6;57.6
18;2021-08-07;608;762;203811;171567;68.8;57.9
18;2021-08-08;48;60;203859;171627;68.8;57.9
18;2021-08-09;1103;874;204962;172501;69.1;58.2
18;2021-08-10;1204;1511;206166;174012;69.6;58.7
18;2021-08-11;1603;1503;207769;175515;70.1;59.2
18;2021-08-12;1548;1594;209317;177109;70.6;59.8
18;2021-08-13;1081;1167;210398;178276;71.0;60.1
18;2021-08-14;757;602;211155;178878;71.2;60.3
18;2021-08-15;35;17;211190;178895;71.3;60.4
18;2021-08-16;826;1201;212016;180096;71.5;60.8
18;2021-08-17;978;1996;212994;182092;71.9;61.4
18;2021-08-18;1152;1957;214146;184049;72.2;62.1
18;2021-08-19;1088;1609;215234;185658;72.6;62.6
18;2021-08-20;911;1756;216145;187414;72.9;63.2
18;2021-08-21;420;703;216565;188117;73.1;63.5
18;2021-08-22;21;73;216586;188190;73.1;63.5
18;2021-08-23;484;1677;217070;189867;73.2;64.1
18;2021-08-24;901;1492;217971;191359;73.5;64.6
18;2021-08-25;829;1858;218800;193217;73.8;65.2
19;2020-12-27;0;0;0;0;0.0;0.0
19;2020-12-28;0;0;0;0;0.0;0.0
19;2020-12-29;1;0;1;0;0.0;0.0
19;2020-12-30;0;0;1;0;0.0;0.0
19;2020-12-31;0;0;1;0;0.0;0.0
19;2021-01-01;0;0;1;0;0.0;0.0
19;2021-01-02;0;0;1;0;0.0;0.0
19;2021-01-03;0;0;1;0;0.0;0.0
19;2021-01-04;0;0;1;0;0.0;0.0
19;2021-01-05;0;0;1;0;0.0;0.0
19;2021-01-06;0;0;1;0;0.0;0.0
19;2021-01-07;343;1;344;1;0.1;0.0
19;2021-01-08;247;1;591;2;0.2;0.0
19;2021-01-09;1;0;592;2;0.2;0.0
19;2021-01-10;1;0;593;2;0.2;0.0
19;2021-01-11;38;0;631;2;0.3;0.0
19;2021-01-12;415;1;1046;3;0.4;0.0
19;2021-01-13;424;2;1470;5;0.6;0.0
19;2021-01-14;475;1;1945;6;0.8;0.0
19;2021-01-15;226;0;2171;6;0.9;0.0
19;2021-01-16;0;0;2171;6;0.9;0.0
19;2021-01-17;1;0;2172;6;0.9;0.0
19;2021-01-18;251;1;2423;7;1.0;0.0
19;2021-01-19;519;0;2942;7;1.2;0.0
19;2021-01-20;922;4;3864;11;1.6;0.0
19;2021-01-21;506;4;4370;15;1.8;0.0
19;2021-01-22;1317;4;5687;19;2.4;0.0
19;2021-01-23;281;0;5968;19;2.5;0.0
19;2021-01-24;36;0;6004;19;2.5;0.0
19;2021-01-25;233;0;6237;19;2.6;0.0
19;2021-01-26;607;4;6844;23;2.8;0.0
19;2021-01-27;334;3;7178;26;3.0;0.0
19;2021-01-28;297;251;7475;277;3.1;0.1
19;2021-01-29;348;61;7823;338;3.3;0.1
19;2021-01-30;130;24;7953;362;3.3;0.2
19;2021-01-31;41;0;7994;362;3.3;0.2
19;2021-02-01;158;95;8152;457;3.4;0.2
19;2021-02-02;303;429;8455;886;3.5;0.4
19;2021-02-03;284;244;8739;1130;3.6;0.5
19;2021-02-04;255;375;8994;1505;3.7;0.6
19;2021-02-05;310;76;9304;1581;3.9;0.7
19;2021-02-06;211;2;9515;1583;4.0;0.7
19;2021-02-07;48;2;9563;1585;4.0;0.7
19;2021-02-08;177;150;9740;1735;4.1;0.7
19;2021-02-09;333;275;10073;2010;4.2;0.8
19;2021-02-10;517;295;10590;2305;4.4;1.0
19;2021-02-11;412;321;11002;2626;4.6;1.1
19;2021-02-12;797;1162;11799;3788;4.9;1.6
19;2021-02-13;352;184;12151;3972;5.1;1.7
19;2021-02-14;98;13;12249;3985;5.1;1.7
19;2021-02-15;200;246;12449;4231;5.2;1.8
19;2021-02-16;386;172;12835;4403;5.3;1.8
19;2021-02-17;306;469;13141;4872;5.5;2.0
19;2021-02-18;174;510;13315;5382;5.5;2.2
19;2021-02-19;469;302;13784;5684;5.7;2.4
19;2021-02-20;133;209;13917;5893;5.8;2.5
19;2021-02-21;20;40;13937;5933;5.8;2.5
19;2021-02-22;220;210;14157;6143;5.9;2.6
19;2021-02-23;268;345;14425;6488;6.0;2.7
19;2021-02-24;361;209;14786;6697;6.2;2.8
19;2021-02-25;519;383;15305;7080;6.4;2.9
19;2021-02-26;395;318;15700;7398;6.5;3.1
19;2021-02-27;348;162;16048;7560;6.7;3.1
19;2021-02-28;68;36;16116;7596;6.7;3.2
19;2021-03-01;266;221;16382;7817;6.8;3.3
19;2021-03-02;428;259;16810;8076;7.0;3.4
19;2021-03-03;692;339;17502;8415;7.3;3.5
19;2021-03-04;826;352;18328;8767;7.6;3.6
19;2021-03-05;891;736;19219;9503;8.0;4.0
19;2021-03-06;1072;216;20291;9719;8.4;4.0
19;2021-03-07;463;37;20754;9756;8.6;4.1
19;2021-03-08;638;163;21392;9919;8.9;4.1
19;2021-03-09;836;246;22228;10165;9.2;4.2
19;2021-03-10;1155;321;23383;10486;9.7;4.4
19;2021-03-11;1274;309;24657;10795;10.3;4.5
19;2021-03-12;1137;405;25794;11200;10.7;4.7
19;2021-03-13;1111;168;26905;11368;11.2;4.7
19;2021-03-14;160;84;27065;11452;11.3;4.8
19;2021-03-15;699;137;27764;11589;11.6;4.8
19;2021-03-16;688;303;28452;11892;11.8;4.9
19;2021-03-17;839;280;29291;12172;12.2;5.1
19;2021-03-18;767;283;30058;12455;12.5;5.2
19;2021-03-19;1014;489;31072;12944;12.9;5.4
19;2021-03-20;783;131;31855;13075;13.3;5.4
19;2021-03-21;128;4;31983;13079;13.3;5.4
19;2021-03-22;548;176;32531;13255;13.5;5.5
19;2021-03-23;1045;233;33576;13488;14.0;5.6
19;2021-03-24;1171;374;34747;13862;14.5;5.8
19;2021-03-25;1189;415;35936;14277;15.0;5.9
19;2021-03-26;1323;277;37259;14554;15.5;6.1
19;2021-03-27;854;189;38113;14743;15.9;6.1
19;2021-03-28;63;60;38176;14803;15.9;6.2
19;2021-03-29;612;177;38788;14980;16.1;6.2
19;2021-03-30;971;345;39759;15325;16.5;6.4
19;2021-03-31;1157;498;40916;15823;17.0;6.6
19;2021-04-01;1491;427;42407;16250;17.6;6.8
19;2021-04-02;1007;525;43414;16775;18.1;7.0
19;2021-04-03;597;283;44011;17058;18.3;7.1
19;2021-04-04;130;3;44141;17061;18.4;7.1
19;2021-04-05;40;75;44181;17136;18.4;7.1
19;2021-04-06;735;603;44916;17739;18.7;7.4
19;2021-04-07;978;732;45894;18471;19.1;7.7
19;2021-04-08;1116;1018;47010;19489;19.6;8.1
19;2021-04-09;1642;612;48652;20101;20.2;8.4
19;2021-04-10;946;557;49598;20658;20.6;8.6
19;2021-04-11;558;74;50156;20732;20.9;8.6
19;2021-04-12;681;521;50837;21253;21.2;8.8
19;2021-04-13;915;577;51752;21830;21.5;9.1
19;2021-04-14;1333;843;53085;22673;22.1;9.4
19;2021-04-15;1229;873;54314;23546;22.6;9.8
19;2021-04-16;1505;821;55819;24367;23.2;10.1
19;2021-04-17;762;478;56581;24845;23.5;10.3
19;2021-04-18;661;69;57242;24914;23.8;10.4
19;2021-04-19;730;440;57972;25354;24.1;10.5
19;2021-04-20;979;748;58951;26102;24.5;10.9
19;2021-04-21;1271;701;60222;26803;25.1;11.2
19;2021-04-22;1189;899;61411;27702;25.6;11.5
19;2021-04-23;1129;1020;62540;28722;26.0;12.0
19;2021-04-24;679;675;63219;29397;26.3;12.2
19;2021-04-25;675;69;63894;29466;26.6;12.3
19;2021-04-26;1056;331;64950;29797;27.0;12.4
19;2021-04-27;1028;569;65978;30366;27.5;12.6
19;2021-04-28;1553;556;67531;30922;28.1;12.9
19;2021-04-29;1453;1196;68984;32118;28.7;13.4
19;2021-04-30;1876;1061;70860;33179;29.5;13.8
19;2021-05-01;670;170;71530;33349;29.8;13.9
19;2021-05-02;550;152;72080;33501;30.0;13.9
19;2021-05-03;854;547;72934;34048;30.3;14.2
19;2021-05-04;1025;708;73959;34756;30.8;14.5
19;2021-05-05;1255;741;75214;35497;31.3;14.8
19;2021-05-06;1127;1198;76341;36695;31.8;15.3
19;2021-05-07;1664;1191;78005;37886;32.5;15.8
19;2021-05-08;712;207;78717;38093;32.8;15.8
19;2021-05-09;487;546;79204;38639;33.0;16.1
19;2021-05-10;1164;670;80368;39309;33.4;16.4
19;2021-05-11;1640;859;82008;40168;34.1;16.7
19;2021-05-12;1945;1318;83953;41486;34.9;17.3
19;2021-05-13;571;242;84524;41728;35.2;17.4
19;2021-05-14;1646;987;86170;42715;35.9;17.8
19;2021-05-15;1443;591;87613;43306;36.5;18.0
19;2021-05-16;350;82;87963;43388;36.6;18.1
19;2021-05-17;1498;559;89461;43947;37.2;18.3
19;2021-05-18;1670;498;91131;44445;37.9;18.5
19;2021-05-19;2009;832;93140;45277;38.8;18.8
19;2021-05-20;1722;889;94862;46166;39.5;19.2
19;2021-05-21;1963;815;96825;46981;40.3;19.5
19;2021-05-22;1272;652;98097;47633;40.8;19.8
19;2021-05-23;324;131;98421;47764;41.0;19.9
19;2021-05-24;139;46;98560;47810;41.0;19.9
19;2021-05-25;1503;492;100063;48302;41.6;20.1
19;2021-05-26;1926;667;101989;48969;42.4;20.4
19;2021-05-27;1787;833;103776;49802;43.2;20.7
19;2021-05-28;1937;990;105713;50792;44.0;21.1
19;2021-05-29;1375;705;107088;51497;44.6;21.4
19;2021-05-30;191;497;107279;51994;44.6;21.6
19;2021-05-31;1199;537;108478;52531;45.1;21.9
19;2021-06-01;1283;886;109761;53417;45.7;22.2
19;2021-06-02;1817;958;111578;54375;46.4;22.6
19;2021-06-03;1447;1252;113025;55627;47.0;23.1
19;2021-06-04;1848;1357;114873;56984;47.8;23.7
19;2021-06-05;1210;814;116083;57798;48.3;24.0
19;2021-06-06;87;649;116170;58447;48.3;24.3
19;2021-06-07;922;934;117092;59381;48.7;24.7
19;2021-06-08;1104;907;118196;60288;49.2;25.1
19;2021-06-09;1329;1463;119525;61751;49.7;25.7
19;2021-06-10;1284;1581;120809;63332;50.3;26.4
19;2021-06-11;1315;1917;122124;65249;50.8;27.1
19;2021-06-12;1357;1317;123481;66566;51.4;27.7
19;2021-06-13;543;423;124024;66989;51.6;27.9
19;2021-06-14;736;1017;124760;68006;51.9;28.3
19;2021-06-15;979;1144;125739;69150;52.3;28.8
19;2021-06-16;1223;1363;126962;70513;52.8;29.3
19;2021-06-17;869;1792;127831;72305;53.2;30.1
19;2021-06-18;1057;2136;128888;74441;53.6;31.0
19;2021-06-19;919;1303;129807;75744;54.0;31.5
19;2021-06-20;395;327;130202;76071;54.2;31.7
19;2021-06-21;500;1075;130702;77146;54.4;32.1
19;2021-06-22;698;1490;131400;78636;54.7;32.7
19;2021-06-23;743;1985;132143;80621;55.0;33.5
19;2021-06-24;687;1663;132830;82284;55.3;34.2
19;2021-06-25;562;2216;133392;84500;55.5;35.2
19;2021-06-26;470;1740;133862;86240;55.7;35.9
19;2021-06-27;289;445;134151;86685;55.8;36.1
19;2021-06-28;315;1500;134466;88185;55.9;36.7
19;2021-06-29;354;1894;134820;90079;56.1;37.5
19;2021-06-30;795;2152;135615;92231;56.4;38.4
19;2021-07-01;361;2321;135976;94552;56.6;39.3
19;2021-07-02;781;2318;136757;96870;56.9;40.3
19;2021-07-03;513;1740;137270;98610;57.1;41.0
19;2021-07-04;1;73;137271;98683;57.1;41.1
19;2021-07-05;600;1015;137871;99698;57.4;41.5
19;2021-07-06;506;1541;138377;101239;57.6;42.1
19;2021-07-07;705;2045;139082;103284;57.9;43.0
19;2021-07-08;770;2148;139852;105432;58.2;43.9
19;2021-07-09;716;2660;140568;108092;58.5;45.0
19;2021-07-10;587;1708;141155;109800;58.7;45.7
19;2021-07-11;45;212;141200;110012;58.8;45.8
19;2021-07-12;447;1489;141647;111501;58.9;46.4
19;2021-07-13;685;1828;142332;113329;59.2;47.2
19;2021-07-14;202;273;142534;113602;59.3;47.3
19;2021-07-15;871;2050;143405;115652;59.7;48.1
19;2021-07-16;1229;2445;144634;118097;60.2;49.1
19;2021-07-17;703;1718;145337;119815;60.5;49.9
19;2021-07-18;363;672;145700;120487;60.6;50.1
19;2021-07-19;968;1405;146668;121892;61.0;50.7
19;2021-07-20;967;1675;147635;123567;61.4;51.4
19;2021-07-21;1082;1713;148717;125280;61.9;52.1
19;2021-07-22;1390;1854;150107;127134;62.5;52.9
19;2021-07-23;1780;1992;151887;129126;63.2;53.7
19;2021-07-24;907;1751;152794;130877;63.6;54.5
19;2021-07-25;163;512;152957;131389;63.6;54.7
19;2021-07-26;910;909;153867;132298;64.0;55.0
19;2021-07-27;1421;1114;155288;133412;64.6;55.5
19;2021-07-28;2041;1223;157329;134635;65.5;56.0
19;2021-07-29;1616;1204;158945;135839;66.1;56.5
19;2021-07-30;1905;1020;160850;136859;66.9;56.9
19;2021-07-31;1127;1016;161977;137875;67.4;57.4
19;2021-08-01;347;373;162324;138248;67.5;57.5
19;2021-08-02;1142;809;163466;139057;68.0;57.9
19;2021-08-03;1448;1050;164914;140107;68.6;58.3
19;2021-08-04;1976;760;166890;140867;69.4;58.6
19;2021-08-05;1620;952;168510;141819;70.1;59.0
19;2021-08-06;1959;1213;170469;143032;70.9;59.5
19;2021-08-07;1328;995;171797;144027;71.5;59.9
19;2021-08-08;184;233;171981;144260;71.6;60.0
19;2021-08-09;999;786;172980;145046;72.0;60.4
19;2021-08-10;1278;1008;174258;146054;72.5;60.8
19;2021-08-11;1346;1004;175604;147058;73.1;61.2
19;2021-08-12;1016;1278;176620;148336;73.5;61.7
19;2021-08-13;1168;1277;177788;149613;74.0;62.3
19;2021-08-14;975;1161;178763;150774;74.4;62.7
19;2021-08-15;30;54;178793;150828;74.4;62.8
19;2021-08-16;590;1027;179383;151855;74.6;63.2
19;2021-08-17;617;1166;180000;153021;74.9;63.7
19;2021-08-18;649;981;180649;154002;75.2;64.1
19;2021-08-19;436;1260;181085;155262;75.3;64.6
19;2021-08-20;858;1927;181943;157189;75.7;65.4
19;2021-08-21;487;1373;182430;158562;75.9;66.0
19;2021-08-22;52;93;182482;158655;75.9;66.0
19;2021-08-23;222;1157;182704;159812;76.0;66.5
19;2021-08-24;534;1318;183238;161130;76.2;67.0
19;2021-08-25;617;1547;183855;162677;76.5;67.7
21;2020-12-27;4;0;4;0;0.0;0.0
21;2020-12-28;2;0;6;0;0.0;0.0
21;2020-12-29;19;0;25;0;0.0;0.0
21;2020-12-30;22;0;47;0;0.0;0.0
21;2020-12-31;0;0;47;0;0.0;0.0
21;2021-01-01;0;0;47;0;0.0;0.0
21;2021-01-02;1;0;48;0;0.0;0.0
21;2021-01-03;1;0;49;0;0.0;0.0
21;2021-01-04;22;0;71;0;0.0;0.0
21;2021-01-05;250;2;321;2;0.1;0.0
21;2021-01-06;300;0;621;2;0.1;0.0
21;2021-01-07;387;0;1008;2;0.2;0.0
21;2021-01-08;455;2;1463;4;0.3;0.0
21;2021-01-09;252;0;1715;4;0.3;0.0
21;2021-01-10;1;0;1716;4;0.3;0.0
21;2021-01-11;624;1;2340;5;0.4;0.0
21;2021-01-12;655;0;2995;5;0.6;0.0
21;2021-01-13;703;2;3698;7;0.7;0.0
21;2021-01-14;1188;6;4886;13;0.9;0.0
21;2021-01-15;717;5;5603;18;1.1;0.0
21;2021-01-16;162;0;5765;18;1.1;0.0
21;2021-01-17;5;0;5770;18;1.1;0.0
21;2021-01-18;1317;5;7087;23;1.3;0.0
21;2021-01-19;1366;2;8453;25;1.6;0.0
21;2021-01-20;1297;45;9750;70;1.8;0.0
21;2021-01-21;1540;3;11290;73;2.1;0.0
21;2021-01-22;1244;5;12534;78;2.4;0.0
21;2021-01-23;487;0;13021;78;2.4;0.0
21;2021-01-24;123;0;13144;78;2.5;0.0
21;2021-01-25;926;18;14070;96;2.6;0.0
21;2021-01-26;1542;146;15612;242;2.9;0.0
21;2021-01-27;2044;156;17656;398;3.3;0.1
21;2021-01-28;1450;227;19106;625;3.6;0.1
21;2021-01-29;1023;212;20129;837;3.8;0.2
21;2021-01-30;469;31;20598;868;3.9;0.2
21;2021-01-31;97;3;20695;871;3.9;0.2
21;2021-02-01;452;287;21147;1158;4.0;0.2
21;2021-02-02;455;441;21602;1599;4.1;0.3
21;2021-02-03;442;281;22044;1880;4.1;0.4
21;2021-02-04;417;546;22461;2426;4.2;0.5
21;2021-02-05;489;524;22950;2950;4.3;0.6
21;2021-02-06;154;223;23104;3173;4.3;0.6
21;2021-02-07;2;2;23106;3175;4.3;0.6
21;2021-02-08;433;391;23539;3566;4.4;0.7
21;2021-02-09;514;522;24053;4088;4.5;0.8
21;2021-02-10;461;583;24514;4671;4.6;0.9
21;2021-02-11;484;752;24998;5423;4.7;1.0
21;2021-02-12;356;936;25354;6359;4.8;1.2
21;2021-02-13;360;321;25714;6680;4.8;1.3
21;2021-02-14;240;149;25954;6829;4.9;1.3
21;2021-02-15;120;1407;26074;8236;4.9;1.5
21;2021-02-16;206;1568;26280;9804;4.9;1.8
21;2021-02-17;398;1984;26678;11788;5.0;2.2
21;2021-02-18;603;1354;27281;13142;5.1;2.5
21;2021-02-19;216;1137;27497;14279;5.2;2.7
21;2021-02-20;122;428;27619;14707;5.2;2.8
21;2021-02-21;1;83;27620;14790;5.2;2.8
21;2021-02-22;83;775;27703;15565;5.2;2.9
21;2021-02-23;169;1041;27872;16606;5.2;3.1
21;2021-02-24;226;745;28098;17351;5.3;3.3
21;2021-02-25;646;830;28744;18181;5.4;3.4
21;2021-02-26;926;718;29670;18899;5.6;3.5
21;2021-02-27;535;302;30205;19201;5.7;3.6
21;2021-02-28;24;135;30229;19336;5.7;3.6
21;2021-03-01;679;630;30908;19966;5.8;3.7
21;2021-03-02;1055;554;31963;20520;6.0;3.9
21;2021-03-03;1165;441;33128;20961;6.2;3.9
21;2021-03-04;1684;518;34812;21479;6.5;4.0
21;2021-03-05;2197;663;37009;22142;6.9;4.2
21;2021-03-06;1592;196;38601;22338;7.2;4.2
21;2021-03-07;4;16;38605;22354;7.2;4.2
21;2021-03-08;772;447;39377;22801;7.4;4.3
21;2021-03-09;1571;570;40948;23371;7.7;4.4
21;2021-03-10;1626;562;42574;23933;8.0;4.5
21;2021-03-11;2192;694;44766;24627;8.4;4.6
21;2021-03-12;2904;437;47670;25064;8.9;4.7
21;2021-03-13;1932;187;49602;25251;9.3;4.7
21;2021-03-14;38;49;49640;25300;9.3;4.7
21;2021-03-15;1413;86;51053;25386;9.6;4.8
21;2021-03-16;1884;152;52937;25538;9.9;4.8
21;2021-03-17;1808;112;54745;25650;10.3;4.8
21;2021-03-18;2124;265;56869;25915;10.7;4.9
21;2021-03-19;1963;145;58832;26060;11.0;4.9
21;2021-03-20;1228;38;60060;26098;11.3;4.9
21;2021-03-21;2;0;60062;26098;11.3;4.9
21;2021-03-22;1556;90;61618;26188;11.6;4.9
21;2021-03-23;2695;103;64313;26291;12.1;4.9
21;2021-03-24;2890;161;67203;26452;12.6;5.0
21;2021-03-25;3731;241;70934;26693;13.3;5.0
21;2021-03-26;3655;203;74589;26896;14.0;5.0
21;2021-03-27;1731;59;76320;26955;14.3;5.1
21;2021-03-28;200;37;76520;26992;14.4;5.1
21;2021-03-29;1789;517;78309;27509;14.7;5.2
21;2021-03-30;2347;805;80656;28314;15.1;5.3
21;2021-03-31;2718;654;83374;28968;15.6;5.4
21;2021-04-01;2692;720;86066;29688;16.2;5.6
21;2021-04-02;2247;740;88313;30428;16.6;5.7
21;2021-04-03;1018;279;89331;30707;16.8;5.8
21;2021-04-04;2;12;89333;30719;16.8;5.8
21;2021-04-05;9;0;89342;30719;16.8;5.8
21;2021-04-06;1360;1137;90702;31856;17.0;6.0
21;2021-04-07;1751;969;92453;32825;17.3;6.2
21;2021-04-08;3216;1140;95669;33965;18.0;6.4
21;2021-04-09;3481;1188;99150;35153;18.6;6.6
21;2021-04-10;1377;743;100527;35896;18.9;6.7
21;2021-04-11;145;3;100672;35899;18.9;6.7
21;2021-04-12;1116;1347;101788;37246;19.1;7.0
21;2021-04-13;1655;1784;103443;39030;19.4;7.3
21;2021-04-14;1483;1470;104926;40500;19.7;7.6
21;2021-04-15;1904;1593;106830;42093;20.0;7.9
21;2021-04-16;2322;1314;109152;43407;20.5;8.1
21;2021-04-17;1018;971;110170;44378;20.7;8.3
21;2021-04-18;15;4;110185;44382;20.7;8.3
21;2021-04-19;1110;1323;111295;45705;20.9;8.6
21;2021-04-20;1240;1834;112535;47539;21.1;8.9
21;2021-04-21;1095;1720;113630;49259;21.3;9.2
21;2021-04-22;1274;2214;114904;51473;21.6;9.7
21;2021-04-23;1983;1726;116887;53199;21.9;10.0
21;2021-04-24;1002;872;117889;54071;22.1;10.1
21;2021-04-25;9;168;117898;54239;22.1;10.2
21;2021-04-26;1013;1597;118911;55836;22.3;10.5
21;2021-04-27;1840;1940;120751;57776;22.7;10.8
21;2021-04-28;2231;2225;122982;60001;23.1;11.3
21;2021-04-29;3136;2267;126118;62268;23.7;11.7
21;2021-04-30;3560;1865;129678;64133;24.3;12.0
21;2021-05-01;962;227;130640;64360;24.5;12.1
21;2021-05-02;2;5;130642;64365;24.5;12.1
21;2021-05-03;2081;1350;132723;65715;24.9;12.3
21;2021-05-04;2576;1652;135299;67367;25.4;12.6
21;2021-05-05;2247;1691;137546;69058;25.8;13.0
21;2021-05-06;3014;2243;140560;71301;26.4;13.4
21;2021-05-07;2805;2185;143365;73486;26.9;13.8
21;2021-05-08;1068;270;144433;73756;27.1;13.8
21;2021-05-09;26;177;144459;73933;27.1;13.9
21;2021-05-10;3170;1732;147629;75665;27.7;14.2
21;2021-05-11;4917;2010;152546;77675;28.6;14.6
21;2021-05-12;4804;1749;157350;79424;29.5;14.9
21;2021-05-13;3846;365;161196;79789;30.2;15.0
21;2021-05-14;5201;1471;166397;81260;31.2;15.2
21;2021-05-15;3429;650;169826;81910;31.9;15.4
21;2021-05-16;49;4;169875;81914;31.9;15.4
21;2021-05-17;4129;1260;174004;83174;32.7;15.6
21;2021-05-18;4359;1505;178363;84679;33.5;15.9
21;2021-05-19;3471;1132;181834;85811;34.1;16.1
21;2021-05-20;3899;1358;185733;87169;34.9;16.4
21;2021-05-21;3624;2157;189357;89326;35.5;16.8
21;2021-05-22;1669;771;191026;90097;35.8;16.9
21;2021-05-23;4;17;191030;90114;35.8;16.9
21;2021-05-24;1816;266;192846;90380;36.2;17.0
21;2021-05-25;2647;1968;195493;92348;36.7;17.3
21;2021-05-26;2604;1999;198097;94347;37.2;17.7
21;2021-05-27;4014;2108;202111;96455;37.9;18.1
21;2021-05-28;3572;2831;205683;99286;38.6;18.6
21;2021-05-29;1929;1467;207612;100753;39.0;18.9
21;2021-05-30;98;13;207710;100766;39.0;18.9
21;2021-05-31;2502;1783;210212;102549;39.4;19.2
21;2021-06-01;3454;2258;213666;104807;40.1;19.7
21;2021-06-02;2619;1766;216285;106573;40.6;20.0
21;2021-06-03;3147;2080;219432;108653;41.2;20.4
21;2021-06-04;3282;2590;222714;111243;41.8;20.9
21;2021-06-05;2924;1653;225638;112896;42.3;21.2
21;2021-06-06;51;85;225689;112981;42.4;21.2
21;2021-06-07;4316;1352;230005;114333;43.2;21.5
21;2021-06-08;4941;2144;234946;116477;44.1;21.9
21;2021-06-09;4502;1627;239448;118104;44.9;22.2
21;2021-06-10;3934;2598;243382;120702;45.7;22.7
21;2021-06-11;4169;3111;247551;123813;46.5;23.2
21;2021-06-12;2198;1608;249749;125421;46.9;23.5
21;2021-06-13;29;11;249778;125432;46.9;23.5
21;2021-06-14;2197;2567;251975;127999;47.3;24.0
21;2021-06-15;2960;3094;254935;131093;47.8;24.6
21;2021-06-16;2854;2613;257789;133706;48.4;25.1
21;2021-06-17;3421;3045;261210;136751;49.0;25.7
21;2021-06-18;2427;3801;263637;140552;49.5;26.4
21;2021-06-19;2044;1863;265681;142415;49.9;26.7
21;2021-06-20;26;13;265707;142428;49.9;26.7
21;2021-06-21;1843;3412;267550;145840;50.2;27.4
21;2021-06-22;1881;5831;269431;151671;50.6;28.5
21;2021-06-23;2029;5015;271460;156686;50.9;29.4
21;2021-06-24;2365;4665;273825;161351;51.4;30.3
21;2021-06-25;1531;5899;275356;167250;51.7;31.4
21;2021-06-26;1441;3900;276797;171150;51.9;32.1
21;2021-06-27;18;125;276815;171275;51.9;32.1
21;2021-06-28;1398;4020;278213;175295;52.2;32.9
21;2021-06-29;1636;4181;279849;179476;52.5;33.7
21;2021-06-30;1569;3376;281418;182852;52.8;34.3
21;2021-07-01;1665;4150;283083;187002;53.1;35.1
21;2021-07-02;2176;4230;285259;191232;53.5;35.9
21;2021-07-03;1093;2100;286352;193332;53.7;36.3
21;2021-07-04;37;55;286389;193387;53.7;36.3
21;2021-07-05;1608;3627;287997;197014;54.0;37.0
21;2021-07-06;1347;3587;289344;200601;54.3;37.6
21;2021-07-07;1455;3242;290799;203843;54.6;38.3
21;2021-07-08;1879;4158;292678;208001;54.9;39.0
21;2021-07-09;2084;4352;294762;212353;55.3;39.8
21;2021-07-10;1089;2544;295851;214897;55.5;40.3
21;2021-07-11;21;74;295872;214971;55.5;40.3
21;2021-07-12;1658;3728;297530;218699;55.8;41.0
21;2021-07-13;2345;4898;299875;223597;56.3;42.0
21;2021-07-14;2873;2016;302748;225613;56.8;42.3
21;2021-07-15;3812;4559;306560;230172;57.5;43.2
21;2021-07-16;3885;5257;310445;235429;58.3;44.2
21;2021-07-17;2773;4172;313218;239601;58.8;45.0
21;2021-07-18;157;82;313375;239683;58.8;45.0
21;2021-07-19;2377;4625;315752;244308;59.3;45.8
21;2021-07-20;2757;5491;318509;249799;59.8;46.9
21;2021-07-21;2907;4791;321416;254590;60.3;47.8
21;2021-07-22;3018;4726;324434;259316;60.9;48.7
21;2021-07-23;4349;4889;328783;264205;61.7;49.6
21;2021-07-24;3036;3017;331819;267222;62.3;50.1
21;2021-07-25;68;40;331887;267262;62.3;50.2
21;2021-07-26;2662;3590;334549;270852;62.8;50.8
21;2021-07-27;3407;3782;337956;274634;63.4;51.5
21;2021-07-28;3568;3346;341524;277980;64.1;52.2
21;2021-07-29;4120;3370;345644;281350;64.9;52.8
21;2021-07-30;4598;3345;350242;284695;65.7;53.4
21;2021-07-31;3419;2368;353661;287063;66.4;53.9
21;2021-08-01;330;57;353991;287120;66.4;53.9
21;2021-08-02;2525;3160;356516;290280;66.9;54.5
21;2021-08-03;2608;2766;359124;293046;67.4;55.0
21;2021-08-04;2361;2487;361485;295533;67.8;55.5
21;2021-08-05;2194;3083;363679;298616;68.2;56.0
21;2021-08-06;2563;3300;366242;301916;68.7;56.7
21;2021-08-07;1887;2654;368129;304570;69.1;57.2
21;2021-08-08;74;68;368203;304638;69.1;57.2
21;2021-08-09;1630;2929;369833;307567;69.4;57.7
21;2021-08-10;1396;2712;371229;310279;69.7;58.2
21;2021-08-11;1648;2446;372877;312725;70.0;58.7
21;2021-08-12;1142;2421;374019;315146;70.2;59.1
21;2021-08-13;1489;2743;375508;317889;70.5;59.7
21;2021-08-14;838;2429;376346;320318;70.6;60.1
21;2021-08-15;51;63;376397;320381;70.6;60.1
21;2021-08-16;1387;2818;377784;323199;70.9;60.7
21;2021-08-17;1195;2774;378979;325973;71.1;61.2
21;2021-08-18;1018;2872;379997;328845;71.3;61.7
21;2021-08-19;950;3065;380947;331910;71.5;62.3
21;2021-08-20;1044;4187;381991;336097;71.7;63.1
21;2021-08-21;834;3138;382825;339235;71.8;63.7
21;2021-08-22;32;116;382857;339351;71.8;63.7
21;2021-08-23;863;3210;383720;342561;72.0;64.3
21;2021-08-24;936;2870;384656;345431;72.2;64.8
21;2021-08-25;843;2545;385499;347976;72.3;65.3
22;2020-12-27;0;0;0;0;0.0;0.0
22;2020-12-28;0;0;0;0;0.0;0.0
22;2020-12-29;0;0;0;0;0.0;0.0
22;2020-12-30;0;0;0;0;0.0;0.0
22;2020-12-31;0;0;0;0;0.0;0.0
22;2021-01-01;0;0;0;0;0.0;0.0
22;2021-01-02;2;0;2;0;0.0;0.0
22;2021-01-03;0;0;2;0;0.0;0.0
22;2021-01-04;5;0;7;0;0.0;0.0
22;2021-01-05;61;0;68;0;0.0;0.0
22;2021-01-06;114;1;182;1;0.0;0.0
22;2021-01-07;67;0;249;1;0.0;0.0
22;2021-01-08;174;0;423;1;0.1;0.0
22;2021-01-09;1;0;424;1;0.1;0.0
22;2021-01-10;0;0;424;1;0.1;0.0
22;2021-01-11;234;3;658;4;0.1;0.0
22;2021-01-12;627;0;1285;4;0.2;0.0
22;2021-01-13;676;1;1961;5;0.3;0.0
22;2021-01-14;716;8;2677;13;0.4;0.0
22;2021-01-15;529;2;3206;15;0.5;0.0
22;2021-01-16;96;0;3302;15;0.6;0.0
22;2021-01-17;1;0;3303;15;0.6;0.0
22;2021-01-18;311;1;3614;16;0.6;0.0
22;2021-01-19;687;1;4301;17;0.7;0.0
22;2021-01-20;598;0;4899;17;0.8;0.0
22;2021-01-21;947;1;5846;18;1.0;0.0
22;2021-01-22;839;2;6685;20;1.1;0.0
22;2021-01-23;219;0;6904;20;1.2;0.0
22;2021-01-24;1;0;6905;20;1.2;0.0
22;2021-01-25;748;10;7653;30;1.3;0.0
22;2021-01-26;1017;59;8670;89;1.5;0.0
22;2021-01-27;3859;111;12529;200;2.1;0.0
22;2021-01-28;4510;84;17039;284;2.9;0.0
22;2021-01-29;1898;129;18937;413;3.2;0.1
22;2021-01-30;287;0;19224;413;3.2;0.1
22;2021-01-31;3;0;19227;413;3.2;0.1
22;2021-02-01;641;81;19868;494;3.3;0.1
22;2021-02-02;903;436;20771;930;3.5;0.2
22;2021-02-03;690;504;21461;1434;3.6;0.2
22;2021-02-04;965;636;22426;2070;3.8;0.3
22;2021-02-05;721;563;23147;2633;3.9;0.4
22;2021-02-06;251;0;23398;2633;3.9;0.4
22;2021-02-07;0;0;23398;2633;3.9;0.4
22;2021-02-08;531;133;23929;2766;4.0;0.5
22;2021-02-09;614;344;24543;3110;4.1;0.5
22;2021-02-10;425;200;24968;3310;4.2;0.6
22;2021-02-11;1086;325;26054;3635;4.4;0.6
22;2021-02-12;594;328;26648;3963;4.5;0.7
22;2021-02-13;319;78;26967;4041;4.5;0.7
22;2021-02-14;0;5;26967;4046;4.5;0.7
22;2021-02-15;672;428;27639;4474;4.6;0.8
22;2021-02-16;1042;703;28681;5177;4.8;0.9
22;2021-02-17;1202;2462;29883;7639;5.0;1.3
22;2021-02-18;2141;3008;32024;10647;5.4;1.8
22;2021-02-19;1637;1946;33661;12593;5.6;2.1
22;2021-02-20;479;213;34140;12806;5.7;2.1
22;2021-02-21;6;49;34146;12855;5.7;2.2
22;2021-02-22;403;722;34549;13577;5.8;2.3
22;2021-02-23;665;933;35214;14510;5.9;2.4
22;2021-02-24;695;944;35909;15454;6.0;2.6
22;2021-02-25;1201;1205;37110;16659;6.2;2.8
22;2021-02-26;1066;712;38176;17371;6.4;2.9
22;2021-02-27;564;286;38740;17657;6.5;3.0
22;2021-02-28;16;8;38756;17665;6.5;3.0
22;2021-03-01;958;524;39714;18189;6.7;3.1
22;2021-03-02;1205;877;40919;19066;6.9;3.2
22;2021-03-03;1325;862;42244;19928;7.1;3.3
22;2021-03-04;1600;930;43844;20858;7.4;3.5
22;2021-03-05;2107;809;45951;21667;7.7;3.6
22;2021-03-06;1113;298;47064;21965;7.9;3.7
22;2021-03-07;219;1;47283;21966;7.9;3.7
22;2021-03-08;1291;659;48574;22625;8.1;3.8
22;2021-03-09;1824;755;50398;23380;8.5;3.9
22;2021-03-10;1988;1003;52386;24383;8.8;4.1
22;2021-03-11;2374;1654;54760;26037;9.2;4.4
22;2021-03-12;3102;962;57862;26999;9.7;4.5
22;2021-03-13;1716;294;59578;27293;10.0;4.6
22;2021-03-14;245;23;59823;27316;10.0;4.6
22;2021-03-15;1620;565;61443;27881;10.3;4.7
22;2021-03-16;1602;854;63045;28735;10.6;4.8
22;2021-03-17;2649;703;65694;29438;11.0;4.9
22;2021-03-18;2553;1110;68247;30548;11.4;5.1
22;2021-03-19;3282;799;71529;31347;12.0;5.3
22;2021-03-20;2208;284;73737;31631;12.4;5.3
22;2021-03-21;16;0;73753;31631;12.4;5.3
22;2021-03-22;2364;364;76117;31995;12.8;5.4
22;2021-03-23;3142;786;79259;32781;13.3;5.5
22;2021-03-24;3486;685;82745;33466;13.9;5.6
22;2021-03-25;3962;606;86707;34072;14.5;5.7
22;2021-03-26;4003;484;90710;34556;15.2;5.8
22;2021-03-27;2088;180;92798;34736;15.6;5.8
22;2021-03-28;67;1;92865;34737;15.6;5.8
22;2021-03-29;2766;911;95631;35648;16.0;6.0
22;2021-03-30;3568;1155;99199;36803;16.6;6.2
22;2021-03-31;3675;1088;102874;37891;17.3;6.4
22;2021-04-01;4943;1128;107817;39019;18.1;6.5
22;2021-04-02;4392;1038;112209;40057;18.8;6.7
22;2021-04-03;1997;403;114206;40460;19.2;6.8
22;2021-04-04;37;0;114243;40460;19.2;6.8
22;2021-04-05;15;0;114258;40460;19.2;6.8
22;2021-04-06;3291;1140;117549;41600;19.7;7.0
22;2021-04-07;3429;1367;120978;42967;20.3;7.2
22;2021-04-08;4448;1322;125426;44289;21.0;7.4
22;2021-04-09;5184;1357;130610;45646;21.9;7.7
22;2021-04-10;2445;366;133055;46012;22.3;7.7
22;2021-04-11;485;10;133540;46022;22.4;7.7
22;2021-04-12;2986;1003;136526;47025;22.9;7.9
22;2021-04-13;3320;1517;139846;48542;23.5;8.1
22;2021-04-14;3169;2488;143015;51030;24.0;8.6
22;2021-04-15;3600;2434;146615;53464;24.6;9.0
22;2021-04-16;3632;2488;150247;55952;25.2;9.4
22;2021-04-17;1918;1787;152165;57739;25.5;9.7
22;2021-04-18;17;0;152182;57739;25.5;9.7
22;2021-04-19;3021;2149;155203;59888;26.0;10.0
22;2021-04-20;3309;2794;158512;62682;26.6;10.5
22;2021-04-21;3223;2731;161735;65413;27.1;11.0
22;2021-04-22;3593;3132;165328;68545;27.7;11.5
22;2021-04-23;3729;3173;169057;71718;28.4;12.0
22;2021-04-24;2006;1962;171063;73680;28.7;12.4
22;2021-04-25;17;0;171080;73680;28.7;12.4
22;2021-04-26;3213;2854;174293;76534;29.2;12.8
22;2021-04-27;3372;3142;177665;79676;29.8;13.4
22;2021-04-28;3489;3153;181154;82829;30.4;13.9
22;2021-04-29;4081;3272;185235;86101;31.1;14.4
22;2021-04-30;3905;3228;189140;89329;31.7;15.0
22;2021-05-01;60;69;189200;89398;31.7;15.0
22;2021-05-02;1237;60;190437;89458;31.9;15.0
22;2021-05-03;2030;2710;192467;92168;32.3;15.5
22;2021-05-04;2155;2900;194622;95068;32.6;15.9
22;2021-05-05;2052;3007;196674;98075;33.0;16.5
22;2021-05-06;2509;3496;199183;101571;33.4;17.0
22;2021-05-07;2831;3409;202014;104980;33.9;17.6
22;2021-05-08;45;121;202059;105101;33.9;17.6
22;2021-05-09;600;436;202659;105537;34.0;17.7
22;2021-05-10;4474;2730;207133;108267;34.7;18.2
22;2021-05-11;5105;2905;212238;111172;35.6;18.6
22;2021-05-12;6598;1024;218836;112196;36.7;18.8
22;2021-05-13;528;35;219364;112231;36.8;18.8
22;2021-05-14;6408;1086;225772;113317;37.9;19.0
22;2021-05-15;3987;428;229759;113745;38.5;19.1
22;2021-05-16;419;36;230178;113781;38.6;19.1
22;2021-05-17;5669;518;235847;114299;39.6;19.2
22;2021-05-18;6010;949;241857;115248;40.6;19.3
22;2021-05-19;6130;708;247987;115956;41.6;19.4
22;2021-05-20;6586;1375;254573;117331;42.7;19.7
22;2021-05-21;5897;1460;260470;118791;43.7;19.9
22;2021-05-22;4091;773;264561;119564;44.4;20.1
22;2021-05-23;407;16;264968;119580;44.4;20.1
22;2021-05-24;5310;222;270278;119802;45.3;20.1
22;2021-05-25;5637;1179;275915;120981;46.3;20.3
22;2021-05-26;4221;2809;280136;123790;47.0;20.8
22;2021-05-27;4506;3840;284642;127630;47.7;21.4
22;2021-05-28;4384;4438;289026;132068;48.5;22.2
22;2021-05-29;3046;1770;292072;133838;49.0;22.4
22;2021-05-30;19;7;292091;133845;49.0;22.5
22;2021-05-31;3656;3155;295747;137000;49.6;23.0
22;2021-06-01;3523;3691;299270;140691;50.2;23.6
22;2021-06-02;3086;3386;302356;144077;50.7;24.2
22;2021-06-03;3197;4101;305553;148178;51.3;24.9
22;2021-06-04;3373;4546;308926;152724;51.8;25.6
22;2021-06-05;3543;2025;312469;154749;52.4;26.0
22;2021-06-06;214;30;312683;154779;52.4;26.0
22;2021-06-07;3043;3256;315726;158035;53.0;26.5
22;2021-06-08;2798;3530;318524;161565;53.4;27.1
22;2021-06-09;2543;3509;321067;165074;53.9;27.7
22;2021-06-10;2517;4252;323584;169326;54.3;28.4
22;2021-06-11;2552;4228;326136;173554;54.7;29.1
22;2021-06-12;2414;1455;328550;175009;55.1;29.4
22;2021-06-13;133;1093;328683;176102;55.1;29.5
22;2021-06-14;2641;2469;331324;178571;55.6;30.0
22;2021-06-15;3096;2999;334420;181570;56.1;30.5
22;2021-06-16;3007;2812;337427;184382;56.6;30.9
22;2021-06-17;2565;3181;339992;187563;57.0;31.5
22;2021-06-18;3099;4114;343091;191677;57.5;32.2
22;2021-06-19;2985;1456;346076;193133;58.0;32.4
22;2021-06-20;155;8;346231;193141;58.1;32.4
22;2021-06-21;1779;5021;348010;198162;58.4;33.2
22;2021-06-22;2403;5554;350413;203716;58.8;34.2
22;2021-06-23;1282;6204;351695;209920;59.0;35.2
22;2021-06-24;2576;3914;354271;213834;59.4;35.9
22;2021-06-25;1566;6814;355837;220648;59.7;37.0
22;2021-06-26;783;3855;356620;224503;59.8;37.7
22;2021-06-27;4;512;356624;225015;59.8;37.7
22;2021-06-28;1051;5585;357675;230600;60.0;38.7
22;2021-06-29;1375;5956;359050;236556;60.2;39.7
22;2021-06-30;1130;5738;360180;242294;60.4;40.6
22;2021-07-01;1377;6039;361557;248333;60.6;41.7
22;2021-07-02;1713;6092;363270;254425;60.9;42.7
22;2021-07-03;1006;3818;364276;258243;61.1;43.3
22;2021-07-04;149;364;364425;258607;61.1;43.4
22;2021-07-05;1593;5802;366018;264409;61.4;44.4
22;2021-07-06;2309;5996;368327;270405;61.8;45.4
22;2021-07-07;2289;4931;370616;275336;62.2;46.2
22;2021-07-08;2502;5097;373118;280433;62.6;47.0
22;2021-07-09;2496;5384;375614;285817;63.0;47.9
22;2021-07-10;1809;3356;377423;289173;63.3;48.5
22;2021-07-11;484;72;377907;289245;63.4;48.5
22;2021-07-12;2328;4733;380235;293978;63.8;49.3
22;2021-07-13;3782;5054;384017;299032;64.4;50.2
22;2021-07-14;698;2496;384715;301528;64.5;50.6
22;2021-07-15;3858;4623;388573;306151;65.2;51.4
22;2021-07-16;3823;5292;392396;311443;65.8;52.2
22;2021-07-17;2547;3410;394943;314853;66.2;52.8
22;2021-07-18;567;87;395510;314940;66.3;52.8
22;2021-07-19;2758;4106;398268;319046;66.8;53.5
22;2021-07-20;3897;4132;402165;323178;67.5;54.2
22;2021-07-21;3975;3409;406140;326587;68.1;54.8
22;2021-07-22;4840;3703;410980;330290;68.9;55.4
22;2021-07-23;4431;4220;415411;334510;69.7;56.1
22;2021-07-24;2250;2615;417661;337125;70.1;56.5
22;2021-07-25;118;150;417779;337275;70.1;56.6
22;2021-07-26;3013;3920;420792;341195;70.6;57.2
22;2021-07-27;3695;4913;424487;346108;71.2;58.1
22;2021-07-28;3672;3657;428159;349765;71.8;58.7
22;2021-07-29;4266;3779;432425;353544;72.5;59.3
22;2021-07-30;4012;3976;436437;357520;73.2;60.0
22;2021-07-31;2383;2804;438820;360324;73.6;60.4
22;2021-08-01;116;153;438936;360477;73.6;60.5
22;2021-08-02;4632;2542;443568;363019;74.4;60.9
22;2021-08-03;4755;3423;448323;366442;75.2;61.5
22;2021-08-04;5726;2494;454049;368936;76.2;61.9
22;2021-08-05;4092;3805;458141;372741;76.8;62.5
22;2021-08-06;3623;3814;461764;376555;77.5;63.2
22;2021-08-07;2322;2265;464086;378820;77.8;63.5
22;2021-08-08;420;70;464506;378890;77.9;63.6
22;2021-08-09;2701;2701;467207;381591;78.4;64.0
22;2021-08-10;2693;3505;469900;385096;78.8;64.6
22;2021-08-11;2384;3117;472284;388213;79.2;65.1
22;2021-08-12;2153;3479;474437;391692;79.6;65.7
22;2021-08-13;1866;2974;476303;394666;79.9;66.2
22;2021-08-14;1317;1912;477620;396578;80.1;66.5
22;2021-08-15;85;198;477705;396776;80.1;66.6
22;2021-08-16;1462;3179;479167;399955;80.4;67.1
22;2021-08-17;1731;3459;480898;403414;80.7;67.7
22;2021-08-18;1399;3306;482297;406720;80.9;68.2
22;2021-08-19;1303;3608;483600;410328;81.1;68.8
22;2021-08-20;1444;3596;485044;413924;81.4;69.4
22;2021-08-21;802;2255;485846;416179;81.5;69.8
22;2021-08-22;151;308;485997;416487;81.5;69.9
22;2021-08-23;1948;3608;487945;420095;81.8;70.5
22;2021-08-24;1408;3246;489353;423341;82.1;71.0
22;2021-08-25;833;2508;490186;425849;82.2;71.4
23;2020-12-27;0;0;0;0;0.0;0.0
23;2020-12-28;1;0;1;0;0.0;0.0
23;2020-12-29;0;0;1;0;0.0;0.0
23;2020-12-30;0;0;1;0;0.0;0.0
23;2020-12-31;0;0;1;0;0.0;0.0
23;2021-01-01;0;0;1;0;0.0;0.0
23;2021-01-02;1;0;2;0;0.0;0.0
23;2021-01-03;0;0;2;0;0.0;0.0
23;2021-01-04;1;0;3;0;0.0;0.0
23;2021-01-05;3;0;6;0;0.0;0.0
23;2021-01-06;10;0;16;0;0.0;0.0
23;2021-01-07;116;1;132;1;0.1;0.0
23;2021-01-08;117;0;249;1;0.2;0.0
23;2021-01-09;36;0;285;1;0.2;0.0
23;2021-01-10;1;0;286;1;0.2;0.0
23;2021-01-11;176;1;462;2;0.4;0.0
23;2021-01-12;234;3;696;5;0.6;0.0
23;2021-01-13;308;0;1004;5;0.9;0.0
23;2021-01-14;292;5;1296;10;1.1;0.0
23;2021-01-15;334;5;1630;15;1.4;0.0
23;2021-01-16;163;1;1793;16;1.5;0.0
23;2021-01-17;0;0;1793;16;1.5;0.0
23;2021-01-18;342;3;2135;19;1.8;0.0
23;2021-01-19;497;2;2632;21;2.3;0.0
23;2021-01-20;362;1;2994;22;2.6;0.0
23;2021-01-21;698;1;3692;23;3.2;0.0
23;2021-01-22;479;0;4171;23;3.6;0.0
23;2021-01-23;368;1;4539;24;3.9;0.0
23;2021-01-24;0;0;4539;24;3.9;0.0
23;2021-01-25;382;17;4921;41;4.2;0.0
23;2021-01-26;301;5;5222;46;4.5;0.0
23;2021-01-27;228;3;5450;49;4.7;0.0
23;2021-01-28;232;46;5682;95;4.9;0.1
23;2021-01-29;303;103;5985;198;5.1;0.2
23;2021-01-30;100;28;6085;226;5.2;0.2
23;2021-01-31;2;33;6087;259;5.2;0.2
23;2021-02-01;148;105;6235;364;5.4;0.3
23;2021-02-02;157;122;6392;486;5.5;0.4
23;2021-02-03;105;207;6497;693;5.6;0.6
23;2021-02-04;78;264;6575;957;5.7;0.8
23;2021-02-05;117;311;6692;1268;5.8;1.1
23;2021-02-06;14;168;6706;1436;5.8;1.2
23;2021-02-07;1;0;6707;1436;5.8;1.2
23;2021-02-08;125;218;6832;1654;5.9;1.4
23;2021-02-09;85;295;6917;1949;5.9;1.7
23;2021-02-10;91;281;7008;2230;6.0;1.9
23;2021-02-11;244;587;7252;2817;6.2;2.4
23;2021-02-12;174;284;7426;3101;6.4;2.7
23;2021-02-13;8;191;7434;3292;6.4;2.8
23;2021-02-14;8;0;7442;3292;6.4;2.8
23;2021-02-15;157;367;7599;3659;6.5;3.1
23;2021-02-16;103;441;7702;4100;6.6;3.5
23;2021-02-17;65;493;7767;4593;6.7;4.0
23;2021-02-18;142;370;7909;4963;6.8;4.3
23;2021-02-19;109;253;8018;5216;6.9;4.5
23;2021-02-20;2;93;8020;5309;6.9;4.6
23;2021-02-21;0;0;8020;5309;6.9;4.6
23;2021-02-22;104;212;8124;5521;7.0;4.7
23;2021-02-23;109;218;8233;5739;7.1;4.9
23;2021-02-24;176;168;8409;5907;7.2;5.1
23;2021-02-25;183;109;8592;6016;7.4;5.2
23;2021-02-26;287;168;8879;6184;7.6;5.3
23;2021-02-27;112;11;8991;6195;7.7;5.3
23;2021-02-28;1;31;8992;6226;7.7;5.4
23;2021-03-01;88;201;9080;6427;7.8;5.5
23;2021-03-02;229;132;9309;6559;8.0;5.6
23;2021-03-03;133;90;9442;6649;8.1;5.7
23;2021-03-04;307;138;9749;6787;8.4;5.8
23;2021-03-05;517;111;10266;6898;8.8;5.9
23;2021-03-06;494;7;10760;6905;9.3;5.9
23;2021-03-07;313;3;11073;6908;9.5;5.9
23;2021-03-08;197;73;11270;6981;9.7;6.0
23;2021-03-09;421;102;11691;7083;10.1;6.1
23;2021-03-10;348;39;12039;7122;10.4;6.1
23;2021-03-11;325;47;12364;7169;10.6;6.2
23;2021-03-12;618;33;12982;7202;11.2;6.2
23;2021-03-13;287;12;13269;7214;11.4;6.2
23;2021-03-14;47;34;13316;7248;11.5;6.2
23;2021-03-15;220;125;13536;7373;11.6;6.3
23;2021-03-16;192;90;13728;7463;11.8;6.4
23;2021-03-17;131;101;13859;7564;11.9;6.5
23;2021-03-18;193;98;14052;7662;12.1;6.6
23;2021-03-19;205;121;14257;7783;12.3;6.7
23;2021-03-20;631;37;14888;7820;12.8;6.7
23;2021-03-21;128;0;15016;7820;12.9;6.7
23;2021-03-22;274;157;15290;7977;13.2;6.9
23;2021-03-23;504;106;15794;8083;13.6;7.0
23;2021-03-24;423;124;16217;8207;13.9;7.1
23;2021-03-25;819;188;17036;8395;14.7;7.2
23;2021-03-26;735;195;17771;8590;15.3;7.4
23;2021-03-27;505;49;18276;8639;15.7;7.4
23;2021-03-28;3;9;18279;8648;15.7;7.4
23;2021-03-29;358;111;18637;8759;16.0;7.5
23;2021-03-30;537;177;19174;8936;16.5;7.7
23;2021-03-31;411;175;19585;9111;16.8;7.8
23;2021-04-01;600;170;20185;9281;17.4;8.0
23;2021-04-02;498;298;20683;9579;17.8;8.2
23;2021-04-03;715;44;21398;9623;18.4;8.3
23;2021-04-04;4;0;21402;9623;18.4;8.3
23;2021-04-05;2;3;21404;9626;18.4;8.3
23;2021-04-06;382;294;21786;9920;18.7;8.5
23;2021-04-07;707;309;22493;10229;19.3;8.8
23;2021-04-08;803;237;23296;10466;20.0;9.0
23;2021-04-09;939;367;24235;10833;20.8;9.3
23;2021-04-10;1097;111;25332;10944;21.8;9.4
23;2021-04-11;21;2;25353;10946;21.8;9.4
23;2021-04-12;692;235;26045;11181;22.4;9.6
23;2021-04-13;669;302;26714;11483;23.0;9.9
23;2021-04-14;586;178;27300;11661;23.5;10.0
23;2021-04-15;930;184;28230;11845;24.3;10.2
23;2021-04-16;902;210;29132;12055;25.1;10.4
23;2021-04-17;995;553;30127;12608;25.9;10.8
23;2021-04-18;3;136;30130;12744;25.9;11.0
23;2021-04-19;612;297;30742;13041;26.4;11.2
23;2021-04-20;721;291;31463;13332;27.1;11.5
23;2021-04-21;733;396;32196;13728;27.7;11.8
23;2021-04-22;657;475;32853;14203;28.3;12.2
23;2021-04-23;596;345;33449;14548;28.8;12.5
23;2021-04-24;855;448;34304;14996;29.5;12.9
23;2021-04-25;0;0;34304;14996;29.5;12.9
23;2021-04-26;615;252;34919;15248;30.0;13.1
23;2021-04-27;675;427;35594;15675;30.6;13.5
23;2021-04-28;628;277;36222;15952;31.2;13.7
23;2021-04-29;883;379;37105;16331;31.9;14.0
23;2021-04-30;719;787;37824;17118;32.5;14.7
23;2021-05-01;1229;41;39053;17159;33.6;14.8
23;2021-05-02;14;0;39067;17159;33.6;14.8
23;2021-05-03;431;520;39498;17679;34.0;15.2
23;2021-05-04;617;512;40115;18191;34.5;15.6
23;2021-05-05;538;711;40653;18902;35.0;16.3
23;2021-05-06;728;701;41381;19603;35.6;16.9
23;2021-05-07;684;644;42065;20247;36.2;17.4
23;2021-05-08;1409;588;43474;20835;37.4;17.9
23;2021-05-09;3;0;43477;20835;37.4;17.9
23;2021-05-10;555;656;44032;21491;37.9;18.5
23;2021-05-11;561;765;44593;22256;38.4;19.1
23;2021-05-12;720;662;45313;22918;39.0;19.7
23;2021-05-13;537;56;45850;22974;39.4;19.8
23;2021-05-14;788;459;46638;23433;40.1;20.2
23;2021-05-15;995;234;47633;23667;41.0;20.4
23;2021-05-16;0;0;47633;23667;41.0;20.4
23;2021-05-17;568;448;48201;24115;41.5;20.7
23;2021-05-18;777;292;48978;24407;42.1;21.0
23;2021-05-19;1050;258;50028;24665;43.0;21.2
23;2021-05-20;837;316;50865;24981;43.7;21.5
23;2021-05-21;1108;311;51973;25292;44.7;21.8
23;2021-05-22;740;125;52713;25417;45.3;21.9
23;2021-05-23;3;20;52716;25437;45.3;21.9
23;2021-05-24;362;165;53078;25602;45.7;22.0
23;2021-05-25;908;336;53986;25938;46.4;22.3
23;2021-05-26;1077;227;55063;26165;47.4;22.5
23;2021-05-27;932;435;55995;26600;48.2;22.9
23;2021-05-28;781;743;56776;27343;48.8;23.5
23;2021-05-29;638;1100;57414;28443;49.4;24.5
23;2021-05-30;6;63;57420;28506;49.4;24.5
23;2021-05-31;433;541;57853;29047;49.8;25.0
23;2021-06-01;583;828;58436;29875;50.3;25.7
23;2021-06-02;625;521;59061;30396;50.8;26.1
23;2021-06-03;708;551;59769;30947;51.4;26.6
23;2021-06-04;779;614;60548;31561;52.1;27.1
23;2021-06-05;545;777;61093;32338;52.5;27.8
23;2021-06-06;0;0;61093;32338;52.5;27.8
23;2021-06-07;393;697;61486;33035;52.9;28.4
23;2021-06-08;322;776;61808;33811;53.2;29.1
23;2021-06-09;286;649;62094;34460;53.4;29.6
23;2021-06-10;373;692;62467;35152;53.7;30.2
23;2021-06-11;383;808;62850;35960;54.1;30.9
23;2021-06-12;377;1265;63227;37225;54.4;32.0
23;2021-06-13;13;5;63240;37230;54.4;32.0
23;2021-06-14;235;591;63475;37821;54.6;32.5
23;2021-06-15;230;861;63705;38682;54.8;33.3
23;2021-06-16;362;581;64067;39263;55.1;33.8
23;2021-06-17;339;810;64406;40073;55.4;34.5
23;2021-06-18;356;767;64762;40840;55.7;35.1
23;2021-06-19;490;1522;65252;42362;56.1;36.4
23;2021-06-20;2;11;65254;42373;56.1;36.4
23;2021-06-21;205;620;65459;42993;56.3;37.0
23;2021-06-22;216;686;65675;43679;56.5;37.6
23;2021-06-23;221;750;65896;44429;56.7;38.2
23;2021-06-24;200;606;66096;45035;56.8;38.7
23;2021-06-25;303;816;66399;45851;57.1;39.4
23;2021-06-26;222;999;66621;46850;57.3;40.3
23;2021-06-27;3;0;66624;46850;57.3;40.3
23;2021-06-28;115;693;66739;47543;57.4;40.9
23;2021-06-29;189;823;66928;48366;57.6;41.6
23;2021-06-30;168;944;67096;49310;57.7;42.4
23;2021-07-01;168;870;67264;50180;57.9;43.2
23;2021-07-02;192;1069;67456;51249;58.0;44.1
23;2021-07-03;250;979;67706;52228;58.2;44.9
23;2021-07-04;1;0;67707;52228;58.2;44.9
23;2021-07-05;159;805;67866;53033;58.4;45.6
23;2021-07-06;214;1043;68080;54076;58.6;46.5
23;2021-07-07;210;852;68290;54928;58.7;47.2
23;2021-07-08;254;739;68544;55667;59.0;47.9
23;2021-07-09;274;1012;68818;56679;59.2;48.7
23;2021-07-10;234;644;69052;57323;59.4;49.3
23;2021-07-11;0;0;69052;57323;59.4;49.3
23;2021-07-12;232;702;69284;58025;59.6;49.9
23;2021-07-13;471;917;69755;58942;60.0;50.7
23;2021-07-14;212;320;69967;59262;60.2;51.0
23;2021-07-15;478;811;70445;60073;60.6;51.7
23;2021-07-16;765;569;71210;60642;61.2;52.2
23;2021-07-17;220;478;71430;61120;61.4;52.6
23;2021-07-18;0;1;71430;61121;61.4;52.6
23;2021-07-19;703;630;72133;61751;62.0;53.1
23;2021-07-20;633;567;72766;62318;62.6;53.6
23;2021-07-21;702;635;73468;62953;63.2;54.1
23;2021-07-22;945;437;74413;63390;64.0;54.5
23;2021-07-23;841;507;75254;63897;64.7;55.0
23;2021-07-24;1010;439;76264;64336;65.6;55.3
23;2021-07-25;11;16;76275;64352;65.6;55.3
23;2021-07-26;787;567;77062;64919;66.3;55.8
23;2021-07-27;928;435;77990;65354;67.1;56.2
23;2021-07-28;877;414;78867;65768;67.8;56.6
23;2021-07-29;1049;400;79916;66168;68.7;56.9
23;2021-07-30;946;522;80862;66690;69.5;57.4
23;2021-07-31;1163;306;82025;66996;70.5;57.6
23;2021-08-01;18;8;82043;67004;70.6;57.6
23;2021-08-02;664;506;82707;67510;71.1;58.1
23;2021-08-03;757;459;83464;67969;71.8;58.5
23;2021-08-04;609;297;84073;68266;72.3;58.7
23;2021-08-05;684;365;84757;68631;72.9;59.0
23;2021-08-06;416;484;85173;69115;73.3;59.4
23;2021-08-07;290;189;85463;69304;73.5;59.6
23;2021-08-08;143;38;85606;69342;73.6;59.6
23;2021-08-09;490;492;86096;69834;74.0;60.1
23;2021-08-10;440;610;86536;70444;74.4;60.6
23;2021-08-11;426;489;86962;70933;74.8;61.0
23;2021-08-12;510;568;87472;71501;75.2;61.5
23;2021-08-13;415;578;87887;72079;75.6;62.0
23;2021-08-14;287;390;88174;72469;75.8;62.3
23;2021-08-15;27;9;88201;72478;75.9;62.3
23;2021-08-16;270;714;88471;73192;76.1;63.0
23;2021-08-17;276;729;88747;73921;76.3;63.6
23;2021-08-18;178;636;88925;74557;76.5;64.1
23;2021-08-19;257;727;89182;75284;76.7;64.7
23;2021-08-20;213;683;89395;75967;76.9;65.3
23;2021-08-21;130;499;89525;76466;77.0;65.8
23;2021-08-22;54;48;89579;76514;77.0;65.8
23;2021-08-23;149;819;89728;77333;77.2;66.5
23;2021-08-24;262;911;89990;78244;77.4;67.3
23;2021-08-25;186;792;90176;79036;77.6;68.0
24;2020-12-27;0;0;0;0;0.0;0.0
24;2020-12-28;1;0;1;0;0.0;0.0
24;2020-12-29;2;0;3;0;0.0;0.0
24;2020-12-30;1;0;4;0;0.0;0.0
24;2020-12-31;1;0;5;0;0.0;0.0
24;2021-01-01;0;0;5;0;0.0;0.0
24;2021-01-02;0;0;5;0;0.0;0.0
24;2021-01-03;0;0;5;0;0.0;0.0
24;2021-01-04;1;0;6;0;0.0;0.0
24;2021-01-05;1;0;7;0;0.0;0.0
24;2021-01-06;0;0;7;0;0.0;0.0
24;2021-01-07;190;0;197;0;0.0;0.0
24;2021-01-08;282;0;479;0;0.1;0.0
24;2021-01-09;185;13;664;13;0.2;0.0
24;2021-01-10;35;0;699;13;0.2;0.0
24;2021-01-11;269;0;968;13;0.2;0.0
24;2021-01-12;280;0;1248;13;0.3;0.0
24;2021-01-13;233;1;1481;14;0.4;0.0
24;2021-01-14;1013;15;2494;29;0.6;0.0
24;2021-01-15;605;6;3099;35;0.8;0.0
24;2021-01-16;87;0;3186;35;0.8;0.0
24;2021-01-17;2;1;3188;36;0.8;0.0
24;2021-01-18;300;0;3488;36;0.9;0.0
24;2021-01-19;467;1;3955;37;1.0;0.0
24;2021-01-20;553;0;4508;37;1.1;0.0
24;2021-01-21;645;6;5153;43;1.3;0.0
24;2021-01-22;514;1;5667;44;1.4;0.0
24;2021-01-23;151;1;5818;45;1.4;0.0
24;2021-01-24;2;0;5820;45;1.4;0.0
24;2021-01-25;441;0;6261;45;1.5;0.0
24;2021-01-26;637;66;6898;111;1.7;0.0
24;2021-01-27;1266;12;8164;123;2.0;0.0
24;2021-01-28;983;129;9147;252;2.2;0.1
24;2021-01-29;932;140;10079;392;2.5;0.1
24;2021-01-30;282;1;10361;393;2.5;0.1
24;2021-01-31;0;0;10361;393;2.5;0.1
24;2021-02-01;377;170;10738;563;2.6;0.1
24;2021-02-02;615;311;11353;874;2.8;0.2
24;2021-02-03;652;491;12005;1365;2.9;0.3
24;2021-02-04;977;392;12982;1757;3.2;0.4
24;2021-02-05;688;424;13670;2181;3.3;0.5
24;2021-02-06;140;35;13810;2216;3.4;0.5
24;2021-02-07;33;1;13843;2217;3.4;0.5
24;2021-02-08;309;237;14152;2454;3.5;0.6
24;2021-02-09;454;230;14606;2684;3.6;0.7
24;2021-02-10;376;110;14982;2794;3.7;0.7
24;2021-02-11;561;513;15543;3307;3.8;0.8
24;2021-02-12;495;392;16038;3699;3.9;0.9
24;2021-02-13;202;45;16240;3744;4.0;0.9
24;2021-02-14;89;0;16329;3744;4.0;0.9
24;2021-02-15;187;241;16516;3985;4.0;1.0
24;2021-02-16;335;522;16851;4507;4.1;1.1
24;2021-02-17;584;849;17435;5356;4.3;1.3
24;2021-02-18;443;734;17878;6090;4.4;1.5
24;2021-02-19;462;678;18340;6768;4.5;1.7
24;2021-02-20;163;140;18503;6908;4.5;1.7
24;2021-02-21;109;0;18612;6908;4.6;1.7
24;2021-02-22;426;529;19038;7437;4.7;1.8
24;2021-02-23;562;684;19600;8121;4.8;2.0
24;2021-02-24;538;832;20138;8953;4.9;2.2
24;2021-02-25;727;867;20865;9820;5.1;2.4
24;2021-02-26;976;973;21841;10793;5.3;2.6
24;2021-02-27;363;265;22204;11058;5.4;2.7
24;2021-02-28;25;4;22229;11062;5.4;2.7
24;2021-03-01;292;369;22521;11431;5.5;2.8
24;2021-03-02;539;417;23060;11848;5.6;2.9
24;2021-03-03;681;342;23741;12190;5.8;3.0
24;2021-03-04;915;508;24656;12698;6.0;3.1
24;2021-03-05;1065;566;25721;13264;6.3;3.2
24;2021-03-06;1126;143;26847;13407;6.6;3.3
24;2021-03-07;232;63;27079;13470;6.6;3.3
24;2021-03-08;531;257;27610;13727;6.8;3.4
24;2021-03-09;1173;442;28783;14169;7.0;3.5
24;2021-03-10;1142;453;29925;14622;7.3;3.6
24;2021-03-11;1604;464;31529;15086;7.7;3.7
24;2021-03-12;2050;444;33579;15530;8.2;3.8
24;2021-03-13;1347;201;34926;15731;8.6;3.9
24;2021-03-14;141;93;35067;15824;8.6;3.9
24;2021-03-15;953;172;36020;15996;8.8;3.9
24;2021-03-16;1144;232;37164;16228;9.1;4.0
24;2021-03-17;1216;289;38380;16517;9.4;4.0
24;2021-03-18;1055;559;39435;17076;9.7;4.2
24;2021-03-19;1252;540;40687;17616;10.0;4.3
24;2021-03-20;1055;150;41742;17766;10.2;4.4
24;2021-03-21;25;11;41767;17777;10.2;4.4
24;2021-03-22;1224;423;42991;18200;10.5;4.5
24;2021-03-23;1881;399;44872;18599;11.0;4.6
24;2021-03-24;1889;387;46761;18986;11.5;4.6
24;2021-03-25;1991;470;48752;19456;11.9;4.8
24;2021-03-26;2374;285;51126;19741;12.5;4.8
24;2021-03-27;1350;41;52476;19782;12.8;4.8
24;2021-03-28;63;9;52539;19791;12.9;4.8
24;2021-03-29;1673;326;54212;20117;13.3;4.9
24;2021-03-30;2408;396;56620;20513;13.9;5.0
24;2021-03-31;2181;311;58801;20824;14.4;5.1
24;2021-04-01;2194;311;60995;21135;14.9;5.2
24;2021-04-02;2072;394;63067;21529;15.4;5.3
24;2021-04-03;1376;122;64443;21651;15.8;5.3
24;2021-04-04;74;1;64517;21652;15.8;5.3
24;2021-04-05;947;59;65464;21711;16.0;5.3
24;2021-04-06;2353;702;67817;22413;16.6;5.5
24;2021-04-07;2717;693;70534;23106;17.3;5.7
24;2021-04-08;3007;966;73541;24072;18.0;5.9
24;2021-04-09;3488;1006;77029;25078;18.9;6.1
24;2021-04-10;2594;314;79623;25392;19.5;6.2
24;2021-04-11;1102;20;80725;25412;19.8;6.2
24;2021-04-12;2498;816;83223;26228;20.4;6.4
24;2021-04-13;2902;1204;86125;27432;21.1;6.7
24;2021-04-14;2939;1193;89064;28625;21.8;7.0
24;2021-04-15;2792;1102;91856;29727;22.5;7.3
24;2021-04-16;3266;974;95122;30701;23.3;7.5
24;2021-04-17;2272;501;97394;31202;23.8;7.6
24;2021-04-18;424;6;97818;31208;24.0;7.6
24;2021-04-19;1599;1013;99417;32221;24.3;7.9
24;2021-04-20;2268;1430;101685;33651;24.9;8.2
24;2021-04-21;2146;1442;103831;35093;25.4;8.6
24;2021-04-22;2061;1258;105892;36351;25.9;8.9
24;2021-04-23;1955;1333;107847;37684;26.4;9.2
24;2021-04-24;863;725;108710;38409;26.6;9.4
24;2021-04-25;54;4;108764;38413;26.6;9.4
24;2021-04-26;1296;1480;110060;39893;26.9;9.8
24;2021-04-27;1852;1880;111912;41773;27.4;10.2
24;2021-04-28;1506;1956;113418;43729;27.8;10.7
24;2021-04-29;1729;1892;115147;45621;28.2;11.2
24;2021-04-30;2271;1777;117418;47398;28.8;11.6
24;2021-05-01;2056;1067;119474;48465;29.3;11.9
24;2021-05-02;1924;215;121398;48680;29.7;11.9
24;2021-05-03;1474;1834;122872;50514;30.1;12.4
24;2021-05-04;2227;2305;125099;52819;30.6;12.9
24;2021-05-05;1890;2721;126989;55540;31.1;13.6
24;2021-05-06;1889;2796;128878;58336;31.6;14.3
24;2021-05-07;2265;2790;131143;61126;32.1;15.0
24;2021-05-08;1285;1152;132428;62278;32.4;15.2
24;2021-05-09;1168;901;133596;63179;32.7;15.5
24;2021-05-10;1095;2629;134691;65808;33.0;16.1
24;2021-05-11;2040;2798;136731;68606;33.5;16.8
24;2021-05-12;1924;2257;138655;70863;34.0;17.4
24;2021-05-13;1465;1215;140120;72078;34.3;17.6
24;2021-05-14;2378;1332;142498;73410;34.9;18.0
24;2021-05-15;2047;817;144545;74227;35.4;18.2
24;2021-05-16;1171;347;145716;74574;35.7;18.3
24;2021-05-17;2242;1254;147958;75828;36.2;18.6
24;2021-05-18;2483;1821;150441;77649;36.8;19.0
24;2021-05-19;2284;1377;152725;79026;37.4;19.4
24;2021-05-20;2374;1578;155099;80604;38.0;19.7
24;2021-05-21;2433;1416;157532;82020;38.6;20.1
24;2021-05-22;1719;408;159251;82428;39.0;20.2
24;2021-05-23;952;72;160203;82500;39.2;20.2
24;2021-05-24;1516;334;161719;82834;39.6;20.3
24;2021-05-25;2296;1386;164015;84220;40.2;20.6
24;2021-05-26;2149;1320;166164;85540;40.7;20.9
24;2021-05-27;1748;2195;167912;87735;41.1;21.5
24;2021-05-28;2145;2006;170057;89741;41.6;22.0
24;2021-05-29;1153;2090;171210;91831;41.9;22.5
24;2021-05-30;1418;171;172628;92002;42.3;22.5
24;2021-05-31;1743;1365;174371;93367;42.7;22.9
24;2021-06-01;2583;1979;176954;95346;43.3;23.3
24;2021-06-02;2653;1786;179607;97132;44.0;23.8
24;2021-06-03;2290;1465;181897;98597;44.5;24.1
24;2021-06-04;2381;1900;184278;100497;45.1;24.6
24;2021-06-05;2007;1417;186285;101914;45.6;25.0
24;2021-06-06;767;223;187052;102137;45.8;25.0
24;2021-06-07;1432;1496;188484;103633;46.2;25.4
24;2021-06-08;1678;1907;190162;105540;46.6;25.8
24;2021-06-09;1323;1598;191485;107138;46.9;26.2
24;2021-06-10;1576;1911;193061;109049;47.3;26.7
24;2021-06-11;1334;2082;194395;111131;47.6;27.2
24;2021-06-12;1123;2545;195518;113676;47.9;27.8
24;2021-06-13;1238;921;196756;114597;48.2;28.1
24;2021-06-14;1165;1858;197921;116455;48.5;28.5
24;2021-06-15;1486;2992;199407;119447;48.8;29.2
24;2021-06-16;1670;2732;201077;122179;49.2;29.9
24;2021-06-17;1544;2182;202621;124361;49.6;30.5
24;2021-06-18;1400;2864;204021;127225;50.0;31.2
24;2021-06-19;1275;1523;205296;128748;50.3;31.5
24;2021-06-20;514;501;205810;129249;50.4;31.6
24;2021-06-21;931;1836;206741;131085;50.6;32.1
24;2021-06-22;1453;2593;208194;133678;51.0;32.7
24;2021-06-23;1427;2421;209621;136099;51.3;33.3
24;2021-06-24;1138;1916;210759;138015;51.6;33.8
24;2021-06-25;968;2818;211727;140833;51.8;34.5
24;2021-06-26;864;2106;212591;142939;52.1;35.0
24;2021-06-27;402;978;212993;143917;52.2;35.2
24;2021-06-28;818;2483;213811;146400;52.4;35.8
24;2021-06-29;940;2869;214751;149269;52.6;36.6
24;2021-06-30;1112;2459;215863;151728;52.9;37.2
24;2021-07-01;1132;2300;216995;154028;53.1;37.7
24;2021-07-02;1097;2743;218092;156771;53.4;38.4
24;2021-07-03;811;1903;218903;158674;53.6;38.9
24;2021-07-04;410;1014;219313;159688;53.7;39.1
24;2021-07-05;792;2315;220105;162003;53.9;39.7
24;2021-07-06;880;3356;220985;165359;54.1;40.5
24;2021-07-07;1084;3041;222069;168400;54.4;41.2
24;2021-07-08;1342;2122;223411;170522;54.7;41.8
24;2021-07-09;1178;3220;224589;173742;55.0;42.5
24;2021-07-10;480;1963;225069;175705;55.1;43.0
24;2021-07-11;587;1189;225656;176894;55.3;43.3
24;2021-07-12;905;2519;226561;179413;55.5;43.9
24;2021-07-13;1324;3214;227885;182627;55.8;44.7
24;2021-07-14;617;1188;228502;183815;56.0;45.0
24;2021-07-15;1694;2777;230196;186592;56.4;45.7
24;2021-07-16;2148;2598;232344;189190;56.9;46.3
24;2021-07-17;1526;2237;233870;191427;57.3;46.9
24;2021-07-18;707;884;234577;192311;57.4;47.1
24;2021-07-19;1575;2188;236152;194499;57.8;47.6
24;2021-07-20;2017;2438;238169;196937;58.3;48.2
24;2021-07-21;1876;2327;240045;199264;58.8;48.8
24;2021-07-22;2347;2442;242392;201706;59.4;49.4
24;2021-07-23;2303;2621;244695;204327;59.9;50.0
24;2021-07-24;1807;1543;246502;205870;60.4;50.4
24;2021-07-25;816;872;247318;206742;60.6;50.6
24;2021-07-26;1572;2014;248890;208756;60.9;51.1
24;2021-07-27;2841;2287;251731;211043;61.6;51.7
24;2021-07-28;2732;1937;254463;212980;62.3;52.2
24;2021-07-29;3055;2232;257518;215212;63.1;52.7
24;2021-07-30;2463;1920;259981;217132;63.7;53.2
24;2021-07-31;1646;1560;261627;218692;64.1;53.5
24;2021-08-01;1113;653;262740;219345;64.3;53.7
24;2021-08-02;1940;1623;264680;220968;64.8;54.1
24;2021-08-03;2875;1911;267555;222879;65.5;54.6
24;2021-08-04;3076;1627;270631;224506;66.3;55.0
24;2021-08-05;3025;1437;273656;225943;67.0;55.3
24;2021-08-06;2531;1533;276187;227476;67.6;55.7
24;2021-08-07;1787;1119;277974;228595;68.1;56.0
24;2021-08-08;1101;681;279075;229276;68.3;56.1
24;2021-08-09;1723;1385;280798;230661;68.8;56.5
24;2021-08-10;2261;1780;283059;232441;69.3;56.9
24;2021-08-11;2264;1695;285323;234136;69.9;57.3
24;2021-08-12;1906;1959;287229;236095;70.3;57.8
24;2021-08-13;1529;1625;288758;237720;70.7;58.2
24;2021-08-14;1165;1243;289923;238963;71.0;58.5
24;2021-08-15;739;579;290662;239542;71.2;58.7
24;2021-08-16;1113;1704;291775;241246;71.4;59.1
24;2021-08-17;1626;2106;293401;243352;71.8;59.6
24;2021-08-18;1558;1920;294959;245272;72.2;60.1
24;2021-08-19;1113;2634;296072;247906;72.5;60.7
24;2021-08-20;1090;2426;297162;250332;72.8;61.3
24;2021-08-21;872;1629;298034;251961;73.0;61.7
24;2021-08-22;344;1094;298378;253055;73.1;62.0
24;2021-08-23;664;2035;299042;255090;73.2;62.5
24;2021-08-24;802;2387;299844;257477;73.4;63.0
24;2021-08-25;804;2314;300648;259791;73.6;63.6
25;2020-12-27;0;0;0;0;0.0;0.0
25;2020-12-28;1;0;1;0;0.0;0.0
25;2020-12-29;0;0;1;0;0.0;0.0
25;2020-12-30;0;0;1;0;0.0;0.0
25;2020-12-31;2;0;3;0;0.0;0.0
25;2021-01-01;0;0;3;0;0.0;0.0
25;2021-01-02;1;0;4;0;0.0;0.0
25;2021-01-03;0;0;4;0;0.0;0.0
25;2021-01-04;0;0;4;0;0.0;0.0
25;2021-01-05;1;0;5;0;0.0;0.0
25;2021-01-06;75;1;80;1;0.0;0.0
25;2021-01-07;236;1;316;2;0.1;0.0
25;2021-01-08;345;1;661;3;0.1;0.0
25;2021-01-09;102;0;763;3;0.1;0.0
25;2021-01-10;0;0;763;3;0.1;0.0
25;2021-01-11;502;5;1265;8;0.2;0.0
25;2021-01-12;683;2;1948;10;0.4;0.0
25;2021-01-13;627;9;2575;19;0.5;0.0
25;2021-01-14;897;17;3472;36;0.6;0.0
25;2021-01-15;785;9;4257;45;0.8;0.0
25;2021-01-16;206;1;4463;46;0.8;0.0
25;2021-01-17;112;0;4575;46;0.8;0.0
25;2021-01-18;1296;7;5871;53;1.1;0.0
25;2021-01-19;1411;5;7282;58;1.3;0.0
25;2021-01-20;1420;4;8702;62;1.6;0.0
25;2021-01-21;1841;3;10543;65;2.0;0.0
25;2021-01-22;1506;4;12049;69;2.2;0.0
25;2021-01-23;499;1;12548;70;2.3;0.0
25;2021-01-24;119;0;12667;70;2.3;0.0
25;2021-01-25;991;0;13658;70;2.5;0.0
25;2021-01-26;1488;42;15146;112;2.8;0.0
25;2021-01-27;1249;70;16395;182;3.0;0.0
25;2021-01-28;1090;76;17485;258;3.2;0.0
25;2021-01-29;905;233;18390;491;3.4;0.1
25;2021-01-30;293;92;18683;583;3.5;0.1
25;2021-01-31;2;0;18685;583;3.5;0.1
25;2021-02-01;612;221;19297;804;3.6;0.1
25;2021-02-02;674;414;19971;1218;3.7;0.2
25;2021-02-03;758;249;20729;1467;3.8;0.3
25;2021-02-04;715;446;21444;1913;4.0;0.4
25;2021-02-05;519;468;21963;2381;4.1;0.4
25;2021-02-06;198;156;22161;2537;4.1;0.5
25;2021-02-07;2;34;22163;2571;4.1;0.5
25;2021-02-08;613;509;22776;3080;4.2;0.6
25;2021-02-09;615;491;23391;3571;4.3;0.7
25;2021-02-10;817;490;24208;4061;4.5;0.8
25;2021-02-11;587;854;24795;4915;4.6;0.9
25;2021-02-12;413;549;25208;5464;4.7;1.0
25;2021-02-13;97;141;25305;5605;4.7;1.0
25;2021-02-14;0;0;25305;5605;4.7;1.0
25;2021-02-15;187;1036;25492;6641;4.7;1.2
25;2021-02-16;214;1454;25706;8095;4.8;1.5
25;2021-02-17;109;1340;25815;9435;4.8;1.7
25;2021-02-18;147;1434;25962;10869;4.8;2.0
25;2021-02-19;102;1268;26064;12137;4.8;2.2
25;2021-02-20;26;490;26090;12627;4.8;2.3
25;2021-02-21;1;143;26091;12770;4.8;2.4
25;2021-02-22;83;1065;26174;13835;4.9;2.6
25;2021-02-23;195;1081;26369;14916;4.9;2.8
25;2021-02-24;104;976;26473;15892;4.9;2.9
25;2021-02-25;522;1005;26995;16897;5.0;3.1
25;2021-02-26;607;982;27602;17879;5.1;3.3
25;2021-02-27;228;373;27830;18252;5.2;3.4
25;2021-02-28;5;1;27835;18253;5.2;3.4
25;2021-03-01;443;623;28278;18876;5.2;3.5
25;2021-03-02;653;836;28931;19712;5.4;3.7
25;2021-03-03;542;735;29473;20447;5.5;3.8
25;2021-03-04;1157;662;30630;21109;5.7;3.9
25;2021-03-05;1853;389;32483;21498;6.0;4.0
25;2021-03-06;1170;227;33653;21725;6.2;4.0
25;2021-03-07;9;8;33662;21733;6.2;4.0
25;2021-03-08;548;709;34210;22442;6.3;4.2
25;2021-03-09;1040;782;35250;23224;6.5;4.3
25;2021-03-10;1151;654;36401;23878;6.7;4.4
25;2021-03-11;1658;583;38059;24461;7.1;4.5
25;2021-03-12;1996;455;40055;24916;7.4;4.6
25;2021-03-13;1119;99;41174;25015;7.6;4.6
25;2021-03-14;35;0;41209;25015;7.6;4.6
25;2021-03-15;1126;142;42335;25157;7.8;4.7
25;2021-03-16;1286;119;43621;25276;8.1;4.7
25;2021-03-17;1414;137;45035;25413;8.3;4.7
25;2021-03-18;1528;83;46563;25496;8.6;4.7
25;2021-03-19;1595;127;48158;25623;8.9;4.7
25;2021-03-20;822;41;48980;25664;9.1;4.8
25;2021-03-21;24;0;49004;25664;9.1;4.8
25;2021-03-22;1485;86;50489;25750;9.4;4.8
25;2021-03-23;2162;142;52651;25892;9.8;4.8
25;2021-03-24;2419;93;55070;25985;10.2;4.8
25;2021-03-25;2837;189;57907;26174;10.7;4.9
25;2021-03-26;3159;177;61066;26351;11.3;4.9
25;2021-03-27;1110;87;62176;26438;11.5;4.9
25;2021-03-28;121;64;62297;26502;11.5;4.9
25;2021-03-29;1788;280;64085;26782;11.9;5.0
25;2021-03-30;2213;394;66298;27176;12.3;5.0
25;2021-03-31;2220;360;68518;27536;12.7;5.1
25;2021-04-01;2450;522;70968;28058;13.2;5.2
25;2021-04-02;2027;603;72995;28661;13.5;5.3
25;2021-04-03;447;110;73442;28771;13.6;5.3
25;2021-04-04;39;21;73481;28792;13.6;5.3
25;2021-04-05;145;4;73626;28796;13.6;5.3
25;2021-04-06;1937;686;75563;29482;14.0;5.5
25;2021-04-07;1878;852;77441;30334;14.4;5.6
25;2021-04-08;2434;826;79875;31160;14.8;5.8
25;2021-04-09;2597;996;82472;32156;15.3;6.0
25;2021-04-10;978;290;83450;32446;15.5;6.0
25;2021-04-11;105;28;83555;32474;15.5;6.0
25;2021-04-12;1558;967;85113;33441;15.8;6.2
25;2021-04-13;1989;1317;87102;34758;16.1;6.4
25;2021-04-14;1750;1218;88852;35976;16.5;6.7
25;2021-04-15;1999;1328;90851;37304;16.8;6.9
25;2021-04-16;2084;1004;92935;38308;17.2;7.1
25;2021-04-17;1105;415;94040;38723;17.4;7.2
25;2021-04-18;118;18;94158;38741;17.5;7.2
25;2021-04-19;1327;1245;95485;39986;17.7;7.4
25;2021-04-20;1615;1461;97100;41447;18.0;7.7
25;2021-04-21;1716;1632;98816;43079;18.3;8.0
25;2021-04-22;1859;1710;100675;44789;18.7;8.3
25;2021-04-23;1902;1766;102577;46555;19.0;8.6
25;2021-04-24;1281;704;103858;47259;19.3;8.8
25;2021-04-25;140;114;103998;47373;19.3;8.8
25;2021-04-26;1722;1685;105720;49058;19.6;9.1
25;2021-04-27;2804;1524;108524;50582;20.1;9.4
25;2021-04-28;2425;1558;110949;52140;20.6;9.7
25;2021-04-29;2649;1834;113598;53974;21.1;10.0
25;2021-04-30;3107;1579;116705;55553;21.6;10.3
25;2021-05-01;1789;334;118494;55887;22.0;10.4
25;2021-05-02;442;22;118936;55909;22.0;10.4
25;2021-05-03;2902;841;121838;56750;22.6;10.5
25;2021-05-04;2640;1883;124478;58633;23.1;10.9
25;2021-05-05;2598;1665;127076;60298;23.6;11.2
25;2021-05-06;2927;2167;130003;62465;24.1;11.6
25;2021-05-07;3063;2126;133066;64591;24.7;12.0
25;2021-05-08;1334;229;134400;64820;24.9;12.0
25;2021-05-09;244;87;134644;64907;25.0;12.0
25;2021-05-10;3130;1639;137774;66546;25.5;12.3
25;2021-05-11;3748;2041;141522;68587;26.2;12.7
25;2021-05-12;3688;1794;145210;70381;26.9;13.0
25;2021-05-13;3521;598;148731;70979;27.6;13.2
25;2021-05-14;4484;1308;153215;72287;28.4;13.4
25;2021-05-15;3282;710;156497;72997;29.0;13.5
25;2021-05-16;723;92;157220;73089;29.1;13.5
25;2021-05-17;4090;1093;161310;74182;29.9;13.8
25;2021-05-18;5205;1188;166515;75370;30.9;14.0
25;2021-05-19;5245;1131;171760;76501;31.8;14.2
25;2021-05-20;5134;1455;176894;77956;32.8;14.5
25;2021-05-21;5764;1980;182658;79936;33.9;14.8
25;2021-05-22;3176;722;185834;80658;34.4;15.0
25;2021-05-23;781;156;186615;80814;34.6;15.0
25;2021-05-24;1528;152;188143;80966;34.9;15.0
25;2021-05-25;3514;1647;191657;82613;35.5;15.3
25;2021-05-26;3976;1555;195633;84168;36.3;15.6
25;2021-05-27;4518;1902;200151;86070;37.1;16.0
25;2021-05-28;3994;2650;204145;88720;37.8;16.4
25;2021-05-29;2015;1022;206160;89742;38.2;16.6
25;2021-05-30;175;96;206335;89838;38.2;16.7
25;2021-05-31;2673;1712;209008;91550;38.7;17.0
25;2021-06-01;2729;2158;211737;93708;39.3;17.4
25;2021-06-02;2609;2249;214346;95957;39.7;17.8
25;2021-06-03;3274;2044;217620;98001;40.3;18.2
25;2021-06-04;3210;2409;220830;100410;40.9;18.6
25;2021-06-05;1491;1399;222321;101809;41.2;18.9
25;2021-06-06;986;259;223307;102068;41.4;18.9
25;2021-06-07;2784;2574;226091;104642;41.9;19.4
25;2021-06-08;2604;2760;228695;107402;42.4;19.9
25;2021-06-09;2382;2763;231077;110165;42.8;20.4
25;2021-06-10;2322;2655;233399;112820;43.3;20.9
25;2021-06-11;2711;3308;236110;116128;43.8;21.5
25;2021-06-12;1572;1861;237682;117989;44.1;21.9
25;2021-06-13;496;257;238178;118246;44.2;21.9
25;2021-06-14;1422;3756;239600;122002;44.4;22.6
25;2021-06-15;1643;3568;241243;125570;44.7;23.3
25;2021-06-16;1954;3270;243197;128840;45.1;23.9
25;2021-06-17;1474;3324;244671;132164;45.4;24.5
25;2021-06-18;2289;4296;246960;136460;45.8;25.3
25;2021-06-19;1351;1977;248311;138437;46.0;25.7
25;2021-06-20;57;239;248368;138676;46.0;25.7
25;2021-06-21;1139;4139;249507;142815;46.3;26.5
25;2021-06-22;1149;4676;250656;147491;46.5;27.3
25;2021-06-23;1406;4073;252062;151564;46.7;28.1
25;2021-06-24;1193;4083;253255;155647;46.9;28.9
25;2021-06-25;1641;5606;254896;161253;47.3;29.9
25;2021-06-26;626;3384;255522;164637;47.4;30.5
25;2021-06-27;451;879;255973;165516;47.5;30.7
25;2021-06-28;907;4475;256880;169991;47.6;31.5
25;2021-06-29;1132;5470;258012;175461;47.8;32.5
25;2021-06-30;1312;5369;259324;180830;48.1;33.5
25;2021-07-01;1709;5230;261033;186060;48.4;34.5
25;2021-07-02;1751;5060;262784;191120;48.7;35.4
25;2021-07-03;1041;2694;263825;193814;48.9;35.9
25;2021-07-04;409;722;264234;194536;49.0;36.1
25;2021-07-05;1300;2579;265534;197115;49.2;36.5
25;2021-07-06;1571;4748;267105;201863;49.5;37.4
25;2021-07-07;1597;4505;268702;206368;49.8;38.3
25;2021-07-08;1552;3930;270254;210298;50.1;39.0
25;2021-07-09;1797;4583;272051;214881;50.4;39.8
25;2021-07-10;780;2373;272831;217254;50.6;40.3
25;2021-07-11;126;307;272957;217561;50.6;40.3
25;2021-07-12;1405;3859;274362;221420;50.9;41.0
25;2021-07-13;2473;4771;276835;226191;51.3;41.9
25;2021-07-14;379;561;277214;226752;51.4;42.0
25;2021-07-15;2403;3656;279617;230408;51.8;42.7
25;2021-07-16;3483;3833;283100;234241;52.5;43.4
25;2021-07-17;2208;2036;285308;236277;52.9;43.8
25;2021-07-18;807;1299;286115;237576;53.0;44.0
25;2021-07-19;2545;4207;288660;241783;53.5;44.8
25;2021-07-20;3383;3710;292043;245493;54.1;45.5
25;2021-07-21;3300;3369;295343;248862;54.7;46.1
25;2021-07-22;3331;2983;298674;251845;55.4;46.7
25;2021-07-23;3564;3352;302238;255197;56.0;47.3
25;2021-07-24;1415;2270;303653;257467;56.3;47.7
25;2021-07-25;677;708;304330;258175;56.4;47.9
25;2021-07-26;3053;3012;307383;261187;57.0;48.4
25;2021-07-27;3831;2120;311214;263307;57.7;48.8
25;2021-07-28;3679;2112;314893;265419;58.4;49.2
25;2021-07-29;4310;2087;319203;267506;59.2;49.6
25;2021-07-30;4268;2481;323471;269987;60.0;50.0
25;2021-07-31;1818;1467;325289;271454;60.3;50.3
25;2021-08-01;1350;197;326639;271651;60.6;50.4
25;2021-08-02;2720;2214;329359;273865;61.1;50.8
25;2021-08-03;2827;2201;332186;276066;61.6;51.2
25;2021-08-04;2931;1421;335117;277487;62.1;51.4
25;2021-08-05;2192;1728;337309;279215;62.5;51.8
25;2021-08-06;2275;2345;339584;281560;63.0;52.2
25;2021-08-07;1289;1199;340873;282759;63.2;52.4
25;2021-08-08;319;476;341192;283235;63.2;52.5
25;2021-08-09;2017;2226;343209;285461;63.6;52.9
25;2021-08-10;1948;2513;345157;287974;64.0;53.4
25;2021-08-11;1827;2027;346984;290001;64.3;53.8
25;2021-08-12;2136;2493;349120;292494;64.7;54.2
25;2021-08-13;1685;2019;350805;294513;65.0;54.6
25;2021-08-14;952;1781;351757;296294;65.2;54.9
25;2021-08-15;9;45;351766;296339;65.2;54.9
25;2021-08-16;1243;3251;353009;299590;65.4;55.5
25;2021-08-17;1437;3285;354446;302875;65.7;56.1
25;2021-08-18;1228;2802;355674;305677;65.9;56.7
25;2021-08-19;979;2866;356653;308543;66.1;57.2
25;2021-08-20;1413;3690;358066;312233;66.4;57.9
25;2021-08-21;564;1776;358630;314009;66.5;58.2
25;2021-08-22;212;1270;358842;315279;66.5;58.4
25;2021-08-23;1091;3326;359933;318605;66.7;59.1
25;2021-08-24;1056;3225;360989;321830;66.9;59.7
25;2021-08-25;1011;3051;362000;324881;67.1;60.2
26;2020-12-27;0;0;0;0;0.0;0.0
26;2020-12-28;0;0;0;0;0.0;0.0
26;2020-12-29;0;0;0;0;0.0;0.0
26;2020-12-30;0;0;0;0;0.0;0.0
26;2020-12-31;0;0;0;0;0.0;0.0
26;2021-01-01;0;0;0;0;0.0;0.0
26;2021-01-02;0;0;0;0;0.0;0.0
26;2021-01-03;0;0;0;0;0.0;0.0
26;2021-01-04;0;0;0;0;0.0;0.0
26;2021-01-05;0;0;0;0;0.0;0.0
26;2021-01-06;0;0;0;0;0.0;0.0
26;2021-01-07;168;0;168;0;0.0;0.0
26;2021-01-08;125;0;293;0;0.1;0.0
26;2021-01-09;2;0;295;0;0.1;0.0
26;2021-01-10;0;0;295;0;0.1;0.0
26;2021-01-11;266;1;561;1;0.1;0.0
26;2021-01-12;176;1;737;2;0.1;0.0
26;2021-01-13;417;1;1154;3;0.2;0.0
26;2021-01-14;488;0;1642;3;0.3;0.0
26;2021-01-15;562;1;2204;4;0.4;0.0
26;2021-01-16;250;1;2454;5;0.5;0.0
26;2021-01-17;0;0;2454;5;0.5;0.0
26;2021-01-18;637;1;3091;6;0.6;0.0
26;2021-01-19;785;3;3876;9;0.7;0.0
26;2021-01-20;742;0;4618;9;0.9;0.0
26;2021-01-21;806;5;5424;14;1.0;0.0
26;2021-01-22;787;4;6211;18;1.2;0.0
26;2021-01-23;563;3;6774;21;1.3;0.0
26;2021-01-24;24;0;6798;21;1.3;0.0
26;2021-01-25;697;2;7495;23;1.4;0.0
26;2021-01-26;801;4;8296;27;1.6;0.0
26;2021-01-27;822;9;9118;36;1.8;0.0
26;2021-01-28;1329;169;10447;205;2.0;0.0
26;2021-01-29;970;66;11417;271;2.2;0.1
26;2021-01-30;606;5;12023;276;2.3;0.1
26;2021-01-31;24;0;12047;276;2.3;0.1
26;2021-02-01;709;188;12756;464;2.5;0.1
26;2021-02-02;1274;212;14030;676;2.7;0.1
26;2021-02-03;1236;259;15266;935;2.9;0.2
26;2021-02-04;985;454;16251;1389;3.1;0.3
26;2021-02-05;672;333;16923;1722;3.3;0.3
26;2021-02-06;408;239;17331;1961;3.3;0.4
26;2021-02-07;57;2;17388;1963;3.3;0.4
26;2021-02-08;544;418;17932;2381;3.4;0.5
26;2021-02-09;616;475;18548;2856;3.6;0.5
26;2021-02-10;665;340;19213;3196;3.7;0.6
26;2021-02-11;753;329;19966;3525;3.8;0.7
26;2021-02-12;591;449;20557;3974;3.9;0.8
26;2021-02-13;388;336;20945;4310;4.0;0.8
26;2021-02-14;36;0;20981;4310;4.0;0.8
26;2021-02-15;414;529;21395;4839;4.1;0.9
26;2021-02-16;294;555;21689;5394;4.2;1.0
26;2021-02-17;196;740;21885;6134;4.2;1.2
26;2021-02-18;337;895;22222;7029;4.3;1.4
26;2021-02-19;341;806;22563;7835;4.3;1.5
26;2021-02-20;95;489;22658;8324;4.4;1.6
26;2021-02-21;3;24;22661;8348;4.4;1.6
26;2021-02-22;144;716;22805;9064;4.4;1.7
26;2021-02-23;397;999;23202;10063;4.5;1.9
26;2021-02-24;344;1223;23546;11286;4.5;2.2
26;2021-02-25;735;1071;24281;12357;4.7;2.4
26;2021-02-26;926;641;25207;12998;4.8;2.5
26;2021-02-27;279;511;25486;13509;4.9;2.6
26;2021-02-28;3;30;25489;13539;4.9;2.6
26;2021-03-01;458;659;25947;14198;5.0;2.7
26;2021-03-02;741;634;26688;14832;5.1;2.8
26;2021-03-03;730;683;27418;15515;5.3;3.0
26;2021-03-04;1044;583;28462;16098;5.5;3.1
26;2021-03-05;1710;524;30172;16622;5.8;3.2
26;2021-03-06;2773;499;32945;17121;6.3;3.3
26;2021-03-07;2990;217;35935;17338;6.9;3.3
26;2021-03-08;910;653;36845;17991;7.1;3.5
26;2021-03-09;1325;559;38170;18550;7.3;3.6
26;2021-03-10;1219;513;39389;19063;7.6;3.7
26;2021-03-11;1608;654;40997;19717;7.9;3.8
26;2021-03-12;2215;478;43212;20195;8.3;3.9
26;2021-03-13;1886;345;45098;20540;8.7;3.9
26;2021-03-14;69;39;45167;20579;8.7;4.0
26;2021-03-15;1652;251;46819;20830;9.0;4.0
26;2021-03-16;1232;515;48051;21345;9.2;4.1
26;2021-03-17;1369;306;49420;21651;9.5;4.2
26;2021-03-18;1587;281;51007;21932;9.8;4.2
26;2021-03-19;2444;348;53451;22280;10.3;4.3
26;2021-03-20;1289;150;54740;22430;10.5;4.3
26;2021-03-21;61;20;54801;22450;10.5;4.3
26;2021-03-22;1846;195;56647;22645;10.9;4.4
26;2021-03-23;2474;276;59121;22921;11.4;4.4
26;2021-03-24;2551;244;61672;23165;11.8;4.5
26;2021-03-25;3042;339;64714;23504;12.4;4.5
26;2021-03-26;3050;355;67764;23859;13.0;4.6
26;2021-03-27;1245;157;69009;24016;13.3;4.6
26;2021-03-28;94;7;69103;24023;13.3;4.6
26;2021-03-29;1907;407;71010;24430;13.6;4.7
26;2021-03-30;2382;548;73392;24978;14.1;4.8
26;2021-03-31;2229;581;75621;25559;14.5;4.9
26;2021-04-01;2276;782;77897;26341;15.0;5.1
26;2021-04-02;2213;990;80110;27331;15.4;5.3
26;2021-04-03;552;1201;80662;28532;15.5;5.5
26;2021-04-04;215;888;80877;29420;15.5;5.7
26;2021-04-05;556;53;81433;29473;15.6;5.7
26;2021-04-06;1486;833;82919;30306;15.9;5.8
26;2021-04-07;1792;901;84711;31207;16.3;6.0
26;2021-04-08;3004;933;87715;32140;16.9;6.2
26;2021-04-09;3416;1005;91131;33145;17.5;6.4
26;2021-04-10;1356;923;92487;34068;17.8;6.5
26;2021-04-11;89;35;92576;34103;17.8;6.6
26;2021-04-12;1714;1128;94290;35231;18.1;6.8
26;2021-04-13;2797;1456;97087;36687;18.7;7.0
26;2021-04-14;2207;1484;99294;38171;19.1;7.3
26;2021-04-15;2275;1587;101569;39758;19.5;7.6
26;2021-04-16;2270;1592;103839;41350;19.9;7.9
26;2021-04-17;1096;841;104935;42191;20.2;8.1
26;2021-04-18;35;52;104970;42243;20.2;8.1
26;2021-04-19;1547;1574;106517;43817;20.5;8.4
26;2021-04-20;1799;1728;108316;45545;20.8;8.7
26;2021-04-21;2012;1510;110328;47055;21.2;9.0
26;2021-04-22;2290;1605;112618;48660;21.6;9.3
26;2021-04-23;2010;1636;114628;50296;22.0;9.7
26;2021-04-24;1655;844;116283;51140;22.3;9.8
26;2021-04-25;629;94;116912;51234;22.5;9.8
26;2021-04-26;1377;1600;118289;52834;22.7;10.1
26;2021-04-27;1986;1686;120275;54520;23.1;10.5
26;2021-04-28;1867;1546;122142;56066;23.5;10.8
26;2021-04-29;2866;1894;125008;57960;24.0;11.1
26;2021-04-30;2627;1765;127635;59725;24.5;11.5
26;2021-05-01;1538;381;129173;60106;24.8;11.5
26;2021-05-02;1086;118;130259;60224;25.0;11.6
26;2021-05-03;2201;1787;132460;62011;25.4;11.9
26;2021-05-04;2614;2354;135074;64365;25.9;12.4
26;2021-05-05;2772;2199;137846;66564;26.5;12.8
26;2021-05-06;3321;2219;141167;68783;27.1;13.2
26;2021-05-07;2860;2260;144027;71043;27.7;13.6
26;2021-05-08;1959;622;145986;71665;28.0;13.8
26;2021-05-09;713;123;146699;71788;28.2;13.8
26;2021-05-10;3022;1823;149721;73611;28.8;14.1
26;2021-05-11;4443;2188;154164;75799;29.6;14.6
26;2021-05-12;4827;1692;158991;77491;30.5;14.9
26;2021-05-13;4364;613;163355;78104;31.4;15.0
26;2021-05-14;4643;1549;167998;79653;32.3;15.3
26;2021-05-15;4469;626;172467;80279;33.1;15.4
26;2021-05-16;3631;344;176098;80623;33.8;15.5
26;2021-05-17;3657;1482;179755;82105;34.5;15.8
26;2021-05-18;4477;1744;184232;83849;35.4;16.1
26;2021-05-19;4485;1451;188717;85300;36.3;16.4
26;2021-05-20;4685;1756;193402;87056;37.2;16.7
26;2021-05-21;4728;1799;198130;88855;38.1;17.1
26;2021-05-22;3189;687;201319;89542;38.7;17.2
26;2021-05-23;1598;183;202917;89725;39.0;17.2
26;2021-05-24;3790;743;206707;90468;39.7;17.4
26;2021-05-25;3592;2340;210299;92808;40.4;17.8
26;2021-05-26;4180;2270;214479;95078;41.2;18.3
26;2021-05-27;4215;2464;218694;97542;42.0;18.7
26;2021-05-28;3777;2768;222471;100310;42.7;19.3
26;2021-05-29;3087;1655;225558;101965;43.3;19.6
26;2021-05-30;322;71;225880;102036;43.4;19.6
26;2021-05-31;3081;1851;228961;103887;44.0;20.0
26;2021-06-01;3108;2307;232069;106194;44.6;20.4
26;2021-06-02;2870;2214;234939;108408;45.1;20.8
26;2021-06-03;2851;2493;237790;110901;45.7;21.3
26;2021-06-04;2660;2904;240450;113805;46.2;21.9
26;2021-06-05;1804;1694;242254;115499;46.5;22.2
26;2021-06-06;9;0;242263;115499;46.5;22.2
26;2021-06-07;2347;2427;244610;117926;47.0;22.7
26;2021-06-08;2455;2292;247065;120218;47.5;23.1
26;2021-06-09;2095;2388;249160;122606;47.9;23.6
26;2021-06-10;1980;2761;251140;125367;48.2;24.1
26;2021-06-11;1895;3273;253035;128640;48.6;24.7
26;2021-06-12;1219;1791;254254;130431;48.8;25.1
26;2021-06-13;97;214;254351;130645;48.9;25.1
26;2021-06-14;1416;3498;255767;134143;49.1;25.8
26;2021-06-15;1585;3963;257352;138106;49.4;26.5
26;2021-06-16;1785;3466;259137;141572;49.8;27.2
26;2021-06-17;1509;3166;260646;144738;50.1;27.8
26;2021-06-18;1796;4367;262442;149105;50.4;28.6
26;2021-06-19;933;3180;263375;152285;50.6;29.3
26;2021-06-20;264;875;263639;153160;50.6;29.4
26;2021-06-21;1005;4548;264644;157708;50.8;30.3
26;2021-06-22;1062;5119;265706;162827;51.0;31.3
26;2021-06-23;1167;5072;266873;167899;51.3;32.3
26;2021-06-24;1260;4541;268133;172440;51.5;33.1
26;2021-06-25;1017;5540;269150;177980;51.7;34.2
26;2021-06-26;662;3821;269812;181801;51.8;34.9
26;2021-06-27;300;1273;270112;183074;51.9;35.2
26;2021-06-28;778;4755;270890;187829;52.0;36.1
26;2021-06-29;1099;4962;271989;192791;52.2;37.0
26;2021-06-30;1412;4890;273401;197681;52.5;38.0
26;2021-07-01;1651;4392;275052;202073;52.8;38.8
26;2021-07-02;1334;5162;276386;207235;53.1;39.8
26;2021-07-03;770;3323;277156;210558;53.2;40.4
26;2021-07-04;333;633;277489;211191;53.3;40.6
26;2021-07-05;889;4678;278378;215869;53.5;41.5
26;2021-07-06;1266;4202;279644;220071;53.7;42.3
26;2021-07-07;1442;3796;281086;223867;54.0;43.0
26;2021-07-08;2387;3329;283473;227196;54.5;43.6
26;2021-07-09;1558;4791;285031;231987;54.8;44.6
26;2021-07-10;910;2914;285941;234901;54.9;45.1
26;2021-07-11;334;349;286275;235250;55.0;45.2
26;2021-07-12;1114;4218;287389;239468;55.2;46.0
26;2021-07-13;2300;4341;289689;243809;55.6;46.8
26;2021-07-14;1058;813;290747;244622;55.9;47.0
26;2021-07-15;3169;3654;293916;248276;56.5;47.7
26;2021-07-16;3001;3691;296917;251967;57.0;48.4
26;2021-07-17;1877;1814;298794;253781;57.4;48.8
26;2021-07-18;20;24;298814;253805;57.4;48.8
26;2021-07-19;2723;3265;301537;257070;57.9;49.4
26;2021-07-20;3704;3367;305241;260437;58.6;50.0
26;2021-07-21;3588;3088;308829;263525;59.3;50.6
26;2021-07-22;4120;2962;312949;266487;60.1;51.2
26;2021-07-23;3859;3396;316808;269883;60.9;51.8
26;2021-07-24;2344;1358;319152;271241;61.3;52.1
26;2021-07-25;608;93;319760;271334;61.4;52.1
26;2021-07-26;3427;2581;323187;273915;62.1;52.6
26;2021-07-27;4825;2621;328012;276536;63.0;53.1
26;2021-07-28;4530;2384;332542;278920;63.9;53.6
26;2021-07-29;3895;2890;336437;281810;64.6;54.1
26;2021-07-30;3480;2670;339917;284480;65.3;54.6
26;2021-07-31;1144;1009;341061;285489;65.5;54.8
26;2021-08-01;412;108;341473;285597;65.6;54.9
26;2021-08-02;2940;2358;344413;287955;66.2;55.3
26;2021-08-03;3290;2290;347703;290245;66.8;55.8
26;2021-08-04;3978;2009;351681;292254;67.6;56.1
26;2021-08-05;3134;2197;354815;294451;68.2;56.6
26;2021-08-06;3124;2637;357939;297088;68.8;57.1
26;2021-08-07;639;843;358578;297931;68.9;57.2
26;2021-08-08;28;13;358606;297944;68.9;57.2
26;2021-08-09;2181;3061;360787;301005;69.3;57.8
26;2021-08-10;2328;3039;363115;304044;69.8;58.4
26;2021-08-11;2063;2717;365178;306761;70.2;58.9
26;2021-08-12;1771;2583;366949;309344;70.5;59.4
26;2021-08-13;1662;2416;368611;311760;70.8;59.9
26;2021-08-14;271;870;368882;312630;70.9;60.1
26;2021-08-15;6;8;368888;312638;70.9;60.1
26;2021-08-16;1176;3287;370064;315925;71.1;60.7
26;2021-08-17;1506;3146;371570;319071;71.4;61.3
26;2021-08-18;1621;3378;373191;322449;71.7;61.9
26;2021-08-19;1552;3061;374743;325510;72.0;62.5
26;2021-08-20;1412;2974;376155;328484;72.3;63.1
26;2021-08-21;592;1087;376747;329571;72.4;63.3
26;2021-08-22;62;378;376809;329949;72.4;63.4
26;2021-08-23;1590;3612;378399;333561;72.7;64.1
26;2021-08-24;1729;3582;380128;337143;73.0;64.8
26;2021-08-25;1601;3648;381729;340791;73.3;65.5
27;2020-12-27;1;0;1;0;0.0;0.0
27;2020-12-28;0;0;1;0;0.0;0.0
27;2020-12-29;1;0;2;0;0.0;0.0
27;2020-12-30;0;0;2;0;0.0;0.0
27;2020-12-31;0;0;2;0;0.0;0.0
27;2021-01-01;0;0;2;0;0.0;0.0
27;2021-01-02;0;0;2;0;0.0;0.0
27;2021-01-03;2;0;4;0;0.0;0.0
27;2021-01-04;0;0;4;0;0.0;0.0
27;2021-01-05;15;0;19;0;0.0;0.0
27;2021-01-06;161;0;180;0;0.0;0.0
27;2021-01-07;372;1;552;1;0.1;0.0
27;2021-01-08;442;0;994;1;0.2;0.0
27;2021-01-09;72;1;1066;2;0.2;0.0
27;2021-01-10;101;0;1167;2;0.2;0.0
27;2021-01-11;383;0;1550;2;0.3;0.0
27;2021-01-12;409;2;1959;4;0.3;0.0
27;2021-01-13;839;1;2798;5;0.5;0.0
27;2021-01-14;1629;26;4427;31;0.7;0.0
27;2021-01-15;1220;5;5647;36;0.9;0.0
27;2021-01-16;333;2;5980;38;1.0;0.0
27;2021-01-17;205;0;6185;38;1.0;0.0
27;2021-01-18;799;2;6984;40;1.2;0.0
27;2021-01-19;773;3;7757;43;1.3;0.0
27;2021-01-20;871;0;8628;43;1.4;0.0
27;2021-01-21;655;1;9283;44;1.5;0.0
27;2021-01-22;779;4;10062;48;1.7;0.0
27;2021-01-23;350;0;10412;48;1.7;0.0
27;2021-01-24;169;6;10581;54;1.8;0.0
27;2021-01-25;635;15;11216;69;1.9;0.0
27;2021-01-26;462;17;11678;86;1.9;0.0
27;2021-01-27;506;105;12184;191;2.0;0.0
27;2021-01-28;517;295;12701;486;2.1;0.1
27;2021-01-29;509;109;13210;595;2.2;0.1
27;2021-01-30;242;30;13452;625;2.2;0.1
27;2021-01-31;27;24;13479;649;2.2;0.1
27;2021-02-01;349;194;13828;843;2.3;0.1
27;2021-02-02;307;280;14135;1123;2.4;0.2
27;2021-02-03;488;401;14623;1524;2.4;0.3
27;2021-02-04;717;888;15340;2412;2.6;0.4
27;2021-02-05;662;1141;16002;3553;2.7;0.6
27;2021-02-06;125;223;16127;3776;2.7;0.6
27;2021-02-07;25;42;16152;3818;2.7;0.6
27;2021-02-08;310;377;16462;4195;2.7;0.7
27;2021-02-09;341;555;16803;4750;2.8;0.8
27;2021-02-10;303;521;17106;5271;2.8;0.9
27;2021-02-11;318;454;17424;5725;2.9;1.0
27;2021-02-12;229;544;17653;6269;2.9;1.0
27;2021-02-13;151;133;17804;6402;3.0;1.1
27;2021-02-14;6;93;17810;6495;3.0;1.1
27;2021-02-15;389;595;18199;7090;3.0;1.2
27;2021-02-16;295;736;18494;7826;3.1;1.3
27;2021-02-17;247;638;18741;8464;3.1;1.4
27;2021-02-18;363;685;19104;9149;3.2;1.5
27;2021-02-19;218;690;19322;9839;3.2;1.6
27;2021-02-20;129;251;19451;10090;3.2;1.7
27;2021-02-21;12;136;19463;10226;3.2;1.7
27;2021-02-22;482;567;19945;10793;3.3;1.8
27;2021-02-23;495;623;20440;11416;3.4;1.9
27;2021-02-24;543;647;20983;12063;3.5;2.0
27;2021-02-25;844;756;21827;12819;3.6;2.1
27;2021-02-26;953;691;22780;13510;3.8;2.2
27;2021-02-27;406;160;23186;13670;3.9;2.3
27;2021-02-28;173;31;23359;13701;3.9;2.3
27;2021-03-01;487;441;23846;14142;4.0;2.4
27;2021-03-02;765;368;24611;14510;4.1;2.4
27;2021-03-03;852;363;25463;14873;4.2;2.5
27;2021-03-04;887;234;26350;15107;4.4;2.5
27;2021-03-05;1304;237;27654;15344;4.6;2.6
27;2021-03-06;1637;109;29291;15453;4.9;2.6
27;2021-03-07;620;17;29911;15470;5.0;2.6
27;2021-03-08;1204;304;31115;15774;5.2;2.6
27;2021-03-09;1827;266;32942;16040;5.5;2.7
27;2021-03-10;2116;346;35058;16386;5.8;2.7
27;2021-03-11;2156;223;37214;16609;6.2;2.8
27;2021-03-12;2818;200;40032;16809;6.7;2.8
27;2021-03-13;1919;124;41951;16933;7.0;2.8
27;2021-03-14;655;14;42606;16947;7.1;2.8
27;2021-03-15;1555;215;44161;17162;7.4;2.9
27;2021-03-16;1487;239;45648;17401;7.6;2.9
27;2021-03-17;1852;343;47500;17744;7.9;3.0
27;2021-03-18;1687;345;49187;18089;8.2;3.0
27;2021-03-19;1832;171;51019;18260;8.5;3.0
27;2021-03-20;903;40;51922;18300;8.6;3.0
27;2021-03-21;258;3;52180;18303;8.7;3.0
27;2021-03-22;1234;544;53414;18847;8.9;3.1
27;2021-03-23;1626;460;55040;19307;9.2;3.2
27;2021-03-24;1523;477;56563;19784;9.4;3.3
27;2021-03-25;2162;506;58725;20290;9.8;3.4
27;2021-03-26;2530;444;61255;20734;10.2;3.5
27;2021-03-27;1568;200;62823;20934;10.5;3.5
27;2021-03-28;1149;49;63972;20983;10.6;3.5
27;2021-03-29;1376;834;65348;21817;10.9;3.6
27;2021-03-30;1391;848;66739;22665;11.1;3.8
27;2021-03-31;1487;876;68226;23541;11.4;3.9
27;2021-04-01;1954;812;70180;24353;11.7;4.1
27;2021-04-02;2000;1181;72180;25534;12.0;4.3
27;2021-04-03;1562;739;73742;26273;12.3;4.4
27;2021-04-04;978;175;74720;26448;12.4;4.4
27;2021-04-05;282;6;75002;26454;12.5;4.4
27;2021-04-06;1416;1804;76418;28258;12.7;4.7
27;2021-04-07;1323;1747;77741;30005;12.9;5.0
27;2021-04-08;1683;1680;79424;31685;13.2;5.3
27;2021-04-09;2947;1562;82371;33247;13.7;5.5
27;2021-04-10;2033;984;84404;34231;14.1;5.7
27;2021-04-11;946;211;85350;34442;14.2;5.7
27;2021-04-12;2435;1512;87785;35954;14.6;6.0
27;2021-04-13;2393;1550;90178;37504;15.0;6.2
27;2021-04-14;2086;1629;92264;39133;15.4;6.5
27;2021-04-15;1876;1665;94140;40798;15.7;6.8
27;2021-04-16;2752;1115;96892;41913;16.1;7.0
27;2021-04-17;2169;495;99061;42408;16.5;7.1
27;2021-04-18;453;16;99514;42424;16.6;7.1
27;2021-04-19;1713;1175;101227;43599;16.9;7.3
27;2021-04-20;2386;1303;103613;44902;17.2;7.5
27;2021-04-21;2209;1079;105822;45981;17.6;7.7
27;2021-04-22;2179;1414;108001;47395;18.0;7.9
27;2021-04-23;2448;1178;110449;48573;18.4;8.1
27;2021-04-24;3258;1145;113707;49718;18.9;8.3
27;2021-04-25;1130;1052;114837;50770;19.1;8.5
27;2021-04-26;1924;1146;116761;51916;19.4;8.6
27;2021-04-27;2529;1092;119290;53008;19.9;8.8
27;2021-04-28;2393;1313;121683;54321;20.3;9.0
27;2021-04-29;2492;1474;124175;55795;20.7;9.3
27;2021-04-30;2371;1614;126546;57409;21.1;9.6
27;2021-05-01;2638;888;129184;58297;21.5;9.7
27;2021-05-02;1953;897;131137;59194;21.8;9.9
27;2021-05-03;3064;881;134201;60075;22.3;10.0
27;2021-05-04;2781;1648;136982;61723;22.8;10.3
27;2021-05-05;2817;1651;139799;63374;23.3;10.6
27;2021-05-06;3184;1292;142983;64666;23.8;10.8
27;2021-05-07;3324;2002;146307;66668;24.4;11.1
27;2021-05-08;2802;1331;149109;67999;24.8;11.3
27;2021-05-09;1696;298;150805;68297;25.1;11.4
27;2021-05-10;2950;2271;153755;70568;25.6;11.7
27;2021-05-11;3357;1760;157112;72328;26.2;12.0
27;2021-05-12;3463;1728;160575;74056;26.7;12.3
27;2021-05-13;1892;255;162467;74311;27.0;12.4
27;2021-05-14;3884;1789;166351;76100;27.7;12.7
27;2021-05-15;6603;955;172954;77055;28.8;12.8
27;2021-05-16;3668;436;176622;77491;29.4;12.9
27;2021-05-17;2776;1162;179398;78653;29.9;13.1
27;2021-05-18;3845;1293;183243;79946;30.5;13.3
27;2021-05-19;3967;1154;187210;81100;31.2;13.5
27;2021-05-20;3874;1167;191084;82267;31.8;13.7
27;2021-05-21;3968;1801;195052;84068;32.5;14.0
27;2021-05-22;4369;802;199421;84870;33.2;14.1
27;2021-05-23;800;173;200221;85043;33.3;14.2
27;2021-05-24;1490;340;201711;85383;33.6;14.2
27;2021-05-25;3513;1608;205224;86991;34.2;14.5
27;2021-05-26;3857;1739;209081;88730;34.8;14.8
27;2021-05-27;3788;1487;212869;90217;35.4;15.0
27;2021-05-28;3399;2630;216268;92847;36.0;15.5
27;2021-05-29;4824;2300;221092;95147;36.8;15.8
27;2021-05-30;1118;248;222210;95395;37.0;15.9
27;2021-05-31;3465;2275;225675;97670;37.6;16.3
27;2021-06-01;3816;2246;229491;99916;38.2;16.6
27;2021-06-02;3341;2185;232832;102101;38.8;17.0
27;2021-06-03;4430;2126;237262;104227;39.5;17.4
27;2021-06-04;3602;2973;240864;107200;40.1;17.8
27;2021-06-05;3210;3350;244074;110550;40.6;18.4
27;2021-06-06;2004;1008;246078;111558;41.0;18.6
27;2021-06-07;2569;2358;248647;113916;41.4;19.0
27;2021-06-08;3127;2377;251774;116293;41.9;19.4
27;2021-06-09;2304;2469;254078;118762;42.3;19.8
27;2021-06-10;2431;2040;256509;120802;42.7;20.1
27;2021-06-11;2889;3773;259398;124575;43.2;20.7
27;2021-06-12;1982;4190;261380;128765;43.5;21.4
27;2021-06-13;1083;2686;262463;131451;43.7;21.9
27;2021-06-14;1995;3114;264458;134565;44.0;22.4
27;2021-06-15;2687;3021;267145;137586;44.5;22.9
27;2021-06-16;2502;3261;269647;140847;44.9;23.4
27;2021-06-17;2295;3284;271942;144131;45.3;24.0
27;2021-06-18;2746;4419;274688;148550;45.7;24.7
27;2021-06-19;1863;3392;276551;151942;46.0;25.3
27;2021-06-20;608;711;277159;152653;46.1;25.4
27;2021-06-21;1703;3493;278862;156146;46.4;26.0
27;2021-06-22;2384;3719;281246;159865;46.8;26.6
27;2021-06-23;2075;3571;283321;163436;47.2;27.2
27;2021-06-24;2256;3413;285577;166849;47.5;27.8
27;2021-06-25;1935;4458;287512;171307;47.9;28.5
27;2021-06-26;884;5353;288396;176660;48.0;29.4
27;2021-06-27;377;1427;288773;178087;48.1;29.6
27;2021-06-28;1128;3405;289901;181492;48.3;30.2
27;2021-06-29;1702;4367;291603;185859;48.5;30.9
27;2021-06-30;2117;4095;293720;189954;48.9;31.6
27;2021-07-01;2225;3909;295945;193863;49.3;32.3
27;2021-07-02;1589;4617;297534;198480;49.5;33.0
27;2021-07-03;1308;4774;298842;203254;49.8;33.8
27;2021-07-04;503;1402;299345;204656;49.8;34.1
27;2021-07-05;1419;3531;300764;208187;50.1;34.7
27;2021-07-06;1369;4181;302133;212368;50.3;35.4
27;2021-07-07;1759;4901;303892;217269;50.6;36.2
27;2021-07-08;2089;4349;305981;221618;50.9;36.9
27;2021-07-09;1984;5286;307965;226904;51.3;37.8
27;2021-07-10;1167;4178;309132;231082;51.5;38.5
27;2021-07-11;425;1139;309557;232221;51.5;38.7
27;2021-07-12;1253;4374;310810;236595;51.7;39.4
27;2021-07-13;2759;5352;313569;241947;52.2;40.3
27;2021-07-14;1518;1751;315087;243698;52.5;40.6
27;2021-07-15;3034;5468;318121;249166;53.0;41.5
27;2021-07-16;3821;5288;321942;254454;53.6;42.4
27;2021-07-17;2734;3877;324676;258331;54.1;43.0
27;2021-07-18;551;1265;325227;259596;54.1;43.2
27;2021-07-19;3688;3790;328915;263386;54.8;43.8
27;2021-07-20;3458;3586;332373;266972;55.3;44.4
27;2021-07-21;4251;3899;336624;270871;56.0;45.1
27;2021-07-22;4750;3707;341374;274578;56.8;45.7
27;2021-07-23;3591;3401;344965;277979;57.4;46.3
27;2021-07-24;3112;2329;348077;280308;57.9;46.7
27;2021-07-25;493;544;348570;280852;58.0;46.8
27;2021-07-26;3064;3177;351634;284029;58.5;47.3
27;2021-07-27;3593;3103;355227;287132;59.1;47.8
27;2021-07-28;3583;3245;358810;290377;59.7;48.3
27;2021-07-29;4587;3508;363397;293885;60.5;48.9
27;2021-07-30;3808;3146;367205;297031;61.1;49.4
27;2021-07-31;3055;2578;370260;299609;61.6;49.9
27;2021-08-01;536;498;370796;300107;61.7;50.0
27;2021-08-02;3313;2581;374109;302688;62.3;50.4
27;2021-08-03;3422;2776;377531;305464;62.8;50.9
27;2021-08-04;3023;2331;380554;307795;63.4;51.2
27;2021-08-05;2664;2359;383218;310154;63.8;51.6
27;2021-08-06;3246;3250;386464;313404;64.3;52.2
27;2021-08-07;1791;2554;388255;315958;64.6;52.6
27;2021-08-08;219;197;388474;316155;64.7;52.6
27;2021-08-09;2204;2810;390678;318965;65.0;53.1
27;2021-08-10;2808;3503;393486;322468;65.5;53.7
27;2021-08-11;2620;3100;396106;325568;65.9;54.2
27;2021-08-12;2351;3906;398457;329474;66.3;54.8
27;2021-08-13;1730;2558;400187;332032;66.6;55.3
27;2021-08-14;1159;2889;401346;334921;66.8;55.8
27;2021-08-15;16;22;401362;334943;66.8;55.8
27;2021-08-16;1806;3808;403168;338751;67.1;56.4
27;2021-08-17;2040;3438;405208;342189;67.5;57.0
27;2021-08-18;1451;2981;406659;345170;67.7;57.5
27;2021-08-19;1705;3354;408364;348524;68.0;58.0
27;2021-08-20;1629;3437;409993;351961;68.3;58.6
27;2021-08-21;983;2846;410976;354807;68.4;59.1
27;2021-08-22;184;155;411160;354962;68.4;59.1
27;2021-08-23;1076;4003;412236;358965;68.6;59.8
27;2021-08-24;1424;3962;413660;362927;68.9;60.4
27;2021-08-25;1661;3393;415321;366320;69.1;61.0
28;2020-12-27;0;0;0;0;0.0;0.0
28;2020-12-28;0;0;0;0;0.0;0.0
28;2020-12-29;0;0;0;0;0.0;0.0
28;2020-12-30;0;0;0;0;0.0;0.0
28;2020-12-31;0;0;0;0;0.0;0.0
28;2021-01-01;1;0;1;0;0.0;0.0
28;2021-01-02;0;0;1;0;0.0;0.0
28;2021-01-03;0;0;1;0;0.0;0.0
28;2021-01-04;0;0;1;0;0.0;0.0
28;2021-01-05;5;0;6;0;0.0;0.0
28;2021-01-06;84;0;90;0;0.0;0.0
28;2021-01-07;102;0;192;0;0.0;0.0
28;2021-01-08;134;2;326;2;0.1;0.0
28;2021-01-09;78;0;404;2;0.1;0.0
28;2021-01-10;1;0;405;2;0.1;0.0
28;2021-01-11;204;0;609;2;0.1;0.0
28;2021-01-12;265;2;874;4;0.2;0.0
28;2021-01-13;397;3;1271;7;0.3;0.0
28;2021-01-14;449;5;1720;12;0.4;0.0
28;2021-01-15;374;3;2094;15;0.5;0.0
28;2021-01-16;206;2;2300;17;0.5;0.0
28;2021-01-17;21;0;2321;17;0.5;0.0
28;2021-01-18;372;2;2693;19;0.6;0.0
28;2021-01-19;503;4;3196;23;0.7;0.0
28;2021-01-20;636;1;3832;24;0.9;0.0
28;2021-01-21;796;3;4628;27;1.1;0.0
28;2021-01-22;478;1;5106;28;1.2;0.0
28;2021-01-23;354;0;5460;28;1.3;0.0
28;2021-01-24;1;0;5461;28;1.3;0.0
28;2021-01-25;456;4;5917;32;1.4;0.0
28;2021-01-26;718;4;6635;36;1.5;0.0
28;2021-01-27;1213;50;7848;86;1.8;0.0
28;2021-01-28;1587;93;9435;179;2.2;0.0
28;2021-01-29;896;98;10331;277;2.4;0.1
28;2021-01-30;248;54;10579;331;2.5;0.1
28;2021-01-31;2;22;10581;353;2.5;0.1
28;2021-02-01;324;122;10905;475;2.5;0.1
28;2021-02-02;368;239;11273;714;2.6;0.2
28;2021-02-03;473;258;11746;972;2.7;0.2
28;2021-02-04;525;278;12271;1250;2.9;0.3
28;2021-02-05;436;227;12707;1477;3.0;0.3
28;2021-02-06;200;129;12907;1606;3.0;0.4
28;2021-02-07;0;0;12907;1606;3.0;0.4
28;2021-02-08;331;250;13238;1856;3.1;0.4
28;2021-02-09;281;344;13519;2200;3.1;0.5
28;2021-02-10;443;400;13962;2600;3.3;0.6
28;2021-02-11;562;490;14524;3090;3.4;0.7
28;2021-02-12;453;433;14977;3523;3.5;0.8
28;2021-02-13;181;191;15158;3714;3.5;0.9
28;2021-02-14;0;2;15158;3716;3.5;0.9
28;2021-02-15;280;474;15438;4190;3.6;1.0
28;2021-02-16;394;709;15832;4899;3.7;1.1
28;2021-02-17;585;1157;16417;6056;3.8;1.4
28;2021-02-18;665;1401;17082;7457;4.0;1.7
28;2021-02-19;548;765;17630;8222;4.1;1.9
28;2021-02-20;114;145;17744;8367;4.1;1.9
28;2021-02-21;7;33;17751;8400;4.1;2.0
28;2021-02-22;223;521;17974;8921;4.2;2.1
28;2021-02-23;203;379;18177;9300;4.2;2.2
28;2021-02-24;244;478;18421;9778;4.3;2.3
28;2021-02-25;574;452;18995;10230;4.4;2.4
28;2021-02-26;764;378;19759;10608;4.6;2.5
28;2021-02-27;265;86;20024;10694;4.7;2.5
28;2021-02-28;23;17;20047;10711;4.7;2.5
28;2021-03-01;291;216;20338;10927;4.7;2.5
28;2021-03-02;397;277;20735;11204;4.8;2.6
28;2021-03-03;369;399;21104;11603;4.9;2.7
28;2021-03-04;719;488;21823;12091;5.1;2.8
28;2021-03-05;1319;420;23142;12511;5.4;2.9
28;2021-03-06;1998;87;25140;12598;5.9;2.9
28;2021-03-07;974;30;26114;12628;6.1;2.9
28;2021-03-08;398;309;26512;12937;6.2;3.0
28;2021-03-09;980;360;27492;13297;6.4;3.1
28;2021-03-10;1357;545;28849;13842;6.7;3.2
28;2021-03-11;1536;703;30385;14545;7.1;3.4
28;2021-03-12;2258;644;32643;15189;7.6;3.5
28;2021-03-13;1235;132;33878;15321;7.9;3.6
28;2021-03-14;518;18;34396;15339;8.0;3.6
28;2021-03-15;755;231;35151;15570;8.2;3.6
28;2021-03-16;716;225;35867;15795;8.4;3.7
28;2021-03-17;746;289;36613;16084;8.5;3.7
28;2021-03-18;1201;276;37814;16360;8.8;3.8
28;2021-03-19;1557;333;39371;16693;9.2;3.9
28;2021-03-20;639;21;40010;16714;9.3;3.9
28;2021-03-21;28;8;40038;16722;9.3;3.9
28;2021-03-22;767;321;40805;17043;9.5;4.0
28;2021-03-23;1027;194;41832;17237;9.7;4.0
28;2021-03-24;1312;278;43144;17515;10.0;4.1
28;2021-03-25;1797;289;44941;17804;10.5;4.1
28;2021-03-26;2083;344;47024;18148;11.0;4.2
28;2021-03-27;402;38;47426;18186;11.0;4.2
28;2021-03-28;12;0;47438;18186;11.0;4.2
28;2021-03-29;1140;356;48578;18542;11.3;4.3
28;2021-03-30;1712;251;50290;18793;11.7;4.4
28;2021-03-31;2018;483;52308;19276;12.2;4.5
28;2021-04-01;1796;587;54104;19863;12.6;4.6
28;2021-04-02;1585;1320;55689;21183;13.0;4.9
28;2021-04-03;607;1071;56296;22254;13.1;5.2
28;2021-04-04;33;302;56329;22556;13.1;5.3
28;2021-04-05;40;3;56369;22559;13.1;5.3
28;2021-04-06;1225;460;57594;23019;13.4;5.4
28;2021-04-07;1890;1004;59484;24023;13.9;5.6
28;2021-04-08;2086;1072;61570;25095;14.3;5.8
28;2021-04-09;3235;922;64805;26017;15.1;6.1
28;2021-04-10;1582;198;66387;26215;15.5;6.1
28;2021-04-11;141;451;66528;26666;15.5;6.2
28;2021-04-12;1674;561;68202;27227;15.9;6.3
28;2021-04-13;1875;671;70077;27898;16.3;6.5
28;2021-04-14;2771;903;72848;28801;17.0;6.7
28;2021-04-15;2555;1142;75403;29943;17.6;7.0
28;2021-04-16;2553;803;77956;30746;18.2;7.2
28;2021-04-17;2309;134;80265;30880;18.7;7.2
28;2021-04-18;45;8;80310;30888;18.7;7.2
28;2021-04-19;1577;648;81887;31536;19.1;7.3
28;2021-04-20;1841;598;83728;32134;19.5;7.5
28;2021-04-21;2679;964;86407;33098;20.1;7.7
28;2021-04-22;1782;1217;88189;34315;20.5;8.0
28;2021-04-23;2324;1104;90513;35419;21.1;8.2
28;2021-04-24;3657;136;94170;35555;21.9;8.3
28;2021-04-25;1012;37;95182;35592;22.2;8.3
28;2021-04-26;1331;926;96513;36518;22.5;8.5
28;2021-04-27;1435;1284;97948;37802;22.8;8.8
28;2021-04-28;2374;1828;100322;39630;23.4;9.2
28;2021-04-29;2129;1504;102451;41134;23.9;9.6
28;2021-04-30;2973;1226;105424;42360;24.6;9.9
28;2021-05-01;127;121;105551;42481;24.6;9.9
28;2021-05-02;2;65;105553;42546;24.6;9.9
28;2021-05-03;1046;1020;106599;43566;24.8;10.1
28;2021-05-04;1360;1669;107959;45235;25.1;10.5
28;2021-05-05;2830;1650;110789;46885;25.8;10.9
28;2021-05-06;2456;1475;113245;48360;26.4;11.3
28;2021-05-07;2310;1934;115555;50294;26.9;11.7
28;2021-05-08;1077;117;116632;50411;27.2;11.7
28;2021-05-09;105;610;116737;51021;27.2;11.9
28;2021-05-10;1308;1893;118045;52914;27.5;12.3
28;2021-05-11;2028;2345;120073;55259;28.0;12.9
28;2021-05-12;2619;3233;122692;58492;28.6;13.6
28;2021-05-13;290;451;122982;58943;28.6;13.7
28;2021-05-14;1898;1618;124880;60561;29.1;14.1
28;2021-05-15;1436;1674;126316;62235;29.4;14.5
28;2021-05-16;1987;130;128303;62365;29.9;14.5
28;2021-05-17;2875;1495;131178;63860;30.5;14.9
28;2021-05-18;3382;1382;134560;65242;31.3;15.2
28;2021-05-19;5092;1282;139652;66524;32.5;15.5
28;2021-05-20;4149;1231;143801;67755;33.5;15.8
28;2021-05-21;3465;1587;147266;69342;34.3;16.1
28;2021-05-22;728;1162;147994;70504;34.5;16.4
28;2021-05-23;1957;137;149951;70641;34.9;16.5
28;2021-05-24;1429;395;151380;71036;35.3;16.5
28;2021-05-25;1877;1408;153257;72444;35.7;16.9
28;2021-05-26;2765;1346;156022;73790;36.3;17.2
28;2021-05-27;2755;1234;158777;75024;37.0;17.5
28;2021-05-28;3081;1735;161858;76759;37.7;17.9
28;2021-05-29;1869;876;163727;77635;38.1;18.1
28;2021-05-30;16;47;163743;77682;38.1;18.1
28;2021-05-31;2014;937;165757;78619;38.6;18.3
28;2021-06-01;2134;1663;167891;80282;39.1;18.7
28;2021-06-02;2077;2458;169968;82740;39.6;19.3
28;2021-06-03;2498;1563;172466;84303;40.2;19.6
28;2021-06-04;2609;2358;175075;86661;40.8;20.2
28;2021-06-05;1909;2529;176984;89190;41.2;20.8
28;2021-06-06;1059;1044;178043;90234;41.5;21.0
28;2021-06-07;3577;1576;181620;91810;42.3;21.4
28;2021-06-08;3195;1517;184815;93327;43.0;21.7
28;2021-06-09;3676;2130;188491;95457;43.9;22.2
28;2021-06-10;3142;1263;191633;96720;44.6;22.5
28;2021-06-11;3793;2133;195426;98853;45.5;23.0
28;2021-06-12;1305;560;196731;99413;45.8;23.2
28;2021-06-13;385;108;197116;99521;45.9;23.2
28;2021-06-14;2208;1999;199324;101520;46.4;23.6
28;2021-06-15;2092;2225;201416;103745;46.9;24.2
28;2021-06-16;2510;3982;203926;107727;47.5;25.1
28;2021-06-17;1925;3135;205851;110862;47.9;25.8
28;2021-06-18;2471;3788;208322;114650;48.5;26.7
28;2021-06-19;776;1612;209098;116262;48.7;27.1
28;2021-06-20;23;24;209121;116286;48.7;27.1
28;2021-06-21;1684;1990;210805;118276;49.1;27.5
28;2021-06-22;1370;2107;212175;120383;49.4;28.0
28;2021-06-23;1782;3164;213957;123547;49.8;28.8
28;2021-06-24;733;930;214690;124477;50.0;29.0
28;2021-06-25;1891;3028;216581;127505;50.4;29.7
28;2021-06-26;309;2115;216890;129620;50.5;30.2
28;2021-06-27;588;1284;217478;130904;50.6;30.5
28;2021-06-28;1226;3657;218704;134561;50.9;31.3
28;2021-06-29;1342;3797;220046;138358;51.2;32.2
28;2021-06-30;1492;4259;221538;142617;51.6;33.2
28;2021-07-01;1278;3501;222816;146118;51.9;34.0
28;2021-07-02;1313;4654;224129;150772;52.2;35.1
28;2021-07-03;1132;2369;225261;153141;52.5;35.7
28;2021-07-04;146;1325;225407;154466;52.5;36.0
28;2021-07-05;1362;2511;226769;156977;52.8;36.6
28;2021-07-06;1510;2869;228279;159846;53.2;37.2
28;2021-07-07;1637;4144;229916;163990;53.5;38.2
28;2021-07-08;1470;3239;231386;167229;53.9;38.9
28;2021-07-09;1392;4521;232778;171750;54.2;40.0
28;2021-07-10;528;2209;233306;173959;54.3;40.5
28;2021-07-11;2;1;233308;173960;54.3;40.5
28;2021-07-12;1527;3929;234835;177889;54.7;41.4
28;2021-07-13;2263;4141;237098;182030;55.2;42.4
28;2021-07-14;1329;1396;238427;183426;55.5;42.7
28;2021-07-15;2986;3977;241413;187403;56.2;43.6
28;2021-07-16;2443;4754;243856;192157;56.8;44.7
28;2021-07-17;1264;2430;245120;194587;57.1;45.3
28;2021-07-18;372;944;245492;195531;57.2;45.5
28;2021-07-19;1806;4341;247298;199872;57.6;46.5
28;2021-07-20;2473;4089;249771;203961;58.2;47.5
28;2021-07-21;2965;4284;252736;208245;58.9;48.5
28;2021-07-22;3665;3427;256401;211672;59.7;49.3
28;2021-07-23;2959;4001;259360;215673;60.4;50.2
28;2021-07-24;1693;1474;261053;217147;60.8;50.6
28;2021-07-25;68;61;261121;217208;60.8;50.6
28;2021-07-26;2931;3386;264052;220594;61.5;51.4
28;2021-07-27;3885;2620;267937;223214;62.4;52.0
28;2021-07-28;3948;2740;271885;225954;63.3;52.6
28;2021-07-29;4458;2084;276343;228038;64.4;53.1
28;2021-07-30;3807;2838;280150;230876;65.2;53.8
28;2021-07-31;761;824;280911;231700;65.4;54.0
28;2021-08-01;378;65;281289;231765;65.5;54.0
28;2021-08-02;1789;1518;283078;233283;65.9;54.3
28;2021-08-03;2682;2162;285760;235445;66.5;54.8
28;2021-08-04;1930;2300;287690;237745;67.0;55.4
28;2021-08-05;1655;1731;289345;239476;67.4;55.8
28;2021-08-06;1610;1966;290955;241442;67.8;56.2
28;2021-08-07;796;1002;291751;242444;67.9;56.5
28;2021-08-08;22;33;291773;242477;67.9;56.5
28;2021-08-09;1380;1090;293153;243567;68.3;56.7
28;2021-08-10;1701;2025;294854;245592;68.7;57.2
28;2021-08-11;1269;1572;296123;247164;69.0;57.6
28;2021-08-12;1161;1884;297284;249048;69.2;58.0
28;2021-08-13;1287;1646;298571;250694;69.5;58.4
28;2021-08-14;655;842;299226;251536;69.7;58.6
28;2021-08-15;265;60;299491;251596;69.7;58.6
28;2021-08-16;857;2143;300348;253739;69.9;59.1
28;2021-08-17;1117;2795;301465;256534;70.2;59.7
28;2021-08-18;887;2411;302352;258945;70.4;60.3
28;2021-08-19;881;2612;303233;261557;70.6;60.9
28;2021-08-20;926;2749;304159;264306;70.8;61.5
28;2021-08-21;379;1000;304538;265306;70.9;61.8
28;2021-08-22;8;31;304546;265337;70.9;61.8
28;2021-08-23;1039;2143;305585;267480;71.2;62.3
28;2021-08-24;849;2582;306434;270062;71.4;62.9
28;2021-08-25;1059;2206;307493;272268;71.6;63.4
29;2020-12-27;0;0;0;0;0.0;0.0
29;2020-12-28;0;0;0;0;0.0;0.0
29;2020-12-29;0;0;0;0;0.0;0.0
29;2020-12-30;0;0;0;0;0.0;0.0
29;2020-12-31;0;0;0;0;0.0;0.0
29;2021-01-01;2;0;2;0;0.0;0.0
29;2021-01-02;0;0;2;0;0.0;0.0
29;2021-01-03;1;0;3;0;0.0;0.0
29;2021-01-04;32;0;35;0;0.0;0.0
29;2021-01-05;31;0;66;0;0.0;0.0
29;2021-01-06;43;0;109;0;0.0;0.0
29;2021-01-07;137;0;246;0;0.0;0.0
29;2021-01-08;408;0;654;0;0.1;0.0
29;2021-01-09;2;0;656;0;0.1;0.0
29;2021-01-10;2;0;658;0;0.1;0.0
29;2021-01-11;667;0;1325;0;0.1;0.0
29;2021-01-12;1120;0;2445;0;0.3;0.0
29;2021-01-13;1101;2;3546;2;0.4;0.0
29;2021-01-14;894;4;4440;6;0.5;0.0
29;2021-01-15;1221;7;5661;13;0.6;0.0
29;2021-01-16;168;1;5829;14;0.6;0.0
29;2021-01-17;112;1;5941;15;0.7;0.0
29;2021-01-18;839;3;6780;18;0.7;0.0
29;2021-01-19;1299;1;8079;19;0.9;0.0
29;2021-01-20;2394;2;10473;21;1.2;0.0
29;2021-01-21;5652;6;16125;27;1.8;0.0
29;2021-01-22;3769;5;19894;32;2.2;0.0
29;2021-01-23;537;0;20431;32;2.3;0.0
29;2021-01-24;200;1;20631;33;2.3;0.0
29;2021-01-25;575;7;21206;40;2.3;0.0
29;2021-01-26;951;34;22157;74;2.4;0.0
29;2021-01-27;1286;54;23443;128;2.6;0.0
29;2021-01-28;802;137;24245;265;2.7;0.0
29;2021-01-29;780;205;25025;470;2.8;0.1
29;2021-01-30;281;4;25306;474;2.8;0.1
29;2021-01-31;80;5;25386;479;2.8;0.1
29;2021-02-01;429;448;25815;927;2.8;0.1
29;2021-02-02;876;823;26691;1750;2.9;0.2
29;2021-02-03;810;894;27501;2644;3.0;0.3
29;2021-02-04;867;642;28368;3286;3.1;0.4
29;2021-02-05;675;585;29043;3871;3.2;0.4
29;2021-02-06;247;102;29290;3973;3.2;0.4
29;2021-02-07;78;105;29368;4078;3.2;0.4
29;2021-02-08;383;446;29751;4524;3.3;0.5
29;2021-02-09;863;852;30614;5376;3.4;0.6
29;2021-02-10;1150;1019;31764;6395;3.5;0.7
29;2021-02-11;1796;4164;33560;10559;3.7;1.2
29;2021-02-12;2324;2503;35884;13062;4.0;1.4
29;2021-02-13;638;413;36522;13475;4.0;1.5
29;2021-02-14;12;229;36534;13704;4.0;1.5
29;2021-02-15;266;948;36800;14652;4.1;1.6
29;2021-02-16;887;1059;37687;15711;4.2;1.7
29;2021-02-17;801;855;38488;16566;4.2;1.8
29;2021-02-18;1530;846;40018;17412;4.4;1.9
29;2021-02-19;1413;1003;41431;18415;4.6;2.0
29;2021-02-20;204;366;41635;18781;4.6;2.1
29;2021-02-21;162;169;41797;18950;4.6;2.1
29;2021-02-22;773;563;42570;19513;4.7;2.2
29;2021-02-23;1271;909;43841;20422;4.8;2.3
29;2021-02-24;1470;824;45311;21246;5.0;2.3
29;2021-02-25;2509;902;47820;22148;5.3;2.4
29;2021-02-26;2676;715;50496;22863;5.6;2.5
29;2021-02-27;1284;280;51780;23143;5.7;2.6
29;2021-02-28;200;72;51980;23215;5.7;2.6
29;2021-03-01;945;483;52925;23698;5.8;2.6
29;2021-03-02;1817;799;54742;24497;6.0;2.7
29;2021-03-03;2092;1017;56834;25514;6.3;2.8
29;2021-03-04;2843;1556;59677;27070;6.6;3.0
29;2021-03-05;3540;1682;63217;28752;7.0;3.2
29;2021-03-06;2000;439;65217;29191;7.2;3.2
29;2021-03-07;412;83;65629;29274;7.2;3.2
29;2021-03-08;1274;594;66903;29868;7.4;3.3
29;2021-03-09;2605;976;69508;30844;7.7;3.4
29;2021-03-10;2427;872;71935;31716;7.9;3.5
29;2021-03-11;4519;1000;76454;32716;8.4;3.6
29;2021-03-12;5271;968;81725;33684;9.0;3.7
29;2021-03-13;2825;409;84550;34093;9.3;3.8
29;2021-03-14;365;3;84915;34096;9.4;3.8
29;2021-03-15;2049;270;86964;34366;9.6;3.8
29;2021-03-16;1822;742;88786;35108;9.8;3.9
29;2021-03-17;1861;716;90647;35824;10.0;4.0
29;2021-03-18;1865;1038;92512;36862;10.2;4.1
29;2021-03-19;3266;881;95778;37743;10.6;4.2
29;2021-03-20;1914;222;97692;37965;10.8;4.2
29;2021-03-21;132;11;97824;37976;10.8;4.2
29;2021-03-22;1647;557;99471;38533;11.0;4.3
29;2021-03-23;3441;1035;102912;39568;11.4;4.4
29;2021-03-24;3781;1025;106693;40593;11.8;4.5
29;2021-03-25;4818;1071;111511;41664;12.3;4.6
29;2021-03-26;5423;1170;116934;42834;12.9;4.7
29;2021-03-27;2429;332;119363;43166;13.2;4.8
29;2021-03-28;198;50;119561;43216;13.2;4.8
29;2021-03-29;2041;824;121602;44040;13.4;4.9
29;2021-03-30;3975;1329;125577;45369;13.9;5.0
29;2021-03-31;3937;1155;129514;46524;14.3;5.1
29;2021-04-01;5024;1145;134538;47669;14.8;5.3
29;2021-04-02;4766;1169;139304;48838;15.4;5.4
29;2021-04-03;2500;538;141804;49376;15.6;5.4
29;2021-04-04;146;33;141950;49409;15.7;5.5
29;2021-04-05;972;331;142922;49740;15.8;5.5
29;2021-04-06;3198;1237;146120;50977;16.1;5.6
29;2021-04-07;3653;940;149773;51917;16.5;5.7
29;2021-04-08;5286;2057;155059;53974;17.1;6.0
29;2021-04-09;6750;1564;161809;55538;17.8;6.1
29;2021-04-10;3499;706;165308;56244;18.2;6.2
29;2021-04-11;120;80;165428;56324;18.2;6.2
29;2021-04-12;3853;1481;169281;57805;18.7;6.4
29;2021-04-13;5862;1760;175143;59565;19.3;6.6
29;2021-04-14;4762;1743;179905;61308;19.8;6.8
29;2021-04-15;7172;1729;187077;63037;20.6;7.0
29;2021-04-16;6703;1354;193780;64391;21.4;7.1
29;2021-04-17;3828;970;197608;65361;21.8;7.2
29;2021-04-18;489;40;198097;65401;21.9;7.2
29;2021-04-19;3881;1464;201978;66865;22.3;7.4
29;2021-04-20;4397;2135;206375;69000;22.8;7.6
29;2021-04-21;4376;2200;210751;71200;23.2;7.9
29;2021-04-22;6645;2856;217396;74056;24.0;8.2
29;2021-04-23;6047;2196;223443;76252;24.6;8.4
29;2021-04-24;4007;1318;227450;77570;25.1;8.6
29;2021-04-25;433;169;227883;77739;25.1;8.6
29;2021-04-26;5261;1882;233144;79621;25.7;8.8
29;2021-04-27;5333;3197;238477;82818;26.3;9.1
29;2021-04-28;5355;2903;243832;85721;26.9;9.5
29;2021-04-29;6593;3347;250425;89068;27.6;9.8
29;2021-04-30;6267;3914;256692;92982;28.3;10.3
29;2021-05-01;1986;978;258678;93960;28.5;10.4
29;2021-05-02;1249;195;259927;94155;28.7;10.4
29;2021-05-03;4542;2291;264469;96446;29.2;10.6
29;2021-05-04;4110;3741;268579;100187;29.6;11.1
29;2021-05-05;4518;3408;273097;103595;30.1;11.4
29;2021-05-06;6237;3716;279334;107311;30.8;11.8
29;2021-05-07;5984;4621;285318;111932;31.5;12.3
29;2021-05-08;2094;564;287412;112496;31.7;12.4
29;2021-05-09;1727;137;289139;112633;31.9;12.4
29;2021-05-10;4760;3770;293899;116403;32.4;12.8
29;2021-05-11;4711;5000;298610;121403;32.9;13.4
29;2021-05-12;5026;4384;303636;125787;33.5;13.9
29;2021-05-13;3441;1501;307077;127288;33.9;14.0
29;2021-05-14;5650;4006;312727;131294;34.5;14.5
29;2021-05-15;4048;2314;316775;133608;34.9;14.7
29;2021-05-16;1588;294;318363;133902;35.1;14.8
29;2021-05-17;5564;3133;323927;137035;35.7;15.1
29;2021-05-18;5732;3099;329659;140134;36.4;15.5
29;2021-05-19;6210;2973;335869;143107;37.0;15.8
29;2021-05-20;7176;4570;343045;147677;37.8;16.3
29;2021-05-21;7216;3816;350261;151493;38.6;16.7
29;2021-05-22;5342;2130;355603;153623;39.2;16.9
29;2021-05-23;1631;65;357234;153688;39.4;17.0
29;2021-05-24;3485;535;360719;154223;39.8;17.0
29;2021-05-25;5836;3044;366555;157267;40.4;17.3
29;2021-05-26;5894;2995;372449;160262;41.1;17.7
29;2021-05-27;6827;3988;379276;164250;41.8;18.1
29;2021-05-28;6548;4451;385824;168701;42.6;18.6
29;2021-05-29;4382;2807;390206;171508;43.0;18.9
29;2021-05-30;1115;360;391321;171868;43.2;19.0
29;2021-05-31;6384;3457;397705;175325;43.9;19.3
29;2021-06-01;6603;4353;404308;179678;44.6;19.8
29;2021-06-02;6167;4134;410475;183812;45.3;20.3
29;2021-06-03;7696;4529;418171;188341;46.1;20.8
29;2021-06-04;6813;6166;424984;194507;46.9;21.5
29;2021-06-05;5350;3036;430334;197543;47.5;21.8
29;2021-06-06;1285;538;431619;198081;47.6;21.8
29;2021-06-07;4660;5564;436279;203645;48.1;22.5
29;2021-06-08;7176;5209;443455;208854;48.9;23.0
29;2021-06-09;6409;4754;449864;213608;49.6;23.6
29;2021-06-10;7774;5066;457638;218674;50.5;24.1
29;2021-06-11;8478;5875;466116;224549;51.4;24.8
29;2021-06-12;6568;2814;472684;227363;52.1;25.1
29;2021-06-13;2352;1372;475036;228735;52.4;25.2
29;2021-06-14;4033;6323;479069;235058;52.8;25.9
29;2021-06-15;5477;6187;484546;241245;53.4;26.6
29;2021-06-16;5571;5632;490117;246877;54.1;27.2
29;2021-06-17;6364;6310;496481;253187;54.8;27.9
29;2021-06-18;6116;7489;502597;260676;55.4;28.8
29;2021-06-19;4624;3526;507221;264202;56.0;29.1
29;2021-06-20;891;1453;508112;265655;56.0;29.3
29;2021-06-21;3760;6497;511872;272152;56.5;30.0
29;2021-06-22;4488;6427;516360;278579;57.0;30.7
29;2021-06-23;4672;6130;521032;284709;57.5;31.4
29;2021-06-24;4809;6748;525841;291457;58.0;32.1
29;2021-06-25;3599;7533;529440;298990;58.4;33.0
29;2021-06-26;2129;4094;531569;303084;58.6;33.4
29;2021-06-27;968;1631;532537;304715;58.7;33.6
29;2021-06-28;2842;6863;535379;311578;59.1;34.4
29;2021-06-29;2811;7730;538190;319308;59.4;35.2
29;2021-06-30;3045;7509;541235;326817;59.7;36.1
29;2021-07-01;3789;8421;545024;335238;60.1;37.0
29;2021-07-02;3605;9671;548629;344909;60.5;38.0
29;2021-07-03;2328;6056;550957;350965;60.8;38.7
29;2021-07-04;816;1771;551773;352736;60.9;38.9
29;2021-07-05;1915;7160;553688;359896;61.1;39.7
29;2021-07-06;1537;8010;555225;367906;61.2;40.6
29;2021-07-07;1707;7040;556932;374946;61.4;41.4
29;2021-07-08;2452;8210;559384;383156;61.7;42.3
29;2021-07-09;2630;9073;562014;392229;62.0;43.3
29;2021-07-10;1919;6107;563933;398336;62.2;43.9
29;2021-07-11;449;1064;564382;399400;62.3;44.1
29;2021-07-12;1983;8377;566365;407777;62.5;45.0
29;2021-07-13;2754;8665;569119;416442;62.8;45.9
29;2021-07-14;2086;3369;571205;419811;63.0;46.3
29;2021-07-15;3850;9730;575055;429541;63.4;47.4
29;2021-07-16;4609;9199;579664;438740;63.9;48.4
29;2021-07-17;3221;6116;582885;444856;64.3;49.1
29;2021-07-18;668;1078;583553;445934;64.4;49.2
29;2021-07-19;3154;7547;586707;453481;64.7;50.0
29;2021-07-20;3545;9438;590252;462919;65.1;51.1
29;2021-07-21;3651;7726;593903;470645;65.5;51.9
29;2021-07-22;3411;8538;597314;479183;65.9;52.9
29;2021-07-23;4049;10706;601363;489889;66.3;54.0
29;2021-07-24;2532;5958;603895;495847;66.6;54.7
29;2021-07-25;654;2360;604549;498207;66.7;55.0
29;2021-07-26;3382;7281;607931;505488;67.1;55.8
29;2021-07-27;3709;7113;611640;512601;67.5;56.5
29;2021-07-28;4194;6032;615834;518633;67.9;57.2
29;2021-07-29;5674;6361;621508;524994;68.6;57.9
29;2021-07-30;5433;6533;626941;531527;69.2;58.6
29;2021-07-31;2921;4935;629862;536462;69.5;59.2
29;2021-08-01;652;923;630514;537385;69.6;59.3
29;2021-08-02;4278;5220;634792;542605;70.0;59.9
29;2021-08-03;5477;4406;640269;547011;70.6;60.3
29;2021-08-04;5715;3603;645984;550614;71.3;60.7
29;2021-08-05;6614;4109;652598;554723;72.0;61.2
29;2021-08-06;6148;4336;658746;559059;72.7;61.7
29;2021-08-07;4275;2952;663021;562011;73.1;62.0
29;2021-08-08;842;754;663863;562765;73.2;62.1
29;2021-08-09;3072;4743;666935;567508;73.6;62.6
29;2021-08-10;4467;3865;671402;571373;74.1;63.0
29;2021-08-11;3946;3183;675348;574556;74.5;63.4
29;2021-08-12;4623;4494;679971;579050;75.0;63.9
29;2021-08-13;4142;3721;684113;582771;75.5;64.3
29;2021-08-14;2953;2838;687066;585609;75.8;64.6
29;2021-08-15;337;403;687403;586012;75.8;64.6
29;2021-08-16;3279;4381;690682;590393;76.2;65.1
29;2021-08-17;4394;3415;695076;593808;76.7;65.5
29;2021-08-18;3664;3617;698740;597425;77.1;65.9
29;2021-08-19;3899;4715;702639;602140;77.5;66.4
29;2021-08-20;3498;4601;706137;606741;77.9;66.9
29;2021-08-21;2266;3166;708403;609907;78.1;67.3
29;2021-08-22;208;416;708611;610323;78.2;67.3
29;2021-08-23;2492;4625;711103;614948;78.4;67.8
29;2021-08-24;2435;4948;713538;619896;78.7;68.4
29;2021-08-25;2146;4224;715684;624120;78.9;68.8
2A;2020-12-27;0;0;0;0;0.0;0.0
2A;2020-12-28;0;0;0;0;0.0;0.0
2A;2020-12-29;0;0;0;0;0.0;0.0
2A;2020-12-30;0;0;0;0;0.0;0.0
2A;2020-12-31;0;0;0;0;0.0;0.0
2A;2021-01-01;0;0;0;0;0.0;0.0
2A;2021-01-02;1;0;1;0;0.0;0.0
2A;2021-01-03;0;0;1;0;0.0;0.0
2A;2021-01-04;0;0;1;0;0.0;0.0
2A;2021-01-05;0;0;1;0;0.0;0.0
2A;2021-01-06;6;0;7;0;0.0;0.0
2A;2021-01-07;122;1;129;1;0.1;0.0
2A;2021-01-08;113;0;242;1;0.1;0.0
2A;2021-01-09;39;0;281;1;0.2;0.0
2A;2021-01-10;33;0;314;1;0.2;0.0
2A;2021-01-11;76;0;390;1;0.2;0.0
2A;2021-01-12;85;0;475;1;0.3;0.0
2A;2021-01-13;111;0;586;1;0.4;0.0
2A;2021-01-14;191;1;777;2;0.5;0.0
2A;2021-01-15;149;0;926;2;0.6;0.0
2A;2021-01-16;160;1;1086;3;0.7;0.0
2A;2021-01-17;85;1;1171;4;0.7;0.0
2A;2021-01-18;201;2;1372;6;0.8;0.0
2A;2021-01-19;487;0;1859;6;1.1;0.0
2A;2021-01-20;353;0;2212;6;1.4;0.0
2A;2021-01-21;453;1;2665;7;1.6;0.0
2A;2021-01-22;367;0;3032;7;1.9;0.0
2A;2021-01-23;183;0;3215;7;2.0;0.0
2A;2021-01-24;118;1;3333;8;2.1;0.0
2A;2021-01-25;214;0;3547;8;2.2;0.0
2A;2021-01-26;402;7;3949;15;2.4;0.0
2A;2021-01-27;324;5;4273;20;2.6;0.0
2A;2021-01-28;335;80;4608;100;2.8;0.1
2A;2021-01-29;341;63;4949;163;3.0;0.1
2A;2021-01-30;127;38;5076;201;3.1;0.1
2A;2021-01-31;92;12;5168;213;3.2;0.1
2A;2021-02-01;230;51;5398;264;3.3;0.2
2A;2021-02-02;288;117;5686;381;3.5;0.2
2A;2021-02-03;265;75;5951;456;3.7;0.3
2A;2021-02-04;256;121;6207;577;3.8;0.4
2A;2021-02-05;267;105;6474;682;4.0;0.4
2A;2021-02-06;121;59;6595;741;4.1;0.5
2A;2021-02-07;68;55;6663;796;4.1;0.5
2A;2021-02-08;91;209;6754;1005;4.2;0.6
2A;2021-02-09;128;302;6882;1307;4.2;0.8
2A;2021-02-10;161;235;7043;1542;4.3;0.9
2A;2021-02-11;296;366;7339;1908;4.5;1.2
2A;2021-02-12;345;303;7684;2211;4.7;1.4
2A;2021-02-13;225;59;7909;2270;4.9;1.4
2A;2021-02-14;133;77;8042;2347;5.0;1.4
2A;2021-02-15;191;182;8233;2529;5.1;1.6
2A;2021-02-16;384;320;8617;2849;5.3;1.8
2A;2021-02-17;287;166;8904;3015;5.5;1.9
2A;2021-02-18;340;198;9244;3213;5.7;2.0
2A;2021-02-19;145;300;9389;3513;5.8;2.2
2A;2021-02-20;243;138;9632;3651;5.9;2.2
2A;2021-02-21;58;54;9690;3705;6.0;2.3
2A;2021-02-22;77;215;9767;3920;6.0;2.4
2A;2021-02-23;122;290;9889;4210;6.1;2.6
2A;2021-02-24;82;297;9971;4507;6.1;2.8
2A;2021-02-25;105;265;10076;4772;6.2;2.9
2A;2021-02-26;123;273;10199;5045;6.3;3.1
2A;2021-02-27;308;69;10507;5114;6.5;3.1
2A;2021-02-28;69;66;10576;5180;6.5;3.2
2A;2021-03-01;116;152;10692;5332;6.6;3.3
2A;2021-03-02;197;264;10889;5596;6.7;3.4
2A;2021-03-03;243;256;11132;5852;6.9;3.6
2A;2021-03-04;508;227;11640;6079;7.2;3.7
2A;2021-03-05;972;289;12612;6368;7.8;3.9
2A;2021-03-06;1166;75;13778;6443;8.5;4.0
2A;2021-03-07;1019;47;14797;6490;9.1;4.0
2A;2021-03-08;932;88;15729;6578;9.7;4.0
2A;2021-03-09;937;151;16666;6729;10.3;4.1
2A;2021-03-10;629;138;17295;6867;10.6;4.2
2A;2021-03-11;723;282;18018;7149;11.1;4.4
2A;2021-03-12;561;318;18579;7467;11.4;4.6
2A;2021-03-13;613;199;19192;7666;11.8;4.7
2A;2021-03-14;312;126;19504;7792;12.0;4.8
2A;2021-03-15;377;203;19881;7995;12.2;4.9
2A;2021-03-16;498;370;20379;8365;12.5;5.2
2A;2021-03-17;699;276;21078;8641;13.0;5.3
2A;2021-03-18;447;305;21525;8946;13.3;5.5
2A;2021-03-19;488;158;22013;9104;13.6;5.6
2A;2021-03-20;1079;261;23092;9365;14.2;5.8
2A;2021-03-21;695;54;23787;9419;14.6;5.8
2A;2021-03-22;347;67;24134;9486;14.9;5.8
2A;2021-03-23;518;58;24652;9544;15.2;5.9
2A;2021-03-24;864;91;25516;9635;15.7;5.9
2A;2021-03-25;930;143;26446;9778;16.3;6.0
2A;2021-03-26;1080;164;27526;9942;16.9;6.1
2A;2021-03-27;1189;201;28715;10143;17.7;6.2
2A;2021-03-28;241;97;28956;10240;17.8;6.3
2A;2021-03-29;283;138;29239;10378;18.0;6.4
2A;2021-03-30;383;237;29622;10615;18.2;6.5
2A;2021-03-31;446;227;30068;10842;18.5;6.7
2A;2021-04-01;638;453;30706;11295;18.9;7.0
2A;2021-04-02;904;785;31610;12080;19.5;7.4
2A;2021-04-03;646;983;32256;13063;19.9;8.0
2A;2021-04-04;579;784;32835;13847;20.2;8.5
2A;2021-04-05;525;698;33360;14545;20.5;9.0
2A;2021-04-06;549;558;33909;15103;20.9;9.3
2A;2021-04-07;789;427;34698;15530;21.4;9.6
2A;2021-04-08;1049;358;35747;15888;22.0;9.8
2A;2021-04-09;935;396;36682;16284;22.6;10.0
2A;2021-04-10;1059;382;37741;16666;23.2;10.3
2A;2021-04-11;362;256;38103;16922;23.5;10.4
2A;2021-04-12;669;342;38772;17264;23.9;10.6
2A;2021-04-13;329;380;39101;17644;24.1;10.9
2A;2021-04-14;1047;588;40148;18232;24.7;11.2
2A;2021-04-15;1044;523;41192;18755;25.4;11.5
2A;2021-04-16;871;394;42063;19149;25.9;11.8
2A;2021-04-17;1368;937;43431;20086;26.7;12.4
2A;2021-04-18;982;947;44413;21033;27.3;12.9
2A;2021-04-19;270;343;44683;21376;27.5;13.2
2A;2021-04-20;354;344;45037;21720;27.7;13.4
2A;2021-04-21;729;734;45766;22454;28.2;13.8
2A;2021-04-22;896;648;46662;23102;28.7;14.2
2A;2021-04-23;986;776;47648;23878;29.3;14.7
2A;2021-04-24;1751;984;49399;24862;30.4;15.3
2A;2021-04-25;975;305;50374;25167;31.0;15.5
2A;2021-04-26;308;226;50682;25393;31.2;15.6
2A;2021-04-27;344;349;51026;25742;31.4;15.8
2A;2021-04-28;1675;424;52701;26166;32.4;16.1
2A;2021-04-29;1054;359;53755;26525;33.1;16.3
2A;2021-04-30;1130;1061;54885;27586;33.8;17.0
2A;2021-05-01;971;575;55856;28161;34.4;17.3
2A;2021-05-02;675;707;56531;28868;34.8;17.8
2A;2021-05-03;583;576;57114;29444;35.2;18.1
2A;2021-05-04;752;535;57866;29979;35.6;18.5
2A;2021-05-05;1009;984;58875;30963;36.2;19.1
2A;2021-05-06;905;912;59780;31875;36.8;19.6
2A;2021-05-07;1156;836;60936;32711;37.5;20.1
2A;2021-05-08;422;499;61358;33210;37.8;20.4
2A;2021-05-09;783;638;62141;33848;38.3;20.8
2A;2021-05-10;454;741;62595;34589;38.5;21.3
2A;2021-05-11;652;414;63247;35003;38.9;21.6
2A;2021-05-12;922;488;64169;35491;39.5;21.9
2A;2021-05-13;920;139;65089;35630;40.1;21.9
2A;2021-05-14;798;679;65887;36309;40.6;22.4
2A;2021-05-15;781;648;66668;36957;41.0;22.8
2A;2021-05-16;738;500;67406;37457;41.5;23.1
2A;2021-05-17;583;562;67989;38019;41.9;23.4
2A;2021-05-18;614;476;68603;38495;42.2;23.7
2A;2021-05-19;787;481;69390;38976;42.7;24.0
2A;2021-05-20;692;540;70082;39516;43.1;24.3
2A;2021-05-21;535;483;70617;39999;43.5;24.6
2A;2021-05-22;441;310;71058;40309;43.7;24.8
2A;2021-05-23;533;284;71591;40593;44.1;25.0
2A;2021-05-24;125;33;71716;40626;44.2;25.0
2A;2021-05-25;416;504;72132;41130;44.4;25.3
2A;2021-05-26;426;1165;72558;42295;44.7;26.0
2A;2021-05-27;435;1111;72993;43406;44.9;26.7
2A;2021-05-28;298;916;73291;44322;45.1;27.3
2A;2021-05-29;334;900;73625;45222;45.3;27.8
2A;2021-05-30;182;507;73807;45729;45.4;28.2
2A;2021-05-31;191;414;73998;46143;45.6;28.4
2A;2021-06-01;342;729;74340;46872;45.8;28.9
2A;2021-06-02;284;940;74624;47812;45.9;29.4
2A;2021-06-03;306;852;74930;48664;46.1;30.0
2A;2021-06-04;271;1092;75201;49756;46.3;30.6
2A;2021-06-05;319;1442;75520;51198;46.5;31.5
2A;2021-06-06;173;908;75693;52106;46.6;32.1
2A;2021-06-07;170;661;75863;52767;46.7;32.5
2A;2021-06-08;323;707;76186;53474;46.9;32.9
2A;2021-06-09;297;1318;76483;54792;47.1;33.7
2A;2021-06-10;329;857;76812;55649;47.3;34.3
2A;2021-06-11;277;1021;77089;56670;47.5;34.9
2A;2021-06-12;232;665;77321;57335;47.6;35.3
2A;2021-06-13;189;797;77510;58132;47.7;35.8
2A;2021-06-14;251;921;77761;59053;47.9;36.4
2A;2021-06-15;217;507;77978;59560;48.0;36.7
2A;2021-06-16;212;776;78190;60336;48.1;37.1
2A;2021-06-17;235;591;78425;60927;48.3;37.5
2A;2021-06-18;246;914;78671;61841;48.4;38.1
2A;2021-06-19;208;690;78879;62531;48.6;38.5
2A;2021-06-20;150;692;79029;63223;48.7;38.9
2A;2021-06-21;181;791;79210;64014;48.8;39.4
2A;2021-06-22;235;842;79445;64856;48.9;39.9
2A;2021-06-23;217;569;79662;65425;49.0;40.3
2A;2021-06-24;149;369;79811;65794;49.1;40.5
2A;2021-06-25;167;472;79978;66266;49.2;40.8
2A;2021-06-26;203;873;80181;67139;49.4;41.3
2A;2021-06-27;174;794;80355;67933;49.5;41.8
2A;2021-06-28;194;704;80549;68637;49.6;42.3
2A;2021-06-29;215;689;80764;69326;49.7;42.7
2A;2021-06-30;242;493;81006;69819;49.9;43.0
2A;2021-07-01;211;486;81217;70305;50.0;43.3
2A;2021-07-02;293;370;81510;70675;50.2;43.5
2A;2021-07-03;211;617;81721;71292;50.3;43.9
2A;2021-07-04;178;664;81899;71956;50.4;44.3
2A;2021-07-05;163;235;82062;72191;50.5;44.4
2A;2021-07-06;250;391;82312;72582;50.7;44.7
2A;2021-07-07;432;610;82744;73192;50.9;45.1
2A;2021-07-08;592;706;83336;73898;51.3;45.5
2A;2021-07-09;381;421;83717;74319;51.5;45.8
2A;2021-07-10;281;346;83998;74665;51.7;46.0
2A;2021-07-11;91;162;84089;74827;51.8;46.1
2A;2021-07-12;315;349;84404;75176;52.0;46.3
2A;2021-07-13;1178;534;85582;75710;52.7;46.6
2A;2021-07-14;1623;341;87205;76051;53.7;46.8
2A;2021-07-15;1436;835;88641;76886;54.6;47.3
2A;2021-07-16;1167;467;89808;77353;55.3;47.6
2A;2021-07-17;1096;344;90904;77697;56.0;47.8
2A;2021-07-18;635;135;91539;77832;56.4;47.9
2A;2021-07-19;918;431;92457;78263;56.9;48.2
2A;2021-07-20;1284;474;93741;78737;57.7;48.5
2A;2021-07-21;1428;725;95169;79462;58.6;48.9
2A;2021-07-22;1398;768;96567;80230;59.5;49.4
2A;2021-07-23;1437;465;98004;80695;60.3;49.7
2A;2021-07-24;891;290;98895;80985;60.9;49.9
2A;2021-07-25;448;77;99343;81062;61.2;49.9
2A;2021-07-26;1198;508;100541;81570;61.9;50.2
2A;2021-07-27;1298;518;101839;82088;62.7;50.5
2A;2021-07-28;1198;590;103037;82678;63.4;50.9
2A;2021-07-29;1221;654;104258;83332;64.2;51.3
2A;2021-07-30;949;608;105207;83940;64.8;51.7
2A;2021-07-31;540;339;105747;84279;65.1;51.9
2A;2021-08-01;562;122;106309;84401;65.5;52.0
2A;2021-08-02;449;496;106758;84897;65.7;52.3
2A;2021-08-03;806;881;107564;85778;66.2;52.8
2A;2021-08-04;722;1161;108286;86939;66.7;53.5
2A;2021-08-05;903;1347;109189;88286;67.2;54.4
2A;2021-08-06;384;810;109573;89096;67.5;54.9
2A;2021-08-07;350;890;109923;89986;67.7;55.4
2A;2021-08-08;79;185;110002;90171;67.7;55.5
2A;2021-08-09;647;1138;110649;91309;68.1;56.2
2A;2021-08-10;635;1207;111284;92516;68.5;57.0
2A;2021-08-11;587;1059;111871;93575;68.9;57.6
2A;2021-08-12;733;1483;112604;95058;69.3;58.5
2A;2021-08-13;470;1065;113074;96123;69.6;59.2
2A;2021-08-14;407;764;113481;96887;69.9;59.7
2A;2021-08-15;21;26;113502;96913;69.9;59.7
2A;2021-08-16;479;1292;113981;98205;70.2;60.5
2A;2021-08-17;930;1557;114911;99762;70.7;61.4
2A;2021-08-18;523;1122;115434;100884;71.1;62.1
2A;2021-08-19;427;1008;115861;101892;71.3;62.7
2A;2021-08-20;324;571;116185;102463;71.5;63.1
2A;2021-08-21;227;535;116412;102998;71.7;63.4
2A;2021-08-22;193;618;116605;103616;71.8;63.8
2A;2021-08-23;323;744;116928;104360;72.0;64.3
2A;2021-08-24;318;851;117246;105211;72.2;64.8
2A;2021-08-25;389;876;117635;106087;72.4;65.3
2B;2020-12-27;0;0;0;0;0.0;0.0
2B;2020-12-28;0;0;0;0;0.0;0.0
2B;2020-12-29;0;0;0;0;0.0;0.0
2B;2020-12-30;0;0;0;0;0.0;0.0
2B;2020-12-31;0;0;0;0;0.0;0.0
2B;2021-01-01;0;0;0;0;0.0;0.0
2B;2021-01-02;0;0;0;0;0.0;0.0
2B;2021-01-03;0;0;0;0;0.0;0.0
2B;2021-01-04;2;0;2;0;0.0;0.0
2B;2021-01-05;0;0;2;0;0.0;0.0
2B;2021-01-06;48;1;50;1;0.0;0.0
2B;2021-01-07;210;0;260;1;0.1;0.0
2B;2021-01-08;196;2;456;3;0.3;0.0
2B;2021-01-09;39;0;495;3;0.3;0.0
2B;2021-01-10;1;0;496;3;0.3;0.0
2B;2021-01-11;75;0;571;3;0.3;0.0
2B;2021-01-12;128;1;699;4;0.4;0.0
2B;2021-01-13;93;0;792;4;0.4;0.0
2B;2021-01-14;72;0;864;4;0.5;0.0
2B;2021-01-15;258;0;1122;4;0.6;0.0
2B;2021-01-16;43;0;1165;4;0.6;0.0
2B;2021-01-17;8;0;1173;4;0.6;0.0
2B;2021-01-18;271;0;1444;4;0.8;0.0
2B;2021-01-19;501;0;1945;4;1.1;0.0
2B;2021-01-20;463;2;2408;6;1.3;0.0
2B;2021-01-21;358;0;2766;6;1.5;0.0
2B;2021-01-22;373;0;3139;6;1.7;0.0
2B;2021-01-23;61;0;3200;6;1.8;0.0
2B;2021-01-24;29;0;3229;6;1.8;0.0
2B;2021-01-25;210;2;3439;8;1.9;0.0
2B;2021-01-26;391;1;3830;9;2.1;0.0
2B;2021-01-27;342;48;4172;57;2.3;0.0
2B;2021-01-28;365;148;4537;205;2.5;0.1
2B;2021-01-29;293;162;4830;367;2.7;0.2
2B;2021-01-30;80;33;4910;400;2.7;0.2
2B;2021-01-31;60;0;4970;400;2.7;0.2
2B;2021-02-01;231;93;5201;493;2.9;0.3
2B;2021-02-02;357;78;5558;571;3.0;0.3
2B;2021-02-03;520;91;6078;662;3.3;0.4
2B;2021-02-04;458;174;6536;836;3.6;0.5
2B;2021-02-05;393;95;6929;931;3.8;0.5
2B;2021-02-06;87;14;7016;945;3.8;0.5
2B;2021-02-07;60;0;7076;945;3.9;0.5
2B;2021-02-08;230;155;7306;1100;4.0;0.6
2B;2021-02-09;586;313;7892;1413;4.3;0.8
2B;2021-02-10;485;196;8377;1609;4.6;0.9
2B;2021-02-11;382;128;8759;1737;4.8;1.0
2B;2021-02-12;298;124;9057;1861;5.0;1.0
2B;2021-02-13;77;13;9134;1874;5.0;1.0
2B;2021-02-14;62;1;9196;1875;5.0;1.0
2B;2021-02-15;190;128;9386;2003;5.1;1.1
2B;2021-02-16;252;286;9638;2289;5.3;1.3
2B;2021-02-17;312;319;9950;2608;5.5;1.4
2B;2021-02-18;215;347;10165;2955;5.6;1.6
2B;2021-02-19;164;308;10329;3263;5.7;1.8
2B;2021-02-20;32;63;10361;3326;5.7;1.8
2B;2021-02-21;27;29;10388;3355;5.7;1.8
2B;2021-02-22;133;189;10521;3544;5.8;1.9
2B;2021-02-23;231;356;10752;3900;5.9;2.1
2B;2021-02-24;228;310;10980;4210;6.0;2.3
2B;2021-02-25;245;340;11225;4550;6.2;2.5
2B;2021-02-26;298;280;11523;4830;6.3;2.7
2B;2021-02-27;60;84;11583;4914;6.4;2.7
2B;2021-02-28;1;57;11584;4971;6.4;2.7
2B;2021-03-01;246;261;11830;5232;6.5;2.9
2B;2021-03-02;352;389;12182;5621;6.7;3.1
2B;2021-03-03;299;436;12481;6057;6.8;3.3
2B;2021-03-04;447;410;12928;6467;7.1;3.5
2B;2021-03-05;619;384;13547;6851;7.4;3.8
2B;2021-03-06;682;100;14229;6951;7.8;3.8
2B;2021-03-07;361;59;14590;7010;8.0;3.8
2B;2021-03-08;301;240;14891;7250;8.2;4.0
2B;2021-03-09;383;505;15274;7755;8.4;4.3
2B;2021-03-10;630;448;15904;8203;8.7;4.5
2B;2021-03-11;584;354;16488;8557;9.0;4.7
2B;2021-03-12;966;227;17454;8784;9.6;4.8
2B;2021-03-13;511;110;17965;8894;9.9;4.9
2B;2021-03-14;226;62;18191;8956;10.0;4.9
2B;2021-03-15;515;201;18706;9157;10.3;5.0
2B;2021-03-16;570;278;19276;9435;10.6;5.2
2B;2021-03-17;529;262;19805;9697;10.9;5.3
2B;2021-03-18;551;230;20356;9927;11.2;5.4
2B;2021-03-19;804;195;21160;10122;11.6;5.6
2B;2021-03-20;656;37;21816;10159;12.0;5.6
2B;2021-03-21;429;36;22245;10195;12.2;5.6
2B;2021-03-22;546;125;22791;10320;12.5;5.7
2B;2021-03-23;789;259;23580;10579;12.9;5.8
2B;2021-03-24;832;215;24412;10794;13.4;5.9
2B;2021-03-25;824;164;25236;10958;13.8;6.0
2B;2021-03-26;958;192;26194;11150;14.4;6.1
2B;2021-03-27;1089;37;27283;11187;15.0;6.1
2B;2021-03-28;830;124;28113;11311;15.4;6.2
2B;2021-03-29;745;180;28858;11491;15.8;6.3
2B;2021-03-30;970;331;29828;11822;16.4;6.5
2B;2021-03-31;981;267;30809;12089;16.9;6.6
2B;2021-04-01;1003;230;31812;12319;17.5;6.8
2B;2021-04-02;966;414;32778;12733;18.0;7.0
2B;2021-04-03;1247;153;34025;12886;18.7;7.1
2B;2021-04-04;197;60;34222;12946;18.8;7.1
2B;2021-04-05;109;113;34331;13059;18.8;7.2
2B;2021-04-06;1033;362;35364;13421;19.4;7.4
2B;2021-04-07;1230;428;36594;13849;20.1;7.6
2B;2021-04-08;1128;408;37722;14257;20.7;7.8
2B;2021-04-09;1168;568;38890;14825;21.3;8.1
2B;2021-04-10;1353;267;40243;15092;22.1;8.3
2B;2021-04-11;815;65;41058;15157;22.5;8.3
2B;2021-04-12;852;559;41910;15716;23.0;8.6
2B;2021-04-13;1063;631;42973;16347;23.6;9.0
2B;2021-04-14;1047;494;44020;16841;24.2;9.2
2B;2021-04-15;886;519;44906;17360;24.6;9.5
2B;2021-04-16;910;649;45816;18009;25.1;9.9
2B;2021-04-17;386;447;46202;18456;25.3;10.1
2B;2021-04-18;253;342;46455;18798;25.5;10.3
2B;2021-04-19;822;437;47277;19235;25.9;10.6
2B;2021-04-20;899;846;48176;20081;26.4;11.0
2B;2021-04-21;1056;609;49232;20690;27.0;11.4
2B;2021-04-22;938;731;50170;21421;27.5;11.8
2B;2021-04-23;661;629;50831;22050;27.9;12.1
2B;2021-04-24;287;772;51118;22822;28.0;12.5
2B;2021-04-25;285;477;51403;23299;28.2;12.8
2B;2021-04-26;708;920;52111;24219;28.6;13.3
2B;2021-04-27;965;875;53076;25094;29.1;13.8
2B;2021-04-28;918;862;53994;25956;29.6;14.2
2B;2021-04-29;924;868;54918;26824;30.1;14.7
2B;2021-04-30;1132;832;56050;27656;30.8;15.2
2B;2021-05-01;460;1115;56510;28771;31.0;15.8
2B;2021-05-02;335;245;56845;29016;31.2;15.9
2B;2021-05-03;1018;495;57863;29511;31.7;16.2
2B;2021-05-04;809;1152;58672;30663;32.2;16.8
2B;2021-05-05;801;1376;59473;32039;32.6;17.6
2B;2021-05-06;1288;905;60761;32944;33.3;18.1
2B;2021-05-07;1062;988;61823;33932;33.9;18.6
2B;2021-05-08;459;856;62282;34788;34.2;19.1
2B;2021-05-09;394;684;62676;35472;34.4;19.5
2B;2021-05-10;926;801;63602;36273;34.9;19.9
2B;2021-05-11;933;1162;64535;37435;35.4;20.5
2B;2021-05-12;862;893;65397;38328;35.9;21.0
2B;2021-05-13;1028;377;66425;38705;36.4;21.2
2B;2021-05-14;718;579;67143;39284;36.8;21.6
2B;2021-05-15;702;353;67845;39637;37.2;21.7
2B;2021-05-16;300;180;68145;39817;37.4;21.8
2B;2021-05-17;1003;406;69148;40223;37.9;22.1
2B;2021-05-18;991;383;70139;40606;38.5;22.3
2B;2021-05-19;771;417;70910;41023;38.9;22.5
2B;2021-05-20;672;359;71582;41382;39.3;22.7
2B;2021-05-21;706;502;72288;41884;39.7;23.0
2B;2021-05-22;574;392;72862;42276;40.0;23.2
2B;2021-05-23;170;46;73032;42322;40.1;23.2
2B;2021-05-24;40;115;73072;42437;40.1;23.3
2B;2021-05-25;549;353;73621;42790;40.4;23.5
2B;2021-05-26;544;788;74165;43578;40.7;23.9
2B;2021-05-27;407;1131;74572;44709;40.9;24.5
2B;2021-05-28;553;906;75125;45615;41.2;25.0
2B;2021-05-29;312;353;75437;45968;41.4;25.2
2B;2021-05-30;46;45;75483;46013;41.4;25.2
2B;2021-05-31;376;832;75859;46845;41.6;25.7
2B;2021-06-01;414;1038;76273;47883;41.8;26.3
2B;2021-06-02;364;990;76637;48873;42.0;26.8
2B;2021-06-03;498;808;77135;49681;42.3;27.3
2B;2021-06-04;343;1255;77478;50936;42.5;27.9
2B;2021-06-05;257;494;77735;51430;42.7;28.2
2B;2021-06-06;51;129;77786;51559;42.7;28.3
2B;2021-06-07;283;948;78069;52507;42.8;28.8
2B;2021-06-08;399;1170;78468;53677;43.1;29.5
2B;2021-06-09;518;1177;78986;54854;43.3;30.1
2B;2021-06-10;367;939;79353;55793;43.5;30.6
2B;2021-06-11;432;1275;79785;57068;43.8;31.3
2B;2021-06-12;151;545;79936;57613;43.9;31.6
2B;2021-06-13;27;59;79963;57672;43.9;31.6
2B;2021-06-14;195;1115;80158;58787;44.0;32.3
2B;2021-06-15;345;1219;80503;60006;44.2;32.9
2B;2021-06-16;382;936;80885;60942;44.4;33.4
2B;2021-06-17;402;1047;81287;61989;44.6;34.0
2B;2021-06-18;348;960;81635;62949;44.8;34.5
2B;2021-06-19;142;328;81777;63277;44.9;34.7
2B;2021-06-20;44;194;81821;63471;44.9;34.8
2B;2021-06-21;265;962;82086;64433;45.0;35.4
2B;2021-06-22;316;1115;82402;65548;45.2;36.0
2B;2021-06-23;208;872;82610;66420;45.3;36.4
2B;2021-06-24;337;757;82947;67177;45.5;36.9
2B;2021-06-25;212;1076;83159;68253;45.6;37.4
2B;2021-06-26;105;550;83264;68803;45.7;37.8
2B;2021-06-27;32;215;83296;69018;45.7;37.9
2B;2021-06-28;328;954;83624;69972;45.9;38.4
2B;2021-06-29;270;988;83894;70960;46.0;38.9
2B;2021-06-30;380;950;84274;71910;46.2;39.5
2B;2021-07-01;225;509;84499;72419;46.4;39.7
2B;2021-07-02;219;557;84718;72976;46.5;40.0
2B;2021-07-03;91;397;84809;73373;46.5;40.3
2B;2021-07-04;2;0;84811;73373;46.5;40.3
2B;2021-07-05;264;665;85075;74038;46.7;40.6
2B;2021-07-06;450;707;85525;74745;46.9;41.0
2B;2021-07-07;376;908;85901;75653;47.1;41.5
2B;2021-07-08;183;348;86084;76001;47.2;41.7
2B;2021-07-09;249;374;86333;76375;47.4;41.9
2B;2021-07-10;196;199;86529;76574;47.5;42.0
2B;2021-07-11;13;14;86542;76588;47.5;42.0
2B;2021-07-12;494;747;87036;77335;47.8;42.4
2B;2021-07-13;822;1016;87858;78351;48.2;43.0
2B;2021-07-14;343;99;88201;78450;48.4;43.0
2B;2021-07-15;1268;584;89469;79034;49.1;43.4
2B;2021-07-16;1120;564;90589;79598;49.7;43.7
2B;2021-07-17;711;319;91300;79917;50.1;43.8
2B;2021-07-18;179;47;91479;79964;50.2;43.9
2B;2021-07-19;856;709;92335;80673;50.7;44.3
2B;2021-07-20;1210;683;93545;81356;51.3;44.6
2B;2021-07-21;1395;726;94940;82082;52.1;45.0
2B;2021-07-22;1327;604;96267;82686;52.8;45.4
2B;2021-07-23;1323;498;97590;83184;53.5;45.6
2B;2021-07-24;535;316;98125;83500;53.8;45.8
2B;2021-07-25;203;71;98328;83571;53.9;45.9
2B;2021-07-26;913;632;99241;84203;54.5;46.2
2B;2021-07-27;1573;710;100814;84913;55.3;46.6
2B;2021-07-28;1170;629;101984;85542;56.0;46.9
2B;2021-07-29;1136;448;103120;85990;56.6;47.2
2B;2021-07-30;762;347;103882;86337;57.0;47.4
2B;2021-07-31;536;233;104418;86570;57.3;47.5
2B;2021-08-01;230;57;104648;86627;57.4;47.5
2B;2021-08-02;796;467;105444;87094;57.9;47.8
2B;2021-08-03;1123;779;106567;87873;58.5;48.2
2B;2021-08-04;804;449;107371;88322;58.9;48.5
2B;2021-08-05;1010;553;108381;88875;59.5;48.8
2B;2021-08-06;697;522;109078;89397;59.8;49.0
2B;2021-08-07;302;406;109380;89803;60.0;49.3
2B;2021-08-08;93;142;109473;89945;60.1;49.4
2B;2021-08-09;532;743;110005;90688;60.4;49.8
2B;2021-08-10;736;1133;110741;91821;60.8;50.4
2B;2021-08-11;747;893;111488;92714;61.2;50.9
2B;2021-08-12;687;1047;112175;93761;61.5;51.4
2B;2021-08-13;486;948;112661;94709;61.8;52.0
2B;2021-08-14;196;439;112857;95148;61.9;52.2
2B;2021-08-15;116;173;112973;95321;62.0;52.3
2B;2021-08-16;506;1064;113479;96385;62.3;52.9
2B;2021-08-17;582;1305;114061;97690;62.6;53.6
2B;2021-08-18;508;1195;114569;98885;62.9;54.3
2B;2021-08-19;420;897;114989;99782;63.1;54.7
2B;2021-08-20;362;807;115351;100589;63.3;55.2
2B;2021-08-21;158;475;115509;101064;63.4;55.5
2B;2021-08-22;78;208;115587;101272;63.4;55.6
2B;2021-08-23;371;943;115958;102215;63.6;56.1
2B;2021-08-24;492;1210;116450;103425;63.9;56.7
2B;2021-08-25;334;958;116784;104383;64.1;57.3
30;2020-12-27;1;0;1;0;0.0;0.0
30;2020-12-28;1;0;2;0;0.0;0.0
30;2020-12-29;0;0;2;0;0.0;0.0
30;2020-12-30;0;0;2;0;0.0;0.0
30;2020-12-31;0;0;2;0;0.0;0.0
30;2021-01-01;0;0;2;0;0.0;0.0
30;2021-01-02;0;0;2;0;0.0;0.0
30;2021-01-03;0;0;2;0;0.0;0.0
30;2021-01-04;1;0;3;0;0.0;0.0
30;2021-01-05;3;0;6;0;0.0;0.0
30;2021-01-06;128;0;134;0;0.0;0.0
30;2021-01-07;313;0;447;0;0.1;0.0
30;2021-01-08;531;0;978;0;0.1;0.0
30;2021-01-09;270;0;1248;0;0.2;0.0
30;2021-01-10;0;0;1248;0;0.2;0.0
30;2021-01-11;537;1;1785;1;0.2;0.0
30;2021-01-12;798;3;2583;4;0.3;0.0
30;2021-01-13;640;0;3223;4;0.4;0.0
30;2021-01-14;652;5;3875;9;0.5;0.0
30;2021-01-15;756;2;4631;11;0.6;0.0
30;2021-01-16;313;0;4944;11;0.7;0.0
30;2021-01-17;3;0;4947;11;0.7;0.0
30;2021-01-18;941;5;5888;16;0.8;0.0
30;2021-01-19;1735;6;7623;22;1.0;0.0
30;2021-01-20;1303;2;8926;24;1.2;0.0
30;2021-01-21;1229;2;10155;26;1.4;0.0
30;2021-01-22;1075;5;11230;31;1.5;0.0
30;2021-01-23;634;2;11864;33;1.6;0.0
30;2021-01-24;0;0;11864;33;1.6;0.0
30;2021-01-25;831;4;12695;37;1.7;0.0
30;2021-01-26;1056;15;13751;52;1.8;0.0
30;2021-01-27;982;110;14733;162;2.0;0.0
30;2021-01-28;711;272;15444;434;2.1;0.1
30;2021-01-29;668;444;16112;878;2.2;0.1
30;2021-01-30;472;287;16584;1165;2.2;0.2
30;2021-01-31;3;7;16587;1172;2.2;0.2
30;2021-02-01;813;435;17400;1607;2.3;0.2
30;2021-02-02;1875;680;19275;2287;2.6;0.3
30;2021-02-03;1182;485;20457;2772;2.7;0.4
30;2021-02-04;968;662;21425;3434;2.9;0.5
30;2021-02-05;599;760;22024;4194;2.9;0.6
30;2021-02-06;293;262;22317;4456;3.0;0.6
30;2021-02-07;2;8;22319;4464;3.0;0.6
30;2021-02-08;574;740;22893;5204;3.1;0.7
30;2021-02-09;983;1008;23876;6212;3.2;0.8
30;2021-02-10;987;1097;24863;7309;3.3;1.0
30;2021-02-11;928;1033;25791;8342;3.4;1.1
30;2021-02-12;617;995;26408;9337;3.5;1.2
30;2021-02-13;436;385;26844;9722;3.6;1.3
30;2021-02-14;1;21;26845;9743;3.6;1.3
30;2021-02-15;449;620;27294;10363;3.6;1.4
30;2021-02-16;460;848;27754;11211;3.7;1.5
30;2021-02-17;682;620;28436;11831;3.8;1.6
30;2021-02-18;796;528;29232;12359;3.9;1.7
30;2021-02-19;574;672;29806;13031;4.0;1.7
30;2021-02-20;223;227;30029;13258;4.0;1.8
30;2021-02-21;5;3;30034;13261;4.0;1.8
30;2021-02-22;501;761;30535;14022;4.1;1.9
30;2021-02-23;974;1465;31509;15487;4.2;2.1
30;2021-02-24;927;1191;32436;16678;4.3;2.2
30;2021-02-25;1208;893;33644;17571;4.5;2.3
30;2021-02-26;1337;600;34981;18171;4.7;2.4
30;2021-02-27;564;545;35545;18716;4.7;2.5
30;2021-02-28;2;7;35547;18723;4.7;2.5
30;2021-03-01;1340;830;36887;19553;4.9;2.6
30;2021-03-02;1712;909;38599;20462;5.2;2.7
30;2021-03-03;2310;762;40909;21224;5.5;2.8
30;2021-03-04;2638;872;43547;22096;5.8;3.0
30;2021-03-05;2763;618;46310;22714;6.2;3.0
30;2021-03-06;2997;364;49307;23078;6.6;3.1
30;2021-03-07;1862;45;51169;23123;6.8;3.1
30;2021-03-08;1552;787;52721;23910;7.0;3.2
30;2021-03-09;2275;869;54996;24779;7.3;3.3
30;2021-03-10;2356;656;57352;25435;7.7;3.4
30;2021-03-11;3055;703;60407;26138;8.1;3.5
30;2021-03-12;3112;389;63519;26527;8.5;3.5
30;2021-03-13;2227;297;65746;26824;8.8;3.6
30;2021-03-14;83;3;65829;26827;8.8;3.6
30;2021-03-15;1578;567;67407;27394;9.0;3.7
30;2021-03-16;1299;1071;68706;28465;9.2;3.8
30;2021-03-17;1456;647;70162;29112;9.4;3.9
30;2021-03-18;1648;715;71810;29827;9.6;4.0
30;2021-03-19;2249;550;74059;30377;9.9;4.1
30;2021-03-20;1400;143;75459;30520;10.1;4.1
30;2021-03-21;57;8;75516;30528;10.1;4.1
30;2021-03-22;2397;721;77913;31249;10.4;4.2
30;2021-03-23;3510;812;81423;32061;10.9;4.3
30;2021-03-24;3636;818;85059;32879;11.4;4.4
30;2021-03-25;4405;848;89464;33727;12.0;4.5
30;2021-03-26;4362;642;93826;34369;12.5;4.6
30;2021-03-27;1970;378;95796;34747;12.8;4.6
30;2021-03-28;35;29;95831;34776;12.8;4.6
30;2021-03-29;2813;1650;98644;36426;13.2;4.9
30;2021-03-30;3776;1880;102420;38306;13.7;5.1
30;2021-03-31;3507;1650;105927;39956;14.2;5.3
30;2021-04-01;4015;1465;109942;41421;14.7;5.5
30;2021-04-02;3604;1229;113546;42650;15.2;5.7
30;2021-04-03;1062;1229;114608;43879;15.3;5.9
30;2021-04-04;29;188;114637;44067;15.3;5.9
30;2021-04-05;766;287;115403;44354;15.4;5.9
30;2021-04-06;3043;1578;118446;45932;15.8;6.1
30;2021-04-07;2719;1631;121165;47563;16.2;6.4
30;2021-04-08;3920;1488;125085;49051;16.7;6.6
30;2021-04-09;4889;1519;129974;50570;17.4;6.8
30;2021-04-10;2426;1178;132400;51748;17.7;6.9
30;2021-04-11;950;59;133350;51807;17.8;6.9
30;2021-04-12;3147;1492;136497;53299;18.2;7.1
30;2021-04-13;4018;1937;140515;55236;18.8;7.4
30;2021-04-14;3386;1540;143901;56776;19.2;7.6
30;2021-04-15;3830;1466;147731;58242;19.7;7.8
30;2021-04-16;3703;1535;151434;59777;20.2;8.0
30;2021-04-17;1493;956;152927;60733;20.4;8.1
30;2021-04-18;961;66;153888;60799;20.6;8.1
30;2021-04-19;2451;2298;156339;63097;20.9;8.4
30;2021-04-20;2815;2830;159154;65927;21.3;8.8
30;2021-04-21;2602;2569;161756;68496;21.6;9.2
30;2021-04-22;3524;2315;165280;70811;22.1;9.5
30;2021-04-23;3580;2307;168860;73118;22.6;9.8
30;2021-04-24;1347;1231;170207;74349;22.7;9.9
30;2021-04-25;748;90;170955;74439;22.8;9.9
30;2021-04-26;2018;2392;172973;76831;23.1;10.3
30;2021-04-27;2952;2605;175925;79436;23.5;10.6
30;2021-04-28;2837;2488;178762;81924;23.9;10.9
30;2021-04-29;3618;2324;182380;84248;24.4;11.3
30;2021-04-30;3408;2028;185788;86276;24.8;11.5
30;2021-05-01;1749;605;187537;86881;25.1;11.6
30;2021-05-02;664;245;188201;87126;25.1;11.6
30;2021-05-03;3758;2504;191959;89630;25.6;12.0
30;2021-05-04;3983;3532;195942;93162;26.2;12.4
30;2021-05-05;3945;3130;199887;96292;26.7;12.9
30;2021-05-06;4203;3362;204090;99654;27.3;13.3
30;2021-05-07;4079;3066;208169;102720;27.8;13.7
30;2021-05-08;1605;720;209774;103440;28.0;13.8
30;2021-05-09;372;613;210146;104053;28.1;13.9
30;2021-05-10;2921;3121;213067;107174;28.5;14.3
30;2021-05-11;5387;3651;218454;110825;29.2;14.8
30;2021-05-12;5301;3222;223755;114047;29.9;15.2
30;2021-05-13;3232;1026;226987;115073;30.3;15.4
30;2021-05-14;4891;2463;231878;117536;31.0;15.7
30;2021-05-15;3409;1206;235287;118742;31.4;15.9
30;2021-05-16;397;339;235684;119081;31.5;15.9
30;2021-05-17;3798;3037;239482;122118;32.0;16.3
30;2021-05-18;4828;3036;244310;125154;32.6;16.7
30;2021-05-19;4775;2549;249085;127703;33.3;17.1
30;2021-05-20;5015;2581;254100;130284;33.9;17.4
30;2021-05-21;4888;2472;258988;132756;34.6;17.7
30;2021-05-22;3158;1294;262146;134050;35.0;17.9
30;2021-05-23;288;344;262434;134394;35.1;18.0
30;2021-05-24;785;766;263219;135160;35.2;18.1
30;2021-05-25;2656;3161;265875;138321;35.5;18.5
30;2021-05-26;2889;2566;268764;140887;35.9;18.8
30;2021-05-27;3759;2718;272523;143605;36.4;19.2
30;2021-05-28;3327;3277;275850;146882;36.9;19.6
30;2021-05-29;1687;1800;277537;148682;37.1;19.9
30;2021-05-30;360;585;277897;149267;37.1;19.9
30;2021-05-31;2830;2300;280727;151567;37.5;20.3
30;2021-06-01;3659;2796;284386;154363;38.0;20.6
30;2021-06-02;3319;2454;287705;156817;38.4;21.0
30;2021-06-03;4134;3354;291839;160171;39.0;21.4
30;2021-06-04;3904;3403;295743;163574;39.5;21.9
30;2021-06-05;1907;1312;297650;164886;39.8;22.0
30;2021-06-06;684;264;298334;165150;39.9;22.1
30;2021-06-07;4724;2526;303058;167676;40.5;22.4
30;2021-06-08;4832;3326;307890;171002;41.1;22.8
30;2021-06-09;4153;2989;312043;173991;41.7;23.2
30;2021-06-10;4611;3356;316654;177347;42.3;23.7
30;2021-06-11;4584;3814;321238;181161;42.9;24.2
30;2021-06-12;2485;1709;323723;182870;43.3;24.4
30;2021-06-13;494;341;324217;183211;43.3;24.5
30;2021-06-14;2471;4710;326688;187921;43.6;25.1
30;2021-06-15;3201;5305;329889;193226;44.1;25.8
30;2021-06-16;3109;4646;332998;197872;44.5;26.4
30;2021-06-17;3924;4372;336922;202244;45.0;27.0
30;2021-06-18;3714;4695;340636;206939;45.5;27.6
30;2021-06-19;1441;2005;342077;208944;45.7;27.9
30;2021-06-20;358;490;342435;209434;45.8;28.0
30;2021-06-21;2378;4908;344813;214342;46.1;28.6
30;2021-06-22;2364;5742;347177;220084;46.4;29.4
30;2021-06-23;2528;5344;349705;225428;46.7;30.1
30;2021-06-24;2339;4706;352044;230134;47.0;30.7
30;2021-06-25;2610;5607;354654;235741;47.4;31.5
30;2021-06-26;910;2940;355564;238681;47.5;31.9
30;2021-06-27;222;527;355786;239208;47.5;32.0
30;2021-06-28;1668;6028;357454;245236;47.8;32.8
30;2021-06-29;1837;6024;359291;251260;48.0;33.6
30;2021-06-30;2001;5257;361292;256517;48.3;34.3
30;2021-07-01;2987;4722;364279;261239;48.7;34.9
30;2021-07-02;2836;4623;367115;265862;49.0;35.5
30;2021-07-03;1154;3047;368269;268909;49.2;35.9
30;2021-07-04;115;393;368384;269302;49.2;36.0
30;2021-07-05;2026;4028;370410;273330;49.5;36.5
30;2021-07-06;2663;4975;373073;278305;49.8;37.2
30;2021-07-07;2538;4220;375611;282525;50.2;37.7
30;2021-07-08;2015;3421;377626;285946;50.5;38.2
30;2021-07-09;2408;5316;380034;291262;50.8;38.9
30;2021-07-10;1502;2157;381536;293419;51.0;39.2
30;2021-07-11;47;415;381583;293834;51.0;39.3
30;2021-07-12;2527;5152;384110;298986;51.3;39.9
30;2021-07-13;3300;6034;387410;305020;51.8;40.8
30;2021-07-14;500;548;387910;305568;51.8;40.8
30;2021-07-15;4134;5476;392044;311044;52.4;41.6
30;2021-07-16;4983;5722;397027;316766;53.0;42.3
30;2021-07-17;1705;2468;398732;319234;53.3;42.7
30;2021-07-18;146;601;398878;319835;53.3;42.7
30;2021-07-19;3373;6306;402251;326141;53.7;43.6
30;2021-07-20;4640;6515;406891;332656;54.4;44.4
30;2021-07-21;4053;5411;410944;338067;54.9;45.2
30;2021-07-22;4896;5739;415840;343806;55.6;45.9
30;2021-07-23;4990;5858;420830;349664;56.2;46.7
30;2021-07-24;2238;3264;423068;352928;56.5;47.2
30;2021-07-25;136;310;423204;353238;56.5;47.2
30;2021-07-26;4407;4124;427611;357362;57.1;47.7
30;2021-07-27;4851;4640;432462;362002;57.8;48.4
30;2021-07-28;4866;4016;437328;366018;58.4;48.9
30;2021-07-29;5909;4128;443237;370146;59.2;49.5
30;2021-07-30;5333;4388;448570;374534;59.9;50.0
30;2021-07-31;2644;1962;451214;376496;60.3;50.3
30;2021-08-01;726;310;451940;376806;60.4;50.3
30;2021-08-02;3659;4011;455599;380817;60.9;50.9
30;2021-08-03;4869;3943;460468;384760;61.5;51.4
30;2021-08-04;5253;3056;465721;387816;62.2;51.8
30;2021-08-05;4593;3773;470314;391589;62.8;52.3
30;2021-08-06;4244;4072;474558;395661;63.4;52.9
30;2021-08-07;1829;1946;476387;397607;63.6;53.1
30;2021-08-08;615;278;477002;397885;63.7;53.2
30;2021-08-09;3299;3748;480301;401633;64.2;53.7
30;2021-08-10;3902;4397;484203;406030;64.7;54.2
30;2021-08-11;3374;3484;487577;409514;65.1;54.7
30;2021-08-12;3747;4223;491324;413737;65.6;55.3
30;2021-08-13;3289;3330;494613;417067;66.1;55.7
30;2021-08-14;1113;2045;495726;419112;66.2;56.0
30;2021-08-15;270;175;495996;419287;66.3;56.0
30;2021-08-16;2158;4864;498154;424151;66.6;56.7
30;2021-08-17;2710;4185;500864;428336;66.9;57.2
30;2021-08-18;2787;3817;503651;432153;67.3;57.7
30;2021-08-19;2842;4321;506493;436474;67.7;58.3
30;2021-08-20;2586;4456;509079;440930;68.0;58.9
30;2021-08-21;1009;2878;510088;443808;68.2;59.3
30;2021-08-22;222;511;510310;444319;68.2;59.4
30;2021-08-23;1666;4468;511976;448787;68.4;60.0
30;2021-08-24;1928;4510;513904;453297;68.7;60.6
30;2021-08-25;1677;4331;515581;457628;68.9;61.1
31;2020-12-27;0;0;0;0;0.0;0.0
31;2020-12-28;1;0;1;0;0.0;0.0
31;2020-12-29;0;0;1;0;0.0;0.0
31;2020-12-30;0;0;1;0;0.0;0.0
31;2020-12-31;1;0;2;0;0.0;0.0
31;2021-01-01;4;0;6;0;0.0;0.0
31;2021-01-02;0;0;6;0;0.0;0.0
31;2021-01-03;2;0;8;0;0.0;0.0
31;2021-01-04;3;0;11;0;0.0;0.0
31;2021-01-05;50;0;61;0;0.0;0.0
31;2021-01-06;211;1;272;1;0.0;0.0
31;2021-01-07;284;1;556;2;0.0;0.0
31;2021-01-08;546;1;1102;3;0.1;0.0
31;2021-01-09;275;0;1377;3;0.1;0.0
31;2021-01-10;287;0;1664;3;0.1;0.0
31;2021-01-11;982;3;2646;6;0.2;0.0
31;2021-01-12;1192;0;3838;6;0.3;0.0
31;2021-01-13;1157;3;4995;9;0.4;0.0
31;2021-01-14;1177;18;6172;27;0.4;0.0
31;2021-01-15;1047;3;7219;30;0.5;0.0
31;2021-01-16;243;1;7462;31;0.5;0.0
31;2021-01-17;176;0;7638;31;0.5;0.0
31;2021-01-18;1613;5;9251;36;0.7;0.0
31;2021-01-19;2934;10;12185;46;0.9;0.0
31;2021-01-20;3665;12;15850;58;1.1;0.0
31;2021-01-21;2992;6;18842;64;1.3;0.0
31;2021-01-22;2271;5;21113;69;1.5;0.0
31;2021-01-23;728;2;21841;71;1.6;0.0
31;2021-01-24;212;1;22053;72;1.6;0.0
31;2021-01-25;1744;9;23797;81;1.7;0.0
31;2021-01-26;1838;62;25635;143;1.8;0.0
31;2021-01-27;1575;154;27210;297;1.9;0.0
31;2021-01-28;1385;301;28595;598;2.0;0.0
31;2021-01-29;1358;349;29953;947;2.1;0.1
31;2021-01-30;446;186;30399;1133;2.2;0.1
31;2021-01-31;61;209;30460;1342;2.2;0.1
31;2021-02-01;1159;731;31619;2073;2.3;0.1
31;2021-02-02;3037;805;34656;2878;2.5;0.2
31;2021-02-03;1917;778;36573;3656;2.6;0.3
31;2021-02-04;1809;844;38382;4500;2.7;0.3
31;2021-02-05;1340;577;39722;5077;2.8;0.4
31;2021-02-06;381;55;40103;5132;2.9;0.4
31;2021-02-07;37;41;40140;5173;2.9;0.4
31;2021-02-08;1115;667;41255;5840;2.9;0.4
31;2021-02-09;1677;1574;42932;7414;3.1;0.5
31;2021-02-10;1961;2477;44893;9891;3.2;0.7
31;2021-02-11;1814;1825;46707;11716;3.3;0.8
31;2021-02-12;1539;798;48246;12514;3.4;0.9
31;2021-02-13;504;228;48750;12742;3.5;0.9
31;2021-02-14;56;216;48806;12958;3.5;0.9
31;2021-02-15;442;1371;49248;14329;3.5;1.0
31;2021-02-16;464;1548;49712;15877;3.5;1.1
31;2021-02-17;471;1623;50183;17500;3.6;1.2
31;2021-02-18;477;1755;50660;19255;3.6;1.4
31;2021-02-19;393;1568;51053;20823;3.6;1.5
31;2021-02-20;69;530;51122;21353;3.6;1.5
31;2021-02-21;77;161;51199;21514;3.7;1.5
31;2021-02-22;433;1737;51632;23251;3.7;1.7
31;2021-02-23;865;3012;52497;26263;3.7;1.9
31;2021-02-24;653;2189;53150;28452;3.8;2.0
31;2021-02-25;1432;1843;54582;30295;3.9;2.2
31;2021-02-26;1711;1231;56293;31526;4.0;2.3
31;2021-02-27;638;403;56931;31929;4.1;2.3
31;2021-02-28;78;54;57009;31983;4.1;2.3
31;2021-03-01;872;1136;57881;33119;4.1;2.4
31;2021-03-02;1239;1668;59120;34787;4.2;2.5
31;2021-03-03;1355;1812;60475;36599;4.3;2.6
31;2021-03-04;2422;1507;62897;38106;4.5;2.7
31;2021-03-05;3054;1606;65951;39712;4.7;2.8
31;2021-03-06;2835;411;68786;40123;4.9;2.9
31;2021-03-07;5368;109;74154;40232;5.3;2.9
31;2021-03-08;1599;1095;75753;41327;5.4;2.9
31;2021-03-09;2791;1193;78544;42520;5.6;3.0
31;2021-03-10;2574;1099;81118;43619;5.8;3.1
31;2021-03-11;4379;1171;85497;44790;6.1;3.2
31;2021-03-12;5316;1200;90813;45990;6.5;3.3
31;2021-03-13;2836;507;93649;46497;6.7;3.3
31;2021-03-14;235;49;93884;46546;6.7;3.3
31;2021-03-15;2583;433;96467;46979;6.9;3.4
31;2021-03-16;1744;817;98211;47796;7.0;3.4
31;2021-03-17;1657;560;99868;48356;7.1;3.5
31;2021-03-18;1988;712;101856;49068;7.3;3.5
31;2021-03-19;3185;527;105041;49595;7.5;3.5
31;2021-03-20;1796;140;106837;49735;7.6;3.6
31;2021-03-21;210;35;107047;49770;7.6;3.6
31;2021-03-22;2577;372;109624;50142;7.8;3.6
31;2021-03-23;4055;320;113679;50462;8.1;3.6
31;2021-03-24;4356;293;118035;50755;8.4;3.6
31;2021-03-25;6039;524;124074;51279;8.9;3.7
31;2021-03-26;5464;516;129538;51795;9.2;3.7
31;2021-03-27;4350;210;133888;52005;9.6;3.7
31;2021-03-28;2291;49;136179;52054;9.7;3.7
31;2021-03-29;4206;431;140385;52485;10.0;3.7
31;2021-03-30;6594;555;146979;53040;10.5;3.8
31;2021-03-31;5648;384;152627;53424;10.9;3.8
31;2021-04-01;6963;557;159590;53981;11.4;3.9
31;2021-04-02;6101;589;165691;54570;11.8;3.9
31;2021-04-03;3927;153;169618;54723;12.1;3.9
31;2021-04-04;2059;111;171677;54834;12.3;3.9
31;2021-04-05;481;70;172158;54904;12.3;3.9
31;2021-04-06;4165;1152;176323;56056;12.6;4.0
31;2021-04-07;5986;984;182309;57040;13.0;4.1
31;2021-04-08;7568;1035;189877;58075;13.6;4.1
31;2021-04-09;8387;1258;198264;59333;14.2;4.2
31;2021-04-10;4718;543;202982;59876;14.5;4.3
31;2021-04-11;2067;139;205049;60015;14.6;4.3
31;2021-04-12;6000;1838;211049;61853;15.1;4.4
31;2021-04-13;8030;2025;219079;63878;15.6;4.6
31;2021-04-14;6649;1922;225728;65800;16.1;4.7
31;2021-04-15;7770;2241;233498;68041;16.7;4.9
31;2021-04-16;7182;2093;240680;70134;17.2;5.0
31;2021-04-17;4412;909;245092;71043;17.5;5.1
31;2021-04-18;2512;355;247604;71398;17.7;5.1
31;2021-04-19;5221;2030;252825;73428;18.0;5.2
31;2021-04-20;6072;2849;258897;76277;18.5;5.4
31;2021-04-21;5975;2799;264872;79076;18.9;5.6
31;2021-04-22;6380;3244;271252;82320;19.4;5.9
31;2021-04-23;6280;2579;277532;84899;19.8;6.1
31;2021-04-24;1614;3142;279146;88041;19.9;6.3
31;2021-04-25;687;2094;279833;90135;20.0;6.4
31;2021-04-26;3793;3225;283626;93360;20.2;6.7
31;2021-04-27;4517;3901;288143;97261;20.6;6.9
31;2021-04-28;4545;3574;292688;100835;20.9;7.2
31;2021-04-29;5184;4070;297872;104905;21.3;7.5
31;2021-04-30;5036;4136;302908;109041;21.6;7.8
31;2021-05-01;1488;3119;304396;112160;21.7;8.0
31;2021-05-02;1415;1981;305811;114141;21.8;8.1
31;2021-05-03;5656;2427;311467;116568;22.2;8.3
31;2021-05-04;4781;4742;316248;121310;22.6;8.7
31;2021-05-05;2995;5722;319243;127032;22.8;9.1
31;2021-05-06;3636;7383;322879;134415;23.0;9.6
31;2021-05-07;5257;7177;328136;141592;23.4;10.1
31;2021-05-08;3633;3104;331769;144696;23.7;10.3
31;2021-05-09;3760;2309;335529;147005;24.0;10.5
31;2021-05-10;5685;5480;341214;152485;24.4;10.9
31;2021-05-11;6662;6704;347876;159189;24.8;11.4
31;2021-05-12;6172;5939;354048;165128;25.3;11.8
31;2021-05-13;4643;2064;358691;167192;25.6;11.9
31;2021-05-14;6911;3985;365602;171177;26.1;12.2
31;2021-05-15;5144;1756;370746;172933;26.5;12.3
31;2021-05-16;3301;633;374047;173566;26.7;12.4
31;2021-05-17;5143;4149;379190;177715;27.1;12.7
31;2021-05-18;5588;4277;384778;181992;27.5;13.0
31;2021-05-19;5782;3765;390560;185757;27.9;13.3
31;2021-05-20;6474;4806;397034;190563;28.3;13.6
31;2021-05-21;5983;4612;403017;195175;28.8;13.9
31;2021-05-22;4084;1629;407101;196804;29.1;14.0
31;2021-05-23;3584;342;410685;197146;29.3;14.1
31;2021-05-24;3880;706;414565;197852;29.6;14.1
31;2021-05-25;6189;3609;420754;201461;30.0;14.4
31;2021-05-26;5609;4642;426363;206103;30.4;14.7
31;2021-05-27;4787;6202;431150;212305;30.8;15.2
31;2021-05-28;4115;6351;435265;218656;31.1;15.6
31;2021-05-29;1918;4029;437183;222685;31.2;15.9
31;2021-05-30;751;2362;437934;225047;31.3;16.1
31;2021-05-31;4397;5088;442331;230135;31.6;16.4
31;2021-06-01;5955;6565;448286;236700;32.0;16.9
31;2021-06-02;5802;6315;454088;243015;32.4;17.3
31;2021-06-03;7309;8145;461397;251160;32.9;17.9
31;2021-06-04;7544;7168;468941;258328;33.5;18.4
31;2021-06-05;9078;2772;478019;261100;34.1;18.6
31;2021-06-06;8113;1581;486132;262681;34.7;18.8
31;2021-06-07;7989;5470;494121;268151;35.3;19.1
31;2021-06-08;9106;6054;503227;274205;35.9;19.6
31;2021-06-09;8921;5554;512148;279759;36.6;20.0
31;2021-06-10;9784;6364;521932;286123;37.3;20.4
31;2021-06-11;10049;6642;531981;292765;38.0;20.9
31;2021-06-12;8792;3020;540773;295785;38.6;21.1
31;2021-06-13;8375;2017;549148;297802;39.2;21.3
31;2021-06-14;8432;6734;557580;304536;39.8;21.7
31;2021-06-15;9779;7443;567359;311979;40.5;22.3
31;2021-06-16;8734;5261;576093;317240;41.1;22.6
31;2021-06-17;8274;6607;584367;323847;41.7;23.1
31;2021-06-18;8553;7753;592920;331600;42.3;23.7
31;2021-06-19;7366;5437;600286;337037;42.8;24.1
31;2021-06-20;5572;3725;605858;340762;43.2;24.3
31;2021-06-21;5376;6918;611234;347680;43.6;24.8
31;2021-06-22;4986;8222;616220;355902;44.0;25.4
31;2021-06-23;5109;7278;621329;363180;44.4;25.9
31;2021-06-24;4634;8322;625963;371502;44.7;26.5
31;2021-06-25;5017;9311;630980;380813;45.0;27.2
31;2021-06-26;4283;6399;635263;387212;45.3;27.6
31;2021-06-27;3597;4105;638860;391317;45.6;27.9
31;2021-06-28;4101;6650;642961;397967;45.9;28.4
31;2021-06-29;3799;7569;646760;405536;46.2;28.9
31;2021-06-30;4278;7811;651038;413347;46.5;29.5
31;2021-07-01;4091;8469;655129;421816;46.8;30.1
31;2021-07-02;4109;9323;659238;431139;47.1;30.8
31;2021-07-03;4099;6112;663337;437251;47.3;31.2
31;2021-07-04;3204;4811;666541;442062;47.6;31.6
31;2021-07-05;4056;7098;670597;449160;47.9;32.1
31;2021-07-06;3888;8369;674485;457529;48.1;32.7
31;2021-07-07;3960;7965;678445;465494;48.4;33.2
31;2021-07-08;4049;8541;682494;474035;48.7;33.8
31;2021-07-09;4461;8799;686955;482834;49.0;34.5
31;2021-07-10;3916;5497;690871;488331;49.3;34.9
31;2021-07-11;3138;4129;694009;492460;49.5;35.2
31;2021-07-12;3822;8629;697831;501089;49.8;35.8
31;2021-07-13;6921;9433;704752;510522;50.3;36.4
31;2021-07-14;6162;3927;710914;514449;50.7;36.7
31;2021-07-15;8513;9433;719427;523882;51.4;37.4
31;2021-07-16;7771;9911;727198;533793;51.9;38.1
31;2021-07-17;8361;10543;735559;544336;52.5;38.9
31;2021-07-18;6626;9465;742185;553801;53.0;39.5
31;2021-07-19;4790;10771;746975;564572;53.3;40.3
31;2021-07-20;7157;11474;754132;576046;53.8;41.1
31;2021-07-21;7039;11526;761171;587572;54.3;41.9
31;2021-07-22;8158;11752;769329;599324;54.9;42.8
31;2021-07-23;7464;11811;776793;611135;55.4;43.6
31;2021-07-24;10302;10542;787095;621677;56.2;44.4
31;2021-07-25;7559;8795;794654;630472;56.7;45.0
31;2021-07-26;5518;9538;800172;640010;57.1;45.7
31;2021-07-27;7954;9190;808126;649200;57.7;46.3
31;2021-07-28;8671;8265;816797;657465;58.3;46.9
31;2021-07-29;8839;8037;825636;665502;58.9;47.5
31;2021-07-30;7653;7983;833289;673485;59.5;48.1
31;2021-07-31;5994;7391;839283;680876;59.9;48.6
31;2021-08-01;4412;4296;843695;685172;60.2;48.9
31;2021-08-02;5476;5416;849171;690588;60.6;49.3
31;2021-08-03;5849;5186;855020;695774;61.0;49.7
31;2021-08-04;5883;4799;860903;700573;61.5;50.0
31;2021-08-05;5545;7222;866448;707795;61.8;50.5
31;2021-08-06;5262;7332;871710;715127;62.2;51.0
31;2021-08-07;4571;6642;876281;721769;62.5;51.5
31;2021-08-08;3366;5569;879647;727338;62.8;51.9
31;2021-08-09;4370;7015;884017;734353;63.1;52.4
31;2021-08-10;4631;6277;888648;740630;63.4;52.9
31;2021-08-11;4507;5857;893155;746487;63.8;53.3
31;2021-08-12;4498;6746;897653;753233;64.1;53.8
31;2021-08-13;4111;6189;901764;759422;64.4;54.2
31;2021-08-14;3027;6455;904791;765877;64.6;54.7
31;2021-08-15;1288;4094;906079;769971;64.7;55.0
31;2021-08-16;3199;8117;909278;778088;64.9;55.5
31;2021-08-17;3402;7094;912680;785182;65.1;56.0
31;2021-08-18;3300;6999;915980;792181;65.4;56.5
31;2021-08-19;2951;6980;918931;799161;65.6;57.0
31;2021-08-20;2948;7381;921879;806542;65.8;57.6
31;2021-08-21;1965;6787;923844;813329;65.9;58.1
31;2021-08-22;1482;5630;925326;818959;66.1;58.5
31;2021-08-23;2309;7718;927635;826677;66.2;59.0
31;2021-08-24;2533;6154;930168;832831;66.4;59.4
31;2021-08-25;2349;5704;932517;838535;66.6;59.9
32;2020-12-27;0;0;0;0;0.0;0.0
32;2020-12-28;0;0;0;0;0.0;0.0
32;2020-12-29;0;0;0;0;0.0;0.0
32;2020-12-30;0;0;0;0;0.0;0.0
32;2020-12-31;0;0;0;0;0.0;0.0
32;2021-01-01;0;0;0;0;0.0;0.0
32;2021-01-02;0;0;0;0;0.0;0.0
32;2021-01-03;0;0;0;0;0.0;0.0
32;2021-01-04;3;0;3;0;0.0;0.0
32;2021-01-05;1;0;4;0;0.0;0.0
32;2021-01-06;2;0;6;0;0.0;0.0
32;2021-01-07;155;0;161;0;0.1;0.0
32;2021-01-08;70;0;231;0;0.1;0.0
32;2021-01-09;5;0;236;0;0.1;0.0
32;2021-01-10;1;0;237;0;0.1;0.0
32;2021-01-11;11;0;248;0;0.1;0.0
32;2021-01-12;96;0;344;0;0.2;0.0
32;2021-01-13;325;0;669;0;0.4;0.0
32;2021-01-14;378;3;1047;3;0.6;0.0
32;2021-01-15;448;1;1495;4;0.8;0.0
32;2021-01-16;16;2;1511;6;0.8;0.0
32;2021-01-17;1;0;1512;6;0.8;0.0
32;2021-01-18;345;1;1857;7;1.0;0.0
32;2021-01-19;418;0;2275;7;1.2;0.0
32;2021-01-20;358;0;2633;7;1.4;0.0
32;2021-01-21;582;0;3215;7;1.7;0.0
32;2021-01-22;372;0;3587;7;1.9;0.0
32;2021-01-23;180;0;3767;7;2.0;0.0
32;2021-01-24;5;0;3772;7;2.0;0.0
32;2021-01-25;468;1;4240;8;2.2;0.0
32;2021-01-26;608;0;4848;8;2.6;0.0
32;2021-01-27;702;4;5550;12;2.9;0.0
32;2021-01-28;687;15;6237;27;3.3;0.0
32;2021-01-29;460;53;6697;80;3.5;0.0
32;2021-01-30;260;0;6957;80;3.7;0.0
32;2021-01-31;4;5;6961;85;3.7;0.0
32;2021-02-01;288;58;7249;143;3.8;0.1
32;2021-02-02;638;139;7887;282;4.2;0.1
32;2021-02-03;338;200;8225;482;4.3;0.3
32;2021-02-04;426;279;8651;761;4.6;0.4
32;2021-02-05;348;360;8999;1121;4.7;0.6
32;2021-02-06;147;0;9146;1121;4.8;0.6
32;2021-02-07;0;36;9146;1157;4.8;0.6
32;2021-02-08;278;121;9424;1278;5.0;0.7
32;2021-02-09;309;229;9733;1507;5.1;0.8
32;2021-02-10;271;254;10004;1761;5.3;0.9
32;2021-02-11;382;317;10386;2078;5.5;1.1
32;2021-02-12;297;280;10683;2358;5.6;1.2
32;2021-02-13;249;1;10932;2359;5.8;1.2
32;2021-02-14;0;28;10932;2387;5.8;1.3
32;2021-02-15;25;212;10957;2599;5.8;1.4
32;2021-02-16;393;367;11350;2966;6.0;1.6
32;2021-02-17;191;474;11541;3440;6.1;1.8
32;2021-02-18;331;494;11872;3934;6.2;2.1
32;2021-02-19;184;278;12056;4212;6.3;2.2
32;2021-02-20;1;120;12057;4332;6.3;2.3
32;2021-02-21;0;0;12057;4332;6.3;2.3
32;2021-02-22;158;385;12215;4717;6.4;2.5
32;2021-02-23;431;566;12646;5283;6.7;2.8
32;2021-02-24;277;380;12923;5663;6.8;3.0
32;2021-02-25;481;518;13404;6181;7.1;3.3
32;2021-02-26;444;385;13848;6566;7.3;3.5
32;2021-02-27;157;246;14005;6812;7.4;3.6
32;2021-02-28;4;0;14009;6812;7.4;3.6
32;2021-03-01;51;300;14060;7112;7.4;3.7
32;2021-03-02;414;446;14474;7558;7.6;4.0
32;2021-03-03;276;292;14750;7850;7.8;4.1
32;2021-03-04;540;338;15290;8188;8.0;4.3
32;2021-03-05;437;249;15727;8437;8.3;4.4
32;2021-03-06;522;167;16249;8604;8.6;4.5
32;2021-03-07;25;5;16274;8609;8.6;4.5
32;2021-03-08;234;291;16508;8900;8.7;4.7
32;2021-03-09;643;329;17151;9229;9.0;4.9
32;2021-03-10;482;329;17633;9558;9.3;5.0
32;2021-03-11;854;293;18487;9851;9.7;5.2
32;2021-03-12;882;340;19369;10191;10.2;5.4
32;2021-03-13;492;248;19861;10439;10.5;5.5
32;2021-03-14;1;0;19862;10439;10.5;5.5
32;2021-03-15;267;26;20129;10465;10.6;5.5
32;2021-03-16;314;309;20443;10774;10.8;5.7
32;2021-03-17;150;156;20593;10930;10.8;5.8
32;2021-03-18;375;308;20968;11238;11.0;5.9
32;2021-03-19;404;182;21372;11420;11.2;6.0
32;2021-03-20;136;33;21508;11453;11.3;6.0
32;2021-03-21;0;0;21508;11453;11.3;6.0
32;2021-03-22;340;170;21848;11623;11.5;6.1
32;2021-03-23;560;399;22408;12022;11.8;6.3
32;2021-03-24;643;270;23051;12292;12.1;6.5
32;2021-03-25;899;416;23950;12708;12.6;6.7
32;2021-03-26;657;294;24607;13002;12.9;6.8
32;2021-03-27;165;3;24772;13005;13.0;6.8
32;2021-03-28;1;1;24773;13006;13.0;6.8
32;2021-03-29;371;48;25144;13054;13.2;6.9
32;2021-03-30;766;290;25910;13344;13.6;7.0
32;2021-03-31;654;174;26564;13518;14.0;7.1
32;2021-04-01;1238;321;27802;13839;14.6;7.3
32;2021-04-02;575;167;28377;14006;14.9;7.4
32;2021-04-03;114;0;28491;14006;15.0;7.4
32;2021-04-04;0;0;28491;14006;15.0;7.4
32;2021-04-05;0;0;28491;14006;15.0;7.4
32;2021-04-06;2646;311;31137;14317;16.4;7.5
32;2021-04-07;1178;204;32315;14521;17.0;7.6
32;2021-04-08;1736;406;34051;14927;17.9;7.9
32;2021-04-09;883;218;34934;15145;18.4;8.0
32;2021-04-10;808;29;35742;15174;18.8;8.0
32;2021-04-11;14;0;35756;15174;18.8;8.0
32;2021-04-12;477;23;36233;15197;19.1;8.0
32;2021-04-13;2469;386;38702;15583;20.4;8.2
32;2021-04-14;1227;263;39929;15846;21.0;8.3
32;2021-04-15;1704;392;41633;16238;21.9;8.5
32;2021-04-16;638;282;42271;16520;22.2;8.7
32;2021-04-17;783;38;43054;16558;22.7;8.7
32;2021-04-18;13;1;43067;16559;22.7;8.7
32;2021-04-19;502;46;43569;16605;22.9;8.7
32;2021-04-20;2472;390;46041;16995;24.2;8.9
32;2021-04-21;1010;303;47051;17298;24.8;9.1
32;2021-04-22;1662;321;48713;17619;25.6;9.3
32;2021-04-23;549;159;49262;17778;25.9;9.4
32;2021-04-24;1392;55;50654;17833;26.7;9.4
32;2021-04-25;0;11;50654;17844;26.7;9.4
32;2021-04-26;387;359;51041;18203;26.9;9.6
32;2021-04-27;2552;553;53593;18756;28.2;9.9
32;2021-04-28;971;356;54564;19112;28.7;10.1
32;2021-04-29;1009;885;55573;19997;29.2;10.5
32;2021-04-30;453;362;56026;20359;29.5;10.7
32;2021-05-01;2606;96;58632;20455;30.9;10.8
32;2021-05-02;0;0;58632;20455;30.9;10.8
32;2021-05-03;171;321;58803;20776;30.9;10.9
32;2021-05-04;792;2496;59595;23272;31.4;12.2
32;2021-05-05;2360;1098;61955;24370;32.6;12.8
32;2021-05-06;516;1660;62471;26030;32.9;13.7
32;2021-05-07;2286;538;64757;26568;34.1;14.0
32;2021-05-08;71;516;64828;27084;34.1;14.3
32;2021-05-09;21;179;64849;27263;34.1;14.3
32;2021-05-10;1993;551;66842;27814;35.2;14.6
32;2021-05-11;651;2276;67493;30090;35.5;15.8
32;2021-05-12;2313;1139;69806;31229;36.7;16.4
32;2021-05-13;281;1416;70087;32645;36.9;17.2
32;2021-05-14;2222;327;72309;32972;38.0;17.4
32;2021-05-15;134;712;72443;33684;38.1;17.7
32;2021-05-16;2;0;72445;33684;38.1;17.7
32;2021-05-17;353;170;72798;33854;38.3;17.8
32;2021-05-18;1642;297;74440;34151;39.2;18.0
32;2021-05-19;2474;273;76914;34424;40.5;18.1
32;2021-05-20;2887;471;79801;34895;42.0;18.4
32;2021-05-21;2535;501;82336;35396;43.3;18.6
32;2021-05-22;335;111;82671;35507;43.5;18.7
32;2021-05-23;2;13;82673;35520;43.5;18.7
32;2021-05-24;3;0;82676;35520;43.5;18.7
32;2021-05-25;1983;374;84659;35894;44.5;18.9
32;2021-05-26;2548;556;87207;36450;45.9;19.2
32;2021-05-27;2877;626;90084;37076;47.4;19.5
32;2021-05-28;2310;766;92394;37842;48.6;19.9
32;2021-05-29;372;312;92766;38154;48.8;20.1
32;2021-05-30;4;6;92770;38160;48.8;20.1
32;2021-05-31;1414;625;94184;38785;49.6;20.4
32;2021-06-01;565;2889;94749;41674;49.9;21.9
32;2021-06-02;1579;1354;96328;43028;50.7;22.6
32;2021-06-03;396;2086;96724;45114;50.9;23.7
32;2021-06-04;1837;830;98561;45944;51.9;24.2
32;2021-06-05;206;1661;98767;47605;52.0;25.0
32;2021-06-06;8;14;98775;47619;52.0;25.1
32;2021-06-07;103;418;98878;48037;52.0;25.3
32;2021-06-08;663;2541;99541;50578;52.4;26.6
32;2021-06-09;1191;1054;100732;51632;53.0;27.2
32;2021-06-10;686;1225;101418;52857;53.4;27.8
32;2021-06-11;926;663;102344;53520;53.9;28.2
32;2021-06-12;150;2680;102494;56200;53.9;29.6
32;2021-06-13;1;1;102495;56201;53.9;29.6
32;2021-06-14;529;210;103024;56411;54.2;29.7
32;2021-06-15;1735;1027;104759;57438;55.1;30.2
32;2021-06-16;850;2777;105609;60215;55.6;31.7
32;2021-06-17;860;830;106469;61045;56.0;32.1
32;2021-06-18;315;2724;106784;63769;56.2;33.6
32;2021-06-19;914;436;107698;64205;56.7;33.8
32;2021-06-20;5;13;107703;64218;56.7;33.8
32;2021-06-21;67;1994;107770;66212;56.7;34.8
32;2021-06-22;1043;970;108813;67182;57.3;35.4
32;2021-06-23;516;2183;109329;69365;57.5;36.5
32;2021-06-24;528;520;109857;69885;57.8;36.8
32;2021-06-25;501;2359;110358;72244;58.1;38.0
32;2021-06-26;108;171;110466;72415;58.1;38.1
32;2021-06-27;2;5;110468;72420;58.1;38.1
32;2021-06-28;629;602;111097;73022;58.5;38.4
32;2021-06-29;800;1985;111897;75007;58.9;39.5
32;2021-06-30;757;2725;112654;77732;59.3;40.9
32;2021-07-01;540;2640;113194;80372;59.6;42.3
32;2021-07-02;641;2335;113835;82707;59.9;43.5
32;2021-07-03;482;506;114317;83213;60.2;43.8
32;2021-07-04;1;12;114318;83225;60.2;43.8
32;2021-07-05;76;391;114394;83616;60.2;44.0
32;2021-07-06;881;2080;115275;85696;60.7;45.1
32;2021-07-07;780;2757;116055;88453;61.1;46.5
32;2021-07-08;478;2267;116533;90720;61.3;47.7
32;2021-07-09;615;2226;117148;92946;61.6;48.9
32;2021-07-10;537;521;117685;93467;61.9;49.2
32;2021-07-11;0;5;117685;93472;61.9;49.2
32;2021-07-12;526;1243;118211;94715;62.2;49.8
32;2021-07-13;1696;1817;119907;96532;63.1;50.8
32;2021-07-14;491;35;120398;96567;63.4;50.8
32;2021-07-15;2093;889;122491;97456;64.5;51.3
32;2021-07-16;1169;1911;123660;99367;65.1;52.3
32;2021-07-17;78;129;123738;99496;65.1;52.4
32;2021-07-18;2;5;123740;99501;65.1;52.4
32;2021-07-19;1995;147;125735;99648;66.2;52.4
32;2021-07-20;2038;1267;127773;100915;67.2;53.1
32;2021-07-21;1611;1688;129384;102603;68.1;54.0
32;2021-07-22;1947;508;131331;103111;69.1;54.3
32;2021-07-23;1404;1731;132735;104842;69.8;55.2
32;2021-07-24;139;118;132874;104960;69.9;55.2
32;2021-07-25;34;10;132908;104970;69.9;55.2
32;2021-07-26;1068;1071;133976;106041;70.5;55.8
32;2021-07-27;1725;2096;135701;108137;71.4;56.9
32;2021-07-28;690;975;136391;109112;71.8;57.4
32;2021-07-29;1687;1600;138078;110712;72.7;58.3
32;2021-07-30;363;349;138441;111061;72.8;58.4
32;2021-07-31;186;351;138627;111412;72.9;58.6
32;2021-08-01;18;4;138645;111416;73.0;58.6
32;2021-08-02;80;76;138725;111492;73.0;58.7
32;2021-08-03;1176;1790;139901;113282;73.6;59.6
32;2021-08-04;630;654;140531;113936;73.9;60.0
32;2021-08-05;1098;1936;141629;115872;74.5;61.0
32;2021-08-06;560;494;142189;116366;74.8;61.2
32;2021-08-07;148;93;142337;116459;74.9;61.3
32;2021-08-08;0;0;142337;116459;74.9;61.3
32;2021-08-09;260;1823;142597;118282;75.0;62.2
32;2021-08-10;713;2081;143310;120363;75.4;63.3
32;2021-08-11;576;446;143886;120809;75.7;63.6
32;2021-08-12;931;2101;144817;122910;76.2;64.7
32;2021-08-13;177;251;144994;123161;76.3;64.8
32;2021-08-14;111;119;145105;123280;76.4;64.9
32;2021-08-15;12;21;145117;123301;76.4;64.9
32;2021-08-16;41;39;145158;123340;76.4;64.9
32;2021-08-17;573;2300;145731;125640;76.7;66.1
32;2021-08-18;309;558;146040;126198;76.8;66.4
32;2021-08-19;953;1410;146993;127608;77.3;67.1
32;2021-08-20;152;165;147145;127773;77.4;67.2
32;2021-08-21;149;189;147294;127962;77.5;67.3
32;2021-08-22;8;3;147302;127965;77.5;67.3
32;2021-08-23;41;100;147343;128065;77.5;67.4
32;2021-08-24;582;1446;147925;129511;77.8;68.1
32;2021-08-25;92;191;148017;129702;77.9;68.2
33;2020-12-27;2;0;2;0;0.0;0.0
33;2020-12-28;3;0;5;0;0.0;0.0
33;2020-12-29;0;0;5;0;0.0;0.0
33;2020-12-30;0;0;5;0;0.0;0.0
33;2020-12-31;0;0;5;0;0.0;0.0
33;2021-01-01;0;0;5;0;0.0;0.0
33;2021-01-02;1;0;6;0;0.0;0.0
33;2021-01-03;0;0;6;0;0.0;0.0
33;2021-01-04;2;0;8;0;0.0;0.0
33;2021-01-05;2;0;10;0;0.0;0.0
33;2021-01-06;134;0;144;0;0.0;0.0
33;2021-01-07;1308;1;1452;1;0.1;0.0
33;2021-01-08;1199;3;2651;4;0.2;0.0
33;2021-01-09;298;1;2949;5;0.2;0.0
33;2021-01-10;229;0;3178;5;0.2;0.0
33;2021-01-11;627;0;3805;5;0.2;0.0
33;2021-01-12;1417;2;5222;7;0.3;0.0
33;2021-01-13;1313;9;6535;16;0.4;0.0
33;2021-01-14;1285;13;7820;29;0.5;0.0
33;2021-01-15;1607;11;9427;40;0.6;0.0
33;2021-01-16;566;8;9993;48;0.6;0.0
33;2021-01-17;406;4;10399;52;0.6;0.0
33;2021-01-18;1222;11;11621;63;0.7;0.0
33;2021-01-19;2924;4;14545;67;0.9;0.0
33;2021-01-20;3400;9;17945;76;1.1;0.0
33;2021-01-21;2858;5;20803;81;1.3;0.0
33;2021-01-22;2322;8;23125;89;1.4;0.0
33;2021-01-23;852;2;23977;91;1.5;0.0
33;2021-01-24;529;2;24506;93;1.5;0.0
33;2021-01-25;2170;60;26676;153;1.6;0.0
33;2021-01-26;2242;162;28918;315;1.8;0.0
33;2021-01-27;2258;207;31176;522;1.9;0.0
33;2021-01-28;2157;439;33333;961;2.0;0.1
33;2021-01-29;1820;688;35153;1649;2.2;0.1
33;2021-01-30;704;173;35857;1822;2.2;0.1
33;2021-01-31;388;157;36245;1979;2.2;0.1
33;2021-02-01;1456;647;37701;2626;2.3;0.2
33;2021-02-02;2643;1108;40344;3734;2.5;0.2
33;2021-02-03;2909;867;43253;4601;2.6;0.3
33;2021-02-04;4030;1352;47283;5953;2.9;0.4
33;2021-02-05;2188;1166;49471;7119;3.0;0.4
33;2021-02-06;643;199;50114;7318;3.1;0.4
33;2021-02-07;218;231;50332;7549;3.1;0.5
33;2021-02-08;1263;754;51595;8303;3.2;0.5
33;2021-02-09;1324;1687;52919;9990;3.2;0.6
33;2021-02-10;1263;1749;54182;11739;3.3;0.7
33;2021-02-11;1301;1443;55483;13182;3.4;0.8
33;2021-02-12;1115;1258;56598;14440;3.5;0.9
33;2021-02-13;203;294;56801;14734;3.5;0.9
33;2021-02-14;47;246;56848;14980;3.5;0.9
33;2021-02-15;685;1724;57533;16704;3.5;1.0
33;2021-02-16;812;2047;58345;18751;3.6;1.1
33;2021-02-17;667;2042;59012;20793;3.6;1.3
33;2021-02-18;897;2255;59909;23048;3.7;1.4
33;2021-02-19;915;2014;60824;25062;3.7;1.5
33;2021-02-20;77;656;60901;25718;3.7;1.6
33;2021-02-21;37;463;60938;26181;3.7;1.6
33;2021-02-22;706;1889;61644;28070;3.8;1.7
33;2021-02-23;1230;2742;62874;30812;3.8;1.9
33;2021-02-24;1395;2524;64269;33336;3.9;2.0
33;2021-02-25;2828;3758;67097;37094;4.1;2.3
33;2021-02-26;4054;2332;71151;39426;4.4;2.4
33;2021-02-27;1359;726;72510;40152;4.4;2.5
33;2021-02-28;126;518;72636;40670;4.4;2.5
33;2021-03-01;1533;1853;74169;42523;4.5;2.6
33;2021-03-02;2323;1745;76492;44268;4.7;2.7
33;2021-03-03;2305;1702;78797;45970;4.8;2.8
33;2021-03-04;3933;1669;82730;47639;5.1;2.9
33;2021-03-05;5758;1739;88488;49378;5.4;3.0
33;2021-03-06;3414;561;91902;49939;5.6;3.1
33;2021-03-07;741;160;92643;50099;5.7;3.1
33;2021-03-08;2712;1155;95355;51254;5.8;3.1
33;2021-03-09;4400;1342;99755;52596;6.1;3.2
33;2021-03-10;5120;1235;104875;53831;6.4;3.3
33;2021-03-11;7540;1235;112415;55066;6.9;3.4
33;2021-03-12;10115;1166;122530;56232;7.5;3.4
33;2021-03-13;5152;214;127682;56446;7.8;3.5
33;2021-03-14;714;26;128396;56472;7.9;3.5
33;2021-03-15;4439;684;132835;57156;8.1;3.5
33;2021-03-16;3582;877;136417;58033;8.4;3.6
33;2021-03-17;3638;947;140055;58980;8.6;3.6
33;2021-03-18;4038;1413;144093;60393;8.8;3.7
33;2021-03-19;6270;1032;150363;61425;9.2;3.8
33;2021-03-20;3368;102;153731;61527;9.4;3.8
33;2021-03-21;461;29;154192;61556;9.4;3.8
33;2021-03-22;4900;450;159092;62006;9.7;3.8
33;2021-03-23;6321;607;165413;62613;10.1;3.8
33;2021-03-24;7075;525;172488;63138;10.6;3.9
33;2021-03-25;8839;657;181327;63795;11.1;3.9
33;2021-03-26;10038;855;191365;64650;11.7;4.0
33;2021-03-27;3619;83;194984;64733;11.9;4.0
33;2021-03-28;577;33;195561;64766;12.0;4.0
33;2021-03-29;6769;701;202330;65467;12.4;4.0
33;2021-03-30;8100;1040;210430;66507;12.9;4.1
33;2021-03-31;7578;1071;218008;67578;13.3;4.1
33;2021-04-01;8818;1195;226826;68773;13.9;4.2
33;2021-04-02;8402;1558;235228;70331;14.4;4.3
33;2021-04-03;2832;525;238060;70856;14.6;4.3
33;2021-04-04;218;160;238278;71016;14.6;4.3
33;2021-04-05;691;122;238969;71138;14.6;4.4
33;2021-04-06;6049;2701;245018;73839;15.0;4.5
33;2021-04-07;7420;2569;252438;76408;15.5;4.7
33;2021-04-08;10322;2784;262760;79192;16.1;4.8
33;2021-04-09;12686;3095;275446;82287;16.9;5.0
33;2021-04-10;5356;1393;280802;83680;17.2;5.1
33;2021-04-11;1002;354;281804;84034;17.3;5.1
33;2021-04-12;7423;3280;289227;87314;17.7;5.3
33;2021-04-13;9316;3479;298543;90793;18.3;5.6
33;2021-04-14;9040;3651;307583;94444;18.8;5.8
33;2021-04-15;10108;3877;317691;98321;19.4;6.0
33;2021-04-16;9720;4224;327411;102545;20.0;6.3
33;2021-04-17;4653;1660;332064;104205;20.3;6.4
33;2021-04-18;929;413;332993;104618;20.4;6.4
33;2021-04-19;5615;3843;338608;108461;20.7;6.6
33;2021-04-20;7293;4266;345901;112727;21.2;6.9
33;2021-04-21;6596;4353;352497;117080;21.6;7.2
33;2021-04-22;7345;4476;359842;121556;22.0;7.4
33;2021-04-23;7706;4817;367548;126373;22.5;7.7
33;2021-04-24;4500;1801;372048;128174;22.8;7.8
33;2021-04-25;1651;418;373699;128592;22.9;7.9
33;2021-04-26;5264;5086;378963;133678;23.2;8.2
33;2021-04-27;6577;5628;385540;139306;23.6;8.5
33;2021-04-28;6781;5568;392321;144874;24.0;8.9
33;2021-04-29;8422;6243;400743;151117;24.5;9.3
33;2021-04-30;8738;6125;409481;157242;25.1;9.6
33;2021-05-01;2901;514;412382;157756;25.2;9.7
33;2021-05-02;1834;346;414216;158102;25.4;9.7
33;2021-05-03;7017;5222;421233;163324;25.8;10.0
33;2021-05-04;6829;6671;428062;169995;26.2;10.4
33;2021-05-05;7142;7570;435204;177565;26.6;10.9
33;2021-05-06;8704;8244;443908;185809;27.2;11.4
33;2021-05-07;8607;8915;452515;194724;27.7;11.9
33;2021-05-08;3541;1604;456056;196328;27.9;12.0
33;2021-05-09;1117;969;457173;197297;28.0;12.1
33;2021-05-10;6876;7316;464049;204613;28.4;12.5
33;2021-05-11;8637;7833;472686;212446;28.9;13.0
33;2021-05-12;9171;6699;481857;219145;29.5;13.4
33;2021-05-13;5209;2112;487066;221257;29.8;13.5
33;2021-05-14;8129;5359;495195;226616;30.3;13.9
33;2021-05-15;5182;2877;500377;229493;30.6;14.0
33;2021-05-16;1842;804;502219;230297;30.7;14.1
33;2021-05-17;8859;5109;511078;235406;31.3;14.4
33;2021-05-18;10622;4890;521700;240296;31.9;14.7
33;2021-05-19;10905;4795;532605;245091;32.6;15.0
33;2021-05-20;10911;5593;543516;250684;33.3;15.3
33;2021-05-21;10918;6259;554434;256943;33.9;15.7
33;2021-05-22;5123;2754;559557;259697;34.3;15.9
33;2021-05-23;1748;384;561305;260081;34.4;15.9
33;2021-05-24;5413;999;566718;261080;34.7;16.0
33;2021-05-25;9388;5773;576106;266853;35.3;16.3
33;2021-05-26;9677;6041;585783;272894;35.9;16.7
33;2021-05-27;10907;7738;596690;280632;36.5;17.2
33;2021-05-28;10066;9529;606756;290161;37.1;17.8
33;2021-05-29;5042;4116;611798;294277;37.5;18.0
33;2021-05-30;1703;667;613501;294944;37.6;18.1
33;2021-05-31;8558;6427;622059;301371;38.1;18.5
33;2021-06-01;11807;8728;633866;310099;38.8;19.0
33;2021-06-02;11710;8228;645576;318327;39.5;19.5
33;2021-06-03;12715;9204;658291;327531;40.3;20.1
33;2021-06-04;12938;10960;671229;338491;41.1;20.7
33;2021-06-05;5278;5066;676507;343557;41.4;21.0
33;2021-06-06;2526;1192;679033;344749;41.6;21.1
33;2021-06-07;9760;8503;688793;353252;42.2;21.6
33;2021-06-08;11937;9463;700730;362715;42.9;22.2
33;2021-06-09;11776;8537;712506;371252;43.6;22.7
33;2021-06-10;12953;8390;725459;379642;44.4;23.2
33;2021-06-11;12521;11171;737980;390813;45.2;23.9
33;2021-06-12;6189;4476;744169;395289;45.6;24.2
33;2021-06-13;2614;1283;746783;396572;45.7;24.3
33;2021-06-14;8581;10153;755364;406725;46.2;24.9
33;2021-06-15;12059;10279;767423;417004;47.0;25.5
33;2021-06-16;12053;8871;779476;425875;47.7;26.1
33;2021-06-17;13110;9616;792586;435491;48.5;26.7
33;2021-06-18;11796;11440;804382;446931;49.2;27.4
33;2021-06-19;5611;4816;809993;451747;49.6;27.7
33;2021-06-20;2947;1475;812940;453222;49.8;27.7
33;2021-06-21;7874;10165;820814;463387;50.3;28.4
33;2021-06-22;9062;11090;829876;474477;50.8;29.0
33;2021-06-23;8664;10851;838540;485328;51.3;29.7
33;2021-06-24;9746;9982;848286;495310;51.9;30.3
33;2021-06-25;8044;13717;856330;509027;52.4;31.2
33;2021-06-26;4340;5919;860670;514946;52.7;31.5
33;2021-06-27;2468;1961;863138;516907;52.8;31.6
33;2021-06-28;4873;12769;868011;529676;53.1;32.4
33;2021-06-29;6444;13653;874455;543329;53.5;33.3
33;2021-06-30;6682;13397;881137;556726;53.9;34.1
33;2021-07-01;8051;11816;889188;568542;54.4;34.8
33;2021-07-02;6847;15111;896035;583653;54.9;35.7
33;2021-07-03;3221;6784;899256;590437;55.1;36.1
33;2021-07-04;2066;2379;901322;592816;55.2;36.3
33;2021-07-05;4400;12914;905722;605730;55.4;37.1
33;2021-07-06;6148;14599;911870;620329;55.8;38.0
33;2021-07-07;6889;13055;918759;633384;56.2;38.8
33;2021-07-08;7968;12746;926727;646130;56.7;39.6
33;2021-07-09;6467;15107;933194;661237;57.1;40.5
33;2021-07-10;3112;7162;936306;668399;57.3;40.9
33;2021-07-11;1844;2298;938150;670697;57.4;41.1
33;2021-07-12;3944;14701;942094;685398;57.7;42.0
33;2021-07-13;7155;16104;949249;701502;58.1;42.9
33;2021-07-14;3686;5318;952935;706820;58.3;43.3
33;2021-07-15;7617;15972;960552;722792;58.8;44.2
33;2021-07-16;8573;15146;969125;737938;59.3;45.2
33;2021-07-17;3118;6431;972243;744369;59.5;45.6
33;2021-07-18;1694;3205;973937;747574;59.6;45.8
33;2021-07-19;5843;15104;979780;762678;60.0;46.7
33;2021-07-20;7414;16133;987194;778811;60.4;47.7
33;2021-07-21;8358;14537;995552;793348;60.9;48.6
33;2021-07-22;9355;15113;1004907;808461;61.5;49.5
33;2021-07-23;9631;16354;1014538;824815;62.1;50.5
33;2021-07-24;3829;7552;1018367;832367;62.3;51.0
33;2021-07-25;2086;2665;1020453;835032;62.5;51.1
33;2021-07-26;6926;13429;1027379;848461;62.9;51.9
33;2021-07-27;10038;13402;1037417;861863;63.5;52.8
33;2021-07-28;10904;11975;1048321;873838;64.2;53.5
33;2021-07-29;11639;11909;1059960;885747;64.9;54.2
33;2021-07-30;11354;12218;1071314;897965;65.6;55.0
33;2021-07-31;4736;5652;1076050;903617;65.9;55.3
33;2021-08-01;2474;1951;1078524;905568;66.0;55.4
33;2021-08-02;8346;9888;1086870;915456;66.5;56.0
33;2021-08-03;11461;9012;1098331;924468;67.2;56.6
33;2021-08-04;11852;7350;1110183;931818;68.0;57.0
33;2021-08-05;11828;8019;1122011;939837;68.7;57.5
33;2021-08-06;11133;9055;1133144;948892;69.4;58.1
33;2021-08-07;5882;4506;1139026;953398;69.7;58.4
33;2021-08-08;3188;1818;1142214;955216;69.9;58.5
33;2021-08-09;8593;8725;1150807;963941;70.5;59.0
33;2021-08-10;9298;8424;1160105;972365;71.0;59.5
33;2021-08-11;8058;7572;1168163;979937;71.5;60.0
33;2021-08-12;7929;8012;1176092;987949;72.0;60.5
33;2021-08-13;7743;7670;1183835;995619;72.5;61.0
33;2021-08-14;3477;4327;1187312;999946;72.7;61.2
33;2021-08-15;1197;1877;1188509;1001823;72.8;61.3
33;2021-08-16;6402;8637;1194911;1010460;73.2;61.9
33;2021-08-17;6579;9055;1201490;1019515;73.6;62.4
33;2021-08-18;5567;8767;1207057;1028282;73.9;63.0
33;2021-08-19;5465;9111;1212522;1037393;74.2;63.5
33;2021-08-20;4890;9813;1217412;1047206;74.5;64.1
33;2021-08-21;2179;5029;1219591;1052235;74.7;64.4
33;2021-08-22;562;2367;1220153;1054602;74.7;64.6
33;2021-08-23;3885;10291;1224038;1064893;74.9;65.2
33;2021-08-24;4090;11082;1228128;1075975;75.2;65.9
33;2021-08-25;3683;10466;1231811;1086441;75.4;66.5
34;2020-12-27;1;0;1;0;0.0;0.0
34;2020-12-28;1;0;2;0;0.0;0.0
34;2020-12-29;0;0;2;0;0.0;0.0
34;2020-12-30;0;0;2;0;0.0;0.0
34;2020-12-31;0;0;2;0;0.0;0.0
34;2021-01-01;1;0;3;0;0.0;0.0
34;2021-01-02;2;0;5;0;0.0;0.0
34;2021-01-03;0;0;5;0;0.0;0.0
34;2021-01-04;21;0;26;0;0.0;0.0
34;2021-01-05;106;2;132;2;0.0;0.0
34;2021-01-06;198;1;330;3;0.0;0.0
34;2021-01-07;364;0;694;3;0.1;0.0
34;2021-01-08;606;0;1300;3;0.1;0.0
34;2021-01-09;244;0;1544;3;0.1;0.0
34;2021-01-10;95;1;1639;4;0.1;0.0
34;2021-01-11;567;2;2206;6;0.2;0.0
34;2021-01-12;1007;1;3213;7;0.3;0.0
34;2021-01-13;1098;6;4311;13;0.4;0.0
34;2021-01-14;1957;13;6268;26;0.5;0.0
34;2021-01-15;1469;5;7737;31;0.7;0.0
34;2021-01-16;331;7;8068;38;0.7;0.0
34;2021-01-17;233;1;8301;39;0.7;0.0
34;2021-01-18;1125;4;9426;43;0.8;0.0
34;2021-01-19;1610;8;11036;51;0.9;0.0
34;2021-01-20;2074;9;13110;60;1.1;0.0
34;2021-01-21;4234;10;17344;70;1.5;0.0
34;2021-01-22;2550;8;19894;78;1.7;0.0
34;2021-01-23;599;2;20493;80;1.7;0.0
34;2021-01-24;2;0;20495;80;1.7;0.0
34;2021-01-25;1242;5;21737;85;1.8;0.0
34;2021-01-26;1459;20;23196;105;2.0;0.0
34;2021-01-27;1468;23;24664;128;2.1;0.0
34;2021-01-28;1392;124;26056;252;2.2;0.0
34;2021-01-29;1258;137;27314;389;2.3;0.0
34;2021-01-30;479;25;27793;414;2.4;0.0
34;2021-01-31;4;0;27797;414;2.4;0.0
34;2021-02-01;1028;248;28825;662;2.5;0.1
34;2021-02-02;1458;443;30283;1105;2.6;0.1
34;2021-02-03;2655;525;32938;1630;2.8;0.1
34;2021-02-04;2309;886;35247;2516;3.0;0.2
34;2021-02-05;1889;1181;37136;3697;3.2;0.3
34;2021-02-06;492;237;37628;3934;3.2;0.3
34;2021-02-07;31;107;37659;4041;3.2;0.3
34;2021-02-08;860;1064;38519;5105;3.3;0.4
34;2021-02-09;1032;1307;39551;6412;3.4;0.5
34;2021-02-10;1294;1505;40845;7917;3.5;0.7
34;2021-02-11;1791;2710;42636;10627;3.6;0.9
34;2021-02-12;1921;1647;44557;12274;3.8;1.0
34;2021-02-13;356;513;44913;12787;3.8;1.1
34;2021-02-14;22;286;44935;13073;3.8;1.1
34;2021-02-15;673;1211;45608;14284;3.9;1.2
34;2021-02-16;664;1529;46272;15813;3.9;1.3
34;2021-02-17;712;1526;46984;17339;4.0;1.5
34;2021-02-18;835;1494;47819;18833;4.1;1.6
34;2021-02-19;815;1228;48634;20061;4.1;1.7
34;2021-02-20;301;481;48935;20542;4.2;1.7
34;2021-02-21;64;18;48999;20560;4.2;1.7
34;2021-02-22;630;1303;49629;21863;4.2;1.9
34;2021-02-23;562;1480;50191;23343;4.3;2.0
34;2021-02-24;938;2340;51129;25683;4.3;2.2
34;2021-02-25;1606;2279;52735;27962;4.5;2.4
34;2021-02-26;1850;1627;54585;29589;4.6;2.5
34;2021-02-27;701;432;55286;30021;4.7;2.6
34;2021-02-28;86;64;55372;30085;4.7;2.6
34;2021-03-01;929;1162;56301;31247;4.8;2.7
34;2021-03-02;1588;1281;57889;32528;4.9;2.8
34;2021-03-03;1833;1411;59722;33939;5.1;2.9
34;2021-03-04;2865;1626;62587;35565;5.3;3.0
34;2021-03-05;3686;1545;66273;37110;5.6;3.2
34;2021-03-06;2643;205;68916;37315;5.9;3.2
34;2021-03-07;1243;78;70159;37393;6.0;3.2
34;2021-03-08;2780;1011;72939;38404;6.2;3.3
34;2021-03-09;4015;1453;76954;39857;6.5;3.4
34;2021-03-10;3992;1337;80946;41194;6.9;3.5
34;2021-03-11;5436;1305;86382;42499;7.3;3.6
34;2021-03-12;6493;929;92875;43428;7.9;3.7
34;2021-03-13;3136;179;96011;43607;8.2;3.7
34;2021-03-14;1002;54;97013;43661;8.2;3.7
34;2021-03-15;3302;566;100315;44227;8.5;3.8
34;2021-03-16;2913;665;103228;44892;8.8;3.8
34;2021-03-17;3303;739;106531;45631;9.1;3.9
34;2021-03-18;3447;918;109978;46549;9.4;4.0
34;2021-03-19;4692;796;114670;47345;9.7;4.0
34;2021-03-20;3145;63;117815;47408;10.0;4.0
34;2021-03-21;1993;60;119808;47468;10.2;4.0
34;2021-03-22;3682;468;123490;47936;10.5;4.1
34;2021-03-23;4961;541;128451;48477;10.9;4.1
34;2021-03-24;5217;649;133668;49126;11.4;4.2
34;2021-03-25;7198;722;140866;49848;12.0;4.2
34;2021-03-26;7169;574;148035;50422;12.6;4.3
34;2021-03-27;2372;82;150407;50504;12.8;4.3
34;2021-03-28;699;19;151106;50523;12.8;4.3
34;2021-03-29;4184;762;155290;51285;13.2;4.4
34;2021-03-30;5219;972;160509;52257;13.6;4.4
34;2021-03-31;5067;1203;165576;53460;14.1;4.5
34;2021-04-01;7033;1037;172609;54497;14.7;4.6
34;2021-04-02;5822;1186;178431;55683;15.2;4.7
34;2021-04-03;1138;87;179569;55770;15.3;4.7
34;2021-04-04;166;5;179735;55775;15.3;4.7
34;2021-04-05;432;26;180167;55801;15.3;4.7
34;2021-04-06;3134;2457;183301;58258;15.6;5.0
34;2021-04-07;3385;2645;186686;60903;15.9;5.2
34;2021-04-08;5252;2816;191938;63719;16.3;5.4
34;2021-04-09;8073;2496;200011;66215;17.0;5.6
34;2021-04-10;3166;1370;203177;67585;17.3;5.7
34;2021-04-11;1715;808;204892;68393;17.4;5.8
34;2021-04-12;4489;2526;209381;70919;17.8;6.0
34;2021-04-13;5238;3061;214619;73980;18.2;6.3
34;2021-04-14;5618;3238;220237;77218;18.7;6.6
34;2021-04-15;6996;3170;227233;80388;19.3;6.8
34;2021-04-16;6575;3165;233808;83553;19.9;7.1
34;2021-04-17;2376;2070;236184;85623;20.1;7.3
34;2021-04-18;988;1722;237172;87345;20.2;7.4
34;2021-04-19;3422;3126;240594;90471;20.5;7.7
34;2021-04-20;3765;3667;244359;94138;20.8;8.0
34;2021-04-21;4244;3725;248603;97863;21.1;8.3
34;2021-04-22;4485;4614;253088;102477;21.5;8.7
34;2021-04-23;5373;3530;258461;106007;22.0;9.0
34;2021-04-24;3164;1582;261625;107589;22.2;9.1
34;2021-04-25;1919;647;263544;108236;22.4;9.2
34;2021-04-26;4224;3481;267768;111717;22.8;9.5
34;2021-04-27;5128;4026;272896;115743;23.2;9.8
34;2021-04-28;5767;3550;278663;119293;23.7;10.1
34;2021-04-29;6420;3944;285083;123237;24.2;10.5
34;2021-04-30;7871;3297;292954;126534;24.9;10.8
34;2021-05-01;2403;501;295357;127035;25.1;10.8
34;2021-05-02;3260;325;298617;127360;25.4;10.8
34;2021-05-03;6574;2906;305191;130266;25.9;11.1
34;2021-05-04;7110;3805;312301;134071;26.6;11.4
34;2021-05-05;6498;4534;318799;138605;27.1;11.8
34;2021-05-06;6944;5212;325743;143817;27.7;12.2
34;2021-05-07;6927;5684;332670;149501;28.3;12.7
34;2021-05-08;3608;1169;336278;150670;28.6;12.8
34;2021-05-09;2178;1287;338456;151957;28.8;12.9
34;2021-05-10;5858;4809;344314;156766;29.3;13.3
34;2021-05-11;7414;5332;351728;162098;29.9;13.8
34;2021-05-12;7754;4466;359482;166564;30.6;14.2
34;2021-05-13;6125;781;365607;167345;31.1;14.2
34;2021-05-14;7489;3737;373096;171082;31.7;14.5
34;2021-05-15;4865;1691;377961;172773;32.1;14.7
34;2021-05-16;4952;459;382913;173232;32.6;14.7
34;2021-05-17;8694;1985;391607;175217;33.3;14.9
34;2021-05-18;9142;1973;400749;177190;34.1;15.1
34;2021-05-19;8628;1809;409377;178999;34.8;15.2
34;2021-05-20;8868;2508;418245;181507;35.6;15.4
34;2021-05-21;8785;3228;427030;184735;36.3;15.7
34;2021-05-22;5788;1155;432818;185890;36.8;15.8
34;2021-05-23;3883;549;436701;186439;37.1;15.9
34;2021-05-24;1897;853;438598;187292;37.3;15.9
34;2021-05-25;7140;3815;445738;191107;37.9;16.2
34;2021-05-26;8323;3035;454061;194142;38.6;16.5
34;2021-05-27;8319;4304;462380;198446;39.3;16.9
34;2021-05-28;8051;5450;470431;203896;40.0;17.3
34;2021-05-29;4008;3109;474439;207005;40.3;17.6
34;2021-05-30;1987;1391;476426;208396;40.5;17.7
34;2021-05-31;5879;5261;482305;213657;41.0;18.2
34;2021-06-01;6954;6117;489259;219774;41.6;18.7
34;2021-06-02;6134;5813;495393;225587;42.1;19.2
34;2021-06-03;7715;6493;503108;232080;42.8;19.7
34;2021-06-04;7660;7591;510768;239671;43.4;20.4
34;2021-06-05;4140;3676;514908;243347;43.8;20.7
34;2021-06-06;3269;1864;518177;245211;44.1;20.8
34;2021-06-07;4420;6768;522597;251979;44.4;21.4
34;2021-06-08;5860;6826;528457;258805;44.9;22.0
34;2021-06-09;5828;6839;534285;265644;45.4;22.6
34;2021-06-10;6319;6875;540604;272519;46.0;23.2
34;2021-06-11;5399;9280;546003;281799;46.4;24.0
34;2021-06-12;3169;4726;549172;286525;46.7;24.4
34;2021-06-13;1080;1908;550252;288433;46.8;24.5
34;2021-06-14;3446;7816;553698;296249;47.1;25.2
34;2021-06-15;3955;8795;557653;305044;47.4;25.9
34;2021-06-16;4616;7854;562269;312898;47.8;26.6
34;2021-06-17;4224;7956;566493;320854;48.2;27.3
34;2021-06-18;4348;9331;570841;330185;48.5;28.1
34;2021-06-19;2736;4405;573577;334590;48.8;28.4
34;2021-06-20;890;2873;574467;337463;48.8;28.7
34;2021-06-21;2178;8560;576645;346023;49.0;29.4
34;2021-06-22;2972;9411;579617;355434;49.3;30.2
34;2021-06-23;3521;8974;583138;364408;49.6;31.0
34;2021-06-24;3557;8683;586695;373091;49.9;31.7
34;2021-06-25;3371;10436;590066;383527;50.2;32.6
34;2021-06-26;1643;6189;591709;389716;50.3;33.1
34;2021-06-27;308;4271;592017;393987;50.3;33.5
34;2021-06-28;2265;9437;594282;403424;50.5;34.3
34;2021-06-29;2686;10298;596968;413722;50.8;35.2
34;2021-06-30;3354;9552;600322;423274;51.0;36.0
34;2021-07-01;3519;9444;603841;432718;51.3;36.8
34;2021-07-02;3412;9743;607253;442461;51.6;37.6
34;2021-07-03;1681;6161;608934;448622;51.8;38.1
34;2021-07-04;312;2763;609246;451385;51.8;38.4
34;2021-07-05;3222;8000;612468;459385;52.1;39.1
34;2021-07-06;3526;9181;615994;468566;52.4;39.8
34;2021-07-07;3253;8643;619247;477209;52.7;40.6
34;2021-07-08;4273;8864;623520;486073;53.0;41.3
34;2021-07-09;3992;9340;627512;495413;53.4;42.1
34;2021-07-10;2141;5719;629653;501132;53.5;42.6
34;2021-07-11;923;2578;630576;503710;53.6;42.8
34;2021-07-12;2882;8970;633458;512680;53.9;43.6
34;2021-07-13;4570;10041;638028;522721;54.2;44.4
34;2021-07-14;744;352;638772;523073;54.3;44.5
34;2021-07-15;5894;10390;644666;533463;54.8;45.4
34;2021-07-16;5767;10726;650433;544189;55.3;46.3
34;2021-07-17;4466;4411;654899;548600;55.7;46.6
34;2021-07-18;233;199;655132;548799;55.7;46.7
34;2021-07-19;5109;8324;660241;557123;56.1;47.4
34;2021-07-20;6897;8382;667138;565505;56.7;48.1
34;2021-07-21;7649;7807;674787;573312;57.4;48.7
34;2021-07-22;7427;8165;682214;581477;58.0;49.4
34;2021-07-23;7788;8150;690002;589627;58.7;50.1
34;2021-07-24;6109;3049;696111;592676;59.2;50.4
34;2021-07-25;3215;536;699326;593212;59.5;50.4
34;2021-07-26;6235;6430;705561;599642;60.0;51.0
34;2021-07-27;8738;6041;714299;605683;60.7;51.5
34;2021-07-28;9222;5893;723521;611576;61.5;52.0
34;2021-07-29;11288;6030;734809;617606;62.5;52.5
34;2021-07-30;9777;6515;744586;624121;63.3;53.1
34;2021-07-31;6425;2172;751011;626293;63.9;53.2
34;2021-08-01;3279;610;754290;626903;64.1;53.3
34;2021-08-02;7316;5038;761606;631941;64.8;53.7
34;2021-08-03;8089;5373;769695;637314;65.4;54.2
34;2021-08-04;8289;4546;777984;641860;66.1;54.6
34;2021-08-05;7062;5002;785046;646862;66.7;55.0
34;2021-08-06;5848;5205;790894;652067;67.2;55.4
34;2021-08-07;3073;2424;793967;654491;67.5;55.6
34;2021-08-08;196;204;794163;654695;67.5;55.7
34;2021-08-09;4721;6152;798884;660847;67.9;56.2
34;2021-08-10;5336;6464;804220;667311;68.4;56.7
34;2021-08-11;4807;6530;809027;673841;68.8;57.3
34;2021-08-12;4531;6186;813558;680027;69.2;57.8
34;2021-08-13;4059;5717;817617;685744;69.5;58.3
34;2021-08-14;1788;2880;819405;688624;69.7;58.5
34;2021-08-15;198;188;819603;688812;69.7;58.6
34;2021-08-16;2838;7535;822441;696347;69.9;59.2
34;2021-08-17;3527;8258;825968;704605;70.2;59.9
34;2021-08-18;3168;7538;829136;712143;70.5;60.5
34;2021-08-19;3230;7762;832366;719905;70.8;61.2
34;2021-08-20;2691;7696;835057;727601;71.0;61.9
34;2021-08-21;1366;3544;836423;731145;71.1;62.2
34;2021-08-22;158;309;836581;731454;71.1;62.2
34;2021-08-23;2307;8642;838888;740096;71.3;62.9
34;2021-08-24;2699;8945;841587;749041;71.6;63.7
34;2021-08-25;2303;8512;843890;757553;71.8;64.4
35;2020-12-27;0;0;0;0;0.0;0.0
35;2020-12-28;0;0;0;0;0.0;0.0
35;2020-12-29;2;0;2;0;0.0;0.0
35;2020-12-30;0;0;2;0;0.0;0.0
35;2020-12-31;1;0;3;0;0.0;0.0
35;2021-01-01;3;0;6;0;0.0;0.0
35;2021-01-02;1;0;7;0;0.0;0.0
35;2021-01-03;0;0;7;0;0.0;0.0
35;2021-01-04;10;0;17;0;0.0;0.0
35;2021-01-05;110;0;127;0;0.0;0.0
35;2021-01-06;175;0;302;0;0.0;0.0
35;2021-01-07;440;1;742;1;0.1;0.0
35;2021-01-08;513;1;1255;2;0.1;0.0
35;2021-01-09;31;0;1286;2;0.1;0.0
35;2021-01-10;2;0;1288;2;0.1;0.0
35;2021-01-11;538;0;1826;2;0.2;0.0
35;2021-01-12;886;2;2712;4;0.3;0.0
35;2021-01-13;967;1;3679;5;0.3;0.0
35;2021-01-14;1262;19;4941;24;0.5;0.0
35;2021-01-15;728;2;5669;26;0.5;0.0
35;2021-01-16;188;2;5857;28;0.5;0.0
35;2021-01-17;43;0;5900;28;0.5;0.0
35;2021-01-18;1222;2;7122;30;0.7;0.0
35;2021-01-19;5406;14;12528;44;1.2;0.0
35;2021-01-20;3234;8;15762;52;1.5;0.0
35;2021-01-21;3635;5;19397;57;1.8;0.0
35;2021-01-22;2089;10;21486;67;2.0;0.0
35;2021-01-23;421;1;21907;68;2.0;0.0
35;2021-01-24;50;0;21957;68;2.0;0.0
35;2021-01-25;916;17;22873;85;2.1;0.0
35;2021-01-26;1129;140;24002;225;2.2;0.0
35;2021-01-27;1031;124;25033;349;2.3;0.0
35;2021-01-28;915;297;25948;646;2.4;0.1
35;2021-01-29;724;292;26672;938;2.5;0.1
35;2021-01-30;139;20;26811;958;2.5;0.1
35;2021-01-31;0;0;26811;958;2.5;0.1
35;2021-02-01;670;334;27481;1292;2.5;0.1
35;2021-02-02;726;485;28207;1777;2.6;0.2
35;2021-02-03;661;506;28868;2283;2.7;0.2
35;2021-02-04;589;655;29457;2938;2.7;0.3
35;2021-02-05;624;564;30081;3502;2.8;0.3
35;2021-02-06;171;5;30252;3507;2.8;0.3
35;2021-02-07;1;0;30253;3507;2.8;0.3
35;2021-02-08;446;656;30699;4163;2.8;0.4
35;2021-02-09;1714;3553;32413;7716;3.0;0.7
35;2021-02-10;1367;2726;33780;10442;3.1;1.0
35;2021-02-11;1947;3235;35727;13677;3.3;1.3
35;2021-02-12;1662;1735;37389;15412;3.5;1.4
35;2021-02-13;58;254;37447;15666;3.5;1.4
35;2021-02-14;7;68;37454;15734;3.5;1.5
35;2021-02-15;771;1100;38225;16834;3.5;1.6
35;2021-02-16;920;1023;39145;17857;3.6;1.7
35;2021-02-17;891;1089;40036;18946;3.7;1.8
35;2021-02-18;1014;998;41050;19944;3.8;1.8
35;2021-02-19;1011;969;42061;20913;3.9;1.9
35;2021-02-20;143;49;42204;20962;3.9;1.9
35;2021-02-21;5;0;42209;20962;3.9;1.9
35;2021-02-22;777;829;42986;21791;4.0;2.0
35;2021-02-23;1288;866;44274;22657;4.1;2.1
35;2021-02-24;1403;817;45677;23474;4.2;2.2
35;2021-02-25;2247;786;47924;24260;4.4;2.2
35;2021-02-26;2601;734;50525;24994;4.7;2.3
35;2021-02-27;869;103;51394;25097;4.7;2.3
35;2021-02-28;9;0;51403;25097;4.8;2.3
35;2021-03-01;960;694;52363;25791;4.8;2.4
35;2021-03-02;1634;1994;53997;27785;5.0;2.6
35;2021-03-03;1910;967;55907;28752;5.2;2.7
35;2021-03-04;2918;1414;58825;30166;5.4;2.8
35;2021-03-05;3715;1345;62540;31511;5.8;2.9
35;2021-03-06;1340;89;63880;31600;5.9;2.9
35;2021-03-07;1;40;63881;31640;5.9;2.9
35;2021-03-08;1471;584;65352;32224;6.0;3.0
35;2021-03-09;3233;608;68585;32832;6.3;3.0
35;2021-03-10;2905;564;71490;33396;6.6;3.1
35;2021-03-11;4198;717;75688;34113;7.0;3.2
35;2021-03-12;6047;603;81735;34716;7.6;3.2
35;2021-03-13;2426;135;84161;34851;7.8;3.2
35;2021-03-14;18;25;84179;34876;7.8;3.2
35;2021-03-15;1964;669;86143;35545;8.0;3.3
35;2021-03-16;2503;730;88646;36275;8.2;3.4
35;2021-03-17;2396;607;91042;36882;8.4;3.4
35;2021-03-18;2333;597;93375;37479;8.6;3.5
35;2021-03-19;3545;510;96920;37989;9.0;3.5
35;2021-03-20;1538;112;98458;38101;9.1;3.5
35;2021-03-21;38;1;98496;38102;9.1;3.5
35;2021-03-22;1750;842;100246;38944;9.3;3.6
35;2021-03-23;3625;1185;103871;40129;9.6;3.7
35;2021-03-24;3731;994;107602;41123;9.9;3.8
35;2021-03-25;5330;1001;112932;42124;10.4;3.9
35;2021-03-26;5848;816;118780;42940;11.0;4.0
35;2021-03-27;1416;212;120196;43152;11.1;4.0
35;2021-03-28;4;0;120200;43152;11.1;4.0
35;2021-03-29;2780;909;122980;44061;11.4;4.1
35;2021-03-30;4290;1330;127270;45391;11.8;4.2
35;2021-03-31;3470;1337;130740;46728;12.1;4.3
35;2021-04-01;4250;1240;134990;47968;12.5;4.4
35;2021-04-02;4865;1208;139855;49176;12.9;4.5
35;2021-04-03;763;213;140618;49389;13.0;4.6
35;2021-04-04;6;0;140624;49389;13.0;4.6
35;2021-04-05;21;1;140645;49390;13.0;4.6
35;2021-04-06;3280;2033;143925;51423;13.3;4.8
35;2021-04-07;3963;1846;147888;53269;13.7;4.9
35;2021-04-08;5804;1592;153692;54861;14.2;5.1
35;2021-04-09;7426;1416;161118;56277;14.9;5.2
35;2021-04-10;1861;252;162979;56529;15.1;5.2
35;2021-04-11;35;23;163014;56552;15.1;5.2
35;2021-04-12;5136;1599;168150;58151;15.5;5.4
35;2021-04-13;7615;2786;175765;60937;16.2;5.6
35;2021-04-14;6315;2301;182080;63238;16.8;5.8
35;2021-04-15;7565;2176;189645;65414;17.5;6.0
35;2021-04-16;8080;1760;197725;67174;18.3;6.2
35;2021-04-17;1571;222;199296;67396;18.4;6.2
35;2021-04-18;10;4;199306;67400;18.4;6.2
35;2021-04-19;4818;1673;204124;69073;18.9;6.4
35;2021-04-20;5162;2640;209286;71713;19.3;6.6
35;2021-04-21;5130;2207;214416;73920;19.8;6.8
35;2021-04-22;6428;2326;220844;76246;20.4;7.0
35;2021-04-23;6822;2362;227666;78608;21.0;7.3
35;2021-04-24;1131;262;228797;78870;21.1;7.3
35;2021-04-25;8;16;228805;78886;21.1;7.3
35;2021-04-26;5101;2156;233906;81042;21.6;7.5
35;2021-04-27;6087;3205;239993;84247;22.2;7.8
35;2021-04-28;6173;2567;246166;86814;22.7;8.0
35;2021-04-29;7114;2758;253280;89572;23.4;8.3
35;2021-04-30;7562;2540;260842;92112;24.1;8.5
35;2021-05-01;618;239;261460;92351;24.2;8.5
35;2021-05-02;15;21;261475;92372;24.2;8.5
35;2021-05-03;5308;2332;266783;94704;24.7;8.8
35;2021-05-04;5074;5339;271857;100043;25.1;9.2
35;2021-05-05;4882;4451;276739;104494;25.6;9.7
35;2021-05-06;6174;5275;282913;109769;26.1;10.1
35;2021-05-07;5619;5256;288532;115025;26.7;10.6
35;2021-05-08;1720;135;290252;115160;26.8;10.6
35;2021-05-09;698;75;290950;115235;26.9;10.6
35;2021-05-10;3725;4958;294675;120193;27.2;11.1
35;2021-05-11;4777;5810;299452;126003;27.7;11.6
35;2021-05-12;5290;5500;304742;131503;28.2;12.2
35;2021-05-13;2700;1427;307442;132930;28.4;12.3
35;2021-05-14;5459;4285;312901;137215;28.9;12.7
35;2021-05-15;2930;717;315831;137932;29.2;12.7
35;2021-05-16;999;61;316830;137993;29.3;12.8
35;2021-05-17;4475;3885;321305;141878;29.7;13.1
35;2021-05-18;5837;4327;327142;146205;30.2;13.5
35;2021-05-19;5868;3634;333010;149839;30.8;13.8
35;2021-05-20;6447;4013;339457;153852;31.4;14.2
35;2021-05-21;6138;4769;345595;158621;31.9;14.7
35;2021-05-22;2117;739;347712;159360;32.1;14.7
35;2021-05-23;688;46;348400;159406;32.2;14.7
35;2021-05-24;3208;1298;351608;160704;32.5;14.9
35;2021-05-25;5543;4277;357151;164981;33.0;15.2
35;2021-05-26;5726;4167;362877;169148;33.5;15.6
35;2021-05-27;6527;4784;369404;173932;34.1;16.1
35;2021-05-28;6333;5579;375737;179511;34.7;16.6
35;2021-05-29;2875;1148;378612;180659;35.0;16.7
35;2021-05-30;877;39;379489;180698;35.1;16.7
35;2021-05-31;6309;4392;385798;185090;35.7;17.1
35;2021-06-01;7364;5124;393162;190214;36.3;17.6
35;2021-06-02;7222;3798;400384;194012;37.0;17.9
35;2021-06-03;8156;4997;408540;199009;37.8;18.4
35;2021-06-04;7275;7462;415815;206471;38.4;19.1
35;2021-06-05;4138;1584;419953;208055;38.8;19.2
35;2021-06-06;3055;147;423008;208202;39.1;19.2
35;2021-06-07;5781;5777;428789;213979;39.6;19.8
35;2021-06-08;7599;5956;436388;219935;40.3;20.3
35;2021-06-09;8464;4820;444852;224755;41.1;20.8
35;2021-06-10;9345;4753;454197;229508;42.0;21.2
35;2021-06-11;8636;7475;462833;236983;42.8;21.9
35;2021-06-12;4687;1208;467520;238191;43.2;22.0
35;2021-06-13;3386;225;470906;238416;43.5;22.0
35;2021-06-14;6233;6519;477139;244935;44.1;22.6
35;2021-06-15;7506;6966;484645;251901;44.8;23.3
35;2021-06-16;8321;5624;492966;257525;45.6;23.8
35;2021-06-17;8893;5904;501859;263429;46.4;24.3
35;2021-06-18;8717;8103;510576;271532;47.2;25.1
35;2021-06-19;1504;2510;512080;274042;47.3;25.3
35;2021-06-20;2955;883;515035;274925;47.6;25.4
35;2021-06-21;5933;6379;520968;281304;48.1;26.0
35;2021-06-22;6840;7498;527808;288802;48.8;26.7
35;2021-06-23;7253;6146;535061;294948;49.4;27.3
35;2021-06-24;8369;5925;543430;300873;50.2;27.8
35;2021-06-25;6630;8483;550060;309356;50.8;28.6
35;2021-06-26;1106;3075;551166;312431;50.9;28.9
35;2021-06-27;2637;1030;553803;313461;51.2;29.0
35;2021-06-28;4295;7760;558098;321221;51.6;29.7
35;2021-06-29;5091;7973;563189;329194;52.0;30.4
35;2021-06-30;5602;7894;568791;337088;52.6;31.2
35;2021-07-01;6579;7549;575370;344637;53.2;31.8
35;2021-07-02;5331;9859;580701;354496;53.7;32.8
35;2021-07-03;1082;2839;581783;357335;53.8;33.0
35;2021-07-04;2149;1554;583932;358889;54.0;33.2
35;2021-07-05;3733;8208;587665;367097;54.3;33.9
35;2021-07-06;4789;9474;592454;376571;54.8;34.8
35;2021-07-07;5050;8322;597504;384893;55.2;35.6
35;2021-07-08;5382;8486;602886;393379;55.7;36.4
35;2021-07-09;3905;11546;606791;404925;56.1;37.4
35;2021-07-10;890;3148;607681;408073;56.2;37.7
35;2021-07-11;1301;2357;608982;410430;56.3;37.9
35;2021-07-12;3116;9145;612098;419575;56.6;38.8
35;2021-07-13;3977;10748;616075;430323;56.9;39.8
35;2021-07-14;2150;4449;618225;434772;57.1;40.2
35;2021-07-15;4288;10182;622513;444954;57.5;41.1
35;2021-07-16;4796;11011;627309;455965;58.0;42.1
35;2021-07-17;1984;4068;629293;460033;58.2;42.5
35;2021-07-18;844;2569;630137;462602;58.2;42.8
35;2021-07-19;3251;8975;633388;471577;58.5;43.6
35;2021-07-20;4233;10595;637621;482172;58.9;44.6
35;2021-07-21;4346;9389;641967;491561;59.3;45.4
35;2021-07-22;4837;9662;646804;501223;59.8;46.3
35;2021-07-23;4554;11015;651358;512238;60.2;47.3
35;2021-07-24;1586;4272;652944;516510;60.3;47.7
35;2021-07-25;815;2847;653759;519357;60.4;48.0
35;2021-07-26;3884;8735;657643;528092;60.8;48.8
35;2021-07-27;5258;9655;662901;537747;61.3;49.7
35;2021-07-28;5303;8675;668204;546422;61.8;50.5
35;2021-07-29;6088;8343;674292;554765;62.3;51.3
35;2021-07-30;5876;9090;680168;563855;62.9;52.1
35;2021-07-31;2307;3657;682475;567512;63.1;52.4
35;2021-08-01;1519;2415;683994;569927;63.2;52.7
35;2021-08-02;4726;6954;688720;576881;63.6;53.3
35;2021-08-03;6688;7584;695408;584465;64.3;54.0
35;2021-08-04;6640;6595;702048;591060;64.9;54.6
35;2021-08-05;6615;6983;708663;598043;65.5;55.3
35;2021-08-06;5989;7317;714652;605360;66.0;55.9
35;2021-08-07;2100;3152;716752;608512;66.2;56.2
35;2021-08-08;1520;2252;718272;610764;66.4;56.4
35;2021-08-09;4581;5534;722853;616298;66.8;57.0
35;2021-08-10;6526;6362;729379;622660;67.4;57.5
35;2021-08-11;6430;5855;735809;628515;68.0;58.1
35;2021-08-12;6942;5576;742751;634091;68.6;58.6
35;2021-08-13;6593;5053;749344;639144;69.3;59.1
35;2021-08-14;3037;1978;752381;641122;69.5;59.2
35;2021-08-15;2464;1254;754845;642376;69.8;59.4
35;2021-08-16;4834;5281;759679;647657;70.2;59.9
35;2021-08-17;6344;6063;766023;653720;70.8;60.4
35;2021-08-18;6440;5618;772463;659338;71.4;60.9
35;2021-08-19;6252;5745;778715;665083;72.0;61.5
35;2021-08-20;5100;6336;783815;671419;72.4;62.0
35;2021-08-21;2365;2619;786180;674038;72.7;62.3
35;2021-08-22;1760;1788;787940;675826;72.8;62.5
35;2021-08-23;3086;6002;791026;681828;73.1;63.0
35;2021-08-24;3445;7211;794471;689039;73.4;63.7
35;2021-08-25;3243;6581;797714;695620;73.7;64.3
36;2020-12-27;0;0;0;0;0.0;0.0
36;2020-12-28;0;0;0;0;0.0;0.0
36;2020-12-29;0;0;0;0;0.0;0.0
36;2020-12-30;0;0;0;0;0.0;0.0
36;2020-12-31;0;0;0;0;0.0;0.0
36;2021-01-01;0;0;0;0;0.0;0.0
36;2021-01-02;0;0;0;0;0.0;0.0
36;2021-01-03;0;0;0;0;0.0;0.0
36;2021-01-04;2;0;2;0;0.0;0.0
36;2021-01-05;0;0;2;0;0.0;0.0
36;2021-01-06;24;0;26;0;0.0;0.0
36;2021-01-07;51;0;77;0;0.0;0.0
36;2021-01-08;111;0;188;0;0.1;0.0
36;2021-01-09;83;0;271;0;0.1;0.0
36;2021-01-10;142;0;413;0;0.2;0.0
36;2021-01-11;239;1;652;1;0.3;0.0
36;2021-01-12;282;0;934;1;0.4;0.0
36;2021-01-13;198;1;1132;2;0.5;0.0
36;2021-01-14;505;4;1637;6;0.8;0.0
36;2021-01-15;179;1;1816;7;0.8;0.0
36;2021-01-16;24;1;1840;8;0.8;0.0
36;2021-01-17;19;2;1859;10;0.9;0.0
36;2021-01-18;613;4;2472;14;1.1;0.0
36;2021-01-19;1175;2;3647;16;1.7;0.0
36;2021-01-20;1102;3;4749;19;2.2;0.0
36;2021-01-21;721;0;5470;19;2.5;0.0
36;2021-01-22;857;2;6327;21;2.9;0.0
36;2021-01-23;295;0;6622;21;3.0;0.0
36;2021-01-24;185;1;6807;22;3.1;0.0
36;2021-01-25;640;4;7447;26;3.4;0.0
36;2021-01-26;610;1;8057;27;3.7;0.0
36;2021-01-27;848;19;8905;46;4.1;0.0
36;2021-01-28;477;44;9382;90;4.3;0.0
36;2021-01-29;573;96;9955;186;4.6;0.1
36;2021-01-30;288;71;10243;257;4.7;0.1
36;2021-01-31;115;132;10358;389;4.8;0.2
36;2021-02-01;378;100;10736;489;4.9;0.2
36;2021-02-02;410;174;11146;663;5.1;0.3
36;2021-02-03;473;264;11619;927;5.4;0.4
36;2021-02-04;275;274;11894;1201;5.5;0.6
36;2021-02-05;302;164;12196;1365;5.6;0.6
36;2021-02-06;1;0;12197;1365;5.6;0.6
36;2021-02-07;1;0;12198;1365;5.6;0.6
36;2021-02-08;280;259;12478;1624;5.7;0.7
36;2021-02-09;328;605;12806;2229;5.9;1.0
36;2021-02-10;490;655;13296;2884;6.1;1.3
36;2021-02-11;384;594;13680;3478;6.3;1.6
36;2021-02-12;303;461;13983;3939;6.4;1.8
36;2021-02-13;126;83;14109;4022;6.5;1.9
36;2021-02-14;22;44;14131;4066;6.5;1.9
36;2021-02-15;42;575;14173;4641;6.5;2.1
36;2021-02-16;107;418;14280;5059;6.6;2.3
36;2021-02-17;117;623;14397;5682;6.6;2.6
36;2021-02-18;161;616;14558;6298;6.7;2.9
36;2021-02-19;181;541;14739;6839;6.8;3.1
36;2021-02-20;86;239;14825;7078;6.8;3.3
36;2021-02-21;87;157;14912;7235;6.9;3.3
36;2021-02-22;162;508;15074;7743;6.9;3.6
36;2021-02-23;62;575;15136;8318;7.0;3.8
36;2021-02-24;112;681;15248;8999;7.0;4.1
36;2021-02-25;251;283;15499;9282;7.1;4.3
36;2021-02-26;339;471;15838;9753;7.3;4.5
36;2021-02-27;73;277;15911;10030;7.3;4.6
36;2021-02-28;13;97;15924;10127;7.3;4.7
36;2021-03-01;218;343;16142;10470;7.4;4.8
36;2021-03-02;352;365;16494;10835;7.6;5.0
36;2021-03-03;394;532;16888;11367;7.8;5.2
36;2021-03-04;662;356;17550;11723;8.1;5.4
36;2021-03-05;799;297;18349;12020;8.5;5.5
36;2021-03-06;410;17;18759;12037;8.6;5.5
36;2021-03-07;339;7;19098;12044;8.8;5.5
36;2021-03-08;251;315;19349;12359;8.9;5.7
36;2021-03-09;449;269;19798;12628;9.1;5.8
36;2021-03-10;724;410;20522;13038;9.5;6.0
36;2021-03-11;838;245;21360;13283;9.8;6.1
36;2021-03-12;1446;296;22806;13579;10.5;6.3
36;2021-03-13;575;129;23381;13708;10.8;6.3
36;2021-03-14;113;1;23494;13709;10.8;6.3
36;2021-03-15;648;157;24142;13866;11.1;6.4
36;2021-03-16;447;67;24589;13933;11.3;6.4
36;2021-03-17;765;91;25354;14024;11.7;6.5
36;2021-03-18;414;72;25768;14096;11.9;6.5
36;2021-03-19;738;40;26506;14136;12.2;6.5
36;2021-03-20;451;27;26957;14163;12.4;6.5
36;2021-03-21;0;0;26957;14163;12.4;6.5
36;2021-03-22;497;59;27454;14222;12.6;6.5
36;2021-03-23;777;57;28231;14279;13.0;6.6
36;2021-03-24;1089;76;29320;14355;13.5;6.6
36;2021-03-25;1337;89;30657;14444;14.1;6.7
36;2021-03-26;1419;158;32076;14602;14.8;6.7
36;2021-03-27;475;43;32551;14645;15.0;6.7
36;2021-03-28;68;57;32619;14702;15.0;6.8
36;2021-03-29;462;186;33081;14888;15.2;6.9
36;2021-03-30;582;264;33663;15152;15.5;7.0
36;2021-03-31;1263;171;34926;15323;16.1;7.1
36;2021-04-01;1085;431;36011;15754;16.6;7.3
36;2021-04-02;965;140;36976;15894;17.0;7.3
36;2021-04-03;282;183;37258;16077;17.2;7.4
36;2021-04-04;42;2;37300;16079;17.2;7.4
36;2021-04-05;15;46;37315;16125;17.2;7.4
36;2021-04-06;821;362;38136;16487;17.6;7.6
36;2021-04-07;1073;541;39209;17028;18.1;7.8
36;2021-04-08;1347;479;40556;17507;18.7;8.1
36;2021-04-09;1939;405;42495;17912;19.6;8.2
36;2021-04-10;592;243;43087;18155;19.8;8.4
36;2021-04-11;256;90;43343;18245;20.0;8.4
36;2021-04-12;848;562;44191;18807;20.4;8.7
36;2021-04-13;1140;517;45331;19324;20.9;8.9
36;2021-04-14;1582;863;46913;20187;21.6;9.3
36;2021-04-15;1654;472;48567;20659;22.4;9.5
36;2021-04-16;1488;467;50055;21126;23.1;9.7
36;2021-04-17;893;250;50948;21376;23.5;9.8
36;2021-04-18;383;7;51331;21383;23.6;9.8
36;2021-04-19;874;444;52205;21827;24.0;10.1
36;2021-04-20;1145;522;53350;22349;24.6;10.3
36;2021-04-21;1240;877;54590;23226;25.1;10.7
36;2021-04-22;1592;871;56182;24097;25.9;11.1
36;2021-04-23;1327;617;57509;24714;26.5;11.4
36;2021-04-24;678;381;58187;25095;26.8;11.6
36;2021-04-25;413;95;58600;25190;27.0;11.6
36;2021-04-26;1134;450;59734;25640;27.5;11.8
36;2021-04-27;1280;553;61014;26193;28.1;12.1
36;2021-04-28;1488;1063;62502;27256;28.8;12.6
36;2021-04-29;2016;709;64518;27965;29.7;12.9
36;2021-04-30;1553;457;66071;28422;30.4;13.1
36;2021-05-01;724;64;66795;28486;30.8;13.1
36;2021-05-02;498;63;67293;28549;31.0;13.1
36;2021-05-03;1292;315;68585;28864;31.6;13.3
36;2021-05-04;780;807;69365;29671;31.9;13.7
36;2021-05-05;1283;1306;70648;30977;32.5;14.3
36;2021-05-06;2138;795;72786;31772;33.5;14.6
36;2021-05-07;1469;768;74255;32540;34.2;15.0
36;2021-05-08;306;104;74561;32644;34.3;15.0
36;2021-05-09;175;343;74736;32987;34.4;15.2
36;2021-05-10;1216;817;75952;33804;35.0;15.6
36;2021-05-11;1725;1250;77677;35054;35.8;16.1
36;2021-05-12;1827;1485;79504;36539;36.6;16.8
36;2021-05-13;548;306;80052;36845;36.9;17.0
36;2021-05-14;701;1039;80753;37884;37.2;17.4
36;2021-05-15;635;591;81388;38475;37.5;17.7
36;2021-05-16;337;377;81725;38852;37.6;17.9
36;2021-05-17;615;943;82340;39795;37.9;18.3
36;2021-05-18;874;938;83214;40733;38.3;18.8
36;2021-05-19;1333;845;84547;41578;38.9;19.1
36;2021-05-20;1612;1210;86159;42788;39.7;19.7
36;2021-05-21;1107;1069;87266;43857;40.2;20.2
36;2021-05-22;678;342;87944;44199;40.5;20.4
36;2021-05-23;428;296;88372;44495;40.7;20.5
36;2021-05-24;505;469;88877;44964;40.9;20.7
36;2021-05-25;1045;685;89922;45649;41.4;21.0
36;2021-05-26;1473;1166;91395;46815;42.1;21.6
36;2021-05-27;1397;978;92792;47793;42.7;22.0
36;2021-05-28;921;1482;93713;49275;43.2;22.7
36;2021-05-29;700;507;94413;49782;43.5;22.9
36;2021-05-30;111;573;94524;50355;43.5;23.2
36;2021-05-31;1138;764;95662;51119;44.1;23.5
36;2021-06-01;1412;827;97074;51946;44.7;23.9
36;2021-06-02;2061;613;99135;52559;45.7;24.2
36;2021-06-03;1902;1199;101037;53758;46.5;24.8
36;2021-06-04;1774;1046;102811;54804;47.3;25.2
36;2021-06-05;692;658;103503;55462;47.7;25.5
36;2021-06-06;336;273;103839;55735;47.8;25.7
36;2021-06-07;983;808;104822;56543;48.3;26.0
36;2021-06-08;959;981;105781;57524;48.7;26.5
36;2021-06-09;1674;1070;107455;58594;49.5;27.0
36;2021-06-10;1532;1381;108987;59975;50.2;27.6
36;2021-06-11;1289;1500;110276;61475;50.8;28.3
36;2021-06-12;920;783;111196;62258;51.2;28.7
36;2021-06-13;343;269;111539;62527;51.4;28.8
36;2021-06-14;606;1269;112145;63796;51.6;29.4
36;2021-06-15;734;1215;112879;65011;52.0;29.9
36;2021-06-16;902;1519;113781;66530;52.4;30.6
36;2021-06-17;750;1905;114531;68435;52.7;31.5
36;2021-06-18;706;1881;115237;70316;53.1;32.4
36;2021-06-19;295;395;115532;70711;53.2;32.6
36;2021-06-20;235;327;115767;71038;53.3;32.7
36;2021-06-21;686;1449;116453;72487;53.6;33.4
36;2021-06-22;841;1551;117294;74038;54.0;34.1
36;2021-06-23;773;1792;118067;75830;54.4;34.9
36;2021-06-24;855;1525;118922;77355;54.8;35.6
36;2021-06-25;942;1222;119864;78577;55.2;36.2
36;2021-06-26;325;602;120189;79179;55.4;36.5
36;2021-06-27;105;267;120294;79446;55.4;36.6
36;2021-06-28;697;925;120991;80371;55.7;37.0
36;2021-06-29;688;1459;121679;81830;56.0;37.7
36;2021-06-30;837;2149;122516;83979;56.4;38.7
36;2021-07-01;351;1081;122867;85060;56.6;39.2
36;2021-07-02;747;1846;123614;86906;56.9;40.0
36;2021-07-03;466;885;124080;87791;57.1;40.4
36;2021-07-04;185;325;124265;88116;57.2;40.6
36;2021-07-05;495;1335;124760;89451;57.5;41.2
36;2021-07-06;491;1221;125251;90672;57.7;41.8
36;2021-07-07;586;1793;125837;92465;58.0;42.6
36;2021-07-08;550;1706;126387;94171;58.2;43.4
36;2021-07-09;786;1654;127173;95825;58.6;44.1
36;2021-07-10;470;1119;127643;96944;58.8;44.6
36;2021-07-11;257;154;127900;97098;58.9;44.7
36;2021-07-12;332;1628;128232;98726;59.1;45.5
36;2021-07-13;312;1936;128544;100662;59.2;46.4
36;2021-07-14;376;763;128920;101425;59.4;46.7
36;2021-07-15;915;2166;129835;103591;59.8;47.7
36;2021-07-16;627;1875;130462;105466;60.1;48.6
36;2021-07-17;400;859;130862;106325;60.3;49.0
36;2021-07-18;198;408;131060;106733;60.4;49.2
36;2021-07-19;551;1457;131611;108190;60.6;49.8
36;2021-07-20;776;1410;132387;109600;61.0;50.5
36;2021-07-21;710;1982;133097;111582;61.3;51.4
36;2021-07-22;1139;1686;134236;113268;61.8;52.2
36;2021-07-23;968;1746;135204;115014;62.3;53.0
36;2021-07-24;606;802;135810;115816;62.5;53.3
36;2021-07-25;148;403;135958;116219;62.6;53.5
36;2021-07-26;949;1085;136907;117304;63.1;54.0
36;2021-07-27;813;1354;137720;118658;63.4;54.6
36;2021-07-28;1384;1399;139104;120057;64.1;55.3
36;2021-07-29;1708;1312;140812;121369;64.8;55.9
36;2021-07-30;1444;1324;142256;122693;65.5;56.5
36;2021-07-31;931;535;143187;123228;65.9;56.8
36;2021-08-01;207;240;143394;123468;66.0;56.9
36;2021-08-02;1112;891;144506;124359;66.5;57.3
36;2021-08-03;1271;995;145777;125354;67.1;57.7
36;2021-08-04;1689;938;147466;126292;67.9;58.2
36;2021-08-05;1816;908;149282;127200;68.7;58.6
36;2021-08-06;1411;875;150693;128075;69.4;59.0
36;2021-08-07;538;526;151231;128601;69.6;59.2
36;2021-08-08;292;154;151523;128755;69.8;59.3
36;2021-08-09;817;844;152340;129599;70.2;59.7
36;2021-08-10;1064;1013;153404;130612;70.6;60.2
36;2021-08-11;1346;856;154750;131468;71.3;60.5
36;2021-08-12;1154;852;155904;132320;71.8;60.9
36;2021-08-13;1181;777;157085;133097;72.3;61.3
36;2021-08-14;424;837;157509;133934;72.5;61.7
36;2021-08-15;363;113;157872;134047;72.7;61.7
36;2021-08-16;605;957;158477;135004;73.0;62.2
36;2021-08-17;766;1002;159243;136006;73.3;62.6
36;2021-08-18;1035;1163;160278;137169;73.8;63.2
36;2021-08-19;833;1179;161111;138348;74.2;63.7
36;2021-08-20;483;1476;161594;139824;74.4;64.4
36;2021-08-21;309;466;161903;140290;74.6;64.6
36;2021-08-22;27;64;161930;140354;74.6;64.6
36;2021-08-23;548;1176;162478;141530;74.8;65.2
36;2021-08-24;588;1203;163066;142733;75.1;65.7
36;2021-08-25;397;1076;163463;143809;75.3;66.2
37;2020-12-27;0;0;0;0;0.0;0.0
37;2020-12-28;17;0;17;0;0.0;0.0
37;2020-12-29;10;0;27;0;0.0;0.0
37;2020-12-30;0;0;27;0;0.0;0.0
37;2020-12-31;0;0;27;0;0.0;0.0
37;2021-01-01;0;0;27;0;0.0;0.0
37;2021-01-02;0;0;27;0;0.0;0.0
37;2021-01-03;0;0;27;0;0.0;0.0
37;2021-01-04;21;0;48;0;0.0;0.0
37;2021-01-05;47;0;95;0;0.0;0.0
37;2021-01-06;79;0;174;0;0.0;0.0
37;2021-01-07;115;0;289;0;0.0;0.0
37;2021-01-08;442;1;731;1;0.1;0.0
37;2021-01-09;79;0;810;1;0.1;0.0
37;2021-01-10;83;0;893;1;0.1;0.0
37;2021-01-11;280;0;1173;1;0.2;0.0
37;2021-01-12;659;4;1832;5;0.3;0.0
37;2021-01-13;560;1;2392;6;0.4;0.0
37;2021-01-14;522;3;2914;9;0.5;0.0
37;2021-01-15;628;1;3542;10;0.6;0.0
37;2021-01-16;304;2;3846;12;0.6;0.0
37;2021-01-17;262;1;4108;13;0.7;0.0
37;2021-01-18;734;8;4842;21;0.8;0.0
37;2021-01-19;1244;10;6086;31;1.0;0.0
37;2021-01-20;1038;3;7124;34;1.2;0.0
37;2021-01-21;856;1;7980;35;1.3;0.0
37;2021-01-22;767;2;8747;37;1.4;0.0
37;2021-01-23;173;0;8920;37;1.5;0.0
37;2021-01-24;0;0;8920;37;1.5;0.0
37;2021-01-25;538;15;9458;52;1.6;0.0
37;2021-01-26;1814;69;11272;121;1.9;0.0
37;2021-01-27;1523;76;12795;197;2.1;0.0
37;2021-01-28;1530;95;14325;292;2.4;0.0
37;2021-01-29;633;309;14958;601;2.5;0.1
37;2021-01-30;202;61;15160;662;2.5;0.1
37;2021-01-31;15;64;15175;726;2.5;0.1
37;2021-02-01;332;198;15507;924;2.6;0.2
37;2021-02-02;523;527;16030;1451;2.6;0.2
37;2021-02-03;659;349;16689;1800;2.8;0.3
37;2021-02-04;548;409;17237;2209;2.8;0.4
37;2021-02-05;465;443;17702;2652;2.9;0.4
37;2021-02-06;189;2;17891;2654;3.0;0.4
37;2021-02-07;20;1;17911;2655;3.0;0.4
37;2021-02-08;331;322;18242;2977;3.0;0.5
37;2021-02-09;625;709;18867;3686;3.1;0.6
37;2021-02-10;662;510;19529;4196;3.2;0.7
37;2021-02-11;612;562;20141;4758;3.3;0.8
37;2021-02-12;489;553;20630;5311;3.4;0.9
37;2021-02-13;155;203;20785;5514;3.4;0.9
37;2021-02-14;1;71;20786;5585;3.4;0.9
37;2021-02-15;425;478;21211;6063;3.5;1.0
37;2021-02-16;841;1447;22052;7510;3.6;1.2
37;2021-02-17;635;1370;22687;8880;3.7;1.5
37;2021-02-18;910;1414;23597;10294;3.9;1.7
37;2021-02-19;795;836;24392;11130;4.0;1.8
37;2021-02-20;245;210;24637;11340;4.1;1.9
37;2021-02-21;5;1;24642;11341;4.1;1.9
37;2021-02-22;336;581;24978;11922;4.1;2.0
37;2021-02-23;606;632;25584;12554;4.2;2.1
37;2021-02-24;572;621;26156;13175;4.3;2.2
37;2021-02-25;875;614;27031;13789;4.5;2.3
37;2021-02-26;1116;580;28147;14369;4.6;2.4
37;2021-02-27;584;189;28731;14558;4.7;2.4
37;2021-02-28;23;0;28754;14558;4.7;2.4
37;2021-03-01;603;361;29357;14919;4.8;2.5
37;2021-03-02;1090;546;30447;15465;5.0;2.6
37;2021-03-03;971;549;31418;16014;5.2;2.6
37;2021-03-04;1607;480;33025;16494;5.5;2.7
37;2021-03-05;2129;561;35154;17055;5.8;2.8
37;2021-03-06;1165;213;36319;17268;6.0;2.9
37;2021-03-07;472;66;36791;17334;6.1;2.9
37;2021-03-08;666;400;37457;17734;6.2;2.9
37;2021-03-09;1652;703;39109;18437;6.5;3.0
37;2021-03-10;1607;750;40716;19187;6.7;3.2
37;2021-03-11;2048;699;42764;19886;7.1;3.3
37;2021-03-12;3207;476;45971;20362;7.6;3.4
37;2021-03-13;1947;192;47918;20554;7.9;3.4
37;2021-03-14;206;4;48124;20558;7.9;3.4
37;2021-03-15;1069;250;49193;20808;8.1;3.4
37;2021-03-16;1048;530;50241;21338;8.3;3.5
37;2021-03-17;934;280;51175;21618;8.5;3.6
37;2021-03-18;1033;526;52208;22144;8.6;3.7
37;2021-03-19;2218;339;54426;22483;9.0;3.7
37;2021-03-20;1334;141;55760;22624;9.2;3.7
37;2021-03-21;204;4;55964;22628;9.2;3.7
37;2021-03-22;1287;242;57251;22870;9.5;3.8
37;2021-03-23;2256;569;59507;23439;9.8;3.9
37;2021-03-24;2246;463;61753;23902;10.2;3.9
37;2021-03-25;2982;445;64735;24347;10.7;4.0
37;2021-03-26;3524;410;68259;24757;11.3;4.1
37;2021-03-27;1175;127;69434;24884;11.5;4.1
37;2021-03-28;139;1;69573;24885;11.5;4.1
37;2021-03-29;1604;347;71177;25232;11.8;4.2
37;2021-03-30;2524;623;73701;25855;12.2;4.3
37;2021-03-31;2046;484;75747;26339;12.5;4.4
37;2021-04-01;2600;969;78347;27308;12.9;4.5
37;2021-04-02;2812;669;81159;27977;13.4;4.6
37;2021-04-03;817;223;81976;28200;13.5;4.7
37;2021-04-04;104;1;82080;28201;13.6;4.7
37;2021-04-05;4;0;82084;28201;13.6;4.7
37;2021-04-06;2240;778;84324;28979;13.9;4.8
37;2021-04-07;3171;867;87495;29846;14.5;4.9
37;2021-04-08;4041;968;91536;30814;15.1;5.1
37;2021-04-09;4543;946;96079;31760;15.9;5.2
37;2021-04-10;1328;433;97407;32193;16.1;5.3
37;2021-04-11;104;1;97511;32194;16.1;5.3
37;2021-04-12;2643;675;100154;32869;16.5;5.4
37;2021-04-13;4112;1162;104266;34031;17.2;5.6
37;2021-04-14;3044;894;107310;34925;17.7;5.8
37;2021-04-15;3758;1019;111068;35944;18.3;5.9
37;2021-04-16;4359;1224;115427;37168;19.1;6.1
37;2021-04-17;1147;223;116574;37391;19.3;6.2
37;2021-04-18;97;3;116671;37394;19.3;6.2
37;2021-04-19;2482;850;119153;38244;19.7;6.3
37;2021-04-20;3233;1337;122386;39581;20.2;6.5
37;2021-04-21;2930;1157;125316;40738;20.7;6.7
37;2021-04-22;3456;1401;128772;42139;21.3;7.0
37;2021-04-23;3691;1811;132463;43950;21.9;7.3
37;2021-04-24;1007;387;133470;44337;22.0;7.3
37;2021-04-25;45;2;133515;44339;22.1;7.3
37;2021-04-26;2969;1346;136484;45685;22.5;7.5
37;2021-04-27;4185;1815;140669;47500;23.2;7.8
37;2021-04-28;3462;1949;144131;49449;23.8;8.2
37;2021-04-29;4583;2021;148714;51470;24.6;8.5
37;2021-04-30;5056;1990;153770;53460;25.4;8.8
37;2021-05-01;637;212;154407;53672;25.5;8.9
37;2021-05-02;104;15;154511;53687;25.5;8.9
37;2021-05-03;2670;1955;157181;55642;26.0;9.2
37;2021-05-04;3732;2719;160913;58361;26.6;9.6
37;2021-05-05;3499;2088;164412;60449;27.2;10.0
37;2021-05-06;4994;1945;169406;62394;28.0;10.3
37;2021-05-07;4685;2885;174091;65279;28.8;10.8
37;2021-05-08;538;312;174629;65591;28.8;10.8
37;2021-05-09;63;41;174692;65632;28.9;10.8
37;2021-05-10;2160;3487;176852;69119;29.2;11.4
37;2021-05-11;3866;3882;180718;73001;29.9;12.1
37;2021-05-12;4039;2547;184757;75548;30.5;12.5
37;2021-05-13;1138;516;185895;76064;30.7;12.6
37;2021-05-14;4045;2684;189940;78748;31.4;13.0
37;2021-05-15;2323;744;192263;79492;31.8;13.1
37;2021-05-16;22;71;192285;79563;31.8;13.1
37;2021-05-17;2764;2054;195049;81617;32.2;13.5
37;2021-05-18;3874;2362;198923;83979;32.9;13.9
37;2021-05-19;3494;1806;202417;85785;33.4;14.2
37;2021-05-20;4752;1777;207169;87562;34.2;14.5
37;2021-05-21;4526;2573;211695;90135;35.0;14.9
37;2021-05-22;1077;752;212772;90887;35.1;15.0
37;2021-05-23;73;89;212845;90976;35.2;15.0
37;2021-05-24;513;106;213358;91082;35.2;15.0
37;2021-05-25;5125;2177;218483;93259;36.1;15.4
37;2021-05-26;4930;2098;223413;95357;36.9;15.8
37;2021-05-27;5986;2370;229399;97727;37.9;16.1
37;2021-05-28;6023;3266;235422;100993;38.9;16.7
37;2021-05-29;1521;1167;236943;102160;39.1;16.9
37;2021-05-30;55;160;236998;102320;39.1;16.9
37;2021-05-31;3648;2528;240646;104848;39.8;17.3
37;2021-06-01;5846;3622;246492;108470;40.7;17.9
37;2021-06-02;5077;2457;251569;110927;41.6;18.3
37;2021-06-03;6087;2882;257656;113809;42.6;18.8
37;2021-06-04;5511;4206;263167;118015;43.5;19.5
37;2021-06-05;1855;1305;265022;119320;43.8;19.7
37;2021-06-06;49;197;265071;119517;43.8;19.7
37;2021-06-07;3022;4168;268093;123685;44.3;20.4
37;2021-06-08;4201;4657;272294;128342;45.0;21.2
37;2021-06-09;3883;3571;276177;131913;45.6;21.8
37;2021-06-10;5268;3623;281445;135536;46.5;22.4
37;2021-06-11;4977;4839;286422;140375;47.3;23.2
37;2021-06-12;3553;1349;289975;141724;47.9;23.4
37;2021-06-13;15;164;289990;141888;47.9;23.4
37;2021-06-14;2667;4039;292657;145927;48.3;24.1
37;2021-06-15;3900;4782;296557;150709;49.0;24.9
37;2021-06-16;3257;3603;299814;154312;49.5;25.5
37;2021-06-17;4010;4495;303824;158807;50.2;26.2
37;2021-06-18;4705;5071;308529;163878;51.0;27.1
37;2021-06-19;2520;1103;311049;164981;51.4;27.3
37;2021-06-20;9;183;311058;165164;51.4;27.3
37;2021-06-21;2419;3826;313477;168990;51.8;27.9
37;2021-06-22;2969;5012;316446;174002;52.3;28.7
37;2021-06-23;2627;3646;319073;177648;52.7;29.3
37;2021-06-24;2865;3546;321938;181194;53.2;29.9
37;2021-06-25;3309;4883;325247;186077;53.7;30.7
37;2021-06-26;1240;3086;326487;189163;53.9;31.2
37;2021-06-27;23;142;326510;189305;53.9;31.3
37;2021-06-28;1702;4511;328212;193816;54.2;32.0
37;2021-06-29;1903;6222;330115;200038;54.5;33.0
37;2021-06-30;1871;4441;331986;204479;54.8;33.8
37;2021-07-01;2126;4793;334112;209272;55.2;34.6
37;2021-07-02;2679;5594;336791;214866;55.6;35.5
37;2021-07-03;945;2138;337736;217004;55.8;35.8
37;2021-07-04;5;105;337741;217109;55.8;35.9
37;2021-07-05;1706;5143;339447;222252;56.1;36.7
37;2021-07-06;2003;6763;341450;229015;56.4;37.8
37;2021-07-07;1945;5460;343395;234475;56.7;38.7
37;2021-07-08;2463;6662;345858;241137;57.1;39.8
37;2021-07-09;1986;7641;347844;248778;57.5;41.1
37;2021-07-10;1013;2615;348857;251393;57.6;41.5
37;2021-07-11;26;96;348883;251489;57.6;41.5
37;2021-07-12;1132;5985;350015;257474;57.8;42.5
37;2021-07-13;1616;7821;351631;265295;58.1;43.8
37;2021-07-14;524;406;352155;265701;58.2;43.9
37;2021-07-15;2624;7499;354779;273200;58.6;45.1
37;2021-07-16;2759;7805;357538;281005;59.1;46.4
37;2021-07-17;1202;2446;358740;283451;59.3;46.8
37;2021-07-18;50;53;358790;283504;59.3;46.8
37;2021-07-19;1650;6129;360440;289633;59.5;47.8
37;2021-07-20;2908;7067;363348;296700;60.0;49.0
37;2021-07-21;2984;5785;366332;302485;60.5;50.0
37;2021-07-22;4055;6533;370387;309018;61.2;51.0
37;2021-07-23;3809;7099;374196;316117;61.8;52.2
37;2021-07-24;1776;3309;375972;319426;62.1;52.8
37;2021-07-25;66;77;376038;319503;62.1;52.8
37;2021-07-26;3240;4322;379278;323825;62.7;53.5
37;2021-07-27;4430;4963;383708;328788;63.4;54.3
37;2021-07-28;4135;3658;387843;332446;64.1;54.9
37;2021-07-29;5080;4195;392923;336641;64.9;55.6
37;2021-07-30;5235;4932;398158;341573;65.8;56.4
37;2021-07-31;1922;1845;400080;343418;66.1;56.7
37;2021-08-01;31;52;400111;343470;66.1;56.7
37;2021-08-02;3286;3286;403397;346756;66.6;57.3
37;2021-08-03;5255;3141;408652;349897;67.5;57.8
37;2021-08-04;4548;1926;413200;351823;68.3;58.1
37;2021-08-05;4770;2599;417970;354422;69.0;58.5
37;2021-08-06;4831;3305;422801;357727;69.8;59.1
37;2021-08-07;1623;1122;424424;358849;70.1;59.3
37;2021-08-08;33;175;424457;359024;70.1;59.3
37;2021-08-09;2420;2255;426877;361279;70.5;59.7
37;2021-08-10;3021;2634;429898;363913;71.0;60.1
37;2021-08-11;2094;2104;431992;366017;71.4;60.5
37;2021-08-12;2611;2685;434603;368702;71.8;60.9
37;2021-08-13;2452;2767;437055;371469;72.2;61.4
37;2021-08-14;751;811;437806;372280;72.3;61.5
37;2021-08-15;12;57;437818;372337;72.3;61.5
37;2021-08-16;1458;3160;439276;375497;72.6;62.0
37;2021-08-17;1789;3970;441065;379467;72.9;62.7
37;2021-08-18;1390;3137;442455;382604;73.1;63.2
37;2021-08-19;1591;3837;444046;386441;73.3;63.8
37;2021-08-20;1584;4539;445630;390980;73.6;64.6
37;2021-08-21;608;1200;446238;392180;73.7;64.8
37;2021-08-22;3;31;446241;392211;73.7;64.8
37;2021-08-23;1280;3979;447521;396190;73.9;65.4
37;2021-08-24;1532;4844;449053;401034;74.2;66.2
37;2021-08-25;1046;4215;450099;405249;74.3;66.9
38;2020-12-27;1;0;1;0;0.0;0.0
38;2020-12-28;1;0;2;0;0.0;0.0
38;2020-12-29;0;0;2;0;0.0;0.0
38;2020-12-30;2;0;4;0;0.0;0.0
38;2020-12-31;5;0;9;0;0.0;0.0
38;2021-01-01;2;0;11;0;0.0;0.0
38;2021-01-02;1;0;12;0;0.0;0.0
38;2021-01-03;2;0;14;0;0.0;0.0
38;2021-01-04;162;0;176;0;0.0;0.0
38;2021-01-05;258;1;434;1;0.0;0.0
38;2021-01-06;364;0;798;1;0.1;0.0
38;2021-01-07;636;1;1434;2;0.1;0.0
38;2021-01-08;695;0;2129;2;0.2;0.0
38;2021-01-09;30;0;2159;2;0.2;0.0
38;2021-01-10;1;0;2160;2;0.2;0.0
38;2021-01-11;801;2;2961;4;0.2;0.0
38;2021-01-12;1470;4;4431;8;0.4;0.0
38;2021-01-13;1083;5;5514;13;0.4;0.0
38;2021-01-14;1681;15;7195;28;0.6;0.0
38;2021-01-15;1674;7;8869;35;0.7;0.0
38;2021-01-16;307;2;9176;37;0.7;0.0
38;2021-01-17;3;0;9179;37;0.7;0.0
38;2021-01-18;1177;4;10356;41;0.8;0.0
38;2021-01-19;2239;6;12595;47;1.0;0.0
38;2021-01-20;1882;4;14477;51;1.1;0.0
38;2021-01-21;1637;7;16114;58;1.3;0.0
38;2021-01-22;1401;9;17515;67;1.4;0.0
38;2021-01-23;379;3;17894;70;1.4;0.0
38;2021-01-24;1;0;17895;70;1.4;0.0
38;2021-01-25;790;107;18685;177;1.5;0.0
38;2021-01-26;855;182;19540;359;1.5;0.0
38;2021-01-27;1091;278;20631;637;1.6;0.1
38;2021-01-28;1173;475;21804;1112;1.7;0.1
38;2021-01-29;952;377;22756;1489;1.8;0.1
38;2021-01-30;304;0;23060;1489;1.8;0.1
38;2021-01-31;0;0;23060;1489;1.8;0.1
38;2021-02-01;701;599;23761;2088;1.9;0.2
38;2021-02-02;966;953;24727;3041;2.0;0.2
38;2021-02-03;1229;694;25956;3735;2.1;0.3
38;2021-02-04;1278;971;27234;4706;2.2;0.4
38;2021-02-05;1400;844;28634;5550;2.3;0.4
38;2021-02-06;187;95;28821;5645;2.3;0.4
38;2021-02-07;3;48;28824;5693;2.3;0.5
38;2021-02-08;861;790;29685;6483;2.3;0.5
38;2021-02-09;1538;1310;31223;7793;2.5;0.6
38;2021-02-10;1581;1285;32804;9078;2.6;0.7
38;2021-02-11;1871;1154;34675;10232;2.7;0.8
38;2021-02-12;1509;1124;36184;11356;2.9;0.9
38;2021-02-13;466;188;36650;11544;2.9;0.9
38;2021-02-14;1;7;36651;11551;2.9;0.9
38;2021-02-15;977;942;37628;12493;3.0;1.0
38;2021-02-16;1378;974;39006;13467;3.1;1.1
38;2021-02-17;1375;1063;40381;14530;3.2;1.1
38;2021-02-18;1789;1063;42170;15593;3.3;1.2
38;2021-02-19;1256;869;43426;16462;3.4;1.3
38;2021-02-20;469;311;43895;16773;3.5;1.3
38;2021-02-21;0;0;43895;16773;3.5;1.3
38;2021-02-22;1074;900;44969;17673;3.6;1.4
38;2021-02-23;1540;947;46509;18620;3.7;1.5
38;2021-02-24;1733;1132;48242;19752;3.8;1.6
38;2021-02-25;2500;1055;50742;20807;4.0;1.6
38;2021-02-26;3309;980;54051;21787;4.3;1.7
38;2021-02-27;1510;435;55561;22222;4.4;1.8
38;2021-02-28;33;2;55594;22224;4.4;1.8
38;2021-03-01;2509;789;58103;23013;4.6;1.8
38;2021-03-02;4047;1057;62150;24070;4.9;1.9
38;2021-03-03;3368;1245;65518;25315;5.2;2.0
38;2021-03-04;4485;1388;70003;26703;5.5;2.1
38;2021-03-05;5230;1205;75233;27908;5.9;2.2
38;2021-03-06;3042;272;78275;28180;6.2;2.2
38;2021-03-07;115;2;78390;28182;6.2;2.2
38;2021-03-08;2441;906;80831;29088;6.4;2.3
38;2021-03-09;4025;1311;84856;30399;6.7;2.4
38;2021-03-10;3505;1086;88361;31485;7.0;2.5
38;2021-03-11;5140;1524;93501;33009;7.4;2.6
38;2021-03-12;7091;1171;100592;34180;8.0;2.7
38;2021-03-13;3771;221;104363;34401;8.3;2.7
38;2021-03-14;544;14;104907;34415;8.3;2.7
38;2021-03-15;2701;1011;107608;35426;8.5;2.8
38;2021-03-16;2082;1352;109690;36778;8.7;2.9
38;2021-03-17;2025;1208;111715;37986;8.8;3.0
38;2021-03-18;2642;1367;114357;39353;9.0;3.1
38;2021-03-19;4010;1065;118367;40418;9.4;3.2
38;2021-03-20;1824;247;120191;40665;9.5;3.2
38;2021-03-21;130;8;120321;40673;9.5;3.2
38;2021-03-22;2866;1003;123187;41676;9.7;3.3
38;2021-03-23;4781;1494;127968;43170;10.1;3.4
38;2021-03-24;3710;1581;131678;44751;10.4;3.5
38;2021-03-25;5791;1537;137469;46288;10.9;3.7
38;2021-03-26;6600;1737;144069;48025;11.4;3.8
38;2021-03-27;2512;762;146581;48787;11.6;3.9
38;2021-03-28;926;45;147507;48832;11.7;3.9
38;2021-03-29;2679;1848;150186;50680;11.9;4.0
38;2021-03-30;4567;2540;154753;53220;12.2;4.2
38;2021-03-31;3663;2225;158416;55445;12.5;4.4
38;2021-04-01;5131;2518;163547;57963;12.9;4.6
38;2021-04-02;3872;2526;167419;60489;13.2;4.8
38;2021-04-03;1418;942;168837;61431;13.3;4.9
38;2021-04-04;430;45;169267;61476;13.4;4.9
38;2021-04-05;2174;347;171441;61823;13.6;4.9
38;2021-04-06;4346;2396;175787;64219;13.9;5.1
38;2021-04-07;4415;2736;180202;66955;14.2;5.3
38;2021-04-08;5651;2666;185853;69621;14.7;5.5
38;2021-04-09;8561;2733;194414;72354;15.4;5.7
38;2021-04-10;3600;1477;198014;73831;15.7;5.8
38;2021-04-11;1048;100;199062;73931;15.7;5.8
38;2021-04-12;4197;2253;203259;76184;16.1;6.0
38;2021-04-13;6123;2469;209382;78653;16.6;6.2
38;2021-04-14;5121;2460;214503;81113;17.0;6.4
38;2021-04-15;6363;2767;220866;83880;17.5;6.6
38;2021-04-16;6215;2728;227081;86608;18.0;6.8
38;2021-04-17;2587;995;229668;87603;18.2;6.9
38;2021-04-18;1333;72;231001;87675;18.3;6.9
38;2021-04-19;3945;2839;234946;90514;18.6;7.2
38;2021-04-20;5423;2855;240369;93369;19.0;7.4
38;2021-04-21;4980;2707;245349;96076;19.4;7.6
38;2021-04-22;5782;2835;251131;98911;19.9;7.8
38;2021-04-23;6037;2817;257168;101728;20.3;8.0
38;2021-04-24;2665;1348;259833;103076;20.5;8.1
38;2021-04-25;803;590;260636;103666;20.6;8.2
38;2021-04-26;4486;2473;265122;106139;21.0;8.4
38;2021-04-27;6044;2734;271166;108873;21.4;8.6
38;2021-04-28;6196;2507;277362;111380;21.9;8.8
38;2021-04-29;8329;3073;285691;114453;22.6;9.0
38;2021-04-30;7673;4059;293364;118512;23.2;9.4
38;2021-05-01;1541;198;294905;118710;23.3;9.4
38;2021-05-02;845;72;295750;118782;23.4;9.4
38;2021-05-03;5299;3589;301049;122371;23.8;9.7
38;2021-05-04;6196;5079;307245;127450;24.3;10.1
38;2021-05-05;6065;4610;313310;132060;24.8;10.4
38;2021-05-06;6714;5331;320024;137391;25.3;10.9
38;2021-05-07;7281;6444;327305;143835;25.9;11.4
38;2021-05-08;3772;719;331077;144554;26.2;11.4
38;2021-05-09;2851;1930;333928;146484;26.4;11.6
38;2021-05-10;6151;5309;340079;151793;26.9;12.0
38;2021-05-11;8223;6027;348302;157820;27.5;12.5
38;2021-05-12;9049;4704;357351;162524;28.2;12.8
38;2021-05-13;6637;1415;363988;163939;28.8;13.0
38;2021-05-14;9564;3423;373552;167362;29.5;13.2
38;2021-05-15;6862;1456;380414;168818;30.1;13.3
38;2021-05-16;5474;652;385888;169470;30.5;13.4
38;2021-05-17;7671;3007;393559;172477;31.1;13.6
38;2021-05-18;8623;4036;402182;176513;31.8;14.0
38;2021-05-19;8157;3346;410339;179859;32.4;14.2
38;2021-05-20;8975;4496;419314;184355;33.1;14.6
38;2021-05-21;9959;4584;429273;188939;33.9;14.9
38;2021-05-22;7454;1908;436727;190847;34.5;15.1
38;2021-05-23;5586;579;442313;191426;35.0;15.1
38;2021-05-24;7500;1623;449813;193049;35.6;15.3
38;2021-05-25;9541;4854;459354;197903;36.3;15.6
38;2021-05-26;8118;4726;467472;202629;37.0;16.0
38;2021-05-27;9132;5661;476604;208290;37.7;16.5
38;2021-05-28;8787;6504;485391;214794;38.4;17.0
38;2021-05-29;5820;3262;491211;218056;38.8;17.2
38;2021-05-30;2690;1594;493901;219650;39.0;17.4
38;2021-05-31;8271;5137;502172;224787;39.7;17.8
38;2021-06-01;7964;6439;510136;231226;40.3;18.3
38;2021-06-02;7140;5626;517276;236852;40.9;18.7
38;2021-06-03;7396;6838;524672;243690;41.5;19.3
38;2021-06-04;8126;7616;532798;251306;42.1;19.9
38;2021-06-05;5795;3948;538593;255254;42.6;20.2
38;2021-06-06;2508;1462;541101;256716;42.8;20.3
38;2021-06-07;5553;6873;546654;263589;43.2;20.8
38;2021-06-08;5875;7535;552529;271124;43.7;21.4
38;2021-06-09;5050;6472;557579;277596;44.1;21.9
38;2021-06-10;5427;6792;563006;284388;44.5;22.5
38;2021-06-11;5887;7792;568893;292180;45.0;23.1
38;2021-06-12;3945;3259;572838;295439;45.3;23.4
38;2021-06-13;1256;1297;574094;296736;45.4;23.5
38;2021-06-14;3871;7668;577965;304404;45.7;24.1
38;2021-06-15;5238;8147;583203;312551;46.1;24.7
38;2021-06-16;5123;7409;588326;319960;46.5;25.3
38;2021-06-17;4522;7060;592848;327020;46.9;25.9
38;2021-06-18;6167;9230;599015;336250;47.4;26.6
38;2021-06-19;3596;4968;602611;341218;47.6;27.0
38;2021-06-20;1038;2901;603649;344119;47.7;27.2
38;2021-06-21;3748;8708;607397;352827;48.0;27.9
38;2021-06-22;3791;10106;611188;362933;48.3;28.7
38;2021-06-23;3154;9548;614342;372481;48.6;29.4
38;2021-06-24;3381;8587;617723;381068;48.8;30.1
38;2021-06-25;3783;11497;621506;392565;49.1;31.0
38;2021-06-26;2229;7852;623735;400417;49.3;31.7
38;2021-06-27;1098;4357;624833;404774;49.4;32.0
38;2021-06-28;2949;10306;627782;415080;49.6;32.8
38;2021-06-29;3786;10447;631568;425527;49.9;33.6
38;2021-06-30;4058;9939;635626;435466;50.2;34.4
38;2021-07-01;3537;9014;639163;444480;50.5;35.1
38;2021-07-02;3727;11616;642890;456096;50.8;36.1
38;2021-07-03;1737;8787;644627;464883;51.0;36.8
38;2021-07-04;1243;3207;645870;468090;51.1;37.0
38;2021-07-05;3061;10546;648931;478636;51.3;37.8
38;2021-07-06;3444;10240;652375;488876;51.6;38.6
38;2021-07-07;3531;9394;655906;498270;51.9;39.4
38;2021-07-08;3494;8225;659400;506495;52.1;40.0
38;2021-07-09;3893;10740;663293;517235;52.4;40.9
38;2021-07-10;2403;7805;665696;525040;52.6;41.5
38;2021-07-11;778;2027;666474;527067;52.7;41.7
38;2021-07-12;3474;10675;669948;537742;53.0;42.5
38;2021-07-13;6595;10932;676543;548674;53.5;43.4
38;2021-07-14;4669;3336;681212;552010;53.9;43.6
38;2021-07-15;8734;9672;689946;561682;54.5;44.4
38;2021-07-16;8745;10693;698691;572375;55.2;45.2
38;2021-07-17;4732;7481;703423;579856;55.6;45.8
38;2021-07-18;2573;2489;705996;582345;55.8;46.0
38;2021-07-19;5819;9219;711815;591564;56.3;46.8
38;2021-07-20;6282;8302;718097;599866;56.8;47.4
38;2021-07-21;7859;8023;725956;607889;57.4;48.1
38;2021-07-22;7591;6993;733547;614882;58.0;48.6
38;2021-07-23;8940;9034;742487;623916;58.7;49.3
38;2021-07-24;5564;5528;748051;629444;59.1;49.8
38;2021-07-25;2858;1651;750909;631095;59.4;49.9
38;2021-07-26;7862;7496;758771;638591;60.0;50.5
38;2021-07-27;7614;6267;766385;644858;60.6;51.0
38;2021-07-28;8616;5705;775001;650563;61.3;51.4
38;2021-07-29;7659;4680;782660;655243;61.9;51.8
38;2021-07-30;7717;6646;790377;661889;62.5;52.3
38;2021-07-31;4321;3600;794698;665489;62.8;52.6
38;2021-08-01;1284;1084;795982;666573;62.9;52.7
38;2021-08-02;3915;4445;799897;671018;63.2;53.0
38;2021-08-03;4553;4551;804450;675569;63.6;53.4
38;2021-08-04;4600;4350;809050;679919;64.0;53.7
38;2021-08-05;3675;4641;812725;684560;64.2;54.1
38;2021-08-06;4082;5941;816807;690501;64.6;54.6
38;2021-08-07;2273;3529;819080;694030;64.8;54.9
38;2021-08-08;775;2016;819855;696046;64.8;55.0
38;2021-08-09;3579;5571;823434;701617;65.1;55.5
38;2021-08-10;4821;6245;828255;707862;65.5;56.0
38;2021-08-11;3910;4658;832165;712520;65.8;56.3
38;2021-08-12;3343;4603;835508;717123;66.0;56.7
38;2021-08-13;4081;6030;839589;723153;66.4;57.2
38;2021-08-14;1734;4023;841323;727176;66.5;57.5
38;2021-08-15;526;1918;841849;729094;66.6;57.6
38;2021-08-16;2942;7915;844791;737009;66.8;58.3
38;2021-08-17;3390;5948;848181;742957;67.1;58.7
38;2021-08-18;2949;7137;851130;750094;67.3;59.3
38;2021-08-19;2543;4820;853673;754914;67.5;59.7
38;2021-08-20;2844;8411;856517;763325;67.7;60.3
38;2021-08-21;1180;5009;857697;768334;67.8;60.7
38;2021-08-22;491;1504;858188;769838;67.8;60.9
38;2021-08-23;2559;7613;860747;777451;68.0;61.5
38;2021-08-24;2548;5316;863295;782767;68.2;61.9
38;2021-08-25;2538;5849;865833;788616;68.4;62.3
39;2020-12-27;0;0;0;0;0.0;0.0
39;2020-12-28;0;0;0;0;0.0;0.0
39;2020-12-29;0;0;0;0;0.0;0.0
39;2020-12-30;0;0;0;0;0.0;0.0
39;2020-12-31;0;0;0;0;0.0;0.0
39;2021-01-01;0;0;0;0;0.0;0.0
39;2021-01-02;0;0;0;0;0.0;0.0
39;2021-01-03;0;0;0;0;0.0;0.0
39;2021-01-04;3;0;3;0;0.0;0.0
39;2021-01-05;3;0;6;0;0.0;0.0
39;2021-01-06;57;3;63;3;0.0;0.0
39;2021-01-07;332;2;395;5;0.2;0.0
39;2021-01-08;657;2;1052;7;0.4;0.0
39;2021-01-09;169;0;1221;7;0.5;0.0
39;2021-01-10;1;0;1222;7;0.5;0.0
39;2021-01-11;476;1;1698;8;0.7;0.0
39;2021-01-12;431;1;2129;9;0.8;0.0
39;2021-01-13;408;2;2537;11;1.0;0.0
39;2021-01-14;574;3;3111;14;1.2;0.0
39;2021-01-15;471;1;3582;15;1.4;0.0
39;2021-01-16;141;1;3723;16;1.4;0.0
39;2021-01-17;0;1;3723;17;1.4;0.0
39;2021-01-18;924;7;4647;24;1.8;0.0
39;2021-01-19;1181;7;5828;31;2.3;0.0
39;2021-01-20;906;4;6734;35;2.6;0.0
39;2021-01-21;1178;2;7912;37;3.1;0.0
39;2021-01-22;985;2;8897;39;3.5;0.0
39;2021-01-23;383;1;9280;40;3.6;0.0
39;2021-01-24;0;0;9280;40;3.6;0.0
39;2021-01-25;642;2;9922;42;3.8;0.0
39;2021-01-26;1121;12;11043;54;4.3;0.0
39;2021-01-27;925;17;11968;71;4.6;0.0
39;2021-01-28;740;242;12708;313;4.9;0.1
39;2021-01-29;582;422;13290;735;5.2;0.3
39;2021-01-30;265;109;13555;844;5.3;0.3
39;2021-01-31;1;0;13556;844;5.3;0.3
39;2021-02-01;562;262;14118;1106;5.5;0.4
39;2021-02-02;754;322;14872;1428;5.8;0.6
39;2021-02-03;531;516;15403;1944;6.0;0.8
39;2021-02-04;554;460;15957;2404;6.2;0.9
39;2021-02-05;439;430;16396;2834;6.4;1.1
39;2021-02-06;265;110;16661;2944;6.5;1.1
39;2021-02-07;0;1;16661;2945;6.5;1.1
39;2021-02-08;321;372;16982;3317;6.6;1.3
39;2021-02-09;383;484;17365;3801;6.7;1.5
39;2021-02-10;252;337;17617;4138;6.8;1.6
39;2021-02-11;586;512;18203;4650;7.1;1.8
39;2021-02-12;386;417;18589;5067;7.2;2.0
39;2021-02-13;99;69;18688;5136;7.2;2.0
39;2021-02-14;0;0;18688;5136;7.2;2.0
39;2021-02-15;99;756;18787;5892;7.3;2.3
39;2021-02-16;99;911;18886;6803;7.3;2.6
39;2021-02-17;58;694;18944;7497;7.3;2.9
39;2021-02-18;109;856;19053;8353;7.4;3.2
39;2021-02-19;100;485;19153;8838;7.4;3.4
39;2021-02-20;18;364;19171;9202;7.4;3.6
39;2021-02-21;0;0;19171;9202;7.4;3.6
39;2021-02-22;100;730;19271;9932;7.5;3.9
39;2021-02-23;4;764;19275;10696;7.5;4.1
39;2021-02-24;125;873;19400;11569;7.5;4.5
39;2021-02-25;214;748;19614;12317;7.6;4.8
39;2021-02-26;218;469;19832;12786;7.7;5.0
39;2021-02-27;169;298;20001;13084;7.8;5.1
39;2021-02-28;1;0;20002;13084;7.8;5.1
39;2021-03-01;218;639;20220;13723;7.8;5.3
39;2021-03-02;329;828;20549;14551;8.0;5.6
39;2021-03-03;601;530;21150;15081;8.2;5.8
39;2021-03-04;658;476;21808;15557;8.5;6.0
39;2021-03-05;670;330;22478;15887;8.7;6.2
39;2021-03-06;777;248;23255;16135;9.0;6.3
39;2021-03-07;242;83;23497;16218;9.1;6.3
39;2021-03-08;286;446;23783;16664;9.2;6.5
39;2021-03-09;843;460;24626;17124;9.6;6.6
39;2021-03-10;984;338;25610;17462;9.9;6.8
39;2021-03-11;829;462;26439;17924;10.3;7.0
39;2021-03-12;806;292;27245;18216;10.6;7.1
39;2021-03-13;788;104;28033;18320;10.9;7.1
39;2021-03-14;35;10;28068;18330;10.9;7.1
39;2021-03-15;512;104;28580;18434;11.1;7.1
39;2021-03-16;555;69;29135;18503;11.3;7.2
39;2021-03-17;612;57;29747;18560;11.5;7.2
39;2021-03-18;597;72;30344;18632;11.8;7.2
39;2021-03-19;393;72;30737;18704;11.9;7.3
39;2021-03-20;311;10;31048;18714;12.0;7.3
39;2021-03-21;3;0;31051;18714;12.0;7.3
39;2021-03-22;754;117;31805;18831;12.3;7.3
39;2021-03-23;1130;44;32935;18875;12.8;7.3
39;2021-03-24;1178;97;34113;18972;13.2;7.4
39;2021-03-25;2042;130;36155;19102;14.0;7.4
39;2021-03-26;798;116;36953;19218;14.3;7.5
39;2021-03-27;345;6;37298;19224;14.5;7.5
39;2021-03-28;36;4;37334;19228;14.5;7.5
39;2021-03-29;1037;195;38371;19423;14.9;7.5
39;2021-03-30;1400;269;39771;19692;15.4;7.6
39;2021-03-31;657;526;40428;20218;15.7;7.8
39;2021-04-01;1310;316;41738;20534;16.2;8.0
39;2021-04-02;626;131;42364;20665;16.4;8.0
39;2021-04-03;180;8;42544;20673;16.5;8.0
39;2021-04-04;4;1;42548;20674;16.5;8.0
39;2021-04-05;1;0;42549;20674;16.5;8.0
39;2021-04-06;824;632;43373;21306;16.8;8.3
39;2021-04-07;1132;679;44505;21985;17.3;8.5
39;2021-04-08;1790;582;46295;22567;18.0;8.8
39;2021-04-09;1676;292;47971;22859;18.6;8.9
39;2021-04-10;346;183;48317;23042;18.7;8.9
39;2021-04-11;2;0;48319;23042;18.7;8.9
39;2021-04-12;680;397;48999;23439;19.0;9.1
39;2021-04-13;1200;582;50199;24021;19.5;9.3
39;2021-04-14;845;639;51044;24660;19.8;9.6
39;2021-04-15;1481;716;52525;25376;20.4;9.8
39;2021-04-16;1090;175;53615;25551;20.8;9.9
39;2021-04-17;197;61;53812;25612;20.9;9.9
39;2021-04-18;0;0;53812;25612;20.9;9.9
39;2021-04-19;524;699;54336;26311;21.1;10.2
39;2021-04-20;766;546;55102;26857;21.4;10.4
39;2021-04-21;1142;720;56244;27577;21.8;10.7
39;2021-04-22;1012;1132;57256;28709;22.2;11.1
39;2021-04-23;457;359;57713;29068;22.4;11.3
39;2021-04-24;276;149;57989;29217;22.5;11.3
39;2021-04-25;12;3;58001;29220;22.5;11.3
39;2021-04-26;568;1040;58569;30260;22.7;11.7
39;2021-04-27;788;982;59357;31242;23.0;12.1
39;2021-04-28;1719;417;61076;31659;23.7;12.3
39;2021-04-29;2571;973;63647;32632;24.7;12.7
39;2021-04-30;2473;393;66120;33025;25.6;12.8
39;2021-05-01;41;53;66161;33078;25.7;12.8
39;2021-05-02;0;0;66161;33078;25.7;12.8
39;2021-05-03;917;807;67078;33885;26.0;13.1
39;2021-05-04;949;1128;68027;35013;26.4;13.6
39;2021-05-05;1954;888;69981;35901;27.1;13.9
39;2021-05-06;2424;1345;72405;37246;28.1;14.4
39;2021-05-07;1286;576;73691;37822;28.6;14.7
39;2021-05-08;179;55;73870;37877;28.6;14.7
39;2021-05-09;10;8;73880;37885;28.7;14.7
39;2021-05-10;1761;850;75641;38735;29.3;15.0
39;2021-05-11;1775;1515;77416;40250;30.0;15.6
39;2021-05-12;1809;1495;79225;41745;30.7;16.2
39;2021-05-13;246;23;79471;41768;30.8;16.2
39;2021-05-14;2392;335;81863;42103;31.7;16.3
39;2021-05-15;1848;257;83711;42360;32.5;16.4
39;2021-05-16;0;0;83711;42360;32.5;16.4
39;2021-05-17;1988;729;85699;43089;33.2;16.7
39;2021-05-18;1692;1183;87391;44272;33.9;17.2
39;2021-05-19;2496;557;89887;44829;34.9;17.4
39;2021-05-20;2465;756;92352;45585;35.8;17.7
39;2021-05-21;1800;564;94152;46149;36.5;17.9
39;2021-05-22;322;218;94474;46367;36.6;18.0
39;2021-05-23;7;36;94481;46403;36.6;18.0
39;2021-05-24;8;28;94489;46431;36.6;18.0
39;2021-05-25;1726;1205;96215;47636;37.3;18.5
39;2021-05-26;1644;1379;97859;49015;38.0;19.0
39;2021-05-27;1486;1623;99345;50638;38.5;19.6
39;2021-05-28;856;1219;100201;51857;38.9;20.1
39;2021-05-29;261;276;100462;52133;39.0;20.2
39;2021-05-30;2;40;100464;52173;39.0;20.2
39;2021-05-31;1626;1248;102090;53421;39.6;20.7
39;2021-06-01;1895;1320;103985;54741;40.3;21.2
39;2021-06-02;1707;1174;105692;55915;41.0;21.7
39;2021-06-03;1326;1160;107018;57075;41.5;22.1
39;2021-06-04;941;1071;107959;58146;41.9;22.6
39;2021-06-05;766;516;108725;58662;42.2;22.8
39;2021-06-06;1;36;108726;58698;42.2;22.8
39;2021-06-07;2104;916;110830;59614;43.0;23.1
39;2021-06-08;2211;1155;113041;60769;43.8;23.6
39;2021-06-09;1732;1244;114773;62013;44.5;24.1
39;2021-06-10;1617;2082;116390;64095;45.1;24.9
39;2021-06-11;1569;1271;117959;65366;45.7;25.4
39;2021-06-12;1263;348;119222;65714;46.2;25.5
39;2021-06-13;11;18;119233;65732;46.2;25.5
39;2021-06-14;1337;1895;120570;67627;46.8;26.2
39;2021-06-15;1389;1258;121959;68885;47.3;26.7
39;2021-06-16;1171;1539;123130;70424;47.8;27.3
39;2021-06-17;1043;1716;124173;72140;48.2;28.0
39;2021-06-18;1637;1179;125810;73319;48.8;28.4
39;2021-06-19;249;412;126059;73731;48.9;28.6
39;2021-06-20;2;18;126061;73749;48.9;28.6
39;2021-06-21;351;2494;126412;76243;49.0;29.6
39;2021-06-22;814;2294;127226;78537;49.3;30.5
39;2021-06-23;1200;1302;128426;79839;49.8;31.0
39;2021-06-24;736;1048;129162;80887;50.1;31.4
39;2021-06-25;680;2963;129842;83850;50.4;32.5
39;2021-06-26;205;1564;130047;85414;50.4;33.1
39;2021-06-27;0;0;130047;85414;50.4;33.1
39;2021-06-28;304;2745;130351;88159;50.6;34.2
39;2021-06-29;498;2697;130849;90856;50.7;35.2
39;2021-06-30;898;2422;131747;93278;51.1;36.2
39;2021-07-01;644;1938;132391;95216;51.3;36.9
39;2021-07-02;1111;1406;133502;96622;51.8;37.5
39;2021-07-03;554;524;134056;97146;52.0;37.7
39;2021-07-04;1;2;134057;97148;52.0;37.7
39;2021-07-05;602;2589;134659;99737;52.2;38.7
39;2021-07-06;836;1888;135495;101625;52.5;39.4
39;2021-07-07;590;1388;136085;103013;52.8;40.0
39;2021-07-08;697;906;136782;103919;53.0;40.3
39;2021-07-09;1080;1585;137862;105504;53.5;40.9
39;2021-07-10;738;476;138600;105980;53.8;41.1
39;2021-07-11;28;8;138628;105988;53.8;41.1
39;2021-07-12;575;2596;139203;108584;54.0;42.1
39;2021-07-13;1635;2657;140838;111241;54.6;43.1
39;2021-07-14;17;21;140855;111262;54.6;43.2
39;2021-07-15;1903;1836;142758;113098;55.4;43.9
39;2021-07-16;3226;2040;145984;115138;56.6;44.7
39;2021-07-17;2226;1162;148210;116300;57.5;45.1
39;2021-07-18;164;52;148374;116352;57.5;45.1
39;2021-07-19;1401;2958;149775;119310;58.1;46.3
39;2021-07-20;1841;2811;151616;122121;58.8;47.4
39;2021-07-21;2587;2581;154203;124702;59.8;48.4
39;2021-07-22;1934;1841;156137;126543;60.6;49.1
39;2021-07-23;1810;1927;157947;128470;61.3;49.8
39;2021-07-24;1400;1427;159347;129897;61.8;50.4
39;2021-07-25;0;1;159347;129898;61.8;50.4
39;2021-07-26;1319;1999;160666;131897;62.3;51.2
39;2021-07-27;2343;1901;163009;133798;63.2;51.9
39;2021-07-28;2686;1474;165695;135272;64.3;52.5
39;2021-07-29;2195;1739;167890;137011;65.1;53.1
39;2021-07-30;2041;1465;169931;138476;65.9;53.7
39;2021-07-31;1364;655;171295;139131;66.4;54.0
39;2021-08-01;10;18;171305;139149;66.4;54.0
39;2021-08-02;1202;1401;172507;140550;66.9;54.5
39;2021-08-03;1916;1486;174423;142036;67.6;55.1
39;2021-08-04;1043;660;175466;142696;68.0;55.3
39;2021-08-05;1233;733;176699;143429;68.5;55.6
39;2021-08-06;1375;2290;178074;145719;69.1;56.5
39;2021-08-07;1060;1212;179134;146931;69.5;57.0
39;2021-08-08;26;10;179160;146941;69.5;57.0
39;2021-08-09;435;303;179595;147244;69.7;57.1
39;2021-08-10;1227;929;180822;148173;70.1;57.5
39;2021-08-11;894;1530;181716;149703;70.5;58.1
39;2021-08-12;1584;2165;183300;151868;71.1;58.9
39;2021-08-13;1324;2117;184624;153985;71.6;59.7
39;2021-08-14;356;1104;184980;155089;71.7;60.1
39;2021-08-15;0;1;184980;155090;71.7;60.1
39;2021-08-16;486;735;185466;155825;71.9;60.4
39;2021-08-17;569;1437;186035;157262;72.1;61.0
39;2021-08-18;858;1727;186893;158989;72.5;61.7
39;2021-08-19;902;1593;187795;160582;72.8;62.3
39;2021-08-20;638;2501;188433;163083;73.1;63.2
39;2021-08-21;468;1288;188901;164371;73.3;63.7
39;2021-08-22;6;11;188907;164382;73.3;63.8
39;2021-08-23;263;972;189170;165354;73.4;64.1
39;2021-08-24;450;1606;189620;166960;73.5;64.8
39;2021-08-25;615;1596;190235;168556;73.8;65.4
40;2020-12-27;0;0;0;0;0.0;0.0
40;2020-12-28;0;0;0;0;0.0;0.0
40;2020-12-29;0;0;0;0;0.0;0.0
40;2020-12-30;0;0;0;0;0.0;0.0
40;2020-12-31;1;0;1;0;0.0;0.0
40;2021-01-01;0;0;1;0;0.0;0.0
40;2021-01-02;0;0;1;0;0.0;0.0
40;2021-01-03;0;0;1;0;0.0;0.0
40;2021-01-04;0;0;1;0;0.0;0.0
40;2021-01-05;0;0;1;0;0.0;0.0
40;2021-01-06;1;0;2;0;0.0;0.0
40;2021-01-07;212;0;214;0;0.1;0.0
40;2021-01-08;392;2;606;2;0.1;0.0
40;2021-01-09;0;0;606;2;0.1;0.0
40;2021-01-10;1;0;607;2;0.1;0.0
40;2021-01-11;111;0;718;2;0.2;0.0
40;2021-01-12;0;0;718;2;0.2;0.0
40;2021-01-13;681;1;1399;3;0.3;0.0
40;2021-01-14;901;5;2300;8;0.6;0.0
40;2021-01-15;811;3;3111;11;0.8;0.0
40;2021-01-16;157;0;3268;11;0.8;0.0
40;2021-01-17;1;1;3269;12;0.8;0.0
40;2021-01-18;402;0;3671;12;0.9;0.0
40;2021-01-19;1204;3;4875;15;1.2;0.0
40;2021-01-20;879;2;5754;17;1.4;0.0
40;2021-01-21;1266;5;7020;22;1.7;0.0
40;2021-01-22;809;2;7829;24;1.9;0.0
40;2021-01-23;288;0;8117;24;2.0;0.0
40;2021-01-24;2;0;8119;24;2.0;0.0
40;2021-01-25;393;2;8512;26;2.1;0.0
40;2021-01-26;803;6;9315;32;2.3;0.0
40;2021-01-27;1118;12;10433;44;2.5;0.0
40;2021-01-28;707;112;11140;156;2.7;0.0
40;2021-01-29;600;228;11740;384;2.8;0.1
40;2021-01-30;235;3;11975;387;2.9;0.1
40;2021-01-31;1;0;11976;387;2.9;0.1
40;2021-02-01;358;131;12334;518;3.0;0.1
40;2021-02-02;923;52;13257;570;3.2;0.1
40;2021-02-03;894;299;14151;869;3.4;0.2
40;2021-02-04;1059;601;15210;1470;3.7;0.4
40;2021-02-05;793;421;16003;1891;3.9;0.5
40;2021-02-06;380;84;16383;1975;4.0;0.5
40;2021-02-07;10;0;16393;1975;4.0;0.5
40;2021-02-08;372;121;16765;2096;4.1;0.5
40;2021-02-09;809;540;17574;2636;4.3;0.6
40;2021-02-10;749;470;18323;3106;4.4;0.8
40;2021-02-11;739;682;19062;3788;4.6;0.9
40;2021-02-12;628;642;19690;4430;4.8;1.1
40;2021-02-13;400;95;20090;4525;4.9;1.1
40;2021-02-14;0;0;20090;4525;4.9;1.1
40;2021-02-15;48;386;20138;4911;4.9;1.2
40;2021-02-16;285;599;20423;5510;5.0;1.3
40;2021-02-17;360;892;20783;6402;5.0;1.6
40;2021-02-18;382;695;21165;7097;5.1;1.7
40;2021-02-19;144;643;21309;7740;5.2;1.9
40;2021-02-20;39;95;21348;7835;5.2;1.9
40;2021-02-21;1;66;21349;7901;5.2;1.9
40;2021-02-22;53;563;21402;8464;5.2;2.1
40;2021-02-23;179;835;21581;9299;5.2;2.3
40;2021-02-24;283;686;21864;9985;5.3;2.4
40;2021-02-25;727;991;22591;10976;5.5;2.7
40;2021-02-26;656;635;23247;11611;5.6;2.8
40;2021-02-27;384;101;23631;11712;5.7;2.8
40;2021-02-28;2;0;23633;11712;5.7;2.8
40;2021-03-01;418;507;24051;12219;5.8;3.0
40;2021-03-02;734;1040;24785;13259;6.0;3.2
40;2021-03-03;934;910;25719;14169;6.2;3.4
40;2021-03-04;1319;822;27038;14991;6.6;3.6
40;2021-03-05;1231;741;28269;15732;6.9;3.8
40;2021-03-06;866;391;29135;16123;7.1;3.9
40;2021-03-07;92;9;29227;16132;7.1;3.9
40;2021-03-08;838;501;30065;16633;7.3;4.0
40;2021-03-09;1505;643;31570;17276;7.7;4.2
40;2021-03-10;1749;714;33319;17990;8.1;4.4
40;2021-03-11;1985;695;35304;18685;8.6;4.5
40;2021-03-12;2049;548;37353;19233;9.1;4.7
40;2021-03-13;973;255;38326;19488;9.3;4.7
40;2021-03-14;98;0;38424;19488;9.3;4.7
40;2021-03-15;924;88;39348;19576;9.6;4.8
40;2021-03-16;987;271;40335;19847;9.8;4.8
40;2021-03-17;1576;346;41911;20193;10.2;4.9
40;2021-03-18;1560;339;43471;20532;10.6;5.0
40;2021-03-19;1808;143;45279;20675;11.0;5.0
40;2021-03-20;706;14;45985;20689;11.2;5.0
40;2021-03-21;52;1;46037;20690;11.2;5.0
40;2021-03-22;1174;35;47211;20725;11.5;5.0
40;2021-03-23;2324;167;49535;20892;12.0;5.1
40;2021-03-24;2325;231;51860;21123;12.6;5.1
40;2021-03-25;2767;381;54627;21504;13.3;5.2
40;2021-03-26;3121;209;57748;21713;14.0;5.3
40;2021-03-27;923;47;58671;21760;14.2;5.3
40;2021-03-28;178;47;58849;21807;14.3;5.3
40;2021-03-29;1153;381;60002;22188;14.6;5.4
40;2021-03-30;2298;390;62300;22578;15.1;5.5
40;2021-03-31;1999;303;64299;22881;15.6;5.6
40;2021-04-01;2410;330;66709;23211;16.2;5.6
40;2021-04-02;2362;218;69071;23429;16.8;5.7
40;2021-04-03;743;121;69814;23550;16.9;5.7
40;2021-04-04;362;8;70176;23558;17.0;5.7
40;2021-04-05;523;40;70699;23598;17.2;5.7
40;2021-04-06;2096;809;72795;24407;17.7;5.9
40;2021-04-07;2665;872;75460;25279;18.3;6.1
40;2021-04-08;3061;896;78521;26175;19.1;6.4
40;2021-04-09;3826;605;82347;26780;20.0;6.5
40;2021-04-10;1598;342;83945;27122;20.4;6.6
40;2021-04-11;51;6;83996;27128;20.4;6.6
40;2021-04-12;2177;734;86173;27862;20.9;6.8
40;2021-04-13;2567;1089;88740;28951;21.5;7.0
40;2021-04-14;2571;1375;91311;30326;22.2;7.4
40;2021-04-15;2987;1505;94298;31831;22.9;7.7
40;2021-04-16;2878;1185;97176;33016;23.6;8.0
40;2021-04-17;1464;348;98640;33364;23.9;8.1
40;2021-04-18;57;24;98697;33388;24.0;8.1
40;2021-04-19;1058;1022;99755;34410;24.2;8.4
40;2021-04-20;1622;1744;101377;36154;24.6;8.8
40;2021-04-21;1777;1739;103154;37893;25.0;9.2
40;2021-04-22;2113;1775;105267;39668;25.6;9.6
40;2021-04-23;2163;1398;107430;41066;26.1;10.0
40;2021-04-24;1328;623;108758;41689;26.4;10.1
40;2021-04-25;37;57;108795;41746;26.4;10.1
40;2021-04-26;1251;1136;110046;42882;26.7;10.4
40;2021-04-27;1487;2033;111533;44915;27.1;10.9
40;2021-04-28;2051;1370;113584;46285;27.6;11.2
40;2021-04-29;2608;1899;116192;48184;28.2;11.7
40;2021-04-30;2701;1616;118893;49800;28.9;12.1
40;2021-05-01;1229;783;120122;50583;29.2;12.3
40;2021-05-02;143;322;120265;50905;29.2;12.4
40;2021-05-03;1857;1500;122122;52405;29.6;12.7
40;2021-05-04;1883;2467;124005;54872;30.1;13.3
40;2021-05-05;2188;2668;126193;57540;30.6;14.0
40;2021-05-06;2237;2866;128430;60406;31.2;14.7
40;2021-05-07;1904;3004;130334;63410;31.6;15.4
40;2021-05-08;675;468;131009;63878;31.8;15.5
40;2021-05-09;316;21;131325;63899;31.9;15.5
40;2021-05-10;1399;2055;132724;65954;32.2;16.0
40;2021-05-11;2197;2510;134921;68464;32.7;16.6
40;2021-05-12;2731;1944;137652;70408;33.4;17.1
40;2021-05-13;1984;515;139636;70923;33.9;17.2
40;2021-05-14;2324;1657;141960;72580;34.5;17.6
40;2021-05-15;1340;963;143300;73543;34.8;17.9
40;2021-05-16;434;24;143734;73567;34.9;17.9
40;2021-05-17;2120;1313;145854;74880;35.4;18.2
40;2021-05-18;2509;1416;148363;76296;36.0;18.5
40;2021-05-19;2957;1107;151320;77403;36.7;18.8
40;2021-05-20;3586;1163;154906;78566;37.6;19.1
40;2021-05-21;2925;1330;157831;79896;38.3;19.4
40;2021-05-22;1146;796;158977;80692;38.6;19.6
40;2021-05-23;631;29;159608;80721;38.7;19.6
40;2021-05-24;1212;332;160820;81053;39.0;19.7
40;2021-05-25;2168;1308;162988;82361;39.6;20.0
40;2021-05-26;2615;1562;165603;83923;40.2;20.4
40;2021-05-27;2734;2012;168337;85935;40.9;20.9
40;2021-05-28;2569;2275;170906;88210;41.5;21.4
40;2021-05-29;1558;1256;172464;89466;41.9;21.7
40;2021-05-30;3;52;172467;89518;41.9;21.7
40;2021-05-31;2566;1209;175033;90727;42.5;22.0
40;2021-06-01;3011;1771;178044;92498;43.2;22.5
40;2021-06-02;3173;1990;181217;94488;44.0;22.9
40;2021-06-03;3592;2337;184809;96825;44.9;23.5
40;2021-06-04;3016;2805;187825;99630;45.6;24.2
40;2021-06-05;1779;1396;189604;101026;46.0;24.5
40;2021-06-06;459;79;190063;101105;46.1;24.5
40;2021-06-07;2185;2026;192248;103131;46.7;25.0
40;2021-06-08;2954;2102;195202;105233;47.4;25.5
40;2021-06-09;3215;2268;198417;107501;48.2;26.1
40;2021-06-10;2996;2097;201413;109598;48.9;26.6
40;2021-06-11;3139;2798;204552;112396;49.7;27.3
40;2021-06-12;1964;1637;206516;114033;50.1;27.7
40;2021-06-13;644;161;207160;114194;50.3;27.7
40;2021-06-14;1458;2499;208618;116693;50.6;28.3
40;2021-06-15;2237;2822;210855;119515;51.2;29.0
40;2021-06-16;2608;2457;213463;121972;51.8;29.6
40;2021-06-17;2432;2437;215895;124409;52.4;30.2
40;2021-06-18;2325;2904;218220;127313;53.0;30.9
40;2021-06-19;1798;1231;220018;128544;53.4;31.2
40;2021-06-20;345;276;220363;128820;53.5;31.3
40;2021-06-21;1395;2320;221758;131140;53.8;31.8
40;2021-06-22;1688;2996;223446;134136;54.2;32.6
40;2021-06-23;1606;3345;225052;137481;54.6;33.4
40;2021-06-24;1735;2385;226787;139866;55.0;33.9
40;2021-06-25;1760;3264;228547;143130;55.5;34.7
40;2021-06-26;1328;1713;229875;144843;55.8;35.2
40;2021-06-27;263;354;230138;145197;55.9;35.2
40;2021-06-28;1334;2821;231472;148018;56.2;35.9
40;2021-06-29;1710;3390;233182;151408;56.6;36.8
40;2021-06-30;1777;3644;234959;155052;57.0;37.6
40;2021-07-01;1713;3953;236672;159005;57.4;38.6
40;2021-07-02;1562;3809;238234;162814;57.8;39.5
40;2021-07-03;678;1922;238912;164736;58.0;40.0
40;2021-07-04;219;483;239131;165219;58.0;40.1
40;2021-07-05;1474;3022;240605;168241;58.4;40.8
40;2021-07-06;1767;3613;242372;171854;58.8;41.7
40;2021-07-07;1975;3845;244347;175699;59.3;42.6
40;2021-07-08;2102;3409;246449;179108;59.8;43.5
40;2021-07-09;2108;3948;248557;183056;60.3;44.4
40;2021-07-10;1005;2158;249562;185214;60.6;45.0
40;2021-07-11;207;294;249769;185508;60.6;45.0
40;2021-07-12;1313;4044;251082;189552;60.9;46.0
40;2021-07-13;2427;4698;253509;194250;61.5;47.2
40;2021-07-14;2196;2057;255705;196307;62.1;47.6
40;2021-07-15;2843;4859;258548;201166;62.8;48.8
40;2021-07-16;3314;3945;261862;205111;63.6;49.8
40;2021-07-17;2110;2594;263972;207705;64.1;50.4
40;2021-07-18;472;542;264444;208247;64.2;50.5
40;2021-07-19;2568;3702;267012;211949;64.8;51.4
40;2021-07-20;3057;4057;270069;216006;65.6;52.4
40;2021-07-21;3203;3885;273272;219891;66.3;53.4
40;2021-07-22;3852;3927;277124;223818;67.3;54.3
40;2021-07-23;4087;4108;281211;227926;68.3;55.3
40;2021-07-24;2793;2109;284004;230035;68.9;55.8
40;2021-07-25;954;488;284958;230523;69.2;56.0
40;2021-07-26;2937;3080;287895;233603;69.9;56.7
40;2021-07-27;3518;3603;291413;237206;70.7;57.6
40;2021-07-28;3379;3397;294792;240603;71.6;58.4
40;2021-07-29;3534;3433;298326;244036;72.4;59.2
40;2021-07-30;3127;3402;301453;247438;73.2;60.1
40;2021-07-31;1780;1908;303233;249346;73.6;60.5
40;2021-08-01;343;286;303576;249632;73.7;60.6
40;2021-08-02;1999;2380;305575;252012;74.2;61.2
40;2021-08-03;2323;2692;307898;254704;74.7;61.8
40;2021-08-04;2086;2319;309984;257023;75.2;62.4
40;2021-08-05;1959;2669;311943;259692;75.7;63.0
40;2021-08-06;1869;3066;313812;262758;76.2;63.8
40;2021-08-07;1216;1744;315028;264502;76.5;64.2
40;2021-08-08;83;154;315111;264656;76.5;64.2
40;2021-08-09;1596;3125;316707;267781;76.9;65.0
40;2021-08-10;1419;3164;318126;270945;77.2;65.8
40;2021-08-11;1412;2846;319538;273791;77.6;66.5
40;2021-08-12;1271;3100;320809;276891;77.9;67.2
40;2021-08-13;1128;2977;321937;279868;78.1;67.9
40;2021-08-14;617;2037;322554;281905;78.3;68.4
40;2021-08-15;5;172;322559;282077;78.3;68.5
40;2021-08-16;1103;3387;323662;285464;78.6;69.3
40;2021-08-17;1154;3419;324816;288883;78.8;70.1
40;2021-08-18;981;3260;325797;292143;79.1;70.9
40;2021-08-19;847;2970;326644;295113;79.3;71.6
40;2021-08-20;800;3033;327444;298146;79.5;72.4
40;2021-08-21;523;1898;327967;300044;79.6;72.8
40;2021-08-22;71;463;328038;300507;79.6;72.9
40;2021-08-23;727;2815;328765;303322;79.8;73.6
40;2021-08-24;685;2534;329450;305856;80.0;74.2
40;2021-08-25;595;1995;330045;307851;80.1;74.7
41;2020-12-27;0;0;0;0;0.0;0.0
41;2020-12-28;0;0;0;0;0.0;0.0
41;2020-12-29;0;0;0;0;0.0;0.0
41;2020-12-30;0;0;0;0;0.0;0.0
41;2020-12-31;0;0;0;0;0.0;0.0
41;2021-01-01;0;0;0;0;0.0;0.0
41;2021-01-02;2;0;2;0;0.0;0.0
41;2021-01-03;0;0;2;0;0.0;0.0
41;2021-01-04;0;0;2;0;0.0;0.0
41;2021-01-05;35;0;37;0;0.0;0.0
41;2021-01-06;72;0;109;0;0.0;0.0
41;2021-01-07;21;0;130;0;0.0;0.0
41;2021-01-08;1;0;131;0;0.0;0.0
41;2021-01-09;0;0;131;0;0.0;0.0
41;2021-01-10;0;0;131;0;0.0;0.0
41;2021-01-11;133;0;264;0;0.1;0.0
41;2021-01-12;321;1;585;1;0.2;0.0
41;2021-01-13;271;0;856;1;0.3;0.0
41;2021-01-14;283;1;1139;2;0.3;0.0
41;2021-01-15;215;1;1354;3;0.4;0.0
41;2021-01-16;0;0;1354;3;0.4;0.0
41;2021-01-17;0;0;1354;3;0.4;0.0
41;2021-01-18;397;2;1751;5;0.5;0.0
41;2021-01-19;857;1;2608;6;0.8;0.0
41;2021-01-20;1056;3;3664;9;1.1;0.0
41;2021-01-21;1567;8;5231;17;1.6;0.0
41;2021-01-22;836;0;6067;17;1.9;0.0
41;2021-01-23;92;0;6159;17;1.9;0.0
41;2021-01-24;0;0;6159;17;1.9;0.0
41;2021-01-25;421;1;6580;18;2.0;0.0
41;2021-01-26;473;2;7053;20;2.2;0.0
41;2021-01-27;441;2;7494;22;2.3;0.0
41;2021-01-28;604;56;8098;78;2.5;0.0
41;2021-01-29;260;30;8358;108;2.5;0.0
41;2021-01-30;0;0;8358;108;2.5;0.0
41;2021-01-31;0;0;8358;108;2.5;0.0
41;2021-02-01;349;148;8707;256;2.7;0.1
41;2021-02-02;471;231;9178;487;2.8;0.1
41;2021-02-03;341;202;9519;689;2.9;0.2
41;2021-02-04;559;155;10078;844;3.1;0.3
41;2021-02-05;329;192;10407;1036;3.2;0.3
41;2021-02-06;4;0;10411;1036;3.2;0.3
41;2021-02-07;2;0;10413;1036;3.2;0.3
41;2021-02-08;306;306;10719;1342;3.3;0.4
41;2021-02-09;599;453;11318;1795;3.5;0.5
41;2021-02-10;486;692;11804;2487;3.6;0.8
41;2021-02-11;1066;1157;12870;3644;3.9;1.1
41;2021-02-12;688;359;13558;4003;4.1;1.2
41;2021-02-13;9;5;13567;4008;4.1;1.2
41;2021-02-14;3;27;13570;4035;4.1;1.2
41;2021-02-15;314;307;13884;4342;4.2;1.3
41;2021-02-16;354;566;14238;4908;4.3;1.5
41;2021-02-17;317;458;14555;5366;4.4;1.6
41;2021-02-18;617;325;15172;5691;4.6;1.7
41;2021-02-19;456;338;15628;6029;4.8;1.8
41;2021-02-20;69;58;15697;6087;4.8;1.9
41;2021-02-21;0;0;15697;6087;4.8;1.9
41;2021-02-22;310;414;16007;6501;4.9;2.0
41;2021-02-23;454;346;16461;6847;5.0;2.1
41;2021-02-24;281;442;16742;7289;5.1;2.2
41;2021-02-25;675;459;17417;7748;5.3;2.4
41;2021-02-26;630;252;18047;8000;5.5;2.4
41;2021-02-27;161;4;18208;8004;5.6;2.4
41;2021-02-28;4;31;18212;8035;5.6;2.5
41;2021-03-01;310;314;18522;8349;5.6;2.5
41;2021-03-02;648;411;19170;8760;5.8;2.7
41;2021-03-03;497;410;19667;9170;6.0;2.8
41;2021-03-04;784;837;20451;10007;6.2;3.1
41;2021-03-05;840;673;21291;10680;6.5;3.3
41;2021-03-06;715;22;22006;10702;6.7;3.3
41;2021-03-07;498;17;22504;10719;6.9;3.3
41;2021-03-08;300;376;22804;11095;7.0;3.4
41;2021-03-09;1042;453;23846;11548;7.3;3.5
41;2021-03-10;721;456;24567;12004;7.5;3.7
41;2021-03-11;1182;681;25749;12685;7.9;3.9
41;2021-03-12;1115;412;26864;13097;8.2;4.0
41;2021-03-13;1224;17;28088;13114;8.6;4.0
41;2021-03-14;392;6;28480;13120;8.7;4.0
41;2021-03-15;797;352;29277;13472;8.9;4.1
41;2021-03-16;1061;411;30338;13883;9.3;4.2
41;2021-03-17;587;241;30925;14124;9.4;4.3
41;2021-03-18;926;400;31851;14524;9.7;4.4
41;2021-03-19;911;335;32762;14859;10.0;4.5
41;2021-03-20;541;19;33303;14878;10.2;4.5
41;2021-03-21;1;0;33304;14878;10.2;4.5
41;2021-03-22;809;272;34113;15150;10.4;4.6
41;2021-03-23;1309;491;35422;15641;10.8;4.8
41;2021-03-24;1232;366;36654;16007;11.2;4.9
41;2021-03-25;2026;438;38680;16445;11.8;5.0
41;2021-03-26;1655;325;40335;16770;12.3;5.1
41;2021-03-27;452;57;40787;16827;12.4;5.1
41;2021-03-28;1;0;40788;16827;12.4;5.1
41;2021-03-29;938;308;41726;17135;12.7;5.2
41;2021-03-30;1496;596;43222;17731;13.2;5.4
41;2021-03-31;1147;493;44369;18224;13.5;5.6
41;2021-04-01;2253;565;46622;18789;14.2;5.7
41;2021-04-02;1242;475;47864;19264;14.6;5.9
41;2021-04-03;321;5;48185;19269;14.7;5.9
41;2021-04-04;39;0;48224;19269;14.7;5.9
41;2021-04-05;140;2;48364;19271;14.8;5.9
41;2021-04-06;1302;627;49666;19898;15.1;6.1
41;2021-04-07;1851;705;51517;20603;15.7;6.3
41;2021-04-08;2294;919;53811;21522;16.4;6.6
41;2021-04-09;2568;611;56379;22133;17.2;6.8
41;2021-04-10;954;497;57333;22630;17.5;6.9
41;2021-04-11;279;376;57612;23006;17.6;7.0
41;2021-04-12;1689;653;59301;23659;18.1;7.2
41;2021-04-13;2262;985;61563;24644;18.8;7.5
41;2021-04-14;1793;549;63356;25193;19.3;7.7
41;2021-04-15;2385;975;65741;26168;20.1;8.0
41;2021-04-16;1931;626;67672;26794;20.6;8.2
41;2021-04-17;647;136;68319;26930;20.8;8.2
41;2021-04-18;5;0;68324;26930;20.8;8.2
41;2021-04-19;1262;743;69586;27673;21.2;8.4
41;2021-04-20;2004;1202;71590;28875;21.8;8.8
41;2021-04-21;1504;918;73094;29793;22.3;9.1
41;2021-04-22;2236;1599;75330;31392;23.0;9.6
41;2021-04-23;1736;1079;77066;32471;23.5;9.9
41;2021-04-24;1544;281;78610;32752;24.0;10.0
41;2021-04-25;1007;19;79617;32771;24.3;10.0
41;2021-04-26;1356;625;80973;33396;24.7;10.2
41;2021-04-27;2094;1040;83067;34436;25.3;10.5
41;2021-04-28;1561;860;84628;35296;25.8;10.8
41;2021-04-29;2211;1376;86839;36672;26.5;11.2
41;2021-04-30;1963;870;88802;37542;27.1;11.5
41;2021-05-01;189;12;88991;37554;27.1;11.5
41;2021-05-02;107;17;89098;37571;27.2;11.5
41;2021-05-03;1866;894;90964;38465;27.7;11.7
41;2021-05-04;2095;1545;93059;40010;28.4;12.2
41;2021-05-05;1881;1192;94940;41202;29.0;12.6
41;2021-05-06;2448;1696;97388;42898;29.7;13.1
41;2021-05-07;2018;1801;99406;44699;30.3;13.6
41;2021-05-08;203;154;99609;44853;30.4;13.7
41;2021-05-09;11;354;99620;45207;30.4;13.8
41;2021-05-10;1590;1556;101210;46763;30.9;14.3
41;2021-05-11;2087;2102;103297;48865;31.5;14.9
41;2021-05-12;1952;1677;105249;50542;32.1;15.4
41;2021-05-13;1486;948;106735;51490;32.6;15.7
41;2021-05-14;1577;1303;108312;52793;33.0;16.1
41;2021-05-15;206;294;108518;53087;33.1;16.2
41;2021-05-16;4;0;108522;53087;33.1;16.2
41;2021-05-17;2483;564;111005;53651;33.9;16.4
41;2021-05-18;3137;1032;114142;54683;34.8;16.7
41;2021-05-19;2554;675;116696;55358;35.6;16.9
41;2021-05-20;3349;1154;120045;56512;36.6;17.2
41;2021-05-21;2727;967;122772;57479;37.4;17.5
41;2021-05-22;397;237;123169;57716;37.6;17.6
41;2021-05-23;6;2;123175;57718;37.6;17.6
41;2021-05-24;2605;148;125780;57866;38.4;17.7
41;2021-05-25;2990;577;128770;58443;39.3;17.8
41;2021-05-26;3037;647;131807;59090;40.2;18.0
41;2021-05-27;3297;1111;135104;60201;41.2;18.4
41;2021-05-28;3143;981;138247;61182;42.2;18.7
41;2021-05-29;2074;429;140321;61611;42.8;18.8
41;2021-05-30;344;22;140665;61633;42.9;18.8
41;2021-05-31;1711;1506;142376;63139;43.4;19.3
41;2021-06-01;2262;2013;144638;65152;44.1;19.9
41;2021-06-02;1832;1290;146470;66442;44.7;20.3
41;2021-06-03;2598;1943;149068;68385;45.5;20.9
41;2021-06-04;2303;1964;151371;70349;46.2;21.5
41;2021-06-05;611;1583;151982;71932;46.4;21.9
41;2021-06-06;108;927;152090;72859;46.4;22.2
41;2021-06-07;1516;1532;153606;74391;46.9;22.7
41;2021-06-08;1713;2414;155319;76805;47.4;23.4
41;2021-06-09;1615;1643;156934;78448;47.9;23.9
41;2021-06-10;1917;1816;158851;80264;48.5;24.5
41;2021-06-11;1572;1796;160423;82060;48.9;25.0
41;2021-06-12;663;649;161086;82709;49.1;25.2
41;2021-06-13;12;77;161098;82786;49.1;25.3
41;2021-06-14;1269;1964;162367;84750;49.5;25.9
41;2021-06-15;1835;2762;164202;87512;50.1;26.7
41;2021-06-16;1725;2310;165927;89822;50.6;27.4
41;2021-06-17;1811;2576;167738;92398;51.2;28.2
41;2021-06-18;1665;2401;169403;94799;51.7;28.9
41;2021-06-19;412;532;169815;95331;51.8;29.1
41;2021-06-20;11;32;169826;95363;51.8;29.1
41;2021-06-21;1325;1781;171151;97144;52.2;29.6
41;2021-06-22;1619;2564;172770;99708;52.7;30.4
41;2021-06-23;1375;2045;174145;101753;53.1;31.0
41;2021-06-24;1483;2309;175628;104062;53.6;31.7
41;2021-06-25;1294;2618;176922;106680;54.0;32.5
41;2021-06-26;435;614;177357;107294;54.1;32.7
41;2021-06-27;1;4;177358;107298;54.1;32.7
41;2021-06-28;404;2698;177762;109996;54.2;33.6
41;2021-06-29;666;3440;178428;113436;54.4;34.6
41;2021-06-30;552;3068;178980;116504;54.6;35.5
41;2021-07-01;767;3106;179747;119610;54.8;36.5
41;2021-07-02;590;3499;180337;123109;55.0;37.6
41;2021-07-03;158;647;180495;123756;55.1;37.7
41;2021-07-04;2;2;180497;123758;55.1;37.8
41;2021-07-05;287;2819;180784;126577;55.1;38.6
41;2021-07-06;666;3635;181450;130212;55.3;39.7
41;2021-07-07;479;3140;181929;133352;55.5;40.7
41;2021-07-08;941;3369;182870;136721;55.8;41.7
41;2021-07-09;540;3641;183410;140362;55.9;42.8
41;2021-07-10;247;2088;183657;142450;56.0;43.5
41;2021-07-11;5;281;183662;142731;56.0;43.5
41;2021-07-12;862;2290;184524;145021;56.3;44.2
41;2021-07-13;1198;3289;185722;148310;56.7;45.2
41;2021-07-14;140;1080;185862;149390;56.7;45.6
41;2021-07-15;1335;3322;187197;152712;57.1;46.6
41;2021-07-16;1091;3391;188288;156103;57.4;47.6
41;2021-07-17;342;807;188630;156910;57.5;47.9
41;2021-07-18;24;32;188654;156942;57.5;47.9
41;2021-07-19;1189;2319;189843;159261;57.9;48.6
41;2021-07-20;1639;2744;191482;162005;58.4;49.4
41;2021-07-21;1707;2085;193189;164090;58.9;50.1
41;2021-07-22;2261;2300;195450;166390;59.6;50.8
41;2021-07-23;2101;2469;197551;168859;60.3;51.5
41;2021-07-24;329;840;197880;169699;60.4;51.8
41;2021-07-25;18;23;197898;169722;60.4;51.8
41;2021-07-26;1901;1679;199799;171401;60.9;52.3
41;2021-07-27;2533;2341;202332;173742;61.7;53.0
41;2021-07-28;2161;1830;204493;175572;62.4;53.6
41;2021-07-29;2343;2024;206836;177596;63.1;54.2
41;2021-07-30;2152;2088;208988;179684;63.7;54.8
41;2021-07-31;378;579;209366;180263;63.9;55.0
41;2021-08-01;19;7;209385;180270;63.9;55.0
41;2021-08-02;1545;1606;210930;181876;64.3;55.5
41;2021-08-03;2511;1860;213441;183736;65.1;56.0
41;2021-08-04;2294;1198;215735;184934;65.8;56.4
41;2021-08-05;3031;1259;218766;186193;66.7;56.8
41;2021-08-06;2207;1302;220973;187495;67.4;57.2
41;2021-08-07;508;346;221481;187841;67.6;57.3
41;2021-08-08;13;20;221494;187861;67.6;57.3
41;2021-08-09;1685;1355;223179;189216;68.1;57.7
41;2021-08-10;2560;1417;225739;190633;68.9;58.1
41;2021-08-11;1591;1438;227330;192071;69.3;58.6
41;2021-08-12;1935;1335;229265;193406;69.9;59.0
41;2021-08-13;1452;1692;230717;195098;70.4;59.5
41;2021-08-14;362;205;231079;195303;70.5;59.6
41;2021-08-15;0;16;231079;195319;70.5;59.6
41;2021-08-16;865;2069;231944;197388;70.8;60.2
41;2021-08-17;1498;1640;233442;199028;71.2;60.7
41;2021-08-18;1130;1968;234572;200996;71.6;61.3
41;2021-08-19;1307;1552;235879;202548;72.0;61.8
41;2021-08-20;915;2308;236794;204856;72.2;62.5
41;2021-08-21;120;227;236914;205083;72.3;62.6
41;2021-08-22;1;32;236915;205115;72.3;62.6
41;2021-08-23;692;2294;237607;207409;72.5;63.3
41;2021-08-24;1406;2301;239013;209710;72.9;64.0
41;2021-08-25;618;2200;239631;211910;73.1;64.6
42;2020-12-27;2;0;2;0;0.0;0.0
42;2020-12-28;0;0;2;0;0.0;0.0
42;2020-12-29;0;0;2;0;0.0;0.0
42;2020-12-30;0;0;2;0;0.0;0.0
42;2020-12-31;0;0;2;0;0.0;0.0
42;2021-01-01;0;0;2;0;0.0;0.0
42;2021-01-02;0;0;2;0;0.0;0.0
42;2021-01-03;0;0;2;0;0.0;0.0
42;2021-01-04;1;0;3;0;0.0;0.0
42;2021-01-05;1;0;4;0;0.0;0.0
42;2021-01-06;178;1;182;1;0.0;0.0
42;2021-01-07;256;0;438;1;0.1;0.0
42;2021-01-08;264;1;702;2;0.1;0.0
42;2021-01-09;136;0;838;2;0.1;0.0
42;2021-01-10;0;0;838;2;0.1;0.0
42;2021-01-11;293;2;1131;4;0.1;0.0
42;2021-01-12;412;1;1543;5;0.2;0.0
42;2021-01-13;527;2;2070;7;0.3;0.0
42;2021-01-14;773;4;2843;11;0.4;0.0
42;2021-01-15;705;4;3548;15;0.5;0.0
42;2021-01-16;298;2;3846;17;0.5;0.0
42;2021-01-17;219;0;4065;17;0.5;0.0
42;2021-01-18;969;1;5034;18;0.7;0.0
42;2021-01-19;1329;10;6363;28;0.8;0.0
42;2021-01-20;956;4;7319;32;1.0;0.0
42;2021-01-21;1020;6;8339;38;1.1;0.0
42;2021-01-22;992;6;9331;44;1.2;0.0
42;2021-01-23;401;0;9732;44;1.3;0.0
42;2021-01-24;358;0;10090;44;1.3;0.0
42;2021-01-25;1099;13;11189;57;1.5;0.0
42;2021-01-26;1746;19;12935;76;1.7;0.0
42;2021-01-27;1458;123;14393;199;1.9;0.0
42;2021-01-28;1667;143;16060;342;2.1;0.0
42;2021-01-29;946;118;17006;460;2.2;0.1
42;2021-01-30;257;112;17263;572;2.3;0.1
42;2021-01-31;258;2;17521;574;2.3;0.1
42;2021-02-01;736;62;18257;636;2.4;0.1
42;2021-02-02;1806;297;20063;933;2.6;0.1
42;2021-02-03;1517;488;21580;1421;2.8;0.2
42;2021-02-04;1282;612;22862;2033;3.0;0.3
42;2021-02-05;684;526;23546;2559;3.1;0.3
42;2021-02-06;303;148;23849;2707;3.1;0.4
42;2021-02-07;275;152;24124;2859;3.2;0.4
42;2021-02-08;508;618;24632;3477;3.2;0.5
42;2021-02-09;703;803;25335;4280;3.3;0.6
42;2021-02-10;740;689;26075;4969;3.4;0.6
42;2021-02-11;772;683;26847;5652;3.5;0.7
42;2021-02-12;675;754;27522;6406;3.6;0.8
42;2021-02-13;427;305;27949;6711;3.7;0.9
42;2021-02-14;186;225;28135;6936;3.7;0.9
42;2021-02-15;521;821;28656;7757;3.7;1.0
42;2021-02-16;489;1248;29145;9005;3.8;1.2
42;2021-02-17;517;1534;29662;10539;3.9;1.4
42;2021-02-18;753;1387;30415;11926;4.0;1.6
42;2021-02-19;767;1023;31182;12949;4.1;1.7
42;2021-02-20;248;413;31430;13362;4.1;1.7
42;2021-02-21;63;327;31493;13689;4.1;1.8
42;2021-02-22;575;966;32068;14655;4.2;1.9
42;2021-02-23;1208;1432;33276;16087;4.4;2.1
42;2021-02-24;1245;1221;34521;17308;4.5;2.3
42;2021-02-25;1666;1420;36187;18728;4.7;2.4
42;2021-02-26;1648;928;37835;19656;4.9;2.6
42;2021-02-27;580;295;38415;19951;5.0;2.6
42;2021-02-28;166;127;38581;20078;5.0;2.6
42;2021-03-01;807;847;39388;20925;5.2;2.7
42;2021-03-02;1276;818;40664;21743;5.3;2.8
42;2021-03-03;1366;804;42030;22547;5.5;2.9
42;2021-03-04;1705;718;43735;23265;5.7;3.0
42;2021-03-05;2626;671;46361;23936;6.1;3.1
42;2021-03-06;1932;265;48293;24201;6.3;3.2
42;2021-03-07;1491;92;49784;24293;6.5;3.2
42;2021-03-08;1405;512;51189;24805;6.7;3.2
42;2021-03-09;1984;458;53173;25263;7.0;3.3
42;2021-03-10;2053;501;55226;25764;7.2;3.4
42;2021-03-11;3048;615;58274;26379;7.6;3.4
42;2021-03-12;3008;830;61282;27209;8.0;3.6
42;2021-03-13;1479;367;62761;27576;8.2;3.6
42;2021-03-14;472;177;63233;27753;8.3;3.6
42;2021-03-15;1571;600;64804;28353;8.5;3.7
42;2021-03-16;1473;780;66277;29133;8.7;3.8
42;2021-03-17;1720;1079;67997;30212;8.9;4.0
42;2021-03-18;1804;1030;69801;31242;9.1;4.1
42;2021-03-19;2566;676;72367;31918;9.5;4.2
42;2021-03-20;1672;231;74039;32149;9.7;4.2
42;2021-03-21;526;98;74565;32247;9.8;4.2
42;2021-03-22;1426;736;75991;32983;9.9;4.3
42;2021-03-23;2507;865;78498;33848;10.3;4.4
42;2021-03-24;2783;786;81281;34634;10.6;4.5
42;2021-03-25;3720;935;85001;35569;11.1;4.7
42;2021-03-26;3760;791;88761;36360;11.6;4.8
42;2021-03-27;1806;450;90567;36810;11.8;4.8
42;2021-03-28;1040;215;91607;37025;12.0;4.8
42;2021-03-29;2062;925;93669;37950;12.2;5.0
42;2021-03-30;3144;867;96813;38817;12.7;5.1
42;2021-03-31;2442;1071;99255;39888;13.0;5.2
42;2021-04-01;3392;1049;102647;40937;13.4;5.4
42;2021-04-02;2849;1225;105496;42162;13.8;5.5
42;2021-04-03;1418;609;106914;42771;14.0;5.6
42;2021-04-04;1404;396;108318;43167;14.2;5.6
42;2021-04-05;1900;297;110218;43464;14.4;5.7
42;2021-04-06;2292;1411;112510;44875;14.7;5.9
42;2021-04-07;2760;1831;115270;46706;15.1;6.1
42;2021-04-08;4022;1594;119292;48300;15.6;6.3
42;2021-04-09;5134;1547;124426;49847;16.3;6.5
42;2021-04-10;2591;765;127017;50612;16.6;6.6
42;2021-04-11;1956;426;128973;51038;16.9;6.7
42;2021-04-12;3699;1550;132672;52588;17.3;6.9
42;2021-04-13;4659;1809;137331;54397;18.0;7.1
42;2021-04-14;4312;1902;141643;56299;18.5;7.4
42;2021-04-15;4809;1825;146452;58124;19.2;7.6
42;2021-04-16;4618;1886;151070;60010;19.8;7.8
42;2021-04-17;2982;1075;154052;61085;20.1;8.0
42;2021-04-18;1884;414;155936;61499;20.4;8.0
42;2021-04-19;3089;1538;159025;63037;20.8;8.2
42;2021-04-20;3468;1952;162493;64989;21.2;8.5
42;2021-04-21;3475;1747;165968;66736;21.7;8.7
42;2021-04-22;3769;1953;169737;68689;22.2;9.0
42;2021-04-23;3838;2011;173575;70700;22.7;9.2
42;2021-04-24;2362;1518;175937;72218;23.0;9.4
42;2021-04-25;1659;943;177596;73161;23.2;9.6
42;2021-04-26;3279;1732;180875;74893;23.7;9.8
42;2021-04-27;3257;2211;184132;77104;24.1;10.1
42;2021-04-28;3464;2622;187596;79726;24.5;10.4
42;2021-04-29;3770;2809;191366;82535;25.0;10.8
42;2021-04-30;3361;3035;194727;85570;25.5;11.2
42;2021-05-01;2969;1050;197696;86620;25.9;11.3
42;2021-05-02;1935;1260;199631;87880;26.1;11.5
42;2021-05-03;2869;2768;202500;90648;26.5;11.9
42;2021-05-04;3418;3130;205918;93778;26.9;12.3
42;2021-05-05;3327;3400;209245;97178;27.4;12.7
42;2021-05-06;3888;3769;213133;100947;27.9;13.2
42;2021-05-07;3730;4033;216863;104980;28.4;13.7
42;2021-05-08;3165;1071;220028;106051;28.8;13.9
42;2021-05-09;1505;2213;221533;108264;29.0;14.2
42;2021-05-10;3250;3829;224783;112093;29.4;14.7
42;2021-05-11;5576;3914;230359;116007;30.1;15.2
42;2021-05-12;5343;3570;235702;119577;30.8;15.6
42;2021-05-13;5454;1143;241156;120720;31.5;15.8
42;2021-05-14;5241;2927;246397;123647;32.2;16.2
42;2021-05-15;4880;2123;251277;125770;32.9;16.4
42;2021-05-16;2873;1036;254150;126806;33.2;16.6
42;2021-05-17;5889;2838;260039;129644;34.0;17.0
42;2021-05-18;6252;2981;266291;132625;34.8;17.3
42;2021-05-19;6525;2751;272816;135376;35.7;17.7
42;2021-05-20;7106;2897;279922;138273;36.6;18.1
42;2021-05-21;6350;3271;286272;141544;37.4;18.5
42;2021-05-22;5835;2130;292107;143674;38.2;18.8
42;2021-05-23;2835;871;294942;144545;38.6;18.9
42;2021-05-24;5252;1430;300194;145975;39.3;19.1
42;2021-05-25;5154;3945;305348;149920;39.9;19.6
42;2021-05-26;5161;3459;310509;153379;40.6;20.1
42;2021-05-27;5368;3636;315877;157015;41.3;20.5
42;2021-05-28;5041;4207;320918;161222;42.0;21.1
42;2021-05-29;4343;2985;325261;164207;42.5;21.5
42;2021-05-30;1981;1212;327242;165419;42.8;21.6
42;2021-05-31;4242;3427;331484;168846;43.3;22.1
42;2021-06-01;4593;3570;336077;172416;43.9;22.5
42;2021-06-02;4478;3017;340555;175433;44.5;22.9
42;2021-06-03;4929;3840;345484;179273;45.2;23.4
42;2021-06-04;4767;4221;350251;183494;45.8;24.0
42;2021-06-05;3689;2425;353940;185919;46.3;24.3
42;2021-06-06;1446;1295;355386;187214;46.5;24.5
42;2021-06-07;3991;3374;359377;190588;47.0;24.9
42;2021-06-08;3464;3247;362841;193835;47.4;25.3
42;2021-06-09;2962;3202;365803;197037;47.8;25.8
42;2021-06-10;3242;2938;369045;199975;48.3;26.1
42;2021-06-11;3588;4119;372633;204094;48.7;26.7
42;2021-06-12;2863;2881;375496;206975;49.1;27.1
42;2021-06-13;944;1278;376440;208253;49.2;27.2
42;2021-06-14;2314;4063;378754;212316;49.5;27.8
42;2021-06-15;2831;4072;381585;216388;49.9;28.3
42;2021-06-16;2924;3551;384509;219939;50.3;28.8
42;2021-06-17;2639;3741;387148;223680;50.6;29.2
42;2021-06-18;3093;5147;390241;228827;51.0;29.9
42;2021-06-19;2848;4243;393089;233070;51.4;30.5
42;2021-06-20;857;1844;393946;234914;51.5;30.7
42;2021-06-21;1907;6278;395853;241192;51.8;31.5
42;2021-06-22;1875;5893;397728;247085;52.0;32.3
42;2021-06-23;1845;5321;399573;252406;52.2;33.0
42;2021-06-24;1786;4684;401359;257090;52.5;33.6
42;2021-06-25;2038;6950;403397;264040;52.7;34.5
42;2021-06-26;1409;5820;404806;269860;52.9;35.3
42;2021-06-27;757;2854;405563;272714;53.0;35.7
42;2021-06-28;1744;7058;407307;279772;53.3;36.6
42;2021-06-29;1528;6566;408835;286338;53.5;37.4
42;2021-06-30;1967;5764;410802;292102;53.7;38.2
42;2021-07-01;1779;5120;412581;297222;54.0;38.9
42;2021-07-02;2049;6748;414630;303970;54.2;39.7
42;2021-07-03;1760;5978;416390;309948;54.4;40.5
42;2021-07-04;854;2514;417244;312462;54.6;40.9
42;2021-07-05;1716;6286;418960;318748;54.8;41.7
42;2021-07-06;2104;5576;421064;324324;55.1;42.4
42;2021-07-07;2336;4658;423400;328982;55.4;43.0
42;2021-07-08;2273;3960;425673;332942;55.7;43.5
42;2021-07-09;2416;6100;428089;339042;56.0;44.3
42;2021-07-10;1694;5581;429783;344623;56.2;45.1
42;2021-07-11;921;2303;430704;346926;56.3;45.4
42;2021-07-12;1778;6290;432482;353216;56.6;46.2
42;2021-07-13;3610;6284;436092;359500;57.0;47.0
42;2021-07-14;4478;2050;440570;361550;57.6;47.3
42;2021-07-15;4558;5625;445128;367175;58.2;48.0
42;2021-07-16;4443;6192;449571;373367;58.8;48.8
42;2021-07-17;3221;4701;452792;378068;59.2;49.4
42;2021-07-18;1839;1742;454631;379810;59.4;49.7
42;2021-07-19;3800;5074;458431;384884;59.9;50.3
42;2021-07-20;4718;4862;463149;389746;60.6;51.0
42;2021-07-21;5175;4715;468324;394461;61.2;51.6
42;2021-07-22;5492;3939;473816;398400;62.0;52.1
42;2021-07-23;5480;5110;479296;403510;62.7;52.8
42;2021-07-24;4034;3829;483330;407339;63.2;53.3
42;2021-07-25;1655;1386;484985;408725;63.4;53.4
42;2021-07-26;4728;4323;489713;413048;64.0;54.0
42;2021-07-27;5326;3956;495039;417004;64.7;54.5
42;2021-07-28;5776;3670;500815;420674;65.5;55.0
42;2021-07-29;5674;3432;506489;424106;66.2;55.5
42;2021-07-30;5117;3772;511606;427878;66.9;56.0
42;2021-07-31;4748;3050;516354;430928;67.5;56.3
42;2021-08-01;2496;1310;518850;432238;67.8;56.5
42;2021-08-02;4342;3109;523192;435347;68.4;56.9
42;2021-08-03;3808;3271;527000;438618;68.9;57.4
42;2021-08-04;3461;3220;530461;441838;69.4;57.8
42;2021-08-05;3382;3315;533843;445153;69.8;58.2
42;2021-08-06;3598;3989;537441;449142;70.3;58.7
42;2021-08-07;2999;3059;540440;452201;70.7;59.1
42;2021-08-08;1185;1712;541625;453913;70.8;59.4
42;2021-08-09;2784;3845;544409;457758;71.2;59.9
42;2021-08-10;3246;3900;547655;461658;71.6;60.4
42;2021-08-11;2576;3518;550231;465176;72.0;60.8
42;2021-08-12;2504;3559;552735;468735;72.3;61.3
42;2021-08-13;2307;3901;555042;472636;72.6;61.8
42;2021-08-14;1636;3261;556678;475897;72.8;62.2
42;2021-08-15;595;1025;557273;476922;72.9;62.4
42;2021-08-16;2060;4561;559333;481483;73.1;63.0
42;2021-08-17;2234;4166;561567;485649;73.4;63.5
42;2021-08-18;2030;4140;563597;489789;73.7;64.0
42;2021-08-19;1921;3366;565518;493155;73.9;64.5
42;2021-08-20;2263;4592;567781;497747;74.2;65.1
42;2021-08-21;1076;3854;568857;501601;74.4;65.6
42;2021-08-22;494;2016;569351;503617;74.5;65.9
42;2021-08-23;1610;4658;570961;508275;74.7;66.5
42;2021-08-24;1721;4025;572682;512300;74.9;67.0
42;2021-08-25;1727;3872;574409;516172;75.1;67.5
43;2020-12-27;0;0;0;0;0.0;0.0
43;2020-12-28;0;0;0;0;0.0;0.0
43;2020-12-29;0;0;0;0;0.0;0.0
43;2020-12-30;0;0;0;0;0.0;0.0
43;2020-12-31;0;0;0;0;0.0;0.0
43;2021-01-01;0;0;0;0;0.0;0.0
43;2021-01-02;0;0;0;0;0.0;0.0
43;2021-01-03;0;0;0;0;0.0;0.0
43;2021-01-04;2;0;2;0;0.0;0.0
43;2021-01-05;0;0;2;0;0.0;0.0
43;2021-01-06;0;0;2;0;0.0;0.0
43;2021-01-07;167;0;169;0;0.1;0.0
43;2021-01-08;151;1;320;1;0.1;0.0
43;2021-01-09;0;0;320;1;0.1;0.0
43;2021-01-10;0;0;320;1;0.1;0.0
43;2021-01-11;137;0;457;1;0.2;0.0
43;2021-01-12;244;1;701;2;0.3;0.0
43;2021-01-13;244;2;945;4;0.4;0.0
43;2021-01-14;294;2;1239;6;0.5;0.0
43;2021-01-15;303;2;1542;8;0.7;0.0
43;2021-01-16;32;0;1574;8;0.7;0.0
43;2021-01-17;0;0;1574;8;0.7;0.0
43;2021-01-18;761;5;2335;13;1.0;0.0
43;2021-01-19;776;6;3111;19;1.4;0.0
43;2021-01-20;519;0;3630;19;1.6;0.0
43;2021-01-21;446;2;4076;21;1.8;0.0
43;2021-01-22;465;7;4541;28;2.0;0.0
43;2021-01-23;1;0;4542;28;2.0;0.0
43;2021-01-24;1;0;4543;28;2.0;0.0
43;2021-01-25;539;0;5082;28;2.2;0.0
43;2021-01-26;615;5;5697;33;2.5;0.0
43;2021-01-27;740;0;6437;33;2.8;0.0
43;2021-01-28;747;32;7184;65;3.2;0.0
43;2021-01-29;720;84;7904;149;3.5;0.1
43;2021-01-30;109;0;8013;149;3.5;0.1
43;2021-01-31;0;0;8013;149;3.5;0.1
43;2021-02-01;404;101;8417;250;3.7;0.1
43;2021-02-02;716;151;9133;401;4.0;0.2
43;2021-02-03;690;43;9823;444;4.3;0.2
43;2021-02-04;524;170;10347;614;4.6;0.3
43;2021-02-05;544;170;10891;784;4.8;0.3
43;2021-02-06;165;19;11056;803;4.9;0.4
43;2021-02-07;0;0;11056;803;4.9;0.4
43;2021-02-08;411;304;11467;1107;5.1;0.5
43;2021-02-09;369;432;11836;1539;5.2;0.7
43;2021-02-10;400;362;12236;1901;5.4;0.8
43;2021-02-11;388;396;12624;2297;5.6;1.0
43;2021-02-12;425;202;13049;2499;5.8;1.1
43;2021-02-13;570;42;13619;2541;6.0;1.1
43;2021-02-14;0;0;13619;2541;6.0;1.1
43;2021-02-15;68;479;13687;3020;6.0;1.3
43;2021-02-16;41;373;13728;3393;6.1;1.5
43;2021-02-17;87;484;13815;3877;6.1;1.7
43;2021-02-18;147;379;13962;4256;6.2;1.9
43;2021-02-19;278;511;14240;4767;6.3;2.1
43;2021-02-20;22;4;14262;4771;6.3;2.1
43;2021-02-21;0;0;14262;4771;6.3;2.1
43;2021-02-22;16;500;14278;5271;6.3;2.3
43;2021-02-23;201;799;14479;6070;6.4;2.7
43;2021-02-24;147;730;14626;6800;6.4;3.0
43;2021-02-25;227;695;14853;7495;6.5;3.3
43;2021-02-26;222;674;15075;8169;6.6;3.6
43;2021-02-27;138;76;15213;8245;6.7;3.6
43;2021-02-28;1;0;15214;8245;6.7;3.6
43;2021-03-01;210;479;15424;8724;6.8;3.8
43;2021-03-02;342;580;15766;9304;6.9;4.1
43;2021-03-03;338;588;16104;9892;7.1;4.4
43;2021-03-04;551;466;16655;10358;7.3;4.6
43;2021-03-05;566;453;17221;10811;7.6;4.8
43;2021-03-06;489;179;17710;10990;7.8;4.8
43;2021-03-07;12;0;17722;10990;7.8;4.8
43;2021-03-08;446;445;18168;11435;8.0;5.0
43;2021-03-09;621;359;18789;11794;8.3;5.2
43;2021-03-10;674;500;19463;12294;8.6;5.4
43;2021-03-11;953;442;20416;12736;9.0;5.6
43;2021-03-12;945;427;21361;13163;9.4;5.8
43;2021-03-13;792;117;22153;13280;9.8;5.9
43;2021-03-14;2;0;22155;13280;9.8;5.9
43;2021-03-15;706;142;22861;13422;10.1;5.9
43;2021-03-16;848;284;23709;13706;10.4;6.0
43;2021-03-17;638;136;24347;13842;10.7;6.1
43;2021-03-18;676;138;25023;13980;11.0;6.2
43;2021-03-19;839;108;25862;14088;11.4;6.2
43;2021-03-20;450;60;26312;14148;11.6;6.2
43;2021-03-21;0;0;26312;14148;11.6;6.2
43;2021-03-22;744;41;27056;14189;11.9;6.3
43;2021-03-23;872;46;27928;14235;12.3;6.3
43;2021-03-24;1174;92;29102;14327;12.8;6.3
43;2021-03-25;1594;151;30696;14478;13.5;6.4
43;2021-03-26;1609;187;32305;14665;14.2;6.5
43;2021-03-27;1449;75;33754;14740;14.9;6.5
43;2021-03-28;420;20;34174;14760;15.1;6.5
43;2021-03-29;1095;171;35269;14931;15.5;6.6
43;2021-03-30;1313;242;36582;15173;16.1;6.7
43;2021-03-31;1305;262;37887;15435;16.7;6.8
43;2021-04-01;1346;341;39233;15776;17.3;7.0
43;2021-04-02;1052;352;40285;16128;17.8;7.1
43;2021-04-03;340;199;40625;16327;17.9;7.2
43;2021-04-04;0;0;40625;16327;17.9;7.2
43;2021-04-05;3;0;40628;16327;17.9;7.2
43;2021-04-06;688;603;41316;16930;18.2;7.5
43;2021-04-07;868;575;42184;17505;18.6;7.7
43;2021-04-08;1087;463;43271;17968;19.1;7.9
43;2021-04-09;1148;659;44419;18627;19.6;8.2
43;2021-04-10;626;262;45045;18889;19.9;8.3
43;2021-04-11;0;0;45045;18889;19.9;8.3
43;2021-04-12;682;652;45727;19541;20.2;8.6
43;2021-04-13;917;725;46644;20266;20.6;8.9
43;2021-04-14;725;668;47369;20934;20.9;9.2
43;2021-04-15;959;699;48328;21633;21.3;9.5
43;2021-04-16;1008;693;49336;22326;21.7;9.8
43;2021-04-17;423;302;49759;22628;21.9;10.0
43;2021-04-18;3;5;49762;22633;21.9;10.0
43;2021-04-19;629;568;50391;23201;22.2;10.2
43;2021-04-20;840;674;51231;23875;22.6;10.5
43;2021-04-21;320;986;51551;24861;22.7;11.0
43;2021-04-22;680;1015;52231;25876;23.0;11.4
43;2021-04-23;401;1102;52632;26978;23.2;11.9
43;2021-04-24;347;1040;52979;28018;23.3;12.3
43;2021-04-25;23;403;53002;28421;23.4;12.5
43;2021-04-26;386;965;53388;29386;23.5;13.0
43;2021-04-27;825;987;54213;30373;23.9;13.4
43;2021-04-28;794;1105;55007;31478;24.2;13.9
43;2021-04-29;1238;1141;56245;32619;24.8;14.4
43;2021-04-30;1199;1069;57444;33688;25.3;14.8
43;2021-05-01;400;27;57844;33715;25.5;14.9
43;2021-05-02;1;0;57845;33715;25.5;14.9
43;2021-05-03;1218;407;59063;34122;26.0;15.0
43;2021-05-04;1236;953;60299;35075;26.6;15.5
43;2021-05-05;1144;847;61443;35922;27.1;15.8
43;2021-05-06;1404;937;62847;36859;27.7;16.2
43;2021-05-07;1088;1173;63935;38032;28.2;16.8
43;2021-05-08;520;136;64455;38168;28.4;16.8
43;2021-05-09;0;2;64455;38170;28.4;16.8
43;2021-05-10;1085;723;65540;38893;28.9;17.1
43;2021-05-11;1554;1008;67094;39901;29.6;17.6
43;2021-05-12;1481;808;68575;40709;30.2;17.9
43;2021-05-13;936;379;69511;41088;30.6;18.1
43;2021-05-14;2204;1109;71715;42197;31.6;18.6
43;2021-05-15;1271;317;72986;42514;32.2;18.7
43;2021-05-16;272;47;73258;42561;32.3;18.8
43;2021-05-17;1625;630;74883;43191;33.0;19.0
43;2021-05-18;1966;675;76849;43866;33.9;19.3
43;2021-05-19;2065;573;78914;44439;34.8;19.6
43;2021-05-20;2338;805;81252;45244;35.8;19.9
43;2021-05-21;2385;706;83637;45950;36.9;20.3
43;2021-05-22;1209;340;84846;46290;37.4;20.4
43;2021-05-23;1;0;84847;46290;37.4;20.4
43;2021-05-24;382;99;85229;46389;37.6;20.4
43;2021-05-25;1408;653;86637;47042;38.2;20.7
43;2021-05-26;1349;559;87986;47601;38.8;21.0
43;2021-05-27;1389;712;89375;48313;39.4;21.3
43;2021-05-28;1348;734;90723;49047;40.0;21.6
43;2021-05-29;1135;604;91858;49651;40.5;21.9
43;2021-05-30;149;17;92007;49668;40.5;21.9
43;2021-05-31;1208;442;93215;50110;41.1;22.1
43;2021-06-01;1279;985;94494;51095;41.6;22.5
43;2021-06-02;1086;700;95580;51795;42.1;22.8
43;2021-06-03;1193;856;96773;52651;42.6;23.2
43;2021-06-04;1350;858;98123;53509;43.2;23.6
43;2021-06-05;824;454;98947;53963;43.6;23.8
43;2021-06-06;10;5;98957;53968;43.6;23.8
43;2021-06-07;748;518;99705;54486;43.9;24.0
43;2021-06-08;664;704;100369;55190;44.2;24.3
43;2021-06-09;539;760;100908;55950;44.5;24.7
43;2021-06-10;808;1120;101716;57070;44.8;25.2
43;2021-06-11;760;1348;102476;58418;45.2;25.7
43;2021-06-12;914;514;103390;58932;45.6;26.0
43;2021-06-13;3;27;103393;58959;45.6;26.0
43;2021-06-14;446;1089;103839;60048;45.8;26.5
43;2021-06-15;630;1196;104469;61244;46.0;27.0
43;2021-06-16;549;975;105018;62219;46.3;27.4
43;2021-06-17;602;1503;105620;63722;46.5;28.1
43;2021-06-18;899;1464;106519;65186;46.9;28.7
43;2021-06-19;448;782;106967;65968;47.1;29.1
43;2021-06-20;0;12;106967;65980;47.1;29.1
43;2021-06-21;424;1307;107391;67287;47.3;29.7
43;2021-06-22;533;1960;107924;69247;47.6;30.5
43;2021-06-23;343;1743;108267;70990;47.7;31.3
43;2021-06-24;512;1494;108779;72484;47.9;31.9
43;2021-06-25;597;2346;109376;74830;48.2;33.0
43;2021-06-26;505;1245;109881;76075;48.4;33.5
43;2021-06-27;10;20;109891;76095;48.4;33.5
43;2021-06-28;341;1785;110232;77880;48.6;34.3
43;2021-06-29;524;2382;110756;80262;48.8;35.4
43;2021-06-30;460;2275;111216;82537;49.0;36.4
43;2021-07-01;473;1910;111689;84447;49.2;37.2
43;2021-07-02;499;1964;112188;86411;49.4;38.1
43;2021-07-03;258;1108;112446;87519;49.6;38.6
43;2021-07-04;1;0;112447;87519;49.6;38.6
43;2021-07-05;526;1201;112973;88720;49.8;39.1
43;2021-07-06;633;1679;113606;90399;50.1;39.8
43;2021-07-07;523;1421;114129;91820;50.3;40.5
43;2021-07-08;838;1418;114967;93238;50.7;41.1
43;2021-07-09;550;1499;115517;94737;50.9;41.8
43;2021-07-10;401;1337;115918;96074;51.1;42.3
43;2021-07-11;23;99;115941;96173;51.1;42.4
43;2021-07-12;602;1685;116543;97858;51.4;43.1
43;2021-07-13;1186;1847;117729;99705;51.9;43.9
43;2021-07-14;847;159;118576;99864;52.3;44.0
43;2021-07-15;1933;1840;120509;101704;53.1;44.8
43;2021-07-16;1751;1617;122260;103321;53.9;45.5
43;2021-07-17;1544;1198;123804;104519;54.6;46.1
43;2021-07-18;4;19;123808;104538;54.6;46.1
43;2021-07-19;1439;1259;125247;105797;55.2;46.6
43;2021-07-20;1894;1450;127141;107247;56.0;47.3
43;2021-07-21;1850;1110;128991;108357;56.8;47.8
43;2021-07-22;2110;1331;131101;109688;57.8;48.3
43;2021-07-23;1618;1325;132719;111013;58.5;48.9
43;2021-07-24;577;997;133296;112010;58.7;49.4
43;2021-07-25;0;1;133296;112011;58.7;49.4
43;2021-07-26;1642;1071;134938;113082;59.5;49.8
43;2021-07-27;2281;1222;137219;114304;60.5;50.4
43;2021-07-28;1952;1086;139171;115390;61.3;50.9
43;2021-07-29;1984;1017;141155;116407;62.2;51.3
43;2021-07-30;1867;1340;143022;117747;63.0;51.9
43;2021-07-31;704;610;143726;118357;63.3;52.2
43;2021-08-01;13;20;143739;118377;63.3;52.2
43;2021-08-02;1536;966;145275;119343;64.0;52.6
43;2021-08-03;1400;1163;146675;120506;64.6;53.1
43;2021-08-04;1259;1109;147934;121615;65.2;53.6
43;2021-08-05;1251;1289;149185;122904;65.7;54.2
43;2021-08-06;1126;1468;150311;124372;66.2;54.8
43;2021-08-07;494;751;150805;125123;66.5;55.1
43;2021-08-08;5;0;150810;125123;66.5;55.1
43;2021-08-09;817;1634;151627;126757;66.8;55.9
43;2021-08-10;1018;1588;152645;128345;67.3;56.6
43;2021-08-11;678;1340;153323;129685;67.6;57.2
43;2021-08-12;871;1601;154194;131286;68.0;57.9
43;2021-08-13;629;1178;154823;132464;68.2;58.4
43;2021-08-14;333;544;155156;133008;68.4;58.6
43;2021-08-15;3;9;155159;133017;68.4;58.6
43;2021-08-16;681;1674;155840;134691;68.7;59.4
43;2021-08-17;711;1504;156551;136195;69.0;60.0
43;2021-08-18;556;1512;157107;137707;69.2;60.7
43;2021-08-19;642;1610;157749;139317;69.5;61.4
43;2021-08-20;516;1592;158265;140909;69.8;62.1
43;2021-08-21;237;555;158502;141464;69.9;62.3
43;2021-08-22;6;7;158508;141471;69.9;62.3
43;2021-08-23;500;1586;159008;143057;70.1;63.0
43;2021-08-24;511;1390;159519;144447;70.3;63.7
43;2021-08-25;509;1294;160028;145741;70.5;64.2
44;2020-12-27;1;0;1;0;0.0;0.0
44;2020-12-28;1;0;2;0;0.0;0.0
44;2020-12-29;1;0;3;0;0.0;0.0
44;2020-12-30;1;0;4;0;0.0;0.0
44;2020-12-31;0;0;4;0;0.0;0.0
44;2021-01-01;0;0;4;0;0.0;0.0
44;2021-01-02;0;0;4;0;0.0;0.0
44;2021-01-03;3;0;7;0;0.0;0.0
44;2021-01-04;0;0;7;0;0.0;0.0
44;2021-01-05;1;0;8;0;0.0;0.0
44;2021-01-06;20;1;28;1;0.0;0.0
44;2021-01-07;187;0;215;1;0.0;0.0
44;2021-01-08;528;0;743;1;0.1;0.0
44;2021-01-09;473;0;1216;1;0.1;0.0
44;2021-01-10;455;1;1671;2;0.1;0.0
44;2021-01-11;802;1;2473;3;0.2;0.0
44;2021-01-12;906;1;3379;4;0.2;0.0
44;2021-01-13;1087;1;4466;5;0.3;0.0
44;2021-01-14;1115;7;5581;12;0.4;0.0
44;2021-01-15;987;1;6568;13;0.5;0.0
44;2021-01-16;335;2;6903;15;0.5;0.0
44;2021-01-17;328;1;7231;16;0.5;0.0
44;2021-01-18;856;3;8087;19;0.6;0.0
44;2021-01-19;2620;4;10707;23;0.7;0.0
44;2021-01-20;2740;4;13447;27;0.9;0.0
44;2021-01-21;4533;8;17980;35;1.3;0.0
44;2021-01-22;2416;6;20396;41;1.4;0.0
44;2021-01-23;766;1;21162;42;1.5;0.0
44;2021-01-24;119;0;21281;42;1.5;0.0
44;2021-01-25;832;0;22113;42;1.5;0.0
44;2021-01-26;2563;19;24676;61;1.7;0.0
44;2021-01-27;2096;63;26772;124;1.9;0.0
44;2021-01-28;3733;193;30505;317;2.1;0.0
44;2021-01-29;2370;493;32875;810;2.3;0.1
44;2021-01-30;628;214;33503;1024;2.3;0.1
44;2021-01-31;14;211;33517;1235;2.3;0.1
44;2021-02-01;592;544;34109;1779;2.4;0.1
44;2021-02-02;878;759;34987;2538;2.4;0.2
44;2021-02-03;890;894;35877;3432;2.5;0.2
44;2021-02-04;937;724;36814;4156;2.6;0.3
44;2021-02-05;895;625;37709;4781;2.6;0.3
44;2021-02-06;467;268;38176;5049;2.7;0.4
44;2021-02-07;72;207;38248;5256;2.7;0.4
44;2021-02-08;521;459;38769;5715;2.7;0.4
44;2021-02-09;992;1255;39761;6970;2.8;0.5
44;2021-02-10;1142;1313;40903;8283;2.8;0.6
44;2021-02-11;2289;3052;43192;11335;3.0;0.8
44;2021-02-12;1663;1756;44855;13091;3.1;0.9
44;2021-02-13;433;512;45288;13603;3.2;0.9
44;2021-02-14;10;180;45298;13783;3.2;1.0
44;2021-02-15;505;1101;45803;14884;3.2;1.0
44;2021-02-16;1440;2564;47243;17448;3.3;1.2
44;2021-02-17;1104;2173;48347;19621;3.4;1.4
44;2021-02-18;1958;3722;50305;23343;3.5;1.6
44;2021-02-19;1579;2539;51884;25882;3.6;1.8
44;2021-02-20;408;642;52292;26524;3.6;1.8
44;2021-02-21;6;177;52298;26701;3.6;1.9
44;2021-02-22;717;836;53015;27537;3.7;1.9
44;2021-02-23;1246;1127;54261;28664;3.8;2.0
44;2021-02-24;1239;1097;55500;29761;3.9;2.1
44;2021-02-25;2442;1084;57942;30845;4.0;2.1
44;2021-02-26;2290;963;60232;31808;4.2;2.2
44;2021-02-27;976;452;61208;32260;4.3;2.2
44;2021-02-28;7;32;61215;32292;4.3;2.2
44;2021-03-01;990;562;62205;32854;4.3;2.3
44;2021-03-02;1804;1052;64009;33906;4.5;2.4
44;2021-03-03;1859;1136;65868;35042;4.6;2.4
44;2021-03-04;2881;1582;68749;36624;4.8;2.5
44;2021-03-05;3479;1333;72228;37957;5.0;2.6
44;2021-03-06;2508;496;74736;38453;5.2;2.7
44;2021-03-07;988;89;75724;38542;5.3;2.7
44;2021-03-08;1785;612;77509;39154;5.4;2.7
44;2021-03-09;3352;1151;80861;40305;5.6;2.8
44;2021-03-10;3080;1117;83941;41422;5.8;2.9
44;2021-03-11;4439;1794;88380;43216;6.1;3.0
44;2021-03-12;5893;1311;94273;44527;6.6;3.1
44;2021-03-13;3632;301;97905;44828;6.8;3.1
44;2021-03-14;431;63;98336;44891;6.8;3.1
44;2021-03-15;2688;373;101024;45264;7.0;3.1
44;2021-03-16;2149;630;103173;45894;7.2;3.2
44;2021-03-17;1966;678;105139;46572;7.3;3.2
44;2021-03-18;2169;643;107308;47215;7.5;3.3
44;2021-03-19;3786;366;111094;47581;7.7;3.3
44;2021-03-20;3212;294;114306;47875;8.0;3.3
44;2021-03-21;914;19;115220;47894;8.0;3.3
44;2021-03-22;2462;444;117682;48338;8.2;3.4
44;2021-03-23;3960;703;121642;49041;8.5;3.4
44;2021-03-24;4302;633;125944;49674;8.8;3.5
44;2021-03-25;5625;929;131569;50603;9.2;3.5
44;2021-03-26;6506;763;138075;51366;9.6;3.6
44;2021-03-27;3215;427;141290;51793;9.8;3.6
44;2021-03-28;1244;40;142534;51833;9.9;3.6
44;2021-03-29;3121;791;145655;52624;10.1;3.7
44;2021-03-30;5137;1117;150792;53741;10.5;3.7
44;2021-03-31;4613;1310;155405;55051;10.8;3.8
44;2021-04-01;6137;1008;161542;56059;11.2;3.9
44;2021-04-02;5795;956;167337;57015;11.6;4.0
44;2021-04-03;2435;652;169772;57667;11.8;4.0
44;2021-04-04;665;21;170437;57688;11.9;4.0
44;2021-04-05;692;286;171129;57974;11.9;4.0
44;2021-04-06;4209;1377;175338;59351;12.2;4.1
44;2021-04-07;5077;1654;180415;61005;12.6;4.2
44;2021-04-08;7179;1664;187594;62669;13.1;4.4
44;2021-04-09;10065;1816;197659;64485;13.8;4.5
44;2021-04-10;4563;1455;202222;65940;14.1;4.6
44;2021-04-11;2149;428;204371;66368;14.2;4.6
44;2021-04-12;5465;1590;209836;67958;14.6;4.7
44;2021-04-13;6729;2258;216565;70216;15.1;4.9
44;2021-04-14;5911;2232;222476;72448;15.5;5.0
44;2021-04-15;6702;2214;229178;74662;15.9;5.2
44;2021-04-16;7784;2044;236962;76706;16.5;5.3
44;2021-04-17;4301;1382;241263;78088;16.8;5.4
44;2021-04-18;2254;817;243517;78905;16.9;5.5
44;2021-04-19;5044;1909;248561;80814;17.3;5.6
44;2021-04-20;6281;2649;254842;83463;17.7;5.8
44;2021-04-21;6006;2786;260848;86249;18.2;6.0
44;2021-04-22;6960;2514;267808;88763;18.6;6.2
44;2021-04-23;7334;3178;275142;91941;19.1;6.4
44;2021-04-24;3971;2051;279113;93992;19.4;6.5
44;2021-04-25;2076;1058;281189;95050;19.6;6.6
44;2021-04-26;5652;2763;286841;97813;20.0;6.8
44;2021-04-27;7419;4110;294260;101923;20.5;7.1
44;2021-04-28;7608;3787;301868;105710;21.0;7.4
44;2021-04-29;8965;4280;310833;109990;21.6;7.7
44;2021-04-30;9568;4701;320401;114691;22.3;8.0
44;2021-05-01;2849;926;323250;115617;22.5;8.0
44;2021-05-02;1901;618;325151;116235;22.6;8.1
44;2021-05-03;5549;4076;330700;120311;23.0;8.4
44;2021-05-04;6331;5139;337031;125450;23.5;8.7
44;2021-05-05;6072;4627;343103;130077;23.9;9.1
44;2021-05-06;7256;4885;350359;134962;24.4;9.4
44;2021-05-07;7452;5720;357811;140682;24.9;9.8
44;2021-05-08;2583;1266;360394;141948;25.1;9.9
44;2021-05-09;1801;1815;362195;143763;25.2;10.0
44;2021-05-10;6574;5774;368769;149537;25.7;10.4
44;2021-05-11;7788;6269;376557;155806;26.2;10.8
44;2021-05-12;8193;5724;384750;161530;26.8;11.2
44;2021-05-13;5302;1190;390052;162720;27.1;11.3
44;2021-05-14;7586;3977;397638;166697;27.7;11.6
44;2021-05-15;5008;2234;402646;168931;28.0;11.8
44;2021-05-16;2795;742;405441;169673;28.2;11.8
44;2021-05-17;6744;5153;412185;174826;28.7;12.2
44;2021-05-18;7967;5238;420152;180064;29.2;12.5
44;2021-05-19;8168;4290;428320;184354;29.8;12.8
44;2021-05-20;8366;4652;436686;189006;30.4;13.2
44;2021-05-21;8835;5218;445521;194224;31.0;13.5
44;2021-05-22;5099;2234;450620;196458;31.4;13.7
44;2021-05-23;1759;824;452379;197282;31.5;13.7
44;2021-05-24;4887;1620;457266;198902;31.8;13.8
44;2021-05-25;7741;5548;465007;204450;32.4;14.2
44;2021-05-26;8183;5045;473190;209495;32.9;14.6
44;2021-05-27;9659;5357;482849;214852;33.6;15.0
44;2021-05-28;9187;6918;492036;221770;34.2;15.4
44;2021-05-29;5886;3335;497922;225105;34.6;15.7
44;2021-05-30;1775;705;499697;225810;34.8;15.7
44;2021-05-31;8061;6189;507758;231999;35.3;16.1
44;2021-06-01;9906;6560;517664;238559;36.0;16.6
44;2021-06-02;9527;5694;527191;244253;36.7;17.0
44;2021-06-03;10862;5886;538053;250139;37.4;17.4
44;2021-06-04;9962;8077;548015;258216;38.1;18.0
44;2021-06-05;5781;4344;553796;262560;38.5;18.3
44;2021-06-06;2363;1130;556159;263690;38.7;18.3
44;2021-06-07;9554;6939;565713;270629;39.4;18.8
44;2021-06-08;10913;7503;576626;278132;40.1;19.4
44;2021-06-09;10556;6329;587182;284461;40.9;19.8
44;2021-06-10;11428;6041;598610;290502;41.7;20.2
44;2021-06-11;11957;8646;610567;299148;42.5;20.8
44;2021-06-12;7767;4093;618334;303241;43.0;21.1
44;2021-06-13;2793;1008;621127;304249;43.2;21.2
44;2021-06-14;8766;8409;629893;312658;43.8;21.8
44;2021-06-15;11708;8254;641601;320912;44.6;22.3
44;2021-06-16;10979;7655;652580;328567;45.4;22.9
44;2021-06-17;11734;8683;664314;337250;46.2;23.5
44;2021-06-18;10897;10109;675211;347359;47.0;24.2
44;2021-06-19;5883;4325;681094;351684;47.4;24.5
44;2021-06-20;2533;1337;683627;353021;47.6;24.6
44;2021-06-21;7353;10014;690980;363035;48.1;25.3
44;2021-06-22;8467;10628;699447;373663;48.7;26.0
44;2021-06-23;8556;9133;708003;382796;49.3;26.6
44;2021-06-24;9125;8568;717128;391364;49.9;27.2
44;2021-06-25;7647;10816;724775;402180;50.4;28.0
44;2021-06-26;2961;6471;727736;408651;50.6;28.4
44;2021-06-27;816;2405;728552;411056;50.7;28.6
44;2021-06-28;5229;10055;733781;421111;51.1;29.3
44;2021-06-29;6184;12088;739965;433199;51.5;30.1
44;2021-06-30;6180;10452;746145;443651;51.9;30.9
44;2021-07-01;6930;10489;753075;454140;52.4;31.6
44;2021-07-02;6691;12555;759766;466695;52.9;32.5
44;2021-07-03;2583;7003;762349;473698;53.0;33.0
44;2021-07-04;994;2236;763343;475934;53.1;33.1
44;2021-07-05;5313;11870;768656;487804;53.5;33.9
44;2021-07-06;6058;12600;774714;500404;53.9;34.8
44;2021-07-07;6491;11098;781205;511502;54.4;35.6
44;2021-07-08;7384;11961;788589;523463;54.9;36.4
44;2021-07-09;6249;14255;794838;537718;55.3;37.4
44;2021-07-10;2438;7008;797276;544726;55.5;37.9
44;2021-07-11;730;2262;798006;546988;55.5;38.1
44;2021-07-12;4367;14056;802373;561044;55.8;39.0
44;2021-07-13;5737;14854;808110;575898;56.2;40.1
44;2021-07-14;3644;5809;811754;581707;56.5;40.5
44;2021-07-15;7203;14287;818957;595994;57.0;41.5
44;2021-07-16;8140;14991;827097;610985;57.6;42.5
44;2021-07-17;3372;7576;830469;618561;57.8;43.0
44;2021-07-18;1435;2548;831904;621109;57.9;43.2
44;2021-07-19;4697;14690;836601;635799;58.2;44.2
44;2021-07-20;6000;15677;842601;651476;58.6;45.3
44;2021-07-21;5827;13984;848428;665460;59.0;46.3
44;2021-07-22;6712;13752;855140;679212;59.5;47.3
44;2021-07-23;6154;15644;861294;694856;59.9;48.4
44;2021-07-24;2843;8724;864137;703580;60.1;49.0
44;2021-07-25;943;3089;865080;706669;60.2;49.2
44;2021-07-26;6061;12698;871141;719367;60.6;50.1
44;2021-07-27;9673;12189;880814;731556;61.3;50.9
44;2021-07-28;9225;10847;890039;742403;61.9;51.7
44;2021-07-29;10249;10846;900288;753249;62.6;52.4
44;2021-07-30;9137;10928;909425;764177;63.3;53.2
44;2021-07-31;4754;5648;914179;769825;63.6;53.6
44;2021-08-01;2552;1411;916731;771236;63.8;53.7
44;2021-08-02;6303;9478;923034;780714;64.2;54.3
44;2021-08-03;8357;8545;931391;789259;64.8;54.9
44;2021-08-04;9036;6979;940427;796238;65.4;55.4
44;2021-08-05;11454;7519;951881;803757;66.2;55.9
44;2021-08-06;9607;8204;961488;811961;66.9;56.5
44;2021-08-07;4537;3696;966025;815657;67.2;56.8
44;2021-08-08;2522;1726;968547;817383;67.4;56.9
44;2021-08-09;8831;7977;977378;825360;68.0;57.4
44;2021-08-10;10189;7606;987567;832966;68.7;58.0
44;2021-08-11;10327;6778;997894;839744;69.4;58.4
44;2021-08-12;10292;7340;1008186;847084;70.2;58.9
44;2021-08-13;8292;6145;1016478;853229;70.7;59.4
44;2021-08-14;3189;3224;1019667;856453;71.0;59.6
44;2021-08-15;708;928;1020375;857381;71.0;59.7
44;2021-08-16;5820;8286;1026195;865667;71.4;60.2
44;2021-08-17;5563;8179;1031758;873846;71.8;60.8
44;2021-08-18;4795;7608;1036553;881454;72.1;61.3
44;2021-08-19;4924;8341;1041477;889795;72.5;61.9
44;2021-08-20;4475;8909;1045952;898704;72.8;62.5
44;2021-08-21;1939;4612;1047891;903316;72.9;62.9
44;2021-08-22;697;2440;1048588;905756;73.0;63.0
44;2021-08-23;3636;9424;1052224;915180;73.2;63.7
44;2021-08-24;3604;8693;1055828;923873;73.5;64.3
44;2021-08-25;3105;8571;1058933;932444;73.7;64.9
45;2020-12-27;0;0;0;0;0.0;0.0
45;2020-12-28;1;0;1;0;0.0;0.0
45;2020-12-29;0;0;1;0;0.0;0.0
45;2020-12-30;0;0;1;0;0.0;0.0
45;2020-12-31;1;0;2;0;0.0;0.0
45;2021-01-01;0;0;2;0;0.0;0.0
45;2021-01-02;0;0;2;0;0.0;0.0
45;2021-01-03;0;0;2;0;0.0;0.0
45;2021-01-04;0;0;2;0;0.0;0.0
45;2021-01-05;76;0;78;0;0.0;0.0
45;2021-01-06;68;0;146;0;0.0;0.0
45;2021-01-07;189;0;335;0;0.0;0.0
45;2021-01-08;199;1;534;1;0.1;0.0
45;2021-01-09;42;0;576;1;0.1;0.0
45;2021-01-10;23;0;599;1;0.1;0.0
45;2021-01-11;254;0;853;1;0.1;0.0
45;2021-01-12;680;3;1533;4;0.2;0.0
45;2021-01-13;496;2;2029;6;0.3;0.0
45;2021-01-14;485;38;2514;44;0.4;0.0
45;2021-01-15;391;3;2905;47;0.4;0.0
45;2021-01-16;39;0;2944;47;0.4;0.0
45;2021-01-17;24;0;2968;47;0.4;0.0
45;2021-01-18;814;1;3782;48;0.6;0.0
45;2021-01-19;1196;6;4978;54;0.7;0.0
45;2021-01-20;2118;12;7096;66;1.0;0.0
45;2021-01-21;2523;6;9619;72;1.4;0.0
45;2021-01-22;1409;4;11028;76;1.6;0.0
45;2021-01-23;124;0;11152;76;1.6;0.0
45;2021-01-24;39;0;11191;76;1.6;0.0
45;2021-01-25;557;3;11748;79;1.7;0.0
45;2021-01-26;870;18;12618;97;1.8;0.0
45;2021-01-27;650;45;13268;142;1.9;0.0
45;2021-01-28;882;215;14150;357;2.1;0.1
45;2021-01-29;578;127;14728;484;2.2;0.1
45;2021-01-30;40;41;14768;525;2.2;0.1
45;2021-01-31;37;23;14805;548;2.2;0.1
45;2021-02-01;462;208;15267;756;2.2;0.1
45;2021-02-02;759;468;16026;1224;2.3;0.2
45;2021-02-03;773;479;16799;1703;2.5;0.2
45;2021-02-04;701;268;17500;1971;2.6;0.3
45;2021-02-05;417;151;17917;2122;2.6;0.3
45;2021-02-06;36;28;17953;2150;2.6;0.3
45;2021-02-07;7;31;17960;2181;2.6;0.3
45;2021-02-08;455;194;18415;2375;2.7;0.3
45;2021-02-09;1006;411;19421;2786;2.8;0.4
45;2021-02-10;1280;805;20701;3591;3.0;0.5
45;2021-02-11;1385;1525;22086;5116;3.2;0.7
45;2021-02-12;1052;1142;23138;6258;3.4;0.9
45;2021-02-13;85;158;23223;6416;3.4;0.9
45;2021-02-14;39;11;23262;6427;3.4;0.9
45;2021-02-15;523;610;23785;7037;3.5;1.0
45;2021-02-16;756;937;24541;7974;3.6;1.2
45;2021-02-17;642;1047;25183;9021;3.7;1.3
45;2021-02-18;841;853;26024;9874;3.8;1.4
45;2021-02-19;828;765;26852;10639;3.9;1.6
45;2021-02-20;59;94;26911;10733;3.9;1.6
45;2021-02-21;17;46;26928;10779;3.9;1.6
45;2021-02-22;407;631;27335;11410;4.0;1.7
45;2021-02-23;815;790;28150;12200;4.1;1.8
45;2021-02-24;650;916;28800;13116;4.2;1.9
45;2021-02-25;962;778;29762;13894;4.4;2.0
45;2021-02-26;1044;687;30806;14581;4.5;2.1
45;2021-02-27;290;52;31096;14633;4.6;2.1
45;2021-02-28;28;5;31124;14638;4.6;2.1
45;2021-03-01;534;336;31658;14974;4.6;2.2
45;2021-03-02;671;724;32329;15698;4.7;2.3
45;2021-03-03;982;897;33311;16595;4.9;2.4
45;2021-03-04;1108;989;34419;17584;5.0;2.6
45;2021-03-05;1444;866;35863;18450;5.3;2.7
45;2021-03-06;2020;132;37883;18582;5.5;2.7
45;2021-03-07;143;59;38026;18641;5.6;2.7
45;2021-03-08;752;848;38778;19489;5.7;2.9
45;2021-03-09;1256;722;40034;20211;5.9;3.0
45;2021-03-10;1592;905;41626;21116;6.1;3.1
45;2021-03-11;1720;753;43346;21869;6.3;3.2
45;2021-03-12;2074;611;45420;22480;6.7;3.3
45;2021-03-13;988;47;46408;22527;6.8;3.3
45;2021-03-14;24;43;46432;22570;6.8;3.3
45;2021-03-15;810;596;47242;23166;6.9;3.4
45;2021-03-16;942;837;48184;24003;7.1;3.5
45;2021-03-17;1051;688;49235;24691;7.2;3.6
45;2021-03-18;998;583;50233;25274;7.4;3.7
45;2021-03-19;1619;430;51852;25704;7.6;3.8
45;2021-03-20;498;82;52350;25786;7.7;3.8
45;2021-03-21;20;35;52370;25821;7.7;3.8
45;2021-03-22;914;530;53284;26351;7.8;3.9
45;2021-03-23;1984;723;55268;27074;8.1;4.0
45;2021-03-24;1898;552;57166;27626;8.4;4.0
45;2021-03-25;2983;453;60149;28079;8.8;4.1
45;2021-03-26;3389;483;63538;28562;9.3;4.2
45;2021-03-27;1796;123;65334;28685;9.6;4.2
45;2021-03-28;89;40;65423;28725;9.6;4.2
45;2021-03-29;1529;538;66952;29263;9.8;4.3
45;2021-03-30;2784;785;69736;30048;10.2;4.4
45;2021-03-31;2134;578;71870;30626;10.5;4.5
45;2021-04-01;2973;567;74843;31193;11.0;4.6
45;2021-04-02;2826;514;77669;31707;11.4;4.6
45;2021-04-03;810;73;78479;31780;11.5;4.7
45;2021-04-04;113;33;78592;31813;11.5;4.7
45;2021-04-05;14;2;78606;31815;11.5;4.7
45;2021-04-06;1736;794;80342;32609;11.8;4.8
45;2021-04-07;1775;1114;82117;33723;12.0;4.9
45;2021-04-08;2773;1020;84890;34743;12.4;5.1
45;2021-04-09;3675;646;88565;35389;13.0;5.2
45;2021-04-10;2322;110;90887;35499;13.3;5.2
45;2021-04-11;153;24;91040;35523;13.3;5.2
45;2021-04-12;2607;667;93647;36190;13.7;5.3
45;2021-04-13;3847;1088;97494;37278;14.3;5.5
45;2021-04-14;2930;1223;100424;38501;14.7;5.6
45;2021-04-15;3520;1038;103944;39539;15.2;5.8
45;2021-04-16;3775;687;107719;40226;15.8;5.9
45;2021-04-17;1613;113;109332;40339;16.0;5.9
45;2021-04-18;200;42;109532;40381;16.0;5.9
45;2021-04-19;1937;947;111469;41328;16.3;6.1
45;2021-04-20;3076;1699;114545;43027;16.8;6.3
45;2021-04-21;2721;1304;117266;44331;17.2;6.5
45;2021-04-22;3423;1841;120689;46172;17.7;6.8
45;2021-04-23;3279;1785;123968;47957;18.2;7.0
45;2021-04-24;2023;868;125991;48825;18.4;7.1
45;2021-04-25;291;86;126282;48911;18.5;7.2
45;2021-04-26;2230;1166;128512;50077;18.8;7.3
45;2021-04-27;3352;2353;131864;52430;19.3;7.7
45;2021-04-28;2802;1949;134666;54379;19.7;8.0
45;2021-04-29;3838;2339;138504;56718;20.3;8.3
45;2021-04-30;4391;1810;142895;58528;20.9;8.6
45;2021-05-01;451;61;143346;58589;21.0;8.6
45;2021-05-02;627;122;143973;58711;21.1;8.6
45;2021-05-03;2821;992;146794;59703;21.5;8.7
45;2021-05-04;3160;2349;149954;62052;22.0;9.1
45;2021-05-05;2715;2164;152669;64216;22.4;9.4
45;2021-05-06;3331;2542;156000;66758;22.8;9.8
45;2021-05-07;2873;3199;158873;69957;23.3;10.2
45;2021-05-08;611;249;159484;70206;23.4;10.3
45;2021-05-09;1498;127;160982;70333;23.6;10.3
45;2021-05-10;4142;2975;165124;73308;24.2;10.7
45;2021-05-11;5030;2970;170154;76278;24.9;11.2
45;2021-05-12;6078;2779;176232;79057;25.8;11.6
45;2021-05-13;2450;597;178682;79654;26.2;11.7
45;2021-05-14;4968;1633;183650;81287;26.9;11.9
45;2021-05-15;4066;614;187716;81901;27.5;12.0
45;2021-05-16;289;33;188005;81934;27.5;12.0
45;2021-05-17;3360;1540;191365;83474;28.0;12.2
45;2021-05-18;5118;1681;196483;85155;28.8;12.5
45;2021-05-19;4494;2062;200977;87217;29.4;12.8
45;2021-05-20;5265;2139;206242;89356;30.2;13.1
45;2021-05-21;5145;2228;211387;91584;31.0;13.4
45;2021-05-22;3042;632;214429;92216;31.4;13.5
45;2021-05-23;15;94;214444;92310;31.4;13.5
45;2021-05-24;2827;210;217271;92520;31.8;13.5
45;2021-05-25;4962;3033;222233;95553;32.5;14.0
45;2021-05-26;5115;2336;227348;97889;33.3;14.3
45;2021-05-27;5310;3238;232658;101127;34.1;14.8
45;2021-05-28;5662;3593;238320;104720;34.9;15.3
45;2021-05-29;3671;1290;241991;106010;35.4;15.5
45;2021-05-30;33;182;242024;106192;35.4;15.6
45;2021-05-31;4328;2520;246352;108712;36.1;15.9
45;2021-06-01;6092;3005;252444;111717;37.0;16.4
45;2021-06-02;4945;3107;257389;114824;37.7;16.8
45;2021-06-03;5620;3209;263009;118033;38.5;17.3
45;2021-06-04;5897;3188;268906;121221;39.4;17.8
45;2021-06-05;2033;1337;270939;122558;39.7;17.9
45;2021-06-06;88;198;271027;122756;39.7;18.0
45;2021-06-07;4081;2724;275108;125480;40.3;18.4
45;2021-06-08;4644;4078;279752;129558;41.0;19.0
45;2021-06-09;4359;3343;284111;132901;41.6;19.5
45;2021-06-10;4648;2685;288759;135586;42.3;19.9
45;2021-06-11;4118;3667;292877;139253;42.9;20.4
45;2021-06-12;2440;1508;295317;140761;43.2;20.6
45;2021-06-13;21;424;295338;141185;43.2;20.7
45;2021-06-14;3140;4154;298478;145339;43.7;21.3
45;2021-06-15;3388;4328;301866;149667;44.2;21.9
45;2021-06-16;3902;3455;305768;153122;44.8;22.4
45;2021-06-17;3525;3539;309293;156661;45.3;22.9
45;2021-06-18;3799;5032;313092;161693;45.8;23.7
45;2021-06-19;2395;1761;315487;163454;46.2;23.9
45;2021-06-20;48;142;315535;163596;46.2;24.0
45;2021-06-21;2162;5850;317697;169446;46.5;24.8
45;2021-06-22;2420;6530;320117;175976;46.9;25.8
45;2021-06-23;2284;5603;322401;181579;47.2;26.6
45;2021-06-24;2136;3532;324537;185111;47.5;27.1
45;2021-06-25;2444;6447;326981;191558;47.9;28.1
45;2021-06-26;1947;3094;328928;194652;48.2;28.5
45;2021-06-27;53;138;328981;194790;48.2;28.5
45;2021-06-28;2079;4832;331060;199622;48.5;29.2
45;2021-06-29;2837;6815;333897;206437;48.9;30.2
45;2021-06-30;2887;5852;336784;212289;49.3;31.1
45;2021-07-01;2398;5036;339182;217325;49.7;31.8
45;2021-07-02;2367;6282;341549;223607;50.0;32.7
45;2021-07-03;755;2540;342304;226147;50.1;33.1
45;2021-07-04;6;12;342310;226159;50.1;33.1
45;2021-07-05;2140;4989;344450;231148;50.4;33.8
45;2021-07-06;2805;6781;347255;237929;50.9;34.8
45;2021-07-07;2448;6059;349703;243988;51.2;35.7
45;2021-07-08;2824;5383;352527;249371;51.6;36.5
45;2021-07-09;2146;6986;354673;256357;51.9;37.5
45;2021-07-10;1545;3861;356218;260218;52.2;38.1
45;2021-07-11;24;31;356242;260249;52.2;38.1
45;2021-07-12;1590;5997;357832;266246;52.4;39.0
45;2021-07-13;3000;8234;360832;274480;52.8;40.2
45;2021-07-14;1474;1518;362306;275998;53.1;40.4
45;2021-07-15;3732;7290;366038;283288;53.6;41.5
45;2021-07-16;3257;7444;369295;290732;54.1;42.6
45;2021-07-17;1285;2332;370580;293064;54.3;42.9
45;2021-07-18;15;19;370595;293083;54.3;42.9
45;2021-07-19;1866;5941;372461;299024;54.5;43.8
45;2021-07-20;4742;6907;377203;305931;55.2;44.8
45;2021-07-21;5172;5476;382375;311407;56.0;45.6
45;2021-07-22;6178;4907;388553;316314;56.9;46.3
45;2021-07-23;4253;5480;392806;321794;57.5;47.1
45;2021-07-24;1857;2821;394663;324615;57.8;47.5
45;2021-07-25;5;14;394668;324629;57.8;47.5
45;2021-07-26;2909;4981;397577;329610;58.2;48.3
45;2021-07-27;5453;5078;403030;334688;59.0;49.0
45;2021-07-28;4985;4171;408015;338859;59.7;49.6
45;2021-07-29;5270;3256;413285;342115;60.5;50.1
45;2021-07-30;4744;4707;418029;346822;61.2;50.8
45;2021-07-31;848;1950;418877;348772;61.3;51.1
45;2021-08-01;1;4;418878;348776;61.3;51.1
45;2021-08-02;3606;3241;422484;352017;61.9;51.5
45;2021-08-03;4864;3013;427348;355030;62.6;52.0
45;2021-08-04;3722;2230;431070;357260;63.1;52.3
45;2021-08-05;3291;2636;434361;359896;63.6;52.7
45;2021-08-06;3739;3265;438100;363161;64.2;53.2
45;2021-08-07;1677;1046;439777;364207;64.4;53.3
45;2021-08-08;6;18;439783;364225;64.4;53.3
45;2021-08-09;2589;3015;442372;367240;64.8;53.8
45;2021-08-10;3495;3802;445867;371042;65.3;54.3
45;2021-08-11;2692;3716;448559;374758;65.7;54.9
45;2021-08-12;2089;3445;450648;378203;66.0;55.4
45;2021-08-13;1734;4219;452382;382422;66.2;56.0
45;2021-08-14;677;954;453059;383376;66.3;56.1
45;2021-08-15;58;30;453117;383406;66.4;56.1
45;2021-08-16;1145;2314;454262;385720;66.5;56.5
45;2021-08-17;1852;3444;456114;389164;66.8;57.0
45;2021-08-18;1773;4040;457887;393204;67.1;57.6
45;2021-08-19;1432;4266;459319;397470;67.3;58.2
45;2021-08-20;1392;3679;460711;401149;67.5;58.7
45;2021-08-21;900;1149;461611;402298;67.6;58.9
45;2021-08-22;4;8;461615;402306;67.6;58.9
45;2021-08-23;1323;4232;462938;406538;67.8;59.5
45;2021-08-24;1731;4505;464669;411043;68.0;60.2
45;2021-08-25;1567;3711;466236;414754;68.3;60.7
46;2020-12-27;4;0;4;0;0.0;0.0
46;2020-12-28;0;0;4;0;0.0;0.0
46;2020-12-29;0;0;4;0;0.0;0.0
46;2020-12-30;0;0;4;0;0.0;0.0
46;2020-12-31;0;0;4;0;0.0;0.0
46;2021-01-01;0;0;4;0;0.0;0.0
46;2021-01-02;0;0;4;0;0.0;0.0
46;2021-01-03;1;0;5;0;0.0;0.0
46;2021-01-04;0;0;5;0;0.0;0.0
46;2021-01-05;0;0;5;0;0.0;0.0
46;2021-01-06;3;0;8;0;0.0;0.0
46;2021-01-07;135;0;143;0;0.1;0.0
46;2021-01-08;181;0;324;0;0.2;0.0
46;2021-01-09;1;0;325;0;0.2;0.0
46;2021-01-10;2;0;327;0;0.2;0.0
46;2021-01-11;118;0;445;0;0.3;0.0
46;2021-01-12;140;0;585;0;0.3;0.0
46;2021-01-13;234;0;819;0;0.5;0.0
46;2021-01-14;239;2;1058;2;0.6;0.0
46;2021-01-15;305;2;1363;4;0.8;0.0
46;2021-01-16;18;0;1381;4;0.8;0.0
46;2021-01-17;0;0;1381;4;0.8;0.0
46;2021-01-18;274;2;1655;6;1.0;0.0
46;2021-01-19;389;0;2044;6;1.2;0.0
46;2021-01-20;937;2;2981;8;1.7;0.0
46;2021-01-21;996;0;3977;8;2.3;0.0
46;2021-01-22;391;2;4368;10;2.5;0.0
46;2021-01-23;0;0;4368;10;2.5;0.0
46;2021-01-24;0;0;4368;10;2.5;0.0
46;2021-01-25;203;1;4571;11;2.6;0.0
46;2021-01-26;262;1;4833;12;2.8;0.0
46;2021-01-27;276;0;5109;12;3.0;0.0
46;2021-01-28;278;43;5387;55;3.1;0.0
46;2021-01-29;233;93;5620;148;3.2;0.1
46;2021-01-30;1;0;5621;148;3.2;0.1
46;2021-01-31;1;0;5622;148;3.2;0.1
46;2021-02-01;234;174;5856;322;3.4;0.2
46;2021-02-02;209;238;6065;560;3.5;0.3
46;2021-02-03;224;97;6289;657;3.6;0.4
46;2021-02-04;372;86;6661;743;3.8;0.4
46;2021-02-05;226;177;6887;920;4.0;0.5
46;2021-02-06;9;0;6896;920;4.0;0.5
46;2021-02-07;43;0;6939;920;4.0;0.5
46;2021-02-08;197;156;7136;1076;4.1;0.6
46;2021-02-09;271;228;7407;1304;4.3;0.8
46;2021-02-10;279;545;7686;1849;4.4;1.1
46;2021-02-11;655;559;8341;2408;4.8;1.4
46;2021-02-12;321;341;8662;2749;5.0;1.6
46;2021-02-13;2;0;8664;2749;5.0;1.6
46;2021-02-14;0;62;8664;2811;5.0;1.6
46;2021-02-15;195;293;8859;3104;5.1;1.8
46;2021-02-16;217;282;9076;3386;5.2;2.0
46;2021-02-17;200;328;9276;3714;5.4;2.1
46;2021-02-18;336;267;9612;3981;5.6;2.3
46;2021-02-19;277;234;9889;4215;5.7;2.4
46;2021-02-20;0;0;9889;4215;5.7;2.4
46;2021-02-21;1;0;9890;4215;5.7;2.4
46;2021-02-22;132;193;10022;4408;5.8;2.5
46;2021-02-23;225;168;10247;4576;5.9;2.6
46;2021-02-24;179;324;10426;4900;6.0;2.8
46;2021-02-25;247;342;10673;5242;6.2;3.0
46;2021-02-26;401;346;11074;5588;6.4;3.2
46;2021-02-27;120;1;11194;5589;6.5;3.2
46;2021-02-28;0;3;11194;5592;6.5;3.2
46;2021-03-01;169;180;11363;5772;6.6;3.3
46;2021-03-02;406;232;11769;6004;6.8;3.5
46;2021-03-03;458;331;12227;6335;7.1;3.7
46;2021-03-04;607;455;12834;6790;7.4;3.9
46;2021-03-05;809;365;13643;7155;7.9;4.1
46;2021-03-06;476;17;14119;7172;8.2;4.1
46;2021-03-07;101;19;14220;7191;8.2;4.2
46;2021-03-08;349;249;14569;7440;8.4;4.3
46;2021-03-09;745;271;15314;7711;8.8;4.5
46;2021-03-10;686;248;16000;7959;9.2;4.6
46;2021-03-11;851;254;16851;8213;9.7;4.7
46;2021-03-12;927;228;17778;8441;10.3;4.9
46;2021-03-13;512;3;18290;8444;10.6;4.9
46;2021-03-14;0;0;18290;8444;10.6;4.9
46;2021-03-15;505;166;18795;8610;10.9;5.0
46;2021-03-16;752;175;19547;8785;11.3;5.1
46;2021-03-17;671;203;20218;8988;11.7;5.2
46;2021-03-18;747;215;20965;9203;12.1;5.3
46;2021-03-19;810;149;21775;9352;12.6;5.4
46;2021-03-20;292;3;22067;9355;12.7;5.4
46;2021-03-21;2;0;22069;9355;12.7;5.4
46;2021-03-22;555;241;22624;9596;13.1;5.5
46;2021-03-23;702;212;23326;9808;13.5;5.7
46;2021-03-24;674;240;24000;10048;13.9;5.8
46;2021-03-25;1133;183;25133;10231;14.5;5.9
46;2021-03-26;1025;341;26158;10572;15.1;6.1
46;2021-03-27;420;72;26578;10644;15.3;6.1
46;2021-03-28;127;1;26705;10645;15.4;6.1
46;2021-03-29;733;254;27438;10899;15.8;6.3
46;2021-03-30;767;365;28205;11264;16.3;6.5
46;2021-03-31;865;421;29070;11685;16.8;6.7
46;2021-04-01;1169;344;30239;12029;17.5;6.9
46;2021-04-02;924;394;31163;12423;18.0;7.2
46;2021-04-03;167;166;31330;12589;18.1;7.3
46;2021-04-04;0;71;31330;12660;18.1;7.3
46;2021-04-05;3;0;31333;12660;18.1;7.3
46;2021-04-06;545;518;31878;13178;18.4;7.6
46;2021-04-07;785;647;32663;13825;18.9;8.0
46;2021-04-08;962;541;33625;14366;19.4;8.3
46;2021-04-09;1018;506;34643;14872;20.0;8.6
46;2021-04-10;502;208;35145;15080;20.3;8.7
46;2021-04-11;232;1;35377;15081;20.4;8.7
46;2021-04-12;845;546;36222;15627;20.9;9.0
46;2021-04-13;1187;718;37409;16345;21.6;9.4
46;2021-04-14;1535;614;38944;16959;22.5;9.8
46;2021-04-15;1499;664;40443;17623;23.4;10.2
46;2021-04-16;1585;567;42028;18190;24.3;10.5
46;2021-04-17;993;134;43021;18324;24.8;10.6
46;2021-04-18;516;8;43537;18332;25.1;10.6
46;2021-04-19;1070;573;44607;18905;25.8;10.9
46;2021-04-20;1228;727;45835;19632;26.5;11.3
46;2021-04-21;1230;713;47065;20345;27.2;11.7
46;2021-04-22;1392;728;48457;21073;28.0;12.2
46;2021-04-23;1132;731;49589;21804;28.6;12.6
46;2021-04-24;472;19;50061;21823;28.9;12.6
46;2021-04-25;351;11;50412;21834;29.1;12.6
46;2021-04-26;851;730;51263;22564;29.6;13.0
46;2021-04-27;1221;665;52484;23229;30.3;13.4
46;2021-04-28;1289;668;53773;23897;31.1;13.8
46;2021-04-29;1416;524;55189;24421;31.9;14.1
46;2021-04-30;1438;565;56627;24986;32.7;14.4
46;2021-05-01;697;73;57324;25059;33.1;14.5
46;2021-05-02;346;4;57670;25063;33.3;14.5
46;2021-05-03;852;569;58522;25632;33.8;14.8
46;2021-05-04;1037;1063;59559;26695;34.4;15.4
46;2021-05-05;1374;787;60933;27482;35.2;15.9
46;2021-05-06;1377;741;62310;28223;36.0;16.3
46;2021-05-07;1397;792;63707;29015;36.8;16.8
46;2021-05-08;281;411;63988;29426;37.0;17.0
46;2021-05-09;23;225;64011;29651;37.0;17.1
46;2021-05-10;517;1139;64528;30790;37.3;17.8
46;2021-05-11;1034;1257;65562;32047;37.9;18.5
46;2021-05-12;994;1563;66556;33610;38.4;19.4
46;2021-05-13;600;144;67156;33754;38.8;19.5
46;2021-05-14;959;1097;68115;34851;39.3;20.1
46;2021-05-15;255;654;68370;35505;39.5;20.5
46;2021-05-16;78;297;68448;35802;39.5;20.7
46;2021-05-17;653;959;69101;36761;39.9;21.2
46;2021-05-18;1404;1023;70505;37784;40.7;21.8
46;2021-05-19;1306;904;71811;38688;41.5;22.3
46;2021-05-20;1453;813;73264;39501;42.3;22.8
46;2021-05-21;996;1159;74260;40660;42.9;23.5
46;2021-05-22;147;369;74407;41029;43.0;23.7
46;2021-05-23;450;25;74857;41054;43.2;23.7
46;2021-05-24;411;113;75268;41167;43.5;23.8
46;2021-05-25;961;1332;76229;42499;44.0;24.5
46;2021-05-26;1237;1150;77466;43649;44.7;25.2
46;2021-05-27;1432;1194;78898;44843;45.6;25.9
46;2021-05-28;1430;1211;80328;46054;46.4;26.6
46;2021-05-29;1052;399;81380;46453;47.0;26.8
46;2021-05-30;408;39;81788;46492;47.2;26.8
46;2021-05-31;970;976;82758;47468;47.8;27.4
46;2021-06-01;1277;999;84035;48467;48.5;28.0
46;2021-06-02;1317;1117;85352;49584;49.3;28.6
46;2021-06-03;1418;1011;86770;50595;50.1;29.2
46;2021-06-04;1333;977;88103;51572;50.9;29.8
46;2021-06-05;381;414;88484;51986;51.1;30.0
46;2021-06-06;209;95;88693;52081;51.2;30.1
46;2021-06-07;814;617;89507;52698;51.7;30.4
46;2021-06-08;1020;896;90527;53594;52.3;30.9
46;2021-06-09;1504;974;92031;54568;53.1;31.5
46;2021-06-10;982;852;93013;55420;53.7;32.0
46;2021-06-11;970;1322;93983;56742;54.3;32.8
46;2021-06-12;459;549;94442;57291;54.5;33.1
46;2021-06-13;27;86;94469;57377;54.6;33.1
46;2021-06-14;593;1137;95062;58514;54.9;33.8
46;2021-06-15;751;1248;95813;59762;55.3;34.5
46;2021-06-16;999;1113;96812;60875;55.9;35.2
46;2021-06-17;527;897;97339;61772;56.2;35.7
46;2021-06-18;658;1255;97997;63027;56.6;36.4
46;2021-06-19;457;313;98454;63340;56.9;36.6
46;2021-06-20;39;161;98493;63501;56.9;36.7
46;2021-06-21;428;945;98921;64446;57.1;37.2
46;2021-06-22;350;1178;99271;65624;57.3;37.9
46;2021-06-23;520;1075;99791;66699;57.6;38.5
46;2021-06-24;251;821;100042;67520;57.8;39.0
46;2021-06-25;491;1117;100533;68637;58.1;39.6
46;2021-06-26;397;552;100930;69189;58.3;40.0
46;2021-06-27;3;4;100933;69193;58.3;40.0
46;2021-06-28;315;1338;101248;70531;58.5;40.7
46;2021-06-29;378;1682;101626;72213;58.7;41.7
46;2021-06-30;512;1578;102138;73791;59.0;42.6
46;2021-07-01;308;1153;102446;74944;59.2;43.3
46;2021-07-02;468;1085;102914;76029;59.4;43.9
46;2021-07-03;124;455;103038;76484;59.5;44.2
46;2021-07-04;58;127;103096;76611;59.5;44.2
46;2021-07-05;346;1188;103442;77799;59.7;44.9
46;2021-07-06;369;1458;103811;79257;59.9;45.8
46;2021-07-07;582;1729;104393;80986;60.3;46.8
46;2021-07-08;339;1165;104732;82151;60.5;47.4
46;2021-07-09;396;1707;105128;83858;60.7;48.4
46;2021-07-10;286;1040;105414;84898;60.9;49.0
46;2021-07-11;15;375;105429;85273;60.9;49.2
46;2021-07-12;248;1261;105677;86534;61.0;50.0
46;2021-07-13;626;1673;106303;88207;61.4;50.9
46;2021-07-14;67;144;106370;88351;61.4;51.0
46;2021-07-15;914;1466;107284;89817;62.0;51.9
46;2021-07-16;767;1397;108051;91214;62.4;52.7
46;2021-07-17;363;539;108414;91753;62.6;53.0
46;2021-07-18;2;0;108416;91753;62.6;53.0
46;2021-07-19;672;1187;109088;92940;63.0;53.7
46;2021-07-20;981;1430;110069;94370;63.6;54.5
46;2021-07-21;1004;1380;111073;95750;64.1;55.3
46;2021-07-22;1402;1117;112475;96867;65.0;55.9
46;2021-07-23;766;1322;113241;98189;65.4;56.7
46;2021-07-24;955;664;114196;98853;65.9;57.1
46;2021-07-25;136;17;114332;98870;66.0;57.1
46;2021-07-26;881;879;115213;99749;66.5;57.6
46;2021-07-27;1216;978;116429;100727;67.2;58.2
46;2021-07-28;1280;1112;117709;101839;68.0;58.8
46;2021-07-29;1564;850;119273;102689;68.9;59.3
46;2021-07-30;1915;955;121188;103644;70.0;59.9
46;2021-07-31;946;655;122134;104299;70.5;60.2
46;2021-08-01;11;3;122145;104302;70.5;60.2
46;2021-08-02;972;586;123117;104888;71.1;60.6
46;2021-08-03;1356;678;124473;105566;71.9;61.0
46;2021-08-04;1738;606;126211;106172;72.9;61.3
46;2021-08-05;1376;845;127587;107017;73.7;61.8
46;2021-08-06;1398;846;128985;107863;74.5;62.3
46;2021-08-07;704;542;129689;108405;74.9;62.6
46;2021-08-08;95;66;129784;108471;74.9;62.6
46;2021-08-09;1015;694;130799;109165;75.5;63.0
46;2021-08-10;1190;890;131989;110055;76.2;63.6
46;2021-08-11;1240;1069;133229;111124;76.9;64.2
46;2021-08-12;988;798;134217;111922;77.5;64.6
46;2021-08-13;945;998;135162;112920;78.1;65.2
46;2021-08-14;583;776;135745;113696;78.4;65.7
46;2021-08-15;8;27;135753;113723;78.4;65.7
46;2021-08-16;793;804;136546;114527;78.9;66.1
46;2021-08-17;880;1287;137426;115814;79.4;66.9
46;2021-08-18;770;1049;138196;116863;79.8;67.5
46;2021-08-19;666;1360;138862;118223;80.2;68.3
46;2021-08-20;519;1552;139381;119775;80.5;69.2
46;2021-08-21;374;648;139755;120423;80.7;69.5
46;2021-08-22;2;31;139757;120454;80.7;69.6
46;2021-08-23;419;1205;140176;121659;80.9;70.3
46;2021-08-24;548;1336;140724;122995;81.3;71.0
46;2021-08-25;517;1399;141241;124394;81.6;71.8
47;2020-12-27;0;0;0;0;0.0;0.0
47;2020-12-28;0;0;0;0;0.0;0.0
47;2020-12-29;0;0;0;0;0.0;0.0
47;2020-12-30;0;0;0;0;0.0;0.0
47;2020-12-31;0;0;0;0;0.0;0.0
47;2021-01-01;4;0;4;0;0.0;0.0
47;2021-01-02;0;0;4;0;0.0;0.0
47;2021-01-03;0;0;4;0;0.0;0.0
47;2021-01-04;0;0;4;0;0.0;0.0
47;2021-01-05;0;0;4;0;0.0;0.0
47;2021-01-06;0;0;4;0;0.0;0.0
47;2021-01-07;71;1;75;1;0.0;0.0
47;2021-01-08;314;0;389;1;0.1;0.0
47;2021-01-09;113;0;502;1;0.2;0.0
47;2021-01-10;0;0;502;1;0.2;0.0
47;2021-01-11;249;0;751;1;0.2;0.0
47;2021-01-12;327;0;1078;1;0.3;0.0
47;2021-01-13;349;0;1427;1;0.4;0.0
47;2021-01-14;364;4;1791;5;0.5;0.0
47;2021-01-15;287;1;2078;6;0.6;0.0
47;2021-01-16;176;4;2254;10;0.7;0.0
47;2021-01-17;0;0;2254;10;0.7;0.0
47;2021-01-18;485;1;2739;11;0.8;0.0
47;2021-01-19;469;2;3208;13;1.0;0.0
47;2021-01-20;514;0;3722;13;1.1;0.0
47;2021-01-21;585;0;4307;13;1.3;0.0
47;2021-01-22;470;0;4777;13;1.4;0.0
47;2021-01-23;390;0;5167;13;1.6;0.0
47;2021-01-24;0;0;5167;13;1.6;0.0
47;2021-01-25;426;0;5593;13;1.7;0.0
47;2021-01-26;789;4;6382;17;1.9;0.0
47;2021-01-27;732;0;7114;17;2.2;0.0
47;2021-01-28;575;66;7689;83;2.3;0.0
47;2021-01-29;461;170;8150;253;2.5;0.1
47;2021-01-30;301;39;8451;292;2.6;0.1
47;2021-01-31;0;0;8451;292;2.6;0.1
47;2021-02-01;374;116;8825;408;2.7;0.1
47;2021-02-02;759;317;9584;725;2.9;0.2
47;2021-02-03;425;163;10009;888;3.0;0.3
47;2021-02-04;370;317;10379;1205;3.1;0.4
47;2021-02-05;300;309;10679;1514;3.2;0.5
47;2021-02-06;296;99;10975;1613;3.3;0.5
47;2021-02-07;0;0;10975;1613;3.3;0.5
47;2021-02-08;184;285;11159;1898;3.4;0.6
47;2021-02-09;231;259;11390;2157;3.4;0.7
47;2021-02-10;254;247;11644;2404;3.5;0.7
47;2021-02-11;356;378;12000;2782;3.6;0.8
47;2021-02-12;243;413;12243;3195;3.7;1.0
47;2021-02-13;226;111;12469;3306;3.8;1.0
47;2021-02-14;0;0;12469;3306;3.8;1.0
47;2021-02-15;194;384;12663;3690;3.8;1.1
47;2021-02-16;303;588;12966;4278;3.9;1.3
47;2021-02-17;326;456;13292;4734;4.0;1.4
47;2021-02-18;200;599;13492;5333;4.1;1.6
47;2021-02-19;194;365;13686;5698;4.1;1.7
47;2021-02-20;117;269;13803;5967;4.2;1.8
47;2021-02-21;0;0;13803;5967;4.2;1.8
47;2021-02-22;75;407;13878;6374;4.2;1.9
47;2021-02-23;150;649;14028;7023;4.2;2.1
47;2021-02-24;261;561;14289;7584;4.3;2.3
47;2021-02-25;304;412;14593;7996;4.4;2.4
47;2021-02-26;468;321;15061;8317;4.6;2.5
47;2021-02-27;324;213;15385;8530;4.7;2.6
47;2021-02-28;0;0;15385;8530;4.7;2.6
47;2021-03-01;124;397;15509;8927;4.7;2.7
47;2021-03-02;200;366;15709;9293;4.8;2.8
47;2021-03-03;244;350;15953;9643;4.8;2.9
47;2021-03-04;593;332;16546;9975;5.0;3.0
47;2021-03-05;844;287;17390;10262;5.3;3.1
47;2021-03-06;507;193;17897;10455;5.4;3.2
47;2021-03-07;331;6;18228;10461;5.5;3.2
47;2021-03-08;458;227;18686;10688;5.7;3.2
47;2021-03-09;508;491;19194;11179;5.8;3.4
47;2021-03-10;666;300;19860;11479;6.0;3.5
47;2021-03-11;938;379;20798;11858;6.3;3.6
47;2021-03-12;1370;297;22168;12155;6.7;3.7
47;2021-03-13;950;109;23118;12264;7.0;3.7
47;2021-03-14;51;0;23169;12264;7.0;3.7
47;2021-03-15;592;162;23761;12426;7.2;3.8
47;2021-03-16;750;177;24511;12603;7.4;3.8
47;2021-03-17;860;209;25371;12812;7.7;3.9
47;2021-03-18;917;178;26288;12990;8.0;3.9
47;2021-03-19;1272;127;27560;13117;8.3;4.0
47;2021-03-20;1087;58;28647;13175;8.7;4.0
47;2021-03-21;344;1;28991;13176;8.8;4.0
47;2021-03-22;1012;95;30003;13271;9.1;4.0
47;2021-03-23;1146;148;31149;13419;9.4;4.1
47;2021-03-24;1212;131;32361;13550;9.8;4.1
47;2021-03-25;1565;151;33926;13701;10.3;4.1
47;2021-03-26;1882;199;35808;13900;10.8;4.2
47;2021-03-27;980;129;36788;14029;11.1;4.2
47;2021-03-28;700;5;37488;14034;11.3;4.2
47;2021-03-29;1512;80;39000;14114;11.8;4.3
47;2021-03-30;1643;127;40643;14241;12.3;4.3
47;2021-03-31;1605;152;42248;14393;12.8;4.4
47;2021-04-01;1682;267;43930;14660;13.3;4.4
47;2021-04-02;1934;456;45864;15116;13.9;4.6
47;2021-04-03;1202;182;47066;15298;14.2;4.6
47;2021-04-04;475;13;47541;15311;14.4;4.6
47;2021-04-05;1296;58;48837;15369;14.8;4.7
47;2021-04-06;1386;387;50223;15756;15.2;4.8
47;2021-04-07;1694;593;51917;16349;15.7;4.9
47;2021-04-08;1834;477;53751;16826;16.3;5.1
47;2021-04-09;2083;544;55834;17370;16.9;5.3
47;2021-04-10;1564;326;57398;17696;17.4;5.4
47;2021-04-11;530;9;57928;17705;17.5;5.4
47;2021-04-12;1437;610;59365;18315;18.0;5.5
47;2021-04-13;1817;765;61182;19080;18.5;5.8
47;2021-04-14;1749;720;62931;19800;19.1;6.0
47;2021-04-15;2012;848;64943;20648;19.7;6.3
47;2021-04-16;1767;893;66710;21541;20.2;6.5
47;2021-04-17;1472;969;68182;22510;20.6;6.8
47;2021-04-18;23;0;68205;22510;20.6;6.8
47;2021-04-19;1332;931;69537;23441;21.1;7.1
47;2021-04-20;1626;909;71163;24350;21.5;7.4
47;2021-04-21;1626;772;72789;25122;22.0;7.6
47;2021-04-22;1872;1059;74661;26181;22.6;7.9
47;2021-04-23;1726;1070;76387;27251;23.1;8.2
47;2021-04-24;1549;803;77936;28054;23.6;8.5
47;2021-04-25;242;345;78178;28399;23.7;8.6
47;2021-04-26;1488;1363;79666;29762;24.1;9.0
47;2021-04-27;1922;1473;81588;31235;24.7;9.5
47;2021-04-28;2090;1591;83678;32826;25.3;9.9
47;2021-04-29;2533;1513;86211;34339;26.1;10.4
47;2021-04-30;2044;1781;88255;36120;26.7;10.9
47;2021-05-01;2262;983;90517;37103;27.4;11.2
47;2021-05-02;21;357;90538;37460;27.4;11.3
47;2021-05-03;1597;1418;92135;38878;27.9;11.8
47;2021-05-04;1647;1729;93782;40607;28.4;12.3
47;2021-05-05;1927;1642;95709;42249;29.0;12.8
47;2021-05-06;2106;1509;97815;43758;29.6;13.2
47;2021-05-07;2001;1624;99816;45382;30.2;13.7
47;2021-05-08;2097;464;101913;45846;30.9;13.9
47;2021-05-09;24;359;101937;46205;30.9;14.0
47;2021-05-10;1202;1670;103139;47875;31.2;14.5
47;2021-05-11;2174;1991;105313;49866;31.9;15.1
47;2021-05-12;2626;1452;107939;51318;32.7;15.5
47;2021-05-13;2382;658;110321;51976;33.4;15.7
47;2021-05-14;2062;859;112383;52835;34.0;16.0
47;2021-05-15;1935;863;114318;53698;34.6;16.3
47;2021-05-16;367;9;114685;53707;34.7;16.3
47;2021-05-17;1885;1123;116570;54830;35.3;16.6
47;2021-05-18;2358;1141;118928;55971;36.0;16.9
47;2021-05-19;2344;760;121272;56731;36.7;17.2
47;2021-05-20;2588;970;123860;57701;37.5;17.5
47;2021-05-21;1538;1134;125398;58835;38.0;17.8
47;2021-05-22;2369;837;127767;59672;38.7;18.1
47;2021-05-23;25;186;127792;59858;38.7;18.1
47;2021-05-24;1549;236;129341;60094;39.2;18.2
47;2021-05-25;1484;1321;130825;61415;39.6;18.6
47;2021-05-26;1599;1088;132424;62503;40.1;18.9
47;2021-05-27;1944;1270;134368;63773;40.7;19.3
47;2021-05-28;1457;1536;135825;65309;41.1;19.8
47;2021-05-29;1153;1126;136978;66435;41.5;20.1
47;2021-05-30;12;45;136990;66480;41.5;20.1
47;2021-05-31;1868;1422;138858;67902;42.0;20.6
47;2021-06-01;1922;1341;140780;69243;42.6;21.0
47;2021-06-02;2101;1333;142881;70576;43.3;21.4
47;2021-06-03;2486;1612;145367;72188;44.0;21.9
47;2021-06-04;1966;2114;147333;74302;44.6;22.5
47;2021-06-05;1639;1476;148972;75778;45.1;22.9
47;2021-06-06;212;70;149184;75848;45.2;23.0
47;2021-06-07;1663;2244;150847;78092;45.7;23.6
47;2021-06-08;1630;1904;152477;79996;46.2;24.2
47;2021-06-09;1823;2126;154300;82122;46.7;24.9
47;2021-06-10;2375;1618;156675;83740;47.4;25.3
47;2021-06-11;1828;2101;158503;85841;48.0;26.0
47;2021-06-12;1352;2103;159855;87944;48.4;26.6
47;2021-06-13;4;10;159859;87954;48.4;26.6
47;2021-06-14;1281;2447;161140;90401;48.8;27.4
47;2021-06-15;1465;2034;162605;92435;49.2;28.0
47;2021-06-16;1207;2188;163812;94623;49.6;28.6
47;2021-06-17;1657;1524;165469;96147;50.1;29.1
47;2021-06-18;1439;2497;166908;98644;50.5;29.9
47;2021-06-19;1541;2457;168449;101101;51.0;30.6
47;2021-06-20;4;33;168453;101134;51.0;30.6
47;2021-06-21;1136;2514;169589;103648;51.3;31.4
47;2021-06-22;758;2504;170347;106152;51.6;32.1
47;2021-06-23;998;2016;171345;108168;51.9;32.7
47;2021-06-24;1211;1936;172556;110104;52.2;33.3
47;2021-06-25;1006;2609;173562;112713;52.5;34.1
47;2021-06-26;988;2789;174550;115502;52.8;35.0
47;2021-06-27;16;349;174566;115851;52.8;35.1
47;2021-06-28;875;2406;175441;118257;53.1;35.8
47;2021-06-29;798;2317;176239;120574;53.4;36.5
47;2021-06-30;730;2307;176969;122881;53.6;37.2
47;2021-07-01;920;2107;177889;124988;53.9;37.8
47;2021-07-02;885;2276;178774;127264;54.1;38.5
47;2021-07-03;727;3042;179501;130306;54.3;39.4
47;2021-07-04;34;12;179535;130318;54.3;39.5
47;2021-07-05;979;2146;180514;132464;54.6;40.1
47;2021-07-06;1007;1958;181521;134422;55.0;40.7
47;2021-07-07;1300;2063;182821;136485;55.3;41.3
47;2021-07-08;1144;2195;183965;138680;55.7;42.0
47;2021-07-09;1049;2407;185014;141087;56.0;42.7
47;2021-07-10;953;2131;185967;143218;56.3;43.4
47;2021-07-11;1;6;185968;143224;56.3;43.4
47;2021-07-12;558;2581;186526;145805;56.5;44.1
47;2021-07-13;1095;2591;187621;148396;56.8;44.9
47;2021-07-14;1166;1578;188787;149974;57.1;45.4
47;2021-07-15;1717;3137;190504;153111;57.7;46.4
47;2021-07-16;1723;2681;192227;155792;58.2;47.2
47;2021-07-17;1200;2459;193427;158251;58.6;47.9
47;2021-07-18;36;188;193463;158439;58.6;48.0
47;2021-07-19;1115;2562;194578;161001;58.9;48.7
47;2021-07-20;1638;2341;196216;163342;59.4;49.4
47;2021-07-21;2190;2241;198406;165583;60.1;50.1
47;2021-07-22;2157;2299;200563;167882;60.7;50.8
47;2021-07-23;2114;2251;202677;170133;61.4;51.5
47;2021-07-24;1112;1912;203789;172045;61.7;52.1
47;2021-07-25;20;1;203809;172046;61.7;52.1
47;2021-07-26;1232;1942;205041;173988;62.1;52.7
47;2021-07-27;2115;1633;207156;175621;62.7;53.2
47;2021-07-28;1880;1605;209036;177226;63.3;53.7
47;2021-07-29;2318;1600;211354;178826;64.0;54.1
47;2021-07-30;1861;1622;213215;180448;64.5;54.6
47;2021-07-31;1479;1669;214694;182117;65.0;55.1
47;2021-08-01;17;8;214711;182125;65.0;55.1
47;2021-08-02;2027;1220;216738;183345;65.6;55.5
47;2021-08-03;2148;1104;218886;184449;66.3;55.8
47;2021-08-04;2170;1525;221056;185974;66.9;56.3
47;2021-08-05;2396;1444;223452;187418;67.6;56.7
47;2021-08-06;1997;1838;225449;189256;68.2;57.3
47;2021-08-07;1600;1415;227049;190671;68.7;57.7
47;2021-08-08;24;22;227073;190693;68.7;57.7
47;2021-08-09;1870;1211;228943;191904;69.3;58.1
47;2021-08-10;1905;1294;230848;193198;69.9;58.5
47;2021-08-11;1799;1401;232647;194599;70.4;58.9
47;2021-08-12;2043;1340;234690;195939;71.0;59.3
47;2021-08-13;1414;1663;236104;197602;71.5;59.8
47;2021-08-14;1341;1443;237445;199045;71.9;60.3
47;2021-08-15;10;18;237455;199063;71.9;60.3
47;2021-08-16;1434;1451;238889;200514;72.3;60.7
47;2021-08-17;1119;1694;240008;202208;72.7;61.2
47;2021-08-18;1169;1711;241177;203919;73.0;61.7
47;2021-08-19;1034;1810;242211;205729;73.3;62.3
47;2021-08-20;961;1704;243172;207433;73.6;62.8
47;2021-08-21;819;1275;243991;208708;73.9;63.2
47;2021-08-22;11;23;244002;208731;73.9;63.2
47;2021-08-23;607;1823;244609;210554;74.0;63.7
47;2021-08-24;809;1615;245418;212169;74.3;64.2
47;2021-08-25;801;1784;246219;213953;74.5;64.8
48;2020-12-27;0;0;0;0;0.0;0.0
48;2020-12-28;0;0;0;0;0.0;0.0
48;2020-12-29;0;0;0;0;0.0;0.0
48;2020-12-30;0;0;0;0;0.0;0.0
48;2020-12-31;0;0;0;0;0.0;0.0
48;2021-01-01;0;0;0;0;0.0;0.0
48;2021-01-02;0;0;0;0;0.0;0.0
48;2021-01-03;0;0;0;0;0.0;0.0
48;2021-01-04;0;0;0;0;0.0;0.0
48;2021-01-05;0;0;0;0;0.0;0.0
48;2021-01-06;0;0;0;0;0.0;0.0
48;2021-01-07;56;0;56;0;0.1;0.0
48;2021-01-08;87;0;143;0;0.2;0.0
48;2021-01-09;1;0;144;0;0.2;0.0
48;2021-01-10;0;0;144;0;0.2;0.0
48;2021-01-11;13;0;157;0;0.2;0.0
48;2021-01-12;19;1;176;1;0.2;0.0
48;2021-01-13;104;0;280;1;0.4;0.0
48;2021-01-14;90;1;370;2;0.5;0.0
48;2021-01-15;63;0;433;2;0.6;0.0
48;2021-01-16;0;0;433;2;0.6;0.0
48;2021-01-17;0;0;433;2;0.6;0.0
48;2021-01-18;117;0;550;2;0.7;0.0
48;2021-01-19;345;1;895;3;1.2;0.0
48;2021-01-20;364;0;1259;3;1.7;0.0
48;2021-01-21;465;1;1724;4;2.3;0.0
48;2021-01-22;269;0;1993;4;2.6;0.0
48;2021-01-23;36;0;2029;4;2.7;0.0
48;2021-01-24;0;0;2029;4;2.7;0.0
48;2021-01-25;109;2;2138;6;2.8;0.0
48;2021-01-26;261;0;2399;6;3.1;0.0
48;2021-01-27;257;2;2656;8;3.5;0.0
48;2021-01-28;270;10;2926;18;3.8;0.0
48;2021-01-29;175;60;3101;78;4.1;0.1
48;2021-01-30;1;7;3102;85;4.1;0.1
48;2021-01-31;0;6;3102;91;4.1;0.1
48;2021-02-01;98;47;3200;138;4.2;0.2
48;2021-02-02;191;36;3391;174;4.4;0.2
48;2021-02-03;177;82;3568;256;4.7;0.3
48;2021-02-04;234;14;3802;270;5.0;0.4
48;2021-02-05;144;36;3946;306;5.2;0.4
48;2021-02-06;34;1;3980;307;5.2;0.4
48;2021-02-07;0;0;3980;307;5.2;0.4
48;2021-02-08;50;61;4030;368;5.3;0.5
48;2021-02-09;66;167;4096;535;5.4;0.7
48;2021-02-10;65;303;4161;838;5.5;1.1
48;2021-02-11;165;407;4326;1245;5.7;1.6
48;2021-02-12;120;155;4446;1400;5.8;1.8
48;2021-02-13;8;55;4454;1455;5.8;1.9
48;2021-02-14;0;0;4454;1455;5.8;1.9
48;2021-02-15;51;106;4505;1561;5.9;2.0
48;2021-02-16;43;173;4548;1734;6.0;2.3
48;2021-02-17;35;284;4583;2018;6.0;2.6
48;2021-02-18;252;107;4835;2125;6.3;2.8
48;2021-02-19;60;183;4895;2308;6.4;3.0
48;2021-02-20;0;1;4895;2309;6.4;3.0
48;2021-02-21;0;14;4895;2323;6.4;3.0
48;2021-02-22;24;129;4919;2452;6.4;3.2
48;2021-02-23;74;221;4993;2673;6.5;3.5
48;2021-02-24;68;265;5061;2938;6.6;3.9
48;2021-02-25;148;263;5209;3201;6.8;4.2
48;2021-02-26;51;229;5260;3430;6.9;4.5
48;2021-02-27;28;1;5288;3431;6.9;4.5
48;2021-02-28;3;14;5291;3445;6.9;4.5
48;2021-03-01;102;96;5393;3541;7.1;4.6
48;2021-03-02;199;88;5592;3629;7.3;4.8
48;2021-03-03;155;110;5747;3739;7.5;4.9
48;2021-03-04;194;183;5941;3922;7.8;5.1
48;2021-03-05;136;141;6077;4063;8.0;5.3
48;2021-03-06;180;53;6257;4116;8.2;5.4
48;2021-03-07;75;2;6332;4118;8.3;5.4
48;2021-03-08;352;125;6684;4243;8.8;5.6
48;2021-03-09;377;87;7061;4330;9.3;5.7
48;2021-03-10;263;61;7324;4391;9.6;5.8
48;2021-03-11;334;90;7658;4481;10.0;5.9
48;2021-03-12;255;154;7913;4635;10.4;6.1
48;2021-03-13;301;5;8214;4640;10.8;6.1
48;2021-03-14;8;0;8222;4640;10.8;6.1
48;2021-03-15;174;63;8396;4703;11.0;6.2
48;2021-03-16;167;66;8563;4769;11.2;6.3
48;2021-03-17;156;110;8719;4879;11.4;6.4
48;2021-03-18;190;104;8909;4983;11.7;6.5
48;2021-03-19;116;96;9025;5079;11.8;6.7
48;2021-03-20;101;0;9126;5079;12.0;6.7
48;2021-03-21;0;0;9126;5079;12.0;6.7
48;2021-03-22;160;22;9286;5101;12.2;6.7
48;2021-03-23;329;103;9615;5204;12.6;6.8
48;2021-03-24;284;100;9899;5304;13.0;7.0
48;2021-03-25;757;119;10656;5423;14.0;7.1
48;2021-03-26;269;60;10925;5483;14.3;7.2
48;2021-03-27;104;1;11029;5484;14.5;7.2
48;2021-03-28;80;20;11109;5504;14.6;7.2
48;2021-03-29;304;80;11413;5584;15.0;7.3
48;2021-03-30;363;131;11776;5715;15.4;7.5
48;2021-03-31;448;86;12224;5801;16.0;7.6
48;2021-04-01;729;72;12953;5873;17.0;7.7
48;2021-04-02;487;132;13440;6005;17.6;7.9
48;2021-04-03;140;83;13580;6088;17.8;8.0
48;2021-04-04;0;0;13580;6088;17.8;8.0
48;2021-04-05;43;1;13623;6089;17.9;8.0
48;2021-04-06;465;160;14088;6249;18.5;8.2
48;2021-04-07;465;140;14553;6389;19.1;8.4
48;2021-04-08;620;187;15173;6576;19.9;8.6
48;2021-04-09;446;121;15619;6697;20.5;8.8
48;2021-04-10;95;60;15714;6757;20.6;8.9
48;2021-04-11;2;0;15716;6757;20.6;8.9
48;2021-04-12;364;71;16080;6828;21.1;9.0
48;2021-04-13;361;92;16441;6920;21.6;9.1
48;2021-04-14;624;186;17065;7106;22.4;9.3
48;2021-04-15;701;360;17766;7466;23.3;9.8
48;2021-04-16;538;226;18304;7692;24.0;10.1
48;2021-04-17;89;72;18393;7764;24.1;10.2
48;2021-04-18;0;0;18393;7764;24.1;10.2
48;2021-04-19;197;106;18590;7870;24.4;10.3
48;2021-04-20;216;181;18806;8051;24.7;10.6
48;2021-04-21;284;208;19090;8259;25.0;10.8
48;2021-04-22;307;481;19397;8740;25.4;11.5
48;2021-04-23;255;241;19652;8981;25.8;11.8
48;2021-04-24;97;94;19749;9075;25.9;11.9
48;2021-04-25;1;9;19750;9084;25.9;11.9
48;2021-04-26;87;210;19837;9294;26.0;12.2
48;2021-04-27;172;292;20009;9586;26.2;12.6
48;2021-04-28;149;414;20158;10000;26.4;13.1
48;2021-04-29;204;490;20362;10490;26.7;13.8
48;2021-04-30;172;226;20534;10716;26.9;14.0
48;2021-05-01;0;0;20534;10716;26.9;14.0
48;2021-05-02;0;0;20534;10716;26.9;14.0
48;2021-05-03;106;386;20640;11102;27.1;14.6
48;2021-05-04;227;421;20867;11523;27.4;15.1
48;2021-05-05;84;486;20951;12009;27.5;15.7
48;2021-05-06;774;640;21725;12649;28.5;16.6
48;2021-05-07;96;504;21821;13153;28.6;17.2
48;2021-05-08;309;43;22130;13196;29.0;17.3
48;2021-05-09;285;9;22415;13205;29.4;17.3
48;2021-05-10;55;325;22470;13530;29.5;17.7
48;2021-05-11;221;292;22691;13822;29.7;18.1
48;2021-05-12;249;312;22940;14134;30.1;18.5
48;2021-05-13;472;157;23412;14291;30.7;18.7
48;2021-05-14;244;222;23656;14513;31.0;19.0
48;2021-05-15;84;47;23740;14560;31.1;19.1
48;2021-05-16;1;8;23741;14568;31.1;19.1
48;2021-05-17;474;266;24215;14834;31.7;19.4
48;2021-05-18;264;229;24479;15063;32.1;19.7
48;2021-05-19;207;278;24686;15341;32.4;20.1
48;2021-05-20;318;256;25004;15597;32.8;20.4
48;2021-05-21;172;266;25176;15863;33.0;20.8
48;2021-05-22;25;50;25201;15913;33.0;20.9
48;2021-05-23;0;6;25201;15919;33.0;20.9
48;2021-05-24;0;14;25201;15933;33.0;20.9
48;2021-05-25;180;266;25381;16199;33.3;21.2
48;2021-05-26;416;298;25797;16497;33.8;21.6
48;2021-05-27;1178;378;26975;16875;35.4;22.1
48;2021-05-28;316;349;27291;17224;35.8;22.6
48;2021-05-29;79;50;27370;17274;35.9;22.6
48;2021-05-30;0;1;27370;17275;35.9;22.6
48;2021-05-31;625;263;27995;17538;36.7;23.0
48;2021-06-01;272;305;28267;17843;37.1;23.4
48;2021-06-02;407;424;28674;18267;37.6;23.9
48;2021-06-03;629;432;29303;18699;38.4;24.5
48;2021-06-04;291;282;29594;18981;38.8;24.9
48;2021-06-05;121;77;29715;19058;39.0;25.0
48;2021-06-06;1;1;29716;19059;39.0;25.0
48;2021-06-07;440;161;30156;19220;39.5;25.2
48;2021-06-08;614;307;30770;19527;40.3;25.6
48;2021-06-09;379;190;31149;19717;40.8;25.8
48;2021-06-10;1002;241;32151;19958;42.1;26.2
48;2021-06-11;372;160;32523;20118;42.6;26.4
48;2021-06-12;74;56;32597;20174;42.7;26.4
48;2021-06-13;0;2;32597;20176;42.7;26.4
48;2021-06-14;124;115;32721;20291;42.9;26.6
48;2021-06-15;407;385;33128;20676;43.4;27.1
48;2021-06-16;260;144;33388;20820;43.8;27.3
48;2021-06-17;486;575;33874;21395;44.4;28.0
48;2021-06-18;254;315;34128;21710;44.7;28.5
48;2021-06-19;35;291;34163;22001;44.8;28.8
48;2021-06-20;123;224;34286;22225;44.9;29.1
48;2021-06-21;124;132;34410;22357;45.1;29.3
48;2021-06-22;258;334;34668;22691;45.4;29.7
48;2021-06-23;111;546;34779;23237;45.6;30.5
48;2021-06-24;364;608;35143;23845;46.1;31.3
48;2021-06-25;154;276;35297;24121;46.3;31.6
48;2021-06-26;15;45;35312;24166;46.3;31.7
48;2021-06-27;1;1;35313;24167;46.3;31.7
48;2021-06-28;81;178;35394;24345;46.4;31.9
48;2021-06-29;297;413;35691;24758;46.8;32.5
48;2021-06-30;97;465;35788;25223;46.9;33.1
48;2021-07-01;194;666;35982;25889;47.2;33.9
48;2021-07-02;148;369;36130;26258;47.4;34.4
48;2021-07-03;42;89;36172;26347;47.4;34.5
48;2021-07-04;7;0;36179;26347;47.4;34.5
48;2021-07-05;40;116;36219;26463;47.5;34.7
48;2021-07-06;277;597;36496;27060;47.8;35.5
48;2021-07-07;201;486;36697;27546;48.1;36.1
48;2021-07-08;224;1191;36921;28737;48.4;37.7
48;2021-07-09;157;552;37078;29289;48.6;38.4
48;2021-07-10;95;148;37173;29437;48.7;38.6
48;2021-07-11;0;4;37173;29441;48.7;38.6
48;2021-07-12;140;674;37313;30115;48.9;39.5
48;2021-07-13;212;431;37525;30546;49.2;40.0
48;2021-07-14;179;145;37704;30691;49.4;40.2
48;2021-07-15;187;458;37891;31149;49.7;40.8
48;2021-07-16;234;315;38125;31464;50.0;41.2
48;2021-07-17;129;118;38254;31582;50.1;41.4
48;2021-07-18;4;5;38258;31587;50.2;41.4
48;2021-07-19;105;306;38363;31893;50.3;41.8
48;2021-07-20;673;993;39036;32886;51.2;43.1
48;2021-07-21;68;371;39104;33257;51.3;43.6
48;2021-07-22;779;1124;39883;34381;52.3;45.1
48;2021-07-23;365;437;40248;34818;52.8;45.6
48;2021-07-24;508;170;40756;34988;53.4;45.9
48;2021-07-25;137;46;40893;35034;53.6;45.9
48;2021-07-26;101;198;40994;35232;53.7;46.2
48;2021-07-27;1195;642;42189;35874;55.3;47.0
48;2021-07-28;176;317;42365;36191;55.5;47.4
48;2021-07-29;709;640;43074;36831;56.5;48.3
48;2021-07-30;199;293;43273;37124;56.7;48.7
48;2021-07-31;337;180;43610;37304;57.2;48.9
48;2021-08-01;18;55;43628;37359;57.2;49.0
48;2021-08-02;227;162;43855;37521;57.5;49.2
48;2021-08-03;914;567;44769;38088;58.7;49.9
48;2021-08-04;326;221;45095;38309;59.1;50.2
48;2021-08-05;673;467;45768;38776;60.0;50.8
48;2021-08-06;436;274;46204;39050;60.6;51.2
48;2021-08-07;249;124;46453;39174;60.9;51.4
48;2021-08-08;1;5;46454;39179;60.9;51.4
48;2021-08-09;170;140;46624;39319;61.1;51.5
48;2021-08-10;721;553;47345;39872;62.1;52.3
48;2021-08-11;296;238;47641;40110;62.5;52.6
48;2021-08-12;418;411;48059;40521;63.0;53.1
48;2021-08-13;218;212;48277;40733;63.3;53.4
48;2021-08-14;134;164;48411;40897;63.5;53.6
48;2021-08-15;131;81;48542;40978;63.6;53.7
48;2021-08-16;121;191;48663;41169;63.8;54.0
48;2021-08-17;365;1188;49028;42357;64.3;55.5
48;2021-08-18;209;201;49237;42558;64.5;55.8
48;2021-08-19;240;324;49477;42882;64.9;56.2
48;2021-08-20;213;284;49690;43166;65.1;56.6
48;2021-08-21;85;233;49775;43399;65.2;56.9
48;2021-08-22;0;0;49775;43399;65.2;56.9
48;2021-08-23;65;152;49840;43551;65.3;57.1
48;2021-08-24;285;942;50125;44493;65.7;58.3
48;2021-08-25;155;349;50280;44842;65.9;58.8
49;2020-12-27;0;0;0;0;0.0;0.0
49;2020-12-28;2;0;2;0;0.0;0.0
49;2020-12-29;0;0;2;0;0.0;0.0
49;2020-12-30;0;0;2;0;0.0;0.0
49;2020-12-31;0;0;2;0;0.0;0.0
49;2021-01-01;2;0;4;0;0.0;0.0
49;2021-01-02;1;1;5;1;0.0;0.0
49;2021-01-03;0;0;5;1;0.0;0.0
49;2021-01-04;10;0;15;1;0.0;0.0
49;2021-01-05;92;0;107;1;0.0;0.0
49;2021-01-06;232;0;339;1;0.0;0.0
49;2021-01-07;366;0;705;1;0.1;0.0
49;2021-01-08;329;1;1034;2;0.1;0.0
49;2021-01-09;118;0;1152;2;0.1;0.0
49;2021-01-10;114;0;1266;2;0.2;0.0
49;2021-01-11;287;0;1553;2;0.2;0.0
49;2021-01-12;623;0;2176;2;0.3;0.0
49;2021-01-13;602;2;2778;4;0.3;0.0
49;2021-01-14;590;6;3368;10;0.4;0.0
49;2021-01-15;775;1;4143;11;0.5;0.0
49;2021-01-16;147;0;4290;11;0.5;0.0
49;2021-01-17;111;2;4401;13;0.5;0.0
49;2021-01-18;691;0;5092;13;0.6;0.0
49;2021-01-19;1204;1;6296;14;0.8;0.0
49;2021-01-20;1510;3;7806;17;1.0;0.0
49;2021-01-21;1940;4;9746;21;1.2;0.0
49;2021-01-22;1319;5;11065;26;1.4;0.0
49;2021-01-23;263;1;11328;27;1.4;0.0
49;2021-01-24;0;0;11328;27;1.4;0.0
49;2021-01-25;552;5;11880;32;1.5;0.0
49;2021-01-26;987;75;12867;107;1.6;0.0
49;2021-01-27;1856;37;14723;144;1.8;0.0
49;2021-01-28;2876;88;17599;232;2.2;0.0
49;2021-01-29;1589;93;19188;325;2.4;0.0
49;2021-01-30;300;46;19488;371;2.4;0.0
49;2021-01-31;62;51;19550;422;2.4;0.1
49;2021-02-01;662;164;20212;586;2.5;0.1
49;2021-02-02;743;386;20955;972;2.6;0.1
49;2021-02-03;675;379;21630;1351;2.7;0.2
49;2021-02-04;758;446;22388;1797;2.7;0.2
49;2021-02-05;707;598;23095;2395;2.8;0.3
49;2021-02-06;229;111;23324;2506;2.9;0.3
49;2021-02-07;59;84;23383;2590;2.9;0.3
49;2021-02-08;549;479;23932;3069;2.9;0.4
49;2021-02-09;714;647;24646;3716;3.0;0.5
49;2021-02-10;806;951;25452;4667;3.1;0.6
49;2021-02-11;1028;1408;26480;6075;3.2;0.7
49;2021-02-12;870;975;27350;7050;3.4;0.9
49;2021-02-13;266;118;27616;7168;3.4;0.9
49;2021-02-14;9;106;27625;7274;3.4;0.9
49;2021-02-15;731;661;28356;7935;3.5;1.0
49;2021-02-16;1106;1124;29462;9059;3.6;1.1
49;2021-02-17;1159;1871;30621;10930;3.8;1.3
49;2021-02-18;1811;2437;32432;13367;4.0;1.6
49;2021-02-19;1395;1107;33827;14474;4.1;1.8
49;2021-02-20;233;383;34060;14857;4.2;1.8
49;2021-02-21;0;64;34060;14921;4.2;1.8
49;2021-02-22;646;573;34706;15494;4.3;1.9
49;2021-02-23;735;860;35441;16354;4.3;2.0
49;2021-02-24;822;643;36263;16997;4.4;2.1
49;2021-02-25;1208;810;37471;17807;4.6;2.2
49;2021-02-26;1678;848;39149;18655;4.8;2.3
49;2021-02-27;435;282;39584;18937;4.9;2.3
49;2021-02-28;49;39;39633;18976;4.9;2.3
49;2021-03-01;766;585;40399;19561;5.0;2.4
49;2021-03-02;1083;701;41482;20262;5.1;2.5
49;2021-03-03;1559;673;43041;20935;5.3;2.6
49;2021-03-04;1768;936;44809;21871;5.5;2.7
49;2021-03-05;2212;693;47021;22564;5.8;2.8
49;2021-03-06;717;188;47738;22752;5.9;2.8
49;2021-03-07;627;12;48365;22764;5.9;2.8
49;2021-03-08;1397;716;49762;23480;6.1;2.9
49;2021-03-09;2051;739;51813;24219;6.4;3.0
49;2021-03-10;2528;865;54341;25084;6.7;3.1
49;2021-03-11;3195;1471;57536;26555;7.1;3.3
49;2021-03-12;3766;1004;61302;27559;7.5;3.4
49;2021-03-13;1501;219;62803;27778;7.7;3.4
49;2021-03-14;6;0;62809;27778;7.7;3.4
49;2021-03-15;2084;534;64893;28312;8.0;3.5
49;2021-03-16;1733;964;66626;29276;8.2;3.6
49;2021-03-17;1811;674;68437;29950;8.4;3.7
49;2021-03-18;2203;731;70640;30681;8.7;3.8
49;2021-03-19;3333;562;73973;31243;9.1;3.8
49;2021-03-20;1743;206;75716;31449;9.3;3.9
49;2021-03-21;499;23;76215;31472;9.3;3.9
49;2021-03-22;2247;547;78462;32019;9.6;3.9
49;2021-03-23;3405;680;81867;32699;10.0;4.0
49;2021-03-24;3602;499;85469;33198;10.5;4.1
49;2021-03-25;4226;650;89695;33848;11.0;4.1
49;2021-03-26;4884;506;94579;34354;11.6;4.2
49;2021-03-27;1674;98;96253;34452;11.8;4.2
49;2021-03-28;400;30;96653;34482;11.8;4.2
49;2021-03-29;2371;612;99024;35094;12.1;4.3
49;2021-03-30;3267;939;102291;36033;12.5;4.4
49;2021-03-31;2980;750;105271;36783;12.9;4.5
49;2021-04-01;4120;869;109391;37652;13.4;4.6
49;2021-04-02;4295;949;113686;38601;13.9;4.7
49;2021-04-03;971;193;114657;38794;14.1;4.8
49;2021-04-04;315;3;114972;38797;14.1;4.8
49;2021-04-05;943;22;115915;38819;14.2;4.8
49;2021-04-06;2331;1324;118246;40143;14.5;4.9
49;2021-04-07;3308;1364;121554;41507;14.9;5.1
49;2021-04-08;5182;1427;126736;42934;15.5;5.3
49;2021-04-09;6208;1432;132944;44366;16.3;5.4
49;2021-04-10;2068;499;135012;44865;16.5;5.5
49;2021-04-11;390;8;135402;44873;16.6;5.5
49;2021-04-12;4073;1572;139475;46445;17.1;5.7
49;2021-04-13;5380;1912;144855;48357;17.8;5.9
49;2021-04-14;4542;1879;149397;50236;18.3;6.2
49;2021-04-15;5379;1885;154776;52121;19.0;6.4
49;2021-04-16;5761;2138;160537;54259;19.7;6.7
49;2021-04-17;3336;849;163873;55108;20.1;6.8
49;2021-04-18;381;477;164254;55585;20.1;6.8
49;2021-04-19;3710;2054;167964;57639;20.6;7.1
49;2021-04-20;4375;2112;172339;59751;21.1;7.3
49;2021-04-21;3954;2209;176293;61960;21.6;7.6
49;2021-04-22;4834;2106;181127;64066;22.2;7.9
49;2021-04-23;4812;2333;185939;66399;22.8;8.1
49;2021-04-24;2939;1156;188878;67555;23.2;8.3
49;2021-04-25;40;282;188918;67837;23.2;8.3
49;2021-04-26;3741;2113;192659;69950;23.6;8.6
49;2021-04-27;4473;2509;197132;72459;24.2;8.9
49;2021-04-28;4617;2496;201749;74955;24.7;9.2
49;2021-04-29;5207;3022;206956;77977;25.4;9.6
49;2021-04-30;5556;3204;212512;81181;26.0;10.0
49;2021-05-01;2364;666;214876;81847;26.3;10.0
49;2021-05-02;5;40;214881;81887;26.3;10.0
49;2021-05-03;5011;2409;219892;84296;27.0;10.3
49;2021-05-04;4971;3043;224863;87339;27.6;10.7
49;2021-05-05;4786;3005;229649;90344;28.1;11.1
49;2021-05-06;5330;3086;234979;93430;28.8;11.5
49;2021-05-07;4282;5034;239261;98464;29.3;12.1
49;2021-05-08;3576;437;242837;98901;29.8;12.1
49;2021-05-09;10;41;242847;98942;29.8;12.1
49;2021-05-10;4831;4280;247678;103222;30.4;12.7
49;2021-05-11;5397;5091;253075;108313;31.0;13.3
49;2021-05-12;4800;4596;257875;112909;31.6;13.8
49;2021-05-13;4779;689;262654;113598;32.2;13.9
49;2021-05-14;5172;3272;267826;116870;32.8;14.3
49;2021-05-15;4155;1807;271981;118677;33.3;14.5
49;2021-05-16;2788;119;274769;118796;33.7;14.6
49;2021-05-17;4834;3692;279603;122488;34.3;15.0
49;2021-05-18;5473;3772;285076;126260;34.9;15.5
49;2021-05-19;5917;3234;290993;129494;35.7;15.9
49;2021-05-20;6809;2965;297802;132459;36.5;16.2
49;2021-05-21;6453;3742;304255;136201;37.3;16.7
49;2021-05-22;5186;1194;309441;137395;37.9;16.8
49;2021-05-23;1;12;309442;137407;37.9;16.8
49;2021-05-24;4216;449;313658;137856;38.4;16.9
49;2021-05-25;6331;3306;319989;141162;39.2;17.3
49;2021-05-26;6273;2668;326262;143830;40.0;17.6
49;2021-05-27;7111;2726;333373;146556;40.9;18.0
49;2021-05-28;6876;4022;340249;150578;41.7;18.5
49;2021-05-29;5024;1898;345273;152476;42.3;18.7
49;2021-05-30;20;13;345293;152489;42.3;18.7
49;2021-05-31;6038;3224;351331;155713;43.1;19.1
49;2021-06-01;6589;3987;357920;159700;43.9;19.6
49;2021-06-02;5794;3744;363714;163444;44.6;20.0
49;2021-06-03;6605;3423;370319;166867;45.4;20.5
49;2021-06-04;6470;4865;376789;171732;46.2;21.0
49;2021-06-05;4386;2696;381175;174428;46.7;21.4
49;2021-06-06;37;52;381212;174480;46.7;21.4
49;2021-06-07;4632;4761;385844;179241;47.3;22.0
49;2021-06-08;5185;5101;391029;184342;47.9;22.6
49;2021-06-09;5320;4502;396349;188844;48.6;23.1
49;2021-06-10;5999;3781;402348;192625;49.3;23.6
49;2021-06-11;4866;6036;407214;198661;49.9;24.3
49;2021-06-12;4102;3202;411316;201863;50.4;24.7
49;2021-06-13;19;989;411335;202852;50.4;24.9
49;2021-06-14;3410;6017;414745;208869;50.8;25.6
49;2021-06-15;4243;6400;418988;215269;51.4;26.4
49;2021-06-16;4152;5682;423140;220951;51.9;27.1
49;2021-06-17;5068;5077;428208;226028;52.5;27.7
49;2021-06-18;4131;6889;432339;232917;53.0;28.5
49;2021-06-19;3525;3973;435864;236890;53.4;29.0
49;2021-06-20;31;23;435895;236913;53.4;29.0
49;2021-06-21;2829;6511;438724;243424;53.8;29.8
49;2021-06-22;3203;7007;441927;250431;54.2;30.7
49;2021-06-23;3254;6315;445181;256746;54.6;31.5
49;2021-06-24;4314;4978;449495;261724;55.1;32.1
49;2021-06-25;3318;7451;452813;269175;55.5;33.0
49;2021-06-26;2570;4627;455383;273802;55.8;33.6
49;2021-06-27;15;1544;455398;275346;55.8;33.7
49;2021-06-28;2232;7187;457630;282533;56.1;34.6
49;2021-06-29;3027;7273;460657;289806;56.5;35.5
49;2021-06-30;2822;6806;463479;296612;56.8;36.4
49;2021-07-01;3101;6273;466580;302885;57.2;37.1
49;2021-07-02;2934;8071;469514;310956;57.5;38.1
49;2021-07-03;2000;5484;471514;316440;57.8;38.8
49;2021-07-04;7;53;471521;316493;57.8;38.8
49;2021-07-05;1737;7081;473258;323574;58.0;39.7
49;2021-07-06;1893;7553;475151;331127;58.2;40.6
49;2021-07-07;2063;6625;477214;337752;58.5;41.4
49;2021-07-08;2551;6354;479765;344106;58.8;42.2
49;2021-07-09;2312;8251;482077;352357;59.1;43.2
49;2021-07-10;1787;5343;483864;357700;59.3;43.8
49;2021-07-11;11;35;483875;357735;59.3;43.8
49;2021-07-12;1933;7715;485808;365450;59.5;44.8
49;2021-07-13;2567;8310;488375;373760;59.9;45.8
49;2021-07-14;2889;3375;491264;377135;60.2;46.2
49;2021-07-15;3131;7556;494395;384691;60.6;47.2
49;2021-07-16;3375;8301;497770;392992;61.0;48.2
49;2021-07-17;2090;5483;499860;398475;61.3;48.8
49;2021-07-18;3747;581;503607;399056;61.7;48.9
49;2021-07-19;2576;7449;506183;406505;62.0;49.8
49;2021-07-20;3556;7479;509739;413984;62.5;50.7
49;2021-07-21;4190;6462;513929;420446;63.0;51.5
49;2021-07-22;4762;5859;518691;426305;63.6;52.3
49;2021-07-23;5040;6625;523731;432930;64.2;53.1
49;2021-07-24;3655;4999;527386;437929;64.6;53.7
49;2021-07-25;38;33;527424;437962;64.6;53.7
49;2021-07-26;4395;5898;531819;443860;65.2;54.4
49;2021-07-27;5586;5444;537405;449304;65.9;55.1
49;2021-07-28;5957;4357;543362;453661;66.6;55.6
49;2021-07-29;6564;4151;549926;457812;67.4;56.1
49;2021-07-30;6041;4786;555967;462598;68.1;56.7
49;2021-07-31;3946;3422;559913;466020;68.6;57.1
49;2021-08-01;18;22;559931;466042;68.6;57.1
49;2021-08-02;4255;4654;564186;470696;69.2;57.7
49;2021-08-03;5426;3803;569612;474499;69.8;58.2
49;2021-08-04;5218;3708;574830;478207;70.5;58.6
49;2021-08-05;5225;3291;580055;481498;71.1;59.0
49;2021-08-06;5683;4274;585738;485772;71.8;59.5
49;2021-08-07;3903;3038;589641;488810;72.3;59.9
49;2021-08-08;23;36;589664;488846;72.3;59.9
49;2021-08-09;3429;4672;593093;493518;72.7;60.5
49;2021-08-10;4171;3892;597264;497410;73.2;61.0
49;2021-08-11;3915;3644;601179;501054;73.7;61.4
49;2021-08-12;2628;3047;603807;504101;74.0;61.8
49;2021-08-13;3808;4258;607615;508359;74.5;62.3
49;2021-08-14;2267;3147;609882;511506;74.8;62.7
49;2021-08-15;29;26;609911;511532;74.8;62.7
49;2021-08-16;2715;5059;612626;516591;75.1;63.3
49;2021-08-17;3259;4909;615885;521500;75.5;63.9
49;2021-08-18;2965;4109;618850;525609;75.9;64.4
49;2021-08-19;1536;3654;620386;529263;76.0;64.9
49;2021-08-20;2721;5771;623107;535034;76.4;65.6
49;2021-08-21;1375;4148;624482;539182;76.5;66.1
49;2021-08-22;6;41;624488;539223;76.5;66.1
49;2021-08-23;2240;5618;626728;544841;76.8;66.8
49;2021-08-24;2730;5772;629458;550613;77.2;67.5
49;2021-08-25;2302;5421;631760;556034;77.4;68.2
50;2020-12-27;0;0;0;0;0.0;0.0
50;2020-12-28;0;0;0;0;0.0;0.0
50;2020-12-29;1;0;1;0;0.0;0.0
50;2020-12-30;0;0;1;0;0.0;0.0
50;2020-12-31;0;0;1;0;0.0;0.0
50;2021-01-01;0;0;1;0;0.0;0.0
50;2021-01-02;0;0;1;0;0.0;0.0
50;2021-01-03;0;0;1;0;0.0;0.0
50;2021-01-04;1;0;2;0;0.0;0.0
50;2021-01-05;0;0;2;0;0.0;0.0
50;2021-01-06;126;0;128;0;0.0;0.0
50;2021-01-07;323;0;451;0;0.1;0.0
50;2021-01-08;436;2;887;2;0.2;0.0
50;2021-01-09;236;0;1123;2;0.2;0.0
50;2021-01-10;23;0;1146;2;0.2;0.0
50;2021-01-11;391;1;1537;3;0.3;0.0
50;2021-01-12;600;0;2137;3;0.4;0.0
50;2021-01-13;694;4;2831;7;0.6;0.0
50;2021-01-14;1046;5;3877;12;0.8;0.0
50;2021-01-15;709;2;4586;14;0.9;0.0
50;2021-01-16;215;3;4801;17;1.0;0.0
50;2021-01-17;1;0;4802;17;1.0;0.0
50;2021-01-18;619;1;5421;18;1.1;0.0
50;2021-01-19;895;3;6316;21;1.3;0.0
50;2021-01-20;965;1;7281;22;1.5;0.0
50;2021-01-21;917;4;8198;26;1.7;0.0
50;2021-01-22;713;2;8911;28;1.8;0.0
50;2021-01-23;667;4;9578;32;2.0;0.0
50;2021-01-24;880;3;10458;35;2.1;0.0
50;2021-01-25;2711;10;13169;45;2.7;0.0
50;2021-01-26;1336;14;14505;59;3.0;0.0
50;2021-01-27;766;56;15271;115;3.1;0.0
50;2021-01-28;718;170;15989;285;3.3;0.1
50;2021-01-29;581;306;16570;591;3.4;0.1
50;2021-01-30;381;164;16951;755;3.5;0.2
50;2021-01-31;0;0;16951;755;3.5;0.2
50;2021-02-01;449;225;17400;980;3.5;0.2
50;2021-02-02;416;235;17816;1215;3.6;0.2
50;2021-02-03;390;377;18206;1592;3.7;0.3
50;2021-02-04;485;451;18691;2043;3.8;0.4
50;2021-02-05;422;448;19113;2491;3.9;0.5
50;2021-02-06;179;114;19292;2605;3.9;0.5
50;2021-02-07;0;0;19292;2605;3.9;0.5
50;2021-02-08;255;507;19547;3112;4.0;0.6
50;2021-02-09;247;642;19794;3754;4.0;0.8
50;2021-02-10;570;556;20364;4310;4.2;0.9
50;2021-02-11;438;915;20802;5225;4.2;1.1
50;2021-02-12;329;671;21131;5896;4.3;1.2
50;2021-02-13;306;489;21437;6385;4.4;1.3
50;2021-02-14;185;826;21622;7211;4.4;1.5
50;2021-02-15;663;2031;22285;9242;4.5;1.9
50;2021-02-16;746;1621;23031;10863;4.7;2.2
50;2021-02-17;632;825;23663;11688;4.8;2.4
50;2021-02-18;569;812;24232;12500;4.9;2.5
50;2021-02-19;630;518;24862;13018;5.1;2.7
50;2021-02-20;423;193;25285;13211;5.2;2.7
50;2021-02-21;85;29;25370;13240;5.2;2.7
50;2021-02-22;291;723;25661;13963;5.2;2.8
50;2021-02-23;502;566;26163;14529;5.3;3.0
50;2021-02-24;624;571;26787;15100;5.5;3.1
50;2021-02-25;778;591;27565;15691;5.6;3.2
50;2021-02-26;999;400;28564;16091;5.8;3.3
50;2021-02-27;887;114;29451;16205;6.0;3.3
50;2021-02-28;111;0;29562;16205;6.0;3.3
50;2021-03-01;488;559;30050;16764;6.1;3.4
50;2021-03-02;651;520;30701;17284;6.3;3.5
50;2021-03-03;797;457;31498;17741;6.4;3.6
50;2021-03-04;1248;342;32746;18083;6.7;3.7
50;2021-03-05;1553;352;34299;18435;7.0;3.8
50;2021-03-06;1319;159;35618;18594;7.3;3.8
50;2021-03-07;550;42;36168;18636;7.4;3.8
50;2021-03-08;1025;625;37193;19261;7.6;3.9
50;2021-03-09;1558;579;38751;19840;7.9;4.0
50;2021-03-10;1608;322;40359;20162;8.2;4.1
50;2021-03-11;2352;361;42711;20523;8.7;4.2
50;2021-03-12;2866;249;45577;20772;9.3;4.2
50;2021-03-13;1993;138;47570;20910;9.7;4.3
50;2021-03-14;280;41;47850;20951;9.8;4.3
50;2021-03-15;1378;297;49228;21248;10.0;4.3
50;2021-03-16;1340;284;50568;21532;10.3;4.4
50;2021-03-17;1295;412;51863;21944;10.6;4.5
50;2021-03-18;1162;429;53025;22373;10.8;4.6
50;2021-03-19;1733;591;54758;22964;11.2;4.7
50;2021-03-20;1686;232;56444;23196;11.5;4.7
50;2021-03-21;794;12;57238;23208;11.7;4.7
50;2021-03-22;1508;336;58746;23544;12.0;4.8
50;2021-03-23;2075;398;60821;23942;12.4;4.9
50;2021-03-24;2281;556;63102;24498;12.9;5.0
50;2021-03-25;2812;470;65914;24968;13.4;5.1
50;2021-03-26;3205;473;69119;25441;14.1;5.2
50;2021-03-27;1823;376;70942;25817;14.5;5.3
50;2021-03-28;403;20;71345;25837;14.5;5.3
50;2021-03-29;2139;721;73484;26558;15.0;5.4
50;2021-03-30;2283;648;75767;27206;15.4;5.5
50;2021-03-31;2478;571;78245;27777;15.9;5.7
50;2021-04-01;3105;866;81350;28643;16.6;5.8
50;2021-04-02;2961;937;84311;29580;17.2;6.0
50;2021-04-03;1245;688;85556;30268;17.4;6.2
50;2021-04-04;321;136;85877;30404;17.5;6.2
50;2021-04-05;400;27;86277;30431;17.6;6.2
50;2021-04-06;2129;1224;88406;31655;18.0;6.5
50;2021-04-07;2559;1185;90965;32840;18.5;6.7
50;2021-04-08;3597;1229;94562;34069;19.3;6.9
50;2021-04-09;3936;1300;98498;35369;20.1;7.2
50;2021-04-10;2534;878;101032;36247;20.6;7.4
50;2021-04-11;411;145;101443;36392;20.7;7.4
50;2021-04-12;2439;1385;103882;37777;21.2;7.7
50;2021-04-13;2678;1538;106560;39315;21.7;8.0
50;2021-04-14;2608;1356;109168;40671;22.2;8.3
50;2021-04-15;3162;1118;112330;41789;22.9;8.5
50;2021-04-16;3365;1102;115695;42891;23.6;8.7
50;2021-04-17;2399;1186;118094;44077;24.1;9.0
50;2021-04-18;425;664;118519;44741;24.2;9.1
50;2021-04-19;1998;1472;120517;46213;24.6;9.4
50;2021-04-20;2276;1591;122793;47804;25.0;9.7
50;2021-04-21;2552;1760;125345;49564;25.5;10.1
50;2021-04-22;3079;1827;128424;51391;26.2;10.5
50;2021-04-23;2757;1918;131181;53309;26.7;10.9
50;2021-04-24;1899;1437;133080;54746;27.1;11.2
50;2021-04-25;470;274;133550;55020;27.2;11.2
50;2021-04-26;2119;1889;135669;56909;27.6;11.6
50;2021-04-27;2413;2002;138082;58911;28.1;12.0
50;2021-04-28;2707;1976;140789;60887;28.7;12.4
50;2021-04-29;3285;2044;144074;62931;29.4;12.8
50;2021-04-30;3000;1933;147074;64864;30.0;13.2
50;2021-05-01;1015;596;148089;65460;30.2;13.3
50;2021-05-02;523;448;148612;65908;30.3;13.4
50;2021-05-03;1769;1804;150381;67712;30.6;13.8
50;2021-05-04;1771;2333;152152;70045;31.0;14.3
50;2021-05-05;1661;2954;153813;72999;31.3;14.9
50;2021-05-06;2532;2585;156345;75584;31.9;15.4
50;2021-05-07;2149;2862;158494;78446;32.3;16.0
50;2021-05-08;1171;791;159665;79237;32.5;16.1
50;2021-05-09;624;363;160289;79600;32.7;16.2
50;2021-05-10;1705;2606;161994;82206;33.0;16.8
50;2021-05-11;2543;2848;164537;85054;33.5;17.3
50;2021-05-12;3181;2436;167718;87490;34.2;17.8
50;2021-05-13;3382;610;171100;88100;34.9;18.0
50;2021-05-14;3571;2280;174671;90380;35.6;18.4
50;2021-05-15;4001;1872;178672;92252;36.4;18.8
50;2021-05-16;947;267;179619;92519;36.6;18.9
50;2021-05-17;2139;1878;181758;94397;37.0;19.2
50;2021-05-18;2523;1622;184281;96019;37.6;19.6
50;2021-05-19;2503;1446;186784;97465;38.1;19.9
50;2021-05-20;3261;1623;190045;99088;38.7;20.2
50;2021-05-21;3158;1912;193203;101000;39.4;20.6
50;2021-05-22;2651;1329;195854;102329;39.9;20.9
50;2021-05-23;603;284;196457;102613;40.0;20.9
50;2021-05-24;1527;490;197984;103103;40.3;21.0
50;2021-05-25;2450;1673;200434;104776;40.8;21.4
50;2021-05-26;3000;1454;203434;106230;41.5;21.7
50;2021-05-27;3034;1976;206468;108206;42.1;22.1
50;2021-05-28;2946;2125;209414;110331;42.7;22.5
50;2021-05-29;2760;1404;212174;111735;43.2;22.8
50;2021-05-30;812;325;212986;112060;43.4;22.8
50;2021-05-31;2652;1818;215638;113878;43.9;23.2
50;2021-06-01;3332;2066;218970;115944;44.6;23.6
50;2021-06-02;3260;1791;222230;117735;45.3;24.0
50;2021-06-03;3914;2064;226144;119799;46.1;24.4
50;2021-06-04;3823;2887;229967;122686;46.9;25.0
50;2021-06-05;2962;1846;232929;124532;47.5;25.4
50;2021-06-06;813;443;233742;124975;47.6;25.5
50;2021-06-07;3513;2084;237255;127059;48.4;25.9
50;2021-06-08;4072;2227;241327;129286;49.2;26.3
50;2021-06-09;4254;1998;245581;131284;50.1;26.8
50;2021-06-10;4198;2120;249779;133404;50.9;27.2
50;2021-06-11;4226;2715;254005;136119;51.8;27.7
50;2021-06-12;3736;1609;257741;137728;52.5;28.1
50;2021-06-13;1143;451;258884;138179;52.8;28.2
50;2021-06-14;2692;2967;261576;141146;53.3;28.8
50;2021-06-15;3020;2604;264596;143750;53.9;29.3
50;2021-06-16;3096;1976;267692;145726;54.6;29.7
50;2021-06-17;2796;2488;270488;148214;55.1;30.2
50;2021-06-18;3240;3053;273728;151267;55.8;30.8
50;2021-06-19;3178;1925;276906;153192;56.4;31.2
50;2021-06-20;731;710;277637;153902;56.6;31.4
50;2021-06-21;1819;3133;279456;157035;57.0;32.0
50;2021-06-22;2064;3393;281520;160428;57.4;32.7
50;2021-06-23;1872;3875;283392;164303;57.8;33.5
50;2021-06-24;1712;4011;285104;168314;58.1;34.3
50;2021-06-25;2135;4010;287239;172324;58.5;35.1
50;2021-06-26;2145;3697;289384;176021;59.0;35.9
50;2021-06-27;616;895;290000;176916;59.1;36.1
50;2021-06-28;1926;3349;291926;180265;59.5;36.7
50;2021-06-29;1881;3407;293807;183672;59.9;37.4
50;2021-06-30;2181;3408;295988;187080;60.3;38.1
50;2021-07-01;1946;3285;297934;190365;60.7;38.8
50;2021-07-02;1899;3933;299833;194298;61.1;39.6
50;2021-07-03;1447;3447;301280;197745;61.4;40.3
50;2021-07-04;445;1066;301725;198811;61.5;40.5
50;2021-07-05;1263;3410;302988;202221;61.7;41.2
50;2021-07-06;1575;3893;304563;206114;62.1;42.0
50;2021-07-07;1803;3619;306366;209733;62.4;42.7
50;2021-07-08;1377;4105;307743;213838;62.7;43.6
50;2021-07-09;1394;4573;309137;218411;63.0;44.5
50;2021-07-10;1025;3600;310162;222011;63.2;45.2
50;2021-07-11;372;1018;310534;223029;63.3;45.5
50;2021-07-12;1317;4626;311851;227655;63.6;46.4
50;2021-07-13;1626;4862;313477;232517;63.9;47.4
50;2021-07-14;1475;2358;314952;234875;64.2;47.9
50;2021-07-15;1683;5054;316635;239929;64.5;48.9
50;2021-07-16;2988;5242;319623;245171;65.1;50.0
50;2021-07-17;2144;3730;321767;248901;65.6;50.7
50;2021-07-18;402;1092;322169;249993;65.7;50.9
50;2021-07-19;1572;5183;323741;255176;66.0;52.0
50;2021-07-20;1928;5414;325669;260590;66.4;53.1
50;2021-07-21;1798;5259;327467;265849;66.7;54.2
50;2021-07-22;1944;5009;329411;270858;67.1;55.2
50;2021-07-23;2069;5384;331480;276242;67.6;56.3
50;2021-07-24;1309;3836;332789;280078;67.8;57.1
50;2021-07-25;274;1038;333063;281116;67.9;57.3
50;2021-07-26;2288;3489;335351;284605;68.3;58.0
50;2021-07-27;2895;3350;338246;287955;68.9;58.7
50;2021-07-28;2987;3692;341233;291647;69.5;59.4
50;2021-07-29;3568;3234;344801;294881;70.3;60.1
50;2021-07-30;3067;3012;347868;297893;70.9;60.7
50;2021-07-31;2394;2673;350262;300566;71.4;61.3
50;2021-08-01;481;684;350743;301250;71.5;61.4
50;2021-08-02;2454;2742;353197;303992;72.0;62.0
50;2021-08-03;3384;2471;356581;306463;72.7;62.5
50;2021-08-04;3585;2329;360166;308792;73.4;62.9
50;2021-08-05;3150;2160;363316;310952;74.0;63.4
50;2021-08-06;3615;2803;366931;313755;74.8;63.9
50;2021-08-07;2431;2163;369362;315918;75.3;64.4
50;2021-08-08;510;714;369872;316632;75.4;64.5
50;2021-08-09;2475;2133;372347;318765;75.9;65.0
50;2021-08-10;2935;1989;375282;320754;76.5;65.4
50;2021-08-11;2814;2020;378096;322774;77.1;65.8
50;2021-08-12;2561;2444;380657;325218;77.6;66.3
50;2021-08-13;2446;1983;383103;327201;78.1;66.7
50;2021-08-14;1801;1747;384904;328948;78.4;67.0
50;2021-08-15;399;334;385303;329282;78.5;67.1
50;2021-08-16;1691;2233;386994;331515;78.9;67.6
50;2021-08-17;1943;2671;388937;334186;79.3;68.1
50;2021-08-18;1808;2365;390745;336551;79.6;68.6
50;2021-08-19;1683;2556;392428;339107;80.0;69.1
50;2021-08-20;1595;2739;394023;341846;80.3;69.7
50;2021-08-21;1006;2726;395029;344572;80.5;70.2
50;2021-08-22;384;518;395413;345090;80.6;70.3
50;2021-08-23;1134;2899;396547;347989;80.8;70.9
50;2021-08-24;1236;3218;397783;351207;81.1;71.6
50;2021-08-25;1071;2646;398854;353853;81.3;72.1
51;2020-12-27;0;0;0;0;0.0;0.0
51;2020-12-28;0;0;0;0;0.0;0.0
51;2020-12-29;0;0;0;0;0.0;0.0
51;2020-12-30;0;0;0;0;0.0;0.0
51;2020-12-31;1;0;1;0;0.0;0.0
51;2021-01-01;0;0;1;0;0.0;0.0
51;2021-01-02;0;0;1;0;0.0;0.0
51;2021-01-03;0;0;1;0;0.0;0.0
51;2021-01-04;1;0;2;0;0.0;0.0
51;2021-01-05;1;0;3;0;0.0;0.0
51;2021-01-06;6;0;9;0;0.0;0.0
51;2021-01-07;262;1;271;1;0.0;0.0
51;2021-01-08;507;1;778;2;0.1;0.0
51;2021-01-09;91;0;869;2;0.2;0.0
51;2021-01-10;0;0;869;2;0.2;0.0
51;2021-01-11;545;2;1414;4;0.3;0.0
51;2021-01-12;1538;4;2952;8;0.5;0.0
51;2021-01-13;1290;5;4242;13;0.8;0.0
51;2021-01-14;1474;6;5716;19;1.0;0.0
51;2021-01-15;607;3;6323;22;1.1;0.0
51;2021-01-16;177;1;6500;23;1.2;0.0
51;2021-01-17;102;0;6602;23;1.2;0.0
51;2021-01-18;845;3;7447;26;1.3;0.0
51;2021-01-19;998;4;8445;30;1.5;0.0
51;2021-01-20;943;9;9388;39;1.7;0.0
51;2021-01-21;790;3;10178;42;1.8;0.0
51;2021-01-22;391;2;10569;44;1.9;0.0
51;2021-01-23;294;0;10863;44;1.9;0.0
51;2021-01-24;130;1;10993;45;1.9;0.0
51;2021-01-25;712;3;11705;48;2.1;0.0
51;2021-01-26;780;5;12485;53;2.2;0.0
51;2021-01-27;656;4;13141;57;2.3;0.0
51;2021-01-28;646;70;13787;127;2.4;0.0
51;2021-01-29;474;142;14261;269;2.5;0.0
51;2021-01-30;126;5;14387;274;2.6;0.0
51;2021-01-31;83;0;14470;274;2.6;0.0
51;2021-02-01;275;58;14745;332;2.6;0.1
51;2021-02-02;738;722;15483;1054;2.7;0.2
51;2021-02-03;642;470;16125;1524;2.9;0.3
51;2021-02-04;966;821;17091;2345;3.0;0.4
51;2021-02-05;973;515;18064;2860;3.2;0.5
51;2021-02-06;30;149;18094;3009;3.2;0.5
51;2021-02-07;0;18;18094;3027;3.2;0.5
51;2021-02-08;115;413;18209;3440;3.2;0.6
51;2021-02-09;222;473;18431;3913;3.3;0.7
51;2021-02-10;219;639;18650;4552;3.3;0.8
51;2021-02-11;299;529;18949;5081;3.4;0.9
51;2021-02-12;341;564;19290;5645;3.4;1.0
51;2021-02-13;8;115;19298;5760;3.4;1.0
51;2021-02-14;8;170;19306;5930;3.4;1.1
51;2021-02-15;266;850;19572;6780;3.5;1.2
51;2021-02-16;401;969;19973;7749;3.5;1.4
51;2021-02-17;367;880;20340;8629;3.6;1.5
51;2021-02-18;437;595;20777;9224;3.7;1.6
51;2021-02-19;530;424;21307;9648;3.8;1.7
51;2021-02-20;205;296;21512;9944;3.8;1.8
51;2021-02-21;10;101;21522;10045;3.8;1.8
51;2021-02-22;195;688;21717;10733;3.9;1.9
51;2021-02-23;262;1096;21979;11829;3.9;2.1
51;2021-02-24;413;689;22392;12518;4.0;2.2
51;2021-02-25;1050;889;23442;13407;4.2;2.4
51;2021-02-26;1227;667;24669;14074;4.4;2.5
51;2021-02-27;590;124;25259;14198;4.5;2.5
51;2021-02-28;7;71;25266;14269;4.5;2.5
51;2021-03-01;766;311;26032;14580;4.6;2.6
51;2021-03-02;1128;462;27160;15042;4.8;2.7
51;2021-03-03;1193;468;28353;15510;5.0;2.8
51;2021-03-04;1060;700;29413;16210;5.2;2.9
51;2021-03-05;1559;672;30972;16882;5.5;3.0
51;2021-03-06;1433;59;32405;16941;5.7;3.0
51;2021-03-07;250;6;32655;16947;5.8;3.0
51;2021-03-08;992;100;33647;17047;6.0;3.0
51;2021-03-09;1664;190;35311;17237;6.3;3.1
51;2021-03-10;1994;106;37305;17343;6.6;3.1
51;2021-03-11;2370;168;39675;17511;7.0;3.1
51;2021-03-12;3251;159;42926;17670;7.6;3.1
51;2021-03-13;2550;52;45476;17722;8.1;3.1
51;2021-03-14;190;5;45666;17727;8.1;3.1
51;2021-03-15;1579;148;47245;17875;8.4;3.2
51;2021-03-16;1479;185;48724;18060;8.6;3.2
51;2021-03-17;1497;206;50221;18266;8.9;3.2
51;2021-03-18;1614;284;51835;18550;9.2;3.3
51;2021-03-19;2310;301;54145;18851;9.6;3.3
51;2021-03-20;1662;215;55807;19066;9.9;3.4
51;2021-03-21;133;4;55940;19070;9.9;3.4
51;2021-03-22;1417;121;57357;19191;10.2;3.4
51;2021-03-23;2467;164;59824;19355;10.6;3.4
51;2021-03-24;2843;133;62667;19488;11.1;3.5
51;2021-03-25;3254;336;65921;19824;11.7;3.5
51;2021-03-26;3412;506;69333;20330;12.3;3.6
51;2021-03-27;1843;253;71176;20583;12.6;3.7
51;2021-03-28;213;3;71389;20586;12.7;3.7
51;2021-03-29;991;639;72380;21225;12.8;3.8
51;2021-03-30;1748;857;74128;22082;13.1;3.9
51;2021-03-31;1738;759;75866;22841;13.5;4.1
51;2021-04-01;2282;447;78148;23288;13.9;4.1
51;2021-04-02;2425;641;80573;23929;14.3;4.2
51;2021-04-03;1304;412;81877;24341;14.5;4.3
51;2021-04-04;106;2;81983;24343;14.5;4.3
51;2021-04-05;72;141;82055;24484;14.6;4.3
51;2021-04-06;764;1234;82819;25718;14.7;4.6
51;2021-04-07;1312;1411;84131;27129;14.9;4.8
51;2021-04-08;2206;1771;86337;28900;15.3;5.1
51;2021-04-09;2863;1734;89200;30634;15.8;5.4
51;2021-04-10;2218;498;91418;31132;16.2;5.5
51;2021-04-11;105;85;91523;31217;16.2;5.5
51;2021-04-12;1450;1344;92973;32561;16.5;5.8
51;2021-04-13;1936;1682;94909;34243;16.8;6.1
51;2021-04-14;2459;1554;97368;35797;17.3;6.3
51;2021-04-15;2855;1672;100223;37469;17.8;6.6
51;2021-04-16;3215;1599;103438;39068;18.3;6.9
51;2021-04-17;1965;774;105403;39842;18.7;7.1
51;2021-04-18;296;113;105699;39955;18.7;7.1
51;2021-04-19;1561;1163;107260;41118;19.0;7.3
51;2021-04-20;1794;1664;109054;42782;19.3;7.6
51;2021-04-21;2005;1744;111059;44526;19.7;7.9
51;2021-04-22;2385;1655;113444;46181;20.1;8.2
51;2021-04-23;2981;1828;116425;48009;20.6;8.5
51;2021-04-24;1750;953;118175;48962;21.0;8.7
51;2021-04-25;123;161;118298;49123;21.0;8.7
51;2021-04-26;1851;758;120149;49881;21.3;8.8
51;2021-04-27;2442;1235;122591;51116;21.7;9.1
51;2021-04-28;2552;1310;125143;52426;22.2;9.3
51;2021-04-29;2674;1463;127817;53889;22.7;9.6
51;2021-04-30;2976;1677;130793;55566;23.2;9.9
51;2021-05-01;1454;413;132247;55979;23.5;9.9
51;2021-05-02;107;99;132354;56078;23.5;9.9
51;2021-05-03;2485;766;134839;56844;23.9;10.1
51;2021-05-04;2788;1353;137627;58197;24.4;10.3
51;2021-05-05;2860;1640;140487;59837;24.9;10.6
51;2021-05-06;5344;1949;145831;61786;25.9;11.0
51;2021-05-07;3704;1938;149535;63724;26.5;11.3
51;2021-05-08;2861;820;152396;64544;27.0;11.4
51;2021-05-09;211;92;152607;64636;27.1;11.5
51;2021-05-10;3215;1866;155822;66502;27.6;11.8
51;2021-05-11;3640;2041;159462;68543;28.3;12.2
51;2021-05-12;4184;2239;163646;70782;29.0;12.6
51;2021-05-13;1776;502;165422;71284;29.3;12.6
51;2021-05-14;5402;1750;170824;73034;30.3;13.0
51;2021-05-15;4228;1355;175052;74389;31.0;13.2
51;2021-05-16;284;46;175336;74435;31.1;13.2
51;2021-05-17;3132;1528;178468;75963;31.7;13.5
51;2021-05-18;3918;1774;182386;77737;32.3;13.8
51;2021-05-19;4031;1734;186417;79471;33.1;14.1
51;2021-05-20;4651;1968;191068;81439;33.9;14.4
51;2021-05-21;3596;2483;194664;83922;34.5;14.9
51;2021-05-22;2076;1548;196740;85470;34.9;15.2
51;2021-05-23;308;210;197048;85680;34.9;15.2
51;2021-05-24;2019;718;199067;86398;35.3;15.3
51;2021-05-25;3130;1829;202197;88227;35.9;15.6
51;2021-05-26;3298;1715;205495;89942;36.4;16.0
51;2021-05-27;3268;2063;208763;92005;37.0;16.3
51;2021-05-28;3607;2826;212370;94831;37.7;16.8
51;2021-05-29;2402;1997;214772;96828;38.1;17.2
51;2021-05-30;401;133;215173;96961;38.2;17.2
51;2021-05-31;3350;1785;218523;98746;38.8;17.5
51;2021-06-01;3855;2336;222378;101082;39.4;17.9
51;2021-06-02;6098;2328;228476;103410;40.5;18.3
51;2021-06-03;3581;2430;232057;105840;41.2;18.8
51;2021-06-04;6346;2947;238403;108787;42.3;19.3
51;2021-06-05;2599;1820;241002;110607;42.7;19.6
51;2021-06-06;172;157;241174;110764;42.8;19.6
51;2021-06-07;4303;2165;245477;112929;43.5;20.0
51;2021-06-08;3925;2536;249402;115465;44.2;20.5
51;2021-06-09;4018;2750;253420;118215;44.9;21.0
51;2021-06-10;3206;2486;256626;120701;45.5;21.4
51;2021-06-11;3358;3429;259984;124130;46.1;22.0
51;2021-06-12;2166;2172;262150;126302;46.5;22.4
51;2021-06-13;191;149;262341;126451;46.5;22.4
51;2021-06-14;1627;3334;263968;129785;46.8;23.0
51;2021-06-15;3191;3577;267159;133362;47.4;23.7
51;2021-06-16;2208;3685;269367;137047;47.8;24.3
51;2021-06-17;2609;5406;271976;142453;48.2;25.3
51;2021-06-18;2357;5211;274333;147664;48.7;26.2
51;2021-06-19;1683;4427;276016;152091;49.0;27.0
51;2021-06-20;184;228;276200;152319;49.0;27.0
51;2021-06-21;1231;4441;277431;156760;49.2;27.8
51;2021-06-22;1558;4043;278989;160803;49.5;28.5
51;2021-06-23;3669;4239;282658;165042;50.1;29.3
51;2021-06-24;2246;3227;284904;168269;50.5;29.8
51;2021-06-25;1906;6525;286810;174794;50.9;31.0
51;2021-06-26;1204;5067;288014;179861;51.1;31.9
51;2021-06-27;103;336;288117;180197;51.1;32.0
51;2021-06-28;1400;4414;289517;184611;51.3;32.7
51;2021-06-29;1172;4463;290689;189074;51.6;33.5
51;2021-06-30;1687;6044;292376;195118;51.9;34.6
51;2021-07-01;1977;3768;294353;198886;52.2;35.3
51;2021-07-02;1836;6891;296189;205777;52.5;36.5
51;2021-07-03;1003;3198;297192;208975;52.7;37.1
51;2021-07-04;171;254;297363;209229;52.7;37.1
51;2021-07-05;767;5528;298130;214757;52.9;38.1
51;2021-07-06;1247;4782;299377;219539;53.1;38.9
51;2021-07-07;1615;4939;300992;224478;53.4;39.8
51;2021-07-08;2069;3432;303061;227910;53.8;40.4
51;2021-07-09;1853;5057;304914;232967;54.1;41.3
51;2021-07-10;1233;3206;306147;236173;54.3;41.9
51;2021-07-11;191;281;306338;236454;54.3;41.9
51;2021-07-12;994;4378;307332;240832;54.5;42.7
51;2021-07-13;1476;4771;308808;245603;54.8;43.6
51;2021-07-14;1070;1688;309878;247291;55.0;43.9
51;2021-07-15;2932;4914;312810;252205;55.5;44.7
51;2021-07-16;2360;5278;315170;257483;55.9;45.7
51;2021-07-17;1819;3486;316989;260969;56.2;46.3
51;2021-07-18;163;330;317152;261299;56.3;46.3
51;2021-07-19;1893;3979;319045;265278;56.6;47.0
51;2021-07-20;2582;5141;321627;270419;57.0;48.0
51;2021-07-21;3614;4065;325241;274484;57.7;48.7
51;2021-07-22;4409;3756;329650;278240;58.5;49.3
51;2021-07-23;3636;4385;333286;282625;59.1;50.1
51;2021-07-24;2083;2723;335369;285348;59.5;50.6
51;2021-07-25;351;257;335720;285605;59.5;50.7
51;2021-07-26;3114;2810;338834;288415;60.1;51.2
51;2021-07-27;5843;3273;344677;291688;61.1;51.7
51;2021-07-28;4133;4321;348810;296009;61.9;52.5
51;2021-07-29;4686;2720;353496;298729;62.7;53.0
51;2021-07-30;3612;3155;357108;301884;63.3;53.5
51;2021-07-31;2525;2129;359633;304013;63.8;53.9
51;2021-08-01;375;235;360008;304248;63.9;54.0
51;2021-08-02;3274;2311;363282;306559;64.4;54.4
51;2021-08-03;3769;1915;367051;308474;65.1;54.7
51;2021-08-04;4449;2124;371500;310598;65.9;55.1
51;2021-08-05;2636;1538;374136;312136;66.4;55.4
51;2021-08-06;3032;2554;377168;314690;66.9;55.8
51;2021-08-07;2154;1694;379322;316384;67.3;56.1
51;2021-08-08;364;209;379686;316593;67.3;56.2
51;2021-08-09;2502;1846;382188;318439;67.8;56.5
51;2021-08-10;2361;1983;384549;320422;68.2;56.8
51;2021-08-11;2907;2330;387456;322752;68.7;57.2
51;2021-08-12;1746;1945;389202;324697;69.0;57.6
51;2021-08-13;2027;2667;391229;327364;69.4;58.1
51;2021-08-14;1578;2037;392807;329401;69.7;58.4
51;2021-08-15;146;147;392953;329548;69.7;58.4
51;2021-08-16;1346;3017;394299;332565;69.9;59.0
51;2021-08-17;1535;3275;395834;335840;70.2;59.6
51;2021-08-18;1894;3681;397728;339521;70.5;60.2
51;2021-08-19;1399;2543;399127;342064;70.8;60.7
51;2021-08-20;1695;3962;400822;346026;71.1;61.4
51;2021-08-21;983;2494;401805;348520;71.3;61.8
51;2021-08-22;101;342;401906;348862;71.3;61.9
51;2021-08-23;1103;3598;403009;352460;71.5;62.5
51;2021-08-24;1163;3638;404172;356098;71.7;63.2
51;2021-08-25;1303;4478;405475;360576;71.9;64.0
52;2020-12-27;0;0;0;0;0.0;0.0
52;2020-12-28;1;0;1;0;0.0;0.0
52;2020-12-29;0;0;1;0;0.0;0.0
52;2020-12-30;0;0;1;0;0.0;0.0
52;2020-12-31;0;0;1;0;0.0;0.0
52;2021-01-01;0;0;1;0;0.0;0.0
52;2021-01-02;1;0;2;0;0.0;0.0
52;2021-01-03;0;0;2;0;0.0;0.0
52;2021-01-04;0;0;2;0;0.0;0.0
52;2021-01-05;0;0;2;0;0.0;0.0
52;2021-01-06;2;0;4;0;0.0;0.0
52;2021-01-07;0;0;4;0;0.0;0.0
52;2021-01-08;201;1;205;1;0.1;0.0
52;2021-01-09;93;0;298;1;0.2;0.0
52;2021-01-10;0;0;298;1;0.2;0.0
52;2021-01-11;207;0;505;1;0.3;0.0
52;2021-01-12;171;0;676;1;0.4;0.0
52;2021-01-13;562;2;1238;3;0.7;0.0
52;2021-01-14;677;9;1915;12;1.1;0.0
52;2021-01-15;411;1;2326;13;1.4;0.0
52;2021-01-16;16;1;2342;14;1.4;0.0
52;2021-01-17;0;0;2342;14;1.4;0.0
52;2021-01-18;427;0;2769;14;1.6;0.0
52;2021-01-19;439;0;3208;14;1.9;0.0
52;2021-01-20;420;0;3628;14;2.1;0.0
52;2021-01-21;424;1;4052;15;2.4;0.0
52;2021-01-22;321;2;4373;17;2.6;0.0
52;2021-01-23;72;1;4445;18;2.6;0.0
52;2021-01-24;0;0;4445;18;2.6;0.0
52;2021-01-25;235;0;4680;18;2.8;0.0
52;2021-01-26;307;0;4987;18;2.9;0.0
52;2021-01-27;238;1;5225;19;3.1;0.0
52;2021-01-28;174;4;5399;23;3.2;0.0
52;2021-01-29;74;124;5473;147;3.2;0.1
52;2021-01-30;91;95;5564;242;3.3;0.1
52;2021-01-31;0;0;5564;242;3.3;0.1
52;2021-02-01;117;191;5681;433;3.4;0.3
52;2021-02-02;61;176;5742;609;3.4;0.4
52;2021-02-03;90;416;5832;1025;3.4;0.6
52;2021-02-04;231;594;6063;1619;3.6;1.0
52;2021-02-05;113;504;6176;2123;3.6;1.3
52;2021-02-06;22;0;6198;2123;3.7;1.3
52;2021-02-07;0;1;6198;2124;3.7;1.3
52;2021-02-08;34;207;6232;2331;3.7;1.4
52;2021-02-09;47;216;6279;2547;3.7;1.5
52;2021-02-10;88;191;6367;2738;3.8;1.6
52;2021-02-11;129;148;6496;2886;3.8;1.7
52;2021-02-12;188;129;6684;3015;3.9;1.8
52;2021-02-13;5;1;6689;3016;4.0;1.8
52;2021-02-14;0;16;6689;3032;4.0;1.8
52;2021-02-15;79;279;6768;3311;4.0;2.0
52;2021-02-16;50;357;6818;3668;4.0;2.2
52;2021-02-17;37;314;6855;3982;4.1;2.4
52;2021-02-18;82;281;6937;4263;4.1;2.5
52;2021-02-19;51;193;6988;4456;4.1;2.6
52;2021-02-20;14;110;7002;4566;4.1;2.7
52;2021-02-21;0;0;7002;4566;4.1;2.7
52;2021-02-22;42;384;7044;4950;4.2;2.9
52;2021-02-23;57;278;7101;5228;4.2;3.1
52;2021-02-24;81;246;7182;5474;4.2;3.2
52;2021-02-25;161;237;7343;5711;4.3;3.4
52;2021-02-26;296;182;7639;5893;4.5;3.5
52;2021-02-27;149;49;7788;5942;4.6;3.5
52;2021-02-28;0;0;7788;5942;4.6;3.5
52;2021-03-01;163;14;7951;5956;4.7;3.5
52;2021-03-02;198;50;8149;6006;4.8;3.5
52;2021-03-03;356;36;8505;6042;5.0;3.6
52;2021-03-04;379;58;8884;6100;5.2;3.6
52;2021-03-05;531;52;9415;6152;5.6;3.6
52;2021-03-06;409;36;9824;6188;5.8;3.7
52;2021-03-07;0;0;9824;6188;5.8;3.7
52;2021-03-08;398;111;10222;6299;6.0;3.7
52;2021-03-09;549;108;10771;6407;6.4;3.8
52;2021-03-10;308;109;11079;6516;6.5;3.8
52;2021-03-11;587;35;11666;6551;6.9;3.9
52;2021-03-12;584;67;12250;6618;7.2;3.9
52;2021-03-13;492;9;12742;6627;7.5;3.9
52;2021-03-14;15;3;12757;6630;7.5;3.9
52;2021-03-15;317;27;13074;6657;7.7;3.9
52;2021-03-16;203;15;13277;6672;7.8;3.9
52;2021-03-17;364;13;13641;6685;8.1;3.9
52;2021-03-18;442;9;14083;6694;8.3;4.0
52;2021-03-19;452;54;14535;6748;8.6;4.0
52;2021-03-20;259;12;14794;6760;8.7;4.0
52;2021-03-21;15;1;14809;6761;8.7;4.0
52;2021-03-22;375;49;15184;6810;9.0;4.0
52;2021-03-23;685;89;15869;6899;9.4;4.1
52;2021-03-24;771;71;16640;6970;9.8;4.1
52;2021-03-25;1141;87;17781;7057;10.5;4.2
52;2021-03-26;1036;139;18817;7196;11.1;4.3
52;2021-03-27;477;76;19294;7272;11.4;4.3
52;2021-03-28;53;0;19347;7272;11.4;4.3
52;2021-03-29;506;184;19853;7456;11.7;4.4
52;2021-03-30;870;295;20723;7751;12.2;4.6
52;2021-03-31;956;292;21679;8043;12.8;4.8
52;2021-04-01;1145;182;22824;8225;13.5;4.9
52;2021-04-02;958;105;23782;8330;14.1;4.9
52;2021-04-03;461;3;24243;8333;14.3;4.9
52;2021-04-04;1;1;24244;8334;14.3;4.9
52;2021-04-05;1;0;24245;8334;14.3;4.9
52;2021-04-06;433;296;24678;8630;14.6;5.1
52;2021-04-07;504;451;25182;9081;14.9;5.4
52;2021-04-08;860;211;26042;9292;15.4;5.5
52;2021-04-09;1059;130;27101;9422;16.0;5.6
52;2021-04-10;852;102;27953;9524;16.5;5.6
52;2021-04-11;96;1;28049;9525;16.6;5.6
52;2021-04-12;933;277;28982;9802;17.1;5.8
52;2021-04-13;1251;378;30233;10180;17.9;6.0
52;2021-04-14;1345;456;31578;10636;18.7;6.3
52;2021-04-15;1509;439;33087;11075;19.5;6.5
52;2021-04-16;1574;364;34661;11439;20.5;6.8
52;2021-04-17;1309;131;35970;11570;21.3;6.8
52;2021-04-18;510;29;36480;11599;21.6;6.9
52;2021-04-19;697;611;37177;12210;22.0;7.2
52;2021-04-20;1080;677;38257;12887;22.6;7.6
52;2021-04-21;1060;676;39317;13563;23.2;8.0
52;2021-04-22;1468;734;40785;14297;24.1;8.4
52;2021-04-23;1253;667;42038;14964;24.8;8.8
52;2021-04-24;477;293;42515;15257;25.1;9.0
52;2021-04-25;3;77;42518;15334;25.1;9.1
52;2021-04-26;631;560;43149;15894;25.5;9.4
52;2021-04-27;933;671;44082;16565;26.0;9.8
52;2021-04-28;1441;562;45523;17127;26.9;10.1
52;2021-04-29;1451;581;46974;17708;27.8;10.5
52;2021-04-30;1316;611;48290;18319;28.5;10.8
52;2021-05-01;8;232;48298;18551;28.5;11.0
52;2021-05-02;0;1;48298;18552;28.5;11.0
52;2021-05-03;1159;628;49457;19180;29.2;11.3
52;2021-05-04;1445;721;50902;19901;30.1;11.8
52;2021-05-05;1768;646;52670;20547;31.1;12.1
52;2021-05-06;1962;534;54632;21081;32.3;12.5
52;2021-05-07;1442;1172;56074;22253;33.1;13.1
52;2021-05-08;589;318;56663;22571;33.5;13.3
52;2021-05-09;1;47;56664;22618;33.5;13.4
52;2021-05-10;791;1101;57455;23719;33.9;14.0
52;2021-05-11;868;1395;58323;25114;34.5;14.8
52;2021-05-12;1208;1383;59531;26497;35.2;15.7
52;2021-05-13;67;184;59598;26681;35.2;15.8
52;2021-05-14;1185;1364;60783;28045;35.9;16.6
52;2021-05-15;491;929;61274;28974;36.2;17.1
52;2021-05-16;8;43;61282;29017;36.2;17.1
52;2021-05-17;1144;704;62426;29721;36.9;17.6
52;2021-05-18;1217;675;63643;30396;37.6;18.0
52;2021-05-19;1542;414;65185;30810;38.5;18.2
52;2021-05-20;1546;421;66731;31231;39.4;18.5
52;2021-05-21;1625;614;68356;31845;40.4;18.8
52;2021-05-22;1089;209;69445;32054;41.0;18.9
52;2021-05-23;1;0;69446;32054;41.0;18.9
52;2021-05-24;405;33;69851;32087;41.3;19.0
52;2021-05-25;1351;385;71202;32472;42.1;19.2
52;2021-05-26;1479;672;72681;33144;42.9;19.6
52;2021-05-27;1565;788;74246;33932;43.9;20.0
52;2021-05-28;1492;671;75738;34603;44.7;20.4
52;2021-05-29;696;834;76434;35437;45.2;20.9
52;2021-05-30;16;550;76450;35987;45.2;21.3
52;2021-05-31;824;830;77274;36817;45.7;21.8
52;2021-06-01;956;816;78230;37633;46.2;22.2
52;2021-06-02;895;754;79125;38387;46.8;22.7
52;2021-06-03;825;824;79950;39211;47.2;23.2
52;2021-06-04;884;1341;80834;40552;47.8;24.0
52;2021-06-05;581;637;81415;41189;48.1;24.3
52;2021-06-06;27;55;81442;41244;48.1;24.4
52;2021-06-07;359;931;81801;42175;48.3;24.9
52;2021-06-08;557;1469;82358;43644;48.7;25.8
52;2021-06-09;612;1474;82970;45118;49.0;26.7
52;2021-06-10;794;1158;83764;46276;49.5;27.3
52;2021-06-11;830;1349;84594;47625;50.0;28.1
52;2021-06-12;422;586;85016;48211;50.2;28.5
52;2021-06-13;2;6;85018;48217;50.2;28.5
52;2021-06-14;171;1413;85189;49630;50.3;29.3
52;2021-06-15;221;1810;85410;51440;50.5;30.4
52;2021-06-16;354;1995;85764;53435;50.7;31.6
52;2021-06-17;265;1156;86029;54591;50.8;32.3
52;2021-06-18;308;1553;86337;56144;51.0;33.2
52;2021-06-19;502;690;86839;56834;51.3;33.6
52;2021-06-20;1;17;86840;56851;51.3;33.6
52;2021-06-21;524;897;87364;57748;51.6;34.1
52;2021-06-22;503;1048;87867;58796;51.9;34.7
52;2021-06-23;563;1043;88430;59839;52.2;35.4
52;2021-06-24;609;718;89039;60557;52.6;35.8
52;2021-06-25;661;1313;89700;61870;53.0;36.6
52;2021-06-26;264;722;89964;62592;53.2;37.0
52;2021-06-27;1;8;89965;62600;53.2;37.0
52;2021-06-28;185;1443;90150;64043;53.3;37.8
52;2021-06-29;164;1414;90314;65457;53.4;38.7
52;2021-06-30;219;1468;90533;66925;53.5;39.5
52;2021-07-01;320;1021;90853;67946;53.7;40.1
52;2021-07-02;430;1455;91283;69401;53.9;41.0
52;2021-07-03;302;1147;91585;70548;54.1;41.7
52;2021-07-04;0;11;91585;70559;54.1;41.7
52;2021-07-05;173;1448;91758;72007;54.2;42.5
52;2021-07-06;284;1449;92042;73456;54.4;43.4
52;2021-07-07;309;1165;92351;74621;54.6;44.1
52;2021-07-08;472;1164;92823;75785;54.8;44.8
52;2021-07-09;288;1619;93111;77404;55.0;45.7
52;2021-07-10;155;822;93266;78226;55.1;46.2
52;2021-07-11;13;12;93279;78238;55.1;46.2
52;2021-07-12;300;1466;93579;79704;55.3;47.1
52;2021-07-13;590;1369;94169;81073;55.6;47.9
52;2021-07-14;437;152;94606;81225;55.9;48.0
52;2021-07-15;614;1428;95220;82653;56.3;48.8
52;2021-07-16;899;1338;96119;83991;56.8;49.6
52;2021-07-17;530;342;96649;84333;57.1;49.8
52;2021-07-18;3;12;96652;84345;57.1;49.8
52;2021-07-19;688;985;97340;85330;57.5;50.4
52;2021-07-20;1109;832;98449;86162;58.2;50.9
52;2021-07-21;1160;737;99609;86899;58.9;51.3
52;2021-07-22;1441;865;101050;87764;59.7;51.9
52;2021-07-23;1395;958;102445;88722;60.5;52.4
52;2021-07-24;873;486;103318;89208;61.0;52.7
52;2021-07-25;22;21;103340;89229;61.1;52.7
52;2021-07-26;1004;614;104344;89843;61.7;53.1
52;2021-07-27;1339;655;105683;90498;62.4;53.5
52;2021-07-28;1379;641;107062;91139;63.3;53.8
52;2021-07-29;1255;621;108317;91760;64.0;54.2
52;2021-07-30;1355;708;109672;92468;64.8;54.6
52;2021-07-31;873;549;110545;93017;65.3;55.0
52;2021-08-01;1;14;110546;93031;65.3;55.0
52;2021-08-02;1175;562;111721;93593;66.0;55.3
52;2021-08-03;1351;538;113072;94131;66.8;55.6
52;2021-08-04;1139;580;114211;94711;67.5;56.0
52;2021-08-05;1011;576;115222;95287;68.1;56.3
52;2021-08-06;1049;700;116271;95987;68.7;56.7
52;2021-08-07;517;420;116788;96407;69.0;57.0
52;2021-08-08;0;6;116788;96413;69.0;57.0
52;2021-08-09;459;871;117247;97284;69.3;57.5
52;2021-08-10;707;749;117954;98033;69.7;57.9
52;2021-08-11;524;836;118478;98869;70.0;58.4
52;2021-08-12;614;749;119092;99618;70.4;58.9
52;2021-08-13;404;1027;119496;100645;70.6;59.5
52;2021-08-14;417;360;119913;101005;70.8;59.7
52;2021-08-15;8;13;119921;101018;70.9;59.7
52;2021-08-16;325;938;120246;101956;71.0;60.2
52;2021-08-17;400;912;120646;102868;71.3;60.8
52;2021-08-18;474;944;121120;103812;71.6;61.3
52;2021-08-19;456;835;121576;104647;71.8;61.8
52;2021-08-20;385;1210;121961;105857;72.1;62.5
52;2021-08-21;394;603;122355;106460;72.3;62.9
52;2021-08-22;4;11;122359;106471;72.3;62.9
52;2021-08-23;425;1055;122784;107526;72.5;63.5
52;2021-08-24;297;1076;123081;108602;72.7;64.2
52;2021-08-25;246;1055;123327;109657;72.9;64.8
53;2020-12-27;0;0;0;0;0.0;0.0
53;2020-12-28;0;0;0;0;0.0;0.0
53;2020-12-29;0;0;0;0;0.0;0.0
53;2020-12-30;0;0;0;0;0.0;0.0
53;2020-12-31;0;0;0;0;0.0;0.0
53;2021-01-01;0;0;0;0;0.0;0.0
53;2021-01-02;0;0;0;0;0.0;0.0
53;2021-01-03;0;0;0;0;0.0;0.0
53;2021-01-04;1;0;1;0;0.0;0.0
53;2021-01-05;0;0;1;0;0.0;0.0
53;2021-01-06;0;0;1;0;0.0;0.0
53;2021-01-07;102;0;103;0;0.0;0.0
53;2021-01-08;284;1;387;1;0.1;0.0
53;2021-01-09;134;1;521;2;0.2;0.0
53;2021-01-10;15;0;536;2;0.2;0.0
53;2021-01-11;176;0;712;2;0.2;0.0
53;2021-01-12;454;1;1166;3;0.4;0.0
53;2021-01-13;253;0;1419;3;0.5;0.0
53;2021-01-14;290;7;1709;10;0.6;0.0
53;2021-01-15;343;4;2052;14;0.7;0.0
53;2021-01-16;61;0;2113;14;0.7;0.0
53;2021-01-17;24;1;2137;15;0.7;0.0
53;2021-01-18;364;0;2501;15;0.8;0.0
53;2021-01-19;594;0;3095;15;1.0;0.0
53;2021-01-20;742;0;3837;15;1.3;0.0
53;2021-01-21;769;2;4606;17;1.5;0.0
53;2021-01-22;705;2;5311;19;1.7;0.0
53;2021-01-23;160;1;5471;20;1.8;0.0
53;2021-01-24;6;0;5477;20;1.8;0.0
53;2021-01-25;550;0;6027;20;2.0;0.0
53;2021-01-26;1198;6;7225;26;2.4;0.0
53;2021-01-27;696;6;7921;32;2.6;0.0
53;2021-01-28;737;95;8658;127;2.8;0.0
53;2021-01-29;422;187;9080;314;3.0;0.1
53;2021-01-30;129;0;9209;314;3.0;0.1
53;2021-01-31;0;0;9209;314;3.0;0.1
53;2021-02-01;298;149;9507;463;3.1;0.2
53;2021-02-02;309;231;9816;694;3.2;0.2
53;2021-02-03;227;377;10043;1071;3.3;0.4
53;2021-02-04;184;332;10227;1403;3.3;0.5
53;2021-02-05;234;303;10461;1706;3.4;0.6
53;2021-02-06;153;23;10614;1729;3.5;0.6
53;2021-02-07;0;0;10614;1729;3.5;0.6
53;2021-02-08;168;106;10782;1835;3.5;0.6
53;2021-02-09;369;215;11151;2050;3.7;0.7
53;2021-02-10;266;435;11417;2485;3.7;0.8
53;2021-02-11;432;492;11849;2977;3.9;1.0
53;2021-02-12;318;575;12167;3552;4.0;1.2
53;2021-02-13;96;66;12263;3618;4.0;1.2
53;2021-02-14;0;99;12263;3717;4.0;1.2
53;2021-02-15;239;430;12502;4147;4.1;1.4
53;2021-02-16;528;840;13030;4987;4.3;1.6
53;2021-02-17;391;616;13421;5603;4.4;1.8
53;2021-02-18;546;578;13967;6181;4.6;2.0
53;2021-02-19;895;426;14862;6607;4.9;2.2
53;2021-02-20;139;113;15001;6720;4.9;2.2
53;2021-02-21;1;20;15002;6740;4.9;2.2
53;2021-02-22;161;584;15163;7324;5.0;2.4
53;2021-02-23;59;655;15222;7979;5.0;2.6
53;2021-02-24;137;517;15359;8496;5.0;2.8
53;2021-02-25;457;359;15816;8855;5.2;2.9
53;2021-02-26;438;263;16254;9118;5.3;3.0
53;2021-02-27;86;115;16340;9233;5.4;3.0
53;2021-02-28;0;0;16340;9233;5.4;3.0
53;2021-03-01;230;279;16570;9512;5.4;3.1
53;2021-03-02;246;255;16816;9767;5.5;3.2
53;2021-03-03;321;393;17137;10160;5.6;3.3
53;2021-03-04;859;341;17996;10501;5.9;3.4
53;2021-03-05;659;280;18655;10781;6.1;3.5
53;2021-03-06;447;212;19102;10993;6.3;3.6
53;2021-03-07;276;5;19378;10998;6.3;3.6
53;2021-03-08;375;181;19753;11179;6.5;3.7
53;2021-03-09;878;247;20631;11426;6.8;3.7
53;2021-03-10;807;109;21438;11535;7.0;3.8
53;2021-03-11;1247;227;22685;11762;7.4;3.9
53;2021-03-12;1603;146;24288;11908;8.0;3.9
53;2021-03-13;824;12;25112;11920;8.2;3.9
53;2021-03-14;1;0;25113;11920;8.2;3.9
53;2021-03-15;1002;298;26115;12218;8.6;4.0
53;2021-03-16;1035;329;27150;12547;8.9;4.1
53;2021-03-17;685;259;27835;12806;9.1;4.2
53;2021-03-18;972;344;28807;13150;9.4;4.3
53;2021-03-19;1344;599;30151;13749;9.9;4.5
53;2021-03-20;592;17;30743;13766;10.1;4.5
53;2021-03-21;2;0;30745;13766;10.1;4.5
53;2021-03-22;1212;158;31957;13924;10.5;4.6
53;2021-03-23;1698;70;33655;13994;11.0;4.6
53;2021-03-24;1323;117;34978;14111;11.5;4.6
53;2021-03-25;2323;232;37301;14343;12.2;4.7
53;2021-03-26;1882;150;39183;14493;12.8;4.7
53;2021-03-27;339;4;39522;14497;12.9;4.7
53;2021-03-28;2;0;39524;14497;12.9;4.7
53;2021-03-29;1474;212;40998;14709;13.4;4.8
53;2021-03-30;1944;201;42942;14910;14.1;4.9
53;2021-03-31;1791;222;44733;15132;14.6;5.0
53;2021-04-01;1947;675;46680;15807;15.3;5.2
53;2021-04-02;2076;227;48756;16034;16.0;5.3
53;2021-04-03;414;1;49170;16035;16.1;5.3
53;2021-04-04;10;0;49180;16035;16.1;5.3
53;2021-04-05;9;15;49189;16050;16.1;5.3
53;2021-04-06;1304;500;50493;16550;16.5;5.4
53;2021-04-07;1176;924;51669;17474;16.9;5.7
53;2021-04-08;1663;1006;53332;18480;17.5;6.1
53;2021-04-09;1958;404;55290;18884;18.1;6.2
53;2021-04-10;543;13;55833;18897;18.3;6.2
53;2021-04-11;12;0;55845;18897;18.3;6.2
53;2021-04-12;694;1067;56539;19964;18.5;6.5
53;2021-04-13;1470;1109;58009;21073;19.0;6.9
53;2021-04-14;1023;736;59032;21809;19.3;7.1
53;2021-04-15;1158;1107;60190;22916;19.7;7.5
53;2021-04-16;1272;815;61462;23731;20.1;7.8
53;2021-04-17;281;274;61743;24005;20.2;7.9
53;2021-04-18;0;0;61743;24005;20.2;7.9
53;2021-04-19;681;1068;62424;25073;20.4;8.2
53;2021-04-20;936;1450;63360;26523;20.7;8.7
53;2021-04-21;851;1012;64211;27535;21.0;9.0
53;2021-04-22;1046;1613;65257;29148;21.4;9.5
53;2021-04-23;1329;1056;66586;30204;21.8;9.9
53;2021-04-24;68;7;66654;30211;21.8;9.9
53;2021-04-25;6;39;66660;30250;21.8;9.9
53;2021-04-26;368;1238;67028;31488;22.0;10.3
53;2021-04-27;724;1973;67752;33461;22.2;11.0
53;2021-04-28;977;1394;68729;34855;22.5;11.4
53;2021-04-29;1051;1713;69780;36568;22.9;12.0
53;2021-04-30;1367;1312;71147;37880;23.3;12.4
53;2021-05-01;36;50;71183;37930;23.3;12.4
53;2021-05-02;0;0;71183;37930;23.3;12.4
53;2021-05-03;1570;707;72753;38637;23.8;12.7
53;2021-05-04;1304;1443;74057;40080;24.3;13.1
53;2021-05-05;1611;827;75668;40907;24.8;13.4
53;2021-05-06;1391;1397;77059;42304;25.2;13.9
53;2021-05-07;1538;1303;78597;43607;25.7;14.3
53;2021-05-08;939;36;79536;43643;26.0;14.3
53;2021-05-09;11;2;79547;43645;26.0;14.3
53;2021-05-10;2416;815;81963;44460;26.8;14.6
53;2021-05-11;3097;1288;85060;45748;27.9;15.0
53;2021-05-12;2750;1094;87810;46842;28.8;15.3
53;2021-05-13;350;28;88160;46870;28.9;15.3
53;2021-05-14;2021;678;90181;47548;29.5;15.6
53;2021-05-15;1058;64;91239;47612;29.9;15.6
53;2021-05-16;3;0;91242;47612;29.9;15.6
53;2021-05-17;1701;1196;92943;48808;30.4;16.0
53;2021-05-18;1881;1550;94824;50358;31.1;16.5
53;2021-05-19;2303;745;97127;51103;31.8;16.7
53;2021-05-20;3217;866;100344;51969;32.9;17.0
53;2021-05-21;2798;828;103142;52797;33.8;17.3
53;2021-05-22;21;60;103163;52857;33.8;17.3
53;2021-05-23;0;0;103163;52857;33.8;17.3
53;2021-05-24;8;6;103171;52863;33.8;17.3
53;2021-05-25;1819;803;104990;53666;34.4;17.6
53;2021-05-26;1852;905;106842;54571;35.0;17.9
53;2021-05-27;3072;1077;109914;55648;36.0;18.2
53;2021-05-28;2562;878;112476;56526;36.8;18.5
53;2021-05-29;846;244;113322;56770;37.1;18.6
53;2021-05-30;18;6;113340;56776;37.1;18.6
53;2021-05-31;2564;803;115904;57579;38.0;18.9
53;2021-06-01;3490;1259;119394;58838;39.1;19.3
53;2021-06-02;3183;527;122577;59365;40.1;19.4
53;2021-06-03;4198;786;126775;60151;41.5;19.7
53;2021-06-04;3180;1265;129955;61416;42.6;20.1
53;2021-06-05;137;245;130092;61661;42.6;20.2
53;2021-06-06;1;4;130093;61665;42.6;20.2
53;2021-06-07;2629;923;132722;62588;43.5;20.5
53;2021-06-08;3589;1130;136311;63718;44.6;20.9
53;2021-06-09;2453;940;138764;64658;45.4;21.2
53;2021-06-10;3521;849;142285;65507;46.6;21.5
53;2021-06-11;2966;1213;145251;66720;47.6;21.8
53;2021-06-12;108;138;145359;66858;47.6;21.9
53;2021-06-13;10;2;145369;66860;47.6;21.9
53;2021-06-14;1600;1790;146969;68650;48.1;22.5
53;2021-06-15;1899;2263;148868;70913;48.8;23.2
53;2021-06-16;1826;1730;150694;72643;49.3;23.8
53;2021-06-17;3013;1648;153707;74291;50.3;24.3
53;2021-06-18;2702;1809;156409;76100;51.2;24.9
53;2021-06-19;762;1166;157171;77266;51.5;25.3
53;2021-06-20;3;479;157174;77745;51.5;25.5
53;2021-06-21;918;2526;158092;80271;51.8;26.3
53;2021-06-22;1299;3452;159391;83723;52.2;27.4
53;2021-06-23;1362;2892;160753;86615;52.6;28.4
53;2021-06-24;1803;2032;162556;88647;53.2;29.0
53;2021-06-25;1784;2045;164340;90692;53.8;29.7
53;2021-06-26;977;350;165317;91042;54.1;29.8
53;2021-06-27;8;8;165325;91050;54.1;29.8
53;2021-06-28;662;2899;165987;93949;54.4;30.8
53;2021-06-29;858;3648;166845;97597;54.6;32.0
53;2021-06-30;749;1519;167594;99116;54.9;32.5
53;2021-07-01;1507;2633;169101;101749;55.4;33.3
53;2021-07-02;1528;2026;170629;103775;55.9;34.0
53;2021-07-03;857;572;171486;104347;56.2;34.2
53;2021-07-04;0;4;171486;104351;56.2;34.2
53;2021-07-05;542;2060;172028;106411;56.3;34.8
53;2021-07-06;861;3616;172889;110027;56.6;36.0
53;2021-07-07;1025;2652;173914;112679;57.0;36.9
53;2021-07-08;1313;3118;175227;115797;57.4;37.9
53;2021-07-09;1131;3396;176358;119193;57.8;39.0
53;2021-07-10;422;1000;176780;120193;57.9;39.4
53;2021-07-11;12;20;176792;120213;57.9;39.4
53;2021-07-12;503;3708;177295;123921;58.1;40.6
53;2021-07-13;893;4762;178188;128683;58.4;42.1
53;2021-07-14;104;284;178292;128967;58.4;42.2
53;2021-07-15;1112;4349;179404;133316;58.8;43.7
53;2021-07-16;1247;3849;180651;137165;59.2;44.9
53;2021-07-17;1316;299;181967;137464;59.6;45.0
53;2021-07-18;27;20;181994;137484;59.6;45.0
53;2021-07-19;733;3428;182727;140912;59.8;46.1
53;2021-07-20;982;4126;183709;145038;60.2;47.5
53;2021-07-21;684;3274;184393;148312;60.4;48.6
53;2021-07-22;1512;3524;185905;151836;60.9;49.7
53;2021-07-23;1604;3758;187509;155594;61.4;51.0
53;2021-07-24;956;281;188465;155875;61.7;51.0
53;2021-07-25;60;25;188525;155900;61.7;51.1
53;2021-07-26;1726;1943;190251;157843;62.3;51.7
53;2021-07-27;2356;2826;192607;160669;63.1;52.6
53;2021-07-28;2140;2817;194747;163486;63.8;53.5
53;2021-07-29;2491;2546;197238;166032;64.6;54.4
53;2021-07-30;1824;2650;199062;168682;65.2;55.2
53;2021-07-31;626;232;199688;168914;65.4;55.3
53;2021-08-01;37;25;199725;168939;65.4;55.3
53;2021-08-02;2084;1730;201809;170669;66.1;55.9
53;2021-08-03;2409;1906;204218;172575;66.9;56.5
53;2021-08-04;2473;1857;206691;174432;67.7;57.1
53;2021-08-05;2859;1539;209550;175971;68.6;57.6
53;2021-08-06;2508;1715;212058;177686;69.4;58.2
53;2021-08-07;479;270;212537;177956;69.6;58.3
53;2021-08-08;6;19;212543;177975;69.6;58.3
53;2021-08-09;1837;1648;214380;179623;70.2;58.8
53;2021-08-10;2316;1747;216696;181370;71.0;59.4
53;2021-08-11;1678;860;218374;182230;71.5;59.7
53;2021-08-12;1998;983;220372;183213;72.2;60.0
53;2021-08-13;2036;1300;222408;184513;72.8;60.4
53;2021-08-14;66;63;222474;184576;72.9;60.4
53;2021-08-15;1;2;222475;184578;72.9;60.4
53;2021-08-16;1327;1596;223802;186174;73.3;61.0
53;2021-08-17;1546;1654;225348;187828;73.8;61.5
53;2021-08-18;1515;1600;226863;189428;74.3;62.0
53;2021-08-19;1372;1973;228235;191401;74.7;62.7
53;2021-08-20;1093;2079;229328;193480;75.1;63.4
53;2021-08-21;188;342;229516;193822;75.2;63.5
53;2021-08-22;0;0;229516;193822;75.2;63.5
53;2021-08-23;842;1908;230358;195730;75.4;64.1
53;2021-08-24;900;2112;231258;197842;75.7;64.8
53;2021-08-25;904;2266;232162;200108;76.0;65.5
54;2020-12-27;0;0;0;0;0.0;0.0
54;2020-12-28;1;0;1;0;0.0;0.0
54;2020-12-29;0;0;1;0;0.0;0.0
54;2020-12-30;0;0;1;0;0.0;0.0
54;2020-12-31;10;0;11;0;0.0;0.0
54;2021-01-01;0;0;11;0;0.0;0.0
54;2021-01-02;0;0;11;0;0.0;0.0
54;2021-01-03;1;0;12;0;0.0;0.0
54;2021-01-04;163;0;175;0;0.0;0.0
54;2021-01-05;395;0;570;0;0.1;0.0
54;2021-01-06;650;1;1220;1;0.2;0.0
54;2021-01-07;817;2;2037;3;0.3;0.0
54;2021-01-08;706;3;2743;6;0.4;0.0
54;2021-01-09;81;0;2824;6;0.4;0.0
54;2021-01-10;78;0;2902;6;0.4;0.0
54;2021-01-11;974;3;3876;9;0.5;0.0
54;2021-01-12;1181;1;5057;10;0.7;0.0
54;2021-01-13;2424;8;7481;18;1.0;0.0
54;2021-01-14;3400;30;10881;48;1.5;0.0
54;2021-01-15;2720;14;13601;62;1.9;0.0
54;2021-01-16;815;3;14416;65;2.0;0.0
54;2021-01-17;209;0;14625;65;2.0;0.0
54;2021-01-18;1556;6;16181;71;2.2;0.0
54;2021-01-19;1705;0;17886;71;2.4;0.0
54;2021-01-20;1524;4;19410;75;2.7;0.0
54;2021-01-21;1371;4;20781;79;2.8;0.0
54;2021-01-22;1092;8;21873;87;3.0;0.0
54;2021-01-23;478;1;22351;88;3.1;0.0
54;2021-01-24;66;0;22417;88;3.1;0.0
54;2021-01-25;940;30;23357;118;3.2;0.0
54;2021-01-26;142;5;23499;123;3.2;0.0
54;2021-01-27;12;170;23511;293;3.2;0.0
54;2021-01-28;32;230;23543;523;3.2;0.1
54;2021-01-29;18;276;23561;799;3.2;0.1
54;2021-01-30;6;0;23567;799;3.2;0.1
54;2021-01-31;1;0;23568;799;3.2;0.1
54;2021-02-01;13;786;23581;1585;3.2;0.2
54;2021-02-02;22;967;23603;2552;3.2;0.3
54;2021-02-03;364;1530;23967;4082;3.3;0.6
54;2021-02-04;738;2451;24705;6533;3.4;0.9
54;2021-02-05;796;1894;25501;8427;3.5;1.2
54;2021-02-06;204;336;25705;8763;3.5;1.2
54;2021-02-07;4;125;25709;8888;3.5;1.2
54;2021-02-08;117;998;25826;9886;3.5;1.4
54;2021-02-09;305;1071;26131;10957;3.6;1.5
54;2021-02-10;385;796;26516;11753;3.6;1.6
54;2021-02-11;294;819;26810;12572;3.7;1.7
54;2021-02-12;449;1298;27259;13870;3.7;1.9
54;2021-02-13;148;236;27407;14106;3.8;1.9
54;2021-02-14;9;11;27416;14117;3.8;1.9
54;2021-02-15;434;1133;27850;15250;3.8;2.1
54;2021-02-16;401;1224;28251;16474;3.9;2.3
54;2021-02-17;518;957;28769;17431;3.9;2.4
54;2021-02-18;594;781;29363;18212;4.0;2.5
54;2021-02-19;520;777;29883;18989;4.1;2.6
54;2021-02-20;33;283;29916;19272;4.1;2.6
54;2021-02-21;3;25;29919;19297;4.1;2.6
54;2021-02-22;484;603;30403;19900;4.2;2.7
54;2021-02-23;679;558;31082;20458;4.3;2.8
54;2021-02-24;728;354;31810;20812;4.4;2.8
54;2021-02-25;1475;722;33285;21534;4.6;2.9
54;2021-02-26;1773;789;35058;22323;4.8;3.1
54;2021-02-27;698;110;35756;22433;4.9;3.1
54;2021-02-28;11;28;35767;22461;4.9;3.1
54;2021-03-01;651;220;36418;22681;5.0;3.1
54;2021-03-02;1504;145;37922;22826;5.2;3.1
54;2021-03-03;1763;62;39685;22888;5.4;3.1
54;2021-03-04;2028;99;41713;22987;5.7;3.1
54;2021-03-05;2796;144;44509;23131;6.1;3.2
54;2021-03-06;4045;113;48554;23244;6.6;3.2
54;2021-03-07;2626;70;51180;23314;7.0;3.2
54;2021-03-08;1336;65;52516;23379;7.2;3.2
54;2021-03-09;2646;103;55162;23482;7.6;3.2
54;2021-03-10;3195;111;58357;23593;8.0;3.2
54;2021-03-11;3392;102;61749;23695;8.5;3.2
54;2021-03-12;4980;184;66729;23879;9.1;3.3
54;2021-03-13;4205;124;70934;24003;9.7;3.3
54;2021-03-14;543;39;71477;24042;9.8;3.3
54;2021-03-15;1719;103;73196;24145;10.0;3.3
54;2021-03-16;1734;176;74930;24321;10.3;3.3
54;2021-03-17;2082;151;77012;24472;10.5;3.4
54;2021-03-18;2060;171;79072;24643;10.8;3.4
54;2021-03-19;3319;273;82391;24916;11.3;3.4
54;2021-03-20;2311;77;84702;24993;11.6;3.4
54;2021-03-21;295;15;84997;25008;11.6;3.4
54;2021-03-22;1034;334;86031;25342;11.8;3.5
54;2021-03-23;1935;524;87966;25866;12.0;3.5
54;2021-03-24;2194;714;90160;26580;12.3;3.6
54;2021-03-25;3176;730;93336;27310;12.8;3.7
54;2021-03-26;3517;822;96853;28132;13.3;3.9
54;2021-03-27;2419;286;99272;28418;13.6;3.9
54;2021-03-28;278;6;99550;28424;13.6;3.9
54;2021-03-29;1669;387;101219;28811;13.9;3.9
54;2021-03-30;2558;982;103777;29793;14.2;4.1
54;2021-03-31;2598;1156;106375;30949;14.6;4.2
54;2021-04-01;3235;1282;109610;32231;15.0;4.4
54;2021-04-02;2966;1688;112576;33919;15.4;4.6
54;2021-04-03;1263;1312;113839;35231;15.6;4.8
54;2021-04-04;137;422;113976;35653;15.6;4.9
54;2021-04-05;145;575;114121;36228;15.6;5.0
54;2021-04-06;1268;1668;115389;37896;15.8;5.2
54;2021-04-07;925;2267;116314;40163;15.9;5.5
54;2021-04-08;2327;2446;118641;42609;16.2;5.8
54;2021-04-09;4126;3158;122767;45767;16.8;6.3
54;2021-04-10;3210;1681;125977;47448;17.2;6.5
54;2021-04-11;207;1002;126184;48450;17.3;6.6
54;2021-04-12;2198;1535;128382;49985;17.6;6.8
54;2021-04-13;3002;1980;131384;51965;18.0;7.1
54;2021-04-14;3261;1871;134645;53836;18.4;7.4
54;2021-04-15;2877;2297;137522;56133;18.8;7.7
54;2021-04-16;3140;2603;140662;58736;19.3;8.0
54;2021-04-17;3474;1489;144136;60225;19.7;8.2
54;2021-04-18;64;245;144200;60470;19.7;8.3
54;2021-04-19;2462;1081;146662;61551;20.1;8.4
54;2021-04-20;3011;1250;149673;62801;20.5;8.6
54;2021-04-21;4402;1635;154075;64436;21.1;8.8
54;2021-04-22;3721;2389;157796;66825;21.6;9.1
54;2021-04-23;3866;2077;161662;68902;22.1;9.4
54;2021-04-24;2345;1038;164007;69940;22.5;9.6
54;2021-04-25;283;276;164290;70216;22.5;9.6
54;2021-04-26;2305;1272;166595;71488;22.8;9.8
54;2021-04-27;3288;1439;169883;72927;23.3;10.0
54;2021-04-28;2977;1957;172860;74884;23.7;10.3
54;2021-04-29;3794;2084;176654;76968;24.2;10.5
54;2021-04-30;4491;1978;181145;78946;24.8;10.8
54;2021-05-01;2264;803;183409;79749;25.1;10.9
54;2021-05-02;229;68;183638;79817;25.1;10.9
54;2021-05-03;3094;943;186732;80760;25.6;11.1
54;2021-05-04;3517;1450;190249;82210;26.0;11.3
54;2021-05-05;4896;1413;195145;83623;26.7;11.4
54;2021-05-06;4436;2800;199581;86423;27.3;11.8
54;2021-05-07;4825;3415;204406;89838;28.0;12.3
54;2021-05-08;2030;645;206436;90483;28.3;12.4
54;2021-05-09;375;136;206811;90619;28.3;12.4
54;2021-05-10;3207;2241;210018;92860;28.8;12.7
54;2021-05-11;5491;2936;215509;95796;29.5;13.1
54;2021-05-12;4146;3389;219655;99185;30.1;13.6
54;2021-05-13;2646;491;222301;99676;30.4;13.6
54;2021-05-14;6885;1995;229186;101671;31.4;13.9
54;2021-05-15;5482;1317;234668;102988;32.1;14.1
54;2021-05-16;946;109;235614;103097;32.3;14.1
54;2021-05-17;3795;826;239409;103923;32.8;14.2
54;2021-05-18;3288;1103;242697;105026;33.2;14.4
54;2021-05-19;3466;1513;246163;106539;33.7;14.6
54;2021-05-20;4539;1623;250702;108162;34.3;14.8
54;2021-05-21;6747;2514;257449;110676;35.2;15.2
54;2021-05-22;5659;1365;263108;112041;36.0;15.3
54;2021-05-23;504;54;263612;112095;36.1;15.3
54;2021-05-24;1444;342;265056;112437;36.3;15.4
54;2021-05-25;4191;1541;269247;113978;36.9;15.6
54;2021-05-26;3535;2220;272782;116198;37.3;15.9
54;2021-05-27;4182;2439;276964;118637;37.9;16.2
54;2021-05-28;4977;3566;281941;122203;38.6;16.7
54;2021-05-29;3848;3992;285789;126195;39.1;17.3
54;2021-05-30;127;83;285916;126278;39.1;17.3
54;2021-05-31;2939;3069;288855;129347;39.5;17.7
54;2021-06-01;2621;4204;291476;133551;39.9;18.3
54;2021-06-02;2165;4088;293641;137639;40.2;18.8
54;2021-06-03;3146;5662;296787;143301;40.6;19.6
54;2021-06-04;5100;5485;301887;148786;41.3;20.4
54;2021-06-05;2342;3287;304229;152073;41.7;20.8
54;2021-06-06;71;236;304300;152309;41.7;20.9
54;2021-06-07;3705;2932;308005;155241;42.2;21.3
54;2021-06-08;4542;4272;312547;159513;42.8;21.8
54;2021-06-09;6001;3314;318548;162827;43.6;22.3
54;2021-06-10;5300;4445;323848;167272;44.3;22.9
54;2021-06-11;5019;4916;328867;172188;45.0;23.6
54;2021-06-12;4241;3230;333108;175418;45.6;24.0
54;2021-06-13;54;210;333162;175628;45.6;24.0
54;2021-06-14;2330;3593;335492;179221;45.9;24.5
54;2021-06-15;2825;4735;338317;183956;46.3;25.2
54;2021-06-16;3488;5656;341805;189612;46.8;26.0
54;2021-06-17;3138;5223;344943;194835;47.2;26.7
54;2021-06-18;4156;6240;349099;201075;47.8;27.5
54;2021-06-19;2645;3123;351744;204198;48.2;28.0
54;2021-06-20;101;339;351845;204537;48.2;28.0
54;2021-06-21;2555;4768;354400;209305;48.5;28.7
54;2021-06-22;2042;6227;356442;215532;48.8;29.5
54;2021-06-23;2245;5591;358687;221123;49.1;30.3
54;2021-06-24;2091;3458;360778;224581;49.4;30.7
54;2021-06-25;2200;7057;362978;231638;49.7;31.7
54;2021-06-26;2381;5671;365359;237309;50.0;32.5
54;2021-06-27;133;608;365492;237917;50.0;32.6
54;2021-06-28;1958;4351;367450;242268;50.3;33.2
54;2021-06-29;1937;5208;369387;247476;50.6;33.9
54;2021-06-30;1982;5121;371369;252597;50.8;34.6
54;2021-07-01;2137;5981;373506;258578;51.1;35.4
54;2021-07-02;2817;7561;376323;266139;51.5;36.4
54;2021-07-03;2833;4097;379156;270236;51.9;37.0
54;2021-07-04;194;498;379350;270734;51.9;37.1
54;2021-07-05;1669;4255;381019;274989;52.2;37.6
54;2021-07-06;2001;5075;383020;280064;52.4;38.3
54;2021-07-07;1902;4837;384922;284901;52.7;39.0
54;2021-07-08;1679;4113;386601;289014;52.9;39.6
54;2021-07-09;3204;6024;389805;295038;53.4;40.4
54;2021-07-10;2543;4371;392348;299409;53.7;41.0
54;2021-07-11;8;103;392356;299512;53.7;41.0
54;2021-07-12;2098;4686;394454;304198;54.0;41.6
54;2021-07-13;2618;4972;397072;309170;54.4;42.3
54;2021-07-14;1534;1504;398606;310674;54.6;42.5
54;2021-07-15;3175;4837;401781;315511;55.0;43.2
54;2021-07-16;4665;6227;406446;321738;55.6;44.0
54;2021-07-17;4001;4768;410447;326506;56.2;44.7
54;2021-07-18;1804;1680;412251;328186;56.4;44.9
54;2021-07-19;2585;4040;414836;332226;56.8;45.5
54;2021-07-20;2904;4813;417740;337039;57.2;46.1
54;2021-07-21;3128;6338;420868;343377;57.6;47.0
54;2021-07-22;3268;5737;424136;349114;58.1;47.8
54;2021-07-23;3978;7008;428114;356122;58.6;48.8
54;2021-07-24;2938;5323;431052;361445;59.0;49.5
54;2021-07-25;71;50;431123;361495;59.0;49.5
54;2021-07-26;2973;4174;434096;365669;59.4;50.1
54;2021-07-27;3705;4012;437801;369681;59.9;50.6
54;2021-07-28;5189;3860;442990;373541;60.7;51.1
54;2021-07-29;5128;3215;448118;376756;61.4;51.6
54;2021-07-30;5111;4994;453229;381750;62.1;52.3
54;2021-07-31;4514;3230;457743;384980;62.7;52.7
54;2021-08-01;256;74;457999;385054;62.7;52.7
54;2021-08-02;3059;3708;461058;388762;63.1;53.2
54;2021-08-03;4080;2928;465138;391690;63.7;53.6
54;2021-08-04;4369;2695;469507;394385;64.3;54.0
54;2021-08-05;4551;2427;474058;396812;64.9;54.3
54;2021-08-06;5370;3997;479428;400809;65.6;54.9
54;2021-08-07;3625;2825;483053;403634;66.1;55.3
54;2021-08-08;247;114;483300;403748;66.2;55.3
54;2021-08-09;2888;2690;486188;406438;66.6;55.6
54;2021-08-10;2504;3766;488692;410204;66.9;56.2
54;2021-08-11;2313;2565;491005;412769;67.2;56.5
54;2021-08-12;2148;3008;493153;415777;67.5;56.9
54;2021-08-13;2588;4445;495741;420222;67.9;57.5
54;2021-08-14;1410;2070;497151;422292;68.1;57.8
54;2021-08-15;30;43;497181;422335;68.1;57.8
54;2021-08-16;1821;3427;499002;425762;68.3;58.3
54;2021-08-17;1927;3312;500929;429074;68.6;58.7
54;2021-08-18;1486;4094;502415;433168;68.8;59.3
54;2021-08-19;1242;2787;503657;435955;69.0;59.7
54;2021-08-20;1839;4919;505496;440874;69.2;60.4
54;2021-08-21;1454;4012;506950;444886;69.4;60.9
54;2021-08-22;58;27;507008;444913;69.4;60.9
54;2021-08-23;1200;3839;508208;448752;69.6;61.4
54;2021-08-24;1114;3152;509322;451904;69.7;61.9
54;2021-08-25;1394;4364;510716;456268;69.9;62.5
55;2020-12-27;0;0;0;0;0.0;0.0
55;2020-12-28;0;0;0;0;0.0;0.0
55;2020-12-29;0;0;0;0;0.0;0.0
55;2020-12-30;0;0;0;0;0.0;0.0
55;2020-12-31;0;0;0;0;0.0;0.0
55;2021-01-01;0;0;0;0;0.0;0.0
55;2021-01-02;0;0;0;0;0.0;0.0
55;2021-01-03;0;0;0;0;0.0;0.0
55;2021-01-04;1;0;1;0;0.0;0.0
55;2021-01-05;0;0;1;0;0.0;0.0
55;2021-01-06;0;0;1;0;0.0;0.0
55;2021-01-07;122;0;123;0;0.1;0.0
55;2021-01-08;127;0;250;0;0.1;0.0
55;2021-01-09;52;0;302;0;0.2;0.0
55;2021-01-10;0;0;302;0;0.2;0.0
55;2021-01-11;128;1;430;1;0.2;0.0
55;2021-01-12;119;0;549;1;0.3;0.0
55;2021-01-13;135;0;684;1;0.4;0.0
55;2021-01-14;643;6;1327;7;0.7;0.0
55;2021-01-15;237;0;1564;7;0.9;0.0
55;2021-01-16;62;0;1626;7;0.9;0.0
55;2021-01-17;1;0;1627;7;0.9;0.0
55;2021-01-18;413;1;2040;8;1.1;0.0
55;2021-01-19;352;3;2392;11;1.3;0.0
55;2021-01-20;453;2;2845;13;1.6;0.0
55;2021-01-21;430;0;3275;13;1.8;0.0
55;2021-01-22;391;0;3666;13;2.0;0.0
55;2021-01-23;49;0;3715;13;2.0;0.0
55;2021-01-24;0;0;3715;13;2.0;0.0
55;2021-01-25;436;0;4151;13;2.3;0.0
55;2021-01-26;431;0;4582;13;2.5;0.0
55;2021-01-27;424;0;5006;13;2.8;0.0
55;2021-01-28;485;97;5491;110;3.0;0.1
55;2021-01-29;159;54;5650;164;3.1;0.1
55;2021-01-30;92;28;5742;192;3.2;0.1
55;2021-01-31;0;0;5742;192;3.2;0.1
55;2021-02-01;153;177;5895;369;3.2;0.2
55;2021-02-02;159;147;6054;516;3.3;0.3
55;2021-02-03;53;159;6107;675;3.4;0.4
55;2021-02-04;234;398;6341;1073;3.5;0.6
55;2021-02-05;174;139;6515;1212;3.6;0.7
55;2021-02-06;62;56;6577;1268;3.6;0.7
55;2021-02-07;2;53;6579;1321;3.6;0.7
55;2021-02-08;0;18;6579;1339;3.6;0.7
55;2021-02-09;92;117;6671;1456;3.7;0.8
55;2021-02-10;65;22;6736;1478;3.7;0.8
55;2021-02-11;175;99;6911;1577;3.8;0.9
55;2021-02-12;94;28;7005;1605;3.9;0.9
55;2021-02-13;0;0;7005;1605;3.9;0.9
55;2021-02-14;0;0;7005;1605;3.9;0.9
55;2021-02-15;15;417;7020;2022;3.9;1.1
55;2021-02-16;143;395;7163;2417;3.9;1.3
55;2021-02-17;26;490;7189;2907;4.0;1.6
55;2021-02-18;20;341;7209;3248;4.0;1.8
55;2021-02-19;125;289;7334;3537;4.0;1.9
55;2021-02-20;11;0;7345;3537;4.0;1.9
55;2021-02-21;0;0;7345;3537;4.0;1.9
55;2021-02-22;55;457;7400;3994;4.1;2.2
55;2021-02-23;85;441;7485;4435;4.1;2.4
55;2021-02-24;72;415;7557;4850;4.2;2.7
55;2021-02-25;270;682;7827;5532;4.3;3.0
55;2021-02-26;324;235;8151;5767;4.5;3.2
55;2021-02-27;125;87;8276;5854;4.6;3.2
55;2021-02-28;2;8;8278;5862;4.6;3.2
55;2021-03-01;77;141;8355;6003;4.6;3.3
55;2021-03-02;124;170;8479;6173;4.7;3.4
55;2021-03-03;198;3;8677;6176;4.8;3.4
55;2021-03-04;238;43;8915;6219;4.9;3.4
55;2021-03-05;362;46;9277;6265;5.1;3.4
55;2021-03-06;223;6;9500;6271;5.2;3.5
55;2021-03-07;69;1;9569;6272;5.3;3.5
55;2021-03-08;329;49;9898;6321;5.4;3.5
55;2021-03-09;635;50;10533;6371;5.8;3.5
55;2021-03-10;396;24;10929;6395;6.0;3.5
55;2021-03-11;597;143;11526;6538;6.3;3.6
55;2021-03-12;815;93;12341;6631;6.8;3.7
55;2021-03-13;523;12;12864;6643;7.1;3.7
55;2021-03-14;14;0;12878;6643;7.1;3.7
55;2021-03-15;393;24;13271;6667;7.3;3.7
55;2021-03-16;568;109;13839;6776;7.6;3.7
55;2021-03-17;683;20;14522;6796;8.0;3.7
55;2021-03-18;323;23;14845;6819;8.2;3.8
55;2021-03-19;471;59;15316;6878;8.4;3.8
55;2021-03-20;254;15;15570;6893;8.6;3.8
55;2021-03-21;1;1;15571;6894;8.6;3.8
55;2021-03-22;474;20;16045;6914;8.8;3.8
55;2021-03-23;972;64;17017;6978;9.4;3.8
55;2021-03-24;802;40;17819;7018;9.8;3.9
55;2021-03-25;1098;81;18917;7099;10.4;3.9
55;2021-03-26;602;35;19519;7134;10.7;3.9
55;2021-03-27;255;23;19774;7157;10.9;3.9
55;2021-03-28;0;0;19774;7157;10.9;3.9
55;2021-03-29;944;39;20718;7196;11.4;4.0
55;2021-03-30;1423;72;22141;7268;12.2;4.0
55;2021-03-31;1483;69;23624;7337;13.0;4.0
55;2021-04-01;1206;127;24830;7464;13.7;4.1
55;2021-04-02;902;75;25732;7539;14.2;4.2
55;2021-04-03;93;12;25825;7551;14.2;4.2
55;2021-04-04;2;0;25827;7551;14.2;4.2
55;2021-04-05;6;12;25833;7563;14.2;4.2
55;2021-04-06;933;275;26766;7838;14.7;4.3
55;2021-04-07;993;237;27759;8075;15.3;4.4
55;2021-04-08;1648;422;29407;8497;16.2;4.7
55;2021-04-09;1429;262;30836;8759;17.0;4.8
55;2021-04-10;242;174;31078;8933;17.1;4.9
55;2021-04-11;452;21;31530;8954;17.4;4.9
55;2021-04-12;855;329;32385;9283;17.8;5.1
55;2021-04-13;1355;530;33740;9813;18.6;5.4
55;2021-04-14;1372;728;35112;10541;19.3;5.8
55;2021-04-15;1636;459;36748;11000;20.2;6.1
55;2021-04-16;705;378;37453;11378;20.6;6.3
55;2021-04-17;677;30;38130;11408;21.0;6.3
55;2021-04-18;38;18;38168;11426;21.0;6.3
55;2021-04-19;961;347;39129;11773;21.5;6.5
55;2021-04-20;1173;774;40302;12547;22.2;6.9
55;2021-04-21;990;640;41292;13187;22.7;7.3
55;2021-04-22;1099;679;42391;13866;23.3;7.6
55;2021-04-23;1424;596;43815;14462;24.1;8.0
55;2021-04-24;313;124;44128;14586;24.3;8.0
55;2021-04-25;384;51;44512;14637;24.5;8.1
55;2021-04-26;478;816;44990;15453;24.8;8.5
55;2021-04-27;570;995;45560;16448;25.1;9.1
55;2021-04-28;931;816;46491;17264;25.6;9.5
55;2021-04-29;1118;857;47609;18121;26.2;10.0
55;2021-04-30;1280;622;48889;18743;26.9;10.3
55;2021-05-01;153;132;49042;18875;27.0;10.4
55;2021-05-02;2;3;49044;18878;27.0;10.4
55;2021-05-03;1208;629;50252;19507;27.7;10.7
55;2021-05-04;683;1178;50935;20685;28.0;11.4
55;2021-05-05;658;1074;51593;21759;28.4;12.0
55;2021-05-06;1347;1159;52940;22918;29.1;12.6
55;2021-05-07;1433;554;54373;23472;29.9;12.9
55;2021-05-08;156;77;54529;23549;30.0;13.0
55;2021-05-09;62;523;54591;24072;30.1;13.3
55;2021-05-10;860;1031;55451;25103;30.5;13.8
55;2021-05-11;1071;1379;56522;26482;31.1;14.6
55;2021-05-12;1031;1766;57553;28248;31.7;15.6
55;2021-05-13;99;75;57652;28323;31.7;15.6
55;2021-05-14;352;558;58004;28881;31.9;15.9
55;2021-05-15;292;492;58296;29373;32.1;16.2
55;2021-05-16;3;10;58299;29383;32.1;16.2
55;2021-05-17;1028;841;59327;30224;32.7;16.6
55;2021-05-18;1567;892;60894;31116;33.5;17.1
55;2021-05-19;1810;782;62704;31898;34.5;17.6
55;2021-05-20;2215;731;64919;32629;35.7;18.0
55;2021-05-21;2011;802;66930;33431;36.8;18.4
55;2021-05-22;198;166;67128;33597;37.0;18.5
55;2021-05-23;23;120;67151;33717;37.0;18.6
55;2021-05-24;0;0;67151;33717;37.0;18.6
55;2021-05-25;1347;653;68498;34370;37.7;18.9
55;2021-05-26;1674;1018;70172;35388;38.6;19.5
55;2021-05-27;1320;981;71492;36369;39.4;20.0
55;2021-05-28;1521;932;73013;37301;40.2;20.5
55;2021-05-29;1402;697;74415;37998;41.0;20.9
55;2021-05-30;15;206;74430;38204;41.0;21.0
55;2021-05-31;1049;1130;75479;39334;41.6;21.7
55;2021-06-01;918;957;76397;40291;42.1;22.2
55;2021-06-02;1163;986;77560;41277;42.7;22.7
55;2021-06-03;703;545;78263;41822;43.1;23.0
55;2021-06-04;1389;1101;79652;42923;43.9;23.6
55;2021-06-05;1366;277;81018;43200;44.6;23.8
55;2021-06-06;0;2;81018;43202;44.6;23.8
55;2021-06-07;790;714;81808;43916;45.0;24.2
55;2021-06-08;699;1075;82507;44991;45.4;24.8
55;2021-06-09;851;871;83358;45862;45.9;25.2
55;2021-06-10;379;275;83737;46137;46.1;25.4
55;2021-06-11;528;1287;84265;47424;46.4;26.1
55;2021-06-12;761;519;85026;47943;46.8;26.4
55;2021-06-13;265;33;85291;47976;47.0;26.4
55;2021-06-14;389;1363;85680;49339;47.2;27.2
55;2021-06-15;574;1212;86254;50551;47.5;27.8
55;2021-06-16;734;832;86988;51383;47.9;28.3
55;2021-06-17;425;859;87413;52242;48.1;28.8
55;2021-06-18;668;1475;88081;53717;48.5;29.6
55;2021-06-19;593;457;88674;54174;48.8;29.8
55;2021-06-20;0;0;88674;54174;48.8;29.8
55;2021-06-21;437;1023;89111;55197;49.1;30.4
55;2021-06-22;335;1014;89446;56211;49.2;30.9
55;2021-06-23;626;1211;90072;57422;49.6;31.6
55;2021-06-24;163;433;90235;57855;49.7;31.9
55;2021-06-25;642;1226;90877;59081;50.0;32.5
55;2021-06-26;418;339;91295;59420;50.3;32.7
55;2021-06-27;1;2;91296;59422;50.3;32.7
55;2021-06-28;149;1380;91445;60802;50.3;33.5
55;2021-06-29;202;1289;91647;62091;50.5;34.2
55;2021-06-30;271;1932;91918;64023;50.6;35.2
55;2021-07-01;387;1978;92305;66001;50.8;36.3
55;2021-07-02;391;1719;92696;67720;51.0;37.3
55;2021-07-03;108;262;92804;67982;51.1;37.4
55;2021-07-04;12;19;92816;68001;51.1;37.4
55;2021-07-05;222;1508;93038;69509;51.2;38.3
55;2021-07-06;326;899;93364;70408;51.4;38.8
55;2021-07-07;388;1802;93752;72210;51.6;39.8
55;2021-07-08;536;1594;94288;73804;51.9;40.6
55;2021-07-09;455;1479;94743;75283;52.2;41.4
55;2021-07-10;356;1111;95099;76394;52.4;42.1
55;2021-07-11;0;9;95099;76403;52.4;42.1
55;2021-07-12;608;1166;95707;77569;52.7;42.7
55;2021-07-13;599;1486;96306;79055;53.0;43.5
55;2021-07-14;0;13;96306;79068;53.0;43.5
55;2021-07-15;782;1647;97088;80715;53.5;44.4
55;2021-07-16;1254;1811;98342;82526;54.1;45.4
55;2021-07-17;1282;822;99624;83348;54.8;45.9
55;2021-07-18;1;2;99625;83350;54.8;45.9
55;2021-07-19;597;785;100222;84135;55.2;46.3
55;2021-07-20;995;1026;101217;85161;55.7;46.9
55;2021-07-21;1480;1368;102697;86529;56.5;47.6
55;2021-07-22;1169;566;103866;87095;57.2;47.9
55;2021-07-23;1107;1352;104973;88447;57.8;48.7
55;2021-07-24;817;762;105790;89209;58.2;49.1
55;2021-07-25;119;229;105909;89438;58.3;49.2
55;2021-07-26;668;443;106577;89881;58.7;49.5
55;2021-07-27;1156;477;107733;90358;59.3;49.7
55;2021-07-28;1038;1066;108771;91424;59.9;50.3
55;2021-07-29;669;449;109440;91873;60.3;50.6
55;2021-07-30;1269;964;110709;92837;60.9;51.1
55;2021-07-31;708;614;111417;93451;61.3;51.4
55;2021-08-01;9;5;111426;93456;61.3;51.5
55;2021-08-02;611;444;112037;93900;61.7;51.7
55;2021-08-03;640;419;112677;94319;62.0;51.9
55;2021-08-04;1245;955;113922;95274;62.7;52.5
55;2021-08-05;999;320;114921;95594;63.3;52.6
55;2021-08-06;811;1096;115732;96690;63.7;53.2
55;2021-08-07;595;335;116327;97025;64.0;53.4
55;2021-08-08;0;0;116327;97025;64.0;53.4
55;2021-08-09;398;306;116725;97331;64.3;53.6
55;2021-08-10;434;775;117159;98106;64.5;54.0
55;2021-08-11;590;643;117749;98749;64.8;54.4
55;2021-08-12;322;488;118071;99237;65.0;54.6
55;2021-08-13;426;1109;118497;100346;65.2;55.2
55;2021-08-14;135;191;118632;100537;65.3;55.3
55;2021-08-15;11;5;118643;100542;65.3;55.4
55;2021-08-16;245;739;118888;101281;65.5;55.8
55;2021-08-17;253;291;119141;101572;65.6;55.9
55;2021-08-18;539;1241;119680;102813;65.9;56.6
55;2021-08-19;449;959;120129;103772;66.1;57.1
55;2021-08-20;562;1012;120691;104784;66.4;57.7
55;2021-08-21;292;771;120983;105555;66.6;58.1
55;2021-08-22;8;6;120991;105561;66.6;58.1
55;2021-08-23;333;608;121324;106169;66.8;58.4
55;2021-08-24;299;830;121623;106999;67.0;58.9
55;2021-08-25;660;1167;122283;108166;67.3;59.5
56;2020-12-27;0;0;0;0;0.0;0.0
56;2020-12-28;1;0;1;0;0.0;0.0
56;2020-12-29;0;0;1;0;0.0;0.0
56;2020-12-30;0;0;1;0;0.0;0.0
56;2020-12-31;0;0;1;0;0.0;0.0
56;2021-01-01;0;0;1;0;0.0;0.0
56;2021-01-02;1;0;2;0;0.0;0.0
56;2021-01-03;0;0;2;0;0.0;0.0
56;2021-01-04;1;0;3;0;0.0;0.0
56;2021-01-05;1;0;4;0;0.0;0.0
56;2021-01-06;2;0;6;0;0.0;0.0
56;2021-01-07;198;0;204;0;0.0;0.0
56;2021-01-08;119;0;323;0;0.0;0.0
56;2021-01-09;1;0;324;0;0.0;0.0
56;2021-01-10;1;0;325;0;0.0;0.0
56;2021-01-11;242;0;567;0;0.1;0.0
56;2021-01-12;754;0;1321;0;0.2;0.0
56;2021-01-13;638;1;1959;1;0.3;0.0
56;2021-01-14;969;2;2928;3;0.4;0.0
56;2021-01-15;843;5;3771;8;0.5;0.0
56;2021-01-16;234;3;4005;11;0.5;0.0
56;2021-01-17;27;0;4032;11;0.5;0.0
56;2021-01-18;1004;1;5036;12;0.7;0.0
56;2021-01-19;851;1;5887;13;0.8;0.0
56;2021-01-20;884;1;6771;14;0.9;0.0
56;2021-01-21;1461;2;8232;16;1.1;0.0
56;2021-01-22;1181;3;9413;19;1.2;0.0
56;2021-01-23;319;2;9732;21;1.3;0.0
56;2021-01-24;6;0;9738;21;1.3;0.0
56;2021-01-25;826;0;10564;21;1.4;0.0
56;2021-01-26;1038;4;11602;25;1.5;0.0
56;2021-01-27;1082;62;12684;87;1.7;0.0
56;2021-01-28;975;123;13659;210;1.8;0.0
56;2021-01-29;873;107;14532;317;1.9;0.0
56;2021-01-30;139;19;14671;336;1.9;0.0
56;2021-01-31;0;0;14671;336;1.9;0.0
56;2021-02-01;479;155;15150;491;2.0;0.1
56;2021-02-02;941;257;16091;748;2.1;0.1
56;2021-02-03;1023;270;17114;1018;2.3;0.1
56;2021-02-04;4698;353;21812;1371;2.9;0.2
56;2021-02-05;3592;431;25404;1802;3.4;0.2
56;2021-02-06;549;171;25953;1973;3.4;0.3
56;2021-02-07;136;26;26089;1999;3.5;0.3
56;2021-02-08;296;290;26385;2289;3.5;0.3
56;2021-02-09;795;506;27180;2795;3.6;0.4
56;2021-02-10;865;701;28045;3496;3.7;0.5
56;2021-02-11;972;1077;29017;4573;3.8;0.6
56;2021-02-12;1151;641;30168;5214;4.0;0.7
56;2021-02-13;220;103;30388;5317;4.0;0.7
56;2021-02-14;6;46;30394;5363;4.0;0.7
56;2021-02-15;622;1089;31016;6452;4.1;0.9
56;2021-02-16;1220;737;32236;7189;4.3;1.0
56;2021-02-17;1189;958;33425;8147;4.4;1.1
56;2021-02-18;1352;882;34777;9029;4.6;1.2
56;2021-02-19;1322;914;36099;9943;4.8;1.3
56;2021-02-20;365;260;36464;10203;4.8;1.4
56;2021-02-21;0;0;36464;10203;4.8;1.4
56;2021-02-22;374;696;36838;10899;4.9;1.4
56;2021-02-23;741;957;37579;11856;5.0;1.6
56;2021-02-24;915;1185;38494;13041;5.1;1.7
56;2021-02-25;2031;4259;40525;17300;5.4;2.3
56;2021-02-26;2356;2260;42881;19560;5.7;2.6
56;2021-02-27;745;447;43626;20007;5.8;2.6
56;2021-02-28;15;114;43641;20121;5.8;2.7
56;2021-03-01;647;558;44288;20679;5.9;2.7
56;2021-03-02;979;788;45267;21467;6.0;2.8
56;2021-03-03;1150;912;46417;22379;6.1;3.0
56;2021-03-04;1966;1039;48383;23418;6.4;3.1
56;2021-03-05;2581;1430;50964;24848;6.7;3.3
56;2021-03-06;1208;218;52172;25066;6.9;3.3
56;2021-03-07;282;24;52454;25090;6.9;3.3
56;2021-03-08;1140;391;53594;25481;7.1;3.4
56;2021-03-09;2041;632;55635;26113;7.4;3.5
56;2021-03-10;2001;937;57636;27050;7.6;3.6
56;2021-03-11;3253;740;60889;27790;8.1;3.7
56;2021-03-12;4208;826;65097;28616;8.6;3.8
56;2021-03-13;1882;148;66979;28764;8.9;3.8
56;2021-03-14;195;2;67174;28766;8.9;3.8
56;2021-03-15;1283;529;68457;29295;9.1;3.9
56;2021-03-16;1089;1029;69546;30324;9.2;4.0
56;2021-03-17;1360;773;70906;31097;9.4;4.1
56;2021-03-18;1998;1872;72904;32969;9.6;4.4
56;2021-03-19;2939;1399;75843;34368;10.0;4.5
56;2021-03-20;1493;207;77336;34575;10.2;4.6
56;2021-03-21;208;22;77544;34597;10.3;4.6
56;2021-03-22;1610;405;79154;35002;10.5;4.6
56;2021-03-23;2806;687;81960;35689;10.8;4.7
56;2021-03-24;3450;526;85410;36215;11.3;4.8
56;2021-03-25;4237;725;89647;36940;11.9;4.9
56;2021-03-26;5091;781;94738;37721;12.5;5.0
56;2021-03-27;1500;294;96238;38015;12.7;5.0
56;2021-03-28;264;11;96502;38026;12.8;5.0
56;2021-03-29;2234;504;98736;38530;13.1;5.1
56;2021-03-30;3519;784;102255;39314;13.5;5.2
56;2021-03-31;3116;718;105371;40032;13.9;5.3
56;2021-04-01;4073;819;109444;40851;14.5;5.4
56;2021-04-02;3927;950;113371;41801;15.0;5.5
56;2021-04-03;1186;270;114557;42071;15.2;5.6
56;2021-04-04;232;3;114789;42074;15.2;5.6
56;2021-04-05;244;8;115033;42082;15.2;5.6
56;2021-04-06;2824;1233;117857;43315;15.6;5.7
56;2021-04-07;4023;1191;121880;44506;16.1;5.9
56;2021-04-08;5298;1164;127178;45670;16.8;6.0
56;2021-04-09;7389;1283;134567;46953;17.8;6.2
56;2021-04-10;2578;427;137145;47380;18.2;6.3
56;2021-04-11;193;101;137338;47481;18.2;6.3
56;2021-04-12;3933;836;141271;48317;18.7;6.4
56;2021-04-13;5966;1265;147237;49582;19.5;6.6
56;2021-04-14;5168;1430;152405;51012;20.2;6.8
56;2021-04-15;7153;1773;159558;52785;21.1;7.0
56;2021-04-16;7843;2012;167401;54797;22.2;7.3
56;2021-04-17;3132;647;170533;55444;22.6;7.3
56;2021-04-18;528;107;171061;55551;22.6;7.4
56;2021-04-19;3719;1262;174780;56813;23.1;7.5
56;2021-04-20;4107;1978;178887;58791;23.7;7.8
56;2021-04-21;4061;2322;182948;61113;24.2;8.1
56;2021-04-22;5174;1925;188122;63038;24.9;8.3
56;2021-04-23;5169;2415;193291;65453;25.6;8.7
56;2021-04-24;2899;645;196190;66098;26.0;8.7
56;2021-04-25;465;150;196655;66248;26.0;8.8
56;2021-04-26;4707;1668;201362;67916;26.7;9.0
56;2021-04-27;5098;2552;206460;70468;27.3;9.3
56;2021-04-28;4968;2242;211428;72710;28.0;9.6
56;2021-04-29;5842;2941;217270;75651;28.8;10.0
56;2021-04-30;6245;2809;223515;78460;29.6;10.4
56;2021-05-01;2488;362;226003;78822;29.9;10.4
56;2021-05-02;307;254;226310;79076;30.0;10.5
56;2021-05-03;3866;2069;230176;81145;30.5;10.7
56;2021-05-04;4382;3906;234558;85051;31.0;11.3
56;2021-05-05;3522;3876;238080;88927;31.5;11.8
56;2021-05-06;4376;5441;242456;94368;32.1;12.5
56;2021-05-07;4268;5012;246724;99380;32.7;13.2
56;2021-05-08;1644;319;248368;99699;32.9;13.2
56;2021-05-09;495;227;248863;99926;32.9;13.2
56;2021-05-10;3750;3811;252613;103737;33.4;13.7
56;2021-05-11;4170;5052;256783;108789;34.0;14.4
56;2021-05-12;4342;4776;261125;113565;34.6;15.0
56;2021-05-13;2397;1012;263522;114577;34.9;15.2
56;2021-05-14;4228;4362;267750;118939;35.4;15.7
56;2021-05-15;2487;1894;270237;120833;35.8;16.0
56;2021-05-16;237;488;270474;121321;35.8;16.1
56;2021-05-17;2512;3668;272986;124989;36.1;16.5
56;2021-05-18;3520;4085;276506;129074;36.6;17.1
56;2021-05-19;3528;3390;280034;132464;37.1;17.5
56;2021-05-20;3803;4819;283837;137283;37.6;18.2
56;2021-05-21;3745;5235;287582;142518;38.1;18.9
56;2021-05-22;1698;2208;289280;144726;38.3;19.2
56;2021-05-23;284;197;289564;144923;38.3;19.2
56;2021-05-24;2058;498;291622;145421;38.6;19.2
56;2021-05-25;3139;4470;294761;149891;39.0;19.8
56;2021-05-26;3735;3899;298496;153790;39.5;20.4
56;2021-05-27;4361;4870;302857;158660;40.1;21.0
56;2021-05-28;4636;5961;307493;164621;40.7;21.8
56;2021-05-29;1887;1635;309380;166256;40.9;22.0
56;2021-05-30;318;67;309698;166323;41.0;22.0
56;2021-05-31;4502;3221;314200;169544;41.6;22.4
56;2021-06-01;5665;3385;319865;172929;42.3;22.9
56;2021-06-02;5637;2955;325502;175884;43.1;23.3
56;2021-06-03;6188;3310;331690;179194;43.9;23.7
56;2021-06-04;5814;4411;337504;183605;44.7;24.3
56;2021-06-05;4346;2385;341850;185990;45.2;24.6
56;2021-06-06;496;616;342346;186606;45.3;24.7
56;2021-06-07;5104;3173;347450;189779;46.0;25.1
56;2021-06-08;6069;3378;353519;193157;46.8;25.6
56;2021-06-09;6433;2813;359952;195970;47.6;25.9
56;2021-06-10;7480;2874;367432;198844;48.6;26.3
56;2021-06-11;6765;3869;374197;202713;49.5;26.8
56;2021-06-12;5102;2064;379299;204777;50.2;27.1
56;2021-06-13;1980;439;381279;205216;50.5;27.2
56;2021-06-14;3311;4593;384590;209809;50.9;27.8
56;2021-06-15;4204;4899;388794;214708;51.5;28.4
56;2021-06-16;4497;4503;393291;219211;52.1;29.0
56;2021-06-17;4257;4753;397548;223964;52.6;29.6
56;2021-06-18;4517;5975;402065;229939;53.2;30.4
56;2021-06-19;3837;2144;405902;232083;53.7;30.7
56;2021-06-20;1504;340;407406;232423;53.9;30.8
56;2021-06-21;3309;4462;410715;236885;54.4;31.4
56;2021-06-22;3485;5446;414200;242331;54.8;32.1
56;2021-06-23;3762;5062;417962;247393;55.3;32.7
56;2021-06-24;3477;5320;421439;252713;55.8;33.4
56;2021-06-25;3883;6279;425322;258992;56.3;34.3
56;2021-06-26;3203;2915;428525;261907;56.7;34.7
56;2021-06-27;305;162;428830;262069;56.8;34.7
56;2021-06-28;1576;3981;430406;266050;57.0;35.2
56;2021-06-29;2436;5773;432842;271823;57.3;36.0
56;2021-06-30;2496;5559;435338;277382;57.6;36.7
56;2021-07-01;2734;4958;438072;282340;58.0;37.4
56;2021-07-02;2657;6207;440729;288547;58.3;38.2
56;2021-07-03;2205;2683;442934;291230;58.6;38.5
56;2021-07-04;779;811;443713;292041;58.7;38.7
56;2021-07-05;1872;5444;445585;297485;59.0;39.4
56;2021-07-06;2189;5936;447774;303421;59.3;40.2
56;2021-07-07;2845;5644;450619;309065;59.6;40.9
56;2021-07-08;3083;6038;453702;315103;60.0;41.7
56;2021-07-09;2218;7100;455920;322203;60.3;42.6
56;2021-07-10;1128;3004;457048;325207;60.5;43.0
56;2021-07-11;256;344;457304;325551;60.5;43.1
56;2021-07-12;2180;6606;459484;332157;60.8;44.0
56;2021-07-13;3260;7465;462744;339622;61.2;44.9
56;2021-07-14;1784;2589;464528;342211;61.5;45.3
56;2021-07-15;3820;7066;468348;349277;62.0;46.2
56;2021-07-16;4075;8097;472423;357374;62.5;47.3
56;2021-07-17;2319;3520;474742;360894;62.8;47.8
56;2021-07-18;256;478;474998;361372;62.9;47.8
56;2021-07-19;2865;6356;477863;367728;63.2;48.7
56;2021-07-20;3723;7916;481586;375644;63.7;49.7
56;2021-07-21;3092;7520;484678;383164;64.1;50.7
56;2021-07-22;4390;8028;489068;391192;64.7;51.8
56;2021-07-23;4381;8409;493449;399601;65.3;52.9
56;2021-07-24;1686;4600;495135;404201;65.5;53.5
56;2021-07-25;550;1919;495685;406120;65.6;53.8
56;2021-07-26;3668;5466;499353;411586;66.1;54.5
56;2021-07-27;5367;6201;504720;417787;66.8;55.3
56;2021-07-28;4686;5463;509406;423250;67.4;56.0
56;2021-07-29;5376;5631;514782;428881;68.1;56.8
56;2021-07-30;5376;5854;520158;434735;68.8;57.5
56;2021-07-31;2148;2695;522306;437430;69.1;57.9
56;2021-08-01;1199;977;523505;438407;69.3;58.0
56;2021-08-02;4504;4602;528009;443009;69.9;58.6
56;2021-08-03;6368;4957;534377;447966;70.7;59.3
56;2021-08-04;5937;4355;540314;452321;71.5;59.9
56;2021-08-05;6064;4606;546378;456927;72.3;60.5
56;2021-08-06;5773;4912;552151;461839;73.1;61.1
56;2021-08-07;2839;2228;554990;464067;73.5;61.4
56;2021-08-08;1814;561;556804;464628;73.7;61.5
56;2021-08-09;3898;4266;560702;468894;74.2;62.1
56;2021-08-10;4918;4608;565620;473502;74.9;62.7
56;2021-08-11;4541;4138;570161;477640;75.5;63.2
56;2021-08-12;4463;4537;574624;482177;76.1;63.8
56;2021-08-13;4192;4808;578816;486985;76.6;64.5
56;2021-08-14;1772;2136;580588;489121;76.8;64.7
56;2021-08-15;349;485;580937;489606;76.9;64.8
56;2021-08-16;3048;4517;583985;494123;77.3;65.4
56;2021-08-17;3740;5049;587725;499172;77.8;66.1
56;2021-08-18;3724;4601;591449;503773;78.3;66.7
56;2021-08-19;3052;4985;594501;508758;78.7;67.3
56;2021-08-20;2889;5260;597390;514018;79.1;68.0
56;2021-08-21;1150;2397;598540;516415;79.2;68.3
56;2021-08-22;129;503;598669;516918;79.2;68.4
56;2021-08-23;1919;4961;600588;521879;79.5;69.1
56;2021-08-24;1917;5514;602505;527393;79.7;69.8
56;2021-08-25;1668;5055;604173;532448;80.0;70.5
57;2020-12-27;2;0;2;0;0.0;0.0
57;2020-12-28;0;0;2;0;0.0;0.0
57;2020-12-29;1;0;3;0;0.0;0.0
57;2020-12-30;1;0;4;0;0.0;0.0
57;2020-12-31;0;0;4;0;0.0;0.0
57;2021-01-01;0;0;4;0;0.0;0.0
57;2021-01-02;3;0;7;0;0.0;0.0
57;2021-01-03;0;0;7;0;0.0;0.0
57;2021-01-04;16;0;23;0;0.0;0.0
57;2021-01-05;199;0;222;0;0.0;0.0
57;2021-01-06;226;1;448;1;0.0;0.0
57;2021-01-07;584;2;1032;3;0.1;0.0
57;2021-01-08;509;2;1541;5;0.1;0.0
57;2021-01-09;202;0;1743;5;0.2;0.0
57;2021-01-10;108;1;1851;6;0.2;0.0
57;2021-01-11;470;1;2321;7;0.2;0.0
57;2021-01-12;613;6;2934;13;0.3;0.0
57;2021-01-13;695;2;3629;15;0.4;0.0
57;2021-01-14;707;6;4336;21;0.4;0.0
57;2021-01-15;636;5;4972;26;0.5;0.0
57;2021-01-16;452;1;5424;27;0.5;0.0
57;2021-01-17;493;1;5917;28;0.6;0.0
57;2021-01-18;2714;20;8631;48;0.8;0.0
57;2021-01-19;2568;19;11199;67;1.1;0.0
57;2021-01-20;2763;20;13962;87;1.3;0.0
57;2021-01-21;1794;5;15756;92;1.5;0.0
57;2021-01-22;1324;8;17080;100;1.6;0.0
57;2021-01-23;543;16;17623;116;1.7;0.0
57;2021-01-24;1;0;17624;116;1.7;0.0
57;2021-01-25;870;186;18494;302;1.8;0.0
57;2021-01-26;1112;214;19606;516;1.9;0.0
57;2021-01-27;1070;183;20676;699;2.0;0.1
57;2021-01-28;1040;297;21716;996;2.1;0.1
57;2021-01-29;982;396;22698;1392;2.2;0.1
57;2021-01-30;440;92;23138;1484;2.2;0.1
57;2021-01-31;11;27;23149;1511;2.2;0.1
57;2021-02-01;826;350;23975;1861;2.3;0.2
57;2021-02-02;989;363;24964;2224;2.4;0.2
57;2021-02-03;986;319;25950;2543;2.5;0.2
57;2021-02-04;1138;807;27088;3350;2.6;0.3
57;2021-02-05;930;356;28018;3706;2.7;0.4
57;2021-02-06;481;348;28499;4054;2.8;0.4
57;2021-02-07;103;335;28602;4389;2.8;0.4
57;2021-02-08;1258;1557;29860;5946;2.9;0.6
57;2021-02-09;1762;1676;31622;7622;3.1;0.7
57;2021-02-10;1712;2074;33334;9696;3.2;0.9
57;2021-02-11;1486;1329;34820;11025;3.4;1.1
57;2021-02-12;1227;677;36047;11702;3.5;1.1
57;2021-02-13;1152;178;37199;11880;3.6;1.1
57;2021-02-14;1210;28;38409;11908;3.7;1.1
57;2021-02-15;766;860;39175;12768;3.8;1.2
57;2021-02-16;1072;797;40247;13565;3.9;1.3
57;2021-02-17;1009;959;41256;14524;4.0;1.4
57;2021-02-18;974;1158;42230;15682;4.1;1.5
57;2021-02-19;956;937;43186;16619;4.2;1.6
57;2021-02-20;1173;618;44359;17237;4.3;1.7
57;2021-02-21;323;13;44682;17250;4.3;1.7
57;2021-02-22;1230;912;45912;18162;4.4;1.8
57;2021-02-23;2235;1086;48147;19248;4.6;1.9
57;2021-02-24;2286;1005;50433;20253;4.9;2.0
57;2021-02-25;3298;1119;53731;21372;5.2;2.1
57;2021-02-26;3590;958;57321;22330;5.5;2.2
57;2021-02-27;3689;538;61010;22868;5.9;2.2
57;2021-02-28;1896;60;62906;22928;6.1;2.2
57;2021-03-01;2050;1344;64956;24272;6.3;2.3
57;2021-03-02;2858;1609;67814;25881;6.5;2.5
57;2021-03-03;2805;1617;70619;27498;6.8;2.7
57;2021-03-04;3273;1305;73892;28803;7.1;2.8
57;2021-03-05;4457;1249;78349;30052;7.6;2.9
57;2021-03-06;7245;798;85594;30850;8.3;3.0
57;2021-03-07;6071;278;91665;31128;8.8;3.0
57;2021-03-08;2298;1012;93963;32140;9.1;3.1
57;2021-03-09;3386;1307;97349;33447;9.4;3.2
57;2021-03-10;3581;975;100930;34422;9.7;3.3
57;2021-03-11;4036;1255;104966;35677;10.1;3.4
57;2021-03-12;5106;1218;110072;36895;10.6;3.6
57;2021-03-13;6284;990;116356;37885;11.2;3.7
57;2021-03-14;2424;428;118780;38313;11.5;3.7
57;2021-03-15;2962;880;121742;39193;11.8;3.8
57;2021-03-16;3062;1282;124804;40475;12.0;3.9
57;2021-03-17;3051;1142;127855;41617;12.3;4.0
57;2021-03-18;3401;1079;131256;42696;12.7;4.1
57;2021-03-19;4626;1043;135882;43739;13.1;4.2
57;2021-03-20;4700;1032;140582;44771;13.6;4.3
57;2021-03-21;1895;256;142477;45027;13.8;4.3
57;2021-03-22;2480;1475;144957;46502;14.0;4.5
57;2021-03-23;3442;2341;148399;48843;14.3;4.7
57;2021-03-24;3896;2152;152295;50995;14.7;4.9
57;2021-03-25;4739;2596;157034;53591;15.2;5.2
57;2021-03-26;4842;2260;161876;55851;15.6;5.4
57;2021-03-27;3710;3156;165586;59007;16.0;5.7
57;2021-03-28;1401;1849;166987;60856;16.1;5.9
57;2021-03-29;1935;2174;168922;63030;16.3;6.1
57;2021-03-30;3300;2488;172222;65518;16.6;6.3
57;2021-03-31;2823;2307;175045;67825;16.9;6.5
57;2021-04-01;3223;3168;178268;70993;17.2;6.9
57;2021-04-02;2391;2579;180659;73572;17.4;7.1
57;2021-04-03;2567;2666;183226;76238;17.7;7.4
57;2021-04-04;593;970;183819;77208;17.7;7.5
57;2021-04-05;1922;669;185741;77877;17.9;7.5
57;2021-04-06;2452;2829;188193;80706;18.2;7.8
57;2021-04-07;3810;3094;192003;83800;18.5;8.1
57;2021-04-08;5612;2909;197615;86709;19.1;8.4
57;2021-04-09;5011;2731;202626;89440;19.6;8.6
57;2021-04-10;2352;3641;204978;93081;19.8;9.0
57;2021-04-11;1099;1891;206077;94972;19.9;9.2
57;2021-04-12;1793;2754;207870;97726;20.1;9.4
57;2021-04-13;1976;3030;209846;100756;20.3;9.7
57;2021-04-14;1919;2994;211765;103750;20.4;10.0
57;2021-04-15;2367;3431;214132;107181;20.7;10.3
57;2021-04-16;2701;3293;216833;110474;20.9;10.7
57;2021-04-17;2473;3182;219306;113656;21.2;11.0
57;2021-04-18;1244;1775;220550;115431;21.3;11.1
57;2021-04-19;2141;2260;222691;117691;21.5;11.4
57;2021-04-20;2514;2784;225205;120475;21.7;11.6
57;2021-04-21;2569;2379;227774;122854;22.0;11.9
57;2021-04-22;3207;2252;230981;125106;22.3;12.1
57;2021-04-23;4055;2579;235036;127685;22.7;12.3
57;2021-04-24;3393;2562;238429;130247;23.0;12.6
57;2021-04-25;757;1127;239186;131374;23.1;12.7
57;2021-04-26;2971;1997;242157;133371;23.4;12.9
57;2021-04-27;3899;2376;246056;135747;23.8;13.1
57;2021-04-28;4212;2592;250268;138339;24.2;13.4
57;2021-04-29;5259;3454;255527;141793;24.7;13.7
57;2021-04-30;4730;3551;260257;145344;25.1;14.0
57;2021-05-01;2352;1685;262609;147029;25.4;14.2
57;2021-05-02;790;913;263399;147942;25.4;14.3
57;2021-05-03;3565;2995;266964;150937;25.8;14.6
57;2021-05-04;4871;3167;271835;154104;26.2;14.9
57;2021-05-05;6123;3173;277958;157277;26.8;15.2
57;2021-05-06;5991;3285;283949;160562;27.4;15.5
57;2021-05-07;6852;3445;290801;164007;28.1;15.8
57;2021-05-08;4052;1607;294853;165614;28.5;16.0
57;2021-05-09;2048;1114;296901;166728;28.7;16.1
57;2021-05-10;5129;3070;302030;169798;29.2;16.4
57;2021-05-11;7449;2852;309479;172650;29.9;16.7
57;2021-05-12;7848;3247;317327;175897;30.6;17.0
57;2021-05-13;4509;913;321836;176810;31.1;17.1
57;2021-05-14;7837;2633;329673;179443;31.8;17.3
57;2021-05-15;5965;2055;335638;181498;32.4;17.5
57;2021-05-16;3309;577;338947;182075;32.7;17.6
57;2021-05-17;3866;2068;342813;184143;33.1;17.8
57;2021-05-18;6292;2104;349105;186247;33.7;18.0
57;2021-05-19;7019;2329;356124;188576;34.4;18.2
57;2021-05-20;6050;2183;362174;190759;35.0;18.4
57;2021-05-21;7564;2919;369738;193678;35.7;18.7
57;2021-05-22;4894;2169;374632;195847;36.2;18.9
57;2021-05-23;1964;432;376596;196279;36.4;18.9
57;2021-05-24;3032;1066;379628;197345;36.6;19.1
57;2021-05-25;5577;2803;385205;200148;37.2;19.3
57;2021-05-26;6377;3182;391582;203330;37.8;19.6
57;2021-05-27;5794;3122;397376;206452;38.4;19.9
57;2021-05-28;7024;4750;404400;211202;39.0;20.4
57;2021-05-29;5223;4251;409623;215453;39.5;20.8
57;2021-05-30;1967;1742;411590;217195;39.7;21.0
57;2021-05-31;4319;3340;415909;220535;40.2;21.3
57;2021-06-01;5935;3714;421844;224249;40.7;21.6
57;2021-06-02;6339;3906;428183;228155;41.3;22.0
57;2021-06-03;6213;3701;434396;231856;41.9;22.4
57;2021-06-04;7569;4990;441965;236846;42.7;22.9
57;2021-06-05;4769;4032;446734;240878;43.1;23.3
57;2021-06-06;1994;890;448728;241768;43.3;23.3
57;2021-06-07;4324;4037;453052;245805;43.7;23.7
57;2021-06-08;6716;4317;459768;250122;44.4;24.1
57;2021-06-09;6884;4157;466652;254279;45.0;24.5
57;2021-06-10;6220;4591;472872;258870;45.6;25.0
57;2021-06-11;5367;5366;478239;264236;46.2;25.5
57;2021-06-12;5743;4453;483982;268689;46.7;25.9
57;2021-06-13;1500;1141;485482;269830;46.9;26.0
57;2021-06-14;3382;4706;488864;274536;47.2;26.5
57;2021-06-15;3815;6020;492679;280556;47.6;27.1
57;2021-06-16;4403;6596;497082;287152;48.0;27.7
57;2021-06-17;4198;6072;501280;293224;48.4;28.3
57;2021-06-18;4275;7306;505555;300530;48.8;29.0
57;2021-06-19;4155;6292;509710;306822;49.2;29.6
57;2021-06-20;987;1667;510697;308489;49.3;29.8
57;2021-06-21;2067;5969;512764;314458;49.5;30.4
57;2021-06-22;2639;7985;515403;322443;49.8;31.1
57;2021-06-23;3075;8389;518478;330832;50.1;31.9
57;2021-06-24;2456;5293;520934;336125;50.3;32.4
57;2021-06-25;2856;7829;523790;343954;50.6;33.2
57;2021-06-26;2870;7259;526660;351213;50.8;33.9
57;2021-06-27;754;2987;527414;354200;50.9;34.2
57;2021-06-28;1591;5078;529005;359278;51.1;34.7
57;2021-06-29;2084;6831;531089;366109;51.3;35.3
57;2021-06-30;3066;7323;534155;373432;51.6;36.1
57;2021-07-01;2693;5959;536848;379391;51.8;36.6
57;2021-07-02;2691;8079;539539;387470;52.1;37.4
57;2021-07-03;3239;6526;542778;393996;52.4;38.0
57;2021-07-04;946;2468;543724;396464;52.5;38.3
57;2021-07-05;1707;4608;545431;401072;52.7;38.7
57;2021-07-06;2424;6480;547855;407552;52.9;39.3
57;2021-07-07;2726;7089;550581;414641;53.2;40.0
57;2021-07-08;2492;5877;553073;420518;53.4;40.6
57;2021-07-09;3426;8416;556499;428934;53.7;41.4
57;2021-07-10;3094;6937;559593;435871;54.0;42.1
57;2021-07-11;855;2232;560448;438103;54.1;42.3
57;2021-07-12;2427;6434;562875;444537;54.3;42.9
57;2021-07-13;4411;7503;567286;452040;54.8;43.6
57;2021-07-14;2824;3840;570110;455880;55.0;44.0
57;2021-07-15;3954;7786;574064;463666;55.4;44.8
57;2021-07-16;5641;9831;579705;473497;56.0;45.7
57;2021-07-17;5823;7288;585528;480785;56.5;46.4
57;2021-07-18;1489;2660;587017;483445;56.7;46.7
57;2021-07-19;2366;6207;589383;489652;56.9;47.3
57;2021-07-20;4325;6912;593708;496564;57.3;47.9
57;2021-07-21;5297;6900;599005;503464;57.8;48.6
57;2021-07-22;5949;5958;604954;509422;58.4;49.2
57;2021-07-23;7020;6393;611974;515815;59.1;49.8
57;2021-07-24;4531;7036;616505;522851;59.5;50.5
57;2021-07-25;1336;1769;617841;524620;59.6;50.6
57;2021-07-26;3717;4496;621558;529116;60.0;51.1
57;2021-07-27;6860;4929;628418;534045;60.7;51.6
57;2021-07-28;7474;4557;635892;538602;61.4;52.0
57;2021-07-29;7609;4580;643501;543182;62.1;52.4
57;2021-07-30;6861;4891;650362;548073;62.8;52.9
57;2021-07-31;5706;5017;656068;553090;63.3;53.4
57;2021-08-01;2023;1114;658091;554204;63.5;53.5
57;2021-08-02;3512;3183;661603;557387;63.9;53.8
57;2021-08-03;5485;4276;667088;561663;64.4;54.2
57;2021-08-04;5213;3468;672301;565131;64.9;54.6
57;2021-08-05;5352;3767;677653;568898;65.4;54.9
57;2021-08-06;5577;4846;683230;573744;66.0;55.4
57;2021-08-07;4540;5147;687770;578891;66.4;55.9
57;2021-08-08;1468;1500;689238;580391;66.5;56.0
57;2021-08-09;2605;3167;691843;583558;66.8;56.3
57;2021-08-10;3490;3785;695333;587343;67.1;56.7
57;2021-08-11;3689;4020;699022;591363;67.5;57.1
57;2021-08-12;3132;5214;702154;596577;67.8;57.6
57;2021-08-13;3454;4721;705608;601298;68.1;58.0
57;2021-08-14;2148;5183;707756;606481;68.3;58.5
57;2021-08-15;528;1090;708284;607571;68.4;58.7
57;2021-08-16;1777;3560;710061;611131;68.5;59.0
57;2021-08-17;2361;5353;712422;616484;68.8;59.5
57;2021-08-18;2434;5369;714856;621853;69.0;60.0
57;2021-08-19;2201;5480;717057;627333;69.2;60.6
57;2021-08-20;2042;6015;719099;633348;69.4;61.1
57;2021-08-21;1861;5378;720960;638726;69.6;61.7
57;2021-08-22;453;1527;721413;640253;69.6;61.8
57;2021-08-23;1136;3710;722549;643963;69.8;62.2
57;2021-08-24;1800;5605;724349;649568;69.9;62.7
57;2021-08-25;1594;5301;725943;654869;70.1;63.2
58;2020-12-27;0;0;0;0;0.0;0.0
58;2020-12-28;0;0;0;0;0.0;0.0
58;2020-12-29;1;0;1;0;0.0;0.0
58;2020-12-30;0;0;1;0;0.0;0.0
58;2020-12-31;0;0;1;0;0.0;0.0
58;2021-01-01;0;0;1;0;0.0;0.0
58;2021-01-02;0;0;1;0;0.0;0.0
58;2021-01-03;1;0;2;0;0.0;0.0
58;2021-01-04;0;0;2;0;0.0;0.0
58;2021-01-05;2;0;4;0;0.0;0.0
58;2021-01-06;145;0;149;0;0.1;0.0
58;2021-01-07;241;0;390;0;0.2;0.0
58;2021-01-08;63;0;453;0;0.2;0.0
58;2021-01-09;1;0;454;0;0.2;0.0
58;2021-01-10;0;0;454;0;0.2;0.0
58;2021-01-11;54;0;508;0;0.3;0.0
58;2021-01-12;258;0;766;0;0.4;0.0
58;2021-01-13;406;0;1172;0;0.6;0.0
58;2021-01-14;291;1;1463;1;0.7;0.0
58;2021-01-15;141;0;1604;1;0.8;0.0
58;2021-01-16;10;1;1614;2;0.8;0.0
58;2021-01-17;0;0;1614;2;0.8;0.0
58;2021-01-18;413;1;2027;3;1.0;0.0
58;2021-01-19;986;2;3013;5;1.5;0.0
58;2021-01-20;1206;2;4219;7;2.1;0.0
58;2021-01-21;962;4;5181;11;2.6;0.0
58;2021-01-22;779;3;5960;14;3.0;0.0
58;2021-01-23;251;0;6211;14;3.1;0.0
58;2021-01-24;2;0;6213;14;3.1;0.0
58;2021-01-25;439;0;6652;14;3.3;0.0
58;2021-01-26;650;4;7302;18;3.7;0.0
58;2021-01-27;604;44;7906;62;4.0;0.0
58;2021-01-28;756;66;8662;128;4.3;0.1
58;2021-01-29;837;7;9499;135;4.8;0.1
58;2021-01-30;281;0;9780;135;4.9;0.1
58;2021-01-31;10;0;9790;135;4.9;0.1
58;2021-02-01;200;71;9990;206;5.0;0.1
58;2021-02-02;566;84;10556;290;5.3;0.1
58;2021-02-03;279;147;10835;437;5.4;0.2
58;2021-02-04;285;93;11120;530;5.6;0.3
58;2021-02-05;184;93;11304;623;5.7;0.3
58;2021-02-06;89;0;11393;623;5.7;0.3
58;2021-02-07;0;0;11393;623;5.7;0.3
58;2021-02-08;306;72;11699;695;5.9;0.3
58;2021-02-09;503;313;12202;1008;6.1;0.5
58;2021-02-10;349;380;12551;1388;6.3;0.7
58;2021-02-11;287;380;12838;1768;6.4;0.9
58;2021-02-12;243;203;13081;1971;6.6;1.0
58;2021-02-13;83;29;13164;2000;6.6;1.0
58;2021-02-14;0;3;13164;2003;6.6;1.0
58;2021-02-15;114;527;13278;2530;6.7;1.3
58;2021-02-16;209;939;13487;3469;6.8;1.7
58;2021-02-17;221;764;13708;4233;6.9;2.1
58;2021-02-18;187;790;13895;5023;7.0;2.5
58;2021-02-19;241;723;14136;5746;7.1;2.9
58;2021-02-20;62;228;14198;5974;7.1;3.0
58;2021-02-21;0;30;14198;6004;7.1;3.0
58;2021-02-22;78;404;14276;6408;7.2;3.2
58;2021-02-23;49;620;14325;7028;7.2;3.5
58;2021-02-24;39;629;14364;7657;7.2;3.8
58;2021-02-25;252;702;14616;8359;7.3;4.2
58;2021-02-26;246;622;14862;8981;7.4;4.5
58;2021-02-27;104;189;14966;9170;7.5;4.6
58;2021-02-28;11;8;14977;9178;7.5;4.6
58;2021-03-01;145;246;15122;9424;7.6;4.7
58;2021-03-02;416;641;15538;10065;7.8;5.0
58;2021-03-03;523;293;16061;10358;8.0;5.2
58;2021-03-04;725;277;16786;10635;8.4;5.3
58;2021-03-05;867;206;17653;10841;8.8;5.4
58;2021-03-06;574;87;18227;10928;9.1;5.5
58;2021-03-07;63;12;18290;10940;9.2;5.5
58;2021-03-08;154;299;18444;11239;9.2;5.6
58;2021-03-09;544;549;18988;11788;9.5;5.9
58;2021-03-10;838;242;19826;12030;9.9;6.0
58;2021-03-11;857;274;20683;12304;10.4;6.2
58;2021-03-12;862;200;21545;12504;10.8;6.3
58;2021-03-13;506;66;22051;12570;11.0;6.3
58;2021-03-14;34;0;22085;12570;11.1;6.3
58;2021-03-15;528;109;22613;12679;11.3;6.4
58;2021-03-16;726;223;23339;12902;11.7;6.5
58;2021-03-17;756;195;24095;13097;12.1;6.6
58;2021-03-18;583;179;24678;13276;12.4;6.7
58;2021-03-19;537;104;25215;13380;12.6;6.7
58;2021-03-20;322;64;25537;13444;12.8;6.7
58;2021-03-21;17;0;25554;13444;12.8;6.7
58;2021-03-22;794;25;26348;13469;13.2;6.7
58;2021-03-23;1636;44;27984;13513;14.0;6.8
58;2021-03-24;1366;74;29350;13587;14.7;6.8
58;2021-03-25;1840;44;31190;13631;15.6;6.8
58;2021-03-26;1415;54;32605;13685;16.3;6.9
58;2021-03-27;358;7;32963;13692;16.5;6.9
58;2021-03-28;20;0;32983;13692;16.5;6.9
58;2021-03-29;639;157;33622;13849;16.8;6.9
58;2021-03-30;1186;255;34808;14104;17.4;7.1
58;2021-03-31;1116;395;35924;14499;18.0;7.3
58;2021-04-01;1547;403;37471;14902;18.8;7.5
58;2021-04-02;1464;367;38935;15269;19.5;7.6
58;2021-04-03;567;150;39502;15419;19.8;7.7
58;2021-04-04;1;1;39503;15420;19.8;7.7
58;2021-04-05;47;0;39550;15420;19.8;7.7
58;2021-04-06;822;344;40372;15764;20.2;7.9
58;2021-04-07;695;552;41067;16316;20.6;8.2
58;2021-04-08;1493;427;42560;16743;21.3;8.4
58;2021-04-09;1774;484;44334;17227;22.2;8.6
58;2021-04-10;652;200;44986;17427;22.5;8.7
58;2021-04-11;17;3;45003;17430;22.5;8.7
58;2021-04-12;1117;502;46120;17932;23.1;9.0
58;2021-04-13;1436;628;47556;18560;23.8;9.3
58;2021-04-14;1339;678;48895;19238;24.5;9.6
58;2021-04-15;1434;603;50329;19841;25.2;9.9
58;2021-04-16;1734;513;52063;20354;26.1;10.2
58;2021-04-17;721;232;52784;20586;26.4;10.3
58;2021-04-18;20;7;52804;20593;26.5;10.3
58;2021-04-19;532;605;53336;21198;26.7;10.6
58;2021-04-20;486;1120;53822;22318;27.0;11.2
58;2021-04-21;626;967;54448;23285;27.3;11.7
58;2021-04-22;767;1524;55215;24809;27.7;12.4
58;2021-04-23;919;785;56134;25594;28.1;12.8
58;2021-04-24;211;205;56345;25799;28.2;12.9
58;2021-04-25;109;9;56454;25808;28.3;12.9
58;2021-04-26;762;247;57216;26055;28.7;13.1
58;2021-04-27;1499;1113;58715;27168;29.4;13.6
58;2021-04-28;1536;1053;60251;28221;30.2;14.1
58;2021-04-29;1442;1045;61693;29266;30.9;14.7
58;2021-04-30;1257;940;62950;30206;31.5;15.1
58;2021-05-01;6;17;62956;30223;31.5;15.1
58;2021-05-02;4;2;62960;30225;31.5;15.1
58;2021-05-03;1043;405;64003;30630;32.1;15.3
58;2021-05-04;1075;1348;65078;31978;32.6;16.0
58;2021-05-05;952;1091;66030;33069;33.1;16.6
58;2021-05-06;1363;1060;67393;34129;33.8;17.1
58;2021-05-07;1110;1091;68503;35220;34.3;17.6
58;2021-05-08;59;60;68562;35280;34.4;17.7
58;2021-05-09;7;21;68569;35301;34.4;17.7
58;2021-05-10;875;993;69444;36294;34.8;18.2
58;2021-05-11;1186;1983;70630;38277;35.4;19.2
58;2021-05-12;1662;1557;72292;39834;36.2;20.0
58;2021-05-13;49;183;72341;40017;36.2;20.0
58;2021-05-14;2311;909;74652;40926;37.4;20.5
58;2021-05-15;1725;457;76377;41383;38.3;20.7
58;2021-05-16;118;33;76495;41416;38.3;20.7
58;2021-05-17;792;610;77287;42026;38.7;21.1
58;2021-05-18;1332;1182;78619;43208;39.4;21.6
58;2021-05-19;1737;549;80356;43757;40.3;21.9
58;2021-05-20;1701;671;82057;44428;41.1;22.3
58;2021-05-21;854;728;82911;45156;41.5;22.6
58;2021-05-22;304;240;83215;45396;41.7;22.7
58;2021-05-23;2;21;83217;45417;41.7;22.8
58;2021-05-24;21;42;83238;45459;41.7;22.8
58;2021-05-25;1388;1153;84626;46612;42.4;23.4
58;2021-05-26;845;841;85471;47453;42.8;23.8
58;2021-05-27;753;944;86224;48397;43.2;24.2
58;2021-05-28;430;910;86654;49307;43.4;24.7
58;2021-05-29;151;212;86805;49519;43.5;24.8
58;2021-05-30;21;19;86826;49538;43.5;24.8
58;2021-05-31;757;399;87583;49937;43.9;25.0
58;2021-06-01;1373;1658;88956;51595;44.6;25.8
58;2021-06-02;1464;1047;90420;52642;45.3;26.4
58;2021-06-03;1026;960;91446;53602;45.8;26.9
58;2021-06-04;843;915;92289;54517;46.2;27.3
58;2021-06-05;272;263;92561;54780;46.4;27.4
58;2021-06-06;24;49;92585;54829;46.4;27.5
58;2021-06-07;712;793;93297;55622;46.7;27.9
58;2021-06-08;1324;1758;94621;57380;47.4;28.7
58;2021-06-09;1419;1008;96040;58388;48.1;29.3
58;2021-06-10;1108;981;97148;59369;48.7;29.7
58;2021-06-11;1031;906;98179;60275;49.2;30.2
58;2021-06-12;1055;415;99234;60690;49.7;30.4
58;2021-06-13;36;33;99270;60723;49.7;30.4
58;2021-06-14;516;1016;99786;61739;50.0;30.9
58;2021-06-15;1595;1757;101381;63496;50.8;31.8
58;2021-06-16;1806;994;103187;64490;51.7;32.3
58;2021-06-17;2024;1112;105211;65602;52.7;32.9
58;2021-06-18;987;1063;106198;66665;53.2;33.4
58;2021-06-19;581;319;106779;66984;53.5;33.6
58;2021-06-20;9;2;106788;66986;53.5;33.6
58;2021-06-21;472;551;107260;67537;53.7;33.8
58;2021-06-22;1028;1967;108288;69504;54.3;34.8
58;2021-06-23;1479;1512;109767;71016;55.0;35.6
58;2021-06-24;728;1025;110495;72041;55.4;36.1
58;2021-06-25;825;1718;111320;73759;55.8;37.0
58;2021-06-26;554;1229;111874;74988;56.1;37.6
58;2021-06-27;18;26;111892;75014;56.1;37.6
58;2021-06-28;463;987;112355;76001;56.3;38.1
58;2021-06-29;623;2160;112978;78161;56.6;39.2
58;2021-06-30;998;1625;113976;79786;57.1;40.0
58;2021-07-01;760;1674;114736;81460;57.5;40.8
58;2021-07-02;444;851;115180;82311;57.7;41.2
58;2021-07-03;249;512;115429;82823;57.8;41.5
58;2021-07-04;12;30;115441;82853;57.8;41.5
58;2021-07-05;511;770;115952;83623;58.1;41.9
58;2021-07-06;695;2121;116647;85744;58.4;43.0
58;2021-07-07;389;954;117036;86698;58.6;43.4
58;2021-07-08;399;1020;117435;87718;58.8;43.9
58;2021-07-09;709;1418;118144;89136;59.2;44.7
58;2021-07-10;260;413;118404;89549;59.3;44.9
58;2021-07-11;175;55;118579;89604;59.4;44.9
58;2021-07-12;197;968;118776;90572;59.5;45.4
58;2021-07-13;932;2501;119708;93073;60.0;46.6
58;2021-07-14;27;62;119735;93135;60.0;46.7
58;2021-07-15;1136;1939;120871;95074;60.6;47.6
58;2021-07-16;1411;1447;122282;96521;61.3;48.4
58;2021-07-17;463;288;122745;96809;61.5;48.5
58;2021-07-18;102;21;122847;96830;61.5;48.5
58;2021-07-19;1650;989;124497;97819;62.4;49.0
58;2021-07-20;1406;2455;125903;100274;63.1;50.2
58;2021-07-21;1177;2009;127080;102283;63.7;51.2
58;2021-07-22;1141;1667;128221;103950;64.2;52.1
58;2021-07-23;1260;1445;129481;105395;64.9;52.8
58;2021-07-24;1000;1274;130481;106669;65.4;53.4
58;2021-07-25;89;39;130570;106708;65.4;53.5
58;2021-07-26;981;860;131551;107568;65.9;53.9
58;2021-07-27;1565;2578;133116;110146;66.7;55.2
58;2021-07-28;1573;1973;134689;112119;67.5;56.2
58;2021-07-29;1575;1623;136264;113742;68.3;57.0
58;2021-07-30;1464;1428;137728;115170;69.0;57.7
58;2021-07-31;564;526;138292;115696;69.3;58.0
58;2021-08-01;34;13;138326;115709;69.3;58.0
58;2021-08-02;1587;863;139913;116572;70.1;58.4
58;2021-08-03;2045;1784;141958;118356;71.1;59.3
58;2021-08-04;1306;1183;143264;119539;71.8;59.9
58;2021-08-05;1621;1181;144885;120720;72.6;60.5
58;2021-08-06;1355;1030;146240;121750;73.3;61.0
58;2021-08-07;312;401;146552;122151;73.4;61.2
58;2021-08-08;30;58;146582;122209;73.4;61.2
58;2021-08-09;1079;1388;147661;123597;74.0;61.9
58;2021-08-10;1778;1389;149439;124986;74.9;62.6
58;2021-08-11;1127;782;150566;125768;75.4;63.0
58;2021-08-12;1062;1111;151628;126879;76.0;63.6
58;2021-08-13;923;953;152551;127832;76.4;64.0
58;2021-08-14;231;315;152782;128147;76.5;64.2
58;2021-08-15;13;27;152795;128174;76.6;64.2
58;2021-08-16;308;1403;153103;129577;76.7;64.9
58;2021-08-17;796;1335;153899;130912;77.1;65.6
58;2021-08-18;763;1173;154662;132085;77.5;66.2
58;2021-08-19;720;1342;155382;133427;77.8;66.8
58;2021-08-20;703;1295;156085;134722;78.2;67.5
58;2021-08-21;248;476;156333;135198;78.3;67.7
58;2021-08-22;9;86;156342;135284;78.3;67.8
58;2021-08-23;416;815;156758;136099;78.5;68.2
58;2021-08-24;510;1477;157268;137576;78.8;68.9
58;2021-08-25;424;1542;157692;139118;79.0;69.7
59;2020-12-27;1;0;1;0;0.0;0.0
59;2020-12-28;27;0;28;0;0.0;0.0
59;2020-12-29;0;0;28;0;0.0;0.0
59;2020-12-30;0;0;28;0;0.0;0.0
59;2020-12-31;1;0;29;0;0.0;0.0
59;2021-01-01;3;0;32;0;0.0;0.0
59;2021-01-02;1;0;33;0;0.0;0.0
59;2021-01-03;4;0;37;0;0.0;0.0
59;2021-01-04;79;0;116;0;0.0;0.0
59;2021-01-05;217;0;333;0;0.0;0.0
59;2021-01-06;430;2;763;2;0.0;0.0
59;2021-01-07;1313;0;2076;2;0.1;0.0
59;2021-01-08;1262;4;3338;6;0.1;0.0
59;2021-01-09;609;3;3947;9;0.2;0.0
59;2021-01-10;427;0;4374;9;0.2;0.0
59;2021-01-11;1846;5;6220;14;0.2;0.0
59;2021-01-12;2471;2;8691;16;0.3;0.0
59;2021-01-13;2367;3;11058;19;0.4;0.0
59;2021-01-14;2757;22;13815;41;0.5;0.0
59;2021-01-15;2274;16;16089;57;0.6;0.0
59;2021-01-16;770;1;16859;58;0.7;0.0
59;2021-01-17;560;1;17419;59;0.7;0.0
59;2021-01-18;3509;15;20928;74;0.8;0.0
59;2021-01-19;4754;10;25682;84;1.0;0.0
59;2021-01-20;4133;12;29815;96;1.2;0.0
59;2021-01-21;4730;40;34545;136;1.3;0.0
59;2021-01-22;4023;11;38568;147;1.5;0.0
59;2021-01-23;1214;3;39782;150;1.5;0.0
59;2021-01-24;168;0;39950;150;1.5;0.0
59;2021-01-25;2729;58;42679;208;1.6;0.0
59;2021-01-26;2804;137;45483;345;1.8;0.0
59;2021-01-27;1736;308;47219;653;1.8;0.0
59;2021-01-28;3399;764;50618;1417;2.0;0.1
59;2021-01-29;2541;796;53159;2213;2.1;0.1
59;2021-01-30;288;175;53447;2388;2.1;0.1
59;2021-01-31;24;0;53471;2388;2.1;0.1
59;2021-02-01;78;863;53549;3251;2.1;0.1
59;2021-02-02;685;1431;54234;4682;2.1;0.2
59;2021-02-03;3749;1441;57983;6123;2.2;0.2
59;2021-02-04;2964;1743;60947;7866;2.4;0.3
59;2021-02-05;1050;1408;61997;9274;2.4;0.4
59;2021-02-06;206;355;62203;9629;2.4;0.4
59;2021-02-07;268;49;62471;9678;2.4;0.4
59;2021-02-08;683;1618;63154;11296;2.4;0.4
59;2021-02-09;1011;1841;64165;13137;2.5;0.5
59;2021-02-10;974;1632;65139;14769;2.5;0.6
59;2021-02-11;1346;1815;66485;16584;2.6;0.6
59;2021-02-12;1413;1648;67898;18232;2.6;0.7
59;2021-02-13;207;745;68105;18977;2.6;0.7
59;2021-02-14;13;42;68118;19019;2.6;0.7
59;2021-02-15;1394;3107;69512;22126;2.7;0.9
59;2021-02-16;1436;3768;70948;25894;2.7;1.0
59;2021-02-17;1620;3819;72568;29713;2.8;1.1
59;2021-02-18;3105;5193;75673;34906;2.9;1.3
59;2021-02-19;3210;3622;78883;38528;3.0;1.5
59;2021-02-20;1414;1588;80297;40116;3.1;1.5
59;2021-02-21;242;263;80539;40379;3.1;1.6
59;2021-02-22;1431;2580;81970;42959;3.2;1.7
59;2021-02-23;2659;2866;84629;45825;3.3;1.8
59;2021-02-24;4107;4064;88736;49889;3.4;1.9
59;2021-02-25;6916;3729;95652;53618;3.7;2.1
59;2021-02-26;6494;1897;102146;55515;3.9;2.1
59;2021-02-27;3095;191;105241;55706;4.1;2.2
59;2021-02-28;208;60;105449;55766;4.1;2.2
59;2021-03-01;3693;668;109142;56434;4.2;2.2
59;2021-03-02;4794;576;113936;57010;4.4;2.2
59;2021-03-03;5747;1003;119683;58013;4.6;2.2
59;2021-03-04;7084;951;126767;58964;4.9;2.3
59;2021-03-05;7832;983;134599;59947;5.2;2.3
59;2021-03-06;11558;532;146157;60479;5.6;2.3
59;2021-03-07;7586;352;153743;60831;5.9;2.3
59;2021-03-08;4496;1097;158239;61928;6.1;2.4
59;2021-03-09;6584;1423;164823;63351;6.4;2.4
59;2021-03-10;7025;1198;171848;64549;6.6;2.5
59;2021-03-11;9472;1881;181320;66430;7.0;2.6
59;2021-03-12;12152;1553;193472;67983;7.5;2.6
59;2021-03-13;16554;1096;210026;69079;8.1;2.7
59;2021-03-14;6961;324;216987;69403;8.4;2.7
59;2021-03-15;5616;1508;222603;70911;8.6;2.7
59;2021-03-16;3739;1327;226342;72238;8.7;2.8
59;2021-03-17;3855;2099;230197;74337;8.9;2.9
59;2021-03-18;3957;2498;234154;76835;9.0;3.0
59;2021-03-19;7742;1834;241896;78669;9.3;3.0
59;2021-03-20;16024;1276;257920;79945;10.0;3.1
59;2021-03-21;6315;444;264235;80389;10.2;3.1
59;2021-03-22;5447;1773;269682;82162;10.4;3.2
59;2021-03-23;7767;2818;277449;84980;10.7;3.3
59;2021-03-24;6860;2968;284309;87948;11.0;3.4
59;2021-03-25;10532;2557;294841;90505;11.4;3.5
59;2021-03-26;12249;2842;307090;93347;11.9;3.6
59;2021-03-27;15276;1141;322366;94488;12.5;3.6
59;2021-03-28;7983;356;330349;94844;12.8;3.7
59;2021-03-29;5495;3203;335844;98047;13.0;3.8
59;2021-03-30;7540;3754;343384;101801;13.3;3.9
59;2021-03-31;6153;4104;349537;105905;13.5;4.1
59;2021-04-01;7488;4923;357025;110828;13.8;4.3
59;2021-04-02;7648;5525;364673;116353;14.1;4.5
59;2021-04-03;13017;4300;377690;120653;14.6;4.7
59;2021-04-04;5347;2184;383037;122837;14.8;4.7
59;2021-04-05;6012;1536;389049;124373;15.0;4.8
59;2021-04-06;5403;4493;394452;128866;15.2;5.0
59;2021-04-07;7625;5440;402077;134306;15.5;5.2
59;2021-04-08;10391;5767;412468;140073;15.9;5.4
59;2021-04-09;13420;5934;425888;146007;16.4;5.6
59;2021-04-10;11478;6141;437366;152148;16.9;5.9
59;2021-04-11;4635;3565;442001;155713;17.1;6.0
59;2021-04-12;6305;4349;448306;160062;17.3;6.2
59;2021-04-13;8935;4794;457241;164856;17.7;6.4
59;2021-04-14;8787;4343;466028;169199;18.0;6.5
59;2021-04-15;10310;4849;476338;174048;18.4;6.7
59;2021-04-16;10882;5504;487220;179552;18.8;6.9
59;2021-04-17;7299;9078;494519;188630;19.1;7.3
59;2021-04-18;3231;4169;497750;192799;19.2;7.4
59;2021-04-19;5045;4301;502795;197100;19.4;7.6
59;2021-04-20;6895;4211;509690;201311;19.7;7.8
59;2021-04-21;6274;4433;515964;205744;19.9;7.9
59;2021-04-22;8611;5513;524575;211257;20.3;8.2
59;2021-04-23;8456;5690;533031;216947;20.6;8.4
59;2021-04-24;5538;8066;538569;225013;20.8;8.7
59;2021-04-25;3244;6081;541813;231094;20.9;8.9
59;2021-04-26;6492;3801;548305;234895;21.2;9.1
59;2021-04-27;8361;5198;556666;240093;21.5;9.3
59;2021-04-28;8772;6583;565438;246676;21.8;9.5
59;2021-04-29;9412;8574;574850;255250;22.2;9.9
59;2021-04-30;10603;8551;585453;263801;22.6;10.2
59;2021-05-01;11997;7594;597450;271395;23.1;10.5
59;2021-05-02;8645;5987;606095;277382;23.4;10.7
59;2021-05-03;9555;5070;615650;282452;23.8;10.9
59;2021-05-04;11426;6011;627076;288463;24.2;11.1
59;2021-05-05;10296;6220;637372;294683;24.6;11.4
59;2021-05-06;11195;8462;648567;303145;25.1;11.7
59;2021-05-07;13297;9632;661864;312777;25.6;12.1
59;2021-05-08;14744;4166;676608;316943;26.1;12.2
59;2021-05-09;11491;3339;688099;320282;26.6;12.4
59;2021-05-10;12746;6650;700845;326932;27.1;12.6
59;2021-05-11;15114;8341;715959;335273;27.7;12.9
59;2021-05-12;16630;8647;732589;343920;28.3;13.3
59;2021-05-13;18441;3455;751030;347375;29.0;13.4
59;2021-05-14;15781;6974;766811;354349;29.6;13.7
59;2021-05-15;23447;5298;790258;359647;30.5;13.9
59;2021-05-16;21184;2414;811442;362061;31.3;14.0
59;2021-05-17;15072;5276;826514;367337;31.9;14.2
59;2021-05-18;16927;5680;843441;373017;32.6;14.4
59;2021-05-19;18320;5110;861761;378127;33.3;14.6
59;2021-05-20;17932;7017;879693;385144;34.0;14.9
59;2021-05-21;18370;8302;898063;393446;34.7;15.2
59;2021-05-22;23814;5691;921877;399137;35.6;15.4
59;2021-05-23;17923;2272;939800;401409;36.3;15.5
59;2021-05-24;16688;2135;956488;403544;36.9;15.6
59;2021-05-25;14991;6680;971479;410224;37.5;15.8
59;2021-05-26;15891;7050;987370;417274;38.1;16.1
59;2021-05-27;16149;9180;1003519;426454;38.8;16.5
59;2021-05-28;15886;11474;1019405;437928;39.4;16.9
59;2021-05-29;14372;8725;1033777;446653;39.9;17.3
59;2021-05-30;8406;1846;1042183;448499;40.3;17.3
59;2021-05-31;14209;7980;1056392;456479;40.8;17.6
59;2021-06-01;15093;10428;1071485;466907;41.4;18.0
59;2021-06-02;14767;9943;1086252;476850;42.0;18.4
59;2021-06-03;15628;12146;1101880;488996;42.6;18.9
59;2021-06-04;15608;13499;1117488;502495;43.2;19.4
59;2021-06-05;14982;9340;1132470;511835;43.7;19.8
59;2021-06-06;8831;3207;1141301;515042;44.1;19.9
59;2021-06-07;10525;9442;1151826;524484;44.5;20.3
59;2021-06-08;11762;11099;1163588;535583;44.9;20.7
59;2021-06-09;10765;11921;1174353;547504;45.4;21.1
59;2021-06-10;11497;12347;1185850;559851;45.8;21.6
59;2021-06-11;10977;16015;1196827;575866;46.2;22.2
59;2021-06-12;11077;13682;1207904;589548;46.7;22.8
59;2021-06-13;6341;7030;1214245;596578;46.9;23.0
59;2021-06-14;6509;12702;1220754;609280;47.2;23.5
59;2021-06-15;8238;15958;1228992;625238;47.5;24.1
59;2021-06-16;9205;13555;1238197;638793;47.8;24.7
59;2021-06-17;9189;15662;1247386;654455;48.2;25.3
59;2021-06-18;9082;20062;1256468;674517;48.5;26.1
59;2021-06-19;8955;17491;1265423;692008;48.9;26.7
59;2021-06-20;4900;10190;1270323;702198;49.1;27.1
59;2021-06-21;5280;15970;1275603;718168;49.3;27.7
59;2021-06-22;6334;18686;1281937;736854;49.5;28.5
59;2021-06-23;6166;19087;1288103;755941;49.8;29.2
59;2021-06-24;7335;20538;1295438;776479;50.0;30.0
59;2021-06-25;6508;21210;1301946;797689;50.3;30.8
59;2021-06-26;6486;23755;1308432;821444;50.5;31.7
59;2021-06-27;4755;17079;1313187;838523;50.7;32.4
59;2021-06-28;5004;19828;1318191;858351;50.9;33.2
59;2021-06-29;5554;20378;1323745;878729;51.1;33.9
59;2021-06-30;6135;20103;1329880;898832;51.4;34.7
59;2021-07-01;6790;20841;1336670;919673;51.6;35.5
59;2021-07-02;6838;23251;1343508;942924;51.9;36.4
59;2021-07-03;5564;24621;1349072;967545;52.1;37.4
59;2021-07-04;4415;15977;1353487;983522;52.3;38.0
59;2021-07-05;5667;17491;1359154;1001013;52.5;38.7
59;2021-07-06;6600;18806;1365754;1019819;52.8;39.4
59;2021-07-07;6945;17462;1372699;1037281;53.0;40.1
59;2021-07-08;8025;17702;1380724;1054983;53.3;40.7
59;2021-07-09;7703;20304;1388427;1075287;53.6;41.5
59;2021-07-10;7443;18538;1395870;1093825;53.9;42.2
59;2021-07-11;4453;10230;1400323;1104055;54.1;42.6
59;2021-07-12;5908;18044;1406231;1122099;54.3;43.3
59;2021-07-13;9908;20766;1416139;1142865;54.7;44.1
59;2021-07-14;9782;8457;1425921;1151322;55.1;44.5
59;2021-07-15;11631;20418;1437552;1171740;55.5;45.3
59;2021-07-16;13217;20516;1450769;1192256;56.0;46.1
59;2021-07-17;12386;17470;1463155;1209726;56.5;46.7
59;2021-07-18;7958;8679;1471113;1218405;56.8;47.1
59;2021-07-19;10394;16456;1481507;1234861;57.2;47.7
59;2021-07-20;13405;17121;1494912;1251982;57.7;48.4
59;2021-07-21;14519;15592;1509431;1267574;58.3;49.0
59;2021-07-22;17055;15205;1526486;1282779;59.0;49.5
59;2021-07-23;15712;15841;1542198;1298620;59.6;50.2
59;2021-07-24;16340;12290;1558538;1310910;60.2;50.6
59;2021-07-25;11915;7326;1570453;1318236;60.7;50.9
59;2021-07-26;13033;12609;1583486;1330845;61.2;51.4
59;2021-07-27;16203;11977;1599689;1342822;61.8;51.9
59;2021-07-28;17433;11654;1617122;1354476;62.5;52.3
59;2021-07-29;17391;11673;1634513;1366149;63.1;52.8
59;2021-07-30;15900;11606;1650413;1377755;63.7;53.2
59;2021-07-31;13975;9183;1664388;1386938;64.3;53.6
59;2021-08-01;9938;4546;1674326;1391484;64.7;53.7
59;2021-08-02;12100;10016;1686426;1401500;65.1;54.1
59;2021-08-03;13376;10045;1699802;1411545;65.7;54.5
59;2021-08-04;11198;8282;1711000;1419827;66.1;54.8
59;2021-08-05;12651;9792;1723651;1429619;66.6;55.2
59;2021-08-06;12466;11032;1736117;1440651;67.1;55.6
59;2021-08-07;9694;9301;1745811;1449952;67.4;56.0
59;2021-08-08;6925;5248;1752736;1455200;67.7;56.2
59;2021-08-09;8370;10811;1761106;1466011;68.0;56.6
59;2021-08-10;10349;10776;1771455;1476787;68.4;57.0
59;2021-08-11;8629;9308;1780084;1486095;68.8;57.4
59;2021-08-12;8961;12055;1789045;1498150;69.1;57.9
59;2021-08-13;8433;11727;1797478;1509877;69.4;58.3
59;2021-08-14;5923;10378;1803401;1520255;69.7;58.7
59;2021-08-15;3365;4659;1806766;1524914;69.8;58.9
59;2021-08-16;5837;13848;1812603;1538762;70.0;59.4
59;2021-08-17;6913;12753;1819516;1551515;70.3;59.9
59;2021-08-18;5873;11453;1825389;1562968;70.5;60.4
59;2021-08-19;6286;13835;1831675;1576803;70.7;60.9
59;2021-08-20;5780;14544;1837455;1591347;71.0;61.5
59;2021-08-21;4142;10258;1841597;1601605;71.1;61.9
59;2021-08-22;2831;7633;1844428;1609238;71.2;62.2
59;2021-08-23;4745;15693;1849173;1624931;71.4;62.8
59;2021-08-24;5240;15156;1854413;1640087;71.6;63.3
59;2021-08-25;4569;13024;1858982;1653111;71.8;63.9
60;2020-12-27;0;0;0;0;0.0;0.0
60;2020-12-28;0;0;0;0;0.0;0.0
60;2020-12-29;1;0;1;0;0.0;0.0
60;2020-12-30;0;0;1;0;0.0;0.0
60;2020-12-31;0;0;1;0;0.0;0.0
60;2021-01-01;0;0;1;0;0.0;0.0
60;2021-01-02;5;0;6;0;0.0;0.0
60;2021-01-03;1;0;7;0;0.0;0.0
60;2021-01-04;1;0;8;0;0.0;0.0
60;2021-01-05;37;0;45;0;0.0;0.0
60;2021-01-06;188;4;233;4;0.0;0.0
60;2021-01-07;236;4;469;8;0.1;0.0
60;2021-01-08;380;3;849;11;0.1;0.0
60;2021-01-09;3;0;852;11;0.1;0.0
60;2021-01-10;60;0;912;11;0.1;0.0
60;2021-01-11;342;2;1254;13;0.2;0.0
60;2021-01-12;535;2;1789;15;0.2;0.0
60;2021-01-13;476;5;2265;20;0.3;0.0
60;2021-01-14;507;6;2772;26;0.3;0.0
60;2021-01-15;702;7;3474;33;0.4;0.0
60;2021-01-16;124;1;3598;34;0.4;0.0
60;2021-01-17;32;0;3630;34;0.4;0.0
60;2021-01-18;859;6;4489;40;0.5;0.0
60;2021-01-19;1201;10;5690;50;0.7;0.0
60;2021-01-20;1716;13;7406;63;0.9;0.0
60;2021-01-21;2259;10;9665;73;1.2;0.0
60;2021-01-22;1543;14;11208;87;1.4;0.0
60;2021-01-23;499;4;11707;91;1.4;0.0
60;2021-01-24;61;1;11768;92;1.4;0.0
60;2021-01-25;897;14;12665;106;1.5;0.0
60;2021-01-26;950;14;13615;120;1.7;0.0
60;2021-01-27;646;8;14261;128;1.7;0.0
60;2021-01-28;395;168;14656;296;1.8;0.0
60;2021-01-29;77;105;14733;401;1.8;0.0
60;2021-01-30;0;1;14733;402;1.8;0.0
60;2021-01-31;22;61;14755;463;1.8;0.1
60;2021-02-01;39;107;14794;570;1.8;0.1
60;2021-02-02;26;159;14820;729;1.8;0.1
60;2021-02-03;164;237;14984;966;1.8;0.1
60;2021-02-04;170;340;15154;1306;1.8;0.2
60;2021-02-05;315;476;15469;1782;1.9;0.2
60;2021-02-06;64;79;15533;1861;1.9;0.2
60;2021-02-07;31;32;15564;1893;1.9;0.2
60;2021-02-08;328;516;15892;2409;1.9;0.3
60;2021-02-09;319;468;16211;2877;2.0;0.3
60;2021-02-10;554;995;16765;3872;2.0;0.5
60;2021-02-11;937;1130;17702;5002;2.1;0.6
60;2021-02-12;913;857;18615;5859;2.3;0.7
60;2021-02-13;91;309;18706;6168;2.3;0.7
60;2021-02-14;24;91;18730;6259;2.3;0.8
60;2021-02-15;612;808;19342;7067;2.3;0.9
60;2021-02-16;580;925;19922;7992;2.4;1.0
60;2021-02-17;633;932;20555;8924;2.5;1.1
60;2021-02-18;684;826;21239;9750;2.6;1.2
60;2021-02-19;641;766;21880;10516;2.7;1.3
60;2021-02-20;104;189;21984;10705;2.7;1.3
60;2021-02-21;23;121;22007;10826;2.7;1.3
60;2021-02-22;461;873;22468;11699;2.7;1.4
60;2021-02-23;533;787;23001;12486;2.8;1.5
60;2021-02-24;794;556;23795;13042;2.9;1.6
60;2021-02-25;1095;310;24890;13352;3.0;1.6
60;2021-02-26;1298;191;26188;13543;3.2;1.6
60;2021-02-27;666;35;26854;13578;3.3;1.6
60;2021-02-28;7;10;26861;13588;3.3;1.6
60;2021-03-01;894;49;27755;13637;3.4;1.7
60;2021-03-02;1013;167;28768;13804;3.5;1.7
60;2021-03-03;1321;451;30089;14255;3.6;1.7
60;2021-03-04;1726;521;31815;14776;3.9;1.8
60;2021-03-05;1821;291;33636;15067;4.1;1.8
60;2021-03-06;1920;143;35556;15210;4.3;1.8
60;2021-03-07;886;32;36442;15242;4.4;1.8
60;2021-03-08;978;317;37420;15559;4.5;1.9
60;2021-03-09;1642;360;39062;15919;4.7;1.9
60;2021-03-10;1939;433;41001;16352;5.0;2.0
60;2021-03-11;2325;386;43326;16738;5.3;2.0
60;2021-03-12;2595;545;45921;17283;5.6;2.1
60;2021-03-13;3838;213;49759;17496;6.0;2.1
60;2021-03-14;1781;59;51540;17555;6.2;2.1
60;2021-03-15;2091;503;53631;18058;6.5;2.2
60;2021-03-16;1583;625;55214;18683;6.7;2.3
60;2021-03-17;1658;619;56872;19302;6.9;2.3
60;2021-03-18;1759;740;58631;20042;7.1;2.4
60;2021-03-19;2591;532;61222;20574;7.4;2.5
60;2021-03-20;3241;192;64463;20766;7.8;2.5
60;2021-03-21;2125;99;66588;20865;8.1;2.5
60;2021-03-22;2133;714;68721;21579;8.3;2.6
60;2021-03-23;3307;727;72028;22306;8.7;2.7
60;2021-03-24;3070;878;75098;23184;9.1;2.8
60;2021-03-25;3849;855;78947;24039;9.6;2.9
60;2021-03-26;4217;876;83164;24915;10.1;3.0
60;2021-03-27;4142;317;87306;25232;10.6;3.1
60;2021-03-28;2448;81;89754;25313;10.9;3.1
60;2021-03-29;2609;1088;92363;26401;11.2;3.2
60;2021-03-30;3285;1077;95648;27478;11.6;3.3
60;2021-03-31;2669;1148;98317;28626;11.9;3.5
60;2021-04-01;2562;1105;100879;29731;12.2;3.6
60;2021-04-02;3307;1107;104186;30838;12.6;3.7
60;2021-04-03;3170;1014;107356;31852;13.0;3.9
60;2021-04-04;875;484;108231;32336;13.1;3.9
60;2021-04-05;458;82;108689;32418;13.2;3.9
60;2021-04-06;1965;1626;110654;34044;13.4;4.1
60;2021-04-07;1984;1751;112638;35795;13.7;4.3
60;2021-04-08;2612;1495;115250;37290;14.0;4.5
60;2021-04-09;2998;1522;118248;38812;14.3;4.7
60;2021-04-10;2928;1588;121176;40400;14.7;4.9
60;2021-04-11;1047;1000;122223;41400;14.8;5.0
60;2021-04-12;2045;1723;124268;43123;15.1;5.2
60;2021-04-13;2748;1787;127016;44910;15.4;5.4
60;2021-04-14;3144;1822;130160;46732;15.8;5.7
60;2021-04-15;3561;1894;133721;48626;16.2;5.9
60;2021-04-16;3289;1948;137010;50574;16.6;6.1
60;2021-04-17;2848;2173;139858;52747;17.0;6.4
60;2021-04-18;573;1833;140431;54580;17.0;6.6
60;2021-04-19;1742;2214;142173;56794;17.2;6.9
60;2021-04-20;2128;2678;144301;59472;17.5;7.2
60;2021-04-21;2653;2208;146954;61680;17.8;7.5
60;2021-04-22;2631;2512;149585;64192;18.1;7.8
60;2021-04-23;2649;2503;152234;66695;18.5;8.1
60;2021-04-24;2471;3457;154705;70152;18.8;8.5
60;2021-04-25;1162;1965;155867;72117;18.9;8.7
60;2021-04-26;1890;2529;157757;74646;19.1;9.0
60;2021-04-27;2310;2847;160067;77493;19.4;9.4
60;2021-04-28;3061;2399;163128;79892;19.8;9.7
60;2021-04-29;3153;2628;166281;82520;20.2;10.0
60;2021-04-30;3459;2969;169740;85489;20.6;10.4
60;2021-05-01;2355;1124;172095;86613;20.9;10.5
60;2021-05-02;2148;844;174243;87457;21.1;10.6
60;2021-05-03;2955;1854;177198;89311;21.5;10.8
60;2021-05-04;3018;2359;180216;91670;21.8;11.1
60;2021-05-05;3259;2808;183475;94478;22.2;11.5
60;2021-05-06;3649;2482;187124;96960;22.7;11.8
60;2021-05-07;3985;2525;191109;99485;23.2;12.1
60;2021-05-08;3583;975;194692;100460;23.6;12.2
60;2021-05-09;3459;956;198151;101416;24.0;12.3
60;2021-05-10;2391;2294;200542;103710;24.3;12.6
60;2021-05-11;3668;2472;204210;106182;24.8;12.9
60;2021-05-12;4718;2552;208928;108734;25.3;13.2
60;2021-05-13;5292;1127;214220;109861;26.0;13.3
60;2021-05-14;5603;1811;219823;111672;26.6;13.5
60;2021-05-15;6173;1718;225996;113390;27.4;13.7
60;2021-05-16;4861;691;230857;114081;28.0;13.8
60;2021-05-17;3716;1677;234573;115758;28.4;14.0
60;2021-05-18;4049;2081;238622;117839;28.9;14.3
60;2021-05-19;5097;1856;243719;119695;29.5;14.5
60;2021-05-20;5458;1798;249177;121493;30.2;14.7
60;2021-05-21;5974;1980;255151;123473;30.9;15.0
60;2021-05-22;5356;1982;260507;125455;31.6;15.2
60;2021-05-23;4267;658;264774;126113;32.1;15.3
60;2021-05-24;2951;535;267725;126648;32.4;15.3
60;2021-05-25;4138;2004;271863;128652;33.0;15.6
60;2021-05-26;4465;1835;276328;130487;33.5;15.8
60;2021-05-27;4613;1998;280941;132485;34.1;16.1
60;2021-05-28;4628;2509;285569;134994;34.6;16.4
60;2021-05-29;4612;2273;290181;137267;35.2;16.6
60;2021-05-30;1086;349;291267;137616;35.3;16.7
60;2021-05-31;3830;2082;295097;139698;35.8;16.9
60;2021-06-01;4443;2855;299540;142553;36.3;17.3
60;2021-06-02;3913;2451;303453;145004;36.8;17.6
60;2021-06-03;3905;2379;307358;147383;37.3;17.9
60;2021-06-04;4653;2905;312011;150288;37.8;18.2
60;2021-06-05;4303;3422;316314;153710;38.3;18.6
60;2021-06-06;2157;794;318471;154504;38.6;18.7
60;2021-06-07;2777;2761;321248;157265;38.9;19.1
60;2021-06-08;3803;3015;325051;160280;39.4;19.4
60;2021-06-09;3245;3400;328296;163680;39.8;19.8
60;2021-06-10;3456;3370;331752;167050;40.2;20.2
60;2021-06-11;3881;4198;335633;171248;40.7;20.8
60;2021-06-12;3779;4279;339412;175527;41.1;21.3
60;2021-06-13;1156;2225;340568;177752;41.3;21.5
60;2021-06-14;1909;3305;342477;181057;41.5;21.9
60;2021-06-15;3014;4165;345491;185222;41.9;22.4
60;2021-06-16;3252;4491;348743;189713;42.3;23.0
60;2021-06-17;2977;4787;351720;194500;42.6;23.6
60;2021-06-18;2984;4604;354704;199104;43.0;24.1
60;2021-06-19;3144;4727;357848;203831;43.4;24.7
60;2021-06-20;1430;1934;359278;205765;43.5;24.9
60;2021-06-21;1408;4041;360686;209806;43.7;25.4
60;2021-06-22;1759;5293;362445;215099;43.9;26.1
60;2021-06-23;1862;5241;364307;220340;44.2;26.7
60;2021-06-24;1804;5604;366111;225944;44.4;27.4
60;2021-06-25;1903;5730;368014;231674;44.6;28.1
60;2021-06-26;1858;6980;369872;238654;44.8;28.9
60;2021-06-27;715;2594;370587;241248;44.9;29.2
60;2021-06-28;1781;4141;372368;245389;45.1;29.7
60;2021-06-29;2014;5468;374382;250857;45.4;30.4
60;2021-06-30;2298;5359;376680;256216;45.7;31.1
60;2021-07-01;1891;4916;378571;261132;45.9;31.6
60;2021-07-02;2368;5882;380939;267014;46.2;32.4
60;2021-07-03;2402;6164;383341;273178;46.5;33.1
60;2021-07-04;792;2726;384133;275904;46.6;33.4
60;2021-07-05;1657;4402;385790;280306;46.8;34.0
60;2021-07-06;2145;4500;387935;284806;47.0;34.5
60;2021-07-07;2172;5121;390107;289927;47.3;35.1
60;2021-07-08;2673;4693;392780;294620;47.6;35.7
60;2021-07-09;2641;5561;395421;300181;47.9;36.4
60;2021-07-10;2581;5875;398002;306056;48.2;37.1
60;2021-07-11;1214;1942;399216;307998;48.4;37.3
60;2021-07-12;1444;4738;400660;312736;48.6;37.9
60;2021-07-13;2910;5023;403570;317759;48.9;38.5
60;2021-07-14;2582;1407;406152;319166;49.2;38.7
60;2021-07-15;3430;4869;409582;324035;49.6;39.3
60;2021-07-16;3698;5244;413280;329279;50.1;39.9
60;2021-07-17;4080;5136;417360;334415;50.6;40.5
60;2021-07-18;2186;2128;419546;336543;50.8;40.8
60;2021-07-19;2542;3895;422088;340438;51.2;41.3
60;2021-07-20;4190;4901;426278;345339;51.7;41.9
60;2021-07-21;4348;4276;430626;349615;52.2;42.4
60;2021-07-22;4626;4331;435252;353946;52.8;42.9
60;2021-07-23;4981;4903;440233;358849;53.4;43.5
60;2021-07-24;4312;4669;444545;363518;53.9;44.1
60;2021-07-25;2601;1827;447146;365345;54.2;44.3
60;2021-07-26;3376;3761;450522;369106;54.6;44.7
60;2021-07-27;4429;4631;454951;373737;55.1;45.3
60;2021-07-28;4544;3767;459495;377504;55.7;45.8
60;2021-07-29;4895;3712;464390;381216;56.3;46.2
60;2021-07-30;5015;4260;469405;385476;56.9;46.7
60;2021-07-31;4056;3968;473461;389444;57.4;47.2
60;2021-08-01;1682;860;475143;390304;57.6;47.3
60;2021-08-02;3164;2751;478307;393055;58.0;47.6
60;2021-08-03;3579;2894;481886;395949;58.4;48.0
60;2021-08-04;3295;2796;485181;398745;58.8;48.3
60;2021-08-05;3020;2257;488201;401002;59.2;48.6
60;2021-08-06;3818;3062;492019;404064;59.6;49.0
60;2021-08-07;3362;3072;495381;407136;60.0;49.3
60;2021-08-08;1533;905;496914;408041;60.2;49.5
60;2021-08-09;2193;2869;499107;410910;60.5;49.8
60;2021-08-10;3265;3306;502372;414216;60.9;50.2
60;2021-08-11;2781;3231;505153;417447;61.2;50.6
60;2021-08-12;2349;2659;507502;420106;61.5;50.9
60;2021-08-13;2738;2997;510240;423103;61.8;51.3
60;2021-08-14;2537;2725;512777;425828;62.1;51.6
60;2021-08-15;1358;547;514135;426375;62.3;51.7
60;2021-08-16;2036;3773;516171;430148;62.6;52.1
60;2021-08-17;2338;3819;518509;433967;62.8;52.6
60;2021-08-18;1933;3285;520442;437252;63.1;53.0
60;2021-08-19;1633;3088;522075;440340;63.3;53.4
60;2021-08-20;1851;3992;523926;444332;63.5;53.9
60;2021-08-21;1598;3481;525524;447813;63.7;54.3
60;2021-08-22;570;1334;526094;449147;63.8;54.4
60;2021-08-23;1095;3230;527189;452377;63.9;54.8
60;2021-08-24;1362;4485;528551;456862;64.1;55.4
60;2021-08-25;1428;3567;529979;460429;64.2;55.8
61;2020-12-27;0;0;0;0;0.0;0.0
61;2020-12-28;0;0;0;0;0.0;0.0
61;2020-12-29;0;0;0;0;0.0;0.0
61;2020-12-30;0;0;0;0;0.0;0.0
61;2020-12-31;0;0;0;0;0.0;0.0
61;2021-01-01;1;0;1;0;0.0;0.0
61;2021-01-02;1;0;2;0;0.0;0.0
61;2021-01-03;0;0;2;0;0.0;0.0
61;2021-01-04;1;0;3;0;0.0;0.0
61;2021-01-05;3;0;6;0;0.0;0.0
61;2021-01-06;76;0;82;0;0.0;0.0
61;2021-01-07;175;2;257;2;0.1;0.0
61;2021-01-08;406;1;663;3;0.2;0.0
61;2021-01-09;165;1;828;4;0.3;0.0
61;2021-01-10;49;0;877;4;0.3;0.0
61;2021-01-11;396;1;1273;5;0.5;0.0
61;2021-01-12;680;2;1953;7;0.7;0.0
61;2021-01-13;739;1;2692;8;1.0;0.0
61;2021-01-14;530;8;3222;16;1.2;0.0
61;2021-01-15;537;4;3759;20;1.4;0.0
61;2021-01-16;289;1;4048;21;1.5;0.0
61;2021-01-17;846;7;4894;28;1.8;0.0
61;2021-01-18;1913;3;6807;31;2.5;0.0
61;2021-01-19;1323;4;8130;35;2.9;0.0
61;2021-01-20;683;0;8813;35;3.2;0.0
61;2021-01-21;846;1;9659;36;3.5;0.0
61;2021-01-22;764;1;10423;37;3.8;0.0
61;2021-01-23;257;2;10680;39;3.9;0.0
61;2021-01-24;228;0;10908;39;3.9;0.0
61;2021-01-25;578;1;11486;40;4.1;0.0
61;2021-01-26;558;0;12044;40;4.3;0.0
61;2021-01-27;569;14;12613;54;4.6;0.0
61;2021-01-28;464;53;13077;107;4.7;0.0
61;2021-01-29;479;204;13556;311;4.9;0.1
61;2021-01-30;212;3;13768;314;5.0;0.1
61;2021-01-31;106;0;13874;314;5.0;0.1
61;2021-02-01;430;190;14304;504;5.2;0.2
61;2021-02-02;387;424;14691;928;5.3;0.3
61;2021-02-03;413;490;15104;1418;5.5;0.5
61;2021-02-04;390;338;15494;1756;5.6;0.6
61;2021-02-05;538;361;16032;2117;5.8;0.8
61;2021-02-06;200;92;16232;2209;5.9;0.8
61;2021-02-07;45;199;16277;2408;5.9;0.9
61;2021-02-08;540;1408;16817;3816;6.1;1.4
61;2021-02-09;405;808;17222;4624;6.2;1.7
61;2021-02-10;277;559;17499;5183;6.3;1.9
61;2021-02-11;432;563;17931;5746;6.5;2.1
61;2021-02-12;402;736;18333;6482;6.6;2.3
61;2021-02-13;132;431;18465;6913;6.7;2.5
61;2021-02-14;2;314;18467;7227;6.7;2.6
61;2021-02-15;172;845;18639;8072;6.7;2.9
61;2021-02-16;204;681;18843;8753;6.8;3.2
61;2021-02-17;44;638;18887;9391;6.8;3.4
61;2021-02-18;161;524;19048;9915;6.9;3.6
61;2021-02-19;101;391;19149;10306;6.9;3.7
61;2021-02-20;40;238;19189;10544;6.9;3.8
61;2021-02-21;2;155;19191;10699;6.9;3.9
61;2021-02-22;88;566;19279;11265;7.0;4.1
61;2021-02-23;111;495;19390;11760;7.0;4.2
61;2021-02-24;173;571;19563;12331;7.1;4.5
61;2021-02-25;265;446;19828;12777;7.2;4.6
61;2021-02-26;266;466;20094;13243;7.3;4.8
61;2021-02-27;109;227;20203;13470;7.3;4.9
61;2021-02-28;4;122;20207;13592;7.3;4.9
61;2021-03-01;217;612;20424;14204;7.4;5.1
61;2021-03-02;148;700;20572;14904;7.4;5.4
61;2021-03-03;142;448;20714;15352;7.5;5.5
61;2021-03-04;431;447;21145;15799;7.6;5.7
61;2021-03-05;701;297;21846;16096;7.9;5.8
61;2021-03-06;436;231;22282;16327;8.0;5.9
61;2021-03-07;155;2;22437;16329;8.1;5.9
61;2021-03-08;298;314;22735;16643;8.2;6.0
61;2021-03-09;622;185;23357;16828;8.4;6.1
61;2021-03-10;672;189;24029;17017;8.7;6.1
61;2021-03-11;1121;129;25150;17146;9.1;6.2
61;2021-03-12;1467;102;26617;17248;9.6;6.2
61;2021-03-13;775;54;27392;17302;9.9;6.2
61;2021-03-14;226;5;27618;17307;10.0;6.3
61;2021-03-15;814;35;28432;17342;10.3;6.3
61;2021-03-16;720;22;29152;17364;10.5;6.3
61;2021-03-17;761;13;29913;17377;10.8;6.3
61;2021-03-18;858;26;30771;17403;11.1;6.3
61;2021-03-19;1027;49;31798;17452;11.5;6.3
61;2021-03-20;471;15;32269;17467;11.7;6.3
61;2021-03-21;71;2;32340;17469;11.7;6.3
61;2021-03-22;796;89;33136;17558;12.0;6.3
61;2021-03-23;920;39;34056;17597;12.3;6.4
61;2021-03-24;1372;68;35428;17665;12.8;6.4
61;2021-03-25;1876;64;37304;17729;13.5;6.4
61;2021-03-26;1798;44;39102;17773;14.1;6.4
61;2021-03-27;1083;18;40185;17791;14.5;6.4
61;2021-03-28;359;9;40544;17800;14.6;6.4
61;2021-03-29;1271;183;41815;17983;15.1;6.5
61;2021-03-30;1471;96;43286;18079;15.6;6.5
61;2021-03-31;1686;51;44972;18130;16.2;6.5
61;2021-04-01;2051;228;47023;18358;17.0;6.6
61;2021-04-02;1518;432;48541;18790;17.5;6.8
61;2021-04-03;638;288;49179;19078;17.8;6.9
61;2021-04-04;193;1;49372;19079;17.8;6.9
61;2021-04-05;532;8;49904;19087;18.0;6.9
61;2021-04-06;1354;620;51258;19707;18.5;7.1
61;2021-04-07;1699;663;52957;20370;19.1;7.4
61;2021-04-08;2268;826;55225;21196;19.9;7.7
61;2021-04-09;2138;838;57363;22034;20.7;8.0
61;2021-04-10;1534;488;58897;22522;21.3;8.1
61;2021-04-11;238;199;59135;22721;21.4;8.2
61;2021-04-12;1289;736;60424;23457;21.8;8.5
61;2021-04-13;1741;706;62165;24163;22.5;8.7
61;2021-04-14;1734;786;63899;24949;23.1;9.0
61;2021-04-15;2268;781;66167;25730;23.9;9.3
61;2021-04-16;2222;685;68389;26415;24.7;9.5
61;2021-04-17;1487;324;69876;26739;25.2;9.7
61;2021-04-18;538;99;70414;26838;25.4;9.7
61;2021-04-19;938;746;71352;27584;25.8;10.0
61;2021-04-20;1523;786;72875;28370;26.3;10.2
61;2021-04-21;1352;1040;74227;29410;26.8;10.6
61;2021-04-22;1293;1220;75520;30630;27.3;11.1
61;2021-04-23;1218;1151;76738;31781;27.7;11.5
61;2021-04-24;1437;818;78175;32599;28.2;11.8
61;2021-04-25;361;333;78536;32932;28.4;11.9
61;2021-04-26;670;1144;79206;34076;28.6;12.3
61;2021-04-27;1464;1144;80670;35220;29.1;12.7
61;2021-04-28;1387;1390;82057;36610;29.6;13.2
61;2021-04-29;1248;1861;83305;38471;30.1;13.9
61;2021-04-30;1721;1171;85026;39642;30.7;14.3
61;2021-05-01;788;320;85814;39962;31.0;14.4
61;2021-05-02;438;225;86252;40187;31.1;14.5
61;2021-05-03;844;1250;87096;41437;31.5;15.0
61;2021-05-04;1326;1754;88422;43191;31.9;15.6
61;2021-05-05;1009;2030;89431;45221;32.3;16.3
61;2021-05-06;1772;2211;91203;47432;32.9;17.1
61;2021-05-07;1376;1969;92579;49401;33.4;17.8
61;2021-05-08;929;472;93508;49873;33.8;18.0
61;2021-05-09;394;292;93902;50165;33.9;18.1
61;2021-05-10;988;1755;94890;51920;34.3;18.8
61;2021-05-11;1375;1516;96265;53436;34.8;19.3
61;2021-05-12;1869;1593;98134;55029;35.4;19.9
61;2021-05-13;889;490;99023;55519;35.8;20.0
61;2021-05-14;1852;1192;100875;56711;36.4;20.5
61;2021-05-15;2103;1118;102978;57829;37.2;20.9
61;2021-05-16;984;300;103962;58129;37.5;21.0
61;2021-05-17;1312;915;105274;59044;38.0;21.3
61;2021-05-18;2423;893;107697;59937;38.9;21.6
61;2021-05-19;2401;804;110098;60741;39.8;21.9
61;2021-05-20;2214;816;112312;61557;40.6;22.2
61;2021-05-21;2150;860;114462;62417;41.3;22.5
61;2021-05-22;1780;717;116242;63134;42.0;22.8
61;2021-05-23;714;53;116956;63187;42.2;22.8
61;2021-05-24;913;110;117869;63297;42.6;22.9
61;2021-05-25;1992;923;119861;64220;43.3;23.2
61;2021-05-26;2043;930;121904;65150;44.0;23.5
61;2021-05-27;2040;1096;123944;66246;44.8;23.9
61;2021-05-28;2052;1380;125996;67626;45.5;24.4
61;2021-05-29;1464;555;127460;68181;46.0;24.6
61;2021-05-30;450;44;127910;68225;46.2;24.6
61;2021-05-31;1560;939;129470;69164;46.8;25.0
61;2021-06-01;1876;1389;131346;70553;47.4;25.5
61;2021-06-02;1675;1136;133021;71689;48.0;25.9
61;2021-06-03;2249;1111;135270;72800;48.9;26.3
61;2021-06-04;1894;1344;137164;74144;49.5;26.8
61;2021-06-05;1668;1240;138832;75384;50.1;27.2
61;2021-06-06;318;230;139150;75614;50.3;27.3
61;2021-06-07;2189;869;141339;76483;51.0;27.6
61;2021-06-08;1847;1570;143186;78053;51.7;28.2
61;2021-06-09;1974;1185;145160;79238;52.4;28.6
61;2021-06-10;1973;1192;147133;80430;53.1;29.0
61;2021-06-11;1821;1580;148954;82010;53.8;29.6
61;2021-06-12;1423;998;150377;83008;54.3;30.0
61;2021-06-13;340;377;150717;83385;54.4;30.1
61;2021-06-14;1106;1189;151823;84574;54.8;30.5
61;2021-06-15;1213;1695;153036;86269;55.3;31.2
61;2021-06-16;1113;1363;154149;87632;55.7;31.6
61;2021-06-17;1019;1729;155168;89361;56.0;32.3
61;2021-06-18;1522;1669;156690;91030;56.6;32.9
61;2021-06-19;1245;1303;157935;92333;57.0;33.3
61;2021-06-20;289;345;158224;92678;57.1;33.5
61;2021-06-21;808;1630;159032;94308;57.4;34.1
61;2021-06-22;1023;1683;160055;95991;57.8;34.7
61;2021-06-23;967;2437;161022;98428;58.2;35.5
61;2021-06-24;650;1359;161672;99787;58.4;36.0
61;2021-06-25;839;2168;162511;101955;58.7;36.8
61;2021-06-26;624;1953;163135;103908;58.9;37.5
61;2021-06-27;139;799;163274;104707;59.0;37.8
61;2021-06-28;478;2248;163752;106955;59.1;38.6
61;2021-06-29;699;2858;164451;109813;59.4;39.7
61;2021-06-30;771;2463;165222;112276;59.7;40.5
61;2021-07-01;633;1696;165855;113972;59.9;41.2
61;2021-07-02;842;2497;166697;116469;60.2;42.1
61;2021-07-03;416;1912;167113;118381;60.4;42.8
61;2021-07-04;75;637;167188;119018;60.4;43.0
61;2021-07-05;684;1774;167872;120792;60.6;43.6
61;2021-07-06;990;2796;168862;123588;61.0;44.6
61;2021-07-07;734;2362;169596;125950;61.2;45.5
61;2021-07-08;840;1945;170436;127895;61.6;46.2
61;2021-07-09;723;2375;171159;130270;61.8;47.0
61;2021-07-10;464;1771;171623;132041;62.0;47.7
61;2021-07-11;244;489;171867;132530;62.1;47.9
61;2021-07-12;437;2290;172304;134820;62.2;48.7
61;2021-07-13;646;2489;172950;137309;62.5;49.6
61;2021-07-14;149;334;173099;137643;62.5;49.7
61;2021-07-15;815;2813;173914;140456;62.8;50.7
61;2021-07-16;967;2574;174881;143030;63.2;51.7
61;2021-07-17;704;2231;175585;145261;63.4;52.5
61;2021-07-18;339;368;175924;145629;63.5;52.6
61;2021-07-19;937;2403;176861;148032;63.9;53.5
61;2021-07-20;1321;2356;178182;150388;64.3;54.3
61;2021-07-21;1502;2183;179684;152571;64.9;55.1
61;2021-07-22;1751;2187;181435;154758;65.5;55.9
61;2021-07-23;1793;2304;183228;157062;66.2;56.7
61;2021-07-24;1455;2003;184683;159065;66.7;57.4
61;2021-07-25;324;393;185007;159458;66.8;57.6
61;2021-07-26;1251;1931;186258;161389;67.3;58.3
61;2021-07-27;2417;1584;188675;162973;68.1;58.9
61;2021-07-28;2455;1355;191130;164328;69.0;59.3
61;2021-07-29;2556;1575;193686;165903;69.9;59.9
61;2021-07-30;2393;1393;196079;167296;70.8;60.4
61;2021-07-31;1281;1298;197360;168594;71.3;60.9
61;2021-08-01;500;260;197860;168854;71.5;61.0
61;2021-08-02;1910;1119;199770;169973;72.1;61.4
61;2021-08-03;2446;911;202216;170884;73.0;61.7
61;2021-08-04;2339;782;204555;171666;73.9;62.0
61;2021-08-05;1892;989;206447;172655;74.6;62.4
61;2021-08-06;2145;1161;208592;173816;75.3;62.8
61;2021-08-07;1415;796;210007;174612;75.8;63.1
61;2021-08-08;445;263;210452;174875;76.0;63.2
61;2021-08-09;1298;1109;211750;175984;76.5;63.6
61;2021-08-10;1314;1107;213064;177091;76.9;64.0
61;2021-08-11;1116;1256;214180;178347;77.3;64.4
61;2021-08-12;1024;1322;215204;179669;77.7;64.9
61;2021-08-13;867;1607;216071;181276;78.0;65.5
61;2021-08-14;712;859;216783;182135;78.3;65.8
61;2021-08-15;93;184;216876;182319;78.3;65.8
61;2021-08-16;907;1540;217783;183859;78.6;66.4
61;2021-08-17;1145;1695;218928;185554;79.1;67.0
61;2021-08-18;806;1478;219734;187032;79.4;67.5
61;2021-08-19;734;1568;220468;188600;79.6;68.1
61;2021-08-20;800;2129;221268;190729;79.9;68.9
61;2021-08-21;490;1339;221758;192068;80.1;69.4
61;2021-08-22;137;446;221895;192514;80.1;69.5
61;2021-08-23;411;1701;222306;194215;80.3;70.1
61;2021-08-24;515;1894;222821;196109;80.5;70.8
61;2021-08-25;396;1730;223217;197839;80.6;71.4
62;2020-12-27;2;0;2;0;0.0;0.0
62;2020-12-28;2;0;4;0;0.0;0.0
62;2020-12-29;0;0;4;0;0.0;0.0
62;2020-12-30;0;0;4;0;0.0;0.0
62;2020-12-31;0;0;4;0;0.0;0.0
62;2021-01-01;0;0;4;0;0.0;0.0
62;2021-01-02;0;0;4;0;0.0;0.0
62;2021-01-03;0;0;4;0;0.0;0.0
62;2021-01-04;2;0;6;0;0.0;0.0
62;2021-01-05;47;0;53;0;0.0;0.0
62;2021-01-06;123;0;176;0;0.0;0.0
62;2021-01-07;351;0;527;0;0.0;0.0
62;2021-01-08;712;6;1239;6;0.1;0.0
62;2021-01-09;164;1;1403;7;0.1;0.0
62;2021-01-10;84;0;1487;7;0.1;0.0
62;2021-01-11;555;1;2042;8;0.1;0.0
62;2021-01-12;1249;3;3291;11;0.2;0.0
62;2021-01-13;1139;6;4430;17;0.3;0.0
62;2021-01-14;1387;8;5817;25;0.4;0.0
62;2021-01-15;1295;8;7112;33;0.5;0.0
62;2021-01-16;308;3;7420;36;0.5;0.0
62;2021-01-17;107;1;7527;37;0.5;0.0
62;2021-01-18;1666;10;9193;47;0.6;0.0
62;2021-01-19;2103;5;11296;52;0.8;0.0
62;2021-01-20;2055;7;13351;59;0.9;0.0
62;2021-01-21;2230;5;15581;64;1.1;0.0
62;2021-01-22;1834;7;17415;71;1.2;0.0
62;2021-01-23;512;1;17927;72;1.2;0.0
62;2021-01-24;0;0;17927;72;1.2;0.0
62;2021-01-25;1282;7;19209;79;1.3;0.0
62;2021-01-26;1542;15;20751;94;1.4;0.0
62;2021-01-27;1499;173;22250;267;1.5;0.0
62;2021-01-28;4158;384;26408;651;1.8;0.0
62;2021-01-29;2032;332;28440;983;2.0;0.1
62;2021-01-30;159;151;28599;1134;2.0;0.1
62;2021-01-31;22;3;28621;1137;2.0;0.1
62;2021-02-01;46;356;28667;1493;2.0;0.1
62;2021-02-02;59;786;28726;2279;2.0;0.2
62;2021-02-03;44;629;28770;2908;2.0;0.2
62;2021-02-04;81;810;28851;3718;2.0;0.3
62;2021-02-05;80;751;28931;4469;2.0;0.3
62;2021-02-06;27;192;28958;4661;2.0;0.3
62;2021-02-07;237;30;29195;4691;2.0;0.3
62;2021-02-08;130;842;29325;5533;2.0;0.4
62;2021-02-09;226;1092;29551;6625;2.0;0.5
62;2021-02-10;384;1167;29935;7792;2.1;0.5
62;2021-02-11;724;999;30659;8791;2.1;0.6
62;2021-02-12;966;778;31625;9569;2.2;0.7
62;2021-02-13;159;268;31784;9837;2.2;0.7
62;2021-02-14;0;0;31784;9837;2.2;0.7
62;2021-02-15;665;1270;32449;11107;2.2;0.8
62;2021-02-16;922;1780;33371;12887;2.3;0.9
62;2021-02-17;1073;2112;34444;14999;2.4;1.0
62;2021-02-18;2218;3792;36662;18791;2.5;1.3
62;2021-02-19;2309;2543;38971;21334;2.7;1.5
62;2021-02-20;616;477;39587;21811;2.7;1.5
62;2021-02-21;87;50;39674;21861;2.7;1.5
62;2021-02-22;847;966;40521;22827;2.8;1.6
62;2021-02-23;1419;1217;41940;24044;2.9;1.7
62;2021-02-24;1546;649;43486;24693;3.0;1.7
62;2021-02-25;3169;420;46655;25113;3.2;1.7
62;2021-02-26;2910;346;49565;25459;3.4;1.8
62;2021-02-27;1830;99;51395;25558;3.5;1.8
62;2021-02-28;52;42;51447;25600;3.5;1.8
62;2021-03-01;1322;122;52769;25722;3.6;1.8
62;2021-03-02;3156;179;55925;25901;3.8;1.8
62;2021-03-03;3270;129;59195;26030;4.1;1.8
62;2021-03-04;3808;217;63003;26247;4.3;1.8
62;2021-03-05;4644;233;67647;26480;4.7;1.8
62;2021-03-06;9621;269;77268;26749;5.3;1.8
62;2021-03-07;8075;232;85343;26981;5.9;1.9
62;2021-03-08;2195;265;87538;27246;6.0;1.9
62;2021-03-09;3808;385;91346;27631;6.3;1.9
62;2021-03-10;4232;617;95578;28248;6.6;1.9
62;2021-03-11;5995;1539;101573;29787;7.0;2.1
62;2021-03-12;6636;1425;108209;31212;7.4;2.1
62;2021-03-13;14720;813;122929;32025;8.5;2.2
62;2021-03-14;9585;412;132514;32437;9.1;2.2
62;2021-03-15;3764;1021;136278;33458;9.4;2.3
62;2021-03-16;2736;860;139014;34318;9.6;2.4
62;2021-03-17;2804;735;141818;35053;9.8;2.4
62;2021-03-18;2724;944;144542;35997;9.9;2.5
62;2021-03-19;4780;930;149322;36927;10.3;2.5
62;2021-03-20;11067;615;160389;37542;11.0;2.6
62;2021-03-21;9448;370;169837;37912;11.7;2.6
62;2021-03-22;2942;1107;172779;39019;11.9;2.7
62;2021-03-23;4995;1500;177774;40519;12.2;2.8
62;2021-03-24;4693;1406;182467;41925;12.6;2.9
62;2021-03-25;6555;1476;189022;43401;13.0;3.0
62;2021-03-26;7053;1504;196075;44905;13.5;3.1
62;2021-03-27;12592;749;208667;45654;14.4;3.1
62;2021-03-28;6939;284;215606;45938;14.8;3.2
62;2021-03-29;3472;1215;219078;47153;15.1;3.2
62;2021-03-30;4549;2216;223627;49369;15.4;3.4
62;2021-03-31;4223;2480;227850;51849;15.7;3.6
62;2021-04-01;4975;2770;232825;54619;16.0;3.8
62;2021-04-02;5067;3240;237892;57859;16.4;4.0
62;2021-04-03;8210;3357;246102;61216;16.9;4.2
62;2021-04-04;4581;1935;250683;63151;17.3;4.3
62;2021-04-05;944;466;251627;63617;17.3;4.4
62;2021-04-06;4123;3000;255750;66617;17.6;4.6
62;2021-04-07;5060;3515;260810;70132;18.0;4.8
62;2021-04-08;6486;4000;267296;74132;18.4;5.1
62;2021-04-09;7625;3476;274921;77608;18.9;5.3
62;2021-04-10;6633;8081;281554;85689;19.4;5.9
62;2021-04-11;2809;6904;284363;92593;19.6;6.4
62;2021-04-12;3422;2382;287785;94975;19.8;6.5
62;2021-04-13;6172;3166;293957;98141;20.2;6.8
62;2021-04-14;5306;3070;299263;101211;20.6;7.0
62;2021-04-15;5738;2987;305001;104198;21.0;7.2
62;2021-04-16;5418;3200;310419;107398;21.4;7.4
62;2021-04-17;4357;7363;314776;114761;21.7;7.9
62;2021-04-18;1955;6852;316731;121613;21.8;8.4
62;2021-04-19;2779;1927;319510;123540;22.0;8.5
62;2021-04-20;4150;3887;323660;127427;22.3;8.8
62;2021-04-21;3747;3984;327407;131411;22.5;9.0
62;2021-04-22;3948;5195;331355;136606;22.8;9.4
62;2021-04-23;4059;5315;335414;141921;23.1;9.8
62;2021-04-24;4404;6735;339818;148656;23.4;10.2
62;2021-04-25;1911;3502;341729;152158;23.5;10.5
62;2021-04-26;2224;2433;343953;154591;23.7;10.6
62;2021-04-27;4410;3713;348363;158304;24.0;10.9
62;2021-04-28;4587;4383;352950;162687;24.3;11.2
62;2021-04-29;4789;5899;357739;168586;24.6;11.6
62;2021-04-30;5213;5720;362952;174306;25.0;12.0
62;2021-05-01;5727;3473;368679;177779;25.4;12.2
62;2021-05-02;7826;3154;376505;180933;25.9;12.5
62;2021-05-03;4508;2346;381013;183279;26.2;12.6
62;2021-05-04;5397;4982;386410;188261;26.6;13.0
62;2021-05-05;4732;4839;391142;193100;26.9;13.3
62;2021-05-06;5620;4949;396762;198049;27.3;13.6
62;2021-05-07;7684;4683;404446;202732;27.8;14.0
62;2021-05-08;10650;2324;415096;205056;28.6;14.1
62;2021-05-09;8627;1638;423723;206694;29.2;14.2
62;2021-05-10;4866;4027;428589;210721;29.5;14.5
62;2021-05-11;6414;5052;435003;215773;29.9;14.9
62;2021-05-12;8623;4607;443626;220380;30.5;15.2
62;2021-05-13;9998;1491;453624;221871;31.2;15.3
62;2021-05-14;11882;3411;465506;225282;32.0;15.5
62;2021-05-15;19785;3294;485291;228576;33.4;15.7
62;2021-05-16;16396;1414;501687;229990;34.5;15.8
62;2021-05-17;8181;2664;509868;232654;35.1;16.0
62;2021-05-18;9328;3137;519196;235791;35.7;16.2
62;2021-05-19;8615;2929;527811;238720;36.3;16.4
62;2021-05-20;8342;3848;536153;242568;36.9;16.7
62;2021-05-21;9397;4221;545550;246789;37.6;17.0
62;2021-05-22;17876;3538;563426;250327;38.8;17.2
62;2021-05-23;12378;1160;575804;251487;39.6;17.3
62;2021-05-24;3910;584;579714;252071;39.9;17.4
62;2021-05-25;7223;4091;586937;256162;40.4;17.6
62;2021-05-26;6780;4916;593717;261078;40.9;18.0
62;2021-05-27;6384;5697;600101;266775;41.3;18.4
62;2021-05-28;6520;6771;606621;273546;41.8;18.8
62;2021-05-29;10852;5552;617473;279098;42.5;19.2
62;2021-05-30;4037;982;621510;280080;42.8;19.3
62;2021-05-31;4795;3976;626305;284056;43.1;19.6
62;2021-06-01;6520;6537;632825;290593;43.6;20.0
62;2021-06-02;7439;5818;640264;296411;44.1;20.4
62;2021-06-03;7859;5895;648123;302306;44.6;20.8
62;2021-06-04;7905;6262;656028;308568;45.2;21.2
62;2021-06-05;8273;6236;664301;314804;45.7;21.7
62;2021-06-06;3129;1290;667430;316094;45.9;21.8
62;2021-06-07;4621;3769;672051;319863;46.3;22.0
62;2021-06-08;6207;5908;678258;325771;46.7;22.4
62;2021-06-09;5496;4770;683754;330541;47.1;22.8
62;2021-06-10;5206;5885;688960;336426;47.4;23.2
62;2021-06-11;6213;8875;695173;345301;47.9;23.8
62;2021-06-12;5935;8645;701108;353946;48.3;24.4
62;2021-06-13;3230;3802;704338;357748;48.5;24.6
62;2021-06-14;2609;6778;706947;364526;48.7;25.1
62;2021-06-15;4675;8545;711622;373071;49.0;25.7
62;2021-06-16;5084;7432;716706;380503;49.3;26.2
62;2021-06-17;5234;8042;721940;388545;49.7;26.7
62;2021-06-18;4823;10490;726763;399035;50.0;27.5
62;2021-06-19;5799;13442;732562;412477;50.4;28.4
62;2021-06-20;2100;4370;734662;416847;50.6;28.7
62;2021-06-21;2972;8933;737634;425780;50.8;29.3
62;2021-06-22;3429;10176;741063;435956;51.0;30.0
62;2021-06-23;3388;10322;744451;446278;51.2;30.7
62;2021-06-24;3346;11784;747797;458062;51.5;31.5
62;2021-06-25;3726;15768;751523;473830;51.7;32.6
62;2021-06-26;3550;18423;755073;492253;52.0;33.9
62;2021-06-27;1121;9816;756194;502069;52.1;34.6
62;2021-06-28;1925;8869;758119;510938;52.2;35.2
62;2021-06-29;2975;11466;761094;522404;52.4;36.0
62;2021-06-30;4143;10814;765237;533218;52.7;36.7
62;2021-07-01;4482;10487;769719;543705;53.0;37.4
62;2021-07-02;4163;11986;773882;555691;53.3;38.3
62;2021-07-03;2995;18055;776877;573746;53.5;39.5
62;2021-07-04;1450;9196;778327;582942;53.6;40.1
62;2021-07-05;2416;6921;780743;589863;53.7;40.6
62;2021-07-06;3821;10019;784564;599882;54.0;41.3
62;2021-07-07;3917;8911;788481;608793;54.3;41.9
62;2021-07-08;5243;9094;793724;617887;54.6;42.5
62;2021-07-09;4464;10850;798188;628737;54.9;43.3
62;2021-07-10;4962;11890;803150;640627;55.3;44.1
62;2021-07-11;1337;2092;804487;642719;55.4;44.2
62;2021-07-12;2328;7132;806815;649851;55.5;44.7
62;2021-07-13;5171;12160;811986;662011;55.9;45.6
62;2021-07-14;3636;3161;815622;665172;56.1;45.8
62;2021-07-15;7586;11504;823208;676676;56.7;46.6
62;2021-07-16;7619;11049;830827;687725;57.2;47.3
62;2021-07-17;9702;10324;840529;698049;57.9;48.0
62;2021-07-18;2712;3459;843241;701508;58.0;48.3
62;2021-07-19;6008;7020;849249;708528;58.5;48.8
62;2021-07-20;7934;10726;857183;719254;59.0;49.5
62;2021-07-21;9763;9410;866946;728664;59.7;50.2
62;2021-07-22;9791;9021;876737;737685;60.3;50.8
62;2021-07-23;10616;8420;887353;746105;61.1;51.4
62;2021-07-24;9657;10317;897010;756422;61.7;52.1
62;2021-07-25;5547;1865;902557;758287;62.1;52.2
62;2021-07-26;6233;5388;908790;763675;62.6;52.6
62;2021-07-27;9806;8127;918596;771802;63.2;53.1
62;2021-07-28;10369;7490;928965;779292;63.9;53.6
62;2021-07-29;11970;7648;940935;786940;64.8;54.2
62;2021-07-30;9046;6296;949981;793236;65.4;54.6
62;2021-07-31;6624;4024;956605;797260;65.8;54.9
62;2021-08-01;2336;1099;958941;798359;66.0;55.0
62;2021-08-02;6834;4755;965775;803114;66.5;55.3
62;2021-08-03;8582;7478;974357;810592;67.1;55.8
62;2021-08-04;9444;5475;983801;816067;67.7;56.2
62;2021-08-05;8327;5626;992128;821693;68.3;56.6
62;2021-08-06;7276;5946;999404;827639;68.8;57.0
62;2021-08-07;5464;4951;1004868;832590;69.2;57.3
62;2021-08-08;1871;1301;1006739;833891;69.3;57.4
62;2021-08-09;5226;5038;1011965;838929;69.7;57.7
62;2021-08-10;6196;7364;1018161;846293;70.1;58.3
62;2021-08-11;5393;7398;1023554;853691;70.5;58.8
62;2021-08-12;5979;7027;1029533;860718;70.9;59.2
62;2021-08-13;4447;6049;1033980;866767;71.2;59.7
62;2021-08-14;3808;6859;1037788;873626;71.4;60.1
62;2021-08-15;1139;1208;1038927;874834;71.5;60.2
62;2021-08-16;3163;5869;1042090;880703;71.7;60.6
62;2021-08-17;4140;7345;1046230;888048;72.0;61.1
62;2021-08-18;4328;7240;1050558;895288;72.3;61.6
62;2021-08-19;4334;8611;1054892;903899;72.6;62.2
62;2021-08-20;3365;8465;1058257;912364;72.8;62.8
62;2021-08-21;2448;9757;1060705;922121;73.0;63.5
62;2021-08-22;389;2815;1061094;924936;73.0;63.7
62;2021-08-23;2714;7819;1063808;932755;73.2;64.2
62;2021-08-24;3799;10376;1067607;943131;73.5;64.9
62;2021-08-25;3456;9174;1071063;952305;73.7;65.6
63;2020-12-27;0;0;0;0;0.0;0.0
63;2020-12-28;1;0;1;0;0.0;0.0
63;2020-12-29;0;0;1;0;0.0;0.0
63;2020-12-30;0;0;1;0;0.0;0.0
63;2020-12-31;0;0;1;0;0.0;0.0
63;2021-01-01;1;0;2;0;0.0;0.0
63;2021-01-02;0;0;2;0;0.0;0.0
63;2021-01-03;1;0;3;0;0.0;0.0
63;2021-01-04;0;0;3;0;0.0;0.0
63;2021-01-05;1;0;4;0;0.0;0.0
63;2021-01-06;4;1;8;1;0.0;0.0
63;2021-01-07;310;0;318;1;0.0;0.0
63;2021-01-08;214;0;532;1;0.1;0.0
63;2021-01-09;91;0;623;1;0.1;0.0
63;2021-01-10;82;0;705;1;0.1;0.0
63;2021-01-11;430;2;1135;3;0.2;0.0
63;2021-01-12;661;1;1796;4;0.3;0.0
63;2021-01-13;873;2;2669;6;0.4;0.0
63;2021-01-14;541;8;3210;14;0.5;0.0
63;2021-01-15;431;3;3641;17;0.6;0.0
63;2021-01-16;157;0;3798;17;0.6;0.0
63;2021-01-17;133;0;3931;17;0.6;0.0
63;2021-01-18;625;2;4556;19;0.7;0.0
63;2021-01-19;866;1;5422;20;0.8;0.0
63;2021-01-20;1059;2;6481;22;1.0;0.0
63;2021-01-21;1012;3;7493;25;1.1;0.0
63;2021-01-22;968;3;8461;28;1.3;0.0
63;2021-01-23;192;0;8653;28;1.3;0.0
63;2021-01-24;164;1;8817;29;1.3;0.0
63;2021-01-25;826;1;9643;30;1.5;0.0
63;2021-01-26;972;2;10615;32;1.6;0.0
63;2021-01-27;1001;5;11616;37;1.8;0.0
63;2021-01-28;1320;67;12936;104;2.0;0.0
63;2021-01-29;1066;66;14002;170;2.1;0.0
63;2021-01-30;68;0;14070;170;2.1;0.0
63;2021-01-31;6;0;14076;170;2.1;0.0
63;2021-02-01;572;181;14648;351;2.2;0.1
63;2021-02-02;885;234;15533;585;2.4;0.1
63;2021-02-03;1473;283;17006;868;2.6;0.1
63;2021-02-04;2118;516;19124;1384;2.9;0.2
63;2021-02-05;1144;272;20268;1656;3.1;0.3
63;2021-02-06;117;0;20385;1656;3.1;0.3
63;2021-02-07;9;1;20394;1657;3.1;0.3
63;2021-02-08;538;407;20932;2064;3.2;0.3
63;2021-02-09;671;434;21603;2498;3.3;0.4
63;2021-02-10;608;602;22211;3100;3.4;0.5
63;2021-02-11;751;472;22962;3572;3.5;0.5
63;2021-02-12;820;807;23782;4379;3.6;0.7
63;2021-02-13;82;1;23864;4380;3.6;0.7
63;2021-02-14;0;65;23864;4445;3.6;0.7
63;2021-02-15;203;785;24067;5230;3.6;0.8
63;2021-02-16;413;1138;24480;6368;3.7;1.0
63;2021-02-17;348;872;24828;7240;3.8;1.1
63;2021-02-18;607;824;25435;8064;3.9;1.2
63;2021-02-19;448;971;25883;9035;3.9;1.4
63;2021-02-20;35;32;25918;9067;3.9;1.4
63;2021-02-21;2;17;25920;9084;3.9;1.4
63;2021-02-22;291;932;26211;10016;4.0;1.5
63;2021-02-23;580;1138;26791;11154;4.1;1.7
63;2021-02-24;697;1419;27488;12573;4.2;1.9
63;2021-02-25;1603;1663;29091;14236;4.4;2.2
63;2021-02-26;1625;1367;30716;15603;4.7;2.4
63;2021-02-27;642;68;31358;15671;4.7;2.4
63;2021-02-28;4;178;31362;15849;4.8;2.4
63;2021-03-01;586;522;31948;16371;4.8;2.5
63;2021-03-02;906;803;32854;17174;5.0;2.6
63;2021-03-03;1036;725;33890;17899;5.1;2.7
63;2021-03-04;1752;497;35642;18396;5.4;2.8
63;2021-03-05;2612;690;38254;19086;5.8;2.9
63;2021-03-06;1550;53;39804;19139;6.0;2.9
63;2021-03-07;511;19;40315;19158;6.1;2.9
63;2021-03-08;967;649;41282;19807;6.3;3.0
63;2021-03-09;1538;1063;42820;20870;6.5;3.2
63;2021-03-10;1653;614;44473;21484;6.7;3.3
63;2021-03-11;3051;893;47524;22377;7.2;3.4
63;2021-03-12;3514;387;51038;22764;7.7;3.4
63;2021-03-13;2049;83;53087;22847;8.0;3.5
63;2021-03-14;61;22;53148;22869;8.0;3.5
63;2021-03-15;1766;368;54914;23237;8.3;3.5
63;2021-03-16;1746;415;56660;23652;8.6;3.6
63;2021-03-17;1639;682;58299;24334;8.8;3.7
63;2021-03-18;1938;746;60237;25080;9.1;3.8
63;2021-03-19;2740;495;62977;25575;9.5;3.9
63;2021-03-20;1121;71;64098;25646;9.7;3.9
63;2021-03-21;50;45;64148;25691;9.7;3.9
63;2021-03-22;1984;257;66132;25948;10.0;3.9
63;2021-03-23;2886;347;69018;26295;10.5;4.0
63;2021-03-24;3219;339;72237;26634;10.9;4.0
63;2021-03-25;4596;389;76833;27023;11.6;4.1
63;2021-03-26;4691;567;81524;27590;12.3;4.2
63;2021-03-27;2454;230;83978;27820;12.7;4.2
63;2021-03-28;1047;82;85025;27902;12.9;4.2
63;2021-03-29;2480;522;87505;28424;13.3;4.3
63;2021-03-30;3282;630;90787;29054;13.8;4.4
63;2021-03-31;2967;755;93754;29809;14.2;4.5
63;2021-04-01;3839;531;97593;30340;14.8;4.6
63;2021-04-02;3483;710;101076;31050;15.3;4.7
63;2021-04-03;1174;180;102250;31230;15.5;4.7
63;2021-04-04;877;27;103127;31257;15.6;4.7
63;2021-04-05;803;85;103930;31342;15.7;4.7
63;2021-04-06;2475;939;106405;32281;16.1;4.9
63;2021-04-07;3208;869;109613;33150;16.6;5.0
63;2021-04-08;4722;1221;114335;34371;17.3;5.2
63;2021-04-09;5314;1000;119649;35371;18.1;5.4
63;2021-04-10;2221;481;121870;35852;18.5;5.4
63;2021-04-11;834;38;122704;35890;18.6;5.4
63;2021-04-12;1598;1312;124302;37202;18.8;5.6
63;2021-04-13;1985;1967;126287;39169;19.1;5.9
63;2021-04-14;2629;1434;128916;40603;19.5;6.1
63;2021-04-15;3809;1542;132725;42145;20.1;6.4
63;2021-04-16;2841;2160;135566;44305;20.5;6.7
63;2021-04-17;1233;673;136799;44978;20.7;6.8
63;2021-04-18;802;61;137601;45039;20.8;6.8
63;2021-04-19;1655;2105;139256;47144;21.1;7.1
63;2021-04-20;1701;2299;140957;49443;21.3;7.5
63;2021-04-21;1517;2406;142474;51849;21.6;7.9
63;2021-04-22;1914;2264;144388;54113;21.9;8.2
63;2021-04-23;2018;3115;146406;57228;22.2;8.7
63;2021-04-24;1192;1127;147598;58355;22.4;8.8
63;2021-04-25;554;412;148152;58767;22.4;8.9
63;2021-04-26;1438;2241;149590;61008;22.7;9.2
63;2021-04-27;2327;2614;151917;63622;23.0;9.6
63;2021-04-28;2345;3162;154262;66784;23.4;10.1
63;2021-04-29;2881;2840;157143;69624;23.8;10.5
63;2021-04-30;2862;2821;160005;72445;24.2;11.0
63;2021-05-01;1127;1050;161132;73495;24.4;11.1
63;2021-05-02;897;640;162029;74135;24.5;11.2
63;2021-05-03;2685;2251;164714;76386;24.9;11.6
63;2021-05-04;2879;2698;167593;79084;25.4;12.0
63;2021-05-05;2935;3122;170528;82206;25.8;12.5
63;2021-05-06;3669;3058;174197;85264;26.4;12.9
63;2021-05-07;4034;3543;178231;88807;27.0;13.5
63;2021-05-08;2000;653;180231;89460;27.3;13.5
63;2021-05-09;1802;608;182033;90068;27.6;13.6
63;2021-05-10;4197;2765;186230;92833;28.2;14.1
63;2021-05-11;5338;2764;191568;95597;29.0;14.5
63;2021-05-12;5268;2910;196836;98507;29.8;14.9
63;2021-05-13;4131;699;200967;99206;30.4;15.0
63;2021-05-14;4771;1513;205738;100719;31.2;15.3
63;2021-05-15;3721;987;209459;101706;31.7;15.4
63;2021-05-16;3521;445;212980;102151;32.3;15.5
63;2021-05-17;3898;1991;216878;104142;32.8;15.8
63;2021-05-18;5120;1615;221998;105757;33.6;16.0
63;2021-05-19;5221;1625;227219;107382;34.4;16.3
63;2021-05-20;6800;2087;234019;109469;35.4;16.6
63;2021-05-21;6254;2332;240273;111801;36.4;16.9
63;2021-05-22;3353;849;243626;112650;36.9;17.1
63;2021-05-23;2385;245;246011;112895;37.3;17.1
63;2021-05-24;2639;580;248650;113475;37.7;17.2
63;2021-05-25;4269;2644;252919;116119;38.3;17.6
63;2021-05-26;5451;2417;258370;118536;39.1;18.0
63;2021-05-27;6502;2801;264872;121337;40.1;18.4
63;2021-05-28;5420;3898;270292;125235;40.9;19.0
63;2021-05-29;3360;1502;273652;126737;41.4;19.2
63;2021-05-30;1579;217;275231;126954;41.7;19.2
63;2021-05-31;4151;2286;279382;129240;42.3;19.6
63;2021-06-01;3804;2962;283186;132202;42.9;20.0
63;2021-06-02;3888;2530;287074;134732;43.5;20.4
63;2021-06-03;4900;3143;291974;137875;44.2;20.9
63;2021-06-04;5097;3621;297071;141496;45.0;21.4
63;2021-06-05;2812;1746;299883;143242;45.4;21.7
63;2021-06-06;1308;697;301191;143939;45.6;21.8
63;2021-06-07;3165;2518;304356;146457;46.1;22.2
63;2021-06-08;2878;2756;307234;149213;46.5;22.6
63;2021-06-09;3022;2275;310256;151488;47.0;22.9
63;2021-06-10;3222;2689;313478;154177;47.5;23.4
63;2021-06-11;3100;4049;316578;158226;47.9;24.0
63;2021-06-12;1638;1969;318216;160195;48.2;24.3
63;2021-06-13;480;1097;318696;161292;48.3;24.4
63;2021-06-14;1825;3474;320521;164766;48.5;25.0
63;2021-06-15;2211;3480;322732;168246;48.9;25.5
63;2021-06-16;2572;3313;325304;171559;49.3;26.0
63;2021-06-17;2399;4316;327703;175875;49.6;26.6
63;2021-06-18;2477;5829;330180;181704;50.0;27.5
63;2021-06-19;1638;2834;331818;184538;50.3;28.0
63;2021-06-20;676;2441;332494;186979;50.4;28.3
63;2021-06-21;1272;5390;333766;192369;50.6;29.1
63;2021-06-22;1233;5540;334999;197909;50.7;30.0
63;2021-06-23;1529;4761;336528;202670;51.0;30.7
63;2021-06-24;1926;5383;338454;208053;51.3;31.5
63;2021-06-25;1748;5897;340202;213950;51.5;32.4
63;2021-06-26;1072;3351;341274;217301;51.7;32.9
63;2021-06-27;712;3487;341986;220788;51.8;33.4
63;2021-06-28;1137;5662;343123;226450;52.0;34.3
63;2021-06-29;1225;5161;344348;231611;52.2;35.1
63;2021-06-30;1599;5292;345947;236903;52.4;35.9
63;2021-07-01;1912;8066;347859;244969;52.7;37.1
63;2021-07-02;2060;6545;349919;251514;53.0;38.1
63;2021-07-03;963;2927;350882;254441;53.1;38.5
63;2021-07-04;1062;1884;351944;256325;53.3;38.8
63;2021-07-05;1538;6280;353482;262605;53.5;39.8
63;2021-07-06;1601;4803;355083;267408;53.8;40.5
63;2021-07-07;1972;4087;357055;271495;54.1;41.1
63;2021-07-08;2207;4590;359262;276085;54.4;41.8
63;2021-07-09;1923;5719;361185;281804;54.7;42.7
63;2021-07-10;1533;3414;362718;285218;54.9;43.2
63;2021-07-11;909;1534;363627;286752;55.1;43.4
63;2021-07-12;1580;8705;365207;295457;55.3;44.7
63;2021-07-13;3599;6142;368806;301599;55.9;45.7
63;2021-07-14;3616;1788;372422;303387;56.4;46.0
63;2021-07-15;4402;5035;376824;308422;57.1;46.7
63;2021-07-16;4689;5785;381513;314207;57.8;47.6
63;2021-07-17;3012;2473;384525;316680;58.2;48.0
63;2021-07-18;2826;1088;387351;317768;58.7;48.1
63;2021-07-19;4002;4856;391353;322624;59.3;48.9
63;2021-07-20;4736;5453;396089;328077;60.0;49.7
63;2021-07-21;4791;3981;400880;332058;60.7;50.3
63;2021-07-22;5505;4402;406385;336460;61.6;51.0
63;2021-07-23;5156;4652;411541;341112;62.3;51.7
63;2021-07-24;3673;1951;415214;343063;62.9;52.0
63;2021-07-25;3061;1438;418275;344501;63.4;52.2
63;2021-07-26;4037;3230;422312;347731;64.0;52.7
63;2021-07-27;3930;3157;426242;350888;64.6;53.1
63;2021-07-28;3848;2714;430090;353602;65.1;53.6
63;2021-07-29;4445;3160;434535;356762;65.8;54.0
63;2021-07-30;3802;3578;438337;360340;66.4;54.6
63;2021-07-31;2155;1716;440492;362056;66.7;54.8
63;2021-08-01;1196;834;441688;362890;66.9;55.0
63;2021-08-02;2221;3069;443909;365959;67.2;55.4
63;2021-08-03;2718;3263;446627;369222;67.6;55.9
63;2021-08-04;2802;3241;449429;372463;68.1;56.4
63;2021-08-05;2425;3478;451854;375941;68.4;56.9
63;2021-08-06;2344;4153;454198;380094;68.8;57.6
63;2021-08-07;1298;2797;455496;382891;69.0;58.0
63;2021-08-08;320;1204;455816;384095;69.0;58.2
63;2021-08-09;1838;4225;457654;388320;69.3;58.8
63;2021-08-10;2213;3993;459867;392313;69.7;59.4
63;2021-08-11;2092;3626;461959;395939;70.0;60.0
63;2021-08-12;1843;4622;463802;400561;70.2;60.7
63;2021-08-13;1659;4007;465461;404568;70.5;61.3
63;2021-08-14;834;3235;466295;407803;70.6;61.8
63;2021-08-15;183;1449;466478;409252;70.7;62.0
63;2021-08-16;1163;4389;467641;413641;70.8;62.7
63;2021-08-17;1593;4044;469234;417685;71.1;63.3
63;2021-08-18;1439;3301;470673;420986;71.3;63.8
63;2021-08-19;1322;3446;471995;424432;71.5;64.3
63;2021-08-20;1369;3707;473364;428139;71.7;64.8
63;2021-08-21;672;2162;474036;430301;71.8;65.2
63;2021-08-22;212;1091;474248;431392;71.8;65.3
63;2021-08-23;1055;3588;475303;434980;72.0;65.9
63;2021-08-24;1067;2980;476370;437960;72.2;66.3
63;2021-08-25;993;2781;477363;440741;72.3;66.8
64;2020-12-27;1;0;1;0;0.0;0.0
64;2020-12-28;2;0;3;0;0.0;0.0
64;2020-12-29;0;0;3;0;0.0;0.0
64;2020-12-30;0;0;3;0;0.0;0.0
64;2020-12-31;0;0;3;0;0.0;0.0
64;2021-01-01;0;0;3;0;0.0;0.0
64;2021-01-02;0;0;3;0;0.0;0.0
64;2021-01-03;0;0;3;0;0.0;0.0
64;2021-01-04;29;0;32;0;0.0;0.0
64;2021-01-05;25;0;57;0;0.0;0.0
64;2021-01-06;188;0;245;0;0.0;0.0
64;2021-01-07;842;0;1087;0;0.2;0.0
64;2021-01-08;879;2;1966;2;0.3;0.0
64;2021-01-09;54;0;2020;2;0.3;0.0
64;2021-01-10;2;0;2022;2;0.3;0.0
64;2021-01-11;541;0;2563;2;0.4;0.0
64;2021-01-12;760;3;3323;5;0.5;0.0
64;2021-01-13;865;2;4188;7;0.6;0.0
64;2021-01-14;1045;3;5233;10;0.8;0.0
64;2021-01-15;929;5;6162;15;0.9;0.0
64;2021-01-16;70;0;6232;15;0.9;0.0
64;2021-01-17;5;0;6237;15;0.9;0.0
64;2021-01-18;942;8;7179;23;1.1;0.0
64;2021-01-19;1447;4;8626;27;1.3;0.0
64;2021-01-20;1617;3;10243;30;1.5;0.0
64;2021-01-21;2602;2;12845;32;1.9;0.0
64;2021-01-22;1649;3;14494;35;2.1;0.0
64;2021-01-23;524;1;15018;36;2.2;0.0
64;2021-01-24;89;0;15107;36;2.2;0.0
64;2021-01-25;973;8;16080;44;2.4;0.0
64;2021-01-26;1357;21;17437;65;2.6;0.0
64;2021-01-27;1241;119;18678;184;2.7;0.0
64;2021-01-28;1648;631;20326;815;3.0;0.1
64;2021-01-29;973;653;21299;1468;3.1;0.2
64;2021-01-30;468;59;21767;1527;3.2;0.2
64;2021-01-31;91;0;21858;1527;3.2;0.2
64;2021-02-01;674;312;22532;1839;3.3;0.3
64;2021-02-02;1133;554;23665;2393;3.5;0.4
64;2021-02-03;1042;640;24707;3033;3.6;0.4
64;2021-02-04;1029;535;25736;3568;3.8;0.5
64;2021-02-05;867;456;26603;4024;3.9;0.6
64;2021-02-06;501;34;27104;4058;4.0;0.6
64;2021-02-07;131;4;27235;4062;4.0;0.6
64;2021-02-08;769;310;28004;4372;4.1;0.6
64;2021-02-09;946;710;28950;5082;4.2;0.7
64;2021-02-10;914;795;29864;5877;4.4;0.9
64;2021-02-11;1200;1488;31064;7365;4.5;1.1
64;2021-02-12;1076;1065;32140;8430;4.7;1.2
64;2021-02-13;225;318;32365;8748;4.7;1.3
64;2021-02-14;37;47;32402;8795;4.7;1.3
64;2021-02-15;221;1128;32623;9923;4.8;1.5
64;2021-02-16;258;1405;32881;11328;4.8;1.7
64;2021-02-17;290;1246;33171;12574;4.9;1.8
64;2021-02-18;508;1713;33679;14287;4.9;2.1
64;2021-02-19;415;1287;34094;15574;5.0;2.3
64;2021-02-20;119;437;34213;16011;5.0;2.3
64;2021-02-21;20;83;34233;16094;5.0;2.4
64;2021-02-22;477;988;34710;17082;5.1;2.5
64;2021-02-23;720;1144;35430;18226;5.2;2.7
64;2021-02-24;731;1016;36161;19242;5.3;2.8
64;2021-02-25;1094;954;37255;20196;5.5;3.0
64;2021-02-26;1216;915;38471;21111;5.6;3.1
64;2021-02-27;864;406;39335;21517;5.8;3.1
64;2021-02-28;42;84;39377;21601;5.8;3.2
64;2021-03-01;765;798;40142;22399;5.9;3.3
64;2021-03-02;1078;917;41220;23316;6.0;3.4
64;2021-03-03;1251;1004;42471;24320;6.2;3.6
64;2021-03-04;1879;1187;44350;25507;6.5;3.7
64;2021-03-05;2196;1075;46546;26582;6.8;3.9
64;2021-03-06;1542;517;48088;27099;7.0;4.0
64;2021-03-07;594;110;48682;27209;7.1;4.0
64;2021-03-08;1535;764;50217;27973;7.4;4.1
64;2021-03-09;2069;847;52286;28820;7.7;4.2
64;2021-03-10;2081;762;54367;29582;8.0;4.3
64;2021-03-11;2971;1073;57338;30655;8.4;4.5
64;2021-03-12;3486;601;60824;31256;8.9;4.6
64;2021-03-13;2257;168;63081;31424;9.2;4.6
64;2021-03-14;233;15;63314;31439;9.3;4.6
64;2021-03-15;2334;226;65648;31665;9.6;4.6
64;2021-03-16;1993;267;67641;31932;9.9;4.7
64;2021-03-17;2072;238;69713;32170;10.2;4.7
64;2021-03-18;2463;205;72176;32375;10.6;4.7
64;2021-03-19;3014;285;75190;32660;11.0;4.8
64;2021-03-20;2467;90;77657;32750;11.4;4.8
64;2021-03-21;1280;26;78937;32776;11.6;4.8
64;2021-03-22;2589;550;81526;33326;11.9;4.9
64;2021-03-23;3198;651;84724;33977;12.4;5.0
64;2021-03-24;3562;702;88286;34679;12.9;5.1
64;2021-03-25;4351;806;92637;35485;13.6;5.2
64;2021-03-26;4427;702;97064;36187;14.2;5.3
64;2021-03-27;2971;430;100035;36617;14.6;5.4
64;2021-03-28;521;56;100556;36673;14.7;5.4
64;2021-03-29;3028;889;103584;37562;15.2;5.5
64;2021-03-30;4136;870;107720;38432;15.8;5.6
64;2021-03-31;3591;790;111311;39222;16.3;5.7
64;2021-04-01;4782;934;116093;40156;17.0;5.9
64;2021-04-02;4443;746;120536;40902;17.6;6.0
64;2021-04-03;2059;585;122595;41487;17.9;6.1
64;2021-04-04;308;49;122903;41536;18.0;6.1
64;2021-04-05;1689;142;124592;41678;18.2;6.1
64;2021-04-06;3653;1390;128245;43068;18.8;6.3
64;2021-04-07;3949;1514;132194;44582;19.4;6.5
64;2021-04-08;5195;1599;137389;46181;20.1;6.8
64;2021-04-09;5899;1637;143288;47818;21.0;7.0
64;2021-04-10;3222;1050;146510;48868;21.4;7.2
64;2021-04-11;446;251;146956;49119;21.5;7.2
64;2021-04-12;4047;1865;151003;50984;22.1;7.5
64;2021-04-13;4463;2165;155466;53149;22.8;7.8
64;2021-04-14;4090;2141;159556;55290;23.4;8.1
64;2021-04-15;4395;2296;163951;57586;24.0;8.4
64;2021-04-16;4297;2256;168248;59842;24.6;8.8
64;2021-04-17;2480;1500;170728;61342;25.0;9.0
64;2021-04-18;1096;1181;171824;62523;25.2;9.2
64;2021-04-19;2731;2446;174555;64969;25.6;9.5
64;2021-04-20;3208;2429;177763;67398;26.0;9.9
64;2021-04-21;3220;2565;180983;69963;26.5;10.2
64;2021-04-22;3388;2785;184371;72748;27.0;10.6
64;2021-04-23;3434;2608;187805;75356;27.5;11.0
64;2021-04-24;2067;1589;189872;76945;27.8;11.3
64;2021-04-25;290;237;190162;77182;27.8;11.3
64;2021-04-26;2658;2650;192820;79832;28.2;11.7
64;2021-04-27;3060;3131;195880;82963;28.7;12.1
64;2021-04-28;3602;3061;199482;86024;29.2;12.6
64;2021-04-29;4652;3461;204134;89485;29.9;13.1
64;2021-04-30;4084;3613;208218;93098;30.5;13.6
64;2021-05-01;1481;1030;209699;94128;30.7;13.8
64;2021-05-02;446;325;210145;94453;30.8;13.8
64;2021-05-03;2909;3522;213054;97975;31.2;14.3
64;2021-05-04;3646;3993;216700;101968;31.7;14.9
64;2021-05-05;3360;4018;220060;105986;32.2;15.5
64;2021-05-06;4110;3989;224170;109975;32.8;16.1
64;2021-05-07;3920;4194;228090;114169;33.4;16.7
64;2021-05-08;2620;1237;230710;115406;33.8;16.9
64;2021-05-09;720;306;231430;115712;33.9;16.9
64;2021-05-10;2862;4237;234292;119949;34.3;17.6
64;2021-05-11;4185;4153;238477;124102;34.9;18.2
64;2021-05-12;4484;3943;242961;128045;35.6;18.7
64;2021-05-13;3198;887;246159;128932;36.0;18.9
64;2021-05-14;5153;3151;251312;132083;36.8;19.3
64;2021-05-15;3526;1867;254838;133950;37.3;19.6
64;2021-05-16;498;225;255336;134175;37.4;19.6
64;2021-05-17;4191;2385;259527;136560;38.0;20.0
64;2021-05-18;5165;2305;264692;138865;38.7;20.3
64;2021-05-19;4978;2166;269670;141031;39.5;20.6
64;2021-05-20;5570;2158;275240;143189;40.3;21.0
64;2021-05-21;5272;2249;280512;145438;41.1;21.3
64;2021-05-22;3582;1512;284094;146950;41.6;21.5
64;2021-05-23;431;206;284525;147156;41.6;21.5
64;2021-05-24;2997;1232;287522;148388;42.1;21.7
64;2021-05-25;4334;2852;291856;151240;42.7;22.1
64;2021-05-26;4354;2718;296210;153958;43.4;22.5
64;2021-05-27;5283;3157;301493;157115;44.1;23.0
64;2021-05-28;4618;3437;306111;160552;44.8;23.5
64;2021-05-29;2810;2116;308921;162668;45.2;23.8
64;2021-05-30;436;204;309357;162872;45.3;23.8
64;2021-05-31;3891;3672;313248;166544;45.9;24.4
64;2021-06-01;5336;3570;318584;170114;46.6;24.9
64;2021-06-02;4937;3180;323521;173294;47.4;25.4
64;2021-06-03;6367;3269;329888;176563;48.3;25.8
64;2021-06-04;5147;4554;335035;181117;49.0;26.5
64;2021-06-05;3484;2526;338519;183643;49.6;26.9
64;2021-06-06;2014;330;340533;183973;49.8;26.9
64;2021-06-07;4130;4330;344663;188303;50.5;27.6
64;2021-06-08;5155;4129;349818;192432;51.2;28.2
64;2021-06-09;5154;3656;354972;196088;52.0;28.7
64;2021-06-10;6180;3143;361152;199231;52.9;29.2
64;2021-06-11;5590;4873;366742;204104;53.7;29.9
64;2021-06-12;3951;2328;370693;206432;54.3;30.2
64;2021-06-13;1555;392;372248;206824;54.5;30.3
64;2021-06-14;3671;4794;375919;211618;55.0;31.0
64;2021-06-15;4576;4708;380495;216326;55.7;31.7
64;2021-06-16;4471;4666;384966;220992;56.4;32.3
64;2021-06-17;3641;4305;388607;225297;56.9;33.0
64;2021-06-18;4424;5173;393031;230470;57.5;33.7
64;2021-06-19;2983;3284;396014;233754;58.0;34.2
64;2021-06-20;881;539;396895;234293;58.1;34.3
64;2021-06-21;2313;5127;399208;239420;58.4;35.0
64;2021-06-22;2557;5731;401765;245151;58.8;35.9
64;2021-06-23;3105;5483;404870;250634;59.3;36.7
64;2021-06-24;2720;3808;407590;254442;59.7;37.2
64;2021-06-25;2901;6441;410491;260883;60.1;38.2
64;2021-06-26;1799;3838;412290;264721;60.3;38.7
64;2021-06-27;492;713;412782;265434;60.4;38.9
64;2021-06-28;1932;6067;414714;271501;60.7;39.7
64;2021-06-29;1966;6266;416680;277767;61.0;40.7
64;2021-06-30;2254;6003;418934;283770;61.3;41.5
64;2021-07-01;2411;5343;421345;289113;61.7;42.3
64;2021-07-02;2303;6409;423648;295522;62.0;43.3
64;2021-07-03;1263;3783;424911;299305;62.2;43.8
64;2021-07-04;411;847;425322;300152;62.3;43.9
64;2021-07-05;1379;5411;426701;305563;62.5;44.7
64;2021-07-06;1995;6150;428696;311713;62.8;45.6
64;2021-07-07;2065;5752;430761;317465;63.1;46.5
64;2021-07-08;1801;4396;432562;321861;63.3;47.1
64;2021-07-09;1821;6537;434383;328398;63.6;48.1
64;2021-07-10;1170;3881;435553;332279;63.8;48.6
64;2021-07-11;253;860;435806;333139;63.8;48.8
64;2021-07-12;1502;6087;437308;339226;64.0;49.7
64;2021-07-13;2364;7250;439672;346476;64.4;50.7
64;2021-07-14;2371;3405;442043;349881;64.7;51.2
64;2021-07-15;2104;5484;444147;355365;65.0;52.0
64;2021-07-16;2845;6777;446992;362142;65.4;53.0
64;2021-07-17;2338;4591;449330;366733;65.8;53.7
64;2021-07-18;715;2050;450045;368783;65.9;54.0
64;2021-07-19;2350;6123;452395;374906;66.2;54.9
64;2021-07-20;3121;6551;455516;381457;66.7;55.8
64;2021-07-21;3342;6046;458858;387503;67.2;56.7
64;2021-07-22;3810;5716;462668;393219;67.7;57.6
64;2021-07-23;3724;5611;466392;398830;68.3;58.4
64;2021-07-24;2544;4430;468936;403260;68.6;59.0
64;2021-07-25;753;1060;469689;404320;68.8;59.2
64;2021-07-26;3082;5134;472771;409454;69.2;59.9
64;2021-07-27;4262;5143;477033;414597;69.8;60.7
64;2021-07-28;4310;4595;481343;419192;70.5;61.4
64;2021-07-29;5512;3897;486855;423089;71.3;61.9
64;2021-07-30;5131;4222;491986;427311;72.0;62.5
64;2021-07-31;3167;3347;495153;430658;72.5;63.0
64;2021-08-01;1144;584;496297;431242;72.6;63.1
64;2021-08-02;4343;2649;500640;433891;73.3;63.5
64;2021-08-03;4531;3170;505171;437061;73.9;64.0
64;2021-08-04;4114;2996;509285;440057;74.5;64.4
64;2021-08-05;3991;2616;513276;442673;75.1;64.8
64;2021-08-06;3812;3340;517088;446013;75.7;65.3
64;2021-08-07;2474;2706;519562;448719;76.1;65.7
64;2021-08-08;487;608;520049;449327;76.1;65.8
64;2021-08-09;2674;3197;522723;452524;76.5;66.2
64;2021-08-10;3276;3433;525999;455957;77.0;66.7
64;2021-08-11;3050;3260;529049;459217;77.4;67.2
64;2021-08-12;3173;3301;532222;462518;77.9;67.7
64;2021-08-13;2538;3652;534760;466170;78.3;68.2
64;2021-08-14;1625;2674;536385;468844;78.5;68.6
64;2021-08-15;202;692;536587;469536;78.5;68.7
64;2021-08-16;2096;3231;538683;472767;78.9;69.2
64;2021-08-17;2266;3699;540949;476466;79.2;69.7
64;2021-08-18;2021;3521;542970;479987;79.5;70.3
64;2021-08-19;1930;3526;544900;483513;79.8;70.8
64;2021-08-20;1574;3978;546474;487491;80.0;71.4
64;2021-08-21;971;2882;547445;490373;80.1;71.8
64;2021-08-22;156;893;547601;491266;80.2;71.9
64;2021-08-23;1253;3240;548854;494506;80.3;72.4
64;2021-08-24;1370;4592;550224;499098;80.5;73.1
64;2021-08-25;1219;3731;551443;502829;80.7;73.6
65;2020-12-27;0;0;0;0;0.0;0.0
65;2020-12-28;0;0;0;0;0.0;0.0
65;2020-12-29;0;0;0;0;0.0;0.0
65;2020-12-30;0;0;0;0;0.0;0.0
65;2020-12-31;0;0;0;0;0.0;0.0
65;2021-01-01;0;0;0;0;0.0;0.0
65;2021-01-02;0;0;0;0;0.0;0.0
65;2021-01-03;0;0;0;0;0.0;0.0
65;2021-01-04;0;0;0;0;0.0;0.0
65;2021-01-05;1;0;1;0;0.0;0.0
65;2021-01-06;3;0;4;0;0.0;0.0
65;2021-01-07;167;0;171;0;0.1;0.0
65;2021-01-08;253;1;424;1;0.2;0.0
65;2021-01-09;176;1;600;2;0.3;0.0
65;2021-01-10;1;0;601;2;0.3;0.0
65;2021-01-11;275;3;876;5;0.4;0.0
65;2021-01-12;272;1;1148;6;0.5;0.0
65;2021-01-13;587;1;1735;7;0.8;0.0
65;2021-01-14;579;5;2314;12;1.0;0.0
65;2021-01-15;527;2;2841;14;1.3;0.0
65;2021-01-16;221;2;3062;16;1.3;0.0
65;2021-01-17;1;0;3063;16;1.4;0.0
65;2021-01-18;552;5;3615;21;1.6;0.0
65;2021-01-19;570;2;4185;23;1.8;0.0
65;2021-01-20;584;5;4769;28;2.1;0.0
65;2021-01-21;584;0;5353;28;2.4;0.0
65;2021-01-22;597;0;5950;28;2.6;0.0
65;2021-01-23;174;1;6124;29;2.7;0.0
65;2021-01-24;3;1;6127;30;2.7;0.0
65;2021-01-25;551;4;6678;34;2.9;0.0
65;2021-01-26;881;2;7559;36;3.3;0.0
65;2021-01-27;588;11;8147;47;3.6;0.0
65;2021-01-28;507;71;8654;118;3.8;0.1
65;2021-01-29;426;138;9080;256;4.0;0.1
65;2021-01-30;183;74;9263;330;4.1;0.1
65;2021-01-31;15;0;9278;330;4.1;0.1
65;2021-02-01;321;90;9599;420;4.2;0.2
65;2021-02-02;418;192;10017;612;4.4;0.3
65;2021-02-03;463;244;10480;856;4.6;0.4
65;2021-02-04;307;330;10787;1186;4.8;0.5
65;2021-02-05;285;361;11072;1547;4.9;0.7
65;2021-02-06;99;100;11171;1647;4.9;0.7
65;2021-02-07;10;0;11181;1647;4.9;0.7
65;2021-02-08;425;222;11606;1869;5.1;0.8
65;2021-02-09;272;379;11878;2248;5.2;1.0
65;2021-02-10;296;272;12174;2520;5.4;1.1
65;2021-02-11;320;275;12494;2795;5.5;1.2
65;2021-02-12;277;232;12771;3027;5.6;1.3
65;2021-02-13;125;97;12896;3124;5.7;1.4
65;2021-02-14;3;16;12899;3140;5.7;1.4
65;2021-02-15;202;414;13101;3554;5.8;1.6
65;2021-02-16;488;581;13589;4135;6.0;1.8
65;2021-02-17;230;499;13819;4634;6.1;2.0
65;2021-02-18;285;588;14104;5222;6.2;2.3
65;2021-02-19;156;479;14260;5701;6.3;2.5
65;2021-02-20;53;158;14313;5859;6.3;2.6
65;2021-02-21;3;48;14316;5907;6.3;2.6
65;2021-02-22;166;540;14482;6447;6.4;2.8
65;2021-02-23;248;527;14730;6974;6.5;3.1
65;2021-02-24;232;639;14962;7613;6.6;3.4
65;2021-02-25;212;181;15174;7794;6.7;3.4
65;2021-02-26;350;775;15524;8569;6.8;3.8
65;2021-02-27;106;202;15630;8771;6.9;3.9
65;2021-02-28;1;0;15631;8771;6.9;3.9
65;2021-03-01;378;373;16009;9144;7.1;4.0
65;2021-03-02;454;363;16463;9507;7.3;4.2
65;2021-03-03;381;390;16844;9897;7.4;4.4
65;2021-03-04;695;331;17539;10228;7.7;4.5
65;2021-03-05;678;286;18217;10514;8.0;4.6
65;2021-03-06;1187;86;19404;10600;8.6;4.7
65;2021-03-07;258;12;19662;10612;8.7;4.7
65;2021-03-08;412;343;20074;10955;8.8;4.8
65;2021-03-09;668;336;20742;11291;9.1;5.0
65;2021-03-10;625;371;21367;11662;9.4;5.1
65;2021-03-11;778;357;22145;12019;9.8;5.3
65;2021-03-12;1058;190;23203;12209;10.2;5.4
65;2021-03-13;354;93;23557;12302;10.4;5.4
65;2021-03-14;3;30;23560;12332;10.4;5.4
65;2021-03-15;815;185;24375;12517;10.7;5.5
65;2021-03-16;692;219;25067;12736;11.1;5.6
65;2021-03-17;710;208;25777;12944;11.4;5.7
65;2021-03-18;534;233;26311;13177;11.6;5.8
65;2021-03-19;878;164;27189;13341;12.0;5.9
65;2021-03-20;244;45;27433;13386;12.1;5.9
65;2021-03-21;12;2;27445;13388;12.1;5.9
65;2021-03-22;735;154;28180;13542;12.4;6.0
65;2021-03-23;837;368;29017;13910;12.8;6.1
65;2021-03-24;868;254;29885;14164;13.2;6.2
65;2021-03-25;1251;190;31136;14354;13.7;6.3
65;2021-03-26;1225;140;32361;14494;14.3;6.4
65;2021-03-27;1357;91;33718;14585;14.9;6.4
65;2021-03-28;1;2;33719;14587;14.9;6.4
65;2021-03-29;1491;359;35210;14946;15.5;6.6
65;2021-03-30;1357;405;36567;15351;16.1;6.8
65;2021-03-31;1208;372;37775;15723;16.7;6.9
65;2021-04-01;1510;397;39285;16120;17.3;7.1
65;2021-04-02;1684;288;40969;16408;18.1;7.2
65;2021-04-03;247;45;41216;16453;18.2;7.3
65;2021-04-04;4;2;41220;16455;18.2;7.3
65;2021-04-05;158;44;41378;16499;18.2;7.3
65;2021-04-06;1294;493;42672;16992;18.8;7.5
65;2021-04-07;1958;458;44630;17450;19.7;7.7
65;2021-04-08;1640;415;46270;17865;20.4;7.9
65;2021-04-09;1644;470;47914;18335;21.1;8.1
65;2021-04-10;1590;152;49504;18487;21.8;8.1
65;2021-04-11;3;0;49507;18487;21.8;8.1
65;2021-04-12;1349;737;50856;19224;22.4;8.5
65;2021-04-13;1574;590;52430;19814;23.1;8.7
65;2021-04-14;1904;745;54334;20559;24.0;9.1
65;2021-04-15;1699;671;56033;21230;24.7;9.4
65;2021-04-16;1824;529;57857;21759;25.5;9.6
65;2021-04-17;2156;132;60013;21891;26.5;9.7
65;2021-04-18;7;27;60020;21918;26.5;9.7
65;2021-04-19;1337;773;61357;22691;27.0;10.0
65;2021-04-20;1529;707;62886;23398;27.7;10.3
65;2021-04-21;1053;1047;63939;24445;28.2;10.8
65;2021-04-22;1643;726;65582;25171;28.9;11.1
65;2021-04-23;1161;1147;66743;26318;29.4;11.6
65;2021-04-24;1264;610;68007;26928;30.0;11.9
65;2021-04-25;31;15;68038;26943;30.0;11.9
65;2021-04-26;1608;1296;69646;28239;30.7;12.4
65;2021-04-27;1423;1339;71069;29578;31.3;13.0
65;2021-04-28;1729;1023;72798;30601;32.1;13.5
65;2021-04-29;1960;1035;74758;31636;33.0;13.9
65;2021-04-30;1782;925;76540;32561;33.7;14.4
65;2021-05-01;1574;230;78114;32791;34.4;14.5
65;2021-05-02;671;24;78785;32815;34.7;14.5
65;2021-05-03;1281;1620;80066;34435;35.3;15.2
65;2021-05-04;1535;1244;81601;35679;36.0;15.7
65;2021-05-05;1374;1646;82975;37325;36.6;16.5
65;2021-05-06;1556;1178;84531;38503;37.3;17.0
65;2021-05-07;1274;1569;85805;40072;37.8;17.7
65;2021-05-08;1647;443;87452;40515;38.6;17.9
65;2021-05-09;0;90;87452;40605;38.6;17.9
65;2021-05-10;953;1883;88405;42488;39.0;18.7
65;2021-05-11;1059;1811;89464;44299;39.4;19.5
65;2021-05-12;1237;1635;90701;45934;40.0;20.2
65;2021-05-13;1345;169;92046;46103;40.6;20.3
65;2021-05-14;1575;1094;93621;47197;41.3;20.8
65;2021-05-15;1401;511;95022;47708;41.9;21.0
65;2021-05-16;1444;71;96466;47779;42.5;21.1
65;2021-05-17;1036;1615;97502;49394;43.0;21.8
65;2021-05-18;1611;1209;99113;50603;43.7;22.3
65;2021-05-19;1684;1009;100797;51612;44.4;22.8
65;2021-05-20;1844;1052;102641;52664;45.2;23.2
65;2021-05-21;1791;1234;104432;53898;46.0;23.8
65;2021-05-22;1287;638;105719;54536;46.6;24.0
65;2021-05-23;689;32;106408;54568;46.9;24.1
65;2021-05-24;703;77;107111;54645;47.2;24.1
65;2021-05-25;1358;1547;108469;56192;47.8;24.8
65;2021-05-26;1472;1356;109941;57548;48.5;25.4
65;2021-05-27;1622;1464;111563;59012;49.2;26.0
65;2021-05-28;1601;1674;113164;60686;49.9;26.8
65;2021-05-29;1186;1514;114350;62200;50.4;27.4
65;2021-05-30;6;10;114356;62210;50.4;27.4
65;2021-05-31;1324;1300;115680;63510;51.0;28.0
65;2021-06-01;1833;935;117513;64445;51.8;28.4
65;2021-06-02;1575;951;119088;65396;52.5;28.8
65;2021-06-03;1341;1103;120429;66499;53.1;29.3
65;2021-06-04;1791;1561;122220;68060;53.9;30.0
65;2021-06-05;433;1240;122653;69300;54.1;30.6
65;2021-06-06;3;13;122656;69313;54.1;30.6
65;2021-06-07;674;1984;123330;71297;54.4;31.4
65;2021-06-08;956;1538;124286;72835;54.8;32.1
65;2021-06-09;826;1549;125112;74384;55.2;32.8
65;2021-06-10;740;1156;125852;75540;55.5;33.3
65;2021-06-11;910;1808;126762;77348;55.9;34.1
65;2021-06-12;150;639;126912;77987;55.9;34.4
65;2021-06-13;5;7;126917;77994;56.0;34.4
65;2021-06-14;503;2422;127420;80416;56.2;35.5
65;2021-06-15;941;1805;128361;82221;56.6;36.2
65;2021-06-16;1064;1366;129425;83587;57.1;36.8
65;2021-06-17;814;1047;130239;84634;57.4;37.3
65;2021-06-18;1018;1632;131257;86266;57.9;38.0
65;2021-06-19;691;1688;131948;87954;58.2;38.8
65;2021-06-20;2;2;131950;87956;58.2;38.8
65;2021-06-21;736;1940;132686;89896;58.5;39.6
65;2021-06-22;1046;1479;133732;91375;59.0;40.3
65;2021-06-23;1064;1233;134796;92608;59.4;40.8
65;2021-06-24;959;1144;135755;93752;59.8;41.3
65;2021-06-25;831;1967;136586;95719;60.2;42.2
65;2021-06-26;168;1658;136754;97377;60.3;42.9
65;2021-06-27;15;1101;136769;98478;60.3;43.4
65;2021-06-28;444;2301;137213;100779;60.5;44.4
65;2021-06-29;684;1919;137897;102698;60.8;45.3
65;2021-06-30;932;1679;138829;104377;61.2;46.0
65;2021-07-01;605;752;139434;105129;61.5;46.3
65;2021-07-02;1167;1733;140601;106862;62.0;47.1
65;2021-07-03;196;1916;140797;108778;62.1;48.0
65;2021-07-04;416;185;141213;108963;62.3;48.0
65;2021-07-05;640;1994;141853;110957;62.5;48.9
65;2021-07-06;897;2126;142750;113083;62.9;49.9
65;2021-07-07;973;1515;143723;114598;63.4;50.5
65;2021-07-08;326;662;144049;115260;63.5;50.8
65;2021-07-09;549;1594;144598;116854;63.7;51.5
65;2021-07-10;297;957;144895;117811;63.9;51.9
65;2021-07-11;0;0;144895;117811;63.9;51.9
65;2021-07-12;479;2221;145374;120032;64.1;52.9
65;2021-07-13;695;2148;146069;122180;64.4;53.9
65;2021-07-14;213;52;146282;122232;64.5;53.9
65;2021-07-15;1047;1661;147329;123893;64.9;54.6
65;2021-07-16;1186;1883;148515;125776;65.5;55.4
65;2021-07-17;431;543;148946;126319;65.7;55.7
65;2021-07-18;22;12;148968;126331;65.7;55.7
65;2021-07-19;631;1495;149599;127826;65.9;56.4
65;2021-07-20;1445;1703;151044;129529;66.6;57.1
65;2021-07-21;1411;1660;152455;131189;67.2;57.8
65;2021-07-22;2189;1292;154644;132481;68.2;58.4
65;2021-07-23;1617;1792;156261;134273;68.9;59.2
65;2021-07-24;1043;649;157304;134922;69.3;59.5
65;2021-07-25;22;21;157326;134943;69.4;59.5
65;2021-07-26;1140;1244;158466;136187;69.9;60.0
65;2021-07-27;1783;1956;160249;138143;70.6;60.9
65;2021-07-28;1596;1321;161845;139464;71.3;61.5
65;2021-07-29;2856;1133;164701;140597;72.6;62.0
65;2021-07-30;2432;1396;167133;141993;73.7;62.6
65;2021-07-31;2269;349;169402;142342;74.7;62.8
65;2021-08-01;14;16;169416;142358;74.7;62.8
65;2021-08-02;966;832;170382;143190;75.1;63.1
65;2021-08-03;2061;1063;172443;144253;76.0;63.6
65;2021-08-04;1771;636;174214;144889;76.8;63.9
65;2021-08-05;1783;839;175997;145728;77.6;64.2
65;2021-08-06;1640;967;177637;146695;78.3;64.7
65;2021-08-07;719;482;178356;147177;78.6;64.9
65;2021-08-08;2;9;178358;147186;78.6;64.9
65;2021-08-09;681;943;179039;148129;78.9;65.3
65;2021-08-10;1163;1547;180202;149676;79.4;66.0
65;2021-08-11;726;1262;180928;150938;79.8;66.5
65;2021-08-12;763;1080;181691;152018;80.1;67.0
65;2021-08-13;411;1007;182102;153025;80.3;67.5
65;2021-08-14;593;566;182695;153591;80.5;67.7
65;2021-08-15;7;19;182702;153610;80.5;67.7
65;2021-08-16;393;1536;183095;155146;80.7;68.4
65;2021-08-17;718;2175;183813;157321;81.0;69.4
65;2021-08-18;586;1544;184399;158865;81.3;70.0
65;2021-08-19;705;1308;185104;160173;81.6;70.6
65;2021-08-20;443;1333;185547;161506;81.8;71.2
65;2021-08-21;36;104;185583;161610;81.8;71.2
65;2021-08-22;11;13;185594;161623;81.8;71.3
65;2021-08-23;265;1680;185859;163303;81.9;72.0
65;2021-08-24;544;2439;186403;165742;82.2;73.1
65;2021-08-25;410;1955;186813;167697;82.4;73.9
66;2020-12-27;0;0;0;0;0.0;0.0
66;2020-12-28;2;0;2;0;0.0;0.0
66;2020-12-29;0;0;2;0;0.0;0.0
66;2020-12-30;0;0;2;0;0.0;0.0
66;2020-12-31;1;0;3;0;0.0;0.0
66;2021-01-01;1;0;4;0;0.0;0.0
66;2021-01-02;0;0;4;0;0.0;0.0
66;2021-01-03;0;0;4;0;0.0;0.0
66;2021-01-04;30;0;34;0;0.0;0.0
66;2021-01-05;135;0;169;0;0.0;0.0
66;2021-01-06;195;0;364;0;0.1;0.0
66;2021-01-07;182;0;546;0;0.1;0.0
66;2021-01-08;212;0;758;0;0.2;0.0
66;2021-01-09;232;0;990;0;0.2;0.0
66;2021-01-10;11;0;1001;0;0.2;0.0
66;2021-01-11;404;3;1405;3;0.3;0.0
66;2021-01-12;587;2;1992;5;0.4;0.0
66;2021-01-13;877;7;2869;12;0.6;0.0
66;2021-01-14;892;12;3761;24;0.8;0.0
66;2021-01-15;587;1;4348;25;0.9;0.0
66;2021-01-16;106;2;4454;27;0.9;0.0
66;2021-01-17;46;1;4500;28;0.9;0.0
66;2021-01-18;655;3;5155;31;1.1;0.0
66;2021-01-19;716;3;5871;34;1.2;0.0
66;2021-01-20;1169;3;7040;37;1.5;0.0
66;2021-01-21;2402;4;9442;41;2.0;0.0
66;2021-01-22;1439;10;10881;51;2.3;0.0
66;2021-01-23;399;3;11280;54;2.4;0.0
66;2021-01-24;226;9;11506;63;2.4;0.0
66;2021-01-25;738;40;12244;103;2.6;0.0
66;2021-01-26;787;66;13031;169;2.7;0.0
66;2021-01-27;866;104;13897;273;2.9;0.1
66;2021-01-28;876;128;14773;401;3.1;0.1
66;2021-01-29;817;127;15590;528;3.3;0.1
66;2021-01-30;480;70;16070;598;3.4;0.1
66;2021-01-31;202;27;16272;625;3.4;0.1
66;2021-02-01;562;188;16834;813;3.5;0.2
66;2021-02-02;621;289;17455;1102;3.6;0.2
66;2021-02-03;737;627;18192;1729;3.8;0.4
66;2021-02-04;688;621;18880;2350;3.9;0.5
66;2021-02-05;778;414;19658;2764;4.1;0.6
66;2021-02-06;418;147;20076;2911;4.2;0.6
66;2021-02-07;169;139;20245;3050;4.2;0.6
66;2021-02-08;501;393;20746;3443;4.3;0.7
66;2021-02-09;533;401;21279;3844;4.4;0.8
66;2021-02-10;616;770;21895;4614;4.6;1.0
66;2021-02-11;1104;1571;22999;6185;4.8;1.3
66;2021-02-12;1121;1200;24120;7385;5.0;1.5
66;2021-02-13;366;304;24486;7689;5.1;1.6
66;2021-02-14;111;197;24597;7886;5.1;1.6
66;2021-02-15;425;697;25022;8583;5.2;1.8
66;2021-02-16;304;788;25326;9371;5.3;2.0
66;2021-02-17;379;697;25705;10068;5.4;2.1
66;2021-02-18;366;774;26071;10842;5.4;2.3
66;2021-02-19;400;703;26471;11545;5.5;2.4
66;2021-02-20;184;407;26655;11952;5.6;2.5
66;2021-02-21;41;171;26696;12123;5.6;2.5
66;2021-02-22;416;641;27112;12764;5.7;2.7
66;2021-02-23;508;666;27620;13430;5.8;2.8
66;2021-02-24;342;749;27962;14179;5.8;3.0
66;2021-02-25;717;712;28679;14891;6.0;3.1
66;2021-02-26;954;748;29633;15639;6.2;3.3
66;2021-02-27;363;428;29996;16067;6.3;3.4
66;2021-02-28;59;172;30055;16239;6.3;3.4
66;2021-03-01;378;650;30433;16889;6.4;3.5
66;2021-03-02;334;657;30767;17546;6.4;3.7
66;2021-03-03;528;645;31295;18191;6.5;3.8
66;2021-03-04;990;1057;32285;19248;6.7;4.0
66;2021-03-05;1525;799;33810;20047;7.1;4.2
66;2021-03-06;1146;346;34956;20393;7.3;4.3
66;2021-03-07;1097;97;36053;20490;7.5;4.3
66;2021-03-08;696;542;36749;21032;7.7;4.4
66;2021-03-09;1223;592;37972;21624;7.9;4.5
66;2021-03-10;1301;504;39273;22128;8.2;4.6
66;2021-03-11;1474;593;40747;22721;8.5;4.7
66;2021-03-12;2395;579;43142;23300;9.0;4.9
66;2021-03-13;1081;307;44223;23607;9.2;4.9
66;2021-03-14;192;84;44415;23691;9.3;4.9
66;2021-03-15;1109;394;45524;24085;9.5;5.0
66;2021-03-16;952;260;46476;24345;9.7;5.1
66;2021-03-17;867;397;47343;24742;9.9;5.2
66;2021-03-18;969;344;48312;25086;10.1;5.2
66;2021-03-19;1292;318;49604;25404;10.4;5.3
66;2021-03-20;837;122;50441;25526;10.5;5.3
66;2021-03-21;185;44;50626;25570;10.6;5.3
66;2021-03-22;1114;394;51740;25964;10.8;5.4
66;2021-03-23;1757;387;53497;26351;11.2;5.5
66;2021-03-24;1796;519;55293;26870;11.5;5.6
66;2021-03-25;2536;470;57829;27340;12.1;5.7
66;2021-03-26;2577;365;60406;27705;12.6;5.8
66;2021-03-27;1208;298;61614;28003;12.9;5.8
66;2021-03-28;321;3;61935;28006;12.9;5.8
66;2021-03-29;1830;257;63765;28263;13.3;5.9
66;2021-03-30;2239;173;66004;28436;13.8;5.9
66;2021-03-31;1987;250;67991;28686;14.2;6.0
66;2021-04-01;2672;303;70663;28989;14.8;6.1
66;2021-04-02;2421;256;73084;29245;15.3;6.1
66;2021-04-03;1148;335;74232;29580;15.5;6.2
66;2021-04-04;107;125;74339;29705;15.5;6.2
66;2021-04-05;196;142;74535;29847;15.6;6.2
66;2021-04-06;1331;649;75866;30496;15.8;6.4
66;2021-04-07;1397;598;77263;31094;16.1;6.5
66;2021-04-08;2071;547;79334;31641;16.6;6.6
66;2021-04-09;3480;660;82814;32301;17.3;6.7
66;2021-04-10;2307;523;85121;32824;17.8;6.9
66;2021-04-11;1200;168;86321;32992;18.0;6.9
66;2021-04-12;2703;1022;89024;34014;18.6;7.1
66;2021-04-13;3609;1064;92633;35078;19.3;7.3
66;2021-04-14;3292;923;95925;36001;20.0;7.5
66;2021-04-15;3555;1048;99480;37049;20.8;7.7
66;2021-04-16;3591;1034;103071;38083;21.5;8.0
66;2021-04-17;2263;592;105334;38675;22.0;8.1
66;2021-04-18;1445;132;106779;38807;22.3;8.1
66;2021-04-19;2256;1122;109035;39929;22.8;8.3
66;2021-04-20;2373;1078;111408;41007;23.3;8.6
66;2021-04-21;2870;1179;114278;42186;23.9;8.8
66;2021-04-22;2659;1231;116937;43417;24.4;9.1
66;2021-04-23;2380;1237;119317;44654;24.9;9.3
66;2021-04-24;2744;881;122061;45535;25.5;9.5
66;2021-04-25;1207;267;123268;45802;25.7;9.6
66;2021-04-26;1998;1254;125266;47056;26.2;9.8
66;2021-04-27;2748;1304;128014;48360;26.7;10.1
66;2021-04-28;2421;1663;130435;50023;27.2;10.4
66;2021-04-29;2703;2127;133138;52150;27.8;10.9
66;2021-04-30;3055;1557;136193;53707;28.4;11.2
66;2021-05-01;2001;470;138194;54177;28.9;11.3
66;2021-05-02;1529;263;139723;54440;29.2;11.4
66;2021-05-03;2938;1111;142661;55551;29.8;11.6
66;2021-05-04;3169;1343;145830;56894;30.4;11.9
66;2021-05-05;3052;1543;148882;58437;31.1;12.2
66;2021-05-06;3754;2081;152636;60518;31.9;12.6
66;2021-05-07;2967;3084;155603;63602;32.5;13.3
66;2021-05-08;1731;1171;157334;64773;32.8;13.5
66;2021-05-09;887;1370;158221;66143;33.0;13.8
66;2021-05-10;1805;2973;160026;69116;33.4;14.4
66;2021-05-11;2740;3126;162766;72242;34.0;15.1
66;2021-05-12;2430;2568;165196;74810;34.5;15.6
66;2021-05-13;2260;1385;167456;76195;35.0;15.9
66;2021-05-14;2772;2118;170228;78313;35.5;16.3
66;2021-05-15;2330;1577;172558;79890;36.0;16.7
66;2021-05-16;2286;1250;174844;81140;36.5;16.9
66;2021-05-17;2052;1824;176896;82964;36.9;17.3
66;2021-05-18;3237;1808;180133;84772;37.6;17.7
66;2021-05-19;2878;1342;183011;86114;38.2;18.0
66;2021-05-20;4375;1448;187386;87562;39.1;18.3
66;2021-05-21;3268;1463;190654;89025;39.8;18.6
66;2021-05-22;3066;780;193720;89805;40.4;18.7
66;2021-05-23;1510;238;195230;90043;40.8;18.8
66;2021-05-24;1955;428;197185;90471;41.2;18.9
66;2021-05-25;2795;1689;199980;92160;41.7;19.2
66;2021-05-26;2780;1494;202760;93654;42.3;19.6
66;2021-05-27;3385;2257;206145;95911;43.0;20.0
66;2021-05-28;2686;3051;208831;98962;43.6;20.7
66;2021-05-29;2147;1518;210978;100480;44.0;21.0
66;2021-05-30;786;989;211764;101469;44.2;21.2
66;2021-05-31;2120;1784;213884;103253;44.7;21.6
66;2021-06-01;2629;2004;216513;105257;45.2;22.0
66;2021-06-02;2808;2339;219321;107596;45.8;22.5
66;2021-06-03;2480;2970;221801;110566;46.3;23.1
66;2021-06-04;1880;3354;223681;113920;46.7;23.8
66;2021-06-05;1411;2599;225092;116519;47.0;24.3
66;2021-06-06;294;1228;225386;117747;47.1;24.6
66;2021-06-07;1341;2959;226727;120706;47.3;25.2
66;2021-06-08;1739;3021;228466;123727;47.7;25.8
66;2021-06-09;2068;2787;230534;126514;48.1;26.4
66;2021-06-10;2081;2961;232615;129475;48.6;27.0
66;2021-06-11;2101;3861;234716;133336;49.0;27.8
66;2021-06-12;872;2410;235588;135746;49.2;28.3
66;2021-06-13;517;1334;236105;137080;49.3;28.6
66;2021-06-14;1360;3495;237465;140575;49.6;29.3
66;2021-06-15;2130;3573;239595;144148;50.0;30.1
66;2021-06-16;1790;3567;241385;147715;50.4;30.8
66;2021-06-17;2435;3605;243820;151320;50.9;31.6
66;2021-06-18;2227;3823;246047;155143;51.4;32.4
66;2021-06-19;1542;2321;247589;157464;51.7;32.9
66;2021-06-20;998;1266;248587;158730;51.9;33.1
66;2021-06-21;1163;2879;249750;161609;52.1;33.7
66;2021-06-22;1509;3763;251259;165372;52.5;34.5
66;2021-06-23;1325;3027;252584;168399;52.7;35.2
66;2021-06-24;1515;3230;254099;171629;53.0;35.8
66;2021-06-25;1399;3535;255498;175164;53.3;36.6
66;2021-06-26;963;2682;256461;177846;53.5;37.1
66;2021-06-27;679;1557;257140;179403;53.7;37.5
66;2021-06-28;977;2977;258117;182380;53.9;38.1
66;2021-06-29;1146;3795;259263;186175;54.1;38.9
66;2021-06-30;1277;3305;260540;189480;54.4;39.6
66;2021-07-01;1372;4044;261912;193524;54.7;40.4
66;2021-07-02;1340;3603;263252;197127;55.0;41.2
66;2021-07-03;1154;3903;264406;201030;55.2;42.0
66;2021-07-04;717;1792;265123;202822;55.3;42.3
66;2021-07-05;1176;3004;266299;205826;55.6;43.0
66;2021-07-06;1450;3786;267749;209612;55.9;43.8
66;2021-07-07;1392;3249;269141;212861;56.2;44.4
66;2021-07-08;1273;3383;270414;216244;56.5;45.1
66;2021-07-09;1423;3462;271837;219706;56.8;45.9
66;2021-07-10;1004;2402;272841;222108;57.0;46.4
66;2021-07-11;540;1540;273381;223648;57.1;46.7
66;2021-07-12;994;3640;274375;227288;57.3;47.5
66;2021-07-13;2131;4270;276506;231558;57.7;48.3
66;2021-07-14;1950;1233;278456;232791;58.1;48.6
66;2021-07-15;2779;3113;281235;235904;58.7;49.2
66;2021-07-16;3328;3205;284563;239109;59.4;49.9
66;2021-07-17;2118;2036;286681;241145;59.8;50.3
66;2021-07-18;1197;1062;287878;242207;60.1;50.6
66;2021-07-19;2792;3083;290670;245290;60.7;51.2
66;2021-07-20;3655;2884;294325;248174;61.4;51.8
66;2021-07-21;3962;2945;298287;251119;62.3;52.4
66;2021-07-22;3912;2819;302199;253938;63.1;53.0
66;2021-07-23;3893;3035;306092;256973;63.9;53.6
66;2021-07-24;2584;1922;308676;258895;64.4;54.0
66;2021-07-25;2021;1237;310697;260132;64.9;54.3
66;2021-07-26;2863;2628;313560;262760;65.5;54.9
66;2021-07-27;3223;2883;316783;265643;66.1;55.5
66;2021-07-28;3348;2572;320131;268215;66.8;56.0
66;2021-07-29;3852;2534;323983;270749;67.6;56.5
66;2021-07-30;4181;2467;328164;273216;68.5;57.0
66;2021-07-31;2217;1713;330381;274929;69.0;57.4
66;2021-08-01;1819;896;332200;275825;69.4;57.6
66;2021-08-02;2269;1919;334469;277744;69.8;58.0
66;2021-08-03;2610;2068;337079;279812;70.4;58.4
66;2021-08-04;2572;1996;339651;281808;70.9;58.8
66;2021-08-05;2423;2500;342074;284308;71.4;59.4
66;2021-08-06;2305;2641;344379;286949;71.9;59.9
66;2021-08-07;1497;2088;345876;289037;72.2;60.3
66;2021-08-08;611;1455;346487;290492;72.3;60.6
66;2021-08-09;1326;2801;347813;293293;72.6;61.2
66;2021-08-10;1634;3066;349447;296359;73.0;61.9
66;2021-08-11;1611;3016;351058;299375;73.3;62.5
66;2021-08-12;1634;2992;352692;302367;73.6;63.1
66;2021-08-13;1388;2969;354080;305336;73.9;63.7
66;2021-08-14;655;2508;354735;307844;74.1;64.3
66;2021-08-15;136;1629;354871;309473;74.1;64.6
66;2021-08-16;1267;2592;356138;312065;74.4;65.1
66;2021-08-17;1475;2977;357613;315042;74.7;65.8
66;2021-08-18;1330;3066;358943;318108;74.9;66.4
66;2021-08-19;1098;2915;360041;321023;75.2;67.0
66;2021-08-20;972;3313;361013;324336;75.4;67.7
66;2021-08-21;550;2009;361563;326345;75.5;68.1
66;2021-08-22;232;1352;361795;327697;75.5;68.4
66;2021-08-23;1134;2759;362929;330456;75.8;69.0
66;2021-08-24;1032;2945;363961;333401;76.0;69.6
66;2021-08-25;898;2300;364859;335701;76.2;70.1
67;2020-12-27;7;0;7;0;0.0;0.0
67;2020-12-28;4;0;11;0;0.0;0.0
67;2020-12-29;2;0;13;0;0.0;0.0
67;2020-12-30;0;0;13;0;0.0;0.0
67;2020-12-31;0;0;13;0;0.0;0.0
67;2021-01-01;4;0;17;0;0.0;0.0
67;2021-01-02;1;0;18;0;0.0;0.0
67;2021-01-03;1;0;19;0;0.0;0.0
67;2021-01-04;41;0;60;0;0.0;0.0
67;2021-01-05;167;0;227;0;0.0;0.0
67;2021-01-06;121;0;348;0;0.0;0.0
67;2021-01-07;235;1;583;1;0.1;0.0
67;2021-01-08;233;1;816;2;0.1;0.0
67;2021-01-09;113;1;929;3;0.1;0.0
67;2021-01-10;67;0;996;3;0.1;0.0
67;2021-01-11;182;1;1178;4;0.1;0.0
67;2021-01-12;511;1;1689;5;0.1;0.0
67;2021-01-13;654;2;2343;7;0.2;0.0
67;2021-01-14;1079;7;3422;14;0.3;0.0
67;2021-01-15;937;7;4359;21;0.4;0.0
67;2021-01-16;196;3;4555;24;0.4;0.0
67;2021-01-17;99;0;4654;24;0.4;0.0
67;2021-01-18;898;3;5552;27;0.5;0.0
67;2021-01-19;1424;5;6976;32;0.6;0.0
67;2021-01-20;1852;12;8828;44;0.8;0.0
67;2021-01-21;2208;9;11036;53;1.0;0.0
67;2021-01-22;1987;8;13023;61;1.1;0.0
67;2021-01-23;813;6;13836;67;1.2;0.0
67;2021-01-24;380;1;14216;68;1.3;0.0
67;2021-01-25;526;30;14742;98;1.3;0.0
67;2021-01-26;159;108;14901;206;1.3;0.0
67;2021-01-27;1391;91;16292;297;1.4;0.0
67;2021-01-28;3052;225;19344;522;1.7;0.0
67;2021-01-29;2029;161;21373;683;1.9;0.1
67;2021-01-30;1094;82;22467;765;2.0;0.1
67;2021-01-31;1161;29;23628;794;2.1;0.1
67;2021-02-01;3392;251;27020;1045;2.4;0.1
67;2021-02-02;2690;429;29710;1474;2.6;0.1
67;2021-02-03;1573;400;31283;1874;2.8;0.2
67;2021-02-04;1193;759;32476;2633;2.9;0.2
67;2021-02-05;1193;642;33669;3275;3.0;0.3
67;2021-02-06;789;145;34458;3420;3.0;0.3
67;2021-02-07;289;45;34747;3465;3.1;0.3
67;2021-02-08;839;449;35586;3914;3.1;0.3
67;2021-02-09;958;738;36544;4652;3.2;0.4
67;2021-02-10;929;791;37473;5443;3.3;0.5
67;2021-02-11;1150;1128;38623;6571;3.4;0.6
67;2021-02-12;1245;783;39868;7354;3.5;0.6
67;2021-02-13;765;279;40633;7633;3.6;0.7
67;2021-02-14;243;94;40876;7727;3.6;0.7
67;2021-02-15;779;839;41655;8566;3.7;0.8
67;2021-02-16;929;1144;42584;9710;3.8;0.9
67;2021-02-17;784;1192;43368;10902;3.8;1.0
67;2021-02-18;1398;2569;44766;13471;4.0;1.2
67;2021-02-19;1374;2110;46140;15581;4.1;1.4
67;2021-02-20;631;903;46771;16484;4.1;1.5
67;2021-02-21;209;1195;46980;17679;4.1;1.6
67;2021-02-22;1404;2166;48384;19845;4.3;1.8
67;2021-02-23;1462;1565;49846;21410;4.4;1.9
67;2021-02-24;1434;1049;51280;22459;4.5;2.0
67;2021-02-25;1615;1468;52895;23927;4.7;2.1
67;2021-02-26;2224;1409;55119;25336;4.9;2.2
67;2021-02-27;1257;784;56376;26120;5.0;2.3
67;2021-02-28;147;364;56523;26484;5.0;2.3
67;2021-03-01;640;998;57163;27482;5.0;2.4
67;2021-03-02;893;1199;58056;28681;5.1;2.5
67;2021-03-03;1410;1284;59466;29965;5.3;2.6
67;2021-03-04;1961;1057;61427;31022;5.4;2.7
67;2021-03-05;3256;1104;64683;32126;5.7;2.8
67;2021-03-06;2335;775;67018;32901;5.9;2.9
67;2021-03-07;466;282;67484;33183;6.0;2.9
67;2021-03-08;1187;793;68671;33976;6.1;3.0
67;2021-03-09;2222;905;70893;34881;6.3;3.1
67;2021-03-10;2448;1188;73341;36069;6.5;3.2
67;2021-03-11;3205;1356;76546;37425;6.8;3.3
67;2021-03-12;5256;1372;81802;38797;7.2;3.4
67;2021-03-13;3997;882;85799;39679;7.6;3.5
67;2021-03-14;483;389;86282;40068;7.6;3.5
67;2021-03-15;2188;1158;88470;41226;7.8;3.6
67;2021-03-16;1550;1233;90020;42459;7.9;3.7
67;2021-03-17;2067;921;92087;43380;8.1;3.8
67;2021-03-18;2386;732;94473;44112;8.3;3.9
67;2021-03-19;3671;749;98144;44861;8.7;4.0
67;2021-03-20;3062;508;101206;45369;8.9;4.0
67;2021-03-21;335;16;101541;45385;9.0;4.0
67;2021-03-22;2331;778;103872;46163;9.2;4.1
67;2021-03-23;3398;776;107270;46939;9.5;4.1
67;2021-03-24;3908;810;111178;47749;9.8;4.2
67;2021-03-25;5313;538;116491;48287;10.3;4.3
67;2021-03-26;6868;478;123359;48765;10.9;4.3
67;2021-03-27;3925;344;127284;49109;11.2;4.3
67;2021-03-28;580;99;127864;49208;11.3;4.3
67;2021-03-29;3819;426;131683;49634;11.6;4.4
67;2021-03-30;4843;669;136526;50303;12.1;4.4
67;2021-03-31;4842;692;141368;50995;12.5;4.5
67;2021-04-01;5144;930;146512;51925;12.9;4.6
67;2021-04-02;1004;174;147516;52099;13.0;4.6
67;2021-04-03;1689;286;149205;52385;13.2;4.6
67;2021-04-04;326;5;149531;52390;13.2;4.6
67;2021-04-05;371;3;149902;52393;13.2;4.6
67;2021-04-06;3476;1180;153378;53573;13.5;4.7
67;2021-04-07;4532;1280;157910;54853;13.9;4.8
67;2021-04-08;5659;1406;163569;56259;14.4;5.0
67;2021-04-09;7109;1352;170678;57611;15.1;5.1
67;2021-04-10;4333;890;175011;58501;15.5;5.2
67;2021-04-11;855;427;175866;58928;15.5;5.2
67;2021-04-12;3881;1404;179747;60332;15.9;5.3
67;2021-04-13;4892;1579;184639;61911;16.3;5.5
67;2021-04-14;5274;1896;189913;63807;16.8;5.6
67;2021-04-15;6078;2104;195991;65911;17.3;5.8
67;2021-04-16;7835;2423;203826;68334;18.0;6.0
67;2021-04-17;4006;1579;207832;69913;18.3;6.2
67;2021-04-18;1111;646;208943;70559;18.4;6.2
67;2021-04-19;3630;2141;212573;72700;18.8;6.4
67;2021-04-20;4257;1923;216830;74623;19.1;6.6
67;2021-04-21;4068;2513;220898;77136;19.5;6.8
67;2021-04-22;4476;2914;225374;80050;19.9;7.1
67;2021-04-23;5240;3000;230614;83050;20.4;7.3
67;2021-04-24;3100;2025;233714;85075;20.6;7.5
67;2021-04-25;1028;452;234742;85527;20.7;7.6
67;2021-04-26;3190;2617;237932;88144;21.0;7.8
67;2021-04-27;4020;2921;241952;91065;21.4;8.0
67;2021-04-28;4251;3433;246203;94498;21.7;8.3
67;2021-04-29;5125;3513;251328;98011;22.2;8.7
67;2021-04-30;7179;2491;258507;100502;22.8;8.9
67;2021-05-01;2683;785;261190;101287;23.1;8.9
67;2021-05-02;2181;678;263371;101965;23.3;9.0
67;2021-05-03;5562;2616;268933;104581;23.7;9.2
67;2021-05-04;5854;3607;274787;108188;24.3;9.6
67;2021-05-05;5217;4202;280004;112390;24.7;9.9
67;2021-05-06;6713;4926;286717;117316;25.3;10.4
67;2021-05-07;6434;6919;293151;124235;25.9;11.0
67;2021-05-08;3575;1022;296726;125257;26.2;11.1
67;2021-05-09;3371;594;300097;125851;26.5;11.1
67;2021-05-10;4697;4531;304794;130382;26.9;11.5
67;2021-05-11;5649;4931;310443;135313;27.4;11.9
67;2021-05-12;6598;4848;317041;140161;28.0;12.4
67;2021-05-13;7311;1675;324352;141836;28.6;12.5
67;2021-05-14;8880;5361;333232;147197;29.4;13.0
67;2021-05-15;8192;3658;341424;150855;30.1;13.3
67;2021-05-16;6178;974;347602;151829;30.7;13.4
67;2021-05-17;5694;3888;353296;155717;31.2;13.7
67;2021-05-18;6901;3983;360197;159700;31.8;14.1
67;2021-05-19;7376;4174;367573;163874;32.5;14.5
67;2021-05-20;8694;4238;376267;168112;33.2;14.8
67;2021-05-21;8164;5864;384431;173976;33.9;15.4
67;2021-05-22;5936;3426;390367;177402;34.5;15.7
67;2021-05-23;2659;593;393026;177995;34.7;15.7
67;2021-05-24;4417;866;397443;178861;35.1;15.8
67;2021-05-25;5417;4773;402860;183634;35.6;16.2
67;2021-05-26;6061;4883;408921;188517;36.1;16.6
67;2021-05-27;7314;4911;416235;193428;36.8;17.1
67;2021-05-28;7968;6511;424203;199939;37.5;17.7
67;2021-05-29;6652;3878;430855;203817;38.0;18.0
67;2021-05-30;1147;809;432002;204626;38.1;18.1
67;2021-05-31;6407;4060;438409;208686;38.7;18.4
67;2021-06-01;7329;4406;445738;213092;39.4;18.8
67;2021-06-02;8065;4177;453803;217269;40.1;19.2
67;2021-06-03;8841;4868;462644;222137;40.8;19.6
67;2021-06-04;8591;6137;471235;228274;41.6;20.2
67;2021-06-05;6554;3984;477789;232258;42.2;20.5
67;2021-06-06;3478;872;481267;233130;42.5;20.6
67;2021-06-07;7415;4260;488682;237390;43.1;21.0
67;2021-06-08;8632;4926;497314;242316;43.9;21.4
67;2021-06-09;9261;4804;506575;247120;44.7;21.8
67;2021-06-10;9773;5017;516348;252137;45.6;22.3
67;2021-06-11;8072;8334;524420;260471;46.3;23.0
67;2021-06-12;6791;5203;531211;265674;46.9;23.5
67;2021-06-13;3108;1043;534319;266717;47.2;23.5
67;2021-06-14;5510;6459;539829;273176;47.7;24.1
67;2021-06-15;6687;6751;546516;279927;48.3;24.7
67;2021-06-16;6950;6704;553466;286631;48.9;25.3
67;2021-06-17;7274;9057;560740;295688;49.5;26.1
67;2021-06-18;7603;8509;568343;304197;50.2;26.9
67;2021-06-19;6384;5963;574727;310160;50.7;27.4
67;2021-06-20;1450;1412;576177;311572;50.9;27.5
67;2021-06-21;4267;6774;580444;318346;51.2;28.1
67;2021-06-22;4241;9097;584685;327443;51.6;28.9
67;2021-06-23;5291;8190;589976;335633;52.1;29.6
67;2021-06-24;4518;9098;594494;344731;52.5;30.4
67;2021-06-25;5340;9955;599834;354686;53.0;31.3
67;2021-06-26;3467;9108;603301;363794;53.3;32.1
67;2021-06-27;1023;3522;604324;367316;53.4;32.4
67;2021-06-28;2847;8735;607171;376051;53.6;33.2
67;2021-06-29;2897;8612;610068;384663;53.9;34.0
67;2021-06-30;3380;8744;613448;393407;54.2;34.7
67;2021-07-01;3603;8432;617051;401839;54.5;35.5
67;2021-07-02;3735;10937;620786;412776;54.8;36.4
67;2021-07-03;2977;7747;623763;420523;55.1;37.1
67;2021-07-04;763;1870;624526;422393;55.1;37.3
67;2021-07-05;2621;8254;627147;430647;55.4;38.0
67;2021-07-06;3100;8444;630247;439091;55.6;38.8
67;2021-07-07;3921;8739;634168;447830;56.0;39.5
67;2021-07-08;4192;7788;638360;455618;56.4;40.2
67;2021-07-09;3761;11375;642121;466993;56.7;41.2
67;2021-07-10;2859;8208;644980;475201;56.9;42.0
67;2021-07-11;944;1994;645924;477195;57.0;42.1
67;2021-07-12;2473;9721;648397;486916;57.2;43.0
67;2021-07-13;4103;9891;652500;496807;57.6;43.9
67;2021-07-14;3488;4406;655988;501213;57.9;44.3
67;2021-07-15;5127;12228;661115;513441;58.4;45.3
67;2021-07-16;4848;12291;665963;525732;58.8;46.4
67;2021-07-17;3732;8827;669695;534559;59.1;47.2
67;2021-07-18;1462;2550;671157;537109;59.3;47.4
67;2021-07-19;4626;9744;675783;546853;59.7;48.3
67;2021-07-20;5767;9818;681550;556671;60.2;49.1
67;2021-07-21;5862;10650;687412;567321;60.7;50.1
67;2021-07-22;6426;10229;693838;577550;61.3;51.0
67;2021-07-23;7389;11193;701227;588743;61.9;52.0
67;2021-07-24;5421;7579;706648;596322;62.4;52.7
67;2021-07-25;2314;1968;708962;598290;62.6;52.8
67;2021-07-26;4995;7255;713957;605545;63.0;53.5
67;2021-07-27;6605;7315;720562;612860;63.6;54.1
67;2021-07-28;7530;7209;728092;620069;64.3;54.7
67;2021-07-29;8370;6435;736462;626504;65.0;55.3
67;2021-07-30;8636;7308;745098;633812;65.8;56.0
67;2021-07-31;5095;4869;750193;638681;66.2;56.4
67;2021-08-01;2469;1424;752662;640105;66.5;56.5
67;2021-08-02;6311;5089;758973;645194;67.0;57.0
67;2021-08-03;7283;4712;766256;649906;67.7;57.4
67;2021-08-04;6861;4600;773117;654506;68.3;57.8
67;2021-08-05;5691;4216;778808;658722;68.8;58.2
67;2021-08-06;6282;5420;785090;664142;69.3;58.6
67;2021-08-07;4610;4274;789700;668416;69.7;59.0
67;2021-08-08;1277;1433;790977;669849;69.8;59.1
67;2021-08-09;3100;4483;794077;674332;70.1;59.5
67;2021-08-10;3177;4779;797254;679111;70.4;60.0
67;2021-08-11;3400;4678;800654;683789;70.7;60.4
67;2021-08-12;3106;4883;803760;688672;71.0;60.8
67;2021-08-13;3145;5380;806905;694052;71.2;61.3
67;2021-08-14;2187;5076;809092;699128;71.4;61.7
67;2021-08-15;705;1600;809797;700728;71.5;61.9
67;2021-08-16;2062;5228;811859;705956;71.7;62.3
67;2021-08-17;2071;5269;813930;711225;71.9;62.8
67;2021-08-18;2346;6336;816276;717561;72.1;63.4
67;2021-08-19;1872;6147;818148;723708;72.2;63.9
67;2021-08-20;2302;7439;820450;731147;72.4;64.6
67;2021-08-21;1510;5553;821960;736700;72.6;65.0
67;2021-08-22;377;2050;822337;738750;72.6;65.2
67;2021-08-23;1897;6836;824234;745586;72.8;65.8
67;2021-08-24;1971;6603;826205;752189;72.9;66.4
67;2021-08-25;2064;7196;828269;759385;73.1;67.0
68;2020-12-27;0;0;0;0;0.0;0.0
68;2020-12-28;0;0;0;0;0.0;0.0
68;2020-12-29;0;0;0;0;0.0;0.0
68;2020-12-30;0;0;0;0;0.0;0.0
68;2020-12-31;0;0;0;0;0.0;0.0
68;2021-01-01;0;0;0;0;0.0;0.0
68;2021-01-02;0;0;0;0;0.0;0.0
68;2021-01-03;0;0;0;0;0.0;0.0
68;2021-01-04;1;0;1;0;0.0;0.0
68;2021-01-05;11;0;12;0;0.0;0.0
68;2021-01-06;244;1;256;1;0.0;0.0
68;2021-01-07;75;0;331;1;0.0;0.0
68;2021-01-08;118;1;449;2;0.1;0.0
68;2021-01-09;20;0;469;2;0.1;0.0
68;2021-01-10;1;0;470;2;0.1;0.0
68;2021-01-11;82;0;552;2;0.1;0.0
68;2021-01-12;386;1;938;3;0.1;0.0
68;2021-01-13;703;2;1641;5;0.2;0.0
68;2021-01-14;372;2;2013;7;0.3;0.0
68;2021-01-15;204;1;2217;8;0.3;0.0
68;2021-01-16;1;0;2218;8;0.3;0.0
68;2021-01-17;0;0;2218;8;0.3;0.0
68;2021-01-18;379;5;2597;13;0.3;0.0
68;2021-01-19;559;5;3156;18;0.4;0.0
68;2021-01-20;707;10;3863;28;0.5;0.0
68;2021-01-21;1393;12;5256;40;0.7;0.0
68;2021-01-22;1499;11;6755;51;0.9;0.0
68;2021-01-23;215;3;6970;54;0.9;0.0
68;2021-01-24;697;1;7667;55;1.0;0.0
68;2021-01-25;1390;46;9057;101;1.2;0.0
68;2021-01-26;1554;79;10611;180;1.4;0.0
68;2021-01-27;2767;153;13378;333;1.8;0.0
68;2021-01-28;2354;60;15732;393;2.1;0.1
68;2021-01-29;1509;116;17241;509;2.3;0.1
68;2021-01-30;165;3;17406;512;2.3;0.1
68;2021-01-31;0;0;17406;512;2.3;0.1
68;2021-02-01;737;117;18143;629;2.4;0.1
68;2021-02-02;869;306;19012;935;2.5;0.1
68;2021-02-03;999;621;20011;1556;2.6;0.2
68;2021-02-04;1000;324;21011;1880;2.8;0.2
68;2021-02-05;946;236;21957;2116;2.9;0.3
68;2021-02-06;140;2;22097;2118;2.9;0.3
68;2021-02-07;1;16;22098;2134;2.9;0.3
68;2021-02-08;893;23;22991;2157;3.0;0.3
68;2021-02-09;1359;47;24350;2204;3.2;0.3
68;2021-02-10;1453;63;25803;2267;3.4;0.3
68;2021-02-11;1486;470;27289;2737;3.6;0.4
68;2021-02-12;1549;447;28838;3184;3.8;0.4
68;2021-02-13;132;1;28970;3185;3.8;0.4
68;2021-02-14;58;232;29028;3417;3.8;0.4
68;2021-02-15;662;1088;29690;4505;3.9;0.6
68;2021-02-16;863;1372;30553;5877;4.0;0.8
68;2021-02-17;1285;2136;31838;8013;4.2;1.0
68;2021-02-18;1658;2058;33496;10071;4.4;1.3
68;2021-02-19;987;1366;34483;11437;4.5;1.5
68;2021-02-20;93;125;34576;11562;4.5;1.5
68;2021-02-21;1;40;34577;11602;4.5;1.5
68;2021-02-22;446;797;35023;12399;4.6;1.6
68;2021-02-23;639;1062;35662;13461;4.7;1.8
68;2021-02-24;854;1155;36516;14616;4.8;1.9
68;2021-02-25;1209;1247;37725;15863;4.9;2.1
68;2021-02-26;1200;991;38925;16854;5.1;2.2
68;2021-02-27;547;175;39472;17029;5.2;2.2
68;2021-02-28;12;1;39484;17030;5.2;2.2
68;2021-03-01;940;769;40424;17799;5.3;2.3
68;2021-03-02;1216;930;41640;18729;5.5;2.5
68;2021-03-03;1592;967;43232;19696;5.7;2.6
68;2021-03-04;1992;1047;45224;20743;5.9;2.7
68;2021-03-05;2356;1048;47580;21791;6.2;2.9
68;2021-03-06;2285;246;49865;22037;6.5;2.9
68;2021-03-07;839;108;50704;22145;6.6;2.9
68;2021-03-08;1474;980;52178;23125;6.8;3.0
68;2021-03-09;1697;1332;53875;24457;7.1;3.2
68;2021-03-10;1964;1802;55839;26259;7.3;3.4
68;2021-03-11;2639;1915;58478;28174;7.7;3.7
68;2021-03-12;2629;1423;61107;29597;8.0;3.9
68;2021-03-13;3341;257;64448;29854;8.4;3.9
68;2021-03-14;1543;66;65991;29920;8.6;3.9
68;2021-03-15;1794;625;67785;30545;8.9;4.0
68;2021-03-16;2001;604;69786;31149;9.1;4.1
68;2021-03-17;1957;730;71743;31879;9.4;4.2
68;2021-03-18;2220;951;73963;32830;9.7;4.3
68;2021-03-19;3084;738;77047;33568;10.1;4.4
68;2021-03-20;973;124;78020;33692;10.2;4.4
68;2021-03-21;68;2;78088;33694;10.2;4.4
68;2021-03-22;1965;594;80053;34288;10.5;4.5
68;2021-03-23;2860;619;82913;34907;10.9;4.6
68;2021-03-24;3178;817;86091;35724;11.3;4.7
68;2021-03-25;3502;789;89593;36513;11.7;4.8
68;2021-03-26;3892;727;93485;37240;12.2;4.9
68;2021-03-27;1102;167;94587;37407;12.4;4.9
68;2021-03-28;56;3;94643;37410;12.4;4.9
68;2021-03-29;2263;1373;96906;38783;12.7;5.1
68;2021-03-30;2934;1303;99840;40086;13.1;5.3
68;2021-03-31;2641;1365;102481;41451;13.4;5.4
68;2021-04-01;2748;1550;105229;43001;13.8;5.6
68;2021-04-02;244;88;105473;43089;13.8;5.6
68;2021-04-03;240;124;105713;43213;13.9;5.7
68;2021-04-04;5;0;105718;43213;13.9;5.7
68;2021-04-05;48;3;105766;43216;13.9;5.7
68;2021-04-06;1792;1329;107558;44545;14.1;5.8
68;2021-04-07;2585;1536;110143;46081;14.4;6.0
68;2021-04-08;3233;1502;113376;47583;14.9;6.2
68;2021-04-09;4199;1524;117575;49107;15.4;6.4
68;2021-04-10;1203;1976;118778;51083;15.6;6.7
68;2021-04-11;126;1318;118904;52401;15.6;6.9
68;2021-04-12;2667;1637;121571;54038;15.9;7.1
68;2021-04-13;2760;2109;124331;56147;16.3;7.4
68;2021-04-14;3605;2265;127936;58412;16.8;7.7
68;2021-04-15;4051;2160;131987;60572;17.3;7.9
68;2021-04-16;3942;2081;135929;62653;17.8;8.2
68;2021-04-17;1075;442;137004;63095;18.0;8.3
68;2021-04-18;85;9;137089;63104;18.0;8.3
68;2021-04-19;2358;1835;139447;64939;18.3;8.5
68;2021-04-20;2442;2328;141889;67267;18.6;8.8
68;2021-04-21;2831;2477;144720;69744;19.0;9.1
68;2021-04-22;3287;1975;148007;71719;19.4;9.4
68;2021-04-23;3413;2074;151420;73793;19.8;9.7
68;2021-04-24;842;488;152262;74281;20.0;9.7
68;2021-04-25;214;20;152476;74301;20.0;9.7
68;2021-04-26;2329;2107;154805;76408;20.3;10.0
68;2021-04-27;2600;2217;157405;78625;20.6;10.3
68;2021-04-28;3573;1763;160978;80388;21.1;10.5
68;2021-04-29;4166;1748;165144;82136;21.6;10.8
68;2021-04-30;4833;1368;169977;83504;22.3;10.9
68;2021-05-01;947;121;170924;83625;22.4;11.0
68;2021-05-02;732;70;171656;83695;22.5;11.0
68;2021-05-03;3623;1817;175279;85512;23.0;11.2
68;2021-05-04;3936;2363;179215;87875;23.5;11.5
68;2021-05-05;3632;3245;182847;91120;24.0;11.9
68;2021-05-06;4808;2865;187655;93985;24.6;12.3
68;2021-05-07;4519;2910;192174;96895;25.2;12.7
68;2021-05-08;1671;211;193845;97106;25.4;12.7
68;2021-05-09;1077;107;194922;97213;25.5;12.7
68;2021-05-10;3158;3720;198080;100933;26.0;13.2
68;2021-05-11;4717;3620;202797;104553;26.6;13.7
68;2021-05-12;5789;3295;208586;107848;27.3;14.1
68;2021-05-13;4763;839;213349;108687;28.0;14.2
68;2021-05-14;5962;2136;219311;110823;28.7;14.5
68;2021-05-15;3560;911;222871;111734;29.2;14.6
68;2021-05-16;669;122;223540;111856;29.3;14.7
68;2021-05-17;4448;2498;227988;114354;29.9;15.0
68;2021-05-18;6139;2306;234127;116660;30.7;15.3
68;2021-05-19;5869;2888;239996;119548;31.4;15.7
68;2021-05-20;5930;2419;245926;121967;32.2;16.0
68;2021-05-21;5778;2869;251704;124836;33.0;16.4
68;2021-05-22;2578;926;254282;125762;33.3;16.5
68;2021-05-23;15;17;254297;125779;33.3;16.5
68;2021-05-24;2307;969;256604;126748;33.6;16.6
68;2021-05-25;4346;3438;260950;130186;34.2;17.1
68;2021-05-26;4882;3383;265832;133569;34.8;17.5
68;2021-05-27;5408;3407;271240;136976;35.5;17.9
68;2021-05-28;5619;3733;276859;140709;36.3;18.4
68;2021-05-29;1538;1186;278397;141895;36.5;18.6
68;2021-05-30;41;46;278438;141941;36.5;18.6
68;2021-05-31;5161;2364;283599;144305;37.2;18.9
68;2021-06-01;5989;2801;289588;147106;37.9;19.3
68;2021-06-02;4887;3013;294475;150119;38.6;19.7
68;2021-06-03;5941;3100;300416;153219;39.4;20.1
68;2021-06-04;4897;3304;305313;156523;40.0;20.5
68;2021-06-05;780;1169;306093;157692;40.1;20.7
68;2021-06-06;69;115;306162;157807;40.1;20.7
68;2021-06-07;4758;3036;310920;160843;40.7;21.1
68;2021-06-08;4940;3558;315860;164401;41.4;21.5
68;2021-06-09;4993;3445;320853;167846;42.0;22.0
68;2021-06-10;5202;3149;326055;170995;42.7;22.4
68;2021-06-11;5059;4154;331114;175149;43.4;22.9
68;2021-06-12;3035;1768;334149;176917;43.8;23.2
68;2021-06-13;515;682;334664;177599;43.8;23.3
68;2021-06-14;2518;4392;337182;181991;44.2;23.8
68;2021-06-15;3111;4724;340293;186715;44.6;24.5
68;2021-06-16;3389;4442;343682;191157;45.0;25.0
68;2021-06-17;2360;4460;346042;195617;45.3;25.6
68;2021-06-18;3356;5178;349398;200795;45.8;26.3
68;2021-06-19;2255;2170;351653;202965;46.1;26.6
68;2021-06-20;258;893;351911;203858;46.1;26.7
68;2021-06-21;2062;5155;353973;209013;46.4;27.4
68;2021-06-22;1901;5177;355874;214190;46.6;28.1
68;2021-06-23;2317;5744;358191;219934;46.9;28.8
68;2021-06-24;2155;4898;360346;224832;47.2;29.5
68;2021-06-25;2287;6660;362633;231492;47.5;30.3
68;2021-06-26;1304;2609;363937;234101;47.7;30.7
68;2021-06-27;151;880;364088;234981;47.7;30.8
68;2021-06-28;1601;6443;365689;241424;47.9;31.6
68;2021-06-29;1538;6635;367227;248059;48.1;32.5
68;2021-06-30;1798;6554;369025;254613;48.4;33.4
68;2021-07-01;2110;5350;371135;259963;48.6;34.1
68;2021-07-02;2101;6484;373236;266447;48.9;34.9
68;2021-07-03;988;1936;374224;268383;49.0;35.2
68;2021-07-04;242;201;374466;268584;49.1;35.2
68;2021-07-05;1458;5518;375924;274102;49.3;35.9
68;2021-07-06;2004;5886;377928;279988;49.5;36.7
68;2021-07-07;2457;4974;380385;284962;49.8;37.3
68;2021-07-08;2436;4751;382821;289713;50.2;38.0
68;2021-07-09;2092;7368;384913;297081;50.4;38.9
68;2021-07-10;1023;2003;385936;299084;50.6;39.2
68;2021-07-11;147;155;386083;299239;50.6;39.2
68;2021-07-12;1641;6774;387724;306013;50.8;40.1
68;2021-07-13;2903;6549;390627;312562;51.2;41.0
68;2021-07-14;1842;983;392469;313545;51.4;41.1
68;2021-07-15;3185;6654;395654;320199;51.8;42.0
68;2021-07-16;3814;6760;399468;326959;52.3;42.8
68;2021-07-17;3363;2298;402831;329257;52.8;43.1
68;2021-07-18;1054;230;403885;329487;52.9;43.2
68;2021-07-19;3048;6089;406933;335576;53.3;44.0
68;2021-07-20;4002;5677;410935;341253;53.8;44.7
68;2021-07-21;4337;5827;415272;347080;54.4;45.5
68;2021-07-22;4186;4846;419458;351926;55.0;46.1
68;2021-07-23;5036;5760;424494;357686;55.6;46.9
68;2021-07-24;3347;2128;427841;359814;56.1;47.1
68;2021-07-25;824;535;428665;360349;56.2;47.2
68;2021-07-26;4833;4445;433498;364794;56.8;47.8
68;2021-07-27;6367;3753;439865;368547;57.6;48.3
68;2021-07-28;6845;3881;446710;372428;58.5;48.8
68;2021-07-29;6387;3416;453097;375844;59.4;49.2
68;2021-07-30;6335;4374;459432;380218;60.2;49.8
68;2021-07-31;3913;1426;463345;381644;60.7;50.0
68;2021-08-01;1648;484;464993;382128;60.9;50.1
68;2021-08-02;4595;3143;469588;385271;61.5;50.5
68;2021-08-03;3528;2438;473116;387709;62.0;50.8
68;2021-08-04;3133;2685;476249;390394;62.4;51.2
68;2021-08-05;2731;2636;478980;393030;62.8;51.5
68;2021-08-06;3980;4316;482960;397346;63.3;52.1
68;2021-08-07;1224;1303;484184;398649;63.4;52.2
68;2021-08-08;362;812;484546;399461;63.5;52.3
68;2021-08-09;2562;3682;487108;403143;63.8;52.8
68;2021-08-10;2204;2781;489312;405924;64.1;53.2
68;2021-08-11;1896;2723;491208;408647;64.4;53.5
68;2021-08-12;1738;2660;492946;411307;64.6;53.9
68;2021-08-13;2694;4757;495640;416064;64.9;54.5
68;2021-08-14;707;1436;496347;417500;65.0;54.7
68;2021-08-15;45;446;496392;417946;65.0;54.8
68;2021-08-16;1991;5054;498383;423000;65.3;55.4
68;2021-08-17;1789;4842;500172;427842;65.5;56.1
68;2021-08-18;1170;3684;501342;431526;65.7;56.5
68;2021-08-19;1357;3740;502699;435266;65.9;57.0
68;2021-08-20;2205;6056;504904;441322;66.2;57.8
68;2021-08-21;488;1377;505392;442699;66.2;58.0
68;2021-08-22;112;454;505504;443153;66.2;58.1
68;2021-08-23;1185;5416;506689;448569;66.4;58.8
68;2021-08-24;1391;5937;508080;454506;66.6;59.6
68;2021-08-25;1623;3742;509703;458248;66.8;60.0
69;2020-12-27;3;0;3;0;0.0;0.0
69;2020-12-28;8;0;11;0;0.0;0.0
69;2020-12-29;5;0;16;0;0.0;0.0
69;2020-12-30;6;0;22;0;0.0;0.0
69;2020-12-31;10;0;32;0;0.0;0.0
69;2021-01-01;2;0;34;0;0.0;0.0
69;2021-01-02;1;0;35;0;0.0;0.0
69;2021-01-03;1;0;36;0;0.0;0.0
69;2021-01-04;11;0;47;0;0.0;0.0
69;2021-01-05;215;0;262;0;0.0;0.0
69;2021-01-06;516;0;778;0;0.0;0.0
69;2021-01-07;812;0;1590;0;0.1;0.0
69;2021-01-08;826;0;2416;0;0.1;0.0
69;2021-01-09;39;1;2455;1;0.1;0.0
69;2021-01-10;3;1;2458;2;0.1;0.0
69;2021-01-11;1135;2;3593;4;0.2;0.0
69;2021-01-12;1396;7;4989;11;0.3;0.0
69;2021-01-13;1392;3;6381;14;0.3;0.0
69;2021-01-14;2273;21;8654;35;0.5;0.0
69;2021-01-15;1826;8;10480;43;0.6;0.0
69;2021-01-16;929;4;11409;47;0.6;0.0
69;2021-01-17;260;2;11669;49;0.6;0.0
69;2021-01-18;1694;18;13363;67;0.7;0.0
69;2021-01-19;3512;35;16875;102;0.9;0.0
69;2021-01-20;4453;29;21328;131;1.1;0.0
69;2021-01-21;4070;29;25398;160;1.4;0.0
69;2021-01-22;3164;20;28562;180;1.5;0.0
69;2021-01-23;1285;5;29847;185;1.6;0.0
69;2021-01-24;101;1;29948;186;1.6;0.0
69;2021-01-25;2239;42;32187;228;1.7;0.0
69;2021-01-26;2563;90;34750;318;1.9;0.0
69;2021-01-27;2355;177;37105;495;2.0;0.0
69;2021-01-28;2237;377;39342;872;2.1;0.0
69;2021-01-29;2112;289;41454;1161;2.2;0.1
69;2021-01-30;889;3;42343;1164;2.3;0.1
69;2021-01-31;65;0;42408;1164;2.3;0.1
69;2021-02-01;1112;401;43520;1565;2.3;0.1
69;2021-02-02;1552;413;45072;1978;2.4;0.1
69;2021-02-03;1443;538;46515;2516;2.5;0.1
69;2021-02-04;1794;951;48309;3467;2.6;0.2
69;2021-02-05;820;822;49129;4289;2.6;0.2
69;2021-02-06;369;53;49498;4342;2.6;0.2
69;2021-02-07;0;0;49498;4342;2.6;0.2
69;2021-02-08;1133;1077;50631;5419;2.7;0.3
69;2021-02-09;2048;2110;52679;7529;2.8;0.4
69;2021-02-10;1855;2648;54534;10177;2.9;0.5
69;2021-02-11;1864;3296;56398;13473;3.0;0.7
69;2021-02-12;1902;2108;58300;15581;3.1;0.8
69;2021-02-13;458;799;58758;16380;3.1;0.9
69;2021-02-14;89;39;58847;16419;3.1;0.9
69;2021-02-15;1014;1769;59861;18188;3.2;1.0
69;2021-02-16;984;2443;60845;20631;3.2;1.1
69;2021-02-17;1028;2391;61873;23022;3.3;1.2
69;2021-02-18;967;2310;62840;25332;3.3;1.4
69;2021-02-19;891;1877;63731;27209;3.4;1.5
69;2021-02-20;321;912;64052;28121;3.4;1.5
69;2021-02-21;53;68;64105;28189;3.4;1.5
69;2021-02-22;610;2100;64715;30289;3.4;1.6
69;2021-02-23;740;2226;65455;32515;3.5;1.7
69;2021-02-24;972;2248;66427;34763;3.5;1.9
69;2021-02-25;2217;2681;68644;37444;3.7;2.0
69;2021-02-26;2776;1927;71420;39371;3.8;2.1
69;2021-02-27;925;574;72345;39945;3.9;2.1
69;2021-02-28;148;104;72493;40049;3.9;2.1
69;2021-03-01;2164;914;74657;40963;4.0;2.2
69;2021-03-02;3297;1405;77954;42368;4.2;2.3
69;2021-03-03;3670;1234;81624;43602;4.4;2.3
69;2021-03-04;4884;1296;86508;44898;4.6;2.4
69;2021-03-05;5874;1267;92382;46165;4.9;2.5
69;2021-03-06;3415;423;95797;46588;5.1;2.5
69;2021-03-07;641;42;96438;46630;5.1;2.5
69;2021-03-08;2957;1123;99395;47753;5.3;2.5
69;2021-03-09;4609;1270;104004;49023;5.5;2.6
69;2021-03-10;5067;1056;109071;50079;5.8;2.7
69;2021-03-11;6601;1056;115672;51135;6.2;2.7
69;2021-03-12;8856;1225;124528;52360;6.6;2.8
69;2021-03-13;4928;243;129456;52603;6.9;2.8
69;2021-03-14;2742;149;132198;52752;7.0;2.8
69;2021-03-15;4807;721;137005;53473;7.3;2.9
69;2021-03-16;3818;655;140823;54128;7.5;2.9
69;2021-03-17;3951;895;144774;55023;7.7;2.9
69;2021-03-18;4965;1616;149739;56639;8.0;3.0
69;2021-03-19;6688;1071;156427;57710;8.3;3.1
69;2021-03-20;3593;274;160020;57984;8.5;3.1
69;2021-03-21;1977;97;161997;58081;8.6;3.1
69;2021-03-22;4548;818;166545;58899;8.9;3.1
69;2021-03-23;7365;834;173910;59733;9.3;3.2
69;2021-03-24;6455;1012;180365;60745;9.6;3.2
69;2021-03-25;8587;1121;188952;61866;10.1;3.3
69;2021-03-26;8813;1252;197765;63118;10.5;3.4
69;2021-03-27;3155;800;200920;63918;10.7;3.4
69;2021-03-28;2218;191;203138;64109;10.8;3.4
69;2021-03-29;4098;2195;207236;66304;11.0;3.5
69;2021-03-30;7642;2551;214878;68855;11.5;3.7
69;2021-03-31;6357;3176;221235;72031;11.8;3.8
69;2021-04-01;8455;2741;229690;74772;12.2;4.0
69;2021-04-02;8312;3135;238002;77907;12.7;4.2
69;2021-04-03;5425;2168;243427;80075;13.0;4.3
69;2021-04-04;6611;552;250038;80627;13.3;4.3
69;2021-04-05;6193;817;256231;81444;13.7;4.3
69;2021-04-06;5115;3484;261346;84928;13.9;4.5
69;2021-04-07;5169;3898;266515;88826;14.2;4.7
69;2021-04-08;6425;4057;272940;92883;14.5;5.0
69;2021-04-09;9165;3783;282105;96666;15.0;5.2
69;2021-04-10;3053;2503;285158;99169;15.2;5.3
69;2021-04-11;2039;1900;287197;101069;15.3;5.4
69;2021-04-12;5472;3584;292669;104653;15.6;5.6
69;2021-04-13;7069;4128;299738;108781;16.0;5.8
69;2021-04-14;6717;4154;306455;112935;16.3;6.0
69;2021-04-15;7932;4597;314387;117532;16.8;6.3
69;2021-04-16;7864;4508;322251;122040;17.2;6.5
69;2021-04-17;5038;2318;327289;124358;17.4;6.6
69;2021-04-18;1715;1796;329004;126154;17.5;6.7
69;2021-04-19;7020;3777;336024;129931;17.9;6.9
69;2021-04-20;6486;4760;342510;134691;18.3;7.2
69;2021-04-21;5688;4417;348198;139108;18.6;7.4
69;2021-04-22;6427;5443;354625;144551;18.9;7.7
69;2021-04-23;6735;4901;361360;149452;19.3;8.0
69;2021-04-24;3157;2030;364517;151482;19.4;8.1
69;2021-04-25;2119;1545;366636;153027;19.5;8.2
69;2021-04-26;4498;3881;371134;156908;19.8;8.4
69;2021-04-27;6516;5333;377650;162241;20.1;8.6
69;2021-04-28;6274;4867;383924;167108;20.5;8.9
69;2021-04-29;6701;5397;390625;172505;20.8;9.2
69;2021-04-30;6932;6179;397557;178684;21.2;9.5
69;2021-05-01;3301;644;400858;179328;21.4;9.6
69;2021-05-02;1627;5886;402485;185214;21.5;9.9
69;2021-05-03;5858;8250;408343;193464;21.8;10.3
69;2021-05-04;7608;8169;415951;201633;22.2;10.7
69;2021-05-05;11212;5649;427163;207282;22.8;11.0
69;2021-05-06;12475;6298;439638;213580;23.4;11.4
69;2021-05-07;11688;7167;451326;220747;24.1;11.8
69;2021-05-08;4304;1653;455630;222400;24.3;11.9
69;2021-05-09;6635;2685;462265;225085;24.6;12.0
69;2021-05-10;6937;6068;469202;231153;25.0;12.3
69;2021-05-11;9830;7044;479032;238197;25.5;12.7
69;2021-05-12;12462;6816;491494;245013;26.2;13.1
69;2021-05-13;10841;2560;502335;247573;26.8;13.2
69;2021-05-14;12591;5226;514926;252799;27.4;13.5
69;2021-05-15;9142;2596;524068;255395;27.9;13.6
69;2021-05-16;8409;1877;532477;257272;28.4;13.7
69;2021-05-17;11307;5656;543784;262928;29.0;14.0
69;2021-05-18;13227;6406;557011;269334;29.7;14.4
69;2021-05-19;13700;5898;570711;275232;30.4;14.7
69;2021-05-20;11388;6092;582099;281324;31.0;15.0
69;2021-05-21;11046;6570;593145;287894;31.6;15.3
69;2021-05-22;5579;2576;598724;290470;31.9;15.5
69;2021-05-23;4569;1546;603293;292016;32.2;15.6
69;2021-05-24;8431;1863;611724;293879;32.6;15.7
69;2021-05-25;9747;6179;621471;300058;33.1;16.0
69;2021-05-26;10287;6117;631758;306175;33.7;16.3
69;2021-05-27;10438;6793;642196;312968;34.2;16.7
69;2021-05-28;11620;8751;653816;321719;34.9;17.1
69;2021-05-29;7393;6045;661209;327764;35.2;17.5
69;2021-05-30;7385;3171;668594;330935;35.6;17.6
69;2021-05-31;10966;6383;679560;337318;36.2;18.0
69;2021-06-01;12848;7522;692408;344840;36.9;18.4
69;2021-06-02;14899;6719;707307;351559;37.7;18.7
69;2021-06-03;16644;7434;723951;358993;38.6;19.1
69;2021-06-04;16207;8567;740158;367560;39.5;19.6
69;2021-06-05;10109;3414;750267;370974;40.0;19.8
69;2021-06-06;7490;1719;757757;372693;40.4;19.9
69;2021-06-07;12823;7039;770580;379732;41.1;20.2
69;2021-06-08;16377;8287;786957;388019;41.9;20.7
69;2021-06-09;15220;7366;802177;395385;42.8;21.1
69;2021-06-10;16280;7338;818457;402723;43.6;21.5
69;2021-06-11;16655;9698;835112;412421;44.5;22.0
69;2021-06-12;8539;4188;843651;416609;45.0;22.2
69;2021-06-13;5624;2146;849275;418755;45.3;22.3
69;2021-06-14;8587;9102;857862;427857;45.7;22.8
69;2021-06-15;10947;11028;868809;438885;46.3;23.4
69;2021-06-16;11351;12332;880160;451217;46.9;24.1
69;2021-06-17;11475;13256;891635;464473;47.5;24.8
69;2021-06-18;12077;14785;903712;479258;48.2;25.5
69;2021-06-19;6832;8355;910544;487613;48.5;26.0
69;2021-06-20;5276;4768;915820;492381;48.8;26.2
69;2021-06-21;6557;12125;922377;504506;49.2;26.9
69;2021-06-22;7218;13841;929595;518347;49.6;27.6
69;2021-06-23;8358;13040;937953;531387;50.0;28.3
69;2021-06-24;9305;13746;947258;545133;50.5;29.1
69;2021-06-25;7076;16318;954334;561451;50.9;29.9
69;2021-06-26;3953;9079;958287;570530;51.1;30.4
69;2021-06-27;3293;7422;961580;577952;51.3;30.8
69;2021-06-28;4551;14889;966131;592841;51.5;31.6
69;2021-06-29;5371;15664;971502;608505;51.8;32.4
69;2021-06-30;6394;14458;977896;622963;52.1;33.2
69;2021-07-01;8516;11977;986412;634940;52.6;33.8
69;2021-07-02;9861;14129;996273;649069;53.1;34.6
69;2021-07-03;5993;7772;1002266;656841;53.4;35.0
69;2021-07-04;4151;5552;1006417;662393;53.6;35.3
69;2021-07-05;6214;13025;1012631;675418;54.0;36.0
69;2021-07-06;5558;14288;1018189;689706;54.3;36.8
69;2021-07-07;7317;13564;1025506;703270;54.7;37.5
69;2021-07-08;7554;13417;1033060;716687;55.1;38.2
69;2021-07-09;7567;16474;1040627;733161;55.5;39.1
69;2021-07-10;3118;10320;1043745;743481;55.6;39.6
69;2021-07-11;4332;5833;1048077;749314;55.9;39.9
69;2021-07-12;4168;16972;1052245;766286;56.1;40.8
69;2021-07-13;6202;20736;1058447;787022;56.4;42.0
69;2021-07-14;5042;8497;1063489;795519;56.7;42.4
69;2021-07-15;7473;22603;1070962;818122;57.1;43.6
69;2021-07-16;9662;20142;1080624;838264;57.6;44.7
69;2021-07-17;4877;12238;1085501;850502;57.9;45.3
69;2021-07-18;3413;8903;1088914;859405;58.0;45.8
69;2021-07-19;6710;16469;1095624;875874;58.4;46.7
69;2021-07-20;9382;19316;1105006;895190;58.9;47.7
69;2021-07-21;9359;17409;1114365;912599;59.4;48.6
69;2021-07-22;11406;16458;1125771;929057;60.0;49.5
69;2021-07-23;10988;17680;1136759;946737;60.6;50.5
69;2021-07-24;5691;11054;1142450;957791;60.9;51.1
69;2021-07-25;4700;6630;1147150;964421;61.1;51.4
69;2021-07-26;8753;12954;1155903;977375;61.6;52.1
69;2021-07-27;12862;12165;1168765;989540;62.3;52.7
69;2021-07-28;12022;12146;1180787;1001686;62.9;53.4
69;2021-07-29;14676;12320;1195463;1014006;63.7;54.1
69;2021-07-30;13706;12244;1209169;1026250;64.5;54.7
69;2021-07-31;8141;7234;1217310;1033484;64.9;55.1
69;2021-08-01;5015;5862;1222325;1039346;65.2;55.4
69;2021-08-02;10382;9579;1232707;1048925;65.7;55.9
69;2021-08-03;12865;8986;1245572;1057911;66.4;56.4
69;2021-08-04;12554;8140;1258126;1066051;67.1;56.8
69;2021-08-05;10779;7503;1268905;1073554;67.6;57.2
69;2021-08-06;9499;7775;1278404;1081329;68.1;57.6
69;2021-08-07;4718;4806;1283122;1086135;68.4;57.9
69;2021-08-08;4263;3554;1287385;1089689;68.6;58.1
69;2021-08-09;6877;9201;1294262;1098890;69.0;58.6
69;2021-08-10;7690;7006;1301952;1105896;69.4;58.9
69;2021-08-11;7513;8097;1309465;1113993;69.8;59.4
69;2021-08-12;6954;7322;1316419;1121315;70.2;59.8
69;2021-08-13;6244;8337;1322663;1129652;70.5;60.2
69;2021-08-14;4157;5360;1326820;1135012;70.7;60.5
69;2021-08-15;2337;2519;1329157;1137531;70.8;60.6
69;2021-08-16;4861;8871;1334018;1146402;71.1;61.1
69;2021-08-17;6121;8259;1340139;1154661;71.4;61.5
69;2021-08-18;5975;9439;1346114;1164100;71.8;62.1
69;2021-08-19;6012;9295;1352126;1173395;72.1;62.5
69;2021-08-20;5722;8794;1357848;1182189;72.4;63.0
69;2021-08-21;2690;3945;1360538;1186134;72.5;63.2
69;2021-08-22;1851;2412;1362389;1188546;72.6;63.4
69;2021-08-23;3493;12343;1365882;1200889;72.8;64.0
69;2021-08-24;4959;13576;1370841;1214465;73.1;64.7
69;2021-08-25;4248;12848;1375089;1227313;73.3;65.4
70;2020-12-27;0;0;0;0;0.0;0.0
70;2020-12-28;0;0;0;0;0.0;0.0
70;2020-12-29;0;0;0;0;0.0;0.0
70;2020-12-30;0;0;0;0;0.0;0.0
70;2020-12-31;0;0;0;0;0.0;0.0
70;2021-01-01;0;0;0;0;0.0;0.0
70;2021-01-02;0;0;0;0;0.0;0.0
70;2021-01-03;0;0;0;0;0.0;0.0
70;2021-01-04;0;0;0;0;0.0;0.0
70;2021-01-05;0;0;0;0;0.0;0.0
70;2021-01-06;24;0;24;0;0.0;0.0
70;2021-01-07;121;0;145;0;0.1;0.0
70;2021-01-08;22;0;167;0;0.1;0.0
70;2021-01-09;0;0;167;0;0.1;0.0
70;2021-01-10;0;0;167;0;0.1;0.0
70;2021-01-11;148;1;315;1;0.1;0.0
70;2021-01-12;201;1;516;2;0.2;0.0
70;2021-01-13;172;2;688;4;0.3;0.0
70;2021-01-14;149;6;837;10;0.4;0.0
70;2021-01-15;153;1;990;11;0.4;0.0
70;2021-01-16;65;0;1055;11;0.5;0.0
70;2021-01-17;0;0;1055;11;0.5;0.0
70;2021-01-18;394;0;1449;11;0.6;0.0
70;2021-01-19;503;2;1952;13;0.8;0.0
70;2021-01-20;494;2;2446;15;1.0;0.0
70;2021-01-21;673;2;3119;17;1.3;0.0
70;2021-01-22;458;3;3577;20;1.5;0.0
70;2021-01-23;261;2;3838;22;1.6;0.0
70;2021-01-24;4;0;3842;22;1.6;0.0
70;2021-01-25;371;1;4213;23;1.8;0.0
70;2021-01-26;335;1;4548;24;2.0;0.0
70;2021-01-27;329;10;4877;34;2.1;0.0
70;2021-01-28;365;36;5242;70;2.2;0.0
70;2021-01-29;329;52;5571;122;2.4;0.1
70;2021-01-30;228;1;5799;123;2.5;0.1
70;2021-01-31;0;0;5799;123;2.5;0.1
70;2021-02-01;260;52;6059;175;2.6;0.1
70;2021-02-02;272;98;6331;273;2.7;0.1
70;2021-02-03;251;59;6582;332;2.8;0.1
70;2021-02-04;264;124;6846;456;2.9;0.2
70;2021-02-05;254;75;7100;531;3.0;0.2
70;2021-02-06;209;38;7309;569;3.1;0.2
70;2021-02-07;0;0;7309;569;3.1;0.2
70;2021-02-08;178;233;7487;802;3.2;0.3
70;2021-02-09;205;231;7692;1033;3.3;0.4
70;2021-02-10;196;303;7888;1336;3.4;0.6
70;2021-02-11;351;332;8239;1668;3.5;0.7
70;2021-02-12;239;492;8478;2160;3.6;0.9
70;2021-02-13;75;210;8553;2370;3.7;1.0
70;2021-02-14;0;29;8553;2399;3.7;1.0
70;2021-02-15;70;340;8623;2739;3.7;1.2
70;2021-02-16;113;362;8736;3101;3.7;1.3
70;2021-02-17;167;305;8903;3406;3.8;1.5
70;2021-02-18;205;258;9108;3664;3.9;1.6
70;2021-02-19;197;206;9305;3870;4.0;1.7
70;2021-02-20;192;69;9497;3939;4.1;1.7
70;2021-02-21;1;0;9498;3939;4.1;1.7
70;2021-02-22;106;237;9604;4176;4.1;1.8
70;2021-02-23;125;261;9729;4437;4.2;1.9
70;2021-02-24;130;233;9859;4670;4.2;2.0
70;2021-02-25;315;257;10174;4927;4.4;2.1
70;2021-02-26;395;149;10569;5076;4.5;2.2
70;2021-02-27;147;202;10716;5278;4.6;2.3
70;2021-02-28;0;0;10716;5278;4.6;2.3
70;2021-03-01;249;242;10965;5520;4.7;2.4
70;2021-03-02;487;277;11452;5797;4.9;2.5
70;2021-03-03;467;260;11919;6057;5.1;2.6
70;2021-03-04;693;272;12612;6329;5.4;2.7
70;2021-03-05;766;261;13378;6590;5.7;2.8
70;2021-03-06;540;116;13918;6706;6.0;2.9
70;2021-03-07;216;23;14134;6729;6.1;2.9
70;2021-03-08;554;211;14688;6940;6.3;3.0
70;2021-03-09;866;176;15554;7116;6.7;3.1
70;2021-03-10;659;178;16213;7294;7.0;3.1
70;2021-03-11;698;256;16911;7550;7.3;3.2
70;2021-03-12;985;179;17896;7729;7.7;3.3
70;2021-03-13;582;121;18478;7850;7.9;3.4
70;2021-03-14;20;1;18498;7851;7.9;3.4
70;2021-03-15;774;110;19272;7961;8.3;3.4
70;2021-03-16;655;97;19927;8058;8.5;3.5
70;2021-03-17;595;183;20522;8241;8.8;3.5
70;2021-03-18;633;141;21155;8382;9.1;3.6
70;2021-03-19;1019;142;22174;8524;9.5;3.7
70;2021-03-20;641;186;22815;8710;9.8;3.7
70;2021-03-21;9;0;22824;8710;9.8;3.7
70;2021-03-22;757;98;23581;8808;10.1;3.8
70;2021-03-23;1309;159;24890;8967;10.7;3.8
70;2021-03-24;1271;108;26161;9075;11.2;3.9
70;2021-03-25;1245;199;27406;9274;11.8;4.0
70;2021-03-26;1487;296;28893;9570;12.4;4.1
70;2021-03-27;957;129;29850;9699;12.8;4.2
70;2021-03-28;0;10;29850;9709;12.8;4.2
70;2021-03-29;720;414;30570;10123;13.1;4.3
70;2021-03-30;1093;317;31663;10440;13.6;4.5
70;2021-03-31;878;317;32541;10757;14.0;4.6
70;2021-04-01;1154;426;33695;11183;14.4;4.8
70;2021-04-02;1310;346;35005;11529;15.0;4.9
70;2021-04-03;639;322;35644;11851;15.3;5.1
70;2021-04-04;10;0;35654;11851;15.3;5.1
70;2021-04-05;4;2;35658;11853;15.3;5.1
70;2021-04-06;831;555;36489;12408;15.6;5.3
70;2021-04-07;858;589;37347;12997;16.0;5.6
70;2021-04-08;1320;562;38667;13559;16.6;5.8
70;2021-04-09;1403;534;40070;14093;17.2;6.0
70;2021-04-10;859;348;40929;14441;17.6;6.2
70;2021-04-11;23;1;40952;14442;17.6;6.2
70;2021-04-12;695;660;41647;15102;17.9;6.5
70;2021-04-13;921;770;42568;15872;18.3;6.8
70;2021-04-14;815;577;43383;16449;18.6;7.1
70;2021-04-15;1079;605;44462;17054;19.1;7.3
70;2021-04-16;1243;554;45705;17608;19.6;7.6
70;2021-04-17;689;469;46394;18077;19.9;7.8
70;2021-04-18;60;4;46454;18081;19.9;7.8
70;2021-04-19;540;807;46994;18888;20.2;8.1
70;2021-04-20;664;854;47658;19742;20.4;8.5
70;2021-04-21;483;930;48141;20672;20.6;8.9
70;2021-04-22;776;800;48917;21472;21.0;9.2
70;2021-04-23;875;743;49792;22215;21.4;9.5
70;2021-04-24;432;642;50224;22857;21.5;9.8
70;2021-04-25;11;0;50235;22857;21.5;9.8
70;2021-04-26;925;603;51160;23460;21.9;10.1
70;2021-04-27;1209;753;52369;24213;22.5;10.4
70;2021-04-28;889;811;53258;25024;22.8;10.7
70;2021-04-29;1343;931;54601;25955;23.4;11.1
70;2021-04-30;1533;876;56134;26831;24.1;11.5
70;2021-05-01;1694;120;57828;26951;24.8;11.6
70;2021-05-02;2;0;57830;26951;24.8;11.6
70;2021-05-03;1191;580;59021;27531;25.3;11.8
70;2021-05-04;1354;755;60375;28286;25.9;12.1
70;2021-05-05;1190;876;61565;29162;26.4;12.5
70;2021-05-06;1846;1268;63411;30430;27.2;13.0
70;2021-05-07;2127;1242;65538;31672;28.1;13.6
70;2021-05-08;1341;191;66879;31863;28.7;13.7
70;2021-05-09;9;58;66888;31921;28.7;13.7
70;2021-05-10;960;946;67848;32867;29.1;14.1
70;2021-05-11;1240;1074;69088;33941;29.6;14.6
70;2021-05-12;1176;867;70264;34808;30.1;14.9
70;2021-05-13;1544;148;71808;34956;30.8;15.0
70;2021-05-14;2062;758;73870;35714;31.7;15.3
70;2021-05-15;2657;532;76527;36246;32.8;15.5
70;2021-05-16;999;72;77526;36318;33.2;15.6
70;2021-05-17;1238;386;78764;36704;33.8;15.7
70;2021-05-18;1296;591;80060;37295;34.3;16.0
70;2021-05-19;1476;480;81536;37775;35.0;16.2
70;2021-05-20;1780;633;83316;38408;35.7;16.5
70;2021-05-21;1693;823;85009;39231;36.5;16.8
70;2021-05-22;1221;665;86230;39896;37.0;17.1
70;2021-05-23;8;14;86238;39910;37.0;17.1
70;2021-05-24;227;26;86465;39936;37.1;17.1
70;2021-05-25;837;927;87302;40863;37.4;17.5
70;2021-05-26;1048;947;88350;41810;37.9;17.9
70;2021-05-27;1263;998;89613;42808;38.4;18.4
70;2021-05-28;1546;1160;91159;43968;39.1;18.9
70;2021-05-29;1371;588;92530;44556;39.7;19.1
70;2021-05-30;1;8;92531;44564;39.7;19.1
70;2021-05-31;969;678;93500;45242;40.1;19.4
70;2021-06-01;1213;849;94713;46091;40.6;19.8
70;2021-06-02;1265;680;95978;46771;41.2;20.1
70;2021-06-03;1430;838;97408;47609;41.8;20.4
70;2021-06-04;1335;1111;98743;48720;42.3;20.9
70;2021-06-05;1024;664;99767;49384;42.8;21.2
70;2021-06-06;599;79;100366;49463;43.0;21.2
70;2021-06-07;941;850;101307;50313;43.4;21.6
70;2021-06-08;1217;1185;102524;51498;44.0;22.1
70;2021-06-09;1156;987;103680;52485;44.5;22.5
70;2021-06-10;1568;831;105248;53316;45.1;22.9
70;2021-06-11;1587;1956;106835;55272;45.8;23.7
70;2021-06-12;829;1972;107664;57244;46.2;24.5
70;2021-06-13;143;15;107807;57259;46.2;24.6
70;2021-06-14;558;1245;108365;58504;46.5;25.1
70;2021-06-15;451;1506;108816;60010;46.7;25.7
70;2021-06-16;800;1393;109616;61403;47.0;26.3
70;2021-06-17;1150;2097;110766;63500;47.5;27.2
70;2021-06-18;997;2255;111763;65755;47.9;28.2
70;2021-06-19;1091;1640;112854;67395;48.4;28.9
70;2021-06-20;1;3;112855;67398;48.4;28.9
70;2021-06-21;693;1453;113548;68851;48.7;29.5
70;2021-06-22;654;1511;114202;70362;49.0;30.2
70;2021-06-23;662;1570;114864;71932;49.3;30.8
70;2021-06-24;877;2050;115741;73982;49.6;31.7
70;2021-06-25;682;2646;116423;76628;49.9;32.9
70;2021-06-26;943;2136;117366;78764;50.3;33.8
70;2021-06-27;141;761;117507;79525;50.4;34.1
70;2021-06-28;336;1350;117843;80875;50.5;34.7
70;2021-06-29;411;1611;118254;82486;50.7;35.4
70;2021-06-30;390;1635;118644;84121;50.9;36.1
70;2021-07-01;640;1751;119284;85872;51.2;36.8
70;2021-07-02;815;1577;120099;87449;51.5;37.5
70;2021-07-03;841;1082;120940;88531;51.9;38.0
70;2021-07-04;29;70;120969;88601;51.9;38.0
70;2021-07-05;610;1037;121579;89638;52.1;38.4
70;2021-07-06;681;1275;122260;90913;52.4;39.0
70;2021-07-07;508;1424;122768;92337;52.6;39.6
70;2021-07-08;816;1573;123584;93910;53.0;40.3
70;2021-07-09;871;1662;124455;95572;53.4;41.0
70;2021-07-10;831;1032;125286;96604;53.7;41.4
70;2021-07-11;7;20;125293;96624;53.7;41.4
70;2021-07-12;430;1392;125723;98016;53.9;42.0
70;2021-07-13;906;1868;126629;99884;54.3;42.8
70;2021-07-14;33;6;126662;99890;54.3;42.8
70;2021-07-15;1383;1694;128045;101584;54.9;43.6
70;2021-07-16;1627;2065;129672;103649;55.6;44.4
70;2021-07-17;1501;1452;131173;105101;56.3;45.1
70;2021-07-18;1144;640;132317;105741;56.7;45.3
70;2021-07-19;883;972;133200;106713;57.1;45.8
70;2021-07-20;1350;1352;134550;108065;57.7;46.3
70;2021-07-21;1285;1404;135835;109469;58.2;46.9
70;2021-07-22;1868;1823;137703;111292;59.1;47.7
70;2021-07-23;1828;2491;139531;113783;59.8;48.8
70;2021-07-24;1364;1804;140895;115587;60.4;49.6
70;2021-07-25;25;3;140920;115590;60.4;49.6
70;2021-07-26;1054;974;141974;116564;60.9;50.0
70;2021-07-27;1402;975;143376;117539;61.5;50.4
70;2021-07-28;1401;1163;144777;118702;62.1;50.9
70;2021-07-29;1873;1385;146650;120087;62.9;51.5
70;2021-07-30;1968;1346;148618;121433;63.7;52.1
70;2021-07-31;1744;1164;150362;122597;64.5;52.6
70;2021-08-01;2;4;150364;122601;64.5;52.6
70;2021-08-02;775;737;151139;123338;64.8;52.9
70;2021-08-03;1293;1038;152432;124376;65.4;53.3
70;2021-08-04;1210;918;153642;125294;65.9;53.7
70;2021-08-05;1657;1190;155299;126484;66.6;54.2
70;2021-08-06;1794;1332;157093;127816;67.4;54.8
70;2021-08-07;1190;1028;158283;128844;67.9;55.3
70;2021-08-08;35;28;158318;128872;67.9;55.3
70;2021-08-09;527;702;158845;129574;68.1;55.6
70;2021-08-10;896;1133;159741;130707;68.5;56.1
70;2021-08-11;806;723;160547;131430;68.8;56.4
70;2021-08-12;901;1273;161448;132703;69.2;56.9
70;2021-08-13;1040;1622;162488;134325;69.7;57.6
70;2021-08-14;770;969;163258;135294;70.0;58.0
70;2021-08-15;36;28;163294;135322;70.0;58.0
70;2021-08-16;544;906;163838;136228;70.3;58.4
70;2021-08-17;675;1196;164513;137424;70.5;58.9
70;2021-08-18;536;938;165049;138362;70.8;59.3
70;2021-08-19;565;1386;165614;139748;71.0;59.9
70;2021-08-20;510;1901;166124;141649;71.2;60.7
70;2021-08-21;446;1157;166570;142806;71.4;61.2
70;2021-08-22;2;6;166572;142812;71.4;61.2
70;2021-08-23;280;880;166852;143692;71.6;61.6
70;2021-08-24;387;1372;167239;145064;71.7;62.2
70;2021-08-25;350;1338;167589;146402;71.9;62.8
71;2020-12-27;0;0;0;0;0.0;0.0
71;2020-12-28;0;0;0;0;0.0;0.0
71;2020-12-29;0;0;0;0;0.0;0.0
71;2020-12-30;0;0;0;0;0.0;0.0
71;2020-12-31;0;0;0;0;0.0;0.0
71;2021-01-01;1;0;1;0;0.0;0.0
71;2021-01-02;0;0;1;0;0.0;0.0
71;2021-01-03;1;0;2;0;0.0;0.0
71;2021-01-04;1;0;3;0;0.0;0.0
71;2021-01-05;12;0;15;0;0.0;0.0
71;2021-01-06;72;0;87;0;0.0;0.0
71;2021-01-07;66;0;153;0;0.0;0.0
71;2021-01-08;146;0;299;0;0.1;0.0
71;2021-01-09;117;0;416;0;0.1;0.0
71;2021-01-10;1;0;417;0;0.1;0.0
71;2021-01-11;245;1;662;1;0.1;0.0
71;2021-01-12;846;1;1508;2;0.3;0.0
71;2021-01-13;563;2;2071;4;0.4;0.0
71;2021-01-14;581;9;2652;13;0.5;0.0
71;2021-01-15;666;2;3318;15;0.6;0.0
71;2021-01-16;9;0;3327;15;0.6;0.0
71;2021-01-17;0;0;3327;15;0.6;0.0
71;2021-01-18;1094;8;4421;23;0.8;0.0
71;2021-01-19;1693;7;6114;30;1.1;0.0
71;2021-01-20;1514;6;7628;36;1.4;0.0
71;2021-01-21;2058;17;9686;53;1.8;0.0
71;2021-01-22;1413;6;11099;59;2.0;0.0
71;2021-01-23;815;6;11914;65;2.2;0.0
71;2021-01-24;0;0;11914;65;2.2;0.0
71;2021-01-25;1065;6;12979;71;2.4;0.0
71;2021-01-26;1505;22;14484;93;2.6;0.0
71;2021-01-27;1248;33;15732;126;2.9;0.0
71;2021-01-28;1083;97;16815;223;3.1;0.0
71;2021-01-29;1014;143;17829;366;3.3;0.1
71;2021-01-30;605;2;18434;368;3.4;0.1
71;2021-01-31;1;15;18435;383;3.4;0.1
71;2021-02-01;751;238;19186;621;3.5;0.1
71;2021-02-02;754;357;19940;978;3.6;0.2
71;2021-02-03;817;424;20757;1402;3.8;0.3
71;2021-02-04;780;572;21537;1974;3.9;0.4
71;2021-02-05;705;524;22242;2498;4.1;0.5
71;2021-02-06;535;9;22777;2507;4.2;0.5
71;2021-02-07;4;50;22781;2557;4.2;0.5
71;2021-02-08;603;698;23384;3255;4.3;0.6
71;2021-02-09;369;1012;23753;4267;4.3;0.8
71;2021-02-10;412;989;24165;5256;4.4;1.0
71;2021-02-11;472;1179;24637;6435;4.5;1.2
71;2021-02-12;535;1036;25172;7471;4.6;1.4
71;2021-02-13;124;509;25296;7980;4.6;1.5
71;2021-02-14;2;7;25298;7987;4.6;1.5
71;2021-02-15;323;911;25621;8898;4.7;1.6
71;2021-02-16;442;1357;26063;10255;4.8;1.9
71;2021-02-17;427;1123;26490;11378;4.8;2.1
71;2021-02-18;548;933;27038;12311;4.9;2.2
71;2021-02-19;573;848;27611;13159;5.0;2.4
71;2021-02-20;224;382;27835;13541;5.1;2.5
71;2021-02-21;4;13;27839;13554;5.1;2.5
71;2021-02-22;237;873;28076;14427;5.1;2.6
71;2021-02-23;452;925;28528;15352;5.2;2.8
71;2021-02-24;445;721;28973;16073;5.3;2.9
71;2021-02-25;533;727;29506;16800;5.4;3.1
71;2021-02-26;830;535;30336;17335;5.5;3.2
71;2021-02-27;457;338;30793;17673;5.6;3.2
71;2021-02-28;54;14;30847;17687;5.6;3.2
71;2021-03-01;1187;680;32034;18367;5.8;3.4
71;2021-03-02;1574;644;33608;19011;6.1;3.5
71;2021-03-03;1820;772;35428;19783;6.5;3.6
71;2021-03-04;2003;820;37431;20603;6.8;3.8
71;2021-03-05;2288;694;39719;21297;7.3;3.9
71;2021-03-06;754;65;40473;21362;7.4;3.9
71;2021-03-07;40;21;40513;21383;7.4;3.9
71;2021-03-08;1452;784;41965;22167;7.7;4.0
71;2021-03-09;2160;533;44125;22700;8.1;4.1
71;2021-03-10;2172;472;46297;23172;8.5;4.2
71;2021-03-11;2630;671;48927;23843;8.9;4.4
71;2021-03-12;2606;626;51533;24469;9.4;4.5
71;2021-03-13;995;101;52528;24570;9.6;4.5
71;2021-03-14;35;0;52563;24570;9.6;4.5
71;2021-03-15;1798;499;54361;25069;9.9;4.6
71;2021-03-16;1821;200;56182;25269;10.3;4.6
71;2021-03-17;2134;250;58316;25519;10.6;4.7
71;2021-03-18;1953;437;60269;25956;11.0;4.7
71;2021-03-19;2370;334;62639;26290;11.4;4.8
71;2021-03-20;1084;39;63723;26329;11.6;4.8
71;2021-03-21;17;5;63740;26334;11.6;4.8
71;2021-03-22;2576;381;66316;26715;12.1;4.9
71;2021-03-23;3346;509;69662;27224;12.7;5.0
71;2021-03-24;3348;464;73010;27688;13.3;5.1
71;2021-03-25;4028;590;77038;28278;14.1;5.2
71;2021-03-26;4056;341;81094;28619;14.8;5.2
71;2021-03-27;998;107;82092;28726;15.0;5.2
71;2021-03-28;57;8;82149;28734;15.0;5.2
71;2021-03-29;2409;1175;84558;29909;15.4;5.5
71;2021-03-30;2952;1361;87510;31270;16.0;5.7
71;2021-03-31;2549;1526;90059;32796;16.4;6.0
71;2021-04-01;2717;1300;92776;34096;16.9;6.2
71;2021-04-02;2504;1422;95280;35518;17.4;6.5
71;2021-04-03;268;34;95548;35552;17.4;6.5
71;2021-04-04;6;0;95554;35552;17.4;6.5
71;2021-04-05;61;0;95615;35552;17.5;6.5
71;2021-04-06;2260;1880;97875;37432;17.9;6.8
71;2021-04-07;2391;1794;100266;39226;18.3;7.2
71;2021-04-08;3283;1807;103549;41033;18.9;7.5
71;2021-04-09;4041;1671;107590;42704;19.6;7.8
71;2021-04-10;769;47;108359;42751;19.8;7.8
71;2021-04-11;100;3;108459;42754;19.8;7.8
71;2021-04-12;2355;1703;110814;44457;20.2;8.1
71;2021-04-13;2584;1890;113398;46347;20.7;8.5
71;2021-04-14;2374;1922;115772;48269;21.1;8.8
71;2021-04-15;2778;1692;118550;49961;21.6;9.1
71;2021-04-16;2628;1650;121178;51611;22.1;9.4
71;2021-04-17;952;344;122130;51955;22.3;9.5
71;2021-04-18;106;6;122236;51961;22.3;9.5
71;2021-04-19;1759;2573;123995;54534;22.6;10.0
71;2021-04-20;2220;2600;126215;57134;23.0;10.4
71;2021-04-21;2125;2594;128340;59728;23.4;10.9
71;2021-04-22;2511;2446;130851;62174;23.9;11.3
71;2021-04-23;2923;2270;133774;64444;24.4;11.8
71;2021-04-24;517;53;134291;64497;24.5;11.8
71;2021-04-25;26;0;134317;64497;24.5;11.8
71;2021-04-26;2567;2136;136884;66633;25.0;12.2
71;2021-04-27;2989;2268;139873;68901;25.5;12.6
71;2021-04-28;3075;2130;142948;71031;26.1;13.0
71;2021-04-29;3780;2236;146728;73267;26.8;13.4
71;2021-04-30;3928;1729;150656;74996;27.5;13.7
71;2021-05-01;39;53;150695;75049;27.5;13.7
71;2021-05-02;23;18;150718;75067;27.5;13.7
71;2021-05-03;4289;1386;155007;76453;28.3;14.0
71;2021-05-04;2956;2360;157963;78813;28.8;14.4
71;2021-05-05;3426;2095;161389;80908;29.5;14.8
71;2021-05-06;3466;2370;164855;83278;30.1;15.2
71;2021-05-07;3678;2815;168533;86093;30.8;15.7
71;2021-05-08;180;183;168713;86276;30.8;15.7
71;2021-05-09;44;47;168757;86323;30.8;15.8
71;2021-05-10;3700;2291;172457;88614;31.5;16.2
71;2021-05-11;4663;2360;177120;90974;32.3;16.6
71;2021-05-12;3976;2603;181096;93577;33.1;17.1
71;2021-05-13;1576;155;182672;93732;33.3;17.1
71;2021-05-14;3765;2194;186437;95926;34.0;17.5
71;2021-05-15;242;329;186679;96255;34.1;17.6
71;2021-05-16;2;0;186681;96255;34.1;17.6
71;2021-05-17;3864;1886;190545;98141;34.8;17.9
71;2021-05-18;3496;2426;194041;100567;35.4;18.4
71;2021-05-19;3719;2280;197760;102847;36.1;18.8
71;2021-05-20;4183;2300;201943;105147;36.9;19.2
71;2021-05-21;3724;2577;205667;107724;37.5;19.7
71;2021-05-22;168;306;205835;108030;37.6;19.7
71;2021-05-23;14;55;205849;108085;37.6;19.7
71;2021-05-24;19;96;205868;108181;37.6;19.7
71;2021-05-25;2690;3007;208558;111188;38.1;20.3
71;2021-05-26;2973;2432;211531;113620;38.6;20.7
71;2021-05-27;3387;2590;214918;116210;39.2;21.2
71;2021-05-28;2920;3164;217838;119374;39.8;21.8
71;2021-05-29;482;660;218320;120034;39.9;21.9
71;2021-05-30;75;57;218395;120091;39.9;21.9
71;2021-05-31;2776;3458;221171;123549;40.4;22.6
71;2021-06-01;3674;3542;224845;127091;41.0;23.2
71;2021-06-02;3998;2623;228843;129714;41.8;23.7
71;2021-06-03;4436;2528;233279;132242;42.6;24.1
71;2021-06-04;3717;3715;236996;135957;43.3;24.8
71;2021-06-05;683;646;237679;136603;43.4;24.9
71;2021-06-06;57;91;237736;136694;43.4;25.0
71;2021-06-07;3283;4150;241019;140844;44.0;25.7
71;2021-06-08;3898;4015;244917;144859;44.7;26.4
71;2021-06-09;4694;2751;249611;147610;45.6;26.9
71;2021-06-10;5269;2748;254880;150358;46.5;27.4
71;2021-06-11;4435;3724;259315;154082;47.3;28.1
71;2021-06-12;716;596;260031;154678;47.5;28.2
71;2021-06-13;104;187;260135;154865;47.5;28.3
71;2021-06-14;3512;3785;263647;158650;48.1;29.0
71;2021-06-15;4207;3559;267854;162209;48.9;29.6
71;2021-06-16;4596;2728;272450;164937;49.7;30.1
71;2021-06-17;4269;3000;276719;167937;50.5;30.7
71;2021-06-18;4325;3772;281044;171709;51.3;31.3
71;2021-06-19;1269;654;282313;172363;51.5;31.5
71;2021-06-20;37;27;282350;172390;51.5;31.5
71;2021-06-21;2270;4282;284620;176672;52.0;32.2
71;2021-06-22;2687;4355;287307;181027;52.4;33.0
71;2021-06-23;3061;3420;290368;184447;53.0;33.7
71;2021-06-24;3328;3021;293696;187468;53.6;34.2
71;2021-06-25;2654;4473;296350;191941;54.1;35.0
71;2021-06-26;372;551;296722;192492;54.2;35.1
71;2021-06-27;30;68;296752;192560;54.2;35.1
71;2021-06-28;1535;4623;298287;197183;54.4;36.0
71;2021-06-29;1992;4825;300279;202008;54.8;36.9
71;2021-06-30;2504;3937;302783;205945;55.3;37.6
71;2021-07-01;2826;3906;305609;209851;55.8;38.3
71;2021-07-02;3032;3984;308641;213835;56.3;39.0
71;2021-07-03;318;711;308959;214546;56.4;39.2
71;2021-07-04;28;132;308987;214678;56.4;39.2
71;2021-07-05;2477;4321;311464;218999;56.9;40.0
71;2021-07-06;2462;4566;313926;223565;57.3;40.8
71;2021-07-07;2984;3722;316910;227287;57.8;41.5
71;2021-07-08;2768;4113;319678;231400;58.4;42.2
71;2021-07-09;2381;5025;322059;236425;58.8;43.2
71;2021-07-10;212;656;322271;237081;58.8;43.3
71;2021-07-11;15;65;322286;237146;58.8;43.3
71;2021-07-12;1912;5309;324198;242455;59.2;44.3
71;2021-07-13;2541;5865;326739;248320;59.6;45.3
71;2021-07-14;950;400;327689;248720;59.8;45.4
71;2021-07-15;3020;5737;330709;254457;60.4;46.4
71;2021-07-16;3296;6011;334005;260468;61.0;47.5
71;2021-07-17;505;782;334510;261250;61.1;47.7
71;2021-07-18;89;93;334599;261343;61.1;47.7
71;2021-07-19;2864;5563;337463;266906;61.6;48.7
71;2021-07-20;3367;5918;340830;272824;62.2;49.8
71;2021-07-21;3411;5471;344241;278295;62.8;50.8
71;2021-07-22;3943;5337;348184;283632;63.6;51.8
71;2021-07-23;3234;6001;351418;289633;64.1;52.9
71;2021-07-24;705;598;352123;290231;64.3;53.0
71;2021-07-25;148;82;352271;290313;64.3;53.0
71;2021-07-26;3588;4898;355859;295211;65.0;53.9
71;2021-07-27;4087;5125;359946;300336;65.7;54.8
71;2021-07-28;4244;4819;364190;305155;66.5;55.7
71;2021-07-29;4202;4641;368392;309796;67.2;56.6
71;2021-07-30;4229;4922;372621;314718;68.0;57.4
71;2021-07-31;722;726;373343;315444;68.2;57.6
71;2021-08-01;104;35;373447;315479;68.2;57.6
71;2021-08-02;3960;3762;377407;319241;68.9;58.3
71;2021-08-03;4397;3821;381804;323062;69.7;59.0
71;2021-08-04;4371;2984;386175;326046;70.5;59.5
71;2021-08-05;4151;3259;390326;329305;71.3;60.1
71;2021-08-06;3672;4011;393998;333316;71.9;60.8
71;2021-08-07;493;329;394491;333645;72.0;60.9
71;2021-08-08;47;65;394538;333710;72.0;60.9
71;2021-08-09;3035;3423;397573;337133;72.6;61.5
71;2021-08-10;3059;3392;400632;340525;73.1;62.2
71;2021-08-11;3172;3076;403804;343601;73.7;62.7
71;2021-08-12;2994;3100;406798;346701;74.3;63.3
71;2021-08-13;2640;3331;409438;350032;74.7;63.9
71;2021-08-14;278;521;409716;350553;74.8;64.0
71;2021-08-15;49;109;409765;350662;74.8;64.0
71;2021-08-16;1699;3530;411464;354192;75.1;64.7
71;2021-08-17;1732;3434;413196;357626;75.4;65.3
71;2021-08-18;1447;3167;414643;360793;75.7;65.9
71;2021-08-19;1265;3116;415908;363909;75.9;66.4
71;2021-08-20;1279;3696;417187;367605;76.2;67.1
71;2021-08-21;145;412;417332;368017;76.2;67.2
71;2021-08-22;39;98;417371;368115;76.2;67.2
71;2021-08-23;1422;4538;418793;372653;76.4;68.0
71;2021-08-24;1325;3795;420118;376448;76.7;68.7
71;2021-08-25;927;3764;421045;380212;76.9;69.4
72;2020-12-27;0;0;0;0;0.0;0.0
72;2020-12-28;0;0;0;0;0.0;0.0
72;2020-12-29;0;0;0;0;0.0;0.0
72;2020-12-30;0;0;0;0;0.0;0.0
72;2020-12-31;0;0;0;0;0.0;0.0
72;2021-01-01;2;0;2;0;0.0;0.0
72;2021-01-02;0;0;2;0;0.0;0.0
72;2021-01-03;0;0;2;0;0.0;0.0
72;2021-01-04;0;0;2;0;0.0;0.0
72;2021-01-05;14;0;16;0;0.0;0.0
72;2021-01-06;27;0;43;0;0.0;0.0
72;2021-01-07;110;0;153;0;0.0;0.0
72;2021-01-08;232;0;385;0;0.1;0.0
72;2021-01-09;36;0;421;0;0.1;0.0
72;2021-01-10;0;0;421;0;0.1;0.0
72;2021-01-11;485;1;906;1;0.2;0.0
72;2021-01-12;615;1;1521;2;0.3;0.0
72;2021-01-13;500;1;2021;3;0.4;0.0
72;2021-01-14;644;3;2665;6;0.5;0.0
72;2021-01-15;478;1;3143;7;0.6;0.0
72;2021-01-16;94;0;3237;7;0.6;0.0
72;2021-01-17;0;0;3237;7;0.6;0.0
72;2021-01-18;292;0;3529;7;0.6;0.0
72;2021-01-19;776;3;4305;10;0.8;0.0
72;2021-01-20;1538;6;5843;16;1.0;0.0
72;2021-01-21;1757;5;7600;21;1.4;0.0
72;2021-01-22;1149;6;8749;27;1.6;0.0
72;2021-01-23;32;0;8781;27;1.6;0.0
72;2021-01-24;0;0;8781;27;1.6;0.0
72;2021-01-25;503;7;9284;34;1.7;0.0
72;2021-01-26;1165;21;10449;55;1.9;0.0
72;2021-01-27;882;19;11331;74;2.0;0.0
72;2021-01-28;776;68;12107;142;2.2;0.0
72;2021-01-29;712;69;12819;211;2.3;0.0
72;2021-01-30;58;0;12877;211;2.3;0.0
72;2021-01-31;1;0;12878;211;2.3;0.0
72;2021-02-01;499;228;13377;439;2.4;0.1
72;2021-02-02;507;295;13884;734;2.5;0.1
72;2021-02-03;487;229;14371;963;2.6;0.2
72;2021-02-04;476;341;14847;1304;2.7;0.2
72;2021-02-05;514;407;15361;1711;2.7;0.3
72;2021-02-06;83;14;15444;1725;2.8;0.3
72;2021-02-07;19;3;15463;1728;2.8;0.3
72;2021-02-08;310;404;15773;2132;2.8;0.4
72;2021-02-09;489;531;16262;2663;2.9;0.5
72;2021-02-10;565;928;16827;3591;3.0;0.6
72;2021-02-11;859;1347;17686;4938;3.2;0.9
72;2021-02-12;851;595;18537;5533;3.3;1.0
72;2021-02-13;108;38;18645;5571;3.3;1.0
72;2021-02-14;1;22;18646;5593;3.3;1.0
72;2021-02-15;220;503;18866;6096;3.4;1.1
72;2021-02-16;502;1028;19368;7124;3.5;1.3
72;2021-02-17;464;714;19832;7838;3.5;1.4
72;2021-02-18;594;636;20426;8474;3.6;1.5
72;2021-02-19;521;599;20947;9073;3.7;1.6
72;2021-02-20;79;57;21026;9130;3.8;1.6
72;2021-02-21;0;0;21026;9130;3.8;1.6
72;2021-02-22;328;581;21354;9711;3.8;1.7
72;2021-02-23;568;528;21922;10239;3.9;1.8
72;2021-02-24;435;472;22357;10711;4.0;1.9
72;2021-02-25;922;565;23279;11276;4.2;2.0
72;2021-02-26;600;513;23879;11789;4.3;2.1
72;2021-02-27;322;66;24201;11855;4.3;2.1
72;2021-02-28;15;17;24216;11872;4.3;2.1
72;2021-03-01;378;481;24594;12353;4.4;2.2
72;2021-03-02;503;605;25097;12958;4.5;2.3
72;2021-03-03;732;654;25829;13612;4.6;2.4
72;2021-03-04;739;783;26568;14395;4.7;2.6
72;2021-03-05;935;771;27503;15166;4.9;2.7
72;2021-03-06;761;135;28264;15301;5.0;2.7
72;2021-03-07;448;26;28712;15327;5.1;2.7
72;2021-03-08;560;448;29272;15775;5.2;2.8
72;2021-03-09;1046;647;30318;16422;5.4;2.9
72;2021-03-10;1137;658;31455;17080;5.6;3.0
72;2021-03-11;1612;494;33067;17574;5.9;3.1
72;2021-03-12;1364;519;34431;18093;6.1;3.2
72;2021-03-13;982;119;35413;18212;6.3;3.3
72;2021-03-14;14;10;35427;18222;6.3;3.3
72;2021-03-15;1159;224;36586;18446;6.5;3.3
72;2021-03-16;1052;189;37638;18635;6.7;3.3
72;2021-03-17;1035;261;38673;18896;6.9;3.4
72;2021-03-18;1086;368;39759;19264;7.1;3.4
72;2021-03-19;1275;292;41034;19556;7.3;3.5
72;2021-03-20;487;91;41521;19647;7.4;3.5
72;2021-03-21;19;0;41540;19647;7.4;3.5
72;2021-03-22;1347;342;42887;19989;7.7;3.6
72;2021-03-23;1725;480;44612;20469;8.0;3.7
72;2021-03-24;1840;305;46452;20774;8.3;3.7
72;2021-03-25;2445;466;48897;21240;8.7;3.8
72;2021-03-26;2336;374;51233;21614;9.1;3.9
72;2021-03-27;614;30;51847;21644;9.3;3.9
72;2021-03-28;22;0;51869;21644;9.3;3.9
72;2021-03-29;1616;382;53485;22026;9.5;3.9
72;2021-03-30;2496;387;55981;22413;10.0;4.0
72;2021-03-31;2141;365;58122;22778;10.4;4.1
72;2021-04-01;2842;352;60964;23130;10.9;4.1
72;2021-04-02;2248;401;63212;23531;11.3;4.2
72;2021-04-03;292;39;63504;23570;11.3;4.2
72;2021-04-04;14;3;63518;23573;11.3;4.2
72;2021-04-05;51;49;63569;23622;11.3;4.2
72;2021-04-06;1760;469;65329;24091;11.7;4.3
72;2021-04-07;2574;597;67903;24688;12.1;4.4
72;2021-04-08;2724;781;70627;25469;12.6;4.5
72;2021-04-09;3862;584;74489;26053;13.3;4.7
72;2021-04-10;1111;50;75600;26103;13.5;4.7
72;2021-04-11;8;1;75608;26104;13.5;4.7
72;2021-04-12;1850;901;77458;27005;13.8;4.8
72;2021-04-13;2370;1077;79828;28082;14.2;5.0
72;2021-04-14;2250;1096;82078;29178;14.7;5.2
72;2021-04-15;2423;1115;84501;30293;15.1;5.4
72;2021-04-16;2562;962;87063;31255;15.5;5.6
72;2021-04-17;707;144;87770;31399;15.7;5.6
72;2021-04-18;57;2;87827;31401;15.7;5.6
72;2021-04-19;1396;1096;89223;32497;15.9;5.8
72;2021-04-20;2997;1303;92220;33800;16.5;6.0
72;2021-04-21;2517;1563;94737;35363;16.9;6.3
72;2021-04-22;2815;1793;97552;37156;17.4;6.6
72;2021-04-23;3211;1452;100763;38608;18.0;6.9
72;2021-04-24;1400;267;102163;38875;18.2;6.9
72;2021-04-25;881;18;103044;38893;18.4;6.9
72;2021-04-26;3514;1481;106558;40374;19.0;7.2
72;2021-04-27;4091;1861;110649;42235;19.8;7.5
72;2021-04-28;3835;1870;114484;44105;20.4;7.9
72;2021-04-29;4159;1815;118643;45920;21.2;8.2
72;2021-04-30;3615;1711;122258;47631;21.8;8.5
72;2021-05-01;1642;226;123900;47857;22.1;8.5
72;2021-05-02;1533;161;125433;48018;22.4;8.6
72;2021-05-03;3456;1152;128889;49170;23.0;8.8
72;2021-05-04;4012;1802;132901;50972;23.7;9.1
72;2021-05-05;3868;2179;136769;53151;24.4;9.5
72;2021-05-06;3596;1943;140365;55094;25.1;9.8
72;2021-05-07;3545;2144;143910;57238;25.7;10.2
72;2021-05-08;1899;153;145809;57391;26.0;10.2
72;2021-05-09;2082;210;147891;57601;26.4;10.3
72;2021-05-10;3770;1520;151661;59121;27.1;10.6
72;2021-05-11;4597;1992;156258;61113;27.9;10.9
72;2021-05-12;4081;1821;160339;62934;28.6;11.2
72;2021-05-13;3031;272;163370;63206;29.2;11.3
72;2021-05-14;3663;1393;167033;64599;29.8;11.5
72;2021-05-15;3121;366;170154;64965;30.4;11.6
72;2021-05-16;2502;153;172656;65118;30.8;11.6
72;2021-05-17;3724;1284;176380;66402;31.5;11.9
72;2021-05-18;4331;1687;180711;68089;32.3;12.2
72;2021-05-19;3977;1510;184688;69599;33.0;12.4
72;2021-05-20;4262;1452;188950;71051;33.7;12.7
72;2021-05-21;3788;1390;192738;72441;34.4;12.9
72;2021-05-22;2561;506;195299;72947;34.9;13.0
72;2021-05-23;1391;164;196690;73111;35.1;13.1
72;2021-05-24;2353;296;199043;73407;35.5;13.1
72;2021-05-25;4075;1411;203118;74818;36.3;13.4
72;2021-05-26;4096;1413;207214;76231;37.0;13.6
72;2021-05-27;4346;2049;211560;78280;37.8;14.0
72;2021-05-28;4107;2018;215667;80298;38.5;14.3
72;2021-05-29;2668;810;218335;81108;39.0;14.5
72;2021-05-30;1142;870;219477;81978;39.2;14.6
72;2021-05-31;3121;2329;222598;84307;39.7;15.0
72;2021-06-01;3567;2670;226165;86977;40.4;15.5
72;2021-06-02;3613;2782;229778;89759;41.0;16.0
72;2021-06-03;4242;2997;234020;92756;41.8;16.6
72;2021-06-04;3892;2750;237912;95506;42.5;17.0
72;2021-06-05;1439;2567;239351;98073;42.7;17.5
72;2021-06-06;908;1542;240259;99615;42.9;17.8
72;2021-06-07;1746;3424;242005;103039;43.2;18.4
72;2021-06-08;2929;3832;244934;106871;43.7;19.1
72;2021-06-09;2649;3370;247583;110241;44.2;19.7
72;2021-06-10;2827;3316;250410;113557;44.7;20.3
72;2021-06-11;2841;3773;253251;117330;45.2;20.9
72;2021-06-12;1244;2598;254495;119928;45.4;21.4
72;2021-06-13;388;1859;254883;121787;45.5;21.7
72;2021-06-14;1336;4127;256219;125914;45.7;22.5
72;2021-06-15;2755;3513;258974;129427;46.2;23.1
72;2021-06-16;2428;3577;261402;133004;46.7;23.7
72;2021-06-17;2320;3876;263722;136880;47.1;24.4
72;2021-06-18;2308;4312;266030;141192;47.5;25.2
72;2021-06-19;1127;2763;267157;143955;47.7;25.7
72;2021-06-20;339;2057;267496;146012;47.7;26.1
72;2021-06-21;1564;4032;269060;150044;48.0;26.8
72;2021-06-22;1713;4994;270773;155038;48.3;27.7
72;2021-06-23;2006;4220;272779;159258;48.7;28.4
72;2021-06-24;2233;4013;275012;163271;49.1;29.1
72;2021-06-25;1774;4837;276786;168108;49.4;30.0
72;2021-06-26;1190;2880;277976;170988;49.6;30.5
72;2021-06-27;392;2111;278368;173099;49.7;30.9
72;2021-06-28;1440;4295;279808;177394;49.9;31.7
72;2021-06-29;1769;4740;281577;182134;50.3;32.5
72;2021-06-30;1980;4166;283557;186300;50.6;33.3
72;2021-07-01;1947;4415;285504;190715;51.0;34.0
72;2021-07-02;1851;4716;287355;195431;51.3;34.9
72;2021-07-03;1292;3123;288647;198554;51.5;35.4
72;2021-07-04;584;1950;289231;200504;51.6;35.8
72;2021-07-05;1192;4165;290423;204669;51.8;36.5
72;2021-07-06;1462;5163;291885;209832;52.1;37.5
72;2021-07-07;1582;4612;293467;214444;52.4;38.3
72;2021-07-08;1646;4326;295113;218770;52.7;39.1
72;2021-07-09;2106;4609;297219;223379;53.1;39.9
72;2021-07-10;1594;2688;298813;226067;53.3;40.4
72;2021-07-11;949;1587;299762;227654;53.5;40.6
72;2021-07-12;1592;3757;301354;231411;53.8;41.3
72;2021-07-13;2087;4772;303441;236183;54.2;42.2
72;2021-07-14;1327;2366;304768;238549;54.4;42.6
72;2021-07-15;3490;3424;308258;241973;55.0;43.2
72;2021-07-16;3172;4123;311430;246096;55.6;43.9
72;2021-07-17;2643;1760;314073;247856;56.1;44.2
72;2021-07-18;1708;823;315781;248679;56.4;44.4
72;2021-07-19;2918;3507;318699;252186;56.9;45.0
72;2021-07-20;3036;4285;321735;256471;57.4;45.8
72;2021-07-21;2880;3590;324615;260061;57.9;46.4
72;2021-07-22;3760;2913;328375;262974;58.6;46.9
72;2021-07-23;3473;3791;331848;266765;59.2;47.6
72;2021-07-24;2816;1460;334664;268225;59.7;47.9
72;2021-07-25;1449;1076;336113;269301;60.0;48.1
72;2021-07-26;2721;2918;338834;272219;60.5;48.6
72;2021-07-27;3844;3820;342678;276039;61.2;49.3
72;2021-07-28;3564;3122;346242;279161;61.8;49.8
72;2021-07-29;3564;2716;349806;281877;62.4;50.3
72;2021-07-30;3772;3383;353578;285260;63.1;50.9
72;2021-07-31;2546;1744;356124;287004;63.6;51.2
72;2021-08-01;1828;431;357952;287435;63.9;51.3
72;2021-08-02;3208;2284;361160;289719;64.5;51.7
72;2021-08-03;3228;3304;364388;293023;65.0;52.3
72;2021-08-04;3754;2552;368142;295575;65.7;52.8
72;2021-08-05;3754;2463;371896;298038;66.4;53.2
72;2021-08-06;3332;2693;375228;300731;67.0;53.7
72;2021-08-07;2342;1614;377570;302345;67.4;54.0
72;2021-08-08;1618;695;379188;303040;67.7;54.1
72;2021-08-09;2692;2671;381880;305711;68.2;54.6
72;2021-08-10;2911;2744;384791;308455;68.7;55.1
72;2021-08-11;2362;2203;387153;310658;69.1;55.5
72;2021-08-12;2371;2597;389524;313255;69.5;55.9
72;2021-08-13;2136;2286;391660;315541;69.9;56.3
72;2021-08-14;1158;1546;392818;317087;70.1;56.6
72;2021-08-15;622;613;393440;317700;70.2;56.7
72;2021-08-16;1651;2375;395091;320075;70.5;57.1
72;2021-08-17;1711;2885;396802;322960;70.8;57.6
72;2021-08-18;1705;2872;398507;325832;71.1;58.2
72;2021-08-19;1246;2915;399753;328747;71.4;58.7
72;2021-08-20;1645;3169;401398;331916;71.6;59.2
72;2021-08-21;699;2030;402097;333946;71.8;59.6
72;2021-08-22;256;1150;402353;335096;71.8;59.8
72;2021-08-23;1733;3418;404086;338514;72.1;60.4
72;2021-08-24;1521;4123;405607;342637;72.4;61.2
72;2021-08-25;1587;3444;407194;346081;72.7;61.8
73;2020-12-27;0;0;0;0;0.0;0.0
73;2020-12-28;1;0;1;0;0.0;0.0
73;2020-12-29;0;0;1;0;0.0;0.0
73;2020-12-30;0;0;1;0;0.0;0.0
73;2020-12-31;0;0;1;0;0.0;0.0
73;2021-01-01;0;0;1;0;0.0;0.0
73;2021-01-02;0;0;1;0;0.0;0.0
73;2021-01-03;0;0;1;0;0.0;0.0
73;2021-01-04;1;0;2;0;0.0;0.0
73;2021-01-05;0;0;2;0;0.0;0.0
73;2021-01-06;1;0;3;0;0.0;0.0
73;2021-01-07;30;0;33;0;0.0;0.0
73;2021-01-08;81;0;114;0;0.0;0.0
73;2021-01-09;0;0;114;0;0.0;0.0
73;2021-01-10;0;0;114;0;0.0;0.0
73;2021-01-11;86;0;200;0;0.0;0.0
73;2021-01-12;303;1;503;1;0.1;0.0
73;2021-01-13;359;1;862;2;0.2;0.0
73;2021-01-14;514;2;1376;4;0.3;0.0
73;2021-01-15;617;1;1993;5;0.5;0.0
73;2021-01-16;128;0;2121;5;0.5;0.0
73;2021-01-17;0;0;2121;5;0.5;0.0
73;2021-01-18;624;0;2745;5;0.6;0.0
73;2021-01-19;1239;3;3984;8;0.9;0.0
73;2021-01-20;951;2;4935;10;1.1;0.0
73;2021-01-21;982;4;5917;14;1.4;0.0
73;2021-01-22;947;0;6864;14;1.6;0.0
73;2021-01-23;387;0;7251;14;1.7;0.0
73;2021-01-24;0;0;7251;14;1.7;0.0
73;2021-01-25;656;6;7907;20;1.8;0.0
73;2021-01-26;761;2;8668;22;2.0;0.0
73;2021-01-27;1105;5;9773;27;2.3;0.0
73;2021-01-28;961;5;10734;32;2.5;0.0
73;2021-01-29;683;5;11417;37;2.6;0.0
73;2021-01-30;345;3;11762;40;2.7;0.0
73;2021-01-31;0;0;11762;40;2.7;0.0
73;2021-02-01;620;40;12382;80;2.9;0.0
73;2021-02-02;752;334;13134;414;3.0;0.1
73;2021-02-03;651;349;13785;763;3.2;0.2
73;2021-02-04;624;234;14409;997;3.3;0.2
73;2021-02-05;680;410;15089;1407;3.5;0.3
73;2021-02-06;261;38;15350;1445;3.5;0.3
73;2021-02-07;1;0;15351;1445;3.5;0.3
73;2021-02-08;522;252;15873;1697;3.7;0.4
73;2021-02-09;793;451;16666;2148;3.9;0.5
73;2021-02-10;899;396;17565;2544;4.1;0.6
73;2021-02-11;960;712;18525;3256;4.3;0.8
73;2021-02-12;810;508;19335;3764;4.5;0.9
73;2021-02-13;263;59;19598;3823;4.5;0.9
73;2021-02-14;1;0;19599;3823;4.5;0.9
73;2021-02-15;346;528;19945;4351;4.6;1.0
73;2021-02-16;453;762;20398;5113;4.7;1.2
73;2021-02-17;451;968;20849;6081;4.8;1.4
73;2021-02-18;469;557;21318;6638;4.9;1.5
73;2021-02-19;445;638;21763;7276;5.0;1.7
73;2021-02-20;69;249;21832;7525;5.0;1.7
73;2021-02-21;0;0;21832;7525;5.0;1.7
73;2021-02-22;240;444;22072;7969;5.1;1.8
73;2021-02-23;325;522;22397;8491;5.2;2.0
73;2021-02-24;486;748;22883;9239;5.3;2.1
73;2021-02-25;503;508;23386;9747;5.4;2.3
73;2021-02-26;730;568;24116;10315;5.6;2.4
73;2021-02-27;330;238;24446;10553;5.7;2.4
73;2021-02-28;1;1;24447;10554;5.7;2.4
73;2021-03-01;557;509;25004;11063;5.8;2.6
73;2021-03-02;668;900;25672;11963;5.9;2.8
73;2021-03-03;642;1195;26314;13158;6.1;3.0
73;2021-03-04;1039;900;27353;14058;6.3;3.3
73;2021-03-05;1240;608;28593;14666;6.6;3.4
73;2021-03-06;1091;335;29684;15001;6.9;3.5
73;2021-03-07;455;93;30139;15094;7.0;3.5
73;2021-03-08;606;427;30745;15521;7.1;3.6
73;2021-03-09;983;538;31728;16059;7.3;3.7
73;2021-03-10;1035;870;32763;16929;7.6;3.9
73;2021-03-11;1556;656;34319;17585;7.9;4.1
73;2021-03-12;2017;534;36336;18119;8.4;4.2
73;2021-03-13;1179;205;37515;18324;8.7;4.2
73;2021-03-14;66;3;37581;18327;8.7;4.2
73;2021-03-15;1185;398;38766;18725;9.0;4.3
73;2021-03-16;794;401;39560;19126;9.1;4.4
73;2021-03-17;877;480;40437;19606;9.3;4.5
73;2021-03-18;1350;257;41787;19863;9.7;4.6
73;2021-03-19;1765;396;43552;20259;10.1;4.7
73;2021-03-20;886;128;44438;20387;10.3;4.7
73;2021-03-21;123;2;44561;20389;10.3;4.7
73;2021-03-22;1184;395;45745;20784;10.6;4.8
73;2021-03-23;1447;236;47192;21020;10.9;4.9
73;2021-03-24;1594;344;48786;21364;11.3;4.9
73;2021-03-25;2062;383;50848;21747;11.8;5.0
73;2021-03-26;2472;365;53320;22112;12.3;5.1
73;2021-03-27;885;145;54205;22257;12.5;5.1
73;2021-03-28;312;14;54517;22271;12.6;5.1
73;2021-03-29;1508;238;56025;22509;13.0;5.2
73;2021-03-30;2088;485;58113;22994;13.4;5.3
73;2021-03-31;2089;402;60202;23396;13.9;5.4
73;2021-04-01;2086;331;62288;23727;14.4;5.5
73;2021-04-02;2361;228;64649;23955;14.9;5.5
73;2021-04-03;848;147;65497;24102;15.1;5.6
73;2021-04-04;188;18;65685;24120;15.2;5.6
73;2021-04-05;212;26;65897;24146;15.2;5.6
73;2021-04-06;1509;506;67406;24652;15.6;5.7
73;2021-04-07;1947;651;69353;25303;16.0;5.8
73;2021-04-08;2491;822;71844;26125;16.6;6.0
73;2021-04-09;3059;523;74903;26648;17.3;6.2
73;2021-04-10;1135;318;76038;26966;17.6;6.2
73;2021-04-11;163;9;76201;26975;17.6;6.2
73;2021-04-12;1696;977;77897;27952;18.0;6.5
73;2021-04-13;1892;1129;79789;29081;18.4;6.7
73;2021-04-14;2017;1091;81806;30172;18.9;7.0
73;2021-04-15;2416;1189;84222;31361;19.5;7.3
73;2021-04-16;1894;930;86116;32291;19.9;7.5
73;2021-04-17;1176;557;87292;32848;20.2;7.6
73;2021-04-18;155;76;87447;32924;20.2;7.6
73;2021-04-19;1382;1060;88829;33984;20.5;7.9
73;2021-04-20;1790;1322;90619;35306;21.0;8.2
73;2021-04-21;1573;1300;92192;36606;21.3;8.5
73;2021-04-22;1814;1226;94006;37832;21.7;8.7
73;2021-04-23;1896;1253;95902;39085;22.2;9.0
73;2021-04-24;980;673;96882;39758;22.4;9.2
73;2021-04-25;79;97;96961;39855;22.4;9.2
73;2021-04-26;1164;1320;98125;41175;22.7;9.5
73;2021-04-27;1441;1471;99566;42646;23.0;9.9
73;2021-04-28;1732;1460;101298;44106;23.4;10.2
73;2021-04-29;2413;1564;103711;45670;24.0;10.6
73;2021-04-30;2396;1438;106107;47108;24.5;10.9
73;2021-05-01;1068;309;107175;47417;24.8;11.0
73;2021-05-02;34;165;107209;47582;24.8;11.0
73;2021-05-03;1392;1594;108601;49176;25.1;11.4
73;2021-05-04;1710;1830;110311;51006;25.5;11.8
73;2021-05-05;1975;1687;112286;52693;26.0;12.2
73;2021-05-06;2430;1699;114716;54392;26.5;12.6
73;2021-05-07;2261;1849;116977;56241;27.0;13.0
73;2021-05-08;1836;377;118813;56618;27.5;13.1
73;2021-05-09;127;125;118940;56743;27.5;13.1
73;2021-05-10;1608;1893;120548;58636;27.9;13.6
73;2021-05-11;2379;2370;122927;61006;28.4;14.1
73;2021-05-12;3555;2095;126482;63101;29.2;14.6
73;2021-05-13;1554;275;128036;63376;29.6;14.7
73;2021-05-14;1587;1494;129623;64870;30.0;15.0
73;2021-05-15;1448;944;131071;65814;30.3;15.2
73;2021-05-16;131;62;131202;65876;30.3;15.2
73;2021-05-17;1710;1952;132912;67828;30.7;15.7
73;2021-05-18;2495;1738;135407;69566;31.3;16.1
73;2021-05-19;2540;1623;137947;71189;31.9;16.5
73;2021-05-20;3162;1502;141109;72691;32.6;16.8
73;2021-05-21;2473;1850;143582;74541;33.2;17.2
73;2021-05-22;1989;922;145571;75463;33.7;17.4
73;2021-05-23;212;14;145783;75477;33.7;17.4
73;2021-05-24;2565;328;148348;75805;34.3;17.5
73;2021-05-25;2140;1741;150488;77546;34.8;17.9
73;2021-05-26;2342;2001;152830;79547;35.3;18.4
73;2021-05-27;3082;1714;155912;81261;36.0;18.8
73;2021-05-28;2919;2375;158831;83636;36.7;19.3
73;2021-05-29;2316;1322;161147;84958;37.3;19.6
73;2021-05-30;187;14;161334;84972;37.3;19.6
73;2021-05-31;2410;1628;163744;86600;37.9;20.0
73;2021-06-01;3180;1791;166924;88391;38.6;20.4
73;2021-06-02;3106;1461;170030;89852;39.3;20.8
73;2021-06-03;4423;1744;174453;91596;40.3;21.2
73;2021-06-04;4277;2183;178730;93779;41.3;21.7
73;2021-06-05;3159;1281;181889;95060;42.1;22.0
73;2021-06-06;1882;298;183771;95358;42.5;22.0
73;2021-06-07;2757;2147;186528;97505;43.1;22.5
73;2021-06-08;2685;1874;189213;99379;43.7;23.0
73;2021-06-09;2365;1790;191578;101169;44.3;23.4
73;2021-06-10;2005;1649;193583;102818;44.8;23.8
73;2021-06-11;2191;2441;195774;105259;45.3;24.3
73;2021-06-12;2246;1332;198020;106591;45.8;24.6
73;2021-06-13;44;82;198064;106673;45.8;24.7
73;2021-06-14;1347;2930;199411;109603;46.1;25.3
73;2021-06-15;1592;2754;201003;112357;46.5;26.0
73;2021-06-16;1467;2569;202470;114926;46.8;26.6
73;2021-06-17;944;1728;203414;116654;47.0;27.0
73;2021-06-18;1883;2932;205297;119586;47.5;27.6
73;2021-06-19;1422;1986;206719;121572;47.8;28.1
73;2021-06-20;448;306;207167;121878;47.9;28.2
73;2021-06-21;1110;2938;208277;124816;48.2;28.9
73;2021-06-22;1093;2871;209370;127687;48.4;29.5
73;2021-06-23;1085;3136;210455;130823;48.7;30.2
73;2021-06-24;883;1795;211338;132618;48.9;30.7
73;2021-06-25;1326;2799;212664;135417;49.2;31.3
73;2021-06-26;967;2395;213631;137812;49.4;31.9
73;2021-06-27;328;549;213959;138361;49.5;32.0
73;2021-06-28;969;3557;214928;141918;49.7;32.8
73;2021-06-29;1075;3338;216003;145256;49.9;33.6
73;2021-06-30;1239;3119;217242;148375;50.2;34.3
73;2021-07-01;1136;2365;218378;150740;50.5;34.8
73;2021-07-02;1206;3619;219584;154359;50.8;35.7
73;2021-07-03;960;2795;220544;157154;51.0;36.3
73;2021-07-04;301;619;220845;157773;51.1;36.5
73;2021-07-05;1155;3684;222000;161457;51.3;37.3
73;2021-07-06;1251;2949;223251;164406;51.6;38.0
73;2021-07-07;1444;2951;224695;167357;51.9;38.7
73;2021-07-08;1369;2301;226064;169658;52.3;39.2
73;2021-07-09;1429;4024;227493;173682;52.6;40.2
73;2021-07-10;890;3013;228383;176695;52.8;40.8
73;2021-07-11;561;1468;228944;178163;52.9;41.2
73;2021-07-12;1060;4197;230004;182360;53.2;42.2
73;2021-07-13;1730;4228;231734;186588;53.6;43.1
73;2021-07-14;1844;1918;233578;188506;54.0;43.6
73;2021-07-15;2746;3792;236324;192298;54.6;44.5
73;2021-07-16;2415;4017;238739;196315;55.2;45.4
73;2021-07-17;1513;2608;240252;198923;55.5;46.0
73;2021-07-18;1176;1217;241428;200140;55.8;46.3
73;2021-07-19;2448;3246;243876;203386;56.4;47.0
73;2021-07-20;3367;2857;247243;206243;57.2;47.7
73;2021-07-21;3382;2787;250625;209030;57.9;48.3
73;2021-07-22;2729;2210;253354;211240;58.6;48.8
73;2021-07-23;3414;2899;256768;214139;59.4;49.5
73;2021-07-24;2057;2274;258825;216413;59.8;50.0
73;2021-07-25;624;795;259449;217208;60.0;50.2
73;2021-07-26;2629;2489;262078;219697;60.6;50.8
73;2021-07-27;3809;2270;265887;221967;61.5;51.3
73;2021-07-28;3531;2090;269418;224057;62.3;51.8
73;2021-07-29;3974;2150;273392;226207;63.2;52.3
73;2021-07-30;3555;2471;276947;228678;64.0;52.9
73;2021-07-31;2472;1592;279419;230270;64.6;53.2
73;2021-08-01;831;621;280250;230891;64.8;53.4
73;2021-08-02;3086;2106;283336;232997;65.5;53.9
73;2021-08-03;3482;1991;286818;234988;66.3;54.3
73;2021-08-04;3291;2019;290109;237007;67.1;54.8
73;2021-08-05;2847;2225;292956;239232;67.7;55.3
73;2021-08-06;2493;2378;295449;241610;68.3;55.9
73;2021-08-07;1392;1483;296841;243093;68.6;56.2
73;2021-08-08;426;618;297267;243711;68.7;56.3
73;2021-08-09;1771;2386;299038;246097;69.1;56.9
73;2021-08-10;1865;2490;300903;248587;69.6;57.5
73;2021-08-11;1795;2534;302698;251121;70.0;58.1
73;2021-08-12;1665;2497;304363;253618;70.4;58.6
73;2021-08-13;1440;2840;305803;256458;70.7;59.3
73;2021-08-14;981;1530;306784;257988;70.9;59.6
73;2021-08-15;92;159;306876;258147;70.9;59.7
73;2021-08-16;933;1395;307809;259542;71.2;60.0
73;2021-08-17;952;1961;308761;261503;71.4;60.5
73;2021-08-18;936;2833;309697;264336;71.6;61.1
73;2021-08-19;953;3049;310650;267385;71.8;61.8
73;2021-08-20;785;3142;311435;270527;72.0;62.5
73;2021-08-21;413;1832;311848;272359;72.1;63.0
73;2021-08-22;268;935;312116;273294;72.2;63.2
73;2021-08-23;650;2965;312766;276259;72.3;63.9
73;2021-08-24;888;3151;313654;279410;72.5;64.6
73;2021-08-25;708;2893;314362;282303;72.7;65.3
74;2020-12-27;3;0;3;0;0.0;0.0
74;2020-12-28;2;0;5;0;0.0;0.0
74;2020-12-29;0;0;5;0;0.0;0.0
74;2020-12-30;0;0;5;0;0.0;0.0
74;2020-12-31;0;0;5;0;0.0;0.0
74;2021-01-01;0;0;5;0;0.0;0.0
74;2021-01-02;1;1;6;1;0.0;0.0
74;2021-01-03;0;0;6;1;0.0;0.0
74;2021-01-04;0;0;6;1;0.0;0.0
74;2021-01-05;1;0;7;1;0.0;0.0
74;2021-01-06;44;0;51;1;0.0;0.0
74;2021-01-07;219;1;270;2;0.0;0.0
74;2021-01-08;291;2;561;4;0.1;0.0
74;2021-01-09;78;0;639;4;0.1;0.0
74;2021-01-10;74;0;713;4;0.1;0.0
74;2021-01-11;374;0;1087;4;0.1;0.0
74;2021-01-12;405;3;1492;7;0.2;0.0
74;2021-01-13;396;0;1888;7;0.2;0.0
74;2021-01-14;473;1;2361;8;0.3;0.0
74;2021-01-15;644;4;3005;12;0.4;0.0
74;2021-01-16;252;1;3257;13;0.4;0.0
74;2021-01-17;131;1;3388;14;0.4;0.0
74;2021-01-18;521;0;3909;14;0.5;0.0
74;2021-01-19;808;2;4717;16;0.6;0.0
74;2021-01-20;1277;4;5994;20;0.7;0.0
74;2021-01-21;1567;1;7561;21;0.9;0.0
74;2021-01-22;1241;6;8802;27;1.1;0.0
74;2021-01-23;344;1;9146;28;1.1;0.0
74;2021-01-24;90;0;9236;28;1.1;0.0
74;2021-01-25;797;2;10033;30;1.2;0.0
74;2021-01-26;1361;14;11394;44;1.4;0.0
74;2021-01-27;1076;11;12470;55;1.5;0.0
74;2021-01-28;987;29;13457;84;1.6;0.0
74;2021-01-29;879;42;14336;126;1.7;0.0
74;2021-01-30;305;1;14641;127;1.8;0.0
74;2021-01-31;84;1;14725;128;1.8;0.0
74;2021-02-01;629;44;15354;172;1.9;0.0
74;2021-02-02;645;154;15999;326;1.9;0.0
74;2021-02-03;604;122;16603;448;2.0;0.1
74;2021-02-04;613;136;17216;584;2.1;0.1
74;2021-02-05;548;223;17764;807;2.1;0.1
74;2021-02-06;272;138;18036;945;2.2;0.1
74;2021-02-07;94;125;18130;1070;2.2;0.1
74;2021-02-08;617;351;18747;1421;2.3;0.2
74;2021-02-09;536;533;19283;1954;2.3;0.2
74;2021-02-10;688;519;19971;2473;2.4;0.3
74;2021-02-11;1068;1017;21039;3490;2.5;0.4
74;2021-02-12;910;615;21949;4105;2.6;0.5
74;2021-02-13;405;240;22354;4345;2.7;0.5
74;2021-02-14;316;112;22670;4457;2.7;0.5
74;2021-02-15;274;848;22944;5305;2.8;0.6
74;2021-02-16;487;1066;23431;6371;2.8;0.8
74;2021-02-17;540;1107;23971;7478;2.9;0.9
74;2021-02-18;473;991;24444;8469;3.0;1.0
74;2021-02-19;617;655;25061;9124;3.0;1.1
74;2021-02-20;114;188;25175;9312;3.0;1.1
74;2021-02-21;46;61;25221;9373;3.0;1.1
74;2021-02-22;318;783;25539;10156;3.1;1.2
74;2021-02-23;303;821;25842;10977;3.1;1.3
74;2021-02-24;239;680;26081;11657;3.1;1.4
74;2021-02-25;520;752;26601;12409;3.2;1.5
74;2021-02-26;973;702;27574;13111;3.3;1.6
74;2021-02-27;254;181;27828;13292;3.4;1.6
74;2021-02-28;125;71;27953;13363;3.4;1.6
74;2021-03-01;720;634;28673;13997;3.5;1.7
74;2021-03-02;1090;690;29763;14687;3.6;1.8
74;2021-03-03;1017;638;30780;15325;3.7;1.8
74;2021-03-04;1610;1021;32390;16346;3.9;2.0
74;2021-03-05;2087;897;34477;17243;4.2;2.1
74;2021-03-06;1753;324;36230;17567;4.4;2.1
74;2021-03-07;1385;107;37615;17674;4.5;2.1
74;2021-03-08;1197;958;38812;18632;4.7;2.2
74;2021-03-09;1950;667;40762;19299;4.9;2.3
74;2021-03-10;1746;911;42508;20210;5.1;2.4
74;2021-03-11;2447;727;44955;20937;5.4;2.5
74;2021-03-12;3241;1026;48196;21963;5.8;2.7
74;2021-03-13;2000;280;50196;22243;6.1;2.7
74;2021-03-14;608;104;50804;22347;6.1;2.7
74;2021-03-15;2127;559;52931;22906;6.4;2.8
74;2021-03-16;1959;413;54890;23319;6.6;2.8
74;2021-03-17;1972;320;56862;23639;6.9;2.9
74;2021-03-18;2134;290;58996;23929;7.1;2.9
74;2021-03-19;2633;298;61629;24227;7.4;2.9
74;2021-03-20;1374;103;63003;24330;7.6;2.9
74;2021-03-21;289;32;63292;24362;7.6;2.9
74;2021-03-22;2051;329;65343;24691;7.9;3.0
74;2021-03-23;2719;336;68062;25027;8.2;3.0
74;2021-03-24;2945;301;71007;25328;8.6;3.1
74;2021-03-25;3871;308;74878;25636;9.0;3.1
74;2021-03-26;4094;386;78972;26022;9.5;3.1
74;2021-03-27;1940;261;80912;26283;9.8;3.2
74;2021-03-28;437;78;81349;26361;9.8;3.2
74;2021-03-29;3030;717;84379;27078;10.2;3.3
74;2021-03-30;3541;774;87920;27852;10.6;3.4
74;2021-03-31;3143;732;91063;28584;11.0;3.5
74;2021-04-01;4236;897;95299;29481;11.5;3.6
74;2021-04-02;3701;788;99000;30269;12.0;3.7
74;2021-04-03;1696;540;100696;30809;12.2;3.7
74;2021-04-04;236;121;100932;30930;12.2;3.7
74;2021-04-05;432;18;101364;30948;12.2;3.7
74;2021-04-06;2623;1216;103987;32164;12.6;3.9
74;2021-04-07;3193;1252;107180;33416;12.9;4.0
74;2021-04-08;3863;1185;111043;34601;13.4;4.2
74;2021-04-09;4104;1177;115147;35778;13.9;4.3
74;2021-04-10;1946;1035;117093;36813;14.1;4.4
74;2021-04-11;254;184;117347;36997;14.2;4.5
74;2021-04-12;2720;1775;120067;38772;14.5;4.7
74;2021-04-13;3122;2101;123189;40873;14.9;4.9
74;2021-04-14;2902;1975;126091;42848;15.2;5.2
74;2021-04-15;3456;1914;129547;44762;15.6;5.4
74;2021-04-16;3383;1784;132930;46546;16.0;5.6
74;2021-04-17;1936;1037;134866;47583;16.3;5.7
74;2021-04-18;218;209;135084;47792;16.3;5.8
74;2021-04-19;2097;2101;137181;49893;16.6;6.0
74;2021-04-20;3068;2427;140249;52320;16.9;6.3
74;2021-04-21;2464;2376;142713;54696;17.2;6.6
74;2021-04-22;2626;2338;145339;57034;17.5;6.9
74;2021-04-23;2565;2248;147904;59282;17.9;7.2
74;2021-04-24;1485;1543;149389;60825;18.0;7.3
74;2021-04-25;227;150;149616;60975;18.1;7.4
74;2021-04-26;2395;2465;152011;63440;18.3;7.7
74;2021-04-27;3273;2913;155284;66353;18.7;8.0
74;2021-04-28;3462;2636;158746;68989;19.2;8.3
74;2021-04-29;3913;2694;162659;71683;19.6;8.7
74;2021-04-30;4076;2226;166735;73909;20.1;8.9
74;2021-05-01;2120;389;168855;74298;20.4;9.0
74;2021-05-02;205;235;169060;74533;20.4;9.0
74;2021-05-03;2593;3018;171653;77551;20.7;9.4
74;2021-05-04;3219;3107;174872;80658;21.1;9.7
74;2021-05-05;3392;3016;178264;83674;21.5;10.1
74;2021-05-06;3859;2636;182123;86310;22.0;10.4
74;2021-05-07;3592;3551;185715;89861;22.4;10.8
74;2021-05-08;1148;825;186863;90686;22.6;10.9
74;2021-05-09;194;248;187057;90934;22.6;11.0
74;2021-05-10;3469;3144;190526;94078;23.0;11.4
74;2021-05-11;4319;3426;194845;97504;23.5;11.8
74;2021-05-12;5304;2965;200149;100469;24.2;12.1
74;2021-05-13;2363;949;202512;101418;24.4;12.2
74;2021-05-14;5953;2407;208465;103825;25.2;12.5
74;2021-05-15;4517;1851;212982;105676;25.7;12.8
74;2021-05-16;3009;334;215991;106010;26.1;12.8
74;2021-05-17;5400;2889;221391;108899;26.7;13.1
74;2021-05-18;6789;2812;228180;111711;27.5;13.5
74;2021-05-19;6232;2298;234412;114009;28.3;13.8
74;2021-05-20;6644;2555;241056;116564;29.1;14.1
74;2021-05-21;6525;2993;247581;119557;29.9;14.4
74;2021-05-22;5294;1570;252875;121127;30.5;14.6
74;2021-05-23;2051;283;254926;121410;30.8;14.7
74;2021-05-24;2363;661;257289;122071;31.1;14.7
74;2021-05-25;5069;3333;262358;125404;31.7;15.1
74;2021-05-26;5251;2568;267609;127972;32.3;15.4
74;2021-05-27;6002;2982;273611;130954;33.0;15.8
74;2021-05-28;5658;3588;279269;134542;33.7;16.2
74;2021-05-29;3799;2154;283068;136696;34.2;16.5
74;2021-05-30;488;309;283556;137005;34.2;16.5
74;2021-05-31;5071;3555;288627;140560;34.8;17.0
74;2021-06-01;4937;3729;293564;144289;35.4;17.4
74;2021-06-02;5270;3206;298834;147495;36.1;17.8
74;2021-06-03;6897;3253;305731;150748;36.9;18.2
74;2021-06-04;6911;4431;312642;155179;37.7;18.7
74;2021-06-05;4611;2709;317253;157888;38.3;19.1
74;2021-06-06;123;112;317376;158000;38.3;19.1
74;2021-06-07;5033;4150;322409;162150;38.9;19.6
74;2021-06-08;5028;3949;327437;166099;39.5;20.1
74;2021-06-09;5078;3487;332515;169586;40.1;20.5
74;2021-06-10;5126;2874;337641;172460;40.8;20.8
74;2021-06-11;5214;3815;342855;176275;41.4;21.3
74;2021-06-12;3573;2387;346428;178662;41.8;21.6
74;2021-06-13;120;89;346548;178751;41.8;21.6
74;2021-06-14;3599;4483;350147;183234;42.3;22.1
74;2021-06-15;3669;3897;353816;187131;42.7;22.6
74;2021-06-16;4826;3126;358642;190257;43.3;23.0
74;2021-06-17;3820;2955;362462;193212;43.8;23.3
74;2021-06-18;4116;4667;366578;197879;44.3;23.9
74;2021-06-19;2996;3100;369574;200979;44.6;24.3
74;2021-06-20;125;97;369699;201076;44.6;24.3
74;2021-06-21;2387;5422;372086;206498;44.9;24.9
74;2021-06-22;2492;5316;374578;211814;45.2;25.6
74;2021-06-23;2976;4619;377554;216433;45.6;26.1
74;2021-06-24;2864;4627;380418;221060;45.9;26.7
74;2021-06-25;2929;6768;383347;227828;46.3;27.5
74;2021-06-26;1709;5400;385056;233228;46.5;28.2
74;2021-06-27;65;1663;385121;234891;46.5;28.4
74;2021-06-28;1916;7219;387037;242110;46.7;29.2
74;2021-06-29;2301;7427;389338;249537;47.0;30.1
74;2021-06-30;2747;6545;392085;256082;47.3;30.9
74;2021-07-01;3420;5421;395505;261503;47.7;31.6
74;2021-07-02;3012;6641;398517;268144;48.1;32.4
74;2021-07-03;1698;5082;400215;273226;48.3;33.0
74;2021-07-04;82;1022;400297;274248;48.3;33.1
74;2021-07-05;2066;6839;402363;281087;48.6;33.9
74;2021-07-06;2803;6494;405166;287581;48.9;34.7
74;2021-07-07;3096;5447;408262;293028;49.3;35.4
74;2021-07-08;3857;4914;412119;297942;49.7;36.0
74;2021-07-09;2669;6978;414788;304920;50.1;36.8
74;2021-07-10;1623;5131;416411;310051;50.3;37.4
74;2021-07-11;76;141;416487;310192;50.3;37.4
74;2021-07-12;2092;7897;418579;318089;50.5;38.4
74;2021-07-13;3965;7587;422544;325676;51.0;39.3
74;2021-07-14;1967;2238;424511;327914;51.2;39.6
74;2021-07-15;3588;6867;428099;334781;51.7;40.4
74;2021-07-16;4232;7744;432331;342525;52.2;41.3
74;2021-07-17;2954;5333;435285;347858;52.5;42.0
74;2021-07-18;153;155;435438;348013;52.6;42.0
74;2021-07-19;4284;7351;439722;355364;53.1;42.9
74;2021-07-20;5866;6467;445588;361831;53.8;43.7
74;2021-07-21;5624;6669;451212;368500;54.5;44.5
74;2021-07-22;4762;5326;455974;373826;55.0;45.1
74;2021-07-23;6216;6982;462190;380808;55.8;46.0
74;2021-07-24;3150;4312;465340;385120;56.2;46.5
74;2021-07-25;161;174;465501;385294;56.2;46.5
74;2021-07-26;5521;6129;471022;391423;56.9;47.3
74;2021-07-27;6817;5166;477839;396589;57.7;47.9
74;2021-07-28;6484;5104;484323;401693;58.5;48.5
74;2021-07-29;5262;3928;489585;405621;59.1;49.0
74;2021-07-30;6665;5497;496250;411118;59.9;49.6
74;2021-07-31;4362;3120;500612;414238;60.4;50.0
74;2021-08-01;180;149;500792;414387;60.5;50.0
74;2021-08-02;5880;4400;506672;418787;61.2;50.6
74;2021-08-03;5883;3855;512555;422642;61.9;51.0
74;2021-08-04;6205;3495;518760;426137;62.6;51.4
74;2021-08-05;4863;3265;523623;429402;63.2;51.8
74;2021-08-06;4902;4179;528525;433581;63.8;52.3
74;2021-08-07;3174;2889;531699;436470;64.2;52.7
74;2021-08-08;152;133;531851;436603;64.2;52.7
74;2021-08-09;4866;4814;536717;441417;64.8;53.3
74;2021-08-10;4865;4669;541582;446086;65.4;53.8
74;2021-08-11;4280;4884;545862;450970;65.9;54.4
74;2021-08-12;3551;3604;549413;454574;66.3;54.9
74;2021-08-13;3626;4602;553039;459176;66.8;55.4
74;2021-08-14;2157;3339;555196;462515;67.0;55.8
74;2021-08-15;59;101;555255;462616;67.0;55.8
74;2021-08-16;3142;5854;558397;468470;67.4;56.6
74;2021-08-17;2966;5480;561363;473950;67.8;57.2
74;2021-08-18;2940;5434;564303;479384;68.1;57.9
74;2021-08-19;2312;3890;566615;483274;68.4;58.3
74;2021-08-20;2489;5676;569104;488950;68.7;59.0
74;2021-08-21;1193;4260;570297;493210;68.8;59.5
74;2021-08-22;56;136;570353;493346;68.8;59.6
74;2021-08-23;1909;6683;572262;500029;69.1;60.4
74;2021-08-24;2067;5916;574329;505945;69.3;61.1
74;2021-08-25;1873;6279;576202;512224;69.6;61.8
75;2020-12-27;53;1;53;1;0.0;0.0
75;2020-12-28;53;0;106;1;0.0;0.0
75;2020-12-29;23;0;129;1;0.0;0.0
75;2020-12-30;78;0;207;1;0.0;0.0
75;2020-12-31;34;0;241;1;0.0;0.0
75;2021-01-01;47;3;288;4;0.0;0.0
75;2021-01-02;58;1;346;5;0.0;0.0
75;2021-01-03;95;1;441;6;0.0;0.0
75;2021-01-04;302;1;743;7;0.0;0.0
75;2021-01-05;870;13;1613;20;0.1;0.0
75;2021-01-06;1356;16;2969;36;0.1;0.0
75;2021-01-07;2060;18;5029;54;0.2;0.0
75;2021-01-08;2869;32;7898;86;0.4;0.0
75;2021-01-09;1096;2;8994;88;0.4;0.0
75;2021-01-10;1097;5;10091;93;0.5;0.0
75;2021-01-11;3080;47;13171;140;0.6;0.0
75;2021-01-12;3480;53;16651;193;0.8;0.0
75;2021-01-13;3555;43;20206;236;0.9;0.0
75;2021-01-14;3719;63;23925;299;1.1;0.0
75;2021-01-15;3312;45;27237;344;1.3;0.0
75;2021-01-16;1130;16;28367;360;1.3;0.0
75;2021-01-17;552;14;28919;374;1.3;0.0
75;2021-01-18;3267;74;32186;448;1.5;0.0
75;2021-01-19;3849;48;36035;496;1.7;0.0
75;2021-01-20;4408;64;40443;560;1.9;0.0
75;2021-01-21;4907;80;45350;640;2.1;0.0
75;2021-01-22;4577;81;49927;721;2.3;0.0
75;2021-01-23;1756;15;51683;736;2.4;0.0
75;2021-01-24;743;7;52426;743;2.4;0.0
75;2021-01-25;1714;27;54140;770;2.5;0.0
75;2021-01-26;2546;88;56686;858;2.6;0.0
75;2021-01-27;3148;172;59834;1030;2.8;0.0
75;2021-01-28;4767;258;64601;1288;3.0;0.1
75;2021-01-29;4046;270;68647;1558;3.2;0.1
75;2021-01-30;1354;33;70001;1591;3.3;0.1
75;2021-01-31;221;3;70222;1594;3.3;0.1
75;2021-02-01;1617;379;71839;1973;3.3;0.1
75;2021-02-02;2130;647;73969;2620;3.4;0.1
75;2021-02-03;1877;687;75846;3307;3.5;0.2
75;2021-02-04;2138;1122;77984;4429;3.6;0.2
75;2021-02-05;2208;866;80192;5295;3.7;0.2
75;2021-02-06;1104;90;81296;5385;3.8;0.3
75;2021-02-07;174;6;81470;5391;3.8;0.3
75;2021-02-08;1256;1466;82726;6857;3.9;0.3
75;2021-02-09;1783;2380;84509;9237;3.9;0.4
75;2021-02-10;2415;2395;86924;11632;4.0;0.5
75;2021-02-11;2931;6358;89855;17990;4.2;0.8
75;2021-02-12;3119;2406;92974;20396;4.3;0.9
75;2021-02-13;850;1047;93824;21443;4.4;1.0
75;2021-02-14;206;44;94030;21487;4.4;1.0
75;2021-02-15;1001;2450;95031;23937;4.4;1.1
75;2021-02-16;1441;6508;96472;30445;4.5;1.4
75;2021-02-17;1321;3226;97793;33671;4.6;1.6
75;2021-02-18;1754;5833;99547;39504;4.6;1.8
75;2021-02-19;2212;4138;101759;43642;4.7;2.0
75;2021-02-20;475;1676;102234;45318;4.8;2.1
75;2021-02-21;189;161;102423;45479;4.8;2.1
75;2021-02-22;1214;1932;103637;47411;4.8;2.2
75;2021-02-23;1442;2715;105079;50126;4.9;2.3
75;2021-02-24;1687;2334;106766;52460;5.0;2.4
75;2021-02-25;2766;5313;109532;57773;5.1;2.7
75;2021-02-26;3359;2720;112891;60493;5.3;2.8
75;2021-02-27;1397;938;114288;61431;5.3;2.9
75;2021-02-28;321;142;114609;61573;5.3;2.9
75;2021-03-01;2588;1688;117197;63261;5.5;2.9
75;2021-03-02;4165;2215;121362;65476;5.6;3.0
75;2021-03-03;5414;2350;126776;67826;5.9;3.2
75;2021-03-04;8034;2612;134810;70438;6.3;3.3
75;2021-03-05;10545;2769;145355;73207;6.8;3.4
75;2021-03-06;11067;1103;156422;74310;7.3;3.5
75;2021-03-07;9495;1530;165917;75840;7.7;3.5
75;2021-03-08;5886;1569;171803;77409;8.0;3.6
75;2021-03-09;7509;2144;179312;79553;8.3;3.7
75;2021-03-10;7490;2145;186802;81698;8.7;3.8
75;2021-03-11;10326;2553;197128;84251;9.2;3.9
75;2021-03-12;12052;2586;209180;86837;9.7;4.0
75;2021-03-13;8539;785;217719;87622;10.1;4.1
75;2021-03-14;4159;253;221878;87875;10.3;4.1
75;2021-03-15;7443;992;229321;88867;10.7;4.1
75;2021-03-16;5140;694;234461;89561;10.9;4.2
75;2021-03-17;5420;846;239881;90407;11.2;4.2
75;2021-03-18;6606;891;246487;91298;11.5;4.2
75;2021-03-19;9738;999;256225;92297;11.9;4.3
75;2021-03-20;5928;614;262153;92911;12.2;4.3
75;2021-03-21;1585;435;263738;93346;12.3;4.3
75;2021-03-22;8632;1032;272370;94378;12.7;4.4
75;2021-03-23;10939;1267;283309;95645;13.2;4.5
75;2021-03-24;10986;1342;294295;96987;13.7;4.5
75;2021-03-25;14199;1556;308494;98543;14.4;4.6
75;2021-03-26;13953;1702;322447;100245;15.0;4.7
75;2021-03-27;7271;783;329718;101028;15.3;4.7
75;2021-03-28;1775;153;331493;101181;15.4;4.7
75;2021-03-29;7960;2215;339453;103396;15.8;4.8
75;2021-03-30;10922;3252;350375;106648;16.3;5.0
75;2021-03-31;9725;3618;360100;110266;16.8;5.1
75;2021-04-01;10673;5216;370773;115482;17.3;5.4
75;2021-04-02;9033;5591;379806;121073;17.7;5.6
75;2021-04-03;4108;4900;383914;125973;17.9;5.9
75;2021-04-04;1411;1495;385325;127468;17.9;5.9
75;2021-04-05;2237;1435;387562;128903;18.0;6.0
75;2021-04-06;6883;4312;394445;133215;18.4;6.2
75;2021-04-07;8066;4424;402511;137639;18.7;6.4
75;2021-04-08;11060;4177;413571;141816;19.3;6.6
75;2021-04-09;12191;4629;425762;146445;19.8;6.8
75;2021-04-10;5825;4274;431587;150719;20.1;7.0
75;2021-04-11;1929;1796;433516;152515;20.2;7.1
75;2021-04-12;7471;3794;440987;156309;20.5;7.3
75;2021-04-13;8554;6856;449541;163165;20.9;7.6
75;2021-04-14;8276;5225;457817;168390;21.3;7.8
75;2021-04-15;8887;6140;466704;174530;21.7;8.1
75;2021-04-16;9370;6118;476074;180648;22.2;8.4
75;2021-04-17;4814;3650;480888;184298;22.4;8.6
75;2021-04-18;1663;878;482551;185176;22.5;8.6
75;2021-04-19;5567;4951;488118;190127;22.7;8.9
75;2021-04-20;6454;5959;494572;196086;23.0;9.1
75;2021-04-21;6858;5579;501430;201665;23.3;9.4
75;2021-04-22;7536;5918;508966;207583;23.7;9.7
75;2021-04-23;8555;6357;517521;213940;24.1;10.0
75;2021-04-24;6166;3352;523687;217292;24.4;10.1
75;2021-04-25;2959;759;526646;218051;24.5;10.2
75;2021-04-26;7025;4724;533671;222775;24.8;10.4
75;2021-04-27;10585;6425;544256;229200;25.3;10.7
75;2021-04-28;12192;6032;556448;235232;25.9;10.9
75;2021-04-29;13752;6346;570200;241578;26.5;11.2
75;2021-04-30;13659;6185;583859;247763;27.2;11.5
75;2021-05-01;5070;1325;588929;249088;27.4;11.6
75;2021-05-02;2380;795;591309;249883;27.5;11.6
75;2021-05-03;10276;13506;601585;263389;28.0;12.3
75;2021-05-04;11173;8081;612758;271470;28.5;12.6
75;2021-05-05;13550;6715;626308;278185;29.2;12.9
75;2021-05-06;13990;8200;640298;286385;29.8;13.3
75;2021-05-07;13967;8598;654265;294983;30.5;13.7
75;2021-05-08;10074;5523;664339;300506;30.9;14.0
75;2021-05-09;3815;3197;668154;303703;31.1;14.1
75;2021-05-10;14288;6732;682442;310435;31.8;14.5
75;2021-05-11;16839;8432;699281;318867;32.6;14.8
75;2021-05-12;17953;8166;717234;327033;33.4;15.2
75;2021-05-13;13631;2508;730865;329541;34.0;15.3
75;2021-05-14;18381;5149;749246;334690;34.9;15.6
75;2021-05-15;12305;2651;761551;337341;35.4;15.7
75;2021-05-16;3849;763;765400;338104;35.6;15.7
75;2021-05-17;15998;4657;781398;342761;36.4;16.0
75;2021-05-18;19148;5334;800546;348095;37.3;16.2
75;2021-05-19;20713;10736;821259;358831;38.2;16.7
75;2021-05-20;21570;8683;842829;367514;39.2;17.1
75;2021-05-21;21025;6556;863854;374070;40.2;17.4
75;2021-05-22;15922;3321;879776;377391;41.0;17.6
75;2021-05-23;5629;1341;885405;378732;41.2;17.6
75;2021-05-24;15636;2567;901041;381299;41.9;17.7
75;2021-05-25;18018;9602;919059;390901;42.8;18.2
75;2021-05-26;18871;8231;937930;399132;43.7;18.6
75;2021-05-27;20137;9827;958067;408959;44.6;19.0
75;2021-05-28;19340;10873;977407;419832;45.5;19.5
75;2021-05-29;16120;5853;993527;425685;46.2;19.8
75;2021-05-30;7035;2161;1000562;427846;46.6;19.9
75;2021-05-31;18097;9469;1018659;437315;47.4;20.4
75;2021-06-01;18672;12991;1037331;450306;48.3;21.0
75;2021-06-02;18111;10311;1055442;460617;49.1;21.4
75;2021-06-03;20249;11982;1075691;472599;50.1;22.0
75;2021-06-04;18115;12872;1093806;485471;50.9;22.6
75;2021-06-05;11988;9628;1105794;495099;51.5;23.0
75;2021-06-06;6721;3158;1112515;498257;51.8;23.2
75;2021-06-07;13900;11848;1126415;510105;52.4;23.7
75;2021-06-08;14804;13986;1141219;524091;53.1;24.4
75;2021-06-09;16507;15257;1157726;539348;53.9;25.1
75;2021-06-10;18365;26330;1176091;565678;54.7;26.3
75;2021-06-11;15317;16482;1191408;582160;55.5;27.1
75;2021-06-12;13284;10004;1204692;592164;56.1;27.6
75;2021-06-13;6273;3799;1210965;595963;56.4;27.7
75;2021-06-14;11832;15429;1222797;611392;56.9;28.5
75;2021-06-15;12739;19566;1235536;630958;57.5;29.4
75;2021-06-16;12202;17249;1247738;648207;58.1;30.2
75;2021-06-17;12647;17691;1260385;665898;58.7;31.0
75;2021-06-18;11282;22629;1271667;688527;59.2;32.1
75;2021-06-19;7529;11831;1279196;700358;59.5;32.6
75;2021-06-20;2816;5485;1282012;705843;59.7;32.9
75;2021-06-21;8501;16348;1290513;722191;60.1;33.6
75;2021-06-22;8799;21812;1299312;744003;60.5;34.6
75;2021-06-23;10295;21437;1309607;765440;61.0;35.6
75;2021-06-24;11302;20650;1320909;786090;61.5;36.6
75;2021-06-25;9862;24700;1330771;810790;61.9;37.7
75;2021-06-26;7944;15427;1338715;826217;62.3;38.5
75;2021-06-27;2698;6332;1341413;832549;62.4;38.8
75;2021-06-28;8463;20155;1349876;852704;62.8;39.7
75;2021-06-29;9340;23851;1359216;876555;63.3;40.8
75;2021-06-30;10188;23627;1369404;900182;63.7;41.9
75;2021-07-01;11348;23525;1380752;923707;64.3;43.0
75;2021-07-02;10849;24786;1391601;948493;64.8;44.2
75;2021-07-03;7811;19820;1399412;968313;65.1;45.1
75;2021-07-04;3902;9555;1403314;977868;65.3;45.5
75;2021-07-05;9284;21579;1412598;999447;65.8;46.5
75;2021-07-06;10136;24017;1422734;1023464;66.2;47.6
75;2021-07-07;10095;25096;1432829;1048560;66.7;48.8
75;2021-07-08;10616;25019;1443445;1073579;67.2;50.0
75;2021-07-09;10747;24041;1454192;1097620;67.7;51.1
75;2021-07-10;7925;18513;1462117;1116133;68.1;52.0
75;2021-07-11;4346;8535;1466463;1124668;68.3;52.4
75;2021-07-12;9767;23096;1476230;1147764;68.7;53.4
75;2021-07-13;14281;24831;1490511;1172595;69.4;54.6
75;2021-07-14;8256;9725;1498767;1182320;69.8;55.0
75;2021-07-15;15202;25672;1513969;1207992;70.5;56.2
75;2021-07-16;15650;22152;1529619;1230144;71.2;57.3
75;2021-07-17;11513;16898;1541132;1247042;71.7;58.0
75;2021-07-18;6278;6833;1547410;1253875;72.0;58.4
75;2021-07-19;14296;21312;1561706;1275187;72.7;59.4
75;2021-07-20;16018;21883;1577724;1297070;73.4;60.4
75;2021-07-21;15647;20728;1593371;1317798;74.2;61.3
75;2021-07-22;17086;20086;1610457;1337884;75.0;62.3
75;2021-07-23;16953;19101;1627410;1356985;75.8;63.2
75;2021-07-24;11168;14065;1638578;1371050;76.3;63.8
75;2021-07-25;4996;5085;1643574;1376135;76.5;64.1
75;2021-07-26;15111;16871;1658685;1393006;77.2;64.8
75;2021-07-27;18029;16636;1676714;1409642;78.0;65.6
75;2021-07-28;17033;15462;1693747;1425104;78.8;66.3
75;2021-07-29;16677;15076;1710424;1440180;79.6;67.0
75;2021-07-30;16145;14302;1726569;1454482;80.4;67.7
75;2021-07-31;9274;9850;1735843;1464332;80.8;68.2
75;2021-08-01;3496;3289;1739339;1467621;81.0;68.3
75;2021-08-02;10462;11977;1749801;1479598;81.5;68.9
75;2021-08-03;10909;10811;1760710;1490409;82.0;69.4
75;2021-08-04;9402;9499;1770112;1499908;82.4;69.8
75;2021-08-05;8463;9517;1778575;1509425;82.8;70.3
75;2021-08-06;8027;9956;1786602;1519381;83.2;70.7
75;2021-08-07;5607;7131;1792209;1526512;83.4;71.1
75;2021-08-08;1910;3271;1794119;1529783;83.5;71.2
75;2021-08-09;8346;11438;1802465;1541221;83.9;71.7
75;2021-08-10;8912;11562;1811377;1552783;84.3;72.3
75;2021-08-11;7571;10111;1818948;1562894;84.7;72.8
75;2021-08-12;6743;10607;1825691;1573501;85.0;73.2
75;2021-08-13;6025;8893;1831716;1582394;85.3;73.7
75;2021-08-14;4013;7187;1835729;1589581;85.5;74.0
75;2021-08-15;922;1927;1836651;1591508;85.5;74.1
75;2021-08-16;5971;14009;1842622;1605517;85.8;74.7
75;2021-08-17;5670;13567;1848292;1619084;86.0;75.4
75;2021-08-18;4887;11974;1853179;1631058;86.3;75.9
75;2021-08-19;4610;12667;1857789;1643725;86.5;76.5
75;2021-08-20;4382;11748;1862171;1655473;86.7;77.1
75;2021-08-21;3106;8786;1865277;1664259;86.8;77.5
75;2021-08-22;977;3162;1866254;1667421;86.9;77.6
75;2021-08-23;4758;15264;1871012;1682685;87.1;78.3
75;2021-08-24;4640;14490;1875652;1697175;87.3;79.0
75;2021-08-25;4331;12250;1879983;1709425;87.5;79.6
76;2020-12-27;0;0;0;0;0.0;0.0
76;2020-12-28;0;0;0;0;0.0;0.0
76;2020-12-29;0;0;0;0;0.0;0.0
76;2020-12-30;0;0;0;0;0.0;0.0
76;2020-12-31;0;0;0;0;0.0;0.0
76;2021-01-01;0;0;0;0;0.0;0.0
76;2021-01-02;0;0;0;0;0.0;0.0
76;2021-01-03;0;0;0;0;0.0;0.0
76;2021-01-04;17;0;17;0;0.0;0.0
76;2021-01-05;138;0;155;0;0.0;0.0
76;2021-01-06;682;2;837;2;0.1;0.0
76;2021-01-07;1355;7;2192;9;0.2;0.0
76;2021-01-08;1535;2;3727;11;0.3;0.0
76;2021-01-09;736;2;4463;13;0.4;0.0
76;2021-01-10;492;1;4955;14;0.4;0.0
76;2021-01-11;1358;2;6313;16;0.5;0.0
76;2021-01-12;1358;2;7671;18;0.6;0.0
76;2021-01-13;1187;4;8858;22;0.7;0.0
76;2021-01-14;2175;24;11033;46;0.9;0.0
76;2021-01-15;1911;9;12944;55;1.0;0.0
76;2021-01-16;990;7;13934;62;1.1;0.0
76;2021-01-17;2898;20;16832;82;1.4;0.0
76;2021-01-18;4396;16;21228;98;1.7;0.0
76;2021-01-19;3013;8;24241;106;1.9;0.0
76;2021-01-20;2069;8;26310;114;2.1;0.0
76;2021-01-21;1773;4;28083;118;2.3;0.0
76;2021-01-22;1706;4;29789;122;2.4;0.0
76;2021-01-23;449;1;30238;123;2.4;0.0
76;2021-01-24;99;0;30337;123;2.4;0.0
76;2021-01-25;1474;140;31811;263;2.6;0.0
76;2021-01-26;1391;335;33202;598;2.7;0.0
76;2021-01-27;1341;432;34543;1030;2.8;0.1
76;2021-01-28;1283;383;35826;1413;2.9;0.1
76;2021-01-29;1152;459;36978;1872;3.0;0.2
76;2021-01-30;283;304;37261;2176;3.0;0.2
76;2021-01-31;4;98;37265;2274;3.0;0.2
76;2021-02-01;840;814;38105;3088;3.1;0.2
76;2021-02-02;1057;1020;39162;4108;3.1;0.3
76;2021-02-03;919;1002;40081;5110;3.2;0.4
76;2021-02-04;976;1454;41057;6564;3.3;0.5
76;2021-02-05;974;1104;42031;7668;3.4;0.6
76;2021-02-06;262;882;42293;8550;3.4;0.7
76;2021-02-07;468;1658;42761;10208;3.4;0.8
76;2021-02-08;1924;3737;44685;13945;3.6;1.1
76;2021-02-09;1758;2997;46443;16942;3.7;1.4
76;2021-02-10;1488;1809;47931;18751;3.9;1.5
76;2021-02-11;1677;1529;49608;20280;4.0;1.6
76;2021-02-12;1708;1577;51316;21857;4.1;1.8
76;2021-02-13;230;337;51546;22194;4.1;1.8
76;2021-02-14;9;82;51555;22276;4.1;1.8
76;2021-02-15;554;1720;52109;23996;4.2;1.9
76;2021-02-16;741;1643;52850;25639;4.2;2.1
76;2021-02-17;625;1447;53475;27086;4.3;2.2
76;2021-02-18;780;1394;54255;28480;4.4;2.3
76;2021-02-19;869;1343;55124;29823;4.4;2.4
76;2021-02-20;270;288;55394;30111;4.5;2.4
76;2021-02-21;0;0;55394;30111;4.5;2.4
76;2021-02-22;371;1308;55765;31419;4.5;2.5
76;2021-02-23;575;1238;56340;32657;4.5;2.6
76;2021-02-24;599;1199;56939;33856;4.6;2.7
76;2021-02-25;1664;1263;58603;35119;4.7;2.8
76;2021-02-26;2171;1051;60774;36170;4.9;2.9
76;2021-02-27;1108;277;61882;36447;5.0;2.9
76;2021-02-28;27;196;61909;36643;5.0;2.9
76;2021-03-01;828;2109;62737;38752;5.0;3.1
76;2021-03-02;1381;1720;64118;40472;5.2;3.3
76;2021-03-03;1942;1393;66060;41865;5.3;3.4
76;2021-03-04;2818;1111;68878;42976;5.5;3.5
76;2021-03-05;4180;813;73058;43789;5.9;3.5
76;2021-03-06;3365;165;76423;43954;6.1;3.5
76;2021-03-07;1257;34;77680;43988;6.2;3.5
76;2021-03-08;2102;1257;79782;45245;6.4;3.6
76;2021-03-09;3575;1170;83357;46415;6.7;3.7
76;2021-03-10;3592;1067;86949;47482;7.0;3.8
76;2021-03-11;5634;951;92583;48433;7.4;3.9
76;2021-03-12;6828;600;99411;49033;8.0;3.9
76;2021-03-13;4647;148;104058;49181;8.4;4.0
76;2021-03-14;1068;28;105126;49209;8.5;4.0
76;2021-03-15;2918;235;108044;49444;8.7;4.0
76;2021-03-16;2557;402;110601;49846;8.9;4.0
76;2021-03-17;2695;316;113296;50162;9.1;4.0
76;2021-03-18;3002;311;116298;50473;9.4;4.1
76;2021-03-19;4396;431;120694;50904;9.7;4.1
76;2021-03-20;3974;288;124668;51192;10.0;4.1
76;2021-03-21;838;13;125506;51205;10.1;4.1
76;2021-03-22;3992;346;129498;51551;10.4;4.1
76;2021-03-23;5711;359;135209;51910;10.9;4.2
76;2021-03-24;5701;397;140910;52307;11.3;4.2
76;2021-03-25;7508;570;148418;52877;11.9;4.3
76;2021-03-26;8722;586;157140;53463;12.6;4.3
76;2021-03-27;4810;390;161950;53853;13.0;4.3
76;2021-03-28;1021;31;162971;53884;13.1;4.3
76;2021-03-29;5390;825;168361;54709;13.5;4.4
76;2021-03-30;6586;1061;174947;55770;14.1;4.5
76;2021-03-31;6448;1258;181395;57028;14.6;4.6
76;2021-04-01;6785;2034;188180;59062;15.1;4.7
76;2021-04-02;6488;2680;194668;61742;15.7;5.0
76;2021-04-03;2442;1081;197110;62823;15.8;5.1
76;2021-04-04;264;11;197374;62834;15.9;5.1
76;2021-04-05;868;379;198242;63213;15.9;5.1
76;2021-04-06;3557;2794;201799;66007;16.2;5.3
76;2021-04-07;4417;2405;206216;68412;16.6;5.5
76;2021-04-08;5840;2785;212056;71197;17.0;5.7
76;2021-04-09;8806;3072;220862;74269;17.8;6.0
76;2021-04-10;4877;1421;225739;75690;18.1;6.1
76;2021-04-11;814;530;226553;76220;18.2;6.1
76;2021-04-12;4725;2848;231278;79068;18.6;6.4
76;2021-04-13;5929;2872;237207;81940;19.1;6.6
76;2021-04-14;4804;3128;242011;85068;19.5;6.8
76;2021-04-15;5564;3360;247575;88428;19.9;7.1
76;2021-04-16;7353;3438;254928;91866;20.5;7.4
76;2021-04-17;4388;1429;259316;93295;20.8;7.5
76;2021-04-18;339;140;259655;93435;20.9;7.5
76;2021-04-19;3478;3774;263133;97209;21.2;7.8
76;2021-04-20;4342;4278;267475;101487;21.5;8.2
76;2021-04-21;4191;4691;271666;106178;21.8;8.5
76;2021-04-22;4562;5439;276228;111617;22.2;9.0
76;2021-04-23;5438;5959;281666;117576;22.6;9.5
76;2021-04-24;4163;2193;285829;119769;23.0;9.6
76;2021-04-25;893;267;286722;120036;23.1;9.7
76;2021-04-26;4483;4477;291205;124513;23.4;10.0
76;2021-04-27;4999;5005;296204;129518;23.8;10.4
76;2021-04-28;5347;4170;301551;133688;24.2;10.7
76;2021-04-29;6927;4169;308478;137857;24.8;11.1
76;2021-04-30;8218;4652;316696;142509;25.5;11.5
76;2021-05-01;4828;1013;321524;143522;25.9;11.5
76;2021-05-02;1843;263;323367;143785;26.0;11.6
76;2021-05-03;4703;3316;328070;147101;26.4;11.8
76;2021-05-04;4823;4563;332893;151664;26.8;12.2
76;2021-05-05;4784;5178;337677;156842;27.1;12.6
76;2021-05-06;5922;5587;343599;162429;27.6;13.1
76;2021-05-07;6138;6765;349737;169194;28.1;13.6
76;2021-05-08;5055;905;354792;170099;28.5;13.7
76;2021-05-09;2539;235;357331;170334;28.7;13.7
76;2021-05-10;4948;5060;362279;175394;29.1;14.1
76;2021-05-11;6518;5678;368797;181072;29.7;14.6
76;2021-05-12;6264;5079;375061;186151;30.2;15.0
76;2021-05-13;8845;1281;383906;187432;30.9;15.1
76;2021-05-14;10417;4665;394323;192097;31.7;15.4
76;2021-05-15;9120;2454;403443;194551;32.4;15.6
76;2021-05-16;6234;481;409677;195032;32.9;15.7
76;2021-05-17;7226;3275;416903;198307;33.5;15.9
76;2021-05-18;8304;2813;425207;201120;34.2;16.2
76;2021-05-19;8403;3191;433610;204311;34.9;16.4
76;2021-05-20;9649;3418;443259;207729;35.6;16.7
76;2021-05-21;8368;4094;451627;211823;36.3;17.0
76;2021-05-22;7165;2362;458792;214185;36.9;17.2
76;2021-05-23;6390;416;465182;214601;37.4;17.3
76;2021-05-24;6865;1530;472047;216131;38.0;17.4
76;2021-05-25;8025;4086;480072;220217;38.6;17.7
76;2021-05-26;7573;3611;487645;223828;39.2;18.0
76;2021-05-27;8346;4709;495991;228537;39.9;18.4
76;2021-05-28;8233;6575;504224;235112;40.5;18.9
76;2021-05-29;6223;3521;510447;238633;41.0;19.2
76;2021-05-30;3147;431;513594;239064;41.3;19.2
76;2021-05-31;8169;3973;521763;243037;41.9;19.5
76;2021-06-01;9212;5035;530975;248072;42.7;19.9
76;2021-06-02;7932;4447;538907;252519;43.3;20.3
76;2021-06-03;9539;5411;548446;257930;44.1;20.7
76;2021-06-04;9244;6695;557690;264625;44.8;21.3
76;2021-06-05;6289;3819;563979;268444;45.3;21.6
76;2021-06-06;2554;649;566533;269093;45.5;21.6
76;2021-06-07;6983;5453;573516;274546;46.1;22.1
76;2021-06-08;8655;6288;582171;280834;46.8;22.6
76;2021-06-09;7215;6084;589386;286918;47.4;23.1
76;2021-06-10;7993;6570;597379;293488;48.0;23.6
76;2021-06-11;7581;8238;604960;301726;48.6;24.3
76;2021-06-12;7166;5876;612126;307602;49.2;24.7
76;2021-06-13;2961;1295;615087;308897;49.5;24.8
76;2021-06-14;6490;6740;621577;315637;50.0;25.4
76;2021-06-15;6298;7466;627875;323103;50.5;26.0
76;2021-06-16;6655;7483;634530;330586;51.0;26.6
76;2021-06-17;7007;7759;641537;338345;51.6;27.2
76;2021-06-18;7689;9241;649226;347586;52.2;27.9
76;2021-06-19;5986;6264;655212;353850;52.7;28.4
76;2021-06-20;2811;1816;658023;355666;52.9;28.6
76;2021-06-21;5589;8175;663612;363841;53.4;29.3
76;2021-06-22;4925;9881;668537;373722;53.8;30.0
76;2021-06-23;4730;9435;673267;383157;54.1;30.8
76;2021-06-24;4797;9920;678064;393077;54.5;31.6
76;2021-06-25;5225;11576;683289;404653;54.9;32.5
76;2021-06-26;3454;7878;686743;412531;55.2;33.2
76;2021-06-27;1367;5164;688110;417695;55.3;33.6
76;2021-06-28;3615;9949;691725;427644;55.6;34.4
76;2021-06-29;3875;10233;695600;437877;55.9;35.2
76;2021-06-30;4271;9839;699871;447716;56.3;36.0
76;2021-07-01;4593;9909;704464;457625;56.6;36.8
76;2021-07-02;4369;12012;708833;469637;57.0;37.8
76;2021-07-03;3587;8453;712420;478090;57.3;38.4
76;2021-07-04;1487;5304;713907;483394;57.4;38.9
76;2021-07-05;3954;9332;717861;492726;57.7;39.6
76;2021-07-06;4055;10079;721916;502805;58.0;40.4
76;2021-07-07;4014;9329;725930;512134;58.4;41.2
76;2021-07-08;4466;9456;730396;521590;58.7;41.9
76;2021-07-09;4366;12411;734762;534001;59.1;42.9
76;2021-07-10;3138;8553;737900;542554;59.3;43.6
76;2021-07-11;1777;2819;739677;545373;59.5;43.8
76;2021-07-12;3156;11150;742833;556523;59.7;44.7
76;2021-07-13;4938;12262;747771;568785;60.1;45.7
76;2021-07-14;4804;5542;752575;574327;60.5;46.2
76;2021-07-15;5914;11791;758489;586118;61.0;47.1
76;2021-07-16;6721;12016;765210;598134;61.5;48.1
76;2021-07-17;5279;8705;770489;606839;61.9;48.8
76;2021-07-18;2258;3357;772747;610196;62.1;49.1
76;2021-07-19;5158;11151;777905;621347;62.5;50.0
76;2021-07-20;6276;11628;784181;632975;63.0;50.9
76;2021-07-21;6338;10562;790519;643537;63.6;51.7
76;2021-07-22;8240;9653;798759;653190;64.2;52.5
76;2021-07-23;7638;11997;806397;665187;64.8;53.5
76;2021-07-24;4993;7715;811390;672902;65.2;54.1
76;2021-07-25;2869;3142;814259;676044;65.5;54.4
76;2021-07-26;5437;10150;819696;686194;65.9;55.2
76;2021-07-27;8327;9557;828023;695751;66.6;55.9
76;2021-07-28;8243;7814;836266;703565;67.2;56.6
76;2021-07-29;9573;6972;845839;710537;68.0;57.1
76;2021-07-30;7998;7834;853837;718371;68.6;57.8
76;2021-07-31;6596;5324;860433;723695;69.2;58.2
76;2021-08-01;3862;2080;864295;725775;69.5;58.4
76;2021-08-02;6551;7098;870846;732873;70.0;58.9
76;2021-08-03;7959;6350;878805;739223;70.7;59.4
76;2021-08-04;7224;5849;886029;745072;71.2;59.9
76;2021-08-05;8019;5708;894048;750780;71.9;60.4
76;2021-08-06;6745;6871;900793;757651;72.4;60.9
76;2021-08-07;4769;4376;905562;762027;72.8;61.3
76;2021-08-08;2402;2155;907964;764182;73.0;61.4
76;2021-08-09;5592;6735;913556;770917;73.4;62.0
76;2021-08-10;6329;6547;919885;777464;74.0;62.5
76;2021-08-11;6437;5485;926322;782949;74.5;62.9
76;2021-08-12;6010;6058;932332;789007;75.0;63.4
76;2021-08-13;5028;6205;937360;795212;75.4;63.9
76;2021-08-14;3820;4591;941180;799803;75.7;64.3
76;2021-08-15;1573;2352;942753;802155;75.8;64.5
76;2021-08-16;3613;6716;946366;808871;76.1;65.0
76;2021-08-17;3886;6938;950252;815809;76.4;65.6
76;2021-08-18;3727;6737;953979;822546;76.7;66.1
76;2021-08-19;3360;7164;957339;829710;77.0;66.7
76;2021-08-20;3413;7817;960752;837527;77.2;67.3
76;2021-08-21;1812;4215;962564;841742;77.4;67.7
76;2021-08-22;859;3290;963423;845032;77.5;67.9
76;2021-08-23;2614;7747;966037;852779;77.7;68.6
76;2021-08-24;2813;7570;968850;860349;77.9;69.2
76;2021-08-25;2542;7061;971392;867410;78.1;69.7
77;2020-12-27;1;0;1;0;0.0;0.0
77;2020-12-28;1;0;2;0;0.0;0.0
77;2020-12-29;0;0;2;0;0.0;0.0
77;2020-12-30;0;0;2;0;0.0;0.0
77;2020-12-31;0;0;2;0;0.0;0.0
77;2021-01-01;4;0;6;0;0.0;0.0
77;2021-01-02;0;0;6;0;0.0;0.0
77;2021-01-03;0;0;6;0;0.0;0.0
77;2021-01-04;7;0;13;0;0.0;0.0
77;2021-01-05;199;0;212;0;0.0;0.0
77;2021-01-06;235;2;447;2;0.0;0.0
77;2021-01-07;521;3;968;5;0.1;0.0
77;2021-01-08;620;0;1588;5;0.1;0.0
77;2021-01-09;273;1;1861;6;0.1;0.0
77;2021-01-10;235;2;2096;8;0.1;0.0
77;2021-01-11;783;2;2879;10;0.2;0.0
77;2021-01-12;884;1;3763;11;0.3;0.0
77;2021-01-13;937;2;4700;13;0.3;0.0
77;2021-01-14;848;7;5548;20;0.4;0.0
77;2021-01-15;859;11;6407;31;0.5;0.0
77;2021-01-16;168;1;6575;32;0.5;0.0
77;2021-01-17;132;2;6707;34;0.5;0.0
77;2021-01-18;1194;5;7901;39;0.6;0.0
77;2021-01-19;1721;20;9622;59;0.7;0.0
77;2021-01-20;2541;5;12163;64;0.9;0.0
77;2021-01-21;2053;24;14216;88;1.0;0.0
77;2021-01-22;1147;8;15363;96;1.1;0.0
77;2021-01-23;350;0;15713;96;1.1;0.0
77;2021-01-24;44;0;15757;96;1.1;0.0
77;2021-01-25;941;24;16698;120;1.2;0.0
77;2021-01-26;1714;23;18412;143;1.3;0.0
77;2021-01-27;1363;28;19775;171;1.4;0.0
77;2021-01-28;1698;96;21473;267;1.5;0.0
77;2021-01-29;1285;146;22758;413;1.6;0.0
77;2021-01-30;211;2;22969;415;1.6;0.0
77;2021-01-31;1;0;22970;415;1.6;0.0
77;2021-02-01;569;210;23539;625;1.7;0.0
77;2021-02-02;871;266;24410;891;1.7;0.1
77;2021-02-03;795;526;25205;1417;1.8;0.1
77;2021-02-04;789;806;25994;2223;1.8;0.2
77;2021-02-05;857;851;26851;3074;1.9;0.2
77;2021-02-06;165;101;27016;3175;1.9;0.2
77;2021-02-07;16;92;27032;3267;1.9;0.2
77;2021-02-08;495;939;27527;4206;1.9;0.3
77;2021-02-09;589;1463;28116;5669;2.0;0.4
77;2021-02-10;1029;1836;29145;7505;2.0;0.5
77;2021-02-11;1059;1651;30204;9156;2.1;0.6
77;2021-02-12;1098;1173;31302;10329;2.2;0.7
77;2021-02-13;187;175;31489;10504;2.2;0.7
77;2021-02-14;12;56;31501;10560;2.2;0.7
77;2021-02-15;555;1026;32056;11586;2.3;0.8
77;2021-02-16;599;1540;32655;13126;2.3;0.9
77;2021-02-17;515;1189;33170;14315;2.3;1.0
77;2021-02-18;840;1622;34010;15937;2.4;1.1
77;2021-02-19;776;1131;34786;17068;2.4;1.2
77;2021-02-20;54;179;34840;17247;2.4;1.2
77;2021-02-21;7;31;34847;17278;2.4;1.2
77;2021-02-22;303;772;35150;18050;2.5;1.3
77;2021-02-23;360;1131;35510;19181;2.5;1.3
77;2021-02-24;513;898;36023;20079;2.5;1.4
77;2021-02-25;793;970;36816;21049;2.6;1.5
77;2021-02-26;841;839;37657;21888;2.6;1.5
77;2021-02-27;460;169;38117;22057;2.7;1.5
77;2021-02-28;33;5;38150;22062;2.7;1.5
77;2021-03-01;676;712;38826;22774;2.7;1.6
77;2021-03-02;1093;1028;39919;23802;2.8;1.7
77;2021-03-03;1955;1179;41874;24981;2.9;1.8
77;2021-03-04;2799;1134;44673;26115;3.1;1.8
77;2021-03-05;3379;1050;48052;27165;3.4;1.9
77;2021-03-06;4824;266;52876;27431;3.7;1.9
77;2021-03-07;3193;116;56069;27547;3.9;1.9
77;2021-03-08;1230;506;57299;28053;4.0;2.0
77;2021-03-09;2504;633;59803;28686;4.2;2.0
77;2021-03-10;2398;577;62201;29263;4.4;2.1
77;2021-03-11;3500;786;65701;30049;4.6;2.1
77;2021-03-12;3889;686;69590;30735;4.9;2.2
77;2021-03-13;4481;204;74071;30939;5.2;2.2
77;2021-03-14;2152;121;76223;31060;5.4;2.2
77;2021-03-15;2509;279;78732;31339;5.5;2.2
77;2021-03-16;2444;377;81176;31716;5.7;2.2
77;2021-03-17;2551;426;83727;32142;5.9;2.3
77;2021-03-18;3010;400;86737;32542;6.1;2.3
77;2021-03-19;3358;437;90095;32979;6.3;2.3
77;2021-03-20;1966;75;92061;33054;6.5;2.3
77;2021-03-21;242;13;92303;33067;6.5;2.3
77;2021-03-22;3021;405;95324;33472;6.7;2.4
77;2021-03-23;4520;528;99844;34000;7.0;2.4
77;2021-03-24;4152;615;103996;34615;7.3;2.4
77;2021-03-25;5908;407;109904;35022;7.7;2.5
77;2021-03-26;6269;447;116173;35469;8.2;2.5
77;2021-03-27;3321;121;119494;35590;8.4;2.5
77;2021-03-28;1730;45;121224;35635;8.5;2.5
77;2021-03-29;2654;688;123878;36323;8.7;2.6
77;2021-03-30;3995;1193;127873;37516;9.0;2.6
77;2021-03-31;3753;1221;131626;38737;9.2;2.7
77;2021-04-01;4142;1820;135768;40557;9.5;2.8
77;2021-04-02;3991;2010;139759;42567;9.8;3.0
77;2021-04-03;1745;2280;141504;44847;9.9;3.2
77;2021-04-04;423;1427;141927;46274;10.0;3.3
77;2021-04-05;160;164;142087;46438;10.0;3.3
77;2021-04-06;2718;1923;144805;48361;10.2;3.4
77;2021-04-07;3318;2084;148123;50445;10.4;3.5
77;2021-04-08;4534;2367;152657;52812;10.7;3.7
77;2021-04-09;4849;2089;157506;54901;11.1;3.9
77;2021-04-10;3074;2750;160580;57651;11.3;4.0
77;2021-04-11;586;717;161166;58368;11.3;4.1
77;2021-04-12;2233;1826;163399;60194;11.5;4.2
77;2021-04-13;3357;2633;166756;62827;11.7;4.4
77;2021-04-14;2522;2647;169278;65474;11.9;4.6
77;2021-04-15;3322;3116;172600;68590;12.1;4.8
77;2021-04-16;3575;2720;176175;71310;12.4;5.0
77;2021-04-17;1386;475;177561;71785;12.5;5.0
77;2021-04-18;150;11;177711;71796;12.5;5.0
77;2021-04-19;2084;2508;179795;74304;12.6;5.2
77;2021-04-20;2572;3381;182367;77685;12.8;5.5
77;2021-04-21;2195;3476;184562;81161;13.0;5.7
77;2021-04-22;3002;3858;187564;85019;13.2;6.0
77;2021-04-23;3530;3636;191094;88655;13.4;6.2
77;2021-04-24;4901;2516;195995;91171;13.8;6.4
77;2021-04-25;4080;1239;200075;92410;14.1;6.5
77;2021-04-26;3226;2041;203301;94451;14.3;6.6
77;2021-04-27;3997;2515;207298;96966;14.6;6.8
77;2021-04-28;4069;2617;211367;99583;14.8;7.0
77;2021-04-29;4481;3081;215848;102664;15.2;7.2
77;2021-04-30;4909;3335;220757;105999;15.5;7.4
77;2021-05-01;2463;594;223220;106593;15.7;7.5
77;2021-05-02;3142;276;226362;106869;15.9;7.5
77;2021-05-03;5989;2067;232351;108936;16.3;7.7
77;2021-05-04;6441;2992;238792;111928;16.8;7.9
77;2021-05-05;6017;3025;244809;114953;17.2;8.1
77;2021-05-06;6887;3595;251696;118548;17.7;8.3
77;2021-05-07;8205;3263;259901;121811;18.3;8.6
77;2021-05-08;5710;810;265611;122621;18.7;8.6
77;2021-05-09;4907;481;270518;123102;19.0;8.6
77;2021-05-10;8089;2329;278607;125431;19.6;8.8
77;2021-05-11;9581;2919;288188;128350;20.2;9.0
77;2021-05-12;8978;2284;297166;130634;20.9;9.2
77;2021-05-13;9305;883;306471;131517;21.5;9.2
77;2021-05-14;10426;1669;316897;133186;22.3;9.4
77;2021-05-15;8993;1249;325890;134435;22.9;9.4
77;2021-05-16;5151;466;331041;134901;23.3;9.5
77;2021-05-17;10373;1478;341414;136379;24.0;9.6
77;2021-05-18;11783;1806;353197;138185;24.8;9.7
77;2021-05-19;10913;1608;364110;139793;25.6;9.8
77;2021-05-20;12214;2157;376324;141950;26.4;10.0
77;2021-05-21;11652;2699;387976;144649;27.3;10.2
77;2021-05-22;9819;1739;397795;146388;27.9;10.3
77;2021-05-23;6987;809;404782;147197;28.4;10.3
77;2021-05-24;6765;775;411547;147972;28.9;10.4
77;2021-05-25;8313;2817;419860;150789;29.5;10.6
77;2021-05-26;7564;2981;427424;153770;30.0;10.8
77;2021-05-27;7553;3962;434977;157732;30.6;11.1
77;2021-05-28;7638;4013;442615;161745;31.1;11.4
77;2021-05-29;7356;2339;449971;164084;31.6;11.5
77;2021-05-30;4361;895;454332;164979;31.9;11.6
77;2021-05-31;8385;3832;462717;168811;32.5;11.9
77;2021-06-01;9645;4384;472362;173195;33.2;12.2
77;2021-06-02;9005;3923;481367;177118;33.8;12.4
77;2021-06-03;9004;5274;490371;182392;34.4;12.8
77;2021-06-04;9119;5491;499490;187883;35.1;13.2
77;2021-06-05;6663;4991;506153;192874;35.6;13.5
77;2021-06-06;4910;3210;511063;196084;35.9;13.8
77;2021-06-07;6417;4544;517480;200628;36.3;14.1
77;2021-06-08;5725;5226;523205;205854;36.8;14.5
77;2021-06-09;5057;4962;528262;210816;37.1;14.8
77;2021-06-10;5013;5465;533275;216281;37.5;15.2
77;2021-06-11;5757;6037;539032;222318;37.9;15.6
77;2021-06-12;6546;4751;545578;227069;38.3;16.0
77;2021-06-13;3507;3051;549085;230120;38.6;16.2
77;2021-06-14;3218;7930;552303;238050;38.8;16.7
77;2021-06-15;4125;8481;556428;246531;39.1;17.3
77;2021-06-16;4807;8377;561235;254908;39.4;17.9
77;2021-06-17;4472;9027;565707;263935;39.7;18.5
77;2021-06-18;4364;9788;570071;273723;40.0;19.2
77;2021-06-19;5306;6934;575377;280657;40.4;19.7
77;2021-06-20;2094;3798;577471;284455;40.6;20.0
77;2021-06-21;3229;9580;580700;294035;40.8;20.7
77;2021-06-22;3669;11373;584369;305408;41.0;21.5
77;2021-06-23;3441;10054;587810;315462;41.3;22.2
77;2021-06-24;3361;10914;591171;326376;41.5;22.9
77;2021-06-25;3624;10805;594795;337181;41.8;23.7
77;2021-06-26;4089;10069;598884;347250;42.1;24.4
77;2021-06-27;2123;6426;601007;353676;42.2;24.8
77;2021-06-28;2800;10832;603807;364508;42.4;25.6
77;2021-06-29;3416;12526;607223;377034;42.7;26.5
77;2021-06-30;3286;11450;610509;388484;42.9;27.3
77;2021-07-01;3279;11660;613788;400144;43.1;28.1
77;2021-07-02;3453;12253;617241;412397;43.4;29.0
77;2021-07-03;3185;10795;620426;423192;43.6;29.7
77;2021-07-04;1995;6492;622421;429684;43.7;30.2
77;2021-07-05;3591;9545;626012;439229;44.0;30.9
77;2021-07-06;3738;9530;629750;448759;44.2;31.5
77;2021-07-07;4060;8957;633810;457716;44.5;32.2
77;2021-07-08;3920;8760;637730;466476;44.8;32.8
77;2021-07-09;4697;10341;642427;476817;45.1;33.5
77;2021-07-10;4047;9842;646474;486659;45.4;34.2
77;2021-07-11;3088;5090;649562;491749;45.6;34.5
77;2021-07-12;3286;10860;652848;502609;45.9;35.3
77;2021-07-13;6115;12031;658963;514640;46.3;36.2
77;2021-07-14;3547;6436;662510;521076;46.5;36.6
77;2021-07-15;7170;11971;669680;533047;47.0;37.4
77;2021-07-16;7816;9898;677496;542945;47.6;38.1
77;2021-07-17;5790;9455;683286;552400;48.0;38.8
77;2021-07-18;4140;5327;687426;557727;48.3;39.2
77;2021-07-19;7494;8940;694920;566667;48.8;39.8
77;2021-07-20;9577;8029;704497;574696;49.5;40.4
77;2021-07-21;9511;7466;714008;582162;50.2;40.9
77;2021-07-22;10509;7521;724517;589683;50.9;41.4
77;2021-07-23;9850;8194;734367;597877;51.6;42.0
77;2021-07-24;7202;7865;741569;605742;52.1;42.5
77;2021-07-25;5880;4026;747449;609768;52.5;42.8
77;2021-07-26;9191;5965;756640;615733;53.1;43.3
77;2021-07-27;10891;6033;767531;621766;53.9;43.7
77;2021-07-28;9431;6408;776962;628174;54.6;44.1
77;2021-07-29;9512;5497;786474;633671;55.2;44.5
77;2021-07-30;9687;6350;796161;640021;55.9;45.0
77;2021-07-31;7235;6632;803396;646653;56.4;45.4
77;2021-08-01;2943;1210;806339;647863;56.6;45.5
77;2021-08-02;7018;5736;813357;653599;57.1;45.9
77;2021-08-03;5757;4498;819114;658097;57.5;46.2
77;2021-08-04;4684;4386;823798;662483;57.9;46.5
77;2021-08-05;3200;2962;826998;665445;58.1;46.7
77;2021-08-06;5829;5254;832827;670699;58.5;47.1
77;2021-08-07;5243;6799;838070;677498;58.9;47.6
77;2021-08-08;1956;1859;840026;679357;59.0;47.7
77;2021-08-09;5020;6588;845046;685945;59.4;48.2
77;2021-08-10;2652;3566;847698;689511;59.5;48.4
77;2021-08-11;3089;6184;850787;695695;59.8;48.9
77;2021-08-12;2238;3560;853025;699255;59.9;49.1
77;2021-08-13;2688;4886;855713;704141;60.1;49.5
77;2021-08-14;2910;7320;858623;711461;60.3;50.0
77;2021-08-15;787;771;859410;712232;60.4;50.0
77;2021-08-16;2357;6977;861767;719209;60.5;50.5
77;2021-08-17;2866;7194;864633;726403;60.7;51.0
77;2021-08-18;2651;6543;867284;732946;60.9;51.5
77;2021-08-19;2620;5097;869904;738043;61.1;51.8
77;2021-08-20;2658;5677;872562;743720;61.3;52.2
77;2021-08-21;2710;7310;875272;751030;61.5;52.8
77;2021-08-22;1729;5333;877001;756363;61.6;53.1
77;2021-08-23;2420;9600;879421;765963;61.8;53.8
77;2021-08-24;3022;9213;882443;775176;62.0;54.5
77;2021-08-25;2498;6506;884941;781682;62.2;54.9
78;2020-12-27;2;0;2;0;0.0;0.0
78;2020-12-28;0;0;2;0;0.0;0.0
78;2020-12-29;0;0;2;0;0.0;0.0
78;2020-12-30;0;0;2;0;0.0;0.0
78;2020-12-31;15;0;17;0;0.0;0.0
78;2021-01-01;1;0;18;0;0.0;0.0
78;2021-01-02;1;0;19;0;0.0;0.0
78;2021-01-03;2;0;21;0;0.0;0.0
78;2021-01-04;145;3;166;3;0.0;0.0
78;2021-01-05;175;1;341;4;0.0;0.0
78;2021-01-06;208;3;549;7;0.0;0.0
78;2021-01-07;469;2;1018;9;0.1;0.0
78;2021-01-08;651;3;1669;12;0.1;0.0
78;2021-01-09;22;0;1691;12;0.1;0.0
78;2021-01-10;2;0;1693;12;0.1;0.0
78;2021-01-11;792;3;2485;15;0.2;0.0
78;2021-01-12;945;5;3430;20;0.2;0.0
78;2021-01-13;740;8;4170;28;0.3;0.0
78;2021-01-14;811;9;4981;37;0.3;0.0
78;2021-01-15;847;10;5828;47;0.4;0.0
78;2021-01-16;32;1;5860;48;0.4;0.0
78;2021-01-17;0;0;5860;48;0.4;0.0
78;2021-01-18;1382;21;7242;69;0.5;0.0
78;2021-01-19;1841;27;9083;96;0.6;0.0
78;2021-01-20;1657;15;10740;111;0.7;0.0
78;2021-01-21;3253;13;13993;124;1.0;0.0
78;2021-01-22;2217;16;16210;140;1.1;0.0
78;2021-01-23;279;0;16489;140;1.1;0.0
78;2021-01-24;5;0;16494;140;1.1;0.0
78;2021-01-25;959;32;17453;172;1.2;0.0
78;2021-01-26;1560;20;19013;192;1.3;0.0
78;2021-01-27;2060;50;21073;242;1.5;0.0
78;2021-01-28;2436;108;23509;350;1.6;0.0
78;2021-01-29;1490;64;24999;414;1.7;0.0
78;2021-01-30;210;3;25209;417;1.7;0.0
78;2021-01-31;3;0;25212;417;1.7;0.0
78;2021-02-01;786;225;25998;642;1.8;0.0
78;2021-02-02;968;346;26966;988;1.9;0.1
78;2021-02-03;975;241;27941;1229;1.9;0.1
78;2021-02-04;1117;447;29058;1676;2.0;0.1
78;2021-02-05;1190;505;30248;2181;2.1;0.2
78;2021-02-06;198;44;30446;2225;2.1;0.2
78;2021-02-07;139;14;30585;2239;2.1;0.2
78;2021-02-08;760;607;31345;2846;2.2;0.2
78;2021-02-09;1122;945;32467;3791;2.2;0.3
78;2021-02-10;1248;1180;33715;4971;2.3;0.3
78;2021-02-11;1819;1893;35534;6864;2.5;0.5
78;2021-02-12;1820;1399;37354;8263;2.6;0.6
78;2021-02-13;173;77;37527;8340;2.6;0.6
78;2021-02-14;26;25;37553;8365;2.6;0.6
78;2021-02-15;446;1431;37999;9796;2.6;0.7
78;2021-02-16;627;1561;38626;11357;2.7;0.8
78;2021-02-17;585;2220;39211;13577;2.7;0.9
78;2021-02-18;996;2277;40207;15854;2.8;1.1
78;2021-02-19;819;1726;41026;17580;2.8;1.2
78;2021-02-20;148;124;41174;17704;2.8;1.2
78;2021-02-21;0;12;41174;17716;2.8;1.2
78;2021-02-22;501;1058;41675;18774;2.9;1.3
78;2021-02-23;540;1125;42215;19899;2.9;1.4
78;2021-02-24;619;1239;42834;21138;3.0;1.5
78;2021-02-25;866;1152;43700;22290;3.0;1.5
78;2021-02-26;1132;1244;44832;23534;3.1;1.6
78;2021-02-27;739;151;45571;23685;3.1;1.6
78;2021-02-28;67;18;45638;23703;3.2;1.6
78;2021-03-01;965;905;46603;24608;3.2;1.7
78;2021-03-02;1725;1059;48328;25667;3.3;1.8
78;2021-03-03;1965;1234;50293;26901;3.5;1.9
78;2021-03-04;2946;1589;53239;28490;3.7;2.0
78;2021-03-05;3253;1661;56492;30151;3.9;2.1
78;2021-03-06;6242;293;62734;30444;4.3;2.1
78;2021-03-07;3444;101;66178;30545;4.6;2.1
78;2021-03-08;1458;762;67636;31307;4.7;2.2
78;2021-03-09;2942;909;70578;32216;4.9;2.2
78;2021-03-10;3076;1119;73654;33335;5.1;2.3
78;2021-03-11;4176;1314;77830;34649;5.4;2.4
78;2021-03-12;5369;1345;83199;35994;5.7;2.5
78;2021-03-13;4655;198;87854;36192;6.1;2.5
78;2021-03-14;1036;41;88890;36233;6.1;2.5
78;2021-03-15;3621;265;92511;36498;6.4;2.5
78;2021-03-16;2565;567;95076;37065;6.6;2.6
78;2021-03-17;2966;440;98042;37505;6.8;2.6
78;2021-03-18;3780;442;101822;37947;7.0;2.6
78;2021-03-19;5317;487;107139;38434;7.4;2.7
78;2021-03-20;2258;128;109397;38562;7.6;2.7
78;2021-03-21;165;7;109562;38569;7.6;2.7
78;2021-03-22;3532;380;113094;38949;7.8;2.7
78;2021-03-23;5230;544;118324;39493;8.2;2.7
78;2021-03-24;4893;548;123217;40041;8.5;2.8
78;2021-03-25;6940;561;130157;40602;9.0;2.8
78;2021-03-26;6939;720;137096;41322;9.5;2.9
78;2021-03-27;3744;194;140840;41516;9.7;2.9
78;2021-03-28;1919;51;142759;41567;9.9;2.9
78;2021-03-29;3865;764;146624;42331;10.1;2.9
78;2021-03-30;5523;1060;152147;43391;10.5;3.0
78;2021-03-31;5330;1289;157477;44680;10.9;3.1
78;2021-04-01;5593;2349;163070;47029;11.3;3.2
78;2021-04-02;5195;2627;168265;49656;11.6;3.4
78;2021-04-03;2198;2564;170463;52220;11.8;3.6
78;2021-04-04;173;14;170636;52234;11.8;3.6
78;2021-04-05;199;19;170835;52253;11.8;3.6
78;2021-04-06;3618;2309;174453;54562;12.0;3.8
78;2021-04-07;4357;2585;178810;57147;12.3;3.9
78;2021-04-08;5525;2676;184335;59823;12.7;4.1
78;2021-04-09;6908;2451;191243;62274;13.2;4.3
78;2021-04-10;3994;1898;195237;64172;13.5;4.4
78;2021-04-11;374;606;195611;64778;13.5;4.5
78;2021-04-12;3531;2368;199142;67146;13.7;4.6
78;2021-04-13;5460;2497;204602;69643;14.1;4.8
78;2021-04-14;4955;3395;209557;73038;14.5;5.0
78;2021-04-15;4616;3848;214173;76886;14.8;5.3
78;2021-04-16;5626;4020;219799;80906;15.2;5.6
78;2021-04-17;3615;715;223414;81621;15.4;5.6
78;2021-04-18;272;42;223686;81663;15.4;5.6
78;2021-04-19;3242;2814;226928;84477;15.7;5.8
78;2021-04-20;4709;3686;231637;88163;16.0;6.1
78;2021-04-21;4533;3508;236170;91671;16.3;6.3
78;2021-04-22;4566;4693;240736;96364;16.6;6.7
78;2021-04-23;5059;4430;245795;100794;17.0;7.0
78;2021-04-24;4865;2623;250660;103417;17.3;7.1
78;2021-04-25;3047;1730;253707;105147;17.5;7.3
78;2021-04-26;4768;3320;258475;108467;17.8;7.5
78;2021-04-27;5470;4312;263945;112779;18.2;7.8
78;2021-04-28;5651;4787;269596;117566;18.6;8.1
78;2021-04-29;6259;4070;275855;121636;19.0;8.4
78;2021-04-30;7209;4467;283064;126103;19.5;8.7
78;2021-05-01;612;255;283676;126358;19.6;8.7
78;2021-05-02;2008;166;285684;126524;19.7;8.7
78;2021-05-03;7460;1276;293144;127800;20.2;8.8
78;2021-05-04;6078;3980;299222;131780;20.7;9.1
78;2021-05-05;7297;4553;306519;136333;21.2;9.4
78;2021-05-06;6478;5180;312997;141513;21.6;9.8
78;2021-05-07;8312;5144;321309;146657;22.2;10.1
78;2021-05-08;2917;1452;324226;148109;22.4;10.2
78;2021-05-09;2819;352;327045;148461;22.6;10.2
78;2021-05-10;7343;4453;334388;152914;23.1;10.6
78;2021-05-11;8142;5416;342530;158330;23.6;10.9
78;2021-05-12;8731;3921;351261;162251;24.2;11.2
78;2021-05-13;6631;600;357892;162851;24.7;11.2
78;2021-05-14;10215;2217;368107;165068;25.4;11.4
78;2021-05-15;4934;2364;373041;167432;25.8;11.6
78;2021-05-16;3697;792;376738;168224;26.0;11.6
78;2021-05-17;8745;1347;385483;169571;26.6;11.7
78;2021-05-18;9884;1886;395367;171457;27.3;11.8
78;2021-05-19;11650;1711;407017;173168;28.1;12.0
78;2021-05-20;11594;2269;418611;175437;28.9;12.1
78;2021-05-21;12127;2631;430738;178068;29.7;12.3
78;2021-05-22;6546;1373;437284;179441;30.2;12.4
78;2021-05-23;3126;390;440410;179831;30.4;12.4
78;2021-05-24;3523;415;443933;180246;30.6;12.4
78;2021-05-25;9988;2504;453921;182750;31.3;12.6
78;2021-05-26;10166;3781;464087;186531;32.0;12.9
78;2021-05-27;10958;4642;475045;191173;32.8;13.2
78;2021-05-28;11415;6035;486460;197208;33.6;13.6
78;2021-05-29;4226;3385;490686;200593;33.9;13.8
78;2021-05-30;135;346;490821;200939;33.9;13.9
78;2021-05-31;7971;5362;498792;206301;34.4;14.2
78;2021-06-01;10030;6531;508822;212832;35.1;14.7
78;2021-06-02;8583;6214;517405;219046;35.7;15.1
78;2021-06-03;9899;6477;527304;225523;36.4;15.6
78;2021-06-04;9794;8150;537098;233673;37.1;16.1
78;2021-06-05;5518;6140;542616;239813;37.5;16.6
78;2021-06-06;2150;2013;544766;241826;37.6;16.7
78;2021-06-07;8124;6522;552890;248348;38.2;17.1
78;2021-06-08;8065;7321;560955;255669;38.7;17.6
78;2021-06-09;7325;6732;568280;262401;39.2;18.1
78;2021-06-10;7112;7109;575392;269510;39.7;18.6
78;2021-06-11;7581;8188;582973;277698;40.2;19.2
78;2021-06-12;6374;2919;589347;280617;40.7;19.4
78;2021-06-13;946;2458;590293;283075;40.7;19.5
78;2021-06-14;3415;9815;593708;292890;41.0;20.2
78;2021-06-15;5802;8294;599510;301184;41.4;20.8
78;2021-06-16;5432;8634;604942;309818;41.8;21.4
78;2021-06-17;5487;8537;610429;318355;42.1;22.0
78;2021-06-18;6167;9797;616596;328152;42.6;22.7
78;2021-06-19;5221;4817;621817;332969;42.9;23.0
78;2021-06-20;624;2838;622441;335807;43.0;23.2
78;2021-06-21;4098;9470;626539;345277;43.3;23.8
78;2021-06-22;3349;10316;629888;355593;43.5;24.5
78;2021-06-23;3838;10392;633726;365985;43.7;25.3
78;2021-06-24;3800;9978;637526;375963;44.0;26.0
78;2021-06-25;4001;13151;641527;389114;44.3;26.9
78;2021-06-26;4211;7957;645738;397071;44.6;27.4
78;2021-06-27;1040;2543;646778;399614;44.6;27.6
78;2021-06-28;3294;10901;650072;410515;44.9;28.3
78;2021-06-29;3538;11252;653610;421767;45.1;29.1
78;2021-06-30;4113;13226;657723;434993;45.4;30.0
78;2021-07-01;3971;12701;661694;447694;45.7;30.9
78;2021-07-02;4257;13938;665951;461632;46.0;31.9
78;2021-07-03;3159;8624;669110;470256;46.2;32.5
78;2021-07-04;761;1742;669871;471998;46.2;32.6
78;2021-07-05;3379;9691;673250;481689;46.5;33.3
78;2021-07-06;3525;12043;676775;493732;46.7;34.1
78;2021-07-07;3761;11609;680536;505341;47.0;34.9
78;2021-07-08;3864;11676;684400;517017;47.2;35.7
78;2021-07-09;4776;12746;689176;529763;47.6;36.6
78;2021-07-10;2624;6607;691800;536370;47.8;37.0
78;2021-07-11;748;2045;692548;538415;47.8;37.2
78;2021-07-12;2997;11742;695545;550157;48.0;38.0
78;2021-07-13;5336;11974;700881;562131;48.4;38.8
78;2021-07-14;2533;4987;703414;567118;48.6;39.1
78;2021-07-15;5665;11956;709079;579074;48.9;40.0
78;2021-07-16;7261;10782;716340;589856;49.4;40.7
78;2021-07-17;4721;4896;721061;594752;49.8;41.1
78;2021-07-18;1122;466;722183;595218;49.9;41.1
78;2021-07-19;3839;10342;726022;605560;50.1;41.8
78;2021-07-20;5575;9924;731597;615484;50.5;42.5
78;2021-07-21;5896;9858;737493;625342;50.9;43.2
78;2021-07-22;5946;9289;743439;634631;51.3;43.8
78;2021-07-23;6211;9220;749650;643851;51.7;44.4
78;2021-07-24;2933;4971;752583;648822;52.0;44.8
78;2021-07-25;986;373;753569;649195;52.0;44.8
78;2021-07-26;4852;6984;758421;656179;52.4;45.3
78;2021-07-27;7556;6898;765977;663077;52.9;45.8
78;2021-07-28;6934;5926;772911;669003;53.4;46.2
78;2021-07-29;7893;5986;780804;674989;53.9;46.6
78;2021-07-30;7641;7045;788445;682034;54.4;47.1
78;2021-07-31;2642;2735;791087;684769;54.6;47.3
78;2021-08-01;104;72;791191;684841;54.6;47.3
78;2021-08-02;2375;2116;793566;686957;54.8;47.4
78;2021-08-03;4214;4250;797780;691207;55.1;47.7
78;2021-08-04;4351;2799;802131;694006;55.4;47.9
78;2021-08-05;3847;3155;805978;697161;55.6;48.1
78;2021-08-06;3843;3712;809821;700873;55.9;48.4
78;2021-08-07;2791;3436;812612;704309;56.1;48.6
78;2021-08-08;475;342;813087;704651;56.1;48.6
78;2021-08-09;1861;1652;814948;706303;56.3;48.8
78;2021-08-10;3381;3967;818329;710270;56.5;49.0
78;2021-08-11;2960;3376;821289;713646;56.7;49.3
78;2021-08-12;2721;3533;824010;717179;56.9;49.5
78;2021-08-13;2833;3172;826843;720351;57.1;49.7
78;2021-08-14;2291;3080;829134;723431;57.2;49.9
78;2021-08-15;273;375;829407;723806;57.3;50.0
78;2021-08-16;900;2338;830307;726144;57.3;50.1
78;2021-08-17;2768;4416;833075;730560;57.5;50.4
78;2021-08-18;2441;3806;835516;734366;57.7;50.7
78;2021-08-19;2222;3571;837738;737937;57.8;50.9
78;2021-08-20;2081;3995;839819;741932;58.0;51.2
78;2021-08-21;1881;3571;841700;745503;58.1;51.5
78;2021-08-22;85;147;841785;745650;58.1;51.5
78;2021-08-23;2141;4230;843926;749880;58.3;51.8
78;2021-08-24;3609;6955;847535;756835;58.5;52.2
78;2021-08-25;3263;6565;850798;763400;58.7;52.7
79;2020-12-27;0;0;0;0;0.0;0.0
79;2020-12-28;3;0;3;0;0.0;0.0
79;2020-12-29;0;0;3;0;0.0;0.0
79;2020-12-30;0;0;3;0;0.0;0.0
79;2020-12-31;0;0;3;0;0.0;0.0
79;2021-01-01;0;0;3;0;0.0;0.0
79;2021-01-02;0;0;3;0;0.0;0.0
79;2021-01-03;0;0;3;0;0.0;0.0
79;2021-01-04;1;0;4;0;0.0;0.0
79;2021-01-05;0;0;4;0;0.0;0.0
79;2021-01-06;0;0;4;0;0.0;0.0
79;2021-01-07;158;0;162;0;0.0;0.0
79;2021-01-08;165;0;327;0;0.1;0.0
79;2021-01-09;98;0;425;0;0.1;0.0
79;2021-01-10;3;0;428;0;0.1;0.0
79;2021-01-11;184;1;612;1;0.2;0.0
79;2021-01-12;245;1;857;2;0.2;0.0
79;2021-01-13;258;0;1115;2;0.3;0.0
79;2021-01-14;505;7;1620;9;0.4;0.0
79;2021-01-15;616;5;2236;14;0.6;0.0
79;2021-01-16;66;0;2302;14;0.6;0.0
79;2021-01-17;0;0;2302;14;0.6;0.0
79;2021-01-18;477;2;2779;16;0.7;0.0
79;2021-01-19;1358;1;4137;17;1.1;0.0
79;2021-01-20;1677;1;5814;18;1.6;0.0
79;2021-01-21;1998;7;7812;25;2.1;0.0
79;2021-01-22;874;4;8686;29;2.3;0.0
79;2021-01-23;65;0;8751;29;2.3;0.0
79;2021-01-24;0;0;8751;29;2.3;0.0
79;2021-01-25;645;7;9396;36;2.5;0.0
79;2021-01-26;590;13;9986;49;2.7;0.0
79;2021-01-27;741;84;10727;133;2.9;0.0
79;2021-01-28;733;150;11460;283;3.1;0.1
79;2021-01-29;492;88;11952;371;3.2;0.1
79;2021-01-30;0;0;11952;371;3.2;0.1
79;2021-01-31;0;0;11952;371;3.2;0.1
79;2021-02-01;207;111;12159;482;3.3;0.1
79;2021-02-02;333;73;12492;555;3.4;0.1
79;2021-02-03;390;60;12882;615;3.5;0.2
79;2021-02-04;324;109;13206;724;3.5;0.2
79;2021-02-05;359;275;13565;999;3.6;0.3
79;2021-02-06;3;0;13568;999;3.6;0.3
79;2021-02-07;22;0;13590;999;3.6;0.3
79;2021-02-08;283;169;13873;1168;3.7;0.3
79;2021-02-09;457;786;14330;1954;3.8;0.5
79;2021-02-10;618;1198;14948;3152;4.0;0.8
79;2021-02-11;777;1236;15725;4388;4.2;1.2
79;2021-02-12;467;768;16192;5156;4.3;1.4
79;2021-02-13;53;74;16245;5230;4.4;1.4
79;2021-02-14;0;0;16245;5230;4.4;1.4
79;2021-02-15;186;507;16431;5737;4.4;1.5
79;2021-02-16;333;733;16764;6470;4.5;1.7
79;2021-02-17;248;877;17012;7347;4.6;2.0
79;2021-02-18;353;945;17365;8292;4.7;2.2
79;2021-02-19;267;564;17632;8856;4.7;2.4
79;2021-02-20;4;22;17636;8878;4.7;2.4
79;2021-02-21;1;0;17637;8878;4.7;2.4
79;2021-02-22;136;462;17773;9340;4.8;2.5
79;2021-02-23;248;567;18021;9907;4.8;2.7
79;2021-02-24;245;543;18266;10450;4.9;2.8
79;2021-02-25;517;469;18783;10919;5.0;2.9
79;2021-02-26;599;398;19382;11317;5.2;3.0
79;2021-02-27;407;5;19789;11322;5.3;3.0
79;2021-02-28;35;0;19824;11322;5.3;3.0
79;2021-03-01;89;361;19913;11683;5.3;3.1
79;2021-03-02;302;508;20215;12191;5.4;3.3
79;2021-03-03;661;544;20876;12735;5.6;3.4
79;2021-03-04;904;571;21780;13306;5.8;3.6
79;2021-03-05;1217;450;22997;13756;6.2;3.7
79;2021-03-06;611;5;23608;13761;6.3;3.7
79;2021-03-07;77;1;23685;13762;6.4;3.7
79;2021-03-08;344;310;24029;14072;6.4;3.8
79;2021-03-09;841;343;24870;14415;6.7;3.9
79;2021-03-10;1146;406;26016;14821;7.0;4.0
79;2021-03-11;1641;327;27657;15148;7.4;4.1
79;2021-03-12;1720;121;29377;15269;7.9;4.1
79;2021-03-13;1136;12;30513;15281;8.2;4.1
79;2021-03-14;50;0;30563;15281;8.2;4.1
79;2021-03-15;497;158;31060;15439;8.3;4.1
79;2021-03-16;735;145;31795;15584;8.5;4.2
79;2021-03-17;577;108;32372;15692;8.7;4.2
79;2021-03-18;553;203;32925;15895;8.8;4.3
79;2021-03-19;662;258;33587;16153;9.0;4.3
79;2021-03-20;1007;14;34594;16167;9.3;4.3
79;2021-03-21;3;0;34597;16167;9.3;4.3
79;2021-03-22;955;207;35552;16374;9.5;4.4
79;2021-03-23;1592;170;37144;16544;10.0;4.4
79;2021-03-24;1829;162;38973;16706;10.5;4.5
79;2021-03-25;2499;190;41472;16896;11.1;4.5
79;2021-03-26;2405;136;43877;17032;11.8;4.6
79;2021-03-27;769;16;44646;17048;12.0;4.6
79;2021-03-28;1;0;44647;17048;12.0;4.6
79;2021-03-29;2148;114;46795;17162;12.6;4.6
79;2021-03-30;2816;62;49611;17224;13.3;4.6
79;2021-03-31;2777;380;52388;17604;14.1;4.7
79;2021-04-01;2696;379;55084;17983;14.8;4.8
79;2021-04-02;2822;393;57906;18376;15.5;4.9
79;2021-04-03;633;54;58539;18430;15.7;4.9
79;2021-04-04;3;0;58542;18430;15.7;4.9
79;2021-04-05;380;4;58922;18434;15.8;4.9
79;2021-04-06;1794;585;60716;19019;16.3;5.1
79;2021-04-07;3117;736;63833;19755;17.1;5.3
79;2021-04-08;2630;694;66463;20449;17.8;5.5
79;2021-04-09;3738;547;70201;20996;18.8;5.6
79;2021-04-10;1466;384;71667;21380;19.2;5.7
79;2021-04-11;4;0;71671;21380;19.2;5.7
79;2021-04-12;1753;354;73424;21734;19.7;5.8
79;2021-04-13;2174;748;75598;22482;20.3;6.0
79;2021-04-14;2481;674;78079;23156;21.0;6.2
79;2021-04-15;2215;667;80294;23823;21.5;6.4
79;2021-04-16;1414;440;81708;24263;21.9;6.5
79;2021-04-17;581;351;82289;24614;22.1;6.6
79;2021-04-18;1;14;82290;24628;22.1;6.6
79;2021-04-19;1089;841;83379;25469;22.4;6.8
79;2021-04-20;1507;1229;84886;26698;22.8;7.2
79;2021-04-21;1419;1440;86305;28138;23.2;7.6
79;2021-04-22;1572;1084;87877;29222;23.6;7.8
79;2021-04-23;1318;1188;89195;30410;23.9;8.2
79;2021-04-24;653;462;89848;30872;24.1;8.3
79;2021-04-25;1;0;89849;30872;24.1;8.3
79;2021-04-26;1343;1812;91192;32684;24.5;8.8
79;2021-04-27;1898;2352;93090;35036;25.0;9.4
79;2021-04-28;1456;2868;94546;37904;25.4;10.2
79;2021-04-29;2105;2255;96651;40159;25.9;10.8
79;2021-04-30;2114;2462;98765;42621;26.5;11.4
79;2021-05-01;519;378;99284;42999;26.6;11.5
79;2021-05-02;1;11;99285;43010;26.6;11.5
79;2021-05-03;1182;1292;100467;44302;27.0;11.9
79;2021-05-04;1733;2331;102200;46633;27.4;12.5
79;2021-05-05;1695;2483;103895;49116;27.9;13.2
79;2021-05-06;2328;2223;106223;51339;28.5;13.8
79;2021-05-07;2086;2804;108309;54143;29.1;14.5
79;2021-05-08;199;506;108508;54649;29.1;14.7
79;2021-05-09;0;0;108508;54649;29.1;14.7
79;2021-05-10;1584;1787;110092;56436;29.5;15.1
79;2021-05-11;2310;1649;112402;58085;30.2;15.6
79;2021-05-12;1999;2678;114401;60763;30.7;16.3
79;2021-05-13;640;290;115041;61053;30.9;16.4
79;2021-05-14;2100;673;117141;61726;31.4;16.6
79;2021-05-15;1399;499;118540;62225;31.8;16.7
79;2021-05-16;1;22;118541;62247;31.8;16.7
79;2021-05-17;1876;1085;120417;63332;32.3;17.0
79;2021-05-18;2971;1272;123388;64604;33.1;17.3
79;2021-05-19;2897;968;126285;65572;33.9;17.6
79;2021-05-20;3105;1247;129390;66819;34.7;17.9
79;2021-05-21;2768;1066;132158;67885;35.5;18.2
79;2021-05-22;1084;261;133242;68146;35.8;18.3
79;2021-05-23;1;0;133243;68146;35.8;18.3
79;2021-05-24;161;20;133404;68166;35.8;18.3
79;2021-05-25;3199;990;136603;69156;36.7;18.6
79;2021-05-26;3314;853;139917;70009;37.5;18.8
79;2021-05-27;3589;1718;143506;71727;38.5;19.2
79;2021-05-28;3329;1822;146835;73549;39.4;19.7
79;2021-05-29;1073;450;147908;73999;39.7;19.9
79;2021-05-30;3;1;147911;74000;39.7;19.9
79;2021-05-31;2382;733;150293;74733;40.3;20.1
79;2021-06-01;3021;1575;153314;76308;41.1;20.5
79;2021-06-02;4065;1167;157379;77475;42.2;20.8
79;2021-06-03;4089;1756;161468;79231;43.3;21.3
79;2021-06-04;4144;2033;165612;81264;44.4;21.8
79;2021-06-05;2802;759;168414;82023;45.2;22.0
79;2021-06-06;696;39;169110;82062;45.4;22.0
79;2021-06-07;2809;1412;171919;83474;46.1;22.4
79;2021-06-08;2982;2067;174901;85541;46.9;23.0
79;2021-06-09;3630;1938;178531;87479;47.9;23.5
79;2021-06-10;3020;1975;181551;89454;48.7;24.0
79;2021-06-11;3767;2314;185318;91768;49.7;24.6
79;2021-06-12;1706;609;187024;92377;50.2;24.8
79;2021-06-13;214;24;187238;92401;50.2;24.8
79;2021-06-14;1247;1692;188485;94093;50.6;25.3
79;2021-06-15;1880;2362;190365;96455;51.1;25.9
79;2021-06-16;2206;2248;192571;98703;51.7;26.5
79;2021-06-17;2238;2616;194809;101319;52.3;27.2
79;2021-06-18;2413;2324;197222;103643;52.9;27.8
79;2021-06-19;1246;582;198468;104225;53.3;28.0
79;2021-06-20;3;2;198471;104227;53.3;28.0
79;2021-06-21;1233;2282;199704;106509;53.6;28.6
79;2021-06-22;1548;2875;201252;109384;54.0;29.4
79;2021-06-23;1771;2548;203023;111932;54.5;30.0
79;2021-06-24;2107;2005;205130;113937;55.0;30.6
79;2021-06-25;1488;2843;206618;116780;55.4;31.3
79;2021-06-26;870;809;207488;117589;55.7;31.6
79;2021-06-27;13;6;207501;117595;55.7;31.6
79;2021-06-28;1056;2622;208557;120217;56.0;32.3
79;2021-06-29;1474;3550;210031;123767;56.4;33.2
79;2021-06-30;1355;3448;211386;127215;56.7;34.1
79;2021-07-01;1203;3785;212589;131000;57.1;35.2
79;2021-07-02;1490;3347;214079;134347;57.5;36.1
79;2021-07-03;399;1502;214478;135849;57.6;36.5
79;2021-07-04;2;9;214480;135858;57.6;36.5
79;2021-07-05;751;2118;215231;137976;57.8;37.0
79;2021-07-06;947;3666;216178;141642;58.0;38.0
79;2021-07-07;1332;4307;217510;145949;58.4;39.2
79;2021-07-08;1101;4044;218611;149993;58.7;40.3
79;2021-07-09;837;3719;219448;153712;58.9;41.3
79;2021-07-10;515;1316;219963;155028;59.0;41.6
79;2021-07-11;2;12;219965;155040;59.0;41.6
79;2021-07-12;545;3693;220510;158733;59.2;42.6
79;2021-07-13;999;5188;221509;163921;59.4;44.0
79;2021-07-14;133;874;221642;164795;59.5;44.2
79;2021-07-15;1231;4684;222873;169479;59.8;45.5
79;2021-07-16;1331;4363;224204;173842;60.2;46.7
79;2021-07-17;575;2423;224779;176265;60.3;47.3
79;2021-07-18;44;498;224823;176763;60.3;47.4
79;2021-07-19;735;3318;225558;180081;60.5;48.3
79;2021-07-20;1226;3948;226784;184029;60.9;49.4
79;2021-07-21;1179;4198;227963;188227;61.2;50.5
79;2021-07-22;1354;3980;229317;192207;61.5;51.6
79;2021-07-23;1350;4558;230667;196765;61.9;52.8
79;2021-07-24;865;1499;231532;198264;62.1;53.2
79;2021-07-25;55;326;231587;198590;62.1;53.3
79;2021-07-26;1374;2599;232961;201189;62.5;54.0
79;2021-07-27;2084;2998;235045;204187;63.1;54.8
79;2021-07-28;2496;2494;237541;206681;63.7;55.5
79;2021-07-29;3005;2860;240546;209541;64.6;56.2
79;2021-07-30;2135;2827;242681;212368;65.1;57.0
79;2021-07-31;885;1158;243566;213526;65.4;57.3
79;2021-08-01;3;3;243569;213529;65.4;57.3
79;2021-08-02;1791;1544;245360;215073;65.8;57.7
79;2021-08-03;2816;2050;248176;217123;66.6;58.3
79;2021-08-04;2983;1745;251159;218868;67.4;58.7
79;2021-08-05;2890;2215;254049;221083;68.2;59.3
79;2021-08-06;2519;1641;256568;222724;68.9;59.8
79;2021-08-07;869;814;257437;223538;69.1;60.0
79;2021-08-08;0;3;257437;223541;69.1;60.0
79;2021-08-09;2485;1084;259922;224625;69.8;60.3
79;2021-08-10;2970;1542;262892;226167;70.6;60.7
79;2021-08-11;2572;1660;265464;227827;71.2;61.1
79;2021-08-12;2762;1427;268226;229254;72.0;61.5
79;2021-08-13;2841;1061;271067;230315;72.7;61.8
79;2021-08-14;517;391;271584;230706;72.9;61.9
79;2021-08-15;6;5;271590;230711;72.9;61.9
79;2021-08-16;1761;1197;273351;231908;73.4;62.2
79;2021-08-17;2096;1591;275447;233499;73.9;62.7
79;2021-08-18;1919;1912;277366;235411;74.4;63.2
79;2021-08-19;1612;1707;278978;237118;74.9;63.6
79;2021-08-20;1507;2158;280485;239276;75.3;64.2
79;2021-08-21;236;542;280721;239818;75.3;64.4
79;2021-08-22;1;21;280722;239839;75.3;64.4
79;2021-08-23;858;2175;281580;242014;75.6;64.9
79;2021-08-24;1063;2482;282643;244496;75.9;65.6
79;2021-08-25;1042;2751;283685;247247;76.1;66.4
80;2020-12-27;0;0;0;0;0.0;0.0
80;2020-12-28;0;0;0;0;0.0;0.0
80;2020-12-29;11;0;11;0;0.0;0.0
80;2020-12-30;0;0;11;0;0.0;0.0
80;2020-12-31;0;0;11;0;0.0;0.0
80;2021-01-01;0;0;11;0;0.0;0.0
80;2021-01-02;0;0;11;0;0.0;0.0
80;2021-01-03;1;0;12;0;0.0;0.0
80;2021-01-04;0;0;12;0;0.0;0.0
80;2021-01-05;0;0;12;0;0.0;0.0
80;2021-01-06;30;0;42;0;0.0;0.0
80;2021-01-07;276;2;318;2;0.1;0.0
80;2021-01-08;330;0;648;2;0.1;0.0
80;2021-01-09;108;0;756;2;0.1;0.0
80;2021-01-10;21;0;777;2;0.1;0.0
80;2021-01-11;276;0;1053;2;0.2;0.0
80;2021-01-12;428;1;1481;3;0.3;0.0
80;2021-01-13;514;3;1995;6;0.4;0.0
80;2021-01-14;453;4;2448;10;0.4;0.0
80;2021-01-15;330;1;2778;11;0.5;0.0
80;2021-01-16;103;1;2881;12;0.5;0.0
80;2021-01-17;102;1;2983;13;0.5;0.0
80;2021-01-18;412;2;3395;15;0.6;0.0
80;2021-01-19;962;16;4357;31;0.8;0.0
80;2021-01-20;1086;9;5443;40;1.0;0.0
80;2021-01-21;1010;9;6453;49;1.1;0.0
80;2021-01-22;1113;4;7566;53;1.3;0.0
80;2021-01-23;908;2;8474;55;1.5;0.0
80;2021-01-24;824;5;9298;60;1.6;0.0
80;2021-01-25;1541;9;10839;69;1.9;0.0
80;2021-01-26;1480;11;12319;80;2.2;0.0
80;2021-01-27;822;27;13141;107;2.3;0.0
80;2021-01-28;623;173;13764;280;2.4;0.0
80;2021-01-29;637;217;14401;497;2.5;0.1
80;2021-01-30;85;59;14486;556;2.5;0.1
80;2021-01-31;0;0;14486;556;2.5;0.1
80;2021-02-01;26;254;14512;810;2.5;0.1
80;2021-02-02;21;444;14533;1254;2.6;0.2
80;2021-02-03;29;542;14562;1796;2.6;0.3
80;2021-02-04;278;349;14840;2145;2.6;0.4
80;2021-02-05;347;211;15187;2356;2.7;0.4
80;2021-02-06;168;70;15355;2426;2.7;0.4
80;2021-02-07;1;0;15356;2426;2.7;0.4
80;2021-02-08;426;242;15782;2668;2.8;0.5
80;2021-02-09;686;244;16468;2912;2.9;0.5
80;2021-02-10;606;496;17074;3408;3.0;0.6
80;2021-02-11;861;353;17935;3761;3.1;0.7
80;2021-02-12;944;314;18879;4075;3.3;0.7
80;2021-02-13;196;427;19075;4502;3.3;0.8
80;2021-02-14;78;572;19153;5074;3.4;0.9
80;2021-02-15;606;1017;19759;6091;3.5;1.1
80;2021-02-16;688;1135;20447;7226;3.6;1.3
80;2021-02-17;485;1175;20932;8401;3.7;1.5
80;2021-02-18;569;1138;21501;9539;3.8;1.7
80;2021-02-19;503;850;22004;10389;3.9;1.8
80;2021-02-20;22;512;22026;10901;3.9;1.9
80;2021-02-21;47;46;22073;10947;3.9;1.9
80;2021-02-22;149;576;22222;11523;3.9;2.0
80;2021-02-23;471;690;22693;12213;4.0;2.1
80;2021-02-24;431;677;23124;12890;4.1;2.3
80;2021-02-25;815;540;23939;13430;4.2;2.4
80;2021-02-26;1062;521;25001;13951;4.4;2.4
80;2021-02-27;476;72;25477;14023;4.5;2.5
80;2021-02-28;49;24;25526;14047;4.5;2.5
80;2021-03-01;728;68;26254;14115;4.6;2.5
80;2021-03-02;1014;92;27268;14207;4.8;2.5
80;2021-03-03;982;55;28250;14262;5.0;2.5
80;2021-03-04;1391;237;29641;14499;5.2;2.5
80;2021-03-05;1874;331;31515;14830;5.5;2.6
80;2021-03-06;2918;332;34433;15162;6.0;2.7
80;2021-03-07;1842;82;36275;15244;6.4;2.7
80;2021-03-08;715;609;36990;15853;6.5;2.8
80;2021-03-09;1310;910;38300;16763;6.7;2.9
80;2021-03-10;1724;753;40024;17516;7.0;3.1
80;2021-03-11;1910;825;41934;18341;7.4;3.2
80;2021-03-12;3138;744;45072;19085;7.9;3.3
80;2021-03-13;4006;206;49078;19291;8.6;3.4
80;2021-03-14;350;14;49428;19305;8.7;3.4
80;2021-03-15;1014;248;50442;19553;8.9;3.4
80;2021-03-16;882;344;51324;19897;9.0;3.5
80;2021-03-17;665;278;51989;20175;9.1;3.5
80;2021-03-18;1002;297;52991;20472;9.3;3.6
80;2021-03-19;1738;383;54729;20855;9.6;3.7
80;2021-03-20;3822;115;58551;20970;10.3;3.7
80;2021-03-21;486;31;59037;21001;10.4;3.7
80;2021-03-22;903;289;59940;21290;10.5;3.7
80;2021-03-23;1713;416;61653;21706;10.8;3.8
80;2021-03-24;1755;465;63408;22171;11.1;3.9
80;2021-03-25;2714;450;66122;22621;11.6;4.0
80;2021-03-26;3104;422;69226;23043;12.1;4.0
80;2021-03-27;2234;226;71460;23269;12.5;4.1
80;2021-03-28;676;95;72136;23364;12.7;4.1
80;2021-03-29;1980;753;74116;24117;13.0;4.2
80;2021-03-30;1969;871;76085;24988;13.4;4.4
80;2021-03-31;1495;982;77580;25970;13.6;4.6
80;2021-04-01;1952;1489;79532;27459;14.0;4.8
80;2021-04-02;2811;1574;82343;29033;14.5;5.1
80;2021-04-03;3046;856;85389;29889;15.0;5.2
80;2021-04-04;134;8;85523;29897;15.0;5.2
80;2021-04-05;684;199;86207;30096;15.1;5.3
80;2021-04-06;1280;965;87487;31061;15.4;5.5
80;2021-04-07;1623;1199;89110;32260;15.6;5.7
80;2021-04-08;2154;840;91264;33100;16.0;5.8
80;2021-04-09;3529;1348;94793;34448;16.6;6.0
80;2021-04-10;2738;1943;97531;36391;17.1;6.4
80;2021-04-11;189;177;97720;36568;17.2;6.4
80;2021-04-12;1813;486;99533;37054;17.5;6.5
80;2021-04-13;2384;1035;101917;38089;17.9;6.7
80;2021-04-14;2769;1147;104686;39236;18.4;6.9
80;2021-04-15;3731;871;108417;40107;19.0;7.0
80;2021-04-16;3337;872;111754;40979;19.6;7.2
80;2021-04-17;1653;2298;113407;43277;19.9;7.6
80;2021-04-18;372;390;113779;43667;20.0;7.7
80;2021-04-19;951;775;114730;44442;20.1;7.8
80;2021-04-20;1612;816;116342;45258;20.4;7.9
80;2021-04-21;1612;998;117954;46256;20.7;8.1
80;2021-04-22;2166;1251;120120;47507;21.1;8.3
80;2021-04-23;2639;1248;122759;48755;21.5;8.6
80;2021-04-24;1358;1193;124117;49948;21.8;8.8
80;2021-04-25;209;532;124326;50480;21.8;8.9
80;2021-04-26;1295;1444;125621;51924;22.0;9.1
80;2021-04-27;2024;1397;127645;53321;22.4;9.4
80;2021-04-28;2199;1395;129844;54716;22.8;9.6
80;2021-04-29;3218;1882;133062;56598;23.4;9.9
80;2021-04-30;3081;2856;136143;59454;23.9;10.4
80;2021-05-01;987;658;137130;60112;24.1;10.6
80;2021-05-02;371;53;137501;60165;24.1;10.6
80;2021-05-03;2722;1185;140223;61350;24.6;10.8
80;2021-05-04;2496;1707;142719;63057;25.0;11.1
80;2021-05-05;3365;1897;146084;64954;25.6;11.4
80;2021-05-06;3172;2553;149256;67507;26.2;11.8
80;2021-05-07;3455;2696;152711;70203;26.8;12.3
80;2021-05-08;2783;926;155494;71129;27.3;12.5
80;2021-05-09;1408;268;156902;71397;27.5;12.5
80;2021-05-10;1881;1833;158783;73230;27.9;12.9
80;2021-05-11;3276;1803;162059;75033;28.4;13.2
80;2021-05-12;4702;1575;166761;76608;29.3;13.4
80;2021-05-13;3836;368;170597;76976;29.9;13.5
80;2021-05-14;5190;1402;175787;78378;30.9;13.8
80;2021-05-15;5918;1055;181705;79433;31.9;13.9
80;2021-05-16;2678;308;184383;79741;32.4;14.0
80;2021-05-17;2372;818;186755;80559;32.8;14.1
80;2021-05-18;3948;855;190703;81414;33.5;14.3
80;2021-05-19;4020;945;194723;82359;34.2;14.5
80;2021-05-20;4569;1220;199292;83579;35.0;14.7
80;2021-05-21;4891;1670;204183;85249;35.8;15.0
80;2021-05-22;5032;1156;209215;86405;36.7;15.2
80;2021-05-23;1783;241;210998;86646;37.0;15.2
80;2021-05-24;1468;159;212466;86805;37.3;15.2
80;2021-05-25;2622;1135;215088;87940;37.8;15.4
80;2021-05-26;4250;1703;219338;89643;38.5;15.7
80;2021-05-27;3978;2470;223316;92113;39.2;16.2
80;2021-05-28;3866;2980;227182;95093;39.9;16.7
80;2021-05-29;3699;1634;230881;96727;40.5;17.0
80;2021-05-30;1182;198;232063;96925;40.7;17.0
80;2021-05-31;2604;1373;234667;98298;41.2;17.3
80;2021-06-01;4031;2435;238698;100733;41.9;17.7
80;2021-06-02;3336;2009;242034;102742;42.5;18.0
80;2021-06-03;4267;2931;246301;105673;43.2;18.5
80;2021-06-04;4794;3084;251095;108757;44.1;19.1
80;2021-06-05;3561;2078;254656;110835;44.7;19.5
80;2021-06-06;802;211;255458;111046;44.8;19.5
80;2021-06-07;1752;1945;257210;112991;45.1;19.8
80;2021-06-08;2746;2559;259956;115550;45.6;20.3
80;2021-06-09;3009;2732;262965;118282;46.2;20.8
80;2021-06-10;3168;3171;266133;121453;46.7;21.3
80;2021-06-11;3224;3894;269357;125347;47.3;22.0
80;2021-06-12;3043;2327;272400;127674;47.8;22.4
80;2021-06-13;473;405;272873;128079;47.9;22.5
80;2021-06-14;1265;2851;274138;130930;48.1;23.0
80;2021-06-15;2314;3422;276452;134352;48.5;23.6
80;2021-06-16;1563;4215;278015;138567;48.8;24.3
80;2021-06-17;2362;3625;280377;142192;49.2;25.0
80;2021-06-18;2554;3905;282931;146097;49.7;25.6
80;2021-06-19;2989;4342;285920;150439;50.2;26.4
80;2021-06-20;203;1077;286123;151516;50.2;26.6
80;2021-06-21;1016;2618;287139;154134;50.4;27.1
80;2021-06-22;1151;3935;288290;158069;50.6;27.7
80;2021-06-23;1855;5292;290145;163361;50.9;28.7
80;2021-06-24;1702;4687;291847;168048;51.2;29.5
80;2021-06-25;1375;6124;293222;174172;51.5;30.6
80;2021-06-26;1936;6181;295158;180353;51.8;31.7
80;2021-06-27;332;2031;295490;182384;51.9;32.0
80;2021-06-28;909;3169;296399;185553;52.0;32.6
80;2021-06-29;1922;4620;298321;190173;52.4;33.4
80;2021-06-30;1251;4781;299572;194954;52.6;34.2
80;2021-07-01;1631;4996;301203;199950;52.9;35.1
80;2021-07-02;1881;5987;303084;205937;53.2;36.1
80;2021-07-03;1331;5268;304415;211205;53.4;37.1
80;2021-07-04;692;1469;305107;212674;53.5;37.3
80;2021-07-05;906;2962;306013;215636;53.7;37.8
80;2021-07-06;1872;3986;307885;219622;54.0;38.5
80;2021-07-07;1577;4507;309462;224129;54.3;39.3
80;2021-07-08;2097;5005;311559;229134;54.7;40.2
80;2021-07-09;2619;5468;314178;234602;55.1;41.2
80;2021-07-10;1634;4018;315812;238620;55.4;41.9
80;2021-07-11;406;804;316218;239424;55.5;42.0
80;2021-07-12;882;3379;317100;242803;55.7;42.6
80;2021-07-13;2100;5085;319200;247888;56.0;43.5
80;2021-07-14;2802;1744;322002;249632;56.5;43.8
80;2021-07-15;2808;5297;324810;254929;57.0;44.7
80;2021-07-16;3896;5889;328706;260818;57.7;45.8
80;2021-07-17;3381;4462;332087;265280;58.3;46.6
80;2021-07-18;875;895;332962;266175;58.4;46.7
80;2021-07-19;2163;2882;335125;269057;58.8;47.2
80;2021-07-20;3331;4904;338456;273961;59.4;48.1
80;2021-07-21;3507;4491;341963;278452;60.0;48.9
80;2021-07-22;4371;4573;346334;283025;60.8;49.7
80;2021-07-23;5404;4825;351738;287850;61.7;50.5
80;2021-07-24;4370;4342;356108;292192;62.5;51.3
80;2021-07-25;1185;649;357293;292841;62.7;51.4
80;2021-07-26;2678;2334;359971;295175;63.2;51.8
80;2021-07-27;4368;3705;364339;298880;63.9;52.5
80;2021-07-28;5096;2799;369435;301679;64.8;52.9
80;2021-07-29;4981;3227;374416;304906;65.7;53.5
80;2021-07-30;5027;3638;379443;308544;66.6;54.2
80;2021-07-31;4147;2923;383590;311467;67.3;54.7
80;2021-08-01;1285;362;384875;311829;67.5;54.7
80;2021-08-02;2055;1757;386930;313586;67.9;55.0
80;2021-08-03;3707;2362;390637;315948;68.6;55.5
80;2021-08-04;3362;2493;393999;318441;69.2;55.9
80;2021-08-05;3124;2568;397123;321009;69.7;56.3
80;2021-08-06;3230;2905;400353;323914;70.3;56.9
80;2021-08-07;2411;2657;402764;326571;70.7;57.3
80;2021-08-08;615;720;403379;327291;70.8;57.4
80;2021-08-09;1381;2121;404760;329412;71.0;57.8
80;2021-08-10;2335;2849;407095;332261;71.4;58.3
80;2021-08-11;1933;2484;409028;334745;71.8;58.8
80;2021-08-12;2237;2672;411265;337417;72.2;59.2
80;2021-08-13;1874;3153;413139;340570;72.5;59.8
80;2021-08-14;1411;2143;414550;342713;72.8;60.1
80;2021-08-15;318;671;414868;343384;72.8;60.3
80;2021-08-16;894;2521;415762;345905;73.0;60.7
80;2021-08-17;1703;3546;417465;349451;73.3;61.3
80;2021-08-18;1232;3706;418697;353157;73.5;62.0
80;2021-08-19;1559;3816;420256;356973;73.8;62.7
80;2021-08-20;1255;4425;421511;361398;74.0;63.4
80;2021-08-21;1068;2682;422579;364080;74.2;63.9
80;2021-08-22;145;678;422724;364758;74.2;64.0
80;2021-08-23;574;2994;423298;367752;74.3;64.5
80;2021-08-24;1088;4360;424386;372112;74.5;65.3
80;2021-08-25;937;3660;425323;375772;74.6;66.0
81;2020-12-27;0;0;0;0;0.0;0.0
81;2020-12-28;0;0;0;0;0.0;0.0
81;2020-12-29;0;0;0;0;0.0;0.0
81;2020-12-30;0;0;0;0;0.0;0.0
81;2020-12-31;0;0;0;0;0.0;0.0
81;2021-01-01;0;0;0;0;0.0;0.0
81;2021-01-02;0;0;0;0;0.0;0.0
81;2021-01-03;0;0;0;0;0.0;0.0
81;2021-01-04;1;0;1;0;0.0;0.0
81;2021-01-05;0;0;1;0;0.0;0.0
81;2021-01-06;5;0;6;0;0.0;0.0
81;2021-01-07;266;0;272;0;0.1;0.0
81;2021-01-08;312;1;584;1;0.2;0.0
81;2021-01-09;74;1;658;2;0.2;0.0
81;2021-01-10;1;0;659;2;0.2;0.0
81;2021-01-11;133;0;792;2;0.2;0.0
81;2021-01-12;167;0;959;2;0.2;0.0
81;2021-01-13;233;1;1192;3;0.3;0.0
81;2021-01-14;963;8;2155;11;0.6;0.0
81;2021-01-15;524;1;2679;12;0.7;0.0
81;2021-01-16;72;0;2751;12;0.7;0.0
81;2021-01-17;0;0;2751;12;0.7;0.0
81;2021-01-18;580;3;3331;15;0.9;0.0
81;2021-01-19;662;4;3993;19;1.0;0.0
81;2021-01-20;752;2;4745;21;1.2;0.0
81;2021-01-21;1179;5;5924;26;1.5;0.0
81;2021-01-22;855;2;6779;28;1.7;0.0
81;2021-01-23;221;2;7000;30;1.8;0.0
81;2021-01-24;102;0;7102;30;1.8;0.0
81;2021-01-25;568;3;7670;33;2.0;0.0
81;2021-01-26;634;5;8304;38;2.1;0.0
81;2021-01-27;551;4;8855;42;2.3;0.0
81;2021-01-28;700;209;9555;251;2.5;0.1
81;2021-01-29;302;183;9857;434;2.5;0.1
81;2021-01-30;204;37;10061;471;2.6;0.1
81;2021-01-31;104;1;10165;472;2.6;0.1
81;2021-02-01;320;129;10485;601;2.7;0.2
81;2021-02-02;446;142;10931;743;2.8;0.2
81;2021-02-03;476;223;11407;966;2.9;0.2
81;2021-02-04;1413;692;12820;1658;3.3;0.4
81;2021-02-05;869;315;13689;1973;3.5;0.5
81;2021-02-06;274;20;13963;1993;3.6;0.5
81;2021-02-07;103;0;14066;1993;3.6;0.5
81;2021-02-08;275;217;14341;2210;3.7;0.6
81;2021-02-09;419;219;14760;2429;3.8;0.6
81;2021-02-10;371;286;15131;2715;3.9;0.7
81;2021-02-11;651;389;15782;3104;4.1;0.8
81;2021-02-12;579;545;16361;3649;4.2;0.9
81;2021-02-13;188;156;16549;3805;4.3;1.0
81;2021-02-14;100;1;16649;3806;4.3;1.0
81;2021-02-15;234;483;16883;4289;4.4;1.1
81;2021-02-16;281;617;17164;4906;4.4;1.3
81;2021-02-17;242;521;17406;5427;4.5;1.4
81;2021-02-18;482;672;17888;6099;4.6;1.6
81;2021-02-19;567;410;18455;6509;4.8;1.7
81;2021-02-20;322;281;18777;6790;4.8;1.8
81;2021-02-21;23;80;18800;6870;4.8;1.8
81;2021-02-22;232;536;19032;7406;4.9;1.9
81;2021-02-23;168;592;19200;7998;4.9;2.1
81;2021-02-24;291;631;19491;8629;5.0;2.2
81;2021-02-25;716;1055;20207;9684;5.2;2.5
81;2021-02-26;909;959;21116;10643;5.4;2.7
81;2021-02-27;275;242;21391;10885;5.5;2.8
81;2021-02-28;21;88;21412;10973;5.5;2.8
81;2021-03-01;208;410;21620;11383;5.6;2.9
81;2021-03-02;364;544;21984;11927;5.7;3.1
81;2021-03-03;462;423;22446;12350;5.8;3.2
81;2021-03-04;1061;459;23507;12809;6.1;3.3
81;2021-03-05;1407;398;24914;13207;6.4;3.4
81;2021-03-06;981;167;25895;13374;6.7;3.4
81;2021-03-07;154;102;26049;13476;6.7;3.5
81;2021-03-08;465;359;26514;13835;6.8;3.6
81;2021-03-09;813;364;27327;14199;7.0;3.7
81;2021-03-10;899;393;28226;14592;7.3;3.8
81;2021-03-11;1352;359;29578;14951;7.6;3.9
81;2021-03-12;1690;302;31268;15253;8.1;3.9
81;2021-03-13;1030;188;32298;15441;8.3;4.0
81;2021-03-14;66;82;32364;15523;8.3;4.0
81;2021-03-15;1093;225;33457;15748;8.6;4.1
81;2021-03-16;724;227;34181;15975;8.8;4.1
81;2021-03-17;893;280;35074;16255;9.0;4.2
81;2021-03-18;969;577;36043;16832;9.3;4.3
81;2021-03-19;1271;458;37314;17290;9.6;4.5
81;2021-03-20;676;285;37990;17575;9.8;4.5
81;2021-03-21;139;22;38129;17597;9.8;4.5
81;2021-03-22;933;279;39062;17876;10.1;4.6
81;2021-03-23;1421;224;40483;18100;10.4;4.7
81;2021-03-24;1605;264;42088;18364;10.9;4.7
81;2021-03-25;2028;326;44116;18690;11.4;4.8
81;2021-03-26;2102;283;46218;18973;11.9;4.9
81;2021-03-27;1092;36;47310;19009;12.2;4.9
81;2021-03-28;734;40;48044;19049;12.4;4.9
81;2021-03-29;2867;184;50911;19233;13.1;5.0
81;2021-03-30;3055;211;53966;19444;13.9;5.0
81;2021-03-31;2690;298;56656;19742;14.6;5.1
81;2021-04-01;3313;562;59969;20304;15.5;5.2
81;2021-04-02;2612;370;62581;20674;16.1;5.3
81;2021-04-03;1147;304;63728;20978;16.4;5.4
81;2021-04-04;1403;23;65131;21001;16.8;5.4
81;2021-04-05;718;18;65849;21019;17.0;5.4
81;2021-04-06;1597;511;67446;21530;17.4;5.6
81;2021-04-07;1815;584;69261;22114;17.9;5.7
81;2021-04-08;2615;819;71876;22933;18.5;5.9
81;2021-04-09;3051;475;74927;23408;19.3;6.0
81;2021-04-10;1476;512;76403;23920;19.7;6.2
81;2021-04-11;1298;68;77701;23988;20.0;6.2
81;2021-04-12;1220;685;78921;24673;20.3;6.4
81;2021-04-13;2529;792;81450;25465;21.0;6.6
81;2021-04-14;2507;834;83957;26299;21.6;6.8
81;2021-04-15;3098;1201;87055;27500;22.4;7.1
81;2021-04-16;2821;1089;89876;28589;23.2;7.4
81;2021-04-17;1145;296;91021;28885;23.5;7.4
81;2021-04-18;519;146;91540;29031;23.6;7.5
81;2021-04-19;913;823;92453;29854;23.8;7.7
81;2021-04-20;2270;1170;94723;31024;24.4;8.0
81;2021-04-21;2224;1006;96947;32030;25.0;8.3
81;2021-04-22;2817;1058;99764;33088;25.7;8.5
81;2021-04-23;2883;969;102647;34057;26.5;8.8
81;2021-04-24;1327;743;103974;34800;26.8;9.0
81;2021-04-25;454;716;104428;35516;26.9;9.2
81;2021-04-26;1059;2422;105487;37938;27.2;9.8
81;2021-04-27;1597;2351;107084;40289;27.6;10.4
81;2021-04-28;1426;2397;108510;42686;28.0;11.0
81;2021-04-29;1818;2748;110328;45434;28.4;11.7
81;2021-04-30;2014;2352;112342;47786;29.0;12.3
81;2021-05-01;362;685;112704;48471;29.1;12.5
81;2021-05-02;291;1379;112995;49850;29.1;12.9
81;2021-05-03;1116;1169;114111;51019;29.4;13.2
81;2021-05-04;2622;1911;116733;52930;30.1;13.6
81;2021-05-05;2015;1932;118748;54862;30.6;14.1
81;2021-05-06;2748;3457;121496;58319;31.3;15.0
81;2021-05-07;2128;2882;123624;61201;31.9;15.8
81;2021-05-08;963;877;124587;62078;32.1;16.0
81;2021-05-09;534;1352;125121;63430;32.3;16.4
81;2021-05-10;825;1601;125946;65031;32.5;16.8
81;2021-05-11;1661;2576;127607;67607;32.9;17.4
81;2021-05-12;1640;2466;129247;70073;33.3;18.1
81;2021-05-13;1216;564;130463;70637;33.6;18.2
81;2021-05-14;1890;1724;132353;72361;34.1;18.7
81;2021-05-15;1511;621;133864;72982;34.5;18.8
81;2021-05-16;1368;415;135232;73397;34.9;18.9
81;2021-05-17;1167;864;136399;74261;35.2;19.1
81;2021-05-18;1701;1430;138100;75691;35.6;19.5
81;2021-05-19;2643;1244;140743;76935;36.3;19.8
81;2021-05-20;2968;1351;143711;78286;37.0;20.2
81;2021-05-21;2739;1117;146450;79403;37.8;20.5
81;2021-05-22;2815;520;149265;79923;38.5;20.6
81;2021-05-23;1178;74;150443;79997;38.8;20.6
81;2021-05-24;837;81;151280;80078;39.0;20.6
81;2021-05-25;2493;1107;153773;81185;39.6;20.9
81;2021-05-26;1891;800;155664;81985;40.1;21.1
81;2021-05-27;2555;1547;158219;83532;40.8;21.5
81;2021-05-28;2566;1663;160785;85195;41.5;22.0
81;2021-05-29;1400;542;162185;85737;41.8;22.1
81;2021-05-30;935;219;163120;85956;42.1;22.2
81;2021-05-31;1183;1340;164303;87296;42.4;22.5
81;2021-06-01;1781;2696;166084;89992;42.8;23.2
81;2021-06-02;2006;2448;168090;92440;43.3;23.8
81;2021-06-03;2004;2534;170094;94974;43.9;24.5
81;2021-06-04;1845;2948;171939;97922;44.3;25.2
81;2021-06-05;1757;1307;173696;99229;44.8;25.6
81;2021-06-06;370;366;174066;99595;44.9;25.7
81;2021-06-07;1209;1540;175275;101135;45.2;26.1
81;2021-06-08;2371;2388;177646;103523;45.8;26.7
81;2021-06-09;2440;1869;180086;105392;46.4;27.2
81;2021-06-10;1279;1564;181365;106956;46.8;27.6
81;2021-06-11;2654;2202;184019;109158;47.4;28.1
81;2021-06-12;1659;1038;185678;110196;47.9;28.4
81;2021-06-13;444;475;186122;110671;48.0;28.5
81;2021-06-14;774;1420;186896;112091;48.2;28.9
81;2021-06-15;1678;3501;188574;115592;48.6;29.8
81;2021-06-16;1269;3013;189843;118605;48.9;30.6
81;2021-06-17;1344;2525;191187;121130;49.3;31.2
81;2021-06-18;1837;2772;193024;123902;49.8;31.9
81;2021-06-19;825;949;193849;124851;50.0;32.2
81;2021-06-20;405;536;194254;125387;50.1;32.3
81;2021-06-21;426;1040;194680;126427;50.2;32.6
81;2021-06-22;1060;2566;195740;128993;50.5;33.3
81;2021-06-23;1142;2158;196882;131151;50.8;33.8
81;2021-06-24;1115;1938;197997;133089;51.0;34.3
81;2021-06-25;1241;2868;199238;135957;51.4;35.0
81;2021-06-26;722;1712;199960;137669;51.5;35.5
81;2021-06-27;526;1646;200486;139315;51.7;35.9
81;2021-06-28;476;1541;200962;140856;51.8;36.3
81;2021-06-29;1083;2638;202045;143494;52.1;37.0
81;2021-06-30;1042;3155;203087;146649;52.4;37.8
81;2021-07-01;880;2628;203967;149277;52.6;38.5
81;2021-07-02;989;2858;204956;152135;52.8;39.2
81;2021-07-03;732;2829;205688;154964;53.0;39.9
81;2021-07-04;268;1010;205956;155974;53.1;40.2
81;2021-07-05;703;1624;206659;157598;53.3;40.6
81;2021-07-06;974;3177;207633;160775;53.5;41.4
81;2021-07-07;1059;2441;208692;163216;53.8;42.1
81;2021-07-08;1030;2234;209722;165450;54.1;42.7
81;2021-07-09;1147;2702;210869;168152;54.4;43.3
81;2021-07-10;807;1523;211676;169675;54.6;43.7
81;2021-07-11;436;1012;212112;170687;54.7;44.0
81;2021-07-12;737;1726;212849;172413;54.9;44.4
81;2021-07-13;2065;3143;214914;175556;55.4;45.3
81;2021-07-14;1443;1569;216357;177125;55.8;45.7
81;2021-07-15;2546;2760;218903;179885;56.4;46.4
81;2021-07-16;2025;3031;220928;182916;57.0;47.2
81;2021-07-17;1219;2455;222147;185371;57.3;47.8
81;2021-07-18;672;1130;222819;186501;57.4;48.1
81;2021-07-19;1253;1732;224072;188233;57.8;48.5
81;2021-07-20;3065;2808;227137;191041;58.6;49.3
81;2021-07-21;3492;2344;230629;193385;59.5;49.9
81;2021-07-22;3556;2094;234185;195479;60.4;50.4
81;2021-07-23;3173;3246;237358;198725;61.2;51.2
81;2021-07-24;2517;1721;239875;200446;61.8;51.7
81;2021-07-25;1685;708;241560;201154;62.3;51.9
81;2021-07-26;2011;1543;243571;202697;62.8;52.3
81;2021-07-27;3617;2540;247188;205237;63.7;52.9
81;2021-07-28;3047;2198;250235;207435;64.5;53.5
81;2021-07-29;3348;1777;253583;209212;65.4;53.9
81;2021-07-30;2818;2264;256401;211476;66.1;54.5
81;2021-07-31;1947;1010;258348;212486;66.6;54.8
81;2021-08-01;832;636;259180;213122;66.8;54.9
81;2021-08-02;1071;987;260251;214109;67.1;55.2
81;2021-08-03;2315;2115;262566;216224;67.7;55.7
81;2021-08-04;2022;1533;264588;217757;68.2;56.1
81;2021-08-05;1518;1873;266106;219630;68.6;56.6
81;2021-08-06;1719;1973;267825;221603;69.0;57.1
81;2021-08-07;979;1041;268804;222644;69.3;57.4
81;2021-08-08;437;709;269241;223353;69.4;57.6
81;2021-08-09;800;657;270041;224010;69.6;57.7
81;2021-08-10;1599;2754;271640;226764;70.0;58.5
81;2021-08-11;1106;2405;272746;229169;70.3;59.1
81;2021-08-12;1037;2246;273783;231415;70.6;59.7
81;2021-08-13;871;2469;274654;233884;70.8;60.3
81;2021-08-14;492;1873;275146;235757;70.9;60.8
81;2021-08-15;141;1100;275287;236857;71.0;61.1
81;2021-08-16;625;1820;275912;238677;71.1;61.5
81;2021-08-17;1334;3099;277246;241776;71.5;62.3
81;2021-08-18;1054;2359;278300;244135;71.7;62.9
81;2021-08-19;937;2264;279237;246399;72.0;63.5
81;2021-08-20;911;2350;280148;248749;72.2;64.1
81;2021-08-21;465;1533;280613;250282;72.3;64.5
81;2021-08-22;184;929;280797;251211;72.4;64.8
81;2021-08-23;481;1264;281278;252475;72.5;65.1
81;2021-08-24;836;2532;282114;255007;72.7;65.7
81;2021-08-25;693;2050;282807;257057;72.9;66.3
82;2020-12-27;0;0;0;0;0.0;0.0
82;2020-12-28;2;0;2;0;0.0;0.0
82;2020-12-29;0;0;2;0;0.0;0.0
82;2020-12-30;0;0;2;0;0.0;0.0
82;2020-12-31;0;0;2;0;0.0;0.0
82;2021-01-01;0;0;2;0;0.0;0.0
82;2021-01-02;0;0;2;0;0.0;0.0
82;2021-01-03;0;0;2;0;0.0;0.0
82;2021-01-04;0;0;2;0;0.0;0.0
82;2021-01-05;86;0;88;0;0.0;0.0
82;2021-01-06;1;0;89;0;0.0;0.0
82;2021-01-07;75;0;164;0;0.1;0.0
82;2021-01-08;46;0;210;0;0.1;0.0
82;2021-01-09;77;0;287;0;0.1;0.0
82;2021-01-10;0;0;287;0;0.1;0.0
82;2021-01-11;94;0;381;0;0.1;0.0
82;2021-01-12;284;0;665;0;0.3;0.0
82;2021-01-13;336;1;1001;1;0.4;0.0
82;2021-01-14;442;3;1443;4;0.5;0.0
82;2021-01-15;612;2;2055;6;0.8;0.0
82;2021-01-16;230;3;2285;9;0.9;0.0
82;2021-01-17;89;0;2374;9;0.9;0.0
82;2021-01-18;433;0;2807;9;1.1;0.0
82;2021-01-19;479;1;3286;10;1.3;0.0
82;2021-01-20;663;2;3949;12;1.5;0.0
82;2021-01-21;447;1;4396;13;1.7;0.0
82;2021-01-22;483;2;4879;15;1.9;0.0
82;2021-01-23;151;0;5030;15;1.9;0.0
82;2021-01-24;0;0;5030;15;1.9;0.0
82;2021-01-25;376;0;5406;15;2.1;0.0
82;2021-01-26;468;0;5874;15;2.2;0.0
82;2021-01-27;519;0;6393;15;2.4;0.0
82;2021-01-28;586;34;6979;49;2.7;0.0
82;2021-01-29;405;108;7384;157;2.8;0.1
82;2021-01-30;44;22;7428;179;2.8;0.1
82;2021-01-31;0;0;7428;179;2.8;0.1
82;2021-02-01;294;55;7722;234;2.9;0.1
82;2021-02-02;344;100;8066;334;3.1;0.1
82;2021-02-03;462;66;8528;400;3.2;0.2
82;2021-02-04;765;219;9293;619;3.5;0.2
82;2021-02-05;480;147;9773;766;3.7;0.3
82;2021-02-06;93;39;9866;805;3.8;0.3
82;2021-02-07;29;79;9895;884;3.8;0.3
82;2021-02-08;149;224;10044;1108;3.8;0.4
82;2021-02-09;238;393;10282;1501;3.9;0.6
82;2021-02-10;271;602;10553;2103;4.0;0.8
82;2021-02-11;225;401;10778;2504;4.1;1.0
82;2021-02-12;190;610;10968;3114;4.2;1.2
82;2021-02-13;60;118;11028;3232;4.2;1.2
82;2021-02-14;4;81;11032;3313;4.2;1.3
82;2021-02-15;217;305;11249;3618;4.3;1.4
82;2021-02-16;280;391;11529;4009;4.4;1.5
82;2021-02-17;359;525;11888;4534;4.5;1.7
82;2021-02-18;507;505;12395;5039;4.7;1.9
82;2021-02-19;490;540;12885;5579;4.9;2.1
82;2021-02-20;78;139;12963;5718;4.9;2.2
82;2021-02-21;0;0;12963;5718;4.9;2.2
82;2021-02-22;200;408;13163;6126;5.0;2.3
82;2021-02-23;277;469;13440;6595;5.1;2.5
82;2021-02-24;283;455;13723;7050;5.2;2.7
82;2021-02-25;637;508;14360;7558;5.5;2.9
82;2021-02-26;648;397;15008;7955;5.7;3.0
82;2021-02-27;214;74;15222;8029;5.8;3.1
82;2021-02-28;30;7;15252;8036;5.8;3.1
82;2021-03-01;291;229;15543;8265;5.9;3.1
82;2021-03-02;495;403;16038;8668;6.1;3.3
82;2021-03-03;441;387;16479;9055;6.3;3.4
82;2021-03-04;600;300;17079;9355;6.5;3.6
82;2021-03-05;680;382;17759;9737;6.8;3.7
82;2021-03-06;693;43;18452;9780;7.0;3.7
82;2021-03-07;302;3;18754;9783;7.1;3.7
82;2021-03-08;603;154;19357;9937;7.4;3.8
82;2021-03-09;582;258;19939;10195;7.6;3.9
82;2021-03-10;779;247;20718;10442;7.9;4.0
82;2021-03-11;975;283;21693;10725;8.3;4.1
82;2021-03-12;992;103;22685;10828;8.6;4.1
82;2021-03-13;564;53;23249;10881;8.9;4.1
82;2021-03-14;61;5;23310;10886;8.9;4.1
82;2021-03-15;485;326;23795;11212;9.1;4.3
82;2021-03-16;197;334;23992;11546;9.1;4.4
82;2021-03-17;191;294;24183;11840;9.2;4.5
82;2021-03-18;279;350;24462;12190;9.3;4.6
82;2021-03-19;533;314;24995;12504;9.5;4.8
82;2021-03-20;251;58;25246;12562;9.6;4.8
82;2021-03-21;23;0;25269;12562;9.6;4.8
82;2021-03-22;405;320;25674;12882;9.8;4.9
82;2021-03-23;601;314;26275;13196;10.0;5.0
82;2021-03-24;620;334;26895;13530;10.2;5.2
82;2021-03-25;928;244;27823;13774;10.6;5.2
82;2021-03-26;1216;270;29039;14044;11.1;5.3
82;2021-03-27;479;78;29518;14122;11.2;5.4
82;2021-03-28;136;2;29654;14124;11.3;5.4
82;2021-03-29;925;379;30579;14503;11.6;5.5
82;2021-03-30;1188;280;31767;14783;12.1;5.6
82;2021-03-31;1019;262;32786;15045;12.5;5.7
82;2021-04-01;1072;197;33858;15242;12.9;5.8
82;2021-04-02;1212;286;35070;15528;13.4;5.9
82;2021-04-03;715;131;35785;15659;13.6;6.0
82;2021-04-04;276;14;36061;15673;13.7;6.0
82;2021-04-05;388;20;36449;15693;13.9;6.0
82;2021-04-06;953;511;37402;16204;14.2;6.2
82;2021-04-07;1017;498;38419;16702;14.6;6.4
82;2021-04-08;1454;418;39873;17120;15.2;6.5
82;2021-04-09;1656;471;41529;17591;15.8;6.7
82;2021-04-10;1716;102;43245;17693;16.5;6.7
82;2021-04-11;559;19;43804;17712;16.7;6.7
82;2021-04-12;1348;293;45152;18005;17.2;6.9
82;2021-04-13;1625;272;46777;18277;17.8;7.0
82;2021-04-14;1410;297;48187;18574;18.3;7.1
82;2021-04-15;1781;324;49968;18898;19.0;7.2
82;2021-04-16;1541;332;51509;19230;19.6;7.3
82;2021-04-17;1243;70;52752;19300;20.1;7.3
82;2021-04-18;561;15;53313;19315;20.3;7.4
82;2021-04-19;958;359;54271;19674;20.7;7.5
82;2021-04-20;1268;403;55539;20077;21.1;7.6
82;2021-04-21;1219;374;56758;20451;21.6;7.8
82;2021-04-22;1452;294;58210;20745;22.2;7.9
82;2021-04-23;1075;682;59285;21427;22.6;8.2
82;2021-04-24;1188;264;60473;21691;23.0;8.3
82;2021-04-25;736;48;61209;21739;23.3;8.3
82;2021-04-26;748;808;61957;22547;23.6;8.6
82;2021-04-27;905;924;62862;23471;23.9;8.9
82;2021-04-28;921;899;63783;24370;24.3;9.3
82;2021-04-29;1107;912;64890;25282;24.7;9.6
82;2021-04-30;1041;888;65931;26170;25.1;10.0
82;2021-05-01;1143;258;67074;26428;25.5;10.1
82;2021-05-02;697;145;67771;26573;25.8;10.1
82;2021-05-03;410;1216;68181;27789;26.0;10.6
82;2021-05-04;864;1170;69045;28959;26.3;11.0
82;2021-05-05;568;1173;69613;30132;26.5;11.5
82;2021-05-06;848;1420;70461;31552;26.8;12.0
82;2021-05-07;734;1456;71195;33008;27.1;12.6
82;2021-05-08;935;520;72130;33528;27.5;12.8
82;2021-05-09;753;579;72883;34107;27.8;13.0
82;2021-05-10;850;1365;73733;35472;28.1;13.5
82;2021-05-11;1158;1349;74891;36821;28.5;14.0
82;2021-05-12;1016;1345;75907;38166;28.9;14.5
82;2021-05-13;1454;432;77361;38598;29.5;14.7
82;2021-05-14;1691;1238;79052;39836;30.1;15.2
82;2021-05-15;1935;698;80987;40534;30.8;15.4
82;2021-05-16;558;115;81545;40649;31.1;15.5
82;2021-05-17;1090;1173;82635;41822;31.5;15.9
82;2021-05-18;1466;1190;84101;43012;32.0;16.4
82;2021-05-19;1271;978;85372;43990;32.5;16.8
82;2021-05-20;1408;1160;86780;45150;33.0;17.2
82;2021-05-21;1411;1218;88191;46368;33.6;17.7
82;2021-05-22;2069;631;90260;46999;34.4;17.9
82;2021-05-23;705;117;90965;47116;34.6;17.9
82;2021-05-24;1441;265;92406;47381;35.2;18.0
82;2021-05-25;1445;964;93851;48345;35.7;18.4
82;2021-05-26;1413;922;95264;49267;36.3;18.8
82;2021-05-27;1460;1025;96724;50292;36.8;19.2
82;2021-05-28;1540;1145;98264;51437;37.4;19.6
82;2021-05-29;1496;546;99760;51983;38.0;19.8
82;2021-05-30;402;101;100162;52084;38.1;19.8
82;2021-05-31;1491;991;101653;53075;38.7;20.2
82;2021-06-01;1751;1052;103404;54127;39.4;20.6
82;2021-06-02;1475;1007;104879;55134;39.9;21.0
82;2021-06-03;1490;1184;106369;56318;40.5;21.4
82;2021-06-04;2250;1310;108619;57628;41.4;21.9
82;2021-06-05;2271;986;110890;58614;42.2;22.3
82;2021-06-06;329;133;111219;58747;42.4;22.4
82;2021-06-07;958;1275;112177;60022;42.7;22.9
82;2021-06-08;1445;1141;113622;61163;43.3;23.3
82;2021-06-09;1709;1143;115331;62306;43.9;23.7
82;2021-06-10;1441;1208;116772;63514;44.5;24.2
82;2021-06-11;1922;1125;118694;64639;45.2;24.6
82;2021-06-12;2392;1396;121086;66035;46.1;25.1
82;2021-06-13;378;113;121464;66148;46.3;25.2
82;2021-06-14;1212;1082;122676;67230;46.7;25.6
82;2021-06-15;1462;1245;124138;68475;47.3;26.1
82;2021-06-16;1751;1168;125889;69643;47.9;26.5
82;2021-06-17;1219;1472;127108;71115;48.4;27.1
82;2021-06-18;1469;1439;128577;72554;49.0;27.6
82;2021-06-19;2271;982;130848;73536;49.8;28.0
82;2021-06-20;268;174;131116;73710;49.9;28.1
82;2021-06-21;483;1361;131599;75071;50.1;28.6
82;2021-06-22;892;1708;132491;76779;50.5;29.2
82;2021-06-23;1238;1588;133729;78367;50.9;29.8
82;2021-06-24;757;1905;134486;80272;51.2;30.6
82;2021-06-25;741;1938;135227;82210;51.5;31.3
82;2021-06-26;1240;2145;136467;84355;52.0;32.1
82;2021-06-27;195;438;136662;84793;52.0;32.3
82;2021-06-28;330;1413;136992;86206;52.2;32.8
82;2021-06-29;518;1842;137510;88048;52.4;33.5
82;2021-06-30;948;1912;138458;89960;52.7;34.3
82;2021-07-01;658;1633;139116;91593;53.0;34.9
82;2021-07-02;931;2296;140047;93889;53.3;35.8
82;2021-07-03;859;2340;140906;96229;53.7;36.6
82;2021-07-04;120;439;141026;96668;53.7;36.8
82;2021-07-05;444;1561;141470;98229;53.9;37.4
82;2021-07-06;512;1865;141982;100094;54.1;38.1
82;2021-07-07;791;1777;142773;101871;54.4;38.8
82;2021-07-08;505;1503;143278;103374;54.6;39.4
82;2021-07-09;781;2153;144059;105527;54.9;40.2
82;2021-07-10;706;2216;144765;107743;55.1;41.0
82;2021-07-11;38;380;144803;108123;55.1;41.2
82;2021-07-12;579;1884;145382;110007;55.4;41.9
82;2021-07-13;714;2004;146096;112011;55.6;42.7
82;2021-07-14;617;741;146713;112752;55.9;42.9
82;2021-07-15;858;1753;147571;114505;56.2;43.6
82;2021-07-16;1438;2638;149009;117143;56.7;44.6
82;2021-07-17;561;2186;149570;119329;57.0;45.4
82;2021-07-18;14;41;149584;119370;57.0;45.5
82;2021-07-19;734;2072;150318;121442;57.2;46.2
82;2021-07-20;919;1884;151237;123326;57.6;47.0
82;2021-07-21;1289;1763;152526;125089;58.1;47.6
82;2021-07-22;1080;1763;153606;126852;58.5;48.3
82;2021-07-23;1052;2984;154658;129836;58.9;49.4
82;2021-07-24;1103;1490;155761;131326;59.3;50.0
82;2021-07-25;303;72;156064;131398;59.4;50.0
82;2021-07-26;951;1897;157015;133295;59.8;50.8
82;2021-07-27;1339;1643;158354;134938;60.3;51.4
82;2021-07-28;1468;1499;159822;136437;60.9;52.0
82;2021-07-29;1327;1532;161149;137969;61.4;52.5
82;2021-07-30;1533;2478;162682;140447;61.9;53.5
82;2021-07-31;457;295;163139;140742;62.1;53.6
82;2021-08-01;272;50;163411;140792;62.2;53.6
82;2021-08-02;1270;876;164681;141668;62.7;53.9
82;2021-08-03;1430;828;166111;142496;63.3;54.3
82;2021-08-04;1362;1027;167473;143523;63.8;54.7
82;2021-08-05;1488;597;168961;144120;64.3;54.9
82;2021-08-06;993;646;169954;144766;64.7;55.1
82;2021-08-07;920;1192;170874;145958;65.1;55.6
82;2021-08-08;155;65;171029;146023;65.1;55.6
82;2021-08-09;1072;892;172101;146915;65.5;55.9
82;2021-08-10;1285;914;173386;147829;66.0;56.3
82;2021-08-11;1260;1124;174646;148953;66.5;56.7
82;2021-08-12;1469;945;176115;149898;67.1;57.1
82;2021-08-13;1405;995;177520;150893;67.6;57.5
82;2021-08-14;311;482;177831;151375;67.7;57.6
82;2021-08-15;61;34;177892;151409;67.7;57.7
82;2021-08-16;780;1460;178672;152869;68.0;58.2
82;2021-08-17;1059;1234;179731;154103;68.4;58.7
82;2021-08-18;611;849;180342;154952;68.7;59.0
82;2021-08-19;1001;1145;181343;156097;69.1;59.4
82;2021-08-20;1032;1898;182375;157995;69.4;60.2
82;2021-08-21;495;988;182870;158983;69.6;60.5
82;2021-08-22;21;55;182891;159038;69.6;60.6
82;2021-08-23;741;1293;183632;160331;69.9;61.1
82;2021-08-24;855;1114;184487;161445;70.2;61.5
82;2021-08-25;836;1531;185323;162976;70.6;62.1
83;2020-12-27;1;0;1;0;0.0;0.0
83;2020-12-28;0;0;1;0;0.0;0.0
83;2020-12-29;1;0;2;0;0.0;0.0
83;2020-12-30;1;0;3;0;0.0;0.0
83;2020-12-31;0;0;3;0;0.0;0.0
83;2021-01-01;1;0;4;0;0.0;0.0
83;2021-01-02;0;0;4;0;0.0;0.0
83;2021-01-03;1;0;5;0;0.0;0.0
83;2021-01-04;1;0;6;0;0.0;0.0
83;2021-01-05;3;0;9;0;0.0;0.0
83;2021-01-06;69;0;78;0;0.0;0.0
83;2021-01-07;324;0;402;0;0.0;0.0
83;2021-01-08;421;0;823;0;0.1;0.0
83;2021-01-09;48;0;871;0;0.1;0.0
83;2021-01-10;1;0;872;0;0.1;0.0
83;2021-01-11;475;0;1347;0;0.1;0.0
83;2021-01-12;1002;4;2349;4;0.2;0.0
83;2021-01-13;961;7;3310;11;0.3;0.0
83;2021-01-14;840;5;4150;16;0.4;0.0
83;2021-01-15;701;1;4851;17;0.5;0.0
83;2021-01-16;41;1;4892;18;0.5;0.0
83;2021-01-17;1;0;4893;18;0.5;0.0
83;2021-01-18;1221;4;6114;22;0.6;0.0
83;2021-01-19;2016;7;8130;29;0.8;0.0
83;2021-01-20;1659;10;9789;39;0.9;0.0
83;2021-01-21;2101;8;11890;47;1.1;0.0
83;2021-01-22;1658;5;13548;52;1.3;0.0
83;2021-01-23;244;0;13792;52;1.3;0.0
83;2021-01-24;21;1;13813;53;1.3;0.0
83;2021-01-25;1554;7;15367;60;1.4;0.0
83;2021-01-26;1757;15;17124;75;1.6;0.0
83;2021-01-27;2152;83;19276;158;1.8;0.0
83;2021-01-28;5081;358;24357;516;2.3;0.0
83;2021-01-29;2947;349;27304;865;2.5;0.1
83;2021-01-30;234;45;27538;910;2.6;0.1
83;2021-01-31;46;0;27584;910;2.6;0.1
83;2021-02-01;1277;417;28861;1327;2.7;0.1
83;2021-02-02;1438;725;30299;2052;2.8;0.2
83;2021-02-03;1526;635;31825;2687;3.0;0.3
83;2021-02-04;1483;745;33308;3432;3.1;0.3
83;2021-02-05;1218;676;34526;4108;3.2;0.4
83;2021-02-06;22;14;34548;4122;3.2;0.4
83;2021-02-07;1;0;34549;4122;3.2;0.4
83;2021-02-08;1089;626;35638;4748;3.3;0.4
83;2021-02-09;1324;913;36962;5661;3.4;0.5
83;2021-02-10;1529;804;38491;6465;3.6;0.6
83;2021-02-11;1605;1029;40096;7494;3.7;0.7
83;2021-02-12;1347;829;41443;8323;3.9;0.8
83;2021-02-13;54;25;41497;8348;3.9;0.8
83;2021-02-14;0;0;41497;8348;3.9;0.8
83;2021-02-15;671;1052;42168;9400;3.9;0.9
83;2021-02-16;541;1377;42709;10777;4.0;1.0
83;2021-02-17;804;1834;43513;12611;4.1;1.2
83;2021-02-18;1625;3869;45138;16480;4.2;1.5
83;2021-02-19;1475;2336;46613;18816;4.3;1.8
83;2021-02-20;63;170;46676;18986;4.3;1.8
83;2021-02-21;24;35;46700;19021;4.3;1.8
83;2021-02-22;503;1751;47203;20772;4.4;1.9
83;2021-02-23;670;1441;47873;22213;4.5;2.1
83;2021-02-24;723;1486;48596;23699;4.5;2.2
83;2021-02-25;1249;1415;49845;25114;4.6;2.3
83;2021-02-26;1298;1256;51143;26370;4.8;2.5
83;2021-02-27;551;55;51694;26425;4.8;2.5
83;2021-02-28;8;13;51702;26438;4.8;2.5
83;2021-03-01;811;1240;52513;27678;4.9;2.6
83;2021-03-02;989;1312;53502;28990;5.0;2.7
83;2021-03-03;1435;1528;54937;30518;5.1;2.8
83;2021-03-04;1889;1387;56826;31905;5.3;3.0
83;2021-03-05;2218;1240;59044;33145;5.5;3.1
83;2021-03-06;3007;113;62051;33258;5.8;3.1
83;2021-03-07;2225;41;64276;33299;6.0;3.1
83;2021-03-08;849;1320;65125;34619;6.1;3.2
83;2021-03-09;1929;1226;67054;35845;6.2;3.3
83;2021-03-10;2376;1367;69430;37212;6.5;3.5
83;2021-03-11;3673;2203;73103;39415;6.8;3.7
83;2021-03-12;3646;1512;76749;40927;7.1;3.8
83;2021-03-13;4606;179;81355;41106;7.6;3.8
83;2021-03-14;2334;52;83689;41158;7.8;3.8
83;2021-03-15;3337;669;87026;41827;8.1;3.9
83;2021-03-16;2600;698;89626;42525;8.3;4.0
83;2021-03-17;2848;785;92474;43310;8.6;4.0
83;2021-03-18;3550;797;96024;44107;8.9;4.1
83;2021-03-19;4173;585;100197;44692;9.3;4.2
83;2021-03-20;3476;71;103673;44763;9.7;4.2
83;2021-03-21;2011;30;105684;44793;9.8;4.2
83;2021-03-22;3966;893;109650;45686;10.2;4.3
83;2021-03-23;4753;592;114403;46278;10.7;4.3
83;2021-03-24;5051;722;119454;47000;11.1;4.4
83;2021-03-25;6532;854;125986;47854;11.7;4.5
83;2021-03-26;7175;748;133161;48602;12.4;4.5
83;2021-03-27;3968;388;137129;48990;12.8;4.6
83;2021-03-28;2183;34;139312;49024;13.0;4.6
83;2021-03-29;4555;765;143867;49789;13.4;4.6
83;2021-03-30;5966;949;149833;50738;14.0;4.7
83;2021-03-31;5552;1076;155385;51814;14.5;4.8
83;2021-04-01;5978;1260;161363;53074;15.0;4.9
83;2021-04-02;5763;1071;167126;54145;15.6;5.0
83;2021-04-03;1802;634;168928;54779;15.7;5.1
83;2021-04-04;855;346;169783;55125;15.8;5.1
83;2021-04-05;190;66;169973;55191;15.8;5.1
83;2021-04-06;4730;1403;174703;56594;16.3;5.3
83;2021-04-07;5831;1662;180534;58256;16.8;5.4
83;2021-04-08;7884;2000;188418;60256;17.5;5.6
83;2021-04-09;7591;2199;196009;62455;18.3;5.8
83;2021-04-10;2945;2655;198954;65110;18.5;6.1
83;2021-04-11;1720;2134;200674;67244;18.7;6.3
83;2021-04-12;4952;2876;205626;70120;19.1;6.5
83;2021-04-13;5408;3003;211034;73123;19.7;6.8
83;2021-04-14;5896;2943;216930;76066;20.2;7.1
83;2021-04-15;6776;3039;223706;79105;20.8;7.4
83;2021-04-16;6125;3518;229831;82623;21.4;7.7
83;2021-04-17;3511;2189;233342;84812;21.7;7.9
83;2021-04-18;2176;1295;235518;86107;21.9;8.0
83;2021-04-19;4106;3903;239624;90010;22.3;8.4
83;2021-04-20;4358;3875;243982;93885;22.7;8.7
83;2021-04-21;4302;4154;248284;98039;23.1;9.1
83;2021-04-22;5007;4302;253291;102341;23.6;9.5
83;2021-04-23;4530;4567;257821;106908;24.0;10.0
83;2021-04-24;2630;2711;260451;109619;24.3;10.2
83;2021-04-25;1925;1572;262376;111191;24.4;10.4
83;2021-04-26;3568;3850;265944;115041;24.8;10.7
83;2021-04-27;4137;4555;270081;119596;25.2;11.1
83;2021-04-28;4315;4367;274396;123963;25.6;11.5
83;2021-04-29;5814;5118;280210;129081;26.1;12.0
83;2021-04-30;5787;4307;285997;133388;26.6;12.4
83;2021-05-01;1692;428;287689;133816;26.8;12.5
83;2021-05-02;1237;756;288926;134572;26.9;12.5
83;2021-05-03;3751;4280;292677;138852;27.3;12.9
83;2021-05-04;3344;5101;296021;143953;27.6;13.4
83;2021-05-05;3642;4967;299663;148920;27.9;13.9
83;2021-05-06;4673;4958;304336;153878;28.3;14.3
83;2021-05-07;4171;5318;308507;159196;28.7;14.8
83;2021-05-08;2762;1014;311269;160210;29.0;14.9
83;2021-05-09;2152;1236;313421;161446;29.2;15.0
83;2021-05-10;3203;5424;316624;166870;29.5;15.5
83;2021-05-11;5127;5685;321751;172555;30.0;16.1
83;2021-05-12;6292;4846;328043;177401;30.5;16.5
83;2021-05-13;6582;1346;334625;178747;31.2;16.6
83;2021-05-14;7423;4117;342048;182864;31.9;17.0
83;2021-05-15;7754;2202;349802;185066;32.6;17.2
83;2021-05-16;6628;1251;356430;186317;33.2;17.4
83;2021-05-17;4894;4215;361324;190532;33.6;17.7
83;2021-05-18;5536;3867;366860;194399;34.2;18.1
83;2021-05-19;6207;3412;373067;197811;34.7;18.4
83;2021-05-20;6755;3794;379822;201605;35.4;18.8
83;2021-05-21;7910;3873;387732;205478;36.1;19.1
83;2021-05-22;6090;1719;393822;207197;36.7;19.3
83;2021-05-23;4686;710;398508;207907;37.1;19.4
83;2021-05-24;5810;973;404318;208880;37.7;19.5
83;2021-05-25;5513;4754;409831;213634;38.2;19.9
83;2021-05-26;4858;4442;414689;218076;38.6;20.3
83;2021-05-27;5073;5266;419762;223342;39.1;20.8
83;2021-05-28;4505;5768;424267;229110;39.5;21.3
83;2021-05-29;2706;4274;426973;233384;39.8;21.7
83;2021-05-30;1257;1376;428230;234760;39.9;21.9
83;2021-05-31;5488;4767;433718;239527;40.4;22.3
83;2021-06-01;5730;5310;439448;244837;40.9;22.8
83;2021-06-02;5261;4589;444709;249426;41.4;23.2
83;2021-06-03;5744;5136;450453;254562;41.9;23.7
83;2021-06-04;5447;6051;455900;260613;42.5;24.3
83;2021-06-05;3925;3199;459825;263812;42.8;24.6
83;2021-06-06;1937;1384;461762;265196;43.0;24.7
83;2021-06-07;3917;5093;465679;270289;43.4;25.2
83;2021-06-08;4174;4826;469853;275115;43.8;25.6
83;2021-06-09;4007;4702;473860;279817;44.1;26.1
83;2021-06-10;3997;4262;477857;284079;44.5;26.5
83;2021-06-11;3657;5445;481514;289524;44.8;27.0
83;2021-06-12;2912;2984;484426;292508;45.1;27.2
83;2021-06-13;995;1392;485421;293900;45.2;27.4
83;2021-06-14;2857;5658;488278;299558;45.5;27.9
83;2021-06-15;3166;4862;491444;304420;45.8;28.3
83;2021-06-16;2963;4508;494407;308928;46.0;28.8
83;2021-06-17;2776;5286;497183;314214;46.3;29.3
83;2021-06-18;3158;5962;500341;320176;46.6;29.8
83;2021-06-19;2320;4097;502661;324273;46.8;30.2
83;2021-06-20;674;1888;503335;326161;46.9;30.4
83;2021-06-21;2111;7587;505446;333748;47.1;31.1
83;2021-06-22;2102;7164;507548;340912;47.3;31.7
83;2021-06-23;1933;6927;509481;347839;47.4;32.4
83;2021-06-24;1957;7366;511438;355205;47.6;33.1
83;2021-06-25;2110;8399;513548;363604;47.8;33.9
83;2021-06-26;1464;6808;515012;370412;48.0;34.5
83;2021-06-27;692;3186;515704;373598;48.0;34.8
83;2021-06-28;1571;7891;517275;381489;48.2;35.5
83;2021-06-29;1906;7809;519181;389298;48.3;36.3
83;2021-06-30;2242;7272;521423;396570;48.6;36.9
83;2021-07-01;2552;6567;523975;403137;48.8;37.5
83;2021-07-02;2265;7799;526240;410936;49.0;38.3
83;2021-07-03;1510;5686;527750;416622;49.1;38.8
83;2021-07-04;571;2751;528321;419373;49.2;39.1
83;2021-07-05;1924;7533;530245;426906;49.4;39.8
83;2021-07-06;2573;5937;532818;432843;49.6;40.3
83;2021-07-07;2682;4672;535500;437515;49.9;40.7
83;2021-07-08;3245;4470;538745;441985;50.2;41.2
83;2021-07-09;3040;6960;541785;448945;50.5;41.8
83;2021-07-10;1577;4930;543362;453875;50.6;42.3
83;2021-07-11;1009;1763;544371;455638;50.7;42.4
83;2021-07-12;2137;7685;546508;463323;50.9;43.1
83;2021-07-13;4035;7085;550543;470408;51.3;43.8
83;2021-07-14;2094;1322;552637;471730;51.5;43.9
83;2021-07-15;4584;6845;557221;478575;51.9;44.6
83;2021-07-16;5271;7124;562492;485699;52.4;45.2
83;2021-07-17;3604;4998;566096;490697;52.7;45.7
83;2021-07-18;1603;1312;567699;492009;52.9;45.8
83;2021-07-19;3954;6316;571653;498325;53.2;46.4
83;2021-07-20;5984;6175;577637;504500;53.8;47.0
83;2021-07-21;6025;5202;583662;509702;54.4;47.5
83;2021-07-22;7107;5536;590769;515238;55.0;48.0
83;2021-07-23;7097;5896;597866;521134;55.7;48.5
83;2021-07-24;4644;4558;602510;525692;56.1;49.0
83;2021-07-25;1326;731;603836;526423;56.2;49.0
83;2021-07-26;5544;4930;609380;531353;56.7;49.5
83;2021-07-27;6822;4888;616202;536241;57.4;49.9
83;2021-07-28;6582;4400;622784;540641;58.0;50.3
83;2021-07-29;7474;4831;630258;545472;58.7;50.8
83;2021-07-30;6950;4743;637208;550215;59.3;51.2
83;2021-07-31;4664;3205;641872;553420;59.8;51.5
83;2021-08-01;1063;848;642935;554268;59.9;51.6
83;2021-08-02;5743;3689;648678;557957;60.4;52.0
83;2021-08-03;6355;3972;655033;561929;61.0;52.3
83;2021-08-04;5878;3691;660911;565620;61.5;52.7
83;2021-08-05;6131;4066;667042;569686;62.1;53.1
83;2021-08-06;6117;4899;673159;574585;62.7;53.5
83;2021-08-07;3736;3540;676895;578125;63.0;53.8
83;2021-08-08;1063;821;677958;578946;63.1;53.9
83;2021-08-09;4697;4627;682655;583573;63.6;54.3
83;2021-08-10;5215;5132;687870;588705;64.1;54.8
83;2021-08-11;4566;5059;692436;593764;64.5;55.3
83;2021-08-12;4894;5548;697330;599312;64.9;55.8
83;2021-08-13;4903;5734;702233;605046;65.4;56.3
83;2021-08-14;3194;3877;705427;608923;65.7;56.7
83;2021-08-15;202;390;705629;609313;65.7;56.7
83;2021-08-16;3615;5456;709244;614769;66.0;57.2
83;2021-08-17;3546;5256;712790;620025;66.4;57.7
83;2021-08-18;3568;4983;716358;625008;66.7;58.2
83;2021-08-19;4153;6230;720511;631238;67.1;58.8
83;2021-08-20;3588;6486;724099;637724;67.4;59.4
83;2021-08-21;2335;4474;726434;642198;67.6;59.8
83;2021-08-22;628;1025;727062;643223;67.7;59.9
83;2021-08-23;2485;5762;729547;648985;67.9;60.4
83;2021-08-24;2830;5887;732377;654872;68.2;61.0
83;2021-08-25;2506;5239;734883;660111;68.4;61.5
84;2020-12-27;0;0;0;0;0.0;0.0
84;2020-12-28;0;0;0;0;0.0;0.0
84;2020-12-29;0;0;0;0;0.0;0.0
84;2020-12-30;0;0;0;0;0.0;0.0
84;2020-12-31;0;0;0;0;0.0;0.0
84;2021-01-01;0;0;0;0;0.0;0.0
84;2021-01-02;0;0;0;0;0.0;0.0
84;2021-01-03;0;0;0;0;0.0;0.0
84;2021-01-04;0;0;0;0;0.0;0.0
84;2021-01-05;0;0;0;0;0.0;0.0
84;2021-01-06;0;0;0;0;0.0;0.0
84;2021-01-07;69;0;69;0;0.0;0.0
84;2021-01-08;81;0;150;0;0.0;0.0
84;2021-01-09;30;0;180;0;0.0;0.0
84;2021-01-10;0;0;180;0;0.0;0.0
84;2021-01-11;219;0;399;0;0.1;0.0
84;2021-01-12;623;2;1022;2;0.2;0.0
84;2021-01-13;358;0;1380;2;0.2;0.0
84;2021-01-14;947;13;2327;15;0.4;0.0
84;2021-01-15;617;9;2944;24;0.5;0.0
84;2021-01-16;166;0;3110;24;0.6;0.0
84;2021-01-17;29;1;3139;25;0.6;0.0
84;2021-01-18;696;3;3835;28;0.7;0.0
84;2021-01-19;877;2;4712;30;0.8;0.0
84;2021-01-20;1018;4;5730;34;1.0;0.0
84;2021-01-21;1048;5;6778;39;1.2;0.0
84;2021-01-22;1133;0;7911;39;1.4;0.0
84;2021-01-23;248;0;8159;39;1.5;0.0
84;2021-01-24;3;0;8162;39;1.5;0.0
84;2021-01-25;806;0;8968;39;1.6;0.0
84;2021-01-26;938;5;9906;44;1.8;0.0
84;2021-01-27;1071;2;10977;46;2.0;0.0
84;2021-01-28;1621;18;12598;64;2.2;0.0
84;2021-01-29;1200;63;13798;127;2.5;0.0
84;2021-01-30;171;21;13969;148;2.5;0.0
84;2021-01-31;7;0;13976;148;2.5;0.0
84;2021-02-01;657;147;14633;295;2.6;0.1
84;2021-02-02;787;268;15420;563;2.7;0.1
84;2021-02-03;759;243;16179;806;2.9;0.1
84;2021-02-04;911;404;17090;1210;3.0;0.2
84;2021-02-05;727;416;17817;1626;3.2;0.3
84;2021-02-06;127;49;17944;1675;3.2;0.3
84;2021-02-07;0;0;17944;1675;3.2;0.3
84;2021-02-08;568;274;18512;1949;3.3;0.3
84;2021-02-09;692;720;19204;2669;3.4;0.5
84;2021-02-10;556;568;19760;3237;3.5;0.6
84;2021-02-11;546;585;20306;3822;3.6;0.7
84;2021-02-12;562;680;20868;4502;3.7;0.8
84;2021-02-13;46;170;20914;4672;3.7;0.8
84;2021-02-14;3;0;20917;4672;3.7;0.8
84;2021-02-15;209;889;21126;5561;3.8;1.0
84;2021-02-16;222;828;21348;6389;3.8;1.1
84;2021-02-17;447;780;21795;7169;3.9;1.3
84;2021-02-18;557;1102;22352;8271;4.0;1.5
84;2021-02-19;737;1184;23089;9455;4.1;1.7
84;2021-02-20;65;152;23154;9607;4.1;1.7
84;2021-02-21;5;37;23159;9644;4.1;1.7
84;2021-02-22;369;744;23528;10388;4.2;1.9
84;2021-02-23;269;704;23797;11092;4.2;2.0
84;2021-02-24;393;737;24190;11829;4.3;2.1
84;2021-02-25;713;853;24903;12682;4.4;2.3
84;2021-02-26;822;681;25725;13363;4.6;2.4
84;2021-02-27;133;126;25858;13489;4.6;2.4
84;2021-02-28;17;0;25875;13489;4.6;2.4
84;2021-03-01;456;666;26331;14155;4.7;2.5
84;2021-03-02;631;810;26962;14965;4.8;2.7
84;2021-03-03;820;950;27782;15915;5.0;2.8
84;2021-03-04;1095;689;28877;16604;5.1;3.0
84;2021-03-05;1310;520;30187;17124;5.4;3.1
84;2021-03-06;1460;65;31647;17189;5.6;3.1
84;2021-03-07;481;16;32128;17205;5.7;3.1
84;2021-03-08;812;610;32940;17815;5.9;3.2
84;2021-03-09;1387;784;34327;18599;6.1;3.3
84;2021-03-10;1474;669;35801;19268;6.4;3.4
84;2021-03-11;1984;644;37785;19912;6.7;3.5
84;2021-03-12;2078;632;39863;20544;7.1;3.7
84;2021-03-13;746;37;40609;20581;7.2;3.7
84;2021-03-14;247;53;40856;20634;7.3;3.7
84;2021-03-15;1069;310;41925;20944;7.5;3.7
84;2021-03-16;1180;336;43105;21280;7.7;3.8
84;2021-03-17;1146;442;44251;21722;7.9;3.9
84;2021-03-18;1456;400;45707;22122;8.1;3.9
84;2021-03-19;2175;465;47882;22587;8.5;4.0
84;2021-03-20;838;25;48720;22612;8.7;4.0
84;2021-03-21;150;11;48870;22623;8.7;4.0
84;2021-03-22;1158;463;50028;23086;8.9;4.1
84;2021-03-23;1912;470;51940;23556;9.3;4.2
84;2021-03-24;2178;401;54118;23957;9.6;4.3
84;2021-03-25;3656;402;57774;24359;10.3;4.3
84;2021-03-26;3317;486;61091;24845;10.9;4.4
84;2021-03-27;914;57;62005;24902;11.1;4.4
84;2021-03-28;73;2;62078;24904;11.1;4.4
84;2021-03-29;1717;531;63795;25435;11.4;4.5
84;2021-03-30;2667;684;66462;26119;11.8;4.7
84;2021-03-31;2404;647;68866;26766;12.3;4.8
84;2021-04-01;3021;578;71887;27344;12.8;4.9
84;2021-04-02;2452;530;74339;27874;13.3;5.0
84;2021-04-03;510;28;74849;27902;13.3;5.0
84;2021-04-04;12;0;74861;27902;13.3;5.0
84;2021-04-05;812;103;75673;28005;13.5;5.0
84;2021-04-06;2142;844;77815;28849;13.9;5.1
84;2021-04-07;2403;865;80218;29714;14.3;5.3
84;2021-04-08;3651;1037;83869;30751;14.9;5.5
84;2021-04-09;4118;945;87987;31696;15.7;5.6
84;2021-04-10;1308;130;89295;31826;15.9;5.7
84;2021-04-11;37;12;89332;31838;15.9;5.7
84;2021-04-12;2091;805;91423;32643;16.3;5.8
84;2021-04-13;2941;1368;94364;34011;16.8;6.1
84;2021-04-14;2811;1356;97175;35367;17.3;6.3
84;2021-04-15;3274;1419;100449;36786;17.9;6.6
84;2021-04-16;3430;1554;103879;38340;18.5;6.8
84;2021-04-17;1666;197;105545;38537;18.8;6.9
84;2021-04-18;38;1;105583;38538;18.8;6.9
84;2021-04-19;2505;925;108088;39463;19.3;7.0
84;2021-04-20;2626;1531;110714;40994;19.7;7.3
84;2021-04-21;2649;1490;113363;42484;20.2;7.6
84;2021-04-22;3011;1740;116374;44224;20.7;7.9
84;2021-04-23;3036;1901;119410;46125;21.3;8.2
84;2021-04-24;1530;288;120940;46413;21.6;8.3
84;2021-04-25;27;2;120967;46415;21.6;8.3
84;2021-04-26;2194;1371;123161;47786;22.0;8.5
84;2021-04-27;2553;1987;125714;49773;22.4;8.9
84;2021-04-28;2817;1842;128531;51615;22.9;9.2
84;2021-04-29;3421;2031;131952;53646;23.5;9.6
84;2021-04-30;3133;2422;135085;56068;24.1;10.0
84;2021-05-01;457;258;135542;56326;24.2;10.0
84;2021-05-02;2;0;135544;56326;24.2;10.0
84;2021-05-03;2165;1632;137709;57958;24.5;10.3
84;2021-05-04;2489;2532;140198;60490;25.0;10.8
84;2021-05-05;2352;2218;142550;62708;25.4;11.2
84;2021-05-06;3224;2253;145774;64961;26.0;11.6
84;2021-05-07;2767;2557;148541;67518;26.5;12.0
84;2021-05-08;1158;527;149699;68045;26.7;12.1
84;2021-05-09;6;52;149705;68097;26.7;12.1
84;2021-05-10;2158;2456;151863;70553;27.1;12.6
84;2021-05-11;2907;3156;154770;73709;27.6;13.1
84;2021-05-12;2848;2927;157618;76636;28.1;13.7
84;2021-05-13;2160;845;159778;77481;28.5;13.8
84;2021-05-14;2727;2030;162505;79511;29.0;14.2
84;2021-05-15;2002;986;164507;80497;29.3;14.3
84;2021-05-16;1341;186;165848;80683;29.6;14.4
84;2021-05-17;2223;2154;168071;82837;30.0;14.8
84;2021-05-18;2904;2108;170975;84945;30.5;15.1
84;2021-05-19;3233;1663;174208;86608;31.1;15.4
84;2021-05-20;3699;2206;177907;88814;31.7;15.8
84;2021-05-21;3470;2332;181377;91146;32.3;16.2
84;2021-05-22;1584;680;182961;91826;32.6;16.4
84;2021-05-23;6;9;182967;91835;32.6;16.4
84;2021-05-24;1841;427;184808;92262;32.9;16.4
84;2021-05-25;2983;2184;187791;94446;33.5;16.8
84;2021-05-26;3076;2088;190867;96534;34.0;17.2
84;2021-05-27;3858;2320;194725;98854;34.7;17.6
84;2021-05-28;3184;3306;197909;102160;35.3;18.2
84;2021-05-29;1093;1653;199002;103813;35.5;18.5
84;2021-05-30;8;85;199010;103898;35.5;18.5
84;2021-05-31;2191;2636;201201;106534;35.9;19.0
84;2021-06-01;3145;3158;204346;109692;36.4;19.6
84;2021-06-02;3173;2627;207519;112319;37.0;20.0
84;2021-06-03;4113;2987;211632;115306;37.7;20.6
84;2021-06-04;3616;3039;215248;118345;38.4;21.1
84;2021-06-05;1782;1498;217030;119843;38.7;21.4
84;2021-06-06;989;207;218019;120050;38.9;21.4
84;2021-06-07;2453;2759;220472;122809;39.3;21.9
84;2021-06-08;3319;3055;223791;125864;39.9;22.4
84;2021-06-09;3032;2686;226823;128550;40.4;22.9
84;2021-06-10;3514;2794;230337;131344;41.1;23.4
84;2021-06-11;3026;3068;233363;134412;41.6;24.0
84;2021-06-12;1965;1312;235328;135724;41.9;24.2
84;2021-06-13;414;213;235742;135937;42.0;24.2
84;2021-06-14;1929;3158;237671;139095;42.4;24.8
84;2021-06-15;2575;3460;240246;142555;42.8;25.4
84;2021-06-16;2527;2958;242773;145513;43.3;25.9
84;2021-06-17;2996;3479;245769;148992;43.8;26.6
84;2021-06-18;2425;3551;248194;152543;44.2;27.2
84;2021-06-19;1289;1546;249483;154089;44.5;27.5
84;2021-06-20;549;354;250032;154443;44.6;27.5
84;2021-06-21;1570;3135;251602;157578;44.8;28.1
84;2021-06-22;2164;4013;253766;161591;45.2;28.8
84;2021-06-23;2116;3308;255882;164899;45.6;29.4
84;2021-06-24;2202;3484;258084;168383;46.0;30.0
84;2021-06-25;1837;3886;259921;172269;46.3;30.7
84;2021-06-26;1133;1816;261054;174085;46.5;31.0
84;2021-06-27;297;345;261351;174430;46.6;31.1
84;2021-06-28;1210;3223;262561;177653;46.8;31.7
84;2021-06-29;1480;4050;264041;181703;47.1;32.4
84;2021-06-30;1716;3962;265757;185665;47.4;33.1
84;2021-07-01;1815;3950;267572;189615;47.7;33.8
84;2021-07-02;1753;3898;269325;193513;48.0;34.5
84;2021-07-03;1103;2030;270428;195543;48.2;34.9
84;2021-07-04;395;416;270823;195959;48.3;34.9
84;2021-07-05;1543;3540;272366;199499;48.6;35.6
84;2021-07-06;1636;4165;274002;203664;48.8;36.3
84;2021-07-07;1675;3103;275677;206767;49.1;36.9
84;2021-07-08;2161;3749;277838;210516;49.5;37.5
84;2021-07-09;1874;3970;279712;214486;49.9;38.2
84;2021-07-10;1254;2159;280966;216645;50.1;38.6
84;2021-07-11;357;303;281323;216948;50.1;38.7
84;2021-07-12;1411;3841;282734;220789;50.4;39.4
84;2021-07-13;2335;5010;285069;225799;50.8;40.2
84;2021-07-14;1885;1249;286954;227048;51.2;40.5
84;2021-07-15;2702;4552;289656;231600;51.6;41.3
84;2021-07-16;2780;4602;292436;236202;52.1;42.1
84;2021-07-17;1587;2446;294023;238648;52.4;42.5
84;2021-07-18;1015;550;295038;239198;52.6;42.6
84;2021-07-19;2411;3746;297449;242944;53.0;43.3
84;2021-07-20;2949;4165;300398;247109;53.5;44.0
84;2021-07-21;3184;3654;303582;250763;54.1;44.7
84;2021-07-22;3784;3791;307366;254554;54.8;45.4
84;2021-07-23;3518;3672;310884;258226;55.4;46.0
84;2021-07-24;1455;2247;312339;260473;55.7;46.4
84;2021-07-25;1034;507;313373;260980;55.9;46.5
84;2021-07-26;2718;3031;316091;264011;56.3;47.1
84;2021-07-27;3437;3562;319528;267573;57.0;47.7
84;2021-07-28;3853;3305;323381;270878;57.6;48.3
84;2021-07-29;4218;3152;327599;274030;58.4;48.8
84;2021-07-30;4005;3316;331604;277346;59.1;49.4
84;2021-07-31;1997;1683;333601;279029;59.5;49.7
84;2021-08-01;818;426;334419;279455;59.6;49.8
84;2021-08-02;2938;2681;337357;282136;60.1;50.3
84;2021-08-03;4091;2785;341448;284921;60.9;50.8
84;2021-08-04;3862;2593;345310;287514;61.6;51.3
84;2021-08-05;3844;2570;349154;290084;62.2;51.7
84;2021-08-06;3669;2852;352823;292936;62.9;52.2
84;2021-08-07;2042;1729;354865;294665;63.3;52.5
84;2021-08-08;384;733;355249;295398;63.3;52.7
84;2021-08-09;2864;2582;358113;297980;63.8;53.1
84;2021-08-10;3717;2941;361830;300921;64.5;53.6
84;2021-08-11;3256;2664;365086;303585;65.1;54.1
84;2021-08-12;3149;2976;368235;306561;65.6;54.6
84;2021-08-13;2875;2687;371110;309248;66.2;55.1
84;2021-08-14;1675;1738;372785;310986;66.5;55.4
84;2021-08-15;286;227;373071;311213;66.5;55.5
84;2021-08-16;2335;3070;375406;314283;66.9;56.0
84;2021-08-17;2693;3252;378099;317535;67.4;56.6
84;2021-08-18;2398;2790;380497;320325;67.8;57.1
84;2021-08-19;2265;3111;382762;323436;68.2;57.7
84;2021-08-20;2159;3290;384921;326726;68.6;58.2
84;2021-08-21;1221;1874;386142;328600;68.8;58.6
84;2021-08-22;168;738;386310;329338;68.9;58.7
84;2021-08-23;1727;3277;388037;332615;69.2;59.3
84;2021-08-24;1894;3456;389931;336071;69.5;59.9
84;2021-08-25;1813;3329;391744;339400;69.8;60.5
85;2020-12-27;1;0;1;0;0.0;0.0
85;2020-12-28;0;0;1;0;0.0;0.0
85;2020-12-29;0;0;1;0;0.0;0.0
85;2020-12-30;0;0;1;0;0.0;0.0
85;2020-12-31;0;0;1;0;0.0;0.0
85;2021-01-01;0;0;1;0;0.0;0.0
85;2021-01-02;0;0;1;0;0.0;0.0
85;2021-01-03;1;0;2;0;0.0;0.0
85;2021-01-04;25;0;27;0;0.0;0.0
85;2021-01-05;62;0;89;0;0.0;0.0
85;2021-01-06;107;1;196;1;0.0;0.0
85;2021-01-07;203;0;399;1;0.1;0.0
85;2021-01-08;293;2;692;3;0.1;0.0
85;2021-01-09;288;1;980;4;0.1;0.0
85;2021-01-10;59;0;1039;4;0.2;0.0
85;2021-01-11;453;0;1492;4;0.2;0.0
85;2021-01-12;586;1;2078;5;0.3;0.0
85;2021-01-13;544;2;2622;7;0.4;0.0
85;2021-01-14;681;4;3303;11;0.5;0.0
85;2021-01-15;438;3;3741;14;0.5;0.0
85;2021-01-16;264;3;4005;17;0.6;0.0
85;2021-01-17;37;0;4042;17;0.6;0.0
85;2021-01-18;999;3;5041;20;0.7;0.0
85;2021-01-19;1427;16;6468;36;0.9;0.0
85;2021-01-20;1874;3;8342;39;1.2;0.0
85;2021-01-21;3222;10;11564;49;1.7;0.0
85;2021-01-22;1698;19;13262;68;1.9;0.0
85;2021-01-23;466;2;13728;70;2.0;0.0
85;2021-01-24;50;0;13778;70;2.0;0.0
85;2021-01-25;577;1;14355;71;2.1;0.0
85;2021-01-26;877;34;15232;105;2.2;0.0
85;2021-01-27;1804;32;17036;137;2.5;0.0
85;2021-01-28;1635;38;18671;175;2.7;0.0
85;2021-01-29;875;63;19546;238;2.9;0.0
85;2021-01-30;149;5;19695;243;2.9;0.0
85;2021-01-31;2;45;19697;288;2.9;0.0
85;2021-02-01;480;103;20177;391;3.0;0.1
85;2021-02-02;537;175;20714;566;3.0;0.1
85;2021-02-03;414;261;21128;827;3.1;0.1
85;2021-02-04;621;265;21749;1092;3.2;0.2
85;2021-02-05;624;265;22373;1357;3.3;0.2
85;2021-02-06;158;245;22531;1602;3.3;0.2
85;2021-02-07;1;0;22532;1602;3.3;0.2
85;2021-02-08;388;652;22920;2254;3.4;0.3
85;2021-02-09;663;1059;23583;3313;3.5;0.5
85;2021-02-10;583;1129;24166;4442;3.5;0.7
85;2021-02-11;1542;3042;25708;7484;3.8;1.1
85;2021-02-12;1013;1261;26721;8745;3.9;1.3
85;2021-02-13;251;502;26972;9247;3.9;1.4
85;2021-02-14;2;131;26974;9378;3.9;1.4
85;2021-02-15;336;812;27310;10190;4.0;1.5
85;2021-02-16;570;1185;27880;11375;4.1;1.7
85;2021-02-17;786;1575;28666;12950;4.2;1.9
85;2021-02-18;1278;1939;29944;14889;4.4;2.2
85;2021-02-19;957;1209;30901;16098;4.5;2.4
85;2021-02-20;174;262;31075;16360;4.5;2.4
85;2021-02-21;1;11;31076;16371;4.5;2.4
85;2021-02-22;814;885;31890;17256;4.7;2.5
85;2021-02-23;828;486;32718;17742;4.8;2.6
85;2021-02-24;756;313;33474;18055;4.9;2.6
85;2021-02-25;1336;401;34810;18456;5.1;2.7
85;2021-02-26;1228;331;36038;18787;5.3;2.7
85;2021-02-27;400;100;36438;18887;5.3;2.8
85;2021-02-28;7;1;36445;18888;5.3;2.8
85;2021-03-01;765;431;37210;19319;5.4;2.8
85;2021-03-02;1100;792;38310;20111;5.6;2.9
85;2021-03-03;844;517;39154;20628;5.7;3.0
85;2021-03-04;1576;1176;40730;21804;6.0;3.2
85;2021-03-05;1740;854;42470;22658;6.2;3.3
85;2021-03-06;1227;131;43697;22789;6.4;3.3
85;2021-03-07;333;35;44030;22824;6.4;3.3
85;2021-03-08;1741;463;45771;23287;6.7;3.4
85;2021-03-09;2239;575;48010;23862;7.0;3.5
85;2021-03-10;1863;653;49873;24515;7.3;3.6
85;2021-03-11;3119;1093;52992;25608;7.8;3.7
85;2021-03-12;2728;870;55720;26478;8.2;3.9
85;2021-03-13;1371;162;57091;26640;8.4;3.9
85;2021-03-14;182;3;57273;26643;8.4;3.9
85;2021-03-15;1919;517;59192;27160;8.7;4.0
85;2021-03-16;1630;519;60822;27679;8.9;4.1
85;2021-03-17;980;525;61802;28204;9.0;4.1
85;2021-03-18;1904;456;63706;28660;9.3;4.2
85;2021-03-19;2200;370;65906;29030;9.6;4.2
85;2021-03-20;1069;178;66975;29208;9.8;4.3
85;2021-03-21;272;5;67247;29213;9.8;4.3
85;2021-03-22;1764;560;69011;29773;10.1;4.4
85;2021-03-23;2421;734;71432;30507;10.5;4.5
85;2021-03-24;2206;532;73638;31039;10.8;4.5
85;2021-03-25;3649;597;77287;31636;11.3;4.6
85;2021-03-26;3358;652;80645;32288;11.8;4.7
85;2021-03-27;1729;123;82374;32411;12.1;4.7
85;2021-03-28;539;4;82913;32415;12.1;4.7
85;2021-03-29;2412;759;85325;33174;12.5;4.9
85;2021-03-30;2862;1024;88187;34198;12.9;5.0
85;2021-03-31;2199;673;90386;34871;13.2;5.1
85;2021-04-01;3877;912;94263;35783;13.8;5.2
85;2021-04-02;2707;1104;96970;36887;14.2;5.4
85;2021-04-03;1413;324;98383;37211;14.4;5.4
85;2021-04-04;324;29;98707;37240;14.4;5.5
85;2021-04-05;104;175;98811;37415;14.5;5.5
85;2021-04-06;2200;1598;101011;39013;14.8;5.7
85;2021-04-07;3091;1190;104102;40203;15.2;5.9
85;2021-04-08;4541;1603;108643;41806;15.9;6.1
85;2021-04-09;4602;1226;113245;43032;16.6;6.3
85;2021-04-10;1867;400;115112;43432;16.8;6.4
85;2021-04-11;27;10;115139;43442;16.9;6.4
85;2021-04-12;4285;1489;119424;44931;17.5;6.6
85;2021-04-13;4833;1874;124257;46805;18.2;6.9
85;2021-04-14;3962;1010;128219;47815;18.8;7.0
85;2021-04-15;5518;1743;133737;49558;19.6;7.3
85;2021-04-16;5241;1543;138978;51101;20.3;7.5
85;2021-04-17;1382;437;140360;51538;20.5;7.5
85;2021-04-18;351;12;140711;51550;20.6;7.5
85;2021-04-19;3367;1702;144078;53252;21.1;7.8
85;2021-04-20;3694;1927;147772;55179;21.6;8.1
85;2021-04-21;2693;1693;150465;56872;22.0;8.3
85;2021-04-22;3804;2234;154269;59106;22.6;8.7
85;2021-04-23;3902;2091;158171;61197;23.2;9.0
85;2021-04-24;1662;1535;159833;62732;23.4;9.2
85;2021-04-25;981;563;160814;63295;23.5;9.3
85;2021-04-26;3590;2351;164404;65646;24.1;9.6
85;2021-04-27;4394;2165;168798;67811;24.7;9.9
85;2021-04-28;5747;1257;174545;69068;25.5;10.1
85;2021-04-29;5635;2005;180180;71073;26.4;10.4
85;2021-04-30;5576;1678;185756;72751;27.2;10.6
85;2021-05-01;1736;637;187492;73388;27.4;10.7
85;2021-05-02;873;471;188365;73859;27.6;10.8
85;2021-05-03;3493;2385;191858;76244;28.1;11.2
85;2021-05-04;3487;3089;195345;79333;28.6;11.6
85;2021-05-05;4532;2167;199877;81500;29.3;11.9
85;2021-05-06;4920;2599;204797;84099;30.0;12.3
85;2021-05-07;3932;3861;208729;87960;30.6;12.9
85;2021-05-08;2246;230;210975;88190;30.9;12.9
85;2021-05-09;1509;184;212484;88374;31.1;12.9
85;2021-05-10;3213;4929;215697;93303;31.6;13.7
85;2021-05-11;4028;4979;219725;98282;32.2;14.4
85;2021-05-12;5019;3935;224744;102217;32.9;15.0
85;2021-05-13;5146;613;229890;102830;33.6;15.1
85;2021-05-14;4356;3166;234246;105996;34.3;15.5
85;2021-05-15;2327;776;236573;106772;34.6;15.6
85;2021-05-16;2213;162;238786;106934;35.0;15.7
85;2021-05-17;4146;3378;242932;110312;35.6;16.1
85;2021-05-18;5215;2855;248147;113167;36.3;16.6
85;2021-05-19;6493;1768;254640;114935;37.3;16.8
85;2021-05-20;6775;2177;261415;117112;38.3;17.1
85;2021-05-21;5498;2744;266913;119856;39.1;17.5
85;2021-05-22;2584;754;269497;120610;39.4;17.7
85;2021-05-23;1329;161;270826;120771;39.6;17.7
85;2021-05-24;4572;436;275398;121207;40.3;17.7
85;2021-05-25;4518;3566;279916;124773;41.0;18.3
85;2021-05-26;4946;2679;284862;127452;41.7;18.7
85;2021-05-27;4960;3694;289822;131146;42.4;19.2
85;2021-05-28;5253;4065;295075;135211;43.2;19.8
85;2021-05-29;3962;1528;299037;136739;43.8;20.0
85;2021-05-30;1292;125;300329;136864;44.0;20.0
85;2021-05-31;4689;3382;305018;140246;44.6;20.5
85;2021-06-01;5406;3399;310424;143645;45.4;21.0
85;2021-06-02;5557;2521;315981;146166;46.3;21.4
85;2021-06-03;5917;3235;321898;149401;47.1;21.9
85;2021-06-04;5837;3821;327735;153222;48.0;22.4
85;2021-06-05;2848;1942;330583;155164;48.4;22.7
85;2021-06-06;1510;803;332093;155967;48.6;22.8
85;2021-06-07;3237;4860;335330;160827;49.1;23.5
85;2021-06-08;4093;4528;339423;165355;49.7;24.2
85;2021-06-09;4848;3514;344271;168869;50.4;24.7
85;2021-06-10;5199;3704;349470;172573;51.2;25.3
85;2021-06-11;4507;4662;353977;177235;51.8;25.9
85;2021-06-12;1492;1799;355469;179034;52.0;26.2
85;2021-06-13;1220;673;356689;179707;52.2;26.3
85;2021-06-14;2680;5094;359369;184801;52.6;27.0
85;2021-06-15;3714;4936;363083;189737;53.1;27.8
85;2021-06-16;4083;3907;367166;193644;53.7;28.3
85;2021-06-17;3940;3898;371106;197542;54.3;28.9
85;2021-06-18;3626;5683;374732;203225;54.9;29.7
85;2021-06-19;1214;2030;375946;205255;55.0;30.0
85;2021-06-20;140;521;376086;205776;55.0;30.1
85;2021-06-21;2376;5813;378462;211589;55.4;31.0
85;2021-06-22;2848;5734;381310;217323;55.8;31.8
85;2021-06-23;3391;4499;384701;221822;56.3;32.5
85;2021-06-24;3641;4560;388342;226382;56.8;33.1
85;2021-06-25;2289;6178;390631;232560;57.2;34.0
85;2021-06-26;791;3761;391422;236321;57.3;34.6
85;2021-06-27;125;1370;391547;237691;57.3;34.8
85;2021-06-28;1186;6716;392733;244407;57.5;35.8
85;2021-06-29;1756;6876;394489;251283;57.7;36.8
85;2021-06-30;2213;6205;396702;257488;58.1;37.7
85;2021-07-01;2843;6059;399545;263547;58.5;38.6
85;2021-07-02;2269;7014;401814;270561;58.8;39.6
85;2021-07-03;618;3165;402432;273726;58.9;40.1
85;2021-07-04;145;1086;402577;274812;58.9;40.2
85;2021-07-05;1065;6650;403642;281462;59.1;41.2
85;2021-07-06;1581;6457;405223;287919;59.3;42.1
85;2021-07-07;1650;5864;406873;293783;59.6;43.0
85;2021-07-08;2166;5443;409039;299226;59.9;43.8
85;2021-07-09;1648;7098;410687;306324;60.1;44.8
85;2021-07-10;565;2838;411252;309162;60.2;45.3
85;2021-07-11;529;1288;411781;310450;60.3;45.4
85;2021-07-12;1409;7049;413190;317499;60.5;46.5
85;2021-07-13;2061;7391;415251;324890;60.8;47.6
85;2021-07-14;1453;2049;416704;326939;61.0;47.9
85;2021-07-15;2679;6942;419383;333881;61.4;48.9
85;2021-07-16;3431;6832;422814;340713;61.9;49.9
85;2021-07-17;1563;2152;424377;342865;62.1;50.2
85;2021-07-18;1149;1154;425526;344019;62.3;50.4
85;2021-07-19;3555;6230;429081;350249;62.8;51.3
85;2021-07-20;4300;6214;433381;356463;63.4;52.2
85;2021-07-21;3998;6199;437379;362662;64.0;53.1
85;2021-07-22;3906;6185;441285;368847;64.6;54.0
85;2021-07-23;4530;6710;445815;375557;65.3;55.0
85;2021-07-24;1045;2297;446860;377854;65.4;55.3
85;2021-07-25;491;304;447351;378158;65.5;55.4
85;2021-07-26;4505;5360;451856;383518;66.1;56.1
85;2021-07-27;5316;5395;457172;388913;66.9;56.9
85;2021-07-28;4960;4974;462132;393887;67.6;57.7
85;2021-07-29;5873;4740;468005;398627;68.5;58.3
85;2021-07-30;6011;4952;474016;403579;69.4;59.1
85;2021-07-31;1229;1578;475245;405157;69.6;59.3
85;2021-08-01;469;195;475714;405352;69.6;59.3
85;2021-08-02;4937;3955;480651;409307;70.4;59.9
85;2021-08-03;6509;3353;487160;412660;71.3;60.4
85;2021-08-04;6609;3421;493769;416081;72.3;60.9
85;2021-08-05;6162;3601;499931;419682;73.2;61.4
85;2021-08-06;5788;4516;505719;424198;74.0;62.1
85;2021-08-07;1503;1178;507222;425376;74.2;62.3
85;2021-08-08;329;231;507551;425607;74.3;62.3
85;2021-08-09;4116;3277;511667;428884;74.9;62.8
85;2021-08-10;4782;3418;516449;432302;75.6;63.3
85;2021-08-11;4650;4207;521099;436509;76.3;63.9
85;2021-08-12;4450;4294;525549;440803;76.9;64.5
85;2021-08-13;3824;3644;529373;444447;77.5;65.1
85;2021-08-14;1016;1091;530389;445538;77.6;65.2
85;2021-08-15;160;239;530549;445777;77.7;65.2
85;2021-08-16;2835;4773;533384;450550;78.1;65.9
85;2021-08-17;2960;4351;536344;454901;78.5;66.6
85;2021-08-18;3139;4096;539483;458997;79.0;67.2
85;2021-08-19;2725;4269;542208;463266;79.4;67.8
85;2021-08-20;2472;5223;544680;468489;79.7;68.6
85;2021-08-21;690;1391;545370;469880;79.8;68.8
85;2021-08-22;342;1018;545712;470898;79.9;68.9
85;2021-08-23;1869;5370;547581;476268;80.2;69.7
85;2021-08-24;1813;4863;549394;481131;80.4;70.4
85;2021-08-25;1633;4823;551027;485954;80.7;71.1
86;2020-12-27;0;0;0;0;0.0;0.0
86;2020-12-28;1;0;1;0;0.0;0.0
86;2020-12-29;1;0;2;0;0.0;0.0
86;2020-12-30;0;0;2;0;0.0;0.0
86;2020-12-31;0;0;2;0;0.0;0.0
86;2021-01-01;0;0;2;0;0.0;0.0
86;2021-01-02;0;0;2;0;0.0;0.0
86;2021-01-03;2;0;4;0;0.0;0.0
86;2021-01-04;0;0;4;0;0.0;0.0
86;2021-01-05;1;0;5;0;0.0;0.0
86;2021-01-06;178;0;183;0;0.0;0.0
86;2021-01-07;672;0;855;0;0.2;0.0
86;2021-01-08;609;3;1464;3;0.3;0.0
86;2021-01-09;0;0;1464;3;0.3;0.0
86;2021-01-10;173;0;1637;3;0.4;0.0
86;2021-01-11;305;0;1942;3;0.4;0.0
86;2021-01-12;459;0;2401;3;0.5;0.0
86;2021-01-13;336;0;2737;3;0.6;0.0
86;2021-01-14;551;1;3288;4;0.8;0.0
86;2021-01-15;542;1;3830;5;0.9;0.0
86;2021-01-16;2;0;3832;5;0.9;0.0
86;2021-01-17;0;0;3832;5;0.9;0.0
86;2021-01-18;564;0;4396;5;1.0;0.0
86;2021-01-19;1914;1;6310;6;1.4;0.0
86;2021-01-20;1460;20;7770;26;1.8;0.0
86;2021-01-21;1292;0;9062;26;2.1;0.0
86;2021-01-22;833;0;9895;26;2.3;0.0
86;2021-01-23;313;0;10208;26;2.3;0.0
86;2021-01-24;0;0;10208;26;2.3;0.0
86;2021-01-25;583;108;10791;134;2.5;0.0
86;2021-01-26;750;122;11541;256;2.6;0.1
86;2021-01-27;764;156;12305;412;2.8;0.1
86;2021-01-28;1048;426;13353;838;3.1;0.2
86;2021-01-29;880;219;14233;1057;3.3;0.2
86;2021-01-30;275;103;14508;1160;3.3;0.3
86;2021-01-31;57;157;14565;1317;3.3;0.3
86;2021-02-01;433;207;14998;1524;3.4;0.3
86;2021-02-02;573;386;15571;1910;3.6;0.4
86;2021-02-03;525;224;16096;2134;3.7;0.5
86;2021-02-04;478;365;16574;2499;3.8;0.6
86;2021-02-05;438;741;17012;3240;3.9;0.7
86;2021-02-06;148;205;17160;3445;3.9;0.8
86;2021-02-07;120;8;17280;3453;4.0;0.8
86;2021-02-08;361;328;17641;3781;4.0;0.9
86;2021-02-09;751;1122;18392;4903;4.2;1.1
86;2021-02-10;977;942;19369;5845;4.4;1.3
86;2021-02-11;1005;975;20374;6820;4.7;1.6
86;2021-02-12;746;380;21120;7200;4.8;1.6
86;2021-02-13;192;95;21312;7295;4.9;1.7
86;2021-02-14;1;34;21313;7329;4.9;1.7
86;2021-02-15;244;508;21557;7837;4.9;1.8
86;2021-02-16;384;866;21941;8703;5.0;2.0
86;2021-02-17;453;897;22394;9600;5.1;2.2
86;2021-02-18;422;874;22816;10474;5.2;2.4
86;2021-02-19;601;641;23417;11115;5.4;2.5
86;2021-02-20;115;176;23532;11291;5.4;2.6
86;2021-02-21;1;0;23533;11291;5.4;2.6
86;2021-02-22;240;428;23773;11719;5.4;2.7
86;2021-02-23;369;605;24142;12324;5.5;2.8
86;2021-02-24;409;587;24551;12911;5.6;3.0
86;2021-02-25;902;667;25453;13578;5.8;3.1
86;2021-02-26;1030;539;26483;14117;6.1;3.2
86;2021-02-27;460;151;26943;14268;6.2;3.3
86;2021-02-28;3;2;26946;14270;6.2;3.3
86;2021-03-01;232;526;27178;14796;6.2;3.4
86;2021-03-02;1142;852;28320;15648;6.5;3.6
86;2021-03-03;793;627;29113;16275;6.7;3.7
86;2021-03-04;1495;622;30608;16897;7.0;3.9
86;2021-03-05;1578;314;32186;17211;7.4;3.9
86;2021-03-06;995;169;33181;17380;7.6;4.0
86;2021-03-07;371;32;33552;17412;7.7;4.0
86;2021-03-08;472;541;34024;17953;7.8;4.1
86;2021-03-09;1368;530;35392;18483;8.1;4.2
86;2021-03-10;948;610;36340;19093;8.3;4.4
86;2021-03-11;1799;476;38139;19569;8.7;4.5
86;2021-03-12;2207;438;40346;20007;9.2;4.6
86;2021-03-13;1444;101;41790;20108;9.6;4.6
86;2021-03-14;133;16;41923;20124;9.6;4.6
86;2021-03-15;784;159;42707;20283;9.8;4.6
86;2021-03-16;847;203;43554;20486;10.0;4.7
86;2021-03-17;786;205;44340;20691;10.1;4.7
86;2021-03-18;1005;102;45345;20793;10.4;4.8
86;2021-03-19;2142;323;47487;21116;10.9;4.8
86;2021-03-20;592;132;48079;21248;11.0;4.9
86;2021-03-21;10;0;48089;21248;11.0;4.9
86;2021-03-22;852;277;48941;21525;11.2;4.9
86;2021-03-23;2015;328;50956;21853;11.6;5.0
86;2021-03-24;1557;291;52513;22144;12.0;5.1
86;2021-03-25;2488;352;55001;22496;12.6;5.1
86;2021-03-26;3041;361;58042;22857;13.3;5.2
86;2021-03-27;733;143;58775;23000;13.4;5.3
86;2021-03-28;5;128;58780;23128;13.4;5.3
86;2021-03-29;1260;393;60040;23521;13.7;5.4
86;2021-03-30;2403;821;62443;24342;14.3;5.6
86;2021-03-31;1511;625;63954;24967;14.6;5.7
86;2021-04-01;2244;942;66198;25909;15.1;5.9
86;2021-04-02;1902;556;68100;26465;15.6;6.1
86;2021-04-03;825;323;68925;26788;15.8;6.1
86;2021-04-04;82;108;69007;26896;15.8;6.1
86;2021-04-05;314;5;69321;26901;15.8;6.2
86;2021-04-06;1534;960;70855;27861;16.2;6.4
86;2021-04-07;1634;628;72489;28489;16.6;6.5
86;2021-04-08;2567;760;75056;29249;17.2;6.7
86;2021-04-09;3251;651;78307;29900;17.9;6.8
86;2021-04-10;1663;191;79970;30091;18.3;6.9
86;2021-04-11;442;10;80412;30101;18.4;6.9
86;2021-04-12;821;766;81233;30867;18.6;7.1
86;2021-04-13;2452;939;83685;31806;19.1;7.3
86;2021-04-14;1871;879;85556;32685;19.6;7.5
86;2021-04-15;2276;728;87832;33413;20.1;7.6
86;2021-04-16;2471;1228;90303;34641;20.6;7.9
86;2021-04-17;1039;263;91342;34904;20.9;8.0
86;2021-04-18;119;4;91461;34908;20.9;8.0
86;2021-04-19;745;795;92206;35703;21.1;8.2
86;2021-04-20;2300;1501;94506;37204;21.6;8.5
86;2021-04-21;2107;1126;96613;38330;22.1;8.8
86;2021-04-22;2331;1445;98944;39775;22.6;9.1
86;2021-04-23;2393;1578;101337;41353;23.2;9.5
86;2021-04-24;1300;510;102637;41863;23.5;9.6
86;2021-04-25;825;26;103462;41889;23.7;9.6
86;2021-04-26;2079;891;105541;42780;24.1;9.8
86;2021-04-27;3156;1671;108697;44451;24.9;10.2
86;2021-04-28;3004;1522;111701;45973;25.5;10.5
86;2021-04-29;3557;1833;115258;47806;26.4;10.9
86;2021-04-30;2969;1485;118227;49291;27.0;11.3
86;2021-05-01;1580;198;119807;49489;27.4;11.3
86;2021-05-02;1280;44;121087;49533;27.7;11.3
86;2021-05-03;2562;1005;123649;50538;28.3;11.6
86;2021-05-04;3510;1902;127159;52440;29.1;12.0
86;2021-05-05;3990;1485;131149;53925;30.0;12.3
86;2021-05-06;4291;1657;135440;55582;31.0;12.7
86;2021-05-07;4047;1828;139487;57410;31.9;13.1
86;2021-05-08;1976;398;141463;57808;32.3;13.2
86;2021-05-09;1641;203;143104;58011;32.7;13.3
86;2021-05-10;1957;1174;145061;59185;33.2;13.5
86;2021-05-11;3605;2688;148666;61873;34.0;14.1
86;2021-05-12;2251;1651;150917;63524;34.5;14.5
86;2021-05-13;1686;298;152603;63822;34.9;14.6
86;2021-05-14;2098;789;154701;64611;35.4;14.8
86;2021-05-15;1467;503;156168;65114;35.7;14.9
86;2021-05-16;778;164;156946;65278;35.9;14.9
86;2021-05-17;3221;1063;160167;66341;36.6;15.2
86;2021-05-18;4307;1667;164474;68008;37.6;15.5
86;2021-05-19;3591;1437;168065;69445;38.4;15.9
86;2021-05-20;4375;1624;172440;71069;39.4;16.2
86;2021-05-21;3438;1773;175878;72842;40.2;16.7
86;2021-05-22;2076;664;177954;73506;40.7;16.8
86;2021-05-23;1439;183;179393;73689;41.0;16.8
86;2021-05-24;1848;203;181241;73892;41.4;16.9
86;2021-05-25;2849;1641;184090;75533;42.1;17.3
86;2021-05-26;2727;1526;186817;77059;42.7;17.6
86;2021-05-27;3546;1850;190363;78909;43.5;18.0
86;2021-05-28;2163;2538;192526;81447;44.0;18.6
86;2021-05-29;1527;1288;194053;82735;44.4;18.9
86;2021-05-30;934;133;194987;82868;44.6;18.9
86;2021-05-31;1922;1821;196909;84689;45.0;19.4
86;2021-06-01;2665;2593;199574;87282;45.6;20.0
86;2021-06-02;2301;2668;201875;89950;46.2;20.6
86;2021-06-03;3336;2415;205211;92365;46.9;21.1
86;2021-06-04;2239;2863;207450;95228;47.4;21.8
86;2021-06-05;1502;1578;208952;96806;47.8;22.1
86;2021-06-06;819;899;209771;97705;48.0;22.3
86;2021-06-07;1118;2466;210889;100171;48.2;22.9
86;2021-06-08;1989;3698;212878;103869;48.7;23.7
86;2021-06-09;1903;3321;214781;107190;49.1;24.5
86;2021-06-10;2352;3242;217133;110432;49.6;25.2
86;2021-06-11;1518;2792;218651;113224;50.0;25.9
86;2021-06-12;746;2245;219397;115469;50.2;26.4
86;2021-06-13;214;1477;219611;116946;50.2;26.7
86;2021-06-14;1159;2904;220770;119850;50.5;27.4
86;2021-06-15;1688;4262;222458;124112;50.9;28.4
86;2021-06-16;1809;3132;224267;127244;51.3;29.1
86;2021-06-17;1776;4447;226043;131691;51.7;30.1
86;2021-06-18;1884;4591;227927;136282;52.1;31.2
86;2021-06-19;636;2101;228563;138383;52.3;31.6
86;2021-06-20;174;1319;228737;139702;52.3;31.9
86;2021-06-21;1106;2237;229843;141939;52.5;32.5
86;2021-06-22;1298;3459;231141;145398;52.8;33.2
86;2021-06-23;1364;2401;232505;147799;53.2;33.8
86;2021-06-24;1590;2724;234095;150523;53.5;34.4
86;2021-06-25;1193;3552;235288;154075;53.8;35.2
86;2021-06-26;391;2653;235679;156728;53.9;35.8
86;2021-06-27;138;1633;235817;158361;53.9;36.2
86;2021-06-28;271;3343;236088;161704;54.0;37.0
86;2021-06-29;858;4605;236946;166309;54.2;38.0
86;2021-06-30;1051;2974;237997;169283;54.4;38.7
86;2021-07-01;1540;3005;239537;172288;54.8;39.4
86;2021-07-02;1108;3644;240645;175932;55.0;40.2
86;2021-07-03;517;2394;241162;178326;55.1;40.8
86;2021-07-04;116;1347;241278;179673;55.2;41.1
86;2021-07-05;469;2832;241747;182505;55.3;41.7
86;2021-07-06;989;4103;242736;186608;55.5;42.7
86;2021-07-07;1260;2628;243996;189236;55.8;43.3
86;2021-07-08;1618;3150;245614;192386;56.2;44.0
86;2021-07-09;1744;3084;247358;195470;56.6;44.7
86;2021-07-10;1303;1954;248661;197424;56.9;45.1
86;2021-07-11;482;839;249143;198263;57.0;45.3
86;2021-07-12;850;2404;249993;200667;57.2;45.9
86;2021-07-13;1779;3367;251772;204034;57.6;46.6
86;2021-07-14;785;1232;252557;205266;57.7;46.9
86;2021-07-15;1883;3293;254440;208559;58.2;47.7
86;2021-07-16;1672;2663;256112;211222;58.6;48.3
86;2021-07-17;1350;1600;257462;212822;58.9;48.7
86;2021-07-18;378;906;257840;213728;58.9;48.9
86;2021-07-19;1376;1887;259216;215615;59.3;49.3
86;2021-07-20;2341;2733;261557;218348;59.8;49.9
86;2021-07-21;2302;2162;263859;220510;60.3;50.4
86;2021-07-22;2900;2794;266759;223304;61.0;51.1
86;2021-07-23;2466;2165;269225;225469;61.6;51.5
86;2021-07-24;1542;1225;270767;226694;61.9;51.8
86;2021-07-25;713;322;271480;227016;62.1;51.9
86;2021-07-26;1587;2105;273067;229121;62.4;52.4
86;2021-07-27;3547;2756;276614;231877;63.2;53.0
86;2021-07-28;3272;2135;279886;234012;64.0;53.5
86;2021-07-29;3261;2541;283147;236553;64.7;54.1
86;2021-07-30;2240;2379;285387;238932;65.2;54.6
86;2021-07-31;1421;1057;286808;239989;65.6;54.9
86;2021-08-01;648;336;287456;240325;65.7;54.9
86;2021-08-02;1935;1681;289391;242006;66.2;55.3
86;2021-08-03;3274;1993;292665;243999;66.9;55.8
86;2021-08-04;2735;1784;295400;245783;67.5;56.2
86;2021-08-05;3545;2054;298945;247837;68.3;56.7
86;2021-08-06;2364;1759;301309;249596;68.9;57.1
86;2021-08-07;1568;997;302877;250593;69.2;57.3
86;2021-08-08;946;551;303823;251144;69.5;57.4
86;2021-08-09;1874;1298;305697;252442;69.9;57.7
86;2021-08-10;2672;1782;308369;254224;70.5;58.1
86;2021-08-11;2350;1437;310719;255661;71.0;58.5
86;2021-08-12;2472;1833;313191;257494;71.6;58.9
86;2021-08-13;1824;1487;315015;258981;72.0;59.2
86;2021-08-14;1327;1150;316342;260131;72.3;59.5
86;2021-08-15;561;621;316903;260752;72.5;59.6
86;2021-08-16;1138;1789;318041;262541;72.7;60.0
86;2021-08-17;1552;2216;319593;264757;73.1;60.5
86;2021-08-18;1249;1854;320842;266611;73.4;61.0
86;2021-08-19;1496;2632;322338;269243;73.7;61.6
86;2021-08-20;1254;2598;323592;271841;74.0;62.1
86;2021-08-21;882;2007;324474;273848;74.2;62.6
86;2021-08-22;350;719;324824;274567;74.3;62.8
86;2021-08-23;715;1819;325539;276386;74.4;63.2
86;2021-08-24;1076;2748;326615;279134;74.7;63.8
86;2021-08-25;911;2062;327526;281196;74.9;64.3
87;2020-12-27;0;0;0;0;0.0;0.0
87;2020-12-28;1;0;1;0;0.0;0.0
87;2020-12-29;0;0;1;0;0.0;0.0
87;2020-12-30;0;0;1;0;0.0;0.0
87;2020-12-31;0;0;1;0;0.0;0.0
87;2021-01-01;0;0;1;0;0.0;0.0
87;2021-01-02;0;0;1;0;0.0;0.0
87;2021-01-03;0;0;1;0;0.0;0.0
87;2021-01-04;1;0;2;0;0.0;0.0
87;2021-01-05;1;0;3;0;0.0;0.0
87;2021-01-06;10;0;13;0;0.0;0.0
87;2021-01-07;301;0;314;0;0.1;0.0
87;2021-01-08;407;0;721;0;0.2;0.0
87;2021-01-09;64;0;785;0;0.2;0.0
87;2021-01-10;35;0;820;0;0.2;0.0
87;2021-01-11;424;0;1244;0;0.3;0.0
87;2021-01-12;652;0;1896;0;0.5;0.0
87;2021-01-13;660;3;2556;3;0.7;0.0
87;2021-01-14;517;11;3073;14;0.8;0.0
87;2021-01-15;533;3;3606;17;1.0;0.0
87;2021-01-16;204;1;3810;18;1.0;0.0
87;2021-01-17;1;0;3811;18;1.0;0.0
87;2021-01-18;646;5;4457;23;1.2;0.0
87;2021-01-19;656;1;5113;24;1.4;0.0
87;2021-01-20;674;3;5787;27;1.6;0.0
87;2021-01-21;717;1;6504;28;1.8;0.0
87;2021-01-22;758;4;7262;32;2.0;0.0
87;2021-01-23;286;0;7548;32;2.0;0.0
87;2021-01-24;0;0;7548;32;2.0;0.0
87;2021-01-25;620;10;8168;42;2.2;0.0
87;2021-01-26;570;52;8738;94;2.4;0.0
87;2021-01-27;572;40;9310;134;2.5;0.0
87;2021-01-28;857;110;10167;244;2.7;0.1
87;2021-01-29;740;272;10907;516;2.9;0.1
87;2021-01-30;327;74;11234;590;3.0;0.2
87;2021-01-31;34;71;11268;661;3.0;0.2
87;2021-02-01;413;310;11681;971;3.2;0.3
87;2021-02-02;452;481;12133;1452;3.3;0.4
87;2021-02-03;540;422;12673;1874;3.4;0.5
87;2021-02-04;613;594;13286;2468;3.6;0.7
87;2021-02-05;342;383;13628;2851;3.7;0.8
87;2021-02-06;53;154;13681;3005;3.7;0.8
87;2021-02-07;20;0;13701;3005;3.7;0.8
87;2021-02-08;245;445;13946;3450;3.8;0.9
87;2021-02-09;217;544;14163;3994;3.8;1.1
87;2021-02-10;262;626;14425;4620;3.9;1.2
87;2021-02-11;286;540;14711;5160;4.0;1.4
87;2021-02-12;287;556;14998;5716;4.0;1.5
87;2021-02-13;25;170;15023;5886;4.1;1.6
87;2021-02-14;0;3;15023;5889;4.1;1.6
87;2021-02-15;237;388;15260;6277;4.1;1.7
87;2021-02-16;330;330;15590;6607;4.2;1.8
87;2021-02-17;330;380;15920;6987;4.3;1.9
87;2021-02-18;478;645;16398;7632;4.4;2.1
87;2021-02-19;403;481;16801;8113;4.5;2.2
87;2021-02-20;123;196;16924;8309;4.6;2.2
87;2021-02-21;2;9;16926;8318;4.6;2.2
87;2021-02-22;438;576;17364;8894;4.7;2.4
87;2021-02-23;557;635;17921;9529;4.8;2.6
87;2021-02-24;450;601;18371;10130;5.0;2.7
87;2021-02-25;790;708;19161;10838;5.2;2.9
87;2021-02-26;840;477;20001;11315;5.4;3.1
87;2021-02-27;405;212;20406;11527;5.5;3.1
87;2021-02-28;3;0;20409;11527;5.5;3.1
87;2021-03-01;518;369;20927;11896;5.6;3.2
87;2021-03-02;1031;386;21958;12282;5.9;3.3
87;2021-03-03;1174;352;23132;12634;6.2;3.4
87;2021-03-04;1406;339;24538;12973;6.6;3.5
87;2021-03-05;1770;285;26308;13258;7.1;3.6
87;2021-03-06;1047;40;27355;13298;7.4;3.6
87;2021-03-07;257;6;27612;13304;7.4;3.6
87;2021-03-08;864;246;28476;13550;7.7;3.7
87;2021-03-09;1288;232;29764;13782;8.0;3.7
87;2021-03-10;1299;233;31063;14015;8.4;3.8
87;2021-03-11;1754;253;32817;14268;8.9;3.8
87;2021-03-12;2129;290;34946;14558;9.4;3.9
87;2021-03-13;1308;20;36254;14578;9.8;3.9
87;2021-03-14;80;1;36334;14579;9.8;3.9
87;2021-03-15;989;357;37323;14936;10.1;4.0
87;2021-03-16;1061;243;38384;15179;10.4;4.1
87;2021-03-17;1070;220;39454;15399;10.6;4.2
87;2021-03-18;1185;343;40639;15742;11.0;4.2
87;2021-03-19;1683;278;42322;16020;11.4;4.3
87;2021-03-20;923;85;43245;16105;11.7;4.3
87;2021-03-21;32;0;43277;16105;11.7;4.3
87;2021-03-22;1049;382;44326;16487;12.0;4.4
87;2021-03-23;1385;431;45711;16918;12.3;4.6
87;2021-03-24;1508;367;47219;17285;12.7;4.7
87;2021-03-25;2500;395;49719;17680;13.4;4.8
87;2021-03-26;2531;455;52250;18135;14.1;4.9
87;2021-03-27;889;125;53139;18260;14.3;4.9
87;2021-03-28;269;18;53408;18278;14.4;4.9
87;2021-03-29;1118;417;54526;18695;14.7;5.0
87;2021-03-30;1908;666;56434;19361;15.2;5.2
87;2021-03-31;1660;694;58094;20055;15.7;5.4
87;2021-04-01;2239;572;60333;20627;16.3;5.6
87;2021-04-02;1842;634;62175;21261;16.8;5.7
87;2021-04-03;455;265;62630;21526;16.9;5.8
87;2021-04-04;2;0;62632;21526;16.9;5.8
87;2021-04-05;82;1;62714;21527;16.9;5.8
87;2021-04-06;1000;906;63714;22433;17.2;6.1
87;2021-04-07;1486;926;65200;23359;17.6;6.3
87;2021-04-08;1785;1033;66985;24392;18.1;6.6
87;2021-04-09;2646;736;69631;25128;18.8;6.8
87;2021-04-10;1190;306;70821;25434;19.1;6.9
87;2021-04-11;68;0;70889;25434;19.1;6.9
87;2021-04-12;1618;827;72507;26261;19.6;7.1
87;2021-04-13;2290;1061;74797;27322;20.2;7.4
87;2021-04-14;2528;1186;77325;28508;20.9;7.7
87;2021-04-15;2223;1076;79548;29584;21.5;8.0
87;2021-04-16;2736;1072;82284;30656;22.2;8.3
87;2021-04-17;731;385;83015;31041;22.4;8.4
87;2021-04-18;111;141;83126;31182;22.4;8.4
87;2021-04-19;1658;838;84784;32020;22.9;8.6
87;2021-04-20;2085;880;86869;32900;23.4;8.9
87;2021-04-21;2295;992;89164;33892;24.0;9.1
87;2021-04-22;2564;1162;91728;35054;24.7;9.5
87;2021-04-23;1997;1181;93725;36235;25.3;9.8
87;2021-04-24;825;620;94550;36855;25.5;9.9
87;2021-04-25;64;103;94614;36958;25.5;10.0
87;2021-04-26;1356;915;95970;37873;25.9;10.2
87;2021-04-27;2398;1207;98368;39080;26.5;10.5
87;2021-04-28;3867;1443;102235;40523;27.6;10.9
87;2021-04-29;3077;1843;105312;42366;28.4;11.4
87;2021-04-30;3174;1359;108486;43725;29.3;11.8
87;2021-05-01;613;58;109099;43783;29.4;11.8
87;2021-05-02;361;5;109460;43788;29.5;11.8
87;2021-05-03;2322;939;111782;44727;30.1;12.1
87;2021-05-04;2906;1071;114688;45798;30.9;12.4
87;2021-05-05;2989;1512;117677;47310;31.7;12.8
87;2021-05-06;2532;1725;120209;49035;32.4;13.2
87;2021-05-07;2944;1722;123153;50757;33.2;13.7
87;2021-05-08;772;295;123925;51052;33.4;13.8
87;2021-05-09;19;133;123944;51185;33.4;13.8
87;2021-05-10;1937;1604;125881;52789;34.0;14.2
87;2021-05-11;2466;1908;128347;54697;34.6;14.8
87;2021-05-12;2621;2066;130968;56763;35.3;15.3
87;2021-05-13;1085;293;132053;57056;35.6;15.4
87;2021-05-14;2244;1772;134297;58828;36.2;15.9
87;2021-05-15;950;407;135247;59235;36.5;16.0
87;2021-05-16;141;73;135388;59308;36.5;16.0
87;2021-05-17;1628;1761;137016;61069;37.0;16.5
87;2021-05-18;2635;1818;139651;62887;37.7;17.0
87;2021-05-19;2822;1552;142473;64439;38.4;17.4
87;2021-05-20;3304;1724;145777;66163;39.3;17.8
87;2021-05-21;2765;1841;148542;68004;40.1;18.3
87;2021-05-22;1457;628;149999;68632;40.5;18.5
87;2021-05-23;210;92;150209;68724;40.5;18.5
87;2021-05-24;1056;142;151265;68866;40.8;18.6
87;2021-05-25;2118;1811;153383;70677;41.4;19.1
87;2021-05-26;3221;2478;156604;73155;42.2;19.7
87;2021-05-27;3024;2356;159628;75511;43.1;20.4
87;2021-05-28;2673;2524;162301;78035;43.8;21.0
87;2021-05-29;1060;1315;163361;79350;44.1;21.4
87;2021-05-30;258;60;163619;79410;44.1;21.4
87;2021-05-31;2286;1359;165905;80769;44.7;21.8
87;2021-06-01;2548;1867;168453;82636;45.4;22.3
87;2021-06-02;2526;1857;170979;84493;46.1;22.8
87;2021-06-03;3210;2529;174189;87022;47.0;23.5
87;2021-06-04;2839;2059;177028;89081;47.7;24.0
87;2021-06-05;1311;576;178339;89657;48.1;24.2
87;2021-06-06;262;95;178601;89752;48.2;24.2
87;2021-06-07;2100;1901;180701;91653;48.7;24.7
87;2021-06-08;2960;2600;183661;94253;49.5;25.4
87;2021-06-09;2305;2813;185966;97066;50.2;26.2
87;2021-06-10;2974;2552;188940;99618;51.0;26.9
87;2021-06-11;2363;3075;191303;102693;51.6;27.7
87;2021-06-12;1220;1104;192523;103797;51.9;28.0
87;2021-06-13;293;484;192816;104281;52.0;28.1
87;2021-06-14;980;2730;193796;107011;52.3;28.9
87;2021-06-15;1361;3321;195157;110332;52.6;29.8
87;2021-06-16;1650;3422;196807;113754;53.1;30.7
87;2021-06-17;2437;2315;199244;116069;53.7;31.3
87;2021-06-18;1790;3018;201034;119087;54.2;32.1
87;2021-06-19;1047;1177;202081;120264;54.5;32.4
87;2021-06-20;205;205;202286;120469;54.6;32.5
87;2021-06-21;1041;2643;203327;123112;54.8;33.2
87;2021-06-22;1029;2882;204356;125994;55.1;34.0
87;2021-06-23;1257;3080;205613;129074;55.5;34.8
87;2021-06-24;1620;2559;207233;131633;55.9;35.5
87;2021-06-25;1449;2713;208682;134346;56.3;36.2
87;2021-06-26;529;1202;209211;135548;56.4;36.6
87;2021-06-27;26;212;209237;135760;56.4;36.6
87;2021-06-28;717;2573;209954;138333;56.6;37.3
87;2021-06-29;1156;3417;211110;141750;56.9;38.2
87;2021-06-30;1123;2651;212233;144401;57.2;38.9
87;2021-07-01;1481;2549;213714;146950;57.6;39.6
87;2021-07-02;1200;3462;214914;150412;58.0;40.6
87;2021-07-03;413;1511;215327;151923;58.1;41.0
87;2021-07-04;24;384;215351;152307;58.1;41.1
87;2021-07-05;686;2395;216037;154702;58.3;41.7
87;2021-07-06;583;3221;216620;157923;58.4;42.6
87;2021-07-07;863;3345;217483;161268;58.7;43.5
87;2021-07-08;1119;3673;218602;164941;59.0;44.5
87;2021-07-09;1110;3700;219712;168641;59.3;45.5
87;2021-07-10;290;1359;220002;170000;59.3;45.9
87;2021-07-11;49;284;220051;170284;59.3;45.9
87;2021-07-12;559;3189;220610;173473;59.5;46.8
87;2021-07-13;833;3513;221443;176986;59.7;47.7
87;2021-07-14;518;540;221961;177526;59.9;47.9
87;2021-07-15;1360;3461;223321;180987;60.2;48.8
87;2021-07-16;1730;3601;225051;184588;60.7;49.8
87;2021-07-17;655;1373;225706;185961;60.9;50.2
87;2021-07-18;81;285;225787;186246;60.9;50.2
87;2021-07-19;1433;3400;227220;189646;61.3;51.1
87;2021-07-20;1806;3594;229026;193240;61.8;52.1
87;2021-07-21;1451;3151;230477;196391;62.2;53.0
87;2021-07-22;1878;3249;232355;199640;62.7;53.8
87;2021-07-23;1867;3171;234222;202811;63.2;54.7
87;2021-07-24;814;1283;235036;204094;63.4;55.0
87;2021-07-25;106;241;235142;204335;63.4;55.1
87;2021-07-26;1540;2330;236682;206665;63.8;55.7
87;2021-07-27;2549;2061;239231;208726;64.5;56.3
87;2021-07-28;2389;2006;241620;210732;65.2;56.8
87;2021-07-29;3002;1995;244622;212727;66.0;57.4
87;2021-07-30;2537;2075;247159;214802;66.7;57.9
87;2021-07-31;1104;838;248263;215640;67.0;58.2
87;2021-08-01;284;151;248547;215791;67.0;58.2
87;2021-08-02;2112;1511;250659;217302;67.6;58.6
87;2021-08-03;2485;1331;253144;218633;68.3;59.0
87;2021-08-04;2307;1063;255451;219696;68.9;59.3
87;2021-08-05;2515;1409;257966;221105;69.6;59.6
87;2021-08-06;2129;1658;260095;222763;70.1;60.1
87;2021-08-07;1102;782;261197;223545;70.4;60.3
87;2021-08-08;206;123;261403;223668;70.5;60.3
87;2021-08-09;1815;1530;263218;225198;71.0;60.7
87;2021-08-10;2192;1536;265410;226734;71.6;61.2
87;2021-08-11;1905;1271;267315;228005;72.1;61.5
87;2021-08-12;2089;1478;269404;229483;72.7;61.9
87;2021-08-13;1717;1634;271121;231117;73.1;62.3
87;2021-08-14;667;731;271788;231848;73.3;62.5
87;2021-08-15;72;104;271860;231952;73.3;62.6
87;2021-08-16;1499;1747;273359;233699;73.7;63.0
87;2021-08-17;1343;1666;274702;235365;74.1;63.5
87;2021-08-18;1241;1998;275943;237363;74.4;64.0
87;2021-08-19;1217;1799;277160;239162;74.8;64.5
87;2021-08-20;913;2202;278073;241364;75.0;65.1
87;2021-08-21;317;964;278390;242328;75.1;65.4
87;2021-08-22;92;235;278482;242563;75.1;65.4
87;2021-08-23;742;2388;279224;244951;75.3;66.1
87;2021-08-24;758;2133;279982;247084;75.5;66.6
87;2021-08-25;706;2055;280688;249139;75.7;67.2
88;2020-12-27;0;0;0;0;0.0;0.0
88;2020-12-28;0;0;0;0;0.0;0.0
88;2020-12-29;0;0;0;0;0.0;0.0
88;2020-12-30;0;0;0;0;0.0;0.0
88;2020-12-31;0;0;0;0;0.0;0.0
88;2021-01-01;2;0;2;0;0.0;0.0
88;2021-01-02;0;0;2;0;0.0;0.0
88;2021-01-03;0;0;2;0;0.0;0.0
88;2021-01-04;0;0;2;0;0.0;0.0
88;2021-01-05;1;0;3;0;0.0;0.0
88;2021-01-06;3;0;6;0;0.0;0.0
88;2021-01-07;71;1;77;1;0.0;0.0
88;2021-01-08;189;2;266;3;0.1;0.0
88;2021-01-09;190;0;456;3;0.1;0.0
88;2021-01-10;0;0;456;3;0.1;0.0
88;2021-01-11;227;0;683;3;0.2;0.0
88;2021-01-12;422;0;1105;3;0.3;0.0
88;2021-01-13;491;2;1596;5;0.4;0.0
88;2021-01-14;346;2;1942;7;0.5;0.0
88;2021-01-15;380;2;2322;9;0.6;0.0
88;2021-01-16;62;0;2384;9;0.7;0.0
88;2021-01-17;1;0;2385;9;0.7;0.0
88;2021-01-18;461;0;2846;9;0.8;0.0
88;2021-01-19;451;0;3297;9;0.9;0.0
88;2021-01-20;460;1;3757;10;1.0;0.0
88;2021-01-21;1544;5;5301;15;1.5;0.0
88;2021-01-22;1181;2;6482;17;1.8;0.0
88;2021-01-23;284;0;6766;17;1.9;0.0
88;2021-01-24;298;2;7064;19;2.0;0.0
88;2021-01-25;938;3;8002;22;2.2;0.0
88;2021-01-26;388;5;8390;27;2.3;0.0
88;2021-01-27;4;0;8394;27;2.3;0.0
88;2021-01-28;162;37;8556;64;2.4;0.0
88;2021-01-29;526;161;9082;225;2.5;0.1
88;2021-01-30;288;127;9370;352;2.6;0.1
88;2021-01-31;0;0;9370;352;2.6;0.1
88;2021-02-01;406;283;9776;635;2.7;0.2
88;2021-02-02;333;364;10109;999;2.8;0.3
88;2021-02-03;437;241;10546;1240;2.9;0.3
88;2021-02-04;315;229;10861;1469;3.0;0.4
88;2021-02-05;457;252;11318;1721;3.1;0.5
88;2021-02-06;110;56;11428;1777;3.2;0.5
88;2021-02-07;0;0;11428;1777;3.2;0.5
88;2021-02-08;359;204;11787;1981;3.3;0.6
88;2021-02-09;291;288;12078;2269;3.4;0.6
88;2021-02-10;416;348;12494;2617;3.5;0.7
88;2021-02-11;851;1096;13345;3713;3.7;1.0
88;2021-02-12;938;706;14283;4419;4.0;1.2
88;2021-02-13;162;212;14445;4631;4.0;1.3
88;2021-02-14;81;216;14526;4847;4.0;1.3
88;2021-02-15;641;1075;15167;5922;4.2;1.6
88;2021-02-16;472;723;15639;6645;4.3;1.8
88;2021-02-17;456;437;16095;7082;4.5;2.0
88;2021-02-18;516;385;16611;7467;4.6;2.1
88;2021-02-19;536;461;17147;7928;4.8;2.2
88;2021-02-20;156;101;17303;8029;4.8;2.2
88;2021-02-21;1;25;17304;8054;4.8;2.2
88;2021-02-22;425;342;17729;8396;4.9;2.3
88;2021-02-23;403;233;18132;8629;5.0;2.4
88;2021-02-24;506;210;18638;8839;5.2;2.5
88;2021-02-25;675;285;19313;9124;5.4;2.5
88;2021-02-26;863;277;20176;9401;5.6;2.6
88;2021-02-27;269;34;20445;9435;5.7;2.6
88;2021-02-28;30;1;20475;9436;5.7;2.6
88;2021-03-01;359;464;20834;9900;5.8;2.8
88;2021-03-02;431;497;21265;10397;5.9;2.9
88;2021-03-03;649;463;21914;10860;6.1;3.0
88;2021-03-04;1039;755;22953;11615;6.4;3.2
88;2021-03-05;934;703;23887;12318;6.6;3.4
88;2021-03-06;1874;120;25761;12438;7.2;3.5
88;2021-03-07;1058;79;26819;12517;7.5;3.5
88;2021-03-08;727;690;27546;13207;7.7;3.7
88;2021-03-09;1095;535;28641;13742;8.0;3.8
88;2021-03-10;1083;494;29724;14236;8.3;4.0
88;2021-03-11;1441;401;31165;14637;8.7;4.1
88;2021-03-12;1309;489;32474;15126;9.0;4.2
88;2021-03-13;1210;128;33684;15254;9.4;4.2
88;2021-03-14;166;5;33850;15259;9.4;4.2
88;2021-03-15;929;449;34779;15708;9.7;4.4
88;2021-03-16;1024;345;35803;16053;10.0;4.5
88;2021-03-17;903;424;36706;16477;10.2;4.6
88;2021-03-18;1301;401;38007;16878;10.6;4.7
88;2021-03-19;1464;502;39471;17380;11.0;4.8
88;2021-03-20;1317;53;40788;17433;11.3;4.8
88;2021-03-21;37;0;40825;17433;11.4;4.8
88;2021-03-22;1232;544;42057;17977;11.7;5.0
88;2021-03-23;1780;441;43837;18418;12.2;5.1
88;2021-03-24;1876;472;45713;18890;12.7;5.3
88;2021-03-25;2499;493;48212;19383;13.4;5.4
88;2021-03-26;2480;457;50692;19840;14.1;5.5
88;2021-03-27;883;298;51575;20138;14.3;5.6
88;2021-03-28;61;4;51636;20142;14.4;5.6
88;2021-03-29;1305;447;52941;20589;14.7;5.7
88;2021-03-30;2062;393;55003;20982;15.3;5.8
88;2021-03-31;1619;577;56622;21559;15.7;6.0
88;2021-04-01;2118;716;58740;22275;16.3;6.2
88;2021-04-02;2816;644;61556;22919;17.1;6.4
88;2021-04-03;745;215;62301;23134;17.3;6.4
88;2021-04-04;16;1;62317;23135;17.3;6.4
88;2021-04-05;23;2;62340;23137;17.3;6.4
88;2021-04-06;1139;679;63479;23816;17.7;6.6
88;2021-04-07;1600;714;65079;24530;18.1;6.8
88;2021-04-08;1859;789;66938;25319;18.6;7.0
88;2021-04-09;3080;741;70018;26060;19.5;7.2
88;2021-04-10;724;648;70742;26708;19.7;7.4
88;2021-04-11;33;1;70775;26709;19.7;7.4
88;2021-04-12;1539;985;72314;27694;20.1;7.7
88;2021-04-13;2037;1092;74351;28786;20.7;8.0
88;2021-04-14;1911;949;76262;29735;21.2;8.3
88;2021-04-15;1967;1241;78229;30976;21.8;8.6
88;2021-04-16;2108;1049;80337;32025;22.3;8.9
88;2021-04-17;1429;766;81766;32791;22.7;9.1
88;2021-04-18;268;23;82034;32814;22.8;9.1
88;2021-04-19;1173;1236;83207;34050;23.1;9.5
88;2021-04-20;1190;1397;84397;35447;23.5;9.9
88;2021-04-21;1503;1297;85900;36744;23.9;10.2
88;2021-04-22;1899;1631;87799;38375;24.4;10.7
88;2021-04-23;1825;2048;89624;40423;24.9;11.2
88;2021-04-24;1184;782;90808;41205;25.3;11.5
88;2021-04-25;34;2;90842;41207;25.3;11.5
88;2021-04-26;1180;1172;92022;42379;25.6;11.8
88;2021-04-27;1278;1735;93300;44114;26.0;12.3
88;2021-04-28;1634;1497;94934;45611;26.4;12.7
88;2021-04-29;2082;1465;97016;47076;27.0;13.1
88;2021-04-30;2450;1631;99466;48707;27.7;13.5
88;2021-05-01;2008;286;101474;48993;28.2;13.6
88;2021-05-02;1301;123;102775;49116;28.6;13.7
88;2021-05-03;1558;1218;104333;50334;29.0;14.0
88;2021-05-04;1444;1468;105777;51802;29.4;14.4
88;2021-05-05;2427;1598;108204;53400;30.1;14.9
88;2021-05-06;3210;1212;111414;54612;31.0;15.2
88;2021-05-07;2939;1357;114353;55969;31.8;15.6
88;2021-05-08;1532;469;115885;56438;32.2;15.7
88;2021-05-09;1734;156;117619;56594;32.7;15.7
88;2021-05-10;1764;1572;119383;58166;33.2;16.2
88;2021-05-11;2657;1912;122040;60078;33.9;16.7
88;2021-05-12;2531;1854;124571;61932;34.6;17.2
88;2021-05-13;3258;680;127829;62612;35.6;17.4
88;2021-05-14;2501;1542;130330;64154;36.3;17.8
88;2021-05-15;1625;742;131955;64896;36.7;18.1
88;2021-05-16;1333;104;133288;65000;37.1;18.1
88;2021-05-17;1988;947;135276;65947;37.6;18.3
88;2021-05-18;2256;1112;137532;67059;38.3;18.7
88;2021-05-19;2723;1149;140255;68208;39.0;19.0
88;2021-05-20;3347;1238;143602;69446;39.9;19.3
88;2021-05-21;2875;1149;146477;70595;40.7;19.6
88;2021-05-22;1432;715;147909;71310;41.1;19.8
88;2021-05-23;557;74;148466;71384;41.3;19.9
88;2021-05-24;1675;434;150141;71818;41.8;20.0
88;2021-05-25;1647;1174;151788;72992;42.2;20.3
88;2021-05-26;2368;1141;154156;74133;42.9;20.6
88;2021-05-27;2201;1362;156357;75495;43.5;21.0
88;2021-05-28;1892;1988;158249;77483;44.0;21.6
88;2021-05-29;1232;1754;159481;79237;44.4;22.0
88;2021-05-30;587;418;160068;79655;44.5;22.2
88;2021-05-31;1327;1856;161395;81511;44.9;22.7
88;2021-06-01;1720;1988;163115;83499;45.4;23.2
88;2021-06-02;2077;1872;165192;85371;45.9;23.7
88;2021-06-03;2738;1620;167930;86991;46.7;24.2
88;2021-06-04;2043;1935;169973;88926;47.3;24.7
88;2021-06-05;1531;1139;171504;90065;47.7;25.1
88;2021-06-06;693;155;172197;90220;47.9;25.1
88;2021-06-07;1292;1709;173489;91929;48.3;25.6
88;2021-06-08;1666;1933;175155;93862;48.7;26.1
88;2021-06-09;1618;1911;176773;95773;49.2;26.6
88;2021-06-10;1780;2047;178553;97820;49.7;27.2
88;2021-06-11;1549;2217;180102;100037;50.1;27.8
88;2021-06-12;669;1657;180771;101694;50.3;28.3
88;2021-06-13;464;377;181235;102071;50.4;28.4
88;2021-06-14;1030;2249;182265;104320;50.7;29.0
88;2021-06-15;1929;2459;184194;106779;51.2;29.7
88;2021-06-16;1484;2870;185678;109649;51.6;30.5
88;2021-06-17;1600;2728;187278;112377;52.1;31.3
88;2021-06-18;1356;2461;188634;114838;52.5;31.9
88;2021-06-19;701;1090;189335;115928;52.7;32.2
88;2021-06-20;78;79;189413;116007;52.7;32.3
88;2021-06-21;672;2580;190085;118587;52.9;33.0
88;2021-06-22;869;3433;190954;122020;53.1;33.9
88;2021-06-23;1142;2877;192096;124897;53.4;34.7
88;2021-06-24;703;2603;192799;127500;53.6;35.5
88;2021-06-25;1436;3180;194235;130680;54.0;36.3
88;2021-06-26;903;2071;195138;132751;54.3;36.9
88;2021-06-27;543;634;195681;133385;54.4;37.1
88;2021-06-28;758;2513;196439;135898;54.6;37.8
88;2021-06-29;961;3355;197400;139253;54.9;38.7
88;2021-06-30;1137;3114;198537;142367;55.2;39.6
88;2021-07-01;1057;2687;199594;145054;55.5;40.3
88;2021-07-02;988;3147;200582;148201;55.8;41.2
88;2021-07-03;694;1699;201276;149900;56.0;41.7
88;2021-07-04;258;815;201534;150715;56.1;41.9
88;2021-07-05;993;2022;202527;152737;56.3;42.5
88;2021-07-06;1020;2415;203547;155152;56.6;43.2
88;2021-07-07;1179;2586;204726;157738;56.9;43.9
88;2021-07-08;1085;2064;205811;159802;57.2;44.4
88;2021-07-09;1583;2705;207394;162507;57.7;45.2
88;2021-07-10;719;1818;208113;164325;57.9;45.7
88;2021-07-11;468;696;208581;165021;58.0;45.9
88;2021-07-12;1054;2521;209635;167542;58.3;46.6
88;2021-07-13;1313;2652;210948;170194;58.7;47.3
88;2021-07-14;1206;801;212154;170995;59.0;47.6
88;2021-07-15;1744;3314;213898;174309;59.5;48.5
88;2021-07-16;1470;2964;215368;177273;59.9;49.3
88;2021-07-17;802;1589;216170;178862;60.1;49.8
88;2021-07-18;180;680;216350;179542;60.2;49.9
88;2021-07-19;1562;2232;217912;181774;60.6;50.6
88;2021-07-20;2143;2390;220055;184164;61.2;51.2
88;2021-07-21;1938;2219;221993;186383;61.7;51.8
88;2021-07-22;1697;2109;223690;188492;62.2;52.4
88;2021-07-23;2506;2782;226196;191274;62.9;53.2
88;2021-07-24;1059;1187;227255;192461;63.2;53.5
88;2021-07-25;432;608;227687;193069;63.3;53.7
88;2021-07-26;1712;2073;229399;195142;63.8;54.3
88;2021-07-27;2348;2059;231747;197201;64.5;54.9
88;2021-07-28;2206;2250;233953;199451;65.1;55.5
88;2021-07-29;3027;1635;236980;201086;65.9;55.9
88;2021-07-30;2272;2292;239252;203378;66.5;56.6
88;2021-07-31;1100;1037;240352;204415;66.9;56.9
88;2021-08-01;443;462;240795;204877;67.0;57.0
88;2021-08-02;2368;1766;243163;206643;67.6;57.5
88;2021-08-03;2867;1587;246030;208230;68.4;57.9
88;2021-08-04;2514;1529;248544;209759;69.1;58.3
88;2021-08-05;1986;1377;250530;211136;69.7;58.7
88;2021-08-06;2914;2013;253444;213149;70.5;59.3
88;2021-08-07;1170;912;254614;214061;70.8;59.5
88;2021-08-08;750;318;255364;214379;71.0;59.6
88;2021-08-09;1544;1647;256908;216026;71.5;60.1
88;2021-08-10;1935;2058;258843;218084;72.0;60.7
88;2021-08-11;1862;1748;260705;219832;72.5;61.1
88;2021-08-12;1659;1347;262364;221179;73.0;61.5
88;2021-08-13;1923;2121;264287;223300;73.5;62.1
88;2021-08-14;576;910;264863;224210;73.7;62.4
88;2021-08-15;336;522;265199;224732;73.8;62.5
88;2021-08-16;1145;1985;266344;226717;74.1;63.1
88;2021-08-17;1267;2051;267611;228768;74.4;63.6
88;2021-08-18;1202;1921;268813;230689;74.8;64.2
88;2021-08-19;1034;1579;269847;232268;75.1;64.6
88;2021-08-20;1012;2326;270859;234594;75.3;65.3
88;2021-08-21;402;1140;271261;235734;75.5;65.6
88;2021-08-22;99;477;271360;236211;75.5;65.7
88;2021-08-23;730;1640;272090;237851;75.7;66.2
88;2021-08-24;913;1968;273003;239819;75.9;66.7
88;2021-08-25;890;2453;273893;242272;76.2;67.4
89;2020-12-27;0;0;0;0;0.0;0.0
89;2020-12-28;1;0;1;0;0.0;0.0
89;2020-12-29;0;0;1;0;0.0;0.0
89;2020-12-30;0;0;1;0;0.0;0.0
89;2020-12-31;0;0;1;0;0.0;0.0
89;2021-01-01;0;0;1;0;0.0;0.0
89;2021-01-02;0;0;1;0;0.0;0.0
89;2021-01-03;0;0;1;0;0.0;0.0
89;2021-01-04;0;0;1;0;0.0;0.0
89;2021-01-05;0;0;1;0;0.0;0.0
89;2021-01-06;48;0;49;0;0.0;0.0
89;2021-01-07;201;0;250;0;0.1;0.0
89;2021-01-08;48;0;298;0;0.1;0.0
89;2021-01-09;1;0;299;0;0.1;0.0
89;2021-01-10;0;0;299;0;0.1;0.0
89;2021-01-11;220;0;519;0;0.2;0.0
89;2021-01-12;349;0;868;0;0.3;0.0
89;2021-01-13;533;3;1401;3;0.4;0.0
89;2021-01-14;709;7;2110;10;0.6;0.0
89;2021-01-15;275;2;2385;12;0.7;0.0
89;2021-01-16;90;3;2475;15;0.7;0.0
89;2021-01-17;0;0;2475;15;0.7;0.0
89;2021-01-18;503;1;2978;16;0.9;0.0
89;2021-01-19;840;3;3818;19;1.1;0.0
89;2021-01-20;760;1;4578;20;1.4;0.0
89;2021-01-21;939;4;5517;24;1.7;0.0
89;2021-01-22;1019;1;6536;25;2.0;0.0
89;2021-01-23;200;0;6736;25;2.0;0.0
89;2021-01-24;106;0;6842;25;2.1;0.0
89;2021-01-25;482;4;7324;29;2.2;0.0
89;2021-01-26;582;13;7906;42;2.4;0.0
89;2021-01-27;472;38;8378;80;2.5;0.0
89;2021-01-28;550;127;8928;207;2.7;0.1
89;2021-01-29;958;42;9886;249;3.0;0.1
89;2021-01-30;184;67;10070;316;3.0;0.1
89;2021-01-31;24;2;10094;318;3.0;0.1
89;2021-02-01;255;152;10349;470;3.1;0.1
89;2021-02-02;282;334;10631;804;3.2;0.2
89;2021-02-03;292;344;10923;1148;3.3;0.3
89;2021-02-04;432;593;11355;1741;3.4;0.5
89;2021-02-05;387;201;11742;1942;3.5;0.6
89;2021-02-06;77;66;11819;2008;3.6;0.6
89;2021-02-07;0;0;11819;2008;3.6;0.6
89;2021-02-08;288;188;12107;2196;3.6;0.7
89;2021-02-09;285;441;12392;2637;3.7;0.8
89;2021-02-10;396;314;12788;2951;3.9;0.9
89;2021-02-11;333;549;13121;3500;4.0;1.1
89;2021-02-12;433;599;13554;4099;4.1;1.2
89;2021-02-13;52;131;13606;4230;4.1;1.3
89;2021-02-14;21;116;13627;4346;4.1;1.3
89;2021-02-15;218;405;13845;4751;4.2;1.4
89;2021-02-16;134;534;13979;5285;4.2;1.6
89;2021-02-17;263;435;14242;5720;4.3;1.7
89;2021-02-18;225;555;14467;6275;4.4;1.9
89;2021-02-19;244;652;14711;6927;4.4;2.1
89;2021-02-20;33;140;14744;7067;4.4;2.1
89;2021-02-21;0;10;14744;7077;4.4;2.1
89;2021-02-22;233;452;14977;7529;4.5;2.3
89;2021-02-23;171;493;15148;8022;4.6;2.4
89;2021-02-24;343;389;15491;8411;4.7;2.5
89;2021-02-25;370;465;15861;8876;4.8;2.7
89;2021-02-26;385;336;16246;9212;4.9;2.8
89;2021-02-27;138;82;16384;9294;4.9;2.8
89;2021-02-28;6;13;16390;9307;4.9;2.8
89;2021-03-01;541;237;16931;9544;5.1;2.9
89;2021-03-02;754;355;17685;9899;5.3;3.0
89;2021-03-03;647;276;18332;10175;5.5;3.1
89;2021-03-04;633;379;18965;10554;5.7;3.2
89;2021-03-05;728;505;19693;11059;5.9;3.3
89;2021-03-06;549;131;20242;11190;6.1;3.4
89;2021-03-07;288;40;20530;11230;6.2;3.4
89;2021-03-08;558;326;21088;11556;6.3;3.5
89;2021-03-09;1000;276;22088;11832;6.7;3.6
89;2021-03-10;984;255;23072;12087;6.9;3.6
89;2021-03-11;1074;301;24146;12388;7.3;3.7
89;2021-03-12;1281;337;25427;12725;7.7;3.8
89;2021-03-13;636;44;26063;12769;7.8;3.8
89;2021-03-14;1;0;26064;12769;7.8;3.8
89;2021-03-15;815;312;26879;13081;8.1;3.9
89;2021-03-16;948;224;27827;13305;8.4;4.0
89;2021-03-17;918;269;28745;13574;8.7;4.1
89;2021-03-18;884;255;29629;13829;8.9;4.2
89;2021-03-19;1149;196;30778;14025;9.3;4.2
89;2021-03-20;844;28;31622;14053;9.5;4.2
89;2021-03-21;173;6;31795;14059;9.6;4.2
89;2021-03-22;1044;225;32839;14284;9.9;4.3
89;2021-03-23;1740;263;34579;14547;10.4;4.4
89;2021-03-24;1967;325;36546;14872;11.0;4.5
89;2021-03-25;1819;171;38365;15043;11.6;4.5
89;2021-03-26;2627;184;40992;15227;12.3;4.6
89;2021-03-27;1774;48;42766;15275;12.9;4.6
89;2021-03-28;32;3;42798;15278;12.9;4.6
89;2021-03-29;965;579;43763;15857;13.2;4.8
89;2021-03-30;1153;570;44916;16427;13.5;4.9
89;2021-03-31;2005;472;46921;16899;14.1;5.1
89;2021-04-01;2120;459;49041;17358;14.8;5.2
89;2021-04-02;2139;446;51180;17804;15.4;5.4
89;2021-04-03;1004;242;52184;18046;15.7;5.4
89;2021-04-04;16;1;52200;18047;15.7;5.4
89;2021-04-05;92;2;52292;18049;15.7;5.4
89;2021-04-06;1035;757;53327;18806;16.1;5.7
89;2021-04-07;1030;805;54357;19611;16.4;5.9
89;2021-04-08;1729;725;56086;20336;16.9;6.1
89;2021-04-09;2161;768;58247;21104;17.5;6.4
89;2021-04-10;892;181;59139;21285;17.8;6.4
89;2021-04-11;38;51;59177;21336;17.8;6.4
89;2021-04-12;1013;793;60190;22129;18.1;6.7
89;2021-04-13;1357;1079;61547;23208;18.5;7.0
89;2021-04-14;1211;1038;62758;24246;18.9;7.3
89;2021-04-15;1415;944;64173;25190;19.3;7.6
89;2021-04-16;1329;940;65502;26130;19.7;7.9
89;2021-04-17;1068;454;66570;26584;20.0;8.0
89;2021-04-18;27;154;66597;26738;20.1;8.1
89;2021-04-19;749;1038;67346;27776;20.3;8.4
89;2021-04-20;1018;1535;68364;29311;20.6;8.8
89;2021-04-21;814;1106;69178;30417;20.8;9.2
89;2021-04-22;1108;1167;70286;31584;21.2;9.5
89;2021-04-23;1823;1967;72109;33551;21.7;10.1
89;2021-04-24;1173;1174;73282;34725;22.1;10.5
89;2021-04-25;139;6;73421;34731;22.1;10.5
89;2021-04-26;1503;775;74924;35506;22.6;10.7
89;2021-04-27;1731;1053;76655;36559;23.1;11.0
89;2021-04-28;1594;1854;78249;38413;23.6;11.6
89;2021-04-29;1968;1917;80217;40330;24.2;12.1
89;2021-04-30;1804;1769;82021;42099;24.7;12.7
89;2021-05-01;846;722;82867;42821;25.0;12.9
89;2021-05-02;134;31;83001;42852;25.0;12.9
89;2021-05-03;1605;764;84606;43616;25.5;13.1
89;2021-05-04;1622;1130;86228;44746;26.0;13.5
89;2021-05-05;2319;1266;88547;46012;26.7;13.9
89;2021-05-06;2413;1379;90960;47391;27.4;14.3
89;2021-05-07;2720;1318;93680;48709;28.2;14.7
89;2021-05-08;1787;534;95467;49243;28.7;14.8
89;2021-05-09;196;18;95663;49261;28.8;14.8
89;2021-05-10;1201;962;96864;50223;29.2;15.1
89;2021-05-11;2489;1463;99353;51686;29.9;15.6
89;2021-05-12;2059;1218;101412;52904;30.5;15.9
89;2021-05-13;414;333;101826;53237;30.7;16.0
89;2021-05-14;1878;1095;103704;54332;31.2;16.4
89;2021-05-15;2248;394;105952;54726;31.9;16.5
89;2021-05-16;10;35;105962;54761;31.9;16.5
89;2021-05-17;2091;637;108053;55398;32.5;16.7
89;2021-05-18;2324;829;110377;56227;33.2;16.9
89;2021-05-19;2861;882;113238;57109;34.1;17.2
89;2021-05-20;2927;890;116165;57999;35.0;17.5
89;2021-05-21;2481;878;118646;58877;35.7;17.7
89;2021-05-22;1429;571;120075;59448;36.2;17.9
89;2021-05-23;108;10;120183;59458;36.2;17.9
89;2021-05-24;286;224;120469;59682;36.3;18.0
89;2021-05-25;1559;983;122028;60665;36.7;18.3
89;2021-05-26;1817;1022;123845;61687;37.3;18.6
89;2021-05-27;2118;1357;125963;63044;37.9;19.0
89;2021-05-28;2143;1422;128106;64466;38.6;19.4
89;2021-05-29;540;658;128646;65124;38.7;19.6
89;2021-05-30;25;22;128671;65146;38.7;19.6
89;2021-05-31;1248;969;129919;66115;39.1;19.9
89;2021-06-01;1506;984;131425;67099;39.6;20.2
89;2021-06-02;1945;1280;133370;68379;40.2;20.6
89;2021-06-03;2428;1523;135798;69902;40.9;21.0
89;2021-06-04;2142;1889;137940;71791;41.5;21.6
89;2021-06-05;1186;1225;139126;73016;41.9;22.0
89;2021-06-06;23;37;139149;73053;41.9;22.0
89;2021-06-07;2110;1449;141259;74502;42.5;22.4
89;2021-06-08;2196;1457;143455;75959;43.2;22.9
89;2021-06-09;2321;1509;145776;77468;43.9;23.3
89;2021-06-10;2791;1601;148567;79069;44.7;23.8
89;2021-06-11;1948;1750;150515;80819;45.3;24.3
89;2021-06-12;1103;759;151618;81578;45.7;24.6
89;2021-06-13;156;424;151774;82002;45.7;24.7
89;2021-06-14;1310;1824;153084;83826;46.1;25.2
89;2021-06-15;1401;2013;154485;85839;46.5;25.8
89;2021-06-16;1128;2583;155613;88422;46.9;26.6
89;2021-06-17;1430;2337;157043;90759;47.3;27.3
89;2021-06-18;1623;2879;158666;93638;47.8;28.2
89;2021-06-19;687;1662;159353;95300;48.0;28.7
89;2021-06-20;55;127;159408;95427;48.0;28.7
89;2021-06-21;759;1528;160167;96955;48.2;29.2
89;2021-06-22;1048;2679;161215;99634;48.5;30.0
89;2021-06-23;1156;1796;162371;101430;48.9;30.5
89;2021-06-24;1077;1497;163448;102927;49.2;31.0
89;2021-06-25;1008;2429;164456;105356;49.5;31.7
89;2021-06-26;561;2482;165017;107838;49.7;32.5
89;2021-06-27;14;28;165031;107866;49.7;32.5
89;2021-06-28;1033;2493;166064;110359;50.0;33.2
89;2021-06-29;692;2404;166756;112763;50.2;34.0
89;2021-06-30;1083;3182;167839;115945;50.5;34.9
89;2021-07-01;1022;2988;168861;118933;50.8;35.8
89;2021-07-02;1106;2748;169967;121681;51.2;36.6
89;2021-07-03;554;1571;170521;123252;51.3;37.1
89;2021-07-04;11;36;170532;123288;51.4;37.1
89;2021-07-05;1296;1837;171828;125125;51.7;37.7
89;2021-07-06;1050;2309;172878;127434;52.1;38.4
89;2021-07-07;669;1788;173547;129222;52.3;38.9
89;2021-07-08;792;1871;174339;131093;52.5;39.5
89;2021-07-09;1140;2606;175479;133699;52.8;40.3
89;2021-07-10;718;816;176197;134515;53.1;40.5
89;2021-07-11;26;39;176223;134554;53.1;40.5
89;2021-07-12;1423;1898;177646;136452;53.5;41.1
89;2021-07-13;2135;2742;179781;139194;54.1;41.9
89;2021-07-14;314;325;180095;139519;54.2;42.0
89;2021-07-15;2241;3166;182336;142685;54.9;43.0
89;2021-07-16;2390;2860;184726;145545;55.6;43.8
89;2021-07-17;1232;1226;185958;146771;56.0;44.2
89;2021-07-18;276;97;186234;146868;56.1;44.2
89;2021-07-19;1564;2813;187798;149681;56.5;45.1
89;2021-07-20;1927;3282;189725;152963;57.1;46.1
89;2021-07-21;2078;2724;191803;155687;57.8;46.9
89;2021-07-22;2473;2992;194276;158679;58.5;47.8
89;2021-07-23;2477;3105;196753;161784;59.2;48.7
89;2021-07-24;1239;1252;197992;163036;59.6;49.1
89;2021-07-25;69;186;198061;163222;59.6;49.1
89;2021-07-26;1719;2319;199780;165541;60.2;49.8
89;2021-07-27;2338;1909;202118;167450;60.9;50.4
89;2021-07-28;2520;1336;204638;168786;61.6;50.8
89;2021-07-29;2522;1618;207160;170404;62.4;51.3
89;2021-07-30;2675;1621;209835;172025;63.2;51.8
89;2021-07-31;1119;1072;210954;173097;63.5;52.1
89;2021-08-01;69;33;211023;173130;63.5;52.1
89;2021-08-02;1779;1282;212802;174412;64.1;52.5
89;2021-08-03;2458;1252;215260;175664;64.8;52.9
89;2021-08-04;1523;1642;216783;177306;65.3;53.4
89;2021-08-05;1527;1688;218310;178994;65.7;53.9
89;2021-08-06;2157;1647;220467;180641;66.4;54.4
89;2021-08-07;923;1092;221390;181733;66.7;54.7
89;2021-08-08;55;47;221445;181780;66.7;54.7
89;2021-08-09;1086;1173;222531;182953;67.0;55.1
89;2021-08-10;1773;1814;224304;184767;67.5;55.6
89;2021-08-11;1511;1579;225815;186346;68.0;56.1
89;2021-08-12;1348;1386;227163;187732;68.4;56.5
89;2021-08-13;1245;1952;228408;189684;68.8;57.1
89;2021-08-14;514;1016;228922;190700;68.9;57.4
89;2021-08-15;19;43;228941;190743;68.9;57.4
89;2021-08-16;985;1964;229926;192707;69.2;58.0
89;2021-08-17;826;1567;230752;194274;69.5;58.5
89;2021-08-18;605;1898;231357;196172;69.7;59.1
89;2021-08-19;654;1389;232011;197561;69.9;59.5
89;2021-08-20;1002;2260;233013;199821;70.2;60.2
89;2021-08-21;291;1003;233304;200824;70.3;60.5
89;2021-08-22;32;34;233336;200858;70.3;60.5
89;2021-08-23;736;2246;234072;203104;70.5;61.2
89;2021-08-24;828;2364;234900;205468;70.7;61.9
89;2021-08-25;554;1428;235454;206896;70.9;62.3
90;2020-12-27;0;0;0;0;0.0;0.0
90;2020-12-28;0;0;0;0;0.0;0.0
90;2020-12-29;0;0;0;0;0.0;0.0
90;2020-12-30;1;0;1;0;0.0;0.0
90;2020-12-31;0;0;1;0;0.0;0.0
90;2021-01-01;0;0;1;0;0.0;0.0
90;2021-01-02;1;0;2;0;0.0;0.0
90;2021-01-03;0;0;2;0;0.0;0.0
90;2021-01-04;2;0;4;0;0.0;0.0
90;2021-01-05;0;0;4;0;0.0;0.0
90;2021-01-06;0;0;4;0;0.0;0.0
90;2021-01-07;1;0;5;0;0.0;0.0
90;2021-01-08;170;0;175;0;0.1;0.0
90;2021-01-09;46;0;221;0;0.2;0.0
90;2021-01-10;0;0;221;0;0.2;0.0
90;2021-01-11;200;0;421;0;0.3;0.0
90;2021-01-12;430;1;851;1;0.6;0.0
90;2021-01-13;468;3;1319;4;0.9;0.0
90;2021-01-14;414;1;1733;5;1.2;0.0
90;2021-01-15;405;10;2138;15;1.5;0.0
90;2021-01-16;111;2;2249;17;1.6;0.0
90;2021-01-17;1;0;2250;17;1.6;0.0
90;2021-01-18;364;2;2614;19;1.9;0.0
90;2021-01-19;462;5;3076;24;2.2;0.0
90;2021-01-20;392;2;3468;26;2.5;0.0
90;2021-01-21;351;1;3819;27;2.7;0.0
90;2021-01-22;346;2;4165;29;3.0;0.0
90;2021-01-23;98;0;4263;29;3.0;0.0
90;2021-01-24;0;0;4263;29;3.0;0.0
90;2021-01-25;322;3;4585;32;3.3;0.0
90;2021-01-26;224;0;4809;32;3.4;0.0
90;2021-01-27;255;0;5064;32;3.6;0.0
90;2021-01-28;328;33;5392;65;3.8;0.0
90;2021-01-29;291;163;5683;228;4.1;0.2
90;2021-01-30;176;45;5859;273;4.2;0.2
90;2021-01-31;118;0;5977;273;4.3;0.2
90;2021-02-01;275;112;6252;385;4.5;0.3
90;2021-02-02;290;163;6542;548;4.7;0.4
90;2021-02-03;256;368;6798;916;4.9;0.7
90;2021-02-04;257;304;7055;1220;5.0;0.9
90;2021-02-05;266;271;7321;1491;5.2;1.1
90;2021-02-06;89;68;7410;1559;5.3;1.1
90;2021-02-07;0;0;7410;1559;5.3;1.1
90;2021-02-08;170;218;7580;1777;5.4;1.3
90;2021-02-09;139;166;7719;1943;5.5;1.4
90;2021-02-10;182;31;7901;1974;5.6;1.4
90;2021-02-11;228;109;8129;2083;5.8;1.5
90;2021-02-12;126;239;8255;2322;5.9;1.7
90;2021-02-13;96;46;8351;2368;6.0;1.7
90;2021-02-14;0;0;8351;2368;6.0;1.7
90;2021-02-15;113;280;8464;2648;6.0;1.9
90;2021-02-16;92;275;8556;2923;6.1;2.1
90;2021-02-17;178;205;8734;3128;6.2;2.2
90;2021-02-18;128;242;8862;3370;6.3;2.4
90;2021-02-19;64;271;8926;3641;6.4;2.6
90;2021-02-20;40;72;8966;3713;6.4;2.6
90;2021-02-21;0;0;8966;3713;6.4;2.6
90;2021-02-22;76;333;9042;4046;6.5;2.9
90;2021-02-23;40;259;9082;4305;6.5;3.1
90;2021-02-24;109;291;9191;4596;6.6;3.3
90;2021-02-25;89;313;9280;4909;6.6;3.5
90;2021-02-26;89;394;9369;5303;6.7;3.8
90;2021-02-27;140;178;9509;5481;6.8;3.9
90;2021-02-28;8;113;9517;5594;6.8;4.0
90;2021-03-01;212;233;9729;5827;6.9;4.2
90;2021-03-02;178;285;9907;6112;7.1;4.4
90;2021-03-03;239;355;10146;6467;7.2;4.6
90;2021-03-04;260;278;10406;6745;7.4;4.8
90;2021-03-05;359;270;10765;7015;7.7;5.0
90;2021-03-06;291;104;11056;7119;7.9;5.1
90;2021-03-07;18;1;11074;7120;7.9;5.1
90;2021-03-08;246;248;11320;7368;8.1;5.3
90;2021-03-09;430;164;11750;7532;8.4;5.4
90;2021-03-10;348;197;12098;7729;8.6;5.5
90;2021-03-11;348;120;12446;7849;8.9;5.6
90;2021-03-12;519;129;12965;7978;9.3;5.7
90;2021-03-13;539;47;13504;8025;9.6;5.7
90;2021-03-14;21;0;13525;8025;9.7;5.7
90;2021-03-15;387;117;13912;8142;9.9;5.8
90;2021-03-16;401;99;14313;8241;10.2;5.9
90;2021-03-17;323;76;14636;8317;10.4;5.9
90;2021-03-18;348;79;14984;8396;10.7;6.0
90;2021-03-19;468;79;15452;8475;11.0;6.0
90;2021-03-20;427;48;15879;8523;11.3;6.1
90;2021-03-21;7;1;15886;8524;11.3;6.1
90;2021-03-22;399;30;16285;8554;11.6;6.1
90;2021-03-23;739;76;17024;8630;12.1;6.2
90;2021-03-24;815;45;17839;8675;12.7;6.2
90;2021-03-25;948;75;18787;8750;13.4;6.2
90;2021-03-26;1227;61;20014;8811;14.3;6.3
90;2021-03-27;439;34;20453;8845;14.6;6.3
90;2021-03-28;34;0;20487;8845;14.6;6.3
90;2021-03-29;712;143;21199;8988;15.1;6.4
90;2021-03-30;674;154;21873;9142;15.6;6.5
90;2021-03-31;728;81;22601;9223;16.1;6.6
90;2021-04-01;602;118;23203;9341;16.6;6.7
90;2021-04-02;657;98;23860;9439;17.0;6.7
90;2021-04-03;370;40;24230;9479;17.3;6.8
90;2021-04-04;1;0;24231;9479;17.3;6.8
90;2021-04-05;0;0;24231;9479;17.3;6.8
90;2021-04-06;528;252;24759;9731;17.7;6.9
90;2021-04-07;485;265;25244;9996;18.0;7.1
90;2021-04-08;510;245;25754;10241;18.4;7.3
90;2021-04-09;752;266;26506;10507;18.9;7.5
90;2021-04-10;224;8;26730;10515;19.1;7.5
90;2021-04-11;7;0;26737;10515;19.1;7.5
90;2021-04-12;557;480;27294;10995;19.5;7.8
90;2021-04-13;631;530;27925;11525;19.9;8.2
90;2021-04-14;527;351;28452;11876;20.3;8.5
90;2021-04-15;905;291;29357;12167;20.9;8.7
90;2021-04-16;370;404;29727;12571;21.2;9.0
90;2021-04-17;189;128;29916;12699;21.3;9.1
90;2021-04-18;21;0;29937;12699;21.4;9.1
90;2021-04-19;435;570;30372;13269;21.7;9.5
90;2021-04-20;494;619;30866;13888;22.0;9.9
90;2021-04-21;353;497;31219;14385;22.3;10.3
90;2021-04-22;569;602;31788;14987;22.7;10.7
90;2021-04-23;504;743;32292;15730;23.0;11.2
90;2021-04-24;305;202;32597;15932;23.3;11.4
90;2021-04-25;1;0;32598;15932;23.3;11.4
90;2021-04-26;507;750;33105;16682;23.6;11.9
90;2021-04-27;641;680;33746;17362;24.1;12.4
90;2021-04-28;765;445;34511;17807;24.6;12.7
90;2021-04-29;1003;451;35514;18258;25.3;13.0
90;2021-04-30;1120;459;36634;18717;26.1;13.4
90;2021-05-01;60;42;36694;18759;26.2;13.4
90;2021-05-02;4;0;36698;18759;26.2;13.4
90;2021-05-03;904;286;37602;19045;26.8;13.6
90;2021-05-04;784;637;38386;19682;27.4;14.0
90;2021-05-05;892;504;39278;20186;28.0;14.4
90;2021-05-06;852;626;40130;20812;28.6;14.9
90;2021-05-07;440;510;40570;21322;28.9;15.2
90;2021-05-08;26;27;40596;21349;29.0;15.2
90;2021-05-09;5;33;40601;21382;29.0;15.3
90;2021-05-10;506;585;41107;21967;29.3;15.7
90;2021-05-11;778;636;41885;22603;29.9;16.1
90;2021-05-12;530;598;42415;23201;30.3;16.6
90;2021-05-13;1113;264;43528;23465;31.1;16.7
90;2021-05-14;865;403;44393;23868;31.7;17.0
90;2021-05-15;14;125;44407;23993;31.7;17.1
90;2021-05-16;2;7;44409;24000;31.7;17.1
90;2021-05-17;793;290;45202;24290;32.3;17.3
90;2021-05-18;1024;471;46226;24761;33.0;17.7
90;2021-05-19;1265;384;47491;25145;33.9;17.9
90;2021-05-20;1200;270;48691;25415;34.7;18.1
90;2021-05-21;1265;431;49956;25846;35.6;18.4
90;2021-05-22;9;131;49965;25977;35.7;18.5
90;2021-05-23;4;0;49969;25977;35.7;18.5
90;2021-05-24;368;266;50337;26243;35.9;18.7
90;2021-05-25;637;792;50974;27035;36.4;19.3
90;2021-05-26;630;568;51604;27603;36.8;19.7
90;2021-05-27;963;383;52567;27986;37.5;20.0
90;2021-05-28;668;827;53235;28813;38.0;20.6
90;2021-05-29;93;296;53328;29109;38.1;20.8
90;2021-05-30;4;1;53332;29110;38.1;20.8
90;2021-05-31;809;714;54141;29824;38.6;21.3
90;2021-06-01;968;740;55109;30564;39.3;21.8
90;2021-06-02;760;676;55869;31240;39.9;22.3
90;2021-06-03;758;743;56627;31983;40.4;22.8
90;2021-06-04;833;973;57460;32956;41.0;23.5
90;2021-06-05;54;427;57514;33383;41.0;23.8
90;2021-06-06;1;16;57515;33399;41.0;23.8
90;2021-06-07;1265;1082;58780;34481;41.9;24.6
90;2021-06-08;1481;936;60261;35417;43.0;25.3
90;2021-06-09;965;659;61226;36076;43.7;25.7
90;2021-06-10;626;497;61852;36573;44.1;26.1
90;2021-06-11;787;1127;62639;37700;44.7;26.9
90;2021-06-12;806;298;63445;37998;45.3;27.1
90;2021-06-13;10;12;63455;38010;45.3;27.1
90;2021-06-14;264;974;63719;38984;45.5;27.8
90;2021-06-15;567;880;64286;39864;45.9;28.4
90;2021-06-16;510;548;64796;40412;46.2;28.8
90;2021-06-17;444;638;65240;41050;46.6;29.3
90;2021-06-18;624;997;65864;42047;47.0;30.0
90;2021-06-19;450;171;66314;42218;47.3;30.1
90;2021-06-20;0;28;66314;42246;47.3;30.1
90;2021-06-21;257;1178;66571;43424;47.5;31.0
90;2021-06-22;384;950;66955;44374;47.8;31.7
90;2021-06-23;415;633;67370;45007;48.1;32.1
90;2021-06-24;319;603;67689;45610;48.3;32.5
90;2021-06-25;431;1273;68120;46883;48.6;33.5
90;2021-06-26;420;561;68540;47444;48.9;33.9
90;2021-06-27;2;6;68542;47450;48.9;33.9
90;2021-06-28;378;1298;68920;48748;49.2;34.8
90;2021-06-29;305;1307;69225;50055;49.4;35.7
90;2021-06-30;485;1229;69710;51284;49.7;36.6
90;2021-07-01;356;919;70066;52203;50.0;37.2
90;2021-07-02;507;1206;70573;53409;50.4;38.1
90;2021-07-03;52;129;70625;53538;50.4;38.2
90;2021-07-04;0;21;70625;53559;50.4;38.2
90;2021-07-05;401;1014;71026;54573;50.7;38.9
90;2021-07-06;514;972;71540;55545;51.0;39.6
90;2021-07-07;381;994;71921;56539;51.3;40.3
90;2021-07-08;304;608;72225;57147;51.5;40.8
90;2021-07-09;440;951;72665;58098;51.8;41.5
90;2021-07-10;32;91;72697;58189;51.9;41.5
90;2021-07-11;7;17;72704;58206;51.9;41.5
90;2021-07-12;244;1076;72948;59282;52.1;42.3
90;2021-07-13;474;1162;73422;60444;52.4;43.1
90;2021-07-14;2;8;73424;60452;52.4;43.1
90;2021-07-15;791;1453;74215;61905;53.0;44.2
90;2021-07-16;828;1683;75043;63588;53.5;45.4
90;2021-07-17;484;954;75527;64542;53.9;46.1
90;2021-07-18;4;2;75531;64544;53.9;46.1
90;2021-07-19;1182;1461;76713;66005;54.7;47.1
90;2021-07-20;1335;1137;78048;67142;55.7;47.9
90;2021-07-21;1396;983;79444;68125;56.7;48.6
90;2021-07-22;1126;698;80570;68823;57.5;49.1
90;2021-07-23;965;1023;81535;69846;58.2;49.8
90;2021-07-24;120;65;81655;69911;58.3;49.9
90;2021-07-25;2;1;81657;69912;58.3;49.9
90;2021-07-26;1071;804;82728;70716;59.0;50.5
90;2021-07-27;1080;745;83808;71461;59.8;51.0
90;2021-07-28;821;711;84629;72172;60.4;51.5
90;2021-07-29;836;439;85465;72611;61.0;51.8
90;2021-07-30;779;498;86244;73109;61.5;52.2
90;2021-07-31;481;312;86725;73421;61.9;52.4
90;2021-08-01;0;3;86725;73424;61.9;52.4
90;2021-08-02;835;510;87560;73934;62.5;52.8
90;2021-08-03;909;492;88469;74426;63.1;53.1
90;2021-08-04;1063;458;89532;74884;63.9;53.4
90;2021-08-05;519;221;90051;75105;64.3;53.6
90;2021-08-06;636;391;90687;75496;64.7;53.9
90;2021-08-07;35;63;90722;75559;64.7;53.9
90;2021-08-08;18;3;90740;75562;64.7;53.9
90;2021-08-09;721;946;91461;76508;65.3;54.6
90;2021-08-10;533;1151;91994;77659;65.6;55.4
90;2021-08-11;535;947;92529;78606;66.0;56.1
90;2021-08-12;444;816;92973;79422;66.3;56.7
90;2021-08-13;525;895;93498;80317;66.7;57.3
90;2021-08-14;30;99;93528;80416;66.7;57.4
90;2021-08-15;2;8;93530;80424;66.7;57.4
90;2021-08-16;445;633;93975;81057;67.1;57.8
90;2021-08-17;340;1165;94315;82222;67.3;58.7
90;2021-08-18;267;878;94582;83100;67.5;59.3
90;2021-08-19;239;627;94821;83727;67.7;59.7
90;2021-08-20;354;770;95175;84497;67.9;60.3
90;2021-08-21;32;69;95207;84566;67.9;60.3
90;2021-08-22;0;7;95207;84573;67.9;60.3
90;2021-08-23;302;490;95509;85063;68.2;60.7
90;2021-08-24;332;956;95841;86019;68.4;61.4
90;2021-08-25;249;913;96090;86932;68.6;62.0
91;2020-12-27;0;0;0;0;0.0;0.0
91;2020-12-28;0;0;0;0;0.0;0.0
91;2020-12-29;1;0;1;0;0.0;0.0
91;2020-12-30;1;0;2;0;0.0;0.0
91;2020-12-31;0;0;2;0;0.0;0.0
91;2021-01-01;5;0;7;0;0.0;0.0
91;2021-01-02;0;0;7;0;0.0;0.0
91;2021-01-03;0;0;7;0;0.0;0.0
91;2021-01-04;1;0;8;0;0.0;0.0
91;2021-01-05;71;0;79;0;0.0;0.0
91;2021-01-06;188;2;267;2;0.0;0.0
91;2021-01-07;523;6;790;8;0.1;0.0
91;2021-01-08;394;1;1184;9;0.1;0.0
91;2021-01-09;89;3;1273;12;0.1;0.0
91;2021-01-10;1;0;1274;12;0.1;0.0
91;2021-01-11;595;2;1869;14;0.1;0.0
91;2021-01-12;899;8;2768;22;0.2;0.0
91;2021-01-13;702;7;3470;29;0.3;0.0
91;2021-01-14;721;11;4191;40;0.3;0.0
91;2021-01-15;569;4;4760;44;0.4;0.0
91;2021-01-16;316;7;5076;51;0.4;0.0
91;2021-01-17;116;1;5192;52;0.4;0.0
91;2021-01-18;992;3;6184;55;0.5;0.0
91;2021-01-19;1867;16;8051;71;0.6;0.0
91;2021-01-20;2369;18;10420;89;0.8;0.0
91;2021-01-21;2096;15;12516;104;0.9;0.0
91;2021-01-22;1861;10;14377;114;1.1;0.0
91;2021-01-23;413;1;14790;115;1.1;0.0
91;2021-01-24;53;0;14843;115;1.1;0.0
91;2021-01-25;1049;4;15892;119;1.2;0.0
91;2021-01-26;1577;38;17469;157;1.3;0.0
91;2021-01-27;2415;95;19884;252;1.5;0.0
91;2021-01-28;1982;224;21866;476;1.7;0.0
91;2021-01-29;1749;68;23615;544;1.8;0.0
91;2021-01-30;422;7;24037;551;1.8;0.0
91;2021-01-31;54;0;24091;551;1.8;0.0
91;2021-02-01;965;218;25056;769;1.9;0.1
91;2021-02-02;857;363;25913;1132;2.0;0.1
91;2021-02-03;937;570;26850;1702;2.0;0.1
91;2021-02-04;885;280;27735;1982;2.1;0.2
91;2021-02-05;1035;359;28770;2341;2.2;0.2
91;2021-02-06;337;93;29107;2434;2.2;0.2
91;2021-02-07;13;0;29120;2434;2.2;0.2
91;2021-02-08;905;607;30025;3041;2.3;0.2
91;2021-02-09;963;858;30988;3899;2.3;0.3
91;2021-02-10;1065;992;32053;4891;2.4;0.4
91;2021-02-11;1122;1020;33175;5911;2.5;0.4
91;2021-02-12;1062;835;34237;6746;2.6;0.5
91;2021-02-13;330;360;34567;7106;2.6;0.5
91;2021-02-14;18;112;34585;7218;2.6;0.5
91;2021-02-15;368;1262;34953;8480;2.6;0.6
91;2021-02-16;554;1752;35507;10232;2.7;0.8
91;2021-02-17;811;2678;36318;12910;2.8;1.0
91;2021-02-18;941;2013;37259;14923;2.8;1.1
91;2021-02-19;864;1383;38123;16306;2.9;1.2
91;2021-02-20;167;360;38290;16666;2.9;1.3
91;2021-02-21;13;49;38303;16715;2.9;1.3
91;2021-02-22;334;1203;38637;17918;2.9;1.4
91;2021-02-23;397;1075;39034;18993;3.0;1.4
91;2021-02-24;473;1058;39507;20051;3.0;1.5
91;2021-02-25;733;1019;40240;21070;3.0;1.6
91;2021-02-26;1096;1060;41336;22130;3.1;1.7
91;2021-02-27;610;330;41946;22460;3.2;1.7
91;2021-02-28;65;66;42011;22526;3.2;1.7
91;2021-03-01;931;1070;42942;23596;3.3;1.8
91;2021-03-02;1261;1095;44203;24691;3.4;1.9
91;2021-03-03;1469;1279;45672;25970;3.5;2.0
91;2021-03-04;2429;1130;48101;27100;3.6;2.1
91;2021-03-05;3351;1167;51452;28267;3.9;2.1
91;2021-03-06;4909;462;56361;28729;4.3;2.2
91;2021-03-07;3208;117;59569;28846;4.5;2.2
91;2021-03-08;1472;1066;61041;29912;4.6;2.3
91;2021-03-09;2623;998;63664;30910;4.8;2.3
91;2021-03-10;2620;1040;66284;31950;5.0;2.4
91;2021-03-11;3786;1133;70070;33083;5.3;2.5
91;2021-03-12;4789;1053;74859;34136;5.7;2.6
91;2021-03-13;5259;343;80118;34479;6.1;2.6
91;2021-03-14;302;28;80420;34507;6.1;2.6
91;2021-03-15;2983;436;83403;34943;6.3;2.6
91;2021-03-16;2617;386;86020;35329;6.5;2.7
91;2021-03-17;2227;350;88247;35679;6.7;2.7
91;2021-03-18;2391;412;90638;36091;6.9;2.7
91;2021-03-19;4094;384;94732;36475;7.2;2.8
91;2021-03-20;3609;181;98341;36656;7.5;2.8
91;2021-03-21;138;30;98479;36686;7.5;2.8
91;2021-03-22;3148;607;101627;37293;7.7;2.8
91;2021-03-23;4138;701;105765;37994;8.0;2.9
91;2021-03-24;3936;499;109701;38493;8.3;2.9
91;2021-03-25;5058;531;114759;39024;8.7;3.0
91;2021-03-26;5551;552;120310;39576;9.1;3.0
91;2021-03-27;4984;345;125294;39921;9.5;3.0
91;2021-03-28;282;59;125576;39980;9.5;3.0
91;2021-03-29;3304;1043;128880;41023;9.8;3.1
91;2021-03-30;4426;1226;133306;42249;10.1;3.2
91;2021-03-31;3367;1341;136673;43590;10.4;3.3
91;2021-04-01;3738;1686;140411;45276;10.6;3.4
91;2021-04-02;3890;2314;144301;47590;10.9;3.6
91;2021-04-03;1872;2875;146173;50465;11.1;3.8
91;2021-04-04;648;1320;146821;51785;11.1;3.9
91;2021-04-05;562;131;147383;51916;11.2;3.9
91;2021-04-06;3403;1789;150786;53705;11.4;4.1
91;2021-04-07;3420;1934;154206;55639;11.7;4.2
91;2021-04-08;4662;2165;158868;57804;12.0;4.4
91;2021-04-09;5346;2156;164214;59960;12.4;4.5
91;2021-04-10;2730;2819;166944;62779;12.7;4.8
91;2021-04-11;192;141;167136;62920;12.7;4.8
91;2021-04-12;2854;2279;169990;65199;12.9;4.9
91;2021-04-13;3757;2650;173747;67849;13.2;5.1
91;2021-04-14;3708;2323;177455;70172;13.4;5.3
91;2021-04-15;4477;2514;181932;72686;13.8;5.5
91;2021-04-16;4549;2806;186481;75492;14.1;5.7
91;2021-04-17;2983;2078;189464;77570;14.4;5.9
91;2021-04-18;269;72;189733;77642;14.4;5.9
91;2021-04-19;2305;2731;192038;80373;14.6;6.1
91;2021-04-20;3178;2986;195216;83359;14.8;6.3
91;2021-04-21;2989;2900;198205;86259;15.0;6.5
91;2021-04-22;3167;3366;201372;89625;15.3;6.8
91;2021-04-23;3716;3359;205088;92984;15.5;7.0
91;2021-04-24;3482;3731;208570;96715;15.8;7.3
91;2021-04-25;2616;641;211186;97356;16.0;7.4
91;2021-04-26;3487;2801;214673;100157;16.3;7.6
91;2021-04-27;4487;2923;219160;103080;16.6;7.8
91;2021-04-28;4567;2704;223727;105784;17.0;8.0
91;2021-04-29;5746;3059;229473;108843;17.4;8.2
91;2021-04-30;5387;2852;234860;111695;17.8;8.5
91;2021-05-01;3517;521;238377;112216;18.1;8.5
91;2021-05-02;625;132;239002;112348;18.1;8.5
91;2021-05-03;5203;2290;244205;114638;18.5;8.7
91;2021-05-04;5591;3179;249796;117817;18.9;8.9
91;2021-05-05;4851;2872;254647;120689;19.3;9.1
91;2021-05-06;5248;3375;259895;124064;19.7;9.4
91;2021-05-07;6120;3744;266015;127808;20.2;9.7
91;2021-05-08;6519;964;272534;128772;20.7;9.8
91;2021-05-09;4803;562;277337;129334;21.0;9.8
91;2021-05-10;5903;3008;283240;132342;21.5;10.0
91;2021-05-11;6832;3840;290072;136182;22.0;10.3
91;2021-05-12;5897;3442;295969;139624;22.4;10.6
91;2021-05-13;4826;1079;300795;140703;22.8;10.7
91;2021-05-14;6547;2395;307342;143098;23.3;10.8
91;2021-05-15;7798;1927;315140;145025;23.9;11.0
91;2021-05-16;4584;370;319724;145395;24.2;11.0
91;2021-05-17;6952;1710;326676;147105;24.8;11.1
91;2021-05-18;8121;1741;334797;148846;25.4;11.3
91;2021-05-19;7098;1699;341895;150545;25.9;11.4
91;2021-05-20;8201;2145;350096;152690;26.5;11.6
91;2021-05-21;8144;2581;358240;155271;27.2;11.8
91;2021-05-22;7664;1542;365904;156813;27.7;11.9
91;2021-05-23;4799;529;370703;157342;28.1;11.9
91;2021-05-24;5017;602;375720;157944;28.5;12.0
91;2021-05-25;7626;2650;383346;160594;29.1;12.2
91;2021-05-26;6873;2938;390219;163532;29.6;12.4
91;2021-05-27;7973;3446;398192;166978;30.2;12.7
91;2021-05-28;7538;4323;405730;171301;30.8;13.0
91;2021-05-29;9300;3508;415030;174809;31.5;13.2
91;2021-05-30;5954;961;420984;175770;31.9;13.3
91;2021-05-31;6742;3700;427726;179470;32.4;13.6
91;2021-06-01;7786;4779;435512;184249;33.0;14.0
91;2021-06-02;7452;3958;442964;188207;33.6;14.3
91;2021-06-03;7860;4781;450824;192988;34.2;14.6
91;2021-06-04;7185;5724;458009;198712;34.7;15.1
91;2021-06-05;6385;5817;464394;204529;35.2;15.5
91;2021-06-06;4089;2511;468483;207040;35.5;15.7
91;2021-06-07;5879;5482;474362;212522;36.0;16.1
91;2021-06-08;7040;5794;481402;218316;36.5;16.5
91;2021-06-09;6471;5149;487873;223465;37.0;16.9
91;2021-06-10;7178;5774;495051;229239;37.5;17.4
91;2021-06-11;6546;7111;501597;236350;38.0;17.9
91;2021-06-12;6221;7362;507818;243712;38.5;18.5
91;2021-06-13;2852;2317;510670;246029;38.7;18.6
91;2021-06-14;4225;7199;514895;253228;39.0;19.2
91;2021-06-15;5576;7259;520471;260487;39.4;19.7
91;2021-06-16;5303;6443;525774;266930;39.8;20.2
91;2021-06-17;6245;7135;532019;274065;40.3;20.8
91;2021-06-18;4634;8740;536653;282805;40.7;21.4
91;2021-06-19;4193;7152;540846;289957;41.0;22.0
91;2021-06-20;1006;4212;541852;294169;41.1;22.3
91;2021-06-21;3230;7238;545082;301407;41.3;22.8
91;2021-06-22;4161;9229;549243;310636;41.6;23.5
91;2021-06-23;4316;7964;553559;318600;42.0;24.1
91;2021-06-24;4909;8481;558468;327081;42.3;24.8
91;2021-06-25;3474;9175;561942;336256;42.6;25.5
91;2021-06-26;2988;8036;564930;344292;42.8;26.1
91;2021-06-27;549;2997;565479;347289;42.9;26.3
91;2021-06-28;3128;8238;568607;355527;43.1;26.9
91;2021-06-29;3585;9640;572192;365167;43.4;27.7
91;2021-06-30;3953;8700;576145;373867;43.7;28.3
91;2021-07-01;4094;8874;580239;382741;44.0;29.0
91;2021-07-02;3758;9316;583997;392057;44.3;29.7
91;2021-07-03;2881;9789;586878;401846;44.5;30.5
91;2021-07-04;849;4724;587727;406570;44.5;30.8
91;2021-07-05;2658;7257;590385;413827;44.7;31.4
91;2021-07-06;3753;9428;594138;423255;45.0;32.1
91;2021-07-07;3803;8588;597941;431843;45.3;32.7
91;2021-07-08;4357;8989;602298;440832;45.6;33.4
91;2021-07-09;3964;9959;606262;450791;45.9;34.2
91;2021-07-10;3401;10231;609663;461022;46.2;34.9
91;2021-07-11;985;4801;610648;465823;46.3;35.3
91;2021-07-12;2800;8891;613448;474714;46.5;36.0
91;2021-07-13;4461;10385;617909;485099;46.8;36.8
91;2021-07-14;2301;3582;620210;488681;47.0;37.0
91;2021-07-15;4538;9820;624748;498501;47.4;37.8
91;2021-07-16;6285;9758;631033;508259;47.8;38.5
91;2021-07-17;5747;9062;636780;517321;48.3;39.2
91;2021-07-18;3398;3676;640178;520997;48.5;39.5
91;2021-07-19;3772;7532;643950;528529;48.8;40.1
91;2021-07-20;6063;9297;650013;537826;49.3;40.8
91;2021-07-21;6243;7724;656256;545550;49.7;41.3
91;2021-07-22;6481;8395;662737;553945;50.2;42.0
91;2021-07-23;6914;8276;669651;562221;50.8;42.6
91;2021-07-24;4984;6472;674635;568693;51.1;43.1
91;2021-07-25;3255;1392;677890;570085;51.4;43.2
91;2021-07-26;4925;6585;682815;576670;51.8;43.7
91;2021-07-27;7545;7071;690360;583741;52.3;44.2
91;2021-07-28;7281;5908;697641;589649;52.9;44.7
91;2021-07-29;7370;5892;705011;595541;53.4;45.1
91;2021-07-30;6886;5767;711897;601308;54.0;45.6
91;2021-07-31;4841;4775;716738;606083;54.3;45.9
91;2021-08-01;2604;1327;719342;607410;54.5;46.0
91;2021-08-02;4665;4228;724007;611638;54.9;46.4
91;2021-08-03;5768;4688;729775;616326;55.3;46.7
91;2021-08-04;5668;4119;735443;620445;55.7;47.0
91;2021-08-05;5541;4260;740984;624705;56.2;47.3
91;2021-08-06;5648;5620;746632;630325;56.6;47.8
91;2021-08-07;3032;2418;749664;632743;56.8;48.0
91;2021-08-08;593;1100;750257;633843;56.9;48.0
91;2021-08-09;3750;3970;754007;637813;57.1;48.3
91;2021-08-10;4498;4536;758505;642349;57.5;48.7
91;2021-08-11;4074;4477;762579;646826;57.8;49.0
91;2021-08-12;3963;4758;766542;651584;58.1;49.4
91;2021-08-13;4252;4838;770794;656422;58.4;49.8
91;2021-08-14;2203;2391;772997;658813;58.6;49.9
91;2021-08-15;92;170;773089;658983;58.6;49.9
91;2021-08-16;2903;4642;775992;663625;58.8;50.3
91;2021-08-17;3590;5804;779582;669429;59.1;50.7
91;2021-08-18;2997;5776;782579;675205;59.3;51.2
91;2021-08-19;3436;5760;786015;680965;59.6;51.6
91;2021-08-20;3169;6939;789184;687904;59.8;52.1
91;2021-08-21;2437;3337;791621;691241;60.0;52.4
91;2021-08-22;731;1300;792352;692541;60.1;52.5
91;2021-08-23;2380;5294;794732;697835;60.2;52.9
91;2021-08-24;2943;6948;797675;704783;60.5;53.4
91;2021-08-25;3295;6681;800970;711464;60.7;53.9
92;2020-12-27;23;0;23;0;0.0;0.0
92;2020-12-28;14;0;37;0;0.0;0.0
92;2020-12-29;56;0;93;0;0.0;0.0
92;2020-12-30;39;0;132;0;0.0;0.0
92;2020-12-31;5;0;137;0;0.0;0.0
92;2021-01-01;23;0;160;0;0.0;0.0
92;2021-01-02;5;0;165;0;0.0;0.0
92;2021-01-03;9;0;174;0;0.0;0.0
92;2021-01-04;64;1;238;1;0.0;0.0
92;2021-01-05;228;1;466;2;0.0;0.0
92;2021-01-06;414;3;880;5;0.1;0.0
92;2021-01-07;665;4;1545;9;0.1;0.0
92;2021-01-08;838;4;2383;13;0.1;0.0
92;2021-01-09;123;1;2506;14;0.2;0.0
92;2021-01-10;45;0;2551;14;0.2;0.0
92;2021-01-11;847;5;3398;19;0.2;0.0
92;2021-01-12;1298;9;4696;28;0.3;0.0
92;2021-01-13;1240;14;5936;42;0.4;0.0
92;2021-01-14;1206;17;7142;59;0.4;0.0
92;2021-01-15;978;7;8120;66;0.5;0.0
92;2021-01-16;179;1;8299;67;0.5;0.0
92;2021-01-17;24;0;8323;67;0.5;0.0
92;2021-01-18;1539;22;9862;89;0.6;0.0
92;2021-01-19;1556;20;11418;109;0.7;0.0
92;2021-01-20;1808;14;13226;123;0.8;0.0
92;2021-01-21;3436;21;16662;144;1.0;0.0
92;2021-01-22;2611;42;19273;186;1.2;0.0
92;2021-01-23;137;0;19410;186;1.2;0.0
92;2021-01-24;24;0;19434;186;1.2;0.0
92;2021-01-25;846;14;20280;200;1.3;0.0
92;2021-01-26;1214;12;21494;212;1.3;0.0
92;2021-01-27;2215;96;23709;308;1.5;0.0
92;2021-01-28;4180;189;27889;497;1.7;0.0
92;2021-01-29;2710;264;30599;761;1.9;0.0
92;2021-01-30;322;13;30921;774;1.9;0.0
92;2021-01-31;21;2;30942;776;1.9;0.0
92;2021-02-01;863;322;31805;1098;2.0;0.1
92;2021-02-02;1047;352;32852;1450;2.0;0.1
92;2021-02-03;998;446;33850;1896;2.1;0.1
92;2021-02-04;1040;546;34890;2442;2.2;0.2
92;2021-02-05;1330;501;36220;2943;2.2;0.2
92;2021-02-06;110;17;36330;2960;2.3;0.2
92;2021-02-07;13;14;36343;2974;2.3;0.2
92;2021-02-08;571;732;36914;3706;2.3;0.2
92;2021-02-09;1063;1302;37977;5008;2.4;0.3
92;2021-02-10;1065;1306;39042;6314;2.4;0.4
92;2021-02-11;1495;1925;40537;8239;2.5;0.5
92;2021-02-12;1415;1483;41952;9722;2.6;0.6
92;2021-02-13;70;60;42022;9782;2.6;0.6
92;2021-02-14;20;0;42042;9782;2.6;0.6
92;2021-02-15;568;1656;42610;11438;2.6;0.7
92;2021-02-16;785;2044;43395;13482;2.7;0.8
92;2021-02-17;619;1755;44014;15237;2.7;0.9
92;2021-02-18;1569;3663;45583;18900;2.8;1.2
92;2021-02-19;1728;2661;47311;21561;2.9;1.3
92;2021-02-20;143;401;47454;21962;2.9;1.4
92;2021-02-21;35;53;47489;22015;2.9;1.4
92;2021-02-22;491;1213;47980;23228;3.0;1.4
92;2021-02-23;727;1364;48707;24592;3.0;1.5
92;2021-02-24;608;1290;49315;25882;3.1;1.6
92;2021-02-25;915;1794;50230;27676;3.1;1.7
92;2021-02-26;1455;1370;51685;29046;3.2;1.8
92;2021-02-27;503;190;52188;29236;3.2;1.8
92;2021-02-28;65;56;52253;29292;3.2;1.8
92;2021-03-01;1100;1048;53353;30340;3.3;1.9
92;2021-03-02;1968;1369;55321;31709;3.4;2.0
92;2021-03-03;2790;1098;58111;32807;3.6;2.0
92;2021-03-04;3588;1530;61699;34337;3.8;2.1
92;2021-03-05;4975;1729;66674;36066;4.1;2.2
92;2021-03-06;5718;335;72392;36401;4.5;2.3
92;2021-03-07;2899;237;75291;36638;4.7;2.3
92;2021-03-08;2417;826;77708;37464;4.8;2.3
92;2021-03-09;3438;1030;81146;38494;5.0;2.4
92;2021-03-10;3936;952;85082;39446;5.3;2.4
92;2021-03-11;5012;1404;90094;40850;5.6;2.5
92;2021-03-12;6766;1564;96860;42414;6.0;2.6
92;2021-03-13;5157;238;102017;42652;6.3;2.6
92;2021-03-14;1737;76;103754;42728;6.4;2.6
92;2021-03-15;3794;600;107548;43328;6.7;2.7
92;2021-03-16;3692;600;111240;43928;6.9;2.7
92;2021-03-17;3873;419;115113;44347;7.1;2.7
92;2021-03-18;4125;757;119238;45104;7.4;2.8
92;2021-03-19;5919;733;125157;45837;7.8;2.8
92;2021-03-20;2536;75;127693;45912;7.9;2.8
92;2021-03-21;149;29;127842;45941;7.9;2.8
92;2021-03-22;4114;484;131956;46425;8.2;2.9
92;2021-03-23;6098;879;138054;47304;8.6;2.9
92;2021-03-24;6376;654;144430;47958;8.9;3.0
92;2021-03-25;8437;648;152867;48606;9.5;3.0
92;2021-03-26;8354;903;161221;49509;10.0;3.1
92;2021-03-27;2833;274;164054;49783;10.2;3.1
92;2021-03-28;542;39;164596;49822;10.2;3.1
92;2021-03-29;4656;1057;169252;50879;10.5;3.2
92;2021-03-30;6385;1555;175637;52434;10.9;3.2
92;2021-03-31;5541;2263;181178;54697;11.2;3.4
92;2021-04-01;6263;3683;187441;58380;11.6;3.6
92;2021-04-02;5630;3423;193071;61803;12.0;3.8
92;2021-04-03;870;1417;193941;63220;12.0;3.9
92;2021-04-04;487;1062;194428;64282;12.0;4.0
92;2021-04-05;811;159;195239;64441;12.1;4.0
92;2021-04-06;3649;1958;198888;66399;12.3;4.1
92;2021-04-07;4990;2891;203878;69290;12.6;4.3
92;2021-04-08;5976;3180;209854;72470;13.0;4.5
92;2021-04-09;8030;3057;217884;75527;13.5;4.7
92;2021-04-10;2631;1294;220515;76821;13.7;4.8
92;2021-04-11;156;807;220671;77628;13.7;4.8
92;2021-04-12;3684;2520;224355;80148;13.9;5.0
92;2021-04-13;4380;4428;228735;84576;14.2;5.2
92;2021-04-14;4867;4043;233602;88619;14.5;5.5
92;2021-04-15;5297;3957;238899;92576;14.8;5.7
92;2021-04-16;5073;3863;243972;96439;15.1;6.0
92;2021-04-17;1800;1192;245772;97631;15.2;6.0
92;2021-04-18;346;94;246118;97725;15.3;6.1
92;2021-04-19;2810;2841;248928;100566;15.4;6.2
92;2021-04-20;4191;3755;253119;104321;15.7;6.5
92;2021-04-21;4613;4520;257732;108841;16.0;6.7
92;2021-04-22;4658;5127;262390;113968;16.3;7.1
92;2021-04-23;5236;4703;267626;118671;16.6;7.4
92;2021-04-24;4937;1910;272563;120581;16.9;7.5
92;2021-04-25;1789;150;274352;120731;17.0;7.5
92;2021-04-26;3999;3626;278351;124357;17.2;7.7
92;2021-04-27;6043;5264;284394;129621;17.6;8.0
92;2021-04-28;7379;4504;291773;134125;18.1;8.3
92;2021-04-29;7986;4794;299759;138919;18.6;8.6
92;2021-04-30;8843;4847;308602;143766;19.1;8.9
92;2021-05-01;1200;407;309802;144173;19.2;8.9
92;2021-05-02;663;140;310465;144313;19.2;8.9
92;2021-05-03;6777;3894;317242;148207;19.7;9.2
92;2021-05-04;10418;4368;327660;152575;20.3;9.5
92;2021-05-05;10075;5261;337735;157836;20.9;9.8
92;2021-05-06;11426;4913;349161;162749;21.6;10.1
92;2021-05-07;9860;5299;359021;168048;22.2;10.4
92;2021-05-08;7213;1927;366234;169975;22.7;10.5
92;2021-05-09;3788;599;370022;170574;22.9;10.6
92;2021-05-10;9533;4001;379555;174575;23.5;10.8
92;2021-05-11;13979;5696;393534;180271;24.4;11.2
92;2021-05-12;14284;4589;407818;184860;25.3;11.5
92;2021-05-13;9164;911;416982;185771;25.8;11.5
92;2021-05-14;12030;2316;429012;188087;26.6;11.7
92;2021-05-15;8392;1228;437404;189315;27.1;11.7
92;2021-05-16;4137;452;441541;189767;27.4;11.8
92;2021-05-17;10646;2219;452187;191986;28.0;11.9
92;2021-05-18;16410;3132;468597;195118;29.0;12.1
92;2021-05-19;16033;3722;484630;198840;30.0;12.3
92;2021-05-20;16830;3985;501460;202825;31.1;12.6
92;2021-05-21;14078;3635;515538;206460;31.9;12.8
92;2021-05-22;8316;1515;523854;207975;32.5;12.9
92;2021-05-23;4084;455;527938;208430;32.7;12.9
92;2021-05-24;6122;855;534060;209285;33.1;13.0
92;2021-05-25;13110;4560;547170;213845;33.9;13.3
92;2021-05-26;11931;5043;559101;218888;34.6;13.6
92;2021-05-27;12733;6326;571834;225214;35.4;14.0
92;2021-05-28;11230;6287;583064;231501;36.1;14.3
92;2021-05-29;5454;2301;588518;233802;36.5;14.5
92;2021-05-30;2249;390;590767;234192;36.6;14.5
92;2021-05-31;12056;5306;602823;239498;37.4;14.8
92;2021-06-01;12604;7642;615427;247140;38.1;15.3
92;2021-06-02;14382;7215;629809;254355;39.0;15.8
92;2021-06-03;14586;8032;644395;262387;39.9;16.3
92;2021-06-04;12223;8228;656618;270615;40.7;16.8
92;2021-06-05;7383;6243;664001;276858;41.1;17.2
92;2021-06-06;3593;1674;667594;278532;41.4;17.3
92;2021-06-07;11443;7633;679037;286165;42.1;17.7
92;2021-06-08;12760;9606;691797;295771;42.9;18.3
92;2021-06-09;11658;9477;703455;305248;43.6;18.9
92;2021-06-10;11966;10572;715421;315820;44.3;19.6
92;2021-06-11;8145;11038;723566;326858;44.8;20.3
92;2021-06-12;6362;5100;729928;331958;45.2;20.6
92;2021-06-13;3964;2719;733892;334677;45.5;20.7
92;2021-06-14;5218;11171;739110;345848;45.8;21.4
92;2021-06-15;6532;13135;745642;358983;46.2;22.2
92;2021-06-16;6954;12992;752596;371975;46.6;23.1
92;2021-06-17;7424;14015;760020;385990;47.1;23.9
92;2021-06-18;6897;14395;766917;400385;47.5;24.8
92;2021-06-19;3960;9112;770877;409497;47.8;25.4
92;2021-06-20;1964;5611;772841;415108;47.9;25.7
92;2021-06-21;4839;12275;777680;427383;48.2;26.5
92;2021-06-22;5879;17549;783559;444932;48.6;27.6
92;2021-06-23;5482;15995;789041;460927;48.9;28.6
92;2021-06-24;6203;15126;795244;476053;49.3;29.5
92;2021-06-25;5118;16098;800362;492151;49.6;30.5
92;2021-06-26;4065;10456;804427;502607;49.8;31.1
92;2021-06-27;1859;6051;806286;508658;50.0;31.5
92;2021-06-28;3672;12048;809958;520706;50.2;32.3
92;2021-06-29;4678;18162;814636;538868;50.5;33.4
92;2021-06-30;4448;16231;819084;555099;50.8;34.4
92;2021-07-01;5544;16312;824628;571411;51.1;35.4
92;2021-07-02;4860;15284;829488;586695;51.4;36.4
92;2021-07-03;3302;10184;832790;596879;51.6;37.0
92;2021-07-04;1122;4207;833912;601086;51.7;37.2
92;2021-07-05;4820;12332;838732;613418;52.0;38.0
92;2021-07-06;5283;15815;844015;629233;52.3;39.0
92;2021-07-07;4252;11457;848267;640690;52.6;39.7
92;2021-07-08;5407;14638;853674;655328;52.9;40.6
92;2021-07-09;5876;14206;859550;669534;53.3;41.5
92;2021-07-10;4375;8453;863925;677987;53.5;42.0
92;2021-07-11;1481;2618;865406;680605;53.6;42.2
92;2021-07-12;4398;14635;869804;695240;53.9;43.1
92;2021-07-13;7871;17453;877675;712693;54.4;44.2
92;2021-07-14;5101;5741;882776;718434;54.7;44.5
92;2021-07-15;9571;16250;892347;734684;55.3;45.5
92;2021-07-16;9052;14175;901399;748859;55.9;46.4
92;2021-07-17;6569;7603;907968;756462;56.3;46.9
92;2021-07-18;1835;2481;909803;758943;56.4;47.0
92;2021-07-19;6461;13203;916264;772146;56.8;47.8
92;2021-07-20;10078;14091;926342;786237;57.4;48.7
92;2021-07-21;10443;12118;936785;798355;58.0;49.5
92;2021-07-22;12033;12970;948818;811325;58.8;50.3
92;2021-07-23;11574;11349;960392;822674;59.5;51.0
92;2021-07-24;6724;6253;967116;828927;59.9;51.4
92;2021-07-25;2765;2320;969881;831247;60.1;51.5
92;2021-07-26;9468;9174;979349;840421;60.7;52.1
92;2021-07-27;11459;9597;990808;850018;61.4;52.7
92;2021-07-28;11336;8149;1002144;858167;62.1;53.2
92;2021-07-29;10400;8611;1012544;866778;62.7;53.7
92;2021-07-30;9017;8322;1021561;875100;63.3;54.2
92;2021-07-31;5685;4807;1027246;879907;63.7;54.5
92;2021-08-01;2187;1291;1029433;881198;63.8;54.6
92;2021-08-02;4635;4928;1034068;886126;64.1;54.9
92;2021-08-03;5093;6137;1039161;892263;64.4;55.3
92;2021-08-04;4664;4857;1043825;897120;64.7;55.6
92;2021-08-05;4416;5673;1048241;902793;65.0;55.9
92;2021-08-06;4466;5951;1052707;908744;65.2;56.3
92;2021-08-07;2790;4222;1055497;912966;65.4;56.6
92;2021-08-08;950;1080;1056447;914046;65.5;56.6
92;2021-08-09;3159;4246;1059606;918292;65.7;56.9
92;2021-08-10;3757;5601;1063363;923893;65.9;57.3
92;2021-08-11;3162;4430;1066525;928323;66.1;57.5
92;2021-08-12;3349;5584;1069874;933907;66.3;57.9
92;2021-08-13;2934;5125;1072808;939032;66.5;58.2
92;2021-08-14;1854;3916;1074662;942948;66.6;58.4
92;2021-08-15;572;839;1075234;943787;66.6;58.5
92;2021-08-16;2347;5302;1077581;949089;66.8;58.8
92;2021-08-17;2600;6967;1080181;956056;66.9;59.2
92;2021-08-18;2389;5249;1082570;961305;67.1;59.6
92;2021-08-19;2483;5726;1085053;967031;67.2;59.9
92;2021-08-20;2235;5167;1087288;972198;67.4;60.2
92;2021-08-21;1378;4215;1088666;976413;67.5;60.5
92;2021-08-22;420;1592;1089086;978005;67.5;60.6
92;2021-08-23;2410;6575;1091496;984580;67.6;61.0
92;2021-08-24;3122;8331;1094618;992911;67.8;61.5
92;2021-08-25;2812;7542;1097430;1000453;68.0;62.0
93;2020-12-27;10;3;10;3;0.0;0.0
93;2020-12-28;4;0;14;3;0.0;0.0
93;2020-12-29;0;0;14;3;0.0;0.0
93;2020-12-30;44;1;58;4;0.0;0.0
93;2020-12-31;9;0;67;4;0.0;0.0
93;2021-01-01;5;0;72;4;0.0;0.0
93;2021-01-02;0;0;72;4;0.0;0.0
93;2021-01-03;3;0;75;4;0.0;0.0
93;2021-01-04;0;0;75;4;0.0;0.0
93;2021-01-05;62;1;137;5;0.0;0.0
93;2021-01-06;179;0;316;5;0.0;0.0
93;2021-01-07;380;3;696;8;0.0;0.0
93;2021-01-08;632;1;1328;9;0.1;0.0
93;2021-01-09;21;0;1349;9;0.1;0.0
93;2021-01-10;2;0;1351;9;0.1;0.0
93;2021-01-11;503;4;1854;13;0.1;0.0
93;2021-01-12;753;7;2607;20;0.2;0.0
93;2021-01-13;750;6;3357;26;0.2;0.0
93;2021-01-14;686;18;4043;44;0.2;0.0
93;2021-01-15;516;3;4559;47;0.3;0.0
93;2021-01-16;139;3;4698;50;0.3;0.0
93;2021-01-17;6;1;4704;51;0.3;0.0
93;2021-01-18;1198;10;5902;61;0.4;0.0
93;2021-01-19;1612;17;7514;78;0.4;0.0
93;2021-01-20;1557;19;9071;97;0.5;0.0
93;2021-01-21;1918;35;10989;132;0.7;0.0
93;2021-01-22;1387;15;12376;147;0.7;0.0
93;2021-01-23;712;8;13088;155;0.8;0.0
93;2021-01-24;0;0;13088;155;0.8;0.0
93;2021-01-25;1208;16;14296;171;0.9;0.0
93;2021-01-26;1291;37;15587;208;0.9;0.0
93;2021-01-27;2156;72;17743;280;1.1;0.0
93;2021-01-28;2263;207;20006;487;1.2;0.0
93;2021-01-29;1620;228;21626;715;1.3;0.0
93;2021-01-30;927;47;22553;762;1.4;0.0
93;2021-01-31;7;7;22560;769;1.4;0.0
93;2021-02-01;1180;172;23740;941;1.4;0.1
93;2021-02-02;1167;309;24907;1250;1.5;0.1
93;2021-02-03;1231;396;26138;1646;1.6;0.1
93;2021-02-04;923;566;27061;2212;1.6;0.1
93;2021-02-05;797;432;27858;2644;1.7;0.2
93;2021-02-06;694;69;28552;2713;1.7;0.2
93;2021-02-07;5;0;28557;2713;1.7;0.2
93;2021-02-08;912;647;29469;3360;1.8;0.2
93;2021-02-09;851;599;30320;3959;1.8;0.2
93;2021-02-10;881;676;31201;4635;1.9;0.3
93;2021-02-11;1242;832;32443;5467;1.9;0.3
93;2021-02-12;1041;638;33484;6105;2.0;0.4
93;2021-02-13;395;265;33879;6370;2.0;0.4
93;2021-02-14;13;59;33892;6429;2.0;0.4
93;2021-02-15;412;1265;34304;7694;2.1;0.5
93;2021-02-16;549;1235;34853;8929;2.1;0.5
93;2021-02-17;541;1765;35394;10694;2.1;0.6
93;2021-02-18;1133;1876;36527;12570;2.2;0.8
93;2021-02-19;993;1544;37520;14114;2.2;0.8
93;2021-02-20;304;666;37824;14780;2.3;0.9
93;2021-02-21;9;23;37833;14803;2.3;0.9
93;2021-02-22;603;1293;38436;16096;2.3;1.0
93;2021-02-23;563;1128;38999;17224;2.3;1.0
93;2021-02-24;643;1220;39642;18444;2.4;1.1
93;2021-02-25;902;1072;40544;19516;2.4;1.2
93;2021-02-26;1121;982;41665;20498;2.5;1.2
93;2021-02-27;543;621;42208;21119;2.5;1.3
93;2021-02-28;87;57;42295;21176;2.5;1.3
93;2021-03-01;1081;1073;43376;22249;2.6;1.3
93;2021-03-02;1443;1146;44819;23395;2.7;1.4
93;2021-03-03;1740;1191;46559;24586;2.8;1.5
93;2021-03-04;2717;1131;49276;25717;3.0;1.5
93;2021-03-05;3820;898;53096;26615;3.2;1.6
93;2021-03-06;5049;569;58145;27184;3.5;1.6
93;2021-03-07;4301;230;62446;27414;3.7;1.6
93;2021-03-08;2035;1260;64481;28674;3.9;1.7
93;2021-03-09;2915;973;67396;29647;4.0;1.8
93;2021-03-10;2857;1112;70253;30759;4.2;1.8
93;2021-03-11;3566;1255;73819;32014;4.4;1.9
93;2021-03-12;4126;1302;77945;33316;4.7;2.0
93;2021-03-13;4288;637;82233;33953;4.9;2.0
93;2021-03-14;882;73;83115;34026;5.0;2.0
93;2021-03-15;3550;690;86665;34716;5.2;2.1
93;2021-03-16;3162;623;89827;35339;5.4;2.1
93;2021-03-17;2656;604;92483;35943;5.5;2.2
93;2021-03-18;3314;728;95797;36671;5.7;2.2
93;2021-03-19;3765;648;99562;37319;6.0;2.2
93;2021-03-20;3462;301;103024;37620;6.2;2.3
93;2021-03-21;813;271;103837;37891;6.2;2.3
93;2021-03-22;3847;622;107684;38513;6.4;2.3
93;2021-03-23;4762;811;112446;39324;6.7;2.4
93;2021-03-24;4113;684;116559;40008;7.0;2.4
93;2021-03-25;5578;865;122137;40873;7.3;2.4
93;2021-03-26;5549;896;127686;41769;7.6;2.5
93;2021-03-27;4281;312;131967;42081;7.9;2.5
93;2021-03-28;613;40;132580;42121;7.9;2.5
93;2021-03-29;3854;969;136434;43090;8.2;2.6
93;2021-03-30;4724;1269;141158;44359;8.5;2.7
93;2021-03-31;3913;1245;145071;45604;8.7;2.7
93;2021-04-01;4056;3153;149127;48757;8.9;2.9
93;2021-04-02;3224;3564;152351;52321;9.1;3.1
93;2021-04-03;2520;2262;154871;54583;9.3;3.3
93;2021-04-04;763;158;155634;54741;9.3;3.3
93;2021-04-05;708;90;156342;54831;9.4;3.3
93;2021-04-06;4562;2352;160904;57183;9.6;3.4
93;2021-04-07;4904;2096;165808;59279;9.9;3.5
93;2021-04-08;5811;2691;171619;61970;10.3;3.7
93;2021-04-09;6093;3187;177712;65157;10.6;3.9
93;2021-04-10;4197;2497;181909;67654;10.9;4.1
93;2021-04-11;575;433;182484;68087;10.9;4.1
93;2021-04-12;4099;2926;186583;71013;11.2;4.3
93;2021-04-13;4601;3664;191184;74677;11.4;4.5
93;2021-04-14;4361;2482;195545;77159;11.7;4.6
93;2021-04-15;4558;3037;200103;80196;12.0;4.8
93;2021-04-16;4438;2994;204541;83190;12.2;5.0
93;2021-04-17;3517;2507;208058;85697;12.5;5.1
93;2021-04-18;291;434;208349;86131;12.5;5.2
93;2021-04-19;3777;2865;212126;88996;12.7;5.3
93;2021-04-20;4307;3276;216433;92272;13.0;5.5
93;2021-04-21;4142;2770;220575;95042;13.2;5.7
93;2021-04-22;4512;4017;225087;99059;13.5;5.9
93;2021-04-23;5625;3242;230712;102301;13.8;6.1
93;2021-04-24;5923;3329;236635;105630;14.2;6.3
93;2021-04-25;1732;594;238367;106224;14.3;6.4
93;2021-04-26;4859;3084;243226;109308;14.6;6.5
93;2021-04-27;6458;3627;249684;112935;14.9;6.8
93;2021-04-28;6077;3434;255761;116369;15.3;7.0
93;2021-04-29;7301;3247;263062;119616;15.8;7.2
93;2021-04-30;8263;3118;271325;122734;16.2;7.3
93;2021-05-01;4949;1189;276274;123923;16.5;7.4
93;2021-05-02;418;647;276692;124570;16.6;7.5
93;2021-05-03;8166;5122;284858;129692;17.1;7.8
93;2021-05-04;7825;5410;292683;135102;17.5;8.1
93;2021-05-05;7576;4811;300259;139913;18.0;8.4
93;2021-05-06;8250;4779;308509;144692;18.5;8.7
93;2021-05-07;7012;5429;315521;150121;18.9;9.0
93;2021-05-08;8362;2390;323883;152511;19.4;9.1
93;2021-05-09;6123;1367;330006;153878;19.8;9.2
93;2021-05-10;8256;4080;338262;157958;20.3;9.5
93;2021-05-11;9307;4812;347569;162770;20.8;9.7
93;2021-05-12;9189;3658;356758;166428;21.4;10.0
93;2021-05-13;8296;1656;365054;168084;21.9;10.1
93;2021-05-14;10425;3536;375479;171620;22.5;10.3
93;2021-05-15;11128;3012;386607;174632;23.1;10.5
93;2021-05-16;5557;728;392164;175360;23.5;10.5
93;2021-05-17;11896;2262;404060;177622;24.2;10.6
93;2021-05-18;14101;2397;418161;180019;25.0;10.8
93;2021-05-19;11436;2951;429597;182970;25.7;11.0
93;2021-05-20;12621;3481;442218;186451;26.5;11.2
93;2021-05-21;13014;2890;455232;189341;27.3;11.3
93;2021-05-22;12387;2205;467619;191546;28.0;11.5
93;2021-05-23;8480;1107;476099;192653;28.5;11.5
93;2021-05-24;11201;1943;487300;194596;29.2;11.7
93;2021-05-25;12292;4316;499592;198912;29.9;11.9
93;2021-05-26;11069;3751;510661;202663;30.6;12.1
93;2021-05-27;12706;3891;523367;206554;31.3;12.4
93;2021-05-28;12653;5265;536020;211819;32.1;12.7
93;2021-05-29;11396;4268;547416;216087;32.8;12.9
93;2021-05-30;8216;1379;555632;217466;33.3;13.0
93;2021-05-31;9180;5183;564812;222649;33.8;13.3
93;2021-06-01;11388;6282;576200;228931;34.5;13.7
93;2021-06-02;10712;5198;586912;234129;35.1;14.0
93;2021-06-03;10813;5518;597725;239647;35.8;14.3
93;2021-06-04;10609;7806;608334;247453;36.4;14.8
93;2021-06-05;9021;7352;617355;254805;37.0;15.3
93;2021-06-06;8404;1747;625759;256552;37.5;15.4
93;2021-06-07;10071;7535;635830;264087;38.1;15.8
93;2021-06-08;10379;7379;646209;271466;38.7;16.3
93;2021-06-09;10240;7292;656449;278758;39.3;16.7
93;2021-06-10;9006;8190;665455;286948;39.8;17.2
93;2021-06-11;8832;8821;674287;295769;40.4;17.7
93;2021-06-12;9868;6656;684155;302425;41.0;18.1
93;2021-06-13;7169;2127;691324;304552;41.4;18.2
93;2021-06-14;5399;9734;696723;314286;41.7;18.8
93;2021-06-15;6241;9660;702964;323946;42.1;19.4
93;2021-06-16;6647;9059;709611;333005;42.5;19.9
93;2021-06-17;5752;8475;715363;341480;42.8;20.4
93;2021-06-18;7223;11128;722586;352608;43.3;21.1
93;2021-06-19;7077;11097;729663;363705;43.7;21.8
93;2021-06-20;4951;6876;734614;370581;44.0;22.2
93;2021-06-21;4072;10732;738686;381313;44.2;22.8
93;2021-06-22;4691;11311;743377;392624;44.5;23.5
93;2021-06-23;4540;10598;747917;403222;44.8;24.1
93;2021-06-24;4208;10301;752125;413523;45.0;24.8
93;2021-06-25;5181;13058;757306;426581;45.3;25.5
93;2021-06-26;5298;13919;762604;440500;45.7;26.4
93;2021-06-27;3290;7107;765894;447607;45.9;26.8
93;2021-06-28;3693;12512;769587;460119;46.1;27.5
93;2021-06-29;4017;12351;773604;472470;46.3;28.3
93;2021-06-30;4136;11303;777740;483773;46.6;29.0
93;2021-07-01;5926;11160;783666;494933;46.9;29.6
93;2021-07-02;5735;12374;789401;507307;47.3;30.4
93;2021-07-03;5358;13445;794759;520752;47.6;31.2
93;2021-07-04;3083;7886;797842;528638;47.8;31.7
93;2021-07-05;4548;10848;802390;539486;48.0;32.3
93;2021-07-06;4794;11755;807184;551241;48.3;33.0
93;2021-07-07;5048;11410;812232;562651;48.6;33.7
93;2021-07-08;5016;10260;817248;572911;48.9;34.3
93;2021-07-09;5899;13028;823147;585939;49.3;35.1
93;2021-07-10;5893;14282;829040;600221;49.6;35.9
93;2021-07-11;3690;9088;832730;609309;49.9;36.5
93;2021-07-12;5556;12068;838286;621377;50.2;37.2
93;2021-07-13;11102;13287;849388;634664;50.9;38.0
93;2021-07-14;10628;6793;860016;641457;51.5;38.4
93;2021-07-15;12472;14123;872488;655580;52.2;39.3
93;2021-07-16;13122;13689;885610;669269;53.0;40.1
93;2021-07-17;11358;13911;896968;683180;53.7;40.9
93;2021-07-18;7401;8949;904369;692129;54.1;41.4
93;2021-07-19;9596;10919;913965;703048;54.7;42.1
93;2021-07-20;12581;10674;926546;713722;55.5;42.7
93;2021-07-21;14203;10938;940749;724660;56.3;43.4
93;2021-07-22;14103;9460;954852;734120;57.2;44.0
93;2021-07-23;14528;10636;969380;744756;58.0;44.6
93;2021-07-24;13897;10629;983277;755385;58.9;45.2
93;2021-07-25;9026;6349;992303;761734;59.4;45.6
93;2021-07-26;12542;7772;1004845;769506;60.2;46.1
93;2021-07-27;15017;7405;1019862;776911;61.1;46.5
93;2021-07-28;14840;8243;1034702;785154;62.0;47.0
93;2021-07-29;13467;7034;1048169;792188;62.8;47.4
93;2021-07-30;13789;7823;1061958;800011;63.6;47.9
93;2021-07-31;12155;7691;1074113;807702;64.3;48.4
93;2021-08-01;7272;4578;1081385;812280;64.7;48.6
93;2021-08-02;7606;5677;1088991;817957;65.2;49.0
93;2021-08-03;7197;6856;1096188;824813;65.6;49.4
93;2021-08-04;7475;7968;1103663;832781;66.1;49.9
93;2021-08-05;5651;6832;1109314;839613;66.4;50.3
93;2021-08-06;6741;8320;1116055;847933;66.8;50.8
93;2021-08-07;7191;9033;1123246;856966;67.3;51.3
93;2021-08-08;4323;5538;1127569;862504;67.5;51.6
93;2021-08-09;6572;8052;1134141;870556;67.9;52.1
93;2021-08-10;7097;8826;1141238;879382;68.3;52.7
93;2021-08-11;7282;9668;1148520;889050;68.8;53.2
93;2021-08-12;6178;9006;1154698;898056;69.1;53.8
93;2021-08-13;6227;8996;1160925;907052;69.5;54.3
93;2021-08-14;5766;10466;1166691;917518;69.9;54.9
93;2021-08-15;2652;3610;1169343;921128;70.0;55.2
93;2021-08-16;5385;11179;1174728;932307;70.3;55.8
93;2021-08-17;5771;10886;1180499;943193;70.7;56.5
93;2021-08-18;5344;11129;1185843;954322;71.0;57.1
93;2021-08-19;4414;9641;1190257;963963;71.3;57.7
93;2021-08-20;4706;11191;1194963;975154;71.5;58.4
93;2021-08-21;4186;11911;1199149;987065;71.8;59.1
93;2021-08-22;2165;7034;1201314;994099;71.9;59.5
93;2021-08-23;4254;9273;1205568;1003372;72.2;60.1
93;2021-08-24;4244;8374;1209812;1011746;72.4;60.6
93;2021-08-25;4074;8546;1213886;1020292;72.7;61.1
94;2020-12-27;6;0;6;0;0.0;0.0
94;2020-12-28;10;0;16;0;0.0;0.0
94;2020-12-29;0;0;16;0;0.0;0.0
94;2020-12-30;1;0;17;0;0.0;0.0
94;2020-12-31;4;0;21;0;0.0;0.0
94;2021-01-01;4;0;25;0;0.0;0.0
94;2021-01-02;0;0;25;0;0.0;0.0
94;2021-01-03;2;0;27;0;0.0;0.0
94;2021-01-04;37;2;64;2;0.0;0.0
94;2021-01-05;231;2;295;4;0.0;0.0
94;2021-01-06;332;4;627;8;0.0;0.0
94;2021-01-07;691;11;1318;19;0.1;0.0
94;2021-01-08;922;10;2240;29;0.2;0.0
94;2021-01-09;47;0;2287;29;0.2;0.0
94;2021-01-10;18;0;2305;29;0.2;0.0
94;2021-01-11;1013;9;3318;38;0.2;0.0
94;2021-01-12;1345;26;4663;64;0.3;0.0
94;2021-01-13;1407;24;6070;88;0.4;0.0
94;2021-01-14;1541;28;7611;116;0.5;0.0
94;2021-01-15;1220;22;8831;138;0.6;0.0
94;2021-01-16;197;2;9028;140;0.6;0.0
94;2021-01-17;96;1;9124;141;0.6;0.0
94;2021-01-18;1498;28;10622;169;0.8;0.0
94;2021-01-19;1951;28;12573;197;0.9;0.0
94;2021-01-20;2183;20;14756;217;1.0;0.0
94;2021-01-21;3002;16;17758;233;1.3;0.0
94;2021-01-22;2183;19;19941;252;1.4;0.0
94;2021-01-23;732;3;20673;255;1.5;0.0
94;2021-01-24;284;0;20957;255;1.5;0.0
94;2021-01-25;1467;22;22424;277;1.6;0.0
94;2021-01-26;1568;20;23992;297;1.7;0.0
94;2021-01-27;1816;31;25808;328;1.8;0.0
94;2021-01-28;1536;134;27344;462;1.9;0.0
94;2021-01-29;1379;149;28723;611;2.0;0.0
94;2021-01-30;580;4;29303;615;2.1;0.0
94;2021-01-31;120;8;29423;623;2.1;0.0
94;2021-02-01;928;153;30351;776;2.2;0.1
94;2021-02-02;852;253;31203;1029;2.2;0.1
94;2021-02-03;762;369;31965;1398;2.3;0.1
94;2021-02-04;901;434;32866;1832;2.3;0.1
94;2021-02-05;873;573;33739;2405;2.4;0.2
94;2021-02-06;405;75;34144;2480;2.4;0.2
94;2021-02-07;121;0;34265;2480;2.4;0.2
94;2021-02-08;634;550;34899;3030;2.5;0.2
94;2021-02-09;1036;988;35935;4018;2.6;0.3
94;2021-02-10;1101;1368;37036;5386;2.6;0.4
94;2021-02-11;1429;1560;38465;6946;2.7;0.5
94;2021-02-12;1390;1655;39855;8601;2.8;0.6
94;2021-02-13;300;263;40155;8864;2.9;0.6
94;2021-02-14;30;72;40185;8936;2.9;0.6
94;2021-02-15;752;1772;40937;10708;2.9;0.8
94;2021-02-16;702;2750;41639;13458;3.0;1.0
94;2021-02-17;715;1582;42354;15040;3.0;1.1
94;2021-02-18;787;1709;43141;16749;3.1;1.2
94;2021-02-19;967;1465;44108;18214;3.1;1.3
94;2021-02-20;133;924;44241;19138;3.1;1.4
94;2021-02-21;20;184;44261;19322;3.1;1.4
94;2021-02-22;523;1350;44784;20672;3.2;1.5
94;2021-02-23;624;1279;45408;21951;3.2;1.6
94;2021-02-24;693;926;46101;22877;3.3;1.6
94;2021-02-25;1070;1571;47171;24448;3.4;1.7
94;2021-02-26;1323;1076;48494;25524;3.4;1.8
94;2021-02-27;515;555;49009;26079;3.5;1.9
94;2021-02-28;91;84;49100;26163;3.5;1.9
94;2021-03-01;882;946;49982;27109;3.6;1.9
94;2021-03-02;1566;1001;51548;28110;3.7;2.0
94;2021-03-03;1948;1028;53496;29138;3.8;2.1
94;2021-03-04;2860;1196;56356;30334;4.0;2.2
94;2021-03-05;3835;1360;60191;31694;4.3;2.3
94;2021-03-06;4815;593;65006;32287;4.6;2.3
94;2021-03-07;3689;572;68695;32859;4.9;2.3
94;2021-03-08;1915;810;70610;33669;5.0;2.4
94;2021-03-09;2555;939;73165;34608;5.2;2.5
94;2021-03-10;3200;1050;76365;35658;5.4;2.5
94;2021-03-11;3839;951;80204;36609;5.7;2.6
94;2021-03-12;4580;833;84784;37442;6.0;2.7
94;2021-03-13;4129;402;88913;37844;6.3;2.7
94;2021-03-14;2115;159;91028;38003;6.5;2.7
94;2021-03-15;3170;796;94198;38799;6.7;2.8
94;2021-03-16;2775;450;96973;39249;6.9;2.8
94;2021-03-17;2859;467;99832;39716;7.1;2.8
94;2021-03-18;3264;449;103096;40165;7.3;2.9
94;2021-03-19;4272;717;107368;40882;7.6;2.9
94;2021-03-20;3692;300;111060;41182;7.9;2.9
94;2021-03-21;1463;391;112523;41573;8.0;3.0
94;2021-03-22;3217;679;115740;42252;8.2;3.0
94;2021-03-23;4512;743;120252;42995;8.6;3.1
94;2021-03-24;4628;634;124880;43629;8.9;3.1
94;2021-03-25;6322;683;131202;44312;9.3;3.2
94;2021-03-26;6088;846;137290;45158;9.8;3.2
94;2021-03-27;4472;282;141762;45440;10.1;3.2
94;2021-03-28;1887;107;143649;45547;10.2;3.2
94;2021-03-29;4124;1236;147773;46783;10.5;3.3
94;2021-03-30;5300;1361;153073;48144;10.9;3.4
94;2021-03-31;4904;1820;157977;49964;11.2;3.6
94;2021-04-01;5824;2321;163801;52285;11.6;3.7
94;2021-04-02;5248;2335;169049;54620;12.0;3.9
94;2021-04-03;3088;2530;172137;57150;12.2;4.1
94;2021-04-04;1052;780;173189;57930;12.3;4.1
94;2021-04-05;836;163;174025;58093;12.4;4.1
94;2021-04-06;3576;2610;177601;60703;12.6;4.3
94;2021-04-07;3866;2278;181467;62981;12.9;4.5
94;2021-04-08;4623;2066;186090;65047;13.2;4.6
94;2021-04-09;5361;2483;191451;67530;13.6;4.8
94;2021-04-10;2960;3010;194411;70540;13.8;5.0
94;2021-04-11;1268;1770;195679;72310;13.9;5.1
94;2021-04-12;3439;2291;199118;74601;14.2;5.3
94;2021-04-13;4314;3429;203432;78030;14.5;5.5
94;2021-04-14;3905;2703;207337;80733;14.7;5.7
94;2021-04-15;4444;2996;211781;83729;15.1;6.0
94;2021-04-16;4705;2848;216486;86577;15.4;6.2
94;2021-04-17;2462;2771;218948;89348;15.6;6.4
94;2021-04-18;921;1246;219869;90594;15.6;6.4
94;2021-04-19;2976;2446;222845;93040;15.8;6.6
94;2021-04-20;3270;2713;226115;95753;16.1;6.8
94;2021-04-21;3218;3166;229333;98919;16.3;7.0
94;2021-04-22;3913;3653;233246;102572;16.6;7.3
94;2021-04-23;4116;3995;237362;106567;16.9;7.6
94;2021-04-24;4264;3411;241626;109978;17.2;7.8
94;2021-04-25;2409;1503;244035;111481;17.4;7.9
94;2021-04-26;4012;3283;248047;114764;17.6;8.2
94;2021-04-27;5095;3381;253142;118145;18.0;8.4
94;2021-04-28;4831;3639;257973;121784;18.3;8.7
94;2021-04-29;6418;3820;264391;125604;18.8;8.9
94;2021-04-30;6487;3948;270878;129552;19.3;9.2
94;2021-05-01;4057;1064;274935;130616;19.6;9.3
94;2021-05-02;3053;1473;277988;132089;19.8;9.4
94;2021-05-03;5737;5347;283725;137436;20.2;9.8
94;2021-05-04;6099;3577;289824;141013;20.6;10.0
94;2021-05-05;6185;3430;296009;144443;21.1;10.3
94;2021-05-06;7157;3541;303166;147984;21.6;10.5
94;2021-05-07;6676;4124;309842;152108;22.0;10.8
94;2021-05-08;4900;2553;314742;154661;22.4;11.0
94;2021-05-09;4226;2255;318968;156916;22.7;11.2
94;2021-05-10;7719;3135;326687;160051;23.2;11.4
94;2021-05-11;8975;3935;335662;163986;23.9;11.7
94;2021-05-12;9576;3607;345238;167593;24.6;11.9
94;2021-05-13;8677;1371;353915;168964;25.2;12.0
94;2021-05-14;9873;3324;363788;172288;25.9;12.3
94;2021-05-15;8942;2169;372730;174457;26.5;12.4
94;2021-05-16;5069;912;377799;175369;26.9;12.5
94;2021-05-17;10838;2256;388637;177625;27.6;12.6
94;2021-05-18;11297;2458;399934;180083;28.4;12.8
94;2021-05-19;11672;3601;411606;183684;29.3;13.1
94;2021-05-20;12154;4368;423760;188052;30.1;13.4
94;2021-05-21;11879;3162;435639;191214;31.0;13.6
94;2021-05-22;10291;1969;445930;193183;31.7;13.7
94;2021-05-23;5003;711;450933;193894;32.1;13.8
94;2021-05-24;9663;1347;460596;195241;32.8;13.9
94;2021-05-25;10001;4265;470597;199506;33.5;14.2
94;2021-05-26;10281;3317;480878;202823;34.2;14.4
94;2021-05-27;10866;4589;491744;207412;35.0;14.8
94;2021-05-28;10449;4957;502193;212369;35.7;15.1
94;2021-05-29;9874;3458;512067;215827;36.4;15.3
94;2021-05-30;4788;932;516855;216759;36.8;15.4
94;2021-05-31;9987;4238;526842;220997;37.5;15.7
94;2021-06-01;10320;5108;537162;226105;38.2;16.1
94;2021-06-02;9364;4596;546526;230701;38.9;16.4
94;2021-06-03;9565;5603;556091;236304;39.6;16.8
94;2021-06-04;10415;6540;566506;242844;40.3;17.3
94;2021-06-05;9201;6264;575707;249108;40.9;17.7
94;2021-06-06;3986;1850;579693;250958;41.2;17.8
94;2021-06-07;8677;5982;588370;256940;41.8;18.3
94;2021-06-08;9013;7537;597383;264477;42.5;18.8
94;2021-06-09;8952;8164;606335;272641;43.1;19.4
94;2021-06-10;8806;10982;615141;283623;43.7;20.2
94;2021-06-11;7854;8394;622995;292017;44.3;20.8
94;2021-06-12;10263;6850;633258;298867;45.0;21.3
94;2021-06-13;3470;3260;636728;302127;45.3;21.5
94;2021-06-14;6964;8217;643692;310344;45.8;22.1
94;2021-06-15;7736;8818;651428;319162;46.3;22.7
94;2021-06-16;7242;8276;658670;327438;46.8;23.3
94;2021-06-17;6704;9073;665374;336511;47.3;23.9
94;2021-06-18;6583;11963;671957;348474;47.8;24.8
94;2021-06-19;6012;9595;677969;358069;48.2;25.5
94;2021-06-20;1889;4012;679858;362081;48.4;25.8
94;2021-06-21;4532;11186;684390;373267;48.7;26.5
94;2021-06-22;4843;10813;689233;384080;49.0;27.3
94;2021-06-23;4175;11160;693408;395240;49.3;28.1
94;2021-06-24;4972;10337;698380;405577;49.7;28.8
94;2021-06-25;4290;13743;702670;419320;50.0;29.8
94;2021-06-26;3139;12001;705809;431321;50.2;30.7
94;2021-06-27;1059;4997;706868;436318;50.3;31.0
94;2021-06-28;3499;12079;710367;448397;50.5;31.9
94;2021-06-29;4046;12181;714413;460578;50.8;32.8
94;2021-06-30;4446;11649;718859;472227;51.1;33.6
94;2021-07-01;5396;11114;724255;483341;51.5;34.4
94;2021-07-02;5595;12197;729850;495538;51.9;35.2
94;2021-07-03;3717;11806;733567;507344;52.2;36.1
94;2021-07-04;1514;5087;735081;512431;52.3;36.4
94;2021-07-05;4535;11436;739616;523867;52.6;37.3
94;2021-07-06;4627;10898;744243;534765;52.9;38.0
94;2021-07-07;5031;11082;749274;545847;53.3;38.8
94;2021-07-08;5133;10031;754407;555878;53.7;39.5
94;2021-07-09;6078;11872;760485;567750;54.1;40.4
94;2021-07-10;4115;11362;764600;579112;54.4;41.2
94;2021-07-11;1555;4717;766155;583829;54.5;41.5
94;2021-07-12;4292;11970;770447;595799;54.8;42.4
94;2021-07-13;6422;12039;776869;607838;55.3;43.2
94;2021-07-14;4193;5293;781062;613131;55.6;43.6
94;2021-07-15;7233;12367;788295;625498;56.1;44.5
94;2021-07-16;7712;11308;796007;636806;56.6;45.3
94;2021-07-17;6093;11318;802100;648124;57.0;46.1
94;2021-07-18;2628;4023;804728;652147;57.2;46.4
94;2021-07-19;6912;10444;811640;662591;57.7;47.1
94;2021-07-20;8477;10384;820117;672975;58.3;47.9
94;2021-07-21;8744;9573;828861;682548;58.9;48.5
94;2021-07-22;9742;9414;838603;691962;59.6;49.2
94;2021-07-23;9263;9412;847866;701374;60.3;49.9
94;2021-07-24;7183;8873;855049;710247;60.8;50.5
94;2021-07-25;2188;2738;857237;712985;61.0;50.7
94;2021-07-26;7984;8083;865221;721068;61.5;51.3
94;2021-07-27;8726;7131;873947;728199;62.2;51.8
94;2021-07-28;8998;6565;882945;734764;62.8;52.3
94;2021-07-29;8981;6353;891926;741117;63.4;52.7
94;2021-07-30;7811;6575;899737;747692;64.0;53.2
94;2021-07-31;7136;6305;906873;753997;64.5;53.6
94;2021-08-01;3180;1783;910053;755780;64.7;53.8
94;2021-08-02;6290;5474;916343;761254;65.2;54.1
94;2021-08-03;6191;5196;922534;766450;65.6;54.5
94;2021-08-04;6131;5122;928665;771572;66.0;54.9
94;2021-08-05;5723;5456;934388;777028;66.5;55.3
94;2021-08-06;5496;5819;939884;782847;66.8;55.7
94;2021-08-07;4194;4467;944078;787314;67.1;56.0
94;2021-08-08;1354;1708;945432;789022;67.2;56.1
94;2021-08-09;4822;6799;950254;795821;67.6;56.6
94;2021-08-10;5287;6532;955541;802353;68.0;57.1
94;2021-08-11;4195;5911;959736;808264;68.3;57.5
94;2021-08-12;4303;6485;964039;814749;68.6;57.9
94;2021-08-13;3664;5783;967703;820532;68.8;58.4
94;2021-08-14;2855;5730;970558;826262;69.0;58.8
94;2021-08-15;448;733;971006;826995;69.1;58.8
94;2021-08-16;3447;8273;974453;835268;69.3;59.4
94;2021-08-17;3330;8124;977783;843392;69.5;60.0
94;2021-08-18;3221;8594;981004;851986;69.8;60.6
94;2021-08-19;3254;6882;984258;858868;70.0;61.1
94;2021-08-20;2920;7733;987178;866601;70.2;61.6
94;2021-08-21;2509;7151;989687;873752;70.4;62.1
94;2021-08-22;887;2731;990574;876483;70.5;62.3
94;2021-08-23;2779;8438;993353;884921;70.6;62.9
94;2021-08-24;3055;7478;996408;892399;70.9;63.5
94;2021-08-25;2671;6700;999079;899099;71.1;63.9
95;2020-12-27;3;0;3;0;0.0;0.0
95;2020-12-28;4;0;7;0;0.0;0.0
95;2020-12-29;0;0;7;0;0.0;0.0
95;2020-12-30;0;0;7;0;0.0;0.0
95;2020-12-31;2;0;9;0;0.0;0.0
95;2021-01-01;0;0;9;0;0.0;0.0
95;2021-01-02;13;0;22;0;0.0;0.0
95;2021-01-03;1;0;23;0;0.0;0.0
95;2021-01-04;48;0;71;0;0.0;0.0
95;2021-01-05;311;0;382;0;0.0;0.0
95;2021-01-06;192;0;574;0;0.0;0.0
95;2021-01-07;130;1;704;1;0.1;0.0
95;2021-01-08;277;1;981;2;0.1;0.0
95;2021-01-09;251;0;1232;2;0.1;0.0
95;2021-01-10;382;1;1614;3;0.1;0.0
95;2021-01-11;489;1;2103;4;0.2;0.0
95;2021-01-12;862;1;2965;5;0.2;0.0
95;2021-01-13;781;12;3746;17;0.3;0.0
95;2021-01-14;887;13;4633;30;0.4;0.0
95;2021-01-15;758;5;5391;35;0.4;0.0
95;2021-01-16;298;3;5689;38;0.5;0.0
95;2021-01-17;221;1;5910;39;0.5;0.0
95;2021-01-18;1338;5;7248;44;0.6;0.0
95;2021-01-19;1573;6;8821;50;0.7;0.0
95;2021-01-20;2038;5;10859;55;0.9;0.0
95;2021-01-21;1853;4;12712;59;1.0;0.0
95;2021-01-22;1326;6;14038;65;1.1;0.0
95;2021-01-23;648;0;14686;65;1.2;0.0
95;2021-01-24;181;0;14867;65;1.2;0.0
95;2021-01-25;796;37;15663;102;1.3;0.0
95;2021-01-26;987;160;16650;262;1.3;0.0
95;2021-01-27;1250;192;17900;454;1.4;0.0
95;2021-01-28;1719;36;19619;490;1.6;0.0
95;2021-01-29;1247;212;20866;702;1.7;0.1
95;2021-01-30;477;5;21343;707;1.7;0.1
95;2021-01-31;212;2;21555;709;1.7;0.1
95;2021-02-01;566;273;22121;982;1.8;0.1
95;2021-02-02;527;270;22648;1252;1.8;0.1
95;2021-02-03;612;519;23260;1771;1.9;0.1
95;2021-02-04;1065;370;24325;2141;1.9;0.2
95;2021-02-05;732;307;25057;2448;2.0;0.2
95;2021-02-06;335;255;25392;2703;2.0;0.2
95;2021-02-07;141;412;25533;3115;2.0;0.2
95;2021-02-08;764;344;26297;3459;2.1;0.3
95;2021-02-09;1131;1093;27428;4552;2.2;0.4
95;2021-02-10;1262;1411;28690;5963;2.3;0.5
95;2021-02-11;1386;1144;30076;7107;2.4;0.6
95;2021-02-12;1032;991;31108;8098;2.5;0.6
95;2021-02-13;329;319;31437;8417;2.5;0.7
95;2021-02-14;40;188;31477;8605;2.5;0.7
95;2021-02-15;425;1066;31902;9671;2.6;0.8
95;2021-02-16;493;926;32395;10597;2.6;0.8
95;2021-02-17;654;1137;33049;11734;2.6;0.9
95;2021-02-18;722;1690;33771;13424;2.7;1.1
95;2021-02-19;783;1306;34554;14730;2.8;1.2
95;2021-02-20;305;493;34859;15223;2.8;1.2
95;2021-02-21;165;316;35024;15539;2.8;1.2
95;2021-02-22;327;1023;35351;16562;2.8;1.3
95;2021-02-23;368;732;35719;17294;2.9;1.4
95;2021-02-24;309;882;36028;18176;2.9;1.5
95;2021-02-25;723;1135;36751;19311;2.9;1.5
95;2021-02-26;989;887;37740;20198;3.0;1.6
95;2021-02-27;365;433;38105;20631;3.1;1.7
95;2021-02-28;61;236;38166;20867;3.1;1.7
95;2021-03-01;770;591;38936;21458;3.1;1.7
95;2021-03-02;1321;857;40257;22315;3.2;1.8
95;2021-03-03;1597;985;41854;23300;3.4;1.9
95;2021-03-04;3192;1204;45046;24504;3.6;2.0
95;2021-03-05;3652;1100;48698;25604;3.9;2.1
95;2021-03-06;4005;501;52703;26105;4.2;2.1
95;2021-03-07;4222;324;56925;26429;4.6;2.1
95;2021-03-08;1541;873;58466;27302;4.7;2.2
95;2021-03-09;2621;506;61087;27808;4.9;2.2
95;2021-03-10;2341;856;63428;28664;5.1;2.3
95;2021-03-11;3137;1154;66565;29818;5.3;2.4
95;2021-03-12;3518;806;70083;30624;5.6;2.5
95;2021-03-13;3519;421;73602;31045;5.9;2.5
95;2021-03-14;1984;304;75586;31349;6.1;2.5
95;2021-03-15;2371;321;77957;31670;6.2;2.5
95;2021-03-16;1574;420;79531;32090;6.4;2.6
95;2021-03-17;2103;419;81634;32509;6.5;2.6
95;2021-03-18;2798;371;84432;32880;6.8;2.6
95;2021-03-19;3475;367;87907;33247;7.0;2.7
95;2021-03-20;2592;207;90499;33454;7.2;2.7
95;2021-03-21;1200;249;91699;33703;7.3;2.7
95;2021-03-22;2938;369;94637;34072;7.6;2.7
95;2021-03-23;3434;458;98071;34530;7.9;2.8
95;2021-03-24;3944;518;102015;35048;8.2;2.8
95;2021-03-25;5858;654;107873;35702;8.6;2.9
95;2021-03-26;5430;687;113303;36389;9.1;2.9
95;2021-03-27;3749;222;117052;36611;9.4;2.9
95;2021-03-28;1533;120;118585;36731;9.5;2.9
95;2021-03-29;2894;578;121479;37309;9.7;3.0
95;2021-03-30;3885;1242;125364;38551;10.0;3.1
95;2021-03-31;3658;1670;129022;40221;10.3;3.2
95;2021-04-01;5481;2279;134503;42500;10.8;3.4
95;2021-04-02;3561;2766;138064;45266;11.1;3.6
95;2021-04-03;2095;2491;140159;47757;11.2;3.8
95;2021-04-04;1246;1202;141405;48959;11.3;3.9
95;2021-04-05;595;64;142000;49023;11.4;3.9
95;2021-04-06;1856;1539;143856;50562;11.5;4.1
95;2021-04-07;4951;2187;148807;52749;11.9;4.2
95;2021-04-08;4898;2465;153705;55214;12.3;4.4
95;2021-04-09;5434;2340;159139;57554;12.7;4.6
95;2021-04-10;3709;1434;162848;58988;13.0;4.7
95;2021-04-11;1567;1037;164415;60025;13.2;4.8
95;2021-04-12;3251;1622;167666;61647;13.4;4.9
95;2021-04-13;3141;1689;170807;63336;13.7;5.1
95;2021-04-14;2752;1994;173559;65330;13.9;5.2
95;2021-04-15;3900;3343;177459;68673;14.2;5.5
95;2021-04-16;4064;3037;181523;71710;14.5;5.7
95;2021-04-17;2375;1757;183898;73467;14.7;5.9
95;2021-04-18;1508;1020;185406;74487;14.9;6.0
95;2021-04-19;2569;2371;187975;76858;15.1;6.2
95;2021-04-20;2121;2457;190096;79315;15.2;6.4
95;2021-04-21;3931;2635;194027;81950;15.5;6.6
95;2021-04-22;3412;4628;197439;86578;15.8;6.9
95;2021-04-23;2767;3563;200206;90141;16.0;7.2
95;2021-04-24;3572;2589;203778;92730;16.3;7.4
95;2021-04-25;1961;1549;205739;94279;16.5;7.6
95;2021-04-26;2751;2704;208490;96983;16.7;7.8
95;2021-04-27;3851;2177;212341;99160;17.0;7.9
95;2021-04-28;3889;2673;216230;101833;17.3;8.2
95;2021-04-29;6141;4554;222371;106387;17.8;8.5
95;2021-04-30;6902;2936;229273;109323;18.4;8.8
95;2021-05-01;2368;917;231641;110240;18.6;8.8
95;2021-05-02;2448;1500;234089;111740;18.8;9.0
95;2021-05-03;5126;1928;239215;113668;19.2;9.1
95;2021-05-04;6354;2724;245569;116392;19.7;9.3
95;2021-05-05;5146;3807;250715;120199;20.1;9.6
95;2021-05-06;8203;4927;258918;125126;20.7;10.0
95;2021-05-07;5776;4754;264694;129880;21.2;10.4
95;2021-05-08;5741;1531;270435;131411;21.7;10.5
95;2021-05-09;2827;1584;273262;132995;21.9;10.7
95;2021-05-10;9965;3188;283227;136183;22.7;10.9
95;2021-05-11;8448;3461;291675;139644;23.4;11.2
95;2021-05-12;9462;3222;301137;142866;24.1;11.4
95;2021-05-13;7956;1205;309093;144071;24.8;11.5
95;2021-05-14;7015;1908;316108;145979;25.3;11.7
95;2021-05-15;4514;1071;320622;147050;25.7;11.8
95;2021-05-16;4824;837;325446;147887;26.1;11.8
95;2021-05-17;7740;1350;333186;149237;26.7;12.0
95;2021-05-18;9468;1859;342654;151096;27.4;12.1
95;2021-05-19;9244;2508;351898;153604;28.2;12.3
95;2021-05-20;12584;2448;364482;156052;29.2;12.5
95;2021-05-21;10178;2539;374660;158591;30.0;12.7
95;2021-05-22;9399;1564;384059;160155;30.8;12.8
95;2021-05-23;4142;956;388201;161111;31.1;12.9
95;2021-05-24;2398;537;390599;161648;31.3;12.9
95;2021-05-25;7210;2081;397809;163729;31.9;13.1
95;2021-05-26;8849;3126;406658;166855;32.6;13.4
95;2021-05-27;10364;4434;417022;171289;33.4;13.7
95;2021-05-28;7687;4425;424709;175714;34.0;14.1
95;2021-05-29;5265;2763;429974;178477;34.4;14.3
95;2021-05-30;3731;1700;433705;180177;34.7;14.4
95;2021-05-31;6429;3327;440134;183504;35.3;14.7
95;2021-06-01;8784;3812;448918;187316;36.0;15.0
95;2021-06-02;8798;4745;457716;192061;36.7;15.4
95;2021-06-03;8526;6563;466242;198624;37.3;15.9
95;2021-06-04;8886;4403;475128;203027;38.1;16.3
95;2021-06-05;8342;3744;483470;206771;38.7;16.6
95;2021-06-06;4834;1615;488304;208386;39.1;16.7
95;2021-06-07;6059;4544;494363;212930;39.6;17.1
95;2021-06-08;6553;5518;500916;218448;40.1;17.5
95;2021-06-09;6267;6472;507183;224920;40.6;18.0
95;2021-06-10;6433;6815;513616;231735;41.1;18.6
95;2021-06-11;7235;6443;520851;238178;41.7;19.1
95;2021-06-12;6007;4375;526858;242553;42.2;19.4
95;2021-06-13;2084;3285;528942;245838;42.4;19.7
95;2021-06-14;5371;5988;534313;251826;42.8;20.2
95;2021-06-15;5746;8072;540059;259898;43.3;20.8
95;2021-06-16;5489;7534;545548;267432;43.7;21.4
95;2021-06-17;6607;8161;552155;275593;44.2;22.1
95;2021-06-18;5834;7858;557989;283451;44.7;22.7
95;2021-06-19;4969;8925;562958;292376;45.1;23.4
95;2021-06-20;1430;3312;564388;295688;45.2;23.7
95;2021-06-21;3542;7716;567930;303404;45.5;24.3
95;2021-06-22;5071;9047;573001;312451;45.9;25.0
95;2021-06-23;4780;10876;577781;323327;46.3;25.9
95;2021-06-24;4939;10722;582720;334049;46.7;26.8
95;2021-06-25;4889;10360;587609;344409;47.1;27.6
95;2021-06-26;4324;8483;591933;352892;47.4;28.3
95;2021-06-27;1034;3993;592967;356885;47.5;28.6
95;2021-06-28;2742;9491;595709;366376;47.7;29.3
95;2021-06-29;2537;8790;598246;375166;47.9;30.1
95;2021-06-30;3953;9993;602199;385159;48.2;30.9
95;2021-07-01;4601;11164;606800;396323;48.6;31.7
95;2021-07-02;4269;10550;611069;406873;48.9;32.6
95;2021-07-03;3538;9159;614607;416032;49.2;33.3
95;2021-07-04;1274;3403;615881;419435;49.3;33.6
95;2021-07-05;2351;4374;618232;423809;49.5;33.9
95;2021-07-06;2675;7749;620907;431558;49.7;34.6
95;2021-07-07;3961;9625;624868;441183;50.1;35.3
95;2021-07-08;5315;9819;630183;451002;50.5;36.1
95;2021-07-09;4553;10074;634736;461076;50.8;36.9
95;2021-07-10;3397;7389;638133;468465;51.1;37.5
95;2021-07-11;1526;3602;639659;472067;51.2;37.8
95;2021-07-12;2982;9683;642641;481750;51.5;38.6
95;2021-07-13;5056;10068;647697;491818;51.9;39.4
95;2021-07-14;4425;5735;652122;497553;52.2;39.9
95;2021-07-15;7389;12347;659511;509900;52.8;40.8
95;2021-07-16;7977;11988;667488;521888;53.5;41.8
95;2021-07-17;5054;7818;672542;529706;53.9;42.4
95;2021-07-18;3485;2901;676027;532607;54.2;42.7
95;2021-07-19;4835;6866;680862;539473;54.5;43.2
95;2021-07-20;6942;8374;687804;547847;55.1;43.9
95;2021-07-21;9245;9443;697049;557290;55.8;44.6
95;2021-07-22;10127;9707;707176;566997;56.6;45.4
95;2021-07-23;10897;10199;718073;577196;57.5;46.2
95;2021-07-24;5257;6234;723330;583430;57.9;46.7
95;2021-07-25;2231;2282;725561;585712;58.1;46.9
95;2021-07-26;4504;4014;730065;589726;58.5;47.2
95;2021-07-27;8478;7044;738543;596770;59.2;47.8
95;2021-07-28;9689;7546;748232;604316;59.9;48.4
95;2021-07-29;8406;5466;756638;609782;60.6;48.8
95;2021-07-30;8472;7764;765110;617546;61.3;49.5
95;2021-07-31;4223;4115;769333;621661;61.6;49.8
95;2021-08-01;2306;1369;771639;623030;61.8;49.9
95;2021-08-02;4103;3902;775742;626932;62.1;50.2
95;2021-08-03;6114;5521;781856;632453;62.6;50.7
95;2021-08-04;6446;6074;788302;638527;63.1;51.1
95;2021-08-05;6801;5722;795103;644249;63.7;51.6
95;2021-08-06;6453;7072;801556;651321;64.2;52.2
95;2021-08-07;2824;3201;804380;654522;64.4;52.4
95;2021-08-08;1326;1884;805706;656406;64.5;52.6
95;2021-08-09;3875;5037;809581;661443;64.9;53.0
95;2021-08-10;5186;5845;814767;667288;65.3;53.5
95;2021-08-11;5315;6547;820082;673835;65.7;54.0
95;2021-08-12;5183;6342;825265;680177;66.1;54.5
95;2021-08-13;3792;5455;829057;685632;66.4;54.9
95;2021-08-14;3541;3311;832598;688943;66.7;55.2
95;2021-08-15;270;349;832868;689292;66.7;55.2
95;2021-08-16;2795;6037;835663;695329;66.9;55.7
95;2021-08-17;3549;7248;839212;702577;67.2;56.3
95;2021-08-18;4214;8063;843426;710640;67.6;56.9
95;2021-08-19;3691;6562;847117;717202;67.9;57.5
95;2021-08-20;3751;7913;850868;725115;68.2;58.1
95;2021-08-21;2696;4276;853564;729391;68.4;58.4
95;2021-08-22;826;2384;854390;731775;68.4;58.6
95;2021-08-23;2445;5627;856835;737402;68.6;59.1
95;2021-08-24;2895;6432;859730;743834;68.9;59.6
95;2021-08-25;3713;8249;863443;752083;69.2;60.2
971;2020-12-27;0;0;0;0;0.0;0.0
971;2020-12-28;0;0;0;0;0.0;0.0
971;2020-12-29;0;0;0;0;0.0;0.0
971;2020-12-30;0;0;0;0;0.0;0.0
971;2020-12-31;0;0;0;0;0.0;0.0
971;2021-01-01;1;0;1;0;0.0;0.0
971;2021-01-02;0;0;1;0;0.0;0.0
971;2021-01-03;0;0;1;0;0.0;0.0
971;2021-01-04;1;0;2;0;0.0;0.0
971;2021-01-05;0;0;2;0;0.0;0.0
971;2021-01-06;1;0;3;0;0.0;0.0
971;2021-01-07;0;0;3;0;0.0;0.0
971;2021-01-08;56;1;59;1;0.0;0.0
971;2021-01-09;20;0;79;1;0.0;0.0
971;2021-01-10;0;0;79;1;0.0;0.0
971;2021-01-11;60;0;139;1;0.0;0.0
971;2021-01-12;45;0;184;1;0.0;0.0
971;2021-01-13;47;1;231;2;0.1;0.0
971;2021-01-14;63;0;294;2;0.1;0.0
971;2021-01-15;77;0;371;2;0.1;0.0
971;2021-01-16;0;0;371;2;0.1;0.0
971;2021-01-17;0;0;371;2;0.1;0.0
971;2021-01-18;81;1;452;3;0.1;0.0
971;2021-01-19;145;0;597;3;0.2;0.0
971;2021-01-20;135;0;732;3;0.2;0.0
971;2021-01-21;154;1;886;4;0.2;0.0
971;2021-01-22;135;0;1021;4;0.3;0.0
971;2021-01-23;1;0;1022;4;0.3;0.0
971;2021-01-24;0;0;1022;4;0.3;0.0
971;2021-01-25;202;1;1224;5;0.3;0.0
971;2021-01-26;217;1;1441;6;0.4;0.0
971;2021-01-27;236;0;1677;6;0.4;0.0
971;2021-01-28;242;4;1919;10;0.5;0.0
971;2021-01-29;197;2;2116;12;0.6;0.0
971;2021-01-30;24;0;2140;12;0.6;0.0
971;2021-01-31;1;0;2141;12;0.6;0.0
971;2021-02-01;229;4;2370;16;0.6;0.0
971;2021-02-02;244;24;2614;40;0.7;0.0
971;2021-02-03;225;3;2839;43;0.8;0.0
971;2021-02-04;302;24;3141;67;0.8;0.0
971;2021-02-05;278;33;3419;100;0.9;0.0
971;2021-02-06;49;1;3468;101;0.9;0.0
971;2021-02-07;0;0;3468;101;0.9;0.0
971;2021-02-08;256;22;3724;123;1.0;0.0
971;2021-02-09;316;28;4040;151;1.1;0.0
971;2021-02-10;245;29;4285;180;1.1;0.0
971;2021-02-11;297;112;4582;292;1.2;0.1
971;2021-02-12;289;27;4871;319;1.3;0.1
971;2021-02-13;50;7;4921;326;1.3;0.1
971;2021-02-14;19;36;4940;362;1.3;0.1
971;2021-02-15;85;46;5025;408;1.3;0.1
971;2021-02-16;16;1;5041;409;1.3;0.1
971;2021-02-17;17;1;5058;410;1.3;0.1
971;2021-02-18;248;16;5306;426;1.4;0.1
971;2021-02-19;245;21;5551;447;1.5;0.1
971;2021-02-20;49;0;5600;447;1.5;0.1
971;2021-02-21;1;0;5601;447;1.5;0.1
971;2021-02-22;191;65;5792;512;1.5;0.1
971;2021-02-23;204;74;5996;586;1.6;0.2
971;2021-02-24;343;125;6339;711;1.7;0.2
971;2021-02-25;386;81;6725;792;1.8;0.2
971;2021-02-26;225;84;6950;876;1.8;0.2
971;2021-02-27;65;0;7015;876;1.9;0.2
971;2021-02-28;1;0;7016;876;1.9;0.2
971;2021-03-01;172;82;7188;958;1.9;0.3
971;2021-03-02;274;134;7462;1092;2.0;0.3
971;2021-03-03;240;121;7702;1213;2.0;0.3
971;2021-03-04;328;86;8030;1299;2.1;0.3
971;2021-03-05;365;152;8395;1451;2.2;0.4
971;2021-03-06;599;10;8994;1461;2.4;0.4
971;2021-03-07;1;0;8995;1461;2.4;0.4
971;2021-03-08;321;140;9316;1601;2.5;0.4
971;2021-03-09;388;156;9704;1757;2.6;0.5
971;2021-03-10;424;163;10128;1920;2.7;0.5
971;2021-03-11;123;46;10251;1966;2.7;0.5
971;2021-03-12;506;228;10757;2194;2.9;0.6
971;2021-03-13;137;3;10894;2197;2.9;0.6
971;2021-03-14;14;23;10908;2220;2.9;0.6
971;2021-03-15;424;46;11332;2266;3.0;0.6
971;2021-03-16;485;84;11817;2350;3.1;0.6
971;2021-03-17;471;73;12288;2423;3.3;0.6
971;2021-03-18;585;86;12873;2509;3.4;0.7
971;2021-03-19;583;90;13456;2599;3.6;0.7
971;2021-03-20;177;19;13633;2618;3.6;0.7
971;2021-03-21;8;0;13641;2618;3.6;0.7
971;2021-03-22;358;88;13999;2706;3.7;0.7
971;2021-03-23;538;157;14537;2863;3.9;0.8
971;2021-03-24;474;109;15011;2972;4.0;0.8
971;2021-03-25;760;183;15771;3155;4.2;0.8
971;2021-03-26;644;123;16415;3278;4.4;0.9
971;2021-03-27;290;35;16705;3313;4.4;0.9
971;2021-03-28;24;2;16729;3315;4.4;0.9
971;2021-03-29;384;83;17113;3398;4.5;0.9
971;2021-03-30;624;164;17737;3562;4.7;0.9
971;2021-03-31;546;133;18283;3695;4.9;1.0
971;2021-04-01;660;196;18943;3891;5.0;1.0
971;2021-04-02;38;35;18981;3926;5.0;1.0
971;2021-04-03;58;2;19039;3928;5.1;1.0
971;2021-04-04;4;18;19043;3946;5.1;1.0
971;2021-04-05;13;0;19056;3946;5.1;1.0
971;2021-04-06;482;193;19538;4139;5.2;1.1
971;2021-04-07;578;118;20116;4257;5.3;1.1
971;2021-04-08;514;158;20630;4415;5.5;1.2
971;2021-04-09;490;210;21120;4625;5.6;1.2
971;2021-04-10;101;5;21221;4630;5.6;1.2
971;2021-04-11;8;12;21229;4642;5.6;1.2
971;2021-04-12;304;263;21533;4905;5.7;1.3
971;2021-04-13;555;325;22088;5230;5.9;1.4
971;2021-04-14;438;226;22526;5456;6.0;1.4
971;2021-04-15;553;312;23079;5768;6.1;1.5
971;2021-04-16;564;273;23643;6041;6.3;1.6
971;2021-04-17;213;4;23856;6045;6.3;1.6
971;2021-04-18;6;14;23862;6059;6.3;1.6
971;2021-04-19;404;243;24266;6302;6.4;1.7
971;2021-04-20;726;347;24992;6649;6.6;1.8
971;2021-04-21;625;316;25617;6965;6.8;1.8
971;2021-04-22;812;336;26429;7301;7.0;1.9
971;2021-04-23;846;250;27275;7551;7.2;2.0
971;2021-04-24;390;75;27665;7626;7.3;2.0
971;2021-04-25;602;64;28267;7690;7.5;2.0
971;2021-04-26;969;218;29236;7908;7.8;2.1
971;2021-04-27;709;236;29945;8144;7.9;2.2
971;2021-04-28;864;267;30809;8411;8.2;2.2
971;2021-04-29;1201;207;32010;8618;8.5;2.3
971;2021-04-30;1269;186;33279;8804;8.8;2.3
971;2021-05-01;606;42;33885;8846;9.0;2.3
971;2021-05-02;355;18;34240;8864;9.1;2.4
971;2021-05-03;921;188;35161;9052;9.3;2.4
971;2021-05-04;961;207;36122;9259;9.6;2.5
971;2021-05-05;1025;252;37147;9511;9.9;2.5
971;2021-05-06;1147;176;38294;9687;10.2;2.6
971;2021-05-07;1264;273;39558;9960;10.5;2.6
971;2021-05-08;322;36;39880;9996;10.6;2.7
971;2021-05-09;183;10;40063;10006;10.6;2.7
971;2021-05-10;840;217;40903;10223;10.9;2.7
971;2021-05-11;964;317;41867;10540;11.1;2.8
971;2021-05-12;907;325;42774;10865;11.3;2.9
971;2021-05-13;211;79;42985;10944;11.4;2.9
971;2021-05-14;862;275;43847;11219;11.6;3.0
971;2021-05-15;486;15;44333;11234;11.8;3.0
971;2021-05-16;182;36;44515;11270;11.8;3.0
971;2021-05-17;720;278;45235;11548;12.0;3.1
971;2021-05-18;742;389;45977;11937;12.2;3.2
971;2021-05-19;700;530;46677;12467;12.4;3.3
971;2021-05-20;809;378;47486;12845;12.6;3.4
971;2021-05-21;824;412;48310;13257;12.8;3.5
971;2021-05-22;506;216;48816;13473;13.0;3.6
971;2021-05-23;201;114;49017;13587;13.0;3.6
971;2021-05-24;201;174;49218;13761;13.1;3.7
971;2021-05-25;548;664;49766;14425;13.2;3.8
971;2021-05-26;595;493;50361;14918;13.4;4.0
971;2021-05-27;132;183;50493;15101;13.4;4.0
971;2021-05-28;517;528;51010;15629;13.5;4.1
971;2021-05-29;237;139;51247;15768;13.6;4.2
971;2021-05-30;75;112;51322;15880;13.6;4.2
971;2021-05-31;449;537;51771;16417;13.7;4.4
971;2021-06-01;592;710;52363;17127;13.9;4.5
971;2021-06-02;577;707;52940;17834;14.0;4.7
971;2021-06-03;507;563;53447;18397;14.2;4.9
971;2021-06-04;832;805;54279;19202;14.4;5.1
971;2021-06-05;317;644;54596;19846;14.5;5.3
971;2021-06-06;139;531;54735;20377;14.5;5.4
971;2021-06-07;420;783;55155;21160;14.6;5.6
971;2021-06-08;496;894;55651;22054;14.8;5.9
971;2021-06-09;503;862;56154;22916;14.9;6.1
971;2021-06-10;537;848;56691;23764;15.0;6.3
971;2021-06-11;467;1243;57158;25007;15.2;6.6
971;2021-06-12;301;659;57459;25666;15.2;6.8
971;2021-06-13;128;313;57587;25979;15.3;6.9
971;2021-06-14;371;3784;57958;29763;15.4;7.9
971;2021-06-15;483;2000;58441;31763;15.5;8.4
971;2021-06-16;478;1477;58919;33240;15.6;8.8
971;2021-06-17;433;1013;59352;34253;15.7;9.1
971;2021-06-18;480;1019;59832;35272;15.9;9.4
971;2021-06-19;316;509;60148;35781;16.0;9.5
971;2021-06-20;111;231;60259;36012;16.0;9.6
971;2021-06-21;336;678;60595;36690;16.1;9.7
971;2021-06-22;332;873;60927;37563;16.2;10.0
971;2021-06-23;368;891;61295;38454;16.3;10.2
971;2021-06-24;416;734;61711;39188;16.4;10.4
971;2021-06-25;454;761;62165;39949;16.5;10.6
971;2021-06-26;301;515;62466;40464;16.6;10.7
971;2021-06-27;116;149;62582;40613;16.6;10.8
971;2021-06-28;303;688;62885;41301;16.7;11.0
971;2021-06-29;385;783;63270;42084;16.8;11.2
971;2021-06-30;437;925;63707;43009;16.9;11.4
971;2021-07-01;363;651;64070;43660;17.0;11.6
971;2021-07-02;429;693;64499;44353;17.1;11.8
971;2021-07-03;275;466;64774;44819;17.2;11.9
971;2021-07-04;112;239;64886;45058;17.2;12.0
971;2021-07-05;328;510;65214;45568;17.3;12.1
971;2021-07-06;383;768;65597;46336;17.4;12.3
971;2021-07-07;377;844;65974;47180;17.5;12.5
971;2021-07-08;412;790;66386;47970;17.6;12.7
971;2021-07-09;432;795;66818;48765;17.7;12.9
971;2021-07-10;245;294;67063;49059;17.8;13.0
971;2021-07-11;170;136;67233;49195;17.8;13.1
971;2021-07-12;477;607;67710;49802;18.0;13.2
971;2021-07-13;865;1009;68575;50811;18.2;13.5
971;2021-07-14;474;283;69049;51094;18.3;13.6
971;2021-07-15;874;843;69923;51937;18.6;13.8
971;2021-07-16;1088;1041;71011;52978;18.8;14.1
971;2021-07-17;649;443;71660;53421;19.0;14.2
971;2021-07-18;400;217;72060;53638;19.1;14.2
971;2021-07-19;574;580;72634;54218;19.3;14.4
971;2021-07-20;827;732;73461;54950;19.5;14.6
971;2021-07-21;764;497;74225;55447;19.7;14.7
971;2021-07-22;976;871;75201;56318;20.0;14.9
971;2021-07-23;1019;757;76220;57075;20.2;15.1
971;2021-07-24;416;381;76636;57456;20.3;15.2
971;2021-07-25;248;259;76884;57715;20.4;15.3
971;2021-07-26;635;559;77519;58274;20.6;15.5
971;2021-07-27;834;581;78353;58855;20.8;15.6
971;2021-07-28;790;650;79143;59505;21.0;15.8
971;2021-07-29;908;661;80051;60166;21.2;16.0
971;2021-07-30;1300;748;81351;60914;21.6;16.2
971;2021-07-31;553;411;81904;61325;21.7;16.3
971;2021-08-01;308;248;82212;61573;21.8;16.3
971;2021-08-02;752;421;82964;61994;22.0;16.4
971;2021-08-03;731;672;83695;62666;22.2;16.6
971;2021-08-04;657;665;84352;63331;22.4;16.8
971;2021-08-05;618;581;84970;63912;22.5;17.0
971;2021-08-06;897;633;85867;64545;22.8;17.1
971;2021-08-07;447;391;86314;64936;22.9;17.2
971;2021-08-08;271;313;86585;65249;23.0;17.3
971;2021-08-09;581;586;87166;65835;23.1;17.5
971;2021-08-10;738;800;87904;66635;23.3;17.7
971;2021-08-11;918;791;88822;67426;23.6;17.9
971;2021-08-12;933;790;89755;68216;23.8;18.1
971;2021-08-13;908;439;90663;68655;24.1;18.2
971;2021-08-14;619;698;91282;69353;24.2;18.4
971;2021-08-15;435;410;91717;69763;24.3;18.5
971;2021-08-16;753;733;92470;70496;24.5;18.7
971;2021-08-17;862;867;93332;71363;24.8;18.9
971;2021-08-18;1216;958;94548;72321;25.1;19.2
971;2021-08-19;1267;922;95815;73243;25.4;19.4
971;2021-08-20;1471;1033;97286;74276;25.8;19.7
971;2021-08-21;701;507;97987;74783;26.0;19.8
971;2021-08-22;349;270;98336;75053;26.1;19.9
971;2021-08-23;849;621;99185;75674;26.3;20.1
971;2021-08-24;1194;787;100379;76461;26.6;20.3
971;2021-08-25;1242;787;101621;77248;27.0;20.5
972;2020-12-27;0;0;0;0;0.0;0.0
972;2020-12-28;0;0;0;0;0.0;0.0
972;2020-12-29;0;0;0;0;0.0;0.0
972;2020-12-30;0;0;0;0;0.0;0.0
972;2020-12-31;0;0;0;0;0.0;0.0
972;2021-01-01;0;0;0;0;0.0;0.0
972;2021-01-02;0;0;0;0;0.0;0.0
972;2021-01-03;0;0;0;0;0.0;0.0
972;2021-01-04;0;0;0;0;0.0;0.0
972;2021-01-05;0;0;0;0;0.0;0.0
972;2021-01-06;5;0;5;0;0.0;0.0
972;2021-01-07;31;0;36;0;0.0;0.0
972;2021-01-08;90;1;126;1;0.0;0.0
972;2021-01-09;20;0;146;1;0.0;0.0
972;2021-01-10;0;0;146;1;0.0;0.0
972;2021-01-11;122;0;268;1;0.1;0.0
972;2021-01-12;79;0;347;1;0.1;0.0
972;2021-01-13;65;0;412;1;0.1;0.0
972;2021-01-14;88;1;500;2;0.1;0.0
972;2021-01-15;164;0;664;2;0.2;0.0
972;2021-01-16;51;0;715;2;0.2;0.0
972;2021-01-17;0;0;715;2;0.2;0.0
972;2021-01-18;158;0;873;2;0.2;0.0
972;2021-01-19;168;1;1041;3;0.3;0.0
972;2021-01-20;170;0;1211;3;0.3;0.0
972;2021-01-21;181;2;1392;5;0.4;0.0
972;2021-01-22;173;0;1565;5;0.4;0.0
972;2021-01-23;58;0;1623;5;0.5;0.0
972;2021-01-24;0;0;1623;5;0.5;0.0
972;2021-01-25;161;0;1784;5;0.5;0.0
972;2021-01-26;137;1;1921;6;0.5;0.0
972;2021-01-27;163;5;2084;11;0.6;0.0
972;2021-01-28;152;12;2236;23;0.6;0.0
972;2021-01-29;143;41;2379;64;0.7;0.0
972;2021-01-30;96;16;2475;80;0.7;0.0
972;2021-01-31;0;0;2475;80;0.7;0.0
972;2021-02-01;119;73;2594;153;0.7;0.0
972;2021-02-02;184;96;2778;249;0.8;0.1
972;2021-02-03;132;78;2910;327;0.8;0.1
972;2021-02-04;160;71;3070;398;0.9;0.1
972;2021-02-05;123;94;3193;492;0.9;0.1
972;2021-02-06;62;26;3255;518;0.9;0.1
972;2021-02-07;1;0;3256;518;0.9;0.1
972;2021-02-08;137;79;3393;597;0.9;0.2
972;2021-02-09;176;77;3569;674;1.0;0.2
972;2021-02-10;153;90;3722;764;1.0;0.2
972;2021-02-11;150;101;3872;865;1.1;0.2
972;2021-02-12;148;130;4020;995;1.1;0.3
972;2021-02-13;47;37;4067;1032;1.1;0.3
972;2021-02-14;0;0;4067;1032;1.1;0.3
972;2021-02-15;51;67;4118;1099;1.1;0.3
972;2021-02-16;0;1;4118;1100;1.1;0.3
972;2021-02-17;1;3;4119;1103;1.1;0.3
972;2021-02-18;69;127;4188;1230;1.2;0.3
972;2021-02-19;69;130;4257;1360;1.2;0.4
972;2021-02-20;48;68;4305;1428;1.2;0.4
972;2021-02-21;0;0;4305;1428;1.2;0.4
972;2021-02-22;102;60;4407;1488;1.2;0.4
972;2021-02-23;113;235;4520;1723;1.3;0.5
972;2021-02-24;106;221;4626;1944;1.3;0.5
972;2021-02-25;93;150;4719;2094;1.3;0.6
972;2021-02-26;132;168;4851;2262;1.4;0.6
972;2021-02-27;69;52;4920;2314;1.4;0.6
972;2021-02-28;0;0;4920;2314;1.4;0.6
972;2021-03-01;137;145;5057;2459;1.4;0.7
972;2021-03-02;158;79;5215;2538;1.5;0.7
972;2021-03-03;179;145;5394;2683;1.5;0.7
972;2021-03-04;152;135;5546;2818;1.5;0.8
972;2021-03-05;238;128;5784;2946;1.6;0.8
972;2021-03-06;119;58;5903;3004;1.6;0.8
972;2021-03-07;100;3;6003;3007;1.7;0.8
972;2021-03-08;196;133;6199;3140;1.7;0.9
972;2021-03-09;283;100;6482;3240;1.8;0.9
972;2021-03-10;322;134;6804;3374;1.9;0.9
972;2021-03-11;336;81;7140;3455;2.0;1.0
972;2021-03-12;413;55;7553;3510;2.1;1.0
972;2021-03-13;155;21;7708;3531;2.1;1.0
972;2021-03-14;4;1;7712;3532;2.1;1.0
972;2021-03-15;277;90;7989;3622;2.2;1.0
972;2021-03-16;305;56;8294;3678;2.3;1.0
972;2021-03-17;388;48;8682;3726;2.4;1.0
972;2021-03-18;435;44;9117;3770;2.5;1.1
972;2021-03-19;401;63;9518;3833;2.7;1.1
972;2021-03-20;149;48;9667;3881;2.7;1.1
972;2021-03-21;25;1;9692;3882;2.7;1.1
972;2021-03-22;362;118;10054;4000;2.8;1.1
972;2021-03-23;403;122;10457;4122;2.9;1.1
972;2021-03-24;429;108;10886;4230;3.0;1.2
972;2021-03-25;485;99;11371;4329;3.2;1.2
972;2021-03-26;634;102;12005;4431;3.3;1.2
972;2021-03-27;154;71;12159;4502;3.4;1.3
972;2021-03-28;81;2;12240;4504;3.4;1.3
972;2021-03-29;422;164;12662;4668;3.5;1.3
972;2021-03-30;469;244;13131;4912;3.7;1.4
972;2021-03-31;1150;191;14281;5103;4.0;1.4
972;2021-04-01;955;172;15236;5275;4.2;1.5
972;2021-04-02;895;14;16131;5289;4.5;1.5
972;2021-04-03;788;55;16919;5344;4.7;1.5
972;2021-04-04;751;13;17670;5357;4.9;1.5
972;2021-04-05;829;45;18499;5402;5.2;1.5
972;2021-04-06;885;136;19384;5538;5.4;1.5
972;2021-04-07;1436;326;20820;5864;5.8;1.6
972;2021-04-08;1308;271;22128;6135;6.2;1.7
972;2021-04-09;1240;316;23368;6451;6.5;1.8
972;2021-04-10;838;165;24206;6616;6.7;1.8
972;2021-04-11;620;14;24826;6630;6.9;1.8
972;2021-04-12;868;317;25694;6947;7.2;1.9
972;2021-04-13;881;328;26575;7275;7.4;2.0
972;2021-04-14;960;321;27535;7596;7.7;2.1
972;2021-04-15;959;299;28494;7895;7.9;2.2
972;2021-04-16;996;300;29490;8195;8.2;2.3
972;2021-04-17;530;161;30020;8356;8.4;2.3
972;2021-04-18;339;56;30359;8412;8.5;2.3
972;2021-04-19;668;343;31027;8755;8.6;2.4
972;2021-04-20;868;309;31895;9064;8.9;2.5
972;2021-04-21;1002;354;32897;9418;9.2;2.6
972;2021-04-22;605;312;33502;9730;9.3;2.7
972;2021-04-23;613;465;34115;10195;9.5;2.8
972;2021-04-24;363;197;34478;10392;9.6;2.9
972;2021-04-25;168;199;34646;10591;9.7;3.0
972;2021-04-26;516;541;35162;11132;9.8;3.1
972;2021-04-27;568;607;35730;11739;10.0;3.3
972;2021-04-28;448;690;36178;12429;10.1;3.5
972;2021-04-29;653;642;36831;13071;10.3;3.6
972;2021-04-30;771;686;37602;13757;10.5;3.8
972;2021-05-01;244;246;37846;14003;10.5;3.9
972;2021-05-02;227;513;38073;14516;10.6;4.0
972;2021-05-03;569;771;38642;15287;10.8;4.3
972;2021-05-04;526;678;39168;15965;10.9;4.5
972;2021-05-05;548;896;39716;16861;11.1;4.7
972;2021-05-06;546;785;40262;17646;11.2;4.9
972;2021-05-07;629;1014;40891;18660;11.4;5.2
972;2021-05-08;226;526;41117;19186;11.5;5.3
972;2021-05-09;172;506;41289;19692;11.5;5.5
972;2021-05-10;519;856;41808;20548;11.7;5.7
972;2021-05-11;476;871;42284;21419;11.8;6.0
972;2021-05-12;560;910;42844;22329;11.9;6.2
972;2021-05-13;274;533;43118;22862;12.0;6.4
972;2021-05-14;388;752;43506;23614;12.1;6.6
972;2021-05-15;233;578;43739;24192;12.2;6.7
972;2021-05-16;155;442;43894;24634;12.2;6.9
972;2021-05-17;474;753;44368;25387;12.4;7.1
972;2021-05-18;446;680;44814;26067;12.5;7.3
972;2021-05-19;453;743;45267;26810;12.6;7.5
972;2021-05-20;594;500;45861;27310;12.8;7.6
972;2021-05-21;545;704;46406;28014;12.9;7.8
972;2021-05-22;186;363;46592;28377;13.0;7.9
972;2021-05-23;111;182;46703;28559;13.0;8.0
972;2021-05-24;136;241;46839;28800;13.1;8.0
972;2021-05-25;351;698;47190;29498;13.2;8.2
972;2021-05-26;382;714;47572;30212;13.3;8.4
972;2021-05-27;270;647;47842;30859;13.3;8.6
972;2021-05-28;279;816;48121;31675;13.4;8.8
972;2021-05-29;154;513;48275;32188;13.5;9.0
972;2021-05-30;17;33;48292;32221;13.5;9.0
972;2021-05-31;347;681;48639;32902;13.6;9.2
972;2021-06-01;300;547;48939;33449;13.6;9.3
972;2021-06-02;325;575;49264;34024;13.7;9.5
972;2021-06-03;247;425;49511;34449;13.8;9.6
972;2021-06-04;350;643;49861;35092;13.9;9.8
972;2021-06-05;260;373;50121;35465;14.0;9.9
972;2021-06-06;25;32;50146;35497;14.0;9.9
972;2021-06-07;260;736;50406;36233;14.1;10.1
972;2021-06-08;256;589;50662;36822;14.1;10.3
972;2021-06-09;303;699;50965;37521;14.2;10.5
972;2021-06-10;307;453;51272;37974;14.3;10.6
972;2021-06-11;361;534;51633;38508;14.4;10.7
972;2021-06-12;246;322;51879;38830;14.5;10.8
972;2021-06-13;32;29;51911;38859;14.5;10.8
972;2021-06-14;367;551;52278;39410;14.6;11.0
972;2021-06-15;410;488;52688;39898;14.7;11.1
972;2021-06-16;436;436;53124;40334;14.8;11.2
972;2021-06-17;355;576;53479;40910;14.9;11.4
972;2021-06-18;458;538;53937;41448;15.0;11.6
972;2021-06-19;225;196;54162;41644;15.1;11.6
972;2021-06-20;25;17;54187;41661;15.1;11.6
972;2021-06-21;332;580;54519;42241;15.2;11.8
972;2021-06-22;297;463;54816;42704;15.3;11.9
972;2021-06-23;425;562;55241;43266;15.4;12.1
972;2021-06-24;327;437;55568;43703;15.5;12.2
972;2021-06-25;313;387;55881;44090;15.6;12.3
972;2021-06-26;221;201;56102;44291;15.6;12.3
972;2021-06-27;16;23;56118;44314;15.6;12.4
972;2021-06-28;337;425;56455;44739;15.7;12.5
972;2021-06-29;329;431;56784;45170;15.8;12.6
972;2021-06-30;441;421;57225;45591;16.0;12.7
972;2021-07-01;350;393;57575;45984;16.0;12.8
972;2021-07-02;124;201;57699;46185;16.1;12.9
972;2021-07-03;100;118;57799;46303;16.1;12.9
972;2021-07-04;24;36;57823;46339;16.1;12.9
972;2021-07-05;494;580;58317;46919;16.3;13.1
972;2021-07-06;486;428;58803;47347;16.4;13.2
972;2021-07-07;611;493;59414;47840;16.6;13.3
972;2021-07-08;494;422;59908;48262;16.7;13.5
972;2021-07-09;627;582;60535;48844;16.9;13.6
972;2021-07-10;404;308;60939;49152;17.0;13.7
972;2021-07-11;52;38;60991;49190;17.0;13.7
972;2021-07-12;847;698;61838;49888;17.2;13.9
972;2021-07-13;1473;708;63311;50596;17.6;14.1
972;2021-07-14;133;64;63444;50660;17.7;14.1
972;2021-07-15;1604;680;65048;51340;18.1;14.3
972;2021-07-16;1638;656;66686;51996;18.6;14.5
972;2021-07-17;1096;369;67782;52365;18.9;14.6
972;2021-07-18;56;39;67838;52404;18.9;14.6
972;2021-07-19;1142;653;68980;53057;19.2;14.8
972;2021-07-20;1131;577;70111;53634;19.5;15.0
972;2021-07-21;1093;597;71204;54231;19.8;15.1
972;2021-07-22;905;519;72109;54750;20.1;15.3
972;2021-07-23;957;483;73066;55233;20.4;15.4
972;2021-07-24;501;223;73567;55456;20.5;15.5
972;2021-07-25;51;63;73618;55519;20.5;15.5
972;2021-07-26;685;520;74303;56039;20.7;15.6
972;2021-07-27;1026;510;75329;56549;21.0;15.8
972;2021-07-28;635;562;75964;57111;21.2;15.9
972;2021-07-29;837;546;76801;57657;21.4;16.1
972;2021-07-30;899;618;77700;58275;21.7;16.2
972;2021-07-31;557;273;78257;58548;21.8;16.3
972;2021-08-01;82;33;78339;58581;21.8;16.3
972;2021-08-02;809;811;79148;59392;22.1;16.6
972;2021-08-03;726;741;79874;60133;22.3;16.8
972;2021-08-04;761;566;80635;60699;22.5;16.9
972;2021-08-05;904;589;81539;61288;22.7;17.1
972;2021-08-06;1177;893;82716;62181;23.1;17.3
972;2021-08-07;667;570;83383;62751;23.2;17.5
972;2021-08-08;84;83;83467;62834;23.3;17.5
972;2021-08-09;1119;1064;84586;63898;23.6;17.8
972;2021-08-10;1188;1041;85774;64939;23.9;18.1
972;2021-08-11;1231;920;87005;65859;24.3;18.4
972;2021-08-12;1444;927;88449;66786;24.7;18.6
972;2021-08-13;1275;634;89724;67420;25.0;18.8
972;2021-08-14;766;315;90490;67735;25.2;18.9
972;2021-08-15;70;55;90560;67790;25.2;18.9
972;2021-08-16;1264;1040;91824;68830;25.6;19.2
972;2021-08-17;1164;1183;92988;70013;25.9;19.5
972;2021-08-18;1227;1173;94215;71186;26.3;19.8
972;2021-08-19;1243;889;95458;72075;26.6;20.1
972;2021-08-20;1312;891;96770;72966;27.0;20.3
972;2021-08-21;753;622;97523;73588;27.2;20.5
972;2021-08-22;46;81;97569;73669;27.2;20.5
972;2021-08-23;1158;856;98727;74525;27.5;20.8
972;2021-08-24;1329;875;100056;75400;27.9;21.0
972;2021-08-25;996;760;101052;76160;28.2;21.2
973;2020-12-27;0;0;0;0;0.0;0.0
973;2020-12-28;0;0;0;0;0.0;0.0
973;2020-12-29;0;0;0;0;0.0;0.0
973;2020-12-30;0;0;0;0;0.0;0.0
973;2020-12-31;0;0;0;0;0.0;0.0
973;2021-01-01;0;0;0;0;0.0;0.0
973;2021-01-02;1;1;1;1;0.0;0.0
973;2021-01-03;0;0;1;1;0.0;0.0
973;2021-01-04;0;0;1;1;0.0;0.0
973;2021-01-05;0;0;1;1;0.0;0.0
973;2021-01-06;0;0;1;1;0.0;0.0
973;2021-01-07;0;0;1;1;0.0;0.0
973;2021-01-08;0;0;1;1;0.0;0.0
973;2021-01-09;0;0;1;1;0.0;0.0
973;2021-01-10;0;0;1;1;0.0;0.0
973;2021-01-11;0;0;1;1;0.0;0.0
973;2021-01-12;0;0;1;1;0.0;0.0
973;2021-01-13;30;0;31;1;0.0;0.0
973;2021-01-14;46;0;77;1;0.0;0.0
973;2021-01-15;35;0;112;1;0.0;0.0
973;2021-01-16;18;1;130;2;0.0;0.0
973;2021-01-17;0;0;130;2;0.0;0.0
973;2021-01-18;63;0;193;2;0.1;0.0
973;2021-01-19;150;1;343;3;0.1;0.0
973;2021-01-20;134;0;477;3;0.2;0.0
973;2021-01-21;118;0;595;3;0.2;0.0
973;2021-01-22;76;0;671;3;0.2;0.0
973;2021-01-23;0;0;671;3;0.2;0.0
973;2021-01-24;0;0;671;3;0.2;0.0
973;2021-01-25;56;0;727;3;0.3;0.0
973;2021-01-26;100;2;827;5;0.3;0.0
973;2021-01-27;109;1;936;6;0.3;0.0
973;2021-01-28;96;3;1032;9;0.4;0.0
973;2021-01-29;104;3;1136;12;0.4;0.0
973;2021-01-30;0;0;1136;12;0.4;0.0
973;2021-01-31;0;0;1136;12;0.4;0.0
973;2021-02-01;54;0;1190;12;0.4;0.0
973;2021-02-02;122;4;1312;16;0.5;0.0
973;2021-02-03;119;7;1431;23;0.5;0.0
973;2021-02-04;79;25;1510;48;0.5;0.0
973;2021-02-05;66;8;1576;56;0.5;0.0
973;2021-02-06;0;0;1576;56;0.5;0.0
973;2021-02-07;0;0;1576;56;0.5;0.0
973;2021-02-08;52;12;1628;68;0.6;0.0
973;2021-02-09;92;39;1720;107;0.6;0.0
973;2021-02-10;101;41;1821;148;0.6;0.1
973;2021-02-11;105;93;1926;241;0.7;0.1
973;2021-02-12;88;63;2014;304;0.7;0.1
973;2021-02-13;0;0;2014;304;0.7;0.1
973;2021-02-14;0;0;2014;304;0.7;0.1
973;2021-02-15;27;65;2041;369;0.7;0.1
973;2021-02-16;123;54;2164;423;0.7;0.1
973;2021-02-17;145;120;2309;543;0.8;0.2
973;2021-02-18;103;141;2412;684;0.8;0.2
973;2021-02-19;122;74;2534;758;0.9;0.3
973;2021-02-20;0;0;2534;758;0.9;0.3
973;2021-02-21;0;0;2534;758;0.9;0.3
973;2021-02-22;78;48;2612;806;0.9;0.3
973;2021-02-23;158;102;2770;908;1.0;0.3
973;2021-02-24;190;123;2960;1031;1.0;0.4
973;2021-02-25;259;92;3219;1123;1.1;0.4
973;2021-02-26;264;69;3483;1192;1.2;0.4
973;2021-02-27;120;1;3603;1193;1.2;0.4
973;2021-02-28;0;0;3603;1193;1.2;0.4
973;2021-03-01;182;87;3785;1280;1.3;0.4
973;2021-03-02;256;107;4041;1387;1.4;0.5
973;2021-03-03;255;132;4296;1519;1.5;0.5
973;2021-03-04;281;83;4577;1602;1.6;0.6
973;2021-03-05;274;48;4851;1650;1.7;0.6
973;2021-03-06;118;2;4969;1652;1.7;0.6
973;2021-03-07;0;0;4969;1652;1.7;0.6
973;2021-03-08;188;41;5157;1693;1.8;0.6
973;2021-03-09;351;93;5508;1786;1.9;0.6
973;2021-03-10;359;105;5867;1891;2.0;0.7
973;2021-03-11;270;112;6137;2003;2.1;0.7
973;2021-03-12;287;92;6424;2095;2.2;0.7
973;2021-03-13;112;4;6536;2099;2.2;0.7
973;2021-03-14;0;0;6536;2099;2.2;0.7
973;2021-03-15;181;27;6717;2126;2.3;0.7
973;2021-03-16;243;139;6960;2265;2.4;0.8
973;2021-03-17;274;129;7234;2394;2.5;0.8
973;2021-03-18;249;155;7483;2549;2.6;0.9
973;2021-03-19;283;129;7766;2678;2.7;0.9
973;2021-03-20;259;17;8025;2695;2.8;0.9
973;2021-03-21;119;2;8144;2697;2.8;0.9
973;2021-03-22;219;110;8363;2807;2.9;1.0
973;2021-03-23;275;194;8638;3001;3.0;1.0
973;2021-03-24;235;215;8873;3216;3.1;1.1
973;2021-03-25;168;180;9041;3396;3.1;1.2
973;2021-03-26;189;308;9230;3704;3.2;1.3
973;2021-03-27;58;94;9288;3798;3.2;1.3
973;2021-03-28;0;0;9288;3798;3.2;1.3
973;2021-03-29;175;247;9463;4045;3.3;1.4
973;2021-03-30;445;237;9908;4282;3.4;1.5
973;2021-03-31;319;293;10227;4575;3.5;1.6
973;2021-04-01;446;261;10673;4836;3.7;1.7
973;2021-04-02;307;279;10980;5115;3.8;1.8
973;2021-04-03;153;121;11133;5236;3.8;1.8
973;2021-04-04;1;0;11134;5236;3.8;1.8
973;2021-04-05;118;14;11252;5250;3.9;1.8
973;2021-04-06;438;335;11690;5585;4.0;1.9
973;2021-04-07;503;345;12193;5930;4.2;2.0
973;2021-04-08;514;269;12707;6199;4.4;2.1
973;2021-04-09;497;226;13204;6425;4.5;2.2
973;2021-04-10;146;90;13350;6515;4.6;2.2
973;2021-04-11;2;0;13352;6515;4.6;2.2
973;2021-04-12;551;268;13903;6783;4.8;2.3
973;2021-04-13;673;244;14576;7027;5.0;2.4
973;2021-04-14;721;314;15297;7341;5.3;2.5
973;2021-04-15;777;247;16074;7588;5.5;2.6
973;2021-04-16;760;301;16834;7889;5.8;2.7
973;2021-04-17;499;136;17333;8025;6.0;2.8
973;2021-04-18;499;46;17832;8071;6.1;2.8
973;2021-04-19;714;251;18546;8322;6.4;2.9
973;2021-04-20;607;280;19153;8602;6.6;3.0
973;2021-04-21;874;251;20027;8853;6.9;3.0
973;2021-04-22;728;231;20755;9084;7.1;3.1
973;2021-04-23;705;232;21460;9316;7.4;3.2
973;2021-04-24;524;97;21984;9413;7.6;3.2
973;2021-04-25;611;50;22595;9463;7.8;3.3
973;2021-04-26;780;232;23375;9695;8.0;3.3
973;2021-04-27;819;345;24194;10040;8.3;3.5
973;2021-04-28;745;332;24939;10372;8.6;3.6
973;2021-04-29;664;285;25603;10657;8.8;3.7
973;2021-04-30;710;260;26313;10917;9.1;3.8
973;2021-05-01;211;27;26524;10944;9.1;3.8
973;2021-05-02;602;85;27126;11029;9.3;3.8
973;2021-05-03;556;391;27682;11420;9.5;3.9
973;2021-05-04;666;326;28348;11746;9.8;4.0
973;2021-05-05;701;450;29049;12196;10.0;4.2
973;2021-05-06;694;475;29743;12671;10.2;4.4
973;2021-05-07;595;473;30338;13144;10.4;4.5
973;2021-05-08;343;59;30681;13203;10.6;4.5
973;2021-05-09;263;72;30944;13275;10.6;4.6
973;2021-05-10;439;612;31383;13887;10.8;4.8
973;2021-05-11;398;497;31781;14384;10.9;4.9
973;2021-05-12;513;648;32294;15032;11.1;5.2
973;2021-05-13;334;98;32628;15130;11.2;5.2
973;2021-05-14;486;555;33114;15685;11.4;5.4
973;2021-05-15;258;348;33372;16033;11.5;5.5
973;2021-05-16;207;210;33579;16243;11.6;5.6
973;2021-05-17;447;600;34026;16843;11.7;5.8
973;2021-05-18;563;568;34589;17411;11.9;6.0
973;2021-05-19;534;553;35123;17964;12.1;6.2
973;2021-05-20;643;452;35766;18416;12.3;6.3
973;2021-05-21;502;609;36268;19025;12.5;6.5
973;2021-05-22;167;500;36435;19525;12.5;6.7
973;2021-05-23;271;474;36706;19999;12.6;6.9
973;2021-05-24;562;248;37268;20247;12.8;7.0
973;2021-05-25;500;744;37768;20991;13.0;7.2
973;2021-05-26;450;683;38218;21674;13.1;7.5
973;2021-05-27;707;525;38925;22199;13.4;7.6
973;2021-05-28;580;553;39505;22752;13.6;7.8
973;2021-05-29;258;360;39763;23112;13.7;8.0
973;2021-05-30;151;399;39914;23511;13.7;8.1
973;2021-05-31;356;574;40270;24085;13.9;8.3
973;2021-06-01;421;466;40691;24551;14.0;8.4
973;2021-06-02;563;555;41254;25106;14.2;8.6
973;2021-06-03;526;470;41780;25576;14.4;8.8
973;2021-06-04;600;495;42380;26071;14.6;9.0
973;2021-06-05;273;292;42653;26363;14.7;9.1
973;2021-06-06;211;301;42864;26664;14.7;9.2
973;2021-06-07;488;452;43352;27116;14.9;9.3
973;2021-06-08;546;314;43898;27430;15.1;9.4
973;2021-06-09;520;389;44418;27819;15.3;9.6
973;2021-06-10;357;291;44775;28110;15.4;9.7
973;2021-06-11;434;467;45209;28577;15.6;9.8
973;2021-06-12;170;283;45379;28860;15.6;9.9
973;2021-06-13;214;268;45593;29128;15.7;10.0
973;2021-06-14;377;549;45970;29677;15.8;10.2
973;2021-06-15;376;444;46346;30121;15.9;10.4
973;2021-06-16;487;459;46833;30580;16.1;10.5
973;2021-06-17;436;579;47269;31159;16.3;10.7
973;2021-06-18;394;564;47663;31723;16.4;10.9
973;2021-06-19;235;260;47898;31983;16.5;11.0
973;2021-06-20;127;270;48025;32253;16.5;11.1
973;2021-06-21;331;603;48356;32856;16.6;11.3
973;2021-06-22;371;462;48727;33318;16.8;11.5
973;2021-06-23;341;538;49068;33856;16.9;11.6
973;2021-06-24;442;500;49510;34356;17.0;11.8
973;2021-06-25;443;557;49953;34913;17.2;12.0
973;2021-06-26;172;320;50125;35233;17.2;12.1
973;2021-06-27;121;170;50246;35403;17.3;12.2
973;2021-06-28;316;593;50562;35996;17.4;12.4
973;2021-06-29;379;507;50941;36503;17.5;12.6
973;2021-06-30;409;680;51350;37183;17.7;12.8
973;2021-07-01;424;399;51774;37582;17.8;12.9
973;2021-07-02;489;524;52263;38106;18.0;13.1
973;2021-07-03;209;274;52472;38380;18.1;13.2
973;2021-07-04;86;243;52558;38623;18.1;13.3
973;2021-07-05;360;547;52918;39170;18.2;13.5
973;2021-07-06;349;472;53267;39642;18.3;13.6
973;2021-07-07;355;415;53622;40057;18.4;13.8
973;2021-07-08;298;329;53920;40386;18.5;13.9
973;2021-07-09;388;435;54308;40821;18.7;14.0
973;2021-07-10;167;277;54475;41098;18.7;14.1
973;2021-07-11;102;163;54577;41261;18.8;14.2
973;2021-07-12;398;497;54975;41758;18.9;14.4
973;2021-07-13;668;559;55643;42317;19.1;14.6
973;2021-07-14;389;161;56032;42478;19.3;14.6
973;2021-07-15;647;527;56679;43005;19.5;14.8
973;2021-07-16;592;486;57271;43491;19.7;15.0
973;2021-07-17;345;284;57616;43775;19.8;15.1
973;2021-07-18;252;123;57868;43898;19.9;15.1
973;2021-07-19;516;457;58384;44355;20.1;15.3
973;2021-07-20;557;493;58941;44848;20.3;15.4
973;2021-07-21;664;397;59605;45245;20.5;15.6
973;2021-07-22;651;451;60256;45696;20.7;15.7
973;2021-07-23;591;367;60847;46063;20.9;15.8
973;2021-07-24;327;240;61174;46303;21.0;15.9
973;2021-07-25;165;110;61339;46413;21.1;16.0
973;2021-07-26;441;345;61780;46758;21.3;16.1
973;2021-07-27;501;356;62281;47114;21.4;16.2
973;2021-07-28;406;371;62687;47485;21.6;16.3
973;2021-07-29;510;430;63197;47915;21.7;16.5
973;2021-07-30;462;406;63659;48321;21.9;16.6
973;2021-07-31;204;163;63863;48484;22.0;16.7
973;2021-08-01;139;132;64002;48616;22.0;16.7
973;2021-08-02;383;430;64385;49046;22.1;16.9
973;2021-08-03;412;402;64797;49448;22.3;17.0
973;2021-08-04;284;372;65081;49820;22.4;17.1
973;2021-08-05;321;355;65402;50175;22.5;17.3
973;2021-08-06;331;520;65733;50695;22.6;17.4
973;2021-08-07;161;267;65894;50962;22.7;17.5
973;2021-08-08;114;177;66008;51139;22.7;17.6
973;2021-08-09;314;472;66322;51611;22.8;17.8
973;2021-08-10;331;514;66653;52125;22.9;17.9
973;2021-08-11;515;510;67168;52635;23.1;18.1
973;2021-08-12;496;579;67664;53214;23.3;18.3
973;2021-08-13;334;233;67998;53447;23.4;18.4
973;2021-08-14;254;401;68252;53848;23.5;18.5
973;2021-08-15;121;139;68373;53987;23.5;18.6
973;2021-08-16;290;469;68663;54456;23.6;18.7
973;2021-08-17;343;396;69006;54852;23.7;18.9
973;2021-08-18;288;441;69294;55293;23.8;19.0
973;2021-08-19;317;478;69611;55771;23.9;19.2
973;2021-08-20;302;398;69913;56169;24.1;19.3
973;2021-08-21;159;256;70072;56425;24.1;19.4
973;2021-08-22;114;182;70186;56607;24.1;19.5
973;2021-08-23;258;375;70444;56982;24.2;19.6
973;2021-08-24;279;458;70723;57440;24.3;19.8
973;2021-08-25;262;339;70985;57779;24.4;19.9
974;2020-12-27;0;0;0;0;0.0;0.0
974;2020-12-28;0;0;0;0;0.0;0.0
974;2020-12-29;0;0;0;0;0.0;0.0
974;2020-12-30;0;0;0;0;0.0;0.0
974;2020-12-31;0;0;0;0;0.0;0.0
974;2021-01-01;1;0;1;0;0.0;0.0
974;2021-01-02;0;0;1;0;0.0;0.0
974;2021-01-03;0;0;1;0;0.0;0.0
974;2021-01-04;0;0;1;0;0.0;0.0
974;2021-01-05;2;0;3;0;0.0;0.0
974;2021-01-06;0;0;3;0;0.0;0.0
974;2021-01-07;0;0;3;0;0.0;0.0
974;2021-01-08;0;0;3;0;0.0;0.0
974;2021-01-09;1;0;4;0;0.0;0.0
974;2021-01-10;0;0;4;0;0.0;0.0
974;2021-01-11;0;0;4;0;0.0;0.0
974;2021-01-12;0;0;4;0;0.0;0.0
974;2021-01-13;0;0;4;0;0.0;0.0
974;2021-01-14;0;0;4;0;0.0;0.0
974;2021-01-15;333;0;337;0;0.0;0.0
974;2021-01-16;27;0;364;0;0.0;0.0
974;2021-01-17;0;0;364;0;0.0;0.0
974;2021-01-18;49;1;413;1;0.0;0.0
974;2021-01-19;394;0;807;1;0.1;0.0
974;2021-01-20;482;1;1289;2;0.1;0.0
974;2021-01-21;614;2;1903;4;0.2;0.0
974;2021-01-22;414;1;2317;5;0.3;0.0
974;2021-01-23;75;0;2392;5;0.3;0.0
974;2021-01-24;0;0;2392;5;0.3;0.0
974;2021-01-25;273;2;2665;7;0.3;0.0
974;2021-01-26;429;0;3094;7;0.4;0.0
974;2021-01-27;316;0;3410;7;0.4;0.0
974;2021-01-28;409;0;3819;7;0.4;0.0
974;2021-01-29;422;3;4241;10;0.5;0.0
974;2021-01-30;421;1;4662;11;0.5;0.0
974;2021-01-31;0;0;4662;11;0.5;0.0
974;2021-02-01;373;4;5035;15;0.6;0.0
974;2021-02-02;500;4;5535;19;0.6;0.0
974;2021-02-03;602;14;6137;33;0.7;0.0
974;2021-02-04;629;21;6766;54;0.8;0.0
974;2021-02-05;564;97;7330;151;0.9;0.0
974;2021-02-06;501;5;7831;156;0.9;0.0
974;2021-02-07;0;8;7831;164;0.9;0.0
974;2021-02-08;470;34;8301;198;1.0;0.0
974;2021-02-09;787;93;9088;291;1.1;0.0
974;2021-02-10;820;87;9908;378;1.2;0.0
974;2021-02-11;796;88;10704;466;1.2;0.1
974;2021-02-12;638;93;11342;559;1.3;0.1
974;2021-02-13;653;75;11995;634;1.4;0.1
974;2021-02-14;1;0;11996;634;1.4;0.1
974;2021-02-15;526;126;12522;760;1.5;0.1
974;2021-02-16;651;533;13173;1293;1.5;0.2
974;2021-02-17;592;326;13765;1619;1.6;0.2
974;2021-02-18;494;408;14259;2027;1.7;0.2
974;2021-02-19;497;319;14756;2346;1.7;0.3
974;2021-02-20;577;117;15333;2463;1.8;0.3
974;2021-02-21;0;0;15333;2463;1.8;0.3
974;2021-02-22;403;236;15736;2699;1.8;0.3
974;2021-02-23;607;240;16343;2939;1.9;0.3
974;2021-02-24;584;251;16927;3190;2.0;0.4
974;2021-02-25;648;295;17575;3485;2.0;0.4
974;2021-02-26;485;470;18060;3955;2.1;0.5
974;2021-02-27;384;467;18444;4422;2.1;0.5
974;2021-02-28;0;0;18444;4422;2.1;0.5
974;2021-03-01;293;384;18737;4806;2.2;0.6
974;2021-03-02;486;501;19223;5307;2.2;0.6
974;2021-03-03;757;537;19980;5844;2.3;0.7
974;2021-03-04;777;492;20757;6336;2.4;0.7
974;2021-03-05;729;522;21486;6858;2.5;0.8
974;2021-03-06;812;524;22298;7382;2.6;0.9
974;2021-03-07;0;0;22298;7382;2.6;0.9
974;2021-03-08;436;554;22734;7936;2.6;0.9
974;2021-03-09;671;770;23405;8706;2.7;1.0
974;2021-03-10;643;835;24048;9541;2.8;1.1
974;2021-03-11;701;626;24749;10167;2.9;1.2
974;2021-03-12;731;654;25480;10821;3.0;1.3
974;2021-03-13;669;600;26149;11421;3.0;1.3
974;2021-03-14;2;0;26151;11421;3.0;1.3
974;2021-03-15;509;493;26660;11914;3.1;1.4
974;2021-03-16;681;691;27341;12605;3.2;1.5
974;2021-03-17;848;524;28189;13129;3.3;1.5
974;2021-03-18;1022;505;29211;13634;3.4;1.6
974;2021-03-19;786;528;29997;14162;3.5;1.6
974;2021-03-20;578;593;30575;14755;3.6;1.7
974;2021-03-21;0;0;30575;14755;3.6;1.7
974;2021-03-22;566;467;31141;15222;3.6;1.8
974;2021-03-23;780;635;31921;15857;3.7;1.8
974;2021-03-24;792;644;32713;16501;3.8;1.9
974;2021-03-25;933;539;33646;17040;3.9;2.0
974;2021-03-26;922;451;34568;17491;4.0;2.0
974;2021-03-27;782;337;35350;17828;4.1;2.1
974;2021-03-28;1;0;35351;17828;4.1;2.1
974;2021-03-29;961;270;36312;18098;4.2;2.1
974;2021-03-30;884;495;37196;18593;4.3;2.2
974;2021-03-31;739;660;37935;19253;4.4;2.2
974;2021-04-01;718;706;38653;19959;4.5;2.3
974;2021-04-02;688;757;39341;20716;4.6;2.4
974;2021-04-03;699;698;40040;21414;4.7;2.5
974;2021-04-04;0;0;40040;21414;4.7;2.5
974;2021-04-05;0;0;40040;21414;4.7;2.5
974;2021-04-06;796;635;40836;22049;4.7;2.6
974;2021-04-07;1368;782;42204;22831;4.9;2.7
974;2021-04-08;1792;769;43996;23600;5.1;2.7
974;2021-04-09;1509;775;45505;24375;5.3;2.8
974;2021-04-10;1138;647;46643;25022;5.4;2.9
974;2021-04-11;2;0;46645;25022;5.4;2.9
974;2021-04-12;1238;546;47883;25568;5.6;3.0
974;2021-04-13;1440;751;49323;26319;5.7;3.1
974;2021-04-14;2070;764;51393;27083;6.0;3.1
974;2021-04-15;2506;954;53899;28037;6.3;3.3
974;2021-04-16;1935;783;55834;28820;6.5;3.4
974;2021-04-17;1290;603;57124;29423;6.6;3.4
974;2021-04-18;0;0;57124;29423;6.6;3.4
974;2021-04-19;1375;563;58499;29986;6.8;3.5
974;2021-04-20;1651;805;60150;30791;7.0;3.6
974;2021-04-21;2126;626;62276;31417;7.2;3.7
974;2021-04-22;2953;821;65229;32238;7.6;3.7
974;2021-04-23;2312;818;67541;33056;7.9;3.8
974;2021-04-24;1109;804;68650;33860;8.0;3.9
974;2021-04-25;3;0;68653;33860;8.0;3.9
974;2021-04-26;1173;914;69826;34774;8.1;4.0
974;2021-04-27;1686;1027;71512;35801;8.3;4.2
974;2021-04-28;2900;750;74412;36551;8.7;4.3
974;2021-04-29;3950;816;78362;37367;9.1;4.3
974;2021-04-30;3447;905;81809;38272;9.5;4.5
974;2021-05-01;2106;226;83915;38498;9.8;4.5
974;2021-05-02;1;0;83916;38498;9.8;4.5
974;2021-05-03;1865;574;85781;39072;10.0;4.5
974;2021-05-04;2127;1094;87908;40166;10.2;4.7
974;2021-05-05;3120;1642;91028;41808;10.6;4.9
974;2021-05-06;4004;1586;95032;43394;11.1;5.0
974;2021-05-07;3229;1524;98261;44918;11.4;5.2
974;2021-05-08;1575;503;99836;45421;11.6;5.3
974;2021-05-09;2;1;99838;45422;11.6;5.3
974;2021-05-10;2413;1000;102251;46422;11.9;5.4
974;2021-05-11;3653;1639;105904;48061;12.3;5.6
974;2021-05-12;4724;2402;110628;50463;12.9;5.9
974;2021-05-13;3557;598;114185;51061;13.3;5.9
974;2021-05-14;5277;2515;119462;53576;13.9;6.2
974;2021-05-15;3159;1536;122621;55112;14.3;6.4
974;2021-05-16;16;19;122637;55131;14.3;6.4
974;2021-05-17;2998;1498;125635;56629;14.6;6.6
974;2021-05-18;3765;1797;129400;58426;15.0;6.8
974;2021-05-19;4693;2430;134093;60856;15.6;7.1
974;2021-05-20;5139;2853;139232;63709;16.2;7.4
974;2021-05-21;4995;2635;144227;66344;16.8;7.7
974;2021-05-22;3371;1256;147598;67600;17.2;7.9
974;2021-05-23;5;3;147603;67603;17.2;7.9
974;2021-05-24;3645;1078;151248;68681;17.6;8.0
974;2021-05-25;4247;1913;155495;70594;18.1;8.2
974;2021-05-26;4992;2993;160487;73587;18.7;8.6
974;2021-05-27;4619;4098;165106;77685;19.2;9.0
974;2021-05-28;4386;3835;169492;81520;19.7;9.5
974;2021-05-29;2555;2455;172047;83975;20.0;9.8
974;2021-05-30;8;14;172055;83989;20.0;9.8
974;2021-05-31;2348;2254;174403;86243;20.3;10.0
974;2021-06-01;3302;2761;177705;89004;20.7;10.3
974;2021-06-02;3971;3363;181676;92367;21.1;10.7
974;2021-06-03;4043;3649;185719;96016;21.6;11.2
974;2021-06-04;3849;3757;189568;99773;22.0;11.6
974;2021-06-05;2214;1925;191782;101698;22.3;11.8
974;2021-06-06;1073;134;192855;101832;22.4;11.8
974;2021-06-07;2013;2527;194868;104359;22.7;12.1
974;2021-06-08;2557;3339;197425;107698;23.0;12.5
974;2021-06-09;2983;4834;200408;112532;23.3;13.1
974;2021-06-10;3414;4464;203822;116996;23.7;13.6
974;2021-06-11;2842;4622;206664;121618;24.0;14.1
974;2021-06-12;1727;3378;208391;124996;24.2;14.5
974;2021-06-13;1324;246;209715;125242;24.4;14.6
974;2021-06-14;1490;3183;211205;128425;24.6;14.9
974;2021-06-15;2058;3616;213263;132041;24.8;15.4
974;2021-06-16;2751;4656;216014;136697;25.1;15.9
974;2021-06-17;2521;4895;218535;141592;25.4;16.5
974;2021-06-18;2599;4892;221134;146484;25.7;17.0
974;2021-06-19;1303;3517;222437;150001;25.9;17.4
974;2021-06-20;632;288;223069;150289;25.9;17.5
974;2021-06-21;1265;3235;224334;153524;26.1;17.9
974;2021-06-22;1624;3763;225958;157287;26.3;18.3
974;2021-06-23;2256;4994;228214;162281;26.5;18.9
974;2021-06-24;2283;4070;230497;166351;26.8;19.3
974;2021-06-25;2189;4105;232686;170456;27.1;19.8
974;2021-06-26;1400;2711;234086;173167;27.2;20.1
974;2021-06-27;665;268;234751;173435;27.3;20.2
974;2021-06-28;1306;2478;236057;175913;27.4;20.5
974;2021-06-29;1757;2846;237814;178759;27.7;20.8
974;2021-06-30;2562;3846;240376;182605;28.0;21.2
974;2021-07-01;2698;3826;243074;186431;28.3;21.7
974;2021-07-02;2510;3716;245584;190147;28.6;22.1
974;2021-07-03;1614;2459;247198;192606;28.7;22.4
974;2021-07-04;881;1039;248079;193645;28.8;22.5
974;2021-07-05;1694;2222;249773;195867;29.0;22.8
974;2021-07-06;2576;2542;252349;198409;29.3;23.1
974;2021-07-07;2663;3135;255012;201544;29.7;23.4
974;2021-07-08;2412;3174;257424;204718;29.9;23.8
974;2021-07-09;2760;3427;260184;208145;30.3;24.2
974;2021-07-10;1621;2192;261805;210337;30.4;24.5
974;2021-07-11;729;1016;262534;211353;30.5;24.6
974;2021-07-12;1747;2604;264281;213957;30.7;24.9
974;2021-07-13;4430;3340;268711;217297;31.2;25.3
974;2021-07-14;3295;605;272006;217902;31.6;25.3
974;2021-07-15;5555;4016;277561;221918;32.3;25.8
974;2021-07-16;6237;3297;283798;225215;33.0;26.2
974;2021-07-17;4374;1911;288172;227126;33.5;26.4
974;2021-07-18;2673;764;290845;227890;33.8;26.5
974;2021-07-19;4649;2028;295494;229918;34.4;26.7
974;2021-07-20;6233;2425;301727;232343;35.1;27.0
974;2021-07-21;6740;2854;308467;235197;35.9;27.3
974;2021-07-22;7140;2808;315607;238005;36.7;27.7
974;2021-07-23;6634;2980;322241;240985;37.5;28.0
974;2021-07-24;3799;2057;326040;243042;37.9;28.3
974;2021-07-25;2521;756;328561;243798;38.2;28.3
974;2021-07-26;4368;2087;332929;245885;38.7;28.6
974;2021-07-27;5434;2559;338363;248444;39.3;28.9
974;2021-07-28;5387;2895;343750;251339;40.0;29.2
974;2021-07-29;5720;2804;349470;254143;40.6;29.6
974;2021-07-30;5848;2579;355318;256722;41.3;29.9
974;2021-07-31;3932;1641;359250;258363;41.8;30.0
974;2021-08-01;1897;716;361147;259079;42.0;30.1
974;2021-08-02;3386;1869;364533;260948;42.4;30.3
974;2021-08-03;4282;4073;368815;265021;42.9;30.8
974;2021-08-04;4853;4225;373668;269246;43.5;31.3
974;2021-08-05;4402;4674;378070;273920;44.0;31.9
974;2021-08-06;4048;5097;382118;279017;44.4;32.4
974;2021-08-07;2735;4046;384853;283063;44.8;32.9
974;2021-08-08;1469;2264;386322;285327;44.9;33.2
974;2021-08-09;2542;4530;388864;289857;45.2;33.7
974;2021-08-10;3748;4963;392612;294820;45.7;34.3
974;2021-08-11;4580;5431;397192;300251;46.2;34.9
974;2021-08-12;4679;5922;401871;306173;46.7;35.6
974;2021-08-13;4434;5832;406305;312005;47.2;36.3
974;2021-08-14;2568;4324;408873;316329;47.5;36.8
974;2021-08-15;1566;2177;410439;318506;47.7;37.0
974;2021-08-16;2326;4170;412765;322676;48.0;37.5
974;2021-08-17;3124;4530;415889;327206;48.4;38.0
974;2021-08-18;3294;5888;419183;333094;48.7;38.7
974;2021-08-19;3246;4891;422429;337985;49.1;39.3
974;2021-08-20;3409;5270;425838;343255;49.5;39.9
974;2021-08-21;1803;4617;427641;347872;49.7;40.5
974;2021-08-22;1017;1942;428658;349814;49.8;40.7
974;2021-08-23;1785;3318;430443;353132;50.1;41.1
974;2021-08-24;2391;3749;432834;356881;50.3;41.5
974;2021-08-25;2799;5167;435633;362048;50.7;42.1
975;2020-12-27;0;0;0;0;0.0;0.0
975;2020-12-28;0;0;0;0;0.0;0.0
975;2020-12-29;0;0;0;0;0.0;0.0
975;2020-12-30;0;0;0;0;0.0;0.0
975;2020-12-31;0;0;0;0;0.0;0.0
975;2021-01-01;0;0;0;0;0.0;0.0
975;2021-01-02;0;0;0;0;0.0;0.0
975;2021-01-03;0;0;0;0;0.0;0.0
975;2021-01-04;0;0;0;0;0.0;0.0
975;2021-01-05;0;0;0;0;0.0;0.0
975;2021-01-06;0;0;0;0;0.0;0.0
975;2021-01-07;0;0;0;0;0.0;0.0
975;2021-01-08;0;0;0;0;0.0;0.0
975;2021-01-09;0;0;0;0;0.0;0.0
975;2021-01-10;0;0;0;0;0.0;0.0
975;2021-01-11;0;0;0;0;0.0;0.0
975;2021-01-12;0;0;0;0;0.0;0.0
975;2021-01-13;0;0;0;0;0.0;0.0
975;2021-01-14;0;0;0;0;0.0;0.0
975;2021-01-15;0;0;0;0;0.0;0.0
975;2021-01-16;0;0;0;0;0.0;0.0
975;2021-01-17;0;0;0;0;0.0;0.0
975;2021-01-18;0;0;0;0;0.0;0.0
975;2021-01-19;0;0;0;0;0.0;0.0
975;2021-01-20;0;0;0;0;0.0;0.0
975;2021-01-21;0;0;0;0;0.0;0.0
975;2021-01-22;0;0;0;0;0.0;0.0
975;2021-01-23;0;0;0;0;0.0;0.0
975;2021-01-24;0;0;0;0;0.0;0.0
975;2021-01-25;0;0;0;0;0.0;0.0
975;2021-01-26;0;0;0;0;0.0;0.0
975;2021-01-27;0;0;0;0;0.0;0.0
975;2021-01-28;0;0;0;0;0.0;0.0
975;2021-01-29;0;0;0;0;0.0;0.0
975;2021-01-30;0;0;0;0;0.0;0.0
975;2021-01-31;0;0;0;0;0.0;0.0
975;2021-02-01;0;0;0;0;0.0;0.0
975;2021-02-02;0;0;0;0;0.0;0.0
975;2021-02-03;0;0;0;0;0.0;0.0
975;2021-02-04;0;0;0;0;0.0;0.0
975;2021-02-05;0;0;0;0;0.0;0.0
975;2021-02-06;0;0;0;0;0.0;0.0
975;2021-02-07;0;0;0;0;0.0;0.0
975;2021-02-08;0;0;0;0;0.0;0.0
975;2021-02-09;0;0;0;0;0.0;0.0
975;2021-02-10;0;0;0;0;0.0;0.0
975;2021-02-11;0;0;0;0;0.0;0.0
975;2021-02-12;0;0;0;0;0.0;0.0
975;2021-02-13;0;0;0;0;0.0;0.0
975;2021-02-14;0;0;0;0;0.0;0.0
975;2021-02-15;0;0;0;0;0.0;0.0
975;2021-02-16;0;0;0;0;0.0;0.0
975;2021-02-17;0;0;0;0;0.0;0.0
975;2021-02-18;0;0;0;0;0.0;0.0
975;2021-02-19;0;0;0;0;0.0;0.0
975;2021-02-20;0;0;0;0;0.0;0.0
975;2021-02-21;0;0;0;0;0.0;0.0
975;2021-02-22;0;0;0;0;0.0;0.0
975;2021-02-23;0;0;0;0;0.0;0.0
975;2021-02-24;0;0;0;0;0.0;0.0
975;2021-02-25;0;0;0;0;0.0;0.0
975;2021-02-26;0;0;0;0;0.0;0.0
975;2021-02-27;0;0;0;0;0.0;0.0
975;2021-02-28;0;0;0;0;0.0;0.0
975;2021-03-01;0;0;0;0;0.0;0.0
975;2021-03-02;0;0;0;0;0.0;0.0
975;2021-03-03;0;0;0;0;0.0;0.0
975;2021-03-04;0;0;0;0;0.0;0.0
975;2021-03-05;0;0;0;0;0.0;0.0
975;2021-03-06;0;0;0;0;0.0;0.0
975;2021-03-07;0;0;0;0;0.0;0.0
975;2021-03-08;0;0;0;0;0.0;0.0
975;2021-03-09;0;0;0;0;0.0;0.0
975;2021-03-10;0;0;0;0;0.0;0.0
975;2021-03-11;0;0;0;0;0.0;0.0
975;2021-03-12;0;0;0;0;0.0;0.0
975;2021-03-13;0;0;0;0;0.0;0.0
975;2021-03-14;0;0;0;0;0.0;0.0
975;2021-03-15;0;0;0;0;0.0;0.0
975;2021-03-16;0;0;0;0;0.0;0.0
975;2021-03-17;0;0;0;0;0.0;0.0
975;2021-03-18;0;0;0;0;0.0;0.0
975;2021-03-19;0;0;0;0;0.0;0.0
975;2021-03-20;0;0;0;0;0.0;0.0
975;2021-03-21;0;0;0;0;0.0;0.0
975;2021-03-22;0;0;0;0;0.0;0.0
975;2021-03-23;0;0;0;0;0.0;0.0
975;2021-03-24;0;0;0;0;0.0;0.0
975;2021-03-25;0;0;0;0;0.0;0.0
975;2021-03-26;0;0;0;0;0.0;0.0
975;2021-03-27;0;0;0;0;0.0;0.0
975;2021-03-28;0;0;0;0;0.0;0.0
975;2021-03-29;2;0;2;0;0.0;0.0
975;2021-03-30;0;0;2;0;0.0;0.0
975;2021-03-31;0;0;2;0;0.0;0.0
975;2021-04-01;0;0;2;0;0.0;0.0
975;2021-04-02;0;0;2;0;0.0;0.0
975;2021-04-03;0;0;2;0;0.0;0.0
975;2021-04-04;0;0;2;0;0.0;0.0
975;2021-04-05;0;0;2;0;0.0;0.0
975;2021-04-06;0;0;2;0;0.0;0.0
975;2021-04-07;0;0;2;0;0.0;0.0
975;2021-04-08;1;0;3;0;0.1;0.0
975;2021-04-09;0;0;3;0;0.1;0.0
975;2021-04-10;0;0;3;0;0.1;0.0
975;2021-04-11;0;0;3;0;0.1;0.0
975;2021-04-12;0;0;3;0;0.1;0.0
975;2021-04-13;0;0;3;0;0.1;0.0
975;2021-04-14;0;0;3;0;0.1;0.0
975;2021-04-15;0;0;3;0;0.1;0.0
975;2021-04-16;0;0;3;0;0.1;0.0
975;2021-04-17;0;0;3;0;0.1;0.0
975;2021-04-18;0;0;3;0;0.1;0.0
975;2021-04-19;0;0;3;0;0.1;0.0
975;2021-04-20;0;0;3;0;0.1;0.0
975;2021-04-21;0;0;3;0;0.1;0.0
975;2021-04-22;0;0;3;0;0.1;0.0
975;2021-04-23;0;0;3;0;0.1;0.0
975;2021-04-24;0;0;3;0;0.1;0.0
975;2021-04-25;0;0;3;0;0.1;0.0
975;2021-04-26;0;0;3;0;0.1;0.0
975;2021-04-27;0;0;3;0;0.1;0.0
975;2021-04-28;0;0;3;0;0.1;0.0
975;2021-04-29;0;0;3;0;0.1;0.0
975;2021-04-30;0;0;3;0;0.1;0.0
975;2021-05-01;0;0;3;0;0.1;0.0
975;2021-05-02;0;0;3;0;0.1;0.0
975;2021-05-03;0;0;3;0;0.1;0.0
975;2021-05-04;0;0;3;0;0.1;0.0
975;2021-05-05;0;0;3;0;0.1;0.0
975;2021-05-06;0;0;3;0;0.1;0.0
975;2021-05-07;0;0;3;0;0.1;0.0
975;2021-05-08;0;0;3;0;0.1;0.0
975;2021-05-09;0;0;3;0;0.1;0.0
975;2021-05-10;0;0;3;0;0.1;0.0
975;2021-05-11;0;0;3;0;0.1;0.0
975;2021-05-12;0;0;3;0;0.1;0.0
975;2021-05-13;0;0;3;0;0.1;0.0
975;2021-05-14;0;0;3;0;0.1;0.0
975;2021-05-15;0;0;3;0;0.1;0.0
975;2021-05-16;0;0;3;0;0.1;0.0
975;2021-05-17;0;0;3;0;0.1;0.0
975;2021-05-18;0;0;3;0;0.1;0.0
975;2021-05-19;0;0;3;0;0.1;0.0
975;2021-05-20;0;0;3;0;0.1;0.0
975;2021-05-21;0;0;3;0;0.1;0.0
975;2021-05-22;0;0;3;0;0.1;0.0
975;2021-05-23;0;0;3;0;0.1;0.0
975;2021-05-24;0;0;3;0;0.1;0.0
975;2021-05-25;0;0;3;0;0.1;0.0
975;2021-05-26;0;0;3;0;0.1;0.0
975;2021-05-27;0;0;3;0;0.1;0.0
975;2021-05-28;0;0;3;0;0.1;0.0
975;2021-05-29;0;2;3;2;0.1;0.0
975;2021-05-30;0;0;3;2;0.1;0.0
975;2021-05-31;0;0;3;2;0.1;0.0
975;2021-06-01;0;0;3;2;0.1;0.0
975;2021-06-02;0;0;3;2;0.1;0.0
975;2021-06-03;0;0;3;2;0.1;0.0
975;2021-06-04;0;0;3;2;0.1;0.0
975;2021-06-05;0;0;3;2;0.1;0.0
975;2021-06-06;0;0;3;2;0.1;0.0
975;2021-06-07;0;0;3;2;0.1;0.0
975;2021-06-08;0;0;3;2;0.1;0.0
975;2021-06-09;0;0;3;2;0.1;0.0
975;2021-06-10;0;0;3;2;0.1;0.0
975;2021-06-11;0;0;3;2;0.1;0.0
975;2021-06-12;0;0;3;2;0.1;0.0
975;2021-06-13;0;0;3;2;0.1;0.0
975;2021-06-14;0;0;3;2;0.1;0.0
975;2021-06-15;0;0;3;2;0.1;0.0
975;2021-06-16;0;0;3;2;0.1;0.0
975;2021-06-17;0;0;3;2;0.1;0.0
975;2021-06-18;0;0;3;2;0.1;0.0
975;2021-06-19;0;0;3;2;0.1;0.0
975;2021-06-20;0;0;3;2;0.1;0.0
975;2021-06-21;1;0;4;2;0.1;0.0
975;2021-06-22;0;0;4;2;0.1;0.0
975;2021-06-23;0;0;4;2;0.1;0.0
975;2021-06-24;0;0;4;2;0.1;0.0
975;2021-06-25;0;0;4;2;0.1;0.0
975;2021-06-26;0;0;4;2;0.1;0.0
975;2021-06-27;0;0;4;2;0.1;0.0
975;2021-06-28;0;0;4;2;0.1;0.0
975;2021-06-29;0;0;4;2;0.1;0.0
975;2021-06-30;0;0;4;2;0.1;0.0
975;2021-07-01;0;0;4;2;0.1;0.0
975;2021-07-02;0;0;4;2;0.1;0.0
975;2021-07-03;0;0;4;2;0.1;0.0
975;2021-07-04;0;0;4;2;0.1;0.0
975;2021-07-05;0;0;4;2;0.1;0.0
975;2021-07-06;1;0;5;2;0.1;0.0
975;2021-07-07;7;0;12;2;0.2;0.0
975;2021-07-08;0;0;12;2;0.2;0.0
975;2021-07-09;1;0;13;2;0.2;0.0
975;2021-07-10;0;0;13;2;0.2;0.0
975;2021-07-11;0;0;13;2;0.2;0.0
975;2021-07-12;1;0;14;2;0.2;0.0
975;2021-07-13;0;0;14;2;0.2;0.0
975;2021-07-14;0;0;14;2;0.2;0.0
975;2021-07-15;0;0;14;2;0.2;0.0
975;2021-07-16;0;0;14;2;0.2;0.0
975;2021-07-17;0;0;14;2;0.2;0.0
975;2021-07-18;0;0;14;2;0.2;0.0
975;2021-07-19;0;0;14;2;0.2;0.0
975;2021-07-20;0;0;14;2;0.2;0.0
975;2021-07-21;0;0;14;2;0.2;0.0
975;2021-07-22;0;0;14;2;0.2;0.0
975;2021-07-23;0;0;14;2;0.2;0.0
975;2021-07-24;0;0;14;2;0.2;0.0
975;2021-07-25;0;0;14;2;0.2;0.0
975;2021-07-26;0;0;14;2;0.2;0.0
975;2021-07-27;0;0;14;2;0.2;0.0
975;2021-07-28;0;0;14;2;0.2;0.0
975;2021-07-29;0;0;14;2;0.2;0.0
975;2021-07-30;0;0;14;2;0.2;0.0
975;2021-07-31;0;0;14;2;0.2;0.0
975;2021-08-01;0;0;14;2;0.2;0.0
975;2021-08-02;1;0;15;2;0.3;0.0
975;2021-08-03;0;0;15;2;0.3;0.0
975;2021-08-04;0;0;15;2;0.3;0.0
975;2021-08-05;0;0;15;2;0.3;0.0
975;2021-08-06;0;0;15;2;0.3;0.0
975;2021-08-07;0;0;15;2;0.3;0.0
975;2021-08-08;0;0;15;2;0.3;0.0
975;2021-08-09;0;0;15;2;0.3;0.0
975;2021-08-10;0;0;15;2;0.3;0.0
975;2021-08-11;0;0;15;2;0.3;0.0
975;2021-08-12;0;0;15;2;0.3;0.0
975;2021-08-13;0;0;15;2;0.3;0.0
975;2021-08-14;0;0;15;2;0.3;0.0
975;2021-08-15;0;0;15;2;0.3;0.0
975;2021-08-16;0;0;15;2;0.3;0.0
975;2021-08-17;0;0;15;2;0.3;0.0
975;2021-08-18;0;0;15;2;0.3;0.0
975;2021-08-19;0;1;15;3;0.3;0.1
975;2021-08-20;0;0;15;3;0.3;0.1
975;2021-08-21;0;0;15;3;0.3;0.1
975;2021-08-22;0;0;15;3;0.3;0.1
975;2021-08-23;0;0;15;3;0.3;0.1
975;2021-08-24;0;0;15;3;0.3;0.1
975;2021-08-25;0;0;15;3;0.3;0.1
976;2020-12-27;0;0;0;0;0.0;0.0
976;2020-12-28;0;0;0;0;0.0;0.0
976;2020-12-29;0;0;0;0;0.0;0.0
976;2020-12-30;0;0;0;0;0.0;0.0
976;2020-12-31;0;0;0;0;0.0;0.0
976;2021-01-01;0;0;0;0;0.0;0.0
976;2021-01-02;0;0;0;0;0.0;0.0
976;2021-01-03;0;0;0;0;0.0;0.0
976;2021-01-04;0;0;0;0;0.0;0.0
976;2021-01-05;0;0;0;0;0.0;0.0
976;2021-01-06;0;0;0;0;0.0;0.0
976;2021-01-07;0;0;0;0;0.0;0.0
976;2021-01-08;0;0;0;0;0.0;0.0
976;2021-01-09;0;0;0;0;0.0;0.0
976;2021-01-10;0;0;0;0;0.0;0.0
976;2021-01-11;9;0;9;0;0.0;0.0
976;2021-01-12;0;0;9;0;0.0;0.0
976;2021-01-13;0;0;9;0;0.0;0.0
976;2021-01-14;0;0;9;0;0.0;0.0
976;2021-01-15;1;0;10;0;0.0;0.0
976;2021-01-16;1;0;11;0;0.0;0.0
976;2021-01-17;0;0;11;0;0.0;0.0
976;2021-01-18;1;0;12;0;0.0;0.0
976;2021-01-19;0;0;12;0;0.0;0.0
976;2021-01-20;0;0;12;0;0.0;0.0
976;2021-01-21;1;1;13;1;0.0;0.0
976;2021-01-22;0;0;13;1;0.0;0.0
976;2021-01-23;1;0;14;1;0.0;0.0
976;2021-01-24;0;0;14;1;0.0;0.0
976;2021-01-25;143;3;157;4;0.1;0.0
976;2021-01-26;167;3;324;7;0.1;0.0
976;2021-01-27;250;3;574;10;0.2;0.0
976;2021-01-28;102;8;676;18;0.2;0.0
976;2021-01-29;231;2;907;20;0.3;0.0
976;2021-01-30;285;11;1192;31;0.4;0.0
976;2021-01-31;1;0;1193;31;0.4;0.0
976;2021-02-01;161;1;1354;32;0.5;0.0
976;2021-02-02;330;9;1684;41;0.6;0.0
976;2021-02-03;228;3;1912;44;0.7;0.0
976;2021-02-04;216;9;2128;53;0.8;0.0
976;2021-02-05;213;0;2341;53;0.8;0.0
976;2021-02-06;83;10;2424;63;0.9;0.0
976;2021-02-07;0;0;2424;63;0.9;0.0
976;2021-02-08;82;4;2506;67;0.9;0.0
976;2021-02-09;194;1;2700;68;1.0;0.0
976;2021-02-10;187;5;2887;73;1.0;0.0
976;2021-02-11;236;4;3123;77;1.1;0.0
976;2021-02-12;288;4;3411;81;1.2;0.0
976;2021-02-13;56;0;3467;81;1.2;0.0
976;2021-02-14;1;0;3468;81;1.2;0.0
976;2021-02-15;359;7;3827;88;1.4;0.0
976;2021-02-16;266;9;4093;97;1.5;0.0
976;2021-02-17;167;8;4260;105;1.5;0.0
976;2021-02-18;218;12;4478;117;1.6;0.0
976;2021-02-19;237;24;4715;141;1.7;0.1
976;2021-02-20;139;9;4854;150;1.7;0.1
976;2021-02-21;0;0;4854;150;1.7;0.1
976;2021-02-22;130;122;4984;272;1.8;0.1
976;2021-02-23;184;156;5168;428;1.8;0.2
976;2021-02-24;176;146;5344;574;1.9;0.2
976;2021-02-25;227;277;5571;851;2.0;0.3
976;2021-02-26;242;246;5813;1097;2.1;0.4
976;2021-02-27;0;0;5813;1097;2.1;0.4
976;2021-02-28;0;0;5813;1097;2.1;0.4
976;2021-03-01;146;259;5959;1356;2.1;0.5
976;2021-03-02;228;260;6187;1616;2.2;0.6
976;2021-03-03;202;189;6389;1805;2.3;0.6
976;2021-03-04;205;144;6594;1949;2.4;0.7
976;2021-03-05;224;116;6818;2065;2.4;0.7
976;2021-03-06;1;0;6819;2065;2.4;0.7
976;2021-03-07;1;0;6820;2065;2.4;0.7
976;2021-03-08;189;110;7009;2175;2.5;0.8
976;2021-03-09;391;163;7400;2338;2.6;0.8
976;2021-03-10;180;178;7580;2516;2.7;0.9
976;2021-03-11;167;207;7747;2723;2.8;1.0
976;2021-03-12;237;294;7984;3017;2.9;1.1
976;2021-03-13;2;0;7986;3017;2.9;1.1
976;2021-03-14;0;0;7986;3017;2.9;1.1
976;2021-03-15;157;294;8143;3311;2.9;1.2
976;2021-03-16;237;226;8380;3537;3.0;1.3
976;2021-03-17;264;145;8644;3682;3.1;1.3
976;2021-03-18;174;236;8818;3918;3.2;1.4
976;2021-03-19;173;298;8991;4216;3.2;1.5
976;2021-03-20;0;0;8991;4216;3.2;1.5
976;2021-03-21;0;0;8991;4216;3.2;1.5
976;2021-03-22;97;136;9088;4352;3.3;1.6
976;2021-03-23;136;239;9224;4591;3.3;1.6
976;2021-03-24;160;147;9384;4738;3.4;1.7
976;2021-03-25;185;206;9569;4944;3.4;1.8
976;2021-03-26;160;212;9729;5156;3.5;1.8
976;2021-03-27;18;0;9747;5156;3.5;1.8
976;2021-03-28;1;0;9748;5156;3.5;1.8
976;2021-03-29;0;2;9748;5158;3.5;1.8
976;2021-03-30;273;336;10021;5494;3.6;2.0
976;2021-03-31;225;125;10246;5619;3.7;2.0
976;2021-04-01;245;103;10491;5722;3.8;2.0
976;2021-04-02;289;262;10780;5984;3.9;2.1
976;2021-04-03;905;309;11685;6293;4.2;2.3
976;2021-04-04;2;0;11687;6293;4.2;2.3
976;2021-04-05;1;0;11688;6293;4.2;2.3
976;2021-04-06;162;277;11850;6570;4.2;2.4
976;2021-04-07;237;266;12087;6836;4.3;2.4
976;2021-04-08;285;140;12372;6976;4.4;2.5
976;2021-04-09;249;171;12621;7147;4.5;2.6
976;2021-04-10;181;114;12802;7261;4.6;2.6
976;2021-04-11;7;0;12809;7261;4.6;2.6
976;2021-04-12;0;19;12809;7280;4.6;2.6
976;2021-04-13;394;345;13203;7625;4.7;2.7
976;2021-04-14;239;205;13442;7830;4.8;2.8
976;2021-04-15;209;117;13651;7947;4.9;2.8
976;2021-04-16;214;127;13865;8074;5.0;2.9
976;2021-04-17;226;131;14091;8205;5.0;2.9
976;2021-04-18;1;0;14092;8205;5.0;2.9
976;2021-04-19;7;1;14099;8206;5.0;2.9
976;2021-04-20;369;223;14468;8429;5.2;3.0
976;2021-04-21;413;150;14881;8579;5.3;3.1
976;2021-04-22;410;150;15291;8729;5.5;3.1
976;2021-04-23;367;166;15658;8895;5.6;3.2
976;2021-04-24;413;128;16071;9023;5.8;3.2
976;2021-04-25;2;0;16073;9023;5.8;3.2
976;2021-04-26;55;8;16128;9031;5.8;3.2
976;2021-04-27;351;293;16479;9324;5.9;3.3
976;2021-04-28;357;513;16836;9837;6.0;3.5
976;2021-04-29;559;344;17395;10181;6.2;3.6
976;2021-04-30;408;238;17803;10419;6.4;3.7
976;2021-05-01;673;286;18476;10705;6.6;3.8
976;2021-05-02;0;0;18476;10705;6.6;3.8
976;2021-05-03;141;6;18617;10711;6.7;3.8
976;2021-05-04;353;426;18970;11137;6.8;4.0
976;2021-05-05;448;318;19418;11455;6.9;4.1
976;2021-05-06;320;202;19738;11657;7.1;4.2
976;2021-05-07;341;133;20079;11790;7.2;4.2
976;2021-05-08;305;139;20384;11929;7.3;4.3
976;2021-05-09;0;0;20384;11929;7.3;4.3
976;2021-05-10;9;9;20393;11938;7.3;4.3
976;2021-05-11;363;490;20756;12428;7.4;4.4
976;2021-05-12;334;310;21090;12738;7.5;4.6
976;2021-05-13;126;96;21216;12834;7.6;4.6
976;2021-05-14;0;0;21216;12834;7.6;4.6
976;2021-05-15;486;283;21702;13117;7.8;4.7
976;2021-05-16;1;0;21703;13117;7.8;4.7
976;2021-05-17;124;51;21827;13168;7.8;4.7
976;2021-05-18;517;430;22344;13598;8.0;4.9
976;2021-05-19;653;663;22997;14261;8.2;5.1
976;2021-05-20;1057;498;24054;14759;8.6;5.3
976;2021-05-21;1046;313;25100;15072;9.0;5.4
976;2021-05-22;1243;299;26343;15371;9.4;5.5
976;2021-05-23;0;0;26343;15371;9.4;5.5
976;2021-05-24;1;0;26344;15371;9.4;5.5
976;2021-05-25;890;623;27234;15994;9.7;5.7
976;2021-05-26;1036;842;28270;16836;10.1;6.0
976;2021-05-27;1325;512;29595;17348;10.6;6.2
976;2021-05-28;957;375;30552;17723;10.9;6.3
976;2021-05-29;1131;392;31683;18115;11.3;6.5
976;2021-05-30;1;1;31684;18116;11.3;6.5
976;2021-05-31;105;6;31789;18122;11.4;6.5
976;2021-06-01;1152;652;32941;18774;11.8;6.7
976;2021-06-02;1240;530;34181;19304;12.2;6.9
976;2021-06-03;810;352;34991;19656;12.5;7.0
976;2021-06-04;1002;323;35993;19979;12.9;7.1
976;2021-06-05;679;299;36672;20278;13.1;7.3
976;2021-06-06;1;0;36673;20278;13.1;7.3
976;2021-06-07;91;12;36764;20290;13.2;7.3
976;2021-06-08;960;444;37724;20734;13.5;7.4
976;2021-06-09;971;550;38695;21284;13.8;7.6
976;2021-06-10;703;231;39398;21515;14.1;7.7
976;2021-06-11;849;366;40247;21881;14.4;7.8
976;2021-06-12;585;276;40832;22157;14.6;7.9
976;2021-06-13;2;0;40834;22157;14.6;7.9
976;2021-06-14;187;112;41021;22269;14.7;8.0
976;2021-06-15;415;839;41436;23108;14.8;8.3
976;2021-06-16;892;1442;42328;24550;15.1;8.8
976;2021-06-17;792;660;43120;25210;15.4;9.0
976;2021-06-18;709;621;43829;25831;15.7;9.2
976;2021-06-19;538;643;44367;26474;15.9;9.5
976;2021-06-20;1;0;44368;26474;15.9;9.5
976;2021-06-21;128;132;44496;26606;15.9;9.5
976;2021-06-22;431;1150;44927;27756;16.1;9.9
976;2021-06-23;664;1186;45591;28942;16.3;10.4
976;2021-06-24;469;546;46060;29488;16.5;10.6
976;2021-06-25;544;479;46604;29967;16.7;10.7
976;2021-06-26;388;692;46992;30659;16.8;11.0
976;2021-06-27;1;0;46993;30659;16.8;11.0
976;2021-06-28;107;191;47100;30850;16.9;11.0
976;2021-06-29;735;974;47835;31824;17.1;11.4
976;2021-06-30;698;947;48533;32771;17.4;11.7
976;2021-07-01;581;546;49114;33317;17.6;11.9
976;2021-07-02;452;431;49566;33748;17.7;12.1
976;2021-07-03;446;422;50012;34170;17.9;12.2
976;2021-07-04;2;0;50014;34170;17.9;12.2
976;2021-07-05;121;224;50135;34394;17.9;12.3
976;2021-07-06;503;865;50638;35259;18.1;12.6
976;2021-07-07;771;1013;51409;36272;18.4;13.0
976;2021-07-08;808;634;52217;36906;18.7;13.2
976;2021-07-09;791;519;53008;37425;19.0;13.4
976;2021-07-10;441;320;53449;37745;19.1;13.5
976;2021-07-11;0;0;53449;37745;19.1;13.5
976;2021-07-12;164;172;53613;37917;19.2;13.6
976;2021-07-13;856;1001;54469;38918;19.5;13.9
976;2021-07-14;0;5;54469;38923;19.5;13.9
976;2021-07-15;1229;816;55698;39739;19.9;14.2
976;2021-07-16;1310;660;57008;40399;20.4;14.5
976;2021-07-17;1048;376;58056;40775;20.8;14.6
976;2021-07-18;0;0;58056;40775;20.8;14.6
976;2021-07-19;205;134;58261;40909;20.8;14.6
976;2021-07-20;1160;879;59421;41788;21.3;15.0
976;2021-07-21;32;28;59453;41816;21.3;15.0
976;2021-07-22;1127;664;60580;42480;21.7;15.2
976;2021-07-23;1209;546;61789;43026;22.1;15.4
976;2021-07-24;861;440;62650;43466;22.4;15.6
976;2021-07-25;2;0;62652;43466;22.4;15.6
976;2021-07-26;180;36;62832;43502;22.5;15.6
976;2021-07-27;1140;821;63972;44323;22.9;15.9
976;2021-07-28;1035;636;65007;44959;23.3;16.1
976;2021-07-29;1209;565;66216;45524;23.7;16.3
976;2021-07-30;1208;411;67424;45935;24.1;16.4
976;2021-07-31;764;277;68188;46212;24.4;16.5
976;2021-08-01;0;0;68188;46212;24.4;16.5
976;2021-08-02;310;180;68498;46392;24.5;16.6
976;2021-08-03;1499;931;69997;47323;25.0;16.9
976;2021-08-04;1820;810;71817;48133;25.7;17.2
976;2021-08-05;1461;499;73278;48632;26.2;17.4
976;2021-08-06;1676;500;74954;49132;26.8;17.6
976;2021-08-07;912;355;75866;49487;27.1;17.7
976;2021-08-08;6;1;75872;49488;27.1;17.7
976;2021-08-09;518;235;76390;49723;27.3;17.8
976;2021-08-10;1620;1377;78010;51100;27.9;18.3
976;2021-08-11;2024;1237;80034;52337;28.6;18.7
976;2021-08-12;1692;610;81726;52947;29.2;18.9
976;2021-08-13;1530;530;83256;53477;29.8;19.1
976;2021-08-14;827;450;84083;53927;30.1;19.3
976;2021-08-15;0;0;84083;53927;30.1;19.3
976;2021-08-16;537;287;84620;54214;30.3;19.4
976;2021-08-17;1788;1300;86408;55514;30.9;19.9
976;2021-08-18;2183;1206;88591;56720;31.7;20.3
976;2021-08-19;1941;542;90532;57262;32.4;20.5
976;2021-08-20;1724;537;92256;57799;33.0;20.7
976;2021-08-21;1027;517;93283;58316;33.4;20.9
976;2021-08-22;4;0;93287;58316;33.4;20.9
976;2021-08-23;444;270;93731;58586;33.5;21.0
976;2021-08-24;982;995;94713;59581;33.9;21.3
976;2021-08-25;1028;1285;95741;60866;34.3;21.8
977;2020-12-27;0;0;0;0;0.0;0.0
977;2020-12-28;0;0;0;0;0.0;0.0
977;2020-12-29;0;0;0;0;0.0;0.0
977;2020-12-30;0;0;0;0;0.0;0.0
977;2020-12-31;0;0;0;0;0.0;0.0
977;2021-01-01;0;0;0;0;0.0;0.0
977;2021-01-02;0;0;0;0;0.0;0.0
977;2021-01-03;0;0;0;0;0.0;0.0
977;2021-01-04;0;0;0;0;0.0;0.0
977;2021-01-05;0;0;0;0;0.0;0.0
977;2021-01-06;0;0;0;0;0.0;0.0
977;2021-01-07;0;0;0;0;0.0;0.0
977;2021-01-08;0;0;0;0;0.0;0.0
977;2021-01-09;0;0;0;0;0.0;0.0
977;2021-01-10;0;0;0;0;0.0;0.0
977;2021-01-11;0;0;0;0;0.0;0.0
977;2021-01-12;0;0;0;0;0.0;0.0
977;2021-01-13;0;0;0;0;0.0;0.0
977;2021-01-14;0;0;0;0;0.0;0.0
977;2021-01-15;0;0;0;0;0.0;0.0
977;2021-01-16;0;0;0;0;0.0;0.0
977;2021-01-17;0;0;0;0;0.0;0.0
977;2021-01-18;1;0;1;0;0.0;0.0
977;2021-01-19;0;0;1;0;0.0;0.0
977;2021-01-20;0;0;1;0;0.0;0.0
977;2021-01-21;12;0;13;0;0.1;0.0
977;2021-01-22;12;0;25;0;0.3;0.0
977;2021-01-23;0;0;25;0;0.3;0.0
977;2021-01-24;0;0;25;0;0.3;0.0
977;2021-01-25;0;0;25;0;0.3;0.0
977;2021-01-26;0;0;25;0;0.3;0.0
977;2021-01-27;12;0;37;0;0.4;0.0
977;2021-01-28;1;0;38;0;0.4;0.0
977;2021-01-29;6;0;44;0;0.4;0.0
977;2021-01-30;0;0;44;0;0.4;0.0
977;2021-01-31;0;0;44;0;0.4;0.0
977;2021-02-01;0;0;44;0;0.4;0.0
977;2021-02-02;0;0;44;0;0.4;0.0
977;2021-02-03;11;0;55;0;0.6;0.0
977;2021-02-04;12;0;67;0;0.7;0.0
977;2021-02-05;11;0;78;0;0.8;0.0
977;2021-02-06;0;0;78;0;0.8;0.0
977;2021-02-07;0;0;78;0;0.8;0.0
977;2021-02-08;0;0;78;0;0.8;0.0
977;2021-02-09;14;0;92;0;0.9;0.0
977;2021-02-10;0;0;92;0;0.9;0.0
977;2021-02-11;17;0;109;0;1.1;0.0
977;2021-02-12;45;0;154;0;1.5;0.0
977;2021-02-13;0;0;154;0;1.5;0.0
977;2021-02-14;0;0;154;0;1.5;0.0
977;2021-02-15;0;0;154;0;1.5;0.0
977;2021-02-16;0;0;154;0;1.5;0.0
977;2021-02-17;0;0;154;0;1.5;0.0
977;2021-02-18;18;0;172;0;1.7;0.0
977;2021-02-19;35;0;207;0;2.1;0.0
977;2021-02-20;0;0;207;0;2.1;0.0
977;2021-02-21;0;0;207;0;2.1;0.0
977;2021-02-22;0;0;207;0;2.1;0.0
977;2021-02-23;0;21;207;21;2.1;0.2
977;2021-02-24;0;0;207;21;2.1;0.2
977;2021-02-25;15;9;222;30;2.2;0.3
977;2021-02-26;33;20;255;50;2.6;0.5
977;2021-02-27;0;0;255;50;2.6;0.5
977;2021-02-28;0;0;255;50;2.6;0.5
977;2021-03-01;0;0;255;50;2.6;0.5
977;2021-03-02;19;11;274;61;2.8;0.6
977;2021-03-03;0;0;274;61;2.8;0.6
977;2021-03-04;16;12;290;73;2.9;0.7
977;2021-03-05;35;18;325;91;3.3;0.9
977;2021-03-06;0;0;325;91;3.3;0.9
977;2021-03-07;0;0;325;91;3.3;0.9
977;2021-03-08;0;0;325;91;3.3;0.9
977;2021-03-09;1;0;326;91;3.3;0.9
977;2021-03-10;0;0;326;91;3.3;0.9
977;2021-03-11;20;30;346;121;3.5;1.2
977;2021-03-12;62;41;408;162;4.1;1.6
977;2021-03-13;0;0;408;162;4.1;1.6
977;2021-03-14;0;0;408;162;4.1;1.6
977;2021-03-15;0;0;408;162;4.1;1.6
977;2021-03-16;30;10;438;172;4.4;1.7
977;2021-03-17;0;0;438;172;4.4;1.7
977;2021-03-18;30;16;468;188;4.7;1.9
977;2021-03-19;57;27;525;215;5.3;2.2
977;2021-03-20;0;0;525;215;5.3;2.2
977;2021-03-21;0;0;525;215;5.3;2.2
977;2021-03-22;0;0;525;215;5.3;2.2
977;2021-03-23;0;0;525;215;5.3;2.2
977;2021-03-24;0;0;525;215;5.3;2.2
977;2021-03-25;65;17;590;232;5.9;2.3
977;2021-03-26;73;26;663;258;6.7;2.6
977;2021-03-27;0;0;663;258;6.7;2.6
977;2021-03-28;0;0;663;258;6.7;2.6
977;2021-03-29;0;0;663;258;6.7;2.6
977;2021-03-30;40;18;703;276;7.1;2.8
977;2021-03-31;26;15;729;291;7.3;2.9
977;2021-04-01;25;32;754;323;7.6;3.2
977;2021-04-02;0;0;754;323;7.6;3.2
977;2021-04-03;0;0;754;323;7.6;3.2
977;2021-04-04;0;0;754;323;7.6;3.2
977;2021-04-05;9;0;763;323;7.7;3.2
977;2021-04-06;0;0;763;323;7.7;3.2
977;2021-04-07;0;0;763;323;7.7;3.2
977;2021-04-08;57;46;820;369;8.2;3.7
977;2021-04-09;58;31;878;400;8.8;4.0
977;2021-04-10;0;0;878;400;8.8;4.0
977;2021-04-11;0;0;878;400;8.8;4.0
977;2021-04-12;0;0;878;400;8.8;4.0
977;2021-04-13;0;0;878;400;8.8;4.0
977;2021-04-14;5;5;883;405;8.9;4.1
977;2021-04-15;56;70;939;475;9.4;4.8
977;2021-04-16;90;35;1029;510;10.3;5.1
977;2021-04-17;0;1;1029;511;10.3;5.1
977;2021-04-18;0;0;1029;511;10.3;5.1
977;2021-04-19;1;0;1030;511;10.3;5.1
977;2021-04-20;335;62;1365;573;13.7;5.8
977;2021-04-21;337;30;1702;603;17.1;6.1
977;2021-04-22;284;48;1986;651;19.9;6.5
977;2021-04-23;260;42;2246;693;22.5;7.0
977;2021-04-24;231;1;2477;694;24.9;7.0
977;2021-04-25;0;0;2477;694;24.9;7.0
977;2021-04-26;283;19;2760;713;27.7;7.2
977;2021-04-27;224;68;2984;781;30.0;7.8
977;2021-04-28;192;26;3176;807;31.9;8.1
977;2021-04-29;170;23;3346;830;33.6;8.3
977;2021-04-30;172;17;3518;847;35.3;8.5
977;2021-05-01;203;11;3721;858;37.4;8.6
977;2021-05-02;0;0;3721;858;37.4;8.6
977;2021-05-03;135;9;3856;867;38.7;8.7
977;2021-05-04;161;53;4017;920;40.3;9.2
977;2021-05-05;221;28;4238;948;42.5;9.5
977;2021-05-06;175;33;4413;981;44.3;9.8
977;2021-05-07;149;31;4562;1012;45.8;10.2
977;2021-05-08;1;0;4563;1012;45.8;10.2
977;2021-05-09;0;0;4563;1012;45.8;10.2
977;2021-05-10;0;0;4563;1012;45.8;10.2
977;2021-05-11;3;41;4566;1053;45.8;10.6
977;2021-05-12;6;36;4572;1089;45.9;10.9
977;2021-05-13;0;0;4572;1089;45.9;10.9
977;2021-05-14;28;98;4600;1187;46.2;11.9
977;2021-05-15;0;0;4600;1187;46.2;11.9
977;2021-05-16;1;0;4601;1187;46.2;11.9
977;2021-05-17;1;14;4602;1201;46.2;12.1
977;2021-05-18;17;32;4619;1233;46.4;12.4
977;2021-05-19;0;1;4619;1234;46.4;12.4
977;2021-05-20;0;8;4619;1242;46.4;12.5
977;2021-05-21;12;31;4631;1273;46.5;12.8
977;2021-05-22;0;0;4631;1273;46.5;12.8
977;2021-05-23;0;0;4631;1273;46.5;12.8
977;2021-05-24;0;0;4631;1273;46.5;12.8
977;2021-05-25;50;331;4681;1604;47.0;16.1
977;2021-05-26;54;360;4735;1964;47.5;19.7
977;2021-05-27;34;317;4769;2281;47.9;22.9
977;2021-05-28;27;256;4796;2537;48.1;25.5
977;2021-05-29;35;375;4831;2912;48.5;29.2
977;2021-05-30;1;0;4832;2912;48.5;29.2
977;2021-05-31;45;216;4877;3128;49.0;31.4
977;2021-06-01;48;227;4925;3355;49.4;33.7
977;2021-06-02;69;273;4994;3628;50.1;36.4
977;2021-06-03;41;252;5035;3880;50.5;39.0
977;2021-06-04;80;270;5115;4150;51.4;41.7
977;2021-06-05;1;0;5116;4150;51.4;41.7
977;2021-06-06;0;0;5116;4150;51.4;41.7
977;2021-06-07;1;1;5117;4151;51.4;41.7
977;2021-06-08;8;2;5125;4153;51.5;41.7
977;2021-06-09;0;3;5125;4156;51.5;41.7
977;2021-06-10;8;4;5133;4160;51.5;41.8
977;2021-06-11;4;8;5137;4168;51.6;41.8
977;2021-06-12;16;59;5153;4227;51.7;42.4
977;2021-06-13;0;0;5153;4227;51.7;42.4
977;2021-06-14;0;0;5153;4227;51.7;42.4
977;2021-06-15;0;1;5153;4228;51.7;42.4
977;2021-06-16;0;0;5153;4228;51.7;42.4
977;2021-06-17;2;6;5155;4234;51.8;42.5
977;2021-06-18;0;2;5155;4236;51.8;42.5
977;2021-06-19;25;49;5180;4285;52.0;43.0
977;2021-06-20;0;0;5180;4285;52.0;43.0
977;2021-06-21;1;2;5181;4287;52.0;43.0
977;2021-06-22;9;0;5190;4287;52.1;43.0
977;2021-06-23;15;9;5205;4296;52.3;43.1
977;2021-06-24;10;5;5215;4301;52.4;43.2
977;2021-06-25;0;0;5215;4301;52.4;43.2
977;2021-06-26;25;45;5240;4346;52.6;43.6
977;2021-06-27;0;0;5240;4346;52.6;43.6
977;2021-06-28;0;0;5240;4346;52.6;43.6
977;2021-06-29;0;0;5240;4346;52.6;43.6
977;2021-06-30;0;0;5240;4346;52.6;43.6
977;2021-07-01;28;36;5268;4382;52.9;44.0
977;2021-07-02;26;31;5294;4413;53.1;44.3
977;2021-07-03;29;215;5323;4628;53.4;46.5
977;2021-07-04;0;0;5323;4628;53.4;46.5
977;2021-07-05;4;8;5327;4636;53.5;46.5
977;2021-07-06;0;0;5327;4636;53.5;46.5
977;2021-07-07;8;0;5335;4636;53.6;46.5
977;2021-07-08;33;23;5368;4659;53.9;46.8
977;2021-07-09;23;32;5391;4691;54.1;47.1
977;2021-07-10;33;45;5424;4736;54.5;47.5
977;2021-07-11;0;0;5424;4736;54.5;47.5
977;2021-07-12;0;1;5424;4737;54.5;47.6
977;2021-07-13;10;10;5434;4747;54.6;47.7
977;2021-07-14;0;0;5434;4747;54.6;47.7
977;2021-07-15;1;11;5435;4758;54.6;47.8
977;2021-07-16;44;51;5479;4809;55.0;48.3
977;2021-07-17;34;39;5513;4848;55.3;48.7
977;2021-07-18;1;0;5514;4848;55.4;48.7
977;2021-07-19;3;2;5517;4850;55.4;48.7
977;2021-07-20;3;1;5520;4851;55.4;48.7
977;2021-07-21;33;16;5553;4867;55.7;48.9
977;2021-07-22;36;33;5589;4900;56.1;49.2
977;2021-07-23;32;29;5621;4929;56.4;49.5
977;2021-07-24;43;26;5664;4955;56.9;49.7
977;2021-07-25;0;0;5664;4955;56.9;49.7
977;2021-07-26;13;9;5677;4964;57.0;49.8
977;2021-07-27;0;10;5677;4974;57.0;49.9
977;2021-07-28;31;14;5708;4988;57.3;50.1
977;2021-07-29;33;32;5741;5020;57.6;50.4
977;2021-07-30;31;28;5772;5048;57.9;50.7
977;2021-07-31;53;24;5825;5072;58.5;50.9
977;2021-08-01;0;0;5825;5072;58.5;50.9
977;2021-08-02;11;1;5836;5073;58.6;50.9
977;2021-08-03;0;0;5836;5073;58.6;50.9
977;2021-08-04;41;14;5877;5087;59.0;51.1
977;2021-08-05;28;30;5905;5117;59.3;51.4
977;2021-08-06;35;35;5940;5152;59.6;51.7
977;2021-08-07;56;27;5996;5179;60.2;52.0
977;2021-08-08;0;0;5996;5179;60.2;52.0
977;2021-08-09;7;5;6003;5184;60.3;52.0
977;2021-08-10;14;9;6017;5193;60.4;52.1
977;2021-08-11;36;18;6053;5211;60.8;52.3
977;2021-08-12;24;30;6077;5241;61.0;52.6
977;2021-08-13;32;14;6109;5255;61.3;52.8
977;2021-08-14;20;27;6129;5282;61.5;53.0
977;2021-08-15;0;0;6129;5282;61.5;53.0
977;2021-08-16;14;31;6143;5313;61.7;53.3
977;2021-08-17;15;8;6158;5321;61.8;53.4
977;2021-08-18;24;28;6182;5349;62.1;53.7
977;2021-08-19;31;35;6213;5384;62.4;54.1
977;2021-08-20;27;41;6240;5425;62.6;54.5
977;2021-08-21;34;39;6274;5464;63.0;54.9
977;2021-08-22;6;0;6280;5464;63.0;54.9
977;2021-08-23;3;11;6283;5475;63.1;55.0
977;2021-08-24;8;3;6291;5478;63.2;55.0
977;2021-08-25;20;37;6311;5515;63.4;55.4
978;2020-12-27;0;0;0;0;0.0;0.0
978;2020-12-28;0;0;0;0;0.0;0.0
978;2020-12-29;0;0;0;0;0.0;0.0
978;2020-12-30;0;0;0;0;0.0;0.0
978;2020-12-31;0;0;0;0;0.0;0.0
978;2021-01-01;0;0;0;0;0.0;0.0
978;2021-01-02;0;0;0;0;0.0;0.0
978;2021-01-03;0;0;0;0;0.0;0.0
978;2021-01-04;0;0;0;0;0.0;0.0
978;2021-01-05;0;0;0;0;0.0;0.0
978;2021-01-06;0;0;0;0;0.0;0.0
978;2021-01-07;0;0;0;0;0.0;0.0
978;2021-01-08;0;0;0;0;0.0;0.0
978;2021-01-09;0;0;0;0;0.0;0.0
978;2021-01-10;0;0;0;0;0.0;0.0
978;2021-01-11;0;0;0;0;0.0;0.0
978;2021-01-12;0;0;0;0;0.0;0.0
978;2021-01-13;10;0;10;0;0.0;0.0
978;2021-01-14;12;0;22;0;0.1;0.0
978;2021-01-15;9;0;31;0;0.1;0.0
978;2021-01-16;0;0;31;0;0.1;0.0
978;2021-01-17;0;0;31;0;0.1;0.0
978;2021-01-18;0;0;31;0;0.1;0.0
978;2021-01-19;12;0;43;0;0.1;0.0
978;2021-01-20;13;0;56;0;0.2;0.0
978;2021-01-21;6;0;62;0;0.2;0.0
978;2021-01-22;0;0;62;0;0.2;0.0
978;2021-01-23;0;0;62;0;0.2;0.0
978;2021-01-24;0;0;62;0;0.2;0.0
978;2021-01-25;0;0;62;0;0.2;0.0
978;2021-01-26;9;0;71;0;0.2;0.0
978;2021-01-27;10;0;81;0;0.2;0.0
978;2021-01-28;6;1;87;1;0.2;0.0
978;2021-01-29;0;0;87;1;0.2;0.0
978;2021-01-30;0;0;87;1;0.2;0.0
978;2021-01-31;0;0;87;1;0.2;0.0
978;2021-02-01;1;0;88;1;0.2;0.0
978;2021-02-02;39;0;127;1;0.4;0.0
978;2021-02-03;11;0;138;1;0.4;0.0
978;2021-02-04;31;0;169;1;0.5;0.0
978;2021-02-05;6;0;175;1;0.5;0.0
978;2021-02-06;0;0;175;1;0.5;0.0
978;2021-02-07;0;0;175;1;0.5;0.0
978;2021-02-08;0;0;175;1;0.5;0.0
978;2021-02-09;38;0;213;1;0.6;0.0
978;2021-02-10;27;1;240;2;0.7;0.0
978;2021-02-11;0;0;240;2;0.7;0.0
978;2021-02-12;36;0;276;2;0.8;0.0
978;2021-02-13;0;0;276;2;0.8;0.0
978;2021-02-14;0;0;276;2;0.8;0.0
978;2021-02-15;50;1;326;3;0.9;0.0
978;2021-02-16;0;0;326;3;0.9;0.0
978;2021-02-17;0;0;326;3;0.9;0.0
978;2021-02-18;28;0;354;3;1.0;0.0
978;2021-02-19;44;0;398;3;1.1;0.0
978;2021-02-20;0;0;398;3;1.1;0.0
978;2021-02-21;0;0;398;3;1.1;0.0
978;2021-02-22;45;4;443;7;1.3;0.0
978;2021-02-23;41;29;484;36;1.4;0.1
978;2021-02-24;35;1;519;37;1.5;0.1
978;2021-02-25;55;36;574;73;1.6;0.2
978;2021-02-26;39;5;613;78;1.7;0.2
978;2021-02-27;0;0;613;78;1.7;0.2
978;2021-02-28;0;0;613;78;1.7;0.2
978;2021-03-01;49;5;662;83;1.9;0.2
978;2021-03-02;7;27;669;110;1.9;0.3
978;2021-03-03;52;28;721;138;2.0;0.4
978;2021-03-04;31;26;752;164;2.1;0.5
978;2021-03-05;46;10;798;174;2.3;0.5
978;2021-03-06;0;0;798;174;2.3;0.5
978;2021-03-07;0;0;798;174;2.3;0.5
978;2021-03-08;32;7;830;181;2.3;0.5
978;2021-03-09;19;27;849;208;2.4;0.6
978;2021-03-10;35;28;884;236;2.5;0.7
978;2021-03-11;2;0;886;236;2.5;0.7
978;2021-03-12;52;21;938;257;2.7;0.7
978;2021-03-13;13;0;951;257;2.7;0.7
978;2021-03-14;0;0;951;257;2.7;0.7
978;2021-03-15;31;41;982;298;2.8;0.8
978;2021-03-16;73;6;1055;304;3.0;0.9
978;2021-03-17;67;13;1122;317;3.2;0.9
978;2021-03-18;82;39;1204;356;3.4;1.0
978;2021-03-19;32;50;1236;406;3.5;1.1
978;2021-03-20;0;0;1236;406;3.5;1.1
978;2021-03-21;0;0;1236;406;3.5;1.1
978;2021-03-22;35;45;1271;451;3.6;1.3
978;2021-03-23;30;43;1301;494;3.7;1.4
978;2021-03-24;38;42;1339;536;3.8;1.5
978;2021-03-25;95;34;1434;570;4.1;1.6
978;2021-03-26;45;33;1479;603;4.2;1.7
978;2021-03-27;94;3;1573;606;4.5;1.7
978;2021-03-28;0;0;1573;606;4.5;1.7
978;2021-03-29;69;48;1642;654;4.6;1.9
978;2021-03-30;98;24;1740;678;4.9;1.9
978;2021-03-31;90;49;1830;727;5.2;2.1
978;2021-04-01;57;48;1887;775;5.3;2.2
978;2021-04-02;0;0;1887;775;5.3;2.2
978;2021-04-03;1;0;1888;775;5.3;2.2
978;2021-04-04;0;0;1888;775;5.3;2.2
978;2021-04-05;2;0;1890;775;5.3;2.2
978;2021-04-06;49;63;1939;838;5.5;2.4
978;2021-04-07;93;33;2032;871;5.8;2.5
978;2021-04-08;120;7;2152;878;6.1;2.5
978;2021-04-09;90;39;2242;917;6.3;2.6
978;2021-04-10;169;12;2411;929;6.8;2.6
978;2021-04-11;0;0;2411;929;6.8;2.6
978;2021-04-12;42;75;2453;1004;6.9;2.8
978;2021-04-13;49;71;2502;1075;7.1;3.0
978;2021-04-14;82;45;2584;1120;7.3;3.2
978;2021-04-15;92;22;2676;1142;7.6;3.2
978;2021-04-16;77;42;2753;1184;7.8;3.4
978;2021-04-17;165;4;2918;1188;8.3;3.4
978;2021-04-18;0;0;2918;1188;8.3;3.4
978;2021-04-19;52;67;2970;1255;8.4;3.6
978;2021-04-20;83;27;3053;1282;8.6;3.6
978;2021-04-21;91;29;3144;1311;8.9;3.7
978;2021-04-22;101;20;3245;1331;9.2;3.8
978;2021-04-23;45;66;3290;1397;9.3;4.0
978;2021-04-24;99;78;3389;1475;9.6;4.2
978;2021-04-25;0;0;3389;1475;9.6;4.2
978;2021-04-26;29;91;3418;1566;9.7;4.4
978;2021-04-27;59;63;3477;1629;9.8;4.6
978;2021-04-28;93;39;3570;1668;10.1;4.7
978;2021-04-29;89;31;3659;1699;10.4;4.8
978;2021-04-30;104;14;3763;1713;10.6;4.8
978;2021-05-01;0;8;3763;1721;10.6;4.9
978;2021-05-02;0;0;3763;1721;10.6;4.9
978;2021-05-03;25;99;3788;1820;10.7;5.2
978;2021-05-04;159;102;3947;1922;11.2;5.4
978;2021-05-05;142;59;4089;1981;11.6;5.6
978;2021-05-06;199;49;4288;2030;12.1;5.7
978;2021-05-07;127;71;4415;2101;12.5;5.9
978;2021-05-08;69;122;4484;2223;12.7;6.3
978;2021-05-09;0;0;4484;2223;12.7;6.3
978;2021-05-10;124;99;4608;2322;13.0;6.6
978;2021-05-11;132;72;4740;2394;13.4;6.8
978;2021-05-12;156;78;4896;2472;13.9;7.0
978;2021-05-13;83;6;4979;2478;14.1;7.0
978;2021-05-14;130;62;5109;2540;14.5;7.2
978;2021-05-15;87;4;5196;2544;14.7;7.2
978;2021-05-16;0;0;5196;2544;14.7;7.2
978;2021-05-17;146;115;5342;2659;15.1;7.5
978;2021-05-18;151;94;5493;2753;15.5;7.8
978;2021-05-19;84;69;5577;2822;15.8;8.0
978;2021-05-20;104;26;5681;2848;16.1;8.1
978;2021-05-21;98;52;5779;2900;16.4;8.2
978;2021-05-22;100;11;5879;2911;16.6;8.2
978;2021-05-23;0;0;5879;2911;16.6;8.2
978;2021-05-24;33;7;5912;2918;16.7;8.3
978;2021-05-25;119;78;6031;2996;17.1;8.5
978;2021-05-26;109;49;6140;3045;17.4;8.6
978;2021-05-27;112;42;6252;3087;17.7;8.7
978;2021-05-28;33;1;6285;3088;17.8;8.7
978;2021-05-29;60;213;6345;3301;18.0;9.3
978;2021-05-30;0;0;6345;3301;18.0;9.3
978;2021-05-31;112;63;6457;3364;18.3;9.5
978;2021-06-01;116;62;6573;3426;18.6;9.7
978;2021-06-02;131;33;6704;3459;19.0;9.8
978;2021-06-03;102;38;6806;3497;19.3;9.9
978;2021-06-04;128;70;6934;3567;19.6;10.1
978;2021-06-05;83;21;7017;3588;19.9;10.2
978;2021-06-06;0;0;7017;3588;19.9;10.2
978;2021-06-07;96;96;7113;3684;20.1;10.4
978;2021-06-08;82;89;7195;3773;20.4;10.7
978;2021-06-09;99;73;7294;3846;20.6;10.9
978;2021-06-10;112;63;7406;3909;21.0;11.1
978;2021-06-11;116;106;7522;4015;21.3;11.4
978;2021-06-12;57;30;7579;4045;21.4;11.4
978;2021-06-13;0;0;7579;4045;21.4;11.4
978;2021-06-14;106;127;7685;4172;21.7;11.8
978;2021-06-15;88;120;7773;4292;22.0;12.1
978;2021-06-16;105;148;7878;4440;22.3;12.6
978;2021-06-17;85;72;7963;4512;22.5;12.8
978;2021-06-18;67;99;8030;4611;22.7;13.0
978;2021-06-19;65;79;8095;4690;22.9;13.3
978;2021-06-20;0;0;8095;4690;22.9;13.3
978;2021-06-21;78;150;8173;4840;23.1;13.7
978;2021-06-22;71;103;8244;4943;23.3;14.0
978;2021-06-23;68;115;8312;5058;23.5;14.3
978;2021-06-24;44;75;8356;5133;23.6;14.5
978;2021-06-25;63;100;8419;5233;23.8;14.8
978;2021-06-26;35;61;8454;5294;23.9;15.0
978;2021-06-27;0;0;8454;5294;23.9;15.0
978;2021-06-28;74;131;8528;5425;24.1;15.4
978;2021-06-29;62;104;8590;5529;24.3;15.6
978;2021-06-30;56;110;8646;5639;24.5;16.0
978;2021-07-01;42;87;8688;5726;24.6;16.2
978;2021-07-02;52;90;8740;5816;24.7;16.5
978;2021-07-03;40;90;8780;5906;24.8;16.7
978;2021-07-04;0;1;8780;5907;24.8;16.7
978;2021-07-05;67;93;8847;6000;25.0;17.0
978;2021-07-06;55;75;8902;6075;25.2;17.2
978;2021-07-07;55;123;8957;6198;25.3;17.5
978;2021-07-08;54;107;9011;6305;25.5;17.8
978;2021-07-09;46;92;9057;6397;25.6;18.1
978;2021-07-10;38;85;9095;6482;25.7;18.3
978;2021-07-11;0;4;9095;6486;25.7;18.4
978;2021-07-12;71;130;9166;6616;25.9;18.7
978;2021-07-13;146;162;9312;6778;26.4;19.2
978;2021-07-14;3;0;9315;6778;26.4;19.2
978;2021-07-15;162;195;9477;6973;26.8;19.7
978;2021-07-16;113;113;9590;7086;27.1;20.1
978;2021-07-17;52;100;9642;7186;27.3;20.3
978;2021-07-18;0;0;9642;7186;27.3;20.3
978;2021-07-19;99;133;9741;7319;27.6;20.7
978;2021-07-20;80;74;9821;7393;27.8;20.9
978;2021-07-21;63;50;9884;7443;28.0;21.1
978;2021-07-22;99;115;9983;7558;28.3;21.4
978;2021-07-23;67;98;10050;7656;28.4;21.7
978;2021-07-24;20;35;10070;7691;28.5;21.8
978;2021-07-25;0;0;10070;7691;28.5;21.8
978;2021-07-26;99;116;10169;7807;28.8;22.1
978;2021-07-27;69;144;10238;7951;29.0;22.5
978;2021-07-28;72;127;10310;8078;29.2;22.9
978;2021-07-29;80;99;10390;8177;29.4;23.1
978;2021-07-30;82;116;10472;8293;29.6;23.5
978;2021-07-31;49;67;10521;8360;29.8;23.7
978;2021-08-01;0;0;10521;8360;29.8;23.7
978;2021-08-02;65;95;10586;8455;30.0;23.9
978;2021-08-03;60;94;10646;8549;30.1;24.2
978;2021-08-04;63;55;10709;8604;30.3;24.4
978;2021-08-05;48;70;10757;8674;30.4;24.5
978;2021-08-06;74;128;10831;8802;30.7;24.9
978;2021-08-07;43;45;10874;8847;30.8;25.0
978;2021-08-08;0;0;10874;8847;30.8;25.0
978;2021-08-09;138;150;11012;8997;31.2;25.5
978;2021-08-10;82;93;11094;9090;31.4;25.7
978;2021-08-11;106;100;11200;9190;31.7;26.0
978;2021-08-12;99;99;11299;9289;32.0;26.3
978;2021-08-13;131;74;11430;9363;32.3;26.5
978;2021-08-14;74;99;11504;9462;32.6;26.8
978;2021-08-15;0;0;11504;9462;32.6;26.8
978;2021-08-16;45;70;11549;9532;32.7;27.0
978;2021-08-17;32;33;11581;9565;32.8;27.1
978;2021-08-18;35;55;11616;9620;32.9;27.2
978;2021-08-19;34;25;11650;9645;33.0;27.3
978;2021-08-20;46;60;11696;9705;33.1;27.5
978;2021-08-21;0;0;11696;9705;33.1;27.5
978;2021-08-22;0;0;11696;9705;33.1;27.5
978;2021-08-23;51;86;11747;9791;33.2;27.7
978;2021-08-24;31;51;11778;9842;33.3;27.9
978;2021-08-25;26;51;11804;9893;33.4;28.0
