dep;jour;n_dose1;n_complet;n_rappel;n_cum_dose1;n_cum_complet;n_cum_rappel;couv_dose1;couv_complet;couv_rappel
01;2020-12-27;0;0;0;0;0;0;0.0;0.0;0.0
01;2020-12-28;0;0;0;0;0;0;0.0;0.0;0.0
01;2020-12-29;0;0;0;0;0;0;0.0;0.0;0.0
01;2020-12-30;0;0;0;0;0;0;0.0;0.0;0.0
01;2020-12-31;0;0;0;0;0;0;0.0;0.0;0.0
01;2021-01-01;0;0;0;0;0;0;0.0;0.0;0.0
01;2021-01-02;0;0;0;0;0;0;0.0;0.0;0.0
01;2021-01-03;0;0;0;0;0;0;0.0;0.0;0.0
01;2021-01-04;0;0;0;0;0;0;0.0;0.0;0.0
01;2021-01-05;10;2;0;10;2;0;0.0;0.0;0.0
01;2021-01-06;21;0;0;31;2;0;0.0;0.0;0.0
01;2021-01-07;112;0;0;143;2;0;0.0;0.0;0.0
01;2021-01-08;234;1;0;377;3;0;0.1;0.0;0.0
01;2021-01-09;30;1;0;407;4;0;0.1;0.0;0.0
01;2021-01-10;0;0;0;407;4;0;0.1;0.0;0.0
01;2021-01-11;224;0;0;631;4;0;0.1;0.0;0.0
01;2021-01-12;408;1;0;1039;5;0;0.2;0.0;0.0
01;2021-01-13;535;1;0;1574;6;0;0.2;0.0;0.0
01;2021-01-14;638;6;0;2212;12;0;0.3;0.0;0.0
01;2021-01-15;536;5;0;2748;17;0;0.4;0.0;0.0
01;2021-01-16;222;0;0;2970;17;0;0.5;0.0;0.0
01;2021-01-17;127;0;0;3097;17;0;0.5;0.0;0.0
01;2021-01-18;529;5;0;3626;22;0;0.6;0.0;0.0
01;2021-01-19;1103;3;0;4729;25;0;0.7;0.0;0.0
01;2021-01-20;1349;5;0;6078;30;0;0.9;0.0;0.0
01;2021-01-21;1225;9;0;7303;39;0;1.1;0.0;0.0
01;2021-01-22;828;3;0;8131;42;0;1.2;0.0;0.0
01;2021-01-23;283;2;0;8414;44;0;1.3;0.0;0.0
01;2021-01-24;72;1;0;8486;45;0;1.3;0.0;0.0
01;2021-01-25;635;2;0;9121;47;0;1.4;0.0;0.0
01;2021-01-26;814;5;0;9935;52;0;1.5;0.0;0.0
01;2021-01-27;664;15;0;10599;67;0;1.6;0.0;0.0
01;2021-01-28;753;81;0;11352;148;0;1.7;0.0;0.0
01;2021-01-29;690;140;0;12042;288;0;1.8;0.0;0.0
01;2021-01-30;229;14;0;12271;302;0;1.9;0.0;0.0
01;2021-01-31;57;0;0;12328;302;0;1.9;0.0;0.0
01;2021-02-01;522;130;0;12850;432;0;2.0;0.1;0.0
01;2021-02-02;528;230;0;13378;662;0;2.0;0.1;0.0
01;2021-02-03;450;326;0;13828;988;0;2.1;0.2;0.0
01;2021-02-04;548;484;0;14376;1472;0;2.2;0.2;0.0
01;2021-02-05;471;337;0;14847;1809;0;2.3;0.3;0.0
01;2021-02-06;266;139;0;15113;1948;0;2.3;0.3;0.0
01;2021-02-07;6;103;0;15119;2051;0;2.3;0.3;0.0
01;2021-02-08;553;469;0;15672;2520;0;2.4;0.4;0.0
01;2021-02-09;810;907;0;16482;3427;0;2.5;0.5;0.0
01;2021-02-10;890;765;0;17372;4192;0;2.6;0.6;0.0
01;2021-02-11;852;882;0;18224;5074;0;2.8;0.8;0.0
01;2021-02-12;701;608;0;18925;5682;0;2.9;0.9;0.0
01;2021-02-13;201;175;0;19126;5857;0;2.9;0.9;0.0
01;2021-02-14;6;12;0;19132;5869;0;2.9;0.9;0.0
01;2021-02-15;447;534;0;19579;6403;0;3.0;1.0;0.0
01;2021-02-16;656;500;0;20235;6903;0;3.1;1.1;0.0
01;2021-02-17;534;390;0;20769;7293;0;3.2;1.1;0.0
01;2021-02-18;610;637;0;21379;7930;0;3.3;1.2;0.0
01;2021-02-19;601;332;0;21980;8262;0;3.3;1.3;0.0
01;2021-02-20;170;137;0;22150;8399;0;3.4;1.3;0.0
01;2021-02-21;2;0;0;22152;8399;0;3.4;1.3;0.0
01;2021-02-22;462;639;0;22614;9038;0;3.4;1.4;0.0
01;2021-02-23;484;669;0;23098;9707;0;3.5;1.5;0.0
01;2021-02-24;448;534;0;23546;10241;0;3.6;1.6;0.0
01;2021-02-25;839;692;0;24385;10933;0;3.7;1.7;0.0
01;2021-02-26;969;590;0;25354;11523;0;3.9;1.8;0.0
01;2021-02-27;449;112;0;25803;11635;0;3.9;1.8;0.0
01;2021-02-28;29;8;0;25832;11643;0;3.9;1.8;0.0
01;2021-03-01;651;505;0;26483;12148;0;4.0;1.8;0.0
01;2021-03-02;1065;590;0;27548;12738;0;4.2;1.9;0.0
01;2021-03-03;1072;673;0;28620;13411;0;4.4;2.0;0.0
01;2021-03-04;1380;665;0;30000;14076;0;4.6;2.1;0.0
01;2021-03-05;1517;548;0;31517;14624;0;4.8;2.2;0.0
01;2021-03-06;873;118;0;32390;14742;0;4.9;2.2;0.0
01;2021-03-07;97;3;0;32487;14745;0;4.9;2.2;0.0
01;2021-03-08;846;729;0;33333;15474;0;5.1;2.4;0.0
01;2021-03-09;1517;655;0;34850;16129;0;5.3;2.5;0.0
01;2021-03-10;1316;632;0;36166;16761;0;5.5;2.6;0.0
01;2021-03-11;1919;719;0;38085;17480;0;5.8;2.7;0.0
01;2021-03-12;2331;750;0;40416;18230;0;6.2;2.8;0.0
01;2021-03-13;1683;97;0;42099;18327;0;6.4;2.8;0.0
01;2021-03-14;280;59;0;42379;18386;0;6.5;2.8;0.0
01;2021-03-15;1278;474;0;43657;18860;0;6.6;2.9;0.0
01;2021-03-16;1224;557;0;44881;19417;0;6.8;3.0;0.0
01;2021-03-17;1111;361;0;45992;19778;0;7.0;3.0;0.0
01;2021-03-18;1492;552;0;47484;20330;0;7.2;3.1;0.0
01;2021-03-19;1891;582;0;49375;20912;0;7.5;3.2;0.0
01;2021-03-20;1449;109;0;50824;21021;0;7.7;3.2;0.0
01;2021-03-21;148;12;0;50972;21033;0;7.8;3.2;0.0
01;2021-03-22;1639;534;0;52611;21567;0;8.0;3.3;0.0
01;2021-03-23;2324;656;0;54935;22223;0;8.4;3.4;0.0
01;2021-03-24;1732;487;0;56667;22710;0;8.6;3.5;0.0
01;2021-03-25;3016;661;0;59683;23371;0;9.1;3.6;0.0
01;2021-03-26;3035;590;0;62718;23961;0;9.5;3.6;0.0
01;2021-03-27;1346;144;0;64064;24105;0;9.8;3.7;0.0
01;2021-03-28;79;9;0;64143;24114;0;9.8;3.7;0.0
01;2021-03-29;1932;648;0;66075;24762;0;10.1;3.8;0.0
01;2021-03-30;2539;830;0;68614;25592;0;10.4;3.9;0.0
01;2021-03-31;1970;808;0;70584;26400;0;10.7;4.0;0.0
01;2021-04-01;2721;946;0;73305;27346;0;11.2;4.2;0.0
01;2021-04-02;2920;835;0;76225;28181;0;11.6;4.3;0.0
01;2021-04-03;1356;215;0;77581;28396;0;11.8;4.3;0.0
01;2021-04-04;247;34;0;77828;28430;0;11.8;4.3;0.0
01;2021-04-05;1317;85;0;79145;28515;0;12.0;4.3;0.0
01;2021-04-06;2782;963;0;81927;29478;0;12.5;4.5;0.0
01;2021-04-07;2737;911;0;84664;30389;0;12.9;4.6;0.0
01;2021-04-08;3379;1205;0;88043;31594;0;13.4;4.8;0.0
01;2021-04-09;4033;1506;0;92076;33100;0;14.0;5.0;0.0
01;2021-04-10;1751;361;0;93827;33461;0;14.3;5.1;0.0
01;2021-04-11;156;109;0;93983;33570;0;14.3;5.1;0.0
01;2021-04-12;2728;1343;0;96711;34913;0;14.7;5.3;0.0
01;2021-04-13;2886;1549;0;99597;36462;0;15.2;5.6;0.0
01;2021-04-14;3037;1289;0;102634;37751;0;15.6;5.7;0.0
01;2021-04-15;3140;1552;0;105774;39303;0;16.1;6.0;0.0
01;2021-04-16;2981;1608;0;108755;40911;0;16.6;6.2;0.0
01;2021-04-17;1747;726;0;110502;41637;0;16.8;6.3;0.0
01;2021-04-18;166;61;0;110668;41698;0;16.8;6.3;0.0
01;2021-04-19;2240;1666;0;112908;43364;0;17.2;6.6;0.0
01;2021-04-20;2638;1669;0;115546;45033;0;17.6;6.9;0.0
01;2021-04-21;2726;1519;0;118272;46552;0;18.0;7.1;0.0
01;2021-04-22;2930;1768;0;121202;48320;0;18.4;7.4;0.0
01;2021-04-23;2861;1607;0;124063;49927;0;18.9;7.6;0.0
01;2021-04-24;1337;590;0;125400;50517;0;19.1;7.7;0.0
01;2021-04-25;142;30;0;125542;50547;0;19.1;7.7;0.0
01;2021-04-26;2114;1807;0;127656;52354;0;19.4;8.0;0.0
01;2021-04-27;2654;1656;0;130310;54010;0;19.8;8.2;0.0
01;2021-04-28;2642;1597;0;132952;55607;0;20.2;8.5;0.0
01;2021-04-29;2963;1886;0;135915;57493;0;20.7;8.8;0.0
01;2021-04-30;3280;2399;0;139195;59892;0;21.2;9.1;0.0
01;2021-05-01;1371;793;0;140566;60685;0;21.4;9.2;0.0
01;2021-05-02;673;297;0;141239;60982;0;21.5;9.3;0.0
01;2021-05-03;2573;2655;0;143812;63637;0;21.9;9.7;0.0
01;2021-05-04;2715;2814;0;146527;66451;0;22.3;10.1;0.0
01;2021-05-05;3084;2585;0;149611;69036;0;22.8;10.5;0.0
01;2021-05-06;3500;2732;0;153111;71768;0;23.3;10.9;0.0
01;2021-05-07;3633;2892;0;156744;74660;0;23.9;11.4;0.0
01;2021-05-08;1570;940;0;158314;75600;0;24.1;11.5;0.0
01;2021-05-09;1164;253;0;159478;75853;0;24.3;11.5;0.0
01;2021-05-10;2881;3073;0;162359;78926;0;24.7;12.0;0.0
01;2021-05-11;3996;3138;0;166355;82064;0;25.3;12.5;0.0
01;2021-05-12;4071;3117;0;170426;85181;0;25.9;13.0;0.0
01;2021-05-13;3538;1414;0;173964;86595;0;26.5;13.2;0.0
01;2021-05-14;4459;2401;0;178423;88996;0;27.2;13.5;0.0
01;2021-05-15;3043;1447;0;181466;90443;0;27.6;13.8;0.0
01;2021-05-16;1561;223;0;183027;90666;0;27.9;13.8;0.0
01;2021-05-17;3663;2589;0;186690;93255;0;28.4;14.2;0.0
01;2021-05-18;4289;2227;0;190979;95482;0;29.1;14.5;0.0
01;2021-05-19;4448;2069;0;195427;97551;0;29.7;14.8;0.0
01;2021-05-20;4565;2207;0;199992;99758;0;30.4;15.2;0.0
01;2021-05-21;4490;2376;0;204482;102134;0;31.1;15.5;0.0
01;2021-05-22;3199;1029;0;207681;103163;0;31.6;15.7;0.0
01;2021-05-23;1014;137;0;208695;103300;0;31.8;15.7;0.0
01;2021-05-24;2519;471;0;211214;103771;0;32.2;15.8;0.0
01;2021-05-25;3512;2565;0;214726;106336;0;32.7;16.2;0.0
01;2021-05-26;3621;2385;0;218347;108721;0;33.2;16.5;0.0
01;2021-05-27;3957;2332;0;222304;111053;0;33.8;16.9;0.0
01;2021-05-28;3729;2857;0;226033;113910;0;34.4;17.3;0.0
01;2021-05-29;2826;1526;0;228859;115436;0;34.8;17.6;0.0
01;2021-05-30;720;279;0;229579;115715;0;34.9;17.6;0.0
01;2021-05-31;2920;2562;0;232499;118277;0;35.4;18.0;0.0
01;2021-06-01;3320;2775;0;235819;121052;0;35.9;18.4;0.0
01;2021-06-02;3510;2368;0;239329;123420;0;36.4;18.8;0.0
01;2021-06-03;4100;2624;0;243429;126044;0;37.1;19.2;0.0
01;2021-06-04;4838;3578;0;248267;129622;0;37.8;19.7;0.0
01;2021-06-05;3434;1685;0;251701;131307;0;38.3;20.0;0.0
01;2021-06-06;1100;202;0;252801;131509;0;38.5;20.0;0.0
01;2021-06-07;3971;3070;0;256772;134579;0;39.1;20.5;0.0
01;2021-06-08;4462;3059;0;261234;137638;0;39.8;21.0;0.0
01;2021-06-09;3693;2680;0;264927;140318;0;40.3;21.4;0.0
01;2021-06-10;3648;2484;0;268575;142802;0;40.9;21.7;0.0
01;2021-06-11;4032;3708;0;272607;146510;0;41.5;22.3;0.0
01;2021-06-12;2813;2150;0;275420;148660;0;41.9;22.6;0.0
01;2021-06-13;544;613;0;275964;149273;0;42.0;22.7;0.0
01;2021-06-14;2671;3362;0;278635;152635;0;42.4;23.2;0.0
01;2021-06-15;2736;3644;0;281371;156279;0;42.8;23.8;0.0
01;2021-06-16;2946;3619;0;284317;159898;0;43.3;24.3;0.0
01;2021-06-17;2701;3674;0;287018;163572;0;43.7;24.9;0.0
01;2021-06-18;3284;4647;0;290302;168219;0;44.2;25.6;0.0
01;2021-06-19;2188;2642;0;292490;170861;0;44.5;26.0;0.0
01;2021-06-20;532;825;0;293022;171686;0;44.6;26.1;0.0
01;2021-06-21;2043;4049;0;295065;175735;0;44.9;26.7;0.0
01;2021-06-22;1879;4424;0;296944;180159;0;45.2;27.4;0.0
01;2021-06-23;1953;3991;0;298897;184150;0;45.5;28.0;0.0
01;2021-06-24;1895;4009;0;300792;188159;0;45.8;28.6;0.0
01;2021-06-25;2254;5057;0;303046;193216;0;46.1;29.4;0.0
01;2021-06-26;1340;3034;0;304386;196250;0;46.3;29.9;0.0
01;2021-06-27;357;853;0;304743;197103;0;46.4;30.0;0.0
01;2021-06-28;1541;4533;0;306284;201636;0;46.6;30.7;0.0
01;2021-06-29;1663;4422;0;307947;206058;0;46.9;31.4;0.0
01;2021-06-30;1715;4701;0;309662;210759;0;47.1;32.1;0.0
01;2021-07-01;1923;4455;0;311585;215214;0;47.4;32.8;0.0
01;2021-07-02;2088;5222;0;313673;220436;0;47.7;33.6;0.0
01;2021-07-03;1156;3443;0;314829;223879;0;47.9;34.1;0.0
01;2021-07-04;351;890;0;315180;224769;0;48.0;34.2;0.0
01;2021-07-05;1932;4469;0;317112;229238;0;48.3;34.9;0.0
01;2021-07-06;1555;4778;0;318667;234016;0;48.5;35.6;0.0
01;2021-07-07;2132;4055;0;320799;238071;0;48.8;36.2;0.0
01;2021-07-08;1922;3999;0;322721;242070;0;49.1;36.8;0.0
01;2021-07-09;2295;5017;0;325016;247087;0;49.5;37.6;0.0
01;2021-07-10;1308;3508;0;326324;250595;0;49.7;38.1;0.0
01;2021-07-11;406;751;0;326730;251346;0;49.7;38.3;0.0
01;2021-07-12;1794;4783;0;328524;256129;0;50.0;39.0;0.0
01;2021-07-13;2506;5169;0;331030;261298;0;50.4;39.8;0.0
01;2021-07-14;672;749;0;331702;262047;0;50.5;39.9;0.0
01;2021-07-15;3380;5240;0;335082;267287;0;51.0;40.7;0.0
01;2021-07-16;4204;5758;0;339286;273045;0;51.6;41.6;0.0
01;2021-07-17;2418;3532;0;341704;276577;0;52.0;42.1;0.0
01;2021-07-18;608;1118;0;342312;277695;0;52.1;42.3;0.0
01;2021-07-19;3130;4782;0;345442;282477;0;52.6;43.0;0.0
01;2021-07-20;3768;4764;0;349210;287241;0;53.2;43.7;0.0
01;2021-07-21;4283;4582;0;353493;291823;0;53.8;44.4;0.0
01;2021-07-22;4541;4332;0;358034;296155;0;54.5;45.1;0.0
01;2021-07-23;4466;5201;0;362500;301356;0;55.2;45.9;0.0
01;2021-07-24;2652;3184;0;365152;304540;0;55.6;46.4;0.0
01;2021-07-25;451;531;0;365603;305071;0;55.7;46.4;0.0
01;2021-07-26;3864;4021;0;369467;309092;0;56.2;47.0;0.0
01;2021-07-27;4622;3531;0;374089;312623;0;56.9;47.6;0.0
01;2021-07-28;4575;3395;0;378664;316018;0;57.6;48.1;0.0
01;2021-07-29;5177;3070;0;383841;319088;0;58.4;48.6;0.0
01;2021-07-30;5082;4064;0;388923;323152;0;59.2;49.2;0.0
01;2021-07-31;3601;2123;0;392524;325275;0;59.7;49.5;0.0
01;2021-08-01;823;407;0;393347;325682;0;59.9;49.6;0.0
01;2021-08-02;3674;3030;1;397021;328712;1;60.4;50.0;0.0
01;2021-08-03;3751;2883;0;400772;331595;1;61.0;50.5;0.0
01;2021-08-04;3438;2254;0;404210;333849;1;61.5;50.8;0.0
01;2021-08-05;2930;2793;0;407140;336642;1;62.0;51.2;0.0
01;2021-08-06;3289;3595;0;410429;340237;1;62.5;51.8;0.0
01;2021-08-07;1988;1879;0;412417;342116;1;62.8;52.1;0.0
01;2021-08-08;513;328;0;412930;342444;1;62.9;52.1;0.0
01;2021-08-09;1771;3161;0;414701;345605;1;63.1;52.6;0.0
01;2021-08-10;2058;2996;0;416759;348601;1;63.4;53.1;0.0
01;2021-08-11;1973;3034;0;418732;351635;1;63.7;53.5;0.0
01;2021-08-12;1962;3321;0;420694;354956;1;64.0;54.0;0.0
01;2021-08-13;2147;3392;0;422841;358348;1;64.4;54.5;0.0
01;2021-08-14;1453;2211;0;424294;360559;1;64.6;54.9;0.0
01;2021-08-15;98;259;0;424392;360818;1;64.6;54.9;0.0
01;2021-08-16;1299;3512;0;425691;364330;1;64.8;55.5;0.0
01;2021-08-17;1636;3174;0;427327;367504;1;65.0;55.9;0.0
01;2021-08-18;1385;3240;0;428712;370744;1;65.3;56.4;0.0
01;2021-08-19;1369;2835;0;430081;373579;1;65.5;56.9;0.0
01;2021-08-20;1605;4275;0;431686;377854;1;65.7;57.5;0.0
01;2021-08-21;848;2608;0;432534;380462;1;65.8;57.9;0.0
01;2021-08-22;90;126;0;432624;380588;1;65.9;57.9;0.0
01;2021-08-23;1182;3783;0;433806;384371;1;66.0;58.5;0.0
01;2021-08-24;1372;3854;0;435178;388225;1;66.2;59.1;0.0
01;2021-08-25;1226;3718;0;436404;391943;1;66.4;59.7;0.0
01;2021-08-26;1665;3304;0;438069;395247;1;66.7;60.2;0.0
01;2021-08-27;1636;4352;0;439705;399599;1;66.9;60.8;0.0
01;2021-08-28;927;2717;0;440632;402316;1;67.1;61.2;0.0
01;2021-08-29;76;484;0;440708;402800;1;67.1;61.3;0.0
01;2021-08-30;1244;3498;27;441952;406298;28;67.3;61.8;0.0
01;2021-08-31;1208;2696;71;443160;408994;99;67.5;62.3;0.0
01;2021-09-01;1221;2280;205;444381;411274;304;67.6;62.6;0.0
01;2021-09-02;991;1901;304;445372;413175;608;67.8;62.9;0.1
01;2021-09-03;1237;2717;255;446609;415892;863;68.0;63.3;0.1
01;2021-09-04;778;2184;88;447387;418076;951;68.1;63.6;0.1
01;2021-09-05;185;246;32;447572;418322;983;68.1;63.7;0.1
01;2021-09-06;677;1321;381;448249;419643;1364;68.2;63.9;0.2
01;2021-09-07;611;1268;256;448860;420911;1620;68.3;64.1;0.2
01;2021-09-08;867;1627;251;449727;422538;1871;68.5;64.3;0.3
01;2021-09-09;765;1218;227;450492;423756;2098;68.6;64.5;0.3
01;2021-09-10;1056;1796;364;451548;425552;2462;68.7;64.8;0.4
01;2021-09-11;689;1468;68;452237;427020;2530;68.8;65.0;0.4
01;2021-09-12;43;96;5;452280;427116;2535;68.8;65.0;0.4
01;2021-09-13;617;1175;357;452897;428291;2892;68.9;65.2;0.4
01;2021-09-14;620;1050;517;453517;429341;3409;69.0;65.4;0.5
01;2021-09-15;779;1531;458;454296;430872;3867;69.2;65.6;0.6
01;2021-09-16;564;988;480;454860;431860;4347;69.2;65.7;0.7
01;2021-09-17;729;1572;509;455589;433432;4856;69.3;66.0;0.7
01;2021-09-18;364;1220;56;455953;434652;4912;69.4;66.2;0.7
01;2021-09-19;47;104;16;456000;434756;4928;69.4;66.2;0.8
01;2021-09-20;365;717;503;456365;435473;5431;69.5;66.3;0.8
01;2021-09-21;409;807;693;456774;436280;6124;69.5;66.4;0.9
01;2021-09-22;369;1109;480;457143;437389;6604;69.6;66.6;1.0
01;2021-09-23;345;778;475;457488;438167;7079;69.6;66.7;1.1
01;2021-09-24;408;1077;410;457896;439244;7489;69.7;66.9;1.1
01;2021-09-25;277;969;83;458173;440213;7572;69.7;67.0;1.2
01;2021-09-26;19;115;3;458192;440328;7575;69.7;67.0;1.2
01;2021-09-27;196;603;201;458388;440931;7776;69.8;67.1;1.2
01;2021-09-28;321;1143;548;458709;442074;8324;69.8;67.3;1.3
01;2021-09-29;450;1333;457;459159;443407;8781;69.9;67.5;1.3
01;2021-09-30;375;809;446;459534;444216;9227;69.9;67.6;1.4
01;2021-10-01;547;1203;521;460081;445419;9748;70.0;67.8;1.5
01;2021-10-02;417;1242;178;460498;446661;9926;70.1;68.0;1.5
01;2021-10-03;27;62;13;460525;446723;9939;70.1;68.0;1.5
01;2021-10-04;232;567;380;460757;447290;10319;70.1;68.1;1.6
01;2021-10-05;247;547;547;461004;447837;10866;70.2;68.2;1.7
01;2021-10-06;404;804;498;461408;448641;11364;70.2;68.3;1.7
01;2021-10-07;236;516;506;461644;449157;11870;70.3;68.4;1.8
01;2021-10-08;391;778;585;462035;449935;12455;70.3;68.5;1.9
01;2021-10-09;343;678;269;462378;450613;12724;70.4;68.6;1.9
01;2021-10-10;12;28;2;462390;450641;12726;70.4;68.6;1.9
01;2021-10-11;208;478;541;462598;451119;13267;70.4;68.7;2.0
01;2021-10-12;205;391;538;462803;451510;13805;70.4;68.7;2.1
01;2021-10-13;369;591;818;463172;452101;14623;70.5;68.8;2.2
01;2021-10-14;191;578;509;463363;452679;15132;70.5;68.9;2.3
01;2021-10-15;386;564;765;463749;453243;15897;70.6;69.0;2.4
01;2021-10-16;294;447;318;464043;453690;16215;70.6;69.1;2.5
01;2021-10-17;10;30;1;464053;453720;16216;70.6;69.1;2.5
01;2021-10-18;171;265;662;464224;453985;16878;70.7;69.1;2.6
01;2021-10-19;129;301;635;464353;454286;17513;70.7;69.2;2.7
01;2021-10-20;232;475;932;464585;454761;18445;70.7;69.2;2.8
01;2021-10-21;105;377;623;464690;455138;19068;70.7;69.3;2.9
01;2021-10-22;165;542;766;464855;455680;19834;70.8;69.4;3.0
01;2021-10-23;114;467;375;464969;456147;20209;70.8;69.4;3.1
01;2021-10-24;5;7;8;464974;456154;20217;70.8;69.4;3.1
01;2021-10-25;147;242;781;465121;456396;20998;70.8;69.5;3.2
01;2021-10-26;96;186;642;465217;456582;21640;70.8;69.5;3.3
01;2021-10-27;190;394;908;465407;456976;22548;70.8;69.6;3.4
01;2021-10-28;95;173;598;465502;457149;23146;70.9;69.6;3.5
01;2021-10-29;144;315;899;465646;457464;24045;70.9;69.6;3.7
01;2021-10-30;100;346;470;465746;457810;24515;70.9;69.7;3.7
01;2021-10-31;3;11;12;465749;457821;24527;70.9;69.7;3.7
01;2021-11-01;13;12;7;465762;457833;24534;70.9;69.7;3.7
01;2021-11-02;68;185;636;465830;458018;25170;70.9;69.7;3.8
01;2021-11-03;169;391;1308;465999;458409;26478;70.9;69.8;4.0
01;2021-11-04;93;152;816;466092;458561;27294;70.9;69.8;4.2
01;2021-11-05;154;312;1125;466246;458873;28419;71.0;69.8;4.3
01;2021-11-06;90;297;684;466336;459170;29103;71.0;69.9;4.4
01;2021-11-07;1;14;8;466337;459184;29111;71.0;69.9;4.4
01;2021-11-08;99;229;1378;466436;459413;30489;71.0;69.9;4.6
01;2021-11-09;83;192;1298;466519;459605;31787;71.0;70.0;4.8
01;2021-11-10;191;304;1958;466710;459909;33745;71.0;70.0;5.1
01;2021-11-11;10;11;47;466720;459920;33792;71.0;70.0;5.1
01;2021-11-12;107;203;1528;466827;460123;35320;71.1;70.0;5.4
01;2021-11-13;139;166;1117;466966;460289;36437;71.1;70.1;5.5
01;2021-11-14;6;12;18;466972;460301;36455;71.1;70.1;5.5
01;2021-11-15;83;118;1674;467055;460419;38129;71.1;70.1;5.8
01;2021-11-16;92;159;1729;467147;460578;39858;71.1;70.1;6.1
01;2021-11-17;156;279;2384;467303;460857;42242;71.1;70.2;6.4
01;2021-11-18;95;141;1723;467398;460998;43965;71.1;70.2;6.7
01;2021-11-19;152;245;2259;467550;461243;46224;71.2;70.2;7.0
01;2021-11-20;159;152;1295;467709;461395;47519;71.2;70.2;7.2
01;2021-11-21;4;20;12;467713;461415;47531;71.2;70.2;7.2
01;2021-11-22;77;132;2140;467790;461547;49671;71.2;70.3;7.6
01;2021-11-23;112;113;2260;467902;461660;51931;71.2;70.3;7.9
01;2021-11-24;233;251;2820;468135;461911;54751;71.3;70.3;8.3
01;2021-11-25;99;120;2329;468234;462031;57080;71.3;70.3;8.7
01;2021-11-26;159;183;3634;468393;462214;60714;71.3;70.4;9.2
01;2021-11-27;170;193;2273;468563;462407;62987;71.3;70.4;9.6
01;2021-11-28;4;8;498;468567;462415;63485;71.3;70.4;9.7
01;2021-11-29;89;142;3981;468656;462557;67466;71.3;70.4;10.3
01;2021-11-30;88;118;3863;468744;462675;71329;71.4;70.4;10.9
01;2021-12-01;87;172;3434;468831;462847;74763;71.4;70.5;11.4
01;2021-12-02;88;110;4394;468919;462957;79157;71.4;70.5;12.0
01;2021-12-03;119;187;5643;469038;463144;84800;71.4;70.5;12.9
01;2021-12-04;86;176;3014;469124;463320;87814;71.4;70.5;13.4
01;2021-12-05;15;18;1044;469139;463338;88858;71.4;70.5;13.5
01;2021-12-06;88;133;5178;469227;463471;94036;71.4;70.5;14.3
01;2021-12-07;127;150;6713;469354;463621;100749;71.4;70.6;15.3
01;2021-12-08;103;211;5282;469457;463832;106031;71.5;70.6;16.1
01;2021-12-09;98;121;6119;469555;463953;112150;71.5;70.6;17.1
01;2021-12-10;136;201;7080;469691;464154;119230;71.5;70.7;18.1
01;2021-12-11;85;151;3756;469776;464305;122986;71.5;70.7;18.7
01;2021-12-12;15;20;1057;469791;464325;124043;71.5;70.7;18.9
01;2021-12-13;87;138;7068;469878;464463;131111;71.5;70.7;20.0
01;2021-12-14;132;191;8665;470010;464654;139776;71.5;70.7;21.3
01;2021-12-15;128;225;7640;470138;464879;147416;71.6;70.8;22.4
01;2021-12-16;116;148;8243;470254;465027;155659;71.6;70.8;23.7
01;2021-12-17;131;228;8635;470385;465255;164294;71.6;70.8;25.0
01;2021-12-18;134;188;4722;470519;465443;169016;71.6;70.8;25.7
01;2021-12-19;21;41;1696;470540;465484;170712;71.6;70.9;26.0
01;2021-12-20;156;179;6785;470696;465663;177497;71.6;70.9;27.0
01;2021-12-21;184;170;7060;470880;465833;184557;71.7;70.9;28.1
01;2021-12-22;166;176;5814;471046;466009;190371;71.7;70.9;29.0
01;2021-12-23;155;133;4374;471201;466142;194745;71.7;71.0;29.6
01;2021-12-24;33;41;961;471234;466183;195706;71.7;71.0;29.8
01;2021-12-25;0;6;39;471234;466189;195745;71.7;71.0;29.8
01;2021-12-26;17;9;524;471251;466198;196269;71.7;71.0;29.9
01;2021-12-27;100;139;4177;471351;466337;200446;71.7;71.0;30.5
01;2021-12-28;134;154;5381;471485;466491;205827;71.8;71.0;31.3
02;2020-12-27;1;0;0;1;0;0;0.0;0.0;0.0
02;2020-12-28;0;0;0;1;0;0;0.0;0.0;0.0
02;2020-12-29;0;0;0;1;0;0;0.0;0.0;0.0
02;2020-12-30;0;0;0;1;0;0;0.0;0.0;0.0
02;2020-12-31;0;0;0;1;0;0;0.0;0.0;0.0
02;2021-01-01;0;0;0;1;0;0;0.0;0.0;0.0
02;2021-01-02;0;0;0;1;0;0;0.0;0.0;0.0
02;2021-01-03;0;0;0;1;0;0;0.0;0.0;0.0
02;2021-01-04;1;0;0;2;0;0;0.0;0.0;0.0
02;2021-01-05;2;0;0;4;0;0;0.0;0.0;0.0
02;2021-01-06;25;0;0;29;0;0;0.0;0.0;0.0
02;2021-01-07;262;2;0;291;2;0;0.1;0.0;0.0
02;2021-01-08;502;2;0;793;4;0;0.2;0.0;0.0
02;2021-01-09;77;0;0;870;4;0;0.2;0.0;0.0
02;2021-01-10;52;0;0;922;4;0;0.2;0.0;0.0
02;2021-01-11;267;0;0;1189;4;0;0.2;0.0;0.0
02;2021-01-12;356;1;0;1545;5;0;0.3;0.0;0.0
02;2021-01-13;459;4;0;2004;9;0;0.4;0.0;0.0
02;2021-01-14;654;9;0;2658;18;0;0.5;0.0;0.0
02;2021-01-15;614;7;0;3272;25;0;0.6;0.0;0.0
02;2021-01-16;315;4;0;3587;29;0;0.7;0.0;0.0
02;2021-01-17;56;0;0;3643;29;0;0.7;0.0;0.0
02;2021-01-18;757;8;0;4400;37;0;0.8;0.0;0.0
02;2021-01-19;936;5;0;5336;42;0;1.0;0.0;0.0
02;2021-01-20;1320;7;0;6656;49;0;1.3;0.0;0.0
02;2021-01-21;2337;12;0;8993;61;0;1.7;0.0;0.0
02;2021-01-22;1375;6;0;10368;67;0;2.0;0.0;0.0
02;2021-01-23;296;3;0;10664;70;0;2.0;0.0;0.0
02;2021-01-24;61;1;0;10725;71;0;2.0;0.0;0.0
02;2021-01-25;431;13;0;11156;84;0;2.1;0.0;0.0
02;2021-01-26;648;18;0;11804;102;0;2.2;0.0;0.0
02;2021-01-27;188;4;0;11992;106;0;2.3;0.0;0.0
02;2021-01-28;112;229;0;12104;335;0;2.3;0.1;0.0
02;2021-01-29;142;418;0;12246;753;0;2.3;0.1;0.0
02;2021-01-30;13;16;0;12259;769;0;2.3;0.1;0.0
02;2021-01-31;1;10;0;12260;779;0;2.3;0.1;0.0
02;2021-02-01;18;208;0;12278;987;0;2.3;0.2;0.0
02;2021-02-02;71;307;0;12349;1294;0;2.3;0.2;0.0
02;2021-02-03;142;331;0;12491;1625;0;2.4;0.3;0.0
02;2021-02-04;255;363;0;12746;1988;0;2.4;0.4;0.0
02;2021-02-05;234;415;0;12980;2403;0;2.5;0.5;0.0
02;2021-02-06;65;162;0;13045;2565;0;2.5;0.5;0.0
02;2021-02-07;8;1;0;13053;2566;0;2.5;0.5;0.0
02;2021-02-08;297;428;0;13350;2994;0;2.5;0.6;0.0
02;2021-02-09;328;668;0;13678;3662;0;2.6;0.7;0.0
02;2021-02-10;465;992;0;14143;4654;0;2.7;0.9;0.0
02;2021-02-11;882;1671;0;15025;6325;0;2.9;1.2;0.0
02;2021-02-12;834;1007;0;15859;7332;0;3.0;1.4;0.0
02;2021-02-13;280;157;0;16139;7489;0;3.1;1.4;0.0
02;2021-02-14;1;3;0;16140;7492;0;3.1;1.4;0.0
02;2021-02-15;338;680;0;16478;8172;0;3.1;1.6;0.0
02;2021-02-16;423;552;0;16901;8724;0;3.2;1.7;0.0
02;2021-02-17;501;622;0;17402;9346;0;3.3;1.8;0.0
02;2021-02-18;521;452;0;17923;9798;0;3.4;1.9;0.0
02;2021-02-19;442;559;0;18365;10357;0;3.5;2.0;0.0
02;2021-02-20;365;226;0;18730;10583;0;3.6;2.0;0.0
02;2021-02-21;31;19;0;18761;10602;0;3.6;2.0;0.0
02;2021-02-22;369;335;0;19130;10937;0;3.6;2.1;0.0
02;2021-02-23;445;372;0;19575;11309;0;3.7;2.1;0.0
02;2021-02-24;608;175;0;20183;11484;0;3.8;2.2;0.0
02;2021-02-25;883;183;0;21066;11667;0;4.0;2.2;0.0
02;2021-02-26;835;113;0;21901;11780;0;4.2;2.2;0.0
02;2021-02-27;455;24;0;22356;11804;0;4.2;2.2;0.0
02;2021-02-28;49;1;0;22405;11805;0;4.3;2.2;0.0
02;2021-03-01;665;33;0;23070;11838;0;4.4;2.3;0.0
02;2021-03-02;999;162;0;24069;12000;0;4.6;2.3;0.0
02;2021-03-03;770;206;0;24839;12206;0;4.7;2.3;0.0
02;2021-03-04;1190;631;0;26029;12837;0;4.9;2.4;0.0
02;2021-03-05;1099;512;0;27128;13349;0;5.2;2.5;0.0
02;2021-03-06;2178;118;0;29306;13467;0;5.6;2.6;0.0
02;2021-03-07;1497;56;0;30803;13523;0;5.9;2.6;0.0
02;2021-03-08;610;363;0;31413;13886;0;6.0;2.6;0.0
02;2021-03-09;1016;418;0;32429;14304;0;6.2;2.7;0.0
02;2021-03-10;926;453;0;33355;14757;0;6.3;2.8;0.0
02;2021-03-11;1369;388;0;34724;15145;0;6.6;2.9;0.0
02;2021-03-12;1768;405;0;36492;15550;0;6.9;3.0;0.0
02;2021-03-13;2654;243;0;39146;15793;0;7.4;3.0;0.0
02;2021-03-14;1390;46;0;40536;15839;0;7.7;3.0;0.0
02;2021-03-15;636;407;0;41172;16246;0;7.8;3.1;0.0
02;2021-03-16;883;411;0;42055;16657;0;8.0;3.2;0.0
02;2021-03-17;791;468;0;42846;17125;0;8.1;3.3;0.0
02;2021-03-18;691;642;0;43537;17767;0;8.3;3.4;0.0
02;2021-03-19;1249;307;0;44786;18074;0;8.5;3.4;0.0
02;2021-03-20;2472;164;0;47258;18238;0;9.0;3.5;0.0
02;2021-03-21;1406;78;0;48664;18316;0;9.3;3.5;0.0
02;2021-03-22;801;485;0;49465;18801;0;9.4;3.6;0.0
02;2021-03-23;1271;557;0;50736;19358;0;9.6;3.7;0.0
02;2021-03-24;1674;516;0;52410;19874;0;10.0;3.8;0.0
02;2021-03-25;1836;607;0;54246;20481;0;10.3;3.9;0.0
02;2021-03-26;2508;502;0;56754;20983;0;10.8;4.0;0.0
02;2021-03-27;2526;158;0;59280;21141;0;11.3;4.0;0.0
02;2021-03-28;692;21;0;59972;21162;0;11.4;4.0;0.0
02;2021-03-29;1119;853;0;61091;22015;0;11.6;4.2;0.0
02;2021-03-30;1632;838;0;62723;22853;0;11.9;4.3;0.0
02;2021-03-31;1403;733;0;64126;23586;0;12.2;4.5;0.0
02;2021-04-01;1408;873;0;65534;24459;0;12.5;4.6;0.0
02;2021-04-02;1351;1212;0;66885;25671;0;12.7;4.9;0.0
02;2021-04-03;2645;871;0;69530;26542;0;13.2;5.0;0.0
02;2021-04-04;729;241;0;70259;26783;0;13.4;5.1;0.0
02;2021-04-05;1535;133;0;71794;26916;0;13.6;5.1;0.0
02;2021-04-06;1561;868;0;73355;27784;0;13.9;5.3;0.0
02;2021-04-07;1861;802;0;75216;28586;0;14.3;5.4;0.0
02;2021-04-08;1983;1143;0;77199;29729;0;14.7;5.7;0.0
02;2021-04-09;2572;1142;0;79771;30871;0;15.2;5.9;0.0
02;2021-04-10;2556;1214;0;82327;32085;0;15.7;6.1;0.0
02;2021-04-11;498;422;0;82825;32507;0;15.7;6.2;0.0
02;2021-04-12;1836;646;0;84661;33153;0;16.1;6.3;0.0
02;2021-04-13;1705;947;0;86366;34100;0;16.4;6.5;0.0
02;2021-04-14;2727;1005;0;89093;35105;0;16.9;6.7;0.0
02;2021-04-15;2743;870;0;91836;35975;0;17.5;6.8;0.0
02;2021-04-16;2590;1185;0;94426;37160;0;18.0;7.1;0.0
02;2021-04-17;1922;2131;0;96348;39291;0;18.3;7.5;0.0
02;2021-04-18;272;785;0;96620;40076;0;18.4;7.6;0.0
02;2021-04-19;1228;692;0;97848;40768;0;18.6;7.7;0.0
02;2021-04-20;1718;842;0;99566;41610;0;18.9;7.9;0.0
02;2021-04-21;1664;1104;0;101230;42714;0;19.2;8.1;0.0
02;2021-04-22;1883;842;0;103113;43556;0;19.6;8.3;0.0
02;2021-04-23;2075;1444;0;105188;45000;0;20.0;8.6;0.0
02;2021-04-24;1722;1677;0;106910;46677;0;20.3;8.9;0.0
02;2021-04-25;480;303;0;107390;46980;0;20.4;8.9;0.0
02;2021-04-26;1401;676;0;108791;47656;0;20.7;9.1;0.0
02;2021-04-27;1783;1175;0;110574;48831;0;21.0;9.3;0.0
02;2021-04-28;1786;1492;0;112360;50323;0;21.4;9.6;0.0
02;2021-04-29;2013;1271;0;114373;51594;0;21.7;9.8;0.0
02;2021-04-30;2841;1691;0;117214;53285;0;22.3;10.1;0.0
02;2021-05-01;2208;1245;0;119422;54530;0;22.7;10.4;0.0
02;2021-05-02;1927;549;0;121349;55079;0;23.1;10.5;0.0
02;2021-05-03;2362;1040;0;123711;56119;0;23.5;10.7;0.0
02;2021-05-04;1747;1394;0;125458;57513;0;23.8;10.9;0.0
02;2021-05-05;2632;1934;0;128090;59447;0;24.3;11.3;0.0
02;2021-05-06;2536;1923;0;130626;61370;0;24.8;11.7;0.0
02;2021-05-07;2673;2294;0;133299;63664;0;25.3;12.1;0.0
02;2021-05-08;2940;1068;0;136239;64732;0;25.9;12.3;0.0
02;2021-05-09;1907;444;0;138146;65176;0;26.3;12.4;0.0
02;2021-05-10;2537;1629;0;140683;66805;0;26.7;12.7;0.0
02;2021-05-11;3148;1657;0;143831;68462;0;27.3;13.0;0.0
02;2021-05-12;2939;1779;0;146770;70241;0;27.9;13.4;0.0
02;2021-05-13;3046;1014;0;149816;71255;0;28.5;13.5;0.0
02;2021-05-14;3692;1325;0;153508;72580;0;29.2;13.8;0.0
02;2021-05-15;4410;1208;0;157918;73788;0;30.0;14.0;0.0
02;2021-05-16;2861;222;0;160779;74010;0;30.6;14.1;0.0
02;2021-05-17;2418;773;0;163197;74783;0;31.0;14.2;0.0
02;2021-05-18;3032;1060;0;166229;75843;0;31.6;14.4;0.0
02;2021-05-19;3064;1106;0;169293;76949;0;32.2;14.6;0.0
02;2021-05-20;3672;1301;0;172965;78250;0;32.9;14.9;0.0
02;2021-05-21;3819;1167;0;176784;79417;0;33.6;15.1;0.0
02;2021-05-22;5288;1045;0;182072;80462;0;34.6;15.3;0.0
02;2021-05-23;2585;250;0;184657;80712;0;35.1;15.3;0.0
02;2021-05-24;3267;539;0;187924;81251;0;35.7;15.4;0.0
02;2021-05-25;2318;1278;0;190242;82529;0;36.2;15.7;0.0
02;2021-05-26;3109;1562;0;193351;84091;0;36.8;16.0;0.0
02;2021-05-27;3771;1579;0;197122;85670;0;37.5;16.3;0.0
02;2021-05-28;3630;1739;0;200752;87409;0;38.2;16.6;0.0
02;2021-05-29;3979;1642;0;204731;89051;0;38.9;16.9;0.0
02;2021-05-30;1367;201;0;206098;89252;0;39.2;17.0;0.0
02;2021-05-31;2575;1277;0;208673;90529;0;39.7;17.2;0.0
02;2021-06-01;3004;1913;0;211677;92442;0;40.2;17.6;0.0
02;2021-06-02;3296;1786;0;214973;94228;0;40.9;17.9;0.0
02;2021-06-03;3079;1953;0;218052;96181;0;41.5;18.3;0.0
02;2021-06-04;3361;2154;0;221413;98335;0;42.1;18.7;0.0
02;2021-06-05;3315;1853;0;224728;100188;0;42.7;19.0;0.0
02;2021-06-06;1583;278;0;226311;100466;0;43.0;19.1;0.0
02;2021-06-07;1830;1645;0;228141;102111;0;43.4;19.4;0.0
02;2021-06-08;2192;1975;0;230333;104086;0;43.8;19.8;0.0
02;2021-06-09;2241;1898;0;232574;105984;0;44.2;20.1;0.0
02;2021-06-10;2156;2079;0;234730;108063;0;44.6;20.5;0.0
02;2021-06-11;2300;3229;0;237030;111292;0;45.1;21.2;0.0
02;2021-06-12;2240;2810;0;239270;114102;0;45.5;21.7;0.0
02;2021-06-13;636;1455;0;239906;115557;0;45.6;22.0;0.0
02;2021-06-14;1118;2620;0;241024;118177;0;45.8;22.5;0.0
02;2021-06-15;1706;2697;0;242730;120874;0;46.1;23.0;0.0
02;2021-06-16;1597;2994;0;244327;123868;0;46.4;23.5;0.0
02;2021-06-17;1886;3163;0;246213;127031;0;46.8;24.1;0.0
02;2021-06-18;2324;3829;0;248537;130860;0;47.2;24.9;0.0
02;2021-06-19;1795;3907;0;250332;134767;0;47.6;25.6;0.0
02;2021-06-20;615;1558;0;250947;136325;0;47.7;25.9;0.0
02;2021-06-21;853;3351;0;251800;139676;0;47.9;26.6;0.0
02;2021-06-22;1236;3846;3;253036;143522;3;48.1;27.3;0.0
02;2021-06-23;1403;3730;0;254439;147252;3;48.4;28.0;0.0
02;2021-06-24;1415;3313;0;255854;150565;3;48.6;28.6;0.0
02;2021-06-25;1464;4865;0;257318;155430;3;48.9;29.5;0.0
02;2021-06-26;1322;4440;0;258640;159870;3;49.2;30.4;0.0
02;2021-06-27;565;2343;0;259205;162213;3;49.3;30.8;0.0
02;2021-06-28;903;3267;0;260108;165480;3;49.4;31.5;0.0
02;2021-06-29;1000;3237;0;261108;168717;3;49.6;32.1;0.0
02;2021-06-30;1447;3424;0;262555;172141;3;49.9;32.7;0.0
02;2021-07-01;1371;3765;0;263926;175906;3;50.2;33.4;0.0
02;2021-07-02;1429;5186;0;265355;181092;3;50.4;34.4;0.0
02;2021-07-03;1043;5795;0;266398;186887;3;50.6;35.5;0.0
02;2021-07-04;527;2300;0;266925;189187;3;50.7;36.0;0.0
02;2021-07-05;690;3988;0;267615;193175;3;50.9;36.7;0.0
02;2021-07-06;870;3352;1;268485;196527;4;51.0;37.4;0.0
02;2021-07-07;1407;3853;4;269892;200380;8;51.3;38.1;0.0
02;2021-07-08;1550;3947;0;271442;204327;8;51.6;38.8;0.0
02;2021-07-09;1411;4359;0;272853;208686;8;51.9;39.7;0.0
02;2021-07-10;1382;4482;0;274235;213168;8;52.1;40.5;0.0
02;2021-07-11;491;1864;0;274726;215032;8;52.2;40.9;0.0
02;2021-07-12;1446;3805;0;276172;218837;8;52.5;41.6;0.0
02;2021-07-13;2213;3849;0;278385;222686;8;52.9;42.3;0.0
02;2021-07-14;1528;1630;0;279913;224316;8;53.2;42.6;0.0
02;2021-07-15;2871;3797;0;282784;228113;8;53.8;43.4;0.0
02;2021-07-16;3293;4479;0;286077;232592;8;54.4;44.2;0.0
02;2021-07-17;3442;4267;0;289519;236859;8;55.0;45.0;0.0
02;2021-07-18;1718;1511;0;291237;238370;8;55.4;45.3;0.0
02;2021-07-19;3242;3131;0;294479;241501;8;56.0;45.9;0.0
02;2021-07-20;3548;3501;0;298027;245002;8;56.7;46.6;0.0
02;2021-07-21;3949;3119;0;301976;248121;8;57.4;47.2;0.0
02;2021-07-22;3544;2986;0;305520;251107;8;58.1;47.7;0.0
02;2021-07-23;3487;3691;0;309007;254798;8;58.7;48.4;0.0
02;2021-07-24;4235;3577;0;313242;258375;8;59.5;49.1;0.0
02;2021-07-25;1938;1005;0;315180;259380;8;59.9;49.3;0.0
02;2021-07-26;3781;2279;0;318961;261659;8;60.6;49.7;0.0
02;2021-07-27;3829;2330;0;322790;263989;8;61.4;50.2;0.0
02;2021-07-28;3525;2311;0;326315;266300;8;62.0;50.6;0.0
02;2021-07-29;2999;2343;0;329314;268643;8;62.6;51.1;0.0
02;2021-07-30;3543;2484;0;332857;271127;8;63.3;51.5;0.0
02;2021-07-31;4079;2335;0;336936;273462;8;64.1;52.0;0.0
02;2021-08-01;1444;669;0;338380;274131;8;64.3;52.1;0.0
02;2021-08-02;2324;1684;0;340704;275815;8;64.8;52.4;0.0
02;2021-08-03;2893;2044;0;343597;277859;8;65.3;52.8;0.0
02;2021-08-04;2962;1834;0;346559;279693;8;65.9;53.2;0.0
02;2021-08-05;2228;2400;0;348787;282093;8;66.3;53.6;0.0
02;2021-08-06;2398;2828;0;351185;284921;8;66.8;54.2;0.0
02;2021-08-07;2731;2800;0;353916;287721;8;67.3;54.7;0.0
02;2021-08-08;1011;1346;0;354927;289067;8;67.5;55.0;0.0
02;2021-08-09;1950;2695;0;356877;291762;8;67.8;55.5;0.0
02;2021-08-10;1976;2653;0;358853;294415;8;68.2;56.0;0.0
02;2021-08-11;1759;2253;0;360612;296668;8;68.6;56.4;0.0
02;2021-08-12;1390;2399;0;362002;299067;8;68.8;56.9;0.0
02;2021-08-13;1741;2949;0;363743;302016;8;69.1;57.4;0.0
02;2021-08-14;1805;3620;0;365548;305636;8;69.5;58.1;0.0
02;2021-08-15;207;572;0;365755;306208;8;69.5;58.2;0.0
02;2021-08-16;1336;3712;0;367091;309920;8;69.8;58.9;0.0
02;2021-08-17;1497;2991;0;368588;312911;8;70.1;59.5;0.0
02;2021-08-18;1611;3210;0;370199;316121;8;70.4;60.1;0.0
02;2021-08-19;1201;3339;0;371400;319460;8;70.6;60.7;0.0
02;2021-08-20;1266;3145;0;372666;322605;8;70.8;61.3;0.0
02;2021-08-21;1495;4029;0;374161;326634;8;71.1;62.1;0.0
02;2021-08-22;401;1550;0;374562;328184;8;71.2;62.4;0.0
02;2021-08-23;1125;3163;0;375687;331347;8;71.4;63.0;0.0
02;2021-08-24;964;2495;0;376651;333842;8;71.6;63.5;0.0
02;2021-08-25;1075;2836;0;377726;336678;8;71.8;64.0;0.0
02;2021-08-26;957;2618;0;378683;339296;8;72.0;64.5;0.0
02;2021-08-27;1018;2825;0;379701;342121;8;72.2;65.0;0.0
02;2021-08-28;1275;3587;0;380976;345708;8;72.4;65.7;0.0
02;2021-08-29;318;1173;0;381294;346881;8;72.5;65.9;0.0
02;2021-08-30;951;2643;44;382245;349524;52;72.7;66.4;0.0
02;2021-08-31;876;2300;97;383121;351824;149;72.8;66.9;0.0
02;2021-09-01;742;1662;146;383863;353486;295;73.0;67.2;0.1
02;2021-09-02;673;1721;171;384536;355207;466;73.1;67.5;0.1
02;2021-09-03;679;1892;193;385215;357099;659;73.2;67.9;0.1
02;2021-09-04;872;2974;90;386087;360073;749;73.4;68.4;0.1
02;2021-09-05;229;456;72;386316;360529;821;73.4;68.5;0.2
02;2021-09-06;448;998;157;386764;361527;978;73.5;68.7;0.2
02;2021-09-07;453;1302;218;387217;362829;1196;73.6;69.0;0.2
02;2021-09-08;520;1776;160;387737;364605;1356;73.7;69.3;0.3
02;2021-09-09;435;1230;165;388172;365835;1521;73.8;69.5;0.3
02;2021-09-10;575;1415;212;388747;367250;1733;73.9;69.8;0.3
02;2021-09-11;746;2226;176;389493;369476;1909;74.0;70.2;0.4
02;2021-09-12;98;288;18;389591;369764;1927;74.1;70.3;0.4
02;2021-09-13;439;971;281;390030;370735;2208;74.1;70.5;0.4
02;2021-09-14;441;890;356;390471;371625;2564;74.2;70.6;0.5
02;2021-09-15;445;1361;572;390916;372986;3136;74.3;70.9;0.6
02;2021-09-16;450;846;412;391366;373832;3548;74.4;71.1;0.7
02;2021-09-17;585;979;463;391951;374811;4011;74.5;71.3;0.8
02;2021-09-18;550;2038;229;392501;376849;4240;74.6;71.6;0.8
02;2021-09-19;76;242;27;392577;377091;4267;74.6;71.7;0.8
02;2021-09-20;296;636;484;392873;377727;4751;74.7;71.8;0.9
02;2021-09-21;278;638;505;393151;378365;5256;74.7;71.9;1.0
02;2021-09-22;351;940;533;393502;379305;5789;74.8;72.1;1.1
02;2021-09-23;263;577;522;393765;379882;6311;74.9;72.2;1.2
02;2021-09-24;283;730;383;394048;380612;6694;74.9;72.4;1.3
02;2021-09-25;313;1205;301;394361;381817;6995;75.0;72.6;1.3
02;2021-09-26;39;159;13;394400;381976;7008;75.0;72.6;1.3
02;2021-09-27;169;395;420;394569;382371;7428;75.0;72.7;1.4
02;2021-09-28;166;386;455;394735;382757;7883;75.0;72.8;1.5
02;2021-09-29;227;464;529;394962;383221;8412;75.1;72.8;1.6
02;2021-09-30;232;473;458;395194;383694;8870;75.1;72.9;1.7
02;2021-10-01;358;672;507;395552;384366;9377;75.2;73.1;1.8
02;2021-10-02;394;876;323;395946;385242;9700;75.3;73.2;1.8
02;2021-10-03;33;69;23;395979;385311;9723;75.3;73.2;1.8
02;2021-10-04;157;386;529;396136;385697;10252;75.3;73.3;1.9
02;2021-10-05;178;332;403;396314;386029;10655;75.3;73.4;2.0
02;2021-10-06;254;437;532;396568;386466;11187;75.4;73.5;2.1
02;2021-10-07;219;434;588;396787;386900;11775;75.4;73.5;2.2
02;2021-10-08;311;602;692;397098;387502;12467;75.5;73.7;2.4
02;2021-10-09;315;700;498;397413;388202;12965;75.5;73.8;2.5
02;2021-10-10;31;67;23;397444;388269;12988;75.6;73.8;2.5
02;2021-10-11;177;325;415;397621;388594;13403;75.6;73.9;2.5
02;2021-10-12;140;296;509;397761;388890;13912;75.6;73.9;2.6
02;2021-10-13;241;403;663;398002;389293;14575;75.7;74.0;2.8
02;2021-10-14;210;319;566;398212;389612;15141;75.7;74.1;2.9
02;2021-10-15;283;430;763;398495;390042;15904;75.8;74.1;3.0
02;2021-10-16;307;409;495;398802;390451;16399;75.8;74.2;3.1
02;2021-10-17;15;31;10;398817;390482;16409;75.8;74.2;3.1
02;2021-10-18;158;242;566;398975;390724;16975;75.8;74.3;3.2
02;2021-10-19;121;228;419;399096;390952;17394;75.9;74.3;3.3
02;2021-10-20;259;293;886;399355;391245;18280;75.9;74.4;3.5
02;2021-10-21;151;248;611;399506;391493;18891;75.9;74.4;3.6
02;2021-10-22;294;415;989;399800;391908;19880;76.0;74.5;3.8
02;2021-10-23;226;384;446;400026;392292;20326;76.0;74.6;3.9
02;2021-10-24;6;8;11;400032;392300;20337;76.0;74.6;3.9
02;2021-10-25;147;216;721;400179;392516;21058;76.1;74.6;4.0
02;2021-10-26;80;150;600;400259;392666;21658;76.1;74.6;4.1
02;2021-10-27;168;252;839;400427;392918;22497;76.1;74.7;4.3
02;2021-10-28;160;207;719;400587;393125;23216;76.1;74.7;4.4
02;2021-10-29;270;378;1081;400857;393503;24297;76.2;74.8;4.6
02;2021-10-30;140;290;483;400997;393793;24780;76.2;74.9;4.7
02;2021-10-31;11;15;33;401008;393808;24813;76.2;74.9;4.7
02;2021-11-01;15;13;9;401023;393821;24822;76.2;74.9;4.7
02;2021-11-02;136;195;697;401159;394016;25519;76.3;74.9;4.9
02;2021-11-03;219;285;1043;401378;394301;26562;76.3;75.0;5.0
02;2021-11-04;141;231;746;401519;394532;27308;76.3;75.0;5.2
02;2021-11-05;204;320;1227;401723;394852;28535;76.4;75.1;5.4
02;2021-11-06;153;237;496;401876;395089;29031;76.4;75.1;5.5
02;2021-11-07;23;28;101;401899;395117;29132;76.4;75.1;5.5
02;2021-11-08;102;140;840;402001;395257;29972;76.4;75.1;5.7
02;2021-11-09;114;162;1147;402115;395419;31119;76.4;75.2;5.9
02;2021-11-10;176;282;1458;402291;395701;32577;76.5;75.2;6.2
02;2021-11-11;9;21;72;402300;395722;32649;76.5;75.2;6.2
02;2021-11-12;221;321;1539;402521;396043;34188;76.5;75.3;6.5
02;2021-11-13;175;271;1038;402696;396314;35226;76.6;75.3;6.7
02;2021-11-14;9;9;87;402705;396323;35313;76.6;75.3;6.7
02;2021-11-15;96;138;1174;402801;396461;36487;76.6;75.4;6.9
02;2021-11-16;118;120;1279;402919;396581;37766;76.6;75.4;7.2
02;2021-11-17;220;234;1617;403139;396815;39383;76.6;75.4;7.5
02;2021-11-18;144;201;1840;403283;397016;41223;76.7;75.5;7.8
02;2021-11-19;242;268;1979;403525;397284;43202;76.7;75.5;8.2
02;2021-11-20;176;193;923;403701;397477;44125;76.7;75.6;8.4
02;2021-11-21;7;10;69;403708;397487;44194;76.7;75.6;8.4
02;2021-11-22;165;103;1414;403873;397590;45608;76.8;75.6;8.7
02;2021-11-23;138;114;1279;404011;397704;46887;76.8;75.6;8.9
02;2021-11-24;184;218;1663;404195;397922;48550;76.8;75.6;9.2
02;2021-11-25;173;159;1853;404368;398081;50403;76.9;75.7;9.6
02;2021-11-26;244;239;3319;404612;398320;53722;76.9;75.7;10.2
02;2021-11-27;232;182;2505;404844;398502;56227;77.0;75.8;10.7
02;2021-11-28;40;24;1597;404884;398526;57824;77.0;75.8;11.0
02;2021-11-29;102;110;2650;404986;398636;60474;77.0;75.8;11.5
02;2021-11-30;141;144;3559;405127;398780;64033;77.0;75.8;12.2
02;2021-12-01;150;187;3733;405277;398967;67766;77.0;75.8;12.9
02;2021-12-02;136;82;4170;405413;399049;71936;77.1;75.9;13.7
02;2021-12-03;172;208;5223;405585;399257;77159;77.1;75.9;14.7
02;2021-12-04;134;172;4327;405719;399429;81486;77.1;75.9;15.5
02;2021-12-05;21;20;1097;405740;399449;82583;77.1;75.9;15.7
02;2021-12-06;113;119;3777;405853;399568;86360;77.2;76.0;16.4
02;2021-12-07;132;128;4586;405985;399696;90946;77.2;76.0;17.3
02;2021-12-08;140;164;5295;406125;399860;96241;77.2;76.0;18.3
02;2021-12-09;147;190;4995;406272;400050;101236;77.2;76.0;19.2
02;2021-12-10;185;245;6036;406457;400295;107272;77.3;76.1;20.4
02;2021-12-11;147;202;4975;406604;400497;112247;77.3;76.1;21.3
02;2021-12-12;58;20;1706;406662;400517;113953;77.3;76.1;21.7
02;2021-12-13;111;139;4784;406773;400656;118737;77.3;76.2;22.6
02;2021-12-14;140;168;5498;406913;400824;124235;77.4;76.2;23.6
02;2021-12-15;121;209;5248;407034;401033;129483;77.4;76.2;24.6
02;2021-12-16;164;216;6216;407198;401249;135699;77.4;76.3;25.8
02;2021-12-17;171;259;7166;407369;401508;142865;77.4;76.3;27.2
02;2021-12-18;183;232;5025;407552;401740;147890;77.5;76.4;28.1
02;2021-12-19;80;31;1853;407632;401771;149743;77.5;76.4;28.5
02;2021-12-20;163;163;4476;407795;401934;154219;77.5;76.4;29.3
02;2021-12-21;213;173;6253;408008;402107;160472;77.6;76.4;30.5
02;2021-12-22;229;179;4652;408237;402286;165124;77.6;76.5;31.4
02;2021-12-23;187;204;3746;408424;402490;168870;77.6;76.5;32.1
02;2021-12-24;33;25;498;408457;402515;169368;77.6;76.5;32.2
02;2021-12-25;2;2;41;408459;402517;169409;77.6;76.5;32.2
02;2021-12-26;16;17;317;408475;402534;169726;77.6;76.5;32.3
02;2021-12-27;172;152;4486;408647;402686;174212;77.7;76.5;33.1
02;2021-12-28;203;168;5235;408850;402854;179447;77.7;76.6;34.1
03;2020-12-27;0;0;0;0;0;0;0.0;0.0;0.0
03;2020-12-28;3;0;0;3;0;0;0.0;0.0;0.0
03;2020-12-29;0;0;0;3;0;0;0.0;0.0;0.0
03;2020-12-30;1;0;0;4;0;0;0.0;0.0;0.0
03;2020-12-31;0;0;0;4;0;0;0.0;0.0;0.0
03;2021-01-01;0;0;0;4;0;0;0.0;0.0;0.0
03;2021-01-02;0;0;0;4;0;0;0.0;0.0;0.0
03;2021-01-03;0;0;0;4;0;0;0.0;0.0;0.0
03;2021-01-04;0;0;0;4;0;0;0.0;0.0;0.0
03;2021-01-05;1;0;0;5;0;0;0.0;0.0;0.0
03;2021-01-06;12;0;0;17;0;0;0.0;0.0;0.0
03;2021-01-07;73;0;0;90;0;0;0.0;0.0;0.0
03;2021-01-08;141;1;0;231;1;0;0.1;0.0;0.0
03;2021-01-09;113;0;0;344;1;0;0.1;0.0;0.0
03;2021-01-10;4;0;0;348;1;0;0.1;0.0;0.0
03;2021-01-11;411;1;0;759;2;0;0.2;0.0;0.0
03;2021-01-12;607;1;0;1366;3;0;0.4;0.0;0.0
03;2021-01-13;743;2;0;2109;5;0;0.6;0.0;0.0
03;2021-01-14;837;5;0;2946;10;0;0.9;0.0;0.0
03;2021-01-15;374;3;0;3320;13;0;1.0;0.0;0.0
03;2021-01-16;260;0;0;3580;13;0;1.1;0.0;0.0
03;2021-01-17;37;0;0;3617;13;0;1.1;0.0;0.0
03;2021-01-18;874;1;0;4491;14;0;1.4;0.0;0.0
03;2021-01-19;1190;2;0;5681;16;0;1.7;0.0;0.0
03;2021-01-20;1327;3;0;7008;19;0;2.1;0.0;0.0
03;2021-01-21;1203;3;0;8211;22;0;2.5;0.0;0.0
03;2021-01-22;1108;5;0;9319;27;0;2.8;0.0;0.0
03;2021-01-23;449;1;0;9768;28;0;2.9;0.0;0.0
03;2021-01-24;1;0;0;9769;28;0;2.9;0.0;0.0
03;2021-01-25;214;0;0;9983;28;0;3.0;0.0;0.0
03;2021-01-26;739;14;0;10722;42;0;3.2;0.0;0.0
03;2021-01-27;703;10;0;11425;52;0;3.4;0.0;0.0
03;2021-01-28;1014;56;0;12439;108;0;3.8;0.0;0.0
03;2021-01-29;823;78;0;13262;186;0;4.0;0.1;0.0
03;2021-01-30;556;6;0;13818;192;0;4.2;0.1;0.0
03;2021-01-31;0;1;0;13818;193;0;4.2;0.1;0.0
03;2021-02-01;176;82;0;13994;275;0;4.2;0.1;0.0
03;2021-02-02;731;263;0;14725;538;0;4.4;0.2;0.0
03;2021-02-03;972;455;0;15697;993;0;4.7;0.3;0.0
03;2021-02-04;1514;648;0;17211;1641;0;5.2;0.5;0.0
03;2021-02-05;884;307;0;18095;1948;0;5.5;0.6;0.0
03;2021-02-06;146;15;0;18241;1963;0;5.5;0.6;0.0
03;2021-02-07;2;0;0;18243;1963;0;5.5;0.6;0.0
03;2021-02-08;145;63;0;18388;2026;0;5.6;0.6;0.0
03;2021-02-09;587;431;0;18975;2457;0;5.7;0.7;0.0
03;2021-02-10;490;416;0;19465;2873;0;5.9;0.9;0.0
03;2021-02-11;934;531;0;20399;3404;0;6.2;1.0;0.0
03;2021-02-12;1042;565;0;21441;3969;0;6.5;1.2;0.0
03;2021-02-13;125;160;0;21566;4129;0;6.5;1.2;0.0
03;2021-02-14;4;4;0;21570;4133;0;6.5;1.2;0.0
03;2021-02-15;301;856;0;21871;4989;0;6.6;1.5;0.0
03;2021-02-16;547;1132;0;22418;6121;0;6.8;1.8;0.0
03;2021-02-17;431;1306;0;22849;7427;0;6.9;2.2;0.0
03;2021-02-18;344;1240;0;23193;8667;0;7.0;2.6;0.0
03;2021-02-19;492;767;0;23685;9434;0;7.1;2.8;0.0
03;2021-02-20;115;181;0;23800;9615;0;7.2;2.9;0.0
03;2021-02-21;2;1;0;23802;9616;0;7.2;2.9;0.0
03;2021-02-22;170;210;0;23972;9826;0;7.2;3.0;0.0
03;2021-02-23;657;837;0;24629;10663;0;7.4;3.2;0.0
03;2021-02-24;582;974;0;25211;11637;0;7.6;3.5;0.0
03;2021-02-25;1046;1758;0;26257;13395;0;7.9;4.0;0.0
03;2021-02-26;781;1293;0;27038;14688;0;8.2;4.4;0.0
03;2021-02-27;97;248;0;27135;14936;0;8.2;4.5;0.0
03;2021-02-28;1;16;0;27136;14952;0;8.2;4.5;0.0
03;2021-03-01;186;243;0;27322;15195;0;8.2;4.6;0.0
03;2021-03-02;784;663;0;28106;15858;0;8.5;4.8;0.0
03;2021-03-03;859;454;0;28965;16312;0;8.7;4.9;0.0
03;2021-03-04;1490;583;0;30455;16895;0;9.2;5.1;0.0
03;2021-03-05;1064;714;0;31519;17609;0;9.5;5.3;0.0
03;2021-03-06;895;117;0;32414;17726;0;9.8;5.4;0.0
03;2021-03-07;14;2;0;32428;17728;0;9.8;5.4;0.0
03;2021-03-08;249;249;0;32677;17977;0;9.9;5.4;0.0
03;2021-03-09;942;448;0;33619;18425;0;10.1;5.6;0.0
03;2021-03-10;924;541;0;34543;18966;0;10.4;5.7;0.0
03;2021-03-11;1615;667;0;36158;19633;0;10.9;5.9;0.0
03;2021-03-12;1256;841;0;37414;20474;0;11.3;6.2;0.0
03;2021-03-13;859;112;0;38273;20586;0;11.6;6.2;0.0
03;2021-03-14;12;7;0;38285;20593;0;11.6;6.2;0.0
03;2021-03-15;301;205;0;38586;20798;0;11.6;6.3;0.0
03;2021-03-16;647;405;0;39233;21203;0;11.8;6.4;0.0
03;2021-03-17;1278;420;0;40511;21623;0;12.2;6.5;0.0
03;2021-03-18;1680;405;0;42191;22028;0;12.7;6.6;0.0
03;2021-03-19;1657;347;0;43848;22375;0;13.2;6.8;0.0
03;2021-03-20;303;29;0;44151;22404;0;13.3;6.8;0.0
03;2021-03-21;4;0;0;44155;22404;0;13.3;6.8;0.0
03;2021-03-22;258;393;0;44413;22797;0;13.4;6.9;0.0
03;2021-03-23;1309;362;0;45722;23159;0;13.8;7.0;0.0
03;2021-03-24;1810;337;0;47532;23496;0;14.3;7.1;0.0
03;2021-03-25;2320;546;0;49852;24042;0;15.0;7.3;0.0
03;2021-03-26;2266;439;0;52118;24481;0;15.7;7.4;0.0
03;2021-03-27;818;28;0;52936;24509;0;16.0;7.4;0.0
03;2021-03-28;14;35;0;52950;24544;0;16.0;7.4;0.0
03;2021-03-29;677;176;0;53627;24720;0;16.2;7.5;0.0
03;2021-03-30;1897;452;0;55524;25172;0;16.8;7.6;0.0
03;2021-03-31;1053;926;0;56577;26098;0;17.1;7.9;0.0
03;2021-04-01;1412;1094;0;57989;27192;0;17.5;8.2;0.0
03;2021-04-02;1710;629;0;59699;27821;0;18.0;8.4;0.0
03;2021-04-03;375;109;0;60074;27930;0;18.1;8.4;0.0
03;2021-04-04;32;0;0;60106;27930;0;18.1;8.4;0.0
03;2021-04-05;40;15;0;60146;27945;0;18.2;8.4;0.0
03;2021-04-06;1123;431;0;61269;28376;0;18.5;8.6;0.0
03;2021-04-07;1571;531;0;62840;28907;0;19.0;8.7;0.0
03;2021-04-08;2130;541;0;64970;29448;0;19.6;8.9;0.0
03;2021-04-09;2047;1105;0;67017;30553;0;20.2;9.2;0.0
03;2021-04-10;952;87;0;67969;30640;0;20.5;9.2;0.0
03;2021-04-11;364;11;0;68333;30651;0;20.6;9.3;0.0
03;2021-04-12;1015;253;0;69348;30904;0;20.9;9.3;0.0
03;2021-04-13;1833;962;0;71181;31866;0;21.5;9.6;0.0
03;2021-04-14;2192;1167;0;73373;33033;0;22.1;10.0;0.0
03;2021-04-15;2534;1364;0;75907;34397;0;22.9;10.4;0.0
03;2021-04-16;2671;1175;0;78578;35572;0;23.7;10.7;0.0
03;2021-04-17;1055;419;0;79633;35991;0;24.0;10.9;0.0
03;2021-04-18;26;7;0;79659;35998;0;24.0;10.9;0.0
03;2021-04-19;1164;609;0;80823;36607;0;24.4;11.0;0.0
03;2021-04-20;1704;1273;0;82527;37880;0;24.9;11.4;0.0
03;2021-04-21;1149;1266;0;83676;39146;0;25.3;11.8;0.0
03;2021-04-22;1661;1004;0;85337;40150;0;25.8;12.1;0.0
03;2021-04-23;2372;1283;0;87709;41433;0;26.5;12.5;0.0
03;2021-04-24;1257;923;0;88966;42356;0;26.9;12.8;0.0
03;2021-04-25;370;25;0;89336;42381;0;27.0;12.8;0.0
03;2021-04-26;1301;496;0;90637;42877;0;27.4;12.9;0.0
03;2021-04-27;1687;1579;0;92324;44456;0;27.9;13.4;0.0
03;2021-04-28;1880;1172;0;94204;45628;0;28.4;13.8;0.0
03;2021-04-29;2278;1209;0;96482;46837;0;29.1;14.1;0.0
03;2021-04-30;1819;834;0;98301;47671;0;29.7;14.4;0.0
03;2021-05-01;450;492;0;98751;48163;0;29.8;14.5;0.0
03;2021-05-02;28;12;0;98779;48175;0;29.8;14.5;0.0
03;2021-05-03;1798;789;0;100577;48964;0;30.4;14.8;0.0
03;2021-05-04;2655;1658;0;103232;50622;0;31.2;15.3;0.0
03;2021-05-05;2408;1323;0;105640;51945;0;31.9;15.7;0.0
03;2021-05-06;2852;1929;0;108492;53874;0;32.7;16.3;0.0
03;2021-05-07;4323;1754;0;112815;55628;0;34.1;16.8;0.0
03;2021-05-08;562;344;0;113377;55972;0;34.2;16.9;0.0
03;2021-05-09;56;366;0;113433;56338;0;34.2;17.0;0.0
03;2021-05-10;1752;1504;0;115185;57842;0;34.8;17.5;0.0
03;2021-05-11;3434;1854;0;118619;59696;0;35.8;18.0;0.0
03;2021-05-12;2584;1474;0;121203;61170;0;36.6;18.5;0.0
03;2021-05-13;3434;350;0;124637;61520;0;37.6;18.6;0.0
03;2021-05-14;3132;1642;0;127769;63162;0;38.6;19.1;0.0
03;2021-05-15;1706;472;0;129475;63634;0;39.1;19.2;0.0
03;2021-05-16;508;54;0;129983;63688;0;39.2;19.2;0.0
03;2021-05-17;1219;879;0;131202;64567;0;39.6;19.5;0.0
03;2021-05-18;2871;1490;0;134073;66057;0;40.5;19.9;0.0
03;2021-05-19;2361;933;0;136434;66990;0;41.2;20.2;0.0
03;2021-05-20;2970;1080;0;139404;68070;0;42.1;20.5;0.0
03;2021-05-21;3552;1260;0;142956;69330;0;43.1;20.9;0.0
03;2021-05-22;1742;350;0;144698;69680;0;43.7;21.0;0.0
03;2021-05-23;599;67;0;145297;69747;0;43.9;21.1;0.0
03;2021-05-24;1938;157;0;147235;69904;0;44.4;21.1;0.0
03;2021-05-25;2758;1651;0;149993;71555;0;45.3;21.6;0.0
03;2021-05-26;1967;1035;0;151960;72590;0;45.9;21.9;0.0
03;2021-05-27;2646;1165;0;154606;73755;0;46.7;22.3;0.0
03;2021-05-28;3116;2198;0;157722;75953;0;47.6;22.9;0.0
03;2021-05-29;1312;595;0;159034;76548;0;48.0;23.1;0.0
03;2021-05-30;173;27;0;159207;76575;0;48.1;23.1;0.0
03;2021-05-31;679;597;0;159886;77172;0;48.3;23.3;0.0
03;2021-06-01;2079;2293;0;161965;79465;0;48.9;24.0;0.0
03;2021-06-02;1426;1705;0;163391;81170;0;49.3;24.5;0.0
03;2021-06-03;1874;2590;0;165265;83760;0;49.9;25.3;0.0
03;2021-06-04;1537;2434;0;166802;86194;0;50.3;26.0;0.0
03;2021-06-05;911;1109;0;167713;87303;0;50.6;26.4;0.0
03;2021-06-06;78;23;0;167791;87326;0;50.6;26.4;0.0
03;2021-06-07;634;1822;0;168425;89148;0;50.8;26.9;0.0
03;2021-06-08;1387;2479;0;169812;91627;0;51.3;27.7;0.0
03;2021-06-09;1129;1784;0;170941;93411;0;51.6;28.2;0.0
03;2021-06-10;1225;2023;0;172166;95434;0;52.0;28.8;0.0
03;2021-06-11;1297;3224;0;173463;98658;0;52.4;29.8;0.0
03;2021-06-12;729;830;0;174192;99488;0;52.6;30.0;0.0
03;2021-06-13;42;28;0;174234;99516;0;52.6;30.0;0.0
03;2021-06-14;427;2002;0;174661;101518;0;52.7;30.6;0.0
03;2021-06-15;1169;3535;0;175830;105053;0;53.1;31.7;0.0
03;2021-06-16;773;2655;0;176603;107708;0;53.3;32.5;0.0
03;2021-06-17;1010;3056;0;177613;110764;0;53.6;33.4;0.0
03;2021-06-18;1053;3647;0;178666;114411;0;53.9;34.5;0.0
03;2021-06-19;571;1369;0;179237;115780;0;54.1;34.9;0.0
03;2021-06-20;29;26;0;179266;115806;0;54.1;35.0;0.0
03;2021-06-21;450;2358;0;179716;118164;0;54.2;35.7;0.0
03;2021-06-22;880;3589;0;180596;121753;0;54.5;36.7;0.0
03;2021-06-23;599;2794;0;181195;124547;0;54.7;37.6;0.0
03;2021-06-24;836;3506;0;182031;128053;0;54.9;38.6;0.0
03;2021-06-25;853;3451;0;182884;131504;0;55.2;39.7;0.0
03;2021-06-26;480;1813;0;183364;133317;0;55.3;40.2;0.0
03;2021-06-27;58;488;0;183422;133805;0;55.4;40.4;0.0
03;2021-06-28;606;1865;0;184028;135670;0;55.5;40.9;0.0
03;2021-06-29;973;3141;0;185001;138811;0;55.8;41.9;0.0
03;2021-06-30;773;2842;0;185774;141653;0;56.1;42.8;0.0
03;2021-07-01;907;2755;0;186681;144408;0;56.3;43.6;0.0
03;2021-07-02;880;3627;0;187561;148035;0;56.6;44.7;0.0
03;2021-07-03;450;1640;0;188011;149675;0;56.7;45.2;0.0
03;2021-07-04;35;294;0;188046;149969;0;56.8;45.3;0.0
03;2021-07-05;722;2072;0;188768;152041;0;57.0;45.9;0.0
03;2021-07-06;1073;3182;0;189841;155223;0;57.3;46.9;0.0
03;2021-07-07;789;2280;0;190630;157503;0;57.5;47.5;0.0
03;2021-07-08;941;2763;0;191571;160266;0;57.8;48.4;0.0
03;2021-07-09;1213;3032;0;192784;163298;0;58.2;49.3;0.0
03;2021-07-10;406;1469;0;193190;164767;0;58.3;49.7;0.0
03;2021-07-11;73;386;0;193263;165153;0;58.3;49.8;0.0
03;2021-07-12;833;1238;0;194096;166391;0;58.6;50.2;0.0
03;2021-07-13;2217;2922;0;196313;169313;0;59.3;51.1;0.0
03;2021-07-14;231;84;0;196544;169397;0;59.3;51.1;0.0
03;2021-07-15;2246;2205;0;198790;171602;0;60.0;51.8;0.0
03;2021-07-16;2334;2034;0;201124;173636;0;60.7;52.4;0.0
03;2021-07-17;921;1383;0;202045;175019;0;61.0;52.8;0.0
03;2021-07-18;82;21;0;202127;175040;0;61.0;52.8;0.0
03;2021-07-19;2081;1257;0;204208;176297;0;61.6;53.2;0.0
03;2021-07-20;2698;2825;0;206906;179122;0;62.4;54.1;0.0
03;2021-07-21;2711;1311;0;209617;180433;0;63.3;54.5;0.0
03;2021-07-22;2494;1730;0;212111;182163;0;64.0;55.0;0.0
03;2021-07-23;2733;1183;0;214844;183346;0;64.8;55.3;0.0
03;2021-07-24;648;539;0;215492;183885;0;65.0;55.5;0.0
03;2021-07-25;103;45;0;215595;183930;0;65.1;55.5;0.0
03;2021-07-26;1807;1440;0;217402;185370;0;65.6;55.9;0.0
03;2021-07-27;2915;1913;0;220317;187283;0;66.5;56.5;0.0
03;2021-07-28;2335;993;0;222652;188276;0;67.2;56.8;0.0
03;2021-07-29;2144;1349;0;224796;189625;0;67.8;57.2;0.0
03;2021-07-30;1930;1250;0;226726;190875;0;68.4;57.6;0.0
03;2021-07-31;837;738;0;227563;191613;0;68.7;57.8;0.0
03;2021-08-01;55;31;0;227618;191644;0;68.7;57.8;0.0
03;2021-08-02;1515;1459;0;229133;193103;0;69.2;58.3;0.0
03;2021-08-03;1977;2481;0;231110;195584;0;69.8;59.0;0.0
03;2021-08-04;1827;839;0;232937;196423;0;70.3;59.3;0.0
03;2021-08-05;1232;1653;0;234169;198076;0;70.7;59.8;0.0
03;2021-08-06;1261;977;0;235430;199053;0;71.1;60.1;0.0
03;2021-08-07;563;535;0;235993;199588;0;71.2;60.2;0.0
03;2021-08-08;82;72;0;236075;199660;0;71.3;60.3;0.0
03;2021-08-09;660;1319;0;236735;200979;0;71.5;60.7;0.0
03;2021-08-10;1570;2986;0;238305;203965;0;71.9;61.6;0.0
03;2021-08-11;1211;2124;0;239516;206089;0;72.3;62.2;0.0
03;2021-08-12;1045;2872;0;240561;208961;0;72.6;63.1;0.0
03;2021-08-13;815;1147;0;241376;210108;0;72.9;63.4;0.0
03;2021-08-14;387;594;0;241763;210702;0;73.0;63.6;0.0
03;2021-08-15;18;98;0;241781;210800;0;73.0;63.6;0.0
03;2021-08-16;678;2387;0;242459;213187;0;73.2;64.3;0.0
03;2021-08-17;1006;2795;0;243465;215982;0;73.5;65.2;0.0
03;2021-08-18;1094;1949;0;244559;217931;0;73.8;65.8;0.0
03;2021-08-19;927;2522;0;245486;220453;0;74.1;66.5;0.0
03;2021-08-20;725;1189;0;246211;221642;0;74.3;66.9;0.0
03;2021-08-21;395;722;0;246606;222364;0;74.4;67.1;0.0
03;2021-08-22;23;34;0;246629;222398;0;74.4;67.1;0.0
03;2021-08-23;715;2062;0;247344;224460;0;74.7;67.7;0.0
03;2021-08-24;843;2130;0;248187;226590;0;74.9;68.4;0.0
03;2021-08-25;835;1725;0;249022;228315;0;75.2;68.9;0.0
03;2021-08-26;528;1319;0;249550;229634;0;75.3;69.3;0.0
03;2021-08-27;458;1549;0;250008;231183;0;75.5;69.8;0.0
03;2021-08-28;217;621;0;250225;231804;0;75.5;70.0;0.0
03;2021-08-29;11;17;0;250236;231821;0;75.5;70.0;0.0
03;2021-08-30;717;1330;22;250953;233151;22;75.7;70.4;0.0
03;2021-08-31;681;1867;107;251634;235018;129;76.0;70.9;0.0
03;2021-09-01;574;1267;218;252208;236285;347;76.1;71.3;0.1
03;2021-09-02;452;1002;146;252660;237287;493;76.3;71.6;0.1
03;2021-09-03;482;1097;134;253142;238384;627;76.4;72.0;0.2
03;2021-09-04;252;601;27;253394;238985;654;76.5;72.1;0.2
03;2021-09-05;12;35;3;253406;239020;657;76.5;72.1;0.2
03;2021-09-06;313;690;417;253719;239710;1074;76.6;72.4;0.3
03;2021-09-07;566;1093;468;254285;240803;1542;76.8;72.7;0.5
03;2021-09-08;384;1203;306;254669;242006;1848;76.9;73.0;0.6
03;2021-09-09;242;612;292;254911;242618;2140;76.9;73.2;0.6
03;2021-09-10;409;914;327;255320;243532;2467;77.1;73.5;0.7
03;2021-09-11;200;601;42;255520;244133;2509;77.1;73.7;0.8
03;2021-09-12;7;19;2;255527;244152;2511;77.1;73.7;0.8
03;2021-09-13;275;603;314;255802;244755;2825;77.2;73.9;0.9
03;2021-09-14;412;884;527;256214;245639;3352;77.3;74.1;1.0
03;2021-09-15;337;960;386;256551;246599;3738;77.4;74.4;1.1
03;2021-09-16;200;547;421;256751;247146;4159;77.5;74.6;1.3
03;2021-09-17;166;383;335;256917;247529;4494;77.5;74.7;1.4
03;2021-09-18;144;324;103;257061;247853;4597;77.6;74.8;1.4
03;2021-09-19;3;19;0;257064;247872;4597;77.6;74.8;1.4
03;2021-09-20;182;423;422;257246;248295;5019;77.6;74.9;1.5
03;2021-09-21;239;670;673;257485;248965;5692;77.7;75.1;1.7
03;2021-09-22;259;663;657;257744;249628;6349;77.8;75.3;1.9
03;2021-09-23;160;424;630;257904;250052;6979;77.8;75.5;2.1
03;2021-09-24;146;350;304;258050;250402;7283;77.9;75.6;2.2
03;2021-09-25;61;268;44;258111;250670;7327;77.9;75.7;2.2
03;2021-09-26;2;2;0;258113;250672;7327;77.9;75.7;2.2
03;2021-09-27;120;336;287;258233;251008;7614;77.9;75.8;2.3
03;2021-09-28;171;583;694;258404;251591;8308;78.0;75.9;2.5
03;2021-09-29;195;463;602;258599;252054;8910;78.1;76.1;2.7
03;2021-09-30;119;236;468;258718;252290;9378;78.1;76.1;2.8
03;2021-10-01;165;477;326;258883;252767;9704;78.1;76.3;2.9
03;2021-10-02;89;191;136;258972;252958;9840;78.2;76.3;3.0
03;2021-10-03;0;1;6;258972;252959;9846;78.2;76.3;3.0
03;2021-10-04;51;118;228;259023;253077;10074;78.2;76.4;3.0
03;2021-10-05;158;369;623;259181;253446;10697;78.2;76.5;3.2
03;2021-10-06;260;496;756;259441;253942;11453;78.3;76.6;3.5
03;2021-10-07;95;202;542;259536;254144;11995;78.3;76.7;3.6
03;2021-10-08;137;284;501;259673;254428;12496;78.4;76.8;3.8
03;2021-10-09;105;175;229;259778;254603;12725;78.4;76.8;3.8
03;2021-10-10;6;8;73;259784;254611;12798;78.4;76.8;3.9
03;2021-10-11;168;276;569;259952;254887;13367;78.5;76.9;4.0
03;2021-10-12;167;275;711;260119;255162;14078;78.5;77.0;4.2
03;2021-10-13;243;364;755;260362;255526;14833;78.6;77.1;4.5
03;2021-10-14;90;159;578;260452;255685;15411;78.6;77.2;4.7
03;2021-10-15;97;188;308;260549;255873;15719;78.6;77.2;4.7
03;2021-10-16;72;100;149;260621;255973;15868;78.7;77.3;4.8
03;2021-10-17;2;2;4;260623;255975;15872;78.7;77.3;4.8
03;2021-10-18;71;121;372;260694;256096;16244;78.7;77.3;4.9
03;2021-10-19;92;136;547;260786;256232;16791;78.7;77.3;5.1
03;2021-10-20;165;323;1045;260951;256555;17836;78.8;77.4;5.4
03;2021-10-21;68;102;732;261019;256657;18568;78.8;77.5;5.6
03;2021-10-22;93;184;578;261112;256841;19146;78.8;77.5;5.8
03;2021-10-23;25;91;152;261137;256932;19298;78.8;77.5;5.8
03;2021-10-24;3;1;10;261140;256933;19308;78.8;77.5;5.8
03;2021-10-25;61;57;486;261201;256990;19794;78.8;77.6;6.0
03;2021-10-26;69;116;457;261270;257106;20251;78.9;77.6;6.1
03;2021-10-27;129;263;1285;261399;257369;21536;78.9;77.7;6.5
03;2021-10-28;70;95;691;261469;257464;22227;78.9;77.7;6.7
03;2021-10-29;59;118;491;261528;257582;22718;78.9;77.7;6.9
03;2021-10-30;28;58;149;261556;257640;22867;78.9;77.8;6.9
03;2021-10-31;0;2;5;261556;257642;22872;78.9;77.8;6.9
03;2021-11-01;8;20;34;261564;257662;22906;78.9;77.8;6.9
03;2021-11-02;58;133;643;261622;257795;23549;79.0;77.8;7.1
03;2021-11-03;144;314;1320;261766;258109;24869;79.0;77.9;7.5
03;2021-11-04;46;117;896;261812;258226;25765;79.0;77.9;7.8
03;2021-11-05;79;122;771;261891;258348;26536;79.0;78.0;8.0
03;2021-11-06;20;72;244;261911;258420;26780;79.1;78.0;8.1
03;2021-11-07;1;4;16;261912;258424;26796;79.1;78.0;8.1
03;2021-11-08;40;101;654;261952;258525;27450;79.1;78.0;8.3
03;2021-11-09;58;98;976;262010;258623;28426;79.1;78.1;8.6
03;2021-11-10;146;236;2032;262156;258859;30458;79.1;78.1;9.2
03;2021-11-11;3;5;44;262159;258864;30502;79.1;78.1;9.2
03;2021-11-12;38;97;655;262197;258961;31157;79.1;78.2;9.4
03;2021-11-13;21;23;344;262218;258984;31501;79.1;78.2;9.5
03;2021-11-14;1;5;9;262219;258989;31510;79.1;78.2;9.5
03;2021-11-15;41;63;853;262260;259052;32363;79.2;78.2;9.8
03;2021-11-16;61;82;1244;262321;259134;33607;79.2;78.2;10.1
03;2021-11-17;150;180;1983;262471;259314;35590;79.2;78.3;10.7
03;2021-11-18;69;75;1680;262540;259389;37270;79.2;78.3;11.2
03;2021-11-19;103;117;1455;262643;259506;38725;79.3;78.3;11.7
03;2021-11-20;46;37;570;262689;259543;39295;79.3;78.3;11.9
03;2021-11-21;0;4;16;262689;259547;39311;79.3;78.3;11.9
03;2021-11-22;57;31;934;262746;259578;40245;79.3;78.3;12.1
03;2021-11-23;59;45;1243;262805;259623;41488;79.3;78.4;12.5
03;2021-11-24;136;136;2017;262941;259759;43505;79.4;78.4;13.1
03;2021-11-25;70;67;1797;263011;259826;45302;79.4;78.4;13.7
03;2021-11-26;88;97;1919;263099;259923;47221;79.4;78.5;14.3
03;2021-11-27;32;41;659;263131;259964;47880;79.4;78.5;14.5
03;2021-11-28;1;3;38;263132;259967;47918;79.4;78.5;14.5
03;2021-11-29;42;59;1637;263174;260026;49555;79.4;78.5;15.0
03;2021-11-30;79;72;3144;263253;260098;52699;79.5;78.5;15.9
03;2021-12-01;78;126;3131;263331;260224;55830;79.5;78.5;16.9
03;2021-12-02;54;42;3673;263385;260266;59503;79.5;78.6;18.0
03;2021-12-03;66;60;3143;263451;260326;62646;79.5;78.6;18.9
03;2021-12-04;51;33;1660;263502;260359;64306;79.5;78.6;19.4
03;2021-12-05;1;3;75;263503;260362;64381;79.5;78.6;19.4
03;2021-12-06;39;50;2903;263542;260412;67284;79.5;78.6;20.3
03;2021-12-07;69;77;4308;263611;260489;71592;79.6;78.6;21.6
03;2021-12-08;51;145;3860;263662;260634;75452;79.6;78.7;22.8
03;2021-12-09;79;74;4355;263741;260708;79807;79.6;78.7;24.1
03;2021-12-10;79;111;5127;263820;260819;84934;79.6;78.7;25.6
03;2021-12-11;36;40;2199;263856;260859;87133;79.6;78.7;26.3
03;2021-12-12;2;5;102;263858;260864;87235;79.6;78.7;26.3
03;2021-12-13;56;69;3391;263914;260933;90626;79.7;78.8;27.4
03;2021-12-14;86;89;5067;264000;261022;95693;79.7;78.8;28.9
03;2021-12-15;66;138;4959;264066;261160;100652;79.7;78.8;30.4
03;2021-12-16;69;96;5498;264135;261256;106150;79.7;78.9;32.0
03;2021-12-17;88;129;4827;264223;261385;110977;79.7;78.9;33.5
03;2021-12-18;57;50;2575;264280;261435;113552;79.8;78.9;34.3
03;2021-12-19;17;9;510;264297;261444;114062;79.8;78.9;34.4
03;2021-12-20;74;59;3287;264371;261503;117349;79.8;78.9;35.4
03;2021-12-21;101;92;4398;264472;261595;121747;79.8;79.0;36.7
03;2021-12-22;97;70;3158;264569;261665;124905;79.9;79.0;37.7
03;2021-12-23;62;64;2627;264631;261729;127532;79.9;79.0;38.5
03;2021-12-24;16;13;380;264647;261742;127912;79.9;79.0;38.6
03;2021-12-25;0;2;28;264647;261744;127940;79.9;79.0;38.6
03;2021-12-26;5;4;43;264652;261748;127983;79.9;79.0;38.6
03;2021-12-27;84;48;2170;264736;261796;130153;79.9;79.0;39.3
03;2021-12-28;119;97;3683;264855;261893;133836;79.9;79.0;40.4
04;2020-12-27;0;0;0;0;0;0;0.0;0.0;0.0
04;2020-12-28;0;0;0;0;0;0;0.0;0.0;0.0
04;2020-12-29;0;0;0;0;0;0;0.0;0.0;0.0
04;2020-12-30;0;0;0;0;0;0;0.0;0.0;0.0
04;2020-12-31;0;0;0;0;0;0;0.0;0.0;0.0
04;2021-01-01;0;0;0;0;0;0;0.0;0.0;0.0
04;2021-01-02;0;0;0;0;0;0;0.0;0.0;0.0
04;2021-01-03;0;0;0;0;0;0;0.0;0.0;0.0
04;2021-01-04;1;0;0;1;0;0;0.0;0.0;0.0
04;2021-01-05;4;0;0;5;0;0;0.0;0.0;0.0
04;2021-01-06;2;0;0;7;0;0;0.0;0.0;0.0
04;2021-01-07;53;0;0;60;0;0;0.0;0.0;0.0
04;2021-01-08;91;0;0;151;0;0;0.1;0.0;0.0
04;2021-01-09;29;0;0;180;0;0;0.1;0.0;0.0
04;2021-01-10;0;0;0;180;0;0;0.1;0.0;0.0
04;2021-01-11;75;0;0;255;0;0;0.2;0.0;0.0
04;2021-01-12;356;0;0;611;0;0;0.4;0.0;0.0
04;2021-01-13;209;2;0;820;2;0;0.5;0.0;0.0
04;2021-01-14;95;4;0;915;6;0;0.6;0.0;0.0
04;2021-01-15;172;4;0;1087;10;0;0.7;0.0;0.0
04;2021-01-16;80;2;0;1167;12;0;0.7;0.0;0.0
04;2021-01-17;14;0;0;1181;12;0;0.7;0.0;0.0
04;2021-01-18;223;5;0;1404;17;0;0.8;0.0;0.0
04;2021-01-19;446;4;0;1850;21;0;1.1;0.0;0.0
04;2021-01-20;531;9;0;2381;30;0;1.4;0.0;0.0
04;2021-01-21;531;3;0;2912;33;0;1.8;0.0;0.0
04;2021-01-22;541;1;0;3453;34;0;2.1;0.0;0.0
04;2021-01-23;95;1;0;3548;35;0;2.1;0.0;0.0
04;2021-01-24;0;0;0;3548;35;0;2.1;0.0;0.0
04;2021-01-25;225;0;0;3773;35;0;2.3;0.0;0.0
04;2021-01-26;584;2;0;4357;37;0;2.6;0.0;0.0
04;2021-01-27;449;1;0;4806;38;0;2.9;0.0;0.0
04;2021-01-28;565;22;0;5371;60;0;3.3;0.0;0.0
04;2021-01-29;326;65;0;5697;125;0;3.4;0.1;0.0
04;2021-01-30;49;28;0;5746;153;0;3.5;0.1;0.0
04;2021-01-31;1;3;0;5747;156;0;3.5;0.1;0.0
04;2021-02-01;251;126;0;5998;282;0;3.6;0.2;0.0
04;2021-02-02;513;208;0;6511;490;0;3.9;0.3;0.0
04;2021-02-03;296;135;0;6807;625;0;4.1;0.4;0.0
04;2021-02-04;302;65;0;7109;690;0;4.3;0.4;0.0
04;2021-02-05;352;192;0;7461;882;0;4.5;0.5;0.0
04;2021-02-06;33;74;0;7494;956;0;4.5;0.6;0.0
04;2021-02-07;3;12;0;7497;968;0;4.5;0.6;0.0
04;2021-02-08;159;74;0;7656;1042;0;4.6;0.6;0.0
04;2021-02-09;155;147;0;7811;1189;0;4.7;0.7;0.0
04;2021-02-10;253;177;0;8064;1366;0;4.9;0.8;0.0
04;2021-02-11;321;279;0;8385;1645;0;5.1;1.0;0.0
04;2021-02-12;286;309;0;8671;1954;0;5.2;1.2;0.0
04;2021-02-13;22;88;0;8693;2042;0;5.3;1.2;0.0
04;2021-02-14;0;1;0;8693;2043;0;5.3;1.2;0.0
04;2021-02-15;29;149;0;8722;2192;0;5.3;1.3;0.0
04;2021-02-16;80;455;0;8802;2647;0;5.3;1.6;0.0
04;2021-02-17;64;388;0;8866;3035;0;5.4;1.8;0.0
04;2021-02-18;56;547;0;8922;3582;0;5.4;2.2;0.0
04;2021-02-19;61;327;0;8983;3909;0;5.4;2.4;0.0
04;2021-02-20;7;59;0;8990;3968;0;5.4;2.4;0.0
04;2021-02-21;0;0;0;8990;3968;0;5.4;2.4;0.0
04;2021-02-22;15;284;0;9005;4252;0;5.5;2.6;0.0
04;2021-02-23;29;528;0;9034;4780;0;5.5;2.9;0.0
04;2021-02-24;43;400;0;9077;5180;0;5.5;3.1;0.0
04;2021-02-25;71;327;0;9148;5507;0;5.5;3.3;0.0
04;2021-02-26;207;299;0;9355;5806;0;5.7;3.5;0.0
04;2021-02-27;158;64;0;9513;5870;0;5.8;3.6;0.0
04;2021-02-28;0;0;0;9513;5870;0;5.8;3.6;0.0
04;2021-03-01;24;79;0;9537;5949;0;5.8;3.6;0.0
04;2021-03-02;141;45;0;9678;5994;0;5.9;3.6;0.0
04;2021-03-03;354;553;0;10032;6547;0;6.1;4.0;0.0
04;2021-03-04;212;439;0;10244;6986;0;6.2;4.2;0.0
04;2021-03-05;247;304;0;10491;7290;0;6.4;4.4;0.0
04;2021-03-06;849;61;0;11340;7351;0;6.9;4.4;0.0
04;2021-03-07;468;24;0;11808;7375;0;7.1;4.5;0.0
04;2021-03-08;62;87;0;11870;7462;0;7.2;4.5;0.0
04;2021-03-09;215;208;0;12085;7670;0;7.3;4.6;0.0
04;2021-03-10;400;302;0;12485;7972;0;7.6;4.8;0.0
04;2021-03-11;488;325;0;12973;8297;0;7.9;5.0;0.0
04;2021-03-12;681;207;0;13654;8504;0;8.3;5.1;0.0
04;2021-03-13;994;56;0;14648;8560;0;8.9;5.2;0.0
04;2021-03-14;412;7;0;15060;8567;0;9.1;5.2;0.0
04;2021-03-15;115;14;0;15175;8581;0;9.2;5.2;0.0
04;2021-03-16;88;15;0;15263;8596;0;9.2;5.2;0.0
04;2021-03-17;541;88;0;15804;8684;0;9.6;5.3;0.0
04;2021-03-18;786;34;0;16590;8718;0;10.0;5.3;0.0
04;2021-03-19;719;40;0;17309;8758;0;10.5;5.3;0.0
04;2021-03-20;150;4;0;17459;8762;0;10.6;5.3;0.0
04;2021-03-21;2;0;0;17461;8762;0;10.6;5.3;0.0
04;2021-03-22;151;19;0;17612;8781;0;10.7;5.3;0.0
04;2021-03-23;264;17;0;17876;8798;0;10.8;5.3;0.0
04;2021-03-24;1006;40;0;18882;8838;0;11.4;5.3;0.0
04;2021-03-25;1218;60;0;20100;8898;0;12.2;5.4;0.0
04;2021-03-26;1394;77;0;21494;8975;0;13.0;5.4;0.0
04;2021-03-27;240;17;0;21734;8992;0;13.2;5.4;0.0
04;2021-03-28;11;0;0;21745;8992;0;13.2;5.4;0.0
04;2021-03-29;663;27;0;22408;9019;0;13.6;5.5;0.0
04;2021-03-30;1035;143;0;23443;9162;0;14.2;5.5;0.0
04;2021-03-31;1260;114;0;24703;9276;0;15.0;5.6;0.0
04;2021-04-01;1054;134;0;25757;9410;0;15.6;5.7;0.0
04;2021-04-02;1120;127;0;26877;9537;0;16.3;5.8;0.0
04;2021-04-03;219;29;0;27096;9566;0;16.4;5.8;0.0
04;2021-04-04;12;4;0;27108;9570;0;16.4;5.8;0.0
04;2021-04-05;44;4;0;27152;9574;0;16.4;5.8;0.0
04;2021-04-06;895;153;0;28047;9727;0;17.0;5.9;0.0
04;2021-04-07;840;431;0;28887;10158;0;17.5;6.1;0.0
04;2021-04-08;875;637;0;29762;10795;0;18.0;6.5;0.0
04;2021-04-09;673;424;0;30435;11219;0;18.4;6.8;0.0
04;2021-04-10;238;160;0;30673;11379;0;18.6;6.9;0.0
04;2021-04-11;134;51;0;30807;11430;0;18.6;6.9;0.0
04;2021-04-12;604;127;0;31411;11557;0;19.0;7.0;0.0
04;2021-04-13;1050;238;0;32461;11795;0;19.6;7.1;0.0
04;2021-04-14;911;494;0;33372;12289;0;20.2;7.4;0.0
04;2021-04-15;833;641;0;34205;12930;0;20.7;7.8;0.0
04;2021-04-16;781;468;0;34986;13398;0;21.2;8.1;0.0
04;2021-04-17;217;86;0;35203;13484;0;21.3;8.2;0.0
04;2021-04-18;11;15;0;35214;13499;0;21.3;8.2;0.0
04;2021-04-19;356;297;0;35570;13796;0;21.5;8.4;0.0
04;2021-04-20;892;434;0;36462;14230;0;22.1;8.6;0.0
04;2021-04-21;631;717;0;37093;14947;0;22.5;9.0;0.0
04;2021-04-22;660;773;0;37753;15720;0;22.9;9.5;0.0
04;2021-04-23;676;535;0;38429;16255;0;23.3;9.8;0.0
04;2021-04-24;147;68;0;38576;16323;0;23.4;9.9;0.0
04;2021-04-25;6;8;0;38582;16331;0;23.4;9.9;0.0
04;2021-04-26;201;617;0;38783;16948;0;23.5;10.3;0.0
04;2021-04-27;389;882;0;39172;17830;0;23.7;10.8;0.0
04;2021-04-28;457;1012;0;39629;18842;0;24.0;11.4;0.0
04;2021-04-29;667;1025;0;40296;19867;0;24.4;12.0;0.0
04;2021-04-30;489;814;0;40785;20681;0;24.7;12.5;0.0
04;2021-05-01;96;25;0;40881;20706;0;24.7;12.5;0.0
04;2021-05-02;19;116;0;40900;20822;0;24.8;12.6;0.0
04;2021-05-03;193;545;0;41093;21367;0;24.9;12.9;0.0
04;2021-05-04;537;810;0;41630;22177;0;25.2;13.4;0.0
04;2021-05-05;475;882;0;42105;23059;0;25.5;14.0;0.0
04;2021-05-06;1048;559;0;43153;23618;0;26.1;14.3;0.0
04;2021-05-07;664;707;0;43817;24325;0;26.5;14.7;0.0
04;2021-05-08;88;78;0;43905;24403;0;26.6;14.8;0.0
04;2021-05-09;14;6;0;43919;24409;0;26.6;14.8;0.0
04;2021-05-10;488;359;0;44407;24768;0;26.9;15.0;0.0
04;2021-05-11;1159;851;0;45566;25619;0;27.6;15.5;0.0
04;2021-05-12;1360;680;0;46926;26299;0;28.4;15.9;0.0
04;2021-05-13;401;116;0;47327;26415;0;28.6;16.0;0.0
04;2021-05-14;494;300;0;47821;26715;0;28.9;16.2;0.0
04;2021-05-15;205;128;0;48026;26843;0;29.1;16.2;0.0
04;2021-05-16;50;8;0;48076;26851;0;29.1;16.3;0.0
04;2021-05-17;220;310;0;48296;27161;0;29.2;16.4;0.0
04;2021-05-18;451;922;0;48747;28083;0;29.5;17.0;0.0
04;2021-05-19;793;657;0;49540;28740;0;30.0;17.4;0.0
04;2021-05-20;1191;573;0;50731;29313;0;30.7;17.7;0.0
04;2021-05-21;909;765;0;51640;30078;0;31.3;18.2;0.0
04;2021-05-22;167;130;0;51807;30208;0;31.4;18.3;0.0
04;2021-05-23;24;6;0;51831;30214;0;31.4;18.3;0.0
04;2021-05-24;76;41;0;51907;30255;0;31.4;18.3;0.0
04;2021-05-25;855;549;0;52762;30804;0;31.9;18.6;0.0
04;2021-05-26;1018;756;0;53780;31560;0;32.6;19.1;0.0
04;2021-05-27;1279;606;0;55059;32166;0;33.3;19.5;0.0
04;2021-05-28;1073;650;0;56132;32816;0;34.0;19.9;0.0
04;2021-05-29;149;366;0;56281;33182;0;34.1;20.1;0.0
04;2021-05-30;15;8;0;56296;33190;0;34.1;20.1;0.0
04;2021-05-31;509;443;0;56805;33633;0;34.4;20.4;0.0
04;2021-06-01;731;613;0;57536;34246;0;34.8;20.7;0.0
04;2021-06-02;940;1018;0;58476;35264;0;35.4;21.3;0.0
04;2021-06-03;1132;773;0;59608;36037;0;36.1;21.8;0.0
04;2021-06-04;1008;790;0;60616;36827;0;36.7;22.3;0.0
04;2021-06-05;185;212;0;60801;37039;0;36.8;22.4;0.0
04;2021-06-06;23;27;0;60824;37066;0;36.8;22.4;0.0
04;2021-06-07;587;369;0;61411;37435;0;37.2;22.7;0.0
04;2021-06-08;792;582;0;62203;38017;0;37.7;23.0;0.0
04;2021-06-09;1085;683;0;63288;38700;0;38.3;23.4;0.0
04;2021-06-10;1051;577;0;64339;39277;0;38.9;23.8;0.0
04;2021-06-11;872;661;0;65211;39938;0;39.5;24.2;0.0
04;2021-06-12;255;167;0;65466;40105;0;39.6;24.3;0.0
04;2021-06-13;18;10;0;65484;40115;0;39.6;24.3;0.0
04;2021-06-14;469;386;0;65953;40501;0;39.9;24.5;0.0
04;2021-06-15;621;939;0;66574;41440;0;40.3;25.1;0.0
04;2021-06-16;905;740;0;67479;42180;0;40.8;25.5;0.0
04;2021-06-17;862;891;0;68341;43071;0;41.4;26.1;0.0
04;2021-06-18;713;859;0;69054;43930;0;41.8;26.6;0.0
04;2021-06-19;100;161;0;69154;44091;0;41.9;26.7;0.0
04;2021-06-20;12;22;0;69166;44113;0;41.9;26.7;0.0
04;2021-06-21;295;635;0;69461;44748;0;42.0;27.1;0.0
04;2021-06-22;374;1277;0;69835;46025;0;42.3;27.9;0.0
04;2021-06-23;433;1257;0;70268;47282;0;42.5;28.6;0.0
04;2021-06-24;699;793;0;70967;48075;0;43.0;29.1;0.0
04;2021-06-25;444;693;0;71411;48768;0;43.2;29.5;0.0
04;2021-06-26;79;241;0;71490;49009;0;43.3;29.7;0.0
04;2021-06-27;10;25;0;71500;49034;0;43.3;29.7;0.0
04;2021-06-28;161;416;0;71661;49450;0;43.4;29.9;0.0
04;2021-06-29;365;856;0;72026;50306;0;43.6;30.5;0.0
04;2021-06-30;493;1104;0;72519;51410;0;43.9;31.1;0.0
04;2021-07-01;525;1158;0;73044;52568;0;44.2;31.8;0.0
04;2021-07-02;497;1096;0;73541;53664;0;44.5;32.5;0.0
04;2021-07-03;92;223;0;73633;53887;0;44.6;32.6;0.0
04;2021-07-04;14;28;0;73647;53915;0;44.6;32.6;0.0
04;2021-07-05;155;417;0;73802;54332;0;44.7;32.9;0.0
04;2021-07-06;441;1349;0;74243;55681;0;44.9;33.7;0.0
04;2021-07-07;472;1269;0;74715;56950;0;45.2;34.5;0.0
04;2021-07-08;627;1205;0;75342;58155;0;45.6;35.2;0.0
04;2021-07-09;554;1078;0;75896;59233;0;45.9;35.9;0.0
04;2021-07-10;122;215;0;76018;59448;0;46.0;36.0;0.0
04;2021-07-11;16;47;0;76034;59495;0;46.0;36.0;0.0
04;2021-07-12;154;708;0;76188;60203;0;46.1;36.4;0.0
04;2021-07-13;745;1462;0;76933;61665;0;46.6;37.3;0.0
04;2021-07-14;91;81;0;77024;61746;0;46.6;37.4;0.0
04;2021-07-15;1001;1501;0;78025;63247;0;47.2;38.3;0.0
04;2021-07-16;1049;1139;0;79074;64386;0;47.9;39.0;0.0
04;2021-07-17;455;276;0;79529;64662;0;48.1;39.1;0.0
04;2021-07-18;121;42;0;79650;64704;0;48.2;39.2;0.0
04;2021-07-19;512;694;0;80162;65398;0;48.5;39.6;0.0
04;2021-07-20;1187;1321;0;81349;66719;0;49.2;40.4;0.0
04;2021-07-21;947;1089;0;82296;67808;0;49.8;41.0;0.0
04;2021-07-22;1327;1188;0;83623;68996;0;50.6;41.8;0.0
04;2021-07-23;1150;1096;0;84773;70092;0;51.3;42.4;0.0
04;2021-07-24;594;250;0;85367;70342;0;51.7;42.6;0.0
04;2021-07-25;55;30;0;85422;70372;0;51.7;42.6;0.0
04;2021-07-26;516;638;0;85938;71010;0;52.0;43.0;0.0
04;2021-07-27;1232;927;0;87170;71937;0;52.8;43.5;0.0
04;2021-07-28;1115;989;0;88285;72926;0;53.4;44.1;0.0
04;2021-07-29;1367;1083;0;89652;74009;0;54.3;44.8;0.0
04;2021-07-30;1168;821;0;90820;74830;0;55.0;45.3;0.0
04;2021-07-31;293;193;0;91113;75023;0;55.2;45.4;0.0
04;2021-08-01;55;27;0;91168;75050;0;55.2;45.4;0.0
04;2021-08-02;259;175;0;91427;75225;0;55.3;45.5;0.0
04;2021-08-03;1156;935;0;92583;76160;0;56.0;46.1;0.0
04;2021-08-04;1078;715;0;93661;76875;0;56.7;46.5;0.0
04;2021-08-05;978;563;0;94639;77438;0;57.3;46.9;0.0
04;2021-08-06;576;461;0;95215;77899;0;57.6;47.2;0.0
04;2021-08-07;206;228;0;95421;78127;0;57.8;47.3;0.0
04;2021-08-08;44;25;0;95465;78152;0;57.8;47.3;0.0
04;2021-08-09;204;222;0;95669;78374;0;57.9;47.4;0.0
04;2021-08-10;588;844;0;96257;79218;0;58.3;48.0;0.0
04;2021-08-11;1074;912;0;97331;80130;0;58.9;48.5;0.0
04;2021-08-12;978;1077;0;98309;81207;0;59.5;49.2;0.0
04;2021-08-13;486;438;0;98795;81645;0;59.8;49.4;0.0
04;2021-08-14;144;161;0;98939;81806;0;59.9;49.5;0.0
04;2021-08-15;17;21;0;98956;81827;0;59.9;49.5;0.0
04;2021-08-16;203;306;0;99159;82133;0;60.0;49.7;0.0
04;2021-08-17;456;968;0;99615;83101;0;60.3;50.3;0.0
04;2021-08-18;643;1269;0;100258;84370;0;60.7;51.1;0.0
04;2021-08-19;608;1246;0;100866;85616;0;61.1;51.8;0.0
04;2021-08-20;716;1353;0;101582;86969;0;61.5;52.6;0.0
04;2021-08-21;107;213;0;101689;87182;0;61.6;52.8;0.0
04;2021-08-22;13;47;0;101702;87229;0;61.6;52.8;0.0
04;2021-08-23;105;226;0;101807;87455;0;61.6;52.9;0.0
04;2021-08-24;589;1318;0;102396;88773;0;62.0;53.7;0.0
04;2021-08-25;582;1137;0;102978;89910;0;62.3;54.4;0.0
04;2021-08-26;428;1053;0;103406;90963;0;62.6;55.1;0.0
04;2021-08-27;428;940;0;103834;91903;0;62.9;55.6;0.0
04;2021-08-28;148;285;0;103982;92188;0;62.9;55.8;0.0
04;2021-08-29;31;43;0;104013;92231;0;63.0;55.8;0.0
04;2021-08-30;131;342;8;104144;92573;8;63.0;56.0;0.0
04;2021-08-31;495;923;27;104639;93496;35;63.3;56.6;0.0
04;2021-09-01;493;1134;50;105132;94630;85;63.6;57.3;0.1
04;2021-09-02;323;838;82;105455;95468;167;63.8;57.8;0.1
04;2021-09-03;292;770;56;105747;96238;223;64.0;58.3;0.1
04;2021-09-04;151;282;14;105898;96520;237;64.1;58.4;0.1
04;2021-09-05;26;17;0;105924;96537;237;64.1;58.4;0.1
04;2021-09-06;98;201;6;106022;96738;243;64.2;58.6;0.1
04;2021-09-07;345;770;194;106367;97508;437;64.4;59.0;0.3
04;2021-09-08;331;728;153;106698;98236;590;64.6;59.5;0.4
04;2021-09-09;304;608;205;107002;98844;795;64.8;59.8;0.5
04;2021-09-10;281;674;128;107283;99518;923;64.9;60.2;0.6
04;2021-09-11;105;185;39;107388;99703;962;65.0;60.4;0.6
04;2021-09-12;8;20;3;107396;99723;965;65.0;60.4;0.6
04;2021-09-13;109;117;33;107505;99840;998;65.1;60.4;0.6
04;2021-09-14;319;535;307;107824;100375;1305;65.3;60.8;0.8
04;2021-09-15;282;631;345;108106;101006;1650;65.4;61.1;1.0
04;2021-09-16;274;446;296;108380;101452;1946;65.6;61.4;1.2
04;2021-09-17;186;493;145;108566;101945;2091;65.7;61.7;1.3
04;2021-09-18;54;160;61;108620;102105;2152;65.8;61.8;1.3
04;2021-09-19;7;18;1;108627;102123;2153;65.8;61.8;1.3
04;2021-09-20;86;89;37;108713;102212;2190;65.8;61.9;1.3
04;2021-09-21;171;523;285;108884;102735;2475;65.9;62.2;1.5
04;2021-09-22;149;627;213;109033;103362;2688;66.0;62.6;1.6
04;2021-09-23;165;321;214;109198;103683;2902;66.1;62.8;1.8
04;2021-09-24;157;433;153;109355;104116;3055;66.2;63.0;1.8
04;2021-09-25;47;137;105;109402;104253;3160;66.2;63.1;1.9
04;2021-09-26;4;22;4;109406;104275;3164;66.2;63.1;1.9
04;2021-09-27;33;98;17;109439;104373;3181;66.2;63.2;1.9
04;2021-09-28;121;255;220;109560;104628;3401;66.3;63.3;2.1
04;2021-09-29;135;354;206;109695;104982;3607;66.4;63.5;2.2
04;2021-09-30;108;236;154;109803;105218;3761;66.5;63.7;2.3
04;2021-10-01;159;205;124;109962;105423;3885;66.6;63.8;2.4
04;2021-10-02;70;158;82;110032;105581;3967;66.6;63.9;2.4
04;2021-10-03;0;5;0;110032;105586;3967;66.6;63.9;2.4
04;2021-10-04;50;71;22;110082;105657;3989;66.6;64.0;2.4
04;2021-10-05;159;311;269;110241;105968;4258;66.7;64.1;2.6
04;2021-10-06;165;308;196;110406;106276;4454;66.8;64.3;2.7
04;2021-10-07;99;248;212;110505;106524;4666;66.9;64.5;2.8
04;2021-10-08;124;185;182;110629;106709;4848;67.0;64.6;2.9
04;2021-10-09;38;106;70;110667;106815;4918;67.0;64.7;3.0
04;2021-10-10;5;6;0;110672;106821;4918;67.0;64.7;3.0
04;2021-10-11;45;125;70;110717;106946;4988;67.0;64.7;3.0
04;2021-10-12;111;169;310;110828;107115;5298;67.1;64.8;3.2
04;2021-10-13;151;249;271;110979;107364;5569;67.2;65.0;3.4
04;2021-10-14;82;178;211;111061;107542;5780;67.2;65.1;3.5
04;2021-10-15;80;147;244;111141;107689;6024;67.3;65.2;3.6
04;2021-10-16;37;74;87;111178;107763;6111;67.3;65.2;3.7
04;2021-10-17;1;4;0;111179;107767;6111;67.3;65.2;3.7
04;2021-10-18;64;104;111;111243;107871;6222;67.3;65.3;3.8
04;2021-10-19;71;176;319;111314;108047;6541;67.4;65.4;4.0
04;2021-10-20;111;185;353;111425;108232;6894;67.4;65.5;4.2
04;2021-10-21;53;113;287;111478;108345;7181;67.5;65.6;4.3
04;2021-10-22;70;115;183;111548;108460;7364;67.5;65.7;4.5
04;2021-10-23;55;65;138;111603;108525;7502;67.6;65.7;4.5
04;2021-10-24;3;8;3;111606;108533;7505;67.6;65.7;4.5
04;2021-10-25;35;40;42;111641;108573;7547;67.6;65.7;4.6
04;2021-10-26;72;89;300;111713;108662;7847;67.6;65.8;4.8
04;2021-10-27;107;187;477;111820;108849;8324;67.7;65.9;5.0
04;2021-10-28;69;73;317;111889;108922;8641;67.7;65.9;5.2
04;2021-10-29;62;81;183;111951;109003;8824;67.8;66.0;5.3
04;2021-10-30;59;57;194;112010;109060;9018;67.8;66.0;5.5
04;2021-10-31;3;11;11;112013;109071;9029;67.8;66.0;5.5
04;2021-11-01;17;9;15;112030;109080;9044;67.8;66.0;5.5
04;2021-11-02;59;66;294;112089;109146;9338;67.9;66.1;5.7
04;2021-11-03;79;134;389;112168;109280;9727;67.9;66.2;5.9
04;2021-11-04;55;83;413;112223;109363;10140;67.9;66.2;6.1
04;2021-11-05;72;125;467;112295;109488;10607;68.0;66.3;6.4
04;2021-11-06;44;56;238;112339;109544;10845;68.0;66.3;6.6
04;2021-11-07;23;17;7;112362;109561;10852;68.0;66.3;6.6
04;2021-11-08;35;44;147;112397;109605;10999;68.0;66.3;6.7
04;2021-11-09;60;95;463;112457;109700;11462;68.1;66.4;6.9
04;2021-11-10;87;130;570;112544;109830;12032;68.1;66.5;7.3
04;2021-11-11;11;13;12;112555;109843;12044;68.1;66.5;7.3
04;2021-11-12;64;78;377;112619;109921;12421;68.2;66.5;7.5
04;2021-11-13;29;47;206;112648;109968;12627;68.2;66.6;7.6
04;2021-11-14;3;9;17;112651;109977;12644;68.2;66.6;7.7
04;2021-11-15;55;48;290;112706;110025;12934;68.2;66.6;7.8
04;2021-11-16;49;82;584;112755;110107;13518;68.3;66.7;8.2
04;2021-11-17;84;92;576;112839;110199;14094;68.3;66.7;8.5
04;2021-11-18;73;76;632;112912;110275;14726;68.3;66.8;8.9
04;2021-11-19;89;106;634;113001;110381;15360;68.4;66.8;9.3
04;2021-11-20;70;63;353;113071;110444;15713;68.4;66.9;9.5
04;2021-11-21;4;9;13;113075;110453;15726;68.4;66.9;9.5
04;2021-11-22;39;45;329;113114;110498;16055;68.5;66.9;9.7
04;2021-11-23;54;64;739;113168;110562;16794;68.5;66.9;10.2
04;2021-11-24;93;96;788;113261;110658;17582;68.6;67.0;10.6
04;2021-11-25;77;61;857;113338;110719;18439;68.6;67.0;11.2
04;2021-11-26;99;75;1051;113437;110794;19490;68.7;67.1;11.8
04;2021-11-27;58;64;479;113495;110858;19969;68.7;67.1;12.1
04;2021-11-28;2;15;27;113497;110873;19996;68.7;67.1;12.1
04;2021-11-29;62;63;878;113559;110936;20874;68.7;67.2;12.6
04;2021-11-30;100;75;1481;113659;111011;22355;68.8;67.2;13.5
04;2021-12-01;101;133;1271;113760;111144;23626;68.9;67.3;14.3
04;2021-12-02;59;64;1463;113819;111208;25089;68.9;67.3;15.2
04;2021-12-03;51;82;1304;113870;111290;26393;68.9;67.4;16.0
04;2021-12-04;69;76;947;113939;111366;27340;69.0;67.4;16.5
04;2021-12-05;8;8;152;113947;111374;27492;69.0;67.4;16.6
04;2021-12-06;51;72;719;113998;111446;28211;69.0;67.5;17.1
04;2021-12-07;84;87;1841;114082;111533;30052;69.1;67.5;18.2
04;2021-12-08;95;95;1908;114177;111628;31960;69.1;67.6;19.3
04;2021-12-09;86;70;1620;114263;111698;33580;69.2;67.6;20.3
04;2021-12-10;83;85;1440;114346;111783;35020;69.2;67.7;21.2
04;2021-12-11;66;67;1082;114412;111850;36102;69.3;67.7;21.9
04;2021-12-12;10;13;203;114422;111863;36305;69.3;67.7;22.0
04;2021-12-13;62;68;876;114484;111931;37181;69.3;67.8;22.5
04;2021-12-14;90;115;1814;114574;112046;38995;69.4;67.8;23.6
04;2021-12-15;106;126;2039;114680;112172;41034;69.4;67.9;24.8
04;2021-12-16;88;91;1845;114768;112263;42879;69.5;68.0;26.0
04;2021-12-17;107;122;1713;114875;112385;44592;69.5;68.0;27.0
04;2021-12-18;58;74;925;114933;112459;45517;69.6;68.1;27.6
04;2021-12-19;16;11;113;114949;112470;45630;69.6;68.1;27.6
04;2021-12-20;109;93;996;115058;112563;46626;69.6;68.1;28.2
04;2021-12-21;112;103;1574;115170;112666;48200;69.7;68.2;29.2
04;2021-12-22;163;144;1489;115333;112810;49689;69.8;68.3;30.1
04;2021-12-23;80;64;860;115413;112874;50549;69.9;68.3;30.6
04;2021-12-24;15;19;212;115428;112893;50761;69.9;68.3;30.7
04;2021-12-25;2;3;6;115430;112896;50767;69.9;68.3;30.7
04;2021-12-26;6;5;72;115436;112901;50839;69.9;68.3;30.8
04;2021-12-27;68;61;682;115504;112962;51521;69.9;68.4;31.2
04;2021-12-28;110;77;1349;115614;113039;52870;70.0;68.4;32.0
05;2020-12-27;0;0;0;0;0;0;0.0;0.0;0.0
05;2020-12-28;1;0;0;1;0;0;0.0;0.0;0.0
05;2020-12-29;1;0;0;2;0;0;0.0;0.0;0.0
05;2020-12-30;2;0;0;4;0;0;0.0;0.0;0.0
05;2020-12-31;0;0;0;4;0;0;0.0;0.0;0.0
05;2021-01-01;1;0;0;5;0;0;0.0;0.0;0.0
05;2021-01-02;2;0;0;7;0;0;0.0;0.0;0.0
05;2021-01-03;2;0;0;9;0;0;0.0;0.0;0.0
05;2021-01-04;1;0;0;10;0;0;0.0;0.0;0.0
05;2021-01-05;1;0;0;11;0;0;0.0;0.0;0.0
05;2021-01-06;22;0;0;33;0;0;0.0;0.0;0.0
05;2021-01-07;127;0;0;160;0;0;0.1;0.0;0.0
05;2021-01-08;126;1;0;286;1;0;0.2;0.0;0.0
05;2021-01-09;28;0;0;314;1;0;0.2;0.0;0.0
05;2021-01-10;0;0;0;314;1;0;0.2;0.0;0.0
05;2021-01-11;45;0;0;359;1;0;0.3;0.0;0.0
05;2021-01-12;106;0;0;465;1;0;0.3;0.0;0.0
05;2021-01-13;146;0;0;611;1;0;0.4;0.0;0.0
05;2021-01-14;166;0;0;777;1;0;0.5;0.0;0.0
05;2021-01-15;126;2;0;903;3;0;0.6;0.0;0.0
05;2021-01-16;18;0;0;921;3;0;0.6;0.0;0.0
05;2021-01-17;0;0;0;921;3;0;0.6;0.0;0.0
05;2021-01-18;215;3;0;1136;6;0;0.8;0.0;0.0
05;2021-01-19;232;0;0;1368;6;0;1.0;0.0;0.0
05;2021-01-20;214;1;0;1582;7;0;1.1;0.0;0.0
05;2021-01-21;251;0;0;1833;7;0;1.3;0.0;0.0
05;2021-01-22;189;1;0;2022;8;0;1.4;0.0;0.0
05;2021-01-23;112;0;0;2134;8;0;1.5;0.0;0.0
05;2021-01-24;2;0;0;2136;8;0;1.5;0.0;0.0
05;2021-01-25;295;0;0;2431;8;0;1.7;0.0;0.0
05;2021-01-26;452;1;0;2883;9;0;2.0;0.0;0.0
05;2021-01-27;357;5;0;3240;14;0;2.3;0.0;0.0
05;2021-01-28;347;54;0;3587;68;0;2.5;0.0;0.0
05;2021-01-29;350;88;0;3937;156;0;2.8;0.1;0.0
05;2021-01-30;95;8;0;4032;164;0;2.8;0.1;0.0
05;2021-01-31;3;0;0;4035;164;0;2.8;0.1;0.0
05;2021-02-01;175;29;0;4210;193;0;3.0;0.1;0.0
05;2021-02-02;183;128;0;4393;321;0;3.1;0.2;0.0
05;2021-02-03;202;77;0;4595;398;0;3.2;0.3;0.0
05;2021-02-04;192;125;0;4787;523;0;3.4;0.4;0.0
05;2021-02-05;175;106;0;4962;629;0;3.5;0.4;0.0
05;2021-02-06;74;24;0;5036;653;0;3.6;0.5;0.0
05;2021-02-07;0;6;0;5036;659;0;3.6;0.5;0.0
05;2021-02-08;85;124;0;5121;783;0;3.6;0.6;0.0
05;2021-02-09;100;123;0;5221;906;0;3.7;0.6;0.0
05;2021-02-10;81;171;0;5302;1077;0;3.7;0.8;0.0
05;2021-02-11;90;138;0;5392;1215;0;3.8;0.9;0.0
05;2021-02-12;88;137;0;5480;1352;0;3.9;1.0;0.0
05;2021-02-13;77;30;0;5557;1382;0;3.9;1.0;0.0
05;2021-02-14;1;0;0;5558;1382;0;3.9;1.0;0.0
05;2021-02-15;94;187;0;5652;1569;0;4.0;1.1;0.0
05;2021-02-16;113;276;0;5765;1845;0;4.1;1.3;0.0
05;2021-02-17;133;220;0;5898;2065;0;4.2;1.5;0.0
05;2021-02-18;152;284;0;6050;2349;0;4.3;1.7;0.0
05;2021-02-19;158;299;0;6208;2648;0;4.4;1.9;0.0
05;2021-02-20;34;88;0;6242;2736;0;4.4;1.9;0.0
05;2021-02-21;0;0;0;6242;2736;0;4.4;1.9;0.0
05;2021-02-22;66;245;0;6308;2981;0;4.4;2.1;0.0
05;2021-02-23;19;222;0;6327;3203;0;4.5;2.3;0.0
05;2021-02-24;30;183;0;6357;3386;0;4.5;2.4;0.0
05;2021-02-25;75;176;0;6432;3562;0;4.5;2.5;0.0
05;2021-02-26;167;207;0;6599;3769;0;4.7;2.7;0.0
05;2021-02-27;73;156;0;6672;3925;0;4.7;2.8;0.0
05;2021-02-28;10;0;0;6682;3925;0;4.7;2.8;0.0
05;2021-03-01;98;155;0;6780;4080;0;4.8;2.9;0.0
05;2021-03-02;100;192;0;6880;4272;0;4.9;3.0;0.0
05;2021-03-03;125;218;0;7005;4490;0;4.9;3.2;0.0
05;2021-03-04;257;171;0;7262;4661;0;5.1;3.3;0.0
05;2021-03-05;560;188;0;7822;4849;0;5.5;3.4;0.0
05;2021-03-06;654;60;0;8476;4909;0;6.0;3.5;0.0
05;2021-03-07;482;24;0;8958;4933;0;6.3;3.5;0.0
05;2021-03-08;518;137;0;9476;5070;0;6.7;3.6;0.0
05;2021-03-09;517;153;0;9993;5223;0;7.0;3.7;0.0
05;2021-03-10;507;143;0;10500;5366;0;7.4;3.8;0.0
05;2021-03-11;372;134;0;10872;5500;0;7.7;3.9;0.0
05;2021-03-12;450;92;0;11322;5592;0;8.0;3.9;0.0
05;2021-03-13;768;101;0;12090;5693;0;8.5;4.0;0.0
05;2021-03-14;645;12;0;12735;5705;0;9.0;4.0;0.0
05;2021-03-15;340;120;0;13075;5825;0;9.2;4.1;0.0
05;2021-03-16;154;144;0;13229;5969;0;9.3;4.2;0.0
05;2021-03-17;260;126;0;13489;6095;0;9.5;4.3;0.0
05;2021-03-18;352;44;0;13841;6139;0;9.8;4.3;0.0
05;2021-03-19;448;60;0;14289;6199;0;10.1;4.4;0.0
05;2021-03-20;172;34;0;14461;6233;0;10.2;4.4;0.0
05;2021-03-21;1;0;0;14462;6233;0;10.2;4.4;0.0
05;2021-03-22;697;51;0;15159;6284;0;10.7;4.4;0.0
05;2021-03-23;772;22;0;15931;6306;0;11.2;4.4;0.0
05;2021-03-24;770;90;0;16701;6396;0;11.8;4.5;0.0
05;2021-03-25;874;75;0;17575;6471;0;12.4;4.6;0.0
05;2021-03-26;997;56;0;18572;6527;0;13.1;4.6;0.0
05;2021-03-27;457;41;0;19029;6568;0;13.4;4.6;0.0
05;2021-03-28;19;0;0;19048;6568;0;13.4;4.6;0.0
05;2021-03-29;857;63;0;19905;6631;0;14.0;4.7;0.0
05;2021-03-30;1083;87;0;20988;6718;0;14.8;4.7;0.0
05;2021-03-31;773;256;0;21761;6974;0;15.4;4.9;0.0
05;2021-04-01;846;241;0;22607;7215;0;15.9;5.1;0.0
05;2021-04-02;632;371;0;23239;7586;0;16.4;5.4;0.0
05;2021-04-03;508;182;0;23747;7768;0;16.8;5.5;0.0
05;2021-04-04;314;61;0;24061;7829;0;17.0;5.5;0.0
05;2021-04-05;133;12;0;24194;7841;0;17.1;5.5;0.0
05;2021-04-06;600;266;0;24794;8107;0;17.5;5.7;0.0
05;2021-04-07;761;327;0;25555;8434;0;18.0;5.9;0.0
05;2021-04-08;692;339;0;26247;8773;0;18.5;6.2;0.0
05;2021-04-09;834;406;0;27081;9179;0;19.1;6.5;0.0
05;2021-04-10;663;382;0;27744;9561;0;19.6;6.7;0.0
05;2021-04-11;188;161;0;27932;9722;0;19.7;6.9;0.0
05;2021-04-12;681;259;0;28613;9981;0;20.2;7.0;0.0
05;2021-04-13;848;255;0;29461;10236;0;20.8;7.2;0.0
05;2021-04-14;648;325;0;30109;10561;0;21.2;7.5;0.0
05;2021-04-15;729;370;0;30838;10931;0;21.8;7.7;0.0
05;2021-04-16;721;404;0;31559;11335;0;22.3;8.0;0.0
05;2021-04-17;607;234;0;32166;11569;0;22.7;8.2;0.0
05;2021-04-18;293;22;0;32459;11591;0;22.9;8.2;0.0
05;2021-04-19;330;503;0;32789;12094;0;23.1;8.5;0.0
05;2021-04-20;461;617;0;33250;12711;0;23.5;9.0;0.0
05;2021-04-21;467;609;0;33717;13320;0;23.8;9.4;0.0
05;2021-04-22;397;543;0;34114;13863;0;24.1;9.8;0.0
05;2021-04-23;514;644;0;34628;14507;0;24.4;10.2;0.0
05;2021-04-24;315;372;0;34943;14879;0;24.7;10.5;0.0
05;2021-04-25;269;31;0;35212;14910;0;24.8;10.5;0.0
05;2021-04-26;351;666;0;35563;15576;0;25.1;11.0;0.0
05;2021-04-27;636;702;0;36199;16278;0;25.5;11.5;0.0
05;2021-04-28;465;685;0;36664;16963;0;25.9;12.0;0.0
05;2021-04-29;686;694;0;37350;17657;0;26.3;12.5;0.0
05;2021-04-30;528;703;0;37878;18360;0;26.7;13.0;0.0
05;2021-05-01;150;92;0;38028;18452;0;26.8;13.0;0.0
05;2021-05-02;260;104;0;38288;18556;0;27.0;13.1;0.0
05;2021-05-03;453;456;0;38741;19012;0;27.3;13.4;0.0
05;2021-05-04;396;490;0;39137;19502;0;27.6;13.8;0.0
05;2021-05-05;488;645;0;39625;20147;0;28.0;14.2;0.0
05;2021-05-06;647;699;0;40272;20846;0;28.4;14.7;0.0
05;2021-05-07;582;754;0;40854;21600;0;28.8;15.2;0.0
05;2021-05-08;477;175;0;41331;21775;0;29.2;15.4;0.0
05;2021-05-09;207;62;0;41538;21837;0;29.3;15.4;0.0
05;2021-05-10;528;675;0;42066;22512;0;29.7;15.9;0.0
05;2021-05-11;658;896;0;42724;23408;0;30.1;16.5;0.0
05;2021-05-12;659;703;0;43383;24111;0;30.6;17.0;0.0
05;2021-05-13;891;111;0;44274;24222;0;31.2;17.1;0.0
05;2021-05-14;735;473;0;45009;24695;0;31.8;17.4;0.0
05;2021-05-15;976;314;0;45985;25009;0;32.4;17.6;0.0
05;2021-05-16;226;58;0;46211;25067;0;32.6;17.7;0.0
05;2021-05-17;499;412;0;46710;25479;0;33.0;18.0;0.0
05;2021-05-18;510;398;0;47220;25877;0;33.3;18.3;0.0
05;2021-05-19;700;449;0;47920;26326;0;33.8;18.6;0.0
05;2021-05-20;766;451;0;48686;26777;0;34.3;18.9;0.0
05;2021-05-21;689;513;0;49375;27290;0;34.8;19.3;0.0
05;2021-05-22;580;226;0;49955;27516;0;35.2;19.4;0.0
05;2021-05-23;278;59;0;50233;27575;0;35.4;19.5;0.0
05;2021-05-24;494;153;0;50727;27728;0;35.8;19.6;0.0
05;2021-05-25;558;483;0;51285;28211;0;36.2;19.9;0.0
05;2021-05-26;706;368;0;51991;28579;0;36.7;20.2;0.0
05;2021-05-27;804;558;0;52795;29137;0;37.2;20.6;0.0
05;2021-05-28;662;682;0;53457;29819;0;37.7;21.0;0.0
05;2021-05-29;514;507;0;53971;30326;0;38.1;21.4;0.0
05;2021-05-30;200;80;0;54171;30406;0;38.2;21.4;0.0
05;2021-05-31;560;494;0;54731;30900;0;38.6;21.8;0.0
05;2021-06-01;580;580;0;55311;31480;0;39.0;22.2;0.0
05;2021-06-02;657;668;0;55968;32148;0;39.5;22.7;0.0
05;2021-06-03;722;645;0;56690;32793;0;40.0;23.1;0.0
05;2021-06-04;962;792;0;57652;33585;0;40.7;23.7;0.0
05;2021-06-05;769;474;0;58421;34059;0;41.2;24.0;0.0
05;2021-06-06;194;84;0;58615;34143;0;41.3;24.1;0.0
05;2021-06-07;562;812;0;59177;34955;0;41.7;24.7;0.0
05;2021-06-08;655;641;0;59832;35596;0;42.2;25.1;0.0
05;2021-06-09;625;748;0;60457;36344;0;42.6;25.6;0.0
05;2021-06-10;557;697;0;61014;37041;0;43.0;26.1;0.0
05;2021-06-11;723;721;0;61737;37762;0;43.6;26.6;0.0
05;2021-06-12;552;465;0;62289;38227;0;43.9;27.0;0.0
05;2021-06-13;109;96;0;62398;38323;0;44.0;27.0;0.0
05;2021-06-14;360;631;0;62758;38954;0;44.3;27.5;0.0
05;2021-06-15;521;869;0;63279;39823;0;44.6;28.1;0.0
05;2021-06-16;432;666;0;63711;40489;0;44.9;28.6;0.0
05;2021-06-17;364;782;0;64075;41271;0;45.2;29.1;0.0
05;2021-06-18;397;724;0;64472;41995;0;45.5;29.6;0.0
05;2021-06-19;365;573;0;64837;42568;0;45.7;30.0;0.0
05;2021-06-20;54;90;0;64891;42658;0;45.8;30.1;0.0
05;2021-06-21;292;639;0;65183;43297;0;46.0;30.5;0.0
05;2021-06-22;317;791;0;65500;44088;0;46.2;31.1;0.0
05;2021-06-23;341;742;0;65841;44830;0;46.4;31.6;0.0
05;2021-06-24;382;960;0;66223;45790;0;46.7;32.3;0.0
05;2021-06-25;201;841;0;66424;46631;0;46.9;32.9;0.0
05;2021-06-26;251;1011;0;66675;47642;0;47.0;33.6;0.0
05;2021-06-27;111;162;0;66786;47804;0;47.1;33.7;0.0
05;2021-06-28;231;745;0;67017;48549;0;47.3;34.2;0.0
05;2021-06-29;227;754;0;67244;49303;0;47.4;34.8;0.0
05;2021-06-30;330;772;0;67574;50075;0;47.7;35.3;0.0
05;2021-07-01;366;743;0;67940;50818;0;47.9;35.8;0.0
05;2021-07-02;364;871;0;68304;51689;0;48.2;36.5;0.0
05;2021-07-03;270;700;0;68574;52389;0;48.4;37.0;0.0
05;2021-07-04;146;149;0;68720;52538;0;48.5;37.1;0.0
05;2021-07-05;236;722;0;68956;53260;0;48.6;37.6;0.0
05;2021-07-06;314;794;0;69270;54054;0;48.9;38.1;0.0
05;2021-07-07;354;739;0;69624;54793;0;49.1;38.7;0.0
05;2021-07-08;387;786;0;70011;55579;0;49.4;39.2;0.0
05;2021-07-09;373;932;0;70384;56511;0;49.7;39.9;0.0
05;2021-07-10;262;643;0;70646;57154;0;49.8;40.3;0.0
05;2021-07-11;148;120;0;70794;57274;0;49.9;40.4;0.0
05;2021-07-12;336;921;0;71130;58195;0;50.2;41.1;0.0
05;2021-07-13;423;790;0;71553;58985;0;50.5;41.6;0.0
05;2021-07-14;613;249;0;72166;59234;0;50.9;41.8;0.0
05;2021-07-15;649;919;0;72815;60153;0;51.4;42.4;0.0
05;2021-07-16;871;1297;0;73686;61450;0;52.0;43.3;0.0
05;2021-07-17;533;1133;0;74219;62583;0;52.4;44.1;0.0
05;2021-07-18;243;126;0;74462;62709;0;52.5;44.2;0.0
05;2021-07-19;464;695;0;74926;63404;0;52.9;44.7;0.0
05;2021-07-20;637;712;0;75563;64116;0;53.3;45.2;0.0
05;2021-07-21;743;745;0;76306;64861;0;53.8;45.8;0.0
05;2021-07-22;741;787;0;77047;65648;0;54.4;46.3;0.0
05;2021-07-23;1201;1031;0;78248;66679;0;55.2;47.0;0.0
05;2021-07-24;700;679;0;78948;67358;0;55.7;47.5;0.0
05;2021-07-25;252;121;0;79200;67479;0;55.9;47.6;0.0
05;2021-07-26;593;502;0;79793;67981;0;56.3;48.0;0.0
05;2021-07-27;898;575;0;80691;68556;0;56.9;48.4;0.0
05;2021-07-28;1216;578;0;81907;69134;0;57.8;48.8;0.0
05;2021-07-29;1090;583;0;82997;69717;0;58.5;49.2;0.0
05;2021-07-30;825;527;0;83822;70244;0;59.1;49.6;0.0
05;2021-07-31;632;428;0;84454;70672;0;59.6;49.9;0.0
05;2021-08-01;164;146;0;84618;70818;0;59.7;50.0;0.0
05;2021-08-02;658;380;0;85276;71198;0;60.2;50.2;0.0
05;2021-08-03;675;483;0;85951;71681;0;60.6;50.6;0.0
05;2021-08-04;755;578;0;86706;72259;0;61.2;51.0;0.0
05;2021-08-05;817;577;0;87523;72836;0;61.7;51.4;0.0
05;2021-08-06;722;650;0;88245;73486;0;62.3;51.8;0.0
05;2021-08-07;493;467;0;88738;73953;0;62.6;52.2;0.0
05;2021-08-08;176;212;0;88914;74165;0;62.7;52.3;0.0
05;2021-08-09;589;635;0;89503;74800;0;63.1;52.8;0.0
05;2021-08-10;562;532;0;90065;75332;0;63.5;53.1;0.0
05;2021-08-11;581;620;0;90646;75952;0;63.9;53.6;0.0
05;2021-08-12;640;578;0;91286;76530;0;64.4;54.0;0.0
05;2021-08-13;519;704;0;91805;77234;0;64.8;54.5;0.0
05;2021-08-14;327;598;0;92132;77832;0;65.0;54.9;0.0
05;2021-08-15;145;165;0;92277;77997;0;65.1;55.0;0.0
05;2021-08-16;379;805;0;92656;78802;0;65.4;55.6;0.0
05;2021-08-17;365;714;0;93021;79516;0;65.6;56.1;0.0
05;2021-08-18;374;796;0;93395;80312;0;65.9;56.7;0.0
05;2021-08-19;420;773;0;93815;81085;0;66.2;57.2;0.0
05;2021-08-20;403;906;0;94218;81991;0;66.5;57.8;0.0
05;2021-08-21;278;660;0;94496;82651;0;66.7;58.3;0.0
05;2021-08-22;102;224;0;94598;82875;0;66.7;58.5;0.0
05;2021-08-23;280;697;0;94878;83572;0;66.9;59.0;0.0
05;2021-08-24;347;637;0;95225;84209;0;67.2;59.4;0.0
05;2021-08-25;370;792;0;95595;85001;0;67.4;60.0;0.0
05;2021-08-26;273;723;0;95868;85724;0;67.6;60.5;0.0
05;2021-08-27;296;811;0;96164;86535;0;67.8;61.0;0.0
05;2021-08-28;211;552;0;96375;87087;0;68.0;61.4;0.0
05;2021-08-29;60;232;0;96435;87319;0;68.0;61.6;0.0
05;2021-08-30;231;695;20;96666;88014;20;68.2;62.1;0.0
05;2021-08-31;246;647;20;96912;88661;40;68.4;62.5;0.0
05;2021-09-01;290;545;69;97202;89206;109;68.6;62.9;0.1
05;2021-09-02;251;568;84;97453;89774;193;68.7;63.3;0.1
05;2021-09-03;233;501;76;97686;90275;269;68.9;63.7;0.2
05;2021-09-04;189;530;52;97875;90805;321;69.0;64.1;0.2
05;2021-09-05;54;147;19;97929;90952;340;69.1;64.2;0.2
05;2021-09-06;155;284;88;98084;91236;428;69.2;64.4;0.3
05;2021-09-07;196;441;107;98280;91677;535;69.3;64.7;0.4
05;2021-09-08;190;489;66;98470;92166;601;69.5;65.0;0.4
05;2021-09-09;180;400;81;98650;92566;682;69.6;65.3;0.5
05;2021-09-10;182;313;113;98832;92879;795;69.7;65.5;0.6
05;2021-09-11;131;410;17;98963;93289;812;69.8;65.8;0.6
05;2021-09-12;34;98;2;98997;93387;814;69.8;65.9;0.6
05;2021-09-13;155;269;132;99152;93656;946;69.9;66.1;0.7
05;2021-09-14;229;280;115;99381;93936;1061;70.1;66.3;0.7
05;2021-09-15;180;363;173;99561;94299;1234;70.2;66.5;0.9
05;2021-09-16;170;249;140;99731;94548;1374;70.4;66.7;1.0
05;2021-09-17;137;307;135;99868;94855;1509;70.5;66.9;1.1
05;2021-09-18;99;324;61;99967;95179;1570;70.5;67.1;1.1
05;2021-09-19;14;36;12;99981;95215;1582;70.5;67.2;1.1
05;2021-09-20;66;163;87;100047;95378;1669;70.6;67.3;1.2
05;2021-09-21;85;213;95;100132;95591;1764;70.6;67.4;1.2
05;2021-09-22;108;265;72;100240;95856;1836;70.7;67.6;1.3
05;2021-09-23;99;227;112;100339;96083;1948;70.8;67.8;1.4
05;2021-09-24;93;267;101;100432;96350;2049;70.8;68.0;1.4
05;2021-09-25;87;221;30;100519;96571;2079;70.9;68.1;1.5
05;2021-09-26;13;30;15;100532;96601;2094;70.9;68.1;1.5
05;2021-09-27;63;140;66;100595;96741;2160;71.0;68.2;1.5
05;2021-09-28;68;153;80;100663;96894;2240;71.0;68.4;1.6
05;2021-09-29;88;190;77;100751;97084;2317;71.1;68.5;1.6
05;2021-09-30;62;109;163;100813;97193;2480;71.1;68.6;1.7
05;2021-10-01;181;225;149;100994;97418;2629;71.2;68.7;1.9
05;2021-10-02;85;157;65;101079;97575;2694;71.3;68.8;1.9
05;2021-10-03;18;32;15;101097;97607;2709;71.3;68.9;1.9
05;2021-10-04;95;148;116;101192;97755;2825;71.4;69.0;2.0
05;2021-10-05;77;182;128;101269;97937;2953;71.4;69.1;2.1
05;2021-10-06;91;159;218;101360;98096;3171;71.5;69.2;2.2
05;2021-10-07;68;122;136;101428;98218;3307;71.6;69.3;2.3
05;2021-10-08;134;172;147;101562;98390;3454;71.6;69.4;2.4
05;2021-10-09;66;157;120;101628;98547;3574;71.7;69.5;2.5
05;2021-10-10;14;24;5;101642;98571;3579;71.7;69.5;2.5
05;2021-10-11;65;99;214;101707;98670;3793;71.7;69.6;2.7
05;2021-10-12;60;114;119;101767;98784;3912;71.8;69.7;2.8
05;2021-10-13;82;137;180;101849;98921;4092;71.8;69.8;2.9
05;2021-10-14;65;108;138;101914;99029;4230;71.9;69.9;3.0
05;2021-10-15;58;103;113;101972;99132;4343;71.9;69.9;3.1
05;2021-10-16;80;153;141;102052;99285;4484;72.0;70.0;3.2
05;2021-10-17;8;13;17;102060;99298;4501;72.0;70.0;3.2
05;2021-10-18;48;96;270;102108;99394;4771;72.0;70.1;3.4
05;2021-10-19;52;96;236;102160;99490;5007;72.1;70.2;3.5
05;2021-10-20;63;116;391;102223;99606;5398;72.1;70.3;3.8
05;2021-10-21;47;72;233;102270;99678;5631;72.1;70.3;4.0
05;2021-10-22;45;87;145;102315;99765;5776;72.2;70.4;4.1
05;2021-10-23;85;97;213;102400;99862;5989;72.2;70.4;4.2
05;2021-10-24;12;16;38;102412;99878;6027;72.2;70.5;4.3
05;2021-10-25;57;97;248;102469;99975;6275;72.3;70.5;4.4
05;2021-10-26;44;48;245;102513;100023;6520;72.3;70.6;4.6
05;2021-10-27;82;98;435;102595;100121;6955;72.4;70.6;4.9
05;2021-10-28;43;51;247;102638;100172;7202;72.4;70.7;5.1
05;2021-10-29;55;71;259;102693;100243;7461;72.4;70.7;5.3
05;2021-10-30;59;90;274;102752;100333;7735;72.5;70.8;5.5
05;2021-10-31;10;10;57;102762;100343;7792;72.5;70.8;5.5
05;2021-11-01;17;13;19;102779;100356;7811;72.5;70.8;5.5
05;2021-11-02;80;82;284;102859;100438;8095;72.6;70.9;5.7
05;2021-11-03;66;69;298;102925;100507;8393;72.6;70.9;5.9
05;2021-11-04;33;49;231;102958;100556;8624;72.6;70.9;6.1
05;2021-11-05;73;81;328;103031;100637;8952;72.7;71.0;6.3
05;2021-11-06;38;93;286;103069;100730;9238;72.7;71.1;6.5
05;2021-11-07;17;9;36;103086;100739;9274;72.7;71.1;6.5
05;2021-11-08;50;60;298;103136;100799;9572;72.8;71.1;6.8
05;2021-11-09;56;61;491;103192;100860;10063;72.8;71.2;7.1
05;2021-11-10;94;103;812;103286;100963;10875;72.9;71.2;7.7
05;2021-11-11;16;17;106;103302;100980;10981;72.9;71.2;7.7
05;2021-11-12;55;72;326;103357;101052;11307;72.9;71.3;8.0
05;2021-11-13;57;87;352;103414;101139;11659;73.0;71.3;8.2
05;2021-11-14;17;21;55;103431;101160;11714;73.0;71.4;8.3
05;2021-11-15;41;56;383;103472;101216;12097;73.0;71.4;8.5
05;2021-11-16;86;61;632;103558;101277;12729;73.1;71.4;9.0
05;2021-11-17;66;83;477;103624;101360;13206;73.1;71.5;9.3
05;2021-11-18;78;43;429;103702;101403;13635;73.2;71.5;9.6
05;2021-11-19;64;59;505;103766;101462;14140;73.2;71.6;10.0
05;2021-11-20;88;78;428;103854;101540;14568;73.3;71.6;10.3
05;2021-11-21;13;12;53;103867;101552;14621;73.3;71.6;10.3
05;2021-11-22;68;54;386;103935;101606;15007;73.3;71.7;10.6
05;2021-11-23;106;68;727;104041;101674;15734;73.4;71.7;11.1
05;2021-11-24;61;72;562;104102;101746;16296;73.4;71.8;11.5
05;2021-11-25;72;70;570;104174;101816;16866;73.5;71.8;11.9
05;2021-11-26;100;68;691;104274;101884;17557;73.6;71.9;12.4
05;2021-11-27;86;67;777;104360;101951;18334;73.6;71.9;12.9
05;2021-11-28;15;29;169;104375;101980;18503;73.6;71.9;13.1
05;2021-11-29;86;66;791;104461;102046;19294;73.7;72.0;13.6
05;2021-11-30;117;75;1324;104578;102121;20618;73.8;72.0;14.5
05;2021-12-01;113;119;1574;104691;102240;22192;73.9;72.1;15.7
05;2021-12-02;89;70;1115;104780;102310;23307;73.9;72.2;16.4
05;2021-12-03;90;99;1296;104870;102409;24603;74.0;72.2;17.4
05;2021-12-04;87;85;1042;104957;102494;25645;74.0;72.3;18.1
05;2021-12-05;15;23;307;104972;102517;25952;74.1;72.3;18.3
05;2021-12-06;52;60;804;105024;102577;26756;74.1;72.4;18.9
05;2021-12-07;121;108;1821;105145;102685;28577;74.2;72.4;20.2
05;2021-12-08;82;95;1310;105227;102780;29887;74.2;72.5;21.1
05;2021-12-09;89;93;1554;105316;102873;31441;74.3;72.6;22.2
05;2021-12-10;99;82;1364;105415;102955;32805;74.4;72.6;23.1
05;2021-12-11;100;100;1047;105515;103055;33852;74.4;72.7;23.9
05;2021-12-12;18;12;219;105533;103067;34071;74.4;72.7;24.0
05;2021-12-13;69;92;1094;105602;103159;35165;74.5;72.8;24.8
05;2021-12-14;72;139;1829;105674;103298;36994;74.5;72.9;26.1
05;2021-12-15;114;98;1695;105788;103396;38689;74.6;72.9;27.3
05;2021-12-16;70;90;1537;105858;103486;40226;74.7;73.0;28.4
05;2021-12-17;76;104;1428;105934;103590;41654;74.7;73.1;29.4
05;2021-12-18;81;99;1051;106015;103689;42705;74.8;73.1;30.1
05;2021-12-19;25;26;306;106040;103715;43011;74.8;73.2;30.3
05;2021-12-20;76;100;1000;106116;103815;44011;74.9;73.2;31.0
05;2021-12-21;101;111;1198;106217;103926;45209;74.9;73.3;31.9
05;2021-12-22;82;88;1052;106299;104014;46261;75.0;73.4;32.6
05;2021-12-23;86;102;974;106385;104116;47235;75.0;73.4;33.3
05;2021-12-24;39;37;291;106424;104153;47526;75.1;73.5;33.5
05;2021-12-25;1;3;5;106425;104156;47531;75.1;73.5;33.5
05;2021-12-26;12;24;203;106437;104180;47734;75.1;73.5;33.7
05;2021-12-27;65;91;791;106502;104271;48525;75.1;73.6;34.2
05;2021-12-28;70;54;1055;106572;104325;49580;75.2;73.6;35.0
06;2020-12-27;5;0;0;5;0;0;0.0;0.0;0.0
06;2020-12-28;4;0;0;9;0;0;0.0;0.0;0.0
06;2020-12-29;0;0;0;9;0;0;0.0;0.0;0.0
06;2020-12-30;3;0;0;12;0;0;0.0;0.0;0.0
06;2020-12-31;23;0;0;35;0;0;0.0;0.0;0.0
06;2021-01-01;12;0;0;47;0;0;0.0;0.0;0.0
06;2021-01-02;8;0;0;55;0;0;0.0;0.0;0.0
06;2021-01-03;5;0;0;60;0;0;0.0;0.0;0.0
06;2021-01-04;134;1;0;194;1;0;0.0;0.0;0.0
06;2021-01-05;179;2;0;373;3;0;0.0;0.0;0.0
06;2021-01-06;224;1;0;597;4;0;0.1;0.0;0.0
06;2021-01-07;506;0;0;1103;4;0;0.1;0.0;0.0
06;2021-01-08;678;3;0;1781;7;0;0.2;0.0;0.0
06;2021-01-09;369;4;0;2150;11;0;0.2;0.0;0.0
06;2021-01-10;71;0;0;2221;11;0;0.2;0.0;0.0
06;2021-01-11;1025;6;0;3246;17;0;0.3;0.0;0.0
06;2021-01-12;2134;11;0;5380;28;0;0.5;0.0;0.0
06;2021-01-13;1712;12;0;7092;40;0;0.7;0.0;0.0
06;2021-01-14;2034;23;0;9126;63;0;0.8;0.0;0.0
06;2021-01-15;1669;5;0;10795;68;0;1.0;0.0;0.0
06;2021-01-16;960;7;0;11755;75;0;1.1;0.0;0.0
06;2021-01-17;211;0;0;11966;75;0;1.1;0.0;0.0
06;2021-01-18;2195;22;0;14161;97;0;1.3;0.0;0.0
06;2021-01-19;2664;28;0;16825;125;0;1.6;0.0;0.0
06;2021-01-20;3246;17;0;20071;142;0;1.9;0.0;0.0
06;2021-01-21;2959;32;0;23030;174;0;2.1;0.0;0.0
06;2021-01-22;2959;31;0;25989;205;0;2.4;0.0;0.0
06;2021-01-23;1242;3;0;27231;208;0;2.5;0.0;0.0
06;2021-01-24;33;0;0;27264;208;0;2.5;0.0;0.0
06;2021-01-25;2110;15;0;29374;223;0;2.7;0.0;0.0
06;2021-01-26;3155;49;0;32529;272;0;3.0;0.0;0.0
06;2021-01-27;2462;117;0;34991;389;0;3.2;0.0;0.0
06;2021-01-28;2811;226;0;37802;615;0;3.5;0.1;0.0
06;2021-01-29;2533;327;0;40335;942;0;3.7;0.1;0.0
06;2021-01-30;725;55;0;41060;997;0;3.8;0.1;0.0
06;2021-01-31;11;3;0;41071;1000;0;3.8;0.1;0.0
06;2021-02-01;1146;455;0;42217;1455;0;3.9;0.1;0.0
06;2021-02-02;1559;429;0;43776;1884;0;4.1;0.2;0.0
06;2021-02-03;382;154;0;44158;2038;0;4.1;0.2;0.0
06;2021-02-04;810;884;0;44968;2922;0;4.2;0.3;0.0
06;2021-02-05;1076;1100;0;46044;4022;0;4.3;0.4;0.0
06;2021-02-06;187;438;0;46231;4460;0;4.3;0.4;0.0
06;2021-02-07;8;50;0;46239;4510;0;4.3;0.4;0.0
06;2021-02-08;542;1030;0;46781;5540;0;4.3;0.5;0.0
06;2021-02-09;343;766;0;47124;6306;0;4.4;0.6;0.0
06;2021-02-10;418;698;0;47542;7004;0;4.4;0.6;0.0
06;2021-02-11;500;1078;0;48042;8082;0;4.5;0.7;0.0
06;2021-02-12;643;1286;0;48685;9368;0;4.5;0.9;0.0
06;2021-02-13;199;505;0;48884;9873;0;4.5;0.9;0.0
06;2021-02-14;11;5;0;48895;9878;0;4.5;0.9;0.0
06;2021-02-15;438;1238;0;49333;11116;0;4.6;1.0;0.0
06;2021-02-16;844;1956;0;50177;13072;0;4.6;1.2;0.0
06;2021-02-17;809;2076;0;50986;15148;0;4.7;1.4;0.0
06;2021-02-18;1836;2671;0;52822;17819;0;4.9;1.7;0.0
06;2021-02-19;1766;2087;0;54588;19906;0;5.1;1.8;0.0
06;2021-02-20;350;484;0;54938;20390;0;5.1;1.9;0.0
06;2021-02-21;18;60;0;54956;20450;0;5.1;1.9;0.0
06;2021-02-22;1027;1607;0;55983;22057;0;5.2;2.0;0.0
06;2021-02-23;1654;1551;0;57637;23608;0;5.3;2.2;0.0
06;2021-02-24;2009;1301;0;59646;24909;0;5.5;2.3;0.0
06;2021-02-25;3623;1676;0;63269;26585;0;5.9;2.5;0.0
06;2021-02-26;3223;1613;0;66492;28198;0;6.2;2.6;0.0
06;2021-02-27;1343;324;0;67835;28522;0;6.3;2.6;0.0
06;2021-02-28;91;18;0;67926;28540;0;6.3;2.6;0.0
06;2021-03-01;2329;848;0;70255;29388;0;6.5;2.7;0.0
06;2021-03-02;2363;978;0;72618;30366;0;6.7;2.8;0.0
06;2021-03-03;2733;625;0;75351;30991;0;7.0;2.9;0.0
06;2021-03-04;4422;648;0;79773;31639;0;7.4;2.9;0.0
06;2021-03-05;3763;1048;0;83536;32687;0;7.7;3.0;0.0
06;2021-03-06;11100;389;0;94636;33076;0;8.8;3.1;0.0
06;2021-03-07;9496;331;0;104132;33407;0;9.6;3.1;0.0
06;2021-03-08;3841;1189;0;107973;34596;0;10.0;3.2;0.0
06;2021-03-09;4730;945;0;112703;35541;0;10.4;3.3;0.0
06;2021-03-10;4493;908;0;117196;36449;0;10.9;3.4;0.0
06;2021-03-11;6433;947;0;123629;37396;0;11.5;3.5;0.0
06;2021-03-12;6542;1024;0;130171;38420;0;12.1;3.6;0.0
06;2021-03-13;10589;385;0;140760;38805;0;13.0;3.6;0.0
06;2021-03-14;501;60;0;141261;38865;0;13.1;3.6;0.0
06;2021-03-15;4571;762;0;145832;39627;0;13.5;3.7;0.0
06;2021-03-16;3588;1052;0;149420;40679;0;13.8;3.8;0.0
06;2021-03-17;5818;1839;0;155238;42518;0;14.4;3.9;0.0
06;2021-03-18;4918;1786;0;160156;44304;0;14.8;4.1;0.0
06;2021-03-19;6452;1965;0;166608;46269;0;15.4;4.3;0.0
06;2021-03-20;2268;538;0;168876;46807;0;15.6;4.3;0.0
06;2021-03-21;381;24;0;169257;46831;0;15.7;4.3;0.0
06;2021-03-22;3730;699;0;172987;47530;0;16.0;4.4;0.0
06;2021-03-23;5643;1185;0;178630;48715;0;16.5;4.5;0.0
06;2021-03-24;4052;3200;0;182682;51915;0;16.9;4.8;0.0
06;2021-03-25;5635;3145;0;188317;55060;0;17.4;5.1;0.0
06;2021-03-26;5975;1941;0;194292;57001;0;18.0;5.3;0.0
06;2021-03-27;1957;370;0;196249;57371;0;18.2;5.3;0.0
06;2021-03-28;202;8;0;196451;57379;0;18.2;5.3;0.0
06;2021-03-29;3018;2019;0;199469;59398;0;18.5;5.5;0.0
06;2021-03-30;4955;2469;0;204424;61867;0;18.9;5.7;0.0
06;2021-03-31;7513;1700;0;211937;63567;0;19.6;5.9;0.0
06;2021-04-01;7239;2434;0;219176;66001;0;20.3;6.1;0.0
06;2021-04-02;6691;2597;0;225867;68598;0;20.9;6.4;0.0
06;2021-04-03;2535;1323;0;228402;69921;0;21.2;6.5;0.0
06;2021-04-04;285;540;0;228687;70461;0;21.2;6.5;0.0
06;2021-04-05;1338;675;0;230025;71136;0;21.3;6.6;0.0
06;2021-04-06;6203;3258;0;236228;74394;0;21.9;6.9;0.0
06;2021-04-07;5788;3812;0;242016;78206;0;22.4;7.2;0.0
06;2021-04-08;5420;5501;0;247436;83707;0;22.9;7.8;0.0
06;2021-04-09;8769;5660;0;256205;89367;0;23.7;8.3;0.0
06;2021-04-10;2249;2696;0;258454;92063;0;23.9;8.5;0.0
06;2021-04-11;163;97;0;258617;92160;0;24.0;8.5;0.0
06;2021-04-12;4012;3395;0;262629;95555;0;24.3;8.9;0.0
06;2021-04-13;5935;4958;0;268564;100513;0;24.9;9.3;0.0
06;2021-04-14;5007;4227;0;273571;104740;0;25.3;9.7;0.0
06;2021-04-15;5088;4224;0;278659;108964;0;25.8;10.1;0.0
06;2021-04-16;6390;5008;0;285049;113972;0;26.4;10.6;0.0
06;2021-04-17;2563;2928;0;287612;116900;0;26.6;10.8;0.0
06;2021-04-18;227;238;0;287839;117138;0;26.7;10.9;0.0
06;2021-04-19;4806;3884;0;292645;121022;0;27.1;11.2;0.0
06;2021-04-20;5001;4679;0;297646;125701;0;27.6;11.6;0.0
06;2021-04-21;7244;4014;0;304890;129715;0;28.2;12.0;0.0
06;2021-04-22;7432;4076;0;312322;133791;0;28.9;12.4;0.0
06;2021-04-23;7477;4022;0;319799;137813;0;29.6;12.8;0.0
06;2021-04-24;2197;1477;0;321996;139290;0;29.8;12.9;0.0
06;2021-04-25;109;42;0;322105;139332;0;29.8;12.9;0.0
06;2021-04-26;3684;2239;0;325789;141571;0;30.2;13.1;0.0
06;2021-04-27;4157;3921;0;329946;145492;0;30.6;13.5;0.0
06;2021-04-28;3751;4324;0;333697;149816;0;30.9;13.9;0.0
06;2021-04-29;5390;5262;0;339087;155078;0;31.4;14.4;0.0
06;2021-04-30;5892;4930;0;344979;160008;0;32.0;14.8;0.0
06;2021-05-01;3251;795;0;348230;160803;0;32.3;14.9;0.0
06;2021-05-02;474;170;0;348704;160973;0;32.3;14.9;0.0
06;2021-05-03;6066;3387;0;354770;164360;0;32.9;15.2;0.0
06;2021-05-04;5017;5100;0;359787;169460;0;33.3;15.7;0.0
06;2021-05-05;4096;3768;0;363883;173228;0;33.7;16.0;0.0
06;2021-05-06;4688;4561;0;368571;177789;0;34.1;16.5;0.0
06;2021-05-07;5063;5391;0;373634;183180;0;34.6;17.0;0.0
06;2021-05-08;3917;1285;0;377551;184465;0;35.0;17.1;0.0
06;2021-05-09;220;321;0;377771;184786;0;35.0;17.1;0.0
06;2021-05-10;4267;4750;0;382038;189536;0;35.4;17.6;0.0
06;2021-05-11;4229;5226;0;386267;194762;0;35.8;18.0;0.0
06;2021-05-12;7470;4570;0;393737;199332;0;36.5;18.5;0.0
06;2021-05-13;6947;1979;0;400684;201311;0;37.1;18.7;0.0
06;2021-05-14;8776;3070;0;409460;204381;0;37.9;18.9;0.0
06;2021-05-15;7192;1985;0;416652;206366;0;38.6;19.1;0.0
06;2021-05-16;1345;265;0;417997;206631;0;38.7;19.1;0.0
06;2021-05-17;6415;3464;0;424412;210095;0;39.3;19.5;0.0
06;2021-05-18;8161;2975;0;432573;213070;0;40.1;19.7;0.0
06;2021-05-19;6486;2682;0;439059;215752;0;40.7;20.0;0.0
06;2021-05-20;6601;3343;0;445660;219095;0;41.3;20.3;0.0
06;2021-05-21;7158;3622;0;452818;222717;0;42.0;20.6;0.0
06;2021-05-22;2630;1248;0;455448;223965;0;42.2;20.7;0.0
06;2021-05-23;194;627;0;455642;224592;0;42.2;20.8;0.0
06;2021-05-24;2621;900;0;458263;225492;0;42.5;20.9;0.0
06;2021-05-25;4138;4723;0;462401;230215;0;42.8;21.3;0.0
06;2021-05-26;4522;6280;0;466923;236495;0;43.3;21.9;0.0
06;2021-05-27;4553;5945;0;471476;242440;0;43.7;22.5;0.0
06;2021-05-28;3983;6789;0;475459;249229;0;44.0;23.1;0.0
06;2021-05-29;1416;2768;0;476875;251997;0;44.2;23.3;0.0
06;2021-05-30;307;1093;0;477182;253090;0;44.2;23.4;0.0
06;2021-05-31;3558;4749;0;480740;257839;0;44.5;23.9;0.0
06;2021-06-01;4743;6827;0;485483;264666;0;45.0;24.5;0.0
06;2021-06-02;2896;7904;0;488379;272570;0;45.2;25.3;0.0
06;2021-06-03;3799;7634;0;492178;280204;0;45.6;26.0;0.0
06;2021-06-04;4559;7104;0;496737;287308;0;46.0;26.6;0.0
06;2021-06-05;2108;3170;0;498845;290478;0;46.2;26.9;0.0
06;2021-06-06;245;243;0;499090;290721;0;46.2;26.9;0.0
06;2021-06-07;3406;5036;0;502496;295757;0;46.6;27.4;0.0
06;2021-06-08;3653;4853;0;506149;300610;0;46.9;27.8;0.0
06;2021-06-09;3366;6723;0;509515;307333;0;47.2;28.5;0.0
06;2021-06-10;3972;6184;0;513487;313517;0;47.6;29.0;0.0
06;2021-06-11;3082;7511;0;516569;321028;0;47.9;29.7;0.0
06;2021-06-12;1498;3491;0;518067;324519;0;48.0;30.1;0.0
06;2021-06-13;202;434;0;518269;324953;0;48.0;30.1;0.0
06;2021-06-14;2244;7824;0;520513;332777;0;48.2;30.8;0.0
06;2021-06-15;2992;8737;0;523505;341514;0;48.5;31.6;0.0
06;2021-06-16;2825;6346;0;526330;347860;0;48.8;32.2;0.0
06;2021-06-17;3068;6531;0;529398;354391;0;49.0;32.8;0.0
06;2021-06-18;2092;5364;0;531490;359755;0;49.2;33.3;0.0
06;2021-06-19;1160;1529;0;532650;361284;0;49.3;33.5;0.0
06;2021-06-20;219;350;0;532869;361634;0;49.4;33.5;0.0
06;2021-06-21;1472;5573;0;534341;367207;0;49.5;34.0;0.0
06;2021-06-22;1935;6465;0;536276;373672;0;49.7;34.6;0.0
06;2021-06-23;1770;5685;0;538046;379357;0;49.8;35.1;0.0
06;2021-06-24;2860;7959;0;540906;387316;0;50.1;35.9;0.0
06;2021-06-25;1847;8436;0;542753;395752;0;50.3;36.7;0.0
06;2021-06-26;746;2114;0;543499;397866;0;50.4;36.9;0.0
06;2021-06-27;325;1135;0;543824;399001;0;50.4;37.0;0.0
06;2021-06-28;2000;6831;0;545824;405832;0;50.6;37.6;0.0
06;2021-06-29;2014;6623;0;547838;412455;0;50.8;38.2;0.0
06;2021-06-30;1231;6867;0;549069;419322;0;50.9;38.8;0.0
06;2021-07-01;3044;6296;0;552113;425618;0;51.2;39.4;0.0
06;2021-07-02;3566;6996;0;555679;432614;0;51.5;40.1;0.0
06;2021-07-03;1105;3965;0;556784;436579;0;51.6;40.4;0.0
06;2021-07-04;294;328;0;557078;436907;0;51.6;40.5;0.0
06;2021-07-05;3123;4359;0;560201;441266;0;51.9;40.9;0.0
06;2021-07-06;1827;4869;0;562028;446135;0;52.1;41.3;0.0
06;2021-07-07;2881;4783;0;564909;450918;0;52.3;41.8;0.0
06;2021-07-08;2944;5178;0;567853;456096;0;52.6;42.3;0.0
06;2021-07-09;3551;5105;0;571404;461201;0;52.9;42.7;0.0
06;2021-07-10;1459;1996;0;572863;463197;0;53.1;42.9;0.0
06;2021-07-11;321;343;0;573184;463540;0;53.1;42.9;0.0
06;2021-07-12;3265;5666;0;576449;469206;0;53.4;43.5;0.0
06;2021-07-13;5041;7482;0;581490;476688;0;53.9;44.2;0.0
06;2021-07-14;1012;427;0;582502;477115;0;54.0;44.2;0.0
06;2021-07-15;5634;6905;0;588136;484020;0;54.5;44.8;0.0
06;2021-07-16;6620;7851;0;594756;491871;0;55.1;45.6;0.0
06;2021-07-17;2883;4643;0;597639;496514;0;55.4;46.0;0.0
06;2021-07-18;967;4665;0;598606;501179;0;55.5;46.4;0.0
06;2021-07-19;5100;6862;0;603706;508041;0;55.9;47.1;0.0
06;2021-07-20;6437;8575;0;610143;516616;0;56.5;47.9;0.0
06;2021-07-21;6951;7135;0;617094;523751;0;57.2;48.5;0.0
06;2021-07-22;8863;6562;0;625957;530313;0;58.0;49.1;0.0
06;2021-07-23;8114;5732;0;634071;536045;0;58.7;49.7;0.0
06;2021-07-24;2918;2707;0;636989;538752;0;59.0;49.9;0.0
06;2021-07-25;877;457;0;637866;539209;0;59.1;50.0;0.0
06;2021-07-26;6386;5584;0;644252;544793;0;59.7;50.5;0.0
06;2021-07-27;7860;4741;0;652112;549534;0;60.4;50.9;0.0
06;2021-07-28;6648;4333;0;658760;553867;0;61.0;51.3;0.0
06;2021-07-29;7459;4620;0;666219;558487;0;61.7;51.7;0.0
06;2021-07-30;6915;4412;0;673134;562899;0;62.4;52.1;0.0
06;2021-07-31;3110;2493;0;676244;565392;0;62.7;52.4;0.0
06;2021-08-01;704;381;0;676948;565773;0;62.7;52.4;0.0
06;2021-08-02;5501;3649;0;682449;569422;0;63.2;52.8;0.0
06;2021-08-03;5490;4399;0;687939;573821;0;63.7;53.2;0.0
06;2021-08-04;4768;2899;0;692707;576720;0;64.2;53.4;0.0
06;2021-08-05;5367;3731;0;698074;580451;0;64.7;53.8;0.0
06;2021-08-06;4968;5093;0;703042;585544;0;65.1;54.2;0.0
06;2021-08-07;2050;2155;0;705092;587699;0;65.3;54.4;0.0
06;2021-08-08;503;635;0;705595;588334;0;65.4;54.5;0.0
06;2021-08-09;3749;4957;0;709344;593291;0;65.7;55.0;0.0
06;2021-08-10;4413;5726;0;713757;599017;0;66.1;55.5;0.0
06;2021-08-11;3601;5189;0;717358;604206;0;66.5;56.0;0.0
06;2021-08-12;3770;5655;0;721128;609861;0;66.8;56.5;0.0
06;2021-08-13;3070;5535;0;724198;615396;0;67.1;57.0;0.0
06;2021-08-14;1383;2194;0;725581;617590;0;67.2;57.2;0.0
06;2021-08-15;348;570;0;725929;618160;0;67.3;57.3;0.0
06;2021-08-16;2704;5759;0;728633;623919;0;67.5;57.8;0.0
06;2021-08-17;2984;6477;0;731617;630396;0;67.8;58.4;0.0
06;2021-08-18;2537;5493;0;734154;635889;0;68.0;58.9;0.0
06;2021-08-19;3420;6931;0;737574;642820;0;68.3;59.6;0.0
06;2021-08-20;2778;5596;0;740352;648416;0;68.6;60.1;0.0
06;2021-08-21;1479;3110;0;741831;651526;0;68.7;60.4;0.0
06;2021-08-22;322;709;0;742153;652235;0;68.8;60.4;0.0
06;2021-08-23;2081;5455;0;744234;657690;0;68.9;60.9;0.0
06;2021-08-24;2428;5499;0;746662;663189;0;69.2;61.4;0.0
06;2021-08-25;2171;4813;0;748833;668002;0;69.4;61.9;0.0
06;2021-08-26;2307;5573;0;751140;673575;0;69.6;62.4;0.0
06;2021-08-27;2297;5657;0;753437;679232;0;69.8;62.9;0.0
06;2021-08-28;1127;2522;0;754564;681754;0;69.9;63.2;0.0
06;2021-08-29;253;596;0;754817;682350;0;69.9;63.2;0.0
06;2021-08-30;1991;4539;165;756808;686889;165;70.1;63.6;0.0
06;2021-08-31;2217;5012;266;759025;691901;431;70.3;64.1;0.0
06;2021-09-01;2403;3656;525;761428;695557;956;70.5;64.4;0.1
06;2021-09-02;2127;3672;980;763555;699229;1936;70.7;64.8;0.2
06;2021-09-03;1839;3928;994;765394;703157;2930;70.9;65.1;0.3
06;2021-09-04;1177;2254;204;766571;705411;3134;71.0;65.4;0.3
06;2021-09-05;264;392;25;766835;705803;3159;71.0;65.4;0.3
06;2021-09-06;1469;2508;980;768304;708311;4139;71.2;65.6;0.4
06;2021-09-07;1390;2810;1434;769694;711121;5573;71.3;65.9;0.5
06;2021-09-08;1441;2796;1297;771135;713917;6870;71.4;66.1;0.6
06;2021-09-09;1368;2902;1327;772503;716819;8197;71.6;66.4;0.8
06;2021-09-10;1779;3027;1071;774282;719846;9268;71.7;66.7;0.9
06;2021-09-11;962;2060;179;775244;721906;9447;71.8;66.9;0.9
06;2021-09-12;128;301;16;775372;722207;9463;71.8;66.9;0.9
06;2021-09-13;1211;2254;1022;776583;724461;10485;71.9;67.1;1.0
06;2021-09-14;1386;2042;1293;777969;726503;11778;72.1;67.3;1.1
06;2021-09-15;1360;2383;1311;779329;728886;13089;72.2;67.5;1.2
06;2021-09-16;1171;2069;1897;780500;730955;14986;72.3;67.7;1.4
06;2021-09-17;1347;2539;1256;781847;733494;16242;72.4;68.0;1.5
06;2021-09-18;602;1691;225;782449;735185;16467;72.5;68.1;1.5
06;2021-09-19;83;250;21;782532;735435;16488;72.5;68.1;1.5
06;2021-09-20;823;1805;1051;783355;737240;17539;72.6;68.3;1.6
06;2021-09-21;874;2036;1640;784229;739276;19179;72.7;68.5;1.8
06;2021-09-22;931;2170;1026;785160;741446;20205;72.7;68.7;1.9
06;2021-09-23;756;1927;1083;785916;743373;21288;72.8;68.9;2.0
06;2021-09-24;821;2054;1089;786737;745427;22377;72.9;69.1;2.1
06;2021-09-25;401;1500;302;787138;746927;22679;72.9;69.2;2.1
06;2021-09-26;76;204;21;787214;747131;22700;72.9;69.2;2.1
06;2021-09-27;607;1378;1368;787821;748509;24068;73.0;69.3;2.2
06;2021-09-28;508;1350;1234;788329;749859;25302;73.0;69.5;2.3
06;2021-09-29;684;1523;779;789013;751382;26081;73.1;69.6;2.4
06;2021-09-30;661;1426;1475;789674;752808;27556;73.2;69.7;2.6
06;2021-10-01;1436;1687;1312;791110;754495;28868;73.3;69.9;2.7
06;2021-10-02;508;1136;403;791618;755631;29271;73.3;70.0;2.7
06;2021-10-03;97;169;29;791715;755800;29300;73.3;70.0;2.7
06;2021-10-04;917;963;1204;792632;756763;30504;73.4;70.1;2.8
06;2021-10-05;659;1297;1748;793291;758060;32252;73.5;70.2;3.0
06;2021-10-06;756;1420;1992;794047;759480;34244;73.6;70.4;3.2
06;2021-10-07;587;1356;1972;794634;760836;36216;73.6;70.5;3.4
06;2021-10-08;893;1568;2179;795527;762404;38395;73.7;70.6;3.6
06;2021-10-09;484;956;580;796011;763360;38975;73.7;70.7;3.6
06;2021-10-10;101;182;30;796112;763542;39005;73.8;70.7;3.6
06;2021-10-11;545;1082;1762;796657;764624;40767;73.8;70.8;3.8
06;2021-10-12;521;933;2078;797178;765557;42845;73.9;70.9;4.0
06;2021-10-13;718;1184;1809;797896;766741;44654;73.9;71.0;4.1
06;2021-10-14;625;1041;2018;798521;767782;46672;74.0;71.1;4.3
06;2021-10-15;900;1225;2176;799421;769007;48848;74.1;71.2;4.5
06;2021-10-16;502;702;612;799923;769709;49460;74.1;71.3;4.6
06;2021-10-17;68;165;47;799991;769874;49507;74.1;71.3;4.6
06;2021-10-18;498;901;2026;800489;770775;51533;74.2;71.4;4.8
06;2021-10-19;508;729;2411;800997;771504;53944;74.2;71.5;5.0
06;2021-10-20;576;895;2627;801573;772399;56571;74.3;71.6;5.2
06;2021-10-21;497;958;2447;802070;773357;59018;74.3;71.6;5.5
06;2021-10-22;668;1065;2367;802738;774422;61385;74.4;71.7;5.7
06;2021-10-23;379;516;770;803117;774938;62155;74.4;71.8;5.8
06;2021-10-24;17;124;13;803134;775062;62168;74.4;71.8;5.8
06;2021-10-25;427;649;1799;803561;775711;63967;74.4;71.9;5.9
06;2021-10-26;427;695;2539;803988;776406;66506;74.5;71.9;6.2
06;2021-10-27;464;815;2454;804452;777221;68960;74.5;72.0;6.4
06;2021-10-28;409;628;2562;804861;777849;71522;74.6;72.1;6.6
06;2021-10-29;524;730;2340;805385;778579;73862;74.6;72.1;6.8
06;2021-10-30;287;459;857;805672;779038;74719;74.6;72.2;6.9
06;2021-10-31;37;63;51;805709;779101;74770;74.6;72.2;6.9
06;2021-11-01;162;120;28;805871;779221;74798;74.7;72.2;6.9
06;2021-11-02;447;691;2495;806318;779912;77293;74.7;72.3;7.2
06;2021-11-03;509;792;3009;806827;780704;80302;74.7;72.3;7.4
06;2021-11-04;408;636;2787;807235;781340;83089;74.8;72.4;7.7
06;2021-11-05;558;742;2587;807793;782082;85676;74.8;72.5;7.9
06;2021-11-06;328;558;1034;808121;782640;86710;74.9;72.5;8.0
06;2021-11-07;63;115;87;808184;782755;86797;74.9;72.5;8.0
06;2021-11-08;396;681;2681;808580;783436;89478;74.9;72.6;8.3
06;2021-11-09;401;622;3344;808981;784058;92822;74.9;72.6;8.6
06;2021-11-10;604;872;4212;809585;784930;97034;75.0;72.7;9.0
06;2021-11-11;80;146;226;809665;785076;97260;75.0;72.7;9.0
06;2021-11-12;521;785;3315;810186;785861;100575;75.1;72.8;9.3
06;2021-11-13;306;374;1129;810492;786235;101704;75.1;72.8;9.4
06;2021-11-14;77;92;141;810569;786327;101845;75.1;72.8;9.4
06;2021-11-15;386;657;3089;810955;786984;104934;75.1;72.9;9.7
06;2021-11-16;388;605;4335;811343;787589;109269;75.2;73.0;10.1
06;2021-11-17;531;735;3866;811874;788324;113135;75.2;73.0;10.5
06;2021-11-18;429;624;4258;812303;788948;117393;75.3;73.1;10.9
06;2021-11-19;604;819;5137;812907;789767;122530;75.3;73.2;11.4
06;2021-11-20;351;480;1610;813258;790247;124140;75.3;73.2;11.5
06;2021-11-21;57;113;126;813315;790360;124266;75.3;73.2;11.5
06;2021-11-22;428;483;3771;813743;790843;128037;75.4;73.3;11.9
06;2021-11-23;419;527;5286;814162;791370;133323;75.4;73.3;12.4
06;2021-11-24;540;704;4827;814702;792074;138150;75.5;73.4;12.8
06;2021-11-25;497;623;5778;815199;792697;143928;75.5;73.4;13.3
06;2021-11-26;580;748;7275;815779;793445;151203;75.6;73.5;14.0
06;2021-11-27;373;484;3589;816152;793929;154792;75.6;73.6;14.3
06;2021-11-28;65;119;744;816217;794048;155536;75.6;73.6;14.4
06;2021-11-29;398;548;7350;816615;794596;162886;75.7;73.6;15.1
06;2021-11-30;435;597;8573;817050;795193;171459;75.7;73.7;15.9
06;2021-12-01;619;762;10409;817669;795955;181868;75.8;73.7;16.8
06;2021-12-02;472;603;13014;818141;796558;194882;75.8;73.8;18.1
06;2021-12-03;493;821;13431;818634;797379;208313;75.8;73.9;19.3
06;2021-12-04;397;512;6366;819031;797891;214679;75.9;73.9;19.9
06;2021-12-05;119;179;1414;819150;798070;216093;75.9;73.9;20.0
06;2021-12-06;439;678;11030;819589;798748;227123;75.9;74.0;21.0
06;2021-12-07;549;690;14969;820138;799438;242092;76.0;74.1;22.4
06;2021-12-08;563;820;12562;820701;800258;254654;76.0;74.1;23.6
06;2021-12-09;584;784;14062;821285;801042;268716;76.1;74.2;24.9
06;2021-12-10;527;831;14581;821812;801873;283297;76.1;74.3;26.2
06;2021-12-11;327;515;5316;822139;802388;288613;76.2;74.3;26.7
06;2021-12-12;83;153;1258;822222;802541;289871;76.2;74.4;26.9
06;2021-12-13;427;690;11556;822649;803231;301427;76.2;74.4;27.9
06;2021-12-14;472;705;13135;823121;803936;314562;76.3;74.5;29.1
06;2021-12-15;583;796;11903;823704;804732;326465;76.3;74.6;30.2
06;2021-12-16;568;759;12612;824272;805491;339077;76.4;74.6;31.4
06;2021-12-17;651;869;13434;824923;806360;352511;76.4;74.7;32.7
06;2021-12-18;463;490;4574;825386;806850;357085;76.5;74.8;33.1
06;2021-12-19;140;193;1187;825526;807043;358272;76.5;74.8;33.2
06;2021-12-20;728;761;9808;826254;807804;368080;76.5;74.8;34.1
06;2021-12-21;793;837;9808;827047;808641;377888;76.6;74.9;35.0
06;2021-12-22;685;745;7268;827732;809386;385156;76.7;75.0;35.7
06;2021-12-23;596;585;6106;828328;809971;391262;76.7;75.0;36.2
06;2021-12-24;176;268;1360;828504;810239;392622;76.8;75.1;36.4
06;2021-12-25;4;46;105;828508;810285;392727;76.8;75.1;36.4
06;2021-12-26;85;122;681;828593;810407;393408;76.8;75.1;36.4
06;2021-12-27;509;635;6080;829102;811042;399488;76.8;75.1;37.0
06;2021-12-28;652;702;7536;829754;811744;407024;76.9;75.2;37.7
07;2020-12-27;0;0;0;0;0;0;0.0;0.0;0.0
07;2020-12-28;0;0;0;0;0;0;0.0;0.0;0.0
07;2020-12-29;0;0;0;0;0;0;0.0;0.0;0.0
07;2020-12-30;0;0;0;0;0;0;0.0;0.0;0.0
07;2020-12-31;0;0;0;0;0;0;0.0;0.0;0.0
07;2021-01-01;5;0;0;5;0;0;0.0;0.0;0.0
07;2021-01-02;0;0;0;5;0;0;0.0;0.0;0.0
07;2021-01-03;0;0;0;5;0;0;0.0;0.0;0.0
07;2021-01-04;0;0;0;5;0;0;0.0;0.0;0.0
07;2021-01-05;0;0;0;5;0;0;0.0;0.0;0.0
07;2021-01-06;31;0;0;36;0;0;0.0;0.0;0.0
07;2021-01-07;133;1;0;169;1;0;0.1;0.0;0.0
07;2021-01-08;68;1;0;237;2;0;0.1;0.0;0.0
07;2021-01-09;14;0;0;251;2;0;0.1;0.0;0.0
07;2021-01-10;0;0;0;251;2;0;0.1;0.0;0.0
07;2021-01-11;175;1;0;426;3;0;0.1;0.0;0.0
07;2021-01-12;309;1;0;735;4;0;0.2;0.0;0.0
07;2021-01-13;308;2;0;1043;6;0;0.3;0.0;0.0
07;2021-01-14;463;0;0;1506;6;0;0.5;0.0;0.0
07;2021-01-15;235;0;0;1741;6;0;0.5;0.0;0.0
07;2021-01-16;42;0;0;1783;6;0;0.5;0.0;0.0
07;2021-01-17;3;0;0;1786;6;0;0.5;0.0;0.0
07;2021-01-18;363;3;0;2149;9;0;0.7;0.0;0.0
07;2021-01-19;796;3;0;2945;12;0;0.9;0.0;0.0
07;2021-01-20;556;4;0;3501;16;0;1.1;0.0;0.0
07;2021-01-21;493;5;0;3994;21;0;1.2;0.0;0.0
07;2021-01-22;352;3;0;4346;24;0;1.3;0.0;0.0
07;2021-01-23;153;2;0;4499;26;0;1.4;0.0;0.0
07;2021-01-24;10;0;0;4509;26;0;1.4;0.0;0.0
07;2021-01-25;233;2;0;4742;28;0;1.5;0.0;0.0
07;2021-01-26;529;4;0;5271;32;0;1.6;0.0;0.0
07;2021-01-27;574;12;0;5845;44;0;1.8;0.0;0.0
07;2021-01-28;1166;111;0;7011;155;0;2.1;0.0;0.0
07;2021-01-29;729;28;0;7740;183;0;2.4;0.1;0.0
07;2021-01-30;236;2;0;7976;185;0;2.4;0.1;0.0
07;2021-01-31;11;0;0;7987;185;0;2.4;0.1;0.0
07;2021-02-01;319;50;0;8306;235;0;2.5;0.1;0.0
07;2021-02-02;640;247;0;8946;482;0;2.7;0.1;0.0
07;2021-02-03;1059;236;0;10005;718;0;3.1;0.2;0.0
07;2021-02-04;686;292;0;10691;1010;0;3.3;0.3;0.0
07;2021-02-05;506;254;0;11197;1264;0;3.4;0.4;0.0
07;2021-02-06;139;17;0;11336;1281;0;3.5;0.4;0.0
07;2021-02-07;29;2;0;11365;1283;0;3.5;0.4;0.0
07;2021-02-08;264;194;0;11629;1477;0;3.6;0.5;0.0
07;2021-02-09;509;365;0;12138;1842;0;3.7;0.6;0.0
07;2021-02-10;536;358;0;12674;2200;0;3.9;0.7;0.0
07;2021-02-11;423;293;0;13097;2493;0;4.0;0.8;0.0
07;2021-02-12;294;213;0;13391;2706;0;4.1;0.8;0.0
07;2021-02-13;118;52;0;13509;2758;0;4.1;0.8;0.0
07;2021-02-14;4;0;0;13513;2758;0;4.1;0.8;0.0
07;2021-02-15;304;175;0;13817;2933;0;4.2;0.9;0.0
07;2021-02-16;352;383;0;14169;3316;0;4.3;1.0;0.0
07;2021-02-17;434;359;0;14603;3675;0;4.5;1.1;0.0
07;2021-02-18;538;714;0;15141;4389;0;4.6;1.3;0.0
07;2021-02-19;458;486;0;15599;4875;0;4.8;1.5;0.0
07;2021-02-20;106;91;0;15705;4966;0;4.8;1.5;0.0
07;2021-02-21;17;11;0;15722;4977;0;4.8;1.5;0.0
07;2021-02-22;411;280;0;16133;5257;0;4.9;1.6;0.0
07;2021-02-23;628;616;0;16761;5873;0;5.1;1.8;0.0
07;2021-02-24;886;782;0;17647;6655;0;5.4;2.0;0.0
07;2021-02-25;715;569;0;18362;7224;0;5.6;2.2;0.0
07;2021-02-26;819;332;0;19181;7556;0;5.9;2.3;0.0
07;2021-02-27;202;196;0;19383;7752;0;5.9;2.4;0.0
07;2021-02-28;2;7;0;19385;7759;0;5.9;2.4;0.0
07;2021-03-01;447;244;0;19832;8003;0;6.1;2.4;0.0
07;2021-03-02;657;548;0;20489;8551;0;6.3;2.6;0.0
07;2021-03-03;709;552;0;21198;9103;0;6.5;2.8;0.0
07;2021-03-04;1105;383;0;22303;9486;0;6.8;2.9;0.0
07;2021-03-05;1124;405;0;23427;9891;0;7.2;3.0;0.0
07;2021-03-06;1307;139;0;24734;10030;0;7.6;3.1;0.0
07;2021-03-07;920;32;0;25654;10062;0;7.8;3.1;0.0
07;2021-03-08;425;355;0;26079;10417;0;8.0;3.2;0.0
07;2021-03-09;1110;465;0;27189;10882;0;8.3;3.3;0.0
07;2021-03-10;901;514;0;28090;11396;0;8.6;3.5;0.0
07;2021-03-11;1438;468;0;29528;11864;0;9.0;3.6;0.0
07;2021-03-12;1642;540;0;31170;12404;0;9.5;3.8;0.0
07;2021-03-13;746;143;0;31916;12547;0;9.8;3.8;0.0
07;2021-03-14;18;10;0;31934;12557;0;9.8;3.8;0.0
07;2021-03-15;582;290;0;32516;12847;0;9.9;3.9;0.0
07;2021-03-16;1233;476;0;33749;13323;0;10.3;4.1;0.0
07;2021-03-17;1168;757;0;34917;14080;0;10.7;4.3;0.0
07;2021-03-18;1198;438;0;36115;14518;0;11.0;4.4;0.0
07;2021-03-19;1244;422;0;37359;14940;0;11.4;4.6;0.0
07;2021-03-20;523;115;0;37882;15055;0;11.6;4.6;0.0
07;2021-03-21;20;4;0;37902;15059;0;11.6;4.6;0.0
07;2021-03-22;834;518;0;38736;15577;0;11.9;4.8;0.0
07;2021-03-23;1441;659;0;40177;16236;0;12.3;5.0;0.0
07;2021-03-24;1252;628;0;41429;16864;0;12.7;5.2;0.0
07;2021-03-25;1837;495;0;43266;17359;0;13.2;5.3;0.0
07;2021-03-26;1817;433;0;45083;17792;0;13.8;5.4;0.0
07;2021-03-27;455;115;0;45538;17907;0;13.9;5.5;0.0
07;2021-03-28;31;4;0;45569;17911;0;13.9;5.5;0.0
07;2021-03-29;840;366;0;46409;18277;0;14.2;5.6;0.0
07;2021-03-30;1587;537;0;47996;18814;0;14.7;5.8;0.0
07;2021-03-31;1482;492;0;49478;19306;0;15.1;5.9;0.0
07;2021-04-01;1661;666;0;51139;19972;0;15.6;6.1;0.0
07;2021-04-02;1495;505;0;52634;20477;0;16.1;6.3;0.0
07;2021-04-03;277;236;0;52911;20713;0;16.2;6.3;0.0
07;2021-04-04;34;93;0;52945;20806;0;16.2;6.4;0.0
07;2021-04-05;79;65;0;53024;20871;0;16.2;6.4;0.0
07;2021-04-06;1158;781;0;54182;21652;0;16.6;6.6;0.0
07;2021-04-07;1254;931;0;55436;22583;0;17.0;6.9;0.0
07;2021-04-08;1909;1142;0;57345;23725;0;17.5;7.3;0.0
07;2021-04-09;2297;604;0;59642;24329;0;18.2;7.4;0.0
07;2021-04-10;829;231;0;60471;24560;0;18.5;7.5;0.0
07;2021-04-11;313;16;0;60784;24576;0;18.6;7.5;0.0
07;2021-04-12;1236;638;0;62020;25214;0;19.0;7.7;0.0
07;2021-04-13;1701;1280;0;63721;26494;0;19.5;8.1;0.0
07;2021-04-14;1535;1032;0;65256;27526;0;20.0;8.4;0.0
07;2021-04-15;1368;858;0;66624;28384;0;20.4;8.7;0.0
07;2021-04-16;1421;893;0;68045;29277;0;20.8;9.0;0.0
07;2021-04-17;896;253;0;68941;29530;0;21.1;9.0;0.0
07;2021-04-18;589;45;0;69530;29575;0;21.3;9.0;0.0
07;2021-04-19;1093;607;0;70623;30182;0;21.6;9.2;0.0
07;2021-04-20;1364;1264;0;71987;31446;0;22.0;9.6;0.0
07;2021-04-21;1613;906;0;73600;32352;0;22.5;9.9;0.0
07;2021-04-22;1639;932;0;75239;33284;0;23.0;10.2;0.0
07;2021-04-23;1351;969;0;76590;34253;0;23.4;10.5;0.0
07;2021-04-24;925;306;0;77515;34559;0;23.7;10.6;0.0
07;2021-04-25;717;81;0;78232;34640;0;23.9;10.6;0.0
07;2021-04-26;1056;768;0;79288;35408;0;24.3;10.8;0.0
07;2021-04-27;1352;1490;0;80640;36898;0;24.7;11.3;0.0
07;2021-04-28;1464;1457;0;82104;38355;0;25.1;11.7;0.0
07;2021-04-29;1842;1460;0;83946;39815;0;25.7;12.2;0.0
07;2021-04-30;1493;1384;0;85439;41199;0;26.1;12.6;0.0
07;2021-05-01;917;144;0;86356;41343;0;26.4;12.6;0.0
07;2021-05-02;749;152;0;87105;41495;0;26.6;12.7;0.0
07;2021-05-03;1282;491;0;88387;41986;0;27.0;12.8;0.0
07;2021-05-04;1943;1552;0;90330;43538;0;27.6;13.3;0.0
07;2021-05-05;1684;1364;0;92014;44902;0;28.1;13.7;0.0
07;2021-05-06;2050;1589;0;94064;46491;0;28.8;14.2;0.0
07;2021-05-07;1633;1487;0;95697;47978;0;29.3;14.7;0.0
07;2021-05-08;1150;415;0;96847;48393;0;29.6;14.8;0.0
07;2021-05-09;887;307;0;97734;48700;0;29.9;14.9;0.0
07;2021-05-10;1468;1124;0;99202;49824;0;30.3;15.2;0.0
07;2021-05-11;2350;1542;0;101552;51366;0;31.1;15.7;0.0
07;2021-05-12;2132;1152;0;103684;52518;0;31.7;16.1;0.0
07;2021-05-13;1657;273;0;105341;52791;0;32.2;16.2;0.0
07;2021-05-14;1733;880;0;107074;53671;0;32.8;16.4;0.0
07;2021-05-15;1708;473;0;108782;54144;0;33.3;16.6;0.0
07;2021-05-16;1491;201;0;110273;54345;0;33.7;16.6;0.0
07;2021-05-17;1794;833;0;112067;55178;0;34.3;16.9;0.0
07;2021-05-18;2240;1230;0;114307;56408;0;35.0;17.3;0.0
07;2021-05-19;2246;919;0;116553;57327;0;35.7;17.5;0.0
07;2021-05-20;2072;1228;0;118625;58555;0;36.3;17.9;0.0
07;2021-05-21;1732;1242;0;120357;59797;0;36.8;18.3;0.0
07;2021-05-22;966;530;0;121323;60327;0;37.1;18.5;0.0
07;2021-05-23;659;146;0;121982;60473;0;37.3;18.5;0.0
07;2021-05-24;1467;343;0;123449;60816;0;37.8;18.6;0.0
07;2021-05-25;1978;1351;0;125427;62167;0;38.4;19.0;0.0
07;2021-05-26;1618;1293;0;127045;63460;0;38.9;19.4;0.0
07;2021-05-27;1882;1413;0;128927;64873;0;39.4;19.8;0.0
07;2021-05-28;1731;2004;0;130658;66877;0;40.0;20.5;0.0
07;2021-05-29;971;723;0;131629;67600;0;40.3;20.7;0.0
07;2021-05-30;415;482;0;132044;68082;0;40.4;20.8;0.0
07;2021-05-31;1163;1193;0;133207;69275;0;40.8;21.2;0.0
07;2021-06-01;1771;1905;0;134978;71180;0;41.3;21.8;0.0
07;2021-06-02;1477;1546;0;136455;72726;0;41.7;22.2;0.0
07;2021-06-03;1587;1319;0;138042;74045;0;42.2;22.7;0.0
07;2021-06-04;1605;1625;0;139647;75670;0;42.7;23.1;0.0
07;2021-06-05;923;920;0;140570;76590;0;43.0;23.4;0.0
07;2021-06-06;388;552;0;140958;77142;0;43.1;23.6;0.0
07;2021-06-07;938;1204;0;141896;78346;0;43.4;24.0;0.0
07;2021-06-08;1437;1688;0;143333;80034;0;43.8;24.5;0.0
07;2021-06-09;1054;1445;0;144387;81479;0;44.2;24.9;0.0
07;2021-06-10;869;1432;0;145256;82911;0;44.4;25.4;0.0
07;2021-06-11;1174;2063;0;146430;84974;0;44.8;26.0;0.0
07;2021-06-12;572;1193;0;147002;86167;0;45.0;26.4;0.0
07;2021-06-13;247;366;0;147249;86533;0;45.0;26.5;0.0
07;2021-06-14;638;1935;0;147887;88468;0;45.2;27.1;0.0
07;2021-06-15;977;2453;0;148864;90921;0;45.5;27.8;0.0
07;2021-06-16;994;1863;0;149858;92784;0;45.8;28.4;0.0
07;2021-06-17;884;1934;0;150742;94718;0;46.1;29.0;0.0
07;2021-06-18;921;2373;0;151663;97091;0;46.4;29.7;0.0
07;2021-06-19;521;1388;0;152184;98479;0;46.6;30.1;0.0
07;2021-06-20;282;637;0;152466;99116;0;46.6;30.3;0.0
07;2021-06-21;532;2131;0;152998;101247;0;46.8;31.0;0.0
07;2021-06-22;656;2580;0;153654;103827;0;47.0;31.8;0.0
07;2021-06-23;680;2066;0;154334;105893;0;47.2;32.4;0.0
07;2021-06-24;642;1908;0;154976;107801;0;47.4;33.0;0.0
07;2021-06-25;664;2356;0;155640;110157;0;47.6;33.7;0.0
07;2021-06-26;339;1597;0;155979;111754;0;47.7;34.2;0.0
07;2021-06-27;203;902;0;156182;112656;0;47.8;34.5;0.0
07;2021-06-28;503;2225;0;156685;114881;0;47.9;35.1;0.0
07;2021-06-29;545;2846;0;157230;117727;0;48.1;36.0;0.0
07;2021-06-30;820;2294;0;158050;120021;0;48.4;36.7;0.0
07;2021-07-01;859;1921;0;158909;121942;0;48.6;37.3;0.0
07;2021-07-02;864;2231;0;159773;124173;0;48.9;38.0;0.0
07;2021-07-03;401;1260;0;160174;125433;0;49.0;38.4;0.0
07;2021-07-04;202;608;0;160376;126041;0;49.1;38.6;0.0
07;2021-07-05;646;1734;0;161022;127775;0;49.3;39.1;0.0
07;2021-07-06;859;2378;0;161881;130153;0;49.5;39.8;0.0
07;2021-07-07;935;1873;0;162816;132026;0;49.8;40.4;0.0
07;2021-07-08;1026;1841;0;163842;133867;0;50.1;41.0;0.0
07;2021-07-09;951;2243;0;164793;136110;0;50.4;41.6;0.0
07;2021-07-10;559;1172;0;165352;137282;0;50.6;42.0;0.0
07;2021-07-11;206;517;0;165558;137799;0;50.6;42.2;0.0
07;2021-07-12;756;1798;0;166314;139597;0;50.9;42.7;0.0
07;2021-07-13;1523;2679;0;167837;142276;0;51.3;43.5;0.0
07;2021-07-14;396;235;0;168233;142511;0;51.5;43.6;0.0
07;2021-07-15;1846;2171;0;170079;144682;0;52.0;44.3;0.0
07;2021-07-16;1975;1964;0;172054;146646;0;52.6;44.9;0.0
07;2021-07-17;1292;1103;0;173346;147749;0;53.0;45.2;0.0
07;2021-07-18;313;221;0;173659;147970;0;53.1;45.3;0.0
07;2021-07-19;1428;1595;0;175087;149565;0;53.6;45.8;0.0
07;2021-07-20;2393;2257;0;177480;151822;0;54.3;46.4;0.0
07;2021-07-21;1893;1819;0;179373;153641;0;54.9;47.0;0.0
07;2021-07-22;1996;1372;0;181369;155013;0;55.5;47.4;0.0
07;2021-07-23;2286;1612;0;183655;156625;0;56.2;47.9;0.0
07;2021-07-24;1508;957;0;185163;157582;0;56.6;48.2;0.0
07;2021-07-25;193;56;0;185356;157638;0;56.7;48.2;0.0
07;2021-07-26;2013;1458;0;187369;159096;0;57.3;48.7;0.0
07;2021-07-27;2756;1598;0;190125;160694;0;58.2;49.2;0.0
07;2021-07-28;1907;1236;0;192032;161930;0;58.7;49.5;0.0
07;2021-07-29;2390;1258;0;194422;163188;0;59.5;49.9;0.0
07;2021-07-30;1706;1460;0;196128;164648;0;60.0;50.4;0.0
07;2021-07-31;1217;748;0;197345;165396;0;60.4;50.6;0.0
07;2021-08-01;118;53;0;197463;165449;0;60.4;50.6;0.0
07;2021-08-02;1563;1117;0;199026;166566;0;60.9;51.0;0.0
07;2021-08-03;2213;1726;0;201239;168292;0;61.6;51.5;0.0
07;2021-08-04;1865;956;0;203104;169248;0;62.1;51.8;0.0
07;2021-08-05;1835;1288;0;204939;170536;0;62.7;52.2;0.0
07;2021-08-06;1858;1645;0;206797;172181;0;63.3;52.7;0.0
07;2021-08-07;733;562;0;207530;172743;0;63.5;52.8;0.0
07;2021-08-08;28;47;0;207558;172790;0;63.5;52.9;0.0
07;2021-08-09;1127;1452;0;208685;174242;0;63.8;53.3;0.0
07;2021-08-10;1416;2140;0;210101;176382;0;64.3;54.0;0.0
07;2021-08-11;1301;1620;0;211402;178002;0;64.7;54.5;0.0
07;2021-08-12;1088;1518;0;212490;179520;0;65.0;54.9;0.0
07;2021-08-13;1137;1713;0;213627;181233;0;65.4;55.4;0.0
07;2021-08-14;424;747;0;214051;181980;0;65.5;55.7;0.0
07;2021-08-15;26;53;0;214077;182033;0;65.5;55.7;0.0
07;2021-08-16;747;1582;0;214824;183615;0;65.7;56.2;0.0
07;2021-08-17;1186;2219;0;216010;185834;0;66.1;56.9;0.0
07;2021-08-18;952;1632;0;216962;187466;0;66.4;57.4;0.0
07;2021-08-19;1101;1731;0;218063;189197;0;66.7;57.9;0.0
07;2021-08-20;920;2121;0;218983;191318;0;67.0;58.5;0.0
07;2021-08-21;349;657;0;219332;191975;0;67.1;58.7;0.0
07;2021-08-22;7;41;0;219339;192016;0;67.1;58.7;0.0
07;2021-08-23;544;1569;0;219883;193585;0;67.3;59.2;0.0
07;2021-08-24;1064;2250;0;220947;195835;0;67.6;59.9;0.0
07;2021-08-25;761;1837;0;221708;197672;0;67.8;60.5;0.0
07;2021-08-26;712;1910;0;222420;199582;0;68.0;61.1;0.0
07;2021-08-27;843;1970;0;223263;201552;0;68.3;61.7;0.0
07;2021-08-28;332;684;0;223595;202236;0;68.4;61.9;0.0
07;2021-08-29;11;71;0;223606;202307;0;68.4;61.9;0.0
07;2021-08-30;494;1533;23;224100;203840;23;68.6;62.4;0.0
07;2021-08-31;1033;2111;74;225133;205951;97;68.9;63.0;0.0
07;2021-09-01;677;1365;68;225810;207316;165;69.1;63.4;0.1
07;2021-09-02;615;1322;171;226425;208638;336;69.3;63.8;0.1
07;2021-09-03;780;1718;131;227205;210356;467;69.5;64.4;0.1
07;2021-09-04;346;653;24;227551;211009;491;69.6;64.6;0.2
07;2021-09-05;19;29;4;227570;211038;495;69.6;64.6;0.2
07;2021-09-06;435;844;152;228005;211882;647;69.8;64.8;0.2
07;2021-09-07;509;1063;167;228514;212945;814;69.9;65.1;0.2
07;2021-09-08;485;1060;145;228999;214005;959;70.1;65.5;0.3
07;2021-09-09;445;859;207;229444;214864;1166;70.2;65.7;0.4
07;2021-09-10;552;1244;197;229996;216108;1363;70.4;66.1;0.4
07;2021-09-11;178;605;40;230174;216713;1403;70.4;66.3;0.4
07;2021-09-12;4;16;3;230178;216729;1406;70.4;66.3;0.4
07;2021-09-13;366;577;136;230544;217306;1542;70.5;66.5;0.5
07;2021-09-14;578;878;334;231122;218184;1876;70.7;66.7;0.6
07;2021-09-15;344;844;203;231466;219028;2079;70.8;67.0;0.6
07;2021-09-16;437;600;320;231903;219628;2399;70.9;67.2;0.7
07;2021-09-17;365;886;314;232268;220514;2713;71.1;67.5;0.8
07;2021-09-18;139;504;59;232407;221018;2772;71.1;67.6;0.8
07;2021-09-19;6;26;4;232413;221044;2776;71.1;67.6;0.8
07;2021-09-20;231;427;407;232644;221471;3183;71.2;67.8;1.0
07;2021-09-21;270;687;364;232914;222158;3547;71.3;68.0;1.1
07;2021-09-22;202;773;201;233116;222931;3748;71.3;68.2;1.1
07;2021-09-23;200;556;343;233316;223487;4091;71.4;68.4;1.3
07;2021-09-24;275;882;365;233591;224369;4456;71.5;68.6;1.4
07;2021-09-25;93;330;63;233684;224699;4519;71.5;68.7;1.4
07;2021-09-26;5;13;6;233689;224712;4525;71.5;68.7;1.4
07;2021-09-27;190;499;325;233879;225211;4850;71.5;68.9;1.5
07;2021-09-28;181;475;531;234060;225686;5381;71.6;69.0;1.6
07;2021-09-29;179;563;378;234239;226249;5759;71.7;69.2;1.8
07;2021-09-30;184;437;345;234423;226686;6104;71.7;69.3;1.9
07;2021-10-01;288;617;367;234711;227303;6471;71.8;69.5;2.0
07;2021-10-02;110;214;59;234821;227517;6530;71.8;69.6;2.0
07;2021-10-03;5;17;2;234826;227534;6532;71.8;69.6;2.0
07;2021-10-04;171;385;362;234997;227919;6894;71.9;69.7;2.1
07;2021-10-05;215;484;480;235212;228403;7374;72.0;69.9;2.3
07;2021-10-06;179;365;500;235391;228768;7874;72.0;70.0;2.4
07;2021-10-07;127;402;358;235518;229170;8232;72.1;70.1;2.5
07;2021-10-08;230;480;511;235748;229650;8743;72.1;70.3;2.7
07;2021-10-09;100;171;141;235848;229821;8884;72.2;70.3;2.7
07;2021-10-10;1;4;2;235849;229825;8886;72.2;70.3;2.7
07;2021-10-11;117;293;495;235966;230118;9381;72.2;70.4;2.9
07;2021-10-12;171;390;515;236137;230508;9896;72.2;70.5;3.0
07;2021-10-13;151;274;403;236288;230782;10299;72.3;70.6;3.2
07;2021-10-14;152;239;371;236440;231021;10670;72.3;70.7;3.3
07;2021-10-15;237;375;567;236677;231396;11237;72.4;70.8;3.4
07;2021-10-16;108;130;175;236785;231526;11412;72.4;70.8;3.5
07;2021-10-17;1;5;1;236786;231531;11413;72.4;70.8;3.5
07;2021-10-18;183;240;389;236969;231771;11802;72.5;70.9;3.6
07;2021-10-19;114;148;565;237083;231919;12367;72.5;71.0;3.8
07;2021-10-20;109;200;444;237192;232119;12811;72.6;71.0;3.9
07;2021-10-21;65;156;552;237257;232275;13363;72.6;71.1;4.1
07;2021-10-22;88;270;623;237345;232545;13986;72.6;71.1;4.3
07;2021-10-23;53;72;133;237398;232617;14119;72.6;71.2;4.3
07;2021-10-24;3;8;2;237401;232625;14121;72.6;71.2;4.3
07;2021-10-25;77;155;367;237478;232780;14488;72.7;71.2;4.4
07;2021-10-26;97;172;747;237575;232952;15235;72.7;71.3;4.7
07;2021-10-27;77;173;407;237652;233125;15642;72.7;71.3;4.8
07;2021-10-28;61;115;406;237713;233240;16048;72.7;71.4;4.9
07;2021-10-29;88;208;733;237801;233448;16781;72.7;71.4;5.1
07;2021-10-30;53;85;191;237854;233533;16972;72.8;71.4;5.2
07;2021-10-31;0;2;3;237854;233535;16975;72.8;71.4;5.2
07;2021-11-01;8;10;17;237862;233545;16992;72.8;71.4;5.2
07;2021-11-02;90;192;700;237952;233737;17692;72.8;71.5;5.4
07;2021-11-03;94;125;630;238046;233862;18322;72.8;71.5;5.6
07;2021-11-04;72;122;680;238118;233984;19002;72.8;71.6;5.8
07;2021-11-05;97;227;823;238215;234211;19825;72.9;71.7;6.1
07;2021-11-06;33;86;230;238248;234297;20055;72.9;71.7;6.1
07;2021-11-07;2;11;2;238250;234308;20057;72.9;71.7;6.1
07;2021-11-08;64;158;767;238314;234466;20824;72.9;71.7;6.4
07;2021-11-09;68;134;1053;238382;234600;21877;72.9;71.8;6.7
07;2021-11-10;78;184;1131;238460;234784;23008;73.0;71.8;7.0
07;2021-11-11;4;3;27;238464;234787;23035;73.0;71.8;7.0
07;2021-11-12;110;167;1179;238574;234954;24214;73.0;71.9;7.4
07;2021-11-13;44;85;275;238618;235039;24489;73.0;71.9;7.5
07;2021-11-14;0;10;10;238618;235049;24499;73.0;71.9;7.5
07;2021-11-15;70;106;1060;238688;235155;25559;73.0;71.9;7.8
07;2021-11-16;84;107;1544;238772;235262;27103;73.0;72.0;8.3
07;2021-11-17;102;125;1155;238874;235387;28258;73.1;72.0;8.6
07;2021-11-18;82;110;1059;238956;235497;29317;73.1;72.0;9.0
07;2021-11-19;94;131;1493;239050;235628;30810;73.1;72.1;9.4
07;2021-11-20;80;56;366;239130;235684;31176;73.2;72.1;9.5
07;2021-11-21;0;2;13;239130;235686;31189;73.2;72.1;9.5
07;2021-11-22;72;55;1137;239202;235741;32326;73.2;72.1;9.9
07;2021-11-23;123;94;1799;239325;235835;34125;73.2;72.1;10.4
07;2021-11-24;135;117;1423;239460;235952;35548;73.3;72.2;10.9
07;2021-11-25;100;92;1906;239560;236044;37454;73.3;72.2;11.5
07;2021-11-26;143;126;2595;239703;236170;40049;73.3;72.3;12.3
07;2021-11-27;72;60;1329;239775;236230;41378;73.4;72.3;12.7
07;2021-11-28;11;7;472;239786;236237;41850;73.4;72.3;12.8
07;2021-11-29;63;69;2156;239849;236306;44006;73.4;72.3;13.5
07;2021-11-30;83;88;3340;239932;236394;47346;73.4;72.3;14.5
07;2021-12-01;101;90;2634;240033;236484;49980;73.4;72.3;15.3
07;2021-12-02;56;60;2929;240089;236544;52909;73.4;72.4;16.2
07;2021-12-03;94;119;3637;240183;236663;56546;73.5;72.4;17.3
07;2021-12-04;61;50;1576;240244;236713;58122;73.5;72.4;17.8
07;2021-12-05;6;12;349;240250;236725;58471;73.5;72.4;17.9
07;2021-12-06;63;73;2714;240313;236798;61185;73.5;72.4;18.7
07;2021-12-07;107;115;4368;240420;236913;65553;73.6;72.5;20.1
07;2021-12-08;86;95;3487;240506;237008;69040;73.6;72.5;21.1
07;2021-12-09;98;84;3581;240604;237092;72621;73.6;72.5;22.2
07;2021-12-10;99;112;4272;240703;237204;76893;73.6;72.6;23.5
07;2021-12-11;69;71;2002;240772;237275;78895;73.7;72.6;24.1
07;2021-12-12;9;7;438;240781;237282;79333;73.7;72.6;24.3
07;2021-12-13;80;87;3092;240861;237369;82425;73.7;72.6;25.2
07;2021-12-14;136;135;4647;240997;237504;87072;73.7;72.7;26.6
07;2021-12-15;92;134;4000;241089;237638;91072;73.8;72.7;27.9
07;2021-12-16;104;104;4280;241193;237742;95352;73.8;72.7;29.2
07;2021-12-17;134;178;4247;241327;237920;99599;73.8;72.8;30.5
07;2021-12-18;111;88;2234;241438;238008;101833;73.9;72.8;31.2
07;2021-12-19;31;23;882;241469;238031;102715;73.9;72.8;31.4
07;2021-12-20;112;100;2557;241581;238131;105272;73.9;72.9;32.2
07;2021-12-21;139;125;3598;241720;238256;108870;73.9;72.9;33.3
07;2021-12-22;113;107;2383;241833;238363;111253;74.0;72.9;34.0
07;2021-12-23;87;70;1659;241920;238433;112912;74.0;72.9;34.5
07;2021-12-24;27;14;450;241947;238447;113362;74.0;72.9;34.7
07;2021-12-25;0;1;21;241947;238448;113383;74.0;72.9;34.7
07;2021-12-26;0;1;47;241947;238449;113430;74.0;72.9;34.7
07;2021-12-27;88;87;1693;242035;238536;115123;74.0;73.0;35.2
07;2021-12-28;108;112;2616;242143;238648;117739;74.1;73.0;36.0
08;2020-12-27;0;0;0;0;0;0;0.0;0.0;0.0
08;2020-12-28;0;0;0;0;0;0;0.0;0.0;0.0
08;2020-12-29;0;0;0;0;0;0;0.0;0.0;0.0
08;2020-12-30;0;0;0;0;0;0;0.0;0.0;0.0
08;2020-12-31;0;0;0;0;0;0;0.0;0.0;0.0
08;2021-01-01;0;0;0;0;0;0;0.0;0.0;0.0
08;2021-01-02;0;0;0;0;0;0;0.0;0.0;0.0
08;2021-01-03;1;0;0;1;0;0;0.0;0.0;0.0
08;2021-01-04;23;0;0;24;0;0;0.0;0.0;0.0
08;2021-01-05;0;0;0;24;0;0;0.0;0.0;0.0
08;2021-01-06;0;0;0;24;0;0;0.0;0.0;0.0
08;2021-01-07;187;0;0;211;0;0;0.1;0.0;0.0
08;2021-01-08;302;0;0;513;0;0;0.2;0.0;0.0
08;2021-01-09;106;0;0;619;0;0;0.2;0.0;0.0
08;2021-01-10;1;0;0;620;0;0;0.2;0.0;0.0
08;2021-01-11;79;1;0;699;1;0;0.3;0.0;0.0
08;2021-01-12;174;0;0;873;1;0;0.3;0.0;0.0
08;2021-01-13;485;1;0;1358;2;0;0.5;0.0;0.0
08;2021-01-14;540;8;0;1898;10;0;0.7;0.0;0.0
08;2021-01-15;294;2;0;2192;12;0;0.8;0.0;0.0
08;2021-01-16;105;0;0;2297;12;0;0.9;0.0;0.0
08;2021-01-17;1;0;0;2298;12;0;0.9;0.0;0.0
08;2021-01-18;385;2;0;2683;14;0;1.0;0.0;0.0
08;2021-01-19;842;1;0;3525;15;0;1.3;0.0;0.0
08;2021-01-20;891;4;0;4416;19;0;1.7;0.0;0.0
08;2021-01-21;729;1;0;5145;20;0;1.9;0.0;0.0
08;2021-01-22;683;2;0;5828;22;0;2.2;0.0;0.0
08;2021-01-23;237;0;0;6065;22;0;2.3;0.0;0.0
08;2021-01-24;1;0;0;6066;22;0;2.3;0.0;0.0
08;2021-01-25;204;0;0;6270;22;0;2.4;0.0;0.0
08;2021-01-26;289;1;0;6559;23;0;2.5;0.0;0.0
08;2021-01-27;416;1;0;6975;24;0;2.6;0.0;0.0
08;2021-01-28;565;173;0;7540;197;0;2.8;0.1;0.0
08;2021-01-29;575;172;0;8115;369;0;3.1;0.1;0.0
08;2021-01-30;207;60;0;8322;429;0;3.1;0.2;0.0
08;2021-01-31;0;0;0;8322;429;0;3.1;0.2;0.0
08;2021-02-01;84;49;0;8406;478;0;3.2;0.2;0.0
08;2021-02-02;202;166;0;8608;644;0;3.2;0.2;0.0
08;2021-02-03;144;169;0;8752;813;0;3.3;0.3;0.0
08;2021-02-04;329;295;0;9081;1108;0;3.4;0.4;0.0
08;2021-02-05;515;343;0;9596;1451;0;3.6;0.5;0.0
08;2021-02-06;142;75;0;9738;1526;0;3.7;0.6;0.0
08;2021-02-07;8;0;0;9746;1526;0;3.7;0.6;0.0
08;2021-02-08;44;175;0;9790;1701;0;3.7;0.6;0.0
08;2021-02-09;217;623;0;10007;2324;0;3.8;0.9;0.0
08;2021-02-10;325;616;0;10332;2940;0;3.9;1.1;0.0
08;2021-02-11;467;357;0;10799;3297;0;4.1;1.2;0.0
08;2021-02-12;663;385;0;11462;3682;0;4.3;1.4;0.0
08;2021-02-13;128;113;0;11590;3795;0;4.4;1.4;0.0
08;2021-02-14;4;61;0;11594;3856;0;4.4;1.5;0.0
08;2021-02-15;226;204;0;11820;4060;0;4.5;1.5;0.0
08;2021-02-16;138;381;0;11958;4441;0;4.5;1.7;0.0
08;2021-02-17;127;411;0;12085;4852;0;4.6;1.8;0.0
08;2021-02-18;229;518;0;12314;5370;0;4.6;2.0;0.0
08;2021-02-19;311;426;0;12625;5796;0;4.8;2.2;0.0
08;2021-02-20;16;205;0;12641;6001;0;4.8;2.3;0.0
08;2021-02-21;0;0;0;12641;6001;0;4.8;2.3;0.0
08;2021-02-22;139;181;0;12780;6182;0;4.8;2.3;0.0
08;2021-02-23;164;324;0;12944;6506;0;4.9;2.5;0.0
08;2021-02-24;169;387;0;13113;6893;0;4.9;2.6;0.0
08;2021-02-25;497;528;0;13610;7421;0;5.1;2.8;0.0
08;2021-02-26;616;631;0;14226;8052;0;5.4;3.0;0.0
08;2021-02-27;308;185;0;14534;8237;0;5.5;3.1;0.0
08;2021-02-28;21;1;0;14555;8238;0;5.5;3.1;0.0
08;2021-03-01;200;103;0;14755;8341;0;5.6;3.1;0.0
08;2021-03-02;623;275;0;15378;8616;0;5.8;3.2;0.0
08;2021-03-03;871;196;0;16249;8812;0;6.1;3.3;0.0
08;2021-03-04;724;345;0;16973;9157;0;6.4;3.4;0.0
08;2021-03-05;1006;546;0;17979;9703;0;6.8;3.7;0.0
08;2021-03-06;652;133;0;18631;9836;0;7.0;3.7;0.0
08;2021-03-07;57;0;0;18688;9836;0;7.0;3.7;0.0
08;2021-03-08;210;126;0;18898;9962;0;7.1;3.8;0.0
08;2021-03-09;686;166;0;19584;10128;0;7.4;3.8;0.0
08;2021-03-10;1043;125;0;20627;10253;0;7.8;3.9;0.0
08;2021-03-11;962;255;0;21589;10508;0;8.1;4.0;0.0
08;2021-03-12;1625;519;0;23214;11027;0;8.7;4.2;0.0
08;2021-03-13;800;112;0;24014;11139;0;9.0;4.2;0.0
08;2021-03-14;28;0;0;24042;11139;0;9.1;4.2;0.0
08;2021-03-15;292;74;0;24334;11213;0;9.2;4.2;0.0
08;2021-03-16;560;43;0;24894;11256;0;9.4;4.2;0.0
08;2021-03-17;802;80;0;25696;11336;0;9.7;4.3;0.0
08;2021-03-18;808;171;0;26504;11507;0;10.0;4.3;0.0
08;2021-03-19;1141;290;0;27645;11797;0;10.4;4.4;0.0
08;2021-03-20;507;27;0;28152;11824;0;10.6;4.5;0.0
08;2021-03-21;17;1;0;28169;11825;0;10.6;4.5;0.0
08;2021-03-22;381;50;0;28550;11875;0;10.8;4.5;0.0
08;2021-03-23;770;69;0;29320;11944;0;11.0;4.5;0.0
08;2021-03-24;1347;76;0;30667;12020;0;11.5;4.5;0.0
08;2021-03-25;1911;104;0;32578;12124;0;12.3;4.6;0.0
08;2021-03-26;2473;175;0;35051;12299;0;13.2;4.6;0.0
08;2021-03-27;912;127;0;35963;12426;0;13.5;4.7;0.0
08;2021-03-28;233;8;0;36196;12434;0;13.6;4.7;0.0
08;2021-03-29;291;182;0;36487;12616;0;13.7;4.8;0.0
08;2021-03-30;846;472;0;37333;13088;0;14.1;4.9;0.0
08;2021-03-31;868;513;0;38201;13601;0;14.4;5.1;0.0
08;2021-04-01;1688;438;0;39889;14039;0;15.0;5.3;0.0
08;2021-04-02;1485;511;0;41374;14550;0;15.6;5.5;0.0
08;2021-04-03;1288;196;0;42662;14746;0;16.1;5.6;0.0
08;2021-04-04;125;5;0;42787;14751;0;16.1;5.6;0.0
08;2021-04-05;14;2;0;42801;14753;0;16.1;5.6;0.0
08;2021-04-06;707;483;0;43508;15236;0;16.4;5.7;0.0
08;2021-04-07;908;692;0;44416;15928;0;16.7;6.0;0.0
08;2021-04-08;1742;520;0;46158;16448;0;17.4;6.2;0.0
08;2021-04-09;2330;728;0;48488;17176;0;18.3;6.5;0.0
08;2021-04-10;1429;228;0;49917;17404;0;18.8;6.6;0.0
08;2021-04-11;16;10;0;49933;17414;0;18.8;6.6;0.0
08;2021-04-12;667;217;0;50600;17631;0;19.1;6.6;0.0
08;2021-04-13;1286;612;0;51886;18243;0;19.5;6.9;0.0
08;2021-04-14;1289;852;0;53175;19095;0;20.0;7.2;0.0
08;2021-04-15;1610;809;0;54785;19904;0;20.6;7.5;0.0
08;2021-04-16;1880;874;0;56665;20778;0;21.3;7.8;0.0
08;2021-04-17;1073;399;0;57738;21177;0;21.7;8.0;0.0
08;2021-04-18;42;16;0;57780;21193;0;21.8;8.0;0.0
08;2021-04-19;1129;313;0;58909;21506;0;22.2;8.1;0.0
08;2021-04-20;1086;571;0;59995;22077;0;22.6;8.3;0.0
08;2021-04-21;1107;769;0;61102;22846;0;23.0;8.6;0.0
08;2021-04-22;1262;885;0;62364;23731;0;23.5;8.9;0.0
08;2021-04-23;1607;1169;0;63971;24900;0;24.1;9.4;0.0
08;2021-04-24;1232;637;0;65203;25537;0;24.6;9.6;0.0
08;2021-04-25;32;204;0;65235;25741;0;24.6;9.7;0.0
08;2021-04-26;947;163;0;66182;25904;0;24.9;9.8;0.0
08;2021-04-27;1258;606;0;67440;26510;0;25.4;10.0;0.0
08;2021-04-28;1372;698;0;68812;27208;0;25.9;10.2;0.0
08;2021-04-29;1105;1306;0;69917;28514;0;26.3;10.7;0.0
08;2021-04-30;1678;1594;0;71595;30108;0;27.0;11.3;0.0
08;2021-05-01;930;474;0;72525;30582;0;27.3;11.5;0.0
08;2021-05-02;581;179;0;73106;30761;0;27.5;11.6;0.0
08;2021-05-03;1093;383;0;74199;31144;0;27.9;11.7;0.0
08;2021-05-04;1272;878;0;75471;32022;0;28.4;12.1;0.0
08;2021-05-05;1513;1313;0;76984;33335;0;29.0;12.6;0.0
08;2021-05-06;1843;1645;0;78827;34980;0;29.7;13.2;0.0
08;2021-05-07;1813;2052;0;80640;37032;0;30.4;13.9;0.0
08;2021-05-08;883;760;0;81523;37792;0;30.7;14.2;0.0
08;2021-05-09;414;60;0;81937;37852;0;30.9;14.3;0.0
08;2021-05-10;1167;666;0;83104;38518;0;31.3;14.5;0.0
08;2021-05-11;1837;969;0;84941;39487;0;32.0;14.9;0.0
08;2021-05-12;1728;1243;0;86669;40730;0;32.6;15.3;0.0
08;2021-05-13;1266;596;0;87935;41326;0;33.1;15.6;0.0
08;2021-05-14;2426;1009;0;90361;42335;0;34.0;15.9;0.0
08;2021-05-15;1739;697;0;92100;43032;0;34.7;16.2;0.0
08;2021-05-16;797;96;0;92897;43128;0;35.0;16.2;0.0
08;2021-05-17;668;886;0;93565;44014;0;35.2;16.6;0.0
08;2021-05-18;1253;837;0;94818;44851;0;35.7;16.9;0.0
08;2021-05-19;1514;961;0;96332;45812;0;36.3;17.3;0.0
08;2021-05-20;1958;946;0;98290;46758;0;37.0;17.6;0.0
08;2021-05-21;2190;1244;0;100480;48002;0;37.8;18.1;0.0
08;2021-05-22;1751;748;0;102231;48750;0;38.5;18.4;0.0
08;2021-05-23;857;89;0;103088;48839;0;38.8;18.4;0.0
08;2021-05-24;749;110;0;103837;48949;0;39.1;18.4;0.0
08;2021-05-25;1320;676;0;105157;49625;0;39.6;18.7;0.0
08;2021-05-26;1435;1022;0;106592;50647;0;40.1;19.1;0.0
08;2021-05-27;1818;1098;0;108410;51745;0;40.8;19.5;0.0
08;2021-05-28;1878;1806;0;110288;53551;0;41.5;20.2;0.0
08;2021-05-29;1582;937;0;111870;54488;0;42.1;20.5;0.0
08;2021-05-30;806;103;0;112676;54591;0;42.4;20.6;0.0
08;2021-05-31;715;556;0;113391;55147;0;42.7;20.8;0.0
08;2021-06-01;1324;890;0;114715;56037;0;43.2;21.1;0.0
08;2021-06-02;1333;1168;0;116048;57205;0;43.7;21.5;0.0
08;2021-06-03;1355;1485;0;117403;58690;0;44.2;22.1;0.0
08;2021-06-04;1728;2340;0;119131;61030;0;44.9;23.0;0.0
08;2021-06-05;1157;1288;0;120288;62318;0;45.3;23.5;0.0
08;2021-06-06;902;104;0;121190;62422;0;45.6;23.5;0.0
08;2021-06-07;701;1115;0;121891;63537;0;45.9;23.9;0.0
08;2021-06-08;928;1448;0;122819;64985;0;46.3;24.5;0.0
08;2021-06-09;867;1358;0;123686;66343;0;46.6;25.0;0.0
08;2021-06-10;1623;1485;0;125309;67828;0;47.2;25.5;0.0
08;2021-06-11;1673;2128;0;126982;69956;0;47.8;26.3;0.0
08;2021-06-12;1274;1428;0;128256;71384;0;48.3;26.9;0.0
08;2021-06-13;388;589;0;128644;71973;0;48.4;27.1;0.0
08;2021-06-14;401;1258;0;129045;73231;0;48.6;27.6;0.0
08;2021-06-15;783;1510;0;129828;74741;0;48.9;28.1;0.0
08;2021-06-16;817;2018;0;130645;76759;0;49.2;28.9;0.0
08;2021-06-17;1259;1783;0;131904;78542;0;49.7;29.6;0.0
08;2021-06-18;1538;2537;0;133442;81079;0;50.3;30.5;0.0
08;2021-06-19;1247;1345;0;134689;82424;0;50.7;31.0;0.0
08;2021-06-20;124;403;0;134813;82827;0;50.8;31.2;0.0
08;2021-06-21;497;1343;0;135310;84170;0;51.0;31.7;0.0
08;2021-06-22;820;1973;0;136130;86143;0;51.3;32.4;0.0
08;2021-06-23;909;1635;0;137039;87778;0;51.6;33.1;0.0
08;2021-06-24;993;1866;0;138032;89644;0;52.0;33.8;0.0
08;2021-06-25;1042;2652;0;139074;92296;0;52.4;34.8;0.0
08;2021-06-26;959;1750;0;140033;94046;0;52.7;35.4;0.0
08;2021-06-27;346;648;0;140379;94694;0;52.9;35.7;0.0
08;2021-06-28;403;1316;0;140782;96010;0;53.0;36.2;0.0
08;2021-06-29;621;1408;0;141403;97418;0;53.3;36.7;0.0
08;2021-06-30;840;1612;0;142243;99030;0;53.6;37.3;0.0
08;2021-07-01;850;2063;0;143093;101093;0;53.9;38.1;0.0
08;2021-07-02;913;2550;0;144006;103643;0;54.2;39.0;0.0
08;2021-07-03;726;2020;0;144732;105663;0;54.5;39.8;0.0
08;2021-07-04;142;850;0;144874;106513;0;54.6;40.1;0.0
08;2021-07-05;117;1186;0;144991;107699;0;54.6;40.6;0.0
08;2021-07-06;445;1706;2;145436;109405;2;54.8;41.2;0.0
08;2021-07-07;410;1726;0;145846;111131;2;54.9;41.9;0.0
08;2021-07-08;672;1838;0;146518;112969;2;55.2;42.5;0.0
08;2021-07-09;728;2368;0;147246;115337;2;55.5;43.4;0.0
08;2021-07-10;611;1848;0;147857;117185;2;55.7;44.1;0.0
08;2021-07-11;236;720;0;148093;117905;2;55.8;44.4;0.0
08;2021-07-12;334;1204;0;148427;119109;2;55.9;44.9;0.0
08;2021-07-13;943;1775;0;149370;120884;2;56.3;45.5;0.0
08;2021-07-14;224;369;0;149594;121253;2;56.3;45.7;0.0
08;2021-07-15;814;2409;0;150408;123662;2;56.6;46.6;0.0
08;2021-07-16;1079;2350;0;151487;126012;2;57.1;47.5;0.0
08;2021-07-17;1031;2017;0;152518;128029;2;57.4;48.2;0.0
08;2021-07-18;348;733;0;152866;128762;2;57.6;48.5;0.0
08;2021-07-19;515;938;0;153381;129700;2;57.8;48.8;0.0
08;2021-07-20;970;1504;0;154351;131204;2;58.1;49.4;0.0
08;2021-07-21;1314;1734;0;155665;132938;2;58.6;50.1;0.0
08;2021-07-22;1309;2088;1;156974;135026;3;59.1;50.9;0.0
08;2021-07-23;1616;2416;0;158590;137442;3;59.7;51.8;0.0
08;2021-07-24;1378;1857;0;159968;139299;3;60.2;52.5;0.0
08;2021-07-25;782;458;0;160750;139757;3;60.5;52.6;0.0
08;2021-07-26;1352;879;0;162102;140636;3;61.0;53.0;0.0
08;2021-07-27;2142;1421;0;164244;142057;3;61.9;53.5;0.0
08;2021-07-28;2346;1488;0;166590;143545;3;62.7;54.1;0.0
08;2021-07-29;2526;1310;0;169116;144855;3;63.7;54.6;0.0
08;2021-07-30;2506;1539;0;171622;146394;3;64.6;55.1;0.0
08;2021-07-31;1875;1029;0;173497;147423;3;65.3;55.5;0.0
08;2021-08-01;902;303;0;174399;147726;3;65.7;55.6;0.0
08;2021-08-02;1266;694;0;175665;148420;3;66.2;55.9;0.0
08;2021-08-03;1659;848;0;177324;149268;3;66.8;56.2;0.0
08;2021-08-04;1514;662;0;178838;149930;3;67.4;56.5;0.0
08;2021-08-05;1813;953;0;180651;150883;3;68.0;56.8;0.0
08;2021-08-06;2414;1108;1;183065;151991;4;68.9;57.2;0.0
08;2021-08-07;1530;1115;0;184595;153106;4;69.5;57.7;0.0
08;2021-08-08;557;370;0;185152;153476;4;69.7;57.8;0.0
08;2021-08-09;680;573;0;185832;154049;4;70.0;58.0;0.0
08;2021-08-10;877;800;0;186709;154849;4;70.3;58.3;0.0
08;2021-08-11;576;834;0;187285;155683;4;70.5;58.6;0.0
08;2021-08-12;1033;1066;0;188318;156749;4;70.9;59.0;0.0
08;2021-08-13;1112;1051;0;189430;157800;4;71.3;59.4;0.0
08;2021-08-14;564;902;0;189994;158702;4;71.6;59.8;0.0
08;2021-08-15;138;262;0;190132;158964;4;71.6;59.9;0.0
08;2021-08-16;240;1256;0;190372;160220;4;71.7;60.3;0.0
08;2021-08-17;522;1263;0;190894;161483;4;71.9;60.8;0.0
08;2021-08-18;330;1319;0;191224;162802;4;72.0;61.3;0.0
08;2021-08-19;588;1826;0;191812;164628;4;72.2;62.0;0.0
08;2021-08-20;677;2176;0;192489;166804;4;72.5;62.8;0.0
08;2021-08-21;266;1328;0;192755;168132;4;72.6;63.3;0.0
08;2021-08-22;107;863;0;192862;168995;4;72.6;63.6;0.0
08;2021-08-23;181;1477;0;193043;170472;4;72.7;64.2;0.0
08;2021-08-24;390;1779;0;193433;172251;4;72.8;64.9;0.0
08;2021-08-25;327;1295;0;193760;173546;4;73.0;65.4;0.0
08;2021-08-26;484;1988;0;194244;175534;4;73.2;66.1;0.0
08;2021-08-27;444;2207;0;194688;177741;4;73.3;66.9;0.0
08;2021-08-28;265;1326;0;194953;179067;4;73.4;67.4;0.0
08;2021-08-29;163;557;0;195116;179624;4;73.5;67.6;0.0
08;2021-08-30;321;1213;11;195437;180837;15;73.6;68.1;0.0
08;2021-08-31;351;1250;42;195788;182087;57;73.7;68.6;0.0
08;2021-09-01;437;1237;115;196225;183324;172;73.9;69.0;0.1
08;2021-09-02;467;1087;151;196692;184411;323;74.1;69.4;0.1
08;2021-09-03;465;1527;150;197157;185938;473;74.3;70.0;0.2
08;2021-09-04;333;1302;57;197490;187240;530;74.4;70.5;0.2
08;2021-09-05;105;165;34;197595;187405;564;74.4;70.6;0.2
08;2021-09-06;188;387;131;197783;187792;695;74.5;70.7;0.3
08;2021-09-07;205;485;149;197988;188277;844;74.6;70.9;0.3
08;2021-09-08;262;517;112;198250;188794;956;74.7;71.1;0.4
08;2021-09-09;316;580;162;198566;189374;1118;74.8;71.3;0.4
08;2021-09-10;479;761;281;199045;190135;1399;75.0;71.6;0.5
08;2021-09-11;348;686;126;199393;190821;1525;75.1;71.9;0.6
08;2021-09-12;48;69;21;199441;190890;1546;75.1;71.9;0.6
08;2021-09-13;358;180;99;199799;191070;1645;75.2;72.0;0.6
08;2021-09-14;236;276;141;200035;191346;1786;75.3;72.1;0.7
08;2021-09-15;231;340;261;200266;191686;2047;75.4;72.2;0.8
08;2021-09-16;215;409;236;200481;192095;2283;75.5;72.3;0.9
08;2021-09-17;313;500;347;200794;192595;2630;75.6;72.5;1.0
08;2021-09-18;175;441;186;200969;193036;2816;75.7;72.7;1.1
08;2021-09-19;24;85;6;200993;193121;2822;75.7;72.7;1.1
08;2021-09-20;62;230;180;201055;193351;3002;75.7;72.8;1.1
08;2021-09-21;120;269;300;201175;193620;3302;75.8;72.9;1.2
08;2021-09-22;132;376;293;201307;193996;3595;75.8;73.1;1.4
08;2021-09-23;170;375;311;201477;194371;3906;75.9;73.2;1.5
08;2021-09-24;164;525;412;201641;194896;4318;75.9;73.4;1.6
08;2021-09-25;105;404;161;201746;195300;4479;76.0;73.6;1.7
08;2021-09-26;20;101;11;201766;195401;4490;76.0;73.6;1.7
08;2021-09-27;48;207;178;201814;195608;4668;76.0;73.7;1.8
08;2021-09-28;80;220;239;201894;195828;4907;76.0;73.7;1.8
08;2021-09-29;115;322;238;202009;196150;5145;76.1;73.9;1.9
08;2021-09-30;143;345;252;202152;196495;5397;76.1;74.0;2.0
08;2021-10-01;171;470;389;202323;196965;5786;76.2;74.2;2.2
08;2021-10-02;133;285;169;202456;197250;5955;76.2;74.3;2.2
08;2021-10-03;24;68;17;202480;197318;5972;76.3;74.3;2.2
08;2021-10-04;80;330;141;202560;197648;6113;76.3;74.4;2.3
08;2021-10-05;78;178;279;202638;197826;6392;76.3;74.5;2.4
08;2021-10-06;96;237;250;202734;198063;6642;76.4;74.6;2.5
08;2021-10-07;100;181;303;202834;198244;6945;76.4;74.7;2.6
08;2021-10-08;157;339;497;202991;198583;7442;76.4;74.8;2.8
08;2021-10-09;128;315;280;203119;198898;7722;76.5;74.9;2.9
08;2021-10-10;32;44;30;203151;198942;7752;76.5;74.9;2.9
08;2021-10-11;59;87;265;203210;199029;8017;76.5;75.0;3.0
08;2021-10-12;79;137;260;203289;199166;8277;76.6;75.0;3.1
08;2021-10-13;112;165;225;203401;199331;8502;76.6;75.1;3.2
08;2021-10-14;60;170;294;203461;199501;8796;76.6;75.1;3.3
08;2021-10-15;211;286;706;203672;199787;9502;76.7;75.2;3.6
08;2021-10-16;73;118;238;203745;199905;9740;76.7;75.3;3.7
08;2021-10-17;34;28;28;203779;199933;9768;76.7;75.3;3.7
08;2021-10-18;78;68;275;203857;200001;10043;76.8;75.3;3.8
08;2021-10-19;60;73;324;203917;200074;10367;76.8;75.3;3.9
08;2021-10-20;109;144;497;204026;200218;10864;76.8;75.4;4.1
08;2021-10-21;72;85;365;204098;200303;11229;76.9;75.4;4.2
08;2021-10-22;141;197;577;204239;200500;11806;76.9;75.5;4.4
08;2021-10-23;69;148;281;204308;200648;12087;76.9;75.6;4.6
08;2021-10-24;20;37;39;204328;200685;12126;77.0;75.6;4.6
08;2021-10-25;68;64;269;204396;200749;12395;77.0;75.6;4.7
08;2021-10-26;82;73;384;204478;200822;12779;77.0;75.6;4.8
08;2021-10-27;79;104;401;204557;200926;13180;77.0;75.7;5.0
08;2021-10-28;84;85;471;204641;201011;13651;77.1;75.7;5.1
08;2021-10-29;147;168;705;204788;201179;14356;77.1;75.8;5.4
08;2021-10-30;54;71;243;204842;201250;14599;77.1;75.8;5.5
08;2021-10-31;15;29;66;204857;201279;14665;77.1;75.8;5.5
08;2021-11-01;3;1;4;204860;201280;14669;77.2;75.8;5.5
08;2021-11-02;66;114;463;204926;201394;15132;77.2;75.8;5.7
08;2021-11-03;77;100;459;205003;201494;15591;77.2;75.9;5.9
08;2021-11-04;72;81;499;205075;201575;16090;77.2;75.9;6.1
08;2021-11-05;85;193;753;205160;201768;16843;77.3;76.0;6.3
08;2021-11-06;68;96;396;205228;201864;17239;77.3;76.0;6.5
08;2021-11-07;10;34;47;205238;201898;17286;77.3;76.0;6.5
08;2021-11-08;36;71;308;205274;201969;17594;77.3;76.1;6.6
08;2021-11-09;77;105;658;205351;202074;18252;77.3;76.1;6.9
08;2021-11-10;82;141;761;205433;202215;19013;77.4;76.2;7.2
08;2021-11-11;4;4;27;205437;202219;19040;77.4;76.2;7.2
08;2021-11-12;133;187;1073;205570;202406;20113;77.4;76.2;7.6
08;2021-11-13;46;62;418;205616;202468;20531;77.4;76.3;7.7
08;2021-11-14;11;17;72;205627;202485;20603;77.4;76.3;7.8
08;2021-11-15;35;69;466;205662;202554;21069;77.5;76.3;7.9
08;2021-11-16;51;77;762;205713;202631;21831;77.5;76.3;8.2
08;2021-11-17;56;86;582;205769;202717;22413;77.5;76.3;8.4
08;2021-11-18;61;112;936;205830;202829;23349;77.5;76.4;8.8
08;2021-11-19;118;198;1370;205948;203027;24719;77.6;76.5;9.3
08;2021-11-20;61;64;534;206009;203091;25253;77.6;76.5;9.5
08;2021-11-21;21;19;100;206030;203110;25353;77.6;76.5;9.5
08;2021-11-22;44;30;534;206074;203140;25887;77.6;76.5;9.7
08;2021-11-23;80;65;887;206154;203205;26774;77.6;76.5;10.1
08;2021-11-24;70;108;843;206224;203313;27617;77.7;76.6;10.4
08;2021-11-25;75;83;1196;206299;203396;28813;77.7;76.6;10.9
08;2021-11-26;142;144;2132;206441;203540;30945;77.7;76.7;11.7
08;2021-11-27;87;66;905;206528;203606;31850;77.8;76.7;12.0
08;2021-11-28;23;21;288;206551;203627;32138;77.8;76.7;12.1
08;2021-11-29;47;33;988;206598;203660;33126;77.8;76.7;12.5
08;2021-11-30;81;84;1820;206679;203744;34946;77.8;76.7;13.2
08;2021-12-01;80;80;1900;206759;203824;36846;77.9;76.8;13.9
08;2021-12-02;65;46;2411;206824;203870;39257;77.9;76.8;14.8
08;2021-12-03;122;155;3009;206946;204025;42266;77.9;76.8;15.9
08;2021-12-04;58;73;1596;207004;204098;43862;78.0;76.9;16.5
08;2021-12-05;12;16;369;207016;204114;44231;78.0;76.9;16.7
08;2021-12-06;29;60;1560;207045;204174;45791;78.0;76.9;17.2
08;2021-12-07;75;70;2594;207120;204244;48385;78.0;76.9;18.2
08;2021-12-08;53;74;1869;207173;204318;50254;78.0;76.9;18.9
08;2021-12-09;63;75;3030;207236;204393;53284;78.0;77.0;20.1
08;2021-12-10;107;123;3996;207343;204516;57280;78.1;77.0;21.6
08;2021-12-11;62;77;2330;207405;204593;59610;78.1;77.1;22.4
08;2021-12-12;13;31;796;207418;204624;60406;78.1;77.1;22.7
08;2021-12-13;42;54;1992;207460;204678;62398;78.1;77.1;23.5
08;2021-12-14;70;82;3188;207530;204760;65586;78.2;77.1;24.7
08;2021-12-15;69;89;3093;207599;204849;68679;78.2;77.1;25.9
08;2021-12-16;101;98;3783;207700;204947;72462;78.2;77.2;27.3
08;2021-12-17;126;160;4588;207826;205107;77050;78.3;77.2;29.0
08;2021-12-18;118;103;3280;207944;205210;80330;78.3;77.3;30.3
08;2021-12-19;18;29;1005;207962;205239;81335;78.3;77.3;30.6
08;2021-12-20;90;63;2867;208052;205302;84202;78.4;77.3;31.7
08;2021-12-21;135;90;3284;208187;205392;87486;78.4;77.4;32.9
08;2021-12-22;105;80;3177;208292;205472;90663;78.4;77.4;34.1
08;2021-12-23;91;75;2224;208383;205547;92887;78.5;77.4;35.0
08;2021-12-24;20;23;455;208403;205570;93342;78.5;77.4;35.2
08;2021-12-25;0;5;29;208403;205575;93371;78.5;77.4;35.2
08;2021-12-26;13;22;596;208416;205597;93967;78.5;77.4;35.4
08;2021-12-27;86;57;1949;208502;205654;95916;78.5;77.5;36.1
08;2021-12-28;112;108;2957;208614;205762;98873;78.6;77.5;37.2
09;2020-12-27;0;0;0;0;0;0;0.0;0.0;0.0
09;2020-12-28;1;0;0;1;0;0;0.0;0.0;0.0
09;2020-12-29;0;0;0;1;0;0;0.0;0.0;0.0
09;2020-12-30;0;0;0;1;0;0;0.0;0.0;0.0
09;2020-12-31;0;0;0;1;0;0;0.0;0.0;0.0
09;2021-01-01;0;0;0;1;0;0;0.0;0.0;0.0
09;2021-01-02;0;0;0;1;0;0;0.0;0.0;0.0
09;2021-01-03;0;0;0;1;0;0;0.0;0.0;0.0
09;2021-01-04;1;0;0;2;0;0;0.0;0.0;0.0
09;2021-01-05;1;0;0;3;0;0;0.0;0.0;0.0
09;2021-01-06;4;0;0;7;0;0;0.0;0.0;0.0
09;2021-01-07;231;2;0;238;2;0;0.2;0.0;0.0
09;2021-01-08;195;0;0;433;2;0;0.3;0.0;0.0
09;2021-01-09;88;0;0;521;2;0;0.3;0.0;0.0
09;2021-01-10;55;0;0;576;2;0;0.4;0.0;0.0
09;2021-01-11;177;0;0;753;2;0;0.5;0.0;0.0
09;2021-01-12;282;0;0;1035;2;0;0.7;0.0;0.0
09;2021-01-13;191;0;0;1226;2;0;0.8;0.0;0.0
09;2021-01-14;431;6;0;1657;8;0;1.1;0.0;0.0
09;2021-01-15;223;2;0;1880;10;0;1.2;0.0;0.0
09;2021-01-16;168;2;0;2048;12;0;1.3;0.0;0.0
09;2021-01-17;93;0;0;2141;12;0;1.4;0.0;0.0
09;2021-01-18;272;1;0;2413;13;0;1.6;0.0;0.0
09;2021-01-19;261;1;0;2674;14;0;1.8;0.0;0.0
09;2021-01-20;368;2;0;3042;16;0;2.0;0.0;0.0
09;2021-01-21;326;1;0;3368;17;0;2.2;0.0;0.0
09;2021-01-22;349;1;0;3717;18;0;2.4;0.0;0.0
09;2021-01-23;212;0;0;3929;18;0;2.6;0.0;0.0
09;2021-01-24;73;1;0;4002;19;0;2.6;0.0;0.0
09;2021-01-25;206;9;0;4208;28;0;2.8;0.0;0.0
09;2021-01-26;571;26;0;4779;54;0;3.1;0.0;0.0
09;2021-01-27;407;41;0;5186;95;0;3.4;0.1;0.0
09;2021-01-28;312;188;0;5498;283;0;3.6;0.2;0.0
09;2021-01-29;233;112;0;5731;395;0;3.8;0.3;0.0
09;2021-01-30;141;52;0;5872;447;0;3.9;0.3;0.0
09;2021-01-31;43;10;0;5915;457;0;3.9;0.3;0.0
09;2021-02-01;90;129;0;6005;586;0;3.9;0.4;0.0
09;2021-02-02;75;280;0;6080;866;0;4.0;0.6;0.0
09;2021-02-03;90;182;0;6170;1048;0;4.0;0.7;0.0
09;2021-02-04;59;304;0;6229;1352;0;4.1;0.9;0.0
09;2021-02-05;92;147;0;6321;1499;0;4.1;1.0;0.0
09;2021-02-06;73;47;0;6394;1546;0;4.2;1.0;0.0
09;2021-02-07;9;56;0;6403;1602;0;4.2;1.1;0.0
09;2021-02-08;35;203;0;6438;1805;0;4.2;1.2;0.0
09;2021-02-09;56;283;0;6494;2088;0;4.3;1.4;0.0
09;2021-02-10;33;210;0;6527;2298;0;4.3;1.5;0.0
09;2021-02-11;36;216;0;6563;2514;0;4.3;1.6;0.0
09;2021-02-12;140;184;0;6703;2698;0;4.4;1.8;0.0
09;2021-02-13;8;131;0;6711;2829;0;4.4;1.9;0.0
09;2021-02-14;0;46;0;6711;2875;0;4.4;1.9;0.0
09;2021-02-15;69;137;0;6780;3012;0;4.4;2.0;0.0
09;2021-02-16;206;469;0;6986;3481;0;4.6;2.3;0.0
09;2021-02-17;94;319;0;7080;3800;0;4.6;2.5;0.0
09;2021-02-18;91;434;0;7171;4234;0;4.7;2.8;0.0
09;2021-02-19;54;271;0;7225;4505;0;4.7;3.0;0.0
09;2021-02-20;45;172;0;7270;4677;0;4.8;3.1;0.0
09;2021-02-21;0;46;0;7270;4723;0;4.8;3.1;0.0
09;2021-02-22;119;226;0;7389;4949;0;4.8;3.2;0.0
09;2021-02-23;152;162;0;7541;5111;0;4.9;3.4;0.0
09;2021-02-24;80;181;0;7621;5292;0;5.0;3.5;0.0
09;2021-02-25;206;174;0;7827;5466;0;5.1;3.6;0.0
09;2021-02-26;146;167;0;7973;5633;0;5.2;3.7;0.0
09;2021-02-27;56;68;0;8029;5701;0;5.3;3.7;0.0
09;2021-02-28;25;15;0;8054;5716;0;5.3;3.8;0.0
09;2021-03-01;220;94;0;8274;5810;0;5.4;3.8;0.0
09;2021-03-02;261;88;0;8535;5898;0;5.6;3.9;0.0
09;2021-03-03;216;122;0;8751;6020;0;5.7;4.0;0.0
09;2021-03-04;374;48;0;9125;6068;0;6.0;4.0;0.0
09;2021-03-05;316;75;0;9441;6143;0;6.2;4.0;0.0
09;2021-03-06;353;39;0;9794;6182;0;6.4;4.1;0.0
09;2021-03-07;128;4;0;9922;6186;0;6.5;4.1;0.0
09;2021-03-08;327;68;0;10249;6254;0;6.7;4.1;0.0
09;2021-03-09;418;145;0;10667;6399;0;7.0;4.2;0.0
09;2021-03-10;523;82;0;11190;6481;0;7.3;4.3;0.0
09;2021-03-11;646;91;0;11836;6572;0;7.8;4.3;0.0
09;2021-03-12;627;35;0;12463;6607;0;8.2;4.3;0.0
09;2021-03-13;359;2;0;12822;6609;0;8.4;4.3;0.0
09;2021-03-14;102;5;0;12924;6614;0;8.5;4.3;0.0
09;2021-03-15;415;53;0;13339;6667;0;8.8;4.4;0.0
09;2021-03-16;313;89;0;13652;6756;0;9.0;4.4;0.0
09;2021-03-17;327;76;0;13979;6832;0;9.2;4.5;0.0
09;2021-03-18;390;39;0;14369;6871;0;9.4;4.5;0.0
09;2021-03-19;479;53;0;14848;6924;0;9.7;4.5;0.0
09;2021-03-20;281;37;0;15129;6961;0;9.9;4.6;0.0
09;2021-03-21;79;0;0;15208;6961;0;10.0;4.6;0.0
09;2021-03-22;373;116;0;15581;7077;0;10.2;4.6;0.0
09;2021-03-23;506;155;0;16087;7232;0;10.6;4.7;0.0
09;2021-03-24;664;40;0;16751;7272;0;11.0;4.8;0.0
09;2021-03-25;797;126;0;17548;7398;0;11.5;4.9;0.0
09;2021-03-26;692;41;0;18240;7439;0;12.0;4.9;0.0
09;2021-03-27;540;65;0;18780;7504;0;12.3;4.9;0.0
09;2021-03-28;123;15;0;18903;7519;0;12.4;4.9;0.0
09;2021-03-29;491;233;0;19394;7752;0;12.7;5.1;0.0
09;2021-03-30;786;145;0;20180;7897;0;13.2;5.2;0.0
09;2021-03-31;729;167;0;20909;8064;0;13.7;5.3;0.0
09;2021-04-01;695;226;0;21604;8290;0;14.2;5.4;0.0
09;2021-04-02;618;236;0;22222;8526;0;14.6;5.6;0.0
09;2021-04-03;604;90;0;22826;8616;0;15.0;5.7;0.0
09;2021-04-04;123;51;0;22949;8667;0;15.1;5.7;0.0
09;2021-04-05;207;57;0;23156;8724;0;15.2;5.7;0.0
09;2021-04-06;879;356;0;24035;9080;0;15.8;6.0;0.0
09;2021-04-07;971;321;0;25006;9401;0;16.4;6.2;0.0
09;2021-04-08;1223;374;0;26229;9775;0;17.2;6.4;0.0
09;2021-04-09;1004;352;0;27233;10127;0;17.9;6.6;0.0
09;2021-04-10;990;154;0;28223;10281;0;18.5;6.7;0.0
09;2021-04-11;169;87;0;28392;10368;0;18.6;6.8;0.0
09;2021-04-12;630;298;0;29022;10666;0;19.0;7.0;0.0
09;2021-04-13;915;370;0;29937;11036;0;19.6;7.2;0.0
09;2021-04-14;1123;419;0;31060;11455;0;20.4;7.5;0.0
09;2021-04-15;991;441;0;32051;11896;0;21.0;7.8;0.0
09;2021-04-16;872;363;0;32923;12259;0;21.6;8.0;0.0
09;2021-04-17;966;287;0;33889;12546;0;22.2;8.2;0.0
09;2021-04-18;96;85;0;33985;12631;0;22.3;8.3;0.0
09;2021-04-19;620;355;0;34605;12986;0;22.7;8.5;0.0
09;2021-04-20;738;479;0;35343;13465;0;23.2;8.8;0.0
09;2021-04-21;811;520;0;36154;13985;0;23.7;9.2;0.0
09;2021-04-22;598;534;0;36752;14519;0;24.1;9.5;0.0
09;2021-04-23;715;389;0;37467;14908;0;24.6;9.8;0.0
09;2021-04-24;617;544;0;38084;15452;0;25.0;10.1;0.0
09;2021-04-25;74;112;0;38158;15564;0;25.0;10.2;0.0
09;2021-04-26;382;477;0;38540;16041;0;25.3;10.5;0.0
09;2021-04-27;425;638;0;38965;16679;0;25.6;10.9;0.0
09;2021-04-28;745;687;0;39710;17366;0;26.1;11.4;0.0
09;2021-04-29;540;692;0;40250;18058;0;26.4;11.8;0.0
09;2021-04-30;589;558;0;40839;18616;0;26.8;12.2;0.0
09;2021-05-01;389;313;0;41228;18929;0;27.1;12.4;0.0
09;2021-05-02;59;100;0;41287;19029;0;27.1;12.5;0.0
09;2021-05-03;507;575;0;41794;19604;0;27.4;12.9;0.0
09;2021-05-04;532;1071;0;42326;20675;0;27.8;13.6;0.0
09;2021-05-05;710;984;0;43036;21659;0;28.2;14.2;0.0
09;2021-05-06;761;881;0;43797;22540;0;28.7;14.8;0.0
09;2021-05-07;858;669;0;44655;23209;0;29.3;15.2;0.0
09;2021-05-08;326;350;0;44981;23559;0;29.5;15.5;0.0
09;2021-05-09;197;87;0;45178;23646;0;29.6;15.5;0.0
09;2021-05-10;445;806;0;45623;24452;0;29.9;16.0;0.0
09;2021-05-11;645;883;0;46268;25335;0;30.4;16.6;0.0
09;2021-05-12;1146;1125;0;47414;26460;0;31.1;17.4;0.0
09;2021-05-13;895;322;0;48309;26782;0;31.7;17.6;0.0
09;2021-05-14;688;533;0;48997;27315;0;32.2;17.9;0.0
09;2021-05-15;784;553;0;49781;27868;0;32.7;18.3;0.0
09;2021-05-16;165;44;0;49946;27912;0;32.8;18.3;0.0
09;2021-05-17;597;384;0;50543;28296;0;33.2;18.6;0.0
09;2021-05-18;1005;397;0;51548;28693;0;33.8;18.8;0.0
09;2021-05-19;1074;348;0;52622;29041;0;34.5;19.1;0.0
09;2021-05-20;984;382;0;53606;29423;0;35.2;19.3;0.0
09;2021-05-21;764;428;0;54370;29851;0;35.7;19.6;0.0
09;2021-05-22;908;297;0;55278;30148;0;36.3;19.8;0.0
09;2021-05-23;117;17;0;55395;30165;0;36.3;19.8;0.0
09;2021-05-24;119;80;0;55514;30245;0;36.4;19.8;0.0
09;2021-05-25;760;478;0;56274;30723;0;36.9;20.2;0.0
09;2021-05-26;813;422;0;57087;31145;0;37.5;20.4;0.0
09;2021-05-27;595;366;0;57682;31511;0;37.8;20.7;0.0
09;2021-05-28;619;469;0;58301;31980;0;38.3;21.0;0.0
09;2021-05-29;821;536;0;59122;32516;0;38.8;21.3;0.0
09;2021-05-30;265;180;0;59387;32696;0;39.0;21.5;0.0
09;2021-05-31;438;557;0;59825;33253;0;39.3;21.8;0.0
09;2021-06-01;715;620;0;60540;33873;0;39.7;22.2;0.0
09;2021-06-02;797;782;0;61337;34655;0;40.2;22.7;0.0
09;2021-06-03;596;637;0;61933;35292;0;40.6;23.2;0.0
09;2021-06-04;709;754;0;62642;36046;0;41.1;23.7;0.0
09;2021-06-05;794;733;0;63436;36779;0;41.6;24.1;0.0
09;2021-06-06;179;91;0;63615;36870;0;41.7;24.2;0.0
09;2021-06-07;500;504;0;64115;37374;0;42.1;24.5;0.0
09;2021-06-08;717;486;0;64832;37860;0;42.5;24.8;0.0
09;2021-06-09;584;718;0;65416;38578;0;42.9;25.3;0.0
09;2021-06-10;511;541;0;65927;39119;0;43.3;25.7;0.0
09;2021-06-11;689;705;0;66616;39824;0;43.7;26.1;0.0
09;2021-06-12;429;602;0;67045;40426;0;44.0;26.5;0.0
09;2021-06-13;93;127;0;67138;40553;0;44.1;26.6;0.0
09;2021-06-14;501;661;0;67639;41214;0;44.4;27.0;0.0
09;2021-06-15;700;865;0;68339;42079;0;44.8;27.6;0.0
09;2021-06-16;476;875;0;68815;42954;0;45.2;28.2;0.0
09;2021-06-17;595;692;0;69410;43646;0;45.5;28.6;0.0
09;2021-06-18;525;974;0;69935;44620;0;45.9;29.3;0.0
09;2021-06-19;360;1101;0;70295;45721;0;46.1;30.0;0.0
09;2021-06-20;24;208;0;70319;45929;0;46.1;30.1;0.0
09;2021-06-21;387;610;0;70706;46539;0;46.4;30.5;0.0
09;2021-06-22;377;876;0;71083;47415;0;46.6;31.1;0.0
09;2021-06-23;325;889;0;71408;48304;0;46.9;31.7;0.0
09;2021-06-24;458;620;0;71866;48924;0;47.2;32.1;0.0
09;2021-06-25;371;781;0;72237;49705;0;47.4;32.6;0.0
09;2021-06-26;327;732;0;72564;50437;0;47.6;33.1;0.0
09;2021-06-27;10;154;0;72574;50591;0;47.6;33.2;0.0
09;2021-06-28;204;750;0;72778;51341;0;47.8;33.7;0.0
09;2021-06-29;255;973;0;73033;52314;0;47.9;34.3;0.0
09;2021-06-30;395;1127;0;73428;53441;0;48.2;35.1;0.0
09;2021-07-01;344;1114;0;73772;54555;0;48.4;35.8;0.0
09;2021-07-02;288;821;0;74060;55376;0;48.6;36.3;0.0
09;2021-07-03;175;979;0;74235;56355;0;48.7;37.0;0.0
09;2021-07-04;15;135;0;74250;56490;0;48.7;37.1;0.0
09;2021-07-05;190;559;0;74440;57049;0;48.8;37.4;0.0
09;2021-07-06;268;982;1;74708;58031;1;49.0;38.1;0.0
09;2021-07-07;346;951;0;75054;58982;1;49.2;38.7;0.0
09;2021-07-08;294;813;0;75348;59795;1;49.4;39.2;0.0
09;2021-07-09;288;825;0;75636;60620;1;49.6;39.8;0.0
09;2021-07-10;261;983;0;75897;61603;1;49.8;40.4;0.0
09;2021-07-11;135;231;0;76032;61834;1;49.9;40.6;0.0
09;2021-07-12;169;785;0;76201;62619;1;50.0;41.1;0.0
09;2021-07-13;608;1004;0;76809;63623;1;50.4;41.7;0.0
09;2021-07-14;402;159;0;77211;63782;1;50.7;41.9;0.0
09;2021-07-15;743;848;0;77954;64630;1;51.2;42.4;0.0
09;2021-07-16;560;988;0;78514;65618;1;51.5;43.1;0.0
09;2021-07-17;751;942;0;79265;66560;1;52.0;43.7;0.0
09;2021-07-18;297;183;0;79562;66743;1;52.2;43.8;0.0
09;2021-07-19;451;787;0;80013;67530;1;52.5;44.3;0.0
09;2021-07-20;724;1032;0;80737;68562;1;53.0;45.0;0.0
09;2021-07-21;849;937;0;81586;69499;1;53.5;45.6;0.0
09;2021-07-22;769;761;0;82355;70260;1;54.0;46.1;0.0
09;2021-07-23;679;746;0;83034;71006;1;54.5;46.6;0.0
09;2021-07-24;791;404;0;83825;71410;1;55.0;46.9;0.0
09;2021-07-25;502;129;0;84327;71539;1;55.3;46.9;0.0
09;2021-07-26;563;637;0;84890;72176;1;55.7;47.4;0.0
09;2021-07-27;1001;791;0;85891;72967;1;56.4;47.9;0.0
09;2021-07-28;967;761;0;86858;73728;1;57.0;48.4;0.0
09;2021-07-29;880;600;0;87738;74328;1;57.6;48.8;0.0
09;2021-07-30;688;527;0;88426;74855;1;58.0;49.1;0.0
09;2021-07-31;1116;335;0;89542;75190;1;58.8;49.3;0.0
09;2021-08-01;151;125;0;89693;75315;1;58.9;49.4;0.0
09;2021-08-02;737;417;0;90430;75732;1;59.3;49.7;0.0
09;2021-08-03;1059;686;0;91489;76418;1;60.0;50.1;0.0
09;2021-08-04;1113;525;0;92602;76943;1;60.8;50.5;0.0
09;2021-08-05;803;559;0;93405;77502;1;61.3;50.9;0.0
09;2021-08-06;862;558;0;94267;78060;1;61.9;51.2;0.0
09;2021-08-07;654;349;0;94921;78409;1;62.3;51.5;0.0
09;2021-08-08;122;152;0;95043;78561;1;62.4;51.5;0.0
09;2021-08-09;562;558;0;95605;79119;1;62.7;51.9;0.0
09;2021-08-10;802;619;0;96407;79738;1;63.3;52.3;0.0
09;2021-08-11;720;731;0;97127;80469;1;63.7;52.8;0.0
09;2021-08-12;527;655;0;97654;81124;1;64.1;53.2;0.0
09;2021-08-13;444;574;0;98098;81698;1;64.4;53.6;0.0
09;2021-08-14;282;673;0;98380;82371;1;64.6;54.0;0.0
09;2021-08-15;58;146;0;98438;82517;1;64.6;54.1;0.0
09;2021-08-16;466;553;0;98904;83070;1;64.9;54.5;0.0
09;2021-08-17;601;673;0;99505;83743;1;65.3;55.0;0.0
09;2021-08-18;502;770;0;100007;84513;1;65.6;55.5;0.0
09;2021-08-19;373;602;0;100380;85115;1;65.9;55.9;0.0
09;2021-08-20;338;675;0;100718;85790;1;66.1;56.3;0.0
09;2021-08-21;267;1118;0;100985;86908;1;66.3;57.0;0.0
09;2021-08-22;62;172;0;101047;87080;1;66.3;57.1;0.0
09;2021-08-23;296;684;0;101343;87764;1;66.5;57.6;0.0
09;2021-08-24;356;833;0;101699;88597;1;66.7;58.1;0.0
09;2021-08-25;224;806;0;101923;89403;1;66.9;58.7;0.0
09;2021-08-26;267;813;0;102190;90216;1;67.1;59.2;0.0
09;2021-08-27;224;688;0;102414;90904;1;67.2;59.6;0.0
09;2021-08-28;227;822;0;102641;91726;1;67.4;60.2;0.0
09;2021-08-29;19;138;0;102660;91864;1;67.4;60.3;0.0
09;2021-08-30;244;629;29;102904;92493;30;67.5;60.7;0.0
09;2021-08-31;286;953;69;103190;93446;99;67.7;61.3;0.1
09;2021-09-01;304;640;182;103494;94086;281;67.9;61.7;0.2
09;2021-09-02;153;443;92;103647;94529;373;68.0;62.0;0.2
09;2021-09-03;220;646;122;103867;95175;495;68.2;62.5;0.3
09;2021-09-04;142;416;59;104009;95591;554;68.2;62.7;0.4
09;2021-09-05;23;77;23;104032;95668;577;68.3;62.8;0.4
09;2021-09-06;165;457;121;104197;96125;698;68.4;63.1;0.5
09;2021-09-07;142;494;139;104339;96619;837;68.5;63.4;0.5
09;2021-09-08;178;696;81;104517;97315;918;68.6;63.9;0.6
09;2021-09-09;151;357;110;104668;97672;1028;68.7;64.1;0.7
09;2021-09-10;126;398;41;104794;98070;1069;68.8;64.4;0.7
09;2021-09-11;114;318;75;104908;98388;1144;68.8;64.6;0.8
09;2021-09-12;18;64;8;104926;98452;1152;68.8;64.6;0.8
09;2021-09-13;133;507;132;105059;98959;1284;68.9;64.9;0.8
09;2021-09-14;142;442;162;105201;99401;1446;69.0;65.2;0.9
09;2021-09-15;167;486;125;105368;99887;1571;69.1;65.5;1.0
09;2021-09-16;119;299;170;105487;100186;1741;69.2;65.7;1.1
09;2021-09-17;153;379;115;105640;100565;1856;69.3;66.0;1.2
09;2021-09-18;111;277;72;105751;100842;1928;69.4;66.2;1.3
09;2021-09-19;1;11;0;105752;100853;1928;69.4;66.2;1.3
09;2021-09-20;63;247;124;105815;101100;2052;69.4;66.3;1.3
09;2021-09-21;86;205;127;105901;101305;2179;69.5;66.5;1.4
09;2021-09-22;145;414;120;106046;101719;2299;69.6;66.7;1.5
09;2021-09-23;72;157;116;106118;101876;2415;69.6;66.8;1.6
09;2021-09-24;110;264;97;106228;102140;2512;69.7;67.0;1.6
09;2021-09-25;38;161;42;106266;102301;2554;69.7;67.1;1.7
09;2021-09-26;1;16;3;106267;102317;2557;69.7;67.1;1.7
09;2021-09-27;66;288;88;106333;102605;2645;69.8;67.3;1.7
09;2021-09-28;76;156;156;106409;102761;2801;69.8;67.4;1.8
09;2021-09-29;82;212;113;106491;102973;2914;69.9;67.6;1.9
09;2021-09-30;44;120;286;106535;103093;3200;69.9;67.6;2.1
09;2021-10-01;89;129;89;106624;103222;3289;70.0;67.7;2.2
09;2021-10-02;61;157;56;106685;103379;3345;70.0;67.8;2.2
09;2021-10-03;1;9;0;106686;103388;3345;70.0;67.8;2.2
09;2021-10-04;67;99;134;106753;103487;3479;70.0;67.9;2.3
09;2021-10-05;60;127;212;106813;103614;3691;70.1;68.0;2.4
09;2021-10-06;117;194;186;106930;103808;3877;70.2;68.1;2.5
09;2021-10-07;60;124;201;106990;103932;4078;70.2;68.2;2.7
09;2021-10-08;103;186;143;107093;104118;4221;70.3;68.3;2.8
09;2021-10-09;46;102;62;107139;104220;4283;70.3;68.4;2.8
09;2021-10-10;0;7;9;107139;104227;4292;70.3;68.4;2.8
09;2021-10-11;59;99;150;107198;104326;4442;70.3;68.5;2.9
09;2021-10-12;51;74;152;107249;104400;4594;70.4;68.5;3.0
09;2021-10-13;86;151;182;107335;104551;4776;70.4;68.6;3.1
09;2021-10-14;51;94;142;107386;104645;4918;70.5;68.7;3.2
09;2021-10-15;74;121;212;107460;104766;5130;70.5;68.7;3.4
09;2021-10-16;66;61;104;107526;104827;5234;70.6;68.8;3.4
09;2021-10-17;3;3;7;107529;104830;5241;70.6;68.8;3.4
09;2021-10-18;44;108;175;107573;104938;5416;70.6;68.9;3.6
09;2021-10-19;50;83;135;107623;105021;5551;70.6;68.9;3.6
09;2021-10-20;79;134;265;107702;105155;5816;70.7;69.0;3.8
09;2021-10-21;55;89;158;107757;105244;5974;70.7;69.1;3.9
09;2021-10-22;51;87;177;107808;105331;6151;70.7;69.1;4.0
09;2021-10-23;42;64;176;107850;105395;6327;70.8;69.2;4.2
09;2021-10-24;0;0;17;107850;105395;6344;70.8;69.2;4.2
09;2021-10-25;43;63;225;107893;105458;6569;70.8;69.2;4.3
09;2021-10-26;44;55;196;107937;105513;6765;70.8;69.2;4.4
09;2021-10-27;57;137;289;107994;105650;7054;70.9;69.3;4.6
09;2021-10-28;61;64;273;108055;105714;7327;70.9;69.4;4.8
09;2021-10-29;72;135;269;108127;105849;7596;71.0;69.5;5.0
09;2021-10-30;27;34;85;108154;105883;7681;71.0;69.5;5.0
09;2021-10-31;1;5;0;108155;105888;7681;71.0;69.5;5.0
09;2021-11-01;9;30;32;108164;105918;7713;71.0;69.5;5.1
09;2021-11-02;41;53;190;108205;105971;7903;71.0;69.5;5.2
09;2021-11-03;60;91;350;108265;106062;8253;71.0;69.6;5.4
09;2021-11-04;49;77;351;108314;106139;8604;71.1;69.6;5.6
09;2021-11-05;61;104;371;108375;106243;8975;71.1;69.7;5.9
09;2021-11-06;58;59;286;108433;106302;9261;71.2;69.8;6.1
09;2021-11-07;5;7;23;108438;106309;9284;71.2;69.8;6.1
09;2021-11-08;44;53;320;108482;106362;9604;71.2;69.8;6.3
09;2021-11-09;62;66;500;108544;106428;10104;71.2;69.8;6.6
09;2021-11-10;65;88;490;108609;106516;10594;71.3;69.9;7.0
09;2021-11-11;6;6;78;108615;106522;10672;71.3;69.9;7.0
09;2021-11-12;48;63;444;108663;106585;11116;71.3;69.9;7.3
09;2021-11-13;24;39;200;108687;106624;11316;71.3;70.0;7.4
09;2021-11-14;0;3;2;108687;106627;11318;71.3;70.0;7.4
09;2021-11-15;37;55;431;108724;106682;11749;71.3;70.0;7.7
09;2021-11-16;33;47;534;108757;106729;12283;71.4;70.0;8.1
09;2021-11-17;70;59;646;108827;106788;12929;71.4;70.1;8.5
09;2021-11-18;33;63;608;108860;106851;13537;71.4;70.1;8.9
09;2021-11-19;56;53;618;108916;106904;14155;71.5;70.1;9.3
09;2021-11-20;61;44;307;108977;106948;14462;71.5;70.2;9.5
09;2021-11-21;0;3;5;108977;106951;14467;71.5;70.2;9.5
09;2021-11-22;47;71;527;109024;107022;14994;71.5;70.2;9.8
09;2021-11-23;77;46;608;109101;107068;15602;71.6;70.3;10.2
09;2021-11-24;60;82;576;109161;107150;16178;71.6;70.3;10.6
09;2021-11-25;59;55;734;109220;107205;16912;71.7;70.3;11.1
09;2021-11-26;82;80;791;109302;107285;17703;71.7;70.4;11.6
09;2021-11-27;44;41;360;109346;107326;18063;71.8;70.4;11.9
09;2021-11-28;3;3;32;109349;107329;18095;71.8;70.4;11.9
09;2021-11-29;57;51;683;109406;107380;18778;71.8;70.5;12.3
09;2021-11-30;75;67;1160;109481;107447;19938;71.8;70.5;13.1
09;2021-12-01;38;56;985;109519;107503;20923;71.9;70.5;13.7
09;2021-12-02;66;47;1304;109585;107550;22227;71.9;70.6;14.6
09;2021-12-03;55;45;1149;109640;107595;23376;71.9;70.6;15.3
09;2021-12-04;43;41;465;109683;107636;23841;72.0;70.6;15.6
09;2021-12-05;2;4;196;109685;107640;24037;72.0;70.6;15.8
09;2021-12-06;40;44;903;109725;107684;24940;72.0;70.7;16.4
09;2021-12-07;53;43;1452;109778;107727;26392;72.0;70.7;17.3
09;2021-12-08;81;64;1340;109859;107791;27732;72.1;70.7;18.2
09;2021-12-09;73;63;1553;109932;107854;29285;72.1;70.8;19.2
09;2021-12-10;60;58;1625;109992;107912;30910;72.2;70.8;20.3
09;2021-12-11;72;30;1603;110064;107942;32513;72.2;70.8;21.3
09;2021-12-12;5;13;801;110069;107955;33314;72.2;70.8;21.9
09;2021-12-13;49;63;1168;110118;108018;34482;72.3;70.9;22.6
09;2021-12-14;68;82;1631;110186;108100;36113;72.3;70.9;23.7
09;2021-12-15;81;94;1468;110267;108194;37581;72.4;71.0;24.7
09;2021-12-16;83;69;1941;110350;108263;39522;72.4;71.0;25.9
09;2021-12-17;96;100;1555;110446;108363;41077;72.5;71.1;27.0
09;2021-12-18;73;56;1541;110519;108419;42618;72.5;71.1;28.0
09;2021-12-19;21;25;1012;110540;108444;43630;72.5;71.2;28.6
09;2021-12-20;93;74;1361;110633;108518;44991;72.6;71.2;29.5
09;2021-12-21;102;78;1376;110735;108596;46367;72.7;71.3;30.4
09;2021-12-22;80;78;1232;110815;108674;47599;72.7;71.3;31.2
09;2021-12-23;94;55;1105;110909;108729;48704;72.8;71.3;32.0
09;2021-12-24;10;14;133;110919;108743;48837;72.8;71.4;32.0
09;2021-12-25;0;0;8;110919;108743;48845;72.8;71.4;32.1
09;2021-12-26;18;11;96;110937;108754;48941;72.8;71.4;32.1
09;2021-12-27;63;58;1138;111000;108812;50079;72.8;71.4;32.9
09;2021-12-28;82;73;1169;111082;108885;51248;72.9;71.4;33.6
10;2020-12-27;0;0;0;0;0;0;0.0;0.0;0.0
10;2020-12-28;0;0;0;0;0;0;0.0;0.0;0.0
10;2020-12-29;0;0;0;0;0;0;0.0;0.0;0.0
10;2020-12-30;0;0;0;0;0;0;0.0;0.0;0.0
10;2020-12-31;0;0;0;0;0;0;0.0;0.0;0.0
10;2021-01-01;0;0;0;0;0;0;0.0;0.0;0.0
10;2021-01-02;1;0;0;1;0;0;0.0;0.0;0.0
10;2021-01-03;0;0;0;1;0;0;0.0;0.0;0.0
10;2021-01-04;0;0;0;1;0;0;0.0;0.0;0.0
10;2021-01-05;2;0;0;3;0;0;0.0;0.0;0.0
10;2021-01-06;1;0;0;4;0;0;0.0;0.0;0.0
10;2021-01-07;77;0;0;81;0;0;0.0;0.0;0.0
10;2021-01-08;237;0;0;318;0;0;0.1;0.0;0.0
10;2021-01-09;2;0;0;320;0;0;0.1;0.0;0.0
10;2021-01-10;1;0;0;321;0;0;0.1;0.0;0.0
10;2021-01-11;112;0;0;433;0;0;0.1;0.0;0.0
10;2021-01-12;182;0;0;615;0;0;0.2;0.0;0.0
10;2021-01-13;306;1;0;921;1;0;0.3;0.0;0.0
10;2021-01-14;368;9;0;1289;10;0;0.4;0.0;0.0
10;2021-01-15;367;3;0;1656;13;0;0.5;0.0;0.0
10;2021-01-16;56;0;0;1712;13;0;0.6;0.0;0.0
10;2021-01-17;0;0;0;1712;13;0;0.6;0.0;0.0
10;2021-01-18;625;3;0;2337;16;0;0.8;0.0;0.0
10;2021-01-19;1317;6;0;3654;22;0;1.2;0.0;0.0
10;2021-01-20;1093;8;0;4747;30;0;1.5;0.0;0.0
10;2021-01-21;1119;2;0;5866;32;0;1.9;0.0;0.0
10;2021-01-22;778;2;0;6644;34;0;2.1;0.0;0.0
10;2021-01-23;313;0;0;6957;34;0;2.2;0.0;0.0
10;2021-01-24;0;0;0;6957;34;0;2.2;0.0;0.0
10;2021-01-25;446;7;0;7403;41;0;2.4;0.0;0.0
10;2021-01-26;492;14;0;7895;55;0;2.5;0.0;0.0
10;2021-01-27;454;15;0;8349;70;0;2.7;0.0;0.0
10;2021-01-28;362;47;0;8711;117;0;2.8;0.0;0.0
10;2021-01-29;417;177;0;9128;294;0;2.9;0.1;0.0
10;2021-01-30;33;0;0;9161;294;0;3.0;0.1;0.0
10;2021-01-31;0;0;0;9161;294;0;3.0;0.1;0.0
10;2021-02-01;397;139;0;9558;433;0;3.1;0.1;0.0
10;2021-02-02;183;147;0;9741;580;0;3.1;0.2;0.0
10;2021-02-03;351;188;0;10092;768;0;3.3;0.2;0.0
10;2021-02-04;342;249;0;10434;1017;0;3.4;0.3;0.0
10;2021-02-05;309;308;0;10743;1325;0;3.5;0.4;0.0
10;2021-02-06;6;37;0;10749;1362;0;3.5;0.4;0.0
10;2021-02-07;0;0;0;10749;1362;0;3.5;0.4;0.0
10;2021-02-08;179;392;0;10928;1754;0;3.5;0.6;0.0
10;2021-02-09;454;575;0;11382;2329;0;3.7;0.8;0.0
10;2021-02-10;632;491;0;12014;2820;0;3.9;0.9;0.0
10;2021-02-11;729;577;0;12743;3397;0;4.1;1.1;0.0
10;2021-02-12;570;501;0;13313;3898;0;4.3;1.3;0.0
10;2021-02-13;34;113;0;13347;4011;0;4.3;1.3;0.0
10;2021-02-14;3;2;0;13350;4013;0;4.3;1.3;0.0
10;2021-02-15;137;444;0;13487;4457;0;4.4;1.4;0.0
10;2021-02-16;112;545;0;13599;5002;0;4.4;1.6;0.0
10;2021-02-17;138;599;0;13737;5601;0;4.4;1.8;0.0
10;2021-02-18;213;559;0;13950;6160;0;4.5;2.0;0.0
10;2021-02-19;190;450;0;14140;6610;0;4.6;2.1;0.0
10;2021-02-20;24;193;0;14164;6803;0;4.6;2.2;0.0
10;2021-02-21;0;0;0;14164;6803;0;4.6;2.2;0.0
10;2021-02-22;83;445;0;14247;7248;0;4.6;2.3;0.0
10;2021-02-23;86;553;0;14333;7801;0;4.6;2.5;0.0
10;2021-02-24;125;376;0;14458;8177;0;4.7;2.6;0.0
10;2021-02-25;340;379;0;14798;8556;0;4.8;2.8;0.0
10;2021-02-26;351;283;0;15149;8839;0;4.9;2.9;0.0
10;2021-02-27;255;124;0;15404;8963;0;5.0;2.9;0.0
10;2021-02-28;0;1;0;15404;8964;0;5.0;2.9;0.0
10;2021-03-01;258;324;0;15662;9288;0;5.1;3.0;0.0
10;2021-03-02;437;352;0;16099;9640;0;5.2;3.1;0.0
10;2021-03-03;465;572;0;16564;10212;0;5.3;3.3;0.0
10;2021-03-04;588;470;0;17152;10682;0;5.5;3.4;0.0
10;2021-03-05;678;269;0;17830;10951;0;5.8;3.5;0.0
10;2021-03-06;921;43;0;18751;10994;0;6.1;3.5;0.0
10;2021-03-07;744;6;0;19495;11000;0;6.3;3.5;0.0
10;2021-03-08;507;435;0;20002;11435;0;6.5;3.7;0.0
10;2021-03-09;645;400;0;20647;11835;0;6.7;3.8;0.0
10;2021-03-10;656;359;0;21303;12194;0;6.9;3.9;0.0
10;2021-03-11;1122;225;0;22425;12419;0;7.2;4.0;0.0
10;2021-03-12;1274;246;0;23699;12665;0;7.6;4.1;0.0
10;2021-03-13;881;34;0;24580;12699;0;7.9;4.1;0.0
10;2021-03-14;1326;20;0;25906;12719;0;8.4;4.1;0.0
10;2021-03-15;810;76;0;26716;12795;0;8.6;4.1;0.0
10;2021-03-16;681;64;0;27397;12859;0;8.8;4.1;0.0
10;2021-03-17;770;67;0;28167;12926;0;9.1;4.2;0.0
10;2021-03-18;832;74;0;28999;13000;0;9.4;4.2;0.0
10;2021-03-19;916;76;0;29915;13076;0;9.7;4.2;0.0
10;2021-03-20;536;16;0;30451;13092;0;9.8;4.2;0.0
10;2021-03-21;1767;43;0;32218;13135;0;10.4;4.2;0.0
10;2021-03-22;816;71;0;33034;13206;0;10.7;4.3;0.0
10;2021-03-23;1183;93;0;34217;13299;0;11.0;4.3;0.0
10;2021-03-24;1273;62;0;35490;13361;0;11.5;4.3;0.0
10;2021-03-25;1606;211;0;37096;13572;0;12.0;4.4;0.0
10;2021-03-26;1380;121;0;38476;13693;0;12.4;4.4;0.0
10;2021-03-27;781;75;0;39257;13768;0;12.7;4.4;0.0
10;2021-03-28;1197;29;0;40454;13797;0;13.1;4.5;0.0
10;2021-03-29;653;304;0;41107;14101;0;13.3;4.6;0.0
10;2021-03-30;917;372;0;42024;14473;0;13.6;4.7;0.0
10;2021-03-31;625;360;0;42649;14833;0;13.8;4.8;0.0
10;2021-04-01;896;669;0;43545;15502;0;14.1;5.0;0.0
10;2021-04-02;1077;582;0;44622;16084;0;14.4;5.2;0.0
10;2021-04-03;560;554;0;45182;16638;0;14.6;5.4;0.0
10;2021-04-04;1747;248;0;46929;16886;0;15.1;5.4;0.0
10;2021-04-05;1733;43;0;48662;16929;0;15.7;5.5;0.0
10;2021-04-06;525;627;0;49187;17556;0;15.9;5.7;0.0
10;2021-04-07;580;524;0;49767;18080;0;16.1;5.8;0.0
10;2021-04-08;1058;582;0;50825;18662;0;16.4;6.0;0.0
10;2021-04-09;1143;585;0;51968;19247;0;16.8;6.2;0.0
10;2021-04-10;1726;344;0;53694;19591;0;17.3;6.3;0.0
10;2021-04-11;70;1226;0;53764;20817;0;17.3;6.7;0.0
10;2021-04-12;984;782;0;54748;21599;0;17.7;7.0;0.0
10;2021-04-13;1459;872;0;56207;22471;0;18.1;7.3;0.0
10;2021-04-14;852;597;0;57059;23068;0;18.4;7.4;0.0
10;2021-04-15;1416;847;0;58475;23915;0;18.9;7.7;0.0
10;2021-04-16;1106;678;0;59581;24593;0;19.2;7.9;0.0
10;2021-04-17;2233;353;0;61814;24946;0;19.9;8.0;0.0
10;2021-04-18;1336;1713;0;63150;26659;0;20.4;8.6;0.0
10;2021-04-19;828;773;0;63978;27432;0;20.6;8.9;0.0
10;2021-04-20;557;951;0;64535;28383;0;20.8;9.2;0.0
10;2021-04-21;613;968;0;65148;29351;0;21.0;9.5;0.0
10;2021-04-22;891;942;0;66039;30293;0;21.3;9.8;0.0
10;2021-04-23;2024;756;0;68063;31049;0;22.0;10.0;0.0
10;2021-04-24;2090;400;0;70153;31449;0;22.6;10.1;0.0
10;2021-04-25;1869;1179;0;72022;32628;0;23.2;10.5;0.0
10;2021-04-26;715;636;0;72737;33264;0;23.5;10.7;0.0
10;2021-04-27;851;544;0;73588;33808;0;23.7;10.9;0.0
10;2021-04-28;861;400;0;74449;34208;0;24.0;11.0;0.0
10;2021-04-29;1435;677;0;75884;34885;0;24.5;11.3;0.0
10;2021-04-30;2084;784;0;77968;35669;0;25.2;11.5;0.0
10;2021-05-01;1847;2041;0;79815;37710;0;25.8;12.2;0.0
10;2021-05-02;1833;1811;0;81648;39521;0;26.3;12.8;0.0
10;2021-05-03;568;478;0;82216;39999;0;26.5;12.9;0.0
10;2021-05-04;1079;1241;0;83295;41240;0;26.9;13.3;0.0
10;2021-05-05;1709;1005;0;85004;42245;0;27.4;13.6;0.0
10;2021-05-06;2195;952;0;87199;43197;0;28.1;13.9;0.0
10;2021-05-07;2152;1104;0;89351;44301;0;28.8;14.3;0.0
10;2021-05-08;2167;892;0;91518;45193;0;29.5;14.6;0.0
10;2021-05-09;1884;106;0;93402;45299;0;30.1;14.6;0.0
10;2021-05-10;536;1093;0;93938;46392;0;30.3;15.0;0.0
10;2021-05-11;1056;1029;0;94994;47421;0;30.7;15.3;0.0
10;2021-05-12;1966;869;0;96960;48290;0;31.3;15.6;0.0
10;2021-05-13;2079;419;0;99039;48709;0;32.0;15.7;0.0
10;2021-05-14;2516;643;0;101555;49352;0;32.8;15.9;0.0
10;2021-05-15;2251;1902;0;103806;51254;0;33.5;16.5;0.0
10;2021-05-16;1886;1351;0;105692;52605;0;34.1;17.0;0.0
10;2021-05-17;1421;446;0;107113;53051;0;34.6;17.1;0.0
10;2021-05-18;2385;594;0;109498;53645;0;35.3;17.3;0.0
10;2021-05-19;1518;630;0;111016;54275;0;35.8;17.5;0.0
10;2021-05-20;1785;818;0;112801;55093;0;36.4;17.8;0.0
10;2021-05-21;2175;608;0;114976;55701;0;37.1;18.0;0.0
10;2021-05-22;2019;407;0;116995;56108;0;37.8;18.1;0.0
10;2021-05-23;1550;125;0;118545;56233;0;38.3;18.1;0.0
10;2021-05-24;1692;162;0;120237;56395;0;38.8;18.2;0.0
10;2021-05-25;1753;486;0;121990;56881;0;39.4;18.4;0.0
10;2021-05-26;1493;416;0;123483;57297;0;39.8;18.5;0.0
10;2021-05-27;1516;723;0;124999;58020;0;40.3;18.7;0.0
10;2021-05-28;1580;1143;0;126579;59163;0;40.8;19.1;0.0
10;2021-05-29;1849;615;0;128428;59778;0;41.4;19.3;0.0
10;2021-05-30;893;126;0;129321;59904;0;41.7;19.3;0.0
10;2021-05-31;1015;745;0;130336;60649;0;42.1;19.6;0.0
10;2021-06-01;1123;860;0;131459;61509;0;42.4;19.8;0.0
10;2021-06-02;1027;698;0;132486;62207;0;42.8;20.1;0.0
10;2021-06-03;1365;1029;0;133851;63236;0;43.2;20.4;0.0
10;2021-06-04;1730;2468;0;135581;65704;0;43.7;21.2;0.0
10;2021-06-05;1366;2256;0;136947;67960;0;44.2;21.9;0.0
10;2021-06-06;932;1740;0;137879;69700;0;44.5;22.5;0.0
10;2021-06-07;722;1087;0;138601;70787;0;44.7;22.8;0.0
10;2021-06-08;911;1107;0;139512;71894;0;45.0;23.2;0.0
10;2021-06-09;880;922;0;140392;72816;0;45.3;23.5;0.0
10;2021-06-10;724;1006;0;141116;73822;0;45.5;23.8;0.0
10;2021-06-11;1182;2116;0;142298;75938;0;45.9;24.5;0.0
10;2021-06-12;864;2259;0;143162;78197;0;46.2;25.2;0.0
10;2021-06-13;378;1723;0;143540;79920;0;46.3;25.8;0.0
10;2021-06-14;552;713;0;144092;80633;0;46.5;26.0;0.0
10;2021-06-15;737;2035;0;144829;82668;0;46.7;26.7;0.0
10;2021-06-16;766;1846;0;145595;84514;0;47.0;27.3;0.0
10;2021-06-17;857;2359;0;146452;86873;0;47.3;28.0;0.0
10;2021-06-18;1045;2472;0;147497;89345;0;47.6;28.8;0.0
10;2021-06-19;982;2423;0;148479;91768;0;47.9;29.6;0.0
10;2021-06-20;518;1491;0;148997;93259;0;48.1;30.1;0.0
10;2021-06-21;651;1030;0;149648;94289;0;48.3;30.4;0.0
10;2021-06-22;705;1501;1;150353;95790;1;48.5;30.9;0.0
10;2021-06-23;673;2300;0;151026;98090;1;48.7;31.7;0.0
10;2021-06-24;791;2474;0;151817;100564;1;49.0;32.4;0.0
10;2021-06-25;721;2872;0;152538;103436;1;49.2;33.4;0.0
10;2021-06-26;504;2522;0;153042;105958;1;49.4;34.2;0.0
10;2021-06-27;405;1788;0;153447;107746;1;49.5;34.8;0.0
10;2021-06-28;632;1660;0;154079;109406;1;49.7;35.3;0.0
10;2021-06-29;619;2535;0;154698;111941;1;49.9;36.1;0.0
10;2021-06-30;573;1540;0;155271;113481;1;50.1;36.6;0.0
10;2021-07-01;584;2024;0;155855;115505;1;50.3;37.3;0.0
10;2021-07-02;705;2578;0;156560;118083;1;50.5;38.1;0.0
10;2021-07-03;529;2391;0;157089;120474;1;50.7;38.9;0.0
10;2021-07-04;400;1526;0;157489;122000;1;50.8;39.4;0.0
10;2021-07-05;667;2045;1;158156;124045;2;51.0;40.0;0.0
10;2021-07-06;676;1900;4;158832;125945;6;51.3;40.6;0.0
10;2021-07-07;660;1633;1;159492;127578;7;51.5;41.2;0.0
10;2021-07-08;750;1422;0;160242;129000;7;51.7;41.6;0.0
10;2021-07-09;812;1896;0;161054;130896;7;52.0;42.2;0.0
10;2021-07-10;637;1869;0;161691;132765;7;52.2;42.8;0.0
10;2021-07-11;490;1257;0;162181;134022;7;52.3;43.2;0.0
10;2021-07-12;776;1586;0;162957;135608;7;52.6;43.8;0.0
10;2021-07-13;1125;1829;0;164082;137437;7;52.9;44.3;0.0
10;2021-07-14;1161;1036;0;165243;138473;7;53.3;44.7;0.0
10;2021-07-15;1438;1992;0;166681;140465;7;53.8;45.3;0.0
10;2021-07-16;1305;2198;0;167986;142663;7;54.2;46.0;0.0
10;2021-07-17;1225;1641;0;169211;144304;7;54.6;46.6;0.0
10;2021-07-18;918;1167;0;170129;145471;7;54.9;46.9;0.0
10;2021-07-19;1360;1599;0;171489;147070;7;55.3;47.5;0.0
10;2021-07-20;1688;1469;0;173177;148539;7;55.9;47.9;0.0
10;2021-07-21;1452;1504;0;174629;150043;7;56.3;48.4;0.0
10;2021-07-22;1924;1597;0;176553;151640;7;57.0;48.9;0.0
10;2021-07-23;1697;1581;0;178250;153221;7;57.5;49.4;0.0
10;2021-07-24;1371;1240;0;179621;154461;7;58.0;49.8;0.0
10;2021-07-25;1223;763;0;180844;155224;7;58.4;50.1;0.0
10;2021-07-26;1807;1307;0;182651;156531;7;58.9;50.5;0.0
10;2021-07-27;2097;1079;0;184748;157610;7;59.6;50.9;0.0
10;2021-07-28;2130;1033;0;186878;158643;7;60.3;51.2;0.0
10;2021-07-29;2300;1161;0;189178;159804;7;61.0;51.6;0.0
10;2021-07-30;2156;1259;0;191334;161063;7;61.7;52.0;0.0
10;2021-07-31;1586;949;0;192920;162012;7;62.3;52.3;0.0
10;2021-08-01;1204;562;0;194124;162574;7;62.6;52.5;0.0
10;2021-08-02;1382;1283;0;195506;163857;7;63.1;52.9;0.0
10;2021-08-03;1524;920;0;197030;164777;7;63.6;53.2;0.0
10;2021-08-04;1307;1071;0;198337;165848;7;64.0;53.5;0.0
10;2021-08-05;1568;1278;0;199905;167126;7;64.5;53.9;0.0
10;2021-08-06;1736;1348;0;201641;168474;7;65.1;54.4;0.0
10;2021-08-07;1107;1083;0;202748;169557;7;65.4;54.7;0.0
10;2021-08-08;637;716;0;203385;170273;7;65.6;54.9;0.0
10;2021-08-09;1265;1453;0;204650;171726;7;66.0;55.4;0.0
10;2021-08-10;1532;1359;0;206182;173085;7;66.5;55.9;0.0
10;2021-08-11;828;1129;0;207010;174214;7;66.8;56.2;0.0
10;2021-08-12;998;1276;0;208008;175490;7;67.1;56.6;0.0
10;2021-08-13;742;1157;0;208750;176647;7;67.4;57.0;0.0
10;2021-08-14;587;1198;0;209337;177845;7;67.5;57.4;0.0
10;2021-08-15;270;771;0;209607;178616;7;67.6;57.6;0.0
10;2021-08-16;663;1589;0;210270;180205;7;67.8;58.1;0.0
10;2021-08-17;769;1727;0;211039;181932;7;68.1;58.7;0.0
10;2021-08-18;702;1612;0;211741;183544;7;68.3;59.2;0.0
10;2021-08-19;529;1542;0;212270;185086;7;68.5;59.7;0.0
10;2021-08-20;585;1765;0;212855;186851;7;68.7;60.3;0.0
10;2021-08-21;439;1410;0;213294;188261;7;68.8;60.7;0.0
10;2021-08-22;199;1011;0;213493;189272;7;68.9;61.1;0.0
10;2021-08-23;475;1603;0;213968;190875;7;69.0;61.6;0.0
10;2021-08-24;618;1721;0;214586;192596;7;69.2;62.1;0.0
10;2021-08-25;473;1389;0;215059;193985;7;69.4;62.6;0.0
10;2021-08-26;437;1511;0;215496;195496;7;69.5;63.1;0.0
10;2021-08-27;590;1637;0;216086;197133;7;69.7;63.6;0.0
10;2021-08-28;383;1306;0;216469;198439;7;69.8;64.0;0.0
10;2021-08-29;222;910;0;216691;199349;7;69.9;64.3;0.0
10;2021-08-30;417;1422;15;217108;200771;22;70.1;64.8;0.0
10;2021-08-31;471;1400;24;217579;202171;46;70.2;65.2;0.0
10;2021-09-01;335;1111;101;217914;203282;147;70.3;65.6;0.0
10;2021-09-02;283;937;177;218197;204219;324;70.4;65.9;0.1
10;2021-09-03;431;1074;158;218628;205293;482;70.5;66.2;0.2
10;2021-09-04;332;1023;83;218960;206316;565;70.7;66.6;0.2
10;2021-09-05;161;360;56;219121;206676;621;70.7;66.7;0.2
10;2021-09-06;256;586;166;219377;207262;787;70.8;66.9;0.3
10;2021-09-07;311;581;161;219688;207843;948;70.9;67.1;0.3
10;2021-09-08;272;585;121;219960;208428;1069;71.0;67.3;0.3
10;2021-09-09;314;681;219;220274;209109;1288;71.1;67.5;0.4
10;2021-09-10;411;742;151;220685;209851;1439;71.2;67.7;0.5
10;2021-09-11;273;648;88;220958;210499;1527;71.3;67.9;0.5
10;2021-09-12;85;194;20;221043;210693;1547;71.3;68.0;0.5
10;2021-09-13;215;400;216;221258;211093;1763;71.4;68.1;0.6
10;2021-09-14;238;549;426;221496;211642;2189;71.5;68.3;0.7
10;2021-09-15;224;468;308;221720;212110;2497;71.5;68.4;0.8
10;2021-09-16;272;419;335;221992;212529;2832;71.6;68.6;0.9
10;2021-09-17;246;726;242;222238;213255;3074;71.7;68.8;1.0
10;2021-09-18;197;549;71;222435;213804;3145;71.8;69.0;1.0
10;2021-09-19;53;208;34;222488;214012;3179;71.8;69.1;1.0
10;2021-09-20;128;496;241;222616;214508;3420;71.8;69.2;1.1
10;2021-09-21;155;499;242;222771;215007;3662;71.9;69.4;1.2
10;2021-09-22;136;320;195;222907;215327;3857;71.9;69.5;1.2
10;2021-09-23;207;340;281;223114;215667;4138;72.0;69.6;1.3
10;2021-09-24;216;515;251;223330;216182;4389;72.1;69.8;1.4
10;2021-09-25;124;431;80;223454;216613;4469;72.1;69.9;1.4
10;2021-09-26;50;186;24;223504;216799;4493;72.1;70.0;1.4
10;2021-09-27;219;261;216;223723;217060;4709;72.2;70.0;1.5
10;2021-09-28;194;327;382;223917;217387;5091;72.3;70.1;1.6
10;2021-09-29;191;278;204;224108;217665;5295;72.3;70.2;1.7
10;2021-09-30;164;203;225;224272;217868;5520;72.4;70.3;1.8
10;2021-10-01;208;451;276;224480;218319;5796;72.4;70.4;1.9
10;2021-10-02;172;303;139;224652;218622;5935;72.5;70.5;1.9
10;2021-10-03;56;101;25;224708;218723;5960;72.5;70.6;1.9
10;2021-10-04;119;201;250;224827;218924;6210;72.5;70.6;2.0
10;2021-10-05;112;216;353;224939;219140;6563;72.6;70.7;2.1
10;2021-10-06;126;209;195;225065;219349;6758;72.6;70.8;2.2
10;2021-10-07;129;309;365;225194;219658;7123;72.7;70.9;2.3
10;2021-10-08;170;269;307;225364;219927;7430;72.7;71.0;2.4
10;2021-10-09;145;246;147;225509;220173;7577;72.8;71.0;2.4
10;2021-10-10;49;78;67;225558;220251;7644;72.8;71.1;2.5
10;2021-10-11;113;192;306;225671;220443;7950;72.8;71.1;2.6
10;2021-10-12;118;190;398;225789;220633;8348;72.9;71.2;2.7
10;2021-10-13;131;187;378;225920;220820;8726;72.9;71.3;2.8
10;2021-10-14;122;207;456;226042;221027;9182;72.9;71.3;3.0
10;2021-10-15;145;287;437;226187;221314;9619;73.0;71.4;3.1
10;2021-10-16;118;187;153;226305;221501;9772;73.0;71.5;3.2
10;2021-10-17;40;50;32;226345;221551;9804;73.0;71.5;3.2
10;2021-10-18;101;161;423;226446;221712;10227;73.1;71.5;3.3
10;2021-10-19;105;196;461;226551;221908;10688;73.1;71.6;3.4
10;2021-10-20;119;180;489;226670;222088;11177;73.1;71.7;3.6
10;2021-10-21;103;220;616;226773;222308;11793;73.2;71.7;3.8
10;2021-10-22;147;225;486;226920;222533;12279;73.2;71.8;4.0
10;2021-10-23;87;185;282;227007;222718;12561;73.3;71.9;4.1
10;2021-10-24;36;43;70;227043;222761;12631;73.3;71.9;4.1
10;2021-10-25;96;124;454;227139;222885;13085;73.3;71.9;4.2
10;2021-10-26;99;124;562;227238;223009;13647;73.3;72.0;4.4
10;2021-10-27;74;132;421;227312;223141;14068;73.3;72.0;4.5
10;2021-10-28;51;94;454;227363;223235;14522;73.4;72.0;4.7
10;2021-10-29;97;172;442;227460;223407;14964;73.4;72.1;4.8
10;2021-10-30;81;119;206;227541;223526;15170;73.4;72.1;4.9
10;2021-10-31;27;44;127;227568;223570;15297;73.4;72.1;4.9
10;2021-11-01;26;18;34;227594;223588;15331;73.4;72.1;4.9
10;2021-11-02;106;132;602;227700;223720;15933;73.5;72.2;5.1
10;2021-11-03;77;117;641;227777;223837;16574;73.5;72.2;5.3
10;2021-11-04;88;96;777;227865;223933;17351;73.5;72.3;5.6
10;2021-11-05;129;184;703;227994;224117;18054;73.6;72.3;5.8
10;2021-11-06;84;116;389;228078;224233;18443;73.6;72.4;6.0
10;2021-11-07;23;48;170;228101;224281;18613;73.6;72.4;6.0
10;2021-11-08;63;95;719;228164;224376;19332;73.6;72.4;6.2
10;2021-11-09;82;130;973;228246;224506;20305;73.6;72.4;6.6
10;2021-11-10;95;143;819;228341;224649;21124;73.7;72.5;6.8
10;2021-11-11;6;6;39;228347;224655;21163;73.7;72.5;6.8
10;2021-11-12;101;138;719;228448;224793;21882;73.7;72.5;7.1
10;2021-11-13;83;92;663;228531;224885;22545;73.7;72.6;7.3
10;2021-11-14;34;45;260;228565;224930;22805;73.8;72.6;7.4
10;2021-11-15;78;115;933;228643;225045;23738;73.8;72.6;7.7
10;2021-11-16;81;108;1196;228724;225153;24934;73.8;72.7;8.0
10;2021-11-17;100;100;991;228824;225253;25925;73.8;72.7;8.4
10;2021-11-18;62;99;1028;228886;225352;26953;73.9;72.7;8.7
10;2021-11-19;127;147;1058;229013;225499;28011;73.9;72.8;9.0
10;2021-11-20;109;151;964;229122;225650;28975;73.9;72.8;9.3
10;2021-11-21;48;35;250;229170;225685;29225;73.9;72.8;9.4
10;2021-11-22;79;71;832;229249;225756;30057;74.0;72.8;9.7
10;2021-11-23;87;95;1308;229336;225851;31365;74.0;72.9;10.1
10;2021-11-24;106;96;1007;229442;225947;32372;74.0;72.9;10.4
10;2021-11-25;90;72;1247;229532;226019;33619;74.1;72.9;10.8
10;2021-11-26;143;167;1663;229675;226186;35282;74.1;73.0;11.4
10;2021-11-27;131;117;1498;229806;226303;36780;74.2;73.0;11.9
10;2021-11-28;43;32;519;229849;226335;37299;74.2;73.0;12.0
10;2021-11-29;79;86;2084;229928;226421;39383;74.2;73.1;12.7
10;2021-11-30;127;102;2680;230055;226523;42063;74.2;73.1;13.6
10;2021-12-01;96;86;2273;230151;226609;44336;74.3;73.1;14.3
10;2021-12-02;83;60;2844;230234;226669;47180;74.3;73.1;15.2
10;2021-12-03;111;107;2904;230345;226776;50084;74.3;73.2;16.2
10;2021-12-04;106;102;2065;230451;226878;52149;74.4;73.2;16.8
10;2021-12-05;46;41;1165;230497;226919;53314;74.4;73.2;17.2
10;2021-12-06;71;88;2758;230568;227007;56072;74.4;73.3;18.1
10;2021-12-07;95;88;3685;230663;227095;59757;74.4;73.3;19.3
10;2021-12-08;103;105;2686;230766;227200;62443;74.5;73.3;20.1
10;2021-12-09;87;101;3434;230853;227301;65877;74.5;73.3;21.3
10;2021-12-10;88;114;3777;230941;227415;69654;74.5;73.4;22.5
10;2021-12-11;108;120;2780;231049;227535;72434;74.6;73.4;23.4
10;2021-12-12;24;44;1413;231073;227579;73847;74.6;73.4;23.8
10;2021-12-13;77;107;3370;231150;227686;77217;74.6;73.5;24.9
10;2021-12-14;71;106;3836;231221;227792;81053;74.6;73.5;26.2
10;2021-12-15;66;132;3195;231287;227924;84248;74.6;73.5;27.2
10;2021-12-16;85;89;3342;231372;228013;87590;74.7;73.6;28.3
10;2021-12-17;122;129;3869;231494;228142;91459;74.7;73.6;29.5
10;2021-12-18;90;128;2619;231584;228270;94078;74.7;73.7;30.4
10;2021-12-19;50;54;1685;231634;228324;95763;74.7;73.7;30.9
10;2021-12-20;128;125;3021;231762;228449;98784;74.8;73.7;31.9
10;2021-12-21;144;155;3444;231906;228604;102228;74.8;73.8;33.0
10;2021-12-22;102;111;2445;232008;228715;104673;74.9;73.8;33.8
10;2021-12-23;104;89;2121;232112;228804;106794;74.9;73.8;34.5
10;2021-12-24;11;16;237;232123;228820;107031;74.9;73.8;34.5
10;2021-12-25;0;2;26;232123;228822;107057;74.9;73.8;34.5
10;2021-12-26;4;4;48;232127;228826;107105;74.9;73.8;34.6
10;2021-12-27;143;162;2430;232270;228988;109535;74.9;73.9;35.3
10;2021-12-28;147;156;3042;232417;229144;112577;75.0;73.9;36.3
11;2020-12-27;0;0;0;0;0;0;0.0;0.0;0.0
11;2020-12-28;0;0;0;0;0;0;0.0;0.0;0.0
11;2020-12-29;0;0;0;0;0;0;0.0;0.0;0.0
11;2020-12-30;0;0;0;0;0;0;0.0;0.0;0.0
11;2020-12-31;0;0;0;0;0;0;0.0;0.0;0.0
11;2021-01-01;1;0;0;1;0;0;0.0;0.0;0.0
11;2021-01-02;3;0;0;4;0;0;0.0;0.0;0.0
11;2021-01-03;0;0;0;4;0;0;0.0;0.0;0.0
11;2021-01-04;1;0;0;5;0;0;0.0;0.0;0.0
11;2021-01-05;89;1;0;94;1;0;0.0;0.0;0.0
11;2021-01-06;27;0;0;121;1;0;0.0;0.0;0.0
11;2021-01-07;115;0;0;236;1;0;0.1;0.0;0.0
11;2021-01-08;98;1;0;334;2;0;0.1;0.0;0.0
11;2021-01-09;85;0;0;419;2;0;0.1;0.0;0.0
11;2021-01-10;68;0;0;487;2;0;0.1;0.0;0.0
11;2021-01-11;149;0;0;636;2;0;0.2;0.0;0.0
11;2021-01-12;506;3;0;1142;5;0;0.3;0.0;0.0
11;2021-01-13;412;1;0;1554;6;0;0.4;0.0;0.0
11;2021-01-14;612;8;0;2166;14;0;0.6;0.0;0.0
11;2021-01-15;327;3;0;2493;17;0;0.7;0.0;0.0
11;2021-01-16;79;1;0;2572;18;0;0.7;0.0;0.0
11;2021-01-17;49;2;0;2621;20;0;0.7;0.0;0.0
11;2021-01-18;468;1;0;3089;21;0;0.8;0.0;0.0
11;2021-01-19;631;11;0;3720;32;0;1.0;0.0;0.0
11;2021-01-20;777;7;0;4497;39;0;1.2;0.0;0.0
11;2021-01-21;742;5;0;5239;44;0;1.4;0.0;0.0
11;2021-01-22;649;3;0;5888;47;0;1.6;0.0;0.0
11;2021-01-23;253;2;0;6141;49;0;1.6;0.0;0.0
11;2021-01-24;178;2;0;6319;51;0;1.7;0.0;0.0
11;2021-01-25;457;14;0;6776;65;0;1.8;0.0;0.0
11;2021-01-26;923;80;0;7699;145;0;2.1;0.0;0.0
11;2021-01-27;868;25;0;8567;170;0;2.3;0.0;0.0
11;2021-01-28;747;70;0;9314;240;0;2.5;0.1;0.0
11;2021-01-29;559;122;0;9873;362;0;2.6;0.1;0.0
11;2021-01-30;174;8;0;10047;370;0;2.7;0.1;0.0
11;2021-01-31;114;1;0;10161;371;0;2.7;0.1;0.0
11;2021-02-01;408;199;0;10569;570;0;2.8;0.2;0.0
11;2021-02-02;522;384;0;11091;954;0;3.0;0.3;0.0
11;2021-02-03;487;348;0;11578;1302;0;3.1;0.3;0.0
11;2021-02-04;498;489;0;12076;1791;0;3.2;0.5;0.0
11;2021-02-05;429;335;0;12505;2126;0;3.4;0.6;0.0
11;2021-02-06;238;61;0;12743;2187;0;3.4;0.6;0.0
11;2021-02-07;122;21;0;12865;2208;0;3.5;0.6;0.0
11;2021-02-08;377;207;0;13242;2415;0;3.6;0.6;0.0
11;2021-02-09;368;322;0;13610;2737;0;3.7;0.7;0.0
11;2021-02-10;414;451;0;14024;3188;0;3.8;0.9;0.0
11;2021-02-11;580;653;0;14604;3841;0;3.9;1.0;0.0
11;2021-02-12;483;416;0;15087;4257;0;4.0;1.1;0.0
11;2021-02-13;192;146;0;15279;4403;0;4.1;1.2;0.0
11;2021-02-14;73;60;0;15352;4463;0;4.1;1.2;0.0
11;2021-02-15;263;270;0;15615;4733;0;4.2;1.3;0.0
11;2021-02-16;304;555;0;15919;5288;0;4.3;1.4;0.0
11;2021-02-17;467;666;0;16386;5954;0;4.4;1.6;0.0
11;2021-02-18;469;599;0;16855;6553;0;4.5;1.8;0.0
11;2021-02-19;336;566;0;17191;7119;0;4.6;1.9;0.0
11;2021-02-20;153;126;0;17344;7245;0;4.7;1.9;0.0
11;2021-02-21;62;61;0;17406;7306;0;4.7;2.0;0.0
11;2021-02-22;141;404;0;17547;7710;0;4.7;2.1;0.0
11;2021-02-23;311;427;0;17858;8137;0;4.8;2.2;0.0
11;2021-02-24;272;444;0;18130;8581;0;4.9;2.3;0.0
11;2021-02-25;595;465;0;18725;9046;0;5.0;2.4;0.0
11;2021-02-26;591;414;0;19316;9460;0;5.2;2.5;0.0
11;2021-02-27;337;148;0;19653;9608;0;5.3;2.6;0.0
11;2021-02-28;101;54;0;19754;9662;0;5.3;2.6;0.0
11;2021-03-01;344;335;0;20098;9997;0;5.4;2.7;0.0
11;2021-03-02;554;396;0;20652;10393;0;5.5;2.8;0.0
11;2021-03-03;614;431;0;21266;10824;0;5.7;2.9;0.0
11;2021-03-04;1076;403;0;22342;11227;0;6.0;3.0;0.0
11;2021-03-05;1015;425;0;23357;11652;0;6.3;3.1;0.0
11;2021-03-06;1095;202;0;24452;11854;0;6.6;3.2;0.0
11;2021-03-07;708;39;0;25160;11893;0;6.8;3.2;0.0
11;2021-03-08;428;362;0;25588;12255;0;6.9;3.3;0.0
11;2021-03-09;1005;416;0;26593;12671;0;7.1;3.4;0.0
11;2021-03-10;1193;536;0;27786;13207;0;7.5;3.5;0.0
11;2021-03-11;1569;464;0;29355;13671;0;7.9;3.7;0.0
11;2021-03-12;1476;440;0;30831;14111;0;8.3;3.8;0.0
11;2021-03-13;1156;223;0;31987;14334;0;8.6;3.8;0.0
11;2021-03-14;523;54;0;32510;14388;0;8.7;3.9;0.0
11;2021-03-15;706;247;0;33216;14635;0;8.9;3.9;0.0
11;2021-03-16;853;206;0;34069;14841;0;9.1;4.0;0.0
11;2021-03-17;916;231;0;34985;15072;0;9.4;4.0;0.0
11;2021-03-18;1125;307;0;36110;15379;0;9.7;4.1;0.0
11;2021-03-19;1330;245;0;37440;15624;0;10.0;4.2;0.0
11;2021-03-20;766;164;0;38206;15788;0;10.3;4.2;0.0
11;2021-03-21;218;67;0;38424;15855;0;10.3;4.3;0.0
11;2021-03-22;788;241;0;39212;16096;0;10.5;4.3;0.0
11;2021-03-23;1769;389;0;40981;16485;0;11.0;4.4;0.0
11;2021-03-24;1794;324;0;42775;16809;0;11.5;4.5;0.0
11;2021-03-25;2154;345;0;44929;17154;0;12.1;4.6;0.0
11;2021-03-26;2074;447;0;47003;17601;0;12.6;4.7;0.0
11;2021-03-27;1143;152;0;48146;17753;0;12.9;4.8;0.0
11;2021-03-28;255;50;0;48401;17803;0;13.0;4.8;0.0
11;2021-03-29;1156;244;0;49557;18047;0;13.3;4.8;0.0
11;2021-03-30;1990;330;0;51547;18377;0;13.8;4.9;0.0
11;2021-03-31;1623;385;0;53170;18762;0;14.3;5.0;0.0
11;2021-04-01;2125;441;0;55295;19203;0;14.8;5.2;0.0
11;2021-04-02;1627;447;0;56922;19650;0;15.3;5.3;0.0
11;2021-04-03;722;152;0;57644;19802;0;15.5;5.3;0.0
11;2021-04-04;215;80;0;57859;19882;0;15.5;5.3;0.0
11;2021-04-05;272;14;0;58131;19896;0;15.6;5.3;0.0
11;2021-04-06;1633;576;0;59764;20472;0;16.0;5.5;0.0
11;2021-04-07;1818;611;0;61582;21083;0;16.5;5.7;0.0
11;2021-04-08;1909;677;0;63491;21760;0;17.0;5.8;0.0
11;2021-04-09;2328;622;0;65819;22382;0;17.7;6.0;0.0
11;2021-04-10;1168;209;0;66987;22591;0;18.0;6.1;0.0
11;2021-04-11;594;129;0;67581;22720;0;18.1;6.1;0.0
11;2021-04-12;1591;580;0;69172;23300;0;18.6;6.3;0.0
11;2021-04-13;2311;861;0;71483;24161;0;19.2;6.5;0.0
11;2021-04-14;1735;1021;0;73218;25182;0;19.6;6.8;0.0
11;2021-04-15;1943;1095;0;75161;26277;0;20.2;7.1;0.0
11;2021-04-16;1923;844;0;77084;27121;0;20.7;7.3;0.0
11;2021-04-17;1698;541;0;78782;27662;0;21.1;7.4;0.0
11;2021-04-18;167;147;0;78949;27809;0;21.2;7.5;0.0
11;2021-04-19;1368;714;0;80317;28523;0;21.5;7.7;0.0
11;2021-04-20;1698;1229;0;82015;29752;0;22.0;8.0;0.0
11;2021-04-21;1766;1243;0;83781;30995;0;22.5;8.3;0.0
11;2021-04-22;1814;1285;0;85595;32280;0;23.0;8.7;0.0
11;2021-04-23;1986;1199;0;87581;33479;0;23.5;9.0;0.0
11;2021-04-24;1693;434;0;89274;33913;0;24.0;9.1;0.0
11;2021-04-25;697;173;0;89971;34086;0;24.1;9.1;0.0
11;2021-04-26;1355;810;0;91326;34896;0;24.5;9.4;0.0
11;2021-04-27;1843;1502;0;93169;36398;0;25.0;9.8;0.0
11;2021-04-28;1939;1387;0;95108;37785;0;25.5;10.1;0.0
11;2021-04-29;2206;1656;0;97314;39441;0;26.1;10.6;0.0
11;2021-04-30;2100;1403;0;99414;40844;0;26.7;11.0;0.0
11;2021-05-01;1337;359;0;100751;41203;0;27.0;11.1;0.0
11;2021-05-02;650;345;0;101401;41548;0;27.2;11.1;0.0
11;2021-05-03;1552;762;0;102953;42310;0;27.6;11.4;0.0
11;2021-05-04;1909;1525;0;104862;43835;0;28.1;11.8;0.0
11;2021-05-05;1898;1542;0;106760;45377;0;28.6;12.2;0.0
11;2021-05-06;2129;1545;0;108889;46922;0;29.2;12.6;0.0
11;2021-05-07;2089;1607;0;110978;48529;0;29.8;13.0;0.0
11;2021-05-08;919;735;0;111897;49264;0;30.0;13.2;0.0
11;2021-05-09;668;585;0;112565;49849;0;30.2;13.4;0.0
11;2021-05-10;1407;1673;0;113972;51522;0;30.6;13.8;0.0
11;2021-05-11;2161;1935;0;116133;53457;0;31.2;14.3;0.0
11;2021-05-12;2034;1663;0;118167;55120;0;31.7;14.8;0.0
11;2021-05-13;1517;437;0;119684;55557;0;32.1;14.9;0.0
11;2021-05-14;1751;1186;0;121435;56743;0;32.6;15.2;0.0
11;2021-05-15;1310;864;0;122745;57607;0;32.9;15.5;0.0
11;2021-05-16;972;207;0;123717;57814;0;33.2;15.5;0.0
11;2021-05-17;1638;1038;0;125355;58852;0;33.6;15.8;0.0
11;2021-05-18;2155;1179;0;127510;60031;0;34.2;16.1;0.0
11;2021-05-19;2094;1128;0;129604;61159;0;34.8;16.4;0.0
11;2021-05-20;2282;1126;0;131886;62285;0;35.4;16.7;0.0
11;2021-05-21;2501;1125;0;134387;63410;0;36.1;17.0;0.0
11;2021-05-22;1680;659;0;136067;64069;0;36.5;17.2;0.0
11;2021-05-23;863;85;0;136930;64154;0;36.7;17.2;0.0
11;2021-05-24;1494;226;0;138424;64380;0;37.1;17.3;0.0
11;2021-05-25;1927;1356;0;140351;65736;0;37.7;17.6;0.0
11;2021-05-26;2035;1291;0;142386;67027;0;38.2;18.0;0.0
11;2021-05-27;2088;1714;0;144474;68741;0;38.8;18.4;0.0
11;2021-05-28;1814;1873;0;146288;70614;0;39.3;18.9;0.0
11;2021-05-29;1411;1558;0;147699;72172;0;39.6;19.4;0.0
11;2021-05-30;562;418;0;148261;72590;0;39.8;19.5;0.0
11;2021-05-31;1343;1605;0;149604;74195;0;40.1;19.9;0.0
11;2021-06-01;1860;1897;0;151464;76092;0;40.6;20.4;0.0
11;2021-06-02;1758;2107;0;153222;78199;0;41.1;21.0;0.0
11;2021-06-03;2556;2453;0;155778;80652;0;41.8;21.6;0.0
11;2021-06-04;2092;2615;0;157870;83267;0;42.4;22.3;0.0
11;2021-06-05;1504;1837;0;159374;85104;0;42.8;22.8;0.0
11;2021-06-06;811;869;0;160185;85973;0;43.0;23.1;0.0
11;2021-06-07;1494;1726;0;161679;87699;0;43.4;23.5;0.0
11;2021-06-08;1997;1979;0;163676;89678;0;43.9;24.1;0.0
11;2021-06-09;1801;2178;0;165477;91856;0;44.4;24.6;0.0
11;2021-06-10;1792;2330;0;167269;94186;0;44.9;25.3;0.0
11;2021-06-11;1847;2444;0;169116;96630;0;45.4;25.9;0.0
11;2021-06-12;1327;1595;0;170443;98225;0;45.7;26.4;0.0
11;2021-06-13;683;722;0;171126;98947;0;45.9;26.5;0.0
11;2021-06-14;1072;2035;0;172198;100982;0;46.2;27.1;0.0
11;2021-06-15;1360;2644;0;173558;103626;0;46.6;27.8;0.0
11;2021-06-16;1337;2488;0;174895;106114;0;46.9;28.5;0.0
11;2021-06-17;1461;2497;0;176356;108611;0;47.3;29.1;0.0
11;2021-06-18;1514;2529;0;177870;111140;0;47.7;29.8;0.0
11;2021-06-19;1156;1427;0;179026;112567;0;48.0;30.2;0.0
11;2021-06-20;308;644;0;179334;113211;0;48.1;30.4;0.0
11;2021-06-21;805;2175;0;180139;115386;0;48.3;31.0;0.0
11;2021-06-22;1013;2703;0;181152;118089;0;48.6;31.7;0.0
11;2021-06-23;1082;2222;0;182234;120311;0;48.9;32.3;0.0
11;2021-06-24;899;2309;0;183133;122620;0;49.1;32.9;0.0
11;2021-06-25;968;2623;0;184101;125243;0;49.4;33.6;0.0
11;2021-06-26;720;1754;0;184821;126997;0;49.6;34.1;0.0
11;2021-06-27;228;780;0;185049;127777;0;49.7;34.3;0.0
11;2021-06-28;699;2377;0;185748;130154;0;49.8;34.9;0.0
11;2021-06-29;904;2675;0;186652;132829;0;50.1;35.6;0.0
11;2021-06-30;874;2656;0;187526;135485;0;50.3;36.4;0.0
11;2021-07-01;976;2001;0;188502;137486;0;50.6;36.9;0.0
11;2021-07-02;1013;2673;0;189515;140159;0;50.8;37.6;0.0
11;2021-07-03;668;1898;0;190183;142057;0;51.0;38.1;0.0
11;2021-07-04;331;1165;0;190514;143222;0;51.1;38.4;0.0
11;2021-07-05;708;2187;0;191222;145409;0;51.3;39.0;0.0
11;2021-07-06;941;2505;0;192163;147914;0;51.6;39.7;0.0
11;2021-07-07;928;2546;0;193091;150460;0;51.8;40.4;0.0
11;2021-07-08;1171;1929;0;194262;152389;0;52.1;40.9;0.0
11;2021-07-09;856;1851;0;195118;154240;0;52.4;41.4;0.0
11;2021-07-10;394;1318;0;195512;155558;0;52.5;41.7;0.0
11;2021-07-11;328;623;0;195840;156181;0;52.5;41.9;0.0
11;2021-07-12;520;2610;0;196360;158791;0;52.7;42.6;0.0
11;2021-07-13;1388;2973;0;197748;161764;0;53.1;43.4;0.0
11;2021-07-14;352;298;0;198100;162062;0;53.2;43.5;0.0
11;2021-07-15;1577;2884;0;199677;164946;0;53.6;44.3;0.0
11;2021-07-16;1929;2735;0;201606;167681;0;54.1;45.0;0.0
11;2021-07-17;1103;2075;0;202709;169756;0;54.4;45.5;0.0
11;2021-07-18;662;894;0;203371;170650;0;54.6;45.8;0.0
11;2021-07-19;1370;2022;0;204741;172672;0;54.9;46.3;0.0
11;2021-07-20;2023;2327;0;206764;174999;0;55.5;47.0;0.0
11;2021-07-21;2026;2428;0;208790;177427;0;56.0;47.6;0.0
11;2021-07-22;2308;1907;0;211098;179334;0;56.6;48.1;0.0
11;2021-07-23;2187;2226;0;213285;181560;0;57.2;48.7;0.0
11;2021-07-24;1408;1592;0;214693;183152;0;57.6;49.1;0.0
11;2021-07-25;823;683;0;215516;183835;0;57.8;49.3;0.0
11;2021-07-26;1659;1377;0;217175;185212;0;58.3;49.7;0.0
11;2021-07-27;2327;1895;0;219502;187107;0;58.9;50.2;0.0
11;2021-07-28;2452;1847;0;221954;188954;0;59.6;50.7;0.0
11;2021-07-29;2666;1680;0;224620;190634;0;60.3;51.1;0.0
11;2021-07-30;2483;1692;0;227103;192326;0;60.9;51.6;0.0
11;2021-07-31;1894;1030;0;228997;193356;0;61.4;51.9;0.0
11;2021-08-01;999;466;0;229996;193822;0;61.7;52.0;0.0
11;2021-08-02;1584;1015;0;231580;194837;0;62.1;52.3;0.0
11;2021-08-03;2257;1454;0;233837;196291;0;62.7;52.7;0.0
11;2021-08-04;2373;1148;1;236210;197439;1;63.4;53.0;0.0
11;2021-08-05;2190;1234;0;238400;198673;1;64.0;53.3;0.0
11;2021-08-06;2060;1507;0;240460;200180;1;64.5;53.7;0.0
11;2021-08-07;1543;1088;0;242003;201268;1;64.9;54.0;0.0
11;2021-08-08;528;238;0;242531;201506;1;65.1;54.1;0.0
11;2021-08-09;1005;1390;0;243536;202896;1;65.3;54.4;0.0
11;2021-08-10;1618;1787;0;245154;204683;1;65.8;54.9;0.0
11;2021-08-11;1533;1597;0;246687;206280;1;66.2;55.3;0.0
11;2021-08-12;1547;1711;0;248234;207991;1;66.6;55.8;0.0
11;2021-08-13;1203;1579;0;249437;209570;1;66.9;56.2;0.0
11;2021-08-14;896;1497;0;250333;211067;1;67.2;56.6;0.0
11;2021-08-15;129;154;0;250462;211221;1;67.2;56.7;0.0
11;2021-08-16;695;1875;0;251157;213096;1;67.4;57.2;0.0
11;2021-08-17;978;2190;0;252135;215286;1;67.7;57.8;0.0
11;2021-08-18;1011;1928;1;253146;217214;2;67.9;58.3;0.0
11;2021-08-19;936;2191;0;254082;219405;2;68.2;58.9;0.0
11;2021-08-20;919;2182;0;255001;221587;2;68.4;59.5;0.0
11;2021-08-21;512;1725;0;255513;223312;2;68.6;59.9;0.0
11;2021-08-22;164;530;0;255677;223842;2;68.6;60.1;0.0
11;2021-08-23;499;1765;0;256176;225607;2;68.7;60.5;0.0
11;2021-08-24;763;2150;0;256939;227757;2;68.9;61.1;0.0
11;2021-08-25;750;2102;0;257689;229859;2;69.1;61.7;0.0
11;2021-08-26;686;1966;0;258375;231825;2;69.3;62.2;0.0
11;2021-08-27;670;2170;0;259045;233995;2;69.5;62.8;0.0
11;2021-08-28;408;1715;0;259453;235710;2;69.6;63.2;0.0
11;2021-08-29;145;505;0;259598;236215;2;69.7;63.4;0.0
11;2021-08-30;446;1316;21;260044;237531;23;69.8;63.7;0.0
11;2021-08-31;585;1816;85;260629;239347;108;69.9;64.2;0.0
11;2021-09-01;638;1644;99;261267;240991;207;70.1;64.7;0.1
11;2021-09-02;575;1570;181;261842;242561;388;70.3;65.1;0.1
11;2021-09-03;536;1513;174;262378;244074;562;70.4;65.5;0.2
11;2021-09-04;477;1433;82;262855;245507;644;70.5;65.9;0.2
11;2021-09-05;149;220;48;263004;245727;692;70.6;65.9;0.2
11;2021-09-06;309;693;186;263313;246420;878;70.6;66.1;0.2
11;2021-09-07;366;896;226;263679;247316;1104;70.7;66.4;0.3
11;2021-09-08;457;1152;175;264136;248468;1279;70.9;66.7;0.3
11;2021-09-09;390;854;205;264526;249322;1484;71.0;66.9;0.4
11;2021-09-10;404;967;199;264930;250289;1683;71.1;67.2;0.5
11;2021-09-11;380;974;84;265310;251263;1767;71.2;67.4;0.5
11;2021-09-12;65;118;18;265375;251381;1785;71.2;67.4;0.5
11;2021-09-13;241;562;361;265616;251943;2146;71.3;67.6;0.6
11;2021-09-14;362;626;433;265978;252569;2579;71.4;67.8;0.7
11;2021-09-15;373;957;254;266351;253526;2833;71.5;68.0;0.8
11;2021-09-16;322;563;617;266673;254089;3450;71.6;68.2;0.9
11;2021-09-17;317;670;261;266990;254759;3711;71.6;68.4;1.0
11;2021-09-18;293;755;149;267283;255514;3860;71.7;68.6;1.0
11;2021-09-19;63;113;28;267346;255627;3888;71.7;68.6;1.0
11;2021-09-20;172;367;387;267518;255994;4275;71.8;68.7;1.1
11;2021-09-21;272;411;287;267790;256405;4562;71.9;68.8;1.2
11;2021-09-22;213;741;394;268003;257146;4956;71.9;69.0;1.3
11;2021-09-23;184;406;350;268187;257552;5306;72.0;69.1;1.4
11;2021-09-24;251;506;566;268438;258058;5872;72.0;69.2;1.6
11;2021-09-25;227;630;115;268665;258688;5987;72.1;69.4;1.6
11;2021-09-26;36;133;32;268701;258821;6019;72.1;69.4;1.6
11;2021-09-27;123;386;304;268824;259207;6323;72.1;69.5;1.7
11;2021-09-28;212;356;300;269036;259563;6623;72.2;69.6;1.8
11;2021-09-29;233;541;355;269269;260104;6978;72.2;69.8;1.9
11;2021-09-30;189;354;320;269458;260458;7298;72.3;69.9;2.0
11;2021-10-01;259;384;464;269717;260842;7762;72.4;70.0;2.1
11;2021-10-02;221;456;136;269938;261298;7898;72.4;70.1;2.1
11;2021-10-03;6;15;1;269944;261313;7899;72.4;70.1;2.1
11;2021-10-04;157;303;310;270101;261616;8209;72.5;70.2;2.2
11;2021-10-05;182;320;467;270283;261936;8676;72.5;70.3;2.3
11;2021-10-06;259;443;470;270542;262379;9146;72.6;70.4;2.5
11;2021-10-07;163;302;413;270705;262681;9559;72.6;70.5;2.6
11;2021-10-08;245;424;473;270950;263105;10032;72.7;70.6;2.7
11;2021-10-09;150;363;203;271100;263468;10235;72.7;70.7;2.7
11;2021-10-10;9;7;0;271109;263475;10235;72.7;70.7;2.7
11;2021-10-11;138;252;287;271247;263727;10522;72.8;70.8;2.8
11;2021-10-12;154;308;446;271401;264035;10968;72.8;70.8;2.9
11;2021-10-13;218;295;482;271619;264330;11450;72.9;70.9;3.1
11;2021-10-14;181;248;485;271800;264578;11935;72.9;71.0;3.2
11;2021-10-15;250;327;571;272050;264905;12506;73.0;71.1;3.4
11;2021-10-16;187;258;181;272237;265163;12687;73.0;71.1;3.4
11;2021-10-17;17;28;13;272254;265191;12700;73.0;71.2;3.4
11;2021-10-18;110;157;274;272364;265348;12974;73.1;71.2;3.5
11;2021-10-19;113;192;471;272477;265540;13445;73.1;71.2;3.6
11;2021-10-20;209;287;678;272686;265827;14123;73.2;71.3;3.8
11;2021-10-21;101;219;527;272787;266046;14650;73.2;71.4;3.9
11;2021-10-22;206;321;797;272993;266367;15447;73.2;71.5;4.1
11;2021-10-23;171;254;363;273164;266621;15810;73.3;71.5;4.2
11;2021-10-24;13;10;2;273177;266631;15812;73.3;71.5;4.2
11;2021-10-25;141;156;601;273318;266787;16413;73.3;71.6;4.4
11;2021-10-26;100;157;489;273418;266944;16902;73.4;71.6;4.5
11;2021-10-27;170;254;755;273588;267198;17657;73.4;71.7;4.7
11;2021-10-28;125;148;613;273713;267346;18270;73.4;71.7;4.9
11;2021-10-29;110;185;766;273823;267531;19036;73.5;71.8;5.1
11;2021-10-30;112;183;320;273935;267714;19356;73.5;71.8;5.2
11;2021-10-31;11;13;0;273946;267727;19356;73.5;71.8;5.2
11;2021-11-01;12;5;4;273958;267732;19360;73.5;71.8;5.2
11;2021-11-02;113;150;670;274071;267882;20030;73.5;71.9;5.4
11;2021-11-03;179;270;1168;274250;268152;21198;73.6;71.9;5.7
11;2021-11-04;148;153;699;274398;268305;21897;73.6;72.0;5.9
11;2021-11-05;109;198;912;274507;268503;22809;73.7;72.0;6.1
11;2021-11-06;133;223;426;274640;268726;23235;73.7;72.1;6.2
11;2021-11-07;11;18;8;274651;268744;23243;73.7;72.1;6.2
11;2021-11-08;107;136;731;274758;268880;23974;73.7;72.1;6.4
11;2021-11-09;82;138;1126;274840;269018;25100;73.7;72.2;6.7
11;2021-11-10;166;276;1312;275006;269294;26412;73.8;72.3;7.1
11;2021-11-11;8;12;19;275014;269306;26431;73.8;72.3;7.1
11;2021-11-12;106;158;989;275120;269464;27420;73.8;72.3;7.4
11;2021-11-13;88;140;483;275208;269604;27903;73.8;72.3;7.5
11;2021-11-14;9;4;18;275217;269608;27921;73.8;72.3;7.5
11;2021-11-15;59;131;728;275276;269739;28649;73.9;72.4;7.7
11;2021-11-16;111;134;1541;275387;269873;30190;73.9;72.4;8.1
11;2021-11-17;127;218;1575;275514;270091;31765;73.9;72.5;8.5
11;2021-11-18;156;178;1684;275670;270269;33449;74.0;72.5;9.0
11;2021-11-19;151;142;1619;275821;270411;35068;74.0;72.6;9.4
11;2021-11-20;96;162;419;275917;270573;35487;74.0;72.6;9.5
11;2021-11-21;23;17;166;275940;270590;35653;74.0;72.6;9.6
11;2021-11-22;99;85;927;276039;270675;36580;74.1;72.6;9.8
11;2021-11-23;155;112;1759;276194;270787;38339;74.1;72.7;10.3
11;2021-11-24;171;174;1493;276365;270961;39832;74.2;72.7;10.7
11;2021-11-25;165;170;1843;276530;271131;41675;74.2;72.7;11.2
11;2021-11-26;201;177;2377;276731;271308;44052;74.2;72.8;11.8
11;2021-11-27;94;144;1143;276825;271452;45195;74.3;72.8;12.1
11;2021-11-28;18;13;89;276843;271465;45284;74.3;72.8;12.2
11;2021-11-29;93;92;1744;276936;271557;47028;74.3;72.9;12.6
11;2021-11-30;153;147;2892;277089;271704;49920;74.3;72.9;13.4
11;2021-12-01;151;190;2943;277240;271894;52863;74.4;73.0;14.2
11;2021-12-02;102;113;3395;277342;272007;56258;74.4;73.0;15.1
11;2021-12-03;145;159;3734;277487;272166;59992;74.5;73.0;16.1
11;2021-12-04;89;81;1762;277576;272247;61754;74.5;73.0;16.6
11;2021-12-05;14;23;94;277590;272270;61848;74.5;73.1;16.6
11;2021-12-06;80;79;2393;277670;272349;64241;74.5;73.1;17.2
11;2021-12-07;115;169;4034;277785;272518;68275;74.5;73.1;18.3
11;2021-12-08;151;190;4336;277936;272708;72611;74.6;73.2;19.5
11;2021-12-09;135;154;4498;278071;272862;77109;74.6;73.2;20.7
11;2021-12-10;152;170;4731;278223;273032;81840;74.6;73.3;22.0
11;2021-12-11;114;165;2832;278337;273197;84672;74.7;73.3;22.7
11;2021-12-12;22;34;433;278359;273231;85105;74.7;73.3;22.8
11;2021-12-13;95;123;3043;278454;273354;88148;74.7;73.3;23.7
11;2021-12-14;175;170;4640;278629;273524;92788;74.8;73.4;24.9
11;2021-12-15;233;209;5029;278862;273733;97817;74.8;73.4;26.2
11;2021-12-16;189;200;5299;279051;273933;103116;74.9;73.5;27.7
11;2021-12-17;202;238;4835;279253;274171;107951;74.9;73.6;29.0
11;2021-12-18;160;117;2764;279413;274288;110715;75.0;73.6;29.7
11;2021-12-19;40;25;660;279453;274313;111375;75.0;73.6;29.9
11;2021-12-20;146;156;3212;279599;274469;114587;75.0;73.6;30.7
11;2021-12-21;275;242;4267;279874;274711;118854;75.1;73.7;31.9
11;2021-12-22;291;203;4096;280165;274914;122950;75.2;73.8;33.0
11;2021-12-23;195;188;2744;280360;275102;125694;75.2;73.8;33.7
11;2021-12-24;30;40;310;280390;275142;126004;75.2;73.8;33.8
11;2021-12-25;2;3;20;280392;275145;126024;75.2;73.8;33.8
11;2021-12-26;14;7;114;280406;275152;126138;75.2;73.8;33.8
11;2021-12-27;147;128;2125;280553;275280;128263;75.3;73.9;34.4
11;2021-12-28;184;166;2955;280737;275446;131218;75.3;73.9;35.2
12;2020-12-27;1;0;0;1;0;0;0.0;0.0;0.0
12;2020-12-28;0;0;0;1;0;0;0.0;0.0;0.0
12;2020-12-29;0;0;0;1;0;0;0.0;0.0;0.0
12;2020-12-30;0;0;0;1;0;0;0.0;0.0;0.0
12;2020-12-31;0;0;0;1;0;0;0.0;0.0;0.0
12;2021-01-01;2;0;0;3;0;0;0.0;0.0;0.0
12;2021-01-02;0;0;0;3;0;0;0.0;0.0;0.0
12;2021-01-03;0;0;0;3;0;0;0.0;0.0;0.0
12;2021-01-04;2;0;0;5;0;0;0.0;0.0;0.0
12;2021-01-05;1;0;0;6;0;0;0.0;0.0;0.0
12;2021-01-06;12;1;0;18;1;0;0.0;0.0;0.0
12;2021-01-07;197;0;0;215;1;0;0.1;0.0;0.0
12;2021-01-08;67;0;0;282;1;0;0.1;0.0;0.0
12;2021-01-09;3;0;0;285;1;0;0.1;0.0;0.0
12;2021-01-10;1;0;0;286;1;0;0.1;0.0;0.0
12;2021-01-11;110;1;0;396;2;0;0.1;0.0;0.0
12;2021-01-12;351;1;0;747;3;0;0.3;0.0;0.0
12;2021-01-13;287;0;0;1034;3;0;0.4;0.0;0.0
12;2021-01-14;564;11;0;1598;14;0;0.6;0.0;0.0
12;2021-01-15;374;7;0;1972;21;0;0.7;0.0;0.0
12;2021-01-16;136;1;0;2108;22;0;0.8;0.0;0.0
12;2021-01-17;1;0;0;2109;22;0;0.8;0.0;0.0
12;2021-01-18;410;0;0;2519;22;0;0.9;0.0;0.0
12;2021-01-19;600;4;0;3119;26;0;1.1;0.0;0.0
12;2021-01-20;881;4;0;4000;30;0;1.4;0.0;0.0
12;2021-01-21;764;1;0;4764;31;0;1.7;0.0;0.0
12;2021-01-22;732;1;0;5496;32;0;2.0;0.0;0.0
12;2021-01-23;390;0;0;5886;32;0;2.1;0.0;0.0
12;2021-01-24;2;0;0;5888;32;0;2.1;0.0;0.0
12;2021-01-25;459;0;0;6347;32;0;2.3;0.0;0.0
12;2021-01-26;654;2;0;7001;34;0;2.5;0.0;0.0
12;2021-01-27;1808;38;0;8809;72;0;3.2;0.0;0.0
12;2021-01-28;1856;228;0;10665;300;0;3.8;0.1;0.0
12;2021-01-29;1253;45;0;11918;345;0;4.3;0.1;0.0
12;2021-01-30;374;3;0;12292;348;0;4.4;0.1;0.0
12;2021-01-31;1;0;0;12293;348;0;4.4;0.1;0.0
12;2021-02-01;343;91;0;12636;439;0;4.5;0.2;0.0
12;2021-02-02;459;247;0;13095;686;0;4.7;0.2;0.0
12;2021-02-03;487;168;0;13582;854;0;4.9;0.3;0.0
12;2021-02-04;463;482;0;14045;1336;0;5.0;0.5;0.0
12;2021-02-05;449;184;0;14494;1520;0;5.2;0.5;0.0
12;2021-02-06;202;67;0;14696;1587;0;5.3;0.6;0.0
12;2021-02-07;11;0;0;14707;1587;0;5.3;0.6;0.0
12;2021-02-08;127;291;0;14834;1878;0;5.3;0.7;0.0
12;2021-02-09;207;343;0;15041;2221;0;5.4;0.8;0.0
12;2021-02-10;431;478;0;15472;2699;0;5.6;1.0;0.0
12;2021-02-11;534;367;0;16006;3066;0;5.8;1.1;0.0
12;2021-02-12;569;324;0;16575;3390;0;6.0;1.2;0.0
12;2021-02-13;153;127;0;16728;3517;0;6.0;1.3;0.0
12;2021-02-14;3;1;0;16731;3518;0;6.0;1.3;0.0
12;2021-02-15;174;364;0;16905;3882;0;6.1;1.4;0.0
12;2021-02-16;159;499;0;17064;4381;0;6.1;1.6;0.0
12;2021-02-17;324;1453;0;17388;5834;0;6.2;2.1;0.0
12;2021-02-18;668;1595;0;18056;7429;0;6.5;2.7;0.0
12;2021-02-19;580;958;0;18636;8387;0;6.7;3.0;0.0
12;2021-02-20;100;386;0;18736;8773;0;6.7;3.2;0.0
12;2021-02-21;0;1;0;18736;8774;0;6.7;3.2;0.0
12;2021-02-22;148;417;0;18884;9191;0;6.8;3.3;0.0
12;2021-02-23;168;543;0;19052;9734;0;6.8;3.5;0.0
12;2021-02-24;127;658;0;19179;10392;0;6.9;3.7;0.0
12;2021-02-25;219;784;0;19398;11176;0;7.0;4.0;0.0
12;2021-02-26;324;643;0;19722;11819;0;7.1;4.2;0.0
12;2021-02-27;180;335;0;19902;12154;0;7.1;4.4;0.0
12;2021-02-28;9;2;0;19911;12156;0;7.2;4.4;0.0
12;2021-03-01;65;351;0;19976;12507;0;7.2;4.5;0.0
12;2021-03-02;218;506;0;20194;13013;0;7.3;4.7;0.0
12;2021-03-03;259;387;0;20453;13400;0;7.3;4.8;0.0
12;2021-03-04;308;366;0;20761;13766;0;7.5;4.9;0.0
12;2021-03-05;447;363;0;21208;14129;0;7.6;5.1;0.0
12;2021-03-06;792;114;0;22000;14243;0;7.9;5.1;0.0
12;2021-03-07;138;32;0;22138;14275;0;8.0;5.1;0.0
12;2021-03-08;254;216;0;22392;14491;0;8.0;5.2;0.0
12;2021-03-09;742;274;0;23134;14765;0;8.3;5.3;0.0
12;2021-03-10;786;717;0;23920;15482;0;8.6;5.6;0.0
12;2021-03-11;957;642;0;24877;16124;0;8.9;5.8;0.0
12;2021-03-12;1225;513;0;26102;16637;0;9.4;6.0;0.0
12;2021-03-13;864;126;0;26966;16763;0;9.7;6.0;0.0
12;2021-03-14;43;4;0;27009;16767;0;9.7;6.0;0.0
12;2021-03-15;605;156;0;27614;16923;0;9.9;6.1;0.0
12;2021-03-16;811;152;0;28425;17075;0;10.2;6.1;0.0
12;2021-03-17;1389;179;0;29814;17254;0;10.7;6.2;0.0
12;2021-03-18;978;252;0;30792;17506;0;11.1;6.3;0.0
12;2021-03-19;1328;272;0;32120;17778;0;11.5;6.4;0.0
12;2021-03-20;722;75;0;32842;17853;0;11.8;6.4;0.0
12;2021-03-21;260;10;0;33102;17863;0;11.9;6.4;0.0
12;2021-03-22;610;168;0;33712;18031;0;12.1;6.5;0.0
12;2021-03-23;1203;189;0;34915;18220;0;12.5;6.5;0.0
12;2021-03-24;1370;203;0;36285;18423;0;13.0;6.6;0.0
12;2021-03-25;1776;203;0;38061;18626;0;13.7;6.7;0.0
12;2021-03-26;1922;231;0;39983;18857;0;14.4;6.8;0.0
12;2021-03-27;940;59;0;40923;18916;0;14.7;6.8;0.0
12;2021-03-28;76;7;0;40999;18923;0;14.7;6.8;0.0
12;2021-03-29;1007;95;0;42006;19018;0;15.1;6.8;0.0
12;2021-03-30;1657;134;0;43663;19152;0;15.7;6.9;0.0
12;2021-03-31;1410;124;0;45073;19276;0;16.2;6.9;0.0
12;2021-04-01;1903;187;0;46976;19463;0;16.9;7.0;0.0
12;2021-04-02;1507;346;0;48483;19809;0;17.4;7.1;0.0
12;2021-04-03;820;102;0;49303;19911;0;17.7;7.2;0.0
12;2021-04-04;22;2;0;49325;19913;0;17.7;7.2;0.0
12;2021-04-05;548;12;0;49873;19925;0;17.9;7.2;0.0
12;2021-04-06;1079;543;0;50952;20468;0;18.3;7.4;0.0
12;2021-04-07;1595;629;0;52547;21097;0;18.9;7.6;0.0
12;2021-04-08;1975;579;0;54522;21676;0;19.6;7.8;0.0
12;2021-04-09;1992;645;0;56514;22321;0;20.3;8.0;0.0
12;2021-04-10;1335;203;0;57849;22524;0;20.8;8.1;0.0
12;2021-04-11;126;5;0;57975;22529;0;20.8;8.1;0.0
12;2021-04-12;1726;533;0;59701;23062;0;21.4;8.3;0.0
12;2021-04-13;1860;759;0;61561;23821;0;22.1;8.6;0.0
12;2021-04-14;1765;1211;0;63326;25032;0;22.7;9.0;0.0
12;2021-04-15;1950;883;0;65276;25915;0;23.5;9.3;0.0
12;2021-04-16;1677;1214;0;66953;27129;0;24.1;9.7;0.0
12;2021-04-17;1466;546;0;68419;27675;0;24.6;9.9;0.0
12;2021-04-18;10;2;0;68429;27677;0;24.6;9.9;0.0
12;2021-04-19;1609;556;0;70038;28233;0;25.2;10.1;0.0
12;2021-04-20;1516;977;0;71554;29210;0;25.7;10.5;0.0
12;2021-04-21;1632;1162;0;73186;30372;0;26.3;10.9;0.0
12;2021-04-22;1681;1062;0;74867;31434;0;26.9;11.3;0.0
12;2021-04-23;1366;1296;0;76233;32730;0;27.4;11.8;0.0
12;2021-04-24;1329;676;0;77562;33406;0;27.9;12.0;0.0
12;2021-04-25;72;7;0;77634;33413;0;27.9;12.0;0.0
12;2021-04-26;1353;897;0;78987;34310;0;28.4;12.3;0.0
12;2021-04-27;1261;1249;0;80248;35559;0;28.8;12.8;0.0
12;2021-04-28;1094;1755;0;81342;37314;0;29.2;13.4;0.0
12;2021-04-29;1464;1782;0;82806;39096;0;29.7;14.0;0.0
12;2021-04-30;1749;1714;0;84555;40810;0;30.4;14.7;0.0
12;2021-05-01;1470;255;0;86025;41065;0;30.9;14.8;0.0
12;2021-05-02;95;21;0;86120;41086;0;30.9;14.8;0.0
12;2021-05-03;1669;1156;0;87789;42242;0;31.5;15.2;0.0
12;2021-05-04;1451;1328;0;89240;43570;0;32.1;15.7;0.0
12;2021-05-05;1302;1587;0;90542;45157;0;32.5;16.2;0.0
12;2021-05-06;1729;1369;0;92271;46526;0;33.1;16.7;0.0
12;2021-05-07;1484;1719;0;93755;48245;0;33.7;17.3;0.0
12;2021-05-08;1204;437;0;94959;48682;0;34.1;17.5;0.0
12;2021-05-09;27;42;0;94986;48724;0;34.1;17.5;0.0
12;2021-05-10;798;2134;0;95784;50858;0;34.4;18.3;0.0
12;2021-05-11;883;1827;0;96667;52685;0;34.7;18.9;0.0
12;2021-05-12;934;1797;0;97601;54482;0;35.1;19.6;0.0
12;2021-05-13;1501;789;0;99102;55271;0;35.6;19.9;0.0
12;2021-05-14;1179;1478;0;100281;56749;0;36.0;20.4;0.0
12;2021-05-15;993;1027;0;101274;57776;0;36.4;20.8;0.0
12;2021-05-16;14;19;0;101288;57795;0;36.4;20.8;0.0
12;2021-05-17;980;1737;0;102268;59532;0;36.7;21.4;0.0
12;2021-05-18;1424;1530;0;103692;61062;0;37.3;21.9;0.0
12;2021-05-19;1810;1287;0;105502;62349;0;37.9;22.4;0.0
12;2021-05-20;2208;928;0;107710;63277;0;38.7;22.7;0.0
12;2021-05-21;1759;1227;0;109469;64504;0;39.3;23.2;0.0
12;2021-05-22;1138;929;0;110607;65433;0;39.7;23.5;0.0
12;2021-05-23;39;16;0;110646;65449;0;39.7;23.5;0.0
12;2021-05-24;1723;500;0;112369;65949;0;40.4;23.7;0.0
12;2021-05-25;1681;1153;0;114050;67102;0;41.0;24.1;0.0
12;2021-05-26;1879;780;0;115929;67882;0;41.6;24.4;0.0
12;2021-05-27;2039;756;0;117968;68638;0;42.4;24.7;0.0
12;2021-05-28;1876;1047;0;119844;69685;0;43.1;25.0;0.0
12;2021-05-29;1531;773;0;121375;70458;0;43.6;25.3;0.0
12;2021-05-30;107;39;0;121482;70497;0;43.6;25.3;0.0
12;2021-05-31;1638;822;0;123120;71319;0;44.2;25.6;0.0
12;2021-06-01;1826;1047;0;124946;72366;0;44.9;26.0;0.0
12;2021-06-02;1920;1074;0;126866;73440;0;45.6;26.4;0.0
12;2021-06-03;2020;883;0;128886;74323;0;46.3;26.7;0.0
12;2021-06-04;1902;1341;0;130788;75664;0;47.0;27.2;0.0
12;2021-06-05;1577;904;0;132365;76568;0;47.6;27.5;0.0
12;2021-06-06;44;23;0;132409;76591;0;47.6;27.5;0.0
12;2021-06-07;1089;1737;0;133498;78328;0;48.0;28.1;0.0
12;2021-06-08;1364;1189;0;134862;79517;0;48.4;28.6;0.0
12;2021-06-09;993;1248;0;135855;80765;0;48.8;29.0;0.0
12;2021-06-10;1055;895;0;136910;81660;0;49.2;29.3;0.0
12;2021-06-11;1196;1989;0;138106;83649;0;49.6;30.1;0.0
12;2021-06-12;970;1262;0;139076;84911;0;50.0;30.5;0.0
12;2021-06-13;39;62;0;139115;84973;0;50.0;30.5;0.0
12;2021-06-14;695;1782;0;139810;86755;0;50.2;31.2;0.0
12;2021-06-15;782;1840;0;140592;88595;0;50.5;31.8;0.0
12;2021-06-16;857;1749;0;141449;90344;0;50.8;32.5;0.0
12;2021-06-17;693;997;0;142142;91341;0;51.1;32.8;0.0
12;2021-06-18;1098;1760;0;143240;93101;0;51.5;33.4;0.0
12;2021-06-19;858;1296;0;144098;94397;0;51.8;33.9;0.0
12;2021-06-20;17;24;0;144115;94421;0;51.8;33.9;0.0
12;2021-06-21;520;1642;0;144635;96063;0;52.0;34.5;0.0
12;2021-06-22;508;1475;0;145143;97538;0;52.1;35.0;0.0
12;2021-06-23;587;1296;0;145730;98834;0;52.4;35.5;0.0
12;2021-06-24;273;609;0;146003;99443;0;52.5;35.7;0.0
12;2021-06-25;805;1773;0;146808;101216;0;52.7;36.4;0.0
12;2021-06-26;619;1435;0;147427;102651;0;53.0;36.9;0.0
12;2021-06-27;14;28;0;147441;102679;0;53.0;36.9;0.0
12;2021-06-28;467;2379;0;147908;105058;0;53.1;37.7;0.0
12;2021-06-29;545;1924;0;148453;106982;0;53.3;38.4;0.0
12;2021-06-30;789;2079;0;149242;109061;0;53.6;39.2;0.0
12;2021-07-01;357;1100;0;149599;110161;0;53.7;39.6;0.0
12;2021-07-02;747;2487;0;150346;112648;0;54.0;40.5;0.0
12;2021-07-03;547;1769;0;150893;114417;0;54.2;41.1;0.0
12;2021-07-04;13;33;0;150906;114450;0;54.2;41.1;0.0
12;2021-07-05;439;2291;0;151345;116741;0;54.4;41.9;0.0
12;2021-07-06;628;2413;0;151973;119154;0;54.6;42.8;0.0
12;2021-07-07;679;2068;0;152652;121222;0;54.8;43.5;0.0
12;2021-07-08;315;933;0;152967;122155;0;55.0;43.9;0.0
12;2021-07-09;694;2502;0;153661;124657;0;55.2;44.8;0.0
12;2021-07-10;451;1973;0;154112;126630;0;55.4;45.5;0.0
12;2021-07-11;28;100;0;154140;126730;0;55.4;45.5;0.0
12;2021-07-12;535;2327;0;154675;129057;0;55.6;46.4;0.0
12;2021-07-13;821;2512;0;155496;131569;0;55.9;47.3;0.0
12;2021-07-14;111;69;0;155607;131638;0;55.9;47.3;0.0
12;2021-07-15;835;2037;0;156442;133675;0;56.2;48.0;0.0
12;2021-07-16;1173;2445;0;157615;136120;0;56.6;48.9;0.0
12;2021-07-17;727;1878;0;158342;137998;0;56.9;49.6;0.0
12;2021-07-18;52;52;0;158394;138050;0;56.9;49.6;0.0
12;2021-07-19;1226;1952;0;159620;140002;0;57.3;50.3;0.0
12;2021-07-20;1401;1452;0;161021;141454;0;57.8;50.8;0.0
12;2021-07-21;1086;1033;0;162107;142487;0;58.2;51.2;0.0
12;2021-07-22;2109;1310;0;164216;143797;0;59.0;51.7;0.0
12;2021-07-23;1770;1931;0;165986;145728;0;59.6;52.4;0.0
12;2021-07-24;1529;1436;0;167515;147164;0;60.2;52.9;0.0
12;2021-07-25;170;51;0;167685;147215;0;60.2;52.9;0.0
12;2021-07-26;1721;1319;0;169406;148534;0;60.9;53.4;0.0
12;2021-07-27;2130;1020;0;171536;149554;0;61.6;53.7;0.0
12;2021-07-28;1674;713;0;173210;150267;0;62.2;54.0;0.0
12;2021-07-29;1212;744;0;174422;151011;0;62.7;54.3;0.0
12;2021-07-30;2282;1224;0;176704;152235;0;63.5;54.7;0.0
12;2021-07-31;1751;906;0;178455;153141;0;64.1;55.0;0.0
12;2021-08-01;210;52;0;178665;153193;0;64.2;55.0;0.0
12;2021-08-02;1631;756;0;180296;153949;0;64.8;55.3;0.0
12;2021-08-03;1815;716;0;182111;154665;0;65.4;55.6;0.0
12;2021-08-04;1645;756;0;183756;155421;0;66.0;55.8;0.0
12;2021-08-05;1523;656;0;185279;156077;0;66.6;56.1;0.0
12;2021-08-06;1616;1161;0;186895;157238;0;67.1;56.5;0.0
12;2021-08-07;1286;653;0;188181;157891;0;67.6;56.7;0.0
12;2021-08-08;29;35;0;188210;157926;0;67.6;56.7;0.0
12;2021-08-09;1233;1183;0;189443;159109;0;68.1;57.2;0.0
12;2021-08-10;1222;1156;0;190665;160265;0;68.5;57.6;0.0
12;2021-08-11;823;1133;0;191488;161398;0;68.8;58.0;0.0
12;2021-08-12;742;1075;0;192230;162473;0;69.1;58.4;0.0
12;2021-08-13;985;1269;0;193215;163742;0;69.4;58.8;0.0
12;2021-08-14;662;1244;0;193877;164986;0;69.6;59.3;0.0
12;2021-08-15;197;97;0;194074;165083;0;69.7;59.3;0.0
12;2021-08-16;644;1633;0;194718;166716;0;70.0;59.9;0.0
12;2021-08-17;820;1849;0;195538;168565;0;70.2;60.6;0.0
12;2021-08-18;479;1458;0;196017;170023;0;70.4;61.1;0.0
12;2021-08-19;637;1074;0;196654;171097;0;70.6;61.5;0.0
12;2021-08-20;738;1779;0;197392;172876;0;70.9;62.1;0.0
12;2021-08-21;475;1434;0;197867;174310;0;71.1;62.6;0.0
12;2021-08-22;84;66;0;197951;174376;0;71.1;62.6;0.0
12;2021-08-23;435;1813;0;198386;176189;0;71.3;63.3;0.0
12;2021-08-24;484;1825;0;198870;178014;0;71.4;64.0;0.0
12;2021-08-25;354;1547;0;199224;179561;0;71.6;64.5;0.0
12;2021-08-26;472;1565;0;199696;181126;0;71.7;65.1;0.0
12;2021-08-27;581;1689;0;200277;182815;0;71.9;65.7;0.0
12;2021-08-28;323;1489;0;200600;184304;0;72.1;66.2;0.0
12;2021-08-29;156;149;0;200756;184453;0;72.1;66.3;0.0
12;2021-08-30;533;1803;35;201289;186256;35;72.3;66.9;0.0
12;2021-08-31;430;1300;45;201719;187556;80;72.5;67.4;0.0
12;2021-09-01;412;946;85;202131;188502;165;72.6;67.7;0.1
12;2021-09-02;300;768;90;202431;189270;255;72.7;68.0;0.1
12;2021-09-03;476;1190;194;202907;190460;449;72.9;68.4;0.2
12;2021-09-04;432;1019;101;203339;191479;550;73.0;68.8;0.2
12;2021-09-05;52;170;14;203391;191649;564;73.1;68.8;0.2
12;2021-09-06;236;615;216;203627;192264;780;73.2;69.1;0.3
12;2021-09-07;262;463;195;203889;192727;975;73.2;69.2;0.4
12;2021-09-08;265;506;154;204154;193233;1129;73.3;69.4;0.4
12;2021-09-09;198;445;53;204352;193678;1182;73.4;69.6;0.4
12;2021-09-10;486;973;270;204838;194651;1452;73.6;69.9;0.5
12;2021-09-11;368;880;137;205206;195531;1589;73.7;70.2;0.6
12;2021-09-12;22;75;15;205228;195606;1604;73.7;70.3;0.6
12;2021-09-13;188;391;234;205416;195997;1838;73.8;70.4;0.7
12;2021-09-14;278;367;227;205694;196364;2065;73.9;70.5;0.7
12;2021-09-15;241;439;350;205935;196803;2415;74.0;70.7;0.9
12;2021-09-16;366;417;502;206301;197220;2917;74.1;70.9;1.0
12;2021-09-17;325;518;467;206626;197738;3384;74.2;71.0;1.2
12;2021-09-18;232;679;162;206858;198417;3546;74.3;71.3;1.3
12;2021-09-19;4;22;2;206862;198439;3548;74.3;71.3;1.3
12;2021-09-20;108;437;321;206970;198876;3869;74.4;71.4;1.4
12;2021-09-21;120;253;546;207090;199129;4415;74.4;71.5;1.6
12;2021-09-22;149;561;353;207239;199690;4768;74.4;71.7;1.7
12;2021-09-23;104;186;396;207343;199876;5164;74.5;71.8;1.9
12;2021-09-24;193;540;344;207536;200416;5508;74.6;72.0;2.0
12;2021-09-25;156;640;117;207692;201056;5625;74.6;72.2;2.0
12;2021-09-26;1;11;2;207693;201067;5627;74.6;72.2;2.0
12;2021-09-27;79;259;310;207772;201326;5937;74.6;72.3;2.1
12;2021-09-28;103;259;483;207875;201585;6420;74.7;72.4;2.3
12;2021-09-29;106;320;270;207981;201905;6690;74.7;72.5;2.4
12;2021-09-30;63;141;343;208044;202046;7033;74.7;72.6;2.5
12;2021-10-01;187;410;250;208231;202456;7283;74.8;72.7;2.6
12;2021-10-02;178;454;124;208409;202910;7407;74.9;72.9;2.7
12;2021-10-03;1;9;2;208410;202919;7409;74.9;72.9;2.7
12;2021-10-04;94;190;142;208504;203109;7551;74.9;73.0;2.7
12;2021-10-05;70;199;300;208574;203308;7851;74.9;73.0;2.8
12;2021-10-06;127;253;520;208701;203561;8371;75.0;73.1;3.0
12;2021-10-07;82;309;251;208783;203870;8622;75.0;73.2;3.1
12;2021-10-08;144;380;421;208927;204250;9043;75.1;73.4;3.2
12;2021-10-09;156;322;243;209083;204572;9286;75.1;73.5;3.3
12;2021-10-10;1;9;8;209084;204581;9294;75.1;73.5;3.3
12;2021-10-11;62;113;177;209146;204694;9471;75.1;73.5;3.4
12;2021-10-12;51;118;179;209197;204812;9650;75.2;73.6;3.5
12;2021-10-13;141;276;470;209338;205088;10120;75.2;73.7;3.6
12;2021-10-14;75;140;336;209413;205228;10456;75.2;73.7;3.8
12;2021-10-15;94;188;472;209507;205416;10928;75.3;73.8;3.9
12;2021-10-16;177;234;434;209684;205650;11362;75.3;73.9;4.1
12;2021-10-17;2;8;0;209686;205658;11362;75.3;73.9;4.1
12;2021-10-18;73;97;218;209759;205755;11580;75.4;73.9;4.2
12;2021-10-19;53;82;202;209812;205837;11782;75.4;73.9;4.2
12;2021-10-20;138;190;550;209950;206027;12332;75.4;74.0;4.4
12;2021-10-21;70;52;274;210020;206079;12606;75.4;74.0;4.5
12;2021-10-22;90;119;560;210110;206198;13166;75.5;74.1;4.7
12;2021-10-23;155;235;504;210265;206433;13670;75.5;74.2;4.9
12;2021-10-24;2;4;3;210267;206437;13673;75.5;74.2;4.9
12;2021-10-25;19;32;61;210286;206469;13734;75.5;74.2;4.9
12;2021-10-26;106;124;533;210392;206593;14267;75.6;74.2;5.1
12;2021-10-27;66;103;507;210458;206696;14774;75.6;74.3;5.3
12;2021-10-28;64;66;260;210522;206762;15034;75.6;74.3;5.4
12;2021-10-29;53;104;561;210575;206866;15595;75.6;74.3;5.6
12;2021-10-30;100;166;519;210675;207032;16114;75.7;74.4;5.8
12;2021-10-31;1;1;2;210676;207033;16116;75.7;74.4;5.8
12;2021-11-01;6;6;1;210682;207039;16117;75.7;74.4;5.8
12;2021-11-02;40;54;246;210722;207093;16363;75.7;74.4;5.9
12;2021-11-03;136;204;993;210858;207297;17356;75.8;74.5;6.2
12;2021-11-04;32;67;410;210890;207364;17766;75.8;74.5;6.4
12;2021-11-05;61;84;545;210951;207448;18311;75.8;74.5;6.6
12;2021-11-06;136;178;538;211087;207626;18849;75.8;74.6;6.8
12;2021-11-07;1;4;3;211088;207630;18852;75.8;74.6;6.8
12;2021-11-08;67;94;602;211155;207724;19454;75.9;74.6;7.0
12;2021-11-09;35;60;685;211190;207784;20139;75.9;74.6;7.2
12;2021-11-10;115;152;983;211305;207936;21122;75.9;74.7;7.6
12;2021-11-11;5;2;5;211310;207938;21127;75.9;74.7;7.6
12;2021-11-12;67;85;801;211377;208023;21928;75.9;74.7;7.9
12;2021-11-13;139;173;736;211516;208196;22664;76.0;74.8;8.1
12;2021-11-14;1;2;8;211517;208198;22672;76.0;74.8;8.1
12;2021-11-15;60;60;875;211577;208258;23547;76.0;74.8;8.5
12;2021-11-16;69;81;1378;211646;208339;24925;76.0;74.8;9.0
12;2021-11-17;113;115;1096;211759;208454;26021;76.1;74.9;9.3
12;2021-11-18;65;106;987;211824;208560;27008;76.1;74.9;9.7
12;2021-11-19;78;74;1229;211902;208634;28237;76.1;75.0;10.1
12;2021-11-20;102;116;846;212004;208750;29083;76.2;75.0;10.4
12;2021-11-21;2;5;19;212006;208755;29102;76.2;75.0;10.5
12;2021-11-22;59;42;1144;212065;208797;30246;76.2;75.0;10.9
12;2021-11-23;77;39;1259;212142;208836;31505;76.2;75.0;11.3
12;2021-11-24;95;106;1298;212237;208942;32803;76.2;75.1;11.8
12;2021-11-25;87;81;1459;212324;209023;34262;76.3;75.1;12.3
12;2021-11-26;131;86;1791;212455;209109;36053;76.3;75.1;13.0
12;2021-11-27;72;136;1219;212527;209245;37272;76.3;75.2;13.4
12;2021-11-28;13;7;199;212540;209252;37471;76.4;75.2;13.5
12;2021-11-29;55;56;1546;212595;209308;39017;76.4;75.2;14.0
12;2021-11-30;83;72;2004;212678;209380;41021;76.4;75.2;14.7
12;2021-12-01;80;97;1955;212758;209477;42976;76.4;75.3;15.4
12;2021-12-02;67;55;2053;212825;209532;45029;76.5;75.3;16.2
12;2021-12-03;78;81;2486;212903;209613;47515;76.5;75.3;17.1
12;2021-12-04;88;140;1508;212991;209753;49023;76.5;75.4;17.6
12;2021-12-05;11;11;53;213002;209764;49076;76.5;75.4;17.6
12;2021-12-06;57;74;1816;213059;209838;50892;76.5;75.4;18.3
12;2021-12-07;77;95;3302;213136;209933;54194;76.6;75.4;19.5
12;2021-12-08;71;116;2341;213207;210049;56535;76.6;75.5;20.3
12;2021-12-09;68;68;2914;213275;210117;59449;76.6;75.5;21.4
12;2021-12-10;80;83;3528;213355;210200;62977;76.6;75.5;22.6
12;2021-12-11;75;120;2048;213430;210320;65025;76.7;75.6;23.4
12;2021-12-12;11;6;251;213441;210326;65276;76.7;75.6;23.5
12;2021-12-13;58;81;2689;213499;210407;67965;76.7;75.6;24.4
12;2021-12-14;96;94;4532;213595;210501;72497;76.7;75.6;26.0
12;2021-12-15;70;111;2975;213665;210612;75472;76.8;75.7;27.1
12;2021-12-16;101;105;3782;213766;210717;79254;76.8;75.7;28.5
12;2021-12-17;79;110;3793;213845;210827;83047;76.8;75.7;29.8
12;2021-12-18;67;109;1759;213912;210936;84806;76.8;75.8;30.5
12;2021-12-19;38;22;730;213950;210958;85536;76.9;75.8;30.7
12;2021-12-20;92;83;2555;214042;211041;88091;76.9;75.8;31.6
12;2021-12-21;146;121;3657;214188;211162;91748;76.9;75.9;33.0
12;2021-12-22;128;101;2521;214316;211263;94269;77.0;75.9;33.9
12;2021-12-23;92;68;2031;214408;211331;96300;77.0;75.9;34.6
12;2021-12-24;34;23;338;214442;211354;96638;77.0;75.9;34.7
12;2021-12-25;2;4;66;214444;211358;96704;77.0;75.9;34.7
12;2021-12-26;6;3;85;214450;211361;96789;77.0;75.9;34.8
12;2021-12-27;72;82;1846;214522;211443;98635;77.1;76.0;35.4
12;2021-12-28;133;109;3066;214655;211552;101701;77.1;76.0;36.5
13;2020-12-27;4;0;0;4;0;0;0.0;0.0;0.0
13;2020-12-28;9;0;0;13;0;0;0.0;0.0;0.0
13;2020-12-29;0;0;0;13;0;0;0.0;0.0;0.0
13;2020-12-30;5;0;0;18;0;0;0.0;0.0;0.0
13;2020-12-31;4;0;0;22;0;0;0.0;0.0;0.0
13;2021-01-01;3;0;0;25;0;0;0.0;0.0;0.0
13;2021-01-02;4;1;0;29;1;0;0.0;0.0;0.0
13;2021-01-03;6;1;0;35;2;0;0.0;0.0;0.0
13;2021-01-04;4;1;0;39;3;0;0.0;0.0;0.0
13;2021-01-05;85;1;0;124;4;0;0.0;0.0;0.0
13;2021-01-06;125;1;0;249;5;0;0.0;0.0;0.0
13;2021-01-07;214;1;0;463;6;0;0.0;0.0;0.0
13;2021-01-08;242;0;0;705;6;0;0.0;0.0;0.0
13;2021-01-09;32;0;0;737;6;0;0.0;0.0;0.0
13;2021-01-10;3;0;0;740;6;0;0.0;0.0;0.0
13;2021-01-11;524;2;0;1264;8;0;0.1;0.0;0.0
13;2021-01-12;925;1;0;2189;9;0;0.1;0.0;0.0
13;2021-01-13;1136;2;0;3325;11;0;0.2;0.0;0.0
13;2021-01-14;1662;23;0;4987;34;0;0.2;0.0;0.0
13;2021-01-15;1538;7;0;6525;41;0;0.3;0.0;0.0
13;2021-01-16;458;4;0;6983;45;0;0.3;0.0;0.0
13;2021-01-17;51;0;0;7034;45;0;0.3;0.0;0.0
13;2021-01-18;2312;14;0;9346;59;0;0.5;0.0;0.0
13;2021-01-19;7066;55;0;16412;114;0;0.8;0.0;0.0
13;2021-01-20;5296;27;0;21708;141;0;1.1;0.0;0.0
13;2021-01-21;5342;40;0;27050;181;0;1.3;0.0;0.0
13;2021-01-22;3893;23;0;30943;204;0;1.5;0.0;0.0
13;2021-01-23;1291;8;0;32234;212;0;1.6;0.0;0.0
13;2021-01-24;425;4;0;32659;216;0;1.6;0.0;0.0
13;2021-01-25;2275;25;0;34934;241;0;1.7;0.0;0.0
13;2021-01-26;2799;90;0;37733;331;0;1.9;0.0;0.0
13;2021-01-27;3049;126;0;40782;457;0;2.0;0.0;0.0
13;2021-01-28;3288;226;0;44070;683;0;2.2;0.0;0.0
13;2021-01-29;2549;149;0;46619;832;0;2.3;0.0;0.0
13;2021-01-30;977;29;0;47596;861;0;2.3;0.0;0.0
13;2021-01-31;214;0;0;47810;861;0;2.3;0.0;0.0
13;2021-02-01;1811;309;0;49621;1170;0;2.4;0.1;0.0
13;2021-02-02;2248;676;0;51869;1846;0;2.5;0.1;0.0
13;2021-02-03;1771;588;0;53640;2434;0;2.6;0.1;0.0
13;2021-02-04;1878;958;0;55518;3392;0;2.7;0.2;0.0
13;2021-02-05;2456;1486;0;57974;4878;0;2.8;0.2;0.0
13;2021-02-06;802;338;0;58776;5216;0;2.9;0.3;0.0
13;2021-02-07;250;6;0;59026;5222;0;2.9;0.3;0.0
13;2021-02-08;1797;1512;0;60823;6734;0;3.0;0.3;0.0
13;2021-02-09;3189;4303;0;64012;11037;0;3.1;0.5;0.0
13;2021-02-10;3076;3314;0;67088;14351;0;3.3;0.7;0.0
13;2021-02-11;3492;3526;0;70580;17877;0;3.5;0.9;0.0
13;2021-02-12;2664;3098;0;73244;20975;0;3.6;1.0;0.0
13;2021-02-13;716;608;0;73960;21583;0;3.6;1.1;0.0
13;2021-02-14;69;334;0;74029;21917;0;3.6;1.1;0.0
13;2021-02-15;898;2011;0;74927;23928;0;3.7;1.2;0.0
13;2021-02-16;1266;2581;0;76193;26509;0;3.7;1.3;0.0
13;2021-02-17;1332;2915;0;77525;29424;0;3.8;1.4;0.0
13;2021-02-18;1854;2742;0;79379;32166;0;3.9;1.6;0.0
13;2021-02-19;1505;2259;0;80884;34425;0;4.0;1.7;0.0
13;2021-02-20;436;781;0;81320;35206;0;4.0;1.7;0.0
13;2021-02-21;31;266;0;81351;35472;0;4.0;1.7;0.0
13;2021-02-22;1006;2238;0;82357;37710;0;4.0;1.9;0.0
13;2021-02-23;1243;2498;0;83600;40208;0;4.1;2.0;0.0
13;2021-02-24;1441;2540;0;85041;42748;0;4.2;2.1;0.0
13;2021-02-25;2333;2055;0;87374;44803;0;4.3;2.2;0.0
13;2021-02-26;2402;2000;0;89776;46803;0;4.4;2.3;0.0
13;2021-02-27;957;742;0;90733;47545;0;4.5;2.3;0.0
13;2021-02-28;183;179;0;90916;47724;0;4.5;2.3;0.0
13;2021-03-01;1848;1551;0;92764;49275;0;4.6;2.4;0.0
13;2021-03-02;2921;2619;0;95685;51894;0;4.7;2.6;0.0
13;2021-03-03;3439;2617;0;99124;54511;0;4.9;2.7;0.0
13;2021-03-04;4065;3107;0;103189;57618;0;5.1;2.8;0.0
13;2021-03-05;4030;2713;0;107219;60331;0;5.3;3.0;0.0
13;2021-03-06;5290;819;0;112509;61150;0;5.5;3.0;0.0
13;2021-03-07;4175;372;0;116684;61522;0;5.7;3.0;0.0
13;2021-03-08;3845;1993;0;120529;63515;0;5.9;3.1;0.0
13;2021-03-09;4885;2323;0;125414;65838;0;6.2;3.2;0.0
13;2021-03-10;5184;2074;0;130598;67912;0;6.4;3.3;0.0
13;2021-03-11;7208;2207;0;137806;70119;0;6.8;3.4;0.0
13;2021-03-12;8202;2082;0;146008;72201;0;7.2;3.5;0.0
13;2021-03-13;6215;740;0;152223;72941;0;7.5;3.6;0.0
13;2021-03-14;2223;176;0;154446;73117;0;7.6;3.6;0.0
13;2021-03-15;6161;1248;0;160607;74365;0;7.9;3.7;0.0
13;2021-03-16;4938;1564;0;165545;75929;0;8.1;3.7;0.0
13;2021-03-17;5088;1428;0;170633;77357;0;8.4;3.8;0.0
13;2021-03-18;5713;1807;0;176346;79164;0;8.7;3.9;0.0
13;2021-03-19;6664;1588;0;183010;80752;0;9.0;4.0;0.0
13;2021-03-20;3943;681;0;186953;81433;0;9.2;4.0;0.0
13;2021-03-21;763;91;0;187716;81524;0;9.2;4.0;0.0
13;2021-03-22;6924;1529;0;194640;83053;0;9.6;4.1;0.0
13;2021-03-23;8880;1730;0;203520;84783;0;10.0;4.2;0.0
13;2021-03-24;8615;2149;0;212135;86932;0;10.4;4.3;0.0
13;2021-03-25;10697;2063;0;222832;88995;0;11.0;4.4;0.0
13;2021-03-26;10386;1870;0;233218;90865;0;11.5;4.5;0.0
13;2021-03-27;4693;813;0;237911;91678;0;11.7;4.5;0.0
13;2021-03-28;1090;82;0;239001;91760;0;11.7;4.5;0.0
13;2021-03-29;7172;1958;0;246173;93718;0;12.1;4.6;0.0
13;2021-03-30;11976;2522;0;258149;96240;0;12.7;4.7;0.0
13;2021-03-31;10355;3186;0;268504;99426;0;13.2;4.9;0.0
13;2021-04-01;11746;3053;0;280250;102479;0;13.8;5.0;0.0
13;2021-04-02;9457;3787;0;289707;106266;0;14.2;5.2;0.0
13;2021-04-03;3875;2725;0;293582;108991;0;14.4;5.4;0.0
13;2021-04-04;626;314;0;294208;109305;0;14.5;5.4;0.0
13;2021-04-05;3432;721;0;297640;110026;0;14.6;5.4;0.0
13;2021-04-06;8289;4143;0;305929;114169;0;15.0;5.6;0.0
13;2021-04-07;9725;4602;0;315654;118771;0;15.5;5.8;0.0
13;2021-04-08;9768;5366;0;325422;124137;0;16.0;6.1;0.0
13;2021-04-09;10843;5018;0;336265;129155;0;16.5;6.3;0.0
13;2021-04-10;7022;2123;0;343287;131278;0;16.9;6.5;0.0
13;2021-04-11;1384;555;0;344671;131833;0;16.9;6.5;0.0
13;2021-04-12;7683;4670;0;352354;136503;0;17.3;6.7;0.0
13;2021-04-13;8801;5363;0;361155;141866;0;17.8;7.0;0.0
13;2021-04-14;9227;5707;0;370382;147573;0;18.2;7.3;0.0
13;2021-04-15;9580;5777;0;379962;153350;0;18.7;7.5;0.0
13;2021-04-16;9587;5461;0;389549;158811;0;19.1;7.8;0.0
13;2021-04-17;4020;1992;0;393569;160803;0;19.3;7.9;0.0
13;2021-04-18;2455;1405;0;396024;162208;0;19.5;8.0;0.0
13;2021-04-19;6234;6139;0;402258;168347;0;19.8;8.3;0.0
13;2021-04-20;7210;7292;0;409468;175639;0;20.1;8.6;0.0
13;2021-04-21;7595;7105;0;417063;182744;0;20.5;9.0;0.0
13;2021-04-22;8145;7609;0;425208;190353;0;20.9;9.4;0.0
13;2021-04-23;8121;6617;0;433329;196970;0;21.3;9.7;0.0
13;2021-04-24;4540;3653;0;437869;200623;0;21.5;9.9;0.0
13;2021-04-25;916;534;0;438785;201157;0;21.6;9.9;0.0
13;2021-04-26;6006;6755;0;444791;207912;0;21.9;10.2;0.0
13;2021-04-27;7119;7613;0;451910;215525;0;22.2;10.6;0.0
13;2021-04-28;9163;7443;0;461073;222968;0;22.7;11.0;0.0
13;2021-04-29;11191;7381;0;472264;230349;0;23.2;11.3;0.0
13;2021-04-30;10565;7117;0;482829;237466;0;23.7;11.7;0.0
13;2021-05-01;5086;3587;0;487915;241053;0;24.0;11.8;0.0
13;2021-05-02;2057;736;0;489972;241789;0;24.1;11.9;0.0
13;2021-05-03;6980;7555;0;496952;249344;0;24.4;12.3;0.0
13;2021-05-04;8120;8337;0;505072;257681;0;24.8;12.7;0.0
13;2021-05-05;7971;8723;0;513043;266404;0;25.2;13.1;0.0
13;2021-05-06;9902;8394;0;522945;274798;0;25.7;13.5;0.0
13;2021-05-07;8658;9684;0;531603;284482;0;26.1;14.0;0.0
13;2021-05-08;4468;3773;0;536071;288255;0;26.3;14.2;0.0
13;2021-05-09;981;700;0;537052;288955;0;26.4;14.2;0.0
13;2021-05-10;7441;8488;0;544493;297443;0;26.8;14.6;0.0
13;2021-05-11;10650;9243;0;555143;306686;0;27.3;15.1;0.0
13;2021-05-12;12343;8528;0;567486;315214;0;27.9;15.5;0.0
13;2021-05-13;9170;3505;0;576656;318719;0;28.3;15.7;0.0
13;2021-05-14;12839;6304;0;589495;325023;0;29.0;16.0;0.0
13;2021-05-15;9732;4374;0;599227;329397;0;29.5;16.2;0.0
13;2021-05-16;3175;789;0;602402;330186;0;29.6;16.2;0.0
13;2021-05-17;10036;6648;0;612438;336834;0;30.1;16.6;0.0
13;2021-05-18;11391;6375;0;623829;343209;0;30.7;16.9;0.0
13;2021-05-19;11653;6208;0;635482;349417;0;31.2;17.2;0.0
13;2021-05-20;12677;6244;0;648159;355661;0;31.9;17.5;0.0
13;2021-05-21;12307;6611;0;660466;362272;0;32.5;17.8;0.0
13;2021-05-22;7399;3562;0;667865;365834;0;32.8;18.0;0.0
13;2021-05-23;1114;665;0;668979;366499;0;32.9;18.0;0.0
13;2021-05-24;6474;2362;0;675453;368861;0;33.2;18.1;0.0
13;2021-05-25;8797;7357;0;684250;376218;0;33.6;18.5;0.0
13;2021-05-26;9693;7616;0;693943;383834;0;34.1;18.9;0.0
13;2021-05-27;9783;8209;0;703726;392043;0;34.6;19.3;0.0
13;2021-05-28;8844;8925;0;712570;400968;0;35.0;19.7;0.0
13;2021-05-29;6712;4540;0;719282;405508;0;35.4;19.9;0.0
13;2021-05-30;936;551;0;720218;406059;0;35.4;20.0;0.0
13;2021-05-31;7761;7701;0;727979;413760;0;35.8;20.3;0.0
13;2021-06-01;9353;8960;0;737332;422720;0;36.2;20.8;0.0
13;2021-06-02;9526;8420;0;746858;431140;0;36.7;21.2;0.0
13;2021-06-03;11876;9206;0;758734;440346;0;37.3;21.6;0.0
13;2021-06-04;11544;9777;0;770278;450123;0;37.9;22.1;0.0
13;2021-06-05;7051;5457;0;777329;455580;0;38.2;22.4;0.0
13;2021-06-06;1695;903;0;779024;456483;0;38.3;22.4;0.0
13;2021-06-07;6592;9483;0;785616;465966;0;38.6;22.9;0.0
13;2021-06-08;8168;9674;0;793784;475640;0;39.0;23.4;0.0
13;2021-06-09;8133;9436;0;801917;485076;0;39.4;23.8;0.0
13;2021-06-10;8755;9476;0;810672;494552;0;39.8;24.3;0.0
13;2021-06-11;8033;12121;0;818705;506673;0;40.2;24.9;0.0
13;2021-06-12;5603;6475;0;824308;513148;0;40.5;25.2;0.0
13;2021-06-13;990;1223;0;825298;514371;0;40.6;25.3;0.0
13;2021-06-14;5781;10616;0;831079;524987;0;40.8;25.8;0.0
13;2021-06-15;7045;10929;0;838124;535916;0;41.2;26.3;0.0
13;2021-06-16;6919;9580;0;845043;545496;0;41.5;26.8;0.0
13;2021-06-17;7177;10354;0;852220;555850;0;41.9;27.3;0.0
13;2021-06-18;7092;10667;0;859312;566517;0;42.2;27.8;0.0
13;2021-06-19;4504;7213;0;863816;573730;0;42.5;28.2;0.0
13;2021-06-20;951;1033;0;864767;574763;0;42.5;28.3;0.0
13;2021-06-21;4374;11737;0;869141;586500;0;42.7;28.8;0.0
13;2021-06-22;4692;13492;0;873833;599992;0;43.0;29.5;0.0
13;2021-06-23;4834;13065;0;878667;613057;0;43.2;30.1;0.0
13;2021-06-24;5082;12160;0;883749;625217;0;43.4;30.7;0.0
13;2021-06-25;4890;13953;0;888639;639170;0;43.7;31.4;0.0
13;2021-06-26;2913;9233;0;891552;648403;0;43.8;31.9;0.0
13;2021-06-27;531;1024;0;892083;649427;0;43.8;31.9;0.0
13;2021-06-28;3633;12038;0;895716;661465;0;44.0;32.5;0.0
13;2021-06-29;4277;12548;0;899993;674013;0;44.2;33.1;0.0
13;2021-06-30;4740;12289;0;904733;686302;0;44.5;33.7;0.0
13;2021-07-01;5743;10989;0;910476;697291;0;44.8;34.3;0.0
13;2021-07-02;5595;11896;0;916071;709187;0;45.0;34.9;0.0
13;2021-07-03;3345;8796;0;919416;717983;0;45.2;35.3;0.0
13;2021-07-04;553;986;0;919969;718969;0;45.2;35.3;0.0
13;2021-07-05;3795;10926;0;923764;729895;0;45.4;35.9;0.0
13;2021-07-06;5273;11126;0;929037;741021;0;45.7;36.4;0.0
13;2021-07-07;5377;10225;1;934414;751246;1;45.9;36.9;0.0
13;2021-07-08;5952;9750;2;940366;760996;3;46.2;37.4;0.0
13;2021-07-09;5868;11339;0;946234;772335;3;46.5;38.0;0.0
13;2021-07-10;3119;8316;0;949353;780651;3;46.7;38.4;0.0
13;2021-07-11;538;1092;0;949891;781743;3;46.7;38.4;0.0
13;2021-07-12;4418;10639;0;954309;792382;3;46.9;38.9;0.0
13;2021-07-13;8744;12820;0;963053;805202;3;47.3;39.6;0.0
13;2021-07-14;5450;4567;0;968503;809769;3;47.6;39.8;0.0
13;2021-07-15;10902;12468;0;979405;822237;3;48.1;40.4;0.0
13;2021-07-16;11868;12517;0;991273;834754;3;48.7;41.0;0.0
13;2021-07-17;6474;8284;0;997747;843038;3;49.0;41.4;0.0
13;2021-07-18;937;1125;0;998684;844163;3;49.1;41.5;0.0
13;2021-07-19;9444;10714;0;1008128;854877;3;49.6;42.0;0.0
13;2021-07-20;11636;11143;0;1019764;866020;3;50.1;42.6;0.0
13;2021-07-21;12043;9995;0;1031807;876015;3;50.7;43.1;0.0
13;2021-07-22;13743;9892;0;1045550;885907;3;51.4;43.5;0.0
13;2021-07-23;13782;10564;0;1059332;896471;3;52.1;44.1;0.0
13;2021-07-24;7998;7400;0;1067330;903871;3;52.5;44.4;0.0
13;2021-07-25;1169;836;0;1068499;904707;3;52.5;44.5;0.0
13;2021-07-26;10560;8638;0;1079059;913345;3;53.0;44.9;0.0
13;2021-07-27;12722;8833;0;1091781;922178;3;53.7;45.3;0.0
13;2021-07-28;11857;7783;0;1103638;929961;3;54.2;45.7;0.0
13;2021-07-29;13192;7725;0;1116830;937686;3;54.9;46.1;0.0
13;2021-07-30;12978;8393;0;1129808;946079;3;55.5;46.5;0.0
13;2021-07-31;8187;5624;0;1137995;951703;3;55.9;46.8;0.0
13;2021-08-01;1219;734;0;1139214;952437;3;56.0;46.8;0.0
13;2021-08-02;10109;6478;0;1149323;958915;3;56.5;47.1;0.0
13;2021-08-03;10910;7104;0;1160233;966019;3;57.0;47.5;0.0
13;2021-08-04;9387;6528;0;1169620;972547;3;57.5;47.8;0.0
13;2021-08-05;9140;7305;0;1178760;979852;3;57.9;48.2;0.0
13;2021-08-06;9062;8736;0;1187822;988588;3;58.4;48.6;0.0
13;2021-08-07;5264;5378;0;1193086;993966;3;58.6;48.9;0.0
13;2021-08-08;977;887;0;1194063;994853;3;58.7;48.9;0.0
13;2021-08-09;7914;8605;0;1201977;1003458;3;59.1;49.3;0.0
13;2021-08-10;8549;8654;0;1210526;1012112;3;59.5;49.7;0.0
13;2021-08-11;7490;8377;0;1218016;1020489;3;59.9;50.2;0.0
13;2021-08-12;7332;9232;0;1225348;1029721;3;60.2;50.6;0.0
13;2021-08-13;6640;8671;0;1231988;1038392;3;60.6;51.0;0.0
13;2021-08-14;3773;6277;0;1235761;1044669;3;60.7;51.3;0.0
13;2021-08-15;526;702;0;1236287;1045371;3;60.8;51.4;0.0
13;2021-08-16;6204;10534;0;1242491;1055905;3;61.1;51.9;0.0
13;2021-08-17;6284;10156;0;1248775;1066061;3;61.4;52.4;0.0
13;2021-08-18;6028;9667;0;1254803;1075728;3;61.7;52.9;0.0
13;2021-08-19;6161;10169;0;1260964;1085897;3;62.0;53.4;0.0
13;2021-08-20;5491;10714;0;1266455;1096611;3;62.2;53.9;0.0
13;2021-08-21;2534;6951;0;1268989;1103562;3;62.4;54.2;0.0
13;2021-08-22;402;1011;0;1269391;1104573;3;62.4;54.3;0.0
13;2021-08-23;4596;10759;0;1273987;1115332;3;62.6;54.8;0.0
13;2021-08-24;4987;10607;0;1278974;1125939;3;62.9;55.3;0.0
13;2021-08-25;4774;9806;0;1283748;1135745;3;63.1;55.8;0.0
13;2021-08-26;4676;9431;0;1288424;1145176;3;63.3;56.3;0.0
13;2021-08-27;4693;10287;0;1293117;1155463;3;63.6;56.8;0.0
13;2021-08-28;2278;6386;0;1295395;1161849;3;63.7;57.1;0.0
13;2021-08-29;346;1213;0;1295741;1163062;3;63.7;57.2;0.0
13;2021-08-30;3912;9376;146;1299653;1172438;149;63.9;57.6;0.0
13;2021-08-31;4181;9622;218;1303834;1182060;367;64.1;58.1;0.0
13;2021-09-01;4703;8060;362;1308537;1190120;729;64.3;58.5;0.0
13;2021-09-02;4058;7594;546;1312595;1197714;1275;64.5;58.9;0.1
13;2021-09-03;4106;8279;791;1316701;1205993;2066;64.7;59.3;0.1
13;2021-09-04;2198;5488;182;1318899;1211481;2248;64.8;59.5;0.1
13;2021-09-05;224;468;55;1319123;1211949;2303;64.8;59.6;0.1
13;2021-09-06;3180;5613;716;1322303;1217562;3019;65.0;59.8;0.1
13;2021-09-07;3078;5975;1078;1325381;1223537;4097;65.1;60.1;0.2
13;2021-09-08;3350;6086;853;1328731;1229623;4950;65.3;60.4;0.2
13;2021-09-09;2943;5335;1081;1331674;1234958;6031;65.5;60.7;0.3
13;2021-09-10;3426;6402;1083;1335100;1241360;7114;65.6;61.0;0.3
13;2021-09-11;2252;4980;342;1337352;1246340;7456;65.7;61.3;0.4
13;2021-09-12;269;389;53;1337621;1246729;7509;65.7;61.3;0.4
13;2021-09-13;2530;3975;997;1340151;1250704;8506;65.9;61.5;0.4
13;2021-09-14;3039;4352;1951;1343190;1255056;10457;66.0;61.7;0.5
13;2021-09-15;2804;5057;2017;1345994;1260113;12474;66.2;61.9;0.6
13;2021-09-16;2116;3591;2087;1348110;1263704;14561;66.3;62.1;0.7
13;2021-09-17;2268;4540;1677;1350378;1268244;16238;66.4;62.3;0.8
13;2021-09-18;1514;4070;539;1351892;1272314;16777;66.4;62.5;0.8
13;2021-09-19;101;188;56;1351993;1272502;16833;66.5;62.5;0.8
13;2021-09-20;1481;3046;1528;1353474;1275548;18361;66.5;62.7;0.9
13;2021-09-21;1432;2770;1844;1354906;1278318;20205;66.6;62.8;1.0
13;2021-09-22;1597;4184;1427;1356503;1282502;21632;66.7;63.0;1.1
13;2021-09-23;1508;3349;2086;1358011;1285851;23718;66.8;63.2;1.2
13;2021-09-24;1504;3826;1378;1359515;1289677;25096;66.8;63.4;1.2
13;2021-09-25;1143;3693;484;1360658;1293370;25580;66.9;63.6;1.3
13;2021-09-26;101;256;49;1360759;1293626;25629;66.9;63.6;1.3
13;2021-09-27;1197;2719;1258;1361956;1296345;26887;66.9;63.7;1.3
13;2021-09-28;1229;2424;1288;1363185;1298769;28175;67.0;63.8;1.4
13;2021-09-29;1524;3298;1391;1364709;1302067;29566;67.1;64.0;1.5
13;2021-09-30;1344;2875;1780;1366053;1304942;31346;67.1;64.1;1.5
13;2021-10-01;2255;3143;1643;1368308;1308085;32989;67.3;64.3;1.6
13;2021-10-02;1181;2650;613;1369489;1310735;33602;67.3;64.4;1.7
13;2021-10-03;110;219;31;1369599;1310954;33633;67.3;64.4;1.7
13;2021-10-04;990;1555;1171;1370589;1312509;34804;67.4;64.5;1.7
13;2021-10-05;1215;2308;1996;1371804;1314817;36800;67.4;64.6;1.8
13;2021-10-06;1336;2742;1976;1373140;1317559;38776;67.5;64.8;1.9
13;2021-10-07;1106;2205;2264;1374246;1319764;41040;67.5;64.9;2.0
13;2021-10-08;1491;2748;2406;1375737;1322512;43446;67.6;65.0;2.1
13;2021-10-09;942;2099;917;1376679;1324611;44363;67.7;65.1;2.2
13;2021-10-10;96;139;66;1376775;1324750;44429;67.7;65.1;2.2
13;2021-10-11;984;1695;1902;1377759;1326445;46331;67.7;65.2;2.3
13;2021-10-12;1151;1758;2257;1378910;1328203;48588;67.8;65.3;2.4
13;2021-10-13;1223;2096;2367;1380133;1330299;50955;67.8;65.4;2.5
13;2021-10-14;1052;1788;2448;1381185;1332087;53403;67.9;65.5;2.6
13;2021-10-15;1452;2191;3350;1382637;1334278;56753;68.0;65.6;2.8
13;2021-10-16;909;1530;973;1383546;1335808;57726;68.0;65.7;2.8
13;2021-10-17;80;132;57;1383626;1335940;57783;68.0;65.7;2.8
13;2021-10-18;913;1381;2070;1384539;1337321;59853;68.1;65.7;2.9
13;2021-10-19;941;1463;2574;1385480;1338784;62427;68.1;65.8;3.1
13;2021-10-20;1158;1700;3046;1386638;1340484;65473;68.2;65.9;3.2
13;2021-10-21;908;1467;3012;1387546;1341951;68485;68.2;66.0;3.4
13;2021-10-22;1207;1936;3938;1388753;1343887;72423;68.3;66.1;3.6
13;2021-10-23;731;1177;1330;1389484;1345064;73753;68.3;66.1;3.6
13;2021-10-24;105;134;138;1389589;1345198;73891;68.3;66.1;3.6
13;2021-10-25;808;1125;2699;1390397;1346323;76590;68.3;66.2;3.8
13;2021-10-26;822;1075;2933;1391219;1347398;79523;68.4;66.2;3.9
13;2021-10-27;897;1269;3271;1392116;1348667;82794;68.4;66.3;4.1
13;2021-10-28;737;1038;3337;1392853;1349705;86131;68.5;66.3;4.2
13;2021-10-29;958;1376;3860;1393811;1351081;89991;68.5;66.4;4.4
13;2021-10-30;607;959;1582;1394418;1352040;91573;68.5;66.5;4.5
13;2021-10-31;65;94;128;1394483;1352134;91701;68.5;66.5;4.5
13;2021-11-01;207;166;109;1394690;1352300;91810;68.6;66.5;4.5
13;2021-11-02;815;1197;3267;1395505;1353497;95077;68.6;66.5;4.7
13;2021-11-03;944;1306;3766;1396449;1354803;98843;68.6;66.6;4.9
13;2021-11-04;866;1059;4011;1397315;1355862;102854;68.7;66.6;5.1
13;2021-11-05;978;1347;4440;1398293;1357209;107294;68.7;66.7;5.3
13;2021-11-06;666;922;2004;1398959;1358131;109298;68.8;66.8;5.4
13;2021-11-07;67;128;104;1399026;1358259;109402;68.8;66.8;5.4
13;2021-11-08;639;1061;3703;1399665;1359320;113105;68.8;66.8;5.6
13;2021-11-09;822;1304;5368;1400487;1360624;118473;68.8;66.9;5.8
13;2021-11-10;1059;1528;6479;1401546;1362152;124952;68.9;67.0;6.1
13;2021-11-11;155;207;750;1401701;1362359;125702;68.9;67.0;6.2
13;2021-11-12;862;1220;6464;1402563;1363579;132166;68.9;67.0;6.5
13;2021-11-13;582;785;2348;1403145;1364364;134514;69.0;67.1;6.6
13;2021-11-14;70;151;288;1403215;1364515;134802;69.0;67.1;6.6
13;2021-11-15;636;1054;4857;1403851;1365569;139659;69.0;67.1;6.9
13;2021-11-16;806;1122;6783;1404657;1366691;146442;69.0;67.2;7.2
13;2021-11-17;1021;1179;6974;1405678;1367870;153416;69.1;67.2;7.5
13;2021-11-18;854;1086;6675;1406532;1368956;160091;69.1;67.3;7.9
13;2021-11-19;1002;1203;7678;1407534;1370159;167769;69.2;67.3;8.2
13;2021-11-20;814;952;3435;1408348;1371111;171204;69.2;67.4;8.4
13;2021-11-21;66;105;298;1408414;1371216;171502;69.2;67.4;8.4
13;2021-11-22;755;787;5546;1409169;1372003;177048;69.3;67.4;8.7
13;2021-11-23;875;998;7825;1410044;1373001;184873;69.3;67.5;9.1
13;2021-11-24;1143;1259;8103;1411187;1374260;192976;69.4;67.5;9.5
13;2021-11-25;911;1029;9618;1412098;1375289;202594;69.4;67.6;10.0
13;2021-11-26;1075;1157;11682;1413173;1376446;214276;69.5;67.7;10.5
13;2021-11-27;775;979;6001;1413948;1377425;220277;69.5;67.7;10.8
13;2021-11-28;49;136;453;1413997;1377561;220730;69.5;67.7;10.8
13;2021-11-29;828;935;12299;1414825;1378496;233029;69.5;67.8;11.5
13;2021-11-30;912;977;14568;1415737;1379473;247597;69.6;67.8;12.2
13;2021-12-01;967;1081;17289;1416704;1380554;264886;69.6;67.9;13.0
13;2021-12-02;883;949;16992;1417587;1381503;281878;69.7;67.9;13.9
13;2021-12-03;994;1246;20136;1418581;1382749;302014;69.7;68.0;14.8
13;2021-12-04;659;861;9818;1419240;1383610;311832;69.8;68.0;15.3
13;2021-12-05;109;178;1093;1419349;1383788;312925;69.8;68.0;15.4
13;2021-12-06;772;1008;17016;1420121;1384796;329941;69.8;68.1;16.2
13;2021-12-07;985;1173;21410;1421106;1385969;351351;69.9;68.1;17.3
13;2021-12-08;1091;1374;20577;1422197;1387343;371928;69.9;68.2;18.3
13;2021-12-09;921;1176;18746;1423118;1388519;390674;70.0;68.2;19.2
13;2021-12-10;1096;1290;22364;1424214;1389809;413038;70.0;68.3;20.3
13;2021-12-11;602;932;11604;1424816;1390741;424642;70.0;68.4;20.9
13;2021-12-12;127;185;1520;1424943;1390926;426162;70.0;68.4;20.9
13;2021-12-13;796;998;17662;1425739;1391924;443824;70.1;68.4;21.8
13;2021-12-14;1021;1217;22621;1426760;1393141;466445;70.1;68.5;22.9
13;2021-12-15;1161;1364;21976;1427921;1394505;488421;70.2;68.5;24.0
13;2021-12-16;1097;1226;20469;1429018;1395731;508890;70.2;68.6;25.0
13;2021-12-17;1230;1439;23199;1430248;1397170;532089;70.3;68.7;26.2
13;2021-12-18;761;964;12137;1431009;1398134;544226;70.3;68.7;26.8
13;2021-12-19;159;253;2102;1431168;1398387;546328;70.3;68.7;26.9
13;2021-12-20;1236;1322;16848;1432404;1399709;563176;70.4;68.8;27.7
13;2021-12-21;1586;1381;18895;1433990;1401090;582071;70.5;68.9;28.6
13;2021-12-22;1527;1329;16132;1435517;1402419;598203;70.6;68.9;29.4
13;2021-12-23;1074;1035;10811;1436591;1403454;609014;70.6;69.0;29.9
13;2021-12-24;325;436;2489;1436916;1403890;611503;70.6;69.0;30.1
13;2021-12-25;28;123;233;1436944;1404013;611736;70.6;69.0;30.1
13;2021-12-26;98;139;1023;1437042;1404152;612759;70.6;69.0;30.1
13;2021-12-27;1006;1176;11381;1438048;1405328;624140;70.7;69.1;30.7
13;2021-12-28;1385;1321;14840;1439433;1406649;638980;70.8;69.1;31.4
14;2020-12-27;0;0;0;0;0;0;0.0;0.0;0.0
14;2020-12-28;1;0;0;1;0;0;0.0;0.0;0.0
14;2020-12-29;0;0;0;1;0;0;0.0;0.0;0.0
14;2020-12-30;0;0;0;1;0;0;0.0;0.0;0.0
14;2020-12-31;5;0;0;6;0;0;0.0;0.0;0.0
14;2021-01-01;3;0;0;9;0;0;0.0;0.0;0.0
14;2021-01-02;2;0;0;11;0;0;0.0;0.0;0.0
14;2021-01-03;0;0;0;11;0;0;0.0;0.0;0.0
14;2021-01-04;5;0;0;16;0;0;0.0;0.0;0.0
14;2021-01-05;28;0;0;44;0;0;0.0;0.0;0.0
14;2021-01-06;351;0;0;395;0;0;0.1;0.0;0.0
14;2021-01-07;421;1;0;816;1;0;0.1;0.0;0.0
14;2021-01-08;651;5;0;1467;6;0;0.2;0.0;0.0
14;2021-01-09;134;0;0;1601;6;0;0.2;0.0;0.0
14;2021-01-10;49;0;0;1650;6;0;0.2;0.0;0.0
14;2021-01-11;678;6;0;2328;12;0;0.3;0.0;0.0
14;2021-01-12;949;6;0;3277;18;0;0.5;0.0;0.0
14;2021-01-13;886;1;0;4163;19;0;0.6;0.0;0.0
14;2021-01-14;2747;29;0;6910;48;0;1.0;0.0;0.0
14;2021-01-15;1832;22;0;8742;70;0;1.3;0.0;0.0
14;2021-01-16;274;3;0;9016;73;0;1.3;0.0;0.0
14;2021-01-17;169;7;0;9185;80;0;1.3;0.0;0.0
14;2021-01-18;1083;6;0;10268;86;0;1.5;0.0;0.0
14;2021-01-19;1155;4;0;11423;90;0;1.7;0.0;0.0
14;2021-01-20;1902;5;0;13325;95;0;1.9;0.0;0.0
14;2021-01-21;1796;9;0;15121;104;0;2.2;0.0;0.0
14;2021-01-22;1432;7;0;16553;111;0;2.4;0.0;0.0
14;2021-01-23;299;1;0;16852;112;0;2.4;0.0;0.0
14;2021-01-24;98;0;0;16950;112;0;2.5;0.0;0.0
14;2021-01-25;929;14;0;17879;126;0;2.6;0.0;0.0
14;2021-01-26;839;42;0;18718;168;0;2.7;0.0;0.0
14;2021-01-27;856;161;0;19574;329;0;2.8;0.0;0.0
14;2021-01-28;755;160;0;20329;489;0;2.9;0.1;0.0
14;2021-01-29;728;246;0;21057;735;0;3.0;0.1;0.0
14;2021-01-30;271;18;0;21328;753;0;3.1;0.1;0.0
14;2021-01-31;62;6;0;21390;759;0;3.1;0.1;0.0
14;2021-02-01;691;233;0;22081;992;0;3.2;0.1;0.0
14;2021-02-02;731;414;0;22812;1406;0;3.3;0.2;0.0
14;2021-02-03;719;431;0;23531;1837;0;3.4;0.3;0.0
14;2021-02-04;1098;1955;0;24629;3792;0;3.6;0.5;0.0
14;2021-02-05;1223;1266;0;25852;5058;0;3.7;0.7;0.0
14;2021-02-06;392;223;0;26244;5281;0;3.8;0.8;0.0
14;2021-02-07;179;80;0;26423;5361;0;3.8;0.8;0.0
14;2021-02-08;728;824;0;27151;6185;0;3.9;0.9;0.0
14;2021-02-09;677;1018;0;27828;7203;0;4.0;1.0;0.0
14;2021-02-10;802;1577;0;28630;8780;0;4.1;1.3;0.0
14;2021-02-11;1281;1445;0;29911;10225;0;4.3;1.5;0.0
14;2021-02-12;1254;1081;0;31165;11306;0;4.5;1.6;0.0
14;2021-02-13;303;223;0;31468;11529;0;4.6;1.7;0.0
14;2021-02-14;84;88;0;31552;11617;0;4.6;1.7;0.0
14;2021-02-15;442;1059;0;31994;12676;0;4.6;1.8;0.0
14;2021-02-16;676;1005;0;32670;13681;0;4.7;2.0;0.0
14;2021-02-17;390;957;0;33060;14638;0;4.8;2.1;0.0
14;2021-02-18;719;882;0;33779;15520;0;4.9;2.2;0.0
14;2021-02-19;709;757;0;34488;16277;0;5.0;2.4;0.0
14;2021-02-20;95;276;0;34583;16553;0;5.0;2.4;0.0
14;2021-02-21;5;101;0;34588;16654;0;5.0;2.4;0.0
14;2021-02-22;416;976;0;35004;17630;0;5.1;2.5;0.0
14;2021-02-23;467;887;0;35471;18517;0;5.1;2.7;0.0
14;2021-02-24;439;890;0;35910;19407;0;5.2;2.8;0.0
14;2021-02-25;1188;1118;0;37098;20525;0;5.4;3.0;0.0
14;2021-02-26;1498;1107;0;38596;21632;0;5.6;3.1;0.0
14;2021-02-27;507;283;0;39103;21915;0;5.7;3.2;0.0
14;2021-02-28;33;50;0;39136;21965;0;5.7;3.2;0.0
14;2021-03-01;520;851;0;39656;22816;0;5.7;3.3;0.0
14;2021-03-02;980;770;0;40636;23586;0;5.9;3.4;0.0
14;2021-03-03;1061;798;0;41697;24384;0;6.0;3.5;0.0
14;2021-03-04;1916;785;0;43613;25169;0;6.3;3.6;0.0
14;2021-03-05;2421;804;0;46034;25973;0;6.7;3.8;0.0
14;2021-03-06;3000;202;0;49034;26175;0;7.1;3.8;0.0
14;2021-03-07;1158;67;0;50192;26242;0;7.3;3.8;0.0
14;2021-03-08;1178;773;0;51370;27015;0;7.4;3.9;0.0
14;2021-03-09;1753;676;0;53123;27691;0;7.7;4.0;0.0
14;2021-03-10;1798;577;0;54921;28268;0;7.9;4.1;0.0
14;2021-03-11;2706;456;0;57627;28724;0;8.3;4.2;0.0
14;2021-03-12;3841;541;0;61468;29265;0;8.9;4.2;0.0
14;2021-03-13;1931;177;0;63399;29442;0;9.2;4.3;0.0
14;2021-03-14;96;42;0;63495;29484;0;9.2;4.3;0.0
14;2021-03-15;1983;143;0;65478;29627;0;9.5;4.3;0.0
14;2021-03-16;1434;280;0;66912;29907;0;9.7;4.3;0.0
14;2021-03-17;1127;192;0;68039;30099;0;9.8;4.4;0.0
14;2021-03-18;1407;288;0;69446;30387;0;10.0;4.4;0.0
14;2021-03-19;2532;261;0;71978;30648;0;10.4;4.4;0.0
14;2021-03-20;2593;45;0;74571;30693;0;10.8;4.4;0.0
14;2021-03-21;481;10;0;75052;30703;0;10.9;4.4;0.0
14;2021-03-22;1813;366;0;76865;31069;0;11.1;4.5;0.0
14;2021-03-23;2203;334;0;79068;31403;0;11.4;4.5;0.0
14;2021-03-24;2432;207;0;81500;31610;0;11.8;4.6;0.0
14;2021-03-25;3213;327;0;84713;31937;0;12.3;4.6;0.0
14;2021-03-26;4465;460;0;89178;32397;0;12.9;4.7;0.0
14;2021-03-27;2336;210;0;91514;32607;0;13.2;4.7;0.0
14;2021-03-28;116;7;0;91630;32614;0;13.3;4.7;0.0
14;2021-03-29;1656;508;0;93286;33122;0;13.5;4.8;0.0
14;2021-03-30;2696;535;0;95982;33657;0;13.9;4.9;0.0
14;2021-03-31;2318;936;0;98300;34593;0;14.2;5.0;0.0
14;2021-04-01;4073;1669;0;102373;36262;0;14.8;5.2;0.0
14;2021-04-02;3701;1267;0;106074;37529;0;15.3;5.4;0.0
14;2021-04-03;1112;1173;0;107186;38702;0;15.5;5.6;0.0
14;2021-04-04;53;443;0;107239;39145;0;15.5;5.7;0.0
14;2021-04-05;1134;304;0;108373;39449;0;15.7;5.7;0.0
14;2021-04-06;2338;1037;0;110711;40486;0;16.0;5.9;0.0
14;2021-04-07;2568;1042;0;113279;41528;0;16.4;6.0;0.0
14;2021-04-08;4123;1135;0;117402;42663;0;17.0;6.2;0.0
14;2021-04-09;5675;1122;0;123077;43785;0;17.8;6.3;0.0
14;2021-04-10;2862;462;0;125939;44247;0;18.2;6.4;0.0
14;2021-04-11;594;158;0;126533;44405;0;18.3;6.4;0.0
14;2021-04-12;2761;1562;0;129294;45967;0;18.7;6.6;0.0
14;2021-04-13;3334;1462;0;132628;47429;0;19.2;6.9;0.0
14;2021-04-14;2950;1149;0;135578;48578;0;19.6;7.0;0.0
14;2021-04-15;4242;1469;0;139820;50047;0;20.2;7.2;0.0
14;2021-04-16;4371;1503;0;144191;51550;0;20.9;7.5;0.0
14;2021-04-17;2350;1623;0;146541;53173;0;21.2;7.7;0.0
14;2021-04-18;520;344;0;147061;53517;0;21.3;7.7;0.0
14;2021-04-19;2643;1645;0;149704;55162;0;21.7;8.0;0.0
14;2021-04-20;3268;1861;0;152972;57023;0;22.1;8.2;0.0
14;2021-04-21;2838;1464;0;155810;58487;0;22.5;8.5;0.0
14;2021-04-22;4003;2071;0;159813;60558;0;23.1;8.8;0.0
14;2021-04-23;4434;2254;0;164247;62812;0;23.8;9.1;0.0
14;2021-04-24;1856;1792;0;166103;64604;0;24.0;9.3;0.0
14;2021-04-25;463;79;0;166566;64683;0;24.1;9.4;0.0
14;2021-04-26;3151;1568;0;169717;66251;0;24.5;9.6;0.0
14;2021-04-27;3382;2503;0;173099;68754;0;25.0;9.9;0.0
14;2021-04-28;3110;1838;0;176209;70592;0;25.5;10.2;0.0
14;2021-04-29;4309;2259;0;180518;72851;0;26.1;10.5;0.0
14;2021-04-30;4872;2606;0;185390;75457;0;26.8;10.9;0.0
14;2021-05-01;3497;222;0;188887;75679;0;27.3;10.9;0.0
14;2021-05-02;1228;76;0;190115;75755;0;27.5;11.0;0.0
14;2021-05-03;2277;2653;0;192392;78408;0;27.8;11.3;0.0
14;2021-05-04;2926;2860;0;195318;81268;0;28.2;11.8;0.0
14;2021-05-05;3524;2596;0;198842;83864;0;28.8;12.1;0.0
14;2021-05-06;4680;3385;0;203522;87249;0;29.4;12.6;0.0
14;2021-05-07;4552;3639;0;208074;90888;0;30.1;13.1;0.0
14;2021-05-08;2788;1219;0;210862;92107;0;30.5;13.3;0.0
14;2021-05-09;1879;615;0;212741;92722;0;30.8;13.4;0.0
14;2021-05-10;3435;3037;0;216176;95759;0;31.3;13.8;0.0
14;2021-05-11;4096;3459;0;220272;99218;0;31.9;14.3;0.0
14;2021-05-12;3966;3102;0;224238;102320;0;32.4;14.8;0.0
14;2021-05-13;4305;1047;0;228543;103367;0;33.1;14.9;0.0
14;2021-05-14;6212;2482;0;234755;105849;0;34.0;15.3;0.0
14;2021-05-15;5110;841;0;239865;106690;0;34.7;15.4;0.0
14;2021-05-16;2382;135;0;242247;106825;0;35.0;15.4;0.0
14;2021-05-17;2751;2121;0;244998;108946;0;35.4;15.8;0.0
14;2021-05-18;3903;2144;0;248901;111090;0;36.0;16.1;0.0
14;2021-05-19;3747;1951;0;252648;113041;0;36.5;16.3;0.0
14;2021-05-20;4383;2619;0;257031;115660;0;37.2;16.7;0.0
14;2021-05-21;4128;3315;0;261159;118975;0;37.8;17.2;0.0
14;2021-05-22;1862;866;0;263021;119841;0;38.0;17.3;0.0
14;2021-05-23;832;83;0;263853;119924;0;38.2;17.3;0.0
14;2021-05-24;2751;688;0;266604;120612;0;38.6;17.4;0.0
14;2021-05-25;3523;3270;0;270127;123882;0;39.1;17.9;0.0
14;2021-05-26;3333;2298;0;273460;126180;0;39.5;18.2;0.0
14;2021-05-27;4530;3147;0;277990;129327;0;40.2;18.7;0.0
14;2021-05-28;4805;3708;0;282795;133035;0;40.9;19.2;0.0
14;2021-05-29;2373;2463;0;285168;135498;0;41.2;19.6;0.0
14;2021-05-30;845;268;0;286013;135766;0;41.4;19.6;0.0
14;2021-05-31;3860;2833;0;289873;138599;0;41.9;20.0;0.0
14;2021-06-01;5385;3121;0;295258;141720;0;42.7;20.5;0.0
14;2021-06-02;4734;2741;0;299992;144461;0;43.4;20.9;0.0
14;2021-06-03;6169;3905;0;306161;148366;0;44.3;21.5;0.0
14;2021-06-04;6064;4930;0;312225;153296;0;45.2;22.2;0.0
14;2021-06-05;4170;1832;0;316395;155128;0;45.8;22.4;0.0
14;2021-06-06;2023;137;0;318418;155265;0;46.1;22.5;0.0
14;2021-06-07;4125;3259;0;322543;158524;0;46.6;22.9;0.0
14;2021-06-08;4930;2967;0;327473;161491;0;47.4;23.4;0.0
14;2021-06-09;4030;2872;0;331503;164363;0;47.9;23.8;0.0
14;2021-06-10;4789;2904;0;336292;167267;0;48.6;24.2;0.0
14;2021-06-11;4640;4677;0;340932;171944;0;49.3;24.9;0.0
14;2021-06-12;3562;4482;0;344494;176426;0;49.8;25.5;0.0
14;2021-06-13;933;1150;0;345427;177576;0;50.0;25.7;0.0
14;2021-06-14;2206;3516;0;347633;181092;0;50.3;26.2;0.0
14;2021-06-15;3194;3729;0;350827;184821;0;50.7;26.7;0.0
14;2021-06-16;3336;4386;0;354163;189207;0;51.2;27.4;0.0
14;2021-06-17;4042;5087;0;358205;194294;0;51.8;28.1;0.0
14;2021-06-18;3674;5827;0;361879;200121;0;52.3;28.9;0.0
14;2021-06-19;2605;2968;0;364484;203089;0;52.7;29.4;0.0
14;2021-06-20;644;1602;0;365128;204691;0;52.8;29.6;0.0
14;2021-06-21;2063;4146;0;367191;208837;0;53.1;30.2;0.0
14;2021-06-22;2446;4981;0;369637;213818;0;53.5;30.9;0.0
14;2021-06-23;2435;4245;0;372072;218063;0;53.8;31.5;0.0
14;2021-06-24;3284;5601;0;375356;223664;0;54.3;32.3;0.0
14;2021-06-25;2642;6951;0;377998;230615;0;54.7;33.4;0.0
14;2021-06-26;2106;4588;0;380104;235203;0;55.0;34.0;0.0
14;2021-06-27;468;1975;0;380572;237178;0;55.0;34.3;0.0
14;2021-06-28;1277;3838;0;381849;241016;0;55.2;34.9;0.0
14;2021-06-29;1723;5121;0;383572;246137;0;55.5;35.6;0.0
14;2021-06-30;1907;4585;0;385479;250722;0;55.7;36.3;0.0
14;2021-07-01;2823;5078;0;388302;255800;0;56.2;37.0;0.0
14;2021-07-02;2468;6405;0;390770;262205;0;56.5;37.9;0.0
14;2021-07-03;1406;2794;0;392176;264999;0;56.7;38.3;0.0
14;2021-07-04;467;910;0;392643;265909;0;56.8;38.5;0.0
14;2021-07-05;1193;4595;0;393836;270504;0;57.0;39.1;0.0
14;2021-07-06;2030;5815;0;395866;276319;0;57.3;40.0;0.0
14;2021-07-07;2141;4389;0;398007;280708;0;57.6;40.6;0.0
14;2021-07-08;2756;5364;0;400763;286072;0;58.0;41.4;0.0
14;2021-07-09;2665;6142;0;403428;292214;0;58.3;42.3;0.0
14;2021-07-10;1937;3232;0;405365;295446;0;58.6;42.7;0.0
14;2021-07-11;928;975;0;406293;296421;0;58.8;42.9;0.0
14;2021-07-12;1524;5652;0;407817;302073;0;59.0;43.7;0.0
14;2021-07-13;2932;7096;0;410749;309169;0;59.4;44.7;0.0
14;2021-07-14;2158;2890;0;412907;312059;0;59.7;45.1;0.0
14;2021-07-15;3910;7242;0;416817;319301;0;60.3;46.2;0.0
14;2021-07-16;4543;7294;0;421360;326595;0;60.9;47.2;0.0
14;2021-07-17;2101;4039;0;423461;330634;0;61.2;47.8;0.0
14;2021-07-18;819;1927;0;424280;332561;0;61.4;48.1;0.0
14;2021-07-19;2577;5808;0;426857;338369;0;61.7;48.9;0.0
14;2021-07-20;3247;6873;0;430104;345242;0;62.2;49.9;0.0
14;2021-07-21;3978;5592;0;434082;350834;0;62.8;50.7;0.0
14;2021-07-22;4850;6204;0;438932;357038;0;63.5;51.6;0.0
14;2021-07-23;5176;6485;0;444108;363523;0;64.2;52.6;0.0
14;2021-07-24;2902;3668;0;447010;367191;0;64.6;53.1;0.0
14;2021-07-25;1459;1307;0;448469;368498;0;64.9;53.3;0.0
14;2021-07-26;4329;3941;0;452798;372439;0;65.5;53.9;0.0
14;2021-07-27;5078;4216;0;457876;376655;0;66.2;54.5;0.0
14;2021-07-28;4914;3803;0;462790;380458;0;66.9;55.0;0.0
14;2021-07-29;6079;4622;0;468869;385080;0;67.8;55.7;0.0
14;2021-07-30;5462;4766;0;474331;389846;0;68.6;56.4;0.0
14;2021-07-31;2739;2447;0;477070;392293;0;69.0;56.7;0.0
14;2021-08-01;1793;942;0;478863;393235;0;69.3;56.9;0.0
14;2021-08-02;3667;4029;0;482530;397264;0;69.8;57.5;0.0
14;2021-08-03;4250;3867;0;486780;401131;0;70.4;58.0;0.0
14;2021-08-04;4210;3312;0;490990;404443;0;71.0;58.5;0.0
14;2021-08-05;4322;3794;0;495312;408237;0;71.6;59.0;0.0
14;2021-08-06;4027;4537;0;499339;412774;0;72.2;59.7;0.0
14;2021-08-07;1944;2170;0;501283;414944;0;72.5;60.0;0.0
14;2021-08-08;672;890;0;501955;415834;0;72.6;60.1;0.0
14;2021-08-09;2074;2832;0;504029;418666;0;72.9;60.5;0.0
14;2021-08-10;3361;3802;0;507390;422468;0;73.4;61.1;0.0
14;2021-08-11;2807;3191;0;510197;425659;0;73.8;61.6;0.0
14;2021-08-12;3097;4178;0;513294;429837;0;74.2;62.2;0.0
14;2021-08-13;2399;3957;0;515693;433794;0;74.6;62.7;0.0
14;2021-08-14;1293;1910;0;516986;435704;0;74.8;63.0;0.0
14;2021-08-15;365;1414;0;517351;437118;0;74.8;63.2;0.0
14;2021-08-16;1691;2811;0;519042;439929;0;75.1;63.6;0.0
14;2021-08-17;2064;4341;0;521106;444270;0;75.4;64.3;0.0
14;2021-08-18;1865;4278;0;522971;448548;0;75.6;64.9;0.0
14;2021-08-19;2147;4844;0;525118;453392;0;75.9;65.6;0.0
14;2021-08-20;1972;5130;0;527090;458522;0;76.2;66.3;0.0
14;2021-08-21;933;2784;0;528023;461306;0;76.4;66.7;0.0
14;2021-08-22;195;1628;0;528218;462934;0;76.4;67.0;0.0
14;2021-08-23;1145;4059;0;529363;466993;0;76.6;67.5;0.0
14;2021-08-24;1246;4211;0;530609;471204;0;76.7;68.1;0.0
14;2021-08-25;1299;4022;0;531908;475226;0;76.9;68.7;0.0
14;2021-08-26;1322;4686;0;533230;479912;0;77.1;69.4;0.0
14;2021-08-27;1348;4973;0;534578;484885;0;77.3;70.1;0.0
14;2021-08-28;714;2821;0;535292;487706;0;77.4;70.5;0.0
14;2021-08-29;201;1049;0;535493;488755;0;77.4;70.7;0.0
14;2021-08-30;921;3384;71;536414;492139;71;77.6;71.2;0.0
14;2021-08-31;1225;4430;155;537639;496569;226;77.8;71.8;0.0
14;2021-09-01;1003;3417;349;538642;499986;575;77.9;72.3;0.1
14;2021-09-02;816;2814;312;539458;502800;887;78.0;72.7;0.1
14;2021-09-03;1053;3501;479;540511;506301;1366;78.2;73.2;0.2
14;2021-09-04;677;2204;144;541188;508505;1510;78.3;73.5;0.2
14;2021-09-05;145;432;54;541333;508937;1564;78.3;73.6;0.2
14;2021-09-06;449;1735;375;541782;510672;1939;78.4;73.9;0.3
14;2021-09-07;474;1799;348;542256;512471;2287;78.4;74.1;0.3
14;2021-09-08;647;2535;430;542903;515006;2717;78.5;74.5;0.4
14;2021-09-09;568;1676;399;543471;516682;3116;78.6;74.7;0.5
14;2021-09-10;732;2290;579;544203;518972;3695;78.7;75.1;0.5
14;2021-09-11;512;1428;143;544715;520400;3838;78.8;75.3;0.6
14;2021-09-12;72;265;51;544787;520665;3889;78.8;75.3;0.6
14;2021-09-13;320;1083;506;545107;521748;4395;78.8;75.5;0.6
14;2021-09-14;635;1224;840;545742;522972;5235;78.9;75.6;0.8
14;2021-09-15;689;1866;714;546431;524838;5949;79.0;75.9;0.9
14;2021-09-16;530;1178;744;546961;526016;6693;79.1;76.1;1.0
14;2021-09-17;570;1324;634;547531;527340;7327;79.2;76.3;1.1
14;2021-09-18;249;985;110;547780;528325;7437;79.2;76.4;1.1
14;2021-09-19;45;150;10;547825;528475;7447;79.2;76.4;1.1
14;2021-09-20;331;728;705;548156;529203;8152;79.3;76.5;1.2
14;2021-09-21;463;766;845;548619;529969;8997;79.3;76.6;1.3
14;2021-09-22;406;1567;811;549025;531536;9808;79.4;76.9;1.4
14;2021-09-23;397;724;776;549422;532260;10584;79.5;77.0;1.5
14;2021-09-24;412;1230;928;549834;533490;11512;79.5;77.2;1.7
14;2021-09-25;200;713;118;550034;534203;11630;79.5;77.3;1.7
14;2021-09-26;41;144;18;550075;534347;11648;79.6;77.3;1.7
14;2021-09-27;270;681;645;550345;535028;12293;79.6;77.4;1.8
14;2021-09-28;345;640;669;550690;535668;12962;79.6;77.5;1.9
14;2021-09-29;301;882;633;550991;536550;13595;79.7;77.6;2.0
14;2021-09-30;313;616;896;551304;537166;14491;79.7;77.7;2.1
14;2021-10-01;442;788;628;551746;537954;15119;79.8;77.8;2.2
14;2021-10-02;264;546;191;552010;538500;15310;79.8;77.9;2.2
14;2021-10-03;35;67;13;552045;538567;15323;79.8;77.9;2.2
14;2021-10-04;269;461;672;552314;539028;15995;79.9;78.0;2.3
14;2021-10-05;261;452;793;552575;539480;16788;79.9;78.0;2.4
14;2021-10-06;365;768;791;552940;540248;17579;80.0;78.1;2.5
14;2021-10-07;218;409;642;553158;540657;18221;80.0;78.2;2.6
14;2021-10-08;380;761;948;553538;541418;19169;80.1;78.3;2.8
14;2021-10-09;193;356;150;553731;541774;19319;80.1;78.4;2.8
14;2021-10-10;8;8;5;553739;541782;19324;80.1;78.4;2.8
14;2021-10-11;173;449;635;553912;542231;19959;80.1;78.4;2.9
14;2021-10-12;287;555;1027;554199;542786;20986;80.1;78.5;3.0
14;2021-10-13;331;471;821;554530;543257;21807;80.2;78.6;3.2
14;2021-10-14;199;418;732;554729;543675;22539;80.2;78.6;3.3
14;2021-10-15;420;551;1375;555149;544226;23914;80.3;78.7;3.5
14;2021-10-16;185;261;552;555334;544487;24466;80.3;78.7;3.5
14;2021-10-17;3;9;11;555337;544496;24477;80.3;78.7;3.5
14;2021-10-18;198;327;729;555535;544823;25206;80.3;78.8;3.6
14;2021-10-19;194;405;980;555729;545228;26186;80.4;78.9;3.8
14;2021-10-20;219;326;904;555948;545554;27090;80.4;78.9;3.9
14;2021-10-21;216;459;976;556164;546013;28066;80.4;79.0;4.1
14;2021-10-22;345;473;1376;556509;546486;29442;80.5;79.0;4.3
14;2021-10-23;168;247;309;556677;546733;29751;80.5;79.1;4.3
14;2021-10-24;10;11;78;556687;546744;29829;80.5;79.1;4.3
14;2021-10-25;194;272;1233;556881;547016;31062;80.5;79.1;4.5
14;2021-10-26;181;218;950;557062;547234;32012;80.6;79.1;4.6
14;2021-10-27;202;436;1447;557264;547670;33459;80.6;79.2;4.8
14;2021-10-28;139;162;823;557403;547832;34282;80.6;79.2;5.0
14;2021-10-29;281;413;1734;557684;548245;36016;80.7;79.3;5.2
14;2021-10-30;97;188;238;557781;548433;36254;80.7;79.3;5.2
14;2021-10-31;2;7;15;557783;548440;36269;80.7;79.3;5.2
14;2021-11-01;8;4;10;557791;548444;36279;80.7;79.3;5.2
14;2021-11-02;186;298;1025;557977;548742;37304;80.7;79.4;5.4
14;2021-11-03;219;319;1443;558196;549061;38747;80.7;79.4;5.6
14;2021-11-04;157;218;1221;558353;549279;39968;80.8;79.4;5.8
14;2021-11-05;257;365;1827;558610;549644;41795;80.8;79.5;6.0
14;2021-11-06;88;150;326;558698;549794;42121;80.8;79.5;6.1
14;2021-11-07;11;14;16;558709;549808;42137;80.8;79.5;6.1
14;2021-11-08;111;243;1710;558820;550051;43847;80.8;79.6;6.3
14;2021-11-09;181;317;2328;559001;550368;46175;80.8;79.6;6.7
14;2021-11-10;260;387;2168;559261;550755;48343;80.9;79.7;7.0
14;2021-11-11;18;22;41;559279;550777;48384;80.9;79.7;7.0
14;2021-11-12;243;377;2139;559522;551154;50523;80.9;79.7;7.3
14;2021-11-13;129;210;696;559651;551364;51219;80.9;79.7;7.4
14;2021-11-14;8;11;30;559659;551375;51249;80.9;79.7;7.4
14;2021-11-15;135;262;2399;559794;551637;53648;81.0;79.8;7.8
14;2021-11-16;173;205;2578;559967;551842;56226;81.0;79.8;8.1
14;2021-11-17;261;313;2838;560228;552155;59064;81.0;79.9;8.5
14;2021-11-18;174;219;2235;560402;552374;61299;81.0;79.9;8.9
14;2021-11-19;361;434;4029;560763;552808;65328;81.1;79.9;9.4
14;2021-11-20;151;157;822;560914;552965;66150;81.1;80.0;9.6
14;2021-11-21;15;19;42;560929;552984;66192;81.1;80.0;9.6
14;2021-11-22;139;139;2392;561068;553123;68584;81.1;80.0;9.9
14;2021-11-23;231;165;3390;561299;553288;71974;81.2;80.0;10.4
14;2021-11-24;333;309;2879;561632;553597;74853;81.2;80.1;10.8
14;2021-11-25;177;143;2651;561809;553740;77504;81.3;80.1;11.2
14;2021-11-26;292;355;6063;562101;554095;83567;81.3;80.1;12.1
14;2021-11-27;146;171;2812;562247;554266;86379;81.3;80.2;12.5
14;2021-11-28;45;25;1570;562292;554291;87949;81.3;80.2;12.7
14;2021-11-29;128;160;4275;562420;554451;92224;81.3;80.2;13.3
14;2021-11-30;239;220;7160;562659;554671;99384;81.4;80.2;14.4
14;2021-12-01;236;224;7171;562895;554895;106555;81.4;80.3;15.4
14;2021-12-02;195;167;8000;563090;555062;114555;81.4;80.3;16.6
14;2021-12-03;211;246;10334;563301;555308;124889;81.5;80.3;18.1
14;2021-12-04;106;137;3925;563407;555445;128814;81.5;80.3;18.6
14;2021-12-05;33;25;2175;563440;555470;130989;81.5;80.3;18.9
14;2021-12-06;115;147;5397;563555;555617;136386;81.5;80.4;19.7
14;2021-12-07;206;202;8780;563761;555819;145166;81.5;80.4;21.0
14;2021-12-08;191;232;7443;563952;556051;152609;81.6;80.4;22.1
14;2021-12-09;195;203;8582;564147;556254;161191;81.6;80.4;23.3
14;2021-12-10;238;350;10501;564385;556604;171692;81.6;80.5;24.8
14;2021-12-11;99;131;3616;564484;556735;175308;81.6;80.5;25.4
14;2021-12-12;48;52;2108;564532;556787;177416;81.6;80.5;25.7
14;2021-12-13;146;185;6536;564678;556972;183952;81.7;80.6;26.6
14;2021-12-14;217;267;9869;564895;557239;193821;81.7;80.6;28.0
14;2021-12-15;212;305;8707;565107;557544;202528;81.7;80.6;29.3
14;2021-12-16;194;219;9185;565301;557763;211713;81.8;80.7;30.6
14;2021-12-17;275;418;12202;565576;558181;223915;81.8;80.7;32.4
14;2021-12-18;156;157;5992;565732;558338;229907;81.8;80.7;33.2
14;2021-12-19;63;64;2298;565795;558402;232205;81.8;80.8;33.6
14;2021-12-20;245;227;7621;566040;558629;239826;81.9;80.8;34.7
14;2021-12-21;325;288;8069;566365;558917;247895;81.9;80.8;35.9
14;2021-12-22;315;256;7500;566680;559173;255395;82.0;80.9;36.9
14;2021-12-23;285;217;5080;566965;559390;260475;82.0;80.9;37.7
14;2021-12-24;38;35;484;567003;559425;260959;82.0;80.9;37.7
14;2021-12-25;2;3;36;567005;559428;260995;82.0;80.9;37.7
14;2021-12-26;9;14;215;567014;559442;261210;82.0;80.9;37.8
14;2021-12-27;222;243;6265;567236;559685;267475;82.0;80.9;38.7
14;2021-12-28;294;270;8367;567530;559955;275842;82.1;81.0;39.9
15;2020-12-27;0;0;0;0;0;0;0.0;0.0;0.0
15;2020-12-28;0;0;0;0;0;0;0.0;0.0;0.0
15;2020-12-29;0;0;0;0;0;0;0.0;0.0;0.0
15;2020-12-30;0;0;0;0;0;0;0.0;0.0;0.0
15;2020-12-31;0;0;0;0;0;0;0.0;0.0;0.0
15;2021-01-01;1;0;0;1;0;0;0.0;0.0;0.0
15;2021-01-02;0;0;0;1;0;0;0.0;0.0;0.0
15;2021-01-03;0;0;0;1;0;0;0.0;0.0;0.0
15;2021-01-04;0;0;0;1;0;0;0.0;0.0;0.0
15;2021-01-05;0;0;0;1;0;0;0.0;0.0;0.0
15;2021-01-06;1;0;0;2;0;0;0.0;0.0;0.0
15;2021-01-07;71;1;0;73;1;0;0.1;0.0;0.0
15;2021-01-08;102;2;0;175;3;0;0.1;0.0;0.0
15;2021-01-09;1;0;0;176;3;0;0.1;0.0;0.0
15;2021-01-10;3;0;0;179;3;0;0.1;0.0;0.0
15;2021-01-11;95;1;0;274;4;0;0.2;0.0;0.0
15;2021-01-12;98;0;0;372;4;0;0.3;0.0;0.0
15;2021-01-13;246;0;0;618;4;0;0.4;0.0;0.0
15;2021-01-14;305;5;0;923;9;0;0.6;0.0;0.0
15;2021-01-15;137;0;0;1060;9;0;0.7;0.0;0.0
15;2021-01-16;83;0;0;1143;9;0;0.8;0.0;0.0
15;2021-01-17;0;0;0;1143;9;0;0.8;0.0;0.0
15;2021-01-18;384;4;0;1527;13;0;1.1;0.0;0.0
15;2021-01-19;483;0;0;2010;13;0;1.4;0.0;0.0
15;2021-01-20;577;2;0;2587;15;0;1.8;0.0;0.0
15;2021-01-21;522;4;0;3109;19;0;2.2;0.0;0.0
15;2021-01-22;496;4;0;3605;23;0;2.5;0.0;0.0
15;2021-01-23;400;1;0;4005;24;0;2.8;0.0;0.0
15;2021-01-24;4;0;0;4009;24;0;2.8;0.0;0.0
15;2021-01-25;382;0;0;4391;24;0;3.1;0.0;0.0
15;2021-01-26;418;0;0;4809;24;0;3.4;0.0;0.0
15;2021-01-27;755;8;0;5564;32;0;3.9;0.0;0.0
15;2021-01-28;634;50;0;6198;82;0;4.3;0.1;0.0
15;2021-01-29;333;73;0;6531;155;0;4.6;0.1;0.0
15;2021-01-30;200;2;0;6731;157;0;4.7;0.1;0.0
15;2021-01-31;0;0;0;6731;157;0;4.7;0.1;0.0
15;2021-02-01;230;90;0;6961;247;0;4.9;0.2;0.0
15;2021-02-02;177;86;0;7138;333;0;5.0;0.2;0.0
15;2021-02-03;263;177;0;7401;510;0;5.2;0.4;0.0
15;2021-02-04;621;196;0;8022;706;0;5.6;0.5;0.0
15;2021-02-05;277;236;0;8299;942;0;5.8;0.7;0.0
15;2021-02-06;89;70;0;8388;1012;0;5.9;0.7;0.0
15;2021-02-07;0;0;0;8388;1012;0;5.9;0.7;0.0
15;2021-02-08;220;106;0;8608;1118;0;6.0;0.8;0.0
15;2021-02-09;192;100;0;8800;1218;0;6.2;0.9;0.0
15;2021-02-10;339;234;0;9139;1452;0;6.4;1.0;0.0
15;2021-02-11;132;211;0;9271;1663;0;6.5;1.2;0.0
15;2021-02-12;141;164;0;9412;1827;0;6.6;1.3;0.0
15;2021-02-13;91;74;0;9503;1901;0;6.7;1.3;0.0
15;2021-02-14;0;0;0;9503;1901;0;6.7;1.3;0.0
15;2021-02-15;62;216;0;9565;2117;0;6.7;1.5;0.0
15;2021-02-16;54;278;0;9619;2395;0;6.7;1.7;0.0
15;2021-02-17;130;448;0;9749;2843;0;6.8;2.0;0.0
15;2021-02-18;105;738;0;9854;3581;0;6.9;2.5;0.0
15;2021-02-19;101;421;0;9955;4002;0;7.0;2.8;0.0
15;2021-02-20;19;242;0;9974;4244;0;7.0;3.0;0.0
15;2021-02-21;0;1;0;9974;4245;0;7.0;3.0;0.0
15;2021-02-22;25;486;0;9999;4731;0;7.0;3.3;0.0
15;2021-02-23;181;448;0;10180;5179;0;7.1;3.6;0.0
15;2021-02-24;48;426;0;10228;5605;0;7.2;3.9;0.0
15;2021-02-25;220;950;0;10448;6555;0;7.3;4.6;0.0
15;2021-02-26;176;446;0;10624;7001;0;7.4;4.9;0.0
15;2021-02-27;123;81;0;10747;7082;0;7.5;5.0;0.0
15;2021-02-28;1;0;0;10748;7082;0;7.5;5.0;0.0
15;2021-03-01;112;214;0;10860;7296;0;7.6;5.1;0.0
15;2021-03-02;249;300;0;11109;7596;0;7.8;5.3;0.0
15;2021-03-03;237;37;0;11346;7633;0;7.9;5.3;0.0
15;2021-03-04;253;265;0;11599;7898;0;8.1;5.5;0.0
15;2021-03-05;348;163;0;11947;8061;0;8.4;5.6;0.0
15;2021-03-06;669;14;0;12616;8075;0;8.8;5.7;0.0
15;2021-03-07;98;3;0;12714;8078;0;8.9;5.7;0.0
15;2021-03-08;102;107;0;12816;8185;0;9.0;5.7;0.0
15;2021-03-09;293;283;0;13109;8468;0;9.2;5.9;0.0
15;2021-03-10;455;174;0;13564;8642;0;9.5;6.1;0.0
15;2021-03-11;417;307;0;13981;8949;0;9.8;6.3;0.0
15;2021-03-12;536;102;0;14517;9051;0;10.2;6.3;0.0
15;2021-03-13;354;9;0;14871;9060;0;10.4;6.3;0.0
15;2021-03-14;18;1;0;14889;9061;0;10.4;6.3;0.0
15;2021-03-15;557;60;0;15446;9121;0;10.8;6.4;0.0
15;2021-03-16;333;31;0;15779;9152;0;11.0;6.4;0.0
15;2021-03-17;204;42;0;15983;9194;0;11.2;6.4;0.0
15;2021-03-18;245;113;0;16228;9307;0;11.4;6.5;0.0
15;2021-03-19;698;48;0;16926;9355;0;11.9;6.6;0.0
15;2021-03-20;140;34;0;17066;9389;0;12.0;6.6;0.0
15;2021-03-21;7;0;0;17073;9389;0;12.0;6.6;0.0
15;2021-03-22;591;79;0;17664;9468;0;12.4;6.6;0.0
15;2021-03-23;774;100;0;18438;9568;0;12.9;6.7;0.0
15;2021-03-24;923;44;0;19361;9612;0;13.6;6.7;0.0
15;2021-03-25;1245;50;0;20606;9662;0;14.4;6.8;0.0
15;2021-03-26;1003;66;0;21609;9728;0;15.1;6.8;0.0
15;2021-03-27;311;8;0;21920;9736;0;15.3;6.8;0.0
15;2021-03-28;25;0;0;21945;9736;0;15.4;6.8;0.0
15;2021-03-29;734;24;0;22679;9760;0;15.9;6.8;0.0
15;2021-03-30;1097;191;0;23776;9951;0;16.6;7.0;0.0
15;2021-03-31;946;41;0;24722;9992;0;17.3;7.0;0.0
15;2021-04-01;1202;104;0;25924;10096;0;18.2;7.1;0.0
15;2021-04-02;1083;71;0;27007;10167;0;18.9;7.1;0.0
15;2021-04-03;133;24;0;27140;10191;0;19.0;7.1;0.0
15;2021-04-04;4;0;0;27144;10191;0;19.0;7.1;0.0
15;2021-04-05;37;2;0;27181;10193;0;19.0;7.1;0.0
15;2021-04-06;783;102;0;27964;10295;0;19.6;7.2;0.0
15;2021-04-07;679;104;0;28643;10399;0;20.1;7.3;0.0
15;2021-04-08;1135;187;0;29778;10586;0;20.9;7.4;0.0
15;2021-04-09;1171;126;0;30949;10712;0;21.7;7.5;0.0
15;2021-04-10;342;41;0;31291;10753;0;21.9;7.5;0.0
15;2021-04-11;35;2;0;31326;10755;0;21.9;7.5;0.0
15;2021-04-12;611;461;0;31937;11216;0;22.4;7.9;0.0
15;2021-04-13;1087;334;0;33024;11550;0;23.1;8.1;0.0
15;2021-04-14;1012;238;0;34036;11788;0;23.8;8.3;0.0
15;2021-04-15;1123;343;0;35159;12131;0;24.6;8.5;0.0
15;2021-04-16;977;563;0;36136;12694;0;25.3;8.9;0.0
15;2021-04-17;414;23;0;36550;12717;0;25.6;8.9;0.0
15;2021-04-18;11;12;0;36561;12729;0;25.6;8.9;0.0
15;2021-04-19;527;529;0;37088;13258;0;26.0;9.3;0.0
15;2021-04-20;799;618;0;37887;13876;0;26.5;9.7;0.0
15;2021-04-21;608;599;0;38495;14475;0;27.0;10.1;0.0
15;2021-04-22;674;789;0;39169;15264;0;27.4;10.7;0.0
15;2021-04-23;718;649;0;39887;15913;0;27.9;11.1;0.0
15;2021-04-24;376;138;0;40263;16051;0;28.2;11.2;0.0
15;2021-04-25;9;9;0;40272;16060;0;28.2;11.2;0.0
15;2021-04-26;328;601;0;40600;16661;0;28.4;11.7;0.0
15;2021-04-27;489;873;0;41089;17534;0;28.8;12.3;0.0
15;2021-04-28;430;755;0;41519;18289;0;29.1;12.8;0.0
15;2021-04-29;647;999;0;42166;19288;0;29.5;13.5;0.0
15;2021-04-30;556;1029;0;42722;20317;0;29.9;14.2;0.0
15;2021-05-01;324;35;0;43046;20352;0;30.1;14.3;0.0
15;2021-05-02;38;5;0;43084;20357;0;30.2;14.3;0.0
15;2021-05-03;850;320;0;43934;20677;0;30.8;14.5;0.0
15;2021-05-04;789;792;0;44723;21469;0;31.3;15.0;0.0
15;2021-05-05;701;654;0;45424;22123;0;31.8;15.5;0.0
15;2021-05-06;857;913;0;46281;23036;0;32.4;16.1;0.0
15;2021-05-07;1115;841;0;47396;23877;0;33.2;16.7;0.0
15;2021-05-08;506;68;0;47902;23945;0;33.5;16.8;0.0
15;2021-05-09;45;25;0;47947;23970;0;33.6;16.8;0.0
15;2021-05-10;627;844;0;48574;24814;0;34.0;17.4;0.0
15;2021-05-11;1111;1140;0;49685;25954;0;34.8;18.2;0.0
15;2021-05-12;1078;813;0;50763;26767;0;35.5;18.7;0.0
15;2021-05-13;1082;398;0;51845;27165;0;36.3;19.0;0.0
15;2021-05-14;1423;561;0;53268;27726;0;37.3;19.4;0.0
15;2021-05-15;1294;396;0;54562;28122;0;38.2;19.7;0.0
15;2021-05-16;23;15;0;54585;28137;0;38.2;19.7;0.0
15;2021-05-17;1031;579;0;55616;28716;0;38.9;20.1;0.0
15;2021-05-18;1213;884;0;56829;29600;0;39.8;20.7;0.0
15;2021-05-19;1050;455;0;57879;30055;0;40.5;21.0;0.0
15;2021-05-20;1230;756;0;59109;30811;0;41.4;21.6;0.0
15;2021-05-21;1322;701;0;60431;31512;0;42.3;22.1;0.0
15;2021-05-22;509;183;0;60940;31695;0;42.7;22.2;0.0
15;2021-05-23;26;19;0;60966;31714;0;42.7;22.2;0.0
15;2021-05-24;671;241;0;61637;31955;0;43.2;22.4;0.0
15;2021-05-25;1124;601;0;62761;32556;0;43.9;22.8;0.0
15;2021-05-26;1094;478;0;63855;33034;0;44.7;23.1;0.0
15;2021-05-27;1269;690;0;65124;33724;0;45.6;23.6;0.0
15;2021-05-28;1468;893;0;66592;34617;0;46.6;24.2;0.0
15;2021-05-29;930;355;0;67522;34972;0;47.3;24.5;0.0
15;2021-05-30;55;34;0;67577;35006;0;47.3;24.5;0.0
15;2021-05-31;1156;488;0;68733;35494;0;48.1;24.9;0.0
15;2021-06-01;1333;580;0;70066;36074;0;49.1;25.3;0.0
15;2021-06-02;858;431;0;70924;36505;0;49.7;25.6;0.0
15;2021-06-03;904;733;0;71828;37238;0;50.3;26.1;0.0
15;2021-06-04;1047;725;0;72875;37963;0;51.0;26.6;0.0
15;2021-06-05;638;268;0;73513;38231;0;51.5;26.8;0.0
15;2021-06-06;35;32;0;73548;38263;0;51.5;26.8;0.0
15;2021-06-07;749;375;0;74297;38638;0;52.0;27.1;0.0
15;2021-06-08;491;418;0;74788;39056;0;52.4;27.3;0.0
15;2021-06-09;441;411;0;75229;39467;0;52.7;27.6;0.0
15;2021-06-10;309;519;0;75538;39986;0;52.9;28.0;0.0
15;2021-06-11;609;1079;0;76147;41065;0;53.3;28.8;0.0
15;2021-06-12;373;486;0;76520;41551;0;53.6;29.1;0.0
15;2021-06-13;26;25;0;76546;41576;0;53.6;29.1;0.0
15;2021-06-14;517;930;0;77063;42506;0;54.0;29.8;0.0
15;2021-06-15;438;1142;0;77501;43648;0;54.3;30.6;0.0
15;2021-06-16;605;900;0;78106;44548;0;54.7;31.2;0.0
15;2021-06-17;305;972;0;78411;45520;0;54.9;31.9;0.0
15;2021-06-18;733;1182;0;79144;46702;0;55.4;32.7;0.0
15;2021-06-19;502;698;0;79646;47400;0;55.8;33.2;0.0
15;2021-06-20;23;18;0;79669;47418;0;55.8;33.2;0.0
15;2021-06-21;280;983;0;79949;48401;0;56.0;33.9;0.0
15;2021-06-22;237;1385;0;80186;49786;0;56.1;34.9;0.0
15;2021-06-23;359;1401;0;80545;51187;0;56.4;35.8;0.0
15;2021-06-24;295;1105;0;80840;52292;0;56.6;36.6;0.0
15;2021-06-25;369;1566;0;81209;53858;0;56.9;37.7;0.0
15;2021-06-26;163;879;0;81372;54737;0;57.0;38.3;0.0
15;2021-06-27;6;27;0;81378;54764;0;57.0;38.3;0.0
15;2021-06-28;188;1236;0;81566;56000;0;57.1;39.2;0.0
15;2021-06-29;280;1224;0;81846;57224;0;57.3;40.1;0.0
15;2021-06-30;300;1017;0;82146;58241;0;57.5;40.8;0.0
15;2021-07-01;373;1205;0;82519;59446;0;57.8;41.6;0.0
15;2021-07-02;397;1331;0;82916;60777;0;58.1;42.6;0.0
15;2021-07-03;240;690;0;83156;61467;0;58.2;43.0;0.0
15;2021-07-04;4;21;0;83160;61488;0;58.2;43.1;0.0
15;2021-07-05;227;1214;0;83387;62702;0;58.4;43.9;0.0
15;2021-07-06;243;1436;0;83630;64138;0;58.6;44.9;0.0
15;2021-07-07;277;1311;0;83907;65449;0;58.8;45.8;0.0
15;2021-07-08;459;1327;0;84366;66776;0;59.1;46.8;0.0
15;2021-07-09;459;1707;0;84825;68483;0;59.4;48.0;0.0
15;2021-07-10;216;871;1;85041;69354;1;59.5;48.6;0.0
15;2021-07-11;9;27;0;85050;69381;1;59.6;48.6;0.0
15;2021-07-12;246;1422;0;85296;70803;1;59.7;49.6;0.0
15;2021-07-13;565;1655;0;85861;72458;1;60.1;50.7;0.0
15;2021-07-14;47;132;0;85908;72590;1;60.2;50.8;0.0
15;2021-07-15;1048;750;0;86956;73340;1;60.9;51.4;0.0
15;2021-07-16;1060;1224;0;88016;74564;1;61.6;52.2;0.0
15;2021-07-17;753;898;0;88769;75462;1;62.2;52.8;0.0
15;2021-07-18;37;18;0;88806;75480;1;62.2;52.9;0.0
15;2021-07-19;973;1157;0;89779;76637;1;62.9;53.7;0.0
15;2021-07-20;1409;553;0;91188;77190;1;63.9;54.1;0.0
15;2021-07-21;1050;595;0;92238;77785;1;64.6;54.5;0.0
15;2021-07-22;817;528;0;93055;78313;1;65.2;54.8;0.0
15;2021-07-23;1221;1014;0;94276;79327;1;66.0;55.5;0.0
15;2021-07-24;616;734;0;94892;80061;1;66.4;56.1;0.0
15;2021-07-25;25;43;0;94917;80104;1;66.5;56.1;0.0
15;2021-07-26;1063;490;0;95980;80594;1;67.2;56.4;0.0
15;2021-07-27;1427;532;0;97407;81126;1;68.2;56.8;0.0
15;2021-07-28;1090;531;0;98497;81657;1;69.0;57.2;0.0
15;2021-07-29;791;433;0;99288;82090;1;69.5;57.5;0.0
15;2021-07-30;912;1029;0;100200;83119;1;70.2;58.2;0.0
15;2021-07-31;563;597;0;100763;83716;1;70.6;58.6;0.0
15;2021-08-01;42;24;0;100805;83740;1;70.6;58.6;0.0
15;2021-08-02;933;487;0;101738;84227;1;71.2;59.0;0.0
15;2021-08-03;983;360;0;102721;84587;1;71.9;59.2;0.0
15;2021-08-04;771;383;0;103492;84970;1;72.5;59.5;0.0
15;2021-08-05;441;311;0;103933;85281;1;72.8;59.7;0.0
15;2021-08-06;750;1131;0;104683;86412;1;73.3;60.5;0.0
15;2021-08-07;249;1064;0;104932;87476;1;73.5;61.3;0.0
15;2021-08-08;9;19;0;104941;87495;1;73.5;61.3;0.0
15;2021-08-09;462;1005;0;105403;88500;1;73.8;62.0;0.0
15;2021-08-10;382;652;0;105785;89152;1;74.1;62.4;0.0
15;2021-08-11;431;872;0;106216;90024;1;74.4;63.0;0.0
15;2021-08-12;488;1097;0;106704;91121;1;74.7;63.8;0.0
15;2021-08-13;610;1002;0;107314;92123;1;75.1;64.5;0.0
15;2021-08-14;170;538;0;107484;92661;1;75.3;64.9;0.0
15;2021-08-15;32;30;0;107516;92691;1;75.3;64.9;0.0
15;2021-08-16;359;981;0;107875;93672;1;75.5;65.6;0.0
15;2021-08-17;366;1017;0;108241;94689;1;75.8;66.3;0.0
15;2021-08-18;392;747;0;108633;95436;1;76.1;66.8;0.0
15;2021-08-19;277;834;0;108910;96270;1;76.3;67.4;0.0
15;2021-08-20;518;1101;0;109428;97371;1;76.6;68.2;0.0
15;2021-08-21;190;766;0;109618;98137;1;76.8;68.7;0.0
15;2021-08-22;17;39;0;109635;98176;1;76.8;68.7;0.0
15;2021-08-23;214;570;0;109849;98746;1;76.9;69.1;0.0
15;2021-08-24;226;534;0;110075;99280;1;77.1;69.5;0.0
15;2021-08-25;200;511;0;110275;99791;1;77.2;69.9;0.0
15;2021-08-26;139;455;0;110414;100246;1;77.3;70.2;0.0
15;2021-08-27;324;1230;0;110738;101476;1;77.5;71.1;0.0
15;2021-08-28;192;806;0;110930;102282;1;77.7;71.6;0.0
15;2021-08-29;14;22;0;110944;102304;1;77.7;71.6;0.0
15;2021-08-30;202;981;3;111146;103285;4;77.8;72.3;0.0
15;2021-08-31;358;651;18;111504;103936;22;78.1;72.8;0.0
15;2021-09-01;183;420;42;111687;104356;64;78.2;73.1;0.0
15;2021-09-02;104;308;36;111791;104664;100;78.3;73.3;0.1
15;2021-09-03;187;815;117;111978;105479;217;78.4;73.9;0.2
15;2021-09-04;148;332;66;112126;105811;283;78.5;74.1;0.2
15;2021-09-05;4;20;1;112130;105831;284;78.5;74.1;0.2
15;2021-09-06;104;320;170;112234;106151;454;78.6;74.3;0.3
15;2021-09-07;106;204;68;112340;106355;522;78.7;74.5;0.4
15;2021-09-08;200;416;186;112540;106771;708;78.8;74.8;0.5
15;2021-09-09;111;366;84;112651;107137;792;78.9;75.0;0.6
15;2021-09-10;212;672;238;112863;107809;1030;79.0;75.5;0.7
15;2021-09-11;92;276;68;112955;108085;1098;79.1;75.7;0.8
15;2021-09-12;4;9;1;112959;108094;1099;79.1;75.7;0.8
15;2021-09-13;93;253;150;113052;108347;1249;79.2;75.9;0.9
15;2021-09-14;127;124;138;113179;108471;1387;79.3;76.0;1.0
15;2021-09-15;74;244;109;113253;108715;1496;79.3;76.1;1.0
15;2021-09-16;45;136;188;113298;108851;1684;79.3;76.2;1.2
15;2021-09-17;238;550;271;113536;109401;1955;79.5;76.6;1.4
15;2021-09-18;71;334;75;113607;109735;2030;79.6;76.8;1.4
15;2021-09-19;2;7;1;113609;109742;2031;79.6;76.8;1.4
15;2021-09-20;103;205;207;113712;109947;2238;79.6;77.0;1.6
15;2021-09-21;41;110;135;113753;110057;2373;79.7;77.1;1.7
15;2021-09-22;79;312;212;113832;110369;2585;79.7;77.3;1.8
15;2021-09-23;41;109;162;113873;110478;2747;79.7;77.4;1.9
15;2021-09-24;128;311;300;114001;110789;3047;79.8;77.6;2.1
15;2021-09-25;38;208;66;114039;110997;3113;79.9;77.7;2.2
15;2021-09-26;2;5;0;114041;111002;3113;79.9;77.7;2.2
15;2021-09-27;84;134;173;114125;111136;3286;79.9;77.8;2.3
15;2021-09-28;79;131;82;114204;111267;3368;80.0;77.9;2.4
15;2021-09-29;67;206;210;114271;111473;3578;80.0;78.1;2.5
15;2021-09-30;31;93;109;114302;111566;3687;80.0;78.1;2.6
15;2021-10-01;113;205;224;114415;111771;3911;80.1;78.3;2.7
15;2021-10-02;29;138;58;114444;111909;3969;80.1;78.4;2.8
15;2021-10-03;0;2;0;114444;111911;3969;80.1;78.4;2.8
15;2021-10-04;54;61;144;114498;111972;4113;80.2;78.4;2.9
15;2021-10-05;32;64;164;114530;112036;4277;80.2;78.5;3.0
15;2021-10-06;71;117;200;114601;112153;4477;80.2;78.5;3.1
15;2021-10-07;40;88;146;114641;112241;4623;80.3;78.6;3.2
15;2021-10-08;52;148;133;114693;112389;4756;80.3;78.7;3.3
15;2021-10-09;53;101;87;114746;112490;4843;80.3;78.8;3.4
15;2021-10-10;1;6;6;114747;112496;4849;80.3;78.8;3.4
15;2021-10-11;48;148;168;114795;112644;5017;80.4;78.9;3.5
15;2021-10-12;37;56;138;114832;112700;5155;80.4;78.9;3.6
15;2021-10-13;74;160;221;114906;112860;5376;80.5;79.0;3.8
15;2021-10-14;25;26;84;114931;112886;5460;80.5;79.0;3.8
15;2021-10-15;61;109;224;114992;112995;5684;80.5;79.1;4.0
15;2021-10-16;47;97;85;115039;113092;5769;80.6;79.2;4.0
15;2021-10-17;1;2;0;115040;113094;5769;80.6;79.2;4.0
15;2021-10-18;44;110;229;115084;113204;5998;80.6;79.3;4.2
15;2021-10-19;23;62;216;115107;113266;6214;80.6;79.3;4.4
15;2021-10-20;28;76;323;115135;113342;6537;80.6;79.4;4.6
15;2021-10-21;28;40;201;115163;113382;6738;80.6;79.4;4.7
15;2021-10-22;16;68;191;115179;113450;6929;80.7;79.4;4.9
15;2021-10-23;15;70;171;115194;113520;7100;80.7;79.5;5.0
15;2021-10-24;0;0;10;115194;113520;7110;80.7;79.5;5.0
15;2021-10-25;28;55;205;115222;113575;7315;80.7;79.5;5.1
15;2021-10-26;15;35;177;115237;113610;7492;80.7;79.6;5.2
15;2021-10-27;31;81;441;115268;113691;7933;80.7;79.6;5.6
15;2021-10-28;14;10;88;115282;113701;8021;80.7;79.6;5.6
15;2021-10-29;18;57;160;115300;113758;8181;80.7;79.7;5.7
15;2021-10-30;13;49;227;115313;113807;8408;80.7;79.7;5.9
15;2021-10-31;1;1;4;115314;113808;8412;80.7;79.7;5.9
15;2021-11-01;0;1;2;115314;113809;8414;80.7;79.7;5.9
15;2021-11-02;18;56;262;115332;113865;8676;80.8;79.7;6.1
15;2021-11-03;40;86;463;115372;113951;9139;80.8;79.8;6.4
15;2021-11-04;39;40;382;115411;113991;9521;80.8;79.8;6.7
15;2021-11-05;20;30;242;115431;114021;9763;80.8;79.8;6.8
15;2021-11-06;19;42;202;115450;114063;9965;80.8;79.9;7.0
15;2021-11-07;0;0;10;115450;114063;9975;80.8;79.9;7.0
15;2021-11-08;36;95;533;115486;114158;10508;80.9;79.9;7.4
15;2021-11-09;16;32;387;115502;114190;10895;80.9;80.0;7.6
15;2021-11-10;32;43;774;115534;114233;11669;80.9;80.0;8.2
15;2021-11-11;0;6;16;115534;114239;11685;80.9;80.0;8.2
15;2021-11-12;13;29;284;115547;114268;11969;80.9;80.0;8.4
15;2021-11-13;29;36;348;115576;114304;12317;80.9;80.0;8.6
15;2021-11-14;0;3;13;115576;114307;12330;80.9;80.0;8.6
15;2021-11-15;14;20;446;115590;114327;12776;80.9;80.1;8.9
15;2021-11-16;22;23;800;115612;114350;13576;81.0;80.1;9.5
15;2021-11-17;43;44;859;115655;114394;14435;81.0;80.1;10.1
15;2021-11-18;27;36;700;115682;114430;15135;81.0;80.1;10.6
15;2021-11-19;23;29;405;115705;114459;15540;81.0;80.1;10.9
15;2021-11-20;27;23;527;115732;114482;16067;81.0;80.2;11.3
15;2021-11-21;0;1;15;115732;114483;16082;81.0;80.2;11.3
15;2021-11-22;17;21;537;115749;114504;16619;81.1;80.2;11.6
15;2021-11-23;23;25;579;115772;114529;17198;81.1;80.2;12.0
15;2021-11-24;47;43;1035;115819;114572;18233;81.1;80.2;12.8
15;2021-11-25;28;14;531;115847;114586;18764;81.1;80.2;13.1
15;2021-11-26;31;26;827;115878;114612;19591;81.1;80.3;13.7
15;2021-11-27;51;35;1172;115929;114647;20763;81.2;80.3;14.5
15;2021-11-28;3;1;54;115932;114648;20817;81.2;80.3;14.6
15;2021-11-29;24;22;826;115956;114670;21643;81.2;80.3;15.2
15;2021-11-30;24;23;1003;115980;114693;22646;81.2;80.3;15.9
15;2021-12-01;24;46;1908;116004;114739;24554;81.2;80.3;17.2
15;2021-12-02;26;28;1200;116030;114767;25754;81.2;80.4;18.0
15;2021-12-03;30;29;950;116060;114796;26704;81.3;80.4;18.7
15;2021-12-04;18;28;1291;116078;114824;27995;81.3;80.4;19.6
15;2021-12-05;4;0;77;116082;114824;28072;81.3;80.4;19.7
15;2021-12-06;22;37;2140;116104;114861;30212;81.3;80.4;21.2
15;2021-12-07;20;19;1405;116124;114880;31617;81.3;80.4;22.1
15;2021-12-08;27;53;2062;116151;114933;33679;81.3;80.5;23.6
15;2021-12-09;20;20;1219;116171;114953;34898;81.3;80.5;24.4
15;2021-12-10;49;27;1807;116220;114980;36705;81.4;80.5;25.7
15;2021-12-11;25;28;1455;116245;115008;38160;81.4;80.5;26.7
15;2021-12-12;3;3;92;116248;115011;38252;81.4;80.5;26.8
15;2021-12-13;32;17;2317;116280;115028;40569;81.4;80.5;28.4
15;2021-12-14;37;22;2021;116317;115050;42590;81.4;80.6;29.8
15;2021-12-15;36;56;2347;116353;115106;44937;81.5;80.6;31.5
15;2021-12-16;29;39;1774;116382;115145;46711;81.5;80.6;32.7
15;2021-12-17;32;27;1957;116414;115172;48668;81.5;80.6;34.1
15;2021-12-18;30;54;1692;116444;115226;50360;81.5;80.7;35.3
15;2021-12-19;0;1;71;116444;115227;50431;81.5;80.7;35.3
15;2021-12-20;39;52;2275;116483;115279;52706;81.6;80.7;36.9
15;2021-12-21;62;36;2069;116545;115315;54775;81.6;80.7;38.4
15;2021-12-22;47;41;1706;116592;115356;56481;81.6;80.8;39.5
15;2021-12-23;29;18;879;116621;115374;57360;81.7;80.8;40.2
15;2021-12-24;6;3;167;116627;115377;57527;81.7;80.8;40.3
15;2021-12-25;1;1;19;116628;115378;57546;81.7;80.8;40.3
15;2021-12-26;0;2;28;116628;115380;57574;81.7;80.8;40.3
15;2021-12-27;47;27;1123;116675;115407;58697;81.7;80.8;41.1
15;2021-12-28;52;29;1694;116727;115436;60391;81.7;80.8;42.3
16;2020-12-27;0;0;0;0;0;0;0.0;0.0;0.0
16;2020-12-28;0;0;0;0;0;0;0.0;0.0;0.0
16;2020-12-29;0;0;0;0;0;0;0.0;0.0;0.0
16;2020-12-30;1;0;0;1;0;0;0.0;0.0;0.0
16;2020-12-31;0;0;0;1;0;0;0.0;0.0;0.0
16;2021-01-01;0;0;0;1;0;0;0.0;0.0;0.0
16;2021-01-02;0;0;0;1;0;0;0.0;0.0;0.0
16;2021-01-03;0;0;0;1;0;0;0.0;0.0;0.0
16;2021-01-04;2;0;0;3;0;0;0.0;0.0;0.0
16;2021-01-05;10;0;0;13;0;0;0.0;0.0;0.0
16;2021-01-06;81;0;0;94;0;0;0.0;0.0;0.0
16;2021-01-07;237;0;0;331;0;0;0.1;0.0;0.0
16;2021-01-08;428;2;0;759;2;0;0.2;0.0;0.0
16;2021-01-09;2;0;0;761;2;0;0.2;0.0;0.0
16;2021-01-10;2;0;0;763;2;0;0.2;0.0;0.0
16;2021-01-11;299;0;0;1062;2;0;0.3;0.0;0.0
16;2021-01-12;406;1;0;1468;3;0;0.4;0.0;0.0
16;2021-01-13;460;1;0;1928;4;0;0.6;0.0;0.0
16;2021-01-14;576;7;0;2504;11;0;0.7;0.0;0.0
16;2021-01-15;482;4;0;2986;15;0;0.9;0.0;0.0
16;2021-01-16;1;0;0;2987;15;0;0.9;0.0;0.0
16;2021-01-17;0;0;0;2987;15;0;0.9;0.0;0.0
16;2021-01-18;426;5;0;3413;20;0;1.0;0.0;0.0
16;2021-01-19;794;1;0;4207;21;0;1.2;0.0;0.0
16;2021-01-20;1153;2;0;5360;23;0;1.5;0.0;0.0
16;2021-01-21;1337;13;0;6697;36;0;1.9;0.0;0.0
16;2021-01-22;1132;5;0;7829;41;0;2.2;0.0;0.0
16;2021-01-23;173;1;0;8002;42;0;2.3;0.0;0.0
16;2021-01-24;2;0;0;8004;42;0;2.3;0.0;0.0
16;2021-01-25;586;3;0;8590;45;0;2.5;0.0;0.0
16;2021-01-26;935;2;0;9525;47;0;2.7;0.0;0.0
16;2021-01-27;1276;95;0;10801;142;0;3.1;0.0;0.0
16;2021-01-28;1182;72;0;11983;214;0;3.4;0.1;0.0
16;2021-01-29;742;137;0;12725;351;0;3.7;0.1;0.0
16;2021-01-30;41;1;0;12766;352;0;3.7;0.1;0.0
16;2021-01-31;0;1;0;12766;353;0;3.7;0.1;0.0
16;2021-02-01;382;202;0;13148;555;0;3.8;0.2;0.0
16;2021-02-02;555;173;0;13703;728;0;3.9;0.2;0.0
16;2021-02-03;548;318;0;14251;1046;0;4.1;0.3;0.0
16;2021-02-04;491;266;0;14742;1312;0;4.2;0.4;0.0
16;2021-02-05;458;265;0;15200;1577;0;4.4;0.5;0.0
16;2021-02-06;4;74;0;15204;1651;0;4.4;0.5;0.0
16;2021-02-07;37;3;0;15241;1654;0;4.4;0.5;0.0
16;2021-02-08;361;232;0;15602;1886;0;4.5;0.5;0.0
16;2021-02-09;641;371;0;16243;2257;0;4.7;0.6;0.0
16;2021-02-10;684;704;0;16927;2961;0;4.9;0.9;0.0
16;2021-02-11;795;611;0;17722;3572;0;5.1;1.0;0.0
16;2021-02-12;607;784;0;18329;4356;0;5.3;1.3;0.0
16;2021-02-13;44;65;0;18373;4421;0;5.3;1.3;0.0
16;2021-02-14;0;6;0;18373;4427;0;5.3;1.3;0.0
16;2021-02-15;211;642;0;18584;5069;0;5.3;1.5;0.0
16;2021-02-16;367;933;0;18951;6002;0;5.4;1.7;0.0
16;2021-02-17;323;1179;0;19274;7181;0;5.5;2.1;0.0
16;2021-02-18;480;1147;0;19754;8328;0;5.7;2.4;0.0
16;2021-02-19;377;794;0;20131;9122;0;5.8;2.6;0.0
16;2021-02-20;3;12;0;20134;9134;0;5.8;2.6;0.0
16;2021-02-21;3;0;0;20137;9134;0;5.8;2.6;0.0
16;2021-02-22;149;509;0;20286;9643;0;5.8;2.8;0.0
16;2021-02-23;214;888;0;20500;10531;0;5.9;3.0;0.0
16;2021-02-24;252;795;0;20752;11326;0;6.0;3.3;0.0
16;2021-02-25;403;675;0;21155;12001;0;6.1;3.4;0.0
16;2021-02-26;470;480;0;21625;12481;0;6.2;3.6;0.0
16;2021-02-27;239;4;0;21864;12485;0;6.3;3.6;0.0
16;2021-02-28;5;4;0;21869;12489;0;6.3;3.6;0.0
16;2021-03-01;156;326;0;22025;12815;0;6.3;3.7;0.0
16;2021-03-02;258;634;0;22283;13449;0;6.4;3.9;0.0
16;2021-03-03;392;681;0;22675;14130;0;6.5;4.1;0.0
16;2021-03-04;826;560;0;23501;14690;0;6.7;4.2;0.0
16;2021-03-05;1118;544;0;24619;15234;0;7.1;4.4;0.0
16;2021-03-06;699;8;0;25318;15242;0;7.3;4.4;0.0
16;2021-03-07;110;19;0;25428;15261;0;7.3;4.4;0.0
16;2021-03-08;431;319;0;25859;15580;0;7.4;4.5;0.0
16;2021-03-09;790;693;0;26649;16273;0;7.7;4.7;0.0
16;2021-03-10;615;628;0;27264;16901;0;7.8;4.9;0.0
16;2021-03-11;1425;506;0;28689;17407;0;8.2;5.0;0.0
16;2021-03-12;1174;454;0;29863;17861;0;8.6;5.1;0.0
16;2021-03-13;718;13;0;30581;17874;0;8.8;5.1;0.0
16;2021-03-14;5;0;0;30586;17874;0;8.8;5.1;0.0
16;2021-03-15;483;178;0;31069;18052;0;8.9;5.2;0.0
16;2021-03-16;830;407;0;31899;18459;0;9.2;5.3;0.0
16;2021-03-17;585;251;0;32484;18710;0;9.3;5.4;0.0
16;2021-03-18;986;285;0;33470;18995;0;9.6;5.5;0.0
16;2021-03-19;1080;230;0;34550;19225;0;9.9;5.5;0.0
16;2021-03-20;392;9;0;34942;19234;0;10.0;5.5;0.0
16;2021-03-21;11;0;0;34953;19234;0;10.0;5.5;0.0
16;2021-03-22;762;113;0;35715;19347;0;10.3;5.6;0.0
16;2021-03-23;1417;112;0;37132;19459;0;10.7;5.6;0.0
16;2021-03-24;1144;164;0;38276;19623;0;11.0;5.6;0.0
16;2021-03-25;2031;97;0;40307;19720;0;11.6;5.7;0.0
16;2021-03-26;1926;105;0;42233;19825;0;12.1;5.7;0.0
16;2021-03-27;437;23;0;42670;19848;0;12.3;5.7;0.0
16;2021-03-28;1;0;0;42671;19848;0;12.3;5.7;0.0
16;2021-03-29;931;65;0;43602;19913;0;12.5;5.7;0.0
16;2021-03-30;1867;184;0;45469;20097;0;13.1;5.8;0.0
16;2021-03-31;1507;137;0;46976;20234;0;13.5;5.8;0.0
16;2021-04-01;1927;409;0;48903;20643;0;14.0;5.9;0.0
16;2021-04-02;1431;365;0;50334;21008;0;14.5;6.0;0.0
16;2021-04-03;284;7;0;50618;21015;0;14.5;6.0;0.0
16;2021-04-04;7;0;0;50625;21015;0;14.5;6.0;0.0
16;2021-04-05;38;1;0;50663;21016;0;14.6;6.0;0.0
16;2021-04-06;1973;561;0;52636;21577;0;15.1;6.2;0.0
16;2021-04-07;1871;402;0;54507;21979;0;15.7;6.3;0.0
16;2021-04-08;2713;577;0;57220;22556;0;16.4;6.5;0.0
16;2021-04-09;2628;519;0;59848;23075;0;17.2;6.6;0.0
16;2021-04-10;1234;41;0;61082;23116;0;17.5;6.6;0.0
16;2021-04-11;24;3;0;61106;23119;0;17.6;6.6;0.0
16;2021-04-12;1351;326;0;62457;23445;0;17.9;6.7;0.0
16;2021-04-13;2072;795;0;64529;24240;0;18.5;7.0;0.0
16;2021-04-14;1925;621;0;66454;24861;0;19.1;7.1;0.0
16;2021-04-15;1999;960;0;68453;25821;0;19.7;7.4;0.0
16;2021-04-16;2002;768;0;70455;26589;0;20.2;7.6;0.0
16;2021-04-17;1392;98;0;71847;26687;0;20.6;7.7;0.0
16;2021-04-18;210;8;0;72057;26695;0;20.7;7.7;0.0
16;2021-04-19;1311;537;0;73368;27232;0;21.1;7.8;0.0
16;2021-04-20;1953;1189;0;75321;28421;0;21.6;8.2;0.0
16;2021-04-21;1678;754;0;76999;29175;0;22.1;8.4;0.0
16;2021-04-22;2126;1010;0;79125;30185;0;22.7;8.7;0.0
16;2021-04-23;2234;1134;0;81359;31319;0;23.4;9.0;0.0
16;2021-04-24;779;55;0;82138;31374;0;23.6;9.0;0.0
16;2021-04-25;122;10;0;82260;31384;0;23.6;9.0;0.0
16;2021-04-26;1292;803;0;83552;32187;0;24.0;9.2;0.0
16;2021-04-27;1998;1372;0;85550;33559;0;24.6;9.6;0.0
16;2021-04-28;1563;1125;0;87113;34684;0;25.0;10.0;0.0
16;2021-04-29;2153;1435;0;89266;36119;0;25.6;10.4;0.0
16;2021-04-30;2692;1305;0;91958;37424;0;26.4;10.7;0.0
16;2021-05-01;387;77;0;92345;37501;0;26.5;10.8;0.0
16;2021-05-02;156;17;0;92501;37518;0;26.6;10.8;0.0
16;2021-05-03;2462;563;0;94963;38081;0;27.3;10.9;0.0
16;2021-05-04;1956;2007;0;96919;40088;0;27.8;11.5;0.0
16;2021-05-05;1644;1750;0;98563;41838;0;28.3;12.0;0.0
16;2021-05-06;1760;2183;0;100323;44021;0;28.8;12.6;0.0
16;2021-05-07;2827;2047;0;103150;46068;0;29.6;13.2;0.0
16;2021-05-08;1071;438;0;104221;46506;0;29.9;13.4;0.0
16;2021-05-09;475;27;0;104696;46533;0;30.1;13.4;0.0
16;2021-05-10;1785;1534;0;106481;48067;0;30.6;13.8;0.0
16;2021-05-11;2275;1905;0;108756;49972;0;31.2;14.4;0.0
16;2021-05-12;1707;1727;0;110463;51699;0;31.7;14.8;0.0
16;2021-05-13;1381;348;0;111844;52047;0;32.1;14.9;0.0
16;2021-05-14;1873;1477;0;113717;53524;0;32.7;15.4;0.0
16;2021-05-15;590;815;0;114307;54339;0;32.8;15.6;0.0
16;2021-05-16;198;32;0;114505;54371;0;32.9;15.6;0.0
16;2021-05-17;1569;1154;0;116074;55525;0;33.3;15.9;0.0
16;2021-05-18;2651;1341;0;118725;56866;0;34.1;16.3;0.0
16;2021-05-19;1969;1166;0;120694;58032;0;34.7;16.7;0.0
16;2021-05-20;2789;1350;0;123483;59382;0;35.5;17.1;0.0
16;2021-05-21;2861;1377;0;126344;60759;0;36.3;17.5;0.0
16;2021-05-22;488;635;0;126832;61394;0;36.4;17.6;0.0
16;2021-05-23;278;15;0;127110;61409;0;36.5;17.6;0.0
16;2021-05-24;1342;223;0;128452;61632;0;36.9;17.7;0.0
16;2021-05-25;2740;1399;0;131192;63031;0;37.7;18.1;0.0
16;2021-05-26;1848;1140;0;133040;64171;0;38.2;18.4;0.0
16;2021-05-27;2469;1560;0;135509;65731;0;38.9;18.9;0.0
16;2021-05-28;2832;1506;0;138341;67237;0;39.7;19.3;0.0
16;2021-05-29;828;867;0;139169;68104;0;40.0;19.6;0.0
16;2021-05-30;98;10;0;139267;68114;0;40.0;19.6;0.0
16;2021-05-31;1965;1096;0;141232;69210;0;40.6;19.9;0.0
16;2021-06-01;2329;1663;0;143561;70873;0;41.2;20.4;0.0
16;2021-06-02;1902;1448;0;145463;72321;0;41.8;20.8;0.0
16;2021-06-03;2681;1763;0;148144;74084;0;42.5;21.3;0.0
16;2021-06-04;2792;1996;0;150936;76080;0;43.3;21.9;0.0
16;2021-06-05;1041;568;0;151977;76648;0;43.6;22.0;0.0
16;2021-06-06;203;34;0;152180;76682;0;43.7;22.0;0.0
16;2021-06-07;1945;1256;0;154125;77938;0;44.3;22.4;0.0
16;2021-06-08;2382;1933;0;156507;79871;0;45.0;22.9;0.0
16;2021-06-09;2501;1572;0;159008;81443;0;45.7;23.4;0.0
16;2021-06-10;2535;1930;0;161543;83373;0;46.4;23.9;0.0
16;2021-06-11;2158;2585;0;163701;85958;0;47.0;24.7;0.0
16;2021-06-12;1544;540;0;165245;86498;0;47.5;24.8;0.0
16;2021-06-13;290;85;0;165535;86583;0;47.5;24.9;0.0
16;2021-06-14;853;2648;0;166388;89231;0;47.8;25.6;0.0
16;2021-06-15;1847;2506;0;168235;91737;0;48.3;26.3;0.0
16;2021-06-16;1615;1960;0;169850;93697;0;48.8;26.9;0.0
16;2021-06-17;2016;2342;0;171866;96039;0;49.4;27.6;0.0
16;2021-06-18;2006;3021;0;173872;99060;0;49.9;28.5;0.0
16;2021-06-19;1279;1228;0;175151;100288;0;50.3;28.8;0.0
16;2021-06-20;254;66;0;175405;100354;0;50.4;28.8;0.0
16;2021-06-21;1370;2080;0;176775;102434;0;50.8;29.4;0.0
16;2021-06-22;1660;2863;0;178435;105297;0;51.2;30.2;0.0
16;2021-06-23;1507;2021;0;179942;107318;0;51.7;30.8;0.0
16;2021-06-24;1918;2139;0;181860;109457;0;52.2;31.4;0.0
16;2021-06-25;1898;2599;0;183758;112056;0;52.8;32.2;0.0
16;2021-06-26;1007;762;0;184765;112818;0;53.1;32.4;0.0
16;2021-06-27;146;101;0;184911;112919;0;53.1;32.4;0.0
16;2021-06-28;1113;1960;0;186024;114879;0;53.4;33.0;0.0
16;2021-06-29;1195;3346;0;187219;118225;0;53.8;34.0;0.0
16;2021-06-30;1301;2667;0;188520;120892;0;54.1;34.7;0.0
16;2021-07-01;1814;3081;0;190334;123973;0;54.7;35.6;0.0
16;2021-07-02;1375;3527;0;191709;127500;0;55.1;36.6;0.0
16;2021-07-03;647;1126;0;192356;128626;0;55.2;36.9;0.0
16;2021-07-04;27;95;0;192383;128721;0;55.3;37.0;0.0
16;2021-07-05;805;2328;0;193188;131049;0;55.5;37.6;0.0
16;2021-07-06;1238;3325;0;194426;134374;0;55.8;38.6;0.0
16;2021-07-07;861;2335;0;195287;136709;0;56.1;39.3;0.0
16;2021-07-08;1193;2734;0;196480;139443;0;56.4;40.0;0.0
16;2021-07-09;1137;3598;0;197617;143041;0;56.8;41.1;0.0
16;2021-07-10;347;1345;0;197964;144386;0;56.9;41.5;0.0
16;2021-07-11;32;86;0;197996;144472;0;56.9;41.5;0.0
16;2021-07-12;658;2472;0;198654;146944;0;57.1;42.2;0.0
16;2021-07-13;1361;3487;0;200015;150431;0;57.4;43.2;0.0
16;2021-07-14;814;902;0;200829;151333;0;57.7;43.5;0.0
16;2021-07-15;1295;3367;0;202124;154700;0;58.1;44.4;0.0
16;2021-07-16;1559;3365;0;203683;158065;0;58.5;45.4;0.0
16;2021-07-17;614;1234;0;204297;159299;0;58.7;45.8;0.0
16;2021-07-18;60;73;0;204357;159372;0;58.7;45.8;0.0
16;2021-07-19;719;2819;0;205076;162191;0;58.9;46.6;0.0
16;2021-07-20;1256;3216;0;206332;165407;0;59.3;47.5;0.0
16;2021-07-21;1272;2637;0;207604;168044;0;59.6;48.3;0.0
16;2021-07-22;1962;2850;0;209566;170894;0;60.2;49.1;0.0
16;2021-07-23;1638;3464;0;211204;174358;0;60.7;50.1;0.0
16;2021-07-24;735;1215;0;211939;175573;0;60.9;50.4;0.0
16;2021-07-25;103;71;0;212042;175644;0;60.9;50.4;0.0
16;2021-07-26;1612;2131;0;213654;177775;0;61.4;51.1;0.0
16;2021-07-27;2067;2789;0;215721;180564;0;62.0;51.9;0.0
16;2021-07-28;2033;2290;0;217754;182854;0;62.5;52.5;0.0
16;2021-07-29;2448;2416;0;220202;185270;0;63.2;53.2;0.0
16;2021-07-30;2601;3001;0;222803;188271;0;64.0;54.1;0.0
16;2021-07-31;1052;1321;0;223855;189592;0;64.3;54.5;0.0
16;2021-08-01;273;46;0;224128;189638;0;64.4;54.5;0.0
16;2021-08-02;2198;1791;0;226326;191429;0;65.0;55.0;0.0
16;2021-08-03;2294;2277;0;228620;193706;0;65.7;55.6;0.0
16;2021-08-04;2283;1791;0;230903;195497;0;66.3;56.1;0.0
16;2021-08-05;2890;1585;0;233793;197082;0;67.1;56.6;0.0
16;2021-08-06;2616;2306;0;236409;199388;0;67.9;57.3;0.0
16;2021-08-07;885;628;0;237294;200016;0;68.2;57.4;0.0
16;2021-08-08;100;75;0;237394;200091;0;68.2;57.5;0.0
16;2021-08-09;2180;1127;0;239574;201218;0;68.8;57.8;0.0
16;2021-08-10;2860;1550;0;242434;202768;0;69.6;58.2;0.0
16;2021-08-11;2540;1206;0;244974;203974;0;70.4;58.6;0.0
16;2021-08-12;2037;1707;0;247011;205681;0;70.9;59.1;0.0
16;2021-08-13;2488;1424;0;249499;207105;0;71.7;59.5;0.0
16;2021-08-14;769;480;0;250268;207585;0;71.9;59.6;0.0
16;2021-08-15;62;44;0;250330;207629;0;71.9;59.6;0.0
16;2021-08-16;1296;1613;0;251626;209242;0;72.3;60.1;0.0
16;2021-08-17;1640;1685;0;253266;210927;0;72.7;60.6;0.0
16;2021-08-18;1514;1528;0;254780;212455;0;73.2;61.0;0.0
16;2021-08-19;1424;1866;0;256204;214321;0;73.6;61.6;0.0
16;2021-08-20;1452;1973;0;257656;216294;0;74.0;62.1;0.0
16;2021-08-21;525;843;0;258181;217137;0;74.2;62.4;0.0
16;2021-08-22;15;67;0;258196;217204;0;74.2;62.4;0.0
16;2021-08-23;911;2110;0;259107;219314;0;74.4;63.0;0.0
16;2021-08-24;999;2445;0;260106;221759;0;74.7;63.7;0.0
16;2021-08-25;810;1884;0;260916;223643;0;74.9;64.2;0.0
16;2021-08-26;828;2597;0;261744;226240;0;75.2;65.0;0.0
16;2021-08-27;813;2531;0;262557;228771;0;75.4;65.7;0.0
16;2021-08-28;277;847;0;262834;229618;0;75.5;65.9;0.0
16;2021-08-29;15;67;0;262849;229685;0;75.5;66.0;0.0
16;2021-08-30;610;2369;22;263459;232054;22;75.7;66.6;0.0
16;2021-08-31;669;2657;79;264128;234711;101;75.9;67.4;0.0
16;2021-09-01;482;2339;182;264610;237050;283;76.0;68.1;0.1
16;2021-09-02;538;2109;290;265148;239159;573;76.2;68.7;0.2
16;2021-09-03;531;2509;273;265679;241668;846;76.3;69.4;0.2
16;2021-09-04;329;937;56;266008;242605;902;76.4;69.7;0.3
16;2021-09-05;14;55;3;266022;242660;905;76.4;69.7;0.3
16;2021-09-06;287;1400;291;266309;244060;1196;76.5;70.1;0.3
16;2021-09-07;355;1617;319;266664;245677;1515;76.6;70.6;0.4
16;2021-09-08;360;1891;216;267024;247568;1731;76.7;71.1;0.5
16;2021-09-09;335;1478;217;267359;249046;1948;76.8;71.5;0.6
16;2021-09-10;415;1690;319;267774;250736;2267;76.9;72.0;0.7
16;2021-09-11;197;765;69;267971;251501;2336;77.0;72.2;0.7
16;2021-09-12;17;28;1;267988;251529;2337;77.0;72.2;0.7
16;2021-09-13;241;974;348;268229;252503;2685;77.0;72.5;0.8
16;2021-09-14;365;925;650;268594;253428;3335;77.1;72.8;1.0
16;2021-09-15;354;1301;420;268948;254729;3755;77.2;73.2;1.1
16;2021-09-16;319;833;759;269267;255562;4514;77.3;73.4;1.3
16;2021-09-17;471;1254;400;269738;256816;4914;77.5;73.8;1.4
16;2021-09-18;107;511;46;269845;257327;4960;77.5;73.9;1.4
16;2021-09-19;3;17;5;269848;257344;4965;77.5;73.9;1.4
16;2021-09-20;175;635;583;270023;257979;5548;77.6;74.1;1.6
16;2021-09-21;183;663;634;270206;258642;6182;77.6;74.3;1.8
16;2021-09-22;187;923;361;270393;259565;6543;77.7;74.5;1.9
16;2021-09-23;160;518;458;270553;260083;7001;77.7;74.7;2.0
16;2021-09-24;300;974;466;270853;261057;7467;77.8;75.0;2.1
16;2021-09-25;74;424;42;270927;261481;7509;77.8;75.1;2.2
16;2021-09-26;3;10;26;270930;261491;7535;77.8;75.1;2.2
16;2021-09-27;187;540;559;271117;262031;8094;77.9;75.3;2.3
16;2021-09-28;128;509;539;271245;262540;8633;77.9;75.4;2.5
16;2021-09-29;179;556;585;271424;263096;9218;78.0;75.6;2.6
16;2021-09-30;111;455;498;271535;263551;9716;78.0;75.7;2.8
16;2021-10-01;245;481;458;271780;264032;10174;78.1;75.8;2.9
16;2021-10-02;83;308;74;271863;264340;10248;78.1;75.9;2.9
16;2021-10-03;1;12;9;271864;264352;10257;78.1;75.9;2.9
16;2021-10-04;123;323;398;271987;264675;10655;78.1;76.0;3.1
16;2021-10-05;130;357;449;272117;265032;11104;78.2;76.1;3.2
16;2021-10-06;176;482;428;272293;265514;11532;78.2;76.3;3.3
16;2021-10-07;126;311;326;272419;265825;11858;78.2;76.3;3.4
16;2021-10-08;227;624;640;272646;266449;12498;78.3;76.5;3.6
16;2021-10-09;75;167;74;272721;266616;12572;78.3;76.6;3.6
16;2021-10-10;2;13;13;272723;266629;12585;78.3;76.6;3.6
16;2021-10-11;108;247;556;272831;266876;13141;78.4;76.6;3.8
16;2021-10-12;103;229;404;272934;267105;13545;78.4;76.7;3.9
16;2021-10-13;191;324;459;273125;267429;14004;78.4;76.8;4.0
16;2021-10-14;94;182;347;273219;267611;14351;78.5;76.9;4.1
16;2021-10-15;192;397;600;273411;268008;14951;78.5;77.0;4.3
16;2021-10-16;84;107;126;273495;268115;15077;78.5;77.0;4.3
16;2021-10-17;6;6;7;273501;268121;15084;78.6;77.0;4.3
16;2021-10-18;127;268;542;273628;268389;15626;78.6;77.1;4.5
16;2021-10-19;105;145;579;273733;268534;16205;78.6;77.1;4.7
16;2021-10-20;122;214;522;273855;268748;16727;78.7;77.2;4.8
16;2021-10-21;66;138;419;273921;268886;17146;78.7;77.2;4.9
16;2021-10-22;233;323;641;274154;269209;17787;78.7;77.3;5.1
16;2021-10-23;76;106;79;274230;269315;17866;78.8;77.3;5.1
16;2021-10-24;1;4;5;274231;269319;17871;78.8;77.4;5.1
16;2021-10-25;124;170;682;274355;269489;18553;78.8;77.4;5.3
16;2021-10-26;58;124;506;274413;269613;19059;78.8;77.4;5.5
16;2021-10-27;108;159;462;274521;269772;19521;78.8;77.5;5.6
16;2021-10-28;102;124;473;274623;269896;19994;78.9;77.5;5.7
16;2021-10-29;173;222;940;274796;270118;20934;78.9;77.6;6.0
16;2021-10-30;51;86;170;274847;270204;21104;78.9;77.6;6.1
16;2021-10-31;2;5;12;274849;270209;21116;78.9;77.6;6.1
16;2021-11-01;3;3;20;274852;270212;21136;78.9;77.6;6.1
16;2021-11-02;105;149;852;274957;270361;21988;79.0;77.6;6.3
16;2021-11-03;96;142;484;275053;270503;22472;79.0;77.7;6.5
16;2021-11-04;87;114;570;275140;270617;23042;79.0;77.7;6.6
16;2021-11-05;149;197;941;275289;270814;23983;79.1;77.8;6.9
16;2021-11-06;61;80;262;275350;270894;24245;79.1;77.8;7.0
16;2021-11-07;2;10;17;275352;270904;24262;79.1;77.8;7.0
16;2021-11-08;50;119;896;275402;271023;25158;79.1;77.8;7.2
16;2021-11-09;75;112;1008;275477;271135;26166;79.1;77.9;7.5
16;2021-11-10;94;133;971;275571;271268;27137;79.1;77.9;7.8
16;2021-11-11;5;6;27;275576;271274;27164;79.1;77.9;7.8
16;2021-11-12;83;151;1020;275659;271425;28184;79.2;78.0;8.1
16;2021-11-13;38;75;244;275697;271500;28428;79.2;78.0;8.2
16;2021-11-14;0;2;10;275697;271502;28438;79.2;78.0;8.2
16;2021-11-15;48;115;1101;275745;271617;29539;79.2;78.0;8.5
16;2021-11-16;73;102;1052;275818;271719;30591;79.2;78.0;8.8
16;2021-11-17;114;154;1068;275932;271873;31659;79.2;78.1;9.1
16;2021-11-18;79;130;1078;276011;272003;32737;79.3;78.1;9.4
16;2021-11-19;153;227;1468;276164;272230;34205;79.3;78.2;9.8
16;2021-11-20;60;88;483;276224;272318;34688;79.3;78.2;10.0
16;2021-11-21;2;2;34;276226;272320;34722;79.3;78.2;10.0
16;2021-11-22;71;64;1251;276297;272384;35973;79.4;78.2;10.3
16;2021-11-23;100;91;1468;276397;272475;37441;79.4;78.3;10.8
16;2021-11-24;124;123;1436;276521;272598;38877;79.4;78.3;11.2
16;2021-11-25;115;93;1608;276636;272691;40485;79.5;78.3;11.6
16;2021-11-26;143;151;2114;276779;272842;42599;79.5;78.4;12.2
16;2021-11-27;96;121;1715;276875;272963;44314;79.5;78.4;12.7
16;2021-11-28;35;18;1065;276910;272981;45379;79.5;78.4;13.0
16;2021-11-29;77;82;1845;276987;273063;47224;79.6;78.4;13.6
16;2021-11-30;105;97;2557;277092;273160;49781;79.6;78.5;14.3
16;2021-12-01;111;112;2502;277203;273272;52283;79.6;78.5;15.0
16;2021-12-02;102;72;3204;277305;273344;55487;79.6;78.5;15.9
16;2021-12-03;98;120;3188;277403;273464;58675;79.7;78.5;16.9
16;2021-12-04;76;69;1479;277479;273533;60154;79.7;78.6;17.3
16;2021-12-05;6;4;365;277485;273537;60519;79.7;78.6;17.4
16;2021-12-06;61;80;2607;277546;273617;63126;79.7;78.6;18.1
16;2021-12-07;58;80;3209;277604;273697;66335;79.7;78.6;19.1
16;2021-12-08;124;114;3071;277728;273811;69406;79.8;78.6;19.9
16;2021-12-09;103;105;4200;277831;273916;73606;79.8;78.7;21.1
16;2021-12-10;100;145;4327;277931;274061;77933;79.8;78.7;22.4
16;2021-12-11;85;62;2481;278016;274123;80414;79.8;78.7;23.1
16;2021-12-12;34;15;1368;278050;274138;81782;79.9;78.7;23.5
16;2021-12-13;82;98;3448;278132;274236;85230;79.9;78.8;24.5
16;2021-12-14;105;126;4316;278237;274362;89546;79.9;78.8;25.7
16;2021-12-15;113;144;3654;278350;274506;93200;79.9;78.8;26.8
16;2021-12-16;109;109;4592;278459;274615;97792;80.0;78.9;28.1
16;2021-12-17;119;220;4767;278578;274835;102559;80.0;78.9;29.5
16;2021-12-18;106;79;2628;278684;274914;105187;80.0;79.0;30.2
16;2021-12-19;30;18;1054;278714;274932;106241;80.0;79.0;30.5
16;2021-12-20;99;106;3281;278813;275038;109522;80.1;79.0;31.5
16;2021-12-21;119;134;4259;278932;275172;113781;80.1;79.0;32.7
16;2021-12-22;145;113;3199;279077;275285;116980;80.2;79.1;33.6
16;2021-12-23;122;115;2776;279199;275400;119756;80.2;79.1;34.4
16;2021-12-24;40;32;592;279239;275432;120348;80.2;79.1;34.6
16;2021-12-25;2;2;29;279241;275434;120377;80.2;79.1;34.6
16;2021-12-26;12;8;88;279253;275442;120465;80.2;79.1;34.6
16;2021-12-27;82;106;2601;279335;275548;123066;80.2;79.1;35.3
16;2021-12-28;158;142;3758;279493;275690;126824;80.3;79.2;36.4
17;2020-12-27;2;0;0;2;0;0;0.0;0.0;0.0
17;2020-12-28;1;0;0;3;0;0;0.0;0.0;0.0
17;2020-12-29;0;0;0;3;0;0;0.0;0.0;0.0
17;2020-12-30;0;0;0;3;0;0;0.0;0.0;0.0
17;2020-12-31;0;0;0;3;0;0;0.0;0.0;0.0
17;2021-01-01;2;0;0;5;0;0;0.0;0.0;0.0
17;2021-01-02;0;0;0;5;0;0;0.0;0.0;0.0
17;2021-01-03;0;0;0;5;0;0;0.0;0.0;0.0
17;2021-01-04;52;0;0;57;0;0;0.0;0.0;0.0
17;2021-01-05;87;0;0;144;0;0;0.0;0.0;0.0
17;2021-01-06;124;0;0;268;0;0;0.0;0.0;0.0
17;2021-01-07;470;1;0;738;1;0;0.1;0.0;0.0
17;2021-01-08;428;1;0;1166;2;0;0.2;0.0;0.0
17;2021-01-09;8;0;0;1174;2;0;0.2;0.0;0.0
17;2021-01-10;4;0;0;1178;2;0;0.2;0.0;0.0
17;2021-01-11;388;2;0;1566;4;0;0.2;0.0;0.0
17;2021-01-12;704;1;0;2270;5;0;0.4;0.0;0.0
17;2021-01-13;660;2;0;2930;7;0;0.5;0.0;0.0
17;2021-01-14;641;11;0;3571;18;0;0.6;0.0;0.0
17;2021-01-15;719;2;0;4290;20;0;0.7;0.0;0.0
17;2021-01-16;129;2;0;4419;22;0;0.7;0.0;0.0
17;2021-01-17;19;0;0;4438;22;0;0.7;0.0;0.0
17;2021-01-18;848;5;0;5286;27;0;0.8;0.0;0.0
17;2021-01-19;1871;18;0;7157;45;0;1.1;0.0;0.0
17;2021-01-20;2265;4;0;9422;49;0;1.5;0.0;0.0
17;2021-01-21;2408;12;0;11830;61;0;1.8;0.0;0.0
17;2021-01-22;1829;15;0;13659;76;0;2.1;0.0;0.0
17;2021-01-23;709;2;0;14368;78;0;2.2;0.0;0.0
17;2021-01-24;45;0;0;14413;78;0;2.2;0.0;0.0
17;2021-01-25;1374;6;0;15787;84;0;2.4;0.0;0.0
17;2021-01-26;2043;5;0;17830;89;0;2.8;0.0;0.0
17;2021-01-27;1684;38;0;19514;127;0;3.0;0.0;0.0
17;2021-01-28;2438;231;0;21952;358;0;3.4;0.1;0.0
17;2021-01-29;1715;223;0;23667;581;0;3.7;0.1;0.0
17;2021-01-30;517;5;0;24184;586;0;3.7;0.1;0.0
17;2021-01-31;34;5;0;24218;591;0;3.7;0.1;0.0
17;2021-02-01;735;211;0;24953;802;0;3.9;0.1;0.0
17;2021-02-02;1167;343;0;26120;1145;0;4.0;0.2;0.0
17;2021-02-03;1249;412;0;27369;1557;0;4.2;0.2;0.0
17;2021-02-04;1118;502;0;28487;2059;0;4.4;0.3;0.0
17;2021-02-05;615;766;0;29102;2825;0;4.5;0.4;0.0
17;2021-02-06;25;45;0;29127;2870;0;4.5;0.4;0.0
17;2021-02-07;35;3;0;29162;2873;0;4.5;0.4;0.0
17;2021-02-08;690;428;0;29852;3301;0;4.6;0.5;0.0
17;2021-02-09;1104;1261;0;30956;4562;0;4.8;0.7;0.0
17;2021-02-10;839;1243;0;31795;5805;0;4.9;0.9;0.0
17;2021-02-11;1235;1280;0;33030;7085;0;5.1;1.1;0.0
17;2021-02-12;778;985;0;33808;8070;0;5.2;1.2;0.0
17;2021-02-13;50;137;0;33858;8207;0;5.2;1.3;0.0
17;2021-02-14;2;10;0;33860;8217;0;5.2;1.3;0.0
17;2021-02-15;612;1179;0;34472;9396;0;5.3;1.5;0.0
17;2021-02-16;758;1798;0;35230;11194;0;5.4;1.7;0.0
17;2021-02-17;773;1372;0;36003;12566;0;5.6;1.9;0.0
17;2021-02-18;947;2163;0;36950;14729;0;5.7;2.3;0.0
17;2021-02-19;1050;1534;0;38000;16263;0;5.9;2.5;0.0
17;2021-02-20;102;333;0;38102;16596;0;5.9;2.6;0.0
17;2021-02-21;8;0;0;38110;16596;0;5.9;2.6;0.0
17;2021-02-22;641;1593;0;38751;18189;0;6.0;2.8;0.0
17;2021-02-23;728;1510;0;39479;19699;0;6.1;3.0;0.0
17;2021-02-24;1066;1560;0;40545;21259;0;6.3;3.3;0.0
17;2021-02-25;1097;1660;0;41642;22919;0;6.4;3.5;0.0
17;2021-02-26;1322;1279;0;42964;24198;0;6.6;3.7;0.0
17;2021-02-27;517;234;0;43481;24432;0;6.7;3.8;0.0
17;2021-02-28;24;9;0;43505;24441;0;6.7;3.8;0.0
17;2021-03-01;630;1041;0;44135;25482;0;6.8;3.9;0.0
17;2021-03-02;1087;874;0;45222;26356;0;7.0;4.1;0.0
17;2021-03-03;1594;779;0;46816;27135;0;7.2;4.2;0.0
17;2021-03-04;2404;1131;0;49220;28266;0;7.6;4.4;0.0
17;2021-03-05;2606;683;0;51826;28949;0;8.0;4.5;0.0
17;2021-03-06;1058;38;0;52884;28987;0;8.2;4.5;0.0
17;2021-03-07;182;48;0;53066;29035;0;8.2;4.5;0.0
17;2021-03-08;1016;836;0;54082;29871;0;8.4;4.6;0.0
17;2021-03-09;1716;629;0;55798;30500;0;8.6;4.7;0.0
17;2021-03-10;2065;659;0;57863;31159;0;8.9;4.8;0.0
17;2021-03-11;3200;981;0;61063;32140;0;9.4;5.0;0.0
17;2021-03-12;3300;634;0;64363;32774;0;9.9;5.1;0.0
17;2021-03-13;1211;19;0;65574;32793;0;10.1;5.1;0.0
17;2021-03-14;51;1;0;65625;32794;0;10.1;5.1;0.0
17;2021-03-15;1245;980;0;66870;33774;0;10.3;5.2;0.0
17;2021-03-16;906;539;0;67776;34313;0;10.5;5.3;0.0
17;2021-03-17;1483;714;0;69259;35027;0;10.7;5.4;0.0
17;2021-03-18;1694;751;0;70953;35778;0;11.0;5.5;0.0
17;2021-03-19;2080;536;0;73033;36314;0;11.3;5.6;0.0
17;2021-03-20;1096;54;0;74129;36368;0;11.5;5.6;0.0
17;2021-03-21;38;40;0;74167;36408;0;11.5;5.6;0.0
17;2021-03-22;1553;679;0;75720;37087;0;11.7;5.7;0.0
17;2021-03-23;2451;572;0;78171;37659;0;12.1;5.8;0.0
17;2021-03-24;3465;831;0;81636;38490;0;12.6;5.9;0.0
17;2021-03-25;4631;642;0;86267;39132;0;13.3;6.0;0.0
17;2021-03-26;4843;473;0;91110;39605;0;14.1;6.1;0.0
17;2021-03-27;1719;68;0;92829;39673;0;14.3;6.1;0.0
17;2021-03-28;366;42;0;93195;39715;0;14.4;6.1;0.0
17;2021-03-29;2340;559;0;95535;40274;0;14.8;6.2;0.0
17;2021-03-30;2615;977;0;98150;41251;0;15.2;6.4;0.0
17;2021-03-31;3764;892;0;101914;42143;0;15.7;6.5;0.0
17;2021-04-01;3979;1169;0;105893;43312;0;16.4;6.7;0.0
17;2021-04-02;3611;844;0;109504;44156;0;16.9;6.8;0.0
17;2021-04-03;1153;185;0;110657;44341;0;17.1;6.9;0.0
17;2021-04-04;464;12;0;111121;44353;0;17.2;6.9;0.0
17;2021-04-05;436;120;0;111557;44473;0;17.2;6.9;0.0
17;2021-04-06;3366;1028;0;114923;45501;0;17.8;7.0;0.0
17;2021-04-07;4033;1155;0;118956;46656;0;18.4;7.2;0.0
17;2021-04-08;4531;1468;0;123487;48124;0;19.1;7.4;0.0
17;2021-04-09;6321;840;0;129808;48964;0;20.1;7.6;0.0
17;2021-04-10;2557;86;0;132365;49050;0;20.5;7.6;0.0
17;2021-04-11;750;23;0;133115;49073;0;20.6;7.6;0.0
17;2021-04-12;2876;1615;0;135991;50688;0;21.0;7.8;0.0
17;2021-04-13;4093;1271;0;140084;51959;0;21.6;8.0;0.0
17;2021-04-14;4284;1193;0;144368;53152;0;22.3;8.2;0.0
17;2021-04-15;4542;1164;0;148910;54316;0;23.0;8.4;0.0
17;2021-04-16;4186;1167;0;153096;55483;0;23.7;8.6;0.0
17;2021-04-17;1711;377;0;154807;55860;0;23.9;8.6;0.0
17;2021-04-18;440;79;0;155247;55939;0;24.0;8.6;0.0
17;2021-04-19;2324;2007;0;157571;57946;0;24.4;9.0;0.0
17;2021-04-20;2867;2485;0;160438;60431;0;24.8;9.3;0.0
17;2021-04-21;2964;1877;0;163402;62308;0;25.3;9.6;0.0
17;2021-04-22;3173;2307;0;166575;64615;0;25.7;10.0;0.0
17;2021-04-23;2453;2676;0;169028;67291;0;26.1;10.4;0.0
17;2021-04-24;1667;939;0;170695;68230;0;26.4;10.5;0.0
17;2021-04-25;621;227;0;171316;68457;0;26.5;10.6;0.0
17;2021-04-26;2549;2530;0;173865;70987;0;26.9;11.0;0.0
17;2021-04-27;3112;2604;0;176977;73591;0;27.4;11.4;0.0
17;2021-04-28;3132;2881;0;180109;76472;0;27.8;11.8;0.0
17;2021-04-29;4153;2781;0;184262;79253;0;28.5;12.2;0.0
17;2021-04-30;4416;2568;0;188678;81821;0;29.2;12.6;0.0
17;2021-05-01;898;525;0;189576;82346;0;29.3;12.7;0.0
17;2021-05-02;561;760;0;190137;83106;0;29.4;12.8;0.0
17;2021-05-03;2623;2893;0;192760;85999;0;29.8;13.3;0.0
17;2021-05-04;2400;3658;0;195160;89657;0;30.2;13.9;0.0
17;2021-05-05;2953;3693;0;198113;93350;0;30.6;14.4;0.0
17;2021-05-06;4137;3366;0;202250;96716;0;31.3;14.9;0.0
17;2021-05-07;4407;3652;0;206657;100368;0;31.9;15.5;0.0
17;2021-05-08;1376;776;0;208033;101144;0;32.1;15.6;0.0
17;2021-05-09;1280;676;0;209313;101820;0;32.3;15.7;0.0
17;2021-05-10;2762;3639;0;212075;105459;0;32.8;16.3;0.0
17;2021-05-11;3509;3936;0;215584;109395;0;33.3;16.9;0.0
17;2021-05-12;3600;3703;0;219184;113098;0;33.9;17.5;0.0
17;2021-05-13;2667;694;0;221851;113792;0;34.3;17.6;0.0
17;2021-05-14;3125;2385;0;224976;116177;0;34.8;18.0;0.0
17;2021-05-15;2173;707;0;227149;116884;0;35.1;18.1;0.0
17;2021-05-16;1604;305;0;228753;117189;0;35.4;18.1;0.0
17;2021-05-17;4185;1986;0;232938;119175;0;36.0;18.4;0.0
17;2021-05-18;4722;1641;0;237660;120816;0;36.7;18.7;0.0
17;2021-05-19;5045;1300;0;242705;122116;0;37.5;18.9;0.0
17;2021-05-20;4820;1903;0;247525;124019;0;38.3;19.2;0.0
17;2021-05-21;4776;1904;0;252301;125923;0;39.0;19.5;0.0
17;2021-05-22;2106;547;0;254407;126470;0;39.3;19.5;0.0
17;2021-05-23;1555;110;0;255962;126580;0;39.6;19.6;0.0
17;2021-05-24;1268;211;0;257230;126791;0;39.8;19.6;0.0
17;2021-05-25;3797;1752;0;261027;128543;0;40.3;19.9;0.0
17;2021-05-26;4183;1988;0;265210;130531;0;41.0;20.2;0.0
17;2021-05-27;4937;2116;0;270147;132647;0;41.7;20.5;0.0
17;2021-05-28;4229;3283;0;274376;135930;0;42.4;21.0;0.0
17;2021-05-29;1503;1676;0;275879;137606;0;42.6;21.3;0.0
17;2021-05-30;650;369;0;276529;137975;0;42.7;21.3;0.0
17;2021-05-31;2899;2930;0;279428;140905;0;43.2;21.8;0.0
17;2021-06-01;4304;2876;0;283732;143781;0;43.8;22.2;0.0
17;2021-06-02;4316;3136;0;288048;146917;0;44.5;22.7;0.0
17;2021-06-03;5087;3107;0;293135;150024;0;45.3;23.2;0.0
17;2021-06-04;4541;3766;0;297676;153790;0;46.0;23.8;0.0
17;2021-06-05;2063;1577;0;299739;155367;0;46.3;24.0;0.0
17;2021-06-06;816;688;0;300555;156055;0;46.4;24.1;0.0
17;2021-06-07;3193;4179;0;303748;160234;0;46.9;24.8;0.0
17;2021-06-08;3849;4437;0;307597;164671;0;47.5;25.4;0.0
17;2021-06-09;4494;3077;0;312091;167748;0;48.2;25.9;0.0
17;2021-06-10;4883;2828;0;316974;170576;0;49.0;26.4;0.0
17;2021-06-11;4747;3712;0;321721;174288;0;49.7;26.9;0.0
17;2021-06-12;1979;1412;0;323700;175700;0;50.0;27.2;0.0
17;2021-06-13;621;412;0;324321;176112;0;50.1;27.2;0.0
17;2021-06-14;2690;4500;0;327011;180612;0;50.5;27.9;0.0
17;2021-06-15;3522;4328;0;330533;184940;0;51.1;28.6;0.0
17;2021-06-16;3966;3636;0;334499;188576;0;51.7;29.1;0.0
17;2021-06-17;4198;4117;0;338697;192693;0;52.3;29.8;0.0
17;2021-06-18;3939;4397;0;342636;197090;0;53.0;30.5;0.0
17;2021-06-19;1541;2007;0;344177;199097;0;53.2;30.8;0.0
17;2021-06-20;565;988;0;344742;200085;0;53.3;30.9;0.0
17;2021-06-21;2430;4328;0;347172;204413;0;53.7;31.6;0.0
17;2021-06-22;3339;4374;0;350511;208787;0;54.2;32.3;0.0
17;2021-06-23;3593;3988;0;354104;212775;0;54.7;32.9;0.0
17;2021-06-24;3389;3874;0;357493;216649;0;55.2;33.5;0.0
17;2021-06-25;2582;4909;0;360075;221558;0;55.6;34.2;0.0
17;2021-06-26;947;2303;0;361022;223861;0;55.8;34.6;0.0
17;2021-06-27;380;1747;0;361402;225608;0;55.9;34.9;0.0
17;2021-06-28;1445;5250;0;362847;230858;0;56.1;35.7;0.0
17;2021-06-29;1624;5718;0;364471;236576;0;56.3;36.6;0.0
17;2021-06-30;1960;5515;0;366431;242091;0;56.6;37.4;0.0
17;2021-07-01;2145;5359;0;368576;247450;0;57.0;38.2;0.0
17;2021-07-02;2330;5645;0;370906;253095;0;57.3;39.1;0.0
17;2021-07-03;654;2371;0;371560;255466;0;57.4;39.5;0.0
17;2021-07-04;139;1070;0;371699;256536;0;57.4;39.6;0.0
17;2021-07-05;1648;4780;0;373347;261316;0;57.7;40.4;0.0
17;2021-07-06;1955;5243;0;375302;266559;0;58.0;41.2;0.0
17;2021-07-07;2234;5287;0;377536;271846;0;58.3;42.0;0.0
17;2021-07-08;2592;5105;0;380128;276951;0;58.7;42.8;0.0
17;2021-07-09;2288;5737;0;382416;282688;0;59.1;43.7;0.0
17;2021-07-10;827;2400;0;383243;285088;0;59.2;44.1;0.0
17;2021-07-11;310;793;0;383553;285881;0;59.3;44.2;0.0
17;2021-07-12;1694;5303;0;385247;291184;0;59.5;45.0;0.0
17;2021-07-13;2070;6343;0;387317;297527;0;59.9;46.0;0.0
17;2021-07-14;211;240;0;387528;297767;0;59.9;46.0;0.0
17;2021-07-15;2007;6549;0;389535;304316;0;60.2;47.0;0.0
17;2021-07-16;2593;6506;0;392128;310822;0;60.6;48.0;0.0
17;2021-07-17;1055;2325;0;393183;313147;0;60.8;48.4;0.0
17;2021-07-18;320;935;0;393503;314082;0;60.8;48.5;0.0
17;2021-07-19;2351;5640;0;395854;319722;0;61.2;49.4;0.0
17;2021-07-20;2973;6013;0;398827;325735;0;61.6;50.3;0.0
17;2021-07-21;3469;5700;0;402296;331435;0;62.2;51.2;0.0
17;2021-07-22;3823;5799;0;406119;337234;0;62.8;52.1;0.0
17;2021-07-23;3588;6061;0;409707;343295;0;63.3;53.1;0.0
17;2021-07-24;1806;1575;0;411513;344870;0;63.6;53.3;0.0
17;2021-07-25;798;345;0;412311;345215;0;63.7;53.3;0.0
17;2021-07-26;3191;4967;0;415502;350182;0;64.2;54.1;0.0
17;2021-07-27;4209;4898;0;419711;355080;0;64.9;54.9;0.0
17;2021-07-28;4704;4669;0;424415;359749;0;65.6;55.6;0.0
17;2021-07-29;4691;4751;0;429106;364500;0;66.3;56.3;0.0
17;2021-07-30;4835;5000;0;433941;369500;0;67.1;57.1;0.0
17;2021-07-31;1920;1216;0;435861;370716;0;67.4;57.3;0.0
17;2021-08-01;859;298;0;436720;371014;0;67.5;57.3;0.0
17;2021-08-02;4011;3736;0;440731;374750;0;68.1;57.9;0.0
17;2021-08-03;4999;3518;0;445730;378268;0;68.9;58.5;0.0
17;2021-08-04;5491;2723;0;451221;380991;0;69.7;58.9;0.0
17;2021-08-05;5554;2549;0;456775;383540;0;70.6;59.3;0.0
17;2021-08-06;5138;2962;0;461913;386502;0;71.4;59.7;0.0
17;2021-08-07;1840;851;0;463753;387353;0;71.7;59.9;0.0
17;2021-08-08;764;144;0;464517;387497;0;71.8;59.9;0.0
17;2021-08-09;3479;2865;0;467996;390362;0;72.3;60.3;0.0
17;2021-08-10;4559;2824;0;472555;393186;0;73.0;60.8;0.0
17;2021-08-11;4389;3059;0;476944;396245;0;73.7;61.2;0.0
17;2021-08-12;4399;3152;0;481343;399397;0;74.4;61.7;0.0
17;2021-08-13;4045;3334;0;485388;402731;0;75.0;62.2;0.0
17;2021-08-14;1202;1270;0;486590;404001;0;75.2;62.4;0.0
17;2021-08-15;340;235;0;486930;404236;0;75.3;62.5;0.0
17;2021-08-16;2572;3252;0;489502;407488;0;75.6;63.0;0.0
17;2021-08-17;2782;3573;0;492284;411061;0;76.1;63.5;0.0
17;2021-08-18;2402;3840;0;494686;414901;0;76.4;64.1;0.0
17;2021-08-19;2455;3724;0;497141;418625;0;76.8;64.7;0.0
17;2021-08-20;2286;4245;0;499427;422870;0;77.2;65.4;0.0
17;2021-08-21;695;1336;0;500122;424206;0;77.3;65.6;0.0
17;2021-08-22;160;400;0;500282;424606;0;77.3;65.6;0.0
17;2021-08-23;1838;4340;0;502120;428946;0;77.6;66.3;0.0
17;2021-08-24;1800;4543;0;503920;433489;0;77.9;67.0;0.0
17;2021-08-25;1542;4967;0;505462;438456;0;78.1;67.8;0.0
17;2021-08-26;1555;5060;0;507017;443516;0;78.4;68.5;0.0
17;2021-08-27;1438;5451;0;508455;448967;0;78.6;69.4;0.0
17;2021-08-28;528;1496;0;508983;450463;0;78.7;69.6;0.0
17;2021-08-29;90;528;1;509073;450991;1;78.7;69.7;0.0
17;2021-08-30;1361;4731;50;510434;455722;51;78.9;70.4;0.0
17;2021-08-31;1248;4906;120;511682;460628;171;79.1;71.2;0.0
17;2021-09-01;1199;4536;324;512881;465164;495;79.3;71.9;0.1
17;2021-09-02;1080;3969;384;513961;469133;879;79.4;72.5;0.1
17;2021-09-03;1125;4657;385;515086;473790;1264;79.6;73.2;0.2
17;2021-09-04;332;1147;48;515418;474937;1312;79.7;73.4;0.2
17;2021-09-05;52;120;27;515470;475057;1339;79.7;73.4;0.2
17;2021-09-06;725;3064;513;516195;478121;1852;79.8;73.9;0.3
17;2021-09-07;712;2547;584;516907;480668;2436;79.9;74.3;0.4
17;2021-09-08;800;3479;525;517707;484147;2961;80.0;74.8;0.5
17;2021-09-09;778;2345;735;518485;486492;3696;80.1;75.2;0.6
17;2021-09-10;786;3234;590;519271;489726;4286;80.2;75.7;0.7
17;2021-09-11;322;1035;148;519593;490761;4434;80.3;75.8;0.7
17;2021-09-12;15;35;10;519608;490796;4444;80.3;75.8;0.7
17;2021-09-13;608;1891;864;520216;492687;5308;80.4;76.1;0.8
17;2021-09-14;606;1604;1269;520822;494291;6577;80.5;76.4;1.0
17;2021-09-15;867;2261;947;521689;496552;7524;80.6;76.7;1.2
17;2021-09-16;531;1429;894;522220;497981;8418;80.7;77.0;1.3
17;2021-09-17;628;1888;762;522848;499869;9180;80.8;77.2;1.4
17;2021-09-18;209;687;169;523057;500556;9349;80.8;77.4;1.4
17;2021-09-19;15;18;11;523072;500574;9360;80.8;77.4;1.4
17;2021-09-20;412;1217;949;523484;501791;10309;80.9;77.5;1.6
17;2021-09-21;341;875;784;523825;502666;11093;81.0;77.7;1.7
17;2021-09-22;418;1660;790;524243;504326;11883;81.0;77.9;1.8
17;2021-09-23;362;972;1082;524605;505298;12965;81.1;78.1;2.0
17;2021-09-24;387;1773;1164;524992;507071;14129;81.1;78.4;2.2
17;2021-09-25;155;569;237;525147;507640;14366;81.2;78.5;2.2
17;2021-09-26;9;28;2;525156;507668;14368;81.2;78.5;2.2
17;2021-09-27;402;1135;947;525558;508803;15315;81.2;78.6;2.4
17;2021-09-28;257;679;863;525815;509482;16178;81.3;78.7;2.5
17;2021-09-29;454;1217;956;526269;510699;17134;81.3;78.9;2.6
17;2021-09-30;350;694;896;526619;511393;18030;81.4;79.0;2.8
17;2021-10-01;396;767;800;527015;512160;18830;81.4;79.1;2.9
17;2021-10-02;135;377;148;527150;512537;18978;81.5;79.2;2.9
17;2021-10-03;4;30;2;527154;512567;18980;81.5;79.2;2.9
17;2021-10-04;359;812;1065;527513;513379;20045;81.5;79.3;3.1
17;2021-10-05;354;572;919;527867;513951;20964;81.6;79.4;3.2
17;2021-10-06;410;1071;1131;528277;515022;22095;81.6;79.6;3.4
17;2021-10-07;261;531;803;528538;515553;22898;81.7;79.7;3.5
17;2021-10-08;429;868;1060;528967;516421;23958;81.7;79.8;3.7
17;2021-10-09;170;347;215;529137;516768;24173;81.8;79.9;3.7
17;2021-10-10;6;19;5;529143;516787;24178;81.8;79.9;3.7
17;2021-10-11;352;535;814;529495;517322;24992;81.8;79.9;3.9
17;2021-10-12;227;382;834;529722;517704;25826;81.9;80.0;4.0
17;2021-10-13;354;657;1256;530076;518361;27082;81.9;80.1;4.2
17;2021-10-14;232;397;881;530308;518758;27963;82.0;80.2;4.3
17;2021-10-15;386;634;1237;530694;519392;29200;82.0;80.3;4.5
17;2021-10-16;108;176;243;530802;519568;29443;82.0;80.3;4.6
17;2021-10-17;10;12;0;530812;519580;29443;82.0;80.3;4.6
17;2021-10-18;323;338;952;531135;519918;30395;82.1;80.3;4.7
17;2021-10-19;227;346;935;531362;520264;31330;82.1;80.4;4.8
17;2021-10-20;340;580;1469;531702;520844;32799;82.2;80.5;5.1
17;2021-10-21;217;343;999;531919;521187;33798;82.2;80.5;5.2
17;2021-10-22;322;538;1360;532241;521725;35158;82.3;80.6;5.4
17;2021-10-23;96;179;284;532337;521904;35442;82.3;80.7;5.5
17;2021-10-24;0;5;3;532337;521909;35445;82.3;80.7;5.5
17;2021-10-25;233;339;1212;532570;522248;36657;82.3;80.7;5.7
17;2021-10-26;153;253;972;532723;522501;37629;82.3;80.7;5.8
17;2021-10-27;256;440;2062;532979;522941;39691;82.4;80.8;6.1
17;2021-10-28;162;244;1063;533141;523185;40754;82.4;80.9;6.3
17;2021-10-29;232;411;1744;533373;523596;42498;82.4;80.9;6.6
17;2021-10-30;74;131;413;533447;523727;42911;82.4;80.9;6.6
17;2021-10-31;9;8;3;533456;523735;42914;82.4;80.9;6.6
17;2021-11-01;18;16;22;533474;523751;42936;82.4;80.9;6.6
17;2021-11-02;241;318;1221;533715;524069;44157;82.5;81.0;6.8
17;2021-11-03;233;333;1678;533948;524402;45835;82.5;81.0;7.1
17;2021-11-04;137;211;1334;534085;524613;47169;82.5;81.1;7.3
17;2021-11-05;231;340;1645;534316;524953;48814;82.6;81.1;7.5
17;2021-11-06;83;137;359;534399;525090;49173;82.6;81.1;7.6
17;2021-11-07;1;6;8;534400;525096;49181;82.6;81.1;7.6
17;2021-11-08;190;414;2142;534590;525510;51323;82.6;81.2;7.9
17;2021-11-09;199;389;2335;534789;525899;53658;82.6;81.3;8.3
17;2021-11-10;303;466;2832;535092;526365;56490;82.7;81.3;8.7
17;2021-11-11;4;9;73;535096;526374;56563;82.7;81.3;8.7
17;2021-11-12;164;244;2117;535260;526618;58680;82.7;81.4;9.1
17;2021-11-13;61;63;557;535321;526681;59237;82.7;81.4;9.2
17;2021-11-14;3;25;15;535324;526706;59252;82.7;81.4;9.2
17;2021-11-15;187;235;2313;535511;526941;61565;82.8;81.4;9.5
17;2021-11-16;197;263;2485;535708;527204;64050;82.8;81.5;9.9
17;2021-11-17;298;363;2941;536006;527567;66991;82.8;81.5;10.4
17;2021-11-18;227;198;2594;536233;527765;69585;82.9;81.6;10.8
17;2021-11-19;262;366;2830;536495;528131;72415;82.9;81.6;11.2
17;2021-11-20;116;146;649;536611;528277;73064;82.9;81.6;11.3
17;2021-11-21;10;6;27;536621;528283;73091;82.9;81.6;11.3
17;2021-11-22;286;186;2988;536907;528469;76079;83.0;81.7;11.8
17;2021-11-23;282;213;3331;537189;528682;79410;83.0;81.7;12.3
17;2021-11-24;292;346;3223;537481;529028;82633;83.1;81.8;12.8
17;2021-11-25;280;214;3385;537761;529242;86018;83.1;81.8;13.3
17;2021-11-26;307;324;4126;538068;529566;90144;83.2;81.8;13.9
17;2021-11-27;89;104;1044;538157;529670;91188;83.2;81.9;14.1
17;2021-11-28;12;6;156;538169;529676;91344;83.2;81.9;14.1
17;2021-11-29;162;249;4059;538331;529925;95403;83.2;81.9;14.7
17;2021-11-30;236;200;5491;538567;530125;100894;83.2;81.9;15.6
17;2021-12-01;217;328;5540;538784;530453;106434;83.3;82.0;16.4
17;2021-12-02;209;180;5869;538993;530633;112303;83.3;82.0;17.4
17;2021-12-03;233;261;6209;539226;530894;118512;83.3;82.0;18.3
17;2021-12-04;66;79;1580;539292;530973;120092;83.3;82.1;18.6
17;2021-12-05;10;19;235;539302;530992;120327;83.3;82.1;18.6
17;2021-12-06;132;213;5833;539434;531205;126160;83.4;82.1;19.5
17;2021-12-07;197;191;7350;539631;531396;133510;83.4;82.1;20.6
17;2021-12-08;175;319;6914;539806;531715;140424;83.4;82.2;21.7
17;2021-12-09;196;238;7644;540002;531953;148068;83.5;82.2;22.9
17;2021-12-10;181;284;8357;540183;532237;156425;83.5;82.3;24.2
17;2021-12-11;104;108;2349;540287;532345;158774;83.5;82.3;24.5
17;2021-12-12;28;19;527;540315;532364;159301;83.5;82.3;24.6
17;2021-12-13;160;260;6977;540475;532624;166278;83.5;82.3;25.7
17;2021-12-14;240;338;9217;540715;532962;175495;83.6;82.4;27.1
17;2021-12-15;259;361;8404;540974;533323;183899;83.6;82.4;28.4
17;2021-12-16;273;324;9558;541247;533647;193457;83.6;82.5;29.9
17;2021-12-17;296;370;9237;541543;534017;202694;83.7;82.5;31.3
17;2021-12-18;139;144;2885;541682;534161;205579;83.7;82.5;31.8
17;2021-12-19;35;29;652;541717;534190;206231;83.7;82.6;31.9
17;2021-12-20;278;258;6909;541995;534448;213140;83.8;82.6;32.9
17;2021-12-21;317;334;8869;542312;534782;222009;83.8;82.6;34.3
17;2021-12-22;360;325;7712;542672;535107;229721;83.9;82.7;35.5
17;2021-12-23;239;244;5914;542911;535351;235635;83.9;82.7;36.4
17;2021-12-24;61;49;920;542972;535400;236555;83.9;82.7;36.6
17;2021-12-25;5;11;54;542977;535411;236609;83.9;82.7;36.6
17;2021-12-26;13;24;219;542990;535435;236828;83.9;82.7;36.6
17;2021-12-27;204;163;4199;543194;535598;241027;83.9;82.8;37.2
17;2021-12-28;284;227;5930;543478;535825;246957;84.0;82.8;38.2
18;2020-12-27;0;0;0;0;0;0;0.0;0.0;0.0
18;2020-12-28;0;0;0;0;0;0;0.0;0.0;0.0
18;2020-12-29;0;0;0;0;0;0;0.0;0.0;0.0
18;2020-12-30;1;0;0;1;0;0;0.0;0.0;0.0
18;2020-12-31;0;0;0;1;0;0;0.0;0.0;0.0
18;2021-01-01;0;0;0;1;0;0;0.0;0.0;0.0
18;2021-01-02;0;0;0;1;0;0;0.0;0.0;0.0
18;2021-01-03;0;0;0;1;0;0;0.0;0.0;0.0
18;2021-01-04;3;0;0;4;0;0;0.0;0.0;0.0
18;2021-01-05;5;0;0;9;0;0;0.0;0.0;0.0
18;2021-01-06;7;0;0;16;0;0;0.0;0.0;0.0
18;2021-01-07;36;1;0;52;1;0;0.0;0.0;0.0
18;2021-01-08;74;0;0;126;1;0;0.0;0.0;0.0
18;2021-01-09;214;0;0;340;1;0;0.1;0.0;0.0
18;2021-01-10;148;0;0;488;1;0;0.2;0.0;0.0
18;2021-01-11;185;0;0;673;1;0;0.2;0.0;0.0
18;2021-01-12;332;0;0;1005;1;0;0.3;0.0;0.0
18;2021-01-13;243;2;0;1248;3;0;0.4;0.0;0.0
18;2021-01-14;287;2;0;1535;5;0;0.5;0.0;0.0
18;2021-01-15;275;2;0;1810;7;0;0.6;0.0;0.0
18;2021-01-16;169;1;0;1979;8;0;0.7;0.0;0.0
18;2021-01-17;2;0;0;1981;8;0;0.7;0.0;0.0
18;2021-01-18;318;0;0;2299;8;0;0.8;0.0;0.0
18;2021-01-19;1281;4;0;3580;12;0;1.2;0.0;0.0
18;2021-01-20;1074;2;0;4654;14;0;1.6;0.0;0.0
18;2021-01-21;887;1;0;5541;15;0;1.9;0.0;0.0
18;2021-01-22;667;1;0;6208;16;0;2.1;0.0;0.0
18;2021-01-23;210;2;0;6418;18;0;2.2;0.0;0.0
18;2021-01-24;4;0;0;6422;18;0;2.2;0.0;0.0
18;2021-01-25;441;1;0;6863;19;0;2.3;0.0;0.0
18;2021-01-26;380;1;0;7243;20;0;2.4;0.0;0.0
18;2021-01-27;410;11;0;7653;31;0;2.6;0.0;0.0
18;2021-01-28;519;12;0;8172;43;0;2.8;0.0;0.0
18;2021-01-29;440;70;0;8612;113;0;2.9;0.0;0.0
18;2021-01-30;362;154;0;8974;267;0;3.0;0.1;0.0
18;2021-01-31;80;119;0;9054;386;0;3.1;0.1;0.0
18;2021-02-01;271;136;0;9325;522;0;3.1;0.2;0.0
18;2021-02-02;442;229;0;9767;751;0;3.3;0.3;0.0
18;2021-02-03;413;192;0;10180;943;0;3.4;0.3;0.0
18;2021-02-04;595;188;0;10775;1131;0;3.6;0.4;0.0
18;2021-02-05;382;169;0;11157;1300;0;3.8;0.4;0.0
18;2021-02-06;274;98;0;11431;1398;0;3.9;0.5;0.0
18;2021-02-07;108;2;0;11539;1400;0;3.9;0.5;0.0
18;2021-02-08;306;236;0;11845;1636;0;4.0;0.6;0.0
18;2021-02-09;593;740;0;12438;2376;0;4.2;0.8;0.0
18;2021-02-10;752;666;0;13190;3042;0;4.5;1.0;0.0
18;2021-02-11;670;458;0;13860;3500;0;4.7;1.2;0.0
18;2021-02-12;493;291;0;14353;3791;0;4.8;1.3;0.0
18;2021-02-13;274;122;0;14627;3913;0;4.9;1.3;0.0
18;2021-02-14;350;92;0;14977;4005;0;5.1;1.4;0.0
18;2021-02-15;370;404;0;15347;4409;0;5.2;1.5;0.0
18;2021-02-16;390;450;0;15737;4859;0;5.3;1.6;0.0
18;2021-02-17;410;502;0;16147;5361;0;5.4;1.8;0.0
18;2021-02-18;270;556;0;16417;5917;0;5.5;2.0;0.0
18;2021-02-19;323;368;0;16740;6285;0;5.6;2.1;0.0
18;2021-02-20;615;230;0;17355;6515;0;5.9;2.2;0.0
18;2021-02-21;313;5;0;17668;6520;0;6.0;2.2;0.0
18;2021-02-22;215;412;0;17883;6932;0;6.0;2.3;0.0
18;2021-02-23;237;385;0;18120;7317;0;6.1;2.5;0.0
18;2021-02-24;225;284;0;18345;7601;0;6.2;2.6;0.0
18;2021-02-25;329;572;0;18674;8173;0;6.3;2.8;0.0
18;2021-02-26;587;293;0;19261;8466;0;6.5;2.9;0.0
18;2021-02-27;495;390;0;19756;8856;0;6.7;3.0;0.0
18;2021-02-28;6;73;0;19762;8929;0;6.7;3.0;0.0
18;2021-03-01;249;427;0;20011;9356;0;6.8;3.2;0.0
18;2021-03-02;323;560;0;20334;9916;0;6.9;3.3;0.0
18;2021-03-03;360;610;0;20694;10526;0;7.0;3.6;0.0
18;2021-03-04;520;606;0;21214;11132;0;7.2;3.8;0.0
18;2021-03-05;588;365;0;21802;11497;0;7.4;3.9;0.0
18;2021-03-06;1077;341;0;22879;11838;0;7.7;4.0;0.0
18;2021-03-07;51;136;0;22930;11974;0;7.7;4.0;0.0
18;2021-03-08;341;379;0;23271;12353;0;7.9;4.2;0.0
18;2021-03-09;463;398;0;23734;12751;0;8.0;4.3;0.0
18;2021-03-10;493;466;0;24227;13217;0;8.2;4.5;0.0
18;2021-03-11;553;409;0;24780;13626;0;8.4;4.6;0.0
18;2021-03-12;799;322;0;25579;13948;0;8.6;4.7;0.0
18;2021-03-13;1192;241;0;26771;14189;0;9.0;4.8;0.0
18;2021-03-14;298;209;0;27069;14398;0;9.1;4.9;0.0
18;2021-03-15;528;393;0;27597;14791;0;9.3;5.0;0.0
18;2021-03-16;447;319;0;28044;15110;0;9.5;5.1;0.0
18;2021-03-17;408;415;0;28452;15525;0;9.6;5.2;0.0
18;2021-03-18;514;249;0;28966;15774;0;9.8;5.3;0.0
18;2021-03-19;793;243;0;29759;16017;0;10.0;5.4;0.0
18;2021-03-20;967;606;0;30726;16623;0;10.4;5.6;0.0
18;2021-03-21;310;304;0;31036;16927;0;10.5;5.7;0.0
18;2021-03-22;600;286;0;31636;17213;0;10.7;5.8;0.0
18;2021-03-23;830;278;0;32466;17491;0;11.0;5.9;0.0
18;2021-03-24;1118;284;0;33584;17775;0;11.3;6.0;0.0
18;2021-03-25;1242;308;0;34826;18083;0;11.7;6.1;0.0
18;2021-03-26;1314;347;0;36140;18430;0;12.2;6.2;0.0
18;2021-03-27;1479;312;0;37619;18742;0;12.7;6.3;0.0
18;2021-03-28;213;5;0;37832;18747;0;12.8;6.3;0.0
18;2021-03-29;1054;218;0;38886;18965;0;13.1;6.4;0.0
18;2021-03-30;1116;322;0;40002;19287;0;13.5;6.5;0.0
18;2021-03-31;1371;274;0;41373;19561;0;14.0;6.6;0.0
18;2021-04-01;1434;356;0;42807;19917;0;14.4;6.7;0.0
18;2021-04-02;1280;329;0;44087;20246;0;14.9;6.8;0.0
18;2021-04-03;623;174;0;44710;20420;0;15.1;6.9;0.0
18;2021-04-04;78;6;0;44788;20426;0;15.1;6.9;0.0
18;2021-04-05;206;2;0;44994;20428;0;15.2;6.9;0.0
18;2021-04-06;1088;369;0;46082;20797;0;15.5;7.0;0.0
18;2021-04-07;1290;412;0;47372;21209;0;16.0;7.2;0.0
18;2021-04-08;1729;368;0;49101;21577;0;16.6;7.3;0.0
18;2021-04-09;1902;329;0;51003;21906;0;17.2;7.4;0.0
18;2021-04-10;2552;654;0;53555;22560;0;18.1;7.6;0.0
18;2021-04-11;1879;325;0;55434;22885;0;18.7;7.7;0.0
18;2021-04-12;1382;423;0;56816;23308;0;19.2;7.9;0.0
18;2021-04-13;1723;494;0;58539;23802;0;19.7;8.0;0.0
18;2021-04-14;1362;530;0;59901;24332;0;20.2;8.2;0.0
18;2021-04-15;1501;581;0;61402;24913;0;20.7;8.4;0.0
18;2021-04-16;1693;636;0;63095;25549;0;21.3;8.6;0.0
18;2021-04-17;1501;526;0;64596;26075;0;21.8;8.8;0.0
18;2021-04-18;369;235;0;64965;26310;0;21.9;8.9;0.0
18;2021-04-19;1310;590;0;66275;26900;0;22.4;9.1;0.0
18;2021-04-20;1367;799;0;67642;27699;0;22.8;9.3;0.0
18;2021-04-21;1232;963;0;68874;28662;0;23.2;9.7;0.0
18;2021-04-22;1351;848;0;70225;29510;0;23.7;10.0;0.0
18;2021-04-23;1387;761;0;71612;30271;0;24.2;10.2;0.0
18;2021-04-24;1326;1253;0;72938;31524;0;24.6;10.6;0.0
18;2021-04-25;299;206;0;73237;31730;0;24.7;10.7;0.0
18;2021-04-26;1187;891;0;74424;32621;0;25.1;11.0;0.0
18;2021-04-27;1468;801;0;75892;33422;0;25.6;11.3;0.0
18;2021-04-28;1346;974;0;77238;34396;0;26.1;11.6;0.0
18;2021-04-29;1746;808;0;78984;35204;0;26.6;11.9;0.0
18;2021-04-30;1516;1045;0;80500;36249;0;27.2;12.2;0.0
18;2021-05-01;781;225;0;81281;36474;0;27.4;12.3;0.0
18;2021-05-02;764;63;0;82045;36537;0;27.7;12.3;0.0
18;2021-05-03;1637;1007;0;83682;37544;0;28.2;12.7;0.0
18;2021-05-04;1690;1333;0;85372;38877;0;28.8;13.1;0.0
18;2021-05-05;1675;1196;0;87047;40073;0;29.4;13.5;0.0
18;2021-05-06;2162;1377;0;89209;41450;0;30.1;14.0;0.0
18;2021-05-07;1285;1408;0;90494;42858;0;30.5;14.5;0.0
18;2021-05-08;975;1433;0;91469;44291;0;30.9;14.9;0.0
18;2021-05-09;482;2155;0;91951;46446;0;31.0;15.7;0.0
18;2021-05-10;1193;1500;0;93144;47946;0;31.4;16.2;0.0
18;2021-05-11;1742;1697;0;94886;49643;0;32.0;16.7;0.0
18;2021-05-12;1864;1389;0;96750;51032;0;32.6;17.2;0.0
18;2021-05-13;1082;323;0;97832;51355;0;33.0;17.3;0.0
18;2021-05-14;1442;981;0;99274;52336;0;33.5;17.7;0.0
18;2021-05-15;1881;1089;0;101155;53425;0;34.1;18.0;0.0
18;2021-05-16;545;555;0;101700;53980;0;34.3;18.2;0.0
18;2021-05-17;1291;1072;0;102991;55052;0;34.7;18.6;0.0
18;2021-05-18;2103;934;0;105094;55986;0;35.5;18.9;0.0
18;2021-05-19;2106;926;0;107200;56912;0;36.2;19.2;0.0
18;2021-05-20;2182;964;0;109382;57876;0;36.9;19.5;0.0
18;2021-05-21;1567;828;0;110949;58704;0;37.4;19.8;0.0
18;2021-05-22;1691;1044;0;112640;59748;0;38.0;20.2;0.0
18;2021-05-23;495;333;0;113135;60081;0;38.2;20.3;0.0
18;2021-05-24;576;302;0;113711;60383;0;38.4;20.4;0.0
18;2021-05-25;1715;1034;0;115426;61417;0;38.9;20.7;0.0
18;2021-05-26;2032;868;0;117458;62285;0;39.6;21.0;0.0
18;2021-05-27;1993;1165;0;119451;63450;0;40.3;21.4;0.0
18;2021-05-28;1708;1363;0;121159;64813;0;40.9;21.9;0.0
18;2021-05-29;2456;1616;0;123615;66429;0;41.7;22.4;0.0
18;2021-05-30;1481;488;0;125096;66917;0;42.2;22.6;0.0
18;2021-05-31;1587;678;0;126683;67595;0;42.7;22.8;0.0
18;2021-06-01;1933;954;0;128616;68549;0;43.4;23.1;0.0
18;2021-06-02;1877;1008;0;130493;69557;0;44.0;23.5;0.0
18;2021-06-03;2062;1216;0;132555;70773;0;44.7;23.9;0.0
18;2021-06-04;1818;1138;0;134373;71911;0;45.3;24.3;0.0
18;2021-06-05;2326;1396;0;136699;73307;0;46.1;24.7;0.0
18;2021-06-06;372;395;0;137071;73702;0;46.2;24.9;0.0
18;2021-06-07;1213;1189;0;138284;74891;0;46.7;25.3;0.0
18;2021-06-08;1485;1317;0;139769;76208;0;47.2;25.7;0.0
18;2021-06-09;1343;1056;0;141112;77264;0;47.6;26.1;0.0
18;2021-06-10;1550;1349;0;142662;78613;0;48.1;26.5;0.0
18;2021-06-11;1464;1402;0;144126;80015;0;48.6;27.0;0.0
18;2021-06-12;1207;2477;0;145333;82492;0;49.0;27.8;0.0
18;2021-06-13;145;258;0;145478;82750;0;49.1;27.9;0.0
18;2021-06-14;658;1853;0;146136;84603;0;49.3;28.5;0.0
18;2021-06-15;1189;1810;0;147325;86413;0;49.7;29.2;0.0
18;2021-06-16;1286;1443;0;148611;87856;0;50.1;29.6;0.0
18;2021-06-17;1327;1660;0;149938;89516;0;50.6;30.2;0.0
18;2021-06-18;1346;1733;0;151284;91249;0;51.0;30.8;0.0
18;2021-06-19;1512;1210;0;152796;92459;0;51.5;31.2;0.0
18;2021-06-20;251;180;0;153047;92639;0;51.6;31.3;0.0
18;2021-06-21;664;1688;0;153711;94327;0;51.9;31.8;0.0
18;2021-06-22;1096;1751;0;154807;96078;0;52.2;32.4;0.0
18;2021-06-23;1035;1701;0;155842;97779;0;52.6;33.0;0.0
18;2021-06-24;1054;1143;0;156896;98922;0;52.9;33.4;0.0
18;2021-06-25;965;1906;0;157861;100828;0;53.3;34.0;0.0
18;2021-06-26;1053;1535;0;158914;102363;0;53.6;34.5;0.0
18;2021-06-27;34;383;0;158948;102746;0;53.6;34.7;0.0
18;2021-06-28;434;1865;0;159382;104611;0;53.8;35.3;0.0
18;2021-06-29;614;2392;0;159996;107003;0;54.0;36.1;0.0
18;2021-06-30;643;2478;0;160639;109481;0;54.2;36.9;0.0
18;2021-07-01;1017;2056;0;161656;111537;0;54.5;37.6;0.0
18;2021-07-02;650;1663;0;162306;113200;0;54.8;38.2;0.0
18;2021-07-03;700;2437;0;163006;115637;0;55.0;39.0;0.0
18;2021-07-04;166;1006;0;163172;116643;0;55.1;39.4;0.0
18;2021-07-05;752;1818;0;163924;118461;0;55.3;40.0;0.0
18;2021-07-06;653;2306;0;164577;120767;0;55.5;40.7;0.0
18;2021-07-07;746;2059;0;165323;122826;0;55.8;41.4;0.0
18;2021-07-08;959;1875;0;166282;124701;0;56.1;42.1;0.0
18;2021-07-09;744;2345;0;167026;127046;0;56.4;42.9;0.0
18;2021-07-10;774;2983;0;167800;130029;0;56.6;43.9;0.0
18;2021-07-11;116;694;0;167916;130723;0;56.7;44.1;0.0
18;2021-07-12;281;2073;0;168197;132796;0;56.7;44.8;0.0
18;2021-07-13;708;2706;0;168905;135502;0;57.0;45.7;0.0
18;2021-07-14;256;902;0;169161;136404;0;57.1;46.0;0.0
18;2021-07-15;1485;2671;0;170646;139075;0;57.6;46.9;0.0
18;2021-07-16;1434;2179;0;172080;141254;0;58.1;47.7;0.0
18;2021-07-17;1128;2155;0;173208;143409;0;58.4;48.4;0.0
18;2021-07-18;259;335;0;173467;143744;0;58.5;48.5;0.0
18;2021-07-19;1266;1642;0;174733;145386;0;59.0;49.0;0.0
18;2021-07-20;1683;2327;0;176416;147713;0;59.5;49.8;0.0
18;2021-07-21;1868;2010;0;178284;149723;0;60.1;50.5;0.0
18;2021-07-22;2109;1955;0;180393;151678;0;60.9;51.2;0.0
18;2021-07-23;1518;1706;0;181911;153384;0;61.4;51.7;0.0
18;2021-07-24;1032;1516;0;182943;154900;0;61.7;52.3;0.0
18;2021-07-25;230;414;0;183173;155314;0;61.8;52.4;0.0
18;2021-07-26;1433;1493;0;184606;156807;0;62.3;52.9;0.0
18;2021-07-27;1876;1719;0;186482;158526;0;62.9;53.5;0.0
18;2021-07-28;2297;1866;0;188779;160392;0;63.7;54.1;0.0
18;2021-07-29;2207;1819;0;190986;162211;0;64.4;54.7;0.0
18;2021-07-30;1714;1436;0;192700;163647;0;65.0;55.2;0.0
18;2021-07-31;1171;1278;0;193871;164925;0;65.4;55.6;0.0
18;2021-08-01;125;39;0;193996;164964;0;65.4;55.7;0.0
18;2021-08-02;1492;825;0;195488;165789;0;66.0;55.9;0.0
18;2021-08-03;1860;1676;0;197348;167465;0;66.6;56.5;0.0
18;2021-08-04;2240;1101;0;199588;168566;0;67.3;56.9;0.0
18;2021-08-05;1721;1233;0;201309;169799;0;67.9;57.3;0.0
18;2021-08-06;1777;1155;0;203086;170954;0;68.5;57.7;0.0
18;2021-08-07;717;831;0;203803;171785;0;68.8;58.0;0.0
18;2021-08-08;62;79;0;203865;171864;0;68.8;58.0;0.0
18;2021-08-09;1122;1034;0;204987;172898;0;69.2;58.3;0.0
18;2021-08-10;1378;1642;0;206365;174540;0;69.6;58.9;0.0
18;2021-08-11;1707;1536;0;208072;176076;0;70.2;59.4;0.0
18;2021-08-12;1617;1621;0;209689;177697;0;70.7;60.0;0.0
18;2021-08-13;1099;1164;0;210788;178861;0;71.1;60.3;0.0
18;2021-08-14;772;657;0;211560;179518;0;71.4;60.6;0.0
18;2021-08-15;39;36;0;211599;179554;0;71.4;60.6;0.0
18;2021-08-16;816;1410;0;212415;180964;0;71.7;61.1;0.0
18;2021-08-17;1007;1977;0;213422;182941;0;72.0;61.7;0.0
18;2021-08-18;1142;1887;0;214564;184828;0;72.4;62.4;0.0
18;2021-08-19;1041;1724;0;215605;186552;0;72.7;62.9;0.0
18;2021-08-20;905;1764;0;216510;188316;0;73.0;63.5;0.0
18;2021-08-21;436;804;0;216946;189120;0;73.2;63.8;0.0
18;2021-08-22;24;88;0;216970;189208;0;73.2;63.8;0.0
18;2021-08-23;535;1663;0;217505;190871;0;73.4;64.4;0.0
18;2021-08-24;843;1734;0;218348;192605;0;73.7;65.0;0.0
18;2021-08-25;795;1882;0;219143;194487;0;73.9;65.6;0.0
18;2021-08-26;745;1697;0;219888;196184;0;74.2;66.2;0.0
18;2021-08-27;563;2061;0;220451;198245;0;74.4;66.9;0.0
18;2021-08-28;515;932;0;220966;199177;0;74.5;67.2;0.0
18;2021-08-29;92;181;0;221058;199358;0;74.6;67.3;0.0
18;2021-08-30;525;1388;33;221583;200746;33;74.8;67.7;0.0
18;2021-08-31;498;1534;47;222081;202280;80;74.9;68.2;0.0
18;2021-09-01;589;1602;131;222670;203882;211;75.1;68.8;0.1
18;2021-09-02;409;1264;154;223079;205146;365;75.3;69.2;0.1
18;2021-09-03;459;1192;165;223538;206338;530;75.4;69.6;0.2
18;2021-09-04;375;847;76;223913;207185;606;75.5;69.9;0.2
18;2021-09-05;32;62;23;223945;207247;629;75.6;69.9;0.2
18;2021-09-06;267;916;211;224212;208163;840;75.6;70.2;0.3
18;2021-09-07;314;946;164;224526;209109;1004;75.7;70.5;0.3
18;2021-09-08;402;1093;119;224928;210202;1123;75.9;70.9;0.4
18;2021-09-09;353;950;175;225281;211152;1298;76.0;71.2;0.4
18;2021-09-10;417;913;173;225698;212065;1471;76.1;71.5;0.5
18;2021-09-11;261;824;93;225959;212889;1564;76.2;71.8;0.5
18;2021-09-12;7;28;13;225966;212917;1577;76.2;71.8;0.5
18;2021-09-13;335;741;160;226301;213658;1737;76.3;72.1;0.6
18;2021-09-14;285;785;276;226586;214443;2013;76.4;72.3;0.7
18;2021-09-15;337;1030;340;226923;215473;2353;76.6;72.7;0.8
18;2021-09-16;466;853;293;227389;216326;2646;76.7;73.0;0.9
18;2021-09-17;350;704;362;227739;217030;3008;76.8;73.2;1.0
18;2021-09-18;198;655;132;227937;217685;3140;76.9;73.4;1.1
18;2021-09-19;8;10;11;227945;217695;3151;76.9;73.4;1.1
18;2021-09-20;153;546;288;228098;218241;3439;77.0;73.6;1.2
18;2021-09-21;128;453;270;228226;218694;3709;77.0;73.8;1.3
18;2021-09-22;182;776;359;228408;219470;4068;77.1;74.0;1.4
18;2021-09-23;246;442;526;228654;219912;4594;77.1;74.2;1.5
18;2021-09-24;140;492;355;228794;220404;4949;77.2;74.4;1.7
18;2021-09-25;150;712;173;228944;221116;5122;77.2;74.6;1.7
18;2021-09-26;16;96;48;228960;221212;5170;77.2;74.6;1.7
18;2021-09-27;111;323;276;229071;221535;5446;77.3;74.7;1.8
18;2021-09-28;85;287;306;229156;221822;5752;77.3;74.8;1.9
18;2021-09-29;83;299;226;229239;222121;5978;77.3;74.9;2.0
18;2021-09-30;120;281;529;229359;222402;6507;77.4;75.0;2.2
18;2021-10-01;169;303;336;229528;222705;6843;77.4;75.1;2.3
18;2021-10-02;81;212;77;229609;222917;6920;77.5;75.2;2.3
18;2021-10-03;8;13;32;229617;222930;6952;77.5;75.2;2.3
18;2021-10-04;141;423;364;229758;223353;7316;77.5;75.4;2.5
18;2021-10-05;137;311;418;229895;223664;7734;77.6;75.5;2.6
18;2021-10-06;135;424;459;230030;224088;8193;77.6;75.6;2.8
18;2021-10-07;109;383;346;230139;224471;8539;77.6;75.7;2.9
18;2021-10-08;160;503;573;230299;224974;9112;77.7;75.9;3.1
18;2021-10-09;123;298;159;230422;225272;9271;77.7;76.0;3.1
18;2021-10-10;6;13;36;230428;225285;9307;77.7;76.0;3.1
18;2021-10-11;152;201;510;230580;225486;9817;77.8;76.1;3.3
18;2021-10-12;146;198;630;230726;225684;10447;77.8;76.1;3.5
18;2021-10-13;156;226;451;230882;225910;10898;77.9;76.2;3.7
18;2021-10-14;63;231;329;230945;226141;11227;77.9;76.3;3.8
18;2021-10-15;165;288;768;231110;226429;11995;78.0;76.4;4.0
18;2021-10-16;152;245;825;231262;226674;12820;78.0;76.5;4.3
18;2021-10-17;8;19;36;231270;226693;12856;78.0;76.5;4.3
18;2021-10-18;124;169;465;231394;226862;13321;78.1;76.5;4.5
18;2021-10-19;101;106;447;231495;226968;13768;78.1;76.6;4.6
18;2021-10-20;144;131;651;231639;227099;14419;78.1;76.6;4.9
18;2021-10-21;66;82;406;231705;227181;14825;78.2;76.6;5.0
18;2021-10-22;126;188;583;231831;227369;15408;78.2;76.7;5.2
18;2021-10-23;92;91;313;231923;227460;15721;78.2;76.7;5.3
18;2021-10-24;6;7;27;231929;227467;15748;78.2;76.7;5.3
18;2021-10-25;105;145;543;232034;227612;16291;78.3;76.8;5.5
18;2021-10-26;88;146;431;232122;227758;16722;78.3;76.8;5.6
18;2021-10-27;110;160;601;232232;227918;17323;78.3;76.9;5.8
18;2021-10-28;58;78;531;232290;227996;17854;78.4;76.9;6.0
18;2021-10-29;131;166;641;232421;228162;18495;78.4;77.0;6.2
18;2021-10-30;80;114;200;232501;228276;18695;78.4;77.0;6.3
18;2021-10-31;0;1;2;232501;228277;18697;78.4;77.0;6.3
18;2021-11-01;5;10;2;232506;228287;18699;78.4;77.0;6.3
18;2021-11-02;72;145;508;232578;228432;19207;78.5;77.1;6.5
18;2021-11-03;103;219;795;232681;228651;20002;78.5;77.1;6.7
18;2021-11-04;63;73;459;232744;228724;20461;78.5;77.2;6.9
18;2021-11-05;73;134;721;232817;228858;21182;78.5;77.2;7.1
18;2021-11-06;77;144;1284;232894;229002;22466;78.6;77.3;7.6
18;2021-11-07;6;14;45;232900;229016;22511;78.6;77.3;7.6
18;2021-11-08;61;114;906;232961;229130;23417;78.6;77.3;7.9
18;2021-11-09;78;113;885;233039;229243;24302;78.6;77.3;8.2
18;2021-11-10;115;154;1051;233154;229397;25353;78.7;77.4;8.6
18;2021-11-11;1;2;11;233155;229399;25364;78.7;77.4;8.6
18;2021-11-12;67;127;701;233222;229526;26065;78.7;77.4;8.8
18;2021-11-13;50;106;385;233272;229632;26450;78.7;77.5;8.9
18;2021-11-14;0;3;7;233272;229635;26457;78.7;77.5;8.9
18;2021-11-15;73;111;1173;233345;229746;27630;78.7;77.5;9.3
18;2021-11-16;98;96;1453;233443;229842;29083;78.8;77.5;9.8
18;2021-11-17;159;156;1602;233602;229998;30685;78.8;77.6;10.4
18;2021-11-18;58;75;1074;233660;230073;31759;78.8;77.6;10.7
18;2021-11-19;102;147;1326;233762;230220;33085;78.9;77.7;11.2
18;2021-11-20;76;114;905;233838;230334;33990;78.9;77.7;11.5
18;2021-11-21;16;16;75;233854;230350;34065;78.9;77.7;11.5
18;2021-11-22;100;55;1216;233954;230405;35281;78.9;77.7;11.9
18;2021-11-23;113;89;1479;234067;230494;36760;79.0;77.8;12.4
18;2021-11-24;146;107;1503;234213;230601;38263;79.0;77.8;12.9
18;2021-11-25;53;75;1177;234266;230676;39440;79.0;77.8;13.3
18;2021-11-26;130;118;1796;234396;230794;41236;79.1;77.9;13.9
18;2021-11-27;109;81;990;234505;230875;42226;79.1;77.9;14.2
18;2021-11-28;9;13;416;234514;230888;42642;79.1;77.9;14.4
18;2021-11-29;107;76;2007;234621;230964;44649;79.2;77.9;15.1
18;2021-11-30;84;80;2270;234705;231044;46919;79.2;77.9;15.8
18;2021-12-01;78;113;2529;234783;231157;49448;79.2;78.0;16.7
18;2021-12-02;81;60;2753;234864;231217;52201;79.2;78.0;17.6
18;2021-12-03;75;82;2501;234939;231299;54702;79.3;78.0;18.5
18;2021-12-04;41;89;2190;234980;231388;56892;79.3;78.1;19.2
18;2021-12-05;6;3;118;234986;231391;57010;79.3;78.1;19.2
18;2021-12-06;42;91;2570;235028;231482;59580;79.3;78.1;20.1
18;2021-12-07;51;97;3638;235079;231579;63218;79.3;78.1;21.3
18;2021-12-08;61;142;3070;235140;231721;66288;79.3;78.2;22.4
18;2021-12-09;86;102;3327;235226;231823;69615;79.4;78.2;23.5
18;2021-12-10;80;144;3813;235306;231967;73428;79.4;78.3;24.8
18;2021-12-11;66;87;3179;235372;232054;76607;79.4;78.3;25.8
18;2021-12-12;28;21;691;235400;232075;77298;79.4;78.3;26.1
18;2021-12-13;51;114;2785;235451;232189;80083;79.4;78.3;27.0
18;2021-12-14;85;118;4080;235536;232307;84163;79.5;78.4;28.4
18;2021-12-15;105;140;4007;235641;232447;88170;79.5;78.4;29.7
18;2021-12-16;100;84;3807;235741;232531;91977;79.5;78.5;31.0
18;2021-12-17;92;180;3891;235833;232711;95868;79.6;78.5;32.3
18;2021-12-18;83;127;3609;235916;232838;99477;79.6;78.6;33.6
18;2021-12-19;21;19;569;235937;232857;100046;79.6;78.6;33.8
18;2021-12-20;83;112;2557;236020;232969;102603;79.6;78.6;34.6
18;2021-12-21;97;103;3240;236117;233072;105843;79.7;78.6;35.7
18;2021-12-22;102;95;2605;236219;233167;108448;79.7;78.7;36.6
18;2021-12-23;82;88;2085;236301;233255;110533;79.7;78.7;37.3
18;2021-12-24;11;20;293;236312;233275;110826;79.7;78.7;37.4
18;2021-12-25;5;3;25;236317;233278;110851;79.7;78.7;37.4
18;2021-12-26;2;1;52;236319;233279;110903;79.7;78.7;37.4
18;2021-12-27;69;53;1215;236388;233332;112118;79.8;78.7;37.8
18;2021-12-28;95;94;1924;236483;233426;114042;79.8;78.8;38.5
19;2020-12-27;0;0;0;0;0;0;0.0;0.0;0.0
19;2020-12-28;0;0;0;0;0;0;0.0;0.0;0.0
19;2020-12-29;1;0;0;1;0;0;0.0;0.0;0.0
19;2020-12-30;0;0;0;1;0;0;0.0;0.0;0.0
19;2020-12-31;0;0;0;1;0;0;0.0;0.0;0.0
19;2021-01-01;0;0;0;1;0;0;0.0;0.0;0.0
19;2021-01-02;0;0;0;1;0;0;0.0;0.0;0.0
19;2021-01-03;0;0;0;1;0;0;0.0;0.0;0.0
19;2021-01-04;0;0;0;1;0;0;0.0;0.0;0.0
19;2021-01-05;0;0;0;1;0;0;0.0;0.0;0.0
19;2021-01-06;0;0;0;1;0;0;0.0;0.0;0.0
19;2021-01-07;323;2;0;324;2;0;0.1;0.0;0.0
19;2021-01-08;235;1;0;559;3;0;0.2;0.0;0.0
19;2021-01-09;3;0;0;562;3;0;0.2;0.0;0.0
19;2021-01-10;1;0;0;563;3;0;0.2;0.0;0.0
19;2021-01-11;45;0;0;608;3;0;0.3;0.0;0.0
19;2021-01-12;383;2;0;991;5;0;0.4;0.0;0.0
19;2021-01-13;340;2;0;1331;7;0;0.6;0.0;0.0
19;2021-01-14;452;1;0;1783;8;0;0.7;0.0;0.0
19;2021-01-15;229;18;0;2012;26;0;0.8;0.0;0.0
19;2021-01-16;11;0;0;2023;26;0;0.8;0.0;0.0
19;2021-01-17;3;0;0;2026;26;0;0.8;0.0;0.0
19;2021-01-18;262;1;0;2288;27;0;1.0;0.0;0.0
19;2021-01-19;470;0;0;2758;27;0;1.1;0.0;0.0
19;2021-01-20;884;10;0;3642;37;0;1.5;0.0;0.0
19;2021-01-21;469;4;0;4111;41;0;1.7;0.0;0.0
19;2021-01-22;1210;13;0;5321;54;0;2.2;0.0;0.0
19;2021-01-23;269;0;0;5590;54;0;2.3;0.0;0.0
19;2021-01-24;38;0;0;5628;54;0;2.3;0.0;0.0
19;2021-01-25;234;0;0;5862;54;0;2.4;0.0;0.0
19;2021-01-26;540;1;0;6402;55;0;2.7;0.0;0.0
19;2021-01-27;300;2;0;6702;57;0;2.8;0.0;0.0
19;2021-01-28;284;237;0;6986;294;0;2.9;0.1;0.0
19;2021-01-29;315;60;0;7301;354;0;3.0;0.1;0.0
19;2021-01-30;128;20;0;7429;374;0;3.1;0.2;0.0
19;2021-01-31;41;1;0;7470;375;0;3.1;0.2;0.0
19;2021-02-01;164;92;0;7634;467;0;3.2;0.2;0.0
19;2021-02-02;308;399;0;7942;866;0;3.3;0.4;0.0
19;2021-02-03;272;214;0;8214;1080;0;3.4;0.4;0.0
19;2021-02-04;262;353;0;8476;1433;0;3.5;0.6;0.0
19;2021-02-05;312;85;0;8788;1518;0;3.7;0.6;0.0
19;2021-02-06;193;5;0;8981;1523;0;3.7;0.6;0.0
19;2021-02-07;45;2;0;9026;1525;0;3.8;0.6;0.0
19;2021-02-08;182;154;0;9208;1679;0;3.8;0.7;0.0
19;2021-02-09;285;264;0;9493;1943;0;3.9;0.8;0.0
19;2021-02-10;488;277;0;9981;2220;0;4.2;0.9;0.0
19;2021-02-11;411;322;0;10392;2542;0;4.3;1.1;0.0
19;2021-02-12;749;1087;0;11141;3629;0;4.6;1.5;0.0
19;2021-02-13;333;178;0;11474;3807;0;4.8;1.6;0.0
19;2021-02-14;95;12;0;11569;3819;0;4.8;1.6;0.0
19;2021-02-15;195;234;0;11764;4053;0;4.9;1.7;0.0
19;2021-02-16;349;176;0;12113;4229;0;5.0;1.8;0.0
19;2021-02-17;291;487;0;12404;4716;0;5.2;2.0;0.0
19;2021-02-18;182;481;0;12586;5197;0;5.2;2.2;0.0
19;2021-02-19;451;281;0;13037;5478;0;5.4;2.3;0.0
19;2021-02-20;128;194;0;13165;5672;0;5.5;2.4;0.0
19;2021-02-21;21;42;0;13186;5714;0;5.5;2.4;0.0
19;2021-02-22;210;207;0;13396;5921;0;5.6;2.5;0.0
19;2021-02-23;250;324;0;13646;6245;0;5.7;2.6;0.0
19;2021-02-24;333;219;0;13979;6464;0;5.8;2.7;0.0
19;2021-02-25;507;365;0;14486;6829;0;6.0;2.8;0.0
19;2021-02-26;426;327;0;14912;7156;0;6.2;3.0;0.0
19;2021-02-27;352;149;0;15264;7305;0;6.4;3.0;0.0
19;2021-02-28;67;36;0;15331;7341;0;6.4;3.1;0.0
19;2021-03-01;262;217;0;15593;7558;0;6.5;3.1;0.0
19;2021-03-02;409;240;0;16002;7798;0;6.7;3.2;0.0
19;2021-03-03;668;347;0;16670;8145;0;6.9;3.4;0.0
19;2021-03-04;799;321;0;17469;8466;0;7.3;3.5;0.0
19;2021-03-05;901;697;0;18370;9163;0;7.6;3.8;0.0
19;2021-03-06;1041;192;0;19411;9355;0;8.1;3.9;0.0
19;2021-03-07;449;38;0;19860;9393;0;8.3;3.9;0.0
19;2021-03-08;582;179;0;20442;9572;0;8.5;4.0;0.0
19;2021-03-09;852;248;0;21294;9820;0;8.9;4.1;0.0
19;2021-03-10;1096;310;0;22390;10130;0;9.3;4.2;0.0
19;2021-03-11;1280;287;0;23670;10417;0;9.8;4.3;0.0
19;2021-03-12;1243;385;0;24913;10802;0;10.4;4.5;0.0
19;2021-03-13;1080;154;0;25993;10956;0;10.8;4.6;0.0
19;2021-03-14;145;78;0;26138;11034;0;10.9;4.6;0.0
19;2021-03-15;661;151;0;26799;11185;0;11.2;4.7;0.0
19;2021-03-16;653;266;0;27452;11451;0;11.4;4.8;0.0
19;2021-03-17;772;290;0;28224;11741;0;11.7;4.9;0.0
19;2021-03-18;734;259;0;28958;12000;0;12.0;5.0;0.0
19;2021-03-19;991;452;0;29949;12452;0;12.5;5.2;0.0
19;2021-03-20;752;122;0;30701;12574;0;12.8;5.2;0.0
19;2021-03-21;117;4;0;30818;12578;0;12.8;5.2;0.0
19;2021-03-22;554;172;0;31372;12750;0;13.1;5.3;0.0
19;2021-03-23;1003;227;0;32375;12977;0;13.5;5.4;0.0
19;2021-03-24;1113;356;0;33488;13333;0;13.9;5.5;0.0
19;2021-03-25;1209;391;0;34697;13724;0;14.4;5.7;0.0
19;2021-03-26;1331;295;0;36028;14019;0;15.0;5.8;0.0
19;2021-03-27;817;187;0;36845;14206;0;15.3;5.9;0.0
19;2021-03-28;72;59;0;36917;14265;0;15.4;5.9;0.0
19;2021-03-29;605;173;0;37522;14438;0;15.6;6.0;0.0
19;2021-03-30;933;349;0;38455;14787;0;16.0;6.2;0.0
19;2021-03-31;1084;498;0;39539;15285;0;16.5;6.4;0.0
19;2021-04-01;1456;375;0;40995;15660;0;17.1;6.5;0.0
19;2021-04-02;1022;529;0;42017;16189;0;17.5;6.7;0.0
19;2021-04-03;585;261;0;42602;16450;0;17.7;6.8;0.0
19;2021-04-04;135;4;0;42737;16454;0;17.8;6.8;0.0
19;2021-04-05;65;73;0;42802;16527;0;17.8;6.9;0.0
19;2021-04-06;732;576;0;43534;17103;0;18.1;7.1;0.0
19;2021-04-07;925;728;0;44459;17831;0;18.5;7.4;0.0
19;2021-04-08;1126;960;0;45585;18791;0;19.0;7.8;0.0
19;2021-04-09;1630;671;0;47215;19462;0;19.6;8.1;0.0
19;2021-04-10;939;522;0;48154;19984;0;20.0;8.3;0.0
19;2021-04-11;511;66;0;48665;20050;0;20.2;8.3;0.0
19;2021-04-12;715;500;0;49380;20550;0;20.5;8.6;0.0
19;2021-04-13;926;561;0;50306;21111;0;20.9;8.8;0.0
19;2021-04-14;1354;815;0;51660;21926;0;21.5;9.1;0.0
19;2021-04-15;1253;800;0;52913;22726;0;22.0;9.5;0.0
19;2021-04-16;1530;814;0;54443;23540;0;22.7;9.8;0.0
19;2021-04-17;777;460;0;55220;24000;0;23.0;10.0;0.0
19;2021-04-18;583;65;0;55803;24065;0;23.2;10.0;0.0
19;2021-04-19;733;430;0;56536;24495;0;23.5;10.2;0.0
19;2021-04-20;922;699;0;57458;25194;0;23.9;10.5;0.0
19;2021-04-21;1184;700;0;58642;25894;0;24.4;10.8;0.0
19;2021-04-22;1088;879;0;59730;26773;0;24.9;11.1;0.0
19;2021-04-23;1185;977;0;60915;27750;0;25.3;11.5;0.0
19;2021-04-24;660;652;0;61575;28402;0;25.6;11.8;0.0
19;2021-04-25;641;72;0;62216;28474;0;25.9;11.8;0.0
19;2021-04-26;1102;338;0;63318;28812;0;26.3;12.0;0.0
19;2021-04-27;1071;551;0;64389;29363;0;26.8;12.2;0.0
19;2021-04-28;1540;567;0;65929;29930;0;27.4;12.5;0.0
19;2021-04-29;1464;1086;0;67393;31016;0;28.0;12.9;0.0
19;2021-04-30;1920;1082;0;69313;32098;0;28.8;13.4;0.0
19;2021-05-01;673;183;0;69986;32281;0;29.1;13.4;0.0
19;2021-05-02;552;150;0;70538;32431;0;29.3;13.5;0.0
19;2021-05-03;958;546;0;71496;32977;0;29.7;13.7;0.0
19;2021-05-04;1145;713;0;72641;33690;0;30.2;14.0;0.0
19;2021-05-05;1388;759;0;74029;34449;0;30.8;14.3;0.0
19;2021-05-06;1346;1162;0;75375;35611;0;31.4;14.8;0.0
19;2021-05-07;1733;1197;0;77108;36808;0;32.1;15.3;0.0
19;2021-05-08;854;228;0;77962;37036;0;32.4;15.4;0.0
19;2021-05-09;470;510;0;78432;37546;0;32.6;15.6;0.0
19;2021-05-10;1211;742;0;79643;38288;0;33.1;15.9;0.0
19;2021-05-11;1652;878;0;81295;39166;0;33.8;16.3;0.0
19;2021-05-12;1936;1338;0;83231;40504;0;34.6;16.9;0.0
19;2021-05-13;636;294;0;83867;40798;0;34.9;17.0;0.0
19;2021-05-14;1593;973;0;85460;41771;0;35.6;17.4;0.0
19;2021-05-15;1341;584;0;86801;42355;0;36.1;17.6;0.0
19;2021-05-16;288;95;0;87089;42450;0;36.2;17.7;0.0
19;2021-05-17;1432;584;0;88521;43034;0;36.8;17.9;0.0
19;2021-05-18;1644;518;0;90165;43552;0;37.5;18.1;0.0
19;2021-05-19;1973;852;0;92138;44404;0;38.3;18.5;0.0
19;2021-05-20;1758;895;0;93896;45299;0;39.1;18.8;0.0
19;2021-05-21;1967;873;0;95863;46172;0;39.9;19.2;0.0
19;2021-05-22;1204;631;0;97067;46803;0;40.4;19.5;0.0
19;2021-05-23;292;126;0;97359;46929;0;40.5;19.5;0.0
19;2021-05-24;217;57;0;97576;46986;0;40.6;19.6;0.0
19;2021-05-25;1487;554;0;99063;47540;0;41.2;19.8;0.0
19;2021-05-26;1933;691;0;100996;48231;0;42.0;20.1;0.0
19;2021-05-27;1808;879;0;102804;49110;0;42.8;20.4;0.0
19;2021-05-28;1938;1065;0;104742;50175;0;43.6;20.9;0.0
19;2021-05-29;1346;699;0;106088;50874;0;44.1;21.2;0.0
19;2021-05-30;181;458;0;106269;51332;0;44.2;21.4;0.0
19;2021-05-31;1177;550;0;107446;51882;0;44.7;21.6;0.0
19;2021-06-01;1297;898;0;108743;52780;0;45.2;22.0;0.0
19;2021-06-02;1761;1017;0;110504;53797;0;46.0;22.4;0.0
19;2021-06-03;1500;1172;0;112004;54969;0;46.6;22.9;0.0
19;2021-06-04;1835;1395;0;113839;56364;0;47.4;23.5;0.0
19;2021-06-05;1136;795;0;114975;57159;0;47.8;23.8;0.0
19;2021-06-06;102;593;0;115077;57752;0;47.9;24.0;0.0
19;2021-06-07;919;1012;0;115996;58764;0;48.3;24.5;0.0
19;2021-06-08;1103;962;0;117099;59726;0;48.7;24.9;0.0
19;2021-06-09;1245;1461;0;118344;61187;0;49.2;25.5;0.0
19;2021-06-10;1261;1534;0;119605;62721;0;49.8;26.1;0.0
19;2021-06-11;1280;1953;0;120885;64674;0;50.3;26.9;0.0
19;2021-06-12;1255;1298;0;122140;65972;0;50.8;27.4;0.0
19;2021-06-13;472;418;0;122612;66390;0;51.0;27.6;0.0
19;2021-06-14;687;1149;0;123299;67539;0;51.3;28.1;0.0
19;2021-06-15;943;1291;0;124242;68830;0;51.7;28.6;0.0
19;2021-06-16;1168;1514;0;125410;70344;0;52.2;29.3;0.0
19;2021-06-17;872;1854;0;126282;72198;0;52.5;30.0;0.0
19;2021-06-18;1012;2160;0;127294;74358;0;53.0;30.9;0.0
19;2021-06-19;848;1390;0;128142;75748;0;53.3;31.5;0.0
19;2021-06-20;341;318;0;128483;76066;0;53.5;31.6;0.0
19;2021-06-21;503;1149;0;128986;77215;0;53.7;32.1;0.0
19;2021-06-22;651;1551;0;129637;78766;0;53.9;32.8;0.0
19;2021-06-23;681;1994;0;130318;80760;0;54.2;33.6;0.0
19;2021-06-24;653;1595;0;130971;82355;0;54.5;34.3;0.0
19;2021-06-25;558;2173;0;131529;84528;0;54.7;35.2;0.0
19;2021-06-26;454;1667;0;131983;86195;0;54.9;35.9;0.0
19;2021-06-27;252;374;0;132235;86569;0;55.0;36.0;0.0
19;2021-06-28;297;1525;0;132532;88094;0;55.1;36.7;0.0
19;2021-06-29;370;1907;0;132902;90001;0;55.3;37.4;0.0
19;2021-06-30;717;2080;0;133619;92081;0;55.6;38.3;0.0
19;2021-07-01;343;2267;0;133962;94348;0;55.7;39.3;0.0
19;2021-07-02;750;2290;0;134712;96638;0;56.1;40.2;0.0
19;2021-07-03;479;1693;0;135191;98331;0;56.3;40.9;0.0
19;2021-07-04;20;65;0;135211;98396;0;56.3;40.9;0.0
19;2021-07-05;585;1047;0;135796;99443;0;56.5;41.4;0.0
19;2021-07-06;471;1539;0;136267;100982;0;56.7;42.0;0.0
19;2021-07-07;612;2125;0;136879;103107;0;57.0;42.9;0.0
19;2021-07-08;726;2106;0;137605;105213;0;57.3;43.8;0.0
19;2021-07-09;683;2608;0;138288;107821;0;57.5;44.9;0.0
19;2021-07-10;530;1644;0;138818;109465;0;57.8;45.5;0.0
19;2021-07-11;60;215;0;138878;109680;0;57.8;45.6;0.0
19;2021-07-12;445;1501;0;139323;111181;0;58.0;46.3;0.0
19;2021-07-13;665;1832;0;139988;113013;0;58.2;47.0;0.0
19;2021-07-14;219;273;0;140207;113286;0;58.3;47.1;0.0
19;2021-07-15;850;1968;0;141057;115254;0;58.7;48.0;0.0
19;2021-07-16;1117;2350;0;142174;117604;0;59.2;48.9;0.0
19;2021-07-17;717;1582;0;142891;119186;0;59.5;49.6;0.0
19;2021-07-18;312;580;0;143203;119766;0;59.6;49.8;0.0
19;2021-07-19;918;1355;0;144121;121121;0;60.0;50.4;0.0
19;2021-07-20;968;1594;0;145089;122715;0;60.4;51.1;0.0
19;2021-07-21;1054;1625;0;146143;124340;0;60.8;51.7;0.0
19;2021-07-22;1334;1719;0;147477;126059;0;61.4;52.5;0.0
19;2021-07-23;1682;1928;0;149159;127987;0;62.1;53.3;0.0
19;2021-07-24;909;1605;0;150068;129592;0;62.4;53.9;0.0
19;2021-07-25;168;457;0;150236;130049;0;62.5;54.1;0.0
19;2021-07-26;905;921;0;151141;130970;0;62.9;54.5;0.0
19;2021-07-27;1370;1049;0;152511;132019;0;63.5;54.9;0.0
19;2021-07-28;1930;1177;0;154441;133196;0;64.3;55.4;0.0
19;2021-07-29;1563;1124;0;156004;134320;0;64.9;55.9;0.0
19;2021-07-30;1831;1034;0;157835;135354;0;65.7;56.3;0.0
19;2021-07-31;1099;965;0;158934;136319;0;66.1;56.7;0.0
19;2021-08-01;344;320;0;159278;136639;0;66.3;56.9;0.0
19;2021-08-02;1059;747;0;160337;137386;0;66.7;57.2;0.0
19;2021-08-03;1389;938;0;161726;138324;0;67.3;57.6;0.0
19;2021-08-04;1678;643;0;163404;138967;0;68.0;57.8;0.0
19;2021-08-05;1418;851;0;164822;139818;0;68.6;58.2;0.0
19;2021-08-06;1786;1138;0;166608;140956;0;69.3;58.6;0.0
19;2021-08-07;1189;896;0;167797;141852;0;69.8;59.0;0.0
19;2021-08-08;184;184;0;167981;142036;0;69.9;59.1;0.0
19;2021-08-09;932;739;0;168913;142775;0;70.3;59.4;0.0
19;2021-08-10;1117;943;0;170030;143718;0;70.7;59.8;0.0
19;2021-08-11;1168;904;0;171198;144622;0;71.2;60.2;0.0
19;2021-08-12;933;1100;0;172131;145722;0;71.6;60.6;0.0
19;2021-08-13;1071;1112;0;173202;146834;0;72.1;61.1;0.0
19;2021-08-14;845;1066;0;174047;147900;0;72.4;61.5;0.0
19;2021-08-15;40;63;0;174087;147963;0;72.4;61.6;0.0
19;2021-08-16;538;964;0;174625;148927;0;72.7;62.0;0.0
19;2021-08-17;554;1121;0;175179;150048;0;72.9;62.4;0.0
19;2021-08-18;570;909;0;175749;150957;0;73.1;62.8;0.0
19;2021-08-19;438;1194;0;176187;152151;0;73.3;63.3;0.0
19;2021-08-20;784;1760;0;176971;153911;0;73.6;64.0;0.0
19;2021-08-21;420;1256;0;177391;155167;0;73.8;64.6;0.0
19;2021-08-22;49;105;0;177440;155272;0;73.8;64.6;0.0
19;2021-08-23;220;1106;0;177660;156378;0;73.9;65.1;0.0
19;2021-08-24;438;1180;0;178098;157558;0;74.1;65.6;0.0
19;2021-08-25;562;1461;0;178660;159019;0;74.3;66.2;0.0
19;2021-08-26;444;1303;0;179104;160322;0;74.5;66.7;0.0
19;2021-08-27;448;1585;0;179552;161907;0;74.7;67.4;0.0
19;2021-08-28;338;1198;0;179890;163105;0;74.8;67.9;0.0
19;2021-08-29;51;170;0;179941;163275;0;74.9;67.9;0.0
19;2021-08-30;227;1070;5;180168;164345;5;75.0;68.4;0.0
19;2021-08-31;316;1260;97;180484;165605;102;75.1;68.9;0.0
19;2021-09-01;364;1333;43;180848;166938;145;75.2;69.5;0.1
19;2021-09-02;342;1087;119;181190;168025;264;75.4;69.9;0.1
19;2021-09-03;379;1372;93;181569;169397;357;75.5;70.5;0.1
19;2021-09-04;270;1252;26;181839;170649;383;75.7;71.0;0.2
19;2021-09-05;25;98;128;181864;170747;511;75.7;71.0;0.2
19;2021-09-06;189;589;69;182053;171336;580;75.7;71.3;0.2
19;2021-09-07;216;680;70;182269;172016;650;75.8;71.6;0.3
19;2021-09-08;266;715;188;182535;172731;838;75.9;71.9;0.3
19;2021-09-09;252;519;95;182787;173250;933;76.1;72.1;0.4
19;2021-09-10;252;697;147;183039;173947;1080;76.2;72.4;0.4
19;2021-09-11;269;949;95;183308;174896;1175;76.3;72.8;0.5
19;2021-09-12;26;48;74;183334;174944;1249;76.3;72.8;0.5
19;2021-09-13;98;249;244;183432;175193;1493;76.3;72.9;0.6
19;2021-09-14;173;340;252;183605;175533;1745;76.4;73.0;0.7
19;2021-09-15;229;559;312;183834;176092;2057;76.5;73.3;0.9
19;2021-09-16;213;355;257;184047;176447;2314;76.6;73.4;1.0
19;2021-09-17;250;522;171;184297;176969;2485;76.7;73.6;1.0
19;2021-09-18;163;628;87;184460;177597;2572;76.8;73.9;1.1
19;2021-09-19;12;23;4;184472;177620;2576;76.8;73.9;1.1
19;2021-09-20;116;212;285;184588;177832;2861;76.8;74.0;1.2
19;2021-09-21;126;267;437;184714;178099;3298;76.9;74.1;1.4
19;2021-09-22;135;365;272;184849;178464;3570;76.9;74.3;1.5
19;2021-09-23;78;277;241;184927;178741;3811;76.9;74.4;1.6
19;2021-09-24;131;333;375;185058;179074;4186;77.0;74.5;1.7
19;2021-09-25;128;507;127;185186;179581;4313;77.1;74.7;1.8
19;2021-09-26;15;24;4;185201;179605;4317;77.1;74.7;1.8
19;2021-09-27;42;201;288;185243;179806;4605;77.1;74.8;1.9
19;2021-09-28;65;197;281;185308;180003;4886;77.1;74.9;2.0
19;2021-09-29;83;334;263;185391;180337;5149;77.1;75.0;2.1
19;2021-09-30;107;279;226;185498;180616;5375;77.2;75.2;2.2
19;2021-10-01;123;233;217;185621;180849;5592;77.2;75.2;2.3
19;2021-10-02;134;301;185;185755;181150;5777;77.3;75.4;2.4
19;2021-10-03;9;12;10;185764;181162;5787;77.3;75.4;2.4
19;2021-10-04;56;119;208;185820;181281;5995;77.3;75.4;2.5
19;2021-10-05;79;161;325;185899;181442;6320;77.3;75.5;2.6
19;2021-10-06;108;239;311;186007;181681;6631;77.4;75.6;2.8
19;2021-10-07;62;231;289;186069;181912;6920;77.4;75.7;2.9
19;2021-10-08;79;235;268;186148;182147;7188;77.5;75.8;3.0
19;2021-10-09;133;245;263;186281;182392;7451;77.5;75.9;3.1
19;2021-10-10;3;8;22;186284;182400;7473;77.5;75.9;3.1
19;2021-10-11;59;148;257;186343;182548;7730;77.5;76.0;3.2
19;2021-10-12;77;159;443;186420;182707;8173;77.6;76.0;3.4
19;2021-10-13;105;184;326;186525;182891;8499;77.6;76.1;3.5
19;2021-10-14;71;98;349;186596;182989;8848;77.6;76.1;3.7
19;2021-10-15;97;152;278;186693;183141;9126;77.7;76.2;3.8
19;2021-10-16;121;220;275;186814;183361;9401;77.7;76.3;3.9
19;2021-10-17;0;21;1;186814;183382;9402;77.7;76.3;3.9
19;2021-10-18;45;73;309;186859;183455;9711;77.7;76.3;4.0
19;2021-10-19;62;79;418;186921;183534;10129;77.8;76.4;4.2
19;2021-10-20;60;141;463;186981;183675;10592;77.8;76.4;4.4
19;2021-10-21;60;105;435;187041;183780;11027;77.8;76.5;4.6
19;2021-10-22;91;111;366;187132;183891;11393;77.9;76.5;4.7
19;2021-10-23;98;186;443;187230;184077;11836;77.9;76.6;4.9
19;2021-10-24;2;13;9;187232;184090;11845;77.9;76.6;4.9
19;2021-10-25;46;70;381;187278;184160;12226;77.9;76.6;5.1
19;2021-10-26;53;66;479;187331;184226;12705;77.9;76.7;5.3
19;2021-10-27;49;84;520;187380;184310;13225;78.0;76.7;5.5
19;2021-10-28;62;90;523;187442;184400;13748;78.0;76.7;5.7
19;2021-10-29;59;95;361;187501;184495;14109;78.0;76.8;5.9
19;2021-10-30;76;125;425;187577;184620;14534;78.0;76.8;6.0
19;2021-10-31;5;5;32;187582;184625;14566;78.0;76.8;6.1
19;2021-11-01;3;2;8;187585;184627;14574;78.1;76.8;6.1
19;2021-11-02;58;76;589;187643;184703;15163;78.1;76.9;6.3
19;2021-11-03;54;98;532;187697;184801;15695;78.1;76.9;6.5
19;2021-11-04;54;63;522;187751;184864;16217;78.1;76.9;6.7
19;2021-11-05;62;101;519;187813;184965;16736;78.1;77.0;7.0
19;2021-11-06;95;123;470;187908;185088;17206;78.2;77.0;7.2
19;2021-11-07;2;3;11;187910;185091;17217;78.2;77.0;7.2
19;2021-11-08;38;70;481;187948;185161;17698;78.2;77.0;7.4
19;2021-11-09;48;92;885;187996;185253;18583;78.2;77.1;7.7
19;2021-11-10;63;83;742;188059;185336;19325;78.2;77.1;8.0
19;2021-11-11;3;2;13;188062;185338;19338;78.2;77.1;8.0
19;2021-11-12;64;76;579;188126;185414;19917;78.3;77.1;8.3
19;2021-11-13;51;70;488;188177;185484;20405;78.3;77.2;8.5
19;2021-11-14;13;3;39;188190;185487;20444;78.3;77.2;8.5
19;2021-11-15;33;56;544;188223;185543;20988;78.3;77.2;8.7
19;2021-11-16;43;51;1042;188266;185594;22030;78.3;77.2;9.2
19;2021-11-17;57;69;844;188323;185663;22874;78.4;77.3;9.5
19;2021-11-18;51;65;691;188374;185728;23565;78.4;77.3;9.8
19;2021-11-19;89;95;995;188463;185823;24560;78.4;77.3;10.2
19;2021-11-20;80;109;691;188543;185932;25251;78.4;77.4;10.5
19;2021-11-21;10;7;52;188553;185939;25303;78.5;77.4;10.5
19;2021-11-22;50;31;734;188603;185970;26037;78.5;77.4;10.8
19;2021-11-23;73;68;1237;188676;186038;27274;78.5;77.4;11.3
19;2021-11-24;72;70;953;188748;186108;28227;78.5;77.4;11.7
19;2021-11-25;69;60;1018;188817;186168;29245;78.6;77.5;12.2
19;2021-11-26;94;61;1257;188911;186229;30502;78.6;77.5;12.7
19;2021-11-27;91;108;1323;189002;186337;31825;78.6;77.5;13.2
19;2021-11-28;31;17;813;189033;186354;32638;78.7;77.5;13.6
19;2021-11-29;30;28;1105;189063;186382;33743;78.7;77.6;14.0
19;2021-11-30;62;69;1827;189125;186451;35570;78.7;77.6;14.8
19;2021-12-01;35;42;1352;189160;186493;36922;78.7;77.6;15.4
19;2021-12-02;37;30;2127;189197;186523;39049;78.7;77.6;16.2
19;2021-12-03;76;86;2172;189273;186609;41221;78.8;77.6;17.2
19;2021-12-04;46;75;1663;189319;186684;42884;78.8;77.7;17.8
19;2021-12-05;8;12;314;189327;186696;43198;78.8;77.7;18.0
19;2021-12-06;32;34;1503;189359;186730;44701;78.8;77.7;18.6
19;2021-12-07;48;47;2298;189407;186777;46999;78.8;77.7;19.6
19;2021-12-08;47;64;1960;189454;186841;48959;78.8;77.7;20.4
19;2021-12-09;44;60;2163;189498;186901;51122;78.8;77.8;21.3
19;2021-12-10;65;83;2850;189563;186984;53972;78.9;77.8;22.5
19;2021-12-11;35;80;2086;189598;187064;56058;78.9;77.8;23.3
19;2021-12-12;12;10;688;189610;187074;56746;78.9;77.8;23.6
19;2021-12-13;32;58;2041;189642;187132;58787;78.9;77.9;24.5
19;2021-12-14;71;75;3317;189713;187207;62104;78.9;77.9;25.8
19;2021-12-15;60;81;2918;189773;187288;65022;79.0;77.9;27.1
19;2021-12-16;69;81;3396;189842;187369;68418;79.0;78.0;28.5
19;2021-12-17;68;114;3150;189910;187483;71568;79.0;78.0;29.8
19;2021-12-18;73;98;2787;189983;187581;74355;79.0;78.0;30.9
19;2021-12-19;45;30;1337;190028;187611;75692;79.1;78.1;31.5
19;2021-12-20;77;69;2405;190105;187680;78097;79.1;78.1;32.5
19;2021-12-21;87;67;2918;190192;187747;81015;79.1;78.1;33.7
19;2021-12-22;103;69;2529;190295;187816;83544;79.2;78.1;34.8
19;2021-12-23;94;44;2124;190389;187860;85668;79.2;78.2;35.6
19;2021-12-24;13;29;387;190402;187889;86055;79.2;78.2;35.8
19;2021-12-25;1;2;12;190403;187891;86067;79.2;78.2;35.8
19;2021-12-26;10;12;249;190413;187903;86316;79.2;78.2;35.9
19;2021-12-27;70;59;1863;190483;187962;88179;79.3;78.2;36.7
19;2021-12-28;107;61;2550;190590;188023;90729;79.3;78.2;37.8
21;2020-12-27;4;0;0;4;0;0;0.0;0.0;0.0
21;2020-12-28;1;0;0;5;0;0;0.0;0.0;0.0
21;2020-12-29;18;0;0;23;0;0;0.0;0.0;0.0
21;2020-12-30;21;0;0;44;0;0;0.0;0.0;0.0
21;2020-12-31;0;0;0;44;0;0;0.0;0.0;0.0
21;2021-01-01;0;0;0;44;0;0;0.0;0.0;0.0
21;2021-01-02;1;0;0;45;0;0;0.0;0.0;0.0
21;2021-01-03;0;0;0;45;0;0;0.0;0.0;0.0
21;2021-01-04;19;0;0;64;0;0;0.0;0.0;0.0
21;2021-01-05;239;1;0;303;1;0;0.1;0.0;0.0
21;2021-01-06;299;0;0;602;1;0;0.1;0.0;0.0
21;2021-01-07;368;0;0;970;1;0;0.2;0.0;0.0
21;2021-01-08;460;2;0;1430;3;0;0.3;0.0;0.0
21;2021-01-09;248;0;0;1678;3;0;0.3;0.0;0.0
21;2021-01-10;2;0;0;1680;3;0;0.3;0.0;0.0
21;2021-01-11;627;1;0;2307;4;0;0.4;0.0;0.0
21;2021-01-12;637;0;0;2944;4;0;0.6;0.0;0.0
21;2021-01-13;692;1;0;3636;5;0;0.7;0.0;0.0
21;2021-01-14;1138;8;0;4774;13;0;0.9;0.0;0.0
21;2021-01-15;696;4;0;5470;17;0;1.0;0.0;0.0
21;2021-01-16;156;2;0;5626;19;0;1.1;0.0;0.0
21;2021-01-17;5;0;0;5631;19;0;1.1;0.0;0.0
21;2021-01-18;1261;6;0;6892;25;0;1.3;0.0;0.0
21;2021-01-19;1244;4;0;8136;29;0;1.5;0.0;0.0
21;2021-01-20;1202;48;0;9338;77;0;1.8;0.0;0.0
21;2021-01-21;1495;8;0;10833;85;0;2.0;0.0;0.0
21;2021-01-22;1241;5;0;12074;90;0;2.3;0.0;0.0
21;2021-01-23;482;0;0;12556;90;0;2.4;0.0;0.0
21;2021-01-24;125;0;0;12681;90;0;2.4;0.0;0.0
21;2021-01-25;907;17;0;13588;107;0;2.5;0.0;0.0
21;2021-01-26;1479;142;0;15067;249;0;2.8;0.0;0.0
21;2021-01-27;1971;159;0;17038;408;0;3.2;0.1;0.0
21;2021-01-28;1458;230;0;18496;638;0;3.5;0.1;0.0
21;2021-01-29;1047;225;0;19543;863;0;3.7;0.2;0.0
21;2021-01-30;480;38;0;20023;901;0;3.8;0.2;0.0
21;2021-01-31;93;4;0;20116;905;0;3.8;0.2;0.0
21;2021-02-01;470;297;0;20586;1202;0;3.9;0.2;0.0
21;2021-02-02;449;370;0;21035;1572;0;3.9;0.3;0.0
21;2021-02-03;497;291;0;21532;1863;0;4.0;0.3;0.0
21;2021-02-04;437;526;0;21969;2389;0;4.1;0.4;0.0
21;2021-02-05;544;514;0;22513;2903;0;4.2;0.5;0.0
21;2021-02-06;159;216;0;22672;3119;0;4.3;0.6;0.0
21;2021-02-07;1;4;0;22673;3123;0;4.3;0.6;0.0
21;2021-02-08;428;398;0;23101;3521;0;4.3;0.7;0.0
21;2021-02-09;515;542;0;23616;4063;0;4.4;0.8;0.0
21;2021-02-10;468;590;0;24084;4653;0;4.5;0.9;0.0
21;2021-02-11;484;732;0;24568;5385;0;4.6;1.0;0.0
21;2021-02-12;391;951;0;24959;6336;0;4.7;1.2;0.0
21;2021-02-13;337;299;0;25296;6635;0;4.7;1.2;0.0
21;2021-02-14;218;152;0;25514;6787;0;4.8;1.3;0.0
21;2021-02-15;129;1344;0;25643;8131;0;4.8;1.5;0.0
21;2021-02-16;220;1493;0;25863;9624;0;4.9;1.8;0.0
21;2021-02-17;381;1924;0;26244;11548;0;4.9;2.2;0.0
21;2021-02-18;576;1316;0;26820;12864;0;5.0;2.4;0.0
21;2021-02-19;216;1085;0;27036;13949;0;5.1;2.6;0.0
21;2021-02-20;120;382;0;27156;14331;0;5.1;2.7;0.0
21;2021-02-21;0;73;0;27156;14404;0;5.1;2.7;0.0
21;2021-02-22;92;782;0;27248;15186;0;5.1;2.8;0.0
21;2021-02-23;179;1006;0;27427;16192;0;5.1;3.0;0.0
21;2021-02-24;212;738;0;27639;16930;0;5.2;3.2;0.0
21;2021-02-25;637;827;0;28276;17757;0;5.3;3.3;0.0
21;2021-02-26;927;710;0;29203;18467;0;5.5;3.5;0.0
21;2021-02-27;520;306;0;29723;18773;0;5.6;3.5;0.0
21;2021-02-28;24;99;0;29747;18872;0;5.6;3.5;0.0
21;2021-03-01;693;613;0;30440;19485;0;5.7;3.7;0.0
21;2021-03-02;1076;540;0;31516;20025;0;5.9;3.8;0.0
21;2021-03-03;1124;457;0;32640;20482;0;6.1;3.8;0.0
21;2021-03-04;1638;516;0;34278;20998;0;6.4;3.9;0.0
21;2021-03-05;2172;660;0;36450;21658;0;6.8;4.1;0.0
21;2021-03-06;1578;208;0;38028;21866;0;7.1;4.1;0.0
21;2021-03-07;37;24;0;38065;21890;0;7.1;4.1;0.0
21;2021-03-08;746;450;0;38811;22340;0;7.3;4.2;0.0
21;2021-03-09;1571;571;0;40382;22911;0;7.6;4.3;0.0
21;2021-03-10;1630;563;0;42012;23474;0;7.9;4.4;0.0
21;2021-03-11;2154;696;0;44166;24170;0;8.3;4.5;0.0
21;2021-03-12;2861;457;0;47027;24627;0;8.8;4.6;0.0
21;2021-03-13;1908;193;0;48935;24820;0;9.2;4.7;0.0
21;2021-03-14;46;47;0;48981;24867;0;9.2;4.7;0.0
21;2021-03-15;1401;94;0;50382;24961;0;9.5;4.7;0.0
21;2021-03-16;1784;158;0;52166;25119;0;9.8;4.7;0.0
21;2021-03-17;1729;124;0;53895;25243;0;10.1;4.7;0.0
21;2021-03-18;2024;272;0;55919;25515;0;10.5;4.8;0.0
21;2021-03-19;1911;153;0;57830;25668;0;10.9;4.8;0.0
21;2021-03-20;1216;42;0;59046;25710;0;11.1;4.8;0.0
21;2021-03-21;6;0;0;59052;25710;0;11.1;4.8;0.0
21;2021-03-22;1517;95;0;60569;25805;0;11.4;4.8;0.0
21;2021-03-23;2624;119;0;63193;25924;0;11.9;4.9;0.0
21;2021-03-24;2798;156;0;65991;26080;0;12.4;4.9;0.0
21;2021-03-25;3641;254;0;69632;26334;0;13.1;4.9;0.0
21;2021-03-26;3615;207;0;73247;26541;0;13.7;5.0;0.0
21;2021-03-27;1638;65;0;74885;26606;0;14.1;5.0;0.0
21;2021-03-28;204;37;0;75089;26643;0;14.1;5.0;0.0
21;2021-03-29;1737;531;0;76826;27174;0;14.4;5.1;0.0
21;2021-03-30;2271;787;0;79097;27961;0;14.8;5.2;0.0
21;2021-03-31;2671;660;0;81768;28621;0;15.3;5.4;0.0
21;2021-04-01;2636;729;0;84404;29350;0;15.8;5.5;0.0
21;2021-04-02;2247;755;0;86651;30105;0;16.3;5.6;0.0
21;2021-04-03;988;280;0;87639;30385;0;16.4;5.7;0.0
21;2021-04-04;4;16;0;87643;30401;0;16.4;5.7;0.0
21;2021-04-05;20;1;0;87663;30402;0;16.5;5.7;0.0
21;2021-04-06;1323;1139;0;88986;31541;0;16.7;5.9;0.0
21;2021-04-07;1696;968;0;90682;32509;0;17.0;6.1;0.0
21;2021-04-08;3108;1115;0;93790;33624;0;17.6;6.3;0.0
21;2021-04-09;3357;1178;0;97147;34802;0;18.2;6.5;0.0
21;2021-04-10;1336;741;0;98483;35543;0;18.5;6.7;0.0
21;2021-04-11;141;9;0;98624;35552;0;18.5;6.7;0.0
21;2021-04-12;1145;1340;0;99769;36892;0;18.7;6.9;0.0
21;2021-04-13;1691;1722;0;101460;38614;0;19.0;7.2;0.0
21;2021-04-14;1490;1439;0;102950;40053;0;19.3;7.5;0.0
21;2021-04-15;1946;1546;0;104896;41599;0;19.7;7.8;0.0
21;2021-04-16;2337;1268;0;107233;42867;0;20.1;8.0;0.0
21;2021-04-17;1049;978;0;108282;43845;0;20.3;8.2;0.0
21;2021-04-18;27;11;0;108309;43856;0;20.3;8.2;0.0
21;2021-04-19;1141;1336;0;109450;45192;0;20.5;8.5;0.0
21;2021-04-20;1274;1781;0;110724;46973;0;20.8;8.8;0.0
21;2021-04-21;1158;1695;0;111882;48668;0;21.0;9.1;0.0
21;2021-04-22;1314;2150;0;113196;50818;0;21.2;9.5;0.0
21;2021-04-23;2037;1752;0;115233;52570;0;21.6;9.9;0.0
21;2021-04-24;1012;838;0;116245;53408;0;21.8;10.0;0.0
21;2021-04-25;21;164;0;116266;53572;0;21.8;10.1;0.0
21;2021-04-26;1120;1570;0;117386;55142;0;22.0;10.3;0.0
21;2021-04-27;1922;1899;0;119308;57041;0;22.4;10.7;0.0
21;2021-04-28;2384;2202;0;121692;59243;0;22.8;11.1;0.0
21;2021-04-29;3297;2265;0;124989;61508;0;23.5;11.5;0.0
21;2021-04-30;3663;1839;0;128652;63347;0;24.1;11.9;0.0
21;2021-05-01;1017;233;0;129669;63580;0;24.3;11.9;0.0
21;2021-05-02;21;10;0;129690;63590;0;24.3;11.9;0.0
21;2021-05-03;2183;1279;0;131873;64869;0;24.7;12.2;0.0
21;2021-05-04;2664;1605;0;134537;66474;0;25.2;12.5;0.0
21;2021-05-05;2503;1711;0;137040;68185;0;25.7;12.8;0.0
21;2021-05-06;3189;2253;0;140229;70438;0;26.3;13.2;0.0
21;2021-05-07;2916;2117;0;143145;72555;0;26.9;13.6;0.0
21;2021-05-08;1166;277;0;144311;72832;0;27.1;13.7;0.0
21;2021-05-09;58;171;0;144369;73003;0;27.1;13.7;0.0
21;2021-05-10;3185;1729;0;147554;74732;0;27.7;14.0;0.0
21;2021-05-11;4834;2027;0;152388;76759;0;28.6;14.4;0.0
21;2021-05-12;4833;1773;0;157221;78532;0;29.5;14.7;0.0
21;2021-05-13;3756;377;0;160977;78909;0;30.2;14.8;0.0
21;2021-05-14;5116;1511;0;166093;80420;0;31.2;15.1;0.0
21;2021-05-15;3455;673;0;169548;81093;0;31.8;15.2;0.0
21;2021-05-16;88;13;0;169636;81106;0;31.8;15.2;0.0
21;2021-05-17;3998;1240;0;173634;82346;0;32.6;15.5;0.0
21;2021-05-18;4252;1540;0;177886;83886;0;33.4;15.7;0.0
21;2021-05-19;3526;1121;0;181412;85007;0;34.0;16.0;0.0
21;2021-05-20;3952;1374;0;185364;86381;0;34.8;16.2;0.0
21;2021-05-21;3713;2131;0;189077;88512;0;35.5;16.6;0.0
21;2021-05-22;1636;749;0;190713;89261;0;35.8;16.8;0.0
21;2021-05-23;54;33;0;190767;89294;0;35.8;16.8;0.0
21;2021-05-24;1721;257;0;192488;89551;0;36.1;16.8;0.0
21;2021-05-25;2690;2015;0;195178;91566;0;36.6;17.2;0.0
21;2021-05-26;2643;2034;0;197821;93600;0;37.1;17.6;0.0
21;2021-05-27;3937;2138;0;201758;95738;0;37.9;18.0;0.0
21;2021-05-28;3536;2823;0;205294;98561;0;38.5;18.5;0.0
21;2021-05-29;1912;1429;0;207206;99990;0;38.9;18.8;0.0
21;2021-05-30;132;29;0;207338;100019;0;38.9;18.8;0.0
21;2021-05-31;2501;1780;0;209839;101799;0;39.4;19.1;0.0
21;2021-06-01;3391;2246;0;213230;104045;0;40.0;19.5;0.0
21;2021-06-02;2840;1833;0;216070;105878;0;40.5;19.9;0.0
21;2021-06-03;3292;2075;0;219362;107953;0;41.2;20.3;0.0
21;2021-06-04;3451;2674;0;222813;110627;0;41.8;20.8;0.0
21;2021-06-05;2838;1637;0;225651;112264;0;42.3;21.1;0.0
21;2021-06-06;101;98;0;225752;112362;0;42.4;21.1;0.0
21;2021-06-07;4214;1504;0;229966;113866;0;43.2;21.4;0.0
21;2021-06-08;4681;2251;0;234647;116117;0;44.0;21.8;0.0
21;2021-06-09;4469;1789;0;239116;117906;0;44.9;22.1;0.0
21;2021-06-10;3849;2606;0;242965;120512;0;45.6;22.6;0.0
21;2021-06-11;4151;3179;0;247116;123691;0;46.4;23.2;0.0
21;2021-06-12;2120;1653;0;249236;125344;0;46.8;23.5;0.0
21;2021-06-13;72;26;0;249308;125370;0;46.8;23.5;0.0
21;2021-06-14;2222;2677;0;251530;128047;0;47.2;24.0;0.0
21;2021-06-15;2928;3165;0;254458;131212;0;47.8;24.6;0.0
21;2021-06-16;2911;2813;0;257369;134025;0;48.3;25.2;0.0
21;2021-06-17;3316;3112;0;260685;137137;0;48.9;25.7;0.0
21;2021-06-18;2484;3867;0;263169;141004;0;49.4;26.5;0.0
21;2021-06-19;1979;1886;0;265148;142890;0;49.8;26.8;0.0
21;2021-06-20;42;37;0;265190;142927;0;49.8;26.8;0.0
21;2021-06-21;1805;3538;0;266995;146465;0;50.1;27.5;0.0
21;2021-06-22;1847;5810;0;268842;152275;0;50.5;28.6;0.0
21;2021-06-23;2001;5048;0;270843;157323;0;50.8;29.5;0.0
21;2021-06-24;2319;4636;0;273162;161959;0;51.3;30.4;0.0
21;2021-06-25;1513;5865;0;274675;167824;0;51.5;31.5;0.0
21;2021-06-26;1354;3836;0;276029;171660;0;51.8;32.2;0.0
21;2021-06-27;30;160;0;276059;171820;0;51.8;32.2;0.0
21;2021-06-28;1353;4080;0;277412;175900;0;52.1;33.0;0.0
21;2021-06-29;1571;4256;0;278983;180156;0;52.4;33.8;0.0
21;2021-06-30;1578;3507;0;280561;183663;0;52.6;34.5;0.0
21;2021-07-01;1726;4216;0;282287;187879;0;53.0;35.3;0.0
21;2021-07-02;2230;4208;0;284517;192087;0;53.4;36.0;0.0
21;2021-07-03;1096;2022;0;285613;194109;0;53.6;36.4;0.0
21;2021-07-04;57;97;0;285670;194206;0;53.6;36.4;0.0
21;2021-07-05;1582;3657;0;287252;197863;0;53.9;37.1;0.0
21;2021-07-06;1395;3647;0;288647;201510;0;54.2;37.8;0.0
21;2021-07-07;1535;3344;0;290182;204854;0;54.5;38.4;0.0
21;2021-07-08;1893;4097;0;292075;208951;0;54.8;39.2;0.0
21;2021-07-09;2049;4397;0;294124;213348;0;55.2;40.0;0.0
21;2021-07-10;1064;2547;0;295188;215895;0;55.4;40.5;0.0
21;2021-07-11;53;122;0;295241;216017;0;55.4;40.5;0.0
21;2021-07-12;1634;3790;0;296875;219807;0;55.7;41.2;0.0
21;2021-07-13;2312;4993;0;299187;224800;0;56.1;42.2;0.0
21;2021-07-14;2618;1947;0;301805;226747;0;56.6;42.6;0.0
21;2021-07-15;3733;4666;0;305538;231413;0;57.3;43.4;0.0
21;2021-07-16;3810;5196;0;309348;236609;0;58.1;44.4;0.0
21;2021-07-17;2570;3987;0;311918;240596;0;58.5;45.1;0.0
21;2021-07-18;213;140;0;312131;240736;0;58.6;45.2;0.0
21;2021-07-19;2295;4725;0;314426;245461;0;59.0;46.1;0.0
21;2021-07-20;2773;5437;0;317199;250898;0;59.5;47.1;0.0
21;2021-07-21;2905;4807;0;320104;255705;0;60.1;48.0;0.0
21;2021-07-22;3069;4724;0;323173;260429;0;60.6;48.9;0.0
21;2021-07-23;4109;4929;0;327282;265358;0;61.4;49.8;0.0
21;2021-07-24;2933;2891;0;330215;268249;0;62.0;50.3;0.0
21;2021-07-25;127;103;0;330342;268352;0;62.0;50.4;0.0
21;2021-07-26;2653;3630;0;332995;271982;0;62.5;51.0;0.0
21;2021-07-27;3442;3875;0;336437;275857;0;63.1;51.8;0.0
21;2021-07-28;3640;3394;0;340077;279251;0;63.8;52.4;0.0
21;2021-07-29;4081;3393;1;344158;282644;1;64.6;53.0;0.0
21;2021-07-30;4340;3388;0;348498;286032;1;65.4;53.7;0.0
21;2021-07-31;3218;2331;0;351716;288363;1;66.0;54.1;0.0
21;2021-08-01;353;100;0;352069;288463;1;66.1;54.1;0.0
21;2021-08-02;2593;3155;0;354662;291618;1;66.6;54.7;0.0
21;2021-08-03;2669;2759;0;357331;294377;1;67.1;55.2;0.0
21;2021-08-04;2366;2436;0;359697;296813;1;67.5;55.7;0.0
21;2021-08-05;2219;3082;0;361916;299895;1;67.9;56.3;0.0
21;2021-08-06;2586;3385;0;364502;303280;1;68.4;56.9;0.0
21;2021-08-07;1852;2566;0;366354;305846;1;68.7;57.4;0.0
21;2021-08-08;120;130;0;366474;305976;1;68.8;57.4;0.0
21;2021-08-09;1642;2910;0;368116;308886;1;69.1;58.0;0.0
21;2021-08-10;1452;2758;0;369568;311644;1;69.4;58.5;0.0
21;2021-08-11;1697;2474;0;371265;314118;1;69.7;58.9;0.0
21;2021-08-12;1278;2505;0;372543;316623;1;69.9;59.4;0.0
21;2021-08-13;1497;2827;0;374040;319450;1;70.2;59.9;0.0
21;2021-08-14;875;2425;0;374915;321875;1;70.4;60.4;0.0
21;2021-08-15;69;104;0;374984;321979;1;70.4;60.4;0.0
21;2021-08-16;1247;2771;0;376231;324750;1;70.6;60.9;0.0
21;2021-08-17;1204;2810;0;377435;327560;1;70.8;61.5;0.0
21;2021-08-18;1043;2898;0;378478;330458;1;71.0;62.0;0.0
21;2021-08-19;970;3046;0;379448;333504;1;71.2;62.6;0.0
21;2021-08-20;1038;4059;0;380486;337563;1;71.4;63.3;0.0
21;2021-08-21;788;3018;0;381274;340581;1;71.5;63.9;0.0
21;2021-08-22;37;147;0;381311;340728;1;71.6;63.9;0.0
21;2021-08-23;877;3272;0;382188;344000;1;71.7;64.6;0.0
21;2021-08-24;981;2987;0;383169;346987;1;71.9;65.1;0.0
21;2021-08-25;850;2637;0;384019;349624;1;72.1;65.6;0.0
21;2021-08-26;713;2506;0;384732;352130;1;72.2;66.1;0.0
21;2021-08-27;1024;3487;0;385756;355617;1;72.4;66.7;0.0
21;2021-08-28;689;2773;0;386445;358390;1;72.5;67.3;0.0
21;2021-08-29;53;233;0;386498;358623;1;72.5;67.3;0.0
21;2021-08-30;787;2230;57;387285;360853;58;72.7;67.7;0.0
21;2021-08-31;913;1993;117;388198;362846;175;72.8;68.1;0.0
21;2021-09-01;695;1650;185;388893;364496;360;73.0;68.4;0.1
21;2021-09-02;528;1317;267;389421;365813;627;73.1;68.6;0.1
21;2021-09-03;762;1850;325;390183;367663;952;73.2;69.0;0.2
21;2021-09-04;738;1454;235;390921;369117;1187;73.4;69.3;0.2
21;2021-09-05;71;73;27;390992;369190;1214;73.4;69.3;0.2
21;2021-09-06;397;1245;245;391389;370435;1459;73.4;69.5;0.3
21;2021-09-07;370;1006;282;391759;371441;1741;73.5;69.7;0.3
21;2021-09-08;564;1270;329;392323;372711;2070;73.6;69.9;0.4
21;2021-09-09;421;905;452;392744;373616;2522;73.7;70.1;0.5
21;2021-09-10;608;1351;414;393352;374967;2936;73.8;70.4;0.6
21;2021-09-11;438;1249;171;393790;376216;3107;73.9;70.6;0.6
21;2021-09-12;28;37;3;393818;376253;3110;73.9;70.6;0.6
21;2021-09-13;233;666;248;394051;376919;3358;73.9;70.7;0.6
21;2021-09-14;449;943;462;394500;377862;3820;74.0;70.9;0.7
21;2021-09-15;451;907;614;394951;378769;4434;74.1;71.1;0.8
21;2021-09-16;339;750;525;395290;379519;4959;74.2;71.2;0.9
21;2021-09-17;528;1026;483;395818;380545;5442;74.3;71.4;1.0
21;2021-09-18;304;950;189;396122;381495;5631;74.3;71.6;1.1
21;2021-09-19;9;35;2;396131;381530;5633;74.3;71.6;1.1
21;2021-09-20;221;579;271;396352;382109;5904;74.4;71.7;1.1
21;2021-09-21;364;655;568;396716;382764;6472;74.4;71.8;1.2
21;2021-09-22;321;909;431;397037;383673;6903;74.5;72.0;1.3
21;2021-09-23;272;470;458;397309;384143;7361;74.6;72.1;1.4
21;2021-09-24;332;783;660;397641;384926;8021;74.6;72.2;1.5
21;2021-09-25;186;843;215;397827;385769;8236;74.7;72.4;1.5
21;2021-09-26;9;33;7;397836;385802;8243;74.7;72.4;1.5
21;2021-09-27;208;427;489;398044;386229;8732;74.7;72.5;1.6
21;2021-09-28;205;451;600;398249;386680;9332;74.7;72.6;1.8
21;2021-09-29;234;511;430;398483;387191;9762;74.8;72.7;1.8
21;2021-09-30;256;405;654;398739;387596;10416;74.8;72.7;2.0
21;2021-10-01;439;783;806;399178;388379;11222;74.9;72.9;2.1
21;2021-10-02;231;556;195;399409;388935;11417;75.0;73.0;2.1
21;2021-10-03;7;26;7;399416;388961;11424;75.0;73.0;2.1
21;2021-10-04;207;291;386;399623;389252;11810;75.0;73.0;2.2
21;2021-10-05;157;417;595;399780;389669;12405;75.0;73.1;2.3
21;2021-10-06;230;490;591;400010;390159;12996;75.1;73.2;2.4
21;2021-10-07;141;324;530;400151;390483;13526;75.1;73.3;2.5
21;2021-10-08;374;690;994;400525;391173;14520;75.2;73.4;2.7
21;2021-10-09;243;423;491;400768;391596;15011;75.2;73.5;2.8
21;2021-10-10;12;22;6;400780;391618;15017;75.2;73.5;2.8
21;2021-10-11;129;283;437;400909;391901;15454;75.2;73.5;2.9
21;2021-10-12;167;397;707;401076;392298;16161;75.3;73.6;3.0
21;2021-10-13;224;385;723;401300;392683;16884;75.3;73.7;3.2
21;2021-10-14;169;334;608;401469;393017;17492;75.3;73.8;3.3
21;2021-10-15;279;449;1008;401748;393466;18500;75.4;73.8;3.5
21;2021-10-16;195;282;481;401943;393748;18981;75.4;73.9;3.6
21;2021-10-17;6;14;5;401949;393762;18986;75.4;73.9;3.6
21;2021-10-18;114;234;578;402063;393996;19564;75.5;73.9;3.7
21;2021-10-19;113;260;600;402176;394256;20164;75.5;74.0;3.8
21;2021-10-20;255;295;854;402431;394551;21018;75.5;74.0;3.9
21;2021-10-21;122;259;654;402553;394810;21672;75.5;74.1;4.1
21;2021-10-22;269;420;1100;402822;395230;22772;75.6;74.2;4.3
21;2021-10-23;163;244;394;402985;395474;23166;75.6;74.2;4.3
21;2021-10-24;17;14;33;403002;395488;23199;75.6;74.2;4.4
21;2021-10-25;169;228;627;403171;395716;23826;75.7;74.3;4.5
21;2021-10-26;124;145;690;403295;395861;24516;75.7;74.3;4.6
21;2021-10-27;208;271;1216;403503;396132;25732;75.7;74.3;4.8
21;2021-10-28;132;172;748;403635;396304;26480;75.7;74.4;5.0
21;2021-10-29;189;303;1348;403824;396607;27828;75.8;74.4;5.2
21;2021-10-30;112;184;383;403936;396791;28211;75.8;74.5;5.3
21;2021-10-31;2;10;13;403938;396801;28224;75.8;74.5;5.3
21;2021-11-01;15;20;1;403953;396821;28225;75.8;74.5;5.3
21;2021-11-02;145;207;776;404098;397028;29001;75.8;74.5;5.4
21;2021-11-03;174;266;1164;404272;397294;30165;75.9;74.6;5.7
21;2021-11-04;125;143;935;404397;397437;31100;75.9;74.6;5.8
21;2021-11-05;209;329;1608;404606;397766;32708;75.9;74.6;6.1
21;2021-11-06;137;241;808;404743;398007;33516;76.0;74.7;6.3
21;2021-11-07;4;3;1;404747;398010;33517;76.0;74.7;6.3
21;2021-11-08;130;170;1264;404877;398180;34781;76.0;74.7;6.5
21;2021-11-09;115;163;1527;404992;398343;36308;76.0;74.8;6.8
21;2021-11-10;193;276;1864;405185;398619;38172;76.0;74.8;7.2
21;2021-11-11;12;16;38;405197;398635;38210;76.0;74.8;7.2
21;2021-11-12;216;276;1878;405413;398911;40088;76.1;74.9;7.5
21;2021-11-13;134;172;564;405547;399083;40652;76.1;74.9;7.6
21;2021-11-14;2;13;14;405549;399096;40666;76.1;74.9;7.6
21;2021-11-15;117;129;1434;405666;399225;42100;76.1;74.9;7.9
21;2021-11-16;104;151;1547;405770;399376;43647;76.1;74.9;8.2
21;2021-11-17;211;253;1900;405981;399629;45547;76.2;75.0;8.5
21;2021-11-18;128;173;1469;406109;399802;47016;76.2;75.0;8.8
21;2021-11-19;225;305;2475;406334;400107;49491;76.3;75.1;9.3
21;2021-11-20;172;210;810;406506;400317;50301;76.3;75.1;9.4
21;2021-11-21;12;7;8;406518;400324;50309;76.3;75.1;9.4
21;2021-11-22;128;117;1624;406646;400441;51933;76.3;75.1;9.7
21;2021-11-23;110;114;1915;406756;400555;53848;76.3;75.2;10.1
21;2021-11-24;234;246;2323;406990;400801;56171;76.4;75.2;10.5
21;2021-11-25;120;133;2229;407110;400934;58400;76.4;75.2;11.0
21;2021-11-26;258;258;4716;407368;401192;63116;76.4;75.3;11.8
21;2021-11-27;169;173;2630;407537;401365;65746;76.5;75.3;12.3
21;2021-11-28;7;5;262;407544;401370;66008;76.5;75.3;12.4
21;2021-11-29;105;113;3978;407649;401483;69986;76.5;75.3;13.1
21;2021-11-30;136;138;4634;407785;401621;74620;76.5;75.4;14.0
21;2021-12-01;171;203;5061;407956;401824;79681;76.6;75.4;15.0
21;2021-12-02;96;135;4957;408052;401959;84638;76.6;75.4;15.9
21;2021-12-03;187;221;6167;408239;402180;90805;76.6;75.5;17.0
21;2021-12-04;154;188;3458;408393;402368;94263;76.6;75.5;17.7
21;2021-12-05;25;8;634;408418;402376;94897;76.6;75.5;17.8
21;2021-12-06;79;149;4586;408497;402525;99483;76.7;75.5;18.7
21;2021-12-07;147;165;6005;408644;402690;105488;76.7;75.6;19.8
21;2021-12-08;140;202;5528;408784;402892;111016;76.7;75.6;20.8
21;2021-12-09;139;137;5530;408923;403029;116546;76.7;75.6;21.9
21;2021-12-10;171;229;6787;409094;403258;123333;76.8;75.7;23.1
21;2021-12-11;112;170;4032;409206;403428;127365;76.8;75.7;23.9
21;2021-12-12;34;26;688;409240;403454;128053;76.8;75.7;24.0
21;2021-12-13;124;153;4941;409364;403607;132994;76.8;75.7;25.0
21;2021-12-14;136;167;7000;409500;403774;139994;76.8;75.8;26.3
21;2021-12-15;179;220;6631;409679;403994;146625;76.9;75.8;27.5
21;2021-12-16;150;143;6048;409829;404137;152673;76.9;75.8;28.7
21;2021-12-17;180;264;7252;410009;404401;159925;76.9;75.9;30.0
21;2021-12-18;145;183;3896;410154;404584;163821;77.0;75.9;30.7
21;2021-12-19;23;16;848;410177;404600;164669;77.0;75.9;30.9
21;2021-12-20;194;177;5465;410371;404777;170134;77.0;76.0;31.9
21;2021-12-21;233;215;6734;410604;404992;176868;77.1;76.0;33.2
21;2021-12-22;184;202;5338;410788;405194;182206;77.1;76.0;34.2
21;2021-12-23;171;136;3282;410959;405330;185488;77.1;76.1;34.8
21;2021-12-24;38;45;716;410997;405375;186204;77.1;76.1;34.9
21;2021-12-25;2;4;12;410999;405379;186216;77.1;76.1;34.9
21;2021-12-26;10;5;121;411009;405384;186337;77.1;76.1;35.0
21;2021-12-27;138;184;4189;411147;405568;190526;77.2;76.1;35.8
21;2021-12-28;178;188;5280;411325;405756;195806;77.2;76.1;36.7
22;2020-12-27;0;0;0;0;0;0;0.0;0.0;0.0
22;2020-12-28;0;0;0;0;0;0;0.0;0.0;0.0
22;2020-12-29;0;0;0;0;0;0;0.0;0.0;0.0
22;2020-12-30;0;0;0;0;0;0;0.0;0.0;0.0
22;2020-12-31;0;0;0;0;0;0;0.0;0.0;0.0
22;2021-01-01;1;0;0;1;0;0;0.0;0.0;0.0
22;2021-01-02;2;0;0;3;0;0;0.0;0.0;0.0
22;2021-01-03;1;0;0;4;0;0;0.0;0.0;0.0
22;2021-01-04;3;0;0;7;0;0;0.0;0.0;0.0
22;2021-01-05;52;0;0;59;0;0;0.0;0.0;0.0
22;2021-01-06;114;1;0;173;1;0;0.0;0.0;0.0
22;2021-01-07;72;0;0;245;1;0;0.0;0.0;0.0
22;2021-01-08;186;0;0;431;1;0;0.1;0.0;0.0
22;2021-01-09;1;0;0;432;1;0;0.1;0.0;0.0
22;2021-01-10;1;0;0;433;1;0;0.1;0.0;0.0
22;2021-01-11;239;3;0;672;4;0;0.1;0.0;0.0
22;2021-01-12;609;0;0;1281;4;0;0.2;0.0;0.0
22;2021-01-13;663;1;0;1944;5;0;0.3;0.0;0.0
22;2021-01-14;730;8;0;2674;13;0;0.4;0.0;0.0
22;2021-01-15;535;1;0;3209;14;0;0.5;0.0;0.0
22;2021-01-16;101;0;0;3310;14;0;0.6;0.0;0.0
22;2021-01-17;3;0;0;3313;14;0;0.6;0.0;0.0
22;2021-01-18;352;2;0;3665;16;0;0.6;0.0;0.0
22;2021-01-19;753;0;0;4418;16;0;0.7;0.0;0.0
22;2021-01-20;652;2;0;5070;18;0;0.9;0.0;0.0
22;2021-01-21;1003;2;0;6073;20;0;1.0;0.0;0.0
22;2021-01-22;846;2;0;6919;22;0;1.2;0.0;0.0
22;2021-01-23;230;0;0;7149;22;0;1.2;0.0;0.0
22;2021-01-24;12;0;0;7161;22;0;1.2;0.0;0.0
22;2021-01-25;795;11;0;7956;33;0;1.3;0.0;0.0
22;2021-01-26;977;57;0;8933;90;0;1.5;0.0;0.0
22;2021-01-27;3558;115;0;12491;205;0;2.1;0.0;0.0
22;2021-01-28;4257;84;0;16748;289;0;2.8;0.0;0.0
22;2021-01-29;1803;133;0;18551;422;0;3.1;0.1;0.0
22;2021-01-30;282;1;0;18833;423;0;3.2;0.1;0.0
22;2021-01-31;6;0;0;18839;423;0;3.2;0.1;0.0
22;2021-02-01;651;97;0;19490;520;0;3.3;0.1;0.0
22;2021-02-02;869;425;0;20359;945;0;3.4;0.2;0.0
22;2021-02-03;699;486;0;21058;1431;0;3.5;0.2;0.0
22;2021-02-04;938;641;0;21996;2072;0;3.7;0.3;0.0
22;2021-02-05;722;559;0;22718;2631;0;3.8;0.4;0.0
22;2021-02-06;248;2;0;22966;2633;0;3.9;0.4;0.0
22;2021-02-07;13;0;0;22979;2633;0;3.9;0.4;0.0
22;2021-02-08;553;149;0;23532;2782;0;3.9;0.5;0.0
22;2021-02-09;625;425;0;24157;3207;0;4.1;0.5;0.0
22;2021-02-10;451;285;0;24608;3492;0;4.1;0.6;0.0
22;2021-02-11;1059;388;0;25667;3880;0;4.3;0.7;0.0
22;2021-02-12;629;332;0;26296;4212;0;4.4;0.7;0.0
22;2021-02-13;318;92;0;26614;4304;0;4.5;0.7;0.0
22;2021-02-14;4;12;0;26618;4316;0;4.5;0.7;0.0
22;2021-02-15;688;486;0;27306;4802;0;4.6;0.8;0.0
22;2021-02-16;1021;717;0;28327;5519;0;4.8;0.9;0.0
22;2021-02-17;1174;2264;0;29501;7783;0;4.9;1.3;0.0
22;2021-02-18;2088;2847;0;31589;10630;0;5.3;1.8;0.0
22;2021-02-19;1577;1876;0;33166;12506;0;5.6;2.1;0.0
22;2021-02-20;479;210;0;33645;12716;0;5.6;2.1;0.0
22;2021-02-21;13;49;0;33658;12765;0;5.6;2.1;0.0
22;2021-02-22;418;729;0;34076;13494;0;5.7;2.3;0.0
22;2021-02-23;620;944;0;34696;14438;0;5.8;2.4;0.0
22;2021-02-24;712;896;0;35408;15334;0;5.9;2.6;0.0
22;2021-02-25;1203;1200;0;36611;16534;0;6.1;2.8;0.0
22;2021-02-26;1080;716;0;37691;17250;0;6.3;2.9;0.0
22;2021-02-27;575;280;0;38266;17530;0;6.4;2.9;0.0
22;2021-02-28;21;11;0;38287;17541;0;6.4;2.9;0.0
22;2021-03-01;963;555;0;39250;18096;0;6.6;3.0;0.0
22;2021-03-02;1196;879;0;40446;18975;0;6.8;3.2;0.0
22;2021-03-03;1295;864;0;41741;19839;0;7.0;3.3;0.0
22;2021-03-04;1606;915;0;43347;20754;0;7.3;3.5;0.0
22;2021-03-05;2144;810;0;45491;21564;0;7.6;3.6;0.0
22;2021-03-06;1097;285;0;46588;21849;0;7.8;3.7;0.0
22;2021-03-07;224;10;0;46812;21859;0;7.9;3.7;0.0
22;2021-03-08;1282;661;0;48094;22520;0;8.1;3.8;0.0
22;2021-03-09;1819;748;0;49913;23268;0;8.4;3.9;0.0
22;2021-03-10;1945;953;0;51858;24221;0;8.7;4.1;0.0
22;2021-03-11;2367;1597;0;54225;25818;0;9.1;4.3;0.0
22;2021-03-12;3171;968;0;57396;26786;0;9.6;4.5;0.0
22;2021-03-13;1718;286;0;59114;27072;0;9.9;4.5;0.0
22;2021-03-14;258;30;0;59372;27102;0;10.0;4.5;0.0
22;2021-03-15;1596;588;0;60968;27690;0;10.2;4.6;0.0
22;2021-03-16;1554;835;0;62522;28525;0;10.5;4.8;0.0
22;2021-03-17;2459;709;0;64981;29234;0;10.9;4.9;0.0
22;2021-03-18;2437;1106;0;67418;30340;0;11.3;5.1;0.0
22;2021-03-19;3194;814;0;70612;31154;0;11.8;5.2;0.0
22;2021-03-20;2085;282;0;72697;31436;0;12.2;5.3;0.0
22;2021-03-21;45;2;0;72742;31438;0;12.2;5.3;0.0
22;2021-03-22;2284;377;0;75026;31815;0;12.6;5.3;0.0
22;2021-03-23;3025;705;0;78051;32520;0;13.1;5.5;0.0
22;2021-03-24;3380;701;0;81431;33221;0;13.7;5.6;0.0
22;2021-03-25;3818;632;0;85249;33853;0;14.3;5.7;0.0
22;2021-03-26;3870;493;0;89119;34346;0;14.9;5.8;0.0
22;2021-03-27;1925;198;0;91044;34544;0;15.3;5.8;0.0
22;2021-03-28;132;6;0;91176;34550;0;15.3;5.8;0.0
22;2021-03-29;2572;900;0;93748;35450;0;15.7;5.9;0.0
22;2021-03-30;3363;1114;0;97111;36564;0;16.3;6.1;0.0
22;2021-03-31;3315;1060;0;100426;37624;0;16.8;6.3;0.0
22;2021-04-01;4436;1098;0;104862;38722;0;17.6;6.5;0.0
22;2021-04-02;3985;1023;0;108847;39745;0;18.3;6.7;0.0
22;2021-04-03;1664;392;0;110511;40137;0;18.5;6.7;0.0
22;2021-04-04;62;2;0;110573;40139;0;18.5;6.7;0.0
22;2021-04-05;81;19;0;110654;40158;0;18.6;6.7;0.0
22;2021-04-06;2999;1097;0;113653;41255;0;19.1;6.9;0.0
22;2021-04-07;3126;1307;0;116779;42562;0;19.6;7.1;0.0
22;2021-04-08;4108;1267;0;120887;43829;0;20.3;7.4;0.0
22;2021-04-09;4885;1358;0;125772;45187;0;21.1;7.6;0.0
22;2021-04-10;2125;384;0;127897;45571;0;21.5;7.6;0.0
22;2021-04-11;487;26;0;128384;45597;0;21.5;7.6;0.0
22;2021-04-12;2736;1024;0;131120;46621;0;22.0;7.8;0.0
22;2021-04-13;3230;1492;0;134350;48113;0;22.5;8.1;0.0
22;2021-04-14;3082;2323;0;137432;50436;0;23.1;8.5;0.0
22;2021-04-15;3507;2336;0;140939;52772;0;23.6;8.9;0.0
22;2021-04-16;3456;2402;0;144395;55174;0;24.2;9.3;0.0
22;2021-04-17;1671;1648;0;146066;56822;0;24.5;9.5;0.0
22;2021-04-18;53;14;0;146119;56836;0;24.5;9.5;0.0
22;2021-04-19;2818;2110;0;148937;58946;0;25.0;9.9;0.0
22;2021-04-20;3243;2669;0;152180;61615;0;25.5;10.3;0.0
22;2021-04-21;3110;2588;0;155290;64203;0;26.0;10.8;0.0
22;2021-04-22;3434;2998;0;158724;67201;0;26.6;11.3;0.0
22;2021-04-23;3643;2976;0;162367;70177;0;27.2;11.8;0.0
22;2021-04-24;1805;1687;0;164172;71864;0;27.5;12.1;0.0
22;2021-04-25;61;29;0;164233;71893;0;27.5;12.1;0.0
22;2021-04-26;3138;2628;0;167371;74521;0;28.1;12.5;0.0
22;2021-04-27;3397;2809;0;170768;77330;0;28.6;13.0;0.0
22;2021-04-28;3458;2725;0;174226;80055;0;29.2;13.4;0.0
22;2021-04-29;4061;2909;0;178287;82964;0;29.9;13.9;0.0
22;2021-04-30;3935;2829;0;182222;85793;0;30.6;14.4;0.0
22;2021-05-01;141;116;0;182363;85909;0;30.6;14.4;0.0
22;2021-05-02;1241;106;0;183604;86015;0;30.8;14.4;0.0
22;2021-05-03;2062;2432;0;185666;88447;0;31.1;14.8;0.0
22;2021-05-04;2222;2715;0;187888;91162;0;31.5;15.3;0.0
22;2021-05-05;2124;2688;0;190012;93850;0;31.9;15.7;0.0
22;2021-05-06;2609;3273;0;192621;97123;0;32.3;16.3;0.0
22;2021-05-07;2931;3208;0;195552;100331;0;32.8;16.8;0.0
22;2021-05-08;131;165;0;195683;100496;0;32.8;16.9;0.0
22;2021-05-09;643;446;0;196326;100942;0;32.9;16.9;0.0
22;2021-05-10;4309;2529;0;200635;103471;0;33.7;17.4;0.0
22;2021-05-11;4817;2773;0;205452;106244;0;34.5;17.8;0.0
22;2021-05-12;6051;1121;0;211503;107365;0;35.5;18.0;0.0
22;2021-05-13;715;126;0;212218;107491;0;35.6;18.0;0.0
22;2021-05-14;5679;1208;0;217897;108699;0;36.5;18.2;0.0
22;2021-05-15;3577;459;0;221474;109158;0;37.1;18.3;0.0
22;2021-05-16;378;61;0;221852;109219;0;37.2;18.3;0.0
22;2021-05-17;5206;611;0;227058;109830;0;38.1;18.4;0.0
22;2021-05-18;5560;1073;0;232618;110903;0;39.0;18.6;0.0
22;2021-05-19;5711;833;0;238329;111736;0;40.0;18.7;0.0
22;2021-05-20;6136;1448;0;244465;113184;0;41.0;19.0;0.0
22;2021-05-21;5444;1549;0;249909;114733;0;41.9;19.2;0.0
22;2021-05-22;3592;754;0;253501;115487;0;42.5;19.4;0.0
22;2021-05-23;449;28;0;253950;115515;0;42.6;19.4;0.0
22;2021-05-24;4551;245;0;258501;115760;0;43.4;19.4;0.0
22;2021-05-25;4987;1241;0;263488;117001;0;44.2;19.6;0.0
22;2021-05-26;3844;2574;0;267332;119575;0;44.8;20.1;0.0
22;2021-05-27;4152;3569;0;271484;123144;0;45.5;20.7;0.0
22;2021-05-28;4010;4191;0;275494;127335;0;46.2;21.4;0.0
22;2021-05-29;2765;1621;0;278259;128956;0;46.7;21.6;0.0
22;2021-05-30;146;23;0;278405;128979;0;46.7;21.6;0.0
22;2021-05-31;3413;3033;0;281818;132012;0;47.3;22.1;0.0
22;2021-06-01;3458;3570;0;285276;135582;0;47.9;22.7;0.0
22;2021-06-02;3001;3174;0;288277;138756;0;48.4;23.3;0.0
22;2021-06-03;3286;3904;0;291563;142660;0;48.9;23.9;0.0
22;2021-06-04;3367;4422;0;294930;147082;0;49.5;24.7;0.0
22;2021-06-05;3122;1894;0;298052;148976;0;50.0;25.0;0.0
22;2021-06-06;345;55;0;298397;149031;0;50.1;25.0;0.0
22;2021-06-07;2912;3209;0;301309;152240;0;50.5;25.5;0.0
22;2021-06-08;2821;3472;0;304130;155712;0;51.0;26.1;0.0
22;2021-06-09;2646;3505;0;306776;159217;0;51.5;26.7;0.0
22;2021-06-10;2717;4110;0;309493;163327;0;51.9;27.4;0.0
22;2021-06-11;2755;4305;0;312248;167632;0;52.4;28.1;0.0
22;2021-06-12;2213;1400;0;314461;169032;0;52.7;28.4;0.0
22;2021-06-13;303;1125;0;314764;170157;0;52.8;28.5;0.0
22;2021-06-14;2597;2536;0;317361;172693;0;53.2;29.0;0.0
22;2021-06-15;3107;3138;0;320468;175831;0;53.8;29.5;0.0
22;2021-06-16;3046;2919;0;323514;178750;0;54.3;30.0;0.0
22;2021-06-17;2727;3256;0;326241;182006;0;54.7;30.5;0.0
22;2021-06-18;3207;4225;0;329448;186231;0;55.3;31.2;0.0
22;2021-06-19;2758;1419;0;332206;187650;0;55.7;31.5;0.0
22;2021-06-20;239;89;0;332445;187739;0;55.8;31.5;0.0
22;2021-06-21;1888;4882;0;334333;192621;0;56.1;32.3;0.0
22;2021-06-22;2501;5485;0;336834;198106;0;56.5;33.2;0.0
22;2021-06-23;1499;5985;0;338333;204091;0;56.7;34.2;0.0
22;2021-06-24;2700;3907;0;341033;207998;0;57.2;34.9;0.0
22;2021-06-25;1684;6500;0;342717;214498;0;57.5;36.0;0.0
22;2021-06-26;797;3540;0;343514;218038;0;57.6;36.6;0.0
22;2021-06-27;67;475;0;343581;218513;0;57.6;36.7;0.0
22;2021-06-28;1085;5329;0;344666;223842;0;57.8;37.5;0.0
22;2021-06-29;1470;5822;0;346136;229664;0;58.1;38.5;0.0
22;2021-06-30;1242;5650;0;347378;235314;0;58.3;39.5;0.0
22;2021-07-01;1515;5876;0;348893;241190;0;58.5;40.5;0.0
22;2021-07-02;1764;5938;0;350657;247128;0;58.8;41.5;0.0
22;2021-07-03;959;3416;0;351616;250544;0;59.0;42.0;0.0
22;2021-07-04;186;440;0;351802;250984;0;59.0;42.1;0.0
22;2021-07-05;1646;5530;0;353448;256514;0;59.3;43.0;0.0
22;2021-07-06;2305;5773;0;355753;262287;0;59.7;44.0;0.0
22;2021-07-07;2195;4760;0;357948;267047;0;60.0;44.8;0.0
22;2021-07-08;2329;4923;0;360277;271970;0;60.4;45.6;0.0
22;2021-07-09;2321;5248;0;362598;277218;0;60.8;46.5;0.0
22;2021-07-10;1604;3103;0;364202;280321;0;61.1;47.0;0.0
22;2021-07-11;459;144;0;364661;280465;0;61.2;47.0;0.0
22;2021-07-12;2125;4542;0;366786;285007;0;61.5;47.8;0.0
22;2021-07-13;3468;5031;0;370254;290038;0;62.1;48.6;0.0
22;2021-07-14;768;2546;0;371022;292584;0;62.2;49.1;0.0
22;2021-07-15;3396;4674;0;374418;297258;0;62.8;49.9;0.0
22;2021-07-16;3499;5232;0;377917;302490;0;63.4;50.7;0.0
22;2021-07-17;2271;3069;0;380188;305559;0;63.8;51.3;0.0
22;2021-07-18;579;209;0;380767;305768;0;63.9;51.3;0.0
22;2021-07-19;2531;3949;1;383298;309717;1;64.3;51.9;0.0
22;2021-07-20;3541;4051;0;386839;313768;1;64.9;52.6;0.0
22;2021-07-21;3587;3372;0;390426;317140;1;65.5;53.2;0.0
22;2021-07-22;4327;3690;0;394753;320830;1;66.2;53.8;0.0
22;2021-07-23;4033;4241;0;398786;325071;1;66.9;54.5;0.0
22;2021-07-24;1981;2409;0;400767;327480;1;67.2;54.9;0.0
22;2021-07-25;221;278;0;400988;327758;1;67.3;55.0;0.0
22;2021-07-26;2751;3856;0;403739;331614;1;67.7;55.6;0.0
22;2021-07-27;3340;4711;0;407079;336325;1;68.3;56.4;0.0
22;2021-07-28;3354;3582;0;410433;339907;1;68.8;57.0;0.0
22;2021-07-29;3785;3728;0;414218;343635;1;69.5;57.6;0.0
22;2021-07-30;3561;3960;0;417779;347595;1;70.1;58.3;0.0
22;2021-07-31;2033;2655;0;419812;350250;1;70.4;58.7;0.0
22;2021-08-01;246;258;0;420058;350508;1;70.5;58.8;0.0
22;2021-08-02;4193;2434;0;424251;352942;1;71.2;59.2;0.0
22;2021-08-03;4347;3324;0;428598;356266;1;71.9;59.8;0.0
22;2021-08-04;5033;2403;0;433631;358669;1;72.7;60.2;0.0
22;2021-08-05;3722;3546;0;437353;362215;1;73.4;60.8;0.0
22;2021-08-06;3291;3575;0;440644;365790;1;73.9;61.4;0.0
22;2021-08-07;2093;2076;0;442737;367866;1;74.3;61.7;0.0
22;2021-08-08;369;153;0;443106;368019;1;74.3;61.7;0.0
22;2021-08-09;2500;2595;0;445606;370614;1;74.7;62.2;0.0
22;2021-08-10;2598;3318;0;448204;373932;1;75.2;62.7;0.0
22;2021-08-11;2338;2935;0;450542;376867;1;75.6;63.2;0.0
22;2021-08-12;2142;3302;0;452684;380169;1;75.9;63.8;0.0
22;2021-08-13;1973;2896;0;454657;383065;1;76.3;64.3;0.0
22;2021-08-14;1265;1731;0;455922;384796;1;76.5;64.5;0.0
22;2021-08-15;147;270;0;456069;385066;1;76.5;64.6;0.0
22;2021-08-16;1503;3005;0;457572;388071;1;76.7;65.1;0.0
22;2021-08-17;1765;3334;0;459337;391405;1;77.0;65.7;0.0
22;2021-08-18;1490;3135;0;460827;394540;1;77.3;66.2;0.0
22;2021-08-19;1437;3435;0;462264;397975;1;77.5;66.8;0.0
22;2021-08-20;1495;3547;0;463759;401522;1;77.8;67.3;0.0
22;2021-08-21;747;2101;0;464506;403623;1;77.9;67.7;0.0
22;2021-08-22;203;386;0;464709;404009;1;77.9;67.8;0.0
22;2021-08-23;1863;3529;0;466572;407538;1;78.3;68.4;0.0
22;2021-08-24;1411;3233;0;467983;410771;1;78.5;68.9;0.0
22;2021-08-25;866;2595;0;468849;413366;1;78.6;69.3;0.0
22;2021-08-26;1106;4214;0;469955;417580;1;78.8;70.0;0.0
22;2021-08-27;1284;4535;0;471239;422115;1;79.0;70.8;0.0
22;2021-08-28;701;2354;0;471940;424469;1;79.2;71.2;0.0
22;2021-08-29;69;136;0;472009;424605;1;79.2;71.2;0.0
22;2021-08-30;917;3018;54;472926;427623;55;79.3;71.7;0.0
22;2021-08-31;995;3733;71;473921;431356;126;79.5;72.4;0.0
22;2021-09-01;1025;3235;171;474946;434591;297;79.7;72.9;0.0
22;2021-09-02;847;2840;235;475793;437431;532;79.8;73.4;0.1
22;2021-09-03;935;2864;313;476728;440295;845;80.0;73.9;0.1
22;2021-09-04;762;2439;130;477490;442734;975;80.1;74.3;0.2
22;2021-09-05;119;109;29;477609;442843;1004;80.1;74.3;0.2
22;2021-09-06;501;1941;323;478110;444784;1327;80.2;74.6;0.2
22;2021-09-07;537;1980;310;478647;446764;1637;80.3;74.9;0.3
22;2021-09-08;627;1961;324;479274;448725;1961;80.4;75.3;0.3
22;2021-09-09;650;1925;407;479924;450650;2368;80.5;75.6;0.4
22;2021-09-10;717;2136;369;480641;452786;2737;80.6;75.9;0.5
22;2021-09-11;537;1556;132;481178;454342;2869;80.7;76.2;0.5
22;2021-09-12;41;123;8;481219;454465;2877;80.7;76.2;0.5
22;2021-09-13;505;2056;593;481724;456521;3470;80.8;76.6;0.6
22;2021-09-14;602;1565;850;482326;458086;4320;80.9;76.8;0.7
22;2021-09-15;456;1716;619;482782;459802;4939;81.0;77.1;0.8
22;2021-09-16;560;1088;998;483342;460890;5937;81.1;77.3;1.0
22;2021-09-17;631;1628;948;483973;462518;6885;81.2;77.6;1.2
22;2021-09-18;280;2015;104;484253;464533;6989;81.2;77.9;1.2
22;2021-09-19;10;57;7;484263;464590;6996;81.2;77.9;1.2
22;2021-09-20;375;736;678;484638;465326;7674;81.3;78.1;1.3
22;2021-09-21;360;913;1011;484998;466239;8685;81.4;78.2;1.5
22;2021-09-22;303;1202;533;485301;467441;9218;81.4;78.4;1.5
22;2021-09-23;390;730;943;485691;468171;10161;81.5;78.5;1.7
22;2021-09-24;375;1150;933;486066;469321;11094;81.5;78.7;1.9
22;2021-09-25;215;1304;176;486281;470625;11270;81.6;78.9;1.9
22;2021-09-26;17;90;15;486298;470715;11285;81.6;79.0;1.9
22;2021-09-27;336;780;700;486634;471495;11985;81.6;79.1;2.0
22;2021-09-28;229;604;702;486863;472099;12687;81.7;79.2;2.1
22;2021-09-29;234;873;937;487097;472972;13624;81.7;79.3;2.3
22;2021-09-30;274;706;1020;487371;473678;14644;81.7;79.5;2.5
22;2021-10-01;329;801;862;487700;474479;15506;81.8;79.6;2.6
22;2021-10-02;306;848;239;488006;475327;15745;81.9;79.7;2.6
22;2021-10-03;5;3;5;488011;475330;15750;81.9;79.7;2.6
22;2021-10-04;149;452;602;488160;475782;16352;81.9;79.8;2.7
22;2021-10-05;217;635;905;488377;476417;17257;81.9;79.9;2.9
22;2021-10-06;235;397;757;488612;476814;18014;82.0;80.0;3.0
22;2021-10-07;233;652;937;488845;477466;18951;82.0;80.1;3.2
22;2021-10-08;314;786;962;489159;478252;19913;82.0;80.2;3.3
22;2021-10-09;226;436;387;489385;478688;20300;82.1;80.3;3.4
22;2021-10-10;6;11;4;489391;478699;20304;82.1;80.3;3.4
22;2021-10-11;158;304;675;489549;479003;20979;82.1;80.3;3.5
22;2021-10-12;106;183;538;489655;479186;21517;82.1;80.4;3.6
22;2021-10-13;184;263;660;489839;479449;22177;82.2;80.4;3.7
22;2021-10-14;208;713;1218;490047;480162;23395;82.2;80.5;3.9
22;2021-10-15;270;482;1363;490317;480644;24758;82.2;80.6;4.2
22;2021-10-16;307;449;671;490624;481093;25429;82.3;80.7;4.3
22;2021-10-17;2;6;3;490626;481099;25432;82.3;80.7;4.3
22;2021-10-18;139;329;1010;490765;481428;26442;82.3;80.8;4.4
22;2021-10-19;70;131;392;490835;481559;26834;82.3;80.8;4.5
22;2021-10-20;167;272;1348;491002;481831;28182;82.4;80.8;4.7
22;2021-10-21;215;419;1738;491217;482250;29920;82.4;80.9;5.0
22;2021-10-22;196;427;1199;491413;482677;31119;82.4;81.0;5.2
22;2021-10-23;234;413;1033;491647;483090;32152;82.5;81.0;5.4
22;2021-10-24;2;10;1;491649;483100;32153;82.5;81.0;5.4
22;2021-10-25;178;162;1505;491827;483262;33658;82.5;81.1;5.6
22;2021-10-26;68;80;420;491895;483342;34078;82.5;81.1;5.7
22;2021-10-27;125;142;1110;492020;483484;35188;82.5;81.1;5.9
22;2021-10-28;206;257;1675;492226;483741;36863;82.6;81.1;6.2
22;2021-10-29;176;337;1415;492402;484078;38278;82.6;81.2;6.4
22;2021-10-30;154;251;889;492556;484329;39167;82.6;81.2;6.6
22;2021-10-31;1;10;7;492557;484339;39174;82.6;81.2;6.6
22;2021-11-01;5;4;9;492562;484343;39183;82.6;81.2;6.6
22;2021-11-02;72;81;539;492634;484424;39722;82.6;81.3;6.7
22;2021-11-03;158;181;1594;492792;484605;41316;82.7;81.3;6.9
22;2021-11-04;214;277;1957;493006;484882;43273;82.7;81.3;7.3
22;2021-11-05;192;316;1784;493198;485198;45057;82.7;81.4;7.6
22;2021-11-06;206;313;1350;493404;485511;46407;82.8;81.4;7.8
22;2021-11-07;3;4;6;493407;485515;46413;82.8;81.4;7.8
22;2021-11-08;110;192;2480;493517;485707;48893;82.8;81.5;8.2
22;2021-11-09;151;161;2113;493668;485868;51006;82.8;81.5;8.6
22;2021-11-10;126;174;1600;493794;486042;52606;82.8;81.5;8.8
22;2021-11-11;1;13;57;493795;486055;52663;82.8;81.5;8.8
22;2021-11-12;196;412;2805;493991;486467;55468;82.9;81.6;9.3
22;2021-11-13;208;301;1671;494199;486768;57139;82.9;81.6;9.6
22;2021-11-14;1;8;2;494200;486776;57141;82.9;81.6;9.6
22;2021-11-15;134;139;2027;494334;486915;59168;82.9;81.7;9.9
22;2021-11-16;139;131;2353;494473;487046;61521;82.9;81.7;10.3
22;2021-11-17;160;167;1956;494633;487213;63477;83.0;81.7;10.6
22;2021-11-18;211;207;2747;494844;487420;66224;83.0;81.8;11.1
22;2021-11-19;235;274;2942;495079;487694;69166;83.0;81.8;11.6
22;2021-11-20;268;271;1253;495347;487965;70419;83.1;81.8;11.8
22;2021-11-21;1;3;1;495348;487968;70420;83.1;81.8;11.8
22;2021-11-22;163;117;2109;495511;488085;72529;83.1;81.9;12.2
22;2021-11-23;183;138;2661;495694;488223;75190;83.1;81.9;12.6
22;2021-11-24;231;197;1984;495925;488420;77174;83.2;81.9;12.9
22;2021-11-25;170;155;3168;496095;488575;80342;83.2;82.0;13.5
22;2021-11-26;231;232;4689;496326;488807;85031;83.3;82.0;14.3
22;2021-11-27;209;256;2060;496535;489063;87091;83.3;82.0;14.6
22;2021-11-28;4;2;53;496539;489065;87144;83.3;82.0;14.6
22;2021-11-29;125;113;4770;496664;489178;91914;83.3;82.1;15.4
22;2021-11-30;162;139;6134;496826;489317;98048;83.3;82.1;16.4
22;2021-12-01;169;148;5469;496995;489465;103517;83.4;82.1;17.4
22;2021-12-02;123;121;5886;497118;489586;109403;83.4;82.1;18.4
22;2021-12-03;146;203;6881;497264;489789;116284;83.4;82.2;19.5
22;2021-12-04;99;257;2433;497363;490046;118717;83.4;82.2;19.9
22;2021-12-05;5;4;121;497368;490050;118838;83.4;82.2;19.9
22;2021-12-06;112;163;5867;497480;490213;124705;83.4;82.2;20.9
22;2021-12-07;128;142;7128;497608;490355;131833;83.5;82.2;22.1
22;2021-12-08;154;191;6825;497762;490546;138658;83.5;82.3;23.3
22;2021-12-09;172;171;7973;497934;490717;146631;83.5;82.3;24.6
22;2021-12-10;206;269;8653;498140;490986;155284;83.6;82.4;26.0
22;2021-12-11;109;263;3825;498249;491249;159109;83.6;82.4;26.7
22;2021-12-12;27;17;1145;498276;491266;160254;83.6;82.4;26.9
22;2021-12-13;131;167;7373;498407;491433;167627;83.6;82.4;28.1
22;2021-12-14;183;183;9175;498590;491616;176802;83.6;82.5;29.7
22;2021-12-15;207;209;7885;498797;491825;184687;83.7;82.5;31.0
22;2021-12-16;176;256;8402;498973;492081;193089;83.7;82.5;32.4
22;2021-12-17;200;299;9051;499173;492380;202140;83.7;82.6;33.9
22;2021-12-18;162;242;3877;499335;492622;206017;83.8;82.6;34.6
22;2021-12-19;35;23;1338;499370;492645;207355;83.8;82.6;34.8
22;2021-12-20;237;147;6506;499607;492792;213861;83.8;82.7;35.9
22;2021-12-21;252;180;7370;499859;492972;221231;83.8;82.7;37.1
22;2021-12-22;245;213;6075;500104;493185;227306;83.9;82.7;38.1
22;2021-12-23;258;160;5074;500362;493345;232380;83.9;82.8;39.0
22;2021-12-24;90;59;1583;500452;493404;233963;83.9;82.8;39.2
22;2021-12-25;0;3;37;500452;493407;234000;83.9;82.8;39.2
22;2021-12-26;10;8;139;500462;493415;234139;83.9;82.8;39.3
22;2021-12-27;194;173;5255;500656;493588;239394;84.0;82.8;40.2
22;2021-12-28;248;187;6151;500904;493775;245545;84.0;82.8;41.2
23;2020-12-27;0;0;0;0;0;0;0.0;0.0;0.0
23;2020-12-28;2;0;0;2;0;0;0.0;0.0;0.0
23;2020-12-29;0;0;0;2;0;0;0.0;0.0;0.0
23;2020-12-30;0;0;0;2;0;0;0.0;0.0;0.0
23;2020-12-31;0;0;0;2;0;0;0.0;0.0;0.0
23;2021-01-01;0;0;0;2;0;0;0.0;0.0;0.0
23;2021-01-02;1;0;0;3;0;0;0.0;0.0;0.0
23;2021-01-03;0;0;0;3;0;0;0.0;0.0;0.0
23;2021-01-04;2;0;0;5;0;0;0.0;0.0;0.0
23;2021-01-05;4;0;0;9;0;0;0.0;0.0;0.0
23;2021-01-06;8;0;0;17;0;0;0.0;0.0;0.0
23;2021-01-07;98;1;0;115;1;0;0.1;0.0;0.0
23;2021-01-08;111;0;0;226;1;0;0.2;0.0;0.0
23;2021-01-09;26;0;0;252;1;0;0.2;0.0;0.0
23;2021-01-10;3;0;0;255;1;0;0.2;0.0;0.0
23;2021-01-11;150;1;0;405;2;0;0.3;0.0;0.0
23;2021-01-12;210;5;0;615;7;0;0.5;0.0;0.0
23;2021-01-13;239;0;0;854;7;0;0.7;0.0;0.0
23;2021-01-14;238;3;0;1092;10;0;0.9;0.0;0.0
23;2021-01-15;295;5;0;1387;15;0;1.2;0.0;0.0
23;2021-01-16;154;1;0;1541;16;0;1.3;0.0;0.0
23;2021-01-17;0;0;0;1541;16;0;1.3;0.0;0.0
23;2021-01-18;307;3;0;1848;19;0;1.6;0.0;0.0
23;2021-01-19;451;1;0;2299;20;0;2.0;0.0;0.0
23;2021-01-20;327;1;0;2626;21;0;2.3;0.0;0.0
23;2021-01-21;631;1;0;3257;22;0;2.8;0.0;0.0
23;2021-01-22;444;0;0;3701;22;0;3.2;0.0;0.0
23;2021-01-23;347;1;0;4048;23;0;3.5;0.0;0.0
23;2021-01-24;8;0;0;4056;23;0;3.5;0.0;0.0
23;2021-01-25;360;16;0;4416;39;0;3.8;0.0;0.0
23;2021-01-26;280;6;0;4696;45;0;4.0;0.0;0.0
23;2021-01-27;232;2;0;4928;47;0;4.2;0.0;0.0
23;2021-01-28;229;34;0;5157;81;0;4.4;0.1;0.0
23;2021-01-29;288;99;0;5445;180;0;4.7;0.2;0.0
23;2021-01-30;98;26;0;5543;206;0;4.8;0.2;0.0
23;2021-01-31;2;24;0;5545;230;0;4.8;0.2;0.0
23;2021-02-01;144;93;0;5689;323;0;4.9;0.3;0.0
23;2021-02-02;157;104;0;5846;427;0;5.0;0.4;0.0
23;2021-02-03;99;146;0;5945;573;0;5.1;0.5;0.0
23;2021-02-04;87;209;0;6032;782;0;5.2;0.7;0.0
23;2021-02-05;125;287;0;6157;1069;0;5.3;0.9;0.0
23;2021-02-06;17;163;0;6174;1232;0;5.3;1.1;0.0
23;2021-02-07;1;0;0;6175;1232;0;5.3;1.1;0.0
23;2021-02-08;110;199;0;6285;1431;0;5.4;1.2;0.0
23;2021-02-09;75;276;0;6360;1707;0;5.5;1.5;0.0
23;2021-02-10;88;258;0;6448;1965;0;5.5;1.7;0.0
23;2021-02-11;228;516;0;6676;2481;0;5.7;2.1;0.0
23;2021-02-12;210;252;0;6886;2733;0;5.9;2.4;0.0
23;2021-02-13;8;175;0;6894;2908;0;5.9;2.5;0.0
23;2021-02-14;11;1;0;6905;2909;0;5.9;2.5;0.0
23;2021-02-15;152;330;0;7057;3239;0;6.1;2.8;0.0
23;2021-02-16;95;413;0;7152;3652;0;6.2;3.1;0.0
23;2021-02-17;74;471;0;7226;4123;0;6.2;3.5;0.0
23;2021-02-18;126;372;0;7352;4495;0;6.3;3.9;0.0
23;2021-02-19;107;240;0;7459;4735;0;6.4;4.1;0.0
23;2021-02-20;9;97;0;7468;4832;0;6.4;4.2;0.0
23;2021-02-21;0;0;0;7468;4832;0;6.4;4.2;0.0
23;2021-02-22;99;196;0;7567;5028;0;6.5;4.3;0.0
23;2021-02-23;91;204;0;7658;5232;0;6.6;4.5;0.0
23;2021-02-24;150;152;0;7808;5384;0;6.7;4.6;0.0
23;2021-02-25;164;111;0;7972;5495;0;6.9;4.7;0.0
23;2021-02-26;269;142;0;8241;5637;0;7.1;4.8;0.0
23;2021-02-27;92;15;0;8333;5652;0;7.2;4.9;0.0
23;2021-02-28;3;30;0;8336;5682;0;7.2;4.9;0.0
23;2021-03-01;89;176;0;8425;5858;0;7.2;5.0;0.0
23;2021-03-02;225;128;0;8650;5986;0;7.4;5.1;0.0
23;2021-03-03;139;99;0;8789;6085;0;7.6;5.2;0.0
23;2021-03-04;279;119;0;9068;6204;0;7.8;5.3;0.0
23;2021-03-05;512;130;0;9580;6334;0;8.2;5.4;0.0
23;2021-03-06;493;14;0;10073;6348;0;8.7;5.5;0.0
23;2021-03-07;288;5;0;10361;6353;0;8.9;5.5;0.0
23;2021-03-08;210;78;0;10571;6431;0;9.1;5.5;0.0
23;2021-03-09;360;95;0;10931;6526;0;9.4;5.6;0.0
23;2021-03-10;306;43;0;11237;6569;0;9.7;5.6;0.0
23;2021-03-11;295;53;0;11532;6622;0;9.9;5.7;0.0
23;2021-03-12;528;50;0;12060;6672;0;10.4;5.7;0.0
23;2021-03-13;293;15;0;12353;6687;0;10.6;5.8;0.0
23;2021-03-14;46;34;0;12399;6721;0;10.7;5.8;0.0
23;2021-03-15;219;115;0;12618;6836;0;10.9;5.9;0.0
23;2021-03-16;207;92;0;12825;6928;0;11.0;6.0;0.0
23;2021-03-17;128;100;0;12953;7028;0;11.1;6.0;0.0
23;2021-03-18;189;90;0;13142;7118;0;11.3;6.1;0.0
23;2021-03-19;240;122;0;13382;7240;0;11.5;6.2;0.0
23;2021-03-20;604;34;0;13986;7274;0;12.0;6.3;0.0
23;2021-03-21;107;0;0;14093;7274;0;12.1;6.3;0.0
23;2021-03-22;254;126;0;14347;7400;0;12.3;6.4;0.0
23;2021-03-23;465;86;0;14812;7486;0;12.7;6.4;0.0
23;2021-03-24;427;108;0;15239;7594;0;13.1;6.5;0.0
23;2021-03-25;814;173;0;16053;7767;0;13.8;6.7;0.0
23;2021-03-26;714;172;0;16767;7939;0;14.4;6.8;0.0
23;2021-03-27;506;37;0;17273;7976;0;14.9;6.9;0.0
23;2021-03-28;4;12;0;17277;7988;0;14.9;6.9;0.0
23;2021-03-29;360;106;0;17637;8094;0;15.2;7.0;0.0
23;2021-03-30;538;171;0;18175;8265;0;15.6;7.1;0.0
23;2021-03-31;431;178;0;18606;8443;0;16.0;7.3;0.0
23;2021-04-01;602;169;0;19208;8612;0;16.5;7.4;0.0
23;2021-04-02;509;286;0;19717;8898;0;17.0;7.7;0.0
23;2021-04-03;637;49;0;20354;8947;0;17.5;7.7;0.0
23;2021-04-04;4;1;0;20358;8948;0;17.5;7.7;0.0
23;2021-04-05;7;4;0;20365;8952;0;17.5;7.7;0.0
23;2021-04-06;391;264;0;20756;9216;0;17.9;7.9;0.0
23;2021-04-07;689;261;0;21445;9477;0;18.4;8.2;0.0
23;2021-04-08;784;223;0;22229;9700;0;19.1;8.3;0.0
23;2021-04-09;900;293;0;23129;9993;0;19.9;8.6;0.0
23;2021-04-10;1018;125;0;24147;10118;0;20.8;8.7;0.0
23;2021-04-11;31;5;0;24178;10123;0;20.8;8.7;0.0
23;2021-04-12;638;209;0;24816;10332;0;21.3;8.9;0.0
23;2021-04-13;646;275;0;25462;10607;0;21.9;9.1;0.0
23;2021-04-14;570;181;0;26032;10788;0;22.4;9.3;0.0
23;2021-04-15;878;186;0;26910;10974;0;23.1;9.4;0.0
23;2021-04-16;837;226;0;27747;11200;0;23.9;9.6;0.0
23;2021-04-17;882;531;0;28629;11731;0;24.6;10.1;0.0
23;2021-04-18;20;118;0;28649;11849;0;24.6;10.2;0.0
23;2021-04-19;546;282;0;29195;12131;0;25.1;10.4;0.0
23;2021-04-20;658;299;0;29853;12430;0;25.7;10.7;0.0
23;2021-04-21;673;384;0;30526;12814;0;26.3;11.0;0.0
23;2021-04-22;579;484;0;31105;13298;0;26.8;11.4;0.0
23;2021-04-23;527;342;0;31632;13640;0;27.2;11.7;0.0
23;2021-04-24;767;425;0;32399;14065;0;27.9;12.1;0.0
23;2021-04-25;14;2;0;32413;14067;0;27.9;12.1;0.0
23;2021-04-26;563;267;0;32976;14334;0;28.4;12.3;0.0
23;2021-04-27;634;431;0;33610;14765;0;28.9;12.7;0.0
23;2021-04-28;622;276;0;34232;15041;0;29.4;12.9;0.0
23;2021-04-29;860;378;0;35092;15419;0;30.2;13.3;0.0
23;2021-04-30;665;701;0;35757;16120;0;30.8;13.9;0.0
23;2021-05-01;1151;50;0;36908;16170;0;31.7;13.9;0.0
23;2021-05-02;24;5;0;36932;16175;0;31.8;13.9;0.0
23;2021-05-03;415;502;0;37347;16677;0;32.1;14.3;0.0
23;2021-05-04;617;491;0;37964;17168;0;32.7;14.8;0.0
23;2021-05-05;539;688;0;38503;17856;0;33.1;15.4;0.0
23;2021-05-06;594;676;0;39097;18532;0;33.6;15.9;0.0
23;2021-05-07;663;615;0;39760;19147;0;34.2;16.5;0.0
23;2021-05-08;1063;502;0;40823;19649;0;35.1;16.9;0.0
23;2021-05-09;12;13;0;40835;19662;0;35.1;16.9;0.0
23;2021-05-10;504;640;0;41339;20302;0;35.6;17.5;0.0
23;2021-05-11;562;707;0;41901;21009;0;36.0;18.1;0.0
23;2021-05-12;558;670;0;42459;21679;0;36.5;18.6;0.0
23;2021-05-13;490;60;0;42949;21739;0;36.9;18.7;0.0
23;2021-05-14;627;440;0;43576;22179;0;37.5;19.1;0.0
23;2021-05-15;863;193;0;44439;22372;0;38.2;19.2;0.0
23;2021-05-16;14;4;0;44453;22376;0;38.2;19.2;0.0
23;2021-05-17;500;437;0;44953;22813;0;38.7;19.6;0.0
23;2021-05-18;658;287;0;45611;23100;0;39.2;19.9;0.0
23;2021-05-19;771;259;0;46382;23359;0;39.9;20.1;0.0
23;2021-05-20;718;298;0;47100;23657;0;40.5;20.3;0.0
23;2021-05-21;835;301;0;47935;23958;0;41.2;20.6;0.0
23;2021-05-22;568;119;0;48503;24077;0;41.7;20.7;0.0
23;2021-05-23;10;21;0;48513;24098;0;41.7;20.7;0.0
23;2021-05-24;278;141;0;48791;24239;0;42.0;20.8;0.0
23;2021-05-25;732;334;0;49523;24573;0;42.6;21.1;0.0
23;2021-05-26;871;244;0;50394;24817;0;43.3;21.3;0.0
23;2021-05-27;799;430;0;51193;25247;0;44.0;21.7;0.0
23;2021-05-28;683;663;0;51876;25910;0;44.6;22.3;0.0
23;2021-05-29;530;1003;0;52406;26913;0;45.1;23.1;0.0
23;2021-05-30;23;46;0;52429;26959;0;45.1;23.2;0.0
23;2021-05-31;373;479;0;52802;27438;0;45.4;23.6;0.0
23;2021-06-01;543;757;0;53345;28195;0;45.9;24.2;0.0
23;2021-06-02;535;494;0;53880;28689;0;46.3;24.7;0.0
23;2021-06-03;664;528;0;54544;29217;0;46.9;25.1;0.0
23;2021-06-04;710;551;0;55254;29768;0;47.5;25.6;0.0
23;2021-06-05;477;717;0;55731;30485;0;47.9;26.2;0.0
23;2021-06-06;8;15;0;55739;30500;0;47.9;26.2;0.0
23;2021-06-07;364;631;0;56103;31131;0;48.3;26.8;0.0
23;2021-06-08;338;771;0;56441;31902;0;48.5;27.4;0.0
23;2021-06-09;275;650;0;56716;32552;0;48.8;28.0;0.0
23;2021-06-10;391;684;0;57107;33236;0;49.1;28.6;0.0
23;2021-06-11;377;797;0;57484;34033;0;49.4;29.3;0.0
23;2021-06-12;333;1210;0;57817;35243;0;49.7;30.3;0.0
23;2021-06-13;21;8;0;57838;35251;0;49.7;30.3;0.0
23;2021-06-14;213;555;0;58051;35806;0;49.9;30.8;0.0
23;2021-06-15;247;837;0;58298;36643;0;50.1;31.5;0.0
23;2021-06-16;354;555;0;58652;37198;0;50.4;32.0;0.0
23;2021-06-17;328;718;0;58980;37916;0;50.7;32.6;0.0
23;2021-06-18;370;726;0;59350;38642;0;51.0;33.2;0.0
23;2021-06-19;432;1194;0;59782;39836;0;51.4;34.3;0.0
23;2021-06-20;10;20;0;59792;39856;0;51.4;34.3;0.0
23;2021-06-21;205;583;0;59997;40439;0;51.6;34.8;0.0
23;2021-06-22;227;643;0;60224;41082;0;51.8;35.3;0.0
23;2021-06-23;233;639;0;60457;41721;0;52.0;35.9;0.0
23;2021-06-24;195;582;0;60652;42303;0;52.2;36.4;0.0
23;2021-06-25;291;753;0;60943;43056;0;52.4;37.0;0.0
23;2021-06-26;211;903;0;61154;43959;0;52.6;37.8;0.0
23;2021-06-27;5;15;0;61159;43974;0;52.6;37.8;0.0
23;2021-06-28;110;603;0;61269;44577;0;52.7;38.3;0.0
23;2021-06-29;216;789;0;61485;45366;0;52.9;39.0;0.0
23;2021-06-30;173;777;0;61658;46143;0;53.0;39.7;0.0
23;2021-07-01;183;798;0;61841;46941;0;53.2;40.4;0.0
23;2021-07-02;200;940;0;62041;47881;0;53.4;41.2;0.0
23;2021-07-03;239;826;0;62280;48707;0;53.6;41.9;0.0
23;2021-07-04;0;7;0;62280;48714;0;53.6;41.9;0.0
23;2021-07-05;157;706;0;62437;49420;0;53.7;42.5;0.0
23;2021-07-06;216;886;0;62653;50306;0;53.9;43.3;0.0
23;2021-07-07;220;783;0;62873;51089;0;54.1;43.9;0.0
23;2021-07-08;271;720;0;63144;51809;0;54.3;44.6;0.0
23;2021-07-09;282;991;0;63426;52800;0;54.6;45.4;0.0
23;2021-07-10;230;573;0;63656;53373;0;54.7;45.9;0.0
23;2021-07-11;10;11;0;63666;53384;0;54.8;45.9;0.0
23;2021-07-12;253;658;0;63919;54042;0;55.0;46.5;0.0
23;2021-07-13;486;845;0;64405;54887;0;55.4;47.2;0.0
23;2021-07-14;207;291;0;64612;55178;0;55.6;47.5;0.0
23;2021-07-15;470;753;0;65082;55931;0;56.0;48.1;0.0
23;2021-07-16;765;525;0;65847;56456;0;56.6;48.6;0.0
23;2021-07-17;223;443;0;66070;56899;0;56.8;48.9;0.0
23;2021-07-18;16;15;0;66086;56914;0;56.8;48.9;0.0
23;2021-07-19;668;618;0;66754;57532;0;57.4;49.5;0.0
23;2021-07-20;573;570;0;67327;58102;0;57.9;50.0;0.0
23;2021-07-21;676;616;0;68003;58718;0;58.5;50.5;0.0
23;2021-07-22;823;467;0;68826;59185;0;59.2;50.9;0.0
23;2021-07-23;813;546;0;69639;59731;0;59.9;51.4;0.0
23;2021-07-24;845;419;0;70484;60150;0;60.6;51.7;0.0
23;2021-07-25;20;27;0;70504;60177;0;60.6;51.8;0.0
23;2021-07-26;706;544;0;71210;60721;0;61.2;52.2;0.0
23;2021-07-27;873;445;0;72083;61166;0;62.0;52.6;0.0
23;2021-07-28;838;415;0;72921;61581;0;62.7;53.0;0.0
23;2021-07-29;958;379;0;73879;61960;0;63.5;53.3;0.0
23;2021-07-30;813;489;0;74692;62449;0;64.2;53.7;0.0
23;2021-07-31;910;284;0;75602;62733;0;65.0;54.0;0.0
23;2021-08-01;21;21;0;75623;62754;0;65.0;54.0;0.0
23;2021-08-02;596;495;0;76219;63249;0;65.6;54.4;0.0
23;2021-08-03;726;499;0;76945;63748;0;66.2;54.8;0.0
23;2021-08-04;613;290;0;77558;64038;0;66.7;55.1;0.0
23;2021-08-05;639;335;0;78197;64373;0;67.3;55.4;0.0
23;2021-08-06;435;474;0;78632;64847;0;67.6;55.8;0.0
23;2021-08-07;278;208;0;78910;65055;0;67.9;56.0;0.0
23;2021-08-08;130;36;0;79040;65091;0;68.0;56.0;0.0
23;2021-08-09;436;433;0;79476;65524;0;68.4;56.4;0.0
23;2021-08-10;447;655;0;79923;66179;0;68.7;56.9;0.0
23;2021-08-11;372;468;0;80295;66647;0;69.1;57.3;0.0
23;2021-08-12;484;594;0;80779;67241;0;69.5;57.8;0.0
23;2021-08-13;407;547;0;81186;67788;0;69.8;58.3;0.0
23;2021-08-14;259;366;0;81445;68154;0;70.0;58.6;0.0
23;2021-08-15;27;19;0;81472;68173;0;70.1;58.6;0.0
23;2021-08-16;279;655;0;81751;68828;0;70.3;59.2;0.0
23;2021-08-17;263;732;0;82014;69560;0;70.5;59.8;0.0
23;2021-08-18;196;624;0;82210;70184;0;70.7;60.4;0.0
23;2021-08-19;271;753;0;82481;70937;0;70.9;61.0;0.0
23;2021-08-20;222;666;0;82703;71603;0;71.1;61.6;0.0
23;2021-08-21;135;452;0;82838;72055;0;71.2;62.0;0.0
23;2021-08-22;50;39;0;82888;72094;0;71.3;62.0;0.0
23;2021-08-23;152;779;0;83040;72873;0;71.4;62.7;0.0
23;2021-08-24;265;849;0;83305;73722;0;71.6;63.4;0.0
23;2021-08-25;198;765;0;83503;74487;0;71.8;64.1;0.0
23;2021-08-26;210;698;0;83713;75185;0;72.0;64.7;0.0
23;2021-08-27;205;663;1;83918;75848;1;72.2;65.2;0.0
23;2021-08-28;206;429;0;84124;76277;1;72.4;65.6;0.0
23;2021-08-29;16;73;0;84140;76350;1;72.4;65.7;0.0
23;2021-08-30;189;617;11;84329;76967;12;72.5;66.2;0.0
23;2021-08-31;239;630;12;84568;77597;24;72.7;66.7;0.0
23;2021-09-01;164;391;37;84732;77988;61;72.9;67.1;0.1
23;2021-09-02;128;316;42;84860;78304;103;73.0;67.3;0.1
23;2021-09-03;210;518;69;85070;78822;172;73.2;67.8;0.1
23;2021-09-04;154;687;51;85224;79509;223;73.3;68.4;0.2
23;2021-09-05;5;9;2;85229;79518;225;73.3;68.4;0.2
23;2021-09-06;134;379;101;85363;79897;326;73.4;68.7;0.3
23;2021-09-07;91;368;169;85454;80265;495;73.5;69.0;0.4
23;2021-09-08;107;361;112;85561;80626;607;73.6;69.3;0.5
23;2021-09-09;110;319;74;85671;80945;681;73.7;69.6;0.6
23;2021-09-10;156;328;137;85827;81273;818;73.8;69.9;0.7
23;2021-09-11;99;211;22;85926;81484;840;73.9;70.1;0.7
23;2021-09-12;4;10;8;85930;81494;848;73.9;70.1;0.7
23;2021-09-13;111;319;80;86041;81813;928;74.0;70.4;0.8
23;2021-09-14;101;294;174;86142;82107;1102;74.1;70.6;0.9
23;2021-09-15;87;269;85;86229;82376;1187;74.2;70.8;1.0
23;2021-09-16;119;150;144;86348;82526;1331;74.3;71.0;1.1
23;2021-09-17;152;245;127;86500;82771;1458;74.4;71.2;1.3
23;2021-09-18;40;213;26;86540;82984;1484;74.4;71.4;1.3
23;2021-09-19;6;6;1;86546;82990;1485;74.4;71.4;1.3
23;2021-09-20;61;212;139;86607;83202;1624;74.5;71.6;1.4
23;2021-09-21;75;180;221;86682;83382;1845;74.6;71.7;1.6
23;2021-09-22;68;255;187;86750;83637;2032;74.6;71.9;1.7
23;2021-09-23;64;139;216;86814;83776;2248;74.7;72.1;1.9
23;2021-09-24;80;231;174;86894;84007;2422;74.7;72.3;2.1
23;2021-09-25;37;136;57;86931;84143;2479;74.8;72.4;2.1
23;2021-09-26;1;2;3;86932;84145;2482;74.8;72.4;2.1
23;2021-09-27;37;153;158;86969;84298;2640;74.8;72.5;2.3
23;2021-09-28;44;121;180;87013;84419;2820;74.8;72.6;2.4
23;2021-09-29;66;154;234;87079;84573;3054;74.9;72.7;2.6
23;2021-09-30;47;63;139;87126;84636;3193;74.9;72.8;2.7
23;2021-10-01;93;179;204;87219;84815;3397;75.0;72.9;2.9
23;2021-10-02;28;96;50;87247;84911;3447;75.0;73.0;3.0
23;2021-10-03;2;6;17;87249;84917;3464;75.0;73.0;3.0
23;2021-10-04;46;82;177;87295;84999;3641;75.1;73.1;3.1
23;2021-10-05;36;83;214;87331;85082;3855;75.1;73.2;3.3
23;2021-10-06;50;95;128;87381;85177;3983;75.2;73.3;3.4
23;2021-10-07;60;119;203;87441;85296;4186;75.2;73.4;3.6
23;2021-10-08;59;191;223;87500;85487;4409;75.3;73.5;3.8
23;2021-10-09;22;50;43;87522;85537;4452;75.3;73.6;3.8
23;2021-10-10;0;0;0;87522;85537;4452;75.3;73.6;3.8
23;2021-10-11;20;93;214;87542;85630;4666;75.3;73.6;4.0
23;2021-10-12;50;86;171;87592;85716;4837;75.3;73.7;4.2
23;2021-10-13;46;76;176;87638;85792;5013;75.4;73.8;4.3
23;2021-10-14;38;68;106;87676;85860;5119;75.4;73.8;4.4
23;2021-10-15;76;101;211;87752;85961;5330;75.5;73.9;4.6
23;2021-10-16;34;43;53;87786;86004;5383;75.5;74.0;4.6
23;2021-10-17;1;3;1;87787;86007;5384;75.5;74.0;4.6
23;2021-10-18;49;71;216;87836;86078;5600;75.5;74.0;4.8
23;2021-10-19;35;42;171;87871;86120;5771;75.6;74.1;5.0
23;2021-10-20;46;52;187;87917;86172;5958;75.6;74.1;5.1
23;2021-10-21;25;63;155;87942;86235;6113;75.6;74.2;5.3
23;2021-10-22;36;123;296;87978;86358;6409;75.7;74.3;5.5
23;2021-10-23;27;45;86;88005;86403;6495;75.7;74.3;5.6
23;2021-10-24;6;3;9;88011;86406;6504;75.7;74.3;5.6
23;2021-10-25;43;58;292;88054;86464;6796;75.7;74.4;5.8
23;2021-10-26;34;39;280;88088;86503;7076;75.8;74.4;6.1
23;2021-10-27;20;33;211;88108;86536;7287;75.8;74.4;6.3
23;2021-10-28;31;41;253;88139;86577;7540;75.8;74.5;6.5
23;2021-10-29;45;76;277;88184;86653;7817;75.8;74.5;6.7
23;2021-10-30;33;17;32;88217;86670;7849;75.9;74.5;6.8
23;2021-10-31;1;0;0;88218;86670;7849;75.9;74.5;6.8
23;2021-11-01;0;0;0;88218;86670;7849;75.9;74.5;6.8
23;2021-11-02;37;45;350;88255;86715;8199;75.9;74.6;7.1
23;2021-11-03;26;40;293;88281;86755;8492;75.9;74.6;7.3
23;2021-11-04;25;33;240;88306;86788;8732;75.9;74.6;7.5
23;2021-11-05;44;86;456;88350;86874;9188;76.0;74.7;7.9
23;2021-11-06;22;23;114;88372;86897;9302;76.0;74.7;8.0
23;2021-11-07;3;8;28;88375;86905;9330;76.0;74.7;8.0
23;2021-11-08;21;42;341;88396;86947;9671;76.0;74.8;8.3
23;2021-11-09;40;47;495;88436;86994;10166;76.1;74.8;8.7
23;2021-11-10;33;62;284;88469;87056;10450;76.1;74.9;9.0
23;2021-11-11;0;1;21;88469;87057;10471;76.1;74.9;9.0
23;2021-11-12;31;56;447;88500;87113;10918;76.1;74.9;9.4
23;2021-11-13;14;30;131;88514;87143;11049;76.1;74.9;9.5
23;2021-11-14;0;1;2;88514;87144;11051;76.1;74.9;9.5
23;2021-11-15;26;41;342;88540;87185;11393;76.2;75.0;9.8
23;2021-11-16;25;48;595;88565;87233;11988;76.2;75.0;10.3
23;2021-11-17;30;39;385;88595;87272;12373;76.2;75.1;10.6
23;2021-11-18;39;35;484;88634;87307;12857;76.2;75.1;11.1
23;2021-11-19;49;69;573;88683;87376;13430;76.3;75.1;11.6
23;2021-11-20;19;29;190;88702;87405;13620;76.3;75.2;11.7
23;2021-11-21;0;2;12;88702;87407;13632;76.3;75.2;11.7
23;2021-11-22;32;17;392;88734;87424;14024;76.3;75.2;12.1
23;2021-11-23;40;34;673;88774;87458;14697;76.4;75.2;12.6
23;2021-11-24;49;36;598;88823;87494;15295;76.4;75.3;13.2
23;2021-11-25;35;20;486;88858;87514;15781;76.4;75.3;13.6
23;2021-11-26;60;57;806;88918;87571;16587;76.5;75.3;14.3
23;2021-11-27;38;36;545;88956;87607;17132;76.5;75.3;14.7
23;2021-11-28;5;1;19;88961;87608;17151;76.5;75.3;14.8
23;2021-11-29;15;21;536;88976;87629;17687;76.5;75.4;15.2
23;2021-11-30;46;48;988;89022;87677;18675;76.6;75.4;16.1
23;2021-12-01;49;34;1177;89071;87711;19852;76.6;75.4;17.1
23;2021-12-02;30;18;1222;89101;87729;21074;76.6;75.5;18.1
23;2021-12-03;42;27;1170;89143;87756;22244;76.7;75.5;19.1
23;2021-12-04;32;27;947;89175;87783;23191;76.7;75.5;19.9
23;2021-12-05;8;0;256;89183;87783;23447;76.7;75.5;20.2
23;2021-12-06;18;24;678;89201;87807;24125;76.7;75.5;20.7
23;2021-12-07;32;20;1275;89233;87827;25400;76.7;75.5;21.8
23;2021-12-08;44;39;1398;89277;87866;26798;76.8;75.6;23.0
23;2021-12-09;27;34;1256;89304;87900;28054;76.8;75.6;24.1
23;2021-12-10;38;45;1393;89342;87945;29447;76.8;75.6;25.3
23;2021-12-11;41;29;1314;89383;87974;30761;76.9;75.7;26.5
23;2021-12-12;4;4;67;89387;87978;30828;76.9;75.7;26.5
23;2021-12-13;21;26;1097;89408;88004;31925;76.9;75.7;27.5
23;2021-12-14;56;39;1797;89464;88043;33722;76.9;75.7;29.0
23;2021-12-15;30;41;1331;89494;88084;35053;77.0;75.8;30.1
23;2021-12-16;57;56;1292;89551;88140;36345;77.0;75.8;31.3
23;2021-12-17;49;65;1509;89600;88205;37854;77.1;75.9;32.6
23;2021-12-18;49;46;1234;89649;88251;39088;77.1;75.9;33.6
23;2021-12-19;5;1;259;89654;88252;39347;77.1;75.9;33.8
23;2021-12-20;37;26;1290;89691;88278;40637;77.1;75.9;35.0
23;2021-12-21;55;49;1732;89746;88327;42369;77.2;76.0;36.4
23;2021-12-22;47;50;1093;89793;88377;43462;77.2;76.0;37.4
23;2021-12-23;39;54;898;89832;88431;44360;77.3;76.1;38.2
23;2021-12-24;13;15;253;89845;88446;44613;77.3;76.1;38.4
23;2021-12-25;1;1;5;89846;88447;44618;77.3;76.1;38.4
23;2021-12-26;1;1;30;89847;88448;44648;77.3;76.1;38.4
23;2021-12-27;29;33;708;89876;88481;45356;77.3;76.1;39.0
23;2021-12-28;53;48;1060;89929;88529;46416;77.3;76.1;39.9
24;2020-12-27;0;0;0;0;0;0;0.0;0.0;0.0
24;2020-12-28;1;0;0;1;0;0;0.0;0.0;0.0
24;2020-12-29;2;0;0;3;0;0;0.0;0.0;0.0
24;2020-12-30;1;0;0;4;0;0;0.0;0.0;0.0
24;2020-12-31;0;0;0;4;0;0;0.0;0.0;0.0
24;2021-01-01;1;0;0;5;0;0;0.0;0.0;0.0
24;2021-01-02;0;0;0;5;0;0;0.0;0.0;0.0
24;2021-01-03;1;0;0;6;0;0;0.0;0.0;0.0
24;2021-01-04;1;0;0;7;0;0;0.0;0.0;0.0
24;2021-01-05;1;0;0;8;0;0;0.0;0.0;0.0
24;2021-01-06;4;0;0;12;0;0;0.0;0.0;0.0
24;2021-01-07;201;0;0;213;0;0;0.1;0.0;0.0
24;2021-01-08;284;0;0;497;0;0;0.1;0.0;0.0
24;2021-01-09;184;13;0;681;13;0;0.2;0.0;0.0
24;2021-01-10;36;0;0;717;13;0;0.2;0.0;0.0
24;2021-01-11;258;0;0;975;13;0;0.2;0.0;0.0
24;2021-01-12;309;0;0;1284;13;0;0.3;0.0;0.0
24;2021-01-13;263;1;0;1547;14;0;0.4;0.0;0.0
24;2021-01-14;982;24;0;2529;38;0;0.6;0.0;0.0
24;2021-01-15;601;6;0;3130;44;0;0.8;0.0;0.0
24;2021-01-16;92;0;0;3222;44;0;0.8;0.0;0.0
24;2021-01-17;4;1;0;3226;45;0;0.8;0.0;0.0
24;2021-01-18;348;2;0;3574;47;0;0.9;0.0;0.0
24;2021-01-19;512;2;0;4086;49;0;1.0;0.0;0.0
24;2021-01-20;585;0;0;4671;49;0;1.1;0.0;0.0
24;2021-01-21;690;5;0;5361;54;0;1.3;0.0;0.0
24;2021-01-22;585;1;0;5946;55;0;1.5;0.0;0.0
24;2021-01-23;163;1;0;6109;56;0;1.5;0.0;0.0
24;2021-01-24;13;0;0;6122;56;0;1.5;0.0;0.0
24;2021-01-25;488;0;0;6610;56;0;1.6;0.0;0.0
24;2021-01-26;681;64;0;7291;120;0;1.8;0.0;0.0
24;2021-01-27;1162;14;0;8453;134;0;2.1;0.0;0.0
24;2021-01-28;1000;115;0;9453;249;0;2.3;0.1;0.0
24;2021-01-29;912;140;0;10365;389;0;2.5;0.1;0.0
24;2021-01-30;268;1;0;10633;390;0;2.6;0.1;0.0
24;2021-01-31;10;4;0;10643;394;0;2.6;0.1;0.0
24;2021-02-01;397;176;0;11040;570;0;2.7;0.1;0.0
24;2021-02-02;624;323;0;11664;893;0;2.9;0.2;0.0
24;2021-02-03;648;488;0;12312;1381;0;3.0;0.3;0.0
24;2021-02-04;985;427;0;13297;1808;0;3.3;0.4;0.0
24;2021-02-05;667;418;0;13964;2226;0;3.4;0.5;0.0
24;2021-02-06;143;35;0;14107;2261;0;3.5;0.6;0.0
24;2021-02-07;31;3;0;14138;2264;0;3.5;0.6;0.0
24;2021-02-08;330;246;0;14468;2510;0;3.5;0.6;0.0
24;2021-02-09;480;252;0;14948;2762;0;3.7;0.7;0.0
24;2021-02-10;429;198;0;15377;2960;0;3.8;0.7;0.0
24;2021-02-11;589;572;0;15966;3532;0;3.9;0.9;0.0
24;2021-02-12;515;400;0;16481;3932;0;4.0;1.0;0.0
24;2021-02-13;199;51;0;16680;3983;0;4.1;1.0;0.0
24;2021-02-14;90;8;0;16770;3991;0;4.1;1.0;0.0
24;2021-02-15;201;276;0;16971;4267;0;4.2;1.0;0.0
24;2021-02-16;338;540;0;17309;4807;0;4.2;1.2;0.0
24;2021-02-17;547;827;0;17856;5634;0;4.4;1.4;0.0
24;2021-02-18;435;771;0;18291;6405;0;4.5;1.6;0.0
24;2021-02-19;473;677;0;18764;7082;0;4.6;1.7;0.0
24;2021-02-20;164;151;0;18928;7233;0;4.6;1.8;0.0
24;2021-02-21;107;3;0;19035;7236;0;4.7;1.8;0.0
24;2021-02-22;447;519;0;19482;7755;0;4.8;1.9;0.0
24;2021-02-23;545;677;0;20027;8432;0;4.9;2.1;0.0
24;2021-02-24;535;796;0;20562;9228;0;5.0;2.3;0.0
24;2021-02-25;753;881;0;21315;10109;0;5.2;2.5;0.0
24;2021-02-26;1010;930;0;22325;11039;0;5.5;2.7;0.0
24;2021-02-27;384;265;0;22709;11304;0;5.6;2.8;0.0
24;2021-02-28;19;14;0;22728;11318;0;5.6;2.8;0.0
24;2021-03-01;347;413;0;23075;11731;0;5.7;2.9;0.0
24;2021-03-02;559;477;0;23634;12208;0;5.8;3.0;0.0
24;2021-03-03;678;368;0;24312;12576;0;6.0;3.1;0.0
24;2021-03-04;943;546;0;25255;13122;0;6.2;3.2;0.0
24;2021-03-05;1059;577;0;26314;13699;0;6.4;3.4;0.0
24;2021-03-06;1166;147;0;27480;13846;0;6.7;3.4;0.0
24;2021-03-07;201;62;0;27681;13908;0;6.8;3.4;0.0
24;2021-03-08;613;286;0;28294;14194;0;6.9;3.5;0.0
24;2021-03-09;1172;462;0;29466;14656;0;7.2;3.6;0.0
24;2021-03-10;1194;479;0;30660;15135;0;7.5;3.7;0.0
24;2021-03-11;1701;497;0;32361;15632;0;7.9;3.8;0.0
24;2021-03-12;2186;461;0;34547;16093;0;8.5;3.9;0.0
24;2021-03-13;1425;189;0;35972;16282;0;8.8;4.0;0.0
24;2021-03-14;132;96;0;36104;16378;0;8.8;4.0;0.0
24;2021-03-15;1031;196;0;37135;16574;0;9.1;4.1;0.0
24;2021-03-16;1221;237;0;38356;16811;0;9.4;4.1;0.0
24;2021-03-17;1237;284;0;39593;17095;0;9.7;4.2;0.0
24;2021-03-18;1138;540;0;40731;17635;0;10.0;4.3;0.0
24;2021-03-19;1329;529;0;42060;18164;0;10.3;4.4;0.0
24;2021-03-20;1002;155;0;43062;18319;0;10.5;4.5;0.0
24;2021-03-21;29;12;0;43091;18331;0;10.6;4.5;0.0
24;2021-03-22;1368;430;0;44459;18761;0;10.9;4.6;0.0
24;2021-03-23;1986;397;0;46445;19158;0;11.4;4.7;0.0
24;2021-03-24;1918;384;0;48363;19542;0;11.8;4.8;0.0
24;2021-03-25;2095;511;0;50458;20053;0;12.4;4.9;0.0
24;2021-03-26;2410;297;0;52868;20350;0;12.9;5.0;0.0
24;2021-03-27;1383;44;0;54251;20394;0;13.3;5.0;0.0
24;2021-03-28;74;8;0;54325;20402;0;13.3;5.0;0.0
24;2021-03-29;1721;354;0;56046;20756;0;13.7;5.1;0.0
24;2021-03-30;2489;422;0;58535;21178;0;14.3;5.2;0.0
24;2021-03-31;2183;326;0;60718;21504;0;14.9;5.3;0.0
24;2021-04-01;2283;346;0;63001;21850;0;15.4;5.4;0.0
24;2021-04-02;2131;454;0;65132;22304;0;15.9;5.5;0.0
24;2021-04-03;1331;154;0;66463;22458;0;16.3;5.5;0.0
24;2021-04-04;73;7;0;66536;22465;0;16.3;5.5;0.0
24;2021-04-05;891;68;0;67427;22533;0;16.5;5.5;0.0
24;2021-04-06;2277;786;0;69704;23319;0;17.1;5.7;0.0
24;2021-04-07;2665;715;0;72369;24034;0;17.7;5.9;0.0
24;2021-04-08;2973;1035;0;75342;25069;0;18.4;6.1;0.0
24;2021-04-09;3339;1065;0;78681;26134;0;19.3;6.4;0.0
24;2021-04-10;2481;358;0;81162;26492;0;19.9;6.5;0.0
24;2021-04-11;1016;24;0;82178;26516;0;20.1;6.5;0.0
24;2021-04-12;2377;901;0;84555;27417;0;20.7;6.7;0.0
24;2021-04-13;2806;1244;0;87361;28661;0;21.4;7.0;0.0
24;2021-04-14;2908;1206;0;90269;29867;0;22.1;7.3;0.0
24;2021-04-15;2813;1175;0;93082;31042;0;22.8;7.6;0.0
24;2021-04-16;3228;1052;0;96310;32094;0;23.6;7.9;0.0
24;2021-04-17;2246;452;0;98556;32546;0;24.1;8.0;0.0
24;2021-04-18;438;3;0;98994;32549;0;24.2;8.0;0.0
24;2021-04-19;1636;1120;0;100630;33669;0;24.6;8.2;0.0
24;2021-04-20;2331;1539;0;102961;35208;0;25.2;8.6;0.0
24;2021-04-21;2348;1483;0;105309;36691;0;25.8;9.0;0.0
24;2021-04-22;2238;1400;0;107547;38091;0;26.3;9.3;0.0
24;2021-04-23;1986;1444;0;109533;39535;0;26.8;9.7;0.0
24;2021-04-24;740;736;0;110273;40271;0;27.0;9.9;0.0
24;2021-04-25;66;10;0;110339;40281;0;27.0;9.9;0.0
24;2021-04-26;1416;1501;0;111755;41782;0;27.4;10.2;0.0
24;2021-04-27;1917;1922;0;113672;43704;0;27.8;10.7;0.0
24;2021-04-28;1675;1948;0;115347;45652;0;28.2;11.2;0.0
24;2021-04-29;1824;1945;0;117171;47597;0;28.7;11.7;0.0
24;2021-04-30;2332;1777;0;119503;49374;0;29.3;12.1;0.0
24;2021-05-01;1917;1012;0;121420;50386;0;29.7;12.3;0.0
24;2021-05-02;1835;207;0;123255;50593;0;30.2;12.4;0.0
24;2021-05-03;1675;1785;0;124930;52378;0;30.6;12.8;0.0
24;2021-05-04;2397;2271;0;127327;54649;0;31.2;13.4;0.0
24;2021-05-05;2054;2671;0;129381;57320;0;31.7;14.0;0.0
24;2021-05-06;2146;2712;0;131527;60032;0;32.2;14.7;0.0
24;2021-05-07;2451;2744;0;133978;62776;0;32.8;15.4;0.0
24;2021-05-08;1339;1100;0;135317;63876;0;33.1;15.6;0.0
24;2021-05-09;1113;821;0;136430;64697;0;33.4;15.8;0.0
24;2021-05-10;1371;2543;0;137801;67240;0;33.7;16.5;0.0
24;2021-05-11;2232;2681;0;140033;69921;0;34.3;17.1;0.0
24;2021-05-12;2061;2298;0;142094;72219;0;34.8;17.7;0.0
24;2021-05-13;1592;1169;0;143686;73388;0;35.2;18.0;0.0
24;2021-05-14;2575;1397;0;146261;74785;0;35.8;18.3;0.0
24;2021-05-15;2076;867;0;148337;75652;0;36.3;18.5;0.0
24;2021-05-16;1095;352;0;149432;76004;0;36.6;18.6;0.0
24;2021-05-17;2298;1291;0;151730;77295;0;37.2;18.9;0.0
24;2021-05-18;2605;1796;0;154335;79091;0;37.8;19.4;0.0
24;2021-05-19;2399;1365;0;156734;80456;0;38.4;19.7;0.0
24;2021-05-20;2601;1537;0;159335;81993;0;39.0;20.1;0.0
24;2021-05-21;2557;1378;0;161892;83371;0;39.6;20.4;0.0
24;2021-05-22;1696;455;0;163588;83826;0;40.1;20.5;0.0
24;2021-05-23;818;64;0;164406;83890;0;40.3;20.5;0.0
24;2021-05-24;1367;304;0;165773;84194;0;40.6;20.6;0.0
24;2021-05-25;2251;1411;0;168024;85605;0;41.1;21.0;0.0
24;2021-05-26;2173;1340;0;170197;86945;0;41.7;21.3;0.0
24;2021-05-27;1899;2134;0;172096;89079;0;42.1;21.8;0.0
24;2021-05-28;2184;2029;0;174280;91108;0;42.7;22.3;0.0
24;2021-05-29;1119;2062;0;175399;93170;0;42.9;22.8;0.0
24;2021-05-30;1149;163;0;176548;93333;0;43.2;22.9;0.0
24;2021-05-31;1734;1413;0;178282;94746;0;43.7;23.2;0.0
24;2021-06-01;2635;2006;0;180917;96752;0;44.3;23.7;0.0
24;2021-06-02;2601;1882;0;183518;98634;0;44.9;24.2;0.0
24;2021-06-03;2281;1547;0;185799;100181;0;45.5;24.5;0.0
24;2021-06-04;2374;2021;0;188173;102202;0;46.1;25.0;0.0
24;2021-06-05;1822;1399;0;189995;103601;0;46.5;25.4;0.0
24;2021-06-06;690;222;0;190685;103823;0;46.7;25.4;0.0
24;2021-06-07;1466;1650;0;192151;105473;0;47.1;25.8;0.0
24;2021-06-08;1678;2111;0;193829;107584;0;47.5;26.3;0.0
24;2021-06-09;1422;1729;0;195251;109313;0;47.8;26.8;0.0
24;2021-06-10;1705;1947;0;196956;111260;0;48.2;27.2;0.0
24;2021-06-11;1376;2317;0;198332;113577;0;48.6;27.8;0.0
24;2021-06-12;1100;2510;0;199432;116087;0;48.8;28.4;0.0
24;2021-06-13;1054;882;0;200486;116969;0;49.1;28.6;0.0
24;2021-06-14;1165;2102;0;201651;119071;0;49.4;29.2;0.0
24;2021-06-15;1545;3245;0;203196;122316;0;49.8;30.0;0.0
24;2021-06-16;1719;2857;0;204915;125173;0;50.2;30.7;0.0
24;2021-06-17;1593;2298;0;206508;127471;0;50.6;31.2;0.0
24;2021-06-18;1496;3038;0;208004;130509;0;50.9;32.0;0.0
24;2021-06-19;1203;1609;0;209207;132118;0;51.2;32.4;0.0
24;2021-06-20;471;466;0;209678;132584;0;51.3;32.5;0.0
24;2021-06-21;920;2061;0;210598;134645;0;51.6;33.0;0.0
24;2021-06-22;1350;2635;0;211948;137280;0;51.9;33.6;0.0
24;2021-06-23;1354;2516;0;213302;139796;0;52.2;34.2;0.0
24;2021-06-24;1174;2041;0;214476;141837;0;52.5;34.7;0.0
24;2021-06-25;1023;3007;0;215499;144844;0;52.8;35.5;0.0
24;2021-06-26;803;2159;0;216302;147003;0;53.0;36.0;0.0
24;2021-06-27;385;924;0;216687;147927;0;53.1;36.2;0.0
24;2021-06-28;799;2658;0;217486;150585;0;53.3;36.9;0.0
24;2021-06-29;936;3021;0;218422;153606;0;53.5;37.6;0.0
24;2021-06-30;1078;2649;0;219500;156255;0;53.7;38.3;0.0
24;2021-07-01;1150;2456;0;220650;158711;0;54.0;38.9;0.0
24;2021-07-02;1088;2837;0;221738;161548;0;54.3;39.6;0.0
24;2021-07-03;753;1862;0;222491;163410;0;54.5;40.0;0.0
24;2021-07-04;357;908;0;222848;164318;0;54.6;40.2;0.0
24;2021-07-05;760;2359;0;223608;166677;0;54.8;40.8;0.0
24;2021-07-06;892;3409;0;224500;170086;0;55.0;41.6;0.0
24;2021-07-07;1027;3064;0;225527;173150;0;55.2;42.4;0.0
24;2021-07-08;1345;2154;0;226872;175304;0;55.6;42.9;0.0
24;2021-07-09;1114;3182;0;227986;178486;0;55.8;43.7;0.0
24;2021-07-10;486;1885;0;228472;180371;0;55.9;44.2;0.0
24;2021-07-11;538;983;0;229010;181354;0;56.1;44.4;0.0
24;2021-07-12;865;2572;0;229875;183926;0;56.3;45.0;0.0
24;2021-07-13;1324;3231;0;231199;187157;0;56.6;45.8;0.0
24;2021-07-14;629;1066;0;231828;188223;0;56.8;46.1;0.0
24;2021-07-15;1622;2725;0;233450;190948;0;57.2;46.8;0.0
24;2021-07-16;2103;2535;0;235553;193483;0;57.7;47.4;0.0
24;2021-07-17;1376;2091;0;236929;195574;0;58.0;47.9;0.0
24;2021-07-18;645;803;0;237574;196377;0;58.2;48.1;0.0
24;2021-07-19;1555;2208;0;239129;198585;0;58.6;48.6;0.0
24;2021-07-20;2004;2499;0;241133;201084;0;59.0;49.2;0.0
24;2021-07-21;1925;2309;0;243058;203393;0;59.5;49.8;0.0
24;2021-07-22;2491;2433;0;245549;205826;0;60.1;50.4;0.0
24;2021-07-23;2310;2536;0;247859;208362;0;60.7;51.0;0.0
24;2021-07-24;1738;1532;0;249597;209894;0;61.1;51.4;0.0
24;2021-07-25;796;760;0;250393;210654;0;61.3;51.6;0.0
24;2021-07-26;1553;2004;0;251946;212658;0;61.7;52.1;0.0
24;2021-07-27;2815;2217;0;254761;214875;0;62.4;52.6;0.0
24;2021-07-28;2644;1858;0;257405;216733;0;63.0;53.1;0.0
24;2021-07-29;2982;2164;0;260387;218897;0;63.8;53.6;0.0
24;2021-07-30;2541;1914;0;262928;220811;0;64.4;54.1;0.0
24;2021-07-31;1580;1462;0;264508;222273;0;64.8;54.4;0.0
24;2021-08-01;1018;586;0;265526;222859;0;65.0;54.6;0.0
24;2021-08-02;1947;1581;0;267473;224440;0;65.5;55.0;0.0
24;2021-08-03;2738;1826;0;270211;226266;0;66.2;55.4;0.0
24;2021-08-04;2884;1468;0;273095;227734;0;66.9;55.8;0.0
24;2021-08-05;2850;1347;0;275945;229081;0;67.6;56.1;0.0
24;2021-08-06;2391;1463;0;278336;230544;0;68.2;56.5;0.0
24;2021-08-07;1724;1039;0;280060;231583;0;68.6;56.7;0.0
24;2021-08-08;1005;562;0;281065;232145;0;68.8;56.8;0.0
24;2021-08-09;1583;1339;0;282648;233484;0;69.2;57.2;0.0
24;2021-08-10;2204;1747;0;284852;235231;0;69.7;57.6;0.0
24;2021-08-11;2128;1610;0;286980;236841;0;70.3;58.0;0.0
24;2021-08-12;1873;1867;0;288853;238708;0;70.7;58.5;0.0
24;2021-08-13;1536;1583;0;290389;240291;0;71.1;58.8;0.0
24;2021-08-14;1095;1166;0;291484;241457;0;71.4;59.1;0.0
24;2021-08-15;624;488;0;292108;241945;0;71.5;59.2;0.0
24;2021-08-16;1138;1609;0;293246;243554;0;71.8;59.6;0.0
24;2021-08-17;1541;2031;0;294787;245585;0;72.2;60.1;0.0
24;2021-08-18;1412;1782;0;296199;247367;0;72.5;60.6;0.0
24;2021-08-19;1110;2461;0;297309;249828;0;72.8;61.2;0.0
24;2021-08-20;1092;2412;0;298401;252240;0;73.1;61.8;0.0
24;2021-08-21;783;1564;0;299184;253804;0;73.3;62.1;0.0
24;2021-08-22;290;974;0;299474;254778;0;73.3;62.4;0.0
24;2021-08-23;701;2059;0;300175;256837;0;73.5;62.9;0.0
24;2021-08-24;833;2354;0;301008;259191;0;73.7;63.5;0.0
24;2021-08-25;818;2309;0;301826;261500;0;73.9;64.0;0.0
24;2021-08-26;749;2713;0;302575;264213;0;74.1;64.7;0.0
24;2021-08-27;824;2813;0;303399;267026;0;74.3;65.4;0.0
24;2021-08-28;505;1804;0;303904;268830;0;74.4;65.8;0.0
24;2021-08-29;157;897;0;304061;269727;0;74.5;66.0;0.0
24;2021-08-30;431;2065;17;304492;271792;17;74.6;66.6;0.0
24;2021-08-31;634;2495;55;305126;274287;72;74.7;67.2;0.0
24;2021-09-01;663;2284;101;305789;276571;173;74.9;67.7;0.0
24;2021-09-02;490;1857;122;306279;278428;295;75.0;68.2;0.1
24;2021-09-03;576;2152;181;306855;280580;476;75.1;68.7;0.1
24;2021-09-04;366;1848;65;307221;282428;541;75.2;69.2;0.1
24;2021-09-05;229;848;45;307450;283276;586;75.3;69.4;0.1
24;2021-09-06;324;1462;165;307774;284738;751;75.4;69.7;0.2
24;2021-09-07;486;1676;261;308260;286414;1012;75.5;70.1;0.2
24;2021-09-08;428;1773;172;308688;288187;1184;75.6;70.6;0.3
24;2021-09-09;367;1118;233;309055;289305;1417;75.7;70.8;0.3
24;2021-09-10;408;1643;207;309463;290948;1624;75.8;71.2;0.4
24;2021-09-11;319;1571;70;309782;292519;1694;75.9;71.6;0.4
24;2021-09-12;93;314;60;309875;292833;1754;75.9;71.7;0.4
24;2021-09-13;315;981;222;310190;293814;1976;76.0;71.9;0.5
24;2021-09-14;442;916;306;310632;294730;2282;76.1;72.2;0.6
24;2021-09-15;451;1293;398;311083;296023;2680;76.2;72.5;0.7
24;2021-09-16;290;889;269;311373;296912;2949;76.2;72.7;0.7
24;2021-09-17;413;1048;331;311786;297960;3280;76.3;73.0;0.8
24;2021-09-18;302;1070;153;312088;299030;3433;76.4;73.2;0.8
24;2021-09-19;52;343;34;312140;299373;3467;76.4;73.3;0.8
24;2021-09-20;158;560;255;312298;299933;3722;76.5;73.4;0.9
24;2021-09-21;366;442;436;312664;300375;4158;76.6;73.6;1.0
24;2021-09-22;225;738;440;312889;301113;4598;76.6;73.7;1.1
24;2021-09-23;160;409;415;313049;301522;5013;76.7;73.8;1.2
24;2021-09-24;251;823;369;313300;302345;5382;76.7;74.0;1.3
24;2021-09-25;209;584;120;313509;302929;5502;76.8;74.2;1.3
24;2021-09-26;23;92;14;313532;303021;5516;76.8;74.2;1.4
24;2021-09-27;175;444;312;313707;303465;5828;76.8;74.3;1.4
24;2021-09-28;212;340;586;313919;303805;6414;76.9;74.4;1.6
24;2021-09-29;208;577;392;314127;304382;6806;76.9;74.5;1.7
24;2021-09-30;234;448;480;314361;304830;7286;77.0;74.6;1.8
24;2021-10-01;255;512;406;314616;305342;7692;77.0;74.8;1.9
24;2021-10-02;193;488;177;314809;305830;7869;77.1;74.9;1.9
24;2021-10-03;16;43;4;314825;305873;7873;77.1;74.9;1.9
24;2021-10-04;158;302;316;314983;306175;8189;77.1;75.0;2.0
24;2021-10-05;117;362;340;315100;306537;8529;77.2;75.1;2.1
24;2021-10-06;221;470;589;315321;307007;9118;77.2;75.2;2.2
24;2021-10-07;118;229;418;315439;307236;9536;77.2;75.2;2.3
24;2021-10-08;197;443;553;315636;307679;10089;77.3;75.3;2.5
24;2021-10-09;166;427;413;315802;308106;10502;77.3;75.4;2.6
24;2021-10-10;20;26;18;315822;308132;10520;77.3;75.4;2.6
24;2021-10-11;98;217;398;315920;308349;10918;77.4;75.5;2.7
24;2021-10-12;145;392;708;316065;308741;11626;77.4;75.6;2.8
24;2021-10-13;145;297;557;316210;309038;12183;77.4;75.7;3.0
24;2021-10-14;130;214;529;316340;309252;12712;77.5;75.7;3.1
24;2021-10-15;273;417;1022;316613;309669;13734;77.5;75.8;3.4
24;2021-10-16;173;327;304;316786;309996;14038;77.6;75.9;3.4
24;2021-10-17;14;30;11;316800;310026;14049;77.6;75.9;3.4
24;2021-10-18;105;154;420;316905;310180;14469;77.6;76.0;3.5
24;2021-10-19;130;250;668;317035;310430;15137;77.6;76.0;3.7
24;2021-10-20;134;242;678;317169;310672;15815;77.7;76.1;3.9
24;2021-10-21;93;242;540;317262;310914;16355;77.7;76.1;4.0
24;2021-10-22;145;221;857;317407;311135;17212;77.7;76.2;4.2
24;2021-10-23;98;209;371;317505;311344;17583;77.7;76.2;4.3
24;2021-10-24;10;12;9;317515;311356;17592;77.7;76.2;4.3
24;2021-10-25;95;133;684;317610;311489;18276;77.8;76.3;4.5
24;2021-10-26;86;132;642;317696;311621;18918;77.8;76.3;4.6
24;2021-10-27;134;184;836;317830;311805;19754;77.8;76.3;4.8
24;2021-10-28;82;143;685;317912;311948;20439;77.8;76.4;5.0
24;2021-10-29;142;190;1043;318054;312138;21482;77.9;76.4;5.3
24;2021-10-30;81;169;384;318135;312307;21866;77.9;76.5;5.4
24;2021-10-31;10;14;28;318145;312321;21894;77.9;76.5;5.4
24;2021-11-01;20;14;90;318165;312335;21984;77.9;76.5;5.4
24;2021-11-02;99;109;771;318264;312444;22755;77.9;76.5;5.6
24;2021-11-03;117;175;962;318381;312619;23717;78.0;76.5;5.8
24;2021-11-04;91;121;868;318472;312740;24585;78.0;76.6;6.0
24;2021-11-05;178;218;1218;318650;312958;25803;78.0;76.6;6.3
24;2021-11-06;101;193;633;318751;313151;26436;78.1;76.7;6.5
24;2021-11-07;11;12;55;318762;313163;26491;78.1;76.7;6.5
24;2021-11-08;77;129;877;318839;313292;27368;78.1;76.7;6.7
24;2021-11-09;116;187;1505;318955;313479;28873;78.1;76.8;7.1
24;2021-11-10;127;172;1504;319082;313651;30377;78.1;76.8;7.4
24;2021-11-11;33;38;256;319115;313689;30633;78.1;76.8;7.5
24;2021-11-12;96;168;1300;319211;313857;31933;78.2;76.9;7.8
24;2021-11-13;85;154;769;319296;314011;32702;78.2;76.9;8.0
24;2021-11-14;8;23;60;319304;314034;32762;78.2;76.9;8.0
24;2021-11-15;69;116;1068;319373;314150;33830;78.2;76.9;8.3
24;2021-11-16;100;137;1924;319473;314287;35754;78.2;77.0;8.8
24;2021-11-17;114;141;1653;319587;314428;37407;78.3;77.0;9.2
24;2021-11-18;84;93;1576;319671;314521;38983;78.3;77.0;9.5
24;2021-11-19;171;180;2208;319842;314701;41191;78.3;77.1;10.1
24;2021-11-20;128;129;1150;319970;314830;42341;78.3;77.1;10.4
24;2021-11-21;19;21;198;319989;314851;42539;78.4;77.1;10.4
24;2021-11-22;108;78;1355;320097;314929;43894;78.4;77.1;10.7
24;2021-11-23;127;130;2109;320224;315059;46003;78.4;77.1;11.3
24;2021-11-24;151;140;2085;320375;315199;48088;78.4;77.2;11.8
24;2021-11-25;126;109;2116;320501;315308;50204;78.5;77.2;12.3
24;2021-11-26;152;170;2972;320653;315478;53176;78.5;77.2;13.0
24;2021-11-27;140;147;1764;320793;315625;54940;78.6;77.3;13.5
24;2021-11-28;29;18;711;320822;315643;55651;78.6;77.3;13.6
24;2021-11-29;105;119;2508;320927;315762;58159;78.6;77.3;14.2
24;2021-11-30;139;130;3637;321066;315892;61796;78.6;77.4;15.1
24;2021-12-01;149;119;3511;321215;316011;65307;78.7;77.4;16.0
24;2021-12-02;110;91;3800;321325;316102;69107;78.7;77.4;16.9
24;2021-12-03;153;164;3979;321478;316266;73086;78.7;77.4;17.9
24;2021-12-04;94;108;2539;321572;316374;75625;78.7;77.5;18.5
24;2021-12-05;32;22;1001;321604;316396;76626;78.7;77.5;18.8
24;2021-12-06;100;89;3141;321704;316485;79767;78.8;77.5;19.5
24;2021-12-07;136;115;4716;321840;316600;84483;78.8;77.5;20.7
24;2021-12-08;146;117;4232;321986;316717;88715;78.8;77.6;21.7
24;2021-12-09;124;128;4148;322110;316845;92863;78.9;77.6;22.7
24;2021-12-10;147;150;4631;322257;316995;97494;78.9;77.6;23.9
24;2021-12-11;111;103;2872;322368;317098;100366;78.9;77.6;24.6
24;2021-12-12;34;31;1075;322402;317129;101441;78.9;77.7;24.8
24;2021-12-13;126;111;4169;322528;317240;105610;79.0;77.7;25.9
24;2021-12-14;150;148;5900;322678;317388;111510;79.0;77.7;27.3
24;2021-12-15;133;167;5293;322811;317555;116803;79.0;77.8;28.6
24;2021-12-16;146;155;5672;322957;317710;122475;79.1;77.8;30.0
24;2021-12-17;160;168;5508;323117;317878;127983;79.1;77.8;31.3
24;2021-12-18;137;151;3171;323254;318029;131154;79.2;77.9;32.1
24;2021-12-19;43;47;1641;323297;318076;132795;79.2;77.9;32.5
24;2021-12-20;144;193;4208;323441;318269;137003;79.2;77.9;33.5
24;2021-12-21;234;192;5187;323675;318461;142190;79.3;78.0;34.8
24;2021-12-22;210;174;4242;323885;318635;146432;79.3;78.0;35.9
24;2021-12-23;191;112;3223;324076;318747;149655;79.4;78.0;36.6
24;2021-12-24;45;23;569;324121;318770;150224;79.4;78.1;36.8
24;2021-12-25;3;5;39;324124;318775;150263;79.4;78.1;36.8
24;2021-12-26;14;20;148;324138;318795;150411;79.4;78.1;36.8
24;2021-12-27;133;151;2989;324271;318946;153400;79.4;78.1;37.6
24;2021-12-28;184;177;3640;324455;319123;157040;79.4;78.1;38.5
25;2020-12-27;0;0;0;0;0;0;0.0;0.0;0.0
25;2020-12-28;0;0;0;0;0;0;0.0;0.0;0.0
25;2020-12-29;0;0;0;0;0;0;0.0;0.0;0.0
25;2020-12-30;0;0;0;0;0;0;0.0;0.0;0.0
25;2020-12-31;2;0;0;2;0;0;0.0;0.0;0.0
25;2021-01-01;0;0;0;2;0;0;0.0;0.0;0.0
25;2021-01-02;2;0;0;4;0;0;0.0;0.0;0.0
25;2021-01-03;0;0;0;4;0;0;0.0;0.0;0.0
25;2021-01-04;3;0;0;7;0;0;0.0;0.0;0.0
25;2021-01-05;1;0;0;8;0;0;0.0;0.0;0.0
25;2021-01-06;86;1;0;94;1;0;0.0;0.0;0.0
25;2021-01-07;222;1;0;316;2;0;0.1;0.0;0.0
25;2021-01-08;393;1;0;709;3;0;0.1;0.0;0.0
25;2021-01-09;110;0;0;819;3;0;0.2;0.0;0.0
25;2021-01-10;1;0;0;820;3;0;0.2;0.0;0.0
25;2021-01-11;532;6;0;1352;9;0;0.3;0.0;0.0
25;2021-01-12;730;2;0;2082;11;0;0.4;0.0;0.0
25;2021-01-13;669;12;0;2751;23;0;0.5;0.0;0.0
25;2021-01-14;924;19;0;3675;42;0;0.7;0.0;0.0
25;2021-01-15;826;8;0;4501;50;0;0.8;0.0;0.0
25;2021-01-16;222;1;0;4723;51;0;0.9;0.0;0.0
25;2021-01-17;102;0;0;4825;51;0;0.9;0.0;0.0
25;2021-01-18;1277;6;0;6102;57;0;1.1;0.0;0.0
25;2021-01-19;1401;3;0;7503;60;0;1.4;0.0;0.0
25;2021-01-20;1481;7;0;8984;67;0;1.7;0.0;0.0
25;2021-01-21;1846;5;0;10830;72;0;2.0;0.0;0.0
25;2021-01-22;1478;8;0;12308;80;0;2.3;0.0;0.0
25;2021-01-23;488;1;0;12796;81;0;2.4;0.0;0.0
25;2021-01-24;113;0;0;12909;81;0;2.4;0.0;0.0
25;2021-01-25;1006;2;0;13915;83;0;2.6;0.0;0.0
25;2021-01-26;1429;41;0;15344;124;0;2.8;0.0;0.0
25;2021-01-27;1272;67;0;16616;191;0;3.1;0.0;0.0
25;2021-01-28;1123;85;0;17739;276;0;3.3;0.1;0.0
25;2021-01-29;978;272;0;18717;548;0;3.5;0.1;0.0
25;2021-01-30;318;103;0;19035;651;0;3.5;0.1;0.0
25;2021-01-31;7;0;0;19042;651;0;3.5;0.1;0.0
25;2021-02-01;623;261;0;19665;912;0;3.6;0.2;0.0
25;2021-02-02;679;450;0;20344;1362;0;3.8;0.3;0.0
25;2021-02-03;801;320;0;21145;1682;0;3.9;0.3;0.0
25;2021-02-04;737;495;0;21882;2177;0;4.1;0.4;0.0
25;2021-02-05;551;475;0;22433;2652;0;4.2;0.5;0.0
25;2021-02-06;217;173;0;22650;2825;0;4.2;0.5;0.0
25;2021-02-07;2;34;0;22652;2859;0;4.2;0.5;0.0
25;2021-02-08;616;546;0;23268;3405;0;4.3;0.6;0.0
25;2021-02-09;639;517;0;23907;3922;0;4.4;0.7;0.0
25;2021-02-10;769;522;0;24676;4444;0;4.6;0.8;0.0
25;2021-02-11;636;829;0;25312;5273;0;4.7;1.0;0.0
25;2021-02-12;448;559;0;25760;5832;0;4.8;1.1;0.0
25;2021-02-13;97;141;0;25857;5973;0;4.8;1.1;0.0
25;2021-02-14;1;3;0;25858;5976;0;4.8;1.1;0.0
25;2021-02-15;181;1053;0;26039;7029;0;4.8;1.3;0.0
25;2021-02-16;221;1429;0;26260;8458;0;4.9;1.6;0.0
25;2021-02-17;165;1351;0;26425;9809;0;4.9;1.8;0.0
25;2021-02-18;156;1336;0;26581;11145;0;4.9;2.1;0.0
25;2021-02-19;121;1272;0;26702;12417;0;4.9;2.3;0.0
25;2021-02-20;25;472;0;26727;12889;0;5.0;2.4;0.0
25;2021-02-21;1;136;0;26728;13025;0;5.0;2.4;0.0
25;2021-02-22;117;1092;0;26845;14117;0;5.0;2.6;0.0
25;2021-02-23;201;1147;0;27046;15264;0;5.0;2.8;0.0
25;2021-02-24;153;1034;0;27199;16298;0;5.0;3.0;0.0
25;2021-02-25;505;1061;0;27704;17359;0;5.1;3.2;0.0
25;2021-02-26;605;1080;0;28309;18439;0;5.2;3.4;0.0
25;2021-02-27;227;375;0;28536;18814;0;5.3;3.5;0.0
25;2021-02-28;6;5;0;28542;18819;0;5.3;3.5;0.0
25;2021-03-01;480;628;0;29022;19447;0;5.4;3.6;0.0
25;2021-03-02;632;837;0;29654;20284;0;5.5;3.8;0.0
25;2021-03-03;591;780;0;30245;21064;0;5.6;3.9;0.0
25;2021-03-04;1196;684;0;31441;21748;0;5.8;4.0;0.0
25;2021-03-05;1868;407;0;33309;22155;0;6.2;4.1;0.0
25;2021-03-06;1225;251;0;34534;22406;0;6.4;4.2;0.0
25;2021-03-07;30;15;0;34564;22421;0;6.4;4.2;0.0
25;2021-03-08;597;700;0;35161;23121;0;6.5;4.3;0.0
25;2021-03-09;1116;781;0;36277;23902;0;6.7;4.4;0.0
25;2021-03-10;1213;654;0;37490;24556;0;6.9;4.6;0.0
25;2021-03-11;1648;586;0;39138;25142;0;7.3;4.7;0.0
25;2021-03-12;2004;477;0;41142;25619;0;7.6;4.7;0.0
25;2021-03-13;1146;102;0;42288;25721;0;7.8;4.8;0.0
25;2021-03-14;51;2;0;42339;25723;0;7.8;4.8;0.0
25;2021-03-15;1153;157;0;43492;25880;0;8.1;4.8;0.0
25;2021-03-16;1276;132;0;44768;26012;0;8.3;4.8;0.0
25;2021-03-17;1471;154;0;46239;26166;0;8.6;4.9;0.0
25;2021-03-18;1551;91;0;47790;26257;0;8.9;4.9;0.0
25;2021-03-19;1689;135;0;49479;26392;0;9.2;4.9;0.0
25;2021-03-20;841;42;0;50320;26434;0;9.3;4.9;0.0
25;2021-03-21;26;0;0;50346;26434;0;9.3;4.9;0.0
25;2021-03-22;1488;105;0;51834;26539;0;9.6;4.9;0.0
25;2021-03-23;2214;172;0;54048;26711;0;10.0;5.0;0.0
25;2021-03-24;2484;112;0;56532;26823;0;10.5;5.0;0.0
25;2021-03-25;2927;217;0;59459;27040;0;11.0;5.0;0.0
25;2021-03-26;3220;209;0;62679;27249;0;11.6;5.1;0.0
25;2021-03-27;1194;110;0;63873;27359;0;11.8;5.1;0.0
25;2021-03-28;119;61;0;63992;27420;0;11.9;5.1;0.0
25;2021-03-29;1845;301;0;65837;27721;0;12.2;5.1;0.0
25;2021-03-30;2286;462;0;68123;28183;0;12.6;5.2;0.0
25;2021-03-31;2220;416;0;70343;28599;0;13.0;5.3;0.0
25;2021-04-01;2519;568;0;72862;29167;0;13.5;5.4;0.0
25;2021-04-02;2119;624;0;74981;29791;0;13.9;5.5;0.0
25;2021-04-03;519;134;0;75500;29925;0;14.0;5.5;0.0
25;2021-04-04;42;20;0;75542;29945;0;14.0;5.6;0.0
25;2021-04-05;148;5;0;75690;29950;0;14.0;5.6;0.0
25;2021-04-06;1927;728;0;77617;30678;0;14.4;5.7;0.0
25;2021-04-07;1971;929;0;79588;31607;0;14.8;5.9;0.0
25;2021-04-08;2470;937;0;82058;32544;0;15.2;6.0;0.0
25;2021-04-09;2644;1049;0;84702;33593;0;15.7;6.2;0.0
25;2021-04-10;1001;322;0;85703;33915;0;15.9;6.3;0.0
25;2021-04-11;98;31;0;85801;33946;0;15.9;6.3;0.0
25;2021-04-12;1658;1028;0;87459;34974;0;16.2;6.5;0.0
25;2021-04-13;2056;1417;0;89515;36391;0;16.6;6.7;0.0
25;2021-04-14;1886;1279;0;91401;37670;0;16.9;7.0;0.0
25;2021-04-15;2061;1390;0;93462;39060;0;17.3;7.2;0.0
25;2021-04-16;2135;1061;0;95597;40121;0;17.7;7.4;0.0
25;2021-04-17;1131;473;0;96728;40594;0;17.9;7.5;0.0
25;2021-04-18;127;20;0;96855;40614;0;18.0;7.5;0.0
25;2021-04-19;1371;1290;0;98226;41904;0;18.2;7.8;0.0
25;2021-04-20;1658;1534;0;99884;43438;0;18.5;8.1;0.0
25;2021-04-21;1753;1720;0;101637;45158;0;18.8;8.4;0.0
25;2021-04-22;1935;1683;0;103572;46841;0;19.2;8.7;0.0
25;2021-04-23;1955;1809;0;105527;48650;0;19.6;9.0;0.0
25;2021-04-24;1325;768;0;106852;49418;0;19.8;9.2;0.0
25;2021-04-25;131;110;0;106983;49528;0;19.8;9.2;0.0
25;2021-04-26;1792;1774;0;108775;51302;0;20.2;9.5;0.0
25;2021-04-27;2823;1617;0;111598;52919;0;20.7;9.8;0.0
25;2021-04-28;2545;1556;0;114143;54475;0;21.2;10.1;0.0
25;2021-04-29;2775;1974;0;116918;56449;0;21.7;10.5;0.0
25;2021-04-30;3268;1634;0;120186;58083;0;22.3;10.8;0.0
25;2021-05-01;1724;315;0;121910;58398;0;22.6;10.8;0.0
25;2021-05-02;409;25;0;122319;58423;0;22.7;10.8;0.0
25;2021-05-03;2883;887;0;125202;59310;0;23.2;11.0;0.0
25;2021-05-04;2614;1910;0;127816;61220;0;23.7;11.3;0.0
25;2021-05-05;2631;1720;0;130447;62940;0;24.2;11.7;0.0
25;2021-05-06;2922;2289;0;133369;65229;0;24.7;12.1;0.0
25;2021-05-07;3018;2172;0;136387;67401;0;25.3;12.5;0.0
25;2021-05-08;1334;246;0;137721;67647;0;25.5;12.5;0.0
25;2021-05-09;228;81;0;137949;67728;0;25.6;12.6;0.0
25;2021-05-10;2960;1700;0;140909;69428;0;26.1;12.9;0.0
25;2021-05-11;3545;2027;0;144454;71455;0;26.8;13.2;0.0
25;2021-05-12;3422;1894;0;147876;73349;0;27.4;13.6;0.0
25;2021-05-13;3150;590;0;151026;73939;0;28.0;13.7;0.0
25;2021-05-14;4078;1341;0;155104;75280;0;28.8;14.0;0.0
25;2021-05-15;2947;723;0;158051;76003;0;29.3;14.1;0.0
25;2021-05-16;721;95;0;158772;76098;0;29.4;14.1;0.0
25;2021-05-17;3705;1103;0;162477;77201;0;30.1;14.3;0.0
25;2021-05-18;4457;1253;0;166934;78454;0;30.9;14.5;0.0
25;2021-05-19;4737;1159;0;171671;79613;0;31.8;14.8;0.0
25;2021-05-20;4628;1425;0;176299;81038;0;32.7;15.0;0.0
25;2021-05-21;5214;1931;0;181513;82969;0;33.6;15.4;0.0
25;2021-05-22;2729;716;0;184242;83685;0;34.2;15.5;0.0
25;2021-05-23;702;116;0;184944;83801;0;34.3;15.5;0.0
25;2021-05-24;1456;187;0;186400;83988;0;34.6;15.6;0.0
25;2021-05-25;3111;1729;0;189511;85717;0;35.1;15.9;0.0
25;2021-05-26;3451;1630;0;192962;87347;0;35.8;16.2;0.0
25;2021-05-27;4012;1895;0;196974;89242;0;36.5;16.5;0.0
25;2021-05-28;3609;2672;0;200583;91914;0;37.2;17.0;0.0
25;2021-05-29;1888;1008;0;202471;92922;0;37.5;17.2;0.0
25;2021-05-30;183;91;0;202654;93013;0;37.6;17.2;0.0
25;2021-05-31;2389;1798;0;205043;94811;0;38.0;17.6;0.0
25;2021-06-01;2585;2200;0;207628;97011;0;38.5;18.0;0.0
25;2021-06-02;2608;2367;0;210236;99378;0;39.0;18.4;0.0
25;2021-06-03;3243;2144;0;213479;101522;0;39.6;18.8;0.0
25;2021-06-04;2975;2501;0;216454;104023;0;40.1;19.3;0.0
25;2021-06-05;1430;1430;0;217884;105453;0;40.4;19.5;0.0
25;2021-06-06;946;255;0;218830;105708;0;40.6;19.6;0.0
25;2021-06-07;2673;2617;0;221503;108325;0;41.1;20.1;0.0
25;2021-06-08;2596;2838;0;224099;111163;0;41.5;20.6;0.0
25;2021-06-09;2444;2785;0;226543;113948;0;42.0;21.1;0.0
25;2021-06-10;2409;2601;0;228952;116549;0;42.4;21.6;0.0
25;2021-06-11;2648;3356;0;231600;119905;0;42.9;22.2;0.0
25;2021-06-12;1546;1798;0;233146;121703;0;43.2;22.6;0.0
25;2021-06-13;445;246;0;233591;121949;0;43.3;22.6;0.0
25;2021-06-14;1405;3664;0;234996;125613;0;43.6;23.3;0.0
25;2021-06-15;1574;3459;0;236570;129072;0;43.9;23.9;0.0
25;2021-06-16;2036;3187;0;238606;132259;0;44.2;24.5;0.0
25;2021-06-17;1615;3242;0;240221;135501;0;44.5;25.1;0.0
25;2021-06-18;2266;4182;0;242487;139683;0;45.0;25.9;0.0
25;2021-06-19;1309;1934;0;243796;141617;0;45.2;26.3;0.0
25;2021-06-20;73;235;0;243869;141852;0;45.2;26.3;0.0
25;2021-06-21;1121;3906;0;244990;145758;0;45.4;27.0;0.0
25;2021-06-22;1171;4329;0;246161;150087;0;45.6;27.8;0.0
25;2021-06-23;1454;3839;0;247615;153926;0;45.9;28.5;0.0
25;2021-06-24;1281;3865;0;248896;157791;0;46.1;29.3;0.0
25;2021-06-25;1608;5285;0;250504;163076;0;46.4;30.2;0.0
25;2021-06-26;664;3033;0;251168;166109;0;46.6;30.8;0.0
25;2021-06-27;389;857;0;251557;166966;0;46.6;31.0;0.0
25;2021-06-28;882;4067;0;252439;171033;0;46.8;31.7;0.0
25;2021-06-29;1122;4895;0;253561;175928;0;47.0;32.6;0.0
25;2021-06-30;1306;5086;0;254867;181014;0;47.2;33.6;0.0
25;2021-07-01;1731;4922;0;256598;185936;0;47.6;34.5;0.0
25;2021-07-02;1730;4699;0;258328;190635;0;47.9;35.3;0.0
25;2021-07-03;1005;2480;0;259333;193115;0;48.1;35.8;0.0
25;2021-07-04;383;691;0;259716;193806;0;48.1;35.9;0.0
25;2021-07-05;1292;2503;0;261008;196309;0;48.4;36.4;0.0
25;2021-07-06;1562;4345;0;262570;200654;0;48.7;37.2;0.0
25;2021-07-07;1510;4117;0;264080;204771;0;49.0;38.0;0.0
25;2021-07-08;1551;3716;0;265631;208487;0;49.2;38.6;0.0
25;2021-07-09;1695;4193;0;267326;212680;0;49.6;39.4;0.0
25;2021-07-10;811;2177;0;268137;214857;0;49.7;39.8;0.0
25;2021-07-11;131;307;0;268268;215164;0;49.7;39.9;0.0
25;2021-07-12;1373;3657;0;269641;218821;0;50.0;40.6;0.0
25;2021-07-13;2409;4579;0;272050;223400;0;50.4;41.4;0.0
25;2021-07-14;480;580;0;272530;223980;0;50.5;41.5;0.0
25;2021-07-15;2586;3836;0;275116;227816;0;51.0;42.2;0.0
25;2021-07-16;3461;3800;0;278577;231616;0;51.6;42.9;0.0
25;2021-07-17;2303;2054;0;280880;233670;0;52.1;43.3;0.0
25;2021-07-18;857;1220;0;281737;234890;0;52.2;43.5;0.0
25;2021-07-19;2635;4142;0;284372;239032;0;52.7;44.3;0.0
25;2021-07-20;3436;3709;0;287808;242741;0;53.4;45.0;0.0
25;2021-07-21;3553;3573;0;291361;246314;0;54.0;45.7;0.0
25;2021-07-22;3514;3138;0;294875;249452;0;54.7;46.2;0.0
25;2021-07-23;3724;3386;0;298599;252838;0;55.4;46.9;0.0
25;2021-07-24;1643;2180;0;300242;255018;0;55.7;47.3;0.0
25;2021-07-25;606;607;0;300848;255625;0;55.8;47.4;0.0
25;2021-07-26;3055;2942;0;303903;258567;0;56.3;47.9;0.0
25;2021-07-27;3810;2164;0;307713;260731;0;57.0;48.3;0.0
25;2021-07-28;3794;2350;0;311507;263081;0;57.7;48.8;0.0
25;2021-07-29;4334;2241;0;315841;265322;0;58.5;49.2;0.0
25;2021-07-30;4184;2490;0;320025;267812;0;59.3;49.6;0.0
25;2021-07-31;1939;1465;0;321964;269277;0;59.7;49.9;0.0
25;2021-08-01;1173;208;0;323137;269485;0;59.9;50.0;0.0
25;2021-08-02;2763;2122;0;325900;271607;0;60.4;50.3;0.0
25;2021-08-03;2904;2193;0;328804;273800;0;61.0;50.8;0.0
25;2021-08-04;2997;1583;0;331801;275383;0;61.5;51.0;0.0
25;2021-08-05;2302;1812;0;334103;277195;0;61.9;51.4;0.0
25;2021-08-06;2351;2381;0;336454;279576;0;62.4;51.8;0.0
25;2021-08-07;1285;1166;0;337739;280742;0;62.6;52.0;0.0
25;2021-08-08;303;446;0;338042;281188;0;62.7;52.1;0.0
25;2021-08-09;2017;2268;0;340059;283456;0;63.0;52.5;0.0
25;2021-08-10;1963;2558;0;342022;286014;0;63.4;53.0;0.0
25;2021-08-11;1842;2145;0;343864;288159;0;63.7;53.4;0.0
25;2021-08-12;2194;2563;0;346058;290722;0;64.2;53.9;0.0
25;2021-08-13;1689;2192;0;347747;292914;0;64.5;54.3;0.0
25;2021-08-14;929;1826;0;348676;294740;0;64.6;54.6;0.0
25;2021-08-15;25;64;0;348701;294804;0;64.6;54.6;0.0
25;2021-08-16;1256;3239;0;349957;298043;0;64.9;55.2;0.0
25;2021-08-17;1438;3311;0;351395;301354;0;65.1;55.9;0.0
25;2021-08-18;1237;2906;0;352632;304260;0;65.4;56.4;0.0
25;2021-08-19;1015;2817;0;353647;307077;0;65.6;56.9;0.0
25;2021-08-20;1404;3677;0;355051;310754;0;65.8;57.6;0.0
25;2021-08-21;560;1782;0;355611;312536;0;65.9;57.9;0.0
25;2021-08-22;180;1082;0;355791;313618;0;66.0;58.1;0.0
25;2021-08-23;1073;3211;0;356864;316829;0;66.2;58.7;0.0
25;2021-08-24;1058;3172;0;357922;320001;0;66.3;59.3;0.0
25;2021-08-25;1019;3047;0;358941;323048;0;66.5;59.9;0.0
25;2021-08-26;1134;3141;0;360075;326189;0;66.7;60.5;0.0
25;2021-08-27;1163;3106;0;361238;329295;0;67.0;61.0;0.0
25;2021-08-28;548;1801;0;361786;331096;0;67.1;61.4;0.0
25;2021-08-29;129;461;0;361915;331557;0;67.1;61.5;0.0
25;2021-08-30;898;2732;37;362813;334289;37;67.3;62.0;0.0
25;2021-08-31;945;2308;110;363758;336597;147;67.4;62.4;0.0
25;2021-09-01;921;2283;334;364679;338880;481;67.6;62.8;0.1
25;2021-09-02;789;1710;272;365468;340590;753;67.7;63.1;0.1
25;2021-09-03;773;1854;309;366241;342444;1062;67.9;63.5;0.2
25;2021-09-04;622;1275;185;366863;343719;1247;68.0;63.7;0.2
25;2021-09-05;113;152;51;366976;343871;1298;68.0;63.7;0.2
25;2021-09-06;638;1361;488;367614;345232;1786;68.1;64.0;0.3
25;2021-09-07;520;1114;323;368134;346346;2109;68.2;64.2;0.4
25;2021-09-08;619;1582;413;368753;347928;2522;68.4;64.5;0.5
25;2021-09-09;444;1042;383;369197;348970;2905;68.4;64.7;0.5
25;2021-09-10;818;1610;436;370015;350580;3341;68.6;65.0;0.6
25;2021-09-11;374;1007;114;370389;351587;3455;68.7;65.2;0.6
25;2021-09-12;93;181;26;370482;351768;3481;68.7;65.2;0.6
25;2021-09-13;702;943;390;371184;352711;3871;68.8;65.4;0.7
25;2021-09-14;615;866;496;371799;353577;4367;68.9;65.5;0.8
25;2021-09-15;753;1475;438;372552;355052;4805;69.1;65.8;0.9
25;2021-09-16;514;807;419;373066;355859;5224;69.2;66.0;1.0
25;2021-09-17;727;1317;431;373793;357176;5655;69.3;66.2;1.0
25;2021-09-18;317;831;89;374110;358007;5744;69.4;66.4;1.1
25;2021-09-19;63;143;9;374173;358150;5753;69.4;66.4;1.1
25;2021-09-20;435;729;448;374608;358879;6201;69.4;66.5;1.1
25;2021-09-21;204;584;371;374812;359463;6572;69.5;66.6;1.2
25;2021-09-22;440;1148;484;375252;360611;7056;69.6;66.8;1.3
25;2021-09-23;244;481;335;375496;361092;7391;69.6;66.9;1.4
25;2021-09-24;487;1005;536;375983;362097;7927;69.7;67.1;1.5
25;2021-09-25;246;803;97;376229;362900;8024;69.7;67.3;1.5
25;2021-09-26;13;12;15;376242;362912;8039;69.7;67.3;1.5
25;2021-09-27;302;564;342;376544;363476;8381;69.8;67.4;1.6
25;2021-09-28;220;427;414;376764;363903;8795;69.8;67.5;1.6
25;2021-09-29;430;798;505;377194;364701;9300;69.9;67.6;1.7
25;2021-09-30;266;349;341;377460;365050;9641;70.0;67.7;1.8
25;2021-10-01;611;825;504;378071;365875;10145;70.1;67.8;1.9
25;2021-10-02;265;534;133;378336;366409;10278;70.1;67.9;1.9
25;2021-10-03;10;12;0;378346;366421;10278;70.1;67.9;1.9
25;2021-10-04;349;714;473;378695;367135;10751;70.2;68.1;2.0
25;2021-10-05;156;366;312;378851;367501;11063;70.2;68.1;2.1
25;2021-10-06;411;718;560;379262;368219;11623;70.3;68.3;2.2
25;2021-10-07;156;302;442;379418;368521;12065;70.3;68.3;2.2
25;2021-10-08;479;870;687;379897;369391;12752;70.4;68.5;2.4
25;2021-10-09;287;487;198;380184;369878;12950;70.5;68.6;2.4
25;2021-10-10;5;13;12;380189;369891;12962;70.5;68.6;2.4
25;2021-10-11;247;545;606;380436;370436;13568;70.5;68.7;2.5
25;2021-10-12;163;240;363;380599;370676;13931;70.6;68.7;2.6
25;2021-10-13;470;756;687;381069;371432;14618;70.6;68.9;2.7
25;2021-10-14;147;209;387;381216;371641;15005;70.7;68.9;2.8
25;2021-10-15;516;622;859;381732;372263;15864;70.8;69.0;2.9
25;2021-10-16;282;393;276;382014;372656;16140;70.8;69.1;3.0
25;2021-10-17;8;9;2;382022;372665;16142;70.8;69.1;3.0
25;2021-10-18;225;330;465;382247;372995;16607;70.9;69.1;3.1
25;2021-10-19;106;165;370;382353;373160;16977;70.9;69.2;3.1
25;2021-10-20;323;522;894;382676;373682;17871;70.9;69.3;3.3
25;2021-10-21;141;192;383;382817;373874;18254;71.0;69.3;3.4
25;2021-10-22;446;514;986;383263;374388;19240;71.0;69.4;3.6
25;2021-10-23;243;306;389;383506;374694;19629;71.1;69.5;3.6
25;2021-10-24;3;17;7;383509;374711;19636;71.1;69.5;3.6
25;2021-10-25;257;333;710;383766;375044;20346;71.1;69.5;3.8
25;2021-10-26;151;185;667;383917;375229;21013;71.2;69.6;3.9
25;2021-10-27;297;417;1057;384214;375646;22070;71.2;69.6;4.1
25;2021-10-28;94;131;388;384308;375777;22458;71.2;69.7;4.2
25;2021-10-29;343;454;1150;384651;376231;23608;71.3;69.7;4.4
25;2021-10-30;150;282;299;384801;376513;23907;71.3;69.8;4.4
25;2021-10-31;4;4;13;384805;376517;23920;71.3;69.8;4.4
25;2021-11-01;55;15;10;384860;376532;23930;71.3;69.8;4.4
25;2021-11-02;178;259;700;385038;376791;24630;71.4;69.8;4.6
25;2021-11-03;250;422;1260;385288;377213;25890;71.4;69.9;4.8
25;2021-11-04;135;169;676;385423;377382;26566;71.4;70.0;4.9
25;2021-11-05;282;451;1356;385705;377833;27922;71.5;70.0;5.2
25;2021-11-06;186;286;588;385891;378119;28510;71.5;70.1;5.3
25;2021-11-07;13;20;5;385904;378139;28515;71.5;70.1;5.3
25;2021-11-08;138;205;1018;386042;378344;29533;71.6;70.1;5.5
25;2021-11-09;106;157;1143;386148;378501;30676;71.6;70.2;5.7
25;2021-11-10;248;403;1762;386396;378904;32438;71.6;70.2;6.0
25;2021-11-11;2;23;10;386398;378927;32448;71.6;70.2;6.0
25;2021-11-12;278;456;1794;386676;379383;34242;71.7;70.3;6.3
25;2021-11-13;137;243;689;386813;379626;34931;71.7;70.4;6.5
25;2021-11-14;8;23;17;386821;379649;34948;71.7;70.4;6.5
25;2021-11-15;147;262;1694;386968;379911;36642;71.7;70.4;6.8
25;2021-11-16;145;180;1268;387113;380091;37910;71.8;70.5;7.0
25;2021-11-17;288;355;2214;387401;380446;40124;71.8;70.5;7.4
25;2021-11-18;101;128;1056;387502;380574;41180;71.8;70.5;7.6
25;2021-11-19;351;451;2313;387853;381025;43493;71.9;70.6;8.1
25;2021-11-20;221;264;855;388074;381289;44348;71.9;70.7;8.2
25;2021-11-21;5;13;9;388079;381302;44357;71.9;70.7;8.2
25;2021-11-22;228;168;1785;388307;381470;46142;72.0;70.7;8.6
25;2021-11-23;124;121;1421;388431;381591;47563;72.0;70.7;8.8
25;2021-11-24;289;339;2151;388720;381930;49714;72.1;70.8;9.2
25;2021-11-25;97;102;1177;388817;382032;50891;72.1;70.8;9.4
25;2021-11-26;319;347;3710;389136;382379;54601;72.1;70.9;10.1
25;2021-11-27;169;223;1315;389305;382602;55916;72.2;70.9;10.4
25;2021-11-28;5;20;37;389310;382622;55953;72.2;70.9;10.4
25;2021-11-29;177;186;3413;389487;382808;59366;72.2;71.0;11.0
25;2021-11-30;179;187;3728;389666;382995;63094;72.2;71.0;11.7
25;2021-12-01;185;271;4364;389851;383266;67458;72.3;71.0;12.5
25;2021-12-02;147;132;4616;389998;383398;72074;72.3;71.1;13.4
25;2021-12-03;198;338;5065;390196;383736;77139;72.3;71.1;14.3
25;2021-12-04;117;189;2057;390313;383925;79196;72.4;71.2;14.7
25;2021-12-05;6;12;78;390319;383937;79274;72.4;71.2;14.7
25;2021-12-06;142;175;4403;390461;384112;83677;72.4;71.2;15.5
25;2021-12-07;163;201;5529;390624;384313;89206;72.4;71.2;16.5
25;2021-12-08;199;318;5027;390823;384631;94233;72.4;71.3;17.5
25;2021-12-09;173;160;5239;390996;384791;99472;72.5;71.3;18.4
25;2021-12-10;170;299;6179;391166;385090;105651;72.5;71.4;19.6
25;2021-12-11;98;211;2908;391264;385301;108559;72.5;71.4;20.1
25;2021-12-12;13;26;235;391277;385327;108794;72.5;71.4;20.2
25;2021-12-13;131;224;4965;391408;385551;113759;72.6;71.5;21.1
25;2021-12-14;171;212;6067;391579;385763;119826;72.6;71.5;22.2
25;2021-12-15;169;354;5583;391748;386117;125409;72.6;71.6;23.2
25;2021-12-16;153;183;5959;391901;386300;131368;72.6;71.6;24.4
25;2021-12-17;230;352;6234;392131;386652;137602;72.7;71.7;25.5
25;2021-12-18;188;223;3403;392319;386875;141005;72.7;71.7;26.1
25;2021-12-19;10;18;450;392329;386893;141455;72.7;71.7;26.2
25;2021-12-20;231;239;5105;392560;387132;146560;72.8;71.8;27.2
25;2021-12-21;268;250;6370;392828;387382;152930;72.8;71.8;28.3
25;2021-12-22;261;296;4863;393089;387678;157793;72.9;71.9;29.3
25;2021-12-23;234;183;3581;393323;387861;161374;72.9;71.9;29.9
25;2021-12-24;26;57;359;393349;387918;161733;72.9;71.9;30.0
25;2021-12-25;4;13;52;393353;387931;161785;72.9;71.9;30.0
25;2021-12-26;5;18;65;393358;387949;161850;72.9;71.9;30.0
25;2021-12-27;214;243;4443;393572;388192;166293;73.0;72.0;30.8
25;2021-12-28;199;224;5389;393771;388416;171682;73.0;72.0;31.8
26;2020-12-27;0;0;0;0;0;0;0.0;0.0;0.0
26;2020-12-28;0;0;0;0;0;0;0.0;0.0;0.0
26;2020-12-29;0;0;0;0;0;0;0.0;0.0;0.0
26;2020-12-30;0;0;0;0;0;0;0.0;0.0;0.0
26;2020-12-31;0;0;0;0;0;0;0.0;0.0;0.0
26;2021-01-01;2;0;0;2;0;0;0.0;0.0;0.0
26;2021-01-02;0;0;0;2;0;0;0.0;0.0;0.0
26;2021-01-03;1;0;0;3;0;0;0.0;0.0;0.0
26;2021-01-04;0;0;0;3;0;0;0.0;0.0;0.0
26;2021-01-05;0;0;0;3;0;0;0.0;0.0;0.0
26;2021-01-06;4;0;0;7;0;0;0.0;0.0;0.0
26;2021-01-07;176;0;0;183;0;0;0.0;0.0;0.0
26;2021-01-08;133;0;0;316;0;0;0.1;0.0;0.0
26;2021-01-09;5;0;0;321;0;0;0.1;0.0;0.0
26;2021-01-10;0;0;0;321;0;0;0.1;0.0;0.0
26;2021-01-11;256;2;0;577;2;0;0.1;0.0;0.0
26;2021-01-12;206;1;0;783;3;0;0.2;0.0;0.0
26;2021-01-13;409;1;0;1192;4;0;0.2;0.0;0.0
26;2021-01-14;501;1;0;1693;5;0;0.3;0.0;0.0
26;2021-01-15;537;2;0;2230;7;0;0.4;0.0;0.0
26;2021-01-16;237;1;0;2467;8;0;0.5;0.0;0.0
26;2021-01-17;0;0;0;2467;8;0;0.5;0.0;0.0
26;2021-01-18;636;2;0;3103;10;0;0.6;0.0;0.0
26;2021-01-19;788;3;0;3891;13;0;0.7;0.0;0.0
26;2021-01-20;794;2;0;4685;15;0;0.9;0.0;0.0
26;2021-01-21;794;2;0;5479;17;0;1.1;0.0;0.0
26;2021-01-22;732;2;0;6211;19;0;1.2;0.0;0.0
26;2021-01-23;473;1;0;6684;20;0;1.3;0.0;0.0
26;2021-01-24;15;0;0;6699;20;0;1.3;0.0;0.0
26;2021-01-25;624;1;0;7323;21;0;1.4;0.0;0.0
26;2021-01-26;769;6;0;8092;27;0;1.6;0.0;0.0
26;2021-01-27;815;9;0;8907;36;0;1.7;0.0;0.0
26;2021-01-28;1259;169;0;10166;205;0;2.0;0.0;0.0
26;2021-01-29;928;68;0;11094;273;0;2.1;0.1;0.0
26;2021-01-30;552;8;0;11646;281;0;2.2;0.1;0.0
26;2021-01-31;11;0;0;11657;281;0;2.2;0.1;0.0
26;2021-02-01;643;172;0;12300;453;0;2.4;0.1;0.0
26;2021-02-02;1214;211;0;13514;664;0;2.6;0.1;0.0
26;2021-02-03;1214;291;0;14728;955;0;2.8;0.2;0.0
26;2021-02-04;944;437;0;15672;1392;0;3.0;0.3;0.0
26;2021-02-05;633;325;0;16305;1717;0;3.1;0.3;0.0
26;2021-02-06;324;219;0;16629;1936;0;3.2;0.4;0.0
26;2021-02-07;36;3;0;16665;1939;0;3.2;0.4;0.0
26;2021-02-08;516;402;0;17181;2341;0;3.3;0.4;0.0
26;2021-02-09;581;439;0;17762;2780;0;3.4;0.5;0.0
26;2021-02-10;652;373;0;18414;3153;0;3.5;0.6;0.0
26;2021-02-11;730;344;0;19144;3497;0;3.7;0.7;0.0
26;2021-02-12;561;444;0;19705;3941;0;3.8;0.8;0.0
26;2021-02-13;317;303;0;20022;4244;0;3.8;0.8;0.0
26;2021-02-14;31;2;0;20053;4246;0;3.9;0.8;0.0
26;2021-02-15;381;508;0;20434;4754;0;3.9;0.9;0.0
26;2021-02-16;294;527;0;20728;5281;0;4.0;1.0;0.0
26;2021-02-17;238;733;0;20966;6014;0;4.0;1.2;0.0
26;2021-02-18;401;897;0;21367;6911;0;4.1;1.3;0.0
26;2021-02-19;342;810;0;21709;7721;0;4.2;1.5;0.0
26;2021-02-20;86;441;0;21795;8162;0;4.2;1.6;0.0
26;2021-02-21;4;12;0;21799;8174;0;4.2;1.6;0.0
26;2021-02-22;160;648;0;21959;8822;0;4.2;1.7;0.0
26;2021-02-23;393;964;0;22352;9786;0;4.3;1.9;0.0
26;2021-02-24;376;1153;0;22728;10939;0;4.4;2.1;0.0
26;2021-02-25;678;1001;0;23406;11940;0;4.5;2.3;0.0
26;2021-02-26;862;608;0;24268;12548;0;4.7;2.4;0.0
26;2021-02-27;305;434;0;24573;12982;0;4.7;2.5;0.0
26;2021-02-28;11;17;0;24584;12999;0;4.7;2.5;0.0
26;2021-03-01;462;629;0;25046;13628;0;4.8;2.6;0.0
26;2021-03-02;682;631;0;25728;14259;0;4.9;2.7;0.0
26;2021-03-03;712;677;0;26440;14936;0;5.1;2.9;0.0
26;2021-03-04;995;559;0;27435;15495;0;5.3;3.0;0.0
26;2021-03-05;1697;517;0;29132;16012;0;5.6;3.1;0.0
26;2021-03-06;2576;437;0;31708;16449;0;6.1;3.2;0.0
26;2021-03-07;2585;196;0;34293;16645;0;6.6;3.2;0.0
26;2021-03-08;898;614;0;35191;17259;0;6.8;3.3;0.0
26;2021-03-09;1299;553;0;36490;17812;0;7.0;3.4;0.0
26;2021-03-10;1194;499;0;37684;18311;0;7.2;3.5;0.0
26;2021-03-11;1534;625;0;39218;18936;0;7.5;3.6;0.0
26;2021-03-12;2172;499;0;41390;19435;0;8.0;3.7;0.0
26;2021-03-13;1769;288;0;43159;19723;0;8.3;3.8;0.0
26;2021-03-14;66;27;0;43225;19750;0;8.3;3.8;0.0
26;2021-03-15;1565;257;0;44790;20007;0;8.6;3.8;0.0
26;2021-03-16;1164;490;0;45954;20497;0;8.8;3.9;0.0
26;2021-03-17;1318;329;0;47272;20826;0;9.1;4.0;0.0
26;2021-03-18;1527;307;0;48799;21133;0;9.4;4.1;0.0
26;2021-03-19;2351;358;0;51150;21491;0;9.8;4.1;0.0
26;2021-03-20;1199;138;0;52349;21629;0;10.1;4.2;0.0
26;2021-03-21;63;21;0;52412;21650;0;10.1;4.2;0.0
26;2021-03-22;1729;215;0;54141;21865;0;10.4;4.2;0.0
26;2021-03-23;2469;324;0;56610;22189;0;10.9;4.3;0.0
26;2021-03-24;2494;278;0;59104;22467;0;11.4;4.3;0.0
26;2021-03-25;2972;346;0;62076;22813;0;11.9;4.4;0.0
26;2021-03-26;2941;359;0;65017;23172;0;12.5;4.5;0.0
26;2021-03-27;1131;152;0;66148;23324;0;12.7;4.5;0.0
26;2021-03-28;78;5;0;66226;23329;0;12.7;4.5;0.0
26;2021-03-29;1787;425;0;68013;23754;0;13.1;4.6;0.0
26;2021-03-30;2226;498;0;70239;24252;0;13.5;4.7;0.0
26;2021-03-31;2344;568;0;72583;24820;0;13.9;4.8;0.0
26;2021-04-01;2186;762;0;74769;25582;0;14.4;4.9;0.0
26;2021-04-02;2173;934;0;76942;26516;0;14.8;5.1;0.0
26;2021-04-03;511;980;0;77453;27496;0;14.9;5.3;0.0
26;2021-04-04;205;737;0;77658;28233;0;14.9;5.4;0.0
26;2021-04-05;472;47;0;78130;28280;0;15.0;5.4;0.0
26;2021-04-06;1446;782;0;79576;29062;0;15.3;5.6;0.0
26;2021-04-07;1754;873;0;81330;29935;0;15.6;5.8;0.0
26;2021-04-08;2950;950;0;84280;30885;0;16.2;5.9;0.0
26;2021-04-09;3414;996;0;87694;31881;0;16.8;6.1;0.0
26;2021-04-10;1258;823;0;88952;32704;0;17.1;6.3;0.0
26;2021-04-11;95;31;0;89047;32735;0;17.1;6.3;0.0
26;2021-04-12;1715;1077;0;90762;33812;0;17.4;6.5;0.0
26;2021-04-13;2676;1461;0;93438;35273;0;17.9;6.8;0.0
26;2021-04-14;2248;1412;0;95686;36685;0;18.4;7.0;0.0
26;2021-04-15;2291;1523;0;97977;38208;0;18.8;7.3;0.0
26;2021-04-16;2222;1560;0;100199;39768;0;19.2;7.6;0.0
26;2021-04-17;995;750;0;101194;40518;0;19.4;7.8;0.0
26;2021-04-18;65;46;0;101259;40564;0;19.5;7.8;0.0
26;2021-04-19;1453;1474;0;102712;42038;0;19.7;8.1;0.0
26;2021-04-20;1685;1741;0;104397;43779;0;20.1;8.4;0.0
26;2021-04-21;1865;1440;0;106262;45219;0;20.4;8.7;0.0
26;2021-04-22;2292;1577;0;108554;46796;0;20.9;9.0;0.0
26;2021-04-23;1959;1554;0;110513;48350;0;21.2;9.3;0.0
26;2021-04-24;1388;758;0;111901;49108;0;21.5;9.4;0.0
26;2021-04-25;510;81;0;112411;49189;0;21.6;9.4;0.0
26;2021-04-26;1308;1443;0;113719;50632;0;21.8;9.7;0.0
26;2021-04-27;1832;1653;0;115551;52285;0;22.2;10.0;0.0
26;2021-04-28;1782;1742;0;117333;54027;0;22.5;10.4;0.0
26;2021-04-29;2738;1889;0;120071;55916;0;23.1;10.7;0.0
26;2021-04-30;2598;1813;0;122669;57729;0;23.6;11.1;0.0
26;2021-05-01;1292;335;0;123961;58064;0;23.8;11.2;0.0
26;2021-05-02;910;116;0;124871;58180;0;24.0;11.2;0.0
26;2021-05-03;2020;1695;0;126891;59875;0;24.4;11.5;0.0
26;2021-05-04;2488;2250;0;129379;62125;0;24.9;11.9;0.0
26;2021-05-05;2521;2088;0;131900;64213;0;25.3;12.3;0.0
26;2021-05-06;3129;2137;0;135029;66350;0;25.9;12.7;0.0
26;2021-05-07;2615;2322;0;137644;68672;0;26.4;13.2;0.0
26;2021-05-08;1802;506;0;139446;69178;0;26.8;13.3;0.0
26;2021-05-09;589;121;0;140035;69299;0;26.9;13.3;0.0
26;2021-05-10;2698;1833;0;142733;71132;0;27.4;13.7;0.0
26;2021-05-11;3982;2217;0;146715;73349;0;28.2;14.1;0.0
26;2021-05-12;4194;1785;0;150909;75134;0;29.0;14.4;0.0
26;2021-05-13;3713;527;0;154622;75661;0;29.7;14.5;0.0
26;2021-05-14;3985;1457;0;158607;77118;0;30.5;14.8;0.0
26;2021-05-15;3469;545;0;162076;77663;0;31.1;14.9;0.0
26;2021-05-16;2791;281;0;164867;77944;0;31.7;15.0;0.0
26;2021-05-17;3141;1419;0;168008;79363;0;32.3;15.2;0.0
26;2021-05-18;3859;1658;0;171867;81021;0;33.0;15.6;0.0
26;2021-05-19;3802;1376;0;175669;82397;0;33.7;15.8;0.0
26;2021-05-20;3993;1675;0;179662;84072;0;34.5;16.2;0.0
26;2021-05-21;3984;1771;0;183646;85843;0;35.3;16.5;0.0
26;2021-05-22;2422;623;0;186068;86466;0;35.7;16.6;0.0
26;2021-05-23;1223;153;0;187291;86619;0;36.0;16.6;0.0
26;2021-05-24;2948;601;0;190239;87220;0;36.5;16.8;0.0
26;2021-05-25;2978;2297;0;193217;89517;0;37.1;17.2;0.0
26;2021-05-26;3354;2167;0;196571;91684;0;37.8;17.6;0.0
26;2021-05-27;3576;2327;0;200147;94011;0;38.4;18.1;0.0
26;2021-05-28;3143;2620;0;203290;96631;0;39.1;18.6;0.0
26;2021-05-29;2223;1433;0;205513;98064;0;39.5;18.8;0.0
26;2021-05-30;367;88;0;205880;98152;0;39.5;18.9;0.0
26;2021-05-31;2489;1767;0;208369;99919;0;40.0;19.2;0.0
26;2021-06-01;2892;2173;0;211261;102092;0;40.6;19.6;0.0
26;2021-06-02;2511;2084;0;213772;104176;0;41.1;20.0;0.0
26;2021-06-03;2677;2294;0;216449;106470;0;41.6;20.5;0.0
26;2021-06-04;2578;2721;0;219027;109191;0;42.1;21.0;0.0
26;2021-06-05;1432;1430;0;220459;110621;0;42.4;21.3;0.0
26;2021-06-06;81;39;0;220540;110660;0;42.4;21.3;0.0
26;2021-06-07;2029;2233;0;222569;112893;0;42.8;21.7;0.0
26;2021-06-08;2267;2097;0;224836;114990;0;43.2;22.1;0.0
26;2021-06-09;1881;2165;0;226717;117155;0;43.6;22.5;0.0
26;2021-06-10;1821;2542;0;228538;119697;0;43.9;23.0;0.0
26;2021-06-11;1717;2972;0;230255;122669;0;44.2;23.6;0.0
26;2021-06-12;1096;1593;0;231351;124262;0;44.4;23.9;0.0
26;2021-06-13;130;211;0;231481;124473;0;44.5;23.9;0.0
26;2021-06-14;1250;3202;0;232731;127675;0;44.7;24.5;0.0
26;2021-06-15;1481;3666;0;234212;131341;0;45.0;25.2;0.0
26;2021-06-16;1637;3217;0;235849;134558;0;45.3;25.8;0.0
26;2021-06-17;1450;2922;0;237299;137480;0;45.6;26.4;0.0
26;2021-06-18;1660;3982;0;238959;141462;0;45.9;27.2;0.0
26;2021-06-19;864;2717;0;239823;144179;0;46.1;27.7;0.0
26;2021-06-20;250;749;0;240073;144928;0;46.1;27.8;0.0
26;2021-06-21;895;4013;0;240968;148941;0;46.3;28.6;0.0
26;2021-06-22;981;4703;0;241949;153644;0;46.5;29.5;0.0
26;2021-06-23;1133;4422;1;243082;158066;1;46.7;30.4;0.0
26;2021-06-24;1254;3987;0;244336;162053;1;46.9;31.1;0.0
26;2021-06-25;1035;4802;0;245371;166855;1;47.1;32.1;0.0
26;2021-06-26;630;3129;0;246001;169984;1;47.3;32.7;0.0
26;2021-06-27;289;1107;0;246290;171091;1;47.3;32.9;0.0
26;2021-06-28;757;4117;0;247047;175208;1;47.5;33.7;0.0
26;2021-06-29;1005;4360;0;248052;179568;1;47.7;34.5;0.0
26;2021-06-30;1352;4190;0;249404;183758;1;47.9;35.3;0.0
26;2021-07-01;1631;3888;0;251035;187646;1;48.2;36.0;0.0
26;2021-07-02;1333;4505;0;252368;192151;1;48.5;36.9;0.0
26;2021-07-03;663;2568;0;253031;194719;1;48.6;37.4;0.0
26;2021-07-04;270;487;0;253301;195206;1;48.7;37.5;0.0
26;2021-07-05;868;3857;0;254169;199063;1;48.8;38.2;0.0
26;2021-07-06;1245;3724;0;255414;202787;1;49.1;39.0;0.0
26;2021-07-07;1395;3327;0;256809;206114;1;49.3;39.6;0.0
26;2021-07-08;2193;3039;0;259002;209153;1;49.8;40.2;0.0
26;2021-07-09;1489;4102;0;260491;213255;1;50.0;41.0;0.0
26;2021-07-10;804;2210;0;261295;215465;1;50.2;41.4;0.0
26;2021-07-11;262;283;0;261557;215748;1;50.2;41.4;0.0
26;2021-07-12;1043;3612;0;262600;219360;1;50.4;42.1;0.0
26;2021-07-13;2118;4097;0;264718;223457;1;50.9;42.9;0.0
26;2021-07-14;848;730;0;265566;224187;1;51.0;43.1;0.0
26;2021-07-15;2885;3413;0;268451;227600;1;51.6;43.7;0.0
26;2021-07-16;2806;3319;0;271257;230919;1;52.1;44.4;0.0
26;2021-07-17;1661;1519;0;272918;232438;1;52.4;44.7;0.0
26;2021-07-18;206;111;0;273124;232549;1;52.5;44.7;0.0
26;2021-07-19;2373;2843;0;275497;235392;1;52.9;45.2;0.0
26;2021-07-20;3306;3302;0;278803;238694;1;53.6;45.9;0.0
26;2021-07-21;3131;2801;0;281934;241495;1;54.2;46.4;0.0
26;2021-07-22;3602;2714;0;285536;244209;1;54.9;46.9;0.0
26;2021-07-23;3433;3062;0;288969;247271;1;55.5;47.5;0.0
26;2021-07-24;2037;1210;0;291006;248481;1;55.9;47.7;0.0
26;2021-07-25;461;112;0;291467;248593;1;56.0;47.8;0.0
26;2021-07-26;3058;2311;0;294525;250904;1;56.6;48.2;0.0
26;2021-07-27;4379;2528;0;298904;253432;1;57.4;48.7;0.0
26;2021-07-28;3931;2165;0;302835;255597;1;58.2;49.1;0.0
26;2021-07-29;3486;2613;0;306321;258210;1;58.8;49.6;0.0
26;2021-07-30;3169;2448;0;309490;260658;1;59.5;50.1;0.0
26;2021-07-31;1104;991;0;310594;261649;1;59.7;50.3;0.0
26;2021-08-01;401;128;0;310995;261777;1;59.7;50.3;0.0
26;2021-08-02;2638;2097;0;313633;263874;1;60.2;50.7;0.0
26;2021-08-03;3163;2122;0;316796;265996;1;60.9;51.1;0.0
26;2021-08-04;3553;1757;0;320349;267753;1;61.5;51.4;0.0
26;2021-08-05;2946;1953;0;323295;269706;1;62.1;51.8;0.0
26;2021-08-06;2946;2399;1;326241;272105;2;62.7;52.3;0.0
26;2021-08-07;682;746;0;326923;272851;2;62.8;52.4;0.0
26;2021-08-08;68;73;0;326991;272924;2;62.8;52.4;0.0
26;2021-08-09;2006;2561;0;328997;275485;2;63.2;52.9;0.0
26;2021-08-10;2298;2745;0;331295;278230;2;63.6;53.4;0.0
26;2021-08-11;2060;2433;0;333355;280663;2;64.0;53.9;0.0
26;2021-08-12;1779;2352;0;335134;283015;2;64.4;54.4;0.0
26;2021-08-13;1707;2232;0;336841;285247;2;64.7;54.8;0.0
26;2021-08-14;409;847;0;337250;286094;2;64.8;55.0;0.0
26;2021-08-15;42;61;0;337292;286155;2;64.8;55.0;0.0
26;2021-08-16;1129;2776;0;338421;288931;2;65.0;55.5;0.0
26;2021-08-17;1633;2915;0;340054;291846;2;65.3;56.1;0.0
26;2021-08-18;1560;3066;0;341614;294912;2;65.6;56.7;0.0
26;2021-08-19;1526;2736;0;343140;297648;2;65.9;57.2;0.0
26;2021-08-20;1311;2696;0;344451;300344;2;66.2;57.7;0.0
26;2021-08-21;528;999;0;344979;301343;2;66.3;57.9;0.0
26;2021-08-22;67;339;0;345046;301682;2;66.3;58.0;0.0
26;2021-08-23;1430;3124;0;346476;304806;2;66.6;58.6;0.0
26;2021-08-24;1631;3337;0;348107;308143;2;66.9;59.2;0.0
26;2021-08-25;1458;3293;0;349565;311436;2;67.2;59.8;0.0
26;2021-08-26;1367;3013;0;350932;314449;2;67.4;60.4;0.0
26;2021-08-27;1464;3309;0;352396;317758;2;67.7;61.0;0.0
26;2021-08-28;393;1057;0;352789;318815;2;67.8;61.2;0.0
26;2021-08-29;22;64;0;352811;318879;2;67.8;61.3;0.0
26;2021-08-30;1365;2957;61;354176;321836;63;68.0;61.8;0.0
26;2021-08-31;1256;3166;123;355432;325002;186;68.3;62.4;0.0
26;2021-09-01;1365;2459;215;356797;327461;401;68.5;62.9;0.1
26;2021-09-02;1078;1888;260;357875;329349;661;68.7;63.3;0.1
26;2021-09-03;1076;2446;278;358951;331795;939;69.0;63.7;0.2
26;2021-09-04;406;703;84;359357;332498;1023;69.0;63.9;0.2
26;2021-09-05;46;49;10;359403;332547;1033;69.0;63.9;0.2
26;2021-09-06;672;1383;380;360075;333930;1413;69.2;64.1;0.3
26;2021-09-07;773;1561;335;360848;335491;1748;69.3;64.4;0.3
26;2021-09-08;819;1683;286;361667;337174;2034;69.5;64.8;0.4
26;2021-09-09;585;1348;319;362252;338522;2353;69.6;65.0;0.5
26;2021-09-10;776;1740;313;363028;340262;2666;69.7;65.4;0.5
26;2021-09-11;306;698;81;363334;340960;2747;69.8;65.5;0.5
26;2021-09-12;14;24;2;363348;340984;2749;69.8;65.5;0.5
26;2021-09-13;536;1203;415;363884;342187;3164;69.9;65.7;0.6
26;2021-09-14;676;1279;423;364560;343466;3587;70.0;66.0;0.7
26;2021-09-15;683;1709;470;365243;345175;4057;70.2;66.3;0.8
26;2021-09-16;525;977;421;365768;346152;4478;70.3;66.5;0.9
26;2021-09-17;611;1650;425;366379;347802;4903;70.4;66.8;0.9
26;2021-09-18;233;660;100;366612;348462;5003;70.4;66.9;1.0
26;2021-09-19;5;36;1;366617;348498;5004;70.4;66.9;1.0
26;2021-09-20;324;1013;492;366941;349511;5496;70.5;67.1;1.1
26;2021-09-21;371;966;425;367312;350477;5921;70.6;67.3;1.1
26;2021-09-22;394;1406;455;367706;351883;6376;70.6;67.6;1.2
26;2021-09-23;352;773;265;368058;352656;6641;70.7;67.7;1.3
26;2021-09-24;431;1357;479;368489;354013;7120;70.8;68.0;1.4
26;2021-09-25;161;536;69;368650;354549;7189;70.8;68.1;1.4
26;2021-09-26;11;30;1;368661;354579;7190;70.8;68.1;1.4
26;2021-09-27;289;730;389;368950;355309;7579;70.9;68.3;1.5
26;2021-09-28;223;633;325;369173;355942;7904;70.9;68.4;1.5
26;2021-09-29;353;1019;338;369526;356961;8242;71.0;68.6;1.6
26;2021-09-30;231;573;461;369757;357534;8703;71.0;68.7;1.7
26;2021-10-01;463;936;564;370220;358470;9267;71.1;68.9;1.8
26;2021-10-02;189;308;99;370409;358778;9366;71.2;68.9;1.8
26;2021-10-03;11;19;3;370420;358797;9369;71.2;68.9;1.8
26;2021-10-04;314;577;555;370734;359374;9924;71.2;69.0;1.9
26;2021-10-05;162;512;536;370896;359886;10460;71.2;69.1;2.0
26;2021-10-06;386;784;575;371282;360670;11035;71.3;69.3;2.1
26;2021-10-07;197;423;472;371479;361093;11507;71.4;69.4;2.2
26;2021-10-08;373;807;671;371852;361900;12178;71.4;69.5;2.3
26;2021-10-09;181;276;165;372033;362176;12343;71.5;69.6;2.4
26;2021-10-10;2;22;3;372035;362198;12346;71.5;69.6;2.4
26;2021-10-11;243;498;763;372278;362696;13109;71.5;69.7;2.5
26;2021-10-12;200;358;548;372478;363054;13657;71.6;69.7;2.6
26;2021-10-13;301;565;684;372779;363619;14341;71.6;69.9;2.8
26;2021-10-14;213;411;594;372992;364030;14935;71.7;69.9;2.9
26;2021-10-15;383;588;816;373375;364618;15751;71.7;70.0;3.0
26;2021-10-16;168;166;178;373543;364784;15929;71.8;70.1;3.1
26;2021-10-17;7;13;13;373550;364797;15942;71.8;70.1;3.1
26;2021-10-18;226;368;758;373776;365165;16700;71.8;70.1;3.2
26;2021-10-19;90;201;529;373866;365366;17229;71.8;70.2;3.3
26;2021-10-20;174;356;708;374040;365722;17937;71.9;70.3;3.4
26;2021-10-21;144;305;888;374184;366027;18825;71.9;70.3;3.6
26;2021-10-22;146;450;826;374330;366477;19651;71.9;70.4;3.8
26;2021-10-23;75;122;122;374405;366599;19773;71.9;70.4;3.8
26;2021-10-24;3;16;12;374408;366615;19785;71.9;70.4;3.8
26;2021-10-25;151;334;888;374559;366949;20673;72.0;70.5;4.0
26;2021-10-26;105;158;649;374664;367107;21322;72.0;70.5;4.1
26;2021-10-27;160;364;902;374824;367471;22224;72.0;70.6;4.3
26;2021-10-28;148;204;952;374972;367675;23176;72.0;70.6;4.5
26;2021-10-29;147;343;877;375119;368018;24053;72.1;70.7;4.6
26;2021-10-30;54;126;309;375173;368144;24362;72.1;70.7;4.7
26;2021-10-31;1;3;3;375174;368147;24365;72.1;70.7;4.7
26;2021-11-01;19;8;16;375193;368155;24381;72.1;70.7;4.7
26;2021-11-02;86;216;729;375279;368371;25110;72.1;70.8;4.8
26;2021-11-03;152;409;1123;375431;368780;26233;72.1;70.8;5.0
26;2021-11-04;106;216;1178;375537;368996;27411;72.1;70.9;5.3
26;2021-11-05;152;294;964;375689;369290;28375;72.2;70.9;5.5
26;2021-11-06;76;158;331;375765;369448;28706;72.2;71.0;5.5
26;2021-11-07;0;12;4;375765;369460;28710;72.2;71.0;5.5
26;2021-11-08;101;255;1250;375866;369715;29960;72.2;71.0;5.8
26;2021-11-09;96;168;1073;375962;369883;31033;72.2;71.1;6.0
26;2021-11-10;167;253;1739;376129;370136;32772;72.3;71.1;6.3
26;2021-11-11;11;16;20;376140;370152;32792;72.3;71.1;6.3
26;2021-11-12;122;236;1390;376262;370388;34182;72.3;71.2;6.6
26;2021-11-13;48;85;428;376310;370473;34610;72.3;71.2;6.6
26;2021-11-14;4;7;4;376314;370480;34614;72.3;71.2;6.6
26;2021-11-15;136;168;1794;376450;370648;36408;72.3;71.2;7.0
26;2021-11-16;116;156;1707;376566;370804;38115;72.3;71.2;7.3
26;2021-11-17;202;244;1836;376768;371048;39951;72.4;71.3;7.7
26;2021-11-18;117;157;1684;376885;371205;41635;72.4;71.3;8.0
26;2021-11-19;158;177;1652;377043;371382;43287;72.4;71.3;8.3
26;2021-11-20;88;102;709;377131;371484;43996;72.4;71.4;8.5
26;2021-11-21;16;21;262;377147;371505;44258;72.5;71.4;8.5
26;2021-11-22;91;76;1768;377238;371581;46026;72.5;71.4;8.8
26;2021-11-23;122;115;2078;377360;371696;48104;72.5;71.4;9.2
26;2021-11-24;170;176;2111;377530;371872;50215;72.5;71.4;9.6
26;2021-11-25;137;125;2198;377667;371997;52413;72.6;71.5;10.1
26;2021-11-26;174;193;2973;377841;372190;55386;72.6;71.5;10.6
26;2021-11-27;82;115;1023;377923;372305;56409;72.6;71.5;10.8
26;2021-11-28;3;6;33;377926;372311;56442;72.6;71.5;10.8
26;2021-11-29;89;109;3123;378015;372420;59565;72.6;71.5;11.4
26;2021-11-30;118;106;3588;378133;372526;63153;72.6;71.6;12.1
26;2021-12-01;130;172;4244;378263;372698;67397;72.7;71.6;12.9
26;2021-12-02;101;110;3857;378364;372808;71254;72.7;71.6;13.7
26;2021-12-03;101;152;4545;378465;372960;75799;72.7;71.6;14.6
26;2021-12-04;75;75;1916;378540;373035;77715;72.7;71.7;14.9
26;2021-12-05;13;25;841;378553;373060;78556;72.7;71.7;15.1
26;2021-12-06;102;168;4151;378655;373228;82707;72.7;71.7;15.9
26;2021-12-07;129;158;5416;378784;373386;88123;72.8;71.7;16.9
26;2021-12-08;159;193;5549;378943;373579;93672;72.8;71.8;18.0
26;2021-12-09;136;144;5985;379079;373723;99657;72.8;71.8;19.1
26;2021-12-10;121;161;6112;379200;373884;105769;72.8;71.8;20.3
26;2021-12-11;87;78;2736;379287;373962;108505;72.9;71.8;20.8
26;2021-12-12;23;12;464;379310;373974;108969;72.9;71.8;20.9
26;2021-12-13;116;150;5419;379426;374124;114388;72.9;71.9;22.0
26;2021-12-14;144;170;6692;379570;374294;121080;72.9;71.9;23.3
26;2021-12-15;162;198;6236;379732;374492;127316;72.9;71.9;24.5
26;2021-12-16;157;176;6560;379889;374668;133876;73.0;72.0;25.7
26;2021-12-17;144;206;6347;380033;374874;140223;73.0;72.0;26.9
26;2021-12-18;189;148;4319;380222;375022;144542;73.0;72.0;27.8
26;2021-12-19;101;46;2353;380323;375068;146895;73.1;72.1;28.2
26;2021-12-20;165;186;4997;380488;375254;151892;73.1;72.1;29.2
26;2021-12-21;201;161;5383;380689;375415;157275;73.1;72.1;30.2
26;2021-12-22;171;142;4330;380860;375557;161605;73.2;72.1;31.0
26;2021-12-23;171;104;3322;381031;375661;164927;73.2;72.2;31.7
26;2021-12-24;59;39;796;381090;375700;165723;73.2;72.2;31.8
26;2021-12-25;0;7;27;381090;375707;165750;73.2;72.2;31.8
26;2021-12-26;3;8;90;381093;375715;165840;73.2;72.2;31.9
26;2021-12-27;134;161;3278;381227;375876;169118;73.2;72.2;32.5
26;2021-12-28;168;138;3975;381395;376014;173093;73.3;72.2;33.3
27;2020-12-27;0;0;0;0;0;0;0.0;0.0;0.0
27;2020-12-28;0;0;0;0;0;0;0.0;0.0;0.0
27;2020-12-29;1;0;0;1;0;0;0.0;0.0;0.0
27;2020-12-30;0;0;0;1;0;0;0.0;0.0;0.0
27;2020-12-31;0;0;0;1;0;0;0.0;0.0;0.0
27;2021-01-01;0;0;0;1;0;0;0.0;0.0;0.0
27;2021-01-02;0;0;0;1;0;0;0.0;0.0;0.0
27;2021-01-03;1;0;0;2;0;0;0.0;0.0;0.0
27;2021-01-04;4;0;0;6;0;0;0.0;0.0;0.0
27;2021-01-05;23;0;0;29;0;0;0.0;0.0;0.0
27;2021-01-06;200;0;0;229;0;0;0.0;0.0;0.0
27;2021-01-07;465;0;0;694;0;0;0.1;0.0;0.0
27;2021-01-08;501;3;0;1195;3;0;0.2;0.0;0.0
27;2021-01-09;92;2;0;1287;5;0;0.2;0.0;0.0
27;2021-01-10;103;0;0;1390;5;0;0.2;0.0;0.0
27;2021-01-11;406;0;0;1796;5;0;0.3;0.0;0.0
27;2021-01-12;492;2;0;2288;7;0;0.4;0.0;0.0
27;2021-01-13;844;3;0;3132;10;0;0.5;0.0;0.0
27;2021-01-14;1646;32;0;4778;42;0;0.8;0.0;0.0
27;2021-01-15;1218;8;0;5996;50;0;1.0;0.0;0.0
27;2021-01-16;309;2;0;6305;52;0;1.0;0.0;0.0
27;2021-01-17;220;2;0;6525;54;0;1.1;0.0;0.0
27;2021-01-18;787;5;0;7312;59;0;1.2;0.0;0.0
27;2021-01-19;871;5;0;8183;64;0;1.4;0.0;0.0
27;2021-01-20;906;1;0;9089;65;0;1.5;0.0;0.0
27;2021-01-21;710;6;0;9799;71;0;1.6;0.0;0.0
27;2021-01-22;807;6;0;10606;77;0;1.8;0.0;0.0
27;2021-01-23;328;0;0;10934;77;0;1.8;0.0;0.0
27;2021-01-24;137;4;0;11071;81;0;1.8;0.0;0.0
27;2021-01-25;621;16;0;11692;97;0;1.9;0.0;0.0
27;2021-01-26;546;27;0;12238;124;0;2.0;0.0;0.0
27;2021-01-27;569;133;0;12807;257;0;2.1;0.0;0.0
27;2021-01-28;593;339;0;13400;596;0;2.2;0.1;0.0
27;2021-01-29;530;146;0;13930;742;0;2.3;0.1;0.0
27;2021-01-30;224;29;0;14154;771;0;2.4;0.1;0.0
27;2021-01-31;27;26;0;14181;797;0;2.4;0.1;0.0
27;2021-02-01;383;242;0;14564;1039;0;2.4;0.2;0.0
27;2021-02-02;324;327;0;14888;1366;0;2.5;0.2;0.0
27;2021-02-03;461;404;0;15349;1770;0;2.6;0.3;0.0
27;2021-02-04;719;912;0;16068;2682;0;2.7;0.4;0.0
27;2021-02-05;668;1059;0;16736;3741;0;2.8;0.6;0.0
27;2021-02-06;72;211;0;16808;3952;0;2.8;0.7;0.0
27;2021-02-07;43;103;0;16851;4055;0;2.8;0.7;0.0
27;2021-02-08;389;437;0;17240;4492;0;2.9;0.7;0.0
27;2021-02-09;381;584;0;17621;5076;0;2.9;0.8;0.0
27;2021-02-10;350;543;0;17971;5619;0;3.0;0.9;0.0
27;2021-02-11;384;536;0;18355;6155;0;3.1;1.0;0.0
27;2021-02-12;353;598;0;18708;6753;0;3.1;1.1;0.0
27;2021-02-13;139;128;0;18847;6881;0;3.1;1.1;0.0
27;2021-02-14;7;85;0;18854;6966;0;3.1;1.2;0.0
27;2021-02-15;403;644;0;19257;7610;0;3.2;1.3;0.0
27;2021-02-16;349;776;0;19606;8386;0;3.3;1.4;0.0
27;2021-02-17;288;691;0;19894;9077;0;3.3;1.5;0.0
27;2021-02-18;388;754;0;20282;9831;0;3.4;1.6;0.0
27;2021-02-19;287;713;0;20569;10544;0;3.4;1.8;0.0
27;2021-02-20;127;230;0;20696;10774;0;3.4;1.8;0.0
27;2021-02-21;11;122;0;20707;10896;0;3.4;1.8;0.0
27;2021-02-22;450;622;0;21157;11518;0;3.5;1.9;0.0
27;2021-02-23;453;656;0;21610;12174;0;3.6;2.0;0.0
27;2021-02-24;431;640;0;22041;12814;0;3.7;2.1;0.0
27;2021-02-25;789;725;0;22830;13539;0;3.8;2.3;0.0
27;2021-02-26;798;718;0;23628;14257;0;3.9;2.4;0.0
27;2021-02-27;367;152;0;23995;14409;0;4.0;2.4;0.0
27;2021-02-28;105;24;0;24100;14433;0;4.0;2.4;0.0
27;2021-03-01;402;519;0;24502;14952;0;4.1;2.5;0.0
27;2021-03-02;679;412;0;25181;15364;0;4.2;2.6;0.0
27;2021-03-03;761;387;0;25942;15751;0;4.3;2.6;0.0
27;2021-03-04;868;275;0;26810;16026;0;4.5;2.7;0.0
27;2021-03-05;1368;294;0;28178;16320;0;4.7;2.7;0.0
27;2021-03-06;1437;99;0;29615;16419;0;4.9;2.7;0.0
27;2021-03-07;508;22;0;30123;16441;0;5.0;2.7;0.0
27;2021-03-08;1066;345;0;31189;16786;0;5.2;2.8;0.0
27;2021-03-09;1658;312;0;32847;17098;0;5.5;2.8;0.0
27;2021-03-10;1911;371;0;34758;17469;0;5.8;2.9;0.0
27;2021-03-11;1942;270;0;36700;17739;0;6.1;3.0;0.0
27;2021-03-12;2726;258;0;39426;17997;0;6.6;3.0;0.0
27;2021-03-13;1753;112;0;41179;18109;0;6.9;3.0;0.0
27;2021-03-14;544;17;0;41723;18126;0;6.9;3.0;0.0
27;2021-03-15;1418;216;0;43141;18342;0;7.2;3.1;0.0
27;2021-03-16;1311;245;0;44452;18587;0;7.4;3.1;0.0
27;2021-03-17;1507;334;0;45959;18921;0;7.7;3.1;0.0
27;2021-03-18;1400;344;0;47359;19265;0;7.9;3.2;0.0
27;2021-03-19;1656;193;0;49015;19458;0;8.2;3.2;0.0
27;2021-03-20;909;50;0;49924;19508;0;8.3;3.2;0.0
27;2021-03-21;296;6;0;50220;19514;0;8.4;3.2;0.0
27;2021-03-22;1291;420;0;51511;19934;0;8.6;3.3;0.0
27;2021-03-23;1769;395;0;53280;20329;0;8.9;3.4;0.0
27;2021-03-24;1678;377;0;54958;20706;0;9.1;3.4;0.0
27;2021-03-25;2231;394;0;57189;21100;0;9.5;3.5;0.0
27;2021-03-26;2800;358;0;59989;21458;0;10.0;3.6;0.0
27;2021-03-27;1646;162;0;61635;21620;0;10.3;3.6;0.0
27;2021-03-28;1047;41;0;62682;21661;0;10.4;3.6;0.0
27;2021-03-29;1675;653;0;64357;22314;0;10.7;3.7;0.0
27;2021-03-30;1744;724;0;66101;23038;0;11.0;3.8;0.0
27;2021-03-31;1830;745;0;67931;23783;0;11.3;4.0;0.0
27;2021-04-01;2417;711;0;70348;24494;0;11.7;4.1;0.0
27;2021-04-02;2278;1000;0;72626;25494;0;12.1;4.2;0.0
27;2021-04-03;1570;576;0;74196;26070;0;12.4;4.3;0.0
27;2021-04-04;880;154;0;75076;26224;0;12.5;4.4;0.0
27;2021-04-05;435;35;0;75511;26259;0;12.6;4.4;0.0
27;2021-04-06;1668;1437;0;77179;27696;0;12.8;4.6;0.0
27;2021-04-07;1669;1457;0;78848;29153;0;13.1;4.9;0.0
27;2021-04-08;2138;1438;0;80986;30591;0;13.5;5.1;0.0
27;2021-04-09;3322;1354;0;84308;31945;0;14.0;5.3;0.0
27;2021-04-10;2244;830;0;86552;32775;0;14.4;5.5;0.0
27;2021-04-11;918;216;0;87470;32991;0;14.6;5.5;0.0
27;2021-04-12;2641;1318;0;90111;34309;0;15.0;5.7;0.0
27;2021-04-13;2655;1404;0;92766;35713;0;15.4;5.9;0.0
27;2021-04-14;2278;1340;0;95044;37053;0;15.8;6.2;0.0
27;2021-04-15;2156;1460;0;97200;38513;0;16.2;6.4;0.0
27;2021-04-16;3061;1099;0;100261;39612;0;16.7;6.6;0.0
27;2021-04-17;2192;471;0;102453;40083;0;17.1;6.7;0.0
27;2021-04-18;408;27;0;102861;40110;0;17.1;6.7;0.0
27;2021-04-19;1823;1258;0;104684;41368;0;17.4;6.9;0.0
27;2021-04-20;2426;1371;0;107110;42739;0;17.8;7.1;0.0
27;2021-04-21;2248;1265;0;109358;44004;0;18.2;7.3;0.0
27;2021-04-22;2302;1543;0;111660;45547;0;18.6;7.6;0.0
27;2021-04-23;2640;1378;0;114300;46925;0;19.0;7.8;0.0
27;2021-04-24;3195;1207;0;117495;48132;0;19.6;8.0;0.0
27;2021-04-25;921;942;0;118416;49074;0;19.7;8.2;0.0
27;2021-04-26;1993;1348;0;120409;50422;0;20.0;8.4;0.0
27;2021-04-27;2545;1405;0;122954;51827;0;20.5;8.6;0.0
27;2021-04-28;2489;1578;0;125443;53405;0;20.9;8.9;0.0
27;2021-04-29;2558;1738;0;128001;55143;0;21.3;9.2;0.0
27;2021-04-30;2631;1829;0;130632;56972;0;21.7;9.5;0.0
27;2021-05-01;2657;884;0;133289;57856;0;22.2;9.6;0.0
27;2021-05-02;1435;787;0;134724;58643;0;22.4;9.8;0.0
27;2021-05-03;2935;1206;0;137659;59849;0;22.9;10.0;0.0
27;2021-05-04;2783;1948;0;140442;61797;0;23.4;10.3;0.0
27;2021-05-05;2886;1960;0;143328;63757;0;23.9;10.6;0.0
27;2021-05-06;3169;1629;0;146497;65386;0;24.4;10.9;0.0
27;2021-05-07;3250;2343;0;149747;67729;0;24.9;11.3;0.0
27;2021-05-08;2758;1380;0;152505;69109;0;25.4;11.5;0.0
27;2021-05-09;1295;318;0;153800;69427;0;25.6;11.6;0.0
27;2021-05-10;2871;2487;0;156671;71914;0;26.1;12.0;0.0
27;2021-05-11;3240;2131;0;159911;74045;0;26.6;12.3;0.0
27;2021-05-12;3383;1882;0;163294;75927;0;27.2;12.6;0.0
27;2021-05-13;2391;361;0;165685;76288;0;27.6;12.7;0.0
27;2021-05-14;3801;1903;0;169486;78191;0;28.2;13.0;0.0
27;2021-05-15;5710;919;0;175196;79110;0;29.2;13.2;0.0
27;2021-05-16;2991;346;0;178187;79456;0;29.7;13.2;0.0
27;2021-05-17;2866;1321;0;181053;80777;0;30.1;13.4;0.0
27;2021-05-18;3721;1425;0;184774;82202;0;30.8;13.7;0.0
27;2021-05-19;3943;1255;0;188717;83457;0;31.4;13.9;0.0
27;2021-05-20;3966;1275;0;192683;84732;0;32.1;14.1;0.0
27;2021-05-21;3882;1837;0;196565;86569;0;32.7;14.4;0.0
27;2021-05-22;4148;844;0;200713;87413;0;33.4;14.6;0.0
27;2021-05-23;1074;173;0;201787;87586;0;33.6;14.6;0.0
27;2021-05-24;1827;411;0;203614;87997;0;33.9;14.6;0.0
27;2021-05-25;3311;1690;0;206925;89687;0;34.4;14.9;0.0
27;2021-05-26;3628;1810;0;210553;91497;0;35.1;15.2;0.0
27;2021-05-27;3606;1618;0;214159;93115;0;35.7;15.5;0.0
27;2021-05-28;3531;2726;0;217690;95841;0;36.2;16.0;0.0
27;2021-05-29;4193;2167;0;221883;98008;0;36.9;16.3;0.0
27;2021-05-30;984;247;0;222867;98255;0;37.1;16.4;0.0
27;2021-05-31;3300;2372;0;226167;100627;0;37.7;16.8;0.0
27;2021-06-01;3936;2308;0;230103;102935;0;38.3;17.1;0.0
27;2021-06-02;3524;2160;0;233627;105095;0;38.9;17.5;0.0
27;2021-06-03;4450;2145;0;238077;107240;0;39.6;17.9;0.0
27;2021-06-04;3781;3053;0;241858;110293;0;40.3;18.4;0.0
27;2021-06-05;3083;3155;0;244941;113448;0;40.8;18.9;0.0
27;2021-06-06;1543;762;0;246484;114210;0;41.0;19.0;0.0
27;2021-06-07;2958;2335;0;249442;116545;0;41.5;19.4;0.0
27;2021-06-08;3566;2463;0;253008;119008;0;42.1;19.8;0.0
27;2021-06-09;2629;2491;0;255637;121499;0;42.6;20.2;0.0
27;2021-06-10;2922;2155;0;258559;123654;0;43.0;20.6;0.0
27;2021-06-11;3462;3790;0;262021;127444;0;43.6;21.2;0.0
27;2021-06-12;2374;3963;0;264395;131407;0;44.0;21.9;0.0
27;2021-06-13;1089;2118;0;265484;133525;0;44.2;22.2;0.0
27;2021-06-14;2250;3176;0;267734;136701;0;44.6;22.8;0.0
27;2021-06-15;2934;3243;0;270668;139944;0;45.1;23.3;0.0
27;2021-06-16;2821;3366;0;273489;143310;0;45.5;23.9;0.0
27;2021-06-17;2676;3333;0;276165;146643;0;46.0;24.4;0.0
27;2021-06-18;3153;4432;0;279318;151075;0;46.5;25.2;0.0
27;2021-06-19;2225;2999;0;281543;154074;0;46.9;25.6;0.0
27;2021-06-20;668;711;0;282211;154785;0;47.0;25.8;0.0
27;2021-06-21;1924;3570;0;284135;158355;0;47.3;26.4;0.0
27;2021-06-22;2567;3883;0;286702;162238;0;47.7;27.0;0.0
27;2021-06-23;2112;3697;0;288814;165935;0;48.1;27.6;0.0
27;2021-06-24;2381;3463;0;291195;169398;0;48.5;28.2;0.0
27;2021-06-25;2106;4516;0;293301;173914;0;48.8;29.0;0.0
27;2021-06-26;1136;4920;0;294437;178834;0;49.0;29.8;0.0
27;2021-06-27;420;1551;0;294857;180385;0;49.1;30.0;0.0
27;2021-06-28;1435;3810;0;296292;184195;0;49.3;30.7;0.0
27;2021-06-29;1807;4536;0;298099;188731;0;49.6;31.4;0.0
27;2021-06-30;2205;4334;0;300304;193065;0;50.0;32.1;0.0
27;2021-07-01;2441;4035;0;302745;197100;0;50.4;32.8;0.0
27;2021-07-02;1772;5040;0;304517;202140;0;50.7;33.7;0.0
27;2021-07-03;1372;4615;0;305889;206755;0;50.9;34.4;0.0
27;2021-07-04;501;1543;0;306390;208298;0;51.0;34.7;0.0
27;2021-07-05;1719;3895;0;308109;212193;0;51.3;35.3;0.0
27;2021-07-06;1636;4238;0;309745;216431;0;51.6;36.0;0.0
27;2021-07-07;2013;4859;0;311758;221290;0;51.9;36.8;0.0
27;2021-07-08;2310;4402;0;314068;225692;0;52.3;37.6;0.0
27;2021-07-09;2266;5392;0;316334;231084;0;52.7;38.5;0.0
27;2021-07-10;1282;4243;0;317616;235327;0;52.9;39.2;0.0
27;2021-07-11;409;1033;0;318025;236360;0;52.9;39.3;0.0
27;2021-07-12;1385;4479;0;319410;240839;0;53.2;40.1;0.0
27;2021-07-13;2866;5555;0;322276;246394;0;53.7;41.0;0.0
27;2021-07-14;1881;2172;0;324157;248566;0;54.0;41.4;0.0
27;2021-07-15;3391;5617;0;327548;254183;0;54.5;42.3;0.0
27;2021-07-16;4013;5491;0;331561;259674;0;55.2;43.2;0.0
27;2021-07-17;3025;4006;0;334586;263680;0;55.7;43.9;0.0
27;2021-07-18;620;1166;0;335206;264846;0;55.8;44.1;0.0
27;2021-07-19;3403;4474;0;338609;269320;0;56.4;44.8;0.0
27;2021-07-20;3465;4334;0;342074;273654;0;56.9;45.6;0.0
27;2021-07-21;4056;4431;0;346130;278085;0;57.6;46.3;0.0
27;2021-07-22;4743;4320;0;350873;282405;0;58.4;47.0;0.0
27;2021-07-23;3965;4192;0;354838;286597;0;59.1;47.7;0.0
27;2021-07-24;3374;2760;0;358212;289357;0;59.6;48.2;0.0
27;2021-07-25;556;608;0;358768;289965;0;59.7;48.3;0.0
27;2021-07-26;3320;3831;0;362088;293796;0;60.3;48.9;0.0
27;2021-07-27;3910;3664;0;365998;297460;0;60.9;49.5;0.0
27;2021-07-28;3861;3669;0;369859;301129;0;61.6;50.1;0.0
27;2021-07-29;4854;3726;0;374713;304855;0;62.4;50.8;0.0
27;2021-07-30;4212;3694;0;378925;308549;0;63.1;51.4;0.0
27;2021-07-31;3212;2841;0;382137;311390;0;63.6;51.8;0.0
27;2021-08-01;572;581;0;382709;311971;0;63.7;51.9;0.0
27;2021-08-02;3499;2895;0;386208;314866;0;64.3;52.4;0.0
27;2021-08-03;3686;3048;0;389894;317914;0;64.9;52.9;0.0
27;2021-08-04;3468;2681;0;393362;320595;0;65.5;53.4;0.0
27;2021-08-05;3141;2800;0;396503;323395;0;66.0;53.8;0.0
27;2021-08-06;3593;3536;0;400096;326931;0;66.6;54.4;0.0
27;2021-08-07;2259;2648;0;402355;329579;0;67.0;54.9;0.0
27;2021-08-08;376;332;0;402731;329911;0;67.0;54.9;0.0
27;2021-08-09;2629;3312;0;405360;333223;0;67.5;55.5;0.0
27;2021-08-10;3023;3461;0;408383;336684;0;68.0;56.0;0.0
27;2021-08-11;2841;3027;0;411224;339711;0;68.5;56.6;0.0
27;2021-08-12;2560;3696;0;413784;343407;0;68.9;57.2;0.0
27;2021-08-13;2022;2943;0;415806;346350;0;69.2;57.7;0.0
27;2021-08-14;1336;2852;0;417142;349202;0;69.4;58.1;0.0
27;2021-08-15;114;134;0;417256;349336;0;69.5;58.2;0.0
27;2021-08-16;1867;3994;0;419123;353330;0;69.8;58.8;0.0
27;2021-08-17;2022;3597;0;421145;356927;0;70.1;59.4;0.0
27;2021-08-18;1744;3293;0;422889;360220;0;70.4;60.0;0.0
27;2021-08-19;1839;3671;0;424728;363891;0;70.7;60.6;0.0
27;2021-08-20;1698;3788;0;426426;367679;0;71.0;61.2;0.0
27;2021-08-21;1077;2791;0;427503;370470;0;71.2;61.7;0.0
27;2021-08-22;201;322;0;427704;370792;0;71.2;61.7;0.0
27;2021-08-23;1225;3959;0;428929;374751;0;71.4;62.4;0.0
27;2021-08-24;1470;3991;0;430399;378742;0;71.7;63.1;0.0
27;2021-08-25;1598;3496;0;431997;382238;0;71.9;63.6;0.0
27;2021-08-26;1185;3078;0;433182;385316;0;72.1;64.1;0.0
27;2021-08-27;1303;3630;0;434485;388946;0;72.3;64.8;0.0
27;2021-08-28;968;2993;0;435453;391939;0;72.5;65.2;0.0
27;2021-08-29;114;316;0;435567;392255;0;72.5;65.3;0.0
27;2021-08-30;1008;3656;39;436575;395911;39;72.7;65.9;0.0
27;2021-08-31;1256;3535;115;437831;399446;154;72.9;66.5;0.0
27;2021-09-01;1155;3189;238;438986;402635;392;73.1;67.0;0.1
27;2021-09-02;930;2428;267;439916;405063;659;73.2;67.4;0.1
27;2021-09-03;925;2507;286;440841;407570;945;73.4;67.9;0.2
27;2021-09-04;792;2093;136;441633;409663;1081;73.5;68.2;0.2
27;2021-09-05;86;260;11;441719;409923;1092;73.5;68.2;0.2
27;2021-09-06;618;1719;351;442337;411642;1443;73.6;68.5;0.2
27;2021-09-07;715;2115;267;443052;413757;1710;73.8;68.9;0.3
27;2021-09-08;788;2328;290;443840;416085;2000;73.9;69.3;0.3
27;2021-09-09;665;1718;268;444505;417803;2268;74.0;69.6;0.4
27;2021-09-10;904;2049;438;445409;419852;2706;74.1;69.9;0.5
27;2021-09-11;619;1872;130;446028;421724;2836;74.3;70.2;0.5
27;2021-09-12;67;209;14;446095;421933;2850;74.3;70.2;0.5
27;2021-09-13;441;1134;406;446536;423067;3256;74.3;70.4;0.5
27;2021-09-14;615;1152;427;447151;424219;3683;74.4;70.6;0.6
27;2021-09-15;606;1714;381;447757;425933;4064;74.5;70.9;0.7
27;2021-09-16;596;1148;379;448353;427081;4443;74.6;71.1;0.7
27;2021-09-17;773;1401;400;449126;428482;4843;74.8;71.3;0.8
27;2021-09-18;363;1283;154;449489;429765;4997;74.8;71.5;0.8
27;2021-09-19;59;193;26;449548;429958;5023;74.8;71.6;0.8
27;2021-09-20;305;912;497;449853;430870;5520;74.9;71.7;0.9
27;2021-09-21;412;965;475;450265;431835;5995;75.0;71.9;1.0
27;2021-09-22;326;1148;447;450591;432983;6442;75.0;72.1;1.1
27;2021-09-23;388;795;723;450979;433778;7165;75.1;72.2;1.2
27;2021-09-24;623;1264;521;451602;435042;7686;75.2;72.4;1.3
27;2021-09-25;278;1101;186;451880;436143;7872;75.2;72.6;1.3
27;2021-09-26;18;33;21;451898;436176;7893;75.2;72.6;1.3
27;2021-09-27;216;589;418;452114;436765;8311;75.3;72.7;1.4
27;2021-09-28;314;772;579;452428;437537;8890;75.3;72.8;1.5
27;2021-09-29;266;791;398;452694;438328;9288;75.4;73.0;1.5
27;2021-09-30;173;551;329;452867;438879;9617;75.4;73.1;1.6
27;2021-10-01;454;994;596;453321;439873;10213;75.5;73.2;1.7
27;2021-10-02;363;828;314;453684;440701;10527;75.5;73.4;1.8
27;2021-10-03;14;28;28;453698;440729;10555;75.5;73.4;1.8
27;2021-10-04;243;431;473;453941;441160;11028;75.6;73.4;1.8
27;2021-10-05;317;513;599;454258;441673;11627;75.6;73.5;1.9
27;2021-10-06;308;678;598;454566;442351;12225;75.7;73.6;2.0
27;2021-10-07;162;321;475;454728;442672;12700;75.7;73.7;2.1
27;2021-10-08;370;826;929;455098;443498;13629;75.8;73.8;2.3
27;2021-10-09;283;559;314;455381;444057;13943;75.8;73.9;2.3
27;2021-10-10;18;49;21;455399;444106;13964;75.8;73.9;2.3
27;2021-10-11;226;429;412;455625;444535;14376;75.9;74.0;2.4
27;2021-10-12;271;442;925;455896;444977;15301;75.9;74.1;2.5
27;2021-10-13;308;462;662;456204;445439;15963;75.9;74.2;2.7
27;2021-10-14;159;399;618;456363;445838;16581;76.0;74.2;2.8
27;2021-10-15;391;810;977;456754;446648;17558;76.0;74.4;2.9
27;2021-10-16;323;455;545;457077;447103;18103;76.1;74.4;3.0
27;2021-10-17;27;36;43;457104;447139;18146;76.1;74.4;3.0
27;2021-10-18;210;293;556;457314;447432;18702;76.1;74.5;3.1
27;2021-10-19;220;372;884;457534;447804;19586;76.2;74.5;3.3
27;2021-10-20;256;374;785;457790;448178;20371;76.2;74.6;3.4
27;2021-10-21;165;391;938;457955;448569;21309;76.2;74.7;3.5
27;2021-10-22;278;503;1194;458233;449072;22503;76.3;74.8;3.7
27;2021-10-23;211;436;482;458444;449508;22985;76.3;74.8;3.8
27;2021-10-24;7;12;35;458451;449520;23020;76.3;74.8;3.8
27;2021-10-25;169;215;645;458620;449735;23665;76.3;74.9;3.9
27;2021-10-26;174;252;850;458794;449987;24515;76.4;74.9;4.1
27;2021-10-27;189;320;822;458983;450307;25337;76.4;75.0;4.2
27;2021-10-28;139;177;746;459122;450484;26083;76.4;75.0;4.3
27;2021-10-29;257;440;1256;459379;450924;27339;76.5;75.1;4.6
27;2021-10-30;156;231;438;459535;451155;27777;76.5;75.1;4.6
27;2021-10-31;6;13;13;459541;451168;27790;76.5;75.1;4.6
27;2021-11-01;23;13;22;459564;451181;27812;76.5;75.1;4.6
27;2021-11-02;196;289;855;459760;451470;28667;76.5;75.2;4.8
27;2021-11-03;188;362;1080;459948;451832;29747;76.6;75.2;5.0
27;2021-11-04;168;201;751;460116;452033;30498;76.6;75.3;5.1
27;2021-11-05;256;345;1476;460372;452378;31974;76.6;75.3;5.3
27;2021-11-06;203;358;695;460575;452736;32669;76.7;75.4;5.4
27;2021-11-07;22;30;83;460597;452766;32752;76.7;75.4;5.5
27;2021-11-08;127;208;1044;460724;452974;33796;76.7;75.4;5.6
27;2021-11-09;181;284;1434;460905;453258;35230;76.7;75.5;5.9
27;2021-11-10;242;324;1720;461147;453582;36950;76.8;75.5;6.2
27;2021-11-11;11;12;36;461158;453594;36986;76.8;75.5;6.2
27;2021-11-12;219;290;1625;461377;453884;38611;76.8;75.6;6.4
27;2021-11-13;199;260;893;461576;454144;39504;76.8;75.6;6.6
27;2021-11-14;11;19;51;461587;454163;39555;76.8;75.6;6.6
27;2021-11-15;130;181;1328;461717;454344;40883;76.9;75.6;6.8
27;2021-11-16;182;232;2414;461899;454576;43297;76.9;75.7;7.2
27;2021-11-17;231;248;1909;462130;454824;45206;76.9;75.7;7.5
27;2021-11-18;148;133;1390;462278;454957;46596;77.0;75.7;7.8
27;2021-11-19;230;274;2212;462508;455231;48808;77.0;75.8;8.1
27;2021-11-20;235;269;914;462743;455500;49722;77.0;75.8;8.3
27;2021-11-21;3;7;69;462746;455507;49791;77.0;75.8;8.3
27;2021-11-22;187;108;1646;462933;455615;51437;77.1;75.8;8.6
27;2021-11-23;229;195;2498;463162;455810;53935;77.1;75.9;9.0
27;2021-11-24;257;277;2253;463419;456087;56188;77.1;75.9;9.4
27;2021-11-25;124;123;1751;463543;456210;57939;77.2;75.9;9.6
27;2021-11-26;232;298;3275;463775;456508;61214;77.2;76.0;10.2
27;2021-11-27;199;261;1714;463974;456769;62928;77.2;76.0;10.5
27;2021-11-28;10;16;150;463984;456785;63078;77.2;76.0;10.5
27;2021-11-29;141;139;2921;464125;456924;65999;77.3;76.1;11.0
27;2021-11-30;183;194;5114;464308;457118;71113;77.3;76.1;11.8
27;2021-12-01;187;225;4658;464495;457343;75771;77.3;76.1;12.6
27;2021-12-02;165;102;4439;464660;457445;80210;77.4;76.2;13.4
27;2021-12-03;168;248;5792;464828;457693;86002;77.4;76.2;14.3
27;2021-12-04;204;280;4470;465032;457973;90472;77.4;76.2;15.1
27;2021-12-05;31;37;1179;465063;458010;91651;77.4;76.2;15.3
27;2021-12-06;110;170;4843;465173;458180;96494;77.4;76.3;16.1
27;2021-12-07;148;196;6935;465321;458376;103429;77.5;76.3;17.2
27;2021-12-08;165;237;5776;465486;458613;109205;77.5;76.3;18.2
27;2021-12-09;162;152;7269;465648;458765;116474;77.5;76.4;19.4
27;2021-12-10;161;218;7238;465809;458983;123712;77.5;76.4;20.6
27;2021-12-11;193;286;5269;466002;459269;128981;77.6;76.5;21.5
27;2021-12-12;39;29;1274;466041;459298;130255;77.6;76.5;21.7
27;2021-12-13;117;185;5372;466158;459483;135627;77.6;76.5;22.6
27;2021-12-14;176;269;7744;466334;459752;143371;77.6;76.5;23.9
27;2021-12-15;163;267;6007;466497;460019;149378;77.7;76.6;24.9
27;2021-12-16;219;233;7809;466716;460252;157187;77.7;76.6;26.2
27;2021-12-17;197;266;7774;466913;460518;164961;77.7;76.7;27.5
27;2021-12-18;213;223;5552;467126;460741;170513;77.8;76.7;28.4
27;2021-12-19;68;38;1848;467194;460779;172361;77.8;76.7;28.7
27;2021-12-20;210;192;5858;467404;460971;178219;77.8;76.7;29.7
27;2021-12-21;256;244;6623;467660;461215;184842;77.9;76.8;30.8
27;2021-12-22;246;207;4987;467906;461422;189829;77.9;76.8;31.6
27;2021-12-23;264;193;3923;468170;461615;193752;77.9;76.8;32.3
27;2021-12-24;31;33;871;468201;461648;194623;77.9;76.9;32.4
27;2021-12-25;1;5;42;468202;461653;194665;77.9;76.9;32.4
27;2021-12-26;37;10;605;468239;461663;195270;78.0;76.9;32.5
27;2021-12-27;166;185;4811;468405;461848;200081;78.0;76.9;33.3
27;2021-12-28;254;237;6058;468659;462085;206139;78.0;76.9;34.3
28;2020-12-27;0;0;0;0;0;0;0.0;0.0;0.0
28;2020-12-28;0;0;0;0;0;0;0.0;0.0;0.0
28;2020-12-29;0;0;0;0;0;0;0.0;0.0;0.0
28;2020-12-30;1;0;0;1;0;0;0.0;0.0;0.0
28;2020-12-31;0;0;0;1;0;0;0.0;0.0;0.0
28;2021-01-01;1;0;0;2;0;0;0.0;0.0;0.0
28;2021-01-02;0;0;0;2;0;0;0.0;0.0;0.0
28;2021-01-03;0;0;0;2;0;0;0.0;0.0;0.0
28;2021-01-04;3;0;0;5;0;0;0.0;0.0;0.0
28;2021-01-05;14;0;0;19;0;0;0.0;0.0;0.0
28;2021-01-06;84;0;0;103;0;0;0.0;0.0;0.0
28;2021-01-07;116;0;0;219;0;0;0.1;0.0;0.0
28;2021-01-08;157;2;0;376;2;0;0.1;0.0;0.0
28;2021-01-09;78;0;0;454;2;0;0.1;0.0;0.0
28;2021-01-10;7;0;0;461;2;0;0.1;0.0;0.0
28;2021-01-11;196;1;0;657;3;0;0.2;0.0;0.0
28;2021-01-12;287;2;0;944;5;0;0.2;0.0;0.0
28;2021-01-13;391;3;0;1335;8;0;0.3;0.0;0.0
28;2021-01-14;449;6;0;1784;14;0;0.4;0.0;0.0
28;2021-01-15;403;4;0;2187;18;0;0.5;0.0;0.0
28;2021-01-16;191;2;0;2378;20;0;0.6;0.0;0.0
28;2021-01-17;34;0;0;2412;20;0;0.6;0.0;0.0
28;2021-01-18;417;2;0;2829;22;0;0.7;0.0;0.0
28;2021-01-19;504;3;0;3333;25;0;0.8;0.0;0.0
28;2021-01-20;644;3;0;3977;28;0;0.9;0.0;0.0
28;2021-01-21;826;3;0;4803;31;0;1.1;0.0;0.0
28;2021-01-22;517;2;0;5320;33;0;1.2;0.0;0.0
28;2021-01-23;307;0;0;5627;33;0;1.3;0.0;0.0
28;2021-01-24;11;0;0;5638;33;0;1.3;0.0;0.0
28;2021-01-25;454;5;0;6092;38;0;1.4;0.0;0.0
28;2021-01-26;686;10;0;6778;48;0;1.6;0.0;0.0
28;2021-01-27;1124;54;0;7902;102;0;1.8;0.0;0.0
28;2021-01-28;1460;97;0;9362;199;0;2.2;0.0;0.0
28;2021-01-29;841;101;0;10203;300;0;2.4;0.1;0.0
28;2021-01-30;225;54;0;10428;354;0;2.4;0.1;0.0
28;2021-01-31;1;21;0;10429;375;0;2.4;0.1;0.0
28;2021-02-01;341;97;0;10770;472;0;2.5;0.1;0.0
28;2021-02-02;378;203;0;11148;675;0;2.6;0.2;0.0
28;2021-02-03;466;248;0;11614;923;0;2.7;0.2;0.0
28;2021-02-04;476;252;0;12090;1175;0;2.8;0.3;0.0
28;2021-02-05;406;227;0;12496;1402;0;2.9;0.3;0.0
28;2021-02-06;198;118;0;12694;1520;0;3.0;0.4;0.0
28;2021-02-07;4;4;0;12698;1524;0;3.0;0.4;0.0
28;2021-02-08;314;237;0;13012;1761;0;3.0;0.4;0.0
28;2021-02-09;305;350;0;13317;2111;0;3.1;0.5;0.0
28;2021-02-10;464;425;0;13781;2536;0;3.2;0.6;0.0
28;2021-02-11;576;536;0;14357;3072;0;3.3;0.7;0.0
28;2021-02-12;464;414;0;14821;3486;0;3.5;0.8;0.0
28;2021-02-13;146;192;0;14967;3678;0;3.5;0.9;0.0
28;2021-02-14;0;11;0;14967;3689;0;3.5;0.9;0.0
28;2021-02-15;301;475;0;15268;4164;0;3.6;1.0;0.0
28;2021-02-16;379;704;0;15647;4868;0;3.6;1.1;0.0
28;2021-02-17;566;1078;0;16213;5946;0;3.8;1.4;0.0
28;2021-02-18;695;1393;0;16908;7339;0;3.9;1.7;0.0
28;2021-02-19;577;773;0;17485;8112;0;4.1;1.9;0.0
28;2021-02-20;113;152;0;17598;8264;0;4.1;1.9;0.0
28;2021-02-21;6;35;0;17604;8299;0;4.1;1.9;0.0
28;2021-02-22;248;493;0;17852;8792;0;4.2;2.0;0.0
28;2021-02-23;219;430;0;18071;9222;0;4.2;2.1;0.0
28;2021-02-24;279;464;0;18350;9686;0;4.3;2.3;0.0
28;2021-02-25;567;441;0;18917;10127;0;4.4;2.4;0.0
28;2021-02-26;754;379;0;19671;10506;0;4.6;2.4;0.0
28;2021-02-27;277;76;0;19948;10582;0;4.6;2.5;0.0
28;2021-02-28;22;22;0;19970;10604;0;4.7;2.5;0.0
28;2021-03-01;308;247;0;20278;10851;0;4.7;2.5;0.0
28;2021-03-02;421;300;0;20699;11151;0;4.8;2.6;0.0
28;2021-03-03;440;398;0;21139;11549;0;4.9;2.7;0.0
28;2021-03-04;721;425;0;21860;11974;0;5.1;2.8;0.0
28;2021-03-05;1378;389;0;23238;12363;0;5.4;2.9;0.0
28;2021-03-06;2025;104;0;25263;12467;0;5.9;2.9;0.0
28;2021-03-07;981;46;0;26244;12513;0;6.1;2.9;0.0
28;2021-03-08;448;296;0;26692;12809;0;6.2;3.0;0.0
28;2021-03-09;1030;331;0;27722;13140;0;6.5;3.1;0.0
28;2021-03-10;1386;547;0;29108;13687;0;6.8;3.2;0.0
28;2021-03-11;1558;670;0;30666;14357;0;7.1;3.3;0.0
28;2021-03-12;2313;591;0;32979;14948;0;7.7;3.5;0.0
28;2021-03-13;1124;82;0;34103;15030;0;7.9;3.5;0.0
28;2021-03-14;505;23;0;34608;15053;0;8.1;3.5;0.0
28;2021-03-15;828;245;0;35436;15298;0;8.3;3.6;0.0
28;2021-03-16;778;230;0;36214;15528;0;8.4;3.6;0.0
28;2021-03-17;802;300;0;37016;15828;0;8.6;3.7;0.0
28;2021-03-18;1222;277;0;38238;16105;0;8.9;3.8;0.0
28;2021-03-19;1589;318;0;39827;16423;0;9.3;3.8;0.0
28;2021-03-20;685;28;0;40512;16451;0;9.4;3.8;0.0
28;2021-03-21;18;9;0;40530;16460;0;9.4;3.8;0.0
28;2021-03-22;865;333;0;41395;16793;0;9.6;3.9;0.0
28;2021-03-23;1136;206;0;42531;16999;0;9.9;4.0;0.0
28;2021-03-24;1374;265;0;43905;17264;0;10.2;4.0;0.0
28;2021-03-25;1809;295;0;45714;17559;0;10.6;4.1;0.0
28;2021-03-26;2196;344;0;47910;17903;0;11.2;4.2;0.0
28;2021-03-27;499;50;0;48409;17953;0;11.3;4.2;0.0
28;2021-03-28;41;3;0;48450;17956;0;11.3;4.2;0.0
28;2021-03-29;1176;385;0;49626;18341;0;11.6;4.3;0.0
28;2021-03-30;1794;279;0;51420;18620;0;12.0;4.3;0.0
28;2021-03-31;2020;477;0;53440;19097;0;12.4;4.4;0.0
28;2021-04-01;1920;629;0;55360;19726;0;12.9;4.6;0.0
28;2021-04-02;1671;1330;0;57031;21056;0;13.3;4.9;0.0
28;2021-04-03;636;1073;0;57667;22129;0;13.4;5.2;0.0
28;2021-04-04;58;307;0;57725;22436;0;13.4;5.2;0.0
28;2021-04-05;71;4;0;57796;22440;0;13.5;5.2;0.0
28;2021-04-06;1242;559;0;59038;22999;0;13.7;5.4;0.0
28;2021-04-07;1851;1054;0;60889;24053;0;14.2;5.6;0.0
28;2021-04-08;2111;1117;0;63000;25170;0;14.7;5.9;0.0
28;2021-04-09;3271;940;0;66271;26110;0;15.4;6.1;0.0
28;2021-04-10;1655;196;0;67926;26306;0;15.8;6.1;0.0
28;2021-04-11;157;440;0;68083;26746;0;15.9;6.2;0.0
28;2021-04-12;1692;637;0;69775;27383;0;16.2;6.4;0.0
28;2021-04-13;1995;733;0;71770;28116;0;16.7;6.5;0.0
28;2021-04-14;2862;964;0;74632;29080;0;17.4;6.8;0.0
28;2021-04-15;2563;1216;0;77195;30296;0;18.0;7.1;0.0
28;2021-04-16;2525;889;0;79720;31185;0;18.6;7.3;0.0
28;2021-04-17;2233;188;0;81953;31373;0;19.1;7.3;0.0
28;2021-04-18;48;9;0;82001;31382;0;19.1;7.3;0.0
28;2021-04-19;1559;715;0;83560;32097;0;19.5;7.5;0.0
28;2021-04-20;1824;728;0;85384;32825;0;19.9;7.6;0.0
28;2021-04-21;2602;972;0;87986;33797;0;20.5;7.9;0.0
28;2021-04-22;1837;1239;0;89823;35036;0;20.9;8.2;0.0
28;2021-04-23;2338;1146;0;92161;36182;0;21.5;8.4;0.0
28;2021-04-24;3452;208;0;95613;36390;0;22.3;8.5;0.0
28;2021-04-25;901;71;0;96514;36461;0;22.5;8.5;0.0
28;2021-04-26;1345;947;0;97859;37408;0;22.8;8.7;0.0
28;2021-04-27;1523;1386;0;99382;38794;0;23.1;9.0;0.0
28;2021-04-28;2450;1796;0;101832;40590;0;23.7;9.5;0.0
28;2021-04-29;2261;1498;0;104093;42088;0;24.2;9.8;0.0
28;2021-04-30;3069;1258;0;107162;43346;0;25.0;10.1;0.0
28;2021-05-01;251;141;0;107413;43487;0;25.0;10.1;0.0
28;2021-05-02;188;103;0;107601;43590;0;25.1;10.2;0.0
28;2021-05-03;1323;1079;0;108924;44669;0;25.4;10.4;0.0
28;2021-05-04;1596;1692;0;110520;46361;0;25.7;10.8;0.0
28;2021-05-05;3038;1666;0;113558;48027;0;26.4;11.2;0.0
28;2021-05-06;2621;1479;0;116179;49506;0;27.1;11.5;0.0
28;2021-05-07;2447;1990;0;118626;51496;0;27.6;12.0;0.0
28;2021-05-08;1447;161;0;120073;51657;0;28.0;12.0;0.0
28;2021-05-09;237;624;0;120310;52281;0;28.0;12.2;0.0
28;2021-05-10;1525;1929;0;121835;54210;0;28.4;12.6;0.0
28;2021-05-11;2243;2347;0;124078;56557;0;28.9;13.2;0.0
28;2021-05-12;2737;3185;0;126815;59742;0;29.5;13.9;0.0
28;2021-05-13;699;449;0;127514;60191;0;29.7;14.0;0.0
28;2021-05-14;2158;1574;0;129672;61765;0;30.2;14.4;0.0
28;2021-05-15;1579;1630;0;131251;63395;0;30.6;14.8;0.0
28;2021-05-16;1970;142;0;133221;63537;0;31.0;14.8;0.0
28;2021-05-17;2780;1478;0;136001;65015;0;31.7;15.1;0.0
28;2021-05-18;3190;1337;0;139191;66352;0;32.4;15.5;0.0
28;2021-05-19;4662;1321;0;143853;67673;0;33.5;15.8;0.0
28;2021-05-20;3958;1266;0;147811;68939;0;34.4;16.1;0.0
28;2021-05-21;3321;1595;0;151132;70534;0;35.2;16.4;0.0
28;2021-05-22;879;1144;0;152011;71678;0;35.4;16.7;0.0
28;2021-05-23;1904;137;0;153915;71815;0;35.8;16.7;0.0
28;2021-05-24;1663;390;0;155578;72205;0;36.2;16.8;0.0
28;2021-05-25;2016;1427;0;157594;73632;0;36.7;17.1;0.0
28;2021-05-26;2677;1370;0;160271;75002;0;37.3;17.5;0.0
28;2021-05-27;2909;1267;0;163180;76269;0;38.0;17.8;0.0
28;2021-05-28;3191;1833;0;166371;78102;0;38.7;18.2;0.0
28;2021-05-29;2028;947;0;168399;79049;0;39.2;18.4;0.0
28;2021-05-30;76;60;0;168475;79109;0;39.2;18.4;0.0
28;2021-05-31;2336;1011;0;170811;80120;0;39.8;18.7;0.0
28;2021-06-01;2637;1760;0;173448;81880;0;40.4;19.1;0.0
28;2021-06-02;2454;2467;0;175902;84347;0;41.0;19.6;0.0
28;2021-06-03;2914;1651;0;178816;85998;0;41.6;20.0;0.0
28;2021-06-04;2810;2451;0;181626;88449;0;42.3;20.6;0.0
28;2021-06-05;2002;2494;0;183628;90943;0;42.8;21.2;0.0
28;2021-06-06;1076;946;0;184704;91889;0;43.0;21.4;0.0
28;2021-06-07;3485;1689;0;188189;93578;0;43.8;21.8;0.0
28;2021-06-08;3235;1648;0;191424;95226;0;44.6;22.2;0.0
28;2021-06-09;3728;2249;0;195152;97475;0;45.4;22.7;0.0
28;2021-06-10;3164;1475;0;198316;98950;0;46.2;23.0;0.0
28;2021-06-11;3740;2308;0;202056;101258;0;47.1;23.6;0.0
28;2021-06-12;1300;678;0;203356;101936;0;47.4;23.7;0.0
28;2021-06-13;389;230;0;203745;102166;0;47.4;23.8;0.0
28;2021-06-14;2154;2276;0;205899;104442;0;47.9;24.3;0.0
28;2021-06-15;2080;2464;0;207979;106906;0;48.4;24.9;0.0
28;2021-06-16;2487;4039;0;210466;110945;0;49.0;25.8;0.0
28;2021-06-17;1979;3231;0;212445;114176;0;49.5;26.6;0.0
28;2021-06-18;2463;3834;0;214908;118010;0;50.0;27.5;0.0
28;2021-06-19;819;1880;0;215727;119890;0;50.2;27.9;0.0
28;2021-06-20;60;150;0;215787;120040;0;50.3;28.0;0.0
28;2021-06-21;1684;2226;0;217471;122266;0;50.6;28.5;0.0
28;2021-06-22;1350;2384;0;218821;124650;0;51.0;29.0;0.0
28;2021-06-23;1720;3209;0;220541;127859;0;51.4;29.8;0.0
28;2021-06-24;815;1332;0;221356;129191;0;51.5;30.1;0.0
28;2021-06-25;1871;3253;0;223227;132444;0;52.0;30.8;0.0
28;2021-06-26;404;2135;0;223631;134579;0;52.1;31.3;0.0
28;2021-06-27;499;1195;0;224130;135774;0;52.2;31.6;0.0
28;2021-06-28;1181;3570;0;225311;139344;0;52.5;32.4;0.0
28;2021-06-29;1267;3673;0;226578;143017;0;52.8;33.3;0.0
28;2021-06-30;1421;3999;0;227999;147016;0;53.1;34.2;0.0
28;2021-07-01;1242;3395;0;229241;150411;0;53.4;35.0;0.0
28;2021-07-02;1324;4502;0;230565;154913;0;53.7;36.1;0.0
28;2021-07-03;1107;2439;0;231672;157352;0;53.9;36.6;0.0
28;2021-07-04;184;1267;0;231856;158619;0;54.0;36.9;0.0
28;2021-07-05;1344;2786;0;233200;161405;0;54.3;37.6;0.0
28;2021-07-06;1529;3070;0;234729;164475;0;54.7;38.3;0.0
28;2021-07-07;1559;4024;0;236288;168499;0;55.0;39.2;0.0
28;2021-07-08;1488;3376;0;237776;171875;0;55.4;40.0;0.0
28;2021-07-09;1327;4616;0;239103;176491;0;55.7;41.1;0.0
28;2021-07-10;485;2265;0;239588;178756;0;55.8;41.6;0.0
28;2021-07-11;45;94;0;239633;178850;0;55.8;41.6;0.0
28;2021-07-12;1308;4024;0;240941;182874;0;56.1;42.6;0.0
28;2021-07-13;2005;4282;0;242946;187156;0;56.6;43.6;0.0
28;2021-07-14;1161;1431;0;244107;188587;0;56.8;43.9;0.0
28;2021-07-15;2589;4032;0;246696;192619;0;57.4;44.9;0.0
28;2021-07-16;2288;4813;0;248984;197432;0;58.0;46.0;0.0
28;2021-07-17;1378;2506;0;250362;199938;0;58.3;46.6;0.0
28;2021-07-18;396;952;0;250758;200890;0;58.4;46.8;0.0
28;2021-07-19;1767;4175;0;252525;205065;0;58.8;47.8;0.0
28;2021-07-20;2387;4040;0;254912;209105;0;59.4;48.7;0.0
28;2021-07-21;2749;4325;1;257661;213430;1;60.0;49.7;0.0
28;2021-07-22;3383;3541;0;261044;216971;1;60.8;50.5;0.0
28;2021-07-23;2904;3951;0;263948;220922;1;61.5;51.4;0.0
28;2021-07-24;1790;1422;0;265738;222344;1;61.9;51.8;0.0
28;2021-07-25;146;109;0;265884;222453;1;61.9;51.8;0.0
28;2021-07-26;2745;3199;0;268629;225652;1;62.6;52.5;0.0
28;2021-07-27;3531;2576;0;272160;228228;1;63.4;53.1;0.0
28;2021-07-28;3722;2627;0;275882;230855;1;64.2;53.8;0.0
28;2021-07-29;4025;2117;0;279907;232972;1;65.2;54.3;0.0
28;2021-07-30;3517;2765;0;283424;235737;1;66.0;54.9;0.0
28;2021-07-31;891;810;0;284315;236547;1;66.2;55.1;0.0
28;2021-08-01;410;97;0;284725;236644;1;66.3;55.1;0.0
28;2021-08-02;1716;1449;0;286441;238093;1;66.7;55.4;0.0
28;2021-08-03;2547;2030;0;288988;240123;1;67.3;55.9;0.0
28;2021-08-04;2024;2114;0;291012;242237;1;67.8;56.4;0.0
28;2021-08-05;1807;1773;0;292819;244010;1;68.2;56.8;0.0
28;2021-08-06;1745;2064;0;294564;246074;1;68.6;57.3;0.0
28;2021-08-07;893;1143;0;295457;247217;1;68.8;57.6;0.0
28;2021-08-08;84;97;0;295541;247314;1;68.8;57.6;0.0
28;2021-08-09;1408;1303;0;296949;248617;1;69.2;57.9;0.0
28;2021-08-10;1817;2017;0;298766;250634;1;69.6;58.4;0.0
28;2021-08-11;1408;1821;0;300174;252455;1;69.9;58.8;0.0
28;2021-08-12;1353;2065;0;301527;254520;1;70.2;59.3;0.0
28;2021-08-13;1416;1809;0;302943;256329;1;70.5;59.7;0.0
28;2021-08-14;727;1009;0;303670;257338;1;70.7;59.9;0.0
28;2021-08-15;254;100;0;303924;257438;1;70.8;59.9;0.0
28;2021-08-16;958;2079;0;304882;259517;1;71.0;60.4;0.0
28;2021-08-17;1188;2754;0;306070;262271;1;71.3;61.1;0.0
28;2021-08-18;911;2499;0;306981;264770;1;71.5;61.7;0.0
28;2021-08-19;931;2639;0;307912;267409;1;71.7;62.3;0.0
28;2021-08-20;930;2709;0;308842;270118;1;71.9;62.9;0.0
28;2021-08-21;440;1194;0;309282;271312;1;72.0;63.2;0.0
28;2021-08-22;38;101;0;309320;271413;1;72.0;63.2;0.0
28;2021-08-23;986;2060;0;310306;273473;1;72.3;63.7;0.0
28;2021-08-24;872;2596;0;311178;276069;1;72.5;64.3;0.0
28;2021-08-25;999;2237;0;312177;278306;1;72.7;64.8;0.0
28;2021-08-26;733;1984;0;312910;280290;1;72.9;65.3;0.0
28;2021-08-27;788;2426;0;313698;282716;1;73.1;65.8;0.0
28;2021-08-28;546;1247;0;314244;283963;1;73.2;66.1;0.0
28;2021-08-29;43;81;0;314287;284044;1;73.2;66.1;0.0
28;2021-08-30;928;2030;23;315215;286074;24;73.4;66.6;0.0
28;2021-08-31;747;2204;55;315962;288278;79;73.6;67.1;0.0
28;2021-09-01;754;2286;174;316716;290564;253;73.8;67.7;0.1
28;2021-09-02;584;1986;169;317300;292550;422;73.9;68.1;0.1
28;2021-09-03;724;2322;211;318024;294872;633;74.1;68.7;0.1
28;2021-09-04;611;2313;95;318635;297185;728;74.2;69.2;0.2
28;2021-09-05;178;145;97;318813;297330;825;74.2;69.2;0.2
28;2021-09-06;442;1300;241;319255;298630;1066;74.3;69.5;0.2
28;2021-09-07;385;1376;166;319640;300006;1232;74.4;69.9;0.3
28;2021-09-08;554;1390;181;320194;301396;1413;74.6;70.2;0.3
28;2021-09-09;345;1047;166;320539;302443;1579;74.6;70.4;0.4
28;2021-09-10;609;1380;243;321148;303823;1822;74.8;70.8;0.4
28;2021-09-11;332;1216;75;321480;305039;1897;74.9;71.0;0.4
28;2021-09-12;53;58;29;321533;305097;1926;74.9;71.0;0.4
28;2021-09-13;328;714;308;321861;305811;2234;75.0;71.2;0.5
28;2021-09-14;363;895;341;322224;306706;2575;75.0;71.4;0.6
28;2021-09-15;540;1034;392;322764;307740;2967;75.2;71.7;0.7
28;2021-09-16;277;735;404;323041;308475;3371;75.2;71.8;0.8
28;2021-09-17;319;1042;395;323360;309517;3766;75.3;72.1;0.9
28;2021-09-18;180;359;83;323540;309876;3849;75.3;72.2;0.9
28;2021-09-19;15;29;5;323555;309905;3854;75.3;72.2;0.9
28;2021-09-20;168;487;298;323723;310392;4152;75.4;72.3;1.0
28;2021-09-21;321;874;437;324044;311266;4589;75.5;72.5;1.1
28;2021-09-22;329;976;524;324373;312242;5113;75.5;72.7;1.2
28;2021-09-23;189;498;493;324562;312740;5606;75.6;72.8;1.3
28;2021-09-24;257;967;405;324819;313707;6011;75.6;73.1;1.4
28;2021-09-25;134;423;129;324953;314130;6140;75.7;73.2;1.4
28;2021-09-26;22;49;15;324975;314179;6155;75.7;73.2;1.4
28;2021-09-27;165;680;365;325140;314859;6520;75.7;73.3;1.5
28;2021-09-28;172;466;629;325312;315325;7149;75.8;73.4;1.7
28;2021-09-29;363;733;398;325675;316058;7547;75.8;73.6;1.8
28;2021-09-30;239;452;712;325914;316510;8259;75.9;73.7;1.9
28;2021-10-01;303;697;510;326217;317207;8769;76.0;73.9;2.0
28;2021-10-02;121;222;76;326338;317429;8845;76.0;73.9;2.1
28;2021-10-03;8;22;4;326346;317451;8849;76.0;73.9;2.1
28;2021-10-04;158;255;447;326504;317706;9296;76.0;74.0;2.2
28;2021-10-05;176;394;583;326680;318100;9879;76.1;74.1;2.3
28;2021-10-06;221;626;504;326901;318726;10383;76.1;74.2;2.4
28;2021-10-07;136;294;490;327037;319020;10873;76.2;74.3;2.5
28;2021-10-08;261;516;545;327298;319536;11418;76.2;74.4;2.7
28;2021-10-09;99;204;164;327397;319740;11582;76.2;74.5;2.7
28;2021-10-10;13;26;14;327410;319766;11596;76.2;74.5;2.7
28;2021-10-11;166;226;440;327576;319992;12036;76.3;74.5;2.8
28;2021-10-12;174;322;534;327750;320314;12570;76.3;74.6;2.9
28;2021-10-13;200;406;590;327950;320720;13160;76.4;74.7;3.1
28;2021-10-14;172;263;552;328122;320983;13712;76.4;74.7;3.2
28;2021-10-15;228;374;644;328350;321357;14356;76.5;74.8;3.3
28;2021-10-16;77;160;126;328427;321517;14482;76.5;74.9;3.4
28;2021-10-17;22;22;51;328449;321539;14533;76.5;74.9;3.4
28;2021-10-18;131;142;328;328580;321681;14861;76.5;74.9;3.5
28;2021-10-19;176;261;634;328756;321942;15495;76.6;75.0;3.6
28;2021-10-20;190;413;748;328946;322355;16243;76.6;75.1;3.8
28;2021-10-21;131;173;579;329077;322528;16822;76.6;75.1;3.9
28;2021-10-22;222;302;599;329299;322830;17421;76.7;75.2;4.1
28;2021-10-23;73;126;132;329372;322956;17553;76.7;75.2;4.1
28;2021-10-24;5;13;7;329377;322969;17560;76.7;75.2;4.1
28;2021-10-25;166;204;601;329543;323173;18161;76.7;75.3;4.2
28;2021-10-26;97;181;540;329640;323354;18701;76.8;75.3;4.4
28;2021-10-27;152;228;671;329792;323582;19372;76.8;75.4;4.5
28;2021-10-28;99;158;657;329891;323740;20029;76.8;75.4;4.7
28;2021-10-29;201;271;777;330092;324011;20806;76.9;75.5;4.8
28;2021-10-30;63;79;113;330155;324090;20919;76.9;75.5;4.9
28;2021-10-31;5;8;8;330160;324098;20927;76.9;75.5;4.9
28;2021-11-01;35;33;64;330195;324131;20991;76.9;75.5;4.9
28;2021-11-02;163;216;684;330358;324347;21675;76.9;75.5;5.0
28;2021-11-03;154;221;879;330512;324568;22554;77.0;75.6;5.3
28;2021-11-04;95;174;874;330607;324742;23428;77.0;75.6;5.5
28;2021-11-05;144;231;1002;330751;324973;24430;77.0;75.7;5.7
28;2021-11-06;82;114;280;330833;325087;24710;77.0;75.7;5.8
28;2021-11-07;3;27;32;330836;325114;24742;77.0;75.7;5.8
28;2021-11-08;119;175;1233;330955;325289;25975;77.1;75.7;6.0
28;2021-11-09;128;212;1223;331083;325501;27198;77.1;75.8;6.3
28;2021-11-10;159;205;1634;331242;325706;28832;77.1;75.8;6.7
28;2021-11-11;38;55;242;331280;325761;29074;77.1;75.9;6.8
28;2021-11-12;129;175;1184;331409;325936;30258;77.2;75.9;7.0
28;2021-11-13;70;82;378;331479;326018;30636;77.2;75.9;7.1
28;2021-11-14;3;2;8;331482;326020;30644;77.2;75.9;7.1
28;2021-11-15;120;166;1503;331602;326186;32147;77.2;76.0;7.5
28;2021-11-16;134;156;1793;331736;326342;33940;77.3;76.0;7.9
28;2021-11-17;163;202;1728;331899;326544;35668;77.3;76.0;8.3
28;2021-11-18;139;151;1633;332038;326695;37301;77.3;76.1;8.7
28;2021-11-19;199;250;1878;332237;326945;39179;77.4;76.1;9.1
28;2021-11-20;91;128;473;332328;327073;39652;77.4;76.2;9.2
28;2021-11-21;24;10;145;332352;327083;39797;77.4;76.2;9.3
28;2021-11-22;153;116;1755;332505;327199;41552;77.4;76.2;9.7
28;2021-11-23;127;123;1558;332632;327322;43110;77.5;76.2;10.0
28;2021-11-24;170;207;1561;332802;327529;44671;77.5;76.3;10.4
28;2021-11-25;140;149;2296;332942;327678;46967;77.5;76.3;10.9
28;2021-11-26;177;219;2907;333119;327897;49874;77.6;76.4;11.6
28;2021-11-27;66;99;780;333185;327996;50654;77.6;76.4;11.8
28;2021-11-28;4;11;73;333189;328007;50727;77.6;76.4;11.8
28;2021-11-29;127;124;2904;333316;328131;53631;77.6;76.4;12.5
28;2021-11-30;97;143;3636;333413;328274;57267;77.6;76.4;13.3
28;2021-12-01;129;183;3755;333542;328457;61022;77.7;76.5;14.2
28;2021-12-02;107;104;4319;333649;328561;65341;77.7;76.5;15.2
28;2021-12-03;142;184;5026;333791;328745;70367;77.7;76.6;16.4
28;2021-12-04;59;75;1511;333850;328820;71878;77.7;76.6;16.7
28;2021-12-05;20;21;991;333870;328841;72869;77.7;76.6;17.0
28;2021-12-06;100;150;4456;333970;328991;77325;77.8;76.6;18.0
28;2021-12-07;102;137;4793;334072;329128;82118;77.8;76.6;19.1
28;2021-12-08;148;165;4485;334220;329293;86603;77.8;76.7;20.2
28;2021-12-09;95;126;5612;334315;329419;92215;77.9;76.7;21.5
28;2021-12-10;122;193;5466;334437;329612;97681;77.9;76.8;22.7
28;2021-12-11;66;68;2066;334503;329680;99747;77.9;76.8;23.2
28;2021-12-12;14;12;397;334517;329692;100144;77.9;76.8;23.3
28;2021-12-13;102;134;4690;334619;329826;104834;77.9;76.8;24.4
28;2021-12-14;109;157;7652;334728;329983;112486;77.9;76.8;26.2
28;2021-12-15;116;206;6924;334844;330189;119410;78.0;76.9;27.8
28;2021-12-16;129;189;6164;334973;330378;125574;78.0;76.9;29.2
28;2021-12-17;146;215;6137;335119;330593;131711;78.0;77.0;30.7
28;2021-12-18;105;103;2552;335224;330696;134263;78.1;77.0;31.3
28;2021-12-19;44;17;1517;335268;330713;135780;78.1;77.0;31.6
28;2021-12-20;117;123;3470;335385;330836;139250;78.1;77.0;32.4
28;2021-12-21;133;128;3809;335518;330964;143059;78.1;77.1;33.3
28;2021-12-22;163;133;3216;335681;331097;146275;78.2;77.1;34.1
28;2021-12-23;105;88;1930;335786;331185;148205;78.2;77.1;34.5
28;2021-12-24;16;23;370;335802;331208;148575;78.2;77.1;34.6
28;2021-12-25;3;4;15;335805;331212;148590;78.2;77.1;34.6
28;2021-12-26;8;8;124;335813;331220;148714;78.2;77.1;34.6
28;2021-12-27;68;133;2078;335881;331353;150792;78.2;77.2;35.1
28;2021-12-28;91;109;2915;335972;331462;153707;78.2;77.2;35.8
29;2020-12-27;0;0;0;0;0;0;0.0;0.0;0.0
29;2020-12-28;1;0;0;1;0;0;0.0;0.0;0.0
29;2020-12-29;0;0;0;1;0;0;0.0;0.0;0.0
29;2020-12-30;0;0;0;1;0;0;0.0;0.0;0.0
29;2020-12-31;1;0;0;2;0;0;0.0;0.0;0.0
29;2021-01-01;4;0;0;6;0;0;0.0;0.0;0.0
29;2021-01-02;2;0;0;8;0;0;0.0;0.0;0.0
29;2021-01-03;1;0;0;9;0;0;0.0;0.0;0.0
29;2021-01-04;34;0;0;43;0;0;0.0;0.0;0.0
29;2021-01-05;33;0;0;76;0;0;0.0;0.0;0.0
29;2021-01-06;44;0;0;120;0;0;0.0;0.0;0.0
29;2021-01-07;151;0;0;271;0;0;0.0;0.0;0.0
29;2021-01-08;407;1;0;678;1;0;0.1;0.0;0.0
29;2021-01-09;2;0;0;680;1;0;0.1;0.0;0.0
29;2021-01-10;5;0;0;685;1;0;0.1;0.0;0.0
29;2021-01-11;669;0;0;1354;1;0;0.1;0.0;0.0
29;2021-01-12;1126;0;0;2480;1;0;0.3;0.0;0.0
29;2021-01-13;1085;2;0;3565;3;0;0.4;0.0;0.0
29;2021-01-14;936;5;0;4501;8;0;0.5;0.0;0.0
29;2021-01-15;1278;7;0;5779;15;0;0.6;0.0;0.0
29;2021-01-16;174;1;0;5953;16;0;0.7;0.0;0.0
29;2021-01-17;115;1;0;6068;17;0;0.7;0.0;0.0
29;2021-01-18;919;5;0;6987;22;0;0.8;0.0;0.0
29;2021-01-19;1354;5;0;8341;27;0;0.9;0.0;0.0
29;2021-01-20;2366;3;0;10707;30;0;1.2;0.0;0.0
29;2021-01-21;5555;19;0;16262;49;0;1.8;0.0;0.0
29;2021-01-22;3721;8;0;19983;57;0;2.2;0.0;0.0
29;2021-01-23;540;0;0;20523;57;0;2.3;0.0;0.0
29;2021-01-24;191;0;0;20714;57;0;2.3;0.0;0.0
29;2021-01-25;607;7;0;21321;64;0;2.4;0.0;0.0
29;2021-01-26;963;33;0;22284;97;0;2.5;0.0;0.0
29;2021-01-27;1354;53;0;23638;150;0;2.6;0.0;0.0
29;2021-01-28;893;139;0;24531;289;0;2.7;0.0;0.0
29;2021-01-29;837;204;0;25368;493;0;2.8;0.1;0.0
29;2021-01-30;279;4;0;25647;497;0;2.8;0.1;0.0
29;2021-01-31;67;3;0;25714;500;0;2.8;0.1;0.0
29;2021-02-01;437;441;0;26151;941;0;2.9;0.1;0.0
29;2021-02-02;925;803;0;27076;1744;0;3.0;0.2;0.0
29;2021-02-03;834;869;0;27910;2613;0;3.1;0.3;0.0
29;2021-02-04;947;629;0;28857;3242;0;3.2;0.4;0.0
29;2021-02-05;724;596;0;29581;3838;0;3.3;0.4;0.0
29;2021-02-06;267;105;0;29848;3943;0;3.3;0.4;0.0
29;2021-02-07;75;108;0;29923;4051;0;3.3;0.4;0.0
29;2021-02-08;379;462;0;30302;4513;0;3.3;0.5;0.0
29;2021-02-09;887;832;0;31189;5345;0;3.4;0.6;0.0
29;2021-02-10;1157;1033;0;32346;6378;0;3.6;0.7;0.0
29;2021-02-11;1797;4095;0;34143;10473;0;3.8;1.2;0.0
29;2021-02-12;2310;2508;0;36453;12981;0;4.0;1.4;0.0
29;2021-02-13;623;376;0;37076;13357;0;4.1;1.5;0.0
29;2021-02-14;12;226;0;37088;13583;0;4.1;1.5;0.0
29;2021-02-15;289;1029;0;37377;14612;0;4.1;1.6;0.0
29;2021-02-16;915;1039;0;38292;15651;0;4.2;1.7;0.0
29;2021-02-17;867;902;0;39159;16553;0;4.3;1.8;0.0
29;2021-02-18;1538;877;0;40697;17430;0;4.5;1.9;0.0
29;2021-02-19;1388;1040;0;42085;18470;0;4.6;2.0;0.0
29;2021-02-20;208;360;0;42293;18830;0;4.7;2.1;0.0
29;2021-02-21;155;161;0;42448;18991;0;4.7;2.1;0.0
29;2021-02-22;778;585;0;43226;19576;0;4.8;2.2;0.0
29;2021-02-23;1248;908;0;44474;20484;0;4.9;2.3;0.0
29;2021-02-24;1477;898;0;45951;21382;0;5.1;2.4;0.0
29;2021-02-25;2451;948;0;48402;22330;0;5.3;2.5;0.0
29;2021-02-26;2715;766;0;51117;23096;0;5.6;2.5;0.0
29;2021-02-27;1279;277;0;52396;23373;0;5.8;2.6;0.0
29;2021-02-28;191;69;0;52587;23442;0;5.8;2.6;0.0
29;2021-03-01;942;486;0;53529;23928;0;5.9;2.6;0.0
29;2021-03-02;1834;845;0;55363;24773;0;6.1;2.7;0.0
29;2021-03-03;2126;1056;0;57489;25829;0;6.3;2.8;0.0
29;2021-03-04;2842;1601;0;60331;27430;0;6.7;3.0;0.0
29;2021-03-05;3548;1693;0;63879;29123;0;7.0;3.2;0.0
29;2021-03-06;2008;437;0;65887;29560;0;7.3;3.3;0.0
29;2021-03-07;419;80;0;66306;29640;0;7.3;3.3;0.0
29;2021-03-08;1311;594;0;67617;30234;0;7.5;3.3;0.0
29;2021-03-09;2613;983;0;70230;31217;0;7.7;3.4;0.0
29;2021-03-10;2450;903;0;72680;32120;0;8.0;3.5;0.0
29;2021-03-11;4440;1021;0;77120;33141;0;8.5;3.7;0.0
29;2021-03-12;5253;967;0;82373;34108;0;9.1;3.8;0.0
29;2021-03-13;2799;411;0;85172;34519;0;9.4;3.8;0.0
29;2021-03-14;354;4;0;85526;34523;0;9.4;3.8;0.0
29;2021-03-15;2086;279;0;87612;34802;0;9.7;3.8;0.0
29;2021-03-16;1876;788;0;89488;35590;0;9.9;3.9;0.0
29;2021-03-17;1922;732;0;91410;36322;0;10.1;4.0;0.0
29;2021-03-18;1929;1050;0;93339;37372;0;10.3;4.1;0.0
29;2021-03-19;3323;902;0;96662;38274;0;10.7;4.2;0.0
29;2021-03-20;1936;224;0;98598;38498;0;10.9;4.2;0.0
29;2021-03-21;132;12;0;98730;38510;0;10.9;4.2;0.0
29;2021-03-22;1683;610;0;100413;39120;0;11.1;4.3;0.0
29;2021-03-23;3533;1062;0;103946;40182;0;11.5;4.4;0.0
29;2021-03-24;3860;1010;0;107806;41192;0;11.9;4.5;0.0
29;2021-03-25;4887;1070;0;112693;42262;0;12.4;4.7;0.0
29;2021-03-26;5386;1172;0;118079;43434;0;13.0;4.8;0.0
29;2021-03-27;2486;324;0;120565;43758;0;13.3;4.8;0.0
29;2021-03-28;181;47;0;120746;43805;0;13.3;4.8;0.0
29;2021-03-29;2126;839;0;122872;44644;0;13.6;4.9;0.0
29;2021-03-30;4137;1363;0;127009;46007;0;14.0;5.1;0.0
29;2021-03-31;4138;1170;0;131147;47177;0;14.5;5.2;0.0
29;2021-04-01;5227;1170;0;136374;48347;0;15.0;5.3;0.0
29;2021-04-02;4918;1196;0;141292;49543;0;15.6;5.5;0.0
29;2021-04-03;2670;542;0;143962;50085;0;15.9;5.5;0.0
29;2021-04-04;147;31;0;144109;50116;0;15.9;5.5;0.0
29;2021-04-05;933;313;0;145042;50429;0;16.0;5.6;0.0
29;2021-04-06;3352;1278;0;148394;51707;0;16.4;5.7;0.0
29;2021-04-07;3784;997;0;152178;52704;0;16.8;5.8;0.0
29;2021-04-08;5342;2027;0;157520;54731;0;17.4;6.0;0.0
29;2021-04-09;6828;1584;0;164348;56315;0;18.1;6.2;0.0
29;2021-04-10;3555;715;0;167903;57030;0;18.5;6.3;0.0
29;2021-04-11;117;73;0;168020;57103;0;18.5;6.3;0.0
29;2021-04-12;4002;1528;0;172022;58631;0;19.0;6.5;0.0
29;2021-04-13;5989;1812;0;178011;60443;0;19.6;6.7;0.0
29;2021-04-14;4886;1779;0;182897;62222;0;20.2;6.9;0.0
29;2021-04-15;7228;1796;0;190125;64018;0;21.0;7.1;0.0
29;2021-04-16;6688;1399;0;196813;65417;0;21.7;7.2;0.0
29;2021-04-17;3752;1014;0;200565;66431;0;22.1;7.3;0.0
29;2021-04-18;461;43;0;201026;66474;0;22.2;7.3;0.0
29;2021-04-19;3940;1483;0;204966;67957;0;22.6;7.5;0.0
29;2021-04-20;4481;2241;0;209447;70198;0;23.1;7.7;0.0
29;2021-04-21;4451;2295;0;213898;72493;0;23.6;8.0;0.0
29;2021-04-22;6697;2914;0;220595;75407;0;24.3;8.3;0.0
29;2021-04-23;6103;2284;0;226698;77691;0;25.0;8.6;0.0
29;2021-04-24;3953;1423;0;230651;79114;0;25.4;8.7;0.0
29;2021-04-25;424;159;0;231075;79273;0;25.5;8.7;0.0
29;2021-04-26;5341;1957;0;236416;81230;0;26.1;9.0;0.0
29;2021-04-27;5423;3350;0;241839;84580;0;26.7;9.3;0.0
29;2021-04-28;5528;3089;0;247367;87669;0;27.3;9.7;0.0
29;2021-04-29;6634;3533;0;254001;91202;0;28.0;10.1;0.0
29;2021-04-30;6276;4107;0;260277;95309;0;28.7;10.5;0.0
29;2021-05-01;1973;954;0;262250;96263;0;28.9;10.6;0.0
29;2021-05-02;1219;168;0;263469;96431;0;29.1;10.6;0.0
29;2021-05-03;4545;2370;0;268014;98801;0;29.6;10.9;0.0
29;2021-05-04;4195;3878;0;272209;102679;0;30.0;11.3;0.0
29;2021-05-05;4617;3566;0;276826;106245;0;30.5;11.7;0.0
29;2021-05-06;6201;3829;0;283027;110074;0;31.2;12.1;0.0
29;2021-05-07;5988;4692;0;289015;114766;0;31.9;12.7;0.0
29;2021-05-08;2101;557;0;291116;115323;0;32.1;12.7;0.0
29;2021-05-09;1672;146;0;292788;115469;0;32.3;12.7;0.0
29;2021-05-10;4873;3809;0;297661;119278;0;32.8;13.2;0.0
29;2021-05-11;4840;5099;0;302501;124377;0;33.4;13.7;0.0
29;2021-05-12;5191;4475;0;307692;128852;0;33.9;14.2;0.0
29;2021-05-13;3404;1494;0;311096;130346;0;34.3;14.4;0.0
29;2021-05-14;5771;3979;0;316867;134325;0;35.0;14.8;0.0
29;2021-05-15;4129;2271;0;320996;136596;0;35.4;15.1;0.0
29;2021-05-16;1531;283;0;322527;136879;0;35.6;15.1;0.0
29;2021-05-17;5510;3122;0;328037;140001;0;36.2;15.4;0.0
29;2021-05-18;5766;3122;0;333803;143123;0;36.8;15.8;0.0
29;2021-05-19;6119;3023;0;339922;146146;0;37.5;16.1;0.0
29;2021-05-20;7129;4611;0;347051;150757;0;38.3;16.6;0.0
29;2021-05-21;7124;3891;0;354175;154648;0;39.1;17.1;0.0
29;2021-05-22;5338;2080;0;359513;156728;0;39.7;17.3;0.0
29;2021-05-23;1635;69;0;361148;156797;0;39.8;17.3;0.0
29;2021-05-24;3589;544;0;364737;157341;0;40.2;17.4;0.0
29;2021-05-25;5859;3145;0;370596;160486;0;40.9;17.7;0.0
29;2021-05-26;5881;3173;0;376477;163659;0;41.5;18.1;0.0
29;2021-05-27;6750;4098;0;383227;167757;0;42.3;18.5;0.0
29;2021-05-28;6530;4626;0;389757;172383;0;43.0;19.0;0.0
29;2021-05-29;4348;2797;0;394105;175180;0;43.5;19.3;0.0
29;2021-05-30;1107;364;0;395212;175544;0;43.6;19.4;0.0
29;2021-05-31;6227;3591;0;401439;179135;0;44.3;19.8;0.0
29;2021-06-01;6650;4430;0;408089;183565;0;45.0;20.2;0.0
29;2021-06-02;6187;4149;0;414276;187714;0;45.7;20.7;0.0
29;2021-06-03;7618;4478;0;421894;192192;0;46.5;21.2;0.0
29;2021-06-04;6890;6157;0;428784;198349;0;47.3;21.9;0.0
29;2021-06-05;5496;3036;0;434280;201385;0;47.9;22.2;0.0
29;2021-06-06;1267;532;0;435547;201917;0;48.0;22.3;0.0
29;2021-06-07;4760;5542;0;440307;207459;0;48.6;22.9;0.0
29;2021-06-08;7094;5197;0;447401;212656;0;49.4;23.5;0.0
29;2021-06-09;6446;4703;0;453847;217359;0;50.1;24.0;0.0
29;2021-06-10;7735;4962;0;461582;222321;0;50.9;24.5;0.0
29;2021-06-11;8205;5752;0;469787;228073;0;51.8;25.2;0.0
29;2021-06-12;6374;2737;0;476161;230810;0;52.5;25.5;0.0
29;2021-06-13;2221;1329;0;478382;232139;0;52.8;25.6;0.0
29;2021-06-14;3972;6263;0;482354;238402;0;53.2;26.3;0.0
29;2021-06-15;5343;6091;0;487697;244493;0;53.8;27.0;0.0
29;2021-06-16;5433;5607;0;493130;250100;0;54.4;27.6;0.0
29;2021-06-17;6198;6295;0;499328;256395;0;55.1;28.3;0.0
29;2021-06-18;6008;7449;0;505336;263844;0;55.7;29.1;0.0
29;2021-06-19;4538;3476;0;509874;267320;0;56.2;29.5;0.0
29;2021-06-20;854;1428;0;510728;268748;0;56.3;29.6;0.0
29;2021-06-21;3643;6476;0;514371;275224;0;56.7;30.4;0.0
29;2021-06-22;4306;6352;0;518677;281576;0;57.2;31.1;0.0
29;2021-06-23;4471;6147;0;523148;287723;0;57.7;31.7;0.0
29;2021-06-24;4591;6690;0;527739;294413;0;58.2;32.5;0.0
29;2021-06-25;3509;7488;0;531248;301901;0;58.6;33.3;0.0
29;2021-06-26;2044;4076;0;533292;305977;0;58.8;33.8;0.0
29;2021-06-27;938;1574;0;534230;307551;0;58.9;33.9;0.0
29;2021-06-28;2675;6809;0;536905;314360;0;59.2;34.7;0.0
29;2021-06-29;2731;7645;0;539636;322005;0;59.5;35.5;0.0
29;2021-06-30;2932;7362;0;542568;329367;0;59.8;36.3;0.0
29;2021-07-01;3675;8222;0;546243;337589;0;60.3;37.2;0.0
29;2021-07-02;3420;9412;0;549663;347001;0;60.6;38.3;0.0
29;2021-07-03;2277;5977;0;551940;352978;0;60.9;38.9;0.0
29;2021-07-04;807;1707;0;552747;354685;0;61.0;39.1;0.0
29;2021-07-05;1836;7166;0;554583;361851;0;61.2;39.9;0.0
29;2021-07-06;1603;8052;0;556186;369903;0;61.4;40.8;0.0
29;2021-07-07;1755;6973;0;557941;376876;0;61.5;41.6;0.0
29;2021-07-08;2422;8029;0;560363;384905;0;61.8;42.5;0.0
29;2021-07-09;2589;8955;0;562952;393860;0;62.1;43.4;0.0
29;2021-07-10;1863;5999;0;564815;399859;0;62.3;44.1;0.0
29;2021-07-11;447;1073;0;565262;400932;0;62.4;44.2;0.0
29;2021-07-12;1972;8140;0;567234;409072;0;62.6;45.1;0.0
29;2021-07-13;2795;8600;0;570029;417672;0;62.9;46.1;0.0
29;2021-07-14;2055;3322;0;572084;420994;0;63.1;46.4;0.0
29;2021-07-15;3807;9443;0;575891;430437;0;63.5;47.5;0.0
29;2021-07-16;4498;9037;0;580389;439474;0;64.0;48.5;0.0
29;2021-07-17;3187;5976;0;583576;445450;0;64.4;49.1;0.0
29;2021-07-18;650;1070;0;584226;446520;0;64.4;49.3;0.0
29;2021-07-19;3182;7377;0;587408;453897;0;64.8;50.1;0.0
29;2021-07-20;3671;9180;0;591079;463077;0;65.2;51.1;0.0
29;2021-07-21;3698;7661;0;594777;470738;0;65.6;51.9;0.0
29;2021-07-22;3585;8335;0;598362;479073;0;66.0;52.8;0.0
29;2021-07-23;4121;10368;0;602483;489441;0;66.5;54.0;0.0
29;2021-07-24;2514;5775;0;604997;495216;0;66.7;54.6;0.0
29;2021-07-25;651;2293;0;605648;497509;0;66.8;54.9;0.0
29;2021-07-26;3416;6943;0;609064;504452;0;67.2;55.6;0.0
29;2021-07-27;3865;6931;0;612929;511383;0;67.6;56.4;0.0
29;2021-07-28;4289;5806;0;617218;517189;0;68.1;57.0;0.0
29;2021-07-29;5669;6106;0;622887;523295;0;68.7;57.7;0.0
29;2021-07-30;5374;6221;0;628261;529516;0;69.3;58.4;0.0
29;2021-07-31;2971;4677;0;631232;534193;0;69.6;58.9;0.0
29;2021-08-01;703;859;0;631935;535052;0;69.7;59.0;0.0
29;2021-08-02;4224;4931;0;636159;539983;0;70.2;59.6;0.0
29;2021-08-03;5375;4133;0;641534;544116;0;70.8;60.0;0.0
29;2021-08-04;5524;3499;0;647058;547615;0;71.4;60.4;0.0
29;2021-08-05;6287;3766;0;653345;551381;0;72.1;60.8;0.0
29;2021-08-06;5799;4093;0;659144;555474;0;72.7;61.3;0.0
29;2021-08-07;3916;2728;1;663060;558202;1;73.1;61.6;0.0
29;2021-08-08;836;675;0;663896;558877;1;73.2;61.6;0.0
29;2021-08-09;3034;4407;0;666930;563284;1;73.6;62.1;0.0
29;2021-08-10;4270;3661;0;671200;566945;1;74.0;62.5;0.0
29;2021-08-11;3857;3082;0;675057;570027;1;74.5;62.9;0.0
29;2021-08-12;4437;4258;0;679494;574285;1;75.0;63.3;0.0
29;2021-08-13;4071;3645;0;683565;577930;1;75.4;63.8;0.0
29;2021-08-14;2705;2682;0;686270;580612;1;75.7;64.0;0.0
29;2021-08-15;355;422;0;686625;581034;1;75.7;64.1;0.0
29;2021-08-16;3096;4212;0;689721;585246;1;76.1;64.6;0.0
29;2021-08-17;4088;3345;0;693809;588591;1;76.5;64.9;0.0
29;2021-08-18;3477;3585;0;697286;592176;1;76.9;65.3;0.0
29;2021-08-19;3605;4402;0;700891;596578;1;77.3;65.8;0.0
29;2021-08-20;3248;4492;0;704139;601070;1;77.7;66.3;0.0
29;2021-08-21;2071;3021;0;706210;604091;1;77.9;66.6;0.0
29;2021-08-22;221;421;0;706431;604512;1;77.9;66.7;0.0
29;2021-08-23;2243;4444;0;708674;608956;1;78.2;67.2;0.0
29;2021-08-24;2356;4836;0;711030;613792;1;78.4;67.7;0.0
29;2021-08-25;2058;4203;0;713088;617995;1;78.7;68.2;0.0
29;2021-08-26;2167;5219;0;715255;623214;1;78.9;68.7;0.0
29;2021-08-27;1876;5753;0;717131;628967;1;79.1;69.4;0.0
29;2021-08-28;1359;3855;0;718490;632822;1;79.3;69.8;0.0
29;2021-08-29;384;1264;0;718874;634086;1;79.3;69.9;0.0
29;2021-08-30;1369;4126;66;720243;638212;67;79.4;70.4;0.0
29;2021-08-31;1438;4319;117;721681;642531;184;79.6;70.9;0.0
29;2021-09-01;1314;3747;229;722995;646278;413;79.8;71.3;0.0
29;2021-09-02;1070;3958;338;724065;650236;751;79.9;71.7;0.1
29;2021-09-03;1369;4690;502;725434;654926;1253;80.0;72.2;0.1
29;2021-09-04;1322;3679;257;726756;658605;1510;80.2;72.6;0.2
29;2021-09-05;195;658;44;726951;659263;1554;80.2;72.7;0.2
29;2021-09-06;704;3250;362;727655;662513;1916;80.3;73.1;0.2
29;2021-09-07;867;3341;575;728522;665854;2491;80.4;73.4;0.3
29;2021-09-08;846;3367;489;729368;669221;2980;80.5;73.8;0.3
29;2021-09-09;900;3309;489;730268;672530;3469;80.6;74.2;0.4
29;2021-09-10;1154;4267;731;731422;676797;4200;80.7;74.7;0.5
29;2021-09-11;662;3308;198;732084;680105;4398;80.8;75.0;0.5
29;2021-09-12;109;391;28;732193;680496;4426;80.8;75.1;0.5
29;2021-09-13;794;3082;679;732987;683578;5105;80.9;75.4;0.6
29;2021-09-14;714;2909;1101;733701;686487;6206;80.9;75.7;0.7
29;2021-09-15;690;3160;696;734391;689647;6902;81.0;76.1;0.8
29;2021-09-16;802;2615;1380;735193;692262;8282;81.1;76.4;0.9
29;2021-09-17;858;3069;979;736051;695331;9261;81.2;76.7;1.0
29;2021-09-18;566;3300;502;736617;698631;9763;81.3;77.1;1.1
29;2021-09-19;68;370;38;736685;699001;9801;81.3;77.1;1.1
29;2021-09-20;449;2037;798;737134;701038;10599;81.3;77.3;1.2
29;2021-09-21;433;1775;1146;737567;702813;11745;81.4;77.5;1.3
29;2021-09-22;362;2150;1215;737929;704963;12960;81.4;77.8;1.4
29;2021-09-23;444;1672;1777;738373;706635;14737;81.4;77.9;1.6
29;2021-09-24;462;2105;1369;738835;708740;16106;81.5;78.2;1.8
29;2021-09-25;338;2584;401;739173;711324;16507;81.5;78.5;1.8
29;2021-09-26;51;216;27;739224;711540;16534;81.5;78.5;1.8
29;2021-09-27;306;1499;753;739530;713039;17287;81.6;78.7;1.9
29;2021-09-28;248;1437;785;739778;714476;18072;81.6;78.8;2.0
29;2021-09-29;394;1611;1054;740172;716087;19126;81.6;79.0;2.1
29;2021-09-30;296;1219;1093;740468;717306;20219;81.7;79.1;2.2
29;2021-10-01;504;1445;1313;740972;718751;21532;81.7;79.3;2.4
29;2021-10-02;340;1565;363;741312;720316;21895;81.8;79.5;2.4
29;2021-10-03;13;35;10;741325;720351;21905;81.8;79.5;2.4
29;2021-10-04;314;1199;676;741639;721550;22581;81.8;79.6;2.5
29;2021-10-05;231;1002;861;741870;722552;23442;81.8;79.7;2.6
29;2021-10-06;316;1103;1015;742186;723655;24457;81.9;79.8;2.7
29;2021-10-07;283;877;895;742469;724532;25352;81.9;79.9;2.8
29;2021-10-08;460;1208;1384;742929;725740;26736;82.0;80.1;2.9
29;2021-10-09;313;934;519;743242;726674;27255;82.0;80.2;3.0
29;2021-10-10;5;18;11;743247;726692;27266;82.0;80.2;3.0
29;2021-10-11;279;836;917;743526;727528;28183;82.0;80.3;3.1
29;2021-10-12;229;581;978;743755;728109;29161;82.0;80.3;3.2
29;2021-10-13;293;723;1122;744048;728832;30283;82.1;80.4;3.3
29;2021-10-14;277;640;1119;744325;729472;31402;82.1;80.5;3.5
29;2021-10-15;362;702;1260;744687;730174;32662;82.1;80.5;3.6
29;2021-10-16;303;575;639;744990;730749;33301;82.2;80.6;3.7
29;2021-10-17;13;27;29;745003;730776;33330;82.2;80.6;3.7
29;2021-10-18;207;521;860;745210;731297;34190;82.2;80.7;3.8
29;2021-10-19;203;348;950;745413;731645;35140;82.2;80.7;3.9
29;2021-10-20;306;525;1490;745719;732170;36630;82.3;80.8;4.0
29;2021-10-21;217;397;1143;745936;732567;37773;82.3;80.8;4.2
29;2021-10-22;307;554;1441;746243;733121;39214;82.3;80.9;4.3
29;2021-10-23;274;445;932;746517;733566;40146;82.3;80.9;4.4
29;2021-10-24;1;16;3;746518;733582;40149;82.3;80.9;4.4
29;2021-10-25;168;327;843;746686;733909;40992;82.4;81.0;4.5
29;2021-10-26;172;261;966;746858;734170;41958;82.4;81.0;4.6
29;2021-10-27;317;408;1843;747175;734578;43801;82.4;81.0;4.8
29;2021-10-28;268;329;1396;747443;734907;45197;82.4;81.1;5.0
29;2021-10-29;266;418;1669;747709;735325;46866;82.5;81.1;5.2
29;2021-10-30;209;376;1257;747918;735701;48123;82.5;81.2;5.3
29;2021-10-31;6;14;20;747924;735715;48143;82.5;81.2;5.3
29;2021-11-01;26;8;22;747950;735723;48165;82.5;81.2;5.3
29;2021-11-02;172;272;1206;748122;735995;49371;82.5;81.2;5.4
29;2021-11-03;196;267;1382;748318;736262;50753;82.5;81.2;5.6
29;2021-11-04;212;354;1556;748530;736616;52309;82.6;81.3;5.8
29;2021-11-05;272;395;2464;748802;737011;54773;82.6;81.3;6.0
29;2021-11-06;258;397;1382;749060;737408;56155;82.6;81.3;6.2
29;2021-11-07;10;28;66;749070;737436;56221;82.6;81.3;6.2
29;2021-11-08;157;272;1818;749227;737708;58039;82.6;81.4;6.4
29;2021-11-09;162;261;2252;749389;737969;60291;82.7;81.4;6.7
29;2021-11-10;222;323;2848;749611;738292;63139;82.7;81.4;7.0
29;2021-11-11;8;13;62;749619;738305;63201;82.7;81.4;7.0
29;2021-11-12;200;356;2469;749819;738661;65670;82.7;81.5;7.2
29;2021-11-13;242;329;1684;750061;738990;67354;82.7;81.5;7.4
29;2021-11-14;12;11;70;750073;739001;67424;82.7;81.5;7.4
29;2021-11-15;181;218;2744;750254;739219;70168;82.8;81.5;7.7
29;2021-11-16;196;209;3385;750450;739428;73553;82.8;81.6;8.1
29;2021-11-17;304;316;3374;750754;739744;76927;82.8;81.6;8.5
29;2021-11-18;242;283;3921;750996;740027;80848;82.8;81.6;8.9
29;2021-11-19;340;423;5080;751336;740450;85928;82.9;81.7;9.5
29;2021-11-20;310;285;2357;751646;740735;88285;82.9;81.7;9.7
29;2021-11-21;35;23;135;751681;740758;88420;82.9;81.7;9.8
29;2021-11-22;215;176;3327;751896;740934;91747;82.9;81.7;10.1
29;2021-11-23;224;178;3827;752120;741112;95574;83.0;81.8;10.5
29;2021-11-24;297;289;3997;752417;741401;99571;83.0;81.8;11.0
29;2021-11-25;264;208;4844;752681;741609;104415;83.0;81.8;11.5
29;2021-11-26;323;448;7231;753004;742057;111646;83.1;81.9;12.3
29;2021-11-27;264;297;4026;753268;742354;115672;83.1;81.9;12.8
29;2021-11-28;21;21;405;753289;742375;116077;83.1;81.9;12.8
29;2021-11-29;182;206;4756;753471;742581;120833;83.1;81.9;13.3
29;2021-11-30;248;218;7939;753719;742799;128772;83.1;81.9;14.2
29;2021-12-01;213;238;7523;753932;743037;136295;83.2;82.0;15.0
29;2021-12-02;216;211;9789;754148;743248;146084;83.2;82.0;16.1
29;2021-12-03;217;284;10408;754365;743532;156492;83.2;82.0;17.3
29;2021-12-04;146;330;4903;754511;743862;161395;83.2;82.1;17.8
29;2021-12-05;12;27;784;754523;743889;162179;83.2;82.1;17.9
29;2021-12-06;169;270;7796;754692;744159;169975;83.2;82.1;18.7
29;2021-12-07;213;252;11017;754905;744411;180992;83.3;82.1;20.0
29;2021-12-08;194;326;9061;755099;744737;190053;83.3;82.2;21.0
29;2021-12-09;226;246;12348;755325;744983;202401;83.3;82.2;22.3
29;2021-12-10;281;402;13847;755606;745385;216248;83.3;82.2;23.9
29;2021-12-11;172;363;7280;755778;745748;223528;83.4;82.3;24.7
29;2021-12-12;40;64;1682;755818;745812;225210;83.4;82.3;24.8
29;2021-12-13;196;242;8815;756014;746054;234025;83.4;82.3;25.8
29;2021-12-14;217;292;13233;756231;746346;247258;83.4;82.3;27.3
29;2021-12-15;271;282;12489;756502;746628;259747;83.4;82.4;28.7
29;2021-12-16;253;320;14207;756755;746948;273954;83.5;82.4;30.2
29;2021-12-17;318;465;15442;757073;747413;289396;83.5;82.4;31.9
29;2021-12-18;243;355;8725;757316;747768;298121;83.5;82.5;32.9
29;2021-12-19;56;79;2257;757372;747847;300378;83.5;82.5;33.1
29;2021-12-20;347;391;10954;757719;748238;311332;83.6;82.5;34.3
29;2021-12-21;380;352;12549;758099;748590;323881;83.6;82.6;35.7
29;2021-12-22;382;402;10575;758481;748992;334456;83.7;82.6;36.9
29;2021-12-23;221;261;6360;758702;749253;340816;83.7;82.6;37.6
29;2021-12-24;58;46;974;758760;749299;341790;83.7;82.7;37.7
29;2021-12-25;1;6;84;758761;749305;341874;83.7;82.7;37.7
29;2021-12-26;16;15;392;758777;749320;342266;83.7;82.7;37.8
29;2021-12-27;296;395;8614;759073;749715;350880;83.7;82.7;38.7
29;2021-12-28;325;297;10754;759398;750012;361634;83.8;82.7;39.9
2A;2020-12-27;0;0;0;0;0;0;0.0;0.0;0.0
2A;2020-12-28;0;0;0;0;0;0;0.0;0.0;0.0
2A;2020-12-29;0;0;0;0;0;0;0.0;0.0;0.0
2A;2020-12-30;0;0;0;0;0;0;0.0;0.0;0.0
2A;2020-12-31;0;0;0;0;0;0;0.0;0.0;0.0
2A;2021-01-01;0;0;0;0;0;0;0.0;0.0;0.0
2A;2021-01-02;0;0;0;0;0;0;0.0;0.0;0.0
2A;2021-01-03;0;0;0;0;0;0;0.0;0.0;0.0
2A;2021-01-04;0;0;0;0;0;0;0.0;0.0;0.0
2A;2021-01-05;1;0;0;1;0;0;0.0;0.0;0.0
2A;2021-01-06;6;0;0;7;0;0;0.0;0.0;0.0
2A;2021-01-07;109;1;0;116;1;0;0.1;0.0;0.0
2A;2021-01-08;108;1;0;224;2;0;0.1;0.0;0.0
2A;2021-01-09;38;0;0;262;2;0;0.2;0.0;0.0
2A;2021-01-10;28;0;0;290;2;0;0.2;0.0;0.0
2A;2021-01-11;76;0;0;366;2;0;0.2;0.0;0.0
2A;2021-01-12;82;0;0;448;2;0;0.3;0.0;0.0
2A;2021-01-13;114;1;0;562;3;0;0.3;0.0;0.0
2A;2021-01-14;191;1;0;753;4;0;0.5;0.0;0.0
2A;2021-01-15;136;0;0;889;4;0;0.5;0.0;0.0
2A;2021-01-16;141;2;0;1030;6;0;0.6;0.0;0.0
2A;2021-01-17;72;1;0;1102;7;0;0.7;0.0;0.0
2A;2021-01-18;193;2;0;1295;9;0;0.8;0.0;0.0
2A;2021-01-19;461;5;0;1756;14;0;1.1;0.0;0.0
2A;2021-01-20;349;2;0;2105;16;0;1.3;0.0;0.0
2A;2021-01-21;435;1;0;2540;17;0;1.6;0.0;0.0
2A;2021-01-22;352;0;0;2892;17;0;1.8;0.0;0.0
2A;2021-01-23;171;0;0;3063;17;0;1.9;0.0;0.0
2A;2021-01-24;110;1;0;3173;18;0;2.0;0.0;0.0
2A;2021-01-25;206;0;0;3379;18;0;2.1;0.0;0.0
2A;2021-01-26;400;9;0;3779;27;0;2.3;0.0;0.0
2A;2021-01-27;295;6;0;4074;33;0;2.5;0.0;0.0
2A;2021-01-28;317;73;0;4391;106;0;2.7;0.1;0.0
2A;2021-01-29;329;61;0;4720;167;0;2.9;0.1;0.0
2A;2021-01-30;112;33;0;4832;200;0;3.0;0.1;0.0
2A;2021-01-31;73;11;0;4905;211;0;3.0;0.1;0.0
2A;2021-02-01;217;50;0;5122;261;0;3.2;0.2;0.0
2A;2021-02-02;282;117;0;5404;378;0;3.3;0.2;0.0
2A;2021-02-03;257;72;0;5661;450;0;3.5;0.3;0.0
2A;2021-02-04;247;128;0;5908;578;0;3.6;0.4;0.0
2A;2021-02-05;260;96;0;6168;674;0;3.8;0.4;0.0
2A;2021-02-06;115;58;0;6283;732;0;3.9;0.5;0.0
2A;2021-02-07;49;45;0;6332;777;0;3.9;0.5;0.0
2A;2021-02-08;95;191;0;6427;968;0;4.0;0.6;0.0
2A;2021-02-09;147;285;0;6574;1253;0;4.0;0.8;0.0
2A;2021-02-10;170;214;0;6744;1467;0;4.2;0.9;0.0
2A;2021-02-11;292;324;0;7036;1791;0;4.3;1.1;0.0
2A;2021-02-12;319;283;0;7355;2074;0;4.5;1.3;0.0
2A;2021-02-13;211;58;0;7566;2132;0;4.7;1.3;0.0
2A;2021-02-14;114;70;0;7680;2202;0;4.7;1.4;0.0
2A;2021-02-15;187;180;0;7867;2382;0;4.8;1.5;0.0
2A;2021-02-16;359;319;0;8226;2701;0;5.1;1.7;0.0
2A;2021-02-17;269;181;0;8495;2882;0;5.2;1.8;0.0
2A;2021-02-18;325;198;0;8820;3080;0;5.4;1.9;0.0
2A;2021-02-19;147;286;0;8967;3366;0;5.5;2.1;0.0
2A;2021-02-20;221;117;0;9188;3483;0;5.7;2.1;0.0
2A;2021-02-21;47;42;0;9235;3525;0;5.7;2.2;0.0
2A;2021-02-22;79;203;0;9314;3728;0;5.7;2.3;0.0
2A;2021-02-23;114;284;0;9428;4012;0;5.8;2.5;0.0
2A;2021-02-24;84;280;0;9512;4292;0;5.9;2.6;0.0
2A;2021-02-25;112;258;0;9624;4550;0;5.9;2.8;0.0
2A;2021-02-26;121;251;0;9745;4801;0;6.0;3.0;0.0
2A;2021-02-27;290;66;0;10035;4867;0;6.2;3.0;0.0
2A;2021-02-28;60;54;0;10095;4921;0;6.2;3.0;0.0
2A;2021-03-01;116;140;0;10211;5061;0;6.3;3.1;0.0
2A;2021-03-02;197;269;0;10408;5330;0;6.4;3.3;0.0
2A;2021-03-03;233;242;0;10641;5572;0;6.6;3.4;0.0
2A;2021-03-04;493;206;0;11134;5778;0;6.9;3.6;0.0
2A;2021-03-05;929;287;0;12063;6065;0;7.4;3.7;0.0
2A;2021-03-06;1096;76;0;13159;6141;0;8.1;3.8;0.0
2A;2021-03-07;917;41;0;14076;6182;0;8.7;3.8;0.0
2A;2021-03-08;874;97;0;14950;6279;0;9.2;3.9;0.0
2A;2021-03-09;882;166;0;15832;6445;0;9.7;4.0;0.0
2A;2021-03-10;612;139;0;16444;6584;0;10.1;4.1;0.0
2A;2021-03-11;685;274;0;17129;6858;0;10.5;4.2;0.0
2A;2021-03-12;563;298;0;17692;7156;0;10.9;4.4;0.0
2A;2021-03-13;578;192;0;18270;7348;0;11.2;4.5;0.0
2A;2021-03-14;298;108;0;18568;7456;0;11.4;4.6;0.0
2A;2021-03-15;380;192;0;18948;7648;0;11.7;4.7;0.0
2A;2021-03-16;484;345;0;19432;7993;0;12.0;4.9;0.0
2A;2021-03-17;681;255;0;20113;8248;0;12.4;5.1;0.0
2A;2021-03-18;438;294;0;20551;8542;0;12.7;5.3;0.0
2A;2021-03-19;515;149;0;21066;8691;0;13.0;5.4;0.0
2A;2021-03-20;1006;246;0;22072;8937;0;13.6;5.5;0.0
2A;2021-03-21;631;49;0;22703;8986;0;14.0;5.5;0.0
2A;2021-03-22;333;67;0;23036;9053;0;14.2;5.6;0.0
2A;2021-03-23;493;55;0;23529;9108;0;14.5;5.6;0.0
2A;2021-03-24;826;90;0;24355;9198;0;15.0;5.7;0.0
2A;2021-03-25;901;136;0;25256;9334;0;15.5;5.7;0.0
2A;2021-03-26;1026;152;0;26282;9486;0;16.2;5.8;0.0
2A;2021-03-27;1118;191;0;27400;9677;0;16.9;6.0;0.0
2A;2021-03-28;232;86;0;27632;9763;0;17.0;6.0;0.0
2A;2021-03-29;289;126;0;27921;9889;0;17.2;6.1;0.0
2A;2021-03-30;385;233;0;28306;10122;0;17.4;6.2;0.0
2A;2021-03-31;453;225;0;28759;10347;0;17.7;6.4;0.0
2A;2021-04-01;605;424;0;29364;10771;0;18.1;6.6;0.0
2A;2021-04-02;846;761;0;30210;11532;0;18.6;7.1;0.0
2A;2021-04-03;617;923;0;30827;12455;0;19.0;7.7;0.0
2A;2021-04-04;528;694;0;31355;13149;0;19.3;8.1;0.0
2A;2021-04-05;476;639;0;31831;13788;0;19.6;8.5;0.0
2A;2021-04-06;497;522;0;32328;14310;0;19.9;8.8;0.0
2A;2021-04-07;708;417;0;33036;14727;0;20.3;9.1;0.0
2A;2021-04-08;955;353;0;33991;15080;0;20.9;9.3;0.0
2A;2021-04-09;865;389;0;34856;15469;0;21.5;9.5;0.0
2A;2021-04-10;953;364;0;35809;15833;0;22.0;9.7;0.0
2A;2021-04-11;327;242;0;36136;16075;0;22.2;9.9;0.0
2A;2021-04-12;614;355;0;36750;16430;0;22.6;10.1;0.0
2A;2021-04-13;303;377;0;37053;16807;0;22.8;10.3;0.0
2A;2021-04-14;961;572;0;38014;17379;0;23.4;10.7;0.0
2A;2021-04-15;921;514;0;38935;17893;0;24.0;11.0;0.0
2A;2021-04-16;788;380;0;39723;18273;0;24.5;11.3;0.0
2A;2021-04-17;1213;875;0;40936;19148;0;25.2;11.8;0.0
2A;2021-04-18;868;852;0;41804;20000;0;25.7;12.3;0.0
2A;2021-04-19;230;330;0;42034;20330;0;25.9;12.5;0.0
2A;2021-04-20;305;343;0;42339;20673;0;26.1;12.7;0.0
2A;2021-04-21;647;702;0;42986;21375;0;26.5;13.2;0.0
2A;2021-04-22;794;628;0;43780;22003;0;27.0;13.5;0.0
2A;2021-04-23;875;732;0;44655;22735;0;27.5;14.0;0.0
2A;2021-04-24;1542;914;0;46197;23649;0;28.4;14.6;0.0
2A;2021-04-25;844;277;0;47041;23926;0;29.0;14.7;0.0
2A;2021-04-26;298;218;0;47339;24144;0;29.1;14.9;0.0
2A;2021-04-27;302;355;0;47641;24499;0;29.3;15.1;0.0
2A;2021-04-28;1475;411;0;49116;24910;0;30.2;15.3;0.0
2A;2021-04-29;949;360;0;50065;25270;0;30.8;15.6;0.0
2A;2021-04-30;1021;970;0;51086;26240;0;31.5;16.2;0.0
2A;2021-05-01;869;546;0;51955;26786;0;32.0;16.5;0.0
2A;2021-05-02;574;632;0;52529;27418;0;32.3;16.9;0.0
2A;2021-05-03;545;530;0;53074;27948;0;32.7;17.2;0.0
2A;2021-05-04;671;504;0;53745;28452;0;33.1;17.5;0.0
2A;2021-05-05;880;918;0;54625;29370;0;33.6;18.1;0.0
2A;2021-05-06;791;845;0;55416;30215;0;34.1;18.6;0.0
2A;2021-05-07;949;745;0;56365;30960;0;34.7;19.1;0.0
2A;2021-05-08;372;456;0;56737;31416;0;34.9;19.3;0.0
2A;2021-05-09;635;580;0;57372;31996;0;35.3;19.7;0.0
2A;2021-05-10;376;687;0;57748;32683;0;35.6;20.1;0.0
2A;2021-05-11;503;391;0;58251;33074;0;35.9;20.4;0.0
2A;2021-05-12;696;441;0;58947;33515;0;36.3;20.6;0.0
2A;2021-05-13;667;101;0;59614;33616;0;36.7;20.7;0.0
2A;2021-05-14;560;587;0;60174;34203;0;37.0;21.1;0.0
2A;2021-05-15;623;584;0;60797;34787;0;37.4;21.4;0.0
2A;2021-05-16;549;421;0;61346;35208;0;37.8;21.7;0.0
2A;2021-05-17;449;504;0;61795;35712;0;38.0;22.0;0.0
2A;2021-05-18;494;450;0;62289;36162;0;38.4;22.3;0.0
2A;2021-05-19;635;426;0;62924;36588;0;38.7;22.5;0.0
2A;2021-05-20;581;486;0;63505;37074;0;39.1;22.8;0.0
2A;2021-05-21;421;420;0;63926;37494;0;39.4;23.1;0.0
2A;2021-05-22;338;258;0;64264;37752;0;39.6;23.2;0.0
2A;2021-05-23;390;220;0;64654;37972;0;39.8;23.4;0.0
2A;2021-05-24;84;33;0;64738;38005;0;39.9;23.4;0.0
2A;2021-05-25;338;430;0;65076;38435;0;40.1;23.7;0.0
2A;2021-05-26;341;1060;0;65417;39495;0;40.3;24.3;0.0
2A;2021-05-27;361;1022;0;65778;40517;0;40.5;24.9;0.0
2A;2021-05-28;259;834;0;66037;41351;0;40.7;25.5;0.0
2A;2021-05-29;263;816;0;66300;42167;0;40.8;26.0;0.0
2A;2021-05-30;128;446;0;66428;42613;0;40.9;26.2;0.0
2A;2021-05-31;163;397;0;66591;43010;0;41.0;26.5;0.0
2A;2021-06-01;297;635;0;66888;43645;0;41.2;26.9;0.0
2A;2021-06-02;270;867;0;67158;44512;0;41.3;27.4;0.0
2A;2021-06-03;266;800;0;67424;45312;0;41.5;27.9;0.0
2A;2021-06-04;272;959;0;67696;46271;0;41.7;28.5;0.0
2A;2021-06-05;257;1323;0;67953;47594;0;41.8;29.3;0.0
2A;2021-06-06;130;803;0;68083;48397;0;41.9;29.8;0.0
2A;2021-06-07;146;582;0;68229;48979;0;42.0;30.2;0.0
2A;2021-06-08;298;591;0;68527;49570;0;42.2;30.5;0.0
2A;2021-06-09;306;1198;0;68833;50768;0;42.4;31.3;0.0
2A;2021-06-10;317;780;0;69150;51548;0;42.6;31.7;0.0
2A;2021-06-11;251;912;0;69401;52460;0;42.7;32.3;0.0
2A;2021-06-12;189;611;0;69590;53071;0;42.8;32.7;0.0
2A;2021-06-13;133;679;0;69723;53750;0;42.9;33.1;0.0
2A;2021-06-14;217;789;0;69940;54539;0;43.1;33.6;0.0
2A;2021-06-15;215;467;0;70155;55006;0;43.2;33.9;0.0
2A;2021-06-16;184;679;0;70339;55685;0;43.3;34.3;0.0
2A;2021-06-17;202;513;0;70541;56198;0;43.4;34.6;0.0
2A;2021-06-18;229;714;0;70770;56912;0;43.6;35.0;0.0
2A;2021-06-19;186;571;0;70956;57483;0;43.7;35.4;0.0
2A;2021-06-20;121;586;0;71077;58069;0;43.8;35.8;0.0
2A;2021-06-21;164;674;0;71241;58743;0;43.9;36.2;0.0
2A;2021-06-22;218;697;0;71459;59440;0;44.0;36.6;0.0
2A;2021-06-23;182;489;0;71641;59929;0;44.1;36.9;0.0
2A;2021-06-24;130;330;0;71771;60259;0;44.2;37.1;0.0
2A;2021-06-25;164;434;0;71935;60693;0;44.3;37.4;0.0
2A;2021-06-26;161;714;0;72096;61407;0;44.4;37.8;0.0
2A;2021-06-27;148;645;0;72244;62052;0;44.5;38.2;0.0
2A;2021-06-28;164;556;0;72408;62608;0;44.6;38.5;0.0
2A;2021-06-29;192;585;0;72600;63193;0;44.7;38.9;0.0
2A;2021-06-30;196;420;0;72796;63613;0;44.8;39.2;0.0
2A;2021-07-01;220;433;0;73016;64046;0;45.0;39.4;0.0
2A;2021-07-02;194;334;0;73210;64380;0;45.1;39.6;0.0
2A;2021-07-03;172;519;0;73382;64899;0;45.2;40.0;0.0
2A;2021-07-04;130;501;0;73512;65400;0;45.3;40.3;0.0
2A;2021-07-05;167;222;0;73679;65622;0;45.4;40.4;0.0
2A;2021-07-06;214;334;0;73893;65956;0;45.5;40.6;0.0
2A;2021-07-07;346;507;0;74239;66463;0;45.7;40.9;0.0
2A;2021-07-08;471;511;0;74710;66974;0;46.0;41.2;0.0
2A;2021-07-09;313;351;0;75023;67325;0;46.2;41.5;0.0
2A;2021-07-10;260;313;0;75283;67638;0;46.4;41.6;0.0
2A;2021-07-11;62;104;0;75345;67742;0;46.4;41.7;0.0
2A;2021-07-12;280;313;0;75625;68055;0;46.6;41.9;0.0
2A;2021-07-13;950;440;0;76575;68495;0;47.1;42.2;0.0
2A;2021-07-14;1301;226;0;77876;68721;0;47.9;42.3;0.0
2A;2021-07-15;1092;549;0;78968;69270;0;48.6;42.6;0.0
2A;2021-07-16;871;331;0;79839;69601;0;49.2;42.9;0.0
2A;2021-07-17;865;289;0;80704;69890;0;49.7;43.0;0.0
2A;2021-07-18;427;89;0;81131;69979;0;50.0;43.1;0.0
2A;2021-07-19;696;321;0;81827;70300;0;50.4;43.3;0.0
2A;2021-07-20;900;347;0;82727;70647;0;50.9;43.5;0.0
2A;2021-07-21;1029;491;0;83756;71138;0;51.6;43.8;0.0
2A;2021-07-22;944;503;0;84700;71641;0;52.1;44.1;0.0
2A;2021-07-23;1012;315;0;85712;71956;0;52.8;44.3;0.0
2A;2021-07-24;665;214;0;86377;72170;0;53.2;44.4;0.0
2A;2021-07-25;282;56;0;86659;72226;0;53.4;44.5;0.0
2A;2021-07-26;732;310;0;87391;72536;0;53.8;44.7;0.0
2A;2021-07-27;813;362;0;88204;72898;0;54.3;44.9;0.0
2A;2021-07-28;870;404;0;89074;73302;0;54.8;45.1;0.0
2A;2021-07-29;848;417;0;89922;73719;0;55.4;45.4;0.0
2A;2021-07-30;638;423;0;90560;74142;0;55.8;45.6;0.0
2A;2021-07-31;396;254;0;90956;74396;0;56.0;45.8;0.0
2A;2021-08-01;312;54;0;91268;74450;0;56.2;45.8;0.0
2A;2021-08-02;304;344;0;91572;74794;0;56.4;46.0;0.0
2A;2021-08-03;548;657;0;92120;75451;0;56.7;46.5;0.0
2A;2021-08-04;539;897;0;92659;76348;0;57.0;47.0;0.0
2A;2021-08-05;635;968;0;93294;77316;0;57.4;47.6;0.0
2A;2021-08-06;342;596;0;93636;77912;0;57.7;48.0;0.0
2A;2021-08-07;267;713;0;93903;78625;0;57.8;48.4;0.0
2A;2021-08-08;73;172;0;93976;78797;0;57.9;48.5;0.0
2A;2021-08-09;498;826;0;94474;79623;0;58.2;49.0;0.0
2A;2021-08-10;477;821;0;94951;80444;0;58.5;49.5;0.0
2A;2021-08-11;485;754;0;95436;81198;0;58.8;50.0;0.0
2A;2021-08-12;549;1056;0;95985;82254;0;59.1;50.6;0.0
2A;2021-08-13;397;806;0;96382;83060;0;59.3;51.1;0.0
2A;2021-08-14;338;571;0;96720;83631;0;59.5;51.5;0.0
2A;2021-08-15;27;26;0;96747;83657;0;59.6;51.5;0.0
2A;2021-08-16;401;919;0;97148;84576;0;59.8;52.1;0.0
2A;2021-08-17;647;904;0;97795;85480;0;60.2;52.6;0.0
2A;2021-08-18;430;839;0;98225;86319;0;60.5;53.1;0.0
2A;2021-08-19;341;711;0;98566;87030;0;60.7;53.6;0.0
2A;2021-08-20;293;451;0;98859;87481;0;60.9;53.9;0.0
2A;2021-08-21;182;407;0;99041;87888;0;61.0;54.1;0.0
2A;2021-08-22;115;350;0;99156;88238;0;61.0;54.3;0.0
2A;2021-08-23;286;528;0;99442;88766;0;61.2;54.7;0.0
2A;2021-08-24;278;623;0;99720;89389;0;61.4;55.0;0.0
2A;2021-08-25;324;674;0;100044;90063;0;61.6;55.5;0.0
2A;2021-08-26;313;618;0;100357;90681;0;61.8;55.8;0.0
2A;2021-08-27;208;575;0;100565;91256;0;61.9;56.2;0.0
2A;2021-08-28;213;294;0;100778;91550;0;62.0;56.4;0.0
2A;2021-08-29;78;96;0;100856;91646;0;62.1;56.4;0.0
2A;2021-08-30;236;468;27;101092;92114;27;62.2;56.7;0.0
2A;2021-08-31;168;449;29;101260;92563;56;62.3;57.0;0.0
2A;2021-09-01;333;595;56;101593;93158;112;62.5;57.4;0.1
2A;2021-09-02;258;521;81;101851;93679;193;62.7;57.7;0.1
2A;2021-09-03;211;418;130;102062;94097;323;62.8;57.9;0.2
2A;2021-09-04;130;338;32;102192;94435;355;62.9;58.1;0.2
2A;2021-09-05;28;23;17;102220;94458;372;62.9;58.2;0.2
2A;2021-09-06;111;303;80;102331;94761;452;63.0;58.3;0.3
2A;2021-09-07;193;464;148;102524;95225;600;63.1;58.6;0.4
2A;2021-09-08;208;553;123;102732;95778;723;63.3;59.0;0.4
2A;2021-09-09;200;413;116;102932;96191;839;63.4;59.2;0.5
2A;2021-09-10;171;334;122;103103;96525;961;63.5;59.4;0.6
2A;2021-09-11;130;258;50;103233;96783;1011;63.6;59.6;0.6
2A;2021-09-12;36;66;46;103269;96849;1057;63.6;59.6;0.7
2A;2021-09-13;122;179;57;103391;97028;1114;63.7;59.7;0.7
2A;2021-09-14;212;213;176;103603;97241;1290;63.8;59.9;0.8
2A;2021-09-15;182;456;143;103785;97697;1433;63.9;60.2;0.9
2A;2021-09-16;205;324;175;103990;98021;1608;64.0;60.3;1.0
2A;2021-09-17;127;184;84;104117;98205;1692;64.1;60.5;1.0
2A;2021-09-18;87;250;106;104204;98455;1798;64.2;60.6;1.1
2A;2021-09-19;11;47;14;104215;98502;1812;64.2;60.6;1.1
2A;2021-09-20;49;155;101;104264;98657;1913;64.2;60.7;1.2
2A;2021-09-21;81;222;211;104345;98879;2124;64.2;60.9;1.3
2A;2021-09-22;97;378;225;104442;99257;2349;64.3;61.1;1.4
2A;2021-09-23;86;273;159;104528;99530;2508;64.4;61.3;1.5
2A;2021-09-24;67;269;102;104595;99799;2610;64.4;61.4;1.6
2A;2021-09-25;75;141;41;104670;99940;2651;64.4;61.5;1.6
2A;2021-09-26;14;31;2;104684;99971;2653;64.5;61.6;1.6
2A;2021-09-27;43;104;69;104727;100075;2722;64.5;61.6;1.7
2A;2021-09-28;82;134;133;104809;100209;2855;64.5;61.7;1.8
2A;2021-09-29;115;286;132;104924;100495;2987;64.6;61.9;1.8
2A;2021-09-30;77;200;219;105001;100695;3206;64.6;62.0;2.0
2A;2021-10-01;126;125;210;105127;100820;3416;64.7;62.1;2.1
2A;2021-10-02;83;136;68;105210;100956;3484;64.8;62.2;2.1
2A;2021-10-03;17;38;23;105227;100994;3507;64.8;62.2;2.2
2A;2021-10-04;74;79;107;105301;101073;3614;64.8;62.2;2.2
2A;2021-10-05;52;124;118;105353;101197;3732;64.9;62.3;2.3
2A;2021-10-06;69;128;156;105422;101325;3888;64.9;62.4;2.4
2A;2021-10-07;62;119;147;105484;101444;4035;64.9;62.5;2.5
2A;2021-10-08;74;131;127;105558;101575;4162;65.0;62.5;2.6
2A;2021-10-09;75;220;212;105633;101795;4374;65.0;62.7;2.7
2A;2021-10-10;56;71;171;105689;101866;4545;65.1;62.7;2.8
2A;2021-10-11;44;78;110;105733;101944;4655;65.1;62.8;2.9
2A;2021-10-12;46;70;107;105779;102014;4762;65.1;62.8;2.9
2A;2021-10-13;66;127;234;105845;102141;4996;65.2;62.9;3.1
2A;2021-10-14;73;129;206;105918;102270;5202;65.2;63.0;3.2
2A;2021-10-15;85;94;193;106003;102364;5395;65.3;63.0;3.3
2A;2021-10-16;82;154;332;106085;102518;5727;65.3;63.1;3.5
2A;2021-10-17;38;37;109;106123;102555;5836;65.3;63.1;3.6
2A;2021-10-18;60;82;155;106183;102637;5991;65.4;63.2;3.7
2A;2021-10-19;45;75;207;106228;102712;6198;65.4;63.2;3.8
2A;2021-10-20;82;90;272;106310;102802;6470;65.5;63.3;4.0
2A;2021-10-21;62;79;312;106372;102881;6782;65.5;63.3;4.2
2A;2021-10-22;64;107;287;106436;102988;7069;65.5;63.4;4.4
2A;2021-10-23;60;96;203;106496;103084;7272;65.6;63.5;4.5
2A;2021-10-24;32;45;128;106528;103129;7400;65.6;63.5;4.6
2A;2021-10-25;50;55;181;106578;103184;7581;65.6;63.5;4.7
2A;2021-10-26;41;60;216;106619;103244;7797;65.6;63.6;4.8
2A;2021-10-27;71;93;334;106690;103337;8131;65.7;63.6;5.0
2A;2021-10-28;48;74;276;106738;103411;8407;65.7;63.7;5.2
2A;2021-10-29;53;78;353;106791;103489;8760;65.7;63.7;5.4
2A;2021-10-30;51;81;255;106842;103570;9015;65.8;63.8;5.6
2A;2021-10-31;27;61;96;106869;103631;9111;65.8;63.8;5.6
2A;2021-11-01;14;10;6;106883;103641;9117;65.8;63.8;5.6
2A;2021-11-02;49;49;140;106932;103690;9257;65.8;63.8;5.7
2A;2021-11-03;60;69;340;106992;103759;9597;65.9;63.9;5.9
2A;2021-11-04;54;64;358;107046;103823;9955;65.9;63.9;6.1
2A;2021-11-05;58;94;500;107104;103917;10455;65.9;64.0;6.4
2A;2021-11-06;88;74;303;107192;103991;10758;66.0;64.0;6.6
2A;2021-11-07;31;43;124;107223;104034;10882;66.0;64.1;6.7
2A;2021-11-08;39;73;338;107262;104107;11220;66.0;64.1;6.9
2A;2021-11-09;44;62;456;107306;104169;11676;66.1;64.1;7.2
2A;2021-11-10;74;76;515;107380;104245;12191;66.1;64.2;7.5
2A;2021-11-11;20;12;82;107400;104257;12273;66.1;64.2;7.6
2A;2021-11-12;40;70;519;107440;104327;12792;66.1;64.2;7.9
2A;2021-11-13;69;71;712;107509;104398;13504;66.2;64.3;8.3
2A;2021-11-14;35;53;265;107544;104451;13769;66.2;64.3;8.5
2A;2021-11-15;47;74;538;107591;104525;14307;66.2;64.4;8.8
2A;2021-11-16;60;86;517;107651;104611;14824;66.3;64.4;9.1
2A;2021-11-17;58;79;622;107709;104690;15446;66.3;64.5;9.5
2A;2021-11-18;62;48;662;107771;104738;16108;66.4;64.5;9.9
2A;2021-11-19;74;87;720;107845;104825;16828;66.4;64.5;10.4
2A;2021-11-20;100;83;551;107945;104908;17379;66.5;64.6;10.7
2A;2021-11-21;65;39;370;108010;104947;17749;66.5;64.6;10.9
2A;2021-11-22;55;53;648;108065;105000;18397;66.5;64.6;11.3
2A;2021-11-23;53;62;772;108118;105062;19169;66.6;64.7;11.8
2A;2021-11-24;90;74;731;108208;105136;19900;66.6;64.7;12.3
2A;2021-11-25;75;97;1041;108283;105233;20941;66.7;64.8;12.9
2A;2021-11-26;63;83;1478;108346;105316;22419;66.7;64.8;13.8
2A;2021-11-27;125;111;1470;108471;105427;23889;66.8;64.9;14.7
2A;2021-11-28;66;42;1012;108537;105469;24901;66.8;64.9;15.3
2A;2021-11-29;72;71;1135;108609;105540;26036;66.9;65.0;16.0
2A;2021-11-30;73;59;1261;108682;105599;27297;66.9;65.0;16.8
2A;2021-12-01;93;93;1264;108775;105692;28561;67.0;65.1;17.6
2A;2021-12-02;62;65;1587;108837;105757;30148;67.0;65.1;18.6
2A;2021-12-03;88;83;1736;108925;105840;31884;67.1;65.2;19.6
2A;2021-12-04;90;103;1857;109015;105943;33741;67.1;65.2;20.8
2A;2021-12-05;46;55;952;109061;105998;34693;67.1;65.3;21.4
2A;2021-12-06;77;77;1178;109138;106075;35871;67.2;65.3;22.1
2A;2021-12-07;57;84;1297;109195;106159;37168;67.2;65.4;22.9
2A;2021-12-08;53;93;1277;109248;106252;38445;67.3;65.4;23.7
2A;2021-12-09;55;92;1451;109303;106344;39896;67.3;65.5;24.6
2A;2021-12-10;77;113;1517;109380;106457;41413;67.3;65.5;25.5
2A;2021-12-11;66;99;1473;109446;106556;42886;67.4;65.6;26.4
2A;2021-12-12;55;95;798;109501;106651;43684;67.4;65.7;26.9
2A;2021-12-13;45;74;1139;109546;106725;44823;67.4;65.7;27.6
2A;2021-12-14;47;82;1339;109593;106807;46162;67.5;65.8;28.4
2A;2021-12-15;85;118;1326;109678;106925;47488;67.5;65.8;29.2
2A;2021-12-16;71;109;1470;109749;107034;48958;67.6;65.9;30.1
2A;2021-12-17;81;102;1341;109830;107136;50299;67.6;66.0;31.0
2A;2021-12-18;113;132;1277;109943;107268;51576;67.7;66.0;31.8
2A;2021-12-19;82;88;967;110025;107356;52543;67.7;66.1;32.3
2A;2021-12-20;95;106;821;110120;107462;53364;67.8;66.2;32.9
2A;2021-12-21;73;100;823;110193;107562;54187;67.8;66.2;33.4
2A;2021-12-22;78;92;715;110271;107654;54902;67.9;66.3;33.8
2A;2021-12-23;83;68;657;110354;107722;55559;67.9;66.3;34.2
2A;2021-12-24;21;33;131;110375;107755;55690;68.0;66.3;34.3
2A;2021-12-25;0;2;6;110375;107757;55696;68.0;66.3;34.3
2A;2021-12-26;48;64;365;110423;107821;56061;68.0;66.4;34.5
2A;2021-12-27;71;127;816;110494;107948;56877;68.0;66.5;35.0
2A;2021-12-28;90;78;897;110584;108026;57774;68.1;66.5;35.6
2B;2020-12-27;0;0;0;0;0;0;0.0;0.0;0.0
2B;2020-12-28;3;0;0;3;0;0;0.0;0.0;0.0
2B;2020-12-29;0;0;0;3;0;0;0.0;0.0;0.0
2B;2020-12-30;0;0;0;3;0;0;0.0;0.0;0.0
2B;2020-12-31;0;0;0;3;0;0;0.0;0.0;0.0
2B;2021-01-01;0;0;0;3;0;0;0.0;0.0;0.0
2B;2021-01-02;0;0;0;3;0;0;0.0;0.0;0.0
2B;2021-01-03;0;0;0;3;0;0;0.0;0.0;0.0
2B;2021-01-04;1;0;0;4;0;0;0.0;0.0;0.0
2B;2021-01-05;0;0;0;4;0;0;0.0;0.0;0.0
2B;2021-01-06;48;1;0;52;1;0;0.0;0.0;0.0
2B;2021-01-07;203;0;0;255;1;0;0.1;0.0;0.0
2B;2021-01-08;189;5;0;444;6;0;0.2;0.0;0.0
2B;2021-01-09;42;1;0;486;7;0;0.3;0.0;0.0
2B;2021-01-10;5;0;0;491;7;0;0.3;0.0;0.0
2B;2021-01-11;70;0;0;561;7;0;0.3;0.0;0.0
2B;2021-01-12;129;1;0;690;8;0;0.4;0.0;0.0
2B;2021-01-13;95;0;0;785;8;0;0.4;0.0;0.0
2B;2021-01-14;72;0;0;857;8;0;0.5;0.0;0.0
2B;2021-01-15;258;2;0;1115;10;0;0.6;0.0;0.0
2B;2021-01-16;51;0;0;1166;10;0;0.6;0.0;0.0
2B;2021-01-17;10;0;0;1176;10;0;0.6;0.0;0.0
2B;2021-01-18;265;1;0;1441;11;0;0.8;0.0;0.0
2B;2021-01-19;485;2;0;1926;13;0;1.1;0.0;0.0
2B;2021-01-20;427;3;0;2353;16;0;1.3;0.0;0.0
2B;2021-01-21;345;0;0;2698;16;0;1.5;0.0;0.0
2B;2021-01-22;374;1;0;3072;17;0;1.7;0.0;0.0
2B;2021-01-23;63;0;0;3135;17;0;1.7;0.0;0.0
2B;2021-01-24;26;0;0;3161;17;0;1.7;0.0;0.0
2B;2021-01-25;204;2;0;3365;19;0;1.8;0.0;0.0
2B;2021-01-26;367;1;0;3732;20;0;2.0;0.0;0.0
2B;2021-01-27;323;48;0;4055;68;0;2.2;0.0;0.0
2B;2021-01-28;342;138;0;4397;206;0;2.4;0.1;0.0
2B;2021-01-29;292;158;0;4689;364;0;2.6;0.2;0.0
2B;2021-01-30;86;35;0;4775;399;0;2.6;0.2;0.0
2B;2021-01-31;66;0;0;4841;399;0;2.7;0.2;0.0
2B;2021-02-01;223;91;0;5064;490;0;2.8;0.3;0.0
2B;2021-02-02;332;77;0;5396;567;0;3.0;0.3;0.0
2B;2021-02-03;490;88;0;5886;655;0;3.2;0.4;0.0
2B;2021-02-04;433;164;0;6319;819;0;3.5;0.4;0.0
2B;2021-02-05;375;101;0;6694;920;0;3.7;0.5;0.0
2B;2021-02-06;81;18;0;6775;938;0;3.7;0.5;0.0
2B;2021-02-07;59;3;0;6834;941;0;3.7;0.5;0.0
2B;2021-02-08;222;149;0;7056;1090;0;3.9;0.6;0.0
2B;2021-02-09;530;292;0;7586;1382;0;4.2;0.8;0.0
2B;2021-02-10;441;211;0;8027;1593;0;4.4;0.9;0.0
2B;2021-02-11;358;134;0;8385;1727;0;4.6;0.9;0.0
2B;2021-02-12;284;123;0;8669;1850;0;4.8;1.0;0.0
2B;2021-02-13;77;15;0;8746;1865;0;4.8;1.0;0.0
2B;2021-02-14;64;4;0;8810;1869;0;4.8;1.0;0.0
2B;2021-02-15;185;129;0;8995;1998;0;4.9;1.1;0.0
2B;2021-02-16;236;274;0;9231;2272;0;5.1;1.2;0.0
2B;2021-02-17;295;276;0;9526;2548;0;5.2;1.4;0.0
2B;2021-02-18;207;330;0;9733;2878;0;5.3;1.6;0.0
2B;2021-02-19;163;285;0;9896;3163;0;5.4;1.7;0.0
2B;2021-02-20;35;66;0;9931;3229;0;5.4;1.8;0.0
2B;2021-02-21;24;28;0;9955;3257;0;5.5;1.8;0.0
2B;2021-02-22;134;172;0;10089;3429;0;5.5;1.9;0.0
2B;2021-02-23;228;333;0;10317;3762;0;5.7;2.1;0.0
2B;2021-02-24;218;279;0;10535;4041;0;5.8;2.2;0.0
2B;2021-02-25;239;321;0;10774;4362;0;5.9;2.4;0.0
2B;2021-02-26;302;274;0;11076;4636;0;6.1;2.5;0.0
2B;2021-02-27;65;87;0;11141;4723;0;6.1;2.6;0.0
2B;2021-02-28;5;62;0;11146;4785;0;6.1;2.6;0.0
2B;2021-03-01;239;254;0;11385;5039;0;6.2;2.8;0.0
2B;2021-03-02;332;361;0;11717;5400;0;6.4;3.0;0.0
2B;2021-03-03;299;413;0;12016;5813;0;6.6;3.2;0.0
2B;2021-03-04;412;384;0;12428;6197;0;6.8;3.4;0.0
2B;2021-03-05;592;359;0;13020;6556;0;7.1;3.6;0.0
2B;2021-03-06;679;97;0;13699;6653;0;7.5;3.7;0.0
2B;2021-03-07;361;60;0;14060;6713;0;7.7;3.7;0.0
2B;2021-03-08;300;236;0;14360;6949;0;7.9;3.8;0.0
2B;2021-03-09;384;463;0;14744;7412;0;8.1;4.1;0.0
2B;2021-03-10;602;408;0;15346;7820;0;8.4;4.3;0.0
2B;2021-03-11;593;335;0;15939;8155;0;8.7;4.5;0.0
2B;2021-03-12;914;225;0;16853;8380;0;9.2;4.6;0.0
2B;2021-03-13;493;105;0;17346;8485;0;9.5;4.7;0.0
2B;2021-03-14;222;67;0;17568;8552;0;9.6;4.7;0.0
2B;2021-03-15;479;201;0;18047;8753;0;9.9;4.8;0.0
2B;2021-03-16;537;270;0;18584;9023;0;10.2;5.0;0.0
2B;2021-03-17;514;246;0;19098;9269;0;10.5;5.1;0.0
2B;2021-03-18;522;219;0;19620;9488;0;10.8;5.2;0.0
2B;2021-03-19;738;197;0;20358;9685;0;11.2;5.3;0.0
2B;2021-03-20;643;37;0;21001;9722;0;11.5;5.3;0.0
2B;2021-03-21;418;34;0;21419;9756;0;11.8;5.4;0.0
2B;2021-03-22;513;129;0;21932;9885;0;12.0;5.4;0.0
2B;2021-03-23;757;247;0;22689;10132;0;12.4;5.6;0.0
2B;2021-03-24;811;214;0;23500;10346;0;12.9;5.7;0.0
2B;2021-03-25;774;154;0;24274;10500;0;13.3;5.8;0.0
2B;2021-03-26;918;179;0;25192;10679;0;13.8;5.9;0.0
2B;2021-03-27;1040;38;0;26232;10717;0;14.4;5.9;0.0
2B;2021-03-28;800;126;0;27032;10843;0;14.8;5.9;0.0
2B;2021-03-29;705;184;0;27737;11027;0;15.2;6.1;0.0
2B;2021-03-30;896;304;0;28633;11331;0;15.7;6.2;0.0
2B;2021-03-31;919;256;0;29552;11587;0;16.2;6.4;0.0
2B;2021-04-01;971;214;0;30523;11801;0;16.7;6.5;0.0
2B;2021-04-02;932;391;0;31455;12192;0;17.3;6.7;0.0
2B;2021-04-03;1190;171;0;32645;12363;0;17.9;6.8;0.0
2B;2021-04-04;190;88;0;32835;12451;0;18.0;6.8;0.0
2B;2021-04-05;123;113;0;32958;12564;0;18.1;6.9;0.0
2B;2021-04-06;932;361;0;33890;12925;0;18.6;7.1;0.0
2B;2021-04-07;1152;418;0;35042;13343;0;19.2;7.3;0.0
2B;2021-04-08;1057;399;0;36099;13742;0;19.8;7.5;0.0
2B;2021-04-09;1112;542;0;37211;14284;0;20.4;7.8;0.0
2B;2021-04-10;1266;251;0;38477;14535;0;21.1;8.0;0.0
2B;2021-04-11;773;78;0;39250;14613;0;21.5;8.0;0.0
2B;2021-04-12;803;516;0;40053;15129;0;22.0;8.3;0.0
2B;2021-04-13;995;602;0;41048;15731;0;22.5;8.6;0.0
2B;2021-04-14;979;466;0;42027;16197;0;23.1;8.9;0.0
2B;2021-04-15;857;505;0;42884;16702;0;23.5;9.2;0.0
2B;2021-04-16;855;598;0;43739;17300;0;24.0;9.5;0.0
2B;2021-04-17;367;433;0;44106;17733;0;24.2;9.7;0.0
2B;2021-04-18;241;332;0;44347;18065;0;24.3;9.9;0.0
2B;2021-04-19;768;424;0;45115;18489;0;24.8;10.1;0.0
2B;2021-04-20;846;793;0;45961;19282;0;25.2;10.6;0.0
2B;2021-04-21;964;585;0;46925;19867;0;25.7;10.9;0.0
2B;2021-04-22;870;701;0;47795;20568;0;26.2;11.3;0.0
2B;2021-04-23;590;599;0;48385;21167;0;26.5;11.6;0.0
2B;2021-04-24;281;743;0;48666;21910;0;26.7;12.0;0.0
2B;2021-04-25;261;457;0;48927;22367;0;26.8;12.3;0.0
2B;2021-04-26;638;864;0;49565;23231;0;27.2;12.7;0.0
2B;2021-04-27;922;830;0;50487;24061;0;27.7;13.2;0.0
2B;2021-04-28;855;809;0;51342;24870;0;28.2;13.6;0.0
2B;2021-04-29;895;831;0;52237;25701;0;28.7;14.1;0.0
2B;2021-04-30;1072;789;0;53309;26490;0;29.2;14.5;0.0
2B;2021-05-01;427;1070;0;53736;27560;0;29.5;15.1;0.0
2B;2021-05-02;300;231;0;54036;27791;0;29.6;15.2;0.0
2B;2021-05-03;911;462;0;54947;28253;0;30.1;15.5;0.0
2B;2021-05-04;736;1063;0;55683;29316;0;30.6;16.1;0.0
2B;2021-05-05;770;1285;0;56453;30601;0;31.0;16.8;0.0
2B;2021-05-06;1165;847;0;57618;31448;0;31.6;17.3;0.0
2B;2021-05-07;965;940;0;58583;32388;0;32.1;17.8;0.0
2B;2021-05-08;387;811;0;58970;33199;0;32.4;18.2;0.0
2B;2021-05-09;369;647;0;59339;33846;0;32.6;18.6;0.0
2B;2021-05-10;823;777;0;60162;34623;0;33.0;19.0;0.0
2B;2021-05-11;793;1064;0;60955;35687;0;33.4;19.6;0.0
2B;2021-05-12;759;843;0;61714;36530;0;33.9;20.0;0.0
2B;2021-05-13;857;349;0;62571;36879;0;34.3;20.2;0.0
2B;2021-05-14;588;522;0;63159;37401;0;34.7;20.5;0.0
2B;2021-05-15;571;325;0;63730;37726;0;35.0;20.7;0.0
2B;2021-05-16;220;169;0;63950;37895;0;35.1;20.8;0.0
2B;2021-05-17;883;374;0;64833;38269;0;35.6;21.0;0.0
2B;2021-05-18;848;348;0;65681;38617;0;36.0;21.2;0.0
2B;2021-05-19;660;375;0;66341;38992;0;36.4;21.4;0.0
2B;2021-05-20;602;343;0;66943;39335;0;36.7;21.6;0.0
2B;2021-05-21;587;472;0;67530;39807;0;37.1;21.8;0.0
2B;2021-05-22;472;353;0;68002;40160;0;37.3;22.0;0.0
2B;2021-05-23;130;41;0;68132;40201;0;37.4;22.1;0.0
2B;2021-05-24;57;109;0;68189;40310;0;37.4;22.1;0.0
2B;2021-05-25;459;323;0;68648;40633;0;37.7;22.3;0.0
2B;2021-05-26;471;720;0;69119;41353;0;37.9;22.7;0.0
2B;2021-05-27;379;1074;0;69498;42427;0;38.1;23.3;0.0
2B;2021-05-28;430;830;0;69928;43257;0;38.4;23.7;0.0
2B;2021-05-29;250;319;0;70178;43576;0;38.5;23.9;0.0
2B;2021-05-30;35;48;0;70213;43624;0;38.5;23.9;0.0
2B;2021-05-31;338;765;0;70551;44389;0;38.7;24.4;0.0
2B;2021-06-01;365;951;0;70916;45340;0;38.9;24.9;0.0
2B;2021-06-02;320;929;0;71236;46269;0;39.1;25.4;0.0
2B;2021-06-03;452;733;0;71688;47002;0;39.3;25.8;0.0
2B;2021-06-04;314;1135;0;72002;48137;0;39.5;26.4;0.0
2B;2021-06-05;239;450;0;72241;48587;0;39.6;26.7;0.0
2B;2021-06-06;38;131;0;72279;48718;0;39.7;26.7;0.0
2B;2021-06-07;271;885;0;72550;49603;0;39.8;27.2;0.0
2B;2021-06-08;341;1092;0;72891;50695;0;40.0;27.8;0.0
2B;2021-06-09;453;1089;0;73344;51784;0;40.2;28.4;0.0
2B;2021-06-10;336;882;0;73680;52666;0;40.4;28.9;0.0
2B;2021-06-11;386;1156;0;74066;53822;0;40.6;29.5;0.0
2B;2021-06-12;140;500;0;74206;54322;0;40.7;29.8;0.0
2B;2021-06-13;29;71;0;74235;54393;0;40.7;29.8;0.0
2B;2021-06-14;175;1001;0;74410;55394;0;40.8;30.4;0.0
2B;2021-06-15;328;1116;0;74738;56510;0;41.0;31.0;0.0
2B;2021-06-16;347;854;0;75085;57364;0;41.2;31.5;0.0
2B;2021-06-17;349;919;0;75434;58283;0;41.4;32.0;0.0
2B;2021-06-18;298;844;0;75732;59127;0;41.6;32.4;0.0
2B;2021-06-19;137;311;0;75869;59438;0;41.6;32.6;0.0
2B;2021-06-20;45;194;0;75914;59632;0;41.7;32.7;0.0
2B;2021-06-21;246;878;0;76160;60510;0;41.8;33.2;0.0
2B;2021-06-22;276;1017;0;76436;61527;0;41.9;33.8;0.0
2B;2021-06-23;210;793;0;76646;62320;0;42.1;34.2;0.0
2B;2021-06-24;282;682;0;76928;63002;0;42.2;34.6;0.0
2B;2021-06-25;194;923;0;77122;63925;0;42.3;35.1;0.0
2B;2021-06-26;96;477;0;77218;64402;0;42.4;35.3;0.0
2B;2021-06-27;26;195;0;77244;64597;0;42.4;35.4;0.0
2B;2021-06-28;292;857;0;77536;65454;0;42.5;35.9;0.0
2B;2021-06-29;242;860;0;77778;66314;0;42.7;36.4;0.0
2B;2021-06-30;322;825;0;78100;67139;0;42.9;36.8;0.0
2B;2021-07-01;218;442;0;78318;67581;0;43.0;37.1;0.0
2B;2021-07-02;191;474;0;78509;68055;0;43.1;37.3;0.0
2B;2021-07-03;87;362;0;78596;68417;0;43.1;37.5;0.0
2B;2021-07-04;6;11;0;78602;68428;0;43.1;37.5;0.0
2B;2021-07-05;240;590;0;78842;69018;0;43.3;37.9;0.0
2B;2021-07-06;404;606;0;79246;69624;0;43.5;38.2;0.0
2B;2021-07-07;355;764;0;79601;70388;0;43.7;38.6;0.0
2B;2021-07-08;172;289;0;79773;70677;0;43.8;38.8;0.0
2B;2021-07-09;216;329;0;79989;71006;0;43.9;39.0;0.0
2B;2021-07-10;161;153;0;80150;71159;0;44.0;39.0;0.0
2B;2021-07-11;19;26;0;80169;71185;0;44.0;39.1;0.0
2B;2021-07-12;428;640;0;80597;71825;0;44.2;39.4;0.0
2B;2021-07-13;732;856;0;81329;72681;0;44.6;39.9;0.0
2B;2021-07-14;293;75;0;81622;72756;0;44.8;39.9;0.0
2B;2021-07-15;1131;509;0;82753;73265;0;45.4;40.2;0.0
2B;2021-07-16;1003;482;0;83756;73747;0;46.0;40.5;0.0
2B;2021-07-17;646;285;0;84402;74032;0;46.3;40.6;0.0
2B;2021-07-18;152;40;0;84554;74072;0;46.4;40.6;0.0
2B;2021-07-19;780;603;0;85334;74675;0;46.8;41.0;0.0
2B;2021-07-20;1049;529;0;86383;75204;0;47.4;41.3;0.0
2B;2021-07-21;1184;602;0;87567;75806;0;48.0;41.6;0.0
2B;2021-07-22;1107;461;0;88674;76267;0;48.7;41.8;0.0
2B;2021-07-23;1112;387;0;89786;76654;0;49.3;42.1;0.0
2B;2021-07-24;457;254;0;90243;76908;0;49.5;42.2;0.0
2B;2021-07-25;167;40;0;90410;76948;0;49.6;42.2;0.0
2B;2021-07-26;795;507;0;91205;77455;0;50.0;42.5;0.0
2B;2021-07-27;1318;555;0;92523;78010;0;50.8;42.8;0.0
2B;2021-07-28;998;487;0;93521;78497;0;51.3;43.1;0.0
2B;2021-07-29;930;356;0;94451;78853;0;51.8;43.3;0.0
2B;2021-07-30;661;295;0;95112;79148;0;52.2;43.4;0.0
2B;2021-07-31;502;187;0;95614;79335;0;52.5;43.5;0.0
2B;2021-08-01;206;31;0;95820;79366;0;52.6;43.5;0.0
2B;2021-08-02;666;388;0;96486;79754;0;52.9;43.8;0.0
2B;2021-08-03;940;571;0;97426;80325;0;53.5;44.1;0.0
2B;2021-08-04;691;372;0;98117;80697;0;53.8;44.3;0.0
2B;2021-08-05;881;433;0;98998;81130;0;54.3;44.5;0.0
2B;2021-08-06;597;429;0;99595;81559;0;54.6;44.7;0.0
2B;2021-08-07;276;304;0;99871;81863;0;54.8;44.9;0.0
2B;2021-08-08;82;70;0;99953;81933;0;54.8;45.0;0.0
2B;2021-08-09;462;632;0;100415;82565;0;55.1;45.3;0.0
2B;2021-08-10;610;945;0;101025;83510;0;55.4;45.8;0.0
2B;2021-08-11;633;717;0;101658;84227;0;55.8;46.2;0.0
2B;2021-08-12;627;885;0;102285;85112;0;56.1;46.7;0.0
2B;2021-08-13;396;770;0;102681;85882;0;56.3;47.1;0.0
2B;2021-08-14;175;348;0;102856;86230;0;56.4;47.3;0.0
2B;2021-08-15;96;107;0;102952;86337;0;56.5;47.4;0.0
2B;2021-08-16;462;925;0;103414;87262;0;56.7;47.9;0.0
2B;2021-08-17;527;1099;0;103941;88361;0;57.0;48.5;0.0
2B;2021-08-18;442;992;0;104383;89353;0;57.3;49.0;0.0
2B;2021-08-19;374;739;0;104757;90092;0;57.5;49.4;0.0
2B;2021-08-20;292;710;0;105049;90802;0;57.6;49.8;0.0
2B;2021-08-21;135;429;0;105184;91231;0;57.7;50.1;0.0
2B;2021-08-22;71;174;0;105255;91405;0;57.8;50.2;0.0
2B;2021-08-23;336;829;0;105591;92234;0;57.9;50.6;0.0
2B;2021-08-24;419;991;0;106010;93225;0;58.2;51.2;0.0
2B;2021-08-25;300;866;0;106310;94091;0;58.3;51.6;0.0
2B;2021-08-26;374;707;0;106684;94798;0;58.5;52.0;0.0
2B;2021-08-27;234;508;0;106918;95306;0;58.7;52.3;0.0
2B;2021-08-28;148;373;0;107066;95679;0;58.7;52.5;0.0
2B;2021-08-29;51;106;0;107117;95785;0;58.8;52.6;0.0
2B;2021-08-30;330;740;18;107447;96525;18;59.0;53.0;0.0
2B;2021-08-31;340;777;47;107787;97302;65;59.1;53.4;0.0
2B;2021-09-01;381;832;62;108168;98134;127;59.3;53.8;0.1
2B;2021-09-02;291;575;73;108459;98709;200;59.5;54.2;0.1
2B;2021-09-03;217;384;69;108676;99093;269;59.6;54.4;0.1
2B;2021-09-04;123;288;41;108799;99381;310;59.7;54.5;0.2
2B;2021-09-05;14;96;25;108813;99477;335;59.7;54.6;0.2
2B;2021-09-06;173;532;84;108986;100009;419;59.8;54.9;0.2
2B;2021-09-07;231;685;200;109217;100694;619;59.9;55.2;0.3
2B;2021-09-08;193;580;110;109410;101274;729;60.0;55.6;0.4
2B;2021-09-09;174;351;112;109584;101625;841;60.1;55.8;0.5
2B;2021-09-10;198;334;110;109782;101959;951;60.2;55.9;0.5
2B;2021-09-11;129;233;55;109911;102192;1006;60.3;56.1;0.6
2B;2021-09-12;15;86;24;109926;102278;1030;60.3;56.1;0.6
2B;2021-09-13;177;438;61;110103;102716;1091;60.4;56.4;0.6
2B;2021-09-14;267;579;274;110370;103295;1365;60.6;56.7;0.7
2B;2021-09-15;158;551;107;110528;103846;1472;60.6;57.0;0.8
2B;2021-09-16;206;288;327;110734;104134;1799;60.8;57.1;1.0
2B;2021-09-17;122;188;134;110856;104322;1933;60.8;57.2;1.1
2B;2021-09-18;58;165;81;110914;104487;2014;60.9;57.3;1.1
2B;2021-09-19;14;21;23;110928;104508;2037;60.9;57.3;1.1
2B;2021-09-20;104;376;122;111032;104884;2159;60.9;57.5;1.2
2B;2021-09-21;103;368;192;111135;105252;2351;61.0;57.7;1.3
2B;2021-09-22;121;403;184;111256;105655;2535;61.0;58.0;1.4
2B;2021-09-23;99;214;207;111355;105869;2742;61.1;58.1;1.5
2B;2021-09-24;92;198;164;111447;106067;2906;61.1;58.2;1.6
2B;2021-09-25;42;127;67;111489;106194;2973;61.2;58.3;1.6
2B;2021-09-26;3;28;28;111492;106222;3001;61.2;58.3;1.6
2B;2021-09-27;66;225;97;111558;106447;3098;61.2;58.4;1.7
2B;2021-09-28;84;189;106;111642;106636;3204;61.3;58.5;1.8
2B;2021-09-29;120;322;133;111762;106958;3337;61.3;58.7;1.8
2B;2021-09-30;71;119;123;111833;107077;3460;61.4;58.8;1.9
2B;2021-10-01;143;162;114;111976;107239;3574;61.4;58.8;2.0
2B;2021-10-02;56;109;117;112032;107348;3691;61.5;58.9;2.0
2B;2021-10-03;8;15;7;112040;107363;3698;61.5;58.9;2.0
2B;2021-10-04;99;149;115;112139;107512;3813;61.5;59.0;2.1
2B;2021-10-05;89;216;218;112228;107728;4031;61.6;59.1;2.2
2B;2021-10-06;126;261;220;112354;107989;4251;61.6;59.3;2.3
2B;2021-10-07;48;121;256;112402;108110;4507;61.7;59.3;2.5
2B;2021-10-08;85;172;146;112487;108282;4653;61.7;59.4;2.6
2B;2021-10-09;79;116;203;112566;108398;4856;61.8;59.5;2.7
2B;2021-10-10;12;23;7;112578;108421;4863;61.8;59.5;2.7
2B;2021-10-11;61;137;163;112639;108558;5026;61.8;59.6;2.8
2B;2021-10-12;82;161;262;112721;108719;5288;61.8;59.7;2.9
2B;2021-10-13;123;235;284;112844;108954;5572;61.9;59.8;3.1
2B;2021-10-14;97;171;336;112941;109125;5908;62.0;59.9;3.2
2B;2021-10-15;83;125;215;113024;109250;6123;62.0;59.9;3.4
2B;2021-10-16;71;100;183;113095;109350;6306;62.1;60.0;3.5
2B;2021-10-17;15;2;14;113110;109352;6320;62.1;60.0;3.5
2B;2021-10-18;72;95;208;113182;109447;6528;62.1;60.1;3.6
2B;2021-10-19;66;85;268;113248;109532;6796;62.1;60.1;3.7
2B;2021-10-20;83;163;429;113331;109695;7225;62.2;60.2;4.0
2B;2021-10-21;77;113;381;113408;109808;7606;62.2;60.2;4.2
2B;2021-10-22;84;114;269;113492;109922;7875;62.3;60.3;4.3
2B;2021-10-23;53;63;172;113545;109985;8047;62.3;60.3;4.4
2B;2021-10-24;0;14;15;113545;109999;8062;62.3;60.4;4.4
2B;2021-10-25;72;107;253;113617;110106;8315;62.3;60.4;4.6
2B;2021-10-26;37;111;347;113654;110217;8662;62.4;60.5;4.8
2B;2021-10-27;62;126;478;113716;110343;9140;62.4;60.5;5.0
2B;2021-10-28;50;69;259;113766;110412;9399;62.4;60.6;5.2
2B;2021-10-29;56;94;464;113822;110506;9863;62.5;60.6;5.4
2B;2021-10-30;43;78;264;113865;110584;10127;62.5;60.7;5.6
2B;2021-10-31;4;12;23;113869;110596;10150;62.5;60.7;5.6
2B;2021-11-01;12;5;7;113881;110601;10157;62.5;60.7;5.6
2B;2021-11-02;76;109;367;113957;110710;10524;62.5;60.7;5.8
2B;2021-11-03;59;105;510;114016;110815;11034;62.6;60.8;6.1
2B;2021-11-04;57;88;454;114073;110903;11488;62.6;60.8;6.3
2B;2021-11-05;63;84;359;114136;110987;11847;62.6;60.9;6.5
2B;2021-11-06;57;55;302;114193;111042;12149;62.7;60.9;6.7
2B;2021-11-07;4;15;13;114197;111057;12162;62.7;60.9;6.7
2B;2021-11-08;39;78;374;114236;111135;12536;62.7;61.0;6.9
2B;2021-11-09;67;92;517;114303;111227;13053;62.7;61.0;7.2
2B;2021-11-10;70;132;661;114373;111359;13714;62.8;61.1;7.5
2B;2021-11-11;12;10;33;114385;111369;13747;62.8;61.1;7.5
2B;2021-11-12;70;94;724;114455;111463;14471;62.8;61.2;7.9
2B;2021-11-13;22;74;397;114477;111537;14868;62.8;61.2;8.2
2B;2021-11-14;14;10;110;114491;111547;14978;62.8;61.2;8.2
2B;2021-11-15;69;71;524;114560;111618;15502;62.9;61.2;8.5
2B;2021-11-16;55;77;683;114615;111695;16185;62.9;61.3;8.9
2B;2021-11-17;80;95;749;114695;111790;16934;62.9;61.3;9.3
2B;2021-11-18;70;68;890;114765;111858;17824;63.0;61.4;9.8
2B;2021-11-19;96;76;692;114861;111934;18516;63.0;61.4;10.2
2B;2021-11-20;38;59;456;114899;111993;18972;63.0;61.4;10.4
2B;2021-11-21;16;17;171;114915;112010;19143;63.1;61.5;10.5
2B;2021-11-22;91;52;669;115006;112062;19812;63.1;61.5;10.9
2B;2021-11-23;82;65;1010;115088;112127;20822;63.1;61.5;11.4
2B;2021-11-24;91;81;947;115179;112208;21769;63.2;61.6;11.9
2B;2021-11-25;76;69;990;115255;112277;22759;63.2;61.6;12.5
2B;2021-11-26;83;94;1319;115338;112371;24078;63.3;61.7;13.2
2B;2021-11-27;91;72;1088;115429;112443;25166;63.3;61.7;13.8
2B;2021-11-28;15;12;199;115444;112455;25365;63.3;61.7;13.9
2B;2021-11-29;69;51;1377;115513;112506;26742;63.4;61.7;14.7
2B;2021-11-30;114;87;1784;115627;112593;28526;63.4;61.8;15.7
2B;2021-12-01;96;103;1796;115723;112696;30322;63.5;61.8;16.6
2B;2021-12-02;109;54;2233;115832;112750;32555;63.6;61.9;17.9
2B;2021-12-03;110;79;2132;115942;112829;34687;63.6;61.9;19.0
2B;2021-12-04;78;67;1258;116020;112896;35945;63.7;61.9;19.7
2B;2021-12-05;9;22;245;116029;112918;36190;63.7;62.0;19.9
2B;2021-12-06;72;86;1282;116101;113004;37472;63.7;62.0;20.6
2B;2021-12-07;77;78;1760;116178;113082;39232;63.7;62.0;21.5
2B;2021-12-08;85;137;1809;116263;113219;41041;63.8;62.1;22.5
2B;2021-12-09;82;83;1667;116345;113302;42708;63.8;62.2;23.4
2B;2021-12-10;121;106;1817;116466;113408;44525;63.9;62.2;24.4
2B;2021-12-11;70;59;1169;116536;113467;45694;63.9;62.3;25.1
2B;2021-12-12;16;22;343;116552;113489;46037;63.9;62.3;25.3
2B;2021-12-13;82;116;1304;116634;113605;47341;64.0;62.3;26.0
2B;2021-12-14;91;118;1717;116725;113723;49058;64.0;62.4;26.9
2B;2021-12-15;124;144;1731;116849;113867;50789;64.1;62.5;27.9
2B;2021-12-16;102;106;1570;116951;113973;52359;64.2;62.5;28.7
2B;2021-12-17;111;133;1574;117062;114106;53933;64.2;62.6;29.6
2B;2021-12-18;100;77;932;117162;114183;54865;64.3;62.6;30.1
2B;2021-12-19;34;27;248;117196;114210;55113;64.3;62.7;30.2
2B;2021-12-20;124;109;1145;117320;114319;56258;64.4;62.7;30.9
2B;2021-12-21;146;145;1204;117466;114464;57462;64.5;62.8;31.5
2B;2021-12-22;140;170;1001;117606;114634;58463;64.5;62.9;32.1
2B;2021-12-23;86;73;630;117692;114707;59093;64.6;62.9;32.4
2B;2021-12-24;22;31;156;117714;114738;59249;64.6;63.0;32.5
2B;2021-12-25;3;5;6;117717;114743;59255;64.6;63.0;32.5
2B;2021-12-26;27;21;161;117744;114764;59416;64.6;63.0;32.6
2B;2021-12-27;92;134;832;117836;114898;60248;64.7;63.0;33.1
2B;2021-12-28;151;125;1179;117987;115023;61427;64.7;63.1;33.7
30;2020-12-27;0;0;0;0;0;0;0.0;0.0;0.0
30;2020-12-28;0;0;0;0;0;0;0.0;0.0;0.0
30;2020-12-29;0;0;0;0;0;0;0.0;0.0;0.0
30;2020-12-30;1;0;0;1;0;0;0.0;0.0;0.0
30;2020-12-31;0;0;0;1;0;0;0.0;0.0;0.0
30;2021-01-01;1;0;0;2;0;0;0.0;0.0;0.0
30;2021-01-02;1;0;0;3;0;0;0.0;0.0;0.0
30;2021-01-03;0;0;0;3;0;0;0.0;0.0;0.0
30;2021-01-04;2;0;0;5;0;0;0.0;0.0;0.0
30;2021-01-05;6;0;0;11;0;0;0.0;0.0;0.0
30;2021-01-06;122;1;0;133;1;0;0.0;0.0;0.0
30;2021-01-07;307;0;0;440;1;0;0.1;0.0;0.0
30;2021-01-08;476;1;0;916;2;0;0.1;0.0;0.0
30;2021-01-09;259;0;0;1175;2;0;0.2;0.0;0.0
30;2021-01-10;4;0;0;1179;2;0;0.2;0.0;0.0
30;2021-01-11;512;1;0;1691;3;0;0.2;0.0;0.0
30;2021-01-12;788;3;0;2479;6;0;0.3;0.0;0.0
30;2021-01-13;633;1;0;3112;7;0;0.4;0.0;0.0
30;2021-01-14;714;5;0;3826;12;0;0.5;0.0;0.0
30;2021-01-15;772;4;0;4598;16;0;0.6;0.0;0.0
30;2021-01-16;305;1;0;4903;17;0;0.7;0.0;0.0
30;2021-01-17;2;0;0;4905;17;0;0.7;0.0;0.0
30;2021-01-18;918;7;0;5823;24;0;0.8;0.0;0.0
30;2021-01-19;1735;8;0;7558;32;0;1.0;0.0;0.0
30;2021-01-20;1353;4;0;8911;36;0;1.2;0.0;0.0
30;2021-01-21;1303;5;0;10214;41;0;1.4;0.0;0.0
30;2021-01-22;1116;5;0;11330;46;0;1.5;0.0;0.0
30;2021-01-23;646;1;0;11976;47;0;1.6;0.0;0.0
30;2021-01-24;3;0;0;11979;47;0;1.6;0.0;0.0
30;2021-01-25;841;4;0;12820;51;0;1.7;0.0;0.0
30;2021-01-26;1091;17;0;13911;68;0;1.9;0.0;0.0
30;2021-01-27;1006;97;0;14917;165;0;2.0;0.0;0.0
30;2021-01-28;839;251;0;15756;416;0;2.1;0.1;0.0
30;2021-01-29;778;373;0;16534;789;0;2.2;0.1;0.0
30;2021-01-30;485;266;0;17019;1055;0;2.3;0.1;0.0
30;2021-01-31;3;7;0;17022;1062;0;2.3;0.1;0.0
30;2021-02-01;815;412;0;17837;1474;0;2.4;0.2;0.0
30;2021-02-02;1809;631;0;19646;2105;0;2.6;0.3;0.0
30;2021-02-03;1263;464;0;20909;2569;0;2.8;0.3;0.0
30;2021-02-04;1067;664;0;21976;3233;0;2.9;0.4;0.0
30;2021-02-05;709;732;0;22685;3965;0;3.0;0.5;0.0
30;2021-02-06;319;236;0;23004;4201;0;3.1;0.6;0.0
30;2021-02-07;5;10;0;23009;4211;0;3.1;0.6;0.0
30;2021-02-08;606;718;0;23615;4929;0;3.2;0.7;0.0
30;2021-02-09;983;1036;0;24598;5965;0;3.3;0.8;0.0
30;2021-02-10;995;1067;0;25593;7032;0;3.4;0.9;0.0
30;2021-02-11;995;1013;0;26588;8045;0;3.6;1.1;0.0
30;2021-02-12;725;932;0;27313;8977;0;3.6;1.2;0.0
30;2021-02-13;425;401;0;27738;9378;0;3.7;1.3;0.0
30;2021-02-14;3;22;0;27741;9400;0;3.7;1.3;0.0
30;2021-02-15;461;656;0;28202;10056;0;3.8;1.3;0.0
30;2021-02-16;457;931;0;28659;10987;0;3.8;1.5;0.0
30;2021-02-17;696;642;0;29355;11629;0;3.9;1.6;0.0
30;2021-02-18;807;656;0;30162;12285;0;4.0;1.6;0.0
30;2021-02-19;625;768;0;30787;13053;0;4.1;1.7;0.0
30;2021-02-20;230;235;0;31017;13288;0;4.1;1.8;0.0
30;2021-02-21;4;6;0;31021;13294;0;4.1;1.8;0.0
30;2021-02-22;508;786;0;31529;14080;0;4.2;1.9;0.0
30;2021-02-23;961;1482;0;32490;15562;0;4.3;2.1;0.0
30;2021-02-24;901;1171;0;33391;16733;0;4.5;2.2;0.0
30;2021-02-25;1198;983;0;34589;17716;0;4.6;2.4;0.0
30;2021-02-26;1326;697;0;35915;18413;0;4.8;2.5;0.0
30;2021-02-27;529;511;0;36444;18924;0;4.9;2.5;0.0
30;2021-02-28;7;9;0;36451;18933;0;4.9;2.5;0.0
30;2021-03-01;1204;861;0;37655;19794;0;5.0;2.6;0.0
30;2021-03-02;1553;949;0;39208;20743;0;5.2;2.8;0.0
30;2021-03-03;2041;858;0;41249;21601;0;5.5;2.9;0.0
30;2021-03-04;2403;953;0;43652;22554;0;5.8;3.0;0.0
30;2021-03-05;2528;704;0;46180;23258;0;6.2;3.1;0.0
30;2021-03-06;2694;367;0;48874;23625;0;6.5;3.2;0.0
30;2021-03-07;1698;45;0;50572;23670;0;6.8;3.2;0.0
30;2021-03-08;1474;795;0;52046;24465;0;7.0;3.3;0.0
30;2021-03-09;2162;930;0;54208;25395;0;7.2;3.4;0.0
30;2021-03-10;2319;720;0;56527;26115;0;7.6;3.5;0.0
30;2021-03-11;2922;747;0;59449;26862;0;7.9;3.6;0.0
30;2021-03-12;3028;482;0;62477;27344;0;8.3;3.7;0.0
30;2021-03-13;2138;299;0;64615;27643;0;8.6;3.7;0.0
30;2021-03-14;102;7;0;64717;27650;0;8.6;3.7;0.0
30;2021-03-15;1548;593;0;66265;28243;0;8.9;3.8;0.0
30;2021-03-16;1287;1053;0;67552;29296;0;9.0;3.9;0.0
30;2021-03-17;1392;676;0;68944;29972;0;9.2;4.0;0.0
30;2021-03-18;1626;712;0;70570;30684;0;9.4;4.1;0.0
30;2021-03-19;2248;550;0;72818;31234;0;9.7;4.2;0.0
30;2021-03-20;1321;137;0;74139;31371;0;9.9;4.2;0.0
30;2021-03-21;95;6;0;74234;31377;0;9.9;4.2;0.0
30;2021-03-22;2347;710;0;76581;32087;0;10.2;4.3;0.0
30;2021-03-23;3427;806;0;80008;32893;0;10.7;4.4;0.0
30;2021-03-24;3474;805;0;83482;33698;0;11.2;4.5;0.0
30;2021-03-25;4322;817;0;87804;34515;0;11.7;4.6;0.0
30;2021-03-26;4353;634;0;92157;35149;0;12.3;4.7;0.0
30;2021-03-27;1869;339;0;94026;35488;0;12.6;4.7;0.0
30;2021-03-28;66;5;0;94092;35493;0;12.6;4.7;0.0
30;2021-03-29;2776;1427;0;96868;36920;0;12.9;4.9;0.0
30;2021-03-30;3848;1641;0;100716;38561;0;13.5;5.2;0.0
30;2021-03-31;3437;1438;0;104153;39999;0;13.9;5.3;0.0
30;2021-04-01;4023;1345;0;108176;41344;0;14.5;5.5;0.0
30;2021-04-02;3539;1136;0;111715;42480;0;14.9;5.7;0.0
30;2021-04-03;991;1054;0;112706;43534;0;15.1;5.8;0.0
30;2021-04-04;44;196;0;112750;43730;0;15.1;5.8;0.0
30;2021-04-05;706;266;0;113456;43996;0;15.2;5.9;0.0
30;2021-04-06;2843;1482;0;116299;45478;0;15.5;6.1;0.0
30;2021-04-07;2612;1497;0;118911;46975;0;15.9;6.3;0.0
30;2021-04-08;3829;1451;0;122740;48426;0;16.4;6.5;0.0
30;2021-04-09;4729;1445;0;127469;49871;0;17.0;6.7;0.0
30;2021-04-10;2253;1047;0;129722;50918;0;17.3;6.8;0.0
30;2021-04-11;799;61;0;130521;50979;0;17.4;6.8;0.0
30;2021-04-12;2973;1430;0;133494;52409;0;17.8;7.0;0.0
30;2021-04-13;3816;1828;0;137310;54237;0;18.3;7.2;0.0
30;2021-04-14;3368;1518;0;140678;55755;0;18.8;7.4;0.0
30;2021-04-15;3766;1522;0;144444;57277;0;19.3;7.7;0.0
30;2021-04-16;3618;1540;0;148062;58817;0;19.8;7.9;0.0
30;2021-04-17;1477;870;0;149539;59687;0;20.0;8.0;0.0
30;2021-04-18;789;90;0;150328;59777;0;20.1;8.0;0.0
30;2021-04-19;2423;2245;0;152751;62022;0;20.4;8.3;0.0
30;2021-04-20;2778;2751;0;155529;64773;0;20.8;8.7;0.0
30;2021-04-21;2611;2456;0;158140;67229;0;21.1;9.0;0.0
30;2021-04-22;3564;2353;0;161704;69582;0;21.6;9.3;0.0
30;2021-04-23;3560;2339;0;165264;71921;0;22.1;9.6;0.0
30;2021-04-24;1378;1137;0;166642;73058;0;22.3;9.8;0.0
30;2021-04-25;667;107;0;167309;73165;0;22.4;9.8;0.0
30;2021-04-26;2029;2319;0;169338;75484;0;22.6;10.1;0.0
30;2021-04-27;3008;2608;0;172346;78092;0;23.0;10.4;0.0
30;2021-04-28;2978;2451;0;175324;80543;0;23.4;10.8;0.0
30;2021-04-29;3744;2359;0;179068;82902;0;23.9;11.1;0.0
30;2021-04-30;3562;2081;0;182630;84983;0;24.4;11.4;0.0
30;2021-05-01;1684;550;0;184314;85533;0;24.6;11.4;0.0
30;2021-05-02;641;242;0;184955;85775;0;24.7;11.5;0.0
30;2021-05-03;3834;2405;0;188789;88180;0;25.2;11.8;0.0
30;2021-05-04;4108;3351;0;192897;91531;0;25.8;12.2;0.0
30;2021-05-05;4117;2991;0;197014;94522;0;26.3;12.6;0.0
30;2021-05-06;4358;3221;0;201372;97743;0;26.9;13.1;0.0
30;2021-05-07;4188;3088;0;205560;100831;0;27.5;13.5;0.0
30;2021-05-08;1659;706;0;207219;101537;0;27.7;13.6;0.0
30;2021-05-09;373;522;0;207592;102059;0;27.7;13.6;0.0
30;2021-05-10;3094;2997;0;210686;105056;0;28.1;14.0;0.0
30;2021-05-11;5484;3627;0;216170;108683;0;28.9;14.5;0.0
30;2021-05-12;5320;3085;0;221490;111768;0;29.6;14.9;0.0
30;2021-05-13;3426;982;0;224916;112750;0;30.1;15.1;0.0
30;2021-05-14;5042;2304;0;229958;115054;0;30.7;15.4;0.0
30;2021-05-15;3507;1166;0;233465;116220;0;31.2;15.5;0.0
30;2021-05-16;739;323;0;234204;116543;0;31.3;15.6;0.0
30;2021-05-17;4001;2916;0;238205;119459;0;31.8;16.0;0.0
30;2021-05-18;4875;2919;0;243080;122378;0;32.5;16.4;0.0
30;2021-05-19;5080;2472;0;248160;124850;0;33.2;16.7;0.0
30;2021-05-20;5213;2543;0;253373;127393;0;33.9;17.0;0.0
30;2021-05-21;5080;2455;0;258453;129848;0;34.5;17.3;0.0
30;2021-05-22;3113;1231;0;261566;131079;0;34.9;17.5;0.0
30;2021-05-23;440;303;0;262006;131382;0;35.0;17.6;0.0
30;2021-05-24;1047;749;0;263053;132131;0;35.1;17.7;0.0
30;2021-05-25;3242;3139;0;266295;135270;0;35.6;18.1;0.0
30;2021-05-26;3373;2612;0;269668;137882;0;36.0;18.4;0.0
30;2021-05-27;4250;2733;0;273918;140615;0;36.6;18.8;0.0
30;2021-05-28;3684;3322;0;277602;143937;0;37.1;19.2;0.0
30;2021-05-29;1833;1837;0;279435;145774;0;37.3;19.5;0.0
30;2021-05-30;379;541;0;279814;146315;0;37.4;19.5;0.0
30;2021-05-31;3056;2462;0;282870;148777;0;37.8;19.9;0.0
30;2021-06-01;4112;2966;0;286982;151743;0;38.3;20.3;0.0
30;2021-06-02;3740;2713;0;290722;154456;0;38.8;20.6;0.0
30;2021-06-03;4547;3416;0;295269;157872;0;39.4;21.1;0.0
30;2021-06-04;4155;3502;0;299424;161374;0;40.0;21.6;0.0
30;2021-06-05;2041;1431;0;301465;162805;0;40.3;21.8;0.0
30;2021-06-06;769;282;0;302234;163087;0;40.4;21.8;0.0
30;2021-06-07;4714;2732;0;306948;165819;0;41.0;22.2;0.0
30;2021-06-08;4783;3504;0;311731;169323;0;41.6;22.6;0.0
30;2021-06-09;4234;3205;0;315965;172528;0;42.2;23.1;0.0
30;2021-06-10;4662;3448;0;320627;175976;0;42.8;23.5;0.0
30;2021-06-11;4630;4036;0;325257;180012;0;43.5;24.1;0.0
30;2021-06-12;2542;1746;0;327799;181758;0;43.8;24.3;0.0
30;2021-06-13;582;374;0;328381;182132;0;43.9;24.3;0.0
30;2021-06-14;2479;4793;0;330860;186925;0;44.2;25.0;0.0
30;2021-06-15;3278;5442;0;334138;192367;0;44.6;25.7;0.0
30;2021-06-16;3152;4794;0;337290;197161;0;45.1;26.3;0.0
30;2021-06-17;3849;4403;0;341139;201564;0;45.6;26.9;0.0
30;2021-06-18;3711;4833;0;344850;206397;0;46.1;27.6;0.0
30;2021-06-19;1430;2057;0;346280;208454;0;46.3;27.9;0.0
30;2021-06-20;410;554;0;346690;209008;0;46.3;27.9;0.0
30;2021-06-21;2236;5006;0;348926;214014;0;46.6;28.6;0.0
30;2021-06-22;2313;5919;0;351239;219933;0;46.9;29.4;0.0
30;2021-06-23;2490;5474;0;353729;225407;0;47.3;30.1;0.0
30;2021-06-24;2295;4923;0;356024;230330;0;47.6;30.8;0.0
30;2021-06-25;2540;5810;0;358564;236140;0;47.9;31.5;0.0
30;2021-06-26;905;2938;0;359469;239078;0;48.0;31.9;0.0
30;2021-06-27;242;628;0;359711;239706;0;48.1;32.0;0.0
30;2021-06-28;1594;6204;0;361305;245910;0;48.3;32.9;0.0
30;2021-06-29;1838;6208;0;363143;252118;0;48.5;33.7;0.0
30;2021-06-30;2008;5592;0;365151;257710;0;48.8;34.4;0.0
30;2021-07-01;3035;4916;0;368186;262626;0;49.2;35.1;0.0
30;2021-07-02;2857;4769;0;371043;267395;0;49.6;35.7;0.0
30;2021-07-03;1140;3121;0;372183;270516;0;49.7;36.1;0.0
30;2021-07-04;154;512;0;372337;271028;0;49.7;36.2;0.0
30;2021-07-05;1972;4154;0;374309;275182;0;50.0;36.8;0.0
30;2021-07-06;2537;5336;0;376846;280518;0;50.3;37.5;0.0
30;2021-07-07;2405;4411;0;379251;284929;0;50.7;38.1;0.0
30;2021-07-08;1994;3729;0;381245;288658;0;50.9;38.6;0.0
30;2021-07-09;2288;5439;0;383533;294097;0;51.2;39.3;0.0
30;2021-07-10;1350;2146;0;384883;296243;0;51.4;39.6;0.0
30;2021-07-11;101;502;0;384984;296745;0;51.4;39.6;0.0
30;2021-07-12;2274;5177;0;387258;301922;0;51.7;40.3;0.0
30;2021-07-13;3070;6141;0;390328;308063;0;52.2;41.2;0.0
30;2021-07-14;618;672;0;390946;308735;0;52.2;41.2;0.0
30;2021-07-15;3802;5653;0;394748;314388;0;52.7;42.0;0.0
30;2021-07-16;4355;5747;0;399103;320135;0;53.3;42.8;0.0
30;2021-07-17;1681;2493;0;400784;322628;0;53.5;43.1;0.0
30;2021-07-18;236;650;0;401020;323278;0;53.6;43.2;0.0
30;2021-07-19;3201;6096;0;404221;329374;0;54.0;44.0;0.0
30;2021-07-20;4280;6301;0;408501;335675;0;54.6;44.8;0.0
30;2021-07-21;3872;5341;0;412373;341016;0;55.1;45.6;0.0
30;2021-07-22;4598;5575;0;416971;346591;0;55.7;46.3;0.0
30;2021-07-23;4795;5847;0;421766;352438;0;56.4;47.1;0.0
30;2021-07-24;2135;3195;0;423901;355633;0;56.6;47.5;0.0
30;2021-07-25;331;384;0;424232;356017;0;56.7;47.6;0.0
30;2021-07-26;4144;4001;0;428376;360018;0;57.2;48.1;0.0
30;2021-07-27;4720;4517;0;433096;364535;0;57.9;48.7;0.0
30;2021-07-28;4750;3839;0;437846;368374;0;58.5;49.2;0.0
30;2021-07-29;5869;3925;0;443715;372299;0;59.3;49.7;0.0
30;2021-07-30;5330;4163;0;449045;376462;0;60.0;50.3;0.0
30;2021-07-31;2536;1826;0;451581;378288;0;60.3;50.5;0.0
30;2021-08-01;758;319;0;452339;378607;0;60.4;50.6;0.0
30;2021-08-02;3764;3740;0;456103;382347;0;60.9;51.1;0.0
30;2021-08-03;4781;3553;0;460884;385900;0;61.6;51.6;0.0
30;2021-08-04;5207;2815;0;466091;388715;0;62.3;51.9;0.0
30;2021-08-05;4533;3434;0;470624;392149;0;62.9;52.4;0.0
30;2021-08-06;4144;3645;0;474768;395794;0;63.4;52.9;0.0
30;2021-08-07;1798;1857;0;476566;397651;0;63.7;53.1;0.0
30;2021-08-08;569;296;0;477135;397947;0;63.7;53.2;0.0
30;2021-08-09;3300;3439;0;480435;401386;0;64.2;53.6;0.0
30;2021-08-10;3906;3926;0;484341;405312;0;64.7;54.2;0.0
30;2021-08-11;3302;3265;0;487643;408577;0;65.2;54.6;0.0
30;2021-08-12;3565;3741;0;491208;412318;0;65.6;55.1;0.0
30;2021-08-13;3071;3059;0;494279;415377;0;66.0;55.5;0.0
30;2021-08-14;1029;1871;0;495308;417248;0;66.2;55.7;0.0
30;2021-08-15;251;159;0;495559;417407;0;66.2;55.8;0.0
30;2021-08-16;2082;4465;0;497641;421872;0;66.5;56.4;0.0
30;2021-08-17;2566;3913;0;500207;425785;0;66.8;56.9;0.0
30;2021-08-18;2622;3664;0;502829;429449;0;67.2;57.4;0.0
30;2021-08-19;2635;4063;0;505464;433512;0;67.5;57.9;0.0
30;2021-08-20;2413;4335;0;507877;437847;0;67.9;58.5;0.0
30;2021-08-21;919;2656;0;508796;440503;0;68.0;58.9;0.0
30;2021-08-22;203;515;0;508999;441018;0;68.0;58.9;0.0
30;2021-08-23;1574;4220;0;510573;445238;0;68.2;59.5;0.0
30;2021-08-24;1866;4406;0;512439;449644;0;68.5;60.1;0.0
30;2021-08-25;1616;4362;0;514055;454006;0;68.7;60.7;0.0
30;2021-08-26;1790;4267;0;515845;458273;0;68.9;61.2;0.0
30;2021-08-27;1656;4325;0;517501;462598;0;69.1;61.8;0.0
30;2021-08-28;668;2343;0;518169;464941;0;69.2;62.1;0.0
30;2021-08-29;182;607;0;518351;465548;0;69.3;62.2;0.0
30;2021-08-30;1343;4223;58;519694;469771;58;69.4;62.8;0.0
30;2021-08-31;1330;4120;121;521024;473891;179;69.6;63.3;0.0
30;2021-09-01;1347;3481;178;522371;477372;357;69.8;63.8;0.0
30;2021-09-02;1340;3242;277;523711;480614;634;70.0;64.2;0.1
30;2021-09-03;1467;3546;423;525178;484160;1057;70.2;64.7;0.1
30;2021-09-04;657;1803;154;525835;485963;1211;70.3;64.9;0.2
30;2021-09-05;131;468;41;525966;486431;1252;70.3;65.0;0.2
30;2021-09-06;831;2291;457;526797;488722;1709;70.4;65.3;0.2
30;2021-09-07;814;2164;533;527611;490886;2242;70.5;65.6;0.3
30;2021-09-08;940;2550;318;528551;493436;2560;70.6;65.9;0.3
30;2021-09-09;920;2131;370;529471;495567;2930;70.7;66.2;0.4
30;2021-09-10;988;2535;475;530459;498102;3405;70.9;66.5;0.5
30;2021-09-11;538;1499;136;530997;499601;3541;70.9;66.7;0.5
30;2021-09-12;94;240;35;531091;499841;3576;71.0;66.8;0.5
30;2021-09-13;782;1570;460;531873;501411;4036;71.1;67.0;0.5
30;2021-09-14;685;1513;605;532558;502924;4641;71.2;67.2;0.6
30;2021-09-15;825;1865;494;533383;504789;5135;71.3;67.4;0.7
30;2021-09-16;763;1433;750;534146;506222;5885;71.4;67.6;0.8
30;2021-09-17;810;1862;766;534956;508084;6651;71.5;67.9;0.9
30;2021-09-18;412;1010;155;535368;509094;6806;71.5;68.0;0.9
30;2021-09-19;66;156;27;535434;509250;6833;71.5;68.0;0.9
30;2021-09-20;435;1172;588;535869;510422;7421;71.6;68.2;1.0
30;2021-09-21;452;1161;921;536321;511583;8342;71.7;68.4;1.1
30;2021-09-22;504;1413;537;536825;512996;8879;71.7;68.5;1.2
30;2021-09-23;644;1130;806;537469;514126;9685;71.8;68.7;1.3
30;2021-09-24;548;1565;613;538017;515691;10298;71.9;68.9;1.4
30;2021-09-25;339;870;119;538356;516561;10417;71.9;69.0;1.4
30;2021-09-26;54;135;24;538410;516696;10441;71.9;69.0;1.4
30;2021-09-27;398;890;617;538808;517586;11058;72.0;69.2;1.5
30;2021-09-28;534;936;832;539342;518522;11890;72.1;69.3;1.6
30;2021-09-29;468;1111;498;539810;519633;12388;72.1;69.4;1.7
30;2021-09-30;411;917;676;540221;520550;13064;72.2;69.5;1.7
30;2021-10-01;688;1002;836;540909;521552;13900;72.3;69.7;1.9
30;2021-10-02;301;543;228;541210;522095;14128;72.3;69.8;1.9
30;2021-10-03;21;52;4;541231;522147;14132;72.3;69.8;1.9
30;2021-10-04;436;796;848;541667;522943;14980;72.4;69.9;2.0
30;2021-10-05;373;723;908;542040;523666;15888;72.4;70.0;2.1
30;2021-10-06;494;868;940;542534;524534;16828;72.5;70.1;2.2
30;2021-10-07;401;853;848;542935;525387;17676;72.5;70.2;2.4
30;2021-10-08;501;1070;974;543436;526457;18650;72.6;70.3;2.5
30;2021-10-09;314;549;309;543750;527006;18959;72.6;70.4;2.5
30;2021-10-10;11;28;12;543761;527034;18971;72.6;70.4;2.5
30;2021-10-11;288;561;796;544049;527595;19767;72.7;70.5;2.6
30;2021-10-12;387;690;1058;544436;528285;20825;72.7;70.6;2.8
30;2021-10-13;357;680;783;544793;528965;21608;72.8;70.7;2.9
30;2021-10-14;384;677;1091;545177;529642;22699;72.8;70.8;3.0
30;2021-10-15;461;704;1043;545638;530346;23742;72.9;70.9;3.2
30;2021-10-16;216;418;285;545854;530764;24027;72.9;70.9;3.2
30;2021-10-17;12;31;6;545866;530795;24033;72.9;70.9;3.2
30;2021-10-18;305;497;828;546171;531292;24861;73.0;71.0;3.3
30;2021-10-19;307;555;1363;546478;531847;26224;73.0;71.1;3.5
30;2021-10-20;314;447;1081;546792;532294;27305;73.1;71.1;3.6
30;2021-10-21;341;533;1667;547133;532827;28972;73.1;71.2;3.9
30;2021-10-22;371;634;1222;547504;533461;30194;73.1;71.3;4.0
30;2021-10-23;159;296;674;547663;533757;30868;73.2;71.3;4.1
30;2021-10-24;10;21;3;547673;533778;30871;73.2;71.3;4.1
30;2021-10-25;289;405;920;547962;534183;31791;73.2;71.4;4.2
30;2021-10-26;288;354;1299;548250;534537;33090;73.2;71.4;4.4
30;2021-10-27;339;426;1118;548589;534963;34208;73.3;71.5;4.6
30;2021-10-28;309;328;1371;548898;535291;35579;73.3;71.5;4.8
30;2021-10-29;380;483;1462;549278;535774;37041;73.4;71.6;4.9
30;2021-10-30;144;286;511;549422;536060;37552;73.4;71.6;5.0
30;2021-10-31;7;17;6;549429;536077;37558;73.4;71.6;5.0
30;2021-11-01;52;38;22;549481;536115;37580;73.4;71.6;5.0
30;2021-11-02;230;403;1018;549711;536518;38598;73.4;71.7;5.2
30;2021-11-03;371;447;1755;550082;536965;40353;73.5;71.7;5.4
30;2021-11-04;250;342;1514;550332;537307;41867;73.5;71.8;5.6
30;2021-11-05;366;524;1964;550698;537831;43831;73.6;71.9;5.9
30;2021-11-06;169;237;435;550867;538068;44266;73.6;71.9;5.9
30;2021-11-07;16;37;31;550883;538105;44297;73.6;71.9;5.9
30;2021-11-08;176;310;1569;551059;538415;45866;73.6;71.9;6.1
30;2021-11-09;250;396;2209;551309;538811;48075;73.7;72.0;6.4
30;2021-11-10;326;426;2434;551635;539237;50509;73.7;72.0;6.7
30;2021-11-11;30;51;119;551665;539288;50628;73.7;72.1;6.8
30;2021-11-12;268;360;2087;551933;539648;52715;73.7;72.1;7.0
30;2021-11-13;123;200;660;552056;539848;53375;73.8;72.1;7.1
30;2021-11-14;14;28;31;552070;539876;53406;73.8;72.1;7.1
30;2021-11-15;187;332;1992;552257;540208;55398;73.8;72.2;7.4
30;2021-11-16;227;289;2775;552484;540497;58173;73.8;72.2;7.8
30;2021-11-17;300;400;2986;552784;540897;61159;73.9;72.3;8.2
30;2021-11-18;239;369;2670;553023;541266;63829;73.9;72.3;8.5
30;2021-11-19;426;459;3424;553449;541725;67253;73.9;72.4;9.0
30;2021-11-20;138;236;730;553587;541961;67983;74.0;72.4;9.1
30;2021-11-21;6;17;29;553593;541978;68012;74.0;72.4;9.1
30;2021-11-22;225;274;2458;553818;542252;70470;74.0;72.4;9.4
30;2021-11-23;296;245;3012;554114;542497;73482;74.0;72.5;9.8
30;2021-11-24;306;406;3041;554420;542903;76523;74.1;72.5;10.2
30;2021-11-25;329;347;3524;554749;543250;80047;74.1;72.6;10.7
30;2021-11-26;454;484;5437;555203;543734;85484;74.2;72.6;11.4
30;2021-11-27;167;239;1706;555370;543973;87190;74.2;72.7;11.6
30;2021-11-28;29;50;324;555399;544023;87514;74.2;72.7;11.7
30;2021-11-29;200;248;4042;555599;544271;91556;74.2;72.7;12.2
30;2021-11-30;276;330;5730;555875;544601;97286;74.3;72.8;13.0
30;2021-12-01;270;384;5438;556145;544985;102724;74.3;72.8;13.7
30;2021-12-02;268;246;5879;556413;545231;108603;74.3;72.8;14.5
30;2021-12-03;293;351;7326;556706;545582;115929;74.4;72.9;15.5
30;2021-12-04;147;186;2529;556853;545768;118458;74.4;72.9;15.8
30;2021-12-05;29;62;423;556882;545830;118881;74.4;72.9;15.9
30;2021-12-06;218;335;6453;557100;546165;125334;74.4;73.0;16.7
30;2021-12-07;346;353;9240;557446;546518;134574;74.5;73.0;18.0
30;2021-12-08;277;354;8190;557723;546872;142764;74.5;73.1;19.1
30;2021-12-09;326;293;8778;558049;547165;151542;74.6;73.1;20.2
30;2021-12-10;362;399;9675;558411;547564;161217;74.6;73.2;21.5
30;2021-12-11;190;201;3991;558601;547765;165208;74.6;73.2;22.1
30;2021-12-12;16;53;466;558617;547818;165674;74.6;73.2;22.1
30;2021-12-13;257;306;7641;558874;548124;173315;74.7;73.2;23.2
30;2021-12-14;358;378;10908;559232;548502;184223;74.7;73.3;24.6
30;2021-12-15;325;382;8842;559557;548884;193065;74.8;73.3;25.8
30;2021-12-16;371;409;9161;559928;549293;202226;74.8;73.4;27.0
30;2021-12-17;447;596;10517;560375;549889;212743;74.9;73.5;28.4
30;2021-12-18;227;234;3951;560602;550123;216694;74.9;73.5;29.0
30;2021-12-19;58;54;830;560660;550177;217524;74.9;73.5;29.1
30;2021-12-20;317;312;5949;560977;550489;223473;75.0;73.5;29.9
30;2021-12-21;438;366;7352;561415;550855;230825;75.0;73.6;30.8
30;2021-12-22;347;302;5563;561762;551157;236388;75.1;73.6;31.6
30;2021-12-23;340;271;4091;562102;551428;240479;75.1;73.7;32.1
30;2021-12-24;100;105;863;562202;551533;241342;75.1;73.7;32.2
30;2021-12-25;3;18;60;562205;551551;241402;75.1;73.7;32.3
30;2021-12-26;15;21;172;562220;551572;241574;75.1;73.7;32.3
30;2021-12-27;228;234;3464;562448;551806;245038;75.1;73.7;32.7
30;2021-12-28;296;311;4842;562744;552117;249880;75.2;73.8;33.4
31;2020-12-27;1;0;0;1;0;0;0.0;0.0;0.0
31;2020-12-28;1;0;0;2;0;0;0.0;0.0;0.0
31;2020-12-29;0;0;0;2;0;0;0.0;0.0;0.0
31;2020-12-30;0;0;0;2;0;0;0.0;0.0;0.0
31;2020-12-31;1;0;0;3;0;0;0.0;0.0;0.0
31;2021-01-01;4;0;0;7;0;0;0.0;0.0;0.0
31;2021-01-02;0;0;0;7;0;0;0.0;0.0;0.0
31;2021-01-03;2;0;0;9;0;0;0.0;0.0;0.0
31;2021-01-04;3;1;0;12;1;0;0.0;0.0;0.0
31;2021-01-05;55;0;0;67;1;0;0.0;0.0;0.0
31;2021-01-06;203;1;0;270;2;0;0.0;0.0;0.0
31;2021-01-07;321;1;0;591;3;0;0.0;0.0;0.0
31;2021-01-08;556;0;0;1147;3;0;0.1;0.0;0.0
31;2021-01-09;288;0;0;1435;3;0;0.1;0.0;0.0
31;2021-01-10;279;0;0;1714;3;0;0.1;0.0;0.0
31;2021-01-11;972;4;0;2686;7;0;0.2;0.0;0.0
31;2021-01-12;1157;1;0;3843;8;0;0.3;0.0;0.0
31;2021-01-13;1141;5;0;4984;13;0;0.4;0.0;0.0
31;2021-01-14;1249;19;0;6233;32;0;0.4;0.0;0.0
31;2021-01-15;1061;5;0;7294;37;0;0.5;0.0;0.0
31;2021-01-16;273;2;0;7567;39;0;0.5;0.0;0.0
31;2021-01-17;200;0;0;7767;39;0;0.6;0.0;0.0
31;2021-01-18;1693;7;0;9460;46;0;0.7;0.0;0.0
31;2021-01-19;2915;12;0;12375;58;0;0.9;0.0;0.0
31;2021-01-20;3596;12;0;15971;70;0;1.1;0.0;0.0
31;2021-01-21;3031;10;0;19002;80;0;1.4;0.0;0.0
31;2021-01-22;2304;6;0;21306;86;0;1.5;0.0;0.0
31;2021-01-23;723;2;0;22029;88;0;1.6;0.0;0.0
31;2021-01-24;223;1;0;22252;89;0;1.6;0.0;0.0
31;2021-01-25;1763;13;0;24015;102;0;1.7;0.0;0.0
31;2021-01-26;1995;60;0;26010;162;0;1.9;0.0;0.0
31;2021-01-27;1699;153;0;27709;315;0;2.0;0.0;0.0
31;2021-01-28;1512;288;0;29221;603;0;2.1;0.0;0.0
31;2021-01-29;1399;373;0;30620;976;0;2.2;0.1;0.0
31;2021-01-30;457;180;0;31077;1156;0;2.2;0.1;0.0
31;2021-01-31;78;200;0;31155;1356;0;2.2;0.1;0.0
31;2021-02-01;1249;740;0;32404;2096;0;2.3;0.1;0.0
31;2021-02-02;2999;800;0;35403;2896;0;2.5;0.2;0.0
31;2021-02-03;1875;718;0;37278;3614;0;2.7;0.3;0.0
31;2021-02-04;1882;931;0;39160;4545;0;2.8;0.3;0.0
31;2021-02-05;1393;635;0;40553;5180;0;2.9;0.4;0.0
31;2021-02-06;437;71;0;40990;5251;0;2.9;0.4;0.0
31;2021-02-07;56;59;0;41046;5310;0;2.9;0.4;0.0
31;2021-02-08;1105;681;0;42151;5991;0;3.0;0.4;0.0
31;2021-02-09;1641;1547;0;43792;7538;0;3.1;0.5;0.0
31;2021-02-10;1916;2391;0;45708;9929;0;3.3;0.7;0.0
31;2021-02-11;1796;1792;0;47504;11721;0;3.4;0.8;0.0
31;2021-02-12;1635;863;0;49139;12584;0;3.5;0.9;0.0
31;2021-02-13;513;247;0;49652;12831;0;3.5;0.9;0.0
31;2021-02-14;58;218;0;49710;13049;0;3.5;0.9;0.0
31;2021-02-15;435;1409;0;50145;14458;0;3.6;1.0;0.0
31;2021-02-16;502;1621;0;50647;16079;0;3.6;1.1;0.0
31;2021-02-17;470;1681;0;51117;17760;0;3.6;1.3;0.0
31;2021-02-18;526;1836;0;51643;19596;0;3.7;1.4;0.0
31;2021-02-19;463;1611;0;52106;21207;0;3.7;1.5;0.0
31;2021-02-20;96;537;0;52202;21744;0;3.7;1.6;0.0
31;2021-02-21;73;168;0;52275;21912;0;3.7;1.6;0.0
31;2021-02-22;441;1796;0;52716;23708;0;3.8;1.7;0.0
31;2021-02-23;877;2888;0;53593;26596;0;3.8;1.9;0.0
31;2021-02-24;628;2072;0;54221;28668;0;3.9;2.0;0.0
31;2021-02-25;1435;1890;0;55656;30558;0;4.0;2.2;0.0
31;2021-02-26;1721;1308;0;57377;31866;0;4.1;2.3;0.0
31;2021-02-27;654;416;0;58031;32282;0;4.1;2.3;0.0
31;2021-02-28;93;59;0;58124;32341;0;4.1;2.3;0.0
31;2021-03-01;897;1143;0;59021;33484;0;4.2;2.4;0.0
31;2021-03-02;1285;1660;0;60306;35144;0;4.3;2.5;0.0
31;2021-03-03;1383;1764;0;61689;36908;0;4.4;2.6;0.0
31;2021-03-04;2450;1478;0;64139;38386;0;4.6;2.7;0.0
31;2021-03-05;3057;1576;0;67196;39962;0;4.8;2.9;0.0
31;2021-03-06;2875;421;0;70071;40383;0;5.0;2.9;0.0
31;2021-03-07;5209;114;0;75280;40497;0;5.4;2.9;0.0
31;2021-03-08;1671;1087;0;76951;41584;0;5.5;3.0;0.0
31;2021-03-09;2776;1208;0;79727;42792;0;5.7;3.1;0.0
31;2021-03-10;2592;1085;0;82319;43877;0;5.9;3.1;0.0
31;2021-03-11;4415;1186;0;86734;45063;0;6.2;3.2;0.0
31;2021-03-12;5310;1215;0;92044;46278;0;6.6;3.3;0.0
31;2021-03-13;2861;524;0;94905;46802;0;6.8;3.3;0.0
31;2021-03-14;264;53;0;95169;46855;0;6.8;3.3;0.0
31;2021-03-15;2587;432;0;97756;47287;0;7.0;3.4;0.0
31;2021-03-16;1776;807;0;99532;48094;0;7.1;3.4;0.0
31;2021-03-17;1745;570;0;101277;48664;0;7.2;3.5;0.0
31;2021-03-18;2074;744;0;103351;49408;0;7.4;3.5;0.0
31;2021-03-19;3270;561;0;106621;49969;0;7.6;3.6;0.0
31;2021-03-20;1871;160;0;108492;50129;0;7.7;3.6;0.0
31;2021-03-21;269;33;0;108761;50162;0;7.8;3.6;0.0
31;2021-03-22;2689;397;0;111450;50559;0;8.0;3.6;0.0
31;2021-03-23;4137;364;0;115587;50923;0;8.3;3.6;0.0
31;2021-03-24;4391;308;0;119978;51231;0;8.6;3.7;0.0
31;2021-03-25;6071;543;0;126049;51774;0;9.0;3.7;0.0
31;2021-03-26;5599;554;0;131648;52328;0;9.4;3.7;0.0
31;2021-03-27;4479;220;0;136127;52548;0;9.7;3.8;0.0
31;2021-03-28;2260;50;0;138387;52598;0;9.9;3.8;0.0
31;2021-03-29;4416;493;0;142803;53091;0;10.2;3.8;0.0
31;2021-03-30;6567;580;0;149370;53671;0;10.7;3.8;0.0
31;2021-03-31;5822;433;0;155192;54104;0;11.1;3.9;0.0
31;2021-04-01;7106;627;0;162298;54731;0;11.6;3.9;0.0
31;2021-04-02;6249;645;0;168547;55376;0;12.0;4.0;0.0
31;2021-04-03;4113;214;0;172660;55590;0;12.3;4.0;0.0
31;2021-04-04;2050;116;0;174710;55706;0;12.5;4.0;0.0
31;2021-04-05;617;81;0;175327;55787;0;12.5;4.0;0.0
31;2021-04-06;4352;1201;0;179679;56988;0;12.8;4.1;0.0
31;2021-04-07;6409;1071;0;186088;58059;0;13.3;4.1;0.0
31;2021-04-08;7728;1117;0;193816;59176;0;13.8;4.2;0.0
31;2021-04-09;8491;1341;0;202307;60517;0;14.4;4.3;0.0
31;2021-04-10;5187;612;0;207494;61129;0;14.8;4.4;0.0
31;2021-04-11;2115;148;0;209609;61277;0;15.0;4.4;0.0
31;2021-04-12;6064;1868;0;215673;63145;0;15.4;4.5;0.0
31;2021-04-13;8024;2110;0;223697;65255;0;16.0;4.7;0.0
31;2021-04-14;6756;2045;0;230453;67300;0;16.4;4.8;0.0
31;2021-04-15;7855;2292;0;238308;69592;0;17.0;5.0;0.0
31;2021-04-16;7333;2162;0;245641;71754;0;17.5;5.1;0.0
31;2021-04-17;4602;1003;0;250243;72757;0;17.9;5.2;0.0
31;2021-04-18;2487;398;0;252730;73155;0;18.0;5.2;0.0
31;2021-04-19;5304;2188;0;258034;75343;0;18.4;5.4;0.0
31;2021-04-20;6122;2932;0;264156;78275;0;18.9;5.6;0.0
31;2021-04-21;6057;2916;0;270213;81191;0;19.3;5.8;0.0
31;2021-04-22;6470;3276;0;276683;84467;0;19.7;6.0;0.0
31;2021-04-23;6357;2771;0;283040;87238;0;20.2;6.2;0.0
31;2021-04-24;2033;3356;0;285073;90594;0;20.3;6.5;0.0
31;2021-04-25;808;2096;0;285881;92690;0;20.4;6.6;0.0
31;2021-04-26;3960;3632;0;289841;96322;0;20.7;6.9;0.0
31;2021-04-27;4728;4069;0;294569;100391;0;21.0;7.2;0.0
31;2021-04-28;4726;3791;0;299295;104182;0;21.4;7.4;0.0
31;2021-04-29;5470;4223;0;304765;108405;0;21.8;7.7;0.0
31;2021-04-30;5263;4393;0;310028;112798;0;22.1;8.1;0.0
31;2021-05-01;1959;3206;0;311987;116004;0;22.3;8.3;0.0
31;2021-05-02;1483;1985;0;313470;117989;0;22.4;8.4;0.0
31;2021-05-03;5669;2827;0;319139;120816;0;22.8;8.6;0.0
31;2021-05-04;5039;5040;0;324178;125856;0;23.1;9.0;0.0
31;2021-05-05;3565;6021;0;327743;131877;0;23.4;9.4;0.0
31;2021-05-06;4051;7449;0;331794;139326;0;23.7;9.9;0.0
31;2021-05-07;5881;7243;0;337675;146569;0;24.1;10.5;0.0
31;2021-05-08;4033;3115;0;341708;149684;0;24.4;10.7;0.0
31;2021-05-09;3846;2359;0;345554;152043;0;24.7;10.9;0.0
31;2021-05-10;6462;5751;0;352016;157794;0;25.1;11.3;0.0
31;2021-05-11;6996;6846;0;359012;164640;0;25.6;11.8;0.0
31;2021-05-12;7553;6160;0;366565;170800;0;26.2;12.2;0.0
31;2021-05-13;5696;2165;0;372261;172965;0;26.6;12.3;0.0
31;2021-05-14;8606;4250;0;380867;177215;0;27.2;12.6;0.0
31;2021-05-15;6558;2111;0;387425;179326;0;27.7;12.8;0.0
31;2021-05-16;3842;656;0;391267;179982;0;27.9;12.8;0.0
31;2021-05-17;5993;4258;0;397260;184240;0;28.4;13.2;0.0
31;2021-05-18;6748;4321;0;404008;188561;0;28.8;13.5;0.0
31;2021-05-19;7332;3834;0;411340;192395;0;29.4;13.7;0.0
31;2021-05-20;8279;4889;0;419619;197284;0;30.0;14.1;0.0
31;2021-05-21;8333;4960;0;427952;202244;0;30.5;14.4;0.0
31;2021-05-22;6158;1878;0;434110;204122;0;31.0;14.6;0.0
31;2021-05-23;4411;369;0;438521;204491;0;31.3;14.6;0.0
31;2021-05-24;4777;804;0;443298;205295;0;31.6;14.7;0.0
31;2021-05-25;7386;3868;0;450684;209163;0;32.2;14.9;0.0
31;2021-05-26;7497;4768;0;458181;213931;0;32.7;15.3;0.0
31;2021-05-27;7087;6230;0;465268;220161;0;33.2;15.7;0.0
31;2021-05-28;6563;6511;0;471831;226672;0;33.7;16.2;0.0
31;2021-05-29;4082;4258;0;475913;230930;0;34.0;16.5;0.0
31;2021-05-30;1386;2340;0;477299;233270;0;34.1;16.7;0.0
31;2021-05-31;5942;5249;0;483241;238519;0;34.5;17.0;0.0
31;2021-06-01;7163;6714;0;490404;245233;0;35.0;17.5;0.0
31;2021-06-02;7345;6493;0;497749;251726;0;35.5;18.0;0.0
31;2021-06-03;8267;8246;0;506016;259972;0;36.1;18.6;0.0
31;2021-06-04;9268;7436;0;515284;267408;0;36.8;19.1;0.0
31;2021-06-05;10601;3242;0;525885;270650;0;37.5;19.3;0.0
31;2021-06-06;7911;1567;0;533796;272217;0;38.1;19.4;0.0
31;2021-06-07;8512;5730;0;542308;277947;0;38.7;19.8;0.0
31;2021-06-08;9529;6364;0;551837;284311;0;39.4;20.3;0.0
31;2021-06-09;9909;5817;0;561746;290128;0;40.1;20.7;0.0
31;2021-06-10;10053;6535;0;571799;296663;0;40.8;21.2;0.0
31;2021-06-11;10758;7024;0;582557;303687;0;41.6;21.7;0.0
31;2021-06-12;9663;3773;0;592220;307460;0;42.3;21.9;0.0
31;2021-06-13;7943;1987;0;600163;309447;0;42.8;22.1;0.0
31;2021-06-14;8382;7029;0;608545;316476;0;43.4;22.6;0.0
31;2021-06-15;9878;7737;0;618423;324213;0;44.1;23.1;0.0
31;2021-06-16;8911;5965;0;627334;330178;0;44.8;23.6;0.0
31;2021-06-17;8417;6955;0;635751;337133;0;45.4;24.1;0.0
31;2021-06-18;8845;8549;0;644596;345682;0;46.0;24.7;0.0
31;2021-06-19;7917;6305;0;652513;351987;0;46.6;25.1;0.0
31;2021-06-20;5275;3839;0;657788;355826;0;47.0;25.4;0.0
31;2021-06-21;5354;7882;0;663142;363708;0;47.3;26.0;0.0
31;2021-06-22;5051;8814;0;668193;372522;0;47.7;26.6;0.0
31;2021-06-23;5181;8426;0;673374;380948;0;48.1;27.2;0.0
31;2021-06-24;4552;8850;0;677926;389798;0;48.4;27.8;0.0
31;2021-06-25;5060;10971;0;682986;400769;0;48.8;28.6;0.0
31;2021-06-26;4426;7747;0;687412;408516;0;49.1;29.2;0.0
31;2021-06-27;3332;4570;0;690744;413086;0;49.3;29.5;0.0
31;2021-06-28;4007;7692;0;694751;420778;0;49.6;30.0;0.0
31;2021-06-29;3859;8658;0;698610;429436;0;49.9;30.7;0.0
31;2021-06-30;4349;9346;0;702959;438782;0;50.2;31.3;0.0
31;2021-07-01;4189;9623;0;707148;448405;0;50.5;32.0;0.0
31;2021-07-02;4257;10893;0;711405;459298;0;50.8;32.8;0.0
31;2021-07-03;3995;8186;0;715400;467484;0;51.1;33.4;0.0
31;2021-07-04;2955;5043;0;718355;472527;0;51.3;33.7;0.0
31;2021-07-05;3950;7919;0;722305;480446;0;51.6;34.3;0.0
31;2021-07-06;3841;9422;5;726146;489868;5;51.8;35.0;0.0
31;2021-07-07;4038;9457;0;730184;499325;5;52.1;35.6;0.0
31;2021-07-08;3967;9404;4;734151;508729;9;52.4;36.3;0.0
31;2021-07-09;4514;10500;0;738665;519229;9;52.7;37.1;0.0
31;2021-07-10;3862;7064;0;742527;526293;9;53.0;37.6;0.0
31;2021-07-11;2855;4310;0;745382;530603;9;53.2;37.9;0.0
31;2021-07-12;3757;9848;0;749139;540451;9;53.5;38.6;0.0
31;2021-07-13;6765;10556;0;755904;551007;9;54.0;39.3;0.0
31;2021-07-14;5771;4185;0;761675;555192;9;54.4;39.6;0.0
31;2021-07-15;8270;10136;0;769945;565328;9;55.0;40.4;0.0
31;2021-07-16;7826;11102;0;777771;576430;9;55.5;41.1;0.0
31;2021-07-17;7857;11428;0;785628;587858;9;56.1;42.0;0.0
31;2021-07-18;5762;8914;0;791390;596772;9;56.5;42.6;0.0
31;2021-07-19;5129;11325;0;796519;608097;9;56.9;43.4;0.0
31;2021-07-20;7199;11758;0;803718;619855;9;57.4;44.2;0.0
31;2021-07-21;7216;11897;0;810934;631752;9;57.9;45.1;0.0
31;2021-07-22;7817;11590;0;818751;643342;9;58.4;45.9;0.0
31;2021-07-23;7234;12327;0;825985;655669;9;59.0;46.8;0.0
31;2021-07-24;8979;10368;0;834964;666037;9;59.6;47.5;0.0
31;2021-07-25;6456;8098;0;841420;674135;9;60.1;48.1;0.0
31;2021-07-26;5660;9790;0;847080;683925;9;60.5;48.8;0.0
31;2021-07-27;7904;9475;0;854984;693400;9;61.0;49.5;0.0
31;2021-07-28;8257;8490;0;863241;701890;9;61.6;50.1;0.0
31;2021-07-29;8531;8251;0;871772;710141;9;62.2;50.7;0.0
31;2021-07-30;7476;8252;0;879248;718393;9;62.8;51.3;0.0
31;2021-07-31;5704;7005;0;884952;725398;9;63.2;51.8;0.0
31;2021-08-01;3995;3989;0;888947;729387;9;63.5;52.1;0.0
31;2021-08-02;5626;5542;0;894573;734929;9;63.9;52.5;0.0
31;2021-08-03;5991;5457;0;900564;740386;9;64.3;52.8;0.0
31;2021-08-04;6038;4962;1;906602;745348;10;64.7;53.2;0.0
31;2021-08-05;5582;7225;0;912184;752573;10;65.1;53.7;0.0
31;2021-08-06;5450;7325;0;917634;759898;10;65.5;54.2;0.0
31;2021-08-07;4385;6426;0;922019;766324;10;65.8;54.7;0.0
31;2021-08-08;2985;4893;0;925004;771217;10;66.0;55.1;0.0
31;2021-08-09;4379;7018;0;929383;778235;10;66.3;55.6;0.0
31;2021-08-10;4712;6473;0;934095;784708;10;66.7;56.0;0.0
31;2021-08-11;4519;5951;0;938614;790659;10;67.0;56.4;0.0
31;2021-08-12;4432;6723;0;943046;797382;10;67.3;56.9;0.0
31;2021-08-13;3948;6089;0;946994;803471;10;67.6;57.4;0.0
31;2021-08-14;2864;6115;0;949858;809586;10;67.8;57.8;0.0
31;2021-08-15;1099;3641;0;950957;813227;10;67.9;58.0;0.0
31;2021-08-16;3199;7994;0;954156;821221;10;68.1;58.6;0.0
31;2021-08-17;3450;7171;0;957606;828392;10;68.4;59.1;0.0
31;2021-08-18;3253;6892;3;960859;835284;13;68.6;59.6;0.0
31;2021-08-19;2945;6970;0;963804;842254;13;68.8;60.1;0.0
31;2021-08-20;2894;7213;0;966698;849467;13;69.0;60.6;0.0
31;2021-08-21;1891;6499;0;968589;855966;13;69.1;61.1;0.0
31;2021-08-22;1269;4863;1;969858;860829;14;69.2;61.4;0.0
31;2021-08-23;2251;7448;0;972109;868277;14;69.4;62.0;0.0
31;2021-08-24;2403;6275;0;974512;874552;14;69.6;62.4;0.0
31;2021-08-25;2291;5718;0;976803;880270;14;69.7;62.8;0.0
31;2021-08-26;2194;5863;0;978997;886133;14;69.9;63.3;0.0
31;2021-08-27;2329;6682;0;981326;892815;14;70.0;63.7;0.0
31;2021-08-28;1711;6348;0;983037;899163;14;70.2;64.2;0.0
31;2021-08-29;1122;4455;0;984159;903618;14;70.3;64.5;0.0
31;2021-08-30;2008;6434;51;986167;910052;65;70.4;65.0;0.0
31;2021-08-31;2116;5367;138;988283;915419;203;70.5;65.3;0.0
31;2021-09-01;1916;4576;457;990199;919995;660;70.7;65.7;0.0
31;2021-09-02;1719;4038;518;991918;924033;1178;70.8;66.0;0.1
31;2021-09-03;1768;4583;533;993686;928616;1711;70.9;66.3;0.1
31;2021-09-04;1927;5274;282;995613;933890;1993;71.1;66.7;0.1
31;2021-09-05;941;1900;246;996554;935790;2239;71.1;66.8;0.2
31;2021-09-06;1354;2899;635;997908;938689;2874;71.2;67.0;0.2
31;2021-09-07;1187;2847;582;999095;941536;3456;71.3;67.2;0.2
31;2021-09-08;1344;3463;617;1000439;944999;4073;71.4;67.5;0.3
31;2021-09-09;1007;2467;617;1001446;947466;4690;71.5;67.6;0.3
31;2021-09-10;1511;3147;615;1002957;950613;5305;71.6;67.9;0.4
31;2021-09-11;1246;3453;263;1004203;954066;5568;71.7;68.1;0.4
31;2021-09-12;475;1468;132;1004678;955534;5700;71.7;68.2;0.4
31;2021-09-13;1007;1973;755;1005685;957507;6455;71.8;68.3;0.5
31;2021-09-14;1191;1932;978;1006876;959439;7433;71.9;68.5;0.5
31;2021-09-15;1057;2548;863;1007933;961987;8296;71.9;68.7;0.6
31;2021-09-16;912;1640;1132;1008845;963627;9428;72.0;68.8;0.7
31;2021-09-17;1067;2441;866;1009912;966068;10294;72.1;69.0;0.7
31;2021-09-18;834;2671;252;1010746;968739;10546;72.1;69.1;0.8
31;2021-09-19;279;1070;129;1011025;969809;10675;72.2;69.2;0.8
31;2021-09-20;594;1465;726;1011619;971274;11401;72.2;69.3;0.8
31;2021-09-21;798;1566;1253;1012417;972840;12654;72.3;69.4;0.9
31;2021-09-22;807;2046;991;1013224;974886;13645;72.3;69.6;1.0
31;2021-09-23;721;1457;1233;1013945;976343;14878;72.4;69.7;1.1
31;2021-09-24;803;1982;989;1014748;978325;15867;72.4;69.8;1.1
31;2021-09-25;635;2409;230;1015383;980734;16097;72.5;70.0;1.1
31;2021-09-26;228;938;107;1015611;981672;16204;72.5;70.1;1.2
31;2021-09-27;627;1407;745;1016238;983079;16949;72.5;70.2;1.2
31;2021-09-28;707;1262;947;1016945;984341;17896;72.6;70.3;1.3
31;2021-09-29;722;1553;882;1017667;985894;18778;72.6;70.4;1.3
31;2021-09-30;677;1084;1101;1018344;986978;19879;72.7;70.5;1.4
31;2021-10-01;1004;1770;917;1019348;988748;20796;72.8;70.6;1.5
31;2021-10-02;748;1646;310;1020096;990394;21106;72.8;70.7;1.5
31;2021-10-03;97;296;26;1020193;990690;21132;72.8;70.7;1.5
31;2021-10-04;455;674;608;1020648;991364;21740;72.9;70.8;1.6
31;2021-10-05;557;1201;1171;1021205;992565;22911;72.9;70.9;1.6
31;2021-10-06;659;1117;848;1021864;993682;23759;72.9;70.9;1.7
31;2021-10-07;621;1309;1188;1022485;994991;24947;73.0;71.0;1.8
31;2021-10-08;831;1169;1151;1023316;996160;26098;73.0;71.1;1.9
31;2021-10-09;496;1189;376;1023812;997349;26474;73.1;71.2;1.9
31;2021-10-10;26;63;28;1023838;997412;26502;73.1;71.2;1.9
31;2021-10-11;420;530;567;1024258;997942;27069;73.1;71.2;1.9
31;2021-10-12;563;1003;1220;1024821;998945;28289;73.2;71.3;2.0
31;2021-10-13;567;1052;958;1025388;999997;29247;73.2;71.4;2.1
31;2021-10-14;614;1051;1227;1026002;1001048;30474;73.2;71.5;2.2
31;2021-10-15;743;1044;1340;1026745;1002092;31814;73.3;71.5;2.3
31;2021-10-16;465;949;587;1027210;1003041;32401;73.3;71.6;2.3
31;2021-10-17;17;38;14;1027227;1003079;32415;73.3;71.6;2.3
31;2021-10-18;331;498;732;1027558;1003577;33147;73.3;71.6;2.4
31;2021-10-19;499;892;1245;1028057;1004469;34392;73.4;71.7;2.5
31;2021-10-20;555;830;1355;1028612;1005299;35747;73.4;71.8;2.6
31;2021-10-21;561;950;1651;1029173;1006249;37398;73.5;71.8;2.7
31;2021-10-22;612;968;1561;1029785;1007217;38959;73.5;71.9;2.8
31;2021-10-23;403;1034;691;1030188;1008251;39650;73.5;72.0;2.8
31;2021-10-24;19;47;18;1030207;1008298;39668;73.5;72.0;2.8
31;2021-10-25;321;386;1111;1030528;1008684;40779;73.6;72.0;2.9
31;2021-10-26;443;538;1521;1030971;1009222;42300;73.6;72.0;3.0
31;2021-10-27;492;704;1977;1031463;1009926;44277;73.6;72.1;3.2
31;2021-10-28;443;564;1815;1031906;1010490;46092;73.7;72.1;3.3
31;2021-10-29;529;766;2004;1032435;1011256;48096;73.7;72.2;3.4
31;2021-10-30;306;503;656;1032741;1011759;48752;73.7;72.2;3.5
31;2021-10-31;26;34;19;1032767;1011793;48771;73.7;72.2;3.5
31;2021-11-01;69;39;38;1032836;1011832;48809;73.7;72.2;3.5
31;2021-11-02;485;620;1768;1033321;1012452;50577;73.8;72.3;3.6
31;2021-11-03;439;654;1965;1033760;1013106;52542;73.8;72.3;3.8
31;2021-11-04;404;557;2157;1034164;1013663;54699;73.8;72.4;3.9
31;2021-11-05;545;764;2648;1034709;1014427;57347;73.9;72.4;4.1
31;2021-11-06;316;445;882;1035025;1014872;58229;73.9;72.4;4.2
31;2021-11-07;28;44;70;1035053;1014916;58299;73.9;72.4;4.2
31;2021-11-08;288;437;1781;1035341;1015353;60080;73.9;72.5;4.3
31;2021-11-09;478;621;3830;1035819;1015974;63910;73.9;72.5;4.6
31;2021-11-10;503;746;3757;1036322;1016720;67667;74.0;72.6;4.8
31;2021-11-11;25;61;96;1036347;1016781;67763;74.0;72.6;4.8
31;2021-11-12;512;729;3721;1036859;1017510;71484;74.0;72.6;5.1
31;2021-11-13;315;430;1218;1037174;1017940;72702;74.0;72.7;5.2
31;2021-11-14;14;22;52;1037188;1017962;72754;74.0;72.7;5.2
31;2021-11-15;310;398;2477;1037498;1018360;75231;74.1;72.7;5.4
31;2021-11-16;490;654;4738;1037988;1019014;79969;74.1;72.7;5.7
31;2021-11-17;497;566;4012;1038485;1019580;83981;74.1;72.8;6.0
31;2021-11-18;444;504;4270;1038929;1020084;88251;74.2;72.8;6.3
31;2021-11-19;580;676;5001;1039509;1020760;93252;74.2;72.9;6.7
31;2021-11-20;469;460;1836;1039978;1021220;95088;74.2;72.9;6.8
31;2021-11-21;31;50;72;1040009;1021270;95160;74.2;72.9;6.8
31;2021-11-22;329;293;3036;1040338;1021563;98196;74.3;72.9;7.0
31;2021-11-23;479;513;5514;1040817;1022076;103710;74.3;73.0;7.4
31;2021-11-24;496;497;4565;1041313;1022573;108275;74.3;73.0;7.7
31;2021-11-25;438;470;5993;1041751;1023043;114268;74.4;73.0;8.2
31;2021-11-26;541;602;8317;1042292;1023645;122585;74.4;73.1;8.8
31;2021-11-27;371;485;4798;1042663;1024130;127383;74.4;73.1;9.1
31;2021-11-28;30;86;874;1042693;1024216;128257;74.4;73.1;9.2
31;2021-11-29;285;333;5839;1042978;1024549;134096;74.4;73.1;9.6
31;2021-11-30;419;555;9692;1043397;1025104;143788;74.5;73.2;10.3
31;2021-12-01;394;502;9101;1043791;1025606;152889;74.5;73.2;10.9
31;2021-12-02;384;366;11408;1044175;1025972;164297;74.5;73.2;11.7
31;2021-12-03;397;538;12072;1044572;1026510;176369;74.6;73.3;12.6
31;2021-12-04;255;477;6129;1044827;1026987;182498;74.6;73.3;13.0
31;2021-12-05;72;96;1989;1044899;1027083;184487;74.6;73.3;13.2
31;2021-12-06;262;380;9493;1045161;1027463;193980;74.6;73.3;13.8
31;2021-12-07;447;548;12960;1045608;1028011;206940;74.6;73.4;14.8
31;2021-12-08;411;624;11657;1046019;1028635;218597;74.7;73.4;15.6
31;2021-12-09;464;574;15321;1046483;1029209;233918;74.7;73.5;16.7
31;2021-12-10;523;643;16064;1047006;1029852;249982;74.7;73.5;17.8
31;2021-12-11;350;490;9907;1047356;1030342;259889;74.8;73.5;18.6
31;2021-12-12;155;115;4631;1047511;1030457;264520;74.8;73.6;18.9
31;2021-12-13;375;460;12898;1047886;1030917;277418;74.8;73.6;19.8
31;2021-12-14;551;653;17302;1048437;1031570;294720;74.8;73.6;21.0
31;2021-12-15;563;673;15090;1049000;1032243;309810;74.9;73.7;22.1
31;2021-12-16;480;652;16691;1049480;1032895;326501;74.9;73.7;23.3
31;2021-12-17;569;682;17489;1050049;1033577;343990;75.0;73.8;24.6
31;2021-12-18;490;490;10659;1050539;1034067;354649;75.0;73.8;25.3
31;2021-12-19;190;161;5328;1050729;1034228;359977;75.0;73.8;25.7
31;2021-12-20;605;652;14026;1051334;1034880;374003;75.0;73.9;26.7
31;2021-12-21;826;692;16051;1052160;1035572;390054;75.1;73.9;27.8
31;2021-12-22;781;603;13462;1052941;1036175;403516;75.2;74.0;28.8
31;2021-12-23;655;493;11002;1053596;1036668;414518;75.2;74.0;29.6
31;2021-12-24;294;259;3822;1053890;1036927;418340;75.2;74.0;29.9
31;2021-12-25;6;33;108;1053896;1036960;418448;75.2;74.0;29.9
31;2021-12-26;78;75;1253;1053974;1037035;419701;75.2;74.0;30.0
31;2021-12-27;556;653;12665;1054530;1037688;432366;75.3;74.1;30.9
31;2021-12-28;678;660;13769;1055208;1038348;446135;75.3;74.1;31.8
32;2020-12-27;0;0;0;0;0;0;0.0;0.0;0.0
32;2020-12-28;0;0;0;0;0;0;0.0;0.0;0.0
32;2020-12-29;1;0;0;1;0;0;0.0;0.0;0.0
32;2020-12-30;0;0;0;1;0;0;0.0;0.0;0.0
32;2020-12-31;0;0;0;1;0;0;0.0;0.0;0.0
32;2021-01-01;1;0;0;2;0;0;0.0;0.0;0.0
32;2021-01-02;0;0;0;2;0;0;0.0;0.0;0.0
32;2021-01-03;0;0;0;2;0;0;0.0;0.0;0.0
32;2021-01-04;2;0;0;4;0;0;0.0;0.0;0.0
32;2021-01-05;4;0;0;8;0;0;0.0;0.0;0.0
32;2021-01-06;6;0;0;14;0;0;0.0;0.0;0.0
32;2021-01-07;148;0;0;162;0;0;0.1;0.0;0.0
32;2021-01-08;78;0;0;240;0;0;0.1;0.0;0.0
32;2021-01-09;7;0;0;247;0;0;0.1;0.0;0.0
32;2021-01-10;2;0;0;249;0;0;0.1;0.0;0.0
32;2021-01-11;35;1;0;284;1;0;0.1;0.0;0.0
32;2021-01-12;94;0;0;378;1;0;0.2;0.0;0.0
32;2021-01-13;296;1;0;674;2;0;0.4;0.0;0.0
32;2021-01-14;347;3;0;1021;5;0;0.5;0.0;0.0
32;2021-01-15;415;2;0;1436;7;0;0.8;0.0;0.0
32;2021-01-16;26;1;0;1462;8;0;0.8;0.0;0.0
32;2021-01-17;2;0;0;1464;8;0;0.8;0.0;0.0
32;2021-01-18;312;2;0;1776;10;0;0.9;0.0;0.0
32;2021-01-19;433;0;0;2209;10;0;1.2;0.0;0.0
32;2021-01-20;392;0;0;2601;10;0;1.4;0.0;0.0
32;2021-01-21;605;1;0;3206;11;0;1.7;0.0;0.0
32;2021-01-22;382;1;0;3588;12;0;1.9;0.0;0.0
32;2021-01-23;178;0;0;3766;12;0;2.0;0.0;0.0
32;2021-01-24;6;0;0;3772;12;0;2.0;0.0;0.0
32;2021-01-25;485;1;0;4257;13;0;2.2;0.0;0.0
32;2021-01-26;621;3;0;4878;16;0;2.6;0.0;0.0
32;2021-01-27;673;8;0;5551;24;0;2.9;0.0;0.0
32;2021-01-28;618;24;0;6169;48;0;3.2;0.0;0.0
32;2021-01-29;451;46;0;6620;94;0;3.5;0.0;0.0
32;2021-01-30;270;2;0;6890;96;0;3.6;0.1;0.0
32;2021-01-31;3;6;0;6893;102;0;3.6;0.1;0.0
32;2021-02-01;315;73;0;7208;175;0;3.8;0.1;0.0
32;2021-02-02;643;126;0;7851;301;0;4.1;0.2;0.0
32;2021-02-03;373;175;0;8224;476;0;4.3;0.3;0.0
32;2021-02-04;432;262;0;8656;738;0;4.6;0.4;0.0
32;2021-02-05;345;321;0;9001;1059;0;4.7;0.6;0.0
32;2021-02-06;147;5;0;9148;1064;0;4.8;0.6;0.0
32;2021-02-07;0;32;0;9148;1096;0;4.8;0.6;0.0
32;2021-02-08;305;124;0;9453;1220;0;5.0;0.6;0.0
32;2021-02-09;341;234;0;9794;1454;0;5.2;0.8;0.0
32;2021-02-10;309;260;0;10103;1714;0;5.3;0.9;0.0
32;2021-02-11;366;324;0;10469;2038;0;5.5;1.1;0.0
32;2021-02-12;313;268;0;10782;2306;0;5.7;1.2;0.0
32;2021-02-13;261;1;0;11043;2307;0;5.8;1.2;0.0
32;2021-02-14;0;28;0;11043;2335;0;5.8;1.2;0.0
32;2021-02-15;39;239;0;11082;2574;0;5.8;1.4;0.0
32;2021-02-16;407;384;0;11489;2958;0;6.0;1.6;0.0
32;2021-02-17;199;466;0;11688;3424;0;6.2;1.8;0.0
32;2021-02-18;321;484;0;12009;3908;0;6.3;2.1;0.0
32;2021-02-19;182;293;0;12191;4201;0;6.4;2.2;0.0
32;2021-02-20;10;148;0;12201;4349;0;6.4;2.3;0.0
32;2021-02-21;0;5;0;12201;4354;0;6.4;2.3;0.0
32;2021-02-22;163;421;0;12364;4775;0;6.5;2.5;0.0
32;2021-02-23;434;590;0;12798;5365;0;6.7;2.8;0.0
32;2021-02-24;295;384;0;13093;5749;0;6.9;3.0;0.0
32;2021-02-25;487;521;0;13580;6270;0;7.1;3.3;0.0
32;2021-02-26;456;359;0;14036;6629;0;7.4;3.5;0.0
32;2021-02-27;169;254;0;14205;6883;0;7.5;3.6;0.0
32;2021-02-28;6;1;0;14211;6884;0;7.5;3.6;0.0
32;2021-03-01;74;325;0;14285;7209;0;7.5;3.8;0.0
32;2021-03-02;419;454;0;14704;7663;0;7.7;4.0;0.0
32;2021-03-03;301;332;0;15005;7995;0;7.9;4.2;0.0
32;2021-03-04;551;355;0;15556;8350;0;8.2;4.4;0.0
32;2021-03-05;472;274;0;16028;8624;0;8.4;4.5;0.0
32;2021-03-06;568;174;0;16596;8798;0;8.7;4.6;0.0
32;2021-03-07;65;5;0;16661;8803;0;8.8;4.6;0.0
32;2021-03-08;265;305;0;16926;9108;0;8.9;4.8;0.0
32;2021-03-09;700;376;0;17626;9484;0;9.3;5.0;0.0
32;2021-03-10;515;353;0;18141;9837;0;9.5;5.2;0.0
32;2021-03-11;899;310;0;19040;10147;0;10.0;5.3;0.0
32;2021-03-12;934;355;0;19974;10502;0;10.5;5.5;0.0
32;2021-03-13;500;250;0;20474;10752;0;10.8;5.7;0.0
32;2021-03-14;3;0;0;20477;10752;0;10.8;5.7;0.0
32;2021-03-15;347;42;0;20824;10794;0;11.0;5.7;0.0
32;2021-03-16;322;318;0;21146;11112;0;11.1;5.8;0.0
32;2021-03-17;202;158;0;21348;11270;0;11.2;5.9;0.0
32;2021-03-18;436;306;0;21784;11576;0;11.5;6.1;0.0
32;2021-03-19;456;176;0;22240;11752;0;11.7;6.2;0.0
32;2021-03-20;182;32;0;22422;11784;0;11.8;6.2;0.0
32;2021-03-21;17;0;0;22439;11784;0;11.8;6.2;0.0
32;2021-03-22;398;174;0;22837;11958;0;12.0;6.3;0.0
32;2021-03-23;655;400;0;23492;12358;0;12.4;6.5;0.0
32;2021-03-24;717;277;0;24209;12635;0;12.7;6.6;0.0
32;2021-03-25;990;419;0;25199;13054;0;13.3;6.9;0.0
32;2021-03-26;730;301;0;25929;13355;0;13.6;7.0;0.0
32;2021-03-27;226;8;0;26155;13363;0;13.8;7.0;0.0
32;2021-03-28;13;2;0;26168;13365;0;13.8;7.0;0.0
32;2021-03-29;434;70;0;26602;13435;0;14.0;7.1;0.0
32;2021-03-30;884;294;0;27486;13729;0;14.5;7.2;0.0
32;2021-03-31;727;186;0;28213;13915;0;14.8;7.3;0.0
32;2021-04-01;1345;339;0;29558;14254;0;15.6;7.5;0.0
32;2021-04-02;682;190;0;30240;14444;0;15.9;7.6;0.0
32;2021-04-03;182;7;0;30422;14451;0;16.0;7.6;0.0
32;2021-04-04;18;3;0;30440;14454;0;16.0;7.6;0.0
32;2021-04-05;46;3;0;30486;14457;0;16.0;7.6;0.0
32;2021-04-06;2634;365;0;33120;14822;0;17.4;7.8;0.0
32;2021-04-07;1304;235;0;34424;15057;0;18.1;7.9;0.0
32;2021-04-08;1856;420;0;36280;15477;0;19.1;8.1;0.0
32;2021-04-09;976;236;0;37256;15713;0;19.6;8.3;0.0
32;2021-04-10;904;45;0;38160;15758;0;20.1;8.3;0.0
32;2021-04-11;43;3;0;38203;15761;0;20.1;8.3;0.0
32;2021-04-12;589;65;0;38792;15826;0;20.4;8.3;0.0
32;2021-04-13;2560;405;0;41352;16231;0;21.8;8.5;0.0
32;2021-04-14;1332;294;0;42684;16525;0;22.5;8.7;0.0
32;2021-04-15;1803;456;0;44487;16981;0;23.4;8.9;0.0
32;2021-04-16;732;340;0;45219;17321;0;23.8;9.1;0.0
32;2021-04-17;838;61;0;46057;17382;0;24.2;9.1;0.0
32;2021-04-18;31;6;0;46088;17388;0;24.3;9.1;0.0
32;2021-04-19;537;117;0;46625;17505;0;24.5;9.2;0.0
32;2021-04-20;2379;484;0;49004;17989;0;25.8;9.5;0.0
32;2021-04-21;1005;398;0;50009;18387;0;26.3;9.7;0.0
32;2021-04-22;1651;429;0;51660;18816;0;27.2;9.9;0.0
32;2021-04-23;558;229;0;52218;19045;0;27.5;10.0;0.0
32;2021-04-24;1345;104;0;53563;19149;0;28.2;10.1;0.0
32;2021-04-25;13;18;0;53576;19167;0;28.2;10.1;0.0
32;2021-04-26;360;440;0;53936;19607;0;28.4;10.3;0.0
32;2021-04-27;2298;675;0;56234;20282;0;29.6;10.7;0.0
32;2021-04-28;913;452;0;57147;20734;0;30.1;10.9;0.0
32;2021-04-29;1017;984;0;58164;21718;0;30.6;11.4;0.0
32;2021-04-30;507;435;0;58671;22153;0;30.9;11.7;0.0
32;2021-05-01;2406;120;0;61077;22273;0;32.1;11.7;0.0
32;2021-05-02;16;10;0;61093;22283;0;32.1;11.7;0.0
32;2021-05-03;271;489;0;61364;22772;0;32.3;12.0;0.0
32;2021-05-04;814;2530;0;62178;25302;0;32.7;13.3;0.0
32;2021-05-05;2104;1198;0;64282;26500;0;33.8;13.9;0.0
32;2021-05-06;614;1765;0;64896;28265;0;34.1;14.9;0.0
32;2021-05-07;2003;671;0;66899;28936;0;35.2;15.2;0.0
32;2021-05-08;141;478;0;67040;29414;0;35.3;15.5;0.0
32;2021-05-09;40;201;0;67080;29615;0;35.3;15.6;0.0
32;2021-05-10;1572;625;0;68652;30240;0;36.1;15.9;0.0
32;2021-05-11;771;2308;0;69423;32548;0;36.5;17.1;0.0
32;2021-05-12;1880;1132;0;71303;33680;0;37.5;17.7;0.0
32;2021-05-13;396;1375;0;71699;35055;0;37.7;18.4;0.0
32;2021-05-14;1649;371;0;73348;35426;0;38.6;18.6;0.0
32;2021-05-15;251;730;0;73599;36156;0;38.7;19.0;0.0
32;2021-05-16;49;5;0;73648;36161;0;38.8;19.0;0.0
32;2021-05-17;362;264;0;74010;36425;0;38.9;19.2;0.0
32;2021-05-18;1454;336;0;75464;36761;0;39.7;19.3;0.0
32;2021-05-19;2066;305;0;77530;37066;0;40.8;19.5;0.0
32;2021-05-20;2040;459;0;79570;37525;0;41.9;19.7;0.0
32;2021-05-21;1452;490;0;81022;38015;0;42.6;20.0;0.0
32;2021-05-22;421;137;0;81443;38152;0;42.9;20.1;0.0
32;2021-05-23;36;18;0;81479;38170;0;42.9;20.1;0.0
32;2021-05-24;106;14;0;81585;38184;0;42.9;20.1;0.0
32;2021-05-25;1534;436;0;83119;38620;0;43.7;20.3;0.0
32;2021-05-26;1870;594;0;84989;39214;0;44.7;20.6;0.0
32;2021-05-27;1833;693;0;86822;39907;0;45.7;21.0;0.0
32;2021-05-28;1251;829;0;88073;40736;0;46.3;21.4;0.0
32;2021-05-29;411;370;0;88484;41106;0;46.6;21.6;0.0
32;2021-05-30;12;13;0;88496;41119;0;46.6;21.6;0.0
32;2021-05-31;883;645;0;89379;41764;0;47.0;22.0;0.0
32;2021-06-01;671;2746;0;90050;44510;0;47.4;23.4;0.0
32;2021-06-02;1158;1264;0;91208;45774;0;48.0;24.1;0.0
32;2021-06-03;570;2021;0;91778;47795;0;48.3;25.1;0.0
32;2021-06-04;1323;870;0;93101;48665;0;49.0;25.6;0.0
32;2021-06-05;294;1604;0;93395;50269;0;49.1;26.5;0.0
32;2021-06-06;56;29;0;93451;50298;0;49.2;26.5;0.0
32;2021-06-07;265;460;0;93716;50758;0;49.3;26.7;0.0
32;2021-06-08;734;2334;0;94450;53092;0;49.7;27.9;0.0
32;2021-06-09;1052;981;0;95502;54073;0;50.3;28.5;0.0
32;2021-06-10;732;1142;0;96234;55215;0;50.6;29.1;0.0
32;2021-06-11;882;683;0;97116;55898;0;51.1;29.4;0.0
32;2021-06-12;260;2483;0;97376;58381;0;51.2;30.7;0.0
32;2021-06-13;76;14;0;97452;58395;0;51.3;30.7;0.0
32;2021-06-14;506;376;0;97958;58771;0;51.5;30.9;0.0
32;2021-06-15;1548;1056;0;99506;59827;0;52.4;31.5;0.0
32;2021-06-16;870;2535;0;100376;62362;0;52.8;32.8;0.0
32;2021-06-17;750;882;0;101126;63244;0;53.2;33.3;0.0
32;2021-06-18;311;2419;0;101437;65663;0;53.4;34.6;0.0
32;2021-06-19;948;509;0;102385;66172;0;53.9;34.8;0.0
32;2021-06-20;52;36;0;102437;66208;0;53.9;34.8;0.0
32;2021-06-21;158;1658;0;102595;67866;0;54.0;35.7;0.0
32;2021-06-22;982;1050;0;103577;68916;0;54.5;36.3;0.0
32;2021-06-23;550;1825;0;104127;70741;0;54.8;37.2;0.0
32;2021-06-24;607;641;0;104734;71382;0;55.1;37.6;0.0
32;2021-06-25;501;1838;0;105235;73220;0;55.4;38.5;0.0
32;2021-06-26;175;308;0;105410;73528;0;55.5;38.7;0.0
32;2021-06-27;46;62;0;105456;73590;0;55.5;38.7;0.0
32;2021-06-28;630;599;0;106086;74189;0;55.8;39.0;0.0
32;2021-06-29;797;1793;0;106883;75982;0;56.2;40.0;0.0
32;2021-06-30;775;2323;0;107658;78305;0;56.7;41.2;0.0
32;2021-07-01;579;2129;0;108237;80434;0;57.0;42.3;0.0
32;2021-07-02;654;1756;0;108891;82190;0;57.3;43.2;0.0
32;2021-07-03;506;593;0;109397;82783;0;57.6;43.6;0.0
32;2021-07-04;37;48;0;109434;82831;0;57.6;43.6;0.0
32;2021-07-05;192;418;0;109626;83249;0;57.7;43.8;0.0
32;2021-07-06;837;1868;1;110463;85117;1;58.1;44.8;0.0
32;2021-07-07;805;2195;0;111268;87312;1;58.5;45.9;0.0
32;2021-07-08;518;1828;0;111786;89140;1;58.8;46.9;0.0
32;2021-07-09;640;1623;0;112426;90763;1;59.2;47.8;0.0
32;2021-07-10;536;597;0;112962;91360;1;59.4;48.1;0.0
32;2021-07-11;24;37;0;112986;91397;1;59.5;48.1;0.0
32;2021-07-12;505;1114;0;113491;92511;1;59.7;48.7;0.0
32;2021-07-13;1499;1684;0;114990;94195;1;60.5;49.6;0.0
32;2021-07-14;549;103;0;115539;94298;1;60.8;49.6;0.0
32;2021-07-15;1642;941;0;117181;95239;1;61.7;50.1;0.0
32;2021-07-16;1048;1687;0;118229;96926;1;62.2;51.0;0.0
32;2021-07-17;200;313;0;118429;97239;1;62.3;51.2;0.0
32;2021-07-18;75;80;0;118504;97319;1;62.4;51.2;0.0
32;2021-07-19;1550;374;0;120054;97693;1;63.2;51.4;0.0
32;2021-07-20;1624;1297;0;121678;98990;1;64.0;52.1;0.0
32;2021-07-21;1344;1578;0;123022;100568;1;64.7;52.9;0.0
32;2021-07-22;1613;647;1;124635;101215;2;65.6;53.3;0.0
32;2021-07-23;1121;1630;0;125756;102845;2;66.2;54.1;0.0
32;2021-07-24;263;298;0;126019;103143;2;66.3;54.3;0.0
32;2021-07-25;133;65;0;126152;103208;2;66.4;54.3;0.0
32;2021-07-26;910;1054;0;127062;104262;2;66.9;54.9;0.0
32;2021-07-27;1392;1867;0;128454;106129;2;67.6;55.8;0.0
32;2021-07-28;731;996;0;129185;107125;2;68.0;56.4;0.0
32;2021-07-29;1467;1343;0;130652;108468;2;68.7;57.1;0.0
32;2021-07-30;510;484;0;131162;108952;2;69.0;57.3;0.0
32;2021-07-31;316;450;0;131478;109402;2;69.2;57.6;0.0
32;2021-08-01;62;35;0;131540;109437;2;69.2;57.6;0.0
32;2021-08-02;258;202;0;131798;109639;2;69.4;57.7;0.0
32;2021-08-03;1092;1665;0;132890;111304;2;69.9;58.6;0.0
32;2021-08-04;664;670;0;133554;111974;2;70.3;58.9;0.0
32;2021-08-05;1074;1771;0;134628;113745;2;70.8;59.9;0.0
32;2021-08-06;617;588;0;135245;114333;2;71.2;60.2;0.0
32;2021-08-07;250;225;0;135495;114558;2;71.3;60.3;0.0
32;2021-08-08;45;55;0;135540;114613;2;71.3;60.3;0.0
32;2021-08-09;347;1621;0;135887;116234;2;71.5;61.2;0.0
32;2021-08-10;617;1850;0;136504;118084;2;71.8;62.1;0.0
32;2021-08-11;610;548;0;137114;118632;2;72.2;62.4;0.0
32;2021-08-12;893;1864;0;138007;120496;2;72.6;63.4;0.0
32;2021-08-13;280;386;0;138287;120882;2;72.8;63.6;0.0
32;2021-08-14;225;267;0;138512;121149;2;72.9;63.7;0.0
32;2021-08-15;16;74;0;138528;121223;2;72.9;63.8;0.0
32;2021-08-16;172;240;0;138700;121463;2;73.0;63.9;0.0
32;2021-08-17;514;2096;0;139214;123559;2;73.3;65.0;0.0
32;2021-08-18;373;595;0;139587;124154;2;73.5;65.3;0.0
32;2021-08-19;900;1267;0;140487;125421;2;73.9;66.0;0.0
32;2021-08-20;234;362;0;140721;125783;2;74.0;66.2;0.0
32;2021-08-21;192;334;0;140913;126117;2;74.1;66.4;0.0
32;2021-08-22;23;76;0;140936;126193;2;74.2;66.4;0.0
32;2021-08-23;102;319;0;141038;126512;2;74.2;66.6;0.0
32;2021-08-24;571;1395;0;141609;127907;2;74.5;67.3;0.0
32;2021-08-25;148;357;0;141757;128264;2;74.6;67.5;0.0
32;2021-08-26;341;1982;0;142098;130246;2;74.8;68.5;0.0
32;2021-08-27;314;633;0;142412;130879;2;74.9;68.9;0.0
32;2021-08-28;127;240;0;142539;131119;2;75.0;69.0;0.0
32;2021-08-29;17;59;0;142556;131178;2;75.0;69.0;0.0
32;2021-08-30;67;251;2;142623;131429;4;75.0;69.2;0.0
32;2021-08-31;232;1479;23;142855;132908;27;75.2;69.9;0.0
32;2021-09-01;614;786;48;143469;133694;75;75.5;70.4;0.0
32;2021-09-02;304;1398;150;143773;135092;225;75.7;71.1;0.1
32;2021-09-03;210;434;28;143983;135526;253;75.8;71.3;0.1
32;2021-09-04;77;284;17;144060;135810;270;75.8;71.5;0.1
32;2021-09-05;32;32;0;144092;135842;270;75.8;71.5;0.1
32;2021-09-06;87;176;44;144179;136018;314;75.9;71.6;0.2
32;2021-09-07;426;723;112;144605;136741;426;76.1;72.0;0.2
32;2021-09-08;267;541;79;144872;137282;505;76.2;72.2;0.3
32;2021-09-09;200;840;191;145072;138122;696;76.3;72.7;0.4
32;2021-09-10;210;270;55;145282;138392;751;76.4;72.8;0.4
32;2021-09-11;110;257;30;145392;138649;781;76.5;73.0;0.4
32;2021-09-12;6;20;1;145398;138669;782;76.5;73.0;0.4
32;2021-09-13;35;72;22;145433;138741;804;76.5;73.0;0.4
32;2021-09-14;309;545;304;145742;139286;1108;76.7;73.3;0.6
32;2021-09-15;221;239;140;145963;139525;1248;76.8;73.4;0.7
32;2021-09-16;178;240;177;146141;139765;1425;76.9;73.5;0.7
32;2021-09-17;197;376;221;146338;140141;1646;77.0;73.7;0.9
32;2021-09-18;62;144;24;146400;140285;1670;77.0;73.8;0.9
32;2021-09-19;4;21;0;146404;140306;1670;77.0;73.8;0.9
32;2021-09-20;21;51;62;146425;140357;1732;77.0;73.9;0.9
32;2021-09-21;234;386;338;146659;140743;2070;77.2;74.1;1.1
32;2021-09-22;208;542;198;146867;141285;2268;77.3;74.3;1.2
32;2021-09-23;128;213;207;146995;141498;2475;77.3;74.5;1.3
32;2021-09-24;102;296;224;147097;141794;2699;77.4;74.6;1.4
32;2021-09-25;63;125;28;147160;141919;2727;77.4;74.7;1.4
32;2021-09-26;5;23;3;147165;141942;2730;77.4;74.7;1.4
32;2021-09-27;33;75;136;147198;142017;2866;77.5;74.7;1.5
32;2021-09-28;102;459;603;147300;142476;3469;77.5;75.0;1.8
32;2021-09-29;92;359;470;147392;142835;3939;77.6;75.2;2.1
32;2021-09-30;122;179;260;147514;143014;4199;77.6;75.3;2.2
32;2021-10-01;125;262;197;147639;143276;4396;77.7;75.4;2.3
32;2021-10-02;41;130;46;147680;143406;4442;77.7;75.5;2.3
32;2021-10-03;2;8;7;147682;143414;4449;77.7;75.5;2.3
32;2021-10-04;24;35;59;147706;143449;4508;77.7;75.5;2.4
32;2021-10-05;72;268;437;147778;143717;4945;77.8;75.6;2.6
32;2021-10-06;65;272;306;147843;143989;5251;77.8;75.8;2.8
32;2021-10-07;55;190;320;147898;144179;5571;77.8;75.9;2.9
32;2021-10-08;71;249;245;147969;144428;5816;77.9;76.0;3.1
32;2021-10-09;43;88;56;148012;144516;5872;77.9;76.0;3.1
32;2021-10-10;0;0;0;148012;144516;5872;77.9;76.0;3.1
32;2021-10-11;21;31;41;148033;144547;5913;77.9;76.1;3.1
32;2021-10-12;65;156;305;148098;144703;6218;77.9;76.1;3.3
32;2021-10-13;74;178;219;148172;144881;6437;78.0;76.2;3.4
32;2021-10-14;95;257;440;148267;145138;6877;78.0;76.4;3.6
32;2021-10-15;81;160;286;148348;145298;7163;78.1;76.5;3.8
32;2021-10-16;44;71;61;148392;145369;7224;78.1;76.5;3.8
32;2021-10-17;2;2;0;148394;145371;7224;78.1;76.5;3.8
32;2021-10-18;19;33;67;148413;145404;7291;78.1;76.5;3.8
32;2021-10-19;81;126;406;148494;145530;7697;78.1;76.6;4.1
32;2021-10-20;44;68;335;148538;145598;8032;78.2;76.6;4.2
32;2021-10-21;48;192;445;148586;145790;8477;78.2;76.7;4.5
32;2021-10-22;55;121;289;148641;145911;8766;78.2;76.8;4.6
32;2021-10-23;40;48;89;148681;145959;8855;78.2;76.8;4.7
32;2021-10-24;3;2;1;148684;145961;8856;78.2;76.8;4.7
32;2021-10-25;17;31;56;148701;145992;8912;78.2;76.8;4.7
32;2021-10-26;59;72;471;148760;146064;9383;78.3;76.9;4.9
32;2021-10-27;36;59;212;148796;146123;9595;78.3;76.9;5.0
32;2021-10-28;52;62;374;148848;146185;9969;78.3;76.9;5.2
32;2021-10-29;61;77;236;148909;146262;10205;78.4;77.0;5.4
32;2021-10-30;33;40;51;148942;146302;10256;78.4;77.0;5.4
32;2021-10-31;0;1;3;148942;146303;10259;78.4;77.0;5.4
32;2021-11-01;7;1;2;148949;146304;10261;78.4;77.0;5.4
32;2021-11-02;53;67;371;149002;146371;10632;78.4;77.0;5.6
32;2021-11-03;40;52;254;149042;146423;10886;78.4;77.0;5.7
32;2021-11-04;40;63;461;149082;146486;11347;78.4;77.1;6.0
32;2021-11-05;45;73;401;149127;146559;11748;78.5;77.1;6.2
32;2021-11-06;28;54;96;149155;146613;11844;78.5;77.1;6.2
32;2021-11-07;3;11;14;149158;146624;11858;78.5;77.2;6.2
32;2021-11-08;35;46;239;149193;146670;12097;78.5;77.2;6.4
32;2021-11-09;68;97;886;149261;146767;12983;78.5;77.2;6.8
32;2021-11-10;54;77;563;149315;146844;13546;78.6;77.3;7.1
32;2021-11-11;10;10;20;149325;146854;13566;78.6;77.3;7.1
32;2021-11-12;57;80;663;149382;146934;14229;78.6;77.3;7.5
32;2021-11-13;25;32;124;149407;146966;14353;78.6;77.3;7.6
32;2021-11-14;0;3;1;149407;146969;14354;78.6;77.3;7.6
32;2021-11-15;32;25;520;149439;146994;14874;78.6;77.3;7.8
32;2021-11-16;79;95;1272;149518;147089;16146;78.7;77.4;8.5
32;2021-11-17;66;64;774;149584;147153;16920;78.7;77.4;8.9
32;2021-11-18;50;66;1107;149634;147219;18027;78.7;77.5;9.5
32;2021-11-19;78;96;928;149712;147315;18955;78.8;77.5;10.0
32;2021-11-20;43;60;281;149755;147375;19236;78.8;77.5;10.1
32;2021-11-21;4;5;2;149759;147380;19238;78.8;77.6;10.1
32;2021-11-22;27;33;454;149786;147413;19692;78.8;77.6;10.4
32;2021-11-23;73;55;1307;149859;147468;20999;78.9;77.6;11.0
32;2021-11-24;56;53;776;149915;147521;21775;78.9;77.6;11.5
32;2021-11-25;69;59;1371;149984;147580;23146;78.9;77.7;12.2
32;2021-11-26;93;70;1633;150077;147650;24779;79.0;77.7;13.0
32;2021-11-27;58;39;747;150135;147689;25526;79.0;77.7;13.4
32;2021-11-28;1;5;15;150136;147694;25541;79.0;77.7;13.4
32;2021-11-29;45;44;1099;150181;147738;26640;79.0;77.7;14.0
32;2021-11-30;93;69;2544;150274;147807;29184;79.1;77.8;15.4
32;2021-12-01;60;63;1913;150334;147870;31097;79.1;77.8;16.4
32;2021-12-02;53;43;2620;150387;147913;33717;79.1;77.8;17.7
32;2021-12-03;48;62;1874;150435;147975;35591;79.2;77.9;18.7
32;2021-12-04;28;33;564;150463;148008;36155;79.2;77.9;19.0
32;2021-12-05;6;5;102;150469;148013;36257;79.2;77.9;19.1
32;2021-12-06;43;36;1687;150512;148049;37944;79.2;77.9;20.0
32;2021-12-07;86;89;3716;150598;148138;41660;79.2;78.0;21.9
32;2021-12-08;95;87;3042;150693;148225;44702;79.3;78.0;23.5
32;2021-12-09;70;51;2907;150763;148276;47609;79.3;78.0;25.1
32;2021-12-10;66;79;2642;150829;148355;50251;79.4;78.1;26.4
32;2021-12-11;32;43;731;150861;148398;50982;79.4;78.1;26.8
32;2021-12-12;2;5;120;150863;148403;51102;79.4;78.1;26.9
32;2021-12-13;64;41;2064;150927;148444;53166;79.4;78.1;28.0
32;2021-12-14;100;92;3628;151027;148536;56794;79.5;78.2;29.9
32;2021-12-15;81;75;2730;151108;148611;59524;79.5;78.2;31.3
32;2021-12-16;78;87;3218;151186;148698;62742;79.6;78.2;33.0
32;2021-12-17;91;98;2356;151277;148796;65098;79.6;78.3;34.3
32;2021-12-18;52;62;880;151329;148858;65978;79.6;78.3;34.7
32;2021-12-19;7;5;136;151336;148863;66114;79.6;78.3;34.8
32;2021-12-20;83;58;1850;151419;148921;67964;79.7;78.4;35.8
32;2021-12-21;121;101;2799;151540;149022;70763;79.7;78.4;37.2
32;2021-12-22;102;76;1642;151642;149098;72405;79.8;78.5;38.1
32;2021-12-23;78;61;1321;151720;149159;73726;79.8;78.5;38.8
32;2021-12-24;8;10;168;151728;149169;73894;79.8;78.5;38.9
32;2021-12-25;0;2;8;151728;149171;73902;79.8;78.5;38.9
32;2021-12-26;2;5;38;151730;149176;73940;79.8;78.5;38.9
32;2021-12-27;38;61;1379;151768;149237;75319;79.9;78.5;39.6
32;2021-12-28;114;88;2184;151882;149325;77503;79.9;78.6;40.8
33;2020-12-27;2;0;0;2;0;0;0.0;0.0;0.0
33;2020-12-28;2;0;0;4;0;0;0.0;0.0;0.0
33;2020-12-29;0;0;0;4;0;0;0.0;0.0;0.0
33;2020-12-30;3;0;0;7;0;0;0.0;0.0;0.0
33;2020-12-31;1;0;0;8;0;0;0.0;0.0;0.0
33;2021-01-01;2;0;0;10;0;0;0.0;0.0;0.0
33;2021-01-02;1;1;0;11;1;0;0.0;0.0;0.0
33;2021-01-03;1;0;0;12;1;0;0.0;0.0;0.0
33;2021-01-04;2;0;0;14;1;0;0.0;0.0;0.0
33;2021-01-05;3;0;0;17;1;0;0.0;0.0;0.0
33;2021-01-06;150;1;0;167;2;0;0.0;0.0;0.0
33;2021-01-07;1344;4;0;1511;6;0;0.1;0.0;0.0
33;2021-01-08;1204;3;0;2715;9;0;0.2;0.0;0.0
33;2021-01-09;296;1;0;3011;10;0;0.2;0.0;0.0
33;2021-01-10;225;0;0;3236;10;0;0.2;0.0;0.0
33;2021-01-11;650;0;0;3886;10;0;0.2;0.0;0.0
33;2021-01-12;1438;2;0;5324;12;0;0.3;0.0;0.0
33;2021-01-13;1376;9;0;6700;21;0;0.4;0.0;0.0
33;2021-01-14;1341;16;0;8041;37;0;0.5;0.0;0.0
33;2021-01-15;1596;16;0;9637;53;0;0.6;0.0;0.0
33;2021-01-16;567;9;0;10204;62;0;0.6;0.0;0.0
33;2021-01-17;403;4;0;10607;66;0;0.6;0.0;0.0
33;2021-01-18;1227;13;0;11834;79;0;0.7;0.0;0.0
33;2021-01-19;2962;11;0;14796;90;0;0.9;0.0;0.0
33;2021-01-20;3342;16;0;18138;106;0;1.1;0.0;0.0
33;2021-01-21;2856;5;0;20994;111;0;1.3;0.0;0.0
33;2021-01-22;2305;8;0;23299;119;0;1.4;0.0;0.0
33;2021-01-23;847;3;0;24146;122;0;1.5;0.0;0.0
33;2021-01-24;508;2;0;24654;124;0;1.5;0.0;0.0
33;2021-01-25;2139;62;0;26793;186;0;1.6;0.0;0.0
33;2021-01-26;2287;167;0;29080;353;0;1.8;0.0;0.0
33;2021-01-27;2330;214;0;31410;567;0;1.9;0.0;0.0
33;2021-01-28;2213;481;0;33623;1048;0;2.1;0.1;0.0
33;2021-01-29;1779;706;0;35402;1754;0;2.2;0.1;0.0
33;2021-01-30;710;171;0;36112;1925;0;2.2;0.1;0.0
33;2021-01-31;370;156;0;36482;2081;0;2.2;0.1;0.0
33;2021-02-01;1357;659;0;37839;2740;0;2.3;0.2;0.0
33;2021-02-02;2562;1117;0;40401;3857;0;2.5;0.2;0.0
33;2021-02-03;2782;886;0;43183;4743;0;2.6;0.3;0.0
33;2021-02-04;3906;1346;0;47089;6089;0;2.9;0.4;0.0
33;2021-02-05;2140;1163;0;49229;7252;0;3.0;0.4;0.0
33;2021-02-06;651;204;0;49880;7456;0;3.1;0.5;0.0
33;2021-02-07;224;229;0;50104;7685;0;3.1;0.5;0.0
33;2021-02-08;1226;759;0;51330;8444;0;3.1;0.5;0.0
33;2021-02-09;1346;1659;0;52676;10103;0;3.2;0.6;0.0
33;2021-02-10;1287;1699;0;53963;11802;0;3.3;0.7;0.0
33;2021-02-11;1311;1523;0;55274;13325;0;3.4;0.8;0.0
33;2021-02-12;1172;1278;0;56446;14603;0;3.5;0.9;0.0
33;2021-02-13;223;300;0;56669;14903;0;3.5;0.9;0.0
33;2021-02-14;32;238;0;56701;15141;0;3.5;0.9;0.0
33;2021-02-15;684;1705;0;57385;16846;0;3.5;1.0;0.0
33;2021-02-16;835;2054;0;58220;18900;0;3.6;1.2;0.0
33;2021-02-17;727;2082;0;58947;20982;0;3.6;1.3;0.0
33;2021-02-18;930;2234;0;59877;23216;0;3.7;1.4;0.0
33;2021-02-19;924;1990;0;60801;25206;0;3.7;1.5;0.0
33;2021-02-20;83;656;0;60884;25862;0;3.7;1.6;0.0
33;2021-02-21;36;449;0;60920;26311;0;3.7;1.6;0.0
33;2021-02-22;686;1888;0;61606;28199;0;3.8;1.7;0.0
33;2021-02-23;1191;2726;0;62797;30925;0;3.8;1.9;0.0
33;2021-02-24;1321;2506;0;64118;33431;0;3.9;2.0;0.0
33;2021-02-25;2765;3694;0;66883;37125;0;4.1;2.3;0.0
33;2021-02-26;3955;2314;0;70838;39439;0;4.3;2.4;0.0
33;2021-02-27;1338;721;0;72176;40160;0;4.4;2.5;0.0
33;2021-02-28;116;488;0;72292;40648;0;4.4;2.5;0.0
33;2021-03-01;1487;1794;0;73779;42442;0;4.5;2.6;0.0
33;2021-03-02;2276;1753;0;76055;44195;0;4.7;2.7;0.0
33;2021-03-03;2270;1749;0;78325;45944;0;4.8;2.8;0.0
33;2021-03-04;3868;1665;0;82193;47609;0;5.0;2.9;0.0
33;2021-03-05;5685;1779;0;87878;49388;0;5.4;3.0;0.0
33;2021-03-06;3425;560;0;91303;49948;0;5.6;3.1;0.0
33;2021-03-07;786;158;0;92089;50106;0;5.6;3.1;0.0
33;2021-03-08;2608;1140;0;94697;51246;0;5.8;3.1;0.0
33;2021-03-09;4379;1342;0;99076;52588;0;6.1;3.2;0.0
33;2021-03-10;5055;1278;0;104131;53866;0;6.4;3.3;0.0
33;2021-03-11;7373;1269;0;111504;55135;0;6.8;3.4;0.0
33;2021-03-12;9841;1203;0;121345;56338;0;7.4;3.4;0.0
33;2021-03-13;5074;235;0;126419;56573;0;7.7;3.5;0.0
33;2021-03-14;697;27;0;127116;56600;0;7.8;3.5;0.0
33;2021-03-15;4236;675;0;131352;57275;0;8.0;3.5;0.0
33;2021-03-16;3462;873;0;134814;58148;0;8.3;3.6;0.0
33;2021-03-17;3593;949;0;138407;59097;0;8.5;3.6;0.0
33;2021-03-18;3928;1417;0;142335;60514;0;8.7;3.7;0.0
33;2021-03-19;6096;1044;0;148431;61558;0;9.1;3.8;0.0
33;2021-03-20;3293;118;0;151724;61676;0;9.3;3.8;0.0
33;2021-03-21;460;29;0;152184;61705;0;9.3;3.8;0.0
33;2021-03-22;4674;456;0;156858;62161;0;9.6;3.8;0.0
33;2021-03-23;6020;598;0;162878;62759;0;10.0;3.8;0.0
33;2021-03-24;6930;546;0;169808;63305;0;10.4;3.9;0.0
33;2021-03-25;8670;644;0;178478;63949;0;10.9;3.9;0.0
33;2021-03-26;9823;849;0;188301;64798;0;11.5;4.0;0.0
33;2021-03-27;3558;88;0;191859;64886;0;11.7;4.0;0.0
33;2021-03-28;581;31;0;192440;64917;0;11.8;4.0;0.0
33;2021-03-29;6561;688;0;199001;65605;0;12.2;4.0;0.0
33;2021-03-30;7844;1024;0;206845;66629;0;12.7;4.1;0.0
33;2021-03-31;7388;1070;0;214233;67699;0;13.1;4.1;0.0
33;2021-04-01;8601;1171;0;222834;68870;0;13.6;4.2;0.0
33;2021-04-02;8159;1526;0;230993;70396;0;14.1;4.3;0.0
33;2021-04-03;2796;550;0;233789;70946;0;14.3;4.3;0.0
33;2021-04-04;232;165;0;234021;71111;0;14.3;4.4;0.0
33;2021-04-05;763;117;0;234784;71228;0;14.4;4.4;0.0
33;2021-04-06;5854;2613;0;240638;73841;0;14.7;4.5;0.0
33;2021-04-07;7188;2547;0;247826;76388;0;15.2;4.7;0.0
33;2021-04-08;10017;2711;0;257843;79099;0;15.8;4.8;0.0
33;2021-04-09;12354;3012;0;270197;82111;0;16.5;5.0;0.0
33;2021-04-10;5217;1372;0;275414;83483;0;16.9;5.1;0.0
33;2021-04-11;993;343;0;276407;83826;0;16.9;5.1;0.0
33;2021-04-12;7243;3130;0;283650;86956;0;17.4;5.3;0.0
33;2021-04-13;9081;3380;0;292731;90336;0;17.9;5.5;0.0
33;2021-04-14;8800;3610;0;301531;93946;0;18.5;5.8;0.0
33;2021-04-15;9902;3769;0;311433;97715;0;19.1;6.0;0.0
33;2021-04-16;9472;4076;0;320905;101791;0;19.6;6.2;0.0
33;2021-04-17;4538;1607;0;325443;103398;0;19.9;6.3;0.0
33;2021-04-18;932;410;0;326375;103808;0;20.0;6.4;0.0
33;2021-04-19;5401;3624;0;331776;107432;0;20.3;6.6;0.0
33;2021-04-20;7097;4102;0;338873;111534;0;20.7;6.8;0.0
33;2021-04-21;6377;4219;0;345250;115753;0;21.1;7.1;0.0
33;2021-04-22;7123;4328;0;352373;120081;0;21.6;7.4;0.0
33;2021-04-23;7484;4637;0;359857;124718;0;22.0;7.6;0.0
33;2021-04-24;4424;1750;0;364281;126468;0;22.3;7.7;0.0
33;2021-04-25;1605;424;0;365886;126892;0;22.4;7.8;0.0
33;2021-04-26;5001;4921;0;370887;131813;0;22.7;8.1;0.0
33;2021-04-27;6379;5499;0;377266;137312;0;23.1;8.4;0.0
33;2021-04-28;6541;5369;0;383807;142681;0;23.5;8.7;0.0
33;2021-04-29;8130;6080;0;391937;148761;0;24.0;9.1;0.0
33;2021-04-30;8488;6006;0;400425;154767;0;24.5;9.5;0.0
33;2021-05-01;2846;575;0;403271;155342;0;24.7;9.5;0.0
33;2021-05-02;1802;346;0;405073;155688;0;24.8;9.5;0.0
33;2021-05-03;6811;5067;0;411884;160755;0;25.2;9.8;0.0
33;2021-05-04;6642;6445;0;418526;167200;0;25.6;10.2;0.0
33;2021-05-05;7087;7346;0;425613;174546;0;26.1;10.7;0.0
33;2021-05-06;8389;8074;0;434002;182620;0;26.6;11.2;0.0
33;2021-05-07;8445;8686;0;442447;191306;0;27.1;11.7;0.0
33;2021-05-08;3540;1602;0;445987;192908;0;27.3;11.8;0.0
33;2021-05-09;1139;976;0;447126;193884;0;27.4;11.9;0.0
33;2021-05-10;6607;7102;0;453733;200986;0;27.8;12.3;0.0
33;2021-05-11;8456;7652;0;462189;208638;0;28.3;12.8;0.0
33;2021-05-12;9034;6497;0;471223;215135;0;28.8;13.2;0.0
33;2021-05-13;5335;2062;0;476558;217197;0;29.2;13.3;0.0
33;2021-05-14;8260;5223;0;484818;222420;0;29.7;13.6;0.0
33;2021-05-15;5324;2847;0;490142;225267;0;30.0;13.8;0.0
33;2021-05-16;1939;792;0;492081;226059;0;30.1;13.8;0.0
33;2021-05-17;8768;4929;0;500849;230988;0;30.7;14.1;0.0
33;2021-05-18;10639;4722;0;511488;235710;0;31.3;14.4;0.0
33;2021-05-19;10899;4693;0;522387;240403;0;32.0;14.7;0.0
33;2021-05-20;11099;5450;0;533486;245853;0;32.7;15.1;0.0
33;2021-05-21;11051;6136;0;544537;251989;0;33.3;15.4;0.0
33;2021-05-22;5574;2725;0;550111;254714;0;33.7;15.6;0.0
33;2021-05-23;2059;402;0;552170;255116;0;33.8;15.6;0.0
33;2021-05-24;5859;1008;0;558029;256124;0;34.2;15.7;0.0
33;2021-05-25;9820;5633;0;567849;261757;0;34.8;16.0;0.0
33;2021-05-26;9926;5915;0;577775;267672;0;35.4;16.4;0.0
33;2021-05-27;11111;7631;0;588886;275303;0;36.1;16.9;0.0
33;2021-05-28;10202;9404;0;599088;284707;0;36.7;17.4;0.0
33;2021-05-29;5510;4090;0;604598;288797;0;37.0;17.7;0.0
33;2021-05-30;1999;677;0;606597;289474;0;37.1;17.7;0.0
33;2021-05-31;8573;6271;0;615170;295745;0;37.7;18.1;0.0
33;2021-06-01;11797;8526;0;626967;304271;0;38.4;18.6;0.0
33;2021-06-02;11789;8013;0;638756;312284;0;39.1;19.1;0.0
33;2021-06-03;12787;9059;0;651543;321343;0;39.9;19.7;0.0
33;2021-06-04;13072;10670;0;664615;332013;0;40.7;20.3;0.0
33;2021-06-05;5767;5014;0;670382;337027;0;41.0;20.6;0.0
33;2021-06-06;2616;1189;0;672998;338216;0;41.2;20.7;0.0
33;2021-06-07;9677;8182;0;682675;346398;0;41.8;21.2;0.0
33;2021-06-08;11685;9141;0;694360;355539;0;42.5;21.8;0.0
33;2021-06-09;11622;8352;0;705982;363891;0;43.2;22.3;0.0
33;2021-06-10;12824;8235;0;718806;372126;0;44.0;22.8;0.0
33;2021-06-11;12437;10841;0;731243;382967;0;44.8;23.4;0.0
33;2021-06-12;6499;4442;0;737742;387409;0;45.2;23.7;0.0
33;2021-06-13;2742;1317;0;740484;388726;0;45.3;23.8;0.0
33;2021-06-14;8341;9858;0;748825;398584;0;45.8;24.4;0.0
33;2021-06-15;11623;9995;1;760448;408579;1;46.6;25.0;0.0
33;2021-06-16;11626;8738;0;772074;417317;1;47.3;25.5;0.0
33;2021-06-17;12729;9390;0;784803;426707;1;48.0;26.1;0.0
33;2021-06-18;11444;11167;0;796247;437874;1;48.7;26.8;0.0
33;2021-06-19;5696;4877;0;801943;442751;1;49.1;27.1;0.0
33;2021-06-20;2874;1496;0;804817;444247;1;49.3;27.2;0.0
33;2021-06-21;7662;9868;0;812479;454115;1;49.7;27.8;0.0
33;2021-06-22;8635;10949;0;821114;465064;1;50.3;28.5;0.0
33;2021-06-23;8355;10675;0;829469;475739;1;50.8;29.1;0.0
33;2021-06-24;9307;9823;0;838776;485562;1;51.4;29.7;0.0
33;2021-06-25;7636;13501;0;846412;499063;1;51.8;30.6;0.0
33;2021-06-26;4242;6130;0;850654;505193;1;52.1;30.9;0.0
33;2021-06-27;2363;2069;0;853017;507262;1;52.2;31.1;0.0
33;2021-06-28;4630;12666;0;857647;519928;1;52.5;31.8;0.0
33;2021-06-29;6172;13425;0;863819;533353;1;52.9;32.7;0.0
33;2021-06-30;6435;13191;0;870254;546544;1;53.3;33.5;0.0
33;2021-07-01;7830;11734;0;878084;558278;1;53.8;34.2;0.0
33;2021-07-02;6684;15079;0;884768;573357;1;54.2;35.1;0.0
33;2021-07-03;3203;7223;0;887971;580580;1;54.4;35.5;0.0
33;2021-07-04;1967;2499;0;889938;583079;1;54.5;35.7;0.0
33;2021-07-05;4219;12782;0;894157;595861;1;54.7;36.5;0.0
33;2021-07-06;5820;14434;0;899977;610295;1;55.1;37.4;0.0
33;2021-07-07;6468;12946;0;906445;623241;1;55.5;38.2;0.0
33;2021-07-08;7557;12714;0;914002;635955;1;56.0;38.9;0.0
33;2021-07-09;6159;14965;0;920161;650920;1;56.3;39.8;0.0
33;2021-07-10;3116;7457;0;923277;658377;1;56.5;40.3;0.0
33;2021-07-11;1776;2380;0;925053;660757;1;56.6;40.5;0.0
33;2021-07-12;3820;14561;3;928873;675318;4;56.9;41.3;0.0
33;2021-07-13;6948;15889;1;935821;691207;5;57.3;42.3;0.0
33;2021-07-14;3892;5405;0;939713;696612;5;57.5;42.6;0.0
33;2021-07-15;7451;15734;0;947164;712346;5;58.0;43.6;0.0
33;2021-07-16;8288;14992;0;955452;727338;5;58.5;44.5;0.0
33;2021-07-17;3533;6760;0;958985;734098;5;58.7;44.9;0.0
33;2021-07-18;1758;3217;0;960743;737315;5;58.8;45.1;0.0
33;2021-07-19;5812;14858;0;966555;752173;5;59.2;46.0;0.0
33;2021-07-20;7465;15797;0;974020;767970;5;59.6;47.0;0.0
33;2021-07-21;8291;14294;0;982311;782264;5;60.1;47.9;0.0
33;2021-07-22;9235;14760;0;991546;797024;5;60.7;48.8;0.0
33;2021-07-23;9472;16099;0;1001018;813123;5;61.3;49.8;0.0
33;2021-07-24;4143;7672;0;1005161;820795;5;61.5;50.2;0.0
33;2021-07-25;2174;2683;0;1007335;823478;5;61.7;50.4;0.0
33;2021-07-26;6917;13084;0;1014252;836562;5;62.1;51.2;0.0
33;2021-07-27;9773;12979;0;1024025;849541;5;62.7;52.0;0.0
33;2021-07-28;10641;11593;0;1034666;861134;5;63.3;52.7;0.0
33;2021-07-29;11427;11554;0;1046093;872688;5;64.0;53.4;0.0
33;2021-07-30;11037;11848;0;1057130;884536;5;64.7;54.2;0.0
33;2021-07-31;4839;5777;0;1061969;890313;5;65.0;54.5;0.0
33;2021-08-01;2523;1936;0;1064492;892249;5;65.2;54.6;0.0
33;2021-08-02;8328;9538;0;1072820;901787;5;65.7;55.2;0.0
33;2021-08-03;11116;8667;0;1083936;910454;5;66.4;55.7;0.0
33;2021-08-04;11237;7067;0;1095173;917521;5;67.0;56.2;0.0
33;2021-08-05;11349;7684;0;1106522;925205;5;67.7;56.6;0.0
33;2021-08-06;10532;8573;0;1117054;933778;5;68.4;57.2;0.0
33;2021-08-07;5741;4436;0;1122795;938214;5;68.7;57.4;0.0
33;2021-08-08;2944;1699;0;1125739;939913;5;68.9;57.5;0.0
33;2021-08-09;8171;8319;0;1133910;948232;5;69.4;58.1;0.0
33;2021-08-10;8816;7982;1;1142726;956214;6;70.0;58.5;0.0
33;2021-08-11;7516;7098;1;1150242;963312;7;70.4;59.0;0.0
33;2021-08-12;7482;7584;0;1157724;970896;7;70.9;59.4;0.0
33;2021-08-13;7223;7228;0;1164947;978124;7;71.3;59.9;0.0
33;2021-08-14;3348;4223;0;1168295;982347;7;71.5;60.1;0.0
33;2021-08-15;1035;1517;0;1169330;983864;7;71.6;60.2;0.0
33;2021-08-16;5949;8121;0;1175279;991985;7;72.0;60.7;0.0
33;2021-08-17;6071;8649;1;1181350;1000634;8;72.3;61.3;0.0
33;2021-08-18;5100;8347;0;1186450;1008981;8;72.6;61.8;0.0
33;2021-08-19;5168;8830;0;1191618;1017811;8;73.0;62.3;0.0
33;2021-08-20;4626;9322;0;1196244;1027133;8;73.2;62.9;0.0
33;2021-08-21;2028;4899;0;1198272;1032032;8;73.4;63.2;0.0
33;2021-08-22;544;2256;0;1198816;1034288;8;73.4;63.3;0.0
33;2021-08-23;3572;9775;0;1202388;1044063;8;73.6;63.9;0.0
33;2021-08-24;3866;10544;0;1206254;1054607;8;73.8;64.6;0.0
33;2021-08-25;3427;9923;0;1209681;1064530;8;74.1;65.2;0.0
33;2021-08-26;3348;10577;0;1213029;1075107;8;74.3;65.8;0.0
33;2021-08-27;3511;11916;0;1216540;1087023;8;74.5;66.5;0.0
33;2021-08-28;1514;6439;0;1218054;1093462;8;74.6;66.9;0.0
33;2021-08-29;401;2281;0;1218455;1095743;8;74.6;67.1;0.0
33;2021-08-30;2205;10010;69;1220660;1105753;77;74.7;67.7;0.0
33;2021-08-31;2980;10255;217;1223640;1116008;294;74.9;68.3;0.0
33;2021-09-01;2872;7925;609;1226512;1123933;903;75.1;68.8;0.1
33;2021-09-02;2566;7342;633;1229078;1131275;1536;75.2;69.3;0.1
33;2021-09-03;2893;8789;805;1231971;1140064;2341;75.4;69.8;0.1
33;2021-09-04;1581;5602;276;1233552;1145666;2617;75.5;70.1;0.2
33;2021-09-05;380;1294;61;1233932;1146960;2678;75.5;70.2;0.2
33;2021-09-06;1550;6017;757;1235482;1152977;3435;75.6;70.6;0.2
33;2021-09-07;1927;5292;889;1237409;1158269;4324;75.8;70.9;0.3
33;2021-09-08;1711;5569;695;1239120;1163838;5019;75.9;71.3;0.3
33;2021-09-09;1703;5172;1149;1240823;1169010;6168;76.0;71.6;0.4
33;2021-09-10;1960;5687;1089;1242783;1174697;7257;76.1;71.9;0.4
33;2021-09-11;988;3914;269;1243771;1178611;7526;76.1;72.2;0.5
33;2021-09-12;125;472;52;1243896;1179083;7578;76.2;72.2;0.5
33;2021-09-13;1363;3299;1269;1245259;1182382;8847;76.2;72.4;0.5
33;2021-09-14;1415;3231;1935;1246674;1185613;10782;76.3;72.6;0.7
33;2021-09-15;1468;4176;1440;1248142;1189789;12222;76.4;72.8;0.7
33;2021-09-16;1375;3073;1959;1249517;1192862;14181;76.5;73.0;0.9
33;2021-09-17;1667;4211;1566;1251184;1197073;15747;76.6;73.3;1.0
33;2021-09-18;627;2931;344;1251811;1200004;16091;76.6;73.5;1.0
33;2021-09-19;109;355;26;1251920;1200359;16117;76.6;73.5;1.0
33;2021-09-20;969;1995;1363;1252889;1202354;17480;76.7;73.6;1.1
33;2021-09-21;898;2288;1752;1253787;1204642;19232;76.8;73.7;1.2
33;2021-09-22;904;3276;1420;1254691;1207918;20652;76.8;73.9;1.3
33;2021-09-23;843;2172;1493;1255534;1210090;22145;76.9;74.1;1.4
33;2021-09-24;1196;3485;1663;1256730;1213575;23808;76.9;74.3;1.5
33;2021-09-25;529;2289;382;1257259;1215864;24190;77.0;74.4;1.5
33;2021-09-26;70;314;34;1257329;1216178;24224;77.0;74.5;1.5
33;2021-09-27;601;1853;1106;1257930;1218031;25330;77.0;74.6;1.6
33;2021-09-28;764;1949;1545;1258694;1219980;26875;77.1;74.7;1.6
33;2021-09-29;841;2097;1084;1259535;1222077;27959;77.1;74.8;1.7
33;2021-09-30;649;1539;1398;1260184;1223616;29357;77.1;74.9;1.8
33;2021-10-01;1198;2478;1322;1261382;1226094;30679;77.2;75.1;1.9
33;2021-10-02;582;1331;447;1261964;1227425;31126;77.3;75.1;1.9
33;2021-10-03;14;51;4;1261978;1227476;31130;77.3;75.1;1.9
33;2021-10-04;658;1273;1379;1262636;1228749;32509;77.3;75.2;2.0
33;2021-10-05;583;1341;1343;1263219;1230090;33852;77.3;75.3;2.1
33;2021-10-06;751;1611;1314;1263970;1231701;35166;77.4;75.4;2.2
33;2021-10-07;552;1365;1562;1264522;1233066;36728;77.4;75.5;2.2
33;2021-10-08;857;1982;1685;1265379;1235048;38413;77.5;75.6;2.4
33;2021-10-09;516;968;583;1265895;1236016;38996;77.5;75.7;2.4
33;2021-10-10;15;45;14;1265910;1236061;39010;77.5;75.7;2.4
33;2021-10-11;491;1028;1637;1266401;1237089;40647;77.5;75.7;2.5
33;2021-10-12;561;1119;1734;1266962;1238208;42381;77.6;75.8;2.6
33;2021-10-13;732;1279;1639;1267694;1239487;44020;77.6;75.9;2.7
33;2021-10-14;524;1051;1924;1268218;1240538;45944;77.6;75.9;2.8
33;2021-10-15;878;1488;2536;1269096;1242026;48480;77.7;76.0;3.0
33;2021-10-16;444;685;667;1269540;1242711;49147;77.7;76.1;3.0
33;2021-10-17;28;35;20;1269568;1242746;49167;77.7;76.1;3.0
33;2021-10-18;537;647;1789;1270105;1243393;50956;77.8;76.1;3.1
33;2021-10-19;575;932;1845;1270680;1244325;52801;77.8;76.2;3.2
33;2021-10-20;602;1010;2118;1271282;1245335;54919;77.8;76.2;3.4
33;2021-10-21;499;728;1976;1271781;1246063;56895;77.9;76.3;3.5
33;2021-10-22;731;1254;2630;1272512;1247317;59525;77.9;76.4;3.6
33;2021-10-23;379;658;726;1272891;1247975;60251;77.9;76.4;3.7
33;2021-10-24;19;27;8;1272910;1248002;60259;77.9;76.4;3.7
33;2021-10-25;506;675;2146;1273416;1248677;62405;78.0;76.4;3.8
33;2021-10-26;466;591;2241;1273882;1249268;64646;78.0;76.5;4.0
33;2021-10-27;586;858;2698;1274468;1250126;67344;78.0;76.5;4.1
33;2021-10-28;453;554;2381;1274921;1250680;69725;78.1;76.6;4.3
33;2021-10-29;606;852;3240;1275527;1251532;72965;78.1;76.6;4.5
33;2021-10-30;299;428;897;1275826;1251960;73862;78.1;76.6;4.5
33;2021-10-31;12;25;22;1275838;1251985;73884;78.1;76.6;4.5
33;2021-11-01;103;65;83;1275941;1252050;73967;78.1;76.7;4.5
33;2021-11-02;489;712;2388;1276430;1252762;76355;78.1;76.7;4.7
33;2021-11-03;523;689;2594;1276953;1253451;78949;78.2;76.7;4.8
33;2021-11-04;429;570;3170;1277382;1254021;82119;78.2;76.8;5.0
33;2021-11-05;581;828;3840;1277963;1254849;85959;78.2;76.8;5.3
33;2021-11-06;268;415;1020;1278231;1255264;86979;78.3;76.8;5.3
33;2021-11-07;15;35;37;1278246;1255299;87016;78.3;76.9;5.3
33;2021-11-08;393;702;3370;1278639;1256001;90386;78.3;76.9;5.5
33;2021-11-09;519;725;4474;1279158;1256726;94860;78.3;76.9;5.8
33;2021-11-10;490;703;4630;1279648;1257429;99490;78.3;77.0;6.1
33;2021-11-11;119;101;393;1279767;1257530;99883;78.3;77.0;6.1
33;2021-11-12;555;762;4601;1280322;1258292;104484;78.4;77.0;6.4
33;2021-11-13;373;388;1482;1280695;1258680;105966;78.4;77.1;6.5
33;2021-11-14;27;49;99;1280722;1258729;106065;78.4;77.1;6.5
33;2021-11-15;448;558;4371;1281170;1259287;110436;78.4;77.1;6.8
33;2021-11-16;515;681;5475;1281685;1259968;115911;78.5;77.1;7.1
33;2021-11-17;495;615;4998;1282180;1260583;120909;78.5;77.2;7.4
33;2021-11-18;523;547;5729;1282703;1261130;126638;78.5;77.2;7.8
33;2021-11-19;726;876;6977;1283429;1262006;133615;78.6;77.3;8.2
33;2021-11-20;368;414;2009;1283797;1262420;135624;78.6;77.3;8.3
33;2021-11-21;19;41;163;1283816;1262461;135787;78.6;77.3;8.3
33;2021-11-22;504;445;4820;1284320;1262906;140607;78.6;77.3;8.6
33;2021-11-23;547;551;6792;1284867;1263457;147399;78.7;77.3;9.0
33;2021-11-24;555;561;5787;1285422;1264018;153186;78.7;77.4;9.4
33;2021-11-25;543;461;7447;1285965;1264479;160633;78.7;77.4;9.8
33;2021-11-26;698;792;10632;1286663;1265271;171265;78.8;77.5;10.5
33;2021-11-27;389;439;4571;1287052;1265710;175836;78.8;77.5;10.8
33;2021-11-28;33;70;1034;1287085;1265780;176870;78.8;77.5;10.8
33;2021-11-29;466;551;9406;1287551;1266331;186276;78.8;77.5;11.4
33;2021-11-30;562;659;12396;1288113;1266990;198672;78.9;77.6;12.2
33;2021-12-01;519;582;11615;1288632;1267572;210287;78.9;77.6;12.9
33;2021-12-02;428;421;14808;1289060;1267993;225095;78.9;77.6;13.8
33;2021-12-03;493;735;16198;1289553;1268728;241293;78.9;77.7;14.8
33;2021-12-04;289;434;7243;1289842;1269162;248536;79.0;77.7;15.2
33;2021-12-05;72;80;2225;1289914;1269242;250761;79.0;77.7;15.4
33;2021-12-06;350;501;12961;1290264;1269743;263722;79.0;77.7;16.1
33;2021-12-07;426;587;16746;1290690;1270330;280468;79.0;77.8;17.2
33;2021-12-08;436;530;15797;1291126;1270860;296265;79.0;77.8;18.1
33;2021-12-09;469;669;18259;1291595;1271529;314524;79.1;77.8;19.3
33;2021-12-10;520;744;19910;1292115;1272273;334434;79.1;77.9;20.5
33;2021-12-11;404;482;11013;1292519;1272755;345447;79.1;77.9;21.1
33;2021-12-12;73;79;2917;1292592;1272834;348364;79.1;77.9;21.3
33;2021-12-13;455;625;17093;1293047;1273459;365457;79.2;78.0;22.4
33;2021-12-14;502;673;21983;1293549;1274132;387440;79.2;78.0;23.7
33;2021-12-15;600;716;20810;1294149;1274848;408250;79.2;78.0;25.0
33;2021-12-16;606;731;22881;1294755;1275579;431131;79.3;78.1;26.4
33;2021-12-17;650;892;24259;1295405;1276471;455390;79.3;78.1;27.9
33;2021-12-18;433;454;11635;1295838;1276925;467025;79.3;78.2;28.6
33;2021-12-19;126;103;3667;1295964;1277028;470692;79.3;78.2;28.8
33;2021-12-20;693;689;17466;1296657;1277717;488158;79.4;78.2;29.9
33;2021-12-21;776;748;20575;1297433;1278465;508733;79.4;78.3;31.1
33;2021-12-22;756;674;18525;1298189;1279139;527258;79.5;78.3;32.3
33;2021-12-23;660;550;14766;1298849;1279689;542024;79.5;78.3;33.2
33;2021-12-24;284;239;5411;1299133;1279928;547435;79.5;78.4;33.5
33;2021-12-25;10;21;180;1299143;1279949;547615;79.5;78.4;33.5
33;2021-12-26;114;100;2716;1299257;1280049;550331;79.5;78.4;33.7
33;2021-12-27;666;587;14031;1299923;1280636;564362;79.6;78.4;34.6
33;2021-12-28;757;714;17493;1300680;1281350;581855;79.6;78.4;35.6
34;2020-12-27;0;0;0;0;0;0;0.0;0.0;0.0
34;2020-12-28;1;0;0;1;0;0;0.0;0.0;0.0
34;2020-12-29;1;0;0;2;0;0;0.0;0.0;0.0
34;2020-12-30;0;0;0;2;0;0;0.0;0.0;0.0
34;2020-12-31;0;0;0;2;0;0;0.0;0.0;0.0
34;2021-01-01;4;0;0;6;0;0;0.0;0.0;0.0
34;2021-01-02;0;0;0;6;0;0;0.0;0.0;0.0
34;2021-01-03;0;0;0;6;0;0;0.0;0.0;0.0
34;2021-01-04;23;0;0;29;0;0;0.0;0.0;0.0
34;2021-01-05;114;2;0;143;2;0;0.0;0.0;0.0
34;2021-01-06;186;5;0;329;7;0;0.0;0.0;0.0
34;2021-01-07;390;0;0;719;7;0;0.1;0.0;0.0
34;2021-01-08;626;0;0;1345;7;0;0.1;0.0;0.0
34;2021-01-09;254;1;0;1599;8;0;0.1;0.0;0.0
34;2021-01-10;92;1;0;1691;9;0;0.1;0.0;0.0
34;2021-01-11;589;2;0;2280;11;0;0.2;0.0;0.0
34;2021-01-12;1046;2;0;3326;13;0;0.3;0.0;0.0
34;2021-01-13;1095;7;0;4421;20;0;0.4;0.0;0.0
34;2021-01-14;1934;13;0;6355;33;0;0.5;0.0;0.0
34;2021-01-15;1506;6;0;7861;39;0;0.7;0.0;0.0
34;2021-01-16;329;6;0;8190;45;0;0.7;0.0;0.0
34;2021-01-17;226;1;0;8416;46;0;0.7;0.0;0.0
34;2021-01-18;1138;4;0;9554;50;0;0.8;0.0;0.0
34;2021-01-19;1669;8;0;11223;58;0;1.0;0.0;0.0
34;2021-01-20;2065;24;0;13288;82;0;1.1;0.0;0.0
34;2021-01-21;4033;20;0;17321;102;0;1.5;0.0;0.0
34;2021-01-22;2482;11;0;19803;113;0;1.7;0.0;0.0
34;2021-01-23;567;2;0;20370;115;0;1.7;0.0;0.0
34;2021-01-24;13;0;0;20383;115;0;1.7;0.0;0.0
34;2021-01-25;1235;11;0;21618;126;0;1.8;0.0;0.0
34;2021-01-26;1415;26;0;23033;152;0;2.0;0.0;0.0
34;2021-01-27;1412;38;0;24445;190;0;2.1;0.0;0.0
34;2021-01-28;1377;131;0;25822;321;0;2.2;0.0;0.0
34;2021-01-29;1254;175;0;27076;496;0;2.3;0.0;0.0
34;2021-01-30;478;15;0;27554;511;0;2.3;0.0;0.0
34;2021-01-31;5;0;0;27559;511;0;2.3;0.0;0.0
34;2021-02-01;997;272;0;28556;783;0;2.4;0.1;0.0
34;2021-02-02;1461;499;0;30017;1282;0;2.6;0.1;0.0
34;2021-02-03;2490;557;0;32507;1839;0;2.8;0.2;0.0
34;2021-02-04;2252;898;0;34759;2737;0;3.0;0.2;0.0
34;2021-02-05;1856;1197;0;36615;3934;0;3.1;0.3;0.0
34;2021-02-06;502;241;0;37117;4175;0;3.2;0.4;0.0
34;2021-02-07;35;108;0;37152;4283;0;3.2;0.4;0.0
34;2021-02-08;852;1067;0;38004;5350;0;3.2;0.5;0.0
34;2021-02-09;1038;1307;0;39042;6657;0;3.3;0.6;0.0
34;2021-02-10;1299;1501;0;40341;8158;0;3.4;0.7;0.0
34;2021-02-11;1780;2647;0;42121;10805;0;3.6;0.9;0.0
34;2021-02-12;1835;1640;0;43956;12445;0;3.7;1.1;0.0
34;2021-02-13;362;498;0;44318;12943;0;3.8;1.1;0.0
34;2021-02-14;27;283;0;44345;13226;0;3.8;1.1;0.0
34;2021-02-15;682;1177;0;45027;14403;0;3.8;1.2;0.0
34;2021-02-16;673;1513;0;45700;15916;0;3.9;1.4;0.0
34;2021-02-17;719;1493;0;46419;17409;0;3.9;1.5;0.0
34;2021-02-18;877;1481;0;47296;18890;0;4.0;1.6;0.0
34;2021-02-19;829;1232;0;48125;20122;0;4.1;1.7;0.0
34;2021-02-20;315;478;0;48440;20600;0;4.1;1.8;0.0
34;2021-02-21;66;22;0;48506;20622;0;4.1;1.8;0.0
34;2021-02-22;652;1282;0;49158;21904;0;4.2;1.9;0.0
34;2021-02-23;585;1475;0;49743;23379;0;4.2;2.0;0.0
34;2021-02-24;916;2289;0;50659;25668;0;4.3;2.2;0.0
34;2021-02-25;1606;2183;0;52265;27851;0;4.4;2.4;0.0
34;2021-02-26;1876;1602;0;54141;29453;0;4.6;2.5;0.0
34;2021-02-27;733;440;0;54874;29893;0;4.7;2.5;0.0
34;2021-02-28;88;61;0;54962;29954;0;4.7;2.5;0.0
34;2021-03-01;1009;1170;0;55971;31124;0;4.8;2.6;0.0
34;2021-03-02;1725;1279;0;57696;32403;0;4.9;2.8;0.0
34;2021-03-03;1966;1399;0;59662;33802;0;5.1;2.9;0.0
34;2021-03-04;2933;1653;0;62595;35455;0;5.3;3.0;0.0
34;2021-03-05;3814;1529;0;66409;36984;0;5.6;3.1;0.0
34;2021-03-06;2766;241;0;69175;37225;0;5.9;3.2;0.0
34;2021-03-07;1273;80;0;70448;37305;0;6.0;3.2;0.0
34;2021-03-08;2744;997;0;73192;38302;0;6.2;3.3;0.0
34;2021-03-09;4015;1410;0;77207;39712;0;6.6;3.4;0.0
34;2021-03-10;3974;1337;0;81181;41049;0;6.9;3.5;0.0
34;2021-03-11;5426;1303;0;86607;42352;0;7.4;3.6;0.0
34;2021-03-12;6505;941;0;93112;43293;0;7.9;3.7;0.0
34;2021-03-13;3266;193;0;96378;43486;0;8.2;3.7;0.0
34;2021-03-14;985;51;0;97363;43537;0;8.3;3.7;0.0
34;2021-03-15;3291;585;0;100654;44122;0;8.6;3.8;0.0
34;2021-03-16;2928;685;0;103582;44807;0;8.8;3.8;0.0
34;2021-03-17;3299;710;0;106881;45517;0;9.1;3.9;0.0
34;2021-03-18;3434;962;0;110315;46479;0;9.4;4.0;0.0
34;2021-03-19;4653;807;0;114968;47286;0;9.8;4.0;0.0
34;2021-03-20;3161;86;0;118129;47372;0;10.0;4.0;0.0
34;2021-03-21;1904;49;0;120033;47421;0;10.2;4.0;0.0
34;2021-03-22;3682;502;0;123715;47923;0;10.5;4.1;0.0
34;2021-03-23;4923;560;0;128638;48483;0;10.9;4.1;0.0
34;2021-03-24;5240;683;0;133878;49166;0;11.4;4.2;0.0
34;2021-03-25;7212;768;0;141090;49934;0;12.0;4.2;0.0
34;2021-03-26;7130;576;0;148220;50510;0;12.6;4.3;0.0
34;2021-03-27;2438;116;0;150658;50626;0;12.8;4.3;0.0
34;2021-03-28;686;26;0;151344;50652;0;12.9;4.3;0.0
34;2021-03-29;4177;902;0;155521;51554;0;13.2;4.4;0.0
34;2021-03-30;5243;1113;0;160764;52667;0;13.7;4.5;0.0
34;2021-03-31;5093;1351;0;165857;54018;0;14.1;4.6;0.0
34;2021-04-01;7036;1184;0;172893;55202;0;14.7;4.7;0.0
34;2021-04-02;5865;1304;0;178758;56506;0;15.2;4.8;0.0
34;2021-04-03;1219;254;0;179977;56760;0;15.3;4.8;0.0
34;2021-04-04;178;9;0;180155;56769;0;15.3;4.8;0.0
34;2021-04-05;590;63;0;180745;56832;0;15.4;4.8;0.0
34;2021-04-06;3372;2515;0;184117;59347;0;15.7;5.0;0.0
34;2021-04-07;3544;2672;0;187661;62019;0;16.0;5.3;0.0
34;2021-04-08;5390;2867;0;193051;64886;0;16.4;5.5;0.0
34;2021-04-09;8138;2556;0;201189;67442;0;17.1;5.7;0.0
34;2021-04-10;3302;1448;0;204491;68890;0;17.4;5.9;0.0
34;2021-04-11;1755;779;0;206246;69669;0;17.5;5.9;0.0
34;2021-04-12;4617;2553;0;210863;72222;0;17.9;6.1;0.0
34;2021-04-13;5406;3182;0;216269;75404;0;18.4;6.4;0.0
34;2021-04-14;5702;3300;0;221971;78704;0;18.9;6.7;0.0
34;2021-04-15;7061;3195;0;229032;81899;0;19.5;7.0;0.0
34;2021-04-16;6624;3158;0;235656;85057;0;20.0;7.2;0.0
34;2021-04-17;2626;2106;0;238282;87163;0;20.3;7.4;0.0
34;2021-04-18;1086;1657;0;239368;88820;0;20.4;7.6;0.0
34;2021-04-19;3557;3137;0;242925;91957;0;20.7;7.8;0.0
34;2021-04-20;3951;3678;0;246876;95635;0;21.0;8.1;0.0
34;2021-04-21;4455;3770;0;251331;99405;0;21.4;8.5;0.0
34;2021-04-22;4648;4642;0;255979;104047;0;21.8;8.8;0.0
34;2021-04-23;5562;3527;0;261541;107574;0;22.2;9.1;0.0
34;2021-04-24;3271;1663;0;264812;109237;0;22.5;9.3;0.0
34;2021-04-25;1883;623;0;266695;109860;0;22.7;9.3;0.0
34;2021-04-26;4258;3506;0;270953;113366;0;23.0;9.6;0.0
34;2021-04-27;5157;4087;0;276110;117453;0;23.5;10.0;0.0
34;2021-04-28;5761;3621;0;281871;121074;0;24.0;10.3;0.0
34;2021-04-29;6508;3980;0;288379;125054;0;24.5;10.6;0.0
34;2021-04-30;7846;3412;0;296225;128466;0;25.2;10.9;0.0
34;2021-05-01;2602;571;0;298827;129037;0;25.4;11.0;0.0
34;2021-05-02;3206;345;0;302033;129382;0;25.7;11.0;0.0
34;2021-05-03;6507;3081;0;308540;132463;0;26.2;11.3;0.0
34;2021-05-04;6987;4034;0;315527;136497;0;26.8;11.6;0.0
34;2021-05-05;6388;4648;0;321915;141145;0;27.4;12.0;0.0
34;2021-05-06;6949;5337;0;328864;146482;0;28.0;12.5;0.0
34;2021-05-07;6824;5770;0;335688;152252;0;28.5;12.9;0.0
34;2021-05-08;3658;1245;0;339346;153497;0;28.9;13.1;0.0
34;2021-05-09;2108;1274;0;341454;154771;0;29.0;13.2;0.0
34;2021-05-10;5693;4932;0;347147;159703;0;29.5;13.6;0.0
34;2021-05-11;7137;5455;0;354284;165158;0;30.1;14.0;0.0
34;2021-05-12;7576;4670;0;361860;169828;0;30.8;14.4;0.0
34;2021-05-13;6111;888;0;367971;170716;0;31.3;14.5;0.0
34;2021-05-14;7393;3897;0;375364;174613;0;31.9;14.8;0.0
34;2021-05-15;4827;1861;0;380191;176474;0;32.3;15.0;0.0
34;2021-05-16;4598;510;0;384789;176984;0;32.7;15.0;0.0
34;2021-05-17;8092;2187;0;392881;179171;0;33.4;15.2;0.0
34;2021-05-18;8634;2218;0;401515;181389;0;34.1;15.4;0.0
34;2021-05-19;8180;2052;0;409695;183441;0;34.8;15.6;0.0
34;2021-05-20;8391;2613;0;418086;186054;0;35.5;15.8;0.0
34;2021-05-21;8216;3288;0;426302;189342;0;36.2;16.1;0.0
34;2021-05-22;5536;1241;0;431838;190583;0;36.7;16.2;0.0
34;2021-05-23;3509;540;0;435347;191123;0;37.0;16.2;0.0
34;2021-05-24;1905;846;0;437252;191969;0;37.2;16.3;0.0
34;2021-05-25;6645;3787;0;443897;195756;0;37.7;16.6;0.0
34;2021-05-26;7776;3023;0;451673;198779;0;38.4;16.9;0.0
34;2021-05-27;7764;4245;0;459437;203024;0;39.1;17.3;0.0
34;2021-05-28;7502;5373;0;466939;208397;0;39.7;17.7;0.0
34;2021-05-29;3889;3122;0;470828;211519;0;40.0;18.0;0.0
34;2021-05-30;1800;1362;0;472628;212881;0;40.2;18.1;0.0
34;2021-05-31;5506;5090;0;478134;217971;0;40.7;18.5;0.0
34;2021-06-01;6616;5901;0;484750;223872;0;41.2;19.0;0.0
34;2021-06-02;6000;5666;0;490750;229538;0;41.7;19.5;0.0
34;2021-06-03;7328;6338;0;498078;235876;0;42.3;20.1;0.0
34;2021-06-04;7354;7579;0;505432;243455;0;43.0;20.7;0.0
34;2021-06-05;3943;3666;0;509375;247121;0;43.3;21.0;0.0
34;2021-06-06;3094;1795;0;512469;248916;0;43.6;21.2;0.0
34;2021-06-07;4275;6578;0;516744;255494;0;43.9;21.7;0.0
34;2021-06-08;5558;6599;0;522302;262093;0;44.4;22.3;0.0
34;2021-06-09;5554;6696;0;527856;268789;0;44.9;22.9;0.0
34;2021-06-10;5995;6750;0;533851;275539;0;45.4;23.4;0.0
34;2021-06-11;5313;9065;0;539164;284604;0;45.8;24.2;0.0
34;2021-06-12;3079;4635;0;542243;289239;0;46.1;24.6;0.0
34;2021-06-13;1054;1839;0;543297;291078;0;46.2;24.7;0.0
34;2021-06-14;3357;7666;0;546654;298744;0;46.5;25.4;0.0
34;2021-06-15;3911;8610;0;550565;307354;0;46.8;26.1;0.0
34;2021-06-16;4502;7788;0;555067;315142;0;47.2;26.8;0.0
34;2021-06-17;4098;7744;0;559165;322886;0;47.5;27.5;0.0
34;2021-06-18;4361;9076;0;563526;331962;0;47.9;28.2;0.0
34;2021-06-19;2654;4343;0;566180;336305;0;48.1;28.6;0.0
34;2021-06-20;871;2705;0;567051;339010;0;48.2;28.8;0.0
34;2021-06-21;2207;8348;0;569258;347358;0;48.4;29.5;0.0
34;2021-06-22;2839;9018;0;572097;356376;0;48.6;30.3;0.0
34;2021-06-23;3350;8688;0;575447;365064;0;48.9;31.0;0.0
34;2021-06-24;3352;8372;0;578799;373436;0;49.2;31.8;0.0
34;2021-06-25;3263;10191;0;582062;383627;0;49.5;32.6;0.0
34;2021-06-26;1594;6055;0;583656;389682;0;49.6;33.1;0.0
34;2021-06-27;329;3973;0;583985;393655;0;49.7;33.5;0.0
34;2021-06-28;2158;8956;0;586143;402611;0;49.8;34.2;0.0
34;2021-06-29;2591;9799;0;588734;412410;0;50.1;35.1;0.0
34;2021-06-30;3194;9096;0;591928;421506;0;50.3;35.8;0.0
34;2021-07-01;3502;8981;0;595430;430487;0;50.6;36.6;0.0
34;2021-07-02;3493;9228;0;598923;439715;0;50.9;37.4;0.0
34;2021-07-03;1650;5965;0;600573;445680;0;51.1;37.9;0.0
34;2021-07-04;343;2531;0;600916;448211;0;51.1;38.1;0.0
34;2021-07-05;3063;7653;0;603979;455864;0;51.4;38.8;0.0
34;2021-07-06;3299;8664;0;607278;464528;0;51.6;39.5;0.0
34;2021-07-07;3196;8226;0;610474;472754;0;51.9;40.2;0.0
34;2021-07-08;4047;8280;0;614521;481034;0;52.2;40.9;0.0
34;2021-07-09;3814;8984;0;618335;490018;0;52.6;41.7;0.0
34;2021-07-10;2139;5551;0;620474;495569;0;52.8;42.1;0.0
34;2021-07-11;860;2303;0;621334;497872;0;52.8;42.3;0.0
34;2021-07-12;2749;8513;0;624083;506385;0;53.1;43.1;0.0
34;2021-07-13;4509;9474;0;628592;515859;0;53.4;43.9;0.0
34;2021-07-14;894;576;0;629486;516435;0;53.5;43.9;0.0
34;2021-07-15;5710;9801;0;635196;526236;0;54.0;44.7;0.0
34;2021-07-16;5866;10123;0;641062;536359;0;54.5;45.6;0.0
34;2021-07-17;4428;4519;0;645490;540878;0;54.9;46.0;0.0
34;2021-07-18;394;344;0;645884;541222;0;54.9;46.0;0.0
34;2021-07-19;4979;7894;0;650863;549116;0;55.3;46.7;0.0
34;2021-07-20;6590;7859;0;657453;556975;0;55.9;47.4;0.0
34;2021-07-21;7241;7373;0;664694;564348;0;56.5;48.0;0.0
34;2021-07-22;7255;7538;0;671949;571886;0;57.1;48.6;0.0
34;2021-07-23;7689;7605;0;679638;579491;0;57.8;49.3;0.0
34;2021-07-24;5767;3162;0;685405;582653;0;58.3;49.5;0.0
34;2021-07-25;2796;556;0;688201;583209;0;58.5;49.6;0.0
34;2021-07-26;5964;6015;0;694165;589224;0;59.0;50.1;0.0
34;2021-07-27;7905;5541;0;702070;594765;0;59.7;50.6;0.0
34;2021-07-28;8606;5566;0;710676;600331;0;60.4;51.0;0.0
34;2021-07-29;10245;5579;0;720921;605910;0;61.3;51.5;0.0
34;2021-07-30;9005;6005;0;729926;611915;0;62.1;52.0;0.0
34;2021-07-31;5982;2245;0;735908;614160;0;62.6;52.2;0.0
34;2021-08-01;2916;623;0;738824;614783;0;62.8;52.3;0.0
34;2021-08-02;6763;4629;0;745587;619412;0;63.4;52.7;0.0
34;2021-08-03;7307;4948;0;752894;624360;0;64.0;53.1;0.0
34;2021-08-04;7291;3844;0;760185;628204;0;64.6;53.4;0.0
34;2021-08-05;6352;4390;0;766537;632594;0;65.2;53.8;0.0
34;2021-08-06;5495;4670;0;772032;637264;0;65.6;54.2;0.0
34;2021-08-07;3016;2351;0;775048;639615;0;65.9;54.4;0.0
34;2021-08-08;266;292;0;775314;639907;0;65.9;54.4;0.0
34;2021-08-09;4323;5521;0;779637;645428;0;66.3;54.9;0.0
34;2021-08-10;4647;5728;0;784284;651156;0;66.7;55.4;0.0
34;2021-08-11;4291;5666;0;788575;656822;0;67.0;55.8;0.0
34;2021-08-12;4060;5601;0;792635;662423;0;67.4;56.3;0.0
34;2021-08-13;3678;5236;0;796313;667659;0;67.7;56.8;0.0
34;2021-08-14;1804;2885;0;798117;670544;0;67.9;57.0;0.0
34;2021-08-15;244;290;0;798361;670834;0;67.9;57.0;0.0
34;2021-08-16;2605;6966;0;800966;677800;0;68.1;57.6;0.0
34;2021-08-17;3257;7534;0;804223;685334;0;68.4;58.3;0.0
34;2021-08-18;2906;6792;0;807129;692126;0;68.6;58.8;0.0
34;2021-08-19;2986;6909;0;810115;699035;0;68.9;59.4;0.0
34;2021-08-20;2573;7149;0;812688;706184;0;69.1;60.0;0.0
34;2021-08-21;1334;3602;0;814022;709786;0;69.2;60.3;0.0
34;2021-08-22;179;386;0;814201;710172;0;69.2;60.4;0.0
34;2021-08-23;2198;7878;1;816399;718050;1;69.4;61.1;0.0
34;2021-08-24;2475;8126;0;818874;726176;1;69.6;61.7;0.0
34;2021-08-25;2140;7778;0;821014;733954;1;69.8;62.4;0.0
34;2021-08-26;2361;7152;1;823375;741106;2;70.0;63.0;0.0
34;2021-08-27;2112;6920;1;825487;748026;3;70.2;63.6;0.0
34;2021-08-28;1087;3381;0;826574;751407;3;70.3;63.9;0.0
34;2021-08-29;301;1041;0;826875;752448;3;70.3;64.0;0.0
34;2021-08-30;1887;6298;113;828762;758746;116;70.5;64.5;0.0
34;2021-08-31;1945;6097;243;830707;764843;359;70.6;65.0;0.0
34;2021-09-01;2204;5338;543;832911;770181;902;70.8;65.5;0.1
34;2021-09-02;1637;3809;723;834548;773990;1625;71.0;65.8;0.1
34;2021-09-03;1744;4700;667;836292;778690;2292;71.1;66.2;0.2
34;2021-09-04;1325;3121;274;837617;781811;2566;71.2;66.5;0.2
34;2021-09-05;133;242;23;837750;782053;2589;71.2;66.5;0.2
34;2021-09-06;1157;2847;867;838907;784900;3456;71.3;66.7;0.3
34;2021-09-07;1210;2976;827;840117;787876;4283;71.4;67.0;0.4
34;2021-09-08;1504;3675;709;841621;791551;4992;71.6;67.3;0.4
34;2021-09-09;1111;2890;802;842732;794441;5794;71.7;67.5;0.5
34;2021-09-10;1500;3116;857;844232;797557;6651;71.8;67.8;0.6
34;2021-09-11;1215;1835;233;845447;799392;6884;71.9;68.0;0.6
34;2021-09-12;72;106;11;845519;799498;6895;71.9;68.0;0.6
34;2021-09-13;961;2286;808;846480;801784;7703;72.0;68.2;0.7
34;2021-09-14;1163;2077;1188;847643;803861;8891;72.1;68.3;0.8
34;2021-09-15;1399;2736;1075;849042;806597;9966;72.2;68.6;0.8
34;2021-09-16;871;1751;1033;849913;808348;10999;72.3;68.7;0.9
34;2021-09-17;1054;2305;1064;850967;810653;12063;72.4;68.9;1.0
34;2021-09-18;768;1704;267;851735;812357;12330;72.4;69.1;1.0
34;2021-09-19;49;67;33;851784;812424;12363;72.4;69.1;1.1
34;2021-09-20;613;1762;989;852397;814186;13352;72.5;69.2;1.1
34;2021-09-21;573;1571;987;852970;815757;14339;72.5;69.4;1.2
34;2021-09-22;775;2375;1090;853745;818132;15429;72.6;69.6;1.3
34;2021-09-23;628;1507;928;854373;819639;16357;72.6;69.7;1.4
34;2021-09-24;805;2080;1070;855178;821719;17427;72.7;69.9;1.5
34;2021-09-25;468;1472;225;855646;823191;17652;72.8;70.0;1.5
34;2021-09-26;39;150;18;855685;823341;17670;72.8;70.0;1.5
34;2021-09-27;568;1282;598;856253;824623;18268;72.8;70.1;1.6
34;2021-09-28;570;1015;614;856823;825638;18882;72.9;70.2;1.6
34;2021-09-29;809;1725;786;857632;827363;19668;72.9;70.3;1.7
34;2021-09-30;587;1243;994;858219;828606;20662;73.0;70.5;1.8
34;2021-10-01;1013;1407;1016;859232;830013;21678;73.1;70.6;1.8
34;2021-10-02;682;1365;371;859914;831378;22049;73.1;70.7;1.9
34;2021-10-03;58;150;20;859972;831528;22069;73.1;70.7;1.9
34;2021-10-04;670;969;873;860642;832497;22942;73.2;70.8;2.0
34;2021-10-05;515;912;958;861157;833409;23900;73.2;70.9;2.0
34;2021-10-06;870;1557;1356;862027;834966;25256;73.3;71.0;2.1
34;2021-10-07;552;963;1286;862579;835929;26542;73.3;71.1;2.3
34;2021-10-08;848;1327;1543;863427;837256;28085;73.4;71.2;2.4
34;2021-10-09;543;962;469;863970;838218;28554;73.5;71.3;2.4
34;2021-10-10;73;93;26;864043;838311;28580;73.5;71.3;2.4
34;2021-10-11;627;923;1466;864670;839234;30046;73.5;71.4;2.6
34;2021-10-12;478;669;1305;865148;839903;31351;73.6;71.4;2.7
34;2021-10-13;610;1017;1503;865758;840920;32854;73.6;71.5;2.8
34;2021-10-14;512;643;1204;866270;841563;34058;73.7;71.6;2.9
34;2021-10-15;818;1140;1832;867088;842703;35890;73.7;71.6;3.1
34;2021-10-16;456;659;592;867544;843362;36482;73.8;71.7;3.1
34;2021-10-17;69;59;33;867613;843421;36515;73.8;71.7;3.1
34;2021-10-18;583;737;1746;868196;844158;38261;73.8;71.8;3.3
34;2021-10-19;432;626;1537;868628;844784;39798;73.9;71.8;3.4
34;2021-10-20;545;814;2045;869173;845598;41843;73.9;71.9;3.6
34;2021-10-21;419;606;1915;869592;846204;43758;73.9;71.9;3.7
34;2021-10-22;669;955;2094;870261;847159;45852;74.0;72.0;3.9
34;2021-10-23;265;572;695;870526;847731;46547;74.0;72.1;4.0
34;2021-10-24;59;62;54;870585;847793;46601;74.0;72.1;4.0
34;2021-10-25;598;824;2228;871183;848617;48829;74.1;72.2;4.2
34;2021-10-26;363;518;1674;871546;849135;50503;74.1;72.2;4.3
34;2021-10-27;473;724;2186;872019;849859;52689;74.1;72.3;4.5
34;2021-10-28;371;517;1875;872390;850376;54564;74.2;72.3;4.6
34;2021-10-29;546;724;2131;872936;851100;56695;74.2;72.4;4.8
34;2021-10-30;278;564;937;873214;851664;57632;74.2;72.4;4.9
34;2021-10-31;62;35;81;873276;851699;57713;74.2;72.4;4.9
34;2021-11-01;82;50;61;873358;851749;57774;74.3;72.4;4.9
34;2021-11-02;440;749;2008;873798;852498;59782;74.3;72.5;5.1
34;2021-11-03;444;675;2382;874242;853173;62164;74.3;72.5;5.3
34;2021-11-04;342;490;2353;874584;853663;64517;74.4;72.6;5.5
34;2021-11-05;522;651;2786;875106;854314;67303;74.4;72.6;5.7
34;2021-11-06;340;569;1066;875446;854883;68369;74.4;72.7;5.8
34;2021-11-07;60;63;66;875506;854946;68435;74.4;72.7;5.8
34;2021-11-08;377;608;2634;875883;855554;71069;74.5;72.7;6.0
34;2021-11-09;345;534;2793;876228;856088;73862;74.5;72.8;6.3
34;2021-11-10;476;723;3825;876704;856811;77687;74.5;72.8;6.6
34;2021-11-11;55;82;276;876759;856893;77963;74.5;72.9;6.6
34;2021-11-12;452;616;3668;877211;857509;81631;74.6;72.9;6.9
34;2021-11-13;277;369;1457;877488;857878;83088;74.6;72.9;7.1
34;2021-11-14;66;38;111;877554;857916;83199;74.6;72.9;7.1
34;2021-11-15;391;545;3320;877945;858461;86519;74.6;73.0;7.4
34;2021-11-16;347;506;3461;878292;858967;89980;74.7;73.0;7.7
34;2021-11-17;471;618;3811;878763;859585;93791;74.7;73.1;8.0
34;2021-11-18;408;510;3709;879171;860095;97500;74.8;73.1;8.3
34;2021-11-19;579;734;4720;879750;860829;102220;74.8;73.2;8.7
34;2021-11-20;316;443;1536;880066;861272;103756;74.8;73.2;8.8
34;2021-11-21;16;98;124;880082;861370;103880;74.8;73.2;8.8
34;2021-11-22;451;399;3848;880533;861769;107728;74.9;73.3;9.2
34;2021-11-23;410;464;4054;880943;862233;111782;74.9;73.3;9.5
34;2021-11-24;501;584;4259;881444;862817;116041;74.9;73.4;9.9
34;2021-11-25;433;435;4968;881877;863252;121009;75.0;73.4;10.3
34;2021-11-26;648;643;7411;882525;863895;128420;75.0;73.5;10.9
34;2021-11-27;348;419;3314;882873;864314;131734;75.1;73.5;11.2
34;2021-11-28;48;114;627;882921;864428;132361;75.1;73.5;11.3
34;2021-11-29;373;484;6564;883294;864912;138925;75.1;73.5;11.8
34;2021-11-30;441;466;8756;883735;865378;147681;75.1;73.6;12.6
34;2021-12-01;343;517;8426;884078;865895;156107;75.2;73.6;13.3
34;2021-12-02;349;391;10554;884427;866286;166661;75.2;73.7;14.2
34;2021-12-03;349;506;10403;884776;866792;177064;75.2;73.7;15.1
34;2021-12-04;209;320;4624;884985;867112;181688;75.2;73.7;15.4
34;2021-12-05;41;97;818;885026;867209;182506;75.2;73.7;15.5
34;2021-12-06;369;539;9964;885395;867748;192470;75.3;73.8;16.4
34;2021-12-07;467;534;12666;885862;868282;205136;75.3;73.8;17.4
34;2021-12-08;457;658;11266;886319;868940;216402;75.4;73.9;18.4
34;2021-12-09;379;482;13168;886698;869422;229570;75.4;73.9;19.5
34;2021-12-10;464;606;14416;887162;870028;243986;75.4;74.0;20.7
34;2021-12-11;275;486;6779;887437;870514;250765;75.5;74.0;21.3
34;2021-12-12;46;57;1221;887483;870571;251986;75.5;74.0;21.4
34;2021-12-13;360;508;11788;887843;871079;263774;75.5;74.1;22.4
34;2021-12-14;474;602;16413;888317;871681;280187;75.5;74.1;23.8
34;2021-12-15;443;630;14049;888760;872311;294236;75.6;74.2;25.0
34;2021-12-16;510;621;15957;889270;872932;310193;75.6;74.2;26.4
34;2021-12-17;522;719;16185;889792;873651;326378;75.7;74.3;27.7
34;2021-12-18;309;420;7297;890101;874071;333675;75.7;74.3;28.4
34;2021-12-19;82;99;1444;890183;874170;335119;75.7;74.3;28.5
34;2021-12-20;596;637;12135;890779;874807;347254;75.7;74.4;29.5
34;2021-12-21;711;654;13332;891490;875461;360586;75.8;74.4;30.7
34;2021-12-22;624;635;11456;892114;876096;372042;75.9;74.5;31.6
34;2021-12-23;486;438;8464;892600;876534;380506;75.9;74.5;32.4
34;2021-12-24;181;194;2347;892781;876728;382853;75.9;74.5;32.6
34;2021-12-25;17;43;198;892798;876771;383051;75.9;74.5;32.6
34;2021-12-26;63;70;784;892861;876841;383835;75.9;74.6;32.6
34;2021-12-27;517;498;9376;893378;877339;393211;76.0;74.6;33.4
34;2021-12-28;556;530;10537;893934;877869;403748;76.0;74.6;34.3
35;2020-12-27;1;0;0;1;0;0;0.0;0.0;0.0
35;2020-12-28;0;0;0;1;0;0;0.0;0.0;0.0
35;2020-12-29;1;0;0;2;0;0;0.0;0.0;0.0
35;2020-12-30;0;0;0;2;0;0;0.0;0.0;0.0
35;2020-12-31;0;0;0;2;0;0;0.0;0.0;0.0
35;2021-01-01;3;0;0;5;0;0;0.0;0.0;0.0
35;2021-01-02;0;0;0;5;0;0;0.0;0.0;0.0
35;2021-01-03;0;0;0;5;0;0;0.0;0.0;0.0
35;2021-01-04;10;0;0;15;0;0;0.0;0.0;0.0
35;2021-01-05;117;0;0;132;0;0;0.0;0.0;0.0
35;2021-01-06;174;0;0;306;0;0;0.0;0.0;0.0
35;2021-01-07;462;1;0;768;1;0;0.1;0.0;0.0
35;2021-01-08;492;1;0;1260;2;0;0.1;0.0;0.0
35;2021-01-09;39;0;0;1299;2;0;0.1;0.0;0.0
35;2021-01-10;4;0;0;1303;2;0;0.1;0.0;0.0
35;2021-01-11;537;0;0;1840;2;0;0.2;0.0;0.0
35;2021-01-12;865;3;0;2705;5;0;0.2;0.0;0.0
35;2021-01-13;922;4;0;3627;9;0;0.3;0.0;0.0
35;2021-01-14;1259;15;0;4886;24;0;0.5;0.0;0.0
35;2021-01-15;703;2;0;5589;26;0;0.5;0.0;0.0
35;2021-01-16;190;2;0;5779;28;0;0.5;0.0;0.0
35;2021-01-17;54;0;0;5833;28;0;0.5;0.0;0.0
35;2021-01-18;1154;2;0;6987;30;0;0.6;0.0;0.0
35;2021-01-19;5127;17;0;12114;47;0;1.1;0.0;0.0
35;2021-01-20;3163;5;0;15277;52;0;1.4;0.0;0.0
35;2021-01-21;3528;14;0;18805;66;0;1.7;0.0;0.0
35;2021-01-22;2024;7;0;20829;73;0;1.9;0.0;0.0
35;2021-01-23;412;1;0;21241;74;0;2.0;0.0;0.0
35;2021-01-24;50;0;0;21291;74;0;2.0;0.0;0.0
35;2021-01-25;874;17;0;22165;91;0;2.0;0.0;0.0
35;2021-01-26;1153;135;0;23318;226;0;2.2;0.0;0.0
35;2021-01-27;1175;131;0;24493;357;0;2.3;0.0;0.0
35;2021-01-28;957;318;0;25450;675;0;2.4;0.1;0.0
35;2021-01-29;751;297;0;26201;972;0;2.4;0.1;0.0
35;2021-01-30;155;21;0;26356;993;0;2.4;0.1;0.0
35;2021-01-31;1;1;0;26357;994;0;2.4;0.1;0.0
35;2021-02-01;646;331;0;27003;1325;0;2.5;0.1;0.0
35;2021-02-02;769;501;0;27772;1826;0;2.6;0.2;0.0
35;2021-02-03;662;519;0;28434;2345;0;2.6;0.2;0.0
35;2021-02-04;649;644;0;29083;2989;0;2.7;0.3;0.0
35;2021-02-05;692;525;0;29775;3514;0;2.8;0.3;0.0
35;2021-02-06;179;12;0;29954;3526;0;2.8;0.3;0.0
35;2021-02-07;4;8;0;29958;3534;0;2.8;0.3;0.0
35;2021-02-08;442;620;0;30400;4154;0;2.8;0.4;0.0
35;2021-02-09;1656;3403;0;32056;7557;0;3.0;0.7;0.0
35;2021-02-10;1279;2614;0;33335;10171;0;3.1;0.9;0.0
35;2021-02-11;1907;3100;0;35242;13271;0;3.3;1.2;0.0
35;2021-02-12;1611;1704;0;36853;14975;0;3.4;1.4;0.0
35;2021-02-13;76;270;0;36929;15245;0;3.4;1.4;0.0
35;2021-02-14;9;72;0;36938;15317;0;3.4;1.4;0.0
35;2021-02-15;743;1032;0;37681;16349;0;3.5;1.5;0.0
35;2021-02-16;929;1123;0;38610;17472;0;3.6;1.6;0.0
35;2021-02-17;891;1181;0;39501;18653;0;3.7;1.7;0.0
35;2021-02-18;1006;1047;0;40507;19700;0;3.7;1.8;0.0
35;2021-02-19;1027;1006;0;41534;20706;0;3.8;1.9;0.0
35;2021-02-20;166;58;0;41700;20764;0;3.9;1.9;0.0
35;2021-02-21;3;3;0;41703;20767;0;3.9;1.9;0.0
35;2021-02-22;713;818;0;42416;21585;0;3.9;2.0;0.0
35;2021-02-23;1378;941;0;43794;22526;0;4.0;2.1;0.0
35;2021-02-24;1295;878;0;45089;23404;0;4.2;2.2;0.0
35;2021-02-25;2148;860;0;47237;24264;0;4.4;2.2;0.0
35;2021-02-26;2501;761;0;49738;25025;0;4.6;2.3;0.0
35;2021-02-27;863;128;0;50601;25153;0;4.7;2.3;0.0
35;2021-02-28;10;2;0;50611;25155;0;4.7;2.3;0.0
35;2021-03-01;881;650;0;51492;25805;0;4.8;2.4;0.0
35;2021-03-02;1590;1889;0;53082;27694;0;4.9;2.6;0.0
35;2021-03-03;1845;942;0;54927;28636;0;5.1;2.6;0.0
35;2021-03-04;2749;1409;0;57676;30045;0;5.3;2.8;0.0
35;2021-03-05;3589;1349;0;61265;31394;0;5.7;2.9;0.0
35;2021-03-06;1350;105;0;62615;31499;0;5.8;2.9;0.0
35;2021-03-07;65;42;0;62680;31541;0;5.8;2.9;0.0
35;2021-03-08;1372;583;0;64052;32124;0;5.9;3.0;0.0
35;2021-03-09;3051;639;0;67103;32763;0;6.2;3.0;0.0
35;2021-03-10;2826;592;0;69929;33355;0;6.5;3.1;0.0
35;2021-03-11;4079;721;0;74008;34076;0;6.8;3.1;0.0
35;2021-03-12;5800;585;0;79808;34661;0;7.4;3.2;0.0
35;2021-03-13;2422;137;0;82230;34798;0;7.6;3.2;0.0
35;2021-03-14;60;27;0;82290;34825;0;7.6;3.2;0.0
35;2021-03-15;1850;627;0;84140;35452;0;7.8;3.3;0.0
35;2021-03-16;2385;676;0;86525;36128;0;8.0;3.3;0.0
35;2021-03-17;2307;584;0;88832;36712;0;8.2;3.4;0.0
35;2021-03-18;2238;587;0;91070;37299;0;8.4;3.4;0.0
35;2021-03-19;3434;515;0;94504;37814;0;8.7;3.5;0.0
35;2021-03-20;1549;124;0;96053;37938;0;8.9;3.5;0.0
35;2021-03-21;53;2;0;96106;37940;0;8.9;3.5;0.0
35;2021-03-22;1710;783;0;97816;38723;0;9.0;3.6;0.0
35;2021-03-23;3500;1191;0;101316;39914;0;9.4;3.7;0.0
35;2021-03-24;3646;933;0;104962;40847;0;9.7;3.8;0.0
35;2021-03-25;5170;946;0;110132;41793;0;10.2;3.9;0.0
35;2021-03-26;5668;765;0;115800;42558;0;10.7;3.9;0.0
35;2021-03-27;1431;224;0;117231;42782;0;10.8;4.0;0.0
35;2021-03-28;24;0;0;117255;42782;0;10.8;4.0;0.0
35;2021-03-29;2761;856;0;120016;43638;0;11.1;4.0;0.0
35;2021-03-30;4201;1244;0;124217;44882;0;11.5;4.1;0.0
35;2021-03-31;3525;1305;0;127742;46187;0;11.8;4.3;0.0
35;2021-04-01;4302;1211;0;132044;47398;0;12.2;4.4;0.0
35;2021-04-02;4927;1148;0;136971;48546;0;12.7;4.5;0.0
35;2021-04-03;839;236;0;137810;48782;0;12.7;4.5;0.0
35;2021-04-04;23;19;0;137833;48801;0;12.7;4.5;0.0
35;2021-04-05;66;3;0;137899;48804;0;12.7;4.5;0.0
35;2021-04-06;3200;1952;0;141099;50756;0;13.0;4.7;0.0
35;2021-04-07;3910;1785;0;145009;52541;0;13.4;4.9;0.0
35;2021-04-08;5683;1576;0;150692;54117;0;13.9;5.0;0.0
35;2021-04-09;7360;1386;0;158052;55503;0;14.6;5.1;0.0
35;2021-04-10;2111;290;0;160163;55793;0;14.8;5.2;0.0
35;2021-04-11;70;37;0;160233;55830;0;14.8;5.2;0.0
35;2021-04-12;5000;1468;0;165233;57298;0;15.3;5.3;0.0
35;2021-04-13;7288;2663;0;172521;59961;0;15.9;5.5;0.0
35;2021-04-14;6047;2219;0;178568;62180;0;16.5;5.7;0.0
35;2021-04-15;7248;2183;0;185816;64363;0;17.2;5.9;0.0
35;2021-04-16;7751;1728;0;193567;66091;0;17.9;6.1;0.0
35;2021-04-17;1779;281;0;195346;66372;0;18.1;6.1;0.0
35;2021-04-18;44;11;0;195390;66383;0;18.1;6.1;0.0
35;2021-04-19;4595;1597;0;199985;67980;0;18.5;6.3;0.0
35;2021-04-20;4920;2553;0;204905;70533;0;18.9;6.5;0.0
35;2021-04-21;4921;2168;0;209826;72701;0;19.4;6.7;0.0
35;2021-04-22;6083;2280;0;215909;74981;0;20.0;6.9;0.0
35;2021-04-23;6463;2266;0;222372;77247;0;20.6;7.1;0.0
35;2021-04-24;1270;389;0;223642;77636;0;20.7;7.2;0.0
35;2021-04-25;60;26;0;223702;77662;0;20.7;7.2;0.0
35;2021-04-26;4770;2178;0;228472;79840;0;21.1;7.4;0.0
35;2021-04-27;5710;3125;0;234182;82965;0;21.6;7.7;0.0
35;2021-04-28;5783;2609;1;239965;85574;1;22.2;7.9;0.0
35;2021-04-29;6781;2760;0;246746;88334;1;22.8;8.2;0.0
35;2021-04-30;7127;2665;0;253873;90999;1;23.5;8.4;0.0
35;2021-05-01;667;266;0;254540;91265;1;23.5;8.4;0.0
35;2021-05-02;50;46;0;254590;91311;1;23.5;8.4;0.0
35;2021-05-03;5079;2397;0;259669;93708;1;24.0;8.7;0.0
35;2021-05-04;4859;5182;0;264528;98890;1;24.4;9.1;0.0
35;2021-05-05;4704;4365;0;269232;103255;1;24.9;9.5;0.0
35;2021-05-06;5960;5121;0;275192;108376;1;25.4;10.0;0.0
35;2021-05-07;5415;5072;0;280607;113448;1;25.9;10.5;0.0
35;2021-05-08;1856;172;0;282463;113620;1;26.1;10.5;0.0
35;2021-05-09;733;114;0;283196;113734;1;26.2;10.5;0.0
35;2021-05-10;3813;4723;0;287009;118457;1;26.5;10.9;0.0
35;2021-05-11;5079;5555;0;292088;124012;1;27.0;11.5;0.0
35;2021-05-12;5676;5175;0;297764;129187;1;27.5;11.9;0.0
35;2021-05-13;2715;1392;0;300479;130579;1;27.8;12.1;0.0
35;2021-05-14;5953;4001;0;306432;134580;1;28.3;12.4;0.0
35;2021-05-15;3450;731;0;309882;135311;1;28.6;12.5;0.0
35;2021-05-16;1229;91;0;311111;135402;1;28.8;12.5;0.0
35;2021-05-17;4985;3659;0;316096;139061;1;29.2;12.9;0.0
35;2021-05-18;6283;4060;0;322379;143121;1;29.8;13.2;0.0
35;2021-05-19;6295;3387;0;328674;146508;1;30.4;13.5;0.0
35;2021-05-20;7094;3728;0;335768;150236;1;31.0;13.9;0.0
35;2021-05-21;6594;4505;0;342362;154741;1;31.6;14.3;0.0
35;2021-05-22;2768;796;0;345130;155537;1;31.9;14.4;0.0
35;2021-05-23;875;74;0;346005;155611;1;32.0;14.4;0.0
35;2021-05-24;3521;1232;0;349526;156843;1;32.3;14.5;0.0
35;2021-05-25;6200;4026;0;355726;160869;1;32.9;14.9;0.0
35;2021-05-26;6386;4058;0;362112;164927;1;33.5;15.2;0.0
35;2021-05-27;7141;4719;0;369253;169646;1;34.1;15.7;0.0
35;2021-05-28;6896;5507;0;376149;175153;1;34.8;16.2;0.0
35;2021-05-29;3616;1265;0;379765;176418;1;35.1;16.3;0.0
35;2021-05-30;946;66;0;380711;176484;1;35.2;16.3;0.0
35;2021-05-31;6865;4177;0;387576;180661;1;35.8;16.7;0.0
35;2021-06-01;8013;4929;0;395589;185590;1;36.6;17.2;0.0
35;2021-06-02;7871;3861;0;403460;189451;1;37.3;17.5;0.0
35;2021-06-03;8684;4911;0;412144;194362;1;38.1;18.0;0.0
35;2021-06-04;7664;7241;0;419808;201603;1;38.8;18.6;0.0
35;2021-06-05;4484;1646;0;424292;203249;1;39.2;18.8;0.0
35;2021-06-06;2755;185;0;427047;203434;1;39.5;18.8;0.0
35;2021-06-07;6324;5442;0;433371;208876;1;40.1;19.3;0.0
35;2021-06-08;8000;5713;0;441371;214589;1;40.8;19.8;0.0
35;2021-06-09;8656;4630;0;450027;219219;1;41.6;20.3;0.0
35;2021-06-10;9507;4671;0;459534;223890;1;42.5;20.7;0.0
35;2021-06-11;8909;7182;0;468443;231072;1;43.3;21.4;0.0
35;2021-06-12;5138;1387;0;473581;232459;1;43.8;21.5;0.0
35;2021-06-13;3163;244;0;476744;232703;1;44.1;21.5;0.0
35;2021-06-14;6290;6315;0;483034;239018;1;44.6;22.1;0.0
35;2021-06-15;7467;6700;0;490501;245718;1;45.3;22.7;0.0
35;2021-06-16;8213;5556;0;498714;251274;1;46.1;23.2;0.0
35;2021-06-17;8625;5750;0;507339;257024;1;46.9;23.8;0.0
35;2021-06-18;8588;7911;0;515927;264935;1;47.7;24.5;0.0
35;2021-06-19;1923;2834;0;517850;267769;1;47.9;24.7;0.0
35;2021-06-20;2570;919;0;520420;268688;1;48.1;24.8;0.0
35;2021-06-21;5716;6304;0;526136;274992;1;48.6;25.4;0.0
35;2021-06-22;6647;7574;0;532783;282566;1;49.2;26.1;0.0
35;2021-06-23;6901;6353;0;539684;288919;1;49.9;26.7;0.0
35;2021-06-24;7977;6040;0;547661;294959;1;50.6;27.3;0.0
35;2021-06-25;6473;8780;0;554134;303739;1;51.2;28.1;0.0
35;2021-06-26;1391;3604;0;555525;307343;1;51.3;28.4;0.0
35;2021-06-27;2274;1218;0;557799;308561;1;51.5;28.5;0.0
35;2021-06-28;4153;7965;0;561952;316526;1;51.9;29.3;0.0
35;2021-06-29;4873;8264;0;566825;324790;1;52.4;30.0;0.0
35;2021-06-30;5382;8092;0;572207;332882;1;52.9;30.8;0.0
35;2021-07-01;6199;7795;0;578406;340677;1;53.5;31.5;0.0
35;2021-07-02;5232;9912;0;583638;350589;1;53.9;32.4;0.0
35;2021-07-03;1131;3592;0;584769;354181;1;54.0;32.7;0.0
35;2021-07-04;1837;1639;0;586606;355820;1;54.2;32.9;0.0
35;2021-07-05;3754;8456;0;590360;364276;1;54.6;33.7;0.0
35;2021-07-06;4614;9718;0;594974;373994;1;55.0;34.6;0.0
35;2021-07-07;4980;8679;0;599954;382673;1;55.4;35.4;0.0
35;2021-07-08;5333;8848;0;605287;391521;1;55.9;36.2;0.0
35;2021-07-09;4057;11782;0;609344;403303;1;56.3;37.3;0.0
35;2021-07-10;1105;3792;0;610449;407095;1;56.4;37.6;0.0
35;2021-07-11;1181;2257;0;611630;409352;1;56.5;37.8;0.0
35;2021-07-12;3109;9532;0;614739;418884;1;56.8;38.7;0.0
35;2021-07-13;4161;11142;0;618900;430026;1;57.2;39.7;0.0
35;2021-07-14;2286;4363;0;621186;434389;1;57.4;40.1;0.0
35;2021-07-15;4789;10468;0;625975;444857;1;57.8;41.1;0.0
35;2021-07-16;5188;11289;0;631163;456146;1;58.3;42.2;0.0
35;2021-07-17;2548;4520;0;633711;460666;1;58.6;42.6;0.0
35;2021-07-18;990;2429;0;634701;463095;1;58.7;42.8;0.0
35;2021-07-19;3677;9403;0;638378;472498;1;59.0;43.7;0.0
35;2021-07-20;5185;11022;0;643563;483520;1;59.5;44.7;0.0
35;2021-07-21;4910;9683;0;648473;493203;1;59.9;45.6;0.0
35;2021-07-22;5274;9833;0;653747;503036;1;60.4;46.5;0.0
35;2021-07-23;5070;11228;0;658817;514264;1;60.9;47.5;0.0
35;2021-07-24;2297;4711;0;661114;518975;1;61.1;48.0;0.0
35;2021-07-25;862;2676;0;661976;521651;1;61.2;48.2;0.0
35;2021-07-26;4318;8747;0;666294;530398;1;61.6;49.0;0.0
35;2021-07-27;5976;9808;0;672270;540206;1;62.1;49.9;0.0
35;2021-07-28;5845;8780;0;678115;548986;1;62.7;50.7;0.0
35;2021-07-29;6761;8390;0;684876;557376;1;63.3;51.5;0.0
35;2021-07-30;6399;9141;0;691275;566517;1;63.9;52.4;0.0
35;2021-07-31;2864;3841;0;694139;570358;1;64.1;52.7;0.0
35;2021-08-01;1483;2263;0;695622;572621;1;64.3;52.9;0.0
35;2021-08-02;5289;6910;0;700911;579531;1;64.8;53.6;0.0
35;2021-08-03;7220;7519;0;708131;587050;1;65.4;54.3;0.0
35;2021-08-04;7263;6608;0;715394;593658;1;66.1;54.9;0.0
35;2021-08-05;7150;6900;0;722544;600558;1;66.8;55.5;0.0
35;2021-08-06;6516;7207;0;729060;607765;1;67.4;56.2;0.0
35;2021-08-07;2585;3269;0;731645;611034;1;67.6;56.5;0.0
35;2021-08-08;1583;2064;0;733228;613098;1;67.8;56.7;0.0
35;2021-08-09;4873;5556;0;738101;618654;1;68.2;57.2;0.0
35;2021-08-10;6526;6354;0;744627;625008;1;68.8;57.8;0.0
35;2021-08-11;6346;5757;0;750973;630765;1;69.4;58.3;0.0
35;2021-08-12;6572;5490;0;757545;636255;1;70.0;58.8;0.0
35;2021-08-13;6303;5074;0;763848;641329;1;70.6;59.3;0.0
35;2021-08-14;2892;2156;0;766740;643485;1;70.9;59.5;0.0
35;2021-08-15;1961;1153;0;768701;644638;1;71.0;59.6;0.0
35;2021-08-16;4433;5163;0;773134;649801;1;71.4;60.1;0.0
35;2021-08-17;5826;6079;0;778960;655880;1;72.0;60.6;0.0
35;2021-08-18;5881;5474;0;784841;661354;1;72.5;61.1;0.0
35;2021-08-19;5517;5769;0;790358;667123;1;73.0;61.7;0.0
35;2021-08-20;4680;6227;0;795038;673350;1;73.5;62.2;0.0
35;2021-08-21;2088;2810;0;797126;676160;1;73.7;62.5;0.0
35;2021-08-22;1465;1661;0;798591;677821;1;73.8;62.6;0.0
35;2021-08-23;2802;6015;0;801393;683836;1;74.1;63.2;0.0
35;2021-08-24;3127;7132;0;804520;690968;1;74.3;63.9;0.0
35;2021-08-25;2986;6552;0;807506;697520;1;74.6;64.5;0.0
35;2021-08-26;2433;6822;0;809939;704342;1;74.9;65.1;0.0
35;2021-08-27;2518;7114;0;812457;711456;1;75.1;65.7;0.0
35;2021-08-28;1076;3126;0;813533;714582;1;75.2;66.0;0.0
35;2021-08-29;443;1637;0;813976;716219;1;75.2;66.2;0.0
35;2021-08-30;1827;5295;100;815803;721514;101;75.4;66.7;0.0
35;2021-08-31;2174;6228;148;817977;727742;249;75.6;67.3;0.0
35;2021-09-01;1813;5621;309;819790;733363;558;75.8;67.8;0.1
35;2021-09-02;1751;5463;389;821541;738826;947;75.9;68.3;0.1
35;2021-09-03;1903;6359;386;823444;745185;1333;76.1;68.9;0.1
35;2021-09-04;1065;3805;86;824509;748990;1419;76.2;69.2;0.1
35;2021-09-05;407;1759;63;824916;750749;1482;76.2;69.4;0.1
35;2021-09-06;1060;4356;411;825976;755105;1893;76.3;69.8;0.2
35;2021-09-07;1225;4634;506;827201;759739;2399;76.4;70.2;0.2
35;2021-09-08;1266;5513;445;828467;765252;2844;76.6;70.7;0.3
35;2021-09-09;1194;4410;476;829661;769662;3320;76.7;71.1;0.3
35;2021-09-10;1464;5545;606;831125;775207;3926;76.8;71.6;0.4
35;2021-09-11;584;3614;113;831709;778821;4039;76.9;72.0;0.4
35;2021-09-12;217;1943;48;831926;780764;4087;76.9;72.2;0.4
35;2021-09-13;1164;3417;580;833090;784181;4667;77.0;72.5;0.4
35;2021-09-14;1243;3015;1228;834333;787196;5895;77.1;72.7;0.5
35;2021-09-15;1104;4210;858;835437;791406;6753;77.2;73.1;0.6
35;2021-09-16;962;2544;998;836399;793950;7751;77.3;73.4;0.7
35;2021-09-17;1174;3462;999;837573;797412;8750;77.4;73.7;0.8
35;2021-09-18;500;2664;165;838073;800076;8915;77.5;73.9;0.8
35;2021-09-19;104;761;28;838177;800837;8943;77.5;74.0;0.8
35;2021-09-20;1043;2284;815;839220;803121;9758;77.6;74.2;0.9
35;2021-09-21;638;1771;1067;839858;804892;10825;77.6;74.4;1.0
35;2021-09-22;752;3263;947;840610;808155;11772;77.7;74.7;1.1
35;2021-09-23;575;1489;1163;841185;809644;12935;77.7;74.8;1.2
35;2021-09-24;852;2701;1026;842037;812345;13961;77.8;75.1;1.3
35;2021-09-25;364;1678;166;842401;814023;14127;77.9;75.2;1.3
35;2021-09-26;8;116;11;842409;814139;14138;77.9;75.2;1.3
35;2021-09-27;485;1464;885;842894;815603;15023;77.9;75.4;1.4
35;2021-09-28;442;1122;1004;843336;816725;16027;77.9;75.5;1.5
35;2021-09-29;552;1825;904;843888;818550;16931;78.0;75.6;1.6
35;2021-09-30;359;854;856;844247;819404;17787;78.0;75.7;1.6
35;2021-10-01;796;2004;1123;845043;821408;18910;78.1;75.9;1.7
35;2021-10-02;333;1026;202;845376;822434;19112;78.1;76.0;1.8
35;2021-10-03;7;29;5;845383;822463;19117;78.1;76.0;1.8
35;2021-10-04;481;941;815;845864;823404;19932;78.2;76.1;1.8
35;2021-10-05;408;876;1056;846272;824280;20988;78.2;76.2;1.9
35;2021-10-06;529;1208;886;846801;825488;21874;78.3;76.3;2.0
35;2021-10-07;353;864;1049;847154;826352;22923;78.3;76.4;2.1
35;2021-10-08;622;1863;1269;847776;828215;24192;78.3;76.5;2.2
35;2021-10-09;349;870;355;848125;829085;24547;78.4;76.6;2.3
35;2021-10-10;6;6;2;848131;829091;24549;78.4;76.6;2.3
35;2021-10-11;392;769;843;848523;829860;25392;78.4;76.7;2.3
35;2021-10-12;366;644;938;848889;830504;26330;78.5;76.8;2.4
35;2021-10-13;460;735;876;849349;831239;27206;78.5;76.8;2.5
35;2021-10-14;299;648;827;849648;831887;28033;78.5;76.9;2.6
35;2021-10-15;598;1423;1638;850246;833310;29671;78.6;77.0;2.7
35;2021-10-16;359;596;462;850605;833906;30133;78.6;77.1;2.8
35;2021-10-17;5;12;0;850610;833918;30133;78.6;77.1;2.8
35;2021-10-18;347;674;857;850957;834592;30990;78.6;77.1;2.9
35;2021-10-19;325;651;943;851282;835243;31933;78.7;77.2;3.0
35;2021-10-20;446;790;1472;851728;836033;33405;78.7;77.3;3.1
35;2021-10-21;279;474;1180;852007;836507;34585;78.7;77.3;3.2
35;2021-10-22;457;883;1796;852464;837390;36381;78.8;77.4;3.4
35;2021-10-23;259;410;581;852723;837800;36962;78.8;77.4;3.4
35;2021-10-24;0;13;10;852723;837813;36972;78.8;77.4;3.4
35;2021-10-25;333;474;1186;853056;838287;38158;78.8;77.5;3.5
35;2021-10-26;282;400;1094;853338;838687;39252;78.9;77.5;3.6
35;2021-10-27;293;474;1315;853631;839161;40567;78.9;77.6;3.7
35;2021-10-28;316;453;1192;853947;839614;41759;78.9;77.6;3.9
35;2021-10-29;463;657;1906;854410;840271;43665;79.0;77.7;4.0
35;2021-10-30;177;283;415;854587;840554;44080;79.0;77.7;4.1
35;2021-10-31;5;10;5;854592;840564;44085;79.0;77.7;4.1
35;2021-11-01;29;14;9;854621;840578;44094;79.0;77.7;4.1
35;2021-11-02;348;559;1405;854969;841137;45499;79.0;77.7;4.2
35;2021-11-03;288;479;1759;855257;841616;47258;79.0;77.8;4.4
35;2021-11-04;255;338;1623;855512;841954;48881;79.1;77.8;4.5
35;2021-11-05;371;574;2482;855883;842528;51363;79.1;77.9;4.7
35;2021-11-06;153;308;596;856036;842836;51959;79.1;77.9;4.8
35;2021-11-07;3;7;3;856039;842843;51962;79.1;77.9;4.8
35;2021-11-08;252;421;2158;856291;843264;54120;79.1;77.9;5.0
35;2021-11-09;333;461;2617;856624;843725;56737;79.2;78.0;5.2
35;2021-11-10;419;530;3016;857043;844255;59753;79.2;78.0;5.5
35;2021-11-11;15;16;58;857058;844271;59811;79.2;78.0;5.5
35;2021-11-12;297;508;2992;857355;844779;62803;79.2;78.1;5.8
35;2021-11-13;170;276;853;857525;845055;63656;79.2;78.1;5.9
35;2021-11-14;6;6;20;857531;845061;63676;79.2;78.1;5.9
35;2021-11-15;244;386;3096;857775;845447;66772;79.3;78.1;6.2
35;2021-11-16;291;351;3497;858066;845798;70269;79.3;78.2;6.5
35;2021-11-17;436;440;3606;858502;846238;73875;79.3;78.2;6.8
35;2021-11-18;318;308;3340;858820;846546;77215;79.4;78.2;7.1
35;2021-11-19;461;550;4438;859281;847096;81653;79.4;78.3;7.5
35;2021-11-20;183;230;1122;859464;847326;82775;79.4;78.3;7.6
35;2021-11-21;4;12;18;859468;847338;82793;79.4;78.3;7.7
35;2021-11-22;304;210;3432;859772;847548;86225;79.5;78.3;8.0
35;2021-11-23;363;275;4144;860135;847823;90369;79.5;78.4;8.4
35;2021-11-24;451;417;3950;860586;848240;94319;79.5;78.4;8.7
35;2021-11-25;305;295;4288;860891;848535;98607;79.6;78.4;9.1
35;2021-11-26;383;437;6624;861274;848972;105231;79.6;78.5;9.7
35;2021-11-27;157;207;1801;861431;849179;107032;79.6;78.5;9.9
35;2021-11-28;8;16;155;861439;849195;107187;79.6;78.5;9.9
35;2021-11-29;198;300;5684;861637;849495;112871;79.6;78.5;10.4
35;2021-11-30;269;352;7404;861906;849847;120275;79.7;78.5;11.1
35;2021-12-01;251;381;7416;862157;850228;127691;79.7;78.6;11.8
35;2021-12-02;230;218;8256;862387;850446;135947;79.7;78.6;12.6
35;2021-12-03;231;371;10703;862618;850817;146650;79.7;78.6;13.6
35;2021-12-04;167;219;3938;862785;851036;150588;79.7;78.6;13.9
35;2021-12-05;36;30;1268;862821;851066;151856;79.7;78.7;14.0
35;2021-12-06;199;265;10307;863020;851331;162163;79.8;78.7;15.0
35;2021-12-07;238;336;12872;863258;851667;175035;79.8;78.7;16.2
35;2021-12-08;274;441;11019;863532;852108;186054;79.8;78.7;17.2
35;2021-12-09;260;327;12177;863792;852435;198231;79.8;78.8;18.3
35;2021-12-10;291;483;14511;864083;852918;212742;79.9;78.8;19.7
35;2021-12-11;182;239;5162;864265;853157;217904;79.9;78.8;20.1
35;2021-12-12;40;25;1682;864305;853182;219586;79.9;78.8;20.3
35;2021-12-13;204;326;12036;864509;853508;231622;79.9;78.9;21.4
35;2021-12-14;270;387;14725;864779;853895;246347;79.9;78.9;22.8
35;2021-12-15;301;475;12961;865080;854370;259308;79.9;79.0;24.0
35;2021-12-16;262;414;15156;865342;854784;274464;80.0;79.0;25.4
35;2021-12-17;309;494;15878;865651;855278;290342;80.0;79.0;26.8
35;2021-12-18;189;192;5632;865840;855470;295974;80.0;79.1;27.4
35;2021-12-19;47;37;2125;865887;855507;298099;80.0;79.1;27.5
35;2021-12-20;345;357;12097;866232;855864;310196;80.1;79.1;28.7
35;2021-12-21;368;355;14115;866600;856219;324311;80.1;79.1;30.0
35;2021-12-22;379;375;11361;866979;856594;335672;80.1;79.2;31.0
35;2021-12-23;329;249;8191;867308;856843;343863;80.2;79.2;31.8
35;2021-12-24;63;73;1129;867371;856916;344992;80.2;79.2;31.9
35;2021-12-25;5;8;84;867376;856924;345076;80.2;79.2;31.9
35;2021-12-26;10;15;242;867386;856939;345318;80.2;79.2;31.9
35;2021-12-27;253;286;9108;867639;857225;354426;80.2;79.2;32.8
35;2021-12-28;316;288;10873;867955;857513;365299;80.2;79.2;33.8
36;2020-12-27;0;0;0;0;0;0;0.0;0.0;0.0
36;2020-12-28;1;0;0;1;0;0;0.0;0.0;0.0
36;2020-12-29;0;0;0;1;0;0;0.0;0.0;0.0
36;2020-12-30;0;0;0;1;0;0;0.0;0.0;0.0
36;2020-12-31;0;0;0;1;0;0;0.0;0.0;0.0
36;2021-01-01;0;0;0;1;0;0;0.0;0.0;0.0
36;2021-01-02;0;0;0;1;0;0;0.0;0.0;0.0
36;2021-01-03;0;0;0;1;0;0;0.0;0.0;0.0
36;2021-01-04;0;0;0;1;0;0;0.0;0.0;0.0
36;2021-01-05;0;0;0;1;0;0;0.0;0.0;0.0
36;2021-01-06;20;0;0;21;0;0;0.0;0.0;0.0
36;2021-01-07;51;0;0;72;0;0;0.0;0.0;0.0
36;2021-01-08;110;0;0;182;0;0;0.1;0.0;0.0
36;2021-01-09;84;1;0;266;1;0;0.1;0.0;0.0
36;2021-01-10;135;0;0;401;1;0;0.2;0.0;0.0
36;2021-01-11;213;1;0;614;2;0;0.3;0.0;0.0
36;2021-01-12;280;0;0;894;2;0;0.4;0.0;0.0
36;2021-01-13;187;2;0;1081;4;0;0.5;0.0;0.0
36;2021-01-14;472;4;0;1553;8;0;0.7;0.0;0.0
36;2021-01-15;178;1;0;1731;9;0;0.8;0.0;0.0
36;2021-01-16;24;1;0;1755;10;0;0.8;0.0;0.0
36;2021-01-17;13;1;0;1768;11;0;0.8;0.0;0.0
36;2021-01-18;606;5;0;2374;16;0;1.1;0.0;0.0
36;2021-01-19;1135;1;0;3509;17;0;1.6;0.0;0.0
36;2021-01-20;1087;4;0;4596;21;0;2.1;0.0;0.0
36;2021-01-21;696;1;0;5292;22;0;2.4;0.0;0.0
36;2021-01-22;837;2;0;6129;24;0;2.8;0.0;0.0
36;2021-01-23;291;0;0;6420;24;0;3.0;0.0;0.0
36;2021-01-24;158;1;0;6578;25;0;3.0;0.0;0.0
36;2021-01-25;578;4;0;7156;29;0;3.3;0.0;0.0
36;2021-01-26;570;2;0;7726;31;0;3.6;0.0;0.0
36;2021-01-27;797;14;0;8523;45;0;3.9;0.0;0.0
36;2021-01-28;439;46;0;8962;91;0;4.1;0.0;0.0
36;2021-01-29;473;91;0;9435;182;0;4.3;0.1;0.0
36;2021-01-30;242;71;0;9677;253;0;4.5;0.1;0.0
36;2021-01-31;106;124;0;9783;377;0;4.5;0.2;0.0
36;2021-02-01;323;90;0;10106;467;0;4.7;0.2;0.0
36;2021-02-02;371;162;0;10477;629;0;4.8;0.3;0.0
36;2021-02-03;411;245;0;10888;874;0;5.0;0.4;0.0
36;2021-02-04;248;264;0;11136;1138;0;5.1;0.5;0.0
36;2021-02-05;260;153;0;11396;1291;0;5.2;0.6;0.0
36;2021-02-06;3;1;0;11399;1292;0;5.2;0.6;0.0
36;2021-02-07;2;0;0;11401;1292;0;5.3;0.6;0.0
36;2021-02-08;235;255;0;11636;1547;0;5.4;0.7;0.0
36;2021-02-09;325;591;0;11961;2138;0;5.5;1.0;0.0
36;2021-02-10;473;634;0;12434;2772;0;5.7;1.3;0.0
36;2021-02-11;366;560;0;12800;3332;0;5.9;1.5;0.0
36;2021-02-12;311;443;0;13111;3775;0;6.0;1.7;0.0
36;2021-02-13;128;81;0;13239;3856;0;6.1;1.8;0.0
36;2021-02-14;26;43;0;13265;3899;0;6.1;1.8;0.0
36;2021-02-15;49;546;0;13314;4445;0;6.1;2.0;0.0
36;2021-02-16;114;403;0;13428;4848;0;6.2;2.2;0.0
36;2021-02-17;125;594;0;13553;5442;0;6.2;2.5;0.0
36;2021-02-18;178;576;0;13731;6018;0;6.3;2.8;0.0
36;2021-02-19;169;501;0;13900;6519;0;6.4;3.0;0.0
36;2021-02-20;84;226;0;13984;6745;0;6.4;3.1;0.0
36;2021-02-21;83;146;0;14067;6891;0;6.5;3.2;0.0
36;2021-02-22;162;447;0;14229;7338;0;6.6;3.4;0.0
36;2021-02-23;65;547;0;14294;7885;0;6.6;3.6;0.0
36;2021-02-24;123;656;0;14417;8541;0;6.6;3.9;0.0
36;2021-02-25;266;294;0;14683;8835;0;6.8;4.1;0.0
36;2021-02-26;341;414;0;15024;9249;0;6.9;4.3;0.0
36;2021-02-27;75;263;0;15099;9512;0;7.0;4.4;0.0
36;2021-02-28;13;89;0;15112;9601;0;7.0;4.4;0.0
36;2021-03-01;203;306;0;15315;9907;0;7.1;4.6;0.0
36;2021-03-02;346;342;0;15661;10249;0;7.2;4.7;0.0
36;2021-03-03;385;469;0;16046;10718;0;7.4;4.9;0.0
36;2021-03-04;652;346;0;16698;11064;0;7.7;5.1;0.0
36;2021-03-05;768;278;0;17466;11342;0;8.0;5.2;0.0
36;2021-03-06;403;18;0;17869;11360;0;8.2;5.2;0.0
36;2021-03-07;338;17;0;18207;11377;0;8.4;5.2;0.0
36;2021-03-08;272;265;0;18479;11642;0;8.5;5.4;0.0
36;2021-03-09;454;262;0;18933;11904;0;8.7;5.5;0.0
36;2021-03-10;699;390;0;19632;12294;0;9.0;5.7;0.0
36;2021-03-11;803;253;0;20435;12547;0;9.4;5.8;0.0
36;2021-03-12;1385;280;0;21820;12827;0;10.0;5.9;0.0
36;2021-03-13;554;131;0;22374;12958;0;10.3;6.0;0.0
36;2021-03-14;111;2;0;22485;12960;0;10.4;6.0;0.0
36;2021-03-15;644;159;0;23129;13119;0;10.7;6.0;0.0
36;2021-03-16;440;73;0;23569;13192;0;10.9;6.1;0.0
36;2021-03-17;750;98;0;24319;13290;0;11.2;6.1;0.0
36;2021-03-18;420;80;0;24739;13370;0;11.4;6.2;0.0
36;2021-03-19;714;48;0;25453;13418;0;11.7;6.2;0.0
36;2021-03-20;450;31;0;25903;13449;0;11.9;6.2;0.0
36;2021-03-21;2;0;0;25905;13449;0;11.9;6.2;0.0
36;2021-03-22;501;60;0;26406;13509;0;12.2;6.2;0.0
36;2021-03-23;732;69;0;27138;13578;0;12.5;6.3;0.0
36;2021-03-24;1059;83;0;28197;13661;0;13.0;6.3;0.0
36;2021-03-25;1313;99;0;29510;13760;0;13.6;6.3;0.0
36;2021-03-26;1401;163;0;30911;13923;0;14.2;6.4;0.0
36;2021-03-27;473;45;0;31384;13968;0;14.5;6.4;0.0
36;2021-03-28;68;56;0;31452;14024;0;14.5;6.5;0.0
36;2021-03-29;535;172;0;31987;14196;0;14.7;6.5;0.0
36;2021-03-30;614;257;0;32601;14453;0;15.0;6.7;0.0
36;2021-03-31;1196;167;0;33797;14620;0;15.6;6.7;0.0
36;2021-04-01;1101;420;0;34898;15040;0;16.1;6.9;0.0
36;2021-04-02;903;148;0;35801;15188;0;16.5;7.0;0.0
36;2021-04-03;265;206;0;36066;15394;0;16.6;7.1;0.0
36;2021-04-04;45;2;0;36111;15396;0;16.6;7.1;0.0
36;2021-04-05;16;45;0;36127;15441;0;16.6;7.1;0.0
36;2021-04-06;768;350;0;36895;15791;0;17.0;7.3;0.0
36;2021-04-07;1014;527;0;37909;16318;0;17.5;7.5;0.0
36;2021-04-08;1337;454;0;39246;16772;0;18.1;7.7;0.0
36;2021-04-09;1805;420;0;41051;17192;0;18.9;7.9;0.0
36;2021-04-10;614;227;0;41665;17419;0;19.2;8.0;0.0
36;2021-04-11;236;82;0;41901;17501;0;19.3;8.1;0.0
36;2021-04-12;831;549;0;42732;18050;0;19.7;8.3;0.0
36;2021-04-13;1116;510;0;43848;18560;0;20.2;8.5;0.0
36;2021-04-14;1501;832;0;45349;19392;0;20.9;8.9;0.0
36;2021-04-15;1539;483;0;46888;19875;0;21.6;9.2;0.0
36;2021-04-16;1443;453;0;48331;20328;0;22.3;9.4;0.0
36;2021-04-17;860;256;0;49191;20584;0;22.7;9.5;0.0
36;2021-04-18;345;8;0;49536;20592;0;22.8;9.5;0.0
36;2021-04-19;827;433;0;50363;21025;0;23.2;9.7;0.0
36;2021-04-20;1084;499;0;51447;21524;0;23.7;9.9;0.0
36;2021-04-21;1191;833;0;52638;22357;0;24.2;10.3;0.0
36;2021-04-22;1438;847;0;54076;23204;0;24.9;10.7;0.0
36;2021-04-23;1207;624;0;55283;23828;0;25.5;11.0;0.0
36;2021-04-24;661;380;0;55944;24208;0;25.8;11.1;0.0
36;2021-04-25;374;104;0;56318;24312;0;25.9;11.2;0.0
36;2021-04-26;1067;455;0;57385;24767;0;26.4;11.4;0.0
36;2021-04-27;1139;555;0;58524;25322;0;27.0;11.7;0.0
36;2021-04-28;1306;979;0;59830;26301;0;27.6;12.1;0.0
36;2021-04-29;1701;711;0;61531;27012;0;28.3;12.4;0.0
36;2021-04-30;1374;444;0;62905;27456;0;29.0;12.6;0.0
36;2021-05-01;692;61;0;63597;27517;0;29.3;12.7;0.0
36;2021-05-02;461;64;0;64058;27581;0;29.5;12.7;0.0
36;2021-05-03;1242;322;0;65300;27903;0;30.1;12.9;0.0
36;2021-05-04;754;773;0;66054;28676;0;30.4;13.2;0.0
36;2021-05-05;1221;1256;0;67275;29932;0;31.0;13.8;0.0
36;2021-05-06;1959;779;0;69234;30711;0;31.9;14.1;0.0
36;2021-05-07;1340;755;0;70574;31466;0;32.5;14.5;0.0
36;2021-05-08;344;123;0;70918;31589;0;32.7;14.5;0.0
36;2021-05-09;183;324;0;71101;31913;0;32.7;14.7;0.0
36;2021-05-10;1185;800;0;72286;32713;0;33.3;15.1;0.0
36;2021-05-11;1632;1191;0;73918;33904;0;34.0;15.6;0.0
36;2021-05-12;1691;1366;0;75609;35270;0;34.8;16.2;0.0
36;2021-05-13;592;307;0;76201;35577;0;35.1;16.4;0.0
36;2021-05-14;713;896;0;76914;36473;0;35.4;16.8;0.0
36;2021-05-15;652;584;0;77566;37057;0;35.7;17.1;0.0
36;2021-05-16;336;340;0;77902;37397;0;35.9;17.2;0.0
36;2021-05-17;678;905;0;78580;38302;0;36.2;17.6;0.0
36;2021-05-18;948;947;0;79528;39249;0;36.6;18.1;0.0
36;2021-05-19;1372;816;0;80900;40065;0;37.3;18.5;0.0
36;2021-05-20;1643;1074;0;82543;41139;0;38.0;18.9;0.0
36;2021-05-21;1229;963;0;83772;42102;0;38.6;19.4;0.0
36;2021-05-22;779;342;0;84551;42444;0;38.9;19.5;0.0
36;2021-05-23;428;287;0;84979;42731;0;39.1;19.7;0.0
36;2021-05-24;593;438;0;85572;43169;0;39.4;19.9;0.0
36;2021-05-25;1122;660;0;86694;43829;0;39.9;20.2;0.0
36;2021-05-26;1524;1044;0;88218;44873;0;40.6;20.7;0.0
36;2021-05-27;1520;944;0;89738;45817;0;41.3;21.1;0.0
36;2021-05-28;1014;1395;0;90752;47212;0;41.8;21.7;0.0
36;2021-05-29;778;516;0;91530;47728;0;42.2;22.0;0.0
36;2021-05-30;133;543;0;91663;48271;0;42.2;22.2;0.0
36;2021-05-31;1236;738;0;92899;49009;0;42.8;22.6;0.0
36;2021-06-01;1466;816;0;94365;49825;0;43.5;22.9;0.0
36;2021-06-02;2003;586;0;96368;50411;0;44.4;23.2;0.0
36;2021-06-03;1825;1150;0;98193;51561;0;45.2;23.7;0.0
36;2021-06-04;1764;1030;0;99957;52591;0;46.0;24.2;0.0
36;2021-06-05;827;681;0;100784;53272;0;46.4;24.5;0.0
36;2021-06-06;351;247;0;101135;53519;0;46.6;24.6;0.0
36;2021-06-07;1008;800;0;102143;54319;0;47.0;25.0;0.0
36;2021-06-08;982;912;0;103125;55231;0;47.5;25.4;0.0
36;2021-06-09;1614;957;0;104739;56188;0;48.2;25.9;0.0
36;2021-06-10;1491;1315;0;106230;57503;0;48.9;26.5;0.0
36;2021-06-11;1313;1393;0;107543;58896;0;49.5;27.1;0.0
36;2021-06-12;951;746;0;108494;59642;0;50.0;27.5;0.0
36;2021-06-13;334;270;0;108828;59912;0;50.1;27.6;0.0
36;2021-06-14;601;1201;0;109429;61113;0;50.4;28.1;0.0
36;2021-06-15;695;1150;0;110124;62263;0;50.7;28.7;0.0
36;2021-06-16;881;1412;0;111005;63675;0;51.1;29.3;0.0
36;2021-06-17;769;1805;0;111774;65480;0;51.5;30.2;0.0
36;2021-06-18;719;1788;0;112493;67268;0;51.8;31.0;0.0
36;2021-06-19;348;455;0;112841;67723;0;52.0;31.2;0.0
36;2021-06-20;234;318;0;113075;68041;0;52.1;31.3;0.0
36;2021-06-21;668;1378;0;113743;69419;0;52.4;32.0;0.0
36;2021-06-22;808;1542;0;114551;70961;0;52.8;32.7;0.0
36;2021-06-23;733;1708;0;115284;72669;0;53.1;33.5;0.0
36;2021-06-24;805;1489;0;116089;74158;0;53.5;34.2;0.0
36;2021-06-25;887;1215;0;116976;75373;0;53.9;34.7;0.0
36;2021-06-26;362;633;0;117338;76006;0;54.0;35.0;0.0
36;2021-06-27;107;272;0;117445;76278;0;54.1;35.1;0.0
36;2021-06-28;633;966;0;118078;77244;0;54.4;35.6;0.0
36;2021-06-29;654;1483;0;118732;78727;0;54.7;36.3;0.0
36;2021-06-30;780;2107;0;119512;80834;0;55.0;37.2;0.0
36;2021-07-01;387;1139;0;119899;81973;0;55.2;37.8;0.0
36;2021-07-02;738;1902;0;120637;83875;0;55.6;38.6;0.0
36;2021-07-03;438;1006;0;121075;84881;0;55.8;39.1;0.0
36;2021-07-04;188;339;0;121263;85220;0;55.8;39.2;0.0
36;2021-07-05;459;1416;0;121722;86636;0;56.1;39.9;0.0
36;2021-07-06;502;1295;0;122224;87931;0;56.3;40.5;0.0
36;2021-07-07;554;1851;0;122778;89782;0;56.5;41.3;0.0
36;2021-07-08;547;1732;0;123325;91514;0;56.8;42.1;0.0
36;2021-07-09;720;1659;0;124045;93173;0;57.1;42.9;0.0
36;2021-07-10;459;1190;0;124504;94363;0;57.3;43.5;0.0
36;2021-07-11;250;171;0;124754;94534;0;57.5;43.5;0.0
36;2021-07-12;326;1728;0;125080;96262;0;57.6;44.3;0.0
36;2021-07-13;319;1965;0;125399;98227;0;57.8;45.2;0.0
36;2021-07-14;379;764;0;125778;98991;0;57.9;45.6;0.0
36;2021-07-15;928;2084;0;126706;101075;0;58.4;46.5;0.0
36;2021-07-16;658;1873;0;127364;102948;0;58.7;47.4;0.0
36;2021-07-17;458;1001;0;127822;103949;0;58.9;47.9;0.0
36;2021-07-18;192;396;0;128014;104345;0;59.0;48.1;0.0
36;2021-07-19;642;1515;0;128656;105860;0;59.3;48.8;0.0
36;2021-07-20;863;1405;0;129519;107265;0;59.6;49.4;0.0
36;2021-07-21;897;1936;0;130416;109201;0;60.1;50.3;0.0
36;2021-07-22;1283;1568;0;131699;110769;0;60.7;51.0;0.0
36;2021-07-23;1061;1680;0;132760;112449;0;61.1;51.8;0.0
36;2021-07-24;686;850;0;133446;113299;0;61.5;52.2;0.0
36;2021-07-25;156;401;0;133602;113700;0;61.5;52.4;0.0
36;2021-07-26;1153;1074;0;134755;114774;0;62.1;52.9;0.0
36;2021-07-27;1056;1294;0;135811;116068;0;62.5;53.5;0.0
36;2021-07-28;1548;1373;0;137359;117441;0;63.3;54.1;0.0
36;2021-07-29;1779;1225;0;139138;118666;0;64.1;54.6;0.0
36;2021-07-30;1581;1293;0;140719;119959;0;64.8;55.2;0.0
36;2021-07-31;1009;572;0;141728;120531;0;65.3;55.5;0.0
36;2021-08-01;224;241;0;141952;120772;0;65.4;55.6;0.0
36;2021-08-02;1149;900;0;143101;121672;0;65.9;56.0;0.0
36;2021-08-03;1356;961;0;144457;122633;0;66.5;56.5;0.0
36;2021-08-04;1721;929;0;146178;123562;0;67.3;56.9;0.0
36;2021-08-05;1697;879;0;147875;124441;0;68.1;57.3;0.0
36;2021-08-06;1351;862;0;149226;125303;0;68.7;57.7;0.0
36;2021-08-07;567;552;0;149793;125855;0;69.0;58.0;0.0
36;2021-08-08;289;156;0;150082;126011;0;69.1;58.0;0.0
36;2021-08-09;843;829;0;150925;126840;0;69.5;58.4;0.0
36;2021-08-10;994;1012;0;151919;127852;0;70.0;58.9;0.0
36;2021-08-11;1291;894;0;153210;128746;0;70.6;59.3;0.0
36;2021-08-12;1094;940;0;154304;129686;0;71.1;59.7;0.0
36;2021-08-13;1126;802;0;155430;130488;0;71.6;60.1;0.0
36;2021-08-14;448;810;0;155878;131298;0;71.8;60.5;0.0
36;2021-08-15;343;97;0;156221;131395;0;71.9;60.5;0.0
36;2021-08-16;608;1023;0;156829;132418;0;72.2;61.0;0.0
36;2021-08-17;733;1152;0;157562;133570;0;72.6;61.5;0.0
36;2021-08-18;923;1210;0;158485;134780;0;73.0;62.1;0.0
36;2021-08-19;767;1219;0;159252;135999;0;73.3;62.6;0.0
36;2021-08-20;463;1523;0;159715;137522;0;73.6;63.3;0.0
36;2021-08-21;295;508;0;160010;138030;0;73.7;63.6;0.0
36;2021-08-22;32;73;0;160042;138103;0;73.7;63.6;0.0
36;2021-08-23;502;1272;0;160544;139375;0;73.9;64.2;0.0
36;2021-08-24;542;1258;0;161086;140633;0;74.2;64.8;0.0
36;2021-08-25;458;1148;0;161544;141781;0;74.4;65.3;0.0
36;2021-08-26;587;1507;0;162131;143288;0;74.7;66.0;0.0
36;2021-08-27;512;1430;0;162643;144718;0;74.9;66.6;0.0
36;2021-08-28;348;649;0;162991;145367;0;75.1;66.9;0.0
36;2021-08-29;209;254;0;163200;145621;0;75.2;67.1;0.0
36;2021-08-30;234;809;23;163434;146430;23;75.3;67.4;0.0
36;2021-08-31;362;889;88;163796;147319;111;75.4;67.8;0.1
36;2021-09-01;398;1014;151;164194;148333;262;75.6;68.3;0.1
36;2021-09-02;319;912;142;164513;149245;404;75.8;68.7;0.2
36;2021-09-03;300;1344;134;164813;150589;538;75.9;69.4;0.2
36;2021-09-04;235;800;85;165048;151389;623;76.0;69.7;0.3
36;2021-09-05;120;312;57;165168;151701;680;76.1;69.9;0.3
36;2021-09-06;169;837;179;165337;152538;859;76.1;70.2;0.4
36;2021-09-07;178;693;160;165515;153231;1019;76.2;70.6;0.5
36;2021-09-08;230;1010;177;165745;154241;1196;76.3;71.0;0.6
36;2021-09-09;266;792;185;166011;155033;1381;76.5;71.4;0.6
36;2021-09-10;284;954;182;166295;155987;1563;76.6;71.8;0.7
36;2021-09-11;143;742;41;166438;156729;1604;76.7;72.2;0.7
36;2021-09-12;81;187;45;166519;156916;1649;76.7;72.3;0.8
36;2021-09-13;178;522;169;166697;157438;1818;76.8;72.5;0.8
36;2021-09-14;169;432;385;166866;157870;2203;76.8;72.7;1.0
36;2021-09-15;286;536;352;167152;158406;2555;77.0;73.0;1.2
36;2021-09-16;236;620;269;167388;159026;2824;77.1;73.2;1.3
36;2021-09-17;261;558;150;167649;159584;2974;77.2;73.5;1.4
36;2021-09-18;117;409;90;167766;159993;3064;77.3;73.7;1.4
36;2021-09-19;35;197;22;167801;160190;3086;77.3;73.8;1.4
36;2021-09-20;130;294;273;167931;160484;3359;77.3;73.9;1.5
36;2021-09-21;133;307;238;168064;160791;3597;77.4;74.0;1.7
36;2021-09-22;112;602;296;168176;161393;3893;77.5;74.3;1.8
36;2021-09-23;131;412;364;168307;161805;4257;77.5;74.5;2.0
36;2021-09-24;118;470;319;168425;162275;4576;77.6;74.7;2.1
36;2021-09-25;112;491;130;168537;162766;4706;77.6;75.0;2.2
36;2021-09-26;19;305;55;168556;163071;4761;77.6;75.1;2.2
36;2021-09-27;63;231;192;168619;163302;4953;77.7;75.2;2.3
36;2021-09-28;69;216;221;168688;163518;5174;77.7;75.3;2.4
36;2021-09-29;97;364;287;168785;163882;5461;77.7;75.5;2.5
36;2021-09-30;98;241;372;168883;164123;5833;77.8;75.6;2.7
36;2021-10-01;170;296;282;169053;164419;6115;77.9;75.7;2.8
36;2021-10-02;50;189;133;169103;164608;6248;77.9;75.8;2.9
36;2021-10-03;4;21;8;169107;164629;6256;77.9;75.8;2.9
36;2021-10-04;59;203;356;169166;164832;6612;77.9;75.9;3.0
36;2021-10-05;116;149;328;169282;164981;6940;78.0;76.0;3.2
36;2021-10-06;109;291;294;169391;165272;7234;78.0;76.1;3.3
36;2021-10-07;84;189;268;169475;165461;7502;78.0;76.2;3.5
36;2021-10-08;129;277;483;169604;165738;7985;78.1;76.3;3.7
36;2021-10-09;86;203;189;169690;165941;8174;78.1;76.4;3.8
36;2021-10-10;5;12;17;169695;165953;8191;78.2;76.4;3.8
36;2021-10-11;80;133;251;169775;166086;8442;78.2;76.5;3.9
36;2021-10-12;65;94;341;169840;166180;8783;78.2;76.5;4.0
36;2021-10-13;130;248;513;169970;166428;9296;78.3;76.6;4.3
36;2021-10-14;55;73;361;170025;166501;9657;78.3;76.7;4.4
36;2021-10-15;104;230;432;170129;166731;10089;78.4;76.8;4.6
36;2021-10-16;90;149;182;170219;166880;10271;78.4;76.9;4.7
36;2021-10-17;4;7;13;170223;166887;10284;78.4;76.9;4.7
36;2021-10-18;38;114;193;170261;167001;10477;78.4;76.9;4.8
36;2021-10-19;20;54;139;170281;167055;10616;78.4;76.9;4.9
36;2021-10-20;121;178;513;170402;167233;11129;78.5;77.0;5.1
36;2021-10-21;44;194;305;170446;167427;11434;78.5;77.1;5.3
36;2021-10-22;99;205;415;170545;167632;11849;78.5;77.2;5.5
36;2021-10-23;39;52;198;170584;167684;12047;78.6;77.2;5.5
36;2021-10-24;50;53;60;170634;167737;12107;78.6;77.2;5.6
36;2021-10-25;64;64;312;170698;167801;12419;78.6;77.3;5.7
36;2021-10-26;42;48;244;170740;167849;12663;78.6;77.3;5.8
36;2021-10-27;99;125;475;170839;167974;13138;78.7;77.4;6.1
36;2021-10-28;49;79;457;170888;168053;13595;78.7;77.4;6.3
36;2021-10-29;60;89;237;170948;168142;13832;78.7;77.4;6.4
36;2021-10-30;60;140;322;171008;168282;14154;78.8;77.5;6.5
36;2021-10-31;7;6;4;171015;168288;14158;78.8;77.5;6.5
36;2021-11-01;0;2;2;171015;168290;14160;78.8;77.5;6.5
36;2021-11-02;48;99;317;171063;168389;14477;78.8;77.5;6.7
36;2021-11-03;44;64;335;171107;168453;14812;78.8;77.6;6.8
36;2021-11-04;79;100;587;171186;168553;15399;78.8;77.6;7.1
36;2021-11-05;65;110;570;171251;168663;15969;78.9;77.7;7.4
36;2021-11-06;79;131;443;171330;168794;16412;78.9;77.7;7.6
36;2021-11-07;0;6;13;171330;168800;16425;78.9;77.7;7.6
36;2021-11-08;32;57;435;171362;168857;16860;78.9;77.8;7.8
36;2021-11-09;37;55;441;171399;168912;17301;78.9;77.8;8.0
36;2021-11-10;84;103;634;171483;169015;17935;79.0;77.8;8.3
36;2021-11-11;0;3;27;171483;169018;17962;79.0;77.8;8.3
36;2021-11-12;34;76;456;171517;169094;18418;79.0;77.9;8.5
36;2021-11-13;58;88;488;171575;169182;18906;79.0;77.9;8.7
36;2021-11-14;2;9;26;171577;169191;18932;79.0;77.9;8.7
36;2021-11-15;32;68;598;171609;169259;19530;79.0;77.9;9.0
36;2021-11-16;58;84;802;171667;169343;20332;79.1;78.0;9.4
36;2021-11-17;90;78;782;171757;169421;21114;79.1;78.0;9.7
36;2021-11-18;36;61;569;171793;169482;21683;79.1;78.1;10.0
36;2021-11-19;67;90;972;171860;169572;22655;79.1;78.1;10.4
36;2021-11-20;28;41;373;171888;169613;23028;79.2;78.1;10.6
36;2021-11-21;35;28;213;171923;169641;23241;79.2;78.1;10.7
36;2021-11-22;28;33;528;171951;169674;23769;79.2;78.1;10.9
36;2021-11-23;44;46;822;171995;169720;24591;79.2;78.2;11.3
36;2021-11-24;93;77;1114;172088;169797;25705;79.3;78.2;11.8
36;2021-11-25;65;43;1068;172153;169840;26773;79.3;78.2;12.3
36;2021-11-26;77;81;1478;172230;169921;28251;79.3;78.3;13.0
36;2021-11-27;56;119;691;172286;170040;28942;79.3;78.3;13.3
36;2021-11-28;2;5;52;172288;170045;28994;79.3;78.3;13.4
36;2021-11-29;39;54;1024;172327;170099;30018;79.4;78.3;13.8
36;2021-11-30;54;43;1289;172381;170142;31307;79.4;78.4;14.4
36;2021-12-01;69;50;1613;172450;170192;32920;79.4;78.4;15.2
36;2021-12-02;92;41;2087;172542;170233;35007;79.5;78.4;16.1
36;2021-12-03;57;103;2155;172599;170336;37162;79.5;78.4;17.1
36;2021-12-04;45;31;902;172644;170367;38064;79.5;78.5;17.5
36;2021-12-05;18;27;322;172662;170394;38386;79.5;78.5;17.7
36;2021-12-06;34;34;1263;172696;170428;39649;79.5;78.5;18.3
36;2021-12-07;72;49;2097;172768;170477;41746;79.6;78.5;19.2
36;2021-12-08;62;68;2159;172830;170545;43905;79.6;78.5;20.2
36;2021-12-09;65;53;2865;172895;170598;46770;79.6;78.6;21.5
36;2021-12-10;90;72;2857;172985;170670;49627;79.7;78.6;22.9
36;2021-12-11;33;48;1037;173018;170718;50664;79.7;78.6;23.3
36;2021-12-12;6;6;442;173024;170724;51106;79.7;78.6;23.5
36;2021-12-13;27;84;1584;173051;170808;52690;79.7;78.7;24.3
36;2021-12-14;52;55;2608;173103;170863;55298;79.7;78.7;25.5
36;2021-12-15;68;83;2897;173171;170946;58195;79.8;78.7;26.8
36;2021-12-16;97;85;3223;173268;171031;61418;79.8;78.8;28.3
36;2021-12-17;69;96;3167;173337;171127;64585;79.8;78.8;29.7
36;2021-12-18;35;56;1333;173372;171183;65918;79.8;78.8;30.4
36;2021-12-19;21;29;504;173393;171212;66422;79.9;78.8;30.6
36;2021-12-20;56;44;1731;173449;171256;68153;79.9;78.9;31.4
36;2021-12-21;76;48;2400;173525;171304;70553;79.9;78.9;32.5
36;2021-12-22;89;80;2217;173614;171384;72770;80.0;78.9;33.5
36;2021-12-23;61;82;1803;173675;171466;74573;80.0;79.0;34.3
36;2021-12-24;18;10;240;173693;171476;74813;80.0;79.0;34.5
36;2021-12-25;2;2;11;173695;171478;74824;80.0;79.0;34.5
36;2021-12-26;6;5;48;173701;171483;74872;80.0;79.0;34.5
36;2021-12-27;41;44;1173;173742;171527;76045;80.0;79.0;35.0
36;2021-12-28;81;79;1842;173823;171606;77887;80.1;79.0;35.9
37;2020-12-27;0;0;0;0;0;0;0.0;0.0;0.0
37;2020-12-28;16;0;0;16;0;0;0.0;0.0;0.0
37;2020-12-29;9;0;0;25;0;0;0.0;0.0;0.0
37;2020-12-30;0;0;0;25;0;0;0.0;0.0;0.0
37;2020-12-31;0;0;0;25;0;0;0.0;0.0;0.0
37;2021-01-01;0;0;0;25;0;0;0.0;0.0;0.0
37;2021-01-02;0;0;0;25;0;0;0.0;0.0;0.0
37;2021-01-03;0;0;0;25;0;0;0.0;0.0;0.0
37;2021-01-04;23;0;0;48;0;0;0.0;0.0;0.0
37;2021-01-05;44;0;0;92;0;0;0.0;0.0;0.0
37;2021-01-06;89;0;0;181;0;0;0.0;0.0;0.0
37;2021-01-07;128;1;0;309;1;0;0.1;0.0;0.0
37;2021-01-08;456;2;0;765;3;0;0.1;0.0;0.0
37;2021-01-09;80;2;0;845;5;0;0.1;0.0;0.0
37;2021-01-10;83;0;0;928;5;0;0.2;0.0;0.0
37;2021-01-11;290;0;0;1218;5;0;0.2;0.0;0.0
37;2021-01-12;660;6;0;1878;11;0;0.3;0.0;0.0
37;2021-01-13;539;1;0;2417;12;0;0.4;0.0;0.0
37;2021-01-14;534;3;0;2951;15;0;0.5;0.0;0.0
37;2021-01-15;636;2;0;3587;17;0;0.6;0.0;0.0
37;2021-01-16;291;2;0;3878;19;0;0.6;0.0;0.0
37;2021-01-17;245;1;0;4123;20;0;0.7;0.0;0.0
37;2021-01-18;752;11;0;4875;31;0;0.8;0.0;0.0
37;2021-01-19;1238;11;0;6113;42;0;1.0;0.0;0.0
37;2021-01-20;1051;5;0;7164;47;0;1.2;0.0;0.0
37;2021-01-21;903;0;0;8067;47;0;1.3;0.0;0.0
37;2021-01-22;789;1;0;8856;48;0;1.5;0.0;0.0
37;2021-01-23;178;0;0;9034;48;0;1.5;0.0;0.0
37;2021-01-24;14;0;0;9048;48;0;1.5;0.0;0.0
37;2021-01-25;560;19;0;9608;67;0;1.6;0.0;0.0
37;2021-01-26;1753;69;0;11361;136;0;1.9;0.0;0.0
37;2021-01-27;1439;77;0;12800;213;0;2.1;0.0;0.0
37;2021-01-28;1500;99;0;14300;312;0;2.4;0.1;0.0
37;2021-01-29;658;306;0;14958;618;0;2.5;0.1;0.0
37;2021-01-30;240;60;0;15198;678;0;2.5;0.1;0.0
37;2021-01-31;14;64;0;15212;742;0;2.5;0.1;0.0
37;2021-02-01;363;211;0;15575;953;0;2.6;0.2;0.0
37;2021-02-02;500;514;0;16075;1467;0;2.7;0.2;0.0
37;2021-02-03;655;361;0;16730;1828;0;2.8;0.3;0.0
37;2021-02-04;594;409;0;17324;2237;0;2.9;0.4;0.0
37;2021-02-05;466;462;0;17790;2699;0;2.9;0.4;0.0
37;2021-02-06;198;6;0;17988;2705;0;3.0;0.4;0.0
37;2021-02-07;24;1;0;18012;2706;0;3.0;0.4;0.0
37;2021-02-08;341;354;0;18353;3060;0;3.0;0.5;0.0
37;2021-02-09;610;728;0;18963;3788;0;3.1;0.6;0.0
37;2021-02-10;659;533;0;19622;4321;0;3.2;0.7;0.0
37;2021-02-11;654;598;0;20276;4919;0;3.3;0.8;0.0
37;2021-02-12;547;579;0;20823;5498;0;3.4;0.9;0.0
37;2021-02-13;152;200;0;20975;5698;0;3.5;0.9;0.0
37;2021-02-14;3;57;0;20978;5755;0;3.5;1.0;0.0
37;2021-02-15;415;499;0;21393;6254;0;3.5;1.0;0.0
37;2021-02-16;827;1392;0;22220;7646;0;3.7;1.3;0.0
37;2021-02-17;626;1312;0;22846;8958;0;3.8;1.5;0.0
37;2021-02-18;895;1386;0;23741;10344;0;3.9;1.7;0.0
37;2021-02-19;804;810;0;24545;11154;0;4.1;1.8;0.0
37;2021-02-20;234;216;0;24779;11370;0;4.1;1.9;0.0
37;2021-02-21;6;13;0;24785;11383;0;4.1;1.9;0.0
37;2021-02-22;329;614;0;25114;11997;0;4.1;2.0;0.0
37;2021-02-23;605;634;0;25719;12631;0;4.2;2.1;0.0
37;2021-02-24;552;646;0;26271;13277;0;4.3;2.2;0.0
37;2021-02-25;857;655;0;27128;13932;0;4.5;2.3;0.0
37;2021-02-26;1082;572;0;28210;14504;0;4.7;2.4;0.0
37;2021-02-27;569;196;0;28779;14700;0;4.8;2.4;0.0
37;2021-02-28;24;5;0;28803;14705;0;4.8;2.4;0.0
37;2021-03-01;601;379;0;29404;15084;0;4.9;2.5;0.0
37;2021-03-02;1083;558;0;30487;15642;0;5.0;2.6;0.0
37;2021-03-03;1002;575;0;31489;16217;0;5.2;2.7;0.0
37;2021-03-04;1574;529;0;33063;16746;0;5.5;2.8;0.0
37;2021-03-05;2149;590;0;35212;17336;0;5.8;2.9;0.0
37;2021-03-06;1204;223;0;36416;17559;0;6.0;2.9;0.0
37;2021-03-07;494;76;0;36910;17635;0;6.1;2.9;0.0
37;2021-03-08;679;420;0;37589;18055;0;6.2;3.0;0.0
37;2021-03-09;1623;702;0;39212;18757;0;6.5;3.1;0.0
37;2021-03-10;1606;754;0;40818;19511;0;6.7;3.2;0.0
37;2021-03-11;2096;723;0;42914;20234;0;7.1;3.3;0.0
37;2021-03-12;3239;530;0;46153;20764;0;7.6;3.4;0.0
37;2021-03-13;1945;193;0;48098;20957;0;7.9;3.5;0.0
37;2021-03-14;226;5;0;48324;20962;0;8.0;3.5;0.0
37;2021-03-15;1050;261;0;49374;21223;0;8.2;3.5;0.0
37;2021-03-16;1070;518;0;50444;21741;0;8.3;3.6;0.0
37;2021-03-17;981;286;0;51425;22027;0;8.5;3.6;0.0
37;2021-03-18;1067;522;0;52492;22549;0;8.7;3.7;0.0
37;2021-03-19;2252;342;0;54744;22891;0;9.0;3.8;0.0
37;2021-03-20;1333;143;0;56077;23034;0;9.3;3.8;0.0
37;2021-03-21;195;5;0;56272;23039;0;9.3;3.8;0.0
37;2021-03-22;1295;251;0;57567;23290;0;9.5;3.8;0.0
37;2021-03-23;2285;569;0;59852;23859;0;9.9;3.9;0.0
37;2021-03-24;2287;470;0;62139;24329;0;10.3;4.0;0.0
37;2021-03-25;3085;443;0;65224;24772;0;10.8;4.1;0.0
37;2021-03-26;3574;425;0;68798;25197;0;11.4;4.2;0.0
37;2021-03-27;1206;126;0;70004;25323;0;11.6;4.2;0.0
37;2021-03-28;145;15;0;70149;25338;0;11.6;4.2;0.0
37;2021-03-29;1626;362;0;71775;25700;0;11.9;4.2;0.0
37;2021-03-30;2570;667;0;74345;26367;0;12.3;4.4;0.0
37;2021-03-31;2136;506;0;76481;26873;0;12.6;4.4;0.0
37;2021-04-01;2644;991;0;79125;27864;0;13.1;4.6;0.0
37;2021-04-02;2843;697;0;81968;28561;0;13.5;4.7;0.0
37;2021-04-03;809;244;0;82777;28805;0;13.7;4.8;0.0
37;2021-04-04;107;14;0;82884;28819;0;13.7;4.8;0.0
37;2021-04-05;40;3;0;82924;28822;0;13.7;4.8;0.0
37;2021-04-06;2247;788;0;85171;29610;0;14.1;4.9;0.0
37;2021-04-07;3201;902;0;88372;30512;0;14.6;5.0;0.0
37;2021-04-08;3984;1011;0;92356;31523;0;15.3;5.2;0.0
37;2021-04-09;4524;1000;0;96880;32523;0;16.0;5.4;0.0
37;2021-04-10;1341;460;0;98221;32983;0;16.2;5.4;0.0
37;2021-04-11;115;23;0;98336;33006;0;16.2;5.5;0.0
37;2021-04-12;2592;696;0;100928;33702;0;16.7;5.6;0.0
37;2021-04-13;4094;1224;0;105022;34926;0;17.3;5.8;0.0
37;2021-04-14;3076;932;0;108098;35858;0;17.9;5.9;0.0
37;2021-04-15;3779;1030;0;111877;36888;0;18.5;6.1;0.0
37;2021-04-16;4282;1237;0;116159;38125;0;19.2;6.3;0.0
37;2021-04-17;1177;254;0;117336;38379;0;19.4;6.3;0.0
37;2021-04-18;115;12;0;117451;38391;0;19.4;6.3;0.0
37;2021-04-19;2470;884;0;119921;39275;0;19.8;6.5;0.0
37;2021-04-20;3221;1377;0;123142;40652;0;20.3;6.7;0.0
37;2021-04-21;2972;1255;0;126114;41907;0;20.8;6.9;0.0
37;2021-04-22;3554;1519;0;129668;43426;0;21.4;7.2;0.0
37;2021-04-23;3717;1832;0;133385;45258;0;22.0;7.5;0.0
37;2021-04-24;1153;446;0;134538;45704;0;22.2;7.5;0.0
37;2021-04-25;173;11;0;134711;45715;0;22.3;7.6;0.0
37;2021-04-26;2983;1372;0;137694;47087;0;22.7;7.8;0.0
37;2021-04-27;4279;1874;0;141973;48961;0;23.5;8.1;0.0
37;2021-04-28;3626;1952;0;145599;50913;0;24.1;8.4;0.0
37;2021-04-29;4762;2042;0;150361;52955;0;24.8;8.7;0.0
37;2021-04-30;5028;2037;0;155389;54992;0;25.7;9.1;0.0
37;2021-05-01;648;200;0;156037;55192;0;25.8;9.1;0.0
37;2021-05-02;132;29;0;156169;55221;0;25.8;9.1;0.0
37;2021-05-03;2785;1916;0;158954;57137;0;26.3;9.4;0.0
37;2021-05-04;3772;2748;0;162726;59885;0;26.9;9.9;0.0
37;2021-05-05;3645;2117;0;166371;62002;0;27.5;10.2;0.0
37;2021-05-06;5045;2020;0;171416;64022;0;28.3;10.6;0.0
37;2021-05-07;4650;2846;0;176066;66868;0;29.1;11.0;0.0
37;2021-05-08;645;318;0;176711;67186;0;29.2;11.1;0.0
37;2021-05-09;144;67;0;176855;67253;0;29.2;11.1;0.0
37;2021-05-10;2357;3424;0;179212;70677;0;29.6;11.7;0.0
37;2021-05-11;4073;3944;0;183285;74621;0;30.3;12.3;0.0
37;2021-05-12;4326;2660;0;187611;77281;0;31.0;12.8;0.0
37;2021-05-13;1436;534;0;189047;77815;0;31.2;12.9;0.0
37;2021-05-14;4163;2627;0;193210;80442;0;31.9;13.3;0.0
37;2021-05-15;2551;782;0;195761;81224;0;32.3;13.4;0.0
37;2021-05-16;205;113;0;195966;81337;0;32.4;13.4;0.0
37;2021-05-17;3006;2046;0;198972;83383;0;32.9;13.8;0.0
37;2021-05-18;4172;2395;0;203144;85778;0;33.6;14.2;0.0
37;2021-05-19;3887;1868;0;207031;87646;0;34.2;14.5;0.0
37;2021-05-20;5098;1905;0;212129;89551;0;35.0;14.8;0.0
37;2021-05-21;4717;2582;0;216846;92133;0;35.8;15.2;0.0
37;2021-05-22;1375;748;0;218221;92881;0;36.0;15.3;0.0
37;2021-05-23;149;91;0;218370;92972;0;36.1;15.4;0.0
37;2021-05-24;890;121;0;219260;93093;0;36.2;15.4;0.0
37;2021-05-25;5175;2182;0;224435;95275;0;37.1;15.7;0.0
37;2021-05-26;5108;2185;0;229543;97460;0;37.9;16.1;0.0
37;2021-05-27;6096;2418;0;235639;99878;0;38.9;16.5;0.0
37;2021-05-28;6005;3267;0;241644;103145;0;39.9;17.0;0.0
37;2021-05-29;1744;1187;0;243388;104332;0;40.2;17.2;0.0
37;2021-05-30;131;169;0;243519;104501;0;40.2;17.3;0.0
37;2021-05-31;3726;2524;0;247245;107025;0;40.8;17.7;0.0
37;2021-06-01;5863;3540;0;253108;110565;0;41.8;18.3;0.0
37;2021-06-02;5223;2563;0;258331;113128;0;42.7;18.7;0.0
37;2021-06-03;6205;2958;0;264536;116086;0;43.7;19.2;0.0
37;2021-06-04;5635;4217;0;270171;120303;0;44.6;19.9;0.0
37;2021-06-05;2040;1435;0;272211;121738;0;45.0;20.1;0.0
37;2021-06-06;134;292;0;272345;122030;0;45.0;20.2;0.0
37;2021-06-07;3123;4166;0;275468;126196;0;45.5;20.8;0.0
37;2021-06-08;4192;4669;0;279660;130865;0;46.2;21.6;0.0
37;2021-06-09;3948;3774;0;283608;134639;0;46.8;22.2;0.0
37;2021-06-10;5174;3717;0;288782;138356;0;47.7;22.9;0.0
37;2021-06-11;4884;4844;0;293666;143200;0;48.5;23.7;0.0
37;2021-06-12;3544;1369;0;297210;144569;0;49.1;23.9;0.0
37;2021-06-13;84;297;0;297294;144866;0;49.1;23.9;0.0
37;2021-06-14;2625;4125;0;299919;148991;0;49.5;24.6;0.0
37;2021-06-15;3860;4796;0;303779;153787;0;50.2;25.4;0.0
37;2021-06-16;3236;3730;0;307015;157517;0;50.7;26.0;0.0
37;2021-06-17;3906;4558;0;310921;162075;0;51.4;26.8;0.0
37;2021-06-18;4474;5117;0;315395;167192;0;52.1;27.6;0.0
37;2021-06-19;2454;1248;0;317849;168440;0;52.5;27.8;0.0
37;2021-06-20;45;245;0;317894;168685;0;52.5;27.9;0.0
37;2021-06-21;2372;3944;0;320266;172629;0;52.9;28.5;0.0
37;2021-06-22;2878;5188;0;323144;177817;0;53.4;29.4;0.0
37;2021-06-23;2587;3957;0;325731;181774;0;53.8;30.0;0.0
37;2021-06-24;2792;3663;0;328523;185437;0;54.3;30.6;0.0
37;2021-06-25;3209;4945;0;331732;190382;0;54.8;31.4;0.0
37;2021-06-26;1204;3183;0;332936;193565;0;55.0;32.0;0.0
37;2021-06-27;51;236;0;332987;193801;0;55.0;32.0;0.0
37;2021-06-28;1688;4687;0;334675;198488;0;55.3;32.8;0.0
37;2021-06-29;1849;6418;0;336524;204906;0;55.6;33.8;0.0
37;2021-06-30;1880;4750;0;338404;209656;0;55.9;34.6;0.0
37;2021-07-01;2100;4949;0;340504;214605;0;56.2;35.4;0.0
37;2021-07-02;2655;5729;0;343159;220334;0;56.7;36.4;0.0
37;2021-07-03;887;2294;0;344046;222628;0;56.8;36.8;0.0
37;2021-07-04;30;184;0;344076;222812;0;56.8;36.8;0.0
37;2021-07-05;1598;5195;0;345674;228007;0;57.1;37.7;0.0
37;2021-07-06;1887;6756;0;347561;234763;0;57.4;38.8;0.0
37;2021-07-07;1831;5518;0;349392;240281;0;57.7;39.7;0.0
37;2021-07-08;2358;6689;0;351750;246970;0;58.1;40.8;0.0
37;2021-07-09;1988;7576;0;353738;254546;0;58.4;42.0;0.0
37;2021-07-10;1017;2788;0;354755;257334;0;58.6;42.5;0.0
37;2021-07-11;56;168;0;354811;257502;0;58.6;42.5;0.0
37;2021-07-12;1163;6011;0;355974;263513;0;58.8;43.5;0.0
37;2021-07-13;1704;7775;0;357678;271288;0;59.1;44.8;0.0
37;2021-07-14;623;601;0;358301;271889;0;59.2;44.9;0.0
37;2021-07-15;2622;7548;0;360923;279437;0;59.6;46.2;0.0
37;2021-07-16;2743;7692;0;363666;287129;0;60.1;47.4;0.0
37;2021-07-17;1242;2580;0;364908;289709;0;60.3;47.9;0.0
37;2021-07-18;144;147;0;365052;289856;0;60.3;47.9;0.0
37;2021-07-19;1750;6130;0;366802;295986;0;60.6;48.9;0.0
37;2021-07-20;2992;6961;0;369794;302947;0;61.1;50.0;0.0
37;2021-07-21;3087;5635;0;372881;308582;0;61.6;51.0;0.0
37;2021-07-22;4034;6352;0;376915;314934;0;62.3;52.0;0.0
37;2021-07-23;3854;6895;0;380769;321829;0;62.9;53.2;0.0
37;2021-07-24;1805;3179;0;382574;325008;0;63.2;53.7;0.0
37;2021-07-25;146;145;0;382720;325153;0;63.2;53.7;0.0
37;2021-07-26;3302;4290;0;386022;329443;0;63.8;54.4;0.0
37;2021-07-27;4289;4879;0;390311;334322;0;64.5;55.2;0.0
37;2021-07-28;4164;3679;0;394475;338001;0;65.2;55.8;0.0
37;2021-07-29;4992;4211;0;399467;342212;0;66.0;56.5;0.0
37;2021-07-30;5028;4805;0;404495;347017;0;66.8;57.3;0.0
37;2021-07-31;1945;1810;0;406440;348827;0;67.1;57.6;0.0
37;2021-08-01;120;72;0;406560;348899;0;67.2;57.6;0.0
37;2021-08-02;3360;3192;0;409920;352091;0;67.7;58.2;0.0
37;2021-08-03;5032;3069;0;414952;355160;0;68.5;58.7;0.0
37;2021-08-04;4506;1968;0;419458;357128;0;69.3;59.0;0.0
37;2021-08-05;4681;2583;0;424139;359711;0;70.1;59.4;0.0
37;2021-08-06;4608;3230;0;428747;362941;0;70.8;60.0;0.0
37;2021-08-07;1633;1113;0;430380;364054;0;71.1;60.1;0.0
37;2021-08-08;104;201;0;430484;364255;0;71.1;60.2;0.0
37;2021-08-09;2354;2148;0;432838;366403;0;71.5;60.5;0.0
37;2021-08-10;2974;2645;0;435812;369048;0;72.0;61.0;0.0
37;2021-08-11;2073;2199;0;437885;371247;0;72.3;61.3;0.0
37;2021-08-12;2408;2641;0;440293;373888;0;72.7;61.8;0.0
37;2021-08-13;2362;2792;0;442655;376680;0;73.1;62.2;0.0
37;2021-08-14;755;877;0;443410;377557;0;73.2;62.4;0.0
37;2021-08-15;42;101;0;443452;377658;0;73.3;62.4;0.0
37;2021-08-16;1463;3173;0;444915;380831;0;73.5;62.9;0.0
37;2021-08-17;1783;3868;0;446698;384699;0;73.8;63.5;0.0
37;2021-08-18;1415;3171;0;448113;387870;0;74.0;64.1;0.0
37;2021-08-19;1501;3665;0;449614;391535;0;74.3;64.7;0.0
37;2021-08-20;1557;4444;0;451171;395979;0;74.5;65.4;0.0
37;2021-08-21;646;1261;0;451817;397240;0;74.6;65.6;0.0
37;2021-08-22;25;100;0;451842;397340;0;74.6;65.6;0.0
37;2021-08-23;1259;3968;0;453101;401308;0;74.8;66.3;0.0
37;2021-08-24;1529;4723;0;454630;406031;0;75.1;67.1;0.0
37;2021-08-25;1032;4158;0;455662;410189;0;75.3;67.8;0.0
37;2021-08-26;1258;4255;0;456920;414444;0;75.5;68.5;0.0
37;2021-08-27;1389;5382;0;458309;419826;0;75.7;69.3;0.0
37;2021-08-28;413;1473;0;458722;421299;0;75.8;69.6;0.0
37;2021-08-29;11;57;0;458733;421356;0;75.8;69.6;0.0
37;2021-08-30;1043;3735;68;459776;425091;68;75.9;70.2;0.0
37;2021-08-31;1238;3640;123;461014;428731;191;76.2;70.8;0.0
37;2021-09-01;991;2501;196;462005;431232;387;76.3;71.2;0.1
37;2021-09-02;880;2403;288;462885;433635;675;76.5;71.6;0.1
37;2021-09-03;978;3321;390;463863;436956;1065;76.6;72.2;0.2
37;2021-09-04;657;1331;138;464520;438287;1203;76.7;72.4;0.2
37;2021-09-05;7;42;2;464527;438329;1205;76.7;72.4;0.2
37;2021-09-06;376;1133;218;464903;439462;1423;76.8;72.6;0.2
37;2021-09-07;516;1301;232;465419;440763;1655;76.9;72.8;0.3
37;2021-09-08;806;1814;229;466225;442577;1884;77.0;73.1;0.3
37;2021-09-09;543;1298;284;466768;443875;2168;77.1;73.3;0.4
37;2021-09-10;755;1547;310;467523;445422;2478;77.2;73.6;0.4
37;2021-09-11;385;1028;78;467908;446450;2556;77.3;73.7;0.4
37;2021-09-12;16;44;10;467924;446494;2566;77.3;73.8;0.4
37;2021-09-13;436;1077;373;468360;447571;2939;77.4;73.9;0.5
37;2021-09-14;500;1113;495;468860;448684;3434;77.4;74.1;0.6
37;2021-09-15;614;1450;573;469474;450134;4007;77.6;74.4;0.7
37;2021-09-16;360;815;574;469834;450949;4581;77.6;74.5;0.8
37;2021-09-17;594;1426;536;470428;452375;5117;77.7;74.7;0.8
37;2021-09-18;293;869;134;470721;453244;5251;77.8;74.9;0.9
37;2021-09-19;23;55;20;470744;453299;5271;77.8;74.9;0.9
37;2021-09-20;269;667;423;471013;453966;5694;77.8;75.0;0.9
37;2021-09-21;387;1218;915;471400;455184;6609;77.9;75.2;1.1
37;2021-09-22;393;1235;468;471793;456419;7077;77.9;75.4;1.2
37;2021-09-23;407;1009;556;472200;457428;7633;78.0;75.6;1.3
37;2021-09-24;476;1299;545;472676;458727;8178;78.1;75.8;1.4
37;2021-09-25;221;766;103;472897;459493;8281;78.1;75.9;1.4
37;2021-09-26;6;28;2;472903;459521;8283;78.1;75.9;1.4
37;2021-09-27;272;656;385;473175;460177;8668;78.2;76.0;1.4
37;2021-09-28;381;626;467;473556;460803;9135;78.2;76.1;1.5
37;2021-09-29;357;907;570;473913;461710;9705;78.3;76.3;1.6
37;2021-09-30;370;488;691;474283;462198;10396;78.3;76.3;1.7
37;2021-10-01;460;776;638;474743;462974;11034;78.4;76.5;1.8
37;2021-10-02;228;535;190;474971;463509;11224;78.5;76.6;1.9
37;2021-10-03;16;26;1;474987;463535;11225;78.5;76.6;1.9
37;2021-10-04;259;501;418;475246;464036;11643;78.5;76.7;1.9
37;2021-10-05;310;407;659;475556;464443;12302;78.6;76.7;2.0
37;2021-10-06;348;650;571;475904;465093;12873;78.6;76.8;2.1
37;2021-10-07;271;397;666;476175;465490;13539;78.7;76.9;2.2
37;2021-10-08;405;622;690;476580;466112;14229;78.7;77.0;2.4
37;2021-10-09;199;460;182;476779;466572;14411;78.8;77.1;2.4
37;2021-10-10;6;16;2;476785;466588;14413;78.8;77.1;2.4
37;2021-10-11;214;339;483;476999;466927;14896;78.8;77.1;2.5
37;2021-10-12;216;403;675;477215;467330;15571;78.8;77.2;2.6
37;2021-10-13;300;489;601;477515;467819;16172;78.9;77.3;2.7
37;2021-10-14;209;388;723;477724;468207;16895;78.9;77.3;2.8
37;2021-10-15;372;674;902;478096;468881;17797;79.0;77.5;2.9
37;2021-10-16;223;317;183;478319;469198;17980;79.0;77.5;3.0
37;2021-10-17;9;4;1;478328;469202;17981;79.0;77.5;3.0
37;2021-10-18;205;277;491;478533;469479;18472;79.0;77.6;3.1
37;2021-10-19;178;337;851;478711;469816;19323;79.1;77.6;3.2
37;2021-10-20;247;392;898;478958;470208;20221;79.1;77.7;3.3
37;2021-10-21;167;384;840;479125;470592;21061;79.1;77.7;3.5
37;2021-10-22;355;566;1139;479480;471158;22200;79.2;77.8;3.7
37;2021-10-23;127;186;266;479607;471344;22466;79.2;77.9;3.7
37;2021-10-24;7;12;4;479614;471356;22470;79.2;77.9;3.7
37;2021-10-25;180;230;689;479794;471586;23159;79.3;77.9;3.8
37;2021-10-26;163;240;773;479957;471826;23932;79.3;77.9;4.0
37;2021-10-27;221;406;1101;480178;472232;25033;79.3;78.0;4.1
37;2021-10-28;165;195;696;480343;472427;25729;79.3;78.0;4.3
37;2021-10-29;246;392;1171;480589;472819;26900;79.4;78.1;4.4
37;2021-10-30;97;134;282;480686;472953;27182;79.4;78.1;4.5
37;2021-10-31;3;9;1;480689;472962;27183;79.4;78.1;4.5
37;2021-11-01;12;8;10;480701;472970;27193;79.4;78.1;4.5
37;2021-11-02;216;341;1024;480917;473311;28217;79.4;78.2;4.7
37;2021-11-03;195;298;1206;481112;473609;29423;79.5;78.2;4.9
37;2021-11-04;124;199;1113;481236;473808;30536;79.5;78.3;5.0
37;2021-11-05;305;402;1569;481541;474210;32105;79.5;78.3;5.3
37;2021-11-06;120;203;502;481661;474413;32607;79.6;78.4;5.4
37;2021-11-07;0;11;11;481661;474424;32618;79.6;78.4;5.4
37;2021-11-08;141;234;1041;481802;474658;33659;79.6;78.4;5.6
37;2021-11-09;148;274;2418;481950;474932;36077;79.6;78.5;6.0
37;2021-11-10;211;316;1877;482161;475248;37954;79.6;78.5;6.3
37;2021-11-11;13;12;66;482174;475260;38020;79.6;78.5;6.3
37;2021-11-12;222;428;1845;482396;475688;39865;79.7;78.6;6.6
37;2021-11-13;61;124;501;482457;475812;40366;79.7;78.6;6.7
37;2021-11-14;4;11;5;482461;475823;40371;79.7;78.6;6.7
37;2021-11-15;105;206;1750;482566;476029;42121;79.7;78.6;7.0
37;2021-11-16;208;216;2705;482774;476245;44826;79.7;78.7;7.4
37;2021-11-17;240;256;2240;483014;476501;47066;79.8;78.7;7.8
37;2021-11-18;158;179;2095;483172;476680;49161;79.8;78.7;8.1
37;2021-11-19;303;352;3335;483475;477032;52496;79.9;78.8;8.7
37;2021-11-20;153;164;857;483628;477196;53353;79.9;78.8;8.8
37;2021-11-21;0;7;11;483628;477203;53364;79.9;78.8;8.8
37;2021-11-22;144;90;1567;483772;477293;54931;79.9;78.8;9.1
37;2021-11-23;209;187;2725;483981;477480;57656;79.9;78.9;9.5
37;2021-11-24;265;227;2294;484246;477707;59950;80.0;78.9;9.9
37;2021-11-25;138;155;2621;484384;477862;62571;80.0;78.9;10.3
37;2021-11-26;286;349;4640;484670;478211;67211;80.1;79.0;11.1
37;2021-11-27;123;142;1408;484793;478353;68619;80.1;79.0;11.3
37;2021-11-28;3;16;72;484796;478369;68691;80.1;79.0;11.3
37;2021-11-29;83;157;2937;484879;478526;71628;80.1;79.0;11.8
37;2021-11-30;191;158;4724;485070;478684;76352;80.1;79.1;12.6
37;2021-12-01;172;215;4835;485242;478899;81187;80.2;79.1;13.4
37;2021-12-02;109;118;5999;485351;479017;87186;80.2;79.1;14.4
37;2021-12-03;212;238;7421;485563;479255;94607;80.2;79.2;15.6
37;2021-12-04;68;90;3009;485631;479345;97616;80.2;79.2;16.1
37;2021-12-05;7;10;151;485638;479355;97767;80.2;79.2;16.1
37;2021-12-06;110;137;5097;485748;479492;102864;80.2;79.2;17.0
37;2021-12-07;152;211;7020;485900;479703;109884;80.3;79.2;18.2
37;2021-12-08;113;221;5774;486013;479924;115658;80.3;79.3;19.1
37;2021-12-09;146;166;7396;486159;480090;123054;80.3;79.3;20.3
37;2021-12-10;146;324;8522;486305;480414;131576;80.3;79.4;21.7
37;2021-12-11;91;141;4054;486396;480555;135630;80.3;79.4;22.4
37;2021-12-12;12;9;370;486408;480564;136000;80.3;79.4;22.5
37;2021-12-13;100;181;5638;486508;480745;141638;80.4;79.4;23.4
37;2021-12-14;199;251;8997;486707;480996;150635;80.4;79.5;24.9
37;2021-12-15;154;284;7153;486861;481280;157788;80.4;79.5;26.1
37;2021-12-16;195;208;8363;487056;481488;166151;80.5;79.5;27.4
37;2021-12-17;220;340;9347;487276;481828;175498;80.5;79.6;29.0
37;2021-12-18;135;129;4230;487411;481957;179728;80.5;79.6;29.7
37;2021-12-19;24;19;809;487435;481976;180537;80.5;79.6;29.8
37;2021-12-20;169;176;5859;487604;482152;186396;80.5;79.6;30.8
37;2021-12-21;263;241;8003;487867;482393;194399;80.6;79.7;32.1
37;2021-12-22;230;199;6298;488097;482592;200697;80.6;79.7;33.2
37;2021-12-23;175;149;5296;488272;482741;205993;80.7;79.7;34.0
37;2021-12-24;78;58;1419;488350;482799;207412;80.7;79.8;34.3
37;2021-12-25;1;6;47;488351;482805;207459;80.7;79.8;34.3
37;2021-12-26;4;5;144;488355;482810;207603;80.7;79.8;34.3
37;2021-12-27;144;151;4564;488499;482961;212167;80.7;79.8;35.0
37;2021-12-28;183;176;6483;488682;483137;218650;80.7;79.8;36.1
38;2020-12-27;1;0;0;1;0;0;0.0;0.0;0.0
38;2020-12-28;0;0;0;1;0;0;0.0;0.0;0.0
38;2020-12-29;0;0;0;1;0;0;0.0;0.0;0.0
38;2020-12-30;0;0;0;1;0;0;0.0;0.0;0.0
38;2020-12-31;5;0;0;6;0;0;0.0;0.0;0.0
38;2021-01-01;2;0;0;8;0;0;0.0;0.0;0.0
38;2021-01-02;0;0;0;8;0;0;0.0;0.0;0.0
38;2021-01-03;1;1;0;9;1;0;0.0;0.0;0.0
38;2021-01-04;156;0;0;165;1;0;0.0;0.0;0.0
38;2021-01-05;263;1;0;428;2;0;0.0;0.0;0.0
38;2021-01-06;384;0;0;812;2;0;0.1;0.0;0.0
38;2021-01-07;677;1;0;1489;3;0;0.1;0.0;0.0
38;2021-01-08;716;0;0;2205;3;0;0.2;0.0;0.0
38;2021-01-09;39;0;0;2244;3;0;0.2;0.0;0.0
38;2021-01-10;1;0;0;2245;3;0;0.2;0.0;0.0
38;2021-01-11;849;3;0;3094;6;0;0.2;0.0;0.0
38;2021-01-12;1498;4;0;4592;10;0;0.4;0.0;0.0
38;2021-01-13;1154;8;0;5746;18;0;0.5;0.0;0.0
38;2021-01-14;1723;16;0;7469;34;0;0.6;0.0;0.0
38;2021-01-15;1687;9;0;9156;43;0;0.7;0.0;0.0
38;2021-01-16;319;2;0;9475;45;0;0.7;0.0;0.0
38;2021-01-17;10;0;0;9485;45;0;0.7;0.0;0.0
38;2021-01-18;1228;7;0;10713;52;0;0.8;0.0;0.0
38;2021-01-19;2310;9;0;13023;61;0;1.0;0.0;0.0
38;2021-01-20;2044;11;0;15067;72;0;1.2;0.0;0.0
38;2021-01-21;1776;15;0;16843;87;0;1.3;0.0;0.0
38;2021-01-22;1492;9;0;18335;96;0;1.4;0.0;0.0
38;2021-01-23;487;4;0;18822;100;0;1.5;0.0;0.0
38;2021-01-24;11;0;0;18833;100;0;1.5;0.0;0.0
38;2021-01-25;907;102;0;19740;202;0;1.6;0.0;0.0
38;2021-01-26;993;181;0;20733;383;0;1.6;0.0;0.0
38;2021-01-27;1255;277;0;21988;660;0;1.7;0.1;0.0
38;2021-01-28;1388;484;0;23376;1144;0;1.8;0.1;0.0
38;2021-01-29;1070;380;0;24446;1524;0;1.9;0.1;0.0
38;2021-01-30;383;1;0;24829;1525;0;2.0;0.1;0.0
38;2021-01-31;12;0;0;24841;1525;0;2.0;0.1;0.0
38;2021-02-01;775;592;0;25616;2117;0;2.0;0.2;0.0
38;2021-02-02;1101;959;0;26717;3076;0;2.1;0.2;0.0
38;2021-02-03;1276;726;0;27993;3802;0;2.2;0.3;0.0
38;2021-02-04;1378;999;0;29371;4801;0;2.3;0.4;0.0
38;2021-02-05;1453;867;0;30824;5668;0;2.4;0.4;0.0
38;2021-02-06;251;97;0;31075;5765;0;2.5;0.5;0.0
38;2021-02-07;6;50;0;31081;5815;0;2.5;0.5;0.0
38;2021-02-08;917;886;0;31998;6701;0;2.5;0.5;0.0
38;2021-02-09;1652;1395;0;33650;8096;0;2.7;0.6;0.0
38;2021-02-10;1681;1362;0;35331;9458;0;2.8;0.7;0.0
38;2021-02-11;1905;1243;0;37236;10701;0;2.9;0.8;0.0
38;2021-02-12;1591;1185;0;38827;11886;0;3.1;0.9;0.0
38;2021-02-13;503;221;0;39330;12107;0;3.1;1.0;0.0
38;2021-02-14;7;12;0;39337;12119;0;3.1;1.0;0.0
38;2021-02-15;1021;991;0;40358;13110;0;3.2;1.0;0.0
38;2021-02-16;1386;1073;0;41744;14183;0;3.3;1.1;0.0
38;2021-02-17;1373;1203;0;43117;15386;0;3.4;1.2;0.0
38;2021-02-18;1777;1223;0;44894;16609;0;3.5;1.3;0.0
38;2021-02-19;1272;979;0;46166;17588;0;3.6;1.4;0.0
38;2021-02-20;485;383;0;46651;17971;0;3.7;1.4;0.0
38;2021-02-21;3;8;0;46654;17979;0;3.7;1.4;0.0
38;2021-02-22;1104;994;0;47758;18973;0;3.8;1.5;0.0
38;2021-02-23;1550;1089;0;49308;20062;0;3.9;1.6;0.0
38;2021-02-24;1718;1263;0;51026;21325;0;4.0;1.7;0.0
38;2021-02-25;2574;1205;0;53600;22530;0;4.2;1.8;0.0
38;2021-02-26;3392;1107;0;56992;23637;0;4.5;1.9;0.0
38;2021-02-27;1533;506;0;58525;24143;0;4.6;1.9;0.0
38;2021-02-28;28;15;0;58553;24158;0;4.6;1.9;0.0
38;2021-03-01;2472;874;0;61025;25032;0;4.8;2.0;0.0
38;2021-03-02;4030;1204;0;65055;26236;0;5.1;2.1;0.0
38;2021-03-03;3375;1366;0;68430;27602;0;5.4;2.2;0.0
38;2021-03-04;4533;1464;0;72963;29066;0;5.8;2.3;0.0
38;2021-03-05;5301;1320;0;78264;30386;0;6.2;2.4;0.0
38;2021-03-06;3177;297;0;81441;30683;0;6.4;2.4;0.0
38;2021-03-07;309;34;0;81750;30717;0;6.5;2.4;0.0
38;2021-03-08;2464;934;0;84214;31651;0;6.7;2.5;0.0
38;2021-03-09;4061;1370;0;88275;33021;0;7.0;2.6;0.0
38;2021-03-10;3602;1163;0;91877;34184;0;7.3;2.7;0.0
38;2021-03-11;5199;1645;0;97076;35829;0;7.7;2.8;0.0
38;2021-03-12;7279;1266;0;104355;37095;0;8.2;2.9;0.0
38;2021-03-13;3906;266;0;108261;37361;0;8.6;3.0;0.0
38;2021-03-14;617;22;0;108878;37383;0;8.6;3.0;0.0
38;2021-03-15;2783;1033;0;111661;38416;0;8.8;3.0;0.0
38;2021-03-16;2207;1385;0;113868;39801;0;9.0;3.1;0.0
38;2021-03-17;2127;1213;0;115995;41014;0;9.2;3.2;0.0
38;2021-03-18;2900;1405;0;118895;42419;0;9.4;3.4;0.0
38;2021-03-19;4268;1148;0;123163;43567;0;9.7;3.4;0.0
38;2021-03-20;1987;259;0;125150;43826;0;9.9;3.5;0.0
38;2021-03-21;248;21;0;125398;43847;0;9.9;3.5;0.0
38;2021-03-22;3076;995;0;128474;44842;0;10.2;3.5;0.0
38;2021-03-23;5036;1521;0;133510;46363;0;10.6;3.7;0.0
38;2021-03-24;3963;1587;0;137473;47950;0;10.9;3.8;0.0
38;2021-03-25;6153;1574;0;143626;49524;0;11.4;3.9;0.0
38;2021-03-26;6873;1762;0;150499;51286;0;11.9;4.1;0.0
38;2021-03-27;2660;778;0;153159;52064;0;12.1;4.1;0.0
38;2021-03-28;1025;46;0;154184;52110;0;12.2;4.1;0.0
38;2021-03-29;2908;1857;0;157092;53967;0;12.4;4.3;0.0
38;2021-03-30;4857;2577;0;161949;56544;0;12.8;4.5;0.0
38;2021-03-31;3971;2287;0;165920;58831;0;13.1;4.7;0.0
38;2021-04-01;5493;2608;0;171413;61439;0;13.6;4.9;0.0
38;2021-04-02;4265;2577;0;175678;64016;0;13.9;5.1;0.0
38;2021-04-03;1723;1088;0;177401;65104;0;14.0;5.1;0.0
38;2021-04-04;818;105;0;178219;65209;0;14.1;5.2;0.0
38;2021-04-05;2530;379;0;180749;65588;0;14.3;5.2;0.0
38;2021-04-06;4584;2475;0;185333;68063;0;14.7;5.4;0.0
38;2021-04-07;4619;2868;0;189952;70931;0;15.0;5.6;0.0
38;2021-04-08;5892;2788;0;195844;73719;0;15.5;5.8;0.0
38;2021-04-09;8650;2767;0;204494;76486;0;16.2;6.0;0.0
38;2021-04-10;3631;1609;0;208125;78095;0;16.5;6.2;0.0
38;2021-04-11;1128;199;0;209253;78294;0;16.5;6.2;0.0
38;2021-04-12;4333;2362;0;213586;80656;0;16.9;6.4;0.0
38;2021-04-13;6325;2618;0;219911;83274;0;17.4;6.6;0.0
38;2021-04-14;5355;2643;0;225266;85917;0;17.8;6.8;0.0
38;2021-04-15;6641;3079;0;231907;88996;0;18.3;7.0;0.0
38;2021-04-16;6387;2953;0;238294;91949;0;18.8;7.3;0.0
38;2021-04-17;2855;1133;0;241149;93082;0;19.1;7.4;0.0
38;2021-04-18;1438;159;0;242587;93241;0;19.2;7.4;0.0
38;2021-04-19;4324;3029;0;246911;96270;0;19.5;7.6;0.0
38;2021-04-20;5542;3157;0;252453;99427;0;20.0;7.9;0.0
38;2021-04-21;5140;3009;0;257593;102436;0;20.4;8.1;0.0
38;2021-04-22;5898;3086;0;263491;105522;0;20.8;8.3;0.0
38;2021-04-23;6264;3101;0;269755;108623;0;21.3;8.6;0.0
38;2021-04-24;2993;1501;0;272748;110124;0;21.6;8.7;0.0
38;2021-04-25;890;674;0;273638;110798;0;21.6;8.8;0.0
38;2021-04-26;4553;2678;0;278191;113476;0;22.0;9.0;0.0
38;2021-04-27;6068;3021;0;284259;116497;0;22.5;9.2;0.0
38;2021-04-28;6200;2800;0;290459;119297;0;23.0;9.4;0.0
38;2021-04-29;8244;3366;0;298703;122663;0;23.6;9.7;0.0
38;2021-04-30;7599;4239;0;306302;126902;0;24.2;10.0;0.0
38;2021-05-01;1981;277;0;308283;127179;0;24.4;10.1;0.0
38;2021-05-02;966;485;0;309249;127664;0;24.4;10.1;0.0
38;2021-05-03;5328;3996;0;314577;131660;0;24.9;10.4;0.0
38;2021-05-04;6306;5527;0;320883;137187;0;25.4;10.8;0.0
38;2021-05-05;6523;4790;0;327406;141977;0;25.9;11.2;0.0
38;2021-05-06;7286;5500;0;334692;147477;0;26.5;11.7;0.0
38;2021-05-07;7761;6597;0;342453;154074;0;27.1;12.2;0.0
38;2021-05-08;3913;837;0;346366;154911;0;27.4;12.2;0.0
38;2021-05-09;3271;2038;0;349637;156949;0;27.6;12.4;0.0
38;2021-05-10;6232;5494;0;355869;162443;0;28.1;12.8;0.0
38;2021-05-11;8535;6232;0;364404;168675;0;28.8;13.3;0.0
38;2021-05-12;9731;4936;0;374135;173611;0;29.6;13.7;0.0
38;2021-05-13;7590;1569;0;381725;175180;0;30.2;13.8;0.0
38;2021-05-14;10265;3651;0;391990;178831;0;31.0;14.1;0.0
38;2021-05-15;7411;1582;0;399401;180413;0;31.6;14.3;0.0
38;2021-05-16;6081;706;0;405482;181119;0;32.1;14.3;0.0
38;2021-05-17;8044;3226;0;413526;184345;0;32.7;14.6;0.0
38;2021-05-18;9365;4209;0;422891;188554;0;33.4;14.9;0.0
38;2021-05-19;8855;3576;0;431746;192130;0;34.1;15.2;0.0
38;2021-05-20;9457;4672;0;441203;196802;0;34.9;15.6;0.0
38;2021-05-21;10142;4732;0;451345;201534;0;35.7;15.9;0.0
38;2021-05-22;7498;1985;0;458843;203519;0;36.3;16.1;0.0
38;2021-05-23;5219;620;0;464062;204139;0;36.7;16.1;0.0
38;2021-05-24;7648;1671;0;471710;205810;0;37.3;16.3;0.0
38;2021-05-25;9392;4999;0;481102;210809;0;38.0;16.7;0.0
38;2021-05-26;8189;4989;0;489291;215798;0;38.7;17.1;0.0
38;2021-05-27;9355;5788;0;498646;221586;0;39.4;17.5;0.0
38;2021-05-28;9021;6728;0;507667;228314;0;40.1;18.0;0.0
38;2021-05-29;6012;3636;0;513679;231950;0;40.6;18.3;0.0
38;2021-05-30;2754;1743;0;516433;233693;0;40.8;18.5;0.0
38;2021-05-31;8076;5360;0;524509;239053;0;41.5;18.9;0.0
38;2021-06-01;7901;6556;0;532410;245609;0;42.1;19.4;0.0
38;2021-06-02;7327;5912;0;539737;251521;0;42.7;19.9;0.0
38;2021-06-03;7816;6967;0;547553;258488;0;43.3;20.4;0.0
38;2021-06-04;8386;7677;0;555939;266165;0;43.9;21.0;0.0
38;2021-06-05;6123;4168;0;562062;270333;0;44.4;21.4;0.0
38;2021-06-06;2763;1512;0;564825;271845;0;44.7;21.5;0.0
38;2021-06-07;5885;6979;0;570710;278824;0;45.1;22.0;0.0
38;2021-06-08;6350;7625;0;577060;286449;0;45.6;22.6;0.0
38;2021-06-09;5481;6555;0;582541;293004;0;46.1;23.2;0.0
38;2021-06-10;5838;6861;0;588379;299865;0;46.5;23.7;0.0
38;2021-06-11;6296;7928;0;594675;307793;0;47.0;24.3;0.0
38;2021-06-12;4294;3423;0;598969;311216;0;47.4;24.6;0.0
38;2021-06-13;1259;1358;0;600228;312574;0;47.4;24.7;0.0
38;2021-06-14;3894;7867;0;604122;320441;0;47.8;25.3;0.0
38;2021-06-15;5361;8407;0;609483;328848;0;48.2;26.0;0.0
38;2021-06-16;5303;7861;0;614786;336709;0;48.6;26.6;0.0
38;2021-06-17;4758;7564;0;619544;344273;0;49.0;27.2;0.0
38;2021-06-18;6201;9801;0;625745;354074;0;49.5;28.0;0.0
38;2021-06-19;3779;5644;0;629524;359718;0;49.8;28.4;0.0
38;2021-06-20;1194;2974;0;630718;362692;0;49.9;28.7;0.0
38;2021-06-21;3821;9027;0;634539;371719;0;50.2;29.4;0.0
38;2021-06-22;3739;10683;0;638278;382402;0;50.5;30.2;0.0
38;2021-06-23;3313;10180;0;641591;392582;0;50.7;31.0;0.0
38;2021-06-24;3553;9339;0;645144;401921;0;51.0;31.8;0.0
38;2021-06-25;3939;12007;0;649083;413928;0;51.3;32.7;0.0
38;2021-06-26;2284;8321;0;651367;422249;0;51.5;33.4;0.0
38;2021-06-27;1178;4715;0;652545;426964;0;51.6;33.8;0.0
38;2021-06-28;2706;10763;0;655251;437727;0;51.8;34.6;0.0
38;2021-06-29;3559;11121;0;658810;448848;0;52.1;35.5;0.0
38;2021-06-30;3891;10510;0;662701;459358;0;52.4;36.3;0.0
38;2021-07-01;3861;9259;0;666562;468617;0;52.7;37.0;0.0
38;2021-07-02;3954;11899;0;670516;480516;0;53.0;38.0;0.0
38;2021-07-03;2014;8762;0;672530;489278;0;53.2;38.7;0.0
38;2021-07-04;1320;3359;0;673850;492637;0;53.3;38.9;0.0
38;2021-07-05;3027;10698;0;676877;503335;0;53.5;39.8;0.0
38;2021-07-06;3535;10433;0;680412;513768;0;53.8;40.6;0.0
38;2021-07-07;3787;9665;0;684199;523433;0;54.1;41.4;0.0
38;2021-07-08;3740;8561;0;687939;531994;0;54.4;42.1;0.0
38;2021-07-09;4282;10998;0;692221;542992;0;54.7;42.9;0.0
38;2021-07-10;2559;8107;0;694780;551099;0;54.9;43.6;0.0
38;2021-07-11;1045;2280;0;695825;553379;0;55.0;43.7;0.0
38;2021-07-12;3588;10775;0;699413;564154;0;55.3;44.6;0.0
38;2021-07-13;6723;11268;0;706136;575422;0;55.8;45.5;0.0
38;2021-07-14;4622;3402;0;710758;578824;0;56.2;45.8;0.0
38;2021-07-15;8859;10192;0;719617;589016;0;56.9;46.6;0.0
38;2021-07-16;9153;10985;0;728770;600001;0;57.6;47.4;0.0
38;2021-07-17;5192;7741;0;733962;607742;0;58.0;48.0;0.0
38;2021-07-18;2794;2750;0;736756;610492;0;58.2;48.3;0.0
38;2021-07-19;6319;9420;0;743075;619912;0;58.7;49.0;0.0
38;2021-07-20;6827;8787;0;749902;628699;0;59.3;49.7;0.0
38;2021-07-21;8412;8530;0;758314;637229;0;59.9;50.4;0.0
38;2021-07-22;8238;7437;0;766552;644666;0;60.6;51.0;0.0
38;2021-07-23;9410;9371;0;775962;654037;0;61.3;51.7;0.0
38;2021-07-24;5934;5812;0;781896;659849;0;61.8;52.2;0.0
38;2021-07-25;2807;1894;0;784703;661743;0;62.0;52.3;0.0
38;2021-07-26;8087;7308;0;792790;669051;0;62.7;52.9;0.0
38;2021-07-27;8238;6474;0;801028;675525;0;63.3;53.4;0.0
38;2021-07-28;9141;5925;0;810169;681450;0;64.0;53.9;0.0
38;2021-07-29;8344;5151;0;818513;686601;0;64.7;54.3;0.0
38;2021-07-30;8246;6919;0;826759;693520;0;65.4;54.8;0.0
38;2021-07-31;4969;3884;0;831728;697404;0;65.8;55.1;0.0
38;2021-08-01;1565;1370;0;833293;698774;0;65.9;55.2;0.0
38;2021-08-02;5175;4869;0;838468;703643;0;66.3;55.6;0.0
38;2021-08-03;5473;5086;0;843941;708729;0;66.7;56.0;0.0
38;2021-08-04;5417;4714;0;849358;713443;0;67.1;56.4;0.0
38;2021-08-05;4408;4940;0;853766;718383;0;67.5;56.8;0.0
38;2021-08-06;4612;6369;0;858378;724752;0;67.9;57.3;0.0
38;2021-08-07;2846;3956;0;861224;728708;0;68.1;57.6;0.0
38;2021-08-08;966;2085;0;862190;730793;0;68.2;57.8;0.0
38;2021-08-09;3912;6227;0;866102;737020;0;68.5;58.3;0.0
38;2021-08-10;5007;6529;0;871109;743549;0;68.9;58.8;0.0
38;2021-08-11;4044;5399;0;875153;748948;0;69.2;59.2;0.0
38;2021-08-12;3697;5288;0;878850;754236;0;69.5;59.6;0.0
38;2021-08-13;4228;6440;0;883078;760676;0;69.8;60.1;0.0
38;2021-08-14;2078;4423;0;885156;765099;0;70.0;60.5;0.0
38;2021-08-15;547;1803;0;885703;766902;0;70.0;60.6;0.0
38;2021-08-16;3030;8259;0;888733;775161;0;70.3;61.3;0.0
38;2021-08-17;3434;6428;0;892167;781589;0;70.5;61.8;0.0
38;2021-08-18;3020;7607;0;895187;789196;0;70.8;62.4;0.0
38;2021-08-19;2788;5389;0;897975;794585;0;71.0;62.8;0.0
38;2021-08-20;2997;8537;0;900972;803122;0;71.2;63.5;0.0
38;2021-08-21;1261;5221;0;902233;808343;0;71.3;63.9;0.0
38;2021-08-22;518;1585;0;902751;809928;0;71.4;64.0;0.0
38;2021-08-23;2614;8035;0;905365;817963;0;71.6;64.7;0.0
38;2021-08-24;2767;6048;0;908132;824011;0;71.8;65.1;0.0
38;2021-08-25;2612;6462;0;910744;830473;0;72.0;65.7;0.0
38;2021-08-26;2332;4848;0;913076;835321;0;72.2;66.0;0.0
38;2021-08-27;2627;6578;0;915703;841899;0;72.4;66.6;0.0
38;2021-08-28;1436;4256;0;917139;846155;0;72.5;66.9;0.0
38;2021-08-29;428;1446;0;917567;847601;0;72.5;67.0;0.0
38;2021-08-30;2326;6107;109;919893;853708;109;72.7;67.5;0.0
38;2021-08-31;2339;5041;163;922232;858749;272;72.9;67.9;0.0
38;2021-09-01;2532;4381;362;924764;863130;634;73.1;68.2;0.1
38;2021-09-02;1796;3433;417;926560;866563;1051;73.2;68.5;0.1
38;2021-09-03;2050;4972;512;928610;871535;1563;73.4;68.9;0.1
38;2021-09-04;1241;3195;185;929851;874730;1748;73.5;69.1;0.1
38;2021-09-05;393;786;66;930244;875516;1814;73.5;69.2;0.1
38;2021-09-06;1261;3036;494;931505;878552;2308;73.6;69.5;0.2
38;2021-09-07;1360;2996;607;932865;881548;2915;73.7;69.7;0.2
38;2021-09-08;1803;3380;461;934668;884928;3376;73.9;70.0;0.3
38;2021-09-09;1136;2183;426;935804;887111;3802;74.0;70.1;0.3
38;2021-09-10;1649;3363;697;937453;890474;4499;74.1;70.4;0.4
38;2021-09-11;1099;2433;142;938552;892907;4641;74.2;70.6;0.4
38;2021-09-12;217;555;27;938769;893462;4668;74.2;70.6;0.4
38;2021-09-13;964;2276;759;939733;895738;5427;74.3;70.8;0.4
38;2021-09-14;1003;2122;898;940736;897860;6325;74.4;71.0;0.5
38;2021-09-15;1333;2809;808;942069;900669;7133;74.5;71.2;0.6
38;2021-09-16;764;1683;769;942833;902352;7902;74.5;71.3;0.6
38;2021-09-17;939;2637;792;943772;904989;8694;74.6;71.5;0.7
38;2021-09-18;763;2287;200;944535;907276;8894;74.7;71.7;0.7
38;2021-09-19;116;418;30;944651;907694;8924;74.7;71.8;0.7
38;2021-09-20;610;1741;989;945261;909435;9913;74.7;71.9;0.8
38;2021-09-21;527;1520;1062;945788;910955;10975;74.8;72.0;0.9
38;2021-09-22;729;2712;876;946517;913667;11851;74.8;72.2;0.9
38;2021-09-23;478;1462;1005;946995;915129;12856;74.9;72.3;1.0
38;2021-09-24;777;2281;1007;947772;917410;13863;74.9;72.5;1.1
38;2021-09-25;517;1932;205;948289;919342;14068;75.0;72.7;1.1
38;2021-09-26;100;392;22;948389;919734;14090;75.0;72.7;1.1
38;2021-09-27;432;1223;795;948821;920957;14885;75.0;72.8;1.2
38;2021-09-28;535;1204;973;949356;922161;15858;75.0;72.9;1.3
38;2021-09-29;687;1985;1101;950043;924146;16959;75.1;73.1;1.3
38;2021-09-30;459;912;945;950502;925058;17904;75.1;73.1;1.4
38;2021-10-01;877;1556;1047;951379;926614;18951;75.2;73.3;1.5
38;2021-10-02;520;1232;310;951899;927846;19261;75.3;73.3;1.5
38;2021-10-03;83;208;19;951982;928054;19280;75.3;73.4;1.5
38;2021-10-04;585;1011;1235;952567;929065;20515;75.3;73.4;1.6
38;2021-10-05;463;953;1293;953030;930018;21808;75.3;73.5;1.7
38;2021-10-06;665;1363;1217;953695;931381;23025;75.4;73.6;1.8
38;2021-10-07;435;873;1175;954130;932254;24200;75.4;73.7;1.9
38;2021-10-08;747;1365;1557;954877;933619;25757;75.5;73.8;2.0
38;2021-10-09;513;890;365;955390;934509;26122;75.5;73.9;2.1
38;2021-10-10;43;118;61;955433;934627;26183;75.5;73.9;2.1
38;2021-10-11;383;845;1357;955816;935472;27540;75.6;74.0;2.2
38;2021-10-12;495;698;1306;956311;936170;28846;75.6;74.0;2.3
38;2021-10-13;580;1045;1720;956891;937215;30566;75.6;74.1;2.4
38;2021-10-14;409;617;1533;957300;937832;32099;75.7;74.1;2.5
38;2021-10-15;623;1105;1960;957923;938937;34059;75.7;74.2;2.7
38;2021-10-16;447;688;436;958370;939625;34495;75.8;74.3;2.7
38;2021-10-17;12;46;13;958382;939671;34508;75.8;74.3;2.7
38;2021-10-18;408;597;1331;958790;940268;35839;75.8;74.3;2.8
38;2021-10-19;232;520;1606;959022;940788;37445;75.8;74.4;3.0
38;2021-10-20;368;710;1997;959390;941498;39442;75.8;74.4;3.1
38;2021-10-21;189;387;1375;959579;941885;40817;75.9;74.5;3.2
38;2021-10-22;365;773;2234;959944;942658;43051;75.9;74.5;3.4
38;2021-10-23;257;554;599;960201;943212;43650;75.9;74.6;3.5
38;2021-10-24;29;86;64;960230;943298;43714;75.9;74.6;3.5
38;2021-10-25;253;495;1699;960483;943793;45413;75.9;74.6;3.6
38;2021-10-26;213;402;1890;960696;944195;47303;75.9;74.6;3.7
38;2021-10-27;274;624;2047;960970;944819;49350;76.0;74.7;3.9
38;2021-10-28;200;387;1686;961170;945206;51036;76.0;74.7;4.0
38;2021-10-29;279;712;2265;961449;945918;53301;76.0;74.8;4.2
38;2021-10-30;128;444;709;961577;946362;54010;76.0;74.8;4.3
38;2021-10-31;10;27;18;961587;946389;54028;76.0;74.8;4.3
38;2021-11-01;74;46;43;961661;946435;54071;76.0;74.8;4.3
38;2021-11-02;281;567;2041;961942;947002;56112;76.0;74.9;4.4
38;2021-11-03;260;503;2555;962202;947505;58667;76.1;74.9;4.6
38;2021-11-04;234;410;2009;962436;947915;60676;76.1;74.9;4.8
38;2021-11-05;303;569;2761;962739;948484;63437;76.1;75.0;5.0
38;2021-11-06;210;439;1030;962949;948923;64467;76.1;75.0;5.1
38;2021-11-07;6;14;53;962955;948937;64520;76.1;75.0;5.1
38;2021-11-08;173;359;2298;963128;949296;66818;76.1;75.0;5.3
38;2021-11-09;207;419;3437;963335;949715;70255;76.2;75.1;5.6
38;2021-11-10;324;558;4044;963659;950273;74299;76.2;75.1;5.9
38;2021-11-11;16;48;120;963675;950321;74419;76.2;75.1;5.9
38;2021-11-12;292;440;3810;963967;950761;78229;76.2;75.2;6.2
38;2021-11-13;204;254;1193;964171;951015;79422;76.2;75.2;6.3
38;2021-11-14;9;17;78;964180;951032;79500;76.2;75.2;6.3
38;2021-11-15;163;274;3068;964343;951306;82568;76.2;75.2;6.5
38;2021-11-16;176;285;3942;964519;951591;86510;76.2;75.2;6.8
38;2021-11-17;325;396;3941;964844;951987;90451;76.3;75.3;7.2
38;2021-11-18;214;302;3373;965058;952289;93824;76.3;75.3;7.4
38;2021-11-19;263;387;4951;965321;952676;98775;76.3;75.3;7.8
38;2021-11-20;216;308;1495;965537;952984;100270;76.3;75.3;7.9
38;2021-11-21;15;24;183;965552;953008;100453;76.3;75.3;7.9
38;2021-11-22;193;171;3340;965745;953179;103793;76.3;75.4;8.2
38;2021-11-23;230;238;4569;965975;953417;108362;76.4;75.4;8.6
38;2021-11-24;307;425;4676;966282;953842;113038;76.4;75.4;8.9
38;2021-11-25;211;243;5032;966493;954085;118070;76.4;75.4;9.3
38;2021-11-26;279;354;7721;966772;954439;125791;76.4;75.5;9.9
38;2021-11-27;274;278;3862;967046;954717;129653;76.4;75.5;10.2
38;2021-11-28;15;25;309;967061;954742;129962;76.4;75.5;10.3
38;2021-11-29;140;201;6585;967201;954943;136547;76.5;75.5;10.8
38;2021-11-30;196;272;9358;967397;955215;145905;76.5;75.5;11.5
38;2021-12-01;226;381;8895;967623;955596;154800;76.5;75.5;12.2
38;2021-12-02;165;210;9837;967788;955806;164637;76.5;75.6;13.0
38;2021-12-03;210;400;11539;967998;956206;176176;76.5;75.6;13.9
38;2021-12-04;166;259;5958;968164;956465;182134;76.5;75.6;14.4
38;2021-12-05;50;50;2044;968214;956515;184178;76.5;75.6;14.6
38;2021-12-06;136;223;9513;968350;956738;193691;76.6;75.6;15.3
38;2021-12-07;178;263;12088;968528;957001;205779;76.6;75.7;16.3
38;2021-12-08;272;386;10675;968800;957387;216454;76.6;75.7;17.1
38;2021-12-09;165;275;12435;968965;957662;228889;76.6;75.7;18.1
38;2021-12-10;261;360;15098;969226;958022;243987;76.6;75.7;19.3
38;2021-12-11;231;330;9970;969457;958352;253957;76.6;75.8;20.1
38;2021-12-12;57;50;4011;969514;958402;257968;76.6;75.8;20.4
38;2021-12-13;194;259;13145;969708;958661;271113;76.7;75.8;21.4
38;2021-12-14;260;286;16283;969968;958947;287396;76.7;75.8;22.7
38;2021-12-15;273;363;15066;970241;959310;302462;76.7;75.8;23.9
38;2021-12-16;300;332;16076;970541;959642;318538;76.7;75.9;25.2
38;2021-12-17;324;363;17023;970865;960005;335561;76.7;75.9;26.5
38;2021-12-18;266;348;10862;971131;960353;346423;76.8;75.9;27.4
38;2021-12-19;108;66;4403;971239;960419;350826;76.8;75.9;27.7
38;2021-12-20;296;328;13835;971535;960747;364661;76.8;75.9;28.8
38;2021-12-21;381;353;14491;971916;961100;379152;76.8;76.0;30.0
38;2021-12-22;356;332;12485;972272;961432;391637;76.9;76.0;31.0
38;2021-12-23;342;268;10059;972614;961700;401696;76.9;76.0;31.8
38;2021-12-24;83;93;2559;972697;961793;404255;76.9;76.0;32.0
38;2021-12-25;3;24;164;972700;961817;404419;76.9;76.0;32.0
38;2021-12-26;18;25;535;972718;961842;404954;76.9;76.0;32.0
38;2021-12-27;295;300;10059;973013;962142;415013;76.9;76.1;32.8
38;2021-12-28;352;291;11489;973365;962433;426502;76.9;76.1;33.7
39;2020-12-27;0;0;0;0;0;0;0.0;0.0;0.0
39;2020-12-28;0;0;0;0;0;0;0.0;0.0;0.0
39;2020-12-29;0;0;0;0;0;0;0.0;0.0;0.0
39;2020-12-30;0;0;0;0;0;0;0.0;0.0;0.0
39;2020-12-31;0;0;0;0;0;0;0.0;0.0;0.0
39;2021-01-01;1;0;0;1;0;0;0.0;0.0;0.0
39;2021-01-02;0;0;0;1;0;0;0.0;0.0;0.0
39;2021-01-03;0;0;0;1;0;0;0.0;0.0;0.0
39;2021-01-04;2;0;0;3;0;0;0.0;0.0;0.0
39;2021-01-05;3;0;0;6;0;0;0.0;0.0;0.0
39;2021-01-06;48;3;0;54;3;0;0.0;0.0;0.0
39;2021-01-07;332;2;0;386;5;0;0.1;0.0;0.0
39;2021-01-08;611;2;0;997;7;0;0.4;0.0;0.0
39;2021-01-09;170;0;0;1167;7;0;0.5;0.0;0.0
39;2021-01-10;1;0;0;1168;7;0;0.5;0.0;0.0
39;2021-01-11;448;1;0;1616;8;0;0.6;0.0;0.0
39;2021-01-12;433;1;0;2049;9;0;0.8;0.0;0.0
39;2021-01-13;409;2;0;2458;11;0;1.0;0.0;0.0
39;2021-01-14;571;3;0;3029;14;0;1.2;0.0;0.0
39;2021-01-15;454;2;0;3483;16;0;1.4;0.0;0.0
39;2021-01-16;138;0;0;3621;16;0;1.4;0.0;0.0
39;2021-01-17;4;1;0;3625;17;0;1.4;0.0;0.0
39;2021-01-18;894;7;0;4519;24;0;1.8;0.0;0.0
39;2021-01-19;1127;9;0;5646;33;0;2.2;0.0;0.0
39;2021-01-20;885;5;0;6531;38;0;2.5;0.0;0.0
39;2021-01-21;1176;3;0;7707;41;0;3.0;0.0;0.0
39;2021-01-22;954;3;0;8661;44;0;3.4;0.0;0.0
39;2021-01-23;368;1;0;9029;45;0;3.5;0.0;0.0
39;2021-01-24;0;0;0;9029;45;0;3.5;0.0;0.0
39;2021-01-25;634;2;0;9663;47;0;3.7;0.0;0.0
39;2021-01-26;1030;15;0;10693;62;0;4.1;0.0;0.0
39;2021-01-27;845;20;0;11538;82;0;4.5;0.0;0.0
39;2021-01-28;679;231;0;12217;313;0;4.7;0.1;0.0
39;2021-01-29;523;391;0;12740;704;0;4.9;0.3;0.0
39;2021-01-30;236;105;0;12976;809;0;5.0;0.3;0.0
39;2021-01-31;1;0;0;12977;809;0;5.0;0.3;0.0
39;2021-02-01;534;254;0;13511;1063;0;5.2;0.4;0.0
39;2021-02-02;717;314;0;14228;1377;0;5.5;0.5;0.0
39;2021-02-03;468;493;0;14696;1870;0;5.7;0.7;0.0
39;2021-02-04;505;437;0;15201;2307;0;5.9;0.9;0.0
39;2021-02-05;414;414;0;15615;2721;0;6.1;1.1;0.0
39;2021-02-06;233;106;0;15848;2827;0;6.1;1.1;0.0
39;2021-02-07;0;2;0;15848;2829;0;6.1;1.1;0.0
39;2021-02-08;307;362;0;16155;3191;0;6.3;1.2;0.0
39;2021-02-09;314;452;0;16469;3643;0;6.4;1.4;0.0
39;2021-02-10;244;339;0;16713;3982;0;6.5;1.5;0.0
39;2021-02-11;545;503;0;17258;4485;0;6.7;1.7;0.0
39;2021-02-12;346;398;0;17604;4883;0;6.8;1.9;0.0
39;2021-02-13;99;65;0;17703;4948;0;6.9;1.9;0.0
39;2021-02-14;1;1;0;17704;4949;0;6.9;1.9;0.0
39;2021-02-15;101;741;0;17805;5690;0;6.9;2.2;0.0
39;2021-02-16;108;877;0;17913;6567;0;6.9;2.5;0.0
39;2021-02-17;59;668;0;17972;7235;0;7.0;2.8;0.0
39;2021-02-18;107;831;0;18079;8066;0;7.0;3.1;0.0
39;2021-02-19;58;484;0;18137;8550;0;7.0;3.3;0.0
39;2021-02-20;20;353;0;18157;8903;0;7.0;3.5;0.0
39;2021-02-21;0;1;0;18157;8904;0;7.0;3.5;0.0
39;2021-02-22;97;676;0;18254;9580;0;7.1;3.7;0.0
39;2021-02-23;19;688;0;18273;10268;0;7.1;4.0;0.0
39;2021-02-24;115;773;0;18388;11041;0;7.1;4.3;0.0
39;2021-02-25;213;701;0;18601;11742;0;7.2;4.6;0.0
39;2021-02-26;202;432;0;18803;12174;0;7.3;4.7;0.0
39;2021-02-27;167;267;0;18970;12441;0;7.4;4.8;0.0
39;2021-02-28;4;0;0;18974;12441;0;7.4;4.8;0.0
39;2021-03-01;258;616;0;19232;13057;0;7.5;5.1;0.0
39;2021-03-02;344;774;0;19576;13831;0;7.6;5.4;0.0
39;2021-03-03;570;475;0;20146;14306;0;7.8;5.5;0.0
39;2021-03-04;638;452;0;20784;14758;0;8.1;5.7;0.0
39;2021-03-05;636;323;0;21420;15081;0;8.3;5.8;0.0
39;2021-03-06;727;217;0;22147;15298;0;8.6;5.9;0.0
39;2021-03-07;200;69;0;22347;15367;0;8.7;6.0;0.0
39;2021-03-08;277;421;0;22624;15788;0;8.8;6.1;0.0
39;2021-03-09;771;418;0;23395;16206;0;9.1;6.3;0.0
39;2021-03-10;930;285;0;24325;16491;0;9.4;6.4;0.0
39;2021-03-11;758;445;0;25083;16936;0;9.7;6.6;0.0
39;2021-03-12;763;282;0;25846;17218;0;10.0;6.7;0.0
39;2021-03-13;746;95;0;26592;17313;0;10.3;6.7;0.0
39;2021-03-14;45;8;0;26637;17321;0;10.3;6.7;0.0
39;2021-03-15;454;114;0;27091;17435;0;10.5;6.8;0.0
39;2021-03-16;492;53;0;27583;17488;0;10.7;6.8;0.0
39;2021-03-17;572;70;0;28155;17558;0;10.9;6.8;0.0
39;2021-03-18;590;73;0;28745;17631;0;11.1;6.8;0.0
39;2021-03-19;424;80;0;29169;17711;0;11.3;6.9;0.0
39;2021-03-20;335;22;0;29504;17733;0;11.4;6.9;0.0
39;2021-03-21;9;1;0;29513;17734;0;11.4;6.9;0.0
39;2021-03-22;734;121;0;30247;17855;0;11.7;6.9;0.0
39;2021-03-23;1071;63;0;31318;17918;0;12.1;6.9;0.0
39;2021-03-24;1124;103;0;32442;18021;0;12.6;7.0;0.0
39;2021-03-25;1960;140;0;34402;18161;0;13.3;7.0;0.0
39;2021-03-26;828;127;0;35230;18288;0;13.7;7.1;0.0
39;2021-03-27;358;11;0;35588;18299;0;13.8;7.1;0.0
39;2021-03-28;38;4;0;35626;18303;0;13.8;7.1;0.0
39;2021-03-29;1010;195;0;36636;18498;0;14.2;7.2;0.0
39;2021-03-30;1341;278;0;37977;18776;0;14.7;7.3;0.0
39;2021-03-31;669;459;0;38646;19235;0;15.0;7.5;0.0
39;2021-04-01;1171;292;0;39817;19527;0;15.4;7.6;0.0
39;2021-04-02;636;139;0;40453;19666;0;15.7;7.6;0.0
39;2021-04-03;202;13;0;40655;19679;0;15.8;7.6;0.0
39;2021-04-04;4;2;0;40659;19681;0;15.8;7.6;0.0
39;2021-04-05;14;2;0;40673;19683;0;15.8;7.6;0.0
39;2021-04-06;813;579;0;41486;20262;0;16.1;7.9;0.0
39;2021-04-07;1069;613;0;42555;20875;0;16.5;8.1;0.0
39;2021-04-08;1656;518;0;44211;21393;0;17.1;8.3;0.0
39;2021-04-09;1641;299;0;45852;21692;0;17.8;8.4;0.0
39;2021-04-10;366;155;0;46218;21847;0;17.9;8.5;0.0
39;2021-04-11;10;1;0;46228;21848;0;17.9;8.5;0.0
39;2021-04-12;677;345;0;46905;22193;0;18.2;8.6;0.0
39;2021-04-13;1167;527;0;48072;22720;0;18.6;8.8;0.0
39;2021-04-14;796;592;0;48868;23312;0;19.0;9.0;0.0
39;2021-04-15;1375;681;0;50243;23993;0;19.5;9.3;0.0
39;2021-04-16;1050;223;0;51293;24216;0;19.9;9.4;0.0
39;2021-04-17;262;74;0;51555;24290;0;20.0;9.4;0.0
39;2021-04-18;6;2;0;51561;24292;0;20.0;9.4;0.0
39;2021-04-19;539;664;0;52100;24956;0;20.2;9.7;0.0
39;2021-04-20;804;552;0;52904;25508;0;20.5;9.9;0.0
39;2021-04-21;1001;663;0;53905;26171;0;20.9;10.1;0.0
39;2021-04-22;1007;1068;0;54912;27239;0;21.3;10.6;0.0
39;2021-04-23;477;378;0;55389;27617;0;21.5;10.7;0.0
39;2021-04-24;305;146;0;55694;27763;0;21.6;10.8;0.0
39;2021-04-25;19;4;0;55713;27767;0;21.6;10.8;0.0
39;2021-04-26;565;1018;0;56278;28785;0;21.8;11.2;0.0
39;2021-04-27;802;954;0;57080;29739;0;22.1;11.5;0.0
39;2021-04-28;1515;433;0;58595;30172;0;22.7;11.7;0.0
39;2021-04-29;2415;861;0;61010;31033;0;23.7;12.0;0.0
39;2021-04-30;2238;421;0;63248;31454;0;24.5;12.2;0.0
39;2021-05-01;86;65;0;63334;31519;0;24.6;12.2;0.0
39;2021-05-02;24;3;0;63358;31522;0;24.6;12.2;0.0
39;2021-05-03;936;768;0;64294;32290;0;24.9;12.5;0.0
39;2021-05-04;994;1078;0;65288;33368;0;25.3;12.9;0.0
39;2021-05-05;1759;868;0;67047;34236;0;26.0;13.3;0.0
39;2021-05-06;2230;1226;0;69277;35462;0;26.9;13.8;0.0
39;2021-05-07;1282;623;0;70559;36085;0;27.4;14.0;0.0
39;2021-05-08;175;51;0;70734;36136;0;27.4;14.0;0.0
39;2021-05-09;24;21;0;70758;36157;0;27.4;14.0;0.0
39;2021-05-10;1709;868;0;72467;37025;0;28.1;14.4;0.0
39;2021-05-11;1770;1463;0;74237;38488;0;28.8;14.9;0.0
39;2021-05-12;1656;1373;0;75893;39861;0;29.4;15.5;0.0
39;2021-05-13;264;48;0;76157;39909;0;29.5;15.5;0.0
39;2021-05-14;2262;361;0;78419;40270;0;30.4;15.6;0.0
39;2021-05-15;1533;262;0;79952;40532;0;31.0;15.7;0.0
39;2021-05-16;37;6;0;79989;40538;0;31.0;15.7;0.0
39;2021-05-17;1925;712;0;81914;41250;0;31.8;16.0;0.0
39;2021-05-18;1708;1122;0;83622;42372;0;32.4;16.4;0.0
39;2021-05-19;2298;540;0;85920;42912;0;33.3;16.6;0.0
39;2021-05-20;2170;787;0;88090;43699;0;34.2;16.9;0.0
39;2021-05-21;1792;585;0;89882;44284;0;34.9;17.2;0.0
39;2021-05-22;322;232;0;90204;44516;0;35.0;17.3;0.0
39;2021-05-23;36;65;0;90240;44581;0;35.0;17.3;0.0
39;2021-05-24;169;52;0;90409;44633;0;35.1;17.3;0.0
39;2021-05-25;1641;1183;0;92050;45816;0;35.7;17.8;0.0
39;2021-05-26;1604;1299;0;93654;47115;0;36.3;18.3;0.0
39;2021-05-27;1474;1538;0;95128;48653;0;36.9;18.9;0.0
39;2021-05-28;974;1254;0;96102;49907;0;37.3;19.4;0.0
39;2021-05-29;352;311;0;96454;50218;0;37.4;19.5;0.0
39;2021-05-30;19;44;0;96473;50262;0;37.4;19.5;0.0
39;2021-05-31;1534;1208;0;98007;51470;0;38.0;20.0;0.0
39;2021-06-01;1797;1328;0;99804;52798;0;38.7;20.5;0.0
39;2021-06-02;1660;1018;0;101464;53816;0;39.4;20.9;0.0
39;2021-06-03;1329;1130;0;102793;54946;0;39.9;21.3;0.0
39;2021-06-04;1020;1076;0;103813;56022;0;40.3;21.7;0.0
39;2021-06-05;673;551;0;104486;56573;0;40.5;21.9;0.0
39;2021-06-06;62;44;0;104548;56617;0;40.5;22.0;0.0
39;2021-06-07;1947;893;0;106495;57510;0;41.3;22.3;0.0
39;2021-06-08;2051;1120;0;108546;58630;0;42.1;22.7;0.0
39;2021-06-09;1659;1174;0;110205;59804;0;42.7;23.2;0.0
39;2021-06-10;1615;1930;0;111820;61734;0;43.4;23.9;0.0
39;2021-06-11;1530;1193;0;113350;62927;0;44.0;24.4;0.0
39;2021-06-12;1098;398;0;114448;63325;0;44.4;24.6;0.0
39;2021-06-13;33;29;0;114481;63354;0;44.4;24.6;0.0
39;2021-06-14;1289;1820;0;115770;65174;0;44.9;25.3;0.0
39;2021-06-15;1330;1285;0;117100;66459;0;45.4;25.8;0.0
39;2021-06-16;1177;1414;0;118277;67873;0;45.9;26.3;0.0
39;2021-06-17;1024;1618;0;119301;69491;0;46.3;27.0;0.0
39;2021-06-18;1502;1191;0;120803;70682;0;46.9;27.4;0.0
39;2021-06-19;346;418;0;121149;71100;0;47.0;27.6;0.0
39;2021-06-20;24;33;0;121173;71133;0;47.0;27.6;0.0
39;2021-06-21;404;2410;0;121577;73543;0;47.2;28.5;0.0
39;2021-06-22;800;2250;0;122377;75793;0;47.5;29.4;0.0
39;2021-06-23;1112;1238;0;123489;77031;0;47.9;29.9;0.0
39;2021-06-24;758;1072;0;124247;78103;0;48.2;30.3;0.0
39;2021-06-25;690;2743;0;124937;80846;0;48.5;31.4;0.0
39;2021-06-26;223;1410;0;125160;82256;0;48.5;31.9;0.0
39;2021-06-27;23;30;0;125183;82286;0;48.5;31.9;0.0
39;2021-06-28;336;2628;0;125519;84914;0;48.7;32.9;0.0
39;2021-06-29;520;2627;0;126039;87541;0;48.9;34.0;0.0
39;2021-06-30;819;2248;0;126858;89789;0;49.2;34.8;0.0
39;2021-07-01;703;1765;0;127561;91554;0;49.5;35.5;0.0
39;2021-07-02;1046;1461;0;128607;93015;0;49.9;36.1;0.0
39;2021-07-03;529;509;0;129136;93524;0;50.1;36.3;0.0
39;2021-07-04;24;37;0;129160;93561;0;50.1;36.3;0.0
39;2021-07-05;556;2470;0;129716;96031;0;50.3;37.2;0.0
39;2021-07-06;818;1859;0;130534;97890;0;50.6;38.0;0.0
39;2021-07-07;612;1369;0;131146;99259;0;50.9;38.5;0.0
39;2021-07-08;686;1007;0;131832;100266;0;51.1;38.9;0.0
39;2021-07-09;1028;1594;0;132860;101860;0;51.5;39.5;0.0
39;2021-07-10;647;587;0;133507;102447;0;51.8;39.7;0.0
39;2021-07-11;24;20;0;133531;102467;0;51.8;39.7;0.0
39;2021-07-12;521;2441;0;134052;104908;0;52.0;40.7;0.0
39;2021-07-13;1487;2552;0;135539;107460;0;52.6;41.7;0.0
39;2021-07-14;82;84;0;135621;107544;0;52.6;41.7;0.0
39;2021-07-15;1578;1791;0;137199;109335;0;53.2;42.4;0.0
39;2021-07-16;2721;1990;0;139920;111325;0;54.3;43.2;0.0
39;2021-07-17;1681;944;0;141601;112269;0;54.9;43.5;0.0
39;2021-07-18;157;87;0;141758;112356;0;55.0;43.6;0.0
39;2021-07-19;1246;2763;0;143004;115119;0;55.5;44.6;0.0
39;2021-07-20;1594;2585;0;144598;117704;0;56.1;45.6;0.0
39;2021-07-21;2091;2365;0;146689;120069;0;56.9;46.6;0.0
39;2021-07-22;1618;1814;0;148307;121883;0;57.5;47.3;0.0
39;2021-07-23;1560;1821;0;149867;123704;0;58.1;48.0;0.0
39;2021-07-24;1092;1227;0;150959;124931;0;58.5;48.5;0.0
39;2021-07-25;53;46;0;151012;124977;0;58.6;48.5;0.0
39;2021-07-26;1112;1868;0;152124;126845;0;59.0;49.2;0.0
39;2021-07-27;1913;1800;0;154037;128645;0;59.7;49.9;0.0
39;2021-07-28;2158;1355;0;156195;130000;0;60.6;50.4;0.0
39;2021-07-29;1917;1508;0;158112;131508;0;61.3;51.0;0.0
39;2021-07-30;1771;1317;0;159883;132825;0;62.0;51.5;0.0
39;2021-07-31;1140;648;0;161023;133473;0;62.4;51.8;0.0
39;2021-08-01;78;31;0;161101;133504;0;62.5;51.8;0.0
39;2021-08-02;1103;1225;0;162204;134729;0;62.9;52.3;0.0
39;2021-08-03;1638;1205;0;163842;135934;0;63.5;52.7;0.0
39;2021-08-04;980;664;0;164822;136598;0;63.9;53.0;0.0
39;2021-08-05;1126;721;0;165948;137319;0;64.4;53.3;0.0
39;2021-08-06;1214;1979;0;167162;139298;0;64.8;54.0;0.0
39;2021-08-07;860;1025;0;168022;140323;0;65.2;54.4;0.0
39;2021-08-08;48;40;0;168070;140363;0;65.2;54.4;0.0
39;2021-08-09;482;393;0;168552;140756;0;65.4;54.6;0.0
39;2021-08-10;1152;941;0;169704;141697;0;65.8;55.0;0.0
39;2021-08-11;874;1369;0;170578;143066;0;66.2;55.5;0.0
39;2021-08-12;1401;1869;0;171979;144935;0;66.7;56.2;0.0
39;2021-08-13;1202;1849;0;173181;146784;0;67.2;56.9;0.0
39;2021-08-14;350;934;0;173531;147718;0;67.3;57.3;0.0
39;2021-08-15;11;15;0;173542;147733;0;67.3;57.3;0.0
39;2021-08-16;504;725;0;174046;148458;0;67.5;57.6;0.0
39;2021-08-17;597;1337;0;174643;149795;0;67.7;58.1;0.0
39;2021-08-18;780;1488;0;175423;151283;0;68.0;58.7;0.0
39;2021-08-19;845;1383;0;176268;152666;0;68.4;59.2;0.0
39;2021-08-20;642;2148;0;176910;154814;0;68.6;60.0;0.0
39;2021-08-21;441;1101;0;177351;155915;0;68.8;60.5;0.0
39;2021-08-22;17;56;0;177368;155971;0;68.8;60.5;0.0
39;2021-08-23;297;919;0;177665;156890;0;68.9;60.8;0.0
39;2021-08-24;441;1463;0;178106;158353;0;69.1;61.4;0.0
39;2021-08-25;605;1465;0;178711;159818;0;69.3;62.0;0.0
39;2021-08-26;677;1613;0;179388;161431;0;69.6;62.6;0.0
39;2021-08-27;411;1778;0;179799;163209;0;69.7;63.3;0.0
39;2021-08-28;324;1159;0;180123;164368;0;69.9;63.7;0.0
39;2021-08-29;10;29;0;180133;164397;0;69.9;63.8;0.0
39;2021-08-30;359;954;9;180492;165351;9;70.0;64.1;0.0
39;2021-08-31;430;1013;36;180922;166364;45;70.2;64.5;0.0
39;2021-09-01;545;1320;158;181467;167684;203;70.4;65.0;0.1
39;2021-09-02;344;1248;130;181811;168932;333;70.5;65.5;0.1
39;2021-09-03;484;1958;163;182295;170890;496;70.7;66.3;0.2
39;2021-09-04;171;255;26;182466;171145;522;70.8;66.4;0.2
39;2021-09-05;9;17;0;182475;171162;522;70.8;66.4;0.2
39;2021-09-06;282;520;98;182757;171682;620;70.9;66.6;0.2
39;2021-09-07;251;342;100;183008;172024;720;71.0;66.7;0.3
39;2021-09-08;460;682;305;183468;172706;1025;71.2;67.0;0.4
39;2021-09-09;427;793;406;183895;173499;1431;71.3;67.3;0.6
39;2021-09-10;245;618;185;184140;174117;1616;71.4;67.5;0.6
39;2021-09-11;269;763;114;184409;174880;1730;71.5;67.8;0.7
39;2021-09-12;10;31;1;184419;174911;1731;71.5;67.8;0.7
39;2021-09-13;192;218;97;184611;175129;1828;71.6;67.9;0.7
39;2021-09-14;225;355;123;184836;175484;1951;71.7;68.1;0.8
39;2021-09-15;276;565;608;185112;176049;2559;71.8;68.3;1.0
39;2021-09-16;434;961;444;185546;177010;3003;72.0;68.6;1.2
39;2021-09-17;432;688;285;185978;177698;3288;72.1;68.9;1.3
39;2021-09-18;109;259;81;186087;177957;3369;72.2;69.0;1.3
39;2021-09-19;3;13;1;186090;177970;3370;72.2;69.0;1.3
39;2021-09-20;111;172;115;186201;178142;3485;72.2;69.1;1.4
39;2021-09-21;117;176;275;186318;178318;3760;72.3;69.2;1.5
39;2021-09-22;279;765;432;186597;179083;4192;72.4;69.5;1.6
39;2021-09-23;184;322;393;186781;179405;4585;72.4;69.6;1.8
39;2021-09-24;225;588;317;187006;179993;4902;72.5;69.8;1.9
39;2021-09-25;82;263;92;187088;180256;4994;72.6;69.9;1.9
39;2021-09-26;1;3;1;187089;180259;4995;72.6;69.9;1.9
39;2021-09-27;132;329;219;187221;180588;5214;72.6;70.0;2.0
39;2021-09-28;73;182;285;187294;180770;5499;72.6;70.1;2.1
39;2021-09-29;204;539;398;187498;181309;5897;72.7;70.3;2.3
39;2021-09-30;186;426;380;187684;181735;6277;72.8;70.5;2.4
39;2021-10-01;161;241;300;187845;181976;6577;72.9;70.6;2.6
39;2021-10-02;118;238;149;187963;182214;6726;72.9;70.7;2.6
39;2021-10-03;1;7;0;187964;182221;6726;72.9;70.7;2.6
39;2021-10-04;78;161;119;188042;182382;6845;72.9;70.7;2.7
39;2021-10-05;80;151;313;188122;182533;7158;73.0;70.8;2.8
39;2021-10-06;211;336;433;188333;182869;7591;73.0;70.9;2.9
39;2021-10-07;138;430;433;188471;183299;8024;73.1;71.1;3.1
39;2021-10-08;240;482;571;188711;183781;8595;73.2;71.3;3.3
39;2021-10-09;64;75;59;188775;183856;8654;73.2;71.3;3.4
39;2021-10-10;0;5;3;188775;183861;8657;73.2;71.3;3.4
39;2021-10-11;49;103;93;188824;183964;8750;73.2;71.3;3.4
39;2021-10-12;102;117;293;188926;184081;9043;73.3;71.4;3.5
39;2021-10-13;109;197;256;189035;184278;9299;73.3;71.5;3.6
39;2021-10-14;135;244;390;189170;184522;9689;73.4;71.6;3.8
39;2021-10-15;325;480;750;189495;185002;10439;73.5;71.7;4.0
39;2021-10-16;62;98;92;189557;185100;10531;73.5;71.8;4.1
39;2021-10-17;3;8;0;189560;185108;10531;73.5;71.8;4.1
39;2021-10-18;35;56;113;189595;185164;10644;73.5;71.8;4.1
39;2021-10-19;63;78;180;189658;185242;10824;73.6;71.8;4.2
39;2021-10-20;64;89;159;189722;185331;10983;73.6;71.9;4.3
39;2021-10-21;121;219;474;189843;185550;11457;73.6;72.0;4.4
39;2021-10-22;314;445;938;190157;185995;12395;73.7;72.1;4.8
39;2021-10-23;65;140;183;190222;186135;12578;73.8;72.2;4.9
39;2021-10-24;2;5;0;190224;186140;12578;73.8;72.2;4.9
39;2021-10-25;34;63;126;190258;186203;12704;73.8;72.2;4.9
39;2021-10-26;52;63;224;190310;186266;12928;73.8;72.2;5.0
39;2021-10-27;102;168;332;190412;186434;13260;73.8;72.3;5.1
39;2021-10-28;166;190;531;190578;186624;13791;73.9;72.4;5.3
39;2021-10-29;127;169;517;190705;186793;14308;74.0;72.4;5.5
39;2021-10-30;38;64;245;190743;186857;14553;74.0;72.5;5.6
39;2021-10-31;0;6;0;190743;186863;14553;74.0;72.5;5.6
39;2021-11-01;8;7;3;190751;186870;14556;74.0;72.5;5.6
39;2021-11-02;44;100;221;190795;186970;14777;74.0;72.5;5.7
39;2021-11-03;94;121;450;190889;187091;15227;74.0;72.6;5.9
39;2021-11-04;70;119;688;190959;187210;15915;74.1;72.6;6.2
39;2021-11-05;212;315;1076;191171;187525;16991;74.1;72.7;6.6
39;2021-11-06;30;49;120;191201;187574;17111;74.2;72.7;6.6
39;2021-11-07;0;4;3;191201;187578;17114;74.2;72.7;6.6
39;2021-11-08;37;69;280;191238;187647;17394;74.2;72.8;6.7
39;2021-11-09;65;92;720;191303;187739;18114;74.2;72.8;7.0
39;2021-11-10;189;183;1276;191492;187922;19390;74.3;72.9;7.5
39;2021-11-11;6;10;25;191498;187932;19415;74.3;72.9;7.5
39;2021-11-12;92;150;615;191590;188082;20030;74.3;72.9;7.8
39;2021-11-13;44;74;346;191634;188156;20376;74.3;73.0;7.9
39;2021-11-14;5;1;11;191639;188157;20387;74.3;73.0;7.9
39;2021-11-15;21;55;260;191660;188212;20647;74.3;73.0;8.0
39;2021-11-16;107;97;1046;191767;188309;21693;74.4;73.0;8.4
39;2021-11-17;96;195;1047;191863;188504;22740;74.4;73.1;8.8
39;2021-11-18;113;117;811;191976;188621;23551;74.5;73.2;9.1
39;2021-11-19;161;237;1403;192137;188858;24954;74.5;73.2;9.7
39;2021-11-20;82;51;380;192219;188909;25334;74.5;73.3;9.8
39;2021-11-21;2;2;2;192221;188911;25336;74.5;73.3;9.8
39;2021-11-22;34;55;334;192255;188966;25670;74.6;73.3;10.0
39;2021-11-23;118;86;1080;192373;189052;26750;74.6;73.3;10.4
39;2021-11-24;140;154;1278;192513;189206;28028;74.7;73.4;10.9
39;2021-11-25;127;86;1187;192640;189292;29215;74.7;73.4;11.3
39;2021-11-26;139;140;1977;192779;189432;31192;74.8;73.5;12.1
39;2021-11-27;47;71;614;192826;189503;31806;74.8;73.5;12.3
39;2021-11-28;5;4;27;192831;189507;31833;74.8;73.5;12.3
39;2021-11-29;52;65;1254;192883;189572;33087;74.8;73.5;12.8
39;2021-11-30;89;106;2338;192972;189678;35425;74.8;73.6;13.7
39;2021-12-01;94;164;2497;193066;189842;37922;74.9;73.6;14.7
39;2021-12-02;86;89;3175;193152;189931;41097;74.9;73.7;15.9
39;2021-12-03;95;146;2800;193247;190077;43897;74.9;73.7;17.0
39;2021-12-04;48;64;1057;193295;190141;44954;75.0;73.7;17.4
39;2021-12-05;2;5;47;193297;190146;45001;75.0;73.7;17.5
39;2021-12-06;55;58;1972;193352;190204;46973;75.0;73.8;18.2
39;2021-12-07;105;114;2982;193457;190318;49955;75.0;73.8;19.4
39;2021-12-08;118;89;3188;193575;190407;53143;75.1;73.8;20.6
39;2021-12-09;121;132;3565;193696;190539;56708;75.1;73.9;22.0
39;2021-12-10;97;179;3365;193793;190718;60073;75.2;74.0;23.3
39;2021-12-11;50;94;1080;193843;190812;61153;75.2;74.0;23.7
39;2021-12-12;5;5;52;193848;190817;61205;75.2;74.0;23.7
39;2021-12-13;92;67;2403;193940;190884;63608;75.2;74.0;24.7
39;2021-12-14;83;127;3264;194023;191011;66872;75.2;74.1;25.9
39;2021-12-15;119;153;3433;194142;191164;70305;75.3;74.1;27.3
39;2021-12-16;89;150;3411;194231;191314;73716;75.3;74.2;28.6
39;2021-12-17;135;167;3334;194366;191481;77050;75.4;74.3;29.9
39;2021-12-18;106;79;1507;194472;191560;78557;75.4;74.3;30.5
39;2021-12-19;7;2;105;194479;191562;78662;75.4;74.3;30.5
39;2021-12-20;107;86;2399;194586;191648;81061;75.5;74.3;31.4
39;2021-12-21;169;168;3185;194755;191816;84246;75.5;74.4;32.7
39;2021-12-22;144;137;2303;194899;191953;86549;75.6;74.4;33.6
39;2021-12-23;86;75;1280;194985;192028;87829;75.6;74.5;34.1
39;2021-12-24;13;30;146;194998;192058;87975;75.6;74.5;34.1
39;2021-12-25;0;2;4;194998;192060;87979;75.6;74.5;34.1
39;2021-12-26;1;6;40;194999;192066;88019;75.6;74.5;34.1
39;2021-12-27;103;107;1822;195102;192173;89841;75.7;74.5;34.8
39;2021-12-28;173;175;2811;195275;192348;92652;75.7;74.6;35.9
40;2020-12-27;0;0;0;0;0;0;0.0;0.0;0.0
40;2020-12-28;0;0;0;0;0;0;0.0;0.0;0.0
40;2020-12-29;0;0;0;0;0;0;0.0;0.0;0.0
40;2020-12-30;0;0;0;0;0;0;0.0;0.0;0.0
40;2020-12-31;0;0;0;0;0;0;0.0;0.0;0.0
40;2021-01-01;0;0;0;0;0;0;0.0;0.0;0.0
40;2021-01-02;2;0;0;2;0;0;0.0;0.0;0.0
40;2021-01-03;0;0;0;2;0;0;0.0;0.0;0.0
40;2021-01-04;1;0;0;3;0;0;0.0;0.0;0.0
40;2021-01-05;1;0;0;4;0;0;0.0;0.0;0.0
40;2021-01-06;5;0;0;9;0;0;0.0;0.0;0.0
40;2021-01-07;238;1;0;247;1;0;0.1;0.0;0.0
40;2021-01-08;437;4;0;684;5;0;0.2;0.0;0.0
40;2021-01-09;4;0;0;688;5;0;0.2;0.0;0.0
40;2021-01-10;4;0;0;692;5;0;0.2;0.0;0.0
40;2021-01-11;130;0;0;822;5;0;0.2;0.0;0.0
40;2021-01-12;63;0;0;885;5;0;0.2;0.0;0.0
40;2021-01-13;708;6;0;1593;11;0;0.4;0.0;0.0
40;2021-01-14;918;8;0;2511;19;0;0.6;0.0;0.0
40;2021-01-15;855;3;0;3366;22;0;0.8;0.0;0.0
40;2021-01-16;156;0;0;3522;22;0;0.9;0.0;0.0
40;2021-01-17;3;0;0;3525;22;0;0.9;0.0;0.0
40;2021-01-18;477;1;0;4002;23;0;1.0;0.0;0.0
40;2021-01-19;1216;4;0;5218;27;0;1.3;0.0;0.0
40;2021-01-20;945;3;0;6163;30;0;1.5;0.0;0.0
40;2021-01-21;1373;5;0;7536;35;0;1.8;0.0;0.0
40;2021-01-22;906;4;0;8442;39;0;2.0;0.0;0.0
40;2021-01-23;313;0;0;8755;39;0;2.1;0.0;0.0
40;2021-01-24;32;0;0;8787;39;0;2.1;0.0;0.0
40;2021-01-25;453;3;0;9240;42;0;2.2;0.0;0.0
40;2021-01-26;856;5;0;10096;47;0;2.5;0.0;0.0
40;2021-01-27;1131;14;0;11227;61;0;2.7;0.0;0.0
40;2021-01-28;783;131;0;12010;192;0;2.9;0.0;0.0
40;2021-01-29;625;268;0;12635;460;0;3.1;0.1;0.0
40;2021-01-30;252;8;0;12887;468;0;3.1;0.1;0.0
40;2021-01-31;22;2;0;12909;470;0;3.1;0.1;0.0
40;2021-02-01;405;132;0;13314;602;0;3.2;0.1;0.0
40;2021-02-02;935;89;0;14249;691;0;3.5;0.2;0.0
40;2021-02-03;918;322;0;15167;1013;0;3.7;0.2;0.0
40;2021-02-04;1111;607;0;16278;1620;0;4.0;0.4;0.0
40;2021-02-05;813;416;0;17091;2036;0;4.1;0.5;0.0
40;2021-02-06;397;83;0;17488;2119;0;4.2;0.5;0.0
40;2021-02-07;26;1;0;17514;2120;0;4.3;0.5;0.0
40;2021-02-08;426;142;0;17940;2262;0;4.4;0.5;0.0
40;2021-02-09;811;559;0;18751;2821;0;4.6;0.7;0.0
40;2021-02-10;761;532;0;19512;3353;0;4.7;0.8;0.0
40;2021-02-11;800;721;0;20312;4074;0;4.9;1.0;0.0
40;2021-02-12;614;731;0;20926;4805;0;5.1;1.2;0.0
40;2021-02-13;355;108;0;21281;4913;0;5.2;1.2;0.0
40;2021-02-14;10;8;0;21291;4921;0;5.2;1.2;0.0
40;2021-02-15;52;434;0;21343;5355;0;5.2;1.3;0.0
40;2021-02-16;287;643;0;21630;5998;0;5.3;1.5;0.0
40;2021-02-17;343;898;0;21973;6896;0;5.3;1.7;0.0
40;2021-02-18;398;839;0;22371;7735;0;5.4;1.9;0.0
40;2021-02-19;163;679;0;22534;8414;0;5.5;2.0;0.0
40;2021-02-20;45;147;0;22579;8561;0;5.5;2.1;0.0
40;2021-02-21;6;87;0;22585;8648;0;5.5;2.1;0.0
40;2021-02-22;101;592;0;22686;9240;0;5.5;2.2;0.0
40;2021-02-23;246;880;0;22932;10120;0;5.6;2.5;0.0
40;2021-02-24;323;735;0;23255;10855;0;5.6;2.6;0.0
40;2021-02-25;764;1010;0;24019;11865;0;5.8;2.9;0.0
40;2021-02-26;724;703;0;24743;12568;0;6.0;3.1;0.0
40;2021-02-27;406;174;0;25149;12742;0;6.1;3.1;0.0
40;2021-02-28;5;24;0;25154;12766;0;6.1;3.1;0.0
40;2021-03-01;451;533;0;25605;13299;0;6.2;3.2;0.0
40;2021-03-02;779;1046;0;26384;14345;0;6.4;3.5;0.0
40;2021-03-03;963;940;0;27347;15285;0;6.6;3.7;0.0
40;2021-03-04;1372;872;0;28719;16157;0;7.0;3.9;0.0
40;2021-03-05;1298;769;0;30017;16926;0;7.3;4.1;0.0
40;2021-03-06;908;382;0;30925;17308;0;7.5;4.2;0.0
40;2021-03-07;125;32;0;31050;17340;0;7.5;4.2;0.0
40;2021-03-08;908;527;0;31958;17867;0;7.8;4.3;0.0
40;2021-03-09;1554;645;0;33512;18512;0;8.1;4.5;0.0
40;2021-03-10;1809;725;0;35321;19237;0;8.6;4.7;0.0
40;2021-03-11;2072;686;0;37393;19923;0;9.1;4.8;0.0
40;2021-03-12;2213;493;0;39606;20416;0;9.6;5.0;0.0
40;2021-03-13;1111;226;0;40717;20642;0;9.9;5.0;0.0
40;2021-03-14;143;2;0;40860;20644;0;9.9;5.0;0.0
40;2021-03-15;1029;98;0;41889;20742;0;10.2;5.0;0.0
40;2021-03-16;1039;289;0;42928;21031;0;10.4;5.1;0.0
40;2021-03-17;1613;332;0;44541;21363;0;10.8;5.2;0.0
40;2021-03-18;1649;335;0;46190;21698;0;11.2;5.3;0.0
40;2021-03-19;1871;167;0;48061;21865;0;11.7;5.3;0.0
40;2021-03-20;809;15;0;48870;21880;0;11.9;5.3;0.0
40;2021-03-21;110;3;0;48980;21883;0;11.9;5.3;0.0
40;2021-03-22;1243;58;0;50223;21941;0;12.2;5.3;0.0
40;2021-03-23;2377;205;0;52600;22146;0;12.8;5.4;0.0
40;2021-03-24;2418;267;0;55018;22413;0;13.4;5.4;0.0
40;2021-03-25;2874;405;0;57892;22818;0;14.1;5.5;0.0
40;2021-03-26;3151;260;0;61043;23078;0;14.8;5.6;0.0
40;2021-03-27;977;74;0;62020;23152;0;15.1;5.6;0.0
40;2021-03-28;259;36;0;62279;23188;0;15.1;5.6;0.0
40;2021-03-29;1245;398;0;63524;23586;0;15.4;5.7;0.0
40;2021-03-30;2395;447;0;65919;24033;0;16.0;5.8;0.0
40;2021-03-31;2090;352;0;68009;24385;0;16.5;5.9;0.0
40;2021-04-01;2561;377;0;70570;24762;0;17.1;6.0;0.0
40;2021-04-02;2455;254;0;73025;25016;0;17.7;6.1;0.0
40;2021-04-03;760;142;0;73785;25158;0;17.9;6.1;0.0
40;2021-04-04;366;21;0;74151;25179;0;18.0;6.1;0.0
40;2021-04-05;587;57;0;74738;25236;0;18.1;6.1;0.0
40;2021-04-06;2176;871;0;76914;26107;0;18.7;6.3;0.0
40;2021-04-07;2680;968;0;79594;27075;0;19.3;6.6;0.0
40;2021-04-08;3137;982;0;82731;28057;0;20.1;6.8;0.0
40;2021-04-09;3909;690;0;86640;28747;0;21.0;7.0;0.0
40;2021-04-10;1680;428;0;88320;29175;0;21.4;7.1;0.0
40;2021-04-11;91;35;0;88411;29210;0;21.5;7.1;0.0
40;2021-04-12;2237;808;0;90648;30018;0;22.0;7.3;0.0
40;2021-04-13;2679;1213;0;93327;31231;0;22.7;7.6;0.0
40;2021-04-14;2616;1481;0;95943;32712;0;23.3;7.9;0.0
40;2021-04-15;3054;1571;0;98997;34283;0;24.0;8.3;0.0
40;2021-04-16;2957;1246;0;101954;35529;0;24.7;8.6;0.0
40;2021-04-17;1506;439;0;103460;35968;0;25.1;8.7;0.0
40;2021-04-18;126;86;0;103586;36054;0;25.1;8.8;0.0
40;2021-04-19;1230;1135;0;104816;37189;0;25.4;9.0;0.0
40;2021-04-20;1756;1809;0;106572;38998;0;25.9;9.5;0.0
40;2021-04-21;1912;1765;0;108484;40763;0;26.3;9.9;0.0
40;2021-04-22;2173;1858;0;110657;42621;0;26.9;10.3;0.0
40;2021-04-23;2266;1421;0;112923;44042;0;27.4;10.7;0.0
40;2021-04-24;1423;656;0;114346;44698;0;27.8;10.8;0.0
40;2021-04-25;102;94;0;114448;44792;0;27.8;10.9;0.0
40;2021-04-26;1402;1162;0;115850;45954;0;28.1;11.2;0.0
40;2021-04-27;1682;2053;0;117532;48007;0;28.5;11.7;0.0
40;2021-04-28;2236;1479;0;119768;49486;0;29.1;12.0;0.0
40;2021-04-29;2775;1938;0;122543;51424;0;29.7;12.5;0.0
40;2021-04-30;2836;1685;0;125379;53109;0;30.4;12.9;0.0
40;2021-05-01;1349;766;0;126728;53875;0;30.8;13.1;0.0
40;2021-05-02;216;309;0;126944;54184;0;30.8;13.2;0.0
40;2021-05-03;1967;1589;0;128911;55773;0;31.3;13.5;0.0
40;2021-05-04;2091;2598;0;131002;58371;0;31.8;14.2;0.0
40;2021-05-05;2391;2662;0;133393;61033;0;32.4;14.8;0.0
40;2021-05-06;2516;2891;0;135909;63924;0;33.0;15.5;0.0
40;2021-05-07;2157;3069;0;138066;66993;0;33.5;16.3;0.0
40;2021-05-08;791;471;0;138857;67464;0;33.7;16.4;0.0
40;2021-05-09;392;65;0;139249;67529;0;33.8;16.4;0.0
40;2021-05-10;1561;2233;0;140810;69762;0;34.2;16.9;0.0
40;2021-05-11;2450;2713;0;143260;72475;0;34.8;17.6;0.0
40;2021-05-12;2933;2076;0;146193;74551;0;35.5;18.1;0.0
40;2021-05-13;2113;532;0;148306;75083;0;36.0;18.2;0.0
40;2021-05-14;2486;1767;0;150792;76850;0;36.6;18.7;0.0
40;2021-05-15;1504;1009;0;152296;77859;0;37.0;18.9;0.0
40;2021-05-16;488;82;0;152784;77941;0;37.1;18.9;0.0
40;2021-05-17;2348;1469;0;155132;79410;0;37.7;19.3;0.0
40;2021-05-18;2718;1498;0;157850;80908;0;38.3;19.6;0.0
40;2021-05-19;3150;1186;0;161000;82094;0;39.1;19.9;0.0
40;2021-05-20;3737;1293;0;164737;83387;0;40.0;20.2;0.0
40;2021-05-21;3082;1429;0;167819;84816;0;40.7;20.6;0.0
40;2021-05-22;1376;865;0;169195;85681;0;41.1;20.8;0.0
40;2021-05-23;623;67;0;169818;85748;0;41.2;20.8;0.0
40;2021-05-24;1320;457;0;171138;86205;0;41.5;20.9;0.0
40;2021-05-25;2339;1447;0;173477;87652;0;42.1;21.3;0.0
40;2021-05-26;2801;1655;0;176278;89307;0;42.8;21.7;0.0
40;2021-05-27;2885;2041;0;179163;91348;0;43.5;22.2;0.0
40;2021-05-28;2797;2346;0;181960;93694;0;44.2;22.7;0.0
40;2021-05-29;1732;1329;0;183692;95023;0;44.6;23.1;0.0
40;2021-05-30;100;84;0;183792;95107;0;44.6;23.1;0.0
40;2021-05-31;2726;1348;0;186518;96455;0;45.3;23.4;0.0
40;2021-06-01;3177;1915;0;189695;98370;0;46.0;23.9;0.0
40;2021-06-02;3304;2102;0;192999;100472;0;46.8;24.4;0.0
40;2021-06-03;3753;2361;0;196752;102833;0;47.8;25.0;0.0
40;2021-06-04;3206;2865;0;199958;105698;0;48.5;25.7;0.0
40;2021-06-05;1951;1454;0;201909;107152;0;49.0;26.0;0.0
40;2021-06-06;568;108;0;202477;107260;0;49.1;26.0;0.0
40;2021-06-07;2347;2083;0;204824;109343;0;49.7;26.5;0.0
40;2021-06-08;3211;2234;0;208035;111577;0;50.5;27.1;0.0
40;2021-06-09;3336;2340;0;211371;113917;0;51.3;27.7;0.0
40;2021-06-10;3181;2122;0;214552;116039;0;52.1;28.2;0.0
40;2021-06-11;3267;2969;0;217819;119008;0;52.9;28.9;0.0
40;2021-06-12;2057;1720;0;219876;120728;0;53.4;29.3;0.0
40;2021-06-13;650;200;0;220526;120928;0;53.5;29.4;0.0
40;2021-06-14;1604;2698;0;222130;123626;0;53.9;30.0;0.0
40;2021-06-15;2339;2977;0;224469;126603;0;54.5;30.7;0.0
40;2021-06-16;2691;2686;0;227160;129289;0;55.1;31.4;0.0
40;2021-06-17;2537;2613;0;229697;131902;0;55.8;32.0;0.0
40;2021-06-18;2443;3077;0;232140;134979;0;56.3;32.8;0.0
40;2021-06-19;1812;1336;0;233952;136315;0;56.8;33.1;0.0
40;2021-06-20;338;320;0;234290;136635;0;56.9;33.2;0.0
40;2021-06-21;1340;2610;0;235630;139245;0;57.2;33.8;0.0
40;2021-06-22;1716;3212;0;237346;142457;0;57.6;34.6;0.0
40;2021-06-23;1654;3531;0;239000;145988;0;58.0;35.4;0.0
40;2021-06-24;1729;2372;0;240729;148360;0;58.4;36.0;0.0
40;2021-06-25;1832;3402;0;242561;151762;0;58.9;36.8;0.0
40;2021-06-26;1332;1837;0;243893;153599;0;59.2;37.3;0.0
40;2021-06-27;297;427;0;244190;154026;0;59.3;37.4;0.0
40;2021-06-28;1359;3067;0;245549;157093;0;59.6;38.1;0.0
40;2021-06-29;1604;3653;0;247153;160746;0;60.0;39.0;0.0
40;2021-06-30;1795;3813;0;248948;164559;0;60.4;39.9;0.0
40;2021-07-01;1744;4021;0;250692;168580;0;60.9;40.9;0.0
40;2021-07-02;1548;3966;0;252240;172546;0;61.2;41.9;0.0
40;2021-07-03;719;2067;0;252959;174613;0;61.4;42.4;0.0
40;2021-07-04;219;586;0;253178;175199;0;61.5;42.5;0.0
40;2021-07-05;1382;3083;0;254560;178282;0;61.8;43.3;0.0
40;2021-07-06;1664;3680;0;256224;181962;0;62.2;44.2;0.0
40;2021-07-07;1829;3876;0;258053;185838;0;62.6;45.1;0.0
40;2021-07-08;1877;3347;0;259930;189185;0;63.1;45.9;0.0
40;2021-07-09;1679;3992;0;261609;193177;0;63.5;46.9;0.0
40;2021-07-10;841;2226;0;262450;195403;0;63.7;47.4;0.0
40;2021-07-11;160;331;0;262610;195734;0;63.7;47.5;0.0
40;2021-07-12;1069;3911;0;263679;199645;0;64.0;48.5;0.0
40;2021-07-13;1979;4560;0;265658;204205;0;64.5;49.6;0.0
40;2021-07-14;1741;1934;0;267399;206139;0;64.9;50.0;0.0
40;2021-07-15;2254;4694;0;269653;210833;0;65.5;51.2;0.0
40;2021-07-16;2645;3760;0;272298;214593;0;66.1;52.1;0.0
40;2021-07-17;1617;2622;0;273915;217215;0;66.5;52.7;0.0
40;2021-07-18;318;596;0;274233;217811;0;66.6;52.9;0.0
40;2021-07-19;1905;3577;0;276138;221388;0;67.0;53.7;0.0
40;2021-07-20;2309;3782;0;278447;225170;0;67.6;54.7;0.0
40;2021-07-21;2506;3710;0;280953;228880;0;68.2;55.6;0.0
40;2021-07-22;2873;3688;0;283826;232568;0;68.9;56.5;0.0
40;2021-07-23;3098;3847;0;286924;236415;0;69.6;57.4;0.0
40;2021-07-24;2026;2014;0;288950;238429;0;70.1;57.9;0.0
40;2021-07-25;687;466;0;289637;238895;0;70.3;58.0;0.0
40;2021-07-26;2185;2722;0;291822;241617;0;70.8;58.6;0.0
40;2021-07-27;2579;3201;0;294401;244818;0;71.5;59.4;0.0
40;2021-07-28;2703;2983;0;297104;247801;0;72.1;60.1;0.0
40;2021-07-29;2766;2991;0;299870;250792;0;72.8;60.9;0.0
40;2021-07-30;2515;2939;0;302385;253731;0;73.4;61.6;0.0
40;2021-07-31;1472;1706;0;303857;255437;0;73.8;62.0;0.0
40;2021-08-01;233;194;0;304090;255631;0;73.8;62.0;0.0
40;2021-08-02;1636;1944;0;305726;257575;0;74.2;62.5;0.0
40;2021-08-03;1962;2208;0;307688;259783;0;74.7;63.1;0.0
40;2021-08-04;1787;1931;0;309475;261714;0;75.1;63.5;0.0
40;2021-08-05;1675;2208;0;311150;263922;0;75.5;64.1;0.0
40;2021-08-06;1594;2497;0;312744;266419;0;75.9;64.7;0.0
40;2021-08-07;1086;1512;0;313830;267931;0;76.2;65.0;0.0
40;2021-08-08;97;136;0;313927;268067;0;76.2;65.1;0.0
40;2021-08-09;1320;2284;0;315247;270351;0;76.5;65.6;0.0
40;2021-08-10;1263;2393;0;316510;272744;0;76.8;66.2;0.0
40;2021-08-11;1183;2039;0;317693;274783;0;77.1;66.7;0.0
40;2021-08-12;1103;2287;0;318796;277070;0;77.4;67.3;0.0
40;2021-08-13;980;2194;0;319776;279264;0;77.6;67.8;0.0
40;2021-08-14;566;1693;0;320342;280957;0;77.8;68.2;0.0
40;2021-08-15;27;219;0;320369;281176;0;77.8;68.3;0.0
40;2021-08-16;946;2557;0;321315;283733;0;78.0;68.9;0.0
40;2021-08-17;1015;2674;0;322330;286407;0;78.2;69.5;0.0
40;2021-08-18;853;2700;0;323183;289107;0;78.4;70.2;0.0
40;2021-08-19;788;2432;0;323971;291539;0;78.6;70.8;0.0
40;2021-08-20;757;2524;0;324728;294063;0;78.8;71.4;0.0
40;2021-08-21;456;1598;0;325184;295661;0;78.9;71.8;0.0
40;2021-08-22;79;394;0;325263;296055;0;79.0;71.9;0.0
40;2021-08-23;647;2424;0;325910;298479;0;79.1;72.5;0.0
40;2021-08-24;614;2257;0;326524;300736;0;79.3;73.0;0.0
40;2021-08-25;600;1807;0;327124;302543;0;79.4;73.4;0.0
40;2021-08-26;449;1552;0;327573;304095;0;79.5;73.8;0.0
40;2021-08-27;596;2231;0;328169;306326;0;79.7;74.4;0.0
40;2021-08-28;303;1147;0;328472;307473;0;79.7;74.6;0.0
40;2021-08-29;12;67;0;328484;307540;0;79.7;74.6;0.0
40;2021-08-30;571;1956;46;329055;309496;46;79.9;75.1;0.0
40;2021-08-31;464;1427;84;329519;310923;130;80.0;75.5;0.0
40;2021-09-01;475;1313;196;329994;312236;326;80.1;75.8;0.1
40;2021-09-02;426;1277;325;330420;313513;651;80.2;76.1;0.2
40;2021-09-03;441;1337;296;330861;314850;947;80.3;76.4;0.2
40;2021-09-04;352;977;133;331213;315827;1080;80.4;76.7;0.3
40;2021-09-05;12;41;24;331225;315868;1104;80.4;76.7;0.3
40;2021-09-06;254;704;198;331479;316572;1302;80.5;76.8;0.3
40;2021-09-07;273;789;217;331752;317361;1519;80.5;77.0;0.4
40;2021-09-08;373;917;322;332125;318278;1841;80.6;77.3;0.4
40;2021-09-09;279;721;310;332404;318999;2151;80.7;77.4;0.5
40;2021-09-10;372;986;341;332776;319985;2492;80.8;77.7;0.6
40;2021-09-11;263;703;123;333039;320688;2615;80.8;77.8;0.6
40;2021-09-12;25;31;2;333064;320719;2617;80.8;77.8;0.6
40;2021-09-13;353;576;405;333417;321295;3022;80.9;78.0;0.7
40;2021-09-14;316;401;549;333733;321696;3571;81.0;78.1;0.9
40;2021-09-15;414;849;602;334147;322545;4173;81.1;78.3;1.0
40;2021-09-16;257;347;358;334404;322892;4531;81.2;78.4;1.1
40;2021-09-17;353;795;625;334757;323687;5156;81.3;78.6;1.3
40;2021-09-18;189;599;161;334946;324286;5317;81.3;78.7;1.3
40;2021-09-19;3;17;21;334949;324303;5338;81.3;78.7;1.3
40;2021-09-20;167;398;384;335116;324701;5722;81.3;78.8;1.4
40;2021-09-21;160;268;474;335276;324969;6196;81.4;78.9;1.5
40;2021-09-22;233;584;442;335509;325553;6638;81.4;79.0;1.6
40;2021-09-23;161;296;669;335670;325849;7307;81.5;79.1;1.8
40;2021-09-24;240;590;407;335910;326439;7714;81.5;79.2;1.9
40;2021-09-25;137;416;151;336047;326855;7865;81.6;79.3;1.9
40;2021-09-26;1;9;3;336048;326864;7868;81.6;79.3;1.9
40;2021-09-27;106;253;236;336154;327117;8104;81.6;79.4;2.0
40;2021-09-28;77;237;408;336231;327354;8512;81.6;79.5;2.1
40;2021-09-29;219;550;361;336450;327904;8873;81.7;79.6;2.2
40;2021-09-30;107;226;380;336557;328130;9253;81.7;79.6;2.2
40;2021-10-01;265;403;469;336822;328533;9722;81.8;79.7;2.4
40;2021-10-02;198;342;142;337020;328875;9864;81.8;79.8;2.4
40;2021-10-03;1;11;0;337021;328886;9864;81.8;79.8;2.4
40;2021-10-04;122;245;324;337143;329131;10188;81.8;79.9;2.5
40;2021-10-05;102;243;393;337245;329374;10581;81.9;79.9;2.6
40;2021-10-06;265;425;684;337510;329799;11265;81.9;80.1;2.7
40;2021-10-07;112;228;461;337622;330027;11726;82.0;80.1;2.8
40;2021-10-08;207;447;817;337829;330474;12543;82.0;80.2;3.0
40;2021-10-09;139;225;223;337968;330699;12766;82.0;80.3;3.1
40;2021-10-10;3;15;4;337971;330714;12770;82.0;80.3;3.1
40;2021-10-11;82;172;341;338053;330886;13111;82.1;80.3;3.2
40;2021-10-12;101;166;415;338154;331052;13526;82.1;80.4;3.3
40;2021-10-13;210;371;800;338364;331423;14326;82.1;80.4;3.5
40;2021-10-14;77;152;660;338441;331575;14986;82.2;80.5;3.6
40;2021-10-15;149;325;775;338590;331900;15761;82.2;80.6;3.8
40;2021-10-16;117;184;240;338707;332084;16001;82.2;80.6;3.9
40;2021-10-17;2;2;3;338709;332086;16004;82.2;80.6;3.9
40;2021-10-18;76;165;452;338785;332251;16456;82.2;80.6;4.0
40;2021-10-19;92;127;507;338877;332378;16963;82.3;80.7;4.1
40;2021-10-20;192;266;1214;339069;332644;18177;82.3;80.7;4.4
40;2021-10-21;107;149;650;339176;332793;18827;82.3;80.8;4.6
40;2021-10-22;157;232;949;339333;333025;19776;82.4;80.8;4.8
40;2021-10-23;130;218;411;339463;333243;20187;82.4;80.9;4.9
40;2021-10-24;2;4;12;339465;333247;20199;82.4;80.9;4.9
40;2021-10-25;90;125;555;339555;333372;20754;82.4;80.9;5.0
40;2021-10-26;90;95;671;339645;333467;21425;82.4;80.9;5.2
40;2021-10-27;168;267;1307;339813;333734;22732;82.5;81.0;5.5
40;2021-10-28;83;99;688;339896;333833;23420;82.5;81.0;5.7
40;2021-10-29;135;190;1132;340031;334023;24552;82.5;81.1;6.0
40;2021-10-30;106;151;386;340137;334174;24938;82.6;81.1;6.1
40;2021-10-31;2;5;5;340139;334179;24943;82.6;81.1;6.1
40;2021-11-01;18;7;7;340157;334186;24950;82.6;81.1;6.1
40;2021-11-02;92;155;689;340249;334341;25639;82.6;81.2;6.2
40;2021-11-03;162;197;1456;340411;334538;27095;82.6;81.2;6.6
40;2021-11-04;108;131;915;340519;334669;28010;82.7;81.2;6.8
40;2021-11-05;116;168;1438;340635;334837;29448;82.7;81.3;7.1
40;2021-11-06;74;90;377;340709;334927;29825;82.7;81.3;7.2
40;2021-11-07;0;6;3;340709;334933;29828;82.7;81.3;7.2
40;2021-11-08;71;105;970;340780;335038;30798;82.7;81.3;7.5
40;2021-11-09;108;147;1486;340888;335185;32284;82.7;81.4;7.8
40;2021-11-10;153;198;1874;341041;335383;34158;82.8;81.4;8.3
40;2021-11-11;27;20;140;341068;335403;34298;82.8;81.4;8.3
40;2021-11-12;155;207;1928;341223;335610;36226;82.8;81.5;8.8
40;2021-11-13;66;103;451;341289;335713;36677;82.8;81.5;8.9
40;2021-11-14;2;8;6;341291;335721;36683;82.8;81.5;8.9
40;2021-11-15;100;87;1072;341391;335808;37755;82.9;81.5;9.2
40;2021-11-16;112;102;1931;341503;335910;39686;82.9;81.5;9.6
40;2021-11-17;168;168;2007;341671;336078;41693;82.9;81.6;10.1
40;2021-11-18;106;109;1643;341777;336187;43336;83.0;81.6;10.5
40;2021-11-19;167;197;2287;341944;336384;45623;83.0;81.7;11.1
40;2021-11-20;117;151;723;342061;336535;46346;83.0;81.7;11.2
40;2021-11-21;1;7;3;342062;336542;46349;83.0;81.7;11.3
40;2021-11-22;70;47;1362;342132;336589;47711;83.0;81.7;11.6
40;2021-11-23;138;109;2209;342270;336698;49920;83.1;81.7;12.1
40;2021-11-24;202;211;2248;342472;336909;52168;83.1;81.8;12.7
40;2021-11-25;115;120;2050;342587;337029;54218;83.2;81.8;13.2
40;2021-11-26;161;193;3017;342748;337222;57235;83.2;81.9;13.9
40;2021-11-27;81;112;908;342829;337334;58143;83.2;81.9;14.1
40;2021-11-28;9;8;266;342838;337342;58409;83.2;81.9;14.2
40;2021-11-29;73;99;2427;342911;337441;60836;83.2;81.9;14.8
40;2021-11-30;167;129;3681;343078;337570;64517;83.3;81.9;15.7
40;2021-12-01;138;176;4111;343216;337746;68628;83.3;82.0;16.7
40;2021-12-02;97;109;4226;343313;337855;72854;83.3;82.0;17.7
40;2021-12-03;138;206;4734;343451;338061;77588;83.4;82.1;18.8
40;2021-12-04;72;96;1570;343523;338157;79158;83.4;82.1;19.2
40;2021-12-05;9;10;269;343532;338167;79427;83.4;82.1;19.3
40;2021-12-06;128;159;4134;343660;338326;83561;83.4;82.1;20.3
40;2021-12-07;130;164;5730;343790;338490;89291;83.4;82.2;21.7
40;2021-12-08;138;184;4840;343928;338674;94131;83.5;82.2;22.8
40;2021-12-09;122;136;6074;344050;338810;100205;83.5;82.2;24.3
40;2021-12-10;137;195;5863;344187;339005;106068;83.5;82.3;25.7
40;2021-12-11;86;158;2284;344273;339163;108352;83.6;82.3;26.3
40;2021-12-12;19;8;385;344292;339171;108737;83.6;82.3;26.4
40;2021-12-13;100;128;4557;344392;339299;113294;83.6;82.4;27.5
40;2021-12-14;141;173;6166;344533;339472;119460;83.6;82.4;29.0
40;2021-12-15;143;217;5498;344676;339689;124958;83.7;82.5;30.3
40;2021-12-16;129;162;6490;344805;339851;131448;83.7;82.5;31.9
40;2021-12-17;171;236;6188;344976;340087;137636;83.7;82.5;33.4
40;2021-12-18;96;100;2946;345072;340187;140582;83.8;82.6;34.1
40;2021-12-19;18;13;547;345090;340200;141129;83.8;82.6;34.3
40;2021-12-20;141;138;4823;345231;340338;145952;83.8;82.6;35.4
40;2021-12-21;213;236;6051;345444;340574;152003;83.8;82.7;36.9
40;2021-12-22;188;185;4910;345632;340759;156913;83.9;82.7;38.1
40;2021-12-23;167;123;3905;345799;340882;160818;83.9;82.7;39.0
40;2021-12-24;46;57;1346;345845;340939;162164;83.9;82.8;39.4
40;2021-12-25;1;5;91;345846;340944;162255;83.9;82.8;39.4
40;2021-12-26;5;17;70;345851;340961;162325;83.9;82.8;39.4
40;2021-12-27;92;154;3535;345943;341115;165860;84.0;82.8;40.3
40;2021-12-28;155;194;5053;346098;341309;170913;84.0;82.8;41.5
41;2020-12-27;0;0;0;0;0;0;0.0;0.0;0.0
41;2020-12-28;0;0;0;0;0;0;0.0;0.0;0.0
41;2020-12-29;1;0;0;1;0;0;0.0;0.0;0.0
41;2020-12-30;0;0;0;1;0;0;0.0;0.0;0.0
41;2020-12-31;0;0;0;1;0;0;0.0;0.0;0.0
41;2021-01-01;1;0;0;2;0;0;0.0;0.0;0.0
41;2021-01-02;0;0;0;2;0;0;0.0;0.0;0.0
41;2021-01-03;0;0;0;2;0;0;0.0;0.0;0.0
41;2021-01-04;0;0;0;2;0;0;0.0;0.0;0.0
41;2021-01-05;39;0;0;41;0;0;0.0;0.0;0.0
41;2021-01-06;52;0;0;93;0;0;0.0;0.0;0.0
41;2021-01-07;30;0;0;123;0;0;0.0;0.0;0.0
41;2021-01-08;10;0;0;133;0;0;0.0;0.0;0.0
41;2021-01-09;5;0;0;138;0;0;0.0;0.0;0.0
41;2021-01-10;2;0;0;140;0;0;0.0;0.0;0.0
41;2021-01-11;150;0;0;290;0;0;0.1;0.0;0.0
41;2021-01-12;318;1;0;608;1;0;0.2;0.0;0.0
41;2021-01-13;295;1;0;903;2;0;0.3;0.0;0.0
41;2021-01-14;307;2;0;1210;4;0;0.4;0.0;0.0
41;2021-01-15;236;2;0;1446;6;0;0.4;0.0;0.0
41;2021-01-16;3;0;0;1449;6;0;0.4;0.0;0.0
41;2021-01-17;17;0;0;1466;6;0;0.4;0.0;0.0
41;2021-01-18;412;1;0;1878;7;0;0.6;0.0;0.0
41;2021-01-19;844;2;0;2722;9;0;0.8;0.0;0.0
41;2021-01-20;1102;6;0;3824;15;0;1.2;0.0;0.0
41;2021-01-21;1511;10;0;5335;25;0;1.6;0.0;0.0
41;2021-01-22;858;1;0;6193;26;0;1.9;0.0;0.0
41;2021-01-23;92;0;0;6285;26;0;1.9;0.0;0.0
41;2021-01-24;2;0;0;6287;26;0;1.9;0.0;0.0
41;2021-01-25;414;5;0;6701;31;0;2.0;0.0;0.0
41;2021-01-26;534;9;0;7235;40;0;2.2;0.0;0.0
41;2021-01-27;439;3;0;7674;43;0;2.3;0.0;0.0
41;2021-01-28;606;63;0;8280;106;0;2.5;0.0;0.0
41;2021-01-29;280;27;0;8560;133;0;2.6;0.0;0.0
41;2021-01-30;9;2;0;8569;135;0;2.6;0.0;0.0
41;2021-01-31;0;0;0;8569;135;0;2.6;0.0;0.0
41;2021-02-01;347;143;0;8916;278;0;2.7;0.1;0.0
41;2021-02-02;458;240;0;9374;518;0;2.9;0.2;0.0
41;2021-02-03;363;214;0;9737;732;0;3.0;0.2;0.0
41;2021-02-04;499;189;0;10236;921;0;3.1;0.3;0.0
41;2021-02-05;360;209;0;10596;1130;0;3.2;0.3;0.0
41;2021-02-06;10;5;0;10606;1135;0;3.2;0.3;0.0
41;2021-02-07;5;1;0;10611;1136;0;3.2;0.3;0.0
41;2021-02-08;333;299;0;10944;1435;0;3.3;0.4;0.0
41;2021-02-09;548;435;0;11492;1870;0;3.5;0.6;0.0
41;2021-02-10;501;651;0;11993;2521;0;3.7;0.8;0.0
41;2021-02-11;987;1083;0;12980;3604;0;4.0;1.1;0.0
41;2021-02-12;671;364;0;13651;3968;0;4.2;1.2;0.0
41;2021-02-13;17;14;0;13668;3982;0;4.2;1.2;0.0
41;2021-02-14;1;41;0;13669;4023;0;4.2;1.2;0.0
41;2021-02-15;323;321;0;13992;4344;0;4.3;1.3;0.0
41;2021-02-16;363;556;0;14355;4900;0;4.4;1.5;0.0
41;2021-02-17;344;475;0;14699;5375;0;4.5;1.6;0.0
41;2021-02-18;582;384;0;15281;5759;0;4.7;1.8;0.0
41;2021-02-19;461;353;0;15742;6112;0;4.8;1.9;0.0
41;2021-02-20;82;57;0;15824;6169;0;4.8;1.9;0.0
41;2021-02-21;0;0;0;15824;6169;0;4.8;1.9;0.0
41;2021-02-22;339;412;0;16163;6581;0;4.9;2.0;0.0
41;2021-02-23;482;355;0;16645;6936;0;5.1;2.1;0.0
41;2021-02-24;317;451;0;16962;7387;0;5.2;2.3;0.0
41;2021-02-25;667;469;0;17629;7856;0;5.4;2.4;0.0
41;2021-02-26;638;272;0;18267;8128;0;5.6;2.5;0.0
41;2021-02-27;178;15;0;18445;8143;0;5.6;2.5;0.0
41;2021-02-28;3;30;0;18448;8173;0;5.6;2.5;0.0
41;2021-03-01;333;336;0;18781;8509;0;5.7;2.6;0.0
41;2021-03-02;595;426;0;19376;8935;0;5.9;2.7;0.0
41;2021-03-03;534;468;0;19910;9403;0;6.1;2.9;0.0
41;2021-03-04;794;793;0;20704;10196;0;6.3;3.1;0.0
41;2021-03-05;858;652;0;21562;10848;0;6.6;3.3;0.0
41;2021-03-06;745;24;0;22307;10872;0;6.8;3.3;0.0
41;2021-03-07;468;26;0;22775;10898;0;6.9;3.3;0.0
41;2021-03-08;312;376;0;23087;11274;0;7.0;3.4;0.0
41;2021-03-09;1043;450;0;24130;11724;0;7.4;3.6;0.0
41;2021-03-10;776;464;0;24906;12188;0;7.6;3.7;0.0
41;2021-03-11;1176;678;0;26082;12866;0;8.0;3.9;0.0
41;2021-03-12;1188;413;0;27270;13279;0;8.3;4.1;0.0
41;2021-03-13;1191;25;0;28461;13304;0;8.7;4.1;0.0
41;2021-03-14;357;6;0;28818;13310;0;8.8;4.1;0.0
41;2021-03-15;786;354;0;29604;13664;0;9.0;4.2;0.0
41;2021-03-16;940;420;0;30544;14084;0;9.3;4.3;0.0
41;2021-03-17;585;256;0;31129;14340;0;9.5;4.4;0.0
41;2021-03-18;881;398;0;32010;14738;0;9.8;4.5;0.0
41;2021-03-19;915;332;0;32925;15070;0;10.0;4.6;0.0
41;2021-03-20;531;22;0;33456;15092;0;10.2;4.6;0.0
41;2021-03-21;8;0;0;33464;15092;0;10.2;4.6;0.0
41;2021-03-22;781;312;0;34245;15404;0;10.4;4.7;0.0
41;2021-03-23;1201;521;0;35446;15925;0;10.8;4.9;0.0
41;2021-03-24;1255;397;0;36701;16322;0;11.2;5.0;0.0
41;2021-03-25;1890;421;0;38591;16743;0;11.8;5.1;0.0
41;2021-03-26;1578;339;0;40169;17082;0;12.3;5.2;0.0
41;2021-03-27;467;68;0;40636;17150;0;12.4;5.2;0.0
41;2021-03-28;7;1;0;40643;17151;0;12.4;5.2;0.0
41;2021-03-29;928;312;0;41571;17463;0;12.7;5.3;0.0
41;2021-03-30;1463;542;0;43034;18005;0;13.1;5.5;0.0
41;2021-03-31;1140;517;0;44174;18522;0;13.5;5.6;0.0
41;2021-04-01;2105;540;0;46279;19062;0;14.1;5.8;0.0
41;2021-04-02;1251;469;0;47530;19531;0;14.5;6.0;0.0
41;2021-04-03;347;28;0;47877;19559;0;14.6;6.0;0.0
41;2021-04-04;54;3;0;47931;19562;0;14.6;6.0;0.0
41;2021-04-05;144;2;0;48075;19564;0;14.7;6.0;0.0
41;2021-04-06;1299;607;0;49374;20171;0;15.1;6.2;0.0
41;2021-04-07;1857;666;0;51231;20837;0;15.6;6.4;0.0
41;2021-04-08;2219;882;0;53450;21719;0;16.3;6.6;0.0
41;2021-04-09;2522;603;0;55972;22322;0;17.1;6.8;0.0
41;2021-04-10;1053;466;0;57025;22788;0;17.4;7.0;0.0
41;2021-04-11;293;346;0;57318;23134;0;17.5;7.1;0.0
41;2021-04-12;1714;634;0;59032;23768;0;18.0;7.2;0.0
41;2021-04-13;2249;897;0;61281;24665;0;18.7;7.5;0.0
41;2021-04-14;1845;559;0;63126;25224;0;19.3;7.7;0.0
41;2021-04-15;2396;936;0;65522;26160;0;20.0;8.0;0.0
41;2021-04-16;1983;620;0;67505;26780;0;20.6;8.2;0.0
41;2021-04-17;761;120;0;68266;26900;0;20.8;8.2;0.0
41;2021-04-18;26;9;0;68292;26909;0;20.8;8.2;0.0
41;2021-04-19;1299;662;0;69591;27571;0;21.2;8.4;0.0
41;2021-04-20;1967;1039;0;71558;28610;0;21.8;8.7;0.0
41;2021-04-21;1549;827;0;73107;29437;0;22.3;9.0;0.0
41;2021-04-22;2197;1385;0;75304;30822;0;23.0;9.4;0.0
41;2021-04-23;1737;1023;0;77041;31845;0;23.5;9.7;0.0
41;2021-04-24;1421;279;0;78462;32124;0;23.9;9.8;0.0
41;2021-04-25;792;15;0;79254;32139;0;24.2;9.8;0.0
41;2021-04-26;1382;638;0;80636;32777;0;24.6;10.0;0.0
41;2021-04-27;2113;1027;0;82749;33804;0;25.2;10.3;0.0
41;2021-04-28;1622;892;0;84371;34696;0;25.7;10.6;0.0
41;2021-04-29;2208;1312;0;86579;36008;0;26.4;11.0;0.0
41;2021-04-30;1993;871;0;88572;36879;0;27.0;11.2;0.0
41;2021-05-01;216;26;0;88788;36905;0;27.1;11.3;0.0
41;2021-05-02;134;22;0;88922;36927;0;27.1;11.3;0.0
41;2021-05-03;1828;953;0;90750;37880;0;27.7;11.6;0.0
41;2021-05-04;2044;1529;0;92794;39409;0;28.3;12.0;0.0
41;2021-05-05;1922;1229;0;94716;40638;0;28.9;12.4;0.0
41;2021-05-06;2352;1654;0;97068;42292;0;29.6;12.9;0.0
41;2021-05-07;2005;1814;0;99073;44106;0;30.2;13.5;0.0
41;2021-05-08;228;172;0;99301;44278;0;30.3;13.5;0.0
41;2021-05-09;34;373;0;99335;44651;0;30.3;13.6;0.0
41;2021-05-10;1584;1595;0;100919;46246;0;30.8;14.1;0.0
41;2021-05-11;1999;2057;0;102918;48303;0;31.4;14.7;0.0
41;2021-05-12;1954;1687;0;104872;49990;0;32.0;15.2;0.0
41;2021-05-13;1284;896;0;106156;50886;0;32.4;15.5;0.0
41;2021-05-14;1571;1348;0;107727;52234;0;32.9;15.9;0.0
41;2021-05-15;381;354;0;108108;52588;0;33.0;16.0;0.0
41;2021-05-16;41;13;0;108149;52601;0;33.0;16.0;0.0
41;2021-05-17;2363;618;0;110512;53219;0;33.7;16.2;0.0
41;2021-05-18;3027;1005;0;113539;54224;0;34.6;16.5;0.0
41;2021-05-19;2535;724;0;116074;54948;0;35.4;16.8;0.0
41;2021-05-20;3131;1108;0;119205;56056;0;36.4;17.1;0.0
41;2021-05-21;2560;1015;0;121765;57071;0;37.1;17.4;0.0
41;2021-05-22;528;259;0;122293;57330;0;37.3;17.5;0.0
41;2021-05-23;40;10;0;122333;57340;0;37.3;17.5;0.0
41;2021-05-24;2199;130;0;124532;57470;0;38.0;17.5;0.0
41;2021-05-25;2781;637;0;127313;58107;0;38.8;17.7;0.0
41;2021-05-26;2826;751;0;130139;58858;0;39.7;18.0;0.0
41;2021-05-27;3053;1168;0;133192;60026;0;40.6;18.3;0.0
41;2021-05-28;2978;1113;0;136170;61139;0;41.5;18.6;0.0
41;2021-05-29;2046;480;0;138216;61619;0;42.2;18.8;0.0
41;2021-05-30;316;41;0;138532;61660;0;42.3;18.8;0.0
41;2021-05-31;1839;1572;0;140371;63232;0;42.8;19.3;0.0
41;2021-06-01;2327;1932;0;142698;65164;0;43.5;19.9;0.0
41;2021-06-02;1979;1330;0;144677;66494;0;44.1;20.3;0.0
41;2021-06-03;2639;1893;0;147316;68387;0;44.9;20.9;0.0
41;2021-06-04;2326;1964;0;149642;70351;0;45.6;21.5;0.0
41;2021-06-05;888;1401;0;150530;71752;0;45.9;21.9;0.0
41;2021-06-06;135;742;0;150665;72494;0;46.0;22.1;0.0
41;2021-06-07;1665;1640;0;152330;74134;0;46.5;22.6;0.0
41;2021-06-08;1889;2324;0;154219;76458;0;47.0;23.3;0.0
41;2021-06-09;1817;1656;0;156036;78114;0;47.6;23.8;0.0
41;2021-06-10;2144;1814;0;158180;79928;0;48.2;24.4;0.0
41;2021-06-11;1738;1835;0;159918;81763;0;48.8;24.9;0.0
41;2021-06-12;912;739;0;160830;82502;0;49.1;25.2;0.0
41;2021-06-13;60;84;0;160890;82586;0;49.1;25.2;0.0
41;2021-06-14;1466;1989;0;162356;84575;0;49.5;25.8;0.0
41;2021-06-15;1989;2679;0;164345;87254;0;50.1;26.6;0.0
41;2021-06-16;1918;2332;0;166263;89586;0;50.7;27.3;0.0
41;2021-06-17;2009;2469;0;168272;92055;0;51.3;28.1;0.0
41;2021-06-18;1802;2362;0;170074;94417;0;51.9;28.8;0.0
41;2021-06-19;667;612;0;170741;95029;0;52.1;29.0;0.0
41;2021-06-20;34;49;0;170775;95078;0;52.1;29.0;0.0
41;2021-06-21;1436;1830;0;172211;96908;0;52.5;29.6;0.0
41;2021-06-22;1705;2473;0;173916;99381;0;53.0;30.3;0.0
41;2021-06-23;1520;2059;0;175436;101440;0;53.5;30.9;0.0
41;2021-06-24;1494;2164;0;176930;103604;0;54.0;31.6;0.0
41;2021-06-25;1343;2604;0;178273;106208;0;54.4;32.4;0.0
41;2021-06-26;614;780;0;178887;106988;0;54.6;32.6;0.0
41;2021-06-27;13;50;0;178900;107038;0;54.6;32.6;0.0
41;2021-06-28;569;2714;0;179469;109752;0;54.7;33.5;0.0
41;2021-06-29;824;3367;0;180293;113119;0;55.0;34.5;0.0
41;2021-06-30;732;3073;0;181025;116192;0;55.2;35.4;0.0
41;2021-07-01;879;3016;0;181904;119208;0;55.5;36.4;0.0
41;2021-07-02;792;3381;0;182696;122589;0;55.7;37.4;0.0
41;2021-07-03;405;851;0;183101;123440;0;55.9;37.7;0.0
41;2021-07-04;14;36;0;183115;123476;0;55.9;37.7;0.0
41;2021-07-05;541;2821;0;183656;126297;0;56.0;38.5;0.0
41;2021-07-06;827;3473;0;184483;129770;0;56.3;39.6;0.0
41;2021-07-07;742;3154;0;185225;132924;0;56.5;40.5;0.0
41;2021-07-08;1126;3372;0;186351;136296;0;56.8;41.6;0.0
41;2021-07-09;761;3626;0;187112;139922;0;57.1;42.7;0.0
41;2021-07-10;436;2180;0;187548;142102;0;57.2;43.3;0.0
41;2021-07-11;18;287;0;187566;142389;0;57.2;43.4;0.0
41;2021-07-12;992;2585;0;188558;144974;0;57.5;44.2;0.0
41;2021-07-13;1370;3477;0;189928;148451;0;57.9;45.3;0.0
41;2021-07-14;247;1057;0;190175;149508;0;58.0;45.6;0.0
41;2021-07-15;1541;3477;0;191716;152985;0;58.5;46.7;0.0
41;2021-07-16;1330;3491;0;193046;156476;0;58.9;47.7;0.0
41;2021-07-17;602;1106;0;193648;157582;0;59.1;48.1;0.0
41;2021-07-18;55;67;0;193703;157649;0;59.1;48.1;0.0
41;2021-07-19;1366;2532;0;195069;160181;0;59.5;48.9;0.0
41;2021-07-20;1826;2929;0;196895;163110;0;60.1;49.8;0.0
41;2021-07-21;2012;2453;0;198907;165563;0;60.7;50.5;0.0
41;2021-07-22;2496;2590;0;201403;168153;0;61.4;51.3;0.0
41;2021-07-23;2308;2720;0;203711;170873;0;62.1;52.1;0.0
41;2021-07-24;538;1227;0;204249;172100;0;62.3;52.5;0.0
41;2021-07-25;58;50;0;204307;172150;0;62.3;52.5;0.0
41;2021-07-26;1947;2016;0;206254;174166;0;62.9;53.1;0.0
41;2021-07-27;2709;2499;0;208963;176665;0;63.7;53.9;0.0
41;2021-07-28;2445;2068;0;211408;178733;0;64.5;54.5;0.0
41;2021-07-29;2558;2268;0;213966;181001;0;65.3;55.2;0.0
41;2021-07-30;2316;2310;0;216282;183311;0;66.0;55.9;0.0
41;2021-07-31;678;815;0;216960;184126;0;66.2;56.2;0.0
41;2021-08-01;56;30;0;217016;184156;0;66.2;56.2;0.0
41;2021-08-02;1662;1843;0;218678;185999;0;66.7;56.7;0.0
41;2021-08-03;2607;2013;0;221285;188012;0;67.5;57.3;0.0
41;2021-08-04;2537;1404;0;223822;189416;0;68.3;57.8;0.0
41;2021-08-05;2893;1380;0;226715;190796;0;69.2;58.2;0.0
41;2021-08-06;2217;1361;0;228932;192157;0;69.8;58.6;0.0
41;2021-08-07;640;441;0;229572;192598;0;70.0;58.7;0.0
41;2021-08-08;46;39;0;229618;192637;0;70.0;58.8;0.0
41;2021-08-09;1689;1362;0;231307;193999;0;70.6;59.2;0.0
41;2021-08-10;2388;1488;0;233695;195487;0;71.3;59.6;0.0
41;2021-08-11;1554;1539;0;235249;197026;0;71.8;60.1;0.0
41;2021-08-12;1858;1460;0;237107;198486;0;72.3;60.5;0.0
41;2021-08-13;1429;1712;0;238536;200198;0;72.8;61.1;0.0
41;2021-08-14;410;344;0;238946;200542;0;72.9;61.2;0.0
41;2021-08-15;13;28;0;238959;200570;0;72.9;61.2;0.0
41;2021-08-16;889;2058;0;239848;202628;0;73.2;61.8;0.0
41;2021-08-17;1446;1819;0;241294;204447;0;73.6;62.4;0.0
41;2021-08-18;1170;2106;0;242464;206553;0;74.0;63.0;0.0
41;2021-08-19;1209;1735;0;243673;208288;0;74.3;63.5;0.0
41;2021-08-20;945;2383;0;244618;210671;0;74.6;64.3;0.0
41;2021-08-21;233;410;0;244851;211081;0;74.7;64.4;0.0
41;2021-08-22;7;54;0;244858;211135;0;74.7;64.4;0.0
41;2021-08-23;696;2288;0;245554;213423;0;74.9;65.1;0.0
41;2021-08-24;1223;2247;0;246777;215670;0;75.3;65.8;0.0
41;2021-08-25;643;2285;0;247420;217955;0;75.5;66.5;0.0
41;2021-08-26;774;2625;0;248194;220580;0;75.7;67.3;0.0
41;2021-08-27;619;2757;0;248813;223337;0;75.9;68.1;0.0
41;2021-08-28;141;773;0;248954;224110;0;75.9;68.4;0.0
41;2021-08-29;43;44;0;248997;224154;0;76.0;68.4;0.0
41;2021-08-30;713;2192;8;249710;226346;8;76.2;69.0;0.0
41;2021-08-31;708;2458;45;250418;228804;53;76.4;69.8;0.0
41;2021-09-01;571;1861;118;250989;230665;171;76.6;70.4;0.1
41;2021-09-02;514;1924;120;251503;232589;291;76.7;70.9;0.1
41;2021-09-03;630;2056;125;252133;234645;416;76.9;71.6;0.1
41;2021-09-04;232;729;39;252365;235374;455;77.0;71.8;0.1
41;2021-09-05;7;23;7;252372;235397;462;77.0;71.8;0.1
41;2021-09-06;318;1032;145;252690;236429;607;77.1;72.1;0.2
41;2021-09-07;389;1130;174;253079;237559;781;77.2;72.5;0.2
41;2021-09-08;376;1281;116;253455;238840;897;77.3;72.9;0.3
41;2021-09-09;302;1102;143;253757;239942;1040;77.4;73.2;0.3
41;2021-09-10;435;1250;191;254192;241192;1231;77.5;73.6;0.4
41;2021-09-11;155;528;30;254347;241720;1261;77.6;73.7;0.4
41;2021-09-12;5;8;1;254352;241728;1262;77.6;73.7;0.4
41;2021-09-13;236;637;247;254588;242365;1509;77.7;73.9;0.5
41;2021-09-14;333;734;255;254921;243099;1764;77.8;74.2;0.5
41;2021-09-15;298;1129;244;255219;244228;2008;77.8;74.5;0.6
41;2021-09-16;241;800;238;255460;245028;2246;77.9;74.7;0.7
41;2021-09-17;379;738;282;255839;245766;2528;78.0;75.0;0.8
41;2021-09-18;129;262;21;255968;246028;2549;78.1;75.0;0.8
41;2021-09-19;3;19;0;255971;246047;2549;78.1;75.1;0.8
41;2021-09-20;189;562;262;256160;246609;2811;78.1;75.2;0.9
41;2021-09-21;180;487;288;256340;247096;3099;78.2;75.4;0.9
41;2021-09-22;278;876;347;256618;247972;3446;78.3;75.6;1.1
41;2021-09-23;223;612;587;256841;248584;4033;78.3;75.8;1.2
41;2021-09-24;315;648;469;257156;249232;4502;78.4;76.0;1.4
41;2021-09-25;104;322;83;257260;249554;4585;78.5;76.1;1.4
41;2021-09-26;0;9;6;257260;249563;4591;78.5;76.1;1.4
41;2021-09-27;162;380;293;257422;249943;4884;78.5;76.2;1.5
41;2021-09-28;163;395;400;257585;250338;5284;78.6;76.4;1.6
41;2021-09-29;176;530;280;257761;250868;5564;78.6;76.5;1.7
41;2021-09-30;117;326;482;257878;251194;6046;78.7;76.6;1.8
41;2021-10-01;235;406;381;258113;251600;6427;78.7;76.7;2.0
41;2021-10-02;100;196;65;258213;251796;6492;78.8;76.8;2.0
41;2021-10-03;4;5;1;258217;251801;6493;78.8;76.8;2.0
41;2021-10-04;119;259;395;258336;252060;6888;78.8;76.9;2.1
41;2021-10-05;123;262;548;258459;252322;7436;78.8;77.0;2.3
41;2021-10-06;238;433;524;258697;252755;7960;78.9;77.1;2.4
41;2021-10-07;119;178;539;258816;252933;8499;78.9;77.2;2.6
41;2021-10-08;201;475;636;259017;253408;9135;79.0;77.3;2.8
41;2021-10-09;80;219;135;259097;253627;9270;79.0;77.4;2.8
41;2021-10-10;4;13;3;259101;253640;9273;79.0;77.4;2.8
41;2021-10-11;126;218;461;259227;253858;9734;79.1;77.4;3.0
41;2021-10-12;73;169;405;259300;254027;10139;79.1;77.5;3.1
41;2021-10-13;188;315;522;259488;254342;10661;79.2;77.6;3.3
41;2021-10-14;78;133;435;259566;254475;11096;79.2;77.6;3.4
41;2021-10-15;177;458;675;259743;254933;11771;79.2;77.8;3.6
41;2021-10-16;54;115;107;259797;255048;11878;79.2;77.8;3.6
41;2021-10-17;1;3;2;259798;255051;11880;79.2;77.8;3.6
41;2021-10-18;140;221;503;259938;255272;12383;79.3;77.9;3.8
41;2021-10-19;76;146;441;260014;255418;12824;79.3;77.9;3.9
41;2021-10-20;166;269;674;260180;255687;13498;79.4;78.0;4.1
41;2021-10-21;62;72;340;260242;255759;13838;79.4;78.0;4.2
41;2021-10-22;126;315;683;260368;256074;14521;79.4;78.1;4.4
41;2021-10-23;52;69;149;260420;256143;14670;79.4;78.1;4.5
41;2021-10-24;2;5;1;260422;256148;14671;79.4;78.1;4.5
41;2021-10-25;137;157;622;260559;256305;15293;79.5;78.2;4.7
41;2021-10-26;72;88;430;260631;256393;15723;79.5;78.2;4.8
41;2021-10-27;170;235;825;260801;256628;16548;79.6;78.3;5.0
41;2021-10-28;58;137;291;260859;256765;16839;79.6;78.3;5.1
41;2021-10-29;149;232;900;261008;256997;17739;79.6;78.4;5.4
41;2021-10-30;35;55;142;261043;257052;17881;79.6;78.4;5.5
41;2021-10-31;2;7;0;261045;257059;17881;79.6;78.4;5.5
41;2021-11-01;9;10;10;261054;257069;17891;79.6;78.4;5.5
41;2021-11-02;45;81;268;261099;257150;18159;79.6;78.4;5.5
41;2021-11-03;116;179;586;261215;257329;18745;79.7;78.5;5.7
41;2021-11-04;55;79;435;261270;257408;19180;79.7;78.5;5.9
41;2021-11-05;127;204;1227;261397;257612;20407;79.7;78.6;6.2
41;2021-11-06;60;75;317;261457;257687;20724;79.8;78.6;6.3
41;2021-11-07;0;7;8;261457;257694;20732;79.8;78.6;6.3
41;2021-11-08;60;160;1142;261517;257854;21874;79.8;78.7;6.7
41;2021-11-09;76;79;801;261593;257933;22675;79.8;78.7;6.9
41;2021-11-10;102;137;1010;261695;258070;23685;79.8;78.7;7.2
41;2021-11-11;2;11;15;261697;258081;23700;79.8;78.7;7.2
41;2021-11-12;98;122;927;261795;258203;24627;79.9;78.8;7.5
41;2021-11-13;57;84;287;261852;258287;24914;79.9;78.8;7.6
41;2021-11-14;4;6;5;261856;258293;24919;79.9;78.8;7.6
41;2021-11-15;81;85;978;261937;258378;25897;79.9;78.8;7.9
41;2021-11-16;74;70;1175;262011;258448;27072;79.9;78.8;8.3
41;2021-11-17;117;158;1106;262128;258606;28178;80.0;78.9;8.6
41;2021-11-18;100;114;1135;262228;258720;29313;80.0;78.9;8.9
41;2021-11-19;124;125;1527;262352;258845;30840;80.0;79.0;9.4
41;2021-11-20;80;83;498;262432;258928;31338;80.1;79.0;9.6
41;2021-11-21;2;2;28;262434;258930;31366;80.1;79.0;9.6
41;2021-11-22;69;64;1321;262503;258994;32687;80.1;79.0;10.0
41;2021-11-23;81;68;1188;262584;259062;33875;80.1;79.0;10.3
41;2021-11-24;117;112;1478;262701;259174;35353;80.1;79.1;10.8
41;2021-11-25;86;73;1409;262787;259247;36762;80.2;79.1;11.2
41;2021-11-26;139;137;2506;262926;259384;39268;80.2;79.1;12.0
41;2021-11-27;82;80;818;263008;259464;40086;80.2;79.1;12.2
41;2021-11-28;2;5;30;263010;259469;40116;80.2;79.1;12.2
41;2021-11-29;77;65;2347;263087;259534;42463;80.2;79.2;13.0
41;2021-11-30;65;86;1859;263152;259620;44322;80.3;79.2;13.5
41;2021-12-01;88;115;3252;263240;259735;47574;80.3;79.2;14.5
41;2021-12-02;93;75;2902;263333;259810;50476;80.3;79.3;15.4
41;2021-12-03;90;110;3517;263423;259920;53993;80.4;79.3;16.5
41;2021-12-04;57;81;1282;263480;260001;55275;80.4;79.3;16.9
41;2021-12-05;12;8;223;263492;260009;55498;80.4;79.3;16.9
41;2021-12-06;50;61;3564;263542;260070;59062;80.4;79.3;18.0
41;2021-12-07;102;120;4448;263644;260190;63510;80.4;79.4;19.4
41;2021-12-08;95;118;3932;263739;260308;67442;80.4;79.4;20.6
41;2021-12-09;106;107;4248;263845;260415;71690;80.5;79.4;21.9
41;2021-12-10;103;142;4447;263948;260557;76137;80.5;79.5;23.2
41;2021-12-11;54;62;1683;264002;260619;77820;80.5;79.5;23.7
41;2021-12-12;8;7;277;264010;260626;78097;80.5;79.5;23.8
41;2021-12-13;52;86;3677;264062;260712;81774;80.5;79.5;24.9
41;2021-12-14;94;114;5346;264156;260826;87120;80.6;79.6;26.6
41;2021-12-15;100;114;4472;264256;260940;91592;80.6;79.6;27.9
41;2021-12-16;123;131;5051;264379;261071;96643;80.6;79.6;29.5
41;2021-12-17;146;190;5457;264525;261261;102100;80.7;79.7;31.1
41;2021-12-18;108;88;3174;264633;261349;105274;80.7;79.7;32.1
41;2021-12-19;8;8;559;264641;261357;105833;80.7;79.7;32.3
41;2021-12-20;88;102;3427;264729;261459;109260;80.8;79.8;33.3
41;2021-12-21;163;120;4218;264892;261579;113478;80.8;79.8;34.6
41;2021-12-22;155;122;3740;265047;261701;117218;80.8;79.8;35.8
41;2021-12-23;117;63;2345;265164;261764;119563;80.9;79.8;36.5
41;2021-12-24;22;34;652;265186;261798;120215;80.9;79.9;36.7
41;2021-12-25;1;1;33;265187;261799;120248;80.9;79.9;36.7
41;2021-12-26;16;8;124;265203;261807;120372;80.9;79.9;36.7
41;2021-12-27;111;61;2689;265314;261868;123061;80.9;79.9;37.5
41;2021-12-28;117;94;3252;265431;261962;126313;81.0;79.9;38.5
42;2020-12-27;0;0;0;0;0;0;0.0;0.0;0.0
42;2020-12-28;3;0;0;3;0;0;0.0;0.0;0.0
42;2020-12-29;1;0;0;4;0;0;0.0;0.0;0.0
42;2020-12-30;0;0;0;4;0;0;0.0;0.0;0.0
42;2020-12-31;0;0;0;4;0;0;0.0;0.0;0.0
42;2021-01-01;0;0;0;4;0;0;0.0;0.0;0.0
42;2021-01-02;0;0;0;4;0;0;0.0;0.0;0.0
42;2021-01-03;0;0;0;4;0;0;0.0;0.0;0.0
42;2021-01-04;2;0;0;6;0;0;0.0;0.0;0.0
42;2021-01-05;3;0;0;9;0;0;0.0;0.0;0.0
42;2021-01-06;169;1;0;178;1;0;0.0;0.0;0.0
42;2021-01-07;252;0;0;430;1;0;0.1;0.0;0.0
42;2021-01-08;260;4;0;690;5;0;0.1;0.0;0.0
42;2021-01-09;130;1;0;820;6;0;0.1;0.0;0.0
42;2021-01-10;0;0;0;820;6;0;0.1;0.0;0.0
42;2021-01-11;282;2;0;1102;8;0;0.1;0.0;0.0
42;2021-01-12;403;1;0;1505;9;0;0.2;0.0;0.0
42;2021-01-13;501;2;0;2006;11;0;0.3;0.0;0.0
42;2021-01-14;755;5;0;2761;16;0;0.4;0.0;0.0
42;2021-01-15;692;3;0;3453;19;0;0.5;0.0;0.0
42;2021-01-16;281;2;0;3734;21;0;0.5;0.0;0.0
42;2021-01-17;211;0;0;3945;21;0;0.5;0.0;0.0
42;2021-01-18;952;0;0;4897;21;0;0.6;0.0;0.0
42;2021-01-19;1262;10;0;6159;31;0;0.8;0.0;0.0
42;2021-01-20;938;4;0;7097;35;0;0.9;0.0;0.0
42;2021-01-21;992;3;0;8089;38;0;1.1;0.0;0.0
42;2021-01-22;962;6;0;9051;44;0;1.2;0.0;0.0
42;2021-01-23;400;0;0;9451;44;0;1.2;0.0;0.0
42;2021-01-24;346;0;0;9797;44;0;1.3;0.0;0.0
42;2021-01-25;1090;11;0;10887;55;0;1.4;0.0;0.0
42;2021-01-26;1666;18;0;12553;73;0;1.6;0.0;0.0
42;2021-01-27;1410;118;0;13963;191;0;1.8;0.0;0.0
42;2021-01-28;1615;138;0;15578;329;0;2.0;0.0;0.0
42;2021-01-29;929;107;0;16507;436;0;2.2;0.1;0.0
42;2021-01-30;259;109;0;16766;545;0;2.2;0.1;0.0
42;2021-01-31;247;2;0;17013;547;0;2.2;0.1;0.0
42;2021-02-01;709;65;0;17722;612;0;2.3;0.1;0.0
42;2021-02-02;1809;307;0;19531;919;0;2.6;0.1;0.0
42;2021-02-03;1456;470;0;20987;1389;0;2.7;0.2;0.0
42;2021-02-04;1240;595;0;22227;1984;0;2.9;0.3;0.0
42;2021-02-05;694;492;0;22921;2476;0;3.0;0.3;0.0
42;2021-02-06;304;133;0;23225;2609;0;3.0;0.3;0.0
42;2021-02-07;251;143;0;23476;2752;0;3.1;0.4;0.0
42;2021-02-08;512;591;0;23988;3343;0;3.1;0.4;0.0
42;2021-02-09;710;792;0;24698;4135;0;3.2;0.5;0.0
42;2021-02-10;739;683;0;25437;4818;0;3.3;0.6;0.0
42;2021-02-11;754;714;0;26191;5532;0;3.4;0.7;0.0
42;2021-02-12;680;744;0;26871;6276;0;3.5;0.8;0.0
42;2021-02-13;311;258;0;27182;6534;0;3.6;0.9;0.0
42;2021-02-14;178;207;0;27360;6741;0;3.6;0.9;0.0
42;2021-02-15;516;793;0;27876;7534;0;3.6;1.0;0.0
42;2021-02-16;494;1152;0;28370;8686;0;3.7;1.1;0.0
42;2021-02-17;535;1473;0;28905;10159;0;3.8;1.3;0.0
42;2021-02-18;750;1331;0;29655;11490;0;3.9;1.5;0.0
42;2021-02-19;751;952;0;30406;12442;0;4.0;1.6;0.0
42;2021-02-20;228;411;0;30634;12853;0;4.0;1.7;0.0
42;2021-02-21;61;318;0;30695;13171;0;4.0;1.7;0.0
42;2021-02-22;535;906;0;31230;14077;0;4.1;1.8;0.0
42;2021-02-23;1159;1395;0;32389;15472;0;4.2;2.0;0.0
42;2021-02-24;1200;1210;0;33589;16682;0;4.4;2.2;0.0
42;2021-02-25;1583;1337;0;35172;18019;0;4.6;2.4;0.0
42;2021-02-26;1576;940;0;36748;18959;0;4.8;2.5;0.0
42;2021-02-27;520;270;0;37268;19229;0;4.9;2.5;0.0
42;2021-02-28;159;120;0;37427;19349;0;4.9;2.5;0.0
42;2021-03-01;785;808;0;38212;20157;0;5.0;2.6;0.0
42;2021-03-02;1254;815;0;39466;20972;0;5.2;2.7;0.0
42;2021-03-03;1396;822;0;40862;21794;0;5.3;2.8;0.0
42;2021-03-04;1686;742;0;42548;22536;0;5.6;2.9;0.0
42;2021-03-05;2498;672;0;45046;23208;0;5.9;3.0;0.0
42;2021-03-06;1810;282;0;46856;23490;0;6.1;3.1;0.0
42;2021-03-07;1358;95;0;48214;23585;0;6.3;3.1;0.0
42;2021-03-08;1350;530;0;49564;24115;0;6.5;3.2;0.0
42;2021-03-09;1965;481;0;51529;24596;0;6.7;3.2;0.0
42;2021-03-10;2073;542;0;53602;25138;0;7.0;3.3;0.0
42;2021-03-11;2977;647;0;56579;25785;0;7.4;3.4;0.0
42;2021-03-12;3005;833;0;59584;26618;0;7.8;3.5;0.0
42;2021-03-13;1493;350;0;61077;26968;0;8.0;3.5;0.0
42;2021-03-14;454;170;0;61531;27138;0;8.0;3.5;0.0
42;2021-03-15;1593;587;0;63124;27725;0;8.3;3.6;0.0
42;2021-03-16;1459;778;0;64583;28503;0;8.4;3.7;0.0
42;2021-03-17;1684;1021;0;66267;29524;0;8.7;3.9;0.0
42;2021-03-18;1790;981;0;68057;30505;0;8.9;4.0;0.0
42;2021-03-19;2548;690;0;70605;31195;0;9.2;4.1;0.0
42;2021-03-20;1581;230;0;72186;31425;0;9.4;4.1;0.0
42;2021-03-21;496;99;0;72682;31524;0;9.5;4.1;0.0
42;2021-03-22;1457;743;0;74139;32267;0;9.7;4.2;0.0
42;2021-03-23;2488;869;0;76627;33136;0;10.0;4.3;0.0
42;2021-03-24;2757;797;0;79384;33933;0;10.4;4.4;0.0
42;2021-03-25;3733;939;0;83117;34872;0;10.9;4.6;0.0
42;2021-03-26;3775;791;0;86892;35663;0;11.4;4.7;0.0
42;2021-03-27;1819;430;0;88711;36093;0;11.6;4.7;0.0
42;2021-03-28;998;204;0;89709;36297;0;11.7;4.7;0.0
42;2021-03-29;2094;921;0;91803;37218;0;12.0;4.9;0.0
42;2021-03-30;3188;870;0;94991;38088;0;12.4;5.0;0.0
42;2021-03-31;2497;1099;0;97488;39187;0;12.7;5.1;0.0
42;2021-04-01;3387;1050;0;100875;40237;0;13.2;5.3;0.0
42;2021-04-02;2862;1196;0;103737;41433;0;13.6;5.4;0.0
42;2021-04-03;1369;586;0;105106;42019;0;13.7;5.5;0.0
42;2021-04-04;1341;366;0;106447;42385;0;13.9;5.5;0.0
42;2021-04-05;1847;286;0;108294;42671;0;14.2;5.6;0.0
42;2021-04-06;2236;1416;0;110530;44087;0;14.5;5.8;0.0
42;2021-04-07;2693;1834;0;113223;45921;0;14.8;6.0;0.0
42;2021-04-08;3990;1585;0;117213;47506;0;15.3;6.2;0.0
42;2021-04-09;5047;1528;0;122260;49034;0;16.0;6.4;0.0
42;2021-04-10;2566;762;0;124826;49796;0;16.3;6.5;0.0
42;2021-04-11;1844;412;0;126670;50208;0;16.6;6.6;0.0
42;2021-04-12;3571;1547;0;130241;51755;0;17.0;6.8;0.0
42;2021-04-13;4427;1799;0;134668;53554;0;17.6;7.0;0.0
42;2021-04-14;4099;1881;0;138767;55435;0;18.1;7.2;0.0
42;2021-04-15;4616;1824;0;143383;57259;0;18.7;7.5;0.0
42;2021-04-16;4370;1875;0;147753;59134;0;19.3;7.7;0.0
42;2021-04-17;2778;1024;0;150531;60158;0;19.7;7.9;0.0
42;2021-04-18;1619;395;0;152150;60553;0;19.9;7.9;0.0
42;2021-04-19;2830;1521;0;154980;62074;0;20.3;8.1;0.0
42;2021-04-20;3285;1945;0;158265;64019;0;20.7;8.4;0.0
42;2021-04-21;3281;1778;0;161546;65797;0;21.1;8.6;0.0
42;2021-04-22;3521;1933;0;165067;67730;0;21.6;8.9;0.0
42;2021-04-23;3545;2027;0;168612;69757;0;22.0;9.1;0.0
42;2021-04-24;2123;1495;0;170735;71252;0;22.3;9.3;0.0
42;2021-04-25;1372;894;0;172107;72146;0;22.5;9.4;0.0
42;2021-04-26;2956;1735;0;175063;73881;0;22.9;9.7;0.0
42;2021-04-27;2994;2249;0;178057;76130;0;23.3;10.0;0.0
42;2021-04-28;3190;2590;0;181247;78720;0;23.7;10.3;0.0
42;2021-04-29;3599;2747;0;184846;81467;0;24.2;10.7;0.0
42;2021-04-30;3167;2996;0;188013;84463;0;24.6;11.0;0.0
42;2021-05-01;2587;1003;0;190600;85466;0;24.9;11.2;0.0
42;2021-05-02;1728;1219;0;192328;86685;0;25.1;11.3;0.0
42;2021-05-03;2726;2716;0;195054;89401;0;25.5;11.7;0.0
42;2021-05-04;3275;3080;0;198329;92481;0;25.9;12.1;0.0
42;2021-05-05;3179;3262;0;201508;95743;0;26.3;12.5;0.0
42;2021-05-06;3708;3669;0;205216;99412;0;26.8;13.0;0.0
42;2021-05-07;3509;3916;0;208725;103328;0;27.3;13.5;0.0
42;2021-05-08;2803;1006;0;211528;104334;0;27.7;13.6;0.0
42;2021-05-09;1437;2012;0;212965;106346;0;27.8;13.9;0.0
42;2021-05-10;3045;3681;0;216010;110027;0;28.2;14.4;0.0
42;2021-05-11;4966;3737;0;220976;113764;0;28.9;14.9;0.0
42;2021-05-12;4712;3420;0;225688;117184;0;29.5;15.3;0.0
42;2021-05-13;4911;1115;0;230599;118299;0;30.2;15.5;0.0
42;2021-05-14;4749;2769;0;235348;121068;0;30.8;15.8;0.0
42;2021-05-15;4273;1953;0;239621;123021;0;31.3;16.1;0.0
42;2021-05-16;2462;943;0;242083;123964;0;31.7;16.2;0.0
42;2021-05-17;5303;2705;0;247386;126669;0;32.3;16.6;0.0
42;2021-05-18;5607;2863;0;252993;129532;0;33.1;16.9;0.0
42;2021-05-19;5684;2614;0;258677;132146;0;33.8;17.3;0.0
42;2021-05-20;6080;2777;0;264757;134923;0;34.6;17.6;0.0
42;2021-05-21;5352;3070;0;270109;137993;0;35.3;18.0;0.0
42;2021-05-22;4322;1957;0;274431;139950;0;35.9;18.3;0.0
42;2021-05-23;2191;763;0;276622;140713;0;36.2;18.4;0.0
42;2021-05-24;3861;1225;0;280483;141938;0;36.7;18.6;0.0
42;2021-05-25;4333;3678;0;284816;145616;0;37.2;19.0;0.0
42;2021-05-26;4383;3198;0;289199;148814;0;37.8;19.5;0.0
42;2021-05-27;4649;3427;0;293848;152241;0;38.4;19.9;0.0
42;2021-05-28;4369;3948;0;298217;156189;0;39.0;20.4;0.0
42;2021-05-29;3325;2653;0;301542;158842;0;39.4;20.8;0.0
42;2021-05-30;1527;1067;0;303069;159909;0;39.6;20.9;0.0
42;2021-05-31;3654;3140;0;306723;163049;0;40.1;21.3;0.0
42;2021-06-01;4179;3387;0;310902;166436;0;40.7;21.8;0.0
42;2021-06-02;3916;2806;0;314818;169242;0;41.2;22.1;0.0
42;2021-06-03;4404;3634;0;319222;172876;0;41.7;22.6;0.0
42;2021-06-04;4349;3925;0;323571;176801;0;42.3;23.1;0.0
42;2021-06-05;2953;2153;0;326524;178954;0;42.7;23.4;0.0
42;2021-06-06;1206;1099;0;327730;180053;0;42.9;23.5;0.0
42;2021-06-07;3597;3061;0;331327;183114;0;43.3;23.9;0.0
42;2021-06-08;3202;3080;0;334529;186194;0;43.7;24.3;0.0
42;2021-06-09;2860;3004;0;337389;189198;0;44.1;24.7;0.0
42;2021-06-10;3106;2847;0;340495;192045;0;44.5;25.1;0.0
42;2021-06-11;3423;3845;0;343918;195890;0;45.0;25.6;0.0
42;2021-06-12;2507;2629;0;346425;198519;0;45.3;26.0;0.0
42;2021-06-13;885;1155;0;347310;199674;0;45.4;26.1;0.0
42;2021-06-14;2259;3829;0;349569;203503;0;45.7;26.6;0.0
42;2021-06-15;2690;3902;0;352259;207405;0;46.1;27.1;0.0
42;2021-06-16;2821;3376;0;355080;210781;0;46.4;27.6;0.0
42;2021-06-17;2530;3639;0;357610;214420;0;46.8;28.0;0.0
42;2021-06-18;3058;4865;0;360668;219285;0;47.2;28.7;0.0
42;2021-06-19;2504;3712;0;363172;222997;0;47.5;29.2;0.0
42;2021-06-20;809;1667;0;363981;224664;0;47.6;29.4;0.0
42;2021-06-21;1848;5687;0;365829;230351;0;47.8;30.1;0.0
42;2021-06-22;1813;5487;0;367642;235838;0;48.1;30.8;0.0
42;2021-06-23;1819;4953;0;369461;240791;0;48.3;31.5;0.0
42;2021-06-24;1802;4387;0;371263;245178;0;48.5;32.1;0.0
42;2021-06-25;1965;6396;0;373228;251574;0;48.8;32.9;0.0
42;2021-06-26;1298;5049;0;374526;256623;0;49.0;33.6;0.0
42;2021-06-27;689;2500;0;375215;259123;0;49.1;33.9;0.0
42;2021-06-28;1674;6297;0;376889;265420;0;49.3;34.7;0.0
42;2021-06-29;1474;5918;0;378363;271338;0;49.5;35.5;0.0
42;2021-06-30;1856;5170;0;380219;276508;0;49.7;36.2;0.0
42;2021-07-01;1883;4719;0;382102;281227;0;50.0;36.8;0.0
42;2021-07-02;2200;6089;0;384302;287316;0;50.3;37.6;0.0
42;2021-07-03;1582;4824;0;385884;292140;0;50.5;38.2;0.0
42;2021-07-04;811;2083;0;386695;294223;0;50.6;38.5;0.0
42;2021-07-05;1745;5574;0;388440;299797;0;50.8;39.2;0.0
42;2021-07-06;2026;5053;0;390466;304850;0;51.1;39.9;0.0
42;2021-07-07;2297;4271;0;392763;309121;0;51.4;40.4;0.0
42;2021-07-08;2247;3737;0;395010;312858;0;51.7;40.9;0.0
42;2021-07-09;2413;5603;0;397423;318461;0;52.0;41.6;0.0
42;2021-07-10;1544;4685;0;398967;323146;0;52.2;42.3;0.0
42;2021-07-11;875;1932;0;399842;325078;0;52.3;42.5;0.0
42;2021-07-12;1705;5647;0;401547;330725;0;52.5;43.2;0.0
42;2021-07-13;3381;5880;0;404928;336605;0;52.9;44.0;0.0
42;2021-07-14;3792;1826;0;408720;338431;0;53.4;44.3;0.0
42;2021-07-15;4347;5413;0;413067;343844;0;54.0;45.0;0.0
42;2021-07-16;4181;5835;0;417248;349679;0;54.6;45.7;0.0
42;2021-07-17;3000;4168;0;420248;353847;0;55.0;46.3;0.0
42;2021-07-18;1749;1658;0;421997;355505;0;55.2;46.5;0.0
42;2021-07-19;3432;4807;0;425429;360312;0;55.6;47.1;0.0
42;2021-07-20;4328;4678;0;429757;364990;0;56.2;47.7;0.0
42;2021-07-21;4674;4418;0;434431;369408;0;56.8;48.3;0.0
42;2021-07-22;5110;3864;0;439541;373272;0;57.5;48.8;0.0
42;2021-07-23;5022;4942;0;444563;378214;0;58.1;49.5;0.0
42;2021-07-24;3476;3533;0;448039;381747;0;58.6;49.9;0.0
42;2021-07-25;1443;1267;0;449482;383014;0;58.8;50.1;0.0
42;2021-07-26;4334;4102;0;453816;387116;0;59.3;50.6;0.0
42;2021-07-27;5038;3869;0;458854;390985;0;60.0;51.1;0.0
42;2021-07-28;5262;3536;0;464116;394521;0;60.7;51.6;0.0
42;2021-07-29;5293;3320;0;469409;397841;0;61.4;52.0;0.0
42;2021-07-30;4781;3692;0;474190;401533;0;62.0;52.5;0.0
42;2021-07-31;4144;2846;0;478334;404379;0;62.5;52.9;0.0
42;2021-08-01;2270;1211;0;480604;405590;0;62.8;53.0;0.0
42;2021-08-02;4141;2939;0;484745;408529;0;63.4;53.4;0.0
42;2021-08-03;3708;3150;0;488453;411679;0;63.9;53.8;0.0
42;2021-08-04;3446;3062;0;491899;414741;0;64.3;54.2;0.0
42;2021-08-05;3345;3172;0;495244;417913;0;64.8;54.6;0.0
42;2021-08-06;3602;3871;0;498846;421784;0;65.2;55.2;0.0
42;2021-08-07;2711;2776;0;501557;424560;0;65.6;55.5;0.0
42;2021-08-08;1086;1609;0;502643;426169;0;65.7;55.7;0.0
42;2021-08-09;2754;3712;0;505397;429881;0;66.1;56.2;0.0
42;2021-08-10;3049;3592;0;508446;433473;0;66.5;56.7;0.0
42;2021-08-11;2514;3348;0;510960;436821;0;66.8;57.1;0.0
42;2021-08-12;2402;3436;0;513362;440257;0;67.1;57.6;0.0
42;2021-08-13;2283;3694;0;515645;443951;0;67.4;58.1;0.0
42;2021-08-14;1519;2910;0;517164;446861;0;67.6;58.4;0.0
42;2021-08-15;577;943;0;517741;447804;0;67.7;58.6;0.0
42;2021-08-16;2006;4258;0;519747;452062;0;68.0;59.1;0.0
42;2021-08-17;2169;4078;0;521916;456140;0;68.2;59.6;0.0
42;2021-08-18;1912;4030;0;523828;460170;0;68.5;60.2;0.0
42;2021-08-19;1821;3305;0;525649;463475;0;68.7;60.6;0.0
42;2021-08-20;2115;4366;0;527764;467841;0;69.0;61.2;0.0
42;2021-08-21;1015;3427;0;528779;471268;0;69.1;61.6;0.0
42;2021-08-22;434;1770;0;529213;473038;0;69.2;61.9;0.0
42;2021-08-23;1527;4415;0;530740;477453;0;69.4;62.4;0.0
42;2021-08-24;1676;3942;0;532416;481395;0;69.6;62.9;0.0
42;2021-08-25;1656;3785;0;534072;485180;0;69.8;63.4;0.0
42;2021-08-26;1399;3106;0;535471;488286;0;70.0;63.9;0.0
42;2021-08-27;1689;4375;0;537160;492661;0;70.2;64.4;0.0
42;2021-08-28;1170;3280;0;538330;495941;0;70.4;64.9;0.0
42;2021-08-29;339;1332;0;538669;497273;0;70.4;65.0;0.0
42;2021-08-30;1242;3294;90;539911;500567;90;70.6;65.5;0.0
42;2021-08-31;1209;2691;145;541120;503258;235;70.8;65.8;0.0
42;2021-09-01;1359;2726;216;542479;505984;451;70.9;66.2;0.1
42;2021-09-02;1353;2592;331;543832;508576;782;71.1;66.5;0.1
42;2021-09-03;1526;2932;357;545358;511508;1139;71.3;66.9;0.1
42;2021-09-04;996;2560;182;546354;514068;1321;71.4;67.2;0.2
42;2021-09-05;329;701;136;546683;514769;1457;71.5;67.3;0.2
42;2021-09-06;770;1777;387;547453;516546;1844;71.6;67.5;0.2
42;2021-09-07;837;1640;382;548290;518186;2226;71.7;67.8;0.3
42;2021-09-08;860;1852;332;549150;520038;2558;71.8;68.0;0.3
42;2021-09-09;639;1431;349;549789;521469;2907;71.9;68.2;0.4
42;2021-09-10;916;1935;352;550705;523404;3259;72.0;68.4;0.4
42;2021-09-11;686;2145;117;551391;525549;3376;72.1;68.7;0.4
42;2021-09-12;143;447;36;551534;525996;3412;72.1;68.8;0.4
42;2021-09-13;561;1115;584;552095;527111;3996;72.2;68.9;0.5
42;2021-09-14;763;1284;775;552858;528395;4771;72.3;69.1;0.6
42;2021-09-15;720;1560;599;553578;529955;5370;72.4;69.3;0.7
42;2021-09-16;528;873;738;554106;530828;6108;72.5;69.4;0.8
42;2021-09-17;701;1588;668;554807;532416;6776;72.5;69.6;0.9
42;2021-09-18;544;1705;147;555351;534121;6923;72.6;69.8;0.9
42;2021-09-19;88;346;38;555439;534467;6961;72.6;69.9;0.9
42;2021-09-20;409;851;716;555848;535318;7677;72.7;70.0;1.0
42;2021-09-21;342;806;779;556190;536124;8456;72.7;70.1;1.1
42;2021-09-22;482;1357;773;556672;537481;9229;72.8;70.3;1.2
42;2021-09-23;379;815;743;557051;538296;9972;72.8;70.4;1.3
42;2021-09-24;472;1497;610;557523;539793;10582;72.9;70.6;1.4
42;2021-09-25;350;1169;208;557873;540962;10790;72.9;70.7;1.4
42;2021-09-26;58;260;17;557931;541222;10807;73.0;70.8;1.4
42;2021-09-27;297;795;666;558228;542017;11473;73.0;70.9;1.5
42;2021-09-28;371;720;729;558599;542737;12202;73.0;71.0;1.6
42;2021-09-29;395;954;587;558994;543691;12789;73.1;71.1;1.7
42;2021-09-30;330;638;544;559324;544329;13333;73.1;71.2;1.7
42;2021-10-01;542;991;688;559866;545320;14021;73.2;71.3;1.8
42;2021-10-02;371;753;187;560237;546073;14208;73.3;71.4;1.9
42;2021-10-03;81;158;14;560318;546231;14222;73.3;71.4;1.9
42;2021-10-04;273;527;881;560591;546758;15103;73.3;71.5;2.0
42;2021-10-05;290;524;629;560881;547282;15732;73.3;71.6;2.1
42;2021-10-06;438;843;902;561319;548125;16634;73.4;71.7;2.2
42;2021-10-07;304;555;767;561623;548680;17401;73.4;71.7;2.3
42;2021-10-08;441;844;770;562064;549524;18171;73.5;71.9;2.4
42;2021-10-09;364;634;393;562428;550158;18564;73.5;71.9;2.4
42;2021-10-10;69;106;91;562497;550264;18655;73.6;72.0;2.4
42;2021-10-11;254;455;846;562751;550719;19501;73.6;72.0;2.6
42;2021-10-12;230;428;660;562981;551147;20161;73.6;72.1;2.6
42;2021-10-13;443;644;976;563424;551791;21137;73.7;72.2;2.8
42;2021-10-14;300;400;892;563724;552191;22029;73.7;72.2;2.9
42;2021-10-15;413;584;1073;564137;552775;23102;73.8;72.3;3.0
42;2021-10-16;301;446;435;564438;553221;23537;73.8;72.3;3.1
42;2021-10-17;64;96;82;564502;553317;23619;73.8;72.4;3.1
42;2021-10-18;227;461;921;564729;553778;24540;73.8;72.4;3.2
42;2021-10-19;153;338;925;564882;554116;25465;73.9;72.5;3.3
42;2021-10-20;205;465;1100;565087;554581;26565;73.9;72.5;3.5
42;2021-10-21;139;327;874;565226;554908;27439;73.9;72.6;3.6
42;2021-10-22;177;416;1092;565403;555324;28531;73.9;72.6;3.7
42;2021-10-23;180;375;521;565583;555699;29052;74.0;72.7;3.8
42;2021-10-24;31;72;103;565614;555771;29155;74.0;72.7;3.8
42;2021-10-25;159;328;1028;565773;556099;30183;74.0;72.7;3.9
42;2021-10-26;118;239;949;565891;556338;31132;74.0;72.7;4.1
42;2021-10-27;201;433;1496;566092;556771;32628;74.0;72.8;4.3
42;2021-10-28;153;224;936;566245;556995;33564;74.0;72.8;4.4
42;2021-10-29;190;373;1536;566435;557368;35100;74.1;72.9;4.6
42;2021-10-30;107;323;572;566542;557691;35672;74.1;72.9;4.7
42;2021-10-31;30;91;123;566572;557782;35795;74.1;72.9;4.7
42;2021-11-01;35;29;37;566607;557811;35832;74.1;72.9;4.7
42;2021-11-02;142;271;1127;566749;558082;36959;74.1;73.0;4.8
42;2021-11-03;194;435;1874;566943;558517;38833;74.1;73.0;5.1
42;2021-11-04;118;231;1322;567061;558748;40155;74.2;73.1;5.3
42;2021-11-05;168;328;1893;567229;559076;42048;74.2;73.1;5.5
42;2021-11-06;140;271;553;567369;559347;42601;74.2;73.1;5.6
42;2021-11-07;27;68;142;567396;559415;42743;74.2;73.2;5.6
42;2021-11-08;90;224;1940;567486;559639;44683;74.2;73.2;5.8
42;2021-11-09;107;202;1968;567593;559841;46651;74.2;73.2;6.1
42;2021-11-10;216;257;2407;567809;560098;49058;74.2;73.2;6.4
42;2021-11-11;33;27;151;567842;560125;49209;74.3;73.2;6.4
42;2021-11-12;155;273;2486;567997;560398;51695;74.3;73.3;6.8
42;2021-11-13;142;175;1040;568139;560573;52735;74.3;73.3;6.9
42;2021-11-14;46;28;413;568185;560601;53148;74.3;73.3;6.9
42;2021-11-15;97;182;2490;568282;560783;55638;74.3;73.3;7.3
42;2021-11-16;80;140;2401;568362;560923;58039;74.3;73.3;7.6
42;2021-11-17;211;275;2762;568573;561198;60801;74.3;73.4;8.0
42;2021-11-18;126;172;2444;568699;561370;63245;74.4;73.4;8.3
42;2021-11-19;146;202;2710;568845;561572;65955;74.4;73.4;8.6
42;2021-11-20;242;248;1605;569087;561820;67560;74.4;73.5;8.8
42;2021-11-21;12;23;134;569099;561843;67694;74.4;73.5;8.9
42;2021-11-22;131;121;2879;569230;561964;70573;74.4;73.5;9.2
42;2021-11-23;104;131;2737;569334;562095;73310;74.4;73.5;9.6
42;2021-11-24;229;253;3305;569563;562348;76615;74.5;73.5;10.0
42;2021-11-25;124;133;3036;569687;562481;79651;74.5;73.6;10.4
42;2021-11-26;142;235;4080;569829;562716;83731;74.5;73.6;10.9
42;2021-11-27;181;213;2709;570010;562929;86440;74.5;73.6;11.3
42;2021-11-28;19;28;462;570029;562957;86902;74.5;73.6;11.4
42;2021-11-29;97;134;4699;570126;563091;91601;74.6;73.6;12.0
42;2021-11-30;105;141;4753;570231;563232;96354;74.6;73.7;12.6
42;2021-12-01;103;204;5510;570334;563436;101864;74.6;73.7;13.3
42;2021-12-02;90;119;6178;570424;563555;108042;74.6;73.7;14.1
42;2021-12-03;128;161;6860;570552;563716;114902;74.6;73.7;15.0
42;2021-12-04;99;209;3741;570651;563925;118643;74.6;73.7;15.5
42;2021-12-05;12;25;594;570663;563950;119237;74.6;73.7;15.6
42;2021-12-06;106;156;5678;570769;564106;124915;74.6;73.8;16.3
42;2021-12-07;99;125;6019;570868;564231;130934;74.6;73.8;17.1
42;2021-12-08;150;229;6772;571018;564460;137706;74.7;73.8;18.0
42;2021-12-09;118;164;7208;571136;564624;144914;74.7;73.8;18.9
42;2021-12-10;157;195;7644;571293;564819;152558;74.7;73.9;19.9
42;2021-12-11;83;215;5104;571376;565034;157662;74.7;73.9;20.6
42;2021-12-12;34;56;2496;571410;565090;160158;74.7;73.9;20.9
42;2021-12-13;140;188;7658;571550;565278;167816;74.7;73.9;21.9
42;2021-12-14;182;182;10276;571732;565460;178092;74.8;73.9;23.3
42;2021-12-15;163;247;9179;571895;565707;187271;74.8;74.0;24.5
42;2021-12-16;151;142;9613;572046;565849;196884;74.8;74.0;25.7
42;2021-12-17;188;189;10287;572234;566038;207171;74.8;74.0;27.1
42;2021-12-18;127;201;6215;572361;566239;213386;74.8;74.0;27.9
42;2021-12-19;35;35;2820;572396;566274;216206;74.8;74.0;28.3
42;2021-12-20;191;203;7723;572587;566477;223929;74.9;74.1;29.3
42;2021-12-21;183;169;7920;572770;566646;231849;74.9;74.1;30.3
42;2021-12-22;210;173;7303;572980;566819;239152;74.9;74.1;31.3
42;2021-12-23;171;131;4465;573151;566950;243617;74.9;74.1;31.9
42;2021-12-24;42;49;1236;573193;566999;244853;75.0;74.1;32.0
42;2021-12-25;1;6;53;573194;567005;244906;75.0;74.1;32.0
42;2021-12-26;26;31;1275;573220;567036;246181;75.0;74.1;32.2
42;2021-12-27;125;153;5266;573345;567189;251447;75.0;74.2;32.9
42;2021-12-28;200;156;5856;573545;567345;257303;75.0;74.2;33.6
43;2020-12-27;0;0;0;0;0;0;0.0;0.0;0.0
43;2020-12-28;0;0;0;0;0;0;0.0;0.0;0.0
43;2020-12-29;0;0;0;0;0;0;0.0;0.0;0.0
43;2020-12-30;0;0;0;0;0;0;0.0;0.0;0.0
43;2020-12-31;0;0;0;0;0;0;0.0;0.0;0.0
43;2021-01-01;3;0;0;3;0;0;0.0;0.0;0.0
43;2021-01-02;0;0;0;3;0;0;0.0;0.0;0.0
43;2021-01-03;0;0;0;3;0;0;0.0;0.0;0.0
43;2021-01-04;2;0;0;5;0;0;0.0;0.0;0.0
43;2021-01-05;0;0;0;5;0;0;0.0;0.0;0.0
43;2021-01-06;8;0;0;13;0;0;0.0;0.0;0.0
43;2021-01-07;163;0;0;176;0;0;0.1;0.0;0.0
43;2021-01-08;148;1;0;324;1;0;0.1;0.0;0.0
43;2021-01-09;6;0;0;330;1;0;0.1;0.0;0.0
43;2021-01-10;2;0;0;332;1;0;0.1;0.0;0.0
43;2021-01-11;144;0;0;476;1;0;0.2;0.0;0.0
43;2021-01-12;258;2;0;734;3;0;0.3;0.0;0.0
43;2021-01-13;259;2;0;993;5;0;0.4;0.0;0.0
43;2021-01-14;312;1;0;1305;6;0;0.6;0.0;0.0
43;2021-01-15;312;2;0;1617;8;0;0.7;0.0;0.0
43;2021-01-16;41;0;0;1658;8;0;0.7;0.0;0.0
43;2021-01-17;5;0;0;1663;8;0;0.7;0.0;0.0
43;2021-01-18;738;7;0;2401;15;0;1.1;0.0;0.0
43;2021-01-19;781;4;0;3182;19;0;1.4;0.0;0.0
43;2021-01-20;548;2;0;3730;21;0;1.6;0.0;0.0
43;2021-01-21;491;2;0;4221;23;0;1.9;0.0;0.0
43;2021-01-22;480;7;0;4701;30;0;2.1;0.0;0.0
43;2021-01-23;6;0;0;4707;30;0;2.1;0.0;0.0
43;2021-01-24;9;0;0;4716;30;0;2.1;0.0;0.0
43;2021-01-25;533;0;0;5249;30;0;2.3;0.0;0.0
43;2021-01-26;585;7;0;5834;37;0;2.6;0.0;0.0
43;2021-01-27;712;5;0;6546;42;0;2.9;0.0;0.0
43;2021-01-28;729;34;0;7275;76;0;3.2;0.0;0.0
43;2021-01-29;688;82;0;7963;158;0;3.5;0.1;0.0
43;2021-01-30;111;1;0;8074;159;0;3.6;0.1;0.0
43;2021-01-31;7;0;0;8081;159;0;3.6;0.1;0.0
43;2021-02-01;391;101;0;8472;260;0;3.7;0.1;0.0
43;2021-02-02;689;158;0;9161;418;0;4.0;0.2;0.0
43;2021-02-03;692;67;0;9853;485;0;4.3;0.2;0.0
43;2021-02-04;538;189;0;10391;674;0;4.6;0.3;0.0
43;2021-02-05;539;184;0;10930;858;0;4.8;0.4;0.0
43;2021-02-06;166;32;0;11096;890;0;4.9;0.4;0.0
43;2021-02-07;7;7;0;11103;897;0;4.9;0.4;0.0
43;2021-02-08;397;303;0;11500;1200;0;5.1;0.5;0.0
43;2021-02-09;346;442;0;11846;1642;0;5.2;0.7;0.0
43;2021-02-10;393;360;0;12239;2002;0;5.4;0.9;0.0
43;2021-02-11;364;374;0;12603;2376;0;5.6;1.0;0.0
43;2021-02-12;424;222;0;13027;2598;0;5.7;1.1;0.0
43;2021-02-13;640;62;0;13667;2660;0;6.0;1.2;0.0
43;2021-02-14;5;12;0;13672;2672;0;6.0;1.2;0.0
43;2021-02-15;62;474;0;13734;3146;0;6.1;1.4;0.0
43;2021-02-16;46;387;0;13780;3533;0;6.1;1.6;0.0
43;2021-02-17;84;497;0;13864;4030;0;6.1;1.8;0.0
43;2021-02-18;158;413;0;14022;4443;0;6.2;2.0;0.0
43;2021-02-19;273;489;0;14295;4932;0;6.3;2.2;0.0
43;2021-02-20;29;17;0;14324;4949;0;6.3;2.2;0.0
43;2021-02-21;0;7;0;14324;4956;0;6.3;2.2;0.0
43;2021-02-22;36;501;0;14360;5457;0;6.3;2.4;0.0
43;2021-02-23;226;755;0;14586;6212;0;6.4;2.7;0.0
43;2021-02-24;164;703;0;14750;6915;0;6.5;3.0;0.0
43;2021-02-25;267;701;0;15017;7616;0;6.6;3.4;0.0
43;2021-02-26;260;669;0;15277;8285;0;6.7;3.7;0.0
43;2021-02-27;144;77;0;15421;8362;0;6.8;3.7;0.0
43;2021-02-28;8;5;0;15429;8367;0;6.8;3.7;0.0
43;2021-03-01;230;471;0;15659;8838;0;6.9;3.9;0.0
43;2021-03-02;364;563;0;16023;9401;0;7.1;4.1;0.0
43;2021-03-03;344;559;0;16367;9960;0;7.2;4.4;0.0
43;2021-03-04;536;455;0;16903;10415;0;7.4;4.6;0.0
43;2021-03-05;596;465;0;17499;10880;0;7.7;4.8;0.0
43;2021-03-06;517;180;0;18016;11060;0;7.9;4.9;0.0
43;2021-03-07;59;2;0;18075;11062;0;8.0;4.9;0.0
43;2021-03-08;489;428;0;18564;11490;0;8.2;5.1;0.0
43;2021-03-09;638;347;0;19202;11837;0;8.5;5.2;0.0
43;2021-03-10;658;477;0;19860;12314;0;8.8;5.4;0.0
43;2021-03-11;928;435;0;20788;12749;0;9.2;5.6;0.0
43;2021-03-12;907;425;0;21695;13174;0;9.6;5.8;0.0
43;2021-03-13;698;126;0;22393;13300;0;9.9;5.9;0.0
43;2021-03-14;10;5;0;22403;13305;0;9.9;5.9;0.0
43;2021-03-15;704;147;0;23107;13452;0;10.2;5.9;0.0
43;2021-03-16;817;273;0;23924;13725;0;10.5;6.0;0.0
43;2021-03-17;634;158;0;24558;13883;0;10.8;6.1;0.0
43;2021-03-18;697;164;0;25255;14047;0;11.1;6.2;0.0
43;2021-03-19;849;131;0;26104;14178;0;11.5;6.2;0.0
43;2021-03-20;430;53;0;26534;14231;0;11.7;6.3;0.0
43;2021-03-21;8;1;0;26542;14232;0;11.7;6.3;0.0
43;2021-03-22;683;50;0;27225;14282;0;12.0;6.3;0.0
43;2021-03-23;869;53;0;28094;14335;0;12.4;6.3;0.0
43;2021-03-24;1169;115;0;29263;14450;0;12.9;6.4;0.0
43;2021-03-25;1519;174;0;30782;14624;0;13.6;6.4;0.0
43;2021-03-26;1568;208;0;32350;14832;0;14.3;6.5;0.0
43;2021-03-27;1274;85;0;33624;14917;0;14.8;6.6;0.0
43;2021-03-28;409;31;0;34033;14948;0;15.0;6.6;0.0
43;2021-03-29;1034;181;0;35067;15129;0;15.5;6.7;0.0
43;2021-03-30;1255;259;0;36322;15388;0;16.0;6.8;0.0
43;2021-03-31;1213;274;0;37535;15662;0;16.5;6.9;0.0
43;2021-04-01;1284;328;0;38819;15990;0;17.1;7.0;0.0
43;2021-04-02;1011;338;0;39830;16328;0;17.6;7.2;0.0
43;2021-04-03;315;190;0;40145;16518;0;17.7;7.3;0.0
43;2021-04-04;20;6;0;40165;16524;0;17.7;7.3;0.0
43;2021-04-05;46;6;0;40211;16530;0;17.7;7.3;0.0
43;2021-04-06;621;576;0;40832;17106;0;18.0;7.5;0.0
43;2021-04-07;812;562;0;41644;17668;0;18.4;7.8;0.0
43;2021-04-08;990;447;0;42634;18115;0;18.8;8.0;0.0
43;2021-04-09;1121;632;0;43755;18747;0;19.3;8.3;0.0
43;2021-04-10;585;224;0;44340;18971;0;19.5;8.4;0.0
43;2021-04-11;47;6;0;44387;18977;0;19.6;8.4;0.0
43;2021-04-12;706;623;0;45093;19600;0;19.9;8.6;0.0
43;2021-04-13;914;727;0;46007;20327;0;20.3;9.0;0.0
43;2021-04-14;835;665;0;46842;20992;0;20.6;9.3;0.0
43;2021-04-15;1016;702;0;47858;21694;0;21.1;9.6;0.0
43;2021-04-16;1000;708;0;48858;22402;0;21.5;9.9;0.0
43;2021-04-17;423;293;0;49281;22695;0;21.7;10.0;0.0
43;2021-04-18;91;11;0;49372;22706;0;21.8;10.0;0.0
43;2021-04-19;678;563;0;50050;23269;0;22.1;10.3;0.0
43;2021-04-20;822;653;0;50872;23922;0;22.4;10.5;0.0
43;2021-04-21;410;913;0;51282;24835;0;22.6;10.9;0.0
43;2021-04-22;705;964;0;51987;25799;0;22.9;11.4;0.0
43;2021-04-23;513;1057;0;52500;26856;0;23.1;11.8;0.0
43;2021-04-24;390;914;0;52890;27770;0;23.3;12.2;0.0
43;2021-04-25;111;404;0;53001;28174;0;23.4;12.4;0.0
43;2021-04-26;481;919;0;53482;29093;0;23.6;12.8;0.0
43;2021-04-27;872;965;0;54354;30058;0;24.0;13.2;0.0
43;2021-04-28;908;1066;0;55262;31124;0;24.4;13.7;0.0
43;2021-04-29;1222;1062;0;56484;32186;0;24.9;14.2;0.0
43;2021-04-30;1189;1044;0;57673;33230;0;25.4;14.6;0.0
43;2021-05-01;450;52;0;58123;33282;0;25.6;14.7;0.0
43;2021-05-02;85;40;0;58208;33322;0;25.7;14.7;0.0
43;2021-05-03;1279;403;0;59487;33725;0;26.2;14.9;0.0
43;2021-05-04;1276;865;0;60763;34590;0;26.8;15.2;0.0
43;2021-05-05;1210;817;0;61973;35407;0;27.3;15.6;0.0
43;2021-05-06;1443;937;0;63416;36344;0;27.9;16.0;0.0
43;2021-05-07;1122;1152;0;64538;37496;0;28.4;16.5;0.0
43;2021-05-08;573;156;0;65111;37652;0;28.7;16.6;0.0
43;2021-05-09;58;72;0;65169;37724;0;28.7;16.6;0.0
43;2021-05-10;1118;734;0;66287;38458;0;29.2;16.9;0.0
43;2021-05-11;1645;1008;0;67932;39466;0;29.9;17.4;0.0
43;2021-05-12;1544;853;0;69476;40319;0;30.6;17.8;0.0
43;2021-05-13;989;394;0;70465;40713;0;31.1;17.9;0.0
43;2021-05-14;2121;1087;0;72586;41800;0;32.0;18.4;0.0
43;2021-05-15;1175;310;0;73761;42110;0;32.5;18.6;0.0
43;2021-05-16;348;70;0;74109;42180;0;32.7;18.6;0.0
43;2021-05-17;1704;657;0;75813;42837;0;33.4;18.9;0.0
43;2021-05-18;1947;711;0;77760;43548;0;34.3;19.2;0.0
43;2021-05-19;2043;608;0;79803;44156;0;35.2;19.5;0.0
43;2021-05-20;2296;809;0;82099;44965;0;36.2;19.8;0.0
43;2021-05-21;2352;726;0;84451;45691;0;37.2;20.1;0.0
43;2021-05-22;1065;332;0;85516;46023;0;37.7;20.3;0.0
43;2021-05-23;78;31;0;85594;46054;0;37.7;20.3;0.0
43;2021-05-24;442;146;0;86036;46200;0;37.9;20.4;0.0
43;2021-05-25;1368;690;0;87404;46890;0;38.5;20.7;0.0
43;2021-05-26;1367;612;0;88771;47502;0;39.1;20.9;0.0
43;2021-05-27;1387;752;0;90158;48254;0;39.7;21.3;0.0
43;2021-05-28;1368;810;0;91526;49064;0;40.3;21.6;0.0
43;2021-05-29;1105;607;0;92631;49671;0;40.8;21.9;0.0
43;2021-05-30;193;67;0;92824;49738;0;40.9;21.9;0.0
43;2021-05-31;1203;521;0;94027;50259;0;41.4;22.2;0.0
43;2021-06-01;1261;1002;0;95288;51261;0;42.0;22.6;0.0
43;2021-06-02;1100;758;0;96388;52019;0;42.5;22.9;0.0
43;2021-06-03;1244;852;0;97632;52871;0;43.0;23.3;0.0
43;2021-06-04;1380;912;0;99012;53783;0;43.6;23.7;0.0
43;2021-06-05;729;487;0;99741;54270;0;44.0;23.9;0.0
43;2021-06-06;44;53;0;99785;54323;0;44.0;23.9;0.0
43;2021-06-07;826;625;0;100611;54948;0;44.3;24.2;0.0
43;2021-06-08;715;762;0;101326;55710;0;44.7;24.6;0.0
43;2021-06-09;638;824;0;101964;56534;0;44.9;24.9;0.0
43;2021-06-10;877;1106;0;102841;57640;0;45.3;25.4;0.0
43;2021-06-11;833;1362;0;103674;59002;0;45.7;26.0;0.0
43;2021-06-12;822;516;0;104496;59518;0;46.1;26.2;0.0
43;2021-06-13;32;83;0;104528;59601;0;46.1;26.3;0.0
43;2021-06-14;477;1193;0;105005;60794;0;46.3;26.8;0.0
43;2021-06-15;629;1219;0;105634;62013;0;46.6;27.3;0.0
43;2021-06-16;594;1032;0;106228;63045;0;46.8;27.8;0.0
43;2021-06-17;633;1472;0;106861;64517;0;47.1;28.4;0.0
43;2021-06-18;881;1518;0;107742;66035;0;47.5;29.1;0.0
43;2021-06-19;437;808;0;108179;66843;0;47.7;29.5;0.0
43;2021-06-20;29;86;0;108208;66929;0;47.7;29.5;0.0
43;2021-06-21;447;1379;0;108655;68308;0;47.9;30.1;0.0
43;2021-06-22;512;1961;0;109167;70269;0;48.1;31.0;0.0
43;2021-06-23;397;1741;0;109564;72010;0;48.3;31.7;0.0
43;2021-06-24;516;1477;0;110080;73487;0;48.5;32.4;0.0
43;2021-06-25;582;2298;0;110662;75785;0;48.8;33.4;0.0
43;2021-06-26;483;1199;0;111145;76984;0;49.0;33.9;0.0
43;2021-06-27;57;143;0;111202;77127;0;49.0;34.0;0.0
43;2021-06-28;350;1868;0;111552;78995;0;49.2;34.8;0.0
43;2021-06-29;534;2325;0;112086;81320;0;49.4;35.8;0.0
43;2021-06-30;479;2211;0;112565;83531;0;49.6;36.8;0.0
43;2021-07-01;500;1838;0;113065;85369;0;49.8;37.6;0.0
43;2021-07-02;512;1935;0;113577;87304;0;50.1;38.5;0.0
43;2021-07-03;265;1052;0;113842;88356;0;50.2;38.9;0.0
43;2021-07-04;30;60;0;113872;88416;0;50.2;39.0;0.0
43;2021-07-05;531;1272;0;114403;89688;0;50.4;39.5;0.0
43;2021-07-06;617;1636;0;115020;91324;0;50.7;40.2;0.0
43;2021-07-07;577;1418;0;115597;92742;0;50.9;40.9;0.0
43;2021-07-08;779;1412;0;116376;94154;0;51.3;41.5;0.0
43;2021-07-09;586;1543;0;116962;95697;0;51.5;42.2;0.0
43;2021-07-10;359;1277;0;117321;96974;0;51.7;42.7;0.0
43;2021-07-11;54;167;0;117375;97141;0;51.7;42.8;0.0
43;2021-07-12;581;1729;0;117956;98870;0;52.0;43.6;0.0
43;2021-07-13;1171;1857;0;119127;100727;0;52.5;44.4;0.0
43;2021-07-14;951;254;0;120078;100981;0;52.9;44.5;0.0
43;2021-07-15;1797;1831;0;121875;102812;0;53.7;45.3;0.0
43;2021-07-16;1598;1617;0;123473;104429;0;54.4;46.0;0.0
43;2021-07-17;1358;1062;0;124831;105491;0;55.0;46.5;0.0
43;2021-07-18;82;92;0;124913;105583;0;55.1;46.5;0.0
43;2021-07-19;1374;1301;0;126287;106884;0;55.7;47.1;0.0
43;2021-07-20;1752;1397;0;128039;108281;0;56.4;47.7;0.0
43;2021-07-21;1767;1156;0;129806;109437;0;57.2;48.2;0.0
43;2021-07-22;1951;1298;0;131757;110735;0;58.1;48.8;0.0
43;2021-07-23;1528;1296;0;133285;112031;0;58.7;49.4;0.0
43;2021-07-24;580;914;0;133865;112945;0;59.0;49.8;0.0
43;2021-07-25;77;62;0;133942;113007;0;59.0;49.8;0.0
43;2021-07-26;1502;1053;0;135444;114060;0;59.7;50.3;0.0
43;2021-07-27;1967;1104;0;137411;115164;0;60.6;50.8;0.0
43;2021-07-28;1830;1053;0;139241;116217;0;61.4;51.2;0.0
43;2021-07-29;1830;997;0;141071;117214;0;62.2;51.7;0.0
43;2021-07-30;1724;1260;0;142795;118474;0;62.9;52.2;0.0
43;2021-07-31;707;560;0;143502;119034;0;63.2;52.5;0.0
43;2021-08-01;98;57;0;143600;119091;0;63.3;52.5;0.0
43;2021-08-02;1489;932;0;145089;120023;0;63.9;52.9;0.0
43;2021-08-03;1265;1081;0;146354;121104;0;64.5;53.4;0.0
43;2021-08-04;1189;1120;0;147543;122224;0;65.0;53.9;0.0
43;2021-08-05;1138;1239;0;148681;123463;0;65.5;54.4;0.0
43;2021-08-06;1097;1404;0;149778;124867;0;66.0;55.0;0.0
43;2021-08-07;492;720;0;150270;125587;0;66.2;55.3;0.0
43;2021-08-08;42;66;0;150312;125653;0;66.2;55.4;0.0
43;2021-08-09;793;1525;0;151105;127178;0;66.6;56.0;0.0
43;2021-08-10;955;1465;0;152060;128643;0;67.0;56.7;0.0
43;2021-08-11;698;1292;0;152758;129935;0;67.3;57.3;0.0
43;2021-08-12;820;1451;0;153578;131386;0;67.7;57.9;0.0
43;2021-08-13;675;1172;0;154253;132558;0;68.0;58.4;0.0
43;2021-08-14;326;554;0;154579;133112;0;68.1;58.7;0.0
43;2021-08-15;16;49;0;154595;133161;0;68.1;58.7;0.0
43;2021-08-16;668;1596;0;155263;134757;0;68.4;59.4;0.0
43;2021-08-17;654;1414;0;155917;136171;0;68.7;60.0;0.0
43;2021-08-18;536;1439;0;156453;137610;0;69.0;60.6;0.0
43;2021-08-19;602;1463;0;157055;139073;0;69.2;61.3;0.0
43;2021-08-20;521;1524;0;157576;140597;0;69.4;62.0;0.0
43;2021-08-21;212;514;0;157788;141111;0;69.5;62.2;0.0
43;2021-08-22;14;80;0;157802;141191;0;69.5;62.2;0.0
43;2021-08-23;490;1547;0;158292;142738;0;69.8;62.9;0.0
43;2021-08-24;497;1321;0;158789;144059;0;70.0;63.5;0.0
43;2021-08-25;473;1276;0;159262;145335;0;70.2;64.1;0.0
43;2021-08-26;451;1110;0;159713;146445;0;70.4;64.5;0.0
43;2021-08-27;540;1302;0;160253;147747;0;70.6;65.1;0.0
43;2021-08-28;182;492;0;160435;148239;0;70.7;65.3;0.0
43;2021-08-29;6;55;0;160441;148294;0;70.7;65.4;0.0
43;2021-08-30;490;1091;21;160931;149385;21;70.9;65.8;0.0
43;2021-08-31;383;871;52;161314;150256;73;71.1;66.2;0.0
43;2021-09-01;320;931;72;161634;151187;145;71.2;66.6;0.1
43;2021-09-02;353;844;102;161987;152031;247;71.4;67.0;0.1
43;2021-09-03;527;920;102;162514;152951;349;71.6;67.4;0.2
43;2021-09-04;306;496;22;162820;153447;371;71.8;67.6;0.2
43;2021-09-05;54;34;15;162874;153481;386;71.8;67.6;0.2
43;2021-09-06;257;674;81;163131;154155;467;71.9;67.9;0.2
43;2021-09-07;242;585;101;163373;154740;568;72.0;68.2;0.3
43;2021-09-08;252;553;95;163625;155293;663;72.1;68.4;0.3
43;2021-09-09;259;569;149;163884;155862;812;72.2;68.7;0.4
43;2021-09-10;333;617;107;164217;156479;919;72.4;69.0;0.4
43;2021-09-11;252;369;51;164469;156848;970;72.5;69.1;0.4
43;2021-09-12;3;16;0;164472;156864;970;72.5;69.1;0.4
43;2021-09-13;169;387;162;164641;157251;1132;72.6;69.3;0.5
43;2021-09-14;219;353;298;164860;157604;1430;72.7;69.5;0.6
43;2021-09-15;240;502;251;165100;158106;1681;72.8;69.7;0.7
43;2021-09-16;183;329;282;165283;158435;1963;72.8;69.8;0.9
43;2021-09-17;229;527;351;165512;158962;2314;72.9;70.1;1.0
43;2021-09-18;149;337;68;165661;159299;2382;73.0;70.2;1.0
43;2021-09-19;6;9;1;165667;159308;2383;73.0;70.2;1.1
43;2021-09-20;117;323;264;165784;159631;2647;73.1;70.4;1.2
43;2021-09-21;147;328;462;165931;159959;3109;73.1;70.5;1.4
43;2021-09-22;133;422;261;166064;160381;3370;73.2;70.7;1.5
43;2021-09-23;82;298;269;166146;160679;3639;73.2;70.8;1.6
43;2021-09-24;182;525;204;166328;161204;3843;73.3;71.0;1.7
43;2021-09-25;101;292;65;166429;161496;3908;73.3;71.2;1.7
43;2021-09-26;2;19;0;166431;161515;3908;73.3;71.2;1.7
43;2021-09-27;139;338;325;166570;161853;4233;73.4;71.3;1.9
43;2021-09-28;352;200;251;166922;162053;4484;73.6;71.4;2.0
43;2021-09-29;155;292;134;167077;162345;4618;73.6;71.5;2.0
43;2021-09-30;88;187;284;167165;162532;4902;73.7;71.6;2.2
43;2021-10-01;142;322;250;167307;162854;5152;73.7;71.8;2.3
43;2021-10-02;101;234;58;167408;163088;5210;73.8;71.9;2.3
43;2021-10-03;8;18;0;167416;163106;5210;73.8;71.9;2.3
43;2021-10-04;118;204;280;167534;163310;5490;73.8;72.0;2.4
43;2021-10-05;122;181;339;167656;163491;5829;73.9;72.1;2.6
43;2021-10-06;129;258;250;167785;163749;6079;73.9;72.2;2.7
43;2021-10-07;71;140;281;167856;163889;6360;74.0;72.2;2.8
43;2021-10-08;178;319;311;168034;164208;6671;74.1;72.4;2.9
43;2021-10-09;104;202;111;168138;164410;6782;74.1;72.5;3.0
43;2021-10-10;6;7;3;168144;164417;6785;74.1;72.5;3.0
43;2021-10-11;113;154;325;168257;164571;7110;74.2;72.5;3.1
43;2021-10-12;108;180;325;168365;164751;7435;74.2;72.6;3.3
43;2021-10-13;110;121;187;168475;164872;7622;74.3;72.7;3.4
43;2021-10-14;99;152;270;168574;165024;7892;74.3;72.7;3.5
43;2021-10-15;168;204;543;168742;165228;8435;74.4;72.8;3.7
43;2021-10-16;101;135;109;168843;165363;8544;74.4;72.9;3.8
43;2021-10-17;2;7;1;168845;165370;8545;74.4;72.9;3.8
43;2021-10-18;102;161;351;168947;165531;8896;74.5;73.0;3.9
43;2021-10-19;72;331;428;169019;165862;9324;74.5;73.1;4.1
43;2021-10-20;59;160;260;169078;166022;9584;74.5;73.2;4.2
43;2021-10-21;46;105;367;169124;166127;9951;74.5;73.2;4.4
43;2021-10-22;62;132;478;169186;166259;10429;74.6;73.3;4.6
43;2021-10-23;34;110;148;169220;166369;10577;74.6;73.3;4.7
43;2021-10-24;2;4;0;169222;166373;10577;74.6;73.3;4.7
43;2021-10-25;42;90;529;169264;166463;11106;74.6;73.4;4.9
43;2021-10-26;71;107;665;169335;166570;11771;74.6;73.4;5.2
43;2021-10-27;55;112;535;169390;166682;12306;74.7;73.5;5.4
43;2021-10-28;35;65;321;169425;166747;12627;74.7;73.5;5.6
43;2021-10-29;96;173;657;169521;166920;13284;74.7;73.6;5.9
43;2021-10-30;35;97;157;169556;167017;13441;74.7;73.6;5.9
43;2021-10-31;0;4;1;169556;167021;13442;74.7;73.6;5.9
43;2021-11-01;1;2;5;169557;167023;13447;74.7;73.6;5.9
43;2021-11-02;78;133;585;169635;167156;14032;74.8;73.7;6.2
43;2021-11-03;65;141;507;169700;167297;14539;74.8;73.7;6.4
43;2021-11-04;50;80;544;169750;167377;15083;74.8;73.8;6.6
43;2021-11-05;63;109;641;169813;167486;15724;74.8;73.8;6.9
43;2021-11-06;34;80;226;169847;167566;15950;74.9;73.8;7.0
43;2021-11-07;1;2;1;169848;167568;15951;74.9;73.9;7.0
43;2021-11-08;44;122;635;169892;167690;16586;74.9;73.9;7.3
43;2021-11-09;64;72;910;169956;167762;17496;74.9;73.9;7.7
43;2021-11-10;70;93;647;170026;167855;18143;74.9;74.0;8.0
43;2021-11-11;0;2;3;170026;167857;18146;74.9;74.0;8.0
43;2021-11-12;63;93;1025;170089;167950;19171;75.0;74.0;8.4
43;2021-11-13;20;28;322;170109;167978;19493;75.0;74.0;8.6
43;2021-11-14;1;12;14;170110;167990;19507;75.0;74.0;8.6
43;2021-11-15;36;42;714;170146;168032;20221;75.0;74.1;8.9
43;2021-11-16;81;82;1179;170227;168114;21400;75.0;74.1;9.4
43;2021-11-17;69;66;761;170296;168180;22161;75.1;74.1;9.8
43;2021-11-18;38;38;752;170334;168218;22913;75.1;74.1;10.1
43;2021-11-19;67;81;989;170401;168299;23902;75.1;74.2;10.5
43;2021-11-20;45;50;281;170446;168349;24183;75.1;74.2;10.7
43;2021-11-21;2;1;20;170448;168350;24203;75.1;74.2;10.7
43;2021-11-22;60;35;820;170508;168385;25023;75.1;74.2;11.0
43;2021-11-23;65;49;1136;170573;168434;26159;75.2;74.2;11.5
43;2021-11-24;73;78;773;170646;168512;26932;75.2;74.3;11.9
43;2021-11-25;54;45;1117;170700;168557;28049;75.2;74.3;12.4
43;2021-11-26;86;65;1489;170786;168622;29538;75.3;74.3;13.0
43;2021-11-27;48;47;731;170834;168669;30269;75.3;74.3;13.3
43;2021-11-28;3;1;29;170837;168670;30298;75.3;74.3;13.4
43;2021-11-29;47;46;1449;170884;168716;31747;75.3;74.4;14.0
43;2021-11-30;67;63;2102;170951;168779;33849;75.3;74.4;14.9
43;2021-12-01;48;61;1847;170999;168840;35696;75.4;74.4;15.7
43;2021-12-02;44;40;2178;171043;168880;37874;75.4;74.4;16.7
43;2021-12-03;69;67;2120;171112;168947;39994;75.4;74.5;17.6
43;2021-12-04;51;39;1507;171163;168986;41501;75.4;74.5;18.3
43;2021-12-05;0;0;27;171163;168986;41528;75.4;74.5;18.3
43;2021-12-06;41;45;2157;171204;169031;43685;75.5;74.5;19.3
43;2021-12-07;63;50;2410;171267;169081;46095;75.5;74.5;20.3
43;2021-12-08;56;56;1931;171323;169137;48026;75.5;74.5;21.2
43;2021-12-09;72;65;2539;171395;169202;50565;75.5;74.6;22.3
43;2021-12-10;47;72;2411;171442;169274;52976;75.6;74.6;23.3
43;2021-12-11;37;64;1161;171479;169338;54137;75.6;74.6;23.9
43;2021-12-12;2;6;62;171481;169344;54199;75.6;74.6;23.9
43;2021-12-13;48;68;2382;171529;169412;56581;75.6;74.7;24.9
43;2021-12-14;69;74;3042;171598;169486;59623;75.6;74.7;26.3
43;2021-12-15;32;72;2328;171630;169558;61951;75.6;74.7;27.3
43;2021-12-16;57;67;2943;171687;169625;64894;75.7;74.8;28.6
43;2021-12-17;59;88;2463;171746;169713;67357;75.7;74.8;29.7
43;2021-12-18;54;61;1235;171800;169774;68592;75.7;74.8;30.2
43;2021-12-19;1;6;103;171801;169780;68695;75.7;74.8;30.3
43;2021-12-20;73;63;2092;171874;169843;70787;75.7;74.9;31.2
43;2021-12-21;72;59;2336;171946;169902;73123;75.8;74.9;32.2
43;2021-12-22;67;69;1817;172013;169971;74940;75.8;74.9;33.0
43;2021-12-23;64;46;1514;172077;170017;76454;75.8;74.9;33.7
43;2021-12-24;27;23;453;172104;170040;76907;75.8;74.9;33.9
43;2021-12-25;0;1;19;172104;170041;76926;75.8;74.9;33.9
43;2021-12-26;1;2;45;172105;170043;76971;75.9;74.9;33.9
43;2021-12-27;55;76;1680;172160;170119;78651;75.9;75.0;34.7
43;2021-12-28;69;87;2107;172229;170206;80758;75.9;75.0;35.6
44;2020-12-27;2;0;0;2;0;0;0.0;0.0;0.0
44;2020-12-28;4;1;0;6;1;0;0.0;0.0;0.0
44;2020-12-29;1;0;0;7;1;0;0.0;0.0;0.0
44;2020-12-30;1;0;0;8;1;0;0.0;0.0;0.0
44;2020-12-31;0;0;0;8;1;0;0.0;0.0;0.0
44;2021-01-01;2;1;0;10;2;0;0.0;0.0;0.0
44;2021-01-02;0;0;0;10;2;0;0.0;0.0;0.0
44;2021-01-03;3;0;0;13;2;0;0.0;0.0;0.0
44;2021-01-04;4;0;0;17;2;0;0.0;0.0;0.0
44;2021-01-05;5;0;0;22;2;0;0.0;0.0;0.0
44;2021-01-06;32;1;0;54;3;0;0.0;0.0;0.0
44;2021-01-07;204;0;0;258;3;0;0.0;0.0;0.0
44;2021-01-08;551;0;0;809;3;0;0.1;0.0;0.0
44;2021-01-09;475;0;0;1284;3;0;0.1;0.0;0.0
44;2021-01-10;443;1;0;1727;4;0;0.1;0.0;0.0
44;2021-01-11;811;1;0;2538;5;0;0.2;0.0;0.0
44;2021-01-12;957;1;0;3495;6;0;0.2;0.0;0.0
44;2021-01-13;1074;2;0;4569;8;0;0.3;0.0;0.0
44;2021-01-14;1146;9;0;5715;17;0;0.4;0.0;0.0
44;2021-01-15;1052;5;0;6767;22;0;0.5;0.0;0.0
44;2021-01-16;341;3;0;7108;25;0;0.5;0.0;0.0
44;2021-01-17;307;2;0;7415;27;0;0.5;0.0;0.0
44;2021-01-18;831;4;0;8246;31;0;0.6;0.0;0.0
44;2021-01-19;2613;12;0;10859;43;0;0.8;0.0;0.0
44;2021-01-20;2689;7;0;13548;50;0;0.9;0.0;0.0
44;2021-01-21;4564;12;0;18112;62;0;1.3;0.0;0.0
44;2021-01-22;2480;10;0;20592;72;0;1.4;0.0;0.0
44;2021-01-23;768;0;0;21360;72;0;1.5;0.0;0.0
44;2021-01-24;123;0;0;21483;72;0;1.5;0.0;0.0
44;2021-01-25;858;9;0;22341;81;0;1.6;0.0;0.0
44;2021-01-26;2481;22;0;24822;103;0;1.7;0.0;0.0
44;2021-01-27;2078;69;0;26900;172;0;1.9;0.0;0.0
44;2021-01-28;3606;201;0;30506;373;0;2.1;0.0;0.0
44;2021-01-29;2302;488;0;32808;861;0;2.3;0.1;0.0
44;2021-01-30;623;206;0;33431;1067;0;2.3;0.1;0.0
44;2021-01-31;19;204;0;33450;1271;0;2.3;0.1;0.0
44;2021-02-01;561;547;0;34011;1818;0;2.4;0.1;0.0
44;2021-02-02;888;771;0;34899;2589;0;2.4;0.2;0.0
44;2021-02-03;910;880;0;35809;3469;0;2.5;0.2;0.0
44;2021-02-04;981;745;0;36790;4214;0;2.6;0.3;0.0
44;2021-02-05;914;678;0;37704;4892;0;2.6;0.3;0.0
44;2021-02-06;472;272;0;38176;5164;0;2.7;0.4;0.0
44;2021-02-07;65;194;0;38241;5358;0;2.7;0.4;0.0
44;2021-02-08;542;485;0;38783;5843;0;2.7;0.4;0.0
44;2021-02-09;1000;1276;0;39783;7119;0;2.8;0.5;0.0
44;2021-02-10;1173;1266;0;40956;8385;0;2.8;0.6;0.0
44;2021-02-11;2302;3169;0;43258;11554;0;3.0;0.8;0.0
44;2021-02-12;1680;1771;0;44938;13325;0;3.1;0.9;0.0
44;2021-02-13;447;521;0;45385;13846;0;3.2;1.0;0.0
44;2021-02-14;12;178;0;45397;14024;0;3.2;1.0;0.0
44;2021-02-15;483;1098;0;45880;15122;0;3.2;1.1;0.0
44;2021-02-16;1432;2546;0;47312;17668;0;3.3;1.2;0.0
44;2021-02-17;1136;2154;0;48448;19822;0;3.4;1.4;0.0
44;2021-02-18;1983;3652;0;50431;23474;0;3.5;1.6;0.0
44;2021-02-19;1589;2452;0;52020;25926;0;3.6;1.8;0.0
44;2021-02-20;395;632;0;52415;26558;0;3.6;1.8;0.0
44;2021-02-21;7;181;0;52422;26739;0;3.6;1.9;0.0
44;2021-02-22;740;823;0;53162;27562;0;3.7;1.9;0.0
44;2021-02-23;1183;1126;0;54345;28688;0;3.8;2.0;0.0
44;2021-02-24;1245;1058;0;55590;29746;0;3.9;2.1;0.0
44;2021-02-25;2482;1109;0;58072;30855;0;4.0;2.1;0.0
44;2021-02-26;2332;1000;0;60404;31855;0;4.2;2.2;0.0
44;2021-02-27;954;432;0;61358;32287;0;4.3;2.2;0.0
44;2021-02-28;6;34;0;61364;32321;0;4.3;2.2;0.0
44;2021-03-01;1001;554;0;62365;32875;0;4.3;2.3;0.0
44;2021-03-02;1795;1089;0;64160;33964;0;4.5;2.4;0.0
44;2021-03-03;1877;1161;0;66037;35125;0;4.6;2.4;0.0
44;2021-03-04;2890;1625;0;68927;36750;0;4.8;2.6;0.0
44;2021-03-05;3506;1313;0;72433;38063;0;5.0;2.6;0.0
44;2021-03-06;2496;484;0;74929;38547;0;5.2;2.7;0.0
44;2021-03-07;989;91;0;75918;38638;0;5.3;2.7;0.0
44;2021-03-08;1825;643;0;77743;39281;0;5.4;2.7;0.0
44;2021-03-09;3395;1156;0;81138;40437;0;5.6;2.8;0.0
44;2021-03-10;3095;1148;0;84233;41585;0;5.9;2.9;0.0
44;2021-03-11;4445;1786;0;88678;43371;0;6.2;3.0;0.0
44;2021-03-12;6006;1344;0;94684;44715;0;6.6;3.1;0.0
44;2021-03-13;3581;315;0;98265;45030;0;6.8;3.1;0.0
44;2021-03-14;435;56;0;98700;45086;0;6.9;3.1;0.0
44;2021-03-15;2657;414;0;101357;45500;0;7.1;3.2;0.0
44;2021-03-16;2195;664;0;103552;46164;0;7.2;3.2;0.0
44;2021-03-17;2069;691;0;105621;46855;0;7.3;3.3;0.0
44;2021-03-18;2289;661;0;107910;47516;0;7.5;3.3;0.0
44;2021-03-19;3813;416;0;111723;47932;0;7.8;3.3;0.0
44;2021-03-20;3193;312;0;114916;48244;0;8.0;3.4;0.0
44;2021-03-21;898;23;0;115814;48267;0;8.1;3.4;0.0
44;2021-03-22;2474;497;0;118288;48764;0;8.2;3.4;0.0
44;2021-03-23;3987;697;0;122275;49461;0;8.5;3.4;0.0
44;2021-03-24;4381;663;0;126656;50124;0;8.8;3.5;0.0
44;2021-03-25;5684;959;0;132340;51083;0;9.2;3.6;0.0
44;2021-03-26;6611;765;0;138951;51848;0;9.7;3.6;0.0
44;2021-03-27;3213;442;0;142164;52290;0;9.9;3.6;0.0
44;2021-03-28;1212;46;0;143376;52336;0;10.0;3.6;0.0
44;2021-03-29;3233;842;0;146609;53178;0;10.2;3.7;0.0
44;2021-03-30;5210;1163;0;151819;54341;0;10.6;3.8;0.0
44;2021-03-31;4665;1357;0;156484;55698;0;10.9;3.9;0.0
44;2021-04-01;6290;1047;0;162774;56745;0;11.3;3.9;0.0
44;2021-04-02;5846;1021;0;168620;57766;0;11.7;4.0;0.0
44;2021-04-03;2403;650;0;171023;58416;0;11.9;4.1;0.0
44;2021-04-04;663;22;0;171686;58438;0;11.9;4.1;0.0
44;2021-04-05;676;290;0;172362;58728;0;12.0;4.1;0.0
44;2021-04-06;4325;1453;0;176687;60181;0;12.3;4.2;0.0
44;2021-04-07;5288;1693;0;181975;61874;0;12.7;4.3;0.0
44;2021-04-08;7263;1746;0;189238;63620;0;13.2;4.4;0.0
44;2021-04-09;10178;1899;0;199416;65519;0;13.9;4.6;0.0
44;2021-04-10;4617;1435;0;204033;66954;0;14.2;4.7;0.0
44;2021-04-11;2092;422;0;206125;67376;0;14.3;4.7;0.0
44;2021-04-12;5637;1747;0;211762;69123;0;14.7;4.8;0.0
44;2021-04-13;6896;2341;0;218658;71464;0;15.2;5.0;0.0
44;2021-04-14;6069;2307;0;224727;73771;0;15.6;5.1;0.0
44;2021-04-15;7050;2249;0;231777;76020;0;16.1;5.3;0.0
44;2021-04-16;8023;2126;0;239800;78146;0;16.7;5.4;0.0
44;2021-04-17;4334;1399;0;244134;79545;0;17.0;5.5;0.0
44;2021-04-18;2197;799;0;246331;80344;0;17.1;5.6;0.0
44;2021-04-19;5065;2013;0;251396;82357;0;17.5;5.7;0.0
44;2021-04-20;6269;2690;0;257665;85047;0;17.9;5.9;0.0
44;2021-04-21;6085;2856;0;263750;87903;0;18.4;6.1;0.0
44;2021-04-22;7017;2600;0;270767;90503;0;18.8;6.3;0.0
44;2021-04-23;7333;3242;0;278100;93745;0;19.4;6.5;0.0
44;2021-04-24;4000;2043;0;282100;95788;0;19.6;6.7;0.0
44;2021-04-25;2028;1036;0;284128;96824;0;19.8;6.7;0.0
44;2021-04-26;5660;2864;0;289788;99688;0;20.2;6.9;0.0
44;2021-04-27;7482;4222;0;297270;103910;0;20.7;7.2;0.0
44;2021-04-28;7673;3782;0;304943;107692;0;21.2;7.5;0.0
44;2021-04-29;9064;4371;0;314007;112063;0;21.8;7.8;0.0
44;2021-04-30;9569;4731;0;323576;116794;0;22.5;8.1;0.0
44;2021-05-01;2968;888;0;326544;117682;0;22.7;8.2;0.0
44;2021-05-02;1970;612;0;328514;118294;0;22.9;8.2;0.0
44;2021-05-03;5554;4221;0;334068;122515;0;23.2;8.5;0.0
44;2021-05-04;6328;5323;0;340396;127838;0;23.7;8.9;0.0
44;2021-05-05;6029;4777;0;346425;132615;0;24.1;9.2;0.0
44;2021-05-06;7420;5073;0;353845;137688;0;24.6;9.6;0.0
44;2021-05-07;7404;5959;0;361249;143647;0;25.1;10.0;0.0
44;2021-05-08;2684;1283;0;363933;144930;0;25.3;10.1;0.0
44;2021-05-09;1888;1791;0;365821;146721;0;25.5;10.2;0.0
44;2021-05-10;6350;6018;0;372171;152739;0;25.9;10.6;0.0
44;2021-05-11;7608;6491;0;379779;159230;0;26.4;11.1;0.0
44;2021-05-12;8125;5962;0;387904;165192;0;27.0;11.5;0.0
44;2021-05-13;5769;1214;0;393673;166406;0;27.4;11.6;0.0
44;2021-05-14;7743;4141;0;401416;170547;0;27.9;11.9;0.0
44;2021-05-15;5050;2246;0;406466;172793;0;28.3;12.0;0.0
44;2021-05-16;3064;769;0;409530;173562;0;28.5;12.1;0.0
44;2021-05-17;6851;5248;0;416381;178810;0;29.0;12.4;0.0
44;2021-05-18;8218;5297;0;424599;184107;0;29.5;12.8;0.0
44;2021-05-19;8620;4401;0;433219;188508;0;30.1;13.1;0.0
44;2021-05-20;8982;4702;0;442201;193210;0;30.8;13.4;0.0
44;2021-05-21;9285;5268;0;451486;198478;0;31.4;13.8;0.0
44;2021-05-22;5568;2288;0;457054;200766;0;31.8;14.0;0.0
44;2021-05-23;2160;851;0;459214;201617;0;32.0;14.0;0.0
44;2021-05-24;5494;1638;0;464708;203255;0;32.3;14.1;0.0
44;2021-05-25;8255;5584;0;472963;208839;0;32.9;14.5;0.0
44;2021-05-26;8648;5133;0;481611;213972;0;33.5;14.9;0.0
44;2021-05-27;10202;5352;0;491813;219324;0;34.2;15.3;0.0
44;2021-05-28;9646;6899;0;501459;226223;0;34.9;15.7;0.0
44;2021-05-29;6431;3315;0;507890;229538;0;35.3;16.0;0.0
44;2021-05-30;2279;725;0;510169;230263;0;35.5;16.0;0.0
44;2021-05-31;8522;6118;0;518691;236381;0;36.1;16.4;0.0
44;2021-06-01;10509;6560;0;529200;242941;0;36.8;16.9;0.0
44;2021-06-02;10069;5650;0;539269;248591;0;37.5;17.3;0.0
44;2021-06-03;11350;5870;0;550619;254461;0;38.3;17.7;0.0
44;2021-06-04;10549;8131;0;561168;262592;0;39.0;18.3;0.0
44;2021-06-05;6408;4352;0;567576;266944;0;39.5;18.6;0.0
44;2021-06-06;2700;1107;0;570276;268051;0;39.7;18.7;0.0
44;2021-06-07;9487;6985;0;579763;275036;0;40.3;19.1;0.0
44;2021-06-08;11146;7617;0;590909;282653;0;41.1;19.7;0.0
44;2021-06-09;10774;6517;0;601683;289170;0;41.9;20.1;0.0
44;2021-06-10;11587;6078;0;613270;295248;0;42.7;20.5;0.0
44;2021-06-11;11839;8715;0;625109;303963;0;43.5;21.2;0.0
44;2021-06-12;7844;4065;0;632953;308028;0;44.0;21.4;0.0
44;2021-06-13;3356;1064;0;636309;309092;0;44.3;21.5;0.0
44;2021-06-14;8463;8403;0;644772;317495;0;44.9;22.1;0.0
44;2021-06-15;10959;8311;0;655731;325806;0;45.6;22.7;0.0
44;2021-06-16;10723;7647;0;666454;333453;0;46.4;23.2;0.0
44;2021-06-17;11518;8661;0;677972;342114;0;47.2;23.8;0.0
44;2021-06-18;10501;10017;1;688473;352131;1;47.9;24.5;0.0
44;2021-06-19;5923;4287;0;694396;356418;1;48.3;24.8;0.0
44;2021-06-20;2602;1365;0;696998;357783;1;48.5;24.9;0.0
44;2021-06-21;7029;9893;0;704027;367676;1;49.0;25.6;0.0
44;2021-06-22;8126;10575;0;712153;378251;1;49.6;26.3;0.0
44;2021-06-23;8249;9140;0;720402;387391;1;50.1;27.0;0.0
44;2021-06-24;8956;8638;0;729358;396029;1;50.8;27.6;0.0
44;2021-06-25;7277;10826;0;736635;406855;1;51.3;28.3;0.0
44;2021-06-26;2951;6470;0;739586;413325;1;51.5;28.8;0.0
44;2021-06-27;935;2514;0;740521;415839;1;51.5;28.9;0.0
44;2021-06-28;4961;10164;0;745482;426003;1;51.9;29.6;0.0
44;2021-06-29;5980;12149;0;751462;438152;1;52.3;30.5;0.0
44;2021-06-30;5873;10668;2;757335;448820;3;52.7;31.2;0.0
44;2021-07-01;6596;10704;0;763931;459524;3;53.2;32.0;0.0
44;2021-07-02;6060;12759;2;769991;472283;5;53.6;32.9;0.0
44;2021-07-03;2568;7058;1;772559;479341;6;53.8;33.4;0.0
44;2021-07-04;1067;2327;0;773626;481668;6;53.8;33.5;0.0
44;2021-07-05;4794;11935;2;778420;493603;8;54.2;34.3;0.0
44;2021-07-06;5397;12771;1;783817;506374;9;54.5;35.2;0.0
44;2021-07-07;5965;11243;1;789782;517617;10;55.0;36.0;0.0
44;2021-07-08;6763;12003;1;796545;529620;11;55.4;36.9;0.0
44;2021-07-09;5624;14291;1;802169;543911;12;55.8;37.8;0.0
44;2021-07-10;2277;7179;0;804446;551090;12;56.0;38.3;0.0
44;2021-07-11;869;2647;0;805315;553737;12;56.0;38.5;0.0
44;2021-07-12;3975;14081;0;809290;567818;12;56.3;39.5;0.0
44;2021-07-13;5459;14857;2;814749;582675;14;56.7;40.5;0.0
44;2021-07-14;3638;6121;0;818387;588796;14;56.9;41.0;0.0
44;2021-07-15;6945;14353;0;825332;603149;14;57.4;42.0;0.0
44;2021-07-16;7864;14916;1;833196;618065;15;58.0;43.0;0.0
44;2021-07-17;3285;7748;1;836481;625813;16;58.2;43.5;0.0
44;2021-07-18;1999;2881;0;838480;628694;16;58.3;43.7;0.0
44;2021-07-19;4830;14637;0;843310;643331;16;58.7;44.8;0.0
44;2021-07-20;6367;15607;0;849677;658938;16;59.1;45.9;0.0
44;2021-07-21;6283;14068;1;855960;673006;17;59.6;46.8;0.0
44;2021-07-22;7256;13631;0;863216;686637;17;60.1;47.8;0.0
44;2021-07-23;6633;15410;0;869849;702047;17;60.5;48.9;0.0
44;2021-07-24;3187;8565;0;873036;710612;17;60.7;49.4;0.0
44;2021-07-25;1122;3121;0;874158;713733;17;60.8;49.7;0.0
44;2021-07-26;6716;12518;1;880874;726251;18;61.3;50.5;0.0
44;2021-07-27;10277;12012;2;891151;738263;20;62.0;51.4;0.0
44;2021-07-28;9791;10623;0;900942;748886;20;62.7;52.1;0.0
44;2021-07-29;10914;10653;0;911856;759539;20;63.4;52.9;0.0
44;2021-07-30;9787;10707;1;921643;770246;21;64.1;53.6;0.0
44;2021-07-31;5138;5386;0;926781;775632;21;64.5;54.0;0.0
44;2021-08-01;2697;1455;0;929478;777087;21;64.7;54.1;0.0
44;2021-08-02;7169;9189;0;936647;786276;21;65.2;54.7;0.0
44;2021-08-03;9230;8133;0;945877;794409;21;65.8;55.3;0.0
44;2021-08-04;9793;6773;0;955670;801182;21;66.5;55.7;0.0
44;2021-08-05;11775;7209;0;967445;808391;21;67.3;56.3;0.0
44;2021-08-06;10168;7962;0;977613;816353;21;68.0;56.8;0.0
44;2021-08-07;4742;3681;0;982355;820034;21;68.4;57.1;0.0
44;2021-08-08;2590;1515;0;984945;821549;21;68.5;57.2;0.0
44;2021-08-09;8455;7342;2;993400;828891;23;69.1;57.7;0.0
44;2021-08-10;9774;7077;0;1003174;835968;23;69.8;58.2;0.0
44;2021-08-11;9683;6243;1;1012857;842211;24;70.5;58.6;0.0
44;2021-08-12;9597;6712;0;1022454;848923;24;71.1;59.1;0.0
44;2021-08-13;7844;5958;1;1030298;854881;25;71.7;59.5;0.0
44;2021-08-14;2938;3059;0;1033236;857940;25;71.9;59.7;0.0
44;2021-08-15;830;953;0;1034066;858893;25;72.0;59.8;0.0
44;2021-08-16;5294;7878;0;1039360;866771;25;72.3;60.3;0.0
44;2021-08-17;5363;8151;2;1044723;874922;27;72.7;60.9;0.0
44;2021-08-18;4724;7561;0;1049447;882483;27;73.0;61.4;0.0
44;2021-08-19;4654;8196;0;1054101;890679;27;73.3;62.0;0.0
44;2021-08-20;4286;8870;0;1058387;899549;27;73.6;62.6;0.0
44;2021-08-21;1862;4620;0;1060249;904169;27;73.8;62.9;0.0
44;2021-08-22;803;2538;0;1061052;906707;27;73.8;63.1;0.0
44;2021-08-23;3425;9305;0;1064477;916012;27;74.1;63.7;0.0
44;2021-08-24;3398;8775;0;1067875;924787;27;74.3;64.3;0.0
44;2021-08-25;2969;8532;0;1070844;933319;27;74.5;64.9;0.0
44;2021-08-26;2689;10002;2;1073533;943321;29;74.7;65.6;0.0
44;2021-08-27;2902;10471;1;1076435;953792;30;74.9;66.4;0.0
44;2021-08-28;1329;5712;0;1077764;959504;30;75.0;66.8;0.0
44;2021-08-29;519;2763;0;1078283;962267;30;75.0;67.0;0.0
44;2021-08-30;2386;10397;93;1080669;972664;123;75.2;67.7;0.0
44;2021-08-31;2602;10476;246;1083271;983140;369;75.4;68.4;0.0
44;2021-09-01;2553;8995;420;1085824;992135;789;75.6;69.0;0.1
44;2021-09-02;2175;7642;481;1087999;999777;1270;75.7;69.6;0.1
44;2021-09-03;1997;8989;502;1089996;1008766;1772;75.8;70.2;0.1
44;2021-09-04;1317;5466;194;1091313;1014232;1966;75.9;70.6;0.1
44;2021-09-05;455;1255;131;1091768;1015487;2097;76.0;70.7;0.1
44;2021-09-06;1486;5485;585;1093254;1020972;2682;76.1;71.0;0.2
44;2021-09-07;1386;4793;576;1094640;1025765;3258;76.2;71.4;0.2
44;2021-09-08;1734;5645;485;1096374;1031410;3743;76.3;71.8;0.3
44;2021-09-09;1359;4124;662;1097733;1035534;4405;76.4;72.1;0.3
44;2021-09-10;1755;5556;689;1099488;1041090;5094;76.5;72.4;0.4
44;2021-09-11;1004;3743;225;1100492;1044833;5319;76.6;72.7;0.4
44;2021-09-12;210;862;36;1100702;1045695;5355;76.6;72.8;0.4
44;2021-09-13;1096;3288;900;1101798;1048983;6255;76.7;73.0;0.4
44;2021-09-14;1060;3046;1341;1102858;1052029;7596;76.7;73.2;0.5
44;2021-09-15;1386;4272;1045;1104244;1056301;8641;76.8;73.5;0.6
44;2021-09-16;930;2226;1176;1105174;1058527;9817;76.9;73.7;0.7
44;2021-09-17;1158;3719;1206;1106332;1062246;11023;77.0;73.9;0.8
44;2021-09-18;675;2958;202;1107007;1065204;11225;77.0;74.1;0.8
44;2021-09-19;175;688;53;1107182;1065892;11278;77.0;74.2;0.8
44;2021-09-20;832;2031;1140;1108014;1067923;12418;77.1;74.3;0.9
44;2021-09-21;718;1799;1087;1108732;1069722;13505;77.1;74.4;0.9
44;2021-09-22;887;3286;933;1109619;1073008;14438;77.2;74.7;1.0
44;2021-09-23;798;1835;1443;1110417;1074843;15881;77.3;74.8;1.1
44;2021-09-24;1003;2820;1154;1111420;1077663;17035;77.3;75.0;1.2
44;2021-09-25;462;2157;256;1111882;1079820;17291;77.4;75.1;1.2
44;2021-09-26;165;472;54;1112047;1080292;17345;77.4;75.2;1.2
44;2021-09-27;720;1661;1050;1112767;1081953;18395;77.4;75.3;1.3
44;2021-09-28;587;1509;1418;1113354;1083462;19813;77.5;75.4;1.4
44;2021-09-29;919;2385;1196;1114273;1085847;21009;77.5;75.6;1.5
44;2021-09-30;666;1427;1615;1114939;1087274;22624;77.6;75.7;1.6
44;2021-10-01;892;2070;1346;1115831;1089344;23970;77.6;75.8;1.7
44;2021-10-02;461;1220;241;1116292;1090564;24211;77.7;75.9;1.7
44;2021-10-03;184;323;58;1116476;1090887;24269;77.7;75.9;1.7
44;2021-10-04;488;882;560;1116964;1091769;24829;77.7;76.0;1.7
44;2021-10-05;469;909;1041;1117433;1092678;25870;77.8;76.0;1.8
44;2021-10-06;691;1470;942;1118124;1094148;26812;77.8;76.1;1.9
44;2021-10-07;524;1011;1323;1118648;1095159;28135;77.8;76.2;2.0
44;2021-10-08;796;1461;1256;1119444;1096620;29391;77.9;76.3;2.0
44;2021-10-09;353;842;338;1119797;1097462;29729;77.9;76.4;2.1
44;2021-10-10;98;188;124;1119895;1097650;29853;77.9;76.4;2.1
44;2021-10-11;494;960;1182;1120389;1098610;31035;78.0;76.4;2.2
44;2021-10-12;440;794;1408;1120829;1099404;32443;78.0;76.5;2.3
44;2021-10-13;598;1050;1065;1121427;1100454;33508;78.0;76.6;2.3
44;2021-10-14;535;893;1372;1121962;1101347;34880;78.1;76.6;2.4
44;2021-10-15;669;1227;1558;1122631;1102574;36438;78.1;76.7;2.5
44;2021-10-16;311;588;301;1122942;1103162;36739;78.1;76.8;2.6
44;2021-10-17;81;163;82;1123023;1103325;36821;78.1;76.8;2.6
44;2021-10-18;559;743;1360;1123582;1104068;38181;78.2;76.8;2.7
44;2021-10-19;217;637;1582;1123799;1104705;39763;78.2;76.9;2.8
44;2021-10-20;325;959;1711;1124124;1105664;41474;78.2;76.9;2.9
44;2021-10-21;209;646;1373;1124333;1106310;42847;78.2;77.0;3.0
44;2021-10-22;255;975;1862;1124588;1107285;44709;78.3;77.0;3.1
44;2021-10-23;123;475;451;1124711;1107760;45160;78.3;77.1;3.1
44;2021-10-24;32;183;111;1124743;1107943;45271;78.3;77.1;3.2
44;2021-10-25;240;526;1523;1124983;1108469;46794;78.3;77.1;3.3
44;2021-10-26;182;418;1489;1125165;1108887;48283;78.3;77.2;3.4
44;2021-10-27;268;598;1898;1125433;1109485;50181;78.3;77.2;3.5
44;2021-10-28;200;453;1884;1125633;1109938;52065;78.3;77.2;3.6
44;2021-10-29;259;705;2417;1125892;1110643;54482;78.3;77.3;3.8
44;2021-10-30;77;292;564;1125969;1110935;55046;78.3;77.3;3.8
44;2021-10-31;31;118;174;1126000;1111053;55220;78.4;77.3;3.8
44;2021-11-01;21;32;17;1126021;1111085;55237;78.4;77.3;3.8
44;2021-11-02;196;411;1588;1126217;1111496;56825;78.4;77.3;4.0
44;2021-11-03;211;536;1858;1126428;1112032;58683;78.4;77.4;4.1
44;2021-11-04;214;449;2171;1126642;1112481;60854;78.4;77.4;4.2
44;2021-11-05;236;651;2512;1126878;1113132;63366;78.4;77.5;4.4
44;2021-11-06;85;256;846;1126963;1113388;64212;78.4;77.5;4.5
44;2021-11-07;13;104;42;1126976;1113492;64254;78.4;77.5;4.5
44;2021-11-08;163;509;2277;1127139;1114001;66531;78.4;77.5;4.6
44;2021-11-09;171;482;3662;1127310;1114483;70193;78.4;77.5;4.9
44;2021-11-10;247;532;3522;1127557;1115015;73715;78.5;77.6;5.1
44;2021-11-11;16;23;61;1127573;1115038;73776;78.5;77.6;5.1
44;2021-11-12;253;507;3811;1127826;1115545;77587;78.5;77.6;5.4
44;2021-11-13;100;213;919;1127926;1115758;78506;78.5;77.6;5.5
44;2021-11-14;2;8;8;1127928;1115766;78514;78.5;77.6;5.5
44;2021-11-15;152;289;3467;1128080;1116055;81981;78.5;77.7;5.7
44;2021-11-16;172;290;4806;1128252;1116345;86787;78.5;77.7;6.0
44;2021-11-17;266;374;4270;1128518;1116719;91057;78.5;77.7;6.3
44;2021-11-18;171;302;4848;1128689;1117021;95905;78.5;77.7;6.7
44;2021-11-19;236;357;5181;1128925;1117378;101086;78.6;77.8;7.0
44;2021-11-20;160;170;1241;1129085;1117548;102327;78.6;77.8;7.1
44;2021-11-21;5;16;10;1129090;1117564;102337;78.6;77.8;7.1
44;2021-11-22;153;178;3953;1129243;1117742;106290;78.6;77.8;7.4
44;2021-11-23;219;201;5932;1129462;1117943;112222;78.6;77.8;7.8
44;2021-11-24;359;305;5403;1129821;1118248;117625;78.6;77.8;8.2
44;2021-11-25;203;238;6308;1130024;1118486;123933;78.6;77.8;8.6
44;2021-11-26;258;356;8272;1130282;1118842;132205;78.6;77.9;9.2
44;2021-11-27;127;198;3007;1130409;1119040;135212;78.7;77.9;9.4
44;2021-11-28;11;19;635;1130420;1119059;135847;78.7;77.9;9.5
44;2021-11-29;159;200;6662;1130579;1119259;142509;78.7;77.9;9.9
44;2021-11-30;212;220;9985;1130791;1119479;152494;78.7;77.9;10.6
44;2021-12-01;188;237;8777;1130979;1119716;161271;78.7;77.9;11.2
44;2021-12-02;149;177;11074;1131128;1119893;172345;78.7;77.9;12.0
44;2021-12-03;170;274;12104;1131298;1120167;184449;78.7;77.9;12.8
44;2021-12-04;84;130;4648;1131382;1120297;189097;78.7;78.0;13.2
44;2021-12-05;13;11;1013;1131395;1120308;190110;78.7;78.0;13.2
44;2021-12-06;105;180;10015;1131500;1120488;200125;78.7;78.0;13.9
44;2021-12-07;173;209;13342;1131673;1120697;213467;78.7;78.0;14.9
44;2021-12-08;193;285;11433;1131866;1120982;224900;78.8;78.0;15.6
44;2021-12-09;157;254;13786;1132023;1121236;238686;78.8;78.0;16.6
44;2021-12-10;168;284;14955;1132191;1121520;253641;78.8;78.0;17.6
44;2021-12-11;112;199;6837;1132303;1121719;260478;78.8;78.1;18.1
44;2021-12-12;14;28;2183;1132317;1121747;262661;78.8;78.1;18.3
44;2021-12-13;162;210;13042;1132479;1121957;275703;78.8;78.1;19.2
44;2021-12-14;198;252;17942;1132677;1122209;293645;78.8;78.1;20.4
44;2021-12-15;247;343;14883;1132924;1122552;308528;78.8;78.1;21.5
44;2021-12-16;176;261;17577;1133100;1122813;326105;78.8;78.1;22.7
44;2021-12-17;234;354;19856;1133334;1123167;345961;78.9;78.2;24.1
44;2021-12-18;163;209;8991;1133497;1123376;354952;78.9;78.2;24.7
44;2021-12-19;35;37;3392;1133532;1123413;358344;78.9;78.2;24.9
44;2021-12-20;258;305;15878;1133790;1123718;374222;78.9;78.2;26.0
44;2021-12-21;320;323;18305;1134110;1124041;392527;78.9;78.2;27.3
44;2021-12-22;297;277;15874;1134407;1124318;408401;78.9;78.2;28.4
44;2021-12-23;271;218;13556;1134678;1124536;421957;79.0;78.2;29.4
44;2021-12-24;67;54;2664;1134745;1124590;424621;79.0;78.3;29.5
44;2021-12-25;3;4;124;1134748;1124594;424745;79.0;78.3;29.6
44;2021-12-26;6;9;434;1134754;1124603;425179;79.0;78.3;29.6
44;2021-12-27;258;200;12374;1135012;1124803;437553;79.0;78.3;30.4
44;2021-12-28;293;241;14441;1135305;1125044;451994;79.0;78.3;31.5
45;2020-12-27;3;1;0;3;1;0;0.0;0.0;0.0
45;2020-12-28;0;0;0;3;1;0;0.0;0.0;0.0
45;2020-12-29;0;0;0;3;1;0;0.0;0.0;0.0
45;2020-12-30;0;0;0;3;1;0;0.0;0.0;0.0
45;2020-12-31;0;0;0;3;1;0;0.0;0.0;0.0
45;2021-01-01;0;0;0;3;1;0;0.0;0.0;0.0
45;2021-01-02;0;0;0;3;1;0;0.0;0.0;0.0
45;2021-01-03;0;0;0;3;1;0;0.0;0.0;0.0
45;2021-01-04;0;0;0;3;1;0;0.0;0.0;0.0
45;2021-01-05;73;0;0;76;1;0;0.0;0.0;0.0
45;2021-01-06;86;0;0;162;1;0;0.0;0.0;0.0
45;2021-01-07;226;1;0;388;2;0;0.1;0.0;0.0
45;2021-01-08;215;0;0;603;2;0;0.1;0.0;0.0
45;2021-01-09;38;0;0;641;2;0;0.1;0.0;0.0
45;2021-01-10;22;0;0;663;2;0;0.1;0.0;0.0
45;2021-01-11;267;1;0;930;3;0;0.1;0.0;0.0
45;2021-01-12;618;3;0;1548;6;0;0.2;0.0;0.0
45;2021-01-13;506;1;0;2054;7;0;0.3;0.0;0.0
45;2021-01-14;508;37;0;2562;44;0;0.4;0.0;0.0
45;2021-01-15;396;2;0;2958;46;0;0.4;0.0;0.0
45;2021-01-16;48;1;0;3006;47;0;0.4;0.0;0.0
45;2021-01-17;27;0;0;3033;47;0;0.4;0.0;0.0
45;2021-01-18;749;1;0;3782;48;0;0.6;0.0;0.0
45;2021-01-19;1153;6;0;4935;54;0;0.7;0.0;0.0
45;2021-01-20;2030;14;0;6965;68;0;1.0;0.0;0.0
45;2021-01-21;2462;6;0;9427;74;0;1.4;0.0;0.0
45;2021-01-22;1387;6;0;10814;80;0;1.6;0.0;0.0
45;2021-01-23;154;1;0;10968;81;0;1.6;0.0;0.0
45;2021-01-24;34;0;0;11002;81;0;1.6;0.0;0.0
45;2021-01-25;567;4;0;11569;85;0;1.7;0.0;0.0
45;2021-01-26;886;20;0;12455;105;0;1.8;0.0;0.0
45;2021-01-27;890;42;0;13345;147;0;2.0;0.0;0.0
45;2021-01-28;945;207;0;14290;354;0;2.1;0.1;0.0
45;2021-01-29;612;131;0;14902;485;0;2.2;0.1;0.0
45;2021-01-30;61;33;0;14963;518;0;2.2;0.1;0.0
45;2021-01-31;39;23;0;15002;541;0;2.2;0.1;0.0
45;2021-02-01;485;204;0;15487;745;0;2.3;0.1;0.0
45;2021-02-02;764;452;0;16251;1197;0;2.4;0.2;0.0
45;2021-02-03;746;473;0;16997;1670;0;2.5;0.2;0.0
45;2021-02-04;738;275;0;17735;1945;0;2.6;0.3;0.0
45;2021-02-05;438;154;0;18173;2099;0;2.7;0.3;0.0
45;2021-02-06;44;27;0;18217;2126;0;2.7;0.3;0.0
45;2021-02-07;6;29;0;18223;2155;0;2.7;0.3;0.0
45;2021-02-08;459;183;0;18682;2338;0;2.7;0.3;0.0
45;2021-02-09;976;415;0;19658;2753;0;2.9;0.4;0.0
45;2021-02-10;1213;796;0;20871;3549;0;3.1;0.5;0.0
45;2021-02-11;1349;1484;0;22220;5033;0;3.3;0.7;0.0
45;2021-02-12;1033;1120;0;23253;6153;0;3.4;0.9;0.0
45;2021-02-13;89;149;0;23342;6302;0;3.4;0.9;0.0
45;2021-02-14;40;13;0;23382;6315;0;3.4;0.9;0.0
45;2021-02-15;528;617;0;23910;6932;0;3.5;1.0;0.0
45;2021-02-16;773;975;0;24683;7907;0;3.6;1.2;0.0
45;2021-02-17;617;1071;0;25300;8978;0;3.7;1.3;0.0
45;2021-02-18;841;916;0;26141;9894;0;3.8;1.4;0.0
45;2021-02-19;827;804;0;26968;10698;0;3.9;1.6;0.0
45;2021-02-20;59;96;0;27027;10794;0;4.0;1.6;0.0
45;2021-02-21;18;46;0;27045;10840;0;4.0;1.6;0.0
45;2021-02-22;382;631;0;27427;11471;0;4.0;1.7;0.0
45;2021-02-23;768;797;0;28195;12268;0;4.1;1.8;0.0
45;2021-02-24;610;922;0;28805;13190;0;4.2;1.9;0.0
45;2021-02-25;948;831;0;29753;14021;0;4.4;2.1;0.0
45;2021-02-26;1027;704;0;30780;14725;0;4.5;2.2;0.0
45;2021-02-27;296;62;0;31076;14787;0;4.6;2.2;0.0
45;2021-02-28;26;9;0;31102;14796;0;4.6;2.2;0.0
45;2021-03-01;536;360;0;31638;15156;0;4.6;2.2;0.0
45;2021-03-02;713;706;0;32351;15862;0;4.7;2.3;0.0
45;2021-03-03;949;856;0;33300;16718;0;4.9;2.4;0.0
45;2021-03-04;1123;966;0;34423;17684;0;5.0;2.6;0.0
45;2021-03-05;1448;887;0;35871;18571;0;5.3;2.7;0.0
45;2021-03-06;2080;142;0;37951;18713;0;5.6;2.7;0.0
45;2021-03-07;189;67;0;38140;18780;0;5.6;2.8;0.0
45;2021-03-08;779;785;0;38919;19565;0;5.7;2.9;0.0
45;2021-03-09;1300;718;0;40219;20283;0;5.9;3.0;0.0
45;2021-03-10;1608;922;0;41827;21205;0;6.1;3.1;0.0
45;2021-03-11;1767;759;0;43594;21964;0;6.4;3.2;0.0
45;2021-03-12;2094;648;0;45688;22612;0;6.7;3.3;0.0
45;2021-03-13;1072;55;0;46760;22667;0;6.8;3.3;0.0
45;2021-03-14;67;49;0;46827;22716;0;6.9;3.3;0.0
45;2021-03-15;886;552;0;47713;23268;0;7.0;3.4;0.0
45;2021-03-16;1034;808;0;48747;24076;0;7.1;3.5;0.0
45;2021-03-17;1092;627;0;49839;24703;0;7.3;3.6;0.0
45;2021-03-18;1079;576;0;50918;25279;0;7.5;3.7;0.0
45;2021-03-19;1733;425;0;52651;25704;0;7.7;3.8;0.0
45;2021-03-20;581;82;0;53232;25786;0;7.8;3.8;0.0
45;2021-03-21;34;36;0;53266;25822;0;7.8;3.8;0.0
45;2021-03-22;1009;490;0;54275;26312;0;7.9;3.9;0.0
45;2021-03-23;2090;703;0;56365;27015;0;8.3;4.0;0.0
45;2021-03-24;1971;516;0;58336;27531;0;8.5;4.0;0.0
45;2021-03-25;3169;457;0;61505;27988;0;9.0;4.1;0.0
45;2021-03-26;3527;492;0;65032;28480;0;9.5;4.2;0.0
45;2021-03-27;1857;122;0;66889;28602;0;9.8;4.2;0.0
45;2021-03-28;91;38;0;66980;28640;0;9.8;4.2;0.0
45;2021-03-29;1627;557;0;68607;29197;0;10.0;4.3;0.0
45;2021-03-30;2830;828;0;71437;30025;0;10.5;4.4;0.0
45;2021-03-31;2249;595;0;73686;30620;0;10.8;4.5;0.0
45;2021-04-01;3146;598;0;76832;31218;0;11.3;4.6;0.0
45;2021-04-02;2912;541;0;79744;31759;0;11.7;4.7;0.0
45;2021-04-03;854;105;0;80598;31864;0;11.8;4.7;0.0
45;2021-04-04;123;38;0;80721;31902;0;11.8;4.7;0.0
45;2021-04-05;54;2;0;80775;31904;0;11.8;4.7;0.0
45;2021-04-06;1871;815;0;82646;32719;0;12.1;4.8;0.0
45;2021-04-07;1983;1180;0;84629;33899;0;12.4;5.0;0.0
45;2021-04-08;2993;1070;0;87622;34969;0;12.8;5.1;0.0
45;2021-04-09;3779;693;0;91401;35662;0;13.4;5.2;0.0
45;2021-04-10;2410;200;0;93811;35862;0;13.7;5.3;0.0
45;2021-04-11;184;47;0;93995;35909;0;13.8;5.3;0.0
45;2021-04-12;2631;696;0;96626;36605;0;14.1;5.4;0.0
45;2021-04-13;3975;1176;0;100601;37781;0;14.7;5.5;0.0
45;2021-04-14;3050;1287;0;103651;39068;0;15.2;5.7;0.0
45;2021-04-15;3667;1113;0;107318;40181;0;15.7;5.9;0.0
45;2021-04-16;3903;778;0;111221;40959;0;16.3;6.0;0.0
45;2021-04-17;1612;164;0;112833;41123;0;16.5;6.0;0.0
45;2021-04-18;205;47;0;113038;41170;0;16.6;6.0;0.0
45;2021-04-19;1997;993;0;115035;42163;0;16.8;6.2;0.0
45;2021-04-20;3196;1767;0;118231;43930;0;17.3;6.4;0.0
45;2021-04-21;2835;1397;0;121066;45327;0;17.7;6.6;0.0
45;2021-04-22;3489;1991;0;124555;47318;0;18.2;6.9;0.0
45;2021-04-23;3454;1856;0;128009;49174;0;18.7;7.2;0.0
45;2021-04-24;2278;932;0;130287;50106;0;19.1;7.3;0.0
45;2021-04-25;443;97;0;130730;50203;0;19.1;7.4;0.0
45;2021-04-26;2379;1217;0;133109;51420;0;19.5;7.5;0.0
45;2021-04-27;3585;2376;0;136694;53796;0;20.0;7.9;0.0
45;2021-04-28;3003;2076;0;139697;55872;0;20.5;8.2;0.0
45;2021-04-29;4144;2435;0;143841;58307;0;21.1;8.5;0.0
45;2021-04-30;4595;1879;0;148436;60186;0;21.7;8.8;0.0
45;2021-05-01;515;95;0;148951;60281;0;21.8;8.8;0.0
45;2021-05-02;642;126;0;149593;60407;0;21.9;8.8;0.0
45;2021-05-03;3012;1128;0;152605;61535;0;22.3;9.0;0.0
45;2021-05-04;3484;2472;0;156089;64007;0;22.9;9.4;0.0
45;2021-05-05;2989;2260;0;159078;66267;0;23.3;9.7;0.0
45;2021-05-06;3692;2683;0;162770;68950;0;23.8;10.1;0.0
45;2021-05-07;3165;3244;0;165935;72194;0;24.3;10.6;0.0
45;2021-05-08;868;324;0;166803;72518;0;24.4;10.6;0.0
45;2021-05-09;1473;169;0;168276;72687;0;24.6;10.6;0.0
45;2021-05-10;4194;3065;0;172470;75752;0;25.3;11.1;0.0
45;2021-05-11;5121;3155;0;177591;78907;0;26.0;11.6;0.0
45;2021-05-12;6115;2996;0;183706;81903;0;26.9;12.0;0.0
45;2021-05-13;2780;633;0;186486;82536;0;27.3;12.1;0.0
45;2021-05-14;5195;1724;0;191681;84260;0;28.1;12.3;0.0
45;2021-05-15;4359;664;0;196040;84924;0;28.7;12.4;0.0
45;2021-05-16;386;58;0;196426;84982;0;28.8;12.4;0.0
45;2021-05-17;3700;1612;0;200126;86594;0;29.3;12.7;0.0
45;2021-05-18;5635;1811;0;205761;88405;0;30.1;12.9;0.0
45;2021-05-19;5088;2130;0;210849;90535;0;30.9;13.3;0.0
45;2021-05-20;5866;2197;0;216715;92732;0;31.7;13.6;0.0
45;2021-05-21;5665;2336;0;222380;95068;0;32.6;13.9;0.0
45;2021-05-22;3396;668;0;225776;95736;0;33.1;14.0;0.0
45;2021-05-23;225;105;0;226001;95841;0;33.1;14.0;0.0
45;2021-05-24;3195;254;0;229196;96095;0;33.6;14.1;0.0
45;2021-05-25;5550;3067;0;234746;99162;0;34.4;14.5;0.0
45;2021-05-26;5853;2411;0;240599;101573;0;35.2;14.9;0.0
45;2021-05-27;5812;3336;0;246411;104909;0;36.1;15.4;0.0
45;2021-05-28;5947;3571;0;252358;108480;0;37.0;15.9;0.0
45;2021-05-29;3935;1331;0;256293;109811;0;37.5;16.1;0.0
45;2021-05-30;140;185;0;256433;109996;0;37.6;16.1;0.0
45;2021-05-31;4309;2568;0;260742;112564;0;38.2;16.5;0.0
45;2021-06-01;6176;3233;0;266918;115797;0;39.1;17.0;0.0
45;2021-06-02;4992;3251;0;271910;119048;0;39.8;17.4;0.0
45;2021-06-03;5829;3372;0;277739;122420;0;40.7;17.9;0.0
45;2021-06-04;5895;3326;0;283634;125746;0;41.5;18.4;0.0
45;2021-06-05;2425;1602;0;286059;127348;0;41.9;18.6;0.0
45;2021-06-06;276;340;0;286335;127688;0;41.9;18.7;0.0
45;2021-06-07;4027;2849;0;290362;130537;0;42.5;19.1;0.0
45;2021-06-08;4681;4343;0;295043;134880;0;43.2;19.8;0.0
45;2021-06-09;4479;3508;0;299522;138388;0;43.9;20.3;0.0
45;2021-06-10;4852;2996;0;304374;141384;0;44.6;20.7;0.0
45;2021-06-11;4159;3871;0;308533;145255;0;45.2;21.3;0.0
45;2021-06-12;2717;1602;0;311250;146857;0;45.6;21.5;0.0
45;2021-06-13;128;483;0;311378;147340;0;45.6;21.6;0.0
45;2021-06-14;3048;4372;0;314426;151712;0;46.0;22.2;0.0
45;2021-06-15;3414;4669;0;317840;156381;0;46.5;22.9;0.0
45;2021-06-16;3821;3727;1;321661;160108;1;47.1;23.4;0.0
45;2021-06-17;3476;3834;0;325137;163942;1;47.6;24.0;0.0
45;2021-06-18;3821;5191;0;328958;169133;1;48.2;24.8;0.0
45;2021-06-19;2446;2015;0;331404;171148;1;48.5;25.1;0.0
45;2021-06-20;112;183;0;331516;171331;1;48.5;25.1;0.0
45;2021-06-21;2151;5969;0;333667;177300;1;48.9;26.0;0.0
45;2021-06-22;2449;6791;0;336116;184091;1;49.2;27.0;0.0
45;2021-06-23;2300;5809;0;338416;189900;1;49.6;27.8;0.0
45;2021-06-24;2209;3842;0;340625;193742;1;49.9;28.4;0.0
45;2021-06-25;2429;6593;0;343054;200335;1;50.2;29.3;0.0
45;2021-06-26;1858;3408;0;344912;203743;1;50.5;29.8;0.0
45;2021-06-27;92;240;0;345004;203983;1;50.5;29.9;0.0
45;2021-06-28;2025;5203;0;347029;209186;1;50.8;30.6;0.0
45;2021-06-29;2651;7241;0;349680;216427;1;51.2;31.7;0.0
45;2021-06-30;2881;6262;0;352561;222689;1;51.6;32.6;0.0
45;2021-07-01;2439;5463;0;355000;228152;1;52.0;33.4;0.0
45;2021-07-02;2351;6625;0;357351;234777;1;52.3;34.4;0.0
45;2021-07-03;827;3014;0;358178;237791;1;52.5;34.8;0.0
45;2021-07-04;75;197;0;358253;237988;1;52.5;34.9;0.0
45;2021-07-05;2012;5161;0;360265;243149;1;52.8;35.6;0.0
45;2021-07-06;2661;7184;0;362926;250333;1;53.1;36.7;0.0
45;2021-07-07;2299;6583;0;365225;256916;1;53.5;37.6;0.0
45;2021-07-08;2696;5604;0;367921;262520;1;53.9;38.4;0.0
45;2021-07-09;2194;7106;0;370115;269626;1;54.2;39.5;0.0
45;2021-07-10;1552;4197;0;371667;273823;1;54.4;40.1;0.0
45;2021-07-11;94;171;0;371761;273994;1;54.4;40.1;0.0
45;2021-07-12;1610;5935;0;373371;279929;1;54.7;41.0;0.0
45;2021-07-13;3086;8327;0;376457;288256;1;55.1;42.2;0.0
45;2021-07-14;1554;1710;0;378011;289966;1;55.4;42.5;0.0
45;2021-07-15;3933;7414;0;381944;297380;1;55.9;43.5;0.0
45;2021-07-16;3466;7348;0;385410;304728;1;56.4;44.6;0.0
45;2021-07-17;1485;2728;0;386895;307456;1;56.7;45.0;0.0
45;2021-07-18;251;236;0;387146;307692;1;56.7;45.1;0.0
45;2021-07-19;2108;5890;0;389254;313582;1;57.0;45.9;0.0
45;2021-07-20;4801;6833;0;394055;320415;1;57.7;46.9;0.0
45;2021-07-21;5196;5499;0;399251;325914;1;58.5;47.7;0.0
45;2021-07-22;6266;5064;0;405517;330978;1;59.4;48.5;0.0
45;2021-07-23;4457;5651;0;409974;336629;1;60.0;49.3;0.0
45;2021-07-24;2048;2919;0;412022;339548;1;60.3;49.7;0.0
45;2021-07-25;287;159;0;412309;339707;1;60.4;49.7;0.0
45;2021-07-26;3068;4901;0;415377;344608;1;60.8;50.5;0.0
45;2021-07-27;5445;5052;0;420822;349660;1;61.6;51.2;0.0
45;2021-07-28;4844;4052;0;425666;353712;1;62.3;51.8;0.0
45;2021-07-29;5260;3391;0;430926;357103;1;63.1;52.3;0.0
45;2021-07-30;4929;4783;0;435855;361886;1;63.8;53.0;0.0
45;2021-07-31;1301;2255;0;437156;364141;1;64.0;53.3;0.0
45;2021-08-01;283;98;0;437439;364239;1;64.1;53.3;0.0
45;2021-08-02;3681;3233;0;441120;367472;1;64.6;53.8;0.0
45;2021-08-03;4775;3044;0;445895;370516;1;65.3;54.3;0.0
45;2021-08-04;3580;2404;0;449475;372920;1;65.8;54.6;0.0
45;2021-08-05;3285;2717;0;452760;375637;1;66.3;55.0;0.0
45;2021-08-06;3627;3335;0;456387;378972;1;66.8;55.5;0.0
45;2021-08-07;1705;1258;0;458092;380230;1;67.1;55.7;0.0
45;2021-08-08;136;166;0;458228;380396;1;67.1;55.7;0.0
45;2021-08-09;2618;3233;0;460846;383629;1;67.5;56.2;0.0
45;2021-08-10;3338;3889;0;464184;387518;1;68.0;56.7;0.0
45;2021-08-11;2616;3691;0;466800;391209;1;68.4;57.3;0.0
45;2021-08-12;2145;3545;0;468945;394754;1;68.7;57.8;0.0
45;2021-08-13;1786;4178;0;470731;398932;1;68.9;58.4;0.0
45;2021-08-14;758;1268;0;471489;400200;1;69.0;58.6;0.0
45;2021-08-15;85;91;0;471574;400291;1;69.1;58.6;0.0
45;2021-08-16;1194;2608;0;472768;402899;1;69.2;59.0;0.0
45;2021-08-17;1839;3701;0;474607;406600;1;69.5;59.5;0.0
45;2021-08-18;1690;3906;0;476297;410506;1;69.7;60.1;0.0
45;2021-08-19;1482;4147;0;477779;414653;1;70.0;60.7;0.0
45;2021-08-20;1429;3624;0;479208;418277;1;70.2;61.3;0.0
45;2021-08-21;873;1438;0;480081;419715;1;70.3;61.5;0.0
45;2021-08-22;50;243;0;480131;419958;1;70.3;61.5;0.0
45;2021-08-23;1198;4294;0;481329;424252;1;70.5;62.1;0.0
45;2021-08-24;1673;4635;0;483002;428887;1;70.7;62.8;0.0
45;2021-08-25;1496;3644;0;484498;432531;1;70.9;63.3;0.0
45;2021-08-26;1044;3528;0;485542;436059;1;71.1;63.9;0.0
45;2021-08-27;1389;4804;0;486931;440863;1;71.3;64.6;0.0
45;2021-08-28;845;2118;0;487776;442981;1;71.4;64.9;0.0
45;2021-08-29;117;228;0;487893;443209;1;71.4;64.9;0.0
45;2021-08-30;1133;3976;73;489026;447185;74;71.6;65.5;0.0
45;2021-08-31;1071;4267;133;490097;451452;207;71.8;66.1;0.0
45;2021-09-01;1120;3309;169;491217;454761;376;71.9;66.6;0.1
45;2021-09-02;953;3040;250;492170;457801;626;72.1;67.0;0.1
45;2021-09-03;1041;3524;253;493211;461325;879;72.2;67.6;0.1
45;2021-09-04;548;1434;54;493759;462759;933;72.3;67.8;0.1
45;2021-09-05;23;72;1;493782;462831;934;72.3;67.8;0.1
45;2021-09-06;845;2311;463;494627;465142;1397;72.4;68.1;0.2
45;2021-09-07;720;1734;497;495347;466876;1894;72.5;68.4;0.3
45;2021-09-08;830;2138;395;496177;469014;2289;72.7;68.7;0.3
45;2021-09-09;766;1461;257;496943;470475;2546;72.8;68.9;0.4
45;2021-09-10;773;1602;299;497716;472077;2845;72.9;69.1;0.4
45;2021-09-11;427;1546;108;498143;473623;2953;72.9;69.4;0.4
45;2021-09-12;344;207;179;498487;473830;3132;73.0;69.4;0.5
45;2021-09-13;444;921;340;498931;474751;3472;73.1;69.5;0.5
45;2021-09-14;764;1451;718;499695;476202;4190;73.2;69.7;0.6
45;2021-09-15;738;1704;606;500433;477906;4796;73.3;70.0;0.7
45;2021-09-16;761;990;506;501194;478896;5302;73.4;70.1;0.8
45;2021-09-17;743;1586;535;501937;480482;5837;73.5;70.4;0.9
45;2021-09-18;453;986;188;502390;481468;6025;73.6;70.5;0.9
45;2021-09-19;12;61;1;502402;481529;6026;73.6;70.5;0.9
45;2021-09-20;393;930;674;502795;482459;6700;73.6;70.6;1.0
45;2021-09-21;454;761;642;503249;483220;7342;73.7;70.8;1.1
45;2021-09-22;415;1573;739;503664;484793;8081;73.8;71.0;1.2
45;2021-09-23;504;874;751;504168;485667;8832;73.8;71.1;1.3
45;2021-09-24;539;1290;483;504707;486957;9315;73.9;71.3;1.4
45;2021-09-25;312;762;179;505019;487719;9494;74.0;71.4;1.4
45;2021-09-26;12;30;6;505031;487749;9500;74.0;71.4;1.4
45;2021-09-27;415;730;550;505446;488479;10050;74.0;71.5;1.5
45;2021-09-28;424;765;742;505870;489244;10792;74.1;71.6;1.6
45;2021-09-29;468;936;751;506338;490180;11543;74.1;71.8;1.7
45;2021-09-30;392;812;594;506730;490992;12137;74.2;71.9;1.8
45;2021-10-01;399;748;355;507129;491740;12492;74.3;72.0;1.8
45;2021-10-02;314;561;259;507443;492301;12751;74.3;72.1;1.9
45;2021-10-03;87;336;149;507530;492637;12900;74.3;72.1;1.9
45;2021-10-04;224;367;457;507754;493004;13357;74.4;72.2;2.0
45;2021-10-05;396;681;830;508150;493685;14187;74.4;72.3;2.1
45;2021-10-06;443;719;690;508593;494404;14877;74.5;72.4;2.2
45;2021-10-07;283;703;730;508876;495107;15607;74.5;72.5;2.3
45;2021-10-08;378;726;677;509254;495833;16284;74.6;72.6;2.4
45;2021-10-09;382;633;332;509636;496466;16616;74.6;72.7;2.4
45;2021-10-10;13;14;5;509649;496480;16621;74.6;72.7;2.4
45;2021-10-11;246;399;479;509895;496879;17100;74.7;72.8;2.5
45;2021-10-12;323;552;1011;510218;497431;18111;74.7;72.8;2.7
45;2021-10-13;321;573;886;510539;498004;18997;74.8;72.9;2.8
45;2021-10-14;256;395;621;510795;498399;19618;74.8;73.0;2.9
45;2021-10-15;399;658;858;511194;499057;20476;74.9;73.1;3.0
45;2021-10-16;333;444;309;511527;499501;20785;74.9;73.1;3.0
45;2021-10-17;3;13;9;511530;499514;20794;74.9;73.1;3.0
45;2021-10-18;225;344;477;511755;499858;21271;74.9;73.2;3.1
45;2021-10-19;202;529;845;511957;500387;22116;75.0;73.3;3.2
45;2021-10-20;309;464;924;512266;500851;23040;75.0;73.3;3.4
45;2021-10-21;240;424;956;512506;501275;23996;75.0;73.4;3.5
45;2021-10-22;270;522;902;512776;501797;24898;75.1;73.5;3.6
45;2021-10-23;242;380;383;513018;502177;25281;75.1;73.5;3.7
45;2021-10-24;5;19;3;513023;502196;25284;75.1;73.5;3.7
45;2021-10-25;197;295;717;513220;502491;26001;75.2;73.6;3.8
45;2021-10-26;224;387;1110;513444;502878;27111;75.2;73.6;4.0
45;2021-10-27;242;474;1080;513686;503352;28191;75.2;73.7;4.1
45;2021-10-28;183;254;889;513869;503606;29080;75.2;73.7;4.3
45;2021-10-29;228;351;890;514097;503957;29970;75.3;73.8;4.4
45;2021-10-30;152;279;441;514249;504236;30411;75.3;73.8;4.5
45;2021-10-31;3;6;2;514252;504242;30413;75.3;73.8;4.5
45;2021-11-01;31;30;17;514283;504272;30430;75.3;73.8;4.5
45;2021-11-02;236;430;1095;514519;504702;31525;75.3;73.9;4.6
45;2021-11-03;231;380;1161;514750;505082;32686;75.4;74.0;4.8
45;2021-11-04;181;205;1292;514931;505287;33978;75.4;74.0;5.0
45;2021-11-05;238;357;1267;515169;505644;35245;75.4;74.0;5.2
45;2021-11-06;166;317;553;515335;505961;35798;75.5;74.1;5.2
45;2021-11-07;5;23;19;515340;505984;35817;75.5;74.1;5.2
45;2021-11-08;178;265;1258;515518;506249;37075;75.5;74.1;5.4
45;2021-11-09;154;285;1858;515672;506534;38933;75.5;74.2;5.7
45;2021-11-10;272;411;2032;515944;506945;40965;75.6;74.2;6.0
45;2021-11-11;48;51;184;515992;506996;41149;75.6;74.2;6.0
45;2021-11-12;284;369;2073;516276;507365;43222;75.6;74.3;6.3
45;2021-11-13;199;261;814;516475;507626;44036;75.6;74.3;6.4
45;2021-11-14;6;24;12;516481;507650;44048;75.6;74.3;6.5
45;2021-11-15;159;233;1745;516640;507883;45793;75.7;74.4;6.7
45;2021-11-16;202;249;2319;516842;508132;48112;75.7;74.4;7.0
45;2021-11-17;288;294;2208;517130;508426;50320;75.7;74.5;7.4
45;2021-11-18;175;183;2094;517305;508609;52414;75.8;74.5;7.7
45;2021-11-19;257;334;2155;517562;508943;54569;75.8;74.5;8.0
45;2021-11-20;279;310;963;517841;509253;55532;75.8;74.6;8.1
45;2021-11-21;3;3;29;517844;509256;55561;75.8;74.6;8.1
45;2021-11-22;177;152;2120;518021;509408;57681;75.9;74.6;8.4
45;2021-11-23;234;228;2903;518255;509636;60584;75.9;74.6;8.9
45;2021-11-24;300;284;2639;518555;509920;63223;75.9;74.7;9.3
45;2021-11-25;189;245;3315;518744;510165;66538;76.0;74.7;9.7
45;2021-11-26;230;239;3949;518974;510404;70487;76.0;74.7;10.3
45;2021-11-27;196;226;2199;519170;510630;72686;76.0;74.8;10.6
45;2021-11-28;31;50;1781;519201;510680;74467;76.0;74.8;10.9
45;2021-11-29;109;188;3741;519310;510868;78208;76.0;74.8;11.5
45;2021-11-30;149;172;5036;519459;511040;83244;76.1;74.8;12.2
45;2021-12-01;127;222;5132;519586;511262;88376;76.1;74.9;12.9
45;2021-12-02;120;164;5370;519706;511426;93746;76.1;74.9;13.7
45;2021-12-03;137;252;5075;519843;511678;98821;76.1;74.9;14.5
45;2021-12-04;113;189;2917;519956;511867;101738;76.1;75.0;14.9
45;2021-12-05;12;20;578;519968;511887;102316;76.1;75.0;15.0
45;2021-12-06;90;192;5637;520058;512079;107953;76.2;75.0;15.8
45;2021-12-07;194;238;7919;520252;512317;115872;76.2;75.0;17.0
45;2021-12-08;182;293;7258;520434;512610;123130;76.2;75.1;18.0
45;2021-12-09;147;222;7785;520581;512832;130915;76.2;75.1;19.2
45;2021-12-10;207;278;7494;520788;513110;138409;76.3;75.1;20.3
45;2021-12-11;153;234;4691;520941;513344;143100;76.3;75.2;21.0
45;2021-12-12;57;51;2883;520998;513395;145983;76.3;75.2;21.4
45;2021-12-13;122;209;7097;521120;513604;153080;76.3;75.2;22.4
45;2021-12-14;194;271;10354;521314;513875;163434;76.3;75.3;23.9
45;2021-12-15;177;316;8906;521491;514191;172340;76.4;75.3;25.2
45;2021-12-16;181;276;9603;521672;514467;181943;76.4;75.3;26.6
45;2021-12-17;183;283;8743;521855;514750;190686;76.4;75.4;27.9
45;2021-12-18;165;207;5608;522020;514957;196294;76.4;75.4;28.7
45;2021-12-19;34;36;1048;522054;514993;197342;76.4;75.4;28.9
45;2021-12-20;245;231;7366;522299;515224;204708;76.5;75.4;30.0
45;2021-12-21;309;254;9324;522608;515478;214032;76.5;75.5;31.3
45;2021-12-22;325;247;7615;522933;515725;221647;76.6;75.5;32.5
45;2021-12-23;274;191;6037;523207;515916;227684;76.6;75.5;33.3
45;2021-12-24;126;81;1747;523333;515997;229431;76.6;75.6;33.6
45;2021-12-25;0;20;101;523333;516017;229532;76.6;75.6;33.6
45;2021-12-26;13;16;199;523346;516033;229731;76.6;75.6;33.6
45;2021-12-27;218;171;5301;523564;516204;235032;76.7;75.6;34.4
45;2021-12-28;258;191;6183;523822;516395;241215;76.7;75.6;35.3
46;2020-12-27;1;0;0;1;0;0;0.0;0.0;0.0
46;2020-12-28;0;0;0;1;0;0;0.0;0.0;0.0
46;2020-12-29;0;0;0;1;0;0;0.0;0.0;0.0
46;2020-12-30;0;0;0;1;0;0;0.0;0.0;0.0
46;2020-12-31;0;0;0;1;0;0;0.0;0.0;0.0
46;2021-01-01;0;0;0;1;0;0;0.0;0.0;0.0
46;2021-01-02;0;0;0;1;0;0;0.0;0.0;0.0
46;2021-01-03;0;0;0;1;0;0;0.0;0.0;0.0
46;2021-01-04;0;0;0;1;0;0;0.0;0.0;0.0
46;2021-01-05;0;0;0;1;0;0;0.0;0.0;0.0
46;2021-01-06;3;0;0;4;0;0;0.0;0.0;0.0
46;2021-01-07;127;1;0;131;1;0;0.1;0.0;0.0
46;2021-01-08;169;0;0;300;1;0;0.2;0.0;0.0
46;2021-01-09;1;0;0;301;1;0;0.2;0.0;0.0
46;2021-01-10;2;0;0;303;1;0;0.2;0.0;0.0
46;2021-01-11;96;0;0;399;1;0;0.2;0.0;0.0
46;2021-01-12;137;0;0;536;1;0;0.3;0.0;0.0
46;2021-01-13;221;2;0;757;3;0;0.4;0.0;0.0
46;2021-01-14;236;1;0;993;4;0;0.6;0.0;0.0
46;2021-01-15;292;2;0;1285;6;0;0.7;0.0;0.0
46;2021-01-16;17;0;0;1302;6;0;0.8;0.0;0.0
46;2021-01-17;2;0;0;1304;6;0;0.8;0.0;0.0
46;2021-01-18;277;3;0;1581;9;0;0.9;0.0;0.0
46;2021-01-19;390;0;0;1971;9;0;1.1;0.0;0.0
46;2021-01-20;916;3;0;2887;12;0;1.7;0.0;0.0
46;2021-01-21;917;1;0;3804;13;0;2.2;0.0;0.0
46;2021-01-22;409;1;0;4213;14;0;2.4;0.0;0.0
46;2021-01-23;17;0;0;4230;14;0;2.4;0.0;0.0
46;2021-01-24;1;0;0;4231;14;0;2.4;0.0;0.0
46;2021-01-25;225;2;0;4456;16;0;2.6;0.0;0.0
46;2021-01-26;299;2;0;4755;18;0;2.7;0.0;0.0
46;2021-01-27;277;1;0;5032;19;0;2.9;0.0;0.0
46;2021-01-28;308;44;0;5340;63;0;3.1;0.0;0.0
46;2021-01-29;255;83;0;5595;146;0;3.2;0.1;0.0
46;2021-01-30;9;2;0;5604;148;0;3.2;0.1;0.0
46;2021-01-31;0;0;0;5604;148;0;3.2;0.1;0.0
46;2021-02-01;207;149;0;5811;297;0;3.4;0.2;0.0
46;2021-02-02;205;209;0;6016;506;0;3.5;0.3;0.0
46;2021-02-03;251;91;0;6267;597;0;3.6;0.3;0.0
46;2021-02-04;342;87;0;6609;684;0;3.8;0.4;0.0
46;2021-02-05;205;169;0;6814;853;0;3.9;0.5;0.0
46;2021-02-06;16;3;0;6830;856;0;3.9;0.5;0.0
46;2021-02-07;34;0;0;6864;856;0;4.0;0.5;0.0
46;2021-02-08;192;146;0;7056;1002;0;4.1;0.6;0.0
46;2021-02-09;251;224;0;7307;1226;0;4.2;0.7;0.0
46;2021-02-10;324;524;0;7631;1750;0;4.4;1.0;0.0
46;2021-02-11;576;531;0;8207;2281;0;4.7;1.3;0.0
46;2021-02-12;306;341;0;8513;2622;0;4.9;1.5;0.0
46;2021-02-13;8;8;0;8521;2630;0;4.9;1.5;0.0
46;2021-02-14;0;57;0;8521;2687;0;4.9;1.6;0.0
46;2021-02-15;184;299;0;8705;2986;0;5.0;1.7;0.0
46;2021-02-16;211;279;0;8916;3265;0;5.1;1.9;0.0
46;2021-02-17;227;342;0;9143;3607;0;5.3;2.1;0.0
46;2021-02-18;355;296;0;9498;3903;0;5.5;2.3;0.0
46;2021-02-19;244;240;0;9742;4143;0;5.6;2.4;0.0
46;2021-02-20;3;11;0;9745;4154;0;5.6;2.4;0.0
46;2021-02-21;0;0;0;9745;4154;0;5.6;2.4;0.0
46;2021-02-22;153;212;0;9898;4366;0;5.7;2.5;0.0
46;2021-02-23;243;242;0;10141;4608;0;5.9;2.7;0.0
46;2021-02-24;199;357;0;10340;4965;0;6.0;2.9;0.0
46;2021-02-25;255;300;0;10595;5265;0;6.1;3.0;0.0
46;2021-02-26;380;327;0;10975;5592;0;6.3;3.2;0.0
46;2021-02-27;114;6;0;11089;5598;0;6.4;3.2;0.0
46;2021-02-28;7;3;0;11096;5601;0;6.4;3.2;0.0
46;2021-03-01;175;161;0;11271;5762;0;6.5;3.3;0.0
46;2021-03-02;383;203;0;11654;5965;0;6.7;3.4;0.0
46;2021-03-03;436;292;0;12090;6257;0;7.0;3.6;0.0
46;2021-03-04;571;408;0;12661;6665;0;7.3;3.8;0.0
46;2021-03-05;727;346;0;13388;7011;0;7.7;4.0;0.0
46;2021-03-06;467;20;0;13855;7031;0;8.0;4.1;0.0
46;2021-03-07;107;18;0;13962;7049;0;8.1;4.1;0.0
46;2021-03-08;331;237;0;14293;7286;0;8.3;4.2;0.0
46;2021-03-09;704;241;0;14997;7527;0;8.7;4.3;0.0
46;2021-03-10;643;238;0;15640;7765;0;9.0;4.5;0.0
46;2021-03-11;788;243;0;16428;8008;0;9.5;4.6;0.0
46;2021-03-12;852;225;0;17280;8233;0;10.0;4.8;0.0
46;2021-03-13;503;8;0;17783;8241;0;10.3;4.8;0.0
46;2021-03-14;16;0;0;17799;8241;0;10.3;4.8;0.0
46;2021-03-15;474;158;0;18273;8399;0;10.6;4.9;0.0
46;2021-03-16;668;163;0;18941;8562;0;10.9;4.9;0.0
46;2021-03-17;602;189;0;19543;8751;0;11.3;5.1;0.0
46;2021-03-18;684;202;0;20227;8953;0;11.7;5.2;0.0
46;2021-03-19;733;149;0;20960;9102;0;12.1;5.3;0.0
46;2021-03-20;262;4;0;21222;9106;0;12.3;5.3;0.0
46;2021-03-21;6;1;0;21228;9107;0;12.3;5.3;0.0
46;2021-03-22;497;243;0;21725;9350;0;12.5;5.4;0.0
46;2021-03-23;652;221;0;22377;9571;0;12.9;5.5;0.0
46;2021-03-24;627;230;0;23004;9801;0;13.3;5.7;0.0
46;2021-03-25;1042;183;0;24046;9984;0;13.9;5.8;0.0
46;2021-03-26;935;319;0;24981;10303;0;14.4;5.9;0.0
46;2021-03-27;390;67;0;25371;10370;0;14.7;6.0;0.0
46;2021-03-28;126;1;0;25497;10371;0;14.7;6.0;0.0
46;2021-03-29;660;251;0;26157;10622;0;15.1;6.1;0.0
46;2021-03-30;733;341;0;26890;10963;0;15.5;6.3;0.0
46;2021-03-31;825;380;0;27715;11343;0;16.0;6.6;0.0
46;2021-04-01;1104;337;0;28819;11680;0;16.6;6.7;0.0
46;2021-04-02;834;360;0;29653;12040;0;17.1;7.0;0.0
46;2021-04-03;171;151;0;29824;12191;0;17.2;7.0;0.0
46;2021-04-04;2;62;0;29826;12253;0;17.2;7.1;0.0
46;2021-04-05;12;1;0;29838;12254;0;17.2;7.1;0.0
46;2021-04-06;524;469;0;30362;12723;0;17.5;7.3;0.0
46;2021-04-07;740;593;0;31102;13316;0;18.0;7.7;0.0
46;2021-04-08;933;486;0;32035;13802;0;18.5;8.0;0.0
46;2021-04-09;951;464;0;32986;14266;0;19.0;8.2;0.0
46;2021-04-10;490;180;0;33476;14446;0;19.3;8.3;0.0
46;2021-04-11;242;2;0;33718;14448;0;19.5;8.3;0.0
46;2021-04-12;779;512;0;34497;14960;0;19.9;8.6;0.0
46;2021-04-13;1079;650;0;35576;15610;0;20.5;9.0;0.0
46;2021-04-14;1354;555;0;36930;16165;0;21.3;9.3;0.0
46;2021-04-15;1340;603;0;38270;16768;0;22.1;9.7;0.0
46;2021-04-16;1389;489;0;39659;17257;0;22.9;10.0;0.0
46;2021-04-17;846;124;0;40505;17381;0;23.4;10.0;0.0
46;2021-04-18;430;11;0;40935;17392;0;23.6;10.0;0.0
46;2021-04-19;928;520;0;41863;17912;0;24.2;10.3;0.0
46;2021-04-20;1016;651;0;42879;18563;0;24.8;10.7;0.0
46;2021-04-21;1009;623;0;43888;19186;0;25.3;11.1;0.0
46;2021-04-22;1165;618;0;45053;19804;0;26.0;11.4;0.0
46;2021-04-23;941;645;0;45994;20449;0;26.6;11.8;0.0
46;2021-04-24;447;37;0;46441;20486;0;26.8;11.8;0.0
46;2021-04-25;267;10;0;46708;20496;0;27.0;11.8;0.0
46;2021-04-26;684;636;0;47392;21132;0;27.4;12.2;0.0
46;2021-04-27;1057;592;0;48449;21724;0;28.0;12.5;0.0
46;2021-04-28;1095;659;0;49544;22383;0;28.6;12.9;0.0
46;2021-04-29;1236;530;0;50780;22913;0;29.3;13.2;0.0
46;2021-04-30;1254;527;0;52034;23440;0;30.0;13.5;0.0
46;2021-05-01;589;60;0;52623;23500;0;30.4;13.6;0.0
46;2021-05-02;217;1;0;52840;23501;0;30.5;13.6;0.0
46;2021-05-03;691;526;0;53531;24027;0;30.9;13.9;0.0
46;2021-05-04;817;985;0;54348;25012;0;31.4;14.4;0.0
46;2021-05-05;1038;745;0;55386;25757;0;32.0;14.9;0.0
46;2021-05-06;1082;744;0;56468;26501;0;32.6;15.3;0.0
46;2021-05-07;1121;734;0;57589;27235;0;33.3;15.7;0.0
46;2021-05-08;264;373;0;57853;27608;0;33.4;15.9;0.0
46;2021-05-09;42;234;0;57895;27842;0;33.4;16.1;0.0
46;2021-05-10;450;1006;0;58345;28848;0;33.7;16.7;0.0
46;2021-05-11;940;1137;0;59285;29985;0;34.2;17.3;0.0
46;2021-05-12;851;1340;0;60136;31325;0;34.7;18.1;0.0
46;2021-05-13;488;116;0;60624;31441;0;35.0;18.2;0.0
46;2021-05-14;758;932;0;61382;32373;0;35.4;18.7;0.0
46;2021-05-15;273;504;0;61655;32877;0;35.6;19.0;0.0
46;2021-05-16;115;220;0;61770;33097;0;35.7;19.1;0.0
46;2021-05-17;641;825;0;62411;33922;0;36.0;19.6;0.0
46;2021-05-18;1168;854;0;63579;34776;0;36.7;20.1;0.0
46;2021-05-19;1096;772;0;64675;35548;0;37.3;20.5;0.0
46;2021-05-20;1182;697;0;65857;36245;0;38.0;20.9;0.0
46;2021-05-21;865;958;0;66722;37203;0;38.5;21.5;0.0
46;2021-05-22;181;350;0;66903;37553;0;38.6;21.7;0.0
46;2021-05-23;409;28;0;67312;37581;0;38.9;21.7;0.0
46;2021-05-24;377;115;0;67689;37696;0;39.1;21.8;0.0
46;2021-05-25;839;1060;0;68528;38756;0;39.6;22.4;0.0
46;2021-05-26;1043;982;0;69571;39738;0;40.2;22.9;0.0
46;2021-05-27;1215;1048;0;70786;40786;0;40.9;23.6;0.0
46;2021-05-28;1182;1013;0;71968;41799;0;41.6;24.1;0.0
46;2021-05-29;868;384;0;72836;42183;0;42.1;24.4;0.0
46;2021-05-30;293;49;0;73129;42232;0;42.2;24.4;0.0
46;2021-05-31;830;882;0;73959;43114;0;42.7;24.9;0.0
46;2021-06-01;1079;879;0;75038;43993;0;43.3;25.4;0.0
46;2021-06-02;1109;961;0;76147;44954;0;44.0;26.0;0.0
46;2021-06-03;1184;910;0;77331;45864;0;44.7;26.5;0.0
46;2021-06-04;1122;849;0;78453;46713;0;45.3;27.0;0.0
46;2021-06-05;387;395;0;78840;47108;0;45.5;27.2;0.0
46;2021-06-06;169;76;0;79009;47184;0;45.6;27.2;0.0
46;2021-06-07;721;521;0;79730;47705;0;46.0;27.5;0.0
46;2021-06-08;895;810;0;80625;48515;0;46.6;28.0;0.0
46;2021-06-09;1229;861;0;81854;49376;0;47.3;28.5;0.0
46;2021-06-10;904;785;0;82758;50161;0;47.8;29.0;0.0
46;2021-06-11;861;1172;0;83619;51333;0;48.3;29.6;0.0
46;2021-06-12;434;481;0;84053;51814;0;48.5;29.9;0.0
46;2021-06-13;49;73;0;84102;51887;0;48.6;30.0;0.0
46;2021-06-14;520;892;0;84622;52779;0;48.9;30.5;0.0
46;2021-06-15;663;988;0;85285;53767;0;49.3;31.0;0.0
46;2021-06-16;833;892;0;86118;54659;0;49.7;31.6;0.0
46;2021-06-17;505;803;0;86623;55462;0;50.0;32.0;0.0
46;2021-06-18;569;1072;0;87192;56534;0;50.4;32.6;0.0
46;2021-06-19;397;255;0;87589;56789;0;50.6;32.8;0.0
46;2021-06-20;47;164;0;87636;56953;0;50.6;32.9;0.0
46;2021-06-21;388;787;0;88024;57740;0;50.8;33.3;0.0
46;2021-06-22;327;1052;0;88351;58792;0;51.0;34.0;0.0
46;2021-06-23;438;964;0;88789;59756;0;51.3;34.5;0.0
46;2021-06-24;264;753;0;89053;60509;0;51.4;34.9;0.0
46;2021-06-25;447;988;0;89500;61497;0;51.7;35.5;0.0
46;2021-06-26;354;511;0;89854;62008;0;51.9;35.8;0.0
46;2021-06-27;11;41;0;89865;62049;0;51.9;35.8;0.0
46;2021-06-28;287;1147;0;90152;63196;0;52.1;36.5;0.0
46;2021-06-29;328;1453;0;90480;64649;0;52.3;37.3;0.0
46;2021-06-30;462;1315;0;90942;65964;0;52.5;38.1;0.0
46;2021-07-01;329;1065;0;91271;67029;0;52.7;38.7;0.0
46;2021-07-02;426;992;0;91697;68021;0;53.0;39.3;0.0
46;2021-07-03;138;436;0;91835;68457;0;53.0;39.5;0.0
46;2021-07-04;54;127;0;91889;68584;0;53.1;39.6;0.0
46;2021-07-05;302;1033;0;92191;69617;0;53.2;40.2;0.0
46;2021-07-06;317;1249;0;92508;70866;0;53.4;40.9;0.0
46;2021-07-07;530;1482;0;93038;72348;0;53.7;41.8;0.0
46;2021-07-08;342;1021;0;93380;73369;0;53.9;42.4;0.0
46;2021-07-09;373;1451;0;93753;74820;0;54.1;43.2;0.0
46;2021-07-10;313;919;0;94066;75739;0;54.3;43.7;0.0
46;2021-07-11;17;278;0;94083;76017;0;54.3;43.9;0.0
46;2021-07-12;220;1099;0;94303;77116;0;54.5;44.5;0.0
46;2021-07-13;581;1407;0;94884;78523;0;54.8;45.3;0.0
46;2021-07-14;95;169;0;94979;78692;0;54.8;45.4;0.0
46;2021-07-15;784;1268;0;95763;79960;0;55.3;46.2;0.0
46;2021-07-16;651;1219;0;96414;81179;0;55.7;46.9;0.0
46;2021-07-17;333;548;0;96747;81727;0;55.9;47.2;0.0
46;2021-07-18;38;33;0;96785;81760;0;55.9;47.2;0.0
46;2021-07-19;590;1054;0;97375;82814;0;56.2;47.8;0.0
46;2021-07-20;850;1277;0;98225;84091;0;56.7;48.6;0.0
46;2021-07-21;780;1172;0;99005;85263;0;57.2;49.2;0.0
46;2021-07-22;1052;946;0;100057;86209;0;57.8;49.8;0.0
46;2021-07-23;674;1211;0;100731;87420;0;58.2;50.5;0.0
46;2021-07-24;809;633;0;101540;88053;0;58.6;50.8;0.0
46;2021-07-25;140;43;0;101680;88096;0;58.7;50.9;0.0
46;2021-07-26;763;753;0;102443;88849;0;59.2;51.3;0.0
46;2021-07-27;998;790;0;103441;89639;0;59.7;51.8;0.0
46;2021-07-28;1023;880;0;104464;90519;0;60.3;52.3;0.0
46;2021-07-29;1294;713;0;105758;91232;0;61.1;52.7;0.0
46;2021-07-30;1514;758;1;107272;91990;1;61.9;53.1;0.0
46;2021-07-31;778;586;0;108050;92576;1;62.4;53.5;0.0
46;2021-08-01;67;26;0;108117;92602;1;62.4;53.5;0.0
46;2021-08-02;856;511;0;108973;93113;1;62.9;53.8;0.0
46;2021-08-03;1052;505;0;110025;93618;1;63.5;54.1;0.0
46;2021-08-04;1230;408;0;111255;94026;1;64.2;54.3;0.0
46;2021-08-05;1105;679;0;112360;94705;1;64.9;54.7;0.0
46;2021-08-06;1071;615;0;113431;95320;1;65.5;55.0;0.0
46;2021-08-07;533;420;0;113964;95740;1;65.8;55.3;0.0
46;2021-08-08;116;53;0;114080;95793;1;65.9;55.3;0.0
46;2021-08-09;774;555;0;114854;96348;1;66.3;55.6;0.0
46;2021-08-10;966;727;0;115820;97075;1;66.9;56.1;0.0
46;2021-08-11;950;717;0;116770;97792;1;67.4;56.5;0.0
46;2021-08-12;795;596;0;117565;98388;1;67.9;56.8;0.0
46;2021-08-13;760;736;0;118325;99124;1;68.3;57.2;0.0
46;2021-08-14;458;624;0;118783;99748;1;68.6;57.6;0.0
46;2021-08-15;41;53;0;118824;99801;1;68.6;57.6;0.0
46;2021-08-16;634;657;0;119458;100458;1;69.0;58.0;0.0
46;2021-08-17;744;988;0;120202;101446;1;69.4;58.6;0.0
46;2021-08-18;584;841;0;120786;102287;1;69.8;59.1;0.0
46;2021-08-19;529;1076;0;121315;103363;1;70.1;59.7;0.0
46;2021-08-20;439;1199;0;121754;104562;1;70.3;60.4;0.0
46;2021-08-21;304;521;0;122058;105083;1;70.5;60.7;0.0
46;2021-08-22;19;48;0;122077;105131;1;70.5;60.7;0.0
46;2021-08-23;361;1023;0;122438;106154;1;70.7;61.3;0.0
46;2021-08-24;461;1136;0;122899;107290;1;71.0;62.0;0.0
46;2021-08-25;396;1053;0;123295;108343;1;71.2;62.6;0.0
46;2021-08-26;351;904;0;123646;109247;1;71.4;63.1;0.0
46;2021-08-27;379;1304;0;124025;110551;1;71.6;63.8;0.0
46;2021-08-28;232;550;0;124257;111101;1;71.8;64.2;0.0
46;2021-08-29;14;42;0;124271;111143;1;71.8;64.2;0.0
46;2021-08-30;278;958;17;124549;112101;18;71.9;64.7;0.0
46;2021-08-31;300;1078;33;124849;113179;51;72.1;65.4;0.0
46;2021-09-01;377;948;50;125226;114127;101;72.3;65.9;0.1
46;2021-09-02;247;839;41;125473;114966;142;72.5;66.4;0.1
46;2021-09-03;292;966;100;125765;115932;242;72.6;66.9;0.1
46;2021-09-04;197;542;32;125962;116474;274;72.7;67.3;0.2
46;2021-09-05;12;40;3;125974;116514;277;72.7;67.3;0.2
46;2021-09-06;201;586;82;126175;117100;359;72.9;67.6;0.2
46;2021-09-07;226;677;93;126401;117777;452;73.0;68.0;0.3
46;2021-09-08;240;679;91;126641;118456;543;73.1;68.4;0.3
46;2021-09-09;190;458;101;126831;118914;644;73.2;68.7;0.4
46;2021-09-10;269;729;151;127100;119643;795;73.4;69.1;0.5
46;2021-09-11;153;338;34;127253;119981;829;73.5;69.3;0.5
46;2021-09-12;8;31;4;127261;120012;833;73.5;69.3;0.5
46;2021-09-13;166;435;163;127427;120447;996;73.6;69.6;0.6
46;2021-09-14;253;385;340;127680;120832;1336;73.7;69.8;0.8
46;2021-09-15;229;545;183;127909;121377;1519;73.9;70.1;0.9
46;2021-09-16;126;240;119;128035;121617;1638;73.9;70.2;0.9
46;2021-09-17;217;445;208;128252;122062;1846;74.1;70.5;1.1
46;2021-09-18;96;357;31;128348;122419;1877;74.1;70.7;1.1
46;2021-09-19;4;21;0;128352;122440;1877;74.1;70.7;1.1
46;2021-09-20;65;324;141;128417;122764;2018;74.2;70.9;1.2
46;2021-09-21;81;212;210;128498;122976;2228;74.2;71.0;1.3
46;2021-09-22;114;443;273;128612;123419;2501;74.3;71.3;1.4
46;2021-09-23;81;204;384;128693;123623;2885;74.3;71.4;1.7
46;2021-09-24;90;366;225;128783;123989;3110;74.4;71.6;1.8
46;2021-09-25;74;223;41;128857;124212;3151;74.4;71.7;1.8
46;2021-09-26;5;11;4;128862;124223;3155;74.4;71.7;1.8
46;2021-09-27;74;214;200;128936;124437;3355;74.5;71.9;1.9
46;2021-09-28;53;215;150;128989;124652;3505;74.5;72.0;2.0
46;2021-09-29;74;271;182;129063;124923;3687;74.5;72.1;2.1
46;2021-09-30;62;140;206;129125;125063;3893;74.6;72.2;2.2
46;2021-10-01;113;265;142;129238;125328;4035;74.6;72.4;2.3
46;2021-10-02;85;191;57;129323;125519;4092;74.7;72.5;2.4
46;2021-10-03;0;1;0;129323;125520;4092;74.7;72.5;2.4
46;2021-10-04;67;171;204;129390;125691;4296;74.7;72.6;2.5
46;2021-10-05;64;215;202;129454;125906;4498;74.8;72.7;2.6
46;2021-10-06;67;196;197;129521;126102;4695;74.8;72.8;2.7
46;2021-10-07;65;165;275;129586;126267;4970;74.8;72.9;2.9
46;2021-10-08;115;259;321;129701;126526;5291;74.9;73.1;3.1
46;2021-10-09;73;139;112;129774;126665;5403;74.9;73.1;3.1
46;2021-10-10;0;7;0;129774;126672;5403;74.9;73.2;3.1
46;2021-10-11;65;131;233;129839;126803;5636;75.0;73.2;3.3
46;2021-10-12;45;82;263;129884;126885;5899;75.0;73.3;3.4
46;2021-10-13;68;146;292;129952;127031;6191;75.0;73.4;3.6
46;2021-10-14;59;120;321;130011;127151;6512;75.1;73.4;3.8
46;2021-10-15;96;188;293;130107;127339;6805;75.1;73.5;3.9
46;2021-10-16;56;99;109;130163;127438;6914;75.2;73.6;4.0
46;2021-10-17;1;7;1;130164;127445;6915;75.2;73.6;4.0
46;2021-10-18;33;69;251;130197;127514;7166;75.2;73.6;4.1
46;2021-10-19;43;54;263;130240;127568;7429;75.2;73.7;4.3
46;2021-10-20;53;96;356;130293;127664;7785;75.2;73.7;4.5
46;2021-10-21;37;64;211;130330;127728;7996;75.3;73.8;4.6
46;2021-10-22;80;118;433;130410;127846;8429;75.3;73.8;4.9
46;2021-10-23;43;69;126;130453;127915;8555;75.3;73.9;4.9
46;2021-10-24;4;6;3;130457;127921;8558;75.3;73.9;4.9
46;2021-10-25;41;49;250;130498;127970;8808;75.4;73.9;5.1
46;2021-10-26;41;49;286;130539;128019;9094;75.4;73.9;5.3
46;2021-10-27;56;104;357;130595;128123;9451;75.4;74.0;5.5
46;2021-10-28;59;67;195;130654;128190;9646;75.5;74.0;5.6
46;2021-10-29;59;105;315;130713;128295;9961;75.5;74.1;5.8
46;2021-10-30;42;72;188;130755;128367;10149;75.5;74.1;5.9
46;2021-10-31;4;0;5;130759;128367;10154;75.5;74.1;5.9
46;2021-11-01;4;2;18;130763;128369;10172;75.5;74.1;5.9
46;2021-11-02;39;75;359;130802;128444;10531;75.5;74.2;6.1
46;2021-11-03;43;95;416;130845;128539;10947;75.6;74.2;6.3
46;2021-11-04;21;47;218;130866;128586;11165;75.6;74.3;6.4
46;2021-11-05;53;103;440;130919;128689;11605;75.6;74.3;6.7
46;2021-11-06;52;78;329;130971;128767;11934;75.6;74.4;6.9
46;2021-11-07;3;1;11;130974;128768;11945;75.6;74.4;6.9
46;2021-11-08;21;52;398;130995;128820;12343;75.6;74.4;7.1
46;2021-11-09;51;59;573;131046;128879;12916;75.7;74.4;7.5
46;2021-11-10;65;66;655;131111;128945;13571;75.7;74.5;7.8
46;2021-11-11;4;2;19;131115;128947;13590;75.7;74.5;7.8
46;2021-11-12;41;70;505;131156;129017;14095;75.7;74.5;8.1
46;2021-11-13;37;55;243;131193;129072;14338;75.8;74.5;8.3
46;2021-11-14;4;3;18;131197;129075;14356;75.8;74.5;8.3
46;2021-11-15;36;41;444;131233;129116;14800;75.8;74.6;8.5
46;2021-11-16;49;40;644;131282;129156;15444;75.8;74.6;8.9
46;2021-11-17;74;77;739;131356;129233;16183;75.9;74.6;9.3
46;2021-11-18;33;48;524;131389;129281;16707;75.9;74.7;9.6
46;2021-11-19;58;70;760;131447;129351;17467;75.9;74.7;10.1
46;2021-11-20;60;51;409;131507;129402;17876;75.9;74.7;10.3
46;2021-11-21;7;6;15;131514;129408;17891;75.9;74.7;10.3
46;2021-11-22;22;36;561;131536;129444;18452;76.0;74.8;10.7
46;2021-11-23;57;33;730;131593;129477;19182;76.0;74.8;11.1
46;2021-11-24;42;57;840;131635;129534;20022;76.0;74.8;11.6
46;2021-11-25;70;42;1169;131705;129576;21191;76.1;74.8;12.2
46;2021-11-26;62;57;1224;131767;129633;22415;76.1;74.9;12.9
46;2021-11-27;64;60;986;131831;129693;23401;76.1;74.9;13.5
46;2021-11-28;18;10;456;131849;129703;23857;76.1;74.9;13.8
46;2021-11-29;34;28;841;131883;129731;24698;76.2;74.9;14.3
46;2021-11-30;50;34;1568;131933;129765;26266;76.2;74.9;15.2
46;2021-12-01;68;68;1332;132001;129833;27598;76.2;75.0;15.9
46;2021-12-02;44;41;1525;132045;129874;29123;76.3;75.0;16.8
46;2021-12-03;63;67;1720;132108;129941;30843;76.3;75.0;17.8
46;2021-12-04;48;47;1304;132156;129988;32147;76.3;75.1;18.6
46;2021-12-05;25;5;464;132181;129993;32611;76.3;75.1;18.8
46;2021-12-06;56;62;1712;132237;130055;34323;76.4;75.1;19.8
46;2021-12-07;42;53;2001;132279;130108;36324;76.4;75.1;21.0
46;2021-12-08;58;78;1813;132337;130186;38137;76.4;75.2;22.0
46;2021-12-09;53;46;1873;132390;130232;40010;76.5;75.2;23.1
46;2021-12-10;58;55;2297;132448;130287;42307;76.5;75.2;24.4
46;2021-12-11;50;59;1124;132498;130346;43431;76.5;75.3;25.1
46;2021-12-12;9;8;252;132507;130354;43683;76.5;75.3;25.2
46;2021-12-13;64;50;1802;132571;130404;45485;76.6;75.3;26.3
46;2021-12-14;76;65;2737;132647;130469;48222;76.6;75.3;27.8
46;2021-12-15;61;67;2309;132708;130536;50531;76.6;75.4;29.2
46;2021-12-16;87;82;2491;132795;130618;53022;76.7;75.4;30.6
46;2021-12-17;99;82;2541;132894;130700;55563;76.7;75.5;32.1
46;2021-12-18;54;58;1336;132948;130758;56899;76.8;75.5;32.9
46;2021-12-19;15;6;278;132963;130764;57177;76.8;75.5;33.0
46;2021-12-20;69;69;1541;133032;130833;58718;76.8;75.6;33.9
46;2021-12-21;69;76;1958;133101;130909;60676;76.9;75.6;35.0
46;2021-12-22;80;63;1522;133181;130972;62198;76.9;75.6;35.9
46;2021-12-23;85;45;1277;133266;131017;63475;77.0;75.7;36.7
46;2021-12-24;23;17;313;133289;131034;63788;77.0;75.7;36.8
46;2021-12-25;2;1;11;133291;131035;63799;77.0;75.7;36.8
46;2021-12-26;8;2;78;133299;131037;63877;77.0;75.7;36.9
46;2021-12-27;60;51;991;133359;131088;64868;77.0;75.7;37.5
46;2021-12-28;76;59;1343;133435;131147;66211;77.1;75.7;38.2
47;2020-12-27;0;0;0;0;0;0;0.0;0.0;0.0
47;2020-12-28;0;0;0;0;0;0;0.0;0.0;0.0
47;2020-12-29;0;0;0;0;0;0;0.0;0.0;0.0
47;2020-12-30;0;0;0;0;0;0;0.0;0.0;0.0
47;2020-12-31;0;0;0;0;0;0;0.0;0.0;0.0
47;2021-01-01;4;0;0;4;0;0;0.0;0.0;0.0
47;2021-01-02;0;0;0;4;0;0;0.0;0.0;0.0
47;2021-01-03;0;0;0;4;0;0;0.0;0.0;0.0
47;2021-01-04;2;0;0;6;0;0;0.0;0.0;0.0
47;2021-01-05;2;0;0;8;0;0;0.0;0.0;0.0
47;2021-01-06;2;0;0;10;0;0;0.0;0.0;0.0
47;2021-01-07;74;1;0;84;1;0;0.0;0.0;0.0
47;2021-01-08;304;0;0;388;1;0;0.1;0.0;0.0
47;2021-01-09;113;0;0;501;1;0;0.2;0.0;0.0
47;2021-01-10;1;0;0;502;1;0;0.2;0.0;0.0
47;2021-01-11;231;0;0;733;1;0;0.2;0.0;0.0
47;2021-01-12;311;0;0;1044;1;0;0.3;0.0;0.0
47;2021-01-13;343;0;0;1387;1;0;0.4;0.0;0.0
47;2021-01-14;365;5;0;1752;6;0;0.5;0.0;0.0
47;2021-01-15;269;1;0;2021;7;0;0.6;0.0;0.0
47;2021-01-16;170;4;0;2191;11;0;0.7;0.0;0.0
47;2021-01-17;2;0;0;2193;11;0;0.7;0.0;0.0
47;2021-01-18;478;3;0;2671;14;0;0.8;0.0;0.0
47;2021-01-19;479;3;0;3150;17;0;1.0;0.0;0.0
47;2021-01-20;520;2;0;3670;19;0;1.1;0.0;0.0
47;2021-01-21;576;2;0;4246;21;0;1.3;0.0;0.0
47;2021-01-22;449;1;0;4695;22;0;1.4;0.0;0.0
47;2021-01-23;375;0;0;5070;22;0;1.5;0.0;0.0
47;2021-01-24;0;0;0;5070;22;0;1.5;0.0;0.0
47;2021-01-25;426;0;0;5496;22;0;1.7;0.0;0.0
47;2021-01-26;743;6;0;6239;28;0;1.9;0.0;0.0
47;2021-01-27;743;2;0;6982;30;0;2.1;0.0;0.0
47;2021-01-28;526;65;0;7508;95;0;2.3;0.0;0.0
47;2021-01-29;436;164;0;7944;259;0;2.4;0.1;0.0
47;2021-01-30;289;40;0;8233;299;0;2.5;0.1;0.0
47;2021-01-31;0;0;0;8233;299;0;2.5;0.1;0.0
47;2021-02-01;349;111;0;8582;410;0;2.6;0.1;0.0
47;2021-02-02;700;307;0;9282;717;0;2.8;0.2;0.0
47;2021-02-03;417;164;0;9699;881;0;2.9;0.3;0.0
47;2021-02-04;385;312;0;10084;1193;0;3.1;0.4;0.0
47;2021-02-05;309;290;0;10393;1483;0;3.1;0.4;0.0
47;2021-02-06;285;96;0;10678;1579;0;3.2;0.5;0.0
47;2021-02-07;1;2;0;10679;1581;0;3.2;0.5;0.0
47;2021-02-08;184;277;0;10863;1858;0;3.3;0.6;0.0
47;2021-02-09;224;274;0;11087;2132;0;3.4;0.6;0.0
47;2021-02-10;262;225;0;11349;2357;0;3.4;0.7;0.0
47;2021-02-11;340;325;0;11689;2682;0;3.5;0.8;0.0
47;2021-02-12;265;390;0;11954;3072;0;3.6;0.9;0.0
47;2021-02-13;223;103;0;12177;3175;0;3.7;1.0;0.0
47;2021-02-14;6;0;0;12183;3175;0;3.7;1.0;0.0
47;2021-02-15;176;377;0;12359;3552;0;3.7;1.1;0.0
47;2021-02-16;298;540;0;12657;4092;0;3.8;1.2;0.0
47;2021-02-17;295;456;0;12952;4548;0;3.9;1.4;0.0
47;2021-02-18;210;557;0;13162;5105;0;4.0;1.5;0.0
47;2021-02-19;212;358;0;13374;5463;0;4.0;1.7;0.0
47;2021-02-20;118;249;0;13492;5712;0;4.1;1.7;0.0
47;2021-02-21;1;0;0;13493;5712;0;4.1;1.7;0.0
47;2021-02-22;76;405;0;13569;6117;0;4.1;1.9;0.0
47;2021-02-23;165;598;0;13734;6715;0;4.2;2.0;0.0
47;2021-02-24;259;562;0;13993;7277;0;4.2;2.2;0.0
47;2021-02-25;356;444;0;14349;7721;0;4.3;2.3;0.0
47;2021-02-26;482;317;0;14831;8038;0;4.5;2.4;0.0
47;2021-02-27;318;212;0;15149;8250;0;4.6;2.5;0.0
47;2021-02-28;0;2;0;15149;8252;0;4.6;2.5;0.0
47;2021-03-01;145;394;0;15294;8646;0;4.6;2.6;0.0
47;2021-03-02;237;368;0;15531;9014;0;4.7;2.7;0.0
47;2021-03-03;265;355;0;15796;9369;0;4.8;2.8;0.0
47;2021-03-04;643;334;0;16439;9703;0;5.0;2.9;0.0
47;2021-03-05;874;288;0;17313;9991;0;5.2;3.0;0.0
47;2021-03-06;509;187;0;17822;10178;0;5.4;3.1;0.0
47;2021-03-07;318;9;0;18140;10187;0;5.5;3.1;0.0
47;2021-03-08;482;222;0;18622;10409;0;5.6;3.2;0.0
47;2021-03-09;523;460;0;19145;10869;0;5.8;3.3;0.0
47;2021-03-10;673;308;0;19818;11177;0;6.0;3.4;0.0
47;2021-03-11;964;386;0;20782;11563;0;6.3;3.5;0.0
47;2021-03-12;1409;316;0;22191;11879;0;6.7;3.6;0.0
47;2021-03-13;915;107;0;23106;11986;0;7.0;3.6;0.0
47;2021-03-14;48;0;0;23154;11986;0;7.0;3.6;0.0
47;2021-03-15;629;154;0;23783;12140;0;7.2;3.7;0.0
47;2021-03-16;783;202;0;24566;12342;0;7.4;3.7;0.0
47;2021-03-17;865;223;0;25431;12565;0;7.7;3.8;0.0
47;2021-03-18;930;190;0;26361;12755;0;8.0;3.9;0.0
47;2021-03-19;1283;135;0;27644;12890;0;8.4;3.9;0.0
47;2021-03-20;1055;58;0;28699;12948;0;8.7;3.9;0.0
47;2021-03-21;335;1;0;29034;12949;0;8.8;3.9;0.0
47;2021-03-22;1027;120;0;30061;13069;0;9.1;4.0;0.0
47;2021-03-23;1187;183;0;31248;13252;0;9.5;4.0;0.0
47;2021-03-24;1233;162;0;32481;13414;0;9.8;4.1;0.0
47;2021-03-25;1555;164;0;34036;13578;0;10.3;4.1;0.0
47;2021-03-26;1887;222;0;35923;13800;0;10.9;4.2;0.0
47;2021-03-27;967;127;0;36890;13927;0;11.2;4.2;0.0
47;2021-03-28;671;7;0;37561;13934;0;11.4;4.2;0.0
47;2021-03-29;1490;114;0;39051;14048;0;11.8;4.3;0.0
47;2021-03-30;1645;149;0;40696;14197;0;12.3;4.3;0.0
47;2021-03-31;1627;185;0;42323;14382;0;12.8;4.4;0.0
47;2021-04-01;1749;278;0;44072;14660;0;13.3;4.4;0.0
47;2021-04-02;1969;451;0;46041;15111;0;13.9;4.6;0.0
47;2021-04-03;1203;183;0;47244;15294;0;14.3;4.6;0.0
47;2021-04-04;469;14;0;47713;15308;0;14.4;4.6;0.0
47;2021-04-05;1190;54;0;48903;15362;0;14.8;4.7;0.0
47;2021-04-06;1427;404;0;50330;15766;0;15.2;4.8;0.0
47;2021-04-07;1697;630;0;52027;16396;0;15.7;5.0;0.0
47;2021-04-08;1867;516;0;53894;16912;0;16.3;5.1;0.0
47;2021-04-09;2234;549;0;56128;17461;0;17.0;5.3;0.0
47;2021-04-10;1581;326;0;57709;17787;0;17.5;5.4;0.0
47;2021-04-11;522;13;0;58231;17800;0;17.6;5.4;0.0
47;2021-04-12;1495;636;0;59726;18436;0;18.1;5.6;0.0
47;2021-04-13;1877;796;0;61603;19232;0;18.6;5.8;0.0
47;2021-04-14;1814;736;0;63417;19968;0;19.2;6.0;0.0
47;2021-04-15;2031;862;0;65448;20830;0;19.8;6.3;0.0
47;2021-04-16;1818;897;0;67266;21727;0;20.4;6.6;0.0
47;2021-04-17;1457;945;0;68723;22672;0;20.8;6.9;0.0
47;2021-04-18;29;5;0;68752;22677;0;20.8;6.9;0.0
47;2021-04-19;1336;945;0;70088;23622;0;21.2;7.2;0.0
47;2021-04-20;1745;913;0;71833;24535;0;21.7;7.4;0.0
47;2021-04-21;1635;806;0;73468;25341;0;22.2;7.7;0.0
47;2021-04-22;1878;1025;0;75346;26366;0;22.8;8.0;0.0
47;2021-04-23;1724;1104;0;77070;27470;0;23.3;8.3;0.0
47;2021-04-24;1520;781;0;78590;28251;0;23.8;8.6;0.0
47;2021-04-25;260;336;0;78850;28587;0;23.9;8.7;0.0
47;2021-04-26;1435;1352;0;80285;29939;0;24.3;9.1;0.0
47;2021-04-27;1890;1466;0;82175;31405;0;24.9;9.5;0.0
47;2021-04-28;2009;1600;0;84184;33005;0;25.5;10.0;0.0
47;2021-04-29;2445;1514;0;86629;34519;0;26.2;10.4;0.0
47;2021-04-30;1982;1776;0;88611;36295;0;26.8;11.0;0.0
47;2021-05-01;2139;940;0;90750;37235;0;27.5;11.3;0.0
47;2021-05-02;40;357;0;90790;37592;0;27.5;11.4;0.0
47;2021-05-03;1520;1393;0;92310;38985;0;27.9;11.8;0.0
47;2021-05-04;1588;1744;0;93898;40729;0;28.4;12.3;0.0
47;2021-05-05;1833;1632;0;95731;42361;0;29.0;12.8;0.0
47;2021-05-06;1962;1518;0;97693;43879;0;29.6;13.3;0.0
47;2021-05-07;1928;1688;0;99621;45567;0;30.2;13.8;0.0
47;2021-05-08;1960;545;0;101581;46112;0;30.8;14.0;0.0
47;2021-05-09;32;362;0;101613;46474;0;30.8;14.1;0.0
47;2021-05-10;1105;1718;0;102718;48192;0;31.1;14.6;0.0
47;2021-05-11;1996;2023;0;104714;50215;0;31.7;15.2;0.0
47;2021-05-12;2342;1476;0;107056;51691;0;32.4;15.6;0.0
47;2021-05-13;1961;604;0;109017;52295;0;33.0;15.8;0.0
47;2021-05-14;1762;841;0;110779;53136;0;33.5;16.1;0.0
47;2021-05-15;1666;850;0;112445;53986;0;34.0;16.3;0.0
47;2021-05-16;310;11;0;112755;53997;0;34.1;16.3;0.0
47;2021-05-17;1679;1162;0;114434;55159;0;34.6;16.7;0.0
47;2021-05-18;2078;1210;0;116512;56369;0;35.3;17.1;0.0
47;2021-05-19;2124;762;0;118636;57131;0;35.9;17.3;0.0
47;2021-05-20;2367;998;0;121003;58129;0;36.6;17.6;0.0
47;2021-05-21;1412;1160;0;122415;59289;0;37.1;17.9;0.0
47;2021-05-22;2145;823;0;124560;60112;0;37.7;18.2;0.0
47;2021-05-23;47;186;0;124607;60298;0;37.7;18.3;0.0
47;2021-05-24;1357;254;0;125964;60552;0;38.1;18.3;0.0
47;2021-05-25;1391;1327;0;127355;61879;0;38.6;18.7;0.0
47;2021-05-26;1519;1117;0;128874;62996;0;39.0;19.1;0.0
47;2021-05-27;1840;1279;0;130714;64275;0;39.6;19.5;0.0
47;2021-05-28;1411;1562;0;132125;65837;0;40.0;19.9;0.0
47;2021-05-29;1054;1110;0;133179;66947;0;40.3;20.3;0.0
47;2021-05-30;28;50;0;133207;66997;0;40.3;20.3;0.0
47;2021-05-31;1770;1397;0;134977;68394;0;40.9;20.7;0.0
47;2021-06-01;1820;1387;0;136797;69781;0;41.4;21.1;0.0
47;2021-06-02;1941;1311;0;138738;71092;0;42.0;21.5;0.0
47;2021-06-03;2307;1593;0;141045;72685;0;42.7;22.0;0.0
47;2021-06-04;1846;2074;0;142891;74759;0;43.3;22.6;0.0
47;2021-06-05;1481;1443;0;144372;76202;0;43.7;23.1;0.0
47;2021-06-06;223;80;0;144595;76282;0;43.8;23.1;0.0
47;2021-06-07;1544;2141;0;146139;78423;0;44.2;23.7;0.0
47;2021-06-08;1550;1827;0;147689;80250;0;44.7;24.3;0.0
47;2021-06-09;1660;2035;0;149349;82285;0;45.2;24.9;0.0
47;2021-06-10;2208;1603;0;151557;83888;0;45.9;25.4;0.0
47;2021-06-11;1732;2039;0;153289;85927;0;46.4;26.0;0.0
47;2021-06-12;1176;2021;0;154465;87948;0;46.8;26.6;0.0
47;2021-06-13;39;26;0;154504;87974;0;46.8;26.6;0.0
47;2021-06-14;1194;2320;0;155698;90294;0;47.1;27.3;0.0
47;2021-06-15;1384;1968;0;157082;92262;0;47.6;27.9;0.0
47;2021-06-16;1115;2068;0;158197;94330;0;47.9;28.6;0.0
47;2021-06-17;1529;1484;0;159726;95814;0;48.4;29.0;0.0
47;2021-06-18;1354;2433;0;161080;98247;0;48.8;29.7;0.0
47;2021-06-19;1349;2202;0;162429;100449;0;49.2;30.4;0.0
47;2021-06-20;22;50;0;162451;100499;0;49.2;30.4;0.0
47;2021-06-21;996;2274;0;163447;102773;0;49.5;31.1;0.0
47;2021-06-22;768;2341;0;164215;105114;0;49.7;31.8;0.0
47;2021-06-23;969;1899;0;165184;107013;0;50.0;32.4;0.0
47;2021-06-24;1164;1859;0;166348;108872;0;50.4;33.0;0.0
47;2021-06-25;941;2445;0;167289;111317;0;50.6;33.7;0.0
47;2021-06-26;880;2422;0;168169;113739;0;50.9;34.4;0.0
47;2021-06-27;24;300;0;168193;114039;0;50.9;34.5;0.0
47;2021-06-28;765;2203;0;168958;116242;0;51.1;35.2;0.0
47;2021-06-29;770;2192;0;169728;118434;0;51.4;35.9;0.0
47;2021-06-30;734;2124;0;170462;120558;0;51.6;36.5;0.0
47;2021-07-01;819;2000;0;171281;122558;0;51.9;37.1;0.0
47;2021-07-02;839;2124;0;172120;124682;0;52.1;37.7;0.0
47;2021-07-03;662;2761;0;172782;127443;0;52.3;38.6;0.0
47;2021-07-04;46;32;0;172828;127475;0;52.3;38.6;0.0
47;2021-07-05;874;2017;0;173702;129492;0;52.6;39.2;0.0
47;2021-07-06;868;1915;0;174570;131407;0;52.8;39.8;0.0
47;2021-07-07;1253;1944;0;175823;133351;0;53.2;40.4;0.0
47;2021-07-08;1067;2091;0;176890;135442;0;53.5;41.0;0.0
47;2021-07-09;969;2277;0;177859;137719;0;53.8;41.7;0.0
47;2021-07-10;830;1893;0;178689;139612;0;54.1;42.3;0.0
47;2021-07-11;13;43;0;178702;139655;0;54.1;42.3;0.0
47;2021-07-12;558;2362;0;179260;142017;0;54.3;43.0;0.0
47;2021-07-13;1047;2396;0;180307;144413;0;54.6;43.7;0.0
47;2021-07-14;975;1395;0;181282;145808;0;54.9;44.1;0.0
47;2021-07-15;1576;2922;0;182858;148730;0;55.4;45.0;0.0
47;2021-07-16;1604;2500;0;184462;151230;0;55.8;45.8;0.0
47;2021-07-17;1136;2211;0;185598;153441;0;56.2;46.4;0.0
47;2021-07-18;71;221;0;185669;153662;0;56.2;46.5;0.0
47;2021-07-19;979;2313;0;186648;155975;0;56.5;47.2;0.0
47;2021-07-20;1504;2244;0;188152;158219;0;57.0;47.9;0.0
47;2021-07-21;1933;2129;0;190085;160348;0;57.5;48.5;0.0
47;2021-07-22;2076;2195;0;192161;162543;0;58.2;49.2;0.0
47;2021-07-23;1976;2064;0;194137;164607;0;58.8;49.8;0.0
47;2021-07-24;1029;1647;0;195166;166254;0;59.1;50.3;0.0
47;2021-07-25;78;47;0;195244;166301;0;59.1;50.3;0.0
47;2021-07-26;1240;1779;0;196484;168080;0;59.5;50.9;0.0
47;2021-07-27;2053;1529;0;198537;169609;0;60.1;51.3;0.0
47;2021-07-28;1800;1617;0;200337;171226;0;60.6;51.8;0.0
47;2021-07-29;2230;1591;0;202567;172817;0;61.3;52.3;0.0
47;2021-07-30;1860;1567;0;204427;174384;0;61.9;52.8;0.0
47;2021-07-31;1322;1443;0;205749;175827;0;62.3;53.2;0.0
47;2021-08-01;66;36;0;205815;175863;0;62.3;53.2;0.0
47;2021-08-02;1855;1127;0;207670;176990;0;62.9;53.6;0.0
47;2021-08-03;1953;1053;0;209623;178043;0;63.5;53.9;0.0
47;2021-08-04;2056;1290;0;211679;179333;0;64.1;54.3;0.0
47;2021-08-05;2216;1324;0;213895;180657;0;64.8;54.7;0.0
47;2021-08-06;1837;1685;0;215732;182342;0;65.3;55.2;0.0
47;2021-08-07;1372;1179;0;217104;183521;0;65.7;55.6;0.0
47;2021-08-08;56;42;0;217160;183563;0;65.7;55.6;0.0
47;2021-08-09;1730;1132;0;218890;184695;0;66.3;55.9;0.0
47;2021-08-10;1753;1195;0;220643;185890;0;66.8;56.3;0.0
47;2021-08-11;1671;1321;0;222314;187211;0;67.3;56.7;0.0
47;2021-08-12;1794;1226;0;224108;188437;0;67.8;57.0;0.0
47;2021-08-13;1295;1514;0;225403;189951;0;68.2;57.5;0.0
47;2021-08-14;1160;1256;0;226563;191207;0;68.6;57.9;0.0
47;2021-08-15;29;43;0;226592;191250;0;68.6;57.9;0.0
47;2021-08-16;1260;1303;0;227852;192553;0;69.0;58.3;0.0
47;2021-08-17;1066;1597;0;228918;194150;0;69.3;58.8;0.0
47;2021-08-18;1143;1678;0;230061;195828;0;69.6;59.3;0.0
47;2021-08-19;942;1644;0;231003;197472;0;69.9;59.8;0.0
47;2021-08-20;927;1657;0;231930;199129;0;70.2;60.3;0.0
47;2021-08-21;750;1194;0;232680;200323;0;70.4;60.6;0.0
47;2021-08-22;23;57;0;232703;200380;0;70.4;60.7;0.0
47;2021-08-23;594;1761;0;233297;202141;0;70.6;61.2;0.0
47;2021-08-24;793;1605;0;234090;203746;0;70.9;61.7;0.0
47;2021-08-25;747;1779;0;234837;205525;0;71.1;62.2;0.0
47;2021-08-26;704;2042;0;235541;207567;0;71.3;62.8;0.0
47;2021-08-27;681;1844;0;236222;209411;0;71.5;63.4;0.0
47;2021-08-28;507;1497;0;236729;210908;0;71.7;63.8;0.0
47;2021-08-29;19;66;0;236748;210974;0;71.7;63.9;0.0
47;2021-08-30;449;1799;19;237197;212773;19;71.8;64.4;0.0
47;2021-08-31;531;1740;27;237728;214513;46;72.0;64.9;0.0
47;2021-09-01;447;1844;64;238175;216357;110;72.1;65.5;0.0
47;2021-09-02;468;1812;81;238643;218169;191;72.2;66.0;0.1
47;2021-09-03;508;1700;114;239151;219869;305;72.4;66.6;0.1
47;2021-09-04;443;1485;76;239594;221354;381;72.5;67.0;0.1
47;2021-09-05;19;58;2;239613;221412;383;72.5;67.0;0.1
47;2021-09-06;347;1211;172;239960;222623;555;72.6;67.4;0.2
47;2021-09-07;452;1074;159;240412;223697;714;72.8;67.7;0.2
47;2021-09-08;421;1406;142;240833;225103;856;72.9;68.1;0.3
47;2021-09-09;420;1017;249;241253;226120;1105;73.0;68.5;0.3
47;2021-09-10;455;1147;183;241708;227267;1288;73.2;68.8;0.4
47;2021-09-11;380;1234;57;242088;228501;1345;73.3;69.2;0.4
47;2021-09-12;6;18;2;242094;228519;1347;73.3;69.2;0.4
47;2021-09-13;253;772;267;242347;229291;1614;73.4;69.4;0.5
47;2021-09-14;389;765;359;242736;230056;1973;73.5;69.6;0.6
47;2021-09-15;330;868;192;243066;230924;2165;73.6;69.9;0.7
47;2021-09-16;335;559;398;243401;231483;2563;73.7;70.1;0.8
47;2021-09-17;378;652;224;243779;232135;2787;73.8;70.3;0.8
47;2021-09-18;237;881;78;244016;233016;2865;73.9;70.5;0.9
47;2021-09-19;7;14;6;244023;233030;2871;73.9;70.5;0.9
47;2021-09-20;184;498;365;244207;233528;3236;73.9;70.7;1.0
47;2021-09-21;250;397;358;244457;233925;3594;74.0;70.8;1.1
47;2021-09-22;203;608;269;244660;234533;3863;74.1;71.0;1.2
47;2021-09-23;192;387;423;244852;234920;4286;74.1;71.1;1.3
47;2021-09-24;270;606;324;245122;235526;4610;74.2;71.3;1.4
47;2021-09-25;182;565;80;245304;236091;4690;74.3;71.5;1.4
47;2021-09-26;3;9;3;245307;236100;4693;74.3;71.5;1.4
47;2021-09-27;111;375;163;245418;236475;4856;74.3;71.6;1.5
47;2021-09-28;129;358;230;245547;236833;5086;74.3;71.7;1.5
47;2021-09-29;158;444;211;245705;237277;5297;74.4;71.8;1.6
47;2021-09-30;161;354;386;245866;237631;5683;74.4;71.9;1.7
47;2021-10-01;230;522;207;246096;238153;5890;74.5;72.1;1.8
47;2021-10-02;191;433;120;246287;238586;6010;74.6;72.2;1.8
47;2021-10-03;0;6;0;246287;238592;6010;74.6;72.2;1.8
47;2021-10-04;135;329;291;246422;238921;6301;74.6;72.3;1.9
47;2021-10-05;114;309;226;246536;239230;6527;74.6;72.4;2.0
47;2021-10-06;217;416;275;246753;239646;6802;74.7;72.5;2.1
47;2021-10-07;144;359;343;246897;240005;7145;74.7;72.7;2.2
47;2021-10-08;179;398;315;247076;240403;7460;74.8;72.8;2.3
47;2021-10-09;214;327;193;247290;240730;7653;74.9;72.9;2.3
47;2021-10-10;1;9;14;247291;240739;7667;74.9;72.9;2.3
47;2021-10-11;127;214;296;247418;240953;7963;74.9;72.9;2.4
47;2021-10-12;124;263;382;247542;241216;8345;74.9;73.0;2.5
47;2021-10-13;139;262;256;247681;241478;8601;75.0;73.1;2.6
47;2021-10-14;92;209;312;247773;241687;8913;75.0;73.2;2.7
47;2021-10-15;162;354;409;247935;242041;9322;75.1;73.3;2.8
47;2021-10-16;175;224;246;248110;242265;9568;75.1;73.3;2.9
47;2021-10-17;1;7;4;248111;242272;9572;75.1;73.3;2.9
47;2021-10-18;125;200;445;248236;242472;10017;75.1;73.4;3.0
47;2021-10-19;114;180;393;248350;242652;10410;75.2;73.5;3.2
47;2021-10-20;134;174;433;248484;242826;10843;75.2;73.5;3.3
47;2021-10-21;109;135;435;248593;242961;11278;75.3;73.5;3.4
47;2021-10-22;118;188;494;248711;243149;11772;75.3;73.6;3.6
47;2021-10-23;160;221;311;248871;243370;12083;75.3;73.7;3.7
47;2021-10-24;2;7;4;248873;243377;12087;75.3;73.7;3.7
47;2021-10-25;116;149;488;248989;243526;12575;75.4;73.7;3.8
47;2021-10-26;83;140;618;249072;243666;13193;75.4;73.8;4.0
47;2021-10-27;132;179;520;249204;243845;13713;75.4;73.8;4.2
47;2021-10-28;88;154;478;249292;243999;14191;75.5;73.9;4.3
47;2021-10-29;89;177;640;249381;244176;14831;75.5;73.9;4.5
47;2021-10-30;84;199;329;249465;244375;15160;75.5;74.0;4.6
47;2021-10-31;0;4;5;249465;244379;15165;75.5;74.0;4.6
47;2021-11-01;22;15;105;249487;244394;15270;75.5;74.0;4.6
47;2021-11-02;118;147;636;249605;244541;15906;75.6;74.0;4.8
47;2021-11-03;97;176;709;249702;244717;16615;75.6;74.1;5.0
47;2021-11-04;89;117;781;249791;244834;17396;75.6;74.1;5.3
47;2021-11-05;119;163;783;249910;244997;18179;75.7;74.2;5.5
47;2021-11-06;115;208;484;250025;245205;18663;75.7;74.2;5.6
47;2021-11-07;2;13;16;250027;245218;18679;75.7;74.2;5.7
47;2021-11-08;64;139;846;250091;245357;19525;75.7;74.3;5.9
47;2021-11-09;99;150;1100;250190;245507;20625;75.7;74.3;6.2
47;2021-11-10;113;175;987;250303;245682;21612;75.8;74.4;6.5
47;2021-11-11;39;29;283;250342;245711;21895;75.8;74.4;6.6
47;2021-11-12;91;144;1075;250433;245855;22970;75.8;74.4;7.0
47;2021-11-13;114;169;560;250547;246024;23530;75.8;74.5;7.1
47;2021-11-14;1;6;17;250548;246030;23547;75.8;74.5;7.1
47;2021-11-15;82;104;1469;250630;246134;25016;75.9;74.5;7.6
47;2021-11-16;97;132;1593;250727;246266;26609;75.9;74.6;8.1
47;2021-11-17;139;143;1176;250866;246409;27785;75.9;74.6;8.4
47;2021-11-18;88;89;1147;250954;246498;28932;76.0;74.6;8.8
47;2021-11-19;127;125;1398;251081;246623;30330;76.0;74.7;9.2
47;2021-11-20;145;150;844;251226;246773;31174;76.1;74.7;9.4
47;2021-11-21;8;10;20;251234;246783;31194;76.1;74.7;9.4
47;2021-11-22;69;59;1053;251303;246842;32247;76.1;74.7;9.8
47;2021-11-23;117;88;1705;251420;246930;33952;76.1;74.8;10.3
47;2021-11-24;154;155;1364;251574;247085;35316;76.2;74.8;10.7
47;2021-11-25;128;98;1526;251702;247183;36842;76.2;74.8;11.2
47;2021-11-26;128;130;1856;251830;247313;38698;76.2;74.9;11.7
47;2021-11-27;140;140;1553;251970;247453;40251;76.3;74.9;12.2
47;2021-11-28;9;9;168;251979;247462;40419;76.3;74.9;12.2
47;2021-11-29;84;91;2323;252063;247553;42742;76.3;74.9;12.9
47;2021-11-30;132;129;3116;252195;247682;45858;76.3;75.0;13.9
47;2021-12-01;111;134;2786;252306;247816;48644;76.4;75.0;14.7
47;2021-12-02;118;92;2985;252424;247908;51629;76.4;75.0;15.6
47;2021-12-03;123;122;3334;252547;248030;54963;76.5;75.1;16.6
47;2021-12-04;88;127;2198;252635;248157;57161;76.5;75.1;17.3
47;2021-12-05;62;22;1214;252697;248179;58375;76.5;75.1;17.7
47;2021-12-06;88;91;2842;252785;248270;61217;76.5;75.2;18.5
47;2021-12-07;121;118;4167;252906;248388;65384;76.6;75.2;19.8
47;2021-12-08;124;135;3477;253030;248523;68861;76.6;75.2;20.8
47;2021-12-09;121;105;3618;253151;248628;72479;76.6;75.3;21.9
47;2021-12-10;133;146;3759;253284;248774;76238;76.7;75.3;23.1
47;2021-12-11;115;143;3000;253399;248917;79238;76.7;75.4;24.0
47;2021-12-12;9;9;344;253408;248926;79582;76.7;75.4;24.1
47;2021-12-13;97;110;3172;253505;249036;82754;76.7;75.4;25.1
47;2021-12-14;119;136;4135;253624;249172;86889;76.8;75.4;26.3
47;2021-12-15;126;173;3192;253750;249345;90081;76.8;75.5;27.3
47;2021-12-16;135;132;3969;253885;249477;94050;76.9;75.5;28.5
47;2021-12-17;139;177;4278;254024;249654;98328;76.9;75.6;29.8
47;2021-12-18;171;180;2855;254195;249834;101183;77.0;75.6;30.6
47;2021-12-19;50;23;1022;254245;249857;102205;77.0;75.6;30.9
47;2021-12-20;143;116;3009;254388;249973;105214;77.0;75.7;31.9
47;2021-12-21;151;149;3281;254539;250122;108495;77.1;75.7;32.8
47;2021-12-22;187;143;2838;254726;250265;111333;77.1;75.8;33.7
47;2021-12-23;137;96;1894;254863;250361;113227;77.2;75.8;34.3
47;2021-12-24;31;31;382;254894;250392;113609;77.2;75.8;34.4
47;2021-12-25;2;6;45;254896;250398;113654;77.2;75.8;34.4
47;2021-12-26;4;6;194;254900;250404;113848;77.2;75.8;34.5
47;2021-12-27;108;162;2242;255008;250566;116090;77.2;75.9;35.1
47;2021-12-28;154;140;2718;255162;250706;118808;77.2;75.9;36.0
48;2020-12-27;0;0;0;0;0;0;0.0;0.0;0.0
48;2020-12-28;0;0;0;0;0;0;0.0;0.0;0.0
48;2020-12-29;1;0;0;1;0;0;0.0;0.0;0.0
48;2020-12-30;0;0;0;1;0;0;0.0;0.0;0.0
48;2020-12-31;0;0;0;1;0;0;0.0;0.0;0.0
48;2021-01-01;1;0;0;2;0;0;0.0;0.0;0.0
48;2021-01-02;0;0;0;2;0;0;0.0;0.0;0.0
48;2021-01-03;0;0;0;2;0;0;0.0;0.0;0.0
48;2021-01-04;1;0;0;3;0;0;0.0;0.0;0.0
48;2021-01-05;0;0;0;3;0;0;0.0;0.0;0.0
48;2021-01-06;0;0;0;3;0;0;0.0;0.0;0.0
48;2021-01-07;53;0;0;56;0;0;0.1;0.0;0.0
48;2021-01-08;88;1;0;144;1;0;0.2;0.0;0.0
48;2021-01-09;1;0;0;145;1;0;0.2;0.0;0.0
48;2021-01-10;0;0;0;145;1;0;0.2;0.0;0.0
48;2021-01-11;14;0;0;159;1;0;0.2;0.0;0.0
48;2021-01-12;24;1;0;183;2;0;0.2;0.0;0.0
48;2021-01-13;89;0;0;272;2;0;0.4;0.0;0.0
48;2021-01-14;95;1;0;367;3;0;0.5;0.0;0.0
48;2021-01-15;62;0;0;429;3;0;0.6;0.0;0.0
48;2021-01-16;0;0;0;429;3;0;0.6;0.0;0.0
48;2021-01-17;0;0;0;429;3;0;0.6;0.0;0.0
48;2021-01-18;116;0;0;545;3;0;0.7;0.0;0.0
48;2021-01-19;297;2;0;842;5;0;1.1;0.0;0.0
48;2021-01-20;260;0;0;1102;5;0;1.4;0.0;0.0
48;2021-01-21;437;1;0;1539;6;0;2.0;0.0;0.0
48;2021-01-22;236;0;0;1775;6;0;2.3;0.0;0.0
48;2021-01-23;45;0;0;1820;6;0;2.4;0.0;0.0
48;2021-01-24;2;0;0;1822;6;0;2.4;0.0;0.0
48;2021-01-25;119;2;0;1941;8;0;2.5;0.0;0.0
48;2021-01-26;254;0;0;2195;8;0;2.9;0.0;0.0
48;2021-01-27;243;2;0;2438;10;0;3.2;0.0;0.0
48;2021-01-28;220;10;0;2658;20;0;3.5;0.0;0.0
48;2021-01-29;180;59;0;2838;79;0;3.7;0.1;0.0
48;2021-01-30;11;7;0;2849;86;0;3.7;0.1;0.0
48;2021-01-31;0;7;0;2849;93;0;3.7;0.1;0.0
48;2021-02-01;89;45;0;2938;138;0;3.9;0.2;0.0
48;2021-02-02;191;38;0;3129;176;0;4.1;0.2;0.0
48;2021-02-03;186;73;0;3315;249;0;4.3;0.3;0.0
48;2021-02-04;211;14;0;3526;263;0;4.6;0.3;0.0
48;2021-02-05;150;40;0;3676;303;0;4.8;0.4;0.0
48;2021-02-06;31;1;0;3707;304;0;4.9;0.4;0.0
48;2021-02-07;0;0;0;3707;304;0;4.9;0.4;0.0
48;2021-02-08;49;60;0;3756;364;0;4.9;0.5;0.0
48;2021-02-09;84;135;0;3840;499;0;5.0;0.7;0.0
48;2021-02-10;85;183;0;3925;682;0;5.1;0.9;0.0
48;2021-02-11;153;371;0;4078;1053;0;5.3;1.4;0.0
48;2021-02-12;125;148;0;4203;1201;0;5.5;1.6;0.0
48;2021-02-13;20;54;0;4223;1255;0;5.5;1.6;0.0
48;2021-02-14;0;0;0;4223;1255;0;5.5;1.6;0.0
48;2021-02-15;57;103;0;4280;1358;0;5.6;1.8;0.0
48;2021-02-16;65;150;0;4345;1508;0;5.7;2.0;0.0
48;2021-02-17;58;217;0;4403;1725;0;5.8;2.3;0.0
48;2021-02-18;221;118;0;4624;1843;0;6.1;2.4;0.0
48;2021-02-19;81;178;0;4705;2021;0;6.2;2.6;0.0
48;2021-02-20;1;5;0;4706;2026;0;6.2;2.7;0.0
48;2021-02-21;0;14;0;4706;2040;0;6.2;2.7;0.0
48;2021-02-22;29;118;0;4735;2158;0;6.2;2.8;0.0
48;2021-02-23;52;225;0;4787;2383;0;6.3;3.1;0.0
48;2021-02-24;66;284;0;4853;2667;0;6.4;3.5;0.0
48;2021-02-25;143;239;0;4996;2906;0;6.5;3.8;0.0
48;2021-02-26;57;228;0;5053;3134;0;6.6;4.1;0.0
48;2021-02-27;28;4;0;5081;3138;0;6.7;4.1;0.0
48;2021-02-28;3;13;0;5084;3151;0;6.7;4.1;0.0
48;2021-03-01;108;98;0;5192;3249;0;6.8;4.3;0.0
48;2021-03-02;198;90;0;5390;3339;0;7.1;4.4;0.0
48;2021-03-03;152;109;0;5542;3448;0;7.3;4.5;0.0
48;2021-03-04;211;176;0;5753;3624;0;7.5;4.8;0.0
48;2021-03-05;156;133;0;5909;3757;0;7.7;4.9;0.0
48;2021-03-06;200;53;0;6109;3810;0;8.0;5.0;0.0
48;2021-03-07;57;1;0;6166;3811;0;8.1;5.0;0.0
48;2021-03-08;244;115;0;6410;3926;0;8.4;5.1;0.0
48;2021-03-09;354;94;0;6764;4020;0;8.9;5.3;0.0
48;2021-03-10;228;60;0;6992;4080;0;9.2;5.3;0.0
48;2021-03-11;320;88;0;7312;4168;0;9.6;5.5;0.0
48;2021-03-12;271;131;0;7583;4299;0;9.9;5.6;0.0
48;2021-03-13;311;10;0;7894;4309;0;10.3;5.6;0.0
48;2021-03-14;9;0;0;7903;4309;0;10.4;5.6;0.0
48;2021-03-15;173;68;0;8076;4377;0;10.6;5.7;0.0
48;2021-03-16;179;70;0;8255;4447;0;10.8;5.8;0.0
48;2021-03-17;176;103;0;8431;4550;0;11.1;6.0;0.0
48;2021-03-18;178;98;0;8609;4648;0;11.3;6.1;0.0
48;2021-03-19;140;87;0;8749;4735;0;11.5;6.2;0.0
48;2021-03-20;141;5;0;8890;4740;0;11.7;6.2;0.0
48;2021-03-21;2;0;0;8892;4740;0;11.7;6.2;0.0
48;2021-03-22;172;23;0;9064;4763;0;11.9;6.2;0.0
48;2021-03-23;341;98;0;9405;4861;0;12.3;6.4;0.0
48;2021-03-24;363;99;0;9768;4960;0;12.8;6.5;0.0
48;2021-03-25;731;115;0;10499;5075;0;13.8;6.7;0.0
48;2021-03-26;291;65;0;10790;5140;0;14.1;6.7;0.0
48;2021-03-27;108;2;0;10898;5142;0;14.3;6.7;0.0
48;2021-03-28;69;12;0;10967;5154;0;14.4;6.8;0.0
48;2021-03-29;310;86;0;11277;5240;0;14.8;6.9;0.0
48;2021-03-30;361;151;0;11638;5391;0;15.3;7.1;0.0
48;2021-03-31;484;96;0;12122;5487;0;15.9;7.2;0.0
48;2021-04-01;736;85;0;12858;5572;0;16.9;7.3;0.0
48;2021-04-02;508;133;0;13366;5705;0;17.5;7.5;0.0
48;2021-04-03;153;93;0;13519;5798;0;17.7;7.6;0.0
48;2021-04-04;2;1;0;13521;5799;0;17.7;7.6;0.0
48;2021-04-05;54;1;0;13575;5800;0;17.8;7.6;0.0
48;2021-04-06;473;165;0;14048;5965;0;18.4;7.8;0.0
48;2021-04-07;435;146;0;14483;6111;0;19.0;8.0;0.0
48;2021-04-08;628;188;0;15111;6299;0;19.8;8.3;0.0
48;2021-04-09;470;138;0;15581;6437;0;20.4;8.4;0.0
48;2021-04-10;127;71;0;15708;6508;0;20.6;8.5;0.0
48;2021-04-11;3;0;0;15711;6508;0;20.6;8.5;0.0
48;2021-04-12;389;79;0;16100;6587;0;21.1;8.6;0.0
48;2021-04-13;358;120;0;16458;6707;0;21.6;8.8;0.0
48;2021-04-14;594;206;0;17052;6913;0;22.4;9.1;0.0
48;2021-04-15;639;352;0;17691;7265;0;23.2;9.5;0.0
48;2021-04-16;489;210;0;18180;7475;0;23.8;9.8;0.0
48;2021-04-17;92;83;0;18272;7558;0;24.0;9.9;0.0
48;2021-04-18;4;0;0;18276;7558;0;24.0;9.9;0.0
48;2021-04-19;223;110;0;18499;7668;0;24.2;10.1;0.0
48;2021-04-20;224;203;0;18723;7871;0;24.5;10.3;0.0
48;2021-04-21;302;280;0;19025;8151;0;24.9;10.7;0.0
48;2021-04-22;302;486;0;19327;8637;0;25.3;11.3;0.0
48;2021-04-23;251;274;0;19578;8911;0;25.7;11.7;0.0
48;2021-04-24;117;104;0;19695;9015;0;25.8;11.8;0.0
48;2021-04-25;6;13;0;19701;9028;0;25.8;11.8;0.0
48;2021-04-26;129;237;0;19830;9265;0;26.0;12.1;0.0
48;2021-04-27;200;310;0;20030;9575;0;26.3;12.6;0.0
48;2021-04-28;171;446;0;20201;10021;0;26.5;13.1;0.0
48;2021-04-29;220;509;0;20421;10530;0;26.8;13.8;0.0
48;2021-04-30;206;259;0;20627;10789;0;27.0;14.1;0.0
48;2021-05-01;78;9;0;20705;10798;0;27.1;14.2;0.0
48;2021-05-02;1;0;0;20706;10798;0;27.1;14.2;0.0
48;2021-05-03;137;400;0;20843;11198;0;27.3;14.7;0.0
48;2021-05-04;225;410;0;21068;11608;0;27.6;15.2;0.0
48;2021-05-05;120;494;0;21188;12102;0;27.8;15.9;0.0
48;2021-05-06;751;613;0;21939;12715;0;28.8;16.7;0.0
48;2021-05-07;141;511;0;22080;13226;0;28.9;17.3;0.0
48;2021-05-08;325;51;0;22405;13277;0;29.4;17.4;0.0
48;2021-05-09;262;11;0;22667;13288;0;29.7;17.4;0.0
48;2021-05-10;140;349;0;22807;13637;0;29.9;17.9;0.0
48;2021-05-11;259;294;0;23066;13931;0;30.2;18.3;0.0
48;2021-05-12;308;299;0;23374;14230;0;30.6;18.7;0.0
48;2021-05-13;452;155;0;23826;14385;0;31.2;18.9;0.0
48;2021-05-14;283;242;0;24109;14627;0;31.6;19.2;0.0
48;2021-05-15;143;59;0;24252;14686;0;31.8;19.3;0.0
48;2021-05-16;31;7;0;24283;14693;0;31.8;19.3;0.0
48;2021-05-17;490;270;0;24773;14963;0;32.5;19.6;0.0
48;2021-05-18;318;256;0;25091;15219;0;32.9;19.9;0.0
48;2021-05-19;294;304;0;25385;15523;0;33.3;20.3;0.0
48;2021-05-20;400;265;0;25785;15788;0;33.8;20.7;0.0
48;2021-05-21;238;276;0;26023;16064;0;34.1;21.1;0.0
48;2021-05-22;87;54;0;26110;16118;0;34.2;21.1;0.0
48;2021-05-23;7;7;0;26117;16125;0;34.2;21.1;0.0
48;2021-05-24;71;24;0;26188;16149;0;34.3;21.2;0.0
48;2021-05-25;247;291;0;26435;16440;0;34.7;21.6;0.0
48;2021-05-26;476;286;0;26911;16726;0;35.3;21.9;0.0
48;2021-05-27;1238;352;0;28149;17078;0;36.9;22.4;0.0
48;2021-05-28;366;334;0;28515;17412;0;37.4;22.8;0.0
48;2021-05-29;204;100;0;28719;17512;0;37.6;23.0;0.0
48;2021-05-30;7;8;0;28726;17520;0;37.7;23.0;0.0
48;2021-05-31;658;222;0;29384;17742;0;38.5;23.3;0.0
48;2021-06-01;314;288;0;29698;18030;0;38.9;23.6;0.0
48;2021-06-02;444;381;0;30142;18411;0;39.5;24.1;0.0
48;2021-06-03;638;379;0;30780;18790;0;40.3;24.6;0.0
48;2021-06-04;324;286;0;31104;19076;0;40.8;25.0;0.0
48;2021-06-05;160;100;0;31264;19176;0;41.0;25.1;0.0
48;2021-06-06;13;1;0;31277;19177;0;41.0;25.1;0.0
48;2021-06-07;397;158;0;31674;19335;0;41.5;25.3;0.0
48;2021-06-08;650;336;0;32324;19671;0;42.4;25.8;0.0
48;2021-06-09;381;233;0;32705;19904;0;42.9;26.1;0.0
48;2021-06-10;927;230;0;33632;20134;0;44.1;26.4;0.0
48;2021-06-11;382;192;0;34014;20326;0;44.6;26.6;0.0
48;2021-06-12;110;80;0;34124;20406;0;44.7;26.7;0.0
48;2021-06-13;12;6;0;34136;20412;0;44.7;26.8;0.0
48;2021-06-14;140;153;0;34276;20565;0;44.9;27.0;0.0
48;2021-06-15;402;393;0;34678;20958;0;45.5;27.5;0.0
48;2021-06-16;253;179;0;34931;21137;0;45.8;27.7;0.0
48;2021-06-17;453;561;0;35384;21698;0;46.4;28.4;0.0
48;2021-06-18;268;319;0;35652;22017;0;46.7;28.9;0.0
48;2021-06-19;65;321;0;35717;22338;0;46.8;29.3;0.0
48;2021-06-20;112;214;0;35829;22552;0;47.0;29.6;0.0
48;2021-06-21;141;225;0;35970;22777;0;47.2;29.9;0.0
48;2021-06-22;246;379;0;36216;23156;0;47.5;30.4;0.0
48;2021-06-23;110;583;0;36326;23739;0;47.6;31.1;0.0
48;2021-06-24;316;559;0;36642;24298;0;48.0;31.9;0.0
48;2021-06-25;131;279;0;36773;24577;0;48.2;32.2;0.0
48;2021-06-26;29;91;0;36802;24668;0;48.2;32.3;0.0
48;2021-06-27;1;20;0;36803;24688;0;48.2;32.4;0.0
48;2021-06-28;91;262;0;36894;24950;0;48.4;32.7;0.0
48;2021-06-29;297;479;0;37191;25429;0;48.8;33.3;0.0
48;2021-06-30;116;530;0;37307;25959;0;48.9;34.0;0.0
48;2021-07-01;192;630;0;37499;26589;0;49.2;34.9;0.0
48;2021-07-02;161;385;0;37660;26974;0;49.4;35.4;0.0
48;2021-07-03;56;146;0;37716;27120;0;49.4;35.6;0.0
48;2021-07-04;10;7;0;37726;27127;0;49.5;35.6;0.0
48;2021-07-05;78;245;0;37804;27372;0;49.6;35.9;0.0
48;2021-07-06;298;626;0;38102;27998;0;49.9;36.7;0.0
48;2021-07-07;210;523;0;38312;28521;0;50.2;37.4;0.0
48;2021-07-08;227;1171;0;38539;29692;0;50.5;38.9;0.0
48;2021-07-09;166;565;0;38705;30257;0;50.7;39.7;0.0
48;2021-07-10;90;212;0;38795;30469;0;50.9;39.9;0.0
48;2021-07-11;2;19;0;38797;30488;0;50.9;40.0;0.0
48;2021-07-12;152;710;0;38949;31198;0;51.1;40.9;0.0
48;2021-07-13;214;464;0;39163;31662;0;51.3;41.5;0.0
48;2021-07-14;152;124;0;39315;31786;0;51.5;41.7;0.0
48;2021-07-15;232;463;0;39547;32249;0;51.8;42.3;0.0
48;2021-07-16;323;372;0;39870;32621;0;52.3;42.8;0.0
48;2021-07-17;180;165;0;40050;32786;0;52.5;43.0;0.0
48;2021-07-18;10;16;0;40060;32802;0;52.5;43.0;0.0
48;2021-07-19;186;324;0;40246;33126;0;52.8;43.4;0.0
48;2021-07-20;696;1004;0;40942;34130;0;53.7;44.7;0.0
48;2021-07-21;155;341;0;41097;34471;0;53.9;45.2;0.0
48;2021-07-22;749;1008;0;41846;35479;0;54.9;46.5;0.0
48;2021-07-23;432;456;0;42278;35935;0;55.4;47.1;0.0
48;2021-07-24;490;200;0;42768;36135;0;56.1;47.4;0.0
48;2021-07-25;145;51;0;42913;36186;0;56.3;47.4;0.0
48;2021-07-26;238;267;0;43151;36453;0;56.6;47.8;0.0
48;2021-07-27;1094;613;0;44245;37066;0;58.0;48.6;0.0
48;2021-07-28;253;314;0;44498;37380;0;58.3;49.0;0.0
48;2021-07-29;691;594;0;45189;37974;0;59.2;49.8;0.0
48;2021-07-30;290;303;0;45479;38277;0;59.6;50.2;0.0
48;2021-07-31;326;168;0;45805;38445;0;60.0;50.4;0.0
48;2021-08-01;34;37;0;45839;38482;0;60.1;50.4;0.0
48;2021-08-02;262;189;0;46101;38671;0;60.4;50.7;0.0
48;2021-08-03;783;483;0;46884;39154;0;61.5;51.3;0.0
48;2021-08-04;312;185;0;47196;39339;0;61.9;51.6;0.0
48;2021-08-05;527;404;0;47723;39743;0;62.6;52.1;0.0
48;2021-08-06;436;315;0;48159;40058;0;63.1;52.5;0.0
48;2021-08-07;243;132;0;48402;40190;0;63.4;52.7;0.0
48;2021-08-08;11;20;0;48413;40210;0;63.5;52.7;0.0
48;2021-08-09;185;191;0;48598;40401;0;63.7;53.0;0.0
48;2021-08-10;590;477;0;49188;40878;0;64.5;53.6;0.0
48;2021-08-11;276;234;0;49464;41112;0;64.8;53.9;0.0
48;2021-08-12;343;389;0;49807;41501;0;65.3;54.4;0.0
48;2021-08-13;238;267;0;50045;41768;0;65.6;54.8;0.0
48;2021-08-14;130;188;0;50175;41956;0;65.8;55.0;0.0
48;2021-08-15;89;49;0;50264;42005;0;65.9;55.1;0.0
48;2021-08-16;125;271;0;50389;42276;0;66.1;55.4;0.0
48;2021-08-17;310;1072;0;50699;43348;0;66.5;56.8;0.0
48;2021-08-18;177;246;0;50876;43594;0;66.7;57.1;0.0
48;2021-08-19;222;342;0;51098;43936;0;67.0;57.6;0.0
48;2021-08-20;211;300;0;51309;44236;0;67.3;58.0;0.0
48;2021-08-21;75;255;0;51384;44491;0;67.4;58.3;0.0
48;2021-08-22;5;17;0;51389;44508;0;67.4;58.3;0.0
48;2021-08-23;76;241;0;51465;44749;0;67.5;58.7;0.0
48;2021-08-24;281;861;0;51746;45610;0;67.8;59.8;0.0
48;2021-08-25;160;369;0;51906;45979;0;68.0;60.3;0.0
48;2021-08-26;167;439;0;52073;46418;0;68.3;60.8;0.0
48;2021-08-27;148;369;0;52221;46787;0;68.5;61.3;0.0
48;2021-08-28;121;306;0;52342;47093;0;68.6;61.7;0.0
48;2021-08-29;0;6;0;52342;47099;0;68.6;61.7;0.0
48;2021-08-30;71;189;5;52413;47288;5;68.7;62.0;0.0
48;2021-08-31;246;957;15;52659;48245;20;69.0;63.2;0.0
48;2021-09-01;129;345;16;52788;48590;36;69.2;63.7;0.0
48;2021-09-02;133;352;15;52921;48942;51;69.4;64.2;0.1
48;2021-09-03;125;329;30;53046;49271;81;69.5;64.6;0.1
48;2021-09-04;113;204;33;53159;49475;114;69.7;64.9;0.1
48;2021-09-05;7;68;0;53166;49543;114;69.7;64.9;0.1
48;2021-09-06;38;147;19;53204;49690;133;69.7;65.1;0.2
48;2021-09-07;136;319;39;53340;50009;172;69.9;65.6;0.2
48;2021-09-08;94;184;29;53434;50193;201;70.0;65.8;0.3
48;2021-09-09;90;216;64;53524;50409;265;70.2;66.1;0.3
48;2021-09-10;128;252;126;53652;50661;391;70.3;66.4;0.5
48;2021-09-11;89;188;26;53741;50849;417;70.4;66.7;0.5
48;2021-09-12;3;2;1;53744;50851;418;70.5;66.7;0.5
48;2021-09-13;77;79;80;53821;50930;498;70.6;66.8;0.7
48;2021-09-14;157;240;98;53978;51170;596;70.8;67.1;0.8
48;2021-09-15;68;178;60;54046;51348;656;70.8;67.3;0.9
48;2021-09-16;104;193;72;54150;51541;728;71.0;67.6;1.0
48;2021-09-17;103;182;79;54253;51723;807;71.1;67.8;1.1
48;2021-09-18;32;93;13;54285;51816;820;71.2;67.9;1.1
48;2021-09-19;0;2;4;54285;51818;824;71.2;67.9;1.1
48;2021-09-20;36;87;126;54321;51905;950;71.2;68.0;1.2
48;2021-09-21;56;170;135;54377;52075;1085;71.3;68.3;1.4
48;2021-09-22;51;154;57;54428;52229;1142;71.3;68.5;1.5
48;2021-09-23;32;95;60;54460;52324;1202;71.4;68.6;1.6
48;2021-09-24;45;116;80;54505;52440;1282;71.4;68.7;1.7
48;2021-09-25;23;82;15;54528;52522;1297;71.5;68.8;1.7
48;2021-09-26;1;6;0;54529;52528;1297;71.5;68.9;1.7
48;2021-09-27;15;44;59;54544;52572;1356;71.5;68.9;1.8
48;2021-09-28;61;137;156;54605;52709;1512;71.6;69.1;2.0
48;2021-09-29;48;124;71;54653;52833;1583;71.6;69.3;2.1
48;2021-09-30;29;81;127;54682;52914;1710;71.7;69.4;2.2
48;2021-10-01;55;128;78;54737;53042;1788;71.8;69.5;2.3
48;2021-10-02;34;50;27;54771;53092;1815;71.8;69.6;2.4
48;2021-10-03;0;1;0;54771;53093;1815;71.8;69.6;2.4
48;2021-10-04;15;63;36;54786;53156;1851;71.8;69.7;2.4
48;2021-10-05;42;119;59;54828;53275;1910;71.9;69.8;2.5
48;2021-10-06;57;82;196;54885;53357;2106;71.9;69.9;2.8
48;2021-10-07;29;99;162;54914;53456;2268;72.0;70.1;3.0
48;2021-10-08;42;128;114;54956;53584;2382;72.0;70.2;3.1
48;2021-10-09;16;64;42;54972;53648;2424;72.1;70.3;3.2
48;2021-10-10;0;1;0;54972;53649;2424;72.1;70.3;3.2
48;2021-10-11;7;28;55;54979;53677;2479;72.1;70.4;3.2
48;2021-10-12;24;70;127;55003;53747;2606;72.1;70.5;3.4
48;2021-10-13;37;86;146;55040;53833;2752;72.1;70.6;3.6
48;2021-10-14;40;61;75;55080;53894;2827;72.2;70.6;3.7
48;2021-10-15;28;50;148;55108;53944;2975;72.2;70.7;3.9
48;2021-10-16;10;19;27;55118;53963;3002;72.3;70.7;3.9
48;2021-10-17;3;3;3;55121;53966;3005;72.3;70.7;3.9
48;2021-10-18;9;20;83;55130;53986;3088;72.3;70.8;4.0
48;2021-10-19;33;49;121;55163;54035;3209;72.3;70.8;4.2
48;2021-10-20;43;43;169;55206;54078;3378;72.4;70.9;4.4
48;2021-10-21;17;38;179;55223;54116;3557;72.4;70.9;4.7
48;2021-10-22;30;63;130;55253;54179;3687;72.4;71.0;4.8
48;2021-10-23;26;30;42;55279;54209;3729;72.5;71.1;4.9
48;2021-10-24;0;0;0;55279;54209;3729;72.5;71.1;4.9
48;2021-10-25;16;16;79;55295;54225;3808;72.5;71.1;5.0
48;2021-10-26;35;38;145;55330;54263;3953;72.5;71.1;5.2
48;2021-10-27;36;66;199;55366;54329;4152;72.6;71.2;5.4
48;2021-10-28;31;29;294;55397;54358;4446;72.6;71.3;5.8
48;2021-10-29;21;28;149;55418;54386;4595;72.6;71.3;6.0
48;2021-10-30;7;18;30;55425;54404;4625;72.7;71.3;6.1
48;2021-10-31;0;2;0;55425;54406;4625;72.7;71.3;6.1
48;2021-11-01;3;1;2;55428;54407;4627;72.7;71.3;6.1
48;2021-11-02;27;32;124;55455;54439;4751;72.7;71.4;6.2
48;2021-11-03;20;38;142;55475;54477;4893;72.7;71.4;6.4
48;2021-11-04;28;36;165;55503;54513;5058;72.8;71.5;6.6
48;2021-11-05;15;25;119;55518;54538;5177;72.8;71.5;6.8
48;2021-11-06;16;19;67;55534;54557;5244;72.8;71.5;6.9
48;2021-11-07;2;1;0;55536;54558;5244;72.8;71.5;6.9
48;2021-11-08;8;17;53;55544;54575;5297;72.8;71.5;6.9
48;2021-11-09;37;55;277;55581;54630;5574;72.9;71.6;7.3
48;2021-11-10;25;52;305;55606;54682;5879;72.9;71.7;7.7
48;2021-11-11;1;4;41;55607;54686;5920;72.9;71.7;7.8
48;2021-11-12;17;41;220;55624;54727;6140;72.9;71.7;8.0
48;2021-11-13;14;20;74;55638;54747;6214;72.9;71.8;8.1
48;2021-11-14;0;0;3;55638;54747;6217;72.9;71.8;8.1
48;2021-11-15;7;10;157;55645;54757;6374;72.9;71.8;8.4
48;2021-11-16;29;38;367;55674;54795;6741;73.0;71.8;8.8
48;2021-11-17;24;30;348;55698;54825;7089;73.0;71.9;9.3
48;2021-11-18;20;29;441;55718;54854;7530;73.0;71.9;9.9
48;2021-11-19;25;28;321;55743;54882;7851;73.1;71.9;10.3
48;2021-11-20;33;16;118;55776;54898;7969;73.1;72.0;10.4
48;2021-11-21;0;1;1;55776;54899;7970;73.1;72.0;10.4
48;2021-11-22;7;11;235;55783;54910;8205;73.1;72.0;10.8
48;2021-11-23;34;21;321;55817;54931;8526;73.2;72.0;11.2
48;2021-11-24;38;32;322;55855;54963;8848;73.2;72.0;11.6
48;2021-11-25;27;27;441;55882;54990;9289;73.3;72.1;12.2
48;2021-11-26;35;27;499;55917;55017;9788;73.3;72.1;12.8
48;2021-11-27;29;24;295;55946;55041;10083;73.3;72.2;13.2
48;2021-11-28;1;1;6;55947;55042;10089;73.3;72.2;13.2
48;2021-11-29;15;8;477;55962;55050;10566;73.4;72.2;13.9
48;2021-11-30;20;38;513;55982;55088;11079;73.4;72.2;14.5
48;2021-12-01;22;28;410;56004;55116;11489;73.4;72.2;15.1
48;2021-12-02;12;21;445;56016;55137;11934;73.4;72.3;15.6
48;2021-12-03;35;24;666;56051;55161;12600;73.5;72.3;16.5
48;2021-12-04;21;25;358;56072;55186;12958;73.5;72.3;17.0
48;2021-12-05;2;1;10;56074;55187;12968;73.5;72.3;17.0
48;2021-12-06;15;18;591;56089;55205;13559;73.5;72.4;17.8
48;2021-12-07;22;17;873;56111;55222;14432;73.6;72.4;18.9
48;2021-12-08;29;29;633;56140;55251;15065;73.6;72.4;19.7
48;2021-12-09;18;20;673;56158;55271;15738;73.6;72.5;20.6
48;2021-12-10;28;50;1006;56186;55321;16744;73.7;72.5;21.9
48;2021-12-11;30;39;636;56216;55360;17380;73.7;72.6;22.8
48;2021-12-12;1;0;20;56217;55360;17400;73.7;72.6;22.8
48;2021-12-13;21;19;726;56238;55379;18126;73.7;72.6;23.8
48;2021-12-14;35;34;976;56273;55413;19102;73.8;72.6;25.0
48;2021-12-15;39;31;695;56312;55444;19797;73.8;72.7;26.0
48;2021-12-16;26;25;705;56338;55469;20502;73.9;72.7;26.9
48;2021-12-17;30;50;1076;56368;55519;21578;73.9;72.8;28.3
48;2021-12-18;18;24;388;56386;55543;21966;73.9;72.8;28.8
48;2021-12-19;2;1;30;56388;55544;21996;73.9;72.8;28.8
48;2021-12-20;29;44;849;56417;55588;22845;74.0;72.9;29.9
48;2021-12-21;27;28;781;56444;55616;23626;74.0;72.9;31.0
48;2021-12-22;22;27;586;56466;55643;24212;74.0;72.9;31.7
48;2021-12-23;18;8;405;56484;55651;24617;74.0;73.0;32.3
48;2021-12-24;6;4;43;56490;55655;24660;74.1;73.0;32.3
48;2021-12-25;0;1;9;56490;55656;24669;74.1;73.0;32.3
48;2021-12-26;1;0;18;56491;55656;24687;74.1;73.0;32.4
48;2021-12-27;32;27;454;56523;55683;25141;74.1;73.0;33.0
48;2021-12-28;23;27;672;56546;55710;25813;74.1;73.0;33.8
49;2020-12-27;1;0;0;1;0;0;0.0;0.0;0.0
49;2020-12-28;1;0;0;2;0;0;0.0;0.0;0.0
49;2020-12-29;0;0;0;2;0;0;0.0;0.0;0.0
49;2020-12-30;0;0;0;2;0;0;0.0;0.0;0.0
49;2020-12-31;0;0;0;2;0;0;0.0;0.0;0.0
49;2021-01-01;2;0;0;4;0;0;0.0;0.0;0.0
49;2021-01-02;1;1;0;5;1;0;0.0;0.0;0.0
49;2021-01-03;0;0;0;5;1;0;0.0;0.0;0.0
49;2021-01-04;9;0;0;14;1;0;0.0;0.0;0.0
49;2021-01-05;66;0;0;80;1;0;0.0;0.0;0.0
49;2021-01-06;200;0;0;280;1;0;0.0;0.0;0.0
49;2021-01-07;350;1;0;630;2;0;0.1;0.0;0.0
49;2021-01-08;316;1;0;946;3;0;0.1;0.0;0.0
49;2021-01-09;123;0;0;1069;3;0;0.1;0.0;0.0
49;2021-01-10;113;0;0;1182;3;0;0.1;0.0;0.0
49;2021-01-11;297;0;0;1479;3;0;0.2;0.0;0.0
49;2021-01-12;596;2;0;2075;5;0;0.3;0.0;0.0
49;2021-01-13;603;2;0;2678;7;0;0.3;0.0;0.0
49;2021-01-14;611;9;0;3289;16;0;0.4;0.0;0.0
49;2021-01-15;740;1;0;4029;17;0;0.5;0.0;0.0
49;2021-01-16;145;0;0;4174;17;0;0.5;0.0;0.0
49;2021-01-17;112;2;0;4286;19;0;0.5;0.0;0.0
49;2021-01-18;683;0;0;4969;19;0;0.6;0.0;0.0
49;2021-01-19;1237;7;0;6206;26;0;0.8;0.0;0.0
49;2021-01-20;1506;6;0;7712;32;0;0.9;0.0;0.0
49;2021-01-21;1952;13;0;9664;45;0;1.2;0.0;0.0
49;2021-01-22;1308;6;0;10972;51;0;1.3;0.0;0.0
49;2021-01-23;268;2;0;11240;53;0;1.4;0.0;0.0
49;2021-01-24;0;0;0;11240;53;0;1.4;0.0;0.0
49;2021-01-25;577;5;0;11817;58;0;1.4;0.0;0.0
49;2021-01-26;1018;55;0;12835;113;0;1.6;0.0;0.0
49;2021-01-27;1834;46;0;14669;159;0;1.8;0.0;0.0
49;2021-01-28;2813;81;0;17482;240;0;2.1;0.0;0.0
49;2021-01-29;1638;98;0;19120;338;0;2.3;0.0;0.0
49;2021-01-30;294;46;0;19414;384;0;2.4;0.0;0.0
49;2021-01-31;52;52;0;19466;436;0;2.4;0.1;0.0
49;2021-02-01;662;168;0;20128;604;0;2.5;0.1;0.0
49;2021-02-02;747;348;0;20875;952;0;2.6;0.1;0.0
49;2021-02-03;714;368;0;21589;1320;0;2.6;0.2;0.0
49;2021-02-04;781;445;0;22370;1765;0;2.7;0.2;0.0
49;2021-02-05;744;571;0;23114;2336;0;2.8;0.3;0.0
49;2021-02-06;234;108;0;23348;2444;0;2.9;0.3;0.0
49;2021-02-07;66;83;0;23414;2527;0;2.9;0.3;0.0
49;2021-02-08;542;474;0;23956;3001;0;2.9;0.4;0.0
49;2021-02-09;765;663;0;24721;3664;0;3.0;0.4;0.0
49;2021-02-10;847;945;0;25568;4609;0;3.1;0.6;0.0
49;2021-02-11;1066;1416;0;26634;6025;0;3.3;0.7;0.0
49;2021-02-12;877;988;0;27511;7013;0;3.4;0.9;0.0
49;2021-02-13;261;130;0;27772;7143;0;3.4;0.9;0.0
49;2021-02-14;9;90;0;27781;7233;0;3.4;0.9;0.0
49;2021-02-15;705;688;0;28486;7921;0;3.5;1.0;0.0
49;2021-02-16;1125;1076;0;29611;8997;0;3.6;1.1;0.0
49;2021-02-17;1126;1858;0;30737;10855;0;3.8;1.3;0.0
49;2021-02-18;1792;2342;0;32529;13197;0;4.0;1.6;0.0
49;2021-02-19;1344;1163;0;33873;14360;0;4.2;1.8;0.0
49;2021-02-20;218;370;0;34091;14730;0;4.2;1.8;0.0
49;2021-02-21;1;59;0;34092;14789;0;4.2;1.8;0.0
49;2021-02-22;624;614;0;34716;15403;0;4.3;1.9;0.0
49;2021-02-23;711;852;0;35427;16255;0;4.3;2.0;0.0
49;2021-02-24;818;687;0;36245;16942;0;4.4;2.1;0.0
49;2021-02-25;1195;852;0;37440;17794;0;4.6;2.2;0.0
49;2021-02-26;1607;839;0;39047;18633;0;4.8;2.3;0.0
49;2021-02-27;421;289;0;39468;18922;0;4.8;2.3;0.0
49;2021-02-28;46;33;0;39514;18955;0;4.8;2.3;0.0
49;2021-03-01;750;621;0;40264;19576;0;4.9;2.4;0.0
49;2021-03-02;1055;727;0;41319;20303;0;5.1;2.5;0.0
49;2021-03-03;1512;726;0;42831;21029;0;5.2;2.6;0.0
49;2021-03-04;1754;969;0;44585;21998;0;5.5;2.7;0.0
49;2021-03-05;2226;743;0;46811;22741;0;5.7;2.8;0.0
49;2021-03-06;731;200;0;47542;22941;0;5.8;2.8;0.0
49;2021-03-07;639;15;0;48181;22956;0;5.9;2.8;0.0
49;2021-03-08;1406;717;0;49587;23673;0;6.1;2.9;0.0
49;2021-03-09;2019;755;0;51606;24428;0;6.3;3.0;0.0
49;2021-03-10;2453;924;0;54059;25352;0;6.6;3.1;0.0
49;2021-03-11;3129;1554;0;57188;26906;0;7.0;3.3;0.0
49;2021-03-12;3688;1013;0;60876;27919;0;7.5;3.4;0.0
49;2021-03-13;1511;215;0;62387;28134;0;7.6;3.4;0.0
49;2021-03-14;13;2;0;62400;28136;0;7.6;3.4;0.0
49;2021-03-15;2079;535;0;64479;28671;0;7.9;3.5;0.0
49;2021-03-16;1700;960;0;66179;29631;0;8.1;3.6;0.0
49;2021-03-17;1757;681;0;67936;30312;0;8.3;3.7;0.0
49;2021-03-18;2183;716;0;70119;31028;0;8.6;3.8;0.0
49;2021-03-19;3304;566;0;73423;31594;0;9.0;3.9;0.0
49;2021-03-20;1710;213;0;75133;31807;0;9.2;3.9;0.0
49;2021-03-21;488;22;0;75621;31829;0;9.3;3.9;0.0
49;2021-03-22;2213;556;0;77834;32385;0;9.5;4.0;0.0
49;2021-03-23;3370;663;0;81204;33048;0;10.0;4.1;0.0
49;2021-03-24;3493;481;0;84697;33529;0;10.4;4.1;0.0
49;2021-03-25;4201;646;0;88898;34175;0;10.9;4.2;0.0
49;2021-03-26;4791;507;0;93689;34682;0;11.5;4.3;0.0
49;2021-03-27;1695;110;0;95384;34792;0;11.7;4.3;0.0
49;2021-03-28;380;26;0;95764;34818;0;11.7;4.3;0.0
49;2021-03-29;2475;606;0;98239;35424;0;12.0;4.3;0.0
49;2021-03-30;3338;933;0;101577;36357;0;12.4;4.5;0.0
49;2021-03-31;3008;756;0;104585;37113;0;12.8;4.5;0.0
49;2021-04-01;4115;882;0;108700;37995;0;13.3;4.7;0.0
49;2021-04-02;4275;961;0;112975;38956;0;13.8;4.8;0.0
49;2021-04-03;986;207;0;113961;39163;0;14.0;4.8;0.0
49;2021-04-04;328;6;0;114289;39169;0;14.0;4.8;0.0
49;2021-04-05;900;28;0;115189;39197;0;14.1;4.8;0.0
49;2021-04-06;2443;1329;0;117632;40526;0;14.4;5.0;0.0
49;2021-04-07;3355;1383;0;120987;41909;0;14.8;5.1;0.0
49;2021-04-08;5131;1405;0;126118;43314;0;15.5;5.3;0.0
49;2021-04-09;6182;1424;0;132300;44738;0;16.2;5.5;0.0
49;2021-04-10;2020;502;0;134320;45240;0;16.5;5.5;0.0
49;2021-04-11;390;12;0;134710;45252;0;16.5;5.5;0.0
49;2021-04-12;3983;1546;0;138693;46798;0;17.0;5.7;0.0
49;2021-04-13;5212;1886;0;143905;48684;0;17.6;6.0;0.0
49;2021-04-14;4338;1857;0;148243;50541;0;18.2;6.2;0.0
49;2021-04-15;5114;1884;0;153357;52425;0;18.8;6.4;0.0
49;2021-04-16;5383;2150;0;158740;54575;0;19.5;6.7;0.0
49;2021-04-17;2976;816;0;161716;55391;0;19.8;6.8;0.0
49;2021-04-18;386;469;0;162102;55860;0;19.9;6.8;0.0
49;2021-04-19;3418;2025;0;165520;57885;0;20.3;7.1;0.0
49;2021-04-20;4060;2080;0;169580;59965;0;20.8;7.3;0.0
49;2021-04-21;3564;2126;0;173144;62091;0;21.2;7.6;0.0
49;2021-04-22;4495;2103;0;177639;64194;0;21.8;7.9;0.0
49;2021-04-23;4383;2284;0;182022;66478;0;22.3;8.1;0.0
49;2021-04-24;2612;1190;0;184634;67668;0;22.6;8.3;0.0
49;2021-04-25;59;294;0;184693;67962;0;22.6;8.3;0.0
49;2021-04-26;3399;2180;0;188092;70142;0;23.1;8.6;0.0
49;2021-04-27;3999;2546;0;192091;72688;0;23.5;8.9;0.0
49;2021-04-28;4133;2454;0;196224;75142;0;24.1;9.2;0.0
49;2021-04-29;4712;3041;0;200936;78183;0;24.6;9.6;0.0
49;2021-04-30;4993;3116;0;205929;81299;0;25.2;10.0;0.0
49;2021-05-01;2182;670;0;208111;81969;0;25.5;10.0;0.0
49;2021-05-02;45;51;0;208156;82020;0;25.5;10.1;0.0
49;2021-05-03;4562;2347;0;212718;84367;0;26.1;10.3;0.0
49;2021-05-04;4616;3137;0;217334;87504;0;26.6;10.7;0.0
49;2021-05-05;4431;3028;0;221765;90532;0;27.2;11.1;0.0
49;2021-05-06;4908;3098;0;226673;93630;0;27.8;11.5;0.0
49;2021-05-07;4008;4955;0;230681;98585;0;28.3;12.1;0.0
49;2021-05-08;3373;477;0;234054;99062;0;28.7;12.1;0.0
49;2021-05-09;58;67;0;234112;99129;0;28.7;12.1;0.0
49;2021-05-10;4426;4033;0;238538;103162;0;29.2;12.6;0.0
49;2021-05-11;4990;4776;0;243528;107938;0;29.8;13.2;0.0
49;2021-05-12;4392;4309;0;247920;112247;0;30.4;13.8;0.0
49;2021-05-13;4439;650;0;252359;112897;0;30.9;13.8;0.0
49;2021-05-14;4604;3063;0;256963;115960;0;31.5;14.2;0.0
49;2021-05-15;3735;1650;0;260698;117610;0;32.0;14.4;0.0
49;2021-05-16;2401;92;0;263099;117702;0;32.2;14.4;0.0
49;2021-05-17;4399;3333;0;267498;121035;0;32.8;14.8;0.0
49;2021-05-18;4852;3526;0;272350;124561;0;33.4;15.3;0.0
49;2021-05-19;5175;2976;0;277525;127537;0;34.0;15.6;0.0
49;2021-05-20;5987;2754;0;283512;130291;0;34.7;16.0;0.0
49;2021-05-21;5799;3395;0;289311;133686;0;35.5;16.4;0.0
49;2021-05-22;4454;1126;0;293765;134812;0;36.0;16.5;0.0
49;2021-05-23;73;16;0;293838;134828;0;36.0;16.5;0.0
49;2021-05-24;3789;402;0;297627;135230;0;36.5;16.6;0.0
49;2021-05-25;5578;3165;0;303205;138395;0;37.2;17.0;0.0
49;2021-05-26;5483;2515;0;308688;140910;0;37.8;17.3;0.0
49;2021-05-27;6194;2632;0;314882;143542;0;38.6;17.6;0.0
49;2021-05-28;6157;3790;0;321039;147332;0;39.3;18.1;0.0
49;2021-05-29;4285;1742;0;325324;149074;0;39.9;18.3;0.0
49;2021-05-30;119;32;0;325443;149106;0;39.9;18.3;0.0
49;2021-05-31;5365;2902;0;330808;152008;0;40.5;18.6;0.0
49;2021-06-01;5983;3731;0;336791;155739;0;41.3;19.1;0.0
49;2021-06-02;5257;3449;0;342048;159188;0;41.9;19.5;0.0
49;2021-06-03;5953;3313;0;348001;162501;0;42.7;19.9;0.0
49;2021-06-04;6011;4584;0;354012;167085;0;43.4;20.5;0.0
49;2021-06-05;4061;2480;0;358073;169565;0;43.9;20.8;0.0
49;2021-06-06;194;73;0;358267;169638;0;43.9;20.8;0.0
49;2021-06-07;4289;4299;0;362556;173937;0;44.4;21.3;0.0
49;2021-06-08;5001;4646;0;367557;178583;0;45.1;21.9;0.0
49;2021-06-09;4996;4105;0;372553;182688;0;45.7;22.4;0.0
49;2021-06-10;5670;3668;0;378223;186356;0;46.4;22.8;0.0
49;2021-06-11;4677;5643;0;382900;191999;0;46.9;23.5;0.0
49;2021-06-12;3712;2924;0;386612;194923;0;47.4;23.9;0.0
49;2021-06-13;132;787;0;386744;195710;0;47.4;24.0;0.0
49;2021-06-14;3367;5526;0;390111;201236;0;47.8;24.7;0.0
49;2021-06-15;4170;5964;0;394281;207200;0;48.3;25.4;0.0
49;2021-06-16;4089;5430;0;398370;212630;0;48.8;26.1;0.0
49;2021-06-17;4867;4967;0;403237;217597;0;49.4;26.7;0.0
49;2021-06-18;4019;6472;0;407256;224069;0;49.9;27.5;0.0
49;2021-06-19;3329;3673;0;410585;227742;0;50.3;27.9;0.0
49;2021-06-20;79;72;0;410664;227814;0;50.3;27.9;0.0
49;2021-06-21;2769;6024;0;413433;233838;0;50.7;28.7;0.0
49;2021-06-22;3135;6573;0;416568;240411;0;51.1;29.5;0.0
49;2021-06-23;3071;5902;0;419639;246313;0;51.4;30.2;0.0
49;2021-06-24;4134;4724;0;423773;251037;0;51.9;30.8;0.0
49;2021-06-25;3239;6903;0;427012;257940;0;52.3;31.6;0.0
49;2021-06-26;2432;4189;0;429444;262129;0;52.6;32.1;0.0
49;2021-06-27;39;1479;0;429483;263608;0;52.6;32.3;0.0
49;2021-06-28;2132;6626;0;431615;270234;0;52.9;33.1;0.0
49;2021-06-29;2849;6774;0;434464;277008;0;53.3;34.0;0.0
49;2021-06-30;2734;6327;0;437198;283335;0;53.6;34.7;0.0
49;2021-07-01;3087;6089;0;440285;289424;0;54.0;35.5;0.0
49;2021-07-02;2889;7573;0;443174;296997;0;54.3;36.4;0.0
49;2021-07-03;1969;4995;0;445143;301992;0;54.6;37.0;0.0
49;2021-07-04;49;157;0;445192;302149;0;54.6;37.0;0.0
49;2021-07-05;1695;6543;0;446887;308692;0;54.8;37.8;0.0
49;2021-07-06;2075;7164;1;448962;315856;1;55.0;38.7;0.0
49;2021-07-07;2207;6172;0;451169;322028;1;55.3;39.5;0.0
49;2021-07-08;2694;6104;0;453863;328132;1;55.6;40.2;0.0
49;2021-07-09;2500;7845;0;456363;335977;1;55.9;41.2;0.0
49;2021-07-10;1945;4917;0;458308;340894;1;56.2;41.8;0.0
49;2021-07-11;63;125;0;458371;341019;1;56.2;41.8;0.0
49;2021-07-12;2055;7222;0;460426;348241;1;56.4;42.7;0.0
49;2021-07-13;2743;7965;1;463169;356206;2;56.8;43.7;0.0
49;2021-07-14;2827;3297;0;465996;359503;2;57.1;44.1;0.0
49;2021-07-15;3377;7247;0;469373;366750;2;57.5;45.0;0.0
49;2021-07-16;3611;7988;0;472984;374738;2;58.0;45.9;0.0
49;2021-07-17;2162;5118;0;475146;379856;2;58.2;46.6;0.0
49;2021-07-18;3173;575;0;478319;380431;2;58.6;46.6;0.0
49;2021-07-19;2634;7116;0;480953;387547;2;58.9;47.5;0.0
49;2021-07-20;3455;7379;0;484408;394926;2;59.4;48.4;0.0
49;2021-07-21;3863;6336;0;488271;401262;2;59.8;49.2;0.0
49;2021-07-22;4426;5925;0;492697;407187;2;60.4;49.9;0.0
49;2021-07-23;4757;6632;0;497454;413819;2;61.0;50.7;0.0
49;2021-07-24;3045;4739;0;500499;418558;2;61.3;51.3;0.0
49;2021-07-25;123;160;0;500622;418718;2;61.4;51.3;0.0
49;2021-07-26;3988;5768;0;504610;424486;2;61.8;52.0;0.0
49;2021-07-27;5607;5397;0;510217;429883;2;62.5;52.7;0.0
49;2021-07-28;5721;4401;0;515938;434284;2;63.2;53.2;0.0
49;2021-07-29;6048;4254;0;521986;438538;2;64.0;53.8;0.0
49;2021-07-30;5801;4823;0;527787;443361;2;64.7;54.3;0.0
49;2021-07-31;3663;3370;0;531450;446731;2;65.1;54.8;0.0
49;2021-08-01;157;77;0;531607;446808;2;65.2;54.8;0.0
49;2021-08-02;4306;4617;0;535913;451425;2;65.7;55.3;0.0
49;2021-08-03;5520;3873;0;541433;455298;2;66.4;55.8;0.0
49;2021-08-04;5241;3722;0;546674;459020;2;67.0;56.3;0.0
49;2021-08-05;5340;3506;0;552014;462526;2;67.7;56.7;0.0
49;2021-08-06;5545;4422;0;557559;466948;2;68.3;57.2;0.0
49;2021-08-07;3592;3023;0;561151;469971;2;68.8;57.6;0.0
49;2021-08-08;90;113;0;561241;470084;2;68.8;57.6;0.0
49;2021-08-09;3529;4720;0;564770;474804;2;69.2;58.2;0.0
49;2021-08-10;4225;3942;0;568995;478746;2;69.7;58.7;0.0
49;2021-08-11;3952;3693;1;572947;482439;3;70.2;59.1;0.0
49;2021-08-12;3072;3266;0;576019;485705;3;70.6;59.5;0.0
49;2021-08-13;3917;4132;0;579936;489837;3;71.1;60.0;0.0
49;2021-08-14;2144;2945;0;582080;492782;3;71.3;60.4;0.0
49;2021-08-15;65;74;0;582145;492856;3;71.4;60.4;0.0
49;2021-08-16;2859;4966;0;585004;497822;3;71.7;61.0;0.0
49;2021-08-17;3181;4823;0;588185;502645;3;72.1;61.6;0.0
49;2021-08-18;2862;4291;0;591047;506936;3;72.4;62.1;0.0
49;2021-08-19;1924;3905;0;592971;510841;3;72.7;62.6;0.0
49;2021-08-20;2739;5498;0;595710;516339;3;73.0;63.3;0.0
49;2021-08-21;1362;3840;0;597072;520179;3;73.2;63.8;0.0
49;2021-08-22;37;168;0;597109;520347;3;73.2;63.8;0.0
49;2021-08-23;2224;5294;0;599333;525641;3;73.5;64.4;0.0
49;2021-08-24;2654;5474;0;601987;531115;3;73.8;65.1;0.0
49;2021-08-25;2291;5225;0;604278;536340;3;74.1;65.7;0.0
49;2021-08-26;1783;4688;0;606061;541028;3;74.3;66.3;0.0
49;2021-08-27;2225;6353;0;608286;547381;3;74.6;67.1;0.0
49;2021-08-28;904;3704;0;609190;551085;3;74.7;67.5;0.0
49;2021-08-29;34;162;0;609224;551247;3;74.7;67.6;0.0
49;2021-08-30;1275;4013;47;610499;555260;50;74.8;68.1;0.0
49;2021-08-31;2135;5531;100;612634;560791;150;75.1;68.7;0.0
49;2021-09-01;1637;3941;235;614271;564732;385;75.3;69.2;0.0
49;2021-09-02;1082;2967;210;615353;567699;595;75.4;69.6;0.1
49;2021-09-03;1412;4022;281;616765;571721;876;75.6;70.1;0.1
49;2021-09-04;1179;3229;127;617944;574950;1003;75.7;70.5;0.1
49;2021-09-05;23;44;5;617967;574994;1008;75.7;70.5;0.1
49;2021-09-06;1030;2638;377;618997;577632;1385;75.9;70.8;0.2
49;2021-09-07;1109;2536;387;620106;580168;1772;76.0;71.1;0.2
49;2021-09-08;947;2866;277;621053;583034;2049;76.1;71.5;0.3
49;2021-09-09;742;1734;185;621795;584768;2234;76.2;71.7;0.3
49;2021-09-10;991;2924;252;622786;587692;2486;76.3;72.0;0.3
49;2021-09-11;734;2469;119;623520;590161;2605;76.4;72.3;0.3
49;2021-09-12;16;47;3;623536;590208;2608;76.4;72.3;0.3
49;2021-09-13;724;2019;556;624260;592227;3164;76.5;72.6;0.4
49;2021-09-14;658;1690;689;624918;593917;3853;76.6;72.8;0.5
49;2021-09-15;615;2147;663;625533;596064;4516;76.7;73.1;0.6
49;2021-09-16;544;1348;609;626077;597412;5125;76.7;73.2;0.6
49;2021-09-17;919;2444;632;626996;599856;5757;76.8;73.5;0.7
49;2021-09-18;523;2009;148;627519;601865;5905;76.9;73.8;0.7
49;2021-09-19;8;22;6;627527;601887;5911;76.9;73.8;0.7
49;2021-09-20;500;1248;687;628027;603135;6598;77.0;73.9;0.8
49;2021-09-21;415;1546;800;628442;604681;7398;77.0;74.1;0.9
49;2021-09-22;348;2059;641;628790;606740;8039;77.1;74.4;1.0
49;2021-09-23;299;1094;853;629089;607834;8892;77.1;74.5;1.1
49;2021-09-24;558;2204;930;629647;610038;9822;77.2;74.8;1.2
49;2021-09-25;202;1099;101;629849;611137;9923;77.2;74.9;1.2
49;2021-09-26;4;24;0;629853;611161;9923;77.2;74.9;1.2
49;2021-09-27;355;1314;894;630208;612475;10817;77.2;75.1;1.3
49;2021-09-28;396;1010;740;630604;613485;11557;77.3;75.2;1.4
49;2021-09-29;369;1204;636;630973;614689;12193;77.3;75.3;1.5
49;2021-09-30;332;680;859;631305;615369;13052;77.4;75.4;1.6
49;2021-10-01;527;1500;739;631832;616869;13791;77.4;75.6;1.7
49;2021-10-02;334;1101;163;632166;617970;13954;77.5;75.7;1.7
49;2021-10-03;12;24;4;632178;617994;13958;77.5;75.7;1.7
49;2021-10-04;298;749;688;632476;618743;14646;77.5;75.8;1.8
49;2021-10-05;205;570;753;632681;619313;15399;77.5;75.9;1.9
49;2021-10-06;369;718;672;633050;620031;16071;77.6;76.0;2.0
49;2021-10-07;224;442;801;633274;620473;16872;77.6;76.0;2.1
49;2021-10-08;551;1265;1167;633825;621738;18039;77.7;76.2;2.2
49;2021-10-09;250;657;306;634075;622395;18345;77.7;76.3;2.2
49;2021-10-10;7;11;5;634082;622406;18350;77.7;76.3;2.2
49;2021-10-11;299;662;944;634381;623068;19294;77.8;76.4;2.4
49;2021-10-12;257;345;1147;634638;623413;20441;77.8;76.4;2.5
49;2021-10-13;320;527;1060;634958;623940;21501;77.8;76.5;2.6
49;2021-10-14;222;372;953;635180;624312;22454;77.9;76.5;2.8
49;2021-10-15;450;799;1339;635630;625111;23793;77.9;76.6;2.9
49;2021-10-16;229;398;347;635859;625509;24140;77.9;76.7;3.0
49;2021-10-17;3;12;12;635862;625521;24152;77.9;76.7;3.0
49;2021-10-18;272;315;715;636134;625836;24867;78.0;76.7;3.0
49;2021-10-19;114;338;874;636248;626174;25741;78.0;76.7;3.2
49;2021-10-20;147;322;794;636395;626496;26535;78.0;76.8;3.3
49;2021-10-21;91;240;805;636486;626736;27340;78.0;76.8;3.4
49;2021-10-22;189;651;1627;636675;627387;28967;78.0;76.9;3.6
49;2021-10-23;86;296;338;636761;627683;29305;78.0;76.9;3.6
49;2021-10-24;1;13;12;636762;627696;29317;78.0;76.9;3.6
49;2021-10-25;143;304;878;636905;628000;30195;78.1;77.0;3.7
49;2021-10-26;113;204;808;637018;628204;31003;78.1;77.0;3.8
49;2021-10-27;121;277;988;637139;628481;31991;78.1;77.0;3.9
49;2021-10-28;100;211;979;637239;628692;32970;78.1;77.1;4.0
49;2021-10-29;197;579;1816;637436;629271;34786;78.1;77.1;4.3
49;2021-10-30;62;200;342;637498;629471;35128;78.1;77.2;4.3
49;2021-10-31;4;11;18;637502;629482;35146;78.1;77.2;4.3
49;2021-11-01;4;2;15;637506;629484;35161;78.1;77.2;4.3
49;2021-11-02;153;295;1563;637659;629779;36724;78.2;77.2;4.5
49;2021-11-03;122;289;1583;637781;630068;38307;78.2;77.2;4.7
49;2021-11-04;79;167;1313;637860;630235;39620;78.2;77.2;4.9
49;2021-11-05;181;440;2143;638041;630675;41763;78.2;77.3;5.1
49;2021-11-06;84;188;545;638125;630863;42308;78.2;77.3;5.2
49;2021-11-07;3;20;17;638128;630883;42325;78.2;77.3;5.2
49;2021-11-08;84;272;1934;638212;631155;44259;78.2;77.4;5.4
49;2021-11-09;89;225;2828;638301;631380;47087;78.2;77.4;5.8
49;2021-11-10;160;303;3034;638461;631683;50121;78.3;77.4;6.1
49;2021-11-11;5;4;56;638466;631687;50177;78.3;77.4;6.2
49;2021-11-12;165;285;2910;638631;631972;53087;78.3;77.5;6.5
49;2021-11-13;99;134;817;638730;632106;53904;78.3;77.5;6.6
49;2021-11-14;0;1;19;638730;632107;53923;78.3;77.5;6.6
49;2021-11-15;80;154;2364;638810;632261;56287;78.3;77.5;6.9
49;2021-11-16;82;164;3330;638892;632425;59617;78.3;77.5;7.3
49;2021-11-17;142;207;2929;639034;632632;62546;78.3;77.5;7.7
49;2021-11-18;75;123;2897;639109;632755;65443;78.3;77.6;8.0
49;2021-11-19;178;221;3937;639287;632976;69380;78.4;77.6;8.5
49;2021-11-20;104;83;1109;639391;633059;70489;78.4;77.6;8.6
49;2021-11-21;2;5;12;639393;633064;70501;78.4;77.6;8.6
49;2021-11-22;62;108;2398;639455;633172;72899;78.4;77.6;8.9
49;2021-11-23;138;119;3958;639593;633291;76857;78.4;77.6;9.4
49;2021-11-24;173;190;3491;639766;633481;80348;78.4;77.6;9.8
49;2021-11-25;104;101;3625;639870;633582;83973;78.4;77.7;10.3
49;2021-11-26;209;243;5700;640079;633825;89673;78.5;77.7;11.0
49;2021-11-27;137;148;2477;640216;633973;92150;78.5;77.7;11.3
49;2021-11-28;8;13;791;640224;633986;92941;78.5;77.7;11.4
49;2021-11-29;98;112;4787;640322;634098;97728;78.5;77.7;12.0
49;2021-11-30;137;122;6150;640459;634220;103878;78.5;77.7;12.7
49;2021-12-01;122;137;5955;640581;634357;109833;78.5;77.8;13.5
49;2021-12-02;82;75;5909;640663;634432;115742;78.5;77.8;14.2
49;2021-12-03;150;175;7872;640813;634607;123614;78.5;77.8;15.2
49;2021-12-04;65;112;2926;640878;634719;126540;78.6;77.8;15.5
49;2021-12-05;6;13;790;640884;634732;127330;78.6;77.8;15.6
49;2021-12-06;62;104;7388;640946;634836;134718;78.6;77.8;16.5
49;2021-12-07;112;120;9234;641058;634956;143952;78.6;77.8;17.6
49;2021-12-08;121;183;8008;641179;635139;151960;78.6;77.8;18.6
49;2021-12-09;111;125;9345;641290;635264;161305;78.6;77.9;19.8
49;2021-12-10;112;185;10171;641402;635449;171476;78.6;77.9;21.0
49;2021-12-11;70;146;4530;641472;635595;176006;78.6;77.9;21.6
49;2021-12-12;15;14;1486;641487;635609;177492;78.6;77.9;21.8
49;2021-12-13;70;113;8441;641557;635722;185933;78.6;77.9;22.8
49;2021-12-14;125;173;10532;641682;635895;196465;78.6;77.9;24.1
49;2021-12-15;110;174;9465;641792;636069;205930;78.7;78.0;25.2
49;2021-12-16;94;128;10518;641886;636197;216448;78.7;78.0;26.5
49;2021-12-17;137;267;11405;642023;636464;227853;78.7;78.0;27.9
49;2021-12-18;78;128;5349;642101;636592;233202;78.7;78.0;28.6
49;2021-12-19;14;11;1701;642115;636603;234903;78.7;78.0;28.8
49;2021-12-20;128;162;8771;642243;636765;243674;78.7;78.0;29.9
49;2021-12-21;174;197;10185;642417;636962;253859;78.7;78.1;31.1
49;2021-12-22;163;184;8205;642580;637146;262064;78.8;78.1;32.1
49;2021-12-23;151;108;6542;642731;637254;268606;78.8;78.1;32.9
49;2021-12-24;44;40;1748;642775;637294;270354;78.8;78.1;33.1
49;2021-12-25;1;1;52;642776;637295;270406;78.8;78.1;33.1
49;2021-12-26;1;4;141;642777;637299;270547;78.8;78.1;33.2
49;2021-12-27;111;136;6531;642888;637435;277078;78.8;78.1;34.0
49;2021-12-28;159;139;8336;643047;637574;285414;78.8;78.1;35.0
50;2020-12-27;0;0;0;0;0;0;0.0;0.0;0.0
50;2020-12-28;1;0;0;1;0;0;0.0;0.0;0.0
50;2020-12-29;1;0;0;2;0;0;0.0;0.0;0.0
50;2020-12-30;0;0;0;2;0;0;0.0;0.0;0.0
50;2020-12-31;0;0;0;2;0;0;0.0;0.0;0.0
50;2021-01-01;1;0;0;3;0;0;0.0;0.0;0.0
50;2021-01-02;0;0;0;3;0;0;0.0;0.0;0.0
50;2021-01-03;0;0;0;3;0;0;0.0;0.0;0.0
50;2021-01-04;1;0;0;4;0;0;0.0;0.0;0.0
50;2021-01-05;0;0;0;4;0;0;0.0;0.0;0.0
50;2021-01-06;122;0;0;126;0;0;0.0;0.0;0.0
50;2021-01-07;311;0;0;437;0;0;0.1;0.0;0.0
50;2021-01-08;428;2;0;865;2;0;0.2;0.0;0.0
50;2021-01-09;227;0;0;1092;2;0;0.2;0.0;0.0
50;2021-01-10;22;0;0;1114;2;0;0.2;0.0;0.0
50;2021-01-11;368;0;0;1482;2;0;0.3;0.0;0.0
50;2021-01-12;597;0;0;2079;2;0;0.4;0.0;0.0
50;2021-01-13;682;5;0;2761;7;0;0.6;0.0;0.0
50;2021-01-14;979;8;0;3740;15;0;0.8;0.0;0.0
50;2021-01-15;693;5;0;4433;20;0;0.9;0.0;0.0
50;2021-01-16;219;3;0;4652;23;0;0.9;0.0;0.0
50;2021-01-17;9;0;0;4661;23;0;0.9;0.0;0.0
50;2021-01-18;646;1;0;5307;24;0;1.1;0.0;0.0
50;2021-01-19;911;8;0;6218;32;0;1.3;0.0;0.0
50;2021-01-20;968;2;0;7186;34;0;1.5;0.0;0.0
50;2021-01-21;912;3;0;8098;37;0;1.7;0.0;0.0
50;2021-01-22;769;2;0;8867;39;0;1.8;0.0;0.0
50;2021-01-23;658;4;0;9525;43;0;1.9;0.0;0.0
50;2021-01-24;846;3;0;10371;46;0;2.1;0.0;0.0
50;2021-01-25;2577;18;0;12948;64;0;2.6;0.0;0.0
50;2021-01-26;1289;15;0;14237;79;0;2.9;0.0;0.0
50;2021-01-27;750;52;0;14987;131;0;3.1;0.0;0.0
50;2021-01-28;753;166;0;15740;297;0;3.2;0.1;0.0
50;2021-01-29;602;303;0;16342;600;0;3.3;0.1;0.0
50;2021-01-30;375;161;0;16717;761;0;3.4;0.2;0.0
50;2021-01-31;5;0;0;16722;761;0;3.4;0.2;0.0
50;2021-02-01;459;215;0;17181;976;0;3.5;0.2;0.0
50;2021-02-02;463;253;0;17644;1229;0;3.6;0.3;0.0
50;2021-02-03;427;369;0;18071;1598;0;3.7;0.3;0.0
50;2021-02-04;510;456;0;18581;2054;0;3.8;0.4;0.0
50;2021-02-05;448;463;0;19029;2517;0;3.9;0.5;0.0
50;2021-02-06;194;112;0;19223;2629;0;3.9;0.5;0.0
50;2021-02-07;1;5;0;19224;2634;0;3.9;0.5;0.0
50;2021-02-08;284;491;0;19508;3125;0;4.0;0.6;0.0
50;2021-02-09;283;648;0;19791;3773;0;4.0;0.8;0.0
50;2021-02-10;576;564;0;20367;4337;0;4.2;0.9;0.0
50;2021-02-11;485;865;0;20852;5202;0;4.2;1.1;0.0
50;2021-02-12;400;673;0;21252;5875;0;4.3;1.2;0.0
50;2021-02-13;300;445;0;21552;6320;0;4.4;1.3;0.0
50;2021-02-14;180;798;0;21732;7118;0;4.4;1.5;0.0
50;2021-02-15;637;1959;0;22369;9077;0;4.6;1.8;0.0
50;2021-02-16;707;1540;0;23076;10617;0;4.7;2.2;0.0
50;2021-02-17;616;837;0;23692;11454;0;4.8;2.3;0.0
50;2021-02-18;529;841;0;24221;12295;0;4.9;2.5;0.0
50;2021-02-19;639;540;0;24860;12835;0;5.1;2.6;0.0
50;2021-02-20;409;205;0;25269;13040;0;5.1;2.7;0.0
50;2021-02-21;79;30;0;25348;13070;0;5.2;2.7;0.0
50;2021-02-22;305;743;0;25653;13813;0;5.2;2.8;0.0
50;2021-02-23;495;573;0;26148;14386;0;5.3;2.9;0.0
50;2021-02-24;632;562;0;26780;14948;0;5.5;3.0;0.0
50;2021-02-25;798;620;0;27578;15568;0;5.6;3.2;0.0
50;2021-02-26;994;405;0;28572;15973;0;5.8;3.3;0.0
50;2021-02-27;841;120;0;29413;16093;0;6.0;3.3;0.0
50;2021-02-28;102;5;0;29515;16098;0;6.0;3.3;0.0
50;2021-03-01;496;595;0;30011;16693;0;6.1;3.4;0.0
50;2021-03-02;635;549;0;30646;17242;0;6.2;3.5;0.0
50;2021-03-03;795;523;0;31441;17765;0;6.4;3.6;0.0
50;2021-03-04;1257;366;0;32698;18131;0;6.7;3.7;0.0
50;2021-03-05;1560;389;0;34258;18520;0;7.0;3.8;0.0
50;2021-03-06;1323;177;0;35581;18697;0;7.3;3.8;0.0
50;2021-03-07;542;40;0;36123;18737;0;7.4;3.8;0.0
50;2021-03-08;1025;619;0;37148;19356;0;7.6;3.9;0.0
50;2021-03-09;1533;583;0;38681;19939;0;7.9;4.1;0.0
50;2021-03-10;1586;337;0;40267;20276;0;8.2;4.1;0.0
50;2021-03-11;2337;377;0;42604;20653;0;8.7;4.2;0.0
50;2021-03-12;2924;281;0;45528;20934;0;9.3;4.3;0.0
50;2021-03-13;1931;143;0;47459;21077;0;9.7;4.3;0.0
50;2021-03-14;265;39;0;47724;21116;0;9.7;4.3;0.0
50;2021-03-15;1411;310;0;49135;21426;0;10.0;4.4;0.0
50;2021-03-16;1309;283;0;50444;21709;0;10.3;4.4;0.0
50;2021-03-17;1303;408;0;51747;22117;0;10.5;4.5;0.0
50;2021-03-18;1185;422;0;52932;22539;0;10.8;4.6;0.0
50;2021-03-19;1795;590;0;54727;23129;0;11.2;4.7;0.0
50;2021-03-20;1697;224;0;56424;23353;0;11.5;4.8;0.0
50;2021-03-21;776;13;0;57200;23366;0;11.7;4.8;0.0
50;2021-03-22;1514;345;0;58714;23711;0;12.0;4.8;0.0
50;2021-03-23;2065;400;0;60779;24111;0;12.4;4.9;0.0
50;2021-03-24;2283;563;0;63062;24674;0;12.9;5.0;0.0
50;2021-03-25;2844;483;0;65906;25157;0;13.4;5.1;0.0
50;2021-03-26;3248;473;0;69154;25630;0;14.1;5.2;0.0
50;2021-03-27;1724;355;0;70878;25985;0;14.4;5.3;0.0
50;2021-03-28;392;19;0;71270;26004;0;14.5;5.3;0.0
50;2021-03-29;2126;700;0;73396;26704;0;15.0;5.4;0.0
50;2021-03-30;2287;632;0;75683;27336;0;15.4;5.6;0.0
50;2021-03-31;2481;564;0;78164;27900;0;15.9;5.7;0.0
50;2021-04-01;3091;881;0;81255;28781;0;16.6;5.9;0.0
50;2021-04-02;2892;904;0;84147;29685;0;17.1;6.0;0.0
50;2021-04-03;1206;662;0;85353;30347;0;17.4;6.2;0.0
50;2021-04-04;304;132;0;85657;30479;0;17.5;6.2;0.0
50;2021-04-05;385;32;0;86042;30511;0;17.5;6.2;0.0
50;2021-04-06;2068;1196;0;88110;31707;0;18.0;6.5;0.0
50;2021-04-07;2572;1186;0;90682;32893;0;18.5;6.7;0.0
50;2021-04-08;3609;1226;0;94291;34119;0;19.2;7.0;0.0
50;2021-04-09;3854;1291;0;98145;35410;0;20.0;7.2;0.0
50;2021-04-10;2416;850;0;100561;36260;0;20.5;7.4;0.0
50;2021-04-11;382;144;0;100943;36404;0;20.6;7.4;0.0
50;2021-04-12;2405;1393;0;103348;37797;0;21.1;7.7;0.0
50;2021-04-13;2644;1524;0;105992;39321;0;21.6;8.0;0.0
50;2021-04-14;2552;1356;0;108544;40677;0;22.1;8.3;0.0
50;2021-04-15;3084;1152;0;111628;41829;0;22.8;8.5;0.0
50;2021-04-16;3220;1131;0;114848;42960;0;23.4;8.8;0.0
50;2021-04-17;2319;1184;0;117167;44144;0;23.9;9.0;0.0
50;2021-04-18;456;650;0;117623;44794;0;24.0;9.1;0.0
50;2021-04-19;1924;1467;0;119547;46261;0;24.4;9.4;0.0
50;2021-04-20;2180;1558;0;121727;47819;0;24.8;9.7;0.0
50;2021-04-21;2420;1755;0;124147;49574;0;25.3;10.1;0.0
50;2021-04-22;2988;1795;0;127135;51369;0;25.9;10.5;0.0
50;2021-04-23;2654;1931;0;129789;53300;0;26.5;10.9;0.0
50;2021-04-24;1822;1378;0;131611;54678;0;26.8;11.1;0.0
50;2021-04-25;491;269;0;132102;54947;0;26.9;11.2;0.0
50;2021-04-26;2078;1875;0;134180;56822;0;27.3;11.6;0.0
50;2021-04-27;2343;1980;0;136523;58802;0;27.8;12.0;0.0
50;2021-04-28;2570;1971;0;139093;60773;0;28.3;12.4;0.0
50;2021-04-29;3210;2086;0;142303;62859;0;29.0;12.8;0.0
50;2021-04-30;2945;1852;0;145248;64711;0;29.6;13.2;0.0
50;2021-05-01;1001;572;0;146249;65283;0;29.8;13.3;0.0
50;2021-05-02;522;416;0;146771;65699;0;29.9;13.4;0.0
50;2021-05-03;1858;1765;0;148629;67464;0;30.3;13.7;0.0
50;2021-05-04;1828;2268;0;150457;69732;0;30.7;14.2;0.0
50;2021-05-05;1724;2911;0;152181;72643;0;31.0;14.8;0.0
50;2021-05-06;2541;2613;0;154722;75256;0;31.5;15.3;0.0
50;2021-05-07;2244;2850;0;156966;78106;0;32.0;15.9;0.0
50;2021-05-08;1014;780;0;157980;78886;0;32.2;16.1;0.0
50;2021-05-09;625;354;0;158605;79240;0;32.3;16.1;0.0
50;2021-05-10;1791;2553;0;160396;81793;0;32.7;16.7;0.0
50;2021-05-11;2633;2750;0;163029;84543;0;33.2;17.2;0.0
50;2021-05-12;3118;2386;0;166147;86929;0;33.9;17.7;0.0
50;2021-05-13;3265;590;0;169412;87519;0;34.5;17.8;0.0
50;2021-05-14;3514;2208;0;172926;89727;0;35.2;18.3;0.0
50;2021-05-15;3497;1751;0;176423;91478;0;36.0;18.6;0.0
50;2021-05-16;968;262;0;177391;91740;0;36.2;18.7;0.0
50;2021-05-17;2219;1822;0;179610;93562;0;36.6;19.1;0.0
50;2021-05-18;2665;1573;0;182275;95135;0;37.1;19.4;0.0
50;2021-05-19;2628;1402;0;184903;96537;0;37.7;19.7;0.0
50;2021-05-20;3351;1586;0;188254;98123;0;38.4;20.0;0.0
50;2021-05-21;3266;1884;0;191520;100007;0;39.0;20.4;0.0
50;2021-05-22;2599;1261;0;194119;101268;0;39.6;20.6;0.0
50;2021-05-23;584;257;0;194703;101525;0;39.7;20.7;0.0
50;2021-05-24;1527;480;0;196230;102005;0;40.0;20.8;0.0
50;2021-05-25;2598;1634;0;198828;103639;0;40.5;21.1;0.0
50;2021-05-26;3111;1427;0;201939;105066;0;41.2;21.4;0.0
50;2021-05-27;3135;1901;0;205074;106967;0;41.8;21.8;0.0
50;2021-05-28;3031;2132;0;208105;109099;0;42.4;22.2;0.0
50;2021-05-29;2564;1327;0;210669;110426;0;42.9;22.5;0.0
50;2021-05-30;822;300;0;211491;110726;0;43.1;22.6;0.0
50;2021-05-31;2769;1787;0;214260;112513;0;43.7;22.9;0.0
50;2021-06-01;3404;2045;0;217664;114558;0;44.4;23.3;0.0
50;2021-06-02;3290;1822;0;220954;116380;0;45.0;23.7;0.0
50;2021-06-03;4015;2074;0;224969;118454;0;45.8;24.1;0.0
50;2021-06-04;3840;2929;0;228809;121383;0;46.6;24.7;0.0
50;2021-06-05;2827;1835;0;231636;123218;0;47.2;25.1;0.0
50;2021-06-06;833;428;0;232469;123646;0;47.4;25.2;0.0
50;2021-06-07;3449;2078;0;235918;125724;0;48.1;25.6;0.0
50;2021-06-08;4021;2214;0;239939;127938;0;48.9;26.1;0.0
50;2021-06-09;4226;1950;0;244165;129888;0;49.8;26.5;0.0
50;2021-06-10;4134;2146;0;248299;132034;0;50.6;26.9;0.0
50;2021-06-11;4062;2786;0;252361;134820;0;51.4;27.5;0.0
50;2021-06-12;3419;1567;0;255780;136387;0;52.1;27.8;0.0
50;2021-06-13;1009;454;0;256789;136841;0;52.3;27.9;0.0
50;2021-06-14;2555;2997;0;259344;139838;0;52.9;28.5;0.0
50;2021-06-15;2894;2635;0;262238;142473;0;53.4;29.0;0.0
50;2021-06-16;3002;1978;0;265240;144451;0;54.1;29.4;0.0
50;2021-06-17;2708;2522;0;267948;146973;0;54.6;30.0;0.0
50;2021-06-18;3108;3127;0;271056;150100;0;55.2;30.6;0.0
50;2021-06-19;2901;1767;0;273957;151867;0;55.8;31.0;0.0
50;2021-06-20;658;667;0;274615;152534;0;56.0;31.1;0.0
50;2021-06-21;1767;3125;0;276382;155659;0;56.3;31.7;0.0
50;2021-06-22;2018;3388;0;278400;159047;0;56.7;32.4;0.0
50;2021-06-23;1865;3834;0;280265;162881;0;57.1;33.2;0.0
50;2021-06-24;1690;3967;0;281955;166848;0;57.5;34.0;0.0
50;2021-06-25;2046;4074;0;284001;170922;0;57.9;34.8;0.0
50;2021-06-26;1824;3380;0;285825;174302;0;58.3;35.5;0.0
50;2021-06-27;554;866;0;286379;175168;0;58.4;35.7;0.0
50;2021-06-28;1795;3426;0;288174;178594;0;58.7;36.4;0.0
50;2021-06-29;1792;3512;0;289966;182106;0;59.1;37.1;0.0
50;2021-06-30;2069;3448;0;292035;185554;0;59.5;37.8;0.0
50;2021-07-01;1843;3255;0;293878;188809;0;59.9;38.5;0.0
50;2021-07-02;1784;3912;0;295662;192721;0;60.3;39.3;0.0
50;2021-07-03;1275;3250;0;296937;195971;0;60.5;39.9;0.0
50;2021-07-04;381;1003;0;297318;196974;0;60.6;40.1;0.0
50;2021-07-05;1189;3453;0;298507;200427;0;60.8;40.8;0.0
50;2021-07-06;1472;3890;0;299979;204317;0;61.1;41.6;0.0
50;2021-07-07;1700;3610;0;301679;207927;0;61.5;42.4;0.0
50;2021-07-08;1283;4007;0;302962;211934;0;61.7;43.2;0.0
50;2021-07-09;1333;4532;0;304295;216466;0;62.0;44.1;0.0
50;2021-07-10;967;3370;0;305262;219836;0;62.2;44.8;0.0
50;2021-07-11;289;946;0;305551;220782;0;62.3;45.0;0.0
50;2021-07-12;1216;4565;0;306767;225347;0;62.5;45.9;0.0
50;2021-07-13;1543;4790;0;308310;230137;0;62.8;46.9;0.0
50;2021-07-14;1224;2215;0;309534;232352;0;63.1;47.4;0.0
50;2021-07-15;1673;5007;0;311207;237359;0;63.4;48.4;0.0
50;2021-07-16;2726;5089;0;313933;242448;0;64.0;49.4;0.0
50;2021-07-17;1875;3565;0;315808;246013;0;64.4;50.1;0.0
50;2021-07-18;393;1001;0;316201;247014;0;64.4;50.3;0.0
50;2021-07-19;1473;5038;0;317674;252052;0;64.7;51.4;0.0
50;2021-07-20;1448;5249;0;319122;257301;0;65.0;52.4;0.0
50;2021-07-21;1787;5138;0;320909;262439;0;65.4;53.5;0.0
50;2021-07-22;1991;4857;0;322900;267296;0;65.8;54.5;0.0
50;2021-07-23;2156;5170;0;325056;272466;0;66.2;55.5;0.0
50;2021-07-24;1259;3554;0;326315;276020;0;66.5;56.3;0.0
50;2021-07-25;296;945;0;326611;276965;0;66.6;56.4;0.0
50;2021-07-26;2250;3327;0;328861;280292;0;67.0;57.1;0.0
50;2021-07-27;2834;3135;0;331695;283427;0;67.6;57.8;0.0
50;2021-07-28;2943;3295;0;334638;286722;0;68.2;58.4;0.0
50;2021-07-29;3544;3053;0;338182;289775;0;68.9;59.1;0.0
50;2021-07-30;2987;2856;0;341169;292631;0;69.5;59.6;0.0
50;2021-07-31;2230;2404;0;343399;295035;0;70.0;60.1;0.0
50;2021-08-01;513;589;0;343912;295624;0;70.1;60.2;0.0
50;2021-08-02;2354;2577;0;346266;298201;0;70.6;60.8;0.0
50;2021-08-03;3246;2324;0;349512;300525;0;71.2;61.2;0.0
50;2021-08-04;3428;2261;0;352940;302786;0;71.9;61.7;0.0
50;2021-08-05;2996;1989;0;355936;304775;0;72.5;62.1;0.0
50;2021-08-06;3345;2550;0;359281;307325;0;73.2;62.6;0.0
50;2021-08-07;2179;1898;0;361460;309223;0;73.7;63.0;0.0
50;2021-08-08;443;628;0;361903;309851;0;73.8;63.1;0.0
50;2021-08-09;2289;2019;0;364192;311870;0;74.2;63.6;0.0
50;2021-08-10;2706;2010;0;366898;313880;0;74.8;64.0;0.0
50;2021-08-11;2590;1890;1;369488;315770;1;75.3;64.4;0.0
50;2021-08-12;2322;2255;0;371810;318025;1;75.8;64.8;0.0
50;2021-08-13;2279;1857;0;374089;319882;1;76.2;65.2;0.0
50;2021-08-14;1639;1595;0;375728;321477;1;76.6;65.5;0.0
50;2021-08-15;354;316;0;376082;321793;1;76.6;65.6;0.0
50;2021-08-16;1599;2077;0;377681;323870;1;77.0;66.0;0.0
50;2021-08-17;1756;2437;0;379437;326307;1;77.3;66.5;0.0
50;2021-08-18;1619;2391;0;381056;328698;1;77.7;67.0;0.0
50;2021-08-19;1524;2446;0;382580;331144;1;78.0;67.5;0.0
50;2021-08-20;1440;2596;0;384020;333740;1;78.3;68.0;0.0
50;2021-08-21;905;2479;0;384925;336219;1;78.4;68.5;0.0
50;2021-08-22;315;464;0;385240;336683;1;78.5;68.6;0.0
50;2021-08-23;1028;2799;0;386268;339482;1;78.7;69.2;0.0
50;2021-08-24;1133;3042;0;387401;342524;1;79.0;69.8;0.0
50;2021-08-25;982;2649;0;388383;345173;1;79.2;70.3;0.0
50;2021-08-26;823;3147;0;389206;348320;1;79.3;71.0;0.0
50;2021-08-27;885;3114;0;390091;351434;1;79.5;71.6;0.0
50;2021-08-28;711;2708;0;390802;354142;1;79.6;72.2;0.0
50;2021-08-29;237;514;0;391039;354656;1;79.7;72.3;0.0
50;2021-08-30;738;2761;62;391777;357417;63;79.8;72.8;0.0
50;2021-08-31;779;2809;99;392556;360226;162;80.0;73.4;0.0
50;2021-09-01;646;2545;223;393202;362771;385;80.1;73.9;0.1
50;2021-09-02;490;2108;301;393692;364879;686;80.2;74.4;0.1
50;2021-09-03;672;2468;324;394364;367347;1010;80.4;74.9;0.2
50;2021-09-04;577;2680;132;394941;370027;1142;80.5;75.4;0.2
50;2021-09-05;158;586;58;395099;370613;1200;80.5;75.5;0.2
50;2021-09-06;366;1792;285;395465;372405;1485;80.6;75.9;0.3
50;2021-09-07;278;1385;276;395743;373790;1761;80.7;76.2;0.4
50;2021-09-08;432;1793;200;396175;375583;1961;80.7;76.5;0.4
50;2021-09-09;380;1209;231;396555;376792;2192;80.8;76.8;0.4
50;2021-09-10;480;1647;368;397035;378439;2560;80.9;77.1;0.5
50;2021-09-11;340;2013;270;397375;380452;2830;81.0;77.5;0.6
50;2021-09-12;63;321;16;397438;380773;2846;81.0;77.6;0.6
50;2021-09-13;370;941;358;397808;381714;3204;81.1;77.8;0.7
50;2021-09-14;397;854;465;398205;382568;3669;81.2;78.0;0.7
50;2021-09-15;410;982;384;398615;383550;4053;81.2;78.2;0.8
50;2021-09-16;440;696;410;399055;384246;4463;81.3;78.3;0.9
50;2021-09-17;439;994;443;399494;385240;4906;81.4;78.5;1.0
50;2021-09-18;286;1323;180;399780;386563;5086;81.5;78.8;1.0
50;2021-09-19;39;246;20;399819;386809;5106;81.5;78.8;1.0
50;2021-09-20;361;561;453;400180;387370;5559;81.6;78.9;1.1
50;2021-09-21;425;575;555;400605;387945;6114;81.6;79.1;1.2
50;2021-09-22;190;822;416;400795;388767;6530;81.7;79.2;1.3
50;2021-09-23;265;382;641;401060;389149;7171;81.7;79.3;1.5
50;2021-09-24;216;769;545;401276;389918;7716;81.8;79.5;1.6
50;2021-09-25;193;872;154;401469;390790;7870;81.8;79.6;1.6
50;2021-09-26;18;150;34;401487;390940;7904;81.8;79.7;1.6
50;2021-09-27;108;383;548;401595;391323;8452;81.8;79.8;1.7
50;2021-09-28;170;381;579;401765;391704;9031;81.9;79.8;1.8
50;2021-09-29;149;454;511;401914;392158;9542;81.9;79.9;1.9
50;2021-09-30;161;398;610;402075;392556;10152;81.9;80.0;2.1
50;2021-10-01;234;534;614;402309;393090;10766;82.0;80.1;2.2
50;2021-10-02;220;487;239;402529;393577;11005;82.0;80.2;2.2
50;2021-10-03;6;8;22;402535;393585;11027;82.0;80.2;2.2
50;2021-10-04;189;388;673;402724;393973;11700;82.1;80.3;2.4
50;2021-10-05;131;326;690;402855;394299;12390;82.1;80.4;2.5
50;2021-10-06;182;426;449;403037;394725;12839;82.1;80.4;2.6
50;2021-10-07;116;314;605;403153;395039;13444;82.2;80.5;2.7
50;2021-10-08;205;426;553;403358;395465;13997;82.2;80.6;2.9
50;2021-10-09;218;466;372;403576;395931;14369;82.3;80.7;2.9
50;2021-10-10;0;2;1;403576;395933;14370;82.3;80.7;2.9
50;2021-10-11;107;207;622;403683;396140;14992;82.3;80.7;3.1
50;2021-10-12;133;334;807;403816;396474;15799;82.3;80.8;3.2
50;2021-10-13;150;281;622;403966;396755;16421;82.3;80.9;3.3
50;2021-10-14;102;284;764;404068;397039;17185;82.4;80.9;3.5
50;2021-10-15;227;346;922;404295;397385;18107;82.4;81.0;3.7
50;2021-10-16;205;306;663;404500;397691;18770;82.4;81.1;3.8
50;2021-10-17;10;14;91;404510;397705;18861;82.4;81.1;3.8
50;2021-10-18;100;293;423;404610;397998;19284;82.5;81.1;3.9
50;2021-10-19;101;233;555;404711;398231;19839;82.5;81.2;4.0
50;2021-10-20;175;267;886;404886;398498;20725;82.5;81.2;4.2
50;2021-10-21;99;229;699;404985;398727;21424;82.5;81.3;4.4
50;2021-10-22;206;328;895;405191;399055;22319;82.6;81.3;4.5
50;2021-10-23;146;224;546;405337;399279;22865;82.6;81.4;4.7
50;2021-10-24;10;10;31;405347;399289;22896;82.6;81.4;4.7
50;2021-10-25;103;137;567;405450;399426;23463;82.6;81.4;4.8
50;2021-10-26;82;115;765;405532;399541;24228;82.6;81.4;4.9
50;2021-10-27;150;217;1534;405682;399758;25762;82.7;81.5;5.3
50;2021-10-28;76;77;888;405758;399835;26650;82.7;81.5;5.4
50;2021-10-29;154;207;1013;405912;400042;27663;82.7;81.5;5.6
50;2021-10-30;137;220;688;406049;400262;28351;82.8;81.6;5.8
50;2021-10-31;6;5;46;406055;400267;28397;82.8;81.6;5.8
50;2021-11-01;2;1;3;406057;400268;28400;82.8;81.6;5.8
50;2021-11-02;96;120;950;406153;400388;29350;82.8;81.6;6.0
50;2021-11-03;167;253;1474;406320;400641;30824;82.8;81.7;6.3
50;2021-11-04;67;77;744;406387;400718;31568;82.8;81.7;6.4
50;2021-11-05;166;258;1553;406553;400976;33121;82.9;81.7;6.8
50;2021-11-06;151;293;1090;406704;401269;34211;82.9;81.8;7.0
50;2021-11-07;5;6;30;406709;401275;34241;82.9;81.8;7.0
50;2021-11-08;78;141;1141;406787;401416;35382;82.9;81.8;7.2
50;2021-11-09;84;161;1443;406871;401577;36825;82.9;81.8;7.5
50;2021-11-10;135;169;1782;407006;401746;38607;82.9;81.9;7.9
50;2021-11-11;6;4;281;407012;401750;38888;83.0;81.9;7.9
50;2021-11-12;129;185;1734;407141;401935;40622;83.0;81.9;8.3
50;2021-11-13;133;176;1254;407274;402111;41876;83.0;82.0;8.5
50;2021-11-14;4;6;452;407278;402117;42328;83.0;82.0;8.6
50;2021-11-15;112;125;1868;407390;402242;44196;83.0;82.0;9.0
50;2021-11-16;87;75;1932;407477;402317;46128;83.0;82.0;9.4
50;2021-11-17;109;160;2109;407586;402477;48237;83.1;82.0;9.8
50;2021-11-18;87;113;2084;407673;402590;50321;83.1;82.0;10.3
50;2021-11-19;135;172;2369;407808;402762;52690;83.1;82.1;10.7
50;2021-11-20;195;191;1504;408003;402953;54194;83.2;82.1;11.0
50;2021-11-21;1;4;10;408004;402957;54204;83.2;82.1;11.0
50;2021-11-22;118;66;2308;408122;403023;56512;83.2;82.1;11.5
50;2021-11-23;133;96;2624;408255;403119;59136;83.2;82.2;12.1
50;2021-11-24;190;204;2587;408445;403323;61723;83.2;82.2;12.6
50;2021-11-25;128;91;2354;408573;403414;64077;83.3;82.2;13.1
50;2021-11-26;143;145;2865;408716;403559;66942;83.3;82.2;13.6
50;2021-11-27;237;215;2376;408953;403774;69318;83.3;82.3;14.1
50;2021-11-28;53;31;1512;409006;403805;70830;83.4;82.3;14.4
50;2021-11-29;122;109;3337;409128;403914;74167;83.4;82.3;15.1
50;2021-11-30;115;112;4588;409243;404026;78755;83.4;82.3;16.1
50;2021-12-01;122;131;4363;409365;404157;83118;83.4;82.4;16.9
50;2021-12-02;126;82;5266;409491;404239;88384;83.5;82.4;18.0
50;2021-12-03;138;163;5181;409629;404402;93565;83.5;82.4;19.1
50;2021-12-04;99;162;3082;409728;404564;96647;83.5;82.5;19.7
50;2021-12-05;8;15;819;409736;404579;97466;83.5;82.5;19.9
50;2021-12-06;98;102;5317;409834;404681;102783;83.5;82.5;20.9
50;2021-12-07;138;120;6522;409972;404801;109305;83.6;82.5;22.3
50;2021-12-08;198;148;6489;410170;404949;115794;83.6;82.5;23.6
50;2021-12-09;170;94;6959;410340;405043;122753;83.6;82.5;25.0
50;2021-12-10;203;170;7577;410543;405213;130330;83.7;82.6;26.6
50;2021-12-11;104;189;4186;410647;405402;134516;83.7;82.6;27.4
50;2021-12-12;24;9;805;410671;405411;135321;83.7;82.6;27.6
50;2021-12-13;124;143;6119;410795;405554;141440;83.7;82.7;28.8
50;2021-12-14;182;132;7800;410977;405686;149240;83.8;82.7;30.4
50;2021-12-15;185;197;6330;411162;405883;155570;83.8;82.7;31.7
50;2021-12-16;169;144;7606;411331;406027;163176;83.8;82.7;33.3
50;2021-12-17;200;183;7959;411531;406210;171135;83.9;82.8;34.9
50;2021-12-18;156;247;5065;411687;406457;176200;83.9;82.8;35.9
50;2021-12-19;30;23;883;411717;406480;177083;83.9;82.8;36.1
50;2021-12-20;164;156;5490;411881;406636;182573;83.9;82.9;37.2
50;2021-12-21;225;159;6422;412106;406795;188995;84.0;82.9;38.5
50;2021-12-22;233;164;4924;412339;406959;193919;84.0;82.9;39.5
50;2021-12-23;181;116;2804;412520;407075;196723;84.1;83.0;40.1
50;2021-12-24;23;29;524;412543;407104;197247;84.1;83.0;40.2
50;2021-12-25;1;4;33;412544;407108;197280;84.1;83.0;40.2
50;2021-12-26;9;4;167;412553;407112;197447;84.1;83.0;40.2
50;2021-12-27;128;174;4810;412681;407286;202257;84.1;83.0;41.2
50;2021-12-28;208;167;5723;412889;407453;207980;84.1;83.0;42.4
51;2020-12-27;0;0;0;0;0;0;0.0;0.0;0.0
51;2020-12-28;0;0;0;0;0;0;0.0;0.0;0.0
51;2020-12-29;0;0;0;0;0;0;0.0;0.0;0.0
51;2020-12-30;1;0;0;1;0;0;0.0;0.0;0.0
51;2020-12-31;1;0;0;2;0;0;0.0;0.0;0.0
51;2021-01-01;0;0;0;2;0;0;0.0;0.0;0.0
51;2021-01-02;0;0;0;2;0;0;0.0;0.0;0.0
51;2021-01-03;0;0;0;2;0;0;0.0;0.0;0.0
51;2021-01-04;2;0;0;4;0;0;0.0;0.0;0.0
51;2021-01-05;3;0;0;7;0;0;0.0;0.0;0.0
51;2021-01-06;9;0;0;16;0;0;0.0;0.0;0.0
51;2021-01-07;261;1;0;277;1;0;0.0;0.0;0.0
51;2021-01-08;508;1;0;785;2;0;0.1;0.0;0.0
51;2021-01-09;95;1;0;880;3;0;0.2;0.0;0.0
51;2021-01-10;3;0;0;883;3;0;0.2;0.0;0.0
51;2021-01-11;550;1;0;1433;4;0;0.3;0.0;0.0
51;2021-01-12;1428;5;0;2861;9;0;0.5;0.0;0.0
51;2021-01-13;1245;8;0;4106;17;0;0.7;0.0;0.0
51;2021-01-14;1431;10;0;5537;27;0;1.0;0.0;0.0
51;2021-01-15;614;5;0;6151;32;0;1.1;0.0;0.0
51;2021-01-16;176;1;0;6327;33;0;1.1;0.0;0.0
51;2021-01-17;101;0;0;6428;33;0;1.1;0.0;0.0
51;2021-01-18;886;5;0;7314;38;0;1.3;0.0;0.0
51;2021-01-19;1015;6;0;8329;44;0;1.5;0.0;0.0
51;2021-01-20;1023;10;0;9352;54;0;1.7;0.0;0.0
51;2021-01-21;859;3;0;10211;57;0;1.8;0.0;0.0
51;2021-01-22;393;2;0;10604;59;0;1.9;0.0;0.0
51;2021-01-23;294;0;0;10898;59;0;1.9;0.0;0.0
51;2021-01-24;139;1;0;11037;60;0;2.0;0.0;0.0
51;2021-01-25;686;2;0;11723;62;0;2.1;0.0;0.0
51;2021-01-26;754;4;0;12477;66;0;2.2;0.0;0.0
51;2021-01-27;657;5;0;13134;71;0;2.3;0.0;0.0
51;2021-01-28;644;65;0;13778;136;0;2.4;0.0;0.0
51;2021-01-29;474;164;0;14252;300;0;2.5;0.1;0.0
51;2021-01-30;130;7;0;14382;307;0;2.6;0.1;0.0
51;2021-01-31;81;0;0;14463;307;0;2.6;0.1;0.0
51;2021-02-01;282;79;0;14745;386;0;2.6;0.1;0.0
51;2021-02-02;685;710;0;15430;1096;0;2.7;0.2;0.0
51;2021-02-03;597;434;0;16027;1530;0;2.8;0.3;0.0
51;2021-02-04;926;780;0;16953;2310;0;3.0;0.4;0.0
51;2021-02-05;906;524;0;17859;2834;0;3.2;0.5;0.0
51;2021-02-06;37;142;0;17896;2976;0;3.2;0.5;0.0
51;2021-02-07;1;18;0;17897;2994;0;3.2;0.5;0.0
51;2021-02-08;116;421;0;18013;3415;0;3.2;0.6;0.0
51;2021-02-09;243;508;0;18256;3923;0;3.2;0.7;0.0
51;2021-02-10;259;650;0;18515;4573;0;3.3;0.8;0.0
51;2021-02-11;327;575;0;18842;5148;0;3.3;0.9;0.0
51;2021-02-12;369;573;0;19211;5721;0;3.4;1.0;0.0
51;2021-02-13;15;110;0;19226;5831;0;3.4;1.0;0.0
51;2021-02-14;8;167;0;19234;5998;0;3.4;1.1;0.0
51;2021-02-15;254;837;0;19488;6835;0;3.5;1.2;0.0
51;2021-02-16;375;941;0;19863;7776;0;3.5;1.4;0.0
51;2021-02-17;347;903;0;20210;8679;0;3.6;1.5;0.0
51;2021-02-18;410;613;0;20620;9292;0;3.7;1.6;0.0
51;2021-02-19;499;397;0;21119;9689;0;3.7;1.7;0.0
51;2021-02-20;202;295;0;21321;9984;0;3.8;1.8;0.0
51;2021-02-21;10;105;0;21331;10089;0;3.8;1.8;0.0
51;2021-02-22;191;682;0;21522;10771;0;3.8;1.9;0.0
51;2021-02-23;239;1031;0;21761;11802;0;3.9;2.1;0.0
51;2021-02-24;404;689;0;22165;12491;0;3.9;2.2;0.0
51;2021-02-25;1008;850;0;23173;13341;0;4.1;2.4;0.0
51;2021-02-26;1191;639;0;24364;13980;0;4.3;2.5;0.0
51;2021-02-27;603;129;0;24967;14109;0;4.4;2.5;0.0
51;2021-02-28;13;69;0;24980;14178;0;4.4;2.5;0.0
51;2021-03-01;755;313;0;25735;14491;0;4.6;2.6;0.0
51;2021-03-02;1117;467;0;26852;14958;0;4.8;2.7;0.0
51;2021-03-03;1172;469;0;28024;15427;0;5.0;2.7;0.0
51;2021-03-04;1088;700;0;29112;16127;0;5.2;2.9;0.0
51;2021-03-05;1566;646;0;30678;16773;0;5.4;3.0;0.0
51;2021-03-06;1476;66;0;32154;16839;0;5.7;3.0;0.0
51;2021-03-07;292;8;0;32446;16847;0;5.8;3.0;0.0
51;2021-03-08;1017;119;0;33463;16966;0;5.9;3.0;0.0
51;2021-03-09;1671;206;0;35134;17172;0;6.2;3.0;0.0
51;2021-03-10;1965;138;0;37099;17310;0;6.6;3.1;0.0
51;2021-03-11;2407;180;0;39506;17490;0;7.0;3.1;0.0
51;2021-03-12;3242;186;0;42748;17676;0;7.6;3.1;0.0
51;2021-03-13;2504;58;0;45252;17734;0;8.0;3.1;0.0
51;2021-03-14;223;5;0;45475;17739;0;8.1;3.1;0.0
51;2021-03-15;1602;167;0;47077;17906;0;8.3;3.2;0.0
51;2021-03-16;1447;184;0;48524;18090;0;8.6;3.2;0.0
51;2021-03-17;1495;203;0;50019;18293;0;8.9;3.2;0.0
51;2021-03-18;1594;265;0;51613;18558;0;9.2;3.3;0.0
51;2021-03-19;2233;296;0;53846;18854;0;9.6;3.3;0.0
51;2021-03-20;1591;215;0;55437;19069;0;9.8;3.4;0.0
51;2021-03-21;147;7;0;55584;19076;0;9.9;3.4;0.0
51;2021-03-22;1387;132;0;56971;19208;0;10.1;3.4;0.0
51;2021-03-23;2411;180;0;59382;19388;0;10.5;3.4;0.0
51;2021-03-24;2773;123;0;62155;19511;0;11.0;3.5;0.0
51;2021-03-25;3183;343;0;65338;19854;0;11.6;3.5;0.0
51;2021-03-26;3350;501;0;68688;20355;0;12.2;3.6;0.0
51;2021-03-27;1765;253;0;70453;20608;0;12.5;3.7;0.0
51;2021-03-28;246;4;0;70699;20612;0;12.5;3.7;0.0
51;2021-03-29;971;633;0;71670;21245;0;12.7;3.8;0.0
51;2021-03-30;1755;853;0;73425;22098;0;13.0;3.9;0.0
51;2021-03-31;1774;764;0;75199;22862;0;13.3;4.1;0.0
51;2021-04-01;2195;483;0;77394;23345;0;13.7;4.1;0.0
51;2021-04-02;2382;655;0;79776;24000;0;14.1;4.3;0.0
51;2021-04-03;1169;440;0;80945;24440;0;14.4;4.3;0.0
51;2021-04-04;139;13;0;81084;24453;0;14.4;4.3;0.0
51;2021-04-05;127;140;0;81211;24593;0;14.4;4.4;0.0
51;2021-04-06;806;1236;0;82017;25829;0;14.5;4.6;0.0
51;2021-04-07;1342;1412;0;83359;27241;0;14.8;4.8;0.0
51;2021-04-08;2268;1758;0;85627;28999;0;15.2;5.1;0.0
51;2021-04-09;2900;1730;0;88527;30729;0;15.7;5.5;0.0
51;2021-04-10;2182;499;0;90709;31228;0;16.1;5.5;0.0
51;2021-04-11;144;106;0;90853;31334;0;16.1;5.6;0.0
51;2021-04-12;1520;1353;0;92373;32687;0;16.4;5.8;0.0
51;2021-04-13;1980;1682;0;94353;34369;0;16.7;6.1;0.0
51;2021-04-14;2385;1498;0;96738;35867;0;17.2;6.4;0.0
51;2021-04-15;2839;1668;0;99577;37535;0;17.7;6.7;0.0
51;2021-04-16;3179;1562;0;102756;39097;0;18.2;6.9;0.0
51;2021-04-17;1977;734;0;104733;39831;0;18.6;7.1;0.0
51;2021-04-18;350;129;0;105083;39960;0;18.6;7.1;0.0
51;2021-04-19;1633;1159;0;106716;41119;0;18.9;7.3;0.0
51;2021-04-20;1861;1626;0;108577;42745;0;19.3;7.6;0.0
51;2021-04-21;2027;1736;0;110604;44481;0;19.6;7.9;0.0
51;2021-04-22;2465;1602;0;113069;46083;0;20.1;8.2;0.0
51;2021-04-23;3024;1765;0;116093;47848;0;20.6;8.5;0.0
51;2021-04-24;1831;941;0;117924;48789;0;20.9;8.7;0.0
51;2021-04-25;193;179;0;118117;48968;0;20.9;8.7;0.0
51;2021-04-26;1973;728;0;120090;49696;0;21.3;8.8;0.0
51;2021-04-27;2479;1223;0;122569;50919;0;21.7;9.0;0.0
51;2021-04-28;2629;1284;0;125198;52203;0;22.2;9.3;0.0
51;2021-04-29;2822;1464;0;128020;53667;0;22.7;9.5;0.0
51;2021-04-30;3065;1677;0;131085;55344;0;23.2;9.8;0.0
51;2021-05-01;1475;417;0;132560;55761;0;23.5;9.9;0.0
51;2021-05-02;262;142;0;132822;55903;0;23.6;9.9;0.0
51;2021-05-03;2652;809;0;135474;56712;0;24.0;10.1;0.0
51;2021-05-04;2843;1400;0;138317;58112;0;24.5;10.3;0.0
51;2021-05-05;2917;1628;0;141234;59740;0;25.0;10.6;0.0
51;2021-05-06;5429;1951;0;146663;61691;0;26.0;10.9;0.0
51;2021-05-07;3807;1952;0;150470;63643;0;26.7;11.3;0.0
51;2021-05-08;2815;790;0;153285;64433;0;27.2;11.4;0.0
51;2021-05-09;311;140;0;153596;64573;0;27.2;11.5;0.0
51;2021-05-10;3297;1843;0;156893;66416;0;27.8;11.8;0.0
51;2021-05-11;3614;2049;0;160507;68465;0;28.5;12.1;0.0
51;2021-05-12;4253;2249;0;164760;70714;0;29.2;12.5;0.0
51;2021-05-13;1761;513;0;166521;71227;0;29.5;12.6;0.0
51;2021-05-14;5209;1718;0;171730;72945;0;30.5;12.9;0.0
51;2021-05-15;4009;1325;0;175739;74270;0;31.2;13.2;0.0
51;2021-05-16;438;97;0;176177;74367;0;31.2;13.2;0.0
51;2021-05-17;3188;1500;0;179365;75867;0;31.8;13.5;0.0
51;2021-05-18;3877;1703;0;183242;77570;0;32.5;13.8;0.0
51;2021-05-19;4111;1655;0;187353;79225;0;33.2;14.1;0.0
51;2021-05-20;4744;1959;0;192097;81184;0;34.1;14.4;0.0
51;2021-05-21;3790;2412;0;195887;83596;0;34.7;14.8;0.0
51;2021-05-22;2245;1464;0;198132;85060;0;35.1;15.1;0.0
51;2021-05-23;524;223;0;198656;85283;0;35.2;15.1;0.0
51;2021-05-24;2096;704;0;200752;85987;0;35.6;15.3;0.0
51;2021-05-25;3522;1794;0;204274;87781;0;36.2;15.6;0.0
51;2021-05-26;3521;1695;0;207795;89476;0;36.9;15.9;0.0
51;2021-05-27;3500;2094;0;211295;91570;0;37.5;16.2;0.0
51;2021-05-28;3730;2848;0;215025;94418;0;38.1;16.7;0.0
51;2021-05-29;2554;1967;0;217579;96385;0;38.6;17.1;0.0
51;2021-05-30;534;157;0;218113;96542;0;38.7;17.1;0.0
51;2021-05-31;3453;1833;0;221566;98375;0;39.3;17.4;0.0
51;2021-06-01;3883;2406;0;225449;100781;0;40.0;17.9;0.0
51;2021-06-02;5786;2377;0;231235;103158;0;41.0;18.3;0.0
51;2021-06-03;3545;2483;0;234780;105641;0;41.6;18.7;0.0
51;2021-06-04;6147;3013;0;240927;108654;0;42.7;19.3;0.0
51;2021-06-05;2540;1862;0;243467;110516;0;43.2;19.6;0.0
51;2021-06-06;305;225;0;243772;110741;0;43.2;19.6;0.0
51;2021-06-07;3967;2210;0;247739;112951;0;43.9;20.0;0.0
51;2021-06-08;3842;2662;0;251581;115613;0;44.6;20.5;0.0
51;2021-06-09;3840;2729;0;255421;118342;0;45.3;21.0;0.0
51;2021-06-10;3177;2569;0;258598;120911;0;45.9;21.4;0.0
51;2021-06-11;3280;3482;0;261878;124393;0;46.4;22.1;0.0
51;2021-06-12;2204;2161;0;264082;126554;0;46.8;22.4;0.0
51;2021-06-13;248;228;0;264330;126782;0;46.9;22.5;0.0
51;2021-06-14;1563;3450;0;265893;130232;0;47.2;23.1;0.0
51;2021-06-15;2941;3683;0;268834;133915;0;47.7;23.8;0.0
51;2021-06-16;2150;3778;0;270984;137693;0;48.1;24.4;0.0
51;2021-06-17;2549;5437;0;273533;143130;0;48.5;25.4;0.0
51;2021-06-18;2339;5298;0;275872;148428;0;48.9;26.3;0.0
51;2021-06-19;1657;4344;0;277529;152772;0;49.2;27.1;0.0
51;2021-06-20;221;318;0;277750;153090;0;49.3;27.2;0.0
51;2021-06-21;1268;4416;0;279018;157506;0;49.5;27.9;0.0
51;2021-06-22;1530;4035;3;280548;161541;3;49.8;28.7;0.0
51;2021-06-23;3307;4283;0;283855;165824;3;50.3;29.4;0.0
51;2021-06-24;2137;3179;0;285992;169003;3;50.7;30.0;0.0
51;2021-06-25;1813;6324;0;287805;175327;3;51.0;31.1;0.0
51;2021-06-26;1126;4790;0;288931;180117;3;51.2;31.9;0.0
51;2021-06-27;137;435;0;289068;180552;3;51.3;32.0;0.0
51;2021-06-28;1326;4400;0;290394;184952;3;51.5;32.8;0.0
51;2021-06-29;1122;4551;0;291516;189503;3;51.7;33.6;0.0
51;2021-06-30;1614;5876;0;293130;195379;3;52.0;34.7;0.0
51;2021-07-01;1896;3918;0;295026;199297;3;52.3;35.3;0.0
51;2021-07-02;1792;6894;0;296818;206191;3;52.6;36.6;0.0
51;2021-07-03;1002;3300;0;297820;209491;3;52.8;37.2;0.0
51;2021-07-04;191;424;0;298011;209915;3;52.9;37.2;0.0
51;2021-07-05;800;5414;0;298811;215329;3;53.0;38.2;0.0
51;2021-07-06;1211;4911;10;300022;220240;13;53.2;39.1;0.0
51;2021-07-07;1545;4923;6;301567;225163;19;53.5;39.9;0.0
51;2021-07-08;2007;3502;3;303574;228665;22;53.8;40.6;0.0
51;2021-07-09;1800;5119;1;305374;233784;23;54.2;41.5;0.0
51;2021-07-10;1221;3272;0;306595;237056;23;54.4;42.0;0.0
51;2021-07-11;229;387;0;306824;237443;23;54.4;42.1;0.0
51;2021-07-12;1012;4447;0;307836;241890;23;54.6;42.9;0.0
51;2021-07-13;1563;4746;0;309399;246636;23;54.9;43.7;0.0
51;2021-07-14;1069;1602;0;310468;248238;23;55.1;44.0;0.0
51;2021-07-15;2923;4910;0;313391;253148;23;55.6;44.9;0.0
51;2021-07-16;2478;5262;0;315869;258410;23;56.0;45.8;0.0
51;2021-07-17;1820;3386;0;317689;261796;23;56.3;46.4;0.0
51;2021-07-18;284;420;0;317973;262216;23;56.4;46.5;0.0
51;2021-07-19;1970;3972;1;319943;266188;24;56.7;47.2;0.0
51;2021-07-20;2583;4865;0;322526;271053;24;57.2;48.1;0.0
51;2021-07-21;3576;3993;0;326102;275046;24;57.8;48.8;0.0
51;2021-07-22;4345;3768;0;330447;278814;24;58.6;49.5;0.0
51;2021-07-23;3593;4339;0;334040;283153;24;59.2;50.2;0.0
51;2021-07-24;2012;2706;0;336052;285859;24;59.6;50.7;0.0
51;2021-07-25;480;372;0;336532;286231;24;59.7;50.8;0.0
51;2021-07-26;3129;2729;0;339661;288960;24;60.2;51.3;0.0
51;2021-07-27;5495;3167;0;345156;292127;24;61.2;51.8;0.0
51;2021-07-28;3973;4128;0;349129;296255;24;61.9;52.5;0.0
51;2021-07-29;4545;2768;0;353674;299023;24;62.7;53.0;0.0
51;2021-07-30;3673;3108;0;357347;302131;24;63.4;53.6;0.0
51;2021-07-31;2368;1992;0;359715;304123;24;63.8;53.9;0.0
51;2021-08-01;488;313;0;360203;304436;24;63.9;54.0;0.0
51;2021-08-02;3164;2284;0;363367;306720;24;64.4;54.4;0.0
51;2021-08-03;3548;1906;0;366915;308626;24;65.1;54.7;0.0
51;2021-08-04;4059;2114;0;370974;310740;24;65.8;55.1;0.0
51;2021-08-05;2480;1599;0;373454;312339;24;66.2;55.4;0.0
51;2021-08-06;2972;2562;0;376426;314901;24;66.8;55.9;0.0
51;2021-08-07;1938;1632;0;378364;316533;24;67.1;56.1;0.0
51;2021-08-08;417;297;0;378781;316830;24;67.2;56.2;0.0
51;2021-08-09;2419;1916;0;381200;318746;24;67.6;56.5;0.0
51;2021-08-10;2267;1976;0;383467;320722;24;68.0;56.9;0.0
51;2021-08-11;2612;2342;0;386079;323064;24;68.5;57.3;0.0
51;2021-08-12;1740;2041;0;387819;325105;24;68.8;57.7;0.0
51;2021-08-13;1956;2748;0;389775;327853;24;69.1;58.1;0.0
51;2021-08-14;1415;1889;0;391190;329742;24;69.4;58.5;0.0
51;2021-08-15;161;198;0;391351;329940;24;69.4;58.5;0.0
51;2021-08-16;1297;2966;0;392648;332906;24;69.6;59.0;0.0
51;2021-08-17;1495;3153;0;394143;336059;24;69.9;59.6;0.0
51;2021-08-18;1743;3533;0;395886;339592;24;70.2;60.2;0.0
51;2021-08-19;1332;2521;0;397218;342113;24;70.5;60.7;0.0
51;2021-08-20;1586;3846;0;398804;345959;24;70.7;61.4;0.0
51;2021-08-21;898;2275;0;399702;348234;24;70.9;61.8;0.0
51;2021-08-22;112;427;0;399814;348661;24;70.9;61.8;0.0
51;2021-08-23;1100;3488;0;400914;352149;24;71.1;62.5;0.0
51;2021-08-24;1113;3517;0;402027;355666;24;71.3;63.1;0.0
51;2021-08-25;1206;4166;0;403233;359832;24;71.5;63.8;0.0
51;2021-08-26;1000;2490;0;404233;362322;24;71.7;64.3;0.0
51;2021-08-27;1151;3960;0;405384;366282;24;71.9;65.0;0.0
51;2021-08-28;609;2271;0;405993;368553;24;72.0;65.4;0.0
51;2021-08-29;88;411;0;406081;368964;24;72.0;65.4;0.0
51;2021-08-30;1200;4393;48;407281;373357;72;72.2;66.2;0.0
51;2021-08-31;754;2846;93;408035;376203;165;72.4;66.7;0.0
51;2021-09-01;752;2928;165;408787;379131;330;72.5;67.2;0.1
51;2021-09-02;756;1966;178;409543;381097;508;72.6;67.6;0.1
51;2021-09-03;891;2582;286;410434;383679;794;72.8;68.0;0.1
51;2021-09-04;590;2483;95;411024;386162;889;72.9;68.5;0.2
51;2021-09-05;128;216;35;411152;386378;924;72.9;68.5;0.2
51;2021-09-06;413;1449;474;411565;387827;1398;73.0;68.8;0.2
51;2021-09-07;503;1185;427;412068;389012;1825;73.1;69.0;0.3
51;2021-09-08;563;1752;251;412631;390764;2076;73.2;69.3;0.4
51;2021-09-09;455;1175;171;413086;391939;2247;73.3;69.5;0.4
51;2021-09-10;675;1738;303;413761;393677;2550;73.4;69.8;0.5
51;2021-09-11;528;1616;103;414289;395293;2653;73.5;70.1;0.5
51;2021-09-12;29;88;8;414318;395381;2661;73.5;70.1;0.5
51;2021-09-13;424;841;296;414742;396222;2957;73.6;70.3;0.5
51;2021-09-14;572;817;546;415314;397039;3503;73.7;70.4;0.6
51;2021-09-15;491;1327;401;415805;398366;3904;73.7;70.7;0.7
51;2021-09-16;318;642;415;416123;399008;4319;73.8;70.8;0.8
51;2021-09-17;551;1177;552;416674;400185;4871;73.9;71.0;0.9
51;2021-09-18;440;1267;149;417114;401452;5020;74.0;71.2;0.9
51;2021-09-19;16;75;10;417130;401527;5030;74.0;71.2;0.9
51;2021-09-20;279;567;299;417409;402094;5329;74.0;71.3;0.9
51;2021-09-21;239;519;352;417648;402613;5681;74.1;71.4;1.0
51;2021-09-22;309;1246;477;417957;403859;6158;74.1;71.6;1.1
51;2021-09-23;206;607;386;418163;404466;6544;74.2;71.7;1.2
51;2021-09-24;361;956;595;418524;405422;7139;74.2;71.9;1.3
51;2021-09-25;262;895;202;418786;406317;7341;74.3;72.1;1.3
51;2021-09-26;9;126;12;418795;406443;7353;74.3;72.1;1.3
51;2021-09-27;238;413;286;419033;406856;7639;74.3;72.2;1.4
51;2021-09-28;282;374;366;419315;407230;8005;74.4;72.2;1.4
51;2021-09-29;339;713;414;419654;407943;8419;74.4;72.4;1.5
51;2021-09-30;233;400;379;419887;408343;8798;74.5;72.4;1.6
51;2021-10-01;376;704;523;420263;409047;9321;74.5;72.5;1.7
51;2021-10-02;360;699;331;420623;409746;9652;74.6;72.7;1.7
51;2021-10-03;3;5;2;420626;409751;9654;74.6;72.7;1.7
51;2021-10-04;195;407;405;420821;410158;10059;74.6;72.7;1.8
51;2021-10-05;230;430;504;421051;410588;10563;74.7;72.8;1.9
51;2021-10-06;318;537;631;421369;411125;11194;74.7;72.9;2.0
51;2021-10-07;170;370;605;421539;411495;11799;74.8;73.0;2.1
51;2021-10-08;333;606;845;421872;412101;12644;74.8;73.1;2.2
51;2021-10-09;319;557;443;422191;412658;13087;74.9;73.2;2.3
51;2021-10-10;9;12;3;422200;412670;13090;74.9;73.2;2.3
51;2021-10-11;174;309;553;422374;412979;13643;74.9;73.2;2.4
51;2021-10-12;149;364;636;422523;413343;14279;74.9;73.3;2.5
51;2021-10-13;286;419;781;422809;413762;15060;75.0;73.4;2.7
51;2021-10-14;149;198;527;422958;413960;15587;75.0;73.4;2.8
51;2021-10-15;346;514;1231;423304;414474;16818;75.1;73.5;3.0
51;2021-10-16;294;369;487;423598;414843;17305;75.1;73.6;3.1
51;2021-10-17;5;4;8;423603;414847;17313;75.1;73.6;3.1
51;2021-10-18;143;255;656;423746;415102;17969;75.2;73.6;3.2
51;2021-10-19;146;289;661;423892;415391;18630;75.2;73.7;3.3
51;2021-10-20;279;385;987;424171;415776;19617;75.2;73.7;3.5
51;2021-10-21;151;251;643;424322;416027;20260;75.3;73.8;3.6
51;2021-10-22;223;384;1162;424545;416411;21422;75.3;73.9;3.8
51;2021-10-23;206;374;483;424751;416785;21905;75.3;73.9;3.9
51;2021-10-24;1;4;7;424752;416789;21912;75.3;73.9;3.9
51;2021-10-25;157;190;760;424909;416979;22672;75.4;74.0;4.0
51;2021-10-26;119;183;739;425028;417162;23411;75.4;74.0;4.2
51;2021-10-27;225;331;840;425253;417493;24251;75.4;74.0;4.3
51;2021-10-28;128;170;681;425381;417663;24932;75.4;74.1;4.4
51;2021-10-29;177;305;1168;425558;417968;26100;75.5;74.1;4.6
51;2021-10-30;158;299;406;425716;418267;26506;75.5;74.2;4.7
51;2021-10-31;1;6;1;425717;418273;26507;75.5;74.2;4.7
51;2021-11-01;13;8;6;425730;418281;26513;75.5;74.2;4.7
51;2021-11-02;163;228;794;425893;418509;27307;75.5;74.2;4.8
51;2021-11-03;192;231;997;426085;418740;28304;75.6;74.3;5.0
51;2021-11-04;100;155;737;426185;418895;29041;75.6;74.3;5.2
51;2021-11-05;277;372;1424;426462;419267;30465;75.6;74.4;5.4
51;2021-11-06;162;248;688;426624;419515;31153;75.7;74.4;5.5
51;2021-11-07;7;11;16;426631;419526;31169;75.7;74.4;5.5
51;2021-11-08;92;141;903;426723;419667;32072;75.7;74.4;5.7
51;2021-11-09;122;226;1177;426845;419893;33249;75.7;74.5;5.9
51;2021-11-10;197;252;1454;427042;420145;34703;75.7;74.5;6.2
51;2021-11-11;4;25;39;427046;420170;34742;75.7;74.5;6.2
51;2021-11-12;239;346;1785;427285;420516;36527;75.8;74.6;6.5
51;2021-11-13;121;156;692;427406;420672;37219;75.8;74.6;6.6
51;2021-11-14;0;6;14;427406;420678;37233;75.8;74.6;6.6
51;2021-11-15;118;162;1394;427524;420840;38627;75.8;74.6;6.9
51;2021-11-16;122;170;1768;427646;421010;40395;75.8;74.7;7.2
51;2021-11-17;171;220;1754;427817;421230;42149;75.9;74.7;7.5
51;2021-11-18;108;136;1517;427925;421366;43666;75.9;74.7;7.7
51;2021-11-19;258;311;2438;428183;421677;46104;75.9;74.8;8.2
51;2021-11-20;154;230;1161;428337;421907;47265;76.0;74.8;8.4
51;2021-11-21;6;7;46;428343;421914;47311;76.0;74.8;8.4
51;2021-11-22;159;126;1540;428502;422040;48851;76.0;74.9;8.7
51;2021-11-23;160;170;1980;428662;422210;50831;76.0;74.9;9.0
51;2021-11-24;281;201;1865;428943;422411;52696;76.1;74.9;9.3
51;2021-11-25;132;141;2057;429075;422552;54753;76.1;74.9;9.7
51;2021-11-26;250;240;3643;429325;422792;58396;76.1;75.0;10.4
51;2021-11-27;169;196;1804;429494;422988;60200;76.2;75.0;10.7
51;2021-11-28;2;7;136;429496;422995;60336;76.2;75.0;10.7
51;2021-11-29;119;139;3021;429615;423134;63357;76.2;75.0;11.2
51;2021-11-30;165;147;4476;429780;423281;67833;76.2;75.1;12.0
51;2021-12-01;131;173;4208;429911;423454;72041;76.2;75.1;12.8
51;2021-12-02;116;103;4749;430027;423557;76790;76.3;75.1;13.6
51;2021-12-03;158;222;5938;430185;423779;82728;76.3;75.2;14.7
51;2021-12-04;183;157;4001;430368;423936;86729;76.3;75.2;15.4
51;2021-12-05;13;18;385;430381;423954;87114;76.3;75.2;15.5
51;2021-12-06;98;151;4495;430479;424105;91609;76.4;75.2;16.2
51;2021-12-07;145;148;5859;430624;424253;97468;76.4;75.2;17.3
51;2021-12-08;137;187;5247;430761;424440;102715;76.4;75.3;18.2
51;2021-12-09;125;154;6541;430886;424594;109256;76.4;75.3;19.4
51;2021-12-10;189;238;7958;431075;424832;117214;76.5;75.3;20.8
51;2021-12-11;172;169;5059;431247;425001;122273;76.5;75.4;21.7
51;2021-12-12;10;8;498;431257;425009;122771;76.5;75.4;21.8
51;2021-12-13;107;184;5635;431364;425193;128406;76.5;75.4;22.8
51;2021-12-14;136;170;7189;431500;425363;135595;76.5;75.4;24.0
51;2021-12-15;154;246;7654;431654;425609;143249;76.6;75.5;25.4
51;2021-12-16;157;199;8106;431811;425808;151355;76.6;75.5;26.8
51;2021-12-17;205;310;8877;432016;426118;160232;76.6;75.6;28.4
51;2021-12-18;194;240;5624;432210;426358;165856;76.7;75.6;29.4
51;2021-12-19;37;29;959;432247;426387;166815;76.7;75.6;29.6
51;2021-12-20;178;179;6187;432425;426566;173002;76.7;75.7;30.7
51;2021-12-21;240;205;6899;432665;426771;179901;76.7;75.7;31.9
51;2021-12-22;235;224;6788;432900;426995;186689;76.8;75.7;33.1
51;2021-12-23;185;134;3723;433085;427129;190412;76.8;75.8;33.8
51;2021-12-24;62;55;1152;433147;427184;191564;76.8;75.8;34.0
51;2021-12-25;1;0;45;433148;427184;191609;76.8;75.8;34.0
51;2021-12-26;13;8;315;433161;427192;191924;76.8;75.8;34.0
51;2021-12-27;148;183;4039;433309;427375;195963;76.9;75.8;34.8
51;2021-12-28;187;192;5576;433496;427567;201539;76.9;75.8;35.7
52;2020-12-27;0;0;0;0;0;0;0.0;0.0;0.0
52;2020-12-28;0;0;0;0;0;0;0.0;0.0;0.0
52;2020-12-29;0;0;0;0;0;0;0.0;0.0;0.0
52;2020-12-30;0;0;0;0;0;0;0.0;0.0;0.0
52;2020-12-31;0;0;0;0;0;0;0.0;0.0;0.0
52;2021-01-01;0;0;0;0;0;0;0.0;0.0;0.0
52;2021-01-02;0;0;0;0;0;0;0.0;0.0;0.0
52;2021-01-03;0;0;0;0;0;0;0.0;0.0;0.0
52;2021-01-04;0;0;0;0;0;0;0.0;0.0;0.0
52;2021-01-05;3;0;0;3;0;0;0.0;0.0;0.0
52;2021-01-06;1;0;0;4;0;0;0.0;0.0;0.0
52;2021-01-07;2;0;0;6;0;0;0.0;0.0;0.0
52;2021-01-08;160;1;0;166;1;0;0.1;0.0;0.0
52;2021-01-09;89;0;0;255;1;0;0.2;0.0;0.0
52;2021-01-10;0;0;0;255;1;0;0.2;0.0;0.0
52;2021-01-11;167;0;0;422;1;0;0.2;0.0;0.0
52;2021-01-12;154;0;0;576;1;0;0.3;0.0;0.0
52;2021-01-13;465;0;0;1041;1;0;0.6;0.0;0.0
52;2021-01-14;614;9;0;1655;10;0;1.0;0.0;0.0
52;2021-01-15;373;1;0;2028;11;0;1.2;0.0;0.0
52;2021-01-16;17;0;0;2045;11;0;1.2;0.0;0.0
52;2021-01-17;1;0;0;2046;11;0;1.2;0.0;0.0
52;2021-01-18;380;0;0;2426;11;0;1.4;0.0;0.0
52;2021-01-19;392;1;0;2818;12;0;1.7;0.0;0.0
52;2021-01-20;404;2;0;3222;14;0;1.9;0.0;0.0
52;2021-01-21;406;1;0;3628;15;0;2.1;0.0;0.0
52;2021-01-22;320;2;0;3948;17;0;2.3;0.0;0.0
52;2021-01-23;69;2;0;4017;19;0;2.4;0.0;0.0
52;2021-01-24;2;0;0;4019;19;0;2.4;0.0;0.0
52;2021-01-25;261;1;0;4280;20;0;2.5;0.0;0.0
52;2021-01-26;304;1;0;4584;21;0;2.7;0.0;0.0
52;2021-01-27;243;1;0;4827;22;0;2.9;0.0;0.0
52;2021-01-28;186;4;0;5013;26;0;3.0;0.0;0.0
52;2021-01-29;81;92;0;5094;118;0;3.0;0.1;0.0
52;2021-01-30;90;90;0;5184;208;0;3.1;0.1;0.0
52;2021-01-31;0;0;0;5184;208;0;3.1;0.1;0.0
52;2021-02-01;116;145;0;5300;353;0;3.1;0.2;0.0
52;2021-02-02;75;142;0;5375;495;0;3.2;0.3;0.0
52;2021-02-03;81;340;0;5456;835;0;3.2;0.5;0.0
52;2021-02-04;209;519;0;5665;1354;0;3.3;0.8;0.0
52;2021-02-05;110;444;0;5775;1798;0;3.4;1.1;0.0
52;2021-02-06;26;0;0;5801;1798;0;3.4;1.1;0.0
52;2021-02-07;0;0;0;5801;1798;0;3.4;1.1;0.0
52;2021-02-08;39;187;0;5840;1985;0;3.5;1.2;0.0
52;2021-02-09;57;196;0;5897;2181;0;3.5;1.3;0.0
52;2021-02-10;99;179;0;5996;2360;0;3.5;1.4;0.0
52;2021-02-11;128;128;0;6124;2488;0;3.6;1.5;0.0
52;2021-02-12;179;136;0;6303;2624;0;3.7;1.6;0.0
52;2021-02-13;7;3;0;6310;2627;0;3.7;1.6;0.0
52;2021-02-14;6;19;0;6316;2646;0;3.7;1.6;0.0
52;2021-02-15;83;272;0;6399;2918;0;3.8;1.7;0.0
52;2021-02-16;66;327;0;6465;3245;0;3.8;1.9;0.0
52;2021-02-17;47;318;0;6512;3563;0;3.8;2.1;0.0
52;2021-02-18;83;251;0;6595;3814;0;3.9;2.3;0.0
52;2021-02-19;60;212;0;6655;4026;0;3.9;2.4;0.0
52;2021-02-20;16;99;0;6671;4125;0;3.9;2.4;0.0
52;2021-02-21;1;7;0;6672;4132;0;3.9;2.4;0.0
52;2021-02-22;40;364;0;6712;4496;0;4.0;2.7;0.0
52;2021-02-23;59;270;0;6771;4766;0;4.0;2.8;0.0
52;2021-02-24;89;217;0;6860;4983;0;4.1;2.9;0.0
52;2021-02-25;152;213;0;7012;5196;0;4.1;3.1;0.0
52;2021-02-26;302;162;0;7314;5358;0;4.3;3.2;0.0
52;2021-02-27;156;48;0;7470;5406;0;4.4;3.2;0.0
52;2021-02-28;1;1;0;7471;5407;0;4.4;3.2;0.0
52;2021-03-01;159;30;0;7630;5437;0;4.5;3.2;0.0
52;2021-03-02;156;66;0;7786;5503;0;4.6;3.3;0.0
52;2021-03-03;363;54;0;8149;5557;0;4.8;3.3;0.0
52;2021-03-04;401;67;0;8550;5624;0;5.1;3.3;0.0
52;2021-03-05;503;58;0;9053;5682;0;5.3;3.4;0.0
52;2021-03-06;428;40;0;9481;5722;0;5.6;3.4;0.0
52;2021-03-07;30;1;0;9511;5723;0;5.6;3.4;0.0
52;2021-03-08;387;114;0;9898;5837;0;5.8;3.4;0.0
52;2021-03-09;534;127;0;10432;5964;0;6.2;3.5;0.0
52;2021-03-10;339;111;0;10771;6075;0;6.4;3.6;0.0
52;2021-03-11;621;46;0;11392;6121;0;6.7;3.6;0.0
52;2021-03-12;549;61;0;11941;6182;0;7.1;3.7;0.0
52;2021-03-13;524;14;0;12465;6196;0;7.4;3.7;0.0
52;2021-03-14;23;2;0;12488;6198;0;7.4;3.7;0.0
52;2021-03-15;348;32;0;12836;6230;0;7.6;3.7;0.0
52;2021-03-16;247;22;0;13083;6252;0;7.7;3.7;0.0
52;2021-03-17;426;26;0;13509;6278;0;8.0;3.7;0.0
52;2021-03-18;488;25;0;13997;6303;0;8.3;3.7;0.0
52;2021-03-19;509;57;0;14506;6360;0;8.6;3.8;0.0
52;2021-03-20;263;13;0;14769;6373;0;8.7;3.8;0.0
52;2021-03-21;30;1;0;14799;6374;0;8.7;3.8;0.0
52;2021-03-22;386;51;0;15185;6425;0;9.0;3.8;0.0
52;2021-03-23;766;53;0;15951;6478;0;9.4;3.8;0.0
52;2021-03-24;818;73;0;16769;6551;0;9.9;3.9;0.0
52;2021-03-25;1144;100;0;17913;6651;0;10.6;3.9;0.0
52;2021-03-26;1023;137;0;18936;6788;0;11.2;4.0;0.0
52;2021-03-27;498;78;0;19434;6866;0;11.5;4.1;0.0
52;2021-03-28;61;0;0;19495;6866;0;11.5;4.1;0.0
52;2021-03-29;523;190;0;20018;7056;0;11.8;4.2;0.0
52;2021-03-30;881;246;0;20899;7302;0;12.3;4.3;0.0
52;2021-03-31;984;285;0;21883;7587;0;12.9;4.5;0.0
52;2021-04-01;1171;219;0;23054;7806;0;13.6;4.6;0.0
52;2021-04-02;996;111;0;24050;7917;0;14.2;4.7;0.0
52;2021-04-03;437;15;0;24487;7932;0;14.5;4.7;0.0
52;2021-04-04;7;3;0;24494;7935;0;14.5;4.7;0.0
52;2021-04-05;21;0;0;24515;7935;0;14.5;4.7;0.0
52;2021-04-06;487;289;0;25002;8224;0;14.8;4.9;0.0
52;2021-04-07;611;454;0;25613;8678;0;15.1;5.1;0.0
52;2021-04-08;932;270;0;26545;8948;0;15.7;5.3;0.0
52;2021-04-09;1117;157;0;27662;9105;0;16.3;5.4;0.0
52;2021-04-10;796;102;0;28458;9207;0;16.8;5.4;0.0
52;2021-04-11;55;11;0;28513;9218;0;16.8;5.4;0.0
52;2021-04-12;944;319;0;29457;9537;0;17.4;5.6;0.0
52;2021-04-13;1244;409;0;30701;9946;0;18.1;5.9;0.0
52;2021-04-14;1257;512;0;31958;10458;0;18.9;6.2;0.0
52;2021-04-15;1421;477;0;33379;10935;0;19.7;6.5;0.0
52;2021-04-16;1539;366;0;34918;11301;0;20.6;6.7;0.0
52;2021-04-17;1404;136;0;36322;11437;0;21.5;6.8;0.0
52;2021-04-18;504;41;0;36826;11478;0;21.8;6.8;0.0
52;2021-04-19;566;618;0;37392;12096;0;22.1;7.1;0.0
52;2021-04-20;950;710;0;38342;12806;0;22.7;7.6;0.0
52;2021-04-21;1043;704;0;39385;13510;0;23.3;8.0;0.0
52;2021-04-22;1413;695;0;40798;14205;0;24.1;8.4;0.0
52;2021-04-23;1336;642;0;42134;14847;0;24.9;8.8;0.0
52;2021-04-24;529;307;0;42663;15154;0;25.2;9.0;0.0
52;2021-04-25;20;86;0;42683;15240;0;25.2;9.0;0.0
52;2021-04-26;610;501;0;43293;15741;0;25.6;9.3;0.0
52;2021-04-27;920;731;0;44213;16472;0;26.1;9.7;0.0
52;2021-04-28;1380;612;0;45593;17084;0;26.9;10.1;0.0
52;2021-04-29;1300;613;0;46893;17697;0;27.7;10.5;0.0
52;2021-04-30;1246;673;0;48139;18370;0;28.4;10.9;0.0
52;2021-05-01;39;260;0;48178;18630;0;28.5;11.0;0.0
52;2021-05-02;8;6;0;48186;18636;0;28.5;11.0;0.0
52;2021-05-03;1062;633;0;49248;19269;0;29.1;11.4;0.0
52;2021-05-04;1279;746;0;50527;20015;0;29.9;11.8;0.0
52;2021-05-05;1593;704;0;52120;20719;0;30.8;12.2;0.0
52;2021-05-06;1706;577;0;53826;21296;0;31.8;12.6;0.0
52;2021-05-07;1427;1191;0;55253;22487;0;32.6;13.3;0.0
52;2021-05-08;587;267;0;55840;22754;0;33.0;13.4;0.0
52;2021-05-09;50;79;0;55890;22833;0;33.0;13.5;0.0
52;2021-05-10;755;1093;0;56645;23926;0;33.5;14.1;0.0
52;2021-05-11;864;1330;0;57509;25256;0;34.0;14.9;0.0
52;2021-05-12;1134;1300;0;58643;26556;0;34.6;15.7;0.0
52;2021-05-13;179;186;0;58822;26742;0;34.8;15.8;0.0
52;2021-05-14;1124;1372;0;59946;28114;0;35.4;16.6;0.0
52;2021-05-15;579;916;0;60525;29030;0;35.8;17.2;0.0
52;2021-05-16;124;60;0;60649;29090;0;35.8;17.2;0.0
52;2021-05-17;1031;694;0;61680;29784;0;36.4;17.6;0.0
52;2021-05-18;1143;670;0;62823;30454;0;37.1;18.0;0.0
52;2021-05-19;1422;430;0;64245;30884;0;38.0;18.2;0.0
52;2021-05-20;1547;448;0;65792;31332;0;38.9;18.5;0.0
52;2021-05-21;1537;612;0;67329;31944;0;39.8;18.9;0.0
52;2021-05-22;1078;212;0;68407;32156;0;40.4;19.0;0.0
52;2021-05-23;18;3;0;68425;32159;0;40.4;19.0;0.0
52;2021-05-24;508;39;0;68933;32198;0;40.7;19.0;0.0
52;2021-05-25;1279;381;0;70212;32579;0;41.5;19.2;0.0
52;2021-05-26;1339;672;0;71551;33251;0;42.3;19.6;0.0
52;2021-05-27;1375;790;0;72926;34041;0;43.1;20.1;0.0
52;2021-05-28;1412;705;0;74338;34746;0;43.9;20.5;0.0
52;2021-05-29;746;866;0;75084;35612;0;44.4;21.0;0.0
52;2021-05-30;32;553;0;75116;36165;0;44.4;21.4;0.0
52;2021-05-31;732;779;0;75848;36944;0;44.8;21.8;0.0
52;2021-06-01;863;830;0;76711;37774;0;45.3;22.3;0.0
52;2021-06-02;817;728;0;77528;38502;0;45.8;22.7;0.0
52;2021-06-03;793;755;0;78321;39257;0;46.3;23.2;0.0
52;2021-06-04;917;1368;0;79238;40625;0;46.8;24.0;0.0
52;2021-06-05;649;643;0;79887;41268;0;47.2;24.4;0.0
52;2021-06-06;31;57;0;79918;41325;0;47.2;24.4;0.0
52;2021-06-07;436;937;0;80354;42262;0;47.5;25.0;0.0
52;2021-06-08;586;1321;0;80940;43583;0;47.8;25.8;0.0
52;2021-06-09;688;1410;0;81628;44993;0;48.2;26.6;0.0
52;2021-06-10;792;955;0;82420;45948;0;48.7;27.1;0.0
52;2021-06-11;843;1318;0;83263;47266;0;49.2;27.9;0.0
52;2021-06-12;465;605;0;83728;47871;0;49.5;28.3;0.0
52;2021-06-13;13;11;0;83741;47882;0;49.5;28.3;0.0
52;2021-06-14;236;1334;0;83977;49216;0;49.6;29.1;0.0
52;2021-06-15;302;1620;0;84279;50836;0;49.8;30.0;0.0
52;2021-06-16;412;1749;0;84691;52585;0;50.0;31.1;0.0
52;2021-06-17;300;1059;0;84991;53644;0;50.2;31.7;0.0
52;2021-06-18;401;1591;0;85392;55235;0;50.5;32.6;0.0
52;2021-06-19;580;725;0;85972;55960;0;50.8;33.1;0.0
52;2021-06-20;4;24;0;85976;55984;0;50.8;33.1;0.0
52;2021-06-21;495;873;0;86471;56857;0;51.1;33.6;0.0
52;2021-06-22;467;1014;0;86938;57871;0;51.4;34.2;0.0
52;2021-06-23;512;1033;0;87450;58904;0;51.7;34.8;0.0
52;2021-06-24;577;781;0;88027;59685;0;52.0;35.3;0.0
52;2021-06-25;635;1334;0;88662;61019;0;52.4;36.1;0.0
52;2021-06-26;327;809;0;88989;61828;0;52.6;36.5;0.0
52;2021-06-27;5;54;0;88994;61882;0;52.6;36.6;0.0
52;2021-06-28;186;1386;0;89180;63268;0;52.7;37.4;0.0
52;2021-06-29;181;1295;0;89361;64563;0;52.8;38.1;0.0
52;2021-06-30;247;1344;0;89608;65907;0;52.9;38.9;0.0
52;2021-07-01;337;1045;0;89945;66952;0;53.1;39.6;0.0
52;2021-07-02;466;1490;0;90411;68442;0;53.4;40.4;0.0
52;2021-07-03;369;1161;0;90780;69603;0;53.6;41.1;0.0
52;2021-07-04;7;45;0;90787;69648;0;53.6;41.2;0.0
52;2021-07-05;228;1378;0;91015;71026;0;53.8;42.0;0.0
52;2021-07-06;333;1368;0;91348;72394;0;54.0;42.8;0.0
52;2021-07-07;339;1144;0;91687;73538;0;54.2;43.4;0.0
52;2021-07-08;460;1173;0;92147;74711;0;54.4;44.1;0.0
52;2021-07-09;349;1558;0;92496;76269;0;54.7;45.1;0.0
52;2021-07-10;208;857;0;92704;77126;0;54.8;45.6;0.0
52;2021-07-11;17;31;0;92721;77157;0;54.8;45.6;0.0
52;2021-07-12;310;1348;0;93031;78505;0;55.0;46.4;0.0
52;2021-07-13;584;1314;0;93615;79819;0;55.3;47.2;0.0
52;2021-07-14;489;192;0;94104;80011;0;55.6;47.3;0.0
52;2021-07-15;634;1344;0;94738;81355;0;56.0;48.1;0.0
52;2021-07-16;940;1363;0;95678;82718;0;56.5;48.9;0.0
52;2021-07-17;661;449;0;96339;83167;0;56.9;49.1;0.0
52;2021-07-18;135;45;0;96474;83212;0;57.0;49.2;0.0
52;2021-07-19;683;982;0;97157;84194;0;57.4;49.7;0.0
52;2021-07-20;1059;910;0;98216;85104;0;58.0;50.3;0.0
52;2021-07-21;1086;786;0;99302;85890;0;58.7;50.7;0.0
52;2021-07-22;1352;913;0;100654;86803;0;59.5;51.3;0.0
52;2021-07-23;1362;1056;0;102016;87859;0;60.3;51.9;0.0
52;2021-07-24;925;551;0;102941;88410;0;60.8;52.2;0.0
52;2021-07-25;45;30;0;102986;88440;0;60.8;52.3;0.0
52;2021-07-26;930;643;0;103916;89083;0;61.4;52.6;0.0
52;2021-07-27;1256;672;0;105172;89755;0;62.1;53.0;0.0
52;2021-07-28;1294;653;0;106466;90408;0;62.9;53.4;0.0
52;2021-07-29;1216;620;0;107682;91028;0;63.6;53.8;0.0
52;2021-07-30;1377;779;0;109059;91807;0;64.4;54.2;0.0
52;2021-07-31;980;594;0;110039;92401;0;65.0;54.6;0.0
52;2021-08-01;21;18;0;110060;92419;0;65.0;54.6;0.0
52;2021-08-02;1156;607;0;111216;93026;0;65.7;55.0;0.0
52;2021-08-03;1303;586;0;112519;93612;0;66.5;55.3;0.0
52;2021-08-04;1131;583;0;113650;94195;0;67.1;55.7;0.0
52;2021-08-05;973;585;0;114623;94780;0;67.7;56.0;0.0
52;2021-08-06;1042;759;0;115665;95539;0;68.3;56.4;0.0
52;2021-08-07;666;505;0;116331;96044;0;68.7;56.7;0.0
52;2021-08-08;14;18;0;116345;96062;0;68.7;56.8;0.0
52;2021-08-09;460;812;0;116805;96874;0;69.0;57.2;0.0
52;2021-08-10;713;793;0;117518;97667;0;69.4;57.7;0.0
52;2021-08-11;564;817;0;118082;98484;0;69.8;58.2;0.0
52;2021-08-12;642;815;0;118724;99299;0;70.1;58.7;0.0
52;2021-08-13;454;1047;0;119178;100346;0;70.4;59.3;0.0
52;2021-08-14;425;394;0;119603;100740;0;70.7;59.5;0.0
52;2021-08-15;36;26;0;119639;100766;0;70.7;59.5;0.0
52;2021-08-16;366;935;0;120005;101701;0;70.9;60.1;0.0
52;2021-08-17;394;908;0;120399;102609;0;71.1;60.6;0.0
52;2021-08-18;475;939;0;120874;103548;0;71.4;61.2;0.0
52;2021-08-19;430;855;0;121304;104403;0;71.7;61.7;0.0
52;2021-08-20;370;1228;0;121674;105631;0;71.9;62.4;0.0
52;2021-08-21;374;672;0;122048;106303;0;72.1;62.8;0.0
52;2021-08-22;10;26;0;122058;106329;0;72.1;62.8;0.0
52;2021-08-23;400;1024;0;122458;107353;0;72.4;63.4;0.0
52;2021-08-24;292;1040;0;122750;108393;0;72.5;64.0;0.0
52;2021-08-25;243;1060;0;122993;109453;0;72.7;64.7;0.0
52;2021-08-26;297;944;0;123290;110397;0;72.8;65.2;0.0
52;2021-08-27;412;1313;0;123702;111710;0;73.1;66.0;0.0
52;2021-08-28;258;584;0;123960;112294;0;73.2;66.3;0.0
52;2021-08-29;9;22;0;123969;112316;0;73.2;66.4;0.0
52;2021-08-30;216;934;22;124185;113250;22;73.4;66.9;0.0
52;2021-08-31;204;963;18;124389;114213;40;73.5;67.5;0.0
52;2021-09-01;191;958;35;124580;115171;75;73.6;68.0;0.0
52;2021-09-02;189;700;67;124769;115871;142;73.7;68.5;0.1
52;2021-09-03;256;850;100;125025;116721;242;73.9;69.0;0.1
52;2021-09-04;205;598;30;125230;117319;272;74.0;69.3;0.2
52;2021-09-05;8;25;3;125238;117344;275;74.0;69.3;0.2
52;2021-09-06;146;504;39;125384;117848;314;74.1;69.6;0.2
52;2021-09-07;178;418;110;125562;118266;424;74.2;69.9;0.3
52;2021-09-08;161;591;54;125723;118857;478;74.3;70.2;0.3
52;2021-09-09;144;360;83;125867;119217;561;74.4;70.4;0.3
52;2021-09-10;257;590;108;126124;119807;669;74.5;70.8;0.4
52;2021-09-11;157;334;31;126281;120141;700;74.6;71.0;0.4
52;2021-09-12;4;15;3;126285;120156;703;74.6;71.0;0.4
52;2021-09-13;179;465;129;126464;120621;832;74.7;71.3;0.5
52;2021-09-14;151;304;145;126615;120925;977;74.8;71.4;0.6
52;2021-09-15;151;424;103;126766;121349;1080;74.9;71.7;0.6
52;2021-09-16;136;288;156;126902;121637;1236;75.0;71.9;0.7
52;2021-09-17;218;485;165;127120;122122;1401;75.1;72.2;0.8
52;2021-09-18;135;270;69;127255;122392;1470;75.2;72.3;0.9
52;2021-09-19;6;24;4;127261;122416;1474;75.2;72.3;0.9
52;2021-09-20;108;321;93;127369;122737;1567;75.3;72.5;0.9
52;2021-09-21;81;205;145;127450;122942;1712;75.3;72.6;1.0
52;2021-09-22;97;286;119;127547;123228;1831;75.4;72.8;1.1
52;2021-09-23;143;213;179;127690;123441;2010;75.4;72.9;1.2
52;2021-09-24;125;288;206;127815;123729;2216;75.5;73.1;1.3
52;2021-09-25;92;252;150;127907;123981;2366;75.6;73.3;1.4
52;2021-09-26;4;6;0;127911;123987;2366;75.6;73.3;1.4
52;2021-09-27;116;177;154;128027;124164;2520;75.6;73.4;1.5
52;2021-09-28;105;122;141;128132;124286;2661;75.7;73.4;1.6
52;2021-09-29;97;216;79;128229;124502;2740;75.8;73.6;1.6
52;2021-09-30;113;127;80;128342;124629;2820;75.8;73.6;1.7
52;2021-10-01;119;230;168;128461;124859;2988;75.9;73.8;1.8
52;2021-10-02;64;164;40;128525;125023;3028;75.9;73.9;1.8
52;2021-10-03;3;7;3;128528;125030;3031;75.9;73.9;1.8
52;2021-10-04;82;177;171;128610;125207;3202;76.0;74.0;1.9
52;2021-10-05;61;142;82;128671;125349;3284;76.0;74.1;1.9
52;2021-10-06;110;162;128;128781;125511;3412;76.1;74.2;2.0
52;2021-10-07;51;111;237;128832;125622;3649;76.1;74.2;2.2
52;2021-10-08;110;212;239;128942;125834;3888;76.2;74.3;2.3
52;2021-10-09;71;132;59;129013;125966;3947;76.2;74.4;2.3
52;2021-10-10;3;5;0;129016;125971;3947;76.2;74.4;2.3
52;2021-10-11;44;154;125;129060;126125;4072;76.3;74.5;2.4
52;2021-10-12;68;103;177;129128;126228;4249;76.3;74.6;2.5
52;2021-10-13;70;96;150;129198;126324;4399;76.3;74.6;2.6
52;2021-10-14;41;51;111;129239;126375;4510;76.4;74.7;2.7
52;2021-10-15;85;231;210;129324;126606;4720;76.4;74.8;2.8
52;2021-10-16;61;111;115;129385;126717;4835;76.4;74.9;2.9
52;2021-10-17;0;3;0;129385;126720;4835;76.4;74.9;2.9
52;2021-10-18;49;167;161;129434;126887;4996;76.5;75.0;3.0
52;2021-10-19;57;106;157;129491;126993;5153;76.5;75.0;3.0
52;2021-10-20;60;75;240;129551;127068;5393;76.5;75.1;3.2
52;2021-10-21;27;73;165;129578;127141;5558;76.6;75.1;3.3
52;2021-10-22;64;152;326;129642;127293;5884;76.6;75.2;3.5
52;2021-10-23;37;83;101;129679;127376;5985;76.6;75.3;3.5
52;2021-10-24;1;0;9;129680;127376;5994;76.6;75.3;3.5
52;2021-10-25;59;88;347;129739;127464;6341;76.7;75.3;3.7
52;2021-10-26;35;53;273;129774;127517;6614;76.7;75.3;3.9
52;2021-10-27;50;67;290;129824;127584;6904;76.7;75.4;4.1
52;2021-10-28;26;32;316;129850;127616;7220;76.7;75.4;4.3
52;2021-10-29;62;108;291;129912;127724;7511;76.8;75.5;4.4
52;2021-10-30;43;77;139;129955;127801;7650;76.8;75.5;4.5
52;2021-10-31;1;4;1;129956;127805;7651;76.8;75.5;4.5
52;2021-11-01;1;1;6;129957;127806;7657;76.8;75.5;4.5
52;2021-11-02;57;67;307;130014;127873;7964;76.8;75.6;4.7
52;2021-11-03;66;85;355;130080;127958;8319;76.9;75.6;4.9
52;2021-11-04;25;35;279;130105;127993;8598;76.9;75.6;5.1
52;2021-11-05;77;117;425;130182;128110;9023;76.9;75.7;5.3
52;2021-11-06;53;62;197;130235;128172;9220;76.9;75.7;5.4
52;2021-11-07;0;1;0;130235;128173;9220;76.9;75.7;5.4
52;2021-11-08;37;68;382;130272;128241;9602;77.0;75.8;5.7
52;2021-11-09;37;67;466;130309;128308;10068;77.0;75.8;5.9
52;2021-11-10;57;94;826;130366;128402;10894;77.0;75.9;6.4
52;2021-11-11;0;6;6;130366;128408;10900;77.0;75.9;6.4
52;2021-11-12;53;88;595;130419;128496;11495;77.1;75.9;6.8
52;2021-11-13;38;47;342;130457;128543;11837;77.1;75.9;7.0
52;2021-11-14;3;1;4;130460;128544;11841;77.1;75.9;7.0
52;2021-11-15;25;56;548;130485;128600;12389;77.1;76.0;7.3
52;2021-11-16;52;72;973;130537;128672;13362;77.1;76.0;7.9
52;2021-11-17;54;55;763;130591;128727;14125;77.2;76.1;8.3
52;2021-11-18;32;39;442;130623;128766;14567;77.2;76.1;8.6
52;2021-11-19;68;73;758;130691;128839;15325;77.2;76.1;9.1
52;2021-11-20;57;55;444;130748;128894;15769;77.3;76.2;9.3
52;2021-11-21;1;1;18;130749;128895;15787;77.3;76.2;9.3
52;2021-11-22;37;24;845;130786;128919;16632;77.3;76.2;9.8
52;2021-11-23;51;28;829;130837;128947;17461;77.3;76.2;10.3
52;2021-11-24;84;63;771;130921;129010;18232;77.4;76.2;10.8
52;2021-11-25;30;24;523;130951;129034;18755;77.4;76.2;11.1
52;2021-11-26;72;69;1355;131023;129103;20110;77.4;76.3;11.9
52;2021-11-27;47;64;933;131070;129167;21043;77.4;76.3;12.4
52;2021-11-28;2;2;17;131072;129169;21060;77.4;76.3;12.4
52;2021-11-29;53;49;1092;131125;129218;22152;77.5;76.3;13.1
52;2021-11-30;58;33;1460;131183;129251;23612;77.5;76.4;14.0
52;2021-12-01;54;40;1348;131237;129291;24960;77.5;76.4;14.7
52;2021-12-02;31;51;1434;131268;129342;26394;77.6;76.4;15.6
52;2021-12-03;47;97;1983;131315;129439;28377;77.6;76.5;16.8
52;2021-12-04;30;47;804;131345;129486;29181;77.6;76.5;17.2
52;2021-12-05;12;9;200;131357;129495;29381;77.6;76.5;17.4
52;2021-12-06;36;45;1542;131393;129540;30923;77.6;76.5;18.3
52;2021-12-07;45;53;2063;131438;129593;32986;77.7;76.6;19.5
52;2021-12-08;38;69;2035;131476;129662;35021;77.7;76.6;20.7
52;2021-12-09;49;48;2186;131525;129710;37207;77.7;76.6;22.0
52;2021-12-10;50;60;2623;131575;129770;39830;77.7;76.7;23.5
52;2021-12-11;49;50;1379;131624;129820;41209;77.8;76.7;24.3
52;2021-12-12;6;9;272;131630;129829;41481;77.8;76.7;24.5
52;2021-12-13;46;50;2050;131676;129879;43531;77.8;76.7;25.7
52;2021-12-14;63;65;2803;131739;129944;46334;77.8;76.8;27.4
52;2021-12-15;36;80;2628;131775;130024;48962;77.9;76.8;28.9
52;2021-12-16;38;80;2382;131813;130104;51344;77.9;76.9;30.3
52;2021-12-17;74;104;2613;131887;130208;53957;77.9;76.9;31.9
52;2021-12-18;30;58;1078;131917;130266;55035;77.9;77.0;32.5
52;2021-12-19;11;9;285;131928;130275;55320;77.9;77.0;32.7
52;2021-12-20;59;64;1855;131987;130339;57175;78.0;77.0;33.8
52;2021-12-21;77;52;1827;132064;130391;59002;78.0;77.0;34.9
52;2021-12-22;85;70;1861;132149;130461;60863;78.1;77.1;36.0
52;2021-12-23;49;26;1252;132198;130487;62115;78.1;77.1;36.7
52;2021-12-24;20;15;463;132218;130502;62578;78.1;77.1;37.0
52;2021-12-25;0;1;27;132218;130503;62605;78.1;77.1;37.0
52;2021-12-26;3;2;54;132221;130505;62659;78.1;77.1;37.0
52;2021-12-27;85;75;1360;132306;130580;64019;78.2;77.2;37.8
52;2021-12-28;64;62;1584;132370;130642;65603;78.2;77.2;38.8
53;2020-12-27;0;0;0;0;0;0;0.0;0.0;0.0
53;2020-12-28;0;0;0;0;0;0;0.0;0.0;0.0
53;2020-12-29;0;0;0;0;0;0;0.0;0.0;0.0
53;2020-12-30;0;0;0;0;0;0;0.0;0.0;0.0
53;2020-12-31;0;0;0;0;0;0;0.0;0.0;0.0
53;2021-01-01;0;0;0;0;0;0;0.0;0.0;0.0
53;2021-01-02;3;1;0;3;1;0;0.0;0.0;0.0
53;2021-01-03;0;0;0;3;1;0;0.0;0.0;0.0
53;2021-01-04;0;0;0;3;1;0;0.0;0.0;0.0
53;2021-01-05;0;0;0;3;1;0;0.0;0.0;0.0
53;2021-01-06;1;0;0;4;1;0;0.0;0.0;0.0
53;2021-01-07;99;0;0;103;1;0;0.0;0.0;0.0
53;2021-01-08;266;1;0;369;2;0;0.1;0.0;0.0
53;2021-01-09;133;1;0;502;3;0;0.2;0.0;0.0
53;2021-01-10;17;0;0;519;3;0;0.2;0.0;0.0
53;2021-01-11;176;1;0;695;4;0;0.2;0.0;0.0
53;2021-01-12;350;2;0;1045;6;0;0.3;0.0;0.0
53;2021-01-13;246;0;0;1291;6;0;0.4;0.0;0.0
53;2021-01-14;279;5;0;1570;11;0;0.5;0.0;0.0
53;2021-01-15;337;5;0;1907;16;0;0.6;0.0;0.0
53;2021-01-16;64;0;0;1971;16;0;0.6;0.0;0.0
53;2021-01-17;34;1;0;2005;17;0;0.7;0.0;0.0
53;2021-01-18;370;0;0;2375;17;0;0.8;0.0;0.0
53;2021-01-19;564;0;0;2939;17;0;1.0;0.0;0.0
53;2021-01-20;590;0;0;3529;17;0;1.2;0.0;0.0
53;2021-01-21;666;3;0;4195;20;0;1.4;0.0;0.0
53;2021-01-22;573;9;0;4768;29;0;1.6;0.0;0.0
53;2021-01-23;159;1;0;4927;30;0;1.6;0.0;0.0
53;2021-01-24;8;0;0;4935;30;0;1.6;0.0;0.0
53;2021-01-25;511;0;0;5446;30;0;1.8;0.0;0.0
53;2021-01-26;1149;7;0;6595;37;0;2.2;0.0;0.0
53;2021-01-27;691;5;0;7286;42;0;2.4;0.0;0.0
53;2021-01-28;676;91;0;7962;133;0;2.6;0.0;0.0
53;2021-01-29;415;171;0;8377;304;0;2.7;0.1;0.0
53;2021-01-30;141;0;0;8518;304;0;2.8;0.1;0.0
53;2021-01-31;0;0;0;8518;304;0;2.8;0.1;0.0
53;2021-02-01;311;145;0;8829;449;0;2.9;0.1;0.0
53;2021-02-02;315;198;0;9144;647;0;3.0;0.2;0.0
53;2021-02-03;228;305;0;9372;952;0;3.1;0.3;0.0
53;2021-02-04;183;315;0;9555;1267;0;3.1;0.4;0.0
53;2021-02-05;242;273;0;9797;1540;0;3.2;0.5;0.0
53;2021-02-06;151;26;0;9948;1566;0;3.3;0.5;0.0
53;2021-02-07;1;1;0;9949;1567;0;3.3;0.5;0.0
53;2021-02-08;178;120;0;10127;1687;0;3.3;0.6;0.0
53;2021-02-09;338;173;0;10465;1860;0;3.4;0.6;0.0
53;2021-02-10;190;312;0;10655;2172;0;3.5;0.7;0.0
53;2021-02-11;378;383;0;11033;2555;0;3.6;0.8;0.0
53;2021-02-12;317;487;0;11350;3042;0;3.7;1.0;0.0
53;2021-02-13;104;112;0;11454;3154;0;3.8;1.0;0.0
53;2021-02-14;0;77;0;11454;3231;0;3.8;1.1;0.0
53;2021-02-15;261;427;0;11715;3658;0;3.8;1.2;0.0
53;2021-02-16;494;782;0;12209;4440;0;4.0;1.5;0.0
53;2021-02-17;390;611;0;12599;5051;0;4.1;1.7;0.0
53;2021-02-18;525;545;0;13124;5596;0;4.3;1.8;0.0
53;2021-02-19;858;370;0;13982;5966;0;4.6;2.0;0.0
53;2021-02-20;143;114;0;14125;6080;0;4.6;2.0;0.0
53;2021-02-21;0;15;0;14125;6095;0;4.6;2.0;0.0
53;2021-02-22;178;517;0;14303;6612;0;4.7;2.2;0.0
53;2021-02-23;83;615;0;14386;7227;0;4.7;2.4;0.0
53;2021-02-24;149;480;0;14535;7707;0;4.8;2.5;0.0
53;2021-02-25;490;353;0;15025;8060;0;4.9;2.6;0.0
53;2021-02-26;460;262;0;15485;8322;0;5.1;2.7;0.0
53;2021-02-27;103;126;0;15588;8448;0;5.1;2.8;0.0
53;2021-02-28;2;5;0;15590;8453;0;5.1;2.8;0.0
53;2021-03-01;242;298;0;15832;8751;0;5.2;2.9;0.0
53;2021-03-02;267;275;0;16099;9026;0;5.3;3.0;0.0
53;2021-03-03;352;351;0;16451;9377;0;5.4;3.1;0.0
53;2021-03-04;892;309;0;17343;9686;0;5.7;3.2;0.0
53;2021-03-05;676;272;0;18019;9958;0;5.9;3.3;0.0
53;2021-03-06;454;212;0;18473;10170;0;6.0;3.3;0.0
53;2021-03-07;294;7;0;18767;10177;0;6.1;3.3;0.0
53;2021-03-08;372;179;0;19139;10356;0;6.3;3.4;0.0
53;2021-03-09;925;226;0;20064;10582;0;6.6;3.5;0.0
53;2021-03-10;856;116;0;20920;10698;0;6.9;3.5;0.0
53;2021-03-11;1307;214;0;22227;10912;0;7.3;3.6;0.0
53;2021-03-12;1638;165;0;23865;11077;0;7.8;3.6;0.0
53;2021-03-13;823;23;0;24688;11100;0;8.1;3.6;0.0
53;2021-03-14;6;4;0;24694;11104;0;8.1;3.6;0.0
53;2021-03-15;982;305;0;25676;11409;0;8.4;3.7;0.0
53;2021-03-16;1011;323;0;26687;11732;0;8.7;3.8;0.0
53;2021-03-17;742;266;0;27429;11998;0;9.0;3.9;0.0
53;2021-03-18;1004;356;0;28433;12354;0;9.3;4.0;0.0
53;2021-03-19;1313;585;0;29746;12939;0;9.7;4.2;0.0
53;2021-03-20;614;19;0;30360;12958;0;9.9;4.2;0.0
53;2021-03-21;4;0;0;30364;12958;0;9.9;4.2;0.0
53;2021-03-22;1182;166;0;31546;13124;0;10.3;4.3;0.0
53;2021-03-23;1697;85;0;33243;13209;0;10.9;4.3;0.0
53;2021-03-24;1356;133;0;34599;13342;0;11.3;4.4;0.0
53;2021-03-25;2248;247;0;36847;13589;0;12.1;4.5;0.0
53;2021-03-26;1915;170;0;38762;13759;0;12.7;4.5;0.0
53;2021-03-27;360;14;0;39122;13773;0;12.8;4.5;0.0
53;2021-03-28;14;3;0;39136;13776;0;12.8;4.5;0.0
53;2021-03-29;1352;225;0;40488;14001;0;13.3;4.6;0.0
53;2021-03-30;1838;218;0;42326;14219;0;13.9;4.7;0.0
53;2021-03-31;1658;226;0;43984;14445;0;14.4;4.7;0.0
53;2021-04-01;1797;661;0;45781;15106;0;15.0;4.9;0.0
53;2021-04-02;1929;213;0;47710;15319;0;15.6;5.0;0.0
53;2021-04-03;395;13;0;48105;15332;0;15.8;5.0;0.0
53;2021-04-04;12;3;0;48117;15335;0;15.8;5.0;0.0
53;2021-04-05;15;13;0;48132;15348;0;15.8;5.0;0.0
53;2021-04-06;1182;539;0;49314;15887;0;16.1;5.2;0.0
53;2021-04-07;1134;957;0;50448;16844;0;16.5;5.5;0.0
53;2021-04-08;1669;1030;0;52117;17874;0;17.1;5.9;0.0
53;2021-04-09;1829;452;0;53946;18326;0;17.7;6.0;0.0
53;2021-04-10;561;15;0;54507;18341;0;17.8;6.0;0.0
53;2021-04-11;23;5;0;54530;18346;0;17.9;6.0;0.0
53;2021-04-12;767;1058;0;55297;19404;0;18.1;6.4;0.0
53;2021-04-13;1543;1102;0;56840;20506;0;18.6;6.7;0.0
53;2021-04-14;1041;781;0;57881;21287;0;19.0;7.0;0.0
53;2021-04-15;1257;1113;0;59138;22400;0;19.4;7.3;0.0
53;2021-04-16;1449;787;0;60587;23187;0;19.8;7.6;0.0
53;2021-04-17;435;304;0;61022;23491;0;20.0;7.7;0.0
53;2021-04-18;33;5;0;61055;23496;0;20.0;7.7;0.0
53;2021-04-19;754;990;0;61809;24486;0;20.2;8.0;0.0
53;2021-04-20;993;1456;0;62802;25942;0;20.6;8.5;0.0
53;2021-04-21;967;1030;0;63769;26972;0;20.9;8.8;0.0
53;2021-04-22;1181;1589;0;64950;28561;0;21.3;9.4;0.0
53;2021-04-23;1431;998;0;66381;29559;0;21.7;9.7;0.0
53;2021-04-24;182;34;0;66563;29593;0;21.8;9.7;0.0
53;2021-04-25;44;44;0;66607;29637;0;21.8;9.7;0.0
53;2021-04-26;484;1119;0;67091;30756;0;22.0;10.1;0.0
53;2021-04-27;932;1788;0;68023;32544;0;22.3;10.7;0.0
53;2021-04-28;1163;1320;0;69186;33864;0;22.7;11.1;0.0
53;2021-04-29;1233;1596;0;70419;35460;0;23.1;11.6;0.0
53;2021-04-30;1552;1279;0;71971;36739;0;23.6;12.0;0.0
53;2021-05-01;156;69;0;72127;36808;0;23.6;12.1;0.0
53;2021-05-02;69;11;0;72196;36819;0;23.6;12.1;0.0
53;2021-05-03;1666;698;0;73862;37517;0;24.2;12.3;0.0
53;2021-05-04;1392;1298;0;75254;38815;0;24.6;12.7;0.0
53;2021-05-05;1699;807;0;76953;39622;0;25.2;13.0;0.0
53;2021-05-06;1510;1323;0;78463;40945;0;25.7;13.4;0.0
53;2021-05-07;1573;1360;0;80036;42305;0;26.2;13.9;0.0
53;2021-05-08;979;70;0;81015;42375;0;26.5;13.9;0.0
53;2021-05-09;70;18;0;81085;42393;0;26.6;13.9;0.0
53;2021-05-10;2452;881;0;83537;43274;0;27.4;14.2;0.0
53;2021-05-11;3111;1342;0;86648;44616;0;28.4;14.6;0.0
53;2021-05-12;2686;1160;0;89334;45776;0;29.3;15.0;0.0
53;2021-05-13;377;49;0;89711;45825;0;29.4;15.0;0.0
53;2021-05-14;1943;710;0;91654;46535;0;30.0;15.2;0.0
53;2021-05-15;1164;130;0;92818;46665;0;30.4;15.3;0.0
53;2021-05-16;100;13;0;92918;46678;0;30.4;15.3;0.0
53;2021-05-17;1696;1308;0;94614;47986;0;31.0;15.7;0.0
53;2021-05-18;1914;1546;0;96528;49532;0;31.6;16.2;0.0
53;2021-05-19;2446;797;0;98974;50329;0;32.4;16.5;0.0
53;2021-05-20;3057;928;0;102031;51257;0;33.4;16.8;0.0
53;2021-05-21;2665;942;0;104696;52199;0;34.3;17.1;0.0
53;2021-05-22;246;108;0;104942;52307;0;34.4;17.1;0.0
53;2021-05-23;79;3;0;105021;52310;0;34.4;17.1;0.0
53;2021-05-24;145;17;0;105166;52327;0;34.4;17.1;0.0
53;2021-05-25;1799;847;0;106965;53174;0;35.0;17.4;0.0
53;2021-05-26;1817;941;0;108782;54115;0;35.6;17.7;0.0
53;2021-05-27;2968;1100;0;111750;55215;0;36.6;18.1;0.0
53;2021-05-28;2485;1028;0;114235;56243;0;37.4;18.4;0.0
53;2021-05-29;972;283;0;115207;56526;0;37.7;18.5;0.0
53;2021-05-30;45;12;0;115252;56538;0;37.7;18.5;0.0
53;2021-05-31;2457;903;0;117709;57441;0;38.5;18.8;0.0
53;2021-06-01;3224;1316;0;120933;58757;0;39.6;19.2;0.0
53;2021-06-02;2849;622;0;123782;59379;0;40.5;19.4;0.0
53;2021-06-03;3742;858;0;127524;60237;0;41.8;19.7;0.0
53;2021-06-04;2893;1369;0;130417;61606;0;42.7;20.2;0.0
53;2021-06-05;340;343;0;130757;61949;0;42.8;20.3;0.0
53;2021-06-06;35;47;0;130792;61996;0;42.8;20.3;0.0
53;2021-06-07;2478;1080;0;133270;63076;0;43.6;20.7;0.0
53;2021-06-08;3183;1239;0;136453;64315;0;44.7;21.1;0.0
53;2021-06-09;2248;1023;0;138701;65338;0;45.4;21.4;0.0
53;2021-06-10;3136;930;0;141837;66268;0;46.4;21.7;0.0
53;2021-06-11;2687;1384;0;144524;67652;0;47.3;22.2;0.0
53;2021-06-12;263;268;0;144787;67920;0;47.4;22.2;0.0
53;2021-06-13;56;60;0;144843;67980;0;47.4;22.3;0.0
53;2021-06-14;1502;1878;0;146345;69858;0;47.9;22.9;0.0
53;2021-06-15;1818;2342;0;148163;72200;0;48.5;23.6;0.0
53;2021-06-16;1711;1842;0;149874;74042;0;49.1;24.2;0.0
53;2021-06-17;2728;1680;0;152602;75722;0;50.0;24.8;0.0
53;2021-06-18;2510;1839;0;155112;77561;0;50.8;25.4;0.0
53;2021-06-19;744;1219;0;155856;78780;0;51.0;25.8;0.0
53;2021-06-20;35;465;0;155891;79245;0;51.1;26.0;0.0
53;2021-06-21;946;2625;0;156837;81870;0;51.4;26.8;0.0
53;2021-06-22;1298;3441;0;158135;85311;0;51.8;27.9;0.0
53;2021-06-23;1326;2864;0;159461;88175;0;52.2;28.9;0.0
53;2021-06-24;1688;2070;0;161149;90245;0;52.8;29.6;0.0
53;2021-06-25;1707;2185;0;162856;92430;0;53.3;30.3;0.0
53;2021-06-26;984;483;0;163840;92913;0;53.7;30.4;0.0
53;2021-06-27;23;92;0;163863;93005;0;53.7;30.5;0.0
53;2021-06-28;661;2943;0;164524;95948;0;53.9;31.4;0.0
53;2021-06-29;875;3582;0;165399;99530;0;54.2;32.6;0.0
53;2021-06-30;784;1639;0;166183;101169;0;54.4;33.1;0.0
53;2021-07-01;1406;2555;1;167589;103724;1;54.9;34.0;0.0
53;2021-07-02;1470;2076;0;169059;105800;1;55.4;34.6;0.0
53;2021-07-03;851;722;0;169910;106522;1;55.6;34.9;0.0
53;2021-07-04;13;90;0;169923;106612;1;55.6;34.9;0.0
53;2021-07-05;581;2129;0;170504;108741;1;55.8;35.6;0.0
53;2021-07-06;857;3524;0;171361;112265;1;56.1;36.8;0.0
53;2021-07-07;1016;2609;0;172377;114874;1;56.4;37.6;0.0
53;2021-07-08;1236;2989;0;173613;117863;1;56.9;38.6;0.0
53;2021-07-09;1020;3283;0;174633;121146;1;57.2;39.7;0.0
53;2021-07-10;386;1079;0;175019;122225;1;57.3;40.0;0.0
53;2021-07-11;40;66;0;175059;122291;1;57.3;40.0;0.0
53;2021-07-12;523;3516;0;175582;125807;1;57.5;41.2;0.0
53;2021-07-13;902;4417;0;176484;130224;1;57.8;42.6;0.0
53;2021-07-14;206;267;0;176690;130491;1;57.9;42.7;0.0
53;2021-07-15;1160;4038;0;177850;134529;1;58.2;44.1;0.0
53;2021-07-16;1260;3658;0;179110;138187;1;58.7;45.3;0.0
53;2021-07-17;1375;564;0;180485;138751;1;59.1;45.4;0.0
53;2021-07-18;168;65;0;180653;138816;1;59.2;45.5;0.0
53;2021-07-19;821;3283;0;181474;142099;1;59.4;46.5;0.0
53;2021-07-20;1061;3840;0;182535;145939;1;59.8;47.8;0.0
53;2021-07-21;915;3089;0;183450;149028;1;60.1;48.8;0.0
53;2021-07-22;1600;3242;0;185050;152270;1;60.6;49.9;0.0
53;2021-07-23;1607;3573;0;186657;155843;1;61.1;51.0;0.0
53;2021-07-24;919;475;0;187576;156318;1;61.4;51.2;0.0
53;2021-07-25;103;78;0;187679;156396;1;61.5;51.2;0.0
53;2021-07-26;1644;1957;0;189323;158353;1;62.0;51.9;0.0
53;2021-07-27;2268;2680;0;191591;161033;1;62.7;52.7;0.0
53;2021-07-28;2040;2644;0;193631;163677;1;63.4;53.6;0.0
53;2021-07-29;2366;2392;0;195997;166069;1;64.2;54.4;0.0
53;2021-07-30;1870;2491;0;197867;168560;1;64.8;55.2;0.0
53;2021-07-31;741;400;0;198608;168960;1;65.0;55.3;0.0
53;2021-08-01;131;61;0;198739;169021;1;65.1;55.4;0.0
53;2021-08-02;1915;1710;0;200654;170731;1;65.7;55.9;0.0
53;2021-08-03;2294;1913;0;202948;172644;1;66.5;56.5;0.0
53;2021-08-04;2457;1741;0;205405;174385;1;67.3;57.1;0.0
53;2021-08-05;2615;1430;0;208020;175815;1;68.1;57.6;0.0
53;2021-08-06;2301;1688;0;210321;177503;1;68.9;58.1;0.0
53;2021-08-07;572;344;0;210893;177847;1;69.1;58.2;0.0
53;2021-08-08;81;79;0;210974;177926;1;69.1;58.3;0.0
53;2021-08-09;1721;1599;0;212695;179525;1;69.7;58.8;0.0
53;2021-08-10;2216;1684;0;214911;181209;1;70.4;59.3;0.0
53;2021-08-11;1679;958;0;216590;182167;1;70.9;59.7;0.0
53;2021-08-12;1877;1049;0;218467;183216;1;71.5;60.0;0.0
53;2021-08-13;1867;1295;0;220334;184511;1;72.2;60.4;0.0
53;2021-08-14;181;256;0;220515;184767;1;72.2;60.5;0.0
53;2021-08-15;26;20;0;220541;184787;1;72.2;60.5;0.0
53;2021-08-16;1253;1647;0;221794;186434;1;72.6;61.1;0.0
53;2021-08-17;1462;1667;0;223256;188101;1;73.1;61.6;0.0
53;2021-08-18;1449;1615;0;224705;189716;1;73.6;62.1;0.0
53;2021-08-19;1299;1818;0;226004;191534;1;74.0;62.7;0.0
53;2021-08-20;1068;2043;0;227072;193577;1;74.4;63.4;0.0
53;2021-08-21;208;471;0;227280;194048;1;74.4;63.5;0.0
53;2021-08-22;24;72;0;227304;194120;1;74.4;63.6;0.0
53;2021-08-23;828;1925;0;228132;196045;1;74.7;64.2;0.0
53;2021-08-24;919;2147;0;229051;198192;1;75.0;64.9;0.0
53;2021-08-25;877;2136;0;229928;200328;1;75.3;65.6;0.0
53;2021-08-26;612;2373;0;230540;202701;1;75.5;66.4;0.0
53;2021-08-27;740;2465;0;231280;205166;1;75.7;67.2;0.0
53;2021-08-28;121;407;0;231401;205573;1;75.8;67.3;0.0
53;2021-08-29;15;80;0;231416;205653;1;75.8;67.3;0.0
53;2021-08-30;593;2053;25;232009;207706;26;76.0;68.0;0.0
53;2021-08-31;744;2650;63;232753;210356;89;76.2;68.9;0.0
53;2021-09-01;396;1580;96;233149;211936;185;76.4;69.4;0.1
53;2021-09-02;435;1579;115;233584;213515;300;76.5;69.9;0.1
53;2021-09-03;456;2170;162;234040;215685;462;76.6;70.6;0.2
53;2021-09-04;160;415;33;234200;216100;495;76.7;70.8;0.2
53;2021-09-05;8;34;2;234208;216134;497;76.7;70.8;0.2
53;2021-09-06;310;1386;193;234518;217520;690;76.8;71.2;0.2
53;2021-09-07;287;1633;165;234805;219153;855;76.9;71.8;0.3
53;2021-09-08;425;1906;162;235230;221059;1017;77.0;72.4;0.3
53;2021-09-09;255;1316;116;235485;222375;1133;77.1;72.8;0.4
53;2021-09-10;383;1660;234;235868;224035;1367;77.2;73.4;0.4
53;2021-09-11;82;282;40;235950;224317;1407;77.3;73.5;0.5
53;2021-09-12;1;14;1;235951;224331;1408;77.3;73.5;0.5
53;2021-09-13;256;954;228;236207;225285;1636;77.4;73.8;0.5
53;2021-09-14;232;822;186;236439;226107;1822;77.4;74.0;0.6
53;2021-09-15;357;1077;342;236796;227184;2164;77.5;74.4;0.7
53;2021-09-16;300;410;283;237096;227594;2447;77.6;74.5;0.8
53;2021-09-17;399;963;310;237495;228557;2757;77.8;74.8;0.9
53;2021-09-18;73;207;31;237568;228764;2788;77.8;74.9;0.9
53;2021-09-19;12;15;0;237580;228779;2788;77.8;74.9;0.9
53;2021-09-20;146;391;173;237726;229170;2961;77.8;75.0;1.0
53;2021-09-21;228;620;244;237954;229790;3205;77.9;75.3;1.0
53;2021-09-22;199;699;229;238153;230489;3434;78.0;75.5;1.1
53;2021-09-23;138;374;663;238291;230863;4097;78.0;75.6;1.3
53;2021-09-24;206;648;257;238497;231511;4354;78.1;75.8;1.4
53;2021-09-25;47;155;45;238544;231666;4399;78.1;75.9;1.4
53;2021-09-26;0;4;0;238544;231670;4399;78.1;75.9;1.4
53;2021-09-27;156;380;309;238700;232050;4708;78.2;76.0;1.5
53;2021-09-28;172;303;323;238872;232353;5031;78.2;76.1;1.6
53;2021-09-29;163;503;301;239035;232856;5332;78.3;76.3;1.7
53;2021-09-30;98;220;267;239133;233076;5599;78.3;76.3;1.8
53;2021-10-01;259;588;415;239392;233664;6014;78.4;76.5;2.0
53;2021-10-02;55;114;31;239447;233778;6045;78.4;76.6;2.0
53;2021-10-03;6;8;4;239453;233786;6049;78.4;76.6;2.0
53;2021-10-04;135;276;459;239588;234062;6508;78.5;76.6;2.1
53;2021-10-05;116;216;473;239704;234278;6981;78.5;76.7;2.3
53;2021-10-06;194;366;425;239898;234644;7406;78.6;76.8;2.4
53;2021-10-07;89;295;154;239987;234939;7560;78.6;76.9;2.5
53;2021-10-08;238;494;571;240225;235433;8131;78.7;77.1;2.7
53;2021-10-09;41;73;22;240266;235506;8153;78.7;77.1;2.7
53;2021-10-10;1;2;1;240267;235508;8154;78.7;77.1;2.7
53;2021-10-11;111;172;485;240378;235680;8639;78.7;77.2;2.8
53;2021-10-12;103;221;472;240481;235901;9111;78.8;77.3;3.0
53;2021-10-13;121;235;471;240602;236136;9582;78.8;77.3;3.1
53;2021-10-14;82;129;267;240684;236265;9849;78.8;77.4;3.2
53;2021-10-15;214;350;754;240898;236615;10603;78.9;77.5;3.5
53;2021-10-16;42;68;35;240940;236683;10638;78.9;77.5;3.5
53;2021-10-17;1;2;0;240941;236685;10638;78.9;77.5;3.5
53;2021-10-18;161;206;602;241102;236891;11240;79.0;77.6;3.7
53;2021-10-19;75;192;520;241177;237083;11760;79.0;77.6;3.9
53;2021-10-20;68;149;594;241245;237232;12354;79.0;77.7;4.0
53;2021-10-21;26;83;349;241271;237315;12703;79.0;77.7;4.2
53;2021-10-22;72;292;696;241343;237607;13399;79.0;77.8;4.4
53;2021-10-23;15;49;53;241358;237656;13452;79.0;77.8;4.4
53;2021-10-24;2;2;0;241360;237658;13452;79.0;77.8;4.4
53;2021-10-25;54;120;623;241414;237778;14075;79.1;77.9;4.6
53;2021-10-26;47;94;598;241461;237872;14673;79.1;77.9;4.8
53;2021-10-27;69;149;810;241530;238021;15483;79.1;77.9;5.1
53;2021-10-28;32;66;524;241562;238087;16007;79.1;78.0;5.2
53;2021-10-29;69;247;829;241631;238334;16836;79.1;78.0;5.5
53;2021-10-30;12;32;70;241643;238366;16906;79.1;78.1;5.5
53;2021-10-31;0;2;0;241643;238368;16906;79.1;78.1;5.5
53;2021-11-01;0;2;5;241643;238370;16911;79.1;78.1;5.5
53;2021-11-02;65;150;879;241708;238520;17790;79.2;78.1;5.8
53;2021-11-03;76;132;702;241784;238652;18492;79.2;78.2;6.1
53;2021-11-04;42;95;679;241826;238747;19171;79.2;78.2;6.3
53;2021-11-05;82;217;956;241908;238964;20127;79.2;78.3;6.6
53;2021-11-06;12;49;99;241920;239013;20226;79.2;78.3;6.6
53;2021-11-07;0;1;11;241920;239014;20237;79.2;78.3;6.6
53;2021-11-08;31;147;906;241951;239161;21143;79.2;78.3;6.9
53;2021-11-09;45;124;1132;241996;239285;22275;79.2;78.4;7.3
53;2021-11-10;78;113;1072;242074;239398;23347;79.3;78.4;7.6
53;2021-11-11;3;1;29;242077;239399;23376;79.3;78.4;7.7
53;2021-11-12;35;44;563;242112;239443;23939;79.3;78.4;7.8
53;2021-11-13;11;32;131;242123;239475;24070;79.3;78.4;7.9
53;2021-11-14;0;2;6;242123;239477;24076;79.3;78.4;7.9
53;2021-11-15;45;67;1184;242168;239544;25260;79.3;78.4;8.3
53;2021-11-16;30;58;792;242198;239602;26052;79.3;78.5;8.5
53;2021-11-17;60;66;1082;242258;239668;27134;79.3;78.5;8.9
53;2021-11-18;38;63;1112;242296;239731;28246;79.3;78.5;9.2
53;2021-11-19;82;113;1472;242378;239844;29718;79.4;78.5;9.7
53;2021-11-20;15;18;127;242393;239862;29845;79.4;78.5;9.8
53;2021-11-21;2;0;8;242395;239862;29853;79.4;78.5;9.8
53;2021-11-22;45;26;1199;242440;239888;31052;79.4;78.6;10.2
53;2021-11-23;40;35;1112;242480;239923;32164;79.4;78.6;10.5
53;2021-11-24;79;104;1159;242559;240027;33323;79.4;78.6;10.9
53;2021-11-25;49;54;1237;242608;240081;34560;79.4;78.6;11.3
53;2021-11-26;116;97;2390;242724;240178;36950;79.5;78.7;12.1
53;2021-11-27;15;24;280;242739;240202;37230;79.5;78.7;12.2
53;2021-11-28;4;1;62;242743;240203;37292;79.5;78.7;12.2
53;2021-11-29;52;57;2461;242795;240260;39753;79.5;78.7;13.0
53;2021-11-30;35;50;2113;242830;240310;41866;79.5;78.7;13.7
53;2021-12-01;65;81;2495;242895;240391;44361;79.5;78.7;14.5
53;2021-12-02;36;19;2134;242931;240410;46495;79.6;78.7;15.2
53;2021-12-03;63;80;3578;242994;240490;50073;79.6;78.8;16.4
53;2021-12-04;28;24;1111;243022;240514;51184;79.6;78.8;16.8
53;2021-12-05;0;3;77;243022;240517;51261;79.6;78.8;16.8
53;2021-12-06;33;45;3317;243055;240562;54578;79.6;78.8;17.9
53;2021-12-07;44;36;3267;243099;240598;57845;79.6;78.8;18.9
53;2021-12-08;43;83;2849;243142;240681;60694;79.6;78.8;19.9
53;2021-12-09;54;36;4367;243196;240717;65061;79.6;78.8;21.3
53;2021-12-10;54;71;3874;243250;240788;68935;79.7;78.9;22.6
53;2021-12-11;32;21;1559;243282;240809;70494;79.7;78.9;23.1
53;2021-12-12;7;5;152;243289;240814;70646;79.7;78.9;23.1
53;2021-12-13;27;52;3676;243316;240866;74322;79.7;78.9;24.3
53;2021-12-14;42;54;3639;243358;240920;77961;79.7;78.9;25.5
53;2021-12-15;34;79;3378;243392;240999;81339;79.7;78.9;26.6
53;2021-12-16;52;53;4332;243444;241052;85671;79.7;78.9;28.1
53;2021-12-17;57;123;5001;243501;241175;90672;79.7;79.0;29.7
53;2021-12-18;25;31;1931;243526;241206;92603;79.7;79.0;30.3
53;2021-12-19;6;4;106;243532;241210;92709;79.8;79.0;30.4
53;2021-12-20;50;74;4373;243582;241284;97082;79.8;79.0;31.8
53;2021-12-21;85;77;4473;243667;241361;101555;79.8;79.0;33.3
53;2021-12-22;74;69;3361;243741;241430;104916;79.8;79.1;34.4
53;2021-12-23;60;39;2132;243801;241469;107048;79.8;79.1;35.1
53;2021-12-24;12;9;470;243813;241478;107518;79.8;79.1;35.2
53;2021-12-25;0;0;11;243813;241478;107529;79.8;79.1;35.2
53;2021-12-26;0;0;40;243813;241478;107569;79.8;79.1;35.2
53;2021-12-27;49;60;3363;243862;241538;110932;79.9;79.1;36.3
53;2021-12-28;61;70;4016;243923;241608;114948;79.9;79.1;37.6
54;2020-12-27;0;0;0;0;0;0;0.0;0.0;0.0
54;2020-12-28;3;0;0;3;0;0;0.0;0.0;0.0
54;2020-12-29;0;0;0;3;0;0;0.0;0.0;0.0
54;2020-12-30;2;0;0;5;0;0;0.0;0.0;0.0
54;2020-12-31;9;0;0;14;0;0;0.0;0.0;0.0
54;2021-01-01;1;0;0;15;0;0;0.0;0.0;0.0
54;2021-01-02;0;0;0;15;0;0;0.0;0.0;0.0
54;2021-01-03;2;0;0;17;0;0;0.0;0.0;0.0
54;2021-01-04;156;0;0;173;0;0;0.0;0.0;0.0
54;2021-01-05;387;1;0;560;1;0;0.1;0.0;0.0
54;2021-01-06;621;1;0;1181;2;0;0.2;0.0;0.0
54;2021-01-07;800;2;0;1981;4;0;0.3;0.0;0.0
54;2021-01-08;693;3;0;2674;7;0;0.4;0.0;0.0
54;2021-01-09;109;0;0;2783;7;0;0.4;0.0;0.0
54;2021-01-10;72;0;0;2855;7;0;0.4;0.0;0.0
54;2021-01-11;950;3;0;3805;10;0;0.5;0.0;0.0
54;2021-01-12;1165;2;0;4970;12;0;0.7;0.0;0.0
54;2021-01-13;2396;7;0;7366;19;0;1.0;0.0;0.0
54;2021-01-14;3264;26;0;10630;45;0;1.5;0.0;0.0
54;2021-01-15;2618;19;0;13248;64;0;1.8;0.0;0.0
54;2021-01-16;813;4;0;14061;68;0;1.9;0.0;0.0
54;2021-01-17;218;0;0;14279;68;0;2.0;0.0;0.0
54;2021-01-18;1575;6;0;15854;74;0;2.2;0.0;0.0
54;2021-01-19;1676;2;0;17530;76;0;2.4;0.0;0.0
54;2021-01-20;1572;5;0;19102;81;0;2.6;0.0;0.0
54;2021-01-21;1453;4;0;20555;85;0;2.8;0.0;0.0
54;2021-01-22;1144;8;0;21699;93;0;3.0;0.0;0.0
54;2021-01-23;479;1;0;22178;94;0;3.0;0.0;0.0
54;2021-01-24;76;0;0;22254;94;0;3.0;0.0;0.0
54;2021-01-25;974;41;0;23228;135;0;3.2;0.0;0.0
54;2021-01-26;223;18;0;23451;153;0;3.2;0.0;0.0
54;2021-01-27;94;175;0;23545;328;0;3.2;0.0;0.0
54;2021-01-28;118;245;0;23663;573;0;3.2;0.1;0.0
54;2021-01-29;61;287;0;23724;860;0;3.2;0.1;0.0
54;2021-01-30;30;14;0;23754;874;0;3.3;0.1;0.0
54;2021-01-31;2;0;0;23756;874;0;3.3;0.1;0.0
54;2021-02-01;45;783;0;23801;1657;0;3.3;0.2;0.0
54;2021-02-02;77;961;0;23878;2618;0;3.3;0.4;0.0
54;2021-02-03;393;1496;0;24271;4114;0;3.3;0.6;0.0
54;2021-02-04;728;2368;0;24999;6482;0;3.4;0.9;0.0
54;2021-02-05;775;1800;0;25774;8282;0;3.5;1.1;0.0
54;2021-02-06;224;349;0;25998;8631;0;3.6;1.2;0.0
54;2021-02-07;5;130;0;26003;8761;0;3.6;1.2;0.0
54;2021-02-08;169;1031;0;26172;9792;0;3.6;1.3;0.0
54;2021-02-09;361;1074;0;26533;10866;0;3.6;1.5;0.0
54;2021-02-10;405;821;0;26938;11687;0;3.7;1.6;0.0
54;2021-02-11;371;895;0;27309;12582;0;3.7;1.7;0.0
54;2021-02-12;513;1301;0;27822;13883;0;3.8;1.9;0.0
54;2021-02-13;174;240;0;27996;14123;0;3.8;1.9;0.0
54;2021-02-14;32;24;0;28028;14147;0;3.8;1.9;0.0
54;2021-02-15;433;1147;0;28461;15294;0;3.9;2.1;0.0
54;2021-02-16;449;1217;0;28910;16511;0;4.0;2.3;0.0
54;2021-02-17;568;1005;0;29478;17516;0;4.0;2.4;0.0
54;2021-02-18;627;851;0;30105;18367;0;4.1;2.5;0.0
54;2021-02-19;558;762;0;30663;19129;0;4.2;2.6;0.0
54;2021-02-20;73;302;0;30736;19431;0;4.2;2.7;0.0
54;2021-02-21;7;25;0;30743;19456;0;4.2;2.7;0.0
54;2021-02-22;538;660;0;31281;20116;0;4.3;2.8;0.0
54;2021-02-23;828;554;0;32109;20670;0;4.4;2.8;0.0
54;2021-02-24;827;397;0;32936;21067;0;4.5;2.9;0.0
54;2021-02-25;1541;722;0;34477;21789;0;4.7;3.0;0.0
54;2021-02-26;1932;769;0;36409;22558;0;5.0;3.1;0.0
54;2021-02-27;899;132;0;37308;22690;0;5.1;3.1;0.0
54;2021-02-28;106;31;0;37414;22721;0;5.1;3.1;0.0
54;2021-03-01;697;244;0;38111;22965;0;5.2;3.1;0.0
54;2021-03-02;1574;222;0;39685;23187;0;5.4;3.2;0.0
54;2021-03-03;1813;116;0;41498;23303;0;5.7;3.2;0.0
54;2021-03-04;2109;168;0;43607;23471;0;6.0;3.2;0.0
54;2021-03-05;2935;201;0;46542;23672;0;6.4;3.2;0.0
54;2021-03-06;4306;136;0;50848;23808;0;7.0;3.3;0.0
54;2021-03-07;2827;81;0;53675;23889;0;7.3;3.3;0.0
54;2021-03-08;1341;118;0;55016;24007;0;7.5;3.3;0.0
54;2021-03-09;2689;162;0;57705;24169;0;7.9;3.3;0.0
54;2021-03-10;3182;152;0;60887;24321;0;8.3;3.3;0.0
54;2021-03-11;3404;166;0;64291;24487;0;8.8;3.4;0.0
54;2021-03-12;5015;240;0;69306;24727;0;9.5;3.4;0.0
54;2021-03-13;4256;157;0;73562;24884;0;10.1;3.4;0.0
54;2021-03-14;559;50;0;74121;24934;0;10.1;3.4;0.0
54;2021-03-15;1695;135;0;75816;25069;0;10.4;3.4;0.0
54;2021-03-16;1790;225;0;77606;25294;0;10.6;3.5;0.0
54;2021-03-17;2001;209;0;79607;25503;0;10.9;3.5;0.0
54;2021-03-18;2047;236;0;81654;25739;0;11.2;3.5;0.0
54;2021-03-19;3337;321;0;84991;26060;0;11.6;3.6;0.0
54;2021-03-20;2396;99;0;87387;26159;0;12.0;3.6;0.0
54;2021-03-21;318;19;0;87705;26178;0;12.0;3.6;0.0
54;2021-03-22;1198;379;0;88903;26557;0;12.2;3.6;0.0
54;2021-03-23;2007;645;0;90910;27202;0;12.4;3.7;0.0
54;2021-03-24;2216;748;0;93126;27950;0;12.8;3.8;0.0
54;2021-03-25;3285;800;0;96411;28750;0;13.2;3.9;0.0
54;2021-03-26;3648;894;0;100059;29644;0;13.7;4.1;0.0
54;2021-03-27;2306;434;0;102365;30078;0;14.0;4.1;0.0
54;2021-03-28;264;110;0;102629;30188;0;14.1;4.1;0.0
54;2021-03-29;1694;457;0;104323;30645;0;14.3;4.2;0.0
54;2021-03-30;2569;1113;0;106892;31758;0;14.6;4.3;0.0
54;2021-03-31;2576;1224;0;109468;32982;0;15.0;4.5;0.0
54;2021-04-01;3110;1365;0;112578;34347;0;15.4;4.7;0.0
54;2021-04-02;2941;1798;0;115519;36145;0;15.8;4.9;0.0
54;2021-04-03;1344;1447;0;116863;37592;0;16.0;5.1;0.0
54;2021-04-04;146;426;0;117009;38018;0;16.0;5.2;0.0
54;2021-04-05;241;566;0;117250;38584;0;16.1;5.3;0.0
54;2021-04-06;1391;1708;0;118641;40292;0;16.2;5.5;0.0
54;2021-04-07;1196;2343;0;119837;42635;0;16.4;5.8;0.0
54;2021-04-08;2606;2505;0;122443;45140;0;16.8;6.2;0.0
54;2021-04-09;4359;3099;0;126802;48239;0;17.4;6.6;0.0
54;2021-04-10;3198;1853;0;130000;50092;0;17.8;6.9;0.0
54;2021-04-11;203;986;0;130203;51078;0;17.8;7.0;0.0
54;2021-04-12;2317;1564;0;132520;52642;0;18.1;7.2;0.0
54;2021-04-13;3125;1966;0;135645;54608;0;18.6;7.5;0.0
54;2021-04-14;3395;1883;0;139040;56491;0;19.0;7.7;0.0
54;2021-04-15;3094;2348;0;142134;58839;0;19.5;8.1;0.0
54;2021-04-16;3190;2691;0;145324;61530;0;19.9;8.4;0.0
54;2021-04-17;3294;1541;0;148618;63071;0;20.3;8.6;0.0
54;2021-04-18;185;273;0;148803;63344;0;20.4;8.7;0.0
54;2021-04-19;2529;1133;0;151332;64477;0;20.7;8.8;0.0
54;2021-04-20;3066;1336;0;154398;65813;0;21.1;9.0;0.0
54;2021-04-21;3794;1605;0;158192;67418;0;21.7;9.2;0.0
54;2021-04-22;3584;2356;0;161776;69774;0;22.1;9.6;0.0
54;2021-04-23;3770;2186;0;165546;71960;0;22.7;9.9;0.0
54;2021-04-24;2267;995;0;167813;72955;0;23.0;10.0;0.0
54;2021-04-25;289;276;0;168102;73231;0;23.0;10.0;0.0
54;2021-04-26;2284;1376;0;170386;74607;0;23.3;10.2;0.0
54;2021-04-27;3165;1401;0;173551;76008;0;23.8;10.4;0.0
54;2021-04-28;2702;1945;0;176253;77953;0;24.1;10.7;0.0
54;2021-04-29;3711;2116;0;179964;80069;0;24.6;11.0;0.0
54;2021-04-30;4485;2070;0;184449;82139;0;25.3;11.2;0.0
54;2021-05-01;2190;800;0;186639;82939;0;25.6;11.4;0.0
54;2021-05-02;276;89;0;186915;83028;0;25.6;11.4;0.0
54;2021-05-03;3061;1093;0;189976;84121;0;26.0;11.5;0.0
54;2021-05-04;3515;1640;0;193491;85761;0;26.5;11.7;0.0
54;2021-05-05;4837;1693;0;198328;87454;0;27.2;12.0;0.0
54;2021-05-06;4543;2875;0;202871;90329;0;27.8;12.4;0.0
54;2021-05-07;5012;3506;0;207883;93835;0;28.5;12.8;0.0
54;2021-05-08;2074;670;0;209957;94505;0;28.7;12.9;0.0
54;2021-05-09;502;184;0;210459;94689;0;28.8;13.0;0.0
54;2021-05-10;3200;2359;0;213659;97048;0;29.3;13.3;0.0
54;2021-05-11;5425;3115;0;219084;100163;0;30.0;13.7;0.0
54;2021-05-12;4217;3507;0;223301;103670;0;30.6;14.2;0.0
54;2021-05-13;2734;517;0;226035;104187;0;30.9;14.3;0.0
54;2021-05-14;6815;2081;0;232850;106268;0;31.9;14.5;0.0
54;2021-05-15;5333;1315;0;238183;107583;0;32.6;14.7;0.0
54;2021-05-16;1066;117;0;239249;107700;0;32.8;14.7;0.0
54;2021-05-17;3721;903;0;242970;108603;0;33.3;14.9;0.0
54;2021-05-18;3414;1225;0;246384;109828;0;33.7;15.0;0.0
54;2021-05-19;3660;1542;0;250044;111370;0;34.2;15.2;0.0
54;2021-05-20;4496;1673;0;254540;113043;0;34.8;15.5;0.0
54;2021-05-21;6442;2544;0;260982;115587;0;35.7;15.8;0.0
54;2021-05-22;5225;1379;0;266207;116966;0;36.4;16.0;0.0
54;2021-05-23;517;89;0;266724;117055;0;36.5;16.0;0.0
54;2021-05-24;1426;352;0;268150;117407;0;36.7;16.1;0.0
54;2021-05-25;4063;1628;0;272213;119035;0;37.3;16.3;0.0
54;2021-05-26;3438;2266;0;275651;121301;0;37.7;16.6;0.0
54;2021-05-27;3871;2442;0;279522;123743;0;38.3;16.9;0.0
54;2021-05-28;4923;3665;0;284445;127408;0;38.9;17.4;0.0
54;2021-05-29;3795;3908;0;288240;131316;0;39.5;18.0;0.0
54;2021-05-30;205;146;0;288445;131462;0;39.5;18.0;0.0
54;2021-05-31;2911;3073;0;291356;134535;0;39.9;18.4;0.0
54;2021-06-01;2922;4176;0;294278;138711;0;40.3;19.0;0.0
54;2021-06-02;2549;3804;0;296827;142515;0;40.6;19.5;0.0
54;2021-06-03;3186;5200;0;300013;147715;0;41.1;20.2;0.0
54;2021-06-04;5224;5358;0;305237;153073;0;41.8;21.0;0.0
54;2021-06-05;2595;3208;0;307832;156281;0;42.1;21.4;0.0
54;2021-06-06;195;260;0;308027;156541;0;42.2;21.4;0.0
54;2021-06-07;3626;2872;0;311653;159413;0;42.7;21.8;0.0
54;2021-06-08;4502;4126;0;316155;163539;0;43.3;22.4;0.0
54;2021-06-09;5775;3143;0;321930;166682;0;44.1;22.8;0.0
54;2021-06-10;5176;4369;0;327106;171051;0;44.8;23.4;0.0
54;2021-06-11;4870;4925;0;331976;175976;0;45.5;24.1;0.0
54;2021-06-12;3959;3119;0;335935;179095;0;46.0;24.5;0.0
54;2021-06-13;142;254;0;336077;179349;0;46.0;24.6;0.0
54;2021-06-14;2355;3636;0;338432;182985;0;46.3;25.1;0.0
54;2021-06-15;2949;4805;0;341381;187790;0;46.7;25.7;0.0
54;2021-06-16;3355;5598;0;344736;193388;0;47.2;26.5;0.0
54;2021-06-17;3111;5278;0;347847;198666;0;47.6;27.2;0.0
54;2021-06-18;3988;6235;0;351835;204901;0;48.2;28.1;0.0
54;2021-06-19;2628;3106;0;354463;208007;0;48.5;28.5;0.0
54;2021-06-20;126;336;0;354589;208343;0;48.5;28.5;0.0
54;2021-06-21;2341;4699;0;356930;213042;0;48.9;29.2;0.0
54;2021-06-22;1956;6175;0;358886;219217;0;49.1;30.0;0.0
54;2021-06-23;2195;5544;0;361081;224761;0;49.4;30.8;0.0
54;2021-06-24;1960;3476;0;363041;228237;0;49.7;31.2;0.0
54;2021-06-25;2184;7081;0;365225;235318;0;50.0;32.2;0.0
54;2021-06-26;2241;5505;0;367466;240823;0;50.3;33.0;0.0
54;2021-06-27;191;727;0;367657;241550;0;50.3;33.1;0.0
54;2021-06-28;1770;4324;0;369427;245874;0;50.6;33.7;0.0
54;2021-06-29;1804;5209;0;371231;251083;0;50.8;34.4;0.0
54;2021-06-30;1921;5151;1;373152;256234;1;51.1;35.1;0.0
54;2021-07-01;2138;5713;0;375290;261947;1;51.4;35.9;0.0
54;2021-07-02;2778;7251;0;378068;269198;1;51.8;36.9;0.0
54;2021-07-03;2625;4003;0;380693;273201;1;52.1;37.4;0.0
54;2021-07-04;209;545;0;380902;273746;1;52.1;37.5;0.0
54;2021-07-05;1542;4154;0;382444;277900;1;52.4;38.0;0.0
54;2021-07-06;1937;5028;0;384381;282928;1;52.6;38.7;0.0
54;2021-07-07;1880;4739;0;386261;287667;1;52.9;39.4;0.0
54;2021-07-08;1650;3969;0;387911;291636;1;53.1;39.9;0.0
54;2021-07-09;3056;6127;0;390967;297763;1;53.5;40.8;0.0
54;2021-07-10;2395;4268;0;393362;302031;1;53.9;41.4;0.0
54;2021-07-11;58;164;0;393420;302195;1;53.9;41.4;0.0
54;2021-07-12;2078;4760;0;395498;306955;1;54.1;42.0;0.0
54;2021-07-13;2720;5172;0;398218;312127;1;54.5;42.7;0.0
54;2021-07-14;1564;1532;0;399782;313659;1;54.7;42.9;0.0
54;2021-07-15;3219;5091;0;403001;318750;1;55.2;43.6;0.0
54;2021-07-16;4644;6532;0;407645;325282;1;55.8;44.5;0.0
54;2021-07-17;4063;4717;0;411708;329999;1;56.4;45.2;0.0
54;2021-07-18;1567;1582;0;413275;331581;1;56.6;45.4;0.0
54;2021-07-19;2601;4173;0;415876;335754;1;56.9;46.0;0.0
54;2021-07-20;3174;4851;0;419050;340605;1;57.4;46.6;0.0
54;2021-07-21;3512;6219;0;422562;346824;1;57.9;47.5;0.0
54;2021-07-22;3659;5581;0;426221;352405;1;58.4;48.2;0.0
54;2021-07-23;4274;6825;0;430495;359230;1;58.9;49.2;0.0
54;2021-07-24;2905;5059;0;433400;364289;1;59.3;49.9;0.0
54;2021-07-25;216;139;0;433616;364428;1;59.4;49.9;0.0
54;2021-07-26;3012;4101;0;436628;368529;1;59.8;50.5;0.0
54;2021-07-27;3988;4029;0;440616;372558;1;60.3;51.0;0.0
54;2021-07-28;5225;3835;0;445841;376393;1;61.0;51.5;0.0
54;2021-07-29;5160;3148;0;451001;379541;1;61.7;52.0;0.0
54;2021-07-30;5008;4745;0;456009;384286;1;62.4;52.6;0.0
54;2021-07-31;4224;3076;0;460233;387362;1;63.0;53.0;0.0
54;2021-08-01;368;141;0;460601;387503;1;63.1;53.1;0.0
54;2021-08-02;3035;3608;0;463636;391111;1;63.5;53.5;0.0
54;2021-08-03;4199;2948;0;467835;394059;1;64.1;54.0;0.0
54;2021-08-04;4412;2700;0;472247;396759;1;64.7;54.3;0.0
54;2021-08-05;4579;2468;0;476826;399227;1;65.3;54.7;0.0
54;2021-08-06;5306;4035;0;482132;403262;1;66.0;55.2;0.0
54;2021-08-07;3568;2902;0;485700;406164;1;66.5;55.6;0.0
54;2021-08-08;330;208;0;486030;406372;1;66.5;55.6;0.0
54;2021-08-09;2809;2729;0;488839;409101;1;66.9;56.0;0.0
54;2021-08-10;2479;3835;0;491318;412936;1;67.3;56.5;0.0
54;2021-08-11;2278;2759;0;493596;415695;1;67.6;56.9;0.0
54;2021-08-12;2106;3176;0;495702;418871;1;67.9;57.3;0.0
54;2021-08-13;2468;4404;0;498170;423275;1;68.2;58.0;0.0
54;2021-08-14;1321;2162;0;499491;425437;1;68.4;58.2;0.0
54;2021-08-15;80;111;0;499571;425548;1;68.4;58.3;0.0
54;2021-08-16;1685;3342;0;501256;428890;1;68.6;58.7;0.0
54;2021-08-17;1888;3479;0;503144;432369;1;68.9;59.2;0.0
54;2021-08-18;1465;4099;0;504609;436468;1;69.1;59.8;0.0
54;2021-08-19;1218;2919;0;505827;439387;1;69.3;60.2;0.0
54;2021-08-20;1672;4835;0;507499;444222;1;69.5;60.8;0.0
54;2021-08-21;1324;3879;0;508823;448101;1;69.7;61.4;0.0
54;2021-08-22;68;92;0;508891;448193;1;69.7;61.4;0.0
54;2021-08-23;1140;3709;0;510031;451902;1;69.8;61.9;0.0
54;2021-08-24;1118;3357;0;511149;455259;1;70.0;62.3;0.0
54;2021-08-25;1305;4340;0;512454;459599;1;70.2;62.9;0.0
54;2021-08-26;985;3150;0;513439;462749;1;70.3;63.4;0.0
54;2021-08-27;1453;5168;0;514892;467917;1;70.5;64.1;0.0
54;2021-08-28;1065;4091;0;515957;472008;1;70.6;64.6;0.0
54;2021-08-29;46;151;0;516003;472159;1;70.6;64.6;0.0
54;2021-08-30;1116;3879;84;517119;476038;85;70.8;65.2;0.0
54;2021-08-31;969;4211;254;518088;480249;339;70.9;65.8;0.0
54;2021-09-01;1164;3271;378;519252;483520;717;71.1;66.2;0.1
54;2021-09-02;748;1973;228;520000;485493;945;71.2;66.5;0.1
54;2021-09-03;949;2915;294;520949;488408;1239;71.3;66.9;0.2
54;2021-09-04;1002;2833;311;521951;491241;1550;71.5;67.3;0.2
54;2021-09-05;41;67;13;521992;491308;1563;71.5;67.3;0.2
54;2021-09-06;518;1289;176;522510;492597;1739;71.5;67.4;0.2
54;2021-09-07;555;1454;184;523065;494051;1923;71.6;67.6;0.3
54;2021-09-08;638;1591;298;523703;495642;2221;71.7;67.9;0.3
54;2021-09-09;900;1659;434;524603;497301;2655;71.8;68.1;0.4
54;2021-09-10;941;2199;514;525544;499500;3169;72.0;68.4;0.4
54;2021-09-11;691;2321;180;526235;501821;3349;72.0;68.7;0.5
54;2021-09-12;80;119;31;526315;501940;3380;72.1;68.7;0.5
54;2021-09-13;655;908;396;526970;502848;3776;72.1;68.8;0.5
54;2021-09-14;637;938;617;527607;503786;4393;72.2;69.0;0.6
54;2021-09-15;626;1639;940;528233;505425;5333;72.3;69.2;0.7
54;2021-09-16;622;671;460;528855;506096;5793;72.4;69.3;0.8
54;2021-09-17;829;1427;598;529684;507523;6391;72.5;69.5;0.9
54;2021-09-18;439;1300;212;530123;508823;6603;72.6;69.7;0.9
54;2021-09-19;30;53;24;530153;508876;6627;72.6;69.7;0.9
54;2021-09-20;373;631;366;530526;509507;6993;72.6;69.8;1.0
54;2021-09-21;432;870;506;530958;510377;7499;72.7;69.9;1.0
54;2021-09-22;415;1073;640;531373;511450;8139;72.8;70.0;1.1
54;2021-09-23;323;793;604;531696;512243;8743;72.8;70.1;1.2
54;2021-09-24;516;1106;626;532212;513349;9369;72.9;70.3;1.3
54;2021-09-25;332;1026;223;532544;514375;9592;72.9;70.4;1.3
54;2021-09-26;13;41;8;532557;514416;9600;72.9;70.4;1.3
54;2021-09-27;228;677;514;532785;515093;10114;72.9;70.5;1.4
54;2021-09-28;296;569;664;533081;515662;10778;73.0;70.6;1.5
54;2021-09-29;387;775;801;533468;516437;11579;73.0;70.7;1.6
54;2021-09-30;217;455;627;533685;516892;12206;73.1;70.8;1.7
54;2021-10-01;583;946;1034;534268;517838;13240;73.1;70.9;1.8
54;2021-10-02;356;882;445;534624;518720;13685;73.2;71.0;1.9
54;2021-10-03;13;23;11;534637;518743;13696;73.2;71.0;1.9
54;2021-10-04;271;503;445;534908;519246;14141;73.2;71.1;1.9
54;2021-10-05;293;861;734;535201;520107;14875;73.3;71.2;2.0
54;2021-10-06;375;758;818;535576;520865;15693;73.3;71.3;2.1
54;2021-10-07;251;635;966;535827;521500;16659;73.4;71.4;2.3
54;2021-10-08;414;867;1324;536241;522367;17983;73.4;71.5;2.5
54;2021-10-09;365;637;631;536606;523004;18614;73.5;71.6;2.5
54;2021-10-10;17;26;32;536623;523030;18646;73.5;71.6;2.6
54;2021-10-11;261;408;844;536884;523438;19490;73.5;71.7;2.7
54;2021-10-12;245;573;990;537129;524011;20480;73.5;71.7;2.8
54;2021-10-13;335;508;1293;537464;524519;21773;73.6;71.8;3.0
54;2021-10-14;265;520;745;537729;525039;22518;73.6;71.9;3.1
54;2021-10-15;422;638;1463;538151;525677;23981;73.7;72.0;3.3
54;2021-10-16;379;521;748;538530;526198;24729;73.7;72.0;3.4
54;2021-10-17;9;19;12;538539;526217;24741;73.7;72.0;3.4
54;2021-10-18;250;392;677;538789;526609;25418;73.8;72.1;3.5
54;2021-10-19;234;325;1097;539023;526934;26515;73.8;72.1;3.6
54;2021-10-20;322;451;1372;539345;527385;27887;73.8;72.2;3.8
54;2021-10-21;140;257;827;539485;527642;28714;73.9;72.2;3.9
54;2021-10-22;370;566;1586;539855;528208;30300;73.9;72.3;4.1
54;2021-10-23;297;415;664;540152;528623;30964;74.0;72.4;4.2
54;2021-10-24;9;5;1;540161;528628;30965;74.0;72.4;4.2
54;2021-10-25;222;265;863;540383;528893;31828;74.0;72.4;4.4
54;2021-10-26;158;201;1019;540541;529094;32847;74.0;72.4;4.5
54;2021-10-27;287;371;1481;540828;529465;34328;74.0;72.5;4.7
54;2021-10-28;141;195;898;540969;529660;35226;74.1;72.5;4.8
54;2021-10-29;272;419;1778;541241;530079;37004;74.1;72.6;5.1
54;2021-10-30;251;366;1075;541492;530445;38079;74.1;72.6;5.2
54;2021-10-31;5;18;14;541497;530463;38093;74.1;72.6;5.2
54;2021-11-01;87;37;113;541584;530500;38206;74.1;72.6;5.2
54;2021-11-02;200;322;980;541784;530822;39186;74.2;72.7;5.4
54;2021-11-03;329;456;1635;542113;531278;40821;74.2;72.7;5.6
54;2021-11-04;193;244;1067;542306;531522;41888;74.2;72.8;5.7
54;2021-11-05;315;438;1952;542621;531960;43840;74.3;72.8;6.0
54;2021-11-06;268;416;1171;542889;532376;45011;74.3;72.9;6.2
54;2021-11-07;10;18;72;542899;532394;45083;74.3;72.9;6.2
54;2021-11-08;197;276;1409;543096;532670;46492;74.4;72.9;6.4
54;2021-11-09;179;282;1788;543275;532952;48280;74.4;73.0;6.6
54;2021-11-10;336;379;2500;543611;533331;50780;74.4;73.0;7.0
54;2021-11-11;79;91;287;543690;533422;51067;74.4;73.0;7.0
54;2021-11-12;309;440;2593;543999;533862;53660;74.5;73.1;7.3
54;2021-11-13;210;329;1348;544209;534191;55008;74.5;73.1;7.5
54;2021-11-14;3;12;15;544212;534203;55023;74.5;73.1;7.5
54;2021-11-15;181;244;1820;544393;534447;56843;74.5;73.2;7.8
54;2021-11-16;168;221;1966;544561;534668;58809;74.6;73.2;8.1
54;2021-11-17;282;319;2594;544843;534987;61403;74.6;73.2;8.4
54;2021-11-18;150;178;2059;544993;535165;63462;74.6;73.3;8.7
54;2021-11-19;320;382;3023;545313;535547;66485;74.7;73.3;9.1
54;2021-11-20;257;350;1582;545570;535897;68067;74.7;73.4;9.3
54;2021-11-21;25;27;183;545595;535924;68250;74.7;73.4;9.3
54;2021-11-22;225;204;1768;545820;536128;70018;74.7;73.4;9.6
54;2021-11-23;187;180;2117;546007;536308;72135;74.8;73.4;9.9
54;2021-11-24;319;314;2643;546326;536622;74778;74.8;73.5;10.2
54;2021-11-25;180;169;2786;546506;536791;77564;74.8;73.5;10.6
54;2021-11-26;313;359;5189;546819;537150;82753;74.9;73.5;11.3
54;2021-11-27;280;331;3785;547099;537481;86538;74.9;73.6;11.8
54;2021-11-28;18;26;585;547117;537507;87123;74.9;73.6;11.9
54;2021-11-29;148;208;4190;547265;537715;91313;74.9;73.6;12.5
54;2021-11-30;160;183;4794;547425;537898;96107;74.9;73.6;13.2
54;2021-12-01;229;331;7649;547654;538229;103756;75.0;73.7;14.2
54;2021-12-02;174;172;6310;547828;538401;110066;75.0;73.7;15.1
54;2021-12-03;288;352;8897;548116;538753;118963;75.0;73.8;16.3
54;2021-12-04;222;311;5328;548338;539064;124291;75.1;73.8;17.0
54;2021-12-05;20;14;497;548358;539078;124788;75.1;73.8;17.1
54;2021-12-06;249;270;6872;548607;539348;131660;75.1;73.8;18.0
54;2021-12-07;206;242;7276;548813;539590;138936;75.1;73.9;19.0
54;2021-12-08;284;358;8460;549097;539948;147396;75.2;73.9;20.2
54;2021-12-09;206;247;8026;549303;540195;155422;75.2;74.0;21.3
54;2021-12-10;328;328;10154;549631;540523;165576;75.3;74.0;22.7
54;2021-12-11;259;323;6104;549890;540846;171680;75.3;74.0;23.5
54;2021-12-12;35;39;583;549925;540885;172263;75.3;74.1;23.6
54;2021-12-13;276;284;7323;550201;541169;179586;75.3;74.1;24.6
54;2021-12-14;265;295;8336;550466;541464;187922;75.4;74.1;25.7
54;2021-12-15;404;394;9778;550870;541858;197700;75.4;74.2;27.1
54;2021-12-16;236;273;8923;551106;542131;206623;75.5;74.2;28.3
54;2021-12-17;412;394;11586;551518;542525;218209;75.5;74.3;29.9
54;2021-12-18;373;343;6534;551891;542868;224743;75.6;74.3;30.8
54;2021-12-19;65;48;965;551956;542916;225708;75.6;74.3;30.9
54;2021-12-20;374;344;7933;552330;543260;233641;75.6;74.4;32.0
54;2021-12-21;329;289;8119;552659;543549;241760;75.7;74.4;33.1
54;2021-12-22;385;330;7597;553044;543879;249357;75.7;74.5;34.1
54;2021-12-23;216;168;4111;553260;544047;253468;75.7;74.5;34.7
54;2021-12-24;123;137;1449;553383;544184;254917;75.8;74.5;34.9
54;2021-12-25;18;57;302;553401;544241;255219;75.8;74.5;34.9
54;2021-12-26;21;21;485;553422;544262;255704;75.8;74.5;35.0
54;2021-12-27;300;368;5840;553722;544630;261544;75.8;74.6;35.8
54;2021-12-28;240;313;5452;553962;544943;266996;75.8;74.6;36.6
55;2020-12-27;0;0;0;0;0;0;0.0;0.0;0.0
55;2020-12-28;2;0;0;2;0;0;0.0;0.0;0.0
55;2020-12-29;1;0;0;3;0;0;0.0;0.0;0.0
55;2020-12-30;0;0;0;3;0;0;0.0;0.0;0.0
55;2020-12-31;0;0;0;3;0;0;0.0;0.0;0.0
55;2021-01-01;0;0;0;3;0;0;0.0;0.0;0.0
55;2021-01-02;0;0;0;3;0;0;0.0;0.0;0.0
55;2021-01-03;0;0;0;3;0;0;0.0;0.0;0.0
55;2021-01-04;2;0;0;5;0;0;0.0;0.0;0.0
55;2021-01-05;4;0;0;9;0;0;0.0;0.0;0.0
55;2021-01-06;7;0;0;16;0;0;0.0;0.0;0.0
55;2021-01-07;121;0;0;137;0;0;0.1;0.0;0.0
55;2021-01-08;145;0;0;282;0;0;0.2;0.0;0.0
55;2021-01-09;28;0;0;310;0;0;0.2;0.0;0.0
55;2021-01-10;1;0;0;311;0;0;0.2;0.0;0.0
55;2021-01-11;155;1;0;466;1;0;0.3;0.0;0.0
55;2021-01-12;136;0;0;602;1;0;0.3;0.0;0.0
55;2021-01-13;177;0;0;779;1;0;0.4;0.0;0.0
55;2021-01-14;642;8;0;1421;9;0;0.8;0.0;0.0
55;2021-01-15;270;0;0;1691;9;0;0.9;0.0;0.0
55;2021-01-16;67;0;0;1758;9;0;1.0;0.0;0.0
55;2021-01-17;3;0;0;1761;9;0;1.0;0.0;0.0
55;2021-01-18;461;1;0;2222;10;0;1.2;0.0;0.0
55;2021-01-19;383;4;0;2605;14;0;1.4;0.0;0.0
55;2021-01-20;452;2;0;3057;16;0;1.7;0.0;0.0
55;2021-01-21;439;2;0;3496;18;0;1.9;0.0;0.0
55;2021-01-22;388;0;0;3884;18;0;2.1;0.0;0.0
55;2021-01-23;54;0;0;3938;18;0;2.2;0.0;0.0
55;2021-01-24;1;0;0;3939;18;0;2.2;0.0;0.0
55;2021-01-25;408;0;0;4347;18;0;2.4;0.0;0.0
55;2021-01-26;439;0;0;4786;18;0;2.6;0.0;0.0
55;2021-01-27;384;1;0;5170;19;0;2.8;0.0;0.0
55;2021-01-28;477;92;0;5647;111;0;3.1;0.1;0.0
55;2021-01-29;155;76;0;5802;187;0;3.2;0.1;0.0
55;2021-01-30;99;19;0;5901;206;0;3.2;0.1;0.0
55;2021-01-31;0;0;0;5901;206;0;3.2;0.1;0.0
55;2021-02-01;139;178;0;6040;384;0;3.3;0.2;0.0
55;2021-02-02;164;157;0;6204;541;0;3.4;0.3;0.0
55;2021-02-03;61;182;0;6265;723;0;3.4;0.4;0.0
55;2021-02-04;230;418;0;6495;1141;0;3.6;0.6;0.0
55;2021-02-05;197;175;0;6692;1316;0;3.7;0.7;0.0
55;2021-02-06;60;58;0;6752;1374;0;3.7;0.8;0.0
55;2021-02-07;4;48;0;6756;1422;0;3.7;0.8;0.0
55;2021-02-08;11;46;0;6767;1468;0;3.7;0.8;0.0
55;2021-02-09;106;132;0;6873;1600;0;3.8;0.9;0.0
55;2021-02-10;81;36;0;6954;1636;0;3.8;0.9;0.0
55;2021-02-11;174;82;0;7128;1718;0;3.9;0.9;0.0
55;2021-02-12;115;47;0;7243;1765;0;4.0;1.0;0.0
55;2021-02-13;12;5;0;7255;1770;0;4.0;1.0;0.0
55;2021-02-14;5;1;0;7260;1771;0;4.0;1.0;0.0
55;2021-02-15;24;434;0;7284;2205;0;4.0;1.2;0.0
55;2021-02-16;141;421;0;7425;2626;0;4.1;1.4;0.0
55;2021-02-17;34;494;0;7459;3120;0;4.1;1.7;0.0
55;2021-02-18;33;339;0;7492;3459;0;4.1;1.9;0.0
55;2021-02-19;145;292;0;7637;3751;0;4.2;2.1;0.0
55;2021-02-20;12;6;0;7649;3757;0;4.2;2.1;0.0
55;2021-02-21;0;0;0;7649;3757;0;4.2;2.1;0.0
55;2021-02-22;61;425;0;7710;4182;0;4.2;2.3;0.0
55;2021-02-23;88;442;0;7798;4624;0;4.3;2.5;0.0
55;2021-02-24;93;382;0;7891;5006;0;4.3;2.8;0.0
55;2021-02-25;282;687;0;8173;5693;0;4.5;3.1;0.0
55;2021-02-26;351;241;0;8524;5934;0;4.7;3.3;0.0
55;2021-02-27;138;87;0;8662;6021;0;4.8;3.3;0.0
55;2021-02-28;9;6;0;8671;6027;0;4.8;3.3;0.0
55;2021-03-01;108;148;0;8779;6175;0;4.8;3.4;0.0
55;2021-03-02;173;179;0;8952;6354;0;4.9;3.5;0.0
55;2021-03-03;232;13;0;9184;6367;0;5.1;3.5;0.0
55;2021-03-04;276;52;0;9460;6419;0;5.2;3.5;0.0
55;2021-03-05;427;63;0;9887;6482;0;5.4;3.6;0.0
55;2021-03-06;310;13;0;10197;6495;0;5.6;3.6;0.0
55;2021-03-07;141;3;0;10338;6498;0;5.7;3.6;0.0
55;2021-03-08;375;53;0;10713;6551;0;5.9;3.6;0.0
55;2021-03-09;669;60;0;11382;6611;0;6.3;3.6;0.0
55;2021-03-10;440;36;0;11822;6647;0;6.5;3.7;0.0
55;2021-03-11;622;152;0;12444;6799;0;6.9;3.7;0.0
55;2021-03-12;876;107;0;13320;6906;0;7.3;3.8;0.0
55;2021-03-13;587;26;0;13907;6932;0;7.7;3.8;0.0
55;2021-03-14;51;2;0;13958;6934;0;7.7;3.8;0.0
55;2021-03-15;425;33;0;14383;6967;0;7.9;3.8;0.0
55;2021-03-16;617;117;0;15000;7084;0;8.3;3.9;0.0
55;2021-03-17;728;28;0;15728;7112;0;8.7;3.9;0.0
55;2021-03-18;391;33;0;16119;7145;0;8.9;3.9;0.0
55;2021-03-19;513;72;0;16632;7217;0;9.2;4.0;0.0
55;2021-03-20;294;16;0;16926;7233;0;9.3;4.0;0.0
55;2021-03-21;9;1;0;16935;7234;0;9.3;4.0;0.0
55;2021-03-22;517;30;0;17452;7264;0;9.6;4.0;0.0
55;2021-03-23;1036;78;0;18488;7342;0;10.2;4.0;0.0
55;2021-03-24;852;67;0;19340;7409;0;10.6;4.1;0.0
55;2021-03-25;1145;91;0;20485;7500;0;11.3;4.1;0.0
55;2021-03-26;678;61;0;21163;7561;0;11.7;4.2;0.0
55;2021-03-27;309;37;0;21472;7598;0;11.8;4.2;0.0
55;2021-03-28;2;6;0;21474;7604;0;11.8;4.2;0.0
55;2021-03-29;933;67;0;22407;7671;0;12.3;4.2;0.0
55;2021-03-30;1419;103;0;23826;7774;0;13.1;4.3;0.0
55;2021-03-31;1441;104;0;25267;7878;0;13.9;4.3;0.0
55;2021-04-01;1217;174;0;26484;8052;0;14.6;4.4;0.0
55;2021-04-02;903;102;0;27387;8154;0;15.1;4.5;0.0
55;2021-04-03;220;37;0;27607;8191;0;15.2;4.5;0.0
55;2021-04-04;15;16;0;27622;8207;0;15.2;4.5;0.0
55;2021-04-05;9;20;0;27631;8227;0;15.2;4.5;0.0
55;2021-04-06;895;319;0;28526;8546;0;15.7;4.7;0.0
55;2021-04-07;903;291;0;29429;8837;0;16.2;4.9;0.0
55;2021-04-08;1568;444;0;30997;9281;0;17.1;5.1;0.0
55;2021-04-09;1353;302;0;32350;9583;0;17.8;5.3;0.0
55;2021-04-10;270;210;0;32620;9793;0;18.0;5.4;0.0
55;2021-04-11;507;50;0;33127;9843;0;18.2;5.4;0.0
55;2021-04-12;785;370;0;33912;10213;0;18.7;5.6;0.0
55;2021-04-13;1214;564;0;35126;10777;0;19.3;5.9;0.0
55;2021-04-14;1288;779;0;36414;11556;0;20.0;6.4;0.0
55;2021-04-15;1507;491;0;37921;12047;0;20.9;6.6;0.0
55;2021-04-16;730;402;0;38651;12449;0;21.3;6.9;0.0
55;2021-04-17;713;83;0;39364;12532;0;21.7;6.9;0.0
55;2021-04-18;41;26;0;39405;12558;0;21.7;6.9;0.0
55;2021-04-19;854;427;0;40259;12985;0;22.2;7.1;0.0
55;2021-04-20;1078;802;0;41337;13787;0;22.8;7.6;0.0
55;2021-04-21;900;679;0;42237;14466;0;23.3;8.0;0.0
55;2021-04-22;1002;738;0;43239;15204;0;23.8;8.4;0.0
55;2021-04-23;1311;634;0;44550;15838;0;24.5;8.7;0.0
55;2021-04-24;365;158;0;44915;15996;0;24.7;8.8;0.0
55;2021-04-25;341;49;0;45256;16045;0;24.9;8.8;0.0
55;2021-04-26;436;793;0;45692;16838;0;25.2;9.3;0.0
55;2021-04-27;562;983;0;46254;17821;0;25.5;9.8;0.0
55;2021-04-28;870;827;0;47124;18648;0;25.9;10.3;0.0
55;2021-04-29;1068;842;0;48192;19490;0;26.5;10.7;0.0
55;2021-04-30;1243;621;0;49435;20111;0;27.2;11.1;0.0
55;2021-05-01;137;136;0;49572;20247;0;27.3;11.1;0.0
55;2021-05-02;13;6;0;49585;20253;0;27.3;11.2;0.0
55;2021-05-03;1160;628;0;50745;20881;0;27.9;11.5;0.0
55;2021-05-04;735;1081;0;51480;21962;0;28.3;12.1;0.0
55;2021-05-05;802;947;0;52282;22909;0;28.8;12.6;0.0
55;2021-05-06;1462;1085;0;53744;23994;0;29.6;13.2;0.0
55;2021-05-07;1441;568;0;55185;24562;0;30.4;13.5;0.0
55;2021-05-08;165;78;0;55350;24640;0;30.5;13.6;0.0
55;2021-05-09;133;451;0;55483;25091;0;30.5;13.8;0.0
55;2021-05-10;913;929;0;56396;26020;0;31.0;14.3;0.0
55;2021-05-11;1201;1257;0;57597;27277;0;31.7;15.0;0.0
55;2021-05-12;1108;1601;0;58705;28878;0;32.3;15.9;0.0
55;2021-05-13;288;88;0;58993;28966;0;32.5;15.9;0.0
55;2021-05-14;597;570;0;59590;29536;0;32.8;16.3;0.0
55;2021-05-15;417;500;0;60007;30036;0;33.0;16.5;0.0
55;2021-05-16;83;17;0;60090;30053;0;33.1;16.5;0.0
55;2021-05-17;1116;774;0;61206;30827;0;33.7;17.0;0.0
55;2021-05-18;1631;837;0;62837;31664;0;34.6;17.4;0.0
55;2021-05-19;1791;732;0;64628;32396;0;35.6;17.8;0.0
55;2021-05-20;2296;693;0;66924;33089;0;36.8;18.2;0.0
55;2021-05-21;1980;795;0;68904;33884;0;37.9;18.7;0.0
55;2021-05-22;325;198;0;69229;34082;0;38.1;18.8;0.0
55;2021-05-23;58;99;0;69287;34181;0;38.1;18.8;0.0
55;2021-05-24;96;8;0;69383;34189;0;38.2;18.8;0.0
55;2021-05-25;1330;627;0;70713;34816;0;38.9;19.2;0.0
55;2021-05-26;1572;965;0;72285;35781;0;39.8;19.7;0.0
55;2021-05-27;1377;968;0;73662;36749;0;40.6;20.2;0.0
55;2021-05-28;1534;920;0;75196;37669;0;41.4;20.7;0.0
55;2021-05-29;1222;662;0;76418;38331;0;42.1;21.1;0.0
55;2021-05-30;27;197;0;76445;38528;0;42.1;21.2;0.0
55;2021-05-31;1002;1038;0;77447;39566;0;42.6;21.8;0.0
55;2021-06-01;891;890;0;78338;40456;0;43.1;22.3;0.0
55;2021-06-02;1136;955;0;79474;41411;0;43.8;22.8;0.0
55;2021-06-03;823;587;0;80297;41998;0;44.2;23.1;0.0
55;2021-06-04;1382;1074;0;81679;43072;0;45.0;23.7;0.0
55;2021-06-05;1242;303;0;82921;43375;0;45.7;23.9;0.0
55;2021-06-06;15;6;0;82936;43381;0;45.7;23.9;0.0
55;2021-06-07;833;703;0;83769;44084;0;46.1;24.3;0.0
55;2021-06-08;803;1043;0;84572;45127;0;46.6;24.8;0.0
55;2021-06-09;944;816;0;85516;45943;0;47.1;25.3;0.0
55;2021-06-10;551;373;0;86067;46316;0;47.4;25.5;0.0
55;2021-06-11;634;1267;0;86701;47583;0;47.7;26.2;0.0
55;2021-06-12;772;534;0;87473;48117;0;48.2;26.5;0.0
55;2021-06-13;261;42;0;87734;48159;0;48.3;26.5;0.0
55;2021-06-14;434;1318;0;88168;49477;0;48.5;27.2;0.0
55;2021-06-15;613;1328;0;88781;50805;0;48.9;28.0;0.0
55;2021-06-16;787;970;0;89568;51775;0;49.3;28.5;0.0
55;2021-06-17;492;960;0;90060;52735;0;49.6;29.0;0.0
55;2021-06-18;697;1559;0;90757;54294;0;50.0;29.9;0.0
55;2021-06-19;651;504;0;91408;54798;0;50.3;30.2;0.0
55;2021-06-20;18;40;0;91426;54838;0;50.3;30.2;0.0
55;2021-06-21;474;1163;0;91900;56001;0;50.6;30.8;0.0
55;2021-06-22;411;1168;0;92311;57169;0;50.8;31.5;0.0
55;2021-06-23;685;1281;0;92996;58450;0;51.2;32.2;0.0
55;2021-06-24;250;590;0;93246;59040;0;51.3;32.5;0.0
55;2021-06-25;693;1393;0;93939;60433;0;51.7;33.3;0.0
55;2021-06-26;492;479;0;94431;60912;0;52.0;33.5;0.0
55;2021-06-27;7;50;0;94438;60962;0;52.0;33.6;0.0
55;2021-06-28;203;1460;0;94641;62422;0;52.1;34.4;0.0
55;2021-06-29;256;1377;0;94897;63799;0;52.2;35.1;0.0
55;2021-06-30;326;2003;0;95223;65802;0;52.4;36.2;0.0
55;2021-07-01;447;2034;0;95670;67836;0;52.7;37.3;0.0
55;2021-07-02;455;1804;0;96125;69640;0;52.9;38.3;0.0
55;2021-07-03;211;362;0;96336;70002;0;53.0;38.5;0.0
55;2021-07-04;38;56;0;96374;70058;0;53.1;38.6;0.0
55;2021-07-05;256;1552;0;96630;71610;0;53.2;39.4;0.0
55;2021-07-06;377;1043;0;97007;72653;0;53.4;40.0;0.0
55;2021-07-07;419;1832;0;97426;74485;0;53.6;41.0;0.0
55;2021-07-08;631;1633;0;98057;76118;0;54.0;41.9;0.0
55;2021-07-09;551;1585;0;98608;77703;0;54.3;42.8;0.0
55;2021-07-10;399;1066;0;99007;78769;0;54.5;43.4;0.0
55;2021-07-11;6;25;0;99013;78794;0;54.5;43.4;0.0
55;2021-07-12;634;1242;0;99647;80036;0;54.9;44.1;0.0
55;2021-07-13;718;1508;0;100365;81544;0;55.3;44.9;0.0
55;2021-07-14;91;75;0;100456;81619;0;55.3;44.9;0.0
55;2021-07-15;866;1704;0;101322;83323;0;55.8;45.9;0.0
55;2021-07-16;1263;1816;0;102585;85139;0;56.5;46.9;0.0
55;2021-07-17;1315;920;0;103900;86059;0;57.2;47.4;0.0
55;2021-07-18;39;36;0;103939;86095;0;57.2;47.4;0.0
55;2021-07-19;653;926;0;104592;87021;0;57.6;47.9;0.0
55;2021-07-20;1065;1150;0;105657;88171;0;58.2;48.5;0.0
55;2021-07-21;1478;1408;0;107135;89579;0;59.0;49.3;0.0
55;2021-07-22;1287;773;0;108422;90352;0;59.7;49.7;0.0
55;2021-07-23;1263;1495;0;109685;91847;0;60.4;50.6;0.0
55;2021-07-24;860;829;0;110545;92676;0;60.9;51.0;0.0
55;2021-07-25;131;233;0;110676;92909;0;60.9;51.1;0.0
55;2021-07-26;761;587;0;111437;93496;0;61.4;51.5;0.0
55;2021-07-27;1260;618;0;112697;94114;0;62.0;51.8;0.0
55;2021-07-28;1230;1153;0;113927;95267;0;62.7;52.4;0.0
55;2021-07-29;920;596;0;114847;95863;0;63.2;52.8;0.0
55;2021-07-30;1420;1091;0;116267;96954;0;64.0;53.4;0.0
55;2021-07-31;873;707;0;117140;97661;0;64.5;53.8;0.0
55;2021-08-01;57;16;0;117197;97677;0;64.5;53.8;0.0
55;2021-08-02;757;535;0;117954;98212;0;64.9;54.1;0.0
55;2021-08-03;833;528;0;118787;98740;0;65.4;54.4;0.0
55;2021-08-04;1403;953;0;120190;99693;0;66.2;54.9;0.0
55;2021-08-05;1179;403;0;121369;100096;0;66.8;55.1;0.0
55;2021-08-06;1043;1162;0;122412;101258;0;67.4;55.7;0.0
55;2021-08-07;696;445;0;123108;101703;0;67.8;56.0;0.0
55;2021-08-08;63;16;0;123171;101719;0;67.8;56.0;0.0
55;2021-08-09;500;464;0;123671;102183;0;68.1;56.3;0.0
55;2021-08-10;536;836;0;124207;103019;0;68.4;56.7;0.0
55;2021-08-11;726;726;0;124933;103745;0;68.8;57.1;0.0
55;2021-08-12;500;623;0;125433;104368;0;69.1;57.5;0.0
55;2021-08-13;553;1210;0;125986;105578;0;69.4;58.1;0.0
55;2021-08-14;254;344;0;126240;105922;0;69.5;58.3;0.0
55;2021-08-15;39;26;0;126279;105948;0;69.5;58.3;0.0
55;2021-08-16;326;815;0;126605;106763;0;69.7;58.8;0.0
55;2021-08-17;355;450;0;126960;107213;0;69.9;59.0;0.0
55;2021-08-18;569;1321;0;127529;108534;0;70.2;59.8;0.0
55;2021-08-19;528;1039;0;128057;109573;0;70.5;60.3;0.0
55;2021-08-20;618;1169;0;128675;110742;0;70.8;61.0;0.0
55;2021-08-21;344;803;0;129019;111545;0;71.0;61.4;0.0
55;2021-08-22;18;41;0;129037;111586;0;71.0;61.4;0.0
55;2021-08-23;332;728;0;129369;112314;0;71.2;61.8;0.0
55;2021-08-24;335;890;0;129704;113204;0;71.4;62.3;0.0
55;2021-08-25;705;1253;0;130409;114457;0;71.8;63.0;0.0
55;2021-08-26;450;1335;0;130859;115792;0;72.0;63.7;0.0
55;2021-08-27;352;1476;0;131211;117268;0;72.2;64.6;0.0
55;2021-08-28;374;739;0;131585;118007;0;72.4;65.0;0.0
55;2021-08-29;191;57;0;131776;118064;0;72.5;65.0;0.0
55;2021-08-30;142;798;9;131918;118862;9;72.6;65.4;0.0
55;2021-08-31;306;941;24;132224;119803;33;72.8;66.0;0.0
55;2021-09-01;546;1339;62;132770;121142;95;73.1;66.7;0.1
55;2021-09-02;246;999;82;133016;122141;177;73.2;67.2;0.1
55;2021-09-03;399;1144;208;133415;123285;385;73.4;67.9;0.2
55;2021-09-04;299;721;22;133714;124006;407;73.6;68.3;0.2
55;2021-09-05;17;89;1;133731;124095;408;73.6;68.3;0.2
55;2021-09-06;78;223;9;133809;124318;417;73.7;68.4;0.2
55;2021-09-07;265;470;188;134074;124788;605;73.8;68.7;0.3
55;2021-09-08;224;378;64;134298;125166;669;73.9;68.9;0.4
55;2021-09-09;218;622;70;134516;125788;739;74.1;69.3;0.4
55;2021-09-10;209;543;139;134725;126331;878;74.2;69.5;0.5
55;2021-09-11;134;399;42;134859;126730;920;74.2;69.8;0.5
55;2021-09-12;3;10;0;134862;126740;920;74.2;69.8;0.5
55;2021-09-13;119;355;123;134981;127095;1043;74.3;70.0;0.6
55;2021-09-14;293;225;126;135274;127320;1169;74.5;70.1;0.6
55;2021-09-15;285;703;228;135559;128023;1397;74.6;70.5;0.8
55;2021-09-16;116;222;117;135675;128245;1514;74.7;70.6;0.8
55;2021-09-17;118;195;127;135793;128440;1641;74.8;70.7;0.9
55;2021-09-18;144;428;79;135937;128868;1720;74.8;70.9;0.9
55;2021-09-19;4;12;3;135941;128880;1723;74.8;71.0;0.9
55;2021-09-20;73;166;34;136014;129046;1757;74.9;71.0;1.0
55;2021-09-21;119;283;243;136133;129329;2000;74.9;71.2;1.1
55;2021-09-22;122;378;102;136255;129707;2102;75.0;71.4;1.2
55;2021-09-23;101;373;276;136356;130080;2378;75.1;71.6;1.3
55;2021-09-24;100;340;202;136456;130420;2580;75.1;71.8;1.4
55;2021-09-25;67;201;54;136523;130621;2634;75.2;71.9;1.5
55;2021-09-26;1;1;0;136524;130622;2634;75.2;71.9;1.5
55;2021-09-27;51;136;132;136575;130758;2766;75.2;72.0;1.5
55;2021-09-28;65;95;105;136640;130853;2871;75.2;72.0;1.6
55;2021-09-29;154;792;199;136794;131645;3070;75.3;72.5;1.7
55;2021-09-30;71;312;183;136865;131957;3253;75.3;72.6;1.8
55;2021-10-01;74;222;156;136939;132179;3409;75.4;72.8;1.9
55;2021-10-02;118;389;82;137057;132568;3491;75.5;73.0;1.9
55;2021-10-03;3;3;0;137060;132571;3491;75.5;73.0;1.9
55;2021-10-04;111;255;255;137171;132826;3746;75.5;73.1;2.1
55;2021-10-05;75;194;186;137246;133020;3932;75.6;73.2;2.2
55;2021-10-06;106;329;175;137352;133349;4107;75.6;73.4;2.3
55;2021-10-07;67;93;184;137419;133442;4291;75.7;73.5;2.4
55;2021-10-08;80;145;127;137499;133587;4418;75.7;73.5;2.4
55;2021-10-09;88;226;118;137587;133813;4536;75.7;73.7;2.5
55;2021-10-10;18;161;20;137605;133974;4556;75.8;73.8;2.5
55;2021-10-11;73;115;134;137678;134089;4690;75.8;73.8;2.6
55;2021-10-12;89;322;257;137767;134411;4947;75.8;74.0;2.7
55;2021-10-13;111;137;281;137878;134548;5228;75.9;74.1;2.9
55;2021-10-14;38;76;118;137916;134624;5346;75.9;74.1;2.9
55;2021-10-15;72;141;150;137988;134765;5496;76.0;74.2;3.0
55;2021-10-16;63;94;95;138051;134859;5591;76.0;74.2;3.1
55;2021-10-17;10;18;11;138061;134877;5602;76.0;74.3;3.1
55;2021-10-18;73;102;277;138134;134979;5879;76.0;74.3;3.2
55;2021-10-19;48;70;197;138182;135049;6076;76.1;74.3;3.3
55;2021-10-20;53;144;307;138235;135193;6383;76.1;74.4;3.5
55;2021-10-21;41;123;200;138276;135316;6583;76.1;74.5;3.6
55;2021-10-22;58;74;187;138334;135390;6770;76.2;74.5;3.7
55;2021-10-23;89;180;333;138423;135570;7103;76.2;74.6;3.9
55;2021-10-24;1;4;5;138424;135574;7108;76.2;74.6;3.9
55;2021-10-25;82;107;337;138506;135681;7445;76.3;74.7;4.1
55;2021-10-26;39;47;172;138545;135728;7617;76.3;74.7;4.2
55;2021-10-27;74;138;293;138619;135866;7910;76.3;74.8;4.4
55;2021-10-28;43;33;222;138662;135899;8132;76.3;74.8;4.5
55;2021-10-29;67;79;313;138729;135978;8445;76.4;74.9;4.6
55;2021-10-30;18;52;84;138747;136030;8529;76.4;74.9;4.7
55;2021-10-31;0;3;2;138747;136033;8531;76.4;74.9;4.7
55;2021-11-01;9;4;1;138756;136037;8532;76.4;74.9;4.7
55;2021-11-02;28;35;108;138784;136072;8640;76.4;74.9;4.8
55;2021-11-03;42;80;287;138826;136152;8927;76.4;75.0;4.9
55;2021-11-04;110;109;865;138936;136261;9792;76.5;75.0;5.4
55;2021-11-05;19;75;207;138955;136336;9999;76.5;75.1;5.5
55;2021-11-06;85;111;422;139040;136447;10421;76.5;75.1;5.7
55;2021-11-07;5;6;31;139045;136453;10452;76.5;75.1;5.8
55;2021-11-08;70;114;620;139115;136567;11072;76.6;75.2;6.1
55;2021-11-09;29;62;455;139144;136629;11527;76.6;75.2;6.3
55;2021-11-10;61;83;774;139205;136712;12301;76.6;75.3;6.8
55;2021-11-11;2;1;24;139207;136713;12325;76.6;75.3;6.8
55;2021-11-12;42;65;403;139249;136778;12728;76.7;75.3;7.0
55;2021-11-13;36;40;136;139285;136818;12864;76.7;75.3;7.1
55;2021-11-14;4;1;16;139289;136819;12880;76.7;75.3;7.1
55;2021-11-15;58;121;866;139347;136940;13746;76.7;75.4;7.6
55;2021-11-16;35;57;515;139382;136997;14261;76.7;75.4;7.9
55;2021-11-17;77;65;782;139459;137062;15043;76.8;75.5;8.3
55;2021-11-18;51;77;565;139510;137139;15608;76.8;75.5;8.6
55;2021-11-19;58;70;615;139568;137209;16223;76.8;75.5;8.9
55;2021-11-20;66;79;638;139634;137288;16861;76.9;75.6;9.3
55;2021-11-21;3;0;3;139637;137288;16864;76.9;75.6;9.3
55;2021-11-22;46;41;959;139683;137329;17823;76.9;75.6;9.8
55;2021-11-23;57;41;941;139740;137370;18764;76.9;75.6;10.3
55;2021-11-24;60;66;905;139800;137436;19669;77.0;75.7;10.8
55;2021-11-25;48;47;566;139848;137483;20235;77.0;75.7;11.1
55;2021-11-26;88;70;1277;139936;137553;21512;77.0;75.7;11.8
55;2021-11-27;61;66;828;139997;137619;22340;77.1;75.8;12.3
55;2021-11-28;4;7;87;140001;137626;22427;77.1;75.8;12.3
55;2021-11-29;59;117;1106;140060;137743;23533;77.1;75.8;13.0
55;2021-11-30;51;35;1010;140111;137778;24543;77.1;75.9;13.5
55;2021-12-01;53;109;1533;140164;137887;26076;77.2;75.9;14.4
55;2021-12-02;51;30;2033;140215;137917;28109;77.2;75.9;15.5
55;2021-12-03;89;67;1928;140304;137984;30037;77.2;76.0;16.5
55;2021-12-04;74;54;827;140378;138038;30864;77.3;76.0;17.0
55;2021-12-05;8;5;301;140386;138043;31165;77.3;76.0;17.2
55;2021-12-06;39;74;1839;140425;138117;33004;77.3;76.0;18.2
55;2021-12-07;46;37;1528;140471;138154;34532;77.3;76.1;19.0
55;2021-12-08;98;62;2203;140569;138216;36735;77.4;76.1;20.2
55;2021-12-09;66;31;1759;140635;138247;38494;77.4;76.1;21.2
55;2021-12-10;69;59;2131;140704;138306;40625;77.5;76.1;22.4
55;2021-12-11;72;96;2316;140776;138402;42941;77.5;76.2;23.6
55;2021-12-12;8;4;94;140784;138406;43035;77.5;76.2;23.7
55;2021-12-13;53;48;1375;140837;138454;44410;77.5;76.2;24.4
55;2021-12-14;68;63;2391;140905;138517;46801;77.6;76.3;25.8
55;2021-12-15;74;64;1807;140979;138581;48608;77.6;76.3;26.8
55;2021-12-16;68;70;3034;141047;138651;51642;77.7;76.3;28.4
55;2021-12-17;87;109;3112;141134;138760;54754;77.7;76.4;30.1
55;2021-12-18;100;79;1857;141234;138839;56611;77.8;76.4;31.2
55;2021-12-19;25;13;452;141259;138852;57063;77.8;76.4;31.4
55;2021-12-20;73;83;2100;141332;138935;59163;77.8;76.5;32.6
55;2021-12-21;76;81;2493;141408;139016;61656;77.9;76.5;33.9
55;2021-12-22;98;86;1889;141506;139102;63545;77.9;76.6;35.0
55;2021-12-23;66;69;1746;141572;139171;65291;77.9;76.6;35.9
55;2021-12-24;18;19;145;141590;139190;65436;78.0;76.6;36.0
55;2021-12-25;1;0;22;141591;139190;65458;78.0;76.6;36.0
55;2021-12-26;1;0;24;141592;139190;65482;78.0;76.6;36.1
55;2021-12-27;64;49;1030;141656;139239;66512;78.0;76.7;36.6
55;2021-12-28;127;55;1537;141783;139294;68049;78.1;76.7;37.5
56;2020-12-27;0;0;0;0;0;0;0.0;0.0;0.0
56;2020-12-28;2;0;0;2;0;0;0.0;0.0;0.0
56;2020-12-29;0;0;0;2;0;0;0.0;0.0;0.0
56;2020-12-30;0;0;0;2;0;0;0.0;0.0;0.0
56;2020-12-31;1;0;0;3;0;0;0.0;0.0;0.0
56;2021-01-01;1;0;0;4;0;0;0.0;0.0;0.0
56;2021-01-02;1;0;0;5;0;0;0.0;0.0;0.0
56;2021-01-03;0;0;0;5;0;0;0.0;0.0;0.0
56;2021-01-04;1;0;0;6;0;0;0.0;0.0;0.0
56;2021-01-05;3;0;0;9;0;0;0.0;0.0;0.0
56;2021-01-06;10;0;0;19;0;0;0.0;0.0;0.0
56;2021-01-07;185;0;0;204;0;0;0.0;0.0;0.0
56;2021-01-08;149;1;0;353;1;0;0.0;0.0;0.0
56;2021-01-09;2;0;0;355;1;0;0.0;0.0;0.0
56;2021-01-10;3;0;0;358;1;0;0.0;0.0;0.0
56;2021-01-11;255;0;0;613;1;0;0.1;0.0;0.0
56;2021-01-12;738;15;0;1351;16;0;0.2;0.0;0.0
56;2021-01-13;656;1;0;2007;17;0;0.3;0.0;0.0
56;2021-01-14;961;19;0;2968;36;0;0.4;0.0;0.0
56;2021-01-15;810;6;0;3778;42;0;0.5;0.0;0.0
56;2021-01-16;231;4;0;4009;46;0;0.5;0.0;0.0
56;2021-01-17;28;0;0;4037;46;0;0.5;0.0;0.0
56;2021-01-18;955;2;0;4992;48;0;0.7;0.0;0.0
56;2021-01-19;861;23;0;5853;71;0;0.8;0.0;0.0
56;2021-01-20;905;1;0;6758;72;0;0.9;0.0;0.0
56;2021-01-21;1450;19;0;8208;91;0;1.1;0.0;0.0
56;2021-01-22;1227;4;0;9435;95;0;1.2;0.0;0.0
56;2021-01-23;306;4;0;9741;99;0;1.3;0.0;0.0
56;2021-01-24;7;1;0;9748;100;0;1.3;0.0;0.0
56;2021-01-25;795;5;0;10543;105;0;1.4;0.0;0.0
56;2021-01-26;1001;8;0;11544;113;0;1.5;0.0;0.0
56;2021-01-27;1037;65;0;12581;178;0;1.7;0.0;0.0
56;2021-01-28;1033;110;0;13614;288;0;1.8;0.0;0.0
56;2021-01-29;853;111;0;14467;399;0;1.9;0.1;0.0
56;2021-01-30;145;18;0;14612;417;0;1.9;0.1;0.0
56;2021-01-31;5;3;0;14617;420;0;1.9;0.1;0.0
56;2021-02-01;480;149;0;15097;569;0;2.0;0.1;0.0
56;2021-02-02;844;237;0;15941;806;0;2.1;0.1;0.0
56;2021-02-03;901;250;0;16842;1056;0;2.2;0.1;0.0
56;2021-02-04;4358;378;0;21200;1434;0;2.8;0.2;0.0
56;2021-02-05;3388;465;0;24588;1899;0;3.3;0.3;0.0
56;2021-02-06;524;172;0;25112;2071;0;3.3;0.3;0.0
56;2021-02-07;125;23;0;25237;2094;0;3.3;0.3;0.0
56;2021-02-08;303;308;0;25540;2402;0;3.4;0.3;0.0
56;2021-02-09;772;476;0;26312;2878;0;3.5;0.4;0.0
56;2021-02-10;853;743;0;27165;3621;0;3.6;0.5;0.0
56;2021-02-11;987;1107;0;28152;4728;0;3.7;0.6;0.0
56;2021-02-12;1119;643;0;29271;5371;0;3.9;0.7;0.0
56;2021-02-13;216;125;0;29487;5496;0;3.9;0.7;0.0
56;2021-02-14;6;44;0;29493;5540;0;3.9;0.7;0.0
56;2021-02-15;617;1013;0;30110;6553;0;4.0;0.9;0.0
56;2021-02-16;1189;684;0;31299;7237;0;4.1;1.0;0.0
56;2021-02-17;1137;914;0;32436;8151;0;4.3;1.1;0.0
56;2021-02-18;1368;923;0;33804;9074;0;4.5;1.2;0.0
56;2021-02-19;1392;924;0;35196;9998;0;4.7;1.3;0.0
56;2021-02-20;358;262;0;35554;10260;0;4.7;1.4;0.0
56;2021-02-21;2;2;0;35556;10262;0;4.7;1.4;0.0
56;2021-02-22;395;685;0;35951;10947;0;4.8;1.4;0.0
56;2021-02-23;699;864;0;36650;11811;0;4.9;1.6;0.0
56;2021-02-24;933;1093;0;37583;12904;0;5.0;1.7;0.0
56;2021-02-25;2088;4022;0;39671;16926;0;5.3;2.2;0.0
56;2021-02-26;2293;2101;0;41964;19027;0;5.6;2.5;0.0
56;2021-02-27;732;454;0;42696;19481;0;5.7;2.6;0.0
56;2021-02-28;17;111;0;42713;19592;0;5.7;2.6;0.0
56;2021-03-01;723;552;0;43436;20144;0;5.7;2.7;0.0
56;2021-03-02;1012;788;0;44448;20932;0;5.9;2.8;0.0
56;2021-03-03;1163;898;0;45611;21830;0;6.0;2.9;0.0
56;2021-03-04;1980;1002;0;47591;22832;0;6.3;3.0;0.0
56;2021-03-05;2571;1414;0;50162;24246;0;6.6;3.2;0.0
56;2021-03-06;1216;221;0;51378;24467;0;6.8;3.2;0.0
56;2021-03-07;283;27;0;51661;24494;0;6.8;3.2;0.0
56;2021-03-08;1152;418;0;52813;24912;0;7.0;3.3;0.0
56;2021-03-09;2052;644;0;54865;25556;0;7.3;3.4;0.0
56;2021-03-10;1994;922;0;56859;26478;0;7.5;3.5;0.0
56;2021-03-11;3261;769;0;60120;27247;0;8.0;3.6;0.0
56;2021-03-12;4193;807;0;64313;28054;0;8.5;3.7;0.0
56;2021-03-13;1908;162;0;66221;28216;0;8.8;3.7;0.0
56;2021-03-14;182;6;0;66403;28222;0;8.8;3.7;0.0
56;2021-03-15;1374;541;0;67777;28763;0;9.0;3.8;0.0
56;2021-03-16;1085;1049;0;68862;29812;0;9.1;3.9;0.0
56;2021-03-17;1338;784;0;70200;30596;0;9.3;4.0;0.0
56;2021-03-18;1980;1798;0;72180;32394;0;9.6;4.3;0.0
56;2021-03-19;2927;1382;0;75107;33776;0;9.9;4.5;0.0
56;2021-03-20;1460;198;0;76567;33974;0;10.1;4.5;0.0
56;2021-03-21;186;21;0;76753;33995;0;10.2;4.5;0.0
56;2021-03-22;1597;385;0;78350;34380;0;10.4;4.6;0.0
56;2021-03-23;2772;699;0;81122;35079;0;10.7;4.6;0.0
56;2021-03-24;3389;554;0;84511;35633;0;11.2;4.7;0.0
56;2021-03-25;4211;745;0;88722;36378;0;11.7;4.8;0.0
56;2021-03-26;5083;803;0;93805;37181;0;12.4;4.9;0.0
56;2021-03-27;1488;286;0;95293;37467;0;12.6;5.0;0.0
56;2021-03-28;216;11;0;95509;37478;0;12.6;5.0;0.0
56;2021-03-29;2200;557;0;97709;38035;0;12.9;5.0;0.0
56;2021-03-30;3441;828;0;101150;38863;0;13.4;5.1;0.0
56;2021-03-31;3067;739;0;104217;39602;0;13.8;5.2;0.0
56;2021-04-01;4158;846;0;108375;40448;0;14.3;5.4;0.0
56;2021-04-02;3921;1019;0;112296;41467;0;14.9;5.5;0.0
56;2021-04-03;1153;277;0;113449;41744;0;15.0;5.5;0.0
56;2021-04-04;225;10;0;113674;41754;0;15.0;5.5;0.0
56;2021-04-05;214;13;0;113888;41767;0;15.1;5.5;0.0
56;2021-04-06;2720;1224;0;116608;42991;0;15.4;5.7;0.0
56;2021-04-07;3924;1172;0;120532;44163;0;16.0;5.8;0.0
56;2021-04-08;5278;1197;0;125810;45360;0;16.7;6.0;0.0
56;2021-04-09;7149;1260;0;132959;46620;0;17.6;6.2;0.0
56;2021-04-10;2457;397;0;135416;47017;0;17.9;6.2;0.0
56;2021-04-11;189;104;0;135605;47121;0;17.9;6.2;0.0
56;2021-04-12;3765;870;0;139370;47991;0;18.4;6.4;0.0
56;2021-04-13;5706;1247;0;145076;49238;0;19.2;6.5;0.0
56;2021-04-14;4995;1439;0;150071;50677;0;19.9;6.7;0.0
56;2021-04-15;6833;1732;0;156904;52409;0;20.8;6.9;0.0
56;2021-04-16;7678;1954;0;164582;54363;0;21.8;7.2;0.0
56;2021-04-17;2958;625;0;167540;54988;0;22.2;7.3;0.0
56;2021-04-18;508;105;0;168048;55093;0;22.2;7.3;0.0
56;2021-04-19;3596;1244;0;171644;56337;0;22.7;7.5;0.0
56;2021-04-20;3954;1917;0;175598;58254;0;23.2;7.7;0.0
56;2021-04-21;3930;2322;0;179528;60576;0;23.8;8.0;0.0
56;2021-04-22;5048;1937;0;184576;62513;0;24.4;8.3;0.0
56;2021-04-23;5105;2491;0;189681;65004;0;25.1;8.6;0.0
56;2021-04-24;2806;633;0;192487;65637;0;25.5;8.7;0.0
56;2021-04-25;460;144;0;192947;65781;0;25.5;8.7;0.0
56;2021-04-26;4432;1660;0;197379;67441;0;26.1;8.9;0.0
56;2021-04-27;4895;2478;0;202274;69919;0;26.8;9.3;0.0
56;2021-04-28;4763;2213;0;207037;72132;0;27.4;9.5;0.0
56;2021-04-29;5688;2955;0;212725;75087;0;28.2;9.9;0.0
56;2021-04-30;6088;2705;0;218813;77792;0;29.0;10.3;0.0
56;2021-05-01;2301;339;0;221114;78131;0;29.3;10.3;0.0
56;2021-05-02;257;250;0;221371;78381;0;29.3;10.4;0.0
56;2021-05-03;3709;2009;0;225080;80390;0;29.8;10.6;0.0
56;2021-05-04;4235;3741;0;229315;84131;0;30.4;11.1;0.0
56;2021-05-05;3444;3787;0;232759;87918;0;30.8;11.6;0.0
56;2021-05-06;4316;5299;0;237075;93217;0;31.4;12.3;0.0
56;2021-05-07;4211;4875;0;241286;98092;0;31.9;13.0;0.0
56;2021-05-08;1564;307;0;242850;98399;0;32.1;13.0;0.0
56;2021-05-09;523;229;0;243373;98628;0;32.2;13.1;0.0
56;2021-05-10;3596;3796;0;246969;102424;0;32.7;13.6;0.0
56;2021-05-11;4096;4903;0;251065;107327;0;33.2;14.2;0.0
56;2021-05-12;4205;4548;0;255270;111875;0;33.8;14.8;0.0
56;2021-05-13;2412;962;0;257682;112837;0;34.1;14.9;0.0
56;2021-05-14;4141;4194;0;261823;117031;0;34.7;15.5;0.0
56;2021-05-15;2472;1747;0;264295;118778;0;35.0;15.7;0.0
56;2021-05-16;308;466;0;264603;119244;0;35.0;15.8;0.0
56;2021-05-17;2644;3584;0;267247;122828;0;35.4;16.3;0.0
56;2021-05-18;3673;3980;0;270920;126808;0;35.9;16.8;0.0
56;2021-05-19;3717;3265;0;274637;130073;0;36.3;17.2;0.0
56;2021-05-20;4133;4710;0;278770;134783;0;36.9;17.8;0.0
56;2021-05-21;4005;4977;0;282775;139760;0;37.4;18.5;0.0
56;2021-05-22;1720;2077;0;284495;141837;0;37.7;18.8;0.0
56;2021-05-23;340;184;0;284835;142021;0;37.7;18.8;0.0
56;2021-05-24;2325;495;0;287160;142516;0;38.0;18.9;0.0
56;2021-05-25;3370;4304;0;290530;146820;0;38.5;19.4;0.0
56;2021-05-26;3928;3849;0;294458;150669;0;39.0;19.9;0.0
56;2021-05-27;4605;4780;0;299063;155449;0;39.6;20.6;0.0
56;2021-05-28;4763;5760;0;303826;161209;0;40.2;21.3;0.0
56;2021-05-29;1939;1608;0;305765;162817;0;40.5;21.5;0.0
56;2021-05-30;360;74;0;306125;162891;0;40.5;21.6;0.0
56;2021-05-31;4633;3083;0;310758;165974;0;41.1;22.0;0.0
56;2021-06-01;5703;3367;0;316461;169341;0;41.9;22.4;0.0
56;2021-06-02;5740;2934;0;322201;172275;0;42.6;22.8;0.0
56;2021-06-03;6260;3304;0;328461;175579;0;43.5;23.2;0.0
56;2021-06-04;5877;4353;0;334338;179932;0;44.3;23.8;0.0
56;2021-06-05;4282;2347;0;338620;182279;0;44.8;24.1;0.0
56;2021-06-06;730;621;0;339350;182900;0;44.9;24.2;0.0
56;2021-06-07;5043;3229;0;344393;186129;0;45.6;24.6;0.0
56;2021-06-08;6029;3406;0;350422;189535;0;46.4;25.1;0.0
56;2021-06-09;6316;2844;0;356738;192379;0;47.2;25.5;0.0
56;2021-06-10;7370;2986;0;364108;195365;0;48.2;25.9;0.0
56;2021-06-11;6752;3886;0;370860;199251;0;49.1;26.4;0.0
56;2021-06-12;4999;1986;0;375859;201237;0;49.7;26.6;0.0
56;2021-06-13;2049;400;0;377908;201637;0;50.0;26.7;0.0
56;2021-06-14;3402;4558;1;381310;206195;1;50.5;27.3;0.0
56;2021-06-15;4319;4796;0;385629;210991;1;51.0;27.9;0.0
56;2021-06-16;4663;4353;0;390292;215344;1;51.7;28.5;0.0
56;2021-06-17;4446;4648;0;394738;219992;1;52.2;29.1;0.0
56;2021-06-18;4636;5809;0;399374;225801;1;52.9;29.9;0.0
56;2021-06-19;3755;2076;0;403129;227877;1;53.4;30.2;0.0
56;2021-06-20;1646;356;0;404775;228233;1;53.6;30.2;0.0
56;2021-06-21;3355;4482;0;408130;232715;1;54.0;30.8;0.0
56;2021-06-22;3587;5434;0;411717;238149;1;54.5;31.5;0.0
56;2021-06-23;3889;5047;0;415606;243196;1;55.0;32.2;0.0
56;2021-06-24;3615;5253;0;419221;248449;1;55.5;32.9;0.0
56;2021-06-25;3974;6149;0;423195;254598;1;56.0;33.7;0.0
56;2021-06-26;3139;2917;0;426334;257515;1;56.4;34.1;0.0
56;2021-06-27;505;255;0;426839;257770;1;56.5;34.1;0.0
56;2021-06-28;1664;4141;0;428503;261911;1;56.7;34.7;0.0
56;2021-06-29;2456;5803;0;430959;267714;1;57.0;35.4;0.0
56;2021-06-30;2584;5676;0;433543;273390;1;57.4;36.2;0.0
56;2021-07-01;2887;5085;2;436430;278475;3;57.8;36.9;0.0
56;2021-07-02;2699;6227;0;439129;284702;3;58.1;37.7;0.0
56;2021-07-03;2206;2687;0;441335;287389;3;58.4;38.0;0.0
56;2021-07-04;878;825;0;442213;288214;3;58.5;38.1;0.0
56;2021-07-05;1807;5566;0;444020;293780;3;58.8;38.9;0.0
56;2021-07-06;2160;5986;0;446180;299766;3;59.1;39.7;0.0
56;2021-07-07;2730;5678;0;448910;305444;3;59.4;40.4;0.0
56;2021-07-08;3016;6041;1;451926;311485;4;59.8;41.2;0.0
56;2021-07-09;2144;7096;0;454070;318581;4;60.1;42.2;0.0
56;2021-07-10;1199;3046;0;455269;321627;4;60.3;42.6;0.0
56;2021-07-11;380;475;0;455649;322102;4;60.3;42.6;0.0
56;2021-07-12;2037;6811;1;457686;328913;5;60.6;43.5;0.0
56;2021-07-13;2962;7521;0;460648;336434;5;61.0;44.5;0.0
56;2021-07-14;1674;2575;0;462322;339009;5;61.2;44.9;0.0
56;2021-07-15;3537;7002;0;465859;346011;5;61.7;45.8;0.0
56;2021-07-16;3808;7950;0;469667;353961;5;62.2;46.8;0.0
56;2021-07-17;2125;3595;0;471792;357556;5;62.4;47.3;0.0
56;2021-07-18;280;646;0;472072;358202;5;62.5;47.4;0.0
56;2021-07-19;2644;6377;0;474716;364579;5;62.8;48.3;0.0
56;2021-07-20;3338;7870;0;478054;372449;5;63.3;49.3;0.0
56;2021-07-21;2913;7382;0;480967;379831;5;63.7;50.3;0.0
56;2021-07-22;4118;7853;0;485085;387684;5;64.2;51.3;0.0
56;2021-07-23;4178;8238;0;489263;395922;5;64.8;52.4;0.0
56;2021-07-24;1682;4602;0;490945;400524;5;65.0;53.0;0.0
56;2021-07-25;586;1940;0;491531;402464;5;65.1;53.3;0.0
56;2021-07-26;3352;5450;0;494883;407914;5;65.5;54.0;0.0
56;2021-07-27;4827;6067;0;499710;413981;5;66.1;54.8;0.0
56;2021-07-28;4351;5358;0;504061;419339;5;66.7;55.5;0.0
56;2021-07-29;4925;5491;0;508986;424830;5;67.4;56.2;0.0
56;2021-07-30;5076;5666;0;514062;430496;5;68.0;57.0;0.0
56;2021-07-31;2053;2721;0;516115;433217;5;68.3;57.3;0.0
56;2021-08-01;1201;990;0;517316;434207;5;68.5;57.5;0.0
56;2021-08-02;3921;4431;0;521237;438638;5;69.0;58.1;0.0
56;2021-08-03;5417;4671;0;526654;443309;5;69.7;58.7;0.0
56;2021-08-04;5129;3988;0;531783;447297;5;70.4;59.2;0.0
56;2021-08-05;5289;4159;0;537072;451456;5;71.1;59.8;0.0
56;2021-08-06;4980;4379;0;542052;455835;5;71.7;60.3;0.0
56;2021-08-07;2436;2133;0;544488;457968;5;72.1;60.6;0.0
56;2021-08-08;1547;567;0;546035;458535;5;72.3;60.7;0.0
56;2021-08-09;3278;3875;0;549313;462410;5;72.7;61.2;0.0
56;2021-08-10;4239;4120;0;553552;466530;5;73.3;61.7;0.0
56;2021-08-11;3869;3593;0;557421;470123;5;73.8;62.2;0.0
56;2021-08-12;4011;3938;0;561432;474061;5;74.3;62.7;0.0
56;2021-08-13;3656;4056;0;565088;478117;5;74.8;63.3;0.0
56;2021-08-14;1728;2012;0;566816;480129;5;75.0;63.5;0.0
56;2021-08-15;466;480;1;567282;480609;6;75.1;63.6;0.0
56;2021-08-16;2857;4003;0;570139;484612;6;75.5;64.1;0.0
56;2021-08-17;3433;4297;0;573572;488909;6;75.9;64.7;0.0
56;2021-08-18;3383;3958;2;576955;492867;8;76.4;65.2;0.0
56;2021-08-19;2872;4468;0;579827;497335;8;76.7;65.8;0.0
56;2021-08-20;2707;4632;1;582534;501967;9;77.1;66.4;0.0
56;2021-08-21;1216;2180;0;583750;504147;9;77.3;66.7;0.0
56;2021-08-22;261;540;0;584011;504687;9;77.3;66.8;0.0
56;2021-08-23;1884;4524;0;585895;509211;9;77.5;67.4;0.0
56;2021-08-24;1896;4985;0;587791;514196;9;77.8;68.1;0.0
56;2021-08-25;1670;4620;0;589461;518816;9;78.0;68.7;0.0
56;2021-08-26;1412;4929;0;590873;523745;9;78.2;69.3;0.0
56;2021-08-27;1732;5417;0;592605;529162;9;78.4;70.0;0.0
56;2021-08-28;655;2682;0;593260;531844;9;78.5;70.4;0.0
56;2021-08-29;145;505;0;593405;532349;9;78.5;70.5;0.0
56;2021-08-30;1361;4386;123;594766;536735;132;78.7;71.0;0.0
56;2021-08-31;1471;4401;142;596237;541136;274;78.9;71.6;0.0
56;2021-09-01;1364;3723;241;597601;544859;515;79.1;72.1;0.1
56;2021-09-02;1097;3600;316;598698;548459;831;79.2;72.6;0.1
56;2021-09-03;1116;4054;352;599814;552513;1183;79.4;73.1;0.2
56;2021-09-04;791;2340;98;600605;554853;1281;79.5;73.4;0.2
56;2021-09-05;160;461;15;600765;555314;1296;79.5;73.5;0.2
56;2021-09-06;852;3000;468;601617;558314;1764;79.6;73.9;0.2
56;2021-09-07;802;2897;474;602419;561211;2238;79.7;74.3;0.3
56;2021-09-08;976;3166;229;603395;564377;2467;79.9;74.7;0.3
56;2021-09-09;811;2612;376;604206;566989;2843;80.0;75.0;0.4
56;2021-09-10;915;3091;365;605121;570080;3208;80.1;75.5;0.4
56;2021-09-11;503;2052;96;605624;572132;3304;80.2;75.7;0.4
56;2021-09-12;72;309;8;605696;572441;3312;80.2;75.8;0.4
56;2021-09-13;756;2113;572;606452;574554;3884;80.3;76.0;0.5
56;2021-09-14;715;1926;1019;607167;576480;4903;80.4;76.3;0.6
56;2021-09-15;723;2564;550;607890;579044;5453;80.5;76.6;0.7
56;2021-09-16;702;1629;1022;608592;580673;6475;80.5;76.9;0.9
56;2021-09-17;774;2167;739;609366;582840;7214;80.7;77.1;1.0
56;2021-09-18;313;1812;168;609679;584652;7382;80.7;77.4;1.0
56;2021-09-19;73;280;17;609752;584932;7399;80.7;77.4;1.0
56;2021-09-20;458;1335;808;610210;586267;8207;80.8;77.6;1.1
56;2021-09-21;483;1203;918;610693;587470;9125;80.8;77.8;1.2
56;2021-09-22;470;1797;589;611163;589267;9714;80.9;78.0;1.3
56;2021-09-23;500;1038;1156;611663;590305;10870;81.0;78.1;1.4
56;2021-09-24;570;1639;984;612233;591944;11854;81.0;78.3;1.6
56;2021-09-25;290;1165;216;612523;593109;12070;81.1;78.5;1.6
56;2021-09-26;19;118;19;612542;593227;12089;81.1;78.5;1.6
56;2021-09-27;440;1000;785;612982;594227;12874;81.1;78.6;1.7
56;2021-09-28;442;938;883;613424;595165;13757;81.2;78.8;1.8
56;2021-09-29;412;1190;645;613836;596355;14402;81.2;78.9;1.9
56;2021-09-30;338;622;866;614174;596977;15268;81.3;79.0;2.0
56;2021-10-01;530;1193;1249;614704;598170;16517;81.4;79.2;2.2
56;2021-10-02;209;485;202;614913;598655;16719;81.4;79.2;2.2
56;2021-10-03;5;68;9;614918;598723;16728;81.4;79.2;2.2
56;2021-10-04;313;769;794;615231;599492;17522;81.4;79.3;2.3
56;2021-10-05;257;651;762;615488;600143;18284;81.5;79.4;2.4
56;2021-10-06;406;955;625;615894;601098;18909;81.5;79.6;2.5
56;2021-10-07;300;863;1174;616194;601961;20083;81.6;79.7;2.7
56;2021-10-08;444;932;976;616638;602893;21059;81.6;79.8;2.8
56;2021-10-09;156;395;235;616794;603288;21294;81.6;79.8;2.8
56;2021-10-10;8;58;9;616802;603346;21303;81.6;79.9;2.8
56;2021-10-11;269;629;638;617071;603975;21941;81.7;79.9;2.9
56;2021-10-12;297;648;908;617368;604623;22849;81.7;80.0;3.0
56;2021-10-13;252;435;446;617620;605058;23295;81.7;80.1;3.1
56;2021-10-14;280;669;946;617900;605727;24241;81.8;80.2;3.2
56;2021-10-15;494;867;1411;618394;606594;25652;81.8;80.3;3.4
56;2021-10-16;164;234;249;618558;606828;25901;81.9;80.3;3.4
56;2021-10-17;7;26;18;618565;606854;25919;81.9;80.3;3.4
56;2021-10-18;326;523;932;618891;607377;26851;81.9;80.4;3.6
56;2021-10-19;217;504;923;619108;607881;27774;81.9;80.5;3.7
56;2021-10-20;154;251;572;619262;608132;28346;82.0;80.5;3.8
56;2021-10-21;255;426;1229;619517;608558;29575;82.0;80.5;3.9
56;2021-10-22;301;729;1404;619818;609287;30979;82.0;80.6;4.1
56;2021-10-23;123;217;197;619941;609504;31176;82.0;80.7;4.1
56;2021-10-24;1;15;2;619942;609519;31178;82.1;80.7;4.1
56;2021-10-25;221;304;964;620163;609823;32142;82.1;80.7;4.3
56;2021-10-26;192;361;1074;620355;610184;33216;82.1;80.8;4.4
56;2021-10-27;192;334;1037;620547;610518;34253;82.1;80.8;4.5
56;2021-10-28;194;279;1089;620741;610797;35342;82.2;80.8;4.7
56;2021-10-29;323;505;1643;621064;611302;36985;82.2;80.9;4.9
56;2021-10-30;82;135;311;621146;611437;37296;82.2;80.9;4.9
56;2021-10-31;5;12;5;621151;611449;37301;82.2;80.9;4.9
56;2021-11-01;15;14;3;621166;611463;37304;82.2;80.9;4.9
56;2021-11-02;326;446;1336;621492;611909;38640;82.3;81.0;5.1
56;2021-11-03;172;178;1013;621664;612087;39653;82.3;81.0;5.2
56;2021-11-04;321;408;1822;621985;612495;41475;82.3;81.1;5.5
56;2021-11-05;231;437;1724;622216;612932;43199;82.4;81.1;5.7
56;2021-11-06;79;117;467;622295;613049;43666;82.4;81.1;5.8
56;2021-11-07;1;6;15;622296;613055;43681;82.4;81.1;5.8
56;2021-11-08;237;369;2189;622533;613424;45870;82.4;81.2;6.1
56;2021-11-09;220;279;2061;622753;613703;47931;82.4;81.2;6.3
56;2021-11-10;191;280;1923;622944;613983;49854;82.4;81.3;6.6
56;2021-11-11;6;14;63;622950;613997;49917;82.4;81.3;6.6
56;2021-11-12;295;503;3051;623245;614500;52968;82.5;81.3;7.0
56;2021-11-13;105;127;979;623350;614627;53947;82.5;81.3;7.1
56;2021-11-14;3;2;8;623353;614629;53955;82.5;81.3;7.1
56;2021-11-15;169;242;2401;623522;614871;56356;82.5;81.4;7.5
56;2021-11-16;173;220;2582;623695;615091;58938;82.5;81.4;7.8
56;2021-11-17;195;250;2319;623890;615341;61257;82.6;81.4;8.1
56;2021-11-18;229;216;3115;624119;615557;64372;82.6;81.5;8.5
56;2021-11-19;359;427;5314;624478;615984;69686;82.7;81.5;9.2
56;2021-11-20;128;123;922;624606;616107;70608;82.7;81.5;9.3
56;2021-11-21;8;8;8;624614;616115;70616;82.7;81.5;9.3
56;2021-11-22;249;150;3459;624863;616265;74075;82.7;81.6;9.8
56;2021-11-23;171;198;3400;625034;616463;77475;82.7;81.6;10.3
56;2021-11-24;210;215;3015;625244;616678;80490;82.8;81.6;10.7
56;2021-11-25;251;233;4824;625495;616911;85314;82.8;81.6;11.3
56;2021-11-26;386;402;6255;625881;617313;91569;82.8;81.7;12.1
56;2021-11-27;105;104;1468;625986;617417;93037;82.8;81.7;12.3
56;2021-11-28;14;14;74;626000;617431;93111;82.9;81.7;12.3
56;2021-11-29;271;229;4694;626271;617660;97805;82.9;81.7;12.9
56;2021-11-30;222;250;6284;626493;617910;104089;82.9;81.8;13.8
56;2021-12-01;275;223;6266;626768;618133;110355;83.0;81.8;14.6
56;2021-12-02;162;139;6851;626930;618272;117206;83.0;81.8;15.5
56;2021-12-03;248;304;8597;627178;618576;125803;83.0;81.9;16.7
56;2021-12-04;176;144;3699;627354;618720;129502;83.0;81.9;17.1
56;2021-12-05;7;15;429;627361;618735;129931;83.0;81.9;17.2
56;2021-12-06;184;201;6422;627545;618936;136353;83.1;81.9;18.0
56;2021-12-07;212;269;8854;627757;619205;145207;83.1;82.0;19.2
56;2021-12-08;258;249;7467;628015;619454;152674;83.1;82.0;20.2
56;2021-12-09;242;261;9769;628257;619715;162443;83.2;82.0;21.5
56;2021-12-10;299;379;10588;628556;620094;173031;83.2;82.1;22.9
56;2021-12-11;171;148;5265;628727;620242;178296;83.2;82.1;23.6
56;2021-12-12;30;19;738;628757;620261;179034;83.2;82.1;23.7
56;2021-12-13;191;262;8411;628948;620523;187445;83.2;82.1;24.8
56;2021-12-14;258;218;11050;629206;620741;198495;83.3;82.2;26.3
56;2021-12-15;246;285;9681;629452;621026;208176;83.3;82.2;27.6
56;2021-12-16;251;313;11531;629703;621339;219707;83.3;82.2;29.1
56;2021-12-17;324;385;12008;630027;621724;231715;83.4;82.3;30.7
56;2021-12-18;274;201;6359;630301;621925;238074;83.4;82.3;31.5
56;2021-12-19;17;16;482;630318;621941;238556;83.4;82.3;31.6
56;2021-12-20;245;337;8099;630563;622278;246655;83.5;82.4;32.6
56;2021-12-21;345;308;9219;630908;622586;255874;83.5;82.4;33.9
56;2021-12-22;284;263;7872;631192;622849;263746;83.5;82.4;34.9
56;2021-12-23;293;226;6340;631485;623075;270086;83.6;82.5;35.7
56;2021-12-24;60;61;1289;631545;623136;271375;83.6;82.5;35.9
56;2021-12-25;0;5;79;631545;623141;271454;83.6;82.5;35.9
56;2021-12-26;8;24;157;631553;623165;271611;83.6;82.5;35.9
56;2021-12-27;247;270;6512;631800;623435;278123;83.6;82.5;36.8
56;2021-12-28;280;261;7941;632080;623696;286064;83.7;82.5;37.9
57;2020-12-27;1;0;0;1;0;0;0.0;0.0;0.0
57;2020-12-28;5;0;0;6;0;0;0.0;0.0;0.0
57;2020-12-29;8;0;0;14;0;0;0.0;0.0;0.0
57;2020-12-30;7;0;0;21;0;0;0.0;0.0;0.0
57;2020-12-31;2;0;0;23;0;0;0.0;0.0;0.0
57;2021-01-01;4;1;0;27;1;0;0.0;0.0;0.0
57;2021-01-02;5;0;0;32;1;0;0.0;0.0;0.0
57;2021-01-03;0;0;0;32;1;0;0.0;0.0;0.0
57;2021-01-04;22;0;0;54;1;0;0.0;0.0;0.0
57;2021-01-05;198;0;0;252;1;0;0.0;0.0;0.0
57;2021-01-06;229;0;0;481;1;0;0.0;0.0;0.0
57;2021-01-07;578;2;0;1059;3;0;0.1;0.0;0.0
57;2021-01-08;520;2;0;1579;5;0;0.2;0.0;0.0
57;2021-01-09;197;0;0;1776;5;0;0.2;0.0;0.0
57;2021-01-10;111;1;0;1887;6;0;0.2;0.0;0.0
57;2021-01-11;477;1;0;2364;7;0;0.2;0.0;0.0
57;2021-01-12;629;6;0;2993;13;0;0.3;0.0;0.0
57;2021-01-13;704;2;0;3697;15;0;0.4;0.0;0.0
57;2021-01-14;787;8;0;4484;23;0;0.4;0.0;0.0
57;2021-01-15;694;4;0;5178;27;0;0.5;0.0;0.0
57;2021-01-16;439;1;0;5617;28;0;0.5;0.0;0.0
57;2021-01-17;477;1;0;6094;29;0;0.6;0.0;0.0
57;2021-01-18;2639;23;0;8733;52;0;0.8;0.0;0.0
57;2021-01-19;2589;20;0;11322;72;0;1.1;0.0;0.0
57;2021-01-20;2740;26;0;14062;98;0;1.4;0.0;0.0
57;2021-01-21;1773;12;0;15835;110;0;1.5;0.0;0.0
57;2021-01-22;1323;9;0;17158;119;0;1.7;0.0;0.0
57;2021-01-23;574;17;0;17732;136;0;1.7;0.0;0.0
57;2021-01-24;4;0;0;17736;136;0;1.7;0.0;0.0
57;2021-01-25;939;179;0;18675;315;0;1.8;0.0;0.0
57;2021-01-26;1093;200;0;19768;515;0;1.9;0.0;0.0
57;2021-01-27;1073;170;0;20841;685;0;2.0;0.1;0.0
57;2021-01-28;1098;287;0;21939;972;0;2.1;0.1;0.0
57;2021-01-29;1015;376;0;22954;1348;0;2.2;0.1;0.0
57;2021-01-30;449;90;0;23403;1438;0;2.3;0.1;0.0
57;2021-01-31;17;27;0;23420;1465;0;2.3;0.1;0.0
57;2021-02-01;848;366;0;24268;1831;0;2.3;0.2;0.0
57;2021-02-02;1029;376;0;25297;2207;0;2.4;0.2;0.0
57;2021-02-03;997;339;0;26294;2546;0;2.5;0.2;0.0
57;2021-02-04;1175;815;0;27469;3361;0;2.7;0.3;0.0
57;2021-02-05;983;392;0;28452;3753;0;2.7;0.4;0.0
57;2021-02-06;489;326;0;28941;4079;0;2.8;0.4;0.0
57;2021-02-07;104;331;0;29045;4410;0;2.8;0.4;0.0
57;2021-02-08;1211;1454;0;30256;5864;0;2.9;0.6;0.0
57;2021-02-09;1694;1623;0;31950;7487;0;3.1;0.7;0.0
57;2021-02-10;1683;2015;0;33633;9502;0;3.2;0.9;0.0
57;2021-02-11;1457;1265;0;35090;10767;0;3.4;1.0;0.0
57;2021-02-12;1205;678;0;36295;11445;0;3.5;1.1;0.0
57;2021-02-13;1113;185;0;37408;11630;0;3.6;1.1;0.0
57;2021-02-14;1157;28;0;38565;11658;0;3.7;1.1;0.0
57;2021-02-15;766;868;0;39331;12526;0;3.8;1.2;0.0
57;2021-02-16;1067;879;0;40398;13405;0;3.9;1.3;0.0
57;2021-02-17;953;1030;0;41351;14435;0;4.0;1.4;0.0
57;2021-02-18;955;1231;0;42306;15666;0;4.1;1.5;0.0
57;2021-02-19;976;994;0;43282;16660;0;4.2;1.6;0.0
57;2021-02-20;1121;611;0;44403;17271;0;4.3;1.7;0.0
57;2021-02-21;321;22;0;44724;17293;0;4.3;1.7;0.0
57;2021-02-22;1162;925;0;45886;18218;0;4.4;1.8;0.0
57;2021-02-23;2059;1155;0;47945;19373;0;4.6;1.9;0.0
57;2021-02-24;2163;1022;0;50108;20395;0;4.8;2.0;0.0
57;2021-02-25;3190;1144;0;53298;21539;0;5.1;2.1;0.0
57;2021-02-26;3392;978;0;56690;22517;0;5.5;2.2;0.0
57;2021-02-27;3449;543;0;60139;23060;0;5.8;2.2;0.0
57;2021-02-28;1765;61;0;61904;23121;0;6.0;2.2;0.0
57;2021-03-01;1977;1326;0;63881;24447;0;6.2;2.4;0.0
57;2021-03-02;2775;1593;0;66656;26040;0;6.4;2.5;0.0
57;2021-03-03;2741;1614;0;69397;27654;0;6.7;2.7;0.0
57;2021-03-04;3199;1302;0;72596;28956;0;7.0;2.8;0.0
57;2021-03-05;4302;1249;0;76898;30205;0;7.4;2.9;0.0
57;2021-03-06;6908;796;0;83806;31001;0;8.1;3.0;0.0
57;2021-03-07;5678;280;0;89484;31281;0;8.6;3.0;0.0
57;2021-03-08;2289;1006;0;91773;32287;0;8.9;3.1;0.0
57;2021-03-09;3307;1281;0;95080;33568;0;9.2;3.2;0.0
57;2021-03-10;3581;968;0;98661;34536;0;9.5;3.3;0.0
57;2021-03-11;4023;1192;0;102684;35728;0;9.9;3.4;0.0
57;2021-03-12;5087;1218;0;107771;36946;0;10.4;3.6;0.0
57;2021-03-13;6110;965;0;113881;37911;0;11.0;3.7;0.0
57;2021-03-14;2335;419;0;116216;38330;0;11.2;3.7;0.0
57;2021-03-15;2988;867;0;119204;39197;0;11.5;3.8;0.0
57;2021-03-16;2957;1250;0;122161;40447;0;11.8;3.9;0.0
57;2021-03-17;3094;1111;0;125255;41558;0;12.1;4.0;0.0
57;2021-03-18;3404;1027;0;128659;42585;0;12.4;4.1;0.0
57;2021-03-19;4567;1006;0;133226;43591;0;12.9;4.2;0.0
57;2021-03-20;4553;998;0;137779;44589;0;13.3;4.3;0.0
57;2021-03-21;1840;252;0;139619;44841;0;13.5;4.3;0.0
57;2021-03-22;2414;1402;0;142033;46243;0;13.7;4.5;0.0
57;2021-03-23;3425;2232;0;145458;48475;0;14.0;4.7;0.0
57;2021-03-24;3919;2086;0;149377;50561;0;14.4;4.9;0.0
57;2021-03-25;4762;2513;0;154139;53074;0;14.9;5.1;0.0
57;2021-03-26;4826;2168;0;158965;55242;0;15.3;5.3;0.0
57;2021-03-27;3794;2968;0;162759;58210;0;15.7;5.6;0.0
57;2021-03-28;1399;1716;0;164158;59926;0;15.8;5.8;0.0
57;2021-03-29;2055;2085;0;166213;62011;0;16.0;6.0;0.0
57;2021-03-30;3443;2380;0;169656;64391;0;16.4;6.2;0.0
57;2021-03-31;2977;2258;0;172633;66649;0;16.7;6.4;0.0
57;2021-04-01;3421;3055;0;176054;69704;0;17.0;6.7;0.0
57;2021-04-02;2530;2457;0;178584;72161;0;17.2;7.0;0.0
57;2021-04-03;2600;2503;0;181184;74664;0;17.5;7.2;0.0
57;2021-04-04;569;915;0;181753;75579;0;17.5;7.3;0.0
57;2021-04-05;1845;674;0;183598;76253;0;17.7;7.4;0.0
57;2021-04-06;2413;2730;0;186011;78983;0;18.0;7.6;0.0
57;2021-04-07;3709;2991;0;189720;81974;0;18.3;7.9;0.0
57;2021-04-08;5470;2874;0;195190;84848;0;18.8;8.2;0.0
57;2021-04-09;5056;2776;0;200246;87624;0;19.3;8.5;0.0
57;2021-04-10;2453;3451;0;202699;91075;0;19.6;8.8;0.0
57;2021-04-11;1068;1842;0;203767;92917;0;19.7;9.0;0.0
57;2021-04-12;1862;2731;0;205629;95648;0;19.9;9.2;0.0
57;2021-04-13;2104;3032;0;207733;98680;0;20.1;9.5;0.0
57;2021-04-14;2120;3012;0;209853;101692;0;20.3;9.8;0.0
57;2021-04-15;2566;3394;0;212419;105086;0;20.5;10.1;0.0
57;2021-04-16;2771;3278;0;215190;108364;0;20.8;10.5;0.0
57;2021-04-17;2681;3122;0;217871;111486;0;21.0;10.8;0.0
57;2021-04-18;1147;1718;0;219018;113204;0;21.1;10.9;0.0
57;2021-04-19;2357;2331;0;221375;115535;0;21.4;11.2;0.0
57;2021-04-20;2724;2803;0;224099;118338;0;21.6;11.4;0.0
57;2021-04-21;3373;2455;0;227472;120793;0;22.0;11.7;0.0
57;2021-04-22;3432;2324;0;230904;123117;0;22.3;11.9;0.0
57;2021-04-23;4234;2634;0;235138;125751;0;22.7;12.1;0.0
57;2021-04-24;3529;2612;0;238667;128363;0;23.0;12.4;0.0
57;2021-04-25;805;1121;0;239472;129484;0;23.1;12.5;0.0
57;2021-04-26;3129;2135;0;242601;131619;0;23.4;12.7;0.0
57;2021-04-27;4057;2510;0;246658;134129;0;23.8;12.9;0.0
57;2021-04-28;4677;2659;0;251335;136788;0;24.3;13.2;0.0
57;2021-04-29;5658;3472;0;256993;140260;0;24.8;13.5;0.0
57;2021-04-30;4981;3526;0;261974;143786;0;25.3;13.9;0.0
57;2021-05-01;2461;1707;0;264435;145493;0;25.5;14.0;0.0
57;2021-05-02;838;897;0;265273;146390;0;25.6;14.1;0.0
57;2021-05-03;3833;3028;0;269106;149418;0;26.0;14.4;0.0
57;2021-05-04;4994;3168;0;274100;152586;0;26.5;14.7;0.0
57;2021-05-05;6343;3146;0;280443;155732;0;27.1;15.0;0.0
57;2021-05-06;6111;3327;0;286554;159059;0;27.7;15.4;0.0
57;2021-05-07;6855;3468;0;293409;162527;0;28.3;15.7;0.0
57;2021-05-08;4015;1577;0;297424;164104;0;28.7;15.8;0.0
57;2021-05-09;2049;1051;0;299473;165155;0;28.9;15.9;0.0
57;2021-05-10;5220;3113;0;304693;168268;0;29.4;16.2;0.0
57;2021-05-11;7475;2922;0;312168;171190;0;30.1;16.5;0.0
57;2021-05-12;7761;3421;0;319929;174611;0;30.9;16.9;0.0
57;2021-05-13;4608;930;0;324537;175541;0;31.3;16.9;0.0
57;2021-05-14;7744;2694;0;332281;178235;0;32.1;17.2;0.0
57;2021-05-15;5853;2136;0;338134;180371;0;32.6;17.4;0.0
57;2021-05-16;3359;579;0;341493;180950;0;33.0;17.5;0.0
57;2021-05-17;3988;2200;0;345481;183150;0;33.4;17.7;0.0
57;2021-05-18;6279;2161;0;351760;185311;0;34.0;17.9;0.0
57;2021-05-19;6991;2425;0;358751;187736;0;34.6;18.1;0.0
57;2021-05-20;6285;2264;0;365036;190000;0;35.2;18.3;0.0
57;2021-05-21;7743;2968;0;372779;192968;0;36.0;18.6;0.0
57;2021-05-22;5090;2196;0;377869;195164;0;36.5;18.8;0.0
57;2021-05-23;1964;427;0;379833;195591;0;36.7;18.9;0.0
57;2021-05-24;3116;1069;0;382949;196660;0;37.0;19.0;0.0
57;2021-05-25;5643;2850;0;388592;199510;0;37.5;19.3;0.0
57;2021-05-26;6519;3323;0;395111;202833;0;38.1;19.6;0.0
57;2021-05-27;6251;3265;0;401362;206098;0;38.7;19.9;0.0
57;2021-05-28;6971;4741;0;408333;210839;0;39.4;20.4;0.0
57;2021-05-29;5319;4393;0;413652;215232;0;39.9;20.8;0.0
57;2021-05-30;1902;1685;0;415554;216917;0;40.1;20.9;0.0
57;2021-05-31;4400;3484;0;419954;220401;0;40.5;21.3;0.0
57;2021-06-01;5895;3840;0;425849;224241;0;41.1;21.6;0.0
57;2021-06-02;6312;4288;0;432161;228529;0;41.7;22.1;0.0
57;2021-06-03;6195;4125;0;438356;232654;0;42.3;22.5;0.0
57;2021-06-04;7424;5153;0;445780;237807;0;43.0;23.0;0.0
57;2021-06-05;4713;4135;0;450493;241942;0;43.5;23.4;0.0
57;2021-06-06;1925;897;0;452418;242839;0;43.7;23.4;0.0
57;2021-06-07;4353;4180;0;456771;247019;0;44.1;23.8;0.0
57;2021-06-08;6412;4630;0;463183;251649;0;44.7;24.3;0.0
57;2021-06-09;6709;4443;0;469892;256092;0;45.4;24.7;0.0
57;2021-06-10;6019;4776;0;475911;260868;0;45.9;25.2;0.0
57;2021-06-11;5245;5462;0;481156;266330;0;46.4;25.7;0.0
57;2021-06-12;5430;4526;0;486586;270856;0;47.0;26.1;0.0
57;2021-06-13;1410;1140;0;487996;271996;0;47.1;26.3;0.0
57;2021-06-14;3276;4924;0;491272;276920;0;47.4;26.7;0.0
57;2021-06-15;3820;6076;0;495092;282996;0;47.8;27.3;0.0
57;2021-06-16;4350;6695;0;499442;289691;0;48.2;28.0;0.0
57;2021-06-17;4206;6129;0;503648;295820;0;48.6;28.6;0.0
57;2021-06-18;4307;7385;0;507955;303205;0;49.0;29.3;0.0
57;2021-06-19;4026;6268;0;511981;309473;0;49.4;29.9;0.0
57;2021-06-20;953;1652;0;512934;311125;0;49.5;30.0;0.0
57;2021-06-21;2188;6104;0;515122;317229;0;49.7;30.6;0.0
57;2021-06-22;2649;8041;0;517771;325270;0;50.0;31.4;0.0
57;2021-06-23;3079;8392;0;520850;333662;0;50.3;32.2;0.0
57;2021-06-24;2576;5399;0;523426;339061;0;50.5;32.7;0.0
57;2021-06-25;2818;7835;0;526244;346896;0;50.8;33.5;0.0
57;2021-06-26;2795;7127;0;529039;354023;0;51.1;34.2;0.0
57;2021-06-27;719;2797;0;529758;356820;0;51.1;34.4;0.0
57;2021-06-28;1667;5283;0;531425;362103;0;51.3;35.0;0.0
57;2021-06-29;2103;6922;0;533528;369025;0;51.5;35.6;0.0
57;2021-06-30;3068;7396;3;536596;376421;3;51.8;36.3;0.0
57;2021-07-01;2747;6197;0;539343;382618;3;52.1;36.9;0.0
57;2021-07-02;2701;8193;0;542044;390811;3;52.3;37.7;0.0
57;2021-07-03;3133;6421;0;545177;397232;3;52.6;38.3;0.0
57;2021-07-04;889;2436;0;546066;399668;3;52.7;38.6;0.0
57;2021-07-05;1846;4804;0;547912;404472;3;52.9;39.0;0.0
57;2021-07-06;2513;6508;0;550425;410980;3;53.1;39.7;0.0
57;2021-07-07;2779;7178;0;553204;418158;3;53.4;40.4;0.0
57;2021-07-08;2645;6108;0;555849;424266;3;53.7;41.0;0.0
57;2021-07-09;3413;8358;0;559262;432624;3;54.0;41.8;0.0
57;2021-07-10;2989;6868;0;562251;439492;3;54.3;42.4;0.0
57;2021-07-11;815;2188;0;563066;441680;3;54.4;42.6;0.0
57;2021-07-12;2408;6473;0;565474;448153;3;54.6;43.3;0.0
57;2021-07-13;4282;7507;0;569756;455660;3;55.0;44.0;0.0
57;2021-07-14;2754;3775;0;572510;459435;3;55.3;44.4;0.0
57;2021-07-15;4005;7700;0;576515;467135;3;55.7;45.1;0.0
57;2021-07-16;5558;9484;0;582073;476619;3;56.2;46.0;0.0
57;2021-07-17;5480;7023;0;587553;483642;3;56.7;46.7;0.0
57;2021-07-18;1547;2620;0;589100;486262;3;56.9;46.9;0.0
57;2021-07-19;2569;6185;0;591669;492447;3;57.1;47.5;0.0
57;2021-07-20;4266;6957;0;595935;499404;3;57.5;48.2;0.0
57;2021-07-21;5041;6868;0;600976;506272;3;58.0;48.9;0.0
57;2021-07-22;5571;5874;0;606547;512146;3;58.6;49.4;0.0
57;2021-07-23;6577;6377;0;613124;518523;3;59.2;50.1;0.0
57;2021-07-24;4381;6859;0;617505;525382;3;59.6;50.7;0.0
57;2021-07-25;1322;1714;0;618827;527096;3;59.7;50.9;0.0
57;2021-07-26;3712;4557;0;622539;531653;3;60.1;51.3;0.0
57;2021-07-27;6635;5072;0;629174;536725;3;60.7;51.8;0.0
57;2021-07-28;7170;4558;0;636344;541283;3;61.4;52.3;0.0
57;2021-07-29;7440;4615;0;643784;545898;3;62.1;52.7;0.0
57;2021-07-30;6735;5036;0;650519;550934;3;62.8;53.2;0.0
57;2021-07-31;5509;4964;0;656028;555898;3;63.3;53.7;0.0
57;2021-08-01;1964;1106;0;657992;557004;3;63.5;53.8;0.0
57;2021-08-02;3706;3318;0;661698;560322;3;63.9;54.1;0.0
57;2021-08-03;5406;4310;0;667104;564632;3;64.4;54.5;0.0
57;2021-08-04;5025;3517;0;672129;568149;3;64.9;54.8;0.0
57;2021-08-05;5148;3787;0;677277;571936;3;65.4;55.2;0.0
57;2021-08-06;5406;4814;0;682683;576750;3;65.9;55.7;0.0
57;2021-08-07;4258;5022;1;686941;581772;4;66.3;56.2;0.0
57;2021-08-08;1443;1471;0;688384;583243;4;66.5;56.3;0.0
57;2021-08-09;2584;3296;1;690968;586539;5;66.7;56.6;0.0
57;2021-08-10;3480;3881;0;694448;590420;5;67.0;57.0;0.0
57;2021-08-11;3544;3961;0;697992;594381;5;67.4;57.4;0.0
57;2021-08-12;3064;5071;0;701056;599452;5;67.7;57.9;0.0
57;2021-08-13;3300;4691;0;704356;604143;5;68.0;58.3;0.0
57;2021-08-14;2145;4984;0;706501;609127;5;68.2;58.8;0.0
57;2021-08-15;491;1078;0;706992;610205;5;68.3;58.9;0.0
57;2021-08-16;1846;3612;0;708838;613817;5;68.4;59.3;0.0
57;2021-08-17;2320;5314;0;711158;619131;5;68.7;59.8;0.0
57;2021-08-18;2325;5181;0;713483;624312;5;68.9;60.3;0.0
57;2021-08-19;2206;5397;0;715689;629709;5;69.1;60.8;0.0
57;2021-08-20;2038;5972;0;717727;635681;5;69.3;61.4;0.0
57;2021-08-21;1800;5292;0;719527;640973;5;69.5;61.9;0.0
57;2021-08-22;431;1486;0;719958;642459;5;69.5;62.0;0.0
57;2021-08-23;1167;3874;0;721125;646333;5;69.6;62.4;0.0
57;2021-08-24;1766;5483;0;722891;651816;5;69.8;62.9;0.0
57;2021-08-25;1615;5127;0;724506;656943;5;69.9;63.4;0.0
57;2021-08-26;1538;4540;0;726044;661483;5;70.1;63.9;0.0
57;2021-08-27;1732;5723;0;727776;667206;5;70.3;64.4;0.0
57;2021-08-28;1960;5224;0;729736;672430;5;70.4;64.9;0.0
57;2021-08-29;344;1086;0;730080;673516;5;70.5;65.0;0.0
57;2021-08-30;1066;3205;51;731146;676721;56;70.6;65.3;0.0
57;2021-08-31;1433;4166;159;732579;680887;215;70.7;65.7;0.0
57;2021-09-01;1666;3735;338;734245;684622;553;70.9;66.1;0.1
57;2021-09-02;1174;3000;322;735419;687622;875;71.0;66.4;0.1
57;2021-09-03;1544;3915;422;736963;691537;1297;71.1;66.8;0.1
57;2021-09-04;1613;3670;290;738576;695207;1587;71.3;67.1;0.2
57;2021-09-05;348;797;96;738924;696004;1683;71.3;67.2;0.2
57;2021-09-06;817;1778;375;739741;697782;2058;71.4;67.4;0.2
57;2021-09-07;729;1870;403;740470;699652;2461;71.5;67.5;0.2
57;2021-09-08;944;2428;443;741414;702080;2904;71.6;67.8;0.3
57;2021-09-09;678;1932;437;742092;704012;3341;71.6;68.0;0.3
57;2021-09-10;1162;2414;567;743254;706426;3908;71.8;68.2;0.4
57;2021-09-11;1170;2946;335;744424;709372;4243;71.9;68.5;0.4
57;2021-09-12;241;468;66;744665;709840;4309;71.9;68.5;0.4
57;2021-09-13;652;1235;491;745317;711075;4800;72.0;68.6;0.5
57;2021-09-14;777;1490;711;746094;712565;5511;72.0;68.8;0.5
57;2021-09-15;776;1941;753;746870;714506;6264;72.1;69.0;0.6
57;2021-09-16;717;1193;734;747587;715699;6998;72.2;69.1;0.7
57;2021-09-17;1115;1795;636;748702;717494;7634;72.3;69.3;0.7
57;2021-09-18;825;2513;422;749527;720007;8056;72.4;69.5;0.8
57;2021-09-19;118;325;73;749645;720332;8129;72.4;69.5;0.8
57;2021-09-20;457;893;754;750102;721225;8883;72.4;69.6;0.9
57;2021-09-21;490;840;816;750592;722065;9699;72.5;69.7;0.9
57;2021-09-22;512;1309;743;751104;723374;10442;72.5;69.8;1.0
57;2021-09-23;461;1174;758;751565;724548;11200;72.6;69.9;1.1
57;2021-09-24;762;1452;987;752327;726000;12187;72.6;70.1;1.2
57;2021-09-25;520;1936;527;752847;727936;12714;72.7;70.3;1.2
57;2021-09-26;110;306;88;752957;728242;12802;72.7;70.3;1.2
57;2021-09-27;420;837;792;753377;729079;13594;72.7;70.4;1.3
57;2021-09-28;316;607;946;753693;729686;14540;72.8;70.4;1.4
57;2021-09-29;518;1075;1136;754211;730761;15676;72.8;70.5;1.5
57;2021-09-30;333;622;1021;754544;731383;16697;72.8;70.6;1.6
57;2021-10-01;830;1312;1649;755374;732695;18346;72.9;70.7;1.8
57;2021-10-02;699;1499;844;756073;734194;19190;73.0;70.9;1.9
57;2021-10-03;118;217;143;756191;734411;19333;73.0;70.9;1.9
57;2021-10-04;565;605;1087;756756;735016;20420;73.1;71.0;2.0
57;2021-10-05;369;566;1158;757125;735582;21578;73.1;71.0;2.1
57;2021-10-06;524;750;1328;757649;736332;22906;73.1;71.1;2.2
57;2021-10-07;368;621;1139;758017;736953;24045;73.2;71.1;2.3
57;2021-10-08;567;1049;1963;758584;738002;26008;73.2;71.2;2.5
57;2021-10-09;625;1143;1358;759209;739145;27366;73.3;71.4;2.6
57;2021-10-10;97;123;112;759306;739268;27478;73.3;71.4;2.7
57;2021-10-11;429;593;1175;759735;739861;28653;73.3;71.4;2.8
57;2021-10-12;359;478;1103;760094;740339;29756;73.4;71.5;2.9
57;2021-10-13;604;704;1422;760698;741043;31178;73.4;71.5;3.0
57;2021-10-14;355;480;1131;761053;741523;32309;73.5;71.6;3.1
57;2021-10-15;662;996;2572;761715;742519;34881;73.5;71.7;3.4
57;2021-10-16;653;750;1715;762368;743269;36596;73.6;71.8;3.5
57;2021-10-17;98;129;216;762466;743398;36812;73.6;71.8;3.6
57;2021-10-18;432;546;1405;762898;743944;38217;73.6;71.8;3.7
57;2021-10-19;329;416;1165;763227;744360;39382;73.7;71.9;3.8
57;2021-10-20;476;499;1667;763703;744859;41049;73.7;71.9;4.0
57;2021-10-21;296;461;1043;763999;745320;42092;73.8;72.0;4.1
57;2021-10-22;626;746;2677;764625;746066;44769;73.8;72.0;4.3
57;2021-10-23;573;733;1719;765198;746799;46488;73.9;72.1;4.5
57;2021-10-24;85;109;163;765283;746908;46651;73.9;72.1;4.5
57;2021-10-25;355;437;1546;765638;747345;48197;73.9;72.1;4.7
57;2021-10-26;252;311;1349;765890;747656;49546;73.9;72.2;4.8
57;2021-10-27;385;467;1793;766275;748123;51339;74.0;72.2;5.0
57;2021-10-28;250;283;1253;766525;748406;52592;74.0;72.2;5.1
57;2021-10-29;471;583;2362;766996;748989;54954;74.0;72.3;5.3
57;2021-10-30;405;549;1414;767401;749538;56368;74.1;72.4;5.4
57;2021-10-31;53;90;140;767454;749628;56508;74.1;72.4;5.5
57;2021-11-01;141;79;90;767595;749707;56598;74.1;72.4;5.5
57;2021-11-02;385;422;1423;767980;750129;58021;74.1;72.4;5.6
57;2021-11-03;390;559;2246;768370;750688;60267;74.2;72.5;5.8
57;2021-11-04;289;406;1828;768659;751094;62095;74.2;72.5;6.0
57;2021-11-05;486;656;2763;769145;751750;64858;74.3;72.6;6.3
57;2021-11-06;438;715;2009;769583;752465;66867;74.3;72.6;6.5
57;2021-11-07;50;80;170;769633;752545;67037;74.3;72.6;6.5
57;2021-11-08;307;508;2898;769940;753053;69935;74.3;72.7;6.8
57;2021-11-09;265;334;2599;770205;753387;72534;74.4;72.7;7.0
57;2021-11-10;402;531;3240;770607;753918;75774;74.4;72.8;7.3
57;2021-11-11;54;95;339;770661;754013;76113;74.4;72.8;7.3
57;2021-11-12;473;713;4406;771134;754726;80519;74.4;72.9;7.8
57;2021-11-13;398;608;2861;771532;755334;83380;74.5;72.9;8.0
57;2021-11-14;67;118;487;771599;755452;83867;74.5;72.9;8.1
57;2021-11-15;300;424;2882;771899;755876;86749;74.5;73.0;8.4
57;2021-11-16;298;350;2730;772197;756226;89479;74.5;73.0;8.6
57;2021-11-17;437;479;3167;772634;756705;92646;74.6;73.1;8.9
57;2021-11-18;282;335;3057;772916;757040;95703;74.6;73.1;9.2
57;2021-11-19;494;590;4497;773410;757630;100200;74.7;73.1;9.7
57;2021-11-20;510;520;3059;773920;758150;103259;74.7;73.2;10.0
57;2021-11-21;48;56;203;773968;758206;103462;74.7;73.2;10.0
57;2021-11-22;319;256;3420;774287;758462;106882;74.7;73.2;10.3
57;2021-11-23;421;404;3454;774708;758866;110336;74.8;73.3;10.7
57;2021-11-24;387;479;3696;775095;759345;114032;74.8;73.3;11.0
57;2021-11-25;380;374;4375;775475;759719;118407;74.9;73.3;11.4
57;2021-11-26;469;566;7011;775944;760285;125418;74.9;73.4;12.1
57;2021-11-27;457;597;6085;776401;760882;131503;75.0;73.5;12.7
57;2021-11-28;80;96;2436;776481;760978;133939;75.0;73.5;12.9
57;2021-11-29;314;374;5715;776795;761352;139654;75.0;73.5;13.5
57;2021-11-30;355;399;7667;777150;761751;147321;75.0;73.5;14.2
57;2021-12-01;257;424;6461;777407;762175;153782;75.0;73.6;14.8
57;2021-12-02;355;319;9573;777762;762494;163355;75.1;73.6;15.8
57;2021-12-03;400;553;11081;778162;763047;174436;75.1;73.7;16.8
57;2021-12-04;495;591;8937;778657;763638;183373;75.2;73.7;17.7
57;2021-12-05;178;152;2951;778835;763790;186324;75.2;73.7;18.0
57;2021-12-06;387;526;6729;779222;764316;193053;75.2;73.8;18.6
57;2021-12-07;362;474;9390;779584;764790;202443;75.3;73.8;19.5
57;2021-12-08;467;593;8980;780051;765383;211423;75.3;73.9;20.4
57;2021-12-09;436;478;10610;780487;765861;222033;75.3;73.9;21.4
57;2021-12-10;565;669;12552;781052;766530;234585;75.4;74.0;22.6
57;2021-12-11;539;768;10350;781591;767298;244935;75.5;74.1;23.6
57;2021-12-12;191;140;3218;781782;767438;248153;75.5;74.1;24.0
57;2021-12-13;409;500;8277;782191;767938;256430;75.5;74.1;24.8
57;2021-12-14;475;590;10504;782666;768528;266934;75.6;74.2;25.8
57;2021-12-15;546;596;11484;783212;769124;278418;75.6;74.2;26.9
57;2021-12-16;533;540;12185;783745;769664;290603;75.7;74.3;28.1
57;2021-12-17;615;691;13519;784360;770355;304122;75.7;74.4;29.4
57;2021-12-18;631;685;10020;784991;771040;314142;75.8;74.4;30.3
57;2021-12-19;191;189;3601;785182;771229;317743;75.8;74.5;30.7
57;2021-12-20;547;541;8348;785729;771770;326091;75.9;74.5;31.5
57;2021-12-21;553;539;9999;786282;772309;336090;75.9;74.6;32.4
57;2021-12-22;681;496;10093;786963;772805;346183;76.0;74.6;33.4
57;2021-12-23;540;447;6689;787503;773252;352872;76.0;74.6;34.1
57;2021-12-24;87;147;781;787590;773399;353653;76.0;74.7;34.1
57;2021-12-25;7;40;68;787597;773439;353721;76.0;74.7;34.1
57;2021-12-26;15;35;195;787612;773474;353916;76.0;74.7;34.2
57;2021-12-27;351;540;6068;787963;774014;359984;76.1;74.7;34.8
57;2021-12-28;432;631;8603;788395;774645;368587;76.1;74.8;35.6
58;2020-12-27;0;0;0;0;0;0;0.0;0.0;0.0
58;2020-12-28;0;0;0;0;0;0;0.0;0.0;0.0
58;2020-12-29;0;0;0;0;0;0;0.0;0.0;0.0
58;2020-12-30;0;0;0;0;0;0;0.0;0.0;0.0
58;2020-12-31;0;0;0;0;0;0;0.0;0.0;0.0
58;2021-01-01;0;0;0;0;0;0;0.0;0.0;0.0
58;2021-01-02;0;0;0;0;0;0;0.0;0.0;0.0
58;2021-01-03;1;0;0;1;0;0;0.0;0.0;0.0
58;2021-01-04;0;0;0;1;0;0;0.0;0.0;0.0
58;2021-01-05;1;0;0;2;0;0;0.0;0.0;0.0
58;2021-01-06;131;0;0;133;0;0;0.1;0.0;0.0
58;2021-01-07;229;0;0;362;0;0;0.2;0.0;0.0
58;2021-01-08;64;0;0;426;0;0;0.2;0.0;0.0
58;2021-01-09;1;0;0;427;0;0;0.2;0.0;0.0
58;2021-01-10;2;0;0;429;0;0;0.2;0.0;0.0
58;2021-01-11;55;0;0;484;0;0;0.2;0.0;0.0
58;2021-01-12;246;0;0;730;0;0;0.4;0.0;0.0
58;2021-01-13;391;4;0;1121;4;0;0.6;0.0;0.0
58;2021-01-14;266;2;0;1387;6;0;0.7;0.0;0.0
58;2021-01-15;149;0;0;1536;6;0;0.8;0.0;0.0
58;2021-01-16;20;2;0;1556;8;0;0.8;0.0;0.0
58;2021-01-17;1;0;0;1557;8;0;0.8;0.0;0.0
58;2021-01-18;397;1;0;1954;9;0;1.0;0.0;0.0
58;2021-01-19;896;2;0;2850;11;0;1.4;0.0;0.0
58;2021-01-20;1114;1;0;3964;12;0;2.0;0.0;0.0
58;2021-01-21;904;5;0;4868;17;0;2.4;0.0;0.0
58;2021-01-22;726;5;0;5594;22;0;2.8;0.0;0.0
58;2021-01-23;258;0;0;5852;22;0;2.9;0.0;0.0
58;2021-01-24;2;0;0;5854;22;0;2.9;0.0;0.0
58;2021-01-25;364;2;0;6218;24;0;3.1;0.0;0.0
58;2021-01-26;585;3;0;6803;27;0;3.4;0.0;0.0
58;2021-01-27;585;45;0;7388;72;0;3.7;0.0;0.0
58;2021-01-28;675;64;0;8063;136;0;4.0;0.1;0.0
58;2021-01-29;757;12;0;8820;148;0;4.4;0.1;0.0
58;2021-01-30;241;1;0;9061;149;0;4.5;0.1;0.0
58;2021-01-31;11;0;0;9072;149;0;4.5;0.1;0.0
58;2021-02-01;183;74;0;9255;223;0;4.6;0.1;0.0
58;2021-02-02;490;82;0;9745;305;0;4.9;0.2;0.0
58;2021-02-03;291;147;0;10036;452;0;5.0;0.2;0.0
58;2021-02-04;257;93;0;10293;545;0;5.2;0.3;0.0
58;2021-02-05;139;93;0;10432;638;0;5.2;0.3;0.0
58;2021-02-06;94;2;0;10526;640;0;5.3;0.3;0.0
58;2021-02-07;2;0;0;10528;640;0;5.3;0.3;0.0
58;2021-02-08;243;74;0;10771;714;0;5.4;0.4;0.0
58;2021-02-09;426;294;0;11197;1008;0;5.6;0.5;0.0
58;2021-02-10;310;352;0;11507;1360;0;5.8;0.7;0.0
58;2021-02-11;282;368;0;11789;1728;0;5.9;0.9;0.0
58;2021-02-12;201;213;0;11990;1941;0;6.0;1.0;0.0
58;2021-02-13;72;33;0;12062;1974;0;6.0;1.0;0.0
58;2021-02-14;0;2;0;12062;1976;0;6.0;1.0;0.0
58;2021-02-15;112;483;0;12174;2459;0;6.1;1.2;0.0
58;2021-02-16;193;851;0;12367;3310;0;6.2;1.7;0.0
58;2021-02-17;193;694;0;12560;4004;0;6.3;2.0;0.0
58;2021-02-18;161;744;0;12721;4748;0;6.4;2.4;0.0
58;2021-02-19;236;685;0;12957;5433;0;6.5;2.7;0.0
58;2021-02-20;61;234;0;13018;5667;0;6.5;2.8;0.0
58;2021-02-21;1;31;0;13019;5698;0;6.5;2.9;0.0
58;2021-02-22;83;359;0;13102;6057;0;6.6;3.0;0.0
58;2021-02-23;53;581;0;13155;6638;0;6.6;3.3;0.0
58;2021-02-24;53;540;0;13208;7178;0;6.6;3.6;0.0
58;2021-02-25;239;623;0;13447;7801;0;6.7;3.9;0.0
58;2021-02-26;232;567;0;13679;8368;0;6.9;4.2;0.0
58;2021-02-27;102;197;0;13781;8565;0;6.9;4.3;0.0
58;2021-02-28;13;8;0;13794;8573;0;6.9;4.3;0.0
58;2021-03-01;143;216;0;13937;8789;0;7.0;4.4;0.0
58;2021-03-02;375;553;0;14312;9342;0;7.2;4.7;0.0
58;2021-03-03;499;279;0;14811;9621;0;7.4;4.8;0.0
58;2021-03-04;641;250;0;15452;9871;0;7.7;4.9;0.0
58;2021-03-05;739;176;0;16191;10047;0;8.1;5.0;0.0
58;2021-03-06;540;83;0;16731;10130;0;8.4;5.1;0.0
58;2021-03-07;64;5;0;16795;10135;0;8.4;5.1;0.0
58;2021-03-08;160;259;0;16955;10394;0;8.5;5.2;0.0
58;2021-03-09;504;473;0;17459;10867;0;8.7;5.4;0.0
58;2021-03-10;806;244;0;18265;11111;0;9.2;5.6;0.0
58;2021-03-11;830;267;0;19095;11378;0;9.6;5.7;0.0
58;2021-03-12;773;177;0;19868;11555;0;10.0;5.8;0.0
58;2021-03-13;478;67;0;20346;11622;0;10.2;5.8;0.0
58;2021-03-14;36;1;0;20382;11623;0;10.2;5.8;0.0
58;2021-03-15;479;109;0;20861;11732;0;10.5;5.9;0.0
58;2021-03-16;654;219;0;21515;11951;0;10.8;6.0;0.0
58;2021-03-17;659;150;0;22174;12101;0;11.1;6.1;0.0
58;2021-03-18;582;162;0;22756;12263;0;11.4;6.1;0.0
58;2021-03-19;541;107;0;23297;12370;0;11.7;6.2;0.0
58;2021-03-20;313;64;0;23610;12434;0;11.8;6.2;0.0
58;2021-03-21;15;0;0;23625;12434;0;11.8;6.2;0.0
58;2021-03-22;723;23;0;24348;12457;0;12.2;6.2;0.0
58;2021-03-23;1413;44;0;25761;12501;0;12.9;6.3;0.0
58;2021-03-24;1213;74;0;26974;12575;0;13.5;6.3;0.0
58;2021-03-25;1623;43;0;28597;12618;0;14.3;6.3;0.0
58;2021-03-26;1309;56;0;29906;12674;0;15.0;6.3;0.0
58;2021-03-27;380;14;0;30286;12688;0;15.2;6.4;0.0
58;2021-03-28;20;1;0;30306;12689;0;15.2;6.4;0.0
58;2021-03-29;584;144;0;30890;12833;0;15.5;6.4;0.0
58;2021-03-30;1081;238;0;31971;13071;0;16.0;6.5;0.0
58;2021-03-31;973;328;0;32944;13399;0;16.5;6.7;0.0
58;2021-04-01;1436;352;0;34380;13751;0;17.2;6.9;0.0
58;2021-04-02;1367;306;0;35747;14057;0;17.9;7.0;0.0
58;2021-04-03;573;159;0;36320;14216;0;18.2;7.1;0.0
58;2021-04-04;4;2;0;36324;14218;0;18.2;7.1;0.0
58;2021-04-05;50;2;0;36374;14220;0;18.2;7.1;0.0
58;2021-04-06;730;335;0;37104;14555;0;18.6;7.3;0.0
58;2021-04-07;670;489;0;37774;15044;0;18.9;7.5;0.0
58;2021-04-08;1372;406;0;39146;15450;0;19.6;7.7;0.0
58;2021-04-09;1629;393;0;40775;15843;0;20.4;7.9;0.0
58;2021-04-10;576;192;0;41351;16035;0;20.7;8.0;0.0
58;2021-04-11;30;3;0;41381;16038;0;20.7;8.0;0.0
58;2021-04-12;1071;460;0;42452;16498;0;21.3;8.3;0.0
58;2021-04-13;1379;589;0;43831;17087;0;22.0;8.6;0.0
58;2021-04-14;1232;620;0;45063;17707;0;22.6;8.9;0.0
58;2021-04-15;1262;585;0;46325;18292;0;23.2;9.2;0.0
58;2021-04-16;1529;487;0;47854;18779;0;24.0;9.4;0.0
58;2021-04-17;681;235;0;48535;19014;0;24.3;9.5;0.0
58;2021-04-18;19;10;0;48554;19024;0;24.3;9.5;0.0
58;2021-04-19;490;545;0;49044;19569;0;24.6;9.8;0.0
58;2021-04-20;477;946;0;49521;20515;0;24.8;10.3;0.0
58;2021-04-21;541;829;0;50062;21344;0;25.1;10.7;0.0
58;2021-04-22;710;1323;0;50772;22667;0;25.4;11.4;0.0
58;2021-04-23;889;702;0;51661;23369;0;25.9;11.7;0.0
58;2021-04-24;215;222;0;51876;23591;0;26.0;11.8;0.0
58;2021-04-25;16;1;0;51892;23592;0;26.0;11.8;0.0
58;2021-04-26;720;274;0;52612;23866;0;26.4;12.0;0.0
58;2021-04-27;1333;1024;0;53945;24890;0;27.0;12.5;0.0
58;2021-04-28;1459;889;0;55404;25779;0;27.8;12.9;0.0
58;2021-04-29;1331;978;0;56735;26757;0;28.4;13.4;0.0
58;2021-04-30;1160;875;0;57895;27632;0;29.0;13.8;0.0
58;2021-05-01;46;66;0;57941;27698;0;29.0;13.9;0.0
58;2021-05-02;18;5;0;57959;27703;0;29.0;13.9;0.0
58;2021-05-03;993;400;0;58952;28103;0;29.5;14.1;0.0
58;2021-05-04;1058;1212;0;60010;29315;0;30.1;14.7;0.0
58;2021-05-05;934;998;0;60944;30313;0;30.5;15.2;0.0
58;2021-05-06;1352;940;0;62296;31253;0;31.2;15.7;0.0
58;2021-05-07;1114;986;0;63410;32239;0;31.8;16.2;0.0
58;2021-05-08;144;67;0;63554;32306;0;31.8;16.2;0.0
58;2021-05-09;20;31;0;63574;32337;0;31.9;16.2;0.0
58;2021-05-10;931;879;0;64505;33216;0;32.3;16.6;0.0
58;2021-05-11;1385;1820;0;65890;35036;0;33.0;17.6;0.0
58;2021-05-12;1784;1470;0;67674;36506;0;33.9;18.3;0.0
58;2021-05-13;149;174;0;67823;36680;0;34.0;18.4;0.0
58;2021-05-14;2156;807;0;69979;37487;0;35.1;18.8;0.0
58;2021-05-15;1686;422;0;71665;37909;0;35.9;19.0;0.0
58;2021-05-16;124;33;0;71789;37942;0;36.0;19.0;0.0
58;2021-05-17;758;557;0;72547;38499;0;36.3;19.3;0.0
58;2021-05-18;1387;1112;0;73934;39611;0;37.0;19.8;0.0
58;2021-05-19;1758;510;0;75692;40121;0;37.9;20.1;0.0
58;2021-05-20;1741;625;0;77433;40746;0;38.8;20.4;0.0
58;2021-05-21;910;645;0;78343;41391;0;39.3;20.7;0.0
58;2021-05-22;416;231;0;78759;41622;0;39.5;20.9;0.0
58;2021-05-23;46;25;0;78805;41647;0;39.5;20.9;0.0
58;2021-05-24;164;53;0;78969;41700;0;39.6;20.9;0.0
58;2021-05-25;1444;1025;0;80413;42725;0;40.3;21.4;0.0
58;2021-05-26;967;741;0;81380;43466;0;40.8;21.8;0.0
58;2021-05-27;935;908;0;82315;44374;0;41.2;22.2;0.0
58;2021-05-28;640;844;0;82955;45218;0;41.6;22.7;0.0
58;2021-05-29;366;232;0;83321;45450;0;41.7;22.8;0.0
58;2021-05-30;97;19;0;83418;45469;0;41.8;22.8;0.0
58;2021-05-31;832;390;0;84250;45859;0;42.2;23.0;0.0
58;2021-06-01;1491;1531;0;85741;47390;0;43.0;23.7;0.0
58;2021-06-02;1575;986;0;87316;48376;0;43.7;24.2;0.0
58;2021-06-03;1143;886;0;88459;49262;0;44.3;24.7;0.0
58;2021-06-04;979;893;0;89438;50155;0;44.8;25.1;0.0
58;2021-06-05;443;284;0;89881;50439;0;45.0;25.3;0.0
58;2021-06-06;54;53;0;89935;50492;0;45.1;25.3;0.0
58;2021-06-07;750;745;0;90685;51237;0;45.4;25.7;0.0
58;2021-06-08;1311;1716;0;91996;52953;0;46.1;26.5;0.0
58;2021-06-09;1445;966;0;93441;53919;0;46.8;27.0;0.0
58;2021-06-10;1177;929;0;94618;54848;0;47.4;27.5;0.0
58;2021-06-11;987;908;0;95605;55756;0;47.9;27.9;0.0
58;2021-06-12;1084;422;0;96689;56178;0;48.4;28.1;0.0
58;2021-06-13;47;43;0;96736;56221;0;48.5;28.2;0.0
58;2021-06-14;520;1033;0;97256;57254;0;48.7;28.7;0.0
58;2021-06-15;1425;1773;0;98681;59027;0;49.4;29.6;0.0
58;2021-06-16;1667;993;0;100348;60020;0;50.3;30.1;0.0
58;2021-06-17;1798;1133;0;102146;61153;0;51.2;30.6;0.0
58;2021-06-18;890;1150;0;103036;62303;0;51.6;31.2;0.0
58;2021-06-19;567;386;0;103603;62689;0;51.9;31.4;0.0
58;2021-06-20;21;10;0;103624;62699;0;51.9;31.4;0.0
58;2021-06-21;453;646;0;104077;63345;0;52.1;31.7;0.0
58;2021-06-22;953;2027;0;105030;65372;0;52.6;32.8;0.0
58;2021-06-23;1299;1566;0;106329;66938;0;53.3;33.5;0.0
58;2021-06-24;681;979;0;107010;67917;0;53.6;34.0;0.0
58;2021-06-25;760;1711;0;107770;69628;0;54.0;34.9;0.0
58;2021-06-26;513;1300;0;108283;70928;0;54.3;35.5;0.0
58;2021-06-27;31;56;0;108314;70984;0;54.3;35.6;0.0
58;2021-06-28;394;981;0;108708;71965;0;54.5;36.1;0.0
58;2021-06-29;581;2103;0;109289;74068;0;54.8;37.1;0.0
58;2021-06-30;938;1674;0;110227;75742;0;55.2;37.9;0.0
58;2021-07-01;708;1693;0;110935;77435;0;55.6;38.8;0.0
58;2021-07-02;409;931;0;111344;78366;0;55.8;39.3;0.0
58;2021-07-03;237;652;0;111581;79018;0;55.9;39.6;0.0
58;2021-07-04;22;74;0;111603;79092;0;55.9;39.6;0.0
58;2021-07-05;501;841;0;112104;79933;0;56.2;40.0;0.0
58;2021-07-06;630;2098;0;112734;82031;0;56.5;41.1;0.0
58;2021-07-07;383;1099;0;113117;83130;0;56.7;41.6;0.0
58;2021-07-08;430;1075;0;113547;84205;0;56.9;42.2;0.0
58;2021-07-09;717;1460;0;114264;85665;0;57.2;42.9;0.0
58;2021-07-10;278;575;0;114542;86240;0;57.4;43.2;0.0
58;2021-07-11;174;135;0;114716;86375;0;57.5;43.3;0.0
58;2021-07-12;220;1073;0;114936;87448;0;57.6;43.8;0.0
58;2021-07-13;916;2542;0;115852;89990;0;58.0;45.1;0.0
58;2021-07-14;100;119;0;115952;90109;0;58.1;45.1;0.0
58;2021-07-15;1101;1932;0;117053;92041;0;58.6;46.1;0.0
58;2021-07-16;1331;1463;0;118384;93504;0;59.3;46.8;0.0
58;2021-07-17;482;443;0;118866;93947;0;59.6;47.1;0.0
58;2021-07-18;116;41;0;118982;93988;0;59.6;47.1;0.0
58;2021-07-19;1371;970;0;120353;94958;0;60.3;47.6;0.0
58;2021-07-20;1337;2353;0;121690;97311;0;61.0;48.8;0.0
58;2021-07-21;1155;1990;0;122845;99301;0;61.5;49.8;0.0
58;2021-07-22;1134;1613;0;123979;100914;0;62.1;50.6;0.0
58;2021-07-23;1201;1389;0;125180;102303;0;62.7;51.3;0.0
58;2021-07-24;923;1256;0;126103;103559;0;63.2;51.9;0.0
58;2021-07-25;96;61;0;126199;103620;0;63.2;51.9;0.0
58;2021-07-26;914;822;0;127113;104442;0;63.7;52.3;0.0
58;2021-07-27;1489;2383;0;128602;106825;0;64.4;53.5;0.0
58;2021-07-28;1463;1780;0;130065;108605;0;65.2;54.4;0.0
58;2021-07-29;1524;1492;0;131589;110097;0;65.9;55.2;0.0
58;2021-07-30;1374;1283;1;132963;111380;1;66.6;55.8;0.0
58;2021-07-31;595;549;0;133558;111929;1;66.9;56.1;0.0
58;2021-08-01;57;26;0;133615;111955;1;66.9;56.1;0.0
58;2021-08-02;1468;859;0;135083;112814;1;67.7;56.5;0.0
58;2021-08-03;1730;1590;0;136813;114404;1;68.5;57.3;0.0
58;2021-08-04;1190;1087;0;138003;115491;1;69.1;57.9;0.0
58;2021-08-05;1353;1107;0;139356;116598;1;69.8;58.4;0.0
58;2021-08-06;1184;985;0;140540;117583;1;70.4;58.9;0.0
58;2021-08-07;349;432;0;140889;118015;1;70.6;59.1;0.0
58;2021-08-08;34;79;0;140923;118094;1;70.6;59.2;0.0
58;2021-08-09;937;1172;0;141860;119266;1;71.1;59.8;0.0
58;2021-08-10;1539;1255;0;143399;120521;1;71.8;60.4;0.0
58;2021-08-11;992;735;0;144391;121256;1;72.3;60.8;0.0
58;2021-08-12;920;1056;0;145311;122312;1;72.8;61.3;0.0
58;2021-08-13;819;881;0;146130;123193;1;73.2;61.7;0.0
58;2021-08-14;232;363;0;146362;123556;1;73.3;61.9;0.0
58;2021-08-15;23;43;0;146385;123599;1;73.3;61.9;0.0
58;2021-08-16;344;1251;0;146729;124850;1;73.5;62.6;0.0
58;2021-08-17;723;1257;0;147452;126107;1;73.9;63.2;0.0
58;2021-08-18;673;1097;0;148125;127204;1;74.2;63.7;0.0
58;2021-08-19;641;1275;0;148766;128479;1;74.5;64.4;0.0
58;2021-08-20;601;1160;1;149367;129639;2;74.8;65.0;0.0
58;2021-08-21;226;489;0;149593;130128;2;74.9;65.2;0.0
58;2021-08-22;16;113;0;149609;130241;2;75.0;65.3;0.0
58;2021-08-23;362;793;0;149971;131034;2;75.1;65.6;0.0
58;2021-08-24;421;1282;0;150392;132316;2;75.3;66.3;0.0
58;2021-08-25;405;1356;0;150797;133672;2;75.6;67.0;0.0
58;2021-08-26;490;1503;0;151287;135175;2;75.8;67.7;0.0
58;2021-08-27;446;1380;0;151733;136555;2;76.0;68.4;0.0
58;2021-08-28;228;661;0;151961;137216;2;76.1;68.7;0.0
58;2021-08-29;10;52;0;151971;137268;2;76.1;68.8;0.0
58;2021-08-30;322;773;26;152293;138041;28;76.3;69.2;0.0
58;2021-08-31;443;1353;73;152736;139394;101;76.5;69.8;0.1
58;2021-09-01;375;1325;161;153111;140719;262;76.7;70.5;0.1
58;2021-09-02;265;1085;117;153376;141804;379;76.8;71.0;0.2
58;2021-09-03;334;1181;204;153710;142985;583;77.0;71.6;0.3
58;2021-09-04;199;570;64;153909;143555;647;77.1;71.9;0.3
58;2021-09-05;8;42;2;153917;143597;649;77.1;71.9;0.3
58;2021-09-06;136;398;163;154053;143995;812;77.2;72.1;0.4
58;2021-09-07;263;695;175;154316;144690;987;77.3;72.5;0.5
58;2021-09-08;233;912;262;154549;145602;1249;77.4;72.9;0.6
58;2021-09-09;233;456;255;154782;146058;1504;77.5;73.2;0.8
58;2021-09-10;238;626;282;155020;146684;1786;77.7;73.5;0.9
58;2021-09-11;108;406;87;155128;147090;1873;77.7;73.7;0.9
58;2021-09-12;5;11;11;155133;147101;1884;77.7;73.7;0.9
58;2021-09-13;183;388;298;155316;147489;2182;77.8;73.9;1.1
58;2021-09-14;267;573;356;155583;148062;2538;77.9;74.2;1.3
58;2021-09-15;184;521;281;155767;148583;2819;78.0;74.4;1.4
58;2021-09-16;190;424;337;155957;149007;3156;78.1;74.7;1.6
58;2021-09-17;195;377;238;156152;149384;3394;78.2;74.8;1.7
58;2021-09-18;106;355;82;156258;149739;3476;78.3;75.0;1.7
58;2021-09-19;6;10;3;156264;149749;3479;78.3;75.0;1.7
58;2021-09-20;160;223;287;156424;149972;3766;78.4;75.1;1.9
58;2021-09-21;133;364;309;156557;150336;4075;78.4;75.3;2.0
58;2021-09-22;147;490;484;156704;150826;4559;78.5;75.6;2.3
58;2021-09-23;131;294;315;156835;151120;4874;78.6;75.7;2.4
58;2021-09-24;118;345;254;156953;151465;5128;78.6;75.9;2.6
58;2021-09-25;78;319;109;157031;151784;5237;78.7;76.0;2.6
58;2021-09-26;10;15;20;157041;151799;5257;78.7;76.1;2.6
58;2021-09-27;88;221;217;157129;152020;5474;78.7;76.2;2.7
58;2021-09-28;120;307;298;157249;152327;5772;78.8;76.3;2.9
58;2021-09-29;98;322;374;157347;152649;6146;78.8;76.5;3.1
58;2021-09-30;77;208;261;157424;152857;6407;78.9;76.6;3.2
58;2021-10-01;100;215;200;157524;153072;6607;78.9;76.7;3.3
58;2021-10-02;85;201;167;157609;153273;6774;79.0;76.8;3.4
58;2021-10-03;0;4;8;157609;153277;6782;79.0;76.8;3.4
58;2021-10-04;69;169;185;157678;153446;6967;79.0;76.9;3.5
58;2021-10-05;131;294;437;157809;153740;7404;79.1;77.0;3.7
58;2021-10-06;72;281;276;157881;154021;7680;79.1;77.2;3.8
58;2021-10-07;85;138;331;157966;154159;8011;79.1;77.2;4.0
58;2021-10-08;110;217;309;158076;154376;8320;79.2;77.3;4.2
58;2021-10-09;67;134;137;158143;154510;8457;79.2;77.4;4.2
58;2021-10-10;3;14;16;158146;154524;8473;79.2;77.4;4.2
58;2021-10-11;50;152;260;158196;154676;8733;79.3;77.5;4.4
58;2021-10-12;107;196;430;158303;154872;9163;79.3;77.6;4.6
58;2021-10-13;122;230;521;158425;155102;9684;79.4;77.7;4.9
58;2021-10-14;67;209;333;158492;155311;10017;79.4;77.8;5.0
58;2021-10-15;73;107;290;158565;155418;10307;79.4;77.9;5.2
58;2021-10-16;61;117;142;158626;155535;10449;79.5;77.9;5.2
58;2021-10-17;3;7;7;158629;155542;10456;79.5;77.9;5.2
58;2021-10-18;33;68;242;158662;155610;10698;79.5;78.0;5.4
58;2021-10-19;67;100;432;158729;155710;11130;79.5;78.0;5.6
58;2021-10-20;132;151;625;158861;155861;11755;79.6;78.1;5.9
58;2021-10-21;49;78;351;158910;155939;12106;79.6;78.1;6.1
58;2021-10-22;51;88;274;158961;156027;12380;79.6;78.2;6.2
58;2021-10-23;63;89;247;159024;156116;12627;79.7;78.2;6.3
58;2021-10-24;9;18;23;159033;156134;12650;79.7;78.2;6.3
58;2021-10-25;40;63;269;159073;156197;12919;79.7;78.3;6.5
58;2021-10-26;83;116;573;159156;156313;13492;79.7;78.3;6.8
58;2021-10-27;75;89;507;159231;156402;13999;79.8;78.4;7.0
58;2021-10-28;55;92;521;159286;156494;14520;79.8;78.4;7.3
58;2021-10-29;41;68;299;159327;156562;14819;79.8;78.4;7.4
58;2021-10-30;54;74;172;159381;156636;14991;79.9;78.5;7.5
58;2021-10-31;0;10;8;159381;156646;14999;79.9;78.5;7.5
58;2021-11-01;5;0;4;159386;156646;15003;79.9;78.5;7.5
58;2021-11-02;58;93;449;159444;156739;15452;79.9;78.5;7.7
58;2021-11-03;75;143;671;159519;156882;16123;79.9;78.6;8.1
58;2021-11-04;63;71;461;159582;156953;16584;80.0;78.6;8.3
58;2021-11-05;60;66;408;159642;157019;16992;80.0;78.7;8.5
58;2021-11-06;41;54;216;159683;157073;17208;80.0;78.7;8.6
58;2021-11-07;4;6;36;159687;157079;17244;80.0;78.7;8.6
58;2021-11-08;28;39;442;159715;157118;17686;80.0;78.7;8.9
58;2021-11-09;54;84;776;159769;157202;18462;80.0;78.8;9.2
58;2021-11-10;84;144;857;159853;157346;19319;80.1;78.8;9.7
58;2021-11-11;6;8;24;159859;157354;19343;80.1;78.8;9.7
58;2021-11-12;69;74;610;159928;157428;19953;80.1;78.9;10.0
58;2021-11-13;32;61;279;159960;157489;20232;80.1;78.9;10.1
58;2021-11-14;2;8;12;159962;157497;20244;80.1;78.9;10.1
58;2021-11-15;34;46;626;159996;157543;20870;80.2;78.9;10.5
58;2021-11-16;58;89;1014;160054;157632;21884;80.2;79.0;11.0
58;2021-11-17;69;136;951;160123;157768;22835;80.2;79.0;11.4
58;2021-11-18;58;60;856;160181;157828;23691;80.3;79.1;11.9
58;2021-11-19;55;63;743;160236;157891;24434;80.3;79.1;12.2
58;2021-11-20;39;51;361;160275;157942;24795;80.3;79.1;12.4
58;2021-11-21;3;3;48;160278;157945;24843;80.3;79.1;12.4
58;2021-11-22;39;31;682;160317;157976;25525;80.3;79.1;12.8
58;2021-11-23;74;64;1022;160391;158040;26547;80.4;79.2;13.3
58;2021-11-24;89;125;1063;160480;158165;27610;80.4;79.2;13.8
58;2021-11-25;63;65;1331;160543;158230;28941;80.4;79.3;14.5
58;2021-11-26;78;64;1100;160621;158294;30041;80.5;79.3;15.1
58;2021-11-27;44;57;627;160665;158351;30668;80.5;79.3;15.4
58;2021-11-28;9;5;104;160674;158356;30772;80.5;79.3;15.4
58;2021-11-29;61;40;1402;160735;158396;32174;80.5;79.4;16.1
58;2021-11-30;74;58;2101;160809;158454;34275;80.6;79.4;17.2
58;2021-12-01;52;66;1927;160861;158520;36202;80.6;79.4;18.1
58;2021-12-02;52;52;2188;160913;158572;38390;80.6;79.4;19.2
58;2021-12-03;51;65;1956;160964;158637;40346;80.6;79.5;20.2
58;2021-12-04;46;44;934;161010;158681;41280;80.7;79.5;20.7
58;2021-12-05;2;6;132;161012;158687;41412;80.7;79.5;20.7
58;2021-12-06;39;34;1686;161051;158721;43098;80.7;79.5;21.6
58;2021-12-07;50;70;2374;161101;158791;45472;80.7;79.6;22.8
58;2021-12-08;34;70;2030;161135;158861;47502;80.7;79.6;23.8
58;2021-12-09;47;62;2758;161182;158923;50260;80.8;79.6;25.2
58;2021-12-10;69;64;2310;161251;158987;52570;80.8;79.7;26.3
58;2021-12-11;36;56;1024;161287;159043;53594;80.8;79.7;26.9
58;2021-12-12;6;9;185;161293;159052;53779;80.8;79.7;26.9
58;2021-12-13;43;53;1882;161336;159105;55661;80.8;79.7;27.9
58;2021-12-14;53;95;3147;161389;159200;58808;80.9;79.8;29.5
58;2021-12-15;63;81;2501;161452;159281;61309;80.9;79.8;30.7
58;2021-12-16;54;94;2955;161506;159375;64264;80.9;79.8;32.2
58;2021-12-17;56;72;2483;161562;159447;66747;80.9;79.9;33.4
58;2021-12-18;60;60;1316;161622;159507;68063;81.0;79.9;34.1
58;2021-12-19;9;11;250;161631;159518;68313;81.0;79.9;34.2
58;2021-12-20;69;70;2155;161700;159588;70468;81.0;80.0;35.3
58;2021-12-21;82;93;2481;161782;159681;72949;81.1;80.0;36.5
58;2021-12-22;53;77;1842;161835;159758;74791;81.1;80.0;37.5
58;2021-12-23;78;69;1662;161913;159827;76453;81.1;80.1;38.3
58;2021-12-24;17;15;286;161930;159842;76739;81.1;80.1;38.4
58;2021-12-25;0;2;10;161930;159844;76749;81.1;80.1;38.5
58;2021-12-26;2;2;57;161932;159846;76806;81.1;80.1;38.5
58;2021-12-27;35;33;1350;161967;159879;78156;81.1;80.1;39.2
58;2021-12-28;95;68;2127;162062;159947;80283;81.2;80.1;40.2
59;2020-12-27;0;0;0;0;0;0;0.0;0.0;0.0
59;2020-12-28;25;0;0;25;0;0;0.0;0.0;0.0
59;2020-12-29;0;0;0;25;0;0;0.0;0.0;0.0
59;2020-12-30;1;0;0;26;0;0;0.0;0.0;0.0
59;2020-12-31;1;0;0;27;0;0;0.0;0.0;0.0
59;2021-01-01;2;0;0;29;0;0;0.0;0.0;0.0
59;2021-01-02;5;2;0;34;2;0;0.0;0.0;0.0
59;2021-01-03;3;0;0;37;2;0;0.0;0.0;0.0
59;2021-01-04;80;0;0;117;2;0;0.0;0.0;0.0
59;2021-01-05;202;0;0;319;2;0;0.0;0.0;0.0
59;2021-01-06;404;2;0;723;4;0;0.0;0.0;0.0
59;2021-01-07;1277;1;0;2000;5;0;0.1;0.0;0.0
59;2021-01-08;1253;9;0;3253;14;0;0.1;0.0;0.0
59;2021-01-09;564;2;0;3817;16;0;0.1;0.0;0.0
59;2021-01-10;401;0;0;4218;16;0;0.2;0.0;0.0
59;2021-01-11;1771;7;0;5989;23;0;0.2;0.0;0.0
59;2021-01-12;2405;3;0;8394;26;0;0.3;0.0;0.0
59;2021-01-13;2317;5;0;10711;31;0;0.4;0.0;0.0
59;2021-01-14;2667;26;0;13378;57;0;0.5;0.0;0.0
59;2021-01-15;2212;17;0;15590;74;0;0.6;0.0;0.0
59;2021-01-16;735;3;0;16325;77;0;0.6;0.0;0.0
59;2021-01-17;514;4;0;16839;81;0;0.7;0.0;0.0
59;2021-01-18;3441;13;0;20280;94;0;0.8;0.0;0.0
59;2021-01-19;4726;14;0;25006;108;0;1.0;0.0;0.0
59;2021-01-20;4093;13;0;29099;121;0;1.1;0.0;0.0
59;2021-01-21;4722;43;0;33821;164;0;1.3;0.0;0.0
59;2021-01-22;4066;13;0;37887;177;0;1.5;0.0;0.0
59;2021-01-23;1221;2;0;39108;179;0;1.5;0.0;0.0
59;2021-01-24;163;0;0;39271;179;0;1.5;0.0;0.0
59;2021-01-25;2757;54;0;42028;233;0;1.6;0.0;0.0
59;2021-01-26;2836;130;0;44864;363;0;1.7;0.0;0.0
59;2021-01-27;1780;293;0;46644;656;0;1.8;0.0;0.0
59;2021-01-28;3470;747;0;50114;1403;0;1.9;0.1;0.0
59;2021-01-29;2569;774;0;52683;2177;0;2.0;0.1;0.0
59;2021-01-30;298;177;0;52981;2354;0;2.0;0.1;0.0
59;2021-01-31;26;1;0;53007;2355;0;2.0;0.1;0.0
59;2021-02-01;90;840;0;53097;3195;0;2.1;0.1;0.0
59;2021-02-02;703;1445;0;53800;4640;0;2.1;0.2;0.0
59;2021-02-03;3542;1430;0;57342;6070;0;2.2;0.2;0.0
59;2021-02-04;2831;1707;0;60173;7777;0;2.3;0.3;0.0
59;2021-02-05;1055;1386;0;61228;9163;0;2.4;0.4;0.0
59;2021-02-06;219;378;0;61447;9541;0;2.4;0.4;0.0
59;2021-02-07;250;47;0;61697;9588;0;2.4;0.4;0.0
59;2021-02-08;674;1569;0;62371;11157;0;2.4;0.4;0.0
59;2021-02-09;1011;1793;0;63382;12950;0;2.4;0.5;0.0
59;2021-02-10;1012;1627;0;64394;14577;0;2.5;0.6;0.0
59;2021-02-11;1343;1823;0;65737;16400;0;2.5;0.6;0.0
59;2021-02-12;1452;1589;0;67189;17989;0;2.6;0.7;0.0
59;2021-02-13;195;708;0;67384;18697;0;2.6;0.7;0.0
59;2021-02-14;15;41;0;67399;18738;0;2.6;0.7;0.0
59;2021-02-15;1336;3099;0;68735;21837;0;2.7;0.8;0.0
59;2021-02-16;1430;3694;0;70165;25531;0;2.7;1.0;0.0
59;2021-02-17;1592;3824;0;71757;29355;0;2.8;1.1;0.0
59;2021-02-18;3024;5183;0;74781;34538;0;2.9;1.3;0.0
59;2021-02-19;3210;3637;0;77991;38175;0;3.0;1.5;0.0
59;2021-02-20;1382;1560;0;79373;39735;0;3.1;1.5;0.0
59;2021-02-21;247;244;0;79620;39979;0;3.1;1.5;0.0
59;2021-02-22;1407;2553;0;81027;42532;0;3.1;1.6;0.0
59;2021-02-23;2607;2857;0;83634;45389;0;3.2;1.8;0.0
59;2021-02-24;3996;3888;0;87630;49277;0;3.4;1.9;0.0
59;2021-02-25;6730;3561;0;94360;52838;0;3.6;2.0;0.0
59;2021-02-26;6358;1827;0;100718;54665;0;3.9;2.1;0.0
59;2021-02-27;3026;186;0;103744;54851;0;4.0;2.1;0.0
59;2021-02-28;204;62;0;103948;54913;0;4.0;2.1;0.0
59;2021-03-01;3585;652;0;107533;55565;0;4.2;2.1;0.0
59;2021-03-02;4766;572;0;112299;56137;0;4.3;2.2;0.0
59;2021-03-03;5652;992;0;117951;57129;0;4.6;2.2;0.0
59;2021-03-04;6997;928;0;124948;58057;0;4.8;2.2;0.0
59;2021-03-05;7754;980;0;132702;59037;0;5.1;2.3;0.0
59;2021-03-06;11371;562;0;144073;59599;0;5.6;2.3;0.0
59;2021-03-07;7481;365;0;151554;59964;0;5.9;2.3;0.0
59;2021-03-08;4366;1082;0;155920;61046;0;6.0;2.4;0.0
59;2021-03-09;6392;1393;0;162312;62439;0;6.3;2.4;0.0
59;2021-03-10;6842;1218;0;169154;63657;0;6.5;2.5;0.0
59;2021-03-11;9273;1932;0;178427;65589;0;6.9;2.5;0.0
59;2021-03-12;11938;1600;0;190365;67189;0;7.4;2.6;0.0
59;2021-03-13;16251;1102;0;206616;68291;0;8.0;2.6;0.0
59;2021-03-14;6788;374;0;213404;68665;0;8.2;2.7;0.0
59;2021-03-15;5503;1493;0;218907;70158;0;8.5;2.7;0.0
59;2021-03-16;3703;1371;0;222610;71529;0;8.6;2.8;0.0
59;2021-03-17;3792;2042;0;226402;73571;0;8.7;2.8;0.0
59;2021-03-18;3911;2385;0;230313;75956;0;8.9;2.9;0.0
59;2021-03-19;7645;1859;0;237958;77815;0;9.2;3.0;0.0
59;2021-03-20;15515;1295;0;253473;79110;0;9.8;3.1;0.0
59;2021-03-21;6345;462;0;259818;79572;0;10.0;3.1;0.0
59;2021-03-22;5288;1739;0;265106;81311;0;10.2;3.1;0.0
59;2021-03-23;7683;2821;0;272789;84132;0;10.5;3.2;0.0
59;2021-03-24;6951;2986;0;279740;87118;0;10.8;3.4;0.0
59;2021-03-25;10502;2563;0;290242;89681;0;11.2;3.5;0.0
59;2021-03-26;12211;2879;0;302453;92560;0;11.7;3.6;0.0
59;2021-03-27;15163;1156;0;317616;93716;0;12.3;3.6;0.0
59;2021-03-28;7843;366;0;325459;94082;0;12.6;3.6;0.0
59;2021-03-29;5499;3145;0;330958;97227;0;12.8;3.8;0.0
59;2021-03-30;7570;3757;0;338528;100984;0;13.1;3.9;0.0
59;2021-03-31;6251;4139;0;344779;105123;0;13.3;4.1;0.0
59;2021-04-01;7538;4939;0;352317;110062;0;13.6;4.3;0.0
59;2021-04-02;7727;5448;0;360044;115510;0;13.9;4.5;0.0
59;2021-04-03;12653;4234;0;372697;119744;0;14.4;4.6;0.0
59;2021-04-04;5217;2165;0;377914;121909;0;14.6;4.7;0.0
59;2021-04-05;5609;1473;0;383523;123382;0;14.8;4.8;0.0
59;2021-04-06;5482;4427;0;389005;127809;0;15.0;4.9;0.0
59;2021-04-07;7697;5343;0;396702;133152;0;15.3;5.1;0.0
59;2021-04-08;10320;5795;0;407022;138947;0;15.7;5.4;0.0
59;2021-04-09;13294;5841;0;420316;144788;0;16.2;5.6;0.0
59;2021-04-10;11217;6119;0;431533;150907;0;16.7;5.8;0.0
59;2021-04-11;4472;3523;0;436005;154430;0;16.8;6.0;0.0
59;2021-04-12;6222;4220;0;442227;158650;0;17.1;6.1;0.0
59;2021-04-13;8983;4715;0;451210;163365;0;17.4;6.3;0.0
59;2021-04-14;8743;4298;0;459953;167663;0;17.8;6.5;0.0
59;2021-04-15;10227;4841;0;470180;172504;0;18.2;6.7;0.0
59;2021-04-16;10711;5403;0;480891;177907;0;18.6;6.9;0.0
59;2021-04-17;7112;8739;0;488003;186646;0;18.8;7.2;0.0
59;2021-04-18;3078;4220;0;491081;190866;0;19.0;7.4;0.0
59;2021-04-19;4892;4154;0;495973;195020;0;19.2;7.5;0.0
59;2021-04-20;6896;4265;0;502869;199285;0;19.4;7.7;0.0
59;2021-04-21;6310;4542;0;509179;203827;0;19.7;7.9;0.0
59;2021-04-22;8379;5582;0;517558;209409;0;20.0;8.1;0.0
59;2021-04-23;8346;5745;0;525904;215154;0;20.3;8.3;0.0
59;2021-04-24;5423;7977;0;531327;223131;0;20.5;8.6;0.0
59;2021-04-25;3140;5886;0;534467;229017;0;20.6;8.8;0.0
59;2021-04-26;6263;3741;0;540730;232758;0;20.9;9.0;0.0
59;2021-04-27;8208;5255;0;548938;238013;0;21.2;9.2;0.0
59;2021-04-28;8644;6611;0;557582;244624;0;21.5;9.4;0.0
59;2021-04-29;9256;8614;0;566838;253238;0;21.9;9.8;0.0
59;2021-04-30;10259;8518;0;577097;261756;0;22.3;10.1;0.0
59;2021-05-01;11344;7125;0;588441;268881;0;22.7;10.4;0.0
59;2021-05-02;8158;5569;0;596599;274450;0;23.0;10.6;0.0
59;2021-05-03;9027;4979;0;605626;279429;0;23.4;10.8;0.0
59;2021-05-04;10945;6025;0;616571;285454;0;23.8;11.0;0.0
59;2021-05-05;9867;6280;0;626438;291734;0;24.2;11.3;0.0
59;2021-05-06;10843;8308;0;637281;300042;0;24.6;11.6;0.0
59;2021-05-07;12520;9453;0;649801;309495;0;25.1;12.0;0.0
59;2021-05-08;13750;3951;0;663551;313446;0;25.6;12.1;0.0
59;2021-05-09;10609;3217;0;674160;316663;0;26.0;12.2;0.0
59;2021-05-10;11628;6497;0;685788;323160;0;26.5;12.5;0.0
59;2021-05-11;14313;8309;0;700101;331469;0;27.0;12.8;0.0
59;2021-05-12;15758;8506;0;715859;339975;0;27.7;13.1;0.0
59;2021-05-13;17695;3333;0;733554;343308;0;28.3;13.3;0.0
59;2021-05-14;15455;6789;0;749009;350097;0;28.9;13.5;0.0
59;2021-05-15;22736;5106;0;771745;355203;0;29.8;13.7;0.0
59;2021-05-16;19882;2307;0;791627;357510;0;30.6;13.8;0.0
59;2021-05-17;14449;5081;0;806076;362591;0;31.1;14.0;0.0
59;2021-05-18;16557;5634;0;822633;368225;0;31.8;14.2;0.0
59;2021-05-19;17729;5120;0;840362;373345;0;32.5;14.4;0.0
59;2021-05-20;17386;6878;0;857748;380223;0;33.1;14.7;0.0
59;2021-05-21;17618;8087;0;875366;388310;0;33.8;15.0;0.0
59;2021-05-22;23103;5539;0;898469;393849;0;34.7;15.2;0.0
59;2021-05-23;16716;2195;0;915185;396044;0;35.3;15.3;0.0
59;2021-05-24;14846;1917;0;930031;397961;0;35.9;15.4;0.0
59;2021-05-25;14552;6637;0;944583;404598;0;36.5;15.6;0.0
59;2021-05-26;14977;7027;0;959560;411625;0;37.1;15.9;0.0
59;2021-05-27;15436;9063;0;974996;420688;0;37.7;16.2;0.0
59;2021-05-28;15170;11237;0;990166;431925;0;38.2;16.7;0.0
59;2021-05-29;13855;8593;0;1004021;440518;0;38.8;17.0;0.0
59;2021-05-30;7843;1773;0;1011864;442291;0;39.1;17.1;0.0
59;2021-05-31;13617;7704;0;1025481;449995;0;39.6;17.4;0.0
59;2021-06-01;14904;10314;0;1040385;460309;0;40.2;17.8;0.0
59;2021-06-02;14381;9725;0;1054766;470034;0;40.7;18.2;0.0
59;2021-06-03;15038;11851;0;1069804;481885;0;41.3;18.6;0.0
59;2021-06-04;15297;13208;0;1085101;495093;0;41.9;19.1;0.0
59;2021-06-05;14227;9113;0;1099328;504206;0;42.5;19.5;0.0
59;2021-06-06;8162;3063;0;1107490;507269;0;42.8;19.6;0.0
59;2021-06-07;10050;9149;0;1117540;516418;0;43.2;19.9;0.0
59;2021-06-08;11358;10880;0;1128898;527298;0;43.6;20.4;0.0
59;2021-06-09;10621;11589;0;1139519;538887;0;44.0;20.8;0.0
59;2021-06-10;11271;11947;0;1150790;550834;0;44.4;21.3;0.0
59;2021-06-11;10945;15569;0;1161735;566403;0;44.9;21.9;0.0
59;2021-06-12;10676;13156;0;1172411;579559;0;45.3;22.4;0.0
59;2021-06-13;5939;6674;0;1178350;586233;0;45.5;22.6;0.0
59;2021-06-14;6294;12251;0;1184644;598484;0;45.8;23.1;0.0
59;2021-06-15;8161;15562;0;1192805;614046;0;46.1;23.7;0.0
59;2021-06-16;9067;13286;0;1201872;627332;0;46.4;24.2;0.0
59;2021-06-17;9057;15281;0;1210929;642613;0;46.8;24.8;0.0
59;2021-06-18;8996;19199;0;1219925;661812;0;47.1;25.6;0.0
59;2021-06-19;8625;16435;0;1228550;678247;0;47.5;26.2;0.0
59;2021-06-20;4442;9233;0;1232992;687480;0;47.6;26.6;0.0
59;2021-06-21;5252;15164;0;1238244;702644;0;47.8;27.1;0.0
59;2021-06-22;6173;18262;0;1244417;720906;0;48.1;27.8;0.0
59;2021-06-23;5989;18575;0;1250406;739481;0;48.3;28.6;0.0
59;2021-06-24;7111;19998;0;1257517;759479;0;48.6;29.3;0.0
59;2021-06-25;6350;21021;0;1263867;780500;0;48.8;30.1;0.0
59;2021-06-26;6216;23109;0;1270083;803609;0;49.1;31.0;0.0
59;2021-06-27;4221;15858;0;1274304;819467;0;49.2;31.7;0.0
59;2021-06-28;4776;18983;0;1279080;838450;0;49.4;32.4;0.0
59;2021-06-29;5364;20045;0;1284444;858495;0;49.6;33.2;0.0
59;2021-06-30;6115;19693;0;1290559;878188;0;49.8;33.9;0.0
59;2021-07-01;7073;20281;0;1297632;898469;0;50.1;34.7;0.0
59;2021-07-02;7241;22588;0;1304873;921057;0;50.4;35.6;0.0
59;2021-07-03;5458;23751;0;1310331;944808;0;50.6;36.5;0.0
59;2021-07-04;4038;14726;0;1314369;959534;0;50.8;37.1;0.0
59;2021-07-05;5572;16533;0;1319941;976067;0;51.0;37.7;0.0
59;2021-07-06;6488;18460;0;1326429;994527;0;51.2;38.4;0.0
59;2021-07-07;6826;17163;0;1333255;1011690;0;51.5;39.1;0.0
59;2021-07-08;8072;17384;0;1341327;1029074;0;51.8;39.7;0.0
59;2021-07-09;7604;19778;0;1348931;1048852;0;52.1;40.5;0.0
59;2021-07-10;7230;17808;0;1356161;1066660;0;52.4;41.2;0.0
59;2021-07-11;4059;9281;0;1360220;1075941;0;52.5;41.6;0.0
59;2021-07-12;5785;17476;0;1366005;1093417;0;52.8;42.2;0.0
59;2021-07-13;9843;20599;0;1375848;1114016;0;53.1;43.0;0.0
59;2021-07-14;10004;8180;0;1385852;1122196;0;53.5;43.3;0.0
59;2021-07-15;11831;20236;0;1397683;1142432;0;54.0;44.1;0.0
59;2021-07-16;13254;20340;0;1410937;1162772;0;54.5;44.9;0.0
59;2021-07-17;12580;16753;0;1423517;1179525;0;55.0;45.6;0.0
59;2021-07-18;7626;8163;0;1431143;1187688;0;55.3;45.9;0.0
59;2021-07-19;10529;15955;0;1441672;1203643;0;55.7;46.5;0.0
59;2021-07-20;13571;17044;0;1455243;1220687;0;56.2;47.1;0.0
59;2021-07-21;14925;15636;0;1470168;1236323;0;56.8;47.8;0.0
59;2021-07-22;17292;15411;0;1487460;1251734;0;57.5;48.3;0.0
59;2021-07-23;16089;15965;0;1503549;1267699;0;58.1;49.0;0.0
59;2021-07-24;16093;12353;0;1519642;1280052;0;58.7;49.4;0.0
59;2021-07-25;11225;6965;0;1530867;1287017;0;59.1;49.7;0.0
59;2021-07-26;12945;12392;0;1543812;1299409;0;59.6;50.2;0.0
59;2021-07-27;16126;12065;0;1559938;1311474;0;60.3;50.7;0.0
59;2021-07-28;17459;11837;0;1577397;1323311;0;60.9;51.1;0.0
59;2021-07-29;17381;11849;0;1594778;1335160;0;61.6;51.6;0.0
59;2021-07-30;15995;11614;0;1610773;1346774;0;62.2;52.0;0.0
59;2021-07-31;13536;8923;0;1624309;1355697;0;62.7;52.4;0.0
59;2021-08-01;9299;4362;0;1633608;1360059;0;63.1;52.5;0.0
59;2021-08-02;12286;10051;0;1645894;1370110;0;63.6;52.9;0.0
59;2021-08-03;13657;10211;0;1659551;1380321;0;64.1;53.3;0.0
59;2021-08-04;11759;8807;0;1671310;1389128;0;64.6;53.7;0.0
59;2021-08-05;12962;10043;0;1684272;1399171;0;65.1;54.0;0.0
59;2021-08-06;12567;11339;0;1696839;1410510;0;65.5;54.5;0.0
59;2021-08-07;9313;8922;0;1706152;1419432;0;65.9;54.8;0.0
59;2021-08-08;6427;5065;0;1712579;1424497;0;66.1;55.0;0.0
59;2021-08-09;8341;11059;0;1720920;1435556;0;66.5;55.4;0.0
59;2021-08-10;10267;11208;0;1731187;1446764;0;66.9;55.9;0.0
59;2021-08-11;8729;9928;0;1739916;1456692;0;67.2;56.3;0.0
59;2021-08-12;9063;12509;0;1748979;1469201;0;67.6;56.7;0.0
59;2021-08-13;8409;11926;0;1757388;1481127;0;67.9;57.2;0.0
59;2021-08-14;5684;10459;0;1763072;1491586;0;68.1;57.6;0.0
59;2021-08-15;3042;4381;0;1766114;1495967;0;68.2;57.8;0.0
59;2021-08-16;5785;14047;0;1771899;1510014;0;68.4;58.3;0.0
59;2021-08-17;6991;13238;0;1778890;1523252;0;68.7;58.8;0.0
59;2021-08-18;5814;12020;0;1784704;1535272;0;68.9;59.3;0.0
59;2021-08-19;6203;13934;0;1790907;1549206;0;69.2;59.8;0.0
59;2021-08-20;5734;14601;0;1796641;1563807;0;69.4;60.4;0.0
59;2021-08-21;4085;10376;0;1800726;1574183;0;69.6;60.8;0.0
59;2021-08-22;2593;7168;0;1803319;1581351;0;69.7;61.1;0.0
59;2021-08-23;4624;15571;0;1807943;1596922;0;69.8;61.7;0.0
59;2021-08-24;5265;15318;0;1813208;1612240;0;70.0;62.3;0.0
59;2021-08-25;4554;13197;0;1817762;1625437;0;70.2;62.8;0.0
59;2021-08-26;5009;14337;0;1822771;1639774;0;70.4;63.3;0.0
59;2021-08-27;4817;15173;0;1827588;1654947;0;70.6;63.9;0.0
59;2021-08-28;3609;11898;0;1831197;1666845;0;70.7;64.4;0.0
59;2021-08-29;1761;7859;0;1832958;1674704;0;70.8;64.7;0.0
59;2021-08-30;3715;12339;273;1836673;1687043;273;70.9;65.2;0.0
59;2021-08-31;3683;12149;556;1840356;1699192;829;71.1;65.6;0.0
59;2021-09-01;3617;9560;966;1843973;1708752;1795;71.2;66.0;0.1
59;2021-09-02;3185;9813;1157;1847158;1718565;2952;71.3;66.4;0.1
59;2021-09-03;3672;10571;1288;1850830;1729136;4240;71.5;66.8;0.2
59;2021-09-04;3253;8856;593;1854083;1737992;4833;71.6;67.1;0.2
59;2021-09-05;1060;3163;202;1855143;1741155;5035;71.7;67.3;0.2
59;2021-09-06;2097;5989;1225;1857240;1747144;6260;71.7;67.5;0.2
59;2021-09-07;2193;5964;1110;1859433;1753108;7370;71.8;67.7;0.3
59;2021-09-08;2526;6470;1051;1861959;1759578;8421;71.9;68.0;0.3
59;2021-09-09;2347;5509;1072;1864306;1765087;9493;72.0;68.2;0.4
59;2021-09-10;3240;6584;1430;1867546;1771671;10923;72.1;68.4;0.4
59;2021-09-11;2465;6722;520;1870011;1778393;11443;72.2;68.7;0.4
59;2021-09-12;831;2545;149;1870842;1780938;11592;72.3;68.8;0.4
59;2021-09-13;1978;4125;1404;1872820;1785063;12996;72.3;68.9;0.5
59;2021-09-14;2307;4205;1927;1875127;1789268;14923;72.4;69.1;0.6
59;2021-09-15;2277;5274;1407;1877404;1794542;16330;72.5;69.3;0.6
59;2021-09-16;2088;4079;1985;1879492;1798621;18315;72.6;69.5;0.7
59;2021-09-17;2799;5186;1998;1882291;1803807;20313;72.7;69.7;0.8
59;2021-09-18;1673;5586;660;1883964;1809393;20973;72.8;69.9;0.8
59;2021-09-19;327;1193;146;1884291;1810586;21119;72.8;69.9;0.8
59;2021-09-20;1401;3138;1714;1885692;1813724;22833;72.8;70.1;0.9
59;2021-09-21;1279;2816;2103;1886971;1816540;24936;72.9;70.2;1.0
59;2021-09-22;1391;4641;1907;1888362;1821181;26843;72.9;70.3;1.0
59;2021-09-23;1416;2718;2189;1889778;1823899;29032;73.0;70.4;1.1
59;2021-09-24;1819;4065;2033;1891597;1827964;31065;73.1;70.6;1.2
59;2021-09-25;1146;3824;777;1892743;1831788;31842;73.1;70.8;1.2
59;2021-09-26;280;1087;146;1893023;1832875;31988;73.1;70.8;1.2
59;2021-09-27;1017;2400;1805;1894040;1835275;33793;73.2;70.9;1.3
59;2021-09-28;1044;2110;1709;1895084;1837385;35502;73.2;71.0;1.4
59;2021-09-29;1255;2888;1747;1896339;1840273;37249;73.2;71.1;1.4
59;2021-09-30;1179;2185;1941;1897518;1842458;39190;73.3;71.2;1.5
59;2021-10-01;2032;3236;2581;1899550;1845694;41771;73.4;71.3;1.6
59;2021-10-02;1453;3035;1290;1901003;1848729;43061;73.4;71.4;1.7
59;2021-10-03;232;593;173;1901235;1849322;43234;73.4;71.4;1.7
59;2021-10-04;1217;1934;2422;1902452;1851256;45656;73.5;71.5;1.8
59;2021-10-05;1126;2051;2421;1903578;1853307;48077;73.5;71.6;1.9
59;2021-10-06;1315;2363;2748;1904893;1855670;50825;73.6;71.7;2.0
59;2021-10-07;992;1798;2613;1905885;1857468;53438;73.6;71.7;2.1
59;2021-10-08;1704;3195;3407;1907589;1860663;56845;73.7;71.9;2.2
59;2021-10-09;1259;2165;1784;1908848;1862828;58629;73.7;72.0;2.3
59;2021-10-10;264;430;353;1909112;1863258;58982;73.7;72.0;2.3
59;2021-10-11;1084;1560;2957;1910196;1864818;61939;73.8;72.0;2.4
59;2021-10-12;1070;1596;3185;1911266;1866414;65124;73.8;72.1;2.5
59;2021-10-13;1212;1859;3119;1912478;1868273;68243;73.9;72.2;2.6
59;2021-10-14;977;1510;2786;1913455;1869783;71029;73.9;72.2;2.7
59;2021-10-15;1507;2459;4036;1914962;1872242;75065;74.0;72.3;2.9
59;2021-10-16;1171;1643;1945;1916133;1873885;77010;74.0;72.4;3.0
59;2021-10-17;258;328;325;1916391;1874213;77335;74.0;72.4;3.0
59;2021-10-18;991;1223;3047;1917382;1875436;80382;74.1;72.4;3.1
59;2021-10-19;915;1318;3432;1918297;1876754;83814;74.1;72.5;3.2
59;2021-10-20;1072;1482;3608;1919369;1878236;87422;74.1;72.5;3.4
59;2021-10-21;819;1359;3250;1920188;1879595;90672;74.2;72.6;3.5
59;2021-10-22;1238;1801;4318;1921426;1881396;94990;74.2;72.7;3.7
59;2021-10-23;1045;1407;2365;1922471;1882803;97355;74.3;72.7;3.8
59;2021-10-24;174;233;416;1922645;1883036;97771;74.3;72.7;3.8
59;2021-10-25;940;1179;3349;1923585;1884215;101120;74.3;72.8;3.9
59;2021-10-26;821;1081;3530;1924406;1885296;104650;74.3;72.8;4.0
59;2021-10-27;970;1351;4005;1925376;1886647;108655;74.4;72.9;4.2
59;2021-10-28;795;847;3251;1926171;1887494;111906;74.4;72.9;4.3
59;2021-10-29;1109;1471;4695;1927280;1888965;116601;74.4;73.0;4.5
59;2021-10-30;730;1276;2434;1928010;1890241;119035;74.5;73.0;4.6
59;2021-10-31;109;165;268;1928119;1890406;119303;74.5;73.0;4.6
59;2021-11-01;163;79;86;1928282;1890485;119389;74.5;73.0;4.6
59;2021-11-02;997;1421;4252;1929279;1891906;123641;74.5;73.1;4.8
59;2021-11-03;1033;1440;4803;1930312;1893346;128444;74.6;73.1;5.0
59;2021-11-04;805;945;3711;1931117;1894291;132155;74.6;73.2;5.1
59;2021-11-05;1134;1580;5321;1932251;1895871;137476;74.6;73.2;5.3
59;2021-11-06;860;1219;3102;1933111;1897090;140578;74.7;73.3;5.4
59;2021-11-07;123;226;428;1933234;1897316;141006;74.7;73.3;5.4
59;2021-11-08;697;1084;4778;1933931;1898400;145784;74.7;73.3;5.6
59;2021-11-09;829;1172;6198;1934760;1899572;151982;74.7;73.4;5.9
59;2021-11-10;1161;1478;6877;1935921;1901050;158859;74.8;73.4;6.1
59;2021-11-11;43;74;209;1935964;1901124;159068;74.8;73.4;6.1
59;2021-11-12;1100;1409;7565;1937064;1902533;166633;74.8;73.5;6.4
59;2021-11-13;900;1144;4126;1937964;1903677;170759;74.9;73.5;6.6
59;2021-11-14;120;116;442;1938084;1903793;171201;74.9;73.5;6.6
59;2021-11-15;769;1024;5926;1938853;1904817;177127;74.9;73.6;6.8
59;2021-11-16;886;1006;6839;1939739;1905823;183966;74.9;73.6;7.1
59;2021-11-17;1106;1324;6859;1940845;1907147;190825;75.0;73.7;7.4
59;2021-11-18;894;1007;6676;1941739;1908154;197501;75.0;73.7;7.6
59;2021-11-19;1364;1491;9007;1943103;1909645;206508;75.1;73.8;8.0
59;2021-11-20;1089;1220;5056;1944192;1910865;211564;75.1;73.8;8.2
59;2021-11-21;120;152;473;1944312;1911017;212037;75.1;73.8;8.2
59;2021-11-22;818;672;6181;1945130;1911689;218218;75.1;73.8;8.4
59;2021-11-23;936;900;8012;1946066;1912589;226230;75.2;73.9;8.7
59;2021-11-24;1077;1222;7501;1947143;1913811;233731;75.2;73.9;9.0
59;2021-11-25;864;905;9601;1948007;1914716;243332;75.2;74.0;9.4
59;2021-11-26;1161;1301;15346;1949168;1916017;258678;75.3;74.0;10.0
59;2021-11-27;909;1120;11738;1950077;1917137;270416;75.3;74.0;10.4
59;2021-11-28;154;214;4720;1950231;1917351;275136;75.3;74.1;10.6
59;2021-11-29;701;765;15826;1950932;1918116;290962;75.4;74.1;11.2
59;2021-11-30;902;945;20683;1951834;1919061;311645;75.4;74.1;12.0
59;2021-12-01;748;1105;20268;1952582;1920166;331913;75.4;74.2;12.8
59;2021-12-02;679;688;22097;1953261;1920854;354010;75.4;74.2;13.7
59;2021-12-03;851;1137;26625;1954112;1921991;380635;75.5;74.2;14.7
59;2021-12-04;648;1043;19501;1954760;1923034;400136;75.5;74.3;15.5
59;2021-12-05;183;242;7969;1954943;1923276;408105;75.5;74.3;15.8
59;2021-12-06;636;848;23649;1955579;1924124;431754;75.5;74.3;16.7
59;2021-12-07;693;956;27422;1956272;1925080;459176;75.6;74.4;17.7
59;2021-12-08;727;1074;25126;1956999;1926154;484302;75.6;74.4;18.7
59;2021-12-09;742;882;27841;1957741;1927036;512143;75.6;74.4;19.8
59;2021-12-10;764;1305;31624;1958505;1928341;543767;75.6;74.5;21.0
59;2021-12-11;673;1138;23063;1959178;1929479;566830;75.7;74.5;21.9
59;2021-12-12;239;221;8748;1959417;1929700;575578;75.7;74.5;22.2
59;2021-12-13;676;985;26077;1960093;1930685;601655;75.7;74.6;23.2
59;2021-12-14;806;923;30451;1960899;1931608;632106;75.7;74.6;24.4
59;2021-12-15;786;1173;27830;1961685;1932781;659936;75.8;74.7;25.5
59;2021-12-16;780;946;30881;1962465;1933727;690817;75.8;74.7;26.7
59;2021-12-17;906;1327;34764;1963371;1935054;725581;75.8;74.7;28.0
59;2021-12-18;826;1087;23800;1964197;1936141;749381;75.9;74.8;28.9
59;2021-12-19;362;279;9508;1964559;1936420;758889;75.9;74.8;29.3
59;2021-12-20;904;1006;25279;1965463;1937426;784168;75.9;74.8;30.3
59;2021-12-21;1153;1097;27390;1966616;1938523;811558;76.0;74.9;31.3
59;2021-12-22;1056;978;23906;1967672;1939501;835464;76.0;74.9;32.3
59;2021-12-23;854;738;17586;1968526;1940239;853050;76.0;74.9;32.9
59;2021-12-24;224;306;4208;1968750;1940545;857258;76.0;75.0;33.1
59;2021-12-25;16;46;302;1968766;1940591;857560;76.0;75.0;33.1
59;2021-12-26;131;140;3225;1968897;1940731;860785;76.0;75.0;33.2
59;2021-12-27;828;1026;21198;1969725;1941757;881983;76.1;75.0;34.1
59;2021-12-28;988;985;24559;1970713;1942742;906542;76.1;75.0;35.0
60;2020-12-27;0;0;0;0;0;0;0.0;0.0;0.0
60;2020-12-28;1;0;0;1;0;0;0.0;0.0;0.0
60;2020-12-29;1;0;0;2;0;0;0.0;0.0;0.0
60;2020-12-30;2;0;0;4;0;0;0.0;0.0;0.0
60;2020-12-31;0;0;0;4;0;0;0.0;0.0;0.0
60;2021-01-01;0;0;0;4;0;0;0.0;0.0;0.0
60;2021-01-02;4;0;0;8;0;0;0.0;0.0;0.0
60;2021-01-03;1;0;0;9;0;0;0.0;0.0;0.0
60;2021-01-04;4;0;0;13;0;0;0.0;0.0;0.0
60;2021-01-05;45;1;0;58;1;0;0.0;0.0;0.0
60;2021-01-06;203;4;0;261;5;0;0.0;0.0;0.0
60;2021-01-07;238;4;0;499;9;0;0.1;0.0;0.0
60;2021-01-08;398;4;0;897;13;0;0.1;0.0;0.0
60;2021-01-09;23;0;0;920;13;0;0.1;0.0;0.0
60;2021-01-10;70;0;0;990;13;0;0.1;0.0;0.0
60;2021-01-11;394;5;0;1384;18;0;0.2;0.0;0.0
60;2021-01-12;590;6;0;1974;24;0;0.2;0.0;0.0
60;2021-01-13;576;7;0;2550;31;0;0.3;0.0;0.0
60;2021-01-14;592;11;0;3142;42;0;0.4;0.0;0.0
60;2021-01-15;744;12;0;3886;54;0;0.5;0.0;0.0
60;2021-01-16;132;1;0;4018;55;0;0.5;0.0;0.0
60;2021-01-17;41;0;0;4059;55;0;0.5;0.0;0.0
60;2021-01-18;929;15;0;4988;70;0;0.6;0.0;0.0
60;2021-01-19;1233;18;0;6221;88;0;0.8;0.0;0.0
60;2021-01-20;1760;13;0;7981;101;0;1.0;0.0;0.0
60;2021-01-21;2177;14;0;10158;115;0;1.2;0.0;0.0
60;2021-01-22;1459;23;0;11617;138;0;1.4;0.0;0.0
60;2021-01-23;469;4;0;12086;142;0;1.5;0.0;0.0
60;2021-01-24;71;1;0;12157;143;0;1.5;0.0;0.0
60;2021-01-25;915;12;0;13072;155;0;1.6;0.0;0.0
60;2021-01-26;888;16;0;13960;171;0;1.7;0.0;0.0
60;2021-01-27;657;29;0;14617;200;0;1.8;0.0;0.0
60;2021-01-28;477;171;0;15094;371;0;1.8;0.0;0.0
60;2021-01-29;160;126;0;15254;497;0;1.8;0.1;0.0
60;2021-01-30;33;9;0;15287;506;0;1.9;0.1;0.0
60;2021-01-31;24;56;0;15311;562;0;1.9;0.1;0.0
60;2021-02-01;77;140;0;15388;702;0;1.9;0.1;0.0
60;2021-02-02;46;194;0;15434;896;0;1.9;0.1;0.0
60;2021-02-03;178;295;0;15612;1191;0;1.9;0.1;0.0
60;2021-02-04;191;376;0;15803;1567;0;1.9;0.2;0.0
60;2021-02-05;314;472;0;16117;2039;0;2.0;0.2;0.0
60;2021-02-06;78;85;0;16195;2124;0;2.0;0.3;0.0
60;2021-02-07;29;46;0;16224;2170;0;2.0;0.3;0.0
60;2021-02-08;342;534;0;16566;2704;0;2.0;0.3;0.0
60;2021-02-09;356;521;0;16922;3225;0;2.1;0.4;0.0
60;2021-02-10;593;1055;0;17515;4280;0;2.1;0.5;0.0
60;2021-02-11;965;1127;0;18480;5407;0;2.2;0.7;0.0
60;2021-02-12;882;825;0;19362;6232;0;2.3;0.8;0.0
60;2021-02-13;113;260;0;19475;6492;0;2.4;0.8;0.0
60;2021-02-14;24;89;0;19499;6581;0;2.4;0.8;0.0
60;2021-02-15;633;847;0;20132;7428;0;2.4;0.9;0.0
60;2021-02-16;638;980;0;20770;8408;0;2.5;1.0;0.0
60;2021-02-17;652;944;0;21422;9352;0;2.6;1.1;0.0
60;2021-02-18;681;894;0;22103;10246;0;2.7;1.2;0.0
60;2021-02-19;655;821;0;22758;11067;0;2.8;1.3;0.0
60;2021-02-20;109;208;0;22867;11275;0;2.8;1.4;0.0
60;2021-02-21;27;119;0;22894;11394;0;2.8;1.4;0.0
60;2021-02-22;463;845;0;23357;12239;0;2.8;1.5;0.0
60;2021-02-23;572;777;0;23929;13016;0;2.9;1.6;0.0
60;2021-02-24;801;577;0;24730;13593;0;3.0;1.6;0.0
60;2021-02-25;1156;403;0;25886;13996;0;3.1;1.7;0.0
60;2021-02-26;1294;241;0;27180;14237;0;3.3;1.7;0.0
60;2021-02-27;631;56;0;27811;14293;0;3.4;1.7;0.0
60;2021-02-28;6;12;0;27817;14305;0;3.4;1.7;0.0
60;2021-03-01;849;78;0;28666;14383;0;3.5;1.7;0.0
60;2021-03-02;1001;194;0;29667;14577;0;3.6;1.8;0.0
60;2021-03-03;1353;444;0;31020;15021;0;3.8;1.8;0.0
60;2021-03-04;1824;506;0;32844;15527;0;4.0;1.9;0.0
60;2021-03-05;1985;325;0;34829;15852;0;4.2;1.9;0.0
60;2021-03-06;2171;170;0;37000;16022;0;4.5;1.9;0.0
60;2021-03-07;1113;65;0;38113;16087;0;4.6;1.9;0.0
60;2021-03-08;1167;366;0;39280;16453;0;4.8;2.0;0.0
60;2021-03-09;1934;394;0;41214;16847;0;5.0;2.0;0.0
60;2021-03-10;1974;457;0;43188;17304;0;5.2;2.1;0.0
60;2021-03-11;2432;441;0;45620;17745;0;5.5;2.2;0.0
60;2021-03-12;2750;544;0;48370;18289;0;5.9;2.2;0.0
60;2021-03-13;3737;234;0;52107;18523;0;6.3;2.2;0.0
60;2021-03-14;1655;62;0;53762;18585;0;6.5;2.3;0.0
60;2021-03-15;2133;507;0;55895;19092;0;6.8;2.3;0.0
60;2021-03-16;1535;606;0;57430;19698;0;7.0;2.4;0.0
60;2021-03-17;1648;595;0;59078;20293;0;7.2;2.5;0.0
60;2021-03-18;1667;709;0;60745;21002;0;7.4;2.5;0.0
60;2021-03-19;2576;525;0;63321;21527;0;7.7;2.6;0.0
60;2021-03-20;3116;202;0;66437;21729;0;8.1;2.6;0.0
60;2021-03-21;1965;88;0;68402;21817;0;8.3;2.6;0.0
60;2021-03-22;2155;698;0;70557;22515;0;8.6;2.7;0.0
60;2021-03-23;3213;718;0;73770;23233;0;8.9;2.8;0.0
60;2021-03-24;3082;865;0;76852;24098;0;9.3;2.9;0.0
60;2021-03-25;3881;857;0;80733;24955;0;9.8;3.0;0.0
60;2021-03-26;4319;902;0;85052;25857;0;10.3;3.1;0.0
60;2021-03-27;3980;320;0;89032;26177;0;10.8;3.2;0.0
60;2021-03-28;2277;91;0;91309;26268;0;11.1;3.2;0.0
60;2021-03-29;2691;1080;0;94000;27348;0;11.4;3.3;0.0
60;2021-03-30;3380;1091;0;97380;28439;0;11.8;3.4;0.0
60;2021-03-31;2726;1173;0;100106;29612;0;12.1;3.6;0.0
60;2021-04-01;2814;1182;0;102920;30794;0;12.5;3.7;0.0
60;2021-04-02;3289;1222;0;106209;32016;0;12.9;3.9;0.0
60;2021-04-03;3011;1010;0;109220;33026;0;13.2;4.0;0.0
60;2021-04-04;839;476;0;110059;33502;0;13.3;4.1;0.0
60;2021-04-05;542;97;0;110601;33599;0;13.4;4.1;0.0
60;2021-04-06;1955;1698;0;112556;35297;0;13.6;4.3;0.0
60;2021-04-07;2126;1753;0;114682;37050;0;13.9;4.5;0.0
60;2021-04-08;2791;1529;0;117473;38579;0;14.2;4.7;0.0
60;2021-04-09;3205;1555;0;120678;40134;0;14.6;4.9;0.0
60;2021-04-10;2879;1521;0;123557;41655;0;15.0;5.0;0.0
60;2021-04-11;962;926;0;124519;42581;0;15.1;5.2;0.0
60;2021-04-12;2155;1735;0;126674;44316;0;15.4;5.4;0.0
60;2021-04-13;2866;1795;0;129540;46111;0;15.7;5.6;0.0
60;2021-04-14;3070;1820;0;132610;47931;0;16.1;5.8;0.0
60;2021-04-15;3515;1858;0;136125;49789;0;16.5;6.0;0.0
60;2021-04-16;3296;1949;0;139421;51738;0;16.9;6.3;0.0
60;2021-04-17;2711;2061;0;142132;53799;0;17.2;6.5;0.0
60;2021-04-18;549;1709;0;142681;55508;0;17.3;6.7;0.0
60;2021-04-19;1778;2192;0;144459;57700;0;17.5;7.0;0.0
60;2021-04-20;2300;2589;0;146759;60289;0;17.8;7.3;0.0
60;2021-04-21;2646;2190;0;149405;62479;0;18.1;7.6;0.0
60;2021-04-22;2679;2510;0;152084;64989;0;18.4;7.9;0.0
60;2021-04-23;2675;2438;0;154759;67427;0;18.8;8.2;0.0
60;2021-04-24;2366;3241;0;157125;70668;0;19.0;8.6;0.0
60;2021-04-25;1237;1810;0;158362;72478;0;19.2;8.8;0.0
60;2021-04-26;1905;2531;0;160267;75009;0;19.4;9.1;0.0
60;2021-04-27;2488;2819;0;162755;77828;0;19.7;9.4;0.0
60;2021-04-28;3139;2370;0;165894;80198;0;20.1;9.7;0.0
60;2021-04-29;3397;2697;0;169291;82895;0;20.5;10.0;0.0
60;2021-04-30;3588;2807;0;172879;85702;0;21.0;10.4;0.0
60;2021-05-01;2358;1109;0;175237;86811;0;21.2;10.5;0.0
60;2021-05-02;2159;840;0;177396;87651;0;21.5;10.6;0.0
60;2021-05-03;3254;1936;0;180650;89587;0;21.9;10.9;0.0
60;2021-05-04;3369;2384;0;184019;91971;0;22.3;11.1;0.0
60;2021-05-05;3551;2762;0;187570;94733;0;22.7;11.5;0.0
60;2021-05-06;4211;2624;0;191781;97357;0;23.2;11.8;0.0
60;2021-05-07;4087;2646;0;195868;100003;0;23.7;12.1;0.0
60;2021-05-08;3538;1047;0;199406;101050;0;24.2;12.2;0.0
60;2021-05-09;3316;912;0;202722;101962;0;24.6;12.4;0.0
60;2021-05-10;2753;2372;0;205475;104334;0;24.9;12.6;0.0
60;2021-05-11;4082;2520;0;209557;106854;0;25.4;13.0;0.0
60;2021-05-12;4785;2597;0;214342;109451;0;26.0;13.3;0.0
60;2021-05-13;4760;1045;0;219102;110496;0;26.6;13.4;0.0
60;2021-05-14;5490;1794;0;224592;112290;0;27.2;13.6;0.0
60;2021-05-15;5899;1637;0;230491;113927;0;27.9;13.8;0.0
60;2021-05-16;4599;634;0;235090;114561;0;28.5;13.9;0.0
60;2021-05-17;3608;1590;0;238698;116151;0;28.9;14.1;0.0
60;2021-05-18;4186;2104;0;242884;118255;0;29.4;14.3;0.0
60;2021-05-19;4879;1891;0;247763;120146;0;30.0;14.6;0.0
60;2021-05-20;5372;1835;0;253135;121981;0;30.7;14.8;0.0
60;2021-05-21;5758;1930;0;258893;123911;0;31.4;15.0;0.0
60;2021-05-22;4881;1840;0;263774;125751;0;32.0;15.2;0.0
60;2021-05-23;3446;564;0;267220;126315;0;32.4;15.3;0.0
60;2021-05-24;2922;536;0;270142;126851;0;32.7;15.4;0.0
60;2021-05-25;4313;2041;0;274455;128892;0;33.3;15.6;0.0
60;2021-05-26;4802;1834;0;279257;130726;0;33.8;15.8;0.0
60;2021-05-27;5126;2127;0;284383;132853;0;34.5;16.1;0.0
60;2021-05-28;4878;2651;0;289261;135504;0;35.1;16.4;0.0
60;2021-05-29;4732;2254;0;293993;137758;0;35.6;16.7;0.0
60;2021-05-30;1325;369;0;295318;138127;0;35.8;16.7;0.0
60;2021-05-31;4158;2108;0;299476;140235;0;36.3;17.0;0.0
60;2021-06-01;4902;3058;0;304378;143293;0;36.9;17.4;0.0
60;2021-06-02;4480;2510;0;308858;145803;0;37.4;17.7;0.0
60;2021-06-03;4492;2612;0;313350;148415;0;38.0;18.0;0.0
60;2021-06-04;5077;3024;0;318427;151439;0;38.6;18.4;0.0
60;2021-06-05;4569;3350;0;322996;154789;0;39.1;18.8;0.0
60;2021-06-06;2279;899;0;325275;155688;0;39.4;18.9;0.0
60;2021-06-07;2993;2809;0;328268;158497;0;39.8;19.2;0.0
60;2021-06-08;4112;3255;0;332380;161752;0;40.3;19.6;0.0
60;2021-06-09;3708;3601;0;336088;165353;0;40.7;20.0;0.0
60;2021-06-10;3948;3869;0;340036;169222;0;41.2;20.5;0.0
60;2021-06-11;4217;4443;0;344253;173665;0;41.7;21.0;0.0
60;2021-06-12;4010;4199;0;348263;177864;0;42.2;21.6;0.0
60;2021-06-13;1267;2286;0;349530;180150;0;42.4;21.8;0.0
60;2021-06-14;2243;3651;0;351773;183801;0;42.6;22.3;0.0
60;2021-06-15;3301;4540;0;355074;188341;0;43.0;22.8;0.0
60;2021-06-16;3421;4728;0;358495;193069;0;43.4;23.4;0.0
60;2021-06-17;3310;5122;0;361805;198191;0;43.9;24.0;0.0
60;2021-06-18;3483;4871;0;365288;203062;0;44.3;24.6;0.0
60;2021-06-19;3400;4827;0;368688;207889;0;44.7;25.2;0.0
60;2021-06-20;1391;1919;0;370079;209808;0;44.9;25.4;0.0
60;2021-06-21;1626;4347;0;371705;214155;0;45.1;26.0;0.0
60;2021-06-22;2077;5551;0;373782;219706;0;45.3;26.6;0.0
60;2021-06-23;2190;5459;0;375972;225165;0;45.6;27.3;0.0
60;2021-06-24;2085;5748;0;378057;230913;0;45.8;28.0;0.0
60;2021-06-25;2127;6100;0;380184;237013;0;46.1;28.7;0.0
60;2021-06-26;2044;6780;0;382228;243793;0;46.3;29.5;0.0
60;2021-06-27;746;2611;0;382974;246404;0;46.4;29.9;0.0
60;2021-06-28;1842;4323;0;384816;250727;0;46.6;30.4;0.0
60;2021-06-29;2242;5702;0;387058;256429;0;46.9;31.1;0.0
60;2021-06-30;2469;5666;0;389527;262095;0;47.2;31.8;0.0
60;2021-07-01;2265;5418;0;391792;267513;0;47.5;32.4;0.0
60;2021-07-02;2648;6221;0;394440;273734;0;47.8;33.2;0.0
60;2021-07-03;2440;6024;0;396880;279758;0;48.1;33.9;0.0
60;2021-07-04;797;2678;0;397677;282436;0;48.2;34.2;0.0
60;2021-07-05;1810;4632;0;399487;287068;0;48.4;34.8;0.0
60;2021-07-06;2404;5087;0;401891;292155;0;48.7;35.4;0.0
60;2021-07-07;2521;5701;0;404412;297856;0;49.0;36.1;0.0
60;2021-07-08;3002;5381;0;407414;303237;0;49.4;36.8;0.0
60;2021-07-09;2977;6134;0;410391;309371;0;49.7;37.5;0.0
60;2021-07-10;2722;6141;0;413113;315512;0;50.1;38.2;0.0
60;2021-07-11;1215;2093;0;414328;317605;0;50.2;38.5;0.0
60;2021-07-12;1703;5313;0;416031;322918;0;50.4;39.1;0.0
60;2021-07-13;3555;5685;0;419586;328603;0;50.9;39.8;0.0
60;2021-07-14;2860;1838;0;422446;330441;0;51.2;40.0;0.0
60;2021-07-15;4331;5818;0;426777;336259;0;51.7;40.8;0.0
60;2021-07-16;4552;6130;0;431329;342389;0;52.3;41.5;0.0
60;2021-07-17;4483;5663;0;435812;348052;0;52.8;42.2;0.0
60;2021-07-18;2247;2268;0;438059;350320;0;53.1;42.5;0.0
60;2021-07-19;3376;4445;0;441435;354765;0;53.5;43.0;0.0
60;2021-07-20;5066;5536;0;446501;360301;0;54.1;43.7;0.0
60;2021-07-21;5451;5118;0;451952;365419;0;54.8;44.3;0.0
60;2021-07-22;5806;5089;0;457758;370508;0;55.5;44.9;0.0
60;2021-07-23;6085;5703;0;463843;376211;0;56.2;45.6;0.0
60;2021-07-24;4823;5137;0;468666;381348;0;56.8;46.2;0.0
60;2021-07-25;2642;1951;0;471308;383299;0;57.1;46.5;0.0
60;2021-07-26;3914;4160;0;475222;387459;0;57.6;47.0;0.0
60;2021-07-27;5456;5103;0;480678;392562;0;58.3;47.6;0.0
60;2021-07-28;5883;4374;0;486561;396936;0;59.0;48.1;0.0
60;2021-07-29;6109;4360;0;492670;401296;0;59.7;48.6;0.0
60;2021-07-30;5908;4702;0;498578;405998;0;60.4;49.2;0.0
60;2021-07-31;4548;4399;0;503126;410397;0;61.0;49.7;0.0
60;2021-08-01;1779;953;0;504905;411350;0;61.2;49.9;0.0
60;2021-08-02;3836;3105;0;508741;414455;0;61.7;50.2;0.0
60;2021-08-03;4354;3440;0;513095;417895;0;62.2;50.6;0.0
60;2021-08-04;4023;3343;0;517118;421238;0;62.7;51.1;0.0
60;2021-08-05;3717;2973;0;520835;424211;0;63.1;51.4;0.0
60;2021-08-06;4457;3819;0;525292;428030;0;63.7;51.9;0.0
60;2021-08-07;3488;3602;0;528780;431632;0;64.1;52.3;0.0
60;2021-08-08;1521;1082;0;530301;432714;0;64.3;52.4;0.0
60;2021-08-09;2485;3388;0;532786;436102;0;64.6;52.9;0.0
60;2021-08-10;3732;4274;0;536518;440376;0;65.0;53.4;0.0
60;2021-08-11;3206;4122;0;539724;444498;0;65.4;53.9;0.0
60;2021-08-12;2820;3621;0;542544;448119;0;65.8;54.3;0.0
60;2021-08-13;3010;3683;0;545554;451802;0;66.1;54.8;0.0
60;2021-08-14;2568;3044;0;548122;454846;0;66.4;55.1;0.0
60;2021-08-15;1258;631;0;549380;455477;0;66.6;55.2;0.0
60;2021-08-16;2316;4489;0;551696;459966;0;66.9;55.7;0.0
60;2021-08-17;2722;4713;0;554418;464679;0;67.2;56.3;0.0
60;2021-08-18;2216;4097;0;556634;468776;0;67.5;56.8;0.0
60;2021-08-19;1982;3861;0;558616;472637;0;67.7;57.3;0.0
60;2021-08-20;2002;4646;0;560618;477283;0;67.9;57.8;0.0
60;2021-08-21;1621;3839;0;562239;481122;0;68.1;58.3;0.0
60;2021-08-22;575;1450;0;562814;482572;0;68.2;58.5;0.0
60;2021-08-23;1273;4092;0;564087;486664;0;68.4;59.0;0.0
60;2021-08-24;1585;5320;0;565672;491984;0;68.6;59.6;0.0
60;2021-08-25;1738;4570;0;567410;496554;0;68.8;60.2;0.0
60;2021-08-26;1623;4230;1;569033;500784;1;69.0;60.7;0.0
60;2021-08-27;1584;4960;0;570617;505744;1;69.2;61.3;0.0
60;2021-08-28;1504;4760;0;572121;510504;1;69.3;61.9;0.0
60;2021-08-29;573;1986;0;572694;512490;1;69.4;62.1;0.0
60;2021-08-30;1302;3393;48;573996;515883;49;69.6;62.5;0.0
60;2021-08-31;1770;4291;62;575766;520174;111;69.8;63.0;0.0
60;2021-09-01;1535;3326;164;577301;523500;275;70.0;63.4;0.0
60;2021-09-02;1216;3053;184;578517;526553;459;70.1;63.8;0.1
60;2021-09-03;1148;3333;216;579665;529886;675;70.3;64.2;0.1
60;2021-09-04;1597;3945;155;581262;533831;830;70.4;64.7;0.1
60;2021-09-05;367;1246;37;581629;535077;867;70.5;64.9;0.1
60;2021-09-06;888;2556;238;582517;537633;1105;70.6;65.2;0.1
60;2021-09-07;903;2912;308;583420;540545;1413;70.7;65.5;0.2
60;2021-09-08;963;3042;304;584383;543587;1717;70.8;65.9;0.2
60;2021-09-09;749;2452;225;585132;546039;1942;70.9;66.2;0.2
60;2021-09-10;1125;2972;282;586257;549011;2224;71.1;66.5;0.3
60;2021-09-11;1081;3499;163;587338;552510;2387;71.2;67.0;0.3
60;2021-09-12;285;1072;59;587623;553582;2446;71.2;67.1;0.3
60;2021-09-13;653;1767;277;588276;555349;2723;71.3;67.3;0.3
60;2021-09-14;826;1620;391;589102;556969;3114;71.4;67.5;0.4
60;2021-09-15;649;1575;342;589751;558544;3456;71.5;67.7;0.4
60;2021-09-16;955;1513;586;590706;560057;4042;71.6;67.9;0.5
60;2021-09-17;797;1662;566;591503;561719;4608;71.7;68.1;0.6
60;2021-09-18;835;2733;273;592338;564452;4881;71.8;68.4;0.6
60;2021-09-19;169;488;90;592507;564940;4971;71.8;68.5;0.6
60;2021-09-20;467;1184;419;592974;566124;5390;71.9;68.6;0.7
60;2021-09-21;538;1107;627;593512;567231;6017;71.9;68.7;0.7
60;2021-09-22;488;1449;501;594000;568680;6518;72.0;68.9;0.8
60;2021-09-23;651;915;621;594651;569595;7139;72.1;69.0;0.9
60;2021-09-24;535;1352;604;595186;570947;7743;72.1;69.2;0.9
60;2021-09-25;514;2004;237;595700;572951;7980;72.2;69.4;1.0
60;2021-09-26;82;305;19;595782;573256;7999;72.2;69.5;1.0
60;2021-09-27;366;809;465;596148;574065;8464;72.3;69.6;1.0
60;2021-09-28;344;861;572;596492;574926;9036;72.3;69.7;1.1
60;2021-09-29;448;1135;366;596940;576061;9402;72.3;69.8;1.1
60;2021-09-30;401;764;658;597341;576825;10060;72.4;69.9;1.2
60;2021-10-01;644;1173;747;597985;577998;10807;72.5;70.1;1.3
60;2021-10-02;611;1509;469;598596;579507;11276;72.6;70.2;1.4
60;2021-10-03;95;294;58;598691;579801;11334;72.6;70.3;1.4
60;2021-10-04;427;721;646;599118;580522;11980;72.6;70.4;1.5
60;2021-10-05;348;597;483;599466;581119;12463;72.7;70.4;1.5
60;2021-10-06;433;828;666;599899;581947;13129;72.7;70.5;1.6
60;2021-10-07;244;588;543;600143;582535;13672;72.7;70.6;1.7
60;2021-10-08;516;902;724;600659;583437;14396;72.8;70.7;1.7
60;2021-10-09;657;1272;872;601316;584709;15268;72.9;70.9;1.9
60;2021-10-10;61;175;96;601377;584884;15364;72.9;70.9;1.9
60;2021-10-11;325;536;731;601702;585420;16095;72.9;71.0;2.0
60;2021-10-12;249;567;583;601951;585987;16678;73.0;71.0;2.0
60;2021-10-13;399;681;899;602350;586668;17577;73.0;71.1;2.1
60;2021-10-14;291;682;912;602641;587350;18489;73.0;71.2;2.2
60;2021-10-15;442;780;995;603083;588130;19484;73.1;71.3;2.4
60;2021-10-16;564;936;772;603647;589066;20256;73.2;71.4;2.5
60;2021-10-17;46;139;80;603693;589205;20336;73.2;71.4;2.5
60;2021-10-18;292;542;833;603985;589747;21169;73.2;71.5;2.6
60;2021-10-19;277;346;1000;604262;590093;22169;73.2;71.5;2.7
60;2021-10-20;379;502;1080;604641;590595;23249;73.3;71.6;2.8
60;2021-10-21;205;479;915;604846;591074;24164;73.3;71.6;2.9
60;2021-10-22;375;567;1124;605221;591641;25288;73.4;71.7;3.1
60;2021-10-23;452;725;903;605673;592366;26191;73.4;71.8;3.2
60;2021-10-24;35;64;110;605708;592430;26301;73.4;71.8;3.2
60;2021-10-25;270;390;1047;605978;592820;27348;73.4;71.9;3.3
60;2021-10-26;154;262;862;606132;593082;28210;73.5;71.9;3.4
60;2021-10-27;312;459;1207;606444;593541;29417;73.5;71.9;3.6
60;2021-10-28;206;239;986;606650;593780;30403;73.5;72.0;3.7
60;2021-10-29;318;502;1340;606968;594282;31743;73.6;72.0;3.8
60;2021-10-30;325;587;1210;607293;594869;32953;73.6;72.1;4.0
60;2021-10-31;28;70;71;607321;594939;33024;73.6;72.1;4.0
60;2021-11-01;46;25;62;607367;594964;33086;73.6;72.1;4.0
60;2021-11-02;235;311;1047;607602;595275;34133;73.6;72.1;4.1
60;2021-11-03;316;494;1530;607918;595769;35663;73.7;72.2;4.3
60;2021-11-04;249;344;1220;608167;596113;36883;73.7;72.2;4.5
60;2021-11-05;330;415;1663;608497;596528;38546;73.8;72.3;4.7
60;2021-11-06;348;581;1125;608845;597109;39671;73.8;72.4;4.8
60;2021-11-07;26;45;122;608871;597154;39793;73.8;72.4;4.8
60;2021-11-08;190;329;1410;609061;597483;41203;73.8;72.4;5.0
60;2021-11-09;196;283;1550;609257;597766;42753;73.8;72.4;5.2
60;2021-11-10;333;453;2008;609590;598219;44761;73.9;72.5;5.4
60;2021-11-11;65;73;272;609655;598292;45033;73.9;72.5;5.5
60;2021-11-12;303;434;2131;609958;598726;47164;73.9;72.6;5.7
60;2021-11-13;388;543;1601;610346;599269;48765;74.0;72.6;5.9
60;2021-11-14;27;46;190;610373;599315;48955;74.0;72.6;5.9
60;2021-11-15;206;280;1594;610579;599595;50549;74.0;72.7;6.1
60;2021-11-16;259;248;2009;610838;599843;52558;74.0;72.7;6.4
60;2021-11-17;287;333;2038;611125;600176;54596;74.1;72.7;6.6
60;2021-11-18;235;279;1914;611360;600455;56510;74.1;72.8;6.8
60;2021-11-19;307;382;2400;611667;600837;58910;74.1;72.8;7.1
60;2021-11-20;401;496;1628;612068;601333;60538;74.2;72.9;7.3
60;2021-11-21;35;56;218;612103;601389;60756;74.2;72.9;7.4
60;2021-11-22;209;199;2059;612312;601588;62815;74.2;72.9;7.6
60;2021-11-23;203;242;2458;612515;601830;65273;74.2;72.9;7.9
60;2021-11-24;329;328;2611;612844;602158;67884;74.3;73.0;8.2
60;2021-11-25;264;224;2649;613108;602382;70533;74.3;73.0;8.5
60;2021-11-26;346;416;4437;613454;602798;74970;74.4;73.1;9.1
60;2021-11-27;371;438;4011;613825;603236;78981;74.4;73.1;9.6
60;2021-11-28;50;59;875;613875;603295;79856;74.4;73.1;9.7
60;2021-11-29;172;253;4177;614047;603548;84033;74.4;73.2;10.2
60;2021-11-30;185;249;5187;614232;603797;89220;74.4;73.2;10.8
60;2021-12-01;247;302;5818;614479;604099;95038;74.5;73.2;11.5
60;2021-12-02;240;225;6227;614719;604324;101265;74.5;73.2;12.3
60;2021-12-03;213;295;7017;614932;604619;108282;74.5;73.3;13.1
60;2021-12-04;254;431;5773;615186;605050;114055;74.6;73.3;13.8
60;2021-12-05;52;70;1677;615238;605120;115732;74.6;73.3;14.0
60;2021-12-06;183;233;5691;615421;605353;121423;74.6;73.4;14.7
60;2021-12-07;199;239;7754;615620;605592;129177;74.6;73.4;15.7
60;2021-12-08;248;311;6968;615868;605903;136145;74.6;73.4;16.5
60;2021-12-09;249;301;7373;616117;606204;143518;74.7;73.5;17.4
60;2021-12-10;265;369;8903;616382;606573;152421;74.7;73.5;18.5
60;2021-12-11;296;443;7243;616678;607016;159664;74.7;73.6;19.4
60;2021-12-12;66;76;1746;616744;607092;161410;74.7;73.6;19.6
60;2021-12-13;189;260;7258;616933;607352;168668;74.8;73.6;20.4
60;2021-12-14;265;300;9530;617198;607652;178198;74.8;73.6;21.6
60;2021-12-15;244;376;8579;617442;608028;186777;74.8;73.7;22.6
60;2021-12-16;240;308;9106;617682;608336;195883;74.9;73.7;23.7
60;2021-12-17;249;393;9524;617931;608729;205407;74.9;73.8;24.9
60;2021-12-18;306;402;8048;618237;609131;213455;74.9;73.8;25.9
60;2021-12-19;97;63;2119;618334;609194;215574;74.9;73.8;26.1
60;2021-12-20;321;304;7052;618655;609498;222626;75.0;73.9;27.0
60;2021-12-21;360;320;7792;619015;609818;230418;75.0;73.9;27.9
60;2021-12-22;324;302;6552;619339;610120;236970;75.1;73.9;28.7
60;2021-12-23;300;275;5629;619639;610395;242599;75.1;74.0;29.4
60;2021-12-24;96;101;1691;619735;610496;244290;75.1;74.0;29.6
60;2021-12-25;8;19;189;619743;610515;244479;75.1;74.0;29.6
60;2021-12-26;59;54;1398;619802;610569;245877;75.1;74.0;29.8
60;2021-12-27;260;294;5509;620062;610863;251386;75.2;74.0;30.5
60;2021-12-28;329;270;6816;620391;611133;258202;75.2;74.1;31.3
61;2020-12-27;0;0;0;0;0;0;0.0;0.0;0.0
61;2020-12-28;0;0;0;0;0;0;0.0;0.0;0.0
61;2020-12-29;0;0;0;0;0;0;0.0;0.0;0.0
61;2020-12-30;0;0;0;0;0;0;0.0;0.0;0.0
61;2020-12-31;0;0;0;0;0;0;0.0;0.0;0.0
61;2021-01-01;2;0;0;2;0;0;0.0;0.0;0.0
61;2021-01-02;0;0;0;2;0;0;0.0;0.0;0.0
61;2021-01-03;0;0;0;2;0;0;0.0;0.0;0.0
61;2021-01-04;1;0;0;3;0;0;0.0;0.0;0.0
61;2021-01-05;2;0;0;5;0;0;0.0;0.0;0.0
61;2021-01-06;72;0;0;77;0;0;0.0;0.0;0.0
61;2021-01-07;139;2;0;216;2;0;0.1;0.0;0.0
61;2021-01-08;342;1;0;558;3;0;0.2;0.0;0.0
61;2021-01-09;138;1;0;696;4;0;0.3;0.0;0.0
61;2021-01-10;31;0;0;727;4;0;0.3;0.0;0.0
61;2021-01-11;356;0;0;1083;4;0;0.4;0.0;0.0
61;2021-01-12;537;3;0;1620;7;0;0.6;0.0;0.0
61;2021-01-13;638;2;0;2258;9;0;0.8;0.0;0.0
61;2021-01-14;489;8;0;2747;17;0;1.0;0.0;0.0
61;2021-01-15;498;2;0;3245;19;0;1.2;0.0;0.0
61;2021-01-16;261;1;0;3506;20;0;1.3;0.0;0.0
61;2021-01-17;777;9;0;4283;29;0;1.5;0.0;0.0
61;2021-01-18;1673;3;0;5956;32;0;2.2;0.0;0.0
61;2021-01-19;1106;3;0;7062;35;0;2.6;0.0;0.0
61;2021-01-20;610;0;0;7672;35;0;2.8;0.0;0.0
61;2021-01-21;718;0;0;8390;35;0;3.0;0.0;0.0
61;2021-01-22;647;0;0;9037;35;0;3.3;0.0;0.0
61;2021-01-23;220;1;0;9257;36;0;3.3;0.0;0.0
61;2021-01-24;197;2;0;9454;38;0;3.4;0.0;0.0
61;2021-01-25;468;1;0;9922;39;0;3.6;0.0;0.0
61;2021-01-26;425;4;0;10347;43;0;3.7;0.0;0.0
61;2021-01-27;443;11;0;10790;54;0;3.9;0.0;0.0
61;2021-01-28;429;47;0;11219;101;0;4.1;0.0;0.0
61;2021-01-29;428;173;0;11647;274;0;4.2;0.1;0.0
61;2021-01-30;164;1;0;11811;275;0;4.3;0.1;0.0
61;2021-01-31;93;0;0;11904;275;0;4.3;0.1;0.0
61;2021-02-01;344;162;0;12248;437;0;4.4;0.2;0.0
61;2021-02-02;360;382;0;12608;819;0;4.6;0.3;0.0
61;2021-02-03;354;438;0;12962;1257;0;4.7;0.5;0.0
61;2021-02-04;309;306;0;13271;1563;0;4.8;0.6;0.0
61;2021-02-05;427;338;0;13698;1901;0;4.9;0.7;0.0
61;2021-02-06;153;75;0;13851;1976;0;5.0;0.7;0.0
61;2021-02-07;32;174;0;13883;2150;0;5.0;0.8;0.0
61;2021-02-08;479;1281;0;14362;3431;0;5.2;1.2;0.0
61;2021-02-09;346;702;0;14708;4133;0;5.3;1.5;0.0
61;2021-02-10;234;514;0;14942;4647;0;5.4;1.7;0.0
61;2021-02-11;346;519;0;15288;5166;0;5.5;1.9;0.0
61;2021-02-12;338;664;0;15626;5830;0;5.6;2.1;0.0
61;2021-02-13;130;372;0;15756;6202;0;5.7;2.2;0.0
61;2021-02-14;2;278;0;15758;6480;0;5.7;2.3;0.0
61;2021-02-15;113;675;0;15871;7155;0;5.7;2.6;0.0
61;2021-02-16;166;565;0;16037;7720;0;5.8;2.8;0.0
61;2021-02-17;59;503;0;16096;8223;0;5.8;3.0;0.0
61;2021-02-18;122;459;0;16218;8682;0;5.9;3.1;0.0
61;2021-02-19;100;340;0;16318;9022;0;5.9;3.3;0.0
61;2021-02-20;42;188;0;16360;9210;0;5.9;3.3;0.0
61;2021-02-21;1;139;0;16361;9349;0;5.9;3.4;0.0
61;2021-02-22;72;506;0;16433;9855;0;5.9;3.6;0.0
61;2021-02-23;98;396;0;16531;10251;0;6.0;3.7;0.0
61;2021-02-24;123;432;0;16654;10683;0;6.0;3.9;0.0
61;2021-02-25;286;375;0;16940;11058;0;6.1;4.0;0.0
61;2021-02-26;287;388;0;17227;11446;0;6.2;4.1;0.0
61;2021-02-27;114;172;0;17341;11618;0;6.3;4.2;0.0
61;2021-02-28;4;100;0;17345;11718;0;6.3;4.2;0.0
61;2021-03-01;215;520;0;17560;12238;0;6.3;4.4;0.0
61;2021-03-02;170;593;0;17730;12831;0;6.4;4.6;0.0
61;2021-03-03;167;364;0;17897;13195;0;6.5;4.8;0.0
61;2021-03-04;460;377;0;18357;13572;0;6.6;4.9;0.0
61;2021-03-05;670;288;0;19027;13860;0;6.9;5.0;0.0
61;2021-03-06;437;173;0;19464;14033;0;7.0;5.1;0.0
61;2021-03-07;169;4;0;19633;14037;0;7.1;5.1;0.0
61;2021-03-08;334;275;0;19967;14312;0;7.2;5.2;0.0
61;2021-03-09;606;164;0;20573;14476;0;7.4;5.2;0.0
61;2021-03-10;657;181;0;21230;14657;0;7.7;5.3;0.0
61;2021-03-11;1064;130;0;22294;14787;0;8.1;5.3;0.0
61;2021-03-12;1387;101;0;23681;14888;0;8.6;5.4;0.0
61;2021-03-13;738;48;0;24419;14936;0;8.8;5.4;0.0
61;2021-03-14;178;6;0;24597;14942;0;8.9;5.4;0.0
61;2021-03-15;716;38;0;25313;14980;0;9.1;5.4;0.0
61;2021-03-16;664;27;0;25977;15007;0;9.4;5.4;0.0
61;2021-03-17;678;23;0;26655;15030;0;9.6;5.4;0.0
61;2021-03-18;814;35;0;27469;15065;0;9.9;5.4;0.0
61;2021-03-19;997;67;0;28466;15132;0;10.3;5.5;0.0
61;2021-03-20;487;18;0;28953;15150;0;10.5;5.5;0.0
61;2021-03-21;62;3;0;29015;15153;0;10.5;5.5;0.0
61;2021-03-22;731;99;0;29746;15252;0;10.7;5.5;0.0
61;2021-03-23;844;49;0;30590;15301;0;11.0;5.5;0.0
61;2021-03-24;1306;77;0;31896;15378;0;11.5;5.6;0.0
61;2021-03-25;1799;80;0;33695;15458;0;12.2;5.6;0.0
61;2021-03-26;1686;58;0;35381;15516;0;12.8;5.6;0.0
61;2021-03-27;937;18;0;36318;15534;0;13.1;5.6;0.0
61;2021-03-28;298;9;0;36616;15543;0;13.2;5.6;0.0
61;2021-03-29;1085;196;0;37701;15739;0;13.6;5.7;0.0
61;2021-03-30;1339;125;0;39040;15864;0;14.1;5.7;0.0
61;2021-03-31;1511;71;0;40551;15935;0;14.6;5.8;0.0
61;2021-04-01;1902;236;0;42453;16171;0;15.3;5.8;0.0
61;2021-04-02;1436;409;0;43889;16580;0;15.8;6.0;0.0
61;2021-04-03;568;277;0;44457;16857;0;16.1;6.1;0.0
61;2021-04-04;167;18;0;44624;16875;0;16.1;6.1;0.0
61;2021-04-05;444;12;0;45068;16887;0;16.3;6.1;0.0
61;2021-04-06;1247;545;0;46315;17432;0;16.7;6.3;0.0
61;2021-04-07;1553;596;0;47868;18028;0;17.3;6.5;0.0
61;2021-04-08;2068;714;0;49936;18742;0;18.0;6.8;0.0
61;2021-04-09;2063;760;0;51999;19502;0;18.8;7.0;0.0
61;2021-04-10;1286;429;0;53285;19931;0;19.2;7.2;0.0
61;2021-04-11;209;147;0;53494;20078;0;19.3;7.3;0.0
61;2021-04-12;1155;633;0;54649;20711;0;19.7;7.5;0.0
61;2021-04-13;1591;630;0;56240;21341;0;20.3;7.7;0.0
61;2021-04-14;1626;779;0;57866;22120;0;20.9;8.0;0.0
61;2021-04-15;2074;764;0;59940;22884;0;21.6;8.3;0.0
61;2021-04-16;1985;648;0;61925;23532;0;22.4;8.5;0.0
61;2021-04-17;1209;288;0;63134;23820;0;22.8;8.6;0.0
61;2021-04-18;428;82;0;63562;23902;0;23.0;8.6;0.0
61;2021-04-19;802;696;0;64364;24598;0;23.2;8.9;0.0
61;2021-04-20;1391;712;0;65755;25310;0;23.7;9.1;0.0
61;2021-04-21;1264;978;0;67019;26288;0;24.2;9.5;0.0
61;2021-04-22;1168;1125;0;68187;27413;0;24.6;9.9;0.0
61;2021-04-23;1150;1031;0;69337;28444;0;25.0;10.3;0.0
61;2021-04-24;1156;700;0;70493;29144;0;25.5;10.5;0.0
61;2021-04-25;273;267;0;70766;29411;0;25.6;10.6;0.0
61;2021-04-26;667;948;0;71433;30359;0;25.8;11.0;0.0
61;2021-04-27;1394;1035;0;72827;31394;0;26.3;11.3;0.0
61;2021-04-28;1250;1257;0;74077;32651;0;26.8;11.8;0.0
61;2021-04-29;1217;1658;0;75294;34309;0;27.2;12.4;0.0
61;2021-04-30;1620;1057;0;76914;35366;0;27.8;12.8;0.0
61;2021-05-01;666;298;0;77580;35664;0;28.0;12.9;0.0
61;2021-05-02;336;197;0;77916;35861;0;28.1;13.0;0.0
61;2021-05-03;832;1103;0;78748;36964;0;28.4;13.3;0.0
61;2021-05-04;1269;1599;0;80017;38563;0;28.9;13.9;0.0
61;2021-05-05;997;1868;0;81014;40431;0;29.3;14.6;0.0
61;2021-05-06;1656;1896;0;82670;42327;0;29.9;15.3;0.0
61;2021-05-07;1373;1756;0;84043;44083;0;30.4;15.9;0.0
61;2021-05-08;810;370;0;84853;44453;0;30.6;16.1;0.0
61;2021-05-09;302;234;0;85155;44687;0;30.8;16.1;0.0
61;2021-05-10;1003;1515;0;86158;46202;0;31.1;16.7;0.0
61;2021-05-11;1467;1348;0;87625;47550;0;31.6;17.2;0.0
61;2021-05-12;1604;1425;0;89229;48975;0;32.2;17.7;0.0
61;2021-05-13;875;417;0;90104;49392;0;32.5;17.8;0.0
61;2021-05-14;1614;1042;0;91718;50434;0;33.1;18.2;0.0
61;2021-05-15;1925;924;0;93643;51358;0;33.8;18.5;0.0
61;2021-05-16;844;245;0;94487;51603;0;34.1;18.6;0.0
61;2021-05-17;1298;794;0;95785;52397;0;34.6;18.9;0.0
61;2021-05-18;2320;880;0;98105;53277;0;35.4;19.2;0.0
61;2021-05-19;2149;753;0;100254;54030;0;36.2;19.5;0.0
61;2021-05-20;2060;831;0;102314;54861;0;36.9;19.8;0.0
61;2021-05-21;2189;883;0;104503;55744;0;37.7;20.1;0.0
61;2021-05-22;1368;578;0;105871;56322;0;38.2;20.3;0.0
61;2021-05-23;479;41;0;106350;56363;0;38.4;20.4;0.0
61;2021-05-24;798;138;0;107148;56501;0;38.7;20.4;0.0
61;2021-05-25;1852;862;0;109000;57363;0;39.4;20.7;0.0
61;2021-05-26;1836;892;0;110836;58255;0;40.0;21.0;0.0
61;2021-05-27;2047;1070;0;112883;59325;0;40.8;21.4;0.0
61;2021-05-28;2028;1319;0;114911;60644;0;41.5;21.9;0.0
61;2021-05-29;1266;520;0;116177;61164;0;42.0;22.1;0.0
61;2021-05-30;381;44;0;116558;61208;0;42.1;22.1;0.0
61;2021-05-31;1510;850;0;118068;62058;0;42.6;22.4;0.0
61;2021-06-01;1917;1307;0;119985;63365;0;43.3;22.9;0.0
61;2021-06-02;1643;1049;0;121628;64414;0;43.9;23.3;0.0
61;2021-06-03;2239;1068;0;123867;65482;0;44.7;23.6;0.0
61;2021-06-04;1856;1316;0;125723;66798;0;45.4;24.1;0.0
61;2021-06-05;1395;1104;0;127118;67902;0;45.9;24.5;0.0
61;2021-06-06;296;162;0;127414;68064;0;46.0;24.6;0.0
61;2021-06-07;2052;860;0;129466;68924;0;46.8;24.9;0.0
61;2021-06-08;1796;1538;0;131262;70462;0;47.4;25.4;0.0
61;2021-06-09;1906;1103;0;133168;71565;0;48.1;25.8;0.0
61;2021-06-10;1890;1153;0;135058;72718;0;48.8;26.3;0.0
61;2021-06-11;1736;1521;0;136794;74239;0;49.4;26.8;0.0
61;2021-06-12;1223;876;0;138017;75115;0;49.8;27.1;0.0
61;2021-06-13;289;328;0;138306;75443;0;49.9;27.2;0.0
61;2021-06-14;1063;1174;0;139369;76617;0;50.3;27.7;0.0
61;2021-06-15;1165;1639;0;140534;78256;0;50.8;28.3;0.0
61;2021-06-16;1105;1351;0;141639;79607;0;51.2;28.7;0.0
61;2021-06-17;1085;1713;0;142724;81320;0;51.5;29.4;0.0
61;2021-06-18;1450;1660;0;144174;82980;0;52.1;30.0;0.0
61;2021-06-19;1042;1139;0;145216;84119;0;52.4;30.4;0.0
61;2021-06-20;240;277;0;145456;84396;0;52.5;30.5;0.0
61;2021-06-21;722;1566;0;146178;85962;0;52.8;31.0;0.0
61;2021-06-22;986;1709;0;147164;87671;0;53.1;31.7;0.0
61;2021-06-23;976;2295;0;148140;89966;0;53.5;32.5;0.0
61;2021-06-24;698;1330;0;148838;91296;0;53.8;33.0;0.0
61;2021-06-25;800;1916;0;149638;93212;0;54.0;33.7;0.0
61;2021-06-26;586;1633;0;150224;94845;0;54.3;34.3;0.0
61;2021-06-27;137;671;0;150361;95516;0;54.3;34.5;0.0
61;2021-06-28;453;2098;0;150814;97614;0;54.5;35.3;0.0
61;2021-06-29;724;2767;0;151538;100381;0;54.7;36.3;0.0
61;2021-06-30;799;2344;0;152337;102725;0;55.0;37.1;0.0
61;2021-07-01;692;1705;0;153029;104430;0;55.3;37.7;0.0
61;2021-07-02;882;2556;0;153911;106986;0;55.6;38.6;0.0
61;2021-07-03;392;1525;0;154303;108511;0;55.7;39.2;0.0
61;2021-07-04;74;477;0;154377;108988;0;55.8;39.4;0.0
61;2021-07-05;674;1616;0;155051;110604;0;56.0;39.9;0.0
61;2021-07-06;870;2662;0;155921;113266;0;56.3;40.9;0.0
61;2021-07-07;842;2258;0;156763;115524;0;56.6;41.7;0.0
61;2021-07-08;831;1910;0;157594;117434;0;56.9;42.4;0.0
61;2021-07-09;739;2309;0;158333;119743;0;57.2;43.2;0.0
61;2021-07-10;398;1559;0;158731;121302;0;57.3;43.8;0.0
61;2021-07-11;204;417;0;158935;121719;0;57.4;44.0;0.0
61;2021-07-12;460;2291;0;159395;124010;0;57.6;44.8;0.0
61;2021-07-13;723;2512;0;160118;126522;0;57.8;45.7;0.0
61;2021-07-14;264;426;0;160382;126948;0;57.9;45.8;0.0
61;2021-07-15;836;2733;0;161218;129681;0;58.2;46.8;0.0
61;2021-07-16;1000;2514;0;162218;132195;0;58.6;47.7;0.0
61;2021-07-17;705;1913;0;162923;134108;0;58.8;48.4;0.0
61;2021-07-18;235;304;0;163158;134412;0;58.9;48.5;0.0
61;2021-07-19;963;2355;0;164121;136767;0;59.3;49.4;0.0
61;2021-07-20;1313;2413;0;165434;139180;0;59.7;50.3;0.0
61;2021-07-21;1454;2120;0;166888;141300;0;60.3;51.0;0.0
61;2021-07-22;1795;2116;0;168683;143416;0;60.9;51.8;0.0
61;2021-07-23;1718;2251;0;170401;145667;0;61.5;52.6;0.0
61;2021-07-24;1228;1716;0;171629;147383;0;62.0;53.2;0.0
61;2021-07-25;263;349;0;171892;147732;0;62.1;53.4;0.0
61;2021-07-26;1258;1837;0;173150;149569;0;62.5;54.0;0.0
61;2021-07-27;2327;1448;0;175477;151017;0;63.4;54.5;0.0
61;2021-07-28;2205;1386;0;177682;152403;0;64.2;55.0;0.0
61;2021-07-29;2398;1468;0;180080;153871;0;65.0;55.6;0.0
61;2021-07-30;2296;1328;0;182376;155199;0;65.9;56.0;0.0
61;2021-07-31;1052;1068;0;183428;156267;0;66.2;56.4;0.0
61;2021-08-01;361;217;0;183789;156484;0;66.4;56.5;0.0
61;2021-08-02;1726;1085;0;185515;157569;0;67.0;56.9;0.0
61;2021-08-03;2022;965;0;187537;158534;0;67.7;57.3;0.0
61;2021-08-04;1985;747;0;189522;159281;0;68.4;57.5;0.0
61;2021-08-05;1593;905;0;191115;160186;0;69.0;57.8;0.0
61;2021-08-06;1850;1095;0;192965;161281;0;69.7;58.2;0.0
61;2021-08-07;1113;674;0;194078;161955;0;70.1;58.5;0.0
61;2021-08-08;330;170;0;194408;162125;0;70.2;58.5;0.0
61;2021-08-09;1110;935;0;195518;163060;0;70.6;58.9;0.0
61;2021-08-10;1317;1141;0;196835;164201;0;71.1;59.3;0.0
61;2021-08-11;1035;1086;0;197870;165287;0;71.5;59.7;0.0
61;2021-08-12;1022;1229;0;198892;166516;0;71.8;60.1;0.0
61;2021-08-13;868;1399;0;199760;167915;0;72.1;60.6;0.0
61;2021-08-14;638;739;0;200398;168654;0;72.4;60.9;0.0
61;2021-08-15;90;177;0;200488;168831;0;72.4;61.0;0.0
61;2021-08-16;835;1498;0;201323;170329;0;72.7;61.5;0.0
61;2021-08-17;1005;1636;0;202328;171965;0;73.1;62.1;0.0
61;2021-08-18;821;1428;0;203149;173393;0;73.4;62.6;0.0
61;2021-08-19;709;1480;0;203858;174873;0;73.6;63.2;0.0
61;2021-08-20;761;2005;0;204619;176878;0;73.9;63.9;0.0
61;2021-08-21;433;1100;0;205052;177978;0;74.1;64.3;0.0
61;2021-08-22;104;333;0;205156;178311;0;74.1;64.4;0.0
61;2021-08-23;435;1608;0;205591;179919;0;74.2;65.0;0.0
61;2021-08-24;562;1778;0;206153;181697;0;74.4;65.6;0.0
61;2021-08-25;488;1675;0;206641;183372;0;74.6;66.2;0.0
61;2021-08-26;440;1603;0;207081;184975;0;74.8;66.8;0.0
61;2021-08-27;493;1807;0;207574;186782;0;75.0;67.5;0.0
61;2021-08-28;257;1174;0;207831;187956;0;75.1;67.9;0.0
61;2021-08-29;50;331;0;207881;188287;0;75.1;68.0;0.0
61;2021-08-30;399;1561;10;208280;189848;10;75.2;68.6;0.0
61;2021-08-31;550;1677;44;208830;191525;54;75.4;69.2;0.0
61;2021-09-01;474;1265;182;209304;192790;236;75.6;69.6;0.1
61;2021-09-02;424;1064;247;209728;193854;483;75.7;70.0;0.2
61;2021-09-03;473;1257;272;210201;195111;755;75.9;70.5;0.3
61;2021-09-04;302;1091;77;210503;196202;832;76.0;70.9;0.3
61;2021-09-05;71;156;41;210574;196358;873;76.0;70.9;0.3
61;2021-09-06;267;947;253;210841;197305;1126;76.1;71.3;0.4
61;2021-09-07;316;1252;169;211157;198557;1295;76.3;71.7;0.5
61;2021-09-08;284;1110;217;211441;199667;1512;76.4;72.1;0.5
61;2021-09-09;269;827;365;211710;200494;1877;76.5;72.4;0.7
61;2021-09-10;327;881;270;212037;201375;2147;76.6;72.7;0.8
61;2021-09-11;242;902;78;212279;202277;2225;76.7;73.0;0.8
61;2021-09-12;37;107;20;212316;202384;2245;76.7;73.1;0.8
61;2021-09-13;207;552;457;212523;202936;2702;76.7;73.3;1.0
61;2021-09-14;203;416;435;212726;203352;3137;76.8;73.4;1.1
61;2021-09-15;237;661;465;212963;204013;3602;76.9;73.7;1.3
61;2021-09-16;220;356;192;213183;204369;3794;77.0;73.8;1.4
61;2021-09-17;245;578;249;213428;204947;4043;77.1;74.0;1.5
61;2021-09-18;184;528;129;213612;205475;4172;77.1;74.2;1.5
61;2021-09-19;3;11;1;213615;205486;4173;77.1;74.2;1.5
61;2021-09-20;166;307;248;213781;205793;4421;77.2;74.3;1.6
61;2021-09-21;244;240;226;214025;206033;4647;77.3;74.4;1.7
61;2021-09-22;158;661;361;214183;206694;5008;77.3;74.6;1.8
61;2021-09-23;154;272;226;214337;206966;5234;77.4;74.7;1.9
61;2021-09-24;151;399;371;214488;207365;5605;77.5;74.9;2.0
61;2021-09-25;147;496;168;214635;207861;5773;77.5;75.1;2.1
61;2021-09-26;8;17;4;214643;207878;5777;77.5;75.1;2.1
61;2021-09-27;130;295;405;214773;208173;6182;77.6;75.2;2.2
61;2021-09-28;98;243;161;214871;208416;6343;77.6;75.3;2.3
61;2021-09-29;115;255;228;214986;208671;6571;77.6;75.4;2.4
61;2021-09-30;183;265;210;215169;208936;6781;77.7;75.5;2.4
61;2021-10-01;117;274;237;215286;209210;7018;77.7;75.6;2.5
61;2021-10-02;210;515;261;215496;209725;7279;77.8;75.7;2.6
61;2021-10-03;2;12;2;215498;209737;7281;77.8;75.7;2.6
61;2021-10-04;104;249;443;215602;209986;7724;77.9;75.8;2.8
61;2021-10-05;107;255;402;215709;210241;8126;77.9;75.9;2.9
61;2021-10-06;156;304;384;215865;210545;8510;78.0;76.0;3.1
61;2021-10-07;151;243;518;216016;210788;9028;78.0;76.1;3.3
61;2021-10-08;164;268;442;216180;211056;9470;78.1;76.2;3.4
61;2021-10-09;71;141;105;216251;211197;9575;78.1;76.3;3.5
61;2021-10-10;4;5;3;216255;211202;9578;78.1;76.3;3.5
61;2021-10-11;132;326;586;216387;211528;10164;78.1;76.4;3.7
61;2021-10-12;76;203;229;216463;211731;10393;78.2;76.5;3.8
61;2021-10-13;125;219;430;216588;211950;10823;78.2;76.5;3.9
61;2021-10-14;69;196;341;216657;212146;11164;78.2;76.6;4.0
61;2021-10-15;165;244;441;216822;212390;11605;78.3;76.7;4.2
61;2021-10-16;67;96;142;216889;212486;11747;78.3;76.7;4.2
61;2021-10-17;8;9;13;216897;212495;11760;78.3;76.7;4.2
61;2021-10-18;71;164;306;216968;212659;12066;78.4;76.8;4.4
61;2021-10-19;65;127;259;217033;212786;12325;78.4;76.8;4.5
61;2021-10-20;73;137;348;217106;212923;12673;78.4;76.9;4.6
61;2021-10-21;104;161;449;217210;213084;13122;78.4;77.0;4.7
61;2021-10-22;119;177;497;217329;213261;13619;78.5;77.0;4.9
61;2021-10-23;92;244;310;217421;213505;13929;78.5;77.1;5.0
61;2021-10-24;1;3;0;217422;213508;13929;78.5;77.1;5.0
61;2021-10-25;88;133;435;217510;213641;14364;78.6;77.2;5.2
61;2021-10-26;55;79;236;217565;213720;14600;78.6;77.2;5.3
61;2021-10-27;78;126;631;217643;213846;15231;78.6;77.2;5.5
61;2021-10-28;67;108;461;217710;213954;15692;78.6;77.3;5.7
61;2021-10-29;127;161;677;217837;214115;16369;78.7;77.3;5.9
61;2021-10-30;31;84;207;217868;214199;16576;78.7;77.4;6.0
61;2021-10-31;5;5;1;217873;214204;16577;78.7;77.4;6.0
61;2021-11-01;5;1;4;217878;214205;16581;78.7;77.4;6.0
61;2021-11-02;60;107;503;217938;214312;17084;78.7;77.4;6.2
61;2021-11-03;69;148;621;218007;214460;17705;78.7;77.4;6.4
61;2021-11-04;66;92;633;218073;214552;18338;78.8;77.5;6.6
61;2021-11-05;116;156;873;218189;214708;19211;78.8;77.5;6.9
61;2021-11-06;64;77;348;218253;214785;19559;78.8;77.6;7.1
61;2021-11-07;2;11;24;218255;214796;19583;78.8;77.6;7.1
61;2021-11-08;60;105;849;218315;214901;20432;78.8;77.6;7.4
61;2021-11-09;45;86;608;218360;214987;21040;78.9;77.6;7.6
61;2021-11-10;89;117;979;218449;215104;22019;78.9;77.7;8.0
61;2021-11-11;5;3;33;218454;215107;22052;78.9;77.7;8.0
61;2021-11-12;83;160;1023;218537;215267;23075;78.9;77.7;8.3
61;2021-11-13;51;53;218;218588;215320;23293;78.9;77.8;8.4
61;2021-11-14;0;7;8;218588;215327;23301;78.9;77.8;8.4
61;2021-11-15;56;83;987;218644;215410;24288;79.0;77.8;8.8
61;2021-11-16;82;59;961;218726;215469;25249;79.0;77.8;9.1
61;2021-11-17;90;106;1062;218816;215575;26311;79.0;77.9;9.5
61;2021-11-18;98;113;1277;218914;215688;27588;79.1;77.9;10.0
61;2021-11-19;111;153;1439;219025;215841;29027;79.1;77.9;10.5
61;2021-11-20;75;70;500;219100;215911;29527;79.1;78.0;10.7
61;2021-11-21;5;5;20;219105;215916;29547;79.1;78.0;10.7
61;2021-11-22;69;43;936;219174;215959;30483;79.2;78.0;11.0
61;2021-11-23;127;70;1388;219301;216029;31871;79.2;78.0;11.5
61;2021-11-24;142;106;1347;219443;216135;33218;79.2;78.1;12.0
61;2021-11-25;117;72;1470;219560;216207;34688;79.3;78.1;12.5
61;2021-11-26;88;129;2018;219648;216336;36706;79.3;78.1;13.3
61;2021-11-27;79;60;1107;219727;216396;37813;79.4;78.1;13.7
61;2021-11-28;5;7;42;219732;216403;37855;79.4;78.2;13.7
61;2021-11-29;59;63;1719;219791;216466;39574;79.4;78.2;14.3
61;2021-11-30;124;79;2305;219915;216545;41879;79.4;78.2;15.1
61;2021-12-01;69;94;2359;219984;216639;44238;79.4;78.2;16.0
61;2021-12-02;86;50;3009;220070;216689;47247;79.5;78.3;17.1
61;2021-12-03;95;110;2864;220165;216799;50111;79.5;78.3;18.1
61;2021-12-04;61;65;1391;220226;216864;51502;79.5;78.3;18.6
61;2021-12-05;10;5;359;220236;216869;51861;79.5;78.3;18.7
61;2021-12-06;41;54;2335;220277;216923;54196;79.6;78.3;19.6
61;2021-12-07;76;74;3493;220353;216997;57689;79.6;78.4;20.8
61;2021-12-08;92;98;3194;220445;217095;60883;79.6;78.4;22.0
61;2021-12-09;82;80;3374;220527;217175;64257;79.6;78.4;23.2
61;2021-12-10;65;147;3488;220592;217322;67745;79.7;78.5;24.5
61;2021-12-11;72;70;2135;220664;217392;69880;79.7;78.5;25.2
61;2021-12-12;13;10;428;220677;217402;70308;79.7;78.5;25.4
61;2021-12-13;96;89;3113;220773;217491;73421;79.7;78.5;26.5
61;2021-12-14;88;108;4157;220861;217599;77578;79.8;78.6;28.0
61;2021-12-15;102;126;3520;220963;217725;81098;79.8;78.6;29.3
61;2021-12-16;90;121;4096;221053;217846;85194;79.8;78.7;30.8
61;2021-12-17;119;141;4064;221172;217987;89258;79.9;78.7;32.2
61;2021-12-18;78;67;2124;221250;218054;91382;79.9;78.7;33.0
61;2021-12-19;37;23;571;221287;218077;91953;79.9;78.8;33.2
61;2021-12-20;108;99;3351;221395;218176;95304;80.0;78.8;34.4
61;2021-12-21;114;123;3378;221509;218299;98682;80.0;78.8;35.6
61;2021-12-22;114;110;2481;221623;218409;101163;80.0;78.9;36.5
61;2021-12-23;83;67;2176;221706;218476;103339;80.1;78.9;37.3
61;2021-12-24;7;15;160;221713;218491;103499;80.1;78.9;37.4
61;2021-12-25;0;0;18;221713;218491;103517;80.1;78.9;37.4
61;2021-12-26;10;3;84;221723;218494;103601;80.1;78.9;37.4
61;2021-12-27;85;80;2578;221808;218574;106179;80.1;78.9;38.3
61;2021-12-28;86;77;2399;221894;218651;108578;80.1;79.0;39.2
62;2020-12-27;3;0;0;3;0;0;0.0;0.0;0.0
62;2020-12-28;1;0;0;4;0;0;0.0;0.0;0.0
62;2020-12-29;0;0;0;4;0;0;0.0;0.0;0.0
62;2020-12-30;0;0;0;4;0;0;0.0;0.0;0.0
62;2020-12-31;0;0;0;4;0;0;0.0;0.0;0.0
62;2021-01-01;1;0;0;5;0;0;0.0;0.0;0.0
62;2021-01-02;3;2;0;8;2;0;0.0;0.0;0.0
62;2021-01-03;0;0;0;8;2;0;0.0;0.0;0.0
62;2021-01-04;5;0;0;13;2;0;0.0;0.0;0.0
62;2021-01-05;64;0;0;77;2;0;0.0;0.0;0.0
62;2021-01-06;149;0;0;226;2;0;0.0;0.0;0.0
62;2021-01-07;371;0;0;597;2;0;0.0;0.0;0.0
62;2021-01-08;710;10;0;1307;12;0;0.1;0.0;0.0
62;2021-01-09;199;2;0;1506;14;0;0.1;0.0;0.0
62;2021-01-10;109;0;0;1615;14;0;0.1;0.0;0.0
62;2021-01-11;611;3;0;2226;17;0;0.2;0.0;0.0
62;2021-01-12;1319;5;0;3545;22;0;0.2;0.0;0.0
62;2021-01-13;1146;16;0;4691;38;0;0.3;0.0;0.0
62;2021-01-14;1460;11;0;6151;49;0;0.4;0.0;0.0
62;2021-01-15;1335;14;0;7486;63;0;0.5;0.0;0.0
62;2021-01-16;351;3;0;7837;66;0;0.5;0.0;0.0
62;2021-01-17;143;1;0;7980;67;0;0.5;0.0;0.0
62;2021-01-18;1726;9;0;9706;76;0;0.7;0.0;0.0
62;2021-01-19;2038;5;0;11744;81;0;0.8;0.0;0.0
62;2021-01-20;2003;10;0;13747;91;0;0.9;0.0;0.0
62;2021-01-21;2257;6;0;16004;97;0;1.1;0.0;0.0
62;2021-01-22;1800;8;0;17804;105;0;1.2;0.0;0.0
62;2021-01-23;494;1;0;18298;106;0;1.3;0.0;0.0
62;2021-01-24;9;0;0;18307;106;0;1.3;0.0;0.0
62;2021-01-25;1263;12;0;19570;118;0;1.3;0.0;0.0
62;2021-01-26;1597;32;0;21167;150;0;1.5;0.0;0.0
62;2021-01-27;1346;185;0;22513;335;0;1.5;0.0;0.0
62;2021-01-28;4003;406;0;26516;741;0;1.8;0.1;0.0
62;2021-01-29;1991;347;0;28507;1088;0;2.0;0.1;0.0
62;2021-01-30;166;152;0;28673;1240;0;2.0;0.1;0.0
62;2021-01-31;20;3;0;28693;1243;0;2.0;0.1;0.0
62;2021-02-01;53;367;0;28746;1610;0;2.0;0.1;0.0
62;2021-02-02;74;788;0;28820;2398;0;2.0;0.2;0.0
62;2021-02-03;172;648;0;28992;3046;0;2.0;0.2;0.0
62;2021-02-04;193;823;0;29185;3869;0;2.0;0.3;0.0
62;2021-02-05;105;754;0;29290;4623;0;2.0;0.3;0.0
62;2021-02-06;39;162;0;29329;4785;0;2.0;0.3;0.0
62;2021-02-07;242;33;0;29571;4818;0;2.0;0.3;0.0
62;2021-02-08;166;873;0;29737;5691;0;2.0;0.4;0.0
62;2021-02-09;273;1099;0;30010;6790;0;2.1;0.5;0.0
62;2021-02-10;384;1104;0;30394;7894;0;2.1;0.5;0.0
62;2021-02-11;772;1022;0;31166;8916;0;2.1;0.6;0.0
62;2021-02-12;986;848;0;32152;9764;0;2.2;0.7;0.0
62;2021-02-13;179;303;0;32331;10067;0;2.2;0.7;0.0
62;2021-02-14;3;10;0;32334;10077;0;2.2;0.7;0.0
62;2021-02-15;737;1260;0;33071;11337;0;2.3;0.8;0.0
62;2021-02-16;930;1816;0;34001;13153;0;2.3;0.9;0.0
62;2021-02-17;1092;2074;0;35093;15227;0;2.4;1.0;0.0
62;2021-02-18;2241;3708;0;37334;18935;0;2.6;1.3;0.0
62;2021-02-19;2268;2478;0;39602;21413;0;2.7;1.5;0.0
62;2021-02-20;616;499;0;40218;21912;0;2.8;1.5;0.0
62;2021-02-21;84;63;0;40302;21975;0;2.8;1.5;0.0
62;2021-02-22;855;954;0;41157;22929;0;2.8;1.6;0.0
62;2021-02-23;1430;1218;0;42587;24147;0;2.9;1.7;0.0
62;2021-02-24;1587;762;0;44174;24909;0;3.0;1.7;0.0
62;2021-02-25;3257;557;0;47431;25466;0;3.3;1.8;0.0
62;2021-02-26;2959;453;0;50390;25919;0;3.5;1.8;0.0
62;2021-02-27;1838;118;0;52228;26037;0;3.6;1.8;0.0
62;2021-02-28;59;44;0;52287;26081;0;3.6;1.8;0.0
62;2021-03-01;1389;154;0;53676;26235;0;3.7;1.8;0.0
62;2021-03-02;3121;206;0;56797;26441;0;3.9;1.8;0.0
62;2021-03-03;3304;209;0;60101;26650;0;4.1;1.8;0.0
62;2021-03-04;3879;274;0;63980;26924;0;4.4;1.9;0.0
62;2021-03-05;4703;301;0;68683;27225;0;4.7;1.9;0.0
62;2021-03-06;9723;308;0;78406;27533;0;5.4;1.9;0.0
62;2021-03-07;8118;253;0;86524;27786;0;6.0;1.9;0.0
62;2021-03-08;2319;354;0;88843;28140;0;6.1;1.9;0.0
62;2021-03-09;3934;473;0;92777;28613;0;6.4;2.0;0.0
62;2021-03-10;4349;667;0;97126;29280;0;6.7;2.0;0.0
62;2021-03-11;6177;1533;0;103303;30813;0;7.1;2.1;0.0
62;2021-03-12;6828;1454;0;110131;32267;0;7.6;2.2;0.0
62;2021-03-13;14783;873;0;124914;33140;0;8.6;2.3;0.0
62;2021-03-14;9612;410;0;134526;33550;0;9.3;2.3;0.0
62;2021-03-15;3859;1056;0;138385;34606;0;9.5;2.4;0.0
62;2021-03-16;2812;839;0;141197;35445;0;9.7;2.4;0.0
62;2021-03-17;2850;816;0;144047;36261;0;9.9;2.5;0.0
62;2021-03-18;2800;1058;0;146847;37319;0;10.1;2.6;0.0
62;2021-03-19;4835;935;0;151682;38254;0;10.4;2.6;0.0
62;2021-03-20;11341;637;0;163023;38891;0;11.2;2.7;0.0
62;2021-03-21;9219;388;0;172242;39279;0;11.9;2.7;0.0
62;2021-03-22;3060;1157;0;175302;40436;0;12.1;2.8;0.0
62;2021-03-23;5008;1538;0;180310;41974;0;12.4;2.9;0.0
62;2021-03-24;4656;1422;0;184966;43396;0;12.7;3.0;0.0
62;2021-03-25;6576;1521;0;191542;44917;0;13.2;3.1;0.0
62;2021-03-26;7136;1490;0;198678;46407;0;13.7;3.2;0.0
62;2021-03-27;12463;783;0;211141;47190;0;14.5;3.2;0.0
62;2021-03-28;6812;287;0;217953;47477;0;15.0;3.3;0.0
62;2021-03-29;3489;1303;0;221442;48780;0;15.2;3.4;0.0
62;2021-03-30;4580;2264;0;226022;51044;0;15.6;3.5;0.0
62;2021-03-31;4137;2481;0;230159;53525;0;15.8;3.7;0.0
62;2021-04-01;4945;2795;0;235104;56320;0;16.2;3.9;0.0
62;2021-04-02;5021;3372;0;240125;59692;0;16.5;4.1;0.0
62;2021-04-03;8343;3434;0;248468;63126;0;17.1;4.3;0.0
62;2021-04-04;4494;1939;0;252962;65065;0;17.4;4.5;0.0
62;2021-04-05;1207;514;0;254169;65579;0;17.5;4.5;0.0
62;2021-04-06;4030;3101;0;258199;68680;0;17.8;4.7;0.0
62;2021-04-07;5023;3651;0;263222;72331;0;18.1;5.0;0.0
62;2021-04-08;6518;4010;0;269740;76341;0;18.6;5.3;0.0
62;2021-04-09;7688;3609;0;277428;79950;0;19.1;5.5;0.0
62;2021-04-10;6740;8128;0;284168;88078;0;19.6;6.1;0.0
62;2021-04-11;2797;6848;0;286965;94926;0;19.8;6.5;0.0
62;2021-04-12;3471;2517;0;290436;97443;0;20.0;6.7;0.0
62;2021-04-13;6136;3296;0;296572;100739;0;20.4;6.9;0.0
62;2021-04-14;5395;3128;0;301967;103867;0;20.8;7.1;0.0
62;2021-04-15;5851;3048;0;307818;106915;0;21.2;7.4;0.0
62;2021-04-16;5539;3313;0;313357;110228;0;21.6;7.6;0.0
62;2021-04-17;4418;7633;0;317775;117861;0;21.9;8.1;0.0
62;2021-04-18;1972;6642;0;319747;124503;0;22.0;8.6;0.0
62;2021-04-19;2921;2082;0;322668;126585;0;22.2;8.7;0.0
62;2021-04-20;4109;3857;0;326777;130442;0;22.5;9.0;0.0
62;2021-04-21;3735;3881;0;330512;134323;0;22.8;9.2;0.0
62;2021-04-22;4168;5135;0;334680;139458;0;23.0;9.6;0.0
62;2021-04-23;4168;5274;0;338848;144732;0;23.3;10.0;0.0
62;2021-04-24;4443;6749;0;343291;151481;0;23.6;10.4;0.0
62;2021-04-25;1946;3514;0;345237;154995;0;23.8;10.7;0.0
62;2021-04-26;2441;2556;0;347678;157551;0;23.9;10.8;0.0
62;2021-04-27;4570;3653;0;352248;161204;0;24.2;11.1;0.0
62;2021-04-28;4710;4356;0;356958;165560;0;24.6;11.4;0.0
62;2021-04-29;4979;5761;0;361937;171321;0;24.9;11.8;0.0
62;2021-04-30;5555;5698;0;367492;177019;0;25.3;12.2;0.0
62;2021-05-01;6176;3844;0;373668;180863;0;25.7;12.4;0.0
62;2021-05-02;8051;3321;0;381719;184184;0;26.3;12.7;0.0
62;2021-05-03;5074;2442;0;386793;186626;0;26.6;12.8;0.0
62;2021-05-04;5817;4955;0;392610;191581;0;27.0;13.2;0.0
62;2021-05-05;5196;4766;0;397806;196347;0;27.4;13.5;0.0
62;2021-05-06;5893;4992;0;403699;201339;0;27.8;13.9;0.0
62;2021-05-07;8363;4824;0;412062;206163;0;28.4;14.2;0.0
62;2021-05-08;11291;2514;0;423353;208677;0;29.1;14.4;0.0
62;2021-05-09;8999;1704;0;432352;210381;0;29.8;14.5;0.0
62;2021-05-10;5807;4131;0;438159;214512;0;30.2;14.8;0.0
62;2021-05-11;7109;5032;0;445268;219544;0;30.6;15.1;0.0
62;2021-05-12;9337;4713;0;454605;224257;0;31.3;15.4;0.0
62;2021-05-13;10056;1552;0;464661;225809;0;32.0;15.5;0.0
62;2021-05-14;11602;3495;0;476263;229304;0;32.8;15.8;0.0
62;2021-05-15;19351;3353;0;495614;232657;0;34.1;16.0;0.0
62;2021-05-16;16409;1444;0;512023;234101;0;35.2;16.1;0.0
62;2021-05-17;8427;2760;0;520450;236861;0;35.8;16.3;0.0
62;2021-05-18;9302;3140;0;529752;240001;0;36.5;16.5;0.0
62;2021-05-19;8841;2875;0;538593;242876;0;37.1;16.7;0.0
62;2021-05-20;8594;3914;0;547187;246790;0;37.7;17.0;0.0
62;2021-05-21;9758;4312;0;556945;251102;0;38.3;17.3;0.0
62;2021-05-22;17380;3498;0;574325;254600;0;39.5;17.5;0.0
62;2021-05-23;12433;1142;0;586758;255742;0;40.4;17.6;0.0
62;2021-05-24;5028;732;0;591786;256474;0;40.7;17.7;0.0
62;2021-05-25;7219;4042;0;599005;260516;0;41.2;17.9;0.0
62;2021-05-26;7242;4888;0;606247;265404;0;41.7;18.3;0.0
62;2021-05-27;6521;5724;0;612768;271128;0;42.2;18.7;0.0
62;2021-05-28;6796;6890;0;619564;278018;0;42.6;19.1;0.0
62;2021-05-29;10409;5515;0;629973;283533;0;43.4;19.5;0.0
62;2021-05-30;3939;950;0;633912;284483;0;43.6;19.6;0.0
62;2021-05-31;4916;4155;0;638828;288638;0;44.0;19.9;0.0
62;2021-06-01;6580;6536;0;645408;295174;0;44.4;20.3;0.0
62;2021-06-02;7478;5941;0;652886;301115;0;44.9;20.7;0.0
62;2021-06-03;7854;6102;0;660740;307217;0;45.5;21.1;0.0
62;2021-06-04;7935;6447;0;668675;313664;0;46.0;21.6;0.0
62;2021-06-05;8036;6223;0;676711;319887;0;46.6;22.0;0.0
62;2021-06-06;3115;1360;0;679826;321247;0;46.8;22.1;0.0
62;2021-06-07;4874;4074;0;684700;325321;0;47.1;22.4;0.0
62;2021-06-08;6271;6053;0;690971;331374;0;47.6;22.8;0.0
62;2021-06-09;5525;5057;0;696496;336431;0;47.9;23.2;0.0
62;2021-06-10;5199;6188;0;701695;342619;0;48.3;23.6;0.0
62;2021-06-11;6142;9194;0;707837;351813;0;48.7;24.2;0.0
62;2021-06-12;5843;8892;0;713680;360705;0;49.1;24.8;0.0
62;2021-06-13;3148;3825;0;716828;364530;0;49.3;25.1;0.0
62;2021-06-14;2801;7243;0;719629;371773;0;49.5;25.6;0.0
62;2021-06-15;4716;8784;0;724345;380557;0;49.9;26.2;0.0
62;2021-06-16;5130;7681;0;729475;388238;0;50.2;26.7;0.0
62;2021-06-17;5221;8200;0;734696;396438;0;50.6;27.3;0.0
62;2021-06-18;4849;11214;0;739545;407652;0;50.9;28.1;0.0
62;2021-06-19;5786;13973;0;745331;421625;0;51.3;29.0;0.0
62;2021-06-20;2270;4846;0;747601;426471;0;51.5;29.4;0.0
62;2021-06-21;2980;9581;0;750581;436052;0;51.7;30.0;0.0
62;2021-06-22;3525;10480;0;754106;446532;0;51.9;30.7;0.0
62;2021-06-23;3478;10755;0;757584;457287;0;52.1;31.5;0.0
62;2021-06-24;3436;11996;0;761020;469283;0;52.4;32.3;0.0
62;2021-06-25;3822;15599;0;764842;484882;0;52.6;33.4;0.0
62;2021-06-26;3652;18217;0;768494;503099;0;52.9;34.6;0.0
62;2021-06-27;1367;10155;0;769861;513254;0;53.0;35.3;0.0
62;2021-06-28;2051;9468;0;771912;522722;0;53.1;36.0;0.0
62;2021-06-29;3068;11510;0;774980;534232;0;53.3;36.8;0.0
62;2021-06-30;4075;11060;0;779055;545292;0;53.6;37.5;0.0
62;2021-07-01;4468;10609;0;783523;555901;0;53.9;38.3;0.0
62;2021-07-02;4154;12300;0;787677;568201;0;54.2;39.1;0.0
62;2021-07-03;2966;17976;0;790643;586177;0;54.4;40.3;0.0
62;2021-07-04;1581;9651;0;792224;595828;0;54.5;41.0;0.0
62;2021-07-05;2608;7613;0;794832;603441;0;54.7;41.5;0.0
62;2021-07-06;3861;10117;0;798693;613558;0;55.0;42.2;0.0
62;2021-07-07;4020;8919;0;802713;622477;0;55.3;42.8;0.0
62;2021-07-08;5164;8987;0;807877;631464;0;55.6;43.5;0.0
62;2021-07-09;4552;11082;0;812429;642546;0;55.9;44.2;0.0
62;2021-07-10;5118;11857;0;817547;654403;0;56.3;45.0;0.0
62;2021-07-11;1514;2472;0;819061;656875;0;56.4;45.2;0.0
62;2021-07-12;2503;7595;0;821564;664470;0;56.6;45.7;0.0
62;2021-07-13;5344;12015;0;826908;676485;0;56.9;46.6;0.0
62;2021-07-14;3741;3246;0;830649;679731;0;57.2;46.8;0.0
62;2021-07-15;7654;11507;0;838303;691238;0;57.7;47.6;0.0
62;2021-07-16;7925;11078;0;846228;702316;0;58.2;48.3;0.0
62;2021-07-17;9508;10456;0;855736;712772;0;58.9;49.1;0.0
62;2021-07-18;3181;3778;0;858917;716550;0;59.1;49.3;0.0
62;2021-07-19;6191;7398;0;865108;723948;0;59.5;49.8;0.0
62;2021-07-20;8180;10695;0;873288;734643;0;60.1;50.6;0.0
62;2021-07-21;9727;9452;0;883015;744095;0;60.8;51.2;0.0
62;2021-07-22;9917;8878;0;892932;752973;0;61.5;51.8;0.0
62;2021-07-23;10656;8490;0;903588;761463;0;62.2;52.4;0.0
62;2021-07-24;9922;10234;0;913510;771697;0;62.9;53.1;0.0
62;2021-07-25;5921;2054;0;919431;773751;0;63.3;53.3;0.0
62;2021-07-26;6690;5851;0;926121;779602;0;63.7;53.7;0.0
62;2021-07-27;9974;8099;0;936095;787701;0;64.4;54.2;0.0
62;2021-07-28;10549;7468;0;946644;795169;0;65.2;54.7;0.0
62;2021-07-29;11868;7543;0;958512;802712;0;66.0;55.3;0.0
62;2021-07-30;9265;6511;0;967777;809223;0;66.6;55.7;0.0
62;2021-07-31;6966;4306;0;974743;813529;0;67.1;56.0;0.0
62;2021-08-01;2782;1286;0;977525;814815;0;67.3;56.1;0.0
62;2021-08-02;6920;5053;0;984445;819868;0;67.8;56.4;0.0
62;2021-08-03;8487;7560;0;992932;827428;0;68.3;57.0;0.0
62;2021-08-04;9387;5538;0;1002319;832966;0;69.0;57.3;0.0
62;2021-08-05;8194;5781;0;1010513;838747;0;69.6;57.7;0.0
62;2021-08-06;7403;6045;0;1017916;844792;0;70.1;58.2;0.0
62;2021-08-07;5808;5490;0;1023724;850282;0;70.5;58.5;0.0
62;2021-08-08;2041;1502;0;1025765;851784;0;70.6;58.6;0.0
62;2021-08-09;5319;5389;0;1031084;857173;0;71.0;59.0;0.0
62;2021-08-10;6179;7344;0;1037263;864517;0;71.4;59.5;0.0
62;2021-08-11;5432;7397;0;1042695;871914;0;71.8;60.0;0.0
62;2021-08-12;5801;7141;0;1048496;879055;0;72.2;60.5;0.0
62;2021-08-13;4575;6264;0;1053071;885319;0;72.5;60.9;0.0
62;2021-08-14;3955;7084;0;1057026;892403;0;72.8;61.4;0.0
62;2021-08-15;1210;1357;0;1058236;893760;0;72.8;61.5;0.0
62;2021-08-16;3272;6243;0;1061508;900003;0;73.1;62.0;0.0
62;2021-08-17;4013;7210;0;1065521;907213;0;73.3;62.4;0.0
62;2021-08-18;4375;7233;0;1069896;914446;0;73.6;62.9;0.0
62;2021-08-19;4267;8465;0;1074163;922911;0;73.9;63.5;0.0
62;2021-08-20;3369;8636;0;1077532;931547;0;74.2;64.1;0.0
62;2021-08-21;2460;9716;0;1079992;941263;0;74.3;64.8;0.0
62;2021-08-22;483;3010;0;1080475;944273;0;74.4;65.0;0.0
62;2021-08-23;2727;8038;0;1083202;952311;0;74.6;65.6;0.0
62;2021-08-24;3691;10128;0;1086893;962439;0;74.8;66.2;0.0
62;2021-08-25;3470;9072;0;1090363;971511;0;75.1;66.9;0.0
62;2021-08-26;3081;9403;0;1093444;980914;0;75.3;67.5;0.0
62;2021-08-27;2594;8941;0;1096038;989855;0;75.4;68.1;0.0
62;2021-08-28;2097;8126;0;1098135;997981;0;75.6;68.7;0.0
62;2021-08-29;906;2414;0;1099041;1000395;0;75.7;68.9;0.0
62;2021-08-30;2051;7415;102;1101092;1007810;102;75.8;69.4;0.0
62;2021-08-31;2181;7804;197;1103273;1015614;299;75.9;69.9;0.0
62;2021-09-01;1867;5871;401;1105140;1021485;700;76.1;70.3;0.0
62;2021-09-02;1797;6203;449;1106937;1027688;1149;76.2;70.7;0.1
62;2021-09-03;2094;6934;614;1109031;1034622;1763;76.3;71.2;0.1
62;2021-09-04;2125;6516;405;1111156;1041138;2168;76.5;71.7;0.1
62;2021-09-05;321;1236;67;1111477;1042374;2235;76.5;71.8;0.2
62;2021-09-06;1079;3416;534;1112556;1045790;2769;76.6;72.0;0.2
62;2021-09-07;1210;3812;566;1113766;1049602;3335;76.7;72.2;0.2
62;2021-09-08;1311;4069;445;1115077;1053671;3780;76.8;72.5;0.3
62;2021-09-09;1270;4225;483;1116347;1057896;4263;76.8;72.8;0.3
62;2021-09-10;1621;4451;638;1117968;1062347;4901;77.0;73.1;0.3
62;2021-09-11;1276;3988;366;1119244;1066335;5267;77.0;73.4;0.4
62;2021-09-12;219;563;50;1119463;1066898;5317;77.1;73.4;0.4
62;2021-09-13;831;2291;608;1120294;1069189;5925;77.1;73.6;0.4
62;2021-09-14;1334;3322;1092;1121628;1072511;7017;77.2;73.8;0.5
62;2021-09-15;1351;4096;847;1122979;1076607;7864;77.3;74.1;0.5
62;2021-09-16;1361;2855;1034;1124340;1079462;8898;77.4;74.3;0.6
62;2021-09-17;1370;2485;1051;1125710;1081947;9949;77.5;74.5;0.7
62;2021-09-18;1067;2944;518;1126777;1084891;10467;77.6;74.7;0.7
62;2021-09-19;137;475;52;1126914;1085366;10519;77.6;74.7;0.7
62;2021-09-20;610;1536;856;1127524;1086902;11375;77.6;74.8;0.8
62;2021-09-21;903;2406;915;1128427;1089308;12290;77.7;75.0;0.8
62;2021-09-22;785;2607;896;1129212;1091915;13186;77.7;75.2;0.9
62;2021-09-23;713;1771;1486;1129925;1093686;14672;77.8;75.3;1.0
62;2021-09-24;772;1998;936;1130697;1095684;15608;77.8;75.4;1.1
62;2021-09-25;696;2675;655;1131393;1098359;16263;77.9;75.6;1.1
62;2021-09-26;85;329;58;1131478;1098688;16321;77.9;75.6;1.1
62;2021-09-27;353;1133;635;1131831;1099821;16956;77.9;75.7;1.2
62;2021-09-28;582;1676;986;1132413;1101497;17942;77.9;75.8;1.2
62;2021-09-29;723;1875;992;1133136;1103372;18934;78.0;75.9;1.3
62;2021-09-30;432;994;832;1133568;1104366;19766;78.0;76.0;1.4
62;2021-10-01;786;1688;1055;1134354;1106054;20821;78.1;76.1;1.4
62;2021-10-02;732;1558;817;1135086;1107612;21638;78.1;76.2;1.5
62;2021-10-03;94;251;76;1135180;1107863;21714;78.1;76.3;1.5
62;2021-10-04;450;821;1123;1135630;1108684;22837;78.2;76.3;1.6
62;2021-10-05;651;1443;1717;1136281;1110127;24554;78.2;76.4;1.7
62;2021-10-06;611;1261;1198;1136892;1111388;25752;78.3;76.5;1.8
62;2021-10-07;508;1185;1383;1137400;1112573;27135;78.3;76.6;1.9
62;2021-10-08;759;1573;1721;1138159;1114146;28856;78.3;76.7;2.0
62;2021-10-09;644;1375;1515;1138803;1115521;30371;78.4;76.8;2.1
62;2021-10-10;76;203;193;1138879;1115724;30564;78.4;76.8;2.1
62;2021-10-11;376;709;1273;1139255;1116433;31837;78.4;76.8;2.2
62;2021-10-12;501;1302;2455;1139756;1117735;34292;78.5;76.9;2.4
62;2021-10-13;576;930;1666;1140332;1118665;35958;78.5;77.0;2.5
62;2021-10-14;410;737;1397;1140742;1119402;37355;78.5;77.1;2.6
62;2021-10-15;685;1129;2310;1141427;1120531;39665;78.6;77.1;2.7
62;2021-10-16;539;790;1695;1141966;1121321;41360;78.6;77.2;2.8
62;2021-10-17;57;80;165;1142023;1121401;41525;78.6;77.2;2.9
62;2021-10-18;386;542;1818;1142409;1121943;43343;78.6;77.2;3.0
62;2021-10-19;546;841;2940;1142955;1122784;46283;78.7;77.3;3.2
62;2021-10-20;495;724;2192;1143450;1123508;48475;78.7;77.3;3.3
62;2021-10-21;420;544;2218;1143870;1124052;50693;78.7;77.4;3.5
62;2021-10-22;611;980;2819;1144481;1125032;53512;78.8;77.4;3.7
62;2021-10-23;509;754;2281;1144990;1125786;55793;78.8;77.5;3.8
62;2021-10-24;25;53;152;1145015;1125839;55945;78.8;77.5;3.9
62;2021-10-25;430;484;2148;1145445;1126323;58093;78.8;77.5;4.0
62;2021-10-26;473;662;3071;1145918;1126985;61164;78.9;77.6;4.2
62;2021-10-27;409;596;2289;1146327;1127581;63453;78.9;77.6;4.4
62;2021-10-28;407;470;2246;1146734;1128051;65699;78.9;77.6;4.5
62;2021-10-29;507;742;3039;1147241;1128793;68738;79.0;77.7;4.7
62;2021-10-30;370;648;2567;1147611;1129441;71305;79.0;77.7;4.9
62;2021-10-31;25;33;134;1147636;1129474;71439;79.0;77.7;4.9
62;2021-11-01;34;27;78;1147670;1129501;71517;79.0;77.7;4.9
62;2021-11-02;489;703;3332;1148159;1130204;74849;79.0;77.8;5.2
62;2021-11-03;442;638;2769;1148601;1130842;77618;79.1;77.8;5.3
62;2021-11-04;398;423;2462;1148999;1131265;80080;79.1;77.9;5.5
62;2021-11-05;471;633;3313;1149470;1131898;83393;79.1;77.9;5.7
62;2021-11-06;481;643;3114;1149951;1132541;86507;79.2;78.0;6.0
62;2021-11-07;104;116;468;1150055;1132657;86975;79.2;78.0;6.0
62;2021-11-08;303;422;2721;1150358;1133079;89696;79.2;78.0;6.2
62;2021-11-09;445;551;4682;1150803;1133630;94378;79.2;78.0;6.5
62;2021-11-10;540;727;4296;1151343;1134357;98674;79.3;78.1;6.8
62;2021-11-11;16;27;133;1151359;1134384;98807;79.3;78.1;6.8
62;2021-11-12;533;750;4667;1151892;1135134;103474;79.3;78.1;7.1
62;2021-11-13;390;551;2782;1152282;1135685;106256;79.3;78.2;7.3
62;2021-11-14;35;48;249;1152317;1135733;106505;79.3;78.2;7.3
62;2021-11-15;367;407;3616;1152684;1136140;110121;79.3;78.2;7.6
62;2021-11-16;342;430;4353;1153026;1136570;114474;79.4;78.2;7.9
62;2021-11-17;552;573;4668;1153578;1137143;119142;79.4;78.3;8.2
62;2021-11-18;433;605;5027;1154011;1137748;124169;79.4;78.3;8.5
62;2021-11-19;698;678;5869;1154709;1138426;130038;79.5;78.4;9.0
62;2021-11-20;516;569;3821;1155225;1138995;133859;79.5;78.4;9.2
62;2021-11-21;25;68;425;1155250;1139063;134284;79.5;78.4;9.2
62;2021-11-22;421;258;3756;1155671;1139321;138040;79.5;78.4;9.5
62;2021-11-23;432;389;5010;1156103;1139710;143050;79.6;78.5;9.8
62;2021-11-24;480;458;4039;1156583;1140168;147089;79.6;78.5;10.1
62;2021-11-25;508;432;6412;1157091;1140600;153501;79.6;78.5;10.6
62;2021-11-26;635;606;9792;1157726;1141206;163293;79.7;78.6;11.2
62;2021-11-27;404;506;7101;1158130;1141712;170394;79.7;78.6;11.7
62;2021-11-28;44;64;1428;1158174;1141776;171822;79.7;78.6;11.8
62;2021-11-29;287;332;7994;1158461;1142108;179816;79.7;78.6;12.4
62;2021-11-30;421;460;11788;1158882;1142568;191604;79.8;78.6;13.2
62;2021-12-01;346;483;11959;1159228;1143051;203563;79.8;78.7;14.0
62;2021-12-02;342;271;12900;1159570;1143322;216463;79.8;78.7;14.9
62;2021-12-03;429;656;15725;1159999;1143978;232188;79.8;78.7;16.0
62;2021-12-04;372;514;13189;1160371;1144492;245377;79.9;78.8;16.9
62;2021-12-05;66;62;4863;1160437;1144554;250240;79.9;78.8;17.2
62;2021-12-06;294;383;13454;1160731;1144937;263694;79.9;78.8;18.2
62;2021-12-07;317;406;16535;1161048;1145343;280229;79.9;78.8;19.3
62;2021-12-08;380;583;14388;1161428;1145926;294617;79.9;78.9;20.3
62;2021-12-09;417;464;17490;1161845;1146390;312107;80.0;78.9;21.5
62;2021-12-10;458;653;19552;1162303;1147043;331659;80.0;79.0;22.8
62;2021-12-11;388;565;17468;1162691;1147608;349127;80.0;79.0;24.0
62;2021-12-12;118;100;6381;1162809;1147708;355508;80.0;79.0;24.5
62;2021-12-13;352;436;16048;1163161;1148144;371556;80.1;79.0;25.6
62;2021-12-14;412;463;18866;1163573;1148607;390422;80.1;79.1;26.9
62;2021-12-15;353;544;16906;1163926;1149151;407328;80.1;79.1;28.0
62;2021-12-16;477;524;19485;1164403;1149675;426813;80.2;79.1;29.4
62;2021-12-17;429;664;20098;1164832;1150339;446911;80.2;79.2;30.8
62;2021-12-18;505;493;18430;1165337;1150832;465341;80.2;79.2;32.0
62;2021-12-19;193;142;6657;1165530;1150974;471998;80.2;79.2;32.5
62;2021-12-20;497;415;15325;1166027;1151389;487323;80.3;79.3;33.5
62;2021-12-21;534;519;16900;1166561;1151908;504223;80.3;79.3;34.7
62;2021-12-22;544;456;13668;1167105;1152364;517891;80.3;79.3;35.6
62;2021-12-23;515;327;10687;1167620;1152691;528578;80.4;79.3;36.4
62;2021-12-24;106;92;1726;1167726;1152783;530304;80.4;79.4;36.5
62;2021-12-25;16;21;88;1167742;1152804;530392;80.4;79.4;36.5
62;2021-12-26;139;41;1637;1167881;1152845;532029;80.4;79.4;36.6
62;2021-12-27;400;435;12027;1168281;1153280;544056;80.4;79.4;37.4
62;2021-12-28;479;468;14418;1168760;1153748;558474;80.5;79.4;38.4
63;2020-12-27;0;0;0;0;0;0;0.0;0.0;0.0
63;2020-12-28;0;0;0;0;0;0;0.0;0.0;0.0
63;2020-12-29;0;0;0;0;0;0;0.0;0.0;0.0
63;2020-12-30;0;0;0;0;0;0;0.0;0.0;0.0
63;2020-12-31;1;1;0;1;1;0;0.0;0.0;0.0
63;2021-01-01;1;0;0;2;1;0;0.0;0.0;0.0
63;2021-01-02;0;0;0;2;1;0;0.0;0.0;0.0
63;2021-01-03;0;0;0;2;1;0;0.0;0.0;0.0
63;2021-01-04;0;0;0;2;1;0;0.0;0.0;0.0
63;2021-01-05;1;0;0;3;1;0;0.0;0.0;0.0
63;2021-01-06;5;1;0;8;2;0;0.0;0.0;0.0
63;2021-01-07;303;1;0;311;3;0;0.0;0.0;0.0
63;2021-01-08;216;5;0;527;8;0;0.1;0.0;0.0
63;2021-01-09;101;0;0;628;8;0;0.1;0.0;0.0
63;2021-01-10;82;0;0;710;8;0;0.1;0.0;0.0
63;2021-01-11;435;4;0;1145;12;0;0.2;0.0;0.0
63;2021-01-12;663;1;0;1808;13;0;0.3;0.0;0.0
63;2021-01-13;785;8;0;2593;21;0;0.4;0.0;0.0
63;2021-01-14;548;8;0;3141;29;0;0.5;0.0;0.0
63;2021-01-15;428;6;0;3569;35;0;0.5;0.0;0.0
63;2021-01-16;168;0;0;3737;35;0;0.6;0.0;0.0
63;2021-01-17;140;0;0;3877;35;0;0.6;0.0;0.0
63;2021-01-18;655;3;0;4532;38;0;0.7;0.0;0.0
63;2021-01-19;873;2;0;5405;40;0;0.8;0.0;0.0
63;2021-01-20;1127;12;0;6532;52;0;1.0;0.0;0.0
63;2021-01-21;1088;5;0;7620;57;0;1.2;0.0;0.0
63;2021-01-22;1040;5;0;8660;62;0;1.3;0.0;0.0
63;2021-01-23;200;0;0;8860;62;0;1.3;0.0;0.0
63;2021-01-24;165;2;0;9025;64;0;1.4;0.0;0.0
63;2021-01-25;893;4;0;9918;68;0;1.5;0.0;0.0
63;2021-01-26;971;3;0;10889;71;0;1.6;0.0;0.0
63;2021-01-27;1058;6;0;11947;77;0;1.8;0.0;0.0
63;2021-01-28;1370;70;0;13317;147;0;2.0;0.0;0.0
63;2021-01-29;1200;73;0;14517;220;0;2.2;0.0;0.0
63;2021-01-30;98;2;0;14615;222;0;2.2;0.0;0.0
63;2021-01-31;9;0;0;14624;222;0;2.2;0.0;0.0
63;2021-02-01;656;188;0;15280;410;0;2.3;0.1;0.0
63;2021-02-02;919;256;0;16199;666;0;2.5;0.1;0.0
63;2021-02-03;1598;317;0;17797;983;0;2.7;0.1;0.0
63;2021-02-04;2111;508;0;19908;1491;0;3.0;0.2;0.0
63;2021-02-05;1240;287;0;21148;1778;0;3.2;0.3;0.0
63;2021-02-06;121;5;0;21269;1783;0;3.2;0.3;0.0
63;2021-02-07;11;3;0;21280;1786;0;3.2;0.3;0.0
63;2021-02-08;549;405;0;21829;2191;0;3.3;0.3;0.0
63;2021-02-09;712;436;0;22541;2627;0;3.4;0.4;0.0
63;2021-02-10;642;588;0;23183;3215;0;3.5;0.5;0.0
63;2021-02-11;843;505;0;24026;3720;0;3.6;0.6;0.0
63;2021-02-12;846;820;0;24872;4540;0;3.8;0.7;0.0
63;2021-02-13;115;2;0;24987;4542;0;3.8;0.7;0.0
63;2021-02-14;2;61;0;24989;4603;0;3.8;0.7;0.0
63;2021-02-15;222;852;0;25211;5455;0;3.8;0.8;0.0
63;2021-02-16;426;1168;0;25637;6623;0;3.9;1.0;0.0
63;2021-02-17;405;921;0;26042;7544;0;3.9;1.1;0.0
63;2021-02-18;641;902;0;26683;8446;0;4.0;1.3;0.0
63;2021-02-19;480;1025;0;27163;9471;0;4.1;1.4;0.0
63;2021-02-20;47;40;0;27210;9511;0;4.1;1.4;0.0
63;2021-02-21;3;19;0;27213;9530;0;4.1;1.4;0.0
63;2021-02-22;276;944;0;27489;10474;0;4.2;1.6;0.0
63;2021-02-23;587;1151;0;28076;11625;0;4.3;1.8;0.0
63;2021-02-24;708;1415;0;28784;13040;0;4.4;2.0;0.0
63;2021-02-25;1598;1696;0;30382;14736;0;4.6;2.2;0.0
63;2021-02-26;1640;1418;0;32022;16154;0;4.9;2.4;0.0
63;2021-02-27;633;82;0;32655;16236;0;4.9;2.5;0.0
63;2021-02-28;6;170;0;32661;16406;0;4.9;2.5;0.0
63;2021-03-01;593;546;0;33254;16952;0;5.0;2.6;0.0
63;2021-03-02;965;825;0;34219;17777;0;5.2;2.7;0.0
63;2021-03-03;1077;742;0;35296;18519;0;5.3;2.8;0.0
63;2021-03-04;1794;532;0;37090;19051;0;5.6;2.9;0.0
63;2021-03-05;2653;728;0;39743;19779;0;6.0;3.0;0.0
63;2021-03-06;1576;56;0;41319;19835;0;6.3;3.0;0.0
63;2021-03-07;506;21;0;41825;19856;0;6.3;3.0;0.0
63;2021-03-08;1004;684;0;42829;20540;0;6.5;3.1;0.0
63;2021-03-09;1606;1062;0;44435;21602;0;6.7;3.3;0.0
63;2021-03-10;1683;665;0;46118;22267;0;7.0;3.4;0.0
63;2021-03-11;3134;944;0;49252;23211;0;7.5;3.5;0.0
63;2021-03-12;3581;431;0;52833;23642;0;8.0;3.6;0.0
63;2021-03-13;2101;92;0;54934;23734;0;8.3;3.6;0.0
63;2021-03-14;73;25;0;55007;23759;0;8.3;3.6;0.0
63;2021-03-15;1735;365;0;56742;24124;0;8.6;3.7;0.0
63;2021-03-16;1747;424;0;58489;24548;0;8.9;3.7;0.0
63;2021-03-17;1686;730;0;60175;25278;0;9.1;3.8;0.0
63;2021-03-18;1977;750;0;62152;26028;0;9.4;3.9;0.0
63;2021-03-19;2820;547;0;64972;26575;0;9.8;4.0;0.0
63;2021-03-20;1131;76;0;66103;26651;0;10.0;4.0;0.0
63;2021-03-21;57;42;0;66160;26693;0;10.0;4.0;0.0
63;2021-03-22;2025;261;0;68185;26954;0;10.3;4.1;0.0
63;2021-03-23;3004;369;0;71189;27323;0;10.8;4.1;0.0
63;2021-03-24;3245;364;0;74434;27687;0;11.3;4.2;0.0
63;2021-03-25;4664;439;0;79098;28126;0;12.0;4.3;0.0
63;2021-03-26;4603;590;0;83701;28716;0;12.7;4.3;0.0
63;2021-03-27;2440;232;0;86141;28948;0;13.0;4.4;0.0
63;2021-03-28;1021;75;0;87162;29023;0;13.2;4.4;0.0
63;2021-03-29;2519;523;0;89681;29546;0;13.6;4.5;0.0
63;2021-03-30;3334;663;0;93015;30209;0;14.1;4.6;0.0
63;2021-03-31;3023;809;0;96038;31018;0;14.5;4.7;0.0
63;2021-04-01;3877;595;0;99915;31613;0;15.1;4.8;0.0
63;2021-04-02;3461;722;0;103376;32335;0;15.7;4.9;0.0
63;2021-04-03;1163;188;0;104539;32523;0;15.8;4.9;0.0
63;2021-04-04;835;31;0;105374;32554;0;16.0;4.9;0.0
63;2021-04-05;773;82;0;106147;32636;0;16.1;4.9;0.0
63;2021-04-06;2474;1006;0;108621;33642;0;16.5;5.1;0.0
63;2021-04-07;3252;899;0;111873;34541;0;16.9;5.2;0.0
63;2021-04-08;4733;1248;0;116606;35789;0;17.7;5.4;0.0
63;2021-04-09;5404;1095;0;122010;36884;0;18.5;5.6;0.0
63;2021-04-10;2307;503;0;124317;37387;0;18.8;5.7;0.0
63;2021-04-11;938;50;0;125255;37437;0;19.0;5.7;0.0
63;2021-04-12;1634;1329;0;126889;38766;0;19.2;5.9;0.0
63;2021-04-13;2052;1996;0;128941;40762;0;19.5;6.2;0.0
63;2021-04-14;2765;1505;0;131706;42267;0;19.9;6.4;0.0
63;2021-04-15;3860;1614;0;135566;43881;0;20.5;6.6;0.0
63;2021-04-16;2979;2161;0;138545;46042;0;21.0;7.0;0.0
63;2021-04-17;1288;698;0;139833;46740;0;21.2;7.1;0.0
63;2021-04-18;772;69;0;140605;46809;0;21.3;7.1;0.0
63;2021-04-19;1728;2110;0;142333;48919;0;21.6;7.4;0.0
63;2021-04-20;1804;2345;0;144137;51264;0;21.8;7.8;0.0
63;2021-04-21;1558;2454;0;145695;53718;0;22.1;8.1;0.0
63;2021-04-22;2044;2362;0;147739;56080;0;22.4;8.5;0.0
63;2021-04-23;2094;3080;0;149833;59160;0;22.7;9.0;0.0
63;2021-04-24;1202;1178;0;151035;60338;0;22.9;9.1;0.0
63;2021-04-25;534;409;0;151569;60747;0;23.0;9.2;0.0
63;2021-04-26;1528;2257;0;153097;63004;0;23.2;9.5;0.0
63;2021-04-27;2406;2610;0;155503;65614;0;23.6;9.9;0.0
63;2021-04-28;2427;3156;0;157930;68770;0;23.9;10.4;0.0
63;2021-04-29;3011;2946;0;160941;71716;0;24.4;10.9;0.0
63;2021-04-30;3062;2783;0;164003;74499;0;24.8;11.3;0.0
63;2021-05-01;1190;1008;0;165193;75507;0;25.0;11.4;0.0
63;2021-05-02;869;625;0;166062;76132;0;25.2;11.5;0.0
63;2021-05-03;2788;2271;0;168850;78403;0;25.6;11.9;0.0
63;2021-05-04;3043;2723;0;171893;81126;0;26.0;12.3;0.0
63;2021-05-05;3051;3142;0;174944;84268;0;26.5;12.8;0.0
63;2021-05-06;3846;3152;0;178790;87420;0;27.1;13.2;0.0
63;2021-05-07;4291;3659;0;183081;91079;0;27.7;13.8;0.0
63;2021-05-08;2153;721;0;185234;91800;0;28.1;13.9;0.0
63;2021-05-09;1780;765;0;187014;92565;0;28.3;14.0;0.0
63;2021-05-10;4343;2792;0;191357;95357;0;29.0;14.4;0.0
63;2021-05-11;5574;2822;0;196931;98179;0;29.8;14.9;0.0
63;2021-05-12;5398;2958;0;202329;101137;0;30.6;15.3;0.0
63;2021-05-13;4443;718;0;206772;101855;0;31.3;15.4;0.0
63;2021-05-14;4959;1620;0;211731;103475;0;32.1;15.7;0.0
63;2021-05-15;3738;1014;0;215469;104489;0;32.6;15.8;0.0
63;2021-05-16;3413;441;0;218882;104930;0;33.2;15.9;0.0
63;2021-05-17;3968;2007;0;222850;106937;0;33.8;16.2;0.0
63;2021-05-18;5230;1685;0;228080;108622;0;34.5;16.5;0.0
63;2021-05-19;5399;1691;0;233479;110313;0;35.4;16.7;0.0
63;2021-05-20;6841;2177;0;240320;112490;0;36.4;17.0;0.0
63;2021-05-21;6439;2318;0;246759;114808;0;37.4;17.4;0.0
63;2021-05-22;3437;848;0;250196;115656;0;37.9;17.5;0.0
63;2021-05-23;2320;233;0;252516;115889;0;38.2;17.6;0.0
63;2021-05-24;2886;603;0;255402;116492;0;38.7;17.6;0.0
63;2021-05-25;4321;2633;0;259723;119125;0;39.3;18.0;0.0
63;2021-05-26;5481;2425;0;265204;121550;0;40.2;18.4;0.0
63;2021-05-27;6466;2793;0;271670;124343;0;41.1;18.8;0.0
63;2021-05-28;5721;3897;0;277391;128240;0;42.0;19.4;0.0
63;2021-05-29;3366;1521;0;280757;129761;0;42.5;19.7;0.0
63;2021-05-30;1498;215;0;282255;129976;0;42.8;19.7;0.0
63;2021-05-31;4006;2312;0;286261;132288;0;43.4;20.0;0.0
63;2021-06-01;3903;3055;0;290164;135343;0;43.9;20.5;0.0
63;2021-06-02;3966;2557;0;294130;137900;0;44.5;20.9;0.0
63;2021-06-03;4904;3312;0;299034;141212;0;45.3;21.4;0.0
63;2021-06-04;5088;3687;0;304122;144899;0;46.1;21.9;0.0
63;2021-06-05;2784;1727;0;306906;146626;0;46.5;22.2;0.0
63;2021-06-06;1241;688;0;308147;147314;0;46.7;22.3;0.0
63;2021-06-07;3180;2603;0;311327;149917;0;47.2;22.7;0.0
63;2021-06-08;2974;2807;0;314301;152724;0;47.6;23.1;0.0
63;2021-06-09;3147;2359;0;317448;155083;0;48.1;23.5;0.0
63;2021-06-10;3289;2800;0;320737;157883;0;48.6;23.9;0.0
63;2021-06-11;3116;4228;0;323853;162111;0;49.1;24.6;0.0
63;2021-06-12;1692;1972;0;325545;164083;0;49.3;24.9;0.0
63;2021-06-13;466;1080;0;326011;165163;0;49.4;25.0;0.0
63;2021-06-14;1819;3545;0;327830;168708;0;49.7;25.6;0.0
63;2021-06-15;2342;3679;0;330172;172387;0;50.0;26.1;0.0
63;2021-06-16;2603;3421;0;332775;175808;0;50.4;26.6;0.0
63;2021-06-17;2480;4483;0;335255;180291;0;50.8;27.3;0.0
63;2021-06-18;2566;5991;0;337821;186282;0;51.2;28.2;0.0
63;2021-06-19;1681;3022;0;339502;189304;0;51.4;28.7;0.0
63;2021-06-20;648;2357;0;340150;191661;0;51.5;29.0;0.0
63;2021-06-21;1285;5539;0;341435;197200;0;51.7;29.9;0.0
63;2021-06-22;1357;5798;0;342792;202998;0;51.9;30.7;0.0
63;2021-06-23;1578;5013;0;344370;208011;0;52.2;31.5;0.0
63;2021-06-24;2010;5515;0;346380;213526;0;52.5;32.3;0.0
63;2021-06-25;1792;6163;0;348172;219689;0;52.7;33.3;0.0
63;2021-06-26;1077;3400;0;349249;223089;0;52.9;33.8;0.0
63;2021-06-27;686;3363;0;349935;226452;0;53.0;34.3;0.0
63;2021-06-28;1163;5645;0;351098;232097;0;53.2;35.2;0.0
63;2021-06-29;1281;5330;0;352379;237427;0;53.4;36.0;0.0
63;2021-06-30;1668;5532;0;354047;242959;0;53.6;36.8;0.0
63;2021-07-01;1970;7977;0;356017;250936;0;53.9;38.0;0.0
63;2021-07-02;2181;6700;0;358198;257636;0;54.3;39.0;0.0
63;2021-07-03;962;3009;0;359160;260645;0;54.4;39.5;0.0
63;2021-07-04;1013;1874;0;360173;262519;0;54.6;39.8;0.0
63;2021-07-05;1559;6341;0;361732;268860;0;54.8;40.7;0.0
63;2021-07-06;1645;4974;0;363377;273834;0;55.0;41.5;0.0
63;2021-07-07;1954;4317;0;365331;278151;0;55.3;42.1;0.0
63;2021-07-08;2243;4756;0;367574;282907;0;55.7;42.8;0.0
63;2021-07-09;1996;5947;0;369570;288854;0;56.0;43.7;0.0
63;2021-07-10;1543;3616;0;371113;292470;0;56.2;44.3;0.0
63;2021-07-11;864;1488;0;371977;293958;0;56.3;44.5;0.0
63;2021-07-12;1597;8293;0;373574;302251;0;56.6;45.8;0.0
63;2021-07-13;3609;6205;0;377183;308456;0;57.1;46.7;0.0
63;2021-07-14;3383;1730;0;380566;310186;0;57.6;47.0;0.0
63;2021-07-15;4313;5145;0;384879;315331;0;58.3;47.8;0.0
63;2021-07-16;4638;5794;0;389517;321125;0;59.0;48.6;0.0
63;2021-07-17;2886;2569;0;392403;323694;0;59.4;49.0;0.0
63;2021-07-18;2632;1091;0;395035;324785;0;59.8;49.2;0.0
63;2021-07-19;3909;4785;0;398944;329570;0;60.4;49.9;0.0
63;2021-07-20;4641;5426;0;403585;334996;0;61.1;50.7;0.0
63;2021-07-21;4661;4069;0;408246;339065;0;61.8;51.4;0.0
63;2021-07-22;5286;4407;0;413532;343472;0;62.6;52.0;0.0
63;2021-07-23;5061;4598;0;418593;348070;0;63.4;52.7;0.0
63;2021-07-24;3394;2009;0;421987;350079;0;63.9;53.0;0.0
63;2021-07-25;2692;1309;0;424679;351388;0;64.3;53.2;0.0
63;2021-07-26;3838;3243;0;428517;354631;0;64.9;53.7;0.0
63;2021-07-27;3897;3214;0;432414;357845;0;65.5;54.2;0.0
63;2021-07-28;3784;2736;0;436198;360581;0;66.1;54.6;0.0
63;2021-07-29;4374;3198;0;440572;363779;0;66.7;55.1;0.0
63;2021-07-30;3823;3601;0;444395;367380;0;67.3;55.6;0.0
63;2021-07-31;2162;1832;0;446557;369212;0;67.6;55.9;0.0
63;2021-08-01;1060;793;0;447617;370005;0;67.8;56.0;0.0
63;2021-08-02;2266;2964;0;449883;372969;0;68.1;56.5;0.0
63;2021-08-03;2758;3333;0;452641;376302;0;68.6;57.0;0.0
63;2021-08-04;2831;3180;1;455472;379482;1;69.0;57.5;0.0
63;2021-08-05;2401;3500;0;457873;382982;1;69.3;58.0;0.0
63;2021-08-06;2314;4022;0;460187;387004;1;69.7;58.6;0.0
63;2021-08-07;1272;2723;0;461459;389727;1;69.9;59.0;0.0
63;2021-08-08;335;1170;0;461794;390897;1;69.9;59.2;0.0
63;2021-08-09;1775;4094;0;463569;394991;1;70.2;59.8;0.0
63;2021-08-10;2218;4006;0;465787;398997;1;70.5;60.4;0.0
63;2021-08-11;2045;3651;0;467832;402648;1;70.9;61.0;0.0
63;2021-08-12;1801;4606;0;469633;407254;1;71.1;61.7;0.0
63;2021-08-13;1671;3906;0;471304;411160;1;71.4;62.3;0.0
63;2021-08-14;839;3017;0;472143;414177;1;71.5;62.7;0.0
63;2021-08-15;181;1346;0;472324;415523;1;71.5;62.9;0.0
63;2021-08-16;1137;4302;0;473461;419825;1;71.7;63.6;0.0
63;2021-08-17;1624;4034;0;475085;423859;1;72.0;64.2;0.0
63;2021-08-18;1399;3312;0;476484;427171;1;72.2;64.7;0.0
63;2021-08-19;1316;3508;0;477800;430679;1;72.4;65.2;0.0
63;2021-08-20;1329;3599;0;479129;434278;1;72.6;65.8;0.0
63;2021-08-21;670;2072;0;479799;436350;1;72.7;66.1;0.0
63;2021-08-22;214;1039;0;480013;437389;1;72.7;66.2;0.0
63;2021-08-23;1009;3505;0;481022;440894;1;72.9;66.8;0.0
63;2021-08-24;1066;3046;0;482088;443940;1;73.0;67.2;0.0
63;2021-08-25;1039;2921;0;483127;446861;1;73.2;67.7;0.0
63;2021-08-26;1104;2690;0;484231;449551;1;73.3;68.1;0.0
63;2021-08-27;1094;3260;0;485325;452811;1;73.5;68.6;0.0
63;2021-08-28;675;1683;0;486000;454494;1;73.6;68.8;0.0
63;2021-08-29;108;581;0;486108;455075;1;73.6;68.9;0.0
63;2021-08-30;763;2396;54;486871;457471;55;73.7;69.3;0.0
63;2021-08-31;972;2501;100;487843;459972;155;73.9;69.7;0.0
63;2021-09-01;956;1820;266;488799;461792;421;74.0;69.9;0.1
63;2021-09-02;825;1810;320;489624;463602;741;74.2;70.2;0.1
63;2021-09-03;909;2263;404;490533;465865;1145;74.3;70.6;0.2
63;2021-09-04;661;1398;130;491194;467263;1275;74.4;70.8;0.2
63;2021-09-05;76;201;14;491270;467464;1289;74.4;70.8;0.2
63;2021-09-06;522;1155;384;491792;468619;1673;74.5;71.0;0.3
63;2021-09-07;639;1398;381;492431;470017;2054;74.6;71.2;0.3
63;2021-09-08;679;1442;285;493110;471459;2339;74.7;71.4;0.4
63;2021-09-09;606;1173;354;493716;472632;2693;74.8;71.6;0.4
63;2021-09-10;749;1608;477;494465;474240;3170;74.9;71.8;0.5
63;2021-09-11;461;1024;128;494926;475264;3298;75.0;72.0;0.5
63;2021-09-12;50;159;13;494976;475423;3311;75.0;72.0;0.5
63;2021-09-13;431;876;501;495407;476299;3812;75.0;72.1;0.6
63;2021-09-14;537;833;632;495944;477132;4444;75.1;72.3;0.7
63;2021-09-15;550;1230;392;496494;478362;4836;75.2;72.5;0.7
63;2021-09-16;459;877;565;496953;479239;5401;75.3;72.6;0.8
63;2021-09-17;451;1189;579;497404;480428;5980;75.3;72.8;0.9
63;2021-09-18;299;953;124;497703;481381;6104;75.4;72.9;0.9
63;2021-09-19;41;109;9;497744;481490;6113;75.4;72.9;0.9
63;2021-09-20;337;667;552;498081;482157;6665;75.4;73.0;1.0
63;2021-09-21;401;687;687;498482;482844;7352;75.5;73.1;1.1
63;2021-09-22;376;1098;383;498858;483942;7735;75.6;73.3;1.2
63;2021-09-23;274;650;561;499132;484592;8296;75.6;73.4;1.3
63;2021-09-24;467;1101;527;499599;485693;8823;75.7;73.6;1.3
63;2021-09-25;233;750;140;499832;486443;8963;75.7;73.7;1.4
63;2021-09-26;26;97;6;499858;486540;8969;75.7;73.7;1.4
63;2021-09-27;298;588;491;500156;487128;9460;75.8;73.8;1.4
63;2021-09-28;274;580;580;500430;487708;10040;75.8;73.9;1.5
63;2021-09-29;310;737;692;500740;488445;10732;75.8;74.0;1.6
63;2021-09-30;270;637;718;501010;489082;11450;75.9;74.1;1.7
63;2021-10-01;476;851;627;501486;489933;12077;76.0;74.2;1.8
63;2021-10-02;254;514;150;501740;490447;12227;76.0;74.3;1.9
63;2021-10-03;33;75;12;501773;490522;12239;76.0;74.3;1.9
63;2021-10-04;200;381;423;501973;490903;12662;76.0;74.4;1.9
63;2021-10-05;283;479;624;502256;491382;13286;76.1;74.4;2.0
63;2021-10-06;340;606;579;502596;491988;13865;76.1;74.5;2.1
63;2021-10-07;239;452;763;502835;492440;14628;76.2;74.6;2.2
63;2021-10-08;369;683;869;503204;493123;15497;76.2;74.7;2.3
63;2021-10-09;218;382;254;503422;493505;15751;76.2;74.7;2.4
63;2021-10-10;25;45;14;503447;493550;15765;76.3;74.8;2.4
63;2021-10-11;195;415;691;503642;493965;16456;76.3;74.8;2.5
63;2021-10-12;209;406;755;503851;494371;17211;76.3;74.9;2.6
63;2021-10-13;288;418;790;504139;494789;18001;76.4;74.9;2.7
63;2021-10-14;245;361;852;504384;495150;18853;76.4;75.0;2.9
63;2021-10-15;370;637;1231;504754;495787;20084;76.5;75.1;3.0
63;2021-10-16;207;308;233;504961;496095;20317;76.5;75.1;3.1
63;2021-10-17;23;41;11;504984;496136;20328;76.5;75.1;3.1
63;2021-10-18;194;380;786;505178;496516;21114;76.5;75.2;3.2
63;2021-10-19;129;246;832;505307;496762;21946;76.5;75.2;3.3
63;2021-10-20;170;346;1057;505477;497108;23003;76.6;75.3;3.5
63;2021-10-21;107;341;1008;505584;497449;24011;76.6;75.3;3.6
63;2021-10-22;170;496;1334;505754;497945;25345;76.6;75.4;3.8
63;2021-10-23;81;228;335;505835;498173;25680;76.6;75.5;3.9
63;2021-10-24;15;31;21;505850;498204;25701;76.6;75.5;3.9
63;2021-10-25;122;225;981;505972;498429;26682;76.6;75.5;4.0
63;2021-10-26;110;192;1094;506082;498621;27776;76.7;75.5;4.2
63;2021-10-27;115;285;1200;506197;498906;28976;76.7;75.6;4.4
63;2021-10-28;107;285;1175;506304;499191;30151;76.7;75.6;4.6
63;2021-10-29;130;324;1350;506434;499515;31501;76.7;75.7;4.8
63;2021-10-30;54;157;323;506488;499672;31824;76.7;75.7;4.8
63;2021-10-31;4;14;30;506492;499686;31854;76.7;75.7;4.8
63;2021-11-01;30;33;146;506522;499719;32000;76.7;75.7;4.8
63;2021-11-02;126;243;1489;506648;499962;33489;76.7;75.7;5.1
63;2021-11-03;112;272;1257;506760;500234;34746;76.8;75.8;5.3
63;2021-11-04;125;199;1511;506885;500433;36257;76.8;75.8;5.5
63;2021-11-05;151;344;1951;507036;500777;38208;76.8;75.8;5.8
63;2021-11-06;67;187;646;507103;500964;38854;76.8;75.9;5.9
63;2021-11-07;9;30;33;507112;500994;38887;76.8;75.9;5.9
63;2021-11-08;90;215;1711;507202;501209;40598;76.8;75.9;6.1
63;2021-11-09;93;189;2022;507295;501398;42620;76.8;75.9;6.5
63;2021-11-10;145;236;2009;507440;501634;44629;76.9;76.0;6.8
63;2021-11-11;38;34;396;507478;501668;45025;76.9;76.0;6.8
63;2021-11-12;149;207;2077;507627;501875;47102;76.9;76.0;7.1
63;2021-11-13;79;110;756;507706;501985;47858;76.9;76.0;7.2
63;2021-11-14;6;18;65;507712;502003;47923;76.9;76.0;7.3
63;2021-11-15;88;134;2349;507800;502137;50272;76.9;76.1;7.6
63;2021-11-16;106;135;2602;507906;502272;52874;76.9;76.1;8.0
63;2021-11-17;157;191;2344;508063;502463;55218;77.0;76.1;8.4
63;2021-11-18;105;127;2338;508168;502590;57556;77.0;76.1;8.7
63;2021-11-19;173;195;2916;508341;502785;60472;77.0;76.2;9.2
63;2021-11-20;89;103;1007;508430;502888;61479;77.0;76.2;9.3
63;2021-11-21;10;15;68;508440;502903;61547;77.0;76.2;9.3
63;2021-11-22;94;80;2183;508534;502983;63730;77.0;76.2;9.7
63;2021-11-23;105;109;2575;508639;503092;66305;77.0;76.2;10.0
63;2021-11-24;178;189;2376;508817;503281;68681;77.1;76.2;10.4
63;2021-11-25;113;130;2923;508930;503411;71604;77.1;76.2;10.8
63;2021-11-26;181;177;5151;509111;503588;76755;77.1;76.3;11.6
63;2021-11-27;87;73;2395;509198;503661;79150;77.1;76.3;12.0
63;2021-11-28;26;19;992;509224;503680;80142;77.1;76.3;12.1
63;2021-11-29;104;111;4927;509328;503791;85069;77.1;76.3;12.9
63;2021-11-30;117;116;5795;509445;503907;90864;77.2;76.3;13.8
63;2021-12-01;120;155;5880;509565;504062;96744;77.2;76.3;14.7
63;2021-12-02;118;101;6617;509683;504163;103361;77.2;76.4;15.7
63;2021-12-03;118;173;7277;509801;504336;110638;77.2;76.4;16.8
63;2021-12-04;53;103;3506;509854;504439;114144;77.2;76.4;17.3
63;2021-12-05;11;20;1257;509865;504459;115401;77.2;76.4;17.5
63;2021-12-06;106;96;6667;509971;504555;122068;77.2;76.4;18.5
63;2021-12-07;84;127;7990;510055;504682;130058;77.3;76.4;19.7
63;2021-12-08;130;186;6776;510185;504868;136834;77.3;76.5;20.7
63;2021-12-09;92;129;7436;510277;504997;144270;77.3;76.5;21.9
63;2021-12-10;131;202;9041;510408;505199;153311;77.3;76.5;23.2
63;2021-12-11;84;95;4798;510492;505294;158109;77.3;76.5;23.9
63;2021-12-12;6;9;1222;510498;505303;159331;77.3;76.5;24.1
63;2021-12-13;84;130;7797;510582;505433;167128;77.3;76.6;25.3
63;2021-12-14;127;140;9753;510709;505573;176881;77.4;76.6;26.8
63;2021-12-15;140;195;7999;510849;505768;184880;77.4;76.6;28.0
63;2021-12-16;117;138;9128;510966;505906;194008;77.4;76.6;29.4
63;2021-12-17;165;236;10295;511131;506142;204303;77.4;76.7;30.9
63;2021-12-18;108;107;5866;511239;506249;210169;77.4;76.7;31.8
63;2021-12-19;32;35;1421;511271;506284;211590;77.4;76.7;32.0
63;2021-12-20;162;152;7705;511433;506436;219295;77.5;76.7;33.2
63;2021-12-21;199;193;8385;511632;506629;227680;77.5;76.7;34.5
63;2021-12-22;144;158;6122;511776;506787;233802;77.5;76.8;35.4
63;2021-12-23;115;93;4223;511891;506880;238025;77.5;76.8;36.1
63;2021-12-24;51;46;1135;511942;506926;239160;77.5;76.8;36.2
63;2021-12-25;6;2;178;511948;506928;239338;77.5;76.8;36.3
63;2021-12-26;25;17;896;511973;506945;240234;77.5;76.8;36.4
63;2021-12-27;149;109;5931;512122;507054;246165;77.6;76.8;37.3
63;2021-12-28;214;154;7078;512336;507208;253243;77.6;76.8;38.4
64;2020-12-27;1;0;0;1;0;0;0.0;0.0;0.0
64;2020-12-28;2;0;0;3;0;0;0.0;0.0;0.0
64;2020-12-29;0;0;0;3;0;0;0.0;0.0;0.0
64;2020-12-30;0;0;0;3;0;0;0.0;0.0;0.0
64;2020-12-31;0;0;0;3;0;0;0.0;0.0;0.0
64;2021-01-01;1;0;0;4;0;0;0.0;0.0;0.0
64;2021-01-02;0;0;0;4;0;0;0.0;0.0;0.0
64;2021-01-03;0;0;0;4;0;0;0.0;0.0;0.0
64;2021-01-04;28;0;0;32;0;0;0.0;0.0;0.0
64;2021-01-05;24;0;0;56;0;0;0.0;0.0;0.0
64;2021-01-06;186;0;0;242;0;0;0.0;0.0;0.0
64;2021-01-07;808;1;0;1050;1;0;0.2;0.0;0.0
64;2021-01-08;832;2;0;1882;3;0;0.3;0.0;0.0
64;2021-01-09;54;0;0;1936;3;0;0.3;0.0;0.0
64;2021-01-10;2;0;0;1938;3;0;0.3;0.0;0.0
64;2021-01-11;515;0;0;2453;3;0;0.4;0.0;0.0
64;2021-01-12;723;3;0;3176;6;0;0.5;0.0;0.0
64;2021-01-13;841;2;0;4017;8;0;0.6;0.0;0.0
64;2021-01-14;992;5;0;5009;13;0;0.7;0.0;0.0
64;2021-01-15;906;5;0;5915;18;0;0.9;0.0;0.0
64;2021-01-16;76;0;0;5991;18;0;0.9;0.0;0.0
64;2021-01-17;3;1;0;5994;19;0;0.9;0.0;0.0
64;2021-01-18;914;7;0;6908;26;0;1.0;0.0;0.0
64;2021-01-19;1422;4;0;8330;30;0;1.2;0.0;0.0
64;2021-01-20;1553;3;0;9883;33;0;1.4;0.0;0.0
64;2021-01-21;2470;4;0;12353;37;0;1.8;0.0;0.0
64;2021-01-22;1531;3;0;13884;40;0;2.0;0.0;0.0
64;2021-01-23;481;1;0;14365;41;0;2.1;0.0;0.0
64;2021-01-24;59;0;0;14424;41;0;2.1;0.0;0.0
64;2021-01-25;915;7;0;15339;48;0;2.2;0.0;0.0
64;2021-01-26;1285;21;0;16624;69;0;2.4;0.0;0.0
64;2021-01-27;1199;119;0;17823;188;0;2.6;0.0;0.0
64;2021-01-28;1606;604;0;19429;792;0;2.8;0.1;0.0
64;2021-01-29;943;597;0;20372;1389;0;3.0;0.2;0.0
64;2021-01-30;445;57;0;20817;1446;0;3.0;0.2;0.0
64;2021-01-31;76;0;0;20893;1446;0;3.1;0.2;0.0
64;2021-02-01;649;305;0;21542;1751;0;3.2;0.3;0.0
64;2021-02-02;1114;537;0;22656;2288;0;3.3;0.3;0.0
64;2021-02-03;1023;633;0;23679;2921;0;3.5;0.4;0.0
64;2021-02-04;1021;544;0;24700;3465;0;3.6;0.5;0.0
64;2021-02-05;801;458;0;25501;3923;0;3.7;0.6;0.0
64;2021-02-06;490;34;0;25991;3957;0;3.8;0.6;0.0
64;2021-02-07;104;5;0;26095;3962;0;3.8;0.6;0.0
64;2021-02-08;716;308;0;26811;4270;0;3.9;0.6;0.0
64;2021-02-09;886;712;0;27697;4982;0;4.1;0.7;0.0
64;2021-02-10;871;747;0;28568;5729;0;4.2;0.8;0.0
64;2021-02-11;1136;1489;0;29704;7218;0;4.3;1.1;0.0
64;2021-02-12;1019;1001;0;30723;8219;0;4.5;1.2;0.0
64;2021-02-13;239;302;0;30962;8521;0;4.5;1.2;0.0
64;2021-02-14;34;40;0;30996;8561;0;4.5;1.3;0.0
64;2021-02-15;212;1095;0;31208;9656;0;4.6;1.4;0.0
64;2021-02-16;276;1357;0;31484;11013;0;4.6;1.6;0.0
64;2021-02-17;303;1200;0;31787;12213;0;4.7;1.8;0.0
64;2021-02-18;492;1604;0;32279;13817;0;4.7;2.0;0.0
64;2021-02-19;418;1238;0;32697;15055;0;4.8;2.2;0.0
64;2021-02-20;114;407;0;32811;15462;0;4.8;2.3;0.0
64;2021-02-21;17;68;0;32828;15530;0;4.8;2.3;0.0
64;2021-02-22;428;929;0;33256;16459;0;4.9;2.4;0.0
64;2021-02-23;677;1095;0;33933;17554;0;5.0;2.6;0.0
64;2021-02-24;718;984;0;34651;18538;0;5.1;2.7;0.0
64;2021-02-25;1060;921;0;35711;19459;0;5.2;2.8;0.0
64;2021-02-26;1168;880;0;36879;20339;0;5.4;3.0;0.0
64;2021-02-27;833;376;0;37712;20715;0;5.5;3.0;0.0
64;2021-02-28;43;61;0;37755;20776;0;5.5;3.0;0.0
64;2021-03-01;736;780;0;38491;21556;0;5.6;3.2;0.0
64;2021-03-02;1043;893;0;39534;22449;0;5.8;3.3;0.0
64;2021-03-03;1215;940;0;40749;23389;0;6.0;3.4;0.0
64;2021-03-04;1841;1114;0;42590;24503;0;6.2;3.6;0.0
64;2021-03-05;2120;1025;0;44710;25528;0;6.5;3.7;0.0
64;2021-03-06;1484;515;0;46194;26043;0;6.8;3.8;0.0
64;2021-03-07;586;91;0;46780;26134;0;6.8;3.8;0.0
64;2021-03-08;1460;733;0;48240;26867;0;7.1;3.9;0.0
64;2021-03-09;2030;824;0;50270;27691;0;7.4;4.1;0.0
64;2021-03-10;2048;711;0;52318;28402;0;7.7;4.2;0.0
64;2021-03-11;2867;1055;0;55185;29457;0;8.1;4.3;0.0
64;2021-03-12;3316;607;0;58501;30064;0;8.6;4.4;0.0
64;2021-03-13;2100;192;0;60601;30256;0;8.9;4.4;0.0
64;2021-03-14;209;17;0;60810;30273;0;8.9;4.4;0.0
64;2021-03-15;2212;235;0;63022;30508;0;9.2;4.5;0.0
64;2021-03-16;1935;262;0;64957;30770;0;9.5;4.5;0.0
64;2021-03-17;1985;272;0;66942;31042;0;9.8;4.5;0.0
64;2021-03-18;2312;232;0;69254;31274;0;10.1;4.6;0.0
64;2021-03-19;2901;287;0;72155;31561;0;10.6;4.6;0.0
64;2021-03-20;2287;94;0;74442;31655;0;10.9;4.6;0.0
64;2021-03-21;1171;25;0;75613;31680;0;11.1;4.6;0.0
64;2021-03-22;2430;539;0;78043;32219;0;11.4;4.7;0.0
64;2021-03-23;3039;626;0;81082;32845;0;11.9;4.8;0.0
64;2021-03-24;3356;670;0;84438;33515;0;12.4;4.9;0.0
64;2021-03-25;4135;773;0;88573;34288;0;13.0;5.0;0.0
64;2021-03-26;4215;650;0;92788;34938;0;13.6;5.1;0.0
64;2021-03-27;2871;405;0;95659;35343;0;14.0;5.2;0.0
64;2021-03-28;418;67;0;96077;35410;0;14.1;5.2;0.0
64;2021-03-29;2922;860;0;98999;36270;0;14.5;5.3;0.0
64;2021-03-30;3966;863;0;102965;37133;0;15.1;5.4;0.0
64;2021-03-31;3444;761;0;106409;37894;0;15.6;5.5;0.0
64;2021-04-01;4515;905;0;110924;38799;0;16.2;5.7;0.0
64;2021-04-02;4236;710;0;115160;39509;0;16.9;5.8;0.0
64;2021-04-03;1979;547;0;117139;40056;0;17.1;5.9;0.0
64;2021-04-04;258;40;0;117397;40096;0;17.2;5.9;0.0
64;2021-04-05;1502;117;0;118899;40213;0;17.4;5.9;0.0
64;2021-04-06;3514;1343;0;122413;41556;0;17.9;6.1;0.0
64;2021-04-07;3844;1444;0;126257;43000;0;18.5;6.3;0.0
64;2021-04-08;4995;1508;0;131252;44508;0;19.2;6.5;0.0
64;2021-04-09;5652;1607;0;136904;46115;0;20.0;6.8;0.0
64;2021-04-10;3085;983;0;139989;47098;0;20.5;6.9;0.0
64;2021-04-11;389;218;0;140378;47316;0;20.5;6.9;0.0
64;2021-04-12;3875;1779;0;144253;49095;0;21.1;7.2;0.0
64;2021-04-13;4218;2054;0;148471;51149;0;21.7;7.5;0.0
64;2021-04-14;3924;2011;0;152395;53160;0;22.3;7.8;0.0
64;2021-04-15;4148;2146;0;156543;55306;0;22.9;8.1;0.0
64;2021-04-16;4129;2169;0;160672;57475;0;23.5;8.4;0.0
64;2021-04-17;2426;1375;0;163098;58850;0;23.9;8.6;0.0
64;2021-04-18;992;1077;0;164090;59927;0;24.0;8.8;0.0
64;2021-04-19;2570;2321;0;166660;62248;0;24.4;9.1;0.0
64;2021-04-20;3040;2309;0;169700;64557;0;24.8;9.4;0.0
64;2021-04-21;2964;2480;0;172664;67037;0;25.3;9.8;0.0
64;2021-04-22;3238;2620;0;175902;69657;0;25.7;10.2;0.0
64;2021-04-23;3154;2508;0;179056;72165;0;26.2;10.6;0.0
64;2021-04-24;1910;1497;0;180966;73662;0;26.5;10.8;0.0
64;2021-04-25;244;196;0;181210;73858;0;26.5;10.8;0.0
64;2021-04-26;2469;2596;0;183679;76454;0;26.9;11.2;0.0
64;2021-04-27;2815;2995;0;186494;79449;0;27.3;11.6;0.0
64;2021-04-28;3362;2836;0;189856;82285;0;27.8;12.0;0.0
64;2021-04-29;4395;3330;0;194251;85615;0;28.4;12.5;0.0
64;2021-04-30;3846;3456;0;198097;89071;0;29.0;13.0;0.0
64;2021-05-01;1438;971;0;199535;90042;0;29.2;13.2;0.0
64;2021-05-02;429;301;0;199964;90343;0;29.3;13.2;0.0
64;2021-05-03;2744;3349;0;202708;93692;0;29.7;13.7;0.0
64;2021-05-04;3444;3788;0;206152;97480;0;30.2;14.3;0.0
64;2021-05-05;3139;3898;0;209291;101378;0;30.6;14.8;0.0
64;2021-05-06;3849;3836;0;213140;105214;0;31.2;15.4;0.0
64;2021-05-07;3693;4022;0;216833;109236;0;31.7;16.0;0.0
64;2021-05-08;2499;1185;0;219332;110421;0;32.1;16.2;0.0
64;2021-05-09;644;276;0;219976;110697;0;32.2;16.2;0.0
64;2021-05-10;2674;3980;0;222650;114677;0;32.6;16.8;0.0
64;2021-05-11;3861;3877;0;226511;118554;0;33.2;17.4;0.0
64;2021-05-12;4226;3775;0;230737;122329;0;33.8;17.9;0.0
64;2021-05-13;2880;827;0;233617;123156;0;34.2;18.0;0.0
64;2021-05-14;4712;2934;0;238329;126090;0;34.9;18.5;0.0
64;2021-05-15;3289;1717;0;241618;127807;0;35.4;18.7;0.0
64;2021-05-16;591;190;0;242209;127997;0;35.5;18.7;0.0
64;2021-05-17;3922;2261;0;246131;130258;0;36.0;19.1;0.0
64;2021-05-18;4832;2187;0;250963;132445;0;36.7;19.4;0.0
64;2021-05-19;4699;2049;0;255662;134494;0;37.4;19.7;0.0
64;2021-05-20;5227;2022;0;260889;136516;0;38.2;20.0;0.0
64;2021-05-21;5031;2133;0;265920;138649;0;38.9;20.3;0.0
64;2021-05-22;3285;1369;0;269205;140018;0;39.4;20.5;0.0
64;2021-05-23;413;169;0;269618;140187;0;39.5;20.5;0.0
64;2021-05-24;2768;1046;0;272386;141233;0;39.9;20.7;0.0
64;2021-05-25;4035;2645;0;276421;143878;0;40.5;21.1;0.0
64;2021-05-26;4170;2602;0;280591;146480;0;41.1;21.4;0.0
64;2021-05-27;5039;3055;0;285630;149535;0;41.8;21.9;0.0
64;2021-05-28;4313;3219;0;289943;152754;0;42.4;22.4;0.0
64;2021-05-29;2656;2009;0;292599;154763;0;42.8;22.7;0.0
64;2021-05-30;389;187;0;292988;154950;0;42.9;22.7;0.0
64;2021-05-31;3661;3400;0;296649;158350;0;43.4;23.2;0.0
64;2021-06-01;5071;3321;0;301720;161671;0;44.2;23.7;0.0
64;2021-06-02;4715;2990;0;306435;164661;0;44.9;24.1;0.0
64;2021-06-03;5871;3102;0;312306;167763;0;45.7;24.6;0.0
64;2021-06-04;4821;4330;0;317127;172093;0;46.4;25.2;0.0
64;2021-06-05;3099;2379;0;320226;174472;0;46.9;25.5;0.0
64;2021-06-06;1773;283;0;321999;174755;0;47.1;25.6;0.0
64;2021-06-07;3721;4133;0;325720;178888;0;47.7;26.2;0.0
64;2021-06-08;4642;3871;0;330362;182759;0;48.4;26.8;0.0
64;2021-06-09;4723;3323;0;335085;186082;0;49.0;27.2;0.0
64;2021-06-10;5566;3004;0;340651;189086;0;49.9;27.7;0.0
64;2021-06-11;5074;4564;0;345725;193650;0;50.6;28.3;0.0
64;2021-06-12;3501;2133;0;349226;195783;0;51.1;28.7;0.0
64;2021-06-13;1402;331;0;350628;196114;0;51.3;28.7;0.0
64;2021-06-14;3300;4484;0;353928;200598;0;51.8;29.4;0.0
64;2021-06-15;4174;4393;0;358102;204991;0;52.4;30.0;0.0
64;2021-06-16;4127;4412;0;362229;209403;0;53.0;30.7;0.0
64;2021-06-17;3286;3996;0;365515;213399;0;53.5;31.2;0.0
64;2021-06-18;4042;4819;0;369557;218218;0;54.1;31.9;0.0
64;2021-06-19;2661;3056;0;372218;221274;0;54.5;32.4;0.0
64;2021-06-20;762;478;0;372980;221752;0;54.6;32.5;0.0
64;2021-06-21;2042;4723;0;375022;226475;0;54.9;33.2;0.0
64;2021-06-22;2344;5353;0;377366;231828;0;55.2;33.9;0.0
64;2021-06-23;2815;5116;0;380181;236944;0;55.6;34.7;0.0
64;2021-06-24;2486;3567;0;382667;240511;0;56.0;35.2;0.0
64;2021-06-25;2506;6009;0;385173;246520;0;56.4;36.1;0.0
64;2021-06-26;1564;3647;0;386737;250167;0;56.6;36.6;0.0
64;2021-06-27;411;735;0;387148;250902;0;56.7;36.7;0.0
64;2021-06-28;1690;5577;0;388838;256479;0;56.9;37.5;0.0
64;2021-06-29;1749;5858;0;390587;262337;0;57.2;38.4;0.0
64;2021-06-30;2030;5624;0;392617;267961;0;57.5;39.2;0.0
64;2021-07-01;2226;4959;0;394843;272920;0;57.8;39.9;0.0
64;2021-07-02;2149;5914;0;396992;278834;0;58.1;40.8;0.0
64;2021-07-03;1116;3553;0;398108;282387;0;58.3;41.3;0.0
64;2021-07-04;387;753;0;398495;283140;0;58.3;41.4;0.0
64;2021-07-05;1259;5038;0;399754;288178;0;58.5;42.2;0.0
64;2021-07-06;1905;5914;1;401659;294092;1;58.8;43.0;0.0
64;2021-07-07;1941;5422;0;403600;299514;1;59.1;43.8;0.0
64;2021-07-08;1661;4042;0;405261;303556;1;59.3;44.4;0.0
64;2021-07-09;1768;6037;0;407029;309593;1;59.6;45.3;0.0
64;2021-07-10;1140;3575;0;408169;313168;1;59.7;45.8;0.0
64;2021-07-11;238;741;0;408407;313909;1;59.8;45.9;0.0
64;2021-07-12;1396;5687;0;409803;319596;1;60.0;46.8;0.0
64;2021-07-13;2282;6717;0;412085;326313;1;60.3;47.8;0.0
64;2021-07-14;2173;2928;0;414258;329241;1;60.6;48.2;0.0
64;2021-07-15;2158;4959;0;416416;334200;1;61.0;48.9;0.0
64;2021-07-16;2791;6197;0;419207;340397;1;61.4;49.8;0.0
64;2021-07-17;2242;4037;0;421449;344434;1;61.7;50.4;0.0
64;2021-07-18;651;1790;0;422100;346224;1;61.8;50.7;0.0
64;2021-07-19;2392;5539;0;424492;351763;1;62.1;51.5;0.0
64;2021-07-20;3214;6037;0;427706;357800;1;62.6;52.4;0.0
64;2021-07-21;3460;5437;0;431166;363237;1;63.1;53.2;0.0
64;2021-07-22;3961;5152;0;435127;368389;1;63.7;53.9;0.0
64;2021-07-23;3754;5082;0;438881;373471;1;64.2;54.7;0.0
64;2021-07-24;2607;3967;0;441488;377438;1;64.6;55.2;0.0
64;2021-07-25;730;841;0;442218;378279;1;64.7;55.4;0.0
64;2021-07-26;2934;4496;0;445152;382775;1;65.2;56.0;0.0
64;2021-07-27;4103;4669;0;449255;387444;1;65.8;56.7;0.0
64;2021-07-28;4105;4065;0;453360;391509;1;66.4;57.3;0.0
64;2021-07-29;5213;3340;0;458573;394849;1;67.1;57.8;0.0
64;2021-07-30;4747;3762;0;463320;398611;1;67.8;58.3;0.0
64;2021-07-31;3091;2971;0;466411;401582;1;68.3;58.8;0.0
64;2021-08-01;888;399;0;467299;401981;1;68.4;58.8;0.0
64;2021-08-02;3840;2242;0;471139;404223;1;69.0;59.2;0.0
64;2021-08-03;4048;2744;0;475187;406967;1;69.6;59.6;0.0
64;2021-08-04;3762;2592;0;478949;409559;1;70.1;59.9;0.0
64;2021-08-05;3676;2266;0;482625;411825;1;70.6;60.3;0.0
64;2021-08-06;3443;2819;0;486068;414644;1;71.1;60.7;0.0
64;2021-08-07;2177;2315;0;488245;416959;1;71.5;61.0;0.0
64;2021-08-08;378;464;0;488623;417423;1;71.5;61.1;0.0
64;2021-08-09;2395;2739;0;491018;420162;1;71.9;61.5;0.0
64;2021-08-10;2955;3084;0;493973;423246;1;72.3;62.0;0.0
64;2021-08-11;2753;2891;0;496726;426137;1;72.7;62.4;0.0
64;2021-08-12;2800;2969;0;499526;429106;1;73.1;62.8;0.0
64;2021-08-13;2298;3359;0;501824;432465;1;73.5;63.3;0.0
64;2021-08-14;1482;2457;0;503306;434922;1;73.7;63.7;0.0
64;2021-08-15;173;552;0;503479;435474;1;73.7;63.7;0.0
64;2021-08-16;1901;3012;0;505380;438486;1;74.0;64.2;0.0
64;2021-08-17;2063;3565;0;507443;442051;1;74.3;64.7;0.0
64;2021-08-18;1807;3265;0;509250;445316;1;74.5;65.2;0.0
64;2021-08-19;1742;3302;0;510992;448618;1;74.8;65.7;0.0
64;2021-08-20;1427;3752;0;512419;452370;1;75.0;66.2;0.0
64;2021-08-21;883;2668;0;513302;455038;1;75.1;66.6;0.0
64;2021-08-22;135;777;0;513437;455815;1;75.2;66.7;0.0
64;2021-08-23;1120;3009;0;514557;458824;1;75.3;67.2;0.0
64;2021-08-24;1276;4307;0;515833;463131;1;75.5;67.8;0.0
64;2021-08-25;1176;3574;0;517009;466705;1;75.7;68.3;0.0
64;2021-08-26;990;3454;0;517999;470159;1;75.8;68.8;0.0
64;2021-08-27;1083;3992;1;519082;474151;2;76.0;69.4;0.0
64;2021-08-28;676;2335;0;519758;476486;2;76.1;69.7;0.0
64;2021-08-29;90;477;0;519848;476963;2;76.1;69.8;0.0
64;2021-08-30;861;3306;84;520709;480269;86;76.2;70.3;0.0
64;2021-08-31;920;3532;181;521629;483801;267;76.4;70.8;0.0
64;2021-09-01;920;2842;275;522549;486643;542;76.5;71.2;0.1
64;2021-09-02;858;2681;413;523407;489324;955;76.6;71.6;0.1
64;2021-09-03;842;2579;436;524249;491903;1391;76.7;72.0;0.2
64;2021-09-04;655;2000;166;524904;493903;1557;76.8;72.3;0.2
64;2021-09-05;68;199;51;524972;494102;1608;76.8;72.3;0.2
64;2021-09-06;509;1994;422;525481;496096;2030;76.9;72.6;0.3
64;2021-09-07;632;1814;457;526113;497910;2487;77.0;72.9;0.4
64;2021-09-08;723;2383;280;526836;500293;2767;77.1;73.2;0.4
64;2021-09-09;463;1567;423;527299;501860;3190;77.2;73.5;0.5
64;2021-09-10;693;1927;398;527992;503787;3588;77.3;73.7;0.5
64;2021-09-11;549;1901;152;528541;505688;3740;77.4;74.0;0.5
64;2021-09-12;60;159;37;528601;505847;3777;77.4;74.0;0.6
64;2021-09-13;444;1259;494;529045;507106;4271;77.4;74.2;0.6
64;2021-09-14;435;1017;915;529480;508123;5186;77.5;74.4;0.8
64;2021-09-15;648;1613;648;530128;509736;5834;77.6;74.6;0.9
64;2021-09-16;464;795;938;530592;510531;6772;77.7;74.7;1.0
64;2021-09-17;526;1224;948;531118;511755;7720;77.7;74.9;1.1
64;2021-09-18;305;1161;212;531423;512916;7932;77.8;75.1;1.2
64;2021-09-19;18;45;13;531441;512961;7945;77.8;75.1;1.2
64;2021-09-20;228;445;567;531669;513406;8512;77.8;75.2;1.2
64;2021-09-21;384;880;953;532053;514286;9465;77.9;75.3;1.4
64;2021-09-22;356;1365;727;532409;515651;10192;77.9;75.5;1.5
64;2021-09-23;243;688;752;532652;516339;10944;78.0;75.6;1.6
64;2021-09-24;379;959;694;533031;517298;11638;78.0;75.7;1.7
64;2021-09-25;283;955;186;533314;518253;11824;78.1;75.9;1.7
64;2021-09-26;6;18;9;533320;518271;11833;78.1;75.9;1.7
64;2021-09-27;213;523;494;533533;518794;12327;78.1;75.9;1.8
64;2021-09-28;255;627;732;533788;519421;13059;78.1;76.0;1.9
64;2021-09-29;327;939;765;534115;520360;13824;78.2;76.2;2.0
64;2021-09-30;220;398;666;534335;520758;14490;78.2;76.2;2.1
64;2021-10-01;348;686;736;534683;521444;15226;78.3;76.3;2.2
64;2021-10-02;228;515;173;534911;521959;15399;78.3;76.4;2.3
64;2021-10-03;7;19;3;534918;521978;15402;78.3;76.4;2.3
64;2021-10-04;293;404;670;535211;522382;16072;78.3;76.5;2.4
64;2021-10-05;248;546;780;535459;522928;16852;78.4;76.5;2.5
64;2021-10-06;411;886;757;535870;523814;17609;78.4;76.7;2.6
64;2021-10-07;205;481;855;536075;524295;18464;78.5;76.7;2.7
64;2021-10-08;339;678;947;536414;524973;19411;78.5;76.8;2.8
64;2021-10-09;217;376;222;536631;525349;19633;78.6;76.9;2.9
64;2021-10-10;3;2;6;536634;525351;19639;78.6;76.9;2.9
64;2021-10-11;144;231;530;536778;525582;20169;78.6;76.9;3.0
64;2021-10-12;216;524;1101;536994;526106;21270;78.6;77.0;3.1
64;2021-10-13;323;545;990;537317;526651;22260;78.7;77.1;3.3
64;2021-10-14;190;266;766;537507;526917;23026;78.7;77.1;3.4
64;2021-10-15;304;507;1125;537811;527424;24151;78.7;77.2;3.5
64;2021-10-16;178;269;282;537989;527693;24433;78.7;77.2;3.6
64;2021-10-17;15;10;9;538004;527703;24442;78.8;77.2;3.6
64;2021-10-18;120;259;603;538124;527962;25045;78.8;77.3;3.7
64;2021-10-19;193;321;1109;538317;528283;26154;78.8;77.3;3.8
64;2021-10-20;326;412;1379;538643;528695;27533;78.8;77.4;4.0
64;2021-10-21;184;268;1349;538827;528963;28882;78.9;77.4;4.2
64;2021-10-22;237;389;1298;539064;529352;30180;78.9;77.5;4.4
64;2021-10-23;174;238;442;539238;529590;30622;78.9;77.5;4.5
64;2021-10-24;3;18;5;539241;529608;30627;78.9;77.5;4.5
64;2021-10-25;130;170;849;539371;529778;31476;79.0;77.5;4.6
64;2021-10-26;223;309;1395;539594;530087;32871;79.0;77.6;4.8
64;2021-10-27;251;386;1554;539845;530473;34425;79.0;77.6;5.0
64;2021-10-28;144;175;1323;539989;530648;35748;79.0;77.7;5.2
64;2021-10-29;233;324;1605;540222;530972;37353;79.1;77.7;5.5
64;2021-10-30;143;212;516;540365;531184;37869;79.1;77.8;5.5
64;2021-10-31;1;7;33;540366;531191;37902;79.1;77.8;5.5
64;2021-11-01;50;37;71;540416;531228;37973;79.1;77.8;5.6
64;2021-11-02;181;288;1481;540597;531516;39454;79.1;77.8;5.8
64;2021-11-03;234;356;1760;540831;531872;41214;79.2;77.9;6.0
64;2021-11-04;158;216;1436;540989;532088;42650;79.2;77.9;6.2
64;2021-11-05;221;326;1921;541210;532414;44571;79.2;77.9;6.5
64;2021-11-06;147;199;665;541357;532613;45236;79.2;78.0;6.6
64;2021-11-07;3;18;12;541360;532631;45248;79.2;78.0;6.6
64;2021-11-08;113;161;1413;541473;532792;46661;79.3;78.0;6.8
64;2021-11-09;183;269;2628;541656;533061;49289;79.3;78.0;7.2
64;2021-11-10;252;333;2366;541908;533394;51655;79.3;78.1;7.6
64;2021-11-11;27;31;144;541935;533425;51799;79.3;78.1;7.6
64;2021-11-12;241;291;2538;542176;533716;54337;79.4;78.1;8.0
64;2021-11-13;137;208;928;542313;533924;55265;79.4;78.2;8.1
64;2021-11-14;3;8;21;542316;533932;55286;79.4;78.2;8.1
64;2021-11-15;116;127;1675;542432;534059;56961;79.4;78.2;8.3
64;2021-11-16;218;259;3066;542650;534318;60027;79.4;78.2;8.8
64;2021-11-17;247;291;2625;542897;534609;62652;79.5;78.3;9.2
64;2021-11-18;187;215;2694;543084;534824;65346;79.5;78.3;9.6
64;2021-11-19;230;285;3029;543314;535109;68375;79.5;78.3;10.0
64;2021-11-20;229;202;952;543543;535311;69327;79.6;78.4;10.1
64;2021-11-21;1;10;19;543544;535321;69346;79.6;78.4;10.2
64;2021-11-22;149;123;2338;543693;535444;71684;79.6;78.4;10.5
64;2021-11-23;257;237;3454;543950;535681;75138;79.6;78.4;11.0
64;2021-11-24;228;256;2935;544178;535937;78073;79.7;78.4;11.4
64;2021-11-25;285;210;4402;544463;536147;82475;79.7;78.5;12.1
64;2021-11-26;236;290;4232;544699;536437;86707;79.7;78.5;12.7
64;2021-11-27;175;212;1958;544874;536649;88665;79.8;78.6;13.0
64;2021-11-28;14;13;468;544888;536662;89133;79.8;78.6;13.0
64;2021-11-29;152;164;4104;545040;536826;93237;79.8;78.6;13.6
64;2021-11-30;220;228;6039;545260;537054;99276;79.8;78.6;14.5
64;2021-12-01;184;265;5305;545444;537319;104581;79.8;78.7;15.3
64;2021-12-02;173;171;6591;545617;537490;111172;79.9;78.7;16.3
64;2021-12-03;198;258;6900;545815;537748;118072;79.9;78.7;17.3
64;2021-12-04;155;189;3514;545970;537937;121586;79.9;78.7;17.8
64;2021-12-05;25;25;1196;545995;537962;122782;79.9;78.7;18.0
64;2021-12-06;153;167;5653;546148;538129;128435;79.9;78.8;18.8
64;2021-12-07;168;235;7724;546316;538364;136159;80.0;78.8;19.9
64;2021-12-08;192;292;7089;546508;538656;143248;80.0;78.8;21.0
64;2021-12-09;220;203;8268;546728;538859;151516;80.0;78.9;22.2
64;2021-12-10;243;279;9295;546971;539138;160811;80.1;78.9;23.5
64;2021-12-11;155;243;4675;547126;539381;165486;80.1;79.0;24.2
64;2021-12-12;26;28;2274;547152;539409;167760;80.1;79.0;24.6
64;2021-12-13;141;197;7161;547293;539606;174921;80.1;79.0;25.6
64;2021-12-14;239;311;10143;547532;539917;185064;80.1;79.0;27.1
64;2021-12-15;239;279;8884;547771;540196;193948;80.2;79.1;28.4
64;2021-12-16;228;298;10612;547999;540494;204560;80.2;79.1;29.9
64;2021-12-17;275;338;10743;548274;540832;215303;80.3;79.2;31.5
64;2021-12-18;167;225;5433;548441;541057;220736;80.3;79.2;32.3
64;2021-12-19;35;51;2267;548476;541108;223003;80.3;79.2;32.6
64;2021-12-20;280;264;8149;548756;541372;231152;80.3;79.2;33.8
64;2021-12-21;411;317;9282;549167;541689;240434;80.4;79.3;35.2
64;2021-12-22;303;308;7983;549470;541997;248417;80.4;79.3;36.4
64;2021-12-23;291;187;6081;549761;542184;254498;80.5;79.4;37.3
64;2021-12-24;81;77;1554;549842;542261;256052;80.5;79.4;37.5
64;2021-12-25;6;2;40;549848;542263;256092;80.5;79.4;37.5
64;2021-12-26;14;15;179;549862;542278;256271;80.5;79.4;37.5
64;2021-12-27;193;236;5299;550055;542514;261570;80.5;79.4;38.3
64;2021-12-28;288;263;7258;550343;542777;268828;80.6;79.4;39.4
65;2020-12-27;0;0;0;0;0;0;0.0;0.0;0.0
65;2020-12-28;1;0;0;1;0;0;0.0;0.0;0.0
65;2020-12-29;0;0;0;1;0;0;0.0;0.0;0.0
65;2020-12-30;0;0;0;1;0;0;0.0;0.0;0.0
65;2020-12-31;0;0;0;1;0;0;0.0;0.0;0.0
65;2021-01-01;0;0;0;1;0;0;0.0;0.0;0.0
65;2021-01-02;0;0;0;1;0;0;0.0;0.0;0.0
65;2021-01-03;0;0;0;1;0;0;0.0;0.0;0.0
65;2021-01-04;0;0;0;1;0;0;0.0;0.0;0.0
65;2021-01-05;0;0;0;1;0;0;0.0;0.0;0.0
65;2021-01-06;8;0;0;9;0;0;0.0;0.0;0.0
65;2021-01-07;124;0;0;133;0;0;0.1;0.0;0.0
65;2021-01-08;183;1;0;316;1;0;0.1;0.0;0.0
65;2021-01-09;175;2;0;491;3;0;0.2;0.0;0.0
65;2021-01-10;1;0;0;492;3;0;0.2;0.0;0.0
65;2021-01-11;250;3;0;742;6;0;0.3;0.0;0.0
65;2021-01-12;260;2;0;1002;8;0;0.4;0.0;0.0
65;2021-01-13;563;1;0;1565;9;0;0.7;0.0;0.0
65;2021-01-14;556;9;0;2121;18;0;0.9;0.0;0.0
65;2021-01-15;490;2;0;2611;20;0;1.2;0.0;0.0
65;2021-01-16;206;3;0;2817;23;0;1.2;0.0;0.0
65;2021-01-17;1;0;0;2818;23;0;1.2;0.0;0.0
65;2021-01-18;542;5;0;3360;28;0;1.5;0.0;0.0
65;2021-01-19;543;2;0;3903;30;0;1.7;0.0;0.0
65;2021-01-20;572;5;0;4475;35;0;2.0;0.0;0.0
65;2021-01-21;548;1;0;5023;36;0;2.2;0.0;0.0
65;2021-01-22;573;2;0;5596;38;0;2.5;0.0;0.0
65;2021-01-23;176;1;0;5772;39;0;2.5;0.0;0.0
65;2021-01-24;3;1;0;5775;40;0;2.5;0.0;0.0
65;2021-01-25;537;5;0;6312;45;0;2.8;0.0;0.0
65;2021-01-26;808;2;0;7120;47;0;3.1;0.0;0.0
65;2021-01-27;564;8;0;7684;55;0;3.4;0.0;0.0
65;2021-01-28;479;35;0;8163;90;0;3.6;0.0;0.0
65;2021-01-29;404;67;0;8567;157;0;3.8;0.1;0.0
65;2021-01-30;175;67;0;8742;224;0;3.9;0.1;0.0
65;2021-01-31;16;0;0;8758;224;0;3.9;0.1;0.0
65;2021-02-01;316;98;0;9074;322;0;4.0;0.1;0.0
65;2021-02-02;346;182;0;9420;504;0;4.2;0.2;0.0
65;2021-02-03;438;240;0;9858;744;0;4.3;0.3;0.0
65;2021-02-04;287;297;0;10145;1041;0;4.5;0.5;0.0
65;2021-02-05;254;341;0;10399;1382;0;4.6;0.6;0.0
65;2021-02-06;93;97;0;10492;1479;0;4.6;0.7;0.0
65;2021-02-07;11;0;0;10503;1479;0;4.6;0.7;0.0
65;2021-02-08;373;207;0;10876;1686;0;4.8;0.7;0.0
65;2021-02-09;262;359;0;11138;2045;0;4.9;0.9;0.0
65;2021-02-10;284;273;0;11422;2318;0;5.0;1.0;0.0
65;2021-02-11;304;261;0;11726;2579;0;5.2;1.1;0.0
65;2021-02-12;261;214;0;11987;2793;0;5.3;1.2;0.0
65;2021-02-13;118;93;0;12105;2886;0;5.3;1.3;0.0
65;2021-02-14;2;17;0;12107;2903;0;5.3;1.3;0.0
65;2021-02-15;190;389;0;12297;3292;0;5.4;1.5;0.0
65;2021-02-16;440;553;0;12737;3845;0;5.6;1.7;0.0
65;2021-02-17;211;496;0;12948;4341;0;5.7;1.9;0.0
65;2021-02-18;268;563;0;13216;4904;0;5.8;2.2;0.0
65;2021-02-19;142;453;0;13358;5357;0;5.9;2.4;0.0
65;2021-02-20;54;154;0;13412;5511;0;5.9;2.4;0.0
65;2021-02-21;2;45;0;13414;5556;0;5.9;2.4;0.0
65;2021-02-22;162;519;0;13576;6075;0;6.0;2.7;0.0
65;2021-02-23;213;513;0;13789;6588;0;6.1;2.9;0.0
65;2021-02-24;209;602;0;13998;7190;0;6.2;3.2;0.0
65;2021-02-25;232;195;0;14230;7385;0;6.3;3.3;0.0
65;2021-02-26;323;726;0;14553;8111;0;6.4;3.6;0.0
65;2021-02-27;104;199;0;14657;8310;0;6.5;3.7;0.0
65;2021-02-28;1;0;0;14658;8310;0;6.5;3.7;0.0
65;2021-03-01;367;352;0;15025;8662;0;6.6;3.8;0.0
65;2021-03-02;407;338;0;15432;9000;0;6.8;4.0;0.0
65;2021-03-03;371;382;0;15803;9382;0;7.0;4.1;0.0
65;2021-03-04;637;311;0;16440;9693;0;7.2;4.3;0.0
65;2021-03-05;672;275;0;17112;9968;0;7.5;4.4;0.0
65;2021-03-06;1140;87;0;18252;10055;0;8.0;4.4;0.0
65;2021-03-07;241;12;0;18493;10067;0;8.2;4.4;0.0
65;2021-03-08;385;330;0;18878;10397;0;8.3;4.6;0.0
65;2021-03-09;599;295;0;19477;10692;0;8.6;4.7;0.0
65;2021-03-10;583;353;0;20060;11045;0;8.8;4.9;0.0
65;2021-03-11;747;337;0;20807;11382;0;9.2;5.0;0.0
65;2021-03-12;1016;193;0;21823;11575;0;9.6;5.1;0.0
65;2021-03-13;347;86;0;22170;11661;0;9.8;5.1;0.0
65;2021-03-14;5;31;0;22175;11692;0;9.8;5.2;0.0
65;2021-03-15;766;173;0;22941;11865;0;10.1;5.2;0.0
65;2021-03-16;677;216;0;23618;12081;0;10.4;5.3;0.0
65;2021-03-17;663;183;0;24281;12264;0;10.7;5.4;0.0
65;2021-03-18;504;227;0;24785;12491;0;10.9;5.5;0.0
65;2021-03-19;814;148;0;25599;12639;0;11.3;5.6;0.0
65;2021-03-20;248;47;0;25847;12686;0;11.4;5.6;0.0
65;2021-03-21;11;1;0;25858;12687;0;11.4;5.6;0.0
65;2021-03-22;684;149;0;26542;12836;0;11.7;5.7;0.0
65;2021-03-23;821;345;0;27363;13181;0;12.1;5.8;0.0
65;2021-03-24;825;244;0;28188;13425;0;12.4;5.9;0.0
65;2021-03-25;1198;179;0;29386;13604;0;13.0;6.0;0.0
65;2021-03-26;1210;134;0;30596;13738;0;13.5;6.1;0.0
65;2021-03-27;1231;89;0;31827;13827;0;14.0;6.1;0.0
65;2021-03-28;5;2;0;31832;13829;0;14.0;6.1;0.0
65;2021-03-29;1390;329;0;33222;14158;0;14.6;6.2;0.0
65;2021-03-30;1261;350;0;34483;14508;0;15.2;6.4;0.0
65;2021-03-31;1082;349;0;35565;14857;0;15.7;6.5;0.0
65;2021-04-01;1364;371;0;36929;15228;0;16.3;6.7;0.0
65;2021-04-02;1504;277;0;38433;15505;0;16.9;6.8;0.0
65;2021-04-03;228;47;0;38661;15552;0;17.0;6.9;0.0
65;2021-04-04;7;2;0;38668;15554;0;17.0;6.9;0.0
65;2021-04-05;155;46;0;38823;15600;0;17.1;6.9;0.0
65;2021-04-06;1130;455;0;39953;16055;0;17.6;7.1;0.0
65;2021-04-07;1540;412;0;41493;16467;0;18.3;7.3;0.0
65;2021-04-08;1466;382;0;42959;16849;0;18.9;7.4;0.0
65;2021-04-09;1471;439;0;44430;17288;0;19.6;7.6;0.0
65;2021-04-10;1412;147;0;45842;17435;0;20.2;7.7;0.0
65;2021-04-11;8;5;0;45850;17440;0;20.2;7.7;0.0
65;2021-04-12;1215;690;0;47065;18130;0;20.7;8.0;0.0
65;2021-04-13;1418;570;0;48483;18700;0;21.4;8.2;0.0
65;2021-04-14;1731;696;0;50214;19396;0;22.1;8.6;0.0
65;2021-04-15;1541;665;0;51755;20061;0;22.8;8.8;0.0
65;2021-04-16;1620;493;0;53375;20554;0;23.5;9.1;0.0
65;2021-04-17;1833;130;0;55208;20684;0;24.3;9.1;0.0
65;2021-04-18;11;32;0;55219;20716;0;24.3;9.1;0.0
65;2021-04-19;1205;711;0;56424;21427;0;24.9;9.4;0.0
65;2021-04-20;1397;677;0;57821;22104;0;25.5;9.7;0.0
65;2021-04-21;982;961;0;58803;23065;0;25.9;10.2;0.0
65;2021-04-22;1479;706;0;60282;23771;0;26.6;10.5;0.0
65;2021-04-23;1056;1021;0;61338;24792;0;27.0;10.9;0.0
65;2021-04-24;1152;551;0;62490;25343;0;27.5;11.2;0.0
65;2021-04-25;37;17;0;62527;25360;0;27.6;11.2;0.0
65;2021-04-26;1449;1151;0;63976;26511;0;28.2;11.7;0.0
65;2021-04-27;1325;1180;0;65301;27691;0;28.8;12.2;0.0
65;2021-04-28;1631;898;0;66932;28589;0;29.5;12.6;0.0
65;2021-04-29;1747;966;0;68679;29555;0;30.3;13.0;0.0
65;2021-04-30;1571;856;0;70250;30411;0;31.0;13.4;0.0
65;2021-05-01;1437;227;0;71687;30638;0;31.6;13.5;0.0
65;2021-05-02;608;23;0;72295;30661;0;31.9;13.5;0.0
65;2021-05-03;1159;1292;0;73454;31953;0;32.4;14.1;0.0
65;2021-05-04;1381;1100;0;74835;33053;0;33.0;14.6;0.0
65;2021-05-05;1189;1496;0;76024;34549;0;33.5;15.2;0.0
65;2021-05-06;1311;1096;0;77335;35645;0;34.1;15.7;0.0
65;2021-05-07;1103;1411;0;78438;37056;0;34.6;16.3;0.0
65;2021-05-08;1481;404;0;79919;37460;0;35.2;16.5;0.0
65;2021-05-09;12;92;0;79931;37552;0;35.2;16.6;0.0
65;2021-05-10;855;1660;0;80786;39212;0;35.6;17.3;0.0
65;2021-05-11;911;1648;0;81697;40860;0;36.0;18.0;0.0
65;2021-05-12;1043;1473;0;82740;42333;0;36.5;18.7;0.0
65;2021-05-13;1026;141;0;83766;42474;0;36.9;18.7;0.0
65;2021-05-14;1293;946;0;85059;43420;0;37.5;19.1;0.0
65;2021-05-15;1099;427;0;86158;43847;0;38.0;19.3;0.0
65;2021-05-16;1157;62;0;87315;43909;0;38.5;19.4;0.0
65;2021-05-17;955;1387;0;88270;45296;0;38.9;20.0;0.0
65;2021-05-18;1388;1054;0;89658;46350;0;39.5;20.4;0.0
65;2021-05-19;1429;911;0;91087;47261;0;40.2;20.8;0.0
65;2021-05-20;1582;909;0;92669;48170;0;40.9;21.2;0.0
65;2021-05-21;1456;949;0;94125;49119;0;41.5;21.7;0.0
65;2021-05-22;1101;628;0;95226;49747;0;42.0;21.9;0.0
65;2021-05-23;343;13;0;95569;49760;0;42.1;21.9;0.0
65;2021-05-24;531;70;0;96100;49830;0;42.4;22.0;0.0
65;2021-05-25;1209;1349;0;97309;51179;0;42.9;22.6;0.0
65;2021-05-26;1235;1239;0;98544;52418;0;43.4;23.1;0.0
65;2021-05-27;1228;1341;0;99772;53759;0;44.0;23.7;0.0
65;2021-05-28;1209;1544;0;100981;55303;0;44.5;24.4;0.0
65;2021-05-29;822;1346;0;101803;56649;0;44.9;25.0;0.0
65;2021-05-30;20;10;0;101823;56659;0;44.9;25.0;0.0
65;2021-05-31;1066;1205;0;102889;57864;0;45.4;25.5;0.0
65;2021-06-01;1423;925;0;104312;58789;0;46.0;25.9;0.0
65;2021-06-02;1244;988;0;105556;59777;0;46.5;26.4;0.0
65;2021-06-03;1119;1055;0;106675;60832;0;47.0;26.8;0.0
65;2021-06-04;1333;1440;0;108008;62272;0;47.6;27.5;0.0
65;2021-06-05;361;1134;0;108369;63406;0;47.8;28.0;0.0
65;2021-06-06;47;21;0;108416;63427;0;47.8;28.0;0.0
65;2021-06-07;620;1810;0;109036;65237;0;48.1;28.8;0.0
65;2021-06-08;844;1415;0;109880;66652;0;48.4;29.4;0.0
65;2021-06-09;781;1495;0;110661;68147;0;48.8;30.0;0.0
65;2021-06-10;764;1079;0;111425;69226;0;49.1;30.5;0.0
65;2021-06-11;834;1628;0;112259;70854;0;49.5;31.2;0.0
65;2021-06-12;188;604;0;112447;71458;0;49.6;31.5;0.0
65;2021-06-13;42;6;0;112489;71464;0;49.6;31.5;0.0
65;2021-06-14;503;2090;0;112992;73554;0;49.8;32.4;0.0
65;2021-06-15;901;1650;0;113893;75204;0;50.2;33.2;0.0
65;2021-06-16;1026;1252;0;114919;76456;0;50.7;33.7;0.0
65;2021-06-17;744;937;0;115663;77393;0;51.0;34.1;0.0
65;2021-06-18;954;1476;0;116617;78869;0;51.4;34.8;0.0
65;2021-06-19;631;1544;0;117248;80413;0;51.7;35.4;0.0
65;2021-06-20;14;9;0;117262;80422;0;51.7;35.5;0.0
65;2021-06-21;679;1683;0;117941;82105;0;52.0;36.2;0.0
65;2021-06-22;959;1316;0;118900;83421;0;52.4;36.8;0.0
65;2021-06-23;949;1098;0;119849;84519;0;52.8;37.3;0.0
65;2021-06-24;904;905;0;120753;85424;0;53.2;37.7;0.0
65;2021-06-25;805;1631;0;121558;87055;0;53.6;38.4;0.0
65;2021-06-26;175;1307;0;121733;88362;0;53.7;39.0;0.0
65;2021-06-27;24;904;0;121757;89266;0;53.7;39.4;0.0
65;2021-06-28;408;1906;0;122165;91172;0;53.9;40.2;0.0
65;2021-06-29;625;1694;0;122790;92866;0;54.1;40.9;0.0
65;2021-06-30;827;1476;0;123617;94342;0;54.5;41.6;0.0
65;2021-07-01;567;738;0;124184;95080;0;54.7;41.9;0.0
65;2021-07-02;1024;1498;0;125208;96578;0;55.2;42.6;0.0
65;2021-07-03;198;1469;0;125406;98047;0;55.3;43.2;0.0
65;2021-07-04;341;161;0;125747;98208;0;55.4;43.3;0.0
65;2021-07-05;515;1746;0;126262;99954;0;55.7;44.1;0.0
65;2021-07-06;722;1737;0;126984;101691;0;56.0;44.8;0.0
65;2021-07-07;803;1333;0;127787;103024;0;56.3;45.4;0.0
65;2021-07-08;368;647;0;128155;103671;0;56.5;45.7;0.0
65;2021-07-09;518;1389;0;128673;105060;0;56.7;46.3;0.0
65;2021-07-10;277;745;0;128950;105805;0;56.8;46.6;0.0
65;2021-07-11;14;15;0;128964;105820;0;56.9;46.6;0.0
65;2021-07-12;434;1790;0;129398;107610;0;57.0;47.4;0.0
65;2021-07-13;692;1766;0;130090;109376;0;57.3;48.2;0.0
65;2021-07-14;169;90;0;130259;109466;0;57.4;48.3;0.0
65;2021-07-15;1040;1462;0;131299;110928;0;57.9;48.9;0.0
65;2021-07-16;1127;1651;0;132426;112579;0;58.4;49.6;0.0
65;2021-07-17;418;452;0;132844;113031;0;58.6;49.8;0.0
65;2021-07-18;49;60;0;132893;113091;0;58.6;49.9;0.0
65;2021-07-19;731;1373;0;133624;114464;0;58.9;50.5;0.0
65;2021-07-20;1307;1548;0;134931;116012;0;59.5;51.1;0.0
65;2021-07-21;1301;1518;0;136232;117530;0;60.1;51.8;0.0
65;2021-07-22;1862;1152;0;138094;118682;0;60.9;52.3;0.0
65;2021-07-23;1527;1652;0;139621;120334;0;61.6;53.0;0.0
65;2021-07-24;1011;629;0;140632;120963;0;62.0;53.3;0.0
65;2021-07-25;86;60;0;140718;121023;0;62.0;53.4;0.0
65;2021-07-26;1105;1091;0;141823;122114;0;62.5;53.8;0.0
65;2021-07-27;1672;1697;0;143495;123811;0;63.3;54.6;0.0
65;2021-07-28;1476;1191;0;144971;125002;0;63.9;55.1;0.0
65;2021-07-29;2549;1060;0;147520;126062;0;65.0;55.6;0.0
65;2021-07-30;2177;1276;0;149697;127338;0;66.0;56.1;0.0
65;2021-07-31;1886;336;0;151583;127674;0;66.8;56.3;0.0
65;2021-08-01;52;30;0;151635;127704;0;66.8;56.3;0.0
65;2021-08-02;953;739;0;152588;128443;0;67.3;56.6;0.0
65;2021-08-03;1759;902;0;154347;129345;0;68.0;57.0;0.0
65;2021-08-04;1534;560;0;155881;129905;0;68.7;57.3;0.0
65;2021-08-05;1590;720;0;157471;130625;0;69.4;57.6;0.0
65;2021-08-06;1467;840;0;158938;131465;0;70.1;58.0;0.0
65;2021-08-07;646;464;0;159584;131929;0;70.4;58.2;0.0
65;2021-08-08;28;27;0;159612;131956;0;70.4;58.2;0.0
65;2021-08-09;647;950;0;160259;132906;0;70.6;58.6;0.0
65;2021-08-10;1039;1349;0;161298;134255;0;71.1;59.2;0.0
65;2021-08-11;670;1109;0;161968;135364;0;71.4;59.7;0.0
65;2021-08-12;718;1013;0;162686;136377;0;71.7;60.1;0.0
65;2021-08-13;423;882;0;163109;137259;0;71.9;60.5;0.0
65;2021-08-14;520;534;0;163629;137793;0;72.1;60.7;0.0
65;2021-08-15;15;42;0;163644;137835;0;72.1;60.8;0.0
65;2021-08-16;350;1413;0;163994;139248;0;72.3;61.4;0.0
65;2021-08-17;671;1970;0;164665;141218;0;72.6;62.3;0.0
65;2021-08-18;587;1440;0;165252;142658;0;72.8;62.9;0.0
65;2021-08-19;625;1164;0;165877;143822;0;73.1;63.4;0.0
65;2021-08-20;377;1201;0;166254;145023;0;73.3;63.9;0.0
65;2021-08-21;83;210;0;166337;145233;0;73.3;64.0;0.0
65;2021-08-22;14;41;0;166351;145274;0;73.3;64.0;0.0
65;2021-08-23;272;1555;0;166623;146829;0;73.5;64.7;0.0
65;2021-08-24;532;2191;0;167155;149020;0;73.7;65.7;0.0
65;2021-08-25;399;1756;0;167554;150776;0;73.9;66.5;0.0
65;2021-08-26;417;2028;0;167971;152804;0;74.0;67.4;0.0
65;2021-08-27;413;1768;0;168384;154572;0;74.2;68.1;0.0
65;2021-08-28;147;253;0;168531;154825;0;74.3;68.3;0.0
65;2021-08-29;9;26;0;168540;154851;0;74.3;68.3;0.0
65;2021-08-30;252;946;26;168792;155797;26;74.4;68.7;0.0
65;2021-08-31;406;1376;86;169198;157173;112;74.6;69.3;0.0
65;2021-09-01;452;1019;83;169650;158192;195;74.8;69.7;0.1
65;2021-09-02;347;802;126;169997;158994;321;74.9;70.1;0.1
65;2021-09-03;424;952;132;170421;159946;453;75.1;70.5;0.2
65;2021-09-04;172;757;63;170593;160703;516;75.2;70.8;0.2
65;2021-09-05;22;22;23;170615;160725;539;75.2;70.9;0.2
65;2021-09-06;261;498;287;170876;161223;826;75.3;71.1;0.4
65;2021-09-07;291;729;369;171167;161952;1195;75.5;71.4;0.5
65;2021-09-08;327;662;236;171494;162614;1431;75.6;71.7;0.6
65;2021-09-09;227;556;191;171721;163170;1622;75.7;71.9;0.7
65;2021-09-10;354;694;192;172075;163864;1814;75.9;72.2;0.8
65;2021-09-11;67;165;26;172142;164029;1840;75.9;72.3;0.8
65;2021-09-12;8;12;0;172150;164041;1840;75.9;72.3;0.8
65;2021-09-13;192;311;193;172342;164352;2033;76.0;72.5;0.9
65;2021-09-14;172;321;261;172514;164673;2294;76.1;72.6;1.0
65;2021-09-15;235;583;331;172749;165256;2625;76.2;72.9;1.2
65;2021-09-16;147;222;224;172896;165478;2849;76.2;72.9;1.3
65;2021-09-17;254;496;371;173150;165974;3220;76.3;73.2;1.4
65;2021-09-18;91;253;83;173241;166227;3303;76.4;73.3;1.5
65;2021-09-19;3;15;4;173244;166242;3307;76.4;73.3;1.5
65;2021-09-20;103;223;242;173347;166465;3549;76.4;73.4;1.6
65;2021-09-21;110;250;246;173457;166715;3795;76.5;73.5;1.7
65;2021-09-22;143;601;334;173600;167316;4129;76.5;73.8;1.8
65;2021-09-23;60;169;245;173660;167485;4374;76.6;73.8;1.9
65;2021-09-24;158;506;284;173818;167991;4658;76.6;74.1;2.1
65;2021-09-25;78;213;40;173896;168204;4698;76.7;74.2;2.1
65;2021-09-26;2;4;9;173898;168208;4707;76.7;74.2;2.1
65;2021-09-27;55;236;179;173953;168444;4886;76.7;74.3;2.2
65;2021-09-28;85;268;340;174038;168712;5226;76.7;74.4;2.3
65;2021-09-29;140;386;283;174178;169098;5509;76.8;74.5;2.4
65;2021-09-30;47;134;158;174225;169232;5667;76.8;74.6;2.5
65;2021-10-01;180;354;325;174405;169586;5992;76.9;74.8;2.6
65;2021-10-02;26;71;10;174431;169657;6002;76.9;74.8;2.6
65;2021-10-03;0;9;0;174431;169666;6002;76.9;74.8;2.6
65;2021-10-04;124;236;270;174555;169902;6272;77.0;74.9;2.8
65;2021-10-05;67;170;237;174622;170072;6509;77.0;75.0;2.9
65;2021-10-06;153;320;334;174775;170392;6843;77.0;75.1;3.0
65;2021-10-07;69;148;191;174844;170540;7034;77.1;75.2;3.1
65;2021-10-08;183;373;361;175027;170913;7395;77.2;75.3;3.3
65;2021-10-09;32;42;36;175059;170955;7431;77.2;75.4;3.3
65;2021-10-10;4;4;1;175063;170959;7432;77.2;75.4;3.3
65;2021-10-11;93;183;344;175156;171142;7776;77.2;75.4;3.4
65;2021-10-12;48;111;313;175204;171253;8089;77.2;75.5;3.6
65;2021-10-13;125;214;336;175329;171467;8425;77.3;75.6;3.7
65;2021-10-14;45;100;122;175374;171567;8547;77.3;75.6;3.8
65;2021-10-15;172;222;577;175546;171789;9124;77.4;75.7;4.0
65;2021-10-16;32;22;12;175578;171811;9136;77.4;75.7;4.0
65;2021-10-17;1;2;2;175579;171813;9138;77.4;75.7;4.0
65;2021-10-18;91;113;319;175670;171926;9457;77.4;75.8;4.2
65;2021-10-19;52;62;245;175722;171988;9702;77.5;75.8;4.3
65;2021-10-20;107;153;504;175829;172141;10206;77.5;75.9;4.5
65;2021-10-21;40;54;111;175869;172195;10317;77.5;75.9;4.5
65;2021-10-22;123;197;600;175992;172392;10917;77.6;76.0;4.8
65;2021-10-23;12;29;34;176004;172421;10951;77.6;76.0;4.8
65;2021-10-24;1;7;6;176005;172428;10957;77.6;76.0;4.8
65;2021-10-25;95;134;496;176100;172562;11453;77.6;76.1;5.0
65;2021-10-26;33;45;266;176133;172607;11719;77.6;76.1;5.2
65;2021-10-27;96;143;525;176229;172750;12244;77.7;76.2;5.4
65;2021-10-28;25;34;172;176254;172784;12416;77.7;76.2;5.5
65;2021-10-29;98;217;592;176352;173001;13008;77.7;76.3;5.7
65;2021-10-30;20;33;19;176372;173034;13027;77.8;76.3;5.7
65;2021-10-31;0;1;0;176372;173035;13027;77.8;76.3;5.7
65;2021-11-01;9;12;1;176381;173047;13028;77.8;76.3;5.7
65;2021-11-02;35;63;298;176416;173110;13326;77.8;76.3;5.9
65;2021-11-03;115;168;745;176531;173278;14071;77.8;76.4;6.2
65;2021-11-04;38;42;343;176569;173320;14414;77.8;76.4;6.4
65;2021-11-05;103;163;759;176672;173483;15173;77.9;76.5;6.7
65;2021-11-06;23;36;101;176695;173519;15274;77.9;76.5;6.7
65;2021-11-07;1;5;1;176696;173524;15275;77.9;76.5;6.7
65;2021-11-08;53;97;707;176749;173621;15982;77.9;76.5;7.0
65;2021-11-09;37;57;509;176786;173678;16491;77.9;76.6;7.3
65;2021-11-10;95;118;964;176881;173796;17455;78.0;76.6;7.7
65;2021-11-11;0;4;22;176881;173800;17477;78.0;76.6;7.7
65;2021-11-12;95;147;1269;176976;173947;18746;78.0;76.7;8.3
65;2021-11-13;9;13;66;176985;173960;18812;78.0;76.7;8.3
65;2021-11-14;0;5;4;176985;173965;18816;78.0;76.7;8.3
65;2021-11-15;50;99;814;177035;174064;19630;78.0;76.7;8.7
65;2021-11-16;59;58;838;177094;174122;20468;78.1;76.8;9.0
65;2021-11-17;80;131;1097;177174;174253;21565;78.1;76.8;9.5
65;2021-11-18;57;47;631;177231;174300;22196;78.1;76.8;9.8
65;2021-11-19;98;128;1358;177329;174428;23554;78.2;76.9;10.4
65;2021-11-20;20;20;159;177349;174448;23713;78.2;76.9;10.5
65;2021-11-21;2;3;7;177351;174451;23720;78.2;76.9;10.5
65;2021-11-22;52;51;971;177403;174502;24691;78.2;76.9;10.9
65;2021-11-23;69;51;1251;177472;174553;25942;78.2;77.0;11.4
65;2021-11-24;97;105;1284;177569;174658;27226;78.3;77.0;12.0
65;2021-11-25;73;40;1052;177642;174698;28278;78.3;77.0;12.5
65;2021-11-26;120;127;2196;177762;174825;30474;78.4;77.1;13.4
65;2021-11-27;42;25;1116;177804;174850;31590;78.4;77.1;13.9
65;2021-11-28;24;15;562;177828;174865;32152;78.4;77.1;14.2
65;2021-11-29;54;73;1564;177882;174938;33716;78.4;77.1;14.9
65;2021-11-30;113;70;2438;177995;175008;36154;78.5;77.2;15.9
65;2021-12-01;89;125;2405;178084;175133;38559;78.5;77.2;17.0
65;2021-12-02;98;67;2529;178182;175200;41088;78.5;77.2;18.1
65;2021-12-03;91;112;2784;178273;175312;43872;78.6;77.3;19.3
65;2021-12-04;40;36;1155;178313;175348;45027;78.6;77.3;19.8
65;2021-12-05;2;10;686;178315;175358;45713;78.6;77.3;20.2
65;2021-12-06;58;61;1995;178373;175419;47708;78.6;77.3;21.0
65;2021-12-07;73;64;2756;178446;175483;50464;78.7;77.4;22.2
65;2021-12-08;85;116;2574;178531;175599;53038;78.7;77.4;23.4
65;2021-12-09;64;59;2882;178595;175658;55920;78.7;77.4;24.7
65;2021-12-10;83;101;3049;178678;175759;58969;78.8;77.5;26.0
65;2021-12-11;57;33;1409;178735;175792;60378;78.8;77.5;26.6
65;2021-12-12;6;8;822;178741;175800;61200;78.8;77.5;27.0
65;2021-12-13;62;55;2193;178803;175855;63393;78.8;77.5;27.9
65;2021-12-14;91;106;2950;178894;175961;66343;78.9;77.6;29.2
65;2021-12-15;87;105;3171;178981;176066;69514;78.9;77.6;30.6
65;2021-12-16;91;72;3301;179072;176138;72815;78.9;77.6;32.1
65;2021-12-17;114;149;3735;179186;176287;76550;79.0;77.7;33.7
65;2021-12-18;61;43;1381;179247;176330;77931;79.0;77.7;34.4
65;2021-12-19;40;16;910;179287;176346;78841;79.0;77.7;34.8
65;2021-12-20;125;116;2500;179412;176462;81341;79.1;77.8;35.9
65;2021-12-21;145;115;2683;179557;176577;84024;79.2;77.8;37.0
65;2021-12-22;134;115;2296;179691;176692;86320;79.2;77.9;38.1
65;2021-12-23;91;91;1627;179782;176783;87947;79.3;77.9;38.8
65;2021-12-24;21;27;292;179803;176810;88239;79.3;77.9;38.9
65;2021-12-25;0;2;11;179803;176812;88250;79.3;77.9;38.9
65;2021-12-26;1;5;61;179804;176817;88311;79.3;77.9;38.9
65;2021-12-27;77;90;1687;179881;176907;89998;79.3;78.0;39.7
65;2021-12-28;76;78;1639;179957;176985;91637;79.3;78.0;40.4
66;2020-12-27;0;0;0;0;0;0;0.0;0.0;0.0
66;2020-12-28;5;0;0;5;0;0;0.0;0.0;0.0
66;2020-12-29;1;0;0;6;0;0;0.0;0.0;0.0
66;2020-12-30;0;0;0;6;0;0;0.0;0.0;0.0
66;2020-12-31;2;0;0;8;0;0;0.0;0.0;0.0
66;2021-01-01;2;0;0;10;0;0;0.0;0.0;0.0
66;2021-01-02;0;0;0;10;0;0;0.0;0.0;0.0
66;2021-01-03;0;0;0;10;0;0;0.0;0.0;0.0
66;2021-01-04;31;0;0;41;0;0;0.0;0.0;0.0
66;2021-01-05;134;0;0;175;0;0;0.0;0.0;0.0
66;2021-01-06;184;0;0;359;0;0;0.1;0.0;0.0
66;2021-01-07;169;0;0;528;0;0;0.1;0.0;0.0
66;2021-01-08;212;0;0;740;0;0;0.2;0.0;0.0
66;2021-01-09;227;0;0;967;0;0;0.2;0.0;0.0
66;2021-01-10;9;0;0;976;0;0;0.2;0.0;0.0
66;2021-01-11;387;2;0;1363;2;0;0.3;0.0;0.0
66;2021-01-12;547;2;0;1910;4;0;0.4;0.0;0.0
66;2021-01-13;850;9;0;2760;13;0;0.6;0.0;0.0
66;2021-01-14;855;12;0;3615;25;0;0.8;0.0;0.0
66;2021-01-15;582;1;0;4197;26;0;0.9;0.0;0.0
66;2021-01-16;114;3;0;4311;29;0;0.9;0.0;0.0
66;2021-01-17;46;1;0;4357;30;0;0.9;0.0;0.0
66;2021-01-18;616;3;0;4973;33;0;1.0;0.0;0.0
66;2021-01-19;706;4;0;5679;37;0;1.2;0.0;0.0
66;2021-01-20;1129;6;0;6808;43;0;1.4;0.0;0.0
66;2021-01-21;2301;7;0;9109;50;0;1.9;0.0;0.0
66;2021-01-22;1365;9;0;10474;59;0;2.2;0.0;0.0
66;2021-01-23;388;4;0;10862;63;0;2.3;0.0;0.0
66;2021-01-24;216;9;0;11078;72;0;2.3;0.0;0.0
66;2021-01-25;691;44;0;11769;116;0;2.5;0.0;0.0
66;2021-01-26;786;63;0;12555;179;0;2.6;0.0;0.0
66;2021-01-27;834;95;0;13389;274;0;2.8;0.1;0.0
66;2021-01-28;836;120;0;14225;394;0;3.0;0.1;0.0
66;2021-01-29;786;125;0;15011;519;0;3.1;0.1;0.0
66;2021-01-30;455;85;0;15466;604;0;3.2;0.1;0.0
66;2021-01-31;197;25;0;15663;629;0;3.3;0.1;0.0
66;2021-02-01;545;185;0;16208;814;0;3.4;0.2;0.0
66;2021-02-02;618;276;0;16826;1090;0;3.5;0.2;0.0
66;2021-02-03;713;578;0;17539;1668;0;3.7;0.3;0.0
66;2021-02-04;688;601;0;18227;2269;0;3.8;0.5;0.0
66;2021-02-05;758;412;0;18985;2681;0;4.0;0.6;0.0
66;2021-02-06;400;143;0;19385;2824;0;4.0;0.6;0.0
66;2021-02-07;165;138;0;19550;2962;0;4.1;0.6;0.0
66;2021-02-08;486;366;0;20036;3328;0;4.2;0.7;0.0
66;2021-02-09;512;392;0;20548;3720;0;4.3;0.8;0.0
66;2021-02-10;595;758;0;21143;4478;0;4.4;0.9;0.0
66;2021-02-11;1072;1518;0;22215;5996;0;4.6;1.3;0.0
66;2021-02-12;1079;1131;0;23294;7127;0;4.9;1.5;0.0
66;2021-02-13;345;299;0;23639;7426;0;4.9;1.6;0.0
66;2021-02-14;106;191;0;23745;7617;0;5.0;1.6;0.0
66;2021-02-15;422;680;0;24167;8297;0;5.0;1.7;0.0
66;2021-02-16;311;778;0;24478;9075;0;5.1;1.9;0.0
66;2021-02-17;360;669;0;24838;9744;0;5.2;2.0;0.0
66;2021-02-18;371;748;0;25209;10492;0;5.3;2.2;0.0
66;2021-02-19;386;681;0;25595;11173;0;5.3;2.3;0.0
66;2021-02-20;172;388;0;25767;11561;0;5.4;2.4;0.0
66;2021-02-21;34;162;0;25801;11723;0;5.4;2.4;0.0
66;2021-02-22;405;598;0;26206;12321;0;5.5;2.6;0.0
66;2021-02-23;504;651;0;26710;12972;0;5.6;2.7;0.0
66;2021-02-24;356;733;0;27066;13705;0;5.7;2.9;0.0
66;2021-02-25;706;687;0;27772;14392;0;5.8;3.0;0.0
66;2021-02-26;935;740;0;28707;15132;0;6.0;3.2;0.0
66;2021-02-27;359;407;0;29066;15539;0;6.1;3.2;0.0
66;2021-02-28;60;167;0;29126;15706;0;6.1;3.3;0.0
66;2021-03-01;346;613;0;29472;16319;0;6.2;3.4;0.0
66;2021-03-02;329;651;0;29801;16970;0;6.2;3.5;0.0
66;2021-03-03;525;614;0;30326;17584;0;6.3;3.7;0.0
66;2021-03-04;989;1045;0;31315;18629;0;6.5;3.9;0.0
66;2021-03-05;1507;782;0;32822;19411;0;6.9;4.1;0.0
66;2021-03-06;1126;334;0;33948;19745;0;7.1;4.1;0.0
66;2021-03-07;1028;96;0;34976;19841;0;7.3;4.1;0.0
66;2021-03-08;663;524;0;35639;20365;0;7.4;4.3;0.0
66;2021-03-09;1190;585;0;36829;20950;0;7.7;4.4;0.0
66;2021-03-10;1275;503;0;38104;21453;0;8.0;4.5;0.0
66;2021-03-11;1463;571;0;39567;22024;0;8.3;4.6;0.0
66;2021-03-12;2339;562;0;41906;22586;0;8.7;4.7;0.0
66;2021-03-13;1073;297;0;42979;22883;0;9.0;4.8;0.0
66;2021-03-14;195;83;0;43174;22966;0;9.0;4.8;0.0
66;2021-03-15;1049;394;0;44223;23360;0;9.2;4.9;0.0
66;2021-03-16;928;266;0;45151;23626;0;9.4;4.9;0.0
66;2021-03-17;855;382;0;46006;24008;0;9.6;5.0;0.0
66;2021-03-18;946;329;0;46952;24337;0;9.8;5.1;0.0
66;2021-03-19;1244;318;0;48196;24655;0;10.1;5.1;0.0
66;2021-03-20;812;118;0;49008;24773;0;10.2;5.2;0.0
66;2021-03-21;186;40;0;49194;24813;0;10.3;5.2;0.0
66;2021-03-22;1089;388;0;50283;25201;0;10.5;5.3;0.0
66;2021-03-23;1717;386;0;52000;25587;0;10.9;5.3;0.0
66;2021-03-24;1772;507;0;53772;26094;0;11.2;5.4;0.0
66;2021-03-25;2509;464;0;56281;26558;0;11.7;5.5;0.0
66;2021-03-26;2480;375;0;58761;26933;0;12.3;5.6;0.0
66;2021-03-27;1171;288;0;59932;27221;0;12.5;5.7;0.0
66;2021-03-28;323;3;0;60255;27224;0;12.6;5.7;0.0
66;2021-03-29;1734;244;0;61989;27468;0;12.9;5.7;0.0
66;2021-03-30;2167;176;0;64156;27644;0;13.4;5.8;0.0
66;2021-03-31;1932;246;0;66088;27890;0;13.8;5.8;0.0
66;2021-04-01;2575;320;0;68663;28210;0;14.3;5.9;0.0
66;2021-04-02;2329;266;0;70992;28476;0;14.8;5.9;0.0
66;2021-04-03;1104;318;0;72096;28794;0;15.1;6.0;0.0
66;2021-04-04;104;117;0;72200;28911;0;15.1;6.0;0.0
66;2021-04-05;202;135;0;72402;29046;0;15.1;6.1;0.0
66;2021-04-06;1244;631;0;73646;29677;0;15.4;6.2;0.0
66;2021-04-07;1381;574;0;75027;30251;0;15.7;6.3;0.0
66;2021-04-08;1945;551;0;76972;30802;0;16.1;6.4;0.0
66;2021-04-09;3382;678;0;80354;31480;0;16.8;6.6;0.0
66;2021-04-10;2189;509;0;82543;31989;0;17.2;6.7;0.0
66;2021-04-11;1137;163;0;83680;32152;0;17.5;6.7;0.0
66;2021-04-12;2543;989;0;86223;33141;0;18.0;6.9;0.0
66;2021-04-13;3434;1048;0;89657;34189;0;18.7;7.1;0.0
66;2021-04-14;3131;905;0;92788;35094;0;19.4;7.3;0.0
66;2021-04-15;3370;1002;0;96158;36096;0;20.1;7.5;0.0
66;2021-04-16;3383;1015;0;99541;37111;0;20.8;7.7;0.0
66;2021-04-17;2124;578;0;101665;37689;0;21.2;7.9;0.0
66;2021-04-18;1344;138;0;103009;37827;0;21.5;7.9;0.0
66;2021-04-19;2106;1087;0;105115;38914;0;21.9;8.1;0.0
66;2021-04-20;2212;1059;0;107327;39973;0;22.4;8.3;0.0
66;2021-04-21;2633;1150;0;109960;41123;0;23.0;8.6;0.0
66;2021-04-22;2517;1204;0;112477;42327;0;23.5;8.8;0.0
66;2021-04-23;2228;1185;0;114705;43512;0;23.9;9.1;0.0
66;2021-04-24;2536;845;0;117241;44357;0;24.5;9.3;0.0
66;2021-04-25;1126;271;0;118367;44628;0;24.7;9.3;0.0
66;2021-04-26;1850;1177;0;120217;45805;0;25.1;9.6;0.0
66;2021-04-27;2573;1263;0;122790;47068;0;25.6;9.8;0.0
66;2021-04-28;2297;1609;0;125087;48677;0;26.1;10.2;0.0
66;2021-04-29;2512;2028;0;127599;50705;0;26.6;10.6;0.0
66;2021-04-30;2847;1470;0;130446;52175;0;27.2;10.9;0.0
66;2021-05-01;1873;470;0;132319;52645;0;27.6;11.0;0.0
66;2021-05-02;1420;259;0;133739;52904;0;27.9;11.0;0.0
66;2021-05-03;2780;1055;0;136519;53959;0;28.5;11.3;0.0
66;2021-05-04;2938;1271;0;139457;55230;0;29.1;11.5;0.0
66;2021-05-05;2883;1513;0;142340;56743;0;29.7;11.8;0.0
66;2021-05-06;3531;2001;0;145871;58744;0;30.5;12.3;0.0
66;2021-05-07;2828;2960;0;148699;61704;0;31.0;12.9;0.0
66;2021-05-08;1598;1111;0;150297;62815;0;31.4;13.1;0.0
66;2021-05-09;837;1308;0;151134;64123;0;31.6;13.4;0.0
66;2021-05-10;1675;2770;0;152809;66893;0;31.9;14.0;0.0
66;2021-05-11;2582;2974;0;155391;69867;0;32.4;14.6;0.0
66;2021-05-12;2210;2423;0;157601;72290;0;32.9;15.1;0.0
66;2021-05-13;1970;1283;0;159571;73573;0;33.3;15.4;0.0
66;2021-05-14;2489;1994;0;162060;75567;0;33.8;15.8;0.0
66;2021-05-15;2049;1466;0;164109;77033;0;34.3;16.1;0.0
66;2021-05-16;1983;1138;0;166092;78171;0;34.7;16.3;0.0
66;2021-05-17;1886;1733;0;167978;79904;0;35.1;16.7;0.0
66;2021-05-18;2913;1669;0;170891;81573;0;35.7;17.0;0.0
66;2021-05-19;2618;1277;0;173509;82850;0;36.2;17.3;0.0
66;2021-05-20;3968;1362;0;177477;84212;0;37.1;17.6;0.0
66;2021-05-21;2972;1368;0;180449;85580;0;37.7;17.9;0.0
66;2021-05-22;2729;739;0;183178;86319;0;38.2;18.0;0.0
66;2021-05-23;1360;211;0;184538;86530;0;38.5;18.1;0.0
66;2021-05-24;1819;400;0;186357;86930;0;38.9;18.1;0.0
66;2021-05-25;2602;1579;0;188959;88509;0;39.4;18.5;0.0
66;2021-05-26;2591;1394;0;191550;89903;0;40.0;18.8;0.0
66;2021-05-27;3126;2107;0;194676;92010;0;40.6;19.2;0.0
66;2021-05-28;2489;2904;0;197165;94914;0;41.2;19.8;0.0
66;2021-05-29;1910;1396;0;199075;96310;0;41.6;20.1;0.0
66;2021-05-30;719;904;0;199794;97214;0;41.7;20.3;0.0
66;2021-05-31;1936;1638;0;201730;98852;0;42.1;20.6;0.0
66;2021-06-01;2454;1906;0;204184;100758;0;42.6;21.0;0.0
66;2021-06-02;2604;2208;0;206788;102966;0;43.2;21.5;0.0
66;2021-06-03;2349;2778;0;209137;105744;0;43.7;22.1;0.0
66;2021-06-04;1754;3172;0;210891;108916;0;44.0;22.7;0.0
66;2021-06-05;1279;2446;0;212170;111362;0;44.3;23.2;0.0
66;2021-06-06;314;1142;0;212484;112504;0;44.4;23.5;0.0
66;2021-06-07;1268;2721;0;213752;115225;0;44.6;24.1;0.0
66;2021-06-08;1670;2847;0;215422;118072;0;45.0;24.6;0.0
66;2021-06-09;1914;2593;0;217336;120665;0;45.4;25.2;0.0
66;2021-06-10;1972;2737;0;219308;123402;0;45.8;25.8;0.0
66;2021-06-11;1938;3598;0;221246;127000;0;46.2;26.5;0.0
66;2021-06-12;819;2249;0;222065;129249;0;46.4;27.0;0.0
66;2021-06-13;468;1268;0;222533;130517;0;46.5;27.2;0.0
66;2021-06-14;1297;3244;0;223830;133761;0;46.7;27.9;0.0
66;2021-06-15;1998;3327;0;225828;137088;0;47.1;28.6;0.0
66;2021-06-16;1725;3318;0;227553;140406;0;47.5;29.3;0.0
66;2021-06-17;2242;3363;0;229795;143769;0;48.0;30.0;0.0
66;2021-06-18;2052;3551;0;231847;147320;0;48.4;30.8;0.0
66;2021-06-19;1378;2100;0;233225;149420;0;48.7;31.2;0.0
66;2021-06-20;875;1117;0;234100;150537;0;48.9;31.4;0.0
66;2021-06-21;1043;2658;0;235143;153195;0;49.1;32.0;0.0
66;2021-06-22;1384;3440;0;236527;156635;0;49.4;32.7;0.0
66;2021-06-23;1220;2755;0;237747;159390;0;49.6;33.3;0.0
66;2021-06-24;1361;2949;0;239108;162339;0;49.9;33.9;0.0
66;2021-06-25;1310;3229;0;240418;165568;0;50.2;34.6;0.0
66;2021-06-26;863;2395;0;241281;167963;0;50.4;35.1;0.0
66;2021-06-27;594;1383;0;241875;169346;0;50.5;35.4;0.0
66;2021-06-28;904;2771;0;242779;172117;0;50.7;35.9;0.0
66;2021-06-29;1073;3471;0;243852;175588;0;50.9;36.7;0.0
66;2021-06-30;1177;3027;0;245029;178615;0;51.2;37.3;0.0
66;2021-07-01;1350;3792;0;246379;182407;0;51.4;38.1;0.0
66;2021-07-02;1232;3269;0;247611;185676;0;51.7;38.8;0.0
66;2021-07-03;1026;3590;0;248637;189266;0;51.9;39.5;0.0
66;2021-07-04;633;1624;0;249270;190890;0;52.0;39.9;0.0
66;2021-07-05;977;2725;0;250247;193615;0;52.2;40.4;0.0
66;2021-07-06;1222;3455;0;251469;197070;0;52.5;41.1;0.0
66;2021-07-07;1242;2978;0;252711;200048;0;52.8;41.8;0.0
66;2021-07-08;1158;3114;0;253869;203162;0;53.0;42.4;0.0
66;2021-07-09;1279;3118;0;255148;206280;0;53.3;43.1;0.0
66;2021-07-10;884;2119;0;256032;208399;0;53.5;43.5;0.0
66;2021-07-11;476;1378;0;256508;209777;0;53.6;43.8;0.0
66;2021-07-12;860;3250;0;257368;213027;0;53.7;44.5;0.0
66;2021-07-13;1883;3909;0;259251;216936;0;54.1;45.3;0.0
66;2021-07-14;1684;1106;0;260935;218042;0;54.5;45.5;0.0
66;2021-07-15;2440;2717;0;263375;220759;0;55.0;46.1;0.0
66;2021-07-16;2855;2840;0;266230;223599;0;55.6;46.7;0.0
66;2021-07-17;1882;1816;0;268112;225415;0;56.0;47.1;0.0
66;2021-07-18;1026;966;0;269138;226381;0;56.2;47.3;0.0
66;2021-07-19;2297;2596;0;271435;228977;0;56.7;47.8;0.0
66;2021-07-20;2940;2554;0;274375;231531;0;57.3;48.3;0.0
66;2021-07-21;3271;2540;0;277646;234071;0;58.0;48.9;0.0
66;2021-07-22;3444;2464;0;281090;236535;0;58.7;49.4;0.0
66;2021-07-23;3439;2562;0;284529;239097;0;59.4;49.9;0.0
66;2021-07-24;2434;1707;0;286963;240804;0;59.9;50.3;0.0
66;2021-07-25;1855;1071;0;288818;241875;0;60.3;50.5;0.0
66;2021-07-26;2328;2177;0;291146;244052;0;60.8;51.0;0.0
66;2021-07-27;2744;2405;0;293890;246457;0;61.4;51.5;0.0
66;2021-07-28;2914;2221;0;296804;248678;0;62.0;51.9;0.0
66;2021-07-29;3384;2146;0;300188;250824;0;62.7;52.4;0.0
66;2021-07-30;3635;2103;0;303823;252927;0;63.4;52.8;0.0
66;2021-07-31;1977;1493;0;305800;254420;0;63.8;53.1;0.0
66;2021-08-01;1506;713;0;307306;255133;0;64.2;53.3;0.0
66;2021-08-02;1976;1481;0;309282;256614;0;64.6;53.6;0.0
66;2021-08-03;2239;1533;0;311521;258147;0;65.0;53.9;0.0
66;2021-08-04;2138;1550;0;313659;259697;0;65.5;54.2;0.0
66;2021-08-05;2044;1895;0;315703;261592;0;65.9;54.6;0.0
66;2021-08-06;1978;2061;0;317681;263653;0;66.3;55.0;0.0
66;2021-08-07;1348;1701;0;319029;265354;0;66.6;55.4;0.0
66;2021-08-08;490;1110;0;319519;266464;0;66.7;55.6;0.0
66;2021-08-09;1170;2091;0;320689;268555;0;66.9;56.1;0.0
66;2021-08-10;1435;2384;0;322124;270939;0;67.2;56.6;0.0
66;2021-08-11;1384;2375;0;323508;273314;0;67.5;57.1;0.0
66;2021-08-12;1464;2444;0;324972;275758;0;67.8;57.6;0.0
66;2021-08-13;1286;2428;0;326258;278186;0;68.1;58.1;0.0
66;2021-08-14;574;2161;0;326832;280347;0;68.2;58.5;0.0
66;2021-08-15;133;1351;0;326965;281698;0;68.3;58.8;0.0
66;2021-08-16;1176;2170;0;328141;283868;0;68.5;59.3;0.0
66;2021-08-17;1310;2474;0;329451;286342;0;68.8;59.8;0.0
66;2021-08-18;1171;2596;0;330622;288938;0;69.0;60.3;0.0
66;2021-08-19;1007;2506;0;331629;291444;0;69.2;60.8;0.0
66;2021-08-20;890;2871;0;332519;294315;0;69.4;61.4;0.0
66;2021-08-21;529;1791;0;333048;296106;0;69.5;61.8;0.0
66;2021-08-22;200;1184;0;333248;297290;0;69.6;62.1;0.0
66;2021-08-23;1046;2417;0;334294;299707;0;69.8;62.6;0.0
66;2021-08-24;907;2490;0;335201;302197;0;70.0;63.1;0.0
66;2021-08-25;853;1971;0;336054;304168;0;70.2;63.5;0.0
66;2021-08-26;860;1993;0;336914;306161;0;70.3;63.9;0.0
66;2021-08-27;805;2137;0;337719;308298;0;70.5;64.4;0.0
66;2021-08-28;470;1064;0;338189;309362;0;70.6;64.6;0.0
66;2021-08-29;217;326;0;338406;309688;0;70.6;64.7;0.0
66;2021-08-30;803;2260;50;339209;311948;50;70.8;65.1;0.0
66;2021-08-31;767;2269;79;339976;314217;129;71.0;65.6;0.0
66;2021-09-01;764;1658;204;340740;315875;333;71.1;65.9;0.1
66;2021-09-02;625;1433;235;341365;317308;568;71.3;66.2;0.1
66;2021-09-03;654;1703;277;342019;319011;845;71.4;66.6;0.2
66;2021-09-04;652;1478;133;342671;320489;978;71.5;66.9;0.2
66;2021-09-05;193;268;44;342864;320757;1022;71.6;67.0;0.2
66;2021-09-06;437;1263;516;343301;322020;1538;71.7;67.2;0.3
66;2021-09-07;369;1078;421;343670;323098;1959;71.7;67.5;0.4
66;2021-09-08;560;1179;423;344230;324277;2382;71.9;67.7;0.5
66;2021-09-09;452;1046;447;344682;325323;2829;72.0;67.9;0.6
66;2021-09-10;476;1064;409;345158;326387;3238;72.1;68.1;0.7
66;2021-09-11;483;1084;135;345641;327471;3373;72.2;68.4;0.7
66;2021-09-12;94;134;41;345735;327605;3414;72.2;68.4;0.7
66;2021-09-13;358;1000;623;346093;328605;4037;72.3;68.6;0.8
66;2021-09-14;383;780;581;346476;329385;4618;72.3;68.8;1.0
66;2021-09-15;480;931;625;346956;330316;5243;72.4;69.0;1.1
66;2021-09-16;372;677;537;347328;330993;5780;72.5;69.1;1.2
66;2021-09-17;351;719;661;347679;331712;6441;72.6;69.3;1.3
66;2021-09-18;343;1024;160;348022;332736;6601;72.7;69.5;1.4
66;2021-09-19;76;220;38;348098;332956;6639;72.7;69.5;1.4
66;2021-09-20;282;623;400;348380;333579;7039;72.7;69.6;1.5
66;2021-09-21;288;557;569;348668;334136;7608;72.8;69.8;1.6
66;2021-09-22;306;741;555;348974;334877;8163;72.9;69.9;1.7
66;2021-09-23;236;480;409;349210;335357;8572;72.9;70.0;1.8
66;2021-09-24;331;722;397;349541;336079;8969;73.0;70.2;1.9
66;2021-09-25;216;836;125;349757;336915;9094;73.0;70.3;1.9
66;2021-09-26;63;204;11;349820;337119;9105;73.0;70.4;1.9
66;2021-09-27;180;477;446;350000;337596;9551;73.1;70.5;2.0
66;2021-09-28;251;492;327;350251;338088;9878;73.1;70.6;2.1
66;2021-09-29;236;548;314;350487;338636;10192;73.2;70.7;2.1
66;2021-09-30;321;448;480;350808;339084;10672;73.2;70.8;2.2
66;2021-10-01;408;519;409;351216;339603;11081;73.3;70.9;2.3
66;2021-10-02;278;583;102;351494;340186;11183;73.4;71.0;2.3
66;2021-10-03;75;113;40;351569;340299;11223;73.4;71.0;2.3
66;2021-10-04;253;378;525;351822;340677;11748;73.4;71.1;2.5
66;2021-10-05;242;382;597;352064;341059;12345;73.5;71.2;2.6
66;2021-10-06;211;370;461;352275;341429;12806;73.5;71.3;2.7
66;2021-10-07;233;425;472;352508;341854;13278;73.6;71.4;2.8
66;2021-10-08;285;496;646;352793;342350;13924;73.7;71.5;2.9
66;2021-10-09;295;483;260;353088;342833;14184;73.7;71.6;3.0
66;2021-10-10;6;19;5;353094;342852;14189;73.7;71.6;3.0
66;2021-10-11;215;374;389;353309;343226;14578;73.8;71.7;3.0
66;2021-10-12;227;318;575;353536;343544;15153;73.8;71.7;3.2
66;2021-10-13;223;397;606;353759;343941;15759;73.9;71.8;3.3
66;2021-10-14;210;287;627;353969;344228;16386;73.9;71.9;3.4
66;2021-10-15;329;385;715;354298;344613;17101;74.0;71.9;3.6
66;2021-10-16;232;299;194;354530;344912;17295;74.0;72.0;3.6
66;2021-10-17;7;17;0;354537;344929;17295;74.0;72.0;3.6
66;2021-10-18;193;227;500;354730;345156;17795;74.1;72.1;3.7
66;2021-10-19;207;273;699;354937;345429;18494;74.1;72.1;3.9
66;2021-10-20;192;262;688;355129;345691;19182;74.1;72.2;4.0
66;2021-10-21;214;342;880;355343;346033;20062;74.2;72.2;4.2
66;2021-10-22;207;321;745;355550;346354;20807;74.2;72.3;4.3
66;2021-10-23;221;290;331;355771;346644;21138;74.3;72.4;4.4
66;2021-10-24;4;11;14;355775;346655;21152;74.3;72.4;4.4
66;2021-10-25;173;305;681;355948;346960;21833;74.3;72.4;4.6
66;2021-10-26;149;220;697;356097;347180;22530;74.3;72.5;4.7
66;2021-10-27;135;209;791;356232;347389;23321;74.4;72.5;4.9
66;2021-10-28;173;229;811;356405;347618;24132;74.4;72.6;5.0
66;2021-10-29;183;268;766;356588;347886;24898;74.4;72.6;5.2
66;2021-10-30;121;224;313;356709;348110;25211;74.5;72.7;5.3
66;2021-10-31;6;3;5;356715;348113;25216;74.5;72.7;5.3
66;2021-11-01;39;32;11;356754;348145;25227;74.5;72.7;5.3
66;2021-11-02;196;282;900;356950;348427;26127;74.5;72.7;5.5
66;2021-11-03;215;271;1019;357165;348698;27146;74.6;72.8;5.7
66;2021-11-04;216;206;1086;357381;348904;28232;74.6;72.8;5.9
66;2021-11-05;200;291;1173;357581;349195;29405;74.7;72.9;6.1
66;2021-11-06;148;263;453;357729;349458;29858;74.7;73.0;6.2
66;2021-11-07;11;20;13;357740;349478;29871;74.7;73.0;6.2
66;2021-11-08;107;248;1015;357847;349726;30886;74.7;73.0;6.4
66;2021-11-09;139;207;1498;357986;349933;32384;74.7;73.1;6.8
66;2021-11-10;205;251;1404;358191;350184;33788;74.8;73.1;7.1
66;2021-11-11;14;31;43;358205;350215;33831;74.8;73.1;7.1
66;2021-11-12;163;276;1608;358368;350491;35439;74.8;73.2;7.4
66;2021-11-13;96;197;462;358464;350688;35901;74.8;73.2;7.5
66;2021-11-14;15;12;29;358479;350700;35930;74.8;73.2;7.5
66;2021-11-15;119;170;1588;358598;350870;37518;74.9;73.3;7.8
66;2021-11-16;161;200;2114;358759;351070;39632;74.9;73.3;8.3
66;2021-11-17;179;217;1798;358938;351287;41430;74.9;73.3;8.6
66;2021-11-18;188;224;2311;359126;351511;43741;75.0;73.4;9.1
66;2021-11-19;203;232;2418;359329;351743;46159;75.0;73.4;9.6
66;2021-11-20;211;181;830;359540;351924;46989;75.1;73.5;9.8
66;2021-11-21;17;31;24;359557;351955;47013;75.1;73.5;9.8
66;2021-11-22;218;133;1720;359775;352088;48733;75.1;73.5;10.2
66;2021-11-23;193;210;2553;359968;352298;51286;75.1;73.5;10.7
66;2021-11-24;194;250;1931;360162;352548;53217;75.2;73.6;11.1
66;2021-11-25;196;196;2534;360358;352744;55751;75.2;73.6;11.6
66;2021-11-26;229;248;3597;360587;352992;59348;75.3;73.7;12.4
66;2021-11-27;186;214;1459;360773;353206;60807;75.3;73.7;12.7
66;2021-11-28;51;50;1860;360824;353256;62667;75.3;73.7;13.1
66;2021-11-29;162;192;3584;360986;353448;66251;75.4;73.8;13.8
66;2021-11-30;241;266;4768;361227;353714;71019;75.4;73.8;14.8
66;2021-12-01;189;275;4524;361416;353989;75543;75.5;73.9;15.8
66;2021-12-02;165;173;5701;361581;354162;81244;75.5;73.9;17.0
66;2021-12-03;206;227;5743;361787;354389;86987;75.5;74.0;18.2
66;2021-12-04;128;148;2167;361915;354537;89154;75.6;74.0;18.6
66;2021-12-05;17;23;250;361932;354560;89404;75.6;74.0;18.7
66;2021-12-06;190;194;4737;362122;354754;94141;75.6;74.1;19.7
66;2021-12-07;191;217;5798;362313;354971;99939;75.6;74.1;20.9
66;2021-12-08;212;224;5384;362525;355195;105323;75.7;74.2;22.0
66;2021-12-09;189;243;6257;362714;355438;111580;75.7;74.2;23.3
66;2021-12-10;313;293;6689;363027;355731;118269;75.8;74.3;24.7
66;2021-12-11;161;273;3006;363188;356004;121275;75.8;74.3;25.3
66;2021-12-12;18;41;633;363206;356045;121908;75.8;74.3;25.5
66;2021-12-13;161;239;5105;363367;356284;127013;75.9;74.4;26.5
66;2021-12-14;221;254;7019;363588;356538;134032;75.9;74.4;28.0
66;2021-12-15;222;255;6207;363810;356793;140239;76.0;74.5;29.3
66;2021-12-16;240;245;5778;364050;357038;146017;76.0;74.5;30.5
66;2021-12-17;266;328;6423;364316;357366;152440;76.1;74.6;31.8
66;2021-12-18;196;201;3604;364512;357567;156044;76.1;74.6;32.6
66;2021-12-19;31;29;527;364543;357596;156571;76.1;74.7;32.7
66;2021-12-20;259;294;4388;364802;357890;160959;76.2;74.7;33.6
66;2021-12-21;273;264;4865;365075;358154;165824;76.2;74.8;34.6
66;2021-12-22;273;259;3616;365348;358413;169440;76.3;74.8;35.4
66;2021-12-23;242;192;3012;365590;358605;172452;76.3;74.9;36.0
66;2021-12-24;77;103;1209;365667;358708;173661;76.3;74.9;36.3
66;2021-12-25;2;11;46;365669;358719;173707;76.3;74.9;36.3
66;2021-12-26;11;15;112;365680;358734;173819;76.3;74.9;36.3
66;2021-12-27;203;266;2842;365883;359000;176661;76.4;74.9;36.9
66;2021-12-28;243;237;3315;366126;359237;179976;76.4;75.0;37.6
67;2020-12-27;0;0;0;0;0;0;0.0;0.0;0.0
67;2020-12-28;3;0;0;3;0;0;0.0;0.0;0.0
67;2020-12-29;2;0;0;5;0;0;0.0;0.0;0.0
67;2020-12-30;1;0;0;6;0;0;0.0;0.0;0.0
67;2020-12-31;1;0;0;7;0;0;0.0;0.0;0.0
67;2021-01-01;5;0;0;12;0;0;0.0;0.0;0.0
67;2021-01-02;1;0;0;13;0;0;0.0;0.0;0.0
67;2021-01-03;1;0;0;14;0;0;0.0;0.0;0.0
67;2021-01-04;43;0;0;57;0;0;0.0;0.0;0.0
67;2021-01-05;169;7;0;226;7;0;0.0;0.0;0.0
67;2021-01-06;125;0;0;351;7;0;0.0;0.0;0.0
67;2021-01-07;240;1;0;591;8;0;0.1;0.0;0.0
67;2021-01-08;235;2;0;826;10;0;0.1;0.0;0.0
67;2021-01-09;111;1;0;937;11;0;0.1;0.0;0.0
67;2021-01-10;67;0;0;1004;11;0;0.1;0.0;0.0
67;2021-01-11;189;1;0;1193;12;0;0.1;0.0;0.0
67;2021-01-12;521;3;0;1714;15;0;0.2;0.0;0.0
67;2021-01-13;669;4;0;2383;19;0;0.2;0.0;0.0
67;2021-01-14;1094;8;0;3477;27;0;0.3;0.0;0.0
67;2021-01-15;928;7;0;4405;34;0;0.4;0.0;0.0
67;2021-01-16;199;4;0;4604;38;0;0.4;0.0;0.0
67;2021-01-17;100;0;0;4704;38;0;0.4;0.0;0.0
67;2021-01-18;909;6;0;5613;44;0;0.5;0.0;0.0
67;2021-01-19;1396;5;0;7009;49;0;0.6;0.0;0.0
67;2021-01-20;1835;14;0;8844;63;0;0.8;0.0;0.0
67;2021-01-21;2190;11;0;11034;74;0;1.0;0.0;0.0
67;2021-01-22;1978;11;0;13012;85;0;1.1;0.0;0.0
67;2021-01-23;728;5;0;13740;90;0;1.2;0.0;0.0
67;2021-01-24;397;1;0;14137;91;0;1.2;0.0;0.0
67;2021-01-25;568;30;0;14705;121;0;1.3;0.0;0.0
67;2021-01-26;237;107;0;14942;228;0;1.3;0.0;0.0
67;2021-01-27;1433;137;0;16375;365;0;1.4;0.0;0.0
67;2021-01-28;3003;232;0;19378;597;0;1.7;0.1;0.0
67;2021-01-29;1985;169;0;21363;766;0;1.9;0.1;0.0
67;2021-01-30;1061;78;0;22424;844;0;2.0;0.1;0.0
67;2021-01-31;1127;32;0;23551;876;0;2.1;0.1;0.0
67;2021-02-01;3238;251;0;26789;1127;0;2.4;0.1;0.0
67;2021-02-02;2593;427;0;29382;1554;0;2.6;0.1;0.0
67;2021-02-03;1533;413;0;30915;1967;0;2.7;0.2;0.0
67;2021-02-04;1130;769;0;32045;2736;0;2.8;0.2;0.0
67;2021-02-05;1148;629;0;33193;3365;0;2.9;0.3;0.0
67;2021-02-06;763;142;0;33956;3507;0;3.0;0.3;0.0
67;2021-02-07;291;46;0;34247;3553;0;3.0;0.3;0.0
67;2021-02-08;845;460;0;35092;4013;0;3.1;0.4;0.0
67;2021-02-09;1022;737;0;36114;4750;0;3.2;0.4;0.0
67;2021-02-10;982;807;0;37096;5557;0;3.3;0.5;0.0
67;2021-02-11;1180;1151;0;38276;6708;0;3.4;0.6;0.0
67;2021-02-12;1246;807;0;39522;7515;0;3.5;0.7;0.0
67;2021-02-13;775;270;0;40297;7785;0;3.6;0.7;0.0
67;2021-02-14;251;97;0;40548;7882;0;3.6;0.7;0.0
67;2021-02-15;808;892;0;41356;8774;0;3.7;0.8;0.0
67;2021-02-16;935;1166;0;42291;9940;0;3.7;0.9;0.0
67;2021-02-17;830;1211;0;43121;11151;0;3.8;1.0;0.0
67;2021-02-18;1428;2522;0;44549;13673;0;3.9;1.2;0.0
67;2021-02-19;1307;2102;0;45856;15775;0;4.0;1.4;0.0
67;2021-02-20;608;826;0;46464;16601;0;4.1;1.5;0.0
67;2021-02-21;199;1167;0;46663;17768;0;4.1;1.6;0.0
67;2021-02-22;1371;2088;0;48034;19856;0;4.2;1.8;0.0
67;2021-02-23;1463;1579;0;49497;21435;0;4.4;1.9;0.0
67;2021-02-24;1429;1073;0;50926;22508;0;4.5;2.0;0.0
67;2021-02-25;1629;1477;0;52555;23985;0;4.6;2.1;0.0
67;2021-02-26;2262;1404;0;54817;25389;0;4.8;2.2;0.0
67;2021-02-27;1256;772;0;56073;26161;0;5.0;2.3;0.0
67;2021-02-28;150;364;0;56223;26525;0;5.0;2.3;0.0
67;2021-03-01;675;990;0;56898;27515;0;5.0;2.4;0.0
67;2021-03-02;956;1184;0;57854;28699;0;5.1;2.5;0.0
67;2021-03-03;1479;1241;0;59333;29940;0;5.2;2.6;0.0
67;2021-03-04;2024;1066;0;61357;31006;0;5.4;2.7;0.0
67;2021-03-05;3288;1125;0;64645;32131;0;5.7;2.8;0.0
67;2021-03-06;2392;756;0;67037;32887;0;5.9;2.9;0.0
67;2021-03-07;527;290;0;67564;33177;0;6.0;2.9;0.0
67;2021-03-08;1232;817;0;68796;33994;0;6.1;3.0;0.0
67;2021-03-09;2244;972;0;71040;34966;0;6.3;3.1;0.0
67;2021-03-10;2477;1237;0;73517;36203;0;6.5;3.2;0.0
67;2021-03-11;3220;1409;0;76737;37612;0;6.8;3.3;0.0
67;2021-03-12;5201;1421;0;81938;39033;0;7.2;3.4;0.0
67;2021-03-13;4034;883;0;85972;39916;0;7.6;3.5;0.0
67;2021-03-14;588;381;0;86560;40297;0;7.6;3.6;0.0
67;2021-03-15;2285;1149;0;88845;41446;0;7.8;3.7;0.0
67;2021-03-16;1673;1236;0;90518;42682;0;8.0;3.8;0.0
67;2021-03-17;2176;951;0;92694;43633;0;8.2;3.9;0.0
67;2021-03-18;2461;783;0;95155;44416;0;8.4;3.9;0.0
67;2021-03-19;3765;774;0;98920;45190;0;8.7;4.0;0.0
67;2021-03-20;3054;516;0;101974;45706;0;9.0;4.0;0.0
67;2021-03-21;345;26;0;102319;45732;0;9.0;4.0;0.0
67;2021-03-22;2403;801;0;104722;46533;0;9.2;4.1;0.0
67;2021-03-23;3452;841;0;108174;47374;0;9.6;4.2;0.0
67;2021-03-24;3924;885;0;112098;48259;0;9.9;4.3;0.0
67;2021-03-25;5339;597;0;117437;48856;0;10.4;4.3;0.0
67;2021-03-26;6801;542;0;124238;49398;0;11.0;4.4;0.0
67;2021-03-27;3808;349;0;128046;49747;0;11.3;4.4;0.0
67;2021-03-28;579;108;0;128625;49855;0;11.4;4.4;0.0
67;2021-03-29;3772;495;0;132397;50350;0;11.7;4.4;0.0
67;2021-03-30;4783;780;0;137180;51130;0;12.1;4.5;0.0
67;2021-03-31;4722;819;0;141902;51949;0;12.5;4.6;0.0
67;2021-04-01;5020;1045;0;146922;52994;0;13.0;4.7;0.0
67;2021-04-02;1053;204;0;147975;53198;0;13.1;4.7;0.0
67;2021-04-03;1608;302;0;149583;53500;0;13.2;4.7;0.0
67;2021-04-04;350;28;0;149933;53528;0;13.2;4.7;0.0
67;2021-04-05;394;12;0;150327;53540;0;13.3;4.7;0.0
67;2021-04-06;3434;1287;0;153761;54827;0;13.6;4.8;0.0
67;2021-04-07;4473;1364;0;158234;56191;0;14.0;5.0;0.0
67;2021-04-08;5502;1454;0;163736;57645;0;14.5;5.1;0.0
67;2021-04-09;6982;1385;0;170718;59030;0;15.1;5.2;0.0
67;2021-04-10;4150;958;0;174868;59988;0;15.4;5.3;0.0
67;2021-04-11;850;514;0;175718;60502;0;15.5;5.3;0.0
67;2021-04-12;3839;1523;0;179557;62025;0;15.9;5.5;0.0
67;2021-04-13;4794;1717;0;184351;63742;0;16.3;5.6;0.0
67;2021-04-14;5169;1998;0;189520;65740;0;16.7;5.8;0.0
67;2021-04-15;5945;2215;0;195465;67955;0;17.3;6.0;0.0
67;2021-04-16;7618;2511;0;203083;70466;0;17.9;6.2;0.0
67;2021-04-17;3838;1562;0;206921;72028;0;18.3;6.4;0.0
67;2021-04-18;1065;644;0;207986;72672;0;18.4;6.4;0.0
67;2021-04-19;3507;2199;0;211493;74871;0;18.7;6.6;0.0
67;2021-04-20;4111;1993;0;215604;76864;0;19.0;6.8;0.0
67;2021-04-21;3976;2552;0;219580;79416;0;19.4;7.0;0.0
67;2021-04-22;4423;2911;0;224003;82327;0;19.8;7.3;0.0
67;2021-04-23;5149;2995;0;229152;85322;0;20.2;7.5;0.0
67;2021-04-24;3015;1963;0;232167;87285;0;20.5;7.7;0.0
67;2021-04-25;993;444;0;233160;87729;0;20.6;7.7;0.0
67;2021-04-26;3145;2570;0;236305;90299;0;20.9;8.0;0.0
67;2021-04-27;3965;2890;0;240270;93189;0;21.2;8.2;0.0
67;2021-04-28;4200;3327;0;244470;96516;0;21.6;8.5;0.0
67;2021-04-29;5138;3476;0;249608;99992;0;22.0;8.8;0.0
67;2021-04-30;7120;2437;0;256728;102429;0;22.7;9.0;0.0
67;2021-05-01;2638;770;0;259366;103199;0;22.9;9.1;0.0
67;2021-05-02;2144;669;0;261510;103868;0;23.1;9.2;0.0
67;2021-05-03;5439;2598;0;266949;106466;0;23.6;9.4;0.0
67;2021-05-04;5712;3542;0;272661;110008;0;24.1;9.7;0.0
67;2021-05-05;5136;4110;0;277797;114118;0;24.5;10.1;0.0
67;2021-05-06;6670;4725;0;284467;118843;0;25.1;10.5;0.0
67;2021-05-07;6444;6751;0;290911;125594;0;25.7;11.1;0.0
67;2021-05-08;3504;1007;0;294415;126601;0;26.0;11.2;0.0
67;2021-05-09;3180;606;0;297595;127207;0;26.3;11.2;0.0
67;2021-05-10;4781;4479;0;302376;131686;0;26.7;11.6;0.0
67;2021-05-11;5773;4861;0;308149;136547;0;27.2;12.1;0.0
67;2021-05-12;6693;4716;0;314842;141263;0;27.8;12.5;0.0
67;2021-05-13;7369;1593;0;322211;142856;0;28.4;12.6;0.0
67;2021-05-14;8902;5152;0;331113;148008;0;29.2;13.1;0.0
67;2021-05-15;8024;3449;0;339137;151457;0;29.9;13.4;0.0
67;2021-05-16;5733;913;0;344870;152370;0;30.4;13.5;0.0
67;2021-05-17;5789;3742;0;350659;156112;0;31.0;13.8;0.0
67;2021-05-18;6991;3863;0;357650;159975;0;31.6;14.1;0.0
67;2021-05-19;7566;4048;0;365216;164023;0;32.2;14.5;0.0
67;2021-05-20;8911;4096;0;374127;168119;0;33.0;14.8;0.0
67;2021-05-21;8393;5686;0;382520;173805;0;33.8;15.3;0.0
67;2021-05-22;5906;3307;0;388426;177112;0;34.3;15.6;0.0
67;2021-05-23;2548;585;0;390974;177697;0;34.5;15.7;0.0
67;2021-05-24;4631;868;0;395605;178565;0;34.9;15.8;0.0
67;2021-05-25;5679;4724;0;401284;183289;0;35.4;16.2;0.0
67;2021-05-26;6404;4821;0;407688;188110;0;36.0;16.6;0.0
67;2021-05-27;7612;4875;0;415300;192985;0;36.7;17.0;0.0
67;2021-05-28;8313;6377;0;423613;199362;0;37.4;17.6;0.0
67;2021-05-29;6553;3801;0;430166;203163;0;38.0;17.9;0.0
67;2021-05-30;1149;783;0;431315;203946;0;38.1;18.0;0.0
67;2021-05-31;6680;4036;0;437995;207982;0;38.7;18.4;0.0
67;2021-06-01;7548;4393;0;445543;212375;0;39.3;18.8;0.0
67;2021-06-02;8230;4138;0;453773;216513;0;40.1;19.1;0.0
67;2021-06-03;8977;4865;0;462750;221378;0;40.9;19.5;0.0
67;2021-06-04;8602;6071;0;471352;227449;0;41.6;20.1;0.0
67;2021-06-05;6368;3891;0;477720;231340;0;42.2;20.4;0.0
67;2021-06-06;3166;828;0;480886;232168;0;42.5;20.5;0.0
67;2021-06-07;7421;4223;0;488307;236391;0;43.1;20.9;0.0
67;2021-06-08;8540;4920;0;496847;241311;0;43.9;21.3;0.0
67;2021-06-09;9062;4799;0;505909;246110;0;44.7;21.7;0.0
67;2021-06-10;9527;4969;0;515436;251079;0;45.5;22.2;0.0
67;2021-06-11;7954;8224;0;523390;259303;0;46.2;22.9;0.0
67;2021-06-12;6679;5058;0;530069;264361;0;46.8;23.3;0.0
67;2021-06-13;2793;1018;0;532862;265379;0;47.0;23.4;0.0
67;2021-06-14;5431;6350;0;538293;271729;0;47.5;24.0;0.0
67;2021-06-15;6515;6621;0;544808;278350;0;48.1;24.6;0.0
67;2021-06-16;6750;6569;0;551558;284919;0;48.7;25.2;0.0
67;2021-06-17;6999;8867;0;558557;293786;0;49.3;25.9;0.0
67;2021-06-18;7285;8393;0;565842;302179;0;50.0;26.7;0.0
67;2021-06-19;6027;5703;0;571869;307882;0;50.5;27.2;0.0
67;2021-06-20;1304;1326;0;573173;309208;0;50.6;27.3;0.0
67;2021-06-21;4139;6793;0;577312;316001;0;51.0;27.9;0.0
67;2021-06-22;4126;8898;0;581438;324899;0;51.3;28.7;0.0
67;2021-06-23;5101;8149;0;586539;333048;0;51.8;29.4;0.0
67;2021-06-24;4501;8814;0;591040;341862;0;52.2;30.2;0.0
67;2021-06-25;5178;9947;0;596218;351809;0;52.6;31.1;0.0
67;2021-06-26;3307;8917;0;599525;360726;0;52.9;31.8;0.0
67;2021-06-27;958;3416;0;600483;364142;0;53.0;32.2;0.0
67;2021-06-28;2784;8675;0;603267;372817;0;53.3;32.9;0.0
67;2021-06-29;2856;8659;0;606123;381476;0;53.5;33.7;0.0
67;2021-06-30;3277;8756;10;609400;390232;10;53.8;34.5;0.0
67;2021-07-01;3635;8397;0;613035;398629;10;54.1;35.2;0.0
67;2021-07-02;3759;10907;0;616794;409536;10;54.5;36.2;0.0
67;2021-07-03;2851;7603;0;619645;417139;10;54.7;36.8;0.0
67;2021-07-04;708;1793;0;620353;418932;10;54.8;37.0;0.0
67;2021-07-05;2704;8360;0;623057;427292;10;55.0;37.7;0.0
67;2021-07-06;2998;8569;0;626055;435861;10;55.3;38.5;0.0
67;2021-07-07;3891;8643;0;629946;444504;10;55.6;39.2;0.0
67;2021-07-08;4122;7790;0;634068;452294;10;56.0;39.9;0.0
67;2021-07-09;3709;11343;0;637777;463637;10;56.3;40.9;0.0
67;2021-07-10;2712;7988;0;640489;471625;10;56.5;41.6;0.0
67;2021-07-11;870;1893;0;641359;473518;10;56.6;41.8;0.0
67;2021-07-12;2468;9822;0;643827;483340;10;56.8;42.7;0.0
67;2021-07-13;4112;9956;0;647939;493296;10;57.2;43.6;0.0
67;2021-07-14;3430;4323;0;651369;497619;10;57.5;43.9;0.0
67;2021-07-15;5145;12089;0;656514;509708;10;58.0;45.0;0.0
67;2021-07-16;4919;12217;0;661433;521925;10;58.4;46.1;0.0
67;2021-07-17;3640;8601;0;665073;530526;10;58.7;46.8;0.0
67;2021-07-18;1373;2394;0;666446;532920;10;58.8;47.1;0.0
67;2021-07-19;4486;9679;0;670932;542599;10;59.2;47.9;0.0
67;2021-07-20;5708;9707;0;676640;552306;10;59.7;48.8;0.0
67;2021-07-21;5847;10317;0;682487;562623;10;60.3;49.7;0.0
67;2021-07-22;6371;9817;0;688858;572440;10;60.8;50.5;0.0
67;2021-07-23;7270;10986;0;696128;583426;10;61.5;51.5;0.0
67;2021-07-24;5205;7330;0;701333;590756;10;61.9;52.2;0.0
67;2021-07-25;2091;1870;0;703424;592626;10;62.1;52.3;0.0
67;2021-07-26;4976;7241;0;708400;599867;10;62.5;53.0;0.0
67;2021-07-27;6478;7147;0;714878;607014;10;63.1;53.6;0.0
67;2021-07-28;7405;7115;0;722283;614129;10;63.8;54.2;0.0
67;2021-07-29;8054;6311;0;730337;620440;10;64.5;54.8;0.0
67;2021-07-30;8340;7186;1;738677;627626;11;65.2;55.4;0.0
67;2021-07-31;4988;4739;0;743665;632365;11;65.7;55.8;0.0
67;2021-08-01;2242;1344;0;745907;633709;11;65.9;56.0;0.0
67;2021-08-02;6240;5052;0;752147;638761;11;66.4;56.4;0.0
67;2021-08-03;7053;4674;0;759200;643435;11;67.0;56.8;0.0
67;2021-08-04;6636;4572;0;765836;648007;11;67.6;57.2;0.0
67;2021-08-05;5510;4248;0;771346;652255;11;68.1;57.6;0.0
67;2021-08-06;6069;5368;0;777415;657623;11;68.6;58.1;0.0
67;2021-08-07;4330;4102;1;781745;661725;12;69.0;58.4;0.0
67;2021-08-08;1178;1332;0;782923;663057;12;69.1;58.5;0.0
67;2021-08-09;3092;4508;0;786015;667565;12;69.4;58.9;0.0
67;2021-08-10;3140;4773;0;789155;672338;12;69.7;59.4;0.0
67;2021-08-11;3234;4621;1;792389;676959;13;70.0;59.8;0.0
67;2021-08-12;2933;4735;0;795322;681694;13;70.2;60.2;0.0
67;2021-08-13;3145;5373;0;798467;687067;13;70.5;60.7;0.0
67;2021-08-14;2034;4835;0;800501;691902;13;70.7;61.1;0.0
67;2021-08-15;628;1416;0;801129;693318;13;70.7;61.2;0.0
67;2021-08-16;2015;5257;0;803144;698575;13;70.9;61.7;0.0
67;2021-08-17;2056;5294;0;805200;703869;13;71.1;62.1;0.0
67;2021-08-18;2223;6151;1;807423;710020;14;71.3;62.7;0.0
67;2021-08-19;1816;5897;0;809239;715917;14;71.4;63.2;0.0
67;2021-08-20;2222;7204;0;811461;723121;14;71.6;63.8;0.0
67;2021-08-21;1416;5288;0;812877;728409;14;71.8;64.3;0.0
67;2021-08-22;361;1879;0;813238;730288;14;71.8;64.5;0.0
67;2021-08-23;1780;6630;0;815018;736918;14;72.0;65.1;0.0
67;2021-08-24;1862;6451;0;816880;743369;14;72.1;65.6;0.0
67;2021-08-25;1971;6912;0;818851;750281;14;72.3;66.2;0.0
67;2021-08-26;1754;5331;0;820605;755612;14;72.5;66.7;0.0
67;2021-08-27;2059;6796;0;822664;762408;14;72.6;67.3;0.0
67;2021-08-28;1528;5689;0;824192;768097;14;72.8;67.8;0.0
67;2021-08-29;382;1450;0;824574;769547;14;72.8;67.9;0.0
67;2021-08-30;1349;4278;157;825923;773825;171;72.9;68.3;0.0
67;2021-08-31;1318;3782;241;827241;777607;412;73.0;68.7;0.0
67;2021-09-01;1839;3803;486;829080;781410;898;73.2;69.0;0.1
67;2021-09-02;1030;2495;415;830110;783905;1313;73.3;69.2;0.1
67;2021-09-03;1496;3674;519;831606;787579;1832;73.4;69.5;0.2
67;2021-09-04;1386;3543;339;832992;791122;2171;73.5;69.8;0.2
67;2021-09-05;266;764;91;833258;791886;2262;73.6;69.9;0.2
67;2021-09-06;921;1881;420;834179;793767;2682;73.7;70.1;0.2
67;2021-09-07;783;1735;393;834962;795502;3075;73.7;70.2;0.3
67;2021-09-08;1136;2304;521;836098;797806;3596;73.8;70.4;0.3
67;2021-09-09;1067;1712;514;837165;799518;4110;73.9;70.6;0.4
67;2021-09-10;1339;2280;547;838504;801798;4657;74.0;70.8;0.4
67;2021-09-11;1002;2520;364;839506;804318;5021;74.1;71.0;0.4
67;2021-09-12;227;467;96;839733;804785;5117;74.1;71.1;0.5
67;2021-09-13;685;1363;696;840418;806148;5813;74.2;71.2;0.5
67;2021-09-14;927;1357;1010;841345;807505;6823;74.3;71.3;0.6
67;2021-09-15;977;2014;953;842322;809519;7776;74.4;71.5;0.7
67;2021-09-16;722;1234;1022;843044;810753;8798;74.4;71.6;0.8
67;2021-09-17;964;2118;1046;844008;812871;9844;74.5;71.8;0.9
67;2021-09-18;793;2251;399;844801;815122;10243;74.6;72.0;0.9
67;2021-09-19;98;370;98;844899;815492;10341;74.6;72.0;0.9
67;2021-09-20;571;1049;936;845470;816541;11277;74.6;72.1;1.0
67;2021-09-21;465;909;733;845935;817450;12010;74.7;72.2;1.1
67;2021-09-22;600;1804;1105;846535;819254;13115;74.7;72.3;1.2
67;2021-09-23;529;854;848;847064;820108;13963;74.8;72.4;1.2
67;2021-09-24;631;1569;973;847695;821677;14936;74.8;72.5;1.3
67;2021-09-25;593;1729;388;848288;823406;15324;74.9;72.7;1.4
67;2021-09-26;81;284;81;848369;823690;15405;74.9;72.7;1.4
67;2021-09-27;398;814;596;848767;824504;16001;74.9;72.8;1.4
67;2021-09-28;403;763;629;849170;825267;16630;75.0;72.9;1.5
67;2021-09-29;612;1255;1040;849782;826522;17670;75.0;73.0;1.6
67;2021-09-30;395;835;1121;850177;827357;18791;75.1;73.0;1.7
67;2021-10-01;872;1359;1037;851049;828716;19828;75.1;73.2;1.8
67;2021-10-02;601;1225;380;851650;829941;20208;75.2;73.3;1.8
67;2021-10-03;100;202;79;851750;830143;20287;75.2;73.3;1.8
67;2021-10-04;380;584;533;852130;830727;20820;75.2;73.3;1.8
67;2021-10-05;365;671;648;852495;831398;21468;75.3;73.4;1.9
67;2021-10-06;601;1032;999;853096;832430;22467;75.3;73.5;2.0
67;2021-10-07;450;737;914;853546;833167;23381;75.4;73.6;2.1
67;2021-10-08;712;1176;994;854258;834343;24375;75.4;73.7;2.2
67;2021-10-09;502;979;577;854760;835322;24952;75.5;73.8;2.2
67;2021-10-10;71;102;48;854831;835424;25000;75.5;73.8;2.2
67;2021-10-11;401;599;704;855232;836023;25704;75.5;73.8;2.3
67;2021-10-12;372;554;704;855604;836577;26408;75.5;73.9;2.3
67;2021-10-13;537;913;1078;856141;837490;27486;75.6;73.9;2.4
67;2021-10-14;380;625;815;856521;838115;28301;75.6;74.0;2.5
67;2021-10-15;693;971;1441;857214;839086;29742;75.7;74.1;2.6
67;2021-10-16;533;895;743;857747;839981;30485;75.7;74.2;2.7
67;2021-10-17;110;105;63;857857;840086;30548;75.7;74.2;2.7
67;2021-10-18;406;482;859;858263;840568;31407;75.8;74.2;2.8
67;2021-10-19;314;492;804;858577;841060;32211;75.8;74.3;2.8
67;2021-10-20;453;659;1263;859030;841719;33474;75.8;74.3;3.0
67;2021-10-21;317;483;929;859347;842202;34403;75.9;74.4;3.0
67;2021-10-22;571;692;1414;859918;842894;35817;75.9;74.4;3.2
67;2021-10-23;502;713;1114;860420;843607;36931;76.0;74.5;3.3
67;2021-10-24;56;116;99;860476;843723;37030;76.0;74.5;3.3
67;2021-10-25;324;411;929;860800;844134;37959;76.0;74.5;3.4
67;2021-10-26;259;333;971;861059;844467;38930;76.0;74.6;3.4
67;2021-10-27;393;543;1502;861452;845010;40432;76.1;74.6;3.6
67;2021-10-28;325;408;1101;861777;845418;41533;76.1;74.6;3.7
67;2021-10-29;487;573;1855;862264;845991;43388;76.1;74.7;3.8
67;2021-10-30;367;493;1243;862631;846484;44631;76.2;74.7;3.9
67;2021-10-31;66;89;100;862697;846573;44731;76.2;74.7;3.9
67;2021-11-01;96;56;84;862793;846629;44815;76.2;74.8;4.0
67;2021-11-02;265;345;1058;863058;846974;45873;76.2;74.8;4.1
67;2021-11-03;397;626;1766;863455;847600;47639;76.2;74.8;4.2
67;2021-11-04;302;408;1377;863757;848008;49016;76.3;74.9;4.3
67;2021-11-05;575;689;2635;864332;848697;51651;76.3;74.9;4.6
67;2021-11-06;364;593;1647;864696;849290;53298;76.3;75.0;4.7
67;2021-11-07;41;117;142;864737;849407;53440;76.3;75.0;4.7
67;2021-11-08;251;479;1967;864988;849886;55407;76.4;75.0;4.9
67;2021-11-09;249;368;1996;865237;850254;57403;76.4;75.1;5.1
67;2021-11-10;395;547;2790;865632;850801;60193;76.4;75.1;5.3
67;2021-11-11;46;71;298;865678;850872;60491;76.4;75.1;5.3
67;2021-11-12;428;598;3392;866106;851470;63883;76.5;75.2;5.6
67;2021-11-13;391;552;2178;866497;852022;66061;76.5;75.2;5.8
67;2021-11-14;45;57;205;866542;852079;66266;76.5;75.2;5.9
67;2021-11-15;280;370;2756;866822;852449;69022;76.5;75.3;6.1
67;2021-11-16;341;350;2756;867163;852799;71778;76.6;75.3;6.3
67;2021-11-17;411;482;3593;867574;853281;75371;76.6;75.3;6.7
67;2021-11-18;385;413;3523;867959;853694;78894;76.6;75.4;7.0
67;2021-11-19;562;696;4872;868521;854390;83766;76.7;75.4;7.4
67;2021-11-20;356;534;2781;868877;854924;86547;76.7;75.5;7.6
67;2021-11-21;33;82;232;868910;855006;86779;76.7;75.5;7.7
67;2021-11-22;393;311;3364;869303;855317;90143;76.8;75.5;8.0
67;2021-11-23;399;338;3718;869702;855655;93861;76.8;75.5;8.3
67;2021-11-24;534;520;4152;870236;856175;98013;76.8;75.6;8.7
67;2021-11-25;409;382;4383;870645;856557;102396;76.9;75.6;9.0
67;2021-11-26;604;596;7400;871249;857153;109796;76.9;75.7;9.7
67;2021-11-27;386;463;4805;871635;857616;114601;77.0;75.7;10.1
67;2021-11-28;50;75;947;871685;857691;115548;77.0;75.7;10.2
67;2021-11-29;329;313;5642;872014;858004;121190;77.0;75.8;10.7
67;2021-11-30;395;380;6786;872409;858384;127976;77.0;75.8;11.3
67;2021-12-01;350;436;7307;872759;858820;135283;77.1;75.8;11.9
67;2021-12-02;241;274;8083;873000;859094;143366;77.1;75.9;12.7
67;2021-12-03;330;513;10627;873330;859607;153993;77.1;75.9;13.6
67;2021-12-04;309;410;8011;873639;860017;162004;77.1;75.9;14.3
67;2021-12-05;49;111;1573;873688;860128;163577;77.1;75.9;14.4
67;2021-12-06;244;310;9112;873932;860438;172689;77.2;76.0;15.2
67;2021-12-07;336;396;11735;874268;860834;184424;77.2;76.0;16.3
67;2021-12-08;349;483;10979;874617;861317;195403;77.2;76.0;17.3
67;2021-12-09;313;381;11541;874930;861698;206944;77.2;76.1;18.3
67;2021-12-10;461;583;14542;875391;862281;221486;77.3;76.1;19.6
67;2021-12-11;416;485;10860;875807;862766;232346;77.3;76.2;20.5
67;2021-12-12;98;90;2688;875905;862856;235034;77.3;76.2;20.8
67;2021-12-13;230;424;11800;876135;863280;246834;77.4;76.2;21.8
67;2021-12-14;393;481;14380;876528;863761;261214;77.4;76.3;23.1
67;2021-12-15;384;606;14052;876912;864367;275266;77.4;76.3;24.3
67;2021-12-16;314;524;13838;877226;864891;289104;77.5;76.4;25.5
67;2021-12-17;467;678;16730;877693;865569;305834;77.5;76.4;27.0
67;2021-12-18;378;477;11294;878071;866046;317128;77.5;76.5;28.0
67;2021-12-19;102;122;2612;878173;866168;319740;77.5;76.5;28.2
67;2021-12-20;391;432;12140;878564;866600;331880;77.6;76.5;29.3
67;2021-12-21;560;556;13442;879124;867156;345322;77.6;76.6;30.5
67;2021-12-22;491;474;11740;879615;867630;357062;77.7;76.6;31.5
67;2021-12-23;370;345;7972;879985;867975;365034;77.7;76.6;32.2
67;2021-12-24;75;104;1095;880060;868079;366129;77.7;76.6;32.3
67;2021-12-25;15;31;99;880075;868110;366228;77.7;76.6;32.3
67;2021-12-26;25;35;431;880100;868145;366659;77.7;76.7;32.4
67;2021-12-27;291;358;8831;880391;868503;375490;77.7;76.7;33.2
67;2021-12-28;441;378;10341;880832;868881;385831;77.8;76.7;34.1
68;2020-12-27;0;0;0;0;0;0;0.0;0.0;0.0
68;2020-12-28;1;0;0;1;0;0;0.0;0.0;0.0
68;2020-12-29;0;0;0;1;0;0;0.0;0.0;0.0
68;2020-12-30;2;0;0;3;0;0;0.0;0.0;0.0
68;2020-12-31;0;0;0;3;0;0;0.0;0.0;0.0
68;2021-01-01;0;0;0;3;0;0;0.0;0.0;0.0
68;2021-01-02;0;0;0;3;0;0;0.0;0.0;0.0
68;2021-01-03;0;0;0;3;0;0;0.0;0.0;0.0
68;2021-01-04;1;0;0;4;0;0;0.0;0.0;0.0
68;2021-01-05;11;0;0;15;0;0;0.0;0.0;0.0
68;2021-01-06;223;1;0;238;1;0;0.0;0.0;0.0
68;2021-01-07;84;1;0;322;2;0;0.0;0.0;0.0
68;2021-01-08;137;1;0;459;3;0;0.1;0.0;0.0
68;2021-01-09;25;1;0;484;4;0;0.1;0.0;0.0
68;2021-01-10;0;0;0;484;4;0;0.1;0.0;0.0
68;2021-01-11;94;0;0;578;4;0;0.1;0.0;0.0
68;2021-01-12;378;1;0;956;5;0;0.1;0.0;0.0
68;2021-01-13;703;3;0;1659;8;0;0.2;0.0;0.0
68;2021-01-14;383;2;0;2042;10;0;0.3;0.0;0.0
68;2021-01-15;225;1;0;2267;11;0;0.3;0.0;0.0
68;2021-01-16;4;0;0;2271;11;0;0.3;0.0;0.0
68;2021-01-17;1;0;0;2272;11;0;0.3;0.0;0.0
68;2021-01-18;389;4;0;2661;15;0;0.3;0.0;0.0
68;2021-01-19;600;5;0;3261;20;0;0.4;0.0;0.0
68;2021-01-20;748;10;0;4009;30;0;0.5;0.0;0.0
68;2021-01-21;1400;13;0;5409;43;0;0.7;0.0;0.0
68;2021-01-22;1482;14;0;6891;57;0;0.9;0.0;0.0
68;2021-01-23;255;3;0;7146;60;0;0.9;0.0;0.0
68;2021-01-24;671;2;0;7817;62;0;1.0;0.0;0.0
68;2021-01-25;1342;44;0;9159;106;0;1.2;0.0;0.0
68;2021-01-26;1493;76;0;10652;182;0;1.4;0.0;0.0
68;2021-01-27;2680;147;0;13332;329;0;1.7;0.0;0.0
68;2021-01-28;2316;59;0;15648;388;0;2.1;0.1;0.0
68;2021-01-29;1510;137;0;17158;525;0;2.2;0.1;0.0
68;2021-01-30;177;6;0;17335;531;0;2.3;0.1;0.0
68;2021-01-31;8;0;0;17343;531;0;2.3;0.1;0.0
68;2021-02-01;759;122;0;18102;653;0;2.4;0.1;0.0
68;2021-02-02;889;299;0;18991;952;0;2.5;0.1;0.0
68;2021-02-03;992;613;0;19983;1565;0;2.6;0.2;0.0
68;2021-02-04;1010;326;0;20993;1891;0;2.8;0.2;0.0
68;2021-02-05;961;235;0;21954;2126;0;2.9;0.3;0.0
68;2021-02-06;150;7;0;22104;2133;0;2.9;0.3;0.0
68;2021-02-07;3;17;0;22107;2150;0;2.9;0.3;0.0
68;2021-02-08;868;42;0;22975;2192;0;3.0;0.3;0.0
68;2021-02-09;1278;67;0;24253;2259;0;3.2;0.3;0.0
68;2021-02-10;1391;76;0;25644;2335;0;3.4;0.3;0.0
68;2021-02-11;1460;457;0;27104;2792;0;3.6;0.4;0.0
68;2021-02-12;1510;444;0;28614;3236;0;3.7;0.4;0.0
68;2021-02-13;141;6;0;28755;3242;0;3.8;0.4;0.0
68;2021-02-14;61;229;0;28816;3471;0;3.8;0.5;0.0
68;2021-02-15;619;1054;0;29435;4525;0;3.9;0.6;0.0
68;2021-02-16;830;1341;0;30265;5866;0;4.0;0.8;0.0
68;2021-02-17;1210;2064;0;31475;7930;0;4.1;1.0;0.0
68;2021-02-18;1605;2025;0;33080;9955;0;4.3;1.3;0.0
68;2021-02-19;971;1359;0;34051;11314;0;4.5;1.5;0.0
68;2021-02-20;108;165;0;34159;11479;0;4.5;1.5;0.0
68;2021-02-21;1;48;0;34160;11527;0;4.5;1.5;0.0
68;2021-02-22;445;799;0;34605;12326;0;4.5;1.6;0.0
68;2021-02-23;614;1035;0;35219;13361;0;4.6;1.8;0.0
68;2021-02-24;801;1151;0;36020;14512;0;4.7;1.9;0.0
68;2021-02-25;1178;1250;0;37198;15762;0;4.9;2.1;0.0
68;2021-02-26;1151;1003;0;38349;16765;0;5.0;2.2;0.0
68;2021-02-27;547;188;0;38896;16953;0;5.1;2.2;0.0
68;2021-02-28;12;1;0;38908;16954;0;5.1;2.2;0.0
68;2021-03-01;920;776;0;39828;17730;0;5.2;2.3;0.0
68;2021-03-02;1163;926;0;40991;18656;0;5.4;2.4;0.0
68;2021-03-03;1491;987;0;42482;19643;0;5.6;2.6;0.0
68;2021-03-04;1892;1038;0;44374;20681;0;5.8;2.7;0.0
68;2021-03-05;2265;1030;0;46639;21711;0;6.1;2.8;0.0
68;2021-03-06;2200;267;0;48839;21978;0;6.4;2.9;0.0
68;2021-03-07;818;103;0;49657;22081;0;6.5;2.9;0.0
68;2021-03-08;1385;944;0;51042;23025;0;6.7;3.0;0.0
68;2021-03-09;1649;1265;0;52691;24290;0;6.9;3.2;0.0
68;2021-03-10;1884;1750;0;54575;26040;0;7.2;3.4;0.0
68;2021-03-11;2552;1871;0;57127;27911;0;7.5;3.7;0.0
68;2021-03-12;2565;1374;0;59692;29285;0;7.8;3.8;0.0
68;2021-03-13;3274;276;0;62966;29561;0;8.3;3.9;0.0
68;2021-03-14;1405;63;0;64371;29624;0;8.4;3.9;0.0
68;2021-03-15;1630;603;0;66001;30227;0;8.6;4.0;0.0
68;2021-03-16;1862;575;0;67863;30802;0;8.9;4.0;0.0
68;2021-03-17;1803;695;0;69666;31497;0;9.1;4.1;0.0
68;2021-03-18;2043;905;0;71709;32402;0;9.4;4.2;0.0
68;2021-03-19;2900;713;0;74609;33115;0;9.8;4.3;0.0
68;2021-03-20;974;132;0;75583;33247;0;9.9;4.4;0.0
68;2021-03-21;75;2;0;75658;33249;0;9.9;4.4;0.0
68;2021-03-22;1874;568;0;77532;33817;0;10.2;4.4;0.0
68;2021-03-23;2751;583;0;80283;34400;0;10.5;4.5;0.0
68;2021-03-24;3118;757;0;83401;35157;0;10.9;4.6;0.0
68;2021-03-25;3393;765;0;86794;35922;0;11.4;4.7;0.0
68;2021-03-26;3923;710;0;90717;36632;0;11.9;4.8;0.0
68;2021-03-27;1183;175;0;91900;36807;0;12.0;4.8;0.0
68;2021-03-28;60;5;0;91960;36812;0;12.0;4.8;0.0
68;2021-03-29;2240;1292;0;94200;38104;0;12.3;5.0;0.0
68;2021-03-30;2930;1204;0;97130;39308;0;12.7;5.2;0.0
68;2021-03-31;2682;1254;0;99812;40562;0;13.1;5.3;0.0
68;2021-04-01;2780;1447;0;102592;42009;0;13.4;5.5;0.0
68;2021-04-02;324;101;0;102916;42110;0;13.5;5.5;0.0
68;2021-04-03;304;128;0;103220;42238;0;13.5;5.5;0.0
68;2021-04-04;30;2;0;103250;42240;0;13.5;5.5;0.0
68;2021-04-05;69;5;0;103319;42245;0;13.5;5.5;0.0
68;2021-04-06;1767;1229;0;105086;43474;0;13.8;5.7;0.0
68;2021-04-07;2587;1420;0;107673;44894;0;14.1;5.9;0.0
68;2021-04-08;3266;1432;0;110939;46326;0;14.5;6.1;0.0
68;2021-04-09;4179;1471;0;115118;47797;0;15.1;6.3;0.0
68;2021-04-10;1303;1870;0;116421;49667;0;15.3;6.5;0.0
68;2021-04-11;127;1181;0;116548;50848;0;15.3;6.7;0.0
68;2021-04-12;2661;1522;0;119209;52370;0;15.6;6.9;0.0
68;2021-04-13;2743;1967;0;121952;54337;0;16.0;7.1;0.0
68;2021-04-14;3525;2140;0;125477;56477;0;16.4;7.4;0.0
68;2021-04-15;4012;2000;0;129489;58477;0;17.0;7.7;0.0
68;2021-04-16;3892;1958;0;133381;60435;0;17.5;7.9;0.0
68;2021-04-17;1176;452;0;134557;60887;0;17.6;8.0;0.0
68;2021-04-18;115;17;0;134672;60904;0;17.6;8.0;0.0
68;2021-04-19;2309;1760;0;136981;62664;0;17.9;8.2;0.0
68;2021-04-20;2369;2227;0;139350;64891;0;18.3;8.5;0.0
68;2021-04-21;2771;2407;0;142121;67298;0;18.6;8.8;0.0
68;2021-04-22;3182;1946;0;145303;69244;0;19.0;9.1;0.0
68;2021-04-23;3293;2044;0;148596;71288;0;19.5;9.3;0.0
68;2021-04-24;860;542;0;149456;71830;0;19.6;9.4;0.0
68;2021-04-25;215;22;0;149671;71852;0;19.6;9.4;0.0
68;2021-04-26;2261;2100;0;151932;73952;0;19.9;9.7;0.0
68;2021-04-27;2533;2199;0;154465;76151;0;20.2;10.0;0.0
68;2021-04-28;3422;1818;0;157887;77969;0;20.7;10.2;0.0
68;2021-04-29;4008;1753;0;161895;79722;0;21.2;10.4;0.0
68;2021-04-30;4641;1405;0;166536;81127;0;21.8;10.6;0.0
68;2021-05-01;984;132;0;167520;81259;0;21.9;10.6;0.0
68;2021-05-02;734;77;0;168254;81336;0;22.0;10.7;0.0
68;2021-05-03;3510;1754;0;171764;83090;0;22.5;10.9;0.0
68;2021-05-04;3806;2315;0;175570;85405;0;23.0;11.2;0.0
68;2021-05-05;3574;3187;0;179144;88592;0;23.5;11.6;0.0
68;2021-05-06;4670;2882;0;183814;91474;0;24.1;12.0;0.0
68;2021-05-07;4359;2950;0;188173;94424;0;24.7;12.4;0.0
68;2021-05-08;1672;252;0;189845;94676;0;24.9;12.4;0.0
68;2021-05-09;1067;114;0;190912;94790;0;25.0;12.4;0.0
68;2021-05-10;2971;3673;0;193883;98463;0;25.4;12.9;0.0
68;2021-05-11;4534;3569;0;198417;102032;0;26.0;13.4;0.0
68;2021-05-12;5579;3252;0;203996;105284;0;26.7;13.8;0.0
68;2021-05-13;4558;883;0;208554;106167;0;27.3;13.9;0.0
68;2021-05-14;5621;2169;0;214175;108336;0;28.1;14.2;0.0
68;2021-05-15;3512;979;0;217687;109315;0;28.5;14.3;0.0
68;2021-05-16;777;148;0;218464;109463;0;28.6;14.3;0.0
68;2021-05-17;4302;2429;0;222766;111892;0;29.2;14.7;0.0
68;2021-05-18;6023;2304;0;228789;114196;0;30.0;15.0;0.0
68;2021-05-19;5720;2789;0;234509;116985;0;30.7;15.3;0.0
68;2021-05-20;5909;2415;0;240418;119400;0;31.5;15.6;0.0
68;2021-05-21;5715;2873;0;246133;122273;0;32.2;16.0;0.0
68;2021-05-22;2676;969;0;248809;123242;0;32.6;16.1;0.0
68;2021-05-23;140;25;0;248949;123267;0;32.6;16.2;0.0
68;2021-05-24;2212;942;0;251161;124209;0;32.9;16.3;0.0
68;2021-05-25;4195;3308;0;255356;127517;0;33.5;16.7;0.0
68;2021-05-26;4795;3288;0;260151;130805;0;34.1;17.1;0.0
68;2021-05-27;5329;3330;0;265480;134135;0;34.8;17.6;0.0
68;2021-05-28;5412;3719;0;270892;137854;0;35.5;18.1;0.0
68;2021-05-29;1625;1198;0;272517;139052;0;35.7;18.2;0.0
68;2021-05-30;83;65;0;272600;139117;0;35.7;18.2;0.0
68;2021-05-31;4926;2298;0;277526;141415;0;36.4;18.5;0.0
68;2021-06-01;5746;2736;0;283272;144151;0;37.1;18.9;0.0
68;2021-06-02;4911;2959;0;288183;147110;0;37.8;19.3;0.0
68;2021-06-03;5732;3040;0;293915;150150;0;38.5;19.7;0.0
68;2021-06-04;4949;3264;0;298864;153414;0;39.2;20.1;0.0
68;2021-06-05;935;1223;0;299799;154637;0;39.3;20.3;0.0
68;2021-06-06;148;125;0;299947;154762;0;39.3;20.3;0.0
68;2021-06-07;4548;2931;0;304495;157693;0;39.9;20.7;0.0
68;2021-06-08;4687;3442;0;309182;161135;0;40.5;21.1;0.0
68;2021-06-09;4833;3301;0;314015;164436;0;41.1;21.5;0.0
68;2021-06-10;4943;3093;0;318958;167529;0;41.8;22.0;0.0
68;2021-06-11;4897;4034;0;323855;171563;0;42.4;22.5;0.0
68;2021-06-12;2973;1777;0;326828;173340;0;42.8;22.7;0.0
68;2021-06-13;586;676;0;327414;174016;0;42.9;22.8;0.0
68;2021-06-14;2435;4281;0;329849;178297;0;43.2;23.4;0.0
68;2021-06-15;2994;4690;0;332843;182987;0;43.6;24.0;0.0
68;2021-06-16;3303;4404;0;336146;187391;0;44.0;24.6;0.0
68;2021-06-17;2378;4385;0;338524;191776;0;44.4;25.1;0.0
68;2021-06-18;3285;5089;0;341809;196865;0;44.8;25.8;0.0
68;2021-06-19;2247;2196;0;344056;199061;0;45.1;26.1;0.0
68;2021-06-20;271;886;0;344327;199947;0;45.1;26.2;0.0
68;2021-06-21;1968;4960;0;346295;204907;0;45.4;26.8;0.0
68;2021-06-22;1857;5102;0;348152;210009;0;45.6;27.5;0.0
68;2021-06-23;2237;5636;0;350389;215645;0;45.9;28.3;0.0
68;2021-06-24;2092;4744;0;352481;220389;0;46.2;28.9;0.0
68;2021-06-25;2200;6377;0;354681;226766;0;46.5;29.7;0.0
68;2021-06-26;1263;2634;0;355944;229400;0;46.6;30.1;0.0
68;2021-06-27;169;856;0;356113;230256;0;46.7;30.2;0.0
68;2021-06-28;1528;6233;0;357641;236489;0;46.9;31.0;0.0
68;2021-06-29;1489;6448;0;359130;242937;0;47.1;31.8;0.0
68;2021-06-30;1771;6418;1;360901;249355;1;47.3;32.7;0.0
68;2021-07-01;2115;5257;0;363016;254612;1;47.6;33.4;0.0
68;2021-07-02;2174;6371;0;365190;260983;1;47.8;34.2;0.0
68;2021-07-03;1030;2021;0;366220;263004;1;48.0;34.5;0.0
68;2021-07-04;241;230;0;366461;263234;1;48.0;34.5;0.0
68;2021-07-05;1430;5227;0;367891;268461;1;48.2;35.2;0.0
68;2021-07-06;1965;5666;0;369856;274127;1;48.5;35.9;0.0
68;2021-07-07;2375;4970;0;372231;279097;1;48.8;36.6;0.0
68;2021-07-08;2390;4649;0;374621;283746;1;49.1;37.2;0.0
68;2021-07-09;2065;7102;0;376686;290848;1;49.4;38.1;0.0
68;2021-07-10;1023;2071;0;377709;292919;1;49.5;38.4;0.0
68;2021-07-11;157;205;0;377866;293124;1;49.5;38.4;0.0
68;2021-07-12;1617;6466;0;379483;299590;1;49.7;39.3;0.0
68;2021-07-13;2780;6320;0;382263;305910;1;50.1;40.1;0.0
68;2021-07-14;1778;1091;0;384041;307001;1;50.3;40.2;0.0
68;2021-07-15;3183;6498;0;387224;313499;1;50.7;41.1;0.0
68;2021-07-16;3816;6665;0;391040;320164;1;51.2;41.9;0.0
68;2021-07-17;3351;2399;0;394391;322563;1;51.7;42.3;0.0
68;2021-07-18;1016;301;0;395407;322864;1;51.8;42.3;0.0
68;2021-07-19;3181;5897;0;398588;328761;1;52.2;43.1;0.0
68;2021-07-20;4218;5466;0;402806;334227;1;52.8;43.8;0.0
68;2021-07-21;4400;5663;0;407206;339890;1;53.4;44.5;0.0
68;2021-07-22;4185;4700;0;411391;344590;1;53.9;45.2;0.0
68;2021-07-23;5009;5680;0;416400;350270;1;54.6;45.9;0.0
68;2021-07-24;3294;2154;0;419694;352424;1;55.0;46.2;0.0
68;2021-07-25;843;553;0;420537;352977;1;55.1;46.2;0.0
68;2021-07-26;4743;4259;0;425280;357236;1;55.7;46.8;0.0
68;2021-07-27;6128;3649;0;431408;360885;1;56.5;47.3;0.0
68;2021-07-28;6593;3719;0;438001;364604;1;57.4;47.8;0.0
68;2021-07-29;6185;3337;0;444186;367941;1;58.2;48.2;0.0
68;2021-07-30;6197;4245;0;450383;372186;1;59.0;48.8;0.0
68;2021-07-31;3790;1463;0;454173;373649;1;59.5;49.0;0.0
68;2021-08-01;1560;499;0;455733;374148;1;59.7;49.0;0.0
68;2021-08-02;4587;3077;0;460320;377225;1;60.3;49.4;0.0
68;2021-08-03;3564;2457;0;463884;379682;1;60.8;49.7;0.0
68;2021-08-04;3159;2678;1;467043;382360;2;61.2;50.1;0.0
68;2021-08-05;2808;2648;0;469851;385008;2;61.6;50.4;0.0
68;2021-08-06;3974;4163;0;473825;389171;2;62.1;51.0;0.0
68;2021-08-07;1350;1404;0;475175;390575;2;62.3;51.2;0.0
68;2021-08-08;388;819;0;475563;391394;2;62.3;51.3;0.0
68;2021-08-09;2481;3608;0;478044;395002;2;62.6;51.8;0.0
68;2021-08-10;2213;2962;0;480257;397964;2;62.9;52.1;0.0
68;2021-08-11;1913;2913;0;482170;400877;2;63.2;52.5;0.0
68;2021-08-12;1791;2828;0;483961;403705;2;63.4;52.9;0.0
68;2021-08-13;2610;4634;0;486571;408339;2;63.8;53.5;0.0
68;2021-08-14;753;1557;0;487324;409896;2;63.9;53.7;0.0
68;2021-08-15;64;468;0;487388;410364;2;63.9;53.8;0.0
68;2021-08-16;1904;4935;0;489292;415299;2;64.1;54.4;0.0
68;2021-08-17;1746;4706;1;491038;420005;3;64.3;55.0;0.0
68;2021-08-18;1250;3789;0;492288;423794;3;64.5;55.5;0.0
68;2021-08-19;1338;3785;0;493626;427579;3;64.7;56.0;0.0
68;2021-08-20;2162;6031;1;495788;433610;4;65.0;56.8;0.0
68;2021-08-21;549;1495;0;496337;435105;4;65.0;57.0;0.0
68;2021-08-22;127;489;0;496464;435594;4;65.0;57.1;0.0
68;2021-08-23;1188;5297;0;497652;440891;4;65.2;57.8;0.0
68;2021-08-24;1355;5729;0;499007;446620;4;65.4;58.5;0.0
68;2021-08-25;1583;3768;0;500590;450388;4;65.6;59.0;0.0
68;2021-08-26;1916;4424;0;502506;454812;4;65.8;59.6;0.0
68;2021-08-27;1783;6142;1;504289;460954;5;66.1;60.4;0.0
68;2021-08-28;448;1245;0;504737;462199;5;66.1;60.6;0.0
68;2021-08-29;47;433;0;504784;462632;5;66.1;60.6;0.0
68;2021-08-30;1287;4298;37;506071;466930;42;66.3;61.2;0.0
68;2021-08-31;1253;3920;128;507324;470850;170;66.5;61.7;0.0
68;2021-09-01;1015;2176;136;508339;473026;306;66.6;62.0;0.0
68;2021-09-02;918;1770;224;509257;474796;530;66.7;62.2;0.1
68;2021-09-03;1313;4173;297;510570;478969;827;66.9;62.8;0.1
68;2021-09-04;550;951;86;511120;479920;913;67.0;62.9;0.1
68;2021-09-05;202;142;58;511322;480062;971;67.0;62.9;0.1
68;2021-09-06;718;2031;250;512040;482093;1221;67.1;63.2;0.2
68;2021-09-07;628;1267;192;512668;483360;1413;67.2;63.3;0.2
68;2021-09-08;653;1383;159;513321;484743;1572;67.3;63.5;0.2
68;2021-09-09;913;1263;332;514234;486006;1904;67.4;63.7;0.2
68;2021-09-10;1481;2954;331;515715;488960;2235;67.6;64.1;0.3
68;2021-09-11;475;696;56;516190;489656;2291;67.6;64.2;0.3
68;2021-09-12;75;76;10;516265;489732;2301;67.6;64.2;0.3
68;2021-09-13;830;1217;225;517095;490949;2526;67.8;64.3;0.3
68;2021-09-14;975;1311;536;518070;492260;3062;67.9;64.5;0.4
68;2021-09-15;724;1570;555;518794;493830;3617;68.0;64.7;0.5
68;2021-09-16;629;1043;482;519423;494873;4099;68.1;64.8;0.5
68;2021-09-17;984;2260;583;520407;497133;4682;68.2;65.1;0.6
68;2021-09-18;455;797;188;520862;497930;4870;68.2;65.2;0.6
68;2021-09-19;23;74;19;520885;498004;4889;68.2;65.3;0.6
68;2021-09-20;561;956;320;521446;498960;5209;68.3;65.4;0.7
68;2021-09-21;592;1257;760;522038;500217;5969;68.4;65.5;0.8
68;2021-09-22;621;1171;629;522659;501388;6598;68.5;65.7;0.9
68;2021-09-23;356;694;698;523015;502082;7296;68.5;65.8;1.0
68;2021-09-24;638;1524;800;523653;503606;8096;68.6;66.0;1.1
68;2021-09-25;300;697;176;523953;504303;8272;68.7;66.1;1.1
68;2021-09-26;32;57;12;523985;504360;8284;68.7;66.1;1.1
68;2021-09-27;346;676;515;524331;505036;8799;68.7;66.2;1.2
68;2021-09-28;346;548;524;524677;505584;9323;68.7;66.2;1.2
68;2021-09-29;563;859;891;525240;506443;10214;68.8;66.4;1.3
68;2021-09-30;403;763;685;525643;507206;10899;68.9;66.5;1.4
68;2021-10-01;890;1540;702;526533;508746;11601;69.0;66.7;1.5
68;2021-10-02;334;583;203;526867;509329;11804;69.0;66.7;1.5
68;2021-10-03;61;99;15;526928;509428;11819;69.0;66.7;1.5
68;2021-10-04;347;451;441;527275;509879;12260;69.1;66.8;1.6
68;2021-10-05;361;593;509;527636;510472;12769;69.1;66.9;1.7
68;2021-10-06;421;865;564;528057;511337;13333;69.2;67.0;1.7
68;2021-10-07;392;591;668;528449;511928;14001;69.2;67.1;1.8
68;2021-10-08;1053;1586;1170;529502;513514;15171;69.4;67.3;2.0
68;2021-10-09;319;621;300;529821;514135;15471;69.4;67.4;2.0
68;2021-10-10;39;51;45;529860;514186;15516;69.4;67.4;2.0
68;2021-10-11;323;472;419;530183;514658;15935;69.5;67.4;2.1
68;2021-10-12;271;493;511;530454;515151;16446;69.5;67.5;2.2
68;2021-10-13;510;642;662;530964;515793;17108;69.6;67.6;2.2
68;2021-10-14;407;625;794;531371;516418;17902;69.6;67.7;2.3
68;2021-10-15;703;945;1296;532074;517363;19198;69.7;67.8;2.5
68;2021-10-16;230;392;320;532304;517755;19518;69.7;67.8;2.6
68;2021-10-17;29;33;34;532333;517788;19552;69.7;67.8;2.6
68;2021-10-18;262;355;435;532595;518143;19987;69.8;67.9;2.6
68;2021-10-19;277;440;416;532872;518583;20403;69.8;67.9;2.7
68;2021-10-20;442;525;989;533314;519108;21392;69.9;68.0;2.8
68;2021-10-21;367;553;896;533681;519661;22288;69.9;68.1;2.9
68;2021-10-22;582;774;1353;534263;520435;23641;70.0;68.2;3.1
68;2021-10-23;204;354;445;534467;520789;24086;70.0;68.2;3.2
68;2021-10-24;25;49;22;534492;520838;24108;70.0;68.2;3.2
68;2021-10-25;196;267;476;534688;521105;24584;70.1;68.3;3.2
68;2021-10-26;189;286;519;534877;521391;25103;70.1;68.3;3.3
68;2021-10-27;341;418;1058;535218;521809;26161;70.1;68.4;3.4
68;2021-10-28;309;411;1057;535527;522220;27218;70.2;68.4;3.6
68;2021-10-29;453;615;1554;535980;522835;28772;70.2;68.5;3.8
68;2021-10-30;178;310;493;536158;523145;29265;70.3;68.5;3.8
68;2021-10-31;14;41;47;536172;523186;29312;70.3;68.6;3.8
68;2021-11-01;225;35;20;536397;523221;29332;70.3;68.6;3.8
68;2021-11-02;211;361;746;536608;523582;30078;70.3;68.6;3.9
68;2021-11-03;318;496;885;536926;524078;30963;70.4;68.7;4.1
68;2021-11-04;309;368;1305;537235;524446;32268;70.4;68.7;4.2
68;2021-11-05;502;756;2203;537737;525202;34471;70.5;68.8;4.5
68;2021-11-06;177;312;644;537914;525514;35115;70.5;68.9;4.6
68;2021-11-07;22;74;34;537936;525588;35149;70.5;68.9;4.6
68;2021-11-08;200;298;1197;538136;525886;36346;70.5;68.9;4.8
68;2021-11-09;187;341;1326;538323;526227;37672;70.5;68.9;4.9
68;2021-11-10;327;523;2312;538650;526750;39984;70.6;69.0;5.2
68;2021-11-11;8;40;25;538658;526790;40009;70.6;69.0;5.2
68;2021-11-12;350;704;3140;539008;527494;43149;70.6;69.1;5.7
68;2021-11-13;173;274;1040;539181;527768;44189;70.6;69.2;5.8
68;2021-11-14;29;59;83;539210;527827;44272;70.7;69.2;5.8
68;2021-11-15;256;288;2263;539466;528115;46535;70.7;69.2;6.1
68;2021-11-16;384;332;2787;539850;528447;49322;70.7;69.2;6.5
68;2021-11-17;314;389;2741;540164;528836;52063;70.8;69.3;6.8
68;2021-11-18;237;349;2214;540401;529185;54277;70.8;69.3;7.1
68;2021-11-19;379;535;3499;540780;529720;57776;70.9;69.4;7.6
68;2021-11-20;182;275;1202;540962;529995;58978;70.9;69.4;7.7
68;2021-11-21;3;46;48;540965;530041;59026;70.9;69.4;7.7
68;2021-11-22;330;251;2264;541295;530292;61290;70.9;69.5;8.0
68;2021-11-23;419;288;3182;541714;530580;64472;71.0;69.5;8.4
68;2021-11-24;345;320;3046;542059;530900;67518;71.0;69.6;8.8
68;2021-11-25;309;347;3616;542368;531247;71134;71.1;69.6;9.3
68;2021-11-26;478;554;5614;542846;531801;76748;71.1;69.7;10.1
68;2021-11-27;200;329;2194;543046;532130;78942;71.2;69.7;10.3
68;2021-11-28;25;48;458;543071;532178;79400;71.2;69.7;10.4
68;2021-11-29;230;276;4078;543301;532454;83478;71.2;69.8;10.9
68;2021-11-30;322;286;5685;543623;532740;89163;71.2;69.8;11.7
68;2021-12-01;216;347;5509;543839;533087;94672;71.3;69.8;12.4
68;2021-12-02;228;246;7565;544067;533333;102237;71.3;69.9;13.4
68;2021-12-03;280;462;8402;544347;533795;110639;71.3;69.9;14.5
68;2021-12-04;177;287;3244;544524;534082;113883;71.3;70.0;14.9
68;2021-12-05;27;90;921;544551;534172;114804;71.4;70.0;15.0
68;2021-12-06;214;334;6219;544765;534506;121023;71.4;70.0;15.9
68;2021-12-07;236;320;7327;545001;534826;128350;71.4;70.1;16.8
68;2021-12-08;270;468;6747;545271;535294;135097;71.4;70.1;17.7
68;2021-12-09;256;342;8263;545527;535636;143360;71.5;70.2;18.8
68;2021-12-10;319;458;8844;545846;536094;152204;71.5;70.2;19.9
68;2021-12-11;210;267;3893;546056;536361;156097;71.5;70.3;20.5
68;2021-12-12;50;93;1109;546106;536454;157206;71.6;70.3;20.6
68;2021-12-13;248;351;6693;546354;536805;163899;71.6;70.3;21.5
68;2021-12-14;242;436;7746;546596;537241;171645;71.6;70.4;22.5
68;2021-12-15;267;514;7987;546863;537755;179632;71.7;70.5;23.5
68;2021-12-16;297;376;9038;547160;538131;188670;71.7;70.5;24.7
68;2021-12-17;297;501;9344;547457;538632;198014;71.7;70.6;25.9
68;2021-12-18;166;207;3738;547623;538839;201752;71.8;70.6;26.4
68;2021-12-19;62;86;1245;547685;538925;202997;71.8;70.6;26.6
68;2021-12-20;334;366;7447;548019;539291;210444;71.8;70.7;27.6
68;2021-12-21;427;431;8505;548446;539722;218949;71.9;70.7;28.7
68;2021-12-22;389;370;7322;548835;540092;226271;71.9;70.8;29.6
68;2021-12-23;371;306;5429;549206;540398;231700;72.0;70.8;30.4
68;2021-12-24;78;92;682;549284;540490;232382;72.0;70.8;30.4
68;2021-12-25;4;13;63;549288;540503;232445;72.0;70.8;30.5
68;2021-12-26;13;24;165;549301;540527;232610;72.0;70.8;30.5
68;2021-12-27;349;304;5781;549650;540831;238391;72.0;70.9;31.2
68;2021-12-28;393;319;6405;550043;541150;244796;72.1;70.9;32.1
69;2020-12-27;2;0;0;2;0;0;0.0;0.0;0.0
69;2020-12-28;10;1;0;12;1;0;0.0;0.0;0.0
69;2020-12-29;6;0;0;18;1;0;0.0;0.0;0.0
69;2020-12-30;6;1;0;24;2;0;0.0;0.0;0.0
69;2020-12-31;13;3;0;37;5;0;0.0;0.0;0.0
69;2021-01-01;2;0;0;39;5;0;0.0;0.0;0.0
69;2021-01-02;3;0;0;42;5;0;0.0;0.0;0.0
69;2021-01-03;4;2;0;46;7;0;0.0;0.0;0.0
69;2021-01-04;16;0;0;62;7;0;0.0;0.0;0.0
69;2021-01-05;199;7;0;261;14;0;0.0;0.0;0.0
69;2021-01-06;468;6;0;729;20;0;0.0;0.0;0.0
69;2021-01-07;737;5;0;1466;25;0;0.1;0.0;0.0
69;2021-01-08;750;1;0;2216;26;0;0.1;0.0;0.0
69;2021-01-09;47;3;0;2263;29;0;0.1;0.0;0.0
69;2021-01-10;3;1;0;2266;30;0;0.1;0.0;0.0
69;2021-01-11;1021;3;0;3287;33;0;0.2;0.0;0.0
69;2021-01-12;1283;9;0;4570;42;0;0.2;0.0;0.0
69;2021-01-13;1262;3;0;5832;45;0;0.3;0.0;0.0
69;2021-01-14;2121;23;0;7953;68;0;0.4;0.0;0.0
69;2021-01-15;1735;8;0;9688;76;0;0.5;0.0;0.0
69;2021-01-16;890;4;0;10578;80;0;0.6;0.0;0.0
69;2021-01-17;264;3;0;10842;83;0;0.6;0.0;0.0
69;2021-01-18;1694;16;0;12536;99;0;0.7;0.0;0.0
69;2021-01-19;3517;31;0;16053;130;0;0.9;0.0;0.0
69;2021-01-20;4253;32;0;20306;162;0;1.1;0.0;0.0
69;2021-01-21;3915;43;0;24221;205;0;1.3;0.0;0.0
69;2021-01-22;3011;29;0;27232;234;0;1.5;0.0;0.0
69;2021-01-23;1224;3;0;28456;237;0;1.5;0.0;0.0
69;2021-01-24;105;1;0;28561;238;0;1.5;0.0;0.0
69;2021-01-25;2082;47;0;30643;285;0;1.6;0.0;0.0
69;2021-01-26;2449;88;0;33092;373;0;1.8;0.0;0.0
69;2021-01-27;2234;176;0;35326;549;0;1.9;0.0;0.0
69;2021-01-28;2276;357;0;37602;906;0;2.0;0.0;0.0
69;2021-01-29;2051;280;0;39653;1186;0;2.1;0.1;0.0
69;2021-01-30;881;4;0;40534;1190;0;2.2;0.1;0.0
69;2021-01-31;63;1;0;40597;1191;0;2.2;0.1;0.0
69;2021-02-01;1078;377;0;41675;1568;0;2.2;0.1;0.0
69;2021-02-02;1559;426;0;43234;1994;0;2.3;0.1;0.0
69;2021-02-03;1382;528;0;44616;2522;0;2.4;0.1;0.0
69;2021-02-04;1749;907;0;46365;3429;0;2.5;0.2;0.0
69;2021-02-05;791;796;0;47156;4225;0;2.5;0.2;0.0
69;2021-02-06;385;58;0;47541;4283;0;2.5;0.2;0.0
69;2021-02-07;15;7;0;47556;4290;0;2.5;0.2;0.0
69;2021-02-08;1060;985;0;48616;5275;0;2.6;0.3;0.0
69;2021-02-09;1947;2041;0;50563;7316;0;2.7;0.4;0.0
69;2021-02-10;1819;2520;0;52382;9836;0;2.8;0.5;0.0
69;2021-02-11;1768;3101;0;54150;12937;0;2.9;0.7;0.0
69;2021-02-12;1776;1993;0;55926;14930;0;3.0;0.8;0.0
69;2021-02-13;425;751;0;56351;15681;0;3.0;0.8;0.0
69;2021-02-14;86;47;0;56437;15728;0;3.0;0.8;0.0
69;2021-02-15;945;1751;0;57382;17479;0;3.1;0.9;0.0
69;2021-02-16;973;2384;0;58355;19863;0;3.1;1.1;0.0
69;2021-02-17;987;2338;0;59342;22201;0;3.2;1.2;0.0
69;2021-02-18;952;2281;0;60294;24482;0;3.2;1.3;0.0
69;2021-02-19;878;1829;0;61172;26311;0;3.3;1.4;0.0
69;2021-02-20;323;917;0;61495;27228;0;3.3;1.5;0.0
69;2021-02-21;47;70;0;61542;27298;0;3.3;1.5;0.0
69;2021-02-22;573;2078;0;62115;29376;0;3.3;1.6;0.0
69;2021-02-23;733;2095;0;62848;31471;0;3.4;1.7;0.0
69;2021-02-24;1010;2175;0;63858;33646;0;3.4;1.8;0.0
69;2021-02-25;2141;2630;0;65999;36276;0;3.5;1.9;0.0
69;2021-02-26;2674;1822;0;68673;38098;0;3.7;2.0;0.0
69;2021-02-27;908;552;0;69581;38650;0;3.7;2.1;0.0
69;2021-02-28;125;95;0;69706;38745;0;3.7;2.1;0.0
69;2021-03-01;2150;925;0;71856;39670;0;3.8;2.1;0.0
69;2021-03-02;3195;1419;0;75051;41089;0;4.0;2.2;0.0
69;2021-03-03;3546;1247;0;78597;42336;0;4.2;2.3;0.0
69;2021-03-04;4728;1363;0;83325;43699;0;4.4;2.3;0.0
69;2021-03-05;5755;1285;0;89080;44984;0;4.7;2.4;0.0
69;2021-03-06;3383;423;0;92463;45407;0;4.9;2.4;0.0
69;2021-03-07;732;61;0;93195;45468;0;5.0;2.4;0.0
69;2021-03-08;2832;1103;0;96027;46571;0;5.1;2.5;0.0
69;2021-03-09;4491;1246;0;100518;47817;0;5.4;2.5;0.0
69;2021-03-10;4846;1029;0;105364;48846;0;5.6;2.6;0.0
69;2021-03-11;6439;1043;0;111803;49889;0;6.0;2.7;0.0
69;2021-03-12;8417;1191;0;120220;51080;0;6.4;2.7;0.0
69;2021-03-13;4597;264;0;124817;51344;0;6.7;2.7;0.0
69;2021-03-14;2467;150;0;127284;51494;0;6.8;2.7;0.0
69;2021-03-15;4527;724;0;131811;52218;0;7.0;2.8;0.0
69;2021-03-16;3654;724;0;135465;52942;0;7.2;2.8;0.0
69;2021-03-17;3816;922;0;139281;53864;0;7.4;2.9;0.0
69;2021-03-18;4693;1575;0;143974;55439;0;7.7;3.0;0.0
69;2021-03-19;6382;1031;0;150356;56470;0;8.0;3.0;0.0
69;2021-03-20;3486;255;0;153842;56725;0;8.2;3.0;0.0
69;2021-03-21;1800;96;0;155642;56821;0;8.3;3.0;0.0
69;2021-03-22;4424;815;0;160066;57636;0;8.5;3.1;0.0
69;2021-03-23;7043;857;0;167109;58493;0;8.9;3.1;0.0
69;2021-03-24;6239;1017;0;173348;59510;0;9.2;3.2;0.0
69;2021-03-25;8292;1142;0;181640;60652;0;9.7;3.2;0.0
69;2021-03-26;8553;1336;0;190193;61988;0;10.1;3.3;0.0
69;2021-03-27;3099;804;0;193292;62792;0;10.3;3.3;0.0
69;2021-03-28;2056;184;0;195348;62976;0;10.4;3.4;0.0
69;2021-03-29;4003;2134;0;199351;65110;0;10.6;3.5;0.0
69;2021-03-30;7384;2603;0;206735;67713;0;11.0;3.6;0.0
69;2021-03-31;6035;3100;0;212770;70813;0;11.3;3.8;0.0
69;2021-04-01;8088;2705;0;220858;73518;0;11.8;3.9;0.0
69;2021-04-02;7936;3103;0;228794;76621;0;12.2;4.1;0.0
69;2021-04-03;4993;2070;0;233787;78691;0;12.5;4.2;0.0
69;2021-04-04;5908;536;0;239695;79227;0;12.8;4.2;0.0
69;2021-04-05;5507;774;0;245202;80001;0;13.1;4.3;0.0
69;2021-04-06;4988;3379;0;250190;83380;0;13.3;4.4;0.0
69;2021-04-07;5142;3750;0;255332;87130;0;13.6;4.6;0.0
69;2021-04-08;6326;3917;0;261658;91047;0;13.9;4.9;0.0
69;2021-04-09;9167;3764;0;270825;94811;0;14.4;5.1;0.0
69;2021-04-10;2994;2382;0;273819;97193;0;14.6;5.2;0.0
69;2021-04-11;1894;1741;0;275713;98934;0;14.7;5.3;0.0
69;2021-04-12;5310;3517;0;281023;102451;0;15.0;5.5;0.0
69;2021-04-13;7018;4016;0;288041;106467;0;15.4;5.7;0.0
69;2021-04-14;6618;4044;0;294659;110511;0;15.7;5.9;0.0
69;2021-04-15;7736;4442;0;302395;114953;0;16.1;6.1;0.0
69;2021-04-16;7784;4393;0;310179;119346;0;16.5;6.4;0.0
69;2021-04-17;4767;2226;0;314946;121572;0;16.8;6.5;0.0
69;2021-04-18;1698;1659;0;316644;123231;0;16.9;6.6;0.0
69;2021-04-19;6640;3668;0;323284;126899;0;17.2;6.8;0.0
69;2021-04-20;6454;4550;0;329738;131449;0;17.6;7.0;0.0
69;2021-04-21;5698;4289;0;335436;135738;0;17.9;7.2;0.0
69;2021-04-22;6341;5199;0;341777;140937;0;18.2;7.5;0.0
69;2021-04-23;6672;4759;0;348449;145696;0;18.6;7.8;0.0
69;2021-04-24;3229;2016;0;351678;147712;0;18.7;7.9;0.0
69;2021-04-25;2123;1468;0;353801;149180;0;18.9;8.0;0.0
69;2021-04-26;4590;3796;0;358391;152976;0;19.1;8.2;0.0
69;2021-04-27;6621;5110;0;365012;158086;0;19.5;8.4;0.0
69;2021-04-28;6370;4698;0;371382;162784;0;19.8;8.7;0.0
69;2021-04-29;6771;5269;0;378153;168053;0;20.2;9.0;0.0
69;2021-04-30;7091;5986;0;385244;174039;0;20.5;9.3;0.0
69;2021-05-01;3385;635;0;388629;174674;0;20.7;9.3;0.0
69;2021-05-02;1584;5210;0;390213;179884;0;20.8;9.6;0.0
69;2021-05-03;5747;7607;0;395960;187491;0;21.1;10.0;0.0
69;2021-05-04;7371;7606;0;403331;195097;0;21.5;10.4;0.0
69;2021-05-05;10390;5493;0;413721;200590;0;22.1;10.7;0.0
69;2021-05-06;11434;6052;0;425155;206642;0;22.7;11.0;0.0
69;2021-05-07;10829;6976;0;435984;213618;0;23.2;11.4;0.0
69;2021-05-08;4279;1588;0;440263;215206;0;23.5;11.5;0.0
69;2021-05-09;5938;2510;0;446201;217716;0;23.8;11.6;0.0
69;2021-05-10;6797;5983;0;452998;223699;0;24.1;11.9;0.0
69;2021-05-11;9860;6838;0;462858;230537;0;24.7;12.3;0.0
69;2021-05-12;12036;6599;0;474894;237136;0;25.3;12.6;0.0
69;2021-05-13;10779;2471;0;485673;239607;0;25.9;12.8;0.0
69;2021-05-14;12453;5130;0;498126;244737;0;26.6;13.0;0.0
69;2021-05-15;9207;2572;0;507333;247309;0;27.0;13.2;0.0
69;2021-05-16;8032;1756;0;515365;249065;0;27.5;13.3;0.0
69;2021-05-17;11056;5409;0;526421;254474;0;28.1;13.6;0.0
69;2021-05-18;12949;6054;0;539370;260528;0;28.8;13.9;0.0
69;2021-05-19;13222;5570;0;552592;266098;0;29.5;14.2;0.0
69;2021-05-20;11599;5827;0;564191;271925;0;30.1;14.5;0.0
69;2021-05-21;11491;6485;0;575682;278410;0;30.7;14.8;0.0
69;2021-05-22;7227;2586;0;582909;280996;0;31.1;15.0;0.0
69;2021-05-23;5166;1498;0;588075;282494;0;31.3;15.1;0.0
69;2021-05-24;9106;1961;0;597181;284455;0;31.8;15.2;0.0
69;2021-05-25;10341;6145;0;607522;290600;0;32.4;15.5;0.0
69;2021-05-26;10971;6008;0;618493;296608;0;33.0;15.8;0.0
69;2021-05-27;10935;6639;0;629428;303247;0;33.6;16.2;0.0
69;2021-05-28;11759;8570;0;641187;311817;0;34.2;16.6;0.0
69;2021-05-29;8452;5760;0;649639;317577;0;34.6;16.9;0.0
69;2021-05-30;7222;2872;0;656861;320449;0;35.0;17.1;0.0
69;2021-05-31;11191;6259;0;668052;326708;0;35.6;17.4;0.0
69;2021-06-01;12128;7336;0;680180;334044;0;36.3;17.8;0.0
69;2021-06-02;14225;6538;0;694405;340582;0;37.0;18.2;0.0
69;2021-06-03;15814;7211;0;710219;347793;0;37.9;18.5;0.0
69;2021-06-04;13507;8509;0;723726;356302;0;38.6;19.0;0.0
69;2021-06-05;10245;3536;0;733971;359838;0;39.1;19.2;0.0
69;2021-06-06;6984;1679;0;740955;361517;0;39.5;19.3;0.0
69;2021-06-07;11987;6903;0;752942;368420;0;40.1;19.6;0.0
69;2021-06-08;14544;8023;0;767486;376443;0;40.9;20.1;0.0
69;2021-06-09;13614;7239;0;781100;383682;0;41.6;20.5;0.0
69;2021-06-10;14358;7085;0;795458;390767;0;42.4;20.8;0.0
69;2021-06-11;14341;9490;0;809799;400257;0;43.2;21.3;0.0
69;2021-06-12;7905;4219;0;817704;404476;0;43.6;21.6;0.0
69;2021-06-13;4870;2016;0;822574;406492;0;43.8;21.7;0.0
69;2021-06-14;7261;8869;0;829835;415361;0;44.2;22.1;0.0
69;2021-06-15;9326;10612;0;839161;425973;0;44.7;22.7;0.0
69;2021-06-16;9549;11576;0;848710;437549;0;45.2;23.3;0.0
69;2021-06-17;9770;12395;0;858480;449944;0;45.8;24.0;0.0
69;2021-06-18;9977;14133;0;868457;464077;0;46.3;24.7;0.0
69;2021-06-19;5955;8276;0;874412;472353;0;46.6;25.2;0.0
69;2021-06-20;4409;4444;0;878821;476797;0;46.8;25.4;0.0
69;2021-06-21;5362;12085;0;884183;488882;0;47.1;26.1;0.0
69;2021-06-22;6196;13318;0;890379;502200;0;47.5;26.8;0.0
69;2021-06-23;7052;12637;0;897431;514837;0;47.8;27.4;0.0
69;2021-06-24;7634;13010;0;905065;527847;0;48.2;28.1;0.0
69;2021-06-25;6391;15950;0;911456;543797;0;48.6;29.0;0.0
69;2021-06-26;3570;9591;0;915026;553388;0;48.8;29.5;0.0
69;2021-06-27;2883;6993;0;917909;560381;0;48.9;29.9;0.0
69;2021-06-28;3991;14717;0;921900;575098;0;49.1;30.7;0.0
69;2021-06-29;4801;15256;0;926701;590354;0;49.4;31.5;0.0
69;2021-06-30;5927;14071;0;932628;604425;0;49.7;32.2;0.0
69;2021-07-01;7515;11984;0;940143;616409;0;50.1;32.9;0.0
69;2021-07-02;6502;14403;0;946645;630812;0;50.5;33.6;0.0
69;2021-07-03;5078;8894;0;951723;639706;0;50.7;34.1;0.0
69;2021-07-04;3475;5487;0;955198;645193;0;50.9;34.4;0.0
69;2021-07-05;5526;13245;0;960724;658438;0;51.2;35.1;0.0
69;2021-07-06;5443;14259;0;966167;672697;0;51.5;35.9;0.0
69;2021-07-07;6987;13419;0;973154;686116;0;51.9;36.6;0.0
69;2021-07-08;7169;13100;0;980323;699216;0;52.3;37.3;0.0
69;2021-07-09;7069;16265;0;987392;715481;0;52.6;38.1;0.0
69;2021-07-10;2982;10890;0;990374;726371;0;52.8;38.7;0.0
69;2021-07-11;3624;5433;0;993998;731804;0;53.0;39.0;0.0
69;2021-07-12;3921;16488;0;997919;748292;0;53.2;39.9;0.0
69;2021-07-13;6312;18540;0;1004231;766832;0;53.5;40.9;0.0
69;2021-07-14;5044;6547;0;1009275;773379;0;53.8;41.2;0.0
69;2021-07-15;7937;18514;0;1017212;791893;0;54.2;42.2;0.0
69;2021-07-16;9754;17533;0;1026966;809426;0;54.7;43.1;0.0
69;2021-07-17;5112;10935;0;1032078;820361;0;55.0;43.7;0.0
69;2021-07-18;3138;7391;0;1035216;827752;0;55.2;44.1;0.0
69;2021-07-19;6878;14928;0;1042094;842680;0;55.5;44.9;0.0
69;2021-07-20;9352;17001;0;1051446;859681;0;56.0;45.8;0.0
69;2021-07-21;9685;15827;0;1061131;875508;0;56.6;46.7;0.0
69;2021-07-22;11533;15320;0;1072664;890828;0;57.2;47.5;0.0
69;2021-07-23;11000;15735;3;1083664;906563;3;57.8;48.3;0.0
69;2021-07-24;6003;9980;0;1089667;916543;3;58.1;48.9;0.0
69;2021-07-25;4242;5690;0;1093909;922233;3;58.3;49.2;0.0
69;2021-07-26;8736;11742;0;1102645;933975;3;58.8;49.8;0.0
69;2021-07-27;12572;11754;1;1115217;945729;4;59.4;50.4;0.0
69;2021-07-28;11729;11170;0;1126946;956899;4;60.1;51.0;0.0
69;2021-07-29;13898;10868;1;1140844;967767;5;60.8;51.6;0.0
69;2021-07-30;13188;11196;1;1154032;978963;6;61.5;52.2;0.0
69;2021-07-31;7740;6680;0;1161772;985643;6;61.9;52.5;0.0
69;2021-08-01;4431;4461;0;1166203;990104;6;62.2;52.8;0.0
69;2021-08-02;10785;8337;0;1176988;998441;6;62.7;53.2;0.0
69;2021-08-03;12145;7672;0;1189133;1006113;6;63.4;53.6;0.0
69;2021-08-04;11656;7411;0;1200789;1013524;6;64.0;54.0;0.0
69;2021-08-05;10352;7149;0;1211141;1020673;6;64.6;54.4;0.0
69;2021-08-06;9295;7609;0;1220436;1028282;6;65.1;54.8;0.0
69;2021-08-07;4481;4446;1;1224917;1032728;7;65.3;55.0;0.0
69;2021-08-08;3590;3176;0;1228507;1035904;7;65.5;55.2;0.0
69;2021-08-09;6823;8603;0;1235330;1044507;7;65.8;55.7;0.0
69;2021-08-10;7434;6935;0;1242764;1051442;7;66.2;56.0;0.0
69;2021-08-11;7138;7457;0;1249902;1058899;7;66.6;56.4;0.0
69;2021-08-12;6560;6899;0;1256462;1065798;7;67.0;56.8;0.0
69;2021-08-13;6141;8087;0;1262603;1073885;7;67.3;57.2;0.0
69;2021-08-14;3919;5144;0;1266522;1079029;7;67.5;57.5;0.0
69;2021-08-15;2094;2242;0;1268616;1081271;7;67.6;57.6;0.0
69;2021-08-16;4898;8855;0;1273514;1090126;7;67.9;58.1;0.0
69;2021-08-17;5827;8227;0;1279341;1098353;7;68.2;58.5;0.0
69;2021-08-18;5523;9197;0;1284864;1107550;7;68.5;59.0;0.0
69;2021-08-19;5470;8884;0;1290334;1116434;7;68.8;59.5;0.0
69;2021-08-20;5345;8686;0;1295679;1125120;7;69.1;60.0;0.0
69;2021-08-21;2467;4001;0;1298146;1129121;7;69.2;60.2;0.0
69;2021-08-22;1610;2206;0;1299756;1131327;7;69.3;60.3;0.0
69;2021-08-23;3388;11556;0;1303144;1142883;7;69.5;60.9;0.0
69;2021-08-24;4405;12099;0;1307549;1154982;7;69.7;61.6;0.0
69;2021-08-25;3880;11449;0;1311429;1166431;7;69.9;62.2;0.0
69;2021-08-26;3844;10080;0;1315273;1176511;7;70.1;62.7;0.0
69;2021-08-27;3934;12789;0;1319207;1189300;7;70.3;63.4;0.0
69;2021-08-28;1695;7406;0;1320902;1196706;7;70.4;63.8;0.0
69;2021-08-29;1090;5371;0;1321992;1202077;7;70.5;64.1;0.0
69;2021-08-30;3015;10160;88;1325007;1212237;95;70.6;64.6;0.0
69;2021-08-31;3584;8623;199;1328591;1220860;294;70.8;65.1;0.0
69;2021-09-01;3932;7915;381;1332523;1228775;675;71.0;65.5;0.0
69;2021-09-02;3746;6949;902;1336269;1235724;1577;71.2;65.9;0.1
69;2021-09-03;3584;8928;855;1339853;1244652;2432;71.4;66.3;0.1
69;2021-09-04;1978;6908;214;1341831;1251560;2646;71.5;66.7;0.1
69;2021-09-05;1121;2897;230;1342952;1254457;2876;71.6;66.9;0.2
69;2021-09-06;2165;5009;819;1345117;1259466;3695;71.7;67.1;0.2
69;2021-09-07;1988;4588;957;1347105;1264054;4652;71.8;67.4;0.2
69;2021-09-08;2441;5358;705;1349546;1269412;5357;71.9;67.7;0.3
69;2021-09-09;2131;4472;1005;1351677;1273884;6362;72.0;67.9;0.3
69;2021-09-10;2422;5395;1056;1354099;1279279;7418;72.2;68.2;0.4
69;2021-09-11;1476;4153;219;1355575;1283432;7637;72.3;68.4;0.4
69;2021-09-12;409;1715;112;1355984;1285147;7749;72.3;68.5;0.4
69;2021-09-13;1510;3520;1045;1357494;1288667;8794;72.4;68.7;0.5
69;2021-09-14;1615;3137;1505;1359109;1291804;10299;72.4;68.9;0.5
69;2021-09-15;1783;4172;1207;1360892;1295976;11506;72.5;69.1;0.6
69;2021-09-16;1425;2680;1527;1362317;1298656;13033;72.6;69.2;0.7
69;2021-09-17;1643;4104;1586;1363960;1302760;14619;72.7;69.4;0.8
69;2021-09-18;1006;3504;265;1364966;1306264;14884;72.8;69.6;0.8
69;2021-09-19;383;1188;121;1365349;1307452;15005;72.8;69.7;0.8
69;2021-09-20;895;2370;1041;1366244;1309822;16046;72.8;69.8;0.9
69;2021-09-21;880;2622;1472;1367124;1312444;17518;72.9;70.0;0.9
69;2021-09-22;1033;3568;1099;1368157;1316012;18617;72.9;70.1;1.0
69;2021-09-23;804;2519;1469;1368961;1318531;20086;73.0;70.3;1.1
69;2021-09-24;1155;3481;1076;1370116;1322012;21162;73.0;70.5;1.1
69;2021-09-25;666;2333;228;1370782;1324345;21390;73.1;70.6;1.1
69;2021-09-26;265;959;64;1371047;1325304;21454;73.1;70.6;1.1
69;2021-09-27;604;1735;967;1371651;1327039;22421;73.1;70.7;1.2
69;2021-09-28;773;1698;1312;1372424;1328737;23733;73.2;70.8;1.3
69;2021-09-29;1026;2737;1223;1373450;1331474;24956;73.2;71.0;1.3
69;2021-09-30;876;1864;1297;1374326;1333338;26253;73.3;71.1;1.4
69;2021-10-01;1755;2987;1770;1376081;1336325;28023;73.3;71.2;1.5
69;2021-10-02;925;1875;406;1377006;1338200;28429;73.4;71.3;1.5
69;2021-10-03;258;516;160;1377264;1338716;28589;73.4;71.4;1.5
69;2021-10-04;931;1654;1376;1378195;1340370;29965;73.5;71.4;1.6
69;2021-10-05;769;1331;1509;1378964;1341701;31474;73.5;71.5;1.7
69;2021-10-06;1074;2015;1605;1380038;1343716;33079;73.6;71.6;1.8
69;2021-10-07;820;1403;1765;1380858;1345119;34844;73.6;71.7;1.9
69;2021-10-08;1225;2146;2191;1382083;1347265;37035;73.7;71.8;2.0
69;2021-10-09;653;1212;584;1382736;1348477;37619;73.7;71.9;2.0
69;2021-10-10;69;271;132;1382805;1348748;37751;73.7;71.9;2.0
69;2021-10-11;596;1200;1487;1383401;1349948;39238;73.7;72.0;2.1
69;2021-10-12;695;1046;1778;1384096;1350994;41016;73.8;72.0;2.2
69;2021-10-13;1062;1682;2266;1385158;1352676;43282;73.8;72.1;2.3
69;2021-10-14;768;1207;2250;1385926;1353883;45532;73.9;72.2;2.4
69;2021-10-15;1098;1706;2878;1387024;1355589;48410;73.9;72.3;2.6
69;2021-10-16;704;1130;751;1387728;1356719;49161;74.0;72.3;2.6
69;2021-10-17;31;157;64;1387759;1356876;49225;74.0;72.3;2.6
69;2021-10-18;538;812;1876;1388297;1357688;51101;74.0;72.4;2.7
69;2021-10-19;296;729;2176;1388593;1358417;53277;74.0;72.4;2.8
69;2021-10-20;585;1178;2889;1389178;1359595;56166;74.0;72.5;3.0
69;2021-10-21;338;842;2721;1389516;1360437;58887;74.1;72.5;3.1
69;2021-10-22;514;1280;3082;1390030;1361717;61969;74.1;72.6;3.3
69;2021-10-23;456;989;1176;1390486;1362706;63145;74.1;72.6;3.4
69;2021-10-24;21;87;89;1390507;1362793;63234;74.1;72.6;3.4
69;2021-10-25;340;722;2128;1390847;1363515;65362;74.1;72.7;3.5
69;2021-10-26;307;621;2154;1391154;1364136;67516;74.2;72.7;3.6
69;2021-10-27;477;1186;3334;1391631;1365322;70850;74.2;72.8;3.8
69;2021-10-28;373;719;2687;1392004;1366041;73537;74.2;72.8;3.9
69;2021-10-29;438;1025;3376;1392442;1367066;76913;74.2;72.9;4.1
69;2021-10-30;226;609;1049;1392668;1367675;77962;74.2;72.9;4.2
69;2021-10-31;26;69;69;1392694;1367744;78031;74.2;72.9;4.2
69;2021-11-01;112;48;24;1392806;1367792;78055;74.2;72.9;4.2
69;2021-11-02;323;749;2261;1393129;1368541;80316;74.3;72.9;4.3
69;2021-11-03;427;971;3716;1393556;1369512;84032;74.3;73.0;4.5
69;2021-11-04;348;722;3416;1393904;1370234;87448;74.3;73.0;4.7
69;2021-11-05;472;995;4454;1394376;1371229;91902;74.3;73.1;4.9
69;2021-11-06;231;604;1352;1394607;1371833;93254;74.3;73.1;5.0
69;2021-11-07;24;49;102;1394631;1371882;93356;74.3;73.1;5.0
69;2021-11-08;203;569;3165;1394834;1372451;96521;74.3;73.2;5.1
69;2021-11-09;221;510;4116;1395055;1372961;100637;74.4;73.2;5.4
69;2021-11-10;458;845;4954;1395513;1373806;105591;74.4;73.2;5.6
69;2021-11-11;80;120;714;1395593;1373926;106305;74.4;73.2;5.7
69;2021-11-12;415;649;5913;1396008;1374575;112218;74.4;73.3;6.0
69;2021-11-13;285;440;1959;1396293;1375015;114177;74.4;73.3;6.1
69;2021-11-14;17;35;165;1396310;1375050;114342;74.4;73.3;6.1
69;2021-11-15;213;442;3943;1396523;1375492;118285;74.4;73.3;6.3
69;2021-11-16;278;478;5076;1396801;1375970;123361;74.5;73.3;6.6
69;2021-11-17;446;673;5512;1397247;1376643;128873;74.5;73.4;6.9
69;2021-11-18;251;419;5754;1397498;1377062;134627;74.5;73.4;7.2
69;2021-11-19;497;727;7569;1397995;1377789;142196;74.5;73.4;7.6
69;2021-11-20;337;375;2224;1398332;1378164;144420;74.5;73.5;7.7
69;2021-11-21;26;71;147;1398358;1378235;144567;74.5;73.5;7.7
69;2021-11-22;284;354;4624;1398642;1378589;149191;74.6;73.5;8.0
69;2021-11-23;282;346;5309;1398924;1378935;154500;74.6;73.5;8.2
69;2021-11-24;471;612;6186;1399395;1379547;160686;74.6;73.5;8.6
69;2021-11-25;296;426;7263;1399691;1379973;167949;74.6;73.6;9.0
69;2021-11-26;402;599;11820;1400093;1380572;179769;74.6;73.6;9.6
69;2021-11-27;369;549;6276;1400462;1381121;186045;74.6;73.6;9.9
69;2021-11-28;32;69;584;1400494;1381190;186629;74.7;73.6;9.9
69;2021-11-29;209;322;8174;1400703;1381512;194803;74.7;73.6;10.4
69;2021-11-30;248;384;10781;1400951;1381896;205584;74.7;73.7;11.0
69;2021-12-01;325;526;11852;1401276;1382422;217436;74.7;73.7;11.6
69;2021-12-02;264;346;14240;1401540;1382768;231676;74.7;73.7;12.3
69;2021-12-03;306;544;17492;1401846;1383312;249168;74.7;73.7;13.3
69;2021-12-04;187;415;9278;1402033;1383727;258446;74.7;73.8;13.8
69;2021-12-05;32;88;3260;1402065;1383815;261706;74.7;73.8;13.9
69;2021-12-06;199;398;12742;1402264;1384213;274448;74.7;73.8;14.6
69;2021-12-07;255;438;16309;1402519;1384651;290757;74.8;73.8;15.5
69;2021-12-08;330;581;13976;1402849;1385232;304733;74.8;73.8;16.2
69;2021-12-09;249;403;17063;1403098;1385635;321796;74.8;73.9;17.2
69;2021-12-10;307;538;19652;1403405;1386173;341448;74.8;73.9;18.2
69;2021-12-11;209;408;9160;1403614;1386581;350608;74.8;73.9;18.7
69;2021-12-12;41;98;2882;1403655;1386679;353490;74.8;73.9;18.8
69;2021-12-13;254;426;17277;1403909;1387105;370767;74.8;73.9;19.8
69;2021-12-14;288;398;21485;1404197;1387503;392252;74.8;74.0;20.9
69;2021-12-15;314;541;19013;1404511;1388044;411265;74.9;74.0;21.9
69;2021-12-16;314;473;22745;1404825;1388517;434010;74.9;74.0;23.1
69;2021-12-17;375;564;25266;1405200;1389081;459276;74.9;74.0;24.5
69;2021-12-18;223;341;12357;1405423;1389422;471633;74.9;74.1;25.1
69;2021-12-19;119;114;7509;1405542;1389536;479142;74.9;74.1;25.5
69;2021-12-20;353;558;20158;1405895;1390094;499300;74.9;74.1;26.6
69;2021-12-21;534;534;22119;1406429;1390628;521419;75.0;74.1;27.8
69;2021-12-22;494;521;19708;1406923;1391149;541127;75.0;74.2;28.8
69;2021-12-23;412;424;16308;1407335;1391573;557435;75.0;74.2;29.7
69;2021-12-24;146;183;5559;1407481;1391756;562994;75.0;74.2;30.0
69;2021-12-25;9;30;412;1407490;1391786;563406;75.0;74.2;30.0
69;2021-12-26;40;59;1895;1407530;1391845;565301;75.0;74.2;30.1
69;2021-12-27;318;395;14790;1407848;1392240;580091;75.0;74.2;30.9
69;2021-12-28;421;461;18074;1408269;1392701;598165;75.1;74.2;31.9
70;2020-12-27;0;0;0;0;0;0;0.0;0.0;0.0
70;2020-12-28;0;0;0;0;0;0;0.0;0.0;0.0
70;2020-12-29;0;0;0;0;0;0;0.0;0.0;0.0
70;2020-12-30;0;0;0;0;0;0;0.0;0.0;0.0
70;2020-12-31;0;0;0;0;0;0;0.0;0.0;0.0
70;2021-01-01;1;0;0;1;0;0;0.0;0.0;0.0
70;2021-01-02;0;0;0;1;0;0;0.0;0.0;0.0
70;2021-01-03;0;0;0;1;0;0;0.0;0.0;0.0
70;2021-01-04;0;0;0;1;0;0;0.0;0.0;0.0
70;2021-01-05;2;1;0;3;1;0;0.0;0.0;0.0
70;2021-01-06;26;0;0;29;1;0;0.0;0.0;0.0
70;2021-01-07;129;0;0;158;1;0;0.1;0.0;0.0
70;2021-01-08;67;0;0;225;1;0;0.1;0.0;0.0
70;2021-01-09;19;1;0;244;2;0;0.1;0.0;0.0
70;2021-01-10;0;0;0;244;2;0;0.1;0.0;0.0
70;2021-01-11;175;1;0;419;3;0;0.2;0.0;0.0
70;2021-01-12;240;2;0;659;5;0;0.3;0.0;0.0
70;2021-01-13;219;2;0;878;7;0;0.4;0.0;0.0
70;2021-01-14;214;5;0;1092;12;0;0.5;0.0;0.0
70;2021-01-15;218;3;0;1310;15;0;0.6;0.0;0.0
70;2021-01-16;81;0;0;1391;15;0;0.6;0.0;0.0
70;2021-01-17;7;0;0;1398;15;0;0.6;0.0;0.0
70;2021-01-18;418;0;0;1816;15;0;0.8;0.0;0.0
70;2021-01-19;493;2;0;2309;17;0;1.0;0.0;0.0
70;2021-01-20;495;1;0;2804;18;0;1.2;0.0;0.0
70;2021-01-21;671;3;0;3475;21;0;1.5;0.0;0.0
70;2021-01-22;503;3;0;3978;24;0;1.7;0.0;0.0
70;2021-01-23;250;2;0;4228;26;0;1.8;0.0;0.0
70;2021-01-24;13;0;0;4241;26;0;1.8;0.0;0.0
70;2021-01-25;382;1;0;4623;27;0;2.0;0.0;0.0
70;2021-01-26;366;3;0;4989;30;0;2.1;0.0;0.0
70;2021-01-27;344;14;0;5333;44;0;2.3;0.0;0.0
70;2021-01-28;351;39;0;5684;83;0;2.4;0.0;0.0
70;2021-01-29;329;86;0;6013;169;0;2.6;0.1;0.0
70;2021-01-30;249;20;0;6262;189;0;2.7;0.1;0.0
70;2021-01-31;1;0;0;6263;189;0;2.7;0.1;0.0
70;2021-02-01;261;58;0;6524;247;0;2.8;0.1;0.0
70;2021-02-02;290;128;0;6814;375;0;2.9;0.2;0.0
70;2021-02-03;261;87;0;7075;462;0;3.0;0.2;0.0
70;2021-02-04;288;157;0;7363;619;0;3.2;0.3;0.0
70;2021-02-05;263;117;0;7626;736;0;3.3;0.3;0.0
70;2021-02-06;212;45;0;7838;781;0;3.4;0.3;0.0
70;2021-02-07;0;0;0;7838;781;0;3.4;0.3;0.0
70;2021-02-08;184;250;0;8022;1031;0;3.4;0.4;0.0
70;2021-02-09;211;245;0;8233;1276;0;3.5;0.5;0.0
70;2021-02-10;243;294;0;8476;1570;0;3.6;0.7;0.0
70;2021-02-11;377;365;0;8853;1935;0;3.8;0.8;0.0
70;2021-02-12;228;500;0;9081;2435;0;3.9;1.0;0.0
70;2021-02-13;93;223;0;9174;2658;0;3.9;1.1;0.0
70;2021-02-14;1;31;0;9175;2689;0;3.9;1.2;0.0
70;2021-02-15;82;383;0;9257;3072;0;4.0;1.3;0.0
70;2021-02-16;115;440;0;9372;3512;0;4.0;1.5;0.0
70;2021-02-17;172;362;0;9544;3874;0;4.1;1.7;0.0
70;2021-02-18;213;299;0;9757;4173;0;4.2;1.8;0.0
70;2021-02-19;195;230;0;9952;4403;0;4.3;1.9;0.0
70;2021-02-20;193;91;0;10145;4494;0;4.4;1.9;0.0
70;2021-02-21;3;9;0;10148;4503;0;4.4;1.9;0.0
70;2021-02-22;114;246;0;10262;4749;0;4.4;2.0;0.0
70;2021-02-23;129;271;0;10391;5020;0;4.5;2.2;0.0
70;2021-02-24;157;267;0;10548;5287;0;4.5;2.3;0.0
70;2021-02-25;348;262;0;10896;5549;0;4.7;2.4;0.0
70;2021-02-26;392;184;0;11288;5733;0;4.8;2.5;0.0
70;2021-02-27;157;224;0;11445;5957;0;4.9;2.6;0.0
70;2021-02-28;0;3;0;11445;5960;0;4.9;2.6;0.0
70;2021-03-01;275;254;0;11720;6214;0;5.0;2.7;0.0
70;2021-03-02;497;290;0;12217;6504;0;5.2;2.8;0.0
70;2021-03-03;483;270;0;12700;6774;0;5.4;2.9;0.0
70;2021-03-04;695;297;0;13395;7071;0;5.7;3.0;0.0
70;2021-03-05;787;276;0;14182;7347;0;6.1;3.2;0.0
70;2021-03-06;546;121;0;14728;7468;0;6.3;3.2;0.0
70;2021-03-07;230;24;0;14958;7492;0;6.4;3.2;0.0
70;2021-03-08;564;243;0;15522;7735;0;6.7;3.3;0.0
70;2021-03-09;861;221;0;16383;7956;0;7.0;3.4;0.0
70;2021-03-10;654;215;0;17037;8171;0;7.3;3.5;0.0
70;2021-03-11;786;270;0;17823;8441;0;7.6;3.6;0.0
70;2021-03-12;1055;183;0;18878;8624;0;8.1;3.7;0.0
70;2021-03-13;614;128;0;19492;8752;0;8.4;3.8;0.0
70;2021-03-14;22;4;0;19514;8756;0;8.4;3.8;0.0
70;2021-03-15;748;107;0;20262;8863;0;8.7;3.8;0.0
70;2021-03-16;651;103;0;20913;8966;0;9.0;3.8;0.0
70;2021-03-17;580;179;0;21493;9145;0;9.2;3.9;0.0
70;2021-03-18;645;148;0;22138;9293;0;9.5;4.0;0.0
70;2021-03-19;982;150;0;23120;9443;0;9.9;4.0;0.0
70;2021-03-20;652;187;0;23772;9630;0;10.2;4.1;0.0
70;2021-03-21;13;0;0;23785;9630;0;10.2;4.1;0.0
70;2021-03-22;808;100;0;24593;9730;0;10.5;4.2;0.0
70;2021-03-23;1318;174;0;25911;9904;0;11.1;4.2;0.0
70;2021-03-24;1279;113;0;27190;10017;0;11.7;4.3;0.0
70;2021-03-25;1283;200;0;28473;10217;0;12.2;4.4;0.0
70;2021-03-26;1540;305;0;30013;10522;0;12.9;4.5;0.0
70;2021-03-27;984;123;0;30997;10645;0;13.3;4.6;0.0
70;2021-03-28;10;14;0;31007;10659;0;13.3;4.6;0.0
70;2021-03-29;734;399;0;31741;11058;0;13.6;4.7;0.0
70;2021-03-30;1095;289;0;32836;11347;0;14.1;4.9;0.0
70;2021-03-31;934;310;0;33770;11657;0;14.5;5.0;0.0
70;2021-04-01;1169;415;0;34939;12072;0;15.0;5.2;0.0
70;2021-04-02;1272;330;0;36211;12402;0;15.5;5.3;0.0
70;2021-04-03;617;307;0;36828;12709;0;15.8;5.4;0.0
70;2021-04-04;9;3;0;36837;12712;0;15.8;5.5;0.0
70;2021-04-05;11;2;0;36848;12714;0;15.8;5.5;0.0
70;2021-04-06;822;543;0;37670;13257;0;16.2;5.7;0.0
70;2021-04-07;862;580;0;38532;13837;0;16.5;5.9;0.0
70;2021-04-08;1336;553;0;39868;14390;0;17.1;6.2;0.0
70;2021-04-09;1446;567;0;41314;14957;0;17.7;6.4;0.0
70;2021-04-10;847;319;0;42161;15276;0;18.1;6.6;0.0
70;2021-04-11;32;7;0;42193;15283;0;18.1;6.6;0.0
70;2021-04-12;712;667;0;42905;15950;0;18.4;6.8;0.0
70;2021-04-13;992;779;0;43897;16729;0;18.8;7.2;0.0
70;2021-04-14;859;566;0;44756;17295;0;19.2;7.4;0.0
70;2021-04-15;1161;610;0;45917;17905;0;19.7;7.7;0.0
70;2021-04-16;1271;551;0;47188;18456;0;20.2;7.9;0.0
70;2021-04-17;684;469;0;47872;18925;0;20.5;8.1;0.0
70;2021-04-18;62;6;0;47934;18931;0;20.6;8.1;0.0
70;2021-04-19;577;845;0;48511;19776;0;20.8;8.5;0.0
70;2021-04-20;737;855;0;49248;20631;0;21.1;8.8;0.0
70;2021-04-21;565;905;0;49813;21536;0;21.4;9.2;0.0
70;2021-04-22;844;854;0;50657;22390;0;21.7;9.6;0.0
70;2021-04-23;926;800;0;51583;23190;0;22.1;9.9;0.0
70;2021-04-24;457;650;0;52040;23840;0;22.3;10.2;0.0
70;2021-04-25;17;7;0;52057;23847;0;22.3;10.2;0.0
70;2021-04-26;1064;647;0;53121;24494;0;22.8;10.5;0.0
70;2021-04-27;1220;800;0;54341;25294;0;23.3;10.8;0.0
70;2021-04-28;958;821;0;55299;26115;0;23.7;11.2;0.0
70;2021-04-29;1407;914;0;56706;27029;0;24.3;11.6;0.0
70;2021-04-30;1585;907;0;58291;27936;0;25.0;12.0;0.0
70;2021-05-01;1583;130;0;59874;28066;0;25.7;12.0;0.0
70;2021-05-02;33;5;0;59907;28071;0;25.7;12.0;0.0
70;2021-05-03;1238;563;0;61145;28634;0;26.2;12.3;0.0
70;2021-05-04;1336;793;0;62481;29427;0;26.8;12.6;0.0
70;2021-05-05;1217;887;0;63698;30314;0;27.3;13.0;0.0
70;2021-05-06;1852;1288;0;65550;31602;0;28.1;13.6;0.0
70;2021-05-07;2089;1297;0;67639;32899;0;29.0;14.1;0.0
70;2021-05-08;1224;189;0;68863;33088;0;29.5;14.2;0.0
70;2021-05-09;38;64;0;68901;33152;0;29.5;14.2;0.0
70;2021-05-10;1049;970;0;69950;34122;0;30.0;14.6;0.0
70;2021-05-11;1279;1128;0;71229;35250;0;30.5;15.1;0.0
70;2021-05-12;1211;901;0;72440;36151;0;31.1;15.5;0.0
70;2021-05-13;1552;169;0;73992;36320;0;31.7;15.6;0.0
70;2021-05-14;2095;740;0;76087;37060;0;32.6;15.9;0.0
70;2021-05-15;2366;505;0;78453;37565;0;33.6;16.1;0.0
70;2021-05-16;900;68;0;79353;37633;0;34.0;16.1;0.0
70;2021-05-17;1278;390;0;80631;38023;0;34.6;16.3;0.0
70;2021-05-18;1401;602;0;82032;38625;0;35.2;16.6;0.0
70;2021-05-19;1566;554;0;83598;39179;0;35.8;16.8;0.0
70;2021-05-20;1722;652;0;85320;39831;0;36.6;17.1;0.0
70;2021-05-21;1775;865;0;87095;40696;0;37.3;17.5;0.0
70;2021-05-22;1146;651;0;88241;41347;0;37.8;17.7;0.0
70;2021-05-23;59;20;0;88300;41367;0;37.9;17.7;0.0
70;2021-05-24;236;45;0;88536;41412;0;38.0;17.8;0.0
70;2021-05-25;956;946;0;89492;42358;0;38.4;18.2;0.0
70;2021-05-26;1041;963;0;90533;43321;0;38.8;18.6;0.0
70;2021-05-27;1302;1018;0;91835;44339;0;39.4;19.0;0.0
70;2021-05-28;1511;1219;0;93346;45558;0;40.0;19.5;0.0
70;2021-05-29;1252;577;0;94598;46135;0;40.6;19.8;0.0
70;2021-05-30;10;22;0;94608;46157;0;40.6;19.8;0.0
70;2021-05-31;1009;717;0;95617;46874;0;41.0;20.1;0.0
70;2021-06-01;1286;926;0;96903;47800;0;41.6;20.5;0.0
70;2021-06-02;1148;755;0;98051;48555;0;42.0;20.8;0.0
70;2021-06-03;1344;931;0;99395;49486;0;42.6;21.2;0.0
70;2021-06-04;1389;1180;0;100784;50666;0;43.2;21.7;0.0
70;2021-06-05;960;637;0;101744;51303;0;43.6;22.0;0.0
70;2021-06-06;564;85;0;102308;51388;0;43.9;22.0;0.0
70;2021-06-07;1073;1029;0;103381;52417;0;44.3;22.5;0.0
70;2021-06-08;1300;1219;0;104681;53636;0;44.9;23.0;0.0
70;2021-06-09;1127;981;0;105808;54617;0;45.4;23.4;0.0
70;2021-06-10;1400;903;0;107208;55520;0;46.0;23.8;0.0
70;2021-06-11;1588;1946;0;108796;57466;0;46.7;24.6;0.0
70;2021-06-12;856;1892;0;109652;59358;0;47.0;25.5;0.0
70;2021-06-13;191;28;0;109843;59386;0;47.1;25.5;0.0
70;2021-06-14;550;1237;0;110393;60623;0;47.3;26.0;0.0
70;2021-06-15;548;1469;0;110941;62092;0;47.6;26.6;0.0
70;2021-06-16;718;1383;0;111659;63475;0;47.9;27.2;0.0
70;2021-06-17;1012;2111;0;112671;65586;0;48.3;28.1;0.0
70;2021-06-18;1055;2254;0;113726;67840;0;48.8;29.1;0.0
70;2021-06-19;1060;1523;0;114786;69363;0;49.2;29.7;0.0
70;2021-06-20;11;19;0;114797;69382;0;49.2;29.8;0.0
70;2021-06-21;695;1476;0;115492;70858;0;49.5;30.4;0.0
70;2021-06-22;683;1609;0;116175;72467;0;49.8;31.1;0.0
70;2021-06-23;628;1552;0;116803;74019;0;50.1;31.7;0.0
70;2021-06-24;805;2042;0;117608;76061;0;50.4;32.6;0.0
70;2021-06-25;695;2626;0;118303;78687;0;50.7;33.7;0.0
70;2021-06-26;862;2025;0;119165;80712;0;51.1;34.6;0.0
70;2021-06-27;162;709;0;119327;81421;0;51.2;34.9;0.0
70;2021-06-28;369;1449;0;119696;82870;0;51.3;35.5;0.0
70;2021-06-29;412;1736;0;120108;84606;0;51.5;36.3;0.0
70;2021-06-30;442;1723;1;120550;86329;1;51.7;37.0;0.0
70;2021-07-01;634;1763;0;121184;88092;1;52.0;37.8;0.0
70;2021-07-02;846;1637;0;122030;89729;1;52.3;38.5;0.0
70;2021-07-03;786;1030;0;122816;90759;1;52.7;38.9;0.0
70;2021-07-04;43;95;0;122859;90854;1;52.7;39.0;0.0
70;2021-07-05;617;1111;0;123476;91965;1;52.9;39.4;0.0
70;2021-07-06;687;1381;0;124163;93346;1;53.2;40.0;0.0
70;2021-07-07;531;1429;0;124694;94775;1;53.5;40.6;0.0
70;2021-07-08;733;1494;0;125427;96269;1;53.8;41.3;0.0
70;2021-07-09;849;1746;0;126276;98015;1;54.2;42.0;0.0
70;2021-07-10;745;1040;0;127021;99055;1;54.5;42.5;0.0
70;2021-07-11;18;48;0;127039;99103;1;54.5;42.5;0.0
70;2021-07-12;455;1420;0;127494;100523;1;54.7;43.1;0.0
70;2021-07-13;933;1915;0;128427;102438;1;55.1;43.9;0.0
70;2021-07-14;72;32;0;128499;102470;1;55.1;43.9;0.0
70;2021-07-15;1298;1675;0;129797;104145;1;55.7;44.7;0.0
70;2021-07-16;1602;2077;0;131399;106222;1;56.3;45.6;0.0
70;2021-07-17;1354;1419;0;132753;107641;1;56.9;46.2;0.0
70;2021-07-18;853;618;0;133606;108259;1;57.3;46.4;0.0
70;2021-07-19;933;1146;0;134539;109405;1;57.7;46.9;0.0
70;2021-07-20;1321;1410;0;135860;110815;1;58.3;47.5;0.0
70;2021-07-21;1224;1352;0;137084;112167;1;58.8;48.1;0.0
70;2021-07-22;1678;1630;0;138762;113797;1;59.5;48.8;0.0
70;2021-07-23;1576;2325;0;140338;116122;1;60.2;49.8;0.0
70;2021-07-24;1245;1745;0;141583;117867;1;60.7;50.5;0.0
70;2021-07-25;83;69;0;141666;117936;1;60.8;50.6;0.0
70;2021-07-26;1121;1040;0;142787;118976;1;61.2;51.0;0.0
70;2021-07-27;1406;1000;0;144193;119976;1;61.8;51.4;0.0
70;2021-07-28;1316;1067;0;145509;121043;1;62.4;51.9;0.0
70;2021-07-29;1722;1238;0;147231;122281;1;63.1;52.4;0.0
70;2021-07-30;1894;1324;0;149125;123605;1;63.9;53.0;0.0
70;2021-07-31;1582;1061;0;150707;124666;1;64.6;53.5;0.0
70;2021-08-01;114;17;0;150821;124683;1;64.7;53.5;0.0
70;2021-08-02;803;753;0;151624;125436;1;65.0;53.8;0.0
70;2021-08-03;1287;1036;0;152911;126472;1;65.6;54.2;0.0
70;2021-08-04;1099;857;0;154010;127329;1;66.0;54.6;0.0
70;2021-08-05;1426;1073;0;155436;128402;1;66.7;55.1;0.0
70;2021-08-06;1597;1309;0;157033;129711;1;67.3;55.6;0.0
70;2021-08-07;1040;972;0;158073;130683;1;67.8;56.0;0.0
70;2021-08-08;50;79;0;158123;130762;1;67.8;56.1;0.0
70;2021-08-09;544;830;0;158667;131592;1;68.0;56.4;0.0
70;2021-08-10;882;1194;0;159549;132786;1;68.4;56.9;0.0
70;2021-08-11;724;783;0;160273;133569;1;68.7;57.3;0.0
70;2021-08-12;830;1241;0;161103;134810;1;69.1;57.8;0.0
70;2021-08-13;968;1529;0;162071;136339;1;69.5;58.5;0.0
70;2021-08-14;684;955;0;162755;137294;1;69.8;58.9;0.0
70;2021-08-15;43;36;0;162798;137330;1;69.8;58.9;0.0
70;2021-08-16;541;936;0;163339;138266;1;70.0;59.3;0.0
70;2021-08-17;625;1292;0;163964;139558;1;70.3;59.8;0.0
70;2021-08-18;486;948;0;164450;140506;1;70.5;60.3;0.0
70;2021-08-19;511;1309;0;164961;141815;1;70.7;60.8;0.0
70;2021-08-20;492;1872;0;165453;143687;1;71.0;61.6;0.0
70;2021-08-21;409;1108;0;165862;144795;1;71.1;62.1;0.0
70;2021-08-22;22;109;0;165884;144904;1;71.1;62.1;0.0
70;2021-08-23;305;951;0;166189;145855;1;71.3;62.5;0.0
70;2021-08-24;377;1360;0;166566;147215;1;71.4;63.1;0.0
70;2021-08-25;321;1245;0;166887;148460;1;71.6;63.7;0.0
70;2021-08-26;418;1397;0;167305;149857;1;71.7;64.3;0.0
70;2021-08-27;395;1992;0;167700;151849;1;71.9;65.1;0.0
70;2021-08-28;351;1529;0;168051;153378;1;72.1;65.8;0.0
70;2021-08-29;19;45;0;168070;153423;1;72.1;65.8;0.0
70;2021-08-30;302;813;4;168372;154236;5;72.2;66.1;0.0
70;2021-08-31;357;1128;11;168729;155364;16;72.4;66.6;0.0
70;2021-09-01;309;885;201;169038;156249;217;72.5;67.0;0.1
70;2021-09-02;283;981;166;169321;157230;383;72.6;67.4;0.2
70;2021-09-03;297;1022;188;169618;158252;571;72.7;67.9;0.2
70;2021-09-04;453;1021;136;170071;159273;707;72.9;68.3;0.3
70;2021-09-05;23;33;9;170094;159306;716;72.9;68.3;0.3
70;2021-09-06;155;594;97;170249;159900;813;73.0;68.6;0.3
70;2021-09-07;202;730;135;170451;160630;948;73.1;68.9;0.4
70;2021-09-08;192;756;103;170643;161386;1051;73.2;69.2;0.5
70;2021-09-09;182;675;138;170825;162061;1189;73.3;69.5;0.5
70;2021-09-10;253;784;124;171078;162845;1313;73.4;69.8;0.6
70;2021-09-11;288;800;82;171366;163645;1395;73.5;70.2;0.6
70;2021-09-12;19;44;6;171385;163689;1401;73.5;70.2;0.6
70;2021-09-13;165;369;157;171550;164058;1558;73.6;70.4;0.7
70;2021-09-14;321;401;158;171871;164459;1716;73.7;70.5;0.7
70;2021-09-15;183;484;139;172054;164943;1855;73.8;70.7;0.8
70;2021-09-16;233;386;177;172287;165329;2032;73.9;70.9;0.9
70;2021-09-17;230;483;122;172517;165812;2154;74.0;71.1;0.9
70;2021-09-18;163;434;80;172680;166246;2234;74.0;71.3;1.0
70;2021-09-19;3;23;0;172683;166269;2234;74.1;71.3;1.0
70;2021-09-20;102;212;123;172785;166481;2357;74.1;71.4;1.0
70;2021-09-21;151;275;154;172936;166756;2511;74.2;71.5;1.1
70;2021-09-22;99;347;130;173035;167103;2641;74.2;71.7;1.1
70;2021-09-23;68;207;203;173103;167310;2844;74.2;71.7;1.2
70;2021-09-24;189;394;162;173292;167704;3006;74.3;71.9;1.3
70;2021-09-25;136;462;115;173428;168166;3121;74.4;72.1;1.3
70;2021-09-26;2;6;0;173430;168172;3121;74.4;72.1;1.3
70;2021-09-27;58;209;105;173488;168381;3226;74.4;72.2;1.4
70;2021-09-28;79;191;235;173567;168572;3461;74.4;72.3;1.5
70;2021-09-29;104;242;154;173671;168814;3615;74.5;72.4;1.6
70;2021-09-30;101;168;236;173772;168982;3851;74.5;72.5;1.7
70;2021-10-01;138;267;222;173910;169249;4073;74.6;72.6;1.7
70;2021-10-02;116;304;152;174026;169553;4225;74.6;72.7;1.8
70;2021-10-03;2;2;2;174028;169555;4227;74.6;72.7;1.8
70;2021-10-04;81;168;185;174109;169723;4412;74.7;72.8;1.9
70;2021-10-05;87;283;228;174196;170006;4640;74.7;72.9;2.0
70;2021-10-06;127;216;237;174323;170222;4877;74.8;73.0;2.1
70;2021-10-07;89;209;301;174412;170431;5178;74.8;73.1;2.2
70;2021-10-08;152;246;329;174564;170677;5507;74.9;73.2;2.4
70;2021-10-09;140;293;170;174704;170970;5677;74.9;73.3;2.4
70;2021-10-10;4;4;15;174708;170974;5692;74.9;73.3;2.4
70;2021-10-11;72;119;194;174780;171093;5886;75.0;73.4;2.5
70;2021-10-12;51;117;266;174831;171210;6152;75.0;73.4;2.6
70;2021-10-13;100;176;342;174931;171386;6494;75.0;73.5;2.8
70;2021-10-14;53;116;198;174984;171502;6692;75.0;73.5;2.9
70;2021-10-15;154;208;373;175138;171710;7065;75.1;73.6;3.0
70;2021-10-16;131;165;255;175269;171875;7320;75.2;73.7;3.1
70;2021-10-17;4;12;0;175273;171887;7320;75.2;73.7;3.1
70;2021-10-18;55;100;209;175328;171987;7529;75.2;73.8;3.2
70;2021-10-19;78;83;339;175406;172070;7868;75.2;73.8;3.4
70;2021-10-20;106;137;364;175512;172207;8232;75.3;73.8;3.5
70;2021-10-21;55;90;386;175567;172297;8618;75.3;73.9;3.7
70;2021-10-22;97;139;570;175664;172436;9188;75.3;73.9;3.9
70;2021-10-23;127;166;281;175791;172602;9469;75.4;74.0;4.1
70;2021-10-24;2;2;1;175793;172604;9470;75.4;74.0;4.1
70;2021-10-25;51;78;309;175844;172682;9779;75.4;74.1;4.2
70;2021-10-26;52;88;321;175896;172770;10100;75.4;74.1;4.3
70;2021-10-27;81;122;443;175977;172892;10543;75.5;74.1;4.5
70;2021-10-28;44;69;240;176021;172961;10783;75.5;74.2;4.6
70;2021-10-29;107;140;460;176128;173101;11243;75.5;74.2;4.8
70;2021-10-30;70;131;247;176198;173232;11490;75.6;74.3;4.9
70;2021-10-31;1;2;0;176199;173234;11490;75.6;74.3;4.9
70;2021-11-01;8;5;1;176207;173239;11491;75.6;74.3;4.9
70;2021-11-02;67;103;430;176274;173342;11921;75.6;74.3;5.1
70;2021-11-03;84;129;585;176358;173471;12506;75.6;74.4;5.4
70;2021-11-04;38;44;332;176396;173515;12838;75.6;74.4;5.5
70;2021-11-05;97;144;863;176493;173659;13701;75.7;74.5;5.9
70;2021-11-06;103;143;497;176596;173802;14198;75.7;74.5;6.1
70;2021-11-07;1;4;0;176597;173806;14198;75.7;74.5;6.1
70;2021-11-08;43;71;565;176640;173877;14763;75.7;74.6;6.3
70;2021-11-09;46;76;704;176686;173953;15467;75.8;74.6;6.6
70;2021-11-10;87;128;838;176773;174081;16305;75.8;74.7;7.0
70;2021-11-11;1;5;5;176774;174086;16310;75.8;74.7;7.0
70;2021-11-12;103;134;891;176877;174220;17201;75.8;74.7;7.4
70;2021-11-13;99;148;708;176976;174368;17909;75.9;74.8;7.7
70;2021-11-14;3;7;7;176979;174375;17916;75.9;74.8;7.7
70;2021-11-15;38;44;678;177017;174419;18594;75.9;74.8;8.0
70;2021-11-16;35;39;670;177052;174458;19264;75.9;74.8;8.3
70;2021-11-17;94;117;1043;177146;174575;20307;76.0;74.9;8.7
70;2021-11-18;43;63;720;177189;174638;21027;76.0;74.9;9.0
70;2021-11-19;105;112;995;177294;174750;22022;76.0;74.9;9.4
70;2021-11-20;124;107;590;177418;174857;22612;76.1;75.0;9.7
70;2021-11-21;0;3;2;177418;174860;22614;76.1;75.0;9.7
70;2021-11-22;45;35;782;177463;174895;23396;76.1;75.0;10.0
70;2021-11-23;42;46;901;177505;174941;24297;76.1;75.0;10.4
70;2021-11-24;94;99;1187;177599;175040;25484;76.2;75.1;10.9
70;2021-11-25;62;55;779;177661;175095;26263;76.2;75.1;11.3
70;2021-11-26;110;99;1681;177771;175194;27944;76.2;75.1;12.0
70;2021-11-27;121;134;1035;177892;175328;28979;76.3;75.2;12.4
70;2021-11-28;1;2;47;177893;175330;29026;76.3;75.2;12.4
70;2021-11-29;22;40;1131;177915;175370;30157;76.3;75.2;12.9
70;2021-11-30;71;51;1813;177986;175421;31970;76.3;75.2;13.7
70;2021-12-01;81;107;1798;178067;175528;33768;76.4;75.3;14.5
70;2021-12-02;55;36;2159;178122;175564;35927;76.4;75.3;15.4
70;2021-12-03;68;103;2612;178190;175667;38539;76.4;75.3;16.5
70;2021-12-04;81;102;2002;178271;175769;40541;76.4;75.4;17.4
70;2021-12-05;22;11;443;178293;175780;40984;76.5;75.4;17.6
70;2021-12-06;34;63;1506;178327;175843;42490;76.5;75.4;18.2
70;2021-12-07;73;39;2625;178400;175882;45115;76.5;75.4;19.3
70;2021-12-08;59;90;2347;178459;175972;47462;76.5;75.5;20.4
70;2021-12-09;50;75;3035;178509;176047;50497;76.5;75.5;21.7
70;2021-12-10;68;93;3579;178577;176140;54076;76.6;75.5;23.2
70;2021-12-11;81;137;2741;178658;176277;56817;76.6;75.6;24.4
70;2021-12-12;32;7;561;178690;176284;57378;76.6;75.6;24.6
70;2021-12-13;51;47;2068;178741;176331;59446;76.6;75.6;25.5
70;2021-12-14;77;45;2956;178818;176376;62402;76.7;75.6;26.8
70;2021-12-15;65;77;2602;178883;176453;65004;76.7;75.7;27.9
70;2021-12-16;87;73;3348;178970;176526;68352;76.7;75.7;29.3
70;2021-12-17;94;99;3216;179064;176625;71568;76.8;75.7;30.7
70;2021-12-18;100;127;2120;179164;176752;73688;76.8;75.8;31.6
70;2021-12-19;3;11;149;179167;176763;73837;76.8;75.8;31.7
70;2021-12-20;73;69;1892;179240;176832;75729;76.9;75.8;32.5
70;2021-12-21;130;107;2455;179370;176939;78184;76.9;75.9;33.5
70;2021-12-22;107;122;2474;179477;177061;80658;77.0;75.9;34.6
70;2021-12-23;100;52;1675;179577;177113;82333;77.0;76.0;35.3
70;2021-12-24;20;7;214;179597;177120;82547;77.0;76.0;35.4
70;2021-12-25;0;1;13;179597;177121;82560;77.0;76.0;35.4
70;2021-12-26;2;5;85;179599;177126;82645;77.0;76.0;35.4
70;2021-12-27;90;108;1933;179689;177234;84578;77.1;76.0;36.3
70;2021-12-28;109;75;2094;179798;177309;86672;77.1;76.0;37.2
71;2020-12-27;1;0;0;1;0;0;0.0;0.0;0.0
71;2020-12-28;8;0;0;9;0;0;0.0;0.0;0.0
71;2020-12-29;3;0;0;12;0;0;0.0;0.0;0.0
71;2020-12-30;0;0;0;12;0;0;0.0;0.0;0.0
71;2020-12-31;0;0;0;12;0;0;0.0;0.0;0.0
71;2021-01-01;100;0;0;112;0;0;0.0;0.0;0.0
71;2021-01-02;8;0;0;120;0;0;0.0;0.0;0.0
71;2021-01-03;0;0;0;120;0;0;0.0;0.0;0.0
71;2021-01-04;3;0;0;123;0;0;0.0;0.0;0.0
71;2021-01-05;15;1;0;138;1;0;0.0;0.0;0.0
71;2021-01-06;75;0;0;213;1;0;0.0;0.0;0.0
71;2021-01-07;78;1;0;291;2;0;0.1;0.0;0.0
71;2021-01-08;152;0;0;443;2;0;0.1;0.0;0.0
71;2021-01-09;93;0;0;536;2;0;0.1;0.0;0.0
71;2021-01-10;2;0;0;538;2;0;0.1;0.0;0.0
71;2021-01-11;237;0;0;775;2;0;0.1;0.0;0.0
71;2021-01-12;770;1;0;1545;3;0;0.3;0.0;0.0
71;2021-01-13;551;2;0;2096;5;0;0.4;0.0;0.0
71;2021-01-14;590;7;0;2686;12;0;0.5;0.0;0.0
71;2021-01-15;641;2;0;3327;14;0;0.6;0.0;0.0
71;2021-01-16;23;0;0;3350;14;0;0.6;0.0;0.0
71;2021-01-17;3;0;0;3353;14;0;0.6;0.0;0.0
71;2021-01-18;954;5;0;4307;19;0;0.8;0.0;0.0
71;2021-01-19;1580;7;0;5887;26;0;1.1;0.0;0.0
71;2021-01-20;1494;8;0;7381;34;0;1.3;0.0;0.0
71;2021-01-21;1913;15;0;9294;49;0;1.7;0.0;0.0
71;2021-01-22;1348;4;0;10642;53;0;1.9;0.0;0.0
71;2021-01-23;772;6;0;11414;59;0;2.1;0.0;0.0
71;2021-01-24;2;0;0;11416;59;0;2.1;0.0;0.0
71;2021-01-25;1009;7;0;12425;66;0;2.3;0.0;0.0
71;2021-01-26;1535;28;0;13960;94;0;2.5;0.0;0.0
71;2021-01-27;1166;33;0;15126;127;0;2.8;0.0;0.0
71;2021-01-28;1092;100;0;16218;227;0;3.0;0.0;0.0
71;2021-01-29;1026;138;0;17244;365;0;3.1;0.1;0.0
71;2021-01-30;584;2;0;17828;367;0;3.3;0.1;0.0
71;2021-01-31;5;15;0;17833;382;0;3.3;0.1;0.0
71;2021-02-01;749;210;0;18582;592;0;3.4;0.1;0.0
71;2021-02-02;780;332;0;19362;924;0;3.5;0.2;0.0
71;2021-02-03;763;401;0;20125;1325;0;3.7;0.2;0.0
71;2021-02-04;736;569;0;20861;1894;0;3.8;0.3;0.0
71;2021-02-05;703;503;0;21564;2397;0;3.9;0.4;0.0
71;2021-02-06;514;21;0;22078;2418;0;4.0;0.4;0.0
71;2021-02-07;3;46;0;22081;2464;0;4.0;0.4;0.0
71;2021-02-08;605;631;0;22686;3095;0;4.1;0.6;0.0
71;2021-02-09;385;972;0;23071;4067;0;4.2;0.7;0.0
71;2021-02-10;418;939;0;23489;5006;0;4.3;0.9;0.0
71;2021-02-11;512;1208;0;24001;6214;0;4.4;1.1;0.0
71;2021-02-12;543;1003;0;24544;7217;0;4.5;1.3;0.0
71;2021-02-13;147;509;0;24691;7726;0;4.5;1.4;0.0
71;2021-02-14;8;5;0;24699;7731;0;4.5;1.4;0.0
71;2021-02-15;311;878;0;25010;8609;0;4.6;1.6;0.0
71;2021-02-16;386;1336;0;25396;9945;0;4.6;1.8;0.0
71;2021-02-17;437;1108;0;25833;11053;0;4.7;2.0;0.0
71;2021-02-18;499;880;0;26332;11933;0;4.8;2.2;0.0
71;2021-02-19;525;749;0;26857;12682;0;4.9;2.3;0.0
71;2021-02-20;221;368;0;27078;13050;0;4.9;2.4;0.0
71;2021-02-21;0;11;0;27078;13061;0;4.9;2.4;0.0
71;2021-02-22;228;865;0;27306;13926;0;5.0;2.5;0.0
71;2021-02-23;448;952;0;27754;14878;0;5.1;2.7;0.0
71;2021-02-24;444;764;0;28198;15642;0;5.1;2.9;0.0
71;2021-02-25;530;758;0;28728;16400;0;5.2;3.0;0.0
71;2021-02-26;846;572;0;29574;16972;0;5.4;3.1;0.0
71;2021-02-27;468;341;0;30042;17313;0;5.5;3.2;0.0
71;2021-02-28;57;17;0;30099;17330;0;5.5;3.2;0.0
71;2021-03-01;1139;703;0;31238;18033;0;5.7;3.3;0.0
71;2021-03-02;1509;716;0;32747;18749;0;6.0;3.4;0.0
71;2021-03-03;1751;764;0;34498;19513;0;6.3;3.6;0.0
71;2021-03-04;1996;824;0;36494;20337;0;6.7;3.7;0.0
71;2021-03-05;2252;686;0;38746;21023;0;7.1;3.8;0.0
71;2021-03-06;793;74;0;39539;21097;0;7.2;3.9;0.0
71;2021-03-07;74;13;0;39613;21110;0;7.2;3.9;0.0
71;2021-03-08;1423;798;0;41036;21908;0;7.5;4.0;0.0
71;2021-03-09;2111;604;0;43147;22512;0;7.9;4.1;0.0
71;2021-03-10;2124;461;0;45271;22973;0;8.3;4.2;0.0
71;2021-03-11;2580;681;0;47851;23654;0;8.7;4.3;0.0
71;2021-03-12;2534;610;0;50385;24264;0;9.2;4.4;0.0
71;2021-03-13;1082;104;0;51467;24368;0;9.4;4.4;0.0
71;2021-03-14;58;8;0;51525;24376;0;9.4;4.4;0.0
71;2021-03-15;1776;478;0;53301;24854;0;9.7;4.5;0.0
71;2021-03-16;1769;218;0;55070;25072;0;10.1;4.6;0.0
71;2021-03-17;2079;259;0;57149;25331;0;10.4;4.6;0.0
71;2021-03-18;1892;455;0;59041;25786;0;10.8;4.7;0.0
71;2021-03-19;2322;327;0;61363;26113;0;11.2;4.8;0.0
71;2021-03-20;1029;53;0;62392;26166;0;11.4;4.8;0.0
71;2021-03-21;25;4;0;62417;26170;0;11.4;4.8;0.0
71;2021-03-22;2447;372;0;64864;26542;0;11.8;4.8;0.0
71;2021-03-23;3285;487;0;68149;27029;0;12.4;4.9;0.0
71;2021-03-24;3186;458;0;71335;27487;0;13.0;5.0;0.0
71;2021-03-25;3866;558;0;75201;28045;0;13.7;5.1;0.0
71;2021-03-26;3810;337;0;79011;28382;0;14.4;5.2;0.0
71;2021-03-27;936;102;0;79947;28484;0;14.6;5.2;0.0
71;2021-03-28;75;11;0;80022;28495;0;14.6;5.2;0.0
71;2021-03-29;2323;1115;0;82345;29610;0;15.0;5.4;0.0
71;2021-03-30;3000;1311;0;85345;30921;0;15.6;5.6;0.0
71;2021-03-31;2455;1496;0;87800;32417;0;16.0;5.9;0.0
71;2021-04-01;2645;1285;0;90445;33702;0;16.5;6.2;0.0
71;2021-04-02;2385;1412;0;92830;35114;0;16.9;6.4;0.0
71;2021-04-03;297;48;0;93127;35162;0;17.0;6.4;0.0
71;2021-04-04;23;8;0;93150;35170;0;17.0;6.4;0.0
71;2021-04-05;95;2;0;93245;35172;0;17.0;6.4;0.0
71;2021-04-06;2096;1828;0;95341;37000;0;17.4;6.8;0.0
71;2021-04-07;2276;1744;0;97617;38744;0;17.8;7.1;0.0
71;2021-04-08;3156;1757;0;100773;40501;0;18.4;7.4;0.0
71;2021-04-09;3871;1622;0;104644;42123;0;19.1;7.7;0.0
71;2021-04-10;830;97;0;105474;42220;0;19.3;7.7;0.0
71;2021-04-11;108;13;0;105582;42233;0;19.3;7.7;0.0
71;2021-04-12;2279;1674;0;107861;43907;0;19.7;8.0;0.0
71;2021-04-13;2528;1833;0;110389;45740;0;20.2;8.3;0.0
71;2021-04-14;2318;1905;0;112707;47645;0;20.6;8.7;0.0
71;2021-04-15;2703;1654;0;115410;49299;0;21.1;9.0;0.0
71;2021-04-16;2564;1669;0;117974;50968;0;21.5;9.3;0.0
71;2021-04-17;948;354;0;118922;51322;0;21.7;9.4;0.0
71;2021-04-18;126;20;0;119048;51342;0;21.7;9.4;0.0
71;2021-04-19;1638;2364;0;120686;53706;0;22.0;9.8;0.0
71;2021-04-20;2104;2435;0;122790;56141;0;22.4;10.2;0.0
71;2021-04-21;2010;2372;0;124800;58513;0;22.8;10.7;0.0
71;2021-04-22;2371;2255;0;127171;60768;0;23.2;11.1;0.0
71;2021-04-23;2694;2089;0;129865;62857;0;23.7;11.5;0.0
71;2021-04-24;574;103;0;130439;62960;0;23.8;11.5;0.0
71;2021-04-25;43;7;0;130482;62967;0;23.8;11.5;0.0
71;2021-04-26;2277;1982;0;132759;64949;0;24.2;11.9;0.0
71;2021-04-27;2816;2164;0;135575;67113;0;24.7;12.3;0.0
71;2021-04-28;2897;2092;0;138472;69205;0;25.3;12.6;0.0
71;2021-04-29;3530;2101;0;142002;71306;0;25.9;13.0;0.0
71;2021-04-30;3689;1595;0;145691;72901;0;26.6;13.3;0.0
71;2021-05-01;137;64;0;145828;72965;0;26.6;13.3;0.0
71;2021-05-02;57;33;0;145885;72998;0;26.6;13.3;0.0
71;2021-05-03;3915;1403;0;149800;74401;0;27.3;13.6;0.0
71;2021-05-04;2767;2241;0;152567;76642;0;27.8;14.0;0.0
71;2021-05-05;3180;1976;0;155747;78618;0;28.4;14.4;0.0
71;2021-05-06;3370;2199;0;159117;80817;0;29.0;14.8;0.0
71;2021-05-07;3419;2619;0;162536;83436;0;29.7;15.2;0.0
71;2021-05-08;309;220;0;162845;83656;0;29.7;15.3;0.0
71;2021-05-09;93;56;0;162938;83712;0;29.7;15.3;0.0
71;2021-05-10;3375;2196;0;166313;85908;0;30.4;15.7;0.0
71;2021-05-11;4228;2254;0;170541;88162;0;31.1;16.1;0.0
71;2021-05-12;3784;2421;0;174325;90583;0;31.8;16.5;0.0
71;2021-05-13;1541;175;0;175866;90758;0;32.1;16.6;0.0
71;2021-05-14;3642;2033;0;179508;92791;0;32.8;16.9;0.0
71;2021-05-15;653;336;0;180161;93127;0;32.9;17.0;0.0
71;2021-05-16;87;17;0;180248;93144;0;32.9;17.0;0.0
71;2021-05-17;3698;1767;0;183946;94911;0;33.6;17.3;0.0
71;2021-05-18;3363;2291;0;187309;97202;0;34.2;17.7;0.0
71;2021-05-19;3765;2152;0;191074;99354;0;34.9;18.1;0.0
71;2021-05-20;4302;2176;0;195376;101530;0;35.7;18.5;0.0
71;2021-05-21;3767;2393;0;199143;103923;0;36.4;19.0;0.0
71;2021-05-22;633;368;0;199776;104291;0;36.5;19.0;0.0
71;2021-05-23;100;60;0;199876;104351;0;36.5;19.0;0.0
71;2021-05-24;400;144;0;200276;104495;0;36.6;19.1;0.0
71;2021-05-25;2716;2897;0;202992;107392;0;37.1;19.6;0.0
71;2021-05-26;3089;2327;0;206081;109719;0;37.6;20.0;0.0
71;2021-05-27;3556;2412;0;209637;112131;0;38.3;20.5;0.0
71;2021-05-28;2980;3000;0;212617;115131;0;38.8;21.0;0.0
71;2021-05-29;893;720;0;213510;115851;0;39.0;21.1;0.0
71;2021-05-30;127;82;0;213637;115933;0;39.0;21.2;0.0
71;2021-05-31;2756;3229;0;216393;119162;0;39.5;21.8;0.0
71;2021-06-01;3527;3391;0;219920;122553;0;40.1;22.4;0.0
71;2021-06-02;3853;2535;0;223773;125088;0;40.8;22.8;0.0
71;2021-06-03;4151;2435;0;227924;127523;0;41.6;23.3;0.0
71;2021-06-04;3683;3429;0;231607;130952;0;42.3;23.9;0.0
71;2021-06-05;1119;729;0;232726;131681;0;42.5;24.0;0.0
71;2021-06-06;139;103;0;232865;131784;0;42.5;24.1;0.0
71;2021-06-07;3191;3702;0;236056;135486;0;43.1;24.7;0.0
71;2021-06-08;3796;3647;0;239852;139133;0;43.8;25.4;0.0
71;2021-06-09;4421;2610;0;244273;141743;0;44.6;25.9;0.0
71;2021-06-10;4938;2718;0;249211;144461;0;45.5;26.4;0.0
71;2021-06-11;4122;3510;0;253333;147971;0;46.2;27.0;0.0
71;2021-06-12;1062;684;0;254395;148655;0;46.4;27.1;0.0
71;2021-06-13;153;200;0;254548;148855;0;46.5;27.2;0.0
71;2021-06-14;3177;3552;0;257725;152407;0;47.0;27.8;0.0
71;2021-06-15;3815;3339;0;261540;155746;0;47.7;28.4;0.0
71;2021-06-16;4185;2615;0;265725;158361;0;48.5;28.9;0.0
71;2021-06-17;3981;2906;0;269706;161267;0;49.2;29.4;0.0
71;2021-06-18;3958;3477;0;273664;164744;0;50.0;30.1;0.0
71;2021-06-19;1292;838;0;274956;165582;0;50.2;30.2;0.0
71;2021-06-20;72;70;0;275028;165652;0;50.2;30.2;0.0
71;2021-06-21;2035;3930;0;277063;169582;0;50.6;31.0;0.0
71;2021-06-22;2447;4191;0;279510;173773;0;51.0;31.7;0.0
71;2021-06-23;2865;3303;0;282375;177076;0;51.5;32.3;0.0
71;2021-06-24;3110;2893;0;285485;179969;0;52.1;32.9;0.0
71;2021-06-25;2455;4349;0;287940;184318;0;52.6;33.6;0.0
71;2021-06-26;503;1006;0;288443;185324;0;52.7;33.8;0.0
71;2021-06-27;61;121;0;288504;185445;0;52.7;33.9;0.0
71;2021-06-28;1445;4402;0;289949;189847;0;52.9;34.7;0.0
71;2021-06-29;1840;4595;0;291789;194442;0;53.3;35.5;0.0
71;2021-06-30;2299;3855;0;294088;198297;0;53.7;36.2;0.0
71;2021-07-01;2506;3803;0;296594;202100;0;54.1;36.9;0.0
71;2021-07-02;2720;3915;0;299314;206015;0;54.6;37.6;0.0
71;2021-07-03;405;1089;0;299719;207104;0;54.7;37.8;0.0
71;2021-07-04;51;192;0;299770;207296;0;54.7;37.8;0.0
71;2021-07-05;2134;4167;0;301904;211463;0;55.1;38.6;0.0
71;2021-07-06;2136;4348;0;304040;215811;0;55.5;39.4;0.0
71;2021-07-07;2569;3573;0;306609;219384;0;56.0;40.0;0.0
71;2021-07-08;2447;3966;0;309056;223350;0;56.4;40.8;0.0
71;2021-07-09;2119;4757;0;311175;228107;0;56.8;41.6;0.0
71;2021-07-10;363;999;0;311538;229106;0;56.9;41.8;0.0
71;2021-07-11;60;118;0;311598;229224;0;56.9;41.8;0.0
71;2021-07-12;1765;4967;0;313363;234191;0;57.2;42.7;0.0
71;2021-07-13;2416;5454;0;315779;239645;0;57.6;43.7;0.0
71;2021-07-14;1036;469;0;316815;240114;0;57.8;43.8;0.0
71;2021-07-15;2809;5356;0;319624;245470;0;58.3;44.8;0.0
71;2021-07-16;3396;5673;0;323020;251143;0;59.0;45.8;0.0
71;2021-07-17;982;1279;0;324002;252422;0;59.1;46.1;0.0
71;2021-07-18;162;176;0;324164;252598;0;59.2;46.1;0.0
71;2021-07-19;2862;5246;0;327026;257844;0;59.7;47.1;0.0
71;2021-07-20;3257;5558;0;330283;263402;0;60.3;48.1;0.0
71;2021-07-21;3524;5101;0;333807;268503;0;60.9;49.0;0.0
71;2021-07-22;3835;5019;0;337642;273522;0;61.6;49.9;0.0
71;2021-07-23;3272;5644;0;340914;279166;0;62.2;51.0;0.0
71;2021-07-24;1056;1072;0;341970;280238;0;62.4;51.2;0.0
71;2021-07-25;253;152;0;342223;280390;0;62.5;51.2;0.0
71;2021-07-26;3454;4467;0;345677;284857;0;63.1;52.0;0.0
71;2021-07-27;3945;4556;0;349622;289413;0;63.8;52.8;0.0
71;2021-07-28;4172;4404;0;353794;293817;0;64.6;53.6;0.0
71;2021-07-29;4113;4304;0;357907;298121;0;65.3;54.4;0.0
71;2021-07-30;4115;4472;0;362022;302593;0;66.1;55.2;0.0
71;2021-07-31;1043;888;0;363065;303481;0;66.3;55.4;0.0
71;2021-08-01;224;105;0;363289;303586;0;66.3;55.4;0.0
71;2021-08-02;3769;3393;0;367058;306979;0;67.0;56.0;0.0
71;2021-08-03;4080;3520;0;371138;310499;0;67.7;56.7;0.0
71;2021-08-04;4056;2822;0;375194;313321;0;68.5;57.2;0.0
71;2021-08-05;3927;3090;0;379121;316411;0;69.2;57.8;0.0
71;2021-08-06;3499;3835;0;382620;320246;0;69.8;58.5;0.0
71;2021-08-07;669;683;0;383289;320929;0;70.0;58.6;0.0
71;2021-08-08;108;119;0;383397;321048;0;70.0;58.6;0.0
71;2021-08-09;2619;3053;0;386016;324101;0;70.5;59.2;0.0
71;2021-08-10;2764;3143;0;388780;327244;0;71.0;59.7;0.0
71;2021-08-11;2898;3006;0;391678;330250;0;71.5;60.3;0.0
71;2021-08-12;2773;3040;0;394451;333290;0;72.0;60.8;0.0
71;2021-08-13;2476;3183;0;396927;336473;0;72.5;61.4;0.0
71;2021-08-14;369;779;0;397296;337252;0;72.5;61.6;0.0
71;2021-08-15;71;185;0;397367;337437;0;72.5;61.6;0.0
71;2021-08-16;1487;3218;0;398854;340655;0;72.8;62.2;0.0
71;2021-08-17;1580;3094;0;400434;343749;0;73.1;62.7;0.0
71;2021-08-18;1359;2980;0;401793;346729;0;73.3;63.3;0.0
71;2021-08-19;1226;2825;0;403019;349554;0;73.6;63.8;0.0
71;2021-08-20;1203;3590;0;404222;353144;0;73.8;64.5;0.0
71;2021-08-21;211;721;0;404433;353865;0;73.8;64.6;0.0
71;2021-08-22;62;148;0;404495;354013;0;73.8;64.6;0.0
71;2021-08-23;1248;4225;0;405743;358238;0;74.1;65.4;0.0
71;2021-08-24;1187;3534;0;406930;361772;0;74.3;66.0;0.0
71;2021-08-25;881;3584;0;407811;365356;0;74.4;66.7;0.0
71;2021-08-26;894;3248;0;408705;368604;0;74.6;67.3;0.0
71;2021-08-27;1045;4153;0;409750;372757;0;74.8;68.0;0.0
71;2021-08-28;236;641;0;409986;373398;0;74.8;68.2;0.0
71;2021-08-29;37;154;0;410023;373552;0;74.8;68.2;0.0
71;2021-08-30;1093;3501;52;411116;377053;52;75.0;68.8;0.0
71;2021-08-31;906;3115;159;412022;380168;211;75.2;69.4;0.0
71;2021-09-01;900;3122;313;412922;383290;524;75.4;70.0;0.1
71;2021-09-02;613;2663;297;413535;385953;821;75.5;70.5;0.1
71;2021-09-03;811;3469;377;414346;389422;1198;75.6;71.1;0.2
71;2021-09-04;301;692;66;414647;390114;1264;75.7;71.2;0.2
71;2021-09-05;29;104;8;414676;390218;1272;75.7;71.2;0.2
71;2021-09-06;598;2083;405;415274;392301;1677;75.8;71.6;0.3
71;2021-09-07;504;1575;539;415778;393876;2216;75.9;71.9;0.4
71;2021-09-08;658;2028;413;416436;395904;2629;76.0;72.3;0.5
71;2021-09-09;440;1250;563;416876;397154;3192;76.1;72.5;0.6
71;2021-09-10;750;1955;618;417626;399109;3810;76.2;72.9;0.7
71;2021-09-11;232;409;69;417858;399518;3879;76.3;72.9;0.7
71;2021-09-12;27;51;13;417885;399569;3892;76.3;72.9;0.7
71;2021-09-13;611;1210;348;418496;400779;4240;76.4;73.2;0.8
71;2021-09-14;481;977;506;418977;401756;4746;76.5;73.3;0.9
71;2021-09-15;577;1387;565;419554;403143;5311;76.6;73.6;1.0
71;2021-09-16;449;805;527;420003;403948;5838;76.7;73.7;1.1
71;2021-09-17;526;1303;595;420529;405251;6433;76.8;74.0;1.2
71;2021-09-18;159;324;120;420688;405575;6553;76.8;74.0;1.2
71;2021-09-19;16;35;9;420704;405610;6562;76.8;74.0;1.2
71;2021-09-20;433;817;532;421137;406427;7094;76.9;74.2;1.3
71;2021-09-21;274;644;705;421411;407071;7799;76.9;74.3;1.4
71;2021-09-22;310;1181;601;421721;408252;8400;77.0;74.5;1.5
71;2021-09-23;279;568;538;422000;408820;8938;77.0;74.6;1.6
71;2021-09-24;348;946;562;422348;409766;9500;77.1;74.8;1.7
71;2021-09-25;78;237;62;422426;410003;9562;77.1;74.8;1.7
71;2021-09-26;10;40;4;422436;410043;9566;77.1;74.8;1.7
71;2021-09-27;274;678;601;422710;410721;10167;77.2;75.0;1.9
71;2021-09-28;275;453;705;422985;411174;10872;77.2;75.1;2.0
71;2021-09-29;307;703;668;423292;411877;11540;77.3;75.2;2.1
71;2021-09-30;210;478;722;423502;412355;12262;77.3;75.3;2.2
71;2021-10-01;402;807;967;423904;413162;13229;77.4;75.4;2.4
71;2021-10-02;130;230;135;424034;413392;13364;77.4;75.5;2.4
71;2021-10-03;5;16;35;424039;413408;13399;77.4;75.5;2.4
71;2021-10-04;260;535;619;424299;413943;14018;77.5;75.6;2.6
71;2021-10-05;201;379;644;424500;414322;14662;77.5;75.6;2.7
71;2021-10-06;378;644;820;424878;414966;15482;77.6;75.7;2.8
71;2021-10-07;159;358;651;425037;415324;16133;77.6;75.8;2.9
71;2021-10-08;340;645;1087;425377;415969;17220;77.6;75.9;3.1
71;2021-10-09;80;194;165;425457;416163;17385;77.7;76.0;3.2
71;2021-10-10;9;21;23;425466;416184;17408;77.7;76.0;3.2
71;2021-10-11;266;511;740;425732;416695;18148;77.7;76.1;3.3
71;2021-10-12;185;362;743;425917;417057;18891;77.7;76.1;3.4
71;2021-10-13;299;446;928;426216;417503;19819;77.8;76.2;3.6
71;2021-10-14;159;283;759;426375;417786;20578;77.8;76.3;3.8
71;2021-10-15;280;526;1262;426655;418312;21840;77.9;76.4;4.0
71;2021-10-16;114;139;161;426769;418451;22001;77.9;76.4;4.0
71;2021-10-17;3;13;26;426772;418464;22027;77.9;76.4;4.0
71;2021-10-18;235;362;1093;427007;418826;23120;77.9;76.5;4.2
71;2021-10-19;169;280;1055;427176;419106;24175;78.0;76.5;4.4
71;2021-10-20;285;432;1504;427461;419538;25679;78.0;76.6;4.7
71;2021-10-21;129;188;961;427590;419726;26640;78.1;76.6;4.9
71;2021-10-22;235;337;1327;427825;420063;27967;78.1;76.7;5.1
71;2021-10-23;84;117;166;427909;420180;28133;78.1;76.7;5.1
71;2021-10-24;6;30;27;427915;420210;28160;78.1;76.7;5.1
71;2021-10-25;201;299;1067;428116;420509;29227;78.1;76.8;5.3
71;2021-10-26;138;202;939;428254;420711;30166;78.2;76.8;5.5
71;2021-10-27;186;322;1279;428440;421033;31445;78.2;76.9;5.7
71;2021-10-28;132;150;844;428572;421183;32289;78.2;76.9;5.9
71;2021-10-29;197;313;1295;428769;421496;33584;78.3;76.9;6.1
71;2021-10-30;69;121;192;428838;421617;33776;78.3;77.0;6.2
71;2021-10-31;9;14;48;428847;421631;33824;78.3;77.0;6.2
71;2021-11-01;17;9;2;428864;421640;33826;78.3;77.0;6.2
71;2021-11-02;175;243;1326;429039;421883;35152;78.3;77.0;6.4
71;2021-11-03;191;354;1388;429230;422237;36540;78.4;77.1;6.7
71;2021-11-04;133;161;1091;429363;422398;37631;78.4;77.1;6.9
71;2021-11-05;227;307;2100;429590;422705;39731;78.4;77.2;7.3
71;2021-11-06;75;101;292;429665;422806;40023;78.4;77.2;7.3
71;2021-11-07;1;4;22;429666;422810;40045;78.4;77.2;7.3
71;2021-11-08;155;246;1691;429821;423056;41736;78.5;77.2;7.6
71;2021-11-09;96;194;1773;429917;423250;43509;78.5;77.3;7.9
71;2021-11-10;218;297;2043;430135;423547;45552;78.5;77.3;8.3
71;2021-11-11;15;22;87;430150;423569;45639;78.5;77.3;8.3
71;2021-11-12;193;293;2143;430343;423862;47782;78.6;77.4;8.7
71;2021-11-13;62;78;339;430405;423940;48121;78.6;77.4;8.8
71;2021-11-14;4;9;8;430409;423949;48129;78.6;77.4;8.8
71;2021-11-15;138;200;1930;430547;424149;50059;78.6;77.4;9.1
71;2021-11-16;138;162;2080;430685;424311;52139;78.6;77.5;9.5
71;2021-11-17;187;238;2152;430872;424549;54291;78.7;77.5;9.9
71;2021-11-18;123;153;1734;430995;424702;56025;78.7;77.5;10.2
71;2021-11-19;220;279;2674;431215;424981;58699;78.7;77.6;10.7
71;2021-11-20;70;55;489;431285;425036;59188;78.7;77.6;10.8
71;2021-11-21;5;18;87;431290;425054;59275;78.7;77.6;10.8
71;2021-11-22;200;139;2457;431490;425193;61732;78.8;77.6;11.3
71;2021-11-23;139;179;2187;431629;425372;63919;78.8;77.6;11.7
71;2021-11-24;275;281;2698;431904;425653;66617;78.8;77.7;12.2
71;2021-11-25;153;145;2271;432057;425798;68888;78.9;77.7;12.6
71;2021-11-26;271;291;4014;432328;426089;72902;78.9;77.8;13.3
71;2021-11-27;88;99;737;432416;426188;73639;78.9;77.8;13.4
71;2021-11-28;12;18;126;432428;426206;73765;78.9;77.8;13.5
71;2021-11-29;175;167;3722;432603;426373;77487;79.0;77.8;14.1
71;2021-11-30;177;169;4384;432780;426542;81871;79.0;77.9;14.9
71;2021-12-01;183;247;4756;432963;426789;86627;79.0;77.9;15.8
71;2021-12-02;144;89;4487;433107;426878;91114;79.1;77.9;16.6
71;2021-12-03;161;254;5940;433268;427132;97054;79.1;78.0;17.7
71;2021-12-04;95;116;2047;433363;427248;99101;79.1;78.0;18.1
71;2021-12-05;8;16;197;433371;427264;99298;79.1;78.0;18.1
71;2021-12-06;135;212;5908;433506;427476;105206;79.1;78.0;19.2
71;2021-12-07;153;196;7295;433659;427672;112501;79.2;78.1;20.5
71;2021-12-08;159;197;6282;433818;427869;118783;79.2;78.1;21.7
71;2021-12-09;159;171;6867;433977;428040;125650;79.2;78.1;22.9
71;2021-12-10;176;230;7138;434153;428270;132788;79.3;78.2;24.2
71;2021-12-11;96;99;2483;434249;428369;135271;79.3;78.2;24.7
71;2021-12-12;14;10;367;434263;428379;135638;79.3;78.2;24.8
71;2021-12-13;146;188;6640;434409;428567;142278;79.3;78.2;26.0
71;2021-12-14;163;185;7893;434572;428752;150171;79.3;78.3;27.4
71;2021-12-15;154;281;6997;434726;429033;157168;79.4;78.3;28.7
71;2021-12-16;161;167;7411;434887;429200;164579;79.4;78.3;30.0
71;2021-12-17;202;314;7902;435089;429514;172481;79.4;78.4;31.5
71;2021-12-18;172;106;2766;435261;429620;175247;79.5;78.4;32.0
71;2021-12-19;18;18;280;435279;429638;175527;79.5;78.4;32.0
71;2021-12-20;210;247;6643;435489;429885;182170;79.5;78.5;33.3
71;2021-12-21;283;230;7723;435772;430115;189893;79.5;78.5;34.7
71;2021-12-22;273;228;6081;436045;430343;195974;79.6;78.6;35.8
71;2021-12-23;214;171;4057;436259;430514;200031;79.6;78.6;36.5
71;2021-12-24;40;31;481;436299;430545;200512;79.6;78.6;36.6
71;2021-12-25;3;16;51;436302;430561;200563;79.6;78.6;36.6
71;2021-12-26;3;14;90;436305;430575;200653;79.6;78.6;36.6
71;2021-12-27;135;192;4844;436440;430767;205497;79.7;78.6;37.5
71;2021-12-28;213;204;6184;436653;430971;211681;79.7;78.7;38.6
72;2020-12-27;0;0;0;0;0;0;0.0;0.0;0.0
72;2020-12-28;2;0;0;2;0;0;0.0;0.0;0.0
72;2020-12-29;0;0;0;2;0;0;0.0;0.0;0.0
72;2020-12-30;0;0;0;2;0;0;0.0;0.0;0.0
72;2020-12-31;0;0;0;2;0;0;0.0;0.0;0.0
72;2021-01-01;1;0;0;3;0;0;0.0;0.0;0.0
72;2021-01-02;0;0;0;3;0;0;0.0;0.0;0.0
72;2021-01-03;0;0;0;3;0;0;0.0;0.0;0.0
72;2021-01-04;1;0;0;4;0;0;0.0;0.0;0.0
72;2021-01-05;15;0;0;19;0;0;0.0;0.0;0.0
72;2021-01-06;42;0;0;61;0;0;0.0;0.0;0.0
72;2021-01-07;142;1;0;203;1;0;0.0;0.0;0.0
72;2021-01-08;255;1;0;458;2;0;0.1;0.0;0.0
72;2021-01-09;48;0;0;506;2;0;0.1;0.0;0.0
72;2021-01-10;14;0;0;520;2;0;0.1;0.0;0.0
72;2021-01-11;513;1;0;1033;3;0;0.2;0.0;0.0
72;2021-01-12;621;1;0;1654;4;0;0.3;0.0;0.0
72;2021-01-13;563;2;0;2217;6;0;0.4;0.0;0.0
72;2021-01-14;672;4;0;2889;10;0;0.5;0.0;0.0
72;2021-01-15;505;1;0;3394;11;0;0.6;0.0;0.0
72;2021-01-16;120;0;0;3514;11;0;0.6;0.0;0.0
72;2021-01-17;34;1;0;3548;12;0;0.6;0.0;0.0
72;2021-01-18;407;1;0;3955;13;0;0.7;0.0;0.0
72;2021-01-19;859;5;0;4814;18;0;0.9;0.0;0.0
72;2021-01-20;1506;6;0;6320;24;0;1.1;0.0;0.0
72;2021-01-21;1790;6;0;8110;30;0;1.4;0.0;0.0
72;2021-01-22;1141;6;0;9251;36;0;1.7;0.0;0.0
72;2021-01-23;73;1;0;9324;37;0;1.7;0.0;0.0
72;2021-01-24;12;0;0;9336;37;0;1.7;0.0;0.0
72;2021-01-25;570;6;0;9906;43;0;1.8;0.0;0.0
72;2021-01-26;1214;23;0;11120;66;0;2.0;0.0;0.0
72;2021-01-27;961;24;0;12081;90;0;2.2;0.0;0.0
72;2021-01-28;859;70;0;12940;160;0;2.3;0.0;0.0
72;2021-01-29;712;67;0;13652;227;0;2.4;0.0;0.0
72;2021-01-30;101;1;0;13753;228;0;2.5;0.0;0.0
72;2021-01-31;2;1;0;13755;229;0;2.5;0.0;0.0
72;2021-02-01;552;248;0;14307;477;0;2.6;0.1;0.0
72;2021-02-02;559;296;0;14866;773;0;2.7;0.1;0.0
72;2021-02-03;545;259;0;15411;1032;0;2.8;0.2;0.0
72;2021-02-04;546;367;0;15957;1399;0;2.8;0.2;0.0
72;2021-02-05;532;441;0;16489;1840;0;2.9;0.3;0.0
72;2021-02-06;108;37;0;16597;1877;0;3.0;0.3;0.0
72;2021-02-07;18;6;0;16615;1883;0;3.0;0.3;0.0
72;2021-02-08;350;441;0;16965;2324;0;3.0;0.4;0.0
72;2021-02-09;527;558;0;17492;2882;0;3.1;0.5;0.0
72;2021-02-10;594;925;0;18086;3807;0;3.2;0.7;0.0
72;2021-02-11;941;1352;0;19027;5159;0;3.4;0.9;0.0
72;2021-02-12;891;588;0;19918;5747;0;3.6;1.0;0.0
72;2021-02-13;131;71;0;20049;5818;0;3.6;1.0;0.0
72;2021-02-14;1;41;0;20050;5859;0;3.6;1.0;0.0
72;2021-02-15;267;598;0;20317;6457;0;3.6;1.2;0.0
72;2021-02-16;529;1051;0;20846;7508;0;3.7;1.3;0.0
72;2021-02-17;485;754;0;21331;8262;0;3.8;1.5;0.0
72;2021-02-18;639;722;0;21970;8984;0;3.9;1.6;0.0
72;2021-02-19;557;640;0;22527;9624;0;4.0;1.7;0.0
72;2021-02-20;87;88;0;22614;9712;0;4.0;1.7;0.0
72;2021-02-21;0;3;0;22614;9715;0;4.0;1.7;0.0
72;2021-02-22;345;647;0;22959;10362;0;4.1;1.8;0.0
72;2021-02-23;603;637;0;23562;10999;0;4.2;2.0;0.0
72;2021-02-24;505;604;0;24067;11603;0;4.3;2.1;0.0
72;2021-02-25;929;643;0;24996;12246;0;4.5;2.2;0.0
72;2021-02-26;665;592;0;25661;12838;0;4.6;2.3;0.0
72;2021-02-27;336;97;0;25997;12935;0;4.6;2.3;0.0
72;2021-02-28;15;19;0;26012;12954;0;4.6;2.3;0.0
72;2021-03-01;384;515;0;26396;13469;0;4.7;2.4;0.0
72;2021-03-02;523;666;0;26919;14135;0;4.8;2.5;0.0
72;2021-03-03;743;691;0;27662;14826;0;4.9;2.6;0.0
72;2021-03-04;764;839;0;28426;15665;0;5.1;2.8;0.0
72;2021-03-05;954;752;0;29380;16417;0;5.2;2.9;0.0
72;2021-03-06;815;164;0;30195;16581;0;5.4;3.0;0.0
72;2021-03-07;421;25;0;30616;16606;0;5.5;3.0;0.0
72;2021-03-08;568;490;0;31184;17096;0;5.6;3.1;0.0
72;2021-03-09;1095;648;0;32279;17744;0;5.8;3.2;0.0
72;2021-03-10;1221;652;0;33500;18396;0;6.0;3.3;0.0
72;2021-03-11;1670;523;0;35170;18919;0;6.3;3.4;0.0
72;2021-03-12;1506;519;0;36676;19438;0;6.5;3.5;0.0
72;2021-03-13;1069;133;0;37745;19571;0;6.7;3.5;0.0
72;2021-03-14;25;8;0;37770;19579;0;6.7;3.5;0.0
72;2021-03-15;1210;215;0;38980;19794;0;7.0;3.5;0.0
72;2021-03-16;1115;196;0;40095;19990;0;7.2;3.6;0.0
72;2021-03-17;1105;270;0;41200;20260;0;7.4;3.6;0.0
72;2021-03-18;1175;386;0;42375;20646;0;7.6;3.7;0.0
72;2021-03-19;1386;297;0;43761;20943;0;7.8;3.7;0.0
72;2021-03-20;515;81;0;44276;21024;0;7.9;3.8;0.0
72;2021-03-21;26;4;0;44302;21028;0;7.9;3.8;0.0
72;2021-03-22;1428;346;0;45730;21374;0;8.2;3.8;0.0
72;2021-03-23;1836;507;0;47566;21881;0;8.5;3.9;0.0
72;2021-03-24;1966;306;0;49532;22187;0;8.8;4.0;0.0
72;2021-03-25;2585;481;0;52117;22668;0;9.3;4.0;0.0
72;2021-03-26;2494;371;0;54611;23039;0;9.7;4.1;0.0
72;2021-03-27;710;35;0;55321;23074;0;9.9;4.1;0.0
72;2021-03-28;49;1;0;55370;23075;0;9.9;4.1;0.0
72;2021-03-29;1718;381;0;57088;23456;0;10.2;4.2;0.0
72;2021-03-30;2615;406;0;59703;23862;0;10.7;4.3;0.0
72;2021-03-31;2342;385;0;62045;24247;0;11.1;4.3;0.0
72;2021-04-01;3048;383;0;65093;24630;0;11.6;4.4;0.0
72;2021-04-02;2438;440;0;67531;25070;0;12.1;4.5;0.0
72;2021-04-03;376;65;0;67907;25135;0;12.1;4.5;0.0
72;2021-04-04;26;6;0;67933;25141;0;12.1;4.5;0.0
72;2021-04-05;124;52;0;68057;25193;0;12.1;4.5;0.0
72;2021-04-06;1882;523;0;69939;25716;0;12.5;4.6;0.0
72;2021-04-07;2723;683;0;72662;26399;0;13.0;4.7;0.0
72;2021-04-08;2879;851;0;75541;27250;0;13.5;4.9;0.0
72;2021-04-09;4069;652;0;79610;27902;0;14.2;5.0;0.0
72;2021-04-10;1282;96;0;80892;27998;0;14.4;5.0;0.0
72;2021-04-11;31;8;0;80923;28006;0;14.4;5.0;0.0
72;2021-04-12;2018;971;0;82941;28977;0;14.8;5.2;0.0
72;2021-04-13;2616;1180;0;85557;30157;0;15.3;5.4;0.0
72;2021-04-14;2458;1177;0;88015;31334;0;15.7;5.6;0.0
72;2021-04-15;2705;1200;0;90720;32534;0;16.2;5.8;0.0
72;2021-04-16;2849;1090;0;93569;33624;0;16.7;6.0;0.0
72;2021-04-17;986;184;0;94555;33808;0;16.9;6.0;0.0
72;2021-04-18;90;5;0;94645;33813;0;16.9;6.0;0.0
72;2021-04-19;1619;1201;0;96264;35014;0;17.2;6.2;0.0
72;2021-04-20;3234;1387;0;99498;36401;0;17.8;6.5;0.0
72;2021-04-21;2687;1668;0;102185;38069;0;18.2;6.8;0.0
72;2021-04-22;3013;1910;0;105198;39979;0;18.8;7.1;0.0
72;2021-04-23;3428;1595;0;108626;41574;0;19.4;7.4;0.0
72;2021-04-24;1671;347;0;110297;41921;0;19.7;7.5;0.0
72;2021-04-25;873;26;0;111170;41947;0;19.8;7.5;0.0
72;2021-04-26;3665;1626;0;114835;43573;0;20.5;7.8;0.0
72;2021-04-27;4261;2049;0;119096;45622;0;21.3;8.1;0.0
72;2021-04-28;4070;2073;0;123166;47695;0;22.0;8.5;0.0
72;2021-04-29;4418;1962;0;127584;49657;0;22.8;8.9;0.0
72;2021-04-30;3896;1862;0;131480;51519;0;23.5;9.2;0.0
72;2021-05-01;1659;234;0;133139;51753;0;23.8;9.2;0.0
72;2021-05-02;1497;172;0;134636;51925;0;24.0;9.3;0.0
72;2021-05-03;3606;1280;0;138242;53205;0;24.7;9.5;0.0
72;2021-05-04;4134;2017;0;142376;55222;0;25.4;9.9;0.0
72;2021-05-05;3984;2346;0;146360;57568;0;26.1;10.3;0.0
72;2021-05-06;3823;2180;0;150183;59748;0;26.8;10.7;0.0
72;2021-05-07;3663;2388;0;153846;62136;0;27.5;11.1;0.0
72;2021-05-08;1977;225;0;155823;62361;0;27.8;11.1;0.0
72;2021-05-09;1948;220;0;157771;62581;0;28.2;11.2;0.0
72;2021-05-10;3823;1841;0;161594;64422;0;28.8;11.5;0.0
72;2021-05-11;4634;2313;0;166228;66735;0;29.7;11.9;0.0
72;2021-05-12;4169;2091;0;170397;68826;0;30.4;12.3;0.0
72;2021-05-13;2932;351;0;173329;69177;0;30.9;12.3;0.0
72;2021-05-14;3797;1534;0;177126;70711;0;31.6;12.6;0.0
72;2021-05-15;3145;518;0;180271;71229;0;32.2;12.7;0.0
72;2021-05-16;2390;157;0;182661;71386;0;32.6;12.7;0.0
72;2021-05-17;3861;1479;0;186522;72865;0;33.3;13.0;0.0
72;2021-05-18;4503;1842;0;191025;74707;0;34.1;13.3;0.0
72;2021-05-19;4185;1692;0;195210;76399;0;34.8;13.6;0.0
72;2021-05-20;4490;1554;0;199700;77953;0;35.6;13.9;0.0
72;2021-05-21;4004;1519;0;203704;79472;0;36.4;14.2;0.0
72;2021-05-22;2649;602;0;206353;80074;0;36.8;14.3;0.0
72;2021-05-23;1325;160;0;207678;80234;0;37.1;14.3;0.0
72;2021-05-24;2410;305;0;210088;80539;0;37.5;14.4;0.0
72;2021-05-25;4168;1471;0;214256;82010;0;38.2;14.6;0.0
72;2021-05-26;4199;1532;0;218455;83542;0;39.0;14.9;0.0
72;2021-05-27;4482;2124;0;222937;85666;0;39.8;15.3;0.0
72;2021-05-28;4208;2100;0;227145;87766;0;40.5;15.7;0.0
72;2021-05-29;2709;898;0;229854;88664;0;41.0;15.8;0.0
72;2021-05-30;1086;852;0;230940;89516;0;41.2;16.0;0.0
72;2021-05-31;3183;2454;0;234123;91970;0;41.8;16.4;0.0
72;2021-06-01;3644;2819;0;237767;94789;0;42.4;16.9;0.0
72;2021-06-02;3773;2902;0;241540;97691;0;43.1;17.4;0.0
72;2021-06-03;4500;3034;0;246040;100725;0;43.9;18.0;0.0
72;2021-06-04;4062;2876;0;250102;103601;0;44.6;18.5;0.0
72;2021-06-05;1578;2667;0;251680;106268;0;44.9;19.0;0.0
72;2021-06-06;859;1499;0;252539;107767;0;45.1;19.2;0.0
72;2021-06-07;2007;3617;0;254546;111384;0;45.4;19.9;0.0
72;2021-06-08;3159;4015;0;257705;115399;0;46.0;20.6;0.0
72;2021-06-09;2855;3477;0;260560;118876;0;46.5;21.2;0.0
72;2021-06-10;3067;3407;0;263627;122283;0;47.1;21.8;0.0
72;2021-06-11;3013;3935;0;266640;126218;0;47.6;22.5;0.0
72;2021-06-12;1501;2694;0;268141;128912;0;47.9;23.0;0.0
72;2021-06-13;411;1799;0;268552;130711;0;47.9;23.3;0.0
72;2021-06-14;1492;4318;0;270044;135029;0;48.2;24.1;0.0
72;2021-06-15;2867;3675;0;272911;138704;0;48.7;24.8;0.0
72;2021-06-16;2555;3724;0;275466;142428;0;49.2;25.4;0.0
72;2021-06-17;2456;3945;0;277922;146373;0;49.6;26.1;0.0
72;2021-06-18;2450;4470;0;280372;150843;0;50.0;26.9;0.0
72;2021-06-19;1244;2818;0;281616;153661;0;50.3;27.4;0.0
72;2021-06-20;337;1944;0;281953;155605;0;50.3;27.8;0.0
72;2021-06-21;1592;4145;0;283545;159750;0;50.6;28.5;0.0
72;2021-06-22;1841;5092;0;285386;164842;0;50.9;29.4;0.0
72;2021-06-23;2072;4422;0;287458;169264;0;51.3;30.2;0.0
72;2021-06-24;2321;4028;0;289779;173292;0;51.7;30.9;0.0
72;2021-06-25;1866;5044;0;291645;178336;0;52.1;31.8;0.0
72;2021-06-26;1235;2968;0;292880;181304;0;52.3;32.4;0.0
72;2021-06-27;400;1997;0;293280;183301;0;52.4;32.7;0.0
72;2021-06-28;1433;4518;0;294713;187819;0;52.6;33.5;0.0
72;2021-06-29;1771;5054;0;296484;192873;0;52.9;34.4;0.0
72;2021-06-30;2037;4488;0;298521;197361;0;53.3;35.2;0.0
72;2021-07-01;2047;4477;0;300568;201838;0;53.7;36.0;0.0
72;2021-07-02;1901;4927;1;302469;206765;1;54.0;36.9;0.0
72;2021-07-03;1308;3301;1;303777;210066;2;54.2;37.5;0.0
72;2021-07-04;571;1886;0;304348;211952;2;54.3;37.8;0.0
72;2021-07-05;1205;4282;0;305553;216234;2;54.5;38.6;0.0
72;2021-07-06;1518;5333;1;307071;221567;3;54.8;39.5;0.0
72;2021-07-07;1649;4768;0;308720;226335;3;55.1;40.4;0.0
72;2021-07-08;1739;4512;0;310459;230847;3;55.4;41.2;0.0
72;2021-07-09;2167;4793;0;312626;235640;3;55.8;42.1;0.0
72;2021-07-10;1617;2799;0;314243;238439;3;56.1;42.6;0.0
72;2021-07-11;908;1519;0;315151;239958;3;56.3;42.8;0.0
72;2021-07-12;1560;4001;0;316711;243959;3;56.5;43.5;0.0
72;2021-07-13;2093;5060;0;318804;249019;3;56.9;44.4;0.0
72;2021-07-14;1314;2327;0;320118;251346;3;57.1;44.9;0.0
72;2021-07-15;3439;3833;0;323557;255179;3;57.8;45.5;0.0
72;2021-07-16;3302;4502;0;326859;259681;3;58.3;46.4;0.0
72;2021-07-17;2518;1971;0;329377;261652;3;58.8;46.7;0.0
72;2021-07-18;1669;827;0;331046;262479;3;59.1;46.9;0.0
72;2021-07-19;2732;3834;1;333778;266313;4;59.6;47.5;0.0
72;2021-07-20;2991;4630;0;336769;270943;4;60.1;48.4;0.0
72;2021-07-21;2953;3830;1;339722;274773;5;60.6;49.0;0.0
72;2021-07-22;3794;3173;0;343516;277946;5;61.3;49.6;0.0
72;2021-07-23;3535;4032;0;347051;281978;5;61.9;50.3;0.0
72;2021-07-24;2777;1680;0;349828;283658;5;62.4;50.6;0.0
72;2021-07-25;1375;1041;0;351203;284699;5;62.7;50.8;0.0
72;2021-07-26;2852;3197;0;354055;287896;5;63.2;51.4;0.0
72;2021-07-27;3947;3979;0;358002;291875;5;63.9;52.1;0.0
72;2021-07-28;3718;3269;0;361720;295144;5;64.6;52.7;0.0
72;2021-07-29;3904;2857;0;365624;298001;5;65.3;53.2;0.0
72;2021-07-30;3841;3586;0;369465;301587;5;65.9;53.8;0.0
72;2021-07-31;2397;1909;0;371862;303496;5;66.4;54.2;0.0
72;2021-08-01;1734;439;0;373596;303935;5;66.7;54.3;0.0
72;2021-08-02;3147;2404;0;376743;306339;5;67.2;54.7;0.0
72;2021-08-03;3333;3324;0;380076;309663;5;67.8;55.3;0.0
72;2021-08-04;3696;2603;0;383772;312266;5;68.5;55.7;0.0
72;2021-08-05;3877;2556;0;387649;314822;5;69.2;56.2;0.0
72;2021-08-06;3364;2788;0;391013;317610;5;69.8;56.7;0.0
72;2021-08-07;2259;1681;0;393272;319291;5;70.2;57.0;0.0
72;2021-08-08;1470;705;0;394742;319996;5;70.5;57.1;0.0
72;2021-08-09;2568;2801;0;397310;322797;5;70.9;57.6;0.0
72;2021-08-10;2780;2856;0;400090;325653;5;71.4;58.1;0.0
72;2021-08-11;2288;2353;0;402378;328006;5;71.8;58.5;0.0
72;2021-08-12;2237;2632;0;404615;330638;5;72.2;59.0;0.0
72;2021-08-13;2056;2384;0;406671;333022;5;72.6;59.4;0.0
72;2021-08-14;1094;1585;0;407765;334607;5;72.8;59.7;0.0
72;2021-08-15;562;591;0;408327;335198;5;72.9;59.8;0.0
72;2021-08-16;1619;2553;0;409946;337751;5;73.2;60.3;0.0
72;2021-08-17;1692;3058;0;411638;340809;5;73.5;60.8;0.0
72;2021-08-18;1677;3035;0;413315;343844;5;73.8;61.4;0.0
72;2021-08-19;1222;3100;0;414537;346944;5;74.0;61.9;0.0
72;2021-08-20;1554;3366;0;416091;350310;5;74.3;62.5;0.0
72;2021-08-21;686;2024;0;416777;352334;5;74.4;62.9;0.0
72;2021-08-22;241;1105;0;417018;353439;5;74.4;63.1;0.0
72;2021-08-23;1657;3475;0;418675;356914;5;74.7;63.7;0.0
72;2021-08-24;1461;4161;0;420136;361075;5;75.0;64.5;0.0
72;2021-08-25;1536;3522;0;421672;364597;5;75.3;65.1;0.0
72;2021-08-26;1199;4376;0;422871;368973;5;75.5;65.9;0.0
72;2021-08-27;1163;4159;1;424034;373132;6;75.7;66.6;0.0
72;2021-08-28;845;2608;0;424879;375740;6;75.8;67.1;0.0
72;2021-08-29;337;1564;0;425216;377304;6;75.9;67.3;0.0
72;2021-08-30;1088;3309;61;426304;380613;67;76.1;67.9;0.0
72;2021-08-31;1158;3799;107;427462;384412;174;76.3;68.6;0.0
72;2021-09-01;1077;3127;163;428539;387539;337;76.5;69.2;0.1
72;2021-09-02;910;3121;230;429449;390660;567;76.7;69.7;0.1
72;2021-09-03;910;2998;244;430359;393658;811;76.8;70.3;0.1
72;2021-09-04;696;2507;114;431055;396165;925;76.9;70.7;0.2
72;2021-09-05;223;1370;56;431278;397535;981;77.0;71.0;0.2
72;2021-09-06;577;2425;303;431855;399960;1284;77.1;71.4;0.2
72;2021-09-07;492;2517;383;432347;402477;1667;77.2;71.8;0.3
72;2021-09-08;622;2903;308;432969;405380;1975;77.3;72.4;0.4
72;2021-09-09;409;1705;327;433378;407085;2302;77.4;72.7;0.4
72;2021-09-10;631;2273;353;434009;409358;2655;77.5;73.1;0.5
72;2021-09-11;404;2443;91;434413;411801;2746;77.5;73.5;0.5
72;2021-09-12;147;862;31;434560;412663;2777;77.6;73.7;0.5
72;2021-09-13;368;1248;336;434928;413911;3113;77.6;73.9;0.6
72;2021-09-14;474;1199;518;435402;415110;3631;77.7;74.1;0.6
72;2021-09-15;596;1887;412;435998;416997;4043;77.8;74.4;0.7
72;2021-09-16;347;779;467;436345;417776;4510;77.9;74.6;0.8
72;2021-09-17;448;1393;581;436793;419169;5091;78.0;74.8;0.9
72;2021-09-18;350;1438;127;437143;420607;5218;78.0;75.1;0.9
72;2021-09-19;82;344;33;437225;420951;5251;78.0;75.1;0.9
72;2021-09-20;354;799;348;437579;421750;5599;78.1;75.3;1.0
72;2021-09-21;318;778;645;437897;422528;6244;78.2;75.4;1.1
72;2021-09-22;411;1486;467;438308;424014;6711;78.2;75.7;1.2
72;2021-09-23;378;609;426;438686;424623;7137;78.3;75.8;1.3
72;2021-09-24;569;1018;389;439255;425641;7526;78.4;76.0;1.3
72;2021-09-25;252;978;149;439507;426619;7675;78.5;76.2;1.4
72;2021-09-26;74;194;26;439581;426813;7701;78.5;76.2;1.4
72;2021-09-27;214;614;506;439795;427427;8207;78.5;76.3;1.5
72;2021-09-28;201;418;688;439996;427845;8895;78.5;76.4;1.6
72;2021-09-29;337;949;730;440333;428794;9625;78.6;76.5;1.7
72;2021-09-30;169;342;412;440502;429136;10037;78.6;76.6;1.8
72;2021-10-01;323;717;523;440825;429853;10560;78.7;76.7;1.9
72;2021-10-02;292;564;208;441117;430417;10768;78.7;76.8;1.9
72;2021-10-03;82;142;20;441199;430559;10788;78.8;76.9;1.9
72;2021-10-04;199;419;448;441398;430978;11236;78.8;76.9;2.0
72;2021-10-05;257;350;489;441655;431328;11725;78.8;77.0;2.1
72;2021-10-06;263;537;583;441918;431865;12308;78.9;77.1;2.2
72;2021-10-07;211;342;487;442129;432207;12795;78.9;77.1;2.3
72;2021-10-08;328;646;685;442457;432853;13480;79.0;77.3;2.4
72;2021-10-09;226;436;172;442683;433289;13652;79.0;77.3;2.4
72;2021-10-10;76;111;47;442759;433400;13699;79.0;77.4;2.4
72;2021-10-11;180;290;535;442939;433690;14234;79.1;77.4;2.5
72;2021-10-12;216;344;700;443155;434034;14934;79.1;77.5;2.7
72;2021-10-13;272;474;691;443427;434508;15625;79.2;77.6;2.8
72;2021-10-14;136;287;489;443563;434795;16114;79.2;77.6;2.9
72;2021-10-15;312;429;712;443875;435224;16826;79.2;77.7;3.0
72;2021-10-16;189;263;223;444064;435487;17049;79.3;77.7;3.0
72;2021-10-17;44;91;46;444108;435578;17095;79.3;77.8;3.1
72;2021-10-18;192;344;506;444300;435922;17601;79.3;77.8;3.1
72;2021-10-19;182;250;702;444482;436172;18303;79.3;77.9;3.3
72;2021-10-20;199;390;908;444681;436562;19211;79.4;77.9;3.4
72;2021-10-21;131;331;681;444812;436893;19892;79.4;78.0;3.6
72;2021-10-22;245;521;1034;445057;437414;20926;79.4;78.1;3.7
72;2021-10-23;174;308;385;445231;437722;21311;79.5;78.1;3.8
72;2021-10-24;39;84;42;445270;437806;21353;79.5;78.1;3.8
72;2021-10-25;199;241;771;445469;438047;22124;79.5;78.2;3.9
72;2021-10-26;157;197;977;445626;438244;23101;79.5;78.2;4.1
72;2021-10-27;177;267;1037;445803;438511;24138;79.6;78.3;4.3
72;2021-10-28;132;153;671;445935;438664;24809;79.6;78.3;4.4
72;2021-10-29;226;321;1161;446161;438985;25970;79.6;78.4;4.6
72;2021-10-30;115;197;267;446276;439182;26237;79.7;78.4;4.7
72;2021-10-31;24;74;40;446300;439256;26277;79.7;78.4;4.7
72;2021-11-01;33;23;68;446333;439279;26345;79.7;78.4;4.7
72;2021-11-02;173;246;860;446506;439525;27205;79.7;78.5;4.9
72;2021-11-03;145;280;975;446651;439805;28180;79.7;78.5;5.0
72;2021-11-04;140;170;926;446791;439975;29106;79.8;78.5;5.2
72;2021-11-05;239;304;1509;447030;440279;30615;79.8;78.6;5.5
72;2021-11-06;128;193;545;447158;440472;31160;79.8;78.6;5.6
72;2021-11-07;26;30;74;447184;440502;31234;79.8;78.6;5.6
72;2021-11-08;123;223;1607;447307;440725;32841;79.8;78.7;5.9
72;2021-11-09;164;206;1834;447471;440931;34675;79.9;78.7;6.2
72;2021-11-10;208;236;1868;447679;441167;36543;79.9;78.7;6.5
72;2021-11-11;69;53;215;447748;441220;36758;79.9;78.8;6.6
72;2021-11-12;164;239;1409;447912;441459;38167;80.0;78.8;6.8
72;2021-11-13;106;131;485;448018;441590;38652;80.0;78.8;6.9
72;2021-11-14;45;51;112;448063;441641;38764;80.0;78.8;6.9
72;2021-11-15;106;208;1641;448169;441849;40405;80.0;78.9;7.2
72;2021-11-16;152;177;2110;448321;442026;42515;80.0;78.9;7.6
72;2021-11-17;187;229;1841;448508;442255;44356;80.1;78.9;7.9
72;2021-11-18;152;130;1763;448660;442385;46119;80.1;79.0;8.2
72;2021-11-19;249;259;2359;448909;442644;48478;80.1;79.0;8.7
72;2021-11-20;184;175;541;449093;442819;49019;80.2;79.0;8.7
72;2021-11-21;52;54;107;449145;442873;49126;80.2;79.1;8.8
72;2021-11-22;121;138;1899;449266;443011;51025;80.2;79.1;9.1
72;2021-11-23;141;147;1806;449407;443158;52831;80.2;79.1;9.4
72;2021-11-24;238;213;1981;449645;443371;54812;80.3;79.1;9.8
72;2021-11-25;166;133;2085;449811;443504;56897;80.3;79.2;10.2
72;2021-11-26;250;261;2963;450061;443765;59860;80.3;79.2;10.7
72;2021-11-27;171;178;1614;450232;443943;61474;80.4;79.2;11.0
72;2021-11-28;45;40;1178;450277;443983;62652;80.4;79.3;11.2
72;2021-11-29;110;134;3510;450387;444117;66162;80.4;79.3;11.8
72;2021-11-30;135;138;3907;450522;444255;70069;80.4;79.3;12.5
72;2021-12-01;175;185;4425;450697;444440;74494;80.4;79.3;13.3
72;2021-12-02;119;133;4478;450816;444573;78972;80.5;79.4;14.1
72;2021-12-03;121;185;4887;450937;444758;83859;80.5;79.4;15.0
72;2021-12-04;86;171;2669;451023;444929;86528;80.5;79.4;15.4
72;2021-12-05;35;40;1324;451058;444969;87852;80.5;79.4;15.7
72;2021-12-06;121;132;5129;451179;445101;92981;80.5;79.5;16.6
72;2021-12-07;113;134;6286;451292;445235;99267;80.6;79.5;17.7
72;2021-12-08;125;210;5357;451417;445445;104624;80.6;79.5;18.7
72;2021-12-09;125;135;6226;451542;445580;110850;80.6;79.5;19.8
72;2021-12-10;122;224;6118;451664;445804;116968;80.6;79.6;20.9
72;2021-12-11;91;207;3373;451755;446011;120341;80.6;79.6;21.5
72;2021-12-12;48;56;1782;451803;446067;122123;80.6;79.6;21.8
72;2021-12-13;110;127;5507;451913;446194;127630;80.7;79.6;22.8
72;2021-12-14;129;190;7252;452042;446384;134882;80.7;79.7;24.1
72;2021-12-15;140;214;6453;452182;446598;141335;80.7;79.7;25.2
72;2021-12-16;148;191;7267;452330;446789;148602;80.7;79.8;26.5
72;2021-12-17;132;263;6943;452462;447052;155545;80.8;79.8;27.8
72;2021-12-18;98;149;3963;452560;447201;159508;80.8;79.8;28.5
72;2021-12-19;73;79;2128;452633;447280;161636;80.8;79.8;28.9
72;2021-12-20;195;184;5907;452828;447464;167543;80.8;79.9;29.9
72;2021-12-21;196;180;6436;453024;447644;173979;80.9;79.9;31.1
72;2021-12-22;188;164;5592;453212;447808;179571;80.9;79.9;32.1
72;2021-12-23;186;139;4080;453398;447947;183651;80.9;80.0;32.8
72;2021-12-24;77;50;1139;453475;447997;184790;80.9;80.0;33.0
72;2021-12-25;3;3;130;453478;448000;184920;80.9;80.0;33.0
72;2021-12-26;29;18;935;453507;448018;185855;81.0;80.0;33.2
72;2021-12-27;151;150;4499;453658;448168;190354;81.0;80.0;34.0
72;2021-12-28;180;161;5307;453838;448329;195661;81.0;80.0;34.9
73;2020-12-27;0;0;0;0;0;0;0.0;0.0;0.0
73;2020-12-28;0;0;0;0;0;0;0.0;0.0;0.0
73;2020-12-29;0;0;0;0;0;0;0.0;0.0;0.0
73;2020-12-30;0;0;0;0;0;0;0.0;0.0;0.0
73;2020-12-31;0;0;0;0;0;0;0.0;0.0;0.0
73;2021-01-01;1;0;0;1;0;0;0.0;0.0;0.0
73;2021-01-02;0;0;0;1;0;0;0.0;0.0;0.0
73;2021-01-03;0;0;0;1;0;0;0.0;0.0;0.0
73;2021-01-04;7;0;0;8;0;0;0.0;0.0;0.0
73;2021-01-05;3;0;0;11;0;0;0.0;0.0;0.0
73;2021-01-06;11;0;0;22;0;0;0.0;0.0;0.0
73;2021-01-07;43;0;0;65;0;0;0.0;0.0;0.0
73;2021-01-08;90;0;0;155;0;0;0.0;0.0;0.0
73;2021-01-09;1;0;0;156;0;0;0.0;0.0;0.0
73;2021-01-10;1;0;0;157;0;0;0.0;0.0;0.0
73;2021-01-11;112;0;0;269;0;0;0.1;0.0;0.0
73;2021-01-12;321;0;0;590;0;0;0.1;0.0;0.0
73;2021-01-13;373;0;0;963;0;0;0.2;0.0;0.0
73;2021-01-14;529;2;0;1492;2;0;0.3;0.0;0.0
73;2021-01-15;591;1;0;2083;3;0;0.5;0.0;0.0
73;2021-01-16;135;2;0;2218;5;0;0.5;0.0;0.0
73;2021-01-17;10;0;0;2228;5;0;0.5;0.0;0.0
73;2021-01-18;556;0;0;2784;5;0;0.6;0.0;0.0
73;2021-01-19;1171;4;0;3955;9;0;0.9;0.0;0.0
73;2021-01-20;894;3;0;4849;12;0;1.1;0.0;0.0
73;2021-01-21;982;4;0;5831;16;0;1.3;0.0;0.0
73;2021-01-22;868;1;0;6699;17;0;1.5;0.0;0.0
73;2021-01-23;365;0;0;7064;17;0;1.6;0.0;0.0
73;2021-01-24;0;0;0;7064;17;0;1.6;0.0;0.0
73;2021-01-25;611;10;0;7675;27;0;1.8;0.0;0.0
73;2021-01-26;715;7;0;8390;34;0;1.9;0.0;0.0
73;2021-01-27;962;13;0;9352;47;0;2.2;0.0;0.0
73;2021-01-28;862;12;0;10214;59;0;2.4;0.0;0.0
73;2021-01-29;616;17;0;10830;76;0;2.5;0.0;0.0
73;2021-01-30;291;3;0;11121;79;0;2.6;0.0;0.0
73;2021-01-31;0;1;0;11121;80;0;2.6;0.0;0.0
73;2021-02-01;571;42;0;11692;122;0;2.7;0.0;0.0
73;2021-02-02;702;315;0;12394;437;0;2.9;0.1;0.0
73;2021-02-03;609;347;0;13003;784;0;3.0;0.2;0.0
73;2021-02-04;606;226;0;13609;1010;0;3.1;0.2;0.0
73;2021-02-05;600;394;0;14209;1404;0;3.3;0.3;0.0
73;2021-02-06;216;39;0;14425;1443;0;3.3;0.3;0.0
73;2021-02-07;1;1;0;14426;1444;0;3.3;0.3;0.0
73;2021-02-08;497;251;0;14923;1695;0;3.5;0.4;0.0
73;2021-02-09;750;456;0;15673;2151;0;3.6;0.5;0.0
73;2021-02-10;779;394;0;16452;2545;0;3.8;0.6;0.0
73;2021-02-11;946;691;0;17398;3236;0;4.0;0.7;0.0
73;2021-02-12;767;512;0;18165;3748;0;4.2;0.9;0.0
73;2021-02-13;265;66;0;18430;3814;0;4.3;0.9;0.0
73;2021-02-14;8;6;0;18438;3820;0;4.3;0.9;0.0
73;2021-02-15;341;518;0;18779;4338;0;4.3;1.0;0.0
73;2021-02-16;463;737;0;19242;5075;0;4.4;1.2;0.0
73;2021-02-17;450;883;0;19692;5958;0;4.6;1.4;0.0
73;2021-02-18;442;504;0;20134;6462;0;4.7;1.5;0.0
73;2021-02-19;397;605;0;20531;7067;0;4.7;1.6;0.0
73;2021-02-20;85;237;0;20616;7304;0;4.8;1.7;0.0
73;2021-02-21;1;0;0;20617;7304;0;4.8;1.7;0.0
73;2021-02-22;247;383;0;20864;7687;0;4.8;1.8;0.0
73;2021-02-23;323;480;0;21187;8167;0;4.9;1.9;0.0
73;2021-02-24;467;667;0;21654;8834;0;5.0;2.0;0.0
73;2021-02-25;528;521;0;22182;9355;0;5.1;2.2;0.0
73;2021-02-26;725;553;0;22907;9908;0;5.3;2.3;0.0
73;2021-02-27;304;168;0;23211;10076;0;5.4;2.3;0.0
73;2021-02-28;4;3;0;23215;10079;0;5.4;2.3;0.0
73;2021-03-01;570;471;0;23785;10550;0;5.5;2.4;0.0
73;2021-03-02;687;851;0;24472;11401;0;5.7;2.6;0.0
73;2021-03-03;630;1102;0;25102;12503;0;5.8;2.9;0.0
73;2021-03-04;1026;871;0;26128;13374;0;6.0;3.1;0.0
73;2021-03-05;1234;583;0;27362;13957;0;6.3;3.2;0.0
73;2021-03-06;1055;333;0;28417;14290;0;6.6;3.3;0.0
73;2021-03-07;419;83;0;28836;14373;0;6.7;3.3;0.0
73;2021-03-08;609;425;0;29445;14798;0;6.8;3.4;0.0
73;2021-03-09;979;522;0;30424;15320;0;7.0;3.5;0.0
73;2021-03-10;1036;834;0;31460;16154;0;7.3;3.7;0.0
73;2021-03-11;1548;643;0;33008;16797;0;7.6;3.9;0.0
73;2021-03-12;1954;525;0;34962;17322;0;8.1;4.0;0.0
73;2021-03-13;1169;215;0;36131;17537;0;8.4;4.1;0.0
73;2021-03-14;69;2;0;36200;17539;0;8.4;4.1;0.0
73;2021-03-15;1183;399;0;37383;17938;0;8.6;4.1;0.0
73;2021-03-16;798;406;0;38181;18344;0;8.8;4.2;0.0
73;2021-03-17;867;478;0;39048;18822;0;9.0;4.4;0.0
73;2021-03-18;1334;258;0;40382;19080;0;9.3;4.4;0.0
73;2021-03-19;1711;340;0;42093;19420;0;9.7;4.5;0.0
73;2021-03-20;899;137;0;42992;19557;0;9.9;4.5;0.0
73;2021-03-21;121;3;0;43113;19560;0;10.0;4.5;0.0
73;2021-03-22;1206;394;0;44319;19954;0;10.2;4.6;0.0
73;2021-03-23;1509;261;0;45828;20215;0;10.6;4.7;0.0
73;2021-03-24;1647;364;0;47475;20579;0;11.0;4.8;0.0
73;2021-03-25;2092;391;0;49567;20970;0;11.5;4.8;0.0
73;2021-03-26;2469;361;0;52036;21331;0;12.0;4.9;0.0
73;2021-03-27;923;161;0;52959;21492;0;12.2;5.0;0.0
73;2021-03-28;287;17;0;53246;21509;0;12.3;5.0;0.0
73;2021-03-29;1572;271;0;54818;21780;0;12.7;5.0;0.0
73;2021-03-30;2137;503;0;56955;22283;0;13.2;5.2;0.0
73;2021-03-31;2104;418;0;59059;22701;0;13.7;5.2;0.0
73;2021-04-01;2204;374;0;61263;23075;0;14.2;5.3;0.0
73;2021-04-02;2406;257;0;63669;23332;0;14.7;5.4;0.0
73;2021-04-03;864;167;0;64533;23499;0;14.9;5.4;0.0
73;2021-04-04;185;16;0;64718;23515;0;15.0;5.4;0.0
73;2021-04-05;327;38;0;65045;23553;0;15.0;5.4;0.0
73;2021-04-06;1657;543;0;66702;24096;0;15.4;5.6;0.0
73;2021-04-07;2086;678;0;68788;24774;0;15.9;5.7;0.0
73;2021-04-08;2586;856;0;71374;25630;0;16.5;5.9;0.0
73;2021-04-09;3099;592;0;74473;26222;0;17.2;6.1;0.0
73;2021-04-10;1281;366;0;75754;26588;0;17.5;6.1;0.0
73;2021-04-11;150;13;0;75904;26601;0;17.5;6.1;0.0
73;2021-04-12;1750;958;0;77654;27559;0;18.0;6.4;0.0
73;2021-04-13;2003;1136;0;79657;28695;0;18.4;6.6;0.0
73;2021-04-14;2095;1087;0;81752;29782;0;18.9;6.9;0.0
73;2021-04-15;2496;1191;0;84248;30973;0;19.5;7.2;0.0
73;2021-04-16;1953;970;0;86201;31943;0;19.9;7.4;0.0
73;2021-04-17;1246;585;0;87447;32528;0;20.2;7.5;0.0
73;2021-04-18;153;74;0;87600;32602;0;20.3;7.5;0.0
73;2021-04-19;1418;1119;0;89018;33721;0;20.6;7.8;0.0
73;2021-04-20;1871;1386;0;90889;35107;0;21.0;8.1;0.0
73;2021-04-21;1666;1331;0;92555;36438;0;21.4;8.4;0.0
73;2021-04-22;1951;1275;0;94506;37713;0;21.8;8.7;0.0
73;2021-04-23;1984;1285;0;96490;38998;0;22.3;9.0;0.0
73;2021-04-24;1070;720;0;97560;39718;0;22.6;9.2;0.0
73;2021-04-25;95;103;0;97655;39821;0;22.6;9.2;0.0
73;2021-04-26;1250;1367;0;98905;41188;0;22.9;9.5;0.0
73;2021-04-27;1601;1562;0;100506;42750;0;23.2;9.9;0.0
73;2021-04-28;1854;1551;0;102360;44301;0;23.7;10.2;0.0
73;2021-04-29;2566;1583;0;104926;45884;0;24.3;10.6;0.0
73;2021-04-30;2521;1481;0;107447;47365;0;24.8;11.0;0.0
73;2021-05-01;1080;319;0;108527;47684;0;25.1;11.0;0.0
73;2021-05-02;49;160;0;108576;47844;0;25.1;11.1;0.0
73;2021-05-03;1500;1728;0;110076;49572;0;25.4;11.5;0.0
73;2021-05-04;1843;2068;0;111919;51640;0;25.9;11.9;0.0
73;2021-05-05;2060;1909;0;113979;53549;0;26.4;12.4;0.0
73;2021-05-06;2526;1847;0;116505;55396;0;26.9;12.8;0.0
73;2021-05-07;2343;1987;0;118848;57383;0;27.5;13.3;0.0
73;2021-05-08;1751;392;0;120599;57775;0;27.9;13.4;0.0
73;2021-05-09;229;154;0;120828;57929;0;27.9;13.4;0.0
73;2021-05-10;1668;2003;0;122496;59932;0;28.3;13.9;0.0
73;2021-05-11;2483;2522;0;124979;62454;0;28.9;14.4;0.0
73;2021-05-12;3564;2165;0;128543;64619;0;29.7;14.9;0.0
73;2021-05-13;1777;333;0;130320;64952;0;30.1;15.0;0.0
73;2021-05-14;1914;1575;0;132234;66527;0;30.6;15.4;0.0
73;2021-05-15;1721;1027;0;133955;67554;0;31.0;15.6;0.0
73;2021-05-16;420;105;0;134375;67659;0;31.1;15.6;0.0
73;2021-05-17;2018;1940;0;136393;69599;0;31.5;16.1;0.0
73;2021-05-18;2840;1808;0;139233;71407;0;32.2;16.5;0.0
73;2021-05-19;2795;1597;0;142028;73004;0;32.8;16.9;0.0
73;2021-05-20;3481;1568;0;145509;74572;0;33.6;17.2;0.0
73;2021-05-21;2734;1843;0;148243;76415;0;34.3;17.7;0.0
73;2021-05-22;2114;907;0;150357;77322;0;34.8;17.9;0.0
73;2021-05-23;386;29;0;150743;77351;0;34.9;17.9;0.0
73;2021-05-24;2534;354;0;153277;77705;0;35.4;18.0;0.0
73;2021-05-25;2410;1778;0;155687;79483;0;36.0;18.4;0.0
73;2021-05-26;2415;1991;0;158102;81474;0;36.6;18.8;0.0
73;2021-05-27;3249;1789;0;161351;83263;0;37.3;19.2;0.0
73;2021-05-28;3030;2347;0;164381;85610;0;38.0;19.8;0.0
73;2021-05-29;2269;1320;0;166650;86930;0;38.5;20.1;0.0
73;2021-05-30;257;38;0;166907;86968;0;38.6;20.1;0.0
73;2021-05-31;2405;1763;0;169312;88731;0;39.1;20.5;0.0
73;2021-06-01;3155;1941;0;172467;90672;0;39.9;21.0;0.0
73;2021-06-02;2983;1511;0;175450;92183;0;40.6;21.3;0.0
73;2021-06-03;4242;1806;0;179692;93989;0;41.5;21.7;0.0
73;2021-06-04;4145;2325;0;183837;96314;0;42.5;22.3;0.0
73;2021-06-05;2925;1353;0;186762;97667;0;43.2;22.6;0.0
73;2021-06-06;1620;283;0;188382;97950;0;43.6;22.6;0.0
73;2021-06-07;2570;2218;0;190952;100168;0;44.1;23.2;0.0
73;2021-06-08;2575;1995;0;193527;102163;0;44.7;23.6;0.0
73;2021-06-09;2250;1869;0;195777;104032;0;45.3;24.1;0.0
73;2021-06-10;1945;1741;0;197722;105773;0;45.7;24.5;0.0
73;2021-06-11;2114;2516;0;199836;108289;0;46.2;25.0;0.0
73;2021-06-12;2055;1347;0;201891;109636;0;46.7;25.3;0.0
73;2021-06-13;71;99;0;201962;109735;0;46.7;25.4;0.0
73;2021-06-14;1278;3002;0;203240;112737;0;47.0;26.1;0.0
73;2021-06-15;1609;2787;0;204849;115524;0;47.4;26.7;0.0
73;2021-06-16;1477;2600;0;206326;118124;0;47.7;27.3;0.0
73;2021-06-17;1016;1792;0;207342;119916;0;47.9;27.7;0.0
73;2021-06-18;1868;2904;0;209210;122820;0;48.4;28.4;0.0
73;2021-06-19;1255;1972;0;210465;124792;0;48.7;28.9;0.0
73;2021-06-20;373;294;0;210838;125086;0;48.7;28.9;0.0
73;2021-06-21;1089;3055;0;211927;128141;0;49.0;29.6;0.0
73;2021-06-22;1075;2975;0;213002;131116;0;49.2;30.3;0.0
73;2021-06-23;1059;3176;0;214061;134292;0;49.5;31.0;0.0
73;2021-06-24;916;1965;0;214977;136257;0;49.7;31.5;0.0
73;2021-06-25;1228;2938;0;216205;139195;0;50.0;32.2;0.0
73;2021-06-26;842;2493;0;217047;141688;0;50.2;32.8;0.0
73;2021-06-27;279;576;0;217326;142264;0;50.2;32.9;0.0
73;2021-06-28;911;3693;0;218237;145957;0;50.5;33.7;0.0
73;2021-06-29;1039;3528;0;219276;149485;0;50.7;34.6;0.0
73;2021-06-30;1161;3155;0;220437;152640;0;51.0;35.3;0.0
73;2021-07-01;1205;2544;0;221642;155184;0;51.2;35.9;0.0
73;2021-07-02;1255;3732;0;222897;158916;0;51.5;36.7;0.0
73;2021-07-03;928;2809;0;223825;161725;0;51.7;37.4;0.0
73;2021-07-04;280;613;0;224105;162338;0;51.8;37.5;0.0
73;2021-07-05;1139;3668;0;225244;166006;0;52.1;38.4;0.0
73;2021-07-06;1264;3020;0;226508;169026;0;52.4;39.1;0.0
73;2021-07-07;1391;2949;0;227899;171975;0;52.7;39.8;0.0
73;2021-07-08;1318;2324;0;229217;174299;0;53.0;40.3;0.0
73;2021-07-09;1399;3944;0;230616;178243;0;53.3;41.2;0.0
73;2021-07-10;807;2917;0;231423;181160;0;53.5;41.9;0.0
73;2021-07-11;499;1282;0;231922;182442;0;53.6;42.2;0.0
73;2021-07-12;984;4026;0;232906;186468;0;53.8;43.1;0.0
73;2021-07-13;1747;4135;0;234653;190603;0;54.2;44.1;0.0
73;2021-07-14;1588;1705;0;236241;192308;0;54.6;44.5;0.0
73;2021-07-15;2533;3534;0;238774;195842;0;55.2;45.3;0.0
73;2021-07-16;2365;3858;0;241139;199700;0;55.7;46.2;0.0
73;2021-07-17;1501;2488;0;242640;202188;0;56.1;46.7;0.0
73;2021-07-18;929;1042;0;243569;203230;0;56.3;47.0;0.0
73;2021-07-19;2190;3090;0;245759;206320;0;56.8;47.7;0.0
73;2021-07-20;3157;2750;0;248916;209070;0;57.5;48.3;0.0
73;2021-07-21;3044;2573;0;251960;211643;0;58.3;48.9;0.0
73;2021-07-22;2662;2130;0;254622;213773;0;58.9;49.4;0.0
73;2021-07-23;3293;2861;0;257915;216634;0;59.6;50.1;0.0
73;2021-07-24;1946;2162;0;259861;218796;0;60.1;50.6;0.0
73;2021-07-25;537;652;0;260398;219448;0;60.2;50.7;0.0
73;2021-07-26;2500;2360;0;262898;221808;0;60.8;51.3;0.0
73;2021-07-27;3483;2145;0;266381;223953;0;61.6;51.8;0.0
73;2021-07-28;3275;1934;0;269656;225887;0;62.3;52.2;0.0
73;2021-07-29;3530;1820;0;273186;227707;0;63.2;52.6;0.0
73;2021-07-30;3334;2349;0;276520;230056;0;63.9;53.2;0.0
73;2021-07-31;2232;1386;0;278752;231442;0;64.4;53.5;0.0
73;2021-08-01;703;528;0;279455;231970;0;64.6;53.6;0.0
73;2021-08-02;2933;1924;0;282388;233894;0;65.3;54.1;0.0
73;2021-08-03;3161;1793;0;285549;235687;0;66.0;54.5;0.0
73;2021-08-04;2937;1833;0;288486;237520;0;66.7;54.9;0.0
73;2021-08-05;2522;1904;0;291008;239424;0;67.3;55.4;0.0
73;2021-08-06;2202;2262;0;293210;241686;0;67.8;55.9;0.0
73;2021-08-07;1250;1418;0;294460;243104;0;68.1;56.2;0.0
73;2021-08-08;377;494;0;294837;243598;0;68.2;56.3;0.0
73;2021-08-09;1611;2141;0;296448;245739;0;68.5;56.8;0.0
73;2021-08-10;1699;2299;0;298147;248038;0;68.9;57.3;0.0
73;2021-08-11;1591;2292;0;299738;250330;0;69.3;57.9;0.0
73;2021-08-12;1490;2235;0;301228;252565;0;69.6;58.4;0.0
73;2021-08-13;1375;2665;0;302603;255230;0;70.0;59.0;0.0
73;2021-08-14;926;1505;0;303529;256735;0;70.2;59.4;0.0
73;2021-08-15;89;165;0;303618;256900;0;70.2;59.4;0.0
73;2021-08-16;917;1551;0;304535;258451;0;70.4;59.8;0.0
73;2021-08-17;920;1908;0;305455;260359;0;70.6;60.2;0.0
73;2021-08-18;906;2632;0;306361;262991;0;70.8;60.8;0.0
73;2021-08-19;904;2739;0;307265;265730;0;71.0;61.4;0.0
73;2021-08-20;831;2983;0;308096;268713;0;71.2;62.1;0.0
73;2021-08-21;422;1821;0;308518;270534;0;71.3;62.5;0.0
73;2021-08-22;212;799;0;308730;271333;0;71.4;62.7;0.0
73;2021-08-23;701;2815;0;309431;274148;0;71.5;63.4;0.0
73;2021-08-24;861;2977;0;310292;277125;0;71.7;64.1;0.0
73;2021-08-25;721;2725;0;311013;279850;0;71.9;64.7;0.0
73;2021-08-26;683;2264;0;311696;282114;0;72.1;65.2;0.0
73;2021-08-27;762;2585;0;312458;284699;0;72.2;65.8;0.0
73;2021-08-28;429;1682;0;312887;286381;0;72.3;66.2;0.0
73;2021-08-29;251;836;0;313138;287217;0;72.4;66.4;0.0
73;2021-08-30;823;2477;20;313961;289694;20;72.6;67.0;0.0
73;2021-08-31;773;2283;31;314734;291977;51;72.8;67.5;0.0
73;2021-09-01;835;1949;155;315569;293926;206;73.0;68.0;0.0
73;2021-09-02;636;1667;280;316205;295593;486;73.1;68.3;0.1
73;2021-09-03;693;1885;210;316898;297478;696;73.3;68.8;0.2
73;2021-09-04;525;1231;92;317423;298709;788;73.4;69.1;0.2
73;2021-09-05;198;598;40;317621;299307;828;73.4;69.2;0.2
73;2021-09-06;377;1044;242;317998;300351;1070;73.5;69.4;0.2
73;2021-09-07;395;863;249;318393;301214;1319;73.6;69.6;0.3
73;2021-09-08;480;925;188;318873;302139;1507;73.7;69.9;0.3
73;2021-09-09;458;891;275;319331;303030;1782;73.8;70.1;0.4
73;2021-09-10;604;1176;284;319935;304206;2066;74.0;70.3;0.5
73;2021-09-11;363;896;88;320298;305102;2154;74.0;70.5;0.5
73;2021-09-12;68;140;9;320366;305242;2163;74.1;70.6;0.5
73;2021-09-13;342;702;345;320708;305944;2508;74.1;70.7;0.6
73;2021-09-14;398;632;376;321106;306576;2884;74.2;70.9;0.7
73;2021-09-15;416;881;312;321522;307457;3196;74.3;71.1;0.7
73;2021-09-16;324;590;308;321846;308047;3504;74.4;71.2;0.8
73;2021-09-17;390;874;430;322236;308921;3934;74.5;71.4;0.9
73;2021-09-18;257;617;136;322493;309538;4070;74.6;71.6;0.9
73;2021-09-19;45;176;9;322538;309714;4079;74.6;71.6;0.9
73;2021-09-20;185;647;380;322723;310361;4459;74.6;71.8;1.0
73;2021-09-21;283;535;534;323006;310896;4993;74.7;71.9;1.2
73;2021-09-22;270;789;329;323276;311685;5322;74.7;72.1;1.2
73;2021-09-23;246;480;421;323522;312165;5743;74.8;72.2;1.3
73;2021-09-24;283;825;477;323805;312990;6220;74.9;72.4;1.4
73;2021-09-25;187;720;99;323992;313710;6319;74.9;72.5;1.5
73;2021-09-26;60;182;14;324052;313892;6333;74.9;72.6;1.5
73;2021-09-27;238;485;527;324290;314377;6860;75.0;72.7;1.6
73;2021-09-28;190;347;435;324480;314724;7295;75.0;72.8;1.7
73;2021-09-29;232;658;335;324712;315382;7630;75.1;72.9;1.8
73;2021-09-30;201;380;326;324913;315762;7956;75.1;73.0;1.8
73;2021-10-01;275;588;339;325188;316350;8295;75.2;73.1;1.9
73;2021-10-02;191;493;150;325379;316843;8445;75.2;73.3;2.0
73;2021-10-03;8;31;3;325387;316874;8448;75.2;73.3;2.0
73;2021-10-04;251;365;434;325638;317239;8882;75.3;73.3;2.1
73;2021-10-05;178;319;521;325816;317558;9403;75.3;73.4;2.2
73;2021-10-06;310;497;395;326126;318055;9798;75.4;73.5;2.3
73;2021-10-07;170;305;424;326296;318360;10222;75.4;73.6;2.4
73;2021-10-08;325;562;588;326621;318922;10810;75.5;73.7;2.5
73;2021-10-09;170;358;121;326791;319280;10931;75.6;73.8;2.5
73;2021-10-10;6;15;4;326797;319295;10935;75.6;73.8;2.5
73;2021-10-11;210;329;401;327007;319624;11336;75.6;73.9;2.6
73;2021-10-12;151;193;293;327158;319817;11629;75.6;73.9;2.7
73;2021-10-13;234;364;459;327392;320181;12088;75.7;74.0;2.8
73;2021-10-14;175;303;551;327567;320484;12639;75.7;74.1;2.9
73;2021-10-15;229;352;464;327796;320836;13103;75.8;74.2;3.0
73;2021-10-16;122;198;160;327918;321034;13263;75.8;74.2;3.1
73;2021-10-17;4;7;25;327922;321041;13288;75.8;74.2;3.1
73;2021-10-18;178;338;433;328100;321379;13721;75.9;74.3;3.2
73;2021-10-19;102;255;805;328202;321634;14526;75.9;74.4;3.4
73;2021-10-20;108;201;501;328310;321835;15027;75.9;74.4;3.5
73;2021-10-21;79;189;663;328389;322024;15690;75.9;74.4;3.6
73;2021-10-22;116;215;528;328505;322239;16218;75.9;74.5;3.7
73;2021-10-23;66;151;121;328571;322390;16339;76.0;74.5;3.8
73;2021-10-24;2;12;1;328573;322402;16340;76.0;74.5;3.8
73;2021-10-25;106;136;576;328679;322538;16916;76.0;74.6;3.9
73;2021-10-26;128;202;917;328807;322740;17833;76.0;74.6;4.1
73;2021-10-27;94;249;706;328901;322989;18539;76.0;74.7;4.3
73;2021-10-28;88;144;841;328989;323133;19380;76.1;74.7;4.5
73;2021-10-29;124;259;826;329113;323392;20206;76.1;74.8;4.7
73;2021-10-30;61;143;255;329174;323535;20461;76.1;74.8;4.7
73;2021-10-31;6;25;33;329180;323560;20494;76.1;74.8;4.7
73;2021-11-01;24;6;39;329204;323566;20533;76.1;74.8;4.7
73;2021-11-02;116;194;901;329320;323760;21434;76.1;74.8;5.0
73;2021-11-03;91;183;851;329411;323943;22285;76.2;74.9;5.2
73;2021-11-04;85;166;873;329496;324109;23158;76.2;74.9;5.4
73;2021-11-05;105;207;1061;329601;324316;24219;76.2;75.0;5.6
73;2021-11-06;77;142;503;329678;324458;24722;76.2;75.0;5.7
73;2021-11-07;1;5;6;329679;324463;24728;76.2;75.0;5.7
73;2021-11-08;88;154;1198;329767;324617;25926;76.2;75.0;6.0
73;2021-11-09;88;153;1384;329855;324770;27310;76.3;75.1;6.3
73;2021-11-10;135;182;1333;329990;324952;28643;76.3;75.1;6.6
73;2021-11-11;8;22;99;329998;324974;28742;76.3;75.1;6.6
73;2021-11-12;94;157;1246;330092;325131;29988;76.3;75.2;6.9
73;2021-11-13;73;97;483;330165;325228;30471;76.3;75.2;7.0
73;2021-11-14;2;6;5;330167;325234;30476;76.3;75.2;7.0
73;2021-11-15;82;145;1652;330249;325379;32128;76.3;75.2;7.4
73;2021-11-16;90;126;1835;330339;325505;33963;76.4;75.3;7.9
73;2021-11-17;108;146;1492;330447;325651;35455;76.4;75.3;8.2
73;2021-11-18;69;84;1510;330516;325735;36965;76.4;75.3;8.5
73;2021-11-19;156;192;1744;330672;325927;38709;76.4;75.4;8.9
73;2021-11-20;114;114;723;330786;326041;39432;76.5;75.4;9.1
73;2021-11-21;2;14;86;330788;326055;39518;76.5;75.4;9.1
73;2021-11-22;86;84;1789;330874;326139;41307;76.5;75.4;9.5
73;2021-11-23;117;129;1999;330991;326268;43306;76.5;75.4;10.0
73;2021-11-24;152;139;1611;331143;326407;44917;76.6;75.5;10.4
73;2021-11-25;93;82;2071;331236;326489;46988;76.6;75.5;10.9
73;2021-11-26;144;167;2501;331380;326656;49489;76.6;75.5;11.4
73;2021-11-27;106;110;1057;331486;326766;50546;76.6;75.5;11.7
73;2021-11-28;5;26;50;331491;326792;50596;76.6;75.6;11.7
73;2021-11-29;72;99;2677;331563;326891;53273;76.7;75.6;12.3
73;2021-11-30;136;166;3872;331699;327057;57145;76.7;75.6;13.2
73;2021-12-01;107;142;3285;331806;327199;60430;76.7;75.6;14.0
73;2021-12-02;106;108;3944;331912;327307;64374;76.7;75.7;14.9
73;2021-12-03;90;146;4085;332002;327453;68459;76.8;75.7;15.8
73;2021-12-04;73;90;2007;332075;327543;70466;76.8;75.7;16.3
73;2021-12-05;17;23;762;332092;327566;71228;76.8;75.7;16.5
73;2021-12-06;92;134;3459;332184;327700;74687;76.8;75.8;17.3
73;2021-12-07;87;110;4030;332271;327810;78717;76.8;75.8;18.2
73;2021-12-08;118;152;4050;332389;327962;82767;76.8;75.8;19.1
73;2021-12-09;90;138;4809;332479;328100;87576;76.9;75.9;20.2
73;2021-12-10;101;142;4912;332580;328242;92488;76.9;75.9;21.4
73;2021-12-11;81;122;2635;332661;328364;95123;76.9;75.9;22.0
73;2021-12-12;12;13;1285;332673;328377;96408;76.9;75.9;22.3
73;2021-12-13;79;101;4598;332752;328478;101006;76.9;75.9;23.4
73;2021-12-14;105;151;5498;332857;328629;106504;77.0;76.0;24.6
73;2021-12-15;123;183;5141;332980;328812;111645;77.0;76.0;25.8
73;2021-12-16;117;125;6180;333097;328937;117825;77.0;76.0;27.2
73;2021-12-17;134;175;6099;333231;329112;123924;77.0;76.1;28.6
73;2021-12-18;73;121;2309;333304;329233;126233;77.1;76.1;29.2
73;2021-12-19;25;25;928;333329;329258;127161;77.1;76.1;29.4
73;2021-12-20;108;113;3396;333437;329371;130557;77.1;76.1;30.2
73;2021-12-21;157;142;3948;333594;329513;134505;77.1;76.2;31.1
73;2021-12-22;137;128;3490;333731;329641;137995;77.2;76.2;31.9
73;2021-12-23;93;86;2477;333824;329727;140472;77.2;76.2;32.5
73;2021-12-24;30;40;949;333854;329767;141421;77.2;76.2;32.7
73;2021-12-25;2;9;93;333856;329776;141514;77.2;76.2;32.7
73;2021-12-26;1;12;98;333857;329788;141612;77.2;76.2;32.7
73;2021-12-27;70;126;2367;333927;329914;143979;77.2;76.3;33.3
73;2021-12-28;97;112;2756;334024;330026;146735;77.2;76.3;33.9
74;2020-12-27;2;0;0;2;0;0;0.0;0.0;0.0
74;2020-12-28;2;1;0;4;1;0;0.0;0.0;0.0
74;2020-12-29;0;0;0;4;1;0;0.0;0.0;0.0
74;2020-12-30;0;0;0;4;1;0;0.0;0.0;0.0
74;2020-12-31;0;0;0;4;1;0;0.0;0.0;0.0
74;2021-01-01;0;0;0;4;1;0;0.0;0.0;0.0
74;2021-01-02;1;1;0;5;2;0;0.0;0.0;0.0
74;2021-01-03;1;0;0;6;2;0;0.0;0.0;0.0
74;2021-01-04;1;0;0;7;2;0;0.0;0.0;0.0
74;2021-01-05;3;0;0;10;2;0;0.0;0.0;0.0
74;2021-01-06;47;0;0;57;2;0;0.0;0.0;0.0
74;2021-01-07;220;1;0;277;3;0;0.0;0.0;0.0
74;2021-01-08;288;2;0;565;5;0;0.1;0.0;0.0
74;2021-01-09;79;0;0;644;5;0;0.1;0.0;0.0
74;2021-01-10;74;0;0;718;5;0;0.1;0.0;0.0
74;2021-01-11;373;1;0;1091;6;0;0.1;0.0;0.0
74;2021-01-12;409;3;0;1500;9;0;0.2;0.0;0.0
74;2021-01-13;404;0;0;1904;9;0;0.2;0.0;0.0
74;2021-01-14;467;2;0;2371;11;0;0.3;0.0;0.0
74;2021-01-15;629;4;0;3000;15;0;0.4;0.0;0.0
74;2021-01-16;241;1;0;3241;16;0;0.4;0.0;0.0
74;2021-01-17;113;1;0;3354;17;0;0.4;0.0;0.0
74;2021-01-18;513;0;0;3867;17;0;0.5;0.0;0.0
74;2021-01-19;792;3;0;4659;20;0;0.6;0.0;0.0
74;2021-01-20;1282;3;0;5941;23;0;0.7;0.0;0.0
74;2021-01-21;1496;4;0;7437;27;0;0.9;0.0;0.0
74;2021-01-22;1181;6;0;8618;33;0;1.0;0.0;0.0
74;2021-01-23;317;1;0;8935;34;0;1.1;0.0;0.0
74;2021-01-24;81;1;0;9016;35;0;1.1;0.0;0.0
74;2021-01-25;775;3;0;9791;38;0;1.2;0.0;0.0
74;2021-01-26;1301;25;0;11092;63;0;1.3;0.0;0.0
74;2021-01-27;1058;16;0;12150;79;0;1.5;0.0;0.0
74;2021-01-28;993;48;0;13143;127;0;1.6;0.0;0.0
74;2021-01-29;826;47;0;13969;174;0;1.7;0.0;0.0
74;2021-01-30;331;2;0;14300;176;0;1.7;0.0;0.0
74;2021-01-31;89;2;0;14389;178;0;1.7;0.0;0.0
74;2021-02-01;581;46;0;14970;224;0;1.8;0.0;0.0
74;2021-02-02;610;161;0;15580;385;0;1.9;0.0;0.0
74;2021-02-03;586;138;0;16166;523;0;2.0;0.1;0.0
74;2021-02-04;588;139;0;16754;662;0;2.0;0.1;0.0
74;2021-02-05;524;230;0;17278;892;0;2.1;0.1;0.0
74;2021-02-06;288;132;0;17566;1024;0;2.1;0.1;0.0
74;2021-02-07;85;122;0;17651;1146;0;2.1;0.1;0.0
74;2021-02-08;587;338;0;18238;1484;0;2.2;0.2;0.0
74;2021-02-09;530;514;0;18768;1998;0;2.3;0.2;0.0
74;2021-02-10;749;556;0;19517;2554;0;2.4;0.3;0.0
74;2021-02-11;1025;1007;0;20542;3561;0;2.5;0.4;0.0
74;2021-02-12;883;608;0;21425;4169;0;2.6;0.5;0.0
74;2021-02-13;380;228;0;21805;4397;0;2.6;0.5;0.0
74;2021-02-14;287;99;0;22092;4496;0;2.7;0.5;0.0
74;2021-02-15;274;813;0;22366;5309;0;2.7;0.6;0.0
74;2021-02-16;466;1019;0;22832;6328;0;2.8;0.8;0.0
74;2021-02-17;524;1096;0;23356;7424;0;2.8;0.9;0.0
74;2021-02-18;482;958;0;23838;8382;0;2.9;1.0;0.0
74;2021-02-19;616;648;0;24454;9030;0;3.0;1.1;0.0
74;2021-02-20;118;188;0;24572;9218;0;3.0;1.1;0.0
74;2021-02-21;46;58;0;24618;9276;0;3.0;1.1;0.0
74;2021-02-22;299;805;0;24917;10081;0;3.0;1.2;0.0
74;2021-02-23;305;809;0;25222;10890;0;3.0;1.3;0.0
74;2021-02-24;265;719;0;25487;11609;0;3.1;1.4;0.0
74;2021-02-25;518;733;0;26005;12342;0;3.1;1.5;0.0
74;2021-02-26;931;682;0;26936;13024;0;3.3;1.6;0.0
74;2021-02-27;277;242;0;27213;13266;0;3.3;1.6;0.0
74;2021-02-28;117;68;0;27330;13334;0;3.3;1.6;0.0
74;2021-03-01;723;591;0;28053;13925;0;3.4;1.7;0.0
74;2021-03-02;1064;653;0;29117;14578;0;3.5;1.8;0.0
74;2021-03-03;1024;676;0;30141;15254;0;3.6;1.8;0.0
74;2021-03-04;1565;986;0;31706;16240;0;3.8;2.0;0.0
74;2021-03-05;2029;880;0;33735;17120;0;4.1;2.1;0.0
74;2021-03-06;1739;337;0;35474;17457;0;4.3;2.1;0.0
74;2021-03-07;1344;107;0;36818;17564;0;4.4;2.1;0.0
74;2021-03-08;1163;905;0;37981;18469;0;4.6;2.2;0.0
74;2021-03-09;1893;658;0;39874;19127;0;4.8;2.3;0.0
74;2021-03-10;1724;894;0;41598;20021;0;5.0;2.4;0.0
74;2021-03-11;2412;711;0;44010;20732;0;5.3;2.5;0.0
74;2021-03-12;3159;991;0;47169;21723;0;5.7;2.6;0.0
74;2021-03-13;1925;270;0;49094;21993;0;5.9;2.7;0.0
74;2021-03-14;576;98;0;49670;22091;0;6.0;2.7;0.0
74;2021-03-15;2089;556;0;51759;22647;0;6.2;2.7;0.0
74;2021-03-16;1922;425;0;53681;23072;0;6.5;2.8;0.0
74;2021-03-17;1924;338;0;55605;23410;0;6.7;2.8;0.0
74;2021-03-18;2091;298;0;57696;23708;0;7.0;2.9;0.0
74;2021-03-19;2573;321;0;60269;24029;0;7.3;2.9;0.0
74;2021-03-20;1333;102;0;61602;24131;0;7.4;2.9;0.0
74;2021-03-21;268;33;0;61870;24164;0;7.5;2.9;0.0
74;2021-03-22;1995;322;0;63865;24486;0;7.7;3.0;0.0
74;2021-03-23;2658;345;0;66523;24831;0;8.0;3.0;0.0
74;2021-03-24;2859;341;0;69382;25172;0;8.4;3.0;0.0
74;2021-03-25;3737;322;0;73119;25494;0;8.8;3.1;0.0
74;2021-03-26;3998;419;0;77117;25913;0;9.3;3.1;0.0
74;2021-03-27;1853;268;0;78970;26181;0;9.5;3.2;0.0
74;2021-03-28;429;73;0;79399;26254;0;9.6;3.2;0.0
74;2021-03-29;2872;709;0;82271;26963;0;9.9;3.3;0.0
74;2021-03-30;3419;777;0;85690;27740;0;10.3;3.3;0.0
74;2021-03-31;3057;736;0;88747;28476;0;10.7;3.4;0.0
74;2021-04-01;4003;882;0;92750;29358;0;11.2;3.5;0.0
74;2021-04-02;3517;786;0;96267;30144;0;11.6;3.6;0.0
74;2021-04-03;1574;522;0;97841;30666;0;11.8;3.7;0.0
74;2021-04-04;231;117;0;98072;30783;0;11.8;3.7;0.0
74;2021-04-05;450;18;0;98522;30801;0;11.9;3.7;0.0
74;2021-04-06;2529;1202;0;101051;32003;0;12.2;3.9;0.0
74;2021-04-07;2989;1248;0;104040;33251;0;12.6;4.0;0.0
74;2021-04-08;3696;1212;0;107736;34463;0;13.0;4.2;0.0
74;2021-04-09;3939;1188;0;111675;35651;0;13.5;4.3;0.0
74;2021-04-10;1816;956;0;113491;36607;0;13.7;4.4;0.0
74;2021-04-11;240;171;0;113731;36778;0;13.7;4.4;0.0
74;2021-04-12;2633;1759;0;116364;38537;0;14.0;4.7;0.0
74;2021-04-13;3040;2126;0;119404;40663;0;14.4;4.9;0.0
74;2021-04-14;2827;1955;0;122231;42618;0;14.8;5.1;0.0
74;2021-04-15;3329;1880;0;125560;44498;0;15.2;5.4;0.0
74;2021-04-16;3226;1730;0;128786;46228;0;15.5;5.6;0.0
74;2021-04-17;1827;1016;0;130613;47244;0;15.8;5.7;0.0
74;2021-04-18;203;197;0;130816;47441;0;15.8;5.7;0.0
74;2021-04-19;2053;2037;0;132869;49478;0;16.0;6.0;0.0
74;2021-04-20;2966;2382;0;135835;51860;0;16.4;6.3;0.0
74;2021-04-21;2386;2329;0;138221;54189;0;16.7;6.5;0.0
74;2021-04-22;2486;2305;0;140707;56494;0;17.0;6.8;0.0
74;2021-04-23;2510;2201;0;143217;58695;0;17.3;7.1;0.0
74;2021-04-24;1404;1494;0;144621;60189;0;17.5;7.3;0.0
74;2021-04-25;231;147;0;144852;60336;0;17.5;7.3;0.0
74;2021-04-26;2256;2375;0;147108;62711;0;17.8;7.6;0.0
74;2021-04-27;3084;2798;0;150192;65509;0;18.1;7.9;0.0
74;2021-04-28;3320;2556;0;153512;68065;0;18.5;8.2;0.0
74;2021-04-29;3710;2624;0;157222;70689;0;19.0;8.5;0.0
74;2021-04-30;3904;2172;0;161126;72861;0;19.5;8.8;0.0
74;2021-05-01;2004;387;0;163130;73248;0;19.7;8.8;0.0
74;2021-05-02;202;221;0;163332;73469;0;19.7;8.9;0.0
74;2021-05-03;2499;2899;0;165831;76368;0;20.0;9.2;0.0
74;2021-05-04;3044;2933;0;168875;79301;0;20.4;9.6;0.0
74;2021-05-05;3165;2866;0;172040;82167;0;20.8;9.9;0.0
74;2021-05-06;3669;2583;0;175709;84750;0;21.2;10.2;0.0
74;2021-05-07;3457;3468;0;179166;88218;0;21.6;10.6;0.0
74;2021-05-08;1167;795;0;180333;89013;0;21.8;10.7;0.0
74;2021-05-09;236;247;0;180569;89260;0;21.8;10.8;0.0
74;2021-05-10;3268;3031;0;183837;92291;0;22.2;11.1;0.0
74;2021-05-11;4108;3303;0;187945;95594;0;22.7;11.5;0.0
74;2021-05-12;4867;2868;0;192812;98462;0;23.3;11.9;0.0
74;2021-05-13;2236;921;0;195048;99383;0;23.5;12.0;0.0
74;2021-05-14;5256;2271;0;200304;101654;0;24.2;12.3;0.0
74;2021-05-15;4045;1738;0;204349;103392;0;24.7;12.5;0.0
74;2021-05-16;2321;308;0;206670;103700;0;24.9;12.5;0.0
74;2021-05-17;4862;2773;0;211532;106473;0;25.5;12.9;0.0
74;2021-05-18;6118;2686;0;217650;109159;0;26.3;13.2;0.0
74;2021-05-19;5637;2234;0;223287;111393;0;27.0;13.4;0.0
74;2021-05-20;5955;2410;0;229242;113803;0;27.7;13.7;0.0
74;2021-05-21;5906;2869;0;235148;116672;0;28.4;14.1;0.0
74;2021-05-22;4614;1465;0;239762;118137;0;28.9;14.3;0.0
74;2021-05-23;1688;261;0;241450;118398;0;29.1;14.3;0.0
74;2021-05-24;2307;640;0;243757;119038;0;29.4;14.4;0.0
74;2021-05-25;4692;3182;0;248449;122220;0;30.0;14.8;0.0
74;2021-05-26;4821;2475;0;253270;124695;0;30.6;15.1;0.0
74;2021-05-27;5467;2857;0;258737;127552;0;31.2;15.4;0.0
74;2021-05-28;5096;3482;0;263833;131034;0;31.8;15.8;0.0
74;2021-05-29;3431;2034;0;267264;133068;0;32.3;16.1;0.0
74;2021-05-30;520;301;0;267784;133369;0;32.3;16.1;0.0
74;2021-05-31;4544;3427;0;272328;136796;0;32.9;16.5;0.0
74;2021-06-01;4624;3602;0;276952;140398;0;33.4;16.9;0.0
74;2021-06-02;4821;3060;0;281773;143458;0;34.0;17.3;0.0
74;2021-06-03;6265;3102;0;288038;146560;0;34.8;17.7;0.0
74;2021-06-04;6371;4229;0;294409;150789;0;35.5;18.2;0.0
74;2021-06-05;4009;2539;0;298418;153328;0;36.0;18.5;0.0
74;2021-06-06;217;133;0;298635;153461;0;36.0;18.5;0.0
74;2021-06-07;4580;3934;0;303215;157395;0;36.6;19.0;0.0
74;2021-06-08;4574;3738;0;307789;161133;0;37.2;19.5;0.0
74;2021-06-09;4567;3303;0;312356;164436;0;37.7;19.8;0.0
74;2021-06-10;4659;2734;0;317015;167170;0;38.3;20.2;0.0
74;2021-06-11;4690;3573;0;321705;170743;0;38.8;20.6;0.0
74;2021-06-12;3159;2239;0;324864;172982;0;39.2;20.9;0.0
74;2021-06-13;189;104;0;325053;173086;0;39.2;20.9;0.0
74;2021-06-14;3222;4177;0;328275;177263;0;39.6;21.4;0.0
74;2021-06-15;3282;3676;0;331557;180939;0;40.0;21.8;0.0
74;2021-06-16;4262;2942;0;335819;183881;0;40.5;22.2;0.0
74;2021-06-17;3376;2776;0;339195;186657;0;40.9;22.5;0.0
74;2021-06-18;3801;4404;0;342996;191061;0;41.4;23.1;0.0
74;2021-06-19;2573;2776;0;345569;193837;0;41.7;23.4;0.0
74;2021-06-20;148;132;0;345717;193969;0;41.7;23.4;0.0
74;2021-06-21;2177;5009;0;347894;198978;0;42.0;24.0;0.0
74;2021-06-22;2293;4932;0;350187;203910;0;42.3;24.6;0.0
74;2021-06-23;2761;4357;0;352948;208267;0;42.6;25.1;0.0
74;2021-06-24;2623;4122;0;355571;212389;0;42.9;25.6;0.0
74;2021-06-25;2671;6205;0;358242;218594;0;43.2;26.4;0.0
74;2021-06-26;1487;4804;0;359729;223398;0;43.4;27.0;0.0
74;2021-06-27;85;1367;0;359814;224765;0;43.4;27.1;0.0
74;2021-06-28;1730;6546;0;361544;231311;0;43.6;27.9;0.0
74;2021-06-29;2043;6678;0;363587;237989;0;43.9;28.7;0.0
74;2021-06-30;2536;6011;0;366123;244000;0;44.2;29.5;0.0
74;2021-07-01;3045;4851;0;369168;248851;0;44.6;30.0;0.0
74;2021-07-02;2940;6068;0;372108;254919;0;44.9;30.8;0.0
74;2021-07-03;1463;4560;0;373571;259479;0;45.1;31.3;0.0
74;2021-07-04;113;894;0;373684;260373;0;45.1;31.4;0.0
74;2021-07-05;1912;6262;0;375596;266635;0;45.3;32.2;0.0
74;2021-07-06;2384;5911;0;377980;272546;0;45.6;32.9;0.0
74;2021-07-07;2725;4981;0;380705;277527;0;46.0;33.5;0.0
74;2021-07-08;3417;4460;0;384122;281987;0;46.4;34.0;0.0
74;2021-07-09;2541;6350;0;386663;288337;0;46.7;34.8;0.0
74;2021-07-10;1481;4576;0;388144;292913;0;46.9;35.4;0.0
74;2021-07-11;117;225;0;388261;293138;0;46.9;35.4;0.0
74;2021-07-12;1988;7108;0;390249;300246;0;47.1;36.2;0.0
74;2021-07-13;3662;6837;0;393911;307083;0;47.6;37.1;0.0
74;2021-07-14;2006;2133;0;395917;309216;0;47.8;37.3;0.0
74;2021-07-15;3553;6306;0;399470;315522;0;48.2;38.1;0.0
74;2021-07-16;4016;7108;0;403486;322630;0;48.7;38.9;0.0
74;2021-07-17;2705;4794;0;406191;327424;0;49.0;39.5;0.0
74;2021-07-18;279;273;0;406470;327697;0;49.1;39.6;0.0
74;2021-07-19;3989;6611;0;410459;334308;0;49.5;40.4;0.0
74;2021-07-20;5363;5923;0;415822;340231;0;50.2;41.1;0.0
74;2021-07-21;5192;6020;0;421014;346251;0;50.8;41.8;0.0
74;2021-07-22;4459;4819;0;425473;351070;0;51.4;42.4;0.0
74;2021-07-23;5745;6419;0;431218;357489;0;52.1;43.2;0.0
74;2021-07-24;2968;3904;0;434186;361393;0;52.4;43.6;0.0
74;2021-07-25;250;225;0;434436;361618;0;52.4;43.7;0.0
74;2021-07-26;5018;5559;0;439454;367177;0;53.0;44.3;0.0
74;2021-07-27;6098;4644;0;445552;371821;0;53.8;44.9;0.0
74;2021-07-28;6061;4616;0;451613;376437;0;54.5;45.4;0.0
74;2021-07-29;4817;3614;0;456430;380051;0;55.1;45.9;0.0
74;2021-07-30;6188;4995;0;462618;385046;0;55.8;46.5;0.0
74;2021-07-31;4060;2900;0;466678;387946;0;56.3;46.8;0.0
74;2021-08-01;294;201;0;466972;388147;0;56.4;46.9;0.0
74;2021-08-02;5729;3993;0;472701;392140;0;57.1;47.3;0.0
74;2021-08-03;5328;3490;0;478029;395630;0;57.7;47.8;0.0
74;2021-08-04;5630;3161;0;483659;398791;0;58.4;48.1;0.0
74;2021-08-05;4493;3083;0;488152;401874;0;58.9;48.5;0.0
74;2021-08-06;4568;3860;0;492720;405734;0;59.5;49.0;0.0
74;2021-08-07;2943;2639;0;495663;408373;0;59.8;49.3;0.0
74;2021-08-08;204;208;0;495867;408581;0;59.9;49.3;0.0
74;2021-08-09;4301;4232;0;500168;412813;0;60.4;49.8;0.0
74;2021-08-10;4304;4219;0;504472;417032;0;60.9;50.3;0.0
74;2021-08-11;3869;4275;0;508341;421307;0;61.4;50.9;0.0
74;2021-08-12;3166;3368;0;511507;424675;0;61.7;51.3;0.0
74;2021-08-13;3256;4136;0;514763;428811;0;62.1;51.8;0.0
74;2021-08-14;2031;3049;0;516794;431860;0;62.4;52.1;0.0
74;2021-08-15;97;161;0;516891;432021;0;62.4;52.2;0.0
74;2021-08-16;2922;5266;0;519813;437287;0;62.7;52.8;0.0
74;2021-08-17;2683;4914;0;522496;442201;0;63.1;53.4;0.0
74;2021-08-18;2629;4805;0;525125;447006;0;63.4;54.0;0.0
74;2021-08-19;2117;3616;0;527242;450622;0;63.6;54.4;0.0
74;2021-08-20;2348;5082;0;529590;455704;0;63.9;55.0;0.0
74;2021-08-21;1068;3744;0;530658;459448;0;64.1;55.5;0.0
74;2021-08-22;61;192;0;530719;459640;0;64.1;55.5;0.0
74;2021-08-23;1799;5786;0;532518;465426;0;64.3;56.2;0.0
74;2021-08-24;1896;5102;0;534414;470528;0;64.5;56.8;0.0
74;2021-08-25;1755;5378;0;536169;475906;0;64.7;57.4;0.0
74;2021-08-26;1423;3505;0;537592;479411;0;64.9;57.9;0.0
74;2021-08-27;1685;4994;0;539277;484405;0;65.1;58.5;0.0
74;2021-08-28;881;3612;0;540158;488017;0;65.2;58.9;0.0
74;2021-08-29;78;239;0;540236;488256;0;65.2;58.9;0.0
74;2021-08-30;1617;4958;114;541853;493214;114;65.4;59.5;0.0
74;2021-08-31;1503;4474;146;543356;497688;260;65.6;60.1;0.0
74;2021-09-01;1863;3648;257;545219;501336;517;65.8;60.5;0.1
74;2021-09-02;1172;2641;210;546391;503977;727;66.0;60.8;0.1
74;2021-09-03;1457;3504;332;547848;507481;1059;66.1;61.3;0.1
74;2021-09-04;1130;2522;87;548978;510003;1146;66.3;61.6;0.1
74;2021-09-05;53;136;2;549031;510139;1148;66.3;61.6;0.1
74;2021-09-06;1160;2664;342;550191;512803;1490;66.4;61.9;0.2
74;2021-09-07;953;2329;294;551144;515132;1784;66.5;62.2;0.2
74;2021-09-08;1251;2616;301;552395;517748;2085;66.7;62.5;0.3
74;2021-09-09;1135;1845;314;553530;519593;2399;66.8;62.7;0.3
74;2021-09-10;1099;2547;358;554629;522140;2757;67.0;63.0;0.3
74;2021-09-11;709;2032;114;555338;524172;2871;67.0;63.3;0.3
74;2021-09-12;49;93;8;555387;524265;2879;67.0;63.3;0.3
74;2021-09-13;918;1871;611;556305;526136;3490;67.2;63.5;0.4
74;2021-09-14;992;1664;667;557297;527800;4157;67.3;63.7;0.5
74;2021-09-15;1033;2105;485;558330;529905;4642;67.4;64.0;0.6
74;2021-09-16;735;1016;374;559065;530921;5016;67.5;64.1;0.6
74;2021-09-17;807;1652;474;559872;532573;5490;67.6;64.3;0.7
74;2021-09-18;543;1449;121;560415;534022;5611;67.6;64.5;0.7
74;2021-09-19;11;54;21;560426;534076;5632;67.7;64.5;0.7
74;2021-09-20;730;1543;586;561156;535619;6218;67.7;64.7;0.8
74;2021-09-21;579;1139;476;561735;536758;6694;67.8;64.8;0.8
74;2021-09-22;577;1757;439;562312;538515;7133;67.9;65.0;0.9
74;2021-09-23;601;924;418;562913;539439;7551;68.0;65.1;0.9
74;2021-09-24;657;1632;503;563570;541071;8054;68.0;65.3;1.0
74;2021-09-25;426;1379;131;563996;542450;8185;68.1;65.5;1.0
74;2021-09-26;9;26;0;564005;542476;8185;68.1;65.5;1.0
74;2021-09-27;520;1172;478;564525;543648;8663;68.1;65.6;1.0
74;2021-09-28;370;821;575;564895;544469;9238;68.2;65.7;1.1
74;2021-09-29;507;1333;462;565402;545802;9700;68.3;65.9;1.2
74;2021-09-30;392;1022;431;565794;546824;10131;68.3;66.0;1.2
74;2021-10-01;735;1096;407;566529;547920;10538;68.4;66.1;1.3
74;2021-10-02;420;719;113;566949;548639;10651;68.4;66.2;1.3
74;2021-10-03;9;25;5;566958;548664;10656;68.4;66.2;1.3
74;2021-10-04;578;959;623;567536;549623;11279;68.5;66.3;1.4
74;2021-10-05;356;805;604;567892;550428;11883;68.6;66.4;1.4
74;2021-10-06;428;986;455;568320;551414;12338;68.6;66.6;1.5
74;2021-10-07;270;647;444;568590;552061;12782;68.6;66.6;1.5
74;2021-10-08;616;1127;709;569206;553188;13491;68.7;66.8;1.6
74;2021-10-09;396;732;185;569602;553920;13676;68.8;66.9;1.7
74;2021-10-10;6;25;3;569608;553945;13679;68.8;66.9;1.7
74;2021-10-11;380;807;801;569988;554752;14480;68.8;67.0;1.7
74;2021-10-12;358;653;919;570346;555405;15399;68.8;67.0;1.9
74;2021-10-13;405;793;668;570751;556198;16067;68.9;67.1;1.9
74;2021-10-14;301;543;571;571052;556741;16638;68.9;67.2;2.0
74;2021-10-15;556;905;997;571608;557646;17635;69.0;67.3;2.1
74;2021-10-16;279;534;283;571887;558180;17918;69.0;67.4;2.2
74;2021-10-17;6;28;3;571893;558208;17921;69.0;67.4;2.2
74;2021-10-18;361;648;741;572254;558856;18662;69.1;67.5;2.3
74;2021-10-19;168;516;1084;572422;559372;19746;69.1;67.5;2.4
74;2021-10-20;235;586;1075;572657;559958;20821;69.1;67.6;2.5
74;2021-10-21;106;286;596;572763;560244;21417;69.1;67.6;2.6
74;2021-10-22;265;632;1183;573028;560876;22600;69.2;67.7;2.7
74;2021-10-23;144;372;279;573172;561248;22879;69.2;67.8;2.8
74;2021-10-24;7;19;3;573179;561267;22882;69.2;67.8;2.8
74;2021-10-25;193;418;1061;573372;561685;23943;69.2;67.8;2.9
74;2021-10-26;185;370;1544;573557;562055;25487;69.2;67.8;3.1
74;2021-10-27;212;478;1324;573769;562533;26811;69.3;67.9;3.2
74;2021-10-28;86;221;701;573855;562754;27512;69.3;67.9;3.3
74;2021-10-29;211;508;1416;574066;563262;28928;69.3;68.0;3.5
74;2021-10-30;103;323;505;574169;563585;29433;69.3;68.0;3.6
74;2021-10-31;2;7;0;574171;563592;29433;69.3;68.0;3.6
74;2021-11-01;50;49;37;574221;563641;29470;69.3;68.0;3.6
74;2021-11-02;204;443;1357;574425;564084;30827;69.3;68.1;3.7
74;2021-11-03;185;371;1510;574610;564455;32337;69.4;68.1;3.9
74;2021-11-04;100;248;958;574710;564703;33295;69.4;68.2;4.0
74;2021-11-05;221;422;1763;574931;565125;35058;69.4;68.2;4.2
74;2021-11-06;101;252;513;575032;565377;35571;69.4;68.2;4.3
74;2021-11-07;3;22;3;575035;565399;35574;69.4;68.3;4.3
74;2021-11-08;135;402;1974;575170;565801;37548;69.4;68.3;4.5
74;2021-11-09;156;254;2076;575326;566055;39624;69.4;68.3;4.8
74;2021-11-10;228;381;2503;575554;566436;42127;69.5;68.4;5.1
74;2021-11-11;6;32;25;575560;566468;42152;69.5;68.4;5.1
74;2021-11-12;187;333;2137;575747;566801;44289;69.5;68.4;5.3
74;2021-11-13;143;173;752;575890;566974;45041;69.5;68.4;5.4
74;2021-11-14;3;13;16;575893;566987;45057;69.5;68.4;5.4
74;2021-11-15;120;236;2193;576013;567223;47250;69.5;68.5;5.7
74;2021-11-16;143;206;2654;576156;567429;49904;69.6;68.5;6.0
74;2021-11-17;247;352;2631;576403;567781;52535;69.6;68.5;6.3
74;2021-11-18;97;149;1689;576500;567930;54224;69.6;68.6;6.5
74;2021-11-19;210;315;3114;576710;568245;57338;69.6;68.6;6.9
74;2021-11-20;223;193;970;576933;568438;58308;69.6;68.6;7.0
74;2021-11-21;15;16;33;576948;568454;58341;69.6;68.6;7.0
74;2021-11-22;172;167;2489;577120;568621;60830;69.7;68.6;7.3
74;2021-11-23;197;204;2689;577317;568825;63519;69.7;68.7;7.7
74;2021-11-24;249;299;2619;577566;569124;66138;69.7;68.7;8.0
74;2021-11-25;138;141;2176;577704;569265;68314;69.7;68.7;8.2
74;2021-11-26;249;330;4297;577953;569595;72611;69.8;68.8;8.8
74;2021-11-27;173;219;1920;578126;569814;74531;69.8;68.8;9.0
74;2021-11-28;5;16;84;578131;569830;74615;69.8;68.8;9.0
74;2021-11-29;129;188;3645;578260;570018;78260;69.8;68.8;9.4
74;2021-11-30;171;264;4806;578431;570282;83066;69.8;68.8;10.0
74;2021-12-01;186;257;4847;578617;570539;87913;69.8;68.9;10.6
74;2021-12-02;152;156;4709;578769;570695;92622;69.9;68.9;11.2
74;2021-12-03;190;250;6078;578959;570945;98700;69.9;68.9;11.9
74;2021-12-04;122;196;2793;579081;571141;101493;69.9;68.9;12.3
74;2021-12-05;5;21;265;579086;571162;101758;69.9;68.9;12.3
74;2021-12-06;191;206;5592;579277;571368;107350;69.9;69.0;13.0
74;2021-12-07;189;245;6986;579466;571613;114336;69.9;69.0;13.8
74;2021-12-08;201;293;5792;579667;571906;120128;70.0;69.0;14.5
74;2021-12-09;172;214;6789;579839;572120;126917;70.0;69.1;15.3
74;2021-12-10;150;251;6192;579989;572371;133109;70.0;69.1;16.1
74;2021-12-11;122;229;3852;580111;572600;136961;70.0;69.1;16.5
74;2021-12-12;13;38;371;580124;572638;137332;70.0;69.1;16.6
74;2021-12-13;144;241;7046;580268;572879;144378;70.0;69.2;17.4
74;2021-12-14;229;291;9095;580497;573170;153473;70.1;69.2;18.5
74;2021-12-15;238;363;7845;580735;573533;161318;70.1;69.2;19.5
74;2021-12-16;209;270;8228;580944;573803;169546;70.1;69.3;20.5
74;2021-12-17;201;365;8257;581145;574168;177803;70.2;69.3;21.5
74;2021-12-18;147;230;4651;581292;574398;182454;70.2;69.3;22.0
74;2021-12-19;18;38;660;581310;574436;183114;70.2;69.3;22.1
74;2021-12-20;263;286;7212;581573;574722;190326;70.2;69.4;23.0
74;2021-12-21;281;289;7914;581854;575011;198240;70.2;69.4;23.9
74;2021-12-22;255;245;6416;582109;575256;204656;70.3;69.4;24.7
74;2021-12-23;238;216;5590;582347;575472;210246;70.3;69.5;25.4
74;2021-12-24;56;62;1717;582403;575534;211963;70.3;69.5;25.6
74;2021-12-25;1;14;88;582404;575548;212051;70.3;69.5;25.6
74;2021-12-26;7;20;336;582411;575568;212387;70.3;69.5;25.6
74;2021-12-27;162;224;5318;582573;575792;217705;70.3;69.5;26.3
74;2021-12-28;201;248;6100;582774;576040;223805;70.3;69.5;27.0
75;2020-12-27;28;0;0;28;0;0;0.0;0.0;0.0
75;2020-12-28;27;0;0;55;0;0;0.0;0.0;0.0
75;2020-12-29;23;1;0;78;1;0;0.0;0.0;0.0
75;2020-12-30;67;0;0;145;1;0;0.0;0.0;0.0
75;2020-12-31;46;0;0;191;1;0;0.0;0.0;0.0
75;2021-01-01;43;2;0;234;3;0;0.0;0.0;0.0
75;2021-01-02;40;1;0;274;4;0;0.0;0.0;0.0
75;2021-01-03;71;3;0;345;7;0;0.0;0.0;0.0
75;2021-01-04;232;4;0;577;11;0;0.0;0.0;0.0
75;2021-01-05;661;7;0;1238;18;0;0.1;0.0;0.0
75;2021-01-06;997;3;0;2235;21;0;0.1;0.0;0.0
75;2021-01-07;1482;10;0;3717;31;0;0.2;0.0;0.0
75;2021-01-08;2220;19;0;5937;50;0;0.3;0.0;0.0
75;2021-01-09;788;5;0;6725;55;0;0.3;0.0;0.0
75;2021-01-10;783;2;0;7508;57;0;0.3;0.0;0.0
75;2021-01-11;2183;30;0;9691;87;0;0.5;0.0;0.0
75;2021-01-12;2548;48;0;12239;135;0;0.6;0.0;0.0
75;2021-01-13;2712;43;0;14951;178;0;0.7;0.0;0.0
75;2021-01-14;2765;50;0;17716;228;0;0.8;0.0;0.0
75;2021-01-15;2493;34;0;20209;262;0;0.9;0.0;0.0
75;2021-01-16;891;16;0;21100;278;0;1.0;0.0;0.0
75;2021-01-17;505;10;0;21605;288;0;1.0;0.0;0.0
75;2021-01-18;3051;52;0;24656;340;0;1.1;0.0;0.0
75;2021-01-19;3995;54;0;28651;394;0;1.3;0.0;0.0
75;2021-01-20;4432;49;0;33083;443;0;1.5;0.0;0.0
75;2021-01-21;5221;62;0;38304;505;0;1.8;0.0;0.0
75;2021-01-22;4428;69;0;42732;574;0;2.0;0.0;0.0
75;2021-01-23;1686;12;0;44418;586;0;2.1;0.0;0.0
75;2021-01-24;605;5;0;45023;591;0;2.1;0.0;0.0
75;2021-01-25;1879;26;0;46902;617;0;2.2;0.0;0.0
75;2021-01-26;2752;79;0;49654;696;0;2.3;0.0;0.0
75;2021-01-27;3614;183;0;53268;879;0;2.5;0.0;0.0
75;2021-01-28;4932;278;0;58200;1157;0;2.7;0.1;0.0
75;2021-01-29;3778;290;0;61978;1447;0;2.9;0.1;0.0
75;2021-01-30;1328;48;0;63306;1495;0;2.9;0.1;0.0
75;2021-01-31;197;7;0;63503;1502;0;3.0;0.1;0.0
75;2021-02-01;1788;387;0;65291;1889;0;3.0;0.1;0.0
75;2021-02-02;2214;604;0;67505;2493;0;3.1;0.1;0.0
75;2021-02-03;2110;731;0;69615;3224;0;3.2;0.2;0.0
75;2021-02-04;2330;1022;0;71945;4246;0;3.3;0.2;0.0
75;2021-02-05;2279;859;0;74224;5105;0;3.5;0.2;0.0
75;2021-02-06;1094;154;0;75318;5259;0;3.5;0.2;0.0
75;2021-02-07;176;66;0;75494;5325;0;3.5;0.2;0.0
75;2021-02-08;1347;1283;0;76841;6608;0;3.6;0.3;0.0
75;2021-02-09;1945;1923;0;78786;8531;0;3.7;0.4;0.0
75;2021-02-10;2380;2229;0;81166;10760;0;3.8;0.5;0.0
75;2021-02-11;2797;5028;0;83963;15788;0;3.9;0.7;0.0
75;2021-02-12;3045;2268;0;87008;18056;0;4.1;0.8;0.0
75;2021-02-13;797;900;0;87805;18956;0;4.1;0.9;0.0
75;2021-02-14;145;110;0;87950;19066;0;4.1;0.9;0.0
75;2021-02-15;996;2674;0;88946;21740;0;4.1;1.0;0.0
75;2021-02-16;1283;5728;0;90229;27468;0;4.2;1.3;0.0
75;2021-02-17;1198;3639;0;91427;31107;0;4.3;1.4;0.0
75;2021-02-18;1695;5695;0;93122;36802;0;4.3;1.7;0.0
75;2021-02-19;1989;3922;0;95111;40724;0;4.4;1.9;0.0
75;2021-02-20;466;1440;0;95577;42164;0;4.4;2.0;0.0
75;2021-02-21;170;193;0;95747;42357;0;4.5;2.0;0.0
75;2021-02-22;1052;2339;0;96799;44696;0;4.5;2.1;0.0
75;2021-02-23;1268;2783;0;98067;47479;0;4.6;2.2;0.0
75;2021-02-24;1454;2527;0;99521;50006;0;4.6;2.3;0.0
75;2021-02-25;2283;4372;0;101804;54378;0;4.7;2.5;0.0
75;2021-02-26;2777;2519;0;104581;56897;0;4.9;2.6;0.0
75;2021-02-27;1269;930;0;105850;57827;0;4.9;2.7;0.0
75;2021-02-28;301;171;0;106151;57998;0;4.9;2.7;0.0
75;2021-03-01;2210;1898;0;108361;59896;0;5.0;2.8;0.0
75;2021-03-02;3567;2463;0;111928;62359;0;5.2;2.9;0.0
75;2021-03-03;4581;2552;0;116509;64911;0;5.4;3.0;0.0
75;2021-03-04;6486;2698;0;122995;67609;0;5.7;3.1;0.0
75;2021-03-05;8280;2764;0;131275;70373;0;6.1;3.3;0.0
75;2021-03-06;9941;1127;0;141216;71500;0;6.6;3.3;0.0
75;2021-03-07;8340;1017;0;149556;72517;0;7.0;3.4;0.0
75;2021-03-08;4619;1780;0;154175;74297;0;7.2;3.5;0.0
75;2021-03-09;6281;2216;0;160456;76513;0;7.5;3.6;0.0
75;2021-03-10;6015;2263;0;166471;78776;0;7.7;3.7;0.0
75;2021-03-11;8340;2482;0;174811;81258;0;8.1;3.8;0.0
75;2021-03-12;10123;2547;0;184934;83805;0;8.6;3.9;0.0
75;2021-03-13;7780;818;0;192714;84623;0;9.0;3.9;0.0
75;2021-03-14;3440;270;0;196154;84893;0;9.1;4.0;0.0
75;2021-03-15;6532;1099;0;202686;85992;0;9.4;4.0;0.0
75;2021-03-16;4803;836;0;207489;86828;0;9.7;4.0;0.0
75;2021-03-17;4975;945;0;212464;87773;0;9.9;4.1;0.0
75;2021-03-18;6049;1001;0;218513;88774;0;10.2;4.1;0.0
75;2021-03-19;8683;1140;0;227196;89914;0;10.6;4.2;0.0
75;2021-03-20;5470;548;0;232666;90462;0;10.8;4.2;0.0
75;2021-03-21;1491;435;0;234157;90897;0;10.9;4.2;0.0
75;2021-03-22;7603;1185;0;241760;92082;0;11.3;4.3;0.0
75;2021-03-23;9647;1334;0;251407;93416;0;11.7;4.3;0.0
75;2021-03-24;9491;1308;0;260898;94724;0;12.1;4.4;0.0
75;2021-03-25;12231;1517;0;273129;96241;0;12.7;4.5;0.0
75;2021-03-26;12166;1651;0;285295;97892;0;13.3;4.6;0.0
75;2021-03-27;6563;738;0;291858;98630;0;13.6;4.6;0.0
75;2021-03-28;1674;157;0;293532;98787;0;13.7;4.6;0.0
75;2021-03-29;6718;2100;0;300250;100887;0;14.0;4.7;0.0
75;2021-03-30;9224;2998;0;309474;103885;0;14.4;4.8;0.0
75;2021-03-31;7931;3479;0;317405;107364;0;14.8;5.0;0.0
75;2021-04-01;8691;4840;0;326096;112204;0;15.2;5.2;0.0
75;2021-04-02;7369;5291;0;333465;117495;0;15.5;5.5;0.0
75;2021-04-03;3551;4791;0;337016;122286;0;15.7;5.7;0.0
75;2021-04-04;1140;1499;0;338156;123785;0;15.7;5.8;0.0
75;2021-04-05;1992;1142;0;340148;124927;0;15.8;5.8;0.0
75;2021-04-06;6078;4321;0;346226;129248;0;16.1;6.0;0.0
75;2021-04-07;7357;4190;0;353583;133438;0;16.5;6.2;0.0
75;2021-04-08;9848;4089;0;363431;137527;0;16.9;6.4;0.0
75;2021-04-09;10872;4568;0;374303;142095;0;17.4;6.6;0.0
75;2021-04-10;5609;3871;0;379912;145966;0;17.7;6.8;0.0
75;2021-04-11;1600;1536;0;381512;147502;0;17.8;6.9;0.0
75;2021-04-12;6836;3963;0;388348;151465;0;18.1;7.1;0.0
75;2021-04-13;7673;6115;0;396021;157580;0;18.4;7.3;0.0
75;2021-04-14;7317;5061;0;403338;162641;0;18.8;7.6;0.0
75;2021-04-15;8022;5716;0;411360;168357;0;19.1;7.8;0.0
75;2021-04-16;8447;5733;0;419807;174090;0;19.5;8.1;0.0
75;2021-04-17;4576;3427;0;424383;177517;0;19.8;8.3;0.0
75;2021-04-18;1345;948;0;425728;178465;0;19.8;8.3;0.0
75;2021-04-19;5424;4848;0;431152;183313;0;20.1;8.5;0.0
75;2021-04-20;6274;5516;0;437426;188829;0;20.4;8.8;0.0
75;2021-04-21;6414;5346;0;443840;194175;0;20.7;9.0;0.0
75;2021-04-22;7342;5850;0;451182;200025;0;21.0;9.3;0.0
75;2021-04-23;8020;6141;0;459202;206166;0;21.4;9.6;0.0
75;2021-04-24;6271;3605;0;465473;209771;0;21.7;9.8;0.0
75;2021-04-25;2616;1009;0;468089;210780;0;21.8;9.8;0.0
75;2021-04-26;6545;4875;0;474634;215655;0;22.1;10.0;0.0
75;2021-04-27;9273;6044;0;483907;221699;0;22.5;10.3;0.0
75;2021-04-28;10528;5719;0;494435;227418;0;23.0;10.6;0.0
75;2021-04-29;12226;5873;0;506661;233291;0;23.6;10.9;0.0
75;2021-04-30;12590;5851;0;519251;239142;0;24.2;11.1;0.0
75;2021-05-01;4862;1340;0;524113;240482;0;24.4;11.2;0.0
75;2021-05-02;2346;925;0;526459;241407;0;24.5;11.2;0.0
75;2021-05-03;10165;9370;0;536624;250777;0;25.0;11.7;0.0
75;2021-05-04;10857;7209;0;547481;257986;0;25.5;12.0;0.0
75;2021-05-05;12278;6555;0;559759;264541;0;26.1;12.3;0.0
75;2021-05-06;13263;7668;0;573022;272209;0;26.7;12.7;0.0
75;2021-05-07;12626;8334;0;585648;280543;0;27.3;13.1;0.0
75;2021-05-08;10033;3683;0;595681;284226;0;27.7;13.2;0.0
75;2021-05-09;5046;2338;0;600727;286564;0;28.0;13.3;0.0
75;2021-05-10;12999;6445;0;613726;293009;0;28.6;13.6;0.0
75;2021-05-11;16147;7986;0;629873;300995;0;29.3;14.0;0.0
75;2021-05-12;18024;7305;0;647897;308300;0;30.2;14.4;0.0
75;2021-05-13;15290;2590;0;663187;310890;0;30.9;14.5;0.0
75;2021-05-14;18914;5283;0;682101;316173;0;31.8;14.7;0.0
75;2021-05-15;14310;3017;0;696411;319190;0;32.4;14.9;0.0
75;2021-05-16;6280;985;0;702691;320175;0;32.7;14.9;0.0
75;2021-05-17;17434;4543;0;720125;324718;0;33.5;15.1;0.0
75;2021-05-18;20817;5131;0;740942;329849;0;34.5;15.4;0.0
75;2021-05-19;20653;7549;0;761595;337398;0;35.5;15.7;0.0
75;2021-05-20;22192;7021;0;783787;344419;0;36.5;16.0;0.0
75;2021-05-21;21195;6113;0;804982;350532;0;37.5;16.3;0.0
75;2021-05-22;16459;3233;0;821441;353765;0;38.2;16.5;0.0
75;2021-05-23;7273;1312;0;828714;355077;0;38.6;16.5;0.0
75;2021-05-24;15236;2585;0;843950;357662;0;39.3;16.6;0.0
75;2021-05-25;18514;8017;0;862464;365679;0;40.1;17.0;0.0
75;2021-05-26;18122;7222;0;880586;372901;0;41.0;17.4;0.0
75;2021-05-27;19463;8527;0;900049;381428;0;41.9;17.8;0.0
75;2021-05-28;18611;9752;0;918660;391180;0;42.8;18.2;0.0
75;2021-05-29;15345;5557;0;934005;396737;0;43.5;18.5;0.0
75;2021-05-30;7841;2020;0;941846;398757;0;43.8;18.6;0.0
75;2021-05-31;17665;8955;0;959511;407712;0;44.7;19.0;0.0
75;2021-06-01;18538;11244;0;978049;418956;0;45.5;19.5;0.0
75;2021-06-02;17772;9542;0;995821;428498;0;46.4;19.9;0.0
75;2021-06-03;19287;11118;0;1015108;439616;0;47.3;20.5;0.0
75;2021-06-04;17729;12297;0;1032837;451913;0;48.1;21.0;0.0
75;2021-06-05;12170;9619;0;1045007;461532;0;48.6;21.5;0.0
75;2021-06-06;8077;3130;0;1053084;464662;0;49.0;21.6;0.0
75;2021-06-07;14199;11407;0;1067283;476069;0;49.7;22.2;0.0
75;2021-06-08;14895;13576;0;1082178;489645;0;50.4;22.8;0.0
75;2021-06-09;15430;13827;0;1097608;503472;0;51.1;23.4;0.0
75;2021-06-10;16587;18950;0;1114195;522422;0;51.9;24.3;0.0
75;2021-06-11;13288;15323;0;1127483;537745;0;52.5;25.0;0.0
75;2021-06-12;11888;9490;0;1139371;547235;0;53.0;25.5;0.0
75;2021-06-13;6394;3907;0;1145765;551142;0;53.3;25.7;0.0
75;2021-06-14;10355;15196;0;1156120;566338;0;53.8;26.4;0.0
75;2021-06-15;11227;17622;0;1167347;583960;0;54.3;27.2;0.0
75;2021-06-16;10872;16159;0;1178219;600119;0;54.8;27.9;0.0
75;2021-06-17;10832;16800;0;1189051;616919;0;55.3;28.7;0.0
75;2021-06-18;9215;20730;0;1198266;637649;0;55.8;29.7;0.0
75;2021-06-19;6789;12470;0;1205055;650119;0;56.1;30.3;0.0
75;2021-06-20;2810;6294;0;1207865;656413;0;56.2;30.6;0.0
75;2021-06-21;7018;16767;0;1214883;673180;0;56.6;31.3;0.0
75;2021-06-22;7277;21454;0;1222160;694634;0;56.9;32.3;0.0
75;2021-06-23;7992;20385;0;1230152;715019;0;57.3;33.3;0.0
75;2021-06-24;8788;20389;0;1238940;735408;0;57.7;34.2;0.0
75;2021-06-25;7494;23413;0;1246434;758821;0;58.0;35.3;0.0
75;2021-06-26;6266;16418;0;1252700;775239;0;58.3;36.1;0.0
75;2021-06-27;2290;7487;0;1254990;782726;0;58.4;36.4;0.0
75;2021-06-28;6451;20404;0;1261441;803130;0;58.7;37.4;0.0
75;2021-06-29;7140;23231;0;1268581;826361;0;59.1;38.5;0.0
75;2021-06-30;7335;22162;0;1275916;848523;0;59.4;39.5;0.0
75;2021-07-01;8652;21884;0;1284568;870407;0;59.8;40.5;0.0
75;2021-07-02;8012;22679;0;1292580;893086;0;60.2;41.6;0.0
75;2021-07-03;5761;18441;0;1298341;911527;0;60.4;42.4;0.0
75;2021-07-04;2632;9025;0;1300973;920552;0;60.6;42.9;0.0
75;2021-07-05;6724;20012;0;1307697;940564;0;60.9;43.8;0.0
75;2021-07-06;7428;21826;1;1315125;962390;1;61.2;44.8;0.0
75;2021-07-07;7237;21199;0;1322362;983589;1;61.6;45.8;0.0
75;2021-07-08;7936;20960;0;1330298;1004549;1;61.9;46.8;0.0
75;2021-07-09;7865;21514;0;1338163;1026063;1;62.3;47.8;0.0
75;2021-07-10;5763;16586;0;1343926;1042649;1;62.6;48.5;0.0
75;2021-07-11;2947;8105;0;1346873;1050754;1;62.7;48.9;0.0
75;2021-07-12;6923;20858;0;1353796;1071612;1;63.0;49.9;0.0
75;2021-07-13;10140;21969;0;1363936;1093581;1;63.5;50.9;0.0
75;2021-07-14;6429;8660;0;1370365;1102241;1;63.8;51.3;0.0
75;2021-07-15;10723;22223;0;1381088;1124464;1;64.3;52.3;0.0
75;2021-07-16;11119;19426;0;1392207;1143890;1;64.8;53.2;0.0
75;2021-07-17;7951;14499;0;1400158;1158389;1;65.2;53.9;0.0
75;2021-07-18;4033;6517;0;1404191;1164906;1;65.4;54.2;0.0
75;2021-07-19;9532;18610;0;1413723;1183516;1;65.8;55.1;0.0
75;2021-07-20;11117;19223;0;1424840;1202739;1;66.3;56.0;0.0
75;2021-07-21;10801;17457;0;1435641;1220196;1;66.8;56.8;0.0
75;2021-07-22;11697;16685;1;1447338;1236881;2;67.4;57.6;0.0
75;2021-07-23;11644;15695;0;1458982;1252576;2;67.9;58.3;0.0
75;2021-07-24;7574;11198;0;1466556;1263774;2;68.3;58.8;0.0
75;2021-07-25;3430;4022;0;1469986;1267796;2;68.4;59.0;0.0
75;2021-07-26;10395;13536;1;1480381;1281332;3;68.9;59.6;0.0
75;2021-07-27;12386;12913;0;1492767;1294245;3;69.5;60.2;0.0
75;2021-07-28;11878;11932;0;1504645;1306177;3;70.0;60.8;0.0
75;2021-07-29;11846;11828;0;1516491;1318005;3;70.6;61.4;0.0
75;2021-07-30;11273;11399;0;1527764;1329404;3;71.1;61.9;0.0
75;2021-07-31;6625;7570;0;1534389;1336974;3;71.4;62.2;0.0
75;2021-08-01;2773;2463;0;1537162;1339437;3;71.6;62.3;0.0
75;2021-08-02;7989;9409;0;1545151;1348846;3;71.9;62.8;0.0
75;2021-08-03;8057;8830;0;1553208;1357676;3;72.3;63.2;0.0
75;2021-08-04;7312;7642;0;1560520;1365318;3;72.6;63.6;0.0
75;2021-08-05;6548;7726;0;1567068;1373044;3;72.9;63.9;0.0
75;2021-08-06;6363;8094;0;1573431;1381138;3;73.2;64.3;0.0
75;2021-08-07;3966;5358;0;1577397;1386496;3;73.4;64.5;0.0
75;2021-08-08;1341;2261;0;1578738;1388757;3;73.5;64.6;0.0
75;2021-08-09;5752;8549;0;1584490;1397306;3;73.8;65.0;0.0
75;2021-08-10;6177;8755;0;1590667;1406061;3;74.0;65.5;0.0
75;2021-08-11;5350;7811;0;1596017;1413872;3;74.3;65.8;0.0
75;2021-08-12;4771;8050;0;1600788;1421922;3;74.5;66.2;0.0
75;2021-08-13;4343;6977;0;1605131;1428899;3;74.7;66.5;0.0
75;2021-08-14;2680;5191;0;1607811;1434090;3;74.8;66.8;0.0
75;2021-08-15;669;1217;0;1608480;1435307;3;74.9;66.8;0.0
75;2021-08-16;4247;9806;0;1612727;1445113;3;75.1;67.3;0.0
75;2021-08-17;3957;9556;0;1616684;1454669;3;75.3;67.7;0.0
75;2021-08-18;3517;8702;0;1620201;1463371;3;75.4;68.1;0.0
75;2021-08-19;3477;8736;0;1623678;1472107;3;75.6;68.5;0.0
75;2021-08-20;3171;8463;0;1626849;1480570;3;75.7;68.9;0.0
75;2021-08-21;2158;6209;0;1629007;1486779;3;75.8;69.2;0.0
75;2021-08-22;633;2315;0;1629640;1489094;3;75.9;69.3;0.0
75;2021-08-23;3282;10163;0;1632922;1499257;3;76.0;69.8;0.0
75;2021-08-24;3343;9698;0;1636265;1508955;3;76.2;70.2;0.0
75;2021-08-25;3106;8488;0;1639371;1517443;3;76.3;70.6;0.0
75;2021-08-26;2820;7422;4;1642191;1524865;7;76.4;71.0;0.0
75;2021-08-27;3217;8598;2;1645408;1533463;9;76.6;71.4;0.0
75;2021-08-28;2262;5930;0;1647670;1539393;9;76.7;71.7;0.0
75;2021-08-29;617;1540;0;1648287;1540933;9;76.7;71.7;0.0
75;2021-08-30;3261;9463;564;1651548;1550396;573;76.9;72.2;0.0
75;2021-08-31;3122;8536;1044;1654670;1558932;1617;77.0;72.6;0.1
75;2021-09-01;3393;6864;1767;1658063;1565796;3384;77.2;72.9;0.2
75;2021-09-02;2543;5166;1950;1660606;1570962;5334;77.3;73.1;0.2
75;2021-09-03;2618;5884;1945;1663224;1576846;7279;77.4;73.4;0.3
75;2021-09-04;2768;5534;1051;1665992;1582380;8330;77.6;73.7;0.4
75;2021-09-05;468;918;396;1666460;1583298;8726;77.6;73.7;0.4
75;2021-09-06;1757;4037;1707;1668217;1587335;10433;77.7;73.9;0.5
75;2021-09-07;1582;3563;1604;1669799;1590898;12037;77.7;74.1;0.6
75;2021-09-08;1871;3964;1526;1671670;1594862;13563;77.8;74.2;0.6
75;2021-09-09;1667;3212;1721;1673337;1598074;15284;77.9;74.4;0.7
75;2021-09-10;1977;3770;2043;1675314;1601844;17327;78.0;74.6;0.8
75;2021-09-11;1667;4037;825;1676981;1605881;18152;78.1;74.8;0.8
75;2021-09-12;312;630;178;1677293;1606511;18330;78.1;74.8;0.9
75;2021-09-13;1649;2901;1874;1678942;1609412;20204;78.2;74.9;0.9
75;2021-09-14;1530;2550;1972;1680472;1611962;22176;78.2;75.0;1.0
75;2021-09-15;1755;3096;1837;1682227;1615058;24013;78.3;75.2;1.1
75;2021-09-16;1377;2242;1788;1683604;1617300;25801;78.4;75.3;1.2
75;2021-09-17;1844;3260;2211;1685448;1620560;28012;78.5;75.4;1.3
75;2021-09-18;1163;3456;715;1686611;1624016;28727;78.5;75.6;1.3
75;2021-09-19;216;539;117;1686827;1624555;28844;78.5;75.6;1.3
75;2021-09-20;1289;2427;1851;1688116;1626982;30695;78.6;75.7;1.4
75;2021-09-21;1155;2073;1673;1689271;1629055;32368;78.6;75.8;1.5
75;2021-09-22;1253;2968;1704;1690524;1632023;34072;78.7;76.0;1.6
75;2021-09-23;997;1786;1840;1691521;1633809;35912;78.7;76.1;1.7
75;2021-09-24;1261;2806;2047;1692782;1636615;37959;78.8;76.2;1.8
75;2021-09-25;908;3210;626;1693690;1639825;38585;78.8;76.3;1.8
75;2021-09-26;188;411;120;1693878;1640236;38705;78.8;76.4;1.8
75;2021-09-27;958;2001;1610;1694836;1642237;40315;78.9;76.4;1.9
75;2021-09-28;1024;1604;1684;1695860;1643841;41999;78.9;76.5;2.0
75;2021-09-29;1054;2091;1776;1696914;1645932;43775;79.0;76.6;2.0
75;2021-09-30;904;1747;1947;1697818;1647679;45722;79.0;76.7;2.1
75;2021-10-01;1671;1949;2193;1699489;1649628;47915;79.1;76.8;2.2
75;2021-10-02;1132;2027;898;1700621;1651655;48813;79.2;76.9;2.3
75;2021-10-03;158;283;120;1700779;1651938;48933;79.2;76.9;2.3
75;2021-10-04;1119;1633;2757;1701898;1653571;51690;79.2;77.0;2.4
75;2021-10-05;894;1426;2628;1702792;1654997;54318;79.3;77.0;2.5
75;2021-10-06;1035;1759;2525;1703827;1656756;56843;79.3;77.1;2.6
75;2021-10-07;846;1324;2457;1704673;1658080;59300;79.4;77.2;2.8
75;2021-10-08;1213;2115;3281;1705886;1660195;62581;79.4;77.3;2.9
75;2021-10-09;967;1538;1383;1706853;1661733;63964;79.5;77.4;3.0
75;2021-10-10;183;304;165;1707036;1662037;64129;79.5;77.4;3.0
75;2021-10-11;957;1401;2591;1707993;1663438;66720;79.5;77.4;3.1
75;2021-10-12;894;1399;2871;1708887;1664837;69591;79.5;77.5;3.2
75;2021-10-13;1009;1559;2790;1709896;1666396;72381;79.6;77.6;3.4
75;2021-10-14;843;1287;2846;1710739;1667683;75227;79.6;77.6;3.5
75;2021-10-15;1138;1616;3534;1711877;1669299;78761;79.7;77.7;3.7
75;2021-10-16;972;1367;1467;1712849;1670666;80228;79.7;77.8;3.7
75;2021-10-17;165;233;245;1713014;1670899;80473;79.7;77.8;3.7
75;2021-10-18;831;1179;2947;1713845;1672078;83420;79.8;77.8;3.9
75;2021-10-19;756;1173;3505;1714601;1673251;86925;79.8;77.9;4.0
75;2021-10-20;858;1255;3473;1715459;1674506;90398;79.9;77.9;4.2
75;2021-10-21;615;1117;3055;1716074;1675623;93453;79.9;78.0;4.4
75;2021-10-22;915;1386;3867;1716989;1677009;97320;79.9;78.1;4.5
75;2021-10-23;729;1111;1886;1717718;1678120;99206;80.0;78.1;4.6
75;2021-10-24;110;148;180;1717828;1678268;99386;80.0;78.1;4.6
75;2021-10-25;670;1029;3471;1718498;1679297;102857;80.0;78.2;4.8
75;2021-10-26;668;954;3812;1719166;1680251;106669;80.0;78.2;5.0
75;2021-10-27;646;984;3867;1719812;1681235;110536;80.1;78.3;5.1
75;2021-10-28;592;862;3610;1720404;1682097;114146;80.1;78.3;5.3
75;2021-10-29;680;1052;4221;1721084;1683149;118367;80.1;78.3;5.5
75;2021-10-30;527;806;2022;1721611;1683955;120389;80.1;78.4;5.6
75;2021-10-31;77;137;220;1721688;1684092;120609;80.1;78.4;5.6
75;2021-11-01;220;148;236;1721908;1684240;120845;80.2;78.4;5.6
75;2021-11-02;717;1036;3269;1722625;1685276;124114;80.2;78.4;5.8
75;2021-11-03;610;968;3517;1723235;1686244;127631;80.2;78.5;5.9
75;2021-11-04;545;839;3429;1723780;1687083;131060;80.2;78.5;6.1
75;2021-11-05;640;1011;4362;1724420;1688094;135422;80.3;78.6;6.3
75;2021-11-06;537;854;2117;1724957;1688948;137539;80.3;78.6;6.4
75;2021-11-07;102;159;299;1725059;1689107;137838;80.3;78.6;6.4
75;2021-11-08;491;829;4554;1725550;1689936;142392;80.3;78.7;6.6
75;2021-11-09;570;887;5429;1726120;1690823;147821;80.3;78.7;6.9
75;2021-11-10;732;1118;6101;1726852;1691941;153922;80.4;78.8;7.2
75;2021-11-11;203;317;1109;1727055;1692258;155031;80.4;78.8;7.2
75;2021-11-12;612;988;6283;1727667;1693246;161314;80.4;78.8;7.5
75;2021-11-13;551;809;3027;1728218;1694055;164341;80.4;78.9;7.6
75;2021-11-14;100;153;447;1728318;1694208;164788;80.5;78.9;7.7
75;2021-11-15;508;849;5790;1728826;1695057;170578;80.5;78.9;7.9
75;2021-11-16;578;826;6313;1729404;1695883;176891;80.5;78.9;8.2
75;2021-11-17;678;924;5977;1730082;1696807;182868;80.5;79.0;8.5
75;2021-11-18;521;814;5957;1730603;1697621;188825;80.6;79.0;8.8
75;2021-11-19;675;905;7170;1731278;1698526;195995;80.6;79.1;9.1
75;2021-11-20;621;862;3674;1731899;1699388;199669;80.6;79.1;9.3
75;2021-11-21;82;159;565;1731981;1699547;200234;80.6;79.1;9.3
75;2021-11-22;556;637;6363;1732537;1700184;206597;80.6;79.1;9.6
75;2021-11-23;622;793;7479;1733159;1700977;214076;80.7;79.2;10.0
75;2021-11-24;640;897;7238;1733799;1701874;221314;80.7;79.2;10.3
75;2021-11-25;606;770;9722;1734405;1702644;231036;80.7;79.3;10.8
75;2021-11-26;558;867;13971;1734963;1703511;245007;80.8;79.3;11.4
75;2021-11-27;492;755;10617;1735455;1704266;255624;80.8;79.3;11.9
75;2021-11-28;143;208;4682;1735598;1704474;260306;80.8;79.3;12.1
75;2021-11-29;469;738;15229;1736067;1705212;275535;80.8;79.4;12.8
75;2021-11-30;515;855;18757;1736582;1706067;294292;80.8;79.4;13.7
75;2021-12-01;503;889;19302;1737085;1706956;313594;80.9;79.5;14.6
75;2021-12-02;455;708;20681;1737540;1707664;334275;80.9;79.5;15.6
75;2021-12-03;509;937;22702;1738049;1708601;356977;80.9;79.5;16.6
75;2021-12-04;374;752;15525;1738423;1709353;372502;80.9;79.6;17.3
75;2021-12-05;178;299;8057;1738601;1709652;380559;80.9;79.6;17.7
75;2021-12-06;424;798;20904;1739025;1710450;401463;80.9;79.6;18.7
75;2021-12-07;504;921;24768;1739529;1711371;426231;81.0;79.7;19.8
75;2021-12-08;512;926;22703;1740041;1712297;448934;81.0;79.7;20.9
75;2021-12-09;447;873;24637;1740488;1713170;473571;81.0;79.7;22.0
75;2021-12-10;474;894;26208;1740962;1714064;499779;81.0;79.8;23.3
75;2021-12-11;506;884;20188;1741468;1714948;519967;81.1;79.8;24.2
75;2021-12-12;238;329;12995;1741706;1715277;532962;81.1;79.8;24.8
75;2021-12-13;505;882;25363;1742211;1716159;558325;81.1;79.9;26.0
75;2021-12-14;597;959;29872;1742808;1717118;588197;81.1;79.9;27.4
75;2021-12-15;604;985;28046;1743412;1718103;616243;81.2;80.0;28.7
75;2021-12-16;630;981;29820;1744042;1719084;646063;81.2;80.0;30.1
75;2021-12-17;590;1043;29879;1744632;1720127;675942;81.2;80.1;31.5
75;2021-12-18;527;860;20280;1745159;1720987;696222;81.2;80.1;32.4
75;2021-12-19;326;408;14631;1745485;1721395;710853;81.3;80.1;33.1
75;2021-12-20;682;1055;26393;1746167;1722450;737246;81.3;80.2;34.3
75;2021-12-21;803;1104;28723;1746970;1723554;765969;81.3;80.2;35.7
75;2021-12-22;835;1005;25412;1747805;1724559;791381;81.4;80.3;36.8
75;2021-12-23;773;963;22497;1748578;1725522;813878;81.4;80.3;37.9
75;2021-12-24;329;411;7784;1748907;1725933;821662;81.4;80.3;38.2
75;2021-12-25;25;64;611;1748932;1725997;822273;81.4;80.3;38.3
75;2021-12-26;172;187;5055;1749104;1726184;827328;81.4;80.4;38.5
75;2021-12-27;693;928;21303;1749797;1727112;848631;81.5;80.4;39.5
75;2021-12-28;709;884;23346;1750506;1727996;871977;81.5;80.4;40.6
76;2020-12-27;0;0;0;0;0;0;0.0;0.0;0.0
76;2020-12-28;0;0;0;0;0;0;0.0;0.0;0.0
76;2020-12-29;0;0;0;0;0;0;0.0;0.0;0.0
76;2020-12-30;0;0;0;0;0;0;0.0;0.0;0.0
76;2020-12-31;0;0;0;0;0;0;0.0;0.0;0.0
76;2021-01-01;1;0;0;1;0;0;0.0;0.0;0.0
76;2021-01-02;0;0;0;1;0;0;0.0;0.0;0.0
76;2021-01-03;0;0;0;1;0;0;0.0;0.0;0.0
76;2021-01-04;17;0;0;18;0;0;0.0;0.0;0.0
76;2021-01-05;124;0;0;142;0;0;0.0;0.0;0.0
76;2021-01-06;622;2;0;764;2;0;0.1;0.0;0.0
76;2021-01-07;1233;9;0;1997;11;0;0.2;0.0;0.0
76;2021-01-08;1370;2;0;3367;13;0;0.3;0.0;0.0
76;2021-01-09;665;1;0;4032;14;0;0.3;0.0;0.0
76;2021-01-10;472;2;0;4504;16;0;0.4;0.0;0.0
76;2021-01-11;1286;4;0;5790;20;0;0.5;0.0;0.0
76;2021-01-12;1253;1;0;7043;21;0;0.6;0.0;0.0
76;2021-01-13;1144;5;0;8187;26;0;0.7;0.0;0.0
76;2021-01-14;2070;23;0;10257;49;0;0.8;0.0;0.0
76;2021-01-15;1819;8;0;12076;57;0;1.0;0.0;0.0
76;2021-01-16;953;7;0;13029;64;0;1.0;0.0;0.0
76;2021-01-17;2707;20;0;15736;84;0;1.3;0.0;0.0
76;2021-01-18;4175;18;0;19911;102;0;1.6;0.0;0.0
76;2021-01-19;2840;11;0;22751;113;0;1.8;0.0;0.0
76;2021-01-20;1952;11;0;24703;124;0;2.0;0.0;0.0
76;2021-01-21;1706;5;0;26409;129;0;2.1;0.0;0.0
76;2021-01-22;1610;2;0;28019;131;0;2.3;0.0;0.0
76;2021-01-23;451;4;0;28470;135;0;2.3;0.0;0.0
76;2021-01-24;100;0;0;28570;135;0;2.3;0.0;0.0
76;2021-01-25;1370;131;0;29940;266;0;2.4;0.0;0.0
76;2021-01-26;1323;314;0;31263;580;0;2.5;0.0;0.0
76;2021-01-27;1269;392;0;32532;972;0;2.6;0.1;0.0
76;2021-01-28;1237;320;0;33769;1292;0;2.7;0.1;0.0
76;2021-01-29;1108;367;0;34877;1659;0;2.8;0.1;0.0
76;2021-01-30;259;260;0;35136;1919;0;2.8;0.2;0.0
76;2021-01-31;4;96;0;35140;2015;0;2.8;0.2;0.0
76;2021-02-01;790;741;0;35930;2756;0;2.9;0.2;0.0
76;2021-02-02;963;905;0;36893;3661;0;3.0;0.3;0.0
76;2021-02-03;847;967;0;37740;4628;0;3.0;0.4;0.0
76;2021-02-04;927;1392;0;38667;6020;0;3.1;0.5;0.0
76;2021-02-05;942;1078;0;39609;7098;0;3.2;0.6;0.0
76;2021-02-06;263;841;0;39872;7939;0;3.2;0.6;0.0
76;2021-02-07;438;1521;0;40310;9460;0;3.2;0.8;0.0
76;2021-02-08;1798;3523;0;42108;12983;0;3.4;1.0;0.0
76;2021-02-09;1691;2869;0;43799;15852;0;3.5;1.3;0.0
76;2021-02-10;1414;1747;0;45213;17599;0;3.6;1.4;0.0
76;2021-02-11;1599;1449;0;46812;19048;0;3.8;1.5;0.0
76;2021-02-12;1601;1548;0;48413;20596;0;3.9;1.7;0.0
76;2021-02-13;243;336;0;48656;20932;0;3.9;1.7;0.0
76;2021-02-14;7;75;0;48663;21007;0;3.9;1.7;0.0
76;2021-02-15;530;1569;0;49193;22576;0;4.0;1.8;0.0
76;2021-02-16;699;1529;0;49892;24105;0;4.0;1.9;0.0
76;2021-02-17;605;1387;0;50497;25492;0;4.1;2.0;0.0
76;2021-02-18;774;1307;0;51271;26799;0;4.1;2.2;0.0
76;2021-02-19;838;1234;0;52109;28033;0;4.2;2.3;0.0
76;2021-02-20;260;288;0;52369;28321;0;4.2;2.3;0.0
76;2021-02-21;2;5;0;52371;28326;0;4.2;2.3;0.0
76;2021-02-22;318;1212;0;52689;29538;0;4.2;2.4;0.0
76;2021-02-23;566;1150;0;53255;30688;0;4.3;2.5;0.0
76;2021-02-24;591;1134;0;53846;31822;0;4.3;2.6;0.0
76;2021-02-25;1606;1215;0;55452;33037;0;4.5;2.7;0.0
76;2021-02-26;2146;993;0;57598;34030;0;4.6;2.7;0.0
76;2021-02-27;1091;271;0;58689;34301;0;4.7;2.8;0.0
76;2021-02-28;30;193;0;58719;34494;0;4.7;2.8;0.0
76;2021-03-01;839;1976;0;59558;36470;0;4.8;2.9;0.0
76;2021-03-02;1353;1612;0;60911;38082;0;4.9;3.1;0.0
76;2021-03-03;1857;1323;0;62768;39405;0;5.0;3.2;0.0
76;2021-03-04;2753;1059;0;65521;40464;0;5.3;3.3;0.0
76;2021-03-05;4036;777;0;69557;41241;0;5.6;3.3;0.0
76;2021-03-06;3311;175;0;72868;41416;0;5.9;3.3;0.0
76;2021-03-07;1288;40;0;74156;41456;0;6.0;3.3;0.0
76;2021-03-08;2041;1205;0;76197;42661;0;6.1;3.4;0.0
76;2021-03-09;3519;1126;0;79716;43787;0;6.4;3.5;0.0
76;2021-03-10;3548;1037;0;83264;44824;0;6.7;3.6;0.0
76;2021-03-11;5490;925;0;88754;45749;0;7.1;3.7;0.0
76;2021-03-12;6588;609;0;95342;46358;0;7.7;3.7;0.0
76;2021-03-13;4670;186;0;100012;46544;0;8.0;3.7;0.0
76;2021-03-14;1065;27;0;101077;46571;0;8.1;3.7;0.0
76;2021-03-15;2833;235;0;103910;46806;0;8.4;3.8;0.0
76;2021-03-16;2498;387;0;106408;47193;0;8.6;3.8;0.0
76;2021-03-17;2697;316;0;109105;47509;0;8.8;3.8;0.0
76;2021-03-18;2976;341;0;112081;47850;0;9.0;3.8;0.0
76;2021-03-19;4269;425;0;116350;48275;0;9.4;3.9;0.0
76;2021-03-20;3930;295;0;120280;48570;0;9.7;3.9;0.0
76;2021-03-21;820;15;0;121100;48585;0;9.7;3.9;0.0
76;2021-03-22;3775;355;0;124875;48940;0;10.0;3.9;0.0
76;2021-03-23;5443;371;0;130318;49311;0;10.5;4.0;0.0
76;2021-03-24;5491;411;0;135809;49722;0;10.9;4.0;0.0
76;2021-03-25;7294;577;0;143103;50299;0;11.5;4.0;0.0
76;2021-03-26;8345;616;0;151448;50915;0;12.2;4.1;0.0
76;2021-03-27;4669;385;0;156117;51300;0;12.6;4.1;0.0
76;2021-03-28;1058;39;0;157175;51339;0;12.6;4.1;0.0
76;2021-03-29;5052;840;0;162227;52179;0;13.0;4.2;0.0
76;2021-03-30;6258;1064;0;168485;53243;0;13.5;4.3;0.0
76;2021-03-31;6066;1262;0;174551;54505;0;14.0;4.4;0.0
76;2021-04-01;6285;1994;0;180836;56499;0;14.5;4.5;0.0
76;2021-04-02;6283;2561;0;187119;59060;0;15.0;4.7;0.0
76;2021-04-03;2424;1125;0;189543;60185;0;15.2;4.8;0.0
76;2021-04-04;267;26;0;189810;60211;0;15.3;4.8;0.0
76;2021-04-05;802;356;0;190612;60567;0;15.3;4.9;0.0
76;2021-04-06;3346;2766;0;193958;63333;0;15.6;5.1;0.0
76;2021-04-07;4143;2423;0;198101;65756;0;15.9;5.3;0.0
76;2021-04-08;5525;2718;0;203626;68474;0;16.4;5.5;0.0
76;2021-04-09;8464;2983;0;212090;71457;0;17.1;5.7;0.0
76;2021-04-10;4684;1478;0;216774;72935;0;17.4;5.9;0.0
76;2021-04-11;810;536;0;217584;73471;0;17.5;5.9;0.0
76;2021-04-12;4443;2770;0;222027;76241;0;17.9;6.1;0.0
76;2021-04-13;5643;2805;0;227670;79046;0;18.3;6.4;0.0
76;2021-04-14;4573;3113;0;232243;82159;0;18.7;6.6;0.0
76;2021-04-15;5332;3307;0;237575;85466;0;19.1;6.9;0.0
76;2021-04-16;7049;3242;0;244624;88708;0;19.7;7.1;0.0
76;2021-04-17;4206;1437;0;248830;90145;0;20.0;7.2;0.0
76;2021-04-18;351;156;0;249181;90301;0;20.0;7.3;0.0
76;2021-04-19;3295;3537;0;252476;93838;0;20.3;7.5;0.0
76;2021-04-20;4177;4107;0;256653;97945;0;20.6;7.9;0.0
76;2021-04-21;4058;4448;0;260711;102393;0;21.0;8.2;0.0
76;2021-04-22;4443;5169;0;265154;107562;0;21.3;8.6;0.0
76;2021-04-23;5269;5654;0;270423;113216;0;21.7;9.1;0.0
76;2021-04-24;4059;2092;0;274482;115308;0;22.1;9.3;0.0
76;2021-04-25;972;340;0;275454;115648;0;22.1;9.3;0.0
76;2021-04-26;4364;4165;0;279818;119813;0;22.5;9.6;0.0
76;2021-04-27;4836;4662;0;284654;124475;0;22.9;10.0;0.0
76;2021-04-28;5168;3885;0;289822;128360;0;23.3;10.3;0.0
76;2021-04-29;6751;3850;0;296573;132210;0;23.8;10.6;0.0
76;2021-04-30;7900;4450;0;304473;136660;0;24.5;11.0;0.0
76;2021-05-01;4531;998;0;309004;137658;0;24.8;11.1;0.0
76;2021-05-02;1903;285;0;310907;137943;0;25.0;11.1;0.0
76;2021-05-03;4664;3121;0;315571;141064;0;25.4;11.3;0.0
76;2021-05-04;4721;4312;0;320292;145376;0;25.8;11.7;0.0
76;2021-05-05;4742;4854;0;325034;150230;0;26.1;12.1;0.0
76;2021-05-06;5852;5259;0;330886;155489;0;26.6;12.5;0.0
76;2021-05-07;6129;6428;0;337015;161917;0;27.1;13.0;0.0
76;2021-05-08;4875;906;0;341890;162823;0;27.5;13.1;0.0
76;2021-05-09;2635;274;0;344525;163097;0;27.7;13.1;0.0
76;2021-05-10;4928;4765;0;349453;167862;0;28.1;13.5;0.0
76;2021-05-11;6371;5368;0;355824;173230;0;28.6;13.9;0.0
76;2021-05-12;6326;4843;0;362150;178073;0;29.1;14.3;0.0
76;2021-05-13;8179;1202;0;370329;179275;0;29.8;14.4;0.0
76;2021-05-14;9874;4394;0;380203;183669;0;30.6;14.8;0.0
76;2021-05-15;8788;2405;0;388991;186074;0;31.3;15.0;0.0
76;2021-05-16;6107;476;0;395098;186550;0;31.8;15.0;0.0
76;2021-05-17;7151;3107;0;402249;189657;0;32.3;15.2;0.0
76;2021-05-18;8171;2677;0;410420;192334;0;33.0;15.5;0.0
76;2021-05-19;8253;3070;0;418673;195404;0;33.7;15.7;0.0
76;2021-05-20;9290;3336;0;427963;198740;0;34.4;16.0;0.0
76;2021-05-21;8047;4027;0;436010;202767;0;35.1;16.3;0.0
76;2021-05-22;7026;2268;0;443036;205035;0;35.6;16.5;0.0
76;2021-05-23;5990;404;0;449026;205439;0;36.1;16.5;0.0
76;2021-05-24;6204;1455;0;455230;206894;0;36.6;16.6;0.0
76;2021-05-25;7559;3941;0;462789;210835;0;37.2;17.0;0.0
76;2021-05-26;7172;3544;0;469961;214379;0;37.8;17.2;0.0
76;2021-05-27;8230;4541;0;478191;218920;0;38.4;17.6;0.0
76;2021-05-28;8175;6385;0;486366;225305;0;39.1;18.1;0.0
76;2021-05-29;6266;3464;0;492632;228769;0;39.6;18.4;0.0
76;2021-05-30;3108;405;0;495740;229174;0;39.9;18.4;0.0
76;2021-05-31;7785;3818;0;503525;232992;0;40.5;18.7;0.0
76;2021-06-01;8769;4867;0;512294;237859;0;41.2;19.1;0.0
76;2021-06-02;7451;4435;0;519745;242294;0;41.8;19.5;0.0
76;2021-06-03;9273;5307;0;529018;247601;0;42.5;19.9;0.0
76;2021-06-04;8707;6573;0;537725;254174;0;43.2;20.4;0.0
76;2021-06-05;6218;3831;0;543943;258005;0;43.7;20.7;0.0
76;2021-06-06;2691;712;0;546634;258717;0;43.9;20.8;0.0
76;2021-06-07;6623;5294;0;553257;264011;0;44.5;21.2;0.0
76;2021-06-08;8247;6110;0;561504;270121;0;45.1;21.7;0.0
76;2021-06-09;6919;5962;0;568423;276083;0;45.7;22.2;0.0
76;2021-06-10;7453;6416;0;575876;282499;0;46.3;22.7;0.0
76;2021-06-11;7226;8032;0;583102;290531;0;46.9;23.4;0.0
76;2021-06-12;6698;5798;0;589800;296329;0;47.4;23.8;0.0
76;2021-06-13;2859;1407;0;592659;297736;0;47.6;23.9;0.0
76;2021-06-14;5626;6607;0;598285;304343;0;48.1;24.5;0.0
76;2021-06-15;5895;7306;0;604180;311649;0;48.6;25.1;0.0
76;2021-06-16;6223;7339;0;610403;318988;0;49.1;25.6;0.0
76;2021-06-17;6560;7591;0;616963;326579;0;49.6;26.3;0.0
76;2021-06-18;7010;9107;0;623973;335686;0;50.2;27.0;0.0
76;2021-06-19;5552;6172;0;629525;341858;0;50.6;27.5;0.0
76;2021-06-20;2683;1753;0;632208;343611;0;50.8;27.6;0.0
76;2021-06-21;4655;7809;0;636863;351420;0;51.2;28.3;0.0
76;2021-06-22;4528;9388;0;641391;360808;0;51.6;29.0;0.0
76;2021-06-23;4373;9253;0;645764;370061;0;51.9;29.8;0.0
76;2021-06-24;4471;9671;0;650235;379732;0;52.3;30.5;0.0
76;2021-06-25;4619;11260;0;654854;390992;0;52.6;31.4;0.0
76;2021-06-26;3248;7797;0;658102;398789;0;52.9;32.1;0.0
76;2021-06-27;1352;4865;0;659454;403654;0;53.0;32.5;0.0
76;2021-06-28;3269;9602;0;662723;413256;0;53.3;33.2;0.0
76;2021-06-29;3703;9957;0;666426;423213;0;53.6;34.0;0.0
76;2021-06-30;4032;9544;0;670458;432757;0;53.9;34.8;0.0
76;2021-07-01;4366;9703;0;674824;442460;0;54.3;35.6;0.0
76;2021-07-02;4176;11756;0;679000;454216;0;54.6;36.5;0.0
76;2021-07-03;3356;8315;0;682356;462531;0;54.9;37.2;0.0
76;2021-07-04;1452;5071;0;683808;467602;0;55.0;37.6;0.0
76;2021-07-05;3654;8935;0;687462;476537;0;55.3;38.3;0.0
76;2021-07-06;3750;9848;0;691212;486385;0;55.6;39.1;0.0
76;2021-07-07;3747;9087;0;694959;495472;0;55.9;39.8;0.0
76;2021-07-08;4223;9307;0;699182;504779;0;56.2;40.6;0.0
76;2021-07-09;4194;12082;0;703376;516861;0;56.6;41.6;0.0
76;2021-07-10;2955;8266;0;706331;525127;0;56.8;42.2;0.0
76;2021-07-11;1661;2752;0;707992;527879;0;56.9;42.4;0.0
76;2021-07-12;2994;10707;0;710986;538586;0;57.2;43.3;0.0
76;2021-07-13;4739;11851;0;715725;550437;0;57.5;44.3;0.0
76;2021-07-14;4285;5045;0;720010;555482;0;57.9;44.7;0.0
76;2021-07-15;5638;11683;0;725648;567165;0;58.3;45.6;0.0
76;2021-07-16;6562;11876;0;732210;579041;0;58.9;46.6;0.0
76;2021-07-17;4880;8479;0;737090;587520;0;59.3;47.2;0.0
76;2021-07-18;2196;3375;0;739286;590895;0;59.4;47.5;0.0
76;2021-07-19;5077;10163;0;744363;601058;0;59.8;48.3;0.0
76;2021-07-20;6284;10566;0;750647;611624;0;60.4;49.2;0.0
76;2021-07-21;6300;9589;0;756947;621213;0;60.9;49.9;0.0
76;2021-07-22;8039;8681;0;764986;629894;0;61.5;50.6;0.0
76;2021-07-23;7483;10583;0;772469;640477;0;62.1;51.5;0.0
76;2021-07-24;4892;6796;0;777361;647273;0;62.5;52.0;0.0
76;2021-07-25;2883;2470;0;780244;649743;0;62.7;52.2;0.0
76;2021-07-26;5299;8893;0;785543;658636;0;63.2;53.0;0.0
76;2021-07-27;8096;8402;0;793639;667038;0;63.8;53.6;0.0
76;2021-07-28;8047;7514;0;801686;674552;0;64.5;54.2;0.0
76;2021-07-29;9049;6638;0;810735;681190;0;65.2;54.8;0.0
76;2021-07-30;7769;7551;0;818504;688741;0;65.8;55.4;0.0
76;2021-07-31;6267;5016;0;824771;693757;0;66.3;55.8;0.0
76;2021-08-01;3647;1962;0;828418;695719;0;66.6;55.9;0.0
76;2021-08-02;6271;6656;0;834689;702375;0;67.1;56.5;0.0
76;2021-08-03;7511;6160;0;842200;708535;0;67.7;57.0;0.0
76;2021-08-04;6858;5594;0;849058;714129;0;68.3;57.4;0.0
76;2021-08-05;7523;5420;0;856581;719549;0;68.9;57.9;0.0
76;2021-08-06;6351;6523;0;862932;726072;0;69.4;58.4;0.0
76;2021-08-07;4340;4167;0;867272;730239;0;69.7;58.7;0.0
76;2021-08-08;2229;1775;0;869501;732014;0;69.9;58.9;0.0
76;2021-08-09;5079;6275;0;874580;738289;0;70.3;59.4;0.0
76;2021-08-10;5778;6360;0;880358;744649;0;70.8;59.9;0.0
76;2021-08-11;5853;5339;0;886211;749988;0;71.3;60.3;0.0
76;2021-08-12;5491;5811;0;891702;755799;0;71.7;60.8;0.0
76;2021-08-13;4573;5952;0;896275;761751;0;72.1;61.2;0.0
76;2021-08-14;3466;4440;0;899741;766191;0;72.3;61.6;0.0
76;2021-08-15;1410;2204;0;901151;768395;0;72.5;61.8;0.0
76;2021-08-16;3333;6328;0;904484;774723;0;72.7;62.3;0.0
76;2021-08-17;3534;6703;0;908018;781426;0;73.0;62.8;0.0
76;2021-08-18;3310;6405;0;911328;787831;0;73.3;63.3;0.0
76;2021-08-19;3060;6806;0;914388;794637;0;73.5;63.9;0.0
76;2021-08-20;3201;7391;0;917589;802028;0;73.8;64.5;0.0
76;2021-08-21;1677;3991;0;919266;806019;0;73.9;64.8;0.0
76;2021-08-22;803;3053;0;920069;809072;0;74.0;65.0;0.0
76;2021-08-23;2368;7207;1;922437;816279;1;74.2;65.6;0.0
76;2021-08-24;2570;7207;1;925007;823486;2;74.4;66.2;0.0
76;2021-08-25;2445;6662;1;927452;830148;3;74.6;66.7;0.0
76;2021-08-26;1909;5529;1;929361;835677;4;74.7;67.2;0.0
76;2021-08-27;2506;7392;0;931867;843069;4;74.9;67.8;0.0
76;2021-08-28;1904;5773;0;933771;848842;4;75.1;68.2;0.0
76;2021-08-29;657;2771;0;934428;851613;4;75.1;68.5;0.0
76;2021-08-30;1949;6671;98;936377;858284;102;75.3;69.0;0.0
76;2021-08-31;1809;6519;193;938186;864803;295;75.4;69.5;0.0
76;2021-09-01;1702;5936;488;939888;870739;783;75.6;70.0;0.1
76;2021-09-02;1241;4176;491;941129;874915;1274;75.7;70.3;0.1
76;2021-09-03;1497;6118;621;942626;881033;1895;75.8;70.8;0.2
76;2021-09-04;1486;5491;346;944112;886524;2241;75.9;71.3;0.2
76;2021-09-05;589;1658;133;944701;888182;2374;76.0;71.4;0.2
76;2021-09-06;1154;3905;717;945855;892087;3091;76.0;71.7;0.2
76;2021-09-07;1078;3427;774;946933;895514;3865;76.1;72.0;0.3
76;2021-09-08;1187;3932;685;948120;899446;4550;76.2;72.3;0.4
76;2021-09-09;985;2696;710;949105;902142;5260;76.3;72.5;0.4
76;2021-09-10;1609;3783;840;950714;905925;6100;76.4;72.8;0.5
76;2021-09-11;1085;2964;405;951799;908889;6505;76.5;73.1;0.5
76;2021-09-12;243;751;66;952042;909640;6571;76.5;73.1;0.5
76;2021-09-13;786;2033;1139;952828;911673;7710;76.6;73.3;0.6
76;2021-09-14;1306;2430;1260;954134;914103;8970;76.7;73.5;0.7
76;2021-09-15;1125;3024;1250;955259;917127;10220;76.8;73.7;0.8
76;2021-09-16;1143;1844;962;956402;918971;11182;76.9;73.9;0.9
76;2021-09-17;1276;2568;1299;957678;921539;12481;77.0;74.1;1.0
76;2021-09-18;668;2295;422;958346;923834;12903;77.1;74.3;1.0
76;2021-09-19;168;704;78;958514;924538;12981;77.1;74.3;1.0
76;2021-09-20;792;1589;860;959306;926127;13841;77.1;74.5;1.1
76;2021-09-21;732;1527;1178;960038;927654;15019;77.2;74.6;1.2
76;2021-09-22;625;2124;984;960663;929778;16003;77.2;74.8;1.3
76;2021-09-23;690;1101;1115;961353;930879;17118;77.3;74.8;1.4
76;2021-09-24;950;1845;1251;962303;932724;18369;77.4;75.0;1.5
76;2021-09-25;557;1955;394;962860;934679;18763;77.4;75.1;1.5
76;2021-09-26;95;378;58;962955;935057;18821;77.4;75.2;1.5
76;2021-09-27;517;1131;883;963472;936188;19704;77.5;75.3;1.6
76;2021-09-28;459;1046;1065;963931;937234;20769;77.5;75.4;1.7
76;2021-09-29;707;1447;954;964638;938681;21723;77.6;75.5;1.7
76;2021-09-30;379;782;704;965017;939463;22427;77.6;75.5;1.8
76;2021-10-01;860;1606;1515;965877;941069;23942;77.7;75.7;1.9
76;2021-10-02;544;1218;379;966421;942287;24321;77.7;75.8;2.0
76;2021-10-03;106;339;119;966527;942626;24440;77.7;75.8;2.0
76;2021-10-04;614;1009;1232;967141;943635;25672;77.8;75.9;2.1
76;2021-10-05;458;964;1185;967599;944599;26857;77.8;75.9;2.2
76;2021-10-06;425;828;963;968024;945427;27820;77.8;76.0;2.2
76;2021-10-07;349;788;1358;968373;946215;29178;77.9;76.1;2.3
76;2021-10-08;845;1722;1877;969218;947937;31055;77.9;76.2;2.5
76;2021-10-09;499;895;756;969717;948832;31811;78.0;76.3;2.6
76;2021-10-10;54;87;74;969771;948919;31885;78.0;76.3;2.6
76;2021-10-11;486;992;1234;970257;949911;33119;78.0;76.4;2.7
76;2021-10-12;448;852;1486;970705;950763;34605;78.0;76.4;2.8
76;2021-10-13;556;976;1455;971261;951739;36060;78.1;76.5;2.9
76;2021-10-14;382;643;1325;971643;952382;37385;78.1;76.6;3.0
76;2021-10-15;737;1241;2481;972380;953623;39866;78.2;76.7;3.2
76;2021-10-16;379;539;573;972759;954162;40439;78.2;76.7;3.3
76;2021-10-17;88;193;218;972847;954355;40657;78.2;76.7;3.3
76;2021-10-18;376;748;1431;973223;955103;42088;78.2;76.8;3.4
76;2021-10-19;451;733;1676;973674;955836;43764;78.3;76.8;3.5
76;2021-10-20;418;623;2172;974092;956459;45936;78.3;76.9;3.7
76;2021-10-21;271;522;1955;974363;956981;47891;78.3;76.9;3.9
76;2021-10-22;592;937;2277;974955;957918;50168;78.4;77.0;4.0
76;2021-10-23;318;504;730;975273;958422;50898;78.4;77.1;4.1
76;2021-10-24;7;30;20;975280;958452;50918;78.4;77.1;4.1
76;2021-10-25;468;678;2407;975748;959130;53325;78.4;77.1;4.3
76;2021-10-26;365;448;2015;976113;959578;55340;78.5;77.1;4.4
76;2021-10-27;344;477;2053;976457;960055;57393;78.5;77.2;4.6
76;2021-10-28;339;414;1888;976796;960469;59281;78.5;77.2;4.8
76;2021-10-29;447;842;3283;977243;961311;62564;78.6;77.3;5.0
76;2021-10-30;319;492;1094;977562;961803;63658;78.6;77.3;5.1
76;2021-10-31;32;32;38;977594;961835;63696;78.6;77.3;5.1
76;2021-11-01;25;17;11;977619;961852;63707;78.6;77.3;5.1
76;2021-11-02;413;576;2165;978032;962428;65872;78.6;77.4;5.3
76;2021-11-03;400;547;2227;978432;962975;68099;78.7;77.4;5.5
76;2021-11-04;346;479;2251;978778;963454;70350;78.7;77.5;5.7
76;2021-11-05;586;802;3677;979364;964256;74027;78.7;77.5;6.0
76;2021-11-06;326;440;1246;979690;964696;75273;78.8;77.6;6.1
76;2021-11-07;8;28;40;979698;964724;75313;78.8;77.6;6.1
76;2021-11-08;287;422;2694;979985;965146;78007;78.8;77.6;6.3
76;2021-11-09;263;427;3402;980248;965573;81409;78.8;77.6;6.5
76;2021-11-10;452;627;4132;980700;966200;85541;78.8;77.7;6.9
76;2021-11-11;11;37;109;980711;966237;85650;78.8;77.7;6.9
76;2021-11-12;461;642;4527;981172;966879;90177;78.9;77.7;7.3
76;2021-11-13;282;374;1457;981454;967253;91634;78.9;77.8;7.4
76;2021-11-14;15;22;66;981469;967275;91700;78.9;77.8;7.4
76;2021-11-15;301;393;3601;981770;967668;95301;78.9;77.8;7.7
76;2021-11-16;321;347;4015;982091;968015;99316;79.0;77.8;8.0
76;2021-11-17;413;503;3778;982504;968518;103094;79.0;77.9;8.3
76;2021-11-18;258;315;3730;982762;968833;106824;79.0;77.9;8.6
76;2021-11-19;542;575;5870;983304;969408;112694;79.1;77.9;9.1
76;2021-11-20;446;498;2457;983750;969906;115151;79.1;78.0;9.3
76;2021-11-21;19;22;70;983769;969928;115221;79.1;78.0;9.3
76;2021-11-22;312;258;4201;984081;970186;119422;79.1;78.0;9.6
76;2021-11-23;372;397;4944;984453;970583;124366;79.1;78.0;10.0
76;2021-11-24;452;465;5013;984905;971048;129379;79.2;78.1;10.4
76;2021-11-25;279;298;5047;985184;971346;134426;79.2;78.1;10.8
76;2021-11-26;450;617;8859;985634;971963;143285;79.2;78.1;11.5
76;2021-11-27;271;418;4987;985905;972381;148272;79.3;78.2;11.9
76;2021-11-28;21;22;914;985926;972403;149186;79.3;78.2;12.0
76;2021-11-29;265;356;8510;986191;972759;157696;79.3;78.2;12.7
76;2021-11-30;316;324;9978;986507;973083;167674;79.3;78.2;13.5
76;2021-12-01;296;408;9196;986803;973491;176870;79.3;78.3;14.2
76;2021-12-02;272;237;11344;987075;973728;188214;79.4;78.3;15.1
76;2021-12-03;332;451;13189;987407;974179;201403;79.4;78.3;16.2
76;2021-12-04;212;348;8119;987619;974527;209522;79.4;78.4;16.8
76;2021-12-05;46;40;2066;987665;974567;211588;79.4;78.4;17.0
76;2021-12-06;248;314;10646;987913;974881;222234;79.4;78.4;17.9
76;2021-12-07;236;325;13127;988149;975206;235361;79.4;78.4;18.9
76;2021-12-08;322;466;12981;988471;975672;248342;79.5;78.4;20.0
76;2021-12-09;308;328;15819;988779;976000;264161;79.5;78.5;21.2
76;2021-12-10;347;586;18062;989126;976586;282223;79.5;78.5;22.7
76;2021-12-11;259;382;11209;989385;976968;293432;79.5;78.5;23.6
76;2021-12-12;68;71;4371;989453;977039;297803;79.6;78.6;23.9
76;2021-12-13;223;352;14128;989676;977391;311931;79.6;78.6;25.1
76;2021-12-14;362;396;16860;990038;977787;328791;79.6;78.6;26.4
76;2021-12-15;359;464;15279;990397;978251;344070;79.6;78.7;27.7
76;2021-12-16;364;395;17134;990761;978646;361204;79.7;78.7;29.0
76;2021-12-17;499;573;20065;991260;979219;381269;79.7;78.7;30.7
76;2021-12-18;307;359;11481;991567;979578;392750;79.7;78.8;31.6
76;2021-12-19;117;99;5112;991684;979677;397862;79.7;78.8;32.0
76;2021-12-20;436;405;14450;992120;980082;412312;79.8;78.8;33.1
76;2021-12-21;498;419;14115;992618;980501;426427;79.8;78.8;34.3
76;2021-12-22;502;392;11777;993120;980893;438204;79.8;78.9;35.2
76;2021-12-23;391;278;7357;993511;981171;445561;79.9;78.9;35.8
76;2021-12-24;81;88;1472;993592;981259;447033;79.9;78.9;35.9
76;2021-12-25;14;12;276;993606;981271;447309;79.9;78.9;36.0
76;2021-12-26;114;66;2081;993720;981337;449390;79.9;78.9;36.1
76;2021-12-27;421;395;12172;994141;981732;461562;79.9;78.9;37.1
76;2021-12-28;497;417;13759;994638;982149;475321;80.0;79.0;38.2
77;2020-12-27;2;1;0;2;1;0;0.0;0.0;0.0
77;2020-12-28;2;0;0;4;1;0;0.0;0.0;0.0
77;2020-12-29;1;0;0;5;1;0;0.0;0.0;0.0
77;2020-12-30;1;0;0;6;1;0;0.0;0.0;0.0
77;2020-12-31;0;0;0;6;1;0;0.0;0.0;0.0
77;2021-01-01;10;0;0;16;1;0;0.0;0.0;0.0
77;2021-01-02;1;0;0;17;1;0;0.0;0.0;0.0
77;2021-01-03;1;0;0;18;1;0;0.0;0.0;0.0
77;2021-01-04;10;0;0;28;1;0;0.0;0.0;0.0
77;2021-01-05;200;1;0;228;2;0;0.0;0.0;0.0
77;2021-01-06;276;2;0;504;4;0;0.0;0.0;0.0
77;2021-01-07;664;10;0;1168;14;0;0.1;0.0;0.0
77;2021-01-08;735;3;0;1903;17;0;0.1;0.0;0.0
77;2021-01-09;259;1;0;2162;18;0;0.2;0.0;0.0
77;2021-01-10;207;2;0;2369;20;0;0.2;0.0;0.0
77;2021-01-11;883;6;0;3252;26;0;0.2;0.0;0.0
77;2021-01-12;1087;5;0;4339;31;0;0.3;0.0;0.0
77;2021-01-13;1145;8;0;5484;39;0;0.4;0.0;0.0
77;2021-01-14;1136;18;0;6620;57;0;0.5;0.0;0.0
77;2021-01-15;989;18;0;7609;75;0;0.5;0.0;0.0
77;2021-01-16;164;1;0;7773;76;0;0.5;0.0;0.0
77;2021-01-17;109;3;0;7882;79;0;0.6;0.0;0.0
77;2021-01-18;1319;12;0;9201;91;0;0.6;0.0;0.0
77;2021-01-19;1878;28;0;11079;119;0;0.8;0.0;0.0
77;2021-01-20;2601;14;0;13680;133;0;1.0;0.0;0.0
77;2021-01-21;2361;38;0;16041;171;0;1.1;0.0;0.0
77;2021-01-22;1274;9;0;17315;180;0;1.2;0.0;0.0
77;2021-01-23;363;2;0;17678;182;0;1.2;0.0;0.0
77;2021-01-24;45;0;0;17723;182;0;1.2;0.0;0.0
77;2021-01-25;1043;26;0;18766;208;0;1.3;0.0;0.0
77;2021-01-26;1737;31;0;20503;239;0;1.4;0.0;0.0
77;2021-01-27;1493;43;0;21996;282;0;1.5;0.0;0.0
77;2021-01-28;1835;131;0;23831;413;0;1.7;0.0;0.0
77;2021-01-29;1366;177;0;25197;590;0;1.8;0.0;0.0
77;2021-01-30;266;5;0;25463;595;0;1.8;0.0;0.0
77;2021-01-31;5;2;0;25468;597;0;1.8;0.0;0.0
77;2021-02-01;688;226;0;26156;823;0;1.8;0.1;0.0
77;2021-02-02;878;342;0;27034;1165;0;1.9;0.1;0.0
77;2021-02-03;864;596;0;27898;1761;0;2.0;0.1;0.0
77;2021-02-04;867;891;0;28765;2652;0;2.0;0.2;0.0
77;2021-02-05;918;859;0;29683;3511;0;2.1;0.2;0.0
77;2021-02-06;201;102;0;29884;3613;0;2.1;0.3;0.0
77;2021-02-07;19;77;0;29903;3690;0;2.1;0.3;0.0
77;2021-02-08;474;998;0;30377;4688;0;2.1;0.3;0.0
77;2021-02-09;719;1567;0;31096;6255;0;2.2;0.4;0.0
77;2021-02-10;1097;1945;0;32193;8200;0;2.3;0.6;0.0
77;2021-02-11;1185;1843;0;33378;10043;0;2.3;0.7;0.0
77;2021-02-12;1201;1273;0;34579;11316;0;2.4;0.8;0.0
77;2021-02-13;230;181;0;34809;11497;0;2.4;0.8;0.0
77;2021-02-14;16;55;0;34825;11552;0;2.4;0.8;0.0
77;2021-02-15;605;1074;0;35430;12626;0;2.5;0.9;0.0
77;2021-02-16;692;1685;0;36122;14311;0;2.5;1.0;0.0
77;2021-02-17;662;1381;0;36784;15692;0;2.6;1.1;0.0
77;2021-02-18;999;1692;0;37783;17384;0;2.7;1.2;0.0
77;2021-02-19;933;1179;0;38716;18563;0;2.7;1.3;0.0
77;2021-02-20;97;258;0;38813;18821;0;2.7;1.3;0.0
77;2021-02-21;12;36;0;38825;18857;0;2.7;1.3;0.0
77;2021-02-22;388;899;0;39213;19756;0;2.8;1.4;0.0
77;2021-02-23;474;1193;0;39687;20949;0;2.8;1.5;0.0
77;2021-02-24;616;1046;0;40303;21995;0;2.8;1.5;0.0
77;2021-02-25;914;1171;0;41217;23166;0;2.9;1.6;0.0
77;2021-02-26;1000;935;0;42217;24101;0;3.0;1.7;0.0
77;2021-02-27;535;227;0;42752;24328;0;3.0;1.7;0.0
77;2021-02-28;36;15;0;42788;24343;0;3.0;1.7;0.0
77;2021-03-01;811;798;0;43599;25141;0;3.1;1.8;0.0
77;2021-03-02;1228;1028;0;44827;26169;0;3.1;1.8;0.0
77;2021-03-03;2099;1222;0;46926;27391;0;3.3;1.9;0.0
77;2021-03-04;3086;1246;0;50012;28637;0;3.5;2.0;0.0
77;2021-03-05;3768;1074;0;53780;29711;0;3.8;2.1;0.0
77;2021-03-06;5019;299;0;58799;30010;0;4.1;2.1;0.0
77;2021-03-07;3456;183;0;62255;30193;0;4.4;2.1;0.0
77;2021-03-08;1508;607;0;63763;30800;0;4.5;2.2;0.0
77;2021-03-09;2746;729;0;66509;31529;0;4.7;2.2;0.0
77;2021-03-10;2732;703;0;69241;32232;0;4.9;2.3;0.0
77;2021-03-11;3963;879;0;73204;33111;0;5.1;2.3;0.0
77;2021-03-12;4366;822;0;77570;33933;0;5.4;2.4;0.0
77;2021-03-13;4636;251;0;82206;34184;0;5.8;2.4;0.0
77;2021-03-14;2112;115;0;84318;34299;0;5.9;2.4;0.0
77;2021-03-15;2788;384;0;87106;34683;0;6.1;2.4;0.0
77;2021-03-16;2674;437;0;89780;35120;0;6.3;2.5;0.0
77;2021-03-17;2646;463;0;92426;35583;0;6.5;2.5;0.0
77;2021-03-18;3235;457;0;95661;36040;0;6.7;2.5;0.0
77;2021-03-19;3582;483;0;99243;36523;0;7.0;2.6;0.0
77;2021-03-20;2393;125;0;101636;36648;0;7.1;2.6;0.0
77;2021-03-21;453;62;0;102089;36710;0;7.2;2.6;0.0
77;2021-03-22;3256;465;0;105345;37175;0;7.4;2.6;0.0
77;2021-03-23;4887;654;0;110232;37829;0;7.7;2.7;0.0
77;2021-03-24;4623;650;0;114855;38479;0;8.1;2.7;0.0
77;2021-03-25;6426;549;0;121281;39028;0;8.5;2.7;0.0
77;2021-03-26;6822;560;0;128103;39588;0;9.0;2.8;0.0
77;2021-03-27;3997;208;0;132100;39796;0;9.3;2.8;0.0
77;2021-03-28;1879;72;0;133979;39868;0;9.4;2.8;0.0
77;2021-03-29;3293;842;0;137272;40710;0;9.6;2.9;0.0
77;2021-03-30;4700;1319;0;141972;42029;0;10.0;3.0;0.0
77;2021-03-31;4374;1288;0;146346;43317;0;10.3;3.0;0.0
77;2021-04-01;5067;2046;0;151413;45363;0;10.6;3.2;0.0
77;2021-04-02;4739;2209;0;156152;47572;0;11.0;3.3;0.0
77;2021-04-03;2267;2320;0;158419;49892;0;11.1;3.5;0.0
77;2021-04-04;742;1424;0;159161;51316;0;11.2;3.6;0.0
77;2021-04-05;629;184;0;159790;51500;0;11.2;3.6;0.0
77;2021-04-06;3453;2076;0;163243;53576;0;11.5;3.8;0.0
77;2021-04-07;4235;2260;0;167478;55836;0;11.8;3.9;0.0
77;2021-04-08;5652;2522;0;173130;58358;0;12.2;4.1;0.0
77;2021-04-09;5997;2208;0;179127;60566;0;12.6;4.3;0.0
77;2021-04-10;3736;2812;0;182863;63378;0;12.8;4.5;0.0
77;2021-04-11;941;838;0;183804;64216;0;12.9;4.5;0.0
77;2021-04-12;3010;2047;0;186814;66263;0;13.1;4.7;0.0
77;2021-04-13;4340;3070;0;191154;69333;0;13.4;4.9;0.0
77;2021-04-14;3417;2713;0;194571;72046;0;13.7;5.1;0.0
77;2021-04-15;4468;3294;0;199039;75340;0;14.0;5.3;0.0
77;2021-04-16;4478;2857;0;203517;78197;0;14.3;5.5;0.0
77;2021-04-17;2214;892;0;205731;79089;0;14.5;5.6;0.0
77;2021-04-18;403;213;0;206134;79302;0;14.5;5.6;0.0
77;2021-04-19;2880;2672;0;209014;81974;0;14.7;5.8;0.0
77;2021-04-20;3270;3640;0;212284;85614;0;14.9;6.0;0.0
77;2021-04-21;3091;3696;0;215375;89310;0;15.1;6.3;0.0
77;2021-04-22;4082;4247;0;219457;93557;0;15.4;6.6;0.0
77;2021-04-23;4615;4062;0;224072;97619;0;15.7;6.9;0.0
77;2021-04-24;6058;3035;0;230130;100654;0;16.2;7.1;0.0
77;2021-04-25;4620;1420;0;234750;102074;0;16.5;7.2;0.0
77;2021-04-26;4130;2545;0;238880;104619;0;16.8;7.3;0.0
77;2021-04-27;5169;3104;0;244049;107723;0;17.1;7.6;0.0
77;2021-04-28;5290;3170;0;249339;110893;0;17.5;7.8;0.0
77;2021-04-29;6002;3714;0;255341;114607;0;17.9;8.1;0.0
77;2021-04-30;6506;3946;0;261847;118553;0;18.4;8.3;0.0
77;2021-05-01;3635;933;0;265482;119486;0;18.6;8.4;0.0
77;2021-05-02;3499;661;0;268981;120147;0;18.9;8.4;0.0
77;2021-05-03;7148;3360;0;276129;123507;0;19.4;8.7;0.0
77;2021-05-04;7602;3801;0;283731;127308;0;19.9;8.9;0.0
77;2021-05-05;7118;3847;0;290849;131155;0;20.4;9.2;0.0
77;2021-05-06;8190;4345;0;299039;135500;0;21.0;9.5;0.0
77;2021-05-07;9249;4242;0;308288;139742;0;21.7;9.8;0.0
77;2021-05-08;6845;1514;0;315133;141256;0;22.1;9.9;0.0
77;2021-05-09;5316;1044;0;320449;142300;0;22.5;10.0;0.0
77;2021-05-10;8745;3073;0;329194;145373;0;23.1;10.2;0.0
77;2021-05-11;10099;3787;0;339293;149160;0;23.8;10.5;0.0
77;2021-05-12;9517;3035;0;348810;152195;0;24.5;10.7;0.0
77;2021-05-13;9535;1152;0;358345;153347;0;25.2;10.8;0.0
77;2021-05-14;10777;2158;0;369122;155505;0;25.9;10.9;0.0
77;2021-05-15;9258;1615;0;378380;157120;0;26.6;11.0;0.0
77;2021-05-16;5052;579;0;383432;157699;0;26.9;11.1;0.0
77;2021-05-17;10099;1783;0;393531;159482;0;27.6;11.2;0.0
77;2021-05-18;11627;2137;0;405158;161619;0;28.5;11.4;0.0
77;2021-05-19;10634;2188;0;415792;163807;0;29.2;11.5;0.0
77;2021-05-20;11950;2826;0;427742;166633;0;30.0;11.7;0.0
77;2021-05-21;11434;3032;0;439176;169665;0;30.8;11.9;0.0
77;2021-05-22;9513;1851;0;448689;171516;0;31.5;12.0;0.0
77;2021-05-23;6326;835;0;455015;172351;0;32.0;12.1;0.0
77;2021-05-24;6732;873;0;461747;173224;0;32.4;12.2;0.0
77;2021-05-25;8272;3410;0;470019;176634;0;33.0;12.4;0.0
77;2021-05-26;7862;3388;0;477881;180022;0;33.6;12.6;0.0
77;2021-05-27;8033;4550;0;485914;184572;0;34.1;13.0;0.0
77;2021-05-28;8064;4717;0;493978;189289;0;34.7;13.3;0.0
77;2021-05-29;7348;2890;0;501326;192179;0;35.2;13.5;0.0
77;2021-05-30;4202;1059;0;505528;193238;0;35.5;13.6;0.0
77;2021-05-31;7820;4475;0;513348;197713;0;36.1;13.9;0.0
77;2021-06-01;9228;5185;0;522576;202898;0;36.7;14.3;0.0
77;2021-06-02;8706;4619;0;531282;207517;0;37.3;14.6;0.0
77;2021-06-03;8700;6177;0;539982;213694;0;37.9;15.0;0.0
77;2021-06-04;9076;6556;0;549058;220250;0;38.6;15.5;0.0
77;2021-06-05;6417;5977;0;555475;226227;0;39.0;15.9;0.0
77;2021-06-06;4371;3224;0;559846;229451;0;39.3;16.1;0.0
77;2021-06-07;6315;5534;0;566161;234985;0;39.8;16.5;0.0
77;2021-06-08;5940;6246;0;572101;241231;0;40.2;16.9;0.0
77;2021-06-09;5346;6133;0;577447;247364;0;40.6;17.4;0.0
77;2021-06-10;5378;7450;0;582825;254814;0;40.9;17.9;0.0
77;2021-06-11;6000;7281;0;588825;262095;0;41.4;18.4;0.0
77;2021-06-12;6216;5794;0;595041;267889;0;41.8;18.8;0.0
77;2021-06-13;3267;3253;0;598308;271142;0;42.0;19.0;0.0
77;2021-06-14;3609;9137;0;601917;280279;0;42.3;19.7;0.0
77;2021-06-15;4545;9740;0;606462;290019;0;42.6;20.4;0.0
77;2021-06-16;5047;9258;0;611509;299277;0;43.0;21.0;0.0
77;2021-06-17;4833;9887;0;616342;309164;0;43.3;21.7;0.0
77;2021-06-18;4757;11027;0;621099;320191;0;43.6;22.5;0.0
77;2021-06-19;5115;8060;0;626214;328251;0;44.0;23.1;0.0
77;2021-06-20;2170;4298;0;628384;332549;0;44.1;23.4;0.0
77;2021-06-21;3339;10107;0;631723;342656;0;44.4;24.1;0.0
77;2021-06-22;3885;11785;0;635608;354441;0;44.6;24.9;0.0
77;2021-06-23;3745;10622;0;639353;365063;0;44.9;25.6;0.0
77;2021-06-24;3764;11333;0;643117;376396;0;45.2;26.4;0.0
77;2021-06-25;3786;11487;0;646903;387883;0;45.4;27.2;0.0
77;2021-06-26;3912;10574;0;650815;398457;0;45.7;28.0;0.0
77;2021-06-27;2037;6114;0;652852;404571;0;45.9;28.4;0.0
77;2021-06-28;2891;10907;0;655743;415478;0;46.1;29.2;0.0
77;2021-06-29;3600;12618;0;659343;428096;0;46.3;30.1;0.0
77;2021-06-30;3562;11511;0;662905;439607;0;46.6;30.9;0.0
77;2021-07-01;3889;11606;0;666794;451213;0;46.8;31.7;0.0
77;2021-07-02;4155;12405;0;670949;463618;0;47.1;32.6;0.0
77;2021-07-03;3381;10713;0;674330;474331;0;47.4;33.3;0.0
77;2021-07-04;1976;6084;0;676306;480415;0;47.5;33.7;0.0
77;2021-07-05;3795;9656;0;680101;490071;0;47.8;34.4;0.0
77;2021-07-06;3991;9893;0;684092;499964;0;48.1;35.1;0.0
77;2021-07-07;4271;9464;2;688363;509428;2;48.4;35.8;0.0
77;2021-07-08;4454;9478;0;692817;518906;2;48.7;36.5;0.0
77;2021-07-09;5095;10877;0;697912;529783;2;49.0;37.2;0.0
77;2021-07-10;4083;9951;0;701995;539734;2;49.3;37.9;0.0
77;2021-07-11;2868;4921;0;704863;544655;2;49.5;38.3;0.0
77;2021-07-12;3648;10651;0;708511;555306;2;49.8;39.0;0.0
77;2021-07-13;6881;12181;0;715392;567487;2;50.3;39.9;0.0
77;2021-07-14;4172;6239;0;719564;573726;2;50.5;40.3;0.0
77;2021-07-15;8292;12435;0;727856;586161;2;51.1;41.2;0.0
77;2021-07-16;8897;10625;0;736753;596786;2;51.8;41.9;0.0
77;2021-07-17;6542;9532;0;743295;606318;2;52.2;42.6;0.0
77;2021-07-18;4110;5045;0;747405;611363;2;52.5;42.9;0.0
77;2021-07-19;7889;9348;0;755294;620711;2;53.1;43.6;0.0
77;2021-07-20;10298;8989;0;765592;629700;2;53.8;44.2;0.0
77;2021-07-21;10229;8356;0;775821;638056;2;54.5;44.8;0.0
77;2021-07-22;11217;8419;0;787038;646475;2;55.3;45.4;0.0
77;2021-07-23;10701;9152;0;797739;655627;2;56.0;46.1;0.0
77;2021-07-24;7593;8131;0;805332;663758;2;56.6;46.6;0.0
77;2021-07-25;5348;3901;0;810680;667659;2;56.9;46.9;0.0
77;2021-07-26;9131;6583;0;819811;674242;2;57.6;47.4;0.0
77;2021-07-27;10914;6595;0;830725;680837;2;58.4;47.8;0.0
77;2021-07-28;9926;7051;0;840651;687888;2;59.1;48.3;0.0
77;2021-07-29;9808;6164;0;850459;694052;2;59.7;48.8;0.0
77;2021-07-30;9880;6965;0;860339;701017;2;60.4;49.2;0.0
77;2021-07-31;7004;6660;0;867343;707677;2;60.9;49.7;0.0
77;2021-08-01;2864;1433;0;870207;709110;2;61.1;49.8;0.0
77;2021-08-02;7383;6150;0;877590;715260;2;61.6;50.2;0.0
77;2021-08-03;6360;5438;0;883950;720698;2;62.1;50.6;0.0
77;2021-08-04;5405;5275;0;889355;725973;2;62.5;51.0;0.0
77;2021-08-05;3927;4075;0;893282;730048;2;62.7;51.3;0.0
77;2021-08-06;6231;6119;0;899513;736167;2;63.2;51.7;0.0
77;2021-08-07;5249;6988;0;904762;743155;2;63.6;52.2;0.0
77;2021-08-08;1942;2137;0;906704;745292;2;63.7;52.4;0.0
77;2021-08-09;5377;7414;0;912081;752706;2;64.1;52.9;0.0
77;2021-08-10;3530;5116;0;915611;757822;2;64.3;53.2;0.0
77;2021-08-11;3618;7187;0;919229;765009;2;64.6;53.7;0.0
77;2021-08-12;3037;4966;0;922266;769975;2;64.8;54.1;0.0
77;2021-08-13;3286;6013;0;925552;775988;2;65.0;54.5;0.0
77;2021-08-14;3013;7525;0;928565;783513;2;65.2;55.0;0.0
77;2021-08-15;819;942;0;929384;784455;2;65.3;55.1;0.0
77;2021-08-16;2813;7822;0;932197;792277;2;65.5;55.7;0.0
77;2021-08-17;3303;8023;0;935500;800300;2;65.7;56.2;0.0
77;2021-08-18;2982;7299;0;938482;807599;2;65.9;56.7;0.0
77;2021-08-19;2946;6149;0;941428;813748;2;66.1;57.2;0.0
77;2021-08-20;2972;6638;0;944400;820386;2;66.3;57.6;0.0
77;2021-08-21;2695;7323;0;947095;827709;2;66.5;58.1;0.0
77;2021-08-22;1616;4857;0;948711;832566;2;66.6;58.5;0.0
77;2021-08-23;2585;9609;0;951296;842175;2;66.8;59.2;0.0
77;2021-08-24;3197;9320;0;954493;851495;2;67.0;59.8;0.0
77;2021-08-25;2723;6934;0;957216;858429;2;67.2;60.3;0.0
77;2021-08-26;2727;6579;0;959943;865008;2;67.4;60.8;0.0
77;2021-08-27;2902;7540;1;962845;872548;3;67.6;61.3;0.0
77;2021-08-28;2116;7341;0;964961;879889;3;67.8;61.8;0.0
77;2021-08-29;1439;4721;0;966400;884610;3;67.9;62.1;0.0
77;2021-08-30;2695;8265;112;969095;892875;115;68.1;62.7;0.0
77;2021-08-31;2917;6078;153;972012;898953;268;68.3;63.1;0.0
77;2021-09-01;2725;4255;346;974737;903208;614;68.5;63.4;0.0
77;2021-09-02;1923;3252;372;976660;906460;986;68.6;63.7;0.1
77;2021-09-03;2276;4595;470;978936;911055;1456;68.8;64.0;0.1
77;2021-09-04;2521;5785;201;981457;916840;1657;68.9;64.4;0.1
77;2021-09-05;873;1443;184;982330;918283;1841;69.0;64.5;0.1
77;2021-09-06;1288;2504;469;983618;920787;2310;69.1;64.7;0.2
77;2021-09-07;1154;2511;363;984772;923298;2673;69.2;64.9;0.2
77;2021-09-08;1847;3156;528;986619;926454;3201;69.3;65.1;0.2
77;2021-09-09;1142;2252;459;987761;928706;3660;69.4;65.2;0.3
77;2021-09-10;1446;2633;413;989207;931339;4073;69.5;65.4;0.3
77;2021-09-11;1969;5333;329;991176;936672;4402;69.6;65.8;0.3
77;2021-09-12;549;1377;72;991725;938049;4474;69.7;65.9;0.3
77;2021-09-13;1203;2027;662;992928;940076;5136;69.7;66.0;0.4
77;2021-09-14;1214;2012;647;994142;942088;5783;69.8;66.2;0.4
77;2021-09-15;1311;2671;897;995453;944759;6680;69.9;66.4;0.5
77;2021-09-16;1072;1802;979;996525;946561;7659;70.0;66.5;0.5
77;2021-09-17;1318;2337;682;997843;948898;8341;70.1;66.7;0.6
77;2021-09-18;1346;3743;330;999189;952641;8671;70.2;66.9;0.6
77;2021-09-19;255;1178;87;999444;953819;8758;70.2;67.0;0.6
77;2021-09-20;943;1838;713;1000387;955657;9471;70.3;67.1;0.7
77;2021-09-21;896;1667;945;1001283;957324;10416;70.3;67.2;0.7
77;2021-09-22;882;2689;936;1002165;960013;11352;70.4;67.4;0.8
77;2021-09-23;637;1554;662;1002802;961567;12014;70.4;67.5;0.8
77;2021-09-24;887;1995;772;1003689;963562;12786;70.5;67.7;0.9
77;2021-09-25;1021;3912;519;1004710;967474;13305;70.6;68.0;0.9
77;2021-09-26;252;866;121;1004962;968340;13426;70.6;68.0;0.9
77;2021-09-27;747;1435;771;1005709;969775;14197;70.6;68.1;1.0
77;2021-09-28;814;1060;578;1006523;970835;14775;70.7;68.2;1.0
77;2021-09-29;1018;1874;1032;1007541;972709;15807;70.8;68.3;1.1
77;2021-09-30;699;1091;652;1008240;973800;16459;70.8;68.4;1.2
77;2021-10-01;1232;1300;760;1009472;975100;17219;70.9;68.5;1.2
77;2021-10-02;1184;2197;610;1010656;977297;17829;71.0;68.6;1.3
77;2021-10-03;182;504;92;1010838;977801;17921;71.0;68.7;1.3
77;2021-10-04;666;932;869;1011504;978733;18790;71.1;68.8;1.3
77;2021-10-05;514;937;743;1012018;979670;19533;71.1;68.8;1.4
77;2021-10-06;707;1417;969;1012725;981087;20502;71.1;68.9;1.4
77;2021-10-07;518;876;830;1013243;981963;21332;71.2;69.0;1.5
77;2021-10-08;859;1408;1103;1014102;983371;22435;71.2;69.1;1.6
77;2021-10-09;933;1967;987;1015035;985338;23422;71.3;69.2;1.6
77;2021-10-10;102;156;43;1015137;985494;23465;71.3;69.2;1.6
77;2021-10-11;719;991;1168;1015856;986485;24633;71.4;69.3;1.7
77;2021-10-12;598;996;1380;1016454;987481;26013;71.4;69.4;1.8
77;2021-10-13;829;1084;1487;1017283;988565;27500;71.5;69.4;1.9
77;2021-10-14;513;832;1157;1017796;989397;28657;71.5;69.5;2.0
77;2021-10-15;771;1204;1440;1018567;990601;30097;71.5;69.6;2.1
77;2021-10-16;915;1301;951;1019482;991902;31048;71.6;69.7;2.2
77;2021-10-17;81;123;54;1019563;992025;31102;71.6;69.7;2.2
77;2021-10-18;584;861;1421;1020147;992886;32523;71.7;69.7;2.3
77;2021-10-19;458;896;1159;1020605;993782;33682;71.7;69.8;2.4
77;2021-10-20;627;1137;1820;1021232;994919;35502;71.7;69.9;2.5
77;2021-10-21;416;683;1371;1021648;995602;36873;71.8;69.9;2.6
77;2021-10-22;674;1106;2038;1022322;996708;38911;71.8;70.0;2.7
77;2021-10-23;801;1247;1400;1023123;997955;40311;71.9;70.1;2.8
77;2021-10-24;39;100;39;1023162;998055;40350;71.9;70.1;2.8
77;2021-10-25;481;660;1412;1023643;998715;41762;71.9;70.2;2.9
77;2021-10-26;348;444;1041;1023991;999159;42803;71.9;70.2;3.0
77;2021-10-27;496;700;2142;1024487;999859;44945;72.0;70.2;3.2
77;2021-10-28;376;556;1294;1024863;1000415;46239;72.0;70.3;3.2
77;2021-10-29;553;787;1752;1025416;1001202;47991;72.0;70.3;3.4
77;2021-10-30;570;901;1393;1025986;1002103;49384;72.1;70.4;3.5
77;2021-10-31;42;89;30;1026028;1002192;49414;72.1;70.4;3.5
77;2021-11-01;175;125;213;1026203;1002317;49627;72.1;70.4;3.5
77;2021-11-02;357;585;1261;1026560;1002902;50888;72.1;70.4;3.6
77;2021-11-03;488;787;1899;1027048;1003689;52787;72.1;70.5;3.7
77;2021-11-04;343;578;1708;1027391;1004267;54495;72.2;70.5;3.8
77;2021-11-05;545;696;2130;1027936;1004963;56625;72.2;70.6;4.0
77;2021-11-06;628;1098;1749;1028564;1006061;58374;72.3;70.7;4.1
77;2021-11-07;32;73;33;1028596;1006134;58407;72.3;70.7;4.1
77;2021-11-08;398;630;2548;1028994;1006764;60955;72.3;70.7;4.3
77;2021-11-09;303;502;2118;1029297;1007266;63073;72.3;70.8;4.4
77;2021-11-10;511;730;3101;1029808;1007996;66174;72.3;70.8;4.6
77;2021-11-11;61;111;393;1029869;1008107;66567;72.3;70.8;4.7
77;2021-11-12;546;724;3104;1030415;1008831;69671;72.4;70.9;4.9
77;2021-11-13;659;1005;2215;1031074;1009836;71886;72.4;70.9;5.0
77;2021-11-14;34;79;120;1031108;1009915;72006;72.4;70.9;5.1
77;2021-11-15;353;461;2564;1031461;1010376;74570;72.5;71.0;5.2
77;2021-11-16;378;432;2979;1031839;1010808;77549;72.5;71.0;5.4
77;2021-11-17;456;627;2707;1032295;1011435;80256;72.5;71.0;5.6
77;2021-11-18;355;463;2970;1032650;1011898;83226;72.5;71.1;5.8
77;2021-11-19;548;605;3456;1033198;1012503;86682;72.6;71.1;6.1
77;2021-11-20;834;1096;3079;1034032;1013599;89761;72.6;71.2;6.3
77;2021-11-21;54;88;306;1034086;1013687;90067;72.6;71.2;6.3
77;2021-11-22;445;483;3213;1034531;1014170;93280;72.7;71.2;6.6
77;2021-11-23;317;400;2593;1034848;1014570;95873;72.7;71.3;6.7
77;2021-11-24;519;694;3637;1035367;1015264;99510;72.7;71.3;7.0
77;2021-11-25;388;444;3707;1035755;1015708;103217;72.8;71.3;7.3
77;2021-11-26;570;624;6429;1036325;1016332;109646;72.8;71.4;7.7
77;2021-11-27;703;869;6185;1037028;1017201;115831;72.8;71.5;8.1
77;2021-11-28;64;98;764;1037092;1017299;116595;72.8;71.5;8.2
77;2021-11-29;282;401;6266;1037374;1017700;122861;72.9;71.5;8.6
77;2021-11-30;358;453;8264;1037732;1018153;131125;72.9;71.5;9.2
77;2021-12-01;396;575;9089;1038128;1018728;140214;72.9;71.6;9.8
77;2021-12-02;323;393;10124;1038451;1019121;150338;72.9;71.6;10.6
77;2021-12-03;342;528;11004;1038793;1019649;161342;73.0;71.6;11.3
77;2021-12-04;480;792;8969;1039273;1020441;170311;73.0;71.7;12.0
77;2021-12-05;92;115;2130;1039365;1020556;172441;73.0;71.7;12.1
77;2021-12-06;319;516;10631;1039684;1021072;183072;73.0;71.7;12.9
77;2021-12-07;383;496;14278;1040067;1021568;197350;73.1;71.8;13.9
77;2021-12-08;462;573;14117;1040529;1022141;211467;73.1;71.8;14.9
77;2021-12-09;414;506;15307;1040943;1022647;226774;73.1;71.8;15.9
77;2021-12-10;424;650;17049;1041367;1023297;243823;73.1;71.9;17.1
77;2021-12-11;502;791;14873;1041869;1024088;258696;73.2;71.9;18.2
77;2021-12-12;240;217;7460;1042109;1024305;266156;73.2;72.0;18.7
77;2021-12-13;339;503;12759;1042448;1024808;278915;73.2;72.0;19.6
77;2021-12-14;402;503;15579;1042850;1025311;294494;73.3;72.0;20.7
77;2021-12-15;462;556;14690;1043312;1025867;309184;73.3;72.1;21.7
77;2021-12-16;434;531;15958;1043746;1026398;325142;73.3;72.1;22.8
77;2021-12-17;468;703;17140;1044214;1027101;342282;73.3;72.1;24.0
77;2021-12-18;645;869;15175;1044859;1027970;357457;73.4;72.2;25.1
77;2021-12-19;244;180;5507;1045103;1028150;362964;73.4;72.2;25.5
77;2021-12-20;543;552;12920;1045646;1028702;375884;73.5;72.3;26.4
77;2021-12-21;693;680;15181;1046339;1029382;391065;73.5;72.3;27.5
77;2021-12-22;636;679;11916;1046975;1030061;402981;73.5;72.4;28.3
77;2021-12-23;625;477;9044;1047600;1030538;412025;73.6;72.4;28.9
77;2021-12-24;137;199;2004;1047737;1030737;414029;73.6;72.4;29.1
77;2021-12-25;3;27;162;1047740;1030764;414191;73.6;72.4;29.1
77;2021-12-26;148;120;1577;1047888;1030884;415768;73.6;72.4;29.2
77;2021-12-27;487;523;10895;1048375;1031407;426663;73.6;72.5;30.0
77;2021-12-28;593;552;13614;1048968;1031959;440277;73.7;72.5;30.9
78;2020-12-27;4;0;0;4;0;0;0.0;0.0;0.0
78;2020-12-28;0;0;0;4;0;0;0.0;0.0;0.0
78;2020-12-29;2;0;0;6;0;0;0.0;0.0;0.0
78;2020-12-30;6;0;0;12;0;0;0.0;0.0;0.0
78;2020-12-31;12;0;0;24;0;0;0.0;0.0;0.0
78;2021-01-01;8;0;0;32;0;0;0.0;0.0;0.0
78;2021-01-02;1;0;0;33;0;0;0.0;0.0;0.0
78;2021-01-03;5;0;0;38;0;0;0.0;0.0;0.0
78;2021-01-04;122;3;0;160;3;0;0.0;0.0;0.0
78;2021-01-05;221;1;0;381;4;0;0.0;0.0;0.0
78;2021-01-06;263;5;0;644;9;0;0.0;0.0;0.0
78;2021-01-07;517;3;0;1161;12;0;0.1;0.0;0.0
78;2021-01-08;704;5;0;1865;17;0;0.1;0.0;0.0
78;2021-01-09;78;1;0;1943;18;0;0.1;0.0;0.0
78;2021-01-10;49;1;0;1992;19;0;0.1;0.0;0.0
78;2021-01-11;909;8;0;2901;27;0;0.2;0.0;0.0
78;2021-01-12;1074;7;0;3975;34;0;0.3;0.0;0.0
78;2021-01-13;964;12;0;4939;46;0;0.3;0.0;0.0
78;2021-01-14;1081;19;0;6020;65;0;0.4;0.0;0.0
78;2021-01-15;1025;9;0;7045;74;0;0.5;0.0;0.0
78;2021-01-16;108;2;0;7153;76;0;0.5;0.0;0.0
78;2021-01-17;80;0;0;7233;76;0;0.5;0.0;0.0
78;2021-01-18;1551;13;0;8784;89;0;0.6;0.0;0.0
78;2021-01-19;2024;23;0;10808;112;0;0.7;0.0;0.0
78;2021-01-20;2047;17;0;12855;129;0;0.9;0.0;0.0
78;2021-01-21;3492;27;0;16347;156;0;1.1;0.0;0.0
78;2021-01-22;2526;25;0;18873;181;0;1.3;0.0;0.0
78;2021-01-23;454;0;0;19327;181;0;1.3;0.0;0.0
78;2021-01-24;74;2;0;19401;183;0;1.3;0.0;0.0
78;2021-01-25;1152;33;0;20553;216;0;1.4;0.0;0.0
78;2021-01-26;1739;39;0;22292;255;0;1.5;0.0;0.0
78;2021-01-27;2321;73;0;24613;328;0;1.7;0.0;0.0
78;2021-01-28;2868;137;0;27481;465;0;1.9;0.0;0.0
78;2021-01-29;1869;103;0;29350;568;0;2.0;0.0;0.0
78;2021-01-30;359;9;0;29709;577;0;2.1;0.0;0.0
78;2021-01-31;33;4;0;29742;581;0;2.1;0.0;0.0
78;2021-02-01;977;262;0;30719;843;0;2.1;0.1;0.0
78;2021-02-02;1191;372;0;31910;1215;0;2.2;0.1;0.0
78;2021-02-03;1202;324;0;33112;1539;0;2.3;0.1;0.0
78;2021-02-04;1375;526;0;34487;2065;0;2.4;0.1;0.0
78;2021-02-05;1346;581;0;35833;2646;0;2.5;0.2;0.0
78;2021-02-06;302;58;0;36135;2704;0;2.5;0.2;0.0
78;2021-02-07;104;34;0;36239;2738;0;2.5;0.2;0.0
78;2021-02-08;841;737;0;37080;3475;0;2.6;0.2;0.0
78;2021-02-09;1261;1193;0;38341;4668;0;2.6;0.3;0.0
78;2021-02-10;1417;1365;0;39758;6033;0;2.7;0.4;0.0
78;2021-02-11;1959;2090;0;41717;8123;0;2.9;0.6;0.0
78;2021-02-12;1953;1480;0;43670;9603;0;3.0;0.7;0.0
78;2021-02-13;196;154;0;43866;9757;0;3.0;0.7;0.0
78;2021-02-14;44;67;0;43910;9824;0;3.0;0.7;0.0
78;2021-02-15;517;1628;0;44427;11452;0;3.1;0.8;0.0
78;2021-02-16;681;1985;0;45108;13437;0;3.1;0.9;0.0
78;2021-02-17;727;2395;0;45835;15832;0;3.2;1.1;0.0
78;2021-02-18;1159;2635;0;46994;18467;0;3.2;1.3;0.0
78;2021-02-19;1016;2011;0;48010;20478;0;3.3;1.4;0.0
78;2021-02-20;174;275;0;48184;20753;0;3.3;1.4;0.0
78;2021-02-21;16;54;0;48200;20807;0;3.3;1.4;0.0
78;2021-02-22;608;1296;0;48808;22103;0;3.4;1.5;0.0
78;2021-02-23;699;1331;0;49507;23434;0;3.4;1.6;0.0
78;2021-02-24;736;1502;0;50243;24936;0;3.5;1.7;0.0
78;2021-02-25;1067;1610;0;51310;26546;0;3.5;1.8;0.0
78;2021-02-26;1422;1475;0;52732;28021;0;3.6;1.9;0.0
78;2021-02-27;827;275;0;53559;28296;0;3.7;2.0;0.0
78;2021-02-28;117;48;0;53676;28344;0;3.7;2.0;0.0
78;2021-03-01;1159;1108;0;54835;29452;0;3.8;2.0;0.0
78;2021-03-02;2037;1275;0;56872;30727;0;3.9;2.1;0.0
78;2021-03-03;2288;1444;0;59160;32171;0;4.1;2.2;0.0
78;2021-03-04;3569;1822;0;62729;33993;0;4.3;2.3;0.0
78;2021-03-05;4091;1869;0;66820;35862;0;4.6;2.5;0.0
78;2021-03-06;7018;384;0;73838;36246;0;5.1;2.5;0.0
78;2021-03-07;4421;221;0;78259;36467;0;5.4;2.5;0.0
78;2021-03-08;1975;930;0;80234;37397;0;5.5;2.6;0.0
78;2021-03-09;3624;1088;0;83858;38485;0;5.8;2.7;0.0
78;2021-03-10;3708;1293;0;87566;39778;0;6.0;2.7;0.0
78;2021-03-11;4976;1537;0;92542;41315;0;6.4;2.9;0.0
78;2021-03-12;6189;1591;0;98731;42906;0;6.8;3.0;0.0
78;2021-03-13;5419;315;0;104150;43221;0;7.2;3.0;0.0
78;2021-03-14;1522;73;0;105672;43294;0;7.3;3.0;0.0
78;2021-03-15;4102;381;0;109774;43675;0;7.6;3.0;0.0
78;2021-03-16;3172;616;0;112946;44291;0;7.8;3.1;0.0
78;2021-03-17;3480;545;0;116426;44836;0;8.0;3.1;0.0
78;2021-03-18;4579;550;0;121005;45386;0;8.4;3.1;0.0
78;2021-03-19;6154;618;0;127159;46004;0;8.8;3.2;0.0
78;2021-03-20;2803;160;0;129962;46164;0;9.0;3.2;0.0
78;2021-03-21;310;39;0;130272;46203;0;9.0;3.2;0.0
78;2021-03-22;3893;509;0;134165;46712;0;9.3;3.2;0.0
78;2021-03-23;5788;699;0;139953;47411;0;9.7;3.3;0.0
78;2021-03-24;5409;728;0;145362;48139;0;10.0;3.3;0.0
78;2021-03-25;7749;776;0;153111;48915;0;10.6;3.4;0.0
78;2021-03-26;7759;921;0;160870;49836;0;11.1;3.4;0.0
78;2021-03-27;4506;336;0;165376;50172;0;11.4;3.5;0.0
78;2021-03-28;2120;81;0;167496;50253;0;11.6;3.5;0.0
78;2021-03-29;4259;1001;0;171755;51254;0;11.9;3.5;0.0
78;2021-03-30;5882;1363;0;177637;52617;0;12.3;3.6;0.0
78;2021-03-31;5749;1694;0;183386;54311;0;12.7;3.7;0.0
78;2021-04-01;6360;2800;0;189746;57111;0;13.1;3.9;0.0
78;2021-04-02;5618;3278;0;195364;60389;0;13.5;4.2;0.0
78;2021-04-03;2411;3385;0;197775;63774;0;13.7;4.4;0.0
78;2021-04-04;465;345;0;198240;64119;0;13.7;4.4;0.0
78;2021-04-05;547;76;0;198787;64195;0;13.7;4.4;0.0
78;2021-04-06;3866;2822;0;202653;67017;0;14.0;4.6;0.0
78;2021-04-07;5066;3115;0;207719;70132;0;14.3;4.8;0.0
78;2021-04-08;6107;3212;0;213826;73344;0;14.8;5.1;0.0
78;2021-04-09;7532;3039;0;221358;76383;0;15.3;5.3;0.0
78;2021-04-10;4189;2464;0;225547;78847;0;15.6;5.4;0.0
78;2021-04-11;584;851;0;226131;79698;0;15.6;5.5;0.0
78;2021-04-12;3693;2767;0;229824;82465;0;15.9;5.7;0.0
78;2021-04-13;5628;3295;0;235452;85760;0;16.3;5.9;0.0
78;2021-04-14;5373;3845;0;240825;89605;0;16.6;6.2;0.0
78;2021-04-15;5208;4635;0;246033;94240;0;17.0;6.5;0.0
78;2021-04-16;6408;4617;0;252441;98857;0;17.4;6.8;0.0
78;2021-04-17;4028;1160;0;256469;100017;0;17.7;6.9;0.0
78;2021-04-18;549;159;0;257018;100176;0;17.7;6.9;0.0
78;2021-04-19;3524;3103;0;260542;103279;0;18.0;7.1;0.0
78;2021-04-20;5012;4127;0;265554;107406;0;18.3;7.4;0.0
78;2021-04-21;5262;3868;0;270816;111274;0;18.7;7.7;0.0
78;2021-04-22;5082;5120;0;275898;116394;0;19.0;8.0;0.0
78;2021-04-23;5788;5054;0;281686;121448;0;19.4;8.4;0.0
78;2021-04-24;5872;3165;0;287558;124613;0;19.9;8.6;0.0
78;2021-04-25;3302;1813;0;290860;126426;0;20.1;8.7;0.0
78;2021-04-26;4999;3630;0;295859;130056;0;20.4;9.0;0.0
78;2021-04-27;5830;4530;0;301689;134586;0;20.8;9.3;0.0
78;2021-04-28;6051;4907;0;307740;139493;0;21.2;9.6;0.0
78;2021-04-29;6944;4718;0;314684;144211;0;21.7;10.0;0.0
78;2021-04-30;8209;4816;0;322893;149027;0;22.3;10.3;0.0
78;2021-05-01;1247;449;0;324140;149476;0;22.4;10.3;0.0
78;2021-05-02;2033;308;0;326173;149784;0;22.5;10.3;0.0
78;2021-05-03;7313;2403;0;333486;152187;0;23.0;10.5;0.0
78;2021-05-04;6875;4375;0;340361;156562;0;23.5;10.8;0.0
78;2021-05-05;7807;5051;0;348168;161613;0;24.0;11.2;0.0
78;2021-05-06;7722;5553;0;355890;167166;0;24.6;11.5;0.0
78;2021-05-07;9429;5684;0;365319;172850;0;25.2;11.9;0.0
78;2021-05-08;4609;1774;0;369928;174624;0;25.5;12.1;0.0
78;2021-05-09;3682;655;0;373610;175279;0;25.8;12.1;0.0
78;2021-05-10;8885;4592;0;382495;179871;0;26.4;12.4;0.0
78;2021-05-11;10247;5598;0;392742;185469;0;27.1;12.8;0.0
78;2021-05-12;10919;4352;0;403661;189821;0;27.9;13.1;0.0
78;2021-05-13;9036;953;0;412697;190774;0;28.5;13.2;0.0
78;2021-05-14;11890;2747;0;424587;193521;0;29.3;13.4;0.0
78;2021-05-15;6949;2625;0;431536;196146;0;29.8;13.5;0.0
78;2021-05-16;4770;868;0;436306;197014;0;30.1;13.6;0.0
78;2021-05-17;9792;1716;0;446098;198730;0;30.8;13.7;0.0
78;2021-05-18;12028;2430;0;458126;201160;0;31.6;13.9;0.0
78;2021-05-19;13409;2739;0;471535;203899;0;32.6;14.1;0.0
78;2021-05-20;13750;3046;0;485285;206945;0;33.5;14.3;0.0
78;2021-05-21;14074;3188;0;499359;210133;0;34.5;14.5;0.0
78;2021-05-22;8869;1740;0;508228;211873;0;35.1;14.6;0.0
78;2021-05-23;4377;548;0;512605;212421;0;35.4;14.7;0.0
78;2021-05-24;5309;708;0;517914;213129;0;35.8;14.7;0.0
78;2021-05-25;10924;3181;0;528838;216310;0;36.5;14.9;0.0
78;2021-05-26;11314;4344;0;540152;220654;0;37.3;15.2;0.0
78;2021-05-27;12129;5230;0;552281;225884;0;38.1;15.6;0.0
78;2021-05-28;12311;6703;0;564592;232587;0;39.0;16.1;0.0
78;2021-05-29;5551;3661;0;570143;236248;0;39.4;16.3;0.0
78;2021-05-30;1206;550;0;571349;236798;0;39.4;16.3;0.0
78;2021-05-31;8887;5479;0;580236;242277;0;40.1;16.7;0.0
78;2021-06-01;11638;7148;0;591874;249425;0;40.9;17.2;0.0
78;2021-06-02;10499;6848;0;602373;256273;0;41.6;17.7;0.0
78;2021-06-03;11208;7498;0;613581;263771;0;42.4;18.2;0.0
78;2021-06-04;11495;8672;0;625076;272443;0;43.1;18.8;0.0
78;2021-06-05;7856;6956;0;632932;279399;0;43.7;19.3;0.0
78;2021-06-06;2881;2189;0;635813;281588;0;43.9;19.4;0.0
78;2021-06-07;9716;6924;0;645529;288512;0;44.6;19.9;0.0
78;2021-06-08;9600;7850;0;655129;296362;0;45.2;20.5;0.0
78;2021-06-09;8592;7716;0;663721;304078;0;45.8;21.0;0.0
78;2021-06-10;8305;8636;0;672026;312714;0;46.4;21.6;0.0
78;2021-06-11;8761;8999;0;680787;321713;0;47.0;22.2;0.0
78;2021-06-12;7764;4068;0;688551;325781;0;47.5;22.5;0.0
78;2021-06-13;1679;2824;0;690230;328605;0;47.6;22.7;0.0
78;2021-06-14;4504;10089;0;694734;338694;0;48.0;23.4;0.0
78;2021-06-15;6296;9513;0;701030;348207;0;48.4;24.0;0.0
78;2021-06-16;6192;9789;0;707222;357996;0;48.8;24.7;0.0
78;2021-06-17;6188;9821;0;713410;367817;0;49.2;25.4;0.0
78;2021-06-18;6835;11704;0;720245;379521;0;49.7;26.2;0.0
78;2021-06-19;5783;7017;0;726028;386538;0;50.1;26.7;0.0
78;2021-06-20;1003;3874;0;727031;390412;0;50.2;27.0;0.0
78;2021-06-21;4475;10835;0;731506;401247;0;50.5;27.7;0.0
78;2021-06-22;4098;12076;0;735604;413323;0;50.8;28.5;0.0
78;2021-06-23;4494;12251;0;740098;425574;0;51.1;29.4;0.0
78;2021-06-24;4492;11824;0;744590;437398;0;51.4;30.2;0.0
78;2021-06-25;4761;14941;0;749351;452339;0;51.7;31.2;0.0
78;2021-06-26;4712;10089;0;754063;462428;0;52.1;31.9;0.0
78;2021-06-27;1326;3577;0;755389;466005;0;52.1;32.2;0.0
78;2021-06-28;3744;12367;0;759133;478372;0;52.4;33.0;0.0
78;2021-06-29;3853;13168;0;762986;491540;0;52.7;33.9;0.0
78;2021-06-30;4516;14726;0;767502;506266;0;53.0;34.9;0.0
78;2021-07-01;4656;13994;0;772158;520260;0;53.3;35.9;0.0
78;2021-07-02;4805;15231;0;776963;535491;0;53.6;37.0;0.0
78;2021-07-03;3411;10872;0;780374;546363;0;53.9;37.7;0.0
78;2021-07-04;961;2727;0;781335;549090;0;53.9;37.9;0.0
78;2021-07-05;3847;10864;0;785182;559954;0;54.2;38.7;0.0
78;2021-07-06;3910;13371;0;789092;573325;0;54.5;39.6;0.0
78;2021-07-07;4492;12789;0;793584;586114;0;54.8;40.5;0.0
78;2021-07-08;4797;13039;0;798381;599153;0;55.1;41.4;0.0
78;2021-07-09;5411;13986;0;803792;613139;0;55.5;42.3;0.0
78;2021-07-10;3239;8487;0;807031;621626;0;55.7;42.9;0.0
78;2021-07-11;1126;2821;0;808157;624447;0;55.8;43.1;0.0
78;2021-07-12;4008;13781;0;812165;638228;0;56.1;44.1;0.0
78;2021-07-13;6454;14083;0;818619;652311;0;56.5;45.0;0.0
78;2021-07-14;4019;6118;0;822638;658429;0;56.8;45.5;0.0
78;2021-07-15;7415;14472;0;830053;672901;0;57.3;46.5;0.0
78;2021-07-16;8554;13196;0;838607;686097;0;57.9;47.4;0.0
78;2021-07-17;5650;6825;0;844257;692922;0;58.3;47.8;0.0
78;2021-07-18;1745;1206;0;846002;694128;0;58.4;47.9;0.0
78;2021-07-19;5842;12443;0;851844;706571;0;58.8;48.8;0.0
78;2021-07-20;7432;11934;0;859276;718505;0;59.3;49.6;0.0
78;2021-07-21;8193;11757;0;867469;730262;0;59.9;50.4;0.0
78;2021-07-22;8781;11264;0;876250;741526;0;60.5;51.2;0.0
78;2021-07-23;8794;11226;0;885044;752752;0;61.1;52.0;0.0
78;2021-07-24;4725;6318;0;889769;759070;0;61.4;52.4;0.0
78;2021-07-25;1918;1290;0;891687;760360;0;61.6;52.5;0.0
78;2021-07-26;7725;8605;0;899412;768965;0;62.1;53.1;0.0
78;2021-07-27;10375;8644;0;909787;777609;0;62.8;53.7;0.0
78;2021-07-28;10018;7804;0;919805;785413;0;63.5;54.2;0.0
78;2021-07-29;10345;7467;0;930150;792880;0;64.2;54.7;0.0
78;2021-07-30;9628;8804;0;939778;801684;0;64.9;55.3;0.0
78;2021-07-31;4325;3873;0;944103;805557;0;65.2;55.6;0.0
78;2021-08-01;1237;820;0;945340;806377;0;65.3;55.7;0.0
78;2021-08-02;4643;3816;0;949983;810193;0;65.6;55.9;0.0
78;2021-08-03;5972;6142;0;955955;816335;0;66.0;56.4;0.0
78;2021-08-04;6116;4770;0;962071;821105;0;66.4;56.7;0.0
78;2021-08-05;5591;4876;0;967662;825981;0;66.8;57.0;0.0
78;2021-08-06;5423;5846;0;973085;831827;0;67.2;57.4;0.0
78;2021-08-07;3458;4446;0;976543;836273;0;67.4;57.7;0.0
78;2021-08-08;842;838;0;977385;837111;0;67.5;57.8;0.0
78;2021-08-09;3302;3908;0;980687;841019;0;67.7;58.1;0.0
78;2021-08-10;4386;5653;0;985073;846672;0;68.0;58.4;0.0
78;2021-08-11;4134;5413;0;989207;852085;0;68.3;58.8;0.0
78;2021-08-12;3936;5680;0;993143;857765;0;68.6;59.2;0.0
78;2021-08-13;3665;4813;0;996808;862578;0;68.8;59.5;0.0
78;2021-08-14;2842;4118;0;999650;866696;0;69.0;59.8;0.0
78;2021-08-15;424;617;0;1000074;867313;0;69.0;59.9;0.0
78;2021-08-16;1864;4918;0;1001938;872231;0;69.2;60.2;0.0
78;2021-08-17;3228;6399;0;1005166;878630;0;69.4;60.7;0.0
78;2021-08-18;3089;6032;0;1008255;884662;0;69.6;61.1;0.0
78;2021-08-19;2833;5469;0;1011088;890131;0;69.8;61.4;0.0
78;2021-08-20;2767;6150;0;1013855;896281;0;70.0;61.9;0.0
78;2021-08-21;2233;5005;0;1016088;901286;0;70.1;62.2;0.0
78;2021-08-22;244;732;0;1016332;902018;0;70.2;62.3;0.0
78;2021-08-23;2512;6276;0;1018844;908294;0;70.3;62.7;0.0
78;2021-08-24;3579;8220;0;1022423;916514;0;70.6;63.3;0.0
78;2021-08-25;3417;7926;0;1025840;924440;0;70.8;63.8;0.0
78;2021-08-26;3025;8516;0;1028865;932956;0;71.0;64.4;0.0
78;2021-08-27;2972;8617;0;1031837;941573;0;71.2;65.0;0.0
78;2021-08-28;2544;6216;0;1034381;947789;0;71.4;65.4;0.0
78;2021-08-29;362;705;0;1034743;948494;0;71.4;65.5;0.0
78;2021-08-30;2930;5947;109;1037673;954441;109;71.6;65.9;0.0
78;2021-08-31;3404;6443;189;1041077;960884;298;71.9;66.3;0.0
78;2021-09-01;3141;5963;509;1044218;966847;807;72.1;66.7;0.1
78;2021-09-02;2336;4808;573;1046554;971655;1380;72.2;67.1;0.1
78;2021-09-03;2375;5133;601;1048929;976788;1981;72.4;67.4;0.1
78;2021-09-04;2709;5144;339;1051638;981932;2320;72.6;67.8;0.2
78;2021-09-05;293;415;34;1051931;982347;2354;72.6;67.8;0.2
78;2021-09-06;1350;2815;594;1053281;985162;2948;72.7;68.0;0.2
78;2021-09-07;1465;3217;702;1054746;988379;3650;72.8;68.2;0.3
78;2021-09-08;1814;3687;607;1056560;992066;4257;72.9;68.5;0.3
78;2021-09-09;1148;2867;657;1057708;994933;4914;73.0;68.7;0.3
78;2021-09-10;1528;3330;625;1059236;998263;5539;73.1;68.9;0.4
78;2021-09-11;2220;4326;511;1061456;1002589;6050;73.3;69.2;0.4
78;2021-09-12;133;230;36;1061589;1002819;6086;73.3;69.2;0.4
78;2021-09-13;1103;2124;700;1062692;1004943;6786;73.4;69.4;0.5
78;2021-09-14;1209;2783;1162;1063901;1007726;7948;73.4;69.6;0.5
78;2021-09-15;1378;3789;1022;1065279;1011515;8970;73.5;69.8;0.6
78;2021-09-16;918;2112;1035;1066197;1013627;10005;73.6;70.0;0.7
78;2021-09-17;1262;2873;992;1067459;1016500;10997;73.7;70.2;0.8
78;2021-09-18;1491;4362;427;1068950;1020862;11424;73.8;70.5;0.8
78;2021-09-19;128;389;32;1069078;1021251;11456;73.8;70.5;0.8
78;2021-09-20;756;1675;853;1069834;1022926;12309;73.9;70.6;0.8
78;2021-09-21;834;1957;1182;1070668;1024883;13491;73.9;70.7;0.9
78;2021-09-22;989;3570;940;1071657;1028453;14431;74.0;71.0;1.0
78;2021-09-23;874;1623;1316;1072531;1030076;15747;74.0;71.1;1.1
78;2021-09-24;1025;2329;1079;1073556;1032405;16826;74.1;71.3;1.2
78;2021-09-25;1123;4151;555;1074679;1036556;17381;74.2;71.6;1.2
78;2021-09-26;63;176;17;1074742;1036732;17398;74.2;71.6;1.2
78;2021-09-27;690;1484;990;1075432;1038216;18388;74.2;71.7;1.3
78;2021-09-28;848;1441;1166;1076280;1039657;19554;74.3;71.8;1.3
78;2021-09-29;1054;2271;1089;1077334;1041928;20643;74.4;71.9;1.4
78;2021-09-30;586;1020;934;1077920;1042948;21577;74.4;72.0;1.5
78;2021-10-01;1304;1777;1279;1079224;1044725;22856;74.5;72.1;1.6
78;2021-10-02;1338;2647;738;1080562;1047372;23594;74.6;72.3;1.6
78;2021-10-03;76;110;30;1080638;1047482;23624;74.6;72.3;1.6
78;2021-10-04;622;967;1053;1081260;1048449;24677;74.6;72.4;1.7
78;2021-10-05;577;908;1090;1081837;1049357;25767;74.7;72.4;1.8
78;2021-10-06;894;1587;1722;1082731;1050944;27489;74.7;72.5;1.9
78;2021-10-07;490;858;1304;1083221;1051802;28793;74.8;72.6;2.0
78;2021-10-08;930;1673;2146;1084151;1053475;30939;74.8;72.7;2.1
78;2021-10-09;941;1877;908;1085092;1055352;31847;74.9;72.9;2.2
78;2021-10-10;83;116;60;1085175;1055468;31907;74.9;72.9;2.2
78;2021-10-11;590;824;1251;1085765;1056292;33158;75.0;72.9;2.3
78;2021-10-12;476;759;1457;1086241;1057051;34615;75.0;73.0;2.4
78;2021-10-13;712;1375;2018;1086953;1058426;36633;75.0;73.1;2.5
78;2021-10-14;546;895;1575;1087499;1059321;38208;75.1;73.1;2.6
78;2021-10-15;775;1343;2622;1088274;1060664;40830;75.1;73.2;2.8
78;2021-10-16;878;1344;1097;1089152;1062008;41927;75.2;73.3;2.9
78;2021-10-17;60;89;49;1089212;1062097;41976;75.2;73.3;2.9
78;2021-10-18;474;813;1527;1089686;1062910;43503;75.2;73.4;3.0
78;2021-10-19;451;748;1463;1090137;1063658;44966;75.3;73.4;3.1
78;2021-10-20;724;1214;2636;1090861;1064872;47602;75.3;73.5;3.3
78;2021-10-21;435;787;2022;1091296;1065659;49624;75.3;73.6;3.4
78;2021-10-22;717;1167;2799;1092013;1066826;52423;75.4;73.6;3.6
78;2021-10-23;758;1227;1224;1092771;1068053;53647;75.4;73.7;3.7
78;2021-10-24;56;92;49;1092827;1068145;53696;75.4;73.7;3.7
78;2021-10-25;477;622;1883;1093304;1068767;55579;75.5;73.8;3.8
78;2021-10-26;317;529;1717;1093621;1069296;57296;75.5;73.8;4.0
78;2021-10-27;554;869;2760;1094175;1070165;60056;75.5;73.9;4.1
78;2021-10-28;331;502;1973;1094506;1070667;62029;75.6;73.9;4.3
78;2021-10-29;506;779;2639;1095012;1071446;64668;75.6;74.0;4.5
78;2021-10-30;409;879;1288;1095421;1072325;65956;75.6;74.0;4.6
78;2021-10-31;61;89;65;1095482;1072414;66021;75.6;74.0;4.6
78;2021-11-01;133;81;80;1095615;1072495;66101;75.6;74.0;4.6
78;2021-11-02;428;509;1763;1096043;1073004;67864;75.7;74.1;4.7
78;2021-11-03;484;581;1956;1096527;1073585;69820;75.7;74.1;4.8
78;2021-11-04;422;532;2097;1096949;1074117;71917;75.7;74.1;5.0
78;2021-11-05;557;811;2818;1097506;1074928;74735;75.8;74.2;5.2
78;2021-11-06;365;601;946;1097871;1075529;75681;75.8;74.2;5.2
78;2021-11-07;55;93;142;1097926;1075622;75823;75.8;74.3;5.2
78;2021-11-08;279;599;2123;1098205;1076221;77946;75.8;74.3;5.4
78;2021-11-09;365;567;3214;1098570;1076788;81160;75.8;74.3;5.6
78;2021-11-10;477;783;3334;1099047;1077571;84494;75.9;74.4;5.8
78;2021-11-11;81;118;332;1099128;1077689;84826;75.9;74.4;5.9
78;2021-11-12;440;745;4092;1099568;1078434;88918;75.9;74.4;6.1
78;2021-11-13;386;544;1455;1099954;1078978;90373;75.9;74.5;6.2
78;2021-11-14;70;62;131;1100024;1079040;90504;75.9;74.5;6.2
78;2021-11-15;252;502;2950;1100276;1079542;93454;76.0;74.5;6.5
78;2021-11-16;413;494;4171;1100689;1080036;97625;76.0;74.6;6.7
78;2021-11-17;486;714;4112;1101175;1080750;101737;76.0;74.6;7.0
78;2021-11-18;353;588;3637;1101528;1081338;105374;76.0;74.6;7.3
78;2021-11-19;603;737;5051;1102131;1082075;110425;76.1;74.7;7.6
78;2021-11-20;508;649;2179;1102639;1082724;112604;76.1;74.7;7.8
78;2021-11-21;69;83;206;1102708;1082807;112810;76.1;74.7;7.8
78;2021-11-22;327;432;3392;1103035;1083239;116202;76.1;74.8;8.0
78;2021-11-23;478;513;5007;1103513;1083752;121209;76.2;74.8;8.4
78;2021-11-24;502;693;4548;1104015;1084445;125757;76.2;74.9;8.7
78;2021-11-25;450;510;5531;1104465;1084955;131288;76.2;74.9;9.1
78;2021-11-26;496;715;8256;1104961;1085670;139544;76.3;74.9;9.6
78;2021-11-27;422;539;4855;1105383;1086209;144399;76.3;75.0;10.0
78;2021-11-28;80;101;1399;1105463;1086310;145798;76.3;75.0;10.1
78;2021-11-29;250;421;7043;1105713;1086731;152841;76.3;75.0;10.6
78;2021-11-30;394;543;11204;1106107;1087274;164045;76.4;75.1;11.3
78;2021-12-01;395;490;10920;1106502;1087764;174965;76.4;75.1;12.1
78;2021-12-02;324;415;12523;1106826;1088179;187488;76.4;75.1;12.9
78;2021-12-03;377;569;14333;1107203;1088748;201821;76.4;75.2;13.9
78;2021-12-04;299;414;8766;1107502;1089162;210587;76.5;75.2;14.5
78;2021-12-05;109;148;3694;1107611;1089310;214281;76.5;75.2;14.8
78;2021-12-06;305;464;11442;1107916;1089774;225723;76.5;75.2;15.6
78;2021-12-07;374;581;15714;1108290;1090355;241437;76.5;75.3;16.7
78;2021-12-08;402;622;15845;1108692;1090977;257282;76.5;75.3;17.8
78;2021-12-09;388;486;17861;1109080;1091463;275143;76.6;75.3;19.0
78;2021-12-10;451;688;19441;1109531;1092151;294584;76.6;75.4;20.3
78;2021-12-11;390;666;11927;1109921;1092817;306511;76.6;75.4;21.2
78;2021-12-12;125;162;5122;1110046;1092979;311633;76.6;75.4;21.5
78;2021-12-13;314;527;14431;1110360;1093506;326064;76.6;75.5;22.5
78;2021-12-14;420;670;19460;1110780;1094176;345524;76.7;75.5;23.9
78;2021-12-15;429;644;18187;1111209;1094820;363711;76.7;75.6;25.1
78;2021-12-16;415;595;20413;1111624;1095415;384124;76.7;75.6;26.5
78;2021-12-17;485;750;21337;1112109;1096165;405461;76.8;75.7;28.0
78;2021-12-18;424;542;12556;1112533;1096707;418017;76.8;75.7;28.9
78;2021-12-19;199;181;6286;1112732;1096888;424303;76.8;75.7;29.3
78;2021-12-20;524;527;15578;1113256;1097415;439881;76.8;75.8;30.4
78;2021-12-21;669;719;18510;1113925;1098134;458391;76.9;75.8;31.6
78;2021-12-22;621;658;15957;1114546;1098792;474348;76.9;75.9;32.7
78;2021-12-23;577;572;12384;1115123;1099364;486732;77.0;75.9;33.6
78;2021-12-24;179;247;3135;1115302;1099611;489867;77.0;75.9;33.8
78;2021-12-25;26;51;359;1115328;1099662;490226;77.0;75.9;33.8
78;2021-12-26;95;91;2238;1115423;1099753;492464;77.0;75.9;34.0
78;2021-12-27;394;535;11414;1115817;1100288;503878;77.0;76.0;34.8
78;2021-12-28;526;515;14226;1116343;1100803;518104;77.1;76.0;35.8
79;2020-12-27;0;0;0;0;0;0;0.0;0.0;0.0
79;2020-12-28;3;0;0;3;0;0;0.0;0.0;0.0
79;2020-12-29;0;0;0;3;0;0;0.0;0.0;0.0
79;2020-12-30;0;0;0;3;0;0;0.0;0.0;0.0
79;2020-12-31;0;0;0;3;0;0;0.0;0.0;0.0
79;2021-01-01;0;0;0;3;0;0;0.0;0.0;0.0
79;2021-01-02;0;0;0;3;0;0;0.0;0.0;0.0
79;2021-01-03;0;0;0;3;0;0;0.0;0.0;0.0
79;2021-01-04;3;0;0;6;0;0;0.0;0.0;0.0
79;2021-01-05;1;0;0;7;0;0;0.0;0.0;0.0
79;2021-01-06;3;0;0;10;0;0;0.0;0.0;0.0
79;2021-01-07;165;0;0;175;0;0;0.0;0.0;0.0
79;2021-01-08;173;0;0;348;0;0;0.1;0.0;0.0
79;2021-01-09;95;1;0;443;1;0;0.1;0.0;0.0
79;2021-01-10;5;0;0;448;1;0;0.1;0.0;0.0
79;2021-01-11;184;1;0;632;2;0;0.2;0.0;0.0
79;2021-01-12;249;1;0;881;3;0;0.2;0.0;0.0
79;2021-01-13;261;0;0;1142;3;0;0.3;0.0;0.0
79;2021-01-14;484;7;0;1626;10;0;0.4;0.0;0.0
79;2021-01-15;585;7;0;2211;17;0;0.6;0.0;0.0
79;2021-01-16;59;0;0;2270;17;0;0.6;0.0;0.0
79;2021-01-17;3;0;0;2273;17;0;0.6;0.0;0.0
79;2021-01-18;471;2;0;2744;19;0;0.7;0.0;0.0
79;2021-01-19;1276;3;0;4020;22;0;1.1;0.0;0.0
79;2021-01-20;1607;2;0;5627;24;0;1.5;0.0;0.0
79;2021-01-21;1948;9;0;7575;33;0;2.0;0.0;0.0
79;2021-01-22;882;5;0;8457;38;0;2.3;0.0;0.0
79;2021-01-23;75;0;0;8532;38;0;2.3;0.0;0.0
79;2021-01-24;1;0;0;8533;38;0;2.3;0.0;0.0
79;2021-01-25;652;6;0;9185;44;0;2.5;0.0;0.0
79;2021-01-26;598;16;0;9783;60;0;2.6;0.0;0.0
79;2021-01-27;729;80;0;10512;140;0;2.8;0.0;0.0
79;2021-01-28;757;155;0;11269;295;0;3.0;0.1;0.0
79;2021-01-29;487;87;0;11756;382;0;3.2;0.1;0.0
79;2021-01-30;9;2;0;11765;384;0;3.2;0.1;0.0
79;2021-01-31;4;0;0;11769;384;0;3.2;0.1;0.0
79;2021-02-01;232;110;0;12001;494;0;3.2;0.1;0.0
79;2021-02-02;333;77;0;12334;571;0;3.3;0.2;0.0
79;2021-02-03;342;64;0;12676;635;0;3.4;0.2;0.0
79;2021-02-04;323;116;0;12999;751;0;3.5;0.2;0.0
79;2021-02-05;333;274;0;13332;1025;0;3.6;0.3;0.0
79;2021-02-06;10;3;0;13342;1028;0;3.6;0.3;0.0
79;2021-02-07;21;2;0;13363;1030;0;3.6;0.3;0.0
79;2021-02-08;281;164;0;13644;1194;0;3.7;0.3;0.0
79;2021-02-09;428;755;0;14072;1949;0;3.8;0.5;0.0
79;2021-02-10;545;1104;0;14617;3053;0;3.9;0.8;0.0
79;2021-02-11;768;1206;0;15385;4259;0;4.1;1.1;0.0
79;2021-02-12;458;742;0;15843;5001;0;4.3;1.3;0.0
79;2021-02-13;53;70;0;15896;5071;0;4.3;1.4;0.0
79;2021-02-14;0;1;0;15896;5072;0;4.3;1.4;0.0
79;2021-02-15;184;486;0;16080;5558;0;4.3;1.5;0.0
79;2021-02-16;338;735;0;16418;6293;0;4.4;1.7;0.0
79;2021-02-17;252;816;0;16670;7109;0;4.5;1.9;0.0
79;2021-02-18;377;990;0;17047;8099;0;4.6;2.2;0.0
79;2021-02-19;306;584;0;17353;8683;0;4.7;2.3;0.0
79;2021-02-20;14;25;0;17367;8708;0;4.7;2.3;0.0
79;2021-02-21;0;0;0;17367;8708;0;4.7;2.3;0.0
79;2021-02-22;142;464;0;17509;9172;0;4.7;2.5;0.0
79;2021-02-23;245;570;0;17754;9742;0;4.8;2.6;0.0
79;2021-02-24;256;518;0;18010;10260;0;4.8;2.8;0.0
79;2021-02-25;538;484;0;18548;10744;0;5.0;2.9;0.0
79;2021-02-26;649;386;0;19197;11130;0;5.2;3.0;0.0
79;2021-02-27;409;10;0;19606;11140;0;5.3;3.0;0.0
79;2021-02-28;29;5;0;19635;11145;0;5.3;3.0;0.0
79;2021-03-01;97;365;0;19732;11510;0;5.3;3.1;0.0
79;2021-03-02;336;496;0;20068;12006;0;5.4;3.2;0.0
79;2021-03-03;671;497;0;20739;12503;0;5.6;3.4;0.0
79;2021-03-04;928;565;0;21667;13068;0;5.8;3.5;0.0
79;2021-03-05;1258;412;0;22925;13480;0;6.2;3.6;0.0
79;2021-03-06;696;13;0;23621;13493;0;6.3;3.6;0.0
79;2021-03-07;98;2;0;23719;13495;0;6.4;3.6;0.0
79;2021-03-08;347;312;0;24066;13807;0;6.5;3.7;0.0
79;2021-03-09;854;347;0;24920;14154;0;6.7;3.8;0.0
79;2021-03-10;1176;373;0;26096;14527;0;7.0;3.9;0.0
79;2021-03-11;1675;325;0;27771;14852;0;7.5;4.0;0.0
79;2021-03-12;1788;156;0;29559;15008;0;7.9;4.0;0.0
79;2021-03-13;1162;15;0;30721;15023;0;8.2;4.0;0.0
79;2021-03-14;53;1;0;30774;15024;0;8.3;4.0;0.0
79;2021-03-15;545;165;0;31319;15189;0;8.4;4.1;0.0
79;2021-03-16;713;156;0;32032;15345;0;8.6;4.1;0.0
79;2021-03-17;636;121;0;32668;15466;0;8.8;4.2;0.0
79;2021-03-18;591;215;0;33259;15681;0;8.9;4.2;0.0
79;2021-03-19;720;256;0;33979;15937;0;9.1;4.3;0.0
79;2021-03-20;1003;21;0;34982;15958;0;9.4;4.3;0.0
79;2021-03-21;9;0;0;34991;15958;0;9.4;4.3;0.0
79;2021-03-22;984;209;0;35975;16167;0;9.7;4.3;0.0
79;2021-03-23;1621;193;0;37596;16360;0;10.1;4.4;0.0
79;2021-03-24;1803;176;0;39399;16536;0;10.6;4.4;0.0
79;2021-03-25;2512;206;0;41911;16742;0;11.2;4.5;0.0
79;2021-03-26;2394;143;0;44305;16885;0;11.9;4.5;0.0
79;2021-03-27;684;21;0;44989;16906;0;12.1;4.5;0.0
79;2021-03-28;3;2;0;44992;16908;0;12.1;4.5;0.0
79;2021-03-29;2065;119;0;47057;17027;0;12.6;4.6;0.0
79;2021-03-30;2702;85;0;49759;17112;0;13.4;4.6;0.0
79;2021-03-31;2651;390;0;52410;17502;0;14.1;4.7;0.0
79;2021-04-01;2656;400;0;55066;17902;0;14.8;4.8;0.0
79;2021-04-02;2699;399;0;57765;18301;0;15.5;4.9;0.0
79;2021-04-03;661;67;0;58426;18368;0;15.7;4.9;0.0
79;2021-04-04;9;1;0;58435;18369;0;15.7;4.9;0.0
79;2021-04-05;386;7;0;58821;18376;0;15.8;4.9;0.0
79;2021-04-06;1676;592;0;60497;18968;0;16.2;5.1;0.0
79;2021-04-07;2903;754;0;63400;19722;0;17.0;5.3;0.0
79;2021-04-08;2538;712;0;65938;20434;0;17.7;5.5;0.0
79;2021-04-09;3519;560;0;69457;20994;0;18.6;5.6;0.0
79;2021-04-10;1364;388;0;70821;21382;0;19.0;5.7;0.0
79;2021-04-11;12;2;0;70833;21384;0;19.0;5.7;0.0
79;2021-04-12;1695;396;0;72528;21780;0;19.5;5.8;0.0
79;2021-04-13;2132;768;0;74660;22548;0;20.0;6.1;0.0
79;2021-04-14;2335;704;0;76995;23252;0;20.7;6.2;0.0
79;2021-04-15;2229;692;0;79224;23944;0;21.3;6.4;0.0
79;2021-04-16;1470;468;0;80694;24412;0;21.7;6.6;0.0
79;2021-04-17;610;350;0;81304;24762;0;21.8;6.6;0.0
79;2021-04-18;14;16;0;81318;24778;0;21.8;6.6;0.0
79;2021-04-19;1119;840;0;82437;25618;0;22.1;6.9;0.0
79;2021-04-20;1548;1247;0;83985;26865;0;22.5;7.2;0.0
79;2021-04-21;1440;1431;0;85425;28296;0;22.9;7.6;0.0
79;2021-04-22;1702;1122;0;87127;29418;0;23.4;7.9;0.0
79;2021-04-23;1345;1213;0;88472;30631;0;23.7;8.2;0.0
79;2021-04-24;681;391;0;89153;31022;0;23.9;8.3;0.0
79;2021-04-25;41;1;0;89194;31023;0;23.9;8.3;0.0
79;2021-04-26;1437;1719;0;90631;32742;0;24.3;8.8;0.0
79;2021-04-27;2054;2256;0;92685;34998;0;24.9;9.4;0.0
79;2021-04-28;1506;2733;0;94191;37731;0;25.3;10.1;0.0
79;2021-04-29;2221;2165;0;96412;39896;0;25.9;10.7;0.0
79;2021-04-30;2192;2300;0;98604;42196;0;26.5;11.3;0.0
79;2021-05-01;581;379;0;99185;42575;0;26.6;11.4;0.0
79;2021-05-02;42;22;0;99227;42597;0;26.6;11.4;0.0
79;2021-05-03;1328;1270;0;100555;43867;0;27.0;11.8;0.0
79;2021-05-04;1879;2191;0;102434;46058;0;27.5;12.4;0.0
79;2021-05-05;1765;2286;0;104199;48344;0;28.0;13.0;0.0
79;2021-05-06;2514;2135;0;106713;50479;0;28.6;13.5;0.0
79;2021-05-07;2145;2600;0;108858;53079;0;29.2;14.2;0.0
79;2021-05-08;396;464;0;109254;53543;0;29.3;14.4;0.0
79;2021-05-09;98;16;0;109352;53559;0;29.3;14.4;0.0
79;2021-05-10;1637;1741;0;110989;55300;0;29.8;14.8;0.0
79;2021-05-11;2517;1654;0;113506;56954;0;30.5;15.3;0.0
79;2021-05-12;2103;2579;0;115609;59533;0;31.0;16.0;0.0
79;2021-05-13;842;325;0;116451;59858;0;31.3;16.1;0.0
79;2021-05-14;2203;712;0;118654;60570;0;31.8;16.3;0.0
79;2021-05-15;1420;514;0;120074;61084;0;32.2;16.4;0.0
79;2021-05-16;130;31;0;120204;61115;0;32.3;16.4;0.0
79;2021-05-17;1920;1145;0;122124;62260;0;32.8;16.7;0.0
79;2021-05-18;3067;1315;0;125191;63575;0;33.6;17.1;0.0
79;2021-05-19;2942;983;0;128133;64558;0;34.4;17.3;0.0
79;2021-05-20;3386;1292;0;131519;65850;0;35.3;17.7;0.0
79;2021-05-21;2872;1137;0;134391;66987;0;36.1;18.0;0.0
79;2021-05-22;1304;285;0;135695;67272;0;36.4;18.1;0.0
79;2021-05-23;115;9;0;135810;67281;0;36.4;18.1;0.0
79;2021-05-24;453;30;0;136263;67311;0;36.6;18.1;0.0
79;2021-05-25;3398;1037;0;139661;68348;0;37.5;18.3;0.0
79;2021-05-26;3320;886;0;142981;69234;0;38.4;18.6;0.0
79;2021-05-27;3874;1754;0;146855;70988;0;39.4;19.1;0.0
79;2021-05-28;3321;1882;0;150176;72870;0;40.3;19.6;0.0
79;2021-05-29;1271;502;0;151447;73372;0;40.6;19.7;0.0
79;2021-05-30;55;16;0;151502;73388;0;40.7;19.7;0.0
79;2021-05-31;2423;825;0;153925;74213;0;41.3;19.9;0.0
79;2021-06-01;3235;1639;0;157160;75852;0;42.2;20.4;0.0
79;2021-06-02;3718;1206;0;160878;77058;0;43.2;20.7;0.0
79;2021-06-03;4132;1776;0;165010;78834;0;44.3;21.2;0.0
79;2021-06-04;3754;2061;0;168764;80895;0;45.3;21.7;0.0
79;2021-06-05;2579;835;0;171343;81730;0;46.0;21.9;0.0
79;2021-06-06;666;73;0;172009;81803;0;46.2;22.0;0.0
79;2021-06-07;2540;1546;0;174549;83349;0;46.8;22.4;0.0
79;2021-06-08;2861;2230;0;177410;85579;0;47.6;23.0;0.0
79;2021-06-09;3002;1954;0;180412;87533;0;48.4;23.5;0.0
79;2021-06-10;2981;2037;0;183393;89570;0;49.2;24.0;0.0
79;2021-06-11;3356;2314;0;186749;91884;0;50.1;24.7;0.0
79;2021-06-12;1511;700;0;188260;92584;0;50.5;24.8;0.0
79;2021-06-13;172;116;0;188432;92700;0;50.6;24.9;0.0
79;2021-06-14;1167;1826;0;189599;94526;0;50.9;25.4;0.0
79;2021-06-15;1711;2574;0;191310;97100;0;51.3;26.1;0.0
79;2021-06-16;1936;2286;0;193246;99386;0;51.9;26.7;0.0
79;2021-06-17;2125;2713;0;195371;102099;0;52.4;27.4;0.0
79;2021-06-18;2178;2409;0;197549;104508;0;53.0;28.0;0.0
79;2021-06-19;1085;692;0;198634;105200;0;53.3;28.2;0.0
79;2021-06-20;16;46;0;198650;105246;0;53.3;28.2;0.0
79;2021-06-21;1126;2378;0;199776;107624;0;53.6;28.9;0.0
79;2021-06-22;1454;3052;0;201230;110676;0;54.0;29.7;0.0
79;2021-06-23;1470;2500;0;202700;113176;0;54.4;30.4;0.0
79;2021-06-24;1915;2054;0;204615;115230;0;54.9;30.9;0.0
79;2021-06-25;1302;2881;0;205917;118111;0;55.3;31.7;0.0
79;2021-06-26;802;982;0;206719;119093;0;55.5;32.0;0.0
79;2021-06-27;29;90;0;206748;119183;0;55.5;32.0;0.0
79;2021-06-28;950;2656;0;207698;121839;0;55.7;32.7;0.0
79;2021-06-29;1273;3673;0;208971;125512;0;56.1;33.7;0.0
79;2021-06-30;1125;3397;0;210096;128909;0;56.4;34.6;0.0
79;2021-07-01;1172;3721;0;211268;132630;0;56.7;35.6;0.0
79;2021-07-02;1346;3408;0;212614;136038;0;57.1;36.5;0.0
79;2021-07-03;369;1655;0;212983;137693;0;57.2;37.0;0.0
79;2021-07-04;19;103;0;213002;137796;0;57.2;37.0;0.0
79;2021-07-05;690;2302;0;213692;140098;0;57.3;37.6;0.0
79;2021-07-06;841;3872;0;214533;143970;0;57.6;38.6;0.0
79;2021-07-07;1185;4186;0;215718;148156;0;57.9;39.8;0.0
79;2021-07-08;1071;4117;0;216789;152273;0;58.2;40.9;0.0
79;2021-07-09;887;3681;0;217676;155954;0;58.4;41.9;0.0
79;2021-07-10;570;1425;0;218246;157379;0;58.6;42.2;0.0
79;2021-07-11;22;44;0;218268;157423;0;58.6;42.2;0.0
79;2021-07-12;577;3617;0;218845;161040;0;58.7;43.2;0.0
79;2021-07-13;1019;5076;0;219864;166116;0;59.0;44.6;0.0
79;2021-07-14;198;881;0;220062;166997;0;59.1;44.8;0.0
79;2021-07-15;1210;4602;0;221272;171599;0;59.4;46.1;0.0
79;2021-07-16;1296;3998;0;222568;175597;0;59.7;47.1;0.0
79;2021-07-17;605;2311;0;223173;177908;0;59.9;47.7;0.0
79;2021-07-18;109;492;0;223282;178400;0;59.9;47.9;0.0
79;2021-07-19;828;3182;0;224110;181582;0;60.1;48.7;0.0
79;2021-07-20;1455;3719;0;225565;185301;0;60.5;49.7;0.0
79;2021-07-21;1286;3655;0;226851;188956;0;60.9;50.7;0.0
79;2021-07-22;1660;3709;0;228511;192665;0;61.3;51.7;0.0
79;2021-07-23;1506;4112;0;230017;196777;0;61.7;52.8;0.0
79;2021-07-24;1008;1458;0;231025;198235;0;62.0;53.2;0.0
79;2021-07-25;110;236;0;231135;198471;0;62.0;53.3;0.0
79;2021-07-26;1376;2430;0;232511;200901;0;62.4;53.9;0.0
79;2021-07-27;2487;2793;0;234998;203694;0;63.1;54.7;0.0
79;2021-07-28;2536;2232;0;237534;205926;0;63.7;55.3;0.0
79;2021-07-29;3128;2675;0;240662;208601;0;64.6;56.0;0.0
79;2021-07-30;2276;2687;0;242938;211288;0;65.2;56.7;0.0
79;2021-07-31;1011;1073;0;243949;212361;0;65.5;57.0;0.0
79;2021-08-01;75;29;0;244024;212390;0;65.5;57.0;0.0
79;2021-08-02;1853;1515;0;245877;213905;0;66.0;57.4;0.0
79;2021-08-03;2978;1901;0;248855;215806;0;66.8;57.9;0.0
79;2021-08-04;2897;1510;0;251752;217316;0;67.6;58.3;0.0
79;2021-08-05;3067;2082;0;254819;219398;0;68.4;58.9;0.0
79;2021-08-06;2414;1461;0;257233;220859;0;69.0;59.3;0.0
79;2021-08-07;1014;775;0;258247;221634;0;69.3;59.5;0.0
79;2021-08-08;75;29;0;258322;221663;0;69.3;59.5;0.0
79;2021-08-09;2356;1072;0;260678;222735;0;70.0;59.8;0.0
79;2021-08-10;2937;1488;0;263615;224223;0;70.7;60.2;0.0
79;2021-08-11;2396;1405;0;266011;225628;0;71.4;60.6;0.0
79;2021-08-12;2606;1410;0;268617;227038;0;72.1;60.9;0.0
79;2021-08-13;2593;1140;0;271210;228178;0;72.8;61.2;0.0
79;2021-08-14;590;442;0;271800;228620;0;72.9;61.4;0.0
79;2021-08-15;39;26;0;271839;228646;0;73.0;61.4;0.0
79;2021-08-16;1566;1245;0;273405;229891;0;73.4;61.7;0.0
79;2021-08-17;2071;1763;0;275476;231654;0;73.9;62.2;0.0
79;2021-08-18;1839;1749;0;277315;233403;0;74.4;62.6;0.0
79;2021-08-19;1457;1803;0;278772;235206;0;74.8;63.1;0.0
79;2021-08-20;1388;2118;0;280160;237324;0;75.2;63.7;0.0
79;2021-08-21;317;659;0;280477;237983;0;75.3;63.9;0.0
79;2021-08-22;13;73;0;280490;238056;0;75.3;63.9;0.0
79;2021-08-23;742;2203;0;281232;240259;0;75.5;64.5;0.0
79;2021-08-24;1014;2553;0;282246;242812;0;75.7;65.2;0.0
79;2021-08-25;1006;2594;0;283252;245406;0;76.0;65.9;0.0
79;2021-08-26;984;2410;0;284236;247816;0;76.3;66.5;0.0
79;2021-08-27;635;2152;0;284871;249968;0;76.4;67.1;0.0
79;2021-08-28;295;905;0;285166;250873;0;76.5;67.3;0.0
79;2021-08-29;10;61;0;285176;250934;0;76.5;67.3;0.0
79;2021-08-30;527;2323;23;285703;253257;23;76.7;68.0;0.0
79;2021-08-31;612;2750;28;286315;256007;51;76.8;68.7;0.0
79;2021-09-01;614;2638;78;286929;258645;129;77.0;69.4;0.0
79;2021-09-02;747;2428;109;287676;261073;238;77.2;70.1;0.1
79;2021-09-03;614;2646;114;288290;263719;352;77.4;70.8;0.1
79;2021-09-04;281;735;25;288571;264454;377;77.4;71.0;0.1
79;2021-09-05;13;47;8;288584;264501;385;77.4;71.0;0.1
79;2021-09-06;345;1691;119;288929;266192;504;77.5;71.4;0.1
79;2021-09-07;368;1973;113;289297;268165;617;77.6;72.0;0.2
79;2021-09-08;519;2092;120;289816;270257;737;77.8;72.5;0.2
79;2021-09-09;331;1538;129;290147;271795;866;77.9;72.9;0.2
79;2021-09-10;409;1880;229;290556;273675;1095;78.0;73.4;0.3
79;2021-09-11;148;894;33;290704;274569;1128;78.0;73.7;0.3
79;2021-09-12;3;26;4;290707;274595;1132;78.0;73.7;0.3
79;2021-09-13;332;942;249;291039;275537;1381;78.1;73.9;0.4
79;2021-09-14;353;1078;382;291392;276615;1763;78.2;74.2;0.5
79;2021-09-15;422;1357;367;291814;277972;2130;78.3;74.6;0.6
79;2021-09-16;437;987;327;292251;278959;2457;78.4;74.9;0.7
79;2021-09-17;428;1273;382;292679;280232;2839;78.5;75.2;0.8
79;2021-09-18;149;634;64;292828;280866;2903;78.6;75.4;0.8
79;2021-09-19;1;12;0;292829;280878;2903;78.6;75.4;0.8
79;2021-09-20;186;533;418;293015;281411;3321;78.6;75.5;0.9
79;2021-09-21;319;685;549;293334;282096;3870;78.7;75.7;1.0
79;2021-09-22;216;1011;573;293550;283107;4443;78.8;76.0;1.2
79;2021-09-23;390;574;449;293940;283681;4892;78.9;76.1;1.3
79;2021-09-24;228;1234;312;294168;284915;5204;78.9;76.5;1.4
79;2021-09-25;80;331;48;294248;285246;5252;79.0;76.6;1.4
79;2021-09-26;0;2;4;294248;285248;5256;79.0;76.6;1.4
79;2021-09-27;204;528;234;294452;285776;5490;79.0;76.7;1.5
79;2021-09-28;129;380;393;294581;286156;5883;79.1;76.8;1.6
79;2021-09-29;299;714;455;294880;286870;6338;79.1;77.0;1.7
79;2021-09-30;153;304;353;295033;287174;6691;79.2;77.1;1.8
79;2021-10-01;274;513;531;295307;287687;7222;79.3;77.2;1.9
79;2021-10-02;119;261;99;295426;287948;7321;79.3;77.3;2.0
79;2021-10-03;1;4;0;295427;287952;7321;79.3;77.3;2.0
79;2021-10-04;168;332;286;295595;288284;7607;79.3;77.4;2.0
79;2021-10-05;109;241;405;295704;288525;8012;79.4;77.4;2.2
79;2021-10-06;151;345;560;295855;288870;8572;79.4;77.5;2.3
79;2021-10-07;109;217;478;295964;289087;9050;79.4;77.6;2.4
79;2021-10-08;217;536;350;296181;289623;9400;79.5;77.7;2.5
79;2021-10-09;92;138;57;296273;289761;9457;79.5;77.8;2.5
79;2021-10-10;1;4;8;296274;289765;9465;79.5;77.8;2.5
79;2021-10-11;126;264;512;296400;290029;9977;79.5;77.8;2.7
79;2021-10-12;150;328;461;296550;290357;10438;79.6;77.9;2.8
79;2021-10-13;182;259;515;296732;290616;10953;79.6;78.0;2.9
79;2021-10-14;137;316;534;296869;290932;11487;79.7;78.1;3.1
79;2021-10-15;197;556;652;297066;291488;12139;79.7;78.2;3.3
79;2021-10-16;86;113;109;297152;291601;12248;79.7;78.3;3.3
79;2021-10-17;2;3;2;297154;291604;12250;79.7;78.3;3.3
79;2021-10-18;129;236;521;297283;291840;12771;79.8;78.3;3.4
79;2021-10-19;91;146;458;297374;291986;13229;79.8;78.4;3.6
79;2021-10-20;117;172;637;297491;292158;13866;79.8;78.4;3.7
79;2021-10-21;91;253;347;297582;292411;14213;79.9;78.5;3.8
79;2021-10-22;189;356;701;297771;292767;14914;79.9;78.6;4.0
79;2021-10-23;95;116;183;297866;292883;15097;79.9;78.6;4.1
79;2021-10-24;0;1;0;297866;292884;15097;79.9;78.6;4.1
79;2021-10-25;119;225;666;297985;293109;15763;80.0;78.7;4.2
79;2021-10-26;119;138;788;298104;293247;16551;80.0;78.7;4.4
79;2021-10-27;121;201;754;298225;293448;17305;80.0;78.8;4.6
79;2021-10-28;75;122;745;298300;293570;18050;80.1;78.8;4.8
79;2021-10-29;117;186;933;298417;293756;18983;80.1;78.8;5.1
79;2021-10-30;78;104;284;298495;293860;19267;80.1;78.9;5.2
79;2021-10-31;0;1;2;298495;293861;19269;80.1;78.9;5.2
79;2021-11-01;6;3;0;298501;293864;19269;80.1;78.9;5.2
79;2021-11-02;96;160;939;298597;294024;20208;80.1;78.9;5.4
79;2021-11-03;109;191;917;298706;294215;21125;80.2;79.0;5.7
79;2021-11-04;107;103;1067;298813;294318;22192;80.2;79.0;6.0
79;2021-11-05;180;300;1266;298993;294618;23458;80.2;79.1;6.3
79;2021-11-06;66;121;321;299059;294739;23779;80.3;79.1;6.4
79;2021-11-07;0;4;2;299059;294743;23781;80.3;79.1;6.4
79;2021-11-08;84;164;1228;299143;294907;25009;80.3;79.1;6.7
79;2021-11-09;88;130;1343;299231;295037;26352;80.3;79.2;7.1
79;2021-11-10;133;170;1422;299364;295207;27774;80.3;79.2;7.5
79;2021-11-11;0;2;24;299364;295209;27798;80.3;79.2;7.5
79;2021-11-12;100;208;1339;299464;295417;29137;80.4;79.3;7.8
79;2021-11-13;57;99;378;299521;295516;29515;80.4;79.3;7.9
79;2021-11-14;0;2;3;299521;295518;29518;80.4;79.3;7.9
79;2021-11-15;77;135;1274;299598;295653;30792;80.4;79.3;8.3
79;2021-11-16;71;131;1692;299669;295784;32484;80.4;79.4;8.7
79;2021-11-17;127;146;1435;299796;295930;33919;80.5;79.4;9.1
79;2021-11-18;77;115;1724;299873;296045;35643;80.5;79.4;9.6
79;2021-11-19;151;149;1828;300024;296194;37471;80.5;79.5;10.1
79;2021-11-20;90;79;377;300114;296273;37848;80.5;79.5;10.2
79;2021-11-21;2;2;12;300116;296275;37860;80.5;79.5;10.2
79;2021-11-22;78;46;1361;300194;296321;39221;80.6;79.5;10.5
79;2021-11-23;118;81;1973;300312;296402;41194;80.6;79.5;11.1
79;2021-11-24;152;114;1468;300464;296516;42662;80.6;79.6;11.4
79;2021-11-25;100;109;1753;300564;296625;44415;80.7;79.6;11.9
79;2021-11-26;147;194;2085;300711;296819;46500;80.7;79.7;12.5
79;2021-11-27;71;80;961;300782;296899;47461;80.7;79.7;12.7
79;2021-11-28;2;2;34;300784;296901;47495;80.7;79.7;12.7
79;2021-11-29;96;109;2196;300880;297010;49691;80.7;79.7;13.3
79;2021-11-30;111;78;2369;300991;297088;52060;80.8;79.7;14.0
79;2021-12-01;91;85;2617;301082;297173;54677;80.8;79.8;14.7
79;2021-12-02;74;77;2840;301156;297250;57517;80.8;79.8;15.4
79;2021-12-03;80;138;3204;301236;297388;60721;80.8;79.8;16.3
79;2021-12-04;48;58;1086;301284;297446;61807;80.9;79.8;16.6
79;2021-12-05;9;6;173;301293;297452;61980;80.9;79.8;16.6
79;2021-12-06;78;93;3014;301371;297545;64994;80.9;79.9;17.4
79;2021-12-07;78;108;3959;301449;297653;68953;80.9;79.9;18.5
79;2021-12-08;92;146;4130;301541;297799;73083;80.9;79.9;19.6
79;2021-12-09;97;85;4350;301638;297884;77433;80.9;79.9;20.8
79;2021-12-10;85;148;3944;301723;298032;81377;81.0;80.0;21.8
79;2021-12-11;63;92;1821;301786;298124;83198;81.0;80.0;22.3
79;2021-12-12;3;12;169;301789;298136;83367;81.0;80.0;22.4
79;2021-12-13;87;99;3911;301876;298235;87278;81.0;80.0;23.4
79;2021-12-14;87;131;5062;301963;298366;92340;81.0;80.1;24.8
79;2021-12-15;115;146;4724;302078;298512;97064;81.1;80.1;26.0
79;2021-12-16;109;115;5409;302187;298627;102473;81.1;80.1;27.5
79;2021-12-17;137;218;5943;302324;298845;108416;81.1;80.2;29.1
79;2021-12-18;90;76;2559;302414;298921;110975;81.2;80.2;29.8
79;2021-12-19;7;7;311;302421;298928;111286;81.2;80.2;29.9
79;2021-12-20;136;135;3884;302557;299063;115170;81.2;80.3;30.9
79;2021-12-21;181;145;5290;302738;299208;120460;81.2;80.3;32.3
79;2021-12-22;119;135;4300;302857;299343;124760;81.3;80.3;33.5
79;2021-12-23;133;132;3510;302990;299475;128270;81.3;80.4;34.4
79;2021-12-24;17;24;437;303007;299499;128707;81.3;80.4;34.5
79;2021-12-25;1;2;28;303008;299501;128735;81.3;80.4;34.5
79;2021-12-26;1;1;35;303009;299502;128770;81.3;80.4;34.6
79;2021-12-27;91;95;2777;303100;299597;131547;81.3;80.4;35.3
79;2021-12-28;171;102;4100;303271;299699;135647;81.4;80.4;36.4
80;2020-12-27;0;0;0;0;0;0;0.0;0.0;0.0
80;2020-12-28;0;0;0;0;0;0;0.0;0.0;0.0
80;2020-12-29;11;0;0;11;0;0;0.0;0.0;0.0
80;2020-12-30;0;0;0;11;0;0;0.0;0.0;0.0
80;2020-12-31;0;0;0;11;0;0;0.0;0.0;0.0
80;2021-01-01;0;0;0;11;0;0;0.0;0.0;0.0
80;2021-01-02;2;0;0;13;0;0;0.0;0.0;0.0
80;2021-01-03;1;0;0;14;0;0;0.0;0.0;0.0
80;2021-01-04;0;0;0;14;0;0;0.0;0.0;0.0
80;2021-01-05;4;0;0;18;0;0;0.0;0.0;0.0
80;2021-01-06;34;0;0;52;0;0;0.0;0.0;0.0
80;2021-01-07;270;2;0;322;2;0;0.1;0.0;0.0
80;2021-01-08;340;2;0;662;4;0;0.1;0.0;0.0
80;2021-01-09;125;1;0;787;5;0;0.1;0.0;0.0
80;2021-01-10;26;0;0;813;5;0;0.1;0.0;0.0
80;2021-01-11;279;1;0;1092;6;0;0.2;0.0;0.0
80;2021-01-12;454;1;0;1546;7;0;0.3;0.0;0.0
80;2021-01-13;534;4;0;2080;11;0;0.4;0.0;0.0
80;2021-01-14;458;3;0;2538;14;0;0.4;0.0;0.0
80;2021-01-15;382;1;0;2920;15;0;0.5;0.0;0.0
80;2021-01-16;112;1;0;3032;16;0;0.5;0.0;0.0
80;2021-01-17;132;1;0;3164;17;0;0.6;0.0;0.0
80;2021-01-18;502;3;0;3666;20;0;0.6;0.0;0.0
80;2021-01-19;989;17;0;4655;37;0;0.8;0.0;0.0
80;2021-01-20;1115;10;0;5770;47;0;1.0;0.0;0.0
80;2021-01-21;1098;10;0;6868;57;0;1.2;0.0;0.0
80;2021-01-22;1178;6;0;8046;63;0;1.4;0.0;0.0
80;2021-01-23;885;17;0;8931;80;0;1.6;0.0;0.0
80;2021-01-24;778;9;0;9709;89;0;1.7;0.0;0.0
80;2021-01-25;1502;18;0;11211;107;0;2.0;0.0;0.0
80;2021-01-26;1448;13;0;12659;120;0;2.2;0.0;0.0
80;2021-01-27;844;29;0;13503;149;0;2.4;0.0;0.0
80;2021-01-28;650;170;0;14153;319;0;2.5;0.1;0.0
80;2021-01-29;652;206;0;14805;525;0;2.6;0.1;0.0
80;2021-01-30;96;79;0;14901;604;0;2.6;0.1;0.0
80;2021-01-31;1;2;0;14902;606;0;2.6;0.1;0.0
80;2021-02-01;58;236;0;14960;842;0;2.6;0.1;0.0
80;2021-02-02;74;443;0;15034;1285;0;2.6;0.2;0.0
80;2021-02-03;73;532;0;15107;1817;0;2.7;0.3;0.0
80;2021-02-04;327;353;0;15434;2170;0;2.7;0.4;0.0
80;2021-02-05;391;221;0;15825;2391;0;2.8;0.4;0.0
80;2021-02-06;174;72;0;15999;2463;0;2.8;0.4;0.0
80;2021-02-07;3;8;0;16002;2471;0;2.8;0.4;0.0
80;2021-02-08;438;286;0;16440;2757;0;2.9;0.5;0.0
80;2021-02-09;704;298;0;17144;3055;0;3.0;0.5;0.0
80;2021-02-10;623;508;0;17767;3563;0;3.1;0.6;0.0
80;2021-02-11;856;428;0;18623;3991;0;3.3;0.7;0.0
80;2021-02-12;933;376;0;19556;4367;0;3.4;0.8;0.0
80;2021-02-13;202;408;0;19758;4775;0;3.5;0.8;0.0
80;2021-02-14;77;547;0;19835;5322;0;3.5;0.9;0.0
80;2021-02-15;566;1042;0;20401;6364;0;3.6;1.1;0.0
80;2021-02-16;642;1082;0;21043;7446;0;3.7;1.3;0.0
80;2021-02-17;460;1174;0;21503;8620;0;3.8;1.5;0.0
80;2021-02-18;565;1142;0;22068;9762;0;3.9;1.7;0.0
80;2021-02-19;520;899;0;22588;10661;0;4.0;1.9;0.0
80;2021-02-20;36;499;0;22624;11160;0;4.0;2.0;0.0
80;2021-02-21;47;46;0;22671;11206;0;4.0;2.0;0.0
80;2021-02-22;182;622;0;22853;11828;0;4.0;2.1;0.0
80;2021-02-23;451;711;0;23304;12539;0;4.1;2.2;0.0
80;2021-02-24;464;697;0;23768;13236;0;4.2;2.3;0.0
80;2021-02-25;804;551;0;24572;13787;0;4.3;2.4;0.0
80;2021-02-26;1077;534;0;25649;14321;0;4.5;2.5;0.0
80;2021-02-27;495;75;0;26144;14396;0;4.6;2.5;0.0
80;2021-02-28;46;26;0;26190;14422;0;4.6;2.5;0.0
80;2021-03-01;743;101;0;26933;14523;0;4.7;2.5;0.0
80;2021-03-02;1040;138;0;27973;14661;0;4.9;2.6;0.0
80;2021-03-03;1035;104;0;29008;14765;0;5.1;2.6;0.0
80;2021-03-04;1407;297;0;30415;15062;0;5.3;2.6;0.0
80;2021-03-05;1887;379;0;32302;15441;0;5.7;2.7;0.0
80;2021-03-06;2890;322;0;35192;15763;0;6.2;2.8;0.0
80;2021-03-07;1794;81;0;36986;15844;0;6.5;2.8;0.0
80;2021-03-08;722;603;0;37708;16447;0;6.6;2.9;0.0
80;2021-03-09;1288;879;0;38996;17326;0;6.8;3.0;0.0
80;2021-03-10;1766;758;0;40762;18084;0;7.2;3.2;0.0
80;2021-03-11;1916;822;0;42678;18906;0;7.5;3.3;0.0
80;2021-03-12;3168;735;0;45846;19641;0;8.0;3.4;0.0
80;2021-03-13;4019;232;0;49865;19873;0;8.8;3.5;0.0
80;2021-03-14;426;18;0;50291;19891;0;8.8;3.5;0.0
80;2021-03-15;1091;272;0;51382;20163;0;9.0;3.5;0.0
80;2021-03-16;904;366;0;52286;20529;0;9.2;3.6;0.0
80;2021-03-17;722;274;0;53008;20803;0;9.3;3.7;0.0
80;2021-03-18;1074;313;0;54082;21116;0;9.5;3.7;0.0
80;2021-03-19;1801;412;0;55883;21528;0;9.8;3.8;0.0
80;2021-03-20;3825;116;0;59708;21644;0;10.5;3.8;0.0
80;2021-03-21;624;35;0;60332;21679;0;10.6;3.8;0.0
80;2021-03-22;1023;317;0;61355;21996;0;10.8;3.9;0.0
80;2021-03-23;1906;433;0;63261;22429;0;11.1;3.9;0.0
80;2021-03-24;1805;477;0;65066;22906;0;11.4;4.0;0.0
80;2021-03-25;2838;468;0;67904;23374;0;11.9;4.1;0.0
80;2021-03-26;3256;444;0;71160;23818;0;12.5;4.2;0.0
80;2021-03-27;2389;227;0;73549;24045;0;12.9;4.2;0.0
80;2021-03-28;738;93;0;74287;24138;0;13.0;4.2;0.0
80;2021-03-29;2026;765;0;76313;24903;0;13.4;4.4;0.0
80;2021-03-30;2054;884;0;78367;25787;0;13.8;4.5;0.0
80;2021-03-31;1639;1014;0;80006;26801;0;14.0;4.7;0.0
80;2021-04-01;2142;1473;0;82148;28274;0;14.4;5.0;0.0
80;2021-04-02;2896;1605;0;85044;29879;0;14.9;5.2;0.0
80;2021-04-03;3095;858;0;88139;30737;0;15.5;5.4;0.0
80;2021-04-04;238;37;0;88377;30774;0;15.5;5.4;0.0
80;2021-04-05;791;201;0;89168;30975;0;15.6;5.4;0.0
80;2021-04-06;1406;992;0;90574;31967;0;15.9;5.6;0.0
80;2021-04-07;1713;1186;0;92287;33153;0;16.2;5.8;0.0
80;2021-04-08;2239;931;0;94526;34084;0;16.6;6.0;0.0
80;2021-04-09;3583;1407;0;98109;35491;0;17.2;6.2;0.0
80;2021-04-10;2690;1895;0;100799;37386;0;17.7;6.6;0.0
80;2021-04-11;280;229;0;101079;37615;0;17.7;6.6;0.0
80;2021-04-12;1944;585;0;103023;38200;0;18.1;6.7;0.0
80;2021-04-13;2484;1047;0;105507;39247;0;18.5;6.9;0.0
80;2021-04-14;2872;1197;0;108379;40444;0;19.0;7.1;0.0
80;2021-04-15;3701;930;0;112080;41374;0;19.7;7.3;0.0
80;2021-04-16;3441;1008;0;115521;42382;0;20.3;7.4;0.0
80;2021-04-17;1759;2364;0;117280;44746;0;20.6;7.9;0.0
80;2021-04-18;401;488;0;117681;45234;0;20.7;7.9;0.0
80;2021-04-19;1042;901;0;118723;46135;0;20.8;8.1;0.0
80;2021-04-20;1708;960;0;120431;47095;0;21.1;8.3;0.0
80;2021-04-21;1741;1053;0;122172;48148;0;21.4;8.5;0.0
80;2021-04-22;2209;1356;0;124381;49504;0;21.8;8.7;0.0
80;2021-04-23;2693;1411;0;127074;50915;0;22.3;8.9;0.0
80;2021-04-24;1495;1338;0;128569;52253;0;22.6;9.2;0.0
80;2021-04-25;275;594;0;128844;52847;0;22.6;9.3;0.0
80;2021-04-26;1455;1501;0;130299;54348;0;22.9;9.5;0.0
80;2021-04-27;2158;1521;0;132457;55869;0;23.2;9.8;0.0
80;2021-04-28;2345;1519;0;134802;57388;0;23.7;10.1;0.0
80;2021-04-29;3351;2061;0;138153;59449;0;24.2;10.4;0.0
80;2021-04-30;3227;2985;0;141380;62434;0;24.8;11.0;0.0
80;2021-05-01;1090;747;0;142470;63181;0;25.0;11.1;0.0
80;2021-05-02;530;130;0;143000;63311;0;25.1;11.1;0.0
80;2021-05-03;2786;1281;0;145786;64592;0;25.6;11.3;0.0
80;2021-05-04;2670;1815;0;148456;66407;0;26.1;11.7;0.0
80;2021-05-05;3463;1997;0;151919;68404;0;26.7;12.0;0.0
80;2021-05-06;3304;2525;0;155223;70929;0;27.2;12.4;0.0
80;2021-05-07;3572;2700;0;158795;73629;0;27.9;12.9;0.0
80;2021-05-08;2980;883;0;161775;74512;0;28.4;13.1;0.0
80;2021-05-09;1647;302;0;163422;74814;0;28.7;13.1;0.0
80;2021-05-10;2041;1963;0;165463;76777;0;29.0;13.5;0.0
80;2021-05-11;3384;1920;0;168847;78697;0;29.6;13.8;0.0
80;2021-05-12;4653;1694;0;173500;80391;0;30.5;14.1;0.0
80;2021-05-13;3936;430;0;177436;80821;0;31.1;14.2;0.0
80;2021-05-14;5200;1457;0;182636;82278;0;32.1;14.4;0.0
80;2021-05-15;5908;1042;0;188544;83320;0;33.1;14.6;0.0
80;2021-05-16;2811;314;0;191355;83634;0;33.6;14.7;0.0
80;2021-05-17;2565;917;0;193920;84551;0;34.0;14.8;0.0
80;2021-05-18;3924;927;0;197844;85478;0;34.7;15.0;0.0
80;2021-05-19;4014;1036;0;201858;86514;0;35.4;15.2;0.0
80;2021-05-20;4665;1257;0;206523;87771;0;36.2;15.4;0.0
80;2021-05-21;4951;1694;0;211474;89465;0;37.1;15.7;0.0
80;2021-05-22;5187;1210;0;216661;90675;0;38.0;15.9;0.0
80;2021-05-23;2015;261;0;218676;90936;0;38.4;16.0;0.0
80;2021-05-24;1788;209;0;220464;91145;0;38.7;16.0;0.0
80;2021-05-25;2809;1237;0;223273;92382;0;39.2;16.2;0.0
80;2021-05-26;4361;1766;0;227634;94148;0;40.0;16.5;0.0
80;2021-05-27;4043;2471;0;231677;96619;0;40.7;17.0;0.0
80;2021-05-28;3888;2992;0;235565;99611;0;41.3;17.5;0.0
80;2021-05-29;3725;1670;0;239290;101281;0;42.0;17.8;0.0
80;2021-05-30;1215;206;0;240505;101487;0;42.2;17.8;0.0
80;2021-05-31;2714;1457;0;243219;102944;0;42.7;18.1;0.0
80;2021-06-01;4058;2503;0;247277;105447;0;43.4;18.5;0.0
80;2021-06-02;3326;2098;0;250603;107545;0;44.0;18.9;0.0
80;2021-06-03;4246;3049;0;254849;110594;0;44.7;19.4;0.0
80;2021-06-04;4636;3164;0;259485;113758;0;45.5;20.0;0.0
80;2021-06-05;3484;2216;0;262969;115974;0;46.2;20.4;0.0
80;2021-06-06;855;227;0;263824;116201;0;46.3;20.4;0.0
80;2021-06-07;1867;2097;0;265691;118298;0;46.6;20.8;0.0
80;2021-06-08;2734;2764;0;268425;121062;0;47.1;21.2;0.0
80;2021-06-09;2917;2823;0;271342;123885;0;47.6;21.7;0.0
80;2021-06-10;3135;3265;0;274477;127150;0;48.2;22.3;0.0
80;2021-06-11;3165;3956;0;277642;131106;0;48.7;23.0;0.0
80;2021-06-12;3028;2433;0;280670;133539;0;49.3;23.4;0.0
80;2021-06-13;547;546;0;281217;134085;0;49.4;23.5;0.0
80;2021-06-14;1397;3025;0;282614;137110;0;49.6;24.1;0.0
80;2021-06-15;2362;3589;0;284976;140699;0;50.0;24.7;0.0
80;2021-06-16;1653;4341;0;286629;145040;0;50.3;25.5;0.0
80;2021-06-17;2454;3816;0;289083;148856;0;50.7;26.1;0.0
80;2021-06-18;2576;4142;0;291659;152998;0;51.2;26.9;0.0
80;2021-06-19;2895;4484;0;294554;157482;0;51.7;27.6;0.0
80;2021-06-20;325;1248;0;294879;158730;0;51.8;27.9;0.0
80;2021-06-21;1075;2820;0;295954;161550;0;51.9;28.4;0.0
80;2021-06-22;1244;4147;0;297198;165697;0;52.2;29.1;0.0
80;2021-06-23;1800;5245;0;298998;170942;0;52.5;30.0;0.0
80;2021-06-24;1788;4778;0;300786;175720;0;52.8;30.8;0.0
80;2021-06-25;1424;6194;0;302210;181914;0;53.0;31.9;0.0
80;2021-06-26;1897;6210;0;304107;188124;0;53.4;33.0;0.0
80;2021-06-27;414;2216;0;304521;190340;0;53.4;33.4;0.0
80;2021-06-28;998;3403;0;305519;193743;0;53.6;34.0;0.0
80;2021-06-29;1866;4708;0;307385;198451;0;53.9;34.8;0.0
80;2021-06-30;1297;4834;0;308682;203285;0;54.2;35.7;0.0
80;2021-07-01;1669;5066;0;310351;208351;0;54.5;36.6;0.0
80;2021-07-02;1898;6095;0;312249;214446;0;54.8;37.6;0.0
80;2021-07-03;1356;5420;0;313605;219866;0;55.0;38.6;0.0
80;2021-07-04;778;1697;0;314383;221563;0;55.2;38.9;0.0
80;2021-07-05;972;3236;0;315355;224799;0;55.3;39.5;0.0
80;2021-07-06;1855;4061;0;317210;228860;0;55.7;40.2;0.0
80;2021-07-07;1559;4599;0;318769;233459;0;55.9;41.0;0.0
80;2021-07-08;2114;4995;0;320883;238454;0;56.3;41.9;0.0
80;2021-07-09;2608;5415;0;323491;243869;0;56.8;42.8;0.0
80;2021-07-10;1634;4145;0;325125;248014;0;57.1;43.5;0.0
80;2021-07-11;448;949;0;325573;248963;0;57.1;43.7;0.0
80;2021-07-12;952;3596;0;326525;252559;0;57.3;44.3;0.0
80;2021-07-13;2165;5189;0;328690;257748;0;57.7;45.2;0.0
80;2021-07-14;2726;1641;0;331416;259389;0;58.2;45.5;0.0
80;2021-07-15;2865;5307;0;334281;264696;0;58.7;46.5;0.0
80;2021-07-16;3865;5767;0;338146;270463;0;59.3;47.5;0.0
80;2021-07-17;3325;4360;0;341471;274823;0;59.9;48.2;0.0
80;2021-07-18;1025;1019;0;342496;275842;0;60.1;48.4;0.0
80;2021-07-19;2273;3181;0;344769;279023;0;60.5;49.0;0.0
80;2021-07-20;3318;4941;0;348087;283964;0;61.1;49.8;0.0
80;2021-07-21;3498;4401;0;351585;288365;0;61.7;50.6;0.0
80;2021-07-22;4165;4561;0;355750;292926;0;62.4;51.4;0.0
80;2021-07-23;4950;4738;0;360700;297664;0;63.3;52.2;0.0
80;2021-07-24;4087;4302;0;364787;301966;0;64.0;53.0;0.0
80;2021-07-25;1227;724;0;366014;302690;0;64.2;53.1;0.0
80;2021-07-26;2685;2451;0;368699;305141;0;64.7;53.6;0.0
80;2021-07-27;4149;3700;0;372848;308841;0;65.4;54.2;0.0
80;2021-07-28;4694;2788;0;377542;311629;0;66.3;54.7;0.0
80;2021-07-29;4796;3249;0;382338;314878;0;67.1;55.3;0.0
80;2021-07-30;4755;3627;0;387093;318505;0;67.9;55.9;0.0
80;2021-07-31;3910;2981;0;391003;321486;0;68.6;56.4;0.0
80;2021-08-01;1320;421;0;392323;321907;0;68.9;56.5;0.0
80;2021-08-02;2100;1879;0;394423;323786;0;69.2;56.8;0.0
80;2021-08-03;3470;2446;0;397893;326232;0;69.8;57.3;0.0
80;2021-08-04;3220;2518;0;401113;328750;0;70.4;57.7;0.0
80;2021-08-05;3059;2615;0;404172;331365;0;70.9;58.2;0.0
80;2021-08-06;3048;2881;0;407220;334246;0;71.5;58.7;0.0
80;2021-08-07;2304;2539;0;409524;336785;0;71.9;59.1;0.0
80;2021-08-08;652;814;0;410176;337599;0;72.0;59.3;0.0
80;2021-08-09;1408;2214;0;411584;339813;0;72.2;59.6;0.0
80;2021-08-10;2251;2883;0;413835;342696;0;72.6;60.1;0.0
80;2021-08-11;1820;2442;0;415655;345138;0;73.0;60.6;0.0
80;2021-08-12;2092;2685;0;417747;347823;0;73.3;61.0;0.0
80;2021-08-13;1804;3002;0;419551;350825;0;73.6;61.6;0.0
80;2021-08-14;1283;1991;0;420834;352816;0;73.9;61.9;0.0
80;2021-08-15;378;669;0;421212;353485;0;73.9;62.0;0.0
80;2021-08-16;976;2648;0;422188;356133;0;74.1;62.5;0.0
80;2021-08-17;1613;3498;0;423801;359631;0;74.4;63.1;0.0
80;2021-08-18;1148;3630;0;424949;363261;0;74.6;63.8;0.0
80;2021-08-19;1425;3830;0;426374;367091;0;74.8;64.4;0.0
80;2021-08-20;1213;4311;0;427587;371402;0;75.0;65.2;0.0
80;2021-08-21;982;2750;0;428569;374152;0;75.2;65.7;0.0
80;2021-08-22;134;797;0;428703;374949;0;75.2;65.8;0.0
80;2021-08-23;616;3187;0;429319;378136;0;75.3;66.4;0.0
80;2021-08-24;1058;4314;0;430377;382450;0;75.5;67.1;0.0
80;2021-08-25;914;3532;0;431291;385982;0;75.7;67.7;0.0
80;2021-08-26;952;3798;0;432243;389780;0;75.9;68.4;0.0
80;2021-08-27;1030;4340;0;433273;394120;0;76.0;69.2;0.0
80;2021-08-28;656;3222;0;433929;397342;0;76.2;69.7;0.0
80;2021-08-29;193;665;0;434122;398007;0;76.2;69.9;0.0
80;2021-08-30;526;2400;32;434648;400407;32;76.3;70.3;0.0
80;2021-08-31;735;3091;89;435383;403498;121;76.4;70.8;0.0
80;2021-09-01;688;2228;184;436071;405726;305;76.5;71.2;0.1
80;2021-09-02;575;2046;208;436646;407772;513;76.6;71.6;0.1
80;2021-09-03;760;2709;324;437406;410481;837;76.8;72.0;0.1
80;2021-09-04;912;2475;170;438318;412956;1007;76.9;72.5;0.2
80;2021-09-05;163;408;38;438481;413364;1045;77.0;72.5;0.2
80;2021-09-06;413;1363;285;438894;414727;1330;77.0;72.8;0.2
80;2021-09-07;499;1568;274;439393;416295;1604;77.1;73.1;0.3
80;2021-09-08;464;1478;369;439857;417773;1973;77.2;73.3;0.3
80;2021-09-09;522;1395;266;440379;419168;2239;77.3;73.6;0.4
80;2021-09-10;645;1690;395;441024;420858;2634;77.4;73.9;0.5
80;2021-09-11;486;1757;167;441510;422615;2801;77.5;74.2;0.5
80;2021-09-12;73;291;23;441583;422906;2824;77.5;74.2;0.5
80;2021-09-13;324;805;420;441907;423711;3244;77.6;74.4;0.6
80;2021-09-14;600;981;582;442507;424692;3826;77.7;74.5;0.7
80;2021-09-15;379;995;540;442886;425687;4366;77.7;74.7;0.8
80;2021-09-16;483;979;435;443369;426666;4801;77.8;74.9;0.8
80;2021-09-17;521;1196;641;443890;427862;5442;77.9;75.1;1.0
80;2021-09-18;327;1146;265;444217;429008;5707;78.0;75.3;1.0
80;2021-09-19;14;156;19;444231;429164;5726;78.0;75.3;1.0
80;2021-09-20;315;457;343;444546;429621;6069;78.0;75.4;1.1
80;2021-09-21;273;567;545;444819;430188;6614;78.1;75.5;1.2
80;2021-09-22;272;701;579;445091;430889;7193;78.1;75.6;1.3
80;2021-09-23;306;528;611;445397;431417;7804;78.2;75.7;1.4
80;2021-09-24;384;915;714;445781;432332;8518;78.2;75.9;1.5
80;2021-09-25;286;1053;350;446067;433385;8868;78.3;76.1;1.6
80;2021-09-26;12;99;11;446079;433484;8879;78.3;76.1;1.6
80;2021-09-27;178;545;416;446257;434029;9295;78.3;76.2;1.6
80;2021-09-28;156;399;471;446413;434428;9766;78.3;76.2;1.7
80;2021-09-29;283;545;459;446696;434973;10225;78.4;76.3;1.8
80;2021-09-30;197;344;493;446893;435317;10718;78.4;76.4;1.9
80;2021-10-01;334;732;851;447227;436049;11569;78.5;76.5;2.0
80;2021-10-02;320;806;317;447547;436855;11886;78.5;76.7;2.1
80;2021-10-03;17;63;30;447564;436918;11916;78.6;76.7;2.1
80;2021-10-04;158;336;487;447722;437254;12403;78.6;76.7;2.2
80;2021-10-05;160;443;537;447882;437697;12940;78.6;76.8;2.3
80;2021-10-06;273;447;565;448155;438144;13505;78.7;76.9;2.4
80;2021-10-07;198;448;511;448353;438592;14016;78.7;77.0;2.5
80;2021-10-08;279;717;887;448632;439309;14903;78.7;77.1;2.6
80;2021-10-09;269;458;456;448901;439767;15359;78.8;77.2;2.7
80;2021-10-10;22;17;38;448923;439784;15397;78.8;77.2;2.7
80;2021-10-11;156;221;671;449079;440005;16068;78.8;77.2;2.8
80;2021-10-12;178;390;746;449257;440395;16814;78.8;77.3;3.0
80;2021-10-13;197;278;745;449454;440673;17559;78.9;77.3;3.1
80;2021-10-14;212;320;630;449666;440993;18189;78.9;77.4;3.2
80;2021-10-15;319;528;1198;449985;441521;19387;79.0;77.5;3.4
80;2021-10-16;225;370;556;450210;441891;19943;79.0;77.6;3.5
80;2021-10-17;19;17;41;450229;441908;19984;79.0;77.6;3.5
80;2021-10-18;166;309;688;450395;442217;20672;79.0;77.6;3.6
80;2021-10-19;108;167;608;450503;442384;21280;79.1;77.6;3.7
80;2021-10-20;186;266;737;450689;442650;22017;79.1;77.7;3.9
80;2021-10-21;178;282;875;450867;442932;22892;79.1;77.7;4.0
80;2021-10-22;271;385;1278;451138;443317;24170;79.2;77.8;4.2
80;2021-10-23;204;300;689;451342;443617;24859;79.2;77.9;4.4
80;2021-10-24;16;27;28;451358;443644;24887;79.2;77.9;4.4
80;2021-10-25;122;165;809;451480;443809;25696;79.2;77.9;4.5
80;2021-10-26;118;149;866;451598;443958;26562;79.3;77.9;4.7
80;2021-10-27;160;234;890;451758;444192;27452;79.3;78.0;4.8
80;2021-10-28;168;202;765;451926;444394;28217;79.3;78.0;5.0
80;2021-10-29;224;296;1312;452150;444690;29529;79.4;78.0;5.2
80;2021-10-30;159;240;770;452309;444930;30299;79.4;78.1;5.3
80;2021-10-31;12;21;28;452321;444951;30327;79.4;78.1;5.3
80;2021-11-01;7;13;12;452328;444964;30339;79.4;78.1;5.3
80;2021-11-02;180;206;945;452508;445170;31284;79.4;78.1;5.5
80;2021-11-03;88;217;866;452596;445387;32150;79.4;78.2;5.6
80;2021-11-04;136;206;760;452732;445593;32910;79.5;78.2;5.8
80;2021-11-05;252;349;1405;452984;445942;34315;79.5;78.3;6.0
80;2021-11-06;194;270;1017;453178;446212;35332;79.5;78.3;6.2
80;2021-11-07;9;28;54;453187;446240;35386;79.5;78.3;6.2
80;2021-11-08;98;138;871;453285;446378;36257;79.6;78.3;6.4
80;2021-11-09;122;178;1448;453407;446556;37705;79.6;78.4;6.6
80;2021-11-10;155;174;1357;453562;446730;39062;79.6;78.4;6.9
80;2021-11-11;10;9;95;453572;446739;39157;79.6;78.4;6.9
80;2021-11-12;231;320;1639;453803;447059;40796;79.6;78.5;7.2
80;2021-11-13;134;223;1043;453937;447282;41839;79.7;78.5;7.3
80;2021-11-14;22;15;81;453959;447297;41920;79.7;78.5;7.4
80;2021-11-15;95;127;854;454054;447424;42774;79.7;78.5;7.5
80;2021-11-16;146;154;1676;454200;447578;44450;79.7;78.6;7.8
80;2021-11-17;148;181;1285;454348;447759;45735;79.7;78.6;8.0
80;2021-11-18;145;190;1610;454493;447949;47345;79.8;78.6;8.3
80;2021-11-19;279;349;2365;454772;448298;49710;79.8;78.7;8.7
80;2021-11-20;245;263;1440;455017;448561;51150;79.9;78.7;9.0
80;2021-11-21;19;24;92;455036;448585;51242;79.9;78.7;9.0
80;2021-11-22;122;89;1191;455158;448674;52433;79.9;78.7;9.2
80;2021-11-23;146;129;1831;455304;448803;54264;79.9;78.8;9.5
80;2021-11-24;179;137;1670;455483;448940;55934;79.9;78.8;9.8
80;2021-11-25;163;178;2043;455646;449118;57977;80.0;78.8;10.2
80;2021-11-26;243;278;3927;455889;449396;61904;80.0;78.9;10.9
80;2021-11-27;180;238;4350;456069;449634;66254;80.0;78.9;11.6
80;2021-11-28;17;26;1190;456086;449660;67444;80.0;78.9;11.8
80;2021-11-29;97;117;3149;456183;449777;70593;80.1;78.9;12.4
80;2021-11-30;133;150;4977;456316;449927;75570;80.1;79.0;13.3
80;2021-12-01;120;180;4523;456436;450107;80093;80.1;79.0;14.1
80;2021-12-02;162;104;5898;456598;450211;85991;80.1;79.0;15.1
80;2021-12-03;188;233;7110;456786;450444;93101;80.2;79.1;16.3
80;2021-12-04;161;155;6471;456947;450599;99572;80.2;79.1;17.5
80;2021-12-05;39;44;1577;456986;450643;101149;80.2;79.1;17.8
80;2021-12-06;105;139;4292;457091;450782;105441;80.2;79.1;18.5
80;2021-12-07;113;140;6565;457204;450922;112006;80.2;79.1;19.7
80;2021-12-08;140;188;6305;457344;451110;118311;80.3;79.2;20.8
80;2021-12-09;140;135;7037;457484;451245;125348;80.3;79.2;22.0
80;2021-12-10;158;252;8797;457642;451497;134145;80.3;79.2;23.5
80;2021-12-11;155;202;6652;457797;451699;140797;80.3;79.3;24.7
80;2021-12-12;42;34;2326;457839;451733;143123;80.4;79.3;25.1
80;2021-12-13;82;113;5068;457921;451846;148191;80.4;79.3;26.0
80;2021-12-14;172;184;7435;458093;452030;155626;80.4;79.3;27.3
80;2021-12-15;162;177;7242;458255;452207;162868;80.4;79.4;28.6
80;2021-12-16;164;185;7991;458419;452392;170859;80.5;79.4;30.0
80;2021-12-17;223;288;8806;458642;452680;179665;80.5;79.4;31.5
80;2021-12-18;181;194;6782;458823;452874;186447;80.5;79.5;32.7
80;2021-12-19;34;37;1856;458857;452911;188303;80.5;79.5;33.0
80;2021-12-20;153;145;4791;459010;453056;193094;80.6;79.5;33.9
80;2021-12-21;240;210;6606;459250;453266;199700;80.6;79.6;35.0
80;2021-12-22;249;200;5090;459499;453466;204790;80.6;79.6;35.9
80;2021-12-23;166;139;4167;459665;453605;208957;80.7;79.6;36.7
80;2021-12-24;45;36;921;459710;453641;209878;80.7;79.6;36.8
80;2021-12-25;1;1;27;459711;453642;209905;80.7;79.6;36.8
80;2021-12-26;17;29;493;459728;453671;210398;80.7;79.6;36.9
80;2021-12-27;140;155;3701;459868;453826;214099;80.7;79.7;37.6
80;2021-12-28;208;198;6005;460076;454024;220104;80.7;79.7;38.6
81;2020-12-27;0;0;0;0;0;0;0.0;0.0;0.0
81;2020-12-28;0;0;0;0;0;0;0.0;0.0;0.0
81;2020-12-29;0;0;0;0;0;0;0.0;0.0;0.0
81;2020-12-30;0;0;0;0;0;0;0.0;0.0;0.0
81;2020-12-31;1;1;0;1;1;0;0.0;0.0;0.0
81;2021-01-01;0;0;0;1;1;0;0.0;0.0;0.0
81;2021-01-02;0;0;0;1;1;0;0.0;0.0;0.0
81;2021-01-03;0;0;0;1;1;0;0.0;0.0;0.0
81;2021-01-04;1;0;0;2;1;0;0.0;0.0;0.0
81;2021-01-05;2;0;0;4;1;0;0.0;0.0;0.0
81;2021-01-06;7;0;0;11;1;0;0.0;0.0;0.0
81;2021-01-07;269;0;0;280;1;0;0.1;0.0;0.0
81;2021-01-08;311;1;0;591;2;0;0.2;0.0;0.0
81;2021-01-09;71;1;0;662;3;0;0.2;0.0;0.0
81;2021-01-10;4;0;0;666;3;0;0.2;0.0;0.0
81;2021-01-11;146;0;0;812;3;0;0.2;0.0;0.0
81;2021-01-12;251;0;0;1063;3;0;0.3;0.0;0.0
81;2021-01-13;268;1;0;1331;4;0;0.3;0.0;0.0
81;2021-01-14;970;7;0;2301;11;0;0.6;0.0;0.0
81;2021-01-15;572;4;0;2873;15;0;0.7;0.0;0.0
81;2021-01-16;80;2;0;2953;17;0;0.8;0.0;0.0
81;2021-01-17;3;0;0;2956;17;0;0.8;0.0;0.0
81;2021-01-18;566;2;0;3522;19;0;0.9;0.0;0.0
81;2021-01-19;708;5;0;4230;24;0;1.1;0.0;0.0
81;2021-01-20;814;3;0;5044;27;0;1.3;0.0;0.0
81;2021-01-21;1206;13;0;6250;40;0;1.6;0.0;0.0
81;2021-01-22;851;3;0;7101;43;0;1.8;0.0;0.0
81;2021-01-23;227;2;0;7328;45;0;1.9;0.0;0.0
81;2021-01-24;100;0;0;7428;45;0;1.9;0.0;0.0
81;2021-01-25;563;6;0;7991;51;0;2.1;0.0;0.0
81;2021-01-26;636;7;0;8627;58;0;2.2;0.0;0.0
81;2021-01-27;581;3;0;9208;61;0;2.4;0.0;0.0
81;2021-01-28;659;226;0;9867;287;0;2.5;0.1;0.0
81;2021-01-29;317;187;0;10184;474;0;2.6;0.1;0.0
81;2021-01-30;198;38;0;10382;512;0;2.7;0.1;0.0
81;2021-01-31;98;1;0;10480;513;0;2.7;0.1;0.0
81;2021-02-01;296;172;0;10776;685;0;2.8;0.2;0.0
81;2021-02-02;441;182;0;11217;867;0;2.9;0.2;0.0
81;2021-02-03;478;288;0;11695;1155;0;3.0;0.3;0.0
81;2021-02-04;1374;700;0;13069;1855;0;3.4;0.5;0.0
81;2021-02-05;822;325;0;13891;2180;0;3.6;0.6;0.0
81;2021-02-06;242;19;0;14133;2199;0;3.6;0.6;0.0
81;2021-02-07;97;1;0;14230;2200;0;3.7;0.6;0.0
81;2021-02-08;272;226;0;14502;2426;0;3.7;0.6;0.0
81;2021-02-09;430;273;0;14932;2699;0;3.8;0.7;0.0
81;2021-02-10;375;338;0;15307;3037;0;3.9;0.8;0.0
81;2021-02-11;657;481;0;15964;3518;0;4.1;0.9;0.0
81;2021-02-12;544;525;0;16508;4043;0;4.3;1.0;0.0
81;2021-02-13;196;163;0;16704;4206;0;4.3;1.1;0.0
81;2021-02-14;93;1;0;16797;4207;0;4.3;1.1;0.0
81;2021-02-15;236;453;0;17033;4660;0;4.4;1.2;0.0
81;2021-02-16;290;636;0;17323;5296;0;4.5;1.4;0.0
81;2021-02-17;247;546;0;17570;5842;0;4.5;1.5;0.0
81;2021-02-18;488;700;0;18058;6542;0;4.7;1.7;0.0
81;2021-02-19;570;433;0;18628;6975;0;4.8;1.8;0.0
81;2021-02-20;317;279;0;18945;7254;0;4.9;1.9;0.0
81;2021-02-21;22;81;0;18967;7335;0;4.9;1.9;0.0
81;2021-02-22;232;540;0;19199;7875;0;4.9;2.0;0.0
81;2021-02-23;185;593;0;19384;8468;0;5.0;2.2;0.0
81;2021-02-24;298;667;0;19682;9135;0;5.1;2.4;0.0
81;2021-02-25;715;1018;0;20397;10153;0;5.3;2.6;0.0
81;2021-02-26;943;927;0;21340;11080;0;5.5;2.9;0.0
81;2021-02-27;283;234;0;21623;11314;0;5.6;2.9;0.0
81;2021-02-28;18;85;0;21641;11399;0;5.6;2.9;0.0
81;2021-03-01;233;416;0;21874;11815;0;5.6;3.0;0.0
81;2021-03-02;389;507;0;22263;12322;0;5.7;3.2;0.0
81;2021-03-03;485;444;0;22748;12766;0;5.9;3.3;0.0
81;2021-03-04;1119;459;0;23867;13225;0;6.2;3.4;0.0
81;2021-03-05;1403;409;0;25270;13634;0;6.5;3.5;0.0
81;2021-03-06;1010;164;0;26280;13798;0;6.8;3.6;0.0
81;2021-03-07;189;92;0;26469;13890;0;6.8;3.6;0.0
81;2021-03-08;486;360;0;26955;14250;0;6.9;3.7;0.0
81;2021-03-09;827;367;0;27782;14617;0;7.2;3.8;0.0
81;2021-03-10;926;399;0;28708;15016;0;7.4;3.9;0.0
81;2021-03-11;1380;371;0;30088;15387;0;7.8;4.0;0.0
81;2021-03-12;1724;322;0;31812;15709;0;8.2;4.0;0.0
81;2021-03-13;1063;199;0;32875;15908;0;8.5;4.1;0.0
81;2021-03-14;67;78;0;32942;15986;0;8.5;4.1;0.0
81;2021-03-15;1078;239;0;34020;16225;0;8.8;4.2;0.0
81;2021-03-16;737;250;0;34757;16475;0;9.0;4.2;0.0
81;2021-03-17;851;282;0;35608;16757;0;9.2;4.3;0.0
81;2021-03-18;967;573;0;36575;17330;0;9.4;4.5;0.0
81;2021-03-19;1294;472;0;37869;17802;0;9.8;4.6;0.0
81;2021-03-20;698;285;0;38567;18087;0;9.9;4.7;0.0
81;2021-03-21;142;22;0;38709;18109;0;10.0;4.7;0.0
81;2021-03-22;950;287;0;39659;18396;0;10.2;4.7;0.0
81;2021-03-23;1462;231;0;41121;18627;0;10.6;4.8;0.0
81;2021-03-24;1675;298;0;42796;18925;0;11.0;4.9;0.0
81;2021-03-25;2125;363;0;44921;19288;0;11.6;5.0;0.0
81;2021-03-26;2157;302;0;47078;19590;0;12.1;5.1;0.0
81;2021-03-27;1145;42;0;48223;19632;0;12.4;5.1;0.0
81;2021-03-28;716;41;0;48939;19673;0;12.6;5.1;0.0
81;2021-03-29;2792;185;0;51731;19858;0;13.3;5.1;0.0
81;2021-03-30;3088;240;0;54819;20098;0;14.1;5.2;0.0
81;2021-03-31;2695;283;0;57514;20381;0;14.8;5.3;0.0
81;2021-04-01;3327;571;0;60841;20952;0;15.7;5.4;0.0
81;2021-04-02;2658;401;0;63499;21353;0;16.4;5.5;0.0
81;2021-04-03;1150;305;0;64649;21658;0;16.7;5.6;0.0
81;2021-04-04;1333;26;0;65982;21684;0;17.0;5.6;0.0
81;2021-04-05;714;20;0;66696;21704;0;17.2;5.6;0.0
81;2021-04-06;1649;525;0;68345;22229;0;17.6;5.7;0.0
81;2021-04-07;1861;566;0;70206;22795;0;18.1;5.9;0.0
81;2021-04-08;2659;822;0;72865;23617;0;18.8;6.1;0.0
81;2021-04-09;3042;481;0;75907;24098;0;19.6;6.2;0.0
81;2021-04-10;1474;504;0;77381;24602;0;19.9;6.3;0.0
81;2021-04-11;1236;71;0;78617;24673;0;20.3;6.4;0.0
81;2021-04-12;1305;677;0;79922;25350;0;20.6;6.5;0.0
81;2021-04-13;2527;812;0;82449;26162;0;21.3;6.7;0.0
81;2021-04-14;2472;840;0;84921;27002;0;21.9;7.0;0.0
81;2021-04-15;3127;1236;0;88048;28238;0;22.7;7.3;0.0
81;2021-04-16;2735;1100;0;90783;29338;0;23.4;7.6;0.0
81;2021-04-17;1252;338;0;92035;29676;0;23.7;7.7;0.0
81;2021-04-18;497;139;0;92532;29815;0;23.9;7.7;0.0
81;2021-04-19;930;826;0;93462;30641;0;24.1;7.9;0.0
81;2021-04-20;2247;1201;0;95709;31842;0;24.7;8.2;0.0
81;2021-04-21;2155;1066;0;97864;32908;0;25.2;8.5;0.0
81;2021-04-22;2762;1135;0;100626;34043;0;25.9;8.8;0.0
81;2021-04-23;2752;1024;0;103378;35067;0;26.7;9.0;0.0
81;2021-04-24;1258;771;0;104636;35838;0;27.0;9.2;0.0
81;2021-04-25;433;689;0;105069;36527;0;27.1;9.4;0.0
81;2021-04-26;1062;2330;0;106131;38857;0;27.4;10.0;0.0
81;2021-04-27;1516;2341;0;107647;41198;0;27.8;10.6;0.0
81;2021-04-28;1383;2400;0;109030;43598;0;28.1;11.2;0.0
81;2021-04-29;1747;2749;0;110777;46347;0;28.6;11.9;0.0
81;2021-04-30;1931;2323;0;112708;48670;0;29.1;12.5;0.0
81;2021-05-01;380;657;0;113088;49327;0;29.2;12.7;0.0
81;2021-05-02;302;1309;0;113390;50636;0;29.2;13.1;0.0
81;2021-05-03;1102;1205;0;114492;51841;0;29.5;13.4;0.0
81;2021-05-04;2445;1895;0;116937;53736;0;30.1;13.9;0.0
81;2021-05-05;1963;1944;0;118900;55680;0;30.7;14.4;0.0
81;2021-05-06;2659;3416;0;121559;59096;0;31.3;15.2;0.0
81;2021-05-07;1998;2962;0;123557;62058;0;31.9;16.0;0.0
81;2021-05-08;876;944;0;124433;63002;0;32.1;16.2;0.0
81;2021-05-09;572;1278;0;125005;64280;0;32.2;16.6;0.0
81;2021-05-10;841;1624;0;125846;65904;0;32.4;17.0;0.0
81;2021-05-11;1562;2538;0;127408;68442;0;32.8;17.6;0.0
81;2021-05-12;1520;2439;0;128928;70881;0;33.2;18.3;0.0
81;2021-05-13;1167;567;0;130095;71448;0;33.5;18.4;0.0
81;2021-05-14;1804;1659;0;131899;73107;0;34.0;18.8;0.0
81;2021-05-15;1397;596;0;133296;73703;0;34.4;19.0;0.0
81;2021-05-16;1162;385;0;134458;74088;0;34.7;19.1;0.0
81;2021-05-17;1068;884;0;135526;74972;0;34.9;19.3;0.0
81;2021-05-18;1619;1446;0;137145;76418;0;35.4;19.7;0.0
81;2021-05-19;2481;1229;0;139626;77647;0;36.0;20.0;0.0
81;2021-05-20;2769;1348;0;142395;78995;0;36.7;20.4;0.0
81;2021-05-21;2510;1149;0;144905;80144;0;37.4;20.7;0.0
81;2021-05-22;2323;506;0;147228;80650;0;38.0;20.8;0.0
81;2021-05-23;995;72;0;148223;80722;0;38.2;20.8;0.0
81;2021-05-24;678;88;0;148901;80810;0;38.4;20.8;0.0
81;2021-05-25;2223;1072;0;151124;81882;0;39.0;21.1;0.0
81;2021-05-26;1661;848;0;152785;82730;0;39.4;21.3;0.0
81;2021-05-27;2275;1580;0;155060;84310;0;40.0;21.7;0.0
81;2021-05-28;2266;1699;0;157326;86009;0;40.6;22.2;0.0
81;2021-05-29;1211;551;0;158537;86560;0;40.9;22.3;0.0
81;2021-05-30;756;199;0;159293;86759;0;41.1;22.4;0.0
81;2021-05-31;1056;1336;0;160349;88095;0;41.3;22.7;0.0
81;2021-06-01;1714;2607;0;162063;90702;0;41.8;23.4;0.0
81;2021-06-02;1871;2360;0;163934;93062;0;42.3;24.0;0.0
81;2021-06-03;1883;2506;0;165817;95568;0;42.7;24.6;0.0
81;2021-06-04;1926;2854;0;167743;98422;0;43.2;25.4;0.0
81;2021-06-05;1468;1224;0;169211;99646;0;43.6;25.7;0.0
81;2021-06-06;461;356;0;169672;100002;0;43.7;25.8;0.0
81;2021-06-07;1193;1510;0;170865;101512;0;44.0;26.2;0.0
81;2021-06-08;2285;2290;0;173150;103802;0;44.6;26.8;0.0
81;2021-06-09;2351;1781;0;175501;105583;0;45.2;27.2;0.0
81;2021-06-10;1318;1521;0;176819;107104;0;45.6;27.6;0.0
81;2021-06-11;2520;2128;0;179339;109232;0;46.2;28.2;0.0
81;2021-06-12;1579;1010;0;180918;110242;0;46.6;28.4;0.0
81;2021-06-13;514;494;0;181432;110736;0;46.8;28.5;0.0
81;2021-06-14;844;1415;0;182276;112151;0;47.0;28.9;0.0
81;2021-06-15;1656;3358;0;183932;115509;0;47.4;29.8;0.0
81;2021-06-16;1306;2845;0;185238;118354;0;47.8;30.5;0.0
81;2021-06-17;1359;2475;0;186597;120829;0;48.1;31.1;0.0
81;2021-06-18;1863;2632;0;188460;123461;0;48.6;31.8;0.0
81;2021-06-19;884;968;0;189344;124429;0;48.8;32.1;0.0
81;2021-06-20;446;475;0;189790;124904;0;48.9;32.2;0.0
81;2021-06-21;472;1082;0;190262;125986;0;49.0;32.5;0.0
81;2021-06-22;1100;2388;0;191362;128374;0;49.3;33.1;0.0
81;2021-06-23;1145;2058;0;192507;130432;0;49.6;33.6;0.0
81;2021-06-24;1144;1842;0;193651;132274;0;49.9;34.1;0.0
81;2021-06-25;1204;2674;0;194855;134948;0;50.2;34.8;0.0
81;2021-06-26;740;1565;0;195595;136513;0;50.4;35.2;0.0
81;2021-06-27;542;1402;0;196137;137915;0;50.6;35.6;0.0
81;2021-06-28;509;1476;0;196646;139391;0;50.7;35.9;0.0
81;2021-06-29;1055;2493;0;197701;141884;0;51.0;36.6;0.0
81;2021-06-30;1021;2957;0;198722;144841;0;51.2;37.3;0.0
81;2021-07-01;919;2504;0;199641;147345;0;51.5;38.0;0.0
81;2021-07-02;1040;2804;0;200681;150149;0;51.7;38.7;0.0
81;2021-07-03;729;2409;0;201410;152558;0;51.9;39.3;0.0
81;2021-07-04;297;912;0;201707;153470;0;52.0;39.6;0.0
81;2021-07-05;754;1533;0;202461;155003;0;52.2;40.0;0.0
81;2021-07-06;993;2982;1;203454;157985;1;52.5;40.7;0.0
81;2021-07-07;1055;2290;0;204509;160275;1;52.7;41.3;0.0
81;2021-07-08;1017;2152;1;205526;162427;2;53.0;41.9;0.0
81;2021-07-09;1175;2599;0;206701;165026;2;53.3;42.5;0.0
81;2021-07-10;788;1421;0;207489;166447;2;53.5;42.9;0.0
81;2021-07-11;449;921;0;207938;167368;2;53.6;43.1;0.0
81;2021-07-12;782;1649;0;208720;169017;2;53.8;43.6;0.0
81;2021-07-13;2005;2953;0;210725;171970;2;54.3;44.3;0.0
81;2021-07-14;1454;1438;0;212179;173408;2;54.7;44.7;0.0
81;2021-07-15;2454;2718;0;214633;176126;2;55.3;45.4;0.0
81;2021-07-16;2097;2933;0;216730;179059;2;55.9;46.2;0.0
81;2021-07-17;1313;2316;0;218043;181375;2;56.2;46.8;0.0
81;2021-07-18;730;1147;0;218773;182522;2;56.4;47.1;0.0
81;2021-07-19;1171;1755;0;219944;184277;2;56.7;47.5;0.0
81;2021-07-20;2753;2686;0;222697;186963;2;57.4;48.2;0.0
81;2021-07-21;3207;2273;0;225904;189236;2;58.2;48.8;0.0
81;2021-07-22;3211;2047;0;229115;191283;2;59.1;49.3;0.0
81;2021-07-23;2924;3133;0;232039;194416;2;59.8;50.1;0.0
81;2021-07-24;2437;1689;0;234476;196105;2;60.4;50.6;0.0
81;2021-07-25;1555;738;0;236031;196843;2;60.8;50.7;0.0
81;2021-07-26;1871;1544;0;237902;198387;2;61.3;51.1;0.0
81;2021-07-27;3233;2379;0;241135;200766;2;62.2;51.8;0.0
81;2021-07-28;2877;2098;0;244012;202864;2;62.9;52.3;0.0
81;2021-07-29;3134;1754;0;247146;204618;2;63.7;52.8;0.0
81;2021-07-30;2673;2214;0;249819;206832;2;64.4;53.3;0.0
81;2021-07-31;1824;1012;0;251643;207844;2;64.9;53.6;0.0
81;2021-08-01;811;640;0;252454;208484;2;65.1;53.7;0.0
81;2021-08-02;1154;1044;0;253608;209528;2;65.4;54.0;0.0
81;2021-08-03;2216;2017;0;255824;211545;2;66.0;54.5;0.0
81;2021-08-04;1962;1501;0;257786;213046;2;66.5;54.9;0.0
81;2021-08-05;1482;1814;0;259268;214860;2;66.8;55.4;0.0
81;2021-08-06;1650;1981;0;260918;216841;2;67.3;55.9;0.0
81;2021-08-07;959;1086;0;261877;217927;2;67.5;56.2;0.0
81;2021-08-08;428;752;0;262305;218679;2;67.6;56.4;0.0
81;2021-08-09;814;794;0;263119;219473;2;67.8;56.6;0.0
81;2021-08-10;1535;2544;0;264654;222017;2;68.2;57.2;0.0
81;2021-08-11;1110;2344;0;265764;224361;2;68.5;57.8;0.0
81;2021-08-12;1068;2154;0;266832;226515;2;68.8;58.4;0.0
81;2021-08-13;906;2346;0;267738;228861;2;69.0;59.0;0.0
81;2021-08-14;518;1752;0;268256;230613;2;69.2;59.5;0.0
81;2021-08-15;185;1045;0;268441;231658;2;69.2;59.7;0.0
81;2021-08-16;683;1726;0;269124;233384;2;69.4;60.2;0.0
81;2021-08-17;1283;2915;0;270407;236299;2;69.7;60.9;0.0
81;2021-08-18;1020;2295;0;271427;238594;2;70.0;61.5;0.0
81;2021-08-19;924;2182;0;272351;240776;2;70.2;62.1;0.0
81;2021-08-20;913;2255;0;273264;243031;2;70.4;62.7;0.0
81;2021-08-21;489;1575;0;273753;244606;2;70.6;63.1;0.0
81;2021-08-22;215;956;0;273968;245562;2;70.6;63.3;0.0
81;2021-08-23;501;1329;0;274469;246891;2;70.8;63.6;0.0
81;2021-08-24;793;2462;0;275262;249353;2;71.0;64.3;0.0
81;2021-08-25;717;2057;0;275979;251410;2;71.1;64.8;0.0
81;2021-08-26;869;2041;0;276848;253451;2;71.4;65.3;0.0
81;2021-08-27;828;2112;0;277676;255563;2;71.6;65.9;0.0
81;2021-08-28;469;1422;0;278145;256985;2;71.7;66.3;0.0
81;2021-08-29;178;845;0;278323;257830;2;71.8;66.5;0.0
81;2021-08-30;427;1127;27;278750;258957;29;71.9;66.8;0.0
81;2021-08-31;787;1954;92;279537;260911;121;72.1;67.3;0.0
81;2021-09-01;695;1225;172;280232;262136;293;72.2;67.6;0.1
81;2021-09-02;577;1005;207;280809;263141;500;72.4;67.8;0.1
81;2021-09-03;587;1274;194;281396;264415;694;72.5;68.2;0.2
81;2021-09-04;499;898;72;281895;265313;766;72.7;68.4;0.2
81;2021-09-05;119;248;24;282014;265561;790;72.7;68.5;0.2
81;2021-09-06;302;537;197;282316;266098;987;72.8;68.6;0.3
81;2021-09-07;396;1050;269;282712;267148;1256;72.9;68.9;0.3
81;2021-09-08;423;1080;192;283135;268228;1448;73.0;69.1;0.4
81;2021-09-09;383;801;228;283518;269029;1676;73.1;69.4;0.4
81;2021-09-10;409;957;269;283927;269986;1945;73.2;69.6;0.5
81;2021-09-11;396;881;75;284323;270867;2020;73.3;69.8;0.5
81;2021-09-12;80;239;30;284403;271106;2050;73.3;69.9;0.5
81;2021-09-13;241;473;274;284644;271579;2324;73.4;70.0;0.6
81;2021-09-14;490;683;453;285134;272262;2777;73.5;70.2;0.7
81;2021-09-15;445;788;481;285579;273050;3258;73.6;70.4;0.8
81;2021-09-16;346;537;387;285925;273587;3645;73.7;70.5;0.9
81;2021-09-17;430;796;356;286355;274383;4001;73.8;70.7;1.0
81;2021-09-18;267;672;136;286622;275055;4137;73.9;70.9;1.1
81;2021-09-19;57;169;17;286679;275224;4154;73.9;71.0;1.1
81;2021-09-20;136;311;224;286815;275535;4378;73.9;71.0;1.1
81;2021-09-21;263;550;532;287078;276085;4910;74.0;71.2;1.3
81;2021-09-22;201;676;395;287279;276761;5305;74.1;71.3;1.4
81;2021-09-23;162;502;471;287441;277263;5776;74.1;71.5;1.5
81;2021-09-24;299;685;472;287740;277948;6248;74.2;71.7;1.6
81;2021-09-25;168;686;99;287908;278634;6347;74.2;71.8;1.6
81;2021-09-26;34;137;22;287942;278771;6369;74.2;71.9;1.6
81;2021-09-27;137;277;283;288079;279048;6652;74.3;71.9;1.7
81;2021-09-28;179;356;271;288258;279404;6923;74.3;72.0;1.8
81;2021-09-29;233;499;268;288491;279903;7191;74.4;72.2;1.9
81;2021-09-30;150;301;336;288641;280204;7527;74.4;72.2;1.9
81;2021-10-01;293;456;340;288934;280660;7867;74.5;72.4;2.0
81;2021-10-02;198;422;157;289132;281082;8024;74.5;72.5;2.1
81;2021-10-03;52;106;23;289184;281188;8047;74.6;72.5;2.1
81;2021-10-04;112;211;209;289296;281399;8256;74.6;72.5;2.1
81;2021-10-05;150;333;454;289446;281732;8710;74.6;72.6;2.2
81;2021-10-06;215;460;432;289661;282192;9142;74.7;72.7;2.4
81;2021-10-07;153;313;542;289814;282505;9684;74.7;72.8;2.5
81;2021-10-08;209;499;794;290023;283004;10478;74.8;73.0;2.7
81;2021-10-09;151;322;103;290174;283326;10581;74.8;73.0;2.7
81;2021-10-10;46;69;45;290220;283395;10626;74.8;73.1;2.7
81;2021-10-11;135;216;357;290355;283611;10983;74.9;73.1;2.8
81;2021-10-12;131;240;504;290486;283851;11487;74.9;73.2;3.0
81;2021-10-13;208;307;266;290694;284158;11753;74.9;73.3;3.0
81;2021-10-14;136;246;465;290830;284404;12218;75.0;73.3;3.1
81;2021-10-15;258;355;927;291088;284759;13145;75.0;73.4;3.4
81;2021-10-16;190;199;119;291278;284958;13264;75.1;73.5;3.4
81;2021-10-17;3;8;1;291281;284966;13265;75.1;73.5;3.4
81;2021-10-18;106;139;308;291387;285105;13573;75.1;73.5;3.5
81;2021-10-19;142;196;477;291529;285301;14050;75.2;73.6;3.6
81;2021-10-20;175;245;507;291704;285546;14557;75.2;73.6;3.8
81;2021-10-21;114;187;617;291818;285733;15174;75.2;73.7;3.9
81;2021-10-22;194;330;670;292012;286063;15844;75.3;73.7;4.1
81;2021-10-23;122;216;205;292134;286279;16049;75.3;73.8;4.1
81;2021-10-24;43;62;86;292177;286341;16135;75.3;73.8;4.2
81;2021-10-25;127;143;507;292304;286484;16642;75.4;73.9;4.3
81;2021-10-26;104;119;706;292408;286603;17348;75.4;73.9;4.5
81;2021-10-27;106;139;500;292514;286742;17848;75.4;73.9;4.6
81;2021-10-28;69;121;657;292583;286863;18505;75.4;74.0;4.8
81;2021-10-29;145;185;796;292728;287048;19301;75.5;74.0;5.0
81;2021-10-30;133;208;961;292861;287256;20262;75.5;74.1;5.2
81;2021-10-31;38;48;118;292899;287304;20380;75.5;74.1;5.3
81;2021-11-01;12;3;0;292911;287307;20380;75.5;74.1;5.3
81;2021-11-02;110;158;708;293021;287465;21088;75.5;74.1;5.4
81;2021-11-03;191;286;1053;293212;287751;22141;75.6;74.2;5.7
81;2021-11-04;120;135;922;293332;287886;23063;75.6;74.2;5.9
81;2021-11-05;162;238;1177;293494;288124;24240;75.7;74.3;6.2
81;2021-11-06;113;191;449;293607;288315;24689;75.7;74.3;6.4
81;2021-11-07;45;50;109;293652;288365;24798;75.7;74.3;6.4
81;2021-11-08;72;98;552;293724;288463;25350;75.7;74.4;6.5
81;2021-11-09;107;173;1640;293831;288636;26990;75.7;74.4;7.0
81;2021-11-10;209;244;1621;294040;288880;28611;75.8;74.5;7.4
81;2021-11-11;3;5;54;294043;288885;28665;75.8;74.5;7.4
81;2021-11-12;129;183;1195;294172;289068;29860;75.8;74.5;7.7
81;2021-11-13;118;161;602;294290;289229;30462;75.9;74.6;7.9
81;2021-11-14;21;51;139;294311;289280;30601;75.9;74.6;7.9
81;2021-11-15;123;103;1286;294434;289383;31887;75.9;74.6;8.2
81;2021-11-16;127;179;1960;294561;289562;33847;75.9;74.6;8.7
81;2021-11-17;90;153;995;294651;289715;34842;76.0;74.7;9.0
81;2021-11-18;110;151;1489;294761;289866;36331;76.0;74.7;9.4
81;2021-11-19;126;131;1537;294887;289997;37868;76.0;74.8;9.8
81;2021-11-20;62;85;338;294949;290082;38206;76.0;74.8;9.8
81;2021-11-21;122;112;634;295071;290194;38840;76.1;74.8;10.0
81;2021-11-22;52;41;810;295123;290235;39650;76.1;74.8;10.2
81;2021-11-23;176;131;2682;295299;290366;42332;76.1;74.9;10.9
81;2021-11-24;224;194;1937;295523;290560;44269;76.2;74.9;11.4
81;2021-11-25;141;113;2212;295664;290673;46481;76.2;74.9;12.0
81;2021-11-26;223;203;3185;295887;290876;49666;76.3;75.0;12.8
81;2021-11-27;169;175;1541;296056;291051;51207;76.3;75.0;13.2
81;2021-11-28;38;51;842;296094;291102;52049;76.3;75.0;13.4
81;2021-11-29;64;69;1257;296158;291171;53306;76.3;75.1;13.7
81;2021-11-30;142;132;4130;296300;291303;57436;76.4;75.1;14.8
81;2021-12-01;130;166;3103;296430;291469;60539;76.4;75.1;15.6
81;2021-12-02;104;71;3604;296534;291540;64143;76.4;75.2;16.5
81;2021-12-03;86;130;3718;296620;291670;67861;76.5;75.2;17.5
81;2021-12-04;75;75;1652;296695;291745;69513;76.5;75.2;17.9
81;2021-12-05;12;15;765;296707;291760;70278;76.5;75.2;18.1
81;2021-12-06;93;73;2937;296800;291833;73215;76.5;75.2;18.9
81;2021-12-07;114;134;4861;296914;291967;78076;76.5;75.3;20.1
81;2021-12-08;140;227;3791;297054;292194;81867;76.6;75.3;21.1
81;2021-12-09;117;122;4358;297171;292316;86225;76.6;75.4;22.2
81;2021-12-10;123;156;4616;297294;292472;90841;76.6;75.4;23.4
81;2021-12-11;85;91;2466;297379;292563;93307;76.7;75.4;24.1
81;2021-12-12;36;21;1011;297415;292584;94318;76.7;75.4;24.3
81;2021-12-13;94;79;3249;297509;292663;97567;76.7;75.4;25.2
81;2021-12-14;150;209;5673;297659;292872;103240;76.7;75.5;26.6
81;2021-12-15;165;260;4420;297824;293132;107660;76.8;75.6;27.8
81;2021-12-16;153;187;5014;297977;293319;112674;76.8;75.6;29.0
81;2021-12-17;126;194;4103;298103;293513;116777;76.9;75.7;30.1
81;2021-12-18;118;243;2336;298221;293756;119113;76.9;75.7;30.7
81;2021-12-19;13;19;443;298234;293775;119556;76.9;75.7;30.8
81;2021-12-20;140;149;2904;298374;293924;122460;76.9;75.8;31.6
81;2021-12-21;209;224;4551;298583;294148;127011;77.0;75.8;32.7
81;2021-12-22;213;169;3848;298796;294317;130859;77.0;75.9;33.7
81;2021-12-23;144;136;2966;298940;294453;133825;77.1;75.9;34.5
81;2021-12-24;31;48;793;298971;294501;134618;77.1;75.9;34.7
81;2021-12-25;0;3;19;298971;294504;134637;77.1;75.9;34.7
81;2021-12-26;22;7;251;298993;294511;134888;77.1;75.9;34.8
81;2021-12-27;77;76;916;299070;294587;135804;77.1;75.9;35.0
81;2021-12-28;253;161;4467;299323;294748;140271;77.2;76.0;36.2
82;2020-12-27;0;0;0;0;0;0;0.0;0.0;0.0
82;2020-12-28;1;0;0;1;0;0;0.0;0.0;0.0
82;2020-12-29;0;0;0;1;0;0;0.0;0.0;0.0
82;2020-12-30;0;0;0;1;0;0;0.0;0.0;0.0
82;2020-12-31;0;0;0;1;0;0;0.0;0.0;0.0
82;2021-01-01;0;0;0;1;0;0;0.0;0.0;0.0
82;2021-01-02;0;0;0;1;0;0;0.0;0.0;0.0
82;2021-01-03;0;0;0;1;0;0;0.0;0.0;0.0
82;2021-01-04;0;0;0;1;0;0;0.0;0.0;0.0
82;2021-01-05;78;0;0;79;0;0;0.0;0.0;0.0
82;2021-01-06;4;0;0;83;0;0;0.0;0.0;0.0
82;2021-01-07;68;0;0;151;0;0;0.1;0.0;0.0
82;2021-01-08;61;0;0;212;0;0;0.1;0.0;0.0
82;2021-01-09;75;0;0;287;0;0;0.1;0.0;0.0
82;2021-01-10;2;0;0;289;0;0;0.1;0.0;0.0
82;2021-01-11;102;0;0;391;0;0;0.1;0.0;0.0
82;2021-01-12;286;0;0;677;0;0;0.3;0.0;0.0
82;2021-01-13;324;1;0;1001;1;0;0.4;0.0;0.0
82;2021-01-14;416;5;0;1417;6;0;0.5;0.0;0.0
82;2021-01-15;602;3;0;2019;9;0;0.8;0.0;0.0
82;2021-01-16;214;3;0;2233;12;0;0.9;0.0;0.0
82;2021-01-17;89;0;0;2322;12;0;0.9;0.0;0.0
82;2021-01-18;415;0;0;2737;12;0;1.0;0.0;0.0
82;2021-01-19;479;1;0;3216;13;0;1.2;0.0;0.0
82;2021-01-20;643;5;0;3859;18;0;1.5;0.0;0.0
82;2021-01-21;450;2;0;4309;20;0;1.6;0.0;0.0
82;2021-01-22;465;2;0;4774;22;0;1.8;0.0;0.0
82;2021-01-23;159;0;0;4933;22;0;1.9;0.0;0.0
82;2021-01-24;2;0;0;4935;22;0;1.9;0.0;0.0
82;2021-01-25;366;0;0;5301;22;0;2.0;0.0;0.0
82;2021-01-26;446;0;0;5747;22;0;2.2;0.0;0.0
82;2021-01-27;508;5;0;6255;27;0;2.4;0.0;0.0
82;2021-01-28;544;34;0;6799;61;0;2.6;0.0;0.0
82;2021-01-29;387;102;0;7186;163;0;2.7;0.1;0.0
82;2021-01-30;57;24;0;7243;187;0;2.8;0.1;0.0
82;2021-01-31;4;2;0;7247;189;0;2.8;0.1;0.0
82;2021-02-01;288;76;0;7535;265;0;2.9;0.1;0.0
82;2021-02-02;360;117;0;7895;382;0;3.0;0.1;0.0
82;2021-02-03;430;81;0;8325;463;0;3.2;0.2;0.0
82;2021-02-04;729;206;0;9054;669;0;3.4;0.3;0.0
82;2021-02-05;456;150;0;9510;819;0;3.6;0.3;0.0
82;2021-02-06;89;37;0;9599;856;0;3.7;0.3;0.0
82;2021-02-07;30;71;0;9629;927;0;3.7;0.4;0.0
82;2021-02-08;151;224;0;9780;1151;0;3.7;0.4;0.0
82;2021-02-09;220;381;0;10000;1532;0;3.8;0.6;0.0
82;2021-02-10;259;575;0;10259;2107;0;3.9;0.8;0.0
82;2021-02-11;221;379;0;10480;2486;0;4.0;0.9;0.0
82;2021-02-12;191;573;0;10671;3059;0;4.1;1.2;0.0
82;2021-02-13;59;119;0;10730;3178;0;4.1;1.2;0.0
82;2021-02-14;6;86;0;10736;3264;0;4.1;1.2;0.0
82;2021-02-15;220;306;0;10956;3570;0;4.2;1.4;0.0
82;2021-02-16;266;381;0;11222;3951;0;4.3;1.5;0.0
82;2021-02-17;328;514;0;11550;4465;0;4.4;1.7;0.0
82;2021-02-18;457;486;0;12007;4951;0;4.6;1.9;0.0
82;2021-02-19;439;513;0;12446;5464;0;4.7;2.1;0.0
82;2021-02-20;68;141;0;12514;5605;0;4.8;2.1;0.0
82;2021-02-21;3;0;0;12517;5605;0;4.8;2.1;0.0
82;2021-02-22;190;390;0;12707;5995;0;4.8;2.3;0.0
82;2021-02-23;268;454;0;12975;6449;0;4.9;2.5;0.0
82;2021-02-24;266;439;0;13241;6888;0;5.0;2.6;0.0
82;2021-02-25;581;498;0;13822;7386;0;5.3;2.8;0.0
82;2021-02-26;600;380;0;14422;7766;0;5.5;3.0;0.0
82;2021-02-27;206;74;0;14628;7840;0;5.6;3.0;0.0
82;2021-02-28;33;8;0;14661;7848;0;5.6;3.0;0.0
82;2021-03-01;257;212;0;14918;8060;0;5.7;3.1;0.0
82;2021-03-02;477;401;0;15395;8461;0;5.9;3.2;0.0
82;2021-03-03;405;361;0;15800;8822;0;6.0;3.4;0.0
82;2021-03-04;565;302;0;16365;9124;0;6.2;3.5;0.0
82;2021-03-05;666;369;0;17031;9493;0;6.5;3.6;0.0
82;2021-03-06;675;54;0;17706;9547;0;6.7;3.6;0.0
82;2021-03-07;318;6;0;18024;9553;0;6.9;3.6;0.0
82;2021-03-08;568;150;0;18592;9703;0;7.1;3.7;0.0
82;2021-03-09;563;245;0;19155;9948;0;7.3;3.8;0.0
82;2021-03-10;737;232;0;19892;10180;0;7.6;3.9;0.0
82;2021-03-11;923;274;0;20815;10454;0;7.9;4.0;0.0
82;2021-03-12;952;115;0;21767;10569;0;8.3;4.0;0.0
82;2021-03-13;549;53;0;22316;10622;0;8.5;4.0;0.0
82;2021-03-14;63;5;0;22379;10627;0;8.5;4.0;0.0
82;2021-03-15;488;309;0;22867;10936;0;8.7;4.2;0.0
82;2021-03-16;214;307;0;23081;11243;0;8.8;4.3;0.0
82;2021-03-17;200;259;0;23281;11502;0;8.9;4.4;0.0
82;2021-03-18;279;326;0;23560;11828;0;9.0;4.5;0.0
82;2021-03-19;509;279;0;24069;12107;0;9.2;4.6;0.0
82;2021-03-20;248;59;0;24317;12166;0;9.3;4.6;0.0
82;2021-03-21;28;0;0;24345;12166;0;9.3;4.6;0.0
82;2021-03-22;410;281;0;24755;12447;0;9.4;4.7;0.0
82;2021-03-23;575;277;0;25330;12724;0;9.6;4.8;0.0
82;2021-03-24;622;298;0;25952;13022;0;9.9;5.0;0.0
82;2021-03-25;917;241;0;26869;13263;0;10.2;5.1;0.0
82;2021-03-26;1113;257;0;27982;13520;0;10.7;5.1;0.0
82;2021-03-27;421;83;0;28403;13603;0;10.8;5.2;0.0
82;2021-03-28;141;3;0;28544;13606;0;10.9;5.2;0.0
82;2021-03-29;783;344;0;29327;13950;0;11.2;5.3;0.0
82;2021-03-30;1079;267;0;30406;14217;0;11.6;5.4;0.0
82;2021-03-31;911;228;0;31317;14445;0;11.9;5.5;0.0
82;2021-04-01;1017;177;0;32334;14622;0;12.3;5.6;0.0
82;2021-04-02;1127;259;0;33461;14881;0;12.7;5.7;0.0
82;2021-04-03;596;125;0;34057;15006;0;13.0;5.7;0.0
82;2021-04-04;248;15;0;34305;15021;0;13.1;5.7;0.0
82;2021-04-05;330;16;0;34635;15037;0;13.2;5.7;0.0
82;2021-04-06;871;473;0;35506;15510;0;13.5;5.9;0.0
82;2021-04-07;945;443;0;36451;15953;0;13.9;6.1;0.0
82;2021-04-08;1384;401;0;37835;16354;0;14.4;6.2;0.0
82;2021-04-09;1526;454;0;39361;16808;0;15.0;6.4;0.0
82;2021-04-10;1502;92;0;40863;16900;0;15.6;6.4;0.0
82;2021-04-11;487;24;0;41350;16924;0;15.7;6.4;0.0
82;2021-04-12;1211;293;0;42561;17217;0;16.2;6.6;0.0
82;2021-04-13;1547;290;0;44108;17507;0;16.8;6.7;0.0
82;2021-04-14;1374;286;0;45482;17793;0;17.3;6.8;0.0
82;2021-04-15;1706;327;0;47188;18120;0;18.0;6.9;0.0
82;2021-04-16;1462;339;0;48650;18459;0;18.5;7.0;0.0
82;2021-04-17;1134;76;0;49784;18535;0;19.0;7.1;0.0
82;2021-04-18;506;16;0;50290;18551;0;19.1;7.1;0.0
82;2021-04-19;895;328;0;51185;18879;0;19.5;7.2;0.0
82;2021-04-20;1206;373;0;52391;19252;0;19.9;7.3;0.0
82;2021-04-21;1116;352;0;53507;19604;0;20.4;7.5;0.0
82;2021-04-22;1402;298;0;54909;19902;0;20.9;7.6;0.0
82;2021-04-23;1034;562;0;55943;20464;0;21.3;7.8;0.0
82;2021-04-24;1042;209;0;56985;20673;0;21.7;7.9;0.0
82;2021-04-25;635;46;0;57620;20719;0;21.9;7.9;0.0
82;2021-04-26;699;624;0;58319;21343;0;22.2;8.1;0.0
82;2021-04-27;906;837;0;59225;22180;0;22.6;8.4;0.0
82;2021-04-28;852;789;0;60077;22969;0;22.9;8.7;0.0
82;2021-04-29;1043;831;0;61120;23800;0;23.3;9.1;0.0
82;2021-04-30;1000;804;0;62120;24604;0;23.7;9.4;0.0
82;2021-05-01;1001;234;0;63121;24838;0;24.0;9.5;0.0
82;2021-05-02;609;136;0;63730;24974;0;24.3;9.5;0.0
82;2021-05-03;425;1032;0;64155;26006;0;24.4;9.9;0.0
82;2021-05-04;824;1050;0;64979;27056;0;24.7;10.3;0.0
82;2021-05-05;593;1088;0;65572;28144;0;25.0;10.7;0.0
82;2021-05-06;849;1341;0;66421;29485;0;25.3;11.2;0.0
82;2021-05-07;788;1322;0;67209;30807;0;25.6;11.7;0.0
82;2021-05-08;833;482;0;68042;31289;0;25.9;11.9;0.0
82;2021-05-09;629;504;0;68671;31793;0;26.1;12.1;0.0
82;2021-05-10;666;1234;0;69337;33027;0;26.4;12.6;0.0
82;2021-05-11;1079;1278;0;70416;34305;0;26.8;13.1;0.0
82;2021-05-12;839;1255;0;71255;35560;0;27.1;13.5;0.0
82;2021-05-13;1215;406;0;72470;35966;0;27.6;13.7;0.0
82;2021-05-14;1306;1144;0;73776;37110;0;28.1;14.1;0.0
82;2021-05-15;1384;624;0;75160;37734;0;28.6;14.4;0.0
82;2021-05-16;497;115;0;75657;37849;0;28.8;14.4;0.0
82;2021-05-17;853;1070;0;76510;38919;0;29.1;14.8;0.0
82;2021-05-18;1316;1084;0;77826;40003;0;29.6;15.2;0.0
82;2021-05-19;1041;881;0;78867;40884;0;30.0;15.6;0.0
82;2021-05-20;1338;1096;0;80205;41980;0;30.5;16.0;0.0
82;2021-05-21;1126;1118;0;81331;43098;0;31.0;16.4;0.0
82;2021-05-22;1436;532;0;82767;43630;0;31.5;16.6;0.0
82;2021-05-23;579;99;0;83346;43729;0;31.7;16.7;0.0
82;2021-05-24;1084;224;0;84430;43953;0;32.1;16.7;0.0
82;2021-05-25;1309;895;0;85739;44848;0;32.6;17.1;0.0
82;2021-05-26;1147;840;0;86886;45688;0;33.1;17.4;0.0
82;2021-05-27;1255;975;0;88141;46663;0;33.6;17.8;0.0
82;2021-05-28;1254;1080;0;89395;47743;0;34.0;18.2;0.0
82;2021-05-29;1122;512;0;90517;48255;0;34.5;18.4;0.0
82;2021-05-30;283;101;0;90800;48356;0;34.6;18.4;0.0
82;2021-05-31;1207;923;0;92007;49279;0;35.0;18.8;0.0
82;2021-06-01;1512;998;0;93519;50277;0;35.6;19.1;0.0
82;2021-06-02;1212;928;0;94731;51205;0;36.1;19.5;0.0
82;2021-06-03;1355;1160;0;96086;52365;0;36.6;19.9;0.0
82;2021-06-04;1890;1205;0;97976;53570;0;37.3;20.4;0.0
82;2021-06-05;1541;862;0;99517;54432;0;37.9;20.7;0.0
82;2021-06-06;296;126;0;99813;54558;0;38.0;20.8;0.0
82;2021-06-07;803;1170;0;100616;55728;0;38.3;21.2;0.0
82;2021-06-08;1356;1067;0;101972;56795;0;38.8;21.6;0.0
82;2021-06-09;1359;1049;0;103331;57844;0;39.3;22.0;0.0
82;2021-06-10;1354;1162;0;104685;59006;0;39.9;22.5;0.0
82;2021-06-11;1636;1031;0;106321;60037;0;40.5;22.9;0.0
82;2021-06-12;1697;1107;0;108018;61144;0;41.1;23.3;0.0
82;2021-06-13;360;119;0;108378;61263;0;41.3;23.3;0.0
82;2021-06-14;1116;1003;0;109494;62266;0;41.7;23.7;0.0
82;2021-06-15;1357;1144;0;110851;63410;0;42.2;24.1;0.0
82;2021-06-16;1472;1100;0;112323;64510;0;42.8;24.6;0.0
82;2021-06-17;1156;1384;0;113479;65894;0;43.2;25.1;0.0
82;2021-06-18;1331;1379;0;114810;67273;0;43.7;25.6;0.0
82;2021-06-19;1735;833;0;116545;68106;0;44.4;25.9;0.0
82;2021-06-20;268;163;0;116813;68269;0;44.5;26.0;0.0
82;2021-06-21;517;1127;0;117330;69396;0;44.7;26.4;0.0
82;2021-06-22;869;1556;0;118199;70952;0;45.0;27.0;0.0
82;2021-06-23;1140;1328;0;119339;72280;0;45.4;27.5;0.0
82;2021-06-24;720;1673;0;120059;73953;0;45.7;28.2;0.0
82;2021-06-25;761;1614;0;120820;75567;0;46.0;28.8;0.0
82;2021-06-26;1084;1650;0;121904;77217;0;46.4;29.4;0.0
82;2021-06-27;178;376;0;122082;77593;0;46.5;29.5;0.0
82;2021-06-28;359;1228;0;122441;78821;0;46.6;30.0;0.0
82;2021-06-29;523;1658;0;122964;80479;0;46.8;30.6;0.0
82;2021-06-30;884;1568;0;123848;82047;0;47.2;31.2;0.0
82;2021-07-01;660;1488;0;124508;83535;0;47.4;31.8;0.0
82;2021-07-02;950;1962;0;125458;85497;0;47.8;32.6;0.0
82;2021-07-03;810;1758;0;126268;87255;0;48.1;33.2;0.0
82;2021-07-04;147;396;0;126415;87651;0;48.1;33.4;0.0
82;2021-07-05;443;1385;0;126858;89036;0;48.3;33.9;0.0
82;2021-07-06;591;1686;0;127449;90722;0;48.5;34.5;0.0
82;2021-07-07;786;1491;0;128235;92213;0;48.8;35.1;0.0
82;2021-07-08;572;1402;1;128807;93615;1;49.0;35.6;0.0
82;2021-07-09;818;1830;0;129625;95445;1;49.4;36.3;0.0
82;2021-07-10;708;1780;0;130333;97225;1;49.6;37.0;0.0
82;2021-07-11;109;336;0;130442;97561;1;49.7;37.1;0.0
82;2021-07-12;595;1639;0;131037;99200;1;49.9;37.8;0.0
82;2021-07-13;848;1881;0;131885;101081;1;50.2;38.5;0.0
82;2021-07-14;699;578;0;132584;101659;1;50.5;38.7;0.0
82;2021-07-15;1053;1708;0;133637;103367;1;50.9;39.4;0.0
82;2021-07-16;1521;2394;0;135158;105761;1;51.5;40.3;0.0
82;2021-07-17;816;1849;0;135974;107610;1;51.8;41.0;0.0
82;2021-07-18;274;169;0;136248;107779;1;51.9;41.0;0.0
82;2021-07-19;932;1792;0;137180;109571;1;52.2;41.7;0.0
82;2021-07-20;1194;1864;0;138374;111435;1;52.7;42.4;0.0
82;2021-07-21;1543;1651;0;139917;113086;1;53.3;43.1;0.0
82;2021-07-22;1430;1763;0;141347;114849;1;53.8;43.7;0.0
82;2021-07-23;1369;2679;0;142716;117528;1;54.3;44.8;0.0
82;2021-07-24;1491;1403;0;144207;118931;1;54.9;45.3;0.0
82;2021-07-25;525;184;0;144732;119115;1;55.1;45.4;0.0
82;2021-07-26;1152;1821;0;145884;120936;1;55.5;46.1;0.0
82;2021-07-27;1615;1642;0;147499;122578;1;56.2;46.7;0.0
82;2021-07-28;1791;1424;0;149290;124002;1;56.8;47.2;0.0
82;2021-07-29;1630;1504;0;150920;125506;1;57.5;47.8;0.0
82;2021-07-30;1873;2212;0;152793;127718;1;58.2;48.6;0.0
82;2021-07-31;868;466;0;153661;128184;1;58.5;48.8;0.0
82;2021-08-01;426;139;0;154087;128323;1;58.7;48.9;0.0
82;2021-08-02;1453;875;0;155540;129198;1;59.2;49.2;0.0
82;2021-08-03;1689;883;0;157229;130081;1;59.9;49.5;0.0
82;2021-08-04;1652;1000;0;158881;131081;1;60.5;49.9;0.0
82;2021-08-05;1693;760;0;160574;131841;1;61.1;50.2;0.0
82;2021-08-06;1253;812;0;161827;132653;1;61.6;50.5;0.0
82;2021-08-07;1132;1271;0;162959;133924;1;62.1;51.0;0.0
82;2021-08-08;308;237;0;163267;134161;1;62.2;51.1;0.0
82;2021-08-09;1209;1100;0;164476;135261;1;62.6;51.5;0.0
82;2021-08-10;1514;1088;0;165990;136349;1;63.2;51.9;0.0
82;2021-08-11;1363;1221;0;167353;137570;1;63.7;52.4;0.0
82;2021-08-12;1540;1091;0;168893;138661;1;64.3;52.8;0.0
82;2021-08-13;1407;1190;0;170300;139851;1;64.8;53.3;0.0
82;2021-08-14;498;779;0;170798;140630;1;65.0;53.5;0.0
82;2021-08-15;81;158;0;170879;140788;1;65.1;53.6;0.0
82;2021-08-16;835;1640;0;171714;142428;1;65.4;54.2;0.0
82;2021-08-17;1031;1431;0;172745;143859;1;65.8;54.8;0.0
82;2021-08-18;688;1107;0;173433;144966;1;66.0;55.2;0.0
82;2021-08-19;987;1282;0;174420;146248;1;66.4;55.7;0.0
82;2021-08-20;991;2020;0;175411;148268;1;66.8;56.5;0.0
82;2021-08-21;511;1130;0;175922;149398;1;67.0;56.9;0.0
82;2021-08-22;52;260;0;175974;149658;1;67.0;57.0;0.0
82;2021-08-23;737;1455;0;176711;151113;1;67.3;57.5;0.0
82;2021-08-24;857;1304;0;177568;152417;1;67.6;58.0;0.0
82;2021-08-25;768;1659;0;178336;154076;1;67.9;58.7;0.0
82;2021-08-26;603;1266;0;178939;155342;1;68.1;59.2;0.0
82;2021-08-27;823;1814;0;179762;157156;1;68.4;59.8;0.0
82;2021-08-28;240;954;0;180002;158110;1;68.5;60.2;0.0
82;2021-08-29;72;254;0;180074;158364;1;68.6;60.3;0.0
82;2021-08-30;396;1234;8;180470;159598;9;68.7;60.8;0.0
82;2021-08-31;381;1228;23;180851;160826;32;68.9;61.2;0.0
82;2021-09-01;675;1433;53;181526;162259;85;69.1;61.8;0.0
82;2021-09-02;407;1284;62;181933;163543;147;69.3;62.3;0.1
82;2021-09-03;521;1857;146;182454;165400;293;69.5;63.0;0.1
82;2021-09-04;408;958;45;182862;166358;338;69.6;63.3;0.1
82;2021-09-05;33;82;1;182895;166440;339;69.6;63.4;0.1
82;2021-09-06;362;1118;149;183257;167558;488;69.8;63.8;0.2
82;2021-09-07;227;889;93;183484;168447;581;69.9;64.1;0.2
82;2021-09-08;443;1173;90;183927;169620;671;70.0;64.6;0.3
82;2021-09-09;266;921;112;184193;170541;783;70.1;64.9;0.3
82;2021-09-10;486;1230;207;184679;171771;990;70.3;65.4;0.4
82;2021-09-11;244;590;53;184923;172361;1043;70.4;65.6;0.4
82;2021-09-12;28;70;1;184951;172431;1044;70.4;65.7;0.4
82;2021-09-13;287;806;249;185238;173237;1293;70.5;66.0;0.5
82;2021-09-14;226;798;177;185464;174035;1470;70.6;66.3;0.6
82;2021-09-15;302;1113;398;185766;175148;1868;70.7;66.7;0.7
82;2021-09-16;226;487;259;185992;175635;2127;70.8;66.9;0.8
82;2021-09-17;215;531;173;186207;176166;2300;70.9;67.1;0.9
82;2021-09-18;298;1033;107;186505;177199;2407;71.0;67.5;0.9
82;2021-09-19;5;38;8;186510;177237;2415;71.0;67.5;0.9
82;2021-09-20;146;392;377;186656;177629;2792;71.1;67.6;1.1
82;2021-09-21;102;383;264;186758;178012;3056;71.1;67.8;1.2
82;2021-09-22;141;465;300;186899;178477;3356;71.2;68.0;1.3
82;2021-09-23;116;379;344;187015;178856;3700;71.2;68.1;1.4
82;2021-09-24;204;565;326;187219;179421;4026;71.3;68.3;1.5
82;2021-09-25;168;635;109;187387;180056;4135;71.4;68.6;1.6
82;2021-09-26;9;36;8;187396;180092;4143;71.4;68.6;1.6
82;2021-09-27;106;444;171;187502;180536;4314;71.4;68.7;1.6
82;2021-09-28;99;235;227;187601;180771;4541;71.4;68.8;1.7
82;2021-09-29;233;478;196;187834;181249;4737;71.5;69.0;1.8
82;2021-09-30;116;222;262;187950;181471;4999;71.6;69.1;1.9
82;2021-10-01;220;379;267;188170;181850;5266;71.7;69.2;2.0
82;2021-10-02;140;300;87;188310;182150;5353;71.7;69.4;2.0
82;2021-10-03;4;5;0;188314;182155;5353;71.7;69.4;2.0
82;2021-10-04;126;380;206;188440;182535;5559;71.8;69.5;2.1
82;2021-10-05;134;280;229;188574;182815;5788;71.8;69.6;2.2
82;2021-10-06;167;337;384;188741;183152;6172;71.9;69.7;2.4
82;2021-10-07;81;143;393;188822;183295;6565;71.9;69.8;2.5
82;2021-10-08;169;307;300;188991;183602;6865;72.0;69.9;2.6
82;2021-10-09;124;269;147;189115;183871;7012;72.0;70.0;2.7
82;2021-10-10;7;17;5;189122;183888;7017;72.0;70.0;2.7
82;2021-10-11;80;203;243;189202;184091;7260;72.0;70.1;2.8
82;2021-10-12;84;158;310;189286;184249;7570;72.1;70.2;2.9
82;2021-10-13;180;287;360;189466;184536;7930;72.1;70.3;3.0
82;2021-10-14;51;88;111;189517;184624;8041;72.2;70.3;3.1
82;2021-10-15;198;241;374;189715;184865;8415;72.2;70.4;3.2
82;2021-10-16;103;134;94;189818;184999;8509;72.3;70.4;3.2
82;2021-10-17;0;5;0;189818;185004;8509;72.3;70.4;3.2
82;2021-10-18;127;129;219;189945;185133;8728;72.3;70.5;3.3
82;2021-10-19;114;151;304;190059;185284;9032;72.4;70.6;3.4
82;2021-10-20;191;274;398;190250;185558;9430;72.4;70.7;3.6
82;2021-10-21;65;79;164;190315;185637;9594;72.5;70.7;3.7
82;2021-10-22;121;253;381;190436;185890;9975;72.5;70.8;3.8
82;2021-10-23;122;172;155;190558;186062;10130;72.6;70.8;3.9
82;2021-10-24;1;6;6;190559;186068;10136;72.6;70.9;3.9
82;2021-10-25;85;120;389;190644;186188;10525;72.6;70.9;4.0
82;2021-10-26;112;157;396;190756;186345;10921;72.6;71.0;4.2
82;2021-10-27;86;168;389;190842;186513;11310;72.7;71.0;4.3
82;2021-10-28;49;62;198;190891;186575;11508;72.7;71.0;4.4
82;2021-10-29;108;213;384;190999;186788;11892;72.7;71.1;4.5
82;2021-10-30;106;136;227;191105;186924;12119;72.8;71.2;4.6
82;2021-10-31;2;0;1;191107;186924;12120;72.8;71.2;4.6
82;2021-11-01;7;3;3;191114;186927;12123;72.8;71.2;4.6
82;2021-11-02;81;112;361;191195;187039;12484;72.8;71.2;4.8
82;2021-11-03;117;112;498;191312;187151;12982;72.8;71.3;4.9
82;2021-11-04;95;94;409;191407;187245;13391;72.9;71.3;5.1
82;2021-11-05;102;138;524;191509;187383;13915;72.9;71.4;5.3
82;2021-11-06;59;77;189;191568;187460;14104;72.9;71.4;5.4
82;2021-11-07;0;5;14;191568;187465;14118;72.9;71.4;5.4
82;2021-11-08;47;95;251;191615;187560;14369;73.0;71.4;5.5
82;2021-11-09;75;94;619;191690;187654;14988;73.0;71.5;5.7
82;2021-11-10;100;275;602;191790;187929;15590;73.0;71.6;5.9
82;2021-11-11;4;6;29;191794;187935;15619;73.0;71.6;5.9
82;2021-11-12;78;92;582;191872;188027;16201;73.1;71.6;6.2
82;2021-11-13;61;153;248;191933;188180;16449;73.1;71.7;6.3
82;2021-11-14;2;2;6;191935;188182;16455;73.1;71.7;6.3
82;2021-11-15;55;58;380;191990;188240;16835;73.1;71.7;6.4
82;2021-11-16;82;81;1083;192072;188321;17918;73.1;71.7;6.8
82;2021-11-17;91;121;951;192163;188442;18869;73.2;71.8;7.2
82;2021-11-18;87;66;817;192250;188508;19686;73.2;71.8;7.5
82;2021-11-19;140;108;957;192390;188616;20643;73.3;71.8;7.9
82;2021-11-20;71;68;273;192461;188684;20916;73.3;71.8;8.0
82;2021-11-21;3;6;25;192464;188690;20941;73.3;71.8;8.0
82;2021-11-22;50;47;605;192514;188737;21546;73.3;71.9;8.2
82;2021-11-23;71;87;1198;192585;188824;22744;73.3;71.9;8.7
82;2021-11-24;124;235;1073;192709;189059;23817;73.4;72.0;9.1
82;2021-11-25;80;79;1366;192789;189138;25183;73.4;72.0;9.6
82;2021-11-26;110;149;1337;192899;189287;26520;73.5;72.1;10.1
82;2021-11-27;98;147;672;192997;189434;27192;73.5;72.1;10.4
82;2021-11-28;4;12;37;193001;189446;27229;73.5;72.1;10.4
82;2021-11-29;61;66;1400;193062;189512;28629;73.5;72.2;10.9
82;2021-11-30;95;88;2173;193157;189600;30802;73.6;72.2;11.7
82;2021-12-01;89;88;2078;193246;189688;32880;73.6;72.2;12.5
82;2021-12-02;99;82;2459;193345;189770;35339;73.6;72.3;13.5
82;2021-12-03;127;98;2440;193472;189868;37779;73.7;72.3;14.4
82;2021-12-04;54;95;1385;193526;189963;39164;73.7;72.3;14.9
82;2021-12-05;14;12;133;193540;189975;39297;73.7;72.3;15.0
82;2021-12-06;84;74;2487;193624;190049;41784;73.7;72.4;15.9
82;2021-12-07;110;105;3580;193734;190154;45364;73.8;72.4;17.3
82;2021-12-08;143;123;2495;193877;190277;47859;73.8;72.5;18.2
82;2021-12-09;99;106;3256;193976;190383;51115;73.9;72.5;19.5
82;2021-12-10;94;141;3592;194070;190524;54707;73.9;72.5;20.8
82;2021-12-11;117;95;1824;194187;190619;56531;73.9;72.6;21.5
82;2021-12-12;3;13;126;194190;190632;56657;73.9;72.6;21.6
82;2021-12-13;104;99;2784;194294;190731;59441;74.0;72.6;22.6
82;2021-12-14;130;132;3560;194424;190863;63001;74.0;72.7;24.0
82;2021-12-15;129;137;2902;194553;191000;65903;74.1;72.7;25.1
82;2021-12-16;132;119;3520;194685;191119;69423;74.1;72.8;26.4
82;2021-12-17;148;171;3591;194833;191290;73014;74.2;72.8;27.8
82;2021-12-18;134;132;1694;194967;191422;74708;74.2;72.9;28.4
82;2021-12-19;11;12;262;194978;191434;74970;74.2;72.9;28.5
82;2021-12-20;95;80;2228;195073;191514;77198;74.3;72.9;29.4
82;2021-12-21;189;130;2861;195262;191644;80059;74.4;73.0;30.5
82;2021-12-22;154;122;2322;195416;191766;82381;74.4;73.0;31.4
82;2021-12-23;144;112;1936;195560;191878;84317;74.5;73.1;32.1
82;2021-12-24;28;39;410;195588;191917;84727;74.5;73.1;32.3
82;2021-12-25;0;3;15;195588;191920;84742;74.5;73.1;32.3
82;2021-12-26;4;2;63;195592;191922;84805;74.5;73.1;32.3
82;2021-12-27;99;134;1508;195691;192056;86313;74.5;73.1;32.9
82;2021-12-28;105;117;2165;195796;192173;88478;74.6;73.2;33.7
83;2020-12-27;4;0;0;4;0;0;0.0;0.0;0.0
83;2020-12-28;7;0;0;11;0;0;0.0;0.0;0.0
83;2020-12-29;3;0;0;14;0;0;0.0;0.0;0.0
83;2020-12-30;4;0;0;18;0;0;0.0;0.0;0.0
83;2020-12-31;1;0;0;19;0;0;0.0;0.0;0.0
83;2021-01-01;3;0;0;22;0;0;0.0;0.0;0.0
83;2021-01-02;1;0;0;23;0;0;0.0;0.0;0.0
83;2021-01-03;0;0;0;23;0;0;0.0;0.0;0.0
83;2021-01-04;3;0;0;26;0;0;0.0;0.0;0.0
83;2021-01-05;6;1;0;32;1;0;0.0;0.0;0.0
83;2021-01-06;87;0;0;119;1;0;0.0;0.0;0.0
83;2021-01-07;317;0;0;436;1;0;0.0;0.0;0.0
83;2021-01-08;426;0;0;862;1;0;0.1;0.0;0.0
83;2021-01-09;57;0;0;919;1;0;0.1;0.0;0.0
83;2021-01-10;7;0;0;926;1;0;0.1;0.0;0.0
83;2021-01-11;504;0;0;1430;1;0;0.1;0.0;0.0
83;2021-01-12;1047;4;0;2477;5;0;0.2;0.0;0.0
83;2021-01-13;967;8;0;3444;13;0;0.3;0.0;0.0
83;2021-01-14;898;6;0;4342;19;0;0.4;0.0;0.0
83;2021-01-15;764;2;0;5106;21;0;0.5;0.0;0.0
83;2021-01-16;66;0;0;5172;21;0;0.5;0.0;0.0
83;2021-01-17;6;0;0;5178;21;0;0.5;0.0;0.0
83;2021-01-18;1288;2;0;6466;23;0;0.6;0.0;0.0
83;2021-01-19;2198;8;0;8664;31;0;0.8;0.0;0.0
83;2021-01-20;1766;10;0;10430;41;0;1.0;0.0;0.0
83;2021-01-21;2276;9;0;12706;50;0;1.2;0.0;0.0
83;2021-01-22;1852;9;0;14558;59;0;1.4;0.0;0.0
83;2021-01-23;278;2;0;14836;61;0;1.4;0.0;0.0
83;2021-01-24;35;1;0;14871;62;0;1.4;0.0;0.0
83;2021-01-25;1580;8;0;16451;70;0;1.5;0.0;0.0
83;2021-01-26;1847;13;0;18298;83;0;1.7;0.0;0.0
83;2021-01-27;2199;96;0;20497;179;0;1.9;0.0;0.0
83;2021-01-28;4972;363;0;25469;542;0;2.4;0.1;0.0
83;2021-01-29;3009;357;0;28478;899;0;2.7;0.1;0.0
83;2021-01-30;261;50;0;28739;949;0;2.7;0.1;0.0
83;2021-01-31;40;0;0;28779;949;0;2.7;0.1;0.0
83;2021-02-01;1299;430;0;30078;1379;0;2.8;0.1;0.0
83;2021-02-02;1465;713;0;31543;2092;0;2.9;0.2;0.0
83;2021-02-03;1568;632;0;33111;2724;0;3.1;0.3;0.0
83;2021-02-04;1535;780;0;34646;3504;0;3.2;0.3;0.0
83;2021-02-05;1310;711;0;35956;4215;0;3.3;0.4;0.0
83;2021-02-06;70;28;0;36026;4243;0;3.4;0.4;0.0
83;2021-02-07;8;4;0;36034;4247;0;3.4;0.4;0.0
83;2021-02-08;1103;638;0;37137;4885;0;3.5;0.5;0.0
83;2021-02-09;1352;985;0;38489;5870;0;3.6;0.5;0.0
83;2021-02-10;1534;853;0;40023;6723;0;3.7;0.6;0.0
83;2021-02-11;1670;1132;0;41693;7855;0;3.9;0.7;0.0
83;2021-02-12;1374;907;0;43067;8762;0;4.0;0.8;0.0
83;2021-02-13;81;49;0;43148;8811;0;4.0;0.8;0.0
83;2021-02-14;6;6;0;43154;8817;0;4.0;0.8;0.0
83;2021-02-15;728;1103;0;43882;9920;0;4.1;0.9;0.0
83;2021-02-16;607;1509;0;44489;11429;0;4.1;1.1;0.0
83;2021-02-17;838;1876;0;45327;13305;0;4.2;1.2;0.0
83;2021-02-18;1543;3832;0;46870;17137;0;4.4;1.6;0.0
83;2021-02-19;1454;2423;0;48324;19560;0;4.5;1.8;0.0
83;2021-02-20;82;200;0;48406;19760;0;4.5;1.8;0.0
83;2021-02-21;21;37;0;48427;19797;0;4.5;1.8;0.0
83;2021-02-22;594;1769;0;49021;21566;0;4.6;2.0;0.0
83;2021-02-23;725;1537;0;49746;23103;0;4.6;2.2;0.0
83;2021-02-24;785;1511;0;50531;24614;0;4.7;2.3;0.0
83;2021-02-25;1294;1479;0;51825;26093;0;4.8;2.4;0.0
83;2021-02-26;1365;1268;0;53190;27361;0;5.0;2.5;0.0
83;2021-02-27;571;91;0;53761;27452;0;5.0;2.6;0.0
83;2021-02-28;18;15;0;53779;27467;0;5.0;2.6;0.0
83;2021-03-01;846;1213;0;54625;28680;0;5.1;2.7;0.0
83;2021-03-02;1045;1338;0;55670;30018;0;5.2;2.8;0.0
83;2021-03-03;1493;1584;0;57163;31602;0;5.3;2.9;0.0
83;2021-03-04;1935;1458;0;59098;33060;0;5.5;3.1;0.0
83;2021-03-05;2301;1290;0;61399;34350;0;5.7;3.2;0.0
83;2021-03-06;3082;162;0;64481;34512;0;6.0;3.2;0.0
83;2021-03-07;2325;70;0;66806;34582;0;6.2;3.2;0.0
83;2021-03-08;969;1318;0;67775;35900;0;6.3;3.3;0.0
83;2021-03-09;2018;1271;0;69793;37171;0;6.5;3.5;0.0
83;2021-03-10;2490;1387;0;72283;38558;0;6.7;3.6;0.0
83;2021-03-11;3767;2138;0;76050;40696;0;7.1;3.8;0.0
83;2021-03-12;3788;1497;0;79838;42193;0;7.4;3.9;0.0
83;2021-03-13;4608;188;0;84446;42381;0;7.9;3.9;0.0
83;2021-03-14;2260;61;0;86706;42442;0;8.1;4.0;0.0
83;2021-03-15;3334;723;0;90040;43165;0;8.4;4.0;0.0
83;2021-03-16;2598;759;0;92638;43924;0;8.6;4.1;0.0
83;2021-03-17;2898;824;0;95536;44748;0;8.9;4.2;0.0
83;2021-03-18;3535;859;0;99071;45607;0;9.2;4.2;0.0
83;2021-03-19;4170;673;0;103241;46280;0;9.6;4.3;0.0
83;2021-03-20;3406;104;0;106647;46384;0;9.9;4.3;0.0
83;2021-03-21;1912;35;0;108559;46419;0;10.1;4.3;0.0
83;2021-03-22;3938;946;0;112497;47365;0;10.5;4.4;0.0
83;2021-03-23;4689;647;0;117186;48012;0;10.9;4.5;0.0
83;2021-03-24;5021;791;0;122207;48803;0;11.4;4.5;0.0
83;2021-03-25;6525;949;0;128732;49752;0;12.0;4.6;0.0
83;2021-03-26;7132;848;0;135864;50600;0;12.7;4.7;0.0
83;2021-03-27;3927;395;0;139791;50995;0;13.0;4.7;0.0
83;2021-03-28;2094;40;0;141885;51035;0;13.2;4.8;0.0
83;2021-03-29;4545;811;0;146430;51846;0;13.6;4.8;0.0
83;2021-03-30;6085;1015;0;152515;52861;0;14.2;4.9;0.0
83;2021-03-31;5683;1084;0;158198;53945;0;14.7;5.0;0.0
83;2021-04-01;6188;1337;0;164386;55282;0;15.3;5.1;0.0
83;2021-04-02;5870;1150;0;170256;56432;0;15.9;5.3;0.0
83;2021-04-03;1917;710;0;172173;57142;0;16.0;5.3;0.0
83;2021-04-04;832;357;0;173005;57499;0;16.1;5.4;0.0
83;2021-04-05;311;79;0;173316;57578;0;16.1;5.4;0.0
83;2021-04-06;4782;1514;0;178098;59092;0;16.6;5.5;0.0
83;2021-04-07;5809;1728;0;183907;60820;0;17.1;5.7;0.0
83;2021-04-08;7773;2128;0;191680;62948;0;17.9;5.9;0.0
83;2021-04-09;7583;2252;0;199263;65200;0;18.6;6.1;0.0
83;2021-04-10;3016;2584;0;202279;67784;0;18.8;6.3;0.0
83;2021-04-11;1633;2009;0;203912;69793;0;19.0;6.5;0.0
83;2021-04-12;4913;2854;0;208825;72647;0;19.4;6.8;0.0
83;2021-04-13;5592;2969;0;214417;75616;0;20.0;7.0;0.0
83;2021-04-14;5977;2991;0;220394;78607;0;20.5;7.3;0.0
83;2021-04-15;6904;3052;0;227298;81659;0;21.2;7.6;0.0
83;2021-04-16;6184;3522;0;233482;85181;0;21.7;7.9;0.0
83;2021-04-17;3377;2107;0;236859;87288;0;22.1;8.1;0.0
83;2021-04-18;2059;1272;0;238918;88560;0;22.2;8.2;0.0
83;2021-04-19;4117;3821;0;243035;92381;0;22.6;8.6;0.0
83;2021-04-20;4433;3922;0;247468;96303;0;23.0;9.0;0.0
83;2021-04-21;4427;4130;0;251895;100433;0;23.5;9.4;0.0
83;2021-04-22;5068;4346;0;256963;104779;0;23.9;9.8;0.0
83;2021-04-23;4529;4508;0;261492;109287;0;24.4;10.2;0.0
83;2021-04-24;2639;2669;0;264131;111956;0;24.6;10.4;0.0
83;2021-04-25;1834;1500;0;265965;113456;0;24.8;10.6;0.0
83;2021-04-26;3547;3864;0;269512;117320;0;25.1;10.9;0.0
83;2021-04-27;4164;4622;0;273676;121942;0;25.5;11.4;0.0
83;2021-04-28;4406;4470;0;278082;126412;0;25.9;11.8;0.0
83;2021-04-29;5889;5200;0;283971;131612;0;26.4;12.3;0.0
83;2021-04-30;5811;4465;0;289782;136077;0;27.0;12.7;0.0
83;2021-05-01;1815;525;0;291597;136602;0;27.2;12.7;0.0
83;2021-05-02;1207;744;0;292804;137346;0;27.3;12.8;0.0
83;2021-05-03;3955;4228;0;296759;141574;0;27.6;13.2;0.0
83;2021-05-04;3633;5166;0;300392;146740;0;28.0;13.7;0.0
83;2021-05-05;3808;4998;0;304200;151738;0;28.3;14.1;0.0
83;2021-05-06;4903;4981;0;309103;156719;0;28.8;14.6;0.0
83;2021-05-07;4297;5347;0;313400;162066;0;29.2;15.1;0.0
83;2021-05-08;2762;1067;0;316162;163133;0;29.4;15.2;0.0
83;2021-05-09;1996;1190;0;318158;164323;0;29.6;15.3;0.0
83;2021-05-10;3294;5437;0;321452;169760;0;29.9;15.8;0.0
83;2021-05-11;5013;5768;0;326465;175528;0;30.4;16.3;0.0
83;2021-05-12;6109;4928;0;332574;180456;0;31.0;16.8;0.0
83;2021-05-13;5932;1298;0;338506;181754;0;31.5;16.9;0.0
83;2021-05-14;6960;3975;0;345466;185729;0;32.2;17.3;0.0
83;2021-05-15;7176;2235;0;352642;187964;0;32.8;17.5;0.0
83;2021-05-16;5993;1150;0;358635;189114;0;33.4;17.6;0.0
83;2021-05-17;4953;4135;0;363588;193249;0;33.9;18.0;0.0
83;2021-05-18;5553;3766;0;369141;197015;0;34.4;18.3;0.0
83;2021-05-19;6189;3467;0;375330;200482;0;35.0;18.7;0.0
83;2021-05-20;6793;3748;0;382123;204230;0;35.6;19.0;0.0
83;2021-05-21;7631;3817;0;389754;208047;0;36.3;19.4;0.0
83;2021-05-22;5493;1701;0;395247;209748;0;36.8;19.5;0.0
83;2021-05-23;4074;620;0;399321;210368;0;37.2;19.6;0.0
83;2021-05-24;5274;892;0;404595;211260;0;37.7;19.7;0.0
83;2021-05-25;5291;4680;0;409886;215940;0;38.2;20.1;0.0
83;2021-05-26;4881;4395;0;414767;220335;0;38.6;20.5;0.0
83;2021-05-27;5054;5161;0;419821;225496;0;39.1;21.0;0.0
83;2021-05-28;4441;5687;0;424262;231183;0;39.5;21.5;0.0
83;2021-05-29;2682;4200;0;426944;235383;0;39.8;21.9;0.0
83;2021-05-30;1140;1282;0;428084;236665;0;39.9;22.0;0.0
83;2021-05-31;5271;4816;0;433355;241481;0;40.4;22.5;0.0
83;2021-06-01;5758;5359;0;439113;246840;0;40.9;23.0;0.0
83;2021-06-02;5205;4707;0;444318;251547;0;41.4;23.4;0.0
83;2021-06-03;5743;5123;0;450061;256670;0;41.9;23.9;0.0
83;2021-06-04;5436;5932;0;455497;262602;0;42.4;24.5;0.0
83;2021-06-05;3781;3177;0;459278;265779;0;42.8;24.8;0.0
83;2021-06-06;1795;1324;0;461073;267103;0;42.9;24.9;0.0
83;2021-06-07;3829;5051;0;464902;272154;0;43.3;25.3;0.0
83;2021-06-08;4159;4789;0;469061;276943;0;43.7;25.8;0.0
83;2021-06-09;4046;4664;0;473107;281607;0;44.1;26.2;0.0
83;2021-06-10;4111;4215;0;477218;285822;0;44.4;26.6;0.0
83;2021-06-11;3641;5442;0;480859;291264;0;44.8;27.1;0.0
83;2021-06-12;2896;2980;0;483755;294244;0;45.0;27.4;0.0
83;2021-06-13;940;1290;0;484695;295534;0;45.1;27.5;0.0
83;2021-06-14;2793;5643;0;487488;301177;0;45.4;28.0;0.0
83;2021-06-15;3163;4992;0;490651;306169;0;45.7;28.5;0.0
83;2021-06-16;3122;4515;0;493773;310684;0;46.0;28.9;0.0
83;2021-06-17;2956;5255;0;496729;315939;0;46.3;29.4;0.0
83;2021-06-18;3200;5829;0;499929;321768;0;46.6;30.0;0.0
83;2021-06-19;2251;3979;0;502180;325747;0;46.8;30.3;0.0
83;2021-06-20;622;1734;0;502802;327481;0;46.8;30.5;0.0
83;2021-06-21;2055;7296;0;504857;334777;0;47.0;31.2;0.0
83;2021-06-22;2090;6942;0;506947;341719;0;47.2;31.8;0.0
83;2021-06-23;2046;6832;0;508993;348551;0;47.4;32.5;0.0
83;2021-06-24;2127;7057;0;511120;355608;0;47.6;33.1;0.0
83;2021-06-25;2172;8088;0;513292;363696;0;47.8;33.9;0.0
83;2021-06-26;1408;6463;0;514700;370159;0;47.9;34.5;0.0
83;2021-06-27;591;2954;0;515291;373113;0;48.0;34.7;0.0
83;2021-06-28;1472;7636;0;516763;380749;0;48.1;35.5;0.0
83;2021-06-29;1884;7591;0;518647;388340;0;48.3;36.2;0.0
83;2021-06-30;2200;7008;0;520847;395348;0;48.5;36.8;0.0
83;2021-07-01;2725;6431;0;523572;401779;0;48.8;37.4;0.0
83;2021-07-02;2443;7491;0;526015;409270;0;49.0;38.1;0.0
83;2021-07-03;1495;5394;0;527510;414664;0;49.1;38.6;0.0
83;2021-07-04;527;2502;0;528037;417166;0;49.2;38.8;0.0
83;2021-07-05;1929;7210;0;529966;424376;0;49.4;39.5;0.0
83;2021-07-06;2508;5816;0;532474;430192;0;49.6;40.1;0.0
83;2021-07-07;2660;4516;0;535134;434708;0;49.8;40.5;0.0
83;2021-07-08;3152;4383;0;538286;439091;0;50.1;40.9;0.0
83;2021-07-09;3036;6601;0;541322;445692;0;50.4;41.5;0.0
83;2021-07-10;1545;4701;0;542867;450393;0;50.6;41.9;0.0
83;2021-07-11;909;1638;0;543776;452031;0;50.6;42.1;0.0
83;2021-07-12;2114;7259;0;545890;459290;0;50.8;42.8;0.0
83;2021-07-13;3915;6814;0;549805;466104;0;51.2;43.4;0.0
83;2021-07-14;1956;1262;0;551761;467366;0;51.4;43.5;0.0
83;2021-07-15;4668;6703;0;556429;474069;0;51.8;44.1;0.0
83;2021-07-16;5239;6799;0;561668;480868;0;52.3;44.8;0.0
83;2021-07-17;3521;4825;0;565189;485693;0;52.6;45.2;0.0
83;2021-07-18;1530;1279;0;566719;486972;0;52.8;45.3;0.0
83;2021-07-19;3929;6105;0;570648;493077;0;53.1;45.9;0.0
83;2021-07-20;5745;5962;0;576393;499039;0;53.7;46.5;0.0
83;2021-07-21;5750;5046;0;582143;504085;0;54.2;46.9;0.0
83;2021-07-22;6905;5342;0;589048;509427;0;54.9;47.4;0.0
83;2021-07-23;6641;5499;0;595689;514926;0;55.5;48.0;0.0
83;2021-07-24;4427;4313;0;600116;519239;0;55.9;48.4;0.0
83;2021-07-25;1298;705;0;601414;519944;0;56.0;48.4;0.0
83;2021-07-26;5349;4406;0;606763;524350;0;56.5;48.8;0.0
83;2021-07-27;6648;4458;0;613411;528808;0;57.1;49.2;0.0
83;2021-07-28;6411;4065;0;619822;532873;0;57.7;49.6;0.0
83;2021-07-29;7386;4505;0;627208;537378;0;58.4;50.0;0.0
83;2021-07-30;6725;4353;0;633933;541731;0;59.0;50.4;0.0
83;2021-07-31;4476;2938;0;638409;544669;0;59.5;50.7;0.0
83;2021-08-01;1125;777;0;639534;545446;0;59.6;50.8;0.0
83;2021-08-02;5831;3208;0;645365;548654;0;60.1;51.1;0.0
83;2021-08-03;6228;3554;0;651593;552208;0;60.7;51.4;0.0
83;2021-08-04;5743;3125;0;657336;555333;0;61.2;51.7;0.0
83;2021-08-05;5975;3563;0;663311;558896;0;61.8;52.0;0.0
83;2021-08-06;5905;4129;0;669216;563025;0;62.3;52.4;0.0
83;2021-08-07;3554;3081;0;672770;566106;0;62.7;52.7;0.0
83;2021-08-08;999;758;0;673769;566864;0;62.7;52.8;0.0
83;2021-08-09;4488;3909;0;678257;570773;0;63.2;53.2;0.0
83;2021-08-10;5102;4452;0;683359;575225;0;63.6;53.6;0.0
83;2021-08-11;4465;4455;0;687824;579680;0;64.1;54.0;0.0
83;2021-08-12;4738;5075;0;692562;584755;0;64.5;54.5;0.0
83;2021-08-13;4565;4906;0;697127;589661;0;64.9;54.9;0.0
83;2021-08-14;3027;3598;0;700154;593259;0;65.2;55.2;0.0
83;2021-08-15;229;355;0;700383;593614;0;65.2;55.3;0.0
83;2021-08-16;3615;5005;0;703998;598619;0;65.6;55.7;0.0
83;2021-08-17;3598;5033;0;707596;603652;0;65.9;56.2;0.0
83;2021-08-18;3433;4807;0;711029;608459;0;66.2;56.7;0.0
83;2021-08-19;4038;5704;0;715067;614163;0;66.6;57.2;0.0
83;2021-08-20;3517;5946;0;718584;620109;0;66.9;57.7;0.0
83;2021-08-21;2173;4188;0;720757;624297;0;67.1;58.1;0.0
83;2021-08-22;584;978;0;721341;625275;0;67.2;58.2;0.0
83;2021-08-23;2443;5552;0;723784;630827;0;67.4;58.7;0.0
83;2021-08-24;2785;5698;0;726569;636525;0;67.7;59.3;0.0
83;2021-08-25;2489;5151;0;729058;641676;0;67.9;59.8;0.0
83;2021-08-26;2838;5752;0;731896;647428;0;68.2;60.3;0.0
83;2021-08-27;2852;5805;0;734748;653233;0;68.4;60.8;0.0
83;2021-08-28;1815;4297;0;736563;657530;0;68.6;61.2;0.0
83;2021-08-29;469;1190;0;737032;658720;0;68.6;61.3;0.0
83;2021-08-30;2289;5043;75;739321;663763;75;68.8;61.8;0.0
83;2021-08-31;2440;5397;171;741761;669160;246;69.1;62.3;0.0
83;2021-09-01;2817;4756;463;744578;673916;709;69.3;62.8;0.1
83;2021-09-02;2471;4390;467;747049;678306;1176;69.6;63.2;0.1
83;2021-09-03;2301;4712;548;749350;683018;1724;69.8;63.6;0.2
83;2021-09-04;1819;4327;227;751169;687345;1951;70.0;64.0;0.2
83;2021-09-05;533;434;110;751702;687779;2061;70.0;64.0;0.2
83;2021-09-06;1869;3359;704;753571;691138;2765;70.2;64.4;0.3
83;2021-09-07;1664;3256;676;755235;694394;3441;70.3;64.7;0.3
83;2021-09-08;1988;3501;517;757223;697895;3958;70.5;65.0;0.4
83;2021-09-09;1554;3325;638;758777;701220;4596;70.7;65.3;0.4
83;2021-09-10;1824;3674;747;760601;704894;5343;70.8;65.6;0.5
83;2021-09-11;1376;3569;262;761977;708463;5605;71.0;66.0;0.5
83;2021-09-12;219;454;43;762196;708917;5648;71.0;66.0;0.5
83;2021-09-13;1285;2500;908;763481;711417;6556;71.1;66.3;0.6
83;2021-09-14;1399;2490;1065;764880;713907;7621;71.2;66.5;0.7
83;2021-09-15;1440;2629;824;766320;716536;8445;71.4;66.7;0.8
83;2021-09-16;1067;2202;966;767387;718738;9411;71.5;66.9;0.9
83;2021-09-17;1062;2612;904;768449;721350;10315;71.6;67.2;1.0
83;2021-09-18;996;2918;289;769445;724268;10604;71.7;67.4;1.0
83;2021-09-19;112;407;51;769557;724675;10655;71.7;67.5;1.0
83;2021-09-20;758;2064;792;770315;726739;11447;71.7;67.7;1.1
83;2021-09-21;697;1798;796;771012;728537;12243;71.8;67.8;1.1
83;2021-09-22;776;2521;702;771788;731058;12945;71.9;68.1;1.2
83;2021-09-23;716;2070;752;772504;733128;13697;71.9;68.3;1.3
83;2021-09-24;789;2253;839;773293;735381;14536;72.0;68.5;1.4
83;2021-09-25;757;2613;281;774050;737994;14817;72.1;68.7;1.4
83;2021-09-26;76;441;30;774126;738435;14847;72.1;68.8;1.4
83;2021-09-27;585;1728;626;774711;740163;15473;72.1;68.9;1.4
83;2021-09-28;540;1482;644;775251;741645;16117;72.2;69.1;1.5
83;2021-09-29;722;1935;575;775973;743580;16692;72.3;69.2;1.6
83;2021-09-30;637;1511;807;776610;745091;17499;72.3;69.4;1.6
83;2021-10-01;1044;1553;844;777654;746644;18343;72.4;69.5;1.7
83;2021-10-02;703;1634;295;778357;748278;18638;72.5;69.7;1.7
83;2021-10-03;115;263;70;778472;748541;18708;72.5;69.7;1.7
83;2021-10-04;644;898;747;779116;749439;19455;72.6;69.8;1.8
83;2021-10-05;647;1146;1091;779763;750585;20546;72.6;69.9;1.9
83;2021-10-06;876;1641;1048;780639;752226;21594;72.7;70.1;2.0
83;2021-10-07;513;1087;1076;781152;753313;22670;72.7;70.2;2.1
83;2021-10-08;824;1425;1293;781976;754738;23963;72.8;70.3;2.2
83;2021-10-09;534;1033;402;782510;755771;24365;72.9;70.4;2.3
83;2021-10-10;27;67;7;782537;755838;24372;72.9;70.4;2.3
83;2021-10-11;659;1073;1333;783196;756911;25705;72.9;70.5;2.4
83;2021-10-12;532;832;1316;783728;757743;27021;73.0;70.6;2.5
83;2021-10-13;714;1102;1294;784442;758845;28315;73.1;70.7;2.6
83;2021-10-14;531;870;1495;784973;759715;29810;73.1;70.7;2.8
83;2021-10-15;763;1125;1826;785736;760840;31636;73.2;70.9;2.9
83;2021-10-16;569;887;550;786305;761727;32186;73.2;70.9;3.0
83;2021-10-17;31;45;16;786336;761772;32202;73.2;70.9;3.0
83;2021-10-18;565;815;1629;786901;762587;33831;73.3;71.0;3.2
83;2021-10-19;416;618;1267;787317;763205;35098;73.3;71.1;3.3
83;2021-10-20;610;907;1970;787927;764112;37068;73.4;71.2;3.5
83;2021-10-21;503;713;1794;788430;764825;38862;73.4;71.2;3.6
83;2021-10-22;551;795;1653;788981;765620;40515;73.5;71.3;3.8
83;2021-10-23;433;568;661;789414;766188;41176;73.5;71.4;3.8
83;2021-10-24;16;58;39;789430;766246;41215;73.5;71.4;3.8
83;2021-10-25;460;732;1949;789890;766978;43164;73.6;71.4;4.0
83;2021-10-26;439;619;2056;790329;767597;45220;73.6;71.5;4.2
83;2021-10-27;496;741;2486;790825;768338;47706;73.6;71.6;4.4
83;2021-10-28;421;598;2383;791246;768936;50089;73.7;71.6;4.7
83;2021-10-29;406;656;2076;791652;769592;52165;73.7;71.7;4.9
83;2021-10-30;368;487;895;792020;770079;53060;73.8;71.7;4.9
83;2021-10-31;21;45;36;792041;770124;53096;73.8;71.7;4.9
83;2021-11-01;87;49;86;792128;770173;53182;73.8;71.7;5.0
83;2021-11-02;384;635;1762;792512;770808;54944;73.8;71.8;5.1
83;2021-11-03;520;796;2924;793032;771604;57868;73.9;71.9;5.4
83;2021-11-04;374;597;2328;793406;772201;60196;73.9;71.9;5.6
83;2021-11-05;463;704;2674;793869;772905;62870;73.9;72.0;5.9
83;2021-11-06;318;552;1180;794187;773457;64050;74.0;72.0;6.0
83;2021-11-07;18;62;46;794205;773519;64096;74.0;72.0;6.0
83;2021-11-08;371;680;3417;794576;774199;67513;74.0;72.1;6.3
83;2021-11-09;372;520;3416;794948;774719;70929;74.0;72.1;6.6
83;2021-11-10;541;865;4534;795489;775584;75463;74.1;72.2;7.0
83;2021-11-11;52;98;111;795541;775682;75574;74.1;72.2;7.0
83;2021-11-12;419;650;3874;795960;776332;79448;74.1;72.3;7.4
83;2021-11-13;304;462;1529;796264;776794;80977;74.2;72.3;7.5
83;2021-11-14;13;64;91;796277;776858;81068;74.2;72.3;7.5
83;2021-11-15;376;574;4366;796653;777432;85434;74.2;72.4;8.0
83;2021-11-16;353;455;4051;797006;777887;89485;74.2;72.4;8.3
83;2021-11-17;515;743;4816;797521;778630;94301;74.3;72.5;8.8
83;2021-11-18;447;618;4600;797968;779248;98901;74.3;72.6;9.2
83;2021-11-19;574;633;4569;798542;779881;103470;74.4;72.6;9.6
83;2021-11-20;367;462;1882;798909;780343;105352;74.4;72.7;9.8
83;2021-11-21;28;56;68;798937;780399;105420;74.4;72.7;9.8
83;2021-11-22;476;392;4973;799413;780791;110393;74.4;72.7;10.3
83;2021-11-23;398;461;4605;799811;781252;114998;74.5;72.8;10.7
83;2021-11-24;640;694;5490;800451;781946;120488;74.5;72.8;11.2
83;2021-11-25;509;497;5933;800960;782443;126421;74.6;72.9;11.8
83;2021-11-26;587;600;7074;801547;783043;133495;74.6;72.9;12.4
83;2021-11-27;465;474;3649;802012;783517;137144;74.7;73.0;12.8
83;2021-11-28;40;60;186;802052;783577;137330;74.7;73.0;12.8
83;2021-11-29;449;513;7995;802501;784090;145325;74.7;73.0;13.5
83;2021-11-30;480;507;8311;802981;784597;153636;74.8;73.1;14.3
83;2021-12-01;485;636;9816;803466;785233;163452;74.8;73.1;15.2
83;2021-12-02;422;419;10011;803888;785652;173463;74.9;73.2;16.2
83;2021-12-03;534;613;10512;804422;786265;183975;74.9;73.2;17.1
83;2021-12-04;399;441;5498;804821;786706;189473;74.9;73.3;17.6
83;2021-12-05;40;100;1786;804861;786806;191259;75.0;73.3;17.8
83;2021-12-06;388;553;10384;805249;787359;201643;75.0;73.3;18.8
83;2021-12-07;493;577;11540;805742;787936;213183;75.0;73.4;19.9
83;2021-12-08;466;657;10882;806208;788593;224065;75.1;73.4;20.9
83;2021-12-09;490;617;11438;806698;789210;235503;75.1;73.5;21.9
83;2021-12-10;533;621;12112;807231;789831;247615;75.2;73.6;23.1
83;2021-12-11;422;491;5933;807653;790322;253548;75.2;73.6;23.6
83;2021-12-12;88;80;1068;807741;790402;254616;75.2;73.6;23.7
83;2021-12-13;426;541;11206;808167;790943;265822;75.3;73.7;24.8
83;2021-12-14;529;564;13193;808696;791507;279015;75.3;73.7;26.0
83;2021-12-15;548;698;12421;809244;792205;291436;75.4;73.8;27.1
83;2021-12-16;542;644;12887;809786;792849;304323;75.4;73.8;28.3
83;2021-12-17;595;795;12854;810381;793644;317177;75.5;73.9;29.5
83;2021-12-18;533;559;6387;810914;794203;323564;75.5;74.0;30.1
83;2021-12-19;110;99;1144;811024;794302;324708;75.5;74.0;30.2
83;2021-12-20;644;702;9875;811668;795004;334583;75.6;74.0;31.2
83;2021-12-21;799;690;10331;812467;795694;344914;75.7;74.1;32.1
83;2021-12-22;685;635;9007;813152;796329;353921;75.7;74.2;33.0
83;2021-12-23;526;466;6149;813678;796795;360070;75.8;74.2;33.5
83;2021-12-24;145;195;1368;813823;796990;361438;75.8;74.2;33.7
83;2021-12-25;5;48;95;813828;797038;361533;75.8;74.2;33.7
83;2021-12-26;44;68;286;813872;797106;361819;75.8;74.2;33.7
83;2021-12-27;467;559;5462;814339;797665;367281;75.8;74.3;34.2
83;2021-12-28;528;479;6981;814867;798144;374262;75.9;74.3;34.9
84;2020-12-27;0;0;0;0;0;0;0.0;0.0;0.0
84;2020-12-28;3;0;0;3;0;0;0.0;0.0;0.0
84;2020-12-29;3;0;0;6;0;0;0.0;0.0;0.0
84;2020-12-30;3;0;0;9;0;0;0.0;0.0;0.0
84;2020-12-31;0;0;0;9;0;0;0.0;0.0;0.0
84;2021-01-01;0;0;0;9;0;0;0.0;0.0;0.0
84;2021-01-02;0;0;0;9;0;0;0.0;0.0;0.0
84;2021-01-03;0;0;0;9;0;0;0.0;0.0;0.0
84;2021-01-04;6;0;0;15;0;0;0.0;0.0;0.0
84;2021-01-05;4;0;0;19;0;0;0.0;0.0;0.0
84;2021-01-06;8;0;0;27;0;0;0.0;0.0;0.0
84;2021-01-07;62;0;0;89;0;0;0.0;0.0;0.0
84;2021-01-08;71;0;0;160;0;0;0.0;0.0;0.0
84;2021-01-09;21;0;0;181;0;0;0.0;0.0;0.0
84;2021-01-10;1;0;0;182;0;0;0.0;0.0;0.0
84;2021-01-11;174;1;0;356;1;0;0.1;0.0;0.0
84;2021-01-12;561;3;0;917;4;0;0.2;0.0;0.0
84;2021-01-13;294;0;0;1211;4;0;0.2;0.0;0.0
84;2021-01-14;790;13;0;2001;17;0;0.4;0.0;0.0
84;2021-01-15;514;9;0;2515;26;0;0.4;0.0;0.0
84;2021-01-16;114;1;0;2629;27;0;0.5;0.0;0.0
84;2021-01-17;29;1;0;2658;28;0;0.5;0.0;0.0
84;2021-01-18;593;3;0;3251;31;0;0.6;0.0;0.0
84;2021-01-19;850;2;0;4101;33;0;0.7;0.0;0.0
84;2021-01-20;949;6;0;5050;39;0;0.9;0.0;0.0
84;2021-01-21;962;6;0;6012;45;0;1.1;0.0;0.0
84;2021-01-22;1006;0;0;7018;45;0;1.3;0.0;0.0
84;2021-01-23;215;0;0;7233;45;0;1.3;0.0;0.0
84;2021-01-24;6;0;0;7239;45;0;1.3;0.0;0.0
84;2021-01-25;702;4;0;7941;49;0;1.4;0.0;0.0
84;2021-01-26;876;9;0;8817;58;0;1.6;0.0;0.0
84;2021-01-27;981;6;0;9798;64;0;1.7;0.0;0.0
84;2021-01-28;1428;20;0;11226;84;0;2.0;0.0;0.0
84;2021-01-29;1078;48;0;12304;132;0;2.2;0.0;0.0
84;2021-01-30;125;19;0;12429;151;0;2.2;0.0;0.0
84;2021-01-31;13;0;0;12442;151;0;2.2;0.0;0.0
84;2021-02-01;608;151;0;13050;302;0;2.3;0.1;0.0
84;2021-02-02;745;223;0;13795;525;0;2.5;0.1;0.0
84;2021-02-03;626;225;0;14421;750;0;2.6;0.1;0.0
84;2021-02-04;799;359;0;15220;1109;0;2.7;0.2;0.0
84;2021-02-05;647;377;0;15867;1486;0;2.8;0.3;0.0
84;2021-02-06;109;43;0;15976;1529;0;2.8;0.3;0.0
84;2021-02-07;2;0;0;15978;1529;0;2.8;0.3;0.0
84;2021-02-08;543;260;0;16521;1789;0;2.9;0.3;0.0
84;2021-02-09;648;638;0;17169;2427;0;3.1;0.4;0.0
84;2021-02-10;525;570;0;17694;2997;0;3.2;0.5;0.0
84;2021-02-11;556;561;0;18250;3558;0;3.3;0.6;0.0
84;2021-02-12;534;614;0;18784;4172;0;3.3;0.7;0.0
84;2021-02-13;54;114;0;18838;4286;0;3.4;0.8;0.0
84;2021-02-14;4;8;0;18842;4294;0;3.4;0.8;0.0
84;2021-02-15;201;734;0;19043;5028;0;3.4;0.9;0.0
84;2021-02-16;224;724;0;19267;5752;0;3.4;1.0;0.0
84;2021-02-17;417;766;0;19684;6518;0;3.5;1.2;0.0
84;2021-02-18;503;1029;0;20187;7547;0;3.6;1.3;0.0
84;2021-02-19;712;1052;0;20899;8599;0;3.7;1.5;0.0
84;2021-02-20;68;116;0;20967;8715;0;3.7;1.6;0.0
84;2021-02-21;5;35;0;20972;8750;0;3.7;1.6;0.0
84;2021-02-22;306;644;0;21278;9394;0;3.8;1.7;0.0
84;2021-02-23;275;664;0;21553;10058;0;3.8;1.8;0.0
84;2021-02-24;378;689;0;21931;10747;0;3.9;1.9;0.0
84;2021-02-25;697;756;0;22628;11503;0;4.0;2.1;0.0
84;2021-02-26;813;610;0;23441;12113;0;4.2;2.2;0.0
84;2021-02-27;142;106;0;23583;12219;0;4.2;2.2;0.0
84;2021-02-28;13;2;0;23596;12221;0;4.2;2.2;0.0
84;2021-03-01;461;566;0;24057;12787;0;4.3;2.3;0.0
84;2021-03-02;635;711;0;24692;13498;0;4.4;2.4;0.0
84;2021-03-03;874;808;0;25566;14306;0;4.6;2.6;0.0
84;2021-03-04;1130;606;0;26696;14912;0;4.8;2.7;0.0
84;2021-03-05;1315;505;0;28011;15417;0;5.0;2.7;0.0
84;2021-03-06;1378;67;0;29389;15484;0;5.2;2.8;0.0
84;2021-03-07;557;28;0;29946;15512;0;5.3;2.8;0.0
84;2021-03-08;748;586;0;30694;16098;0;5.5;2.9;0.0
84;2021-03-09;1345;657;0;32039;16755;0;5.7;3.0;0.0
84;2021-03-10;1446;604;0;33485;17359;0;6.0;3.1;0.0
84;2021-03-11;1939;613;0;35424;17972;0;6.3;3.2;0.0
84;2021-03-12;2059;609;0;37483;18581;0;6.7;3.3;0.0
84;2021-03-13;834;48;0;38317;18629;0;6.8;3.3;0.0
84;2021-03-14;287;47;0;38604;18676;0;6.9;3.3;0.0
84;2021-03-15;1067;306;0;39671;18982;0;7.1;3.4;0.0
84;2021-03-16;1160;318;0;40831;19300;0;7.3;3.4;0.0
84;2021-03-17;1171;466;0;42002;19766;0;7.5;3.5;0.0
84;2021-03-18;1451;399;0;43453;20165;0;7.7;3.6;0.0
84;2021-03-19;2101;473;0;45554;20638;0;8.1;3.7;0.0
84;2021-03-20;879;48;0;46433;20686;0;8.3;3.7;0.0
84;2021-03-21;148;9;0;46581;20695;0;8.3;3.7;0.0
84;2021-03-22;1219;445;0;47800;21140;0;8.5;3.8;0.0
84;2021-03-23;1951;429;0;49751;21569;0;8.9;3.8;0.0
84;2021-03-24;2116;391;0;51867;21960;0;9.2;3.9;0.0
84;2021-03-25;3546;402;0;55413;22362;0;9.9;4.0;0.0
84;2021-03-26;3280;485;0;58693;22847;0;10.5;4.1;0.0
84;2021-03-27;944;82;0;59637;22929;0;10.6;4.1;0.0
84;2021-03-28;86;2;0;59723;22931;0;10.6;4.1;0.0
84;2021-03-29;1709;557;0;61432;23488;0;11.0;4.2;0.0
84;2021-03-30;2628;723;0;64060;24211;0;11.4;4.3;0.0
84;2021-03-31;2314;679;0;66374;24890;0;11.8;4.4;0.0
84;2021-04-01;2980;598;0;69354;25488;0;12.4;4.5;0.0
84;2021-04-02;2370;562;0;71724;26050;0;12.8;4.6;0.0
84;2021-04-03;528;83;0;72252;26133;0;12.9;4.7;0.0
84;2021-04-04;25;8;0;72277;26141;0;12.9;4.7;0.0
84;2021-04-05;812;111;0;73089;26252;0;13.0;4.7;0.0
84;2021-04-06;2045;861;0;75134;27113;0;13.4;4.8;0.0
84;2021-04-07;2345;916;0;77479;28029;0;13.8;5.0;0.0
84;2021-04-08;3526;1043;0;81005;29072;0;14.4;5.2;0.0
84;2021-04-09;3950;916;0;84955;29988;0;15.1;5.3;0.0
84;2021-04-10;1412;185;0;86367;30173;0;15.4;5.4;0.0
84;2021-04-11;61;26;0;86428;30199;0;15.4;5.4;0.0
84;2021-04-12;2125;851;0;88553;31050;0;15.8;5.5;0.0
84;2021-04-13;2856;1378;0;91409;32428;0;16.3;5.8;0.0
84;2021-04-14;2669;1330;0;94078;33758;0;16.8;6.0;0.0
84;2021-04-15;3167;1376;0;97245;35134;0;17.3;6.3;0.0
84;2021-04-16;3310;1467;0;100555;36601;0;17.9;6.5;0.0
84;2021-04-17;1505;251;0;102060;36852;0;18.2;6.6;0.0
84;2021-04-18;72;23;0;102132;36875;0;18.2;6.6;0.0
84;2021-04-19;2316;1041;0;104448;37916;0;18.6;6.8;0.0
84;2021-04-20;2520;1586;0;106968;39502;0;19.1;7.0;0.0
84;2021-04-21;2482;1536;0;109450;41038;0;19.5;7.3;0.0
84;2021-04-22;2807;1688;0;112257;42726;0;20.0;7.6;0.0
84;2021-04-23;2738;1811;0;114995;44537;0;20.5;7.9;0.0
84;2021-04-24;1388;355;0;116383;44892;0;20.7;8.0;0.0
84;2021-04-25;88;27;0;116471;44919;0;20.8;8.0;0.0
84;2021-04-26;2088;1399;0;118559;46318;0;21.1;8.3;0.0
84;2021-04-27;2458;1951;0;121017;48269;0;21.6;8.6;0.0
84;2021-04-28;2617;1787;0;123634;50056;0;22.0;8.9;0.0
84;2021-04-29;3143;1989;0;126777;52045;0;22.6;9.3;0.0
84;2021-04-30;2906;2229;0;129683;54274;0;23.1;9.7;0.0
84;2021-05-01;534;275;0;130217;54549;0;23.2;9.7;0.0
84;2021-05-02;134;29;0;130351;54578;0;23.2;9.7;0.0
84;2021-05-03;2085;1695;0;132436;56273;0;23.6;10.0;0.0
84;2021-05-04;2430;2425;0;134866;58698;0;24.0;10.5;0.0
84;2021-05-05;2270;2229;0;137136;60927;0;24.4;10.9;0.0
84;2021-05-06;3106;2211;0;140242;63138;0;25.0;11.3;0.0
84;2021-05-07;2623;2468;0;142865;65606;0;25.5;11.7;0.0
84;2021-05-08;1144;558;0;144009;66164;0;25.7;11.8;0.0
84;2021-05-09;91;82;0;144100;66246;0;25.7;11.8;0.0
84;2021-05-10;2030;2391;0;146130;68637;0;26.0;12.2;0.0
84;2021-05-11;2883;3033;0;149013;71670;0;26.6;12.8;0.0
84;2021-05-12;2802;2730;0;151815;74400;0;27.1;13.3;0.0
84;2021-05-13;2140;832;0;153955;75232;0;27.4;13.4;0.0
84;2021-05-14;2767;1983;0;156722;77215;0;27.9;13.8;0.0
84;2021-05-15;2161;981;0;158883;78196;0;28.3;13.9;0.0
84;2021-05-16;1381;193;0;160264;78389;0;28.6;14.0;0.0
84;2021-05-17;2286;2021;0;162550;80410;0;29.0;14.3;0.0
84;2021-05-18;2920;2016;0;165470;82426;0;29.5;14.7;0.0
84;2021-05-19;3249;1637;0;168719;84063;0;30.1;15.0;0.0
84;2021-05-20;3729;2119;0;172448;86182;0;30.7;15.4;0.0
84;2021-05-21;3507;2213;0;175955;88395;0;31.4;15.8;0.0
84;2021-05-22;1631;648;0;177586;89043;0;31.7;15.9;0.0
84;2021-05-23;178;31;0;177764;89074;0;31.7;15.9;0.0
84;2021-05-24;1894;421;0;179658;89495;0;32.0;16.0;0.0
84;2021-05-25;2959;2145;0;182617;91640;0;32.6;16.3;0.0
84;2021-05-26;3006;2042;0;185623;93682;0;33.1;16.7;0.0
84;2021-05-27;3655;2216;0;189278;95898;0;33.7;17.1;0.0
84;2021-05-28;3026;3083;0;192304;98981;0;34.3;17.6;0.0
84;2021-05-29;1215;1540;0;193519;100521;0;34.5;17.9;0.0
84;2021-05-30;68;108;0;193587;100629;0;34.5;17.9;0.0
84;2021-05-31;2144;2493;0;195731;103122;0;34.9;18.4;0.0
84;2021-06-01;3102;3001;0;198833;106123;0;35.4;18.9;0.0
84;2021-06-02;3017;2408;0;201850;108531;0;36.0;19.3;0.0
84;2021-06-03;3966;2829;0;205816;111360;0;36.7;19.9;0.0
84;2021-06-04;3514;2888;0;209330;114248;0;37.3;20.4;0.0
84;2021-06-05;1667;1385;0;210997;115633;0;37.6;20.6;0.0
84;2021-06-06;881;195;0;211878;115828;0;37.8;20.6;0.0
84;2021-06-07;2348;2645;0;214226;118473;0;38.2;21.1;0.0
84;2021-06-08;3116;2912;0;217342;121385;0;38.7;21.6;0.0
84;2021-06-09;2791;2508;0;220133;123893;0;39.2;22.1;0.0
84;2021-06-10;3293;2693;0;223426;126586;0;39.8;22.6;0.0
84;2021-06-11;2873;2950;0;226299;129536;0;40.3;23.1;0.0
84;2021-06-12;1770;1287;0;228069;130823;0;40.7;23.3;0.0
84;2021-06-13;392;201;0;228461;131024;0;40.7;23.4;0.0
84;2021-06-14;1788;3122;0;230249;134146;0;41.0;23.9;0.0
84;2021-06-15;2314;3301;0;232563;137447;0;41.5;24.5;0.0
84;2021-06-16;2438;2853;0;235001;140300;0;41.9;25.0;0.0
84;2021-06-17;2678;3331;0;237679;143631;0;42.4;25.6;0.0
84;2021-06-18;2244;3420;0;239923;147051;0;42.8;26.2;0.0
84;2021-06-19;1195;1581;0;241118;148632;0;43.0;26.5;0.0
84;2021-06-20;427;329;0;241545;148961;0;43.1;26.6;0.0
84;2021-06-21;1479;3082;0;243024;152043;0;43.3;27.1;0.0
84;2021-06-22;2039;3861;0;245063;155904;0;43.7;27.8;0.0
84;2021-06-23;1949;3243;0;247012;159147;0;44.0;28.4;0.0
84;2021-06-24;2001;3443;0;249013;162590;0;44.4;29.0;0.0
84;2021-06-25;1718;3845;0;250731;166435;0;44.7;29.7;0.0
84;2021-06-26;1049;1738;0;251780;168173;0;44.9;30.0;0.0
84;2021-06-27;243;379;0;252023;168552;0;44.9;30.0;0.0
84;2021-06-28;1083;3174;0;253106;171726;0;45.1;30.6;0.0
84;2021-06-29;1282;3856;0;254388;175582;0;45.3;31.3;0.0
84;2021-06-30;1644;3825;0;256032;179407;0;45.6;32.0;0.0
84;2021-07-01;1849;3723;0;257881;183130;0;46.0;32.6;0.0
84;2021-07-02;1781;3839;0;259662;186969;0;46.3;33.3;0.0
84;2021-07-03;1028;1949;0;260690;188918;0;46.5;33.7;0.0
84;2021-07-04;324;481;0;261014;189399;0;46.5;33.8;0.0
84;2021-07-05;1336;3333;0;262350;192732;0;46.8;34.4;0.0
84;2021-07-06;1519;3909;0;263869;196641;0;47.0;35.1;0.0
84;2021-07-07;1579;2833;0;265448;199474;0;47.3;35.6;0.0
84;2021-07-08;1967;3461;0;267415;202935;0;47.7;36.2;0.0
84;2021-07-09;1821;3782;0;269236;206717;0;48.0;36.8;0.0
84;2021-07-10;1118;2107;0;270354;208824;0;48.2;37.2;0.0
84;2021-07-11;309;284;0;270663;209108;0;48.2;37.3;0.0
84;2021-07-12;1315;3597;0;271978;212705;0;48.5;37.9;0.0
84;2021-07-13;2143;4657;0;274121;217362;0;48.9;38.7;0.0
84;2021-07-14;1685;1171;0;275806;218533;0;49.2;39.0;0.0
84;2021-07-15;2585;4270;0;278391;222803;0;49.6;39.7;0.0
84;2021-07-16;2712;4258;0;281103;227061;0;50.1;40.5;0.0
84;2021-07-17;1467;2268;0;282570;229329;0;50.4;40.9;0.0
84;2021-07-18;816;480;0;283386;229809;0;50.5;41.0;0.0
84;2021-07-19;2212;3488;0;285598;233297;0;50.9;41.6;0.0
84;2021-07-20;2947;3912;0;288545;237209;0;51.4;42.3;0.0
84;2021-07-21;3030;3480;0;291575;240689;0;52.0;42.9;0.0
84;2021-07-22;3570;3507;0;295145;244196;0;52.6;43.5;0.0
84;2021-07-23;3386;3436;0;298531;247632;0;53.2;44.1;0.0
84;2021-07-24;1526;2099;0;300057;249731;0;53.5;44.5;0.0
84;2021-07-25;877;432;0;300934;250163;0;53.6;44.6;0.0
84;2021-07-26;2508;2817;0;303442;252980;0;54.1;45.1;0.0
84;2021-07-27;3278;3225;0;306720;256205;0;54.7;45.7;0.0
84;2021-07-28;3433;2929;0;310153;259134;0;55.3;46.2;0.0
84;2021-07-29;3854;2927;0;314007;262061;0;56.0;46.7;0.0
84;2021-07-30;3746;3053;0;317753;265114;0;56.6;47.3;0.0
84;2021-07-31;1886;1566;0;319639;266680;0;57.0;47.5;0.0
84;2021-08-01;750;402;0;320389;267082;0;57.1;47.6;0.0
84;2021-08-02;2856;2464;0;323245;269546;0;57.6;48.0;0.0
84;2021-08-03;3733;2456;0;326978;272002;0;58.3;48.5;0.0
84;2021-08-04;3368;2234;0;330346;274236;0;58.9;48.9;0.0
84;2021-08-05;3483;2361;0;333829;276597;0;59.5;49.3;0.0
84;2021-08-06;3311;2592;0;337140;279189;0;60.1;49.8;0.0
84;2021-08-07;1755;1546;0;338895;280735;0;60.4;50.0;0.0
84;2021-08-08;321;607;0;339216;281342;0;60.5;50.2;0.0
84;2021-08-09;2548;2366;0;341764;283708;0;60.9;50.6;0.0
84;2021-08-10;3271;2566;0;345035;286274;0;61.5;51.0;0.0
84;2021-08-11;2832;2328;0;347867;288602;0;62.0;51.4;0.0
84;2021-08-12;2806;2676;0;350673;291278;0;62.5;51.9;0.0
84;2021-08-13;2657;2412;0;353330;293690;0;63.0;52.4;0.0
84;2021-08-14;1360;1641;0;354690;295331;0;63.2;52.6;0.0
84;2021-08-15;236;209;0;354926;295540;0;63.3;52.7;0.0
84;2021-08-16;2106;2852;0;357032;298392;0;63.6;53.2;0.0
84;2021-08-17;2345;2908;0;359377;301300;0;64.1;53.7;0.0
84;2021-08-18;2022;2583;0;361399;303883;0;64.4;54.2;0.0
84;2021-08-19;2096;2825;0;363495;306708;0;64.8;54.7;0.0
84;2021-08-20;1870;3013;0;365365;309721;0;65.1;55.2;0.0
84;2021-08-21;987;1722;0;366352;311443;0;65.3;55.5;0.0
84;2021-08-22;118;575;0;366470;312018;0;65.3;55.6;0.0
84;2021-08-23;1566;3038;0;368036;315056;0;65.6;56.2;0.0
84;2021-08-24;1759;3133;0;369795;318189;0;65.9;56.7;0.0
84;2021-08-25;1675;2994;0;371470;321183;0;66.2;57.3;0.0
84;2021-08-26;1442;3299;0;372912;324482;0;66.5;57.8;0.0
84;2021-08-27;1477;3440;0;374389;327922;0;66.7;58.5;0.0
84;2021-08-28;761;1983;0;375150;329905;0;66.9;58.8;0.0
84;2021-08-29;113;508;0;375263;330413;0;66.9;58.9;0.0
84;2021-08-30;1265;2890;41;376528;333303;41;67.1;59.4;0.0
84;2021-08-31;1240;3578;72;377768;336881;113;67.3;60.1;0.0
84;2021-09-01;1301;2996;143;379069;339877;256;67.6;60.6;0.0
84;2021-09-02;1128;2612;299;380197;342489;555;67.8;61.1;0.1
84;2021-09-03;1235;3154;234;381432;345643;789;68.0;61.6;0.1
84;2021-09-04;675;1725;75;382107;347368;864;68.1;61.9;0.2
84;2021-09-05;104;337;6;382211;347705;870;68.1;62.0;0.2
84;2021-09-06;785;2008;268;382996;349713;1138;68.3;62.3;0.2
84;2021-09-07;885;2155;372;383881;351868;1510;68.4;62.7;0.3
84;2021-09-08;835;2342;243;384716;354210;1753;68.6;63.1;0.3
84;2021-09-09;849;1907;389;385565;356117;2142;68.7;63.5;0.4
84;2021-09-10;873;2249;338;386438;358366;2480;68.9;63.9;0.4
84;2021-09-11;528;1559;121;386966;359925;2601;69.0;64.2;0.5
84;2021-09-12;86;192;5;387052;360117;2606;69.0;64.2;0.5
84;2021-09-13;654;1369;493;387706;361486;3099;69.1;64.4;0.6
84;2021-09-14;780;1395;528;388486;362881;3627;69.2;64.7;0.6
84;2021-09-15;775;1749;406;389261;364630;4033;69.4;65.0;0.7
84;2021-09-16;534;1148;537;389795;365778;4570;69.5;65.2;0.8
84;2021-09-17;577;1464;520;390372;367242;5090;69.6;65.5;0.9
84;2021-09-18;414;1252;141;390786;368494;5231;69.7;65.7;0.9
84;2021-09-19;43;140;0;390829;368634;5231;69.7;65.7;0.9
84;2021-09-20;313;818;317;391142;369452;5548;69.7;65.9;1.0
84;2021-09-21;361;1059;453;391503;370511;6001;69.8;66.0;1.1
84;2021-09-22;413;1435;490;391916;371946;6491;69.9;66.3;1.2
84;2021-09-23;358;1035;483;392274;372981;6974;69.9;66.5;1.2
84;2021-09-24;397;1143;348;392671;374124;7322;70.0;66.7;1.3
84;2021-09-25;286;1030;161;392957;375154;7483;70.0;66.9;1.3
84;2021-09-26;38;114;7;392995;375268;7490;70.1;66.9;1.3
84;2021-09-27;278;715;338;393273;375983;7828;70.1;67.0;1.4
84;2021-09-28;322;684;420;393595;376667;8248;70.2;67.1;1.5
84;2021-09-29;319;1071;433;393914;377738;8681;70.2;67.3;1.5
84;2021-09-30;339;814;533;394253;378552;9214;70.3;67.5;1.6
84;2021-10-01;575;800;399;394828;379352;9613;70.4;67.6;1.7
84;2021-10-02;265;708;183;395093;380060;9796;70.4;67.7;1.7
84;2021-10-03;34;72;3;395127;380132;9799;70.4;67.8;1.7
84;2021-10-04;367;506;415;395494;380638;10214;70.5;67.9;1.8
84;2021-10-05;352;484;468;395846;381122;10682;70.6;67.9;1.9
84;2021-10-06;363;733;498;396209;381855;11180;70.6;68.1;2.0
84;2021-10-07;355;599;570;396564;382454;11750;70.7;68.2;2.1
84;2021-10-08;447;721;680;397011;383175;12430;70.8;68.3;2.2
84;2021-10-09;216;549;209;397227;383724;12639;70.8;68.4;2.3
84;2021-10-10;25;91;6;397252;383815;12645;70.8;68.4;2.3
84;2021-10-11;284;362;323;397536;384177;12968;70.9;68.5;2.3
84;2021-10-12;335;402;642;397871;384579;13610;70.9;68.6;2.4
84;2021-10-13;390;568;611;398261;385147;14221;71.0;68.7;2.5
84;2021-10-14;278;396;556;398539;385543;14777;71.0;68.7;2.6
84;2021-10-15;302;557;666;398841;386100;15443;71.1;68.8;2.8
84;2021-10-16;287;373;227;399128;386473;15670;71.1;68.9;2.8
84;2021-10-17;23;47;7;399151;386520;15677;71.2;68.9;2.8
84;2021-10-18;253;351;553;399404;386871;16230;71.2;69.0;2.9
84;2021-10-19;221;379;787;399625;387250;17017;71.2;69.0;3.0
84;2021-10-20;320;459;934;399945;387709;17951;71.3;69.1;3.2
84;2021-10-21;219;361;681;400164;388070;18632;71.3;69.2;3.3
84;2021-10-22;248;482;833;400412;388552;19465;71.4;69.3;3.5
84;2021-10-23;209;285;223;400621;388837;19688;71.4;69.3;3.5
84;2021-10-24;19;28;4;400640;388865;19692;71.4;69.3;3.5
84;2021-10-25;253;357;613;400893;389222;20305;71.5;69.4;3.6
84;2021-10-26;243;324;759;401136;389546;21064;71.5;69.4;3.8
84;2021-10-27;223;397;1140;401359;389943;22204;71.5;69.5;4.0
84;2021-10-28;168;242;673;401527;390185;22877;71.6;69.6;4.1
84;2021-10-29;236;443;985;401763;390628;23862;71.6;69.6;4.3
84;2021-10-30;148;211;379;401911;390839;24241;71.6;69.7;4.3
84;2021-10-31;13;24;9;401924;390863;24250;71.6;69.7;4.3
84;2021-11-01;43;42;42;401967;390905;24292;71.7;69.7;4.3
84;2021-11-02;234;277;806;402201;391182;25098;71.7;69.7;4.5
84;2021-11-03;268;434;1052;402469;391616;26150;71.7;69.8;4.7
84;2021-11-04;172;253;921;402641;391869;27071;71.8;69.9;4.8
84;2021-11-05;240;346;1203;402881;392215;28274;71.8;69.9;5.0
84;2021-11-06;191;307;591;403072;392522;28865;71.8;70.0;5.1
84;2021-11-07;27;42;37;403099;392564;28902;71.9;70.0;5.2
84;2021-11-08;147;238;1054;403246;392802;29956;71.9;70.0;5.3
84;2021-11-09;184;344;1409;403430;393146;31365;71.9;70.1;5.6
84;2021-11-10;253;420;1539;403683;393566;32904;72.0;70.2;5.9
84;2021-11-11;45;45;156;403728;393611;33060;72.0;70.2;5.9
84;2021-11-12;208;243;1408;403936;393854;34468;72.0;70.2;6.1
84;2021-11-13;140;213;554;404076;394067;35022;72.0;70.2;6.2
84;2021-11-14;28;34;46;404104;394101;35068;72.0;70.3;6.3
84;2021-11-15;170;232;1241;404274;394333;36309;72.1;70.3;6.5
84;2021-11-16;178;271;1784;404452;394604;38093;72.1;70.3;6.8
84;2021-11-17;249;338;2049;404701;394942;40142;72.1;70.4;7.2
84;2021-11-18;186;242;1472;404887;395184;41614;72.2;70.4;7.4
84;2021-11-19;273;359;2016;405160;395543;43630;72.2;70.5;7.8
84;2021-11-20;188;205;771;405348;395748;44401;72.3;70.5;7.9
84;2021-11-21;18;32;86;405366;395780;44487;72.3;70.5;7.9
84;2021-11-22;181;222;1444;405547;396002;45931;72.3;70.6;8.2
84;2021-11-23;216;279;2335;405763;396281;48266;72.3;70.6;8.6
84;2021-11-24;256;313;2011;406019;396594;50277;72.4;70.7;9.0
84;2021-11-25;248;215;2228;406267;396809;52505;72.4;70.7;9.4
84;2021-11-26;256;334;3232;406523;397143;55737;72.5;70.8;9.9
84;2021-11-27;176;247;1762;406699;397390;57499;72.5;70.8;10.2
84;2021-11-28;38;51;413;406737;397441;57912;72.5;70.8;10.3
84;2021-11-29;134;196;2649;406871;397637;60561;72.5;70.9;10.8
84;2021-11-30;224;252;4048;407095;397889;64609;72.6;70.9;11.5
84;2021-12-01;240;282;3881;407335;398171;68490;72.6;71.0;12.2
84;2021-12-02;195;187;4798;407530;398358;73288;72.6;71.0;13.1
84;2021-12-03;240;263;5342;407770;398621;78630;72.7;71.1;14.0
84;2021-12-04;157;174;2566;407927;398795;81196;72.7;71.1;14.5
84;2021-12-05;51;49;754;407978;398844;81950;72.7;71.1;14.6
84;2021-12-06;139;182;3908;408117;399026;85858;72.7;71.1;15.3
84;2021-12-07;226;299;6398;408343;399325;92256;72.8;71.2;16.4
84;2021-12-08;224;306;5353;408567;399631;97609;72.8;71.2;17.4
84;2021-12-09;195;277;5994;408762;399908;103603;72.9;71.3;18.5
84;2021-12-10;211;346;5812;408973;400254;109415;72.9;71.3;19.5
84;2021-12-11;193;223;3035;409166;400477;112450;72.9;71.4;20.0
84;2021-12-12;68;52;1010;409234;400529;113460;72.9;71.4;20.2
84;2021-12-13;191;231;4386;409425;400760;117846;73.0;71.4;21.0
84;2021-12-14;276;330;6803;409701;401090;124649;73.0;71.5;22.2
84;2021-12-15;263;294;5973;409964;401384;130622;73.1;71.5;23.3
84;2021-12-16;267;329;7088;410231;401713;137710;73.1;71.6;24.5
84;2021-12-17;309;334;6613;410540;402047;144323;73.2;71.7;25.7
84;2021-12-18;225;267;3481;410765;402314;147804;73.2;71.7;26.3
84;2021-12-19;64;71;1048;410829;402385;148852;73.2;71.7;26.5
84;2021-12-20;266;262;3937;411095;402647;152789;73.3;71.8;27.2
84;2021-12-21;411;357;5335;411506;403004;158124;73.4;71.8;28.2
84;2021-12-22;346;349;4363;411852;403353;162487;73.4;71.9;29.0
84;2021-12-23;272;238;3184;412124;403591;165671;73.5;71.9;29.5
84;2021-12-24;63;85;575;412187;403676;166246;73.5;72.0;29.6
84;2021-12-25;3;11;25;412190;403687;166271;73.5;72.0;29.6
84;2021-12-26;23;50;330;412213;403737;166601;73.5;72.0;29.7
84;2021-12-27;239;190;2553;412452;403927;169154;73.5;72.0;30.2
84;2021-12-28;264;244;3441;412716;404171;172595;73.6;72.0;30.8
85;2020-12-27;0;0;0;0;0;0;0.0;0.0;0.0
85;2020-12-28;0;0;0;0;0;0;0.0;0.0;0.0
85;2020-12-29;0;0;0;0;0;0;0.0;0.0;0.0
85;2020-12-30;0;0;0;0;0;0;0.0;0.0;0.0
85;2020-12-31;0;0;0;0;0;0;0.0;0.0;0.0
85;2021-01-01;0;0;0;0;0;0;0.0;0.0;0.0
85;2021-01-02;0;0;0;0;0;0;0.0;0.0;0.0
85;2021-01-03;0;0;0;0;0;0;0.0;0.0;0.0
85;2021-01-04;22;0;0;22;0;0;0.0;0.0;0.0
85;2021-01-05;57;0;0;79;0;0;0.0;0.0;0.0
85;2021-01-06;94;1;0;173;1;0;0.0;0.0;0.0
85;2021-01-07;164;0;0;337;1;0;0.0;0.0;0.0
85;2021-01-08;289;2;0;626;3;0;0.1;0.0;0.0
85;2021-01-09;284;1;0;910;4;0;0.1;0.0;0.0
85;2021-01-10;66;0;0;976;4;0;0.1;0.0;0.0
85;2021-01-11;453;0;0;1429;4;0;0.2;0.0;0.0
85;2021-01-12;568;1;0;1997;5;0;0.3;0.0;0.0
85;2021-01-13;567;2;0;2564;7;0;0.4;0.0;0.0
85;2021-01-14;701;6;0;3265;13;0;0.5;0.0;0.0
85;2021-01-15;447;3;0;3712;16;0;0.5;0.0;0.0
85;2021-01-16;264;3;0;3976;19;0;0.6;0.0;0.0
85;2021-01-17;39;0;0;4015;19;0;0.6;0.0;0.0
85;2021-01-18;1010;3;0;5025;22;0;0.7;0.0;0.0
85;2021-01-19;1402;17;0;6427;39;0;0.9;0.0;0.0
85;2021-01-20;1917;6;0;8344;45;0;1.2;0.0;0.0
85;2021-01-21;3170;14;0;11514;59;0;1.7;0.0;0.0
85;2021-01-22;1685;20;0;13199;79;0;1.9;0.0;0.0
85;2021-01-23;458;2;0;13657;81;0;2.0;0.0;0.0
85;2021-01-24;46;0;0;13703;81;0;2.0;0.0;0.0
85;2021-01-25;581;1;0;14284;82;0;2.1;0.0;0.0
85;2021-01-26;929;31;0;15213;113;0;2.2;0.0;0.0
85;2021-01-27;1810;30;0;17023;143;0;2.5;0.0;0.0
85;2021-01-28;1733;25;0;18756;168;0;2.7;0.0;0.0
85;2021-01-29;892;72;0;19648;240;0;2.9;0.0;0.0
85;2021-01-30;155;9;0;19803;249;0;2.9;0.0;0.0
85;2021-01-31;4;51;0;19807;300;0;2.9;0.0;0.0
85;2021-02-01;481;118;0;20288;418;0;3.0;0.1;0.0
85;2021-02-02;548;172;0;20836;590;0;3.0;0.1;0.0
85;2021-02-03;427;283;0;21263;873;0;3.1;0.1;0.0
85;2021-02-04;622;280;0;21885;1153;0;3.2;0.2;0.0
85;2021-02-05;647;281;0;22532;1434;0;3.3;0.2;0.0
85;2021-02-06;158;238;0;22690;1672;0;3.3;0.2;0.0
85;2021-02-07;4;5;0;22694;1677;0;3.3;0.2;0.0
85;2021-02-08;380;649;0;23074;2326;0;3.4;0.3;0.0
85;2021-02-09;655;1030;0;23729;3356;0;3.5;0.5;0.0
85;2021-02-10;596;1134;0;24325;4490;0;3.6;0.7;0.0
85;2021-02-11;1508;2927;0;25833;7417;0;3.8;1.1;0.0
85;2021-02-12;1023;1290;0;26856;8707;0;3.9;1.3;0.0
85;2021-02-13;241;471;0;27097;9178;0;4.0;1.3;0.0
85;2021-02-14;3;127;0;27100;9305;0;4.0;1.4;0.0
85;2021-02-15;349;829;0;27449;10134;0;4.0;1.5;0.0
85;2021-02-16;586;1199;0;28035;11333;0;4.1;1.7;0.0
85;2021-02-17;760;1600;0;28795;12933;0;4.2;1.9;0.0
85;2021-02-18;1222;1948;0;30017;14881;0;4.4;2.2;0.0
85;2021-02-19;938;1211;0;30955;16092;0;4.5;2.4;0.0
85;2021-02-20;186;263;0;31141;16355;0;4.6;2.4;0.0
85;2021-02-21;3;13;0;31144;16368;0;4.6;2.4;0.0
85;2021-02-22;797;869;0;31941;17237;0;4.7;2.5;0.0
85;2021-02-23;825;520;0;32766;17757;0;4.8;2.6;0.0
85;2021-02-24;765;343;0;33531;18100;0;4.9;2.6;0.0
85;2021-02-25;1313;432;0;34844;18532;0;5.1;2.7;0.0
85;2021-02-26;1265;369;0;36109;18901;0;5.3;2.8;0.0
85;2021-02-27;422;105;0;36531;19006;0;5.3;2.8;0.0
85;2021-02-28;9;2;0;36540;19008;0;5.3;2.8;0.0
85;2021-03-01;769;435;0;37309;19443;0;5.5;2.8;0.0
85;2021-03-02;1098;767;0;38407;20210;0;5.6;3.0;0.0
85;2021-03-03;887;533;0;39294;20743;0;5.8;3.0;0.0
85;2021-03-04;1600;1167;0;40894;21910;0;6.0;3.2;0.0
85;2021-03-05;1793;877;0;42687;22787;0;6.2;3.3;0.0
85;2021-03-06;1203;138;0;43890;22925;0;6.4;3.4;0.0
85;2021-03-07;334;30;0;44224;22955;0;6.5;3.4;0.0
85;2021-03-08;1743;450;0;45967;23405;0;6.7;3.4;0.0
85;2021-03-09;2237;594;0;48204;23999;0;7.1;3.5;0.0
85;2021-03-10;1883;651;0;50087;24650;0;7.3;3.6;0.0
85;2021-03-11;3168;1079;0;53255;25729;0;7.8;3.8;0.0
85;2021-03-12;2781;855;0;56036;26584;0;8.2;3.9;0.0
85;2021-03-13;1393;173;0;57429;26757;0;8.4;3.9;0.0
85;2021-03-14;175;4;0;57604;26761;0;8.4;3.9;0.0
85;2021-03-15;1939;508;0;59543;27269;0;8.7;4.0;0.0
85;2021-03-16;1620;486;0;61163;27755;0;9.0;4.1;0.0
85;2021-03-17;985;514;0;62148;28269;0;9.1;4.1;0.0
85;2021-03-18;1869;452;0;64017;28721;0;9.4;4.2;0.0
85;2021-03-19;2249;362;0;66266;29083;0;9.7;4.3;0.0
85;2021-03-20;1085;174;0;67351;29257;0;9.9;4.3;0.0
85;2021-03-21;276;5;0;67627;29262;0;9.9;4.3;0.0
85;2021-03-22;1810;541;0;69437;29803;0;10.2;4.4;0.0
85;2021-03-23;2488;750;0;71925;30553;0;10.5;4.5;0.0
85;2021-03-24;2240;523;0;74165;31076;0;10.9;4.5;0.0
85;2021-03-25;3712;625;0;77877;31701;0;11.4;4.6;0.0
85;2021-03-26;3381;673;0;81258;32374;0;11.9;4.7;0.0
85;2021-03-27;1737;124;0;82995;32498;0;12.1;4.8;0.0
85;2021-03-28;548;7;0;83543;32505;0;12.2;4.8;0.0
85;2021-03-29;2422;760;0;85965;33265;0;12.6;4.9;0.0
85;2021-03-30;2885;1010;0;88850;34275;0;13.0;5.0;0.0
85;2021-03-31;2324;674;0;91174;34949;0;13.3;5.1;0.0
85;2021-04-01;3825;927;0;94999;35876;0;13.9;5.3;0.0
85;2021-04-02;2832;1131;0;97831;37007;0;14.3;5.4;0.0
85;2021-04-03;1396;322;0;99227;37329;0;14.5;5.5;0.0
85;2021-04-04;324;34;0;99551;37363;0;14.6;5.5;0.0
85;2021-04-05;142;172;0;99693;37535;0;14.6;5.5;0.0
85;2021-04-06;2169;1590;0;101862;39125;0;14.9;5.7;0.0
85;2021-04-07;3096;1196;0;104958;40321;0;15.4;5.9;0.0
85;2021-04-08;4570;1597;0;109528;41918;0;16.0;6.1;0.0
85;2021-04-09;4600;1214;0;114128;43132;0;16.7;6.3;0.0
85;2021-04-10;1799;400;0;115927;43532;0;17.0;6.4;0.0
85;2021-04-11;44;17;0;115971;43549;0;17.0;6.4;0.0
85;2021-04-12;4178;1439;0;120149;44988;0;17.6;6.6;0.0
85;2021-04-13;4651;1856;0;124800;46844;0;18.3;6.9;0.0
85;2021-04-14;4026;1050;0;128826;47894;0;18.9;7.0;0.0
85;2021-04-15;5361;1761;0;134187;49655;0;19.6;7.3;0.0
85;2021-04-16;5072;1582;0;139259;51237;0;20.4;7.5;0.0
85;2021-04-17;1408;433;0;140667;51670;0;20.6;7.6;0.0
85;2021-04-18;368;31;0;141035;51701;0;20.6;7.6;0.0
85;2021-04-19;3305;1688;0;144340;53389;0;21.1;7.8;0.0
85;2021-04-20;3719;1926;0;148059;55315;0;21.7;8.1;0.0
85;2021-04-21;2747;1683;0;150806;56998;0;22.1;8.3;0.0
85;2021-04-22;3765;2175;0;154571;59173;0;22.6;8.7;0.0
85;2021-04-23;4009;2114;0;158580;61287;0;23.2;9.0;0.0
85;2021-04-24;1653;1497;0;160233;62784;0;23.5;9.2;0.0
85;2021-04-25;953;569;0;161186;63353;0;23.6;9.3;0.0
85;2021-04-26;3632;2292;0;164818;65645;0;24.1;9.6;0.0
85;2021-04-27;4369;2203;0;169187;67848;0;24.8;9.9;0.0
85;2021-04-28;5711;1415;0;174898;69263;0;25.6;10.1;0.0
85;2021-04-29;5538;2023;0;180436;71286;0;26.4;10.4;0.0
85;2021-04-30;5569;1804;0;186005;73090;0;27.2;10.7;0.0
85;2021-05-01;1587;666;0;187592;73756;0;27.5;10.8;0.0
85;2021-05-02;722;443;0;188314;74199;0;27.6;10.9;0.0
85;2021-05-03;3536;2267;0;191850;76466;0;28.1;11.2;0.0
85;2021-05-04;3477;2957;0;195327;79423;0;28.6;11.6;0.0
85;2021-05-05;4565;2178;0;199892;81601;0;29.3;11.9;0.0
85;2021-05-06;4810;2626;0;204702;84227;0;30.0;12.3;0.0
85;2021-05-07;3975;3754;0;208677;87981;0;30.5;12.9;0.0
85;2021-05-08;2066;243;0;210743;88224;0;30.8;12.9;0.0
85;2021-05-09;1375;170;0;212118;88394;0;31.0;12.9;0.0
85;2021-05-10;3333;4761;0;215451;93155;0;31.5;13.6;0.0
85;2021-05-11;4110;4838;0;219561;97993;0;32.1;14.3;0.0
85;2021-05-12;5050;3964;0;224611;101957;0;32.9;14.9;0.0
85;2021-05-13;4539;570;0;229150;102527;0;33.5;15.0;0.0
85;2021-05-14;4191;3023;0;233341;105550;0;34.2;15.4;0.0
85;2021-05-15;2204;739;0;235545;106289;0;34.5;15.6;0.0
85;2021-05-16;1953;134;0;237498;106423;0;34.8;15.6;0.0
85;2021-05-17;4020;3281;0;241518;109704;0;35.4;16.1;0.0
85;2021-05-18;5070;2812;0;246588;112516;0;36.1;16.5;0.0
85;2021-05-19;6239;1771;0;252827;114287;0;37.0;16.7;0.0
85;2021-05-20;6407;2184;0;259234;116471;0;37.9;17.0;0.0
85;2021-05-21;5285;2769;0;264519;119240;0;38.7;17.5;0.0
85;2021-05-22;2288;728;0;266807;119968;0;39.1;17.6;0.0
85;2021-05-23;957;125;0;267764;120093;0;39.2;17.6;0.0
85;2021-05-24;3824;398;0;271588;120491;0;39.8;17.6;0.0
85;2021-05-25;4154;3540;0;275742;124031;0;40.4;18.2;0.0
85;2021-05-26;4895;2668;0;280637;126699;0;41.1;18.5;0.0
85;2021-05-27;4772;3592;0;285409;130291;0;41.8;19.1;0.0
85;2021-05-28;5143;4004;0;290552;134295;0;42.5;19.7;0.0
85;2021-05-29;3539;1499;0;294091;135794;0;43.0;19.9;0.0
85;2021-05-30;755;101;0;294846;135895;0;43.2;19.9;0.0
85;2021-05-31;4464;3384;0;299310;139279;0;43.8;20.4;0.0
85;2021-06-01;5081;3428;0;304391;142707;0;44.6;20.9;0.0
85;2021-06-02;5522;2580;0;309913;145287;0;45.4;21.3;0.0
85;2021-06-03;5868;3266;0;315781;148553;0;46.2;21.7;0.0
85;2021-06-04;5846;3843;0;321627;152396;0;47.1;22.3;0.0
85;2021-06-05;2594;1890;0;324221;154286;0;47.5;22.6;0.0
85;2021-06-06;1250;828;0;325471;155114;0;47.6;22.7;0.0
85;2021-06-07;3269;4801;0;328740;159915;0;48.1;23.4;0.0
85;2021-06-08;4031;4536;0;332771;164451;0;48.7;24.1;0.0
85;2021-06-09;5115;3595;0;337886;168046;0;49.5;24.6;0.0
85;2021-06-10;5224;3633;0;343110;171679;0;50.2;25.1;0.0
85;2021-06-11;4795;4585;0;347905;176264;0;50.9;25.8;0.0
85;2021-06-12;1654;1793;0;349559;178057;0;51.2;26.1;0.0
85;2021-06-13;763;617;0;350322;178674;0;51.3;26.2;0.0
85;2021-06-14;2647;5033;0;352969;183707;0;51.7;26.9;0.0
85;2021-06-15;3762;4982;0;356731;188689;0;52.2;27.6;0.0
85;2021-06-16;4285;3849;0;361016;192538;0;52.8;28.2;0.0
85;2021-06-17;4088;3760;0;365104;196298;0;53.4;28.7;0.0
85;2021-06-18;3732;5608;0;368836;201906;0;54.0;29.6;0.0
85;2021-06-19;1287;1936;0;370123;203842;0;54.2;29.8;0.0
85;2021-06-20;117;471;0;370240;204313;0;54.2;29.9;0.0
85;2021-06-21;2426;5758;0;372666;210071;0;54.5;30.7;0.0
85;2021-06-22;2917;5651;0;375583;215722;0;55.0;31.6;0.0
85;2021-06-23;3578;4443;0;379161;220165;0;55.5;32.2;0.0
85;2021-06-24;3819;4377;0;382980;224542;0;56.1;32.9;0.0
85;2021-06-25;2581;6105;0;385561;230647;0;56.4;33.8;0.0
85;2021-06-26;891;3593;0;386452;234240;0;56.6;34.3;0.0
85;2021-06-27;111;1284;0;386563;235524;0;56.6;34.5;0.0
85;2021-06-28;1337;6588;0;387900;242112;0;56.8;35.4;0.0
85;2021-06-29;1963;6706;0;389863;248818;0;57.1;36.4;0.0
85;2021-06-30;2396;6036;0;392259;254854;0;57.4;37.3;0.0
85;2021-07-01;3064;5795;0;395323;260649;0;57.9;38.2;0.0
85;2021-07-02;2511;6765;0;397834;267414;0;58.2;39.1;0.0
85;2021-07-03;647;3002;0;398481;270416;0;58.3;39.6;0.0
85;2021-07-04;125;977;0;398606;271393;0;58.3;39.7;0.0
85;2021-07-05;1103;6324;2;399709;277717;2;58.5;40.7;0.0
85;2021-07-06;1651;6210;0;401360;283927;2;58.7;41.6;0.0
85;2021-07-07;1687;5759;0;403047;289686;2;59.0;42.4;0.0
85;2021-07-08;2269;5340;0;405316;295026;2;59.3;43.2;0.0
85;2021-07-09;1748;6966;0;407064;301992;2;59.6;44.2;0.0
85;2021-07-10;564;2645;0;407628;304637;2;59.7;44.6;0.0
85;2021-07-11;427;894;0;408055;305531;2;59.7;44.7;0.0
85;2021-07-12;1348;6740;0;409403;312271;2;59.9;45.7;0.0
85;2021-07-13;2042;7366;0;411445;319637;2;60.2;46.8;0.0
85;2021-07-14;1301;1656;0;412746;321293;2;60.4;47.0;0.0
85;2021-07-15;2605;6810;0;415351;328103;2;60.8;48.0;0.0
85;2021-07-16;3353;6816;0;418704;334919;2;61.3;49.0;0.0
85;2021-07-17;1573;2133;0;420277;337052;2;61.5;49.3;0.0
85;2021-07-18;843;822;0;421120;337874;2;61.6;49.5;0.0
85;2021-07-19;3147;6045;0;424267;343919;2;62.1;50.3;0.0
85;2021-07-20;3778;6092;0;428045;350011;2;62.7;51.2;0.0
85;2021-07-21;3606;6062;0;431651;356073;2;63.2;52.1;0.0
85;2021-07-22;3737;6028;0;435388;362101;2;63.7;53.0;0.0
85;2021-07-23;4236;6550;0;439624;368651;2;64.3;54.0;0.0
85;2021-07-24;1410;2296;0;441034;370947;2;64.6;54.3;0.0
85;2021-07-25;441;279;0;441475;371226;2;64.6;54.3;0.0
85;2021-07-26;4106;5126;0;445581;376352;2;65.2;55.1;0.0
85;2021-07-27;4756;5333;0;450337;381685;2;65.9;55.9;0.0
85;2021-07-28;4778;4871;0;455115;386556;2;66.6;56.6;0.0
85;2021-07-29;5611;4663;0;460726;391219;2;67.4;57.3;0.0
85;2021-07-30;5667;4810;0;466393;396029;2;68.3;58.0;0.0
85;2021-07-31;1302;1573;0;467695;397602;2;68.5;58.2;0.0
85;2021-08-01;377;130;0;468072;397732;2;68.5;58.2;0.0
85;2021-08-02;4420;3615;0;472492;401347;2;69.2;58.7;0.0
85;2021-08-03;5890;3337;0;478382;404684;2;70.0;59.2;0.0
85;2021-08-04;6192;3296;1;484574;407980;3;70.9;59.7;0.0
85;2021-08-05;5783;3310;0;490357;411290;3;71.8;60.2;0.0
85;2021-08-06;5373;4140;0;495730;415430;3;72.6;60.8;0.0
85;2021-08-07;1448;1065;0;497178;416495;3;72.8;61.0;0.0
85;2021-08-08;286;176;0;497464;416671;3;72.8;61.0;0.0
85;2021-08-09;4046;2990;0;501510;419661;3;73.4;61.4;0.0
85;2021-08-10;4773;2969;0;506283;422630;3;74.1;61.9;0.0
85;2021-08-11;4572;3679;0;510855;426309;3;74.8;62.4;0.0
85;2021-08-12;4245;3563;0;515100;429872;3;75.4;62.9;0.0
85;2021-08-13;3871;3266;0;518971;433138;3;76.0;63.4;0.0
85;2021-08-14;1019;922;0;519990;434060;3;76.1;63.5;0.0
85;2021-08-15;123;179;0;520113;434239;3;76.1;63.6;0.0
85;2021-08-16;2838;4122;0;522951;438361;3;76.5;64.2;0.0
85;2021-08-17;2983;3716;0;525934;442077;3;77.0;64.7;0.0
85;2021-08-18;3131;3585;0;529065;445662;3;77.4;65.2;0.0
85;2021-08-19;2589;3755;1;531654;449417;4;77.8;65.8;0.0
85;2021-08-20;2455;4820;0;534109;454237;4;78.2;66.5;0.0
85;2021-08-21;639;1280;0;534748;455517;4;78.3;66.7;0.0
85;2021-08-22;265;733;0;535013;456250;4;78.3;66.8;0.0
85;2021-08-23;1874;4920;1;536887;461170;5;78.6;67.5;0.0
85;2021-08-24;1888;4563;1;538775;465733;6;78.9;68.2;0.0
85;2021-08-25;1672;4633;0;540447;470366;6;79.1;68.8;0.0
85;2021-08-26;1539;4545;1;541986;474911;7;79.3;69.5;0.0
85;2021-08-27;1761;5181;1;543747;480092;8;79.6;70.3;0.0
85;2021-08-28;556;1313;0;544303;481405;8;79.7;70.5;0.0
85;2021-08-29;103;736;0;544406;482141;8;79.7;70.6;0.0
85;2021-08-30;1099;4917;26;545505;487058;34;79.8;71.3;0.0
85;2021-08-31;1185;5405;74;546690;492463;108;80.0;72.1;0.0
85;2021-09-01;1190;4969;162;547880;497432;270;80.2;72.8;0.0
85;2021-09-02;975;4010;235;548855;501442;505;80.3;73.4;0.1
85;2021-09-03;1248;4269;301;550103;505711;806;80.5;74.0;0.1
85;2021-09-04;390;1423;81;550493;507134;887;80.6;74.2;0.1
85;2021-09-05;30;164;15;550523;507298;902;80.6;74.3;0.1
85;2021-09-06;841;3459;407;551364;510757;1309;80.7;74.8;0.2
85;2021-09-07;861;2973;405;552225;513730;1714;80.8;75.2;0.3
85;2021-09-08;890;3531;265;553115;517261;1979;81.0;75.7;0.3
85;2021-09-09;638;2499;412;553753;519760;2391;81.1;76.1;0.3
85;2021-09-10;798;3459;340;554551;523219;2731;81.2;76.6;0.4
85;2021-09-11;285;1356;74;554836;524575;2805;81.2;76.8;0.4
85;2021-09-12;17;45;25;554853;524620;2830;81.2;76.8;0.4
85;2021-09-13;560;2219;479;555413;526839;3309;81.3;77.1;0.5
85;2021-09-14;565;1699;789;555978;528538;4098;81.4;77.4;0.6
85;2021-09-15;630;2650;588;556608;531188;4686;81.5;77.8;0.7
85;2021-09-16;406;1373;620;557014;532561;5306;81.5;78.0;0.8
85;2021-09-17;729;2485;608;557743;535046;5914;81.6;78.3;0.9
85;2021-09-18;201;957;89;557944;536003;6003;81.7;78.5;0.9
85;2021-09-19;10;35;6;557954;536038;6009;81.7;78.5;0.9
85;2021-09-20;343;1367;632;558297;537405;6641;81.7;78.7;1.0
85;2021-09-21;431;1107;956;558728;538512;7597;81.8;78.8;1.1
85;2021-09-22;429;2018;850;559157;540530;8447;81.8;79.1;1.2
85;2021-09-23;772;1004;1019;559929;541534;9466;82.0;79.3;1.4
85;2021-09-24;604;2037;687;560533;543571;10153;82.0;79.6;1.5
85;2021-09-25;155;888;150;560688;544459;10303;82.1;79.7;1.5
85;2021-09-26;6;8;0;560694;544467;10303;82.1;79.7;1.5
85;2021-09-27;368;949;977;561062;545416;11280;82.1;79.8;1.7
85;2021-09-28;244;612;759;561306;546028;12039;82.2;79.9;1.8
85;2021-09-29;400;1327;653;561706;547355;12692;82.2;80.1;1.9
85;2021-09-30;336;770;1184;562042;548125;13876;82.3;80.2;2.0
85;2021-10-01;455;960;729;562497;549085;14605;82.3;80.4;2.1
85;2021-10-02;187;538;159;562684;549623;14764;82.4;80.4;2.2
85;2021-10-03;8;18;12;562692;549641;14776;82.4;80.5;2.2
85;2021-10-04;216;698;758;562908;550339;15534;82.4;80.6;2.3
85;2021-10-05;303;455;674;563211;550794;16208;82.4;80.6;2.4
85;2021-10-06;395;884;762;563606;551678;16970;82.5;80.8;2.5
85;2021-10-07;244;415;1063;563850;552093;18033;82.5;80.8;2.6
85;2021-10-08;366;1023;884;564216;553116;18917;82.6;81.0;2.8
85;2021-10-09;124;331;155;564340;553447;19072;82.6;81.0;2.8
85;2021-10-10;14;17;5;564354;553464;19077;82.6;81.0;2.8
85;2021-10-11;229;488;957;564583;553952;20034;82.6;81.1;2.9
85;2021-10-12;170;328;594;564753;554280;20628;82.7;81.1;3.0
85;2021-10-13;342;668;861;565095;554948;21489;82.7;81.2;3.1
85;2021-10-14;203;580;790;565298;555528;22279;82.7;81.3;3.3
85;2021-10-15;262;842;919;565560;556370;23198;82.8;81.4;3.4
85;2021-10-16;108;168;160;565668;556538;23358;82.8;81.5;3.4
85;2021-10-17;2;10;7;565670;556548;23365;82.8;81.5;3.4
85;2021-10-18;239;357;901;565909;556905;24266;82.8;81.5;3.6
85;2021-10-19;76;198;619;565985;557103;24885;82.8;81.5;3.6
85;2021-10-20;178;591;1187;566163;557694;26072;82.9;81.6;3.8
85;2021-10-21;125;363;1489;566288;558057;27561;82.9;81.7;4.0
85;2021-10-22;172;653;1302;566460;558710;28863;82.9;81.8;4.2
85;2021-10-23;44;156;186;566504;558866;29049;82.9;81.8;4.3
85;2021-10-24;1;2;1;566505;558868;29050;82.9;81.8;4.3
85;2021-10-25;166;244;1133;566671;559112;30183;82.9;81.8;4.4
85;2021-10-26;61;139;543;566732;559251;30726;83.0;81.9;4.5
85;2021-10-27;173;456;1374;566905;559707;32100;83.0;81.9;4.7
85;2021-10-28;127;186;1065;567032;559893;33165;83.0;82.0;4.9
85;2021-10-29;134;375;1579;567166;560268;34744;83.0;82.0;5.1
85;2021-10-30;31;105;241;567197;560373;34985;83.0;82.0;5.1
85;2021-10-31;0;1;0;567197;560374;34985;83.0;82.0;5.1
85;2021-11-01;1;2;4;567198;560376;34989;83.0;82.0;5.1
85;2021-11-02;120;302;1255;567318;560678;36244;83.0;82.1;5.3
85;2021-11-03;186;364;1913;567504;561042;38157;83.1;82.1;5.6
85;2021-11-04;110;222;1704;567614;561264;39861;83.1;82.2;5.8
85;2021-11-05;133;323;1813;567747;561587;41674;83.1;82.2;6.1
85;2021-11-06;34;109;445;567781;561696;42119;83.1;82.2;6.2
85;2021-11-07;2;8;19;567783;561704;42138;83.1;82.2;6.2
85;2021-11-08;103;274;1946;567886;561978;44084;83.1;82.3;6.5
85;2021-11-09;85;166;1802;567971;562144;45886;83.1;82.3;6.7
85;2021-11-10;158;260;2716;568129;562404;48602;83.2;82.3;7.1
85;2021-11-11;2;3;59;568131;562407;48661;83.2;82.3;7.1
85;2021-11-12;86;158;1791;568217;562565;50452;83.2;82.3;7.4
85;2021-11-13;24;64;471;568241;562629;50923;83.2;82.4;7.5
85;2021-11-14;2;2;10;568243;562631;50933;83.2;82.4;7.5
85;2021-11-15;76;189;2474;568319;562820;53407;83.2;82.4;7.8
85;2021-11-16;96;127;2662;568415;562947;56069;83.2;82.4;8.2
85;2021-11-17;152;261;2944;568567;563208;59013;83.2;82.4;8.6
85;2021-11-18;99;132;2709;568666;563340;61722;83.2;82.5;9.0
85;2021-11-19;124;203;3081;568790;563543;64803;83.3;82.5;9.5
85;2021-11-20;48;81;556;568838;563624;65359;83.3;82.5;9.6
85;2021-11-21;2;2;2;568840;563626;65361;83.3;82.5;9.6
85;2021-11-22;143;110;3185;568983;563736;68546;83.3;82.5;10.0
85;2021-11-23;136;82;3583;569119;563818;72129;83.3;82.5;10.6
85;2021-11-24;182;259;3155;569301;564077;75284;83.3;82.6;11.0
85;2021-11-25;131;147;3545;569432;564224;78829;83.3;82.6;11.5
85;2021-11-26;131;190;4309;569563;564414;83138;83.4;82.6;12.2
85;2021-11-27;48;83;1635;569611;564497;84773;83.4;82.6;12.4
85;2021-11-28;18;10;909;569629;564507;85682;83.4;82.6;12.5
85;2021-11-29;116;152;4713;569745;564659;90395;83.4;82.7;13.2
85;2021-11-30;148;108;5448;569893;564767;95843;83.4;82.7;14.0
85;2021-12-01;145;152;6098;570038;564919;101941;83.4;82.7;14.9
85;2021-12-02;80;63;5851;570118;564982;107792;83.4;82.7;15.8
85;2021-12-03;95;127;7191;570213;565109;114983;83.5;82.7;16.8
85;2021-12-04;40;41;2560;570253;565150;117543;83.5;82.7;17.2
85;2021-12-05;7;2;428;570260;565152;117971;83.5;82.7;17.3
85;2021-12-06;70;103;6730;570330;565255;124701;83.5;82.7;18.3
85;2021-12-07;72;99;6733;570402;565354;131434;83.5;82.8;19.2
85;2021-12-08;99;156;7374;570501;565510;138808;83.5;82.8;20.3
85;2021-12-09;77;116;7354;570578;565626;146162;83.5;82.8;21.4
85;2021-12-10;121;163;9118;570699;565789;155280;83.5;82.8;22.7
85;2021-12-11;69;56;2794;570768;565845;158074;83.5;82.8;23.1
85;2021-12-12;6;10;1040;570774;565855;159114;83.5;82.8;23.3
85;2021-12-13;85;126;9139;570859;565981;168253;83.6;82.8;24.6
85;2021-12-14;106;152;10260;570965;566133;178513;83.6;82.9;26.1
85;2021-12-15;120;217;9310;571085;566350;187823;83.6;82.9;27.5
85;2021-12-16;117;163;10566;571202;566513;198389;83.6;82.9;29.0
85;2021-12-17;120;200;10964;571322;566713;209353;83.6;83.0;30.6
85;2021-12-18;61;70;2840;571383;566783;212193;83.6;83.0;31.1
85;2021-12-19;24;22;2439;571407;566805;214632;83.6;83.0;31.4
85;2021-12-20;162;173;8099;571569;566978;222731;83.7;83.0;32.6
85;2021-12-21;141;160;8571;571710;567138;231302;83.7;83.0;33.9
85;2021-12-22;153;170;7571;571863;567308;238873;83.7;83.0;35.0
85;2021-12-23;116;93;5740;571979;567401;244613;83.7;83.1;35.8
85;2021-12-24;20;26;799;571999;567427;245412;83.7;83.1;35.9
85;2021-12-25;0;1;26;571999;567428;245438;83.7;83.1;35.9
85;2021-12-26;1;4;114;572000;567432;245552;83.7;83.1;35.9
85;2021-12-27;107;97;5456;572107;567529;251008;83.7;83.1;36.7
85;2021-12-28;121;110;6571;572228;567639;257579;83.8;83.1;37.7
86;2020-12-27;0;0;0;0;0;0;0.0;0.0;0.0
86;2020-12-28;0;0;0;0;0;0;0.0;0.0;0.0
86;2020-12-29;1;0;0;1;0;0;0.0;0.0;0.0
86;2020-12-30;0;0;0;1;0;0;0.0;0.0;0.0
86;2020-12-31;0;0;0;1;0;0;0.0;0.0;0.0
86;2021-01-01;1;0;0;2;0;0;0.0;0.0;0.0
86;2021-01-02;1;0;0;3;0;0;0.0;0.0;0.0
86;2021-01-03;0;0;0;3;0;0;0.0;0.0;0.0
86;2021-01-04;1;0;0;4;0;0;0.0;0.0;0.0
86;2021-01-05;3;0;0;7;0;0;0.0;0.0;0.0
86;2021-01-06;166;1;0;173;1;0;0.0;0.0;0.0
86;2021-01-07;662;0;0;835;1;0;0.2;0.0;0.0
86;2021-01-08;592;3;0;1427;4;0;0.3;0.0;0.0
86;2021-01-09;2;0;0;1429;4;0;0.3;0.0;0.0
86;2021-01-10;165;0;0;1594;4;0;0.4;0.0;0.0
86;2021-01-11;305;0;0;1899;4;0;0.4;0.0;0.0
86;2021-01-12;462;1;0;2361;5;0;0.5;0.0;0.0
86;2021-01-13;340;1;0;2701;6;0;0.6;0.0;0.0
86;2021-01-14;561;1;0;3262;7;0;0.7;0.0;0.0
86;2021-01-15;551;3;0;3813;10;0;0.9;0.0;0.0
86;2021-01-16;5;0;0;3818;10;0;0.9;0.0;0.0
86;2021-01-17;0;0;0;3818;10;0;0.9;0.0;0.0
86;2021-01-18;564;0;0;4382;10;0;1.0;0.0;0.0
86;2021-01-19;1820;2;0;6202;12;0;1.4;0.0;0.0
86;2021-01-20;1441;27;0;7643;39;0;1.7;0.0;0.0
86;2021-01-21;1263;3;0;8906;42;0;2.0;0.0;0.0
86;2021-01-22;824;2;0;9730;44;0;2.2;0.0;0.0
86;2021-01-23;295;2;0;10025;46;0;2.3;0.0;0.0
86;2021-01-24;1;0;0;10026;46;0;2.3;0.0;0.0
86;2021-01-25;588;108;0;10614;154;0;2.4;0.0;0.0
86;2021-01-26;731;120;0;11345;274;0;2.6;0.1;0.0
86;2021-01-27;761;152;0;12106;426;0;2.8;0.1;0.0
86;2021-01-28;1018;413;0;13124;839;0;3.0;0.2;0.0
86;2021-01-29;877;217;0;14001;1056;0;3.2;0.2;0.0
86;2021-01-30;259;101;0;14260;1157;0;3.3;0.3;0.0
86;2021-01-31;54;151;0;14314;1308;0;3.3;0.3;0.0
86;2021-02-01;416;213;0;14730;1521;0;3.4;0.3;0.0
86;2021-02-02;562;376;0;15292;1897;0;3.5;0.4;0.0
86;2021-02-03;521;233;0;15813;2130;0;3.6;0.5;0.0
86;2021-02-04;453;367;0;16266;2497;0;3.7;0.6;0.0
86;2021-02-05;437;725;0;16703;3222;0;3.8;0.7;0.0
86;2021-02-06;138;195;0;16841;3417;0;3.9;0.8;0.0
86;2021-02-07;103;4;0;16944;3421;0;3.9;0.8;0.0
86;2021-02-08;353;312;0;17297;3733;0;4.0;0.9;0.0
86;2021-02-09;737;1070;0;18034;4803;0;4.1;1.1;0.0
86;2021-02-10;940;904;0;18974;5707;0;4.3;1.3;0.0
86;2021-02-11;948;983;0;19922;6690;0;4.6;1.5;0.0
86;2021-02-12;698;405;0;20620;7095;0;4.7;1.6;0.0
86;2021-02-13;179;96;0;20799;7191;0;4.8;1.6;0.0
86;2021-02-14;1;32;0;20800;7223;0;4.8;1.7;0.0
86;2021-02-15;245;497;0;21045;7720;0;4.8;1.8;0.0
86;2021-02-16;373;843;0;21418;8563;0;4.9;2.0;0.0
86;2021-02-17;434;875;0;21852;9438;0;5.0;2.2;0.0
86;2021-02-18;432;894;0;22284;10332;0;5.1;2.4;0.0
86;2021-02-19;577;620;0;22861;10952;0;5.2;2.5;0.0
86;2021-02-20;110;174;0;22971;11126;0;5.3;2.5;0.0
86;2021-02-21;3;3;0;22974;11129;0;5.3;2.5;0.0
86;2021-02-22;225;432;0;23199;11561;0;5.3;2.6;0.0
86;2021-02-23;368;581;0;23567;12142;0;5.4;2.8;0.0
86;2021-02-24;394;587;0;23961;12729;0;5.5;2.9;0.0
86;2021-02-25;856;647;0;24817;13376;0;5.7;3.1;0.0
86;2021-02-26;983;554;0;25800;13930;0;5.9;3.2;0.0
86;2021-02-27;460;134;0;26260;14064;0;6.0;3.2;0.0
86;2021-02-28;7;2;0;26267;14066;0;6.0;3.2;0.0
86;2021-03-01;241;481;0;26508;14547;0;6.1;3.3;0.0
86;2021-03-02;1121;818;0;27629;15365;0;6.3;3.5;0.0
86;2021-03-03;807;628;0;28436;15993;0;6.5;3.7;0.0
86;2021-03-04;1485;583;0;29921;16576;0;6.8;3.8;0.0
86;2021-03-05;1566;322;0;31487;16898;0;7.2;3.9;0.0
86;2021-03-06;976;165;0;32463;17063;0;7.4;3.9;0.0
86;2021-03-07;342;38;0;32805;17101;0;7.5;3.9;0.0
86;2021-03-08;461;522;0;33266;17623;0;7.6;4.0;0.0
86;2021-03-09;1339;502;0;34605;18125;0;7.9;4.1;0.0
86;2021-03-10;939;611;0;35544;18736;0;8.1;4.3;0.0
86;2021-03-11;1774;477;0;37318;19213;0;8.5;4.4;0.0
86;2021-03-12;2151;415;0;39469;19628;0;9.0;4.5;0.0
86;2021-03-13;1402;93;0;40871;19721;0;9.3;4.5;0.0
86;2021-03-14;126;13;0;40997;19734;0;9.4;4.5;0.0
86;2021-03-15;743;160;0;41740;19894;0;9.5;4.5;0.0
86;2021-03-16;821;206;0;42561;20100;0;9.7;4.6;0.0
86;2021-03-17;729;215;0;43290;20315;0;9.9;4.6;0.0
86;2021-03-18;892;111;0;44182;20426;0;10.1;4.7;0.0
86;2021-03-19;2038;341;0;46220;20767;0;10.6;4.7;0.0
86;2021-03-20;606;127;0;46826;20894;0;10.7;4.8;0.0
86;2021-03-21;14;0;0;46840;20894;0;10.7;4.8;0.0
86;2021-03-22;812;272;0;47652;21166;0;10.9;4.8;0.0
86;2021-03-23;1967;334;0;49619;21500;0;11.3;4.9;0.0
86;2021-03-24;1497;340;0;51116;21840;0;11.7;5.0;0.0
86;2021-03-25;2382;367;0;53498;22207;0;12.2;5.1;0.0
86;2021-03-26;2907;367;0;56405;22574;0;12.9;5.2;0.0
86;2021-03-27;731;143;0;57136;22717;0;13.1;5.2;0.0
86;2021-03-28;8;111;0;57144;22828;0;13.1;5.2;0.0
86;2021-03-29;1160;382;0;58304;23210;0;13.3;5.3;0.0
86;2021-03-30;2305;801;0;60609;24011;0;13.9;5.5;0.0
86;2021-03-31;1446;618;0;62055;24629;0;14.2;5.6;0.0
86;2021-04-01;2156;920;0;64211;25549;0;14.7;5.8;0.0
86;2021-04-02;1884;531;0;66095;26080;0;15.1;6.0;0.0
86;2021-04-03;796;286;0;66891;26366;0;15.3;6.0;0.0
86;2021-04-04;80;96;0;66971;26462;0;15.3;6.0;0.0
86;2021-04-05;287;4;0;67258;26466;0;15.4;6.1;0.0
86;2021-04-06;1543;916;0;68801;27382;0;15.7;6.3;0.0
86;2021-04-07;1619;606;0;70420;27988;0;16.1;6.4;0.0
86;2021-04-08;2517;752;0;72937;28740;0;16.7;6.6;0.0
86;2021-04-09;3226;620;0;76163;29360;0;17.4;6.7;0.0
86;2021-04-10;1615;182;0;77778;29542;0;17.8;6.8;0.0
86;2021-04-11;425;11;0;78203;29553;0;17.9;6.8;0.0
86;2021-04-12;809;707;0;79012;30260;0;18.1;6.9;0.0
86;2021-04-13;2381;886;0;81393;31146;0;18.6;7.1;0.0
86;2021-04-14;1836;829;0;83229;31975;0;19.0;7.3;0.0
86;2021-04-15;2257;675;0;85486;32650;0;19.5;7.5;0.0
86;2021-04-16;2397;1169;0;87883;33819;0;20.1;7.7;0.0
86;2021-04-17;1045;276;0;88928;34095;0;20.3;7.8;0.0
86;2021-04-18;123;5;0;89051;34100;0;20.4;7.8;0.0
86;2021-04-19;759;744;0;89810;34844;0;20.5;8.0;0.0
86;2021-04-20;2326;1471;0;92136;36315;0;21.1;8.3;0.0
86;2021-04-21;2039;1033;0;94175;37348;0;21.5;8.5;0.0
86;2021-04-22;2253;1314;0;96428;38662;0;22.0;8.8;0.0
86;2021-04-23;2340;1461;0;98768;40123;0;22.6;9.2;0.0
86;2021-04-24;1228;514;0;99996;40637;0;22.9;9.3;0.0
86;2021-04-25;771;27;0;100767;40664;0;23.0;9.3;0.0
86;2021-04-26;1945;835;0;102712;41499;0;23.5;9.5;0.0
86;2021-04-27;2983;1622;0;105695;43121;0;24.2;9.9;0.0
86;2021-04-28;2876;1408;0;108571;44529;0;24.8;10.2;0.0
86;2021-04-29;3481;1782;0;112052;46311;0;25.6;10.6;0.0
86;2021-04-30;2937;1430;0;114989;47741;0;26.3;10.9;0.0
86;2021-05-01;1546;202;0;116535;47943;0;26.6;11.0;0.0
86;2021-05-02;1211;45;0;117746;47988;0;26.9;11.0;0.0
86;2021-05-03;2420;963;0;120166;48951;0;27.5;11.2;0.0
86;2021-05-04;3288;1860;0;123454;50811;0;28.2;11.6;0.0
86;2021-05-05;3750;1448;0;127204;52259;0;29.1;11.9;0.0
86;2021-05-06;4075;1618;0;131279;53877;0;30.0;12.3;0.0
86;2021-05-07;3985;1816;0;135264;55693;0;30.9;12.7;0.0
86;2021-05-08;1826;383;0;137090;56076;0;31.3;12.8;0.0
86;2021-05-09;1512;184;0;138602;56260;0;31.7;12.9;0.0
86;2021-05-10;1854;1141;0;140456;57401;0;32.1;13.1;0.0
86;2021-05-11;3262;2591;0;143718;59992;0;32.9;13.7;0.0
86;2021-05-12;2143;1632;0;145861;61624;0;33.3;14.1;0.0
86;2021-05-13;1477;279;0;147338;61903;0;33.7;14.2;0.0
86;2021-05-14;1934;795;0;149272;62698;0;34.1;14.3;0.0
86;2021-05-15;1367;459;0;150639;63157;0;34.4;14.4;0.0
86;2021-05-16;734;148;0;151373;63305;0;34.6;14.5;0.0
86;2021-05-17;3005;1026;0;154378;64331;0;35.3;14.7;0.0
86;2021-05-18;3997;1596;0;158375;65927;0;36.2;15.1;0.0
86;2021-05-19;3322;1360;0;161697;67287;0;37.0;15.4;0.0
86;2021-05-20;3930;1567;0;165627;68854;0;37.9;15.7;0.0
86;2021-05-21;3223;1702;0;168850;70556;0;38.6;16.1;0.0
86;2021-05-22;1886;665;0;170736;71221;0;39.0;16.3;0.0
86;2021-05-23;1266;166;0;172002;71387;0;39.3;16.3;0.0
86;2021-05-24;1630;198;0;173632;71585;0;39.7;16.4;0.0
86;2021-05-25;2558;1546;0;176190;73131;0;40.3;16.7;0.0
86;2021-05-26;2545;1450;0;178735;74581;0;40.9;17.1;0.0
86;2021-05-27;3160;1771;0;181895;76352;0;41.6;17.5;0.0
86;2021-05-28;2131;2495;0;184026;78847;0;42.1;18.0;0.0
86;2021-05-29;1397;1252;0;185423;80099;0;42.4;18.3;0.0
86;2021-05-30;862;126;0;186285;80225;0;42.6;18.3;0.0
86;2021-05-31;1820;1738;0;188105;81963;0;43.0;18.7;0.0
86;2021-06-01;2453;2571;0;190558;84534;0;43.6;19.3;0.0
86;2021-06-02;2213;2532;0;192771;87066;0;44.1;19.9;0.0
86;2021-06-03;2978;2370;0;195749;89436;0;44.8;20.4;0.0
86;2021-06-04;2224;2809;0;197973;92245;0;45.3;21.1;0.0
86;2021-06-05;1466;1526;0;199439;93771;0;45.6;21.4;0.0
86;2021-06-06;788;870;0;200227;94641;0;45.8;21.6;0.0
86;2021-06-07;1181;2301;0;201408;96942;0;46.0;22.2;0.0
86;2021-06-08;1906;3536;0;203314;100478;0;46.5;23.0;0.0
86;2021-06-09;1874;3157;0;205188;103635;0;46.9;23.7;0.0
86;2021-06-10;2313;3115;0;207501;106750;0;47.4;24.4;0.0
86;2021-06-11;1617;2769;0;209118;109519;0;47.8;25.0;0.0
86;2021-06-12;900;2149;0;210018;111668;0;48.0;25.5;0.0
86;2021-06-13;281;1405;0;210299;113073;0;48.1;25.9;0.0
86;2021-06-14;1203;2782;0;211502;115855;0;48.4;26.5;0.0
86;2021-06-15;1725;3986;0;213227;119841;0;48.7;27.4;0.0
86;2021-06-16;1785;3063;0;215012;122904;0;49.2;28.1;0.0
86;2021-06-17;1844;4319;0;216856;127223;0;49.6;29.1;0.0
86;2021-06-18;1960;4474;0;218816;131697;0;50.0;30.1;0.0
86;2021-06-19;725;1985;0;219541;133682;0;50.2;30.6;0.0
86;2021-06-20;185;1235;0;219726;134917;0;50.2;30.8;0.0
86;2021-06-21;1198;2099;0;220924;137016;0;50.5;31.3;0.0
86;2021-06-22;1358;3257;0;222282;140273;0;50.8;32.1;0.0
86;2021-06-23;1479;2344;0;223761;142617;0;51.2;32.6;0.0
86;2021-06-24;1709;2665;0;225470;145282;0;51.5;33.2;0.0
86;2021-06-25;1312;3421;0;226782;148703;0;51.8;34.0;0.0
86;2021-06-26;476;2495;0;227258;151198;0;52.0;34.6;0.0
86;2021-06-27;143;1524;0;227401;152722;0;52.0;34.9;0.0
86;2021-06-28;437;3168;0;227838;155890;0;52.1;35.6;0.0
86;2021-06-29;981;4272;0;228819;160162;0;52.3;36.6;0.0
86;2021-06-30;1117;2861;0;229936;163023;0;52.6;37.3;0.0
86;2021-07-01;1541;2971;0;231477;165994;0;52.9;38.0;0.0
86;2021-07-02;1200;3582;0;232677;169576;0;53.2;38.8;0.0
86;2021-07-03;561;2268;0;233238;171844;0;53.3;39.3;0.0
86;2021-07-04;119;1240;0;233357;173084;0;53.4;39.6;0.0
86;2021-07-05;595;2723;0;233952;175807;0;53.5;40.2;0.0
86;2021-07-06;1039;3880;0;234991;179687;0;53.7;41.1;0.0
86;2021-07-07;1292;2555;0;236283;182242;0;54.0;41.7;0.0
86;2021-07-08;1641;3009;0;237924;185251;0;54.4;42.4;0.0
86;2021-07-09;1674;3060;0;239598;188311;0;54.8;43.1;0.0
86;2021-07-10;1166;1879;0;240764;190190;0;55.0;43.5;0.0
86;2021-07-11;476;807;0;241240;190997;0;55.2;43.7;0.0
86;2021-07-12;860;2406;0;242100;193403;0;55.4;44.2;0.0
86;2021-07-13;1760;3209;0;243860;196612;0;55.8;45.0;0.0
86;2021-07-14;796;1141;0;244656;197753;0;55.9;45.2;0.0
86;2021-07-15;1929;3188;0;246585;200941;0;56.4;45.9;0.0
86;2021-07-16;1733;2712;0;248318;203653;0;56.8;46.6;0.0
86;2021-07-17;1341;1654;0;249659;205307;0;57.1;46.9;0.0
86;2021-07-18;418;886;0;250077;206193;0;57.2;47.1;0.0
86;2021-07-19;1417;1973;0;251494;208166;0;57.5;47.6;0.0
86;2021-07-20;2357;2786;0;253851;210952;0;58.0;48.2;0.0
86;2021-07-21;2317;2268;0;256168;213220;0;58.6;48.7;0.0
86;2021-07-22;2722;2820;0;258890;216040;0;59.2;49.4;0.0
86;2021-07-23;2441;2447;0;261331;218487;0;59.7;50.0;0.0
86;2021-07-24;1529;1355;0;262860;219842;0;60.1;50.3;0.0
86;2021-07-25;730;393;0;263590;220235;0;60.3;50.4;0.0
86;2021-07-26;1669;2209;0;265259;222444;0;60.6;50.9;0.0
86;2021-07-27;3248;2781;0;268507;225225;0;61.4;51.5;0.0
86;2021-07-28;3161;2203;0;271668;227428;0;62.1;52.0;0.0
86;2021-07-29;3189;2549;0;274857;229977;0;62.8;52.6;0.0
86;2021-07-30;2266;2463;0;277123;232440;0;63.4;53.1;0.0
86;2021-07-31;1404;1106;0;278527;233546;0;63.7;53.4;0.0
86;2021-08-01;672;344;0;279199;233890;0;63.8;53.5;0.0
86;2021-08-02;1908;1676;0;281107;235566;0;64.3;53.9;0.0
86;2021-08-03;3069;2022;0;284176;237588;0;65.0;54.3;0.0
86;2021-08-04;2602;1737;0;286778;239325;0;65.6;54.7;0.0
86;2021-08-05;3183;2013;0;289961;241338;0;66.3;55.2;0.0
86;2021-08-06;2416;1806;0;292377;243144;0;66.8;55.6;0.0
86;2021-08-07;1510;1032;0;293887;244176;0;67.2;55.8;0.0
86;2021-08-08;837;525;0;294724;244701;0;67.4;55.9;0.0
86;2021-08-09;1844;1354;0;296568;246055;0;67.8;56.3;0.0
86;2021-08-10;2504;1847;0;299072;247902;0;68.4;56.7;0.0
86;2021-08-11;2223;1459;0;301295;249361;0;68.9;57.0;0.0
86;2021-08-12;2209;1839;0;303504;251200;0;69.4;57.4;0.0
86;2021-08-13;1795;1537;0;305299;252737;0;69.8;57.8;0.0
86;2021-08-14;1244;1114;0;306543;253851;0;70.1;58.0;0.0
86;2021-08-15;501;589;0;307044;254440;0;70.2;58.2;0.0
86;2021-08-16;1119;1869;0;308163;256309;0;70.5;58.6;0.0
86;2021-08-17;1507;2167;0;309670;258476;0;70.8;59.1;0.0
86;2021-08-18;1270;1862;0;310940;260338;0;71.1;59.5;0.0
86;2021-08-19;1412;2579;0;312352;262917;0;71.4;60.1;0.0
86;2021-08-20;1237;2634;0;313589;265551;0;71.7;60.7;0.0
86;2021-08-21;795;1856;0;314384;267407;0;71.9;61.1;0.0
86;2021-08-22;319;693;0;314703;268100;0;71.9;61.3;0.0
86;2021-08-23;754;1840;0;315457;269940;0;72.1;61.7;0.0
86;2021-08-24;1049;2667;0;316506;272607;0;72.4;62.3;0.0
86;2021-08-25;886;1972;0;317392;274579;0;72.6;62.8;0.0
86;2021-08-26;873;2644;0;318265;277223;0;72.8;63.4;0.0
86;2021-08-27;847;2209;0;319112;279432;0;73.0;63.9;0.0
86;2021-08-28;504;1672;0;319616;281104;0;73.1;64.3;0.0
86;2021-08-29;109;789;0;319725;281893;0;73.1;64.4;0.0
86;2021-08-30;655;2034;25;320380;283927;25;73.2;64.9;0.0
86;2021-08-31;921;2957;51;321301;286884;76;73.5;65.6;0.0
86;2021-09-01;587;2464;176;321888;289348;252;73.6;66.2;0.1
86;2021-09-02;708;2329;213;322596;291677;465;73.8;66.7;0.1
86;2021-09-03;720;2193;168;323316;293870;633;73.9;67.2;0.1
86;2021-09-04;348;2005;88;323664;295875;721;74.0;67.6;0.2
86;2021-09-05;33;836;11;323697;296711;732;74.0;67.8;0.2
86;2021-09-06;354;1496;176;324051;298207;908;74.1;68.2;0.2
86;2021-09-07;471;1852;220;324522;300059;1128;74.2;68.6;0.3
86;2021-09-08;542;1996;298;325064;302055;1426;74.3;69.1;0.3
86;2021-09-09;483;1618;240;325547;303673;1666;74.4;69.4;0.4
86;2021-09-10;498;1736;318;326045;305409;1984;74.5;69.8;0.5
86;2021-09-11;337;1715;55;326382;307124;2039;74.6;70.2;0.5
86;2021-09-12;93;694;57;326475;307818;2096;74.6;70.4;0.5
86;2021-09-13;328;978;520;326803;308796;2616;74.7;70.6;0.6
86;2021-09-14;381;1310;661;327184;310106;3277;74.8;70.9;0.7
86;2021-09-15;462;1470;298;327646;311576;3575;74.9;71.2;0.8
86;2021-09-16;395;954;828;328041;312530;4403;75.0;71.5;1.0
86;2021-09-17;454;1051;540;328495;313581;4943;75.1;71.7;1.1
86;2021-09-18;290;1148;119;328785;314729;5062;75.2;72.0;1.2
86;2021-09-19;70;388;17;328855;315117;5079;75.2;72.0;1.2
86;2021-09-20;218;607;341;329073;315724;5420;75.2;72.2;1.2
86;2021-09-21;261;836;520;329334;316560;5940;75.3;72.4;1.4
86;2021-09-22;301;1139;426;329635;317699;6366;75.4;72.6;1.5
86;2021-09-23;349;585;731;329984;318284;7097;75.4;72.8;1.6
86;2021-09-24;314;833;343;330298;319117;7440;75.5;73.0;1.7
86;2021-09-25;267;923;136;330565;320040;7576;75.6;73.2;1.7
86;2021-09-26;36;157;16;330601;320197;7592;75.6;73.2;1.7
86;2021-09-27;154;333;361;330755;320530;7953;75.6;73.3;1.8
86;2021-09-28;238;340;527;330993;320870;8480;75.7;73.4;1.9
86;2021-09-29;222;648;518;331215;321518;8998;75.7;73.5;2.1
86;2021-09-30;236;433;675;331451;321951;9673;75.8;73.6;2.2
86;2021-10-01;279;521;475;331730;322472;10148;75.8;73.7;2.3
86;2021-10-02;271;523;204;332001;322995;10352;75.9;73.8;2.4
86;2021-10-03;18;63;4;332019;323058;10356;75.9;73.9;2.4
86;2021-10-04;110;294;397;332129;323352;10753;75.9;73.9;2.5
86;2021-10-05;141;281;477;332270;323633;11230;76.0;74.0;2.6
86;2021-10-06;186;457;354;332456;324090;11584;76.0;74.1;2.6
86;2021-10-07;161;407;766;332617;324497;12350;76.0;74.2;2.8
86;2021-10-08;215;466;484;332832;324963;12834;76.1;74.3;2.9
86;2021-10-09;212;417;203;333044;325380;13037;76.1;74.4;3.0
86;2021-10-10;7;14;7;333051;325394;13044;76.1;74.4;3.0
86;2021-10-11;145;294;428;333196;325688;13472;76.2;74.5;3.1
86;2021-10-12;121;307;684;333317;325995;14156;76.2;74.5;3.2
86;2021-10-13;198;349;636;333515;326344;14792;76.2;74.6;3.4
86;2021-10-14;140;325;800;333655;326669;15592;76.3;74.7;3.6
86;2021-10-15;186;324;689;333841;326993;16281;76.3;74.8;3.7
86;2021-10-16;200;315;207;334041;327308;16488;76.4;74.8;3.8
86;2021-10-17;4;5;0;334045;327313;16488;76.4;74.8;3.8
86;2021-10-18;148;294;530;334193;327607;17018;76.4;74.9;3.9
86;2021-10-19;113;271;798;334306;327878;17816;76.4;75.0;4.1
86;2021-10-20;205;327;696;334511;328205;18512;76.5;75.0;4.2
86;2021-10-21;142;322;591;334653;328527;19103;76.5;75.1;4.4
86;2021-10-22;171;220;637;334824;328747;19740;76.5;75.2;4.5
86;2021-10-23;191;332;318;335015;329079;20058;76.6;75.2;4.6
86;2021-10-24;1;3;2;335016;329082;20060;76.6;75.2;4.6
86;2021-10-25;69;152;628;335085;329234;20688;76.6;75.3;4.7
86;2021-10-26;103;113;638;335188;329347;21326;76.6;75.3;4.9
86;2021-10-27;207;277;681;335395;329624;22007;76.7;75.4;5.0
86;2021-10-28;78;141;531;335473;329765;22538;76.7;75.4;5.2
86;2021-10-29;109;160;697;335582;329925;23235;76.7;75.4;5.3
86;2021-10-30;141;197;372;335723;330122;23607;76.8;75.5;5.4
86;2021-10-31;0;5;6;335723;330127;23613;76.8;75.5;5.4
86;2021-11-01;15;2;21;335738;330129;23634;76.8;75.5;5.4
86;2021-11-02;68;135;793;335806;330264;24427;76.8;75.5;5.6
86;2021-11-03;160;274;1030;335966;330538;25457;76.8;75.6;5.8
86;2021-11-04;100;134;766;336066;330672;26223;76.8;75.6;6.0
86;2021-11-05;138;178;775;336204;330850;26998;76.9;75.6;6.2
86;2021-11-06;143;235;629;336347;331085;27627;76.9;75.7;6.3
86;2021-11-07;2;6;5;336349;331091;27632;76.9;75.7;6.3
86;2021-11-08;74;99;744;336423;331190;28376;76.9;75.7;6.5
86;2021-11-09;101;141;1386;336524;331331;29762;76.9;75.8;6.8
86;2021-11-10;145;305;1538;336669;331636;31300;77.0;75.8;7.2
86;2021-11-11;12;9;71;336681;331645;31371;77.0;75.8;7.2
86;2021-11-12;85;146;922;336766;331791;32293;77.0;75.9;7.4
86;2021-11-13;88;218;881;336854;332009;33174;77.0;75.9;7.6
86;2021-11-14;2;2;21;336856;332011;33195;77.0;75.9;7.6
86;2021-11-15;65;69;872;336921;332080;34067;77.0;75.9;7.8
86;2021-11-16;101;132;1543;337022;332212;35610;77.1;76.0;8.1
86;2021-11-17;132;224;1657;337154;332436;37267;77.1;76.0;8.5
86;2021-11-18;122;113;1557;337276;332549;38824;77.1;76.0;8.9
86;2021-11-19;138;144;1558;337414;332693;40382;77.1;76.1;9.2
86;2021-11-20;100;180;974;337514;332873;41356;77.2;76.1;9.5
86;2021-11-21;2;4;18;337516;332877;41374;77.2;76.1;9.5
86;2021-11-22;79;42;914;337595;332919;42288;77.2;76.1;9.7
86;2021-11-23;135;110;1617;337730;333029;43905;77.2;76.1;10.0
86;2021-11-24;127;168;1614;337857;333197;45519;77.2;76.2;10.4
86;2021-11-25;176;106;2069;338033;333303;47588;77.3;76.2;10.9
86;2021-11-26;145;146;1847;338178;333449;49435;77.3;76.2;11.3
86;2021-11-27;87;134;1108;338265;333583;50543;77.3;76.3;11.6
86;2021-11-28;3;9;69;338268;333592;50612;77.3;76.3;11.6
86;2021-11-29;80;70;2104;338348;333662;52716;77.4;76.3;12.1
86;2021-11-30;145;126;3910;338493;333788;56626;77.4;76.3;12.9
86;2021-12-01;87;104;3012;338580;333892;59638;77.4;76.3;13.6
86;2021-12-02;122;102;4430;338702;333994;64068;77.4;76.4;14.6
86;2021-12-03;93;119;3725;338795;334113;67793;77.5;76.4;15.5
86;2021-12-04;66;93;2293;338861;334206;70086;77.5;76.4;16.0
86;2021-12-05;10;17;732;338871;334223;70818;77.5;76.4;16.2
86;2021-12-06;49;73;2742;338920;334296;73560;77.5;76.4;16.8
86;2021-12-07;118;105;5195;339038;334401;78755;77.5;76.5;18.0
86;2021-12-08;85;130;5014;339123;334531;83769;77.5;76.5;19.2
86;2021-12-09;106;149;5877;339229;334680;89646;77.6;76.5;20.5
86;2021-12-10;134;158;5120;339363;334838;94766;77.6;76.6;21.7
86;2021-12-11;79;89;3211;339442;334927;97977;77.6;76.6;22.4
86;2021-12-12;23;23;721;339465;334950;98698;77.6;76.6;22.6
86;2021-12-13;72;88;3876;339537;335038;102574;77.6;76.6;23.5
86;2021-12-14;141;186;6474;339678;335224;109048;77.7;76.6;24.9
86;2021-12-15;116;148;5024;339794;335372;114072;77.7;76.7;26.1
86;2021-12-16;148;239;7298;339942;335611;121370;77.7;76.7;27.7
86;2021-12-17;163;167;6810;340105;335778;128180;77.8;76.8;29.3
86;2021-12-18;113;136;3994;340218;335914;132174;77.8;76.8;30.2
86;2021-12-19;41;24;1594;340259;335938;133768;77.8;76.8;30.6
86;2021-12-20;127;113;3984;340386;336051;137752;77.8;76.8;31.5
86;2021-12-21;203;174;5707;340589;336225;143459;77.9;76.9;32.8
86;2021-12-22;158;124;4096;340747;336349;147555;77.9;76.9;33.7
86;2021-12-23;137;133;3649;340884;336482;151204;77.9;76.9;34.6
86;2021-12-24;42;47;962;340926;336529;152166;77.9;76.9;34.8
86;2021-12-25;0;5;30;340926;336534;152196;77.9;76.9;34.8
86;2021-12-26;13;9;168;340939;336543;152364;77.9;76.9;34.8
86;2021-12-27;77;75;2469;341016;336618;154833;78.0;77.0;35.4
86;2021-12-28;168;151;4115;341184;336769;158948;78.0;77.0;36.3
87;2020-12-27;0;0;0;0;0;0;0.0;0.0;0.0
87;2020-12-28;1;0;0;1;0;0;0.0;0.0;0.0
87;2020-12-29;0;0;0;1;0;0;0.0;0.0;0.0
87;2020-12-30;1;0;0;2;0;0;0.0;0.0;0.0
87;2020-12-31;0;0;0;2;0;0;0.0;0.0;0.0
87;2021-01-01;0;0;0;2;0;0;0.0;0.0;0.0
87;2021-01-02;0;0;0;2;0;0;0.0;0.0;0.0
87;2021-01-03;0;0;0;2;0;0;0.0;0.0;0.0
87;2021-01-04;1;0;0;3;0;0;0.0;0.0;0.0
87;2021-01-05;2;0;0;5;0;0;0.0;0.0;0.0
87;2021-01-06;22;0;0;27;0;0;0.0;0.0;0.0
87;2021-01-07;253;0;0;280;0;0;0.1;0.0;0.0
87;2021-01-08;347;0;0;627;0;0;0.2;0.0;0.0
87;2021-01-09;64;0;0;691;0;0;0.2;0.0;0.0
87;2021-01-10;33;0;0;724;0;0;0.2;0.0;0.0
87;2021-01-11;397;0;0;1121;0;0;0.3;0.0;0.0
87;2021-01-12;616;0;0;1737;0;0;0.5;0.0;0.0
87;2021-01-13;506;1;0;2243;1;0;0.6;0.0;0.0
87;2021-01-14;435;3;0;2678;4;0;0.7;0.0;0.0
87;2021-01-15;507;3;0;3185;7;0;0.9;0.0;0.0
87;2021-01-16;208;1;0;3393;8;0;0.9;0.0;0.0
87;2021-01-17;5;0;0;3398;8;0;0.9;0.0;0.0
87;2021-01-18;605;5;0;4003;13;0;1.1;0.0;0.0
87;2021-01-19;689;2;0;4692;15;0;1.3;0.0;0.0
87;2021-01-20;701;4;0;5393;19;0;1.5;0.0;0.0
87;2021-01-21;760;2;0;6153;21;0;1.7;0.0;0.0
87;2021-01-22;734;5;0;6887;26;0;1.9;0.0;0.0
87;2021-01-23;308;2;0;7195;28;0;1.9;0.0;0.0
87;2021-01-24;0;0;0;7195;28;0;1.9;0.0;0.0
87;2021-01-25;619;9;0;7814;37;0;2.1;0.0;0.0
87;2021-01-26;618;55;0;8432;92;0;2.3;0.0;0.0
87;2021-01-27;581;50;0;9013;142;0;2.4;0.0;0.0
87;2021-01-28;869;122;0;9882;264;0;2.7;0.1;0.0
87;2021-01-29;727;205;0;10609;469;0;2.9;0.1;0.0
87;2021-01-30;321;73;0;10930;542;0;2.9;0.1;0.0
87;2021-01-31;31;65;0;10961;607;0;3.0;0.2;0.0
87;2021-02-01;398;297;0;11359;904;0;3.1;0.2;0.0
87;2021-02-02;431;461;0;11790;1365;0;3.2;0.4;0.0
87;2021-02-03;619;338;0;12409;1703;0;3.3;0.5;0.0
87;2021-02-04;547;547;0;12956;2250;0;3.5;0.6;0.0
87;2021-02-05;340;343;0;13296;2593;0;3.6;0.7;0.0
87;2021-02-06;56;156;0;13352;2749;0;3.6;0.7;0.0
87;2021-02-07;20;0;0;13372;2749;0;3.6;0.7;0.0
87;2021-02-08;243;409;0;13615;3158;0;3.7;0.9;0.0
87;2021-02-09;262;466;0;13877;3624;0;3.7;1.0;0.0
87;2021-02-10;267;623;0;14144;4247;0;3.8;1.1;0.0
87;2021-02-11;307;540;0;14451;4787;0;3.9;1.3;0.0
87;2021-02-12;281;558;0;14732;5345;0;4.0;1.4;0.0
87;2021-02-13;30;176;0;14762;5521;0;4.0;1.5;0.0
87;2021-02-14;1;4;0;14763;5525;0;4.0;1.5;0.0
87;2021-02-15;241;393;0;15004;5918;0;4.0;1.6;0.0
87;2021-02-16;326;301;0;15330;6219;0;4.1;1.7;0.0
87;2021-02-17;319;397;0;15649;6616;0;4.2;1.8;0.0
87;2021-02-18;470;634;0;16119;7250;0;4.3;2.0;0.0
87;2021-02-19;407;485;0;16526;7735;0;4.5;2.1;0.0
87;2021-02-20;117;196;0;16643;7931;0;4.5;2.1;0.0
87;2021-02-21;5;8;0;16648;7939;0;4.5;2.1;0.0
87;2021-02-22;424;578;0;17072;8517;0;4.6;2.3;0.0
87;2021-02-23;563;646;0;17635;9163;0;4.8;2.5;0.0
87;2021-02-24;514;707;0;18149;9870;0;4.9;2.7;0.0
87;2021-02-25;783;724;0;18932;10594;0;5.1;2.9;0.0
87;2021-02-26;852;502;0;19784;11096;0;5.3;3.0;0.0
87;2021-02-27;406;213;0;20190;11309;0;5.4;3.1;0.0
87;2021-02-28;5;1;0;20195;11310;0;5.4;3.1;0.0
87;2021-03-01;499;366;0;20694;11676;0;5.6;3.1;0.0
87;2021-03-02;971;390;0;21665;12066;0;5.8;3.3;0.0
87;2021-03-03;1126;364;0;22791;12430;0;6.1;3.4;0.0
87;2021-03-04;1399;351;0;24190;12781;0;6.5;3.4;0.0
87;2021-03-05;1763;301;0;25953;13082;0;7.0;3.5;0.0
87;2021-03-06;1003;53;0;26956;13135;0;7.3;3.5;0.0
87;2021-03-07;271;8;0;27227;13143;0;7.3;3.5;0.0
87;2021-03-08;812;240;0;28039;13383;0;7.6;3.6;0.0
87;2021-03-09;1271;243;0;29310;13626;0;7.9;3.7;0.0
87;2021-03-10;1286;224;0;30596;13850;0;8.3;3.7;0.0
87;2021-03-11;1726;259;0;32322;14109;0;8.7;3.8;0.0
87;2021-03-12;2081;292;0;34403;14401;0;9.3;3.9;0.0
87;2021-03-13;1307;27;0;35710;14428;0;9.6;3.9;0.0
87;2021-03-14;94;1;0;35804;14429;0;9.7;3.9;0.0
87;2021-03-15;958;341;0;36762;14770;0;9.9;4.0;0.0
87;2021-03-16;1039;232;0;37801;15002;0;10.2;4.0;0.0
87;2021-03-17;1076;246;0;38877;15248;0;10.5;4.1;0.0
87;2021-03-18;1185;350;0;40062;15598;0;10.8;4.2;0.0
87;2021-03-19;1613;301;0;41675;15899;0;11.2;4.3;0.0
87;2021-03-20;989;91;0;42664;15990;0;11.5;4.3;0.0
87;2021-03-21;35;0;0;42699;15990;0;11.5;4.3;0.0
87;2021-03-22;1003;392;0;43702;16382;0;11.8;4.4;0.0
87;2021-03-23;1340;408;0;45042;16790;0;12.1;4.5;0.0
87;2021-03-24;1484;388;0;46526;17178;0;12.5;4.6;0.0
87;2021-03-25;2400;391;0;48926;17569;0;13.2;4.7;0.0
87;2021-03-26;2456;411;0;51382;17980;0;13.9;4.8;0.0
87;2021-03-27;876;131;0;52258;18111;0;14.1;4.9;0.0
87;2021-03-28;260;17;0;52518;18128;0;14.2;4.9;0.0
87;2021-03-29;1098;406;0;53616;18534;0;14.5;5.0;0.0
87;2021-03-30;1877;646;0;55493;19180;0;15.0;5.2;0.0
87;2021-03-31;1663;683;0;57156;19863;0;15.4;5.4;0.0
87;2021-04-01;2254;577;0;59410;20440;0;16.0;5.5;0.0
87;2021-04-02;1845;598;0;61255;21038;0;16.5;5.7;0.0
87;2021-04-03;495;256;0;61750;21294;0;16.7;5.7;0.0
87;2021-04-04;5;1;0;61755;21295;0;16.7;5.7;0.0
87;2021-04-05;96;4;0;61851;21299;0;16.7;5.7;0.0
87;2021-04-06;1034;911;0;62885;22210;0;17.0;6.0;0.0
87;2021-04-07;1552;929;0;64437;23139;0;17.4;6.2;0.0
87;2021-04-08;1749;1021;0;66186;24160;0;17.9;6.5;0.0
87;2021-04-09;2653;737;0;68839;24897;0;18.6;6.7;0.0
87;2021-04-10;1226;312;0;70065;25209;0;18.9;6.8;0.0
87;2021-04-11;102;7;0;70167;25216;0;18.9;6.8;0.0
87;2021-04-12;1651;815;0;71818;26031;0;19.4;7.0;0.0
87;2021-04-13;2255;1027;0;74073;27058;0;20.0;7.3;0.0
87;2021-04-14;2510;1198;0;76583;28256;0;20.7;7.6;0.0
87;2021-04-15;2216;1050;0;78799;29306;0;21.3;7.9;0.0
87;2021-04-16;2671;1043;0;81470;30349;0;22.0;8.2;0.0
87;2021-04-17;824;447;0;82294;30796;0;22.2;8.3;0.0
87;2021-04-18;137;146;0;82431;30942;0;22.2;8.3;0.0
87;2021-04-19;1686;820;0;84117;31762;0;22.7;8.6;0.0
87;2021-04-20;2068;890;0;86185;32652;0;23.2;8.8;0.0
87;2021-04-21;2236;971;0;88421;33623;0;23.8;9.1;0.0
87;2021-04-22;2549;1151;0;90970;34774;0;24.5;9.4;0.0
87;2021-04-23;2005;1186;0;92975;35960;0;25.1;9.7;0.0
87;2021-04-24;1032;613;0;94007;36573;0;25.4;9.9;0.0
87;2021-04-25;109;106;0;94116;36679;0;25.4;9.9;0.0
87;2021-04-26;1318;884;0;95434;37563;0;25.7;10.1;0.0
87;2021-04-27;2301;1205;0;97735;38768;0;26.4;10.5;0.0
87;2021-04-28;3721;1445;0;101456;40213;0;27.4;10.8;0.0
87;2021-04-29;2971;1839;0;104427;42052;0;28.2;11.3;0.0
87;2021-04-30;3075;1393;0;107502;43445;0;29.0;11.7;0.0
87;2021-05-01;755;65;0;108257;43510;0;29.2;11.7;0.0
87;2021-05-02;390;17;0;108647;43527;0;29.3;11.7;0.0
87;2021-05-03;2123;957;0;110770;44484;0;29.9;12.0;0.0
87;2021-05-04;2732;1128;0;113502;45612;0;30.6;12.3;0.0
87;2021-05-05;2820;1553;0;116322;47165;0;31.4;12.7;0.0
87;2021-05-06;2533;1739;0;118855;48904;0;32.1;13.2;0.0
87;2021-05-07;2866;1748;0;121721;50652;0;32.8;13.7;0.0
87;2021-05-08;826;321;0;122547;50973;0;33.1;13.7;0.0
87;2021-05-09;57;157;0;122604;51130;0;33.1;13.8;0.0
87;2021-05-10;1802;1576;0;124406;52706;0;33.6;14.2;0.0
87;2021-05-11;2382;1917;0;126788;54623;0;34.2;14.7;0.0
87;2021-05-12;2676;2048;0;129464;56671;0;34.9;15.3;0.0
87;2021-05-13;1131;293;0;130595;56964;0;35.2;15.4;0.0
87;2021-05-14;2231;1716;0;132826;58680;0;35.8;15.8;0.0
87;2021-05-15;1100;489;0;133926;59169;0;36.1;16.0;0.0
87;2021-05-16;201;81;0;134127;59250;0;36.2;16.0;0.0
87;2021-05-17;1626;1650;0;135753;60900;0;36.6;16.4;0.0
87;2021-05-18;2710;1796;0;138463;62696;0;37.3;16.9;0.0
87;2021-05-19;2901;1546;0;141364;64242;0;38.1;17.3;0.0
87;2021-05-20;3335;1719;0;144699;65961;0;39.0;17.8;0.0
87;2021-05-21;2812;1799;0;147511;67760;0;39.8;18.3;0.0
87;2021-05-22;1548;641;0;149059;68401;0;40.2;18.4;0.0
87;2021-05-23;251;91;0;149310;68492;0;40.3;18.5;0.0
87;2021-05-24;1101;148;0;150411;68640;0;40.6;18.5;0.0
87;2021-05-25;2154;1778;0;152565;70418;0;41.1;19.0;0.0
87;2021-05-26;3248;2431;0;155813;72849;0;42.0;19.6;0.0
87;2021-05-27;2970;2315;0;158783;75164;0;42.8;20.3;0.0
87;2021-05-28;2653;2513;0;161436;77677;0;43.5;20.9;0.0
87;2021-05-29;1168;1368;0;162604;79045;0;43.9;21.3;0.0
87;2021-05-30;286;85;0;162890;79130;0;43.9;21.3;0.0
87;2021-05-31;2318;1369;0;165208;80499;0;44.6;21.7;0.0
87;2021-06-01;2547;1910;0;167755;82409;0;45.2;22.2;0.0
87;2021-06-02;2576;1858;0;170331;84267;0;45.9;22.7;0.0
87;2021-06-03;3149;2469;0;173480;86736;0;46.8;23.4;0.0
87;2021-06-04;2834;2033;0;176314;88769;0;47.6;23.9;0.0
87;2021-06-05;1406;664;0;177720;89433;0;47.9;24.1;0.0
87;2021-06-06;266;110;0;177986;89543;0;48.0;24.2;0.0
87;2021-06-07;2036;1835;0;180022;91378;0;48.6;24.6;0.0
87;2021-06-08;2843;2472;0;182865;93850;0;49.3;25.3;0.0
87;2021-06-09;2243;2665;0;185108;96515;0;49.9;26.0;0.0
87;2021-06-10;2787;2489;0;187895;99004;0;50.7;26.7;0.0
87;2021-06-11;2307;2944;0;190202;101948;0;51.3;27.5;0.0
87;2021-06-12;1224;1134;0;191426;103082;0;51.6;27.8;0.0
87;2021-06-13;297;497;0;191723;103579;0;51.7;27.9;0.0
87;2021-06-14;991;2597;0;192714;106176;0;52.0;28.6;0.0
87;2021-06-15;1336;3221;0;194050;109397;0;52.3;29.5;0.0
87;2021-06-16;1646;3291;0;195696;112688;0;52.8;30.4;0.0
87;2021-06-17;2342;2269;0;198038;114957;0;53.4;31.0;0.0
87;2021-06-18;1709;2936;0;199747;117893;0;53.9;31.8;0.0
87;2021-06-19;1042;1219;0;200789;119112;0;54.2;32.1;0.0
87;2021-06-20;220;205;0;201009;119317;0;54.2;32.2;0.0
87;2021-06-21;949;2511;0;201958;121828;0;54.5;32.9;0.0
87;2021-06-22;1001;2827;0;202959;124655;0;54.7;33.6;0.0
87;2021-06-23;1198;3090;0;204157;127745;0;55.1;34.5;0.0
87;2021-06-24;1542;2554;0;205699;130299;0;55.5;35.1;0.0
87;2021-06-25;1346;2705;0;207045;133004;0;55.8;35.9;0.0
87;2021-06-26;546;1300;0;207591;134304;0;56.0;36.2;0.0
87;2021-06-27;34;264;0;207625;134568;0;56.0;36.3;0.0
87;2021-06-28;682;2594;0;208307;137162;0;56.2;37.0;0.0
87;2021-06-29;1087;3434;0;209394;140596;0;56.5;37.9;0.0
87;2021-06-30;1055;2737;0;210449;143333;0;56.8;38.7;0.0
87;2021-07-01;1280;2551;0;211729;145884;0;57.1;39.3;0.0
87;2021-07-02;1154;3479;0;212883;149363;0;57.4;40.3;0.0
87;2021-07-03;437;1608;0;213320;150971;0;57.5;40.7;0.0
87;2021-07-04;34;393;0;213354;151364;0;57.5;40.8;0.0
87;2021-07-05;653;2474;0;214007;153838;0;57.7;41.5;0.0
87;2021-07-06;575;3236;0;214582;157074;0;57.9;42.4;0.0
87;2021-07-07;877;3326;0;215459;160400;0;58.1;43.3;0.0
87;2021-07-08;1062;3551;0;216521;163951;0;58.4;44.2;0.0
87;2021-07-09;1099;3714;0;217620;167665;0;58.7;45.2;0.0
87;2021-07-10;331;1476;0;217951;169141;0;58.8;45.6;0.0
87;2021-07-11;65;331;0;218016;169472;0;58.8;45.7;0.0
87;2021-07-12;583;3179;0;218599;172651;0;59.0;46.6;0.0
87;2021-07-13;892;3510;0;219491;176161;0;59.2;47.5;0.0
87;2021-07-14;513;583;0;220004;176744;0;59.3;47.7;0.0
87;2021-07-15;1363;3435;0;221367;180179;0;59.7;48.6;0.0
87;2021-07-16;1727;3598;0;223094;183777;0;60.2;49.6;0.0
87;2021-07-17;685;1458;0;223779;185235;0;60.4;50.0;0.0
87;2021-07-18;121;281;0;223900;185516;0;60.4;50.0;0.0
87;2021-07-19;1367;3316;0;225267;188832;0;60.8;50.9;0.0
87;2021-07-20;1765;3478;0;227032;192310;0;61.2;51.9;0.0
87;2021-07-21;1476;3042;0;228508;195352;0;61.6;52.7;0.0
87;2021-07-22;1898;3112;0;230406;198464;0;62.1;53.5;0.0
87;2021-07-23;1868;3065;0;232274;201529;0;62.6;54.4;0.0
87;2021-07-24;876;1317;0;233150;202846;0;62.9;54.7;0.0
87;2021-07-25;149;231;0;233299;203077;0;62.9;54.8;0.0
87;2021-07-26;1499;2290;0;234798;205367;0;63.3;55.4;0.0
87;2021-07-27;2465;1996;0;237263;207363;0;64.0;55.9;0.0
87;2021-07-28;2292;1932;0;239555;209295;0;64.6;56.4;0.0
87;2021-07-29;2825;1899;0;242380;211194;0;65.4;57.0;0.0
87;2021-07-30;2432;1894;0;244812;213088;0;66.0;57.5;0.0
87;2021-07-31;1200;913;0;246012;214001;0;66.4;57.7;0.0
87;2021-08-01;297;163;0;246309;214164;0;66.4;57.8;0.0
87;2021-08-02;2025;1496;0;248334;215660;0;67.0;58.2;0.0
87;2021-08-03;2348;1293;0;250682;216953;0;67.6;58.5;0.0
87;2021-08-04;2214;996;0;252896;217949;0;68.2;58.8;0.0
87;2021-08-05;2358;1355;0;255254;219304;0;68.8;59.1;0.0
87;2021-08-06;2039;1619;0;257293;220923;0;69.4;59.6;0.0
87;2021-08-07;1082;793;0;258375;221716;0;69.7;59.8;0.0
87;2021-08-08;213;128;0;258588;221844;0;69.7;59.8;0.0
87;2021-08-09;1722;1461;0;260310;223305;0;70.2;60.2;0.0
87;2021-08-10;2094;1492;0;262404;224797;0;70.8;60.6;0.0
87;2021-08-11;1806;1255;0;264210;226052;0;71.3;61.0;0.0
87;2021-08-12;1902;1425;0;266112;227477;0;71.8;61.4;0.0
87;2021-08-13;1566;1533;0;267678;229010;0;72.2;61.8;0.0
87;2021-08-14;674;703;0;268352;229713;0;72.4;62.0;0.0
87;2021-08-15;74;106;0;268426;229819;0;72.4;62.0;0.0
87;2021-08-16;1366;1681;0;269792;231500;0;72.8;62.4;0.0
87;2021-08-17;1284;1652;0;271076;233152;0;73.1;62.9;0.0
87;2021-08-18;1150;1928;0;272226;235080;0;73.4;63.4;0.0
87;2021-08-19;1104;1759;0;273330;236839;0;73.7;63.9;0.0
87;2021-08-20;870;2140;0;274200;238979;0;74.0;64.5;0.0
87;2021-08-21;351;972;0;274551;239951;0;74.0;64.7;0.0
87;2021-08-22;84;233;0;274635;240184;0;74.1;64.8;0.0
87;2021-08-23;699;2307;0;275334;242491;0;74.3;65.4;0.0
87;2021-08-24;733;2136;0;276067;244627;0;74.5;66.0;0.0
87;2021-08-25;678;2007;0;276745;246634;0;74.6;66.5;0.0
87;2021-08-26;803;2125;0;277548;248759;0;74.9;67.1;0.0
87;2021-08-27;737;2553;0;278285;251312;0;75.1;67.8;0.0
87;2021-08-28;323;1289;0;278608;252601;0;75.1;68.1;0.0
87;2021-08-29;64;263;0;278672;252864;0;75.2;68.2;0.0
87;2021-08-30;466;2115;15;279138;254979;15;75.3;68.8;0.0
87;2021-08-31;566;1832;28;279704;256811;43;75.4;69.3;0.0
87;2021-09-01;732;2260;123;280436;259071;166;75.6;69.9;0.0
87;2021-09-02;539;2004;200;280975;261075;366;75.8;70.4;0.1
87;2021-09-03;593;2006;337;281568;263081;703;75.9;71.0;0.2
87;2021-09-04;281;1134;61;281849;264215;764;76.0;71.3;0.2
87;2021-09-05;10;24;2;281859;264239;766;76.0;71.3;0.2
87;2021-09-06;371;1474;374;282230;265713;1140;76.1;71.7;0.3
87;2021-09-07;354;1150;286;282584;266863;1426;76.2;72.0;0.4
87;2021-09-08;430;1411;309;283014;268274;1735;76.3;72.4;0.5
87;2021-09-09;326;916;309;283340;269190;2044;76.4;72.6;0.6
87;2021-09-10;427;1301;330;283767;270491;2374;76.5;73.0;0.6
87;2021-09-11;283;882;70;284050;271373;2444;76.6;73.2;0.7
87;2021-09-12;7;18;2;284057;271391;2446;76.6;73.2;0.7
87;2021-09-13;308;721;372;284365;272112;2818;76.7;73.4;0.8
87;2021-09-14;287;606;412;284652;272718;3230;76.8;73.6;0.9
87;2021-09-15;336;930;339;284988;273648;3569;76.9;73.8;1.0
87;2021-09-16;318;747;374;285306;274395;3943;76.9;74.0;1.1
87;2021-09-17;371;830;429;285677;275225;4372;77.0;74.2;1.2
87;2021-09-18;261;688;123;285938;275913;4495;77.1;74.4;1.2
87;2021-09-19;9;23;7;285947;275936;4502;77.1;74.4;1.2
87;2021-09-20;184;440;246;286131;276376;4748;77.2;74.5;1.3
87;2021-09-21;274;487;307;286405;276863;5055;77.2;74.7;1.4
87;2021-09-22;219;723;416;286624;277586;5471;77.3;74.9;1.5
87;2021-09-23;206;506;394;286830;278092;5865;77.4;75.0;1.6
87;2021-09-24;258;686;557;287088;278778;6422;77.4;75.2;1.7
87;2021-09-25;149;474;156;287237;279252;6578;77.5;75.3;1.8
87;2021-09-26;5;11;4;287242;279263;6582;77.5;75.3;1.8
87;2021-09-27;186;382;246;287428;279645;6828;77.5;75.4;1.8
87;2021-09-28;178;296;346;287606;279941;7174;77.6;75.5;1.9
87;2021-09-29;142;388;347;287748;280329;7521;77.6;75.6;2.0
87;2021-09-30;121;257;389;287869;280586;7910;77.6;75.7;2.1
87;2021-10-01;216;478;353;288085;281064;8263;77.7;75.8;2.2
87;2021-10-02;146;348;136;288231;281412;8399;77.7;75.9;2.3
87;2021-10-03;5;6;2;288236;281418;8401;77.7;75.9;2.3
87;2021-10-04;148;275;450;288384;281693;8851;77.8;76.0;2.4
87;2021-10-05;108;208;480;288492;281901;9331;77.8;76.0;2.5
87;2021-10-06;185;384;589;288677;282285;9920;77.9;76.1;2.7
87;2021-10-07;114;249;409;288791;282534;10329;77.9;76.2;2.8
87;2021-10-08;223;461;679;289014;282995;11008;77.9;76.3;3.0
87;2021-10-09;148;324;243;289162;283319;11251;78.0;76.4;3.0
87;2021-10-10;3;8;3;289165;283327;11254;78.0;76.4;3.0
87;2021-10-11;126;260;310;289291;283587;11564;78.0;76.5;3.1
87;2021-10-12;101;218;575;289392;283805;12139;78.1;76.5;3.3
87;2021-10-13;151;201;495;289543;284006;12634;78.1;76.6;3.4
87;2021-10-14;116;236;503;289659;284242;13137;78.1;76.7;3.5
87;2021-10-15;176;313;601;289835;284555;13738;78.2;76.7;3.7
87;2021-10-16;134;253;296;289969;284808;14034;78.2;76.8;3.8
87;2021-10-17;6;10;0;289975;284818;14034;78.2;76.8;3.8
87;2021-10-18;115;190;526;290090;285008;14560;78.2;76.9;3.9
87;2021-10-19;121;179;603;290211;285187;15163;78.3;76.9;4.1
87;2021-10-20;123;165;623;290334;285352;15786;78.3;77.0;4.3
87;2021-10-21;92;243;620;290426;285595;16406;78.3;77.0;4.4
87;2021-10-22;162;267;606;290588;285862;17012;78.4;77.1;4.6
87;2021-10-23;88;144;242;290676;286006;17254;78.4;77.1;4.7
87;2021-10-24;5;8;1;290681;286014;17255;78.4;77.1;4.7
87;2021-10-25;112;172;546;290793;286186;17801;78.4;77.2;4.8
87;2021-10-26;54;74;572;290847;286260;18373;78.4;77.2;5.0
87;2021-10-27;111;177;740;290958;286437;19113;78.5;77.3;5.2
87;2021-10-28;94;116;585;291052;286553;19698;78.5;77.3;5.3
87;2021-10-29;144;195;688;291196;286748;20386;78.5;77.3;5.5
87;2021-10-30;70;125;263;291266;286873;20649;78.6;77.4;5.6
87;2021-10-31;4;5;5;291270;286878;20654;78.6;77.4;5.6
87;2021-11-01;6;3;5;291276;286881;20659;78.6;77.4;5.6
87;2021-11-02;101;128;663;291377;287009;21322;78.6;77.4;5.8
87;2021-11-03;86;186;644;291463;287195;21966;78.6;77.5;5.9
87;2021-11-04;79;109;654;291542;287304;22620;78.6;77.5;6.1
87;2021-11-05;129;187;840;291671;287491;23460;78.7;77.5;6.3
87;2021-11-06;94;106;313;291765;287597;23773;78.7;77.6;6.4
87;2021-11-07;2;9;0;291767;287606;23773;78.7;77.6;6.4
87;2021-11-08;95;113;798;291862;287719;24571;78.7;77.6;6.6
87;2021-11-09;86;125;1172;291948;287844;25743;78.7;77.6;6.9
87;2021-11-10;114;196;1104;292062;288040;26847;78.8;77.7;7.2
87;2021-11-11;4;5;18;292066;288045;26865;78.8;77.7;7.2
87;2021-11-12;89;157;1037;292155;288202;27902;78.8;77.7;7.5
87;2021-11-13;46;65;326;292201;288267;28228;78.8;77.7;7.6
87;2021-11-14;2;8;3;292203;288275;28231;78.8;77.7;7.6
87;2021-11-15;71;104;1073;292274;288379;29304;78.8;77.8;7.9
87;2021-11-16;85;107;1494;292359;288486;30798;78.9;77.8;8.3
87;2021-11-17;139;154;1307;292498;288640;32105;78.9;77.8;8.7
87;2021-11-18;135;124;1501;292633;288764;33606;78.9;77.9;9.1
87;2021-11-19;117;166;1661;292750;288930;35267;79.0;77.9;9.5
87;2021-11-20;80;116;614;292830;289046;35881;79.0;78.0;9.7
87;2021-11-21;10;7;54;292840;289053;35935;79.0;78.0;9.7
87;2021-11-22;93;88;1338;292933;289141;37273;79.0;78.0;10.1
87;2021-11-23;128;101;1999;293061;289242;39272;79.0;78.0;10.6
87;2021-11-24;159;116;1665;293220;289358;40937;79.1;78.0;11.0
87;2021-11-25;103;116;2181;293323;289474;43118;79.1;78.1;11.6
87;2021-11-26;127;138;2511;293450;289612;45629;79.1;78.1;12.3
87;2021-11-27;78;90;1257;293528;289702;46886;79.2;78.1;12.6
87;2021-11-28;5;6;62;293533;289708;46948;79.2;78.1;12.7
87;2021-11-29;72;100;2119;293605;289808;49067;79.2;78.2;13.2
87;2021-11-30;103;97;3000;293708;289905;52067;79.2;78.2;14.0
87;2021-12-01;63;124;2910;293771;290029;54977;79.2;78.2;14.8
87;2021-12-02;67;65;3581;293838;290094;58558;79.2;78.2;15.8
87;2021-12-03;92;120;3931;293930;290214;62489;79.3;78.3;16.9
87;2021-12-04;62;124;1317;293992;290338;63806;79.3;78.3;17.2
87;2021-12-05;0;9;221;293992;290347;64027;79.3;78.3;17.3
87;2021-12-06;44;86;2781;294036;290433;66808;79.3;78.3;18.0
87;2021-12-07;78;108;5525;294114;290541;72333;79.3;78.4;19.5
87;2021-12-08;94;111;4534;294208;290652;76867;79.3;78.4;20.7
87;2021-12-09;69;108;4317;294277;290760;81184;79.4;78.4;21.9
87;2021-12-10;96;131;5613;294373;290891;86797;79.4;78.5;23.4
87;2021-12-11;54;74;2458;294427;290965;89255;79.4;78.5;24.1
87;2021-12-12;7;15;331;294434;290980;89586;79.4;78.5;24.2
87;2021-12-13;82;103;4353;294516;291083;93939;79.4;78.5;25.3
87;2021-12-14;100;127;5895;294616;291210;99834;79.5;78.5;26.9
87;2021-12-15;99;172;5269;294715;291382;105103;79.5;78.6;28.3
87;2021-12-16;66;108;5344;294781;291490;110447;79.5;78.6;29.8
87;2021-12-17;122;167;6047;294903;291657;116494;79.5;78.7;31.4
87;2021-12-18;80;110;3118;294983;291767;119612;79.6;78.7;32.3
87;2021-12-19;12;14;382;294995;291781;119994;79.6;78.7;32.4
87;2021-12-20;89;105;4225;295084;291886;124219;79.6;78.7;33.5
87;2021-12-21;152;129;5590;295236;292015;129809;79.6;78.8;35.0
87;2021-12-22;108;80;3958;295344;292095;133767;79.7;78.8;36.1
87;2021-12-23;119;72;3020;295463;292167;136787;79.7;78.8;36.9
87;2021-12-24;40;30;726;295503;292197;137513;79.7;78.8;37.1
87;2021-12-25;4;6;43;295507;292203;137556;79.7;78.8;37.1
87;2021-12-26;9;11;214;295516;292214;137770;79.7;78.8;37.2
87;2021-12-27;95;75;2882;295611;292289;140652;79.7;78.8;37.9
87;2021-12-28;132;82;3591;295743;292371;144243;79.8;78.9;38.9
88;2020-12-27;0;0;0;0;0;0;0.0;0.0;0.0
88;2020-12-28;0;0;0;0;0;0;0.0;0.0;0.0
88;2020-12-29;0;0;0;0;0;0;0.0;0.0;0.0
88;2020-12-30;0;0;0;0;0;0;0.0;0.0;0.0
88;2020-12-31;0;0;0;0;0;0;0.0;0.0;0.0
88;2021-01-01;1;0;0;1;0;0;0.0;0.0;0.0
88;2021-01-02;0;0;0;1;0;0;0.0;0.0;0.0
88;2021-01-03;0;0;0;1;0;0;0.0;0.0;0.0
88;2021-01-04;1;0;0;2;0;0;0.0;0.0;0.0
88;2021-01-05;8;0;0;10;0;0;0.0;0.0;0.0
88;2021-01-06;19;0;0;29;0;0;0.0;0.0;0.0
88;2021-01-07;80;0;0;109;0;0;0.0;0.0;0.0
88;2021-01-08;170;2;0;279;2;0;0.1;0.0;0.0
88;2021-01-09;174;1;0;453;3;0;0.1;0.0;0.0
88;2021-01-10;2;0;0;455;3;0;0.1;0.0;0.0
88;2021-01-11;222;0;0;677;3;0;0.2;0.0;0.0
88;2021-01-12;419;0;0;1096;3;0;0.3;0.0;0.0
88;2021-01-13;485;3;0;1581;6;0;0.4;0.0;0.0
88;2021-01-14;367;4;0;1948;10;0;0.5;0.0;0.0
88;2021-01-15;371;3;0;2319;13;0;0.6;0.0;0.0
88;2021-01-16;61;0;0;2380;13;0;0.7;0.0;0.0
88;2021-01-17;0;0;0;2380;13;0;0.7;0.0;0.0
88;2021-01-18;458;0;0;2838;13;0;0.8;0.0;0.0
88;2021-01-19;462;1;0;3300;14;0;0.9;0.0;0.0
88;2021-01-20;474;1;0;3774;15;0;1.0;0.0;0.0
88;2021-01-21;1435;7;0;5209;22;0;1.4;0.0;0.0
88;2021-01-22;1117;3;0;6326;25;0;1.8;0.0;0.0
88;2021-01-23;280;0;0;6606;25;0;1.8;0.0;0.0
88;2021-01-24;267;2;0;6873;27;0;1.9;0.0;0.0
88;2021-01-25;865;3;0;7738;30;0;2.2;0.0;0.0
88;2021-01-26;359;10;0;8097;40;0;2.3;0.0;0.0
88;2021-01-27;19;5;0;8116;45;0;2.3;0.0;0.0
88;2021-01-28;154;36;0;8270;81;0;2.3;0.0;0.0
88;2021-01-29;509;136;0;8779;217;0;2.4;0.1;0.0
88;2021-01-30;286;118;0;9065;335;0;2.5;0.1;0.0
88;2021-01-31;1;1;0;9066;336;0;2.5;0.1;0.0
88;2021-02-01;411;273;0;9477;609;0;2.6;0.2;0.0
88;2021-02-02;325;348;0;9802;957;0;2.7;0.3;0.0
88;2021-02-03;434;246;0;10236;1203;0;2.8;0.3;0.0
88;2021-02-04;325;242;0;10561;1445;0;2.9;0.4;0.0
88;2021-02-05;461;282;0;11022;1727;0;3.1;0.5;0.0
88;2021-02-06;109;57;0;11131;1784;0;3.1;0.5;0.0
88;2021-02-07;0;4;0;11131;1788;0;3.1;0.5;0.0
88;2021-02-08;356;203;0;11487;1991;0;3.2;0.6;0.0
88;2021-02-09;294;283;0;11781;2274;0;3.3;0.6;0.0
88;2021-02-10;424;347;0;12205;2621;0;3.4;0.7;0.0
88;2021-02-11;811;1011;0;13016;3632;0;3.6;1.0;0.0
88;2021-02-12;912;676;0;13928;4308;0;3.9;1.2;0.0
88;2021-02-13;158;200;0;14086;4508;0;3.9;1.3;0.0
88;2021-02-14;76;193;0;14162;4701;0;3.9;1.3;0.0
88;2021-02-15;621;989;0;14783;5690;0;4.1;1.6;0.0
88;2021-02-16;470;688;0;15253;6378;0;4.2;1.8;0.0
88;2021-02-17;464;435;0;15717;6813;0;4.4;1.9;0.0
88;2021-02-18;519;366;0;16236;7179;0;4.5;2.0;0.0
88;2021-02-19;560;421;0;16796;7600;0;4.7;2.1;0.0
88;2021-02-20;163;105;0;16959;7705;0;4.7;2.1;0.0
88;2021-02-21;0;24;0;16959;7729;0;4.7;2.1;0.0
88;2021-02-22;418;337;0;17377;8066;0;4.8;2.2;0.0
88;2021-02-23;407;237;0;17784;8303;0;4.9;2.3;0.0
88;2021-02-24;543;229;0;18327;8532;0;5.1;2.4;0.0
88;2021-02-25;682;296;0;19009;8828;0;5.3;2.5;0.0
88;2021-02-26;880;293;0;19889;9121;0;5.5;2.5;0.0
88;2021-02-27;265;34;0;20154;9155;0;5.6;2.5;0.0
88;2021-02-28;28;0;0;20182;9155;0;5.6;2.5;0.0
88;2021-03-01;361;453;0;20543;9608;0;5.7;2.7;0.0
88;2021-03-02;438;472;0;20981;10080;0;5.8;2.8;0.0
88;2021-03-03;666;455;0;21647;10535;0;6.0;2.9;0.0
88;2021-03-04;1037;732;0;22684;11267;0;6.3;3.1;0.0
88;2021-03-05;921;690;0;23605;11957;0;6.6;3.3;0.0
88;2021-03-06;1789;123;0;25394;12080;0;7.1;3.4;0.0
88;2021-03-07;1034;81;0;26428;12161;0;7.4;3.4;0.0
88;2021-03-08;721;668;0;27149;12829;0;7.6;3.6;0.0
88;2021-03-09;1102;512;0;28251;13341;0;7.9;3.7;0.0
88;2021-03-10;1064;495;0;29315;13836;0;8.2;3.8;0.0
88;2021-03-11;1413;401;0;30728;14237;0;8.5;4.0;0.0
88;2021-03-12;1289;493;0;32017;14730;0;8.9;4.1;0.0
88;2021-03-13;1244;130;0;33261;14860;0;9.3;4.1;0.0
88;2021-03-14;168;5;0;33429;14865;0;9.3;4.1;0.0
88;2021-03-15;902;436;0;34331;15301;0;9.5;4.3;0.0
88;2021-03-16;967;339;0;35298;15640;0;9.8;4.4;0.0
88;2021-03-17;832;415;0;36130;16055;0;10.0;4.5;0.0
88;2021-03-18;1249;397;0;37379;16452;0;10.4;4.6;0.0
88;2021-03-19;1372;506;0;38751;16958;0;10.8;4.7;0.0
88;2021-03-20;1266;62;0;40017;17020;0;11.1;4.7;0.0
88;2021-03-21;37;0;0;40054;17020;0;11.1;4.7;0.0
88;2021-03-22;1127;531;0;41181;17551;0;11.5;4.9;0.0
88;2021-03-23;1614;436;0;42795;17987;0;11.9;5.0;0.0
88;2021-03-24;1738;477;0;44533;18464;0;12.4;5.1;0.0
88;2021-03-25;2349;483;0;46882;18947;0;13.0;5.3;0.0
88;2021-03-26;2316;451;0;49198;19398;0;13.7;5.4;0.0
88;2021-03-27;879;306;0;50077;19704;0;13.9;5.5;0.0
88;2021-03-28;64;5;0;50141;19709;0;13.9;5.5;0.0
88;2021-03-29;1210;442;0;51351;20151;0;14.3;5.6;0.0
88;2021-03-30;1961;399;0;53312;20550;0;14.8;5.7;0.0
88;2021-03-31;1530;577;0;54842;21127;0;15.3;5.9;0.0
88;2021-04-01;2053;696;0;56895;21823;0;15.8;6.1;0.0
88;2021-04-02;2560;625;0;59455;22448;0;16.5;6.2;0.0
88;2021-04-03;663;211;0;60118;22659;0;16.7;6.3;0.0
88;2021-04-04;22;10;0;60140;22669;0;16.7;6.3;0.0
88;2021-04-05;27;7;0;60167;22676;0;16.7;6.3;0.0
88;2021-04-06;1077;681;0;61244;23357;0;17.0;6.5;0.0
88;2021-04-07;1472;694;0;62716;24051;0;17.4;6.7;0.0
88;2021-04-08;1737;777;0;64453;24828;0;17.9;6.9;0.0
88;2021-04-09;2843;763;0;67296;25591;0;18.7;7.1;0.0
88;2021-04-10;733;640;0;68029;26231;0;18.9;7.3;0.0
88;2021-04-11;36;10;0;68065;26241;0;18.9;7.3;0.0
88;2021-04-12;1437;909;0;69502;27150;0;19.3;7.6;0.0
88;2021-04-13;1975;1037;0;71477;28187;0;19.9;7.8;0.0
88;2021-04-14;1853;870;0;73330;29057;0;20.4;8.1;0.0
88;2021-04-15;1864;1195;0;75194;30252;0;20.9;8.4;0.0
88;2021-04-16;2021;974;0;77215;31226;0;21.5;8.7;0.0
88;2021-04-17;1251;706;0;78466;31932;0;21.8;8.9;0.0
88;2021-04-18;228;23;0;78694;31955;0;21.9;8.9;0.0
88;2021-04-19;1131;1073;0;79825;33028;0;22.2;9.2;0.0
88;2021-04-20;1145;1257;0;80970;34285;0;22.5;9.5;0.0
88;2021-04-21;1451;1215;0;82421;35500;0;22.9;9.9;0.0
88;2021-04-22;1876;1539;0;84297;37039;0;23.4;10.3;0.0
88;2021-04-23;1795;1908;0;86092;38947;0;23.9;10.8;0.0
88;2021-04-24;1039;749;0;87131;39696;0;24.2;11.0;0.0
88;2021-04-25;40;3;0;87171;39699;0;24.2;11.0;0.0
88;2021-04-26;1106;1043;0;88277;40742;0;24.6;11.3;0.0
88;2021-04-27;1228;1621;0;89505;42363;0;24.9;11.8;0.0
88;2021-04-28;1526;1363;0;91031;43726;0;25.3;12.2;0.0
88;2021-04-29;1873;1371;0;92904;45097;0;25.8;12.5;0.0
88;2021-04-30;2240;1455;1;95144;46552;1;26.5;12.9;0.0
88;2021-05-01;1905;287;0;97049;46839;1;27.0;13.0;0.0
88;2021-05-02;1180;121;0;98229;46960;1;27.3;13.1;0.0
88;2021-05-03;1465;1098;0;99694;48058;1;27.7;13.4;0.0
88;2021-05-04;1394;1367;0;101088;49425;1;28.1;13.7;0.0
88;2021-05-05;2268;1477;0;103356;50902;1;28.7;14.2;0.0
88;2021-05-06;2955;1173;0;106311;52075;1;29.6;14.5;0.0
88;2021-05-07;2619;1225;0;108930;53300;1;30.3;14.8;0.0
88;2021-05-08;1455;464;0;110385;53764;1;30.7;15.0;0.0
88;2021-05-09;1461;146;0;111846;53910;1;31.1;15.0;0.0
88;2021-05-10;1632;1483;0;113478;55393;1;31.6;15.4;0.0
88;2021-05-11;2408;1819;0;115886;57212;1;32.2;15.9;0.0
88;2021-05-12;2335;1737;0;118221;58949;1;32.9;16.4;0.0
88;2021-05-13;2715;640;0;120936;59589;1;33.6;16.6;0.0
88;2021-05-14;2220;1381;0;123156;60970;1;34.3;17.0;0.0
88;2021-05-15;1631;741;0;124787;61711;1;34.7;17.2;0.0
88;2021-05-16;1132;95;0;125919;61806;1;35.0;17.2;0.0
88;2021-05-17;1751;910;0;127670;62716;1;35.5;17.4;0.0
88;2021-05-18;1980;1060;0;129650;63776;1;36.1;17.7;0.0
88;2021-05-19;2334;1068;0;131984;64844;1;36.7;18.0;0.0
88;2021-05-20;2818;1186;0;134802;66030;1;37.5;18.4;0.0
88;2021-05-21;2447;1101;0;137249;67131;1;38.2;18.7;0.0
88;2021-05-22;1470;712;0;138719;67843;1;38.6;18.9;0.0
88;2021-05-23;536;73;0;139255;67916;1;38.7;18.9;0.0
88;2021-05-24;1257;388;0;140512;68304;1;39.1;19.0;0.0
88;2021-05-25;1446;1095;0;141958;69399;1;39.5;19.3;0.0
88;2021-05-26;2062;1070;0;144020;70469;1;40.1;19.6;0.0
88;2021-05-27;1795;1268;0;145815;71737;1;40.6;20.0;0.0
88;2021-05-28;1683;1859;0;147498;73596;1;41.0;20.5;0.0
88;2021-05-29;1243;1693;0;148741;75289;1;41.4;20.9;0.0
88;2021-05-30;548;406;0;149289;75695;1;41.5;21.1;0.0
88;2021-05-31;1142;1726;0;150431;77421;1;41.8;21.5;0.0
88;2021-06-01;1589;1880;0;152020;79301;1;42.3;22.1;0.0
88;2021-06-02;1847;1766;0;153867;81067;1;42.8;22.5;0.0
88;2021-06-03;2508;1593;0;156375;82660;1;43.5;23.0;0.0
88;2021-06-04;1864;1842;0;158239;84502;1;44.0;23.5;0.0
88;2021-06-05;1430;1106;0;159669;85608;1;44.4;23.8;0.0
88;2021-06-06;670;151;0;160339;85759;1;44.6;23.9;0.0
88;2021-06-07;1238;1601;0;161577;87360;1;44.9;24.3;0.0
88;2021-06-08;1619;1789;0;163196;89149;1;45.4;24.8;0.0
88;2021-06-09;1591;1806;0;164787;90955;1;45.8;25.3;0.0
88;2021-06-10;1746;1913;0;166533;92868;1;46.3;25.8;0.0
88;2021-06-11;1551;2103;0;168084;94971;1;46.8;26.4;0.0
88;2021-06-12;754;1628;0;168838;96599;1;47.0;26.9;0.0
88;2021-06-13;452;356;0;169290;96955;1;47.1;27.0;0.0
88;2021-06-14;954;2061;0;170244;99016;1;47.4;27.5;0.0
88;2021-06-15;1802;2341;0;172046;101357;1;47.9;28.2;0.0
88;2021-06-16;1408;2714;0;173454;104071;1;48.2;28.9;0.0
88;2021-06-17;1560;2551;0;175014;106622;1;48.7;29.7;0.0
88;2021-06-18;1358;2304;0;176372;108926;1;49.1;30.3;0.0
88;2021-06-19;627;1075;0;176999;110001;1;49.2;30.6;0.0
88;2021-06-20;78;82;0;177077;110083;1;49.3;30.6;0.0
88;2021-06-21;643;2287;0;177720;112370;1;49.4;31.3;0.0
88;2021-06-22;882;3181;0;178602;115551;1;49.7;32.1;0.0
88;2021-06-23;1094;2649;0;179696;118200;1;50.0;32.9;0.0
88;2021-06-24;712;2471;0;180408;120671;1;50.2;33.6;0.0
88;2021-06-25;1359;2920;0;181767;123591;1;50.6;34.4;0.0
88;2021-06-26;802;2030;0;182569;125621;1;50.8;34.9;0.0
88;2021-06-27;520;623;0;183089;126244;1;50.9;35.1;0.0
88;2021-06-28;702;2219;0;183791;128463;1;51.1;35.7;0.0
88;2021-06-29;829;3055;0;184620;131518;1;51.4;36.6;0.0
88;2021-06-30;1029;2847;0;185649;134365;1;51.6;37.4;0.0
88;2021-07-01;1056;2553;0;186705;136918;1;51.9;38.1;0.0
88;2021-07-02;1026;2898;0;187731;139816;1;52.2;38.9;0.0
88;2021-07-03;656;1700;0;188387;141516;1;52.4;39.4;0.0
88;2021-07-04;250;771;0;188637;142287;1;52.5;39.6;0.0
88;2021-07-05;945;1791;0;189582;144078;1;52.7;40.1;0.0
88;2021-07-06;1012;2179;0;190594;146257;1;53.0;40.7;0.0
88;2021-07-07;1146;2412;0;191740;148669;1;53.3;41.4;0.0
88;2021-07-08;1005;1964;0;192745;150633;1;53.6;41.9;0.0
88;2021-07-09;1536;2467;0;194281;153100;1;54.0;42.6;0.0
88;2021-07-10;729;1818;0;195010;154918;1;54.2;43.1;0.0
88;2021-07-11;444;656;0;195454;155574;1;54.4;43.3;0.0
88;2021-07-12;991;2292;0;196445;157866;1;54.6;43.9;0.0
88;2021-07-13;1289;2453;0;197734;160319;1;55.0;44.6;0.0
88;2021-07-14;1116;720;0;198850;161039;1;55.3;44.8;0.0
88;2021-07-15;1713;3133;0;200563;164172;1;55.8;45.7;0.0
88;2021-07-16;1533;2861;0;202096;167033;1;56.2;46.5;0.0
88;2021-07-17;960;1691;0;203056;168724;1;56.5;46.9;0.0
88;2021-07-18;320;727;0;203376;169451;1;56.6;47.1;0.0
88;2021-07-19;1500;2044;0;204876;171495;1;57.0;47.7;0.0
88;2021-07-20;2083;2308;0;206959;173803;1;57.6;48.3;0.0
88;2021-07-21;1959;2194;0;208918;175997;1;58.1;49.0;0.0
88;2021-07-22;1872;2195;0;210790;178192;1;58.6;49.6;0.0
88;2021-07-23;2517;2784;0;213307;180976;1;59.3;50.3;0.0
88;2021-07-24;1262;1320;0;214569;182296;1;59.7;50.7;0.0
88;2021-07-25;445;591;0;215014;182887;1;59.8;50.9;0.0
88;2021-07-26;1654;1896;0;216668;184783;1;60.3;51.4;0.0
88;2021-07-27;2361;1971;0;219029;186754;1;60.9;51.9;0.0
88;2021-07-28;2316;1906;0;221345;188660;1;61.6;52.5;0.0
88;2021-07-29;2994;1599;0;224339;190259;1;62.4;52.9;0.0
88;2021-07-30;2340;2246;0;226679;192505;1;63.1;53.5;0.0
88;2021-07-31;1308;1112;0;227987;193617;1;63.4;53.9;0.0
88;2021-08-01;452;448;0;228439;194065;1;63.5;54.0;0.0
88;2021-08-02;2248;1620;0;230687;195685;1;64.2;54.4;0.0
88;2021-08-03;2762;1511;0;233449;197196;1;64.9;54.8;0.0
88;2021-08-04;2450;1541;0;235899;198737;1;65.6;55.3;0.0
88;2021-08-05;2028;1375;0;237927;200112;1;66.2;55.7;0.0
88;2021-08-06;2847;1930;0;240774;202042;1;67.0;56.2;0.0
88;2021-08-07;1232;992;0;242006;203034;1;67.3;56.5;0.0
88;2021-08-08;717;317;0;242723;203351;1;67.5;56.6;0.0
88;2021-08-09;1424;1562;0;244147;204913;1;67.9;57.0;0.0
88;2021-08-10;1826;1962;0;245973;206875;1;68.4;57.5;0.0
88;2021-08-11;1759;1679;0;247732;208554;1;68.9;58.0;0.0
88;2021-08-12;1582;1375;0;249314;209929;1;69.3;58.4;0.0
88;2021-08-13;1839;2078;0;251153;212007;1;69.9;59.0;0.0
88;2021-08-14;591;999;0;251744;213006;1;70.0;59.2;0.0
88;2021-08-15;280;485;0;252024;213491;1;70.1;59.4;0.0
88;2021-08-16;1041;1857;0;253065;215348;1;70.4;59.9;0.0
88;2021-08-17;1206;1976;0;254271;217324;1;70.7;60.4;0.0
88;2021-08-18;1179;1915;0;255450;219239;1;71.1;61.0;0.0
88;2021-08-19;998;1600;0;256448;220839;1;71.3;61.4;0.0
88;2021-08-20;1023;2278;0;257471;223117;1;71.6;62.1;0.0
88;2021-08-21;439;1292;0;257910;224409;1;71.7;62.4;0.0
88;2021-08-22;91;471;0;258001;224880;1;71.8;62.6;0.0
88;2021-08-23;695;1562;0;258696;226442;1;72.0;63.0;0.0
88;2021-08-24;871;1899;0;259567;228341;1;72.2;63.5;0.0
88;2021-08-25;856;2411;0;260423;230752;1;72.4;64.2;0.0
88;2021-08-26;834;2035;0;261257;232787;1;72.7;64.7;0.0
88;2021-08-27;801;2634;0;262058;235421;1;72.9;65.5;0.0
88;2021-08-28;494;1451;0;262552;236872;1;73.0;65.9;0.0
88;2021-08-29;128;657;0;262680;237529;1;73.1;66.1;0.0
88;2021-08-30;665;2219;38;263345;239748;39;73.2;66.7;0.0
88;2021-08-31;781;2335;46;264126;242083;85;73.5;67.3;0.0
88;2021-09-01;667;1915;86;264793;243998;171;73.7;67.9;0.0
88;2021-09-02;646;1556;130;265439;245554;301;73.8;68.3;0.1
88;2021-09-03;726;2057;158;266165;247611;459;74.0;68.9;0.1
88;2021-09-04;465;1127;56;266630;248738;515;74.2;69.2;0.1
88;2021-09-05;182;366;53;266812;249104;568;74.2;69.3;0.2
88;2021-09-06;467;1085;148;267279;250189;716;74.3;69.6;0.2
88;2021-09-07;542;1153;190;267821;251342;906;74.5;69.9;0.3
88;2021-09-08;452;1245;149;268273;252587;1055;74.6;70.3;0.3
88;2021-09-09;530;783;293;268803;253370;1348;74.8;70.5;0.4
88;2021-09-10;594;1286;227;269397;254656;1575;74.9;70.8;0.4
88;2021-09-11;351;811;72;269748;255467;1647;75.0;71.1;0.5
88;2021-09-12;62;122;18;269810;255589;1665;75.0;71.1;0.5
88;2021-09-13;401;632;334;270211;256221;1999;75.2;71.3;0.6
88;2021-09-14;536;706;572;270747;256927;2571;75.3;71.5;0.7
88;2021-09-15;425;931;417;271172;257858;2988;75.4;71.7;0.8
88;2021-09-16;264;527;338;271436;258385;3326;75.5;71.9;0.9
88;2021-09-17;411;967;426;271847;259352;3752;75.6;72.1;1.0
88;2021-09-18;234;719;151;272081;260071;3903;75.7;72.3;1.1
88;2021-09-19;45;157;10;272126;260228;3913;75.7;72.4;1.1
88;2021-09-20;224;536;368;272350;260764;4281;75.8;72.5;1.2
88;2021-09-21;214;569;351;272564;261333;4632;75.8;72.7;1.3
88;2021-09-22;187;744;456;272751;262077;5088;75.9;72.9;1.4
88;2021-09-23;277;610;331;273028;262687;5419;75.9;73.1;1.5
88;2021-09-24;268;797;474;273296;263484;5893;76.0;73.3;1.6
88;2021-09-25;130;596;179;273426;264080;6072;76.1;73.5;1.7
88;2021-09-26;16;150;22;273442;264230;6094;76.1;73.5;1.7
88;2021-09-27;153;431;428;273595;264661;6522;76.1;73.6;1.8
88;2021-09-28;177;500;475;273772;265161;6997;76.1;73.8;1.9
88;2021-09-29;163;484;368;273935;265645;7365;76.2;73.9;2.0
88;2021-09-30;136;455;254;274071;266100;7619;76.2;74.0;2.1
88;2021-10-01;245;655;355;274316;266755;7974;76.3;74.2;2.2
88;2021-10-02;151;366;102;274467;267121;8076;76.3;74.3;2.2
88;2021-10-03;24;72;20;274491;267193;8096;76.3;74.3;2.3
88;2021-10-04;149;435;387;274640;267628;8483;76.4;74.4;2.4
88;2021-10-05;178;550;477;274818;268178;8960;76.4;74.6;2.5
88;2021-10-06;182;391;402;275000;268569;9362;76.5;74.7;2.6
88;2021-10-07;75;223;173;275075;268792;9535;76.5;74.8;2.7
88;2021-10-08;268;610;521;275343;269402;10056;76.6;74.9;2.8
88;2021-10-09;131;260;137;275474;269662;10193;76.6;75.0;2.8
88;2021-10-10;23;43;12;275497;269705;10205;76.6;75.0;2.8
88;2021-10-11;107;229;447;275604;269934;10652;76.7;75.1;3.0
88;2021-10-12;146;266;718;275750;270200;11370;76.7;75.2;3.2
88;2021-10-13;146;238;537;275896;270438;11907;76.7;75.2;3.3
88;2021-10-14;84;200;281;275980;270638;12188;76.8;75.3;3.4
88;2021-10-15;193;377;586;276173;271015;12774;76.8;75.4;3.6
88;2021-10-16;132;139;156;276305;271154;12930;76.9;75.4;3.6
88;2021-10-17;1;13;0;276306;271167;12930;76.9;75.4;3.6
88;2021-10-18;166;224;637;276472;271391;13567;76.9;75.5;3.8
88;2021-10-19;142;156;478;276614;271547;14045;76.9;75.5;3.9
88;2021-10-20;156;190;449;276770;271737;14494;77.0;75.6;4.0
88;2021-10-21;97;124;299;276867;271861;14793;77.0;75.6;4.1
88;2021-10-22;168;255;762;277035;272116;15555;77.1;75.7;4.3
88;2021-10-23;92;139;191;277127;272255;15746;77.1;75.7;4.4
88;2021-10-24;2;1;8;277129;272256;15754;77.1;75.7;4.4
88;2021-10-25;170;178;731;277299;272434;16485;77.1;75.8;4.6
88;2021-10-26;174;185;889;277473;272619;17374;77.2;75.8;4.8
88;2021-10-27;113;152;663;277586;272771;18037;77.2;75.9;5.0
88;2021-10-28;57;82;218;277643;272853;18255;77.2;75.9;5.1
88;2021-10-29;166;209;801;277809;273062;19056;77.3;76.0;5.3
88;2021-10-30;71;169;308;277880;273231;19364;77.3;76.0;5.4
88;2021-10-31;2;6;0;277882;273237;19364;77.3;76.0;5.4
88;2021-11-01;9;18;12;277891;273255;19376;77.3;76.0;5.4
88;2021-11-02;133;188;782;278024;273443;20158;77.3;76.1;5.6
88;2021-11-03;112;168;830;278136;273611;20988;77.4;76.1;5.8
88;2021-11-04;63;103;429;278199;273714;21417;77.4;76.1;6.0
88;2021-11-05;141;232;988;278340;273946;22405;77.4;76.2;6.2
88;2021-11-06;103;147;327;278443;274093;22732;77.4;76.2;6.3
88;2021-11-07;7;7;17;278450;274100;22749;77.5;76.2;6.3
88;2021-11-08;116;161;1013;278566;274261;23762;77.5;76.3;6.6
88;2021-11-09;95;182;1318;278661;274443;25080;77.5;76.3;7.0
88;2021-11-10;157;181;1270;278818;274624;26350;77.6;76.4;7.3
88;2021-11-11;1;7;11;278819;274631;26361;77.6;76.4;7.3
88;2021-11-12;140;155;1294;278959;274786;27655;77.6;76.4;7.7
88;2021-11-13;75;137;442;279034;274923;28097;77.6;76.5;7.8
88;2021-11-14;1;2;4;279035;274925;28101;77.6;76.5;7.8
88;2021-11-15;113;177;1226;279148;275102;29327;77.6;76.5;8.2
88;2021-11-16;140;144;1466;279288;275246;30793;77.7;76.6;8.6
88;2021-11-17;118;180;1068;279406;275426;31861;77.7;76.6;8.9
88;2021-11-18;78;84;828;279484;275510;32689;77.7;76.6;9.1
88;2021-11-19;165;213;1739;279649;275723;34428;77.8;76.7;9.6
88;2021-11-20;105;105;570;279754;275828;34998;77.8;76.7;9.7
88;2021-11-21;12;15;30;279766;275843;35028;77.8;76.7;9.7
88;2021-11-22;86;56;1232;279852;275899;36260;77.8;76.7;10.1
88;2021-11-23;142;143;1990;279994;276042;38250;77.9;76.8;10.6
88;2021-11-24;137;123;1363;280131;276165;39613;77.9;76.8;11.0
88;2021-11-25;87;73;1106;280218;276238;40719;77.9;76.8;11.3
88;2021-11-26;186;182;2243;280404;276420;42962;78.0;76.9;11.9
88;2021-11-27;137;150;1330;280541;276570;44292;78.0;76.9;12.3
88;2021-11-28;0;5;45;280541;276575;44337;78.0;76.9;12.3
88;2021-11-29;134;110;2545;280675;276685;46882;78.1;77.0;13.0
88;2021-11-30;98;105;2509;280773;276790;49391;78.1;77.0;13.7
88;2021-12-01;109;126;3425;280882;276916;52816;78.1;77.0;14.7
88;2021-12-02;121;52;3540;281003;276968;56356;78.2;77.0;15.7
88;2021-12-03;117;155;3778;281120;277123;60134;78.2;77.1;16.7
88;2021-12-04;95;106;2453;281215;277229;62587;78.2;77.1;17.4
88;2021-12-05;9;19;261;281224;277248;62848;78.2;77.1;17.5
88;2021-12-06;87;102;3173;281311;277350;66021;78.2;77.1;18.4
88;2021-12-07;114;129;4254;281425;277479;70275;78.3;77.2;19.5
88;2021-12-08;117;137;3688;281542;277616;73963;78.3;77.2;20.6
88;2021-12-09;109;104;3577;281651;277720;77540;78.3;77.2;21.6
88;2021-12-10;105;165;4482;281756;277885;82022;78.4;77.3;22.8
88;2021-12-11;118;140;2869;281874;278025;84891;78.4;77.3;23.6
88;2021-12-12;18;13;585;281892;278038;85476;78.4;77.3;23.8
88;2021-12-13;104;88;3608;281996;278126;89084;78.4;77.4;24.8
88;2021-12-14;156;171;5107;282152;278297;94191;78.5;77.4;26.2
88;2021-12-15;163;135;3948;282315;278432;98139;78.5;77.4;27.3
88;2021-12-16;148;116;4735;282463;278548;102874;78.6;77.5;28.6
88;2021-12-17;126;171;4486;282589;278719;107360;78.6;77.5;29.9
88;2021-12-18;119;148;2704;282708;278867;110064;78.6;77.6;30.6
88;2021-12-19;13;10;425;282721;278877;110489;78.6;77.6;30.7
88;2021-12-20;131;142;3269;282852;279019;113758;78.7;77.6;31.6
88;2021-12-21;165;150;3978;283017;279169;117736;78.7;77.7;32.7
88;2021-12-22;158;134;3582;283175;279303;121318;78.8;77.7;33.7
88;2021-12-23;104;88;2397;283279;279391;123715;78.8;77.7;34.4
88;2021-12-24;18;19;235;283297;279410;123950;78.8;77.7;34.5
88;2021-12-25;1;1;27;283298;279411;123977;78.8;77.7;34.5
88;2021-12-26;12;5;353;283310;279416;124330;78.8;77.7;34.6
88;2021-12-27;116;170;2963;283426;279586;127293;78.8;77.8;35.4
88;2021-12-28;177;143;3591;283603;279729;130884;78.9;77.8;36.4
89;2020-12-27;0;0;0;0;0;0;0.0;0.0;0.0
89;2020-12-28;0;0;0;0;0;0;0.0;0.0;0.0
89;2020-12-29;0;0;0;0;0;0;0.0;0.0;0.0
89;2020-12-30;0;0;0;0;0;0;0.0;0.0;0.0
89;2020-12-31;0;0;0;0;0;0;0.0;0.0;0.0
89;2021-01-01;0;0;0;0;0;0;0.0;0.0;0.0
89;2021-01-02;0;0;0;0;0;0;0.0;0.0;0.0
89;2021-01-03;0;0;0;0;0;0;0.0;0.0;0.0
89;2021-01-04;0;0;0;0;0;0;0.0;0.0;0.0
89;2021-01-05;3;0;0;3;0;0;0.0;0.0;0.0
89;2021-01-06;46;0;0;49;0;0;0.0;0.0;0.0
89;2021-01-07;194;0;0;243;0;0;0.1;0.0;0.0
89;2021-01-08;55;0;0;298;0;0;0.1;0.0;0.0
89;2021-01-09;4;0;0;302;0;0;0.1;0.0;0.0
89;2021-01-10;0;0;0;302;0;0;0.1;0.0;0.0
89;2021-01-11;221;0;0;523;0;0;0.2;0.0;0.0
89;2021-01-12;327;1;0;850;1;0;0.3;0.0;0.0
89;2021-01-13;501;3;0;1351;4;0;0.4;0.0;0.0
89;2021-01-14;637;7;0;1988;11;0;0.6;0.0;0.0
89;2021-01-15;287;3;0;2275;14;0;0.7;0.0;0.0
89;2021-01-16;90;4;0;2365;18;0;0.7;0.0;0.0
89;2021-01-17;0;0;0;2365;18;0;0.7;0.0;0.0
89;2021-01-18;494;1;0;2859;19;0;0.9;0.0;0.0
89;2021-01-19;775;4;0;3634;23;0;1.1;0.0;0.0
89;2021-01-20;762;0;0;4396;23;0;1.3;0.0;0.0
89;2021-01-21;879;1;0;5275;24;0;1.6;0.0;0.0
89;2021-01-22;960;1;0;6235;25;0;1.9;0.0;0.0
89;2021-01-23;154;0;0;6389;25;0;1.9;0.0;0.0
89;2021-01-24;93;1;0;6482;26;0;2.0;0.0;0.0
89;2021-01-25;479;3;0;6961;29;0;2.1;0.0;0.0
89;2021-01-26;584;15;0;7545;44;0;2.3;0.0;0.0
89;2021-01-27;489;34;0;8034;78;0;2.4;0.0;0.0
89;2021-01-28;551;118;0;8585;196;0;2.6;0.1;0.0
89;2021-01-29;849;41;0;9434;237;0;2.8;0.1;0.0
89;2021-01-30;165;64;0;9599;301;0;2.9;0.1;0.0
89;2021-01-31;23;2;0;9622;303;0;2.9;0.1;0.0
89;2021-02-01;257;153;0;9879;456;0;3.0;0.1;0.0
89;2021-02-02;283;322;0;10162;778;0;3.1;0.2;0.0
89;2021-02-03;293;325;0;10455;1103;0;3.1;0.3;0.0
89;2021-02-04;421;540;0;10876;1643;0;3.3;0.5;0.0
89;2021-02-05;364;193;0;11240;1836;0;3.4;0.6;0.0
89;2021-02-06;78;65;0;11318;1901;0;3.4;0.6;0.0
89;2021-02-07;1;1;0;11319;1902;0;3.4;0.6;0.0
89;2021-02-08;271;186;0;11590;2088;0;3.5;0.6;0.0
89;2021-02-09;294;441;0;11884;2529;0;3.6;0.8;0.0
89;2021-02-10;389;303;0;12273;2832;0;3.7;0.9;0.0
89;2021-02-11;330;555;0;12603;3387;0;3.8;1.0;0.0
89;2021-02-12;437;564;0;13040;3951;0;3.9;1.2;0.0
89;2021-02-13;50;125;0;13090;4076;0;3.9;1.2;0.0
89;2021-02-14;20;104;0;13110;4180;0;3.9;1.3;0.0
89;2021-02-15;211;407;0;13321;4587;0;4.0;1.4;0.0
89;2021-02-16;136;559;0;13457;5146;0;4.1;1.5;0.0
89;2021-02-17;271;431;0;13728;5577;0;4.1;1.7;0.0
89;2021-02-18;234;538;0;13962;6115;0;4.2;1.8;0.0
89;2021-02-19;235;609;0;14197;6724;0;4.3;2.0;0.0
89;2021-02-20;35;120;0;14232;6844;0;4.3;2.1;0.0
89;2021-02-21;1;9;0;14233;6853;0;4.3;2.1;0.0
89;2021-02-22;221;443;0;14454;7296;0;4.4;2.2;0.0
89;2021-02-23;179;491;0;14633;7787;0;4.4;2.3;0.0
89;2021-02-24;327;403;0;14960;8190;0;4.5;2.5;0.0
89;2021-02-25;385;461;0;15345;8651;0;4.6;2.6;0.0
89;2021-02-26;375;320;0;15720;8971;0;4.7;2.7;0.0
89;2021-02-27;143;89;0;15863;9060;0;4.8;2.7;0.0
89;2021-02-28;2;13;0;15865;9073;0;4.8;2.7;0.0
89;2021-03-01;518;249;0;16383;9322;0;4.9;2.8;0.0
89;2021-03-02;733;363;0;17116;9685;0;5.2;2.9;0.0
89;2021-03-03;641;272;0;17757;9957;0;5.3;3.0;0.0
89;2021-03-04;673;382;0;18430;10339;0;5.5;3.1;0.0
89;2021-03-05;755;486;0;19185;10825;0;5.8;3.3;0.0
89;2021-03-06;552;137;0;19737;10962;0;5.9;3.3;0.0
89;2021-03-07;308;47;0;20045;11009;0;6.0;3.3;0.0
89;2021-03-08;569;315;0;20614;11324;0;6.2;3.4;0.0
89;2021-03-09;1011;288;0;21625;11612;0;6.5;3.5;0.0
89;2021-03-10;1026;256;0;22651;11868;0;6.8;3.6;0.0
89;2021-03-11;1090;307;0;23741;12175;0;7.1;3.7;0.0
89;2021-03-12;1280;334;0;25021;12509;0;7.5;3.8;0.0
89;2021-03-13;635;48;0;25656;12557;0;7.7;3.8;0.0
89;2021-03-14;12;1;0;25668;12558;0;7.7;3.8;0.0
89;2021-03-15;839;304;0;26507;12862;0;8.0;3.9;0.0
89;2021-03-16;932;214;0;27439;13076;0;8.3;3.9;0.0
89;2021-03-17;923;208;0;28362;13284;0;8.5;4.0;0.0
89;2021-03-18;894;220;0;29256;13504;0;8.8;4.1;0.0
89;2021-03-19;1122;194;0;30378;13698;0;9.1;4.1;0.0
89;2021-03-20;827;28;0;31205;13726;0;9.4;4.1;0.0
89;2021-03-21;193;11;0;31398;13737;0;9.5;4.1;0.0
89;2021-03-22;1051;223;0;32449;13960;0;9.8;4.2;0.0
89;2021-03-23;1700;230;0;34149;14190;0;10.3;4.3;0.0
89;2021-03-24;1937;324;0;36086;14514;0;10.9;4.4;0.0
89;2021-03-25;1847;184;0;37933;14698;0;11.4;4.4;0.0
89;2021-03-26;2504;177;0;40437;14875;0;12.2;4.5;0.0
89;2021-03-27;1684;51;0;42121;14926;0;12.7;4.5;0.0
89;2021-03-28;26;0;0;42147;14926;0;12.7;4.5;0.0
89;2021-03-29;943;565;0;43090;15491;0;13.0;4.7;0.0
89;2021-03-30;1167;565;0;44257;16056;0;13.3;4.8;0.0
89;2021-03-31;1911;487;0;46168;16543;0;13.9;5.0;0.0
89;2021-04-01;2043;467;0;48211;17010;0;14.5;5.1;0.0
89;2021-04-02;1973;444;0;50184;17454;0;15.1;5.3;0.0
89;2021-04-03;912;243;0;51096;17697;0;15.4;5.3;0.0
89;2021-04-04;29;12;0;51125;17709;0;15.4;5.3;0.0
89;2021-04-05;92;5;0;51217;17714;0;15.4;5.3;0.0
89;2021-04-06;1017;751;0;52234;18465;0;15.7;5.6;0.0
89;2021-04-07;985;800;0;53219;19265;0;16.0;5.8;0.0
89;2021-04-08;1689;716;0;54908;19981;0;16.5;6.0;0.0
89;2021-04-09;2123;751;0;57031;20732;0;17.2;6.2;0.0
89;2021-04-10;896;184;0;57927;20916;0;17.4;6.3;0.0
89;2021-04-11;48;5;0;57975;20921;0;17.5;6.3;0.0
89;2021-04-12;967;791;0;58942;21712;0;17.7;6.5;0.0
89;2021-04-13;1315;1049;0;60257;22761;0;18.1;6.9;0.0
89;2021-04-14;1185;1007;0;61442;23768;0;18.5;7.2;0.0
89;2021-04-15;1381;928;0;62823;24696;0;18.9;7.4;0.0
89;2021-04-16;1322;916;0;64145;25612;0;19.3;7.7;0.0
89;2021-04-17;997;440;0;65142;26052;0;19.6;7.8;0.0
89;2021-04-18;47;176;0;65189;26228;0;19.6;7.9;0.0
89;2021-04-19;717;1021;0;65906;27249;0;19.8;8.2;0.0
89;2021-04-20;988;1532;0;66894;28781;0;20.1;8.7;0.0
89;2021-04-21;823;1091;0;67717;29872;0;20.4;9.0;0.0
89;2021-04-22;1060;1155;0;68777;31027;0;20.7;9.3;0.0
89;2021-04-23;1664;1892;0;70441;32919;0;21.2;9.9;0.0
89;2021-04-24;1138;1116;0;71579;34035;0;21.6;10.2;0.0
89;2021-04-25;180;18;0;71759;34053;0;21.6;10.3;0.0
89;2021-04-26;1440;749;0;73199;34802;0;22.0;10.5;0.0
89;2021-04-27;1720;1040;0;74919;35842;0;22.6;10.8;0.0
89;2021-04-28;1590;1764;0;76509;37606;0;23.0;11.3;0.0
89;2021-04-29;1915;1815;0;78424;39421;0;23.6;11.9;0.0
89;2021-04-30;1797;1639;0;80221;41060;0;24.2;12.4;0.0
89;2021-05-01;843;642;0;81064;41702;0;24.4;12.6;0.0
89;2021-05-02;161;47;0;81225;41749;0;24.5;12.6;0.0
89;2021-05-03;1520;777;0;82745;42526;0;24.9;12.8;0.0
89;2021-05-04;1573;1112;0;84318;43638;0;25.4;13.1;0.0
89;2021-05-05;2281;1190;0;86599;44828;0;26.1;13.5;0.0
89;2021-05-06;2350;1364;0;88949;46192;0;26.8;13.9;0.0
89;2021-05-07;2653;1274;0;91602;47466;0;27.6;14.3;0.0
89;2021-05-08;1671;504;0;93273;47970;0;28.1;14.4;0.0
89;2021-05-09;259;33;0;93532;48003;0;28.2;14.5;0.0
89;2021-05-10;1271;949;0;94803;48952;0;28.5;14.7;0.0
89;2021-05-11;2550;1450;0;97353;50402;0;29.3;15.2;0.0
89;2021-05-12;2112;1202;0;99465;51604;0;30.0;15.5;0.0
89;2021-05-13;542;318;0;100007;51922;0;30.1;15.6;0.0
89;2021-05-14;1957;1041;0;101964;52963;0;30.7;15.9;0.0
89;2021-05-15;2034;374;0;103998;53337;0;31.3;16.1;0.0
89;2021-05-16;109;50;0;104107;53387;0;31.3;16.1;0.0
89;2021-05-17;2169;631;0;106276;54018;0;32.0;16.3;0.0
89;2021-05-18;2428;831;0;108704;54849;0;32.7;16.5;0.0
89;2021-05-19;2880;878;0;111584;55727;0;33.6;16.8;0.0
89;2021-05-20;2966;885;0;114550;56612;0;34.5;17.0;0.0
89;2021-05-21;2503;854;0;117053;57466;0;35.2;17.3;0.0
89;2021-05-22;1397;565;0;118450;58031;0;35.7;17.5;0.0
89;2021-05-23;215;15;0;118665;58046;0;35.7;17.5;0.0
89;2021-05-24;442;219;0;119107;58265;0;35.9;17.5;0.0
89;2021-05-25;1650;972;0;120757;59237;0;36.4;17.8;0.0
89;2021-05-26;1863;1005;0;122620;60242;0;36.9;18.1;0.0
89;2021-05-27;2194;1329;0;124814;61571;0;37.6;18.5;0.0
89;2021-05-28;2134;1388;0;126948;62959;0;38.2;19.0;0.0
89;2021-05-29;688;651;0;127636;63610;0;38.4;19.2;0.0
89;2021-05-30;87;29;0;127723;63639;0;38.5;19.2;0.0
89;2021-05-31;1379;964;0;129102;64603;0;38.9;19.5;0.0
89;2021-06-01;1698;982;0;130800;65585;0;39.4;19.7;0.0
89;2021-06-02;2066;1231;0;132866;66816;0;40.0;20.1;0.0
89;2021-06-03;2449;1468;0;135315;68284;0;40.7;20.6;0.0
89;2021-06-04;2274;1834;0;137589;70118;0;41.4;21.1;0.0
89;2021-06-05;1258;1196;0;138847;71314;0;41.8;21.5;0.0
89;2021-06-06;98;69;0;138945;71383;0;41.8;21.5;0.0
89;2021-06-07;2144;1440;0;141089;72823;0;42.5;21.9;0.0
89;2021-06-08;2239;1484;0;143328;74307;0;43.2;22.4;0.0
89;2021-06-09;2296;1475;0;145624;75782;0;43.8;22.8;0.0
89;2021-06-10;2803;1637;0;148427;77419;0;44.7;23.3;0.0
89;2021-06-11;2003;1727;0;150430;79146;0;45.3;23.8;0.0
89;2021-06-12;1040;797;0;151470;79943;0;45.6;24.1;0.0
89;2021-06-13;198;433;0;151668;80376;0;45.7;24.2;0.0
89;2021-06-14;1365;1763;0;153033;82139;0;46.1;24.7;0.0
89;2021-06-15;1458;1968;0;154491;84107;0;46.5;25.3;0.0
89;2021-06-16;1159;2547;0;155650;86654;0;46.9;26.1;0.0
89;2021-06-17;1472;2366;0;157122;89020;0;47.3;26.8;0.0
89;2021-06-18;1625;2811;0;158747;91831;0;47.8;27.7;0.0
89;2021-06-19;722;1633;0;159469;93464;0;48.0;28.1;0.0
89;2021-06-20;71;161;0;159540;93625;0;48.0;28.2;0.0
89;2021-06-21;775;1563;0;160315;95188;0;48.3;28.7;0.0
89;2021-06-22;1080;2724;0;161395;97912;0;48.6;29.5;0.0
89;2021-06-23;1177;1891;0;162572;99803;0;49.0;30.1;0.0
89;2021-06-24;1116;1623;0;163688;101426;0;49.3;30.5;0.0
89;2021-06-25;984;2509;0;164672;103935;0;49.6;31.3;0.0
89;2021-06-26;605;2279;0;165277;106214;0;49.8;32.0;0.0
89;2021-06-27;42;90;0;165319;106304;0;49.8;32.0;0.0
89;2021-06-28;975;2544;0;166294;108848;0;50.1;32.8;0.0
89;2021-06-29;705;2545;0;166999;111393;0;50.3;33.5;0.0
89;2021-06-30;1058;3193;0;168057;114586;0;50.6;34.5;0.0
89;2021-07-01;981;2982;0;169038;117568;0;50.9;35.4;0.0
89;2021-07-02;1198;2757;0;170236;120325;0;51.3;36.2;0.0
89;2021-07-03;585;1585;0;170821;121910;0;51.4;36.7;0.0
89;2021-07-04;35;143;0;170856;122053;0;51.4;36.8;0.0
89;2021-07-05;1280;1877;0;172136;123930;0;51.8;37.3;0.0
89;2021-07-06;1059;2337;0;173195;126267;0;52.2;38.0;0.0
89;2021-07-07;710;1868;0;173905;128135;0;52.4;38.6;0.0
89;2021-07-08;852;1997;0;174757;130132;0;52.6;39.2;0.0
89;2021-07-09;1173;2576;0;175930;132708;0;53.0;40.0;0.0
89;2021-07-10;739;1025;0;176669;133733;0;53.2;40.3;0.0
89;2021-07-11;68;115;0;176737;133848;0;53.2;40.3;0.0
89;2021-07-12;1334;2000;0;178071;135848;0;53.6;40.9;0.0
89;2021-07-13;2094;2804;0;180165;138652;0;54.3;41.8;0.0
89;2021-07-14;433;449;0;180598;139101;0;54.4;41.9;0.0
89;2021-07-15;2214;3247;0;182812;142348;0;55.0;42.9;0.0
89;2021-07-16;2364;2940;0;185176;145288;0;55.8;43.7;0.0
89;2021-07-17;1281;1362;0;186457;146650;0;56.1;44.2;0.0
89;2021-07-18;336;171;0;186793;146821;0;56.2;44.2;0.0
89;2021-07-19;1636;2838;0;188429;149659;0;56.7;45.1;0.0
89;2021-07-20;2075;3332;0;190504;152991;0;57.4;46.1;0.0
89;2021-07-21;2088;2685;0;192592;155676;0;58.0;46.9;0.0
89;2021-07-22;2598;2970;0;195190;158646;0;58.8;47.8;0.0
89;2021-07-23;2542;3094;0;197732;161740;0;59.5;48.7;0.0
89;2021-07-24;1271;1237;0;199003;162977;0;59.9;49.1;0.0
89;2021-07-25;219;231;0;199222;163208;0;60.0;49.1;0.0
89;2021-07-26;1782;2313;0;201004;165521;0;60.5;49.8;0.0
89;2021-07-27;2494;1954;0;203498;167475;0;61.3;50.4;0.0
89;2021-07-28;2573;1423;0;206071;168898;0;62.1;50.9;0.0
89;2021-07-29;2604;1627;0;208675;170525;0;62.8;51.3;0.0
89;2021-07-30;2617;1658;0;211292;172183;0;63.6;51.8;0.0
89;2021-07-31;1173;1099;0;212465;173282;0;64.0;52.2;0.0
89;2021-08-01;175;68;0;212640;173350;0;64.0;52.2;0.0
89;2021-08-02;1851;1346;0;214491;174696;0;64.6;52.6;0.0
89;2021-08-03;2404;1298;0;216895;175994;0;65.3;53.0;0.0
89;2021-08-04;1509;1610;0;218404;177604;0;65.8;53.5;0.0
89;2021-08-05;1508;1665;0;219912;179269;0;66.2;54.0;0.0
89;2021-08-06;2094;1671;0;222006;180940;0;66.8;54.5;0.0
89;2021-08-07;929;1195;0;222935;182135;0;67.1;54.8;0.0
89;2021-08-08;94;103;0;223029;182238;0;67.2;54.9;0.0
89;2021-08-09;1094;1341;0;224123;183579;0;67.5;55.3;0.0
89;2021-08-10;1692;1849;0;225815;185428;0;68.0;55.8;0.0
89;2021-08-11;1470;1613;0;227285;187041;0;68.4;56.3;0.0
89;2021-08-12;1340;1451;0;228625;188492;0;68.8;56.8;0.0
89;2021-08-13;1233;1975;0;229858;190467;0;69.2;57.4;0.0
89;2021-08-14;521;1116;0;230379;191583;0;69.4;57.7;0.0
89;2021-08-15;38;109;0;230417;191692;0;69.4;57.7;0.0
89;2021-08-16;1017;2047;0;231434;193739;0;69.7;58.3;0.0
89;2021-08-17;801;1700;0;232235;195439;0;69.9;58.9;0.0
89;2021-08-18;615;1942;0;232850;197381;0;70.1;59.4;0.0
89;2021-08-19;698;1449;0;233548;198830;0;70.3;59.9;0.0
89;2021-08-20;1009;2208;0;234557;201038;0;70.6;60.5;0.0
89;2021-08-21;311;1158;0;234868;202196;0;70.7;60.9;0.0
89;2021-08-22;42;139;0;234910;202335;0;70.7;60.9;0.0
89;2021-08-23;741;2256;0;235651;204591;0;71.0;61.6;0.0
89;2021-08-24;842;2440;0;236493;207031;0;71.2;62.3;0.0
89;2021-08-25;576;1544;0;237069;208575;0;71.4;62.8;0.0
89;2021-08-26;588;2022;0;237657;210597;0;71.6;63.4;0.0
89;2021-08-27;784;2233;0;238441;212830;0;71.8;64.1;0.0
89;2021-08-28;381;1372;0;238822;214202;0;71.9;64.5;0.0
89;2021-08-29;21;148;0;238843;214350;0;71.9;64.5;0.0
89;2021-08-30;588;2193;25;239431;216543;25;72.1;65.2;0.0
89;2021-08-31;578;1590;40;240009;218133;65;72.3;65.7;0.0
89;2021-09-01;550;1362;82;240559;219495;147;72.4;66.1;0.0
89;2021-09-02;469;1386;151;241028;220881;298;72.6;66.5;0.1
89;2021-09-03;594;1884;181;241622;222765;479;72.8;67.1;0.1
89;2021-09-04;463;954;56;242085;223719;535;72.9;67.4;0.2
89;2021-09-05;27;35;7;242112;223754;542;72.9;67.4;0.2
89;2021-09-06;394;1484;295;242506;225238;837;73.0;67.8;0.3
89;2021-09-07;356;944;236;242862;226182;1073;73.1;68.1;0.3
89;2021-09-08;346;904;173;243208;227086;1246;73.2;68.4;0.4
89;2021-09-09;278;832;132;243486;227918;1378;73.3;68.6;0.4
89;2021-09-10;461;1340;174;243947;229258;1552;73.5;69.0;0.5
89;2021-09-11;295;792;61;244242;230050;1613;73.5;69.3;0.5
89;2021-09-12;14;56;10;244256;230106;1623;73.5;69.3;0.5
89;2021-09-13;381;1026;232;244637;231132;1855;73.7;69.6;0.6
89;2021-09-14;380;664;218;245017;231796;2073;73.8;69.8;0.6
89;2021-09-15;253;728;164;245270;232524;2237;73.9;70.0;0.7
89;2021-09-16;253;544;414;245523;233068;2651;73.9;70.2;0.8
89;2021-09-17;477;1039;344;246000;234107;2995;74.1;70.5;0.9
89;2021-09-18;183;749;92;246183;234856;3087;74.1;70.7;0.9
89;2021-09-19;9;23;12;246192;234879;3099;74.1;70.7;0.9
89;2021-09-20;254;670;381;246446;235549;3480;74.2;70.9;1.0
89;2021-09-21;301;455;467;246747;236004;3947;74.3;71.1;1.2
89;2021-09-22;205;602;261;246952;236606;4208;74.4;71.2;1.3
89;2021-09-23;220;421;274;247172;237027;4482;74.4;71.4;1.3
89;2021-09-24;301;822;322;247473;237849;4804;74.5;71.6;1.4
89;2021-09-25;112;486;75;247585;238335;4879;74.6;71.8;1.5
89;2021-09-26;8;29;5;247593;238364;4884;74.6;71.8;1.5
89;2021-09-27;181;439;378;247774;238803;5262;74.6;71.9;1.6
89;2021-09-28;240;367;309;248014;239170;5571;74.7;72.0;1.7
89;2021-09-29;200;375;312;248214;239545;5883;74.7;72.1;1.8
89;2021-09-30;151;406;330;248365;239951;6213;74.8;72.3;1.9
89;2021-10-01;297;494;381;248662;240445;6594;74.9;72.4;2.0
89;2021-10-02;141;358;84;248803;240803;6678;74.9;72.5;2.0
89;2021-10-03;7;21;5;248810;240824;6683;74.9;72.5;2.0
89;2021-10-04;127;392;329;248937;241216;7012;75.0;72.6;2.1
89;2021-10-05;150;430;328;249087;241646;7340;75.0;72.8;2.2
89;2021-10-06;231;423;434;249318;242069;7774;75.1;72.9;2.3
89;2021-10-07;83;322;385;249401;242391;8159;75.1;73.0;2.5
89;2021-10-08;226;526;494;249627;242917;8653;75.2;73.1;2.6
89;2021-10-09;126;252;173;249753;243169;8826;75.2;73.2;2.7
89;2021-10-10;1;9;7;249754;243178;8833;75.2;73.2;2.7
89;2021-10-11;137;296;276;249891;243474;9109;75.2;73.3;2.7
89;2021-10-12;116;228;432;250007;243702;9541;75.3;73.4;2.9
89;2021-10-13;162;257;398;250169;243959;9939;75.3;73.5;3.0
89;2021-10-14;120;243;397;250289;244202;10336;75.4;73.5;3.1
89;2021-10-15;209;420;518;250498;244622;10854;75.4;73.7;3.3
89;2021-10-16;119;137;153;250617;244759;11007;75.5;73.7;3.3
89;2021-10-17;5;12;31;250622;244771;11038;75.5;73.7;3.3
89;2021-10-18;120;246;399;250742;245017;11437;75.5;73.8;3.4
89;2021-10-19;141;240;547;250883;245257;11984;75.5;73.9;3.6
89;2021-10-20;104;267;640;250987;245524;12624;75.6;73.9;3.8
89;2021-10-21;106;157;549;251093;245681;13173;75.6;74.0;4.0
89;2021-10-22;227;324;586;251320;246005;13759;75.7;74.1;4.1
89;2021-10-23;105;149;304;251425;246154;14063;75.7;74.1;4.2
89;2021-10-24;1;9;3;251426;246163;14066;75.7;74.1;4.2
89;2021-10-25;101;143;569;251527;246306;14635;75.7;74.2;4.4
89;2021-10-26;97;134;621;251624;246440;15256;75.8;74.2;4.6
89;2021-10-27;139;215;784;251763;246655;16040;75.8;74.3;4.8
89;2021-10-28;75;119;735;251838;246774;16775;75.8;74.3;5.1
89;2021-10-29;134;220;707;251972;246994;17482;75.9;74.4;5.3
89;2021-10-30;73;116;345;252045;247110;17827;75.9;74.4;5.4
89;2021-10-31;5;12;18;252050;247122;17845;75.9;74.4;5.4
89;2021-11-01;9;8;12;252059;247130;17857;75.9;74.4;5.4
89;2021-11-02;105;156;609;252164;247286;18466;75.9;74.5;5.6
89;2021-11-03;129;222;947;252293;247508;19413;76.0;74.5;5.8
89;2021-11-04;85;109;589;252378;247617;20002;76.0;74.6;6.0
89;2021-11-05;164;229;951;252542;247846;20953;76.0;74.6;6.3
89;2021-11-06;61;146;409;252603;247992;21362;76.1;74.7;6.4
89;2021-11-07;1;9;18;252604;248001;21380;76.1;74.7;6.4
89;2021-11-08;120;99;868;252724;248100;22248;76.1;74.7;6.7
89;2021-11-09;99;126;932;252823;248226;23180;76.1;74.7;7.0
89;2021-11-10;143;164;1199;252966;248390;24379;76.2;74.8;7.3
89;2021-11-11;6;11;43;252972;248401;24422;76.2;74.8;7.4
89;2021-11-12;115;189;1038;253087;248590;25460;76.2;74.9;7.7
89;2021-11-13;59;138;651;253146;248728;26111;76.2;74.9;7.9
89;2021-11-14;4;13;30;253150;248741;26141;76.2;74.9;7.9
89;2021-11-15;101;125;1119;253251;248866;27260;76.3;74.9;8.2
89;2021-11-16;103;126;1233;253354;248992;28493;76.3;75.0;8.6
89;2021-11-17;143;169;1158;253497;249161;29651;76.3;75.0;8.9
89;2021-11-18;62;86;768;253559;249247;30419;76.4;75.1;9.2
89;2021-11-19;144;206;1344;253703;249453;31763;76.4;75.1;9.6
89;2021-11-20;101;130;746;253804;249583;32509;76.4;75.2;9.8
89;2021-11-21;12;15;40;253816;249598;32549;76.4;75.2;9.8
89;2021-11-22;115;92;1326;253931;249690;33875;76.5;75.2;10.2
89;2021-11-23;98;104;1302;254029;249794;35177;76.5;75.2;10.6
89;2021-11-24;150;121;1263;254179;249915;36440;76.5;75.3;11.0
89;2021-11-25;100;126;1424;254279;250041;37864;76.6;75.3;11.4
89;2021-11-26;125;159;1925;254404;250200;39789;76.6;75.3;12.0
89;2021-11-27;105;117;1081;254509;250317;40870;76.6;75.4;12.3
89;2021-11-28;2;18;79;254511;250335;40949;76.6;75.4;12.3
89;2021-11-29;103;133;1859;254614;250468;42808;76.7;75.4;12.9
89;2021-11-30;105;127;2338;254719;250595;45146;76.7;75.5;13.6
89;2021-12-01;114;131;2488;254833;250726;47634;76.7;75.5;14.3
89;2021-12-02;80;61;2325;254913;250787;49959;76.8;75.5;15.0
89;2021-12-03;108;125;2900;255021;250912;52859;76.8;75.6;15.9
89;2021-12-04;42;92;1825;255063;251004;54684;76.8;75.6;16.5
89;2021-12-05;5;8;108;255068;251012;54792;76.8;75.6;16.5
89;2021-12-06;79;99;3377;255147;251111;58169;76.8;75.6;17.5
89;2021-12-07;111;113;3570;255258;251224;61739;76.9;75.6;18.6
89;2021-12-08;108;107;3163;255366;251331;64902;76.9;75.7;19.5
89;2021-12-09;118;85;3401;255484;251416;68303;76.9;75.7;20.6
89;2021-12-10;118;157;4014;255602;251573;72317;77.0;75.8;21.8
89;2021-12-11;62;121;2712;255664;251694;75029;77.0;75.8;22.6
89;2021-12-12;10;12;238;255674;251706;75267;77.0;75.8;22.7
89;2021-12-13;108;144;3816;255782;251850;79083;77.0;75.8;23.8
89;2021-12-14;110;127;5084;255892;251977;84167;77.1;75.9;25.3
89;2021-12-15;105;159;3672;255997;252136;87839;77.1;75.9;26.4
89;2021-12-16;109;127;4130;256106;252263;91969;77.1;76.0;27.7
89;2021-12-17;116;138;3747;256222;252401;95716;77.2;76.0;28.8
89;2021-12-18;98;141;2768;256320;252542;98484;77.2;76.0;29.7
89;2021-12-19;35;17;1159;256355;252559;99643;77.2;76.0;30.0
89;2021-12-20;184;128;3523;256539;252687;103166;77.2;76.1;31.1
89;2021-12-21;183;161;4034;256722;252848;107200;77.3;76.1;32.3
89;2021-12-22;137;111;3354;256859;252959;110554;77.3;76.2;33.3
89;2021-12-23;123;83;2122;256982;253042;112676;77.4;76.2;33.9
89;2021-12-24;23;30;449;257005;253072;113125;77.4;76.2;34.1
89;2021-12-25;4;8;34;257009;253080;113159;77.4;76.2;34.1
89;2021-12-26;5;6;90;257014;253086;113249;77.4;76.2;34.1
89;2021-12-27;108;90;2699;257122;253176;115948;77.4;76.2;34.9
89;2021-12-28;175;141;3236;257297;253317;119184;77.5;76.3;35.9
90;2020-12-27;0;0;0;0;0;0;0.0;0.0;0.0
90;2020-12-28;0;0;0;0;0;0;0.0;0.0;0.0
90;2020-12-29;0;0;0;0;0;0;0.0;0.0;0.0
90;2020-12-30;1;0;0;1;0;0;0.0;0.0;0.0
90;2020-12-31;0;0;0;1;0;0;0.0;0.0;0.0
90;2021-01-01;0;0;0;1;0;0;0.0;0.0;0.0
90;2021-01-02;1;0;0;2;0;0;0.0;0.0;0.0
90;2021-01-03;0;0;0;2;0;0;0.0;0.0;0.0
90;2021-01-04;4;0;0;6;0;0;0.0;0.0;0.0
90;2021-01-05;0;0;0;6;0;0;0.0;0.0;0.0
90;2021-01-06;6;0;0;12;0;0;0.0;0.0;0.0
90;2021-01-07;10;0;0;22;0;0;0.0;0.0;0.0
90;2021-01-08;93;0;0;115;0;0;0.1;0.0;0.0
90;2021-01-09;35;0;0;150;0;0;0.1;0.0;0.0
90;2021-01-10;0;0;0;150;0;0;0.1;0.0;0.0
90;2021-01-11;136;0;0;286;0;0;0.2;0.0;0.0
90;2021-01-12;335;0;0;621;0;0;0.4;0.0;0.0
90;2021-01-13;358;2;0;979;2;0;0.7;0.0;0.0
90;2021-01-14;310;2;0;1289;4;0;0.9;0.0;0.0
90;2021-01-15;299;7;0;1588;11;0;1.1;0.0;0.0
90;2021-01-16;77;2;0;1665;13;0;1.2;0.0;0.0
90;2021-01-17;1;0;0;1666;13;0;1.2;0.0;0.0
90;2021-01-18;278;1;0;1944;14;0;1.4;0.0;0.0
90;2021-01-19;358;5;0;2302;19;0;1.6;0.0;0.0
90;2021-01-20;318;2;0;2620;21;0;1.9;0.0;0.0
90;2021-01-21;301;1;0;2921;22;0;2.1;0.0;0.0
90;2021-01-22;335;1;0;3256;23;0;2.3;0.0;0.0
90;2021-01-23;118;0;0;3374;23;0;2.4;0.0;0.0
90;2021-01-24;2;0;0;3376;23;0;2.4;0.0;0.0
90;2021-01-25;287;3;0;3663;26;0;2.6;0.0;0.0
90;2021-01-26;259;2;0;3922;28;0;2.8;0.0;0.0
90;2021-01-27;267;4;0;4189;32;0;3.0;0.0;0.0
90;2021-01-28;301;24;0;4490;56;0;3.2;0.0;0.0
90;2021-01-29;245;89;0;4735;145;0;3.4;0.1;0.0
90;2021-01-30;134;23;0;4869;168;0;3.5;0.1;0.0
90;2021-01-31;111;0;0;4980;168;0;3.6;0.1;0.0
90;2021-02-01;254;62;0;5234;230;0;3.7;0.2;0.0
90;2021-02-02;271;99;0;5505;329;0;3.9;0.2;0.0
90;2021-02-03;233;271;0;5738;600;0;4.1;0.4;0.0
90;2021-02-04;235;218;0;5973;818;0;4.3;0.6;0.0
90;2021-02-05;225;224;0;6198;1042;0;4.4;0.7;0.0
90;2021-02-06;83;49;0;6281;1091;0;4.5;0.8;0.0
90;2021-02-07;2;0;0;6283;1091;0;4.5;0.8;0.0
90;2021-02-08;161;155;0;6444;1246;0;4.6;0.9;0.0
90;2021-02-09;117;112;0;6561;1358;0;4.7;1.0;0.0
90;2021-02-10;177;36;0;6738;1394;0;4.8;1.0;0.0
90;2021-02-11;164;93;0;6902;1487;0;4.9;1.1;0.0
90;2021-02-12;129;214;0;7031;1701;0;5.0;1.2;0.0
90;2021-02-13;83;42;0;7114;1743;0;5.1;1.2;0.0
90;2021-02-14;0;1;0;7114;1744;0;5.1;1.2;0.0
90;2021-02-15;118;210;0;7232;1954;0;5.2;1.4;0.0
90;2021-02-16;100;200;0;7332;2154;0;5.2;1.5;0.0
90;2021-02-17;145;181;0;7477;2335;0;5.3;1.7;0.0
90;2021-02-18;128;256;0;7605;2591;0;5.4;1.8;0.0
90;2021-02-19;81;257;0;7686;2848;0;5.5;2.0;0.0
90;2021-02-20;45;92;0;7731;2940;0;5.5;2.1;0.0
90;2021-02-21;0;1;0;7731;2941;0;5.5;2.1;0.0
90;2021-02-22;46;295;0;7777;3236;0;5.5;2.3;0.0
90;2021-02-23;49;247;0;7826;3483;0;5.6;2.5;0.0
90;2021-02-24;79;268;0;7905;3751;0;5.6;2.7;0.0
90;2021-02-25;89;304;0;7994;4055;0;5.7;2.9;0.0
90;2021-02-26;95;318;0;8089;4373;0;5.8;3.1;0.0
90;2021-02-27;140;155;0;8229;4528;0;5.9;3.2;0.0
90;2021-02-28;7;106;0;8236;4634;0;5.9;3.3;0.0
90;2021-03-01;150;206;0;8386;4840;0;6.0;3.5;0.0
90;2021-03-02;182;263;0;8568;5103;0;6.1;3.6;0.0
90;2021-03-03;227;299;0;8795;5402;0;6.3;3.9;0.0
90;2021-03-04;225;245;0;9020;5647;0;6.4;4.0;0.0
90;2021-03-05;339;248;0;9359;5895;0;6.7;4.2;0.0
90;2021-03-06;261;98;0;9620;5993;0;6.9;4.3;0.0
90;2021-03-07;27;2;0;9647;5995;0;6.9;4.3;0.0
90;2021-03-08;186;227;0;9833;6222;0;7.0;4.4;0.0
90;2021-03-09;360;146;0;10193;6368;0;7.3;4.5;0.0
90;2021-03-10;323;182;0;10516;6550;0;7.5;4.7;0.0
90;2021-03-11;314;133;0;10830;6683;0;7.7;4.8;0.0
90;2021-03-12;486;130;0;11316;6813;0;8.1;4.9;0.0
90;2021-03-13;491;51;0;11807;6864;0;8.4;4.9;0.0
90;2021-03-14;53;0;0;11860;6864;0;8.5;4.9;0.0
90;2021-03-15;390;121;0;12250;6985;0;8.7;5.0;0.0
90;2021-03-16;421;103;0;12671;7088;0;9.0;5.1;0.0
90;2021-03-17;306;73;0;12977;7161;0;9.3;5.1;0.0
90;2021-03-18;321;80;0;13298;7241;0;9.5;5.2;0.0
90;2021-03-19;432;80;0;13730;7321;0;9.8;5.2;0.0
90;2021-03-20;404;49;0;14134;7370;0;10.1;5.3;0.0
90;2021-03-21;3;0;0;14137;7370;0;10.1;5.3;0.0
90;2021-03-22;334;34;0;14471;7404;0;10.3;5.3;0.0
90;2021-03-23;660;73;0;15131;7477;0;10.8;5.3;0.0
90;2021-03-24;737;50;0;15868;7527;0;11.3;5.4;0.0
90;2021-03-25;815;69;0;16683;7596;0;11.9;5.4;0.0
90;2021-03-26;1057;46;0;17740;7642;0;12.7;5.5;0.0
90;2021-03-27;337;24;0;18077;7666;0;12.9;5.5;0.0
90;2021-03-28;35;0;0;18112;7666;0;12.9;5.5;0.0
90;2021-03-29;604;146;0;18716;7812;0;13.4;5.6;0.0
90;2021-03-30;585;143;0;19301;7955;0;13.8;5.7;0.0
90;2021-03-31;631;90;0;19932;8045;0;14.2;5.7;0.0
90;2021-04-01;490;120;0;20422;8165;0;14.6;5.8;0.0
90;2021-04-02;543;103;0;20965;8268;0;15.0;5.9;0.0
90;2021-04-03;299;34;0;21264;8302;0;15.2;5.9;0.0
90;2021-04-04;3;2;0;21267;8304;0;15.2;5.9;0.0
90;2021-04-05;3;0;0;21270;8304;0;15.2;5.9;0.0
90;2021-04-06;520;234;0;21790;8538;0;15.5;6.1;0.0
90;2021-04-07;402;228;0;22192;8766;0;15.8;6.3;0.0
90;2021-04-08;470;206;0;22662;8972;0;16.2;6.4;0.0
90;2021-04-09;658;207;0;23320;9179;0;16.6;6.5;0.0
90;2021-04-10;240;39;0;23560;9218;0;16.8;6.6;0.0
90;2021-04-11;9;38;0;23569;9256;0;16.8;6.6;0.0
90;2021-04-12;423;421;0;23992;9677;0;17.1;6.9;0.0
90;2021-04-13;470;463;0;24462;10140;0;17.5;7.2;0.0
90;2021-04-14;419;329;0;24881;10469;0;17.8;7.5;0.0
90;2021-04-15;737;267;0;25618;10736;0;18.3;7.7;0.0
90;2021-04-16;332;349;0;25950;11085;0;18.5;7.9;0.0
90;2021-04-17;147;84;0;26097;11169;0;18.6;8.0;0.0
90;2021-04-18;18;4;0;26115;11173;0;18.6;8.0;0.0
90;2021-04-19;372;485;0;26487;11658;0;18.9;8.3;0.0
90;2021-04-20;435;550;0;26922;12208;0;19.2;8.7;0.0
90;2021-04-21;327;478;0;27249;12686;0;19.4;9.1;0.0
90;2021-04-22;470;489;0;27719;13175;0;19.8;9.4;0.0
90;2021-04-23;437;598;0;28156;13773;0;20.1;9.8;0.0
90;2021-04-24;231;119;0;28387;13892;0;20.3;9.9;0.0
90;2021-04-25;11;1;0;28398;13893;0;20.3;9.9;0.0
90;2021-04-26;398;595;0;28796;14488;0;20.5;10.3;0.0
90;2021-04-27;563;524;0;29359;15012;0;20.9;10.7;0.0
90;2021-04-28;645;420;0;30004;15432;0;21.4;11.0;0.0
90;2021-04-29;884;355;0;30888;15787;0;22.0;11.3;0.0
90;2021-04-30;940;367;0;31828;16154;0;22.7;11.5;0.0
90;2021-05-01;131;45;0;31959;16199;0;22.8;11.6;0.0
90;2021-05-02;28;1;0;31987;16200;0;22.8;11.6;0.0
90;2021-05-03;839;278;0;32826;16478;0;23.4;11.8;0.0
90;2021-05-04;739;562;0;33565;17040;0;24.0;12.2;0.0
90;2021-05-05;837;472;0;34402;17512;0;24.5;12.5;0.0
90;2021-05-06;791;489;0;35193;18001;0;25.1;12.8;0.0
90;2021-05-07;487;429;0;35680;18430;0;25.5;13.2;0.0
90;2021-05-08;55;31;0;35735;18461;0;25.5;13.2;0.0
90;2021-05-09;23;30;0;35758;18491;0;25.5;13.2;0.0
90;2021-05-10;594;440;0;36352;18931;0;25.9;13.5;0.0
90;2021-05-11;852;522;0;37204;19453;0;26.5;13.9;0.0
90;2021-05-12;711;551;0;37915;20004;0;27.1;14.3;0.0
90;2021-05-13;1258;234;0;39173;20238;0;28.0;14.4;0.0
90;2021-05-14;1037;369;0;40210;20607;0;28.7;14.7;0.0
90;2021-05-15;280;125;0;40490;20732;0;28.9;14.8;0.0
90;2021-05-16;41;10;0;40531;20742;0;28.9;14.8;0.0
90;2021-05-17;958;286;0;41489;21028;0;29.6;15.0;0.0
90;2021-05-18;1271;398;0;42760;21426;0;30.5;15.3;0.0
90;2021-05-19;1483;347;0;44243;21773;0;31.6;15.5;0.0
90;2021-05-20;1427;267;0;45670;22040;0;32.6;15.7;0.0
90;2021-05-21;1431;429;0;47101;22469;0;33.6;16.0;0.0
90;2021-05-22;322;145;0;47423;22614;0;33.8;16.1;0.0
90;2021-05-23;13;1;0;47436;22615;0;33.8;16.1;0.0
90;2021-05-24;340;224;0;47776;22839;0;34.1;16.3;0.0
90;2021-05-25;739;676;0;48515;23515;0;34.6;16.8;0.0
90;2021-05-26;886;501;0;49401;24016;0;35.2;17.1;0.0
90;2021-05-27;1177;368;0;50578;24384;0;36.1;17.4;0.0
90;2021-05-28;827;695;0;51405;25079;0;36.7;17.9;0.0
90;2021-05-29;183;291;0;51588;25370;0;36.8;18.1;0.0
90;2021-05-30;7;1;0;51595;25371;0;36.8;18.1;0.0
90;2021-05-31;908;538;0;52503;25909;0;37.5;18.5;0.0
90;2021-06-01;947;575;0;53450;26484;0;38.1;18.9;0.0
90;2021-06-02;777;544;0;54227;27028;0;38.7;19.3;0.0
90;2021-06-03;795;576;0;55022;27604;0;39.3;19.7;0.0
90;2021-06-04;865;822;0;55887;28426;0;39.9;20.3;0.0
90;2021-06-05;121;406;0;56008;28832;0;40.0;20.6;0.0
90;2021-06-06;33;19;0;56041;28851;0;40.0;20.6;0.0
90;2021-06-07;1097;934;0;57138;29785;0;40.8;21.3;0.0
90;2021-06-08;1320;821;0;58458;30606;0;41.7;21.8;0.0
90;2021-06-09;881;599;0;59339;31205;0;42.3;22.3;0.0
90;2021-06-10;648;472;0;59987;31677;0;42.8;22.6;0.0
90;2021-06-11;753;989;0;60740;32666;0;43.3;23.3;0.0
90;2021-06-12;688;350;0;61428;33016;0;43.8;23.6;0.0
90;2021-06-13;22;20;0;61450;33036;0;43.8;23.6;0.0
90;2021-06-14;279;918;0;61729;33954;0;44.0;24.2;0.0
90;2021-06-15;536;899;0;62265;34853;0;44.4;24.9;0.0
90;2021-06-16;518;606;0;62783;35459;0;44.8;25.3;0.0
90;2021-06-17;408;571;0;63191;36030;0;45.1;25.7;0.0
90;2021-06-18;577;984;0;63768;37014;0;45.5;26.4;0.0
90;2021-06-19;416;233;0;64184;37247;0;45.8;26.6;0.0
90;2021-06-20;9;47;0;64193;37294;0;45.8;26.6;0.0
90;2021-06-21;288;1239;0;64481;38533;0;46.0;27.5;0.0
90;2021-06-22;349;1073;0;64830;39606;0;46.3;28.3;0.0
90;2021-06-23;377;783;0;65207;40389;0;46.5;28.8;0.0
90;2021-06-24;325;756;0;65532;41145;0;46.8;29.4;0.0
90;2021-06-25;403;1344;0;65935;42489;0;47.0;30.3;0.0
90;2021-06-26;388;762;0;66323;43251;0;47.3;30.9;0.0
90;2021-06-27;13;42;0;66336;43293;0;47.3;30.9;0.0
90;2021-06-28;363;1419;0;66699;44712;0;47.6;31.9;0.0
90;2021-06-29;292;1497;0;66991;46209;0;47.8;33.0;0.0
90;2021-06-30;454;1345;0;67445;47554;0;48.1;33.9;0.0
90;2021-07-01;349;1028;0;67794;48582;0;48.4;34.7;0.0
90;2021-07-02;544;1301;0;68338;49883;0;48.8;35.6;0.0
90;2021-07-03;87;295;0;68425;50178;0;48.8;35.8;0.0
90;2021-07-04;13;46;0;68438;50224;0;48.8;35.8;0.0
90;2021-07-05;402;948;0;68840;51172;0;49.1;36.5;0.0
90;2021-07-06;482;1120;0;69322;52292;0;49.5;37.3;0.0
90;2021-07-07;372;1176;0;69694;53468;0;49.7;38.2;0.0
90;2021-07-08;309;714;0;70003;54182;0;50.0;38.7;0.0
90;2021-07-09;441;1050;0;70444;55232;0;50.3;39.4;0.0
90;2021-07-10;82;229;0;70526;55461;0;50.3;39.6;0.0
90;2021-07-11;18;22;0;70544;55483;0;50.3;39.6;0.0
90;2021-07-12;262;1160;0;70806;56643;0;50.5;40.4;0.0
90;2021-07-13;512;1211;0;71318;57854;0;50.9;41.3;0.0
90;2021-07-14;106;60;0;71424;57914;0;51.0;41.3;0.0
90;2021-07-15;725;1332;0;72149;59246;0;51.5;42.3;0.0
90;2021-07-16;755;1493;0;72904;60739;0;52.0;43.3;0.0
90;2021-07-17;389;825;0;73293;61564;0;52.3;43.9;0.0
90;2021-07-18;78;42;0;73371;61606;0;52.4;44.0;0.0
90;2021-07-19;946;1263;0;74317;62869;0;53.0;44.9;0.0
90;2021-07-20;1082;1050;0;75399;63919;0;53.8;45.6;0.0
90;2021-07-21;1149;868;0;76548;64787;0;54.6;46.2;0.0
90;2021-07-22;1016;672;0;77564;65459;0;55.3;46.7;0.0
90;2021-07-23;928;1008;0;78492;66467;0;56.0;47.4;0.0
90;2021-07-24;196;133;0;78688;66600;0;56.1;47.5;0.0
90;2021-07-25;47;31;0;78735;66631;0;56.2;47.5;0.0
90;2021-07-26;956;751;0;79691;67382;0;56.9;48.1;0.0
90;2021-07-27;957;700;0;80648;68082;0;57.5;48.6;0.0
90;2021-07-28;839;596;0;81487;68678;0;58.1;49.0;0.0
90;2021-07-29;895;474;0;82382;69152;0;58.8;49.3;0.0
90;2021-07-30;863;571;0;83245;69723;0;59.4;49.8;0.0
90;2021-07-31;493;302;0;83738;70025;0;59.8;50.0;0.0
90;2021-08-01;38;27;0;83776;70052;0;59.8;50.0;0.0
90;2021-08-02;853;511;0;84629;70563;0;60.4;50.3;0.0
90;2021-08-03;863;509;0;85492;71072;0;61.0;50.7;0.0
90;2021-08-04;1042;436;0;86534;71508;0;61.7;51.0;0.0
90;2021-08-05;542;276;0;87076;71784;0;62.1;51.2;0.0
90;2021-08-06;599;433;0;87675;72217;0;62.6;51.5;0.0
90;2021-08-07;100;135;0;87775;72352;0;62.6;51.6;0.0
90;2021-08-08;36;44;0;87811;72396;0;62.7;51.7;0.0
90;2021-08-09;653;766;0;88464;73162;0;63.1;52.2;0.0
90;2021-08-10;499;992;0;88963;74154;0;63.5;52.9;0.0
90;2021-08-11;532;814;0;89495;74968;0;63.9;53.5;0.0
90;2021-08-12;396;716;0;89891;75684;0;64.1;54.0;0.0
90;2021-08-13;472;787;0;90363;76471;0;64.5;54.6;0.0
90;2021-08-14;81;170;0;90444;76641;0;64.5;54.7;0.0
90;2021-08-15;6;37;0;90450;76678;0;64.5;54.7;0.0
90;2021-08-16;411;627;0;90861;77305;0;64.8;55.2;0.0
90;2021-08-17;327;988;0;91188;78293;0;65.1;55.9;0.0
90;2021-08-18;275;849;0;91463;79142;0;65.3;56.5;0.0
90;2021-08-19;252;672;0;91715;79814;0;65.4;57.0;0.0
90;2021-08-20;341;777;0;92056;80591;0;65.7;57.5;0.0
90;2021-08-21;50;168;0;92106;80759;0;65.7;57.6;0.0
90;2021-08-22;3;36;0;92109;80795;0;65.7;57.7;0.0
90;2021-08-23;285;552;0;92394;81347;0;65.9;58.0;0.0
90;2021-08-24;295;937;0;92689;82284;0;66.1;58.7;0.0
90;2021-08-25;239;933;0;92928;83217;0;66.3;59.4;0.0
90;2021-08-26;224;678;0;93152;83895;0;66.5;59.9;0.0
90;2021-08-27;268;786;0;93420;84681;0;66.7;60.4;0.0
90;2021-08-28;41;159;0;93461;84840;0;66.7;60.5;0.0
90;2021-08-29;6;12;0;93467;84852;0;66.7;60.5;0.0
90;2021-08-30;312;655;11;93779;85507;11;66.9;61.0;0.0
90;2021-08-31;251;917;19;94030;86424;30;67.1;61.7;0.0
90;2021-09-01;288;670;141;94318;87094;171;67.3;62.1;0.1
90;2021-09-02;175;376;67;94493;87470;238;67.4;62.4;0.2
90;2021-09-03;249;535;33;94742;88005;271;67.6;62.8;0.2
90;2021-09-04;76;182;35;94818;88187;306;67.7;62.9;0.2
90;2021-09-05;10;31;2;94828;88218;308;67.7;62.9;0.2
90;2021-09-06;149;674;48;94977;88892;356;67.8;63.4;0.3
90;2021-09-07;199;513;111;95176;89405;467;67.9;63.8;0.3
90;2021-09-08;211;536;89;95387;89941;556;68.1;64.2;0.4
90;2021-09-09;186;264;65;95573;90205;621;68.2;64.4;0.4
90;2021-09-10;191;440;93;95764;90645;714;68.3;64.7;0.5
90;2021-09-11;32;39;14;95796;90684;728;68.4;64.7;0.5
90;2021-09-12;5;10;2;95801;90694;730;68.4;64.7;0.5
90;2021-09-13;220;331;156;96021;91025;886;68.5;65.0;0.6
90;2021-09-14;152;328;132;96173;91353;1018;68.6;65.2;0.7
90;2021-09-15;163;349;106;96336;91702;1124;68.7;65.4;0.8
90;2021-09-16;154;230;114;96490;91932;1238;68.9;65.6;0.9
90;2021-09-17;180;318;142;96670;92250;1380;69.0;65.8;1.0
90;2021-09-18;28;65;37;96698;92315;1417;69.0;65.9;1.0
90;2021-09-19;9;8;18;96707;92323;1435;69.0;65.9;1.0
90;2021-09-20;137;226;207;96844;92549;1642;69.1;66.0;1.2
90;2021-09-21;97;239;183;96941;92788;1825;69.2;66.2;1.3
90;2021-09-22;96;301;205;97037;93089;2030;69.2;66.4;1.4
90;2021-09-23;83;133;37;97120;93222;2067;69.3;66.5;1.5
90;2021-09-24;107;292;165;97227;93514;2232;69.4;66.7;1.6
90;2021-09-25;32;58;20;97259;93572;2252;69.4;66.8;1.6
90;2021-09-26;1;5;1;97260;93577;2253;69.4;66.8;1.6
90;2021-09-27;90;197;139;97350;93774;2392;69.5;66.9;1.7
90;2021-09-28;91;140;94;97441;93914;2486;69.5;67.0;1.8
90;2021-09-29;73;225;87;97514;94139;2573;69.6;67.2;1.8
90;2021-09-30;75;134;83;97589;94273;2656;69.6;67.3;1.9
90;2021-10-01;158;217;150;97747;94490;2806;69.7;67.4;2.0
90;2021-10-02;23;63;18;97770;94553;2824;69.8;67.5;2.0
90;2021-10-03;5;10;0;97775;94563;2824;69.8;67.5;2.0
90;2021-10-04;119;191;154;97894;94754;2978;69.9;67.6;2.1
90;2021-10-05;47;142;212;97941;94896;3190;69.9;67.7;2.3
90;2021-10-06;97;177;250;98038;95073;3440;70.0;67.8;2.5
90;2021-10-07;53;117;182;98091;95190;3622;70.0;67.9;2.6
90;2021-10-08;122;223;162;98213;95413;3784;70.1;68.1;2.7
90;2021-10-09;29;36;34;98242;95449;3818;70.1;68.1;2.7
90;2021-10-10;3;4;3;98245;95453;3821;70.1;68.1;2.7
90;2021-10-11;75;130;154;98320;95583;3975;70.2;68.2;2.8
90;2021-10-12;77;120;195;98397;95703;4170;70.2;68.3;3.0
90;2021-10-13;100;148;192;98497;95851;4362;70.3;68.4;3.1
90;2021-10-14;66;106;115;98563;95957;4477;70.3;68.5;3.2
90;2021-10-15;126;182;184;98689;96139;4661;70.4;68.6;3.3
90;2021-10-16;25;43;28;98714;96182;4689;70.4;68.6;3.3
90;2021-10-17;0;3;1;98714;96185;4690;70.4;68.6;3.3
90;2021-10-18;79;128;176;98793;96313;4866;70.5;68.7;3.5
90;2021-10-19;57;107;196;98850;96420;5062;70.5;68.8;3.6
90;2021-10-20;59;98;163;98909;96518;5225;70.6;68.9;3.7
90;2021-10-21;50;59;155;98959;96577;5380;70.6;68.9;3.8
90;2021-10-22;62;152;168;99021;96729;5548;70.7;69.0;4.0
90;2021-10-23;22;22;29;99043;96751;5577;70.7;69.0;4.0
90;2021-10-24;0;4;1;99043;96755;5578;70.7;69.0;4.0
90;2021-10-25;54;105;177;99097;96860;5755;70.7;69.1;4.1
90;2021-10-26;64;85;267;99161;96945;6022;70.8;69.2;4.3
90;2021-10-27;42;125;329;99203;97070;6351;70.8;69.3;4.5
90;2021-10-28;40;46;168;99243;97116;6519;70.8;69.3;4.7
90;2021-10-29;56;92;293;99299;97208;6812;70.9;69.4;4.9
90;2021-10-30;16;27;36;99315;97235;6848;70.9;69.4;4.9
90;2021-10-31;1;8;0;99316;97243;6848;70.9;69.4;4.9
90;2021-11-01;2;1;0;99318;97244;6848;70.9;69.4;4.9
90;2021-11-02;62;90;195;99380;97334;7043;70.9;69.5;5.0
90;2021-11-03;58;108;357;99438;97442;7400;71.0;69.5;5.3
90;2021-11-04;41;65;185;99479;97507;7585;71.0;69.6;5.4
90;2021-11-05;75;112;310;99554;97619;7895;71.0;69.7;5.6
90;2021-11-06;14;29;52;99568;97648;7947;71.0;69.7;5.7
90;2021-11-07;0;2;7;99568;97650;7954;71.0;69.7;5.7
90;2021-11-08;43;72;357;99611;97722;8311;71.1;69.7;5.9
90;2021-11-09;39;72;381;99650;97794;8692;71.1;69.8;6.2
90;2021-11-10;68;75;399;99718;97869;9091;71.2;69.8;6.5
90;2021-11-11;4;7;5;99722;97876;9096;71.2;69.8;6.5
90;2021-11-12;49;83;431;99771;97959;9527;71.2;69.9;6.8
90;2021-11-13;12;34;56;99783;97993;9583;71.2;69.9;6.8
90;2021-11-14;0;4;0;99783;97997;9583;71.2;69.9;6.8
90;2021-11-15;39;53;428;99822;98050;10011;71.2;70.0;7.1
90;2021-11-16;60;59;451;99882;98109;10462;71.3;70.0;7.5
90;2021-11-17;46;80;561;99928;98189;11023;71.3;70.1;7.9
90;2021-11-18;46;46;434;99974;98235;11457;71.3;70.1;8.2
90;2021-11-19;66;61;643;100040;98296;12100;71.4;70.1;8.6
90;2021-11-20;18;20;78;100058;98316;12178;71.4;70.2;8.7
90;2021-11-21;0;2;1;100058;98318;12179;71.4;70.2;8.7
90;2021-11-22;72;41;572;100130;98359;12751;71.4;70.2;9.1
90;2021-11-23;48;59;613;100178;98418;13364;71.5;70.2;9.5
90;2021-11-24;57;76;461;100235;98494;13825;71.5;70.3;9.9
90;2021-11-25;36;41;418;100271;98535;14243;71.5;70.3;10.2
90;2021-11-26;48;84;738;100319;98619;14981;71.6;70.4;10.7
90;2021-11-27;9;27;166;100328;98646;15147;71.6;70.4;10.8
90;2021-11-28;3;6;16;100331;98652;15163;71.6;70.4;10.8
90;2021-11-29;39;53;1141;100370;98705;16304;71.6;70.4;11.6
90;2021-11-30;47;57;1356;100417;98762;17660;71.7;70.5;12.6
90;2021-12-01;39;66;1340;100456;98828;19000;71.7;70.5;13.6
90;2021-12-02;35;30;1507;100491;98858;20507;71.7;70.5;14.6
90;2021-12-03;44;57;1697;100535;98915;22204;71.7;70.6;15.8
90;2021-12-04;29;24;635;100564;98939;22839;71.8;70.6;16.3
90;2021-12-05;4;3;99;100568;98942;22938;71.8;70.6;16.4
90;2021-12-06;36;54;1528;100604;98996;24466;71.8;70.6;17.5
90;2021-12-07;43;79;1879;100647;99075;26345;71.8;70.7;18.8
90;2021-12-08;36;61;1554;100683;99136;27899;71.8;70.7;19.9
90;2021-12-09;34;46;1534;100717;99182;29433;71.9;70.8;21.0
90;2021-12-10;53;88;1766;100770;99270;31199;71.9;70.8;22.3
90;2021-12-11;12;20;563;100782;99290;31762;71.9;70.8;22.7
90;2021-12-12;0;3;37;100782;99293;31799;71.9;70.9;22.7
90;2021-12-13;48;70;1639;100830;99363;33438;71.9;70.9;23.9
90;2021-12-14;43;66;1842;100873;99429;35280;72.0;70.9;25.2
90;2021-12-15;23;70;1353;100896;99499;36633;72.0;71.0;26.1
90;2021-12-16;46;42;1418;100942;99541;38051;72.0;71.0;27.2
90;2021-12-17;46;65;1706;100988;99606;39757;72.1;71.1;28.4
90;2021-12-18;46;24;630;101034;99630;40387;72.1;71.1;28.8
90;2021-12-19;1;9;42;101035;99639;40429;72.1;71.1;28.8
90;2021-12-20;53;60;1232;101088;99699;41661;72.1;71.1;29.7
90;2021-12-21;78;67;1494;101166;99766;43155;72.2;71.2;30.8
90;2021-12-22;51;54;1076;101217;99820;44231;72.2;71.2;31.6
90;2021-12-23;53;41;906;101270;99861;45137;72.3;71.3;32.2
90;2021-12-24;16;22;307;101286;99883;45444;72.3;71.3;32.4
90;2021-12-25;0;5;5;101286;99888;45449;72.3;71.3;32.4
90;2021-12-26;3;2;15;101289;99890;45464;72.3;71.3;32.4
90;2021-12-27;68;56;1071;101357;99946;46535;72.3;71.3;33.2
90;2021-12-28;49;54;1273;101406;100000;47808;72.4;71.4;34.1
91;2020-12-27;1;0;0;1;0;0;0.0;0.0;0.0
91;2020-12-28;0;0;0;1;0;0;0.0;0.0;0.0
91;2020-12-29;1;0;0;2;0;0;0.0;0.0;0.0
91;2020-12-30;5;0;0;7;0;0;0.0;0.0;0.0
91;2020-12-31;0;0;0;7;0;0;0.0;0.0;0.0
91;2021-01-01;9;0;0;16;0;0;0.0;0.0;0.0
91;2021-01-02;0;0;0;16;0;0;0.0;0.0;0.0
91;2021-01-03;2;0;0;18;0;0;0.0;0.0;0.0
91;2021-01-04;12;0;0;30;0;0;0.0;0.0;0.0
91;2021-01-05;143;3;0;173;3;0;0.0;0.0;0.0
91;2021-01-06;287;2;0;460;5;0;0.0;0.0;0.0
91;2021-01-07;585;7;0;1045;12;0;0.1;0.0;0.0
91;2021-01-08;526;5;0;1571;17;0;0.1;0.0;0.0
91;2021-01-09;111;3;0;1682;20;0;0.1;0.0;0.0
91;2021-01-10;24;0;0;1706;20;0;0.1;0.0;0.0
91;2021-01-11;760;7;0;2466;27;0;0.2;0.0;0.0
91;2021-01-12;1081;14;0;3547;41;0;0.3;0.0;0.0
91;2021-01-13;887;12;0;4434;53;0;0.3;0.0;0.0
91;2021-01-14;974;17;0;5408;70;0;0.4;0.0;0.0
91;2021-01-15;784;8;0;6192;78;0;0.5;0.0;0.0
91;2021-01-16;304;7;0;6496;85;0;0.5;0.0;0.0
91;2021-01-17;101;1;0;6597;86;0;0.5;0.0;0.0
91;2021-01-18;1165;17;0;7762;103;0;0.6;0.0;0.0
91;2021-01-19;1993;35;0;9755;138;0;0.7;0.0;0.0
91;2021-01-20;2340;38;0;12095;176;0;0.9;0.0;0.0
91;2021-01-21;2223;28;0;14318;204;0;1.1;0.0;0.0
91;2021-01-22;1884;20;0;16202;224;0;1.2;0.0;0.0
91;2021-01-23;433;2;0;16635;226;0;1.3;0.0;0.0
91;2021-01-24;75;2;0;16710;228;0;1.3;0.0;0.0
91;2021-01-25;1075;8;0;17785;236;0;1.3;0.0;0.0
91;2021-01-26;1653;56;0;19438;292;0;1.5;0.0;0.0
91;2021-01-27;2332;104;0;21770;396;0;1.6;0.0;0.0
91;2021-01-28;1949;221;0;23719;617;0;1.8;0.0;0.0
91;2021-01-29;1733;83;0;25452;700;0;1.9;0.1;0.0
91;2021-01-30;382;11;0;25834;711;0;2.0;0.1;0.0
91;2021-01-31;48;3;0;25882;714;0;2.0;0.1;0.0
91;2021-02-01;941;215;0;26823;929;0;2.0;0.1;0.0
91;2021-02-02;888;368;0;27711;1297;0;2.1;0.1;0.0
91;2021-02-03;992;527;0;28703;1824;0;2.2;0.1;0.0
91;2021-02-04;868;357;0;29571;2181;0;2.2;0.2;0.0
91;2021-02-05;1016;444;0;30587;2625;0;2.3;0.2;0.0
91;2021-02-06;297;97;0;30884;2722;0;2.3;0.2;0.0
91;2021-02-07;19;12;0;30903;2734;0;2.3;0.2;0.0
91;2021-02-08;809;648;0;31712;3382;0;2.4;0.3;0.0
91;2021-02-09;908;1020;0;32620;4402;0;2.5;0.3;0.0
91;2021-02-10;1039;1145;0;33659;5547;0;2.6;0.4;0.0
91;2021-02-11;1209;1269;0;34868;6816;0;2.6;0.5;0.0
91;2021-02-12;1105;1000;0;35973;7816;0;2.7;0.6;0.0
91;2021-02-13;305;310;0;36278;8126;0;2.7;0.6;0.0
91;2021-02-14;14;90;0;36292;8216;0;2.8;0.6;0.0
91;2021-02-15;421;1308;0;36713;9524;0;2.8;0.7;0.0
91;2021-02-16;609;2039;0;37322;11563;0;2.8;0.9;0.0
91;2021-02-17;791;2459;0;38113;14022;0;2.9;1.1;0.0
91;2021-02-18;950;1994;0;39063;16016;0;3.0;1.2;0.0
91;2021-02-19;964;1446;0;40027;17462;0;3.0;1.3;0.0
91;2021-02-20;145;416;0;40172;17878;0;3.0;1.4;0.0
91;2021-02-21;18;43;0;40190;17921;0;3.0;1.4;0.0
91;2021-02-22;407;1157;0;40597;19078;0;3.1;1.4;0.0
91;2021-02-23;508;1072;0;41105;20150;0;3.1;1.5;0.0
91;2021-02-24;591;1006;0;41696;21156;0;3.2;1.6;0.0
91;2021-02-25;815;1176;0;42511;22332;0;3.2;1.7;0.0
91;2021-02-26;1191;1034;0;43702;23366;0;3.3;1.8;0.0
91;2021-02-27;621;290;0;44323;23656;0;3.4;1.8;0.0
91;2021-02-28;76;66;0;44399;23722;0;3.4;1.8;0.0
91;2021-03-01;986;949;0;45385;24671;0;3.4;1.9;0.0
91;2021-03-02;1487;1081;0;46872;25752;0;3.6;2.0;0.0
91;2021-03-03;1733;1234;0;48605;26986;0;3.7;2.0;0.0
91;2021-03-04;2702;1150;0;51307;28136;0;3.9;2.1;0.0
91;2021-03-05;3832;1202;0;55139;29338;0;4.2;2.2;0.0
91;2021-03-06;4820;436;0;59959;29774;0;4.5;2.3;0.0
91;2021-03-07;3021;200;0;62980;29974;0;4.8;2.3;0.0
91;2021-03-08;1788;988;0;64768;30962;0;4.9;2.3;0.0
91;2021-03-09;2979;942;0;67747;31904;0;5.1;2.4;0.0
91;2021-03-10;2982;1002;0;70729;32906;0;5.4;2.5;0.0
91;2021-03-11;4091;1124;0;74820;34030;0;5.7;2.6;0.0
91;2021-03-12;5082;1025;0;79902;35055;0;6.1;2.7;0.0
91;2021-03-13;5281;364;0;85183;35419;0;6.5;2.7;0.0
91;2021-03-14;522;50;0;85705;35469;0;6.5;2.7;0.0
91;2021-03-15;3189;486;0;88894;35955;0;6.7;2.7;0.0
91;2021-03-16;2720;440;0;91614;36395;0;6.9;2.8;0.0
91;2021-03-17;2470;395;0;94084;36790;0;7.1;2.8;0.0
91;2021-03-18;2615;448;0;96699;37238;0;7.3;2.8;0.0
91;2021-03-19;4174;463;0;100873;37701;0;7.6;2.9;0.0
91;2021-03-20;3413;199;0;104286;37900;0;7.9;2.9;0.0
91;2021-03-21;207;71;0;104493;37971;0;7.9;2.9;0.0
91;2021-03-22;3319;599;0;107812;38570;0;8.2;2.9;0.0
91;2021-03-23;4413;723;0;112225;39293;0;8.5;3.0;0.0
91;2021-03-24;4210;600;0;116435;39893;0;8.8;3.0;0.0
91;2021-03-25;5576;566;0;122011;40459;0;9.2;3.1;0.0
91;2021-03-26;6004;671;0;128015;41130;0;9.7;3.1;0.0
91;2021-03-27;4602;336;0;132617;41466;0;10.1;3.1;0.0
91;2021-03-28;430;62;0;133047;41528;0;10.1;3.1;0.0
91;2021-03-29;3712;1119;0;136759;42647;0;10.4;3.2;0.0
91;2021-03-30;4930;1307;0;141689;43954;0;10.7;3.3;0.0
91;2021-03-31;3861;1476;0;145550;45430;0;11.0;3.4;0.0
91;2021-04-01;4467;1859;0;150017;47289;0;11.4;3.6;0.0
91;2021-04-02;4393;2415;0;154410;49704;0;11.7;3.8;0.0
91;2021-04-03;2113;2454;0;156523;52158;0;11.9;4.0;0.0
91;2021-04-04;684;1130;0;157207;53288;0;11.9;4.0;0.0
91;2021-04-05;707;162;0;157914;53450;0;12.0;4.1;0.0
91;2021-04-06;3884;1984;0;161798;55434;0;12.3;4.2;0.0
91;2021-04-07;4195;2129;0;165993;57563;0;12.6;4.4;0.0
91;2021-04-08;5269;2328;0;171262;59891;0;13.0;4.5;0.0
91;2021-04-09;6066;2358;0;177328;62249;0;13.4;4.7;0.0
91;2021-04-10;3119;2739;0;180447;64988;0;13.7;4.9;0.0
91;2021-04-11;334;229;0;180781;65217;0;13.7;4.9;0.0
91;2021-04-12;3387;2360;0;184168;67577;0;14.0;5.1;0.0
91;2021-04-13;4314;2966;0;188482;70543;0;14.3;5.3;0.0
91;2021-04-14;4261;2512;0;192743;73055;0;14.6;5.5;0.0
91;2021-04-15;4912;2704;0;197655;75759;0;15.0;5.7;0.0
91;2021-04-16;5162;2971;0;202817;78730;0;15.4;6.0;0.0
91;2021-04-17;3131;2002;0;205948;80732;0;15.6;6.1;0.0
91;2021-04-18;432;124;0;206380;80856;0;15.6;6.1;0.0
91;2021-04-19;2805;2853;0;209185;83709;0;15.9;6.3;0.0
91;2021-04-20;3691;3055;0;212876;86764;0;16.1;6.6;0.0
91;2021-04-21;3584;3045;0;216460;89809;0;16.4;6.8;0.0
91;2021-04-22;3787;3702;0;220247;93511;0;16.7;7.1;0.0
91;2021-04-23;4363;3541;0;224610;97052;0;17.0;7.4;0.0
91;2021-04-24;4055;3379;0;228665;100431;0;17.3;7.6;0.0
91;2021-04-25;2638;704;0;231303;101135;0;17.5;7.7;0.0
91;2021-04-26;3997;3010;0;235300;104145;0;17.8;7.9;0.0
91;2021-04-27;5064;3204;0;240364;107349;0;18.2;8.1;0.0
91;2021-04-28;5316;2950;0;245680;110299;0;18.6;8.4;0.0
91;2021-04-29;6426;3289;0;252106;113588;0;19.1;8.6;0.0
91;2021-04-30;6081;3107;0;258187;116695;0;19.6;8.8;0.0
91;2021-05-01;3536;636;0;261723;117331;0;19.8;8.9;0.0
91;2021-05-02;929;205;0;262652;117536;0;19.9;8.9;0.0
91;2021-05-03;5789;3242;0;268441;120778;0;20.3;9.2;0.0
91;2021-05-04;6120;3815;0;274561;124593;0;20.8;9.4;0.0
91;2021-05-05;5612;3355;0;280173;127948;0;21.2;9.7;0.0
91;2021-05-06;6045;3851;0;286218;131799;0;21.7;10.0;0.0
91;2021-05-07;6698;4098;0;292916;135897;0;22.2;10.3;0.0
91;2021-05-08;6090;1488;0;299006;137385;0;22.7;10.4;0.0
91;2021-05-09;4692;768;0;303698;138153;0;23.0;10.5;0.0
91;2021-05-10;6599;3481;0;310297;141634;0;23.5;10.7;0.0
91;2021-05-11;7837;4298;0;318134;145932;0;24.1;11.1;0.0
91;2021-05-12;7268;3869;0;325402;149801;0;24.7;11.4;0.0
91;2021-05-13;5634;1148;0;331036;150949;0;25.1;11.4;0.0
91;2021-05-14;7815;2671;0;338851;153620;0;25.7;11.6;0.0
91;2021-05-15;7660;2053;0;346511;155673;0;26.3;11.8;0.0
91;2021-05-16;4397;445;0;350908;156118;0;26.6;11.8;0.0
91;2021-05-17;7761;1936;0;358669;158054;0;27.2;12.0;0.0
91;2021-05-18;9000;2013;0;367669;160067;0;27.9;12.1;0.0
91;2021-05-19;8564;2444;0;376233;162511;0;28.5;12.3;0.0
91;2021-05-20;9533;2672;0;385766;165183;0;29.2;12.5;0.0
91;2021-05-21;9253;2827;0;395019;168010;0;29.9;12.7;0.0
91;2021-05-22;7498;1557;0;402517;169567;0;30.5;12.9;0.0
91;2021-05-23;4683;560;0;407200;170127;0;30.9;12.9;0.0
91;2021-05-24;5052;644;0;412252;170771;0;31.2;12.9;0.0
91;2021-05-25;8559;3209;0;420811;173980;0;31.9;13.2;0.0
91;2021-05-26;7826;3319;0;428637;177299;0;32.5;13.4;0.0
91;2021-05-27;8562;3817;0;437199;181116;0;33.1;13.7;0.0
91;2021-05-28;8035;4689;0;445234;185805;0;33.7;14.1;0.0
91;2021-05-29;8584;3509;0;453818;189314;0;34.4;14.3;0.0
91;2021-05-30;4623;897;0;458441;190211;0;34.7;14.4;0.0
91;2021-05-31;7317;4108;0;465758;194319;0;35.3;14.7;0.0
91;2021-06-01;8367;5281;0;474125;199600;0;35.9;15.1;0.0
91;2021-06-02;8134;4605;0;482259;204205;0;36.6;15.5;0.0
91;2021-06-03;8457;5250;0;490716;209455;0;37.2;15.9;0.0
91;2021-06-04;7840;6143;0;498556;215598;0;37.8;16.3;0.0
91;2021-06-05;6348;6131;0;504904;221729;0;38.3;16.8;0.0
91;2021-06-06;3860;2313;0;508764;224042;0;38.6;17.0;0.0
91;2021-06-07;6241;5881;0;515005;229923;0;39.0;17.4;0.0
91;2021-06-08;7143;6481;0;522148;236404;0;39.6;17.9;0.0
91;2021-06-09;6853;6053;0;529001;242457;0;40.1;18.4;0.0
91;2021-06-10;7283;7557;0;536284;250014;0;40.6;18.9;0.0
91;2021-06-11;6759;7554;0;543043;257568;0;41.2;19.5;0.0
91;2021-06-12;6200;6966;0;549243;264534;0;41.6;20.0;0.0
91;2021-06-13;2653;2159;0;551896;266693;0;41.8;20.2;0.0
91;2021-06-14;4429;7885;0;556325;274578;0;42.2;20.8;0.0
91;2021-06-15;5735;8044;0;562060;282622;0;42.6;21.4;0.0
91;2021-06-16;5178;7090;0;567238;289712;0;43.0;22.0;0.0
91;2021-06-17;6044;7738;0;573282;297450;0;43.5;22.5;0.0
91;2021-06-18;4918;9493;0;578200;306943;0;43.8;23.3;0.0
91;2021-06-19;4055;7250;0;582255;314193;0;44.1;23.8;0.0
91;2021-06-20;957;4212;0;583212;318405;0;44.2;24.1;0.0
91;2021-06-21;3436;8125;0;586648;326530;0;44.5;24.7;0.0
91;2021-06-22;4052;9921;0;590700;336451;0;44.8;25.5;0.0
91;2021-06-23;4150;8720;0;594850;345171;0;45.1;26.2;0.0
91;2021-06-24;4745;8901;0;599595;354072;0;45.4;26.8;0.0
91;2021-06-25;3651;10185;0;603246;364257;0;45.7;27.6;0.0
91;2021-06-26;2910;8279;0;606156;372536;0;45.9;28.2;0.0
91;2021-06-27;612;3226;0;606768;375762;0;46.0;28.5;0.0
91;2021-06-28;3086;8922;0;609854;384684;0;46.2;29.2;0.0
91;2021-06-29;3599;10271;0;613453;394955;0;46.5;29.9;0.0
91;2021-06-30;3890;9528;0;617343;404483;0;46.8;30.7;0.0
91;2021-07-01;4218;9690;0;621561;414173;0;47.1;31.4;0.0
91;2021-07-02;4133;10096;0;625694;424269;0;47.4;32.2;0.0
91;2021-07-03;3009;9906;0;628703;434175;0;47.7;32.9;0.0
91;2021-07-04;986;4549;0;629689;438724;0;47.7;33.3;0.0
91;2021-07-05;2997;7806;0;632686;446530;0;48.0;33.8;0.0
91;2021-07-06;3803;10078;0;636489;456608;0;48.2;34.6;0.0
91;2021-07-07;4080;9673;0;640569;466281;0;48.5;35.3;0.0
91;2021-07-08;4573;9679;0;645142;475960;0;48.9;36.1;0.0
91;2021-07-09;4392;10476;0;649534;486436;0;49.2;36.9;0.0
91;2021-07-10;3555;9904;0;653089;496340;0;49.5;37.6;0.0
91;2021-07-11;1220;4303;0;654309;500643;0;49.6;37.9;0.0
91;2021-07-12;3246;9919;0;657555;510562;0;49.8;38.7;0.0
91;2021-07-13;5656;11395;0;663211;521957;0;50.3;39.6;0.0
91;2021-07-14;3336;4058;0;666547;526015;0;50.5;39.9;0.0
91;2021-07-15;6148;11157;0;672695;537172;0;51.0;40.7;0.0
91;2021-07-16;7549;10425;0;680244;547597;0;51.6;41.5;0.0
91;2021-07-17;6297;8938;0;686541;556535;0;52.0;42.2;0.0
91;2021-07-18;3734;3568;0;690275;560103;0;52.3;42.5;0.0
91;2021-07-19;5085;8402;0;695360;568505;0;52.7;43.1;0.0
91;2021-07-20;7544;9910;0;702904;578415;0;53.3;43.8;0.0
91;2021-07-21;7749;8411;0;710653;586826;0;53.9;44.5;0.0
91;2021-07-22;8174;8984;0;718827;595810;0;54.5;45.2;0.0
91;2021-07-23;8271;8811;0;727098;604621;0;55.1;45.8;0.0
91;2021-07-24;5827;6690;0;732925;611311;0;55.5;46.3;0.0
91;2021-07-25;3511;1625;0;736436;612936;0;55.8;46.5;0.0
91;2021-07-26;6175;7156;0;742611;620092;0;56.3;47.0;0.0
91;2021-07-27;8718;7609;0;751329;627701;0;56.9;47.6;0.0
91;2021-07-28;8381;6449;0;759710;634150;0;57.6;48.1;0.0
91;2021-07-29;8456;6513;0;768166;640663;0;58.2;48.6;0.0
91;2021-07-30;7797;6346;0;775963;647009;0;58.8;49.0;0.0
91;2021-07-31;5306;5073;0;781269;652082;0;59.2;49.4;0.0
91;2021-08-01;2717;1414;0;783986;653496;0;59.4;49.5;0.0
91;2021-08-02;5577;4855;0;789563;658351;0;59.8;49.9;0.0
91;2021-08-03;6320;5414;0;795883;663765;0;60.3;50.3;0.0
91;2021-08-04;6271;4843;0;802154;668608;0;60.8;50.7;0.0
91;2021-08-05;5800;5100;0;807954;673708;0;61.2;51.1;0.0
91;2021-08-06;6044;6397;0;813998;680105;0;61.7;51.5;0.0
91;2021-08-07;3271;3352;0;817269;683457;0;61.9;51.8;0.0
91;2021-08-08;884;1495;0;818153;684952;0;62.0;51.9;0.0
91;2021-08-09;4248;5083;0;822401;690035;0;62.3;52.3;0.0
91;2021-08-10;4920;5609;0;827321;695644;0;62.7;52.7;0.0
91;2021-08-11;4375;5564;0;831696;701208;0;63.0;53.1;0.0
91;2021-08-12;4231;5755;0;835927;706963;0;63.4;53.6;0.0
91;2021-08-13;4177;5640;1;840104;712603;1;63.7;54.0;0.0
91;2021-08-14;2214;3334;0;842318;715937;1;63.8;54.3;0.0
91;2021-08-15;259;463;0;842577;716400;1;63.9;54.3;0.0
91;2021-08-16;3049;5860;0;845626;722260;1;64.1;54.7;0.0
91;2021-08-17;3639;6818;0;849265;729078;1;64.4;55.3;0.0
91;2021-08-18;3019;6570;0;852284;735648;1;64.6;55.8;0.0
91;2021-08-19;3439;6541;0;855723;742189;1;64.9;56.3;0.0
91;2021-08-20;3152;7397;0;858875;749586;1;65.1;56.8;0.0
91;2021-08-21;2298;4172;0;861173;753758;1;65.3;57.1;0.0
91;2021-08-22;703;1721;0;861876;755479;1;65.3;57.3;0.0
91;2021-08-23;2471;6364;0;864347;761843;1;65.5;57.7;0.0
91;2021-08-24;2962;7543;0;867309;769386;1;65.7;58.3;0.0
91;2021-08-25;3172;7047;0;870481;776433;1;66.0;58.8;0.0
91;2021-08-26;2740;6376;0;873221;782809;1;66.2;59.3;0.0
91;2021-08-27;2783;7735;0;876004;790544;1;66.4;59.9;0.0
91;2021-08-28;2181;5070;0;878185;795614;1;66.6;60.3;0.0
91;2021-08-29;1531;2637;0;879716;798251;1;66.7;60.5;0.0
91;2021-08-30;1845;6037;80;881561;804288;81;66.8;61.0;0.0
91;2021-08-31;2210;6049;190;883771;810337;271;67.0;61.4;0.0
91;2021-09-01;2613;4563;255;886384;814900;526;67.2;61.8;0.0
91;2021-09-02;2115;3791;366;888499;818691;892;67.3;62.1;0.1
91;2021-09-03;2175;4702;375;890674;823393;1267;67.5;62.4;0.1
91;2021-09-04;2074;4122;143;892748;827515;1410;67.7;62.7;0.1
91;2021-09-05;662;842;68;893410;828357;1478;67.7;62.8;0.1
91;2021-09-06;1631;3051;541;895041;831408;2019;67.8;63.0;0.2
91;2021-09-07;1523;2871;512;896564;834279;2531;68.0;63.2;0.2
91;2021-09-08;1796;3139;509;898360;837418;3040;68.1;63.5;0.2
91;2021-09-09;1331;2790;611;899691;840208;3651;68.2;63.7;0.3
91;2021-09-10;1825;3390;526;901516;843598;4177;68.3;63.9;0.3
91;2021-09-11;1693;4032;208;903209;847630;4385;68.5;64.2;0.3
91;2021-09-12;547;907;87;903756;848537;4472;68.5;64.3;0.3
91;2021-09-13;1374;2282;728;905130;850819;5200;68.6;64.5;0.4
91;2021-09-14;1693;2534;1131;906823;853353;6331;68.7;64.7;0.5
91;2021-09-15;1664;3259;874;908487;856612;7205;68.9;64.9;0.5
91;2021-09-16;1381;2153;1021;909868;858765;8226;69.0;65.1;0.6
91;2021-09-17;1383;2757;772;911251;861522;8998;69.1;65.3;0.7
91;2021-09-18;1286;3346;260;912537;864868;9258;69.2;65.6;0.7
91;2021-09-19;391;1017;62;912928;865885;9320;69.2;65.6;0.7
91;2021-09-20;778;1589;844;913706;867474;10164;69.3;65.7;0.8
91;2021-09-21;907;1653;1167;914613;869127;11331;69.3;65.9;0.9
91;2021-09-22;917;2531;636;915530;871658;11967;69.4;66.1;0.9
91;2021-09-23;883;1683;1078;916413;873341;13045;69.5;66.2;1.0
91;2021-09-24;912;2143;845;917325;875484;13890;69.5;66.4;1.1
91;2021-09-25;1010;3152;357;918335;878636;14247;69.6;66.6;1.1
91;2021-09-26;198;719;115;918533;879355;14362;69.6;66.6;1.1
91;2021-09-27;748;1529;664;919281;880884;15026;69.7;66.8;1.1
91;2021-09-28;863;1313;664;920144;882197;15690;69.7;66.9;1.2
91;2021-09-29;972;2192;782;921116;884389;16472;69.8;67.0;1.2
91;2021-09-30;657;1159;796;921773;885548;17268;69.9;67.1;1.3
91;2021-10-01;1360;1827;899;923133;887375;18167;70.0;67.3;1.4
91;2021-10-02;1021;2162;454;924154;889537;18621;70.0;67.4;1.4
91;2021-10-03;218;532;99;924372;890069;18720;70.1;67.5;1.4
91;2021-10-04;734;1128;1093;925106;891197;19813;70.1;67.5;1.5
91;2021-10-05;696;1144;951;925802;892341;20764;70.2;67.6;1.6
91;2021-10-06;793;1718;1206;926595;894059;21970;70.2;67.8;1.7
91;2021-10-07;613;1051;1215;927208;895110;23185;70.3;67.8;1.8
91;2021-10-08;848;1695;1413;928056;896805;24598;70.3;68.0;1.9
91;2021-10-09;963;1770;686;929019;898575;25284;70.4;68.1;1.9
91;2021-10-10;237;441;131;929256;899016;25415;70.4;68.1;1.9
91;2021-10-11;589;952;1105;929845;899968;26520;70.5;68.2;2.0
91;2021-10-12;560;1023;1099;930405;900991;27619;70.5;68.3;2.1
91;2021-10-13;744;1326;1393;931149;902317;29012;70.6;68.4;2.2
91;2021-10-14;492;975;1004;931641;903292;30016;70.6;68.5;2.3
91;2021-10-15;882;1366;1735;932523;904658;31751;70.7;68.6;2.4
91;2021-10-16;838;1343;699;933361;906001;32450;70.7;68.7;2.5
91;2021-10-17;189;284;248;933550;906285;32698;70.8;68.7;2.5
91;2021-10-18;592;876;1342;934142;907161;34040;70.8;68.8;2.6
91;2021-10-19;471;984;1092;934613;908145;35132;70.8;68.8;2.7
91;2021-10-20;599;1012;1738;935212;909157;36870;70.9;68.9;2.8
91;2021-10-21;316;683;1248;935528;909840;38118;70.9;69.0;2.9
91;2021-10-22;593;1119;1792;936121;910959;39910;71.0;69.0;3.0
91;2021-10-23;644;1128;1032;936765;912087;40942;71.0;69.1;3.1
91;2021-10-24;133;225;213;936898;912312;41155;71.0;69.1;3.1
91;2021-10-25;365;625;1301;937263;912937;42456;71.0;69.2;3.2
91;2021-10-26;434;602;1456;937697;913539;43912;71.1;69.2;3.3
91;2021-10-27;490;819;1888;938187;914358;45800;71.1;69.3;3.5
91;2021-10-28;312;502;1317;938499;914860;47117;71.1;69.3;3.6
91;2021-10-29;501;778;2051;939000;915638;49168;71.2;69.4;3.7
91;2021-10-30;486;891;1076;939486;916529;50244;71.2;69.5;3.8
91;2021-10-31;98;155;216;939584;916684;50460;71.2;69.5;3.8
91;2021-11-01;100;106;63;939684;916790;50523;71.2;69.5;3.8
91;2021-11-02;437;630;1263;940121;917420;51786;71.3;69.5;3.9
91;2021-11-03;492;737;1923;940613;918157;53709;71.3;69.6;4.1
91;2021-11-04;335;522;1401;940948;918679;55110;71.3;69.6;4.2
91;2021-11-05;451;765;2434;941399;919444;57544;71.4;69.7;4.4
91;2021-11-06;512;875;1450;941911;920319;58994;71.4;69.8;4.5
91;2021-11-07;82;161;238;941993;920480;59232;71.4;69.8;4.5
91;2021-11-08;221;462;1894;942214;920942;61126;71.4;69.8;4.6
91;2021-11-09;314;621;2613;942528;921563;63739;71.4;69.8;4.8
91;2021-11-10;475;759;3138;943003;922322;66877;71.5;69.9;5.1
91;2021-11-11;120;157;520;943123;922479;67397;71.5;69.9;5.1
91;2021-11-12;449;713;3561;943572;923192;70958;71.5;70.0;5.4
91;2021-11-13;542;852;2176;944114;924044;73134;71.6;70.0;5.5
91;2021-11-14;56;137;271;944170;924181;73405;71.6;70.0;5.6
91;2021-11-15;272;462;2194;944442;924643;75599;71.6;70.1;5.7
91;2021-11-16;375;506;3307;944817;925149;78906;71.6;70.1;6.0
91;2021-11-17;389;603;3009;945206;925752;81915;71.6;70.2;6.2
91;2021-11-18;295;423;2834;945501;926175;84749;71.7;70.2;6.4
91;2021-11-19;429;631;3427;945930;926806;88176;71.7;70.2;6.7
91;2021-11-20;593;786;2672;946523;927592;90848;71.7;70.3;6.9
91;2021-11-21;137;185;454;946660;927777;91302;71.7;70.3;6.9
91;2021-11-22;267;298;2398;946927;928075;93700;71.8;70.3;7.1
91;2021-11-23;334;431;3208;947261;928506;96908;71.8;70.4;7.3
91;2021-11-24;425;550;2990;947686;929056;99898;71.8;70.4;7.6
91;2021-11-25;343;445;4119;948029;929501;104017;71.9;70.4;7.9
91;2021-11-26;438;549;6459;948467;930050;110476;71.9;70.5;8.4
91;2021-11-27;512;759;5792;948979;930809;116268;71.9;70.5;8.8
91;2021-11-28;101;145;1793;949080;930954;118061;71.9;70.6;8.9
91;2021-11-29;192;342;5205;949272;931296;123266;71.9;70.6;9.3
91;2021-11-30;295;417;7668;949567;931713;130934;72.0;70.6;9.9
91;2021-12-01;262;511;8731;949829;932224;139665;72.0;70.7;10.6
91;2021-12-02;207;327;9085;950036;932551;148750;72.0;70.7;11.3
91;2021-12-03;232;433;10251;950268;932984;159001;72.0;70.7;12.1
91;2021-12-04;311;569;8749;950579;933553;167750;72.0;70.8;12.7
91;2021-12-05;99;148;3669;950678;933701;171419;72.1;70.8;13.0
91;2021-12-06;220;405;7479;950898;934106;178898;72.1;70.8;13.6
91;2021-12-07;256;475;11400;951154;934581;190298;72.1;70.8;14.4
91;2021-12-08;293;525;10205;951447;935106;200503;72.1;70.9;15.2
91;2021-12-09;257;455;11912;951704;935561;212415;72.1;70.9;16.1
91;2021-12-10;265;519;12661;951969;936080;225076;72.2;70.9;17.1
91;2021-12-11;361;676;13110;952330;936756;238186;72.2;71.0;18.1
91;2021-12-12;173;223;6684;952503;936979;244870;72.2;71.0;18.6
91;2021-12-13;229;380;8806;952732;937359;253676;72.2;71.0;19.2
91;2021-12-14;316;401;14375;953048;937760;268051;72.2;71.1;20.3
91;2021-12-15;324;524;12912;953372;938284;280963;72.3;71.1;21.3
91;2021-12-16;348;493;14498;953720;938777;295461;72.3;71.2;22.4
91;2021-12-17;363;556;13954;954083;939333;309415;72.3;71.2;23.5
91;2021-12-18;489;638;14726;954572;939971;324141;72.3;71.2;24.6
91;2021-12-19;238;239;8370;954810;940210;332511;72.4;71.3;25.2
91;2021-12-20;404;438;10882;955214;940648;343393;72.4;71.3;26.0
91;2021-12-21;480;492;13291;955694;941140;356684;72.4;71.3;27.0
91;2021-12-22;483;505;10981;956177;941645;367665;72.5;71.4;27.9
91;2021-12-23;435;386;9184;956612;942031;376849;72.5;71.4;28.6
91;2021-12-24;183;207;3208;956795;942238;380057;72.5;71.4;28.8
91;2021-12-25;3;35;216;956798;942273;380273;72.5;71.4;28.8
91;2021-12-26;223;149;4358;957021;942422;384631;72.5;71.4;29.2
91;2021-12-27;375;431;9031;957396;942853;393662;72.6;71.5;29.8
91;2021-12-28;432;414;11231;957828;943267;404893;72.6;71.5;30.7
92;2020-12-27;7;0;0;7;0;0;0.0;0.0;0.0
92;2020-12-28;14;0;0;21;0;0;0.0;0.0;0.0
92;2020-12-29;51;0;0;72;0;0;0.0;0.0;0.0
92;2020-12-30;21;0;0;93;0;0;0.0;0.0;0.0
92;2020-12-31;11;0;0;104;0;0;0.0;0.0;0.0
92;2021-01-01;13;0;0;117;0;0;0.0;0.0;0.0
92;2021-01-02;9;0;0;126;0;0;0.0;0.0;0.0
92;2021-01-03;26;2;0;152;2;0;0.0;0.0;0.0
92;2021-01-04;86;1;0;238;3;0;0.0;0.0;0.0
92;2021-01-05;268;4;0;506;7;0;0.0;0.0;0.0
92;2021-01-06;513;10;0;1019;17;0;0.1;0.0;0.0
92;2021-01-07;799;4;0;1818;21;0;0.1;0.0;0.0
92;2021-01-08;1049;9;0;2867;30;0;0.2;0.0;0.0
92;2021-01-09;209;0;0;3076;30;0;0.2;0.0;0.0
92;2021-01-10;199;2;0;3275;32;0;0.2;0.0;0.0
92;2021-01-11;1119;21;0;4394;53;0;0.3;0.0;0.0
92;2021-01-12;1562;17;0;5956;70;0;0.4;0.0;0.0
92;2021-01-13;1405;12;0;7361;82;0;0.5;0.0;0.0
92;2021-01-14;1363;17;0;8724;99;0;0.5;0.0;0.0
92;2021-01-15;1244;11;0;9968;110;0;0.6;0.0;0.0
92;2021-01-16;340;4;0;10308;114;0;0.6;0.0;0.0
92;2021-01-17;142;3;0;10450;117;0;0.6;0.0;0.0
92;2021-01-18;1947;26;0;12397;143;0;0.8;0.0;0.0
92;2021-01-19;2058;21;0;14455;164;0;0.9;0.0;0.0
92;2021-01-20;2343;26;0;16798;190;0;1.0;0.0;0.0
92;2021-01-21;3553;27;0;20351;217;0;1.3;0.0;0.0
92;2021-01-22;2971;43;0;23322;260;0;1.4;0.0;0.0
92;2021-01-23;430;1;0;23752;261;0;1.5;0.0;0.0
92;2021-01-24;111;2;0;23863;263;0;1.5;0.0;0.0
92;2021-01-25;1225;18;0;25088;281;0;1.6;0.0;0.0
92;2021-01-26;1573;28;0;26661;309;0;1.7;0.0;0.0
92;2021-01-27;2222;104;0;28883;413;0;1.8;0.0;0.0
92;2021-01-28;3964;182;0;32847;595;0;2.0;0.0;0.0
92;2021-01-29;2845;249;0;35692;844;0;2.2;0.1;0.0
92;2021-01-30;455;12;0;36147;856;0;2.2;0.1;0.0
92;2021-01-31;72;2;0;36219;858;0;2.2;0.1;0.0
92;2021-02-01;1204;277;0;37423;1135;0;2.3;0.1;0.0
92;2021-02-02;1414;408;0;38837;1543;0;2.4;0.1;0.0
92;2021-02-03;1299;457;0;40136;2000;0;2.5;0.1;0.0
92;2021-02-04;1298;607;0;41434;2607;0;2.6;0.2;0.0
92;2021-02-05;1603;561;0;43037;3168;0;2.7;0.2;0.0
92;2021-02-06;262;63;0;43299;3231;0;2.7;0.2;0.0
92;2021-02-07;77;39;0;43376;3270;0;2.7;0.2;0.0
92;2021-02-08;927;769;0;44303;4039;0;2.7;0.3;0.0
92;2021-02-09;1275;1343;0;45578;5382;0;2.8;0.3;0.0
92;2021-02-10;1293;1323;0;46871;6705;0;2.9;0.4;0.0
92;2021-02-11;1860;2356;0;48731;9061;0;3.0;0.6;0.0
92;2021-02-12;1593;1565;0;50324;10626;0;3.1;0.7;0.0
92;2021-02-13;204;250;0;50528;10876;0;3.1;0.7;0.0
92;2021-02-14;47;39;0;50575;10915;0;3.1;0.7;0.0
92;2021-02-15;630;2045;0;51205;12960;0;3.2;0.8;0.0
92;2021-02-16;832;2683;0;52037;15643;0;3.2;1.0;0.0
92;2021-02-17;660;2002;0;52697;17645;0;3.3;1.1;0.0
92;2021-02-18;1470;3655;0;54167;21300;0;3.4;1.3;0.0
92;2021-02-19;1631;2783;0;55798;24083;0;3.5;1.5;0.0
92;2021-02-20;223;613;0;56021;24696;0;3.5;1.5;0.0
92;2021-02-21;50;90;0;56071;24786;0;3.5;1.5;0.0
92;2021-02-22;607;1524;0;56678;26310;0;3.5;1.6;0.0
92;2021-02-23;782;1607;0;57460;27917;0;3.6;1.7;0.0
92;2021-02-24;767;1497;0;58227;29414;0;3.6;1.8;0.0
92;2021-02-25;1195;2280;0;59422;31694;0;3.7;2.0;0.0
92;2021-02-26;1733;1695;0;61155;33389;0;3.8;2.1;0.0
92;2021-02-27;615;266;0;61770;33655;0;3.8;2.1;0.0
92;2021-02-28;107;77;0;61877;33732;0;3.8;2.1;0.0
92;2021-03-01;1299;1334;0;63176;35066;0;3.9;2.2;0.0
92;2021-03-02;2155;1570;0;65331;36636;0;4.0;2.3;0.0
92;2021-03-03;2941;1454;0;68272;38090;0;4.2;2.4;0.0
92;2021-03-04;3947;1703;0;72219;39793;0;4.5;2.5;0.0
92;2021-03-05;5433;1910;0;77652;41703;0;4.8;2.6;0.0
92;2021-03-06;6769;499;0;84421;42202;0;5.2;2.6;0.0
92;2021-03-07;4271;494;0;88692;42696;0;5.5;2.6;0.0
92;2021-03-08;2755;1175;0;91447;43871;0;5.7;2.7;0.0
92;2021-03-09;3701;1262;0;95148;45133;0;5.9;2.8;0.0
92;2021-03-10;3992;1142;0;99140;46275;0;6.1;2.9;0.0
92;2021-03-11;5311;1530;0;104451;47805;0;6.5;3.0;0.0
92;2021-03-12;7054;1642;0;111505;49447;0;6.9;3.1;0.0
92;2021-03-13;5919;343;0;117424;49790;0;7.3;3.1;0.0
92;2021-03-14;2037;128;0;119461;49918;0;7.4;3.1;0.0
92;2021-03-15;4356;700;0;123817;50618;0;7.7;3.1;0.0
92;2021-03-16;3928;681;0;127745;51299;0;7.9;3.2;0.0
92;2021-03-17;4274;525;0;132019;51824;0;8.2;3.2;0.0
92;2021-03-18;4498;825;0;136517;52649;0;8.5;3.3;0.0
92;2021-03-19;6493;795;0;143010;53444;0;8.9;3.3;0.0
92;2021-03-20;3265;180;0;146275;53624;0;9.1;3.3;0.0
92;2021-03-21;630;148;0;146905;53772;0;9.1;3.3;0.0
92;2021-03-22;4922;635;0;151827;54407;0;9.4;3.4;0.0
92;2021-03-23;6621;991;0;158448;55398;0;9.8;3.4;0.0
92;2021-03-24;6913;857;0;165361;56255;0;10.2;3.5;0.0
92;2021-03-25;8951;796;0;174312;57051;0;10.8;3.5;0.0
92;2021-03-26;8984;1051;0;183296;58102;0;11.4;3.6;0.0
92;2021-03-27;3881;343;0;187177;58445;0;11.6;3.6;0.0
92;2021-03-28;900;73;0;188077;58518;0;11.7;3.6;0.0
92;2021-03-29;5139;1252;0;193216;59770;0;12.0;3.7;0.0
92;2021-03-30;7123;1813;0;200339;61583;0;12.4;3.8;0.0
92;2021-03-31;6086;2369;0;206425;63952;0;12.8;4.0;0.0
92;2021-04-01;6548;4020;0;212973;67972;0;13.2;4.2;0.0
92;2021-04-02;6040;3890;0;219013;71862;0;13.6;4.5;0.0
92;2021-04-03;1619;2053;0;220632;73915;0;13.7;4.6;0.0
92;2021-04-04;744;1161;0;221376;75076;0;13.7;4.7;0.0
92;2021-04-05;1004;318;0;222380;75394;0;13.8;4.7;0.0
92;2021-04-06;4211;2388;0;226591;77782;0;14.0;4.8;0.0
92;2021-04-07;5398;3308;0;231989;81090;0;14.4;5.0;0.0
92;2021-04-08;6252;3397;0;238241;84487;0;14.8;5.2;0.0
92;2021-04-09;8065;3409;0;246306;87896;0;15.3;5.4;0.0
92;2021-04-10;3243;1903;0;249549;89799;0;15.5;5.6;0.0
92;2021-04-11;619;1022;0;250168;90821;0;15.5;5.6;0.0
92;2021-04-12;4381;2995;0;254549;93816;0;15.8;5.8;0.0
92;2021-04-13;5214;4732;0;259763;98548;0;16.1;6.1;0.0
92;2021-04-14;5503;4427;0;265266;102975;0;16.4;6.4;0.0
92;2021-04-15;5733;4413;0;270999;107388;0;16.8;6.7;0.0
92;2021-04-16;5979;4383;0;276978;111771;0;17.2;6.9;0.0
92;2021-04-17;2727;1864;0;279705;113635;0;17.3;7.0;0.0
92;2021-04-18;724;483;0;280429;114118;0;17.4;7.1;0.0
92;2021-04-19;3669;3541;0;284098;117659;0;17.6;7.3;0.0
92;2021-04-20;4977;4376;0;289075;122035;0;17.9;7.6;0.0
92;2021-04-21;5207;4818;0;294282;126853;0;18.2;7.9;0.0
92;2021-04-22;5212;5498;0;299494;132351;0;18.6;8.2;0.0
92;2021-04-23;5777;4966;0;305271;137317;0;18.9;8.5;0.0
92;2021-04-24;5309;2582;0;310580;139899;0;19.2;8.7;0.0
92;2021-04-25;2140;570;0;312720;140469;0;19.4;8.7;0.0
92;2021-04-26;4576;3967;0;317296;144436;0;19.7;9.0;0.0
92;2021-04-27;7003;5618;0;324299;150054;0;20.1;9.3;0.0
92;2021-04-28;8227;4968;0;332526;155022;0;20.6;9.6;0.0
92;2021-04-29;8830;5091;0;341356;160113;0;21.2;9.9;0.0
92;2021-04-30;9805;4983;0;351161;165096;0;21.8;10.2;0.0
92;2021-05-01;2357;664;0;353518;165760;0;21.9;10.3;0.0
92;2021-05-02;1326;488;0;354844;166248;0;22.0;10.3;0.0
92;2021-05-03;7636;4971;0;362480;171219;0;22.5;10.6;0.0
92;2021-05-04;10214;4947;0;372694;176166;0;23.1;10.9;0.0
92;2021-05-05;9858;5425;0;382552;181591;0;23.7;11.3;0.0
92;2021-05-06;10993;5227;0;393545;186818;0;24.4;11.6;0.0
92;2021-05-07;9891;5616;0;403436;192434;0;25.0;11.9;0.0
92;2021-05-08;7405;2352;0;410841;194786;0;25.5;12.1;0.0
92;2021-05-09;4250;1133;0;415091;195919;0;25.7;12.1;0.0
92;2021-05-10;10482;4528;0;425573;200447;0;26.4;12.4;0.0
92;2021-05-11;13469;6174;0;439042;206621;0;27.2;12.8;0.0
92;2021-05-12;13807;5099;0;452849;211720;0;28.1;13.1;0.0
92;2021-05-13;9716;1330;0;462565;213050;0;28.7;13.2;0.0
92;2021-05-14;12850;3096;0;475415;216146;0;29.5;13.4;0.0
92;2021-05-15;9429;1711;0;484844;217857;0;30.0;13.5;0.0
92;2021-05-16;5086;620;0;489930;218477;0;30.4;13.5;0.0
92;2021-05-17;11983;2734;0;501913;221211;0;31.1;13.7;0.0
92;2021-05-18;16604;3255;0;518517;224466;0;32.1;13.9;0.0
92;2021-05-19;16186;4296;0;534703;228762;0;33.1;14.2;0.0
92;2021-05-20;17039;4500;0;551742;233262;0;34.2;14.5;0.0
92;2021-05-21;15138;3955;0;566880;237217;0;35.1;14.7;0.0
92;2021-05-22;10631;1946;0;577511;239163;0;35.8;14.8;0.0
92;2021-05-23;5385;751;0;582896;239914;0;36.1;14.9;0.0
92;2021-05-24;8072;1144;0;590968;241058;0;36.6;14.9;0.0
92;2021-05-25;13642;4899;0;604610;245957;0;37.5;15.2;0.0
92;2021-05-26;12785;5221;0;617395;251178;0;38.3;15.6;0.0
92;2021-05-27;13608;6487;0;631003;257665;0;39.1;16.0;0.0
92;2021-05-28;12627;6760;0;643630;264425;0;39.9;16.4;0.0
92;2021-05-29;8433;3174;0;652063;267599;0;40.4;16.6;0.0
92;2021-05-30;4029;898;0;656092;268497;0;40.7;16.6;0.0
92;2021-05-31;12476;6065;0;668568;274562;0;41.4;17.0;0.0
92;2021-06-01;12737;8242;0;681305;282804;0;42.2;17.5;0.0
92;2021-06-02;13738;7203;0;695043;290007;0;43.1;18.0;0.0
92;2021-06-03;14038;7956;0;709081;297963;0;43.9;18.5;0.0
92;2021-06-04;12265;8684;0;721346;306647;0;44.7;19.0;0.0
92;2021-06-05;8016;6773;0;729362;313420;0;45.2;19.4;0.0
92;2021-06-06;4703;2129;0;734065;315549;0;45.5;19.6;0.0
92;2021-06-07;10237;8110;0;744302;323659;0;46.1;20.1;0.0
92;2021-06-08;11209;10082;0;755511;333741;0;46.8;20.7;0.0
92;2021-06-09;10799;9996;0;766310;343737;0;47.5;21.3;0.0
92;2021-06-10;11192;11753;0;777502;355490;0;48.2;22.0;0.0
92;2021-06-11;8589;11504;0;786091;366994;0;48.7;22.7;0.0
92;2021-06-12;7245;5939;0;793336;372933;0;49.2;23.1;0.0
92;2021-06-13;3806;3047;0;797142;375980;0;49.4;23.3;0.0
92;2021-06-14;5283;11598;0;802425;387578;0;49.7;24.0;0.0
92;2021-06-15;6851;13281;0;809276;400859;0;50.1;24.8;0.0
92;2021-06-16;6873;12286;0;816149;413145;0;50.6;25.6;0.0
92;2021-06-17;7284;13322;0;823433;426467;0;51.0;26.4;0.0
92;2021-06-18;7227;14447;0;830660;440914;0;51.5;27.3;0.0
92;2021-06-19;4730;9513;0;835390;450427;0;51.8;27.9;0.0
92;2021-06-20;2068;5357;0;837458;455784;0;51.9;28.2;0.0
92;2021-06-21;4585;12579;0;842043;468363;0;52.2;29.0;0.0
92;2021-06-22;5581;16343;0;847624;484706;0;52.5;30.0;0.0
92;2021-06-23;5461;15376;0;853085;500082;0;52.9;31.0;0.0
92;2021-06-24;6069;14431;0;859154;514513;0;53.2;31.9;0.0
92;2021-06-25;4999;16400;0;864153;530913;0;53.5;32.9;0.0
92;2021-06-26;4213;11547;0;868366;542460;0;53.8;33.6;0.0
92;2021-06-27;1598;6282;0;869964;548742;0;53.9;34.0;0.0
92;2021-06-28;3597;13170;0;873561;561912;0;54.1;34.8;0.0
92;2021-06-29;4503;17595;0;878064;579507;0;54.4;35.9;0.0
92;2021-06-30;4669;16152;0;882733;595659;0;54.7;36.9;0.0
92;2021-07-01;5947;16122;1;888680;611781;1;55.1;37.9;0.0
92;2021-07-02;5481;16338;0;894161;628119;1;55.4;38.9;0.0
92;2021-07-03;3556;11886;0;897717;640005;1;55.6;39.7;0.0
92;2021-07-04;1387;5278;0;899104;645283;1;55.7;40.0;0.0
92;2021-07-05;4634;12815;0;903738;658098;1;56.0;40.8;0.0
92;2021-07-06;5314;15668;0;909052;673766;1;56.3;41.8;0.0
92;2021-07-07;4945;12814;0;913997;686580;1;56.6;42.5;0.0
92;2021-07-08;5597;14411;0;919594;700991;1;57.0;43.4;0.0
92;2021-07-09;5919;15319;0;925513;716310;1;57.4;44.4;0.0
92;2021-07-10;3917;10196;0;929430;726506;1;57.6;45.0;0.0
92;2021-07-11;1727;4249;0;931157;730755;1;57.7;45.3;0.0
92;2021-07-12;4533;15095;0;935690;745850;1;58.0;46.2;0.0
92;2021-07-13;8028;16879;0;943718;762729;1;58.5;47.3;0.0
92;2021-07-14;4763;5575;0;948481;768304;1;58.8;47.6;0.0
92;2021-07-15;9162;16120;0;957643;784424;1;59.3;48.6;0.0
92;2021-07-16;9089;14386;0;966732;798810;1;59.9;49.5;0.0
92;2021-07-17;6138;8535;0;972870;807345;1;60.3;50.0;0.0
92;2021-07-18;2359;3639;0;975229;810984;1;60.4;50.3;0.0
92;2021-07-19;6446;12704;0;981675;823688;1;60.8;51.0;0.0
92;2021-07-20;9242;13302;0;990917;836990;1;61.4;51.9;0.0
92;2021-07-21;9463;11771;0;1000380;848761;1;62.0;52.6;0.0
92;2021-07-22;10478;12607;0;1010858;861368;1;62.6;53.4;0.0
92;2021-07-23;9809;11259;0;1020667;872627;1;63.2;54.1;0.0
92;2021-07-24;5884;6817;0;1026551;879444;1;63.6;54.5;0.0
92;2021-07-25;2626;2502;0;1029177;881946;1;63.8;54.7;0.0
92;2021-07-26;8132;9213;0;1037309;891159;1;64.3;55.2;0.0
92;2021-07-27;9669;9552;0;1046978;900711;1;64.9;55.8;0.0
92;2021-07-28;9414;8287;0;1056392;908998;1;65.5;56.3;0.0
92;2021-07-29;9043;8499;0;1065435;917497;1;66.0;56.9;0.0
92;2021-07-30;8222;8381;0;1073657;925878;1;66.5;57.4;0.0
92;2021-07-31;4936;4869;0;1078593;930747;1;66.8;57.7;0.0
92;2021-08-01;2116;1697;0;1080709;932444;1;67.0;57.8;0.0
92;2021-08-02;5370;5551;0;1086079;937995;1;67.3;58.1;0.0
92;2021-08-03;5658;6786;0;1091737;944781;1;67.7;58.5;0.0
92;2021-08-04;5309;5636;0;1097046;950417;1;68.0;58.9;0.0
92;2021-08-05;4725;6171;0;1101771;956588;1;68.3;59.3;0.0
92;2021-08-06;4934;6739;0;1106705;963327;1;68.6;59.7;0.0
92;2021-08-07;2816;4255;0;1109521;967582;1;68.8;60.0;0.0
92;2021-08-08;1048;1532;0;1110569;969114;1;68.8;60.1;0.0
92;2021-08-09;3621;5403;0;1114190;974517;1;69.0;60.4;0.0
92;2021-08-10;4193;6752;0;1118383;981269;1;69.3;60.8;0.0
92;2021-08-11;3557;5612;0;1121940;986881;1;69.5;61.2;0.0
92;2021-08-12;3503;6199;0;1125443;993080;1;69.7;61.5;0.0
92;2021-08-13;3117;5733;0;1128560;998813;1;69.9;61.9;0.0
92;2021-08-14;1908;4087;0;1130468;1002900;1;70.1;62.1;0.0
92;2021-08-15;573;934;0;1131041;1003834;1;70.1;62.2;0.0
92;2021-08-16;2549;6237;0;1133590;1010071;1;70.2;62.6;0.0
92;2021-08-17;2947;7573;0;1136537;1017644;1;70.4;63.1;0.0
92;2021-08-18;2503;6041;0;1139040;1023685;1;70.6;63.4;0.0
92;2021-08-19;2556;6138;0;1141596;1029823;1;70.7;63.8;0.0
92;2021-08-20;2326;5886;0;1143922;1035709;1;70.9;64.2;0.0
92;2021-08-21;1365;4292;0;1145287;1040001;1;71.0;64.4;0.0
92;2021-08-22;421;1686;0;1145708;1041687;1;71.0;64.6;0.0
92;2021-08-23;2334;6976;0;1148042;1048663;1;71.1;65.0;0.0
92;2021-08-24;2827;8297;0;1150869;1056960;1;71.3;65.5;0.0
92;2021-08-25;2708;7267;0;1153577;1064227;1;71.5;65.9;0.0
92;2021-08-26;2705;6884;0;1156282;1071111;1;71.7;66.4;0.0
92;2021-08-27;2644;6826;0;1158926;1077937;1;71.8;66.8;0.0
92;2021-08-28;1567;4484;0;1160493;1082421;1;71.9;67.1;0.0
92;2021-08-29;339;979;0;1160832;1083400;1;71.9;67.1;0.0
92;2021-08-30;2139;5338;198;1162971;1088738;199;72.1;67.5;0.0
92;2021-08-31;2733;6426;446;1165704;1095164;645;72.2;67.9;0.0
92;2021-09-01;3156;5637;855;1168860;1100801;1500;72.4;68.2;0.1
92;2021-09-02;2466;4771;845;1171326;1105572;2345;72.6;68.5;0.1
92;2021-09-03;2383;4737;1029;1173709;1110309;3374;72.7;68.8;0.2
92;2021-09-04;2058;4038;360;1175767;1114347;3734;72.9;69.1;0.2
92;2021-09-05;413;763;109;1176180;1115110;3843;72.9;69.1;0.2
92;2021-09-06;1181;2668;932;1177361;1117778;4775;73.0;69.3;0.3
92;2021-09-07;1416;2801;921;1178777;1120579;5696;73.0;69.4;0.4
92;2021-09-08;1908;3190;900;1180685;1123769;6596;73.2;69.6;0.4
92;2021-09-09;1106;2382;745;1181791;1126151;7341;73.2;69.8;0.5
92;2021-09-10;1649;3026;1159;1183440;1129177;8500;73.3;70.0;0.5
92;2021-09-11;1410;2554;262;1184850;1131731;8762;73.4;70.1;0.5
92;2021-09-12;212;436;51;1185062;1132167;8813;73.4;70.2;0.5
92;2021-09-13;1187;1940;1150;1186249;1134107;9963;73.5;70.3;0.6
92;2021-09-14;1105;2086;1334;1187354;1136193;11297;73.6;70.4;0.7
92;2021-09-15;1517;3216;1316;1188871;1139409;12613;73.7;70.6;0.8
92;2021-09-16;1020;1883;1211;1189891;1141292;13824;73.7;70.7;0.9
92;2021-09-17;1355;2752;1247;1191246;1144044;15071;73.8;70.9;0.9
92;2021-09-18;872;2135;322;1192118;1146179;15393;73.9;71.0;1.0
92;2021-09-19;143;284;22;1192261;1146463;15415;73.9;71.0;1.0
92;2021-09-20;749;1658;1176;1193010;1148121;16591;73.9;71.1;1.0
92;2021-09-21;729;1676;1358;1193739;1149797;17949;74.0;71.2;1.1
92;2021-09-22;1013;3479;1107;1194752;1153276;19056;74.0;71.5;1.2
92;2021-09-23;721;1695;1122;1195473;1154971;20178;74.1;71.6;1.3
92;2021-09-24;1022;2583;1083;1196495;1157554;21261;74.1;71.7;1.3
92;2021-09-25;640;2085;287;1197135;1159639;21548;74.2;71.9;1.3
92;2021-09-26;103;264;29;1197238;1159903;21577;74.2;71.9;1.3
92;2021-09-27;668;1446;997;1197906;1161349;22574;74.2;72.0;1.4
92;2021-09-28;693;1376;1040;1198599;1162725;23614;74.3;72.1;1.5
92;2021-09-29;986;2471;1165;1199585;1165196;24779;74.3;72.2;1.5
92;2021-09-30;811;1251;1114;1200396;1166447;25893;74.4;72.3;1.6
92;2021-10-01;1247;1913;1433;1201643;1168360;27326;74.5;72.4;1.7
92;2021-10-02;850;1582;412;1202493;1169942;27738;74.5;72.5;1.7
92;2021-10-03;98;206;46;1202591;1170148;27784;74.5;72.5;1.7
92;2021-10-04;710;1077;1364;1203301;1171225;29148;74.6;72.6;1.8
92;2021-10-05;663;1133;1663;1203964;1172358;30811;74.6;72.6;1.9
92;2021-10-06;954;1713;1935;1204918;1174071;32746;74.7;72.8;2.0
92;2021-10-07;525;898;1491;1205443;1174969;34237;74.7;72.8;2.1
92;2021-10-08;1037;1746;2139;1206480;1176715;36376;74.8;72.9;2.3
92;2021-10-09;686;1231;674;1207166;1177946;37050;74.8;73.0;2.3
92;2021-10-10;131;191;35;1207297;1178137;37085;74.8;73.0;2.3
92;2021-10-11;599;903;1453;1207896;1179040;38538;74.8;73.1;2.4
92;2021-10-12;701;1009;1771;1208597;1180049;40309;74.9;73.1;2.5
92;2021-10-13;894;1377;2346;1209491;1181426;42655;74.9;73.2;2.6
92;2021-10-14;560;846;1725;1210051;1182272;44380;75.0;73.3;2.8
92;2021-10-15;877;1362;2416;1210928;1183634;46796;75.0;73.3;2.9
92;2021-10-16;696;1063;956;1211624;1184697;47752;75.1;73.4;3.0
92;2021-10-17;78;150;74;1211702;1184847;47826;75.1;73.4;3.0
92;2021-10-18;481;730;1559;1212183;1185577;49385;75.1;73.5;3.1
92;2021-10-19;316;706;2082;1212499;1186283;51467;75.1;73.5;3.2
92;2021-10-20;411;944;2784;1212910;1187227;54251;75.2;73.6;3.4
92;2021-10-21;234;621;2021;1213144;1187848;56272;75.2;73.6;3.5
92;2021-10-22;386;1080;2749;1213530;1188928;59021;75.2;73.7;3.7
92;2021-10-23;280;798;1028;1213810;1189726;60049;75.2;73.7;3.7
92;2021-10-24;33;76;94;1213843;1189802;60143;75.2;73.7;3.7
92;2021-10-25;304;550;1953;1214147;1190352;62096;75.2;73.8;3.8
92;2021-10-26;308;632;2298;1214455;1190984;64394;75.3;73.8;4.0
92;2021-10-27;333;834;3184;1214788;1191818;67578;75.3;73.9;4.2
92;2021-10-28;218;461;2167;1215006;1192279;69745;75.3;73.9;4.3
92;2021-10-29;313;776;3029;1215319;1193055;72774;75.3;73.9;4.5
92;2021-10-30;213;610;1153;1215532;1193665;73927;75.3;74.0;4.6
92;2021-10-31;22;81;71;1215554;1193746;73998;75.3;74.0;4.6
92;2021-11-01;103;96;128;1215657;1193842;74126;75.3;74.0;4.6
92;2021-11-02;294;710;2075;1215951;1194552;76201;75.3;74.0;4.7
92;2021-11-03;292;772;2621;1216243;1195324;78822;75.4;74.1;4.9
92;2021-11-04;245;552;2316;1216488;1195876;81138;75.4;74.1;5.0
92;2021-11-05;313;702;2942;1216801;1196578;84080;75.4;74.1;5.2
92;2021-11-06;198;500;1025;1216999;1197078;85105;75.4;74.2;5.3
92;2021-11-07;27;92;90;1217026;1197170;85195;75.4;74.2;5.3
92;2021-11-08;159;485;2728;1217185;1197655;87923;75.4;74.2;5.4
92;2021-11-09;214;535;3551;1217399;1198190;91474;75.4;74.2;5.7
92;2021-11-10;339;666;4319;1217738;1198856;95793;75.5;74.3;5.9
92;2021-11-11;71;115;509;1217809;1198971;96302;75.5;74.3;6.0
92;2021-11-12;249;539;4115;1218058;1199510;100417;75.5;74.3;6.2
92;2021-11-13;208;302;1541;1218266;1199812;101958;75.5;74.3;6.3
92;2021-11-14;34;52;148;1218300;1199864;102106;75.5;74.4;6.3
92;2021-11-15;208;362;3613;1218508;1200226;105719;75.5;74.4;6.6
92;2021-11-16;225;382;3704;1218733;1200608;109423;75.5;74.4;6.8
92;2021-11-17;327;498;3938;1219060;1201106;113361;75.5;74.4;7.0
92;2021-11-18;233;418;4136;1219293;1201524;117497;75.6;74.5;7.3
92;2021-11-19;378;522;5252;1219671;1202046;122749;75.6;74.5;7.6
92;2021-11-20;243;363;1871;1219914;1202409;124620;75.6;74.5;7.7
92;2021-11-21;26;60;232;1219940;1202469;124852;75.6;74.5;7.7
92;2021-11-22;206;318;3743;1220146;1202787;128595;75.6;74.5;8.0
92;2021-11-23;257;341;4422;1220403;1203128;133017;75.6;74.6;8.2
92;2021-11-24;353;498;4889;1220756;1203626;137906;75.6;74.6;8.5
92;2021-11-25;243;341;6196;1220999;1203967;144102;75.7;74.6;8.9
92;2021-11-26;323;514;10410;1221322;1204481;154512;75.7;74.6;9.6
92;2021-11-27;228;296;6168;1221550;1204777;160680;75.7;74.7;10.0
92;2021-11-28;52;112;3889;1221602;1204889;164569;75.7;74.7;10.2
92;2021-11-29;190;318;9528;1221792;1205207;174097;75.7;74.7;10.8
92;2021-11-30;239;364;12963;1222031;1205571;187060;75.7;74.7;11.6
92;2021-12-01;233;393;14311;1222264;1205964;201371;75.7;74.7;12.5
92;2021-12-02;195;311;15266;1222459;1206275;216637;75.8;74.7;13.4
92;2021-12-03;236;421;18321;1222695;1206696;234958;75.8;74.8;14.6
92;2021-12-04;175;329;11369;1222870;1207025;246327;75.8;74.8;15.3
92;2021-12-05;67;93;4073;1222937;1207118;250400;75.8;74.8;15.5
92;2021-12-06;160;342;13828;1223097;1207460;264228;75.8;74.8;16.4
92;2021-12-07;203;369;18015;1223300;1207829;282243;75.8;74.8;17.5
92;2021-12-08;260;492;17233;1223560;1208321;299476;75.8;74.9;18.6
92;2021-12-09;229;393;18605;1223789;1208714;318081;75.8;74.9;19.7
92;2021-12-10;249;489;20819;1224038;1209203;338900;75.8;74.9;21.0
92;2021-12-11;209;370;13423;1224247;1209573;352323;75.9;75.0;21.8
92;2021-12-12;59;111;5820;1224306;1209684;358143;75.9;75.0;22.2
92;2021-12-13;186;391;17261;1224492;1210075;375404;75.9;75.0;23.3
92;2021-12-14;254;406;21613;1224746;1210481;397017;75.9;75.0;24.6
92;2021-12-15;296;496;19717;1225042;1210977;416734;75.9;75.0;25.8
92;2021-12-16;290;448;21928;1225332;1211425;438662;75.9;75.1;27.2
92;2021-12-17;329;544;22705;1225661;1211969;461367;76.0;75.1;28.6
92;2021-12-18;225;294;12775;1225886;1212263;474142;76.0;75.1;29.4
92;2021-12-19;138;157;7475;1226024;1212420;481617;76.0;75.1;29.8
92;2021-12-20;305;431;18600;1226329;1212851;500217;76.0;75.2;31.0
92;2021-12-21;392;472;20494;1226721;1213323;520711;76.0;75.2;32.3
92;2021-12-22;398;462;17762;1227119;1213785;538473;76.0;75.2;33.4
92;2021-12-23;347;396;15236;1227466;1214181;553709;76.1;75.2;34.3
92;2021-12-24;152;172;5088;1227618;1214353;558797;76.1;75.2;34.6
92;2021-12-25;17;22;455;1227635;1214375;559252;76.1;75.3;34.7
92;2021-12-26;43;65;2647;1227678;1214440;561899;76.1;75.3;34.8
92;2021-12-27;286;415;14018;1227964;1214855;575917;76.1;75.3;35.7
92;2021-12-28;328;384;16406;1228292;1215239;592323;76.1;75.3;36.7
93;2020-12-27;7;3;0;7;3;0;0.0;0.0;0.0
93;2020-12-28;2;0;0;9;3;0;0.0;0.0;0.0
93;2020-12-29;0;0;0;9;3;0;0.0;0.0;0.0
93;2020-12-30;27;1;0;36;4;0;0.0;0.0;0.0
93;2020-12-31;7;0;0;43;4;0;0.0;0.0;0.0
93;2021-01-01;17;0;0;60;4;0;0.0;0.0;0.0
93;2021-01-02;5;0;0;65;4;0;0.0;0.0;0.0
93;2021-01-03;8;0;0;73;4;0;0.0;0.0;0.0
93;2021-01-04;18;1;0;91;5;0;0.0;0.0;0.0
93;2021-01-05;95;2;0;186;7;0;0.0;0.0;0.0
93;2021-01-06;138;3;0;324;10;0;0.0;0.0;0.0
93;2021-01-07;363;5;0;687;15;0;0.0;0.0;0.0
93;2021-01-08;503;4;0;1190;19;0;0.1;0.0;0.0
93;2021-01-09;43;0;0;1233;19;0;0.1;0.0;0.0
93;2021-01-10;57;0;0;1290;19;0;0.1;0.0;0.0
93;2021-01-11;508;4;0;1798;23;0;0.1;0.0;0.0
93;2021-01-12;734;6;0;2532;29;0;0.2;0.0;0.0
93;2021-01-13;713;10;0;3245;39;0;0.2;0.0;0.0
93;2021-01-14;662;15;0;3907;54;0;0.2;0.0;0.0
93;2021-01-15;570;7;0;4477;61;0;0.3;0.0;0.0
93;2021-01-16;126;3;0;4603;64;0;0.3;0.0;0.0
93;2021-01-17;62;2;0;4665;66;0;0.3;0.0;0.0
93;2021-01-18;974;19;0;5639;85;0;0.3;0.0;0.0
93;2021-01-19;1287;16;0;6926;101;0;0.4;0.0;0.0
93;2021-01-20;1336;23;0;8262;124;0;0.5;0.0;0.0
93;2021-01-21;1614;37;0;9876;161;0;0.6;0.0;0.0
93;2021-01-22;1207;27;0;11083;188;0;0.7;0.0;0.0
93;2021-01-23;576;6;0;11659;194;0;0.7;0.0;0.0
93;2021-01-24;56;0;0;11715;194;0;0.7;0.0;0.0
93;2021-01-25;852;10;0;12567;204;0;0.8;0.0;0.0
93;2021-01-26;1016;30;0;13583;234;0;0.8;0.0;0.0
93;2021-01-27;1694;76;0;15277;310;0;0.9;0.0;0.0
93;2021-01-28;1826;145;0;17103;455;0;1.0;0.0;0.0
93;2021-01-29;1377;172;0;18480;627;0;1.1;0.0;0.0
93;2021-01-30;695;29;0;19175;656;0;1.1;0.0;0.0
93;2021-01-31;24;4;0;19199;660;0;1.1;0.0;0.0
93;2021-02-01;750;111;0;19949;771;0;1.2;0.0;0.0
93;2021-02-02;791;233;0;20740;1004;0;1.2;0.1;0.0
93;2021-02-03;861;317;0;21601;1321;0;1.3;0.1;0.0
93;2021-02-04;710;382;0;22311;1703;0;1.3;0.1;0.0
93;2021-02-05;652;332;0;22963;2035;0;1.4;0.1;0.0
93;2021-02-06;510;52;0;23473;2087;0;1.4;0.1;0.0
93;2021-02-07;18;23;0;23491;2110;0;1.4;0.1;0.0
93;2021-02-08;678;512;0;24169;2622;0;1.4;0.2;0.0
93;2021-02-09;650;632;0;24819;3254;0;1.5;0.2;0.0
93;2021-02-10;741;768;0;25560;4022;0;1.5;0.2;0.0
93;2021-02-11;985;1004;0;26545;5026;0;1.6;0.3;0.0
93;2021-02-12;933;689;0;27478;5715;0;1.6;0.3;0.0
93;2021-02-13;321;248;0;27799;5963;0;1.7;0.4;0.0
93;2021-02-14;21;68;0;27820;6031;0;1.7;0.4;0.0
93;2021-02-15;424;919;0;28244;6950;0;1.7;0.4;0.0
93;2021-02-16;518;1166;0;28762;8116;0;1.7;0.5;0.0
93;2021-02-17;579;1430;0;29341;9546;0;1.8;0.6;0.0
93;2021-02-18;1018;1704;0;30359;11250;0;1.8;0.7;0.0
93;2021-02-19;941;1429;0;31300;12679;0;1.9;0.8;0.0
93;2021-02-20;233;545;0;31533;13224;0;1.9;0.8;0.0
93;2021-02-21;24;45;0;31557;13269;0;1.9;0.8;0.0
93;2021-02-22;539;903;0;32096;14172;0;1.9;0.8;0.0
93;2021-02-23;522;848;0;32618;15020;0;2.0;0.9;0.0
93;2021-02-24;612;951;0;33230;15971;0;2.0;1.0;0.0
93;2021-02-25;929;999;0;34159;16970;0;2.0;1.0;0.0
93;2021-02-26;1134;820;0;35293;17790;0;2.1;1.1;0.0
93;2021-02-27;523;462;0;35816;18252;0;2.1;1.1;0.0
93;2021-02-28;83;49;0;35899;18301;0;2.1;1.1;0.0
93;2021-03-01;981;722;0;36880;19023;0;2.2;1.1;0.0
93;2021-03-02;1412;828;0;38292;19851;0;2.3;1.2;0.0
93;2021-03-03;1703;856;0;39995;20707;0;2.4;1.2;0.0
93;2021-03-04;2585;927;0;42580;21634;0;2.5;1.3;0.0
93;2021-03-05;3562;834;0;46142;22468;0;2.8;1.3;0.0
93;2021-03-06;4108;505;0;50250;22973;0;3.0;1.4;0.0
93;2021-03-07;3202;289;0;53452;23262;0;3.2;1.4;0.0
93;2021-03-08;2024;895;0;55476;24157;0;3.3;1.4;0.0
93;2021-03-09;2745;742;0;58221;24899;0;3.5;1.5;0.0
93;2021-03-10;2850;832;0;61071;25731;0;3.7;1.5;0.0
93;2021-03-11;3642;1068;0;64713;26799;0;3.9;1.6;0.0
93;2021-03-12;4167;1123;0;68880;27922;0;4.1;1.7;0.0
93;2021-03-13;3740;507;0;72620;28429;0;4.3;1.7;0.0
93;2021-03-14;1125;104;0;73745;28533;0;4.4;1.7;0.0
93;2021-03-15;3012;554;0;76757;29087;0;4.6;1.7;0.0
93;2021-03-16;2647;493;0;79404;29580;0;4.8;1.8;0.0
93;2021-03-17;2245;559;0;81649;30139;0;4.9;1.8;0.0
93;2021-03-18;2769;646;0;84418;30785;0;5.1;1.8;0.0
93;2021-03-19;3342;605;0;87760;31390;0;5.3;1.9;0.0
93;2021-03-20;2765;280;0;90525;31670;0;5.4;1.9;0.0
93;2021-03-21;789;197;0;91314;31867;0;5.5;1.9;0.0
93;2021-03-22;3391;571;0;94705;32438;0;5.7;1.9;0.0
93;2021-03-23;4287;726;0;98992;33164;0;5.9;2.0;0.0
93;2021-03-24;4024;679;0;103016;33843;0;6.2;2.0;0.0
93;2021-03-25;5427;792;0;108443;34635;0;6.5;2.1;0.0
93;2021-03-26;5292;815;0;113735;35450;0;6.8;2.1;0.0
93;2021-03-27;3770;298;0;117505;35748;0;7.0;2.1;0.0
93;2021-03-28;834;63;0;118339;35811;0;7.1;2.1;0.0
93;2021-03-29;3531;939;0;121870;36750;0;7.3;2.2;0.0
93;2021-03-30;4391;1244;0;126261;37994;0;7.6;2.3;0.0
93;2021-03-31;3939;1283;0;130200;39277;0;7.8;2.4;0.0
93;2021-04-01;4236;2693;0;134436;41970;0;8.0;2.5;0.0
93;2021-04-02;3495;2859;0;137931;44829;0;8.3;2.7;0.0
93;2021-04-03;2262;1801;0;140193;46630;0;8.4;2.8;0.0
93;2021-04-04;814;231;0;141007;46861;0;8.4;2.8;0.0
93;2021-04-05;895;124;0;141902;46985;0;8.5;2.8;0.0
93;2021-04-06;3744;2036;0;145646;49021;0;8.7;2.9;0.0
93;2021-04-07;4015;1929;0;149661;50950;0;9.0;3.1;0.0
93;2021-04-08;4841;2385;0;154502;53335;0;9.3;3.2;0.0
93;2021-04-09;5258;2699;0;159760;56034;0;9.6;3.4;0.0
93;2021-04-10;3220;2074;0;162980;58108;0;9.8;3.5;0.0
93;2021-04-11;779;591;0;163759;58699;0;9.8;3.5;0.0
93;2021-04-12;3729;2240;0;167488;60939;0;10.0;3.6;0.0
93;2021-04-13;4018;3195;0;171506;64134;0;10.3;3.8;0.0
93;2021-04-14;3771;2158;0;175277;66292;0;10.5;4.0;0.0
93;2021-04-15;4107;2735;0;179384;69027;0;10.7;4.1;0.0
93;2021-04-16;3758;2522;0;183142;71549;0;11.0;4.3;0.0
93;2021-04-17;2549;1961;0;185691;73510;0;11.1;4.4;0.0
93;2021-04-18;469;513;0;186160;74023;0;11.1;4.4;0.0
93;2021-04-19;2900;2416;0;189060;76439;0;11.3;4.6;0.0
93;2021-04-20;3243;2892;0;192303;79331;0;11.5;4.7;0.0
93;2021-04-21;3053;2615;0;195356;81946;0;11.7;4.9;0.0
93;2021-04-22;3534;3678;0;198890;85624;0;11.9;5.1;0.0
93;2021-04-23;3747;3077;0;202637;88701;0;12.1;5.3;0.0
93;2021-04-24;3632;2680;0;206269;91381;0;12.4;5.5;0.0
93;2021-04-25;1410;738;0;207679;92119;0;12.4;5.5;0.0
93;2021-04-26;3628;2786;0;211307;94905;0;12.7;5.7;0.0
93;2021-04-27;5113;3141;0;216420;98046;0;13.0;5.9;0.0
93;2021-04-28;4695;3037;0;221115;101083;0;13.2;6.1;0.0
93;2021-04-29;6044;3074;0;227159;104157;0;13.6;6.2;0.0
93;2021-04-30;6572;3066;0;233731;107223;0;14.0;6.4;0.0
93;2021-05-01;3022;918;0;236753;108141;0;14.2;6.5;0.0
93;2021-05-02;952;751;0;237705;108892;0;14.2;6.5;0.0
93;2021-05-03;6065;4477;0;243770;113369;0;14.6;6.8;0.0
93;2021-05-04;6082;4290;0;249852;117659;0;15.0;7.0;0.0
93;2021-05-05;6059;3604;0;255911;121263;0;15.3;7.3;0.0
93;2021-05-06;6868;3994;0;262779;125257;0;15.7;7.5;0.0
93;2021-05-07;5717;4339;0;268496;129596;0;16.1;7.8;0.0
93;2021-05-08;5458;2153;0;273954;131749;0;16.4;7.9;0.0
93;2021-05-09;3655;1387;0;277609;133136;0;16.6;8.0;0.0
93;2021-05-10;7229;3555;0;284838;136691;0;17.1;8.2;0.0
93;2021-05-11;7590;4166;0;292428;140857;0;17.5;8.4;0.0
93;2021-05-12;7245;3218;0;299673;144075;0;17.9;8.6;0.0
93;2021-05-13;6082;1141;0;305755;145216;0;18.3;8.7;0.0
93;2021-05-14;8568;3014;0;314323;148230;0;18.8;8.9;0.0
93;2021-05-15;8556;2262;0;322879;150492;0;19.3;9.0;0.0
93;2021-05-16;4204;674;0;327083;151166;0;19.6;9.1;0.0
93;2021-05-17;8233;1904;0;335316;153070;0;20.1;9.2;0.0
93;2021-05-18;9155;2017;0;344471;155087;0;20.6;9.3;0.0
93;2021-05-19;8639;3037;0;353110;158124;0;21.1;9.5;0.0
93;2021-05-20;10030;3320;0;363140;161444;0;21.7;9.7;0.0
93;2021-05-21;9829;2747;0;372969;164191;0;22.3;9.8;0.0
93;2021-05-22;9221;1986;0;382190;166177;0;22.9;9.9;0.0
93;2021-05-23;5689;902;0;387879;167079;0;23.2;10.0;0.0
93;2021-05-24;7585;1443;0;395464;168522;0;23.7;10.1;0.0
93;2021-05-25;8256;4089;0;403720;172611;0;24.2;10.3;0.0
93;2021-05-26;8058;3404;0;411778;176015;0;24.7;10.5;0.0
93;2021-05-27;9333;3709;0;421111;179724;0;25.2;10.8;0.0
93;2021-05-28;9254;4701;0;430365;184425;0;25.8;11.0;0.0
93;2021-05-29;7844;3277;0;438209;187702;0;26.2;11.2;0.0
93;2021-05-30;5317;1224;0;443526;188926;0;26.6;11.3;0.0
93;2021-05-31;7084;4267;0;450610;193193;0;27.0;11.6;0.0
93;2021-06-01;8675;5184;0;459285;198377;0;27.5;11.9;0.0
93;2021-06-02;8076;4203;0;467361;202580;0;28.0;12.1;0.0
93;2021-06-03;8397;4474;0;475758;207054;0;28.5;12.4;0.0
93;2021-06-04;8727;5819;0;484485;212873;0;29.0;12.7;0.0
93;2021-06-05;7086;5076;0;491571;217949;0;29.4;13.0;0.0
93;2021-06-06;5214;1543;0;496785;219492;0;29.7;13.1;0.0
93;2021-06-07;7110;5809;0;503895;225301;0;30.2;13.5;0.0
93;2021-06-08;7889;6117;0;511784;231418;0;30.6;13.9;0.0
93;2021-06-09;7945;6199;0;519729;237617;0;31.1;14.2;0.0
93;2021-06-10;7130;8202;0;526859;245819;0;31.5;14.7;0.0
93;2021-06-11;7056;7598;0;533915;253417;0;32.0;15.2;0.0
93;2021-06-12;7344;5224;0;541259;258641;0;32.4;15.5;0.0
93;2021-06-13;4579;2118;0;545838;260759;0;32.7;15.6;0.0
93;2021-06-14;4772;7442;0;550610;268201;0;33.0;16.1;0.0
93;2021-06-15;5800;7974;0;556410;276175;0;33.3;16.5;0.0
93;2021-06-16;5720;7304;0;562130;283479;0;33.7;17.0;0.0
93;2021-06-17;5158;7349;0;567288;290828;0;34.0;17.4;0.0
93;2021-06-18;6106;9528;0;573394;300356;0;34.3;18.0;0.0
93;2021-06-19;5518;8275;0;578912;308631;0;34.7;18.5;0.0
93;2021-06-20;3134;4754;0;582046;313385;0;34.8;18.8;0.0
93;2021-06-21;3638;8303;0;585684;321688;0;35.1;19.3;0.0
93;2021-06-22;4076;9139;0;589760;330827;0;35.3;19.8;0.0
93;2021-06-23;4145;8734;0;593905;339561;0;35.6;20.3;0.0
93;2021-06-24;3922;8318;0;597827;347879;0;35.8;20.8;0.0
93;2021-06-25;4547;10774;0;602374;358653;0;36.1;21.5;0.0
93;2021-06-26;4108;10488;0;606482;369141;0;36.3;22.1;0.0
93;2021-06-27;2348;5145;0;608830;374286;0;36.5;22.4;0.0
93;2021-06-28;3406;9449;0;612236;383735;0;36.7;23.0;0.0
93;2021-06-29;3733;9526;0;615969;393261;0;36.9;23.5;0.0
93;2021-06-30;3875;9257;0;619844;402518;0;37.1;24.1;0.0
93;2021-07-01;4887;9405;0;624731;411923;0;37.4;24.7;0.0
93;2021-07-02;5080;10498;0;629811;422421;0;37.7;25.3;0.0
93;2021-07-03;4463;10419;0;634274;432840;0;38.0;25.9;0.0
93;2021-07-04;2383;6116;0;636657;438956;0;38.1;26.3;0.0
93;2021-07-05;4218;8616;0;640875;447572;0;38.4;26.8;0.0
93;2021-07-06;4472;9583;1;645347;457155;1;38.6;27.4;0.0
93;2021-07-07;4776;9720;0;650123;466875;1;38.9;28.0;0.0
93;2021-07-08;4752;9365;0;654875;476240;1;39.2;28.5;0.0
93;2021-07-09;5453;11104;0;660328;487344;1;39.5;29.2;0.0
93;2021-07-10;4794;10970;0;665122;498314;1;39.8;29.8;0.0
93;2021-07-11;2624;6518;0;667746;504832;1;40.0;30.2;0.0
93;2021-07-12;4810;10038;0;672556;514870;1;40.3;30.8;0.0
93;2021-07-13;8769;11824;0;681325;526694;1;40.8;31.5;0.0
93;2021-07-14;7009;5784;0;688334;532478;1;41.2;31.9;0.0
93;2021-07-15;9879;12389;1;698213;544867;2;41.8;32.6;0.0
93;2021-07-16;10478;11765;0;708691;556632;2;42.4;33.3;0.0
93;2021-07-17;8554;11153;0;717245;567785;2;42.9;34.0;0.0
93;2021-07-18;4805;6242;0;722050;574027;2;43.2;34.4;0.0
93;2021-07-19;7572;9498;0;729622;583525;2;43.7;34.9;0.0
93;2021-07-20;9916;9679;0;739538;593204;2;44.3;35.5;0.0
93;2021-07-21;11066;9668;0;750604;602872;2;44.9;36.1;0.0
93;2021-07-22;11238;8570;0;761842;611442;2;45.6;36.6;0.0
93;2021-07-23;11869;9832;0;773711;621274;2;46.3;37.2;0.0
93;2021-07-24;9601;8782;0;783312;630056;2;46.9;37.7;0.0
93;2021-07-25;5388;4779;0;788700;634835;2;47.2;38.0;0.0
93;2021-07-26;9643;7363;0;798343;642198;2;47.8;38.5;0.0
93;2021-07-27;11665;7275;1;810008;649473;3;48.5;38.9;0.0
93;2021-07-28;11612;7662;0;821620;657135;3;49.2;39.3;0.0
93;2021-07-29;10801;6725;0;832421;663860;3;49.8;39.7;0.0
93;2021-07-30;11015;7431;0;843436;671291;3;50.5;40.2;0.0
93;2021-07-31;8250;6413;0;851686;677704;3;51.0;40.6;0.0
93;2021-08-01;4538;3226;0;856224;680930;3;51.3;40.8;0.0
93;2021-08-02;7552;5514;0;863776;686444;3;51.7;41.1;0.0
93;2021-08-03;6714;6166;0;870490;692610;3;52.1;41.5;0.0
93;2021-08-04;6750;6569;0;877240;699179;3;52.5;41.9;0.0
93;2021-08-05;5545;6155;0;882785;705334;3;52.9;42.2;0.0
93;2021-08-06;6205;7333;0;888990;712667;3;53.2;42.7;0.0
93;2021-08-07;5107;6860;0;894097;719527;3;53.5;43.1;0.0
93;2021-08-08;2632;3730;0;896729;723257;3;53.7;43.3;0.0
93;2021-08-09;5568;6830;0;902297;730087;3;54.0;43.7;0.0
93;2021-08-10;5917;7635;0;908214;737722;3;54.4;44.2;0.0
93;2021-08-11;5623;7984;0;913837;745706;3;54.7;44.6;0.0
93;2021-08-12;5067;7659;0;918904;753365;3;55.0;45.1;0.0
93;2021-08-13;4763;7490;0;923667;760855;3;55.3;45.6;0.0
93;2021-08-14;3743;7309;0;927410;768164;3;55.5;46.0;0.0
93;2021-08-15;1440;2239;0;928850;770403;3;55.6;46.1;0.0
93;2021-08-16;4297;8902;0;933147;779305;3;55.9;46.7;0.0
93;2021-08-17;4779;9052;0;937926;788357;3;56.2;47.2;0.0
93;2021-08-18;4350;9133;0;942276;797490;3;56.4;47.7;0.0
93;2021-08-19;3725;7934;0;946001;805424;3;56.6;48.2;0.0
93;2021-08-20;3917;8951;0;949918;814375;3;56.9;48.8;0.0
93;2021-08-21;3030;8231;0;952948;822606;3;57.1;49.3;0.0
93;2021-08-22;1353;4215;0;954301;826821;3;57.1;49.5;0.0
93;2021-08-23;3441;8113;0;957742;834934;3;57.3;50.0;0.0
93;2021-08-24;3605;7733;0;961347;842667;3;57.6;50.5;0.0
93;2021-08-25;3487;7705;0;964834;850372;3;57.8;50.9;0.0
93;2021-08-26;3117;6467;0;967951;856839;3;58.0;51.3;0.0
93;2021-08-27;3365;7700;0;971316;864539;3;58.2;51.8;0.0
93;2021-08-28;2742;7133;0;974058;871672;3;58.3;52.2;0.0
93;2021-08-29;1237;3201;0;975295;874873;3;58.4;52.4;0.0
93;2021-08-30;2646;6688;94;977941;881561;97;58.6;52.8;0.0
93;2021-08-31;2765;6674;162;980706;888235;259;58.7;53.2;0.0
93;2021-09-01;3600;6102;323;984306;894337;582;58.9;53.5;0.0
93;2021-09-02;2728;4776;298;987034;899113;880;59.1;53.8;0.1
93;2021-09-03;2678;5845;333;989712;904958;1213;59.3;54.2;0.1
93;2021-09-04;2862;5986;243;992574;910944;1456;59.4;54.5;0.1
93;2021-09-05;946;2050;87;993520;912994;1543;59.5;54.7;0.1
93;2021-09-06;1666;3852;312;995186;916846;1855;59.6;54.9;0.1
93;2021-09-07;1765;3667;252;996951;920513;2107;59.7;55.1;0.1
93;2021-09-08;2200;3995;332;999151;924508;2439;59.8;55.4;0.1
93;2021-09-09;1891;3321;364;1001042;927829;2803;59.9;55.6;0.2
93;2021-09-10;2695;3988;376;1003737;931817;3179;60.1;55.8;0.2
93;2021-09-11;2015;4634;188;1005752;936451;3367;60.2;56.1;0.2
93;2021-09-12;631;1581;76;1006383;938032;3443;60.3;56.2;0.2
93;2021-09-13;1962;2971;460;1008345;941003;3903;60.4;56.3;0.2
93;2021-09-14;1907;2786;619;1010252;943789;4522;60.5;56.5;0.3
93;2021-09-15;1932;3100;589;1012184;946889;5111;60.6;56.7;0.3
93;2021-09-16;1617;2316;489;1013801;949205;5600;60.7;56.8;0.3
93;2021-09-17;1872;3190;542;1015673;952395;6142;60.8;57.0;0.4
93;2021-09-18;1373;3769;359;1017046;956164;6501;60.9;57.3;0.4
93;2021-09-19;383;1242;97;1017429;957406;6598;60.9;57.3;0.4
93;2021-09-20;1203;1937;447;1018632;959343;7045;61.0;57.4;0.4
93;2021-09-21;1011;1849;458;1019643;961192;7503;61.1;57.6;0.4
93;2021-09-22;1253;2773;552;1020896;963965;8055;61.1;57.7;0.5
93;2021-09-23;1008;1671;515;1021904;965636;8570;61.2;57.8;0.5
93;2021-09-24;1300;2570;631;1023204;968206;9201;61.3;58.0;0.6
93;2021-09-25;1152;3392;264;1024356;971598;9465;61.3;58.2;0.6
93;2021-09-26;296;1038;81;1024652;972636;9546;61.4;58.2;0.6
93;2021-09-27;863;1584;468;1025515;974220;10014;61.4;58.3;0.6
93;2021-09-28;897;1372;498;1026412;975592;10512;61.5;58.4;0.6
93;2021-09-29;1134;2183;599;1027546;977775;11111;61.5;58.5;0.7
93;2021-09-30;878;1576;637;1028424;979351;11748;61.6;58.6;0.7
93;2021-10-01;2101;2026;663;1030525;981377;12411;61.7;58.8;0.7
93;2021-10-02;1384;2085;365;1031909;983462;12776;61.8;58.9;0.8
93;2021-10-03;237;496;97;1032146;983958;12873;61.8;58.9;0.8
93;2021-10-04;1082;1493;706;1033228;985451;13579;61.9;59.0;0.8
93;2021-10-05;895;1357;565;1034123;986808;14144;61.9;59.1;0.8
93;2021-10-06;1118;1722;937;1035241;988530;15081;62.0;59.2;0.9
93;2021-10-07;885;1541;937;1036126;990071;16018;62.0;59.3;1.0
93;2021-10-08;1142;1850;972;1037268;991921;16990;62.1;59.4;1.0
93;2021-10-09;1268;2019;619;1038536;993940;17609;62.2;59.5;1.1
93;2021-10-10;259;424;110;1038795;994364;17719;62.2;59.5;1.1
93;2021-10-11;933;1445;853;1039728;995809;18572;62.3;59.6;1.1
93;2021-10-12;779;1247;955;1040507;997056;19527;62.3;59.7;1.2
93;2021-10-13;1033;1542;1119;1041540;998598;20646;62.4;59.8;1.2
93;2021-10-14;852;1329;1060;1042392;999927;21706;62.4;59.9;1.3
93;2021-10-15;1136;1620;1202;1043528;1001547;22908;62.5;60.0;1.4
93;2021-10-16;1077;1563;686;1044605;1003110;23594;62.5;60.1;1.4
93;2021-10-17;213;302;164;1044818;1003412;23758;62.6;60.1;1.4
93;2021-10-18;735;1200;939;1045553;1004612;24697;62.6;60.2;1.5
93;2021-10-19;707;1123;917;1046260;1005735;25614;62.6;60.2;1.5
93;2021-10-20;726;1077;1428;1046986;1006812;27042;62.7;60.3;1.6
93;2021-10-21;552;972;1277;1047538;1007784;28319;62.7;60.3;1.7
93;2021-10-22;797;1291;1373;1048335;1009075;29692;62.8;60.4;1.8
93;2021-10-23;815;1266;960;1049150;1010341;30652;62.8;60.5;1.8
93;2021-10-24;164;249;165;1049314;1010590;30817;62.8;60.5;1.8
93;2021-10-25;530;913;1111;1049844;1011503;31928;62.9;60.6;1.9
93;2021-10-26;499;826;1118;1050343;1012329;33046;62.9;60.6;2.0
93;2021-10-27;652;1011;1566;1050995;1013340;34612;62.9;60.7;2.1
93;2021-10-28;567;934;1433;1051562;1014274;36045;63.0;60.7;2.2
93;2021-10-29;607;1041;1469;1052169;1015315;37514;63.0;60.8;2.2
93;2021-10-30;613;1236;1047;1052782;1016551;38561;63.0;60.9;2.3
93;2021-10-31;153;244;177;1052935;1016795;38738;63.0;60.9;2.3
93;2021-11-01;286;202;88;1053221;1016997;38826;63.1;60.9;2.3
93;2021-11-02;629;885;1057;1053850;1017882;39883;63.1;60.9;2.4
93;2021-11-03;562;1022;1319;1054412;1018904;41202;63.1;61.0;2.5
93;2021-11-04;512;847;1280;1054924;1019751;42482;63.2;61.1;2.5
93;2021-11-05;561;949;1346;1055485;1020700;43828;63.2;61.1;2.6
93;2021-11-06;562;971;957;1056047;1021671;44785;63.2;61.2;2.7
93;2021-11-07;92;221;174;1056139;1021892;44959;63.2;61.2;2.7
93;2021-11-08;403;732;1531;1056542;1022624;46490;63.3;61.2;2.8
93;2021-11-09;425;871;1934;1056967;1023495;48424;63.3;61.3;2.9
93;2021-11-10;618;1004;2525;1057585;1024499;50949;63.3;61.3;3.1
93;2021-11-11;172;245;484;1057757;1024744;51433;63.3;61.4;3.1
93;2021-11-12;590;915;2729;1058347;1025659;54162;63.4;61.4;3.2
93;2021-11-13;556;806;1511;1058903;1026465;55673;63.4;61.5;3.3
93;2021-11-14;95;202;287;1058998;1026667;55960;63.4;61.5;3.4
93;2021-11-15;439;762;2510;1059437;1027429;58470;63.4;61.5;3.5
93;2021-11-16;476;726;2696;1059913;1028155;61166;63.5;61.6;3.7
93;2021-11-17;529;867;2343;1060442;1029022;63509;63.5;61.6;3.8
93;2021-11-18;433;695;2320;1060875;1029717;65829;63.5;61.7;3.9
93;2021-11-19;529;869;2927;1061404;1030586;68756;63.6;61.7;4.1
93;2021-11-20;702;1018;2087;1062106;1031604;70843;63.6;61.8;4.2
93;2021-11-21;107;235;385;1062213;1031839;71228;63.6;61.8;4.3
93;2021-11-22;406;606;2823;1062619;1032445;74051;63.6;61.8;4.4
93;2021-11-23;460;757;2939;1063079;1033202;76990;63.7;61.9;4.6
93;2021-11-24;562;848;2898;1063641;1034050;79888;63.7;61.9;4.8
93;2021-11-25;442;696;4008;1064083;1034746;83896;63.7;62.0;5.0
93;2021-11-26;528;871;6385;1064611;1035617;90281;63.7;62.0;5.4
93;2021-11-27;550;821;5522;1065161;1036438;95803;63.8;62.1;5.7
93;2021-11-28;163;267;2209;1065324;1036705;98012;63.8;62.1;5.9
93;2021-11-29;356;638;6779;1065680;1037343;104791;63.8;62.1;6.3
93;2021-11-30;390;664;8296;1066070;1038007;113087;63.8;62.2;6.8
93;2021-12-01;435;790;8327;1066505;1038797;121414;63.9;62.2;7.3
93;2021-12-02;390;640;8102;1066895;1039437;129516;63.9;62.2;7.8
93;2021-12-03;418;790;10054;1067313;1040227;139570;63.9;62.3;8.4
93;2021-12-04;419;789;7609;1067732;1041016;147179;63.9;62.3;8.8
93;2021-12-05;159;281;3330;1067891;1041297;150509;63.9;62.3;9.0
93;2021-12-06;373;693;8782;1068264;1041990;159291;64.0;62.4;9.5
93;2021-12-07;421;774;10011;1068685;1042764;169302;64.0;62.4;10.1
93;2021-12-08;464;841;10284;1069149;1043605;179586;64.0;62.5;10.8
93;2021-12-09;428;715;9570;1069577;1044320;189156;64.0;62.5;11.3
93;2021-12-10;500;830;12630;1070077;1045150;201786;64.1;62.6;12.1
93;2021-12-11;463;850;9716;1070540;1046000;211502;64.1;62.6;12.7
93;2021-12-12;212;346;5563;1070752;1046346;217065;64.1;62.6;13.0
93;2021-12-13;422;738;10405;1071174;1047084;227470;64.1;62.7;13.6
93;2021-12-14;478;713;12210;1071652;1047797;239680;64.2;62.7;14.4
93;2021-12-15;479;735;11665;1072131;1048532;251345;64.2;62.8;15.0
93;2021-12-16;444;712;11035;1072575;1049244;262380;64.2;62.8;15.7
93;2021-12-17;528;777;13454;1073103;1050021;275834;64.3;62.9;16.5
93;2021-12-18;549;726;11087;1073652;1050747;286921;64.3;62.9;17.2
93;2021-12-19;285;320;6290;1073937;1051067;293211;64.3;62.9;17.6
93;2021-12-20;590;783;11074;1074527;1051850;304285;64.3;63.0;18.2
93;2021-12-21;652;747;11301;1075179;1052597;315586;64.4;63.0;18.9
93;2021-12-22;642;680;10627;1075821;1053277;326213;64.4;63.1;19.5
93;2021-12-23;628;656;9198;1076449;1053933;335411;64.5;63.1;20.1
93;2021-12-24;337;453;4794;1076786;1054386;340205;64.5;63.1;20.4
93;2021-12-25;20;103;364;1076806;1054489;340569;64.5;63.1;20.4
93;2021-12-26;213;227;3572;1077019;1054716;344141;64.5;63.2;20.6
93;2021-12-27;580;776;10106;1077599;1055492;354247;64.5;63.2;21.2
93;2021-12-28;701;838;11657;1078300;1056330;365904;64.6;63.2;21.9
94;2020-12-27;13;0;0;13;0;0;0.0;0.0;0.0
94;2020-12-28;9;1;0;22;1;0;0.0;0.0;0.0
94;2020-12-29;3;0;0;25;1;0;0.0;0.0;0.0
94;2020-12-30;10;0;0;35;1;0;0.0;0.0;0.0
94;2020-12-31;13;2;0;48;3;0;0.0;0.0;0.0
94;2021-01-01;14;0;0;62;3;0;0.0;0.0;0.0
94;2021-01-02;11;0;0;73;3;0;0.0;0.0;0.0
94;2021-01-03;12;0;0;85;3;0;0.0;0.0;0.0
94;2021-01-04;65;1;0;150;4;0;0.0;0.0;0.0
94;2021-01-05;262;2;0;412;6;0;0.0;0.0;0.0
94;2021-01-06;376;6;0;788;12;0;0.1;0.0;0.0
94;2021-01-07;728;7;0;1516;19;0;0.1;0.0;0.0
94;2021-01-08;947;10;0;2463;29;0;0.2;0.0;0.0
94;2021-01-09;132;0;0;2595;29;0;0.2;0.0;0.0
94;2021-01-10;100;0;0;2695;29;0;0.2;0.0;0.0
94;2021-01-11;1043;12;0;3738;41;0;0.3;0.0;0.0
94;2021-01-12;1298;17;0;5036;58;0;0.4;0.0;0.0
94;2021-01-13;1312;17;0;6348;75;0;0.5;0.0;0.0
94;2021-01-14;1362;23;0;7710;98;0;0.5;0.0;0.0
94;2021-01-15;1094;20;0;8804;118;0;0.6;0.0;0.0
94;2021-01-16;270;2;0;9074;120;0;0.6;0.0;0.0
94;2021-01-17;134;3;0;9208;123;0;0.7;0.0;0.0
94;2021-01-18;1443;27;0;10651;150;0;0.8;0.0;0.0
94;2021-01-19;1873;23;0;12524;173;0;0.9;0.0;0.0
94;2021-01-20;2166;27;0;14690;200;0;1.0;0.0;0.0
94;2021-01-21;2957;31;0;17647;231;0;1.3;0.0;0.0
94;2021-01-22;2116;20;0;19763;251;0;1.4;0.0;0.0
94;2021-01-23;745;5;0;20508;256;0;1.5;0.0;0.0
94;2021-01-24;273;1;0;20781;257;0;1.5;0.0;0.0
94;2021-01-25;1307;28;0;22088;285;0;1.6;0.0;0.0
94;2021-01-26;1540;27;0;23628;312;0;1.7;0.0;0.0
94;2021-01-27;1953;77;0;25581;389;0;1.8;0.0;0.0
94;2021-01-28;1924;148;0;27505;537;0;2.0;0.0;0.0
94;2021-01-29;1530;190;0;29035;727;0;2.1;0.1;0.0
94;2021-01-30;661;13;0;29696;740;0;2.1;0.1;0.0
94;2021-01-31;126;12;0;29822;752;0;2.1;0.1;0.0
94;2021-02-01;918;239;0;30740;991;0;2.2;0.1;0.0
94;2021-02-02;969;319;0;31709;1310;0;2.3;0.1;0.0
94;2021-02-03;854;400;0;32563;1710;0;2.3;0.1;0.0
94;2021-02-04;998;526;0;33561;2236;0;2.4;0.2;0.0
94;2021-02-05;989;570;0;34550;2806;0;2.5;0.2;0.0
94;2021-02-06;467;72;0;35017;2878;0;2.5;0.2;0.0
94;2021-02-07;115;13;0;35132;2891;0;2.5;0.2;0.0
94;2021-02-08;698;666;0;35830;3557;0;2.5;0.3;0.0
94;2021-02-09;1076;1135;0;36906;4692;0;2.6;0.3;0.0
94;2021-02-10;1105;1234;0;38011;5926;0;2.7;0.4;0.0
94;2021-02-11;1465;1859;0;39476;7785;0;2.8;0.6;0.0
94;2021-02-12;1372;1530;0;40848;9315;0;2.9;0.7;0.0
94;2021-02-13;300;245;0;41148;9560;0;2.9;0.7;0.0
94;2021-02-14;47;82;0;41195;9642;0;2.9;0.7;0.0
94;2021-02-15;679;1519;0;41874;11161;0;3.0;0.8;0.0
94;2021-02-16;694;2250;0;42568;13411;0;3.0;1.0;0.0
94;2021-02-17;642;1575;0;43210;14986;0;3.1;1.1;0.0
94;2021-02-18;943;1897;0;44153;16883;0;3.1;1.2;0.0
94;2021-02-19;920;1571;0;45073;18454;0;3.2;1.3;0.0
94;2021-02-20;180;859;0;45253;19313;0;3.2;1.4;0.0
94;2021-02-21;43;148;0;45296;19461;0;3.2;1.4;0.0
94;2021-02-22;483;1285;0;45779;20746;0;3.3;1.5;0.0
94;2021-02-23;642;1437;0;46421;22183;0;3.3;1.6;0.0
94;2021-02-24;658;1058;0;47079;23241;0;3.3;1.7;0.0
94;2021-02-25;1152;1645;0;48231;24886;0;3.4;1.8;0.0
94;2021-02-26;1313;1215;0;49544;26101;0;3.5;1.9;0.0
94;2021-02-27;596;595;0;50140;26696;0;3.6;1.9;0.0
94;2021-02-28;87;82;0;50227;26778;0;3.6;1.9;0.0
94;2021-03-01;948;1001;0;51175;27779;0;3.6;2.0;0.0
94;2021-03-02;1603;1128;0;52778;28907;0;3.8;2.1;0.0
94;2021-03-03;2014;1126;0;54792;30033;0;3.9;2.1;0.0
94;2021-03-04;3024;1265;0;57816;31298;0;4.1;2.2;0.0
94;2021-03-05;4122;1430;0;61938;32728;0;4.4;2.3;0.0
94;2021-03-06;5154;639;0;67092;33367;0;4.8;2.4;0.0
94;2021-03-07;3928;526;0;71020;33893;0;5.1;2.4;0.0
94;2021-03-08;1857;891;0;72877;34784;0;5.2;2.5;0.0
94;2021-03-09;2721;1070;0;75598;35854;0;5.4;2.5;0.0
94;2021-03-10;3196;1128;0;78794;36982;0;5.6;2.6;0.0
94;2021-03-11;4128;1099;0;82922;38081;0;5.9;2.7;0.0
94;2021-03-12;4782;1002;0;87704;39083;0;6.2;2.8;0.0
94;2021-03-13;4445;455;0;92149;39538;0;6.6;2.8;0.0
94;2021-03-14;2159;151;0;94308;39689;0;6.7;2.8;0.0
94;2021-03-15;3312;734;0;97620;40423;0;6.9;2.9;0.0
94;2021-03-16;2807;501;0;100427;40924;0;7.1;2.9;0.0
94;2021-03-17;2896;447;0;103323;41371;0;7.3;2.9;0.0
94;2021-03-18;3397;463;0;106720;41834;0;7.6;3.0;0.0
94;2021-03-19;4443;644;0;111163;42478;0;7.9;3.0;0.0
94;2021-03-20;3698;316;0;114861;42794;0;8.2;3.0;0.0
94;2021-03-21;1165;290;0;116026;43084;0;8.3;3.1;0.0
94;2021-03-22;3426;644;0;119452;43728;0;8.5;3.1;0.0
94;2021-03-23;4743;744;0;124195;44472;0;8.8;3.2;0.0
94;2021-03-24;4925;674;0;129120;45146;0;9.2;3.2;0.0
94;2021-03-25;6586;780;0;135706;45926;0;9.7;3.3;0.0
94;2021-03-26;6336;809;0;142042;46735;0;10.1;3.3;0.0
94;2021-03-27;4513;314;0;146555;47049;0;10.4;3.3;0.0
94;2021-03-28;1501;94;0;148056;47143;0;10.5;3.4;0.0
94;2021-03-29;4103;1146;0;152159;48289;0;10.8;3.4;0.0
94;2021-03-30;5225;1411;0;157384;49700;0;11.2;3.5;0.0
94;2021-03-31;4771;1744;0;162155;51444;0;11.5;3.7;0.0
94;2021-04-01;5725;2356;0;167880;53800;0;11.9;3.8;0.0
94;2021-04-02;5247;2485;0;173127;56285;0;12.3;4.0;0.0
94;2021-04-03;2932;2438;0;176059;58723;0;12.5;4.2;0.0
94;2021-04-04;992;704;0;177051;59427;0;12.6;4.2;0.0
94;2021-04-05;796;188;0;177847;59615;0;12.6;4.2;0.0
94;2021-04-06;3575;2367;0;181422;61982;0;12.9;4.4;0.0
94;2021-04-07;3984;2228;0;185406;64210;0;13.2;4.6;0.0
94;2021-04-08;5008;2156;0;190414;66366;0;13.5;4.7;0.0
94;2021-04-09;5942;2594;0;196356;68960;0;14.0;4.9;0.0
94;2021-04-10;3242;3130;0;199598;72090;0;14.2;5.1;0.0
94;2021-04-11;1015;1594;0;200613;73684;0;14.3;5.2;0.0
94;2021-04-12;3551;2385;0;204164;76069;0;14.5;5.4;0.0
94;2021-04-13;4373;3306;0;208537;79375;0;14.8;5.6;0.0
94;2021-04-14;3811;2840;0;212348;82215;0;15.1;5.8;0.0
94;2021-04-15;4590;3232;0;216938;85447;0;15.4;6.1;0.0
94;2021-04-16;4844;3035;0;221782;88482;0;15.8;6.3;0.0
94;2021-04-17;2776;2591;0;224558;91073;0;16.0;6.5;0.0
94;2021-04-18;945;892;0;225503;91965;0;16.0;6.5;0.0
94;2021-04-19;3071;2622;0;228574;94587;0;16.3;6.7;0.0
94;2021-04-20;3324;3020;0;231898;97607;0;16.5;6.9;0.0
94;2021-04-21;3299;3320;0;235197;100927;0;16.7;7.2;0.0
94;2021-04-22;3918;3778;0;239115;104705;0;17.0;7.4;0.0
94;2021-04-23;4279;3909;0;243394;108614;0;17.3;7.7;0.0
94;2021-04-24;4327;3225;0;247721;111839;0;17.6;8.0;0.0
94;2021-04-25;2238;1100;0;249959;112939;0;17.8;8.0;0.0
94;2021-04-26;3937;3177;0;253896;116116;0;18.1;8.3;0.0
94;2021-04-27;5136;3479;0;259032;119595;0;18.4;8.5;0.0
94;2021-04-28;5177;3744;0;264209;123339;0;18.8;8.8;0.0
94;2021-04-29;6250;3874;0;270459;127213;0;19.2;9.0;0.0
94;2021-04-30;6420;3948;0;276879;131161;0;19.7;9.3;0.0
94;2021-05-01;4009;895;0;280888;132056;0;20.0;9.4;0.0
94;2021-05-02;2269;1136;0;283157;133192;0;20.1;9.5;0.0
94;2021-05-03;5769;5114;0;288926;138306;0;20.5;9.8;0.0
94;2021-05-04;6118;3773;0;295044;142079;0;21.0;10.1;0.0
94;2021-05-05;6199;3632;0;301243;145711;0;21.4;10.4;0.0
94;2021-05-06;6999;3939;0;308242;149650;0;21.9;10.6;0.0
94;2021-05-07;6513;4441;0;314755;154091;0;22.4;11.0;0.0
94;2021-05-08;5301;2443;0;320056;156534;0;22.8;11.1;0.0
94;2021-05-09;3847;1816;0;323903;158350;0;23.0;11.3;0.0
94;2021-05-10;7150;3309;0;331053;161659;0;23.5;11.5;0.0
94;2021-05-11;8455;4071;0;339508;165730;0;24.1;11.8;0.0
94;2021-05-12;9188;3792;0;348696;169522;0;24.8;12.1;0.0
94;2021-05-13;7989;1323;0;356685;170845;0;25.4;12.2;0.0
94;2021-05-14;9489;3233;0;366174;174078;0;26.0;12.4;0.0
94;2021-05-15;8332;2170;0;374506;176248;0;26.6;12.5;0.0
94;2021-05-16;3948;773;0;378454;177021;0;26.9;12.6;0.0
94;2021-05-17;9423;2232;0;387877;179253;0;27.6;12.7;0.0
94;2021-05-18;9894;2407;0;397771;181660;0;28.3;12.9;0.0
94;2021-05-19;9835;3464;0;407606;185124;0;29.0;13.2;0.0
94;2021-05-20;10375;3847;0;417981;188971;0;29.7;13.4;0.0
94;2021-05-21;10167;3020;0;428148;191991;0;30.5;13.7;0.0
94;2021-05-22;8789;1874;0;436937;193865;0;31.1;13.8;0.0
94;2021-05-23;4028;610;0;440965;194475;0;31.4;13.8;0.0
94;2021-05-24;7393;1108;0;448358;195583;0;31.9;13.9;0.0
94;2021-05-25;8263;3915;0;456621;199498;0;32.5;14.2;0.0
94;2021-05-26;8368;3335;0;464989;202833;0;33.1;14.4;0.0
94;2021-05-27;8663;4540;0;473652;207373;0;33.7;14.7;0.0
94;2021-05-28;8676;5001;0;482328;212374;0;34.3;15.1;0.0
94;2021-05-29;7860;3357;0;490188;215731;0;34.9;15.3;0.0
94;2021-05-30;3526;804;0;493714;216535;0;35.1;15.4;0.0
94;2021-05-31;8372;4129;0;502086;220664;0;35.7;15.7;0.0
94;2021-06-01;9024;5117;0;511110;225781;0;36.4;16.1;0.0
94;2021-06-02;8372;4718;0;519482;230499;0;36.9;16.4;0.0
94;2021-06-03;8787;5799;0;528269;236298;0;37.6;16.8;0.0
94;2021-06-04;9112;6597;0;537381;242895;0;38.2;17.3;0.0
94;2021-06-05;7076;5975;0;544457;248870;0;38.7;17.7;0.0
94;2021-06-06;3064;1712;0;547521;250582;0;38.9;17.8;0.0
94;2021-06-07;7349;5812;0;554870;256394;0;39.5;18.2;0.0
94;2021-06-08;7678;6332;0;562548;262726;0;40.0;18.7;0.0
94;2021-06-09;7471;6953;0;570019;269679;0;40.5;19.2;0.0
94;2021-06-10;7677;9767;0;577696;279446;0;41.1;19.9;0.0
94;2021-06-11;7113;7898;0;584809;287344;0;41.6;20.4;0.0
94;2021-06-12;8239;6347;0;593048;293691;0;42.2;20.9;0.0
94;2021-06-13;2736;2654;0;595784;296345;0;42.4;21.1;0.0
94;2021-06-14;5896;7904;0;601680;304249;0;42.8;21.6;0.0
94;2021-06-15;6687;8539;0;608367;312788;0;43.3;22.2;0.0
94;2021-06-16;6274;8023;0;614641;320811;0;43.7;22.8;0.0
94;2021-06-17;5914;8360;0;620555;329171;0;44.1;23.4;0.0
94;2021-06-18;5832;10719;0;626387;339890;0;44.5;24.2;0.0
94;2021-06-19;5162;8549;0;631549;348439;0;44.9;24.8;0.0
94;2021-06-20;1600;3492;0;633149;351931;0;45.0;25.0;0.0
94;2021-06-21;4437;9912;0;637586;361843;0;45.3;25.7;0.0
94;2021-06-22;4523;10095;0;642109;371938;0;45.7;26.5;0.0
94;2021-06-23;4225;10311;0;646334;382249;0;46.0;27.2;0.0
94;2021-06-24;4609;9606;0;650943;391855;0;46.3;27.9;0.0
94;2021-06-25;4177;12644;0;655120;404499;0;46.6;28.8;0.0
94;2021-06-26;3321;10677;0;658441;415176;0;46.8;29.5;0.0
94;2021-06-27;1077;4024;0;659518;419200;0;46.9;29.8;0.0
94;2021-06-28;3339;10389;0;662857;429589;0;47.1;30.6;0.0
94;2021-06-29;3806;11132;0;666663;440721;0;47.4;31.3;0.0
94;2021-06-30;4023;10329;0;670686;451050;0;47.7;32.1;0.0
94;2021-07-01;4681;10174;0;675367;461224;0;48.0;32.8;0.0
94;2021-07-02;4544;10984;0;679911;472208;0;48.4;33.6;0.0
94;2021-07-03;3525;10469;0;683436;482677;0;48.6;34.3;0.0
94;2021-07-04;1433;4103;0;684869;486780;0;48.7;34.6;0.0
94;2021-07-05;3817;9735;0;688686;496515;0;49.0;35.3;0.0
94;2021-07-06;4123;9762;1;692809;506277;1;49.3;36.0;0.0
94;2021-07-07;4319;10015;0;697128;516292;1;49.6;36.7;0.0
94;2021-07-08;4641;9433;0;701769;525725;1;49.9;37.4;0.0
94;2021-07-09;4744;10837;0;706513;536562;1;50.2;38.2;0.0
94;2021-07-10;3838;9669;0;710351;546231;1;50.5;38.8;0.0
94;2021-07-11;1534;3748;0;711885;549979;1;50.6;39.1;0.0
94;2021-07-12;3686;10811;0;715571;560790;1;50.9;39.9;0.0
94;2021-07-13;6246;11618;0;721817;572408;1;51.3;40.7;0.0
94;2021-07-14;4524;5168;0;726341;577576;1;51.7;41.1;0.0
94;2021-07-15;7209;11914;0;733550;589490;1;52.2;41.9;0.0
94;2021-07-16;7779;11133;0;741329;600623;1;52.7;42.7;0.0
94;2021-07-17;5967;10130;0;747296;610753;1;53.1;43.4;0.0
94;2021-07-18;2810;3377;0;750106;614130;1;53.3;43.7;0.0
94;2021-07-19;6535;9812;0;756641;623942;1;53.8;44.4;0.0
94;2021-07-20;8115;9876;0;764756;633818;1;54.4;45.1;0.0
94;2021-07-21;8730;9286;0;773486;643104;1;55.0;45.7;0.0
94;2021-07-22;9532;9064;1;783018;652168;2;55.7;46.4;0.0
94;2021-07-23;9072;9447;0;792090;661615;2;56.3;47.1;0.0
94;2021-07-24;7026;8202;0;799116;669817;2;56.8;47.6;0.0
94;2021-07-25;2490;2653;0;801606;672470;2;57.0;47.8;0.0
94;2021-07-26;7417;7964;0;809023;680434;2;57.5;48.4;0.0
94;2021-07-27;8541;7265;0;817564;687699;2;58.1;48.9;0.0
94;2021-07-28;8675;6790;0;826239;694489;2;58.8;49.4;0.0
94;2021-07-29;8704;6604;0;834943;701093;2;59.4;49.9;0.0
94;2021-07-30;7779;6773;0;842722;707866;2;59.9;50.3;0.0
94;2021-07-31;6357;5919;0;849079;713785;2;60.4;50.8;0.0
94;2021-08-01;2648;1711;0;851727;715496;2;60.6;50.9;0.0
94;2021-08-02;6336;5556;0;858063;721052;2;61.0;51.3;0.0
94;2021-08-03;6105;5522;0;864168;726574;2;61.5;51.7;0.0
94;2021-08-04;5821;5265;0;869989;731839;2;61.9;52.0;0.0
94;2021-08-05;5712;5677;0;875701;737516;2;62.3;52.5;0.0
94;2021-08-06;5320;5749;0;881021;743265;2;62.7;52.9;0.0
94;2021-08-07;4029;4475;0;885050;747740;2;62.9;53.2;0.0
94;2021-08-08;1289;1707;0;886339;749447;2;63.0;53.3;0.0
94;2021-08-09;4515;6265;0;890854;755712;2;63.4;53.7;0.0
94;2021-08-10;4892;6088;0;895746;761800;2;63.7;54.2;0.0
94;2021-08-11;3908;5741;0;899654;767541;2;64.0;54.6;0.0
94;2021-08-12;3995;6251;0;903649;773792;2;64.3;55.0;0.0
94;2021-08-13;3374;5542;0;907023;779334;2;64.5;55.4;0.0
94;2021-08-14;2586;4871;0;909609;784205;2;64.7;55.8;0.0
94;2021-08-15;560;918;0;910169;785123;2;64.7;55.8;0.0
94;2021-08-16;3192;6957;0;913361;792080;2;65.0;56.3;0.0
94;2021-08-17;3134;6911;0;916495;798991;2;65.2;56.8;0.0
94;2021-08-18;2950;6421;0;919445;805412;2;65.4;57.3;0.0
94;2021-08-19;2935;6428;0;922380;811840;2;65.6;57.7;0.0
94;2021-08-20;2795;6570;0;925175;818410;2;65.8;58.2;0.0
94;2021-08-21;2183;5555;0;927358;823965;2;66.0;58.6;0.0
94;2021-08-22;715;2356;0;928073;826321;2;66.0;58.8;0.0
94;2021-08-23;2560;7070;0;930633;833391;2;66.2;59.3;0.0
94;2021-08-24;2839;6984;0;933472;840375;2;66.4;59.8;0.0
94;2021-08-25;2473;6104;0;935945;846479;2;66.6;60.2;0.0
94;2021-08-26;2345;5939;0;938290;852418;2;66.7;60.6;0.0
94;2021-08-27;2399;6281;0;940689;858699;2;66.9;61.1;0.0
94;2021-08-28;2108;5723;0;942797;864422;2;67.1;61.5;0.0
94;2021-08-29;700;1902;0;943497;866324;2;67.1;61.6;0.0
94;2021-08-30;2436;6604;170;945933;872928;172;67.3;62.1;0.0
94;2021-08-31;2392;6451;263;948325;879379;435;67.4;62.5;0.0
94;2021-09-01;2500;4871;563;950825;884250;998;67.6;62.9;0.1
94;2021-09-02;1966;4120;599;952791;888370;1597;67.8;63.2;0.1
94;2021-09-03;1951;4604;623;954742;892974;2220;67.9;63.5;0.2
94;2021-09-04;2127;4534;283;956869;897508;2503;68.1;63.8;0.2
94;2021-09-05;619;1034;156;957488;898542;2659;68.1;63.9;0.2
94;2021-09-06;1440;2999;667;958928;901541;3326;68.2;64.1;0.2
94;2021-09-07;1270;2805;600;960198;904346;3926;68.3;64.3;0.3
94;2021-09-08;1461;2874;496;961659;907220;4422;68.4;64.5;0.3
94;2021-09-09;1173;2423;642;962832;909643;5064;68.5;64.7;0.4
94;2021-09-10;1595;3019;747;964427;912662;5811;68.6;64.9;0.4
94;2021-09-11;1571;3692;258;965998;916354;6069;68.7;65.2;0.4
94;2021-09-12;383;924;93;966381;917278;6162;68.7;65.2;0.4
94;2021-09-13;1201;2098;679;967582;919376;6841;68.8;65.4;0.5
94;2021-09-14;1257;2072;1037;968839;921448;7878;68.9;65.5;0.6
94;2021-09-15;1315;2720;946;970154;924168;8824;69.0;65.7;0.6
94;2021-09-16;997;1781;1109;971151;925949;9933;69.1;65.9;0.7
94;2021-09-17;1186;2294;900;972337;928243;10833;69.2;66.0;0.8
94;2021-09-18;1072;3188;332;973409;931431;11165;69.2;66.2;0.8
94;2021-09-19;265;748;164;973674;932179;11329;69.2;66.3;0.8
94;2021-09-20;815;1646;768;974489;933825;12097;69.3;66.4;0.9
94;2021-09-21;902;1624;956;975391;935449;13053;69.4;66.5;0.9
94;2021-09-22;917;2198;707;976308;937647;13760;69.4;66.7;1.0
94;2021-09-23;767;1455;852;977075;939102;14612;69.5;66.8;1.0
94;2021-09-24;979;1899;837;978054;941001;15449;69.6;66.9;1.1
94;2021-09-25;927;2801;370;978981;943802;15819;69.6;67.1;1.1
94;2021-09-26;231;619;93;979212;944421;15912;69.6;67.2;1.1
94;2021-09-27;637;1368;762;979849;945789;16674;69.7;67.3;1.2
94;2021-09-28;687;1275;888;980536;947064;17562;69.7;67.4;1.2
94;2021-09-29;807;1560;694;981343;948624;18256;69.8;67.5;1.3
94;2021-09-30;950;1139;1016;982293;949763;19272;69.9;67.5;1.4
94;2021-10-01;1323;1605;980;983616;951368;20252;70.0;67.7;1.4
94;2021-10-02;1024;2003;446;984640;953371;20698;70.0;67.8;1.5
94;2021-10-03;217;431;101;984857;953802;20799;70.0;67.8;1.5
94;2021-10-04;659;1035;980;985516;954837;21779;70.1;67.9;1.5
94;2021-10-05;666;1066;937;986182;955903;22716;70.1;68.0;1.6
94;2021-10-06;690;1222;1007;986872;957125;23723;70.2;68.1;1.7
94;2021-10-07;614;994;1282;987486;958119;25005;70.2;68.1;1.8
94;2021-10-08;966;1445;1349;988452;959564;26354;70.3;68.2;1.9
94;2021-10-09;825;1497;634;989277;961061;26988;70.4;68.4;1.9
94;2021-10-10;188;360;241;989465;961421;27229;70.4;68.4;1.9
94;2021-10-11;584;941;1184;990049;962362;28413;70.4;68.4;2.0
94;2021-10-12;638;1089;1351;990687;963451;29764;70.5;68.5;2.1
94;2021-10-13;739;1070;1186;991426;964521;30950;70.5;68.6;2.2
94;2021-10-14;637;1020;1530;992063;965541;32480;70.6;68.7;2.3
94;2021-10-15;877;1277;1626;992940;966818;34106;70.6;68.8;2.4
94;2021-10-16;813;1249;882;993753;968067;34988;70.7;68.9;2.5
94;2021-10-17;172;284;186;993925;968351;35174;70.7;68.9;2.5
94;2021-10-18;483;804;1531;994408;969155;36705;70.7;68.9;2.6
94;2021-10-19;343;710;1523;994751;969865;38228;70.7;69.0;2.7
94;2021-10-20;399;819;1663;995150;970684;39891;70.8;69.0;2.8
94;2021-10-21;344;788;1851;995494;971472;41742;70.8;69.1;3.0
94;2021-10-22;425;1108;1998;995919;972580;43740;70.8;69.2;3.1
94;2021-10-23;463;1001;1240;996382;973581;44980;70.9;69.2;3.2
94;2021-10-24;95;185;294;996477;973766;45274;70.9;69.3;3.2
94;2021-10-25;314;550;1609;996791;974316;46883;70.9;69.3;3.3
94;2021-10-26;304;553;1808;997095;974869;48691;70.9;69.3;3.5
94;2021-10-27;306;625;1598;997401;975494;50289;70.9;69.4;3.6
94;2021-10-28;312;584;1936;997713;976078;52225;71.0;69.4;3.7
94;2021-10-29;316;684;1890;998029;976762;54115;71.0;69.5;3.8
94;2021-10-30;304;648;1159;998333;977410;55274;71.0;69.5;3.9
94;2021-10-31;65;151;255;998398;977561;55529;71.0;69.5;3.9
94;2021-11-01;92;85;65;998490;977646;55594;71.0;69.5;4.0
94;2021-11-02;306;678;1832;998796;978324;57426;71.0;69.6;4.1
94;2021-11-03;293;591;1766;999089;978915;59192;71.1;69.6;4.2
94;2021-11-04;299;581;2207;999388;979496;61399;71.1;69.7;4.4
94;2021-11-05;300;595;2187;999688;980091;63586;71.1;69.7;4.5
94;2021-11-06;313;654;1429;1000001;980745;65015;71.1;69.8;4.6
94;2021-11-07;73;152;450;1000074;980897;65465;71.1;69.8;4.7
94;2021-11-08;189;498;2058;1000263;981395;67523;71.1;69.8;4.8
94;2021-11-09;250;590;2906;1000513;981985;70429;71.2;69.8;5.0
94;2021-11-10;351;606;3002;1000864;982591;73431;71.2;69.9;5.2
94;2021-11-11;25;89;212;1000889;982680;73643;71.2;69.9;5.2
94;2021-11-12;329;631;3346;1001218;983311;76989;71.2;69.9;5.5
94;2021-11-13;335;555;1933;1001553;983866;78922;71.2;70.0;5.6
94;2021-11-14;60;126;380;1001613;983992;79302;71.2;70.0;5.6
94;2021-11-15;184;346;2628;1001797;984338;81930;71.2;70.0;5.8
94;2021-11-16;249;388;3398;1002046;984726;85328;71.3;70.0;6.1
94;2021-11-17;334;497;2918;1002380;985223;88246;71.3;70.1;6.3
94;2021-11-18;294;404;3444;1002674;985627;91690;71.3;70.1;6.5
94;2021-11-19;355;487;3810;1003029;986114;95500;71.3;70.1;6.8
94;2021-11-20;425;561;2267;1003454;986675;97767;71.4;70.2;7.0
94;2021-11-21;74;80;429;1003528;986755;98196;71.4;70.2;7.0
94;2021-11-22;210;320;2856;1003738;987075;101052;71.4;70.2;7.2
94;2021-11-23;249;329;3560;1003987;987404;104612;71.4;70.2;7.4
94;2021-11-24;349;428;3484;1004336;987832;108096;71.4;70.3;7.7
94;2021-11-25;288;360;4707;1004624;988192;112803;71.5;70.3;8.0
94;2021-11-26;348;444;6714;1004972;988636;119517;71.5;70.3;8.5
94;2021-11-27;323;430;5484;1005295;989066;125001;71.5;70.3;8.9
94;2021-11-28;67;90;1931;1005362;989156;126932;71.5;70.4;9.0
94;2021-11-29;157;276;6037;1005519;989432;132969;71.5;70.4;9.5
94;2021-11-30;249;370;9267;1005768;989802;142236;71.5;70.4;10.1
94;2021-12-01;254;434;9565;1006022;990236;151801;71.5;70.4;10.8
94;2021-12-02;223;263;10328;1006245;990499;162129;71.6;70.4;11.5
94;2021-12-03;227;417;11145;1006472;990916;173274;71.6;70.5;12.3
94;2021-12-04;217;420;8619;1006689;991336;181893;71.6;70.5;12.9
94;2021-12-05;69;102;2874;1006758;991438;184767;71.6;70.5;13.1
94;2021-12-06;175;345;9897;1006933;991783;194664;71.6;70.5;13.8
94;2021-12-07;249;397;12922;1007182;992180;207586;71.6;70.6;14.8
94;2021-12-08;248;401;11747;1007430;992581;219333;71.7;70.6;15.6
94;2021-12-09;268;383;13156;1007698;992964;232489;71.7;70.6;16.5
94;2021-12-10;249;480;13724;1007947;993444;246213;71.7;70.7;17.5
94;2021-12-11;251;460;10870;1008198;993904;257083;71.7;70.7;18.3
94;2021-12-12;94;122;5176;1008292;994026;262259;71.7;70.7;18.7
94;2021-12-13;199;331;11785;1008491;994357;274044;71.7;70.7;19.5
94;2021-12-14;259;404;14869;1008750;994761;288913;71.7;70.7;20.5
94;2021-12-15;323;507;13378;1009073;995268;302291;71.8;70.8;21.5
94;2021-12-16;316;460;15095;1009389;995728;317386;71.8;70.8;22.6
94;2021-12-17;322;490;15347;1009711;996218;332733;71.8;70.9;23.7
94;2021-12-18;300;452;11775;1010011;996670;344508;71.8;70.9;24.5
94;2021-12-19;161;140;6279;1010172;996810;350787;71.8;70.9;24.9
94;2021-12-20;371;398;12946;1010543;997208;363733;71.9;70.9;25.9
94;2021-12-21;454;430;14267;1010997;997638;378000;71.9;71.0;26.9
94;2021-12-22;400;424;12353;1011397;998062;390353;71.9;71.0;27.8
94;2021-12-23;397;419;10591;1011794;998481;400944;72.0;71.0;28.5
94;2021-12-24;163;171;3959;1011957;998652;404903;72.0;71.0;28.8
94;2021-12-25;9;27;243;1011966;998679;405146;72.0;71.0;28.8
94;2021-12-26;92;92;2922;1012058;998771;408068;72.0;71.0;29.0
94;2021-12-27;362;435;11077;1012420;999206;419145;72.0;71.1;29.8
94;2021-12-28;413;444;12800;1012833;999650;431945;72.0;71.1;30.7
95;2020-12-27;8;0;0;8;0;0;0.0;0.0;0.0
95;2020-12-28;5;0;0;13;0;0;0.0;0.0;0.0
95;2020-12-29;2;0;0;15;0;0;0.0;0.0;0.0
95;2020-12-30;3;0;0;18;0;0;0.0;0.0;0.0
95;2020-12-31;5;0;0;23;0;0;0.0;0.0;0.0
95;2021-01-01;4;0;0;27;0;0;0.0;0.0;0.0
95;2021-01-02;14;0;0;41;0;0;0.0;0.0;0.0
95;2021-01-03;3;0;0;44;0;0;0.0;0.0;0.0
95;2021-01-04;63;0;0;107;0;0;0.0;0.0;0.0
95;2021-01-05;307;1;0;414;1;0;0.0;0.0;0.0
95;2021-01-06;209;1;0;623;2;0;0.0;0.0;0.0
95;2021-01-07;253;3;0;876;5;0;0.1;0.0;0.0
95;2021-01-08;433;3;0;1309;8;0;0.1;0.0;0.0
95;2021-01-09;279;0;0;1588;8;0;0.1;0.0;0.0
95;2021-01-10;334;2;0;1922;10;0;0.2;0.0;0.0
95;2021-01-11;577;13;0;2499;23;0;0.2;0.0;0.0
95;2021-01-12;846;6;0;3345;29;0;0.3;0.0;0.0
95;2021-01-13;862;16;0;4207;45;0;0.3;0.0;0.0
95;2021-01-14;892;15;0;5099;60;0;0.4;0.0;0.0
95;2021-01-15;870;16;0;5969;76;0;0.5;0.0;0.0
95;2021-01-16;303;4;0;6272;80;0;0.5;0.0;0.0
95;2021-01-17;138;1;0;6410;81;0;0.5;0.0;0.0
95;2021-01-18;1309;10;0;7719;91;0;0.6;0.0;0.0
95;2021-01-19;1542;15;0;9261;106;0;0.7;0.0;0.0
95;2021-01-20;1912;11;0;11173;117;0;0.9;0.0;0.0
95;2021-01-21;1859;10;0;13032;127;0;1.0;0.0;0.0
95;2021-01-22;1496;13;0;14528;140;0;1.2;0.0;0.0
95;2021-01-23;564;1;0;15092;141;0;1.2;0.0;0.0
95;2021-01-24;160;0;0;15252;141;0;1.2;0.0;0.0
95;2021-01-25;809;42;0;16061;183;0;1.3;0.0;0.0
95;2021-01-26;1017;152;0;17078;335;0;1.4;0.0;0.0
95;2021-01-27;1277;142;0;18355;477;0;1.5;0.0;0.0
95;2021-01-28;1574;65;0;19929;542;0;1.6;0.0;0.0
95;2021-01-29;1192;193;0;21121;735;0;1.7;0.1;0.0
95;2021-01-30;450;5;0;21571;740;0;1.7;0.1;0.0
95;2021-01-31;170;2;0;21741;742;0;1.7;0.1;0.0
95;2021-02-01;499;253;0;22240;995;0;1.8;0.1;0.0
95;2021-02-02;552;253;0;22792;1248;0;1.8;0.1;0.0
95;2021-02-03;597;462;0;23389;1710;0;1.9;0.1;0.0
95;2021-02-04;949;408;0;24338;2118;0;1.9;0.2;0.0
95;2021-02-05;657;370;0;24995;2488;0;2.0;0.2;0.0
95;2021-02-06;352;232;0;25347;2720;0;2.0;0.2;0.0
95;2021-02-07;126;311;0;25473;3031;0;2.0;0.2;0.0
95;2021-02-08;694;427;0;26167;3458;0;2.1;0.3;0.0
95;2021-02-09;1003;1039;0;27170;4497;0;2.2;0.4;0.0
95;2021-02-10;1144;1375;0;28314;5872;0;2.3;0.5;0.0
95;2021-02-11;1295;1269;0;29609;7141;0;2.4;0.6;0.0
95;2021-02-12;1007;1062;0;30616;8203;0;2.5;0.7;0.0
95;2021-02-13;332;329;0;30948;8532;0;2.5;0.7;0.0
95;2021-02-14;41;103;0;30989;8635;0;2.5;0.7;0.0
95;2021-02-15;365;1064;0;31354;9699;0;2.5;0.8;0.0
95;2021-02-16;503;1057;0;31857;10756;0;2.6;0.9;0.0
95;2021-02-17;589;1142;0;32446;11898;0;2.6;1.0;0.0
95;2021-02-18;728;1660;0;33174;13558;0;2.7;1.1;0.0
95;2021-02-19;770;1331;0;33944;14889;0;2.7;1.2;0.0
95;2021-02-20;287;497;0;34231;15386;0;2.7;1.2;0.0
95;2021-02-21;116;238;0;34347;15624;0;2.8;1.3;0.0
95;2021-02-22;314;944;0;34661;16568;0;2.8;1.3;0.0
95;2021-02-23;356;791;0;35017;17359;0;2.8;1.4;0.0
95;2021-02-24;358;887;0;35375;18246;0;2.8;1.5;0.0
95;2021-02-25;727;1152;0;36102;19398;0;2.9;1.6;0.0
95;2021-02-26;1081;888;0;37183;20286;0;3.0;1.6;0.0
95;2021-02-27;384;413;0;37567;20699;0;3.0;1.7;0.0
95;2021-02-28;51;171;0;37618;20870;0;3.0;1.7;0.0
95;2021-03-01;784;544;0;38402;21414;0;3.1;1.7;0.0
95;2021-03-02;1335;843;0;39737;22257;0;3.2;1.8;0.0
95;2021-03-03;1573;916;0;41310;23173;0;3.3;1.9;0.0
95;2021-03-04;3063;1182;0;44373;24355;0;3.6;2.0;0.0
95;2021-03-05;3466;1062;0;47839;25417;0;3.8;2.0;0.0
95;2021-03-06;3743;490;0;51582;25907;0;4.1;2.1;0.0
95;2021-03-07;3658;328;0;55240;26235;0;4.4;2.1;0.0
95;2021-03-08;1442;805;0;56682;27040;0;4.5;2.2;0.0
95;2021-03-09;2526;538;0;59208;27578;0;4.7;2.2;0.0
95;2021-03-10;2502;858;0;61710;28436;0;4.9;2.3;0.0
95;2021-03-11;3211;1139;0;64921;29575;0;5.2;2.4;0.0
95;2021-03-12;3688;877;0;68609;30452;0;5.5;2.4;0.0
95;2021-03-13;3413;431;0;72022;30883;0;5.8;2.5;0.0
95;2021-03-14;1616;242;0;73638;31125;0;5.9;2.5;0.0
95;2021-03-15;2281;355;0;75919;31480;0;6.1;2.5;0.0
95;2021-03-16;1659;413;0;77578;31893;0;6.2;2.6;0.0
95;2021-03-17;2078;411;0;79656;32304;0;6.4;2.6;0.0
95;2021-03-18;2591;398;0;82247;32702;0;6.6;2.6;0.0
95;2021-03-19;3394;374;0;85641;33076;0;6.9;2.6;0.0
95;2021-03-20;2657;213;0;88298;33289;0;7.1;2.7;0.0
95;2021-03-21;948;212;0;89246;33501;0;7.1;2.7;0.0
95;2021-03-22;2821;326;0;92067;33827;0;7.4;2.7;0.0
95;2021-03-23;3527;459;0;95594;34286;0;7.7;2.7;0.0
95;2021-03-24;3623;495;0;99217;34781;0;7.9;2.8;0.0
95;2021-03-25;5561;655;0;104778;35436;0;8.4;2.8;0.0
95;2021-03-26;5425;673;0;110203;36109;0;8.8;2.9;0.0
95;2021-03-27;3329;219;0;113532;36328;0;9.1;2.9;0.0
95;2021-03-28;1052;72;0;114584;36400;0;9.2;2.9;0.0
95;2021-03-29;2808;586;0;117392;36986;0;9.4;3.0;0.0
95;2021-03-30;3922;1193;0;121314;38179;0;9.7;3.1;0.0
95;2021-03-31;3807;1577;0;125121;39756;0;10.0;3.2;0.0
95;2021-04-01;4925;2205;0;130046;41961;0;10.4;3.4;0.0
95;2021-04-02;3646;2590;0;133692;44551;0;10.7;3.6;0.0
95;2021-04-03;2106;2269;0;135798;46820;0;10.9;3.8;0.0
95;2021-04-04;889;951;0;136687;47771;0;10.9;3.8;0.0
95;2021-04-05;736;88;0;137423;47859;0;11.0;3.8;0.0
95;2021-04-06;2312;1466;0;139735;49325;0;11.2;4.0;0.0
95;2021-04-07;4448;1983;0;144183;51308;0;11.5;4.1;0.0
95;2021-04-08;4971;2276;0;149154;53584;0;11.9;4.3;0.0
95;2021-04-09;5762;2195;0;154916;55779;0;12.4;4.5;0.0
95;2021-04-10;3698;1414;0;158614;57193;0;12.7;4.6;0.0
95;2021-04-11;1137;799;0;159751;57992;0;12.8;4.6;0.0
95;2021-04-12;3085;1610;0;162836;59602;0;13.0;4.8;0.0
95;2021-04-13;3372;1867;0;166208;61469;0;13.3;4.9;0.0
95;2021-04-14;3178;2009;0;169386;63478;0;13.6;5.1;0.0
95;2021-04-15;4144;2948;0;173530;66426;0;13.9;5.3;0.0
95;2021-04-16;4342;2826;0;177872;69252;0;14.2;5.5;0.0
95;2021-04-17;2492;1788;0;180364;71040;0;14.4;5.7;0.0
95;2021-04-18;1057;745;0;181421;71785;0;14.5;5.8;0.0
95;2021-04-19;2544;2193;0;183965;73978;0;14.7;5.9;0.0
95;2021-04-20;2512;2398;0;186477;76376;0;14.9;6.1;0.0
95;2021-04-21;3971;2522;0;190448;78898;0;15.3;6.3;0.0
95;2021-04-22;3560;4071;0;194008;82969;0;15.5;6.6;0.0
95;2021-04-23;3277;3384;0;197285;86353;0;15.8;6.9;0.0
95;2021-04-24;3622;2371;0;200907;88724;0;16.1;7.1;0.0
95;2021-04-25;1861;1034;0;202768;89758;0;16.2;7.2;0.0
95;2021-04-26;3039;2490;0;205807;92248;0;16.5;7.4;0.0
95;2021-04-27;4179;2333;0;209986;94581;0;16.8;7.6;0.0
95;2021-04-28;4214;2827;0;214200;97408;0;17.2;7.8;0.0
95;2021-04-29;6088;4108;0;220288;101516;0;17.6;8.1;0.0
95;2021-04-30;6635;3066;0;226923;104582;0;18.2;8.4;0.0
95;2021-05-01;2467;895;0;229390;105477;0;18.4;8.4;0.0
95;2021-05-02;1939;948;0;231329;106425;0;18.5;8.5;0.0
95;2021-05-03;4895;2707;0;236224;109132;0;18.9;8.7;0.0
95;2021-05-04;5975;2983;0;242199;112115;0;19.4;9.0;0.0
95;2021-05-05;5220;3756;0;247419;115871;0;19.8;9.3;0.0
95;2021-05-06;7215;4529;0;254634;120400;0;20.4;9.6;0.0
95;2021-05-07;5624;4664;0;260258;125064;0;20.8;10.0;0.0
95;2021-05-08;4999;1726;0;265257;126790;0;21.2;10.2;0.0
95;2021-05-09;2579;1415;0;267836;128205;0;21.5;10.3;0.0
95;2021-05-10;8040;3048;0;275876;131253;0;22.1;10.5;0.0
95;2021-05-11;7467;3555;0;283343;134808;0;22.7;10.8;0.0
95;2021-05-12;8297;3248;0;291640;138056;0;23.4;11.1;0.0
95;2021-05-13;6415;1153;0;298055;139209;0;23.9;11.2;0.0
95;2021-05-14;6637;2061;0;304692;141270;0;24.4;11.3;0.0
95;2021-05-15;4658;1245;0;309350;142515;0;24.8;11.4;0.0
95;2021-05-16;3900;744;0;313250;143259;0;25.1;11.5;0.0
95;2021-05-17;6270;1379;0;319520;144638;0;25.6;11.6;0.0
95;2021-05-18;8079;1777;0;327599;146415;0;26.2;11.7;0.0
95;2021-05-19;8321;2656;0;335920;149071;0;26.9;11.9;0.0
95;2021-05-20;10191;2473;0;346111;151544;0;27.7;12.1;0.0
95;2021-05-21;9049;2516;0;355160;154060;0;28.5;12.3;0.0
95;2021-05-22;7835;1513;0;362995;155573;0;29.1;12.5;0.0
95;2021-05-23;3565;869;0;366560;156442;0;29.4;12.5;0.0
95;2021-05-24;2981;604;0;369541;157046;0;29.6;12.6;0.0
95;2021-05-25;6745;2338;0;376286;159384;0;30.1;12.8;0.0
95;2021-05-26;7797;3048;0;384083;162432;0;30.8;13.0;0.0
95;2021-05-27;8836;4359;0;392919;166791;0;31.5;13.4;0.0
95;2021-05-28;6970;4525;0;399889;171316;0;32.0;13.7;0.0
95;2021-05-29;4948;2894;0;404837;174210;0;32.4;14.0;0.0
95;2021-05-30;2944;1296;0;407781;175506;0;32.7;14.1;0.0
95;2021-05-31;5235;3366;0;413016;178872;0;33.1;14.3;0.0
95;2021-06-01;7452;4115;0;420468;182987;0;33.7;14.7;0.0
95;2021-06-02;7416;4480;0;427884;187467;0;34.3;15.0;0.0
95;2021-06-03;7299;6028;0;435183;193495;0;34.9;15.5;0.0
95;2021-06-04;7679;4759;0;442862;198254;0;35.5;15.9;0.0
95;2021-06-05;6585;3894;0;449447;202148;0;36.0;16.2;0.0
95;2021-06-06;3242;1412;0;452689;203560;0;36.3;16.3;0.0
95;2021-06-07;5120;4640;0;457809;208200;0;36.7;16.7;0.0
95;2021-06-08;5900;5523;0;463709;213723;0;37.1;17.1;0.0
95;2021-06-09;5852;6266;0;469561;219989;0;37.6;17.6;0.0
95;2021-06-10;6003;7250;0;475564;227239;0;38.1;18.2;0.0
95;2021-06-11;6134;6426;0;481698;233665;0;38.6;18.7;0.0
95;2021-06-12;5209;4200;0;486907;237865;0;39.0;19.1;0.0
95;2021-06-13;1829;2764;0;488736;240629;0;39.2;19.3;0.0
95;2021-06-14;4022;5851;0;492758;246480;0;39.5;19.7;0.0
95;2021-06-15;4240;7676;0;496998;254156;0;39.8;20.4;0.0
95;2021-06-16;4994;7254;0;501992;261410;0;40.2;20.9;0.0
95;2021-06-17;5721;7701;0;507713;269111;0;40.7;21.6;0.0
95;2021-06-18;5160;7726;0;512873;276837;0;41.1;22.2;0.0
95;2021-06-19;4338;7756;0;517211;284593;0;41.4;22.8;0.0
95;2021-06-20;1244;2986;0;518455;287579;0;41.5;23.0;0.0
95;2021-06-21;2970;7065;0;521425;294644;0;41.8;23.6;0.0
95;2021-06-22;4215;8443;0;525640;303087;0;42.1;24.3;0.0
95;2021-06-23;4146;9901;0;529786;312988;0;42.4;25.1;0.0
95;2021-06-24;4286;9443;0;534072;322431;0;42.8;25.8;0.0
95;2021-06-25;4296;9673;0;538368;332104;0;43.1;26.6;0.0
95;2021-06-26;3629;7829;0;541997;339933;0;43.4;27.2;0.0
95;2021-06-27;836;3434;0;542833;343367;0;43.5;27.5;0.0
95;2021-06-28;2412;8095;0;545245;351462;0;43.7;28.2;0.0
95;2021-06-29;2470;8120;0;547715;359582;0;43.9;28.8;0.0
95;2021-06-30;3658;9392;0;551373;368974;0;44.2;29.6;0.0
95;2021-07-01;4307;9987;0;555680;378961;0;44.5;30.4;0.0
95;2021-07-02;4227;9651;0;559907;388612;0;44.9;31.1;0.0
95;2021-07-03;3309;8292;0;563216;396904;0;45.1;31.8;0.0
95;2021-07-04;1045;3067;0;564261;399971;0;45.2;32.0;0.0
95;2021-07-05;2704;4944;0;566965;404915;0;45.4;32.4;0.0
95;2021-07-06;2942;7569;0;569907;412484;0;45.7;33.0;0.0
95;2021-07-07;4005;9013;0;573912;421497;0;46.0;33.8;0.0
95;2021-07-08;4813;9208;0;578725;430705;0;46.4;34.5;0.0
95;2021-07-09;4708;9645;0;583433;440350;0;46.7;35.3;0.0
95;2021-07-10;3459;6999;0;586892;447349;0;47.0;35.8;0.0
95;2021-07-11;1304;2949;0;588196;450298;0;47.1;36.1;0.0
95;2021-07-12;3248;8628;0;591444;458926;0;47.4;36.8;0.0
95;2021-07-13;6039;9779;0;597483;468705;0;47.9;37.5;0.0
95;2021-07-14;4992;5348;0;602475;474053;0;48.3;38.0;0.0
95;2021-07-15;7672;11317;0;610147;485370;0;48.9;38.9;0.0
95;2021-07-16;8565;11131;0;618712;496501;0;49.6;39.8;0.0
95;2021-07-17;5536;7465;0;624248;503966;0;50.0;40.4;0.0
95;2021-07-18;3308;2590;0;627556;506556;0;50.3;40.6;0.0
95;2021-07-19;5450;6552;0;633006;513108;0;50.7;41.1;0.0
95;2021-07-20;7055;8099;0;640061;521207;0;51.3;41.8;0.0
95;2021-07-21;9213;8877;0;649274;530084;0;52.0;42.5;0.0
95;2021-07-22;10005;9185;0;659279;539269;0;52.8;43.2;0.0
95;2021-07-23;10519;9644;1;669798;548913;1;53.7;44.0;0.0
95;2021-07-24;5635;6225;0;675433;555138;1;54.1;44.5;0.0
95;2021-07-25;2595;2251;0;678028;557389;1;54.3;44.6;0.0
95;2021-07-26;5482;4755;0;683510;562144;1;54.8;45.0;0.0
95;2021-07-27;8623;6951;0;692133;569095;1;55.4;45.6;0.0
95;2021-07-28;9491;7281;0;701624;576376;1;56.2;46.2;0.0
95;2021-07-29;8540;5846;0;710164;582222;1;56.9;46.6;0.0
95;2021-07-30;8495;7158;0;718659;589380;1;57.6;47.2;0.0
95;2021-07-31;4514;3688;0;723173;593068;1;57.9;47.5;0.0
95;2021-08-01;2030;1317;0;725203;594385;1;58.1;47.6;0.0
95;2021-08-02;4844;3959;0;730047;598344;1;58.5;47.9;0.0
95;2021-08-03;5852;5411;0;735899;603755;1;58.9;48.4;0.0
95;2021-08-04;5958;5503;0;741857;609258;1;59.4;48.8;0.0
95;2021-08-05;5864;5159;0;747721;614417;1;59.9;49.2;0.0
95;2021-08-06;5839;6435;0;753560;620852;1;60.4;49.7;0.0
95;2021-08-07;2781;3388;0;756341;624240;1;60.6;50.0;0.0
95;2021-08-08;1181;1893;0;757522;626133;1;60.7;50.2;0.0
95;2021-08-09;4034;4978;0;761556;631111;1;61.0;50.6;0.0
95;2021-08-10;4888;5581;0;766444;636692;1;61.4;51.0;0.0
95;2021-08-11;4642;6140;0;771086;642832;1;61.8;51.5;0.0
95;2021-08-12;4445;6362;0;775531;649194;1;62.1;52.0;0.0
95;2021-08-13;3542;5242;0;779073;654436;1;62.4;52.4;0.0
95;2021-08-14;3069;3741;0;782142;658177;1;62.7;52.7;0.0
95;2021-08-15;409;570;0;782551;658747;1;62.7;52.8;0.0
95;2021-08-16;2761;6040;0;785312;664787;1;62.9;53.3;0.0
95;2021-08-17;3232;6887;0;788544;671674;1;63.2;53.8;0.0
95;2021-08-18;3646;7524;0;792190;679198;1;63.5;54.4;0.0
95;2021-08-19;3129;6276;0;795319;685474;1;63.7;54.9;0.0
95;2021-08-20;3236;7314;0;798555;692788;1;64.0;55.5;0.0
95;2021-08-21;2298;4237;0;800853;697025;1;64.2;55.8;0.0
95;2021-08-22;609;1879;0;801462;698904;1;64.2;56.0;0.0
95;2021-08-23;2323;5971;0;803785;704875;1;64.4;56.5;0.0
95;2021-08-24;2608;6336;0;806393;711211;1;64.6;57.0;0.0
95;2021-08-25;3287;7473;1;809680;718684;2;64.9;57.6;0.0
95;2021-08-26;2624;6597;0;812304;725281;2;65.1;58.1;0.0
95;2021-08-27;2965;7599;0;815269;732880;2;65.3;58.7;0.0
95;2021-08-28;2406;5012;0;817675;737892;2;65.5;59.1;0.0
95;2021-08-29;534;1380;0;818209;739272;2;65.5;59.2;0.0
95;2021-08-30;2425;5701;83;820634;744973;85;65.7;59.7;0.0
95;2021-08-31;2394;5714;207;823028;750687;292;65.9;60.1;0.0
95;2021-09-01;2853;5295;445;825881;755982;737;66.2;60.6;0.1
95;2021-09-02;1899;3916;417;827780;759898;1154;66.3;60.9;0.1
95;2021-09-03;2146;4809;474;829926;764707;1628;66.5;61.3;0.1
95;2021-09-04;2250;4743;219;832176;769450;1847;66.7;61.6;0.1
95;2021-09-05;428;700;24;832604;770150;1871;66.7;61.7;0.1
95;2021-09-06;1272;2897;408;833876;773047;2279;66.8;61.9;0.2
95;2021-09-07;1374;2897;346;835250;775944;2625;66.9;62.2;0.2
95;2021-09-08;1595;3373;363;836845;779317;2988;67.0;62.4;0.2
95;2021-09-09;1200;2794;448;838045;782111;3436;67.1;62.7;0.3
95;2021-09-10;1605;3078;499;839650;785189;3935;67.3;62.9;0.3
95;2021-09-11;1423;3233;246;841073;788422;4181;67.4;63.2;0.3
95;2021-09-12;285;552;106;841358;788974;4287;67.4;63.2;0.3
95;2021-09-13;1179;2185;443;842537;791159;4730;67.5;63.4;0.4
95;2021-09-14;1200;2137;610;843737;793296;5340;67.6;63.5;0.4
95;2021-09-15;1400;3253;772;845137;796549;6112;67.7;63.8;0.5
95;2021-09-16;883;1722;599;846020;798271;6711;67.8;63.9;0.5
95;2021-09-17;1196;2711;673;847216;800982;7384;67.9;64.2;0.6
95;2021-09-18;1191;3623;242;848407;804605;7626;68.0;64.5;0.6
95;2021-09-19;231;543;48;848638;805148;7674;68.0;64.5;0.6
95;2021-09-20;699;1399;590;849337;806547;8264;68.0;64.6;0.7
95;2021-09-21;777;1623;942;850114;808170;9206;68.1;64.7;0.7
95;2021-09-22;936;2741;625;851050;810911;9831;68.2;65.0;0.8
95;2021-09-23;775;1225;701;851825;812136;10532;68.2;65.1;0.8
95;2021-09-24;794;2004;703;852619;814140;11235;68.3;65.2;0.9
95;2021-09-25;1007;3234;337;853626;817374;11572;68.4;65.5;0.9
95;2021-09-26;115;310;31;853741;817684;11603;68.4;65.5;0.9
95;2021-09-27;618;1162;503;854359;818846;12106;68.4;65.6;1.0
95;2021-09-28;684;1272;841;855043;820118;12947;68.5;65.7;1.0
95;2021-09-29;809;1764;666;855852;821882;13613;68.6;65.8;1.1
95;2021-09-30;793;1123;841;856645;823005;14454;68.6;65.9;1.2
95;2021-10-01;1288;1392;843;857933;824397;15297;68.7;66.0;1.2
95;2021-10-02;1267;2111;573;859200;826508;15870;68.8;66.2;1.3
95;2021-10-03;140;243;30;859340;826751;15900;68.8;66.2;1.3
95;2021-10-04;628;887;508;859968;827638;16408;68.9;66.3;1.3
95;2021-10-05;728;1072;880;860696;828710;17288;68.9;66.4;1.4
95;2021-10-06;784;1279;933;861480;829989;18221;69.0;66.5;1.5
95;2021-10-07;544;861;836;862024;830850;19057;69.1;66.6;1.5
95;2021-10-08;890;1350;1169;862914;832200;20226;69.1;66.7;1.6
95;2021-10-09;924;1576;672;863838;833776;20898;69.2;66.8;1.7
95;2021-10-10;152;238;47;863990;834014;20945;69.2;66.8;1.7
95;2021-10-11;486;681;707;864476;834695;21652;69.2;66.9;1.7
95;2021-10-12;538;893;984;865014;835588;22636;69.3;66.9;1.8
95;2021-10-13;799;1133;1102;865813;836721;23738;69.4;67.0;1.9
95;2021-10-14;554;1059;1052;866367;837780;24790;69.4;67.1;2.0
95;2021-10-15;920;1066;1327;867287;838846;26117;69.5;67.2;2.1
95;2021-10-16;842;1238;875;868129;840084;26992;69.5;67.3;2.2
95;2021-10-17;100;198;123;868229;840282;27115;69.5;67.3;2.2
95;2021-10-18;437;624;519;868666;840906;27634;69.6;67.4;2.2
95;2021-10-19;532;813;1227;869198;841719;28861;69.6;67.4;2.3
95;2021-10-20;516;825;1203;869714;842544;30064;69.7;67.5;2.4
95;2021-10-21;376;664;1235;870090;843208;31299;69.7;67.5;2.5
95;2021-10-22;581;1085;1384;870671;844293;32683;69.7;67.6;2.6
95;2021-10-23;619;1105;998;871290;845398;33681;69.8;67.7;2.7
95;2021-10-24;84;148;89;871374;845546;33770;69.8;67.7;2.7
95;2021-10-25;325;490;614;871699;846036;34384;69.8;67.8;2.8
95;2021-10-26;461;643;1311;872160;846679;35695;69.9;67.8;2.9
95;2021-10-27;466;734;1555;872626;847413;37250;69.9;67.9;3.0
95;2021-10-28;407;707;1528;873033;848120;38778;69.9;67.9;3.1
95;2021-10-29;501;759;1517;873534;848879;40295;70.0;68.0;3.2
95;2021-10-30;446;790;1038;873980;849669;41333;70.0;68.1;3.3
95;2021-10-31;87;155;56;874067;849824;41389;70.0;68.1;3.3
95;2021-11-01;184;148;129;874251;849972;41518;70.0;68.1;3.3
95;2021-11-02;466;671;1172;874717;850643;42690;70.1;68.1;3.4
95;2021-11-03;428;672;1342;875145;851315;44032;70.1;68.2;3.5
95;2021-11-04;359;568;1467;875504;851883;45499;70.1;68.2;3.6
95;2021-11-05;423;725;1612;875927;852608;47111;70.2;68.3;3.8
95;2021-11-06;450;840;1168;876377;853448;48279;70.2;68.4;3.9
95;2021-11-07;70;159;115;876447;853607;48394;70.2;68.4;3.9
95;2021-11-08;217;417;1045;876664;854024;49439;70.2;68.4;4.0
95;2021-11-09;388;667;2280;877052;854691;51719;70.3;68.5;4.1
95;2021-11-10;433;707;2695;877485;855398;54414;70.3;68.5;4.4
95;2021-11-11;150;188;685;877635;855586;55099;70.3;68.5;4.4
95;2021-11-12;478;833;3018;878113;856419;58117;70.3;68.6;4.7
95;2021-11-13;428;732;1480;878541;857151;59597;70.4;68.7;4.8
95;2021-11-14;100;133;159;878641;857284;59756;70.4;68.7;4.8
95;2021-11-15;236;398;1447;878877;857682;61203;70.4;68.7;4.9
95;2021-11-16;400;601;2944;879277;858283;64147;70.4;68.8;5.1
95;2021-11-17;393;612;2654;879670;858895;66801;70.5;68.8;5.4
95;2021-11-18;343;505;2619;880013;859400;69420;70.5;68.8;5.6
95;2021-11-19;496;746;3473;880509;860146;72893;70.5;68.9;5.8
95;2021-11-20;501;710;1608;881010;860856;74501;70.6;69.0;6.0
95;2021-11-21;71;193;331;881081;861049;74832;70.6;69.0;6.0
95;2021-11-22;251;390;1813;881332;861439;76645;70.6;69.0;6.1
95;2021-11-23;404;516;3208;881736;861955;79853;70.6;69.0;6.4
95;2021-11-24;443;628;2999;882179;862583;82852;70.7;69.1;6.6
95;2021-11-25;401;481;3485;882580;863064;86337;70.7;69.1;6.9
95;2021-11-26;453;621;5955;883033;863685;92292;70.7;69.2;7.4
95;2021-11-27;398;608;4717;883431;864293;97009;70.8;69.2;7.8
95;2021-11-28;147;173;1267;883578;864466;98276;70.8;69.2;7.9
95;2021-11-29;187;314;3830;883765;864780;102106;70.8;69.3;8.2
95;2021-11-30;289;517;7856;884054;865297;109962;70.8;69.3;8.8
95;2021-12-01;370;558;8652;884424;865855;118614;70.8;69.4;9.5
95;2021-12-02;295;421;10293;884719;866276;128907;70.9;69.4;10.3
95;2021-12-03;405;596;11132;885124;866872;140039;70.9;69.4;11.2
95;2021-12-04;323;555;7735;885447;867427;147774;70.9;69.5;11.8
95;2021-12-05;113;206;3179;885560;867633;150953;70.9;69.5;12.1
95;2021-12-06;182;383;5971;885742;868016;156924;71.0;69.5;12.6
95;2021-12-07;304;520;10943;886046;868536;167867;71.0;69.6;13.4
95;2021-12-08;391;572;10395;886437;869108;178262;71.0;69.6;14.3
95;2021-12-09;330;504;11886;886767;869612;190148;71.0;69.7;15.2
95;2021-12-10;404;595;14451;887171;870207;204599;71.1;69.7;16.4
95;2021-12-11;307;565;9664;887478;870772;214263;71.1;69.8;17.2
95;2021-12-12;174;196;4690;887652;870968;218953;71.1;69.8;17.5
95;2021-12-13;262;445;8135;887914;871413;227088;71.1;69.8;18.2
95;2021-12-14;380;569;12415;888294;871982;239503;71.2;69.9;19.2
95;2021-12-15;406;580;11370;888700;872562;250873;71.2;69.9;20.1
95;2021-12-16;371;513;12927;889071;873075;263800;71.2;69.9;21.1
95;2021-12-17;466;569;14255;889537;873644;278055;71.3;70.0;22.3
95;2021-12-18;380;513;10063;889917;874157;288118;71.3;70.0;23.1
95;2021-12-19;280;278;5171;890197;874435;293289;71.3;70.0;23.5
95;2021-12-20;389;431;7907;890586;874866;301196;71.3;70.1;24.1
95;2021-12-21;557;544;11247;891143;875410;312443;71.4;70.1;25.0
95;2021-12-22;604;563;9750;891747;875973;322193;71.4;70.2;25.8
95;2021-12-23;479;453;8870;892226;876426;331063;71.5;70.2;26.5
95;2021-12-24;239;244;2562;892465;876670;333625;71.5;70.2;26.7
95;2021-12-25;40;56;322;892505;876726;333947;71.5;70.2;26.8
95;2021-12-26;190;180;2423;892695;876906;336370;71.5;70.2;26.9
95;2021-12-27;288;361;5995;892983;877267;342365;71.5;70.3;27.4
95;2021-12-28;482;554;10477;893465;877821;352842;71.6;70.3;28.3
