dep;jour;n_dose1;n_complet;n_cum_dose1;n_cum_complet;couv_dose1;couv_complet
01;2020-12-27;0;0;0;0;0.0;0.0
01;2020-12-28;0;0;0;0;0.0;0.0
01;2020-12-29;0;0;0;0;0.0;0.0
01;2020-12-30;0;0;0;0;0.0;0.0
01;2020-12-31;0;0;0;0;0.0;0.0
01;2021-01-01;0;0;0;0;0.0;0.0
01;2021-01-02;0;0;0;0;0.0;0.0
01;2021-01-03;0;0;0;0;0.0;0.0
01;2021-01-04;0;0;0;0;0.0;0.0
01;2021-01-05;1;0;1;0;0.0;0.0
01;2021-01-06;1;0;2;0;0.0;0.0
01;2021-01-07;67;0;69;0;0.0;0.0
01;2021-01-08;159;0;228;0;0.0;0.0
01;2021-01-09;2;0;230;0;0.0;0.0
01;2021-01-10;0;0;230;0;0.0;0.0
01;2021-01-11;147;0;377;0;0.1;0.0
01;2021-01-12;317;2;694;2;0.1;0.0
01;2021-01-13;444;1;1138;3;0.2;0.0
01;2021-01-14;526;3;1664;6;0.3;0.0
01;2021-01-15;396;3;2060;9;0.3;0.0
01;2021-01-16;202;0;2262;9;0.3;0.0
01;2021-01-17;128;0;2390;9;0.4;0.0
01;2021-01-18;378;2;2768;11;0.4;0.0
01;2021-01-19;1039;1;3807;12;0.6;0.0
01;2021-01-20;1260;2;5067;14;0.8;0.0
01;2021-01-21;1094;4;6161;18;0.9;0.0
01;2021-01-22;645;0;6806;18;1.0;0.0
01;2021-01-23;222;0;7028;18;1.1;0.0
01;2021-01-24;71;1;7099;19;1.1;0.0
01;2021-01-25;480;1;7579;20;1.2;0.0
01;2021-01-26;738;3;8317;23;1.3;0.0
01;2021-01-27;517;5;8834;28;1.3;0.0
01;2021-01-28;679;54;9513;82;1.4;0.0
01;2021-01-29;635;101;10148;183;1.5;0.0
01;2021-01-30;234;15;10382;198;1.6;0.0
01;2021-01-31;60;0;10442;198;1.6;0.0
01;2021-02-01;448;75;10890;273;1.7;0.0
01;2021-02-02;512;184;11402;457;1.7;0.1
01;2021-02-03;372;298;11774;755;1.8;0.1
01;2021-02-04;477;419;12251;1174;1.9;0.2
01;2021-02-05;437;281;12688;1455;1.9;0.2
01;2021-02-06;260;139;12948;1594;2.0;0.2
01;2021-02-07;2;113;12950;1707;2.0;0.3
01;2021-02-08;504;408;13454;2115;2.0;0.3
01;2021-02-09;770;855;14224;2970;2.2;0.5
01;2021-02-10;945;720;15169;3690;2.3;0.6
01;2021-02-11;787;770;15956;4460;2.4;0.7
01;2021-02-12;636;554;16592;5014;2.5;0.8
01;2021-02-13;159;149;16751;5163;2.5;0.8
01;2021-02-14;0;9;16751;5172;2.5;0.8
01;2021-02-15;436;445;17187;5617;2.6;0.9
01;2021-02-16;655;411;17842;6028;2.7;0.9
01;2021-02-17;517;244;18359;6272;2.8;1.0
01;2021-02-18;589;564;18948;6836;2.9;1.0
01;2021-02-19;577;244;19525;7080;3.0;1.1
01;2021-02-20;200;154;19725;7234;3.0;1.1
01;2021-02-21;0;1;19725;7235;3.0;1.1
01;2021-02-22;427;555;20152;7790;3.1;1.2
01;2021-02-23;481;522;20633;8312;3.1;1.3
01;2021-02-24;435;465;21068;8777;3.2;1.3
01;2021-02-25;816;605;21884;9382;3.3;1.4
01;2021-02-26;866;562;22750;9944;3.5;1.5
01;2021-02-27;480;113;23230;10057;3.5;1.5
01;2021-02-28;20;3;23250;10060;3.5;1.5
01;2021-03-01;625;450;23875;10510;3.6;1.6
01;2021-03-02;949;553;24824;11063;3.8;1.7
01;2021-03-03;935;660;25759;11723;3.9;1.8
01;2021-03-04;1192;629;26951;12352;4.1;1.9
01;2021-03-05;1353;490;28304;12842;4.3;2.0
01;2021-03-06;779;92;29083;12934;4.4;2.0
01;2021-03-07;43;1;29126;12935;4.4;2.0
01;2021-03-08;665;618;29791;13553;4.5;2.1
01;2021-03-09;1332;601;31123;14154;4.7;2.2
01;2021-03-10;1161;525;32284;14679;4.9;2.2
01;2021-03-11;1669;624;33953;15303;5.2;2.3
01;2021-03-12;2000;623;35953;15926;5.5;2.4
01;2021-03-13;1499;81;37452;16007;5.7;2.4
01;2021-03-14;130;55;37582;16062;5.7;2.4
01;2021-03-15;1150;395;38732;16457;5.9;2.5
01;2021-03-16;1004;553;39736;17010;6.0;2.6
01;2021-03-17;834;338;40570;17348;6.2;2.6
01;2021-03-18;1281;460;41851;17808;6.4;2.7
01;2021-03-19;1742;522;43593;18330;6.6;2.8
01;2021-03-20;1445;121;45038;18451;6.9;2.8
01;2021-03-21;97;10;45135;18461;6.9;2.8
01;2021-03-22;1573;484;46708;18945;7.1;2.9
01;2021-03-23;2190;639;48898;19584;7.4;3.0
01;2021-03-24;1605;400;50503;19984;7.7;3.0
01;2021-03-25;2903;591;53406;20575;8.1;3.1
01;2021-03-26;2866;591;56272;21166;8.6;3.2
01;2021-03-27;1308;145;57580;21311;8.8;3.2
01;2021-03-28;21;1;57601;21312;8.8;3.2
01;2021-03-29;1926;542;59527;21854;9.1;3.3
01;2021-03-30;2509;746;62036;22600;9.4;3.4
01;2021-03-31;1864;616;63900;23216;9.7;3.5
01;2021-04-01;2559;828;66459;24044;10.1;3.7
01;2021-04-02;2813;692;69272;24736;10.5;3.8
01;2021-04-03;1256;117;70528;24853;10.7;3.8
01;2021-04-04;1;0;70529;24853;10.7;3.8
01;2021-04-05;1260;55;71789;24908;10.9;3.8
01;2021-04-06;2813;783;74602;25691;11.4;3.9
01;2021-04-07;2731;696;77333;26387;11.8;4.0
01;2021-04-08;3238;981;80571;27368;12.3;4.2
01;2021-04-09;3975;1310;84546;28678;12.9;4.4
01;2021-04-10;1822;293;86368;28971;13.1;4.4
01;2021-04-11;43;22;86411;28993;13.2;4.4
01;2021-04-12;2713;1214;89124;30207;13.6;4.6
01;2021-04-13;2929;1300;92053;31507;14.0;4.8
01;2021-04-14;3113;1072;95166;32579;14.5;5.0
01;2021-04-15;3070;1457;98236;34036;15.0;5.2
01;2021-04-16;2860;1563;101096;35599;15.4;5.4
01;2021-04-17;1654;674;102750;36273;15.6;5.5
01;2021-04-18;13;0;102763;36273;15.6;5.5
01;2021-04-19;2038;1519;104801;37792;16.0;5.8
01;2021-04-20;2659;1564;107460;39356;16.4;6.0
01;2021-04-21;2682;1337;110142;40693;16.8;6.2
01;2021-04-22;2830;1520;112972;42213;17.2;6.4
01;2021-04-23;2756;1510;115728;43723;17.6;6.7
01;2021-04-24;1445;646;117173;44369;17.8;6.8
01;2021-04-25;9;0;117182;44369;17.8;6.8
01;2021-04-26;1969;1715;119151;46084;18.1;7.0
01;2021-04-27;2568;1538;121719;47622;18.5;7.2
01;2021-04-28;2499;1565;124218;49187;18.9;7.5
01;2021-04-29;2717;1763;126935;50950;19.3;7.8
01;2021-04-30;2982;2227;129917;53177;19.8;8.1
01;2021-05-01;1469;857;131386;54034;20.0;8.2
01;2021-05-02;545;73;131931;54107;20.1;8.2
01;2021-05-03;2294;2479;134225;56586;20.4;8.6
01;2021-05-04;2544;2648;136769;59234;20.8;9.0
01;2021-05-05;2525;2488;139294;61722;21.2;9.4
01;2021-05-06;2992;2509;142286;64231;21.7;9.8
01;2021-05-07;3220;2782;145506;67013;22.1;10.2
01;2021-05-08;1642;922;147148;67935;22.4;10.3
01;2021-05-09;1023;158;148171;68093;22.6;10.4
01;2021-05-10;2499;3066;150670;71159;22.9;10.8
01;2021-05-11;3579;3046;154249;74205;23.5;11.3
01;2021-05-12;3648;2966;157897;77171;24.0;11.7
01;2021-05-13;4087;1496;161984;78667;24.7;12.0
01;2021-05-14;4270;2338;166254;81005;25.3;12.3
01;2021-05-15;3152;1427;169406;82432;25.8;12.5
01;2021-05-16;1410;149;170816;82581;26.0;12.6
01;2021-05-17;3432;2464;174248;85045;26.5;12.9
01;2021-05-18;4067;1948;178315;86993;27.1;13.2
01;2021-05-19;3969;1895;182284;88888;27.7;13.5
01;2021-05-20;4524;2009;186808;90897;28.4;13.8
01;2021-05-21;4613;2194;191421;93091;29.1;14.2
01;2021-05-22;3364;947;194785;94038;29.6;14.3
01;2021-05-23;830;82;195615;94120;29.8;14.3
01;2021-05-24;2765;499;198380;94619;30.2;14.4
01;2021-05-25;3555;2422;201935;97041;30.7;14.8
01;2021-05-26;3569;2245;205504;99286;31.3;15.1
01;2021-05-27;3847;2096;209351;101382;31.9;15.4
01;2021-05-28;3662;2639;213013;104021;32.4;15.8
01;2021-05-29;3057;1298;216070;105319;32.9;16.0
01;2021-05-30;613;89;216683;105408;33.0;16.0
01;2021-05-31;2400;2514;219083;107922;33.3;16.4
01;2021-06-01;2762;2578;221845;110500;33.8;16.8
01;2021-06-02;2871;2177;224716;112677;34.2;17.2
01;2021-06-03;3359;2422;228075;115099;34.7;17.5
01;2021-06-04;4498;3347;232573;118446;35.4;18.0
01;2021-06-05;3249;1719;235822;120165;35.9;18.3
01;2021-06-06;669;78;236491;120243;36.0;18.3
01;2021-06-07;3388;2865;239879;123108;36.5;18.7
01;2021-06-08;3643;2706;243522;125814;37.1;19.2
01;2021-06-09;2933;2628;246455;128442;37.5;19.6
01;2021-06-10;2750;2036;249205;130478;37.9;19.9
01;2021-06-11;3064;3362;252269;133840;38.4;20.4
01;2021-06-12;2399;2194;254668;136034;38.8;20.7
01;2021-06-13;198;478;254866;136512;38.8;20.8
01;2021-06-14;2114;3156;256980;139668;39.1;21.3
01;2021-06-15;1992;3356;258972;143024;39.4;21.8
01;2021-06-16;2165;3282;261137;146306;39.7;22.3
01;2021-06-17;1948;3167;263085;149473;40.0;22.8
01;2021-06-18;2578;4158;265663;153631;40.4;23.4
01;2021-06-19;1725;2552;267388;156183;40.7;23.8
01;2021-06-20;158;497;267546;156680;40.7;23.8
01;2021-06-21;1790;3704;269336;160384;41.0;24.4
01;2021-06-22;1543;3999;270879;164383;41.2;25.0
01;2021-06-23;1581;3755;272460;168138;41.5;25.6
01;2021-06-24;1461;3565;273921;171703;41.7;26.1
01;2021-06-25;1880;4567;275801;176270;42.0;26.8
01;2021-06-26;1202;2945;277003;179215;42.2;27.3
01;2021-06-27;170;340;277173;179555;42.2;27.3
01;2021-06-28;1371;4031;278544;183586;42.4;27.9
01;2021-06-29;1378;3852;279922;187438;42.6;28.5
01;2021-06-30;1353;4156;281275;191594;42.8;29.2
01;2021-07-01;1368;4089;282643;195683;43.0;29.8
01;2021-07-02;1570;4989;284213;200672;43.3;30.5
01;2021-07-03;853;3370;285066;204042;43.4;31.1
01;2021-07-04;101;498;285167;204540;43.4;31.1
01;2021-07-05;1458;4089;286625;208629;43.6;31.8
01;2021-07-06;1086;4286;287711;212915;43.8;32.4
01;2021-07-07;1626;3705;289337;216620;44.0;33.0
01;2021-07-08;1446;3678;290783;220298;44.3;33.5
01;2021-07-09;1873;4363;292656;224661;44.5;34.2
01;2021-07-10;1111;3447;293767;228108;44.7;34.7
01;2021-07-11;104;419;293871;228527;44.7;34.8
01;2021-07-12;1409;3845;295280;232372;44.9;35.4
01;2021-07-13;2044;4120;297324;236492;45.3;36.0
01;2021-07-14;137;180;297461;236672;45.3;36.0
01;2021-07-15;3070;4183;300531;240855;45.7;36.7
01;2021-07-16;3730;4820;304261;245675;46.3;37.4
01;2021-07-17;2172;3030;306433;248705;46.6;37.9
01;2021-07-18;286;552;306719;249257;46.7;37.9
01;2021-07-19;2901;3848;309620;253105;47.1;38.5
01;2021-07-20;3267;3680;312887;256785;47.6;39.1
01;2021-07-21;3911;3549;316798;260334;48.2;39.6
01;2021-07-22;4158;3456;320956;263790;48.9;40.2
01;2021-07-23;3903;4174;324859;267964;49.4;40.8
01;2021-07-24;2711;2683;327570;270647;49.9;41.2
01;2021-07-25;47;57;327617;270704;49.9;41.2
02;2020-12-27;0;0;0;0;0.0;0.0
02;2020-12-28;0;0;0;0;0.0;0.0
02;2020-12-29;0;0;0;0;0.0;0.0
02;2020-12-30;0;0;0;0;0.0;0.0
02;2020-12-31;0;0;0;0;0.0;0.0
02;2021-01-01;0;0;0;0;0.0;0.0
02;2021-01-02;0;0;0;0;0.0;0.0
02;2021-01-03;0;0;0;0;0.0;0.0
02;2021-01-04;0;0;0;0;0.0;0.0
02;2021-01-05;0;0;0;0;0.0;0.0
02;2021-01-06;22;0;22;0;0.0;0.0
02;2021-01-07;261;1;283;1;0.1;0.0
02;2021-01-08;489;2;772;3;0.1;0.0
02;2021-01-09;74;0;846;3;0.2;0.0
02;2021-01-10;49;0;895;3;0.2;0.0
02;2021-01-11;267;0;1162;3;0.2;0.0
02;2021-01-12;355;1;1517;4;0.3;0.0
02;2021-01-13;468;3;1985;7;0.4;0.0
02;2021-01-14;650;10;2635;17;0.5;0.0
02;2021-01-15;629;6;3264;23;0.6;0.0
02;2021-01-16;333;5;3597;28;0.7;0.0
02;2021-01-17;62;0;3659;28;0.7;0.0
02;2021-01-18;810;4;4469;32;0.8;0.0
02;2021-01-19;942;5;5411;37;1.0;0.0
02;2021-01-20;1429;5;6840;42;1.3;0.0
02;2021-01-21;2597;2;9437;44;1.8;0.0
02;2021-01-22;1418;1;10855;45;2.1;0.0
02;2021-01-23;288;1;11143;46;2.1;0.0
02;2021-01-24;67;0;11210;46;2.1;0.0
02;2021-01-25;432;10;11642;56;2.2;0.0
02;2021-01-26;704;13;12346;69;2.3;0.0
02;2021-01-27;159;2;12505;71;2.4;0.0
02;2021-01-28;69;247;12574;318;2.4;0.1
02;2021-01-29;119;421;12693;739;2.4;0.1
02;2021-01-30;4;14;12697;753;2.4;0.1
02;2021-01-31;0;10;12697;763;2.4;0.1
02;2021-02-01;11;214;12708;977;2.4;0.2
02;2021-02-02;45;331;12753;1308;2.4;0.2
02;2021-02-03;124;339;12877;1647;2.4;0.3
02;2021-02-04;225;359;13102;2006;2.5;0.4
02;2021-02-05;178;418;13280;2424;2.5;0.5
02;2021-02-06;65;175;13345;2599;2.5;0.5
02;2021-02-07;9;0;13354;2599;2.5;0.5
02;2021-02-08;305;436;13659;3035;2.6;0.6
02;2021-02-09;322;681;13981;3716;2.7;0.7
02;2021-02-10;485;1046;14466;4762;2.7;0.9
02;2021-02-11;940;1908;15406;6670;2.9;1.3
02;2021-02-12;885;1120;16291;7790;3.1;1.5
02;2021-02-13;290;129;16581;7919;3.2;1.5
02;2021-02-14;1;5;16582;7924;3.2;1.5
02;2021-02-15;344;681;16926;8605;3.2;1.6
02;2021-02-16;410;570;17336;9175;3.3;1.7
02;2021-02-17;498;636;17834;9811;3.4;1.9
02;2021-02-18;507;446;18341;10257;3.5;1.9
02;2021-02-19;443;572;18784;10829;3.6;2.1
02;2021-02-20;372;231;19156;11060;3.6;2.1
02;2021-02-21;39;17;19195;11077;3.6;2.1
02;2021-02-22;377;316;19572;11393;3.7;2.2
02;2021-02-23;432;362;20004;11755;3.8;2.2
02;2021-02-24;600;145;20604;11900;3.9;2.3
02;2021-02-25;869;135;21473;12035;4.1;2.3
02;2021-02-26;807;70;22280;12105;4.2;2.3
02;2021-02-27;443;11;22723;12116;4.3;2.3
02;2021-02-28;54;2;22777;12118;4.3;2.3
02;2021-03-01;637;24;23414;12142;4.5;2.3
02;2021-03-02;1033;101;24447;12243;4.6;2.3
02;2021-03-03;752;204;25199;12447;4.8;2.4
02;2021-03-04;1160;666;26359;13113;5.0;2.5
02;2021-03-05;1048;503;27407;13616;5.2;2.6
02;2021-03-06;2138;93;29545;13709;5.6;2.6
02;2021-03-07;1503;38;31048;13747;5.9;2.6
02;2021-03-08;570;366;31618;14113;6.0;2.7
02;2021-03-09;997;396;32615;14509;6.2;2.8
02;2021-03-10;893;462;33508;14971;6.4;2.8
02;2021-03-11;1294;384;34802;15355;6.6;2.9
02;2021-03-12;1702;406;36504;15761;6.9;3.0
02;2021-03-13;2590;218;39094;15979;7.4;3.0
02;2021-03-14;1455;32;40549;16011;7.7;3.0
02;2021-03-15;612;448;41161;16459;7.8;3.1
02;2021-03-16;863;394;42024;16853;8.0;3.2
02;2021-03-17;758;450;42782;17303;8.1;3.3
02;2021-03-18;607;619;43389;17922;8.2;3.4
02;2021-03-19;1172;298;44561;18220;8.5;3.5
02;2021-03-20;2428;144;46989;18364;8.9;3.5
02;2021-03-21;1488;67;48477;18431;9.2;3.5
02;2021-03-22;759;496;49236;18927;9.4;3.6
02;2021-03-23;1195;542;50431;19469;9.6;3.7
02;2021-03-24;1581;489;52012;19958;9.9;3.8
02;2021-03-25;1693;583;53705;20541;10.2;3.9
02;2021-03-26;2410;474;56115;21015;10.7;4.0
02;2021-03-27;2496;115;58611;21130;11.1;4.0
02;2021-03-28;637;11;59248;21141;11.3;4.0
02;2021-03-29;1037;858;60285;21999;11.5;4.2
02;2021-03-30;1554;839;61839;22838;11.8;4.3
02;2021-03-31;1299;717;63138;23555;12.0;4.5
02;2021-04-01;1290;847;64428;24402;12.2;4.6
02;2021-04-02;1180;1226;65608;25628;12.5;4.9
02;2021-04-03;2646;840;68254;26468;13.0;5.0
02;2021-04-04;727;237;68981;26705;13.1;5.1
02;2021-04-05;1508;125;70489;26830;13.4;5.1
02;2021-04-06;1541;849;72030;27679;13.7;5.3
02;2021-04-07;1862;773;73892;28452;14.0;5.4
02;2021-04-08;1919;1101;75811;29553;14.4;5.6
02;2021-04-09;2432;1078;78243;30631;14.9;5.8
02;2021-04-10;2429;1198;80672;31829;15.3;6.1
02;2021-04-11;476;415;81148;32244;15.4;6.1
02;2021-04-12;1825;622;82973;32866;15.8;6.2
02;2021-04-13;1598;918;84571;33784;16.1;6.4
02;2021-04-14;2584;950;87155;34734;16.6;6.6
02;2021-04-15;2495;756;89650;35490;17.0;6.7
02;2021-04-16;2437;1112;92087;36602;17.5;7.0
02;2021-04-17;1889;2138;93976;38740;17.9;7.4
02;2021-04-18;270;813;94246;39553;17.9;7.5
02;2021-04-19;1159;630;95405;40183;18.1;7.6
02;2021-04-20;1676;756;97081;40939;18.5;7.8
02;2021-04-21;1549;983;98630;41922;18.7;8.0
02;2021-04-22;1749;699;100379;42621;19.1;8.1
02;2021-04-23;1926;1399;102305;44020;19.4;8.4
02;2021-04-24;1709;1633;104014;45653;19.8;8.7
02;2021-04-25;462;234;104476;45887;19.9;8.7
02;2021-04-26;1340;556;105816;46443;20.1;8.8
02;2021-04-27;1626;1092;107442;47535;20.4;9.0
02;2021-04-28;1594;1432;109036;48967;20.7;9.3
02;2021-04-29;1884;1173;110920;50140;21.1;9.5
02;2021-04-30;2716;1648;113636;51788;21.6;9.8
02;2021-05-01;1990;1216;115626;53004;22.0;10.1
02;2021-05-02;1983;406;117609;53410;22.4;10.2
02;2021-05-03;2223;980;119832;54390;22.8;10.3
02;2021-05-04;1525;1317;121357;55707;23.1;10.6
02;2021-05-05;2330;1835;123687;57542;23.5;10.9
02;2021-05-06;2120;1726;125807;59268;23.9;11.3
02;2021-05-07;2356;2171;128163;61439;24.4;11.7
02;2021-05-08;2916;935;131079;62374;24.9;11.9
02;2021-05-09;1822;420;132901;62794;25.3;11.9
02;2021-05-10;2374;1474;135275;64268;25.7;12.2
02;2021-05-11;2876;1562;138151;65830;26.3;12.5
02;2021-05-12;2672;1620;140823;67450;26.8;12.8
02;2021-05-13;2988;1035;143811;68485;27.3;13.0
02;2021-05-14;3378;1205;147189;69690;28.0;13.2
02;2021-05-15;4372;1076;151561;70766;28.8;13.5
02;2021-05-16;2796;209;154357;70975;29.3;13.5
02;2021-05-17;2146;657;156503;71632;29.8;13.6
02;2021-05-18;2634;961;159137;72593;30.3;13.8
02;2021-05-19;2851;986;161988;73579;30.8;14.0
02;2021-05-20;3552;1220;165540;74799;31.5;14.2
02;2021-05-21;3815;1056;169355;75855;32.2;14.4
02;2021-05-22;5849;956;175204;76811;33.3;14.6
02;2021-05-23;2659;237;177863;77048;33.8;14.6
02;2021-05-24;3542;536;181405;77584;34.5;14.7
02;2021-05-25;2261;1149;183666;78733;34.9;15.0
02;2021-05-26;3080;1488;186746;80221;35.5;15.2
02;2021-05-27;3650;1485;190396;81706;36.2;15.5
02;2021-05-28;3513;1579;193909;83285;36.9;15.8
02;2021-05-29;4082;1575;197991;84860;37.6;16.1
02;2021-05-30;1449;184;199440;85044;37.9;16.2
02;2021-05-31;2579;1193;202019;86237;38.4;16.4
02;2021-06-01;2866;1867;204885;88104;38.9;16.7
02;2021-06-02;3160;1642;208045;89746;39.5;17.1
02;2021-06-03;2840;1829;210885;91575;40.1;17.4
02;2021-06-04;3139;2051;214024;93626;40.7;17.8
02;2021-06-05;3431;1728;217455;95354;41.3;18.1
02;2021-06-06;1731;258;219186;95612;41.7;18.2
02;2021-06-07;1612;1499;220798;97111;42.0;18.5
02;2021-06-08;2060;1841;222858;98952;42.4;18.8
02;2021-06-09;2053;1648;224911;100600;42.8;19.1
02;2021-06-10;1996;1830;226907;102430;43.1;19.5
02;2021-06-11;2197;3069;229104;105499;43.6;20.1
02;2021-06-12;2311;2590;231415;108089;44.0;20.5
02;2021-06-13;682;1386;232097;109475;44.1;20.8
02;2021-06-14;1047;2393;233144;111868;44.3;21.3
02;2021-06-15;1519;2461;234663;114329;44.6;21.7
02;2021-06-16;1529;2746;236192;117075;44.9;22.3
02;2021-06-17;1776;2853;237968;119928;45.2;22.8
02;2021-06-18;2311;3565;240279;123493;45.7;23.5
02;2021-06-19;1837;3818;242116;127311;46.0;24.2
02;2021-06-20;643;1521;242759;128832;46.1;24.5
02;2021-06-21;805;3196;243564;132028;46.3;25.1
02;2021-06-22;1148;3669;244712;135697;46.5;25.8
02;2021-06-23;1207;3588;245919;139285;46.7;26.5
02;2021-06-24;1315;3154;247234;142439;47.0;27.1
02;2021-06-25;1391;4549;248625;146988;47.3;27.9
02;2021-06-26;1344;4223;249969;151211;47.5;28.7
02;2021-06-27;599;2330;250568;153541;47.6;29.2
02;2021-06-28;875;3031;251443;156572;47.8;29.8
02;2021-06-29;907;2928;252350;159500;48.0;30.3
02;2021-06-30;1405;3158;253755;162658;48.2;30.9
02;2021-07-01;1187;3587;254942;166245;48.5;31.6
02;2021-07-02;1311;5144;256253;171389;48.7;32.6
02;2021-07-03;991;5987;257244;177376;48.9;33.7
02;2021-07-04;507;2374;257751;179750;49.0;34.2
02;2021-07-05;652;3944;258403;183694;49.1;34.9
02;2021-07-06;664;3046;259067;186740;49.2;35.5
02;2021-07-07;1307;3736;260374;190476;49.5;36.2
02;2021-07-08;1387;3878;261761;194354;49.8;36.9
02;2021-07-09;1274;4215;263035;198569;50.0;37.7
02;2021-07-10;1323;4609;264358;203178;50.3;38.6
02;2021-07-11;479;1965;264837;205143;50.3;39.0
02;2021-07-12;1404;3722;266241;208865;50.6;39.7
02;2021-07-13;2059;3656;268300;212521;51.0;40.4
02;2021-07-14;1752;1592;270052;214113;51.3;40.7
02;2021-07-15;2712;3538;272764;217651;51.9;41.4
02;2021-07-16;3139;4212;275903;221863;52.4;42.2
02;2021-07-17;3548;4200;279451;226063;53.1;43.0
02;2021-07-18;2035;1606;281486;227669;53.5;43.3
02;2021-07-19;3424;3015;284910;230684;54.2;43.9
02;2021-07-20;3484;3288;288394;233972;54.8;44.5
02;2021-07-21;3897;2922;292291;236894;55.6;45.0
02;2021-07-22;3301;2794;295592;239688;56.2;45.6
02;2021-07-23;3153;3530;298745;243218;56.8;46.2
02;2021-07-24;4427;3660;303172;246878;57.6;46.9
02;2021-07-25;2101;1053;305273;247931;58.0;47.1
03;2020-12-27;0;0;0;0;0.0;0.0
03;2020-12-28;0;0;0;0;0.0;0.0
03;2020-12-29;0;0;0;0;0.0;0.0
03;2020-12-30;0;0;0;0;0.0;0.0
03;2020-12-31;0;0;0;0;0.0;0.0
03;2021-01-01;0;0;0;0;0.0;0.0
03;2021-01-02;0;0;0;0;0.0;0.0
03;2021-01-03;0;0;0;0;0.0;0.0
03;2021-01-04;0;0;0;0;0.0;0.0
03;2021-01-05;0;0;0;0;0.0;0.0
03;2021-01-06;10;0;10;0;0.0;0.0
03;2021-01-07;61;0;71;0;0.0;0.0
03;2021-01-08;146;1;217;1;0.1;0.0
03;2021-01-09;122;0;339;1;0.1;0.0
03;2021-01-10;6;0;345;1;0.1;0.0
03;2021-01-11;412;1;757;2;0.2;0.0
03;2021-01-12;631;0;1388;2;0.4;0.0
03;2021-01-13;669;2;2057;4;0.6;0.0
03;2021-01-14;860;5;2917;9;0.9;0.0
03;2021-01-15;388;2;3305;11;1.0;0.0
03;2021-01-16;277;0;3582;11;1.1;0.0
03;2021-01-17;42;0;3624;11;1.1;0.0
03;2021-01-18;878;0;4502;11;1.4;0.0
03;2021-01-19;1149;1;5651;12;1.7;0.0
03;2021-01-20;1289;2;6940;14;2.1;0.0
03;2021-01-21;1199;5;8139;19;2.5;0.0
03;2021-01-22;1116;3;9255;22;2.8;0.0
03;2021-01-23;466;0;9721;22;2.9;0.0
03;2021-01-24;0;0;9721;22;2.9;0.0
03;2021-01-25;187;0;9908;22;3.0;0.0
03;2021-01-26;678;14;10586;36;3.2;0.0
03;2021-01-27;695;10;11281;46;3.4;0.0
03;2021-01-28;1018;45;12299;91;3.7;0.0
03;2021-01-29;855;82;13154;173;4.0;0.1
03;2021-01-30;600;2;13754;175;4.2;0.1
03;2021-01-31;0;0;13754;175;4.2;0.1
03;2021-02-01;160;76;13914;251;4.2;0.1
03;2021-02-02;765;269;14679;520;4.4;0.2
03;2021-02-03;1055;490;15734;1010;4.7;0.3
03;2021-02-04;1545;632;17279;1642;5.2;0.5
03;2021-02-05;944;316;18223;1958;5.5;0.6
03;2021-02-06;150;13;18373;1971;5.5;0.6
03;2021-02-07;5;0;18378;1971;5.5;0.6
03;2021-02-08;128;56;18506;2027;5.6;0.6
03;2021-02-09;610;442;19116;2469;5.8;0.7
03;2021-02-10;483;339;19599;2808;5.9;0.8
03;2021-02-11;1025;578;20624;3386;6.2;1.0
03;2021-02-12;1074;550;21698;3936;6.5;1.2
03;2021-02-13;126;168;21824;4104;6.6;1.2
03;2021-02-14;0;1;21824;4105;6.6;1.2
03;2021-02-15;308;861;22132;4966;6.7;1.5
03;2021-02-16;547;1172;22679;6138;6.8;1.9
03;2021-02-17;453;1364;23132;7502;7.0;2.3
03;2021-02-18;367;1273;23499;8775;7.1;2.6
03;2021-02-19;496;798;23995;9573;7.2;2.9
03;2021-02-20;128;184;24123;9757;7.3;2.9
03;2021-02-21;2;1;24125;9758;7.3;2.9
03;2021-02-22;159;205;24284;9963;7.3;3.0
03;2021-02-23;721;950;25005;10913;7.5;3.3
03;2021-02-24;609;1023;25614;11936;7.7;3.6
03;2021-02-25;1090;1836;26704;13772;8.1;4.2
03;2021-02-26;819;1373;27523;15145;8.3;4.6
03;2021-02-27;96;258;27619;15403;8.3;4.6
03;2021-02-28;0;15;27619;15418;8.3;4.7
03;2021-03-01;178;240;27797;15658;8.4;4.7
03;2021-03-02;818;662;28615;16320;8.6;4.9
03;2021-03-03;893;446;29508;16766;8.9;5.1
03;2021-03-04;1528;583;31036;17349;9.4;5.2
03;2021-03-05;1120;720;32156;18069;9.7;5.5
03;2021-03-06;914;109;33070;18178;10.0;5.5
03;2021-03-07;2;0;33072;18178;10.0;5.5
03;2021-03-08;238;245;33310;18423;10.1;5.6
03;2021-03-09;1016;435;34326;18858;10.4;5.7
03;2021-03-10;941;545;35267;19403;10.6;5.9
03;2021-03-11;1675;641;36942;20044;11.2;6.0
03;2021-03-12;1300;862;38242;20906;11.5;6.3
03;2021-03-13;861;108;39103;21014;11.8;6.3
03;2021-03-14;2;9;39105;21023;11.8;6.3
03;2021-03-15;249;200;39354;21223;11.9;6.4
03;2021-03-16;650;398;40004;21621;12.1;6.5
03;2021-03-17;1300;437;41304;22058;12.5;6.7
03;2021-03-18;1720;387;43024;22445;13.0;6.8
03;2021-03-19;1726;355;44750;22800;13.5;6.9
03;2021-03-20;301;23;45051;22823;13.6;6.9
03;2021-03-21;0;0;45051;22823;13.6;6.9
03;2021-03-22;222;394;45273;23217;13.7;7.0
03;2021-03-23;1351;352;46624;23569;14.1;7.1
03;2021-03-24;1820;350;48444;23919;14.6;7.2
03;2021-03-25;2366;558;50810;24477;15.3;7.4
03;2021-03-26;2232;436;53042;24913;16.0;7.5
03;2021-03-27;817;20;53859;24933;16.3;7.5
03;2021-03-28;1;39;53860;24972;16.3;7.5
03;2021-03-29;657;175;54517;25147;16.5;7.6
03;2021-03-30;1908;441;56425;25588;17.0;7.7
03;2021-03-31;1011;987;57436;26575;17.3;8.0
03;2021-04-01;1331;1088;58767;27663;17.7;8.3
03;2021-04-02;1707;605;60474;28268;18.3;8.5
03;2021-04-03;365;95;60839;28363;18.4;8.6
03;2021-04-04;1;0;60840;28363;18.4;8.6
03;2021-04-05;17;14;60857;28377;18.4;8.6
03;2021-04-06;1072;404;61929;28781;18.7;8.7
03;2021-04-07;1561;504;63490;29285;19.2;8.8
03;2021-04-08;2120;468;65610;29753;19.8;9.0
03;2021-04-09;2057;1151;67667;30904;20.4;9.3
03;2021-04-10;1012;71;68679;30975;20.7;9.3
03;2021-04-11;477;9;69156;30984;20.9;9.4
03;2021-04-12;985;221;70141;31205;21.2;9.4
03;2021-04-13;1871;955;72012;32160;21.7;9.7
03;2021-04-14;2332;1202;74344;33362;22.4;10.1
03;2021-04-15;2619;1387;76963;34749;23.2;10.5
03;2021-04-16;2832;1157;79795;35906;24.1;10.8
03;2021-04-17;1082;434;80877;36340;24.4;11.0
03;2021-04-18;0;0;80877;36340;24.4;11.0
03;2021-04-19;1192;581;82069;36921;24.8;11.1
03;2021-04-20;1751;1261;83820;38182;25.3;11.5
03;2021-04-21;1123;1286;84943;39468;25.6;11.9
03;2021-04-22;1673;985;86616;40453;26.1;12.2
03;2021-04-23;2474;1241;89090;41694;26.9;12.6
03;2021-04-24;1301;902;90391;42596;27.3;12.9
03;2021-04-25;350;15;90741;42611;27.4;12.9
03;2021-04-26;1331;457;92072;43068;27.8;13.0
03;2021-04-27;1764;1505;93836;44573;28.3;13.5
03;2021-04-28;1928;1106;95764;45679;28.9;13.8
03;2021-04-29;2371;1236;98135;46915;29.6;14.2
03;2021-04-30;1931;797;100066;47712;30.2;14.4
03;2021-05-01;437;482;100503;48194;30.3;14.5
03;2021-05-02;1;1;100504;48195;30.3;14.5
03;2021-05-03;1908;768;102412;48963;30.9;14.8
03;2021-05-04;2840;1616;105252;50579;31.8;15.3
03;2021-05-05;2603;1310;107855;51889;32.6;15.7
03;2021-05-06;3094;2002;110949;53891;33.5;16.3
03;2021-05-07;4727;1782;115676;55673;34.9;16.8
03;2021-05-08;659;378;116335;56051;35.1;16.9
03;2021-05-09;48;512;116383;56563;35.1;17.1
03;2021-05-10;1890;1460;118273;58023;35.7;17.5
03;2021-05-11;3901;1825;122174;59848;36.9;18.1
03;2021-05-12;2970;1518;125144;61366;37.8;18.5
03;2021-05-13;4377;397;129521;61763;39.1;18.6
03;2021-05-14;3654;1687;133175;63450;40.2;19.2
03;2021-05-15;1942;488;135117;63938;40.8;19.3
03;2021-05-16;517;56;135634;63994;40.9;19.3
03;2021-05-17;1276;860;136910;64854;41.3;19.6
03;2021-05-18;3068;1492;139978;66346;42.2;20.0
03;2021-05-19;2617;960;142595;67306;43.0;20.3
03;2021-05-20;3330;1127;145925;68433;44.0;20.7
03;2021-05-21;4189;1275;150114;69708;45.3;21.0
03;2021-05-22;2012;357;152126;70065;45.9;21.1
03;2021-05-23;639;73;152765;70138;46.1;21.2
03;2021-05-24;2653;209;155418;70347;46.9;21.2
03;2021-05-25;3069;1681;158487;72028;47.8;21.7
03;2021-05-26;2338;1042;160825;73070;48.5;22.1
03;2021-05-27;2944;1121;163769;74191;49.4;22.4
03;2021-05-28;3843;2271;167612;76462;50.6;23.1
03;2021-05-29;1746;596;169358;77058;51.1;23.3
03;2021-05-30;243;23;169601;77081;51.2;23.3
03;2021-05-31;693;569;170294;77650;51.4;23.4
03;2021-06-01;2298;2344;172592;79994;52.1;24.1
03;2021-06-02;1529;1745;174121;81739;52.6;24.7
03;2021-06-03;2054;2752;176175;84491;53.2;25.5
03;2021-06-04;1697;2503;177872;86994;53.7;26.3
03;2021-06-05;1076;1141;178948;88135;54.0;26.6
03;2021-06-06;57;6;179005;88141;54.0;26.6
03;2021-06-07;782;1810;179787;89951;54.3;27.1
03;2021-06-08;1447;2549;181234;92500;54.7;27.9
03;2021-06-09;1240;1871;182474;94371;55.1;28.5
03;2021-06-10;1320;2118;183794;96489;55.5;29.1
03;2021-06-11;1420;3447;185214;99936;55.9;30.2
03;2021-06-12;828;822;186042;100758;56.2;30.4
03;2021-06-13;19;10;186061;100768;56.2;30.4
03;2021-06-14;379;2178;186440;102946;56.3;31.1
03;2021-06-15;1217;3834;187657;106780;56.6;32.2
03;2021-06-16;760;2885;188417;109665;56.9;33.1
03;2021-06-17;1040;3333;189457;112998;57.2;34.1
03;2021-06-18;1084;3978;190541;116976;57.5;35.3
03;2021-06-19;639;1619;191180;118595;57.7;35.8
03;2021-06-20;15;8;191195;118603;57.7;35.8
03;2021-06-21;421;2637;191616;121240;57.8;36.6
03;2021-06-22;942;4003;192558;125243;58.1;37.8
03;2021-06-23;645;3281;193203;128524;58.3;38.8
03;2021-06-24;949;3862;194152;132386;58.6;40.0
03;2021-06-25;878;3890;195030;136276;58.9;41.1
03;2021-06-26;492;2040;195522;138316;59.0;41.7
03;2021-06-27;49;485;195571;138801;59.0;41.9
03;2021-06-28;628;2097;196199;140898;59.2;42.5
03;2021-06-29;1013;3337;197212;144235;59.5;43.5
03;2021-06-30;826;3120;198038;147355;59.8;44.5
03;2021-07-01;964;2941;199002;150296;60.1;45.4
03;2021-07-02;890;4094;199892;154390;60.3;46.6
03;2021-07-03;470;1884;200362;156274;60.5;47.2
03;2021-07-04;19;333;200381;156607;60.5;47.3
03;2021-07-05;756;2382;201137;158989;60.7;48.0
03;2021-07-06;1091;3456;202228;162445;61.0;49.0
03;2021-07-07;793;2615;203021;165060;61.3;49.8
03;2021-07-08;1044;3036;204065;168096;61.6;50.7
03;2021-07-09;1424;3626;205489;171722;62.0;51.8
03;2021-07-10;487;1929;205976;173651;62.2;52.4
03;2021-07-11;60;493;206036;174144;62.2;52.6
03;2021-07-12;919;1151;206955;175295;62.5;52.9
03;2021-07-13;2516;3150;209471;178445;63.2;53.9
03;2021-07-14;193;22;209664;178467;63.3;53.9
03;2021-07-15;2554;2449;212218;180916;64.1;54.6
03;2021-07-16;2686;2259;214904;183175;64.9;55.3
03;2021-07-17;1024;1622;215928;184797;65.2;55.8
03;2021-07-18;31;6;215959;184803;65.2;55.8
03;2021-07-19;2375;1260;218334;186063;65.9;56.2
03;2021-07-20;3061;3029;221395;189092;66.8;57.1
03;2021-07-21;3198;1421;224593;190513;67.8;57.5
03;2021-07-22;2841;1861;227434;192374;68.6;58.1
03;2021-07-23;3176;1272;230610;193646;69.6;58.4
03;2021-07-24;586;578;231196;194224;69.8;58.6
03;2021-07-25;17;5;231213;194229;69.8;58.6
04;2020-12-27;0;0;0;0;0.0;0.0
04;2020-12-28;0;0;0;0;0.0;0.0
04;2020-12-29;0;0;0;0;0.0;0.0
04;2020-12-30;0;0;0;0;0.0;0.0
04;2020-12-31;0;0;0;0;0.0;0.0
04;2021-01-01;0;0;0;0;0.0;0.0
04;2021-01-02;0;0;0;0;0.0;0.0
04;2021-01-03;0;0;0;0;0.0;0.0
04;2021-01-04;0;0;0;0;0.0;0.0
04;2021-01-05;4;0;4;0;0.0;0.0
04;2021-01-06;0;0;4;0;0.0;0.0
04;2021-01-07;61;0;65;0;0.0;0.0
04;2021-01-08;88;0;153;0;0.1;0.0
04;2021-01-09;56;0;209;0;0.1;0.0
04;2021-01-10;0;0;209;0;0.1;0.0
04;2021-01-11;76;0;285;0;0.2;0.0
04;2021-01-12;418;1;703;1;0.4;0.0
04;2021-01-13;245;1;948;2;0.6;0.0
04;2021-01-14;90;2;1038;4;0.6;0.0
04;2021-01-15;165;3;1203;7;0.7;0.0
04;2021-01-16;105;2;1308;9;0.8;0.0
04;2021-01-17;14;0;1322;9;0.8;0.0
04;2021-01-18;235;9;1557;18;0.9;0.0
04;2021-01-19;466;4;2023;22;1.2;0.0
04;2021-01-20;572;5;2595;27;1.6;0.0
04;2021-01-21;612;6;3207;33;1.9;0.0
04;2021-01-22;637;1;3844;34;2.3;0.0
04;2021-01-23;109;0;3953;34;2.4;0.0
04;2021-01-24;0;0;3953;34;2.4;0.0
04;2021-01-25;239;0;4192;34;2.5;0.0
04;2021-01-26;656;0;4848;34;2.9;0.0
04;2021-01-27;480;0;5328;34;3.2;0.0
04;2021-01-28;665;21;5993;55;3.6;0.0
04;2021-01-29;367;41;6360;96;3.8;0.1
04;2021-01-30;65;41;6425;137;3.9;0.1
04;2021-01-31;1;5;6426;142;3.9;0.1
04;2021-02-01;236;149;6662;291;4.0;0.2
04;2021-02-02;530;223;7192;514;4.4;0.3
04;2021-02-03;367;162;7559;676;4.6;0.4
04;2021-02-04;355;53;7914;729;4.8;0.4
04;2021-02-05;378;224;8292;953;5.0;0.6
04;2021-02-06;50;96;8342;1049;5.0;0.6
04;2021-02-07;2;22;8344;1071;5.1;0.6
04;2021-02-08;163;71;8507;1142;5.1;0.7
04;2021-02-09;193;144;8700;1286;5.3;0.8
04;2021-02-10;252;171;8952;1457;5.4;0.9
04;2021-02-11;364;291;9316;1748;5.6;1.1
04;2021-02-12;292;318;9608;2066;5.8;1.3
04;2021-02-13;26;94;9634;2160;5.8;1.3
04;2021-02-14;0;0;9634;2160;5.8;1.3
04;2021-02-15;31;165;9665;2325;5.9;1.4
04;2021-02-16;81;520;9746;2845;5.9;1.7
04;2021-02-17;67;433;9813;3278;5.9;2.0
04;2021-02-18;45;613;9858;3891;6.0;2.4
04;2021-02-19;51;379;9909;4270;6.0;2.6
04;2021-02-20;5;71;9914;4341;6.0;2.6
04;2021-02-21;0;0;9914;4341;6.0;2.6
04;2021-02-22;7;298;9921;4639;6.0;2.8
04;2021-02-23;19;595;9940;5234;6.0;3.2
04;2021-02-24;38;428;9978;5662;6.0;3.4
04;2021-02-25;70;378;10048;6040;6.1;3.7
04;2021-02-26;215;332;10263;6372;6.2;3.9
04;2021-02-27;177;75;10440;6447;6.3;3.9
04;2021-02-28;1;0;10441;6447;6.3;3.9
04;2021-03-01;18;74;10459;6521;6.3;3.9
04;2021-03-02;135;41;10594;6562;6.4;4.0
04;2021-03-03;375;643;10969;7205;6.6;4.4
04;2021-03-04;207;490;11176;7695;6.8;4.7
04;2021-03-05;234;359;11410;8054;6.9;4.9
04;2021-03-06;912;66;12322;8120;7.5;4.9
04;2021-03-07;497;24;12819;8144;7.8;4.9
04;2021-03-08;44;83;12863;8227;7.8;5.0
04;2021-03-09;215;256;13078;8483;7.9;5.1
04;2021-03-10;401;371;13479;8854;8.2;5.4
04;2021-03-11;495;341;13974;9195;8.5;5.6
04;2021-03-12;698;202;14672;9397;8.9;5.7
04;2021-03-13;1086;59;15758;9456;9.5;5.7
04;2021-03-14;459;3;16217;9459;9.8;5.7
04;2021-03-15;92;13;16309;9472;9.9;5.7
04;2021-03-16;74;9;16383;9481;9.9;5.7
04;2021-03-17;531;73;16914;9554;10.2;5.8
04;2021-03-18;814;21;17728;9575;10.7;5.8
04;2021-03-19;722;30;18450;9605;11.2;5.8
04;2021-03-20;158;2;18608;9607;11.3;5.8
04;2021-03-21;0;0;18608;9607;11.3;5.8
04;2021-03-22;105;12;18713;9619;11.3;5.8
04;2021-03-23;243;6;18956;9625;11.5;5.8
04;2021-03-24;1021;51;19977;9676;12.1;5.9
04;2021-03-25;1324;42;21301;9718;12.9;5.9
04;2021-03-26;1448;63;22749;9781;13.8;5.9
04;2021-03-27;264;19;23013;9800;13.9;5.9
04;2021-03-28;2;0;23015;9800;13.9;5.9
04;2021-03-29;678;11;23693;9811;14.3;5.9
04;2021-03-30;1085;143;24778;9954;15.0;6.0
04;2021-03-31;1327;100;26105;10054;15.8;6.1
04;2021-04-01;1131;122;27236;10176;16.5;6.2
04;2021-04-02;1183;107;28419;10283;17.2;6.2
04;2021-04-03;250;20;28669;10303;17.4;6.2
04;2021-04-04;1;0;28670;10303;17.4;6.2
04;2021-04-05;33;1;28703;10304;17.4;6.2
04;2021-04-06;927;143;29630;10447;17.9;6.3
04;2021-04-07;882;430;30512;10877;18.5;6.6
04;2021-04-08;924;697;31436;11574;19.0;7.0
04;2021-04-09;675;414;32111;11988;19.4;7.3
04;2021-04-10;231;192;32342;12180;19.6;7.4
04;2021-04-11;153;65;32495;12245;19.7;7.4
04;2021-04-12;594;98;33089;12343;20.0;7.5
04;2021-04-13;1190;236;34279;12579;20.8;7.6
04;2021-04-14;990;498;35269;13077;21.3;7.9
04;2021-04-15;921;665;36190;13742;21.9;8.3
04;2021-04-16;817;455;37007;14197;22.4;8.6
04;2021-04-17;211;69;37218;14266;22.5;8.6
04;2021-04-18;0;13;37218;14279;22.5;8.6
04;2021-04-19;338;290;37556;14569;22.7;8.8
04;2021-04-20;1003;443;38559;15012;23.3;9.1
04;2021-04-21;654;745;39213;15757;23.7;9.5
04;2021-04-22;760;855;39973;16612;24.2;10.1
04;2021-04-23;693;532;40666;17144;24.6;10.4
04;2021-04-24;161;65;40827;17209;24.7;10.4
04;2021-04-25;0;0;40827;17209;24.7;10.4
04;2021-04-26;171;612;40998;17821;24.8;10.8
04;2021-04-27;393;965;41391;18786;25.1;11.4
04;2021-04-28;431;1087;41822;19873;25.3;12.0
04;2021-04-29;686;1126;42508;20999;25.7;12.7
04;2021-04-30;434;849;42942;21848;26.0;13.2
04;2021-05-01;104;22;43046;21870;26.1;13.2
04;2021-05-02;8;132;43054;22002;26.1;13.3
04;2021-05-03;151;552;43205;22554;26.2;13.7
04;2021-05-04;564;839;43769;23393;26.5;14.2
04;2021-05-05;513;928;44282;24321;26.8;14.7
04;2021-05-06;1159;589;45441;24910;27.5;15.1
04;2021-05-07;657;760;46098;25670;27.9;15.5
04;2021-05-08;48;98;46146;25768;27.9;15.6
04;2021-05-09;0;0;46146;25768;27.9;15.6
04;2021-05-10;466;296;46612;26064;28.2;15.8
04;2021-05-11;1202;907;47814;26971;28.9;16.3
04;2021-05-12;1390;737;49204;27708;29.8;16.8
04;2021-05-13;378;130;49582;27838;30.0;16.9
04;2021-05-14;441;294;50023;28132;30.3;17.0
04;2021-05-15;98;163;50121;28295;30.3;17.1
04;2021-05-16;1;6;50122;28301;30.3;17.1
04;2021-05-17;154;297;50276;28598;30.4;17.3
04;2021-05-18;391;975;50667;29573;30.7;17.9
04;2021-05-19;770;688;51437;30261;31.1;18.3
04;2021-05-20;1258;553;52695;30814;31.9;18.7
04;2021-05-21;848;786;53543;31600;32.4;19.1
04;2021-05-22;105;146;53648;31746;32.5;19.2
04;2021-05-23;1;1;53649;31747;32.5;19.2
04;2021-05-24;0;36;53649;31783;32.5;19.2
04;2021-05-25;867;595;54516;32378;33.0;19.6
04;2021-05-26;1047;786;55563;33164;33.6;20.1
04;2021-05-27;1357;631;56920;33795;34.5;20.5
04;2021-05-28;1120;659;58040;34454;35.1;20.9
04;2021-05-29;87;397;58127;34851;35.2;21.1
04;2021-05-30;3;1;58130;34852;35.2;21.1
04;2021-05-31;421;418;58551;35270;35.4;21.4
04;2021-06-01;641;636;59192;35906;35.8;21.7
04;2021-06-02;867;1062;60059;36968;36.4;22.4
04;2021-06-03;1195;853;61254;37821;37.1;22.9
04;2021-06-04;977;777;62231;38598;37.7;23.4
04;2021-06-05;141;201;62372;38799;37.8;23.5
04;2021-06-06;6;12;62378;38811;37.8;23.5
04;2021-06-07;564;317;62942;39128;38.1;23.7
04;2021-06-08;843;595;63785;39723;38.6;24.0
04;2021-06-09;1149;687;64934;40410;39.3;24.5
04;2021-06-10;1146;583;66080;40993;40.0;24.8
04;2021-06-11;945;611;67025;41604;40.6;25.2
04;2021-06-12;210;148;67235;41752;40.7;25.3
04;2021-06-13;1;1;67236;41753;40.7;25.3
04;2021-06-14;476;303;67712;42056;41.0;25.5
04;2021-06-15;642;999;68354;43055;41.4;26.1
04;2021-06-16;1016;784;69370;43839;42.0;26.5
04;2021-06-17;994;959;70364;44798;42.6;27.1
04;2021-06-18;760;886;71124;45684;43.1;27.7
04;2021-06-19;39;85;71163;45769;43.1;27.7
04;2021-06-20;7;9;71170;45778;43.1;27.7
04;2021-06-21;306;614;71476;46392;43.3;28.1
04;2021-06-22;359;1305;71835;47697;43.5;28.9
04;2021-06-23;470;1311;72305;49008;43.8;29.7
04;2021-06-24;848;816;73153;49824;44.3;30.2
04;2021-06-25;460;636;73613;50460;44.6;30.5
04;2021-06-26;56;130;73669;50590;44.6;30.6
04;2021-06-27;4;4;73673;50594;44.6;30.6
04;2021-06-28;160;342;73833;50936;44.7;30.8
04;2021-06-29;367;831;74200;51767;44.9;31.3
04;2021-06-30;537;1121;74737;52888;45.2;32.0
04;2021-07-01;573;1212;75310;54100;45.6;32.7
04;2021-07-02;555;1085;75865;55185;45.9;33.4
04;2021-07-03;65;162;75930;55347;46.0;33.5
04;2021-07-04;6;6;75936;55353;46.0;33.5
04;2021-07-05;106;295;76042;55648;46.0;33.7
04;2021-07-06;498;1381;76540;57029;46.3;34.5
04;2021-07-07;485;1344;77025;58373;46.6;35.3
04;2021-07-08;712;1345;77737;59718;47.1;36.1
04;2021-07-09;579;1062;78316;60780;47.4;36.8
04;2021-07-10;91;175;78407;60955;47.5;36.9
04;2021-07-11;0;21;78407;60976;47.5;36.9
04;2021-07-12;125;654;78532;61630;47.5;37.3
04;2021-07-13;869;1538;79401;63168;48.1;38.2
04;2021-07-14;24;43;79425;63211;48.1;38.3
04;2021-07-15;1211;1729;80636;64940;48.8;39.3
04;2021-07-16;1076;1108;81712;66048;49.5;40.0
04;2021-07-17;442;231;82154;66279;49.7;40.1
04;2021-07-18;112;18;82266;66297;49.8;40.1
04;2021-07-19;482;651;82748;66948;50.1;40.5
04;2021-07-20;1299;1453;84047;68401;50.9;41.4
04;2021-07-21;1119;1163;85166;69564;51.6;42.1
04;2021-07-22;1492;1354;86658;70918;52.5;42.9
04;2021-07-23;1150;1137;87808;72055;53.2;43.6
04;2021-07-24;676;207;88484;72262;53.6;43.7
04;2021-07-25;42;20;88526;72282;53.6;43.8
05;2020-12-27;0;0;0;0;0.0;0.0
05;2020-12-28;1;0;1;0;0.0;0.0
05;2020-12-29;1;0;2;0;0.0;0.0
05;2020-12-30;0;0;2;0;0.0;0.0
05;2020-12-31;0;0;2;0;0.0;0.0
05;2021-01-01;1;0;3;0;0.0;0.0
05;2021-01-02;2;0;5;0;0.0;0.0
05;2021-01-03;1;0;6;0;0.0;0.0
05;2021-01-04;2;0;8;0;0.0;0.0
05;2021-01-05;0;0;8;0;0.0;0.0
05;2021-01-06;21;0;29;0;0.0;0.0
05;2021-01-07;128;0;157;0;0.1;0.0
05;2021-01-08;146;0;303;0;0.2;0.0
05;2021-01-09;11;0;314;0;0.2;0.0
05;2021-01-10;0;0;314;0;0.2;0.0
05;2021-01-11;43;0;357;0;0.3;0.0
05;2021-01-12;105;0;462;0;0.3;0.0
05;2021-01-13;140;0;602;0;0.4;0.0
05;2021-01-14;166;0;768;0;0.5;0.0
05;2021-01-15;128;1;896;1;0.6;0.0
05;2021-01-16;13;0;909;1;0.6;0.0
05;2021-01-17;0;0;909;1;0.6;0.0
05;2021-01-18;224;1;1133;2;0.8;0.0
05;2021-01-19;226;0;1359;2;1.0;0.0
05;2021-01-20;212;0;1571;2;1.1;0.0
05;2021-01-21;255;0;1826;2;1.3;0.0
05;2021-01-22;194;1;2020;3;1.4;0.0
05;2021-01-23;112;0;2132;3;1.5;0.0
05;2021-01-24;0;0;2132;3;1.5;0.0
05;2021-01-25;315;0;2447;3;1.7;0.0
05;2021-01-26;486;1;2933;4;2.1;0.0
05;2021-01-27;389;4;3322;8;2.3;0.0
05;2021-01-28;362;55;3684;63;2.6;0.0
05;2021-01-29;363;112;4047;175;2.9;0.1
05;2021-01-30;97;8;4144;183;2.9;0.1
05;2021-01-31;3;0;4147;183;2.9;0.1
05;2021-02-01;175;21;4322;204;3.0;0.1
05;2021-02-02;186;122;4508;326;3.2;0.2
05;2021-02-03;206;65;4714;391;3.3;0.3
05;2021-02-04;197;129;4911;520;3.5;0.4
05;2021-02-05;183;111;5094;631;3.6;0.4
05;2021-02-06;73;23;5167;654;3.6;0.5
05;2021-02-07;0;5;5167;659;3.6;0.5
05;2021-02-08;84;125;5251;784;3.7;0.6
05;2021-02-09;97;118;5348;902;3.8;0.6
05;2021-02-10;81;178;5429;1080;3.8;0.8
05;2021-02-11;87;138;5516;1218;3.9;0.9
05;2021-02-12;84;149;5600;1367;4.0;1.0
05;2021-02-13;75;32;5675;1399;4.0;1.0
05;2021-02-14;0;0;5675;1399;4.0;1.0
05;2021-02-15;97;191;5772;1590;4.1;1.1
05;2021-02-16;110;286;5882;1876;4.1;1.3
05;2021-02-17;136;233;6018;2109;4.2;1.5
05;2021-02-18;154;299;6172;2408;4.4;1.7
05;2021-02-19;158;322;6330;2730;4.5;1.9
05;2021-02-20;31;87;6361;2817;4.5;2.0
05;2021-02-21;0;0;6361;2817;4.5;2.0
05;2021-02-22;70;245;6431;3062;4.5;2.2
05;2021-02-23;18;239;6449;3301;4.5;2.3
05;2021-02-24;21;196;6470;3497;4.6;2.5
05;2021-02-25;56;177;6526;3674;4.6;2.6
05;2021-02-26;145;213;6671;3887;4.7;2.7
05;2021-02-27;65;171;6736;4058;4.8;2.9
05;2021-02-28;10;0;6746;4058;4.8;2.9
05;2021-03-01;90;170;6836;4228;4.8;3.0
05;2021-03-02;92;198;6928;4426;4.9;3.1
05;2021-03-03;111;225;7039;4651;5.0;3.3
05;2021-03-04;241;165;7280;4816;5.1;3.4
05;2021-03-05;577;189;7857;5005;5.5;3.5
05;2021-03-06;668;59;8525;5064;6.0;3.6
05;2021-03-07;515;16;9040;5080;6.4;3.6
05;2021-03-08;556;133;9596;5213;6.8;3.7
05;2021-03-09;517;158;10113;5371;7.1;3.8
05;2021-03-10;497;141;10610;5512;7.5;3.9
05;2021-03-11;372;133;10982;5645;7.7;4.0
05;2021-03-12;435;86;11417;5731;8.1;4.0
05;2021-03-13;792;83;12209;5814;8.6;4.1
05;2021-03-14;668;7;12877;5821;9.1;4.1
05;2021-03-15;353;125;13230;5946;9.3;4.2
05;2021-03-16;148;138;13378;6084;9.4;4.3
05;2021-03-17;261;120;13639;6204;9.6;4.4
05;2021-03-18;364;34;14003;6238;9.9;4.4
05;2021-03-19;449;59;14452;6297;10.2;4.4
05;2021-03-20;167;32;14619;6329;10.3;4.5
05;2021-03-21;0;0;14619;6329;10.3;4.5
05;2021-03-22;715;28;15334;6357;10.8;4.5
05;2021-03-23;804;9;16138;6366;11.4;4.5
05;2021-03-24;786;73;16924;6439;11.9;4.5
05;2021-03-25;899;51;17823;6490;12.6;4.6
05;2021-03-26;1021;42;18844;6532;13.3;4.6
05;2021-03-27;466;34;19310;6566;13.6;4.6
05;2021-03-28;10;0;19320;6566;13.6;4.6
05;2021-03-29;903;62;20223;6628;14.3;4.7
05;2021-03-30;1142;66;21365;6694;15.1;4.7
05;2021-03-31;823;249;22188;6943;15.7;4.9
05;2021-04-01;897;238;23085;7181;16.3;5.1
05;2021-04-02;665;375;23750;7556;16.8;5.3
05;2021-04-03;550;180;24300;7736;17.1;5.5
05;2021-04-04;350;62;24650;7798;17.4;5.5
05;2021-04-05;156;11;24806;7809;17.5;5.5
05;2021-04-06;646;265;25452;8074;18.0;5.7
05;2021-04-07;772;324;26224;8398;18.5;5.9
05;2021-04-08;733;332;26957;8730;19.0;6.2
05;2021-04-09;882;395;27839;9125;19.6;6.4
05;2021-04-10;713;385;28552;9510;20.1;6.7
05;2021-04-11;190;174;28742;9684;20.3;6.8
05;2021-04-12;732;259;29474;9943;20.8;7.0
05;2021-04-13;916;222;30390;10165;21.4;7.2
05;2021-04-14;665;325;31055;10490;21.9;7.4
05;2021-04-15;764;397;31819;10887;22.4;7.7
05;2021-04-16;732;409;32551;11296;23.0;8.0
05;2021-04-17;670;236;33221;11532;23.4;8.1
05;2021-04-18;305;23;33526;11555;23.7;8.2
05;2021-04-19;363;537;33889;12092;23.9;8.5
05;2021-04-20;479;625;34368;12717;24.2;9.0
05;2021-04-21;494;629;34862;13346;24.6;9.4
05;2021-04-22;385;546;35247;13892;24.9;9.8
05;2021-04-23;522;649;35769;14541;25.2;10.3
05;2021-04-24;346;383;36115;14924;25.5;10.5
05;2021-04-25;288;22;36403;14946;25.7;10.5
05;2021-04-26;365;706;36768;15652;25.9;11.0
05;2021-04-27;657;748;37425;16400;26.4;11.6
05;2021-04-28;466;719;37891;17119;26.7;12.1
05;2021-04-29;701;748;38592;17867;27.2;12.6
05;2021-04-30;508;751;39100;18618;27.6;13.1
05;2021-05-01;137;110;39237;18728;27.7;13.2
05;2021-05-02;266;110;39503;18838;27.9;13.3
05;2021-05-03;457;495;39960;19333;28.2;13.6
05;2021-05-04;384;502;40344;19835;28.5;14.0
05;2021-05-05;463;670;40807;20505;28.8;14.5
05;2021-05-06;646;717;41453;21222;29.2;15.0
05;2021-05-07;595;800;42048;22022;29.7;15.5
05;2021-05-08;481;174;42529;22196;30.0;15.7
05;2021-05-09;208;57;42737;22253;30.1;15.7
05;2021-05-10;498;692;43235;22945;30.5;16.2
05;2021-05-11;668;912;43903;23857;31.0;16.8
05;2021-05-12;646;732;44549;24589;31.4;17.3
05;2021-05-13;959;114;45508;24703;32.1;17.4
05;2021-05-14;826;492;46334;25195;32.7;17.8
05;2021-05-15;1042;353;47376;25548;33.4;18.0
05;2021-05-16;235;52;47611;25600;33.6;18.1
05;2021-05-17;484;431;48095;26031;33.9;18.4
05;2021-05-18;516;419;48611;26450;34.3;18.7
05;2021-05-19;724;457;49335;26907;34.8;19.0
05;2021-05-20;745;433;50080;27340;35.3;19.3
05;2021-05-21;705;511;50785;27851;35.8;19.6
05;2021-05-22;606;238;51391;28089;36.3;19.8
05;2021-05-23;277;59;51668;28148;36.4;19.9
05;2021-05-24;508;156;52176;28304;36.8;20.0
05;2021-05-25;514;482;52690;28786;37.2;20.3
05;2021-05-26;694;359;53384;29145;37.7;20.6
05;2021-05-27;799;571;54183;29716;38.2;21.0
05;2021-05-28;664;646;54847;30362;38.7;21.4
05;2021-05-29;567;546;55414;30908;39.1;21.8
05;2021-05-30;212;82;55626;30990;39.2;21.9
05;2021-05-31;575;496;56201;31486;39.6;22.2
05;2021-06-01;588;583;56789;32069;40.1;22.6
05;2021-06-02;683;702;57472;32771;40.5;23.1
05;2021-06-03;714;651;58186;33422;41.0;23.6
05;2021-06-04;1017;816;59203;34238;41.8;24.2
05;2021-06-05;807;505;60010;34743;42.3;24.5
05;2021-06-06;199;88;60209;34831;42.5;24.6
05;2021-06-07;605;835;60814;35666;42.9;25.2
05;2021-06-08;697;655;61511;36321;43.4;25.6
05;2021-06-09;648;781;62159;37102;43.8;26.2
05;2021-06-10;542;716;62701;37818;44.2;26.7
05;2021-06-11;763;721;63464;38539;44.8;27.2
05;2021-06-12;588;484;64052;39023;45.2;27.5
05;2021-06-13;112;91;64164;39114;45.3;27.6
05;2021-06-14;400;670;64564;39784;45.5;28.1
05;2021-06-15;543;913;65107;40697;45.9;28.7
05;2021-06-16;433;672;65540;41369;46.2;29.2
05;2021-06-17;359;802;65899;42171;46.5;29.7
05;2021-06-18;396;724;66295;42895;46.8;30.3
05;2021-06-19;421;571;66716;43466;47.1;30.7
05;2021-06-20;62;77;66778;43543;47.1;30.7
05;2021-06-21;318;643;67096;44186;47.3;31.2
05;2021-06-22;353;830;67449;45016;47.6;31.8
05;2021-06-23;352;761;67801;45777;47.8;32.3
05;2021-06-24;383;1020;68184;46797;48.1;33.0
05;2021-06-25;226;894;68410;47691;48.3;33.6
05;2021-06-26;291;1074;68701;48765;48.5;34.4
05;2021-06-27;128;169;68829;48934;48.6;34.5
05;2021-06-28;251;794;69080;49728;48.7;35.1
05;2021-06-29;248;784;69328;50512;48.9;35.6
05;2021-06-30;323;790;69651;51302;49.1;36.2
05;2021-07-01;379;791;70030;52093;49.4;36.7
05;2021-07-02;367;869;70397;52962;49.7;37.4
05;2021-07-03;302;738;70699;53700;49.9;37.9
05;2021-07-04;178;176;70877;53876;50.0;38.0
05;2021-07-05;262;783;71139;54659;50.2;38.6
05;2021-07-06;330;860;71469;55519;50.4;39.2
05;2021-07-07;390;783;71859;56302;50.7;39.7
05;2021-07-08;423;853;72282;57155;51.0;40.3
05;2021-07-09;417;998;72699;58153;51.3;41.0
05;2021-07-10;311;727;73010;58880;51.5;41.5
05;2021-07-11;174;117;73184;58997;51.6;41.6
05;2021-07-12;413;1013;73597;60010;51.9;42.3
05;2021-07-13;478;871;74075;60881;52.3;42.9
05;2021-07-14;835;300;74910;61181;52.8;43.2
05;2021-07-15;704;992;75614;62173;53.3;43.9
05;2021-07-16;1020;1447;76634;63620;54.1;44.9
05;2021-07-17;667;1295;77301;64915;54.5;45.8
05;2021-07-18;284;126;77585;65041;54.7;45.9
05;2021-07-19;566;794;78151;65835;55.1;46.4
05;2021-07-20;753;800;78904;66635;55.7;47.0
05;2021-07-21;877;841;79781;67476;56.3;47.6
05;2021-07-22;805;863;80586;68339;56.8;48.2
05;2021-07-23;1439;1218;82025;69557;57.9;49.1
05;2021-07-24;854;818;82879;70375;58.5;49.6
05;2021-07-25;298;154;83177;70529;58.7;49.8
06;2020-12-27;1;0;1;0;0.0;0.0
06;2020-12-28;1;0;2;0;0.0;0.0
06;2020-12-29;0;0;2;0;0.0;0.0
06;2020-12-30;3;0;5;0;0.0;0.0
06;2020-12-31;19;0;24;0;0.0;0.0
06;2021-01-01;8;0;32;0;0.0;0.0
06;2021-01-02;4;0;36;0;0.0;0.0
06;2021-01-03;2;0;38;0;0.0;0.0
06;2021-01-04;137;1;175;1;0.0;0.0
06;2021-01-05;173;1;348;2;0.0;0.0
06;2021-01-06;210;0;558;2;0.1;0.0
06;2021-01-07;499;0;1057;2;0.1;0.0
06;2021-01-08;664;2;1721;4;0.2;0.0
06;2021-01-09;391;2;2112;6;0.2;0.0
06;2021-01-10;71;0;2183;6;0.2;0.0
06;2021-01-11;1128;0;3311;6;0.3;0.0
06;2021-01-12;2203;4;5514;10;0.5;0.0
06;2021-01-13;1724;6;7238;16;0.7;0.0
06;2021-01-14;2059;16;9297;32;0.9;0.0
06;2021-01-15;1835;4;11132;36;1.0;0.0
06;2021-01-16;967;3;12099;39;1.1;0.0
06;2021-01-17;230;0;12329;39;1.1;0.0
06;2021-01-18;2447;7;14776;46;1.4;0.0
06;2021-01-19;2728;5;17504;51;1.6;0.0
06;2021-01-20;3320;6;20824;57;1.9;0.0
06;2021-01-21;2999;24;23823;81;2.2;0.0
06;2021-01-22;2786;12;26609;93;2.5;0.0
06;2021-01-23;1292;3;27901;96;2.6;0.0
06;2021-01-24;28;0;27929;96;2.6;0.0
06;2021-01-25;2047;15;29976;111;2.8;0.0
06;2021-01-26;3357;37;33333;148;3.1;0.0
06;2021-01-27;2529;97;35862;245;3.3;0.0
06;2021-01-28;2784;205;38646;450;3.6;0.0
06;2021-01-29;2484;311;41130;761;3.8;0.1
06;2021-01-30;664;43;41794;804;3.9;0.1
06;2021-01-31;2;0;41796;804;3.9;0.1
06;2021-02-01;1021;478;42817;1282;4.0;0.1
06;2021-02-02;1481;430;44298;1712;4.1;0.2
06;2021-02-03;330;137;44628;1849;4.1;0.2
06;2021-02-04;707;898;45335;2747;4.2;0.3
06;2021-02-05;1005;1118;46340;3865;4.3;0.4
06;2021-02-06;147;462;46487;4327;4.3;0.4
06;2021-02-07;6;49;46493;4376;4.3;0.4
06;2021-02-08;523;1089;47016;5465;4.4;0.5
06;2021-02-09;307;740;47323;6205;4.4;0.6
06;2021-02-10;365;672;47688;6877;4.4;0.6
06;2021-02-11;462;1075;48150;7952;4.5;0.7
06;2021-02-12;648;1312;48798;9264;4.5;0.9
06;2021-02-13;203;525;49001;9789;4.5;0.9
06;2021-02-14;2;2;49003;9791;4.5;0.9
06;2021-02-15;456;1283;49459;11074;4.6;1.0
06;2021-02-16;859;2034;50318;13108;4.7;1.2
06;2021-02-17;819;2158;51137;15266;4.7;1.4
06;2021-02-18;1785;2709;52922;17975;4.9;1.7
06;2021-02-19;1748;2153;54670;20128;5.1;1.9
06;2021-02-20;275;532;54945;20660;5.1;1.9
06;2021-02-21;20;55;54965;20715;5.1;1.9
06;2021-02-22;1068;1628;56033;22343;5.2;2.1
06;2021-02-23;1736;1560;57769;23903;5.4;2.2
06;2021-02-24;2094;1300;59863;25203;5.5;2.3
06;2021-02-25;3822;1716;63685;26919;5.9;2.5
06;2021-02-26;3373;1600;67058;28519;6.2;2.6
06;2021-02-27;1410;326;68468;28845;6.3;2.7
06;2021-02-28;81;23;68549;28868;6.4;2.7
06;2021-03-01;2388;814;70937;29682;6.6;2.7
06;2021-03-02;2432;985;73369;30667;6.8;2.8
06;2021-03-03;2817;560;76186;31227;7.1;2.9
06;2021-03-04;4577;604;80763;31831;7.5;2.9
06;2021-03-05;3877;1008;84640;32839;7.8;3.0
06;2021-03-06;11818;312;96458;33151;8.9;3.1
06;2021-03-07;10126;260;106584;33411;9.9;3.1
06;2021-03-08;4110;1183;110694;34594;10.3;3.2
06;2021-03-09;4938;912;115632;35506;10.7;3.3
06;2021-03-10;4649;819;120281;36325;11.1;3.4
06;2021-03-11;6687;858;126968;37183;11.8;3.4
06;2021-03-12;6827;979;133795;38162;12.4;3.5
06;2021-03-13;11149;296;144944;38458;13.4;3.6
06;2021-03-14;488;48;145432;38506;13.5;3.6
06;2021-03-15;4802;748;150234;39254;13.9;3.6
06;2021-03-16;3709;1032;153943;40286;14.3;3.7
06;2021-03-17;6090;1862;160033;42148;14.8;3.9
06;2021-03-18;5086;1805;165119;43953;15.3;4.1
06;2021-03-19;6773;1983;171892;45936;15.9;4.3
06;2021-03-20;2352;555;174244;46491;16.1;4.3
06;2021-03-21;399;24;174643;46515;16.2;4.3
06;2021-03-22;3936;683;178579;47198;16.5;4.4
06;2021-03-23;5948;1191;184527;48389;17.1;4.5
06;2021-03-24;4188;3322;188715;51711;17.5;4.8
06;2021-03-25;5818;3219;194533;54930;18.0;5.1
06;2021-03-26;6325;1980;200858;56910;18.6;5.3
06;2021-03-27;2020;364;202878;57274;18.8;5.3
06;2021-03-28;202;2;203080;57276;18.8;5.3
06;2021-03-29;3179;2083;206259;59359;19.1;5.5
06;2021-03-30;5160;2524;211419;61883;19.6;5.7
06;2021-03-31;7978;1611;219397;63494;20.3;5.9
06;2021-04-01;7599;2426;226996;65920;21.0;6.1
06;2021-04-02;7185;2669;234181;68589;21.7;6.4
06;2021-04-03;2701;1354;236882;69943;21.9;6.5
06;2021-04-04;295;547;237177;70490;22.0;6.5
06;2021-04-05;1385;690;238562;71180;22.1;6.6
06;2021-04-06;6589;3288;245151;74468;22.7;6.9
06;2021-04-07;6188;3860;251339;78328;23.3;7.3
06;2021-04-08;5702;5621;257041;83949;23.8;7.8
06;2021-04-09;9279;5781;266320;89730;24.7;8.3
06;2021-04-10;2382;2783;268702;92513;24.9;8.6
06;2021-04-11;175;56;268877;92569;24.9;8.6
06;2021-04-12;4353;3511;273230;96080;25.3;8.9
06;2021-04-13;6245;5076;279475;101156;25.9;9.4
06;2021-04-14;5418;4462;284893;105618;26.4;9.8
06;2021-04-15;5516;4357;290409;109975;26.9;10.2
06;2021-04-16;7026;5144;297435;115119;27.6;10.7
06;2021-04-17;2761;3078;300196;118197;27.8;11.0
06;2021-04-18;254;222;300450;118419;27.8;11.0
06;2021-04-19;5441;4028;305891;122447;28.3;11.3
06;2021-04-20;5597;4827;311488;127274;28.9;11.8
06;2021-04-21;8242;4125;319730;131399;29.6;12.2
06;2021-04-22;8499;4135;328229;135534;30.4;12.6
06;2021-04-23;8646;4116;336875;139650;31.2;12.9
06;2021-04-24;2318;1474;339193;141124;31.4;13.1
06;2021-04-25;116;28;339309;141152;31.4;13.1
06;2021-04-26;4115;2283;343424;143435;31.8;13.3
06;2021-04-27;4553;3980;347977;147415;32.2;13.7
06;2021-04-28;4114;4536;352091;151951;32.6;14.1
06;2021-04-29;6026;5407;358117;157358;33.2;14.6
06;2021-04-30;6703;5128;364820;162486;33.8;15.1
06;2021-05-01;4106;784;368926;163270;34.2;15.1
06;2021-05-02;483;156;369409;163426;34.2;15.1
06;2021-05-03;6841;3486;376250;166912;34.9;15.5
06;2021-05-04;5697;5325;381947;172237;35.4;16.0
06;2021-05-05;4498;3859;386445;176096;35.8;16.3
06;2021-05-06;5170;4696;391615;180792;36.3;16.7
06;2021-05-07;5607;5635;397222;186427;36.8;17.3
06;2021-05-08;4812;1279;402034;187706;37.2;17.4
06;2021-05-09;184;307;402218;188013;37.3;17.4
06;2021-05-10;4775;5020;406993;193033;37.7;17.9
06;2021-05-11;4888;5523;411881;198556;38.2;18.4
06;2021-05-12;9002;4778;420883;203334;39.0;18.8
06;2021-05-13;9132;2028;430015;205362;39.8;19.0
06;2021-05-14;10751;3270;440766;208632;40.8;19.3
06;2021-05-15;9145;2153;449911;210785;41.7;19.5
06;2021-05-16;1490;283;451401;211068;41.8;19.6
06;2021-05-17;7451;3718;458852;214786;42.5;19.9
06;2021-05-18;9624;3133;468476;217919;43.4;20.2
06;2021-05-19;7601;2881;476077;220800;44.1;20.5
06;2021-05-20;7698;3606;483775;224406;44.8;20.8
06;2021-05-21;8716;3864;492491;228270;45.6;21.1
06;2021-05-22;3011;1320;495502;229590;45.9;21.3
06;2021-05-23;125;628;495627;230218;45.9;21.3
06;2021-05-24;3157;988;498784;231206;46.2;21.4
06;2021-05-25;4750;4933;503534;236139;46.6;21.9
06;2021-05-26;5585;6563;509119;242702;47.2;22.5
06;2021-05-27;5501;6240;514620;248942;47.7;23.1
06;2021-05-28;4891;7235;519511;256177;48.1;23.7
06;2021-05-29;1622;2933;521133;259110;48.3;24.0
06;2021-05-30;256;1124;521389;260234;48.3;24.1
06;2021-05-31;4371;5077;525760;265311;48.7;24.6
06;2021-06-01;5606;7359;531366;272670;49.2;25.3
06;2021-06-02;3219;8512;534585;281182;49.5;26.0
06;2021-06-03;4401;8285;538986;289467;49.9;26.8
06;2021-06-04;5409;7708;544395;297175;50.4;27.5
06;2021-06-05;2411;3337;546806;300512;50.7;27.8
06;2021-06-06;174;235;546980;300747;50.7;27.9
06;2021-06-07;4099;5573;551079;306320;51.1;28.4
06;2021-06-08;4404;5155;555483;311475;51.5;28.9
06;2021-06-09;4021;7327;559504;318802;51.8;29.5
06;2021-06-10;4595;6822;564099;325624;52.3;30.2
06;2021-06-11;3775;8337;567874;333961;52.6;30.9
06;2021-06-12;1718;3738;569592;337699;52.8;31.3
06;2021-06-13;141;436;569733;338135;52.8;31.3
06;2021-06-14;2604;8578;572337;346713;53.0;32.1
06;2021-06-15;3117;9457;575454;356170;53.3;33.0
06;2021-06-16;3387;6977;578841;363147;53.6;33.6
06;2021-06-17;3497;7135;582338;370282;54.0;34.3
06;2021-06-18;2467;5914;584805;376196;54.2;34.9
06;2021-06-19;1208;1653;586013;377849;54.3;35.0
06;2021-06-20;203;345;586216;378194;54.3;35.0
06;2021-06-21;1535;6276;587751;384470;54.5;35.6
06;2021-06-22;2175;7353;589926;391823;54.7;36.3
06;2021-06-23;1940;6533;591866;398356;54.8;36.9
06;2021-06-24;3286;8929;595152;407285;55.1;37.7
06;2021-06-25;2167;9588;597319;416873;55.3;38.6
06;2021-06-26;860;2279;598179;419152;55.4;38.8
06;2021-06-27;371;1184;598550;420336;55.5;38.9
06;2021-06-28;2376;8113;600926;428449;55.7;39.7
06;2021-06-29;2252;7693;603178;436142;55.9;40.4
06;2021-06-30;1293;7683;604471;443825;56.0;41.1
06;2021-07-01;2943;7436;607414;451261;56.3;41.8
06;2021-07-02;3688;8137;611102;459398;56.6;42.6
06;2021-07-03;1168;4307;612270;463705;56.7;43.0
06;2021-07-04;295;298;612565;464003;56.8;43.0
06;2021-07-05;3348;5080;615913;469083;57.1;43.5
06;2021-07-06;1865;5818;617778;474901;57.2;44.0
06;2021-07-07;3183;5922;620961;480823;57.5;44.5
06;2021-07-08;3295;6265;624256;487088;57.8;45.1
06;2021-07-09;3668;6186;627924;493274;58.2;45.7
06;2021-07-10;1638;2320;629562;495594;58.3;45.9
06;2021-07-11;313;320;629875;495914;58.4;45.9
06;2021-07-12;3653;7082;633528;502996;58.7;46.6
06;2021-07-13;5524;8914;639052;511910;59.2;47.4
06;2021-07-14;940;418;639992;512328;59.3;47.5
06;2021-07-15;6122;7926;646114;520254;59.9;48.2
06;2021-07-16;7157;8911;653271;529165;60.5;49.0
06;2021-07-17;2839;5387;656110;534552;60.8;49.5
06;2021-07-18;1043;5324;657153;539876;60.9;50.0
06;2021-07-19;5561;7949;662714;547825;61.4;50.8
06;2021-07-20;7040;10137;669754;557962;62.0;51.7
06;2021-07-21;7510;8591;677264;566553;62.7;52.5
06;2021-07-22;8990;7657;686254;574210;63.6;53.2
06;2021-07-23;7894;6685;694148;580895;64.3;53.8
06;2021-07-24;3117;3159;697265;584054;64.6;54.1
06;2021-07-25;944;449;698209;584503;64.7;54.2
07;2020-12-27;0;0;0;0;0.0;0.0
07;2020-12-28;0;0;0;0;0.0;0.0
07;2020-12-29;0;0;0;0;0.0;0.0
07;2020-12-30;0;0;0;0;0.0;0.0
07;2020-12-31;0;0;0;0;0.0;0.0
07;2021-01-01;7;0;7;0;0.0;0.0
07;2021-01-02;0;0;7;0;0.0;0.0
07;2021-01-03;0;0;7;0;0.0;0.0
07;2021-01-04;0;0;7;0;0.0;0.0
07;2021-01-05;0;0;7;0;0.0;0.0
07;2021-01-06;31;0;38;0;0.0;0.0
07;2021-01-07;129;1;167;1;0.1;0.0
07;2021-01-08;45;1;212;2;0.1;0.0
07;2021-01-09;17;0;229;2;0.1;0.0
07;2021-01-10;0;0;229;2;0.1;0.0
07;2021-01-11;157;1;386;3;0.1;0.0
07;2021-01-12;308;0;694;3;0.2;0.0
07;2021-01-13;304;1;998;4;0.3;0.0
07;2021-01-14;478;0;1476;4;0.5;0.0
07;2021-01-15;187;0;1663;4;0.5;0.0
07;2021-01-16;17;0;1680;4;0.5;0.0
07;2021-01-17;2;0;1682;4;0.5;0.0
07;2021-01-18;363;1;2045;5;0.6;0.0
07;2021-01-19;829;1;2874;6;0.9;0.0
07;2021-01-20;596;1;3470;7;1.1;0.0
07;2021-01-21;451;1;3921;8;1.2;0.0
07;2021-01-22;291;0;4212;8;1.3;0.0
07;2021-01-23;107;0;4319;8;1.3;0.0
07;2021-01-24;0;0;4319;8;1.3;0.0
07;2021-01-25;164;0;4483;8;1.4;0.0
07;2021-01-26;489;1;4972;9;1.5;0.0
07;2021-01-27;552;7;5524;16;1.7;0.0
07;2021-01-28;1201;99;6725;115;2.1;0.0
07;2021-01-29;704;17;7429;132;2.3;0.0
07;2021-01-30;213;4;7642;136;2.3;0.0
07;2021-01-31;7;0;7649;136;2.3;0.0
07;2021-02-01;267;32;7916;168;2.4;0.1
07;2021-02-02;645;241;8561;409;2.6;0.1
07;2021-02-03;1044;222;9605;631;2.9;0.2
07;2021-02-04;719;258;10324;889;3.2;0.3
07;2021-02-05;482;254;10806;1143;3.3;0.3
07;2021-02-06;96;2;10902;1145;3.3;0.4
07;2021-02-07;12;1;10914;1146;3.3;0.4
07;2021-02-08;239;179;11153;1325;3.4;0.4
07;2021-02-09;485;326;11638;1651;3.6;0.5
07;2021-02-10;537;397;12175;2048;3.7;0.6
07;2021-02-11;399;285;12574;2333;3.8;0.7
07;2021-02-12;266;160;12840;2493;3.9;0.8
07;2021-02-13;68;20;12908;2513;3.9;0.8
07;2021-02-14;0;0;12908;2513;3.9;0.8
07;2021-02-15;270;131;13178;2644;4.0;0.8
07;2021-02-16;345;365;13523;3009;4.1;0.9
07;2021-02-17;466;334;13989;3343;4.3;1.0
07;2021-02-18;561;766;14550;4109;4.5;1.3
07;2021-02-19;455;504;15005;4613;4.6;1.4
07;2021-02-20;107;68;15112;4681;4.6;1.4
07;2021-02-21;15;0;15127;4681;4.6;1.4
07;2021-02-22;423;217;15550;4898;4.8;1.5
07;2021-02-23;644;616;16194;5514;5.0;1.7
07;2021-02-24;927;701;17121;6215;5.2;1.9
07;2021-02-25;710;532;17831;6747;5.5;2.1
07;2021-02-26;841;292;18672;7039;5.7;2.2
07;2021-02-27;190;142;18862;7181;5.8;2.2
07;2021-02-28;1;0;18863;7181;5.8;2.2
07;2021-03-01;432;215;19295;7396;5.9;2.3
07;2021-03-02;654;564;19949;7960;6.1;2.4
07;2021-03-03;689;534;20638;8494;6.3;2.6
07;2021-03-04;1097;356;21735;8850;6.6;2.7
07;2021-03-05;1081;365;22816;9215;7.0;2.8
07;2021-03-06;1123;90;23939;9305;7.3;2.8
07;2021-03-07;717;18;24656;9323;7.5;2.9
07;2021-03-08;349;314;25005;9637;7.6;2.9
07;2021-03-09;1087;428;26092;10065;8.0;3.1
07;2021-03-10;857;510;26949;10575;8.2;3.2
07;2021-03-11;1368;454;28317;11029;8.7;3.4
07;2021-03-12;1613;555;29930;11584;9.2;3.5
07;2021-03-13;679;99;30609;11683;9.4;3.6
07;2021-03-14;4;0;30613;11683;9.4;3.6
07;2021-03-15;527;293;31140;11976;9.5;3.7
07;2021-03-16;1200;478;32340;12454;9.9;3.8
07;2021-03-17;1185;761;33525;13215;10.3;4.0
07;2021-03-18;1218;407;34743;13622;10.6;4.2
07;2021-03-19;1264;419;36007;14041;11.0;4.3
07;2021-03-20;467;106;36474;14147;11.2;4.3
07;2021-03-21;3;2;36477;14149;11.2;4.3
07;2021-03-22;788;529;37265;14678;11.4;4.5
07;2021-03-23;1513;711;38778;15389;11.9;4.7
07;2021-03-24;1258;659;40036;16048;12.2;4.9
07;2021-03-25;1847;505;41883;16553;12.8;5.1
07;2021-03-26;1833;426;43716;16979;13.4;5.2
07;2021-03-27;382;93;44098;17072;13.5;5.2
07;2021-03-28;6;1;44104;17073;13.5;5.2
07;2021-03-29;785;353;44889;17426;13.7;5.3
07;2021-03-30;1523;507;46412;17933;14.2;5.5
07;2021-03-31;1653;495;48065;18428;14.7;5.6
07;2021-04-01;1573;654;49638;19082;15.2;5.8
07;2021-04-02;1520;423;51158;19505;15.7;6.0
07;2021-04-03;227;105;51385;19610;15.7;6.0
07;2021-04-04;0;1;51385;19611;15.7;6.0
07;2021-04-05;0;66;51385;19677;15.7;6.0
07;2021-04-06;1161;752;52546;20429;16.1;6.2
07;2021-04-07;1317;883;53863;21312;16.5;6.5
07;2021-04-08;1971;1164;55834;22476;17.1;6.9
07;2021-04-09;2422;560;58256;23036;17.8;7.0
07;2021-04-10;808;156;59064;23192;18.1;7.1
07;2021-04-11;339;13;59403;23205;18.2;7.1
07;2021-04-12;1275;578;60678;23783;18.6;7.3
07;2021-04-13;1765;1327;62443;25110;19.1;7.7
07;2021-04-14;1665;975;64108;26085;19.6;8.0
07;2021-04-15;1442;838;65550;26923;20.1;8.2
07;2021-04-16;1506;895;67056;27818;20.5;8.5
07;2021-04-17;867;213;67923;28031;20.8;8.6
07;2021-04-18;700;35;68623;28066;21.0;8.6
07;2021-04-19;1161;567;69784;28633;21.3;8.8
07;2021-04-20;1440;1314;71224;29947;21.8;9.2
07;2021-04-21;1710;907;72934;30854;22.3;9.4
07;2021-04-22;1813;957;74747;31811;22.9;9.7
07;2021-04-23;1408;968;76155;32779;23.3;10.0
07;2021-04-24;958;245;77113;33024;23.6;10.1
07;2021-04-25;714;61;77827;33085;23.8;10.1
07;2021-04-26;1137;680;78964;33765;24.2;10.3
07;2021-04-27;1393;1562;80357;35327;24.6;10.8
07;2021-04-28;1633;1748;81990;37075;25.1;11.3
07;2021-04-29;1936;1530;83926;38605;25.7;11.8
07;2021-04-30;1659;1476;85585;40081;26.2;12.3
07;2021-05-01;960;113;86545;40194;26.5;12.3
07;2021-05-02;845;151;87390;40345;26.7;12.3
07;2021-05-03;1282;428;88672;40773;27.1;12.5
07;2021-05-04;2169;1558;90841;42331;27.8;13.0
07;2021-05-05;1743;1384;92584;43715;28.3;13.4
07;2021-05-06;2103;1583;94687;45298;29.0;13.9
07;2021-05-07;1592;1553;96279;46851;29.5;14.3
07;2021-05-08;1224;406;97503;47257;29.8;14.5
07;2021-05-09;1029;325;98532;47582;30.1;14.6
07;2021-05-10;1403;1174;99935;48756;30.6;14.9
07;2021-05-11;2470;1700;102405;50456;31.3;15.4
07;2021-05-12;2160;1275;104565;51731;32.0;15.8
07;2021-05-13;1711;268;106276;51999;32.5;15.9
07;2021-05-14;1733;998;108009;52997;33.0;16.2
07;2021-05-15;1625;494;109634;53491;33.5;16.4
07;2021-05-16;1442;206;111076;53697;34.0;16.4
07;2021-05-17;1771;857;112847;54554;34.5;16.7
07;2021-05-18;2292;1300;115139;55854;35.2;17.1
07;2021-05-19;2376;994;117515;56848;36.0;17.4
07;2021-05-20;2156;1311;119671;58159;36.6;17.8
07;2021-05-21;1758;1318;121429;59477;37.1;18.2
07;2021-05-22;937;544;122366;60021;37.4;18.4
07;2021-05-23;858;156;123224;60177;37.7;18.4
07;2021-05-24;1650;341;124874;60518;38.2;18.5
07;2021-05-25;2188;1477;127062;61995;38.9;19.0
07;2021-05-26;1527;1383;128589;63378;39.3;19.4
07;2021-05-27;2020;1403;130609;64781;40.0;19.8
07;2021-05-28;1768;2083;132377;66864;40.5;20.5
07;2021-05-29;943;682;133320;67546;40.8;20.7
07;2021-05-30;623;570;133943;68116;41.0;20.8
07;2021-05-31;1132;1286;135075;69402;41.3;21.2
07;2021-06-01;2153;2003;137228;71405;42.0;21.8
07;2021-06-02;1528;1652;138756;73057;42.4;22.4
07;2021-06-03;1711;1258;140467;74315;43.0;22.7
07;2021-06-04;1675;1594;142142;75909;43.5;23.2
07;2021-06-05;989;956;143131;76865;43.8;23.5
07;2021-06-06;598;623;143729;77488;44.0;23.7
07;2021-06-07;958;1196;144687;78684;44.3;24.1
07;2021-06-08;1547;1768;146234;80452;44.7;24.6
07;2021-06-09;1027;1423;147261;81875;45.1;25.0
07;2021-06-10;790;1390;148051;83265;45.3;25.5
07;2021-06-11;1153;2036;149204;85301;45.6;26.1
07;2021-06-12;643;1217;149847;86518;45.8;26.5
07;2021-06-13;393;444;150240;86962;46.0;26.6
07;2021-06-14;565;1964;150805;88926;46.1;27.2
07;2021-06-15;932;2555;151737;91481;46.4;28.0
07;2021-06-16;1018;1852;152755;93333;46.7;28.6
07;2021-06-17;883;1950;153638;95283;47.0;29.1
07;2021-06-18;868;2287;154506;97570;47.3;29.8
07;2021-06-19;605;1457;155111;99027;47.5;30.3
07;2021-06-20;369;729;155480;99756;47.6;30.5
07;2021-06-21;512;2147;155992;101903;47.7;31.2
07;2021-06-22;653;2665;156645;104568;47.9;32.0
07;2021-06-23;675;1961;157320;106529;48.1;32.6
07;2021-06-24;645;1856;157965;108385;48.3;33.2
07;2021-06-25;698;2179;158663;110564;48.5;33.8
07;2021-06-26;352;1429;159015;111993;48.6;34.3
07;2021-06-27;280;1073;159295;113066;48.7;34.6
07;2021-06-28;502;2244;159797;115310;48.9;35.3
07;2021-06-29;540;2994;160337;118304;49.1;36.2
07;2021-06-30;815;2293;161152;120597;49.3;36.9
07;2021-07-01;765;1980;161917;122577;49.5;37.5
07;2021-07-02;878;2307;162795;124884;49.8;38.2
07;2021-07-03;416;1138;163211;126022;49.9;38.6
07;2021-07-04;207;855;163418;126877;50.0;38.8
07;2021-07-05;660;1684;164078;128561;50.2;39.3
07;2021-07-06;870;2632;164948;131193;50.5;40.1
07;2021-07-07;952;1950;165900;133143;50.8;40.7
07;2021-07-08;923;1970;166823;135113;51.0;41.3
07;2021-07-09;990;2262;167813;137375;51.3;42.0
07;2021-07-10;594;1103;168407;138478;51.5;42.4
07;2021-07-11;238;615;168645;139093;51.6;42.6
07;2021-07-12;801;1768;169446;140861;51.8;43.1
07;2021-07-13;1744;3169;171190;144030;52.4;44.1
07;2021-07-14;166;132;171356;144162;52.4;44.1
07;2021-07-15;1936;2448;173292;146610;53.0;44.9
07;2021-07-16;2049;1972;175341;148582;53.6;45.5
07;2021-07-17;1479;1240;176820;149822;54.1;45.8
07;2021-07-18;770;483;177590;150305;54.3;46.0
07;2021-07-19;1514;1704;179104;152009;54.8;46.5
07;2021-07-20;2454;2657;181558;154666;55.5;47.3
07;2021-07-21;1847;1896;183405;156562;56.1;47.9
07;2021-07-22;1903;1358;185308;157920;56.7;48.3
07;2021-07-23;2247;1673;187555;159593;57.4;48.8
07;2021-07-24;1632;1086;189187;160679;57.9;49.2
07;2021-07-25;21;17;189208;160696;57.9;49.2
08;2020-12-27;0;0;0;0;0.0;0.0
08;2020-12-28;0;0;0;0;0.0;0.0
08;2020-12-29;0;0;0;0;0.0;0.0
08;2020-12-30;0;0;0;0;0.0;0.0
08;2020-12-31;0;0;0;0;0.0;0.0
08;2021-01-01;0;0;0;0;0.0;0.0
08;2021-01-02;0;0;0;0;0.0;0.0
08;2021-01-03;1;0;1;0;0.0;0.0
08;2021-01-04;22;0;23;0;0.0;0.0
08;2021-01-05;1;0;24;0;0.0;0.0
08;2021-01-06;0;0;24;0;0.0;0.0
08;2021-01-07;188;0;212;0;0.1;0.0
08;2021-01-08;314;0;526;0;0.2;0.0
08;2021-01-09;113;0;639;0;0.2;0.0
08;2021-01-10;1;0;640;0;0.2;0.0
08;2021-01-11;67;0;707;0;0.3;0.0
08;2021-01-12;156;0;863;0;0.3;0.0
08;2021-01-13;477;1;1340;1;0.5;0.0
08;2021-01-14;532;9;1872;10;0.7;0.0
08;2021-01-15;287;2;2159;12;0.8;0.0
08;2021-01-16;104;0;2263;12;0.9;0.0
08;2021-01-17;1;0;2264;12;0.9;0.0
08;2021-01-18;363;2;2627;14;1.0;0.0
08;2021-01-19;868;1;3495;15;1.3;0.0
08;2021-01-20;910;2;4405;17;1.7;0.0
08;2021-01-21;741;1;5146;18;1.9;0.0
08;2021-01-22;678;0;5824;18;2.2;0.0
08;2021-01-23;237;0;6061;18;2.3;0.0
08;2021-01-24;0;0;6061;18;2.3;0.0
08;2021-01-25;205;0;6266;18;2.4;0.0
08;2021-01-26;301;2;6567;20;2.5;0.0
08;2021-01-27;411;0;6978;20;2.6;0.0
08;2021-01-28;565;185;7543;205;2.8;0.1
08;2021-01-29;587;183;8130;388;3.1;0.1
08;2021-01-30;222;63;8352;451;3.1;0.2
08;2021-01-31;0;0;8352;451;3.1;0.2
08;2021-02-01;80;46;8432;497;3.2;0.2
08;2021-02-02;190;175;8622;672;3.2;0.3
08;2021-02-03;140;170;8762;842;3.3;0.3
08;2021-02-04;308;287;9070;1129;3.4;0.4
08;2021-02-05;499;359;9569;1488;3.6;0.6
08;2021-02-06;148;75;9717;1563;3.7;0.6
08;2021-02-07;8;0;9725;1563;3.7;0.6
08;2021-02-08;40;175;9765;1738;3.7;0.7
08;2021-02-09;215;649;9980;2387;3.8;0.9
08;2021-02-10;333;639;10313;3026;3.9;1.1
08;2021-02-11;463;364;10776;3390;4.1;1.3
08;2021-02-12;674;386;11450;3776;4.3;1.4
08;2021-02-13;140;118;11590;3894;4.4;1.5
08;2021-02-14;3;60;11593;3954;4.4;1.5
08;2021-02-15;228;210;11821;4164;4.5;1.6
08;2021-02-16;131;376;11952;4540;4.5;1.7
08;2021-02-17;112;419;12064;4959;4.5;1.9
08;2021-02-18;215;521;12279;5480;4.6;2.1
08;2021-02-19;304;425;12583;5905;4.7;2.2
08;2021-02-20;7;209;12590;6114;4.7;2.3
08;2021-02-21;0;0;12590;6114;4.7;2.3
08;2021-02-22;132;180;12722;6294;4.8;2.4
08;2021-02-23;150;321;12872;6615;4.8;2.5
08;2021-02-24;164;387;13036;7002;4.9;2.6
08;2021-02-25;499;526;13535;7528;5.1;2.8
08;2021-02-26;603;627;14138;8155;5.3;3.1
08;2021-02-27;317;193;14455;8348;5.4;3.1
08;2021-02-28;19;1;14474;8349;5.5;3.1
08;2021-03-01;197;104;14671;8453;5.5;3.2
08;2021-03-02;653;278;15324;8731;5.8;3.3
08;2021-03-03;895;197;16219;8928;6.1;3.4
08;2021-03-04;733;325;16952;9253;6.4;3.5
08;2021-03-05;1022;539;17974;9792;6.8;3.7
08;2021-03-06;691;134;18665;9926;7.0;3.7
08;2021-03-07;75;1;18740;9927;7.1;3.7
08;2021-03-08;217;114;18957;10041;7.1;3.8
08;2021-03-09;686;135;19643;10176;7.4;3.8
08;2021-03-10;1037;112;20680;10288;7.8;3.9
08;2021-03-11;979;245;21659;10533;8.2;4.0
08;2021-03-12;1630;502;23289;11035;8.8;4.2
08;2021-03-13;792;119;24081;11154;9.1;4.2
08;2021-03-14;22;0;24103;11154;9.1;4.2
08;2021-03-15;291;72;24394;11226;9.2;4.2
08;2021-03-16;563;35;24957;11261;9.4;4.2
08;2021-03-17;802;56;25759;11317;9.7;4.3
08;2021-03-18;813;150;26572;11467;10.0;4.3
08;2021-03-19;1133;280;27705;11747;10.4;4.4
08;2021-03-20;506;14;28211;11761;10.6;4.4
08;2021-03-21;13;0;28224;11761;10.6;4.4
08;2021-03-22;364;41;28588;11802;10.8;4.4
08;2021-03-23;733;61;29321;11863;11.0;4.5
08;2021-03-24;1327;63;30648;11926;11.5;4.5
08;2021-03-25;1904;87;32552;12013;12.3;4.5
08;2021-03-26;2562;165;35114;12178;13.2;4.6
08;2021-03-27;898;120;36012;12298;13.6;4.6
08;2021-03-28;228;5;36240;12303;13.6;4.6
08;2021-03-29;260;180;36500;12483;13.7;4.7
08;2021-03-30;832;482;37332;12965;14.1;4.9
08;2021-03-31;852;526;38184;13491;14.4;5.1
08;2021-04-01;1680;442;39864;13933;15.0;5.2
08;2021-04-02;1498;510;41362;14443;15.6;5.4
08;2021-04-03;1327;192;42689;14635;16.1;5.5
08;2021-04-04;134;4;42823;14639;16.1;5.5
08;2021-04-05;16;0;42839;14639;16.1;5.5
08;2021-04-06;700;477;43539;15116;16.4;5.7
08;2021-04-07;910;700;44449;15816;16.7;6.0
08;2021-04-08;1742;512;46191;16328;17.4;6.1
08;2021-04-09;2346;715;48537;17043;18.3;6.4
08;2021-04-10;1450;213;49987;17256;18.8;6.5
08;2021-04-11;10;6;49997;17262;18.8;6.5
08;2021-04-12;671;226;50668;17488;19.1;6.6
08;2021-04-13;1306;608;51974;18096;19.6;6.8
08;2021-04-14;1281;862;53255;18958;20.1;7.1
08;2021-04-15;1607;792;54862;19750;20.7;7.4
08;2021-04-16;1873;870;56735;20620;21.4;7.8
08;2021-04-17;1112;400;57847;21020;21.8;7.9
08;2021-04-18;23;14;57870;21034;21.8;7.9
08;2021-04-19;1147;297;59017;21331;22.2;8.0
08;2021-04-20;1118;540;60135;21871;22.6;8.2
08;2021-04-21;1139;737;61274;22608;23.1;8.5
08;2021-04-22;1329;878;62603;23486;23.6;8.8
08;2021-04-23;1671;1166;64274;24652;24.2;9.3
08;2021-04-24;1323;642;65597;25294;24.7;9.5
08;2021-04-25;26;198;65623;25492;24.7;9.6
08;2021-04-26;1040;155;66663;25647;25.1;9.7
08;2021-04-27;1337;599;68000;26246;25.6;9.9
08;2021-04-28;1452;680;69452;26926;26.2;10.1
08;2021-04-29;1174;1309;70626;28235;26.6;10.6
08;2021-04-30;1769;1617;72395;29852;27.3;11.2
08;2021-05-01;1049;488;73444;30340;27.7;11.4
08;2021-05-02;626;180;74070;30520;27.9;11.5
08;2021-05-03;1168;367;75238;30887;28.3;11.6
08;2021-05-04;1328;860;76566;31747;28.8;12.0
08;2021-05-05;1566;1325;78132;33072;29.4;12.5
08;2021-05-06;1970;1650;80102;34722;30.2;13.1
08;2021-05-07;1859;2096;81961;36818;30.9;13.9
08;2021-05-08;923;765;82884;37583;31.2;14.2
08;2021-05-09;443;71;83327;37654;31.4;14.2
08;2021-05-10;1191;662;84518;38316;31.8;14.4
08;2021-05-11;1909;940;86427;39256;32.5;14.8
08;2021-05-12;1810;1232;88237;40488;33.2;15.2
08;2021-05-13;1305;616;89542;41104;33.7;15.5
08;2021-05-14;2535;1033;92077;42137;34.7;15.9
08;2021-05-15;1821;712;93898;42849;35.4;16.1
08;2021-05-16;820;102;94718;42951;35.7;16.2
08;2021-05-17;699;908;95417;43859;35.9;16.5
08;2021-05-18;1250;839;96667;44698;36.4;16.8
08;2021-05-19;1611;958;98278;45656;37.0;17.2
08;2021-05-20;2147;958;100425;46614;37.8;17.6
08;2021-05-21;2336;1275;102761;47889;38.7;18.0
08;2021-05-22;1820;761;104581;48650;39.4;18.3
08;2021-05-23;863;90;105444;48740;39.7;18.4
08;2021-05-24;714;103;106158;48843;40.0;18.4
08;2021-05-25;1452;671;107610;49514;40.5;18.6
08;2021-05-26;1512;1006;109122;50520;41.1;19.0
08;2021-05-27;2007;1148;111129;51668;41.9;19.5
08;2021-05-28;1973;1823;113102;53491;42.6;20.1
08;2021-05-29;1769;968;114871;54459;43.3;20.5
08;2021-05-30;836;101;115707;54560;43.6;20.5
08;2021-05-31;755;574;116462;55134;43.9;20.8
08;2021-06-01;1349;879;117811;56013;44.4;21.1
08;2021-06-02;1296;1193;119107;57206;44.9;21.5
08;2021-06-03;1384;1520;120491;58726;45.4;22.1
08;2021-06-04;1777;2426;122268;61152;46.0;23.0
08;2021-06-05;1177;1377;123445;62529;46.5;23.5
08;2021-06-06;906;107;124351;62636;46.8;23.6
08;2021-06-07;659;1173;125010;63809;47.1;24.0
08;2021-06-08;924;1496;125934;65305;47.4;24.6
08;2021-06-09;822;1391;126756;66696;47.7;25.1
08;2021-06-10;1716;1554;128472;68250;48.4;25.7
08;2021-06-11;1720;2210;130192;70460;49.0;26.5
08;2021-06-12;1416;1528;131608;71988;49.6;27.1
08;2021-06-13;385;597;131993;72585;49.7;27.3
08;2021-06-14;379;1304;132372;73889;49.9;27.8
08;2021-06-15;739;1553;133111;75442;50.1;28.4
08;2021-06-16;803;2054;133914;77496;50.4;29.2
08;2021-06-17;1280;1853;135194;79349;50.9;29.9
08;2021-06-18;1607;2597;136801;81946;51.5;30.9
08;2021-06-19;1323;1407;138124;83353;52.0;31.4
08;2021-06-20;116;423;138240;83776;52.1;31.6
08;2021-06-21;495;1400;138735;85176;52.2;32.1
08;2021-06-22;807;2023;139542;87199;52.6;32.8
08;2021-06-23;847;1673;140389;88872;52.9;33.5
08;2021-06-24;1037;1925;141426;90797;53.3;34.2
08;2021-06-25;1079;2737;142505;93534;53.7;35.2
08;2021-06-26;1011;1785;143516;95319;54.0;35.9
08;2021-06-27;350;648;143866;95967;54.2;36.1
08;2021-06-28;397;1326;144263;97293;54.3;36.6
08;2021-06-29;623;1471;144886;98764;54.6;37.2
08;2021-06-30;848;1692;145734;100456;54.9;37.8
08;2021-07-01;878;2194;146612;102650;55.2;38.7
08;2021-07-02;934;2644;147546;105294;55.6;39.7
08;2021-07-03;781;2145;148327;107439;55.9;40.5
08;2021-07-04;128;861;148455;108300;55.9;40.8
08;2021-07-05;102;1196;148557;109496;55.9;41.2
08;2021-07-06;422;1838;148979;111334;56.1;41.9
08;2021-07-07;365;1782;149344;113116;56.2;42.6
08;2021-07-08;710;2013;150054;115129;56.5;43.4
08;2021-07-09;728;2440;150782;117569;56.8;44.3
08;2021-07-10;652;1997;151434;119566;57.0;45.0
08;2021-07-11;237;727;151671;120293;57.1;45.3
08;2021-07-12;308;1194;151979;121487;57.2;45.8
08;2021-07-13;938;1789;152917;123276;57.6;46.4
08;2021-07-14;177;331;153094;123607;57.7;46.6
08;2021-07-15;756;2451;153850;126058;57.9;47.5
08;2021-07-16;1073;2413;154923;128471;58.3;48.4
08;2021-07-17;991;2107;155914;130578;58.7;49.2
08;2021-07-18;344;737;156258;131315;58.8;49.5
08;2021-07-19;455;921;156713;132236;59.0;49.8
08;2021-07-20;875;1438;157588;133674;59.3;50.3
08;2021-07-21;1227;1713;158815;135387;59.8;51.0
08;2021-07-22;1139;2163;159954;137550;60.2;51.8
08;2021-07-23;1578;2447;161532;139997;60.8;52.7
08;2021-07-24;1304;1917;162836;141914;61.3;53.4
08;2021-07-25;771;429;163607;142343;61.6;53.6
09;2020-12-27;0;0;0;0;0.0;0.0
09;2020-12-28;1;0;1;0;0.0;0.0
09;2020-12-29;0;0;1;0;0.0;0.0
09;2020-12-30;0;0;1;0;0.0;0.0
09;2020-12-31;0;0;1;0;0.0;0.0
09;2021-01-01;0;0;1;0;0.0;0.0
09;2021-01-02;0;0;1;0;0.0;0.0
09;2021-01-03;0;0;1;0;0.0;0.0
09;2021-01-04;2;1;3;1;0.0;0.0
09;2021-01-05;0;0;3;1;0.0;0.0
09;2021-01-06;3;0;6;1;0.0;0.0
09;2021-01-07;256;2;262;3;0.2;0.0
09;2021-01-08;227;0;489;3;0.3;0.0
09;2021-01-09;103;0;592;3;0.4;0.0
09;2021-01-10;59;0;651;3;0.4;0.0
09;2021-01-11;175;0;826;3;0.5;0.0
09;2021-01-12;304;0;1130;3;0.7;0.0
09;2021-01-13;196;0;1326;3;0.9;0.0
09;2021-01-14;432;8;1758;11;1.2;0.0
09;2021-01-15;223;1;1981;12;1.3;0.0
09;2021-01-16;194;2;2175;14;1.4;0.0
09;2021-01-17;123;0;2298;14;1.5;0.0
09;2021-01-18;267;1;2565;15;1.7;0.0
09;2021-01-19;257;0;2822;15;1.9;0.0
09;2021-01-20;346;1;3168;16;2.1;0.0
09;2021-01-21;333;1;3501;17;2.3;0.0
09;2021-01-22;330;1;3831;18;2.5;0.0
09;2021-01-23;236;0;4067;18;2.7;0.0
09;2021-01-24;85;1;4152;19;2.7;0.0
09;2021-01-25;203;12;4355;31;2.9;0.0
09;2021-01-26;633;25;4988;56;3.3;0.0
09;2021-01-27;471;41;5459;97;3.6;0.1
09;2021-01-28;285;206;5744;303;3.8;0.2
09;2021-01-29;251;129;5995;432;3.9;0.3
09;2021-01-30;143;57;6138;489;4.0;0.3
09;2021-01-31;56;10;6194;499;4.1;0.3
09;2021-02-01;82;143;6276;642;4.1;0.4
09;2021-02-02;57;295;6333;937;4.2;0.6
09;2021-02-03;87;206;6420;1143;4.2;0.8
09;2021-02-04;49;299;6469;1442;4.2;0.9
09;2021-02-05;89;157;6558;1599;4.3;1.0
09;2021-02-06;68;50;6626;1649;4.3;1.1
09;2021-02-07;6;73;6632;1722;4.4;1.1
09;2021-02-08;22;177;6654;1899;4.4;1.2
09;2021-02-09;54;290;6708;2189;4.4;1.4
09;2021-02-10;15;196;6723;2385;4.4;1.6
09;2021-02-11;6;221;6729;2606;4.4;1.7
09;2021-02-12;149;174;6878;2780;4.5;1.8
09;2021-02-13;7;144;6885;2924;4.5;1.9
09;2021-02-14;0;54;6885;2978;4.5;2.0
09;2021-02-15;75;134;6960;3112;4.6;2.0
09;2021-02-16;227;509;7187;3621;4.7;2.4
09;2021-02-17;82;390;7269;4011;4.8;2.6
09;2021-02-18;88;450;7357;4461;4.8;2.9
09;2021-02-19;65;285;7422;4746;4.9;3.1
09;2021-02-20;58;200;7480;4946;4.9;3.2
09;2021-02-21;0;51;7480;4997;4.9;3.3
09;2021-02-22;127;218;7607;5215;5.0;3.4
09;2021-02-23;161;145;7768;5360;5.1;3.5
09;2021-02-24;74;178;7842;5538;5.1;3.6
09;2021-02-25;211;169;8053;5707;5.3;3.7
09;2021-02-26;162;175;8215;5882;5.4;3.9
09;2021-02-27;65;71;8280;5953;5.4;3.9
09;2021-02-28;43;17;8323;5970;5.5;3.9
09;2021-03-01;247;97;8570;6067;5.6;4.0
09;2021-03-02;284;76;8854;6143;5.8;4.0
09;2021-03-03;252;132;9106;6275;6.0;4.1
09;2021-03-04;412;31;9518;6306;6.2;4.1
09;2021-03-05;332;64;9850;6370;6.5;4.2
09;2021-03-06;396;45;10246;6415;6.7;4.2
09;2021-03-07;124;4;10370;6419;6.8;4.2
09;2021-03-08;380;63;10750;6482;7.1;4.3
09;2021-03-09;436;139;11186;6621;7.3;4.3
09;2021-03-10;562;69;11748;6690;7.7;4.4
09;2021-03-11;695;74;12443;6764;8.2;4.4
09;2021-03-12;658;31;13101;6795;8.6;4.5
09;2021-03-13;384;2;13485;6797;8.8;4.5
09;2021-03-14;120;3;13605;6800;8.9;4.5
09;2021-03-15;467;48;14072;6848;9.2;4.5
09;2021-03-16;370;78;14442;6926;9.5;4.5
09;2021-03-17;399;72;14841;6998;9.7;4.6
09;2021-03-18;452;42;15293;7040;10.0;4.6
09;2021-03-19;523;54;15816;7094;10.4;4.7
09;2021-03-20;313;40;16129;7134;10.6;4.7
09;2021-03-21;105;0;16234;7134;10.7;4.7
09;2021-03-22;421;117;16655;7251;10.9;4.8
09;2021-03-23;566;173;17221;7424;11.3;4.9
09;2021-03-24;711;40;17932;7464;11.8;4.9
09;2021-03-25;869;135;18801;7599;12.3;5.0
09;2021-03-26;751;44;19552;7643;12.8;5.0
09;2021-03-27;624;69;20176;7712;13.2;5.1
09;2021-03-28;132;24;20308;7736;13.3;5.1
09;2021-03-29;496;277;20804;8013;13.7;5.3
09;2021-03-30;729;154;21533;8167;14.1;5.4
09;2021-03-31;801;178;22334;8345;14.7;5.5
09;2021-04-01;734;255;23068;8600;15.1;5.6
09;2021-04-02;692;266;23760;8866;15.6;5.8
09;2021-04-03;770;115;24530;8981;16.1;5.9
09;2021-04-04;122;57;24652;9038;16.2;5.9
09;2021-04-05;237;58;24889;9096;16.3;6.0
09;2021-04-06;1056;389;25945;9485;17.0;6.2
09;2021-04-07;1209;356;27154;9841;17.8;6.5
09;2021-04-08;1467;394;28621;10235;18.8;6.7
09;2021-04-09;1137;410;29758;10645;19.5;7.0
09;2021-04-10;1349;191;31107;10836;20.4;7.1
09;2021-04-11;173;102;31280;10938;20.5;7.2
09;2021-04-12;735;342;32015;11280;21.0;7.4
09;2021-04-13;1047;408;33062;11688;21.7;7.7
09;2021-04-14;1331;506;34393;12194;22.6;8.0
09;2021-04-15;1145;501;35538;12695;23.3;8.3
09;2021-04-16;1034;412;36572;13107;24.0;8.6
09;2021-04-17;1194;354;37766;13461;24.8;8.8
09;2021-04-18;102;96;37868;13557;24.8;8.9
09;2021-04-19;697;405;38565;13962;25.3;9.2
09;2021-04-20;766;530;39331;14492;25.8;9.5
09;2021-04-21;940;591;40271;15083;26.4;9.9
09;2021-04-22;667;609;40938;15692;26.9;10.3
09;2021-04-23;771;425;41709;16117;27.4;10.6
09;2021-04-24;740;670;42449;16787;27.9;11.0
09;2021-04-25;74;112;42523;16899;27.9;11.1
09;2021-04-26;383;535;42906;17434;28.2;11.4
09;2021-04-27;443;720;43349;18154;28.4;11.9
09;2021-04-28;806;796;44155;18950;29.0;12.4
09;2021-04-29;550;771;44705;19721;29.3;12.9
09;2021-04-30;622;723;45327;20444;29.7;13.4
09;2021-05-01;478;453;45805;20897;30.1;13.7
09;2021-05-02;51;100;45856;20997;30.1;13.8
09;2021-05-03;521;664;46377;21661;30.4;14.2
09;2021-05-04;557;1345;46934;23006;30.8;15.1
09;2021-05-05;823;1346;47757;24352;31.3;16.0
09;2021-05-06;848;1032;48605;25384;31.9;16.7
09;2021-05-07;978;822;49583;26206;32.5;17.2
09;2021-05-08;395;463;49978;26669;32.8;17.5
09;2021-05-09;264;84;50242;26753;33.0;17.6
09;2021-05-10;504;967;50746;27720;33.3;18.2
09;2021-05-11;740;1051;51486;28771;33.8;18.9
09;2021-05-12;1535;1406;53021;30177;34.8;19.8
09;2021-05-13;1383;426;54404;30603;35.7;20.1
09;2021-05-14;987;653;55391;31256;36.3;20.5
09;2021-05-15;1236;789;56627;32045;37.2;21.0
09;2021-05-16;296;48;56923;32093;37.4;21.1
09;2021-05-17;875;413;57798;32506;37.9;21.3
09;2021-05-18;1290;392;59088;32898;38.8;21.6
09;2021-05-19;1495;365;60583;33263;39.8;21.8
09;2021-05-20;1380;406;61963;33669;40.7;22.1
09;2021-05-21;1164;496;63127;34165;41.4;22.4
09;2021-05-22;1546;364;64673;34529;42.4;22.7
09;2021-05-23;272;25;64945;34554;42.6;22.7
09;2021-05-24;177;97;65122;34651;42.7;22.7
09;2021-05-25;997;499;66119;35150;43.4;23.1
09;2021-05-26;1285;445;67404;35595;44.2;23.4
09;2021-05-27;965;403;68369;35998;44.9;23.6
09;2021-05-28;958;512;69327;36510;45.5;24.0
09;2021-05-29;1797;596;71124;37106;46.7;24.3
09;2021-05-30;541;197;71665;37303;47.0;24.5
09;2021-05-31;717;595;72382;37898;47.5;24.9
09;2021-06-01;967;641;73349;38539;48.1;25.3
09;2021-06-02;1006;896;74355;39435;48.8;25.9
09;2021-06-03;809;682;75164;40117;49.3;26.3
09;2021-06-04;877;798;76041;40915;49.9;26.8
09;2021-06-05;1320;874;77361;41789;50.8;27.4
09;2021-06-06;304;107;77665;41896;51.0;27.5
09;2021-06-07;624;515;78289;42411;51.4;27.8
09;2021-06-08;822;489;79111;42900;51.9;28.1
09;2021-06-09;807;829;79918;43729;52.4;28.7
09;2021-06-10;636;529;80554;44258;52.9;29.0
09;2021-06-11;830;760;81384;45018;53.4;29.5
09;2021-06-12;635;807;82019;45825;53.8;30.1
09;2021-06-13;94;130;82113;45955;53.9;30.2
09;2021-06-14;625;706;82738;46661;54.3;30.6
09;2021-06-15;822;890;83560;47551;54.8;31.2
09;2021-06-16;625;1078;84185;48629;55.2;31.9
09;2021-06-17;779;854;84964;49483;55.8;32.5
09;2021-06-18;634;1151;85598;50634;56.2;33.2
09;2021-06-19;514;1573;86112;52207;56.5;34.3
09;2021-06-20;8;279;86120;52486;56.5;34.4
09;2021-06-21;474;697;86594;53183;56.8;34.9
09;2021-06-22;460;1066;87054;54249;57.1;35.6
09;2021-06-23;434;1223;87488;55472;57.4;36.4
09;2021-06-24;580;769;88068;56241;57.8;36.9
09;2021-06-25;410;1063;88478;57304;58.1;37.6
09;2021-06-26;442;1088;88920;58392;58.3;38.3
09;2021-06-27;1;276;88921;58668;58.3;38.5
09;2021-06-28;238;1050;89159;59718;58.5;39.2
09;2021-06-29;309;1231;89468;60949;58.7;40.0
09;2021-06-30;454;1491;89922;62440;59.0;41.0
09;2021-07-01;378;1431;90300;63871;59.3;41.9
09;2021-07-02;308;1163;90608;65034;59.5;42.7
09;2021-07-03;206;1619;90814;66653;59.6;43.7
09;2021-07-04;3;254;90817;66907;59.6;43.9
09;2021-07-05;187;713;91004;67620;59.7;44.4
09;2021-07-06;288;1226;91292;68846;59.9;45.2
09;2021-07-07;412;1395;91704;70241;60.2;46.1
09;2021-07-08;319;1061;92023;71302;60.4;46.8
09;2021-07-09;290;1157;92313;72459;60.6;47.5
09;2021-07-10;344;1726;92657;74185;60.8;48.7
09;2021-07-11;147;391;92804;74576;60.9;48.9
09;2021-07-12;182;1072;92986;75648;61.0;49.6
09;2021-07-13;635;1302;93621;76950;61.4;50.5
09;2021-07-14;485;220;94106;77170;61.8;50.6
09;2021-07-15;814;1167;94920;78337;62.3;51.4
09;2021-07-16;608;1193;95528;79530;62.7;52.2
09;2021-07-17;1016;1446;96544;80976;63.3;53.1
09;2021-07-18;299;220;96843;81196;63.5;53.3
09;2021-07-19;482;969;97325;82165;63.9;53.9
09;2021-07-20;826;1254;98151;83419;64.4;54.7
09;2021-07-21;1013;1165;99164;84584;65.1;55.5
09;2021-07-22;843;906;100007;85490;65.6;56.1
09;2021-07-23;718;904;100725;86394;66.1;56.7
09;2021-07-24;918;458;101643;86852;66.7;57.0
09;2021-07-25;555;125;102198;86977;67.1;57.1
10;2020-12-27;0;0;0;0;0.0;0.0
10;2020-12-28;0;0;0;0;0.0;0.0
10;2020-12-29;0;0;0;0;0.0;0.0
10;2020-12-30;0;0;0;0;0.0;0.0
10;2020-12-31;0;0;0;0;0.0;0.0
10;2021-01-01;0;0;0;0;0.0;0.0
10;2021-01-02;0;0;0;0;0.0;0.0
10;2021-01-03;0;0;0;0;0.0;0.0
10;2021-01-04;0;0;0;0;0.0;0.0
10;2021-01-05;1;0;1;0;0.0;0.0
10;2021-01-06;0;0;1;0;0.0;0.0
10;2021-01-07;84;0;85;0;0.0;0.0
10;2021-01-08;254;0;339;0;0.1;0.0
10;2021-01-09;0;0;339;0;0.1;0.0
10;2021-01-10;0;0;339;0;0.1;0.0
10;2021-01-11;117;0;456;0;0.1;0.0
10;2021-01-12;191;0;647;0;0.2;0.0
10;2021-01-13;313;0;960;0;0.3;0.0
10;2021-01-14;391;7;1351;7;0.4;0.0
10;2021-01-15;359;2;1710;9;0.6;0.0
10;2021-01-16;55;0;1765;9;0.6;0.0
10;2021-01-17;0;0;1765;9;0.6;0.0
10;2021-01-18;699;1;2464;10;0.8;0.0
10;2021-01-19;1360;2;3824;12;1.2;0.0
10;2021-01-20;1050;3;4874;15;1.6;0.0
10;2021-01-21;1144;1;6018;16;1.9;0.0
10;2021-01-22;818;0;6836;16;2.2;0.0
10;2021-01-23;309;0;7145;16;2.3;0.0
10;2021-01-24;0;0;7145;16;2.3;0.0
10;2021-01-25;445;9;7590;25;2.4;0.0
10;2021-01-26;487;17;8077;42;2.6;0.0
10;2021-01-27;459;15;8536;57;2.8;0.0
10;2021-01-28;357;48;8893;105;2.9;0.0
10;2021-01-29;430;194;9323;299;3.0;0.1
10;2021-01-30;30;0;9353;299;3.0;0.1
10;2021-01-31;0;0;9353;299;3.0;0.1
10;2021-02-01;404;141;9757;440;3.1;0.1
10;2021-02-02;182;152;9939;592;3.2;0.2
10;2021-02-03;345;217;10284;809;3.3;0.3
10;2021-02-04;342;271;10626;1080;3.4;0.3
10;2021-02-05;327;321;10953;1401;3.5;0.5
10;2021-02-06;3;35;10956;1436;3.5;0.5
10;2021-02-07;0;0;10956;1436;3.5;0.5
10;2021-02-08;190;411;11146;1847;3.6;0.6
10;2021-02-09;480;585;11626;2432;3.8;0.8
10;2021-02-10;666;472;12292;2904;4.0;0.9
10;2021-02-11;760;598;13052;3502;4.2;1.1
10;2021-02-12;580;550;13632;4052;4.4;1.3
10;2021-02-13;36;120;13668;4172;4.4;1.3
10;2021-02-14;0;0;13668;4172;4.4;1.3
10;2021-02-15;142;451;13810;4623;4.5;1.5
10;2021-02-16;116;545;13926;5168;4.5;1.7
10;2021-02-17;129;606;14055;5774;4.5;1.9
10;2021-02-18;216;554;14271;6328;4.6;2.0
10;2021-02-19;187;472;14458;6800;4.7;2.2
10;2021-02-20;24;183;14482;6983;4.7;2.3
10;2021-02-21;0;0;14482;6983;4.7;2.3
10;2021-02-22;77;449;14559;7432;4.7;2.4
10;2021-02-23;76;563;14635;7995;4.7;2.6
10;2021-02-24;104;375;14739;8370;4.8;2.7
10;2021-02-25;323;375;15062;8745;4.9;2.8
10;2021-02-26;351;282;15413;9027;5.0;2.9
10;2021-02-27;275;130;15688;9157;5.1;3.0
10;2021-02-28;0;0;15688;9157;5.1;3.0
10;2021-03-01;257;334;15945;9491;5.1;3.1
10;2021-03-02;434;370;16379;9861;5.3;3.2
10;2021-03-03;453;581;16832;10442;5.4;3.4
10;2021-03-04;634;499;17466;10941;5.6;3.5
10;2021-03-05;677;251;18143;11192;5.9;3.6
10;2021-03-06;948;40;19091;11232;6.2;3.6
10;2021-03-07;769;4;19860;11236;6.4;3.6
10;2021-03-08;502;441;20362;11677;6.6;3.8
10;2021-03-09;673;435;21035;12112;6.8;3.9
10;2021-03-10;659;359;21694;12471;7.0;4.0
10;2021-03-11;1174;232;22868;12703;7.4;4.1
10;2021-03-12;1338;233;24206;12936;7.8;4.2
10;2021-03-13;891;35;25097;12971;8.1;4.2
10;2021-03-14;1381;10;26478;12981;8.5;4.2
10;2021-03-15;821;79;27299;13060;8.8;4.2
10;2021-03-16;687;59;27986;13119;9.0;4.2
10;2021-03-17;831;62;28817;13181;9.3;4.3
10;2021-03-18;885;77;29702;13258;9.6;4.3
10;2021-03-19;951;66;30653;13324;9.9;4.3
10;2021-03-20;552;15;31205;13339;10.1;4.3
10;2021-03-21;1845;30;33050;13369;10.7;4.3
10;2021-03-22;879;66;33929;13435;10.9;4.3
10;2021-03-23;1245;88;35174;13523;11.3;4.4
10;2021-03-24;1308;52;36482;13575;11.8;4.4
10;2021-03-25;1677;225;38159;13800;12.3;4.5
10;2021-03-26;1429;113;39588;13913;12.8;4.5
10;2021-03-27;762;77;40350;13990;13.0;4.5
10;2021-03-28;1221;25;41571;14015;13.4;4.5
10;2021-03-29;648;303;42219;14318;13.6;4.6
10;2021-03-30;926;375;43145;14693;13.9;4.7
10;2021-03-31;617;360;43762;15053;14.1;4.9
10;2021-04-01;882;679;44644;15732;14.4;5.1
10;2021-04-02;1068;585;45712;16317;14.8;5.3
10;2021-04-03;540;608;46252;16925;14.9;5.5
10;2021-04-04;1824;251;48076;17176;15.5;5.5
10;2021-04-05;1843;34;49919;17210;16.1;5.6
10;2021-04-06;514;648;50433;17858;16.3;5.8
10;2021-04-07;589;538;51022;18396;16.5;5.9
10;2021-04-08;1057;599;52079;18995;16.8;6.1
10;2021-04-09;1129;608;53208;19603;17.2;6.3
10;2021-04-10;1770;348;54978;19951;17.7;6.4
10;2021-04-11;55;1224;55033;21175;17.8;6.8
10;2021-04-12;1004;808;56037;21983;18.1;7.1
10;2021-04-13;1503;879;57540;22862;18.6;7.4
10;2021-04-14;814;594;58354;23456;18.8;7.6
10;2021-04-15;1427;888;59781;24344;19.3;7.9
10;2021-04-16;1107;695;60888;25039;19.6;8.1
10;2021-04-17;2391;351;63279;25390;20.4;8.2
10;2021-04-18;1421;1781;64700;27171;20.9;8.8
10;2021-04-19;835;837;65535;28008;21.1;9.0
10;2021-04-20;545;1034;66080;29042;21.3;9.4
10;2021-04-21;637;985;66717;30027;21.5;9.7
10;2021-04-22;933;969;67650;30996;21.8;10.0
10;2021-04-23;2171;772;69821;31768;22.5;10.3
10;2021-04-24;2296;369;72117;32137;23.3;10.4
10;2021-04-25;1989;1215;74106;33352;23.9;10.8
10;2021-04-26;773;617;74879;33969;24.2;11.0
10;2021-04-27;895;534;75774;34503;24.5;11.1
10;2021-04-28;873;401;76647;34904;24.7;11.3
10;2021-04-29;1433;668;78080;35572;25.2;11.5
10;2021-04-30;2171;758;80251;36330;25.9;11.7
10;2021-05-01;1987;2163;82238;38493;26.5;12.4
10;2021-05-02;1948;1890;84186;40383;27.2;13.0
10;2021-05-03;622;445;84808;40828;27.4;13.2
10;2021-05-04;1145;1248;85953;42076;27.7;13.6
10;2021-05-05;1753;1017;87706;43093;28.3;13.9
10;2021-05-06;2252;936;89958;44029;29.0;14.2
10;2021-05-07;2216;1132;92174;45161;29.7;14.6
10;2021-05-08;2270;855;94444;46016;30.5;14.8
10;2021-05-09;2005;99;96449;46115;31.1;14.9
10;2021-05-10;528;1092;96977;47207;31.3;15.2
10;2021-05-11;1052;1020;98029;48227;31.6;15.6
10;2021-05-12;2061;882;100090;49109;32.3;15.8
10;2021-05-13;2181;431;102271;49540;33.0;16.0
10;2021-05-14;2729;665;105000;50205;33.9;16.2
10;2021-05-15;2427;2036;107427;52241;34.7;16.9
10;2021-05-16;2081;1448;109508;53689;35.3;17.3
10;2021-05-17;1451;438;110959;54127;35.8;17.5
10;2021-05-18;2510;633;113469;54760;36.6;17.7
10;2021-05-19;1553;638;115022;55398;37.1;17.9
10;2021-05-20;1891;847;116913;56245;37.7;18.1
10;2021-05-21;2318;615;119231;56860;38.5;18.3
10;2021-05-22;2181;420;121412;57280;39.2;18.5
10;2021-05-23;1817;139;123229;57419;39.8;18.5
10;2021-05-24;1968;178;125197;57597;40.4;18.6
10;2021-05-25;2193;486;127390;58083;41.1;18.7
10;2021-05-26;1676;419;129066;58502;41.6;18.9
10;2021-05-27;1659;753;130725;59255;42.2;19.1
10;2021-05-28;1719;1183;132444;60438;42.7;19.5
10;2021-05-29;2170;638;134614;61076;43.4;19.7
10;2021-05-30;1029;133;135643;61209;43.8;19.8
10;2021-05-31;1038;747;136681;61956;44.1;20.0
10;2021-06-01;1133;884;137814;62840;44.5;20.3
10;2021-06-02;1032;714;138846;63554;44.8;20.5
10;2021-06-03;1472;1069;140318;64623;45.3;20.9
10;2021-06-04;1768;2601;142086;67224;45.8;21.7
10;2021-06-05;1511;2449;143597;69673;46.3;22.5
10;2021-06-06;1004;1874;144601;71547;46.7;23.1
10;2021-06-07;698;1112;145299;72659;46.9;23.4
10;2021-06-08;894;1168;146193;73827;47.2;23.8
10;2021-06-09;877;910;147070;74737;47.5;24.1
10;2021-06-10;675;1070;147745;75807;47.7;24.5
10;2021-06-11;1199;2210;148944;78017;48.1;25.2
10;2021-06-12;855;2385;149799;80402;48.3;25.9
10;2021-06-13;401;1837;150200;82239;48.5;26.5
10;2021-06-14;534;740;150734;82979;48.6;26.8
10;2021-06-15;740;2132;151474;85111;48.9;27.5
10;2021-06-16;740;1854;152214;86965;49.1;28.1
10;2021-06-17;847;2457;153061;89422;49.4;28.9
10;2021-06-18;1030;2475;154091;91897;49.7;29.7
10;2021-06-19;979;2595;155070;94492;50.0;30.5
10;2021-06-20;549;1600;155619;96092;50.2;31.0
10;2021-06-21;679;1045;156298;97137;50.4;31.3
10;2021-06-22;741;1525;157039;98662;50.7;31.8
10;2021-06-23;642;2409;157681;101071;50.9;32.6
10;2021-06-24;780;2617;158461;103688;51.1;33.5
10;2021-06-25;731;3036;159192;106724;51.4;34.4
10;2021-06-26;514;2743;159706;109467;51.5;35.3
10;2021-06-27;402;1941;160108;111408;51.7;35.9
10;2021-06-28;682;1786;160790;113194;51.9;36.5
10;2021-06-29;615;2696;161405;115890;52.1;37.4
10;2021-06-30;532;1526;161937;117416;52.3;37.9
10;2021-07-01;546;2174;162483;119590;52.4;38.6
10;2021-07-02;664;2729;163147;122319;52.6;39.5
10;2021-07-03;522;2599;163669;124918;52.8;40.3
10;2021-07-04;409;1730;164078;126648;52.9;40.9
10;2021-07-05;665;2222;164743;128870;53.2;41.6
10;2021-07-06;647;2185;165390;131055;53.4;42.3
10;2021-07-07;629;1703;166019;132758;53.6;42.8
10;2021-07-08;744;1454;166763;134212;53.8;43.3
10;2021-07-09;814;1945;167577;136157;54.1;43.9
10;2021-07-10;631;2096;168208;138253;54.3;44.6
10;2021-07-11;500;1377;168708;139630;54.4;45.1
10;2021-07-12;776;1623;169484;141253;54.7;45.6
10;2021-07-13;1121;1874;170605;143127;55.1;46.2
10;2021-07-14;1171;1055;171776;144182;55.4;46.5
10;2021-07-15;1469;1978;173245;146160;55.9;47.2
10;2021-07-16;1239;2272;174484;148432;56.3;47.9
10;2021-07-17;1281;1733;175765;150165;56.7;48.5
10;2021-07-18;942;1222;176707;151387;57.0;48.8
10;2021-07-19;1356;1615;178063;153002;57.5;49.4
10;2021-07-20;1680;1424;179743;154426;58.0;49.8
10;2021-07-21;1391;1481;181134;155907;58.4;50.3
10;2021-07-22;1931;1586;183065;157493;59.1;50.8
10;2021-07-23;1592;1536;184657;159029;59.6;51.3
10;2021-07-24;1376;1210;186033;160239;60.0;51.7
10;2021-07-25;1251;780;187284;161019;60.4;52.0
11;2020-12-27;0;0;0;0;0.0;0.0
11;2020-12-28;1;0;1;0;0.0;0.0
11;2020-12-29;1;0;2;0;0.0;0.0
11;2020-12-30;0;0;2;0;0.0;0.0
11;2020-12-31;0;0;2;0;0.0;0.0
11;2021-01-01;0;0;2;0;0.0;0.0
11;2021-01-02;5;0;7;0;0.0;0.0
11;2021-01-03;0;0;7;0;0.0;0.0
11;2021-01-04;0;0;7;0;0.0;0.0
11;2021-01-05;94;0;101;0;0.0;0.0
11;2021-01-06;25;0;126;0;0.0;0.0
11;2021-01-07;119;0;245;0;0.1;0.0
11;2021-01-08;90;1;335;1;0.1;0.0
11;2021-01-09;86;0;421;1;0.1;0.0
11;2021-01-10;67;0;488;1;0.1;0.0
11;2021-01-11;136;0;624;1;0.2;0.0
11;2021-01-12;544;3;1168;4;0.3;0.0
11;2021-01-13;410;0;1578;4;0.4;0.0
11;2021-01-14;643;7;2221;11;0.6;0.0
11;2021-01-15;342;4;2563;15;0.7;0.0
11;2021-01-16;77;1;2640;16;0.7;0.0
11;2021-01-17;46;1;2686;17;0.7;0.0
11;2021-01-18;387;0;3073;17;0.8;0.0
11;2021-01-19;516;3;3589;20;1.0;0.0
11;2021-01-20;676;6;4265;26;1.1;0.0
11;2021-01-21;646;1;4911;27;1.3;0.0
11;2021-01-22;524;1;5435;28;1.5;0.0
11;2021-01-23;155;0;5590;28;1.5;0.0
11;2021-01-24;139;0;5729;28;1.5;0.0
11;2021-01-25;372;20;6101;48;1.6;0.0
11;2021-01-26;837;83;6938;131;1.9;0.0
11;2021-01-27;789;23;7727;154;2.1;0.0
11;2021-01-28;641;62;8368;216;2.2;0.1
11;2021-01-29;432;124;8800;340;2.4;0.1
11;2021-01-30;128;0;8928;340;2.4;0.1
11;2021-01-31;79;0;9007;340;2.4;0.1
11;2021-02-01;344;196;9351;536;2.5;0.1
11;2021-02-02;404;407;9755;943;2.6;0.3
11;2021-02-03;388;353;10143;1296;2.7;0.3
11;2021-02-04;372;497;10515;1793;2.8;0.5
11;2021-02-05;308;337;10823;2130;2.9;0.6
11;2021-02-06;204;61;11027;2191;3.0;0.6
11;2021-02-07;108;13;11135;2204;3.0;0.6
11;2021-02-08;311;161;11446;2365;3.1;0.6
11;2021-02-09;295;280;11741;2645;3.2;0.7
11;2021-02-10;331;447;12072;3092;3.2;0.8
11;2021-02-11;609;631;12681;3723;3.4;1.0
11;2021-02-12;397;378;13078;4101;3.5;1.1
11;2021-02-13;191;120;13269;4221;3.6;1.1
11;2021-02-14;66;27;13335;4248;3.6;1.1
11;2021-02-15;238;210;13573;4458;3.6;1.2
11;2021-02-16;261;514;13834;4972;3.7;1.3
11;2021-02-17;451;619;14285;5591;3.8;1.5
11;2021-02-18;456;576;14741;6167;4.0;1.7
11;2021-02-19;300;540;15041;6707;4.0;1.8
11;2021-02-20;146;75;15187;6782;4.1;1.8
11;2021-02-21;57;45;15244;6827;4.1;1.8
11;2021-02-22;122;333;15366;7160;4.1;1.9
11;2021-02-23;283;324;15649;7484;4.2;2.0
11;2021-02-24;251;374;15900;7858;4.3;2.1
11;2021-02-25;559;325;16459;8183;4.4;2.2
11;2021-02-26;523;321;16982;8504;4.6;2.3
11;2021-02-27;318;98;17300;8602;4.6;2.3
11;2021-02-28;95;24;17395;8626;4.7;2.3
11;2021-03-01;339;320;17734;8946;4.8;2.4
11;2021-03-02;562;389;18296;9335;4.9;2.5
11;2021-03-03;599;434;18895;9769;5.1;2.6
11;2021-03-04;1075;407;19970;10176;5.4;2.7
11;2021-03-05;1002;408;20972;10584;5.6;2.8
11;2021-03-06;1093;201;22065;10785;5.9;2.9
11;2021-03-07;657;34;22722;10819;6.1;2.9
11;2021-03-08;378;351;23100;11170;6.2;3.0
11;2021-03-09;994;393;24094;11563;6.5;3.1
11;2021-03-10;1169;549;25263;12112;6.8;3.2
11;2021-03-11;1570;439;26833;12551;7.2;3.4
11;2021-03-12;1453;438;28286;12989;7.6;3.5
11;2021-03-13;1157;236;29443;13225;7.9;3.5
11;2021-03-14;524;49;29967;13274;8.0;3.6
11;2021-03-15;650;241;30617;13515;8.2;3.6
11;2021-03-16;852;199;31469;13714;8.4;3.7
11;2021-03-17;907;219;32376;13933;8.7;3.7
11;2021-03-18;1172;283;33548;14216;9.0;3.8
11;2021-03-19;1370;241;34918;14457;9.4;3.9
11;2021-03-20;787;169;35705;14626;9.6;3.9
11;2021-03-21;225;65;35930;14691;9.6;3.9
11;2021-03-22;809;215;36739;14906;9.9;4.0
11;2021-03-23;1799;389;38538;15295;10.3;4.1
11;2021-03-24;1835;315;40373;15610;10.8;4.2
11;2021-03-25;2190;369;42563;15979;11.4;4.3
11;2021-03-26;2122;440;44685;16419;12.0;4.4
11;2021-03-27;1177;143;45862;16562;12.3;4.4
11;2021-03-28;264;41;46126;16603;12.4;4.5
11;2021-03-29;1181;218;47307;16821;12.7;4.5
11;2021-03-30;1990;317;49297;17138;13.2;4.6
11;2021-03-31;1610;381;50907;17519;13.7;4.7
11;2021-04-01;2146;423;53053;17942;14.2;4.8
11;2021-04-02;1640;429;54693;18371;14.7;4.9
11;2021-04-03;718;143;55411;18514;14.9;5.0
11;2021-04-04;198;73;55609;18587;14.9;5.0
11;2021-04-05;257;4;55866;18591;15.0;5.0
11;2021-04-06;1570;547;57436;19138;15.4;5.1
11;2021-04-07;1776;571;59212;19709;15.9;5.3
11;2021-04-08;1784;680;60996;20389;16.4;5.5
11;2021-04-09;2258;595;63254;20984;17.0;5.6
11;2021-04-10;1168;176;64422;21160;17.3;5.7
11;2021-04-11;545;107;64967;21267;17.4;5.7
11;2021-04-12;1610;521;66577;21788;17.9;5.8
11;2021-04-13;2258;879;68835;22667;18.5;6.1
11;2021-04-14;1660;1008;70495;23675;18.9;6.4
11;2021-04-15;1837;1124;72332;24799;19.4;6.7
11;2021-04-16;1833;843;74165;25642;19.9;6.9
11;2021-04-17;1771;559;75936;26201;20.4;7.0
11;2021-04-18;114;155;76050;26356;20.4;7.1
11;2021-04-19;1380;734;77430;27090;20.8;7.3
11;2021-04-20;1726;1283;79156;28373;21.2;7.6
11;2021-04-21;1781;1314;80937;29687;21.7;8.0
11;2021-04-22;1747;1320;82684;31007;22.2;8.3
11;2021-04-23;2006;1224;84690;32231;22.7;8.6
11;2021-04-24;1734;467;86424;32698;23.2;8.8
11;2021-04-25;658;178;87082;32876;23.4;8.8
11;2021-04-26;1376;834;88458;33710;23.7;9.0
11;2021-04-27;1833;1544;90291;35254;24.2;9.5
11;2021-04-28;2000;1464;92291;36718;24.8;9.9
11;2021-04-29;2246;1633;94537;38351;25.4;10.3
11;2021-04-30;2149;1420;96686;39771;25.9;10.7
11;2021-05-01;1337;341;98023;40112;26.3;10.8
11;2021-05-02;583;335;98606;40447;26.5;10.9
11;2021-05-03;1486;737;100092;41184;26.9;11.1
11;2021-05-04;1877;1427;101969;42611;27.4;11.4
11;2021-05-05;1890;1432;103859;44043;27.9;11.8
11;2021-05-06;2189;1471;106048;45514;28.5;12.2
11;2021-05-07;2100;1554;108148;47068;29.0;12.6
11;2021-05-08;893;725;109041;47793;29.3;12.8
11;2021-05-09;627;543;109668;48336;29.4;13.0
11;2021-05-10;1325;1649;110993;49985;29.8;13.4
11;2021-05-11;2035;1860;113028;51845;30.3;13.9
11;2021-05-12;1830;1630;114858;53475;30.8;14.3
11;2021-05-13;1405;413;116263;53888;31.2;14.5
11;2021-05-14;1712;1184;117975;55072;31.7;14.8
11;2021-05-15;1156;901;119131;55973;32.0;15.0
11;2021-05-16;806;163;119937;56136;32.2;15.1
11;2021-05-17;1468;1047;121405;57183;32.6;15.3
11;2021-05-18;1899;1198;123304;58381;33.1;15.7
11;2021-05-19;1848;1119;125152;59500;33.6;16.0
11;2021-05-20;1968;1091;127120;60591;34.1;16.3
11;2021-05-21;2276;1088;129396;61679;34.7;16.5
11;2021-05-22;1483;723;130879;62402;35.1;16.7
11;2021-05-23;768;67;131647;62469;35.3;16.8
11;2021-05-24;1410;226;133057;62695;35.7;16.8
11;2021-05-25;1810;1354;134867;64049;36.2;17.2
11;2021-05-26;1932;1306;136799;65355;36.7;17.5
11;2021-05-27;1984;1720;138783;67075;37.2;18.0
11;2021-05-28;1758;1891;140541;68966;37.7;18.5
11;2021-05-29;1427;1596;141968;70562;38.1;18.9
11;2021-05-30;485;395;142453;70957;38.2;19.0
11;2021-05-31;1259;1620;143712;72577;38.6;19.5
11;2021-06-01;1855;1906;145567;74483;39.1;20.0
11;2021-06-02;1758;2076;147325;76559;39.5;20.5
11;2021-06-03;2597;2411;149922;78970;40.2;21.2
11;2021-06-04;2143;2668;152065;81638;40.8;21.9
11;2021-06-05;1588;1903;153653;83541;41.2;22.4
11;2021-06-06;877;861;154530;84402;41.5;22.6
11;2021-06-07;1526;1713;156056;86115;41.9;23.1
11;2021-06-08;2036;1994;158092;88109;42.4;23.6
11;2021-06-09;1788;2190;159880;90299;42.9;24.2
11;2021-06-10;1806;2426;161686;92725;43.4;24.9
11;2021-06-11;1862;2487;163548;95212;43.9;25.5
11;2021-06-12;1452;1621;165000;96833;44.3;26.0
11;2021-06-13;711;722;165711;97555;44.5;26.2
11;2021-06-14;1032;1967;166743;99522;44.7;26.7
11;2021-06-15;1391;2685;168134;102207;45.1;27.4
11;2021-06-16;1334;2529;169468;104736;45.5;28.1
11;2021-06-17;1461;2539;170929;107275;45.9;28.8
11;2021-06-18;1515;2490;172444;109765;46.3;29.5
11;2021-06-19;1233;1405;173677;111170;46.6;29.8
11;2021-06-20;299;600;173976;111770;46.7;30.0
11;2021-06-21;839;2121;174815;113891;46.9;30.6
11;2021-06-22;1014;2602;175829;116493;47.2;31.3
11;2021-06-23;1094;2084;176923;118577;47.5;31.8
11;2021-06-24;902;2247;177825;120824;47.7;32.4
11;2021-06-25;977;2540;178802;123364;48.0;33.1
11;2021-06-26;770;1653;179572;125017;48.2;33.5
11;2021-06-27;208;687;179780;125704;48.2;33.7
11;2021-06-28;695;2300;180475;128004;48.4;34.3
11;2021-06-29;954;2595;181429;130599;48.7;35.0
11;2021-06-30;894;2516;182323;133115;48.9;35.7
11;2021-07-01;988;1885;183311;135000;49.2;36.2
11;2021-07-02;959;2536;184270;137536;49.4;36.9
11;2021-07-03;726;1801;184996;139337;49.6;37.4
11;2021-07-04;336;1109;185332;140446;49.7;37.7
11;2021-07-05;692;2129;186024;142575;49.9;38.3
11;2021-07-06;964;2520;186988;145095;50.2;38.9
11;2021-07-07;934;2515;187922;147610;50.4;39.6
11;2021-07-08;1178;1900;189100;149510;50.7;40.1
11;2021-07-09;821;1789;189921;151299;51.0;40.6
11;2021-07-10;366;1300;190287;152599;51.1;40.9
11;2021-07-11;311;560;190598;153159;51.1;41.1
11;2021-07-12;494;2665;191092;155824;51.3;41.8
11;2021-07-13;1293;3065;192385;158889;51.6;42.6
11;2021-07-14;205;234;192590;159123;51.7;42.7
11;2021-07-15;1405;2955;193995;162078;52.1;43.5
11;2021-07-16;1832;2719;195827;164797;52.5;44.2
11;2021-07-17;1073;2160;196900;166957;52.8;44.8
11;2021-07-18;650;942;197550;167899;53.0;45.0
11;2021-07-19;1322;2085;198872;169984;53.4;45.6
11;2021-07-20;1969;2399;200841;172383;53.9;46.3
11;2021-07-21;1975;2423;202816;174806;54.4;46.9
11;2021-07-22;2358;1845;205174;176651;55.0;47.4
11;2021-07-23;2194;2254;207368;178905;55.6;48.0
11;2021-07-24;1268;1617;208636;180522;56.0;48.4
11;2021-07-25;746;686;209382;181208;56.2;48.6
12;2020-12-27;0;0;0;0;0.0;0.0
12;2020-12-28;0;0;0;0;0.0;0.0
12;2020-12-29;0;0;0;0;0.0;0.0
12;2020-12-30;0;0;0;0;0.0;0.0
12;2020-12-31;0;0;0;0;0.0;0.0
12;2021-01-01;0;0;0;0;0.0;0.0
12;2021-01-02;0;0;0;0;0.0;0.0
12;2021-01-03;0;0;0;0;0.0;0.0
12;2021-01-04;1;0;1;0;0.0;0.0
12;2021-01-05;0;0;1;0;0.0;0.0
12;2021-01-06;13;0;14;0;0.0;0.0
12;2021-01-07;202;0;216;0;0.1;0.0
12;2021-01-08;64;0;280;0;0.1;0.0
12;2021-01-09;0;0;280;0;0.1;0.0
12;2021-01-10;1;0;281;0;0.1;0.0
12;2021-01-11;99;0;380;0;0.1;0.0
12;2021-01-12;360;1;740;1;0.3;0.0
12;2021-01-13;285;0;1025;1;0.4;0.0
12;2021-01-14;589;9;1614;10;0.6;0.0
12;2021-01-15;366;10;1980;20;0.7;0.0
12;2021-01-16;138;2;2118;22;0.8;0.0
12;2021-01-17;0;0;2118;22;0.8;0.0
12;2021-01-18;452;0;2570;22;0.9;0.0
12;2021-01-19;602;3;3172;25;1.1;0.0
12;2021-01-20;877;2;4049;27;1.5;0.0
12;2021-01-21;724;0;4773;27;1.7;0.0
12;2021-01-22;798;1;5571;28;2.0;0.0
12;2021-01-23;381;0;5952;28;2.1;0.0
12;2021-01-24;0;0;5952;28;2.1;0.0
12;2021-01-25;451;0;6403;28;2.3;0.0
12;2021-01-26;648;0;7051;28;2.5;0.0
12;2021-01-27;1876;16;8927;44;3.2;0.0
12;2021-01-28;1883;210;10810;254;3.9;0.1
12;2021-01-29;1329;43;12139;297;4.4;0.1
12;2021-01-30;359;2;12498;299;4.5;0.1
12;2021-01-31;0;0;12498;299;4.5;0.1
12;2021-02-01;333;89;12831;388;4.6;0.1
12;2021-02-02;457;243;13288;631;4.8;0.2
12;2021-02-03;457;166;13745;797;4.9;0.3
12;2021-02-04;454;522;14199;1319;5.1;0.5
12;2021-02-05;447;183;14646;1502;5.3;0.5
12;2021-02-06;219;68;14865;1570;5.3;0.6
12;2021-02-07;8;0;14873;1570;5.3;0.6
12;2021-02-08;105;316;14978;1886;5.4;0.7
12;2021-02-09;207;341;15185;2227;5.5;0.8
12;2021-02-10;464;471;15649;2698;5.6;1.0
12;2021-02-11;538;344;16187;3042;5.8;1.1
12;2021-02-12;570;342;16757;3384;6.0;1.2
12;2021-02-13;175;133;16932;3517;6.1;1.3
12;2021-02-14;0;0;16932;3517;6.1;1.3
12;2021-02-15;173;380;17105;3897;6.1;1.4
12;2021-02-16;169;512;17274;4409;6.2;1.6
12;2021-02-17;363;1436;17637;5845;6.3;2.1
12;2021-02-18;672;1655;18309;7500;6.6;2.7
12;2021-02-19;593;970;18902;8470;6.8;3.0
12;2021-02-20;102;397;19004;8867;6.8;3.2
12;2021-02-21;0;0;19004;8867;6.8;3.2
12;2021-02-22;149;404;19153;9271;6.9;3.3
12;2021-02-23;157;561;19310;9832;6.9;3.5
12;2021-02-24;157;689;19467;10521;7.0;3.8
12;2021-02-25;198;767;19665;11288;7.1;4.1
12;2021-02-26;320;653;19985;11941;7.2;4.3
12;2021-02-27;190;350;20175;12291;7.2;4.4
12;2021-02-28;12;0;20187;12291;7.3;4.4
12;2021-03-01;50;350;20237;12641;7.3;4.5
12;2021-03-02;190;505;20427;13146;7.3;4.7
12;2021-03-03;243;388;20670;13534;7.4;4.9
12;2021-03-04;277;361;20947;13895;7.5;5.0
12;2021-03-05;421;368;21368;14263;7.7;5.1
12;2021-03-06;793;124;22161;14387;8.0;5.2
12;2021-03-07;140;31;22301;14418;8.0;5.2
12;2021-03-08;234;210;22535;14628;8.1;5.3
12;2021-03-09;716;234;23251;14862;8.4;5.3
12;2021-03-10;782;731;24033;15593;8.6;5.6
12;2021-03-11;916;651;24949;16244;9.0;5.8
12;2021-03-12;1253;519;26202;16763;9.4;6.0
12;2021-03-13;896;133;27098;16896;9.7;6.1
12;2021-03-14;45;2;27143;16898;9.8;6.1
12;2021-03-15;558;152;27701;17050;10.0;6.1
12;2021-03-16;817;158;28518;17208;10.2;6.2
12;2021-03-17;1504;159;30022;17367;10.8;6.2
12;2021-03-18;995;249;31017;17616;11.1;6.3
12;2021-03-19;1378;271;32395;17887;11.6;6.4
12;2021-03-20;724;79;33119;17966;11.9;6.5
12;2021-03-21;263;10;33382;17976;12.0;6.5
12;2021-03-22;606;172;33988;18148;12.2;6.5
12;2021-03-23;1215;171;35203;18319;12.6;6.6
12;2021-03-24;1421;194;36624;18513;13.2;6.7
12;2021-03-25;1843;198;38467;18711;13.8;6.7
12;2021-03-26;1976;218;40443;18929;14.5;6.8
12;2021-03-27;978;64;41421;18993;14.9;6.8
12;2021-03-28;60;1;41481;18994;14.9;6.8
12;2021-03-29;960;78;42441;19072;15.2;6.9
12;2021-03-30;1735;114;44176;19186;15.9;6.9
12;2021-03-31;1459;95;45635;19281;16.4;6.9
12;2021-04-01;1958;146;47593;19427;17.1;7.0
12;2021-04-02;1614;334;49207;19761;17.7;7.1
12;2021-04-03;882;94;50089;19855;18.0;7.1
12;2021-04-04;1;0;50090;19855;18.0;7.1
12;2021-04-05;645;11;50735;19866;18.2;7.1
12;2021-04-06;1153;537;51888;20403;18.6;7.3
12;2021-04-07;1649;627;53537;21030;19.2;7.6
12;2021-04-08;2095;551;55632;21581;20.0;7.8
12;2021-04-09;2109;625;57741;22206;20.7;8.0
12;2021-04-10;1427;215;59168;22421;21.3;8.1
12;2021-04-11;120;1;59288;22422;21.3;8.1
12;2021-04-12;1836;500;61124;22922;22.0;8.2
12;2021-04-13;1905;772;63029;23694;22.6;8.5
12;2021-04-14;1830;1316;64859;25010;23.3;9.0
12;2021-04-15;1938;896;66797;25906;24.0;9.3
12;2021-04-16;1675;1196;68472;27102;24.6;9.7
12;2021-04-17;1554;563;70026;27665;25.2;9.9
12;2021-04-18;0;0;70026;27665;25.2;9.9
12;2021-04-19;1687;546;71713;28211;25.8;10.1
12;2021-04-20;1546;982;73259;29193;26.3;10.5
12;2021-04-21;1690;1179;74949;30372;26.9;10.9
12;2021-04-22;1689;1093;76638;31465;27.5;11.3
12;2021-04-23;1383;1327;78021;32792;28.0;11.8
12;2021-04-24;1451;718;79472;33510;28.6;12.0
12;2021-04-25;60;0;79532;33510;28.6;12.0
12;2021-04-26;1460;898;80992;34408;29.1;12.4
12;2021-04-27;1320;1278;82312;35686;29.6;12.8
12;2021-04-28;1113;1868;83425;37554;30.0;13.5
12;2021-04-29;1569;1911;84994;39465;30.5;14.2
12;2021-04-30;1812;1822;86806;41287;31.2;14.8
12;2021-05-01;1614;259;88420;41546;31.8;14.9
12;2021-05-02;1;0;88421;41546;31.8;14.9
12;2021-05-03;1713;1244;90134;42790;32.4;15.4
12;2021-05-04;1480;1391;91614;44181;32.9;15.9
12;2021-05-05;1290;1675;92904;45856;33.4;16.5
12;2021-05-06;1753;1377;94657;47233;34.0;17.0
12;2021-05-07;1478;1773;96135;49006;34.5;17.6
12;2021-05-08;1329;460;97464;49466;35.0;17.8
12;2021-05-09;13;34;97477;49500;35.0;17.8
12;2021-05-10;826;2215;98303;51715;35.3;18.6
12;2021-05-11;931;1852;99234;53567;35.6;19.2
12;2021-05-12;949;1821;100183;55388;36.0;19.9
12;2021-05-13;1586;811;101769;56199;36.6;20.2
12;2021-05-14;1236;1532;103005;57731;37.0;20.7
12;2021-05-15;1065;1112;104070;58843;37.4;21.1
12;2021-05-16;2;19;104072;58862;37.4;21.1
12;2021-05-17;1082;1811;105154;60673;37.8;21.8
12;2021-05-18;1426;1534;106580;62207;38.3;22.3
12;2021-05-19;1914;1327;108494;63534;39.0;22.8
12;2021-05-20;2112;870;110606;64404;39.7;23.1
12;2021-05-21;1823;1253;112429;65657;40.4;23.6
12;2021-05-22;1205;1013;113634;66670;40.8;24.0
12;2021-05-23;7;12;113641;66682;40.8;24.0
12;2021-05-24;1955;539;115596;67221;41.5;24.1
12;2021-05-25;1737;1160;117333;68381;42.2;24.6
12;2021-05-26;1997;778;119330;69159;42.9;24.8
12;2021-05-27;2160;740;121490;69899;43.6;25.1
12;2021-05-28;1928;1030;123418;70929;44.3;25.5
12;2021-05-29;1636;804;125054;71733;44.9;25.8
12;2021-05-30;9;43;125063;71776;44.9;25.8
12;2021-05-31;1699;814;126762;72590;45.5;26.1
12;2021-06-01;1889;1027;128651;73617;46.2;26.4
12;2021-06-02;1976;1047;130627;74664;46.9;26.8
12;2021-06-03;2119;830;132746;75494;47.7;27.1
12;2021-06-04;1966;1415;134712;76909;48.4;27.6
12;2021-06-05;1736;982;136448;77891;49.0;28.0
12;2021-06-06;5;6;136453;77897;49.0;28.0
12;2021-06-07;1089;1800;137542;79697;49.4;28.6
12;2021-06-08;1333;1200;138875;80897;49.9;29.1
12;2021-06-09;894;1288;139769;82185;50.2;29.5
12;2021-06-10;1015;917;140784;83102;50.6;29.9
12;2021-06-11;1198;2080;141982;85182;51.0;30.6
12;2021-06-12;1033;1318;143015;86500;51.4;31.1
12;2021-06-13;6;47;143021;86547;51.4;31.1
12;2021-06-14;660;1832;143681;88379;51.6;31.7
12;2021-06-15;746;1881;144427;90260;51.9;32.4
12;2021-06-16;820;1815;145247;92075;52.2;33.1
12;2021-06-17;673;991;145920;93066;52.4;33.4
12;2021-06-18;1132;1837;147052;94903;52.8;34.1
12;2021-06-19;914;1404;147966;96307;53.2;34.6
12;2021-06-20;2;10;147968;96317;53.2;34.6
12;2021-06-21;509;1737;148477;98054;53.3;35.2
12;2021-06-22;501;1476;148978;99530;53.5;35.8
12;2021-06-23;579;1307;149557;100837;53.7;36.2
12;2021-06-24;244;543;149801;101380;53.8;36.4
12;2021-06-25;870;1835;150671;103215;54.1;37.1
12;2021-06-26;671;1526;151342;104741;54.4;37.6
12;2021-06-27;0;9;151342;104750;54.4;37.6
12;2021-06-28;468;2455;151810;107205;54.5;38.5
12;2021-06-29;563;1959;152373;109164;54.7;39.2
12;2021-06-30;830;2133;153203;111297;55.0;40.0
12;2021-07-01;342;1085;153545;112382;55.2;40.4
12;2021-07-02;790;2626;154335;115008;55.4;41.3
12;2021-07-03;562;1872;154897;116880;55.6;42.0
12;2021-07-04;0;0;154897;116880;55.6;42.0
12;2021-07-05;436;2410;155333;119290;55.8;42.9
12;2021-07-06;638;2503;155971;121793;56.0;43.8
12;2021-07-07;682;2120;156653;123913;56.3;44.5
12;2021-07-08;291;913;156944;124826;56.4;44.8
12;2021-07-09;714;2593;157658;127419;56.6;45.8
12;2021-07-10;442;2076;158100;129495;56.8;46.5
12;2021-07-11;0;0;158100;129495;56.8;46.5
12;2021-07-12;578;2442;158678;131937;57.0;47.4
12;2021-07-13;834;2590;159512;134527;57.3;48.3
12;2021-07-14;43;25;159555;134552;57.3;48.3
12;2021-07-15;787;2107;160342;136659;57.6;49.1
12;2021-07-16;1237;2553;161579;139212;58.0;50.0
12;2021-07-17;783;2009;162362;141221;58.3;50.7
12;2021-07-18;22;11;162384;141232;58.3;50.7
12;2021-07-19;1306;2000;163690;143232;58.8;51.5
12;2021-07-20;1416;1472;165106;144704;59.3;52.0
12;2021-07-21;1005;937;166111;145641;59.7;52.3
12;2021-07-22;2207;1291;168318;146932;60.5;52.8
12;2021-07-23;1852;2062;170170;148994;61.1;53.5
12;2021-07-24;1592;1560;171762;150554;61.7;54.1
12;2021-07-25;90;28;171852;150582;61.7;54.1
13;2020-12-27;1;0;1;0;0.0;0.0
13;2020-12-28;1;0;2;0;0.0;0.0
13;2020-12-29;0;0;2;0;0.0;0.0
13;2020-12-30;0;0;2;0;0.0;0.0
13;2020-12-31;0;0;2;0;0.0;0.0
13;2021-01-01;3;0;5;0;0.0;0.0
13;2021-01-02;3;0;8;0;0.0;0.0
13;2021-01-03;0;0;8;0;0.0;0.0
13;2021-01-04;0;0;8;0;0.0;0.0
13;2021-01-05;75;0;83;0;0.0;0.0
13;2021-01-06;118;0;201;0;0.0;0.0
13;2021-01-07;173;1;374;1;0.0;0.0
13;2021-01-08;185;0;559;1;0.0;0.0
13;2021-01-09;10;0;569;1;0.0;0.0
13;2021-01-10;2;0;571;1;0.0;0.0
13;2021-01-11;480;2;1051;3;0.1;0.0
13;2021-01-12;812;1;1863;4;0.1;0.0
13;2021-01-13;1083;1;2946;5;0.1;0.0
13;2021-01-14;1563;18;4509;23;0.2;0.0
13;2021-01-15;1532;6;6041;29;0.3;0.0
13;2021-01-16;407;2;6448;31;0.3;0.0
13;2021-01-17;38;0;6486;31;0.3;0.0
13;2021-01-18;2368;9;8854;40;0.4;0.0
13;2021-01-19;7397;26;16251;66;0.8;0.0
13;2021-01-20;5545;16;21796;82;1.1;0.0
13;2021-01-21;5338;22;27134;104;1.3;0.0
13;2021-01-22;3982;16;31116;120;1.5;0.0
13;2021-01-23;1334;6;32450;126;1.6;0.0
13;2021-01-24;487;3;32937;129;1.6;0.0
13;2021-01-25;2331;24;35268;153;1.7;0.0
13;2021-01-26;2946;89;38214;242;1.9;0.0
13;2021-01-27;3110;121;41324;363;2.0;0.0
13;2021-01-28;3231;190;44555;553;2.2;0.0
13;2021-01-29;2505;123;47060;676;2.3;0.0
13;2021-01-30;1019;8;48079;684;2.4;0.0
13;2021-01-31;246;0;48325;684;2.4;0.0
13;2021-02-01;1852;296;50177;980;2.5;0.0
13;2021-02-02;2253;614;52430;1594;2.6;0.1
13;2021-02-03;1858;579;54288;2173;2.7;0.1
13;2021-02-04;1896;929;56184;3102;2.8;0.2
13;2021-02-05;2624;1559;58808;4661;2.9;0.2
13;2021-02-06;843;313;59651;4974;2.9;0.2
13;2021-02-07;274;6;59925;4980;2.9;0.2
13;2021-02-08;1894;1549;61819;6529;3.0;0.3
13;2021-02-09;3303;4453;65122;10982;3.2;0.5
13;2021-02-10;3207;3429;68329;14411;3.4;0.7
13;2021-02-11;3565;3580;71894;17991;3.5;0.9
13;2021-02-12;2824;3153;74718;21144;3.7;1.0
13;2021-02-13;728;597;75446;21741;3.7;1.1
13;2021-02-14;70;378;75516;22119;3.7;1.1
13;2021-02-15;963;2036;76479;24155;3.8;1.2
13;2021-02-16;1391;2646;77870;26801;3.8;1.3
13;2021-02-17;1343;3011;79213;29812;3.9;1.5
13;2021-02-18;1892;2687;81105;32499;4.0;1.6
13;2021-02-19;1513;2193;82618;34692;4.1;1.7
13;2021-02-20;456;787;83074;35479;4.1;1.7
13;2021-02-21;29;286;83103;35765;4.1;1.8
13;2021-02-22;1021;2275;84124;38040;4.1;1.9
13;2021-02-23;1276;2682;85400;40722;4.2;2.0
13;2021-02-24;1503;2625;86903;43347;4.3;2.1
13;2021-02-25;2381;2154;89284;45501;4.4;2.2
13;2021-02-26;2454;2112;91738;47613;4.5;2.3
13;2021-02-27;980;747;92718;48360;4.6;2.4
13;2021-02-28;192;203;92910;48563;4.6;2.4
13;2021-03-01;1911;1533;94821;50096;4.7;2.5
13;2021-03-02;3001;2612;97822;52708;4.8;2.6
13;2021-03-03;3475;2622;101297;55330;5.0;2.7
13;2021-03-04;4179;3155;105476;58485;5.2;2.9
13;2021-03-05;4043;2781;109519;61266;5.4;3.0
13;2021-03-06;5290;821;114809;62087;5.6;3.1
13;2021-03-07;4287;355;119096;62442;5.9;3.1
13;2021-03-08;3919;1989;123015;64431;6.0;3.2
13;2021-03-09;5060;2254;128075;66685;6.3;3.3
13;2021-03-10;5170;1957;133245;68642;6.5;3.4
13;2021-03-11;7289;2097;140534;70739;6.9;3.5
13;2021-03-12;8312;2052;148846;72791;7.3;3.6
13;2021-03-13;6370;695;155216;73486;7.6;3.6
13;2021-03-14;2309;140;157525;73626;7.7;3.6
13;2021-03-15;6346;1273;163871;74899;8.1;3.7
13;2021-03-16;5062;1503;168933;76402;8.3;3.8
13;2021-03-17;5170;1379;174103;77781;8.6;3.8
13;2021-03-18;5813;1842;179916;79623;8.8;3.9
13;2021-03-19;6796;1594;186712;81217;9.2;4.0
13;2021-03-20;4033;684;190745;81901;9.4;4.0
13;2021-03-21;718;80;191463;81981;9.4;4.0
13;2021-03-22;7286;1540;198749;83521;9.8;4.1
13;2021-03-23;9109;1716;207858;85237;10.2;4.2
13;2021-03-24;8841;2162;216699;87399;10.7;4.3
13;2021-03-25;10891;2062;227590;89461;11.2;4.4
13;2021-03-26;10702;1854;238292;91315;11.7;4.5
13;2021-03-27;4861;822;243153;92137;12.0;4.5
13;2021-03-28;1115;80;244268;92217;12.0;4.5
13;2021-03-29;7559;1965;251827;94182;12.4;4.6
13;2021-03-30;12586;2457;264413;96639;13.0;4.8
13;2021-03-31;10797;3093;275210;99732;13.5;4.9
13;2021-04-01;12242;3013;287452;102745;14.1;5.1
13;2021-04-02;9779;3851;297231;106596;14.6;5.2
13;2021-04-03;3999;2800;301230;109396;14.8;5.4
13;2021-04-04;627;305;301857;109701;14.8;5.4
13;2021-04-05;3519;713;305376;110414;15.0;5.4
13;2021-04-06;8499;4222;313875;114636;15.4;5.6
13;2021-04-07;10067;4644;323942;119280;15.9;5.9
13;2021-04-08;10095;5429;334037;124709;16.4;6.1
13;2021-04-09;11241;5077;345278;129786;17.0;6.4
13;2021-04-10;7289;2072;352567;131858;17.3;6.5
13;2021-04-11;1376;528;353943;132386;17.4;6.5
13;2021-04-12;7967;4764;361910;137150;17.8;6.7
13;2021-04-13;9134;5447;371044;142597;18.2;7.0
13;2021-04-14;9523;5776;380567;148373;18.7;7.3
13;2021-04-15;9864;5922;390431;154295;19.2;7.6
13;2021-04-16;9957;5531;400388;159826;19.7;7.9
13;2021-04-17;4073;2002;404461;161828;19.9;8.0
13;2021-04-18;2518;1416;406979;163244;20.0;8.0
13;2021-04-19;6443;6393;413422;169637;20.3;8.3
13;2021-04-20;7394;7589;420816;177226;20.7;8.7
13;2021-04-21;7762;7346;428578;184572;21.1;9.1
13;2021-04-22;8456;7897;437034;192469;21.5;9.5
13;2021-04-23;8344;6733;445378;199202;21.9;9.8
13;2021-04-24;4611;3810;449989;203012;22.1;10.0
13;2021-04-25;871;523;450860;203535;22.2;10.0
13;2021-04-26;6158;7106;457018;210641;22.5;10.4
13;2021-04-27;7248;8012;464266;218653;22.8;10.7
13;2021-04-28;9441;7691;473707;226344;23.3;11.1
13;2021-04-29;11391;7521;485098;233865;23.8;11.5
13;2021-04-30;10916;7291;496014;241156;24.4;11.9
13;2021-05-01;5369;3780;501383;244936;24.6;12.0
13;2021-05-02;2096;746;503479;245682;24.7;12.1
13;2021-05-03;7292;7848;510771;253530;25.1;12.5
13;2021-05-04;8434;8508;519205;262038;25.5;12.9
13;2021-05-05;8209;8955;527414;270993;25.9;13.3
13;2021-05-06;10131;8566;537545;279559;26.4;13.7
13;2021-05-07;8842;10014;546387;289573;26.9;14.2
13;2021-05-08;4563;3918;550950;293491;27.1;14.4
13;2021-05-09;935;684;551885;294175;27.1;14.5
13;2021-05-10;7708;8758;559593;302933;27.5;14.9
13;2021-05-11;10968;9561;570561;312494;28.0;15.4
13;2021-05-12;12834;8702;583395;321196;28.7;15.8
13;2021-05-13;9505;3621;592900;324817;29.1;16.0
13;2021-05-14;13651;6429;606551;331246;29.8;16.3
13;2021-05-15;10193;4525;616744;335771;30.3;16.5
13;2021-05-16;3122;788;619866;336559;30.5;16.5
13;2021-05-17;10835;6800;630701;343359;31.0;16.9
13;2021-05-18;11901;6447;642602;349806;31.6;17.2
13;2021-05-19;12152;6324;654754;356130;32.2;17.5
13;2021-05-20;13434;6440;668188;362570;32.8;17.8
13;2021-05-21;12977;6765;681165;369335;33.5;18.2
13;2021-05-22;7510;3630;688675;372965;33.9;18.3
13;2021-05-23;863;636;689538;373601;33.9;18.4
13;2021-05-24;6762;2472;696300;376073;34.2;18.5
13;2021-05-25;9266;7588;705566;383661;34.7;18.9
13;2021-05-26;10125;7835;715691;391496;35.2;19.2
13;2021-05-27;10340;8408;726031;399904;35.7;19.7
13;2021-05-28;8979;9157;735010;409061;36.1;20.1
13;2021-05-29;7171;4626;742181;413687;36.5;20.3
13;2021-05-30;890;527;743071;414214;36.5;20.4
13;2021-05-31;8182;8020;751253;422234;36.9;20.8
13;2021-06-01;9480;9295;760733;431529;37.4;21.2
13;2021-06-02;9828;8772;770561;440301;37.9;21.6
13;2021-06-03;12264;9464;782825;449765;38.5;22.1
13;2021-06-04;12026;10029;794851;459794;39.1;22.6
13;2021-06-05;7787;5576;802638;465370;39.5;22.9
13;2021-06-06;1665;882;804303;466252;39.5;22.9
13;2021-06-07;6670;9876;810973;476128;39.9;23.4
13;2021-06-08;8292;9975;819265;486103;40.3;23.9
13;2021-06-09;8354;9712;827619;495815;40.7;24.4
13;2021-06-10;8903;9739;836522;505554;41.1;24.8
13;2021-06-11;8216;12689;844738;518243;41.5;25.5
13;2021-06-12;5756;6696;850494;524939;41.8;25.8
13;2021-06-13;946;1211;851440;526150;41.9;25.9
13;2021-06-14;5972;11129;857412;537279;42.1;26.4
13;2021-06-15;7236;11388;864648;548667;42.5;27.0
13;2021-06-16;7272;9872;871920;558539;42.9;27.5
13;2021-06-17;7365;10686;879285;569225;43.2;28.0
13;2021-06-18;7452;11053;886737;580278;43.6;28.5
13;2021-06-19;4581;7472;891318;587750;43.8;28.9
13;2021-06-20;944;1039;892262;588789;43.9;28.9
13;2021-06-21;4425;12246;896687;601035;44.1;29.5
13;2021-06-22;4895;13860;901582;614895;44.3;30.2
13;2021-06-23;5055;13546;906637;628441;44.6;30.9
13;2021-06-24;5273;12823;911910;641264;44.8;31.5
13;2021-06-25;5117;14669;917027;655933;45.1;32.2
13;2021-06-26;3002;9659;920029;665592;45.2;32.7
13;2021-06-27;531;928;920560;666520;45.2;32.8
13;2021-06-28;3675;12557;924235;679077;45.4;33.4
13;2021-06-29;4365;12891;928600;691968;45.6;34.0
13;2021-06-30;4773;12677;933373;704645;45.9;34.6
13;2021-07-01;5331;11464;938704;716109;46.1;35.2
13;2021-07-02;5415;12379;944119;728488;46.4;35.8
13;2021-07-03;3467;9151;947586;737639;46.6;36.3
13;2021-07-04;466;868;948052;738507;46.6;36.3
13;2021-07-05;3650;11769;951702;750276;46.8;36.9
13;2021-07-06;5370;11657;957072;761933;47.0;37.5
13;2021-07-07;5530;10662;962602;772595;47.3;38.0
13;2021-07-08;6125;10266;968727;782861;47.6;38.5
13;2021-07-09;5825;11884;974552;794745;47.9;39.1
13;2021-07-10;3130;8622;977682;803367;48.1;39.5
13;2021-07-11;421;1008;978103;804375;48.1;39.5
13;2021-07-12;4413;10945;982516;815320;48.3;40.1
13;2021-07-13;8850;13073;991366;828393;48.7;40.7
13;2021-07-14;5563;4804;996929;833197;49.0;41.0
13;2021-07-15;11280;12811;1008209;846008;49.6;41.6
13;2021-07-16;12034;12797;1020243;858805;50.1;42.2
13;2021-07-17;6517;8390;1026760;867195;50.5;42.6
13;2021-07-18;714;1053;1027474;868248;50.5;42.7
13;2021-07-19;9706;11082;1037180;879330;51.0;43.2
13;2021-07-20;12151;11552;1049331;890882;51.6;43.8
13;2021-07-21;12491;10172;1061822;901054;52.2;44.3
13;2021-07-22;14405;10261;1076227;911315;52.9;44.8
13;2021-07-23;14193;10715;1090420;922030;53.6;45.3
13;2021-07-24;8205;7822;1098625;929852;54.0;45.7
13;2021-07-25;991;763;1099616;930615;54.0;45.7
14;2020-12-27;0;0;0;0;0.0;0.0
14;2020-12-28;1;0;1;0;0.0;0.0
14;2020-12-29;0;0;1;0;0.0;0.0
14;2020-12-30;0;0;1;0;0.0;0.0
14;2020-12-31;3;0;4;0;0.0;0.0
14;2021-01-01;1;0;5;0;0.0;0.0
14;2021-01-02;1;0;6;0;0.0;0.0
14;2021-01-03;0;0;6;0;0.0;0.0
14;2021-01-04;2;0;8;0;0.0;0.0
14;2021-01-05;13;0;21;0;0.0;0.0
14;2021-01-06;348;0;369;0;0.1;0.0
14;2021-01-07;396;1;765;1;0.1;0.0
14;2021-01-08;613;2;1378;3;0.2;0.0
14;2021-01-09;125;0;1503;3;0.2;0.0
14;2021-01-10;41;0;1544;3;0.2;0.0
14;2021-01-11;663;1;2207;4;0.3;0.0
14;2021-01-12;934;0;3141;4;0.5;0.0
14;2021-01-13;846;1;3987;5;0.6;0.0
14;2021-01-14;2799;17;6786;22;1.0;0.0
14;2021-01-15;1877;21;8663;43;1.3;0.0
14;2021-01-16;271;2;8934;45;1.3;0.0
14;2021-01-17;145;4;9079;49;1.3;0.0
14;2021-01-18;1084;2;10163;51;1.5;0.0
14;2021-01-19;1148;1;11311;52;1.6;0.0
14;2021-01-20;1987;4;13298;56;1.9;0.0
14;2021-01-21;1811;5;15109;61;2.2;0.0
14;2021-01-22;1487;2;16596;63;2.4;0.0
14;2021-01-23;297;1;16893;64;2.4;0.0
14;2021-01-24;71;0;16964;64;2.5;0.0
14;2021-01-25;910;10;17874;74;2.6;0.0
14;2021-01-26;846;36;18720;110;2.7;0.0
14;2021-01-27;879;158;19599;268;2.8;0.0
14;2021-01-28;780;144;20379;412;2.9;0.1
14;2021-01-29;780;229;21159;641;3.1;0.1
14;2021-01-30;269;12;21428;653;3.1;0.1
14;2021-01-31;58;3;21486;656;3.1;0.1
14;2021-02-01;725;230;22211;886;3.2;0.1
14;2021-02-02;822;423;23033;1309;3.3;0.2
14;2021-02-03;745;389;23778;1698;3.4;0.2
14;2021-02-04;1167;2060;24945;3758;3.6;0.5
14;2021-02-05;1293;1316;26238;5074;3.8;0.7
14;2021-02-06;394;240;26632;5314;3.9;0.8
14;2021-02-07;178;73;26810;5387;3.9;0.8
14;2021-02-08;773;824;27583;6211;4.0;0.9
14;2021-02-09;719;1009;28302;7220;4.1;1.0
14;2021-02-10;824;1611;29126;8831;4.2;1.3
14;2021-02-11;1349;1434;30475;10265;4.4;1.5
14;2021-02-12;1379;1082;31854;11347;4.6;1.6
14;2021-02-13;307;185;32161;11532;4.7;1.7
14;2021-02-14;84;68;32245;11600;4.7;1.7
14;2021-02-15;442;1087;32687;12687;4.7;1.8
14;2021-02-16;675;983;33362;13670;4.8;2.0
14;2021-02-17;405;985;33767;14655;4.9;2.1
14;2021-02-18;704;878;34471;15533;5.0;2.2
14;2021-02-19;733;780;35204;16313;5.1;2.4
14;2021-02-20;89;272;35293;16585;5.1;2.4
14;2021-02-21;6;90;35299;16675;5.1;2.4
14;2021-02-22;432;1050;35731;17725;5.2;2.6
14;2021-02-23;485;918;36216;18643;5.2;2.7
14;2021-02-24;439;896;36655;19539;5.3;2.8
14;2021-02-25;1222;1174;37877;20713;5.5;3.0
14;2021-02-26;1575;1165;39452;21878;5.7;3.2
14;2021-02-27;505;268;39957;22146;5.8;3.2
14;2021-02-28;27;42;39984;22188;5.8;3.2
14;2021-03-01;519;922;40503;23110;5.9;3.3
14;2021-03-02;967;811;41470;23921;6.0;3.5
14;2021-03-03;1077;832;42547;24753;6.2;3.6
14;2021-03-04;1949;777;44496;25530;6.4;3.7
14;2021-03-05;2429;865;46925;26395;6.8;3.8
14;2021-03-06;3073;193;49998;26588;7.2;3.8
14;2021-03-07;1195;60;51193;26648;7.4;3.9
14;2021-03-08;1250;811;52443;27459;7.6;4.0
14;2021-03-09;1740;692;54183;28151;7.8;4.1
14;2021-03-10;1833;583;56016;28734;8.1;4.2
14;2021-03-11;2746;464;58762;29198;8.5;4.2
14;2021-03-12;4042;551;62804;29749;9.1;4.3
14;2021-03-13;1849;167;64653;29916;9.4;4.3
14;2021-03-14;30;38;64683;29954;9.4;4.3
14;2021-03-15;2005;133;66688;30087;9.6;4.4
14;2021-03-16;1398;278;68086;30365;9.8;4.4
14;2021-03-17;1155;193;69241;30558;10.0;4.4
14;2021-03-18;1479;304;70720;30862;10.2;4.5
14;2021-03-19;2599;261;73319;31123;10.6;4.5
14;2021-03-20;2655;33;75974;31156;11.0;4.5
14;2021-03-21;453;8;76427;31164;11.1;4.5
14;2021-03-22;1867;355;78294;31519;11.3;4.6
14;2021-03-23;2172;320;80466;31839;11.6;4.6
14;2021-03-24;2430;187;82896;32026;12.0;4.6
14;2021-03-25;3290;310;86186;32336;12.5;4.7
14;2021-03-26;4604;462;90790;32798;13.1;4.7
14;2021-03-27;2231;224;93021;33022;13.5;4.8
14;2021-03-28;35;1;93056;33023;13.5;4.8
14;2021-03-29;1606;477;94662;33500;13.7;4.8
14;2021-03-30;2715;513;97377;34013;14.1;4.9
14;2021-03-31;2319;907;99696;34920;14.4;5.1
14;2021-04-01;4171;1659;103867;36579;15.0;5.3
14;2021-04-02;3863;1257;107730;37836;15.6;5.5
14;2021-04-03;1129;1201;108859;39037;15.7;5.6
14;2021-04-04;25;483;108884;39520;15.7;5.7
14;2021-04-05;1215;321;110099;39841;15.9;5.8
14;2021-04-06;2383;988;112482;40829;16.3;5.9
14;2021-04-07;2720;1024;115202;41853;16.7;6.1
14;2021-04-08;4298;1095;119500;42948;17.3;6.2
14;2021-04-09;6029;1157;125529;44105;18.2;6.4
14;2021-04-10;2892;428;128421;44533;18.6;6.4
14;2021-04-11;628;119;129049;44652;18.7;6.5
14;2021-04-12;2911;1578;131960;46230;19.1;6.7
14;2021-04-13;3468;1431;135428;47661;19.6;6.9
14;2021-04-14;3110;1161;138538;48822;20.0;7.1
14;2021-04-15;4394;1507;142932;50329;20.7;7.3
14;2021-04-16;4600;1550;147532;51879;21.3;7.5
14;2021-04-17;2314;1656;149846;53535;21.7;7.7
14;2021-04-18;539;325;150385;53860;21.7;7.8
14;2021-04-19;2756;1705;153141;55565;22.1;8.0
14;2021-04-20;3387;1827;156528;57392;22.6;8.3
14;2021-04-21;3000;1461;159528;58853;23.1;8.5
14;2021-04-22;4221;2071;163749;60924;23.7;8.8
14;2021-04-23;4633;2272;168382;63196;24.4;9.1
14;2021-04-24;1850;1750;170232;64946;24.6;9.4
14;2021-04-25;456;28;170688;64974;24.7;9.4
14;2021-04-26;3372;1566;174060;66540;25.2;9.6
14;2021-04-27;3499;2567;177559;69107;25.7;10.0
14;2021-04-28;3237;1891;180796;70998;26.1;10.3
14;2021-04-29;4543;2304;185339;73302;26.8;10.6
14;2021-04-30;5120;2629;190459;75931;27.5;11.0
14;2021-05-01;3552;189;194011;76120;28.1;11.0
14;2021-05-02;1237;54;195248;76174;28.2;11.0
14;2021-05-03;2481;2763;197729;78937;28.6;11.4
14;2021-05-04;3126;2899;200855;81836;29.0;11.8
14;2021-05-05;3681;2753;204536;84589;29.6;12.2
14;2021-05-06;4931;3474;209467;88063;30.3;12.7
14;2021-05-07;4865;3849;214332;91912;31.0;13.3
14;2021-05-08;2726;1260;217058;93172;31.4;13.5
14;2021-05-09;1914;662;218972;93834;31.7;13.6
14;2021-05-10;3628;3149;222600;96983;32.2;14.0
14;2021-05-11;4344;3594;226944;100577;32.8;14.5
14;2021-05-12;4048;3209;230992;103786;33.4;15.0
14;2021-05-13;4692;1131;235684;104917;34.1;15.2
14;2021-05-14;6670;2625;242354;107542;35.0;15.6
14;2021-05-15;5141;766;247495;108308;35.8;15.7
14;2021-05-16;2317;121;249812;108429;36.1;15.7
14;2021-05-17;2821;2263;252633;110692;36.5;16.0
14;2021-05-18;4085;2239;256718;112931;37.1;16.3
14;2021-05-19;3747;2017;260465;114948;37.7;16.6
14;2021-05-20;4475;2759;264940;117707;38.3;17.0
14;2021-05-21;4267;3526;269207;121233;38.9;17.5
14;2021-05-22;1668;865;270875;122098;39.2;17.7
14;2021-05-23;648;71;271523;122169;39.3;17.7
14;2021-05-24;2843;748;274366;122917;39.7;17.8
14;2021-05-25;3626;3391;277992;126308;40.2;18.3
14;2021-05-26;3431;2405;281423;128713;40.7;18.6
14;2021-05-27;4768;3234;286191;131947;41.4;19.1
14;2021-05-28;5085;3889;291276;135836;42.1;19.6
14;2021-05-29;2339;2455;293615;138291;42.5;20.0
14;2021-05-30;757;239;294372;138530;42.6;20.0
14;2021-05-31;4090;2963;298462;141493;43.2;20.5
14;2021-06-01;5739;3215;304201;144708;44.0;20.9
14;2021-06-02;5027;2849;309228;147557;44.7;21.3
14;2021-06-03;6652;4010;315880;151567;45.7;21.9
14;2021-06-04;6441;5136;322321;156703;46.6;22.7
14;2021-06-05;4346;1864;326667;158567;47.2;22.9
14;2021-06-06;2042;82;328709;158649;47.5;22.9
14;2021-06-07;4245;3449;332954;162098;48.2;23.4
14;2021-06-08;5235;3126;338189;165224;48.9;23.9
14;2021-06-09;4270;2961;342459;168185;49.5;24.3
14;2021-06-10;5070;2965;347529;171150;50.3;24.8
14;2021-06-11;4836;4883;352365;176033;51.0;25.5
14;2021-06-12;3681;4505;356046;180538;51.5;26.1
14;2021-06-13;847;1091;356893;181629;51.6;26.3
14;2021-06-14;2179;3791;359072;185420;51.9;26.8
14;2021-06-15;3304;3965;362376;189385;52.4;27.4
14;2021-06-16;3434;4548;365810;193933;52.9;28.0
14;2021-06-17;4226;5259;370036;199192;53.5;28.8
14;2021-06-18;3725;6120;373761;205312;54.1;29.7
14;2021-06-19;2585;2947;376346;208259;54.4;30.1
14;2021-06-20;574;1559;376920;209818;54.5;30.3
14;2021-06-21;2105;4354;379025;214172;54.8;31.0
14;2021-06-22;2566;5178;381591;219350;55.2;31.7
14;2021-06-23;2491;4344;384082;223694;55.5;32.4
14;2021-06-24;3426;5798;387508;229492;56.0;33.2
14;2021-06-25;2726;7277;390234;236769;56.4;34.2
14;2021-06-26;2169;4539;392403;241308;56.8;34.9
14;2021-06-27;437;1829;392840;243137;56.8;35.2
14;2021-06-28;1296;3972;394136;247109;57.0;35.7
14;2021-06-29;1779;5370;395915;252479;57.3;36.5
14;2021-06-30;1962;4621;397877;257100;57.5;37.2
14;2021-07-01;2907;5071;400784;262171;58.0;37.9
14;2021-07-02;2571;6671;403355;268842;58.3;38.9
14;2021-07-03;1420;2651;404775;271493;58.5;39.3
14;2021-07-04;416;716;405191;272209;58.6;39.4
14;2021-07-05;1182;4789;406373;276998;58.8;40.1
14;2021-07-06;2061;6008;408434;283006;59.1;40.9
14;2021-07-07;2234;4581;410668;287587;59.4;41.6
14;2021-07-08;2879;5519;413547;293106;59.8;42.4
14;2021-07-09;2740;6448;416287;299554;60.2;43.3
14;2021-07-10;2022;3200;418309;302754;60.5;43.8
14;2021-07-11;895;873;419204;303627;60.6;43.9
14;2021-07-12;1615;5910;420819;309537;60.9;44.8
14;2021-07-13;3049;7339;423868;316876;61.3;45.8
14;2021-07-14;2227;3049;426095;319925;61.6;46.3
14;2021-07-15;4135;7654;430230;327579;62.2;47.4
14;2021-07-16;4675;7694;434905;335273;62.9;48.5
14;2021-07-17;2098;4202;437003;339475;63.2;49.1
14;2021-07-18;805;1865;437808;341340;63.3;49.4
14;2021-07-19;2558;6112;440366;347452;63.7;50.2
14;2021-07-20;3227;7254;443593;354706;64.2;51.3
14;2021-07-21;4065;5822;447658;360528;64.7;52.1
14;2021-07-22;4730;6575;452388;367103;65.4;53.1
14;2021-07-23;5312;6738;457700;373841;66.2;54.1
14;2021-07-24;3029;3756;460729;377597;66.6;54.6
14;2021-07-25;1489;1237;462218;378834;66.8;54.8
15;2020-12-27;2;0;2;0;0.0;0.0
15;2020-12-28;0;0;2;0;0.0;0.0
15;2020-12-29;0;0;2;0;0.0;0.0
15;2020-12-30;0;0;2;0;0.0;0.0
15;2020-12-31;0;0;2;0;0.0;0.0
15;2021-01-01;1;0;3;0;0.0;0.0
15;2021-01-02;0;0;3;0;0.0;0.0
15;2021-01-03;0;0;3;0;0.0;0.0
15;2021-01-04;0;0;3;0;0.0;0.0
15;2021-01-05;0;0;3;0;0.0;0.0
15;2021-01-06;0;0;3;0;0.0;0.0
15;2021-01-07;71;0;74;0;0.1;0.0
15;2021-01-08;106;0;180;0;0.1;0.0
15;2021-01-09;0;0;180;0;0.1;0.0
15;2021-01-10;1;0;181;0;0.1;0.0
15;2021-01-11;99;0;280;0;0.2;0.0
15;2021-01-12;92;0;372;0;0.3;0.0
15;2021-01-13;230;0;602;0;0.4;0.0
15;2021-01-14;307;1;909;1;0.6;0.0
15;2021-01-15;138;0;1047;1;0.7;0.0
15;2021-01-16;90;0;1137;1;0.8;0.0
15;2021-01-17;0;0;1137;1;0.8;0.0
15;2021-01-18;404;2;1541;3;1.1;0.0
15;2021-01-19;550;0;2091;3;1.5;0.0
15;2021-01-20;630;0;2721;3;1.9;0.0
15;2021-01-21;575;3;3296;6;2.3;0.0
15;2021-01-22;503;2;3799;8;2.7;0.0
15;2021-01-23;432;1;4231;9;3.0;0.0
15;2021-01-24;6;0;4237;9;3.0;0.0
15;2021-01-25;399;0;4636;9;3.2;0.0
15;2021-01-26;436;0;5072;9;3.6;0.0
15;2021-01-27;725;0;5797;9;4.1;0.0
15;2021-01-28;625;51;6422;60;4.5;0.0
15;2021-01-29;330;82;6752;142;4.7;0.1
15;2021-01-30;218;3;6970;145;4.9;0.1
15;2021-01-31;0;0;6970;145;4.9;0.1
15;2021-02-01;237;89;7207;234;5.0;0.2
15;2021-02-02;189;90;7396;324;5.2;0.2
15;2021-02-03;266;158;7662;482;5.4;0.3
15;2021-02-04;662;205;8324;687;5.8;0.5
15;2021-02-05;296;256;8620;943;6.0;0.7
15;2021-02-06;98;76;8718;1019;6.1;0.7
15;2021-02-07;0;0;8718;1019;6.1;0.7
15;2021-02-08;233;107;8951;1126;6.3;0.8
15;2021-02-09;205;118;9156;1244;6.4;0.9
15;2021-02-10;338;298;9494;1542;6.6;1.1
15;2021-02-11;115;240;9609;1782;6.7;1.2
15;2021-02-12;136;159;9745;1941;6.8;1.4
15;2021-02-13;92;78;9837;2019;6.9;1.4
15;2021-02-14;0;0;9837;2019;6.9;1.4
15;2021-02-15;63;215;9900;2234;6.9;1.6
15;2021-02-16;52;294;9952;2528;7.0;1.8
15;2021-02-17;143;470;10095;2998;7.1;2.1
15;2021-02-18;87;747;10182;3745;7.1;2.6
15;2021-02-19;90;432;10272;4177;7.2;2.9
15;2021-02-20;20;259;10292;4436;7.2;3.1
15;2021-02-21;0;0;10292;4436;7.2;3.1
15;2021-02-22;23;497;10315;4933;7.2;3.5
15;2021-02-23;180;457;10495;5390;7.3;3.8
15;2021-02-24;31;461;10526;5851;7.4;4.1
15;2021-02-25;228;1002;10754;6853;7.5;4.8
15;2021-02-26;186;475;10940;7328;7.7;5.1
15;2021-02-27;146;88;11086;7416;7.8;5.2
15;2021-02-28;1;0;11087;7416;7.8;5.2
15;2021-03-01;121;223;11208;7639;7.8;5.3
15;2021-03-02;249;306;11457;7945;8.0;5.6
15;2021-03-03;207;29;11664;7974;8.2;5.6
15;2021-03-04;245;246;11909;8220;8.3;5.8
15;2021-03-05;347;170;12256;8390;8.6;5.9
15;2021-03-06;680;10;12936;8400;9.1;5.9
15;2021-03-07;80;0;13016;8400;9.1;5.9
15;2021-03-08;93;105;13109;8505;9.2;6.0
15;2021-03-09;279;285;13388;8790;9.4;6.2
15;2021-03-10;416;162;13804;8952;9.7;6.3
15;2021-03-11;434;296;14238;9248;10.0;6.5
15;2021-03-12;524;94;14762;9342;10.3;6.5
15;2021-03-13;354;6;15116;9348;10.6;6.5
15;2021-03-14;18;0;15134;9348;10.6;6.5
15;2021-03-15;542;61;15676;9409;11.0;6.6
15;2021-03-16;328;20;16004;9429;11.2;6.6
15;2021-03-17;130;53;16134;9482;11.3;6.6
15;2021-03-18;250;95;16384;9577;11.5;6.7
15;2021-03-19;668;30;17052;9607;11.9;6.7
15;2021-03-20;148;36;17200;9643;12.0;6.8
15;2021-03-21;6;0;17206;9643;12.0;6.8
15;2021-03-22;573;74;17779;9717;12.4;6.8
15;2021-03-23;775;92;18554;9809;13.0;6.9
15;2021-03-24;936;32;19490;9841;13.6;6.9
15;2021-03-25;1279;22;20769;9863;14.5;6.9
15;2021-03-26;1009;50;21778;9913;15.2;6.9
15;2021-03-27;301;6;22079;9919;15.5;6.9
15;2021-03-28;20;0;22099;9919;15.5;6.9
15;2021-03-29;780;15;22879;9934;16.0;7.0
15;2021-03-30;1133;198;24012;10132;16.8;7.1
15;2021-03-31;937;20;24949;10152;17.5;7.1
15;2021-04-01;1233;54;26182;10206;18.3;7.1
15;2021-04-02;1141;56;27323;10262;19.1;7.2
15;2021-04-03;120;18;27443;10280;19.2;7.2
15;2021-04-04;0;0;27443;10280;19.2;7.2
15;2021-04-05;33;1;27476;10281;19.2;7.2
15;2021-04-06;834;79;28310;10360;19.8;7.3
15;2021-04-07;662;100;28972;10460;20.3;7.3
15;2021-04-08;1247;130;30219;10590;21.2;7.4
15;2021-04-09;1275;95;31494;10685;22.1;7.5
15;2021-04-10;364;19;31858;10704;22.3;7.5
15;2021-04-11;13;0;31871;10704;22.3;7.5
15;2021-04-12;644;458;32515;11162;22.8;7.8
15;2021-04-13;1124;320;33639;11482;23.6;8.0
15;2021-04-14;1038;196;34677;11678;24.3;8.2
15;2021-04-15;1183;304;35860;11982;25.1;8.4
15;2021-04-16;1038;554;36898;12536;25.8;8.8
15;2021-04-17;443;11;37341;12547;26.1;8.8
15;2021-04-18;0;10;37341;12557;26.1;8.8
15;2021-04-19;540;513;37881;13070;26.5;9.2
15;2021-04-20;847;612;38728;13682;27.1;9.6
15;2021-04-21;600;649;39328;14331;27.5;10.0
15;2021-04-22;728;773;40056;15104;28.0;10.6
15;2021-04-23;731;675;40787;15779;28.6;11.0
15;2021-04-24;363;123;41150;15902;28.8;11.1
15;2021-04-25;1;3;41151;15905;28.8;11.1
15;2021-04-26;324;632;41475;16537;29.0;11.6
15;2021-04-27;469;933;41944;17470;29.4;12.2
15;2021-04-28;378;788;42322;18258;29.6;12.8
15;2021-04-29;584;1010;42906;19268;30.0;13.5
15;2021-04-30;547;1078;43453;20346;30.4;14.2
15;2021-05-01;283;30;43736;20376;30.6;14.3
15;2021-05-02;0;0;43736;20376;30.6;14.3
15;2021-05-03;881;329;44617;20705;31.2;14.5
15;2021-05-04;802;855;45419;21560;31.8;15.1
15;2021-05-05;676;670;46095;22230;32.3;15.6
15;2021-05-06;826;965;46921;23195;32.9;16.2
15;2021-05-07;1152;906;48073;24101;33.7;16.9
15;2021-05-08;491;55;48564;24156;34.0;16.9
15;2021-05-09;23;9;48587;24165;34.0;16.9
15;2021-05-10;705;911;49292;25076;34.5;17.6
15;2021-05-11;1186;1185;50478;26261;35.3;18.4
15;2021-05-12;1147;833;51625;27094;36.1;19.0
15;2021-05-13;1165;438;52790;27532;37.0;19.3
15;2021-05-14;1503;581;54293;28113;38.0;19.7
15;2021-05-15;1410;417;55703;28530;39.0;20.0
15;2021-05-16;1;10;55704;28540;39.0;20.0
15;2021-05-17;1000;606;56704;29146;39.7;20.4
15;2021-05-18;1222;969;57926;30115;40.6;21.1
15;2021-05-19;1020;458;58946;30573;41.3;21.4
15;2021-05-20;1239;776;60185;31349;42.1;22.0
15;2021-05-21;1348;748;61533;32097;43.1;22.5
15;2021-05-22;527;186;62060;32283;43.5;22.6
15;2021-05-23;2;11;62062;32294;43.5;22.6
15;2021-05-24;693;257;62755;32551;43.9;22.8
15;2021-05-25;1151;620;63906;33171;44.7;23.2
15;2021-05-26;1096;458;65002;33629;45.5;23.5
15;2021-05-27;1269;661;66271;34290;46.4;24.0
15;2021-05-28;1509;885;67780;35175;47.5;24.6
15;2021-05-29;984;361;68764;35536;48.2;24.9
15;2021-05-30;14;25;68778;35561;48.2;24.9
15;2021-05-31;1201;478;69979;36039;49.0;25.2
15;2021-06-01;1399;571;71378;36610;50.0;25.6
15;2021-06-02;865;417;72243;37027;50.6;25.9
15;2021-06-03;931;711;73174;37738;51.2;26.4
15;2021-06-04;1076;718;74250;38456;52.0;26.9
15;2021-06-05;651;263;74901;38719;52.4;27.1
15;2021-06-06;16;20;74917;38739;52.5;27.1
15;2021-06-07;785;350;75702;39089;53.0;27.4
15;2021-06-08;474;396;76176;39485;53.3;27.6
15;2021-06-09;376;374;76552;39859;53.6;27.9
15;2021-06-10;272;425;76824;40284;53.8;28.2
15;2021-06-11;661;1097;77485;41381;54.3;29.0
15;2021-06-12;377;466;77862;41847;54.5;29.3
15;2021-06-13;12;6;77874;41853;54.5;29.3
15;2021-06-14;542;976;78416;42829;54.9;30.0
15;2021-06-15;450;1162;78866;43991;55.2;30.8
15;2021-06-16;540;899;79406;44890;55.6;31.4
15;2021-06-17;287;935;79693;45825;55.8;32.1
15;2021-06-18;740;1203;80433;47028;56.3;32.9
15;2021-06-19;541;705;80974;47733;56.7;33.4
15;2021-06-20;11;1;80985;47734;56.7;33.4
15;2021-06-21;277;1036;81262;48770;56.9;34.2
15;2021-06-22;229;1479;81491;50249;57.1;35.2
15;2021-06-23;342;1445;81833;51694;57.3;36.2
15;2021-06-24;292;1093;82125;52787;57.5;37.0
15;2021-06-25;378;1640;82503;54427;57.8;38.1
15;2021-06-26;164;909;82667;55336;57.9;38.7
15;2021-06-27;0;0;82667;55336;57.9;38.7
15;2021-06-28;174;1228;82841;56564;58.0;39.6
15;2021-06-29;299;1264;83140;57828;58.2;40.5
15;2021-06-30;267;982;83407;58810;58.4;41.2
15;2021-07-01;376;1226;83783;60036;58.7;42.0
15;2021-07-02;406;1355;84189;61391;59.0;43.0
15;2021-07-03;251;710;84440;62101;59.1;43.5
15;2021-07-04;0;1;84440;62102;59.1;43.5
15;2021-07-05;246;1261;84686;63363;59.3;44.4
15;2021-07-06;269;1473;84955;64836;59.5;45.4
15;2021-07-07;251;1344;85206;66180;59.7;46.3
15;2021-07-08;487;1352;85693;67532;60.0;47.3
15;2021-07-09;478;1790;86171;69322;60.3;48.5
15;2021-07-10;214;866;86385;70188;60.5;49.1
15;2021-07-11;7;5;86392;70193;60.5;49.2
15;2021-07-12;268;1486;86660;71679;60.7;50.2
15;2021-07-13;577;1765;87237;73444;61.1;51.4
15;2021-07-14;8;130;87245;73574;61.1;51.5
15;2021-07-15;1129;729;88374;74303;61.9;52.0
15;2021-07-16;1124;1338;89498;75641;62.7;53.0
15;2021-07-17;815;949;90313;76590;63.2;53.6
15;2021-07-18;0;3;90313;76593;63.2;53.6
15;2021-07-19;1056;1269;91369;77862;64.0;54.5
15;2021-07-20;1607;567;92976;78429;65.1;54.9
15;2021-07-21;1165;601;94141;79030;65.9;55.3
15;2021-07-22;889;513;95030;79543;66.5;55.7
15;2021-07-23;1325;1051;96355;80594;67.5;56.4
15;2021-07-24;626;766;96981;81360;67.9;57.0
15;2021-07-25;1;24;96982;81384;67.9;57.0
16;2020-12-27;0;0;0;0;0.0;0.0
16;2020-12-28;0;0;0;0;0.0;0.0
16;2020-12-29;0;0;0;0;0.0;0.0
16;2020-12-30;0;0;0;0;0.0;0.0
16;2020-12-31;0;0;0;0;0.0;0.0
16;2021-01-01;0;0;0;0;0.0;0.0
16;2021-01-02;0;0;0;0;0.0;0.0
16;2021-01-03;0;0;0;0;0.0;0.0
16;2021-01-04;1;0;1;0;0.0;0.0
16;2021-01-05;1;0;2;0;0.0;0.0
16;2021-01-06;88;0;90;0;0.0;0.0
16;2021-01-07;239;0;329;0;0.1;0.0
16;2021-01-08;464;2;793;2;0.2;0.0
16;2021-01-09;1;0;794;2;0.2;0.0
16;2021-01-10;1;0;795;2;0.2;0.0
16;2021-01-11;303;0;1098;2;0.3;0.0
16;2021-01-12;436;1;1534;3;0.4;0.0
16;2021-01-13;479;0;2013;3;0.6;0.0
16;2021-01-14;596;6;2609;9;0.7;0.0
16;2021-01-15;504;4;3113;13;0.9;0.0
16;2021-01-16;0;0;3113;13;0.9;0.0
16;2021-01-17;0;0;3113;13;0.9;0.0
16;2021-01-18;430;5;3543;18;1.0;0.0
16;2021-01-19;831;2;4374;20;1.3;0.0
16;2021-01-20;1181;2;5555;22;1.6;0.0
16;2021-01-21;1347;2;6902;24;2.0;0.0
16;2021-01-22;1110;0;8012;24;2.3;0.0
16;2021-01-23;183;0;8195;24;2.4;0.0
16;2021-01-24;0;0;8195;24;2.4;0.0
16;2021-01-25;641;2;8836;26;2.5;0.0
16;2021-01-26;1024;0;9860;26;2.8;0.0
16;2021-01-27;1400;104;11260;130;3.2;0.0
16;2021-01-28;1255;60;12515;190;3.6;0.1
16;2021-01-29;743;141;13258;331;3.8;0.1
16;2021-01-30;36;0;13294;331;3.8;0.1
16;2021-01-31;0;0;13294;331;3.8;0.1
16;2021-02-01;395;206;13689;537;3.9;0.2
16;2021-02-02;576;174;14265;711;4.1;0.2
16;2021-02-03;620;352;14885;1063;4.3;0.3
16;2021-02-04;462;271;15347;1334;4.4;0.4
16;2021-02-05;504;277;15851;1611;4.6;0.5
16;2021-02-06;1;81;15852;1692;4.6;0.5
16;2021-02-07;41;1;15893;1693;4.6;0.5
16;2021-02-08;355;220;16248;1913;4.7;0.5
16;2021-02-09;649;294;16897;2207;4.9;0.6
16;2021-02-10;693;679;17590;2886;5.1;0.8
16;2021-02-11;797;615;18387;3501;5.3;1.0
16;2021-02-12;623;834;19010;4335;5.5;1.2
16;2021-02-13;42;78;19052;4413;5.5;1.3
16;2021-02-14;2;7;19054;4420;5.5;1.3
16;2021-02-15;217;667;19271;5087;5.5;1.5
16;2021-02-16;374;959;19645;6046;5.6;1.7
16;2021-02-17;351;1312;19996;7358;5.7;2.1
16;2021-02-18;510;1256;20506;8614;5.9;2.5
16;2021-02-19;389;801;20895;9415;6.0;2.7
16;2021-02-20;1;8;20896;9423;6.0;2.7
16;2021-02-21;0;0;20896;9423;6.0;2.7
16;2021-02-22;135;544;21031;9967;6.0;2.9
16;2021-02-23;206;928;21237;10895;6.1;3.1
16;2021-02-24;273;901;21510;11796;6.2;3.4
16;2021-02-25;395;689;21905;12485;6.3;3.6
16;2021-02-26;478;502;22383;12987;6.4;3.7
16;2021-02-27;249;1;22632;12988;6.5;3.7
16;2021-02-28;5;5;22637;12993;6.5;3.7
16;2021-03-01;152;327;22789;13320;6.5;3.8
16;2021-03-02;270;671;23059;13991;6.6;4.0
16;2021-03-03;391;726;23450;14717;6.7;4.2
16;2021-03-04;806;570;24256;15287;7.0;4.4
16;2021-03-05;1139;537;25395;15824;7.3;4.5
16;2021-03-06;751;13;26146;15837;7.5;4.5
16;2021-03-07;94;18;26240;15855;7.5;4.6
16;2021-03-08;436;319;26676;16174;7.7;4.6
16;2021-03-09;769;700;27445;16874;7.9;4.8
16;2021-03-10;606;668;28051;17542;8.1;5.0
16;2021-03-11;1445;529;29496;18071;8.5;5.2
16;2021-03-12;1164;458;30660;18529;8.8;5.3
16;2021-03-13;764;12;31424;18541;9.0;5.3
16;2021-03-14;1;0;31425;18541;9.0;5.3
16;2021-03-15;461;182;31886;18723;9.2;5.4
16;2021-03-16;859;421;32745;19144;9.4;5.5
16;2021-03-17;589;287;33334;19431;9.6;5.6
16;2021-03-18;1031;280;34365;19711;9.9;5.7
16;2021-03-19;1102;247;35467;19958;10.2;5.7
16;2021-03-20;395;2;35862;19960;10.3;5.7
16;2021-03-21;9;0;35871;19960;10.3;5.7
16;2021-03-22;727;100;36598;20060;10.5;5.8
16;2021-03-23;1462;102;38060;20162;10.9;5.8
16;2021-03-24;1118;184;39178;20346;11.3;5.8
16;2021-03-25;2046;90;41224;20436;11.8;5.9
16;2021-03-26;1915;93;43139;20529;12.4;5.9
16;2021-03-27;431;21;43570;20550;12.5;5.9
16;2021-03-28;0;0;43570;20550;12.5;5.9
16;2021-03-29;923;61;44493;20611;12.8;5.9
16;2021-03-30;1880;175;46373;20786;13.3;6.0
16;2021-03-31;1514;129;47887;20915;13.8;6.0
16;2021-04-01;2008;398;49895;21313;14.3;6.1
16;2021-04-02;1442;379;51337;21692;14.7;6.2
16;2021-04-03;288;2;51625;21694;14.8;6.2
16;2021-04-04;1;0;51626;21694;14.8;6.2
16;2021-04-05;2;0;51628;21694;14.8;6.2
16;2021-04-06;2009;540;53637;22234;15.4;6.4
16;2021-04-07;1951;400;55588;22634;16.0;6.5
16;2021-04-08;2823;586;58411;23220;16.8;6.7
16;2021-04-09;2694;550;61105;23770;17.5;6.8
16;2021-04-10;1290;37;62395;23807;17.9;6.8
16;2021-04-11;2;0;62397;23807;17.9;6.8
16;2021-04-12;1430;316;63827;24123;18.3;6.9
16;2021-04-13;2120;839;65947;24962;18.9;7.2
16;2021-04-14;1949;632;67896;25594;19.5;7.4
16;2021-04-15;2101;983;69997;26577;20.1;7.6
16;2021-04-16;2035;774;72032;27351;20.7;7.9
16;2021-04-17;1504;83;73536;27434;21.1;7.9
16;2021-04-18;198;3;73734;27437;21.2;7.9
16;2021-04-19;1438;522;75172;27959;21.6;8.0
16;2021-04-20;2051;1228;77223;29187;22.2;8.4
16;2021-04-21;1775;738;78998;29925;22.7;8.6
16;2021-04-22;2291;1000;81289;30925;23.3;8.9
16;2021-04-23;2359;1166;83648;32091;24.0;9.2
16;2021-04-24;827;37;84475;32128;24.3;9.2
16;2021-04-25;117;9;84592;32137;24.3;9.2
16;2021-04-26;1399;806;85991;32943;24.7;9.5
16;2021-04-27;2057;1417;88048;34360;25.3;9.9
16;2021-04-28;1588;1125;89636;35485;25.7;10.2
16;2021-04-29;2244;1495;91880;36980;26.4;10.6
16;2021-04-30;2851;1338;94731;38318;27.2;11.0
16;2021-05-01;353;59;95084;38377;27.3;11.0
16;2021-05-02;155;13;95239;38390;27.4;11.0
16;2021-05-03;2610;533;97849;38923;28.1;11.2
16;2021-05-04;2062;2045;99911;40968;28.7;11.8
16;2021-05-05;1690;1832;101601;42800;29.2;12.3
16;2021-05-06;1885;2237;103486;45037;29.7;12.9
16;2021-05-07;3068;2120;106554;47157;30.6;13.5
16;2021-05-08;1196;469;107750;47626;30.9;13.7
16;2021-05-09;530;26;108280;47652;31.1;13.7
16;2021-05-10;1930;1625;110210;49277;31.7;14.2
16;2021-05-11;2355;1960;112565;51237;32.3;14.7
16;2021-05-12;1731;1799;114296;53036;32.8;15.2
16;2021-05-13;1460;355;115756;53391;33.2;15.3
16;2021-05-14;1989;1560;117745;54951;33.8;15.8
16;2021-05-15;595;897;118340;55848;34.0;16.0
16;2021-05-16;132;6;118472;55854;34.0;16.0
16;2021-05-17;1608;1285;120080;57139;34.5;16.4
16;2021-05-18;2760;1419;122840;58558;35.3;16.8
16;2021-05-19;2005;1234;124845;59792;35.9;17.2
16;2021-05-20;2835;1387;127680;61179;36.7;17.6
16;2021-05-21;2947;1396;130627;62575;37.5;18.0
16;2021-05-22;413;710;131040;63285;37.6;18.2
16;2021-05-23;209;11;131249;63296;37.7;18.2
16;2021-05-24;1261;236;132510;63532;38.1;18.2
16;2021-05-25;2765;1454;135275;64986;38.9;18.7
16;2021-05-26;1830;1186;137105;66172;39.4;19.0
16;2021-05-27;2419;1585;139524;67757;40.1;19.5
16;2021-05-28;2893;1568;142417;69325;40.9;19.9
16;2021-05-29;814;883;143231;70208;41.1;20.2
16;2021-05-30;1;4;143232;70212;41.1;20.2
16;2021-05-31;1984;1103;145216;71315;41.7;20.5
16;2021-06-01;2346;1715;147562;73030;42.4;21.0
16;2021-06-02;1821;1505;149383;74535;42.9;21.4
16;2021-06-03;2619;1761;152002;76296;43.7;21.9
16;2021-06-04;2833;2032;154835;78328;44.5;22.5
16;2021-06-05;1003;549;155838;78877;44.8;22.7
16;2021-06-06;160;28;155998;78905;44.8;22.7
16;2021-06-07;1989;1282;157987;80187;45.4;23.0
16;2021-06-08;2392;1994;160379;82181;46.1;23.6
16;2021-06-09;2528;1609;162907;83790;46.8;24.1
16;2021-06-10;2570;2000;165477;85790;47.5;24.6
16;2021-06-11;2151;2734;167628;88524;48.1;25.4
16;2021-06-12;1610;515;169238;89039;48.6;25.6
16;2021-06-13;260;72;169498;89111;48.7;25.6
16;2021-06-14;795;2798;170293;91909;48.9;26.4
16;2021-06-15;1860;2623;172153;94532;49.4;27.2
16;2021-06-16;1569;2089;173722;96621;49.9;27.8
16;2021-06-17;2019;2502;175741;99123;50.5;28.5
16;2021-06-18;2056;3222;177797;102345;51.1;29.4
16;2021-06-19;1347;1310;179144;103655;51.5;29.8
16;2021-06-20;242;27;179386;103682;51.5;29.8
16;2021-06-21;1405;2175;180791;105857;51.9;30.4
16;2021-06-22;1670;2945;182461;108802;52.4;31.2
16;2021-06-23;1560;2020;184021;110822;52.9;31.8
16;2021-06-24;1919;2169;185940;112991;53.4;32.5
16;2021-06-25;1982;2726;187922;115717;54.0;33.2
16;2021-06-26;1054;719;188976;116436;54.3;33.4
16;2021-06-27;130;25;189106;116461;54.3;33.4
16;2021-06-28;1157;1965;190263;118426;54.6;34.0
16;2021-06-29;1270;3359;191533;121785;55.0;35.0
16;2021-06-30;1332;2713;192865;124498;55.4;35.8
16;2021-07-01;1849;3151;194714;127649;55.9;36.7
16;2021-07-02;1419;3586;196133;131235;56.3;37.7
16;2021-07-03;689;1115;196822;132350;56.5;38.0
16;2021-07-04;1;13;196823;132363;56.5;38.0
16;2021-07-05;809;2303;197632;134666;56.8;38.7
16;2021-07-06;1272;3369;198904;138035;57.1;39.6
16;2021-07-07;857;2276;199761;140311;57.4;40.3
16;2021-07-08;1229;2738;200990;143049;57.7;41.1
16;2021-07-09;1110;3699;202100;146748;58.0;42.1
16;2021-07-10;336;1341;202436;148089;58.1;42.5
16;2021-07-11;2;13;202438;148102;58.1;42.5
16;2021-07-12;631;2445;203069;150547;58.3;43.2
16;2021-07-13;1371;3532;204440;154079;58.7;44.3
16;2021-07-14;797;875;205237;154954;58.9;44.5
16;2021-07-15;1236;3409;206473;158363;59.3;45.5
16;2021-07-16;1490;3386;207963;161749;59.7;46.5
16;2021-07-17;528;1188;208491;162937;59.9;46.8
16;2021-07-18;13;6;208504;162943;59.9;46.8
16;2021-07-19;614;2860;209118;165803;60.1;47.6
16;2021-07-20;1120;3295;210238;169098;60.4;48.6
16;2021-07-21;1115;2617;211353;171715;60.7;49.3
16;2021-07-22;1853;2861;213206;174576;61.2;50.1
16;2021-07-23;1540;3544;214746;178120;61.7;51.2
16;2021-07-24;635;1208;215381;179328;61.9;51.5
16;2021-07-25;11;11;215392;179339;61.9;51.5
17;2020-12-27;0;0;0;0;0.0;0.0
17;2020-12-28;0;0;0;0;0.0;0.0
17;2020-12-29;0;0;0;0;0.0;0.0
17;2020-12-30;1;0;1;0;0.0;0.0
17;2020-12-31;0;0;1;0;0.0;0.0
17;2021-01-01;0;0;1;0;0.0;0.0
17;2021-01-02;0;0;1;0;0.0;0.0
17;2021-01-03;0;0;1;0;0.0;0.0
17;2021-01-04;56;0;57;0;0.0;0.0
17;2021-01-05;98;0;155;0;0.0;0.0
17;2021-01-06;132;0;287;0;0.0;0.0
17;2021-01-07;485;1;772;1;0.1;0.0
17;2021-01-08;418;0;1190;1;0.2;0.0
17;2021-01-09;0;0;1190;1;0.2;0.0
17;2021-01-10;1;0;1191;1;0.2;0.0
17;2021-01-11;380;1;1571;2;0.2;0.0
17;2021-01-12;733;1;2304;3;0.4;0.0
17;2021-01-13;652;2;2956;5;0.5;0.0
17;2021-01-14;613;9;3569;14;0.6;0.0
17;2021-01-15;679;1;4248;15;0.7;0.0
17;2021-01-16;126;2;4374;17;0.7;0.0
17;2021-01-17;17;0;4391;17;0.7;0.0
17;2021-01-18;879;1;5270;18;0.8;0.0
17;2021-01-19;1907;2;7177;20;1.1;0.0
17;2021-01-20;2390;2;9567;22;1.5;0.0
17;2021-01-21;2497;2;12064;24;1.9;0.0
17;2021-01-22;1879;5;13943;29;2.2;0.0
17;2021-01-23;738;1;14681;30;2.3;0.0
17;2021-01-24;48;0;14729;30;2.3;0.0
17;2021-01-25;1383;5;16112;35;2.5;0.0
17;2021-01-26;2109;2;18221;37;2.8;0.0
17;2021-01-27;1674;31;19895;68;3.1;0.0
17;2021-01-28;2474;230;22369;298;3.5;0.0
17;2021-01-29;1737;220;24106;518;3.7;0.1
17;2021-01-30;528;5;24634;523;3.8;0.1
17;2021-01-31;36;1;24670;524;3.8;0.1
17;2021-02-01;738;211;25408;735;3.9;0.1
17;2021-02-02;1184;348;26592;1083;4.1;0.2
17;2021-02-03;1251;409;27843;1492;4.3;0.2
17;2021-02-04;1157;503;29000;1995;4.5;0.3
17;2021-02-05;601;756;29601;2751;4.6;0.4
17;2021-02-06;17;42;29618;2793;4.6;0.4
17;2021-02-07;31;13;29649;2806;4.6;0.4
17;2021-02-08;707;402;30356;3208;4.7;0.5
17;2021-02-09;1099;1318;31455;4526;4.9;0.7
17;2021-02-10;862;1284;32317;5810;5.0;0.9
17;2021-02-11;1238;1399;33555;7209;5.2;1.1
17;2021-02-12;772;968;34327;8177;5.3;1.3
17;2021-02-13;42;104;34369;8281;5.3;1.3
17;2021-02-14;0;10;34369;8291;5.3;1.3
17;2021-02-15;619;1226;34988;9517;5.4;1.5
17;2021-02-16;747;1836;35735;11353;5.5;1.8
17;2021-02-17;797;1361;36532;12714;5.6;2.0
17;2021-02-18;963;2185;37495;14899;5.8;2.3
17;2021-02-19;1065;1546;38560;16445;6.0;2.5
17;2021-02-20;99;308;38659;16753;6.0;2.6
17;2021-02-21;9;2;38668;16755;6.0;2.6
17;2021-02-22;644;1630;39312;18385;6.1;2.8
17;2021-02-23;775;1537;40087;19922;6.2;3.1
17;2021-02-24;1077;1595;41164;21517;6.4;3.3
17;2021-02-25;1084;1709;42248;23226;6.5;3.6
17;2021-02-26;1304;1297;43552;24523;6.7;3.8
17;2021-02-27;525;246;44077;24769;6.8;3.8
17;2021-02-28;17;9;44094;24778;6.8;3.8
17;2021-03-01;634;1044;44728;25822;6.9;4.0
17;2021-03-02;1088;869;45816;26691;7.1;4.1
17;2021-03-03;1609;794;47425;27485;7.3;4.2
17;2021-03-04;2420;1136;49845;28621;7.7;4.4
17;2021-03-05;2659;678;52504;29299;8.1;4.5
17;2021-03-06;1022;25;53526;29324;8.3;4.5
17;2021-03-07;178;47;53704;29371;8.3;4.5
17;2021-03-08;1015;836;54719;30207;8.5;4.7
17;2021-03-09;1743;613;56462;30820;8.7;4.8
17;2021-03-10;2045;641;58507;31461;9.0;4.9
17;2021-03-11;3230;993;61737;32454;9.5;5.0
17;2021-03-12;3348;625;65085;33079;10.1;5.1
17;2021-03-13;1197;10;66282;33089;10.2;5.1
17;2021-03-14;29;0;66311;33089;10.2;5.1
17;2021-03-15;1237;993;67548;34082;10.4;5.3
17;2021-03-16;890;534;68438;34616;10.6;5.3
17;2021-03-17;1456;701;69894;35317;10.8;5.5
17;2021-03-18;1680;763;71574;36080;11.1;5.6
17;2021-03-19;2095;542;73669;36622;11.4;5.7
17;2021-03-20;1080;55;74749;36677;11.6;5.7
17;2021-03-21;34;42;74783;36719;11.6;5.7
17;2021-03-22;1573;688;76356;37407;11.8;5.8
17;2021-03-23;2484;579;78840;37986;12.2;5.9
17;2021-03-24;3536;846;82376;38832;12.7;6.0
17;2021-03-25;4701;636;87077;39468;13.5;6.1
17;2021-03-26;4934;463;92011;39931;14.2;6.2
17;2021-03-27;1734;69;93745;40000;14.5;6.2
17;2021-03-28;365;45;94110;40045;14.5;6.2
17;2021-03-29;2358;561;96468;40606;14.9;6.3
17;2021-03-30;2649;984;99117;41590;15.3;6.4
17;2021-03-31;3836;902;102953;42492;15.9;6.6
17;2021-04-01;4011;1149;106964;43641;16.5;6.7
17;2021-04-02;3701;826;110665;44467;17.1;6.9
17;2021-04-03;1148;185;111813;44652;17.3;6.9
17;2021-04-04;500;5;112313;44657;17.4;6.9
17;2021-04-05;442;128;112755;44785;17.4;6.9
17;2021-04-06;3479;1025;116234;45810;18.0;7.1
17;2021-04-07;4126;1139;120360;46949;18.6;7.3
17;2021-04-08;4564;1460;124924;48409;19.3;7.5
17;2021-04-09;6490;834;131414;49243;20.3;7.6
17;2021-04-10;2579;62;133993;49305;20.7;7.6
17;2021-04-11;784;16;134777;49321;20.8;7.6
17;2021-04-12;2886;1610;137663;50931;21.3;7.9
17;2021-04-13;4140;1280;141803;52211;21.9;8.1
17;2021-04-14;4414;1186;146217;53397;22.6;8.3
17;2021-04-15;4590;1133;150807;54530;23.3;8.4
17;2021-04-16;4290;1151;155097;55681;24.0;8.6
17;2021-04-17;1674;381;156771;56062;24.2;8.7
17;2021-04-18;471;81;157242;56143;24.3;8.7
17;2021-04-19;2341;2060;159583;58203;24.7;9.0
17;2021-04-20;2917;2549;162500;60752;25.1;9.4
17;2021-04-21;2970;1938;165470;62690;25.6;9.7
17;2021-04-22;3114;2355;168584;65045;26.1;10.1
17;2021-04-23;2440;2719;171024;67764;26.4;10.5
17;2021-04-24;1665;921;172689;68685;26.7;10.6
17;2021-04-25;664;244;173353;68929;26.8;10.7
17;2021-04-26;2571;2624;175924;71553;27.2;11.1
17;2021-04-27;3149;2669;179073;74222;27.7;11.5
17;2021-04-28;3097;2938;182170;77160;28.2;11.9
17;2021-04-29;4128;2857;186298;80017;28.8;12.4
17;2021-04-30;4347;2625;190645;82642;29.5;12.8
17;2021-05-01;849;543;191494;83185;29.6;12.9
17;2021-05-02;548;840;192042;84025;29.7;13.0
17;2021-05-03;2541;2950;194583;86975;30.1;13.4
17;2021-05-04;2320;3727;196903;90702;30.4;14.0
17;2021-05-05;2905;3696;199808;94398;30.9;14.6
17;2021-05-06;4119;3401;203927;97799;31.5;15.1
17;2021-05-07;4350;3629;208277;101428;32.2;15.7
17;2021-05-08;1291;753;209568;102181;32.4;15.8
17;2021-05-09;1306;702;210874;102883;32.6;15.9
17;2021-05-10;2720;3683;213594;106566;33.0;16.5
17;2021-05-11;3502;3998;217096;110564;33.6;17.1
17;2021-05-12;3527;3807;220623;114371;34.1;17.7
17;2021-05-13;2548;691;223171;115062;34.5;17.8
17;2021-05-14;3035;2394;226206;117456;35.0;18.2
17;2021-05-15;2124;662;228330;118118;35.3;18.3
17;2021-05-16;1733;313;230063;118431;35.6;18.3
17;2021-05-17;4285;1986;234348;120417;36.2;18.6
17;2021-05-18;4739;1632;239087;122049;36.9;18.9
17;2021-05-19;5062;1264;244149;123313;37.7;19.1
17;2021-05-20;4941;1944;249090;125257;38.5;19.4
17;2021-05-21;4991;1954;254081;127211;39.3;19.7
17;2021-05-22;2393;532;256474;127743;39.6;19.7
17;2021-05-23;1899;126;258373;127869;39.9;19.8
17;2021-05-24;1423;207;259796;128076;40.1;19.8
17;2021-05-25;4029;1766;263825;129842;40.8;20.1
17;2021-05-26;4365;2034;268190;131876;41.4;20.4
17;2021-05-27;5213;2129;273403;134005;42.3;20.7
17;2021-05-28;4459;3429;277862;137434;42.9;21.2
17;2021-05-29;1560;1702;279422;139136;43.2;21.5
17;2021-05-30;855;406;280277;139542;43.3;21.6
17;2021-05-31;2939;3014;283216;142556;43.8;22.0
17;2021-06-01;4291;2924;287507;145480;44.4;22.5
17;2021-06-02;4186;3165;291693;148645;45.1;23.0
17;2021-06-03;5049;3162;296742;151807;45.9;23.5
17;2021-06-04;4513;3852;301255;155659;46.6;24.1
17;2021-06-05;1985;1605;303240;157264;46.9;24.3
17;2021-06-06;848;732;304088;157996;47.0;24.4
17;2021-06-07;3129;4338;307217;162334;47.5;25.1
17;2021-06-08;3785;4487;311002;166821;48.1;25.8
17;2021-06-09;4346;3046;315348;169867;48.7;26.3
17;2021-06-10;4920;2782;320268;172649;49.5;26.7
17;2021-06-11;4768;3682;325036;176331;50.2;27.3
17;2021-06-12;1808;1396;326844;177727;50.5;27.5
17;2021-06-13;604;414;327448;178141;50.6;27.5
17;2021-06-14;2828;4527;330276;182668;51.0;28.2
17;2021-06-15;3610;4374;333886;187042;51.6;28.9
17;2021-06-16;4128;3678;338014;190720;52.2;29.5
17;2021-06-17;4346;4116;342360;194836;52.9;30.1
17;2021-06-18;4035;4431;346395;199267;53.5;30.8
17;2021-06-19;1443;1986;347838;201253;53.8;31.1
17;2021-06-20;592;1033;348430;202286;53.8;31.3
17;2021-06-21;2539;4370;350969;206656;54.2;31.9
17;2021-06-22;3511;4443;354480;211099;54.8;32.6
17;2021-06-23;3762;3973;358242;215072;55.4;33.2
17;2021-06-24;3576;3954;361818;219026;55.9;33.8
17;2021-06-25;2700;4982;364518;224008;56.3;34.6
17;2021-06-26;899;2338;365417;226346;56.5;35.0
17;2021-06-27;395;1907;365812;228253;56.5;35.3
17;2021-06-28;1516;5432;367328;233685;56.8;36.1
17;2021-06-29;1669;5891;368997;239576;57.0;37.0
17;2021-06-30;2016;5564;371013;245140;57.3;37.9
17;2021-07-01;2196;5565;373209;250705;57.7;38.7
17;2021-07-02;2463;5998;375672;256703;58.1;39.7
17;2021-07-03;621;2548;376293;259251;58.2;40.1
17;2021-07-04;150;1253;376443;260504;58.2;40.3
17;2021-07-05;1849;5183;378292;265687;58.5;41.1
17;2021-07-06;2114;5598;380406;271285;58.8;41.9
17;2021-07-07;2370;5501;382776;276786;59.2;42.8
17;2021-07-08;2893;5448;385669;282234;59.6;43.6
17;2021-07-09;2503;6088;388172;288322;60.0;44.6
17;2021-07-10;823;2478;388995;290800;60.1;44.9
17;2021-07-11;367;903;389362;291703;60.2;45.1
17;2021-07-12;1990;5631;391352;297334;60.5;46.0
17;2021-07-13;2347;6720;393699;304054;60.8;47.0
17;2021-07-14;63;70;393762;304124;60.9;47.0
17;2021-07-15;2164;6858;395926;310982;61.2;48.1
17;2021-07-16;2751;6974;398677;317956;61.6;49.1
17;2021-07-17;1002;2278;399679;320234;61.8;49.5
17;2021-07-18;310;1039;399989;321273;61.8;49.6
17;2021-07-19;2616;5918;402605;327191;62.2;50.6
17;2021-07-20;3264;6327;405869;333518;62.7;51.5
17;2021-07-21;3744;6014;409613;339532;63.3;52.5
17;2021-07-22;4194;6267;413807;345799;63.9;53.4
17;2021-07-23;3745;6540;417552;352339;64.5;54.5
17;2021-07-24;2057;1400;419609;353739;64.8;54.7
17;2021-07-25;1031;407;420640;354146;65.0;54.7
18;2020-12-27;0;0;0;0;0.0;0.0
18;2020-12-28;0;0;0;0;0.0;0.0
18;2020-12-29;0;0;0;0;0.0;0.0
18;2020-12-30;1;0;1;0;0.0;0.0
18;2020-12-31;0;0;1;0;0.0;0.0
18;2021-01-01;0;0;1;0;0.0;0.0
18;2021-01-02;0;0;1;0;0.0;0.0
18;2021-01-03;0;0;1;0;0.0;0.0
18;2021-01-04;3;0;4;0;0.0;0.0
18;2021-01-05;0;0;4;0;0.0;0.0
18;2021-01-06;1;0;5;0;0.0;0.0
18;2021-01-07;30;1;35;1;0.0;0.0
18;2021-01-08;65;0;100;1;0.0;0.0
18;2021-01-09;224;0;324;1;0.1;0.0
18;2021-01-10;146;0;470;1;0.2;0.0
18;2021-01-11;170;1;640;2;0.2;0.0
18;2021-01-12;373;0;1013;2;0.3;0.0
18;2021-01-13;270;2;1283;4;0.4;0.0
18;2021-01-14;270;2;1553;6;0.5;0.0
18;2021-01-15;332;1;1885;7;0.6;0.0
18;2021-01-16;288;3;2173;10;0.7;0.0
18;2021-01-17;1;0;2174;10;0.7;0.0
18;2021-01-18;289;0;2463;10;0.8;0.0
18;2021-01-19;1375;4;3838;14;1.3;0.0
18;2021-01-20;1239;1;5077;15;1.7;0.0
18;2021-01-21;961;0;6038;15;2.0;0.0
18;2021-01-22;780;1;6818;16;2.3;0.0
18;2021-01-23;249;2;7067;18;2.4;0.0
18;2021-01-24;0;0;7067;18;2.4;0.0
18;2021-01-25;509;0;7576;18;2.6;0.0
18;2021-01-26;395;1;7971;19;2.7;0.0
18;2021-01-27;389;2;8360;21;2.8;0.0
18;2021-01-28;566;7;8926;28;3.0;0.0
18;2021-01-29;492;72;9418;100;3.2;0.0
18;2021-01-30;432;167;9850;267;3.3;0.1
18;2021-01-31;81;121;9931;388;3.4;0.1
18;2021-02-01;328;142;10259;530;3.5;0.2
18;2021-02-02;505;244;10764;774;3.6;0.3
18;2021-02-03;397;204;11161;978;3.8;0.3
18;2021-02-04;630;226;11791;1204;4.0;0.4
18;2021-02-05;449;194;12240;1398;4.1;0.5
18;2021-02-06;283;103;12523;1501;4.2;0.5
18;2021-02-07;107;1;12630;1502;4.3;0.5
18;2021-02-08;268;231;12898;1733;4.4;0.6
18;2021-02-09;582;781;13480;2514;4.5;0.8
18;2021-02-10;739;700;14219;3214;4.8;1.1
18;2021-02-11;655;448;14874;3662;5.0;1.2
18;2021-02-12;502;326;15376;3988;5.2;1.3
18;2021-02-13;286;124;15662;4112;5.3;1.4
18;2021-02-14;364;96;16026;4208;5.4;1.4
18;2021-02-15;379;392;16405;4600;5.5;1.6
18;2021-02-16;399;397;16804;4997;5.7;1.7
18;2021-02-17;403;457;17207;5454;5.8;1.8
18;2021-02-18;343;544;17550;5998;5.9;2.0
18;2021-02-19;469;303;18019;6301;6.1;2.1
18;2021-02-20;719;238;18738;6539;6.3;2.2
18;2021-02-21;316;0;19054;6539;6.4;2.2
18;2021-02-22;217;371;19271;6910;6.5;2.3
18;2021-02-23;204;351;19475;7261;6.6;2.4
18;2021-02-24;240;271;19715;7532;6.7;2.5
18;2021-02-25;293;521;20008;8053;6.8;2.7
18;2021-02-26;582;236;20590;8289;6.9;2.8
18;2021-02-27;510;389;21100;8678;7.1;2.9
18;2021-02-28;6;68;21106;8746;7.1;3.0
18;2021-03-01;235;415;21341;9161;7.2;3.1
18;2021-03-02;283;520;21624;9681;7.3;3.3
18;2021-03-03;345;586;21969;10267;7.4;3.5
18;2021-03-04;475;572;22444;10839;7.6;3.7
18;2021-03-05;524;372;22968;11211;7.7;3.8
18;2021-03-06;1069;340;24037;11551;8.1;3.9
18;2021-03-07;7;140;24044;11691;8.1;3.9
18;2021-03-08;334;361;24378;12052;8.2;4.1
18;2021-03-09;410;367;24788;12419;8.4;4.2
18;2021-03-10;423;451;25211;12870;8.5;4.3
18;2021-03-11;517;421;25728;13291;8.7;4.5
18;2021-03-12;704;302;26432;13593;8.9;4.6
18;2021-03-13;1162;245;27594;13838;9.3;4.7
18;2021-03-14;299;212;27893;14050;9.4;4.7
18;2021-03-15;489;376;28382;14426;9.6;4.9
18;2021-03-16;392;314;28774;14740;9.7;5.0
18;2021-03-17;383;412;29157;15152;9.8;5.1
18;2021-03-18;511;229;29668;15381;10.0;5.2
18;2021-03-19;755;225;30423;15606;10.3;5.3
18;2021-03-20;985;613;31408;16219;10.6;5.5
18;2021-03-21;309;305;31717;16524;10.7;5.6
18;2021-03-22;601;296;32318;16820;10.9;5.7
18;2021-03-23;706;288;33024;17108;11.1;5.8
18;2021-03-24;1052;295;34076;17403;11.5;5.9
18;2021-03-25;1049;295;35125;17698;11.9;6.0
18;2021-03-26;1210;343;36335;18041;12.3;6.1
18;2021-03-27;1489;318;37824;18359;12.8;6.2
18;2021-03-28;215;0;38039;18359;12.8;6.2
18;2021-03-29;1101;191;39140;18550;13.2;6.3
18;2021-03-30;1085;301;40225;18851;13.6;6.4
18;2021-03-31;1304;248;41529;19099;14.0;6.4
18;2021-04-01;1374;341;42903;19440;14.5;6.6
18;2021-04-02;1229;301;44132;19741;14.9;6.7
18;2021-04-03;581;178;44713;19919;15.1;6.7
18;2021-04-04;71;5;44784;19924;15.1;6.7
18;2021-04-05;199;0;44983;19924;15.2;6.7
18;2021-04-06;1025;335;46008;20259;15.5;6.8
18;2021-04-07;1321;360;47329;20619;16.0;7.0
18;2021-04-08;1692;324;49021;20943;16.5;7.1
18;2021-04-09;1832;273;50853;21216;17.2;7.2
18;2021-04-10;2632;649;53485;21865;18.0;7.4
18;2021-04-11;1985;310;55470;22175;18.7;7.5
18;2021-04-12;1403;387;56873;22562;19.2;7.6
18;2021-04-13;1784;458;58657;23020;19.8;7.8
18;2021-04-14;1377;514;60034;23534;20.3;7.9
18;2021-04-15;1533;527;61567;24061;20.8;8.1
18;2021-04-16;1613;586;63180;24647;21.3;8.3
18;2021-04-17;1599;517;64779;25164;21.9;8.5
18;2021-04-18;377;232;65156;25396;22.0;8.6
18;2021-04-19;1316;591;66472;25987;22.4;8.8
18;2021-04-20;1445;702;67917;26689;22.9;9.0
18;2021-04-21;1270;899;69187;27588;23.3;9.3
18;2021-04-22;1401;701;70588;28289;23.8;9.5
18;2021-04-23;1386;732;71974;29021;24.3;9.8
18;2021-04-24;1354;1267;73328;30288;24.7;10.2
18;2021-04-25;288;216;73616;30504;24.8;10.3
18;2021-04-26;1206;941;74822;31445;25.2;10.6
18;2021-04-27;1544;756;76366;32201;25.8;10.9
18;2021-04-28;1357;870;77723;33071;26.2;11.2
18;2021-04-29;1845;732;79568;33803;26.8;11.4
18;2021-04-30;1569;992;81137;34795;27.4;11.7
18;2021-05-01;787;209;81924;35004;27.6;11.8
18;2021-05-02;806;54;82730;35058;27.9;11.8
18;2021-05-03;1626;1000;84356;36058;28.5;12.2
18;2021-05-04;1729;1272;86085;37330;29.0;12.6
18;2021-05-05;1733;1210;87818;38540;29.6;13.0
18;2021-05-06;2165;1350;89983;39890;30.4;13.5
18;2021-05-07;1234;1399;91217;41289;30.8;13.9
18;2021-05-08;994;1458;92211;42747;31.1;14.4
18;2021-05-09;501;2257;92712;45004;31.3;15.2
18;2021-05-10;1155;1505;93867;46509;31.7;15.7
18;2021-05-11;1694;1753;95561;48262;32.2;16.3
18;2021-05-12;1808;1490;97369;49752;32.9;16.8
18;2021-05-13;1061;371;98430;50123;33.2;16.9
18;2021-05-14;1345;943;99775;51066;33.7;17.2
18;2021-05-15;1810;1154;101585;52220;34.3;17.6
18;2021-05-16;538;582;102123;52802;34.5;17.8
18;2021-05-17;1246;1091;103369;53893;34.9;18.2
18;2021-05-18;2147;929;105516;54822;35.6;18.5
18;2021-05-19;2164;912;107680;55734;36.3;18.8
18;2021-05-20;2274;977;109954;56711;37.1;19.1
18;2021-05-21;1497;761;111451;57472;37.6;19.4
18;2021-05-22;1724;1074;113175;58546;38.2;19.8
18;2021-05-23;484;336;113659;58882;38.3;19.9
18;2021-05-24;463;292;114122;59174;38.5;20.0
18;2021-05-25;1840;1060;115962;60234;39.1;20.3
18;2021-05-26;2152;837;118114;61071;39.8;20.6
18;2021-05-27;2205;1230;120319;62301;40.6;21.0
18;2021-05-28;1712;1305;122031;63606;41.2;21.5
18;2021-05-29;2619;1658;124650;65264;42.1;22.0
18;2021-05-30;1482;503;126132;65767;42.6;22.2
18;2021-05-31;1786;693;127918;66460;43.2;22.4
18;2021-06-01;2041;948;129959;67408;43.8;22.7
18;2021-06-02;2005;1021;131964;68429;44.5;23.1
18;2021-06-03;2284;1195;134248;69624;45.3;23.5
18;2021-06-04;1908;1123;136156;70747;45.9;23.9
18;2021-06-05;2803;1450;138959;72197;46.9;24.4
18;2021-06-06;365;380;139324;72577;47.0;24.5
18;2021-06-07;1296;1227;140620;73804;47.4;24.9
18;2021-06-08;1492;1392;142112;75196;47.9;25.4
18;2021-06-09;1327;1065;143439;76261;48.4;25.7
18;2021-06-10;1629;1409;145068;77670;48.9;26.2
18;2021-06-11;1495;1403;146563;79073;49.4;26.7
18;2021-06-12;1243;2507;147806;81580;49.9;27.5
18;2021-06-13;126;262;147932;81842;49.9;27.6
18;2021-06-14;657;1828;148589;83670;50.1;28.2
18;2021-06-15;1090;1821;149679;85491;50.5;28.8
18;2021-06-16;1251;1438;150930;86929;50.9;29.3
18;2021-06-17;1204;1669;152134;88598;51.3;29.9
18;2021-06-18;1288;1663;153422;90261;51.8;30.5
18;2021-06-19;1561;1246;154983;91507;52.3;30.9
18;2021-06-20;247;159;155230;91666;52.4;30.9
18;2021-06-21;664;1597;155894;93263;52.6;31.5
18;2021-06-22;1059;1639;156953;94902;53.0;32.0
18;2021-06-23;940;1640;157893;96542;53.3;32.6
18;2021-06-24;1027;1061;158920;97603;53.6;32.9
18;2021-06-25;886;1745;159806;99348;53.9;33.5
18;2021-06-26;1095;1476;160901;100824;54.3;34.0
18;2021-06-27;30;373;160931;101197;54.3;34.1
18;2021-06-28;421;1927;161352;103124;54.4;34.8
18;2021-06-29;586;2385;161938;105509;54.6;35.6
18;2021-06-30;601;2550;162539;108059;54.8;36.5
18;2021-07-01;943;2156;163482;110215;55.2;37.2
18;2021-07-02;608;1685;164090;111900;55.4;37.8
18;2021-07-03;749;2580;164839;114480;55.6;38.6
18;2021-07-04;164;1035;165003;115515;55.7;39.0
18;2021-07-05;759;1880;165762;117395;55.9;39.6
18;2021-07-06;551;2308;166313;119703;56.1;40.4
18;2021-07-07;765;2118;167078;121821;56.4;41.1
18;2021-07-08;1026;1983;168104;123804;56.7;41.8
18;2021-07-09;701;2305;168805;126109;57.0;42.5
18;2021-07-10;776;3180;169581;129289;57.2;43.6
18;2021-07-11;79;664;169660;129953;57.2;43.8
18;2021-07-12;220;2249;169880;132202;57.3;44.6
18;2021-07-13;614;2908;170494;135110;57.5;45.6
18;2021-07-14;194;936;170688;136046;57.6;45.9
18;2021-07-15;1388;2815;172076;138861;58.1;46.8
18;2021-07-16;1174;2130;173250;140991;58.5;47.6
18;2021-07-17;1120;2474;174370;143465;58.8;48.4
18;2021-07-18;229;328;174599;143793;58.9;48.5
18;2021-07-19;1047;1660;175646;145453;59.3;49.1
18;2021-07-20;1620;2264;177266;147717;59.8;49.8
18;2021-07-21;1885;2045;179151;149762;60.4;50.5
18;2021-07-22;2203;1880;181354;151642;61.2;51.2
18;2021-07-23;1359;1601;182713;153243;61.6;51.7
18;2021-07-24;858;1527;183571;154770;61.9;52.2
18;2021-07-25;181;396;183752;155166;62.0;52.3
19;2020-12-27;0;0;0;0;0.0;0.0
19;2020-12-28;0;0;0;0;0.0;0.0
19;2020-12-29;0;0;0;0;0.0;0.0
19;2020-12-30;0;0;0;0;0.0;0.0
19;2020-12-31;0;0;0;0;0.0;0.0
19;2021-01-01;0;0;0;0;0.0;0.0
19;2021-01-02;0;0;0;0;0.0;0.0
19;2021-01-03;0;0;0;0;0.0;0.0
19;2021-01-04;0;0;0;0;0.0;0.0
19;2021-01-05;0;0;0;0;0.0;0.0
19;2021-01-06;0;0;0;0;0.0;0.0
19;2021-01-07;343;1;343;1;0.1;0.0
19;2021-01-08;247;1;590;2;0.2;0.0
19;2021-01-09;0;0;590;2;0.2;0.0
19;2021-01-10;1;0;591;2;0.2;0.0
19;2021-01-11;38;0;629;2;0.3;0.0
19;2021-01-12;413;1;1042;3;0.4;0.0
19;2021-01-13;422;3;1464;6;0.6;0.0
19;2021-01-14;473;1;1937;7;0.8;0.0
19;2021-01-15;224;0;2161;7;0.9;0.0
19;2021-01-16;0;0;2161;7;0.9;0.0
19;2021-01-17;1;0;2162;7;0.9;0.0
19;2021-01-18;251;1;2413;8;1.0;0.0
19;2021-01-19;518;0;2931;8;1.2;0.0
19;2021-01-20;920;1;3851;9;1.6;0.0
19;2021-01-21;504;1;4355;10;1.8;0.0
19;2021-01-22;1316;3;5671;13;2.4;0.0
19;2021-01-23;280;0;5951;13;2.5;0.0
19;2021-01-24;36;0;5987;13;2.5;0.0
19;2021-01-25;233;0;6220;13;2.6;0.0
19;2021-01-26;607;4;6827;17;2.8;0.0
19;2021-01-27;334;3;7161;20;3.0;0.0
19;2021-01-28;297;249;7458;269;3.1;0.1
19;2021-01-29;346;60;7804;329;3.2;0.1
19;2021-01-30;130;23;7934;352;3.3;0.1
19;2021-01-31;41;0;7975;352;3.3;0.1
19;2021-02-01;155;96;8130;448;3.4;0.2
19;2021-02-02;303;429;8433;877;3.5;0.4
19;2021-02-03;283;247;8716;1124;3.6;0.5
19;2021-02-04;255;374;8971;1498;3.7;0.6
19;2021-02-05;310;75;9281;1573;3.9;0.7
19;2021-02-06;208;0;9489;1573;3.9;0.7
19;2021-02-07;48;1;9537;1574;4.0;0.7
19;2021-02-08;177;150;9714;1724;4.0;0.7
19;2021-02-09;332;275;10046;1999;4.2;0.8
19;2021-02-10;515;296;10561;2295;4.4;1.0
19;2021-02-11;410;327;10971;2622;4.6;1.1
19;2021-02-12;798;1166;11769;3788;4.9;1.6
19;2021-02-13;351;182;12120;3970;5.0;1.7
19;2021-02-14;98;13;12218;3983;5.1;1.7
19;2021-02-15;200;247;12418;4230;5.2;1.8
19;2021-02-16;385;172;12803;4402;5.3;1.8
19;2021-02-17;306;469;13109;4871;5.5;2.0
19;2021-02-18;174;510;13283;5381;5.5;2.2
19;2021-02-19;469;301;13752;5682;5.7;2.4
19;2021-02-20;133;208;13885;5890;5.8;2.5
19;2021-02-21;20;40;13905;5930;5.8;2.5
19;2021-02-22;219;211;14124;6141;5.9;2.6
19;2021-02-23;268;362;14392;6503;6.0;2.7
19;2021-02-24;359;208;14751;6711;6.1;2.8
19;2021-02-25;519;380;15270;7091;6.4;3.0
19;2021-02-26;395;318;15665;7409;6.5;3.1
19;2021-02-27;347;161;16012;7570;6.7;3.1
19;2021-02-28;68;36;16080;7606;6.7;3.2
19;2021-03-01;266;220;16346;7826;6.8;3.3
19;2021-03-02;428;257;16774;8083;7.0;3.4
19;2021-03-03;688;335;17462;8418;7.3;3.5
19;2021-03-04;823;350;18285;8768;7.6;3.6
19;2021-03-05;892;735;19177;9503;8.0;4.0
19;2021-03-06;1072;212;20249;9715;8.4;4.0
19;2021-03-07;463;37;20712;9752;8.6;4.1
19;2021-03-08;636;157;21348;9909;8.9;4.1
19;2021-03-09;835;247;22183;10156;9.2;4.2
19;2021-03-10;1153;315;23336;10471;9.7;4.4
19;2021-03-11;1272;308;24608;10779;10.2;4.5
19;2021-03-12;1134;399;25742;11178;10.7;4.7
19;2021-03-13;1108;159;26850;11337;11.2;4.7
19;2021-03-14;159;84;27009;11421;11.2;4.8
19;2021-03-15;698;135;27707;11556;11.5;4.8
19;2021-03-16;688;300;28395;11856;11.8;4.9
19;2021-03-17;837;280;29232;12136;12.2;5.0
19;2021-03-18;766;282;29998;12418;12.5;5.2
19;2021-03-19;1013;483;31011;12901;12.9;5.4
19;2021-03-20;781;130;31792;13031;13.2;5.4
19;2021-03-21;127;3;31919;13034;13.3;5.4
19;2021-03-22;547;176;32466;13210;13.5;5.5
19;2021-03-23;1044;230;33510;13440;13.9;5.6
19;2021-03-24;1169;368;34679;13808;14.4;5.7
19;2021-03-25;1187;410;35866;14218;14.9;5.9
19;2021-03-26;1319;272;37185;14490;15.5;6.0
19;2021-03-27;855;186;38040;14676;15.8;6.1
19;2021-03-28;62;60;38102;14736;15.9;6.1
19;2021-03-29;610;178;38712;14914;16.1;6.2
19;2021-03-30;969;342;39681;15256;16.5;6.3
19;2021-03-31;1156;498;40837;15754;17.0;6.6
19;2021-04-01;1491;420;42328;16174;17.6;6.7
19;2021-04-02;1006;518;43334;16692;18.0;6.9
19;2021-04-03;597;283;43931;16975;18.3;7.1
19;2021-04-04;130;3;44061;16978;18.3;7.1
19;2021-04-05;40;75;44101;17053;18.3;7.1
19;2021-04-06;737;601;44838;17654;18.7;7.3
19;2021-04-07;978;730;45816;18384;19.1;7.6
19;2021-04-08;1115;1012;46931;19396;19.5;8.1
19;2021-04-09;1641;606;48572;20002;20.2;8.3
19;2021-04-10;945;554;49517;20556;20.6;8.6
19;2021-04-11;558;74;50075;20630;20.8;8.6
19;2021-04-12;677;521;50752;21151;21.1;8.8
19;2021-04-13;916;575;51668;21726;21.5;9.0
19;2021-04-14;1333;838;53001;22564;22.1;9.4
19;2021-04-15;1228;868;54229;23432;22.6;9.7
19;2021-04-16;1503;819;55732;24251;23.2;10.1
19;2021-04-17;761;475;56493;24726;23.5;10.3
19;2021-04-18;659;69;57152;24795;23.8;10.3
19;2021-04-19;728;436;57880;25231;24.1;10.5
19;2021-04-20;975;746;58855;25977;24.5;10.8
19;2021-04-21;1271;694;60126;26671;25.0;11.1
19;2021-04-22;1189;890;61315;27561;25.5;11.5
19;2021-04-23;1128;1018;62443;28579;26.0;11.9
19;2021-04-24;678;670;63121;29249;26.3;12.2
19;2021-04-25;675;67;63796;29316;26.5;12.2
19;2021-04-26;1056;326;64852;29642;27.0;12.3
19;2021-04-27;1028;568;65880;30210;27.4;12.6
19;2021-04-28;1550;552;67430;30762;28.1;12.8
19;2021-04-29;1451;1194;68881;31956;28.7;13.3
19;2021-04-30;1877;1051;70758;33007;29.4;13.7
19;2021-05-01;669;168;71427;33175;29.7;13.8
19;2021-05-02;550;148;71977;33323;29.9;13.9
19;2021-05-03;852;547;72829;33870;30.3;14.1
19;2021-05-04;1025;702;73854;34572;30.7;14.4
19;2021-05-05;1253;737;75107;35309;31.3;14.7
19;2021-05-06;1127;1202;76234;36511;31.7;15.2
19;2021-05-07;1660;1188;77894;37699;32.4;15.7
19;2021-05-08;710;212;78604;37911;32.7;15.8
19;2021-05-09;487;544;79091;38455;32.9;16.0
19;2021-05-10;1164;667;80255;39122;33.4;16.3
19;2021-05-11;1636;856;81891;39978;34.1;16.6
19;2021-05-12;1942;1318;83833;41296;34.9;17.2
19;2021-05-13;570;240;84403;41536;35.1;17.3
19;2021-05-14;1645;985;86048;42521;35.8;17.7
19;2021-05-15;1443;589;87491;43110;36.4;17.9
19;2021-05-16;349;82;87840;43192;36.5;18.0
19;2021-05-17;1497;544;89337;43736;37.2;18.2
19;2021-05-18;1669;484;91006;44220;37.9;18.4
19;2021-05-19;1997;814;93003;45034;38.7;18.7
19;2021-05-20;1718;888;94721;45922;39.4;19.1
19;2021-05-21;1964;812;96685;46734;40.2;19.4
19;2021-05-22;1272;652;97957;47386;40.8;19.7
19;2021-05-23;324;130;98281;47516;40.9;19.8
19;2021-05-24;139;46;98420;47562;41.0;19.8
19;2021-05-25;1501;487;99921;48049;41.6;20.0
19;2021-05-26;1924;663;101845;48712;42.4;20.3
19;2021-05-27;1785;830;103630;49542;43.1;20.6
19;2021-05-28;1938;986;105568;50528;43.9;21.0
19;2021-05-29;1373;706;106941;51234;44.5;21.3
19;2021-05-30;190;497;107131;51731;44.6;21.5
19;2021-05-31;1200;537;108331;52268;45.1;21.7
19;2021-06-01;1281;883;109612;53151;45.6;22.1
19;2021-06-02;1815;957;111427;54108;46.4;22.5
19;2021-06-03;1447;1252;112874;55360;47.0;23.0
19;2021-06-04;1845;1346;114719;56706;47.7;23.6
19;2021-06-05;1209;813;115928;57519;48.2;23.9
19;2021-06-06;87;649;116015;58168;48.3;24.2
19;2021-06-07;922;933;116937;59101;48.7;24.6
19;2021-06-08;1105;907;118042;60008;49.1;25.0
19;2021-06-09;1328;1461;119370;61469;49.7;25.6
19;2021-06-10;1278;1580;120648;63049;50.2;26.2
19;2021-06-11;1314;1916;121962;64965;50.7;27.0
19;2021-06-12;1354;1317;123316;66282;51.3;27.6
19;2021-06-13;542;422;123858;66704;51.5;27.8
19;2021-06-14;735;1017;124593;67721;51.8;28.2
19;2021-06-15;975;1142;125568;68863;52.2;28.7
19;2021-06-16;1222;1360;126790;70223;52.8;29.2
19;2021-06-17;865;1793;127655;72016;53.1;30.0
19;2021-06-18;1057;2137;128712;74153;53.6;30.9
19;2021-06-19;917;1299;129629;75452;53.9;31.4
19;2021-06-20;394;325;130023;75777;54.1;31.5
19;2021-06-21;499;1075;130522;76852;54.3;32.0
19;2021-06-22;695;1491;131217;78343;54.6;32.6
19;2021-06-23;738;1982;131955;80325;54.9;33.4
19;2021-06-24;684;1662;132639;81987;55.2;34.1
19;2021-06-25;562;2214;133201;84201;55.4;35.0
19;2021-06-26;468;1740;133669;85941;55.6;35.8
19;2021-06-27;288;444;133957;86385;55.7;35.9
19;2021-06-28;315;1499;134272;87884;55.9;36.6
19;2021-06-29;348;1891;134620;89775;56.0;37.4
19;2021-06-30;783;2155;135403;91930;56.3;38.3
19;2021-07-01;355;2321;135758;94251;56.5;39.2
19;2021-07-02;775;2319;136533;96570;56.8;40.2
19;2021-07-03;511;1736;137044;98306;57.0;40.9
19;2021-07-04;1;73;137045;98379;57.0;40.9
19;2021-07-05;593;1014;137638;99393;57.3;41.4
19;2021-07-06;504;1540;138142;100933;57.5;42.0
19;2021-07-07;701;2048;138843;102981;57.8;42.8
19;2021-07-08;764;2151;139607;105132;58.1;43.7
19;2021-07-09;712;2661;140319;107793;58.4;44.9
19;2021-07-10;585;1705;140904;109498;58.6;45.6
19;2021-07-11;45;212;140949;109710;58.6;45.6
19;2021-07-12;447;1488;141396;111198;58.8;46.3
19;2021-07-13;676;1831;142072;113029;59.1;47.0
19;2021-07-14;198;272;142270;113301;59.2;47.1
19;2021-07-15;864;2051;143134;115352;59.6;48.0
19;2021-07-16;1219;2432;144353;117784;60.1;49.0
19;2021-07-17;700;1713;145053;119497;60.4;49.7
19;2021-07-18;362;665;145415;120162;60.5;50.0
19;2021-07-19;959;1402;146374;121564;60.9;50.6
19;2021-07-20;961;1668;147335;123232;61.3;51.3
19;2021-07-21;1023;1699;148358;124931;61.7;52.0
19;2021-07-22;1381;1850;149739;126781;62.3;52.8
19;2021-07-23;1768;1979;151507;128760;63.0;53.6
19;2021-07-24;904;1746;152411;130506;63.4;54.3
19;2021-07-25;157;513;152568;131019;63.5;54.5
21;2020-12-27;4;0;4;0;0.0;0.0
21;2020-12-28;1;0;5;0;0.0;0.0
21;2020-12-29;19;0;24;0;0.0;0.0
21;2020-12-30;20;0;44;0;0.0;0.0
21;2020-12-31;0;0;44;0;0.0;0.0
21;2021-01-01;0;0;44;0;0.0;0.0
21;2021-01-02;1;0;45;0;0.0;0.0
21;2021-01-03;0;0;45;0;0.0;0.0
21;2021-01-04;22;0;67;0;0.0;0.0
21;2021-01-05;250;2;317;2;0.1;0.0
21;2021-01-06;300;0;617;2;0.1;0.0
21;2021-01-07;388;0;1005;2;0.2;0.0
21;2021-01-08;455;3;1460;5;0.3;0.0
21;2021-01-09;251;0;1711;5;0.3;0.0
21;2021-01-10;1;0;1712;5;0.3;0.0
21;2021-01-11;623;1;2335;6;0.4;0.0
21;2021-01-12;651;0;2986;6;0.6;0.0
21;2021-01-13;702;2;3688;8;0.7;0.0
21;2021-01-14;1183;5;4871;13;0.9;0.0
21;2021-01-15;714;4;5585;17;1.0;0.0
21;2021-01-16;162;0;5747;17;1.1;0.0
21;2021-01-17;4;0;5751;17;1.1;0.0
21;2021-01-18;1315;6;7066;23;1.3;0.0
21;2021-01-19;1360;1;8426;24;1.6;0.0
21;2021-01-20;1293;45;9719;69;1.8;0.0
21;2021-01-21;1533;2;11252;71;2.1;0.0
21;2021-01-22;1237;3;12489;74;2.3;0.0
21;2021-01-23;488;0;12977;74;2.4;0.0
21;2021-01-24;121;0;13098;74;2.5;0.0
21;2021-01-25;922;18;14020;92;2.6;0.0
21;2021-01-26;1533;147;15553;239;2.9;0.0
21;2021-01-27;2037;152;17590;391;3.3;0.1
21;2021-01-28;1447;224;19037;615;3.6;0.1
21;2021-01-29;1023;212;20060;827;3.8;0.2
21;2021-01-30;467;31;20527;858;3.9;0.2
21;2021-01-31;97;5;20624;863;3.9;0.2
21;2021-02-01;451;288;21075;1151;4.0;0.2
21;2021-02-02;453;440;21528;1591;4.0;0.3
21;2021-02-03;439;284;21967;1875;4.1;0.4
21;2021-02-04;416;552;22383;2427;4.2;0.5
21;2021-02-05;487;524;22870;2951;4.3;0.6
21;2021-02-06;151;224;23021;3175;4.3;0.6
21;2021-02-07;0;2;23021;3177;4.3;0.6
21;2021-02-08;434;391;23455;3568;4.4;0.7
21;2021-02-09;514;518;23969;4086;4.5;0.8
21;2021-02-10;460;584;24429;4670;4.6;0.9
21;2021-02-11;480;737;24909;5407;4.7;1.0
21;2021-02-12;356;940;25265;6347;4.7;1.2
21;2021-02-13;360;323;25625;6670;4.8;1.3
21;2021-02-14;237;147;25862;6817;4.9;1.3
21;2021-02-15;116;1431;25978;8248;4.9;1.5
21;2021-02-16;207;1579;26185;9827;4.9;1.8
21;2021-02-17;394;1985;26579;11812;5.0;2.2
21;2021-02-18;602;1360;27181;13172;5.1;2.5
21;2021-02-19;215;1145;27396;14317;5.1;2.7
21;2021-02-20;121;429;27517;14746;5.2;2.8
21;2021-02-21;0;83;27517;14829;5.2;2.8
21;2021-02-22;79;782;27596;15611;5.2;2.9
21;2021-02-23;170;1043;27766;16654;5.2;3.1
21;2021-02-24;225;750;27991;17404;5.3;3.3
21;2021-02-25;645;833;28636;18237;5.4;3.4
21;2021-02-26;924;722;29560;18959;5.5;3.6
21;2021-02-27;534;300;30094;19259;5.6;3.6
21;2021-02-28;24;133;30118;19392;5.7;3.6
21;2021-03-01;679;629;30797;20021;5.8;3.8
21;2021-03-02;1053;547;31850;20568;6.0;3.9
21;2021-03-03;1161;431;33011;20999;6.2;3.9
21;2021-03-04;1678;514;34689;21513;6.5;4.0
21;2021-03-05;2193;647;36882;22160;6.9;4.2
21;2021-03-06;1589;190;38471;22350;7.2;4.2
21;2021-03-07;4;16;38475;22366;7.2;4.2
21;2021-03-08;768;443;39243;22809;7.4;4.3
21;2021-03-09;1566;560;40809;23369;7.7;4.4
21;2021-03-10;1624;555;42433;23924;8.0;4.5
21;2021-03-11;2182;683;44615;24607;8.4;4.6
21;2021-03-12;2882;426;47497;25033;8.9;4.7
21;2021-03-13;1930;186;49427;25219;9.3;4.7
21;2021-03-14;36;50;49463;25269;9.3;4.7
21;2021-03-15;1407;78;50870;25347;9.5;4.8
21;2021-03-16;1877;140;52747;25487;9.9;4.8
21;2021-03-17;1800;104;54547;25591;10.2;4.8
21;2021-03-18;2120;253;56667;25844;10.6;4.8
21;2021-03-19;1960;135;58627;25979;11.0;4.9
21;2021-03-20;1228;35;59855;26014;11.2;4.9
21;2021-03-21;1;0;59856;26014;11.2;4.9
21;2021-03-22;1555;83;61411;26097;11.5;4.9
21;2021-03-23;2689;93;64100;26190;12.0;4.9
21;2021-03-24;2889;149;66989;26339;12.6;4.9
21;2021-03-25;3712;221;70701;26560;13.3;5.0
21;2021-03-26;3655;177;74356;26737;14.0;5.0
21;2021-03-27;1722;54;76078;26791;14.3;5.0
21;2021-03-28;200;37;76278;26828;14.3;5.0
21;2021-03-29;1783;514;78061;27342;14.6;5.1
21;2021-03-30;2349;796;80410;28138;15.1;5.3
21;2021-03-31;2714;645;83124;28783;15.6;5.4
21;2021-04-01;2687;712;85811;29495;16.1;5.5
21;2021-04-02;2243;738;88054;30233;16.5;5.7
21;2021-04-03;1018;266;89072;30499;16.7;5.7
21;2021-04-04;2;12;89074;30511;16.7;5.7
21;2021-04-05;6;0;89080;30511;16.7;5.7
21;2021-04-06;1353;1145;90433;31656;17.0;5.9
21;2021-04-07;1744;969;92177;32625;17.3;6.1
21;2021-04-08;3215;1114;95392;33739;17.9;6.3
21;2021-04-09;3477;1179;98869;34918;18.6;6.6
21;2021-04-10;1377;735;100246;35653;18.8;6.7
21;2021-04-11;143;1;100389;35654;18.8;6.7
21;2021-04-12;1116;1360;101505;37014;19.0;6.9
21;2021-04-13;1654;1781;103159;38795;19.4;7.3
21;2021-04-14;1478;1486;104637;40281;19.6;7.6
21;2021-04-15;1897;1593;106534;41874;20.0;7.9
21;2021-04-16;2312;1312;108846;43186;20.4;8.1
21;2021-04-17;1017;970;109863;44156;20.6;8.3
21;2021-04-18;13;4;109876;44160;20.6;8.3
21;2021-04-19;1107;1332;110983;45492;20.8;8.5
21;2021-04-20;1238;1840;112221;47332;21.1;8.9
21;2021-04-21;1093;1731;113314;49063;21.3;9.2
21;2021-04-22;1277;2215;114591;51278;21.5;9.6
21;2021-04-23;1977;1725;116568;53003;21.9;9.9
21;2021-04-24;1000;861;117568;53864;22.1;10.1
21;2021-04-25;8;165;117576;54029;22.1;10.1
21;2021-04-26;1010;1597;118586;55626;22.3;10.4
21;2021-04-27;1836;1951;120422;57577;22.6;10.8
21;2021-04-28;2231;2228;122653;59805;23.0;11.2
21;2021-04-29;3127;2258;125780;62063;23.6;11.6
21;2021-04-30;3555;1865;129335;63928;24.3;12.0
21;2021-05-01;963;223;130298;64151;24.5;12.0
21;2021-05-02;2;5;130300;64156;24.5;12.0
21;2021-05-03;2081;1347;132381;65503;24.8;12.3
21;2021-05-04;2580;1646;134961;67149;25.3;12.6
21;2021-05-05;2251;1689;137212;68838;25.7;12.9
21;2021-05-06;3007;2238;140219;71076;26.3;13.3
21;2021-05-07;2805;2175;143024;73251;26.8;13.7
21;2021-05-08;1063;265;144087;73516;27.0;13.8
21;2021-05-09;26;174;144113;73690;27.0;13.8
21;2021-05-10;3169;1716;147282;75406;27.6;14.2
21;2021-05-11;4916;2001;152198;77407;28.6;14.5
21;2021-05-12;4797;1739;156995;79146;29.5;14.9
21;2021-05-13;3847;361;160842;79507;30.2;14.9
21;2021-05-14;5195;1456;166037;80963;31.2;15.2
21;2021-05-15;3423;645;169460;81608;31.8;15.3
21;2021-05-16;48;5;169508;81613;31.8;15.3
21;2021-05-17;4129;1241;173637;82854;32.6;15.5
21;2021-05-18;4359;1485;177996;84339;33.4;15.8
21;2021-05-19;3474;1110;181470;85449;34.1;16.0
21;2021-05-20;3894;1342;185364;86791;34.8;16.3
21;2021-05-21;3619;2152;188983;88943;35.5;16.7
21;2021-05-22;1669;768;190652;89711;35.8;16.8
21;2021-05-23;4;17;190656;89728;35.8;16.8
21;2021-05-24;1815;266;192471;89994;36.1;16.9
21;2021-05-25;2644;1960;195115;91954;36.6;17.3
21;2021-05-26;2604;1984;197719;93938;37.1;17.6
21;2021-05-27;4012;2104;201731;96042;37.9;18.0
21;2021-05-28;3565;2811;205296;98853;38.5;18.6
21;2021-05-29;1927;1463;207223;100316;38.9;18.8
21;2021-05-30;96;13;207319;100329;38.9;18.8
21;2021-05-31;2495;1775;209814;102104;39.4;19.2
21;2021-06-01;3449;2247;213263;104351;40.0;19.6
21;2021-06-02;2612;1756;215875;106107;40.5;19.9
21;2021-06-03;3146;2071;219021;108178;41.1;20.3
21;2021-06-04;3266;2583;222287;110761;41.7;20.8
21;2021-06-05;2923;1654;225210;112415;42.3;21.1
21;2021-06-06;51;85;225261;112500;42.3;21.1
21;2021-06-07;4310;1342;229571;113842;43.1;21.4
21;2021-06-08;4938;2127;234509;115969;44.0;21.8
21;2021-06-09;4499;1607;239008;117576;44.9;22.1
21;2021-06-10;3930;2583;242938;120159;45.6;22.5
21;2021-06-11;4155;3104;247093;123263;46.4;23.1
21;2021-06-12;2197;1606;249290;124869;46.8;23.4
21;2021-06-13;29;11;249319;124880;46.8;23.4
21;2021-06-14;2194;2567;251513;127447;47.2;23.9
21;2021-06-15;2955;3090;254468;130537;47.8;24.5
21;2021-06-16;2845;2597;257313;133134;48.3;25.0
21;2021-06-17;3414;3041;260727;136175;48.9;25.6
21;2021-06-18;2417;3796;263144;139971;49.4;26.3
21;2021-06-19;2040;1861;265184;141832;49.8;26.6
21;2021-06-20;25;13;265209;141845;49.8;26.6
21;2021-06-21;1827;3410;267036;145255;50.1;27.3
21;2021-06-22;1869;5837;268905;151092;50.5;28.4
21;2021-06-23;2016;5011;270921;156103;50.8;29.3
21;2021-06-24;2347;4662;273268;160765;51.3;30.2
21;2021-06-25;1518;5897;274786;166662;51.6;31.3
21;2021-06-26;1432;3897;276218;170559;51.8;32.0
21;2021-06-27;16;125;276234;170684;51.8;32.0
21;2021-06-28;1386;4023;277620;174707;52.1;32.8
21;2021-06-29;1622;4185;279242;178892;52.4;33.6
21;2021-06-30;1559;3367;280801;182259;52.7;34.2
21;2021-07-01;1625;4137;282426;186396;53.0;35.0
21;2021-07-02;2154;4223;284580;190619;53.4;35.8
21;2021-07-03;1090;2098;285670;192717;53.6;36.2
21;2021-07-04;36;55;285706;192772;53.6;36.2
21;2021-07-05;1590;3629;287296;196401;53.9;36.9
21;2021-07-06;1343;3593;288639;199994;54.2;37.5
21;2021-07-07;1438;3237;290077;203231;54.4;38.1
21;2021-07-08;1863;4161;291940;207392;54.8;38.9
21;2021-07-09;2057;4349;293997;211741;55.2;39.7
21;2021-07-10;1089;2548;295086;214289;55.4;40.2
21;2021-07-11;18;74;295104;214363;55.4;40.2
21;2021-07-12;1628;3725;296732;218088;55.7;40.9
21;2021-07-13;2253;4887;298985;222975;56.1;41.8
21;2021-07-14;2864;2004;301849;224979;56.6;42.2
21;2021-07-15;3746;4549;305595;229528;57.3;43.1
21;2021-07-16;3873;5248;309468;234776;58.1;44.1
21;2021-07-17;2764;4159;312232;238935;58.6;44.8
21;2021-07-18;155;80;312387;239015;58.6;44.9
21;2021-07-19;2354;4615;314741;243630;59.1;45.7
21;2021-07-20;2720;5490;317461;249120;59.6;46.7
21;2021-07-21;2846;4780;320307;253900;60.1;47.6
21;2021-07-22;2909;4689;323216;258589;60.7;48.5
21;2021-07-23;4177;4843;327393;263432;61.4;49.4
21;2021-07-24;3018;2989;330411;266421;62.0;50.0
21;2021-07-25;63;39;330474;266460;62.0;50.0
22;2020-12-27;0;0;0;0;0.0;0.0
22;2020-12-28;0;0;0;0;0.0;0.0
22;2020-12-29;0;0;0;0;0.0;0.0
22;2020-12-30;0;0;0;0;0.0;0.0
22;2020-12-31;0;0;0;0;0.0;0.0
22;2021-01-01;0;0;0;0;0.0;0.0
22;2021-01-02;3;0;3;0;0.0;0.0
22;2021-01-03;0;0;3;0;0.0;0.0
22;2021-01-04;4;0;7;0;0.0;0.0
22;2021-01-05;61;0;68;0;0.0;0.0
22;2021-01-06;114;1;182;1;0.0;0.0
22;2021-01-07;67;0;249;1;0.0;0.0
22;2021-01-08;174;0;423;1;0.1;0.0
22;2021-01-09;1;0;424;1;0.1;0.0
22;2021-01-10;0;0;424;1;0.1;0.0
22;2021-01-11;233;3;657;4;0.1;0.0
22;2021-01-12;626;0;1283;4;0.2;0.0
22;2021-01-13;673;1;1956;5;0.3;0.0
22;2021-01-14;713;8;2669;13;0.4;0.0
22;2021-01-15;527;1;3196;14;0.5;0.0
22;2021-01-16;97;0;3293;14;0.6;0.0
22;2021-01-17;1;0;3294;14;0.6;0.0
22;2021-01-18;309;1;3603;15;0.6;0.0
22;2021-01-19;680;1;4283;16;0.7;0.0
22;2021-01-20;598;0;4881;16;0.8;0.0
22;2021-01-21;947;1;5828;17;1.0;0.0
22;2021-01-22;835;2;6663;19;1.1;0.0
22;2021-01-23;218;0;6881;19;1.2;0.0
22;2021-01-24;1;0;6882;19;1.2;0.0
22;2021-01-25;748;10;7630;29;1.3;0.0
22;2021-01-26;1010;59;8640;88;1.4;0.0
22;2021-01-27;3851;107;12491;195;2.1;0.0
22;2021-01-28;4465;83;16956;278;2.8;0.0
22;2021-01-29;1872;128;18828;406;3.2;0.1
22;2021-01-30;287;0;19115;406;3.2;0.1
22;2021-01-31;2;0;19117;406;3.2;0.1
22;2021-02-01;641;81;19758;487;3.3;0.1
22;2021-02-02;902;436;20660;923;3.5;0.2
22;2021-02-03;690;505;21350;1428;3.6;0.2
22;2021-02-04;965;636;22315;2064;3.7;0.3
22;2021-02-05;721;565;23036;2629;3.9;0.4
22;2021-02-06;249;0;23285;2629;3.9;0.4
22;2021-02-07;0;0;23285;2629;3.9;0.4
22;2021-02-08;530;135;23815;2764;4.0;0.5
22;2021-02-09;615;344;24430;3108;4.1;0.5
22;2021-02-10;425;201;24855;3309;4.2;0.6
22;2021-02-11;1086;324;25941;3633;4.4;0.6
22;2021-02-12;594;327;26535;3960;4.5;0.7
22;2021-02-13;318;78;26853;4038;4.5;0.7
22;2021-02-14;0;5;26853;4043;4.5;0.7
22;2021-02-15;670;428;27523;4471;4.6;0.7
22;2021-02-16;1041;705;28564;5176;4.8;0.9
22;2021-02-17;1203;2461;29767;7637;5.0;1.3
22;2021-02-18;2139;3000;31906;10637;5.4;1.8
22;2021-02-19;1633;1943;33539;12580;5.6;2.1
22;2021-02-20;479;212;34018;12792;5.7;2.1
22;2021-02-21;4;49;34022;12841;5.7;2.2
22;2021-02-22;401;721;34423;13562;5.8;2.3
22;2021-02-23;660;930;35083;14492;5.9;2.4
22;2021-02-24;694;944;35777;15436;6.0;2.6
22;2021-02-25;1199;1203;36976;16639;6.2;2.8
22;2021-02-26;1065;709;38041;17348;6.4;2.9
22;2021-02-27;563;284;38604;17632;6.5;3.0
22;2021-02-28;14;8;38618;17640;6.5;3.0
22;2021-03-01;951;523;39569;18163;6.6;3.0
22;2021-03-02;1204;876;40773;19039;6.8;3.2
22;2021-03-03;1324;860;42097;19899;7.1;3.3
22;2021-03-04;1591;928;43688;20827;7.3;3.5
22;2021-03-05;2102;804;45790;21631;7.7;3.6
22;2021-03-06;1109;293;46899;21924;7.9;3.7
22;2021-03-07;219;1;47118;21925;7.9;3.7
22;2021-03-08;1291;652;48409;22577;8.1;3.8
22;2021-03-09;1822;744;50231;23321;8.4;3.9
22;2021-03-10;1982;1001;52213;24322;8.8;4.1
22;2021-03-11;2371;1648;54584;25970;9.2;4.4
22;2021-03-12;3093;952;57677;26922;9.7;4.5
22;2021-03-13;1707;286;59384;27208;10.0;4.6
22;2021-03-14;245;23;59629;27231;10.0;4.6
22;2021-03-15;1615;566;61244;27797;10.3;4.7
22;2021-03-16;1591;853;62835;28650;10.5;4.8
22;2021-03-17;2640;703;65475;29353;11.0;4.9
22;2021-03-18;2545;1111;68020;30464;11.4;5.1
22;2021-03-19;3278;800;71298;31264;12.0;5.2
22;2021-03-20;2208;284;73506;31548;12.3;5.3
22;2021-03-21;13;0;73519;31548;12.3;5.3
22;2021-03-22;2365;359;75884;31907;12.7;5.4
22;2021-03-23;3146;774;79030;32681;13.3;5.5
22;2021-03-24;3483;685;82513;33366;13.8;5.6
22;2021-03-25;3946;596;86459;33962;14.5;5.7
22;2021-03-26;4001;473;90460;34435;15.2;5.8
22;2021-03-27;2079;179;92539;34614;15.5;5.8
22;2021-03-28;67;1;92606;34615;15.5;5.8
22;2021-03-29;2769;909;95375;35524;16.0;6.0
22;2021-03-30;3559;1154;98934;36678;16.6;6.2
22;2021-03-31;3669;1086;102603;37764;17.2;6.3
22;2021-04-01;4915;1111;107518;38875;18.0;6.5
22;2021-04-02;4390;1034;111908;39909;18.8;6.7
22;2021-04-03;1996;404;113904;40313;19.1;6.8
22;2021-04-04;33;0;113937;40313;19.1;6.8
22;2021-04-05;14;0;113951;40313;19.1;6.8
22;2021-04-06;3286;1140;117237;41453;19.7;7.0
22;2021-04-07;3421;1363;120658;42816;20.2;7.2
22;2021-04-08;4443;1312;125101;44128;21.0;7.4
22;2021-04-09;5183;1344;130284;45472;21.9;7.6
22;2021-04-10;2439;362;132723;45834;22.3;7.7
22;2021-04-11;476;8;133199;45842;22.3;7.7
22;2021-04-12;2980;995;136179;46837;22.8;7.9
22;2021-04-13;3321;1514;139500;48351;23.4;8.1
22;2021-04-14;3165;2481;142665;50832;23.9;8.5
22;2021-04-15;3594;2434;146259;53266;24.5;8.9
22;2021-04-16;3625;2488;149884;55754;25.1;9.4
22;2021-04-17;1914;1782;151798;57536;25.5;9.7
22;2021-04-18;16;0;151814;57536;25.5;9.7
22;2021-04-19;3018;2139;154832;59675;26.0;10.0
22;2021-04-20;3304;2781;158136;62456;26.5;10.5
22;2021-04-21;3223;2728;161359;65184;27.1;10.9
22;2021-04-22;3587;3125;164946;68309;27.7;11.5
22;2021-04-23;3721;3156;168667;71465;28.3;12.0
22;2021-04-24;1989;1961;170656;73426;28.6;12.3
22;2021-04-25;14;0;170670;73426;28.6;12.3
22;2021-04-26;3206;2843;173876;76269;29.2;12.8
22;2021-04-27;3372;3146;177248;79415;29.7;13.3
22;2021-04-28;3489;3141;180737;82556;30.3;13.8
22;2021-04-29;4078;3272;184815;85828;31.0;14.4
22;2021-04-30;3903;3225;188718;89053;31.7;14.9
22;2021-05-01;60;69;188778;89122;31.7;14.9
22;2021-05-02;1237;57;190015;89179;31.9;15.0
22;2021-05-03;2030;2709;192045;91888;32.2;15.4
22;2021-05-04;2153;2895;194198;94783;32.6;15.9
22;2021-05-05;2044;3006;196242;97789;32.9;16.4
22;2021-05-06;2508;3493;198750;101282;33.3;17.0
22;2021-05-07;2827;3403;201577;104685;33.8;17.6
22;2021-05-08;45;122;201622;104807;33.8;17.6
22;2021-05-09;600;435;202222;105242;33.9;17.7
22;2021-05-10;4473;2714;206695;107956;34.7;18.1
22;2021-05-11;5103;2896;211798;110852;35.5;18.6
22;2021-05-12;6595;1012;218393;111864;36.6;18.8
22;2021-05-13;528;35;218921;111899;36.7;18.8
22;2021-05-14;6400;1077;225321;112976;37.8;18.9
22;2021-05-15;3988;425;229309;113401;38.5;19.0
22;2021-05-16;418;36;229727;113437;38.5;19.0
22;2021-05-17;5661;516;235388;113953;39.5;19.1
22;2021-05-18;6004;944;241392;114897;40.5;19.3
22;2021-05-19;6125;697;247517;115594;41.5;19.4
22;2021-05-20;6586;1370;254103;116964;42.6;19.6
22;2021-05-21;5887;1457;259990;118421;43.6;19.9
22;2021-05-22;4081;769;264071;119190;44.3;20.0
22;2021-05-23;405;12;264476;119202;44.4;20.0
22;2021-05-24;5303;212;269779;119414;45.3;20.0
22;2021-05-25;5629;1167;275408;120581;46.2;20.2
22;2021-05-26;4209;2793;279617;123374;46.9;20.7
22;2021-05-27;4499;3836;284116;127210;47.7;21.3
22;2021-05-28;4383;4432;288499;131642;48.4;22.1
22;2021-05-29;3044;1766;291543;133408;48.9;22.4
22;2021-05-30;19;7;291562;133415;48.9;22.4
22;2021-05-31;3647;3149;295209;136564;49.5;22.9
22;2021-06-01;3517;3687;298726;140251;50.1;23.5
22;2021-06-02;3079;3383;301805;143634;50.6;24.1
22;2021-06-03;3179;4097;304984;147731;51.2;24.8
22;2021-06-04;3358;4547;308342;152278;51.7;25.5
22;2021-06-05;3541;2024;311883;154302;52.3;25.9
22;2021-06-06;213;29;312096;154331;52.3;25.9
22;2021-06-07;3024;3249;315120;157580;52.9;26.4
22;2021-06-08;2789;3528;317909;161108;53.3;27.0
22;2021-06-09;2532;3506;320441;164614;53.7;27.6
22;2021-06-10;2511;4248;322952;168862;54.2;28.3
22;2021-06-11;2538;4226;325490;173088;54.6;29.0
22;2021-06-12;2411;1454;327901;174542;55.0;29.3
22;2021-06-13;133;1093;328034;175635;55.0;29.5
22;2021-06-14;2588;2467;330622;178102;55.5;29.9
22;2021-06-15;3061;3003;333683;181105;56.0;30.4
22;2021-06-16;2989;2809;336672;183914;56.5;30.8
22;2021-06-17;2551;3175;339223;187089;56.9;31.4
22;2021-06-18;3076;4112;342299;191201;57.4;32.1
22;2021-06-19;2956;1447;345255;192648;57.9;32.3
22;2021-06-20;142;6;345397;192654;57.9;32.3
22;2021-06-21;1752;5020;347149;197674;58.2;33.2
22;2021-06-22;2384;5554;349533;203228;58.6;34.1
22;2021-06-23;1255;6209;350788;209437;58.8;35.1
22;2021-06-24;2556;3918;353344;213355;59.3;35.8
22;2021-06-25;1542;6818;354886;220173;59.5;36.9
22;2021-06-26;778;3858;355664;224031;59.7;37.6
22;2021-06-27;4;512;355668;224543;59.7;37.7
22;2021-06-28;1041;5602;356709;230145;59.8;38.6
22;2021-06-29;1354;5966;358063;236111;60.1;39.6
22;2021-06-30;1103;5745;359166;241856;60.2;40.6
22;2021-07-01;1342;6052;360508;247908;60.5;41.6
22;2021-07-02;1648;6099;362156;254007;60.7;42.6
22;2021-07-03;979;3814;363135;257821;60.9;43.2
22;2021-07-04;142;363;363277;258184;60.9;43.3
22;2021-07-05;1535;5802;364812;263986;61.2;44.3
22;2021-07-06;2280;5999;367092;269985;61.6;45.3
22;2021-07-07;2229;4939;369321;274924;61.9;46.1
22;2021-07-08;2472;5100;371793;280024;62.4;47.0
22;2021-07-09;2453;5381;374246;285405;62.8;47.9
22;2021-07-10;1762;3353;376008;288758;63.1;48.4
22;2021-07-11;477;71;376485;288829;63.1;48.4
22;2021-07-12;2271;4729;378756;293558;63.5;49.2
22;2021-07-13;3740;5040;382496;298598;64.2;50.1
22;2021-07-14;691;2496;383187;301094;64.3;50.5
22;2021-07-15;3781;4627;386968;305721;64.9;51.3
22;2021-07-16;3780;5288;390748;311009;65.5;52.2
22;2021-07-17;2521;3409;393269;314418;66.0;52.7
22;2021-07-18;561;86;393830;314504;66.1;52.8
22;2021-07-19;2721;4101;396551;318605;66.5;53.4
22;2021-07-20;3822;4119;400373;322724;67.2;54.1
22;2021-07-21;3936;3398;404309;326122;67.8;54.7
22;2021-07-22;4778;3698;409087;329820;68.6;55.3
22;2021-07-23;4396;4203;413483;334023;69.4;56.0
22;2021-07-24;2210;2611;415693;336634;69.7;56.5
22;2021-07-25;117;149;415810;336783;69.7;56.5
23;2020-12-27;0;0;0;0;0.0;0.0
23;2020-12-28;1;0;1;0;0.0;0.0
23;2020-12-29;0;0;1;0;0.0;0.0
23;2020-12-30;0;0;1;0;0.0;0.0
23;2020-12-31;0;0;1;0;0.0;0.0
23;2021-01-01;0;0;1;0;0.0;0.0
23;2021-01-02;1;0;2;0;0.0;0.0
23;2021-01-03;0;0;2;0;0.0;0.0
23;2021-01-04;1;0;3;0;0.0;0.0
23;2021-01-05;3;0;6;0;0.0;0.0
23;2021-01-06;10;0;16;0;0.0;0.0
23;2021-01-07;117;0;133;0;0.1;0.0
23;2021-01-08;116;0;249;0;0.2;0.0
23;2021-01-09;35;0;284;0;0.2;0.0
23;2021-01-10;1;0;285;0;0.2;0.0
23;2021-01-11;173;0;458;0;0.4;0.0
23;2021-01-12;234;1;692;1;0.6;0.0
23;2021-01-13;308;1;1000;2;0.9;0.0
23;2021-01-14;290;3;1290;5;1.1;0.0
23;2021-01-15;334;4;1624;9;1.4;0.0
23;2021-01-16;163;1;1787;10;1.5;0.0
23;2021-01-17;0;0;1787;10;1.5;0.0
23;2021-01-18;341;1;2128;11;1.8;0.0
23;2021-01-19;497;2;2625;13;2.3;0.0
23;2021-01-20;362;1;2987;14;2.6;0.0
23;2021-01-21;696;1;3683;15;3.2;0.0
23;2021-01-22;477;0;4160;15;3.6;0.0
23;2021-01-23;368;1;4528;16;3.9;0.0
23;2021-01-24;0;0;4528;16;3.9;0.0
23;2021-01-25;382;17;4910;33;4.2;0.0
23;2021-01-26;300;5;5210;38;4.5;0.0
23;2021-01-27;228;3;5438;41;4.7;0.0
23;2021-01-28;233;47;5671;88;4.9;0.1
23;2021-01-29;303;103;5974;191;5.1;0.2
23;2021-01-30;100;28;6074;219;5.2;0.2
23;2021-01-31;2;34;6076;253;5.2;0.2
23;2021-02-01;147;106;6223;359;5.4;0.3
23;2021-02-02;157;123;6380;482;5.5;0.4
23;2021-02-03;105;211;6485;693;5.6;0.6
23;2021-02-04;78;265;6563;958;5.6;0.8
23;2021-02-05;115;314;6678;1272;5.7;1.1
23;2021-02-06;14;168;6692;1440;5.8;1.2
23;2021-02-07;1;0;6693;1440;5.8;1.2
23;2021-02-08;125;218;6818;1658;5.9;1.4
23;2021-02-09;85;296;6903;1954;5.9;1.7
23;2021-02-10;89;283;6992;2237;6.0;1.9
23;2021-02-11;244;590;7236;2827;6.2;2.4
23;2021-02-12;171;284;7407;3111;6.4;2.7
23;2021-02-13;8;192;7415;3303;6.4;2.8
23;2021-02-14;8;0;7423;3303;6.4;2.8
23;2021-02-15;157;367;7580;3670;6.5;3.2
23;2021-02-16;103;444;7683;4114;6.6;3.5
23;2021-02-17;65;494;7748;4608;6.7;4.0
23;2021-02-18;142;371;7890;4979;6.8;4.3
23;2021-02-19;109;253;7999;5232;6.9;4.5
23;2021-02-20;2;93;8001;5325;6.9;4.6
23;2021-02-21;0;0;8001;5325;6.9;4.6
23;2021-02-22;104;212;8105;5537;7.0;4.8
23;2021-02-23;107;219;8212;5756;7.1;5.0
23;2021-02-24;174;169;8386;5925;7.2;5.1
23;2021-02-25;183;108;8569;6033;7.4;5.2
23;2021-02-26;286;165;8855;6198;7.6;5.3
23;2021-02-27;112;10;8967;6208;7.7;5.3
23;2021-02-28;1;31;8968;6239;7.7;5.4
23;2021-03-01;88;201;9056;6440;7.8;5.5
23;2021-03-02;229;132;9285;6572;8.0;5.7
23;2021-03-03;131;90;9416;6662;8.1;5.7
23;2021-03-04;307;138;9723;6800;8.4;5.8
23;2021-03-05;517;110;10240;6910;8.8;5.9
23;2021-03-06;494;4;10734;6914;9.2;5.9
23;2021-03-07;313;2;11047;6916;9.5;5.9
23;2021-03-08;196;72;11243;6988;9.7;6.0
23;2021-03-09;421;96;11664;7084;10.0;6.1
23;2021-03-10;348;38;12012;7122;10.3;6.1
23;2021-03-11;323;47;12335;7169;10.6;6.2
23;2021-03-12;616;32;12951;7201;11.1;6.2
23;2021-03-13;283;12;13234;7213;11.4;6.2
23;2021-03-14;45;34;13279;7247;11.4;6.2
23;2021-03-15;220;126;13499;7373;11.6;6.3
23;2021-03-16;192;90;13691;7463;11.8;6.4
23;2021-03-17;131;101;13822;7564;11.9;6.5
23;2021-03-18;191;96;14013;7660;12.1;6.6
23;2021-03-19;204;119;14217;7779;12.2;6.7
23;2021-03-20;630;35;14847;7814;12.8;6.7
23;2021-03-21;127;0;14974;7814;12.9;6.7
23;2021-03-22;264;147;15238;7961;13.1;6.8
23;2021-03-23;503;105;15741;8066;13.5;6.9
23;2021-03-24;422;124;16163;8190;13.9;7.0
23;2021-03-25;818;184;16981;8374;14.6;7.2
23;2021-03-26;733;195;17714;8569;15.2;7.4
23;2021-03-27;505;47;18219;8616;15.7;7.4
23;2021-03-28;3;9;18222;8625;15.7;7.4
23;2021-03-29;358;111;18580;8736;16.0;7.5
23;2021-03-30;537;175;19117;8911;16.4;7.7
23;2021-03-31;411;170;19528;9081;16.8;7.8
23;2021-04-01;600;168;20128;9249;17.3;8.0
23;2021-04-02;497;295;20625;9544;17.7;8.2
23;2021-04-03;715;42;21340;9586;18.4;8.2
23;2021-04-04;4;0;21344;9586;18.4;8.2
23;2021-04-05;0;3;21344;9589;18.4;8.2
23;2021-04-06;381;292;21725;9881;18.7;8.5
23;2021-04-07;705;308;22430;10189;19.3;8.8
23;2021-04-08;803;229;23233;10418;20.0;9.0
23;2021-04-09;939;354;24172;10772;20.8;9.3
23;2021-04-10;1097;108;25269;10880;21.7;9.4
23;2021-04-11;21;2;25290;10882;21.8;9.4
23;2021-04-12;692;231;25982;11113;22.3;9.6
23;2021-04-13;665;299;26647;11412;22.9;9.8
23;2021-04-14;586;173;27233;11585;23.4;10.0
23;2021-04-15;928;182;28161;11767;24.2;10.1
23;2021-04-16;902;205;29063;11972;25.0;10.3
23;2021-04-17;994;550;30057;12522;25.9;10.8
23;2021-04-18;4;136;30061;12658;25.9;10.9
23;2021-04-19;611;296;30672;12954;26.4;11.1
23;2021-04-20;720;289;31392;13243;27.0;11.4
23;2021-04-21;733;388;32125;13631;27.6;11.7
23;2021-04-22;657;474;32782;14105;28.2;12.1
23;2021-04-23;591;340;33373;14445;28.7;12.4
23;2021-04-24;854;448;34227;14893;29.4;12.8
23;2021-04-25;0;0;34227;14893;29.4;12.8
23;2021-04-26;615;252;34842;15145;30.0;13.0
23;2021-04-27;676;424;35518;15569;30.5;13.4
23;2021-04-28;628;274;36146;15843;31.1;13.6
23;2021-04-29;882;377;37028;16220;31.8;14.0
23;2021-04-30;719;786;37747;17006;32.5;14.6
23;2021-05-01;1223;35;38970;17041;33.5;14.7
23;2021-05-02;12;0;38982;17041;33.5;14.7
23;2021-05-03;424;519;39406;17560;33.9;15.1
23;2021-05-04;616;510;40022;18070;34.4;15.5
23;2021-05-05;538;711;40560;18781;34.9;16.2
23;2021-05-06;727;699;41287;19480;35.5;16.8
23;2021-05-07;682;641;41969;20121;36.1;17.3
23;2021-05-08;1410;586;43379;20707;37.3;17.8
23;2021-05-09;3;0;43382;20707;37.3;17.8
23;2021-05-10;554;655;43936;21362;37.8;18.4
23;2021-05-11;561;763;44497;22125;38.3;19.0
23;2021-05-12;719;660;45216;22785;38.9;19.6
23;2021-05-13;536;56;45752;22841;39.3;19.6
23;2021-05-14;789;460;46541;23301;40.0;20.0
23;2021-05-15;994;233;47535;23534;40.9;20.2
23;2021-05-16;0;0;47535;23534;40.9;20.2
23;2021-05-17;566;448;48101;23982;41.4;20.6
23;2021-05-18;773;291;48874;24273;42.0;20.9
23;2021-05-19;1050;256;49924;24529;42.9;21.1
23;2021-05-20;836;316;50760;24845;43.7;21.4
23;2021-05-21;1103;312;51863;25157;44.6;21.6
23;2021-05-22;739;125;52602;25282;45.2;21.7
23;2021-05-23;2;20;52604;25302;45.2;21.8
23;2021-05-24;361;163;52965;25465;45.6;21.9
23;2021-05-25;903;336;53868;25801;46.3;22.2
23;2021-05-26;1076;224;54944;26025;47.3;22.4
23;2021-05-27;931;432;55875;26457;48.1;22.8
23;2021-05-28;780;744;56655;27201;48.7;23.4
23;2021-05-29;637;1096;57292;28297;49.3;24.3
23;2021-05-30;6;63;57298;28360;49.3;24.4
23;2021-05-31;432;540;57730;28900;49.7;24.9
23;2021-06-01;581;822;58311;29722;50.2;25.6
23;2021-06-02;624;521;58935;30243;50.7;26.0
23;2021-06-03;705;549;59640;30792;51.3;26.5
23;2021-06-04;779;611;60419;31403;52.0;27.0
23;2021-06-05;546;778;60965;32181;52.4;27.7
23;2021-06-06;0;0;60965;32181;52.4;27.7
23;2021-06-07;393;696;61358;32877;52.8;28.3
23;2021-06-08;321;774;61679;33651;53.0;28.9
23;2021-06-09;283;649;61962;34300;53.3;29.5
23;2021-06-10;370;692;62332;34992;53.6;30.1
23;2021-06-11;377;808;62709;35800;53.9;30.8
23;2021-06-12;383;1265;63092;37065;54.3;31.9
23;2021-06-13;13;5;63105;37070;54.3;31.9
23;2021-06-14;234;590;63339;37660;54.5;32.4
23;2021-06-15;229;861;63568;38521;54.7;33.1
23;2021-06-16;362;581;63930;39102;55.0;33.6
23;2021-06-17;338;810;64268;39912;55.3;34.3
23;2021-06-18;354;764;64622;40676;55.6;35.0
23;2021-06-19;489;1524;65111;42200;56.0;36.3
23;2021-06-20;2;11;65113;42211;56.0;36.3
23;2021-06-21;203;621;65316;42832;56.2;36.8
23;2021-06-22;215;683;65531;43515;56.4;37.4
23;2021-06-23;212;748;65743;44263;56.5;38.1
23;2021-06-24;197;607;65940;44870;56.7;38.6
23;2021-06-25;303;815;66243;45685;57.0;39.3
23;2021-06-26;221;1000;66464;46685;57.2;40.2
23;2021-06-27;3;0;66467;46685;57.2;40.2
23;2021-06-28;114;696;66581;47381;57.3;40.8
23;2021-06-29;188;823;66769;48204;57.4;41.5
23;2021-06-30;165;945;66934;49149;57.6;42.3
23;2021-07-01;166;870;67100;50019;57.7;43.0
23;2021-07-02;190;1071;67290;51090;57.9;43.9
23;2021-07-03;247;980;67537;52070;58.1;44.8
23;2021-07-04;1;0;67538;52070;58.1;44.8
23;2021-07-05;150;806;67688;52876;58.2;45.5
23;2021-07-06;210;1044;67898;53920;58.4;46.4
23;2021-07-07;209;855;68107;54775;58.6;47.1
23;2021-07-08;246;739;68353;55514;58.8;47.7
23;2021-07-09;270;1009;68623;56523;59.0;48.6
23;2021-07-10;233;646;68856;57169;59.2;49.2
23;2021-07-11;0;0;68856;57169;59.2;49.2
23;2021-07-12;231;700;69087;57869;59.4;49.8
23;2021-07-13;469;918;69556;58787;59.8;50.6
23;2021-07-14;208;321;69764;59108;60.0;50.8
23;2021-07-15;474;809;70238;59917;60.4;51.5
23;2021-07-16;758;570;70996;60487;61.1;52.0
23;2021-07-17;218;479;71214;60966;61.2;52.4
23;2021-07-18;0;1;71214;60967;61.2;52.4
23;2021-07-19;702;629;71916;61596;61.9;53.0
23;2021-07-20;632;567;72548;62163;62.4;53.5
23;2021-07-21;693;633;73241;62796;63.0;54.0
23;2021-07-22;934;436;74175;63232;63.8;54.4
23;2021-07-23;821;502;74996;63734;64.5;54.8
23;2021-07-24;1002;432;75998;64166;65.4;55.2
23;2021-07-25;11;16;76009;64182;65.4;55.2
24;2020-12-27;0;0;0;0;0.0;0.0
24;2020-12-28;0;0;0;0;0.0;0.0
24;2020-12-29;2;0;2;0;0.0;0.0
24;2020-12-30;1;0;3;0;0.0;0.0
24;2020-12-31;0;0;3;0;0.0;0.0
24;2021-01-01;0;0;3;0;0.0;0.0
24;2021-01-02;0;0;3;0;0.0;0.0
24;2021-01-03;0;0;3;0;0.0;0.0
24;2021-01-04;0;0;3;0;0.0;0.0
24;2021-01-05;0;0;3;0;0.0;0.0
24;2021-01-06;0;0;3;0;0.0;0.0
24;2021-01-07;190;0;193;0;0.0;0.0
24;2021-01-08;280;0;473;0;0.1;0.0
24;2021-01-09;185;0;658;0;0.2;0.0
24;2021-01-10;35;0;693;0;0.2;0.0
24;2021-01-11;269;0;962;0;0.2;0.0
24;2021-01-12;281;0;1243;0;0.3;0.0
24;2021-01-13;233;1;1476;1;0.4;0.0
24;2021-01-14;1012;7;2488;8;0.6;0.0
24;2021-01-15;602;3;3090;11;0.8;0.0
24;2021-01-16;86;0;3176;11;0.8;0.0
24;2021-01-17;1;1;3177;12;0.8;0.0
24;2021-01-18;298;0;3475;12;0.9;0.0
24;2021-01-19;467;1;3942;13;1.0;0.0
24;2021-01-20;550;0;4492;13;1.1;0.0
24;2021-01-21;644;6;5136;19;1.3;0.0
24;2021-01-22;512;0;5648;19;1.4;0.0
24;2021-01-23;149;1;5797;20;1.4;0.0
24;2021-01-24;2;0;5799;20;1.4;0.0
24;2021-01-25;440;0;6239;20;1.5;0.0
24;2021-01-26;632;66;6871;86;1.7;0.0
24;2021-01-27;1261;12;8132;98;2.0;0.0
24;2021-01-28;983;121;9115;219;2.2;0.1
24;2021-01-29;931;138;10046;357;2.5;0.1
24;2021-01-30;281;1;10327;358;2.5;0.1
24;2021-01-31;0;0;10327;358;2.5;0.1
24;2021-02-01;377;172;10704;530;2.6;0.1
24;2021-02-02;611;313;11315;843;2.8;0.2
24;2021-02-03;650;494;11965;1337;2.9;0.3
24;2021-02-04;973;391;12938;1728;3.2;0.4
24;2021-02-05;684;449;13622;2177;3.3;0.5
24;2021-02-06;137;35;13759;2212;3.4;0.5
24;2021-02-07;33;0;13792;2212;3.4;0.5
24;2021-02-08;309;233;14101;2445;3.5;0.6
24;2021-02-09;450;229;14551;2674;3.6;0.7
24;2021-02-10;372;111;14923;2785;3.7;0.7
24;2021-02-11;555;518;15478;3303;3.8;0.8
24;2021-02-12;495;394;15973;3697;3.9;0.9
24;2021-02-13;202;46;16175;3743;4.0;0.9
24;2021-02-14;88;1;16263;3744;4.0;0.9
24;2021-02-15;185;243;16448;3987;4.0;1.0
24;2021-02-16;334;522;16782;4509;4.1;1.1
24;2021-02-17;580;827;17362;5336;4.3;1.3
24;2021-02-18;440;729;17802;6065;4.4;1.5
24;2021-02-19;461;677;18263;6742;4.5;1.7
24;2021-02-20;163;143;18426;6885;4.5;1.7
24;2021-02-21;107;0;18533;6885;4.5;1.7
24;2021-02-22;426;528;18959;7413;4.6;1.8
24;2021-02-23;563;680;19522;8093;4.8;2.0
24;2021-02-24;532;832;20054;8925;4.9;2.2
24;2021-02-25;724;863;20778;9788;5.1;2.4
24;2021-02-26;971;971;21749;10759;5.3;2.6
24;2021-02-27;359;265;22108;11024;5.4;2.7
24;2021-02-28;24;4;22132;11028;5.4;2.7
24;2021-03-01;292;374;22424;11402;5.5;2.8
24;2021-03-02;538;416;22962;11818;5.6;2.9
24;2021-03-03;674;342;23636;12160;5.8;3.0
24;2021-03-04;913;507;24549;12667;6.0;3.1
24;2021-03-05;1064;562;25613;13229;6.3;3.2
24;2021-03-06;1121;140;26734;13369;6.5;3.3
24;2021-03-07;232;62;26966;13431;6.6;3.3
24;2021-03-08;530;257;27496;13688;6.7;3.4
24;2021-03-09;1171;441;28667;14129;7.0;3.5
24;2021-03-10;1140;447;29807;14576;7.3;3.6
24;2021-03-11;1602;459;31409;15035;7.7;3.7
24;2021-03-12;2046;439;33455;15474;8.2;3.8
24;2021-03-13;1344;202;34799;15676;8.5;3.8
24;2021-03-14;142;92;34941;15768;8.6;3.9
24;2021-03-15;948;169;35889;15937;8.8;3.9
24;2021-03-16;1141;231;37030;16168;9.1;4.0
24;2021-03-17;1211;281;38241;16449;9.4;4.0
24;2021-03-18;1054;554;39295;17003;9.6;4.2
24;2021-03-19;1249;532;40544;17535;9.9;4.3
24;2021-03-20;1055;148;41599;17683;10.2;4.3
24;2021-03-21;24;11;41623;17694;10.2;4.3
24;2021-03-22;1222;420;42845;18114;10.5;4.4
24;2021-03-23;1878;399;44723;18513;11.0;4.5
24;2021-03-24;1888;384;46611;18897;11.4;4.6
24;2021-03-25;1988;466;48599;19363;11.9;4.7
24;2021-03-26;2373;282;50972;19645;12.5;4.8
24;2021-03-27;1349;40;52321;19685;12.8;4.8
24;2021-03-28;61;9;52382;19694;12.8;4.8
24;2021-03-29;1669;324;54051;20018;13.2;4.9
24;2021-03-30;2406;393;56457;20411;13.8;5.0
24;2021-03-31;2177;308;58634;20719;14.4;5.1
24;2021-04-01;2195;308;60829;21027;14.9;5.1
24;2021-04-02;2071;396;62900;21423;15.4;5.2
24;2021-04-03;1371;122;64271;21545;15.7;5.3
24;2021-04-04;73;0;64344;21545;15.8;5.3
24;2021-04-05;945;58;65289;21603;16.0;5.3
24;2021-04-06;2351;694;67640;22297;16.6;5.5
24;2021-04-07;2714;684;70354;22981;17.2;5.6
24;2021-04-08;3002;953;73356;23934;18.0;5.9
24;2021-04-09;3484;999;76840;24933;18.8;6.1
24;2021-04-10;2587;306;79427;25239;19.4;6.2
24;2021-04-11;1101;17;80528;25256;19.7;6.2
24;2021-04-12;2492;814;83020;26070;20.3;6.4
24;2021-04-13;2903;1199;85923;27269;21.0;6.7
24;2021-04-14;2932;1184;88855;28453;21.8;7.0
24;2021-04-15;2788;1073;91643;29526;22.4;7.2
24;2021-04-16;3263;952;94906;30478;23.2;7.5
24;2021-04-17;2268;498;97174;30976;23.8;7.6
24;2021-04-18;424;5;97598;30981;23.9;7.6
24;2021-04-19;1600;1004;99198;31985;24.3;7.8
24;2021-04-20;2265;1425;101463;33410;24.8;8.2
24;2021-04-21;2141;1439;103604;34849;25.4;8.5
24;2021-04-22;2060;1252;105664;36101;25.9;8.8
24;2021-04-23;1954;1329;107618;37430;26.4;9.2
24;2021-04-24;851;723;108469;38153;26.6;9.3
24;2021-04-25;54;4;108523;38157;26.6;9.3
24;2021-04-26;1294;1482;109817;39639;26.9;9.7
24;2021-04-27;1851;1879;111668;41518;27.3;10.2
24;2021-04-28;1503;1954;113171;43472;27.7;10.6
24;2021-04-29;1725;1886;114896;45358;28.1;11.1
24;2021-04-30;2268;1776;117164;47134;28.7;11.5
24;2021-05-01;2052;1062;119216;48196;29.2;11.8
24;2021-05-02;1921;208;121137;48404;29.7;11.9
24;2021-05-03;1469;1832;122606;50236;30.0;12.3
24;2021-05-04;2228;2288;124834;52524;30.6;12.9
24;2021-05-05;1881;2717;126715;55241;31.0;13.5
24;2021-05-06;1884;2763;128599;58004;31.5;14.2
24;2021-05-07;2258;2778;130857;60782;32.0;14.9
24;2021-05-08;1282;1152;132139;61934;32.4;15.2
24;2021-05-09;1165;899;133304;62833;32.6;15.4
24;2021-05-10;1092;2629;134396;65462;32.9;16.0
24;2021-05-11;2031;2789;136427;68251;33.4;16.7
24;2021-05-12;1924;2247;138351;70498;33.9;17.3
24;2021-05-13;1460;1214;139811;71712;34.2;17.6
24;2021-05-14;2379;1333;142190;73045;34.8;17.9
24;2021-05-15;2048;810;144238;73855;35.3;18.1
24;2021-05-16;1170;346;145408;74201;35.6;18.2
24;2021-05-17;2242;1253;147650;75454;36.2;18.5
24;2021-05-18;2480;1815;150130;77269;36.8;18.9
24;2021-05-19;2284;1377;152414;78646;37.3;19.3
24;2021-05-20;2372;1578;154786;80224;37.9;19.6
24;2021-05-21;2430;1411;157216;81635;38.5;20.0
24;2021-05-22;1719;406;158935;82041;38.9;20.1
24;2021-05-23;950;73;159885;82114;39.1;20.1
24;2021-05-24;1513;335;161398;82449;39.5;20.2
24;2021-05-25;2297;1382;163695;83831;40.1;20.5
24;2021-05-26;2145;1313;165840;85144;40.6;20.8
24;2021-05-27;1748;2197;167588;87341;41.0;21.4
24;2021-05-28;2145;2000;169733;89341;41.6;21.9
24;2021-05-29;1147;2087;170880;91428;41.8;22.4
24;2021-05-30;1418;171;172298;91599;42.2;22.4
24;2021-05-31;1741;1365;174039;92964;42.6;22.8
24;2021-06-01;2567;1965;176606;94929;43.2;23.2
24;2021-06-02;2652;1783;179258;96712;43.9;23.7
24;2021-06-03;2287;1465;181545;98177;44.5;24.0
24;2021-06-04;2376;1891;183921;100068;45.0;24.5
24;2021-06-05;2004;1416;185925;101484;45.5;24.8
24;2021-06-06;764;223;186689;101707;45.7;24.9
24;2021-06-07;1431;1490;188120;103197;46.1;25.3
24;2021-06-08;1673;1908;189793;105105;46.5;25.7
24;2021-06-09;1322;1595;191115;106700;46.8;26.1
24;2021-06-10;1574;1909;192689;108609;47.2;26.6
24;2021-06-11;1322;2078;194011;110687;47.5;27.1
24;2021-06-12;1124;2544;195135;113231;47.8;27.7
24;2021-06-13;1236;922;196371;114153;48.1;28.0
24;2021-06-14;1159;1858;197530;116011;48.4;28.4
24;2021-06-15;1484;2993;199014;119004;48.7;29.1
24;2021-06-16;1667;2732;200681;121736;49.1;29.8
24;2021-06-17;1541;2181;202222;123917;49.5;30.3
24;2021-06-18;1394;2863;203616;126780;49.9;31.0
24;2021-06-19;1272;1522;204888;128302;50.2;31.4
24;2021-06-20;511;497;205399;128799;50.3;31.5
24;2021-06-21;926;1837;206325;130636;50.5;32.0
24;2021-06-22;1425;2589;207750;133225;50.9;32.6
24;2021-06-23;1422;2422;209172;135647;51.2;33.2
24;2021-06-24;1126;1912;210298;137559;51.5;33.7
24;2021-06-25;959;2816;211257;140375;51.7;34.4
24;2021-06-26;856;2107;212113;142482;51.9;34.9
24;2021-06-27;398;975;212511;143457;52.0;35.1
24;2021-06-28;809;2485;213320;145942;52.2;35.7
24;2021-06-29;933;2872;214253;148814;52.5;36.4
24;2021-06-30;1099;2464;215352;151278;52.7;37.0
24;2021-07-01;1115;2301;216467;153579;53.0;37.6
24;2021-07-02;1084;2749;217551;156328;53.3;38.3
24;2021-07-03;807;1905;218358;158233;53.5;38.7
24;2021-07-04;410;1012;218768;159245;53.6;39.0
24;2021-07-05;783;2322;219551;161567;53.8;39.6
24;2021-07-06;877;3355;220428;164922;54.0;40.4
24;2021-07-07;1075;3041;221503;167963;54.2;41.1
24;2021-07-08;1332;2119;222835;170082;54.6;41.6
24;2021-07-09;1168;3222;224003;173304;54.8;42.4
24;2021-07-10;473;1958;224476;175262;55.0;42.9
24;2021-07-11;584;1189;225060;176451;55.1;43.2
24;2021-07-12;892;2523;225952;178974;55.3;43.8
24;2021-07-13;1318;3218;227270;182192;55.6;44.6
24;2021-07-14;612;1190;227882;183382;55.8;44.9
24;2021-07-15;1682;2778;229564;186160;56.2;45.6
24;2021-07-16;2136;2601;231700;188761;56.7;46.2
24;2021-07-17;1519;2235;233219;190996;57.1;46.8
24;2021-07-18;706;885;233925;191881;57.3;47.0
24;2021-07-19;1561;2182;235486;194063;57.7;47.5
24;2021-07-20;2004;2442;237490;196505;58.2;48.1
24;2021-07-21;1868;2324;239358;198829;58.6;48.7
24;2021-07-22;2321;2433;241679;201262;59.2;49.3
24;2021-07-23;2250;2608;243929;203870;59.7;49.9
24;2021-07-24;1780;1534;245709;205404;60.2;50.3
24;2021-07-25;790;862;246499;206266;60.4;50.5
25;2020-12-27;0;0;0;0;0.0;0.0
25;2020-12-28;0;0;0;0;0.0;0.0
25;2020-12-29;0;0;0;0;0.0;0.0
25;2020-12-30;0;0;0;0;0.0;0.0
25;2020-12-31;2;0;2;0;0.0;0.0
25;2021-01-01;0;0;2;0;0.0;0.0
25;2021-01-02;0;0;2;0;0.0;0.0
25;2021-01-03;0;0;2;0;0.0;0.0
25;2021-01-04;0;0;2;0;0.0;0.0
25;2021-01-05;1;0;3;0;0.0;0.0
25;2021-01-06;75;1;78;1;0.0;0.0
25;2021-01-07;235;1;313;2;0.1;0.0
25;2021-01-08;342;1;655;3;0.1;0.0
25;2021-01-09;102;0;757;3;0.1;0.0
25;2021-01-10;0;0;757;3;0.1;0.0
25;2021-01-11;499;4;1256;7;0.2;0.0
25;2021-01-12;675;2;1931;9;0.4;0.0
25;2021-01-13;626;0;2557;9;0.5;0.0
25;2021-01-14;895;15;3452;24;0.6;0.0
25;2021-01-15;782;6;4234;30;0.8;0.0
25;2021-01-16;206;1;4440;31;0.8;0.0
25;2021-01-17;112;0;4552;31;0.8;0.0
25;2021-01-18;1294;4;5846;35;1.1;0.0
25;2021-01-19;1411;3;7257;38;1.3;0.0
25;2021-01-20;1418;4;8675;42;1.6;0.0
25;2021-01-21;1794;1;10469;43;1.9;0.0
25;2021-01-22;1503;3;11972;46;2.2;0.0
25;2021-01-23;497;1;12469;47;2.3;0.0
25;2021-01-24;119;0;12588;47;2.3;0.0
25;2021-01-25;989;0;13577;47;2.5;0.0
25;2021-01-26;1487;42;15064;89;2.8;0.0
25;2021-01-27;1246;70;16310;159;3.0;0.0
25;2021-01-28;1089;75;17399;234;3.2;0.0
25;2021-01-29;905;229;18304;463;3.4;0.1
25;2021-01-30;293;92;18597;555;3.4;0.1
25;2021-01-31;2;0;18599;555;3.4;0.1
25;2021-02-01;610;221;19209;776;3.6;0.1
25;2021-02-02;674;414;19883;1190;3.7;0.2
25;2021-02-03;759;248;20642;1438;3.8;0.3
25;2021-02-04;716;446;21358;1884;4.0;0.3
25;2021-02-05;517;465;21875;2349;4.1;0.4
25;2021-02-06;198;157;22073;2506;4.1;0.5
25;2021-02-07;2;34;22075;2540;4.1;0.5
25;2021-02-08;613;507;22688;3047;4.2;0.6
25;2021-02-09;616;490;23304;3537;4.3;0.7
25;2021-02-10;817;484;24121;4021;4.5;0.7
25;2021-02-11;586;852;24707;4873;4.6;0.9
25;2021-02-12;413;550;25120;5423;4.7;1.0
25;2021-02-13;97;140;25217;5563;4.7;1.0
25;2021-02-14;0;0;25217;5563;4.7;1.0
25;2021-02-15;187;1040;25404;6603;4.7;1.2
25;2021-02-16;214;1450;25618;8053;4.7;1.5
25;2021-02-17;109;1344;25727;9397;4.8;1.7
25;2021-02-18;146;1436;25873;10833;4.8;2.0
25;2021-02-19;102;1271;25975;12104;4.8;2.2
25;2021-02-20;26;495;26001;12599;4.8;2.3
25;2021-02-21;1;143;26002;12742;4.8;2.4
25;2021-02-22;83;1067;26085;13809;4.8;2.6
25;2021-02-23;196;1082;26281;14891;4.9;2.8
25;2021-02-24;104;975;26385;15866;4.9;2.9
25;2021-02-25;522;1005;26907;16871;5.0;3.1
25;2021-02-26;607;1003;27514;17874;5.1;3.3
25;2021-02-27;227;374;27741;18248;5.1;3.4
25;2021-02-28;4;0;27745;18248;5.1;3.4
25;2021-03-01;444;621;28189;18869;5.2;3.5
25;2021-03-02;651;833;28840;19702;5.3;3.7
25;2021-03-03;541;731;29381;20433;5.4;3.8
25;2021-03-04;1153;649;30534;21082;5.7;3.9
25;2021-03-05;1852;367;32386;21449;6.0;4.0
25;2021-03-06;1168;219;33554;21668;6.2;4.0
25;2021-03-07;9;6;33563;21674;6.2;4.0
25;2021-03-08;547;708;34110;22382;6.3;4.1
25;2021-03-09;1038;768;35148;23150;6.5;4.3
25;2021-03-10;1149;640;36297;23790;6.7;4.4
25;2021-03-11;1657;568;37954;24358;7.0;4.5
25;2021-03-12;1996;430;39950;24788;7.4;4.6
25;2021-03-13;1113;88;41063;24876;7.6;4.6
25;2021-03-14;35;0;41098;24876;7.6;4.6
25;2021-03-15;1123;126;42221;25002;7.8;4.6
25;2021-03-16;1276;109;43497;25111;8.1;4.7
25;2021-03-17;1411;129;44908;25240;8.3;4.7
25;2021-03-18;1526;71;46434;25311;8.6;4.7
25;2021-03-19;1595;119;48029;25430;8.9;4.7
25;2021-03-20;821;28;48850;25458;9.1;4.7
25;2021-03-21;24;0;48874;25458;9.1;4.7
25;2021-03-22;1485;78;50359;25536;9.3;4.7
25;2021-03-23;2160;126;52519;25662;9.7;4.8
25;2021-03-24;2416;89;54935;25751;10.2;4.8
25;2021-03-25;2838;172;57773;25923;10.7;4.8
25;2021-03-26;3152;154;60925;26077;11.3;4.8
25;2021-03-27;1111;81;62036;26158;11.5;4.8
25;2021-03-28;121;62;62157;26220;11.5;4.9
25;2021-03-29;1786;274;63943;26494;11.9;4.9
25;2021-03-30;2212;383;66155;26877;12.3;5.0
25;2021-03-31;2217;341;68372;27218;12.7;5.0
25;2021-04-01;2450;511;70822;27729;13.1;5.1
25;2021-04-02;2026;586;72848;28315;13.5;5.2
25;2021-04-03;447;107;73295;28422;13.6;5.3
25;2021-04-04;39;21;73334;28443;13.6;5.3
25;2021-04-05;144;4;73478;28447;13.6;5.3
25;2021-04-06;1933;665;75411;29112;14.0;5.4
25;2021-04-07;1877;839;77288;29951;14.3;5.6
25;2021-04-08;2428;813;79716;30764;14.8;5.7
25;2021-04-09;2594;975;82310;31739;15.3;5.9
25;2021-04-10;978;286;83288;32025;15.4;5.9
25;2021-04-11;104;28;83392;32053;15.5;5.9
25;2021-04-12;1559;958;84951;33011;15.7;6.1
25;2021-04-13;1985;1304;86936;34315;16.1;6.4
25;2021-04-14;1750;1189;88686;35504;16.4;6.6
25;2021-04-15;1997;1321;90683;36825;16.8;6.8
25;2021-04-16;2084;986;92767;37811;17.2;7.0
25;2021-04-17;1103;412;93870;38223;17.4;7.1
25;2021-04-18;117;18;93987;38241;17.4;7.1
25;2021-04-19;1325;1250;95312;39491;17.7;7.3
25;2021-04-20;1613;1459;96925;40950;18.0;7.6
25;2021-04-21;1717;1620;98642;42570;18.3;7.9
25;2021-04-22;1856;1702;100498;44272;18.6;8.2
25;2021-04-23;1898;1750;102396;46022;19.0;8.5
25;2021-04-24;1280;704;103676;46726;19.2;8.7
25;2021-04-25;139;113;103815;46839;19.2;8.7
25;2021-04-26;1722;1674;105537;48513;19.6;9.0
25;2021-04-27;2801;1517;108338;50030;20.1;9.3
25;2021-04-28;2424;1548;110762;51578;20.5;9.6
25;2021-04-29;2649;1830;113411;53408;21.0;9.9
25;2021-04-30;3102;1575;116513;54983;21.6;10.2
25;2021-05-01;1788;325;118301;55308;21.9;10.3
25;2021-05-02;442;21;118743;55329;22.0;10.3
25;2021-05-03;2900;831;121643;56160;22.5;10.4
25;2021-05-04;2638;1886;124281;58046;23.0;10.8
25;2021-05-05;2591;1658;126872;59704;23.5;11.1
25;2021-05-06;2928;2160;129800;61864;24.1;11.5
25;2021-05-07;3063;2118;132863;63982;24.6;11.9
25;2021-05-08;1333;225;134196;64207;24.9;11.9
25;2021-05-09;244;87;134440;64294;24.9;11.9
25;2021-05-10;3130;1637;137570;65931;25.5;12.2
25;2021-05-11;3748;2035;141318;67966;26.2;12.6
25;2021-05-12;3685;1785;145003;69751;26.9;12.9
25;2021-05-13;3519;598;148522;70349;27.5;13.0
25;2021-05-14;4482;1300;153004;71649;28.4;13.3
25;2021-05-15;3277;702;156281;72351;29.0;13.4
25;2021-05-16;722;92;157003;72443;29.1;13.4
25;2021-05-17;4091;1087;161094;73530;29.9;13.6
25;2021-05-18;5203;1178;166297;74708;30.8;13.8
25;2021-05-19;5247;1122;171544;75830;31.8;14.1
25;2021-05-20;5130;1445;176674;77275;32.8;14.3
25;2021-05-21;5764;1967;182438;79242;33.8;14.7
25;2021-05-22;3176;720;185614;79962;34.4;14.8
25;2021-05-23;781;153;186395;80115;34.6;14.9
25;2021-05-24;1528;149;187923;80264;34.8;14.9
25;2021-05-25;3512;1640;191435;81904;35.5;15.2
25;2021-05-26;3975;1553;195410;83457;36.2;15.5
25;2021-05-27;4512;1893;199922;85350;37.1;15.8
25;2021-05-28;3990;2628;203912;87978;37.8;16.3
25;2021-05-29;2013;1017;205925;88995;38.2;16.5
25;2021-05-30;174;96;206099;89091;38.2;16.5
25;2021-05-31;2673;1710;208772;90801;38.7;16.8
25;2021-06-01;2729;2154;211501;92955;39.2;17.2
25;2021-06-02;2608;2247;214109;95202;39.7;17.6
25;2021-06-03;3274;2043;217383;97245;40.3;18.0
25;2021-06-04;3206;2405;220589;99650;40.9;18.5
25;2021-06-05;1487;1392;222076;101042;41.2;18.7
25;2021-06-06;985;254;223061;101296;41.3;18.8
25;2021-06-07;2781;2565;225842;103861;41.9;19.3
25;2021-06-08;2603;2761;228445;106622;42.3;19.8
25;2021-06-09;2380;2760;230825;109382;42.8;20.3
25;2021-06-10;2323;2649;233148;112031;43.2;20.8
25;2021-06-11;2711;3304;235859;115335;43.7;21.4
25;2021-06-12;1570;1860;237429;117195;44.0;21.7
25;2021-06-13;495;254;237924;117449;44.1;21.8
25;2021-06-14;1419;3760;239343;121209;44.4;22.5
25;2021-06-15;1635;3565;240978;124774;44.7;23.1
25;2021-06-16;1948;3259;242926;128033;45.0;23.7
25;2021-06-17;1470;3322;244396;131355;45.3;24.3
25;2021-06-18;2275;4290;246671;135645;45.7;25.1
25;2021-06-19;1345;1969;248016;137614;46.0;25.5
25;2021-06-20;57;239;248073;137853;46.0;25.6
25;2021-06-21;1131;4134;249204;141987;46.2;26.3
25;2021-06-22;1138;4677;250342;146664;46.4;27.2
25;2021-06-23;1388;4079;251730;150743;46.7;27.9
25;2021-06-24;1171;4080;252901;154823;46.9;28.7
25;2021-06-25;1630;5610;254531;160433;47.2;29.7
25;2021-06-26;624;3379;255155;163812;47.3;30.4
25;2021-06-27;449;875;255604;164687;47.4;30.5
25;2021-06-28;896;4475;256500;169162;47.5;31.4
25;2021-06-29;1114;5467;257614;174629;47.8;32.4
25;2021-06-30;1301;5366;258915;179995;48.0;33.4
25;2021-07-01;1684;5227;260599;185222;48.3;34.3
25;2021-07-02;1681;5057;262280;190279;48.6;35.3
25;2021-07-03;1030;2692;263310;192971;48.8;35.8
25;2021-07-04;409;722;263719;193693;48.9;35.9
25;2021-07-05;1269;2575;264988;196268;49.1;36.4
25;2021-07-06;1561;4743;266549;201011;49.4;37.3
25;2021-07-07;1561;4501;268110;205512;49.7;38.1
25;2021-07-08;1529;3927;269639;209439;50.0;38.8
25;2021-07-09;1723;4576;271362;214015;50.3;39.7
25;2021-07-10;776;2371;272138;216386;50.4;40.1
25;2021-07-11;123;305;272261;216691;50.5;40.2
25;2021-07-12;1386;3856;273647;220547;50.7;40.9
25;2021-07-13;2439;4763;276086;225310;51.2;41.8
25;2021-07-14;373;554;276459;225864;51.2;41.9
25;2021-07-15;2383;3652;278842;229516;51.7;42.5
25;2021-07-16;3463;3823;282305;233339;52.3;43.3
25;2021-07-17;2192;2018;284497;235357;52.7;43.6
25;2021-07-18;803;1292;285300;236649;52.9;43.9
25;2021-07-19;2519;4189;287819;240838;53.4;44.6
25;2021-07-20;3357;3702;291176;244540;54.0;45.3
25;2021-07-21;3262;3341;294438;247881;54.6;46.0
25;2021-07-22;3256;2933;297694;250814;55.2;46.5
25;2021-07-23;3543;3321;301237;254135;55.8;47.1
25;2021-07-24;1387;2238;302624;256373;56.1;47.5
25;2021-07-25;672;690;303296;257063;56.2;47.7
26;2020-12-27;0;0;0;0;0.0;0.0
26;2020-12-28;0;0;0;0;0.0;0.0
26;2020-12-29;0;0;0;0;0.0;0.0
26;2020-12-30;0;0;0;0;0.0;0.0
26;2020-12-31;0;0;0;0;0.0;0.0
26;2021-01-01;0;0;0;0;0.0;0.0
26;2021-01-02;0;0;0;0;0.0;0.0
26;2021-01-03;0;0;0;0;0.0;0.0
26;2021-01-04;0;0;0;0;0.0;0.0
26;2021-01-05;0;0;0;0;0.0;0.0
26;2021-01-06;0;0;0;0;0.0;0.0
26;2021-01-07;168;0;168;0;0.0;0.0
26;2021-01-08;125;0;293;0;0.1;0.0
26;2021-01-09;2;0;295;0;0.1;0.0
26;2021-01-10;0;0;295;0;0.1;0.0
26;2021-01-11;266;1;561;1;0.1;0.0
26;2021-01-12;175;1;736;2;0.1;0.0
26;2021-01-13;416;1;1152;3;0.2;0.0
26;2021-01-14;484;1;1636;4;0.3;0.0
26;2021-01-15;561;1;2197;5;0.4;0.0
26;2021-01-16;250;0;2447;5;0.5;0.0
26;2021-01-17;0;0;2447;5;0.5;0.0
26;2021-01-18;635;1;3082;6;0.6;0.0
26;2021-01-19;779;4;3861;10;0.7;0.0
26;2021-01-20;741;0;4602;10;0.9;0.0
26;2021-01-21;805;5;5407;15;1.0;0.0
26;2021-01-22;785;3;6192;18;1.2;0.0
26;2021-01-23;563;2;6755;20;1.3;0.0
26;2021-01-24;24;0;6779;20;1.3;0.0
26;2021-01-25;696;1;7475;21;1.4;0.0
26;2021-01-26;800;2;8275;23;1.6;0.0
26;2021-01-27;821;8;9096;31;1.7;0.0
26;2021-01-28;1328;171;10424;202;2.0;0.0
26;2021-01-29;970;64;11394;266;2.2;0.1
26;2021-01-30;605;5;11999;271;2.3;0.1
26;2021-01-31;24;0;12023;271;2.3;0.1
26;2021-02-01;705;189;12728;460;2.4;0.1
26;2021-02-02;1273;202;14001;662;2.7;0.1
26;2021-02-03;1229;255;15230;917;2.9;0.2
26;2021-02-04;983;450;16213;1367;3.1;0.3
26;2021-02-05;671;334;16884;1701;3.2;0.3
26;2021-02-06;402;239;17286;1940;3.3;0.4
26;2021-02-07;57;2;17343;1942;3.3;0.4
26;2021-02-08;545;412;17888;2354;3.4;0.5
26;2021-02-09;617;477;18505;2831;3.6;0.5
26;2021-02-10;664;336;19169;3167;3.7;0.6
26;2021-02-11;752;329;19921;3496;3.8;0.7
26;2021-02-12;589;453;20510;3949;3.9;0.8
26;2021-02-13;387;339;20897;4288;4.0;0.8
26;2021-02-14;36;0;20933;4288;4.0;0.8
26;2021-02-15;413;530;21346;4818;4.1;0.9
26;2021-02-16;294;560;21640;5378;4.2;1.0
26;2021-02-17;192;742;21832;6120;4.2;1.2
26;2021-02-18;337;899;22169;7019;4.3;1.3
26;2021-02-19;337;808;22506;7827;4.3;1.5
26;2021-02-20;95;491;22601;8318;4.3;1.6
26;2021-02-21;3;24;22604;8342;4.3;1.6
26;2021-02-22;142;720;22746;9062;4.4;1.7
26;2021-02-23;397;999;23143;10061;4.4;1.9
26;2021-02-24;341;1221;23484;11282;4.5;2.2
26;2021-02-25;728;1068;24212;12350;4.7;2.4
26;2021-02-26;920;634;25132;12984;4.8;2.5
26;2021-02-27;279;512;25411;13496;4.9;2.6
26;2021-02-28;3;30;25414;13526;4.9;2.6
26;2021-03-01;456;661;25870;14187;5.0;2.7
26;2021-03-02;740;632;26610;14819;5.1;2.8
26;2021-03-03;730;687;27340;15506;5.3;3.0
26;2021-03-04;1041;581;28381;16087;5.5;3.1
26;2021-03-05;1707;508;30088;16595;5.8;3.2
26;2021-03-06;2770;484;32858;17079;6.3;3.3
26;2021-03-07;2986;191;35844;17270;6.9;3.3
26;2021-03-08;907;648;36751;17918;7.1;3.4
26;2021-03-09;1321;545;38072;18463;7.3;3.5
26;2021-03-10;1213;509;39285;18972;7.5;3.6
26;2021-03-11;1608;640;40893;19612;7.9;3.8
26;2021-03-12;2216;458;43109;20070;8.3;3.9
26;2021-03-13;1885;330;44994;20400;8.6;3.9
26;2021-03-14;68;38;45062;20438;8.7;3.9
26;2021-03-15;1648;243;46710;20681;9.0;4.0
26;2021-03-16;1232;505;47942;21186;9.2;4.1
26;2021-03-17;1364;296;49306;21482;9.5;4.1
26;2021-03-18;1586;279;50892;21761;9.8;4.2
26;2021-03-19;2441;340;53333;22101;10.2;4.2
26;2021-03-20;1289;144;54622;22245;10.5;4.3
26;2021-03-21;60;20;54682;22265;10.5;4.3
26;2021-03-22;1843;188;56525;22453;10.9;4.3
26;2021-03-23;2476;260;59001;22713;11.3;4.4
26;2021-03-24;2550;239;61551;22952;11.8;4.4
26;2021-03-25;3040;325;64591;23277;12.4;4.5
26;2021-03-26;3045;340;67636;23617;13.0;4.5
26;2021-03-27;1242;148;68878;23765;13.2;4.6
26;2021-03-28;93;6;68971;23771;13.2;4.6
26;2021-03-29;1903;399;70874;24170;13.6;4.6
26;2021-03-30;2381;536;73255;24706;14.1;4.7
26;2021-03-31;2226;573;75481;25279;14.5;4.9
26;2021-04-01;2271;767;77752;26046;14.9;5.0
26;2021-04-02;2212;976;79964;27022;15.4;5.2
26;2021-04-03;552;1204;80516;28226;15.5;5.4
26;2021-04-04;214;887;80730;29113;15.5;5.6
26;2021-04-05;554;54;81284;29167;15.6;5.6
26;2021-04-06;1486;831;82770;29998;15.9;5.8
26;2021-04-07;1791;899;84561;30897;16.2;5.9
26;2021-04-08;2995;917;87556;31814;16.8;6.1
26;2021-04-09;3411;986;90967;32800;17.5;6.3
26;2021-04-10;1355;916;92322;33716;17.7;6.5
26;2021-04-11;89;35;92411;33751;17.8;6.5
26;2021-04-12;1711;1117;94122;34868;18.1;6.7
26;2021-04-13;2793;1439;96915;36307;18.6;7.0
26;2021-04-14;2204;1459;99119;37766;19.0;7.3
26;2021-04-15;2272;1573;101391;39339;19.5;7.6
26;2021-04-16;2270;1579;103661;40918;19.9;7.9
26;2021-04-17;1097;839;104758;41757;20.1;8.0
26;2021-04-18;35;52;104793;41809;20.1;8.0
26;2021-04-19;1546;1571;106339;43380;20.4;8.3
26;2021-04-20;1797;1723;108136;45103;20.8;8.7
26;2021-04-21;2010;1504;110146;46607;21.2;9.0
26;2021-04-22;2286;1596;112432;48203;21.6;9.3
26;2021-04-23;2007;1623;114439;49826;22.0;9.6
26;2021-04-24;1653;844;116092;50670;22.3;9.7
26;2021-04-25;626;91;116718;50761;22.4;9.8
26;2021-04-26;1375;1600;118093;52361;22.7;10.1
26;2021-04-27;1984;1685;120077;54046;23.1;10.4
26;2021-04-28;1867;1535;121944;55581;23.4;10.7
26;2021-04-29;2867;1886;124811;57467;24.0;11.0
26;2021-04-30;2623;1755;127434;59222;24.5;11.4
26;2021-05-01;1537;379;128971;59601;24.8;11.4
26;2021-05-02;1086;114;130057;59715;25.0;11.5
26;2021-05-03;2201;1782;132258;61497;25.4;11.8
26;2021-05-04;2611;2349;134869;63846;25.9;12.3
26;2021-05-05;2772;2191;137641;66037;26.4;12.7
26;2021-05-06;3319;2208;140960;68245;27.1;13.1
26;2021-05-07;2854;2255;143814;70500;27.6;13.5
26;2021-05-08;1953;625;145767;71125;28.0;13.7
26;2021-05-09;710;124;146477;71249;28.1;13.7
26;2021-05-10;3019;1823;149496;73072;28.7;14.0
26;2021-05-11;4442;2188;153938;75260;29.6;14.5
26;2021-05-12;4826;1685;158764;76945;30.5;14.8
26;2021-05-13;4364;604;163128;77549;31.3;14.9
26;2021-05-14;4642;1546;167770;79095;32.2;15.2
26;2021-05-15;4469;632;172239;79727;33.1;15.3
26;2021-05-16;3630;340;175869;80067;33.8;15.4
26;2021-05-17;3657;1479;179526;81546;34.5;15.7
26;2021-05-18;4473;1740;183999;83286;35.3;16.0
26;2021-05-19;4481;1443;188480;84729;36.2;16.3
26;2021-05-20;4680;1742;193160;86471;37.1;16.6
26;2021-05-21;4727;1797;197887;88268;38.0;17.0
26;2021-05-22;3188;687;201075;88955;38.6;17.1
26;2021-05-23;1597;183;202672;89138;38.9;17.1
26;2021-05-24;3786;743;206458;89881;39.7;17.3
26;2021-05-25;3592;2335;210050;92216;40.4;17.7
26;2021-05-26;4180;2256;214230;94472;41.2;18.1
26;2021-05-27;4217;2461;218447;96933;42.0;18.6
26;2021-05-28;3773;2760;222220;99693;42.7;19.2
26;2021-05-29;3086;1643;225306;101336;43.3;19.5
26;2021-05-30;322;71;225628;101407;43.3;19.5
26;2021-05-31;3081;1855;228709;103262;43.9;19.8
26;2021-06-01;3097;2303;231806;105565;44.5;20.3
26;2021-06-02;2866;2213;234672;107778;45.1;20.7
26;2021-06-03;2848;2490;237520;110268;45.6;21.2
26;2021-06-04;2659;2904;240179;113172;46.1;21.7
26;2021-06-05;1801;1693;241980;114865;46.5;22.1
26;2021-06-06;6;0;241986;114865;46.5;22.1
26;2021-06-07;2346;2425;244332;117290;46.9;22.5
26;2021-06-08;2453;2289;246785;119579;47.4;23.0
26;2021-06-09;2092;2382;248877;121961;47.8;23.4
26;2021-06-10;1973;2760;250850;124721;48.2;24.0
26;2021-06-11;1896;3273;252746;127994;48.6;24.6
26;2021-06-12;1218;1788;253964;129782;48.8;24.9
26;2021-06-13;96;215;254060;129997;48.8;25.0
26;2021-06-14;1414;3495;255474;133492;49.1;25.6
26;2021-06-15;1580;3965;257054;137457;49.4;26.4
26;2021-06-16;1784;3461;258838;140918;49.7;27.1
26;2021-06-17;1507;3169;260345;144087;50.0;27.7
26;2021-06-18;1795;4365;262140;148452;50.4;28.5
26;2021-06-19;934;3180;263074;151632;50.5;29.1
26;2021-06-20;264;875;263338;152507;50.6;29.3
26;2021-06-21;1005;4553;264343;157060;50.8;30.2
26;2021-06-22;1061;5125;265404;162185;51.0;31.2
26;2021-06-23;1161;5075;266565;167260;51.2;32.1
26;2021-06-24;1256;4539;267821;171799;51.4;33.0
26;2021-06-25;1013;5545;268834;177344;51.6;34.1
26;2021-06-26;659;3822;269493;181166;51.8;34.8
26;2021-06-27;300;1273;269793;182439;51.8;35.0
26;2021-06-28;776;4760;270569;187199;52.0;36.0
26;2021-06-29;1095;4966;271664;192165;52.2;36.9
26;2021-06-30;1409;4885;273073;197050;52.5;37.9
26;2021-07-01;1630;4398;274703;201448;52.8;38.7
26;2021-07-02;1319;5168;276022;206616;53.0;39.7
26;2021-07-03;766;3331;276788;209947;53.2;40.3
26;2021-07-04;329;631;277117;210578;53.2;40.5
26;2021-07-05;877;4675;277994;215253;53.4;41.4
26;2021-07-06;1263;4214;279257;219467;53.6;42.2
26;2021-07-07;1405;3800;280662;223267;53.9;42.9
26;2021-07-08;2354;3327;283016;226594;54.4;43.5
26;2021-07-09;1552;4793;284568;231387;54.7;44.4
26;2021-07-10;906;2920;285474;234307;54.8;45.0
26;2021-07-11;334;352;285808;234659;54.9;45.1
26;2021-07-12;1107;4220;286915;238879;55.1;45.9
26;2021-07-13;2301;4339;289216;243218;55.6;46.7
26;2021-07-14;1054;812;290270;244030;55.8;46.9
26;2021-07-15;3152;3644;293422;247674;56.4;47.6
26;2021-07-16;2946;3683;296368;251357;56.9;48.3
26;2021-07-17;1869;1797;298237;253154;57.3;48.6
26;2021-07-18;17;24;298254;253178;57.3;48.6
26;2021-07-19;2710;3252;300964;256430;57.8;49.3
26;2021-07-20;3676;3345;304640;259775;58.5;49.9
26;2021-07-21;3560;3083;308200;262858;59.2;50.5
26;2021-07-22;4091;2932;312291;265790;60.0;51.1
26;2021-07-23;3837;3368;316128;269158;60.7;51.7
26;2021-07-24;2333;1323;318461;270481;61.2;52.0
26;2021-07-25;607;83;319068;270564;61.3;52.0
27;2020-12-27;0;0;0;0;0.0;0.0
27;2020-12-28;0;0;0;0;0.0;0.0
27;2020-12-29;1;0;1;0;0.0;0.0
27;2020-12-30;0;0;1;0;0.0;0.0
27;2020-12-31;0;0;1;0;0.0;0.0
27;2021-01-01;0;0;1;0;0.0;0.0
27;2021-01-02;0;0;1;0;0.0;0.0
27;2021-01-03;1;0;2;0;0.0;0.0
27;2021-01-04;0;0;2;0;0.0;0.0
27;2021-01-05;15;0;17;0;0.0;0.0
27;2021-01-06;161;0;178;0;0.0;0.0
27;2021-01-07;370;0;548;0;0.1;0.0
27;2021-01-08;441;0;989;0;0.2;0.0
27;2021-01-09;72;1;1061;1;0.2;0.0
27;2021-01-10;101;0;1162;1;0.2;0.0
27;2021-01-11;382;0;1544;1;0.3;0.0
27;2021-01-12;409;1;1953;2;0.3;0.0
27;2021-01-13;839;1;2792;3;0.5;0.0
27;2021-01-14;1603;25;4395;28;0.7;0.0
27;2021-01-15;1220;4;5615;32;0.9;0.0
27;2021-01-16;332;2;5947;34;1.0;0.0
27;2021-01-17;204;0;6151;34;1.0;0.0
27;2021-01-18;798;2;6949;36;1.2;0.0
27;2021-01-19;773;2;7722;38;1.3;0.0
27;2021-01-20;870;0;8592;38;1.4;0.0
27;2021-01-21;654;1;9246;39;1.5;0.0
27;2021-01-22;778;3;10024;42;1.7;0.0
27;2021-01-23;350;0;10374;42;1.7;0.0
27;2021-01-24;169;8;10543;50;1.8;0.0
27;2021-01-25;635;16;11178;66;1.9;0.0
27;2021-01-26;460;17;11638;83;1.9;0.0
27;2021-01-27;505;104;12143;187;2.0;0.0
27;2021-01-28;516;298;12659;485;2.1;0.1
27;2021-01-29;507;109;13166;594;2.2;0.1
27;2021-01-30;241;31;13407;625;2.2;0.1
27;2021-01-31;27;24;13434;649;2.2;0.1
27;2021-02-01;348;196;13782;845;2.3;0.1
27;2021-02-02;307;284;14089;1129;2.3;0.2
27;2021-02-03;488;405;14577;1534;2.4;0.3
27;2021-02-04;717;889;15294;2423;2.5;0.4
27;2021-02-05;661;1156;15955;3579;2.7;0.6
27;2021-02-06;125;224;16080;3803;2.7;0.6
27;2021-02-07;25;42;16105;3845;2.7;0.6
27;2021-02-08;310;380;16415;4225;2.7;0.7
27;2021-02-09;340;562;16755;4787;2.8;0.8
27;2021-02-10;302;529;17057;5316;2.8;0.9
27;2021-02-11;318;458;17375;5774;2.9;1.0
27;2021-02-12;229;547;17604;6321;2.9;1.1
27;2021-02-13;152;133;17756;6454;3.0;1.1
27;2021-02-14;6;96;17762;6550;3.0;1.1
27;2021-02-15;388;600;18150;7150;3.0;1.2
27;2021-02-16;295;733;18445;7883;3.1;1.3
27;2021-02-17;247;640;18692;8523;3.1;1.4
27;2021-02-18;362;684;19054;9207;3.2;1.5
27;2021-02-19;219;684;19273;9891;3.2;1.6
27;2021-02-20;129;251;19402;10142;3.2;1.7
27;2021-02-21;12;140;19414;10282;3.2;1.7
27;2021-02-22;483;567;19897;10849;3.3;1.8
27;2021-02-23;497;630;20394;11479;3.4;1.9
27;2021-02-24;543;653;20937;12132;3.5;2.0
27;2021-02-25;843;755;21780;12887;3.6;2.1
27;2021-02-26;954;689;22734;13576;3.8;2.3
27;2021-02-27;406;159;23140;13735;3.9;2.3
27;2021-02-28;171;30;23311;13765;3.9;2.3
27;2021-03-01;484;444;23795;14209;4.0;2.4
27;2021-03-02;763;360;24558;14569;4.1;2.4
27;2021-03-03;851;365;25409;14934;4.2;2.5
27;2021-03-04;883;234;26292;15168;4.4;2.5
27;2021-03-05;1303;232;27595;15400;4.6;2.6
27;2021-03-06;1636;96;29231;15496;4.9;2.6
27;2021-03-07;620;7;29851;15503;5.0;2.6
27;2021-03-08;1205;305;31056;15808;5.2;2.6
27;2021-03-09;1822;260;32878;16068;5.5;2.7
27;2021-03-10;2114;338;34992;16406;5.8;2.7
27;2021-03-11;2142;214;37134;16620;6.2;2.8
27;2021-03-12;2818;177;39952;16797;6.7;2.8
27;2021-03-13;1918;110;41870;16907;7.0;2.8
27;2021-03-14;655;10;42525;16917;7.1;2.8
27;2021-03-15;1549;203;44074;17120;7.3;2.9
27;2021-03-16;1484;230;45558;17350;7.6;2.9
27;2021-03-17;1850;290;47408;17640;7.9;2.9
27;2021-03-18;1683;336;49091;17976;8.2;3.0
27;2021-03-19;1831;165;50922;18141;8.5;3.0
27;2021-03-20;897;37;51819;18178;8.6;3.0
27;2021-03-21;257;2;52076;18180;8.7;3.0
27;2021-03-22;1234;542;53310;18722;8.9;3.1
27;2021-03-23;1626;461;54936;19183;9.1;3.2
27;2021-03-24;1520;469;56456;19652;9.4;3.3
27;2021-03-25;2160;501;58616;20153;9.8;3.4
27;2021-03-26;2529;433;61145;20586;10.2;3.4
27;2021-03-27;1567;195;62712;20781;10.4;3.5
27;2021-03-28;1149;49;63861;20830;10.6;3.5
27;2021-03-29;1375;823;65236;21653;10.9;3.6
27;2021-03-30;1390;845;66626;22498;11.1;3.7
27;2021-03-31;1488;873;68114;23371;11.3;3.9
27;2021-04-01;1956;806;70070;24177;11.7;4.0
27;2021-04-02;2000;1178;72070;25355;12.0;4.2
27;2021-04-03;1560;736;73630;26091;12.3;4.3
27;2021-04-04;977;171;74607;26262;12.4;4.4
27;2021-04-05;282;6;74889;26268;12.5;4.4
27;2021-04-06;1414;1795;76303;28063;12.7;4.7
27;2021-04-07;1321;1743;77624;29806;12.9;5.0
27;2021-04-08;1682;1667;79306;31473;13.2;5.2
27;2021-04-09;2946;1545;82252;33018;13.7;5.5
27;2021-04-10;2035;979;84287;33997;14.0;5.7
27;2021-04-11;946;209;85233;34206;14.2;5.7
27;2021-04-12;2434;1500;87667;35706;14.6;5.9
27;2021-04-13;2390;1546;90057;37252;15.0;6.2
27;2021-04-14;2084;1616;92141;38868;15.3;6.5
27;2021-04-15;1878;1650;94019;40518;15.7;6.7
27;2021-04-16;2752;1108;96771;41626;16.1;6.9
27;2021-04-17;2170;478;98941;42104;16.5;7.0
27;2021-04-18;452;16;99393;42120;16.5;7.0
27;2021-04-19;1711;1166;101104;43286;16.8;7.2
27;2021-04-20;2385;1293;103489;44579;17.2;7.4
27;2021-04-21;2209;1077;105698;45656;17.6;7.6
27;2021-04-22;2180;1409;107878;47065;18.0;7.8
27;2021-04-23;2445;1166;110323;48231;18.4;8.0
27;2021-04-24;3256;1133;113579;49364;18.9;8.2
27;2021-04-25;1128;1042;114707;50406;19.1;8.4
27;2021-04-26;1919;1137;116626;51543;19.4;8.6
27;2021-04-27;2523;1080;119149;52623;19.8;8.8
27;2021-04-28;2390;1308;121539;53931;20.2;9.0
27;2021-04-29;2492;1464;124031;55395;20.6;9.2
27;2021-04-30;2370;1607;126401;57002;21.0;9.5
27;2021-05-01;2637;881;129038;57883;21.5;9.6
27;2021-05-02;1953;888;130991;58771;21.8;9.8
27;2021-05-03;3063;869;134054;59640;22.3;9.9
27;2021-05-04;2782;1638;136836;61278;22.8;10.2
27;2021-05-05;2816;1644;139652;62922;23.2;10.5
27;2021-05-06;3184;1286;142836;64208;23.8;10.7
27;2021-05-07;3321;1999;146157;66207;24.3;11.0
27;2021-05-08;2790;1322;148947;67529;24.8;11.2
27;2021-05-09;1697;295;150644;67824;25.1;11.3
27;2021-05-10;2951;2267;153595;70091;25.6;11.7
27;2021-05-11;3354;1751;156949;71842;26.1;12.0
27;2021-05-12;3457;1721;160406;73563;26.7;12.2
27;2021-05-13;1890;251;162296;73814;27.0;12.3
27;2021-05-14;3877;1783;166173;75597;27.7;12.6
27;2021-05-15;6600;949;172773;76546;28.8;12.7
27;2021-05-16;3668;431;176441;76977;29.4;12.8
27;2021-05-17;2771;1156;179212;78133;29.8;13.0
27;2021-05-18;3844;1283;183056;79416;30.5;13.2
27;2021-05-19;3966;1146;187022;80562;31.1;13.4
27;2021-05-20;3874;1161;190896;81723;31.8;13.6
27;2021-05-21;3961;1794;194857;83517;32.4;13.9
27;2021-05-22;4360;793;199217;84310;33.2;14.0
27;2021-05-23;800;173;200017;84483;33.3;14.1
27;2021-05-24;1490;337;201507;84820;33.5;14.1
27;2021-05-25;3514;1601;205021;86421;34.1;14.4
27;2021-05-26;3851;1733;208872;88154;34.8;14.7
27;2021-05-27;3785;1485;212657;89639;35.4;14.9
27;2021-05-28;3397;2628;216054;92267;36.0;15.4
27;2021-05-29;4823;2292;220877;94559;36.8;15.7
27;2021-05-30;1119;248;221996;94807;37.0;15.8
27;2021-05-31;3464;2275;225460;97082;37.5;16.2
27;2021-06-01;3812;2244;229272;99326;38.2;16.5
27;2021-06-02;3339;2181;232611;101507;38.7;16.9
27;2021-06-03;4431;2123;237042;103630;39.5;17.3
27;2021-06-04;3604;2967;240646;106597;40.1;17.7
27;2021-06-05;3210;3343;243856;109940;40.6;18.3
27;2021-06-06;2004;1010;245860;110950;40.9;18.5
27;2021-06-07;2565;2352;248425;113302;41.4;18.9
27;2021-06-08;3116;2373;251541;115675;41.9;19.3
27;2021-06-09;2303;2471;253844;118146;42.3;19.7
27;2021-06-10;2430;2036;256274;120182;42.7;20.0
27;2021-06-11;2888;3764;259162;123946;43.1;20.6
27;2021-06-12;1982;4189;261144;128135;43.5;21.3
27;2021-06-13;1081;2685;262225;130820;43.7;21.8
27;2021-06-14;1993;3113;264218;133933;44.0;22.3
27;2021-06-15;2685;3019;266903;136952;44.4;22.8
27;2021-06-16;2501;3260;269404;140212;44.8;23.3
27;2021-06-17;2293;3285;271697;143497;45.2;23.9
27;2021-06-18;2742;4420;274439;147917;45.7;24.6
27;2021-06-19;1856;3386;276295;151303;46.0;25.2
27;2021-06-20;608;711;276903;152014;46.1;25.3
27;2021-06-21;1696;3493;278599;155507;46.4;25.9
27;2021-06-22;2378;3724;280977;159231;46.8;26.5
27;2021-06-23;2067;3564;283044;162795;47.1;27.1
27;2021-06-24;2250;3417;285294;166212;47.5;27.7
27;2021-06-25;1925;4457;287219;170669;47.8;28.4
27;2021-06-26;880;5354;288099;176023;48.0;29.3
27;2021-06-27;376;1426;288475;177449;48.0;29.5
27;2021-06-28;1127;3408;289602;180857;48.2;30.1
27;2021-06-29;1688;4369;291290;185226;48.5;30.8
27;2021-06-30;2105;4095;293395;189321;48.8;31.5
27;2021-07-01;2219;3900;295614;193221;49.2;32.2
27;2021-07-02;1578;4622;297192;197843;49.5;32.9
27;2021-07-03;1288;4756;298480;202599;49.7;33.7
27;2021-07-04;504;1404;298984;204003;49.8;34.0
27;2021-07-05;1416;3527;300400;207530;50.0;34.5
27;2021-07-06;1363;4181;301763;211711;50.2;35.2
27;2021-07-07;1750;4897;303513;216608;50.5;36.1
27;2021-07-08;2066;4329;305579;220937;50.9;36.8
27;2021-07-09;1981;5282;307560;226219;51.2;37.7
27;2021-07-10;1165;4173;308725;230392;51.4;38.4
27;2021-07-11;424;1142;309149;231534;51.5;38.5
27;2021-07-12;1238;4373;310387;235907;51.7;39.3
27;2021-07-13;2753;5349;313140;241256;52.1;40.2
27;2021-07-14;1514;1746;314654;243002;52.4;40.5
27;2021-07-15;3028;5464;317682;248466;52.9;41.4
27;2021-07-16;3799;5276;321481;253742;53.5;42.2
27;2021-07-17;2720;3870;324201;257612;54.0;42.9
27;2021-07-18;550;1260;324751;258872;54.1;43.1
27;2021-07-19;3678;3781;328429;262653;54.7;43.7
27;2021-07-20;3423;3576;331852;266229;55.2;44.3
27;2021-07-21;4228;3885;336080;270114;55.9;45.0
27;2021-07-22;4673;3662;340753;273776;56.7;45.6
27;2021-07-23;3546;3377;344299;277153;57.3;46.1
27;2021-07-24;3042;2298;347341;279451;57.8;46.5
27;2021-07-25;491;545;347832;279996;57.9;46.6
28;2020-12-27;0;0;0;0;0.0;0.0
28;2020-12-28;0;0;0;0;0.0;0.0
28;2020-12-29;0;0;0;0;0.0;0.0
28;2020-12-30;0;0;0;0;0.0;0.0
28;2020-12-31;0;0;0;0;0.0;0.0
28;2021-01-01;1;0;1;0;0.0;0.0
28;2021-01-02;0;0;1;0;0.0;0.0
28;2021-01-03;0;0;1;0;0.0;0.0
28;2021-01-04;0;0;1;0;0.0;0.0
28;2021-01-05;5;0;6;0;0.0;0.0
28;2021-01-06;84;0;90;0;0.0;0.0
28;2021-01-07;102;0;192;0;0.0;0.0
28;2021-01-08;134;2;326;2;0.1;0.0
28;2021-01-09;78;0;404;2;0.1;0.0
28;2021-01-10;1;0;405;2;0.1;0.0
28;2021-01-11;204;0;609;2;0.1;0.0
28;2021-01-12;265;2;874;4;0.2;0.0
28;2021-01-13;398;2;1272;6;0.3;0.0
28;2021-01-14;449;5;1721;11;0.4;0.0
28;2021-01-15;374;3;2095;14;0.5;0.0
28;2021-01-16;206;2;2301;16;0.5;0.0
28;2021-01-17;21;0;2322;16;0.5;0.0
28;2021-01-18;372;2;2694;18;0.6;0.0
28;2021-01-19;503;3;3197;21;0.7;0.0
28;2021-01-20;636;1;3833;22;0.9;0.0
28;2021-01-21;797;2;4630;24;1.1;0.0
28;2021-01-22;477;1;5107;25;1.2;0.0
28;2021-01-23;352;0;5459;25;1.3;0.0
28;2021-01-24;1;0;5460;25;1.3;0.0
28;2021-01-25;455;2;5915;27;1.4;0.0
28;2021-01-26;718;4;6633;31;1.5;0.0
28;2021-01-27;1210;46;7843;77;1.8;0.0
28;2021-01-28;1585;90;9428;167;2.2;0.0
28;2021-01-29;896;96;10324;263;2.4;0.1
28;2021-01-30;248;53;10572;316;2.5;0.1
28;2021-01-31;3;22;10575;338;2.5;0.1
28;2021-02-01;324;124;10899;462;2.5;0.1
28;2021-02-02;368;240;11267;702;2.6;0.2
28;2021-02-03;472;259;11739;961;2.7;0.2
28;2021-02-04;525;278;12264;1239;2.9;0.3
28;2021-02-05;435;226;12699;1465;3.0;0.3
28;2021-02-06;198;128;12897;1593;3.0;0.4
28;2021-02-07;0;0;12897;1593;3.0;0.4
28;2021-02-08;331;250;13228;1843;3.1;0.4
28;2021-02-09;280;347;13508;2190;3.1;0.5
28;2021-02-10;440;402;13948;2592;3.2;0.6
28;2021-02-11;562;489;14510;3081;3.4;0.7
28;2021-02-12;452;435;14962;3516;3.5;0.8
28;2021-02-13;181;192;15143;3708;3.5;0.9
28;2021-02-14;0;2;15143;3710;3.5;0.9
28;2021-02-15;280;476;15423;4186;3.6;1.0
28;2021-02-16;395;712;15818;4898;3.7;1.1
28;2021-02-17;581;1147;16399;6045;3.8;1.4
28;2021-02-18;663;1401;17062;7446;4.0;1.7
28;2021-02-19;545;763;17607;8209;4.1;1.9
28;2021-02-20;114;145;17721;8354;4.1;1.9
28;2021-02-21;7;33;17728;8387;4.1;2.0
28;2021-02-22;223;522;17951;8909;4.2;2.1
28;2021-02-23;203;379;18154;9288;4.2;2.2
28;2021-02-24;244;480;18398;9768;4.3;2.3
28;2021-02-25;573;449;18971;10217;4.4;2.4
28;2021-02-26;763;375;19734;10592;4.6;2.5
28;2021-02-27;264;86;19998;10678;4.7;2.5
28;2021-02-28;23;17;20021;10695;4.7;2.5
28;2021-03-01;287;212;20308;10907;4.7;2.5
28;2021-03-02;395;277;20703;11184;4.8;2.6
28;2021-03-03;369;401;21072;11585;4.9;2.7
28;2021-03-04;718;487;21790;12072;5.1;2.8
28;2021-03-05;1320;415;23110;12487;5.4;2.9
28;2021-03-06;1997;79;25107;12566;5.8;2.9
28;2021-03-07;974;23;26081;12589;6.1;2.9
28;2021-03-08;397;307;26478;12896;6.2;3.0
28;2021-03-09;980;351;27458;13247;6.4;3.1
28;2021-03-10;1356;538;28814;13785;6.7;3.2
28;2021-03-11;1530;691;30344;14476;7.1;3.4
28;2021-03-12;2257;633;32601;15109;7.6;3.5
28;2021-03-13;1235;131;33836;15240;7.9;3.5
28;2021-03-14;518;16;34354;15256;8.0;3.6
28;2021-03-15;755;228;35109;15484;8.2;3.6
28;2021-03-16;714;220;35823;15704;8.3;3.7
28;2021-03-17;747;287;36570;15991;8.5;3.7
28;2021-03-18;1195;278;37765;16269;8.8;3.8
28;2021-03-19;1559;322;39324;16591;9.2;3.9
28;2021-03-20;639;19;39963;16610;9.3;3.9
28;2021-03-21;28;6;39991;16616;9.3;3.9
28;2021-03-22;766;320;40757;16936;9.5;3.9
28;2021-03-23;1024;185;41781;17121;9.7;4.0
28;2021-03-24;1312;275;43093;17396;10.0;4.1
28;2021-03-25;1786;282;44879;17678;10.5;4.1
28;2021-03-26;2081;337;46960;18015;10.9;4.2
28;2021-03-27;403;37;47363;18052;11.0;4.2
28;2021-03-28;10;0;47373;18052;11.0;4.2
28;2021-03-29;1138;344;48511;18396;11.3;4.3
28;2021-03-30;1713;241;50224;18637;11.7;4.3
28;2021-03-31;2014;461;52238;19098;12.2;4.4
28;2021-04-01;1786;581;54024;19679;12.6;4.6
28;2021-04-02;1584;1314;55608;20993;12.9;4.9
28;2021-04-03;607;1073;56215;22066;13.1;5.1
28;2021-04-04;33;302;56248;22368;13.1;5.2
28;2021-04-05;40;3;56288;22371;13.1;5.2
28;2021-04-06;1227;457;57515;22828;13.4;5.3
28;2021-04-07;1890;999;59405;23827;13.8;5.5
28;2021-04-08;2075;1062;61480;24889;14.3;5.8
28;2021-04-09;3234;910;64714;25799;15.1;6.0
28;2021-04-10;1582;191;66296;25990;15.4;6.1
28;2021-04-11;139;452;66435;26442;15.5;6.2
28;2021-04-12;1674;552;68109;26994;15.9;6.3
28;2021-04-13;1874;662;69983;27656;16.3;6.4
28;2021-04-14;2771;896;72754;28552;16.9;6.6
28;2021-04-15;2545;1132;75299;29684;17.5;6.9
28;2021-04-16;2551;793;77850;30477;18.1;7.1
28;2021-04-17;2307;128;80157;30605;18.7;7.1
28;2021-04-18;45;8;80202;30613;18.7;7.1
28;2021-04-19;1577;645;81779;31258;19.0;7.3
28;2021-04-20;1840;586;83619;31844;19.5;7.4
28;2021-04-21;2678;955;86297;32799;20.1;7.6
28;2021-04-22;1782;1203;88079;34002;20.5;7.9
28;2021-04-23;2318;1098;90397;35100;21.1;8.2
28;2021-04-24;3651;120;94048;35220;21.9;8.2
28;2021-04-25;1011;26;95059;35246;22.1;8.2
28;2021-04-26;1330;920;96389;36166;22.4;8.4
28;2021-04-27;1435;1265;97824;37431;22.8;8.7
28;2021-04-28;2369;1814;100193;39245;23.3;9.1
28;2021-04-29;2130;1479;102323;40724;23.8;9.5
28;2021-04-30;2972;1204;105295;41928;24.5;9.8
28;2021-05-01;127;120;105422;42048;24.5;9.8
28;2021-05-02;2;65;105424;42113;24.6;9.8
28;2021-05-03;1045;1014;106469;43127;24.8;10.0
28;2021-05-04;1361;1667;107830;44794;25.1;10.4
28;2021-05-05;2830;1645;110660;46439;25.8;10.8
28;2021-05-06;2457;1470;113117;47909;26.3;11.2
28;2021-05-07;2309;1934;115426;49843;26.9;11.6
28;2021-05-08;1077;113;116503;49956;27.1;11.6
28;2021-05-09;104;610;116607;50566;27.2;11.8
28;2021-05-10;1306;1890;117913;52456;27.5;12.2
28;2021-05-11;2029;2345;119942;54801;27.9;12.8
28;2021-05-12;2620;3227;122562;58028;28.5;13.5
28;2021-05-13;289;451;122851;58479;28.6;13.6
28;2021-05-14;1899;1614;124750;60093;29.1;14.0
28;2021-05-15;1436;1674;126186;61767;29.4;14.4
28;2021-05-16;1985;126;128171;61893;29.8;14.4
28;2021-05-17;2875;1494;131046;63387;30.5;14.8
28;2021-05-18;3378;1376;134424;64763;31.3;15.1
28;2021-05-19;5074;1280;139498;66043;32.5;15.4
28;2021-05-20;4148;1230;143646;67273;33.5;15.7
28;2021-05-21;3463;1575;147109;68848;34.3;16.0
28;2021-05-22;725;1161;147834;70009;34.4;16.3
28;2021-05-23;1955;134;149789;70143;34.9;16.3
28;2021-05-24;1427;394;151216;70537;35.2;16.4
28;2021-05-25;1878;1408;153094;71945;35.7;16.8
28;2021-05-26;2766;1342;155860;73287;36.3;17.1
28;2021-05-27;2754;1227;158614;74514;36.9;17.4
28;2021-05-28;3082;1734;161696;76248;37.7;17.8
28;2021-05-29;1867;869;163563;77117;38.1;18.0
28;2021-05-30;16;47;163579;77164;38.1;18.0
28;2021-05-31;2013;936;165592;78100;38.6;18.2
28;2021-06-01;2133;1663;167725;79763;39.1;18.6
28;2021-06-02;2070;2454;169795;82217;39.5;19.1
28;2021-06-03;2497;1563;172292;83780;40.1;19.5
28;2021-06-04;2608;2342;174900;86122;40.7;20.1
28;2021-06-05;1911;2528;176811;88650;41.2;20.6
28;2021-06-06;1061;1041;177872;89691;41.4;20.9
28;2021-06-07;3572;1570;181444;91261;42.3;21.3
28;2021-06-08;3193;1515;184637;92776;43.0;21.6
28;2021-06-09;3674;2127;188311;94903;43.9;22.1
28;2021-06-10;3139;1265;191450;96168;44.6;22.4
28;2021-06-11;3793;2131;195243;98299;45.5;22.9
28;2021-06-12;1301;561;196544;98860;45.8;23.0
28;2021-06-13;385;107;196929;98967;45.9;23.0
28;2021-06-14;2203;1996;199132;100963;46.4;23.5
28;2021-06-15;2088;2221;201220;103184;46.9;24.0
28;2021-06-16;2506;3980;203726;107164;47.4;25.0
28;2021-06-17;1915;3130;205641;110294;47.9;25.7
28;2021-06-18;2460;3781;208101;114075;48.5;26.6
28;2021-06-19;775;1612;208876;115687;48.6;26.9
28;2021-06-20;23;21;208899;115708;48.6;26.9
28;2021-06-21;1681;1984;210580;117692;49.0;27.4
28;2021-06-22;1366;2109;211946;119801;49.4;27.9
28;2021-06-23;1775;3163;213721;122964;49.8;28.6
28;2021-06-24;731;930;214452;123894;49.9;28.9
28;2021-06-25;1882;3023;216334;126917;50.4;29.6
28;2021-06-26;311;2116;216645;129033;50.5;30.0
28;2021-06-27;587;1284;217232;130317;50.6;30.3
28;2021-06-28;1222;3659;218454;133976;50.9;31.2
28;2021-06-29;1322;3800;219776;137776;51.2;32.1
28;2021-06-30;1482;4255;221258;142031;51.5;33.1
28;2021-07-01;1219;3460;222477;145491;51.8;33.9
28;2021-07-02;1310;4660;223787;150151;52.1;35.0
28;2021-07-03;1127;2370;224914;152521;52.4;35.5
28;2021-07-04;144;1324;225058;153845;52.4;35.8
28;2021-07-05;1351;2509;226409;156354;52.7;36.4
28;2021-07-06;1500;2867;227909;159221;53.1;37.1
28;2021-07-07;1634;4145;229543;163366;53.5;38.0
28;2021-07-08;1459;3232;231002;166598;53.8;38.8
28;2021-07-09;1388;4526;232390;171124;54.1;39.8
28;2021-07-10;521;2207;232911;173331;54.2;40.4
28;2021-07-11;1;1;232912;173332;54.2;40.4
28;2021-07-12;1521;3940;234433;177272;54.6;41.3
28;2021-07-13;2250;4137;236683;181409;55.1;42.2
28;2021-07-14;1328;1392;238011;182801;55.4;42.6
28;2021-07-15;2969;3973;240980;186774;56.1;43.5
28;2021-07-16;2438;4759;243418;191533;56.7;44.6
28;2021-07-17;1262;2419;244680;193952;57.0;45.2
28;2021-07-18;373;940;245053;194892;57.1;45.4
28;2021-07-19;1796;4333;246849;199225;57.5;46.4
28;2021-07-20;2465;4081;249314;203306;58.1;47.3
28;2021-07-21;2955;4270;252269;207576;58.7;48.3
28;2021-07-22;3624;3410;255893;210986;59.6;49.1
28;2021-07-23;2914;3962;258807;214948;60.3;50.1
28;2021-07-24;1677;1456;260484;216404;60.7;50.4
28;2021-07-25;65;61;260549;216465;60.7;50.4
29;2020-12-27;0;0;0;0;0.0;0.0
29;2020-12-28;0;0;0;0;0.0;0.0
29;2020-12-29;0;0;0;0;0.0;0.0
29;2020-12-30;0;0;0;0;0.0;0.0
29;2020-12-31;0;0;0;0;0.0;0.0
29;2021-01-01;1;0;1;0;0.0;0.0
29;2021-01-02;0;0;1;0;0.0;0.0
29;2021-01-03;1;0;2;0;0.0;0.0
29;2021-01-04;30;0;32;0;0.0;0.0
29;2021-01-05;31;0;63;0;0.0;0.0
29;2021-01-06;43;0;106;0;0.0;0.0
29;2021-01-07;133;0;239;0;0.0;0.0
29;2021-01-08;408;0;647;0;0.1;0.0
29;2021-01-09;1;0;648;0;0.1;0.0
29;2021-01-10;2;0;650;0;0.1;0.0
29;2021-01-11;666;0;1316;0;0.1;0.0
29;2021-01-12;1120;0;2436;0;0.3;0.0
29;2021-01-13;1097;2;3533;2;0.4;0.0
29;2021-01-14;894;4;4427;6;0.5;0.0
29;2021-01-15;1214;8;5641;14;0.6;0.0
29;2021-01-16;168;1;5809;15;0.6;0.0
29;2021-01-17;111;1;5920;16;0.7;0.0
29;2021-01-18;838;2;6758;18;0.7;0.0
29;2021-01-19;1285;0;8043;18;0.9;0.0
29;2021-01-20;2386;2;10429;20;1.2;0.0
29;2021-01-21;5533;1;15962;21;1.8;0.0
29;2021-01-22;3744;3;19706;24;2.2;0.0
29;2021-01-23;537;0;20243;24;2.2;0.0
29;2021-01-24;200;1;20443;25;2.3;0.0
29;2021-01-25;571;7;21014;32;2.3;0.0
29;2021-01-26;949;33;21963;65;2.4;0.0
29;2021-01-27;1283;54;23246;119;2.6;0.0
29;2021-01-28;799;136;24045;255;2.7;0.0
29;2021-01-29;777;206;24822;461;2.7;0.1
29;2021-01-30;280;4;25102;465;2.8;0.1
29;2021-01-31;78;5;25180;470;2.8;0.1
29;2021-02-01;429;450;25609;920;2.8;0.1
29;2021-02-02;876;825;26485;1745;2.9;0.2
29;2021-02-03;811;894;27296;2639;3.0;0.3
29;2021-02-04;864;642;28160;3281;3.1;0.4
29;2021-02-05;673;585;28833;3866;3.2;0.4
29;2021-02-06;243;102;29076;3968;3.2;0.4
29;2021-02-07;78;105;29154;4073;3.2;0.4
29;2021-02-08;382;449;29536;4522;3.3;0.5
29;2021-02-09;861;853;30397;5375;3.4;0.6
29;2021-02-10;1145;1020;31542;6395;3.5;0.7
29;2021-02-11;1774;4160;33316;10555;3.7;1.2
29;2021-02-12;2305;2505;35621;13060;3.9;1.4
29;2021-02-13;638;414;36259;13474;4.0;1.5
29;2021-02-14;12;229;36271;13703;4.0;1.5
29;2021-02-15;266;949;36537;14652;4.0;1.6
29;2021-02-16;881;1061;37418;15713;4.1;1.7
29;2021-02-17;801;860;38219;16573;4.2;1.8
29;2021-02-18;1528;850;39747;17423;4.4;1.9
29;2021-02-19;1410;1005;41157;18428;4.5;2.0
29;2021-02-20;204;368;41361;18796;4.6;2.1
29;2021-02-21;160;169;41521;18965;4.6;2.1
29;2021-02-22;774;563;42295;19528;4.7;2.2
29;2021-02-23;1267;910;43562;20438;4.8;2.3
29;2021-02-24;1467;839;45029;21277;5.0;2.3
29;2021-02-25;2498;905;47527;22182;5.2;2.4
29;2021-02-26;2672;713;50199;22895;5.5;2.5
29;2021-02-27;1283;280;51482;23175;5.7;2.6
29;2021-02-28;198;72;51680;23247;5.7;2.6
29;2021-03-01;942;489;52622;23736;5.8;2.6
29;2021-03-02;1809;799;54431;24535;6.0;2.7
29;2021-03-03;2087;1018;56518;25553;6.2;2.8
29;2021-03-04;2839;1550;59357;27103;6.5;3.0
29;2021-03-05;3533;1672;62890;28775;6.9;3.2
29;2021-03-06;1998;436;64888;29211;7.2;3.2
29;2021-03-07;412;82;65300;29293;7.2;3.2
29;2021-03-08;1273;590;66573;29883;7.3;3.3
29;2021-03-09;2600;980;69173;30863;7.6;3.4
29;2021-03-10;2426;873;71599;31736;7.9;3.5
29;2021-03-11;4503;1001;76102;32737;8.4;3.6
29;2021-03-12;5268;956;81370;33693;9.0;3.7
29;2021-03-13;2820;402;84190;34095;9.3;3.8
29;2021-03-14;363;2;84553;34097;9.3;3.8
29;2021-03-15;2050;270;86603;34367;9.6;3.8
29;2021-03-16;1818;762;88421;35129;9.8;3.9
29;2021-03-17;1857;722;90278;35851;10.0;4.0
29;2021-03-18;1859;1039;92137;36890;10.2;4.1
29;2021-03-19;3257;897;95394;37787;10.5;4.2
29;2021-03-20;1908;222;97302;38009;10.7;4.2
29;2021-03-21;132;11;97434;38020;10.7;4.2
29;2021-03-22;1642;555;99076;38575;10.9;4.3
29;2021-03-23;3441;1029;102517;39604;11.3;4.4
29;2021-03-24;3775;1023;106292;40627;11.7;4.5
29;2021-03-25;4813;1069;111105;41696;12.3;4.6
29;2021-03-26;5418;1163;116523;42859;12.9;4.7
29;2021-03-27;2428;330;118951;43189;13.1;4.8
29;2021-03-28;197;49;119148;43238;13.1;4.8
29;2021-03-29;2039;823;121187;44061;13.4;4.9
29;2021-03-30;3968;1325;125155;45386;13.8;5.0
29;2021-03-31;3924;1147;129079;46533;14.2;5.1
29;2021-04-01;5012;1140;134091;47673;14.8;5.3
29;2021-04-02;4759;1167;138850;48840;15.3;5.4
29;2021-04-03;2500;538;141350;49378;15.6;5.4
29;2021-04-04;146;30;141496;49408;15.6;5.5
29;2021-04-05;971;331;142467;49739;15.7;5.5
29;2021-04-06;3184;1234;145651;50973;16.1;5.6
29;2021-04-07;3646;939;149297;51912;16.5;5.7
29;2021-04-08;5232;2055;154529;53967;17.0;6.0
29;2021-04-09;6746;1558;161275;55525;17.8;6.1
29;2021-04-10;3493;700;164768;56225;18.2;6.2
29;2021-04-11;120;80;164888;56305;18.2;6.2
29;2021-04-12;3832;1481;168720;57786;18.6;6.4
29;2021-04-13;5858;1748;174578;59534;19.3;6.6
29;2021-04-14;4752;1744;179330;61278;19.8;6.8
29;2021-04-15;7158;1723;186488;63001;20.6;6.9
29;2021-04-16;6696;1341;193184;64342;21.3;7.1
29;2021-04-17;3821;964;197005;65306;21.7;7.2
29;2021-04-18;489;40;197494;65346;21.8;7.2
29;2021-04-19;3878;1461;201372;66807;22.2;7.4
29;2021-04-20;4388;2129;205760;68936;22.7;7.6
29;2021-04-21;4367;2190;210127;71126;23.2;7.8
29;2021-04-22;6646;2852;216773;73978;23.9;8.2
29;2021-04-23;6033;2180;222806;76158;24.6;8.4
29;2021-04-24;4002;1311;226808;77469;25.0;8.5
29;2021-04-25;431;169;227239;77638;25.1;8.6
29;2021-04-26;5258;1869;232497;79507;25.6;8.8
29;2021-04-27;5333;3192;237830;82699;26.2;9.1
29;2021-04-28;5351;2892;243181;85591;26.8;9.4
29;2021-04-29;6576;3343;249757;88934;27.6;9.8
29;2021-04-30;6250;3905;256007;92839;28.2;10.2
29;2021-05-01;1981;978;257988;93817;28.5;10.3
29;2021-05-02;1249;195;259237;94012;28.6;10.4
29;2021-05-03;4533;2284;263770;96296;29.1;10.6
29;2021-05-04;4106;3735;267876;100031;29.5;11.0
29;2021-05-05;4513;3406;272389;103437;30.0;11.4
29;2021-05-06;6228;3706;278617;107143;30.7;11.8
29;2021-05-07;5978;4615;284595;111758;31.4;12.3
29;2021-05-08;2090;565;286685;112323;31.6;12.4
29;2021-05-09;1724;137;288409;112460;31.8;12.4
29;2021-05-10;4760;3765;293169;116225;32.3;12.8
29;2021-05-11;4709;4994;297878;121219;32.9;13.4
29;2021-05-12;5020;4354;302898;125573;33.4;13.9
29;2021-05-13;3435;1500;306333;127073;33.8;14.0
29;2021-05-14;5647;3998;311980;131071;34.4;14.5
29;2021-05-15;4044;2314;316024;133385;34.9;14.7
29;2021-05-16;1584;294;317608;133679;35.0;14.7
29;2021-05-17;5557;3127;323165;136806;35.6;15.1
29;2021-05-18;5733;3093;328898;139899;36.3;15.4
29;2021-05-19;6198;2962;335096;142861;37.0;15.8
29;2021-05-20;7161;4552;342257;147413;37.8;16.3
29;2021-05-21;7206;3809;349463;151222;38.5;16.7
29;2021-05-22;5333;2126;354796;153348;39.1;16.9
29;2021-05-23;1629;65;356425;153413;39.3;16.9
29;2021-05-24;3485;533;359910;153946;39.7;17.0
29;2021-05-25;5824;3031;365734;156977;40.3;17.3
29;2021-05-26;5885;2992;371619;159969;41.0;17.6
29;2021-05-27;6819;3987;378438;163956;41.7;18.1
29;2021-05-28;6538;4453;384976;168409;42.5;18.6
29;2021-05-29;4379;2804;389355;171213;42.9;18.9
29;2021-05-30;1115;359;390470;171572;43.1;18.9
29;2021-05-31;6385;3454;396855;175026;43.8;19.3
29;2021-06-01;6600;4347;403455;179373;44.5;19.8
29;2021-06-02;6158;4129;409613;183502;45.2;20.2
29;2021-06-03;7690;4515;417303;188017;46.0;20.7
29;2021-06-04;6807;6161;424110;194178;46.8;21.4
29;2021-06-05;5349;3035;429459;197213;47.4;21.8
29;2021-06-06;1282;537;430741;197750;47.5;21.8
29;2021-06-07;4656;5560;435397;203310;48.0;22.4
29;2021-06-08;7163;5205;442560;208515;48.8;23.0
29;2021-06-09;6407;4745;448967;213260;49.5;23.5
29;2021-06-10;7775;5058;456742;218318;50.4;24.1
29;2021-06-11;8469;5872;465211;224190;51.3;24.7
29;2021-06-12;6562;2802;471773;226992;52.0;25.0
29;2021-06-13;2348;1370;474121;228362;52.3;25.2
29;2021-06-14;4020;6301;478141;234663;52.7;25.9
29;2021-06-15;5454;6171;483595;240834;53.3;26.6
29;2021-06-16;5547;5623;489142;246457;54.0;27.2
29;2021-06-17;6328;6299;495470;252756;54.7;27.9
29;2021-06-18;6094;7491;501564;260247;55.3;28.7
29;2021-06-19;4612;3526;506176;263773;55.8;29.1
29;2021-06-20;885;1457;507061;265230;55.9;29.3
29;2021-06-21;3731;6496;510792;271726;56.3;30.0
29;2021-06-22;4463;6424;515255;278150;56.8;30.7
29;2021-06-23;4631;6129;519886;284279;57.3;31.4
29;2021-06-24;4773;6744;524659;291023;57.9;32.1
29;2021-06-25;3580;7530;528239;298553;58.3;32.9
29;2021-06-26;2109;4098;530348;302651;58.5;33.4
29;2021-06-27;964;1632;531312;304283;58.6;33.6
29;2021-06-28;2812;6878;534124;311161;58.9;34.3
29;2021-06-29;2761;7738;536885;318899;59.2;35.2
29;2021-06-30;3008;7524;539893;326423;59.6;36.0
29;2021-07-01;3714;8427;543607;334850;60.0;36.9
29;2021-07-02;3580;9679;547187;344529;60.4;38.0
29;2021-07-03;2308;6071;549495;350600;60.6;38.7
29;2021-07-04;802;1773;550297;352373;60.7;38.9
29;2021-07-05;1886;7171;552183;359544;60.9;39.7
29;2021-07-06;1520;8027;553703;367571;61.1;40.5
29;2021-07-07;1682;7047;555385;374618;61.3;41.3
29;2021-07-08;2415;8214;557800;382832;61.5;42.2
29;2021-07-09;2542;9091;560342;391923;61.8;43.2
29;2021-07-10;1906;6110;562248;398033;62.0;43.9
29;2021-07-11;434;1065;562682;399098;62.1;44.0
29;2021-07-12;1950;8385;564632;407483;62.3;44.9
29;2021-07-13;2716;8656;567348;416139;62.6;45.9
29;2021-07-14;2063;3365;569411;419504;62.8;46.3
29;2021-07-15;3793;9732;573204;429236;63.2;47.3
29;2021-07-16;4562;9196;577766;438432;63.7;48.4
29;2021-07-17;3209;6112;580975;444544;64.1;49.0
29;2021-07-18;660;1078;581635;445622;64.2;49.2
29;2021-07-19;3124;7557;584759;453179;64.5;50.0
29;2021-07-20;3512;9441;588271;462620;64.9;51.0
29;2021-07-21;3613;7725;591884;470345;65.3;51.9
29;2021-07-22;3364;8537;595248;478882;65.7;52.8
29;2021-07-23;3992;10696;599240;489578;66.1;54.0
29;2021-07-24;2509;5945;601749;495523;66.4;54.7
29;2021-07-25;646;2363;602395;497886;66.4;54.9
2A;2020-12-27;0;0;0;0;0.0;0.0
2A;2020-12-28;0;0;0;0;0.0;0.0
2A;2020-12-29;0;0;0;0;0.0;0.0
2A;2020-12-30;0;0;0;0;0.0;0.0
2A;2020-12-31;0;0;0;0;0.0;0.0
2A;2021-01-01;0;0;0;0;0.0;0.0
2A;2021-01-02;0;0;0;0;0.0;0.0
2A;2021-01-03;0;0;0;0;0.0;0.0
2A;2021-01-04;0;0;0;0;0.0;0.0
2A;2021-01-05;0;0;0;0;0.0;0.0
2A;2021-01-06;5;0;5;0;0.0;0.0
2A;2021-01-07;122;1;127;1;0.1;0.0
2A;2021-01-08;113;0;240;1;0.1;0.0
2A;2021-01-09;39;0;279;1;0.2;0.0
2A;2021-01-10;33;0;312;1;0.2;0.0
2A;2021-01-11;76;0;388;1;0.2;0.0
2A;2021-01-12;84;0;472;1;0.3;0.0
2A;2021-01-13;110;0;582;1;0.4;0.0
2A;2021-01-14;192;1;774;2;0.5;0.0
2A;2021-01-15;149;0;923;2;0.6;0.0
2A;2021-01-16;157;1;1080;3;0.7;0.0
2A;2021-01-17;84;1;1164;4;0.7;0.0
2A;2021-01-18;201;2;1365;6;0.8;0.0
2A;2021-01-19;486;0;1851;6;1.1;0.0
2A;2021-01-20;352;0;2203;6;1.4;0.0
2A;2021-01-21;451;1;2654;7;1.6;0.0
2A;2021-01-22;365;0;3019;7;1.9;0.0
2A;2021-01-23;183;0;3202;7;2.0;0.0
2A;2021-01-24;118;0;3320;7;2.0;0.0
2A;2021-01-25;213;0;3533;7;2.2;0.0
2A;2021-01-26;402;6;3935;13;2.4;0.0
2A;2021-01-27;322;5;4257;18;2.6;0.0
2A;2021-01-28;335;80;4592;98;2.8;0.1
2A;2021-01-29;339;64;4931;162;3.0;0.1
2A;2021-01-30;124;40;5055;202;3.1;0.1
2A;2021-01-31;90;12;5145;214;3.2;0.1
2A;2021-02-01;229;53;5374;267;3.3;0.2
2A;2021-02-02;287;118;5661;385;3.5;0.2
2A;2021-02-03;264;75;5925;460;3.6;0.3
2A;2021-02-04;256;121;6181;581;3.8;0.4
2A;2021-02-05;267;107;6448;688;4.0;0.4
2A;2021-02-06;120;60;6568;748;4.0;0.5
2A;2021-02-07;67;58;6635;806;4.1;0.5
2A;2021-02-08;91;209;6726;1015;4.1;0.6
2A;2021-02-09;126;301;6852;1316;4.2;0.8
2A;2021-02-10;158;236;7010;1552;4.3;1.0
2A;2021-02-11;296;369;7306;1921;4.5;1.2
2A;2021-02-12;345;305;7651;2226;4.7;1.4
2A;2021-02-13;224;59;7875;2285;4.8;1.4
2A;2021-02-14;133;77;8008;2362;4.9;1.5
2A;2021-02-15;190;182;8198;2544;5.0;1.6
2A;2021-02-16;380;321;8578;2865;5.3;1.8
2A;2021-02-17;283;166;8861;3031;5.5;1.9
2A;2021-02-18;335;199;9196;3230;5.7;2.0
2A;2021-02-19;146;300;9342;3530;5.8;2.2
2A;2021-02-20;243;136;9585;3666;5.9;2.3
2A;2021-02-21;58;55;9643;3721;5.9;2.3
2A;2021-02-22;77;215;9720;3936;6.0;2.4
2A;2021-02-23;122;290;9842;4226;6.1;2.6
2A;2021-02-24;71;297;9913;4523;6.1;2.8
2A;2021-02-25;104;266;10017;4789;6.2;2.9
2A;2021-02-26;123;273;10140;5062;6.2;3.1
2A;2021-02-27;308;68;10448;5130;6.4;3.2
2A;2021-02-28;69;66;10517;5196;6.5;3.2
2A;2021-03-01;116;152;10633;5348;6.5;3.3
2A;2021-03-02;197;266;10830;5614;6.7;3.5
2A;2021-03-03;236;256;11066;5870;6.8;3.6
2A;2021-03-04;507;228;11573;6098;7.1;3.8
2A;2021-03-05;970;288;12543;6386;7.7;3.9
2A;2021-03-06;1164;72;13707;6458;8.4;4.0
2A;2021-03-07;1021;45;14728;6503;9.1;4.0
2A;2021-03-08;929;86;15657;6589;9.6;4.1
2A;2021-03-09;934;151;16591;6740;10.2;4.1
2A;2021-03-10;629;135;17220;6875;10.6;4.2
2A;2021-03-11;724;281;17944;7156;11.0;4.4
2A;2021-03-12;560;317;18504;7473;11.4;4.6
2A;2021-03-13;610;196;19114;7669;11.8;4.7
2A;2021-03-14;311;125;19425;7794;12.0;4.8
2A;2021-03-15;373;202;19798;7996;12.2;4.9
2A;2021-03-16;494;368;20292;8364;12.5;5.1
2A;2021-03-17;698;272;20990;8636;12.9;5.3
2A;2021-03-18;446;303;21436;8939;13.2;5.5
2A;2021-03-19;484;156;21920;9095;13.5;5.6
2A;2021-03-20;1078;260;22998;9355;14.2;5.8
2A;2021-03-21;696;52;23694;9407;14.6;5.8
2A;2021-03-22;344;67;24038;9474;14.8;5.8
2A;2021-03-23;516;57;24554;9531;15.1;5.9
2A;2021-03-24;862;91;25416;9622;15.6;5.9
2A;2021-03-25;929;137;26345;9759;16.2;6.0
2A;2021-03-26;1075;162;27420;9921;16.9;6.1
2A;2021-03-27;1188;197;28608;10118;17.6;6.2
2A;2021-03-28;241;97;28849;10215;17.8;6.3
2A;2021-03-29;281;136;29130;10351;17.9;6.4
2A;2021-03-30;382;233;29512;10584;18.2;6.5
2A;2021-03-31;446;226;29958;10810;18.4;6.7
2A;2021-04-01;637;452;30595;11262;18.8;6.9
2A;2021-04-02;902;781;31497;12043;19.4;7.4
2A;2021-04-03;645;982;32142;13025;19.8;8.0
2A;2021-04-04;578;783;32720;13808;20.1;8.5
2A;2021-04-05;521;697;33241;14505;20.5;8.9
2A;2021-04-06;550;555;33791;15060;20.8;9.3
2A;2021-04-07;785;424;34576;15484;21.3;9.5
2A;2021-04-08;1048;352;35624;15836;21.9;9.7
2A;2021-04-09;934;394;36558;16230;22.5;10.0
2A;2021-04-10;1054;377;37612;16607;23.2;10.2
2A;2021-04-11;362;256;37974;16863;23.4;10.4
2A;2021-04-12;668;342;38642;17205;23.8;10.6
2A;2021-04-13;324;379;38966;17584;24.0;10.8
2A;2021-04-14;1045;587;40011;18171;24.6;11.2
2A;2021-04-15;1039;521;41050;18692;25.3;11.5
2A;2021-04-16;870;395;41920;19087;25.8;11.8
2A;2021-04-17;1365;935;43285;20022;26.6;12.3
2A;2021-04-18;981;943;44266;20965;27.3;12.9
2A;2021-04-19;269;343;44535;21308;27.4;13.1
2A;2021-04-20;352;344;44887;21652;27.6;13.3
2A;2021-04-21;729;732;45616;22384;28.1;13.8
2A;2021-04-22;895;650;46511;23034;28.6;14.2
2A;2021-04-23;987;775;47498;23809;29.2;14.7
2A;2021-04-24;1748;978;49246;24787;30.3;15.3
2A;2021-04-25;977;302;50223;25089;30.9;15.4
2A;2021-04-26;308;227;50531;25316;31.1;15.6
2A;2021-04-27;344;348;50875;25664;31.3;15.8
2A;2021-04-28;1669;422;52544;26086;32.4;16.1
2A;2021-04-29;1053;358;53597;26444;33.0;16.3
2A;2021-04-30;1130;1058;54727;27502;33.7;16.9
2A;2021-05-01;966;577;55693;28079;34.3;17.3
2A;2021-05-02;674;704;56367;28783;34.7;17.7
2A;2021-05-03;584;576;56951;29359;35.1;18.1
2A;2021-05-04;751;533;57702;29892;35.5;18.4
2A;2021-05-05;1008;981;58710;30873;36.1;19.0
2A;2021-05-06;905;910;59615;31783;36.7;19.6
2A;2021-05-07;1152;836;60767;32619;37.4;20.1
2A;2021-05-08;421;500;61188;33119;37.7;20.4
2A;2021-05-09;783;638;61971;33757;38.2;20.8
2A;2021-05-10;453;740;62424;34497;38.4;21.2
2A;2021-05-11;651;415;63075;34912;38.8;21.5
2A;2021-05-12;919;488;63994;35400;39.4;21.8
2A;2021-05-13;918;138;64912;35538;40.0;21.9
2A;2021-05-14;798;681;65710;36219;40.5;22.3
2A;2021-05-15;780;646;66490;36865;40.9;22.7
2A;2021-05-16;736;498;67226;37363;41.4;23.0
2A;2021-05-17;582;561;67808;37924;41.7;23.3
2A;2021-05-18;616;476;68424;38400;42.1;23.6
2A;2021-05-19;788;481;69212;38881;42.6;23.9
2A;2021-05-20;691;539;69903;39420;43.0;24.3
2A;2021-05-21;533;480;70436;39900;43.4;24.6
2A;2021-05-22;442;308;70878;40208;43.6;24.8
2A;2021-05-23;533;283;71411;40491;44.0;24.9
2A;2021-05-24;125;33;71536;40524;44.0;24.9
2A;2021-05-25;414;503;71950;41027;44.3;25.3
2A;2021-05-26;426;1167;72376;42194;44.6;26.0
2A;2021-05-27;434;1112;72810;43306;44.8;26.7
2A;2021-05-28;296;915;73106;44221;45.0;27.2
2A;2021-05-29;336;900;73442;45121;45.2;27.8
2A;2021-05-30;182;506;73624;45627;45.3;28.1
2A;2021-05-31;188;413;73812;46040;45.4;28.3
2A;2021-06-01;334;730;74146;46770;45.7;28.8
2A;2021-06-02;278;937;74424;47707;45.8;29.4
2A;2021-06-03;302;847;74726;48554;46.0;29.9
2A;2021-06-04;271;1093;74997;49647;46.2;30.6
2A;2021-06-05;319;1443;75316;51090;46.4;31.5
2A;2021-06-06;173;910;75489;52000;46.5;32.0
2A;2021-06-07;164;661;75653;52661;46.6;32.4
2A;2021-06-08;316;705;75969;53366;46.8;32.9
2A;2021-06-09;296;1318;76265;54684;47.0;33.7
2A;2021-06-10;325;857;76590;55541;47.2;34.2
2A;2021-06-11;277;1021;76867;56562;47.3;34.8
2A;2021-06-12;228;664;77095;57226;47.5;35.2
2A;2021-06-13;188;797;77283;58023;47.6;35.7
2A;2021-06-14;248;921;77531;58944;47.7;36.3
2A;2021-06-15;216;506;77747;59450;47.9;36.6
2A;2021-06-16;209;776;77956;60226;48.0;37.1
2A;2021-06-17;232;592;78188;60818;48.1;37.4
2A;2021-06-18;241;915;78429;61733;48.3;38.0
2A;2021-06-19;207;689;78636;62422;48.4;38.4
2A;2021-06-20;148;693;78784;63115;48.5;38.9
2A;2021-06-21;177;792;78961;63907;48.6;39.3
2A;2021-06-22;234;842;79195;64749;48.8;39.9
2A;2021-06-23;211;567;79406;65316;48.9;40.2
2A;2021-06-24;145;372;79551;65688;49.0;40.4
2A;2021-06-25;166;472;79717;66160;49.1;40.7
2A;2021-06-26;199;872;79916;67032;49.2;41.3
2A;2021-06-27;172;794;80088;67826;49.3;41.8
2A;2021-06-28;189;704;80277;68530;49.4;42.2
2A;2021-06-29;209;690;80486;69220;49.6;42.6
2A;2021-06-30;238;491;80724;69711;49.7;42.9
2A;2021-07-01;204;482;80928;70193;49.8;43.2
2A;2021-07-02;165;371;81093;70564;49.9;43.4
2A;2021-07-03;205;619;81298;71183;50.1;43.8
2A;2021-07-04;171;663;81469;71846;50.2;44.2
2A;2021-07-05;158;235;81627;72081;50.3;44.4
2A;2021-07-06;241;390;81868;72471;50.4;44.6
2A;2021-07-07;421;603;82289;73074;50.7;45.0
2A;2021-07-08;579;701;82868;73775;51.0;45.4
2A;2021-07-09;364;422;83232;74197;51.2;45.7
2A;2021-07-10;280;345;83512;74542;51.4;45.9
2A;2021-07-11;91;163;83603;74705;51.5;46.0
2A;2021-07-12;304;349;83907;75054;51.7;46.2
2A;2021-07-13;1174;500;85081;75554;52.4;46.5
2A;2021-07-14;1607;300;86688;75854;53.4;46.7
2A;2021-07-15;1412;820;88100;76674;54.2;47.2
2A;2021-07-16;1156;461;89256;77135;55.0;47.5
2A;2021-07-17;1095;332;90351;77467;55.6;47.7
2A;2021-07-18;632;130;90983;77597;56.0;47.8
2A;2021-07-19;911;426;91894;78023;56.6;48.0
2A;2021-07-20;1254;463;93148;78486;57.3;48.3
2A;2021-07-21;1420;701;94568;79187;58.2;48.8
2A;2021-07-22;1363;756;95931;79943;59.1;49.2
2A;2021-07-23;1403;449;97334;80392;59.9;49.5
2A;2021-07-24;861;286;98195;80678;60.5;49.7
2A;2021-07-25;447;67;98642;80745;60.7;49.7
2B;2020-12-27;0;0;0;0;0.0;0.0
2B;2020-12-28;0;0;0;0;0.0;0.0
2B;2020-12-29;0;0;0;0;0.0;0.0
2B;2020-12-30;0;0;0;0;0.0;0.0
2B;2020-12-31;0;0;0;0;0.0;0.0
2B;2021-01-01;0;0;0;0;0.0;0.0
2B;2021-01-02;0;0;0;0;0.0;0.0
2B;2021-01-03;0;0;0;0;0.0;0.0
2B;2021-01-04;2;0;2;0;0.0;0.0
2B;2021-01-05;0;0;2;0;0.0;0.0
2B;2021-01-06;48;1;50;1;0.0;0.0
2B;2021-01-07;211;0;261;1;0.1;0.0
2B;2021-01-08;196;0;457;1;0.3;0.0
2B;2021-01-09;39;0;496;1;0.3;0.0
2B;2021-01-10;1;0;497;1;0.3;0.0
2B;2021-01-11;75;0;572;1;0.3;0.0
2B;2021-01-12;128;1;700;2;0.4;0.0
2B;2021-01-13;93;0;793;2;0.4;0.0
2B;2021-01-14;72;0;865;2;0.5;0.0
2B;2021-01-15;257;0;1122;2;0.6;0.0
2B;2021-01-16;43;0;1165;2;0.6;0.0
2B;2021-01-17;8;0;1173;2;0.6;0.0
2B;2021-01-18;271;0;1444;2;0.8;0.0
2B;2021-01-19;498;0;1942;2;1.1;0.0
2B;2021-01-20;461;0;2403;2;1.3;0.0
2B;2021-01-21;357;0;2760;2;1.5;0.0
2B;2021-01-22;368;0;3128;2;1.7;0.0
2B;2021-01-23;60;0;3188;2;1.7;0.0
2B;2021-01-24;29;0;3217;2;1.8;0.0
2B;2021-01-25;210;2;3427;4;1.9;0.0
2B;2021-01-26;388;1;3815;5;2.1;0.0
2B;2021-01-27;342;50;4157;55;2.3;0.0
2B;2021-01-28;365;149;4522;204;2.5;0.1
2B;2021-01-29;288;164;4810;368;2.6;0.2
2B;2021-01-30;80;33;4890;401;2.7;0.2
2B;2021-01-31;60;0;4950;401;2.7;0.2
2B;2021-02-01;229;94;5179;495;2.8;0.3
2B;2021-02-02;357;78;5536;573;3.0;0.3
2B;2021-02-03;519;92;6055;665;3.3;0.4
2B;2021-02-04;458;176;6513;841;3.6;0.5
2B;2021-02-05;393;95;6906;936;3.8;0.5
2B;2021-02-06;87;14;6993;950;3.8;0.5
2B;2021-02-07;59;0;7052;950;3.9;0.5
2B;2021-02-08;230;157;7282;1107;4.0;0.6
2B;2021-02-09;586;315;7868;1422;4.3;0.8
2B;2021-02-10;485;195;8353;1617;4.6;0.9
2B;2021-02-11;381;128;8734;1745;4.8;1.0
2B;2021-02-12;297;125;9031;1870;5.0;1.0
2B;2021-02-13;77;13;9108;1883;5.0;1.0
2B;2021-02-14;62;0;9170;1883;5.0;1.0
2B;2021-02-15;190;128;9360;2011;5.1;1.1
2B;2021-02-16;253;286;9613;2297;5.3;1.3
2B;2021-02-17;312;317;9925;2614;5.4;1.4
2B;2021-02-18;215;347;10140;2961;5.6;1.6
2B;2021-02-19;163;309;10303;3270;5.7;1.8
2B;2021-02-20;32;63;10335;3333;5.7;1.8
2B;2021-02-21;27;29;10362;3362;5.7;1.8
2B;2021-02-22;133;190;10495;3552;5.8;1.9
2B;2021-02-23;230;359;10725;3911;5.9;2.1
2B;2021-02-24;227;312;10952;4223;6.0;2.3
2B;2021-02-25;244;341;11196;4564;6.1;2.5
2B;2021-02-26;298;282;11494;4846;6.3;2.7
2B;2021-02-27;60;84;11554;4930;6.3;2.7
2B;2021-02-28;1;57;11555;4987;6.3;2.7
2B;2021-03-01;246;261;11801;5248;6.5;2.9
2B;2021-03-02;351;390;12152;5638;6.7;3.1
2B;2021-03-03;297;437;12449;6075;6.8;3.3
2B;2021-03-04;447;408;12896;6483;7.1;3.6
2B;2021-03-05;617;387;13513;6870;7.4;3.8
2B;2021-03-06;682;99;14195;6969;7.8;3.8
2B;2021-03-07;360;59;14555;7028;8.0;3.9
2B;2021-03-08;301;239;14856;7267;8.2;4.0
2B;2021-03-09;383;507;15239;7774;8.4;4.3
2B;2021-03-10;630;446;15869;8220;8.7;4.5
2B;2021-03-11;584;354;16453;8574;9.0;4.7
2B;2021-03-12;959;226;17412;8800;9.6;4.8
2B;2021-03-13;509;109;17921;8909;9.8;4.9
2B;2021-03-14;226;61;18147;8970;10.0;4.9
2B;2021-03-15;514;200;18661;9170;10.2;5.0
2B;2021-03-16;571;276;19232;9446;10.6;5.2
2B;2021-03-17;529;262;19761;9708;10.8;5.3
2B;2021-03-18;549;228;20310;9936;11.1;5.5
2B;2021-03-19;803;195;21113;10131;11.6;5.6
2B;2021-03-20;654;36;21767;10167;11.9;5.6
2B;2021-03-21;429;34;22196;10201;12.2;5.6
2B;2021-03-22;546;123;22742;10324;12.5;5.7
2B;2021-03-23;788;264;23530;10588;12.9;5.8
2B;2021-03-24;830;216;24360;10804;13.4;5.9
2B;2021-03-25;824;164;25184;10968;13.8;6.0
2B;2021-03-26;957;191;26141;11159;14.3;6.1
2B;2021-03-27;1089;35;27230;11194;14.9;6.1
2B;2021-03-28;829;123;28059;11317;15.4;6.2
2B;2021-03-29;745;179;28804;11496;15.8;6.3
2B;2021-03-30;971;323;29775;11819;16.3;6.5
2B;2021-03-31;981;265;30756;12084;16.9;6.6
2B;2021-04-01;1001;231;31757;12315;17.4;6.8
2B;2021-04-02;964;413;32721;12728;18.0;7.0
2B;2021-04-03;1246;151;33967;12879;18.6;7.1
2B;2021-04-04;196;60;34163;12939;18.7;7.1
2B;2021-04-05;108;113;34271;13052;18.8;7.2
2B;2021-04-06;1033;361;35304;13413;19.4;7.4
2B;2021-04-07;1229;430;36533;13843;20.0;7.6
2B;2021-04-08;1127;410;37660;14253;20.7;7.8
2B;2021-04-09;1169;565;38829;14818;21.3;8.1
2B;2021-04-10;1351;260;40180;15078;22.0;8.3
2B;2021-04-11;812;65;40992;15143;22.5;8.3
2B;2021-04-12;851;562;41843;15705;23.0;8.6
2B;2021-04-13;1061;630;42904;16335;23.5;9.0
2B;2021-04-14;1044;492;43948;16827;24.1;9.2
2B;2021-04-15;885;516;44833;17343;24.6;9.5
2B;2021-04-16;911;650;45744;17993;25.1;9.9
2B;2021-04-17;386;444;46130;18437;25.3;10.1
2B;2021-04-18;252;340;46382;18777;25.4;10.3
2B;2021-04-19;822;433;47204;19210;25.9;10.5
2B;2021-04-20;898;847;48102;20057;26.4;11.0
2B;2021-04-21;1054;608;49156;20665;27.0;11.3
2B;2021-04-22;938;731;50094;21396;27.5;11.7
2B;2021-04-23;661;630;50755;22026;27.8;12.1
2B;2021-04-24;287;772;51042;22798;28.0;12.5
2B;2021-04-25;284;477;51326;23275;28.2;12.8
2B;2021-04-26;708;921;52034;24196;28.5;13.3
2B;2021-04-27;965;875;52999;25071;29.1;13.8
2B;2021-04-28;919;860;53918;25931;29.6;14.2
2B;2021-04-29;921;868;54839;26799;30.1;14.7
2B;2021-04-30;1132;831;55971;27630;30.7;15.2
2B;2021-05-01;459;1115;56430;28745;31.0;15.8
2B;2021-05-02;336;244;56766;28989;31.1;15.9
2B;2021-05-03;1019;495;57785;29484;31.7;16.2
2B;2021-05-04;809;1150;58594;30634;32.1;16.8
2B;2021-05-05;804;1375;59398;32009;32.6;17.6
2B;2021-05-06;1287;904;60685;32913;33.3;18.1
2B;2021-05-07;1062;987;61747;33900;33.9;18.6
2B;2021-05-08;459;856;62206;34756;34.1;19.1
2B;2021-05-09;394;683;62600;35439;34.3;19.4
2B;2021-05-10;925;797;63525;36236;34.9;19.9
2B;2021-05-11;934;1160;64459;37396;35.4;20.5
2B;2021-05-12;855;891;65314;38287;35.8;21.0
2B;2021-05-13;1025;376;66339;38663;36.4;21.2
2B;2021-05-14;717;579;67056;39242;36.8;21.5
2B;2021-05-15;702;353;67758;39595;37.2;21.7
2B;2021-05-16;299;180;68057;39775;37.3;21.8
2B;2021-05-17;1002;406;69059;40181;37.9;22.0
2B;2021-05-18;991;382;70050;40563;38.4;22.3
2B;2021-05-19;771;416;70821;40979;38.9;22.5
2B;2021-05-20;669;359;71490;41338;39.2;22.7
2B;2021-05-21;704;502;72194;41840;39.6;23.0
2B;2021-05-22;573;391;72767;42231;39.9;23.2
2B;2021-05-23;168;46;72935;42277;40.0;23.2
2B;2021-05-24;40;114;72975;42391;40.0;23.3
2B;2021-05-25;548;353;73523;42744;40.3;23.5
2B;2021-05-26;544;789;74067;43533;40.6;23.9
2B;2021-05-27;408;1131;74475;44664;40.9;24.5
2B;2021-05-28;555;906;75030;45570;41.2;25.0
2B;2021-05-29;311;352;75341;45922;41.3;25.2
2B;2021-05-30;46;45;75387;45967;41.4;25.2
2B;2021-05-31;376;829;75763;46796;41.6;25.7
2B;2021-06-01;414;1039;76177;47835;41.8;26.2
2B;2021-06-02;365;991;76542;48826;42.0;26.8
2B;2021-06-03;497;808;77039;49634;42.3;27.2
2B;2021-06-04;344;1255;77383;50889;42.5;27.9
2B;2021-06-05;258;494;77641;51383;42.6;28.2
2B;2021-06-06;50;129;77691;51512;42.6;28.3
2B;2021-06-07;280;949;77971;52461;42.8;28.8
2B;2021-06-08;398;1169;78369;53630;43.0;29.4
2B;2021-06-09;517;1178;78886;54808;43.3;30.1
2B;2021-06-10;367;938;79253;55746;43.5;30.6
2B;2021-06-11;432;1274;79685;57020;43.7;31.3
2B;2021-06-12;151;545;79836;57565;43.8;31.6
2B;2021-06-13;23;59;79859;57624;43.8;31.6
2B;2021-06-14;195;1116;80054;58740;43.9;32.2
2B;2021-06-15;344;1220;80398;59960;44.1;32.9
2B;2021-06-16;377;938;80775;60898;44.3;33.4
2B;2021-06-17;394;1049;81169;61947;44.5;34.0
2B;2021-06-18;346;959;81515;62906;44.7;34.5
2B;2021-06-19;140;327;81655;63233;44.8;34.7
2B;2021-06-20;44;194;81699;63427;44.8;34.8
2B;2021-06-21;264;961;81963;64388;45.0;35.3
2B;2021-06-22;314;1111;82277;65499;45.1;35.9
2B;2021-06-23;207;872;82484;66371;45.3;36.4
2B;2021-06-24;335;755;82819;67126;45.4;36.8
2B;2021-06-25;208;1076;83027;68202;45.6;37.4
2B;2021-06-26;104;552;83131;68754;45.6;37.7
2B;2021-06-27;32;215;83163;68969;45.6;37.8
2B;2021-06-28;324;951;83487;69920;45.8;38.4
2B;2021-06-29;265;988;83752;70908;46.0;38.9
2B;2021-06-30;373;950;84125;71858;46.2;39.4
2B;2021-07-01;219;508;84344;72366;46.3;39.7
2B;2021-07-02;209;558;84553;72924;46.4;40.0
2B;2021-07-03;89;395;84642;73319;46.4;40.2
2B;2021-07-04;2;0;84644;73319;46.4;40.2
2B;2021-07-05;263;662;84907;73981;46.6;40.6
2B;2021-07-06;446;708;85353;74689;46.8;41.0
2B;2021-07-07;371;906;85724;75595;47.0;41.5
2B;2021-07-08;179;347;85903;75942;47.1;41.7
2B;2021-07-09;243;368;86146;76310;47.3;41.9
2B;2021-07-10;194;199;86340;76509;47.4;42.0
2B;2021-07-11;13;14;86353;76523;47.4;42.0
2B;2021-07-12;491;739;86844;77262;47.6;42.4
2B;2021-07-13;817;1008;87661;78270;48.1;42.9
2B;2021-07-14;337;97;87998;78367;48.3;43.0
2B;2021-07-15;1248;573;89246;78940;49.0;43.3
2B;2021-07-16;1104;546;90350;79486;49.6;43.6
2B;2021-07-17;706;311;91056;79797;50.0;43.8
2B;2021-07-18;179;46;91235;79843;50.1;43.8
2B;2021-07-19;839;692;92074;80535;50.5;44.2
2B;2021-07-20;1191;673;93265;81208;51.2;44.6
2B;2021-07-21;1375;715;94640;81923;51.9;44.9
2B;2021-07-22;1315;593;95955;82516;52.6;45.3
2B;2021-07-23;1297;490;97252;83006;53.4;45.5
2B;2021-07-24;506;299;97758;83305;53.6;45.7
2B;2021-07-25;200;68;97958;83373;53.7;45.7
30;2020-12-27;0;0;0;0;0.0;0.0
30;2020-12-28;0;0;0;0;0.0;0.0
30;2020-12-29;0;0;0;0;0.0;0.0
30;2020-12-30;0;0;0;0;0.0;0.0
30;2020-12-31;0;0;0;0;0.0;0.0
30;2021-01-01;0;0;0;0;0.0;0.0
30;2021-01-02;0;0;0;0;0.0;0.0
30;2021-01-03;0;0;0;0;0.0;0.0
30;2021-01-04;1;0;1;0;0.0;0.0
30;2021-01-05;3;0;4;0;0.0;0.0
30;2021-01-06;128;0;132;0;0.0;0.0
30;2021-01-07;311;0;443;0;0.1;0.0
30;2021-01-08;529;0;972;0;0.1;0.0
30;2021-01-09;270;0;1242;0;0.2;0.0
30;2021-01-10;0;0;1242;0;0.2;0.0
30;2021-01-11;537;0;1779;0;0.2;0.0
30;2021-01-12;796;3;2575;3;0.3;0.0
30;2021-01-13;640;0;3215;3;0.4;0.0
30;2021-01-14;646;5;3861;8;0.5;0.0
30;2021-01-15;756;2;4617;10;0.6;0.0
30;2021-01-16;313;0;4930;10;0.7;0.0
30;2021-01-17;0;0;4930;10;0.7;0.0
30;2021-01-18;936;4;5866;14;0.8;0.0
30;2021-01-19;1735;7;7601;21;1.0;0.0
30;2021-01-20;1303;2;8904;23;1.2;0.0
30;2021-01-21;1225;2;10129;25;1.4;0.0
30;2021-01-22;1074;5;11203;30;1.5;0.0
30;2021-01-23;634;2;11837;32;1.6;0.0
30;2021-01-24;0;0;11837;32;1.6;0.0
30;2021-01-25;830;4;12667;36;1.7;0.0
30;2021-01-26;1057;15;13724;51;1.8;0.0
30;2021-01-27;977;111;14701;162;2.0;0.0
30;2021-01-28;710;274;15411;436;2.1;0.1
30;2021-01-29;669;448;16080;884;2.1;0.1
30;2021-01-30;471;288;16551;1172;2.2;0.2
30;2021-01-31;3;7;16554;1179;2.2;0.2
30;2021-02-01;813;435;17367;1614;2.3;0.2
30;2021-02-02;1873;672;19240;2286;2.6;0.3
30;2021-02-03;1183;491;20423;2777;2.7;0.4
30;2021-02-04;966;663;21389;3440;2.9;0.5
30;2021-02-05;597;766;21986;4206;2.9;0.6
30;2021-02-06;288;262;22274;4468;3.0;0.6
30;2021-02-07;2;8;22276;4476;3.0;0.6
30;2021-02-08;573;738;22849;5214;3.1;0.7
30;2021-02-09;981;1006;23830;6220;3.2;0.8
30;2021-02-10;981;1101;24811;7321;3.3;1.0
30;2021-02-11;926;1037;25737;8358;3.4;1.1
30;2021-02-12;615;992;26352;9350;3.5;1.2
30;2021-02-13;434;389;26786;9739;3.6;1.3
30;2021-02-14;1;21;26787;9760;3.6;1.3
30;2021-02-15;446;622;27233;10382;3.6;1.4
30;2021-02-16;459;849;27692;11231;3.7;1.5
30;2021-02-17;681;624;28373;11855;3.8;1.6
30;2021-02-18;794;526;29167;12381;3.9;1.7
30;2021-02-19;573;671;29740;13052;4.0;1.7
30;2021-02-20;223;225;29963;13277;4.0;1.8
30;2021-02-21;5;3;29968;13280;4.0;1.8
30;2021-02-22;501;765;30469;14045;4.1;1.9
30;2021-02-23;974;1465;31443;15510;4.2;2.1
30;2021-02-24;925;1192;32368;16702;4.3;2.2
30;2021-02-25;1202;891;33570;17593;4.5;2.4
30;2021-02-26;1338;593;34908;18186;4.7;2.4
30;2021-02-27;564;546;35472;18732;4.7;2.5
30;2021-02-28;1;7;35473;18739;4.7;2.5
30;2021-03-01;1338;825;36811;19564;4.9;2.6
30;2021-03-02;1709;911;38520;20475;5.1;2.7
30;2021-03-03;2302;755;40822;21230;5.5;2.8
30;2021-03-04;2628;862;43450;22092;5.8;3.0
30;2021-03-05;2754;603;46204;22695;6.2;3.0
30;2021-03-06;2997;353;49201;23048;6.6;3.1
30;2021-03-07;1858;37;51059;23085;6.8;3.1
30;2021-03-08;1526;778;52585;23863;7.0;3.2
30;2021-03-09;2273;866;54858;24729;7.3;3.3
30;2021-03-10;2346;641;57204;25370;7.6;3.4
30;2021-03-11;3053;669;60257;26039;8.1;3.5
30;2021-03-12;3110;374;63367;26413;8.5;3.5
30;2021-03-13;2222;285;65589;26698;8.8;3.6
30;2021-03-14;83;3;65672;26701;8.8;3.6
30;2021-03-15;1564;556;67236;27257;9.0;3.6
30;2021-03-16;1299;1063;68535;28320;9.2;3.8
30;2021-03-17;1454;640;69989;28960;9.4;3.9
30;2021-03-18;1643;711;71632;29671;9.6;4.0
30;2021-03-19;2249;536;73881;30207;9.9;4.0
30;2021-03-20;1398;137;75279;30344;10.1;4.1
30;2021-03-21;57;8;75336;30352;10.1;4.1
30;2021-03-22;2390;709;77726;31061;10.4;4.1
30;2021-03-23;3505;792;81231;31853;10.9;4.3
30;2021-03-24;3629;797;84860;32650;11.3;4.4
30;2021-03-25;4401;836;89261;33486;11.9;4.5
30;2021-03-26;4358;625;93619;34111;12.5;4.6
30;2021-03-27;1970;372;95589;34483;12.8;4.6
30;2021-03-28;35;29;95624;34512;12.8;4.6
30;2021-03-29;2807;1640;98431;36152;13.2;4.8
30;2021-03-30;3777;1868;102208;38020;13.7;5.1
30;2021-03-31;3504;1634;105712;39654;14.1;5.3
30;2021-04-01;4015;1444;109727;41098;14.7;5.5
30;2021-04-02;3597;1218;113324;42316;15.1;5.7
30;2021-04-03;1061;1220;114385;43536;15.3;5.8
30;2021-04-04;29;188;114414;43724;15.3;5.8
30;2021-04-05;764;284;115178;44008;15.4;5.9
30;2021-04-06;3036;1561;118214;45569;15.8;6.1
30;2021-04-07;2715;1625;120929;47194;16.2;6.3
30;2021-04-08;3913;1476;124842;48670;16.7;6.5
30;2021-04-09;4883;1504;129725;50174;17.3;6.7
30;2021-04-10;2425;1170;132150;51344;17.7;6.9
30;2021-04-11;949;54;133099;51398;17.8;6.9
30;2021-04-12;3146;1481;136245;52879;18.2;7.1
30;2021-04-13;4014;1916;140259;54795;18.7;7.3
30;2021-04-14;3378;1530;143637;56325;19.2;7.5
30;2021-04-15;3830;1450;147467;57775;19.7;7.7
30;2021-04-16;3704;1519;151171;59294;20.2;7.9
30;2021-04-17;1491;945;152662;60239;20.4;8.0
30;2021-04-18;958;66;153620;60305;20.5;8.1
30;2021-04-19;2449;2294;156069;62599;20.9;8.4
30;2021-04-20;2812;2822;158881;65421;21.2;8.7
30;2021-04-21;2593;2562;161474;67983;21.6;9.1
30;2021-04-22;3517;2312;164991;70295;22.0;9.4
30;2021-04-23;3573;2299;168564;72594;22.5;9.7
30;2021-04-24;1346;1228;169910;73822;22.7;9.9
30;2021-04-25;748;89;170658;73911;22.8;9.9
30;2021-04-26;2014;2385;172672;76296;23.1;10.2
30;2021-04-27;2926;2584;175598;78880;23.5;10.5
30;2021-04-28;2832;2477;178430;81357;23.8;10.9
30;2021-04-29;3612;2302;182042;83659;24.3;11.2
30;2021-04-30;3403;2016;185445;85675;24.8;11.4
30;2021-05-01;1748;604;187193;86279;25.0;11.5
30;2021-05-02;663;245;187856;86524;25.1;11.6
30;2021-05-03;3749;2498;191605;89022;25.6;11.9
30;2021-05-04;3972;3517;195577;92539;26.1;12.4
30;2021-05-05;3936;3119;199513;95658;26.7;12.8
30;2021-05-06;4191;3353;203704;99011;27.2;13.2
30;2021-05-07;4071;3050;207775;102061;27.8;13.6
30;2021-05-08;1602;719;209377;102780;28.0;13.7
30;2021-05-09;372;611;209749;103391;28.0;13.8
30;2021-05-10;2913;3111;212662;106502;28.4;14.2
30;2021-05-11;5386;3647;218048;110149;29.1;14.7
30;2021-05-12;5298;3209;223346;113358;29.8;15.1
30;2021-05-13;3231;1020;226577;114378;30.3;15.3
30;2021-05-14;4887;2449;231464;116827;30.9;15.6
30;2021-05-15;3406;1201;234870;118028;31.4;15.8
30;2021-05-16;396;339;235266;118367;31.4;15.8
30;2021-05-17;3792;3035;239058;121402;31.9;16.2
30;2021-05-18;4819;3034;243877;124436;32.6;16.6
30;2021-05-19;4769;2545;248646;126981;33.2;17.0
30;2021-05-20;5003;2571;253649;129552;33.9;17.3
30;2021-05-21;4881;2467;258530;132019;34.5;17.6
30;2021-05-22;3155;1290;261685;133309;35.0;17.8
30;2021-05-23;287;345;261972;133654;35.0;17.9
30;2021-05-24;783;767;262755;134421;35.1;18.0
30;2021-05-25;2656;3159;265411;137580;35.5;18.4
30;2021-05-26;2885;2561;268296;140141;35.8;18.7
30;2021-05-27;3754;2717;272050;142858;36.3;19.1
30;2021-05-28;3322;3285;275372;146143;36.8;19.5
30;2021-05-29;1685;1801;277057;147944;37.0;19.8
30;2021-05-30;358;589;277415;148533;37.1;19.8
30;2021-05-31;2828;2292;280243;150825;37.4;20.2
30;2021-06-01;3651;2792;283894;153617;37.9;20.5
30;2021-06-02;3311;2444;287205;156061;38.4;20.9
30;2021-06-03;4129;3343;291334;159404;38.9;21.3
30;2021-06-04;3900;3394;295234;162798;39.4;21.8
30;2021-06-05;1904;1312;297138;164110;39.7;21.9
30;2021-06-06;683;263;297821;164373;39.8;22.0
30;2021-06-07;4716;2520;302537;166893;40.4;22.3
30;2021-06-08;4821;3317;307358;170210;41.1;22.7
30;2021-06-09;4144;2975;311502;173185;41.6;23.1
30;2021-06-10;4598;3347;316100;176532;42.2;23.6
30;2021-06-11;4578;3805;320678;180337;42.8;24.1
30;2021-06-12;2482;1704;323160;182041;43.2;24.3
30;2021-06-13;494;340;323654;182381;43.2;24.4
30;2021-06-14;2464;4703;326118;187084;43.6;25.0
30;2021-06-15;3196;5299;329314;192383;44.0;25.7
30;2021-06-16;3095;4639;332409;197022;44.4;26.3
30;2021-06-17;3920;4361;336329;201383;44.9;26.9
30;2021-06-18;3705;4691;340034;206074;45.4;27.5
30;2021-06-19;1435;1994;341469;208068;45.6;27.8
30;2021-06-20;357;489;341826;208557;45.7;27.9
30;2021-06-21;2368;4904;344194;213461;46.0;28.5
30;2021-06-22;2350;5737;346544;219198;46.3;29.3
30;2021-06-23;2512;5335;349056;224533;46.6;30.0
30;2021-06-24;2327;4701;351383;229234;46.9;30.6
30;2021-06-25;2603;5599;353986;234833;47.3;31.4
30;2021-06-26;901;2934;354887;237767;47.4;31.8
30;2021-06-27;220;525;355107;238292;47.4;31.8
30;2021-06-28;1661;6023;356768;244315;47.7;32.6
30;2021-06-29;1826;6034;358594;250349;47.9;33.4
30;2021-06-30;1977;5255;360571;255604;48.2;34.2
30;2021-07-01;2954;4708;363525;260312;48.6;34.8
30;2021-07-02;2819;4614;366344;264926;48.9;35.4
30;2021-07-03;1143;3043;367487;267969;49.1;35.8
30;2021-07-04;112;392;367599;268361;49.1;35.9
30;2021-07-05;2005;4019;369604;272380;49.4;36.4
30;2021-07-06;2640;4961;372244;277341;49.7;37.1
30;2021-07-07;2514;4211;374758;281552;50.1;37.6
30;2021-07-08;1992;3417;376750;284969;50.3;38.1
30;2021-07-09;2392;5307;379142;290276;50.7;38.8
30;2021-07-10;1484;2149;380626;292425;50.9;39.1
30;2021-07-11;43;416;380669;292841;50.9;39.1
30;2021-07-12;2503;5144;383172;297985;51.2;39.8
30;2021-07-13;3253;6011;386425;303996;51.6;40.6
30;2021-07-14;491;541;386916;304537;51.7;40.7
30;2021-07-15;4098;5445;391014;309982;52.2;41.4
30;2021-07-16;4934;5690;395948;315672;52.9;42.2
30;2021-07-17;1694;2453;397642;318125;53.1;42.5
30;2021-07-18;145;602;397787;318727;53.1;42.6
30;2021-07-19;3352;6270;401139;324997;53.6;43.4
30;2021-07-20;4527;6468;405666;331465;54.2;44.3
30;2021-07-21;4021;5373;409687;336838;54.7;45.0
30;2021-07-22;4763;5659;414450;342497;55.4;45.8
30;2021-07-23;4894;5788;419344;348285;56.0;46.5
30;2021-07-24;2202;3228;421546;351513;56.3;47.0
30;2021-07-25;134;308;421680;351821;56.3;47.0
31;2020-12-27;0;0;0;0;0.0;0.0
31;2020-12-28;0;0;0;0;0.0;0.0
31;2020-12-29;0;0;0;0;0.0;0.0
31;2020-12-30;0;0;0;0;0.0;0.0
31;2020-12-31;0;0;0;0;0.0;0.0
31;2021-01-01;2;0;2;0;0.0;0.0
31;2021-01-02;0;0;2;0;0.0;0.0
31;2021-01-03;1;0;3;0;0.0;0.0
31;2021-01-04;2;0;5;0;0.0;0.0
31;2021-01-05;50;0;55;0;0.0;0.0
31;2021-01-06;211;1;266;1;0.0;0.0
31;2021-01-07;284;1;550;2;0.0;0.0
31;2021-01-08;543;1;1093;3;0.1;0.0
31;2021-01-09;274;0;1367;3;0.1;0.0
31;2021-01-10;286;0;1653;3;0.1;0.0
31;2021-01-11;977;3;2630;6;0.2;0.0
31;2021-01-12;1189;0;3819;6;0.3;0.0
31;2021-01-13;1157;4;4976;10;0.4;0.0
31;2021-01-14;1176;17;6152;27;0.4;0.0
31;2021-01-15;1047;4;7199;31;0.5;0.0
31;2021-01-16;243;1;7442;32;0.5;0.0
31;2021-01-17;173;0;7615;32;0.5;0.0
31;2021-01-18;1607;3;9222;35;0.7;0.0
31;2021-01-19;2929;11;12151;46;0.9;0.0
31;2021-01-20;3660;10;15811;56;1.1;0.0
31;2021-01-21;2989;5;18800;61;1.3;0.0
31;2021-01-22;2270;5;21070;66;1.5;0.0
31;2021-01-23;727;1;21797;67;1.6;0.0
31;2021-01-24;212;1;22009;68;1.6;0.0
31;2021-01-25;1741;9;23750;77;1.7;0.0
31;2021-01-26;1837;65;25587;142;1.8;0.0
31;2021-01-27;1571;153;27158;295;1.9;0.0
31;2021-01-28;1382;304;28540;599;2.0;0.0
31;2021-01-29;1354;350;29894;949;2.1;0.1
31;2021-01-30;443;187;30337;1136;2.2;0.1
31;2021-01-31;61;210;30398;1346;2.2;0.1
31;2021-02-01;1156;736;31554;2082;2.3;0.1
31;2021-02-02;3031;805;34585;2887;2.5;0.2
31;2021-02-03;1916;779;36501;3666;2.6;0.3
31;2021-02-04;1804;845;38305;4511;2.7;0.3
31;2021-02-05;1339;574;39644;5085;2.8;0.4
31;2021-02-06;378;55;40022;5140;2.9;0.4
31;2021-02-07;37;41;40059;5181;2.9;0.4
31;2021-02-08;1114;668;41173;5849;2.9;0.4
31;2021-02-09;1675;1576;42848;7425;3.1;0.5
31;2021-02-10;1958;2476;44806;9901;3.2;0.7
31;2021-02-11;1814;1821;46620;11722;3.3;0.8
31;2021-02-12;1535;799;48155;12521;3.4;0.9
31;2021-02-13;501;230;48656;12751;3.5;0.9
31;2021-02-14;55;217;48711;12968;3.5;0.9
31;2021-02-15;443;1375;49154;14343;3.5;1.0
31;2021-02-16;465;1555;49619;15898;3.5;1.1
31;2021-02-17;471;1690;50090;17588;3.6;1.3
31;2021-02-18;476;1832;50566;19420;3.6;1.4
31;2021-02-19;390;1574;50956;20994;3.6;1.5
31;2021-02-20;67;532;51023;21526;3.6;1.5
31;2021-02-21;79;161;51102;21687;3.6;1.5
31;2021-02-22;432;1758;51534;23445;3.7;1.7
31;2021-02-23;866;3019;52400;26464;3.7;1.9
31;2021-02-24;653;2200;53053;28664;3.8;2.0
31;2021-02-25;1426;1842;54479;30506;3.9;2.2
31;2021-02-26;1707;1235;56186;31741;4.0;2.3
31;2021-02-27;637;405;56823;32146;4.1;2.3
31;2021-02-28;77;54;56900;32200;4.1;2.3
31;2021-03-01;869;1135;57769;33335;4.1;2.4
31;2021-03-02;1231;1665;59000;35000;4.2;2.5
31;2021-03-03;1356;1817;60356;36817;4.3;2.6
31;2021-03-04;2419;1507;62775;38324;4.5;2.7
31;2021-03-05;3051;1599;65826;39923;4.7;2.8
31;2021-03-06;2832;411;68658;40334;4.9;2.9
31;2021-03-07;5364;96;74022;40430;5.3;2.9
31;2021-03-08;1596;1096;75618;41526;5.4;3.0
31;2021-03-09;2775;1188;78393;42714;5.6;3.0
31;2021-03-10;2570;1085;80963;43799;5.8;3.1
31;2021-03-11;4375;1160;85338;44959;6.1;3.2
31;2021-03-12;5311;1187;90649;46146;6.5;3.3
31;2021-03-13;2833;502;93482;46648;6.7;3.3
31;2021-03-14;232;49;93714;46697;6.7;3.3
31;2021-03-15;2578;426;96292;47123;6.9;3.4
31;2021-03-16;1741;811;98033;47934;7.0;3.4
31;2021-03-17;1654;554;99687;48488;7.1;3.5
31;2021-03-18;1962;707;101649;49195;7.3;3.5
31;2021-03-19;3178;522;104827;49717;7.5;3.5
31;2021-03-20;1792;140;106619;49857;7.6;3.6
31;2021-03-21;208;35;106827;49892;7.6;3.6
31;2021-03-22;2576;362;109403;50254;7.8;3.6
31;2021-03-23;4051;313;113454;50567;8.1;3.6
31;2021-03-24;4351;285;117805;50852;8.4;3.6
31;2021-03-25;6039;504;123844;51356;8.8;3.7
31;2021-03-26;5464;508;129308;51864;9.2;3.7
31;2021-03-27;4345;194;133653;52058;9.5;3.7
31;2021-03-28;2288;45;135941;52103;9.7;3.7
31;2021-03-29;4201;425;140142;52528;10.0;3.7
31;2021-03-30;6589;543;146731;53071;10.5;3.8
31;2021-03-31;5639;361;152370;53432;10.9;3.8
31;2021-04-01;6960;535;159330;53967;11.4;3.9
31;2021-04-02;6098;568;165428;54535;11.8;3.9
31;2021-04-03;3919;151;169347;54686;12.1;3.9
31;2021-04-04;2058;111;171405;54797;12.2;3.9
31;2021-04-05;478;69;171883;54866;12.3;3.9
31;2021-04-06;4157;1140;176040;56006;12.6;4.0
31;2021-04-07;5979;974;182019;56980;13.0;4.1
31;2021-04-08;7560;1020;189579;58000;13.5;4.1
31;2021-04-09;8381;1235;197960;59235;14.1;4.2
31;2021-04-10;4710;540;202670;59775;14.5;4.3
31;2021-04-11;2064;139;204734;59914;14.6;4.3
31;2021-04-12;5992;1826;210726;61740;15.0;4.4
31;2021-04-13;8021;2014;218747;63754;15.6;4.6
31;2021-04-14;6642;1922;225389;65676;16.1;4.7
31;2021-04-15;7766;2225;233155;67901;16.6;4.8
31;2021-04-16;7174;2085;240329;69986;17.2;5.0
31;2021-04-17;4409;898;244738;70884;17.5;5.1
31;2021-04-18;2508;355;247246;71239;17.6;5.1
31;2021-04-19;5214;2023;252460;73262;18.0;5.2
31;2021-04-20;6067;2844;258527;76106;18.5;5.4
31;2021-04-21;5968;2786;264495;78892;18.9;5.6
31;2021-04-22;6380;3230;270875;82122;19.3;5.9
31;2021-04-23;6263;2568;277138;84690;19.8;6.0
31;2021-04-24;1614;3132;278752;87822;19.9;6.3
31;2021-04-25;680;2094;279432;89916;19.9;6.4
31;2021-04-26;3791;3221;283223;93137;20.2;6.6
31;2021-04-27;4512;3899;287735;97036;20.5;6.9
31;2021-04-28;4542;3490;292277;100526;20.9;7.2
31;2021-04-29;5178;4015;297455;104541;21.2;7.5
31;2021-04-30;5030;4129;302485;108670;21.6;7.8
31;2021-05-01;1488;3118;303973;111788;21.7;8.0
31;2021-05-02;1411;1981;305384;113769;21.8;8.1
31;2021-05-03;5647;2418;311031;116187;22.2;8.3
31;2021-05-04;4780;4735;315811;120922;22.5;8.6
31;2021-05-05;2980;5720;318791;126642;22.8;9.0
31;2021-05-06;3627;7381;322418;134023;23.0;9.6
31;2021-05-07;5254;7171;327672;141194;23.4;10.1
31;2021-05-08;3632;3101;331304;144295;23.6;10.3
31;2021-05-09;3757;2309;335061;146604;23.9;10.5
31;2021-05-10;5683;5468;340744;152072;24.3;10.9
31;2021-05-11;6638;6692;347382;158764;24.8;11.3
31;2021-05-12;6170;5914;353552;164678;25.2;11.8
31;2021-05-13;4642;2060;358194;166738;25.6;11.9
31;2021-05-14;6902;3977;365096;170715;26.1;12.2
31;2021-05-15;5141;1752;370237;172467;26.4;12.3
31;2021-05-16;3296;629;373533;173096;26.7;12.4
31;2021-05-17;5141;4148;378674;177244;27.0;12.7
31;2021-05-18;5586;4270;384260;181514;27.4;13.0
31;2021-05-19;5778;3764;390038;185278;27.8;13.2
31;2021-05-20;6468;4796;396506;190074;28.3;13.6
31;2021-05-21;5979;4606;402485;194680;28.7;13.9
31;2021-05-22;4080;1626;406565;196306;29.0;14.0
31;2021-05-23;3583;343;410148;196649;29.3;14.0
31;2021-05-24;3874;708;414022;197357;29.6;14.1
31;2021-05-25;6189;3605;420211;200962;30.0;14.3
31;2021-05-26;5595;4636;425806;205598;30.4;14.7
31;2021-05-27;4773;6194;430579;211792;30.7;15.1
31;2021-05-28;4114;6343;434693;218135;31.0;15.6
31;2021-05-29;1916;4031;436609;222166;31.2;15.9
31;2021-05-30;746;2363;437355;224529;31.2;16.0
31;2021-05-31;4394;5085;441749;229614;31.5;16.4
31;2021-06-01;5948;6560;447697;236174;32.0;16.9
31;2021-06-02;5785;6299;453482;242473;32.4;17.3
31;2021-06-03;7296;8135;460778;250608;32.9;17.9
31;2021-06-04;7530;7155;468308;257763;33.4;18.4
31;2021-06-05;9076;2768;477384;260531;34.1;18.6
31;2021-06-06;8106;1574;485490;262105;34.7;18.7
31;2021-06-07;7984;5461;493474;267566;35.2;19.1
31;2021-06-08;9098;6043;502572;273609;35.9;19.5
31;2021-06-09;8910;5508;511482;279117;36.5;19.9
31;2021-06-10;9762;6328;521244;285445;37.2;20.4
31;2021-06-11;10041;6631;531285;292076;37.9;20.8
31;2021-06-12;8792;2998;540077;295074;38.6;21.1
31;2021-06-13;8372;1997;548449;297071;39.1;21.2
31;2021-06-14;8377;6723;556826;303794;39.7;21.7
31;2021-06-15;9731;7424;566557;311218;40.4;22.2
31;2021-06-16;8710;5246;575267;316464;41.1;22.6
31;2021-06-17;8254;6585;583521;323049;41.7;23.1
31;2021-06-18;8509;7733;592030;330782;42.3;23.6
31;2021-06-19;7349;5430;599379;336212;42.8;24.0
31;2021-06-20;5561;3722;604940;339934;43.2;24.3
31;2021-06-21;5359;6903;610299;346837;43.6;24.8
31;2021-06-22;4954;8214;615253;355051;43.9;25.3
31;2021-06-23;5090;7259;620343;362310;44.3;25.9
31;2021-06-24;4569;8316;624912;370626;44.6;26.5
31;2021-06-25;5007;9306;629919;379932;45.0;27.1
31;2021-06-26;4273;6390;634192;386322;45.3;27.6
31;2021-06-27;3592;4098;637784;390420;45.5;27.9
31;2021-06-28;4083;6638;641867;397058;45.8;28.3
31;2021-06-29;3776;7560;645643;404618;46.1;28.9
31;2021-06-30;4245;7800;649888;412418;46.4;29.4
31;2021-07-01;4004;8465;653892;420883;46.7;30.0
31;2021-07-02;4087;9325;657979;430208;47.0;30.7
31;2021-07-03;4087;6115;662066;436323;47.3;31.1
31;2021-07-04;3196;4799;665262;441122;47.5;31.5
31;2021-07-05;4017;7089;669279;448211;47.8;32.0
31;2021-07-06;3768;8355;673047;456566;48.0;32.6
31;2021-07-07;3928;7976;676975;464542;48.3;33.2
31;2021-07-08;4008;8530;680983;473072;48.6;33.8
31;2021-07-09;4419;8791;685402;481863;48.9;34.4
31;2021-07-10;3898;5477;689300;487340;49.2;34.8
31;2021-07-11;3131;4119;692431;491459;49.4;35.1
31;2021-07-12;3792;8601;696223;500060;49.7;35.7
31;2021-07-13;6870;9387;703093;509447;50.2;36.4
31;2021-07-14;6111;3877;709204;513324;50.6;36.6
31;2021-07-15;8415;9376;717619;522700;51.2;37.3
31;2021-07-16;7710;9849;725329;532549;51.8;38.0
31;2021-07-17;8318;10490;733647;543039;52.4;38.8
31;2021-07-18;6603;9408;740250;552447;52.8;39.4
31;2021-07-19;4766;10755;745016;563202;53.2;40.2
31;2021-07-20;7091;11429;752107;574631;53.7;41.0
31;2021-07-21;6967;11474;759074;586105;54.2;41.8
31;2021-07-22;8109;11682;767183;597787;54.8;42.7
31;2021-07-23;7378;11730;774561;609517;55.3;43.5
31;2021-07-24;10220;10408;784781;619925;56.0;44.3
31;2021-07-25;7519;8693;792300;628618;56.6;44.9
32;2020-12-27;0;0;0;0;0.0;0.0
32;2020-12-28;0;0;0;0;0.0;0.0
32;2020-12-29;0;0;0;0;0.0;0.0
32;2020-12-30;0;0;0;0;0.0;0.0
32;2020-12-31;0;0;0;0;0.0;0.0
32;2021-01-01;0;0;0;0;0.0;0.0
32;2021-01-02;0;0;0;0;0.0;0.0
32;2021-01-03;0;0;0;0;0.0;0.0
32;2021-01-04;3;0;3;0;0.0;0.0
32;2021-01-05;1;0;4;0;0.0;0.0
32;2021-01-06;2;0;6;0;0.0;0.0
32;2021-01-07;152;0;158;0;0.1;0.0
32;2021-01-08;70;0;228;0;0.1;0.0
32;2021-01-09;5;0;233;0;0.1;0.0
32;2021-01-10;0;0;233;0;0.1;0.0
32;2021-01-11;11;0;244;0;0.1;0.0
32;2021-01-12;94;0;338;0;0.2;0.0
32;2021-01-13;325;0;663;0;0.3;0.0
32;2021-01-14;376;3;1039;3;0.5;0.0
32;2021-01-15;448;0;1487;3;0.8;0.0
32;2021-01-16;16;2;1503;5;0.8;0.0
32;2021-01-17;1;0;1504;5;0.8;0.0
32;2021-01-18;344;0;1848;5;1.0;0.0
32;2021-01-19;417;0;2265;5;1.2;0.0
32;2021-01-20;358;0;2623;5;1.4;0.0
32;2021-01-21;582;0;3205;5;1.7;0.0
32;2021-01-22;371;0;3576;5;1.9;0.0
32;2021-01-23;180;0;3756;5;2.0;0.0
32;2021-01-24;3;0;3759;5;2.0;0.0
32;2021-01-25;460;1;4219;6;2.2;0.0
32;2021-01-26;604;0;4823;6;2.5;0.0
32;2021-01-27;703;4;5526;10;2.9;0.0
32;2021-01-28;685;17;6211;27;3.3;0.0
32;2021-01-29;460;52;6671;79;3.5;0.0
32;2021-01-30;260;0;6931;79;3.6;0.0
32;2021-01-31;4;5;6935;84;3.6;0.0
32;2021-02-01;287;58;7222;142;3.8;0.1
32;2021-02-02;639;140;7861;282;4.1;0.1
32;2021-02-03;338;201;8199;483;4.3;0.3
32;2021-02-04;424;278;8623;761;4.5;0.4
32;2021-02-05;348;360;8971;1121;4.7;0.6
32;2021-02-06;147;0;9118;1121;4.8;0.6
32;2021-02-07;0;36;9118;1157;4.8;0.6
32;2021-02-08;275;124;9393;1281;4.9;0.7
32;2021-02-09;309;229;9702;1510;5.1;0.8
32;2021-02-10;267;253;9969;1763;5.2;0.9
32;2021-02-11;379;318;10348;2081;5.4;1.1
32;2021-02-12;297;280;10645;2361;5.6;1.2
32;2021-02-13;249;1;10894;2362;5.7;1.2
32;2021-02-14;0;28;10894;2390;5.7;1.3
32;2021-02-15;25;212;10919;2602;5.7;1.4
32;2021-02-16;392;368;11311;2970;6.0;1.6
32;2021-02-17;189;474;11500;3444;6.1;1.8
32;2021-02-18;330;490;11830;3934;6.2;2.1
32;2021-02-19;183;282;12013;4216;6.3;2.2
32;2021-02-20;1;120;12014;4336;6.3;2.3
32;2021-02-21;0;0;12014;4336;6.3;2.3
32;2021-02-22;158;386;12172;4722;6.4;2.5
32;2021-02-23;432;561;12604;5283;6.6;2.8
32;2021-02-24;277;380;12881;5663;6.8;3.0
32;2021-02-25;480;520;13361;6183;7.0;3.3
32;2021-02-26;443;386;13804;6569;7.3;3.5
32;2021-02-27;157;246;13961;6815;7.3;3.6
32;2021-02-28;4;0;13965;6815;7.3;3.6
32;2021-03-01;51;299;14016;7114;7.4;3.7
32;2021-03-02;413;445;14429;7559;7.6;4.0
32;2021-03-03;273;292;14702;7851;7.7;4.1
32;2021-03-04;538;337;15240;8188;8.0;4.3
32;2021-03-05;435;249;15675;8437;8.2;4.4
32;2021-03-06;521;167;16196;8604;8.5;4.5
32;2021-03-07;25;5;16221;8609;8.5;4.5
32;2021-03-08;233;293;16454;8902;8.7;4.7
32;2021-03-09;642;329;17096;9231;9.0;4.9
32;2021-03-10;482;328;17578;9559;9.2;5.0
32;2021-03-11;853;293;18431;9852;9.7;5.2
32;2021-03-12;881;342;19312;10194;10.2;5.4
32;2021-03-13;490;248;19802;10442;10.4;5.5
32;2021-03-14;1;0;19803;10442;10.4;5.5
32;2021-03-15;265;25;20068;10467;10.6;5.5
32;2021-03-16;312;304;20380;10771;10.7;5.7
32;2021-03-17;149;155;20529;10926;10.8;5.7
32;2021-03-18;374;308;20903;11234;11.0;5.9
32;2021-03-19;402;183;21305;11417;11.2;6.0
32;2021-03-20;136;33;21441;11450;11.3;6.0
32;2021-03-21;0;0;21441;11450;11.3;6.0
32;2021-03-22;340;167;21781;11617;11.5;6.1
32;2021-03-23;559;399;22340;12016;11.8;6.3
32;2021-03-24;644;270;22984;12286;12.1;6.5
32;2021-03-25;893;417;23877;12703;12.6;6.7
32;2021-03-26;655;294;24532;12997;12.9;6.8
32;2021-03-27;165;2;24697;12999;13.0;6.8
32;2021-03-28;0;1;24697;13000;13.0;6.8
32;2021-03-29;371;48;25068;13048;13.2;6.9
32;2021-03-30;766;286;25834;13334;13.6;7.0
32;2021-03-31;654;172;26488;13506;13.9;7.1
32;2021-04-01;1238;319;27726;13825;14.6;7.3
32;2021-04-02;575;168;28301;13993;14.9;7.4
32;2021-04-03;114;0;28415;13993;15.0;7.4
32;2021-04-04;0;0;28415;13993;15.0;7.4
32;2021-04-05;0;0;28415;13993;15.0;7.4
32;2021-04-06;2642;304;31057;14297;16.3;7.5
32;2021-04-07;1176;201;32233;14498;17.0;7.6
32;2021-04-08;1737;404;33970;14902;17.9;7.8
32;2021-04-09;883;217;34853;15119;18.3;8.0
32;2021-04-10;808;28;35661;15147;18.8;8.0
32;2021-04-11;14;0;35675;15147;18.8;8.0
32;2021-04-12;476;20;36151;15167;19.0;8.0
32;2021-04-13;2465;378;38616;15545;20.3;8.2
32;2021-04-14;1227;262;39843;15807;21.0;8.3
32;2021-04-15;1702;391;41545;16198;21.9;8.5
32;2021-04-16;638;282;42183;16480;22.2;8.7
32;2021-04-17;781;37;42964;16517;22.6;8.7
32;2021-04-18;11;1;42975;16518;22.6;8.7
32;2021-04-19;502;44;43477;16562;22.9;8.7
32;2021-04-20;2472;385;45949;16947;24.2;8.9
32;2021-04-21;1008;294;46957;17241;24.7;9.1
32;2021-04-22;1662;320;48619;17561;25.6;9.2
32;2021-04-23;546;158;49165;17719;25.9;9.3
32;2021-04-24;1391;54;50556;17773;26.6;9.4
32;2021-04-25;0;11;50556;17784;26.6;9.4
32;2021-04-26;387;359;50943;18143;26.8;9.5
32;2021-04-27;2548;549;53491;18692;28.1;9.8
32;2021-04-28;969;353;54460;19045;28.7;10.0
32;2021-04-29;1007;884;55467;19929;29.2;10.5
32;2021-04-30;451;361;55918;20290;29.4;10.7
32;2021-05-01;2604;95;58522;20385;30.8;10.7
32;2021-05-02;0;0;58522;20385;30.8;10.7
32;2021-05-03;168;321;58690;20706;30.9;10.9
32;2021-05-04;793;2496;59483;23202;31.3;12.2
32;2021-05-05;2360;1094;61843;24296;32.5;12.8
32;2021-05-06;516;1662;62359;25958;32.8;13.7
32;2021-05-07;2286;533;64645;26491;34.0;13.9
32;2021-05-08;71;519;64716;27010;34.1;14.2
32;2021-05-09;20;179;64736;27189;34.1;14.3
32;2021-05-10;1989;550;66725;27739;35.1;14.6
32;2021-05-11;655;2272;67380;30011;35.5;15.8
32;2021-05-12;2312;1137;69692;31148;36.7;16.4
32;2021-05-13;279;1414;69971;32562;36.8;17.1
32;2021-05-14;2222;324;72193;32886;38.0;17.3
32;2021-05-15;134;712;72327;33598;38.1;17.7
32;2021-05-16;1;0;72328;33598;38.1;17.7
32;2021-05-17;353;170;72681;33768;38.2;17.8
32;2021-05-18;1642;297;74323;34065;39.1;17.9
32;2021-05-19;2472;273;76795;34338;40.4;18.1
32;2021-05-20;2887;467;79682;34805;41.9;18.3
32;2021-05-21;2533;498;82215;35303;43.3;18.6
32;2021-05-22;335;111;82550;35414;43.4;18.6
32;2021-05-23;1;13;82551;35427;43.4;18.6
32;2021-05-24;2;0;82553;35427;43.4;18.6
32;2021-05-25;1980;372;84533;35799;44.5;18.8
32;2021-05-26;2545;552;87078;36351;45.8;19.1
32;2021-05-27;2876;627;89954;36978;47.3;19.5
32;2021-05-28;2310;767;92264;37745;48.5;19.9
32;2021-05-29;372;312;92636;38057;48.7;20.0
32;2021-05-30;4;6;92640;38063;48.7;20.0
32;2021-05-31;1412;625;94052;38688;49.5;20.4
32;2021-06-01;565;2887;94617;41575;49.8;21.9
32;2021-06-02;1577;1355;96194;42930;50.6;22.6
32;2021-06-03;397;2087;96591;45017;50.8;23.7
32;2021-06-04;1837;830;98428;45847;51.8;24.1
32;2021-06-05;208;1661;98636;47508;51.9;25.0
32;2021-06-06;8;14;98644;47522;51.9;25.0
32;2021-06-07;101;418;98745;47940;52.0;25.2
32;2021-06-08;661;2540;99406;50480;52.3;26.6
32;2021-06-09;1191;1052;100597;51532;52.9;27.1
32;2021-06-10;683;1216;101280;52748;53.3;27.8
32;2021-06-11;927;661;102207;53409;53.8;28.1
32;2021-06-12;151;2678;102358;56087;53.9;29.5
32;2021-06-13;1;1;102359;56088;53.9;29.5
32;2021-06-14;526;208;102885;56296;54.1;29.6
32;2021-06-15;1723;1026;104608;57322;55.0;30.2
32;2021-06-16;847;2775;105455;60097;55.5;31.6
32;2021-06-17;856;829;106311;60926;55.9;32.1
32;2021-06-18;313;2722;106624;63648;56.1;33.5
32;2021-06-19;913;436;107537;64084;56.6;33.7
32;2021-06-20;5;13;107542;64097;56.6;33.7
32;2021-06-21;68;1993;107610;66090;56.6;34.8
32;2021-06-22;1039;963;108649;67053;57.2;35.3
32;2021-06-23;511;2184;109160;69237;57.4;36.4
32;2021-06-24;522;518;109682;69755;57.7;36.7
32;2021-06-25;480;2358;110162;72113;58.0;37.9
32;2021-06-26;107;171;110269;72284;58.0;38.0
32;2021-06-27;2;5;110271;72289;58.0;38.0
32;2021-06-28;625;603;110896;72892;58.4;38.4
32;2021-06-29;799;1984;111695;74876;58.8;39.4
32;2021-06-30;755;2722;112450;77598;59.2;40.8
32;2021-07-01;537;2637;112987;80235;59.5;42.2
32;2021-07-02;637;2334;113624;82569;59.8;43.4
32;2021-07-03;479;508;114103;83077;60.0;43.7
32;2021-07-04;1;12;114104;83089;60.0;43.7
32;2021-07-05;67;390;114171;83479;60.1;43.9
32;2021-07-06;867;2074;115038;85553;60.5;45.0
32;2021-07-07;775;2749;115813;88302;60.9;46.5
32;2021-07-08;473;2263;116286;90565;61.2;47.7
32;2021-07-09;608;2221;116894;92786;61.5;48.8
32;2021-07-10;532;520;117426;93306;61.8;49.1
32;2021-07-11;0;5;117426;93311;61.8;49.1
32;2021-07-12;522;1238;117948;94549;62.1;49.8
32;2021-07-13;1685;1809;119633;96358;63.0;50.7
32;2021-07-14;481;32;120114;96390;63.2;50.7
32;2021-07-15;2084;869;122198;97259;64.3;51.2
32;2021-07-16;1161;1903;123359;99162;64.9;52.2
32;2021-07-17;76;127;123435;99289;65.0;52.2
32;2021-07-18;2;5;123437;99294;65.0;52.2
32;2021-07-19;1987;144;125424;99438;66.0;52.3
32;2021-07-20;2022;1249;127446;100687;67.1;53.0
32;2021-07-21;1604;1672;129050;102359;67.9;53.9
32;2021-07-22;1941;491;130991;102850;68.9;54.1
32;2021-07-23;1387;1711;132378;104561;69.7;55.0
32;2021-07-24;137;118;132515;104679;69.7;55.1
32;2021-07-25;33;10;132548;104689;69.7;55.1
33;2020-12-27;1;0;1;0;0.0;0.0
33;2020-12-28;1;0;2;0;0.0;0.0
33;2020-12-29;0;0;2;0;0.0;0.0
33;2020-12-30;0;0;2;0;0.0;0.0
33;2020-12-31;0;0;2;0;0.0;0.0
33;2021-01-01;0;0;2;0;0.0;0.0
33;2021-01-02;1;0;3;0;0.0;0.0
33;2021-01-03;0;0;3;0;0.0;0.0
33;2021-01-04;1;0;4;0;0.0;0.0
33;2021-01-05;0;0;4;0;0.0;0.0
33;2021-01-06;134;0;138;0;0.0;0.0
33;2021-01-07;1303;1;1441;1;0.1;0.0
33;2021-01-08;1199;2;2640;3;0.2;0.0
33;2021-01-09;296;1;2936;4;0.2;0.0
33;2021-01-10;229;0;3165;4;0.2;0.0
33;2021-01-11;624;0;3789;4;0.2;0.0
33;2021-01-12;1414;2;5203;6;0.3;0.0
33;2021-01-13;1313;8;6516;14;0.4;0.0
33;2021-01-14;1276;12;7792;26;0.5;0.0
33;2021-01-15;1596;9;9388;35;0.6;0.0
33;2021-01-16;565;8;9953;43;0.6;0.0
33;2021-01-17;405;4;10358;47;0.6;0.0
33;2021-01-18;1194;10;11552;57;0.7;0.0
33;2021-01-19;2919;3;14471;60;0.9;0.0
33;2021-01-20;3389;6;17860;66;1.1;0.0
33;2021-01-21;2854;5;20714;71;1.3;0.0
33;2021-01-22;2319;7;23033;78;1.4;0.0
33;2021-01-23;846;0;23879;78;1.5;0.0
33;2021-01-24;525;2;24404;80;1.5;0.0
33;2021-01-25;2167;61;26571;141;1.6;0.0
33;2021-01-26;2229;160;28800;301;1.8;0.0
33;2021-01-27;2248;210;31048;511;1.9;0.0
33;2021-01-28;2153;443;33201;954;2.0;0.1
33;2021-01-29;1813;694;35014;1648;2.1;0.1
33;2021-01-30;701;175;35715;1823;2.2;0.1
33;2021-01-31;387;157;36102;1980;2.2;0.1
33;2021-02-01;1454;654;37556;2634;2.3;0.2
33;2021-02-02;2640;1105;40196;3739;2.5;0.2
33;2021-02-03;2899;865;43095;4604;2.6;0.3
33;2021-02-04;4015;1350;47110;5954;2.9;0.4
33;2021-02-05;2184;1166;49294;7120;3.0;0.4
33;2021-02-06;642;201;49936;7321;3.1;0.4
33;2021-02-07;218;232;50154;7553;3.1;0.5
33;2021-02-08;1257;762;51411;8315;3.1;0.5
33;2021-02-09;1318;1692;52729;10007;3.2;0.6
33;2021-02-10;1256;1753;53985;11760;3.3;0.7
33;2021-02-11;1287;1449;55272;13209;3.4;0.8
33;2021-02-12;1115;1261;56387;14470;3.5;0.9
33;2021-02-13;196;294;56583;14764;3.5;0.9
33;2021-02-14;44;247;56627;15011;3.5;0.9
33;2021-02-15;687;1735;57314;16746;3.5;1.0
33;2021-02-16;803;2053;58117;18799;3.6;1.2
33;2021-02-17;664;2050;58781;20849;3.6;1.3
33;2021-02-18;897;2266;59678;23115;3.7;1.4
33;2021-02-19;915;2028;60593;25143;3.7;1.5
33;2021-02-20;74;660;60667;25803;3.7;1.6
33;2021-02-21;32;464;60699;26267;3.7;1.6
33;2021-02-22;703;1896;61402;28163;3.8;1.7
33;2021-02-23;1235;2749;62637;30912;3.8;1.9
33;2021-02-24;1360;2534;63997;33446;3.9;2.0
33;2021-02-25;2826;3758;66823;37204;4.1;2.3
33;2021-02-26;4053;2327;70876;39531;4.3;2.4
33;2021-02-27;1357;724;72233;40255;4.4;2.5
33;2021-02-28;123;521;72356;40776;4.4;2.5
33;2021-03-01;1530;1848;73886;42624;4.5;2.6
33;2021-03-02;2320;1749;76206;44373;4.7;2.7
33;2021-03-03;2295;1706;78501;46079;4.8;2.8
33;2021-03-04;3927;1668;82428;47747;5.0;2.9
33;2021-03-05;5752;1744;88180;49491;5.4;3.0
33;2021-03-06;3410;556;91590;50047;5.6;3.1
33;2021-03-07;737;156;92327;50203;5.7;3.1
33;2021-03-08;2706;1152;95033;51355;5.8;3.1
33;2021-03-09;4392;1334;99425;52689;6.1;3.2
33;2021-03-10;5113;1233;104538;53922;6.4;3.3
33;2021-03-11;7530;1220;112068;55142;6.9;3.4
33;2021-03-12;10104;1149;122172;56291;7.5;3.4
33;2021-03-13;5145;204;127317;56495;7.8;3.5
33;2021-03-14;710;20;128027;56515;7.8;3.5
33;2021-03-15;4432;676;132459;57191;8.1;3.5
33;2021-03-16;3578;871;136037;58062;8.3;3.6
33;2021-03-17;3625;933;139662;58995;8.6;3.6
33;2021-03-18;4028;1405;143690;60400;8.8;3.7
33;2021-03-19;6255;1000;149945;61400;9.2;3.8
33;2021-03-20;3355;92;153300;61492;9.4;3.8
33;2021-03-21;455;27;153755;61519;9.4;3.8
33;2021-03-22;4891;433;158646;61952;9.7;3.8
33;2021-03-23;6306;601;164952;62553;10.1;3.8
33;2021-03-24;7069;521;172021;63074;10.5;3.9
33;2021-03-25;8819;643;180840;63717;11.1;3.9
33;2021-03-26;10027;840;190867;64557;11.7;4.0
33;2021-03-27;3616;78;194483;64635;11.9;4.0
33;2021-03-28;576;32;195059;64667;11.9;4.0
33;2021-03-29;6754;690;201813;65357;12.4;4.0
33;2021-03-30;8086;1032;209899;66389;12.9;4.1
33;2021-03-31;7568;1051;217467;67440;13.3;4.1
33;2021-04-01;8802;1181;226269;68621;13.9;4.2
33;2021-04-02;8395;1541;234664;70162;14.4;4.3
33;2021-04-03;2828;520;237492;70682;14.5;4.3
33;2021-04-04;213;160;237705;70842;14.6;4.3
33;2021-04-05;686;122;238391;70964;14.6;4.3
33;2021-04-06;6037;2697;244428;73661;15.0;4.5
33;2021-04-07;7412;2556;251840;76217;15.4;4.7
33;2021-04-08;10312;2772;262152;78989;16.0;4.8
33;2021-04-09;12672;3073;274824;82062;16.8;5.0
33;2021-04-10;5344;1386;280168;83448;17.2;5.1
33;2021-04-11;999;351;281167;83799;17.2;5.1
33;2021-04-12;7412;3272;288579;87071;17.7;5.3
33;2021-04-13;9305;3466;297884;90537;18.2;5.5
33;2021-04-14;9025;3627;306909;94164;18.8;5.8
33;2021-04-15;10078;3856;316987;98020;19.4;6.0
33;2021-04-16;9708;4221;326695;102241;20.0;6.3
33;2021-04-17;4650;1656;331345;103897;20.3;6.4
33;2021-04-18;925;413;332270;104310;20.3;6.4
33;2021-04-19;5601;3836;337871;108146;20.7;6.6
33;2021-04-20;7282;4250;345153;112396;21.1;6.9
33;2021-04-21;6590;4347;351743;116743;21.5;7.1
33;2021-04-22;7340;4461;359083;121204;22.0;7.4
33;2021-04-23;7681;4782;366764;125986;22.5;7.7
33;2021-04-24;4491;1797;371255;127783;22.7;7.8
33;2021-04-25;1646;418;372901;128201;22.8;7.8
33;2021-04-26;5254;5080;378155;133281;23.2;8.2
33;2021-04-27;6562;5591;384717;138872;23.6;8.5
33;2021-04-28;6767;5561;391484;144433;24.0;8.8
33;2021-04-29;8402;6216;399886;150649;24.5;9.2
33;2021-04-30;8725;6138;408611;156787;25.0;9.6
33;2021-05-01;2895;511;411506;157298;25.2;9.6
33;2021-05-02;1834;343;413340;157641;25.3;9.7
33;2021-05-03;7007;5222;420347;162863;25.7;10.0
33;2021-05-04;6823;6660;427170;169523;26.2;10.4
33;2021-05-05;7133;7564;434303;177087;26.6;10.8
33;2021-05-06;8696;8229;442999;185316;27.1;11.3
33;2021-05-07;8594;8903;451593;194219;27.6;11.9
33;2021-05-08;3540;1594;455133;195813;27.9;12.0
33;2021-05-09;1114;966;456247;196779;27.9;12.0
33;2021-05-10;6868;7288;463115;204067;28.4;12.5
33;2021-05-11;8632;7815;471747;211882;28.9;13.0
33;2021-05-12;9171;6686;480918;218568;29.4;13.4
33;2021-05-13;5201;2106;486119;220674;29.8;13.5
33;2021-05-14;8123;5354;494242;226028;30.3;13.8
33;2021-05-15;5168;2871;499410;228899;30.6;14.0
33;2021-05-16;1837;804;501247;229703;30.7;14.1
33;2021-05-17;8855;5090;510102;234793;31.2;14.4
33;2021-05-18;10604;4862;520706;239655;31.9;14.7
33;2021-05-19;10893;4779;531599;244434;32.5;15.0
33;2021-05-20;10895;5584;542494;250018;33.2;15.3
33;2021-05-21;10915;6258;553409;256276;33.9;15.7
33;2021-05-22;5112;2749;558521;259025;34.2;15.9
33;2021-05-23;1743;381;560264;259406;34.3;15.9
33;2021-05-24;5407;992;565671;260398;34.6;15.9
33;2021-05-25;9374;5767;575045;266165;35.2;16.3
33;2021-05-26;9671;6021;584716;272186;35.8;16.7
33;2021-05-27;10900;7717;595616;279903;36.5;17.1
33;2021-05-28;10062;9536;605678;289439;37.1;17.7
33;2021-05-29;5037;4108;610715;293547;37.4;18.0
33;2021-05-30;1698;663;612413;294210;37.5;18.0
33;2021-05-31;8547;6426;620960;300636;38.0;18.4
33;2021-06-01;11787;8718;632747;309354;38.7;18.9
33;2021-06-02;11707;8210;644454;317564;39.5;19.4
33;2021-06-03;12695;9185;657149;326749;40.2;20.0
33;2021-06-04;12926;10941;670075;337690;41.0;20.7
33;2021-06-05;5265;5059;675340;342749;41.3;21.0
33;2021-06-06;2521;1192;677861;343941;41.5;21.1
33;2021-06-07;9751;8483;687612;352424;42.1;21.6
33;2021-06-08;11923;9445;699535;361869;42.8;22.2
33;2021-06-09;11756;8529;711291;370398;43.5;22.7
33;2021-06-10;12936;8373;724227;378771;44.3;23.2
33;2021-06-11;12497;11178;736724;389949;45.1;23.9
33;2021-06-12;6177;4475;742901;394424;45.5;24.1
33;2021-06-13;2611;1279;745512;395703;45.6;24.2
33;2021-06-14;8565;10148;754077;405851;46.2;24.8
33;2021-06-15;11998;10258;766075;416109;46.9;25.5
33;2021-06-16;12006;8850;778081;424959;47.6;26.0
33;2021-06-17;13046;9600;791127;434559;48.4;26.6
33;2021-06-18;11758;11435;802885;445994;49.2;27.3
33;2021-06-19;5598;4808;808483;450802;49.5;27.6
33;2021-06-20;2934;1466;811417;452268;49.7;27.7
33;2021-06-21;7828;10155;819245;462423;50.2;28.3
33;2021-06-22;9013;11085;828258;473508;50.7;29.0
33;2021-06-23;8600;10831;836858;484339;51.2;29.7
33;2021-06-24;9685;9968;846543;494307;51.8;30.3
33;2021-06-25;7996;13708;854539;508015;52.3;31.1
33;2021-06-26;4318;5919;858857;513934;52.6;31.5
33;2021-06-27;2454;1957;861311;515891;52.7;31.6
33;2021-06-28;4822;12790;866133;528681;53.0;32.4
33;2021-06-29;6393;13656;872526;542337;53.4;33.2
33;2021-06-30;6599;13390;879125;555727;53.8;34.0
33;2021-07-01;7927;11802;887052;567529;54.3;34.7
33;2021-07-02;6750;15113;893802;582642;54.7;35.7
33;2021-07-03;3146;6774;896948;589416;54.9;36.1
33;2021-07-04;2050;2373;898998;591789;55.0;36.2
33;2021-07-05;4289;12910;903287;604699;55.3;37.0
33;2021-07-06;6069;14609;909356;619308;55.7;37.9
33;2021-07-07;6643;13053;915999;632361;56.1;38.7
33;2021-07-08;7859;12745;923858;645106;56.6;39.5
33;2021-07-09;6289;15100;930147;660206;56.9;40.4
33;2021-07-10;3059;7155;933206;667361;57.1;40.9
33;2021-07-11;1829;2299;935035;669660;57.2;41.0
33;2021-07-12;3875;14707;938910;684367;57.5;41.9
33;2021-07-13;7076;16097;945986;700464;57.9;42.9
33;2021-07-14;3652;5305;949638;705769;58.1;43.2
33;2021-07-15;7510;15957;957148;721726;58.6;44.2
33;2021-07-16;8457;15130;965605;736856;59.1;45.1
33;2021-07-17;3084;6419;968689;743275;59.3;45.5
33;2021-07-18;1678;3201;970367;746476;59.4;45.7
33;2021-07-19;5767;15090;976134;761566;59.8;46.6
33;2021-07-20;7348;16108;983482;777674;60.2;47.6
33;2021-07-21;8281;14507;991763;792181;60.7;48.5
33;2021-07-22;9257;15075;1001020;807256;61.3;49.4
33;2021-07-23;9526;16307;1010546;823563;61.9;50.4
33;2021-07-24;3768;7537;1014314;831100;62.1;50.9
33;2021-07-25;2075;2654;1016389;833754;62.2;51.0
34;2020-12-27;0;0;0;0;0.0;0.0
34;2020-12-28;1;0;1;0;0.0;0.0
34;2020-12-29;0;0;1;0;0.0;0.0
34;2020-12-30;0;0;1;0;0.0;0.0
34;2020-12-31;0;0;1;0;0.0;0.0
34;2021-01-01;1;0;2;0;0.0;0.0
34;2021-01-02;2;0;4;0;0.0;0.0
34;2021-01-03;0;0;4;0;0.0;0.0
34;2021-01-04;21;0;25;0;0.0;0.0
34;2021-01-05;106;1;131;1;0.0;0.0
34;2021-01-06;198;1;329;2;0.0;0.0
34;2021-01-07;363;0;692;2;0.1;0.0
34;2021-01-08;606;0;1298;2;0.1;0.0
34;2021-01-09;244;0;1542;2;0.1;0.0
34;2021-01-10;93;1;1635;3;0.1;0.0
34;2021-01-11;559;1;2194;4;0.2;0.0
34;2021-01-12;1006;1;3200;5;0.3;0.0
34;2021-01-13;1097;6;4297;11;0.4;0.0
34;2021-01-14;1946;13;6243;24;0.5;0.0
34;2021-01-15;1467;5;7710;29;0.7;0.0
34;2021-01-16;330;6;8040;35;0.7;0.0
34;2021-01-17;233;0;8273;35;0.7;0.0
34;2021-01-18;1124;4;9397;39;0.8;0.0
34;2021-01-19;1609;7;11006;46;0.9;0.0
34;2021-01-20;2061;6;13067;52;1.1;0.0
34;2021-01-21;4202;8;17269;60;1.5;0.0
34;2021-01-22;2547;8;19816;68;1.7;0.0
34;2021-01-23;598;1;20414;69;1.7;0.0
34;2021-01-24;2;0;20416;69;1.7;0.0
34;2021-01-25;1242;5;21658;74;1.8;0.0
34;2021-01-26;1458;20;23116;94;2.0;0.0
34;2021-01-27;1466;23;24582;117;2.1;0.0
34;2021-01-28;1389;124;25971;241;2.2;0.0
34;2021-01-29;1257;136;27228;377;2.3;0.0
34;2021-01-30;479;25;27707;402;2.4;0.0
34;2021-01-31;2;0;27709;402;2.4;0.0
34;2021-02-01;1027;253;28736;655;2.4;0.1
34;2021-02-02;1453;446;30189;1101;2.6;0.1
34;2021-02-03;2638;527;32827;1628;2.8;0.1
34;2021-02-04;2302;886;35129;2514;3.0;0.2
34;2021-02-05;1887;1185;37016;3699;3.1;0.3
34;2021-02-06;484;242;37500;3941;3.2;0.3
34;2021-02-07;29;108;37529;4049;3.2;0.3
34;2021-02-08;860;1067;38389;5116;3.3;0.4
34;2021-02-09;1029;1312;39418;6428;3.4;0.5
34;2021-02-10;1287;1515;40705;7943;3.5;0.7
34;2021-02-11;1773;2713;42478;10656;3.6;0.9
34;2021-02-12;1910;1647;44388;12303;3.8;1.0
34;2021-02-13;353;513;44741;12816;3.8;1.1
34;2021-02-14;22;287;44763;13103;3.8;1.1
34;2021-02-15;665;1213;45428;14316;3.9;1.2
34;2021-02-16;666;1538;46094;15854;3.9;1.3
34;2021-02-17;710;1533;46804;17387;4.0;1.5
34;2021-02-18;834;1500;47638;18887;4.1;1.6
34;2021-02-19;817;1231;48455;20118;4.1;1.7
34;2021-02-20;299;485;48754;20603;4.1;1.8
34;2021-02-21;61;18;48815;20621;4.2;1.8
34;2021-02-22;629;1316;49444;21937;4.2;1.9
34;2021-02-23;560;1485;50004;23422;4.3;2.0
34;2021-02-24;929;2337;50933;25759;4.3;2.2
34;2021-02-25;1599;2277;52532;28036;4.5;2.4
34;2021-02-26;1848;1622;54380;29658;4.6;2.5
34;2021-02-27;701;433;55081;30091;4.7;2.6
34;2021-02-28;86;64;55167;30155;4.7;2.6
34;2021-03-01;925;1169;56092;31324;4.8;2.7
34;2021-03-02;1588;1289;57680;32613;4.9;2.8
34;2021-03-03;1827;1408;59507;34021;5.1;2.9
34;2021-03-04;2858;1618;62365;35639;5.3;3.0
34;2021-03-05;3674;1539;66039;37178;5.6;3.2
34;2021-03-06;2639;201;68678;37379;5.8;3.2
34;2021-03-07;1240;74;69918;37453;5.9;3.2
34;2021-03-08;2776;1008;72694;38461;6.2;3.3
34;2021-03-09;4008;1448;76702;39909;6.5;3.4
34;2021-03-10;3987;1329;80689;41238;6.9;3.5
34;2021-03-11;5424;1276;86113;42514;7.3;3.6
34;2021-03-12;6490;916;92603;43430;7.9;3.7
34;2021-03-13;3130;171;95733;43601;8.1;3.7
34;2021-03-14;999;53;96732;43654;8.2;3.7
34;2021-03-15;3291;556;100023;44210;8.5;3.8
34;2021-03-16;2900;652;102923;44862;8.8;3.8
34;2021-03-17;3301;717;106224;45579;9.0;3.9
34;2021-03-18;3441;900;109665;46479;9.3;4.0
34;2021-03-19;4687;776;114352;47255;9.7;4.0
34;2021-03-20;3133;54;117485;47309;10.0;4.0
34;2021-03-21;1989;53;119474;47362;10.2;4.0
34;2021-03-22;3678;459;123152;47821;10.5;4.1
34;2021-03-23;4950;526;128102;48347;10.9;4.1
34;2021-03-24;5205;630;133307;48977;11.3;4.2
34;2021-03-25;7187;701;140494;49678;11.9;4.2
34;2021-03-26;7161;559;147655;50237;12.6;4.3
34;2021-03-27;2366;73;150021;50310;12.8;4.3
34;2021-03-28;696;15;150717;50325;12.8;4.3
34;2021-03-29;4174;745;154891;51070;13.2;4.3
34;2021-03-30;5212;959;160103;52029;13.6;4.4
34;2021-03-31;5060;1190;165163;53219;14.0;4.5
34;2021-04-01;7024;991;172187;54210;14.6;4.6
34;2021-04-02;5816;1164;178003;55374;15.1;4.7
34;2021-04-03;1136;84;179139;55458;15.2;4.7
34;2021-04-04;162;5;179301;55463;15.2;4.7
34;2021-04-05;428;26;179729;55489;15.3;4.7
34;2021-04-06;3128;2453;182857;57942;15.5;4.9
34;2021-04-07;3381;2639;186238;60581;15.8;5.2
34;2021-04-08;5243;2815;191481;63396;16.3;5.4
34;2021-04-09;8061;2478;199542;65874;17.0;5.6
34;2021-04-10;3164;1360;202706;67234;17.2;5.7
34;2021-04-11;1711;803;204417;68037;17.4;5.8
34;2021-04-12;4473;2519;208890;70556;17.8;6.0
34;2021-04-13;5233;3042;214123;73598;18.2;6.3
34;2021-04-14;5613;3225;219736;76823;18.7;6.5
34;2021-04-15;6986;3147;226722;79970;19.3;6.8
34;2021-04-16;6565;3163;233287;83133;19.8;7.1
34;2021-04-17;2369;2063;235656;85196;20.0;7.2
34;2021-04-18;988;1714;236644;86910;20.1;7.4
34;2021-04-19;3417;3127;240061;90037;20.4;7.7
34;2021-04-20;3761;3668;243822;93705;20.7;8.0
34;2021-04-21;4237;3714;248059;97419;21.1;8.3
34;2021-04-22;4483;4608;252542;102027;21.5;8.7
34;2021-04-23;5354;3507;257896;105534;21.9;9.0
34;2021-04-24;3160;1571;261056;107105;22.2;9.1
34;2021-04-25;1920;640;262976;107745;22.4;9.2
34;2021-04-26;4211;3473;267187;111218;22.7;9.5
34;2021-04-27;5124;4016;272311;115234;23.2;9.8
34;2021-04-28;5755;3539;278066;118773;23.6;10.1
34;2021-04-29;6414;3930;284480;122703;24.2;10.4
34;2021-04-30;7860;3284;292340;125987;24.9;10.7
34;2021-05-01;2403;499;294743;126486;25.1;10.8
34;2021-05-02;3256;314;297999;126800;25.3;10.8
34;2021-05-03;6571;2889;304570;129689;25.9;11.0
34;2021-05-04;7109;3785;311679;133474;26.5;11.3
34;2021-05-05;6493;4524;318172;137998;27.1;11.7
34;2021-05-06;6939;5206;325111;143204;27.6;12.2
34;2021-05-07;6922;5679;332033;148883;28.2;12.7
34;2021-05-08;3603;1160;335636;150043;28.5;12.8
34;2021-05-09;2176;1287;337812;151330;28.7;12.9
34;2021-05-10;5856;4797;343668;156127;29.2;13.3
34;2021-05-11;7415;5314;351083;161441;29.9;13.7
34;2021-05-12;7741;4459;358824;165900;30.5;14.1
34;2021-05-13;6116;772;364940;166672;31.0;14.2
34;2021-05-14;7480;3725;372420;170397;31.7;14.5
34;2021-05-15;4865;1683;377285;172080;32.1;14.6
34;2021-05-16;4945;456;382230;172536;32.5;14.7
34;2021-05-17;8679;1980;390909;174516;33.2;14.8
34;2021-05-18;9132;1961;400041;176477;34.0;15.0
34;2021-05-19;8617;1798;408658;178275;34.7;15.2
34;2021-05-20;8862;2503;417520;180778;35.5;15.4
34;2021-05-21;8779;3218;426299;183996;36.2;15.6
34;2021-05-22;5786;1146;432085;185142;36.7;15.7
34;2021-05-23;3880;542;435965;185684;37.1;15.8
34;2021-05-24;1896;853;437861;186537;37.2;15.9
34;2021-05-25;7135;3806;444996;190343;37.8;16.2
34;2021-05-26;8310;3014;453306;193357;38.5;16.4
34;2021-05-27;8317;4289;461623;197646;39.2;16.8
34;2021-05-28;8039;5438;469662;203084;39.9;17.3
34;2021-05-29;4002;3102;473664;206186;40.3;17.5
34;2021-05-30;1987;1392;475651;207578;40.4;17.6
34;2021-05-31;5876;5243;481527;212821;40.9;18.1
34;2021-06-01;6938;6106;488465;218927;41.5;18.6
34;2021-06-02;6124;5804;494589;224731;42.1;19.1
34;2021-06-03;7708;6493;502297;231224;42.7;19.7
34;2021-06-04;7648;7591;509945;238815;43.4;20.3
34;2021-06-05;4133;3671;514078;242486;43.7;20.6
34;2021-06-06;3265;1864;517343;244350;44.0;20.8
34;2021-06-07;4410;6758;521753;251108;44.4;21.4
34;2021-06-08;5853;6814;527606;257922;44.9;21.9
34;2021-06-09;5816;6822;533422;264744;45.4;22.5
34;2021-06-10;6303;6867;539725;271611;45.9;23.1
34;2021-06-11;5389;9266;545114;280877;46.3;23.9
34;2021-06-12;3164;4718;548278;285595;46.6;24.3
34;2021-06-13;1075;1904;549353;287499;46.7;24.4
34;2021-06-14;3434;7809;552787;295308;47.0;25.1
34;2021-06-15;3936;8786;556723;304094;47.3;25.9
34;2021-06-16;4594;7845;561317;311939;47.7;26.5
34;2021-06-17;4201;7954;565518;319893;48.1;27.2
34;2021-06-18;4328;9317;569846;329210;48.5;28.0
34;2021-06-19;2727;4395;572573;333605;48.7;28.4
34;2021-06-20;884;2870;573457;336475;48.8;28.6
34;2021-06-21;2158;8550;575615;345025;48.9;29.3
34;2021-06-22;2962;9403;578577;354428;49.2;30.1
34;2021-06-23;3495;8961;582072;363389;49.5;30.9
34;2021-06-24;3529;8671;585601;372060;49.8;31.6
34;2021-06-25;3319;10431;588920;382491;50.1;32.5
34;2021-06-26;1629;6188;590549;388679;50.2;33.0
34;2021-06-27;303;4269;590852;392948;50.2;33.4
34;2021-06-28;2253;9437;593105;402385;50.4;34.2
34;2021-06-29;2658;10292;595763;412677;50.7;35.1
34;2021-06-30;3243;9533;599006;422210;50.9;35.9
34;2021-07-01;3398;9422;602404;431632;51.2;36.7
34;2021-07-02;3314;9734;605718;441366;51.5;37.5
34;2021-07-03;1652;6168;607370;447534;51.6;38.1
34;2021-07-04;306;2763;607676;450297;51.7;38.3
34;2021-07-05;3161;7996;610837;458293;51.9;39.0
34;2021-07-06;3387;9164;614224;467457;52.2;39.7
34;2021-07-07;3211;8625;617435;476082;52.5;40.5
34;2021-07-08;4215;8833;621650;484915;52.9;41.2
34;2021-07-09;3871;9320;625521;494235;53.2;42.0
34;2021-07-10;2089;5697;627610;499932;53.4;42.5
34;2021-07-11;917;2574;628527;502506;53.4;42.7
34;2021-07-12;2820;8955;631347;511461;53.7;43.5
34;2021-07-13;4504;9996;635851;521457;54.1;44.3
34;2021-07-14;734;342;636585;521799;54.1;44.4
34;2021-07-15;5760;10339;642345;532138;54.6;45.2
34;2021-07-16;5669;10650;648014;542788;55.1;46.1
34;2021-07-17;4431;4372;652445;547160;55.5;46.5
34;2021-07-18;215;185;652660;547345;55.5;46.5
34;2021-07-19;5012;8267;657672;555612;55.9;47.2
34;2021-07-20;6739;8326;664411;563938;56.5;47.9
34;2021-07-21;7451;7723;671862;571661;57.1;48.6
34;2021-07-22;7331;8088;679193;579749;57.7;49.3
34;2021-07-23;7676;8032;686869;587781;58.4;50.0
34;2021-07-24;5956;2979;692825;590760;58.9;50.2
34;2021-07-25;3167;510;695992;591270;59.2;50.3
35;2020-12-27;0;0;0;0;0.0;0.0
35;2020-12-28;0;0;0;0;0.0;0.0
35;2020-12-29;0;0;0;0;0.0;0.0
35;2020-12-30;0;0;0;0;0.0;0.0
35;2020-12-31;0;0;0;0;0.0;0.0
35;2021-01-01;2;0;2;0;0.0;0.0
35;2021-01-02;0;0;2;0;0.0;0.0
35;2021-01-03;0;0;2;0;0.0;0.0
35;2021-01-04;8;0;10;0;0.0;0.0
35;2021-01-05;108;0;118;0;0.0;0.0
35;2021-01-06;173;0;291;0;0.0;0.0
35;2021-01-07;438;1;729;1;0.1;0.0
35;2021-01-08;513;2;1242;3;0.1;0.0
35;2021-01-09;31;0;1273;3;0.1;0.0
35;2021-01-10;1;0;1274;3;0.1;0.0
35;2021-01-11;538;0;1812;3;0.2;0.0
35;2021-01-12;885;1;2697;4;0.2;0.0
35;2021-01-13;967;1;3664;5;0.3;0.0
35;2021-01-14;1255;17;4919;22;0.5;0.0
35;2021-01-15;725;2;5644;24;0.5;0.0
35;2021-01-16;186;2;5830;26;0.5;0.0
35;2021-01-17;43;0;5873;26;0.5;0.0
35;2021-01-18;1220;2;7093;28;0.7;0.0
35;2021-01-19;5366;9;12459;37;1.2;0.0
35;2021-01-20;3200;7;15659;44;1.4;0.0
35;2021-01-21;3624;5;19283;49;1.8;0.0
35;2021-01-22;2086;10;21369;59;2.0;0.0
35;2021-01-23;420;1;21789;60;2.0;0.0
35;2021-01-24;49;0;21838;60;2.0;0.0
35;2021-01-25;914;17;22752;77;2.1;0.0
35;2021-01-26;1127;136;23879;213;2.2;0.0
35;2021-01-27;1031;129;24910;342;2.3;0.0
35;2021-01-28;915;299;25825;641;2.4;0.1
35;2021-01-29;724;293;26549;934;2.5;0.1
35;2021-01-30;139;20;26688;954;2.5;0.1
35;2021-01-31;0;0;26688;954;2.5;0.1
35;2021-02-01;666;336;27354;1290;2.5;0.1
35;2021-02-02;721;490;28075;1780;2.6;0.2
35;2021-02-03;657;506;28732;2286;2.7;0.2
35;2021-02-04;588;657;29320;2943;2.7;0.3
35;2021-02-05;622;563;29942;3506;2.8;0.3
35;2021-02-06;165;5;30107;3511;2.8;0.3
35;2021-02-07;1;0;30108;3511;2.8;0.3
35;2021-02-08;445;659;30553;4170;2.8;0.4
35;2021-02-09;1713;3553;32266;7723;3.0;0.7
35;2021-02-10;1369;2707;33635;10430;3.1;1.0
35;2021-02-11;1915;3215;35550;13645;3.3;1.3
35;2021-02-12;1633;1740;37183;15385;3.4;1.4
35;2021-02-13;58;254;37241;15639;3.4;1.4
35;2021-02-14;7;68;37248;15707;3.4;1.5
35;2021-02-15;771;1103;38019;16810;3.5;1.6
35;2021-02-16;918;1029;38937;17839;3.6;1.6
35;2021-02-17;888;1100;39825;18939;3.7;1.8
35;2021-02-18;1015;1001;40840;19940;3.8;1.8
35;2021-02-19;1008;971;41848;20911;3.9;1.9
35;2021-02-20;142;49;41990;20960;3.9;1.9
35;2021-02-21;3;0;41993;20960;3.9;1.9
35;2021-02-22;772;833;42765;21793;4.0;2.0
35;2021-02-23;1286;863;44051;22656;4.1;2.1
35;2021-02-24;1403;817;45454;23473;4.2;2.2
35;2021-02-25;2243;779;47697;24252;4.4;2.2
35;2021-02-26;2597;731;50294;24983;4.6;2.3
35;2021-02-27;868;101;51162;25084;4.7;2.3
35;2021-02-28;6;0;51168;25084;4.7;2.3
35;2021-03-01;954;693;52122;25777;4.8;2.4
35;2021-03-02;1632;1994;53754;27771;5.0;2.6
35;2021-03-03;1906;965;55660;28736;5.1;2.7
35;2021-03-04;2913;1406;58573;30142;5.4;2.8
35;2021-03-05;3708;1323;62281;31465;5.8;2.9
35;2021-03-06;1338;86;63619;31551;5.9;2.9
35;2021-03-07;1;40;63620;31591;5.9;2.9
35;2021-03-08;1469;579;65089;32170;6.0;3.0
35;2021-03-09;3228;586;68317;32756;6.3;3.0
35;2021-03-10;2896;558;71213;33314;6.6;3.1
35;2021-03-11;4188;696;75401;34010;7.0;3.1
35;2021-03-12;6046;583;81447;34593;7.5;3.2
35;2021-03-13;2423;129;83870;34722;7.8;3.2
35;2021-03-14;17;25;83887;34747;7.8;3.2
35;2021-03-15;1963;666;85850;35413;7.9;3.3
35;2021-03-16;2499;723;88349;36136;8.2;3.3
35;2021-03-17;2384;597;90733;36733;8.4;3.4
35;2021-03-18;2327;595;93060;37328;8.6;3.4
35;2021-03-19;3539;495;96599;37823;8.9;3.5
35;2021-03-20;1532;109;98131;37932;9.1;3.5
35;2021-03-21;36;1;98167;37933;9.1;3.5
35;2021-03-22;1745;841;99912;38774;9.2;3.6
35;2021-03-23;3615;1174;103527;39948;9.6;3.7
35;2021-03-24;3719;987;107246;40935;9.9;3.8
35;2021-03-25;5328;983;112574;41918;10.4;3.9
35;2021-03-26;5836;803;118410;42721;10.9;3.9
35;2021-03-27;1413;204;119823;42925;11.1;4.0
35;2021-03-28;4;0;119827;42925;11.1;4.0
35;2021-03-29;2777;912;122604;43837;11.3;4.1
35;2021-03-30;4285;1330;126889;45167;11.7;4.2
35;2021-03-31;3462;1335;130351;46502;12.0;4.3
35;2021-04-01;4243;1228;134594;47730;12.4;4.4
35;2021-04-02;4859;1202;139453;48932;12.9;4.5
35;2021-04-03;761;214;140214;49146;13.0;4.5
35;2021-04-04;5;0;140219;49146;13.0;4.5
35;2021-04-05;18;1;140237;49147;13.0;4.5
35;2021-04-06;3267;2043;143504;51190;13.3;4.7
35;2021-04-07;3952;1843;147456;53033;13.6;4.9
35;2021-04-08;5801;1577;153257;54610;14.2;5.0
35;2021-04-09;7420;1403;160677;56013;14.8;5.2
35;2021-04-10;1854;248;162531;56261;15.0;5.2
35;2021-04-11;36;23;162567;56284;15.0;5.2
35;2021-04-12;5131;1596;167698;57880;15.5;5.3
35;2021-04-13;7612;2774;175310;60654;16.2;5.6
35;2021-04-14;6311;2292;181621;62946;16.8;5.8
35;2021-04-15;7558;2153;189179;65099;17.5;6.0
35;2021-04-16;8078;1731;197257;66830;18.2;6.2
35;2021-04-17;1568;217;198825;67047;18.4;6.2
35;2021-04-18;9;3;198834;67050;18.4;6.2
35;2021-04-19;4811;1670;203645;68720;18.8;6.4
35;2021-04-20;5157;2630;208802;71350;19.3;6.6
35;2021-04-21;5125;2196;213927;73546;19.8;6.8
35;2021-04-22;6416;2306;220343;75852;20.4;7.0
35;2021-04-23;6806;2340;227149;78192;21.0;7.2
35;2021-04-24;1125;261;228274;78453;21.1;7.3
35;2021-04-25;3;16;228277;78469;21.1;7.3
35;2021-04-26;5088;2147;233365;80616;21.6;7.5
35;2021-04-27;6082;3197;239447;83813;22.1;7.7
35;2021-04-28;6169;2555;245616;86368;22.7;8.0
35;2021-04-29;7112;2744;252728;89112;23.4;8.2
35;2021-04-30;7547;2523;260275;91635;24.1;8.5
35;2021-05-01;616;237;260891;91872;24.1;8.5
35;2021-05-02;12;21;260903;91893;24.1;8.5
35;2021-05-03;5309;2324;266212;94217;24.6;8.7
35;2021-05-04;5079;5329;271291;99546;25.1;9.2
35;2021-05-05;4875;4437;276166;103983;25.5;9.6
35;2021-05-06;6160;5261;282326;109244;26.1;10.1
35;2021-05-07;5603;5247;287929;114491;26.6;10.6
35;2021-05-08;1720;135;289649;114626;26.8;10.6
35;2021-05-09;695;75;290344;114701;26.8;10.6
35;2021-05-10;3713;4960;294057;119661;27.2;11.1
35;2021-05-11;4759;5796;298816;125457;27.6;11.6
35;2021-05-12;5273;5494;304089;130951;28.1;12.1
35;2021-05-13;2689;1426;306778;132377;28.4;12.2
35;2021-05-14;5454;4280;312232;136657;28.9;12.6
35;2021-05-15;2926;715;315158;137372;29.1;12.7
35;2021-05-16;994;60;316152;137432;29.2;12.7
35;2021-05-17;4479;3885;320631;141317;29.6;13.1
35;2021-05-18;5831;4321;326462;145638;30.2;13.5
35;2021-05-19;5861;3616;332323;149254;30.7;13.8
35;2021-05-20;6436;4010;338759;153264;31.3;14.2
35;2021-05-21;6127;4762;344886;158026;31.9;14.6
35;2021-05-22;2111;738;346997;158764;32.1;14.7
35;2021-05-23;686;46;347683;158810;32.1;14.7
35;2021-05-24;3202;1294;350885;160104;32.4;14.8
35;2021-05-25;5539;4271;356424;164375;32.9;15.2
35;2021-05-26;5717;4160;362141;168535;33.5;15.6
35;2021-05-27;6521;4777;368662;173312;34.1;16.0
35;2021-05-28;6328;5578;374990;178890;34.7;16.5
35;2021-05-29;2872;1147;377862;180037;34.9;16.6
35;2021-05-30;876;39;378738;180076;35.0;16.6
35;2021-05-31;6306;4386;385044;184462;35.6;17.0
35;2021-06-01;7364;5117;392408;189579;36.3;17.5
35;2021-06-02;7202;3786;399610;193365;36.9;17.9
35;2021-06-03;8149;4988;407759;198353;37.7;18.3
35;2021-06-04;7268;7465;415027;205818;38.4;19.0
35;2021-06-05;4138;1577;419165;207395;38.7;19.2
35;2021-06-06;3051;148;422216;207543;39.0;19.2
35;2021-06-07;5774;5770;427990;213313;39.6;19.7
35;2021-06-08;7590;5944;435580;219257;40.3;20.3
35;2021-06-09;8451;4816;444031;224073;41.0;20.7
35;2021-06-10;9328;4739;453359;228812;41.9;21.1
35;2021-06-11;8631;7468;461990;236280;42.7;21.8
35;2021-06-12;4685;1204;466675;237484;43.1;21.9
35;2021-06-13;3383;222;470058;237706;43.4;22.0
35;2021-06-14;6214;6509;476272;244215;44.0;22.6
35;2021-06-15;7467;6952;483739;251167;44.7;23.2
35;2021-06-16;8288;5622;492027;256789;45.5;23.7
35;2021-06-17;8846;5898;500873;262687;46.3;24.3
35;2021-06-18;8649;8098;509522;270785;47.1;25.0
35;2021-06-19;1497;2509;511019;273294;47.2;25.3
35;2021-06-20;2948;882;513967;274176;47.5;25.3
35;2021-06-21;5864;6374;519831;280550;48.0;25.9
35;2021-06-22;6753;7498;526584;288048;48.7;26.6
35;2021-06-23;7179;6142;533763;294190;49.3;27.2
35;2021-06-24;8300;5906;542063;300096;50.1;27.7
35;2021-06-25;6572;8461;548635;308557;50.7;28.5
35;2021-06-26;1093;3083;549728;311640;50.8;28.8
35;2021-06-27;2624;1026;552352;312666;51.0;28.9
35;2021-06-28;4254;7768;556606;320434;51.4;29.6
35;2021-06-29;5035;7982;561641;328416;51.9;30.4
35;2021-06-30;5545;7893;567186;336309;52.4;31.1
35;2021-07-01;6427;7541;573613;343850;53.0;31.8
35;2021-07-02;5287;9861;578900;353711;53.5;32.7
35;2021-07-03;1065;2842;579965;356553;53.6;33.0
35;2021-07-04;2142;1551;582107;358104;53.8;33.1
35;2021-07-05;3688;8212;585795;366316;54.1;33.9
35;2021-07-06;4702;9471;590497;375787;54.6;34.7
35;2021-07-07;4969;8336;595466;384123;55.0;35.5
35;2021-07-08;5283;8489;600749;392612;55.5;36.3
35;2021-07-09;3839;11542;604588;404154;55.9;37.3
35;2021-07-10;879;3147;605467;407301;56.0;37.6
35;2021-07-11;1290;2359;606757;409660;56.1;37.9
35;2021-07-12;3029;9155;609786;418815;56.4;38.7
35;2021-07-13;3937;10741;613723;429556;56.7;39.7
35;2021-07-14;2134;4449;615857;434005;56.9;40.1
35;2021-07-15;4236;10175;620093;444180;57.3;41.0
35;2021-07-16;4668;10995;624761;455175;57.7;42.1
35;2021-07-17;1967;4063;626728;459238;57.9;42.4
35;2021-07-18;841;2569;627569;461807;58.0;42.7
35;2021-07-19;3222;8973;630791;470780;58.3;43.5
35;2021-07-20;4172;10585;634963;481365;58.7;44.5
35;2021-07-21;4265;9366;639228;490731;59.1;45.4
35;2021-07-22;4761;9650;643989;500381;59.5;46.2
35;2021-07-23;4498;10989;648487;511370;59.9;47.3
35;2021-07-24;1576;4262;650063;515632;60.1;47.7
35;2021-07-25;809;2836;650872;518468;60.2;47.9
36;2020-12-27;0;0;0;0;0.0;0.0
36;2020-12-28;0;0;0;0;0.0;0.0
36;2020-12-29;0;0;0;0;0.0;0.0
36;2020-12-30;0;0;0;0;0.0;0.0
36;2020-12-31;0;0;0;0;0.0;0.0
36;2021-01-01;0;0;0;0;0.0;0.0
36;2021-01-02;0;0;0;0;0.0;0.0
36;2021-01-03;0;0;0;0;0.0;0.0
36;2021-01-04;0;0;0;0;0.0;0.0
36;2021-01-05;0;0;0;0;0.0;0.0
36;2021-01-06;23;0;23;0;0.0;0.0
36;2021-01-07;51;0;74;0;0.0;0.0
36;2021-01-08;111;0;185;0;0.1;0.0
36;2021-01-09;83;0;268;0;0.1;0.0
36;2021-01-10;142;0;410;0;0.2;0.0
36;2021-01-11;238;1;648;1;0.3;0.0
36;2021-01-12;282;0;930;1;0.4;0.0
36;2021-01-13;198;1;1128;2;0.5;0.0
36;2021-01-14;505;4;1633;6;0.8;0.0
36;2021-01-15;179;1;1812;7;0.8;0.0
36;2021-01-16;24;0;1836;7;0.8;0.0
36;2021-01-17;16;2;1852;9;0.9;0.0
36;2021-01-18;613;5;2465;14;1.1;0.0
36;2021-01-19;1156;3;3621;17;1.7;0.0
36;2021-01-20;1096;3;4717;20;2.2;0.0
36;2021-01-21;720;0;5437;20;2.5;0.0
36;2021-01-22;856;4;6293;24;2.9;0.0
36;2021-01-23;295;0;6588;24;3.0;0.0
36;2021-01-24;185;1;6773;25;3.1;0.0
36;2021-01-25;640;4;7413;29;3.4;0.0
36;2021-01-26;609;1;8022;30;3.7;0.0
36;2021-01-27;846;18;8868;48;4.1;0.0
36;2021-01-28;477;47;9345;95;4.3;0.0
36;2021-01-29;573;98;9918;193;4.6;0.1
36;2021-01-30;288;73;10206;266;4.7;0.1
36;2021-01-31;115;136;10321;402;4.8;0.2
36;2021-02-01;378;100;10699;502;4.9;0.2
36;2021-02-02;410;175;11109;677;5.1;0.3
36;2021-02-03;471;264;11580;941;5.3;0.4
36;2021-02-04;275;280;11855;1221;5.5;0.6
36;2021-02-05;302;164;12157;1385;5.6;0.6
36;2021-02-06;0;0;12157;1385;5.6;0.6
36;2021-02-07;1;0;12158;1385;5.6;0.6
36;2021-02-08;280;259;12438;1644;5.7;0.8
36;2021-02-09;327;609;12765;2253;5.9;1.0
36;2021-02-10;487;658;13252;2911;6.1;1.3
36;2021-02-11;385;600;13637;3511;6.3;1.6
36;2021-02-12;301;461;13938;3972;6.4;1.8
36;2021-02-13;126;83;14064;4055;6.5;1.9
36;2021-02-14;22;45;14086;4100;6.5;1.9
36;2021-02-15;42;576;14128;4676;6.5;2.2
36;2021-02-16;105;419;14233;5095;6.6;2.3
36;2021-02-17;117;626;14350;5721;6.6;2.6
36;2021-02-18;162;620;14512;6341;6.7;2.9
36;2021-02-19;181;541;14693;6882;6.8;3.2
36;2021-02-20;85;239;14778;7121;6.8;3.3
36;2021-02-21;87;157;14865;7278;6.8;3.4
36;2021-02-22;162;507;15027;7785;6.9;3.6
36;2021-02-23;62;575;15089;8360;6.9;3.9
36;2021-02-24;112;683;15201;9043;7.0;4.2
36;2021-02-25;251;283;15452;9326;7.1;4.3
36;2021-02-26;339;474;15791;9800;7.3;4.5
36;2021-02-27;70;278;15861;10078;7.3;4.6
36;2021-02-28;14;98;15875;10176;7.3;4.7
36;2021-03-01;218;343;16093;10519;7.4;4.8
36;2021-03-02;352;362;16445;10881;7.6;5.0
36;2021-03-03;393;530;16838;11411;7.8;5.3
36;2021-03-04;662;356;17500;11767;8.1;5.4
36;2021-03-05;799;295;18299;12062;8.4;5.6
36;2021-03-06;410;16;18709;12078;8.6;5.6
36;2021-03-07;340;7;19049;12085;8.8;5.6
36;2021-03-08;251;315;19300;12400;8.9;5.7
36;2021-03-09;446;268;19746;12668;9.1;5.8
36;2021-03-10;718;409;20464;13077;9.4;6.0
36;2021-03-11;837;241;21301;13318;9.8;6.1
36;2021-03-12;1444;288;22745;13606;10.5;6.3
36;2021-03-13;573;123;23318;13729;10.7;6.3
36;2021-03-14;113;0;23431;13729;10.8;6.3
36;2021-03-15;648;156;24079;13885;11.1;6.4
36;2021-03-16;447;65;24526;13950;11.3;6.4
36;2021-03-17;764;88;25290;14038;11.6;6.5
36;2021-03-18;414;70;25704;14108;11.8;6.5
36;2021-03-19;736;39;26440;14147;12.2;6.5
36;2021-03-20;451;24;26891;14171;12.4;6.5
36;2021-03-21;0;0;26891;14171;12.4;6.5
36;2021-03-22;496;58;27387;14229;12.6;6.6
36;2021-03-23;777;56;28164;14285;13.0;6.6
36;2021-03-24;1088;73;29252;14358;13.5;6.6
36;2021-03-25;1333;86;30585;14444;14.1;6.7
36;2021-03-26;1419;151;32004;14595;14.7;6.7
36;2021-03-27;475;42;32479;14637;15.0;6.7
36;2021-03-28;68;57;32547;14694;15.0;6.8
36;2021-03-29;461;183;33008;14877;15.2;6.9
36;2021-03-30;582;264;33590;15141;15.5;7.0
36;2021-03-31;1258;167;34848;15308;16.0;7.0
36;2021-04-01;1084;428;35932;15736;16.5;7.2
36;2021-04-02;964;136;36896;15872;17.0;7.3
36;2021-04-03;282;174;37178;16046;17.1;7.4
36;2021-04-04;42;2;37220;16048;17.1;7.4
36;2021-04-05;15;46;37235;16094;17.1;7.4
36;2021-04-06;821;362;38056;16456;17.5;7.6
36;2021-04-07;1073;537;39129;16993;18.0;7.8
36;2021-04-08;1347;476;40476;17469;18.6;8.0
36;2021-04-09;1937;398;42413;17867;19.5;8.2
36;2021-04-10;593;240;43006;18107;19.8;8.3
36;2021-04-11;256;89;43262;18196;19.9;8.4
36;2021-04-12;849;560;44111;18756;20.3;8.6
36;2021-04-13;1138;518;45249;19274;20.8;8.9
36;2021-04-14;1582;859;46831;20133;21.6;9.3
36;2021-04-15;1653;465;48484;20598;22.3;9.5
36;2021-04-16;1488;466;49972;21064;23.0;9.7
36;2021-04-17;892;247;50864;21311;23.4;9.8
36;2021-04-18;383;7;51247;21318;23.6;9.8
36;2021-04-19;874;440;52121;21758;24.0;10.0
36;2021-04-20;1145;520;53266;22278;24.5;10.3
36;2021-04-21;1240;875;54506;23153;25.1;10.7
36;2021-04-22;1592;865;56098;24018;25.8;11.1
36;2021-04-23;1326;613;57424;24631;26.4;11.3
36;2021-04-24;678;377;58102;25008;26.8;11.5
36;2021-04-25;413;95;58515;25103;26.9;11.6
36;2021-04-26;1133;446;59648;25549;27.5;11.8
36;2021-04-27;1280;551;60928;26100;28.1;12.0
36;2021-04-28;1490;1059;62418;27159;28.7;12.5
36;2021-04-29;2015;704;64433;27863;29.7;12.8
36;2021-04-30;1553;452;65986;28315;30.4;13.0
36;2021-05-01;724;63;66710;28378;30.7;13.1
36;2021-05-02;498;61;67208;28439;31.0;13.1
36;2021-05-03;1292;306;68500;28745;31.5;13.2
36;2021-05-04;780;807;69280;29552;31.9;13.6
36;2021-05-05;1281;1307;70561;30859;32.5;14.2
36;2021-05-06;2137;792;72698;31651;33.5;14.6
36;2021-05-07;1467;764;74165;32415;34.2;14.9
36;2021-05-08;306;104;74471;32519;34.3;15.0
36;2021-05-09;175;343;74646;32862;34.4;15.1
36;2021-05-10;1215;811;75861;33673;34.9;15.5
36;2021-05-11;1723;1238;77584;34911;35.7;16.1
36;2021-05-12;1813;1476;79397;36387;36.6;16.8
36;2021-05-13;548;304;79945;36691;36.8;16.9
36;2021-05-14;700;1037;80645;37728;37.1;17.4
36;2021-05-15;634;590;81279;38318;37.4;17.6
36;2021-05-16;337;377;81616;38695;37.6;17.8
36;2021-05-17;614;944;82230;39639;37.9;18.3
36;2021-05-18;874;938;83104;40577;38.3;18.7
36;2021-05-19;1332;844;84436;41421;38.9;19.1
36;2021-05-20;1610;1210;86046;42631;39.6;19.6
36;2021-05-21;1106;1069;87152;43700;40.1;20.1
36;2021-05-22;678;342;87830;44042;40.4;20.3
36;2021-05-23;425;294;88255;44336;40.6;20.4
36;2021-05-24;505;468;88760;44804;40.9;20.6
36;2021-05-25;1045;685;89805;45489;41.4;20.9
36;2021-05-26;1473;1165;91278;46654;42.0;21.5
36;2021-05-27;1398;976;92676;47630;42.7;21.9
36;2021-05-28;921;1481;93597;49111;43.1;22.6
36;2021-05-29;700;507;94297;49618;43.4;22.9
36;2021-05-30;110;573;94407;50191;43.5;23.1
36;2021-05-31;1137;762;95544;50953;44.0;23.5
36;2021-06-01;1409;824;96953;51777;44.7;23.8
36;2021-06-02;2059;612;99012;52389;45.6;24.1
36;2021-06-03;1895;1197;100907;53586;46.5;24.7
36;2021-06-04;1773;1046;102680;54632;47.3;25.2
36;2021-06-05;690;655;103370;55287;47.6;25.5
36;2021-06-06;336;272;103706;55559;47.8;25.6
36;2021-06-07;982;808;104688;56367;48.2;26.0
36;2021-06-08;957;979;105645;57346;48.7;26.4
36;2021-06-09;1672;1066;107317;58412;49.4;26.9
36;2021-06-10;1533;1374;108850;59786;50.1;27.5
36;2021-06-11;1288;1499;110138;61285;50.7;28.2
36;2021-06-12;919;780;111057;62065;51.1;28.6
36;2021-06-13;343;270;111400;62335;51.3;28.7
36;2021-06-14;604;1270;112004;63605;51.6;29.3
36;2021-06-15;730;1215;112734;64820;51.9;29.9
36;2021-06-16;901;1520;113635;66340;52.3;30.6
36;2021-06-17;748;1905;114383;68245;52.7;31.4
36;2021-06-18;703;1882;115086;70127;53.0;32.3
36;2021-06-19;293;395;115379;70522;53.1;32.5
36;2021-06-20;235;325;115614;70847;53.2;32.6
36;2021-06-21;683;1451;116297;72298;53.6;33.3
36;2021-06-22;839;1549;117136;73847;53.9;34.0
36;2021-06-23;772;1794;117908;75641;54.3;34.8
36;2021-06-24;850;1524;118758;77165;54.7;35.5
36;2021-06-25;938;1221;119696;78386;55.1;36.1
36;2021-06-26;322;601;120018;78987;55.3;36.4
36;2021-06-27;104;267;120122;79254;55.3;36.5
36;2021-06-28;695;929;120817;80183;55.6;36.9
36;2021-06-29;682;1460;121499;81643;56.0;37.6
36;2021-06-30;826;2159;122325;83802;56.3;38.6
36;2021-07-01;350;1087;122675;84889;56.5;39.1
36;2021-07-02;737;1849;123412;86738;56.8;39.9
36;2021-07-03;465;884;123877;87622;57.0;40.4
36;2021-07-04;183;327;124060;87949;57.1;40.5
36;2021-07-05;491;1334;124551;89283;57.4;41.1
36;2021-07-06;491;1221;125042;90504;57.6;41.7
36;2021-07-07;577;1795;125619;92299;57.9;42.5
36;2021-07-08;540;1702;126159;94001;58.1;43.3
36;2021-07-09;776;1655;126935;95656;58.5;44.1
36;2021-07-10;464;1120;127399;96776;58.7;44.6
36;2021-07-11;256;154;127655;96930;58.8;44.6
36;2021-07-12;326;1632;127981;98562;58.9;45.4
36;2021-07-13;308;1938;128289;100500;59.1;46.3
36;2021-07-14;375;763;128664;101263;59.3;46.6
36;2021-07-15;912;2168;129576;103431;59.7;47.6
36;2021-07-16;625;1878;130201;105309;60.0;48.5
36;2021-07-17;396;859;130597;106168;60.1;48.9
36;2021-07-18;194;407;130791;106575;60.2;49.1
36;2021-07-19;549;1458;131340;108033;60.5;49.8
36;2021-07-20;776;1406;132116;109439;60.8;50.4
36;2021-07-21;702;1972;132818;111411;61.2;51.3
36;2021-07-22;1116;1683;133934;113094;61.7;52.1
36;2021-07-23;960;1737;134894;114831;62.1;52.9
36;2021-07-24;605;798;135499;115629;62.4;53.3
36;2021-07-25;147;402;135646;116031;62.5;53.4
37;2020-12-27;0;0;0;0;0.0;0.0
37;2020-12-28;17;0;17;0;0.0;0.0
37;2020-12-29;10;0;27;0;0.0;0.0
37;2020-12-30;0;0;27;0;0.0;0.0
37;2020-12-31;0;0;27;0;0.0;0.0
37;2021-01-01;0;0;27;0;0.0;0.0
37;2021-01-02;0;0;27;0;0.0;0.0
37;2021-01-03;0;0;27;0;0.0;0.0
37;2021-01-04;21;0;48;0;0.0;0.0
37;2021-01-05;47;0;95;0;0.0;0.0
37;2021-01-06;79;0;174;0;0.0;0.0
37;2021-01-07;115;0;289;0;0.0;0.0
37;2021-01-08;442;0;731;0;0.1;0.0
37;2021-01-09;79;0;810;0;0.1;0.0
37;2021-01-10;83;0;893;0;0.1;0.0
37;2021-01-11;280;0;1173;0;0.2;0.0
37;2021-01-12;657;4;1830;4;0.3;0.0
37;2021-01-13;560;1;2390;5;0.4;0.0
37;2021-01-14;521;3;2911;8;0.5;0.0
37;2021-01-15;626;1;3537;9;0.6;0.0
37;2021-01-16;301;2;3838;11;0.6;0.0
37;2021-01-17;262;1;4100;12;0.7;0.0
37;2021-01-18;733;8;4833;20;0.8;0.0
37;2021-01-19;1243;10;6076;30;1.0;0.0
37;2021-01-20;1038;3;7114;33;1.2;0.0
37;2021-01-21;854;0;7968;33;1.3;0.0
37;2021-01-22;767;1;8735;34;1.4;0.0
37;2021-01-23;172;0;8907;34;1.5;0.0
37;2021-01-24;0;0;8907;34;1.5;0.0
37;2021-01-25;535;12;9442;46;1.6;0.0
37;2021-01-26;1812;65;11254;111;1.9;0.0
37;2021-01-27;1520;75;12774;186;2.1;0.0
37;2021-01-28;1528;92;14302;278;2.4;0.0
37;2021-01-29;630;309;14932;587;2.5;0.1
37;2021-01-30;202;64;15134;651;2.5;0.1
37;2021-01-31;15;65;15149;716;2.5;0.1
37;2021-02-01;332;200;15481;916;2.6;0.2
37;2021-02-02;522;529;16003;1445;2.6;0.2
37;2021-02-03;661;355;16664;1800;2.8;0.3
37;2021-02-04;546;411;17210;2211;2.8;0.4
37;2021-02-05;465;443;17675;2654;2.9;0.4
37;2021-02-06;189;2;17864;2656;3.0;0.4
37;2021-02-07;20;1;17884;2657;3.0;0.4
37;2021-02-08;330;329;18214;2986;3.0;0.5
37;2021-02-09;625;723;18839;3709;3.1;0.6
37;2021-02-10;663;513;19502;4222;3.2;0.7
37;2021-02-11;611;561;20113;4783;3.3;0.8
37;2021-02-12;489;553;20602;5336;3.4;0.9
37;2021-02-13;154;207;20756;5543;3.4;0.9
37;2021-02-14;1;71;20757;5614;3.4;0.9
37;2021-02-15;426;489;21183;6103;3.5;1.0
37;2021-02-16;842;1453;22025;7556;3.6;1.2
37;2021-02-17;633;1375;22658;8931;3.7;1.5
37;2021-02-18;898;1417;23556;10348;3.9;1.7
37;2021-02-19;793;841;24349;11189;4.0;1.8
37;2021-02-20;245;212;24594;11401;4.1;1.9
37;2021-02-21;5;1;24599;11402;4.1;1.9
37;2021-02-22;338;575;24937;11977;4.1;2.0
37;2021-02-23;604;631;25541;12608;4.2;2.1
37;2021-02-24;571;619;26112;13227;4.3;2.2
37;2021-02-25;874;613;26986;13840;4.5;2.3
37;2021-02-26;1113;579;28099;14419;4.6;2.4
37;2021-02-27;583;186;28682;14605;4.7;2.4
37;2021-02-28;23;0;28705;14605;4.7;2.4
37;2021-03-01;603;361;29308;14966;4.8;2.5
37;2021-03-02;1090;540;30398;15506;5.0;2.6
37;2021-03-03;970;548;31368;16054;5.2;2.7
37;2021-03-04;1603;478;32971;16532;5.4;2.7
37;2021-03-05;2128;554;35099;17086;5.8;2.8
37;2021-03-06;1165;205;36264;17291;6.0;2.9
37;2021-03-07;471;62;36735;17353;6.1;2.9
37;2021-03-08;666;404;37401;17757;6.2;2.9
37;2021-03-09;1651;702;39052;18459;6.5;3.0
37;2021-03-10;1607;745;40659;19204;6.7;3.2
37;2021-03-11;2045;695;42704;19899;7.1;3.3
37;2021-03-12;3207;463;45911;20362;7.6;3.4
37;2021-03-13;1951;188;47862;20550;7.9;3.4
37;2021-03-14;206;4;48068;20554;7.9;3.4
37;2021-03-15;1068;249;49136;20803;8.1;3.4
37;2021-03-16;1048;526;50184;21329;8.3;3.5
37;2021-03-17;934;276;51118;21605;8.4;3.6
37;2021-03-18;1031;525;52149;22130;8.6;3.7
37;2021-03-19;2215;333;54364;22463;9.0;3.7
37;2021-03-20;1331;139;55695;22602;9.2;3.7
37;2021-03-21;202;4;55897;22606;9.2;3.7
37;2021-03-22;1287;241;57184;22847;9.4;3.8
37;2021-03-23;2250;564;59434;23411;9.8;3.9
37;2021-03-24;2244;456;61678;23867;10.2;3.9
37;2021-03-25;2978;445;64656;24312;10.7;4.0
37;2021-03-26;3524;397;68180;24709;11.3;4.1
37;2021-03-27;1172;125;69352;24834;11.5;4.1
37;2021-03-28;139;1;69491;24835;11.5;4.1
37;2021-03-29;1601;341;71092;25176;11.7;4.2
37;2021-03-30;2522;619;73614;25795;12.2;4.3
37;2021-03-31;2045;483;75659;26278;12.5;4.3
37;2021-04-01;2600;968;78259;27246;12.9;4.5
37;2021-04-02;2813;661;81072;27907;13.4;4.6
37;2021-04-03;816;220;81888;28127;13.5;4.6
37;2021-04-04;101;1;81989;28128;13.5;4.6
37;2021-04-05;3;0;81992;28128;13.5;4.6
37;2021-04-06;2233;778;84225;28906;13.9;4.8
37;2021-04-07;3166;855;87391;29761;14.4;4.9
37;2021-04-08;4037;964;91428;30725;15.1;5.1
37;2021-04-09;4538;935;95966;31660;15.9;5.2
37;2021-04-10;1326;427;97292;32087;16.1;5.3
37;2021-04-11;104;1;97396;32088;16.1;5.3
37;2021-04-12;2639;670;100035;32758;16.5;5.4
37;2021-04-13;4110;1148;104145;33906;17.2;5.6
37;2021-04-14;3042;899;107187;34805;17.7;5.7
37;2021-04-15;3753;1007;110940;35812;18.3;5.9
37;2021-04-16;4356;1211;115296;37023;19.0;6.1
37;2021-04-17;1147;217;116443;37240;19.2;6.2
37;2021-04-18;95;2;116538;37242;19.3;6.2
37;2021-04-19;2481;846;119019;38088;19.7;6.3
37;2021-04-20;3235;1329;122254;39417;20.2;6.5
37;2021-04-21;2930;1158;125184;40575;20.7;6.7
37;2021-04-22;3456;1396;128640;41971;21.2;6.9
37;2021-04-23;3686;1798;132326;43769;21.9;7.2
37;2021-04-24;1005;386;133331;44155;22.0;7.3
37;2021-04-25;45;2;133376;44157;22.0;7.3
37;2021-04-26;2968;1329;136344;45486;22.5;7.5
37;2021-04-27;4182;1802;140526;47288;23.2;7.8
37;2021-04-28;3460;1935;143986;49223;23.8;8.1
37;2021-04-29;4579;2011;148565;51234;24.5;8.5
37;2021-04-30;5055;1978;153620;53212;25.4;8.8
37;2021-05-01;639;209;154259;53421;25.5;8.8
37;2021-05-02;103;15;154362;53436;25.5;8.8
37;2021-05-03;2670;1940;157032;55376;25.9;9.1
37;2021-05-04;3734;2695;160766;58071;26.6;9.6
37;2021-05-05;3496;2079;164262;60150;27.1;9.9
37;2021-05-06;4993;1944;169255;62094;28.0;10.3
37;2021-05-07;4685;2879;173940;64973;28.7;10.7
37;2021-05-08;532;312;174472;65285;28.8;10.8
37;2021-05-09;63;41;174535;65326;28.8;10.8
37;2021-05-10;2161;3488;176696;68814;29.2;11.4
37;2021-05-11;3866;3876;180562;72690;29.8;12.0
37;2021-05-12;4031;2536;184593;75226;30.5;12.4
37;2021-05-13;1135;518;185728;75744;30.7;12.5
37;2021-05-14;4044;2680;189772;78424;31.3;13.0
37;2021-05-15;2320;743;192092;79167;31.7;13.1
37;2021-05-16;22;71;192114;79238;31.7;13.1
37;2021-05-17;2763;2057;194877;81295;32.2;13.4
37;2021-05-18;3872;2352;198749;83647;32.8;13.8
37;2021-05-19;3494;1797;202243;85444;33.4;14.1
37;2021-05-20;4748;1774;206991;87218;34.2;14.4
37;2021-05-21;4526;2566;211517;89784;34.9;14.8
37;2021-05-22;1074;752;212591;90536;35.1;15.0
37;2021-05-23;71;89;212662;90625;35.1;15.0
37;2021-05-24;511;106;213173;90731;35.2;15.0
37;2021-05-25;5119;2172;218292;92903;36.1;15.3
37;2021-05-26;4929;2085;223221;94988;36.9;15.7
37;2021-05-27;5986;2369;229207;97357;37.9;16.1
37;2021-05-28;6023;3261;235230;100618;38.9;16.6
37;2021-05-29;1517;1166;236747;101784;39.1;16.8
37;2021-05-30;55;159;236802;101943;39.1;16.8
37;2021-05-31;3648;2529;240450;104472;39.7;17.3
37;2021-06-01;5843;3621;246293;108093;40.7;17.9
37;2021-06-02;5072;2449;251365;110542;41.5;18.3
37;2021-06-03;6085;2883;257450;113425;42.5;18.7
37;2021-06-04;5507;4200;262957;117625;43.4;19.4
37;2021-06-05;1855;1305;264812;118930;43.7;19.6
37;2021-06-06;49;196;264861;119126;43.8;19.7
37;2021-06-07;3019;4166;267880;123292;44.2;20.4
37;2021-06-08;4198;4655;272078;127947;44.9;21.1
37;2021-06-09;3882;3568;275960;131515;45.6;21.7
37;2021-06-10;5259;3616;281219;135131;46.5;22.3
37;2021-06-11;4974;4835;286193;139966;47.3;23.1
37;2021-06-12;3552;1346;289745;141312;47.9;23.3
37;2021-06-13;15;164;289760;141476;47.9;23.4
37;2021-06-14;2667;4043;292427;145519;48.3;24.0
37;2021-06-15;3895;4767;296322;150286;48.9;24.8
37;2021-06-16;3254;3599;299576;153885;49.5;25.4
37;2021-06-17;4000;4497;303576;158382;50.1;26.2
37;2021-06-18;4699;5069;308275;163451;50.9;27.0
37;2021-06-19;2515;1100;310790;164551;51.3;27.2
37;2021-06-20;7;183;310797;164734;51.3;27.2
37;2021-06-21;2413;3827;313210;168561;51.7;27.8
37;2021-06-22;2958;5014;316168;173575;52.2;28.7
37;2021-06-23;2610;3645;318778;177220;52.7;29.3
37;2021-06-24;2849;3542;321627;180762;53.1;29.9
37;2021-06-25;3291;4877;324918;185639;53.7;30.7
37;2021-06-26;1231;3085;326149;188724;53.9;31.2
37;2021-06-27;23;142;326172;188866;53.9;31.2
37;2021-06-28;1693;4519;327865;193385;54.2;31.9
37;2021-06-29;1882;6230;329747;199615;54.5;33.0
37;2021-06-30;1845;4441;331592;204056;54.8;33.7
37;2021-07-01;2083;4804;333675;208860;55.1;34.5
37;2021-07-02;2667;5592;336342;214452;55.6;35.4
37;2021-07-03;941;2139;337283;216591;55.7;35.8
37;2021-07-04;3;104;337286;216695;55.7;35.8
37;2021-07-05;1665;5150;338951;221845;56.0;36.6
37;2021-07-06;1978;6769;340929;228614;56.3;37.8
37;2021-07-07;1935;5467;342864;234081;56.6;38.7
37;2021-07-08;2437;6667;345301;240748;57.0;39.8
37;2021-07-09;1967;7644;347268;248392;57.4;41.0
37;2021-07-10;1010;2617;348278;251009;57.5;41.5
37;2021-07-11;25;96;348303;251105;57.5;41.5
37;2021-07-12;1118;5981;349421;257086;57.7;42.5
37;2021-07-13;1603;7827;351024;264913;58.0;43.8
37;2021-07-14;522;405;351546;265318;58.1;43.8
37;2021-07-15;2597;7486;354143;272804;58.5;45.1
37;2021-07-16;2752;7802;356895;280606;59.0;46.4
37;2021-07-17;1199;2441;358094;283047;59.2;46.8
37;2021-07-18;50;53;358144;283100;59.2;46.8
37;2021-07-19;1640;6123;359784;289223;59.4;47.8
37;2021-07-20;2901;7053;362685;296276;59.9;48.9
37;2021-07-21;2964;5765;365649;302041;60.4;49.9
37;2021-07-22;4019;6515;369668;308556;61.1;51.0
37;2021-07-23;3773;7085;373441;315641;61.7;52.1
37;2021-07-24;1760;3287;375201;318928;62.0;52.7
37;2021-07-25;65;76;375266;319004;62.0;52.7
38;2020-12-27;0;0;0;0;0.0;0.0
38;2020-12-28;0;0;0;0;0.0;0.0
38;2020-12-29;0;0;0;0;0.0;0.0
38;2020-12-30;0;0;0;0;0.0;0.0
38;2020-12-31;5;0;5;0;0.0;0.0
38;2021-01-01;1;0;6;0;0.0;0.0
38;2021-01-02;0;0;6;0;0.0;0.0
38;2021-01-03;0;0;6;0;0.0;0.0
38;2021-01-04;162;0;168;0;0.0;0.0
38;2021-01-05;257;1;425;1;0.0;0.0
38;2021-01-06;364;0;789;1;0.1;0.0
38;2021-01-07;636;1;1425;2;0.1;0.0
38;2021-01-08;693;0;2118;2;0.2;0.0
38;2021-01-09;30;0;2148;2;0.2;0.0
38;2021-01-10;0;0;2148;2;0.2;0.0
38;2021-01-11;798;2;2946;4;0.2;0.0
38;2021-01-12;1468;2;4414;6;0.3;0.0
38;2021-01-13;1072;4;5486;10;0.4;0.0
38;2021-01-14;1675;15;7161;25;0.6;0.0
38;2021-01-15;1671;6;8832;31;0.7;0.0
38;2021-01-16;306;2;9138;33;0.7;0.0
38;2021-01-17;3;0;9141;33;0.7;0.0
38;2021-01-18;1175;4;10316;37;0.8;0.0
38;2021-01-19;2234;5;12550;42;1.0;0.0
38;2021-01-20;1877;2;14427;44;1.1;0.0
38;2021-01-21;1620;6;16047;50;1.3;0.0
38;2021-01-22;1396;7;17443;57;1.4;0.0
38;2021-01-23;379;3;17822;60;1.4;0.0
38;2021-01-24;1;0;17823;60;1.4;0.0
38;2021-01-25;788;108;18611;168;1.5;0.0
38;2021-01-26;854;183;19465;351;1.5;0.0
38;2021-01-27;1088;278;20553;629;1.6;0.0
38;2021-01-28;1153;479;21706;1108;1.7;0.1
38;2021-01-29;947;380;22653;1488;1.8;0.1
38;2021-01-30;304;1;22957;1489;1.8;0.1
38;2021-01-31;0;0;22957;1489;1.8;0.1
38;2021-02-01;703;598;23660;2087;1.9;0.2
38;2021-02-02;968;965;24628;3052;1.9;0.2
38;2021-02-03;1230;695;25858;3747;2.0;0.3
38;2021-02-04;1278;973;27136;4720;2.1;0.4
38;2021-02-05;1397;847;28533;5567;2.3;0.4
38;2021-02-06;186;95;28719;5662;2.3;0.4
38;2021-02-07;0;48;28719;5710;2.3;0.5
38;2021-02-08;859;799;29578;6509;2.3;0.5
38;2021-02-09;1540;1310;31118;7819;2.5;0.6
38;2021-02-10;1576;1283;32694;9102;2.6;0.7
38;2021-02-11;1868;1152;34562;10254;2.7;0.8
38;2021-02-12;1508;1123;36070;11377;2.9;0.9
38;2021-02-13;467;188;36537;11565;2.9;0.9
38;2021-02-14;1;7;36538;11572;2.9;0.9
38;2021-02-15;974;941;37512;12513;3.0;1.0
38;2021-02-16;1380;978;38892;13491;3.1;1.1
38;2021-02-17;1370;1065;40262;14556;3.2;1.2
38;2021-02-18;1780;1067;42042;15623;3.3;1.2
38;2021-02-19;1254;866;43296;16489;3.4;1.3
38;2021-02-20;470;313;43766;16802;3.5;1.3
38;2021-02-21;0;0;43766;16802;3.5;1.3
38;2021-02-22;1074;908;44840;17710;3.5;1.4
38;2021-02-23;1539;948;46379;18658;3.7;1.5
38;2021-02-24;1728;1129;48107;19787;3.8;1.6
38;2021-02-25;2491;1046;50598;20833;4.0;1.6
38;2021-02-26;3302;970;53900;21803;4.3;1.7
38;2021-02-27;1510;425;55410;22228;4.4;1.8
38;2021-02-28;33;1;55443;22229;4.4;1.8
38;2021-03-01;2479;768;57922;22997;4.6;1.8
38;2021-03-02;4045;1044;61967;24041;4.9;1.9
38;2021-03-03;3342;1215;65309;25256;5.2;2.0
38;2021-03-04;4477;1360;69786;26616;5.5;2.1
38;2021-03-05;5227;1179;75013;27795;5.9;2.2
38;2021-03-06;3040;249;78053;28044;6.2;2.2
38;2021-03-07;112;1;78165;28045;6.2;2.2
38;2021-03-08;2425;898;80590;28943;6.4;2.3
38;2021-03-09;4024;1293;84614;30236;6.7;2.4
38;2021-03-10;3497;1063;88111;31299;7.0;2.5
38;2021-03-11;5137;1506;93248;32805;7.4;2.6
38;2021-03-12;7084;1128;100332;33933;7.9;2.7
38;2021-03-13;3769;197;104101;34130;8.2;2.7
38;2021-03-14;544;12;104645;34142;8.3;2.7
38;2021-03-15;2697;996;107342;35138;8.5;2.8
38;2021-03-16;2080;1371;109422;36509;8.7;2.9
38;2021-03-17;2022;1201;111444;37710;8.8;3.0
38;2021-03-18;2636;1361;114080;39071;9.0;3.1
38;2021-03-19;4004;1050;118084;40121;9.3;3.2
38;2021-03-20;1821;233;119905;40354;9.5;3.2
38;2021-03-21;128;8;120033;40362;9.5;3.2
38;2021-03-22;2859;1001;122892;41363;9.7;3.3
38;2021-03-23;4772;1493;127664;42856;10.1;3.4
38;2021-03-24;3706;1569;131370;44425;10.4;3.5
38;2021-03-25;5785;1528;137155;45953;10.8;3.6
38;2021-03-26;6597;1729;143752;47682;11.4;3.8
38;2021-03-27;2509;744;146261;48426;11.6;3.8
38;2021-03-28;926;37;147187;48463;11.6;3.8
38;2021-03-29;2671;1855;149858;50318;11.8;4.0
38;2021-03-30;4560;2536;154418;52854;12.2;4.2
38;2021-03-31;3657;2224;158075;55078;12.5;4.4
38;2021-04-01;5126;2486;163201;57564;12.9;4.6
38;2021-04-02;3864;2518;167065;60082;13.2;4.7
38;2021-04-03;1415;939;168480;61021;13.3;4.8
38;2021-04-04;425;46;168905;61067;13.4;4.8
38;2021-04-05;2170;330;171075;61397;13.5;4.9
38;2021-04-06;4341;2390;175416;63787;13.9;5.0
38;2021-04-07;4411;2719;179827;66506;14.2;5.3
38;2021-04-08;5640;2649;185467;69155;14.7;5.5
38;2021-04-09;8546;2714;194013;71869;15.3;5.7
38;2021-04-10;3597;1459;197610;73328;15.6;5.8
38;2021-04-11;1046;99;198656;73427;15.7;5.8
38;2021-04-12;4192;2251;202848;75678;16.0;6.0
38;2021-04-13;6118;2463;208966;78141;16.5;6.2
38;2021-04-14;5109;2452;214075;80593;16.9;6.4
38;2021-04-15;6356;2740;220431;83333;17.4;6.6
38;2021-04-16;6212;2719;226643;86052;17.9;6.8
38;2021-04-17;2586;984;229229;87036;18.1;6.9
38;2021-04-18;1332;72;230561;87108;18.2;6.9
38;2021-04-19;3938;2809;234499;89917;18.5;7.1
38;2021-04-20;5417;2836;239916;92753;19.0;7.3
38;2021-04-21;4974;2682;244890;95435;19.4;7.5
38;2021-04-22;5773;2810;250663;98245;19.8;7.8
38;2021-04-23;6025;2780;256688;101025;20.3;8.0
38;2021-04-24;2662;1338;259350;102363;20.5;8.1
38;2021-04-25;804;592;260154;102955;20.6;8.1
38;2021-04-26;4480;2450;264634;105405;20.9;8.3
38;2021-04-27;6037;2703;270671;108108;21.4;8.5
38;2021-04-28;6191;2479;276862;110587;21.9;8.7
38;2021-04-29;8325;3035;285187;113622;22.5;9.0
38;2021-04-30;7670;4031;292857;117653;23.2;9.3
38;2021-05-01;1540;196;294397;117849;23.3;9.3
38;2021-05-02;841;72;295238;117921;23.3;9.3
38;2021-05-03;5293;3569;300531;121490;23.8;9.6
38;2021-05-04;6185;5047;306716;126537;24.2;10.0
38;2021-05-05;6057;4575;312773;131112;24.7;10.4
38;2021-05-06;6709;5273;319482;136385;25.3;10.8
38;2021-05-07;7263;6422;326745;142807;25.8;11.3
38;2021-05-08;3718;702;330463;143509;26.1;11.3
38;2021-05-09;2849;1930;333312;145439;26.3;11.5
38;2021-05-10;6148;5272;339460;150711;26.8;11.9
38;2021-05-11;8218;5989;347678;156700;27.5;12.4
38;2021-05-12;9041;4668;356719;161368;28.2;12.8
38;2021-05-13;6630;1407;363349;162775;28.7;12.9
38;2021-05-14;9558;3402;372907;166177;29.5;13.1
38;2021-05-15;6848;1450;379755;167627;30.0;13.3
38;2021-05-16;5475;651;385230;168278;30.5;13.3
38;2021-05-17;7665;2976;392895;171254;31.1;13.5
38;2021-05-18;8612;4002;401507;175256;31.7;13.9
38;2021-05-19;8141;3332;409648;178588;32.4;14.1
38;2021-05-20;8970;4456;418618;183044;33.1;14.5
38;2021-05-21;9952;4586;428570;187630;33.9;14.8
38;2021-05-22;7448;1903;436018;189533;34.5;15.0
38;2021-05-23;5581;574;441599;190107;34.9;15.0
38;2021-05-24;7494;1619;449093;191726;35.5;15.2
38;2021-05-25;9532;4838;458625;196564;36.3;15.5
38;2021-05-26;8108;4709;466733;201273;36.9;15.9
38;2021-05-27;9128;5634;475861;206907;37.6;16.4
38;2021-05-28;8775;6475;484636;213382;38.3;16.9
38;2021-05-29;5813;3259;490449;216641;38.8;17.1
38;2021-05-30;2689;1595;493138;218236;39.0;17.3
38;2021-05-31;8265;5115;501403;223351;39.6;17.7
38;2021-06-01;7934;6409;509337;229760;40.3;18.2
38;2021-06-02;7106;5601;516443;235361;40.8;18.6
38;2021-06-03;7387;6818;523830;242179;41.4;19.1
38;2021-06-04;8103;7607;531933;249786;42.1;19.7
38;2021-06-05;5794;3939;537727;253725;42.5;20.1
38;2021-06-06;2500;1461;540227;255186;42.7;20.2
38;2021-06-07;5551;6851;545778;262037;43.1;20.7
38;2021-06-08;5873;7524;551651;269561;43.6;21.3
38;2021-06-09;5040;6461;556691;276022;44.0;21.8
38;2021-06-10;5407;6780;562098;282802;44.4;22.4
38;2021-06-11;5875;7778;567973;290580;44.9;23.0
38;2021-06-12;3946;3255;571919;293835;45.2;23.2
38;2021-06-13;1250;1305;573169;295140;45.3;23.3
38;2021-06-14;3866;7660;577035;302800;45.6;23.9
38;2021-06-15;5230;8145;582265;310945;46.0;24.6
38;2021-06-16;5115;7396;587380;318341;46.4;25.2
38;2021-06-17;4494;7056;591874;325397;46.8;25.7
38;2021-06-18;6025;9213;597899;334610;47.3;26.5
38;2021-06-19;3591;4964;601490;339574;47.5;26.8
38;2021-06-20;1035;2902;602525;342476;47.6;27.1
38;2021-06-21;3737;8692;606262;351168;47.9;27.8
38;2021-06-22;3776;10093;610038;361261;48.2;28.6
38;2021-06-23;3137;9555;613175;370816;48.5;29.3
38;2021-06-24;3363;8592;616538;379408;48.7;30.0
38;2021-06-25;3757;11489;620295;390897;49.0;30.9
38;2021-06-26;2211;7858;622506;398755;49.2;31.5
38;2021-06-27;1093;4355;623599;403110;49.3;31.9
38;2021-06-28;2602;10315;626201;413425;49.5;32.7
38;2021-06-29;3575;10436;629776;423861;49.8;33.5
38;2021-06-30;3718;9942;633494;433803;50.1;34.3
38;2021-07-01;3224;9012;636718;442815;50.3;35.0
38;2021-07-02;3520;11617;640238;454432;50.6;35.9
38;2021-07-03;1690;8781;641928;463213;50.7;36.6
38;2021-07-04;1191;3204;643119;466417;50.8;36.9
38;2021-07-05;2586;10538;645705;476955;51.0;37.7
38;2021-07-06;3268;10238;648973;487193;51.3;38.5
38;2021-07-07;3283;9402;652256;496595;51.6;39.3
38;2021-07-08;3441;8226;655697;504821;51.8;39.9
38;2021-07-09;3518;10742;659215;515563;52.1;40.8
38;2021-07-10;2330;7795;661545;523358;52.3;41.4
38;2021-07-11;747;2018;662292;525376;52.4;41.5
38;2021-07-12;3355;10652;665647;536028;52.6;42.4
38;2021-07-13;6478;10892;672125;546920;53.1;43.2
38;2021-07-14;4556;3321;676681;550241;53.5;43.5
38;2021-07-15;8587;9639;685268;559880;54.2;44.3
38;2021-07-16;8656;10662;693924;570542;54.9;45.1
38;2021-07-17;4650;7453;698574;577995;55.2;45.7
38;2021-07-18;2554;2483;701128;580478;55.4;45.9
38;2021-07-19;5764;9198;706892;589676;55.9;46.6
38;2021-07-20;6167;8272;713059;597948;56.4;47.3
38;2021-07-21;7794;7998;720853;605946;57.0;47.9
38;2021-07-22;7491;6949;728344;612895;57.6;48.5
38;2021-07-23;8812;8955;737156;621850;58.3;49.2
38;2021-07-24;5511;5490;742667;627340;58.7;49.6
38;2021-07-25;2796;1622;745463;628962;58.9;49.7
39;2020-12-27;0;0;0;0;0.0;0.0
39;2020-12-28;0;0;0;0;0.0;0.0
39;2020-12-29;0;0;0;0;0.0;0.0
39;2020-12-30;0;0;0;0;0.0;0.0
39;2020-12-31;0;0;0;0;0.0;0.0
39;2021-01-01;0;0;0;0;0.0;0.0
39;2021-01-02;0;0;0;0;0.0;0.0
39;2021-01-03;0;0;0;0;0.0;0.0
39;2021-01-04;3;0;3;0;0.0;0.0
39;2021-01-05;3;0;6;0;0.0;0.0
39;2021-01-06;56;0;62;0;0.0;0.0
39;2021-01-07;330;2;392;2;0.2;0.0
39;2021-01-08;653;1;1045;3;0.4;0.0
39;2021-01-09;169;0;1214;3;0.5;0.0
39;2021-01-10;1;0;1215;3;0.5;0.0
39;2021-01-11;476;1;1691;4;0.7;0.0
39;2021-01-12;431;1;2122;5;0.8;0.0
39;2021-01-13;408;2;2530;7;1.0;0.0
39;2021-01-14;573;3;3103;10;1.2;0.0
39;2021-01-15;470;1;3573;11;1.4;0.0
39;2021-01-16;141;1;3714;12;1.4;0.0
39;2021-01-17;0;1;3714;13;1.4;0.0
39;2021-01-18;924;7;4638;20;1.8;0.0
39;2021-01-19;1181;4;5819;24;2.3;0.0
39;2021-01-20;905;5;6724;29;2.6;0.0
39;2021-01-21;1177;2;7901;31;3.1;0.0
39;2021-01-22;985;1;8886;32;3.4;0.0
39;2021-01-23;382;1;9268;33;3.6;0.0
39;2021-01-24;0;0;9268;33;3.6;0.0
39;2021-01-25;642;2;9910;35;3.8;0.0
39;2021-01-26;1120;12;11030;47;4.3;0.0
39;2021-01-27;925;17;11955;64;4.6;0.0
39;2021-01-28;738;244;12693;308;4.9;0.1
39;2021-01-29;583;423;13276;731;5.1;0.3
39;2021-01-30;265;109;13541;840;5.3;0.3
39;2021-01-31;1;0;13542;840;5.3;0.3
39;2021-02-01;561;262;14103;1102;5.5;0.4
39;2021-02-02;753;322;14856;1424;5.8;0.6
39;2021-02-03;531;516;15387;1940;6.0;0.8
39;2021-02-04;553;462;15940;2402;6.2;0.9
39;2021-02-05;438;431;16378;2833;6.4;1.1
39;2021-02-06;265;109;16643;2942;6.5;1.1
39;2021-02-07;0;1;16643;2943;6.5;1.1
39;2021-02-08;321;372;16964;3315;6.6;1.3
39;2021-02-09;383;485;17347;3800;6.7;1.5
39;2021-02-10;250;338;17597;4138;6.8;1.6
39;2021-02-11;586;510;18183;4648;7.1;1.8
39;2021-02-12;386;415;18569;5063;7.2;2.0
39;2021-02-13;97;67;18666;5130;7.2;2.0
39;2021-02-14;0;0;18666;5130;7.2;2.0
39;2021-02-15;99;760;18765;5890;7.3;2.3
39;2021-02-16;99;912;18864;6802;7.3;2.6
39;2021-02-17;58;695;18922;7497;7.3;2.9
39;2021-02-18;109;859;19031;8356;7.4;3.2
39;2021-02-19;100;487;19131;8843;7.4;3.4
39;2021-02-20;18;364;19149;9207;7.4;3.6
39;2021-02-21;0;0;19149;9207;7.4;3.6
39;2021-02-22;100;730;19249;9937;7.5;3.9
39;2021-02-23;4;764;19253;10701;7.5;4.2
39;2021-02-24;125;872;19378;11573;7.5;4.5
39;2021-02-25;209;751;19587;12324;7.6;4.8
39;2021-02-26;218;468;19805;12792;7.7;5.0
39;2021-02-27;169;298;19974;13090;7.7;5.1
39;2021-02-28;1;0;19975;13090;7.7;5.1
39;2021-03-01;218;639;20193;13729;7.8;5.3
39;2021-03-02;327;826;20520;14555;8.0;5.6
39;2021-03-03;599;523;21119;15078;8.2;5.8
39;2021-03-04;657;473;21776;15551;8.4;6.0
39;2021-03-05;669;325;22445;15876;8.7;6.2
39;2021-03-06;777;242;23222;16118;9.0;6.3
39;2021-03-07;241;79;23463;16197;9.1;6.3
39;2021-03-08;286;439;23749;16636;9.2;6.5
39;2021-03-09;842;453;24591;17089;9.5;6.6
39;2021-03-10;985;333;25576;17422;9.9;6.8
39;2021-03-11;828;459;26404;17881;10.2;6.9
39;2021-03-12;805;283;27209;18164;10.6;7.0
39;2021-03-13;787;99;27996;18263;10.9;7.1
39;2021-03-14;35;10;28031;18273;10.9;7.1
39;2021-03-15;512;91;28543;18364;11.1;7.1
39;2021-03-16;554;60;29097;18424;11.3;7.1
39;2021-03-17;612;52;29709;18476;11.5;7.2
39;2021-03-18;595;65;30304;18541;11.8;7.2
39;2021-03-19;392;70;30696;18611;11.9;7.2
39;2021-03-20;311;8;31007;18619;12.0;7.2
39;2021-03-21;3;0;31010;18619;12.0;7.2
39;2021-03-22;754;114;31764;18733;12.3;7.3
39;2021-03-23;1130;38;32894;18771;12.8;7.3
39;2021-03-24;1178;89;34072;18860;13.2;7.3
39;2021-03-25;2041;112;36113;18972;14.0;7.4
39;2021-03-26;797;109;36910;19081;14.3;7.4
39;2021-03-27;345;4;37255;19085;14.4;7.4
39;2021-03-28;36;4;37291;19089;14.5;7.4
39;2021-03-29;1036;188;38327;19277;14.9;7.5
39;2021-03-30;1401;264;39728;19541;15.4;7.6
39;2021-03-31;658;514;40386;20055;15.7;7.8
39;2021-04-01;1309;303;41695;20358;16.2;7.9
39;2021-04-02;625;127;42320;20485;16.4;7.9
39;2021-04-03;180;6;42500;20491;16.5;7.9
39;2021-04-04;4;1;42504;20492;16.5;7.9
39;2021-04-05;1;0;42505;20492;16.5;7.9
39;2021-04-06;824;630;43329;21122;16.8;8.2
39;2021-04-07;1129;673;44458;21795;17.2;8.5
39;2021-04-08;1789;562;46247;22357;17.9;8.7
39;2021-04-09;1676;282;47923;22639;18.6;8.8
39;2021-04-10;344;179;48267;22818;18.7;8.8
39;2021-04-11;2;0;48269;22818;18.7;8.8
39;2021-04-12;679;393;48948;23211;19.0;9.0
39;2021-04-13;1202;574;50150;23785;19.4;9.2
39;2021-04-14;844;634;50994;24419;19.8;9.5
39;2021-04-15;1480;707;52474;25126;20.4;9.7
39;2021-04-16;1090;171;53564;25297;20.8;9.8
39;2021-04-17;196;58;53760;25355;20.8;9.8
39;2021-04-18;0;0;53760;25355;20.8;9.8
39;2021-04-19;524;699;54284;26054;21.1;10.1
39;2021-04-20;765;540;55049;26594;21.3;10.3
39;2021-04-21;1142;714;56191;27308;21.8;10.6
39;2021-04-22;1012;1132;57203;28440;22.2;11.0
39;2021-04-23;455;356;57658;28796;22.4;11.2
39;2021-04-24;275;147;57933;28943;22.5;11.2
39;2021-04-25;12;2;57945;28945;22.5;11.2
39;2021-04-26;568;1032;58513;29977;22.7;11.6
39;2021-04-27;788;981;59301;30958;23.0;12.0
39;2021-04-28;1719;412;61020;31370;23.7;12.2
39;2021-04-29;2571;961;63591;32331;24.7;12.5
39;2021-04-30;2475;380;66066;32711;25.6;12.7
39;2021-05-01;41;53;66107;32764;25.6;12.7
39;2021-05-02;0;0;66107;32764;25.6;12.7
39;2021-05-03;917;804;67024;33568;26.0;13.0
39;2021-05-04;949;1126;67973;34694;26.4;13.5
39;2021-05-05;1952;885;69925;35579;27.1;13.8
39;2021-05-06;2426;1333;72351;36912;28.1;14.3
39;2021-05-07;1287;570;73638;37482;28.6;14.5
39;2021-05-08;178;54;73816;37536;28.6;14.6
39;2021-05-09;10;5;73826;37541;28.6;14.6
39;2021-05-10;1762;842;75588;38383;29.3;14.9
39;2021-05-11;1772;1510;77360;39893;30.0;15.5
39;2021-05-12;1799;1474;79159;41367;30.7;16.0
39;2021-05-13;246;23;79405;41390;30.8;16.1
39;2021-05-14;2392;325;81797;41715;31.7;16.2
39;2021-05-15;1848;256;83645;41971;32.4;16.3
39;2021-05-16;0;0;83645;41971;32.4;16.3
39;2021-05-17;1990;722;85635;42693;33.2;16.6
39;2021-05-18;1691;1183;87326;43876;33.9;17.0
39;2021-05-19;2497;555;89823;44431;34.8;17.2
39;2021-05-20;2466;752;92289;45183;35.8;17.5
39;2021-05-21;1798;560;94087;45743;36.5;17.7
39;2021-05-22;323;220;94410;45963;36.6;17.8
39;2021-05-23;7;36;94417;45999;36.6;17.8
39;2021-05-24;8;28;94425;46027;36.6;17.9
39;2021-05-25;1726;1195;96151;47222;37.3;18.3
39;2021-05-26;1642;1375;97793;48597;37.9;18.8
39;2021-05-27;1487;1620;99280;50217;38.5;19.5
39;2021-05-28;856;1217;100136;51434;38.8;19.9
39;2021-05-29;260;273;100396;51707;38.9;20.1
39;2021-05-30;2;40;100398;51747;38.9;20.1
39;2021-05-31;1626;1246;102024;52993;39.6;20.6
39;2021-06-01;1894;1317;103918;54310;40.3;21.1
39;2021-06-02;1702;1175;105620;55485;41.0;21.5
39;2021-06-03;1326;1157;106946;56642;41.5;22.0
39;2021-06-04;941;1068;107887;57710;41.8;22.4
39;2021-06-05;765;514;108652;58224;42.1;22.6
39;2021-06-06;1;36;108653;58260;42.1;22.6
39;2021-06-07;2103;912;110756;59172;43.0;22.9
39;2021-06-08;2210;1153;112966;60325;43.8;23.4
39;2021-06-09;1724;1241;114690;61566;44.5;23.9
39;2021-06-10;1614;2082;116304;63648;45.1;24.7
39;2021-06-11;1558;1271;117862;64919;45.7;25.2
39;2021-06-12;1263;346;119125;65265;46.2;25.3
39;2021-06-13;9;17;119134;65282;46.2;25.3
39;2021-06-14;1334;1895;120468;67177;46.7;26.1
39;2021-06-15;1378;1250;121846;68427;47.3;26.5
39;2021-06-16;1155;1539;123001;69966;47.7;27.1
39;2021-06-17;1042;1715;124043;71681;48.1;27.8
39;2021-06-18;1627;1176;125670;72857;48.7;28.3
39;2021-06-19;247;409;125917;73266;48.8;28.4
39;2021-06-20;1;18;125918;73284;48.8;28.4
39;2021-06-21;350;2495;126268;75779;49.0;29.4
39;2021-06-22;800;2293;127068;78072;49.3;30.3
39;2021-06-23;1159;1300;128227;79372;49.7;30.8
39;2021-06-24;721;1048;128948;80420;50.0;31.2
39;2021-06-25;679;2963;129627;83383;50.3;32.3
39;2021-06-26;204;1566;129831;84949;50.4;32.9
39;2021-06-27;0;0;129831;84949;50.4;32.9
39;2021-06-28;303;2749;130134;87698;50.5;34.0
39;2021-06-29;489;2700;130623;90398;50.7;35.1
39;2021-06-30;866;2419;131489;92817;51.0;36.0
39;2021-07-01;612;1938;132101;94755;51.2;36.7
39;2021-07-02;1071;1403;133172;96158;51.6;37.3
39;2021-07-03;537;523;133709;96681;51.9;37.5
39;2021-07-04;1;1;133710;96682;51.9;37.5
39;2021-07-05;575;2588;134285;99270;52.1;38.5
39;2021-07-06;817;1883;135102;101153;52.4;39.2
39;2021-07-07;578;1386;135680;102539;52.6;39.8
39;2021-07-08;689;905;136369;103444;52.9;40.1
39;2021-07-09;1074;1583;137443;105027;53.3;40.7
39;2021-07-10;736;475;138179;105502;53.6;40.9
39;2021-07-11;27;8;138206;105510;53.6;40.9
39;2021-07-12;557;2597;138763;108107;53.8;41.9
39;2021-07-13;1623;2645;140386;110752;54.4;43.0
39;2021-07-14;12;20;140398;110772;54.4;43.0
39;2021-07-15;1892;1836;142290;112608;55.2;43.7
39;2021-07-16;3214;2023;145504;114631;56.4;44.5
39;2021-07-17;2218;1141;147722;115772;57.3;44.9
39;2021-07-18;164;52;147886;115824;57.4;44.9
39;2021-07-19;1393;2951;149279;118775;57.9;46.1
39;2021-07-20;1832;2802;151111;121577;58.6;47.2
39;2021-07-21;2581;2571;153692;124148;59.6;48.1
39;2021-07-22;1888;1827;155580;125975;60.3;48.9
39;2021-07-23;1779;1903;157359;127878;61.0;49.6
39;2021-07-24;1394;1417;158753;129295;61.6;50.1
39;2021-07-25;0;1;158753;129296;61.6;50.1
40;2020-12-27;0;0;0;0;0.0;0.0
40;2020-12-28;0;0;0;0;0.0;0.0
40;2020-12-29;0;0;0;0;0.0;0.0
40;2020-12-30;0;0;0;0;0.0;0.0
40;2020-12-31;0;0;0;0;0.0;0.0
40;2021-01-01;0;0;0;0;0.0;0.0
40;2021-01-02;0;0;0;0;0.0;0.0
40;2021-01-03;0;0;0;0;0.0;0.0
40;2021-01-04;0;0;0;0;0.0;0.0
40;2021-01-05;0;0;0;0;0.0;0.0
40;2021-01-06;1;0;1;0;0.0;0.0
40;2021-01-07;212;0;213;0;0.1;0.0
40;2021-01-08;392;2;605;2;0.1;0.0
40;2021-01-09;0;0;605;2;0.1;0.0
40;2021-01-10;1;0;606;2;0.1;0.0
40;2021-01-11;110;0;716;2;0.2;0.0
40;2021-01-12;0;0;716;2;0.2;0.0
40;2021-01-13;681;0;1397;2;0.3;0.0
40;2021-01-14;901;5;2298;7;0.6;0.0
40;2021-01-15;808;3;3106;10;0.8;0.0
40;2021-01-16;157;0;3263;10;0.8;0.0
40;2021-01-17;0;1;3263;11;0.8;0.0
40;2021-01-18;402;0;3665;11;0.9;0.0
40;2021-01-19;1203;2;4868;13;1.2;0.0
40;2021-01-20;878;2;5746;15;1.4;0.0
40;2021-01-21;1262;3;7008;18;1.7;0.0
40;2021-01-22;809;2;7817;20;1.9;0.0
40;2021-01-23;288;0;8105;20;2.0;0.0
40;2021-01-24;1;0;8106;20;2.0;0.0
40;2021-01-25;393;1;8499;21;2.1;0.0
40;2021-01-26;802;6;9301;27;2.3;0.0
40;2021-01-27;1118;12;10419;39;2.5;0.0
40;2021-01-28;704;118;11123;157;2.7;0.0
40;2021-01-29;602;227;11725;384;2.8;0.1
40;2021-01-30;234;3;11959;387;2.9;0.1
40;2021-01-31;0;0;11959;387;2.9;0.1
40;2021-02-01;357;132;12316;519;3.0;0.1
40;2021-02-02;923;52;13239;571;3.2;0.1
40;2021-02-03;891;297;14130;868;3.4;0.2
40;2021-02-04;1058;603;15188;1471;3.7;0.4
40;2021-02-05;793;421;15981;1892;3.9;0.5
40;2021-02-06;378;84;16359;1976;4.0;0.5
40;2021-02-07;10;0;16369;1976;4.0;0.5
40;2021-02-08;369;123;16738;2099;4.1;0.5
40;2021-02-09;809;540;17547;2639;4.3;0.6
40;2021-02-10;746;472;18293;3111;4.4;0.8
40;2021-02-11;738;684;19031;3795;4.6;0.9
40;2021-02-12;628;642;19659;4437;4.8;1.1
40;2021-02-13;399;94;20058;4531;4.9;1.1
40;2021-02-14;0;0;20058;4531;4.9;1.1
40;2021-02-15;47;386;20105;4917;4.9;1.2
40;2021-02-16;283;594;20388;5511;4.9;1.3
40;2021-02-17;360;896;20748;6407;5.0;1.6
40;2021-02-18;383;696;21131;7103;5.1;1.7
40;2021-02-19;143;645;21274;7748;5.2;1.9
40;2021-02-20;39;95;21313;7843;5.2;1.9
40;2021-02-21;1;66;21314;7909;5.2;1.9
40;2021-02-22;52;565;21366;8474;5.2;2.1
40;2021-02-23;179;835;21545;9309;5.2;2.3
40;2021-02-24;282;687;21827;9996;5.3;2.4
40;2021-02-25;724;997;22551;10993;5.5;2.7
40;2021-02-26;655;638;23206;11631;5.6;2.8
40;2021-02-27;384;101;23590;11732;5.7;2.8
40;2021-02-28;2;0;23592;11732;5.7;2.8
40;2021-03-01;418;509;24010;12241;5.8;3.0
40;2021-03-02;735;1041;24745;13282;6.0;3.2
40;2021-03-03;933;910;25678;14192;6.2;3.4
40;2021-03-04;1305;821;26983;15013;6.5;3.6
40;2021-03-05;1230;747;28213;15760;6.8;3.8
40;2021-03-06;864;393;29077;16153;7.1;3.9
40;2021-03-07;90;9;29167;16162;7.1;3.9
40;2021-03-08;837;500;30004;16662;7.3;4.0
40;2021-03-09;1504;643;31508;17305;7.6;4.2
40;2021-03-10;1746;696;33254;18001;8.1;4.4
40;2021-03-11;1982;691;35236;18692;8.6;4.5
40;2021-03-12;2047;549;37283;19241;9.0;4.7
40;2021-03-13;969;254;38252;19495;9.3;4.7
40;2021-03-14;98;0;38350;19495;9.3;4.7
40;2021-03-15;922;88;39272;19583;9.5;4.8
40;2021-03-16;986;267;40258;19850;9.8;4.8
40;2021-03-17;1572;338;41830;20188;10.2;4.9
40;2021-03-18;1557;332;43387;20520;10.5;5.0
40;2021-03-19;1806;147;45193;20667;11.0;5.0
40;2021-03-20;706;10;45899;20677;11.1;5.0
40;2021-03-21;52;1;45951;20678;11.2;5.0
40;2021-03-22;1171;29;47122;20707;11.4;5.0
40;2021-03-23;2320;165;49442;20872;12.0;5.1
40;2021-03-24;2323;225;51765;21097;12.6;5.1
40;2021-03-25;2762;374;54527;21471;13.2;5.2
40;2021-03-26;3120;203;57647;21674;14.0;5.3
40;2021-03-27;920;44;58567;21718;14.2;5.3
40;2021-03-28;176;47;58743;21765;14.3;5.3
40;2021-03-29;1148;381;59891;22146;14.5;5.4
40;2021-03-30;2296;380;62187;22526;15.1;5.5
40;2021-03-31;1996;297;64183;22823;15.6;5.5
40;2021-04-01;2400;324;66583;23147;16.2;5.6
40;2021-04-02;2360;215;68943;23362;16.7;5.7
40;2021-04-03;742;121;69685;23483;16.9;5.7
40;2021-04-04;362;8;70047;23491;17.0;5.7
40;2021-04-05;522;38;70569;23529;17.1;5.7
40;2021-04-06;2096;802;72665;24331;17.6;5.9
40;2021-04-07;2663;868;75328;25199;18.3;6.1
40;2021-04-08;3056;893;78384;26092;19.0;6.3
40;2021-04-09;3824;595;82208;26687;20.0;6.5
40;2021-04-10;1598;341;83806;27028;20.3;6.6
40;2021-04-11;51;2;83857;27030;20.4;6.6
40;2021-04-12;2175;729;86032;27759;20.9;6.7
40;2021-04-13;2567;1086;88599;28845;21.5;7.0
40;2021-04-14;2570;1374;91169;30219;22.1;7.3
40;2021-04-15;2978;1494;94147;31713;22.9;7.7
40;2021-04-16;2876;1185;97023;32898;23.6;8.0
40;2021-04-17;1463;346;98486;33244;23.9;8.1
40;2021-04-18;57;24;98543;33268;23.9;8.1
40;2021-04-19;1056;1015;99599;34283;24.2;8.3
40;2021-04-20;1618;1740;101217;36023;24.6;8.7
40;2021-04-21;1773;1738;102990;37761;25.0;9.2
40;2021-04-22;2107;1772;105097;39533;25.5;9.6
40;2021-04-23;2158;1390;107255;40923;26.0;9.9
40;2021-04-24;1325;619;108580;41542;26.4;10.1
40;2021-04-25;36;57;108616;41599;26.4;10.1
40;2021-04-26;1247;1132;109863;42731;26.7;10.4
40;2021-04-27;1485;2030;111348;44761;27.0;10.9
40;2021-04-28;2050;1363;113398;46124;27.5;11.2
40;2021-04-29;2604;1893;116002;48017;28.2;11.7
40;2021-04-30;2686;1611;118688;49628;28.8;12.0
40;2021-05-01;1225;778;119913;50406;29.1;12.2
40;2021-05-02;142;322;120055;50728;29.1;12.3
40;2021-05-03;1858;1499;121913;52227;29.6;12.7
40;2021-05-04;1879;2467;123792;54694;30.0;13.3
40;2021-05-05;2187;2671;125979;57365;30.6;13.9
40;2021-05-06;2233;2861;128212;60226;31.1;14.6
40;2021-05-07;1904;3006;130116;63232;31.6;15.3
40;2021-05-08;674;466;130790;63698;31.7;15.5
40;2021-05-09;315;20;131105;63718;31.8;15.5
40;2021-05-10;1398;2053;132503;65771;32.2;16.0
40;2021-05-11;2193;2509;134696;68280;32.7;16.6
40;2021-05-12;2728;1939;137424;70219;33.4;17.0
40;2021-05-13;1983;513;139407;70732;33.8;17.2
40;2021-05-14;2322;1653;141729;72385;34.4;17.6
40;2021-05-15;1339;962;143068;73347;34.7;17.8
40;2021-05-16;435;25;143503;73372;34.8;17.8
40;2021-05-17;2117;1313;145620;74685;35.3;18.1
40;2021-05-18;2509;1414;148129;76099;36.0;18.5
40;2021-05-19;2954;1098;151083;77197;36.7;18.7
40;2021-05-20;3581;1165;154664;78362;37.5;19.0
40;2021-05-21;2923;1329;157587;79691;38.3;19.3
40;2021-05-22;1146;796;158733;80487;38.5;19.5
40;2021-05-23;630;28;159363;80515;38.7;19.5
40;2021-05-24;1208;331;160571;80846;39.0;19.6
40;2021-05-25;2165;1301;162736;82147;39.5;19.9
40;2021-05-26;2613;1557;165349;83704;40.1;20.3
40;2021-05-27;2733;2007;168082;85711;40.8;20.8
40;2021-05-28;2569;2274;170651;87985;41.4;21.4
40;2021-05-29;1542;1251;172193;89236;41.8;21.7
40;2021-05-30;2;52;172195;89288;41.8;21.7
40;2021-05-31;2562;1205;174757;90493;42.4;22.0
40;2021-06-01;3011;1768;177768;92261;43.1;22.4
40;2021-06-02;3173;1985;180941;94246;43.9;22.9
40;2021-06-03;3591;2331;184532;96577;44.8;23.4
40;2021-06-04;3014;2803;187546;99380;45.5;24.1
40;2021-06-05;1776;1393;189322;100773;46.0;24.5
40;2021-06-06;455;78;189777;100851;46.1;24.5
40;2021-06-07;2184;2024;191961;102875;46.6;25.0
40;2021-06-08;2943;2099;194904;104974;47.3;25.5
40;2021-06-09;3210;2256;198114;107230;48.1;26.0
40;2021-06-10;2989;2088;201103;109318;48.8;26.5
40;2021-06-11;3135;2794;204238;112112;49.6;27.2
40;2021-06-12;1964;1636;206202;113748;50.1;27.6
40;2021-06-13;643;160;206845;113908;50.2;27.6
40;2021-06-14;1454;2495;208299;116403;50.6;28.3
40;2021-06-15;2231;2818;210530;119221;51.1;28.9
40;2021-06-16;2594;2454;213124;121675;51.7;29.5
40;2021-06-17;2427;2434;215551;124109;52.3;30.1
40;2021-06-18;2315;2909;217866;127018;52.9;30.8
40;2021-06-19;1793;1229;219659;128247;53.3;31.1
40;2021-06-20;343;275;220002;128522;53.4;31.2
40;2021-06-21;1386;2322;221388;130844;53.7;31.8
40;2021-06-22;1676;2995;223064;133839;54.1;32.5
40;2021-06-23;1594;3346;224658;137185;54.5;33.3
40;2021-06-24;1719;2377;226377;139562;54.9;33.9
40;2021-06-25;1744;3258;228121;142820;55.4;34.7
40;2021-06-26;1324;1710;229445;144530;55.7;35.1
40;2021-06-27;258;355;229703;144885;55.8;35.2
40;2021-06-28;1330;2825;231033;147710;56.1;35.9
40;2021-06-29;1694;3386;232727;151096;56.5;36.7
40;2021-06-30;1759;3638;234486;154734;56.9;37.6
40;2021-07-01;1695;3946;236181;158680;57.3;38.5
40;2021-07-02;1542;3813;237723;162493;57.7;39.4
40;2021-07-03;666;1922;238389;164415;57.9;39.9
40;2021-07-04;216;483;238605;164898;57.9;40.0
40;2021-07-05;1453;3020;240058;167918;58.3;40.8
40;2021-07-06;1736;3611;241794;171529;58.7;41.6
40;2021-07-07;1943;3845;243737;175374;59.2;42.6
40;2021-07-08;2052;3401;245789;178775;59.7;43.4
40;2021-07-09;1876;3941;247665;182716;60.1;44.4
40;2021-07-10;989;2158;248654;184874;60.4;44.9
40;2021-07-11;201;294;248855;185168;60.4;44.9
40;2021-07-12;1296;4043;250151;189211;60.7;45.9
40;2021-07-13;2403;4691;252554;193902;61.3;47.1
40;2021-07-14;2167;2050;254721;195952;61.8;47.6
40;2021-07-15;2809;4852;257530;200804;62.5;48.7
40;2021-07-16;3293;3938;260823;204742;63.3;49.7
40;2021-07-17;2095;2587;262918;207329;63.8;50.3
40;2021-07-18;461;540;263379;207869;63.9;50.5
40;2021-07-19;2551;3698;265930;211567;64.5;51.4
40;2021-07-20;3019;4048;268949;215615;65.3;52.3
40;2021-07-21;3157;3866;272106;219481;66.0;53.3
40;2021-07-22;3802;3905;275908;223386;67.0;54.2
40;2021-07-23;4046;4091;279954;227477;68.0;55.2
40;2021-07-24;2768;2086;282722;229563;68.6;55.7
40;2021-07-25;945;487;283667;230050;68.9;55.8
41;2020-12-27;0;0;0;0;0.0;0.0
41;2020-12-28;0;0;0;0;0.0;0.0
41;2020-12-29;0;0;0;0;0.0;0.0
41;2020-12-30;0;0;0;0;0.0;0.0
41;2020-12-31;0;0;0;0;0.0;0.0
41;2021-01-01;0;0;0;0;0.0;0.0
41;2021-01-02;0;0;0;0;0.0;0.0
41;2021-01-03;0;0;0;0;0.0;0.0
41;2021-01-04;0;0;0;0;0.0;0.0
41;2021-01-05;35;0;35;0;0.0;0.0
41;2021-01-06;72;0;107;0;0.0;0.0
41;2021-01-07;21;0;128;0;0.0;0.0
41;2021-01-08;1;0;129;0;0.0;0.0
41;2021-01-09;0;0;129;0;0.0;0.0
41;2021-01-10;0;0;129;0;0.0;0.0
41;2021-01-11;133;0;262;0;0.1;0.0
41;2021-01-12;321;1;583;1;0.2;0.0
41;2021-01-13;270;0;853;1;0.3;0.0
41;2021-01-14;281;1;1134;2;0.3;0.0
41;2021-01-15;213;1;1347;3;0.4;0.0
41;2021-01-16;0;0;1347;3;0.4;0.0
41;2021-01-17;0;0;1347;3;0.4;0.0
41;2021-01-18;397;1;1744;4;0.5;0.0
41;2021-01-19;856;0;2600;4;0.8;0.0
41;2021-01-20;1055;1;3655;5;1.1;0.0
41;2021-01-21;1567;1;5222;6;1.6;0.0
41;2021-01-22;835;0;6057;6;1.8;0.0
41;2021-01-23;92;0;6149;6;1.9;0.0
41;2021-01-24;0;0;6149;6;1.9;0.0
41;2021-01-25;421;1;6570;7;2.0;0.0
41;2021-01-26;471;0;7041;7;2.1;0.0
41;2021-01-27;440;1;7481;8;2.3;0.0
41;2021-01-28;604;56;8085;64;2.5;0.0
41;2021-01-29;258;30;8343;94;2.5;0.0
41;2021-01-30;0;0;8343;94;2.5;0.0
41;2021-01-31;0;0;8343;94;2.5;0.0
41;2021-02-01;350;149;8693;243;2.7;0.1
41;2021-02-02;470;231;9163;474;2.8;0.1
41;2021-02-03;341;202;9504;676;2.9;0.2
41;2021-02-04;559;154;10063;830;3.1;0.3
41;2021-02-05;329;191;10392;1021;3.2;0.3
41;2021-02-06;4;0;10396;1021;3.2;0.3
41;2021-02-07;1;0;10397;1021;3.2;0.3
41;2021-02-08;306;311;10703;1332;3.3;0.4
41;2021-02-09;598;454;11301;1786;3.4;0.5
41;2021-02-10;486;695;11787;2481;3.6;0.8
41;2021-02-11;1065;1154;12852;3635;3.9;1.1
41;2021-02-12;688;354;13540;3989;4.1;1.2
41;2021-02-13;9;5;13549;3994;4.1;1.2
41;2021-02-14;0;27;13549;4021;4.1;1.2
41;2021-02-15;314;308;13863;4329;4.2;1.3
41;2021-02-16;354;564;14217;4893;4.3;1.5
41;2021-02-17;318;460;14535;5353;4.4;1.6
41;2021-02-18;617;317;15152;5670;4.6;1.7
41;2021-02-19;454;334;15606;6004;4.8;1.8
41;2021-02-20;68;58;15674;6062;4.8;1.8
41;2021-02-21;0;0;15674;6062;4.8;1.8
41;2021-02-22;310;424;15984;6486;4.9;2.0
41;2021-02-23;454;352;16438;6838;5.0;2.1
41;2021-02-24;281;446;16719;7284;5.1;2.2
41;2021-02-25;674;456;17393;7740;5.3;2.4
41;2021-02-26;629;251;18022;7991;5.5;2.4
41;2021-02-27;161;4;18183;7995;5.5;2.4
41;2021-02-28;2;31;18185;8026;5.5;2.4
41;2021-03-01;309;310;18494;8336;5.6;2.5
41;2021-03-02;645;414;19139;8750;5.8;2.7
41;2021-03-03;497;410;19636;9160;6.0;2.8
41;2021-03-04;782;837;20418;9997;6.2;3.0
41;2021-03-05;838;671;21256;10668;6.5;3.3
41;2021-03-06;715;18;21971;10686;6.7;3.3
41;2021-03-07;497;13;22468;10699;6.9;3.3
41;2021-03-08;297;377;22765;11076;6.9;3.4
41;2021-03-09;1042;449;23807;11525;7.3;3.5
41;2021-03-10;721;454;24528;11979;7.5;3.7
41;2021-03-11;1181;678;25709;12657;7.8;3.9
41;2021-03-12;1114;407;26823;13064;8.2;4.0
41;2021-03-13;1221;7;28044;13071;8.6;4.0
41;2021-03-14;392;3;28436;13074;8.7;4.0
41;2021-03-15;795;350;29231;13424;8.9;4.1
41;2021-03-16;1060;404;30291;13828;9.2;4.2
41;2021-03-17;587;240;30878;14068;9.4;4.3
41;2021-03-18;925;405;31803;14473;9.7;4.4
41;2021-03-19;910;331;32713;14804;10.0;4.5
41;2021-03-20;539;16;33252;14820;10.1;4.5
41;2021-03-21;1;0;33253;14820;10.1;4.5
41;2021-03-22;808;265;34061;15085;10.4;4.6
41;2021-03-23;1307;489;35368;15574;10.8;4.8
41;2021-03-24;1231;363;36599;15937;11.2;4.9
41;2021-03-25;2026;431;38625;16368;11.8;5.0
41;2021-03-26;1655;321;40280;16689;12.3;5.1
41;2021-03-27;452;56;40732;16745;12.4;5.1
41;2021-03-28;1;0;40733;16745;12.4;5.1
41;2021-03-29;938;303;41671;17048;12.7;5.2
41;2021-03-30;1497;588;43168;17636;13.2;5.4
41;2021-03-31;1146;474;44314;18110;13.5;5.5
41;2021-04-01;2248;556;46562;18666;14.2;5.7
41;2021-04-02;1241;470;47803;19136;14.6;5.8
41;2021-04-03;320;5;48123;19141;14.7;5.8
41;2021-04-04;36;0;48159;19141;14.7;5.8
41;2021-04-05;139;2;48298;19143;14.7;5.8
41;2021-04-06;1298;620;49596;19763;15.1;6.0
41;2021-04-07;1851;696;51447;20459;15.7;6.2
41;2021-04-08;2290;911;53737;21370;16.4;6.5
41;2021-04-09;2566;602;56303;21972;17.2;6.7
41;2021-04-10;951;495;57254;22467;17.5;6.9
41;2021-04-11;275;376;57529;22843;17.5;7.0
41;2021-04-12;1687;640;59216;23483;18.1;7.2
41;2021-04-13;2260;974;61476;24457;18.8;7.5
41;2021-04-14;1792;545;63268;25002;19.3;7.6
41;2021-04-15;2384;964;65652;25966;20.0;7.9
41;2021-04-16;1930;619;67582;26585;20.6;8.1
41;2021-04-17;647;134;68229;26719;20.8;8.2
41;2021-04-18;5;1;68234;26720;20.8;8.2
41;2021-04-19;1263;741;69497;27461;21.2;8.4
41;2021-04-20;2004;1199;71501;28660;21.8;8.7
41;2021-04-21;1501;899;73002;29559;22.3;9.0
41;2021-04-22;2235;1583;75237;31142;22.9;9.5
41;2021-04-23;1731;1069;76968;32211;23.5;9.8
41;2021-04-24;1543;272;78511;32483;23.9;9.9
41;2021-04-25;1007;19;79518;32502;24.3;9.9
41;2021-04-26;1356;624;80874;33126;24.7;10.1
41;2021-04-27;2094;1038;82968;34164;25.3;10.4
41;2021-04-28;1560;853;84528;35017;25.8;10.7
41;2021-04-29;2209;1372;86737;36389;26.5;11.1
41;2021-04-30;1961;856;88698;37245;27.1;11.4
41;2021-05-01;189;12;88887;37257;27.1;11.4
41;2021-05-02;107;17;88994;37274;27.1;11.4
41;2021-05-03;1866;888;90860;38162;27.7;11.6
41;2021-05-04;2093;1538;92953;39700;28.4;12.1
41;2021-05-05;1881;1189;94834;40889;28.9;12.5
41;2021-05-06;2448;1693;97282;42582;29.7;13.0
41;2021-05-07;2017;1795;99299;44377;30.3;13.5
41;2021-05-08;199;152;99498;44529;30.4;13.6
41;2021-05-09;10;354;99508;44883;30.4;13.7
41;2021-05-10;1589;1556;101097;46439;30.8;14.2
41;2021-05-11;2091;2098;103188;48537;31.5;14.8
41;2021-05-12;1952;1669;105140;50206;32.1;15.3
41;2021-05-13;1484;944;106624;51150;32.5;15.6
41;2021-05-14;1575;1304;108199;52454;33.0;16.0
41;2021-05-15;206;294;108405;52748;33.1;16.1
41;2021-05-16;4;0;108409;52748;33.1;16.1
41;2021-05-17;2483;559;110892;53307;33.8;16.3
41;2021-05-18;3138;1023;114030;54330;34.8;16.6
41;2021-05-19;2553;668;116583;54998;35.6;16.8
41;2021-05-20;3349;1150;119932;56148;36.6;17.1
41;2021-05-21;2722;965;122654;57113;37.4;17.4
41;2021-05-22;396;236;123050;57349;37.5;17.5
41;2021-05-23;6;2;123056;57351;37.5;17.5
41;2021-05-24;2605;145;125661;57496;38.3;17.5
41;2021-05-25;2989;574;128650;58070;39.2;17.7
41;2021-05-26;3038;644;131688;58714;40.2;17.9
41;2021-05-27;3297;1108;134985;59822;41.2;18.2
41;2021-05-28;3143;981;138128;60803;42.1;18.5
41;2021-05-29;2075;427;140203;61230;42.8;18.7
41;2021-05-30;341;21;140544;61251;42.9;18.7
41;2021-05-31;1710;1506;142254;62757;43.4;19.1
41;2021-06-01;2260;2013;144514;64770;44.1;19.8
41;2021-06-02;1831;1288;146345;66058;44.6;20.1
41;2021-06-03;2596;1940;148941;67998;45.4;20.7
41;2021-06-04;2306;1963;151247;69961;46.1;21.3
41;2021-06-05;611;1582;151858;71543;46.3;21.8
41;2021-06-06;108;927;151966;72470;46.4;22.1
41;2021-06-07;1517;1533;153483;74003;46.8;22.6
41;2021-06-08;1711;2413;155194;76416;47.3;23.3
41;2021-06-09;1615;1644;156809;78060;47.8;23.8
41;2021-06-10;1918;1818;158727;79878;48.4;24.4
41;2021-06-11;1571;1796;160298;81674;48.9;24.9
41;2021-06-12;663;649;160961;82323;49.1;25.1
41;2021-06-13;12;77;160973;82400;49.1;25.1
41;2021-06-14;1266;1966;162239;84366;49.5;25.7
41;2021-06-15;1833;2764;164072;87130;50.0;26.6
41;2021-06-16;1722;2309;165794;89439;50.6;27.3
41;2021-06-17;1810;2578;167604;92017;51.1;28.1
41;2021-06-18;1663;2393;169267;94410;51.6;28.8
41;2021-06-19;412;531;169679;94941;51.8;29.0
41;2021-06-20;11;32;169690;94973;51.8;29.0
41;2021-06-21;1323;1780;171013;96753;52.2;29.5
41;2021-06-22;1613;2567;172626;99320;52.7;30.3
41;2021-06-23;1374;2044;174000;101364;53.1;30.9
41;2021-06-24;1479;2315;175479;103679;53.5;31.6
41;2021-06-25;1294;2614;176773;106293;53.9;32.4
41;2021-06-26;433;613;177206;106906;54.1;32.6
41;2021-06-27;0;4;177206;106910;54.1;32.6
41;2021-06-28;403;2712;177609;109622;54.2;33.4
41;2021-06-29;662;3449;178271;113071;54.4;34.5
41;2021-06-30;549;3080;178820;116151;54.5;35.4
41;2021-07-01;767;3114;179587;119265;54.8;36.4
41;2021-07-02;588;3507;180175;122772;55.0;37.4
41;2021-07-03;157;647;180332;123419;55.0;37.6
41;2021-07-04;1;2;180333;123421;55.0;37.6
41;2021-07-05;287;2829;180620;126250;55.1;38.5
41;2021-07-06;664;3639;181284;129889;55.3;39.6
41;2021-07-07;477;3138;181761;133027;55.4;40.6
41;2021-07-08;942;3381;182703;136408;55.7;41.6
41;2021-07-09;528;3643;183231;140051;55.9;42.7
41;2021-07-10;246;2087;183477;142138;56.0;43.4
41;2021-07-11;7;281;183484;142419;56.0;43.4
41;2021-07-12;857;2296;184341;144715;56.2;44.1
41;2021-07-13;1194;3286;185535;148001;56.6;45.1
41;2021-07-14;140;1081;185675;149082;56.6;45.5
41;2021-07-15;1326;3323;187001;152405;57.0;46.5
41;2021-07-16;1087;3394;188088;155799;57.4;47.5
41;2021-07-17;340;806;188428;156605;57.5;47.8
41;2021-07-18;23;32;188451;156637;57.5;47.8
41;2021-07-19;1188;2316;189639;158953;57.8;48.5
41;2021-07-20;1637;2741;191276;161694;58.3;49.3
41;2021-07-21;1702;2084;192978;163778;58.9;50.0
41;2021-07-22;2256;2295;195234;166073;59.6;50.7
41;2021-07-23;2089;2472;197323;168545;60.2;51.4
41;2021-07-24;326;835;197649;169380;60.3;51.7
41;2021-07-25;17;23;197666;169403;60.3;51.7
42;2020-12-27;0;0;0;0;0.0;0.0
42;2020-12-28;0;0;0;0;0.0;0.0
42;2020-12-29;0;0;0;0;0.0;0.0
42;2020-12-30;0;0;0;0;0.0;0.0
42;2020-12-31;0;0;0;0;0.0;0.0
42;2021-01-01;0;0;0;0;0.0;0.0
42;2021-01-02;0;0;0;0;0.0;0.0
42;2021-01-03;0;0;0;0;0.0;0.0
42;2021-01-04;0;0;0;0;0.0;0.0
42;2021-01-05;1;0;1;0;0.0;0.0
42;2021-01-06;178;1;179;1;0.0;0.0
42;2021-01-07;256;0;435;1;0.1;0.0
42;2021-01-08;262;1;697;2;0.1;0.0
42;2021-01-09;136;0;833;2;0.1;0.0
42;2021-01-10;0;0;833;2;0.1;0.0
42;2021-01-11;293;2;1126;4;0.1;0.0
42;2021-01-12;412;1;1538;5;0.2;0.0
42;2021-01-13;526;2;2064;7;0.3;0.0
42;2021-01-14;755;4;2819;11;0.4;0.0
42;2021-01-15;704;3;3523;14;0.5;0.0
42;2021-01-16;297;1;3820;15;0.5;0.0
42;2021-01-17;219;0;4039;15;0.5;0.0
42;2021-01-18;968;1;5007;16;0.7;0.0
42;2021-01-19;1328;9;6335;25;0.8;0.0
42;2021-01-20;955;4;7290;29;1.0;0.0
42;2021-01-21;982;5;8272;34;1.1;0.0
42;2021-01-22;990;3;9262;37;1.2;0.0
42;2021-01-23;401;0;9663;37;1.3;0.0
42;2021-01-24;358;0;10021;37;1.3;0.0
42;2021-01-25;1098;10;11119;47;1.5;0.0
42;2021-01-26;1743;19;12862;66;1.7;0.0
42;2021-01-27;1455;123;14317;189;1.9;0.0
42;2021-01-28;1660;140;15977;329;2.1;0.0
42;2021-01-29;944;115;16921;444;2.2;0.1
42;2021-01-30;256;115;17177;559;2.2;0.1
42;2021-01-31;258;2;17435;561;2.3;0.1
42;2021-02-01;726;62;18161;623;2.4;0.1
42;2021-02-02;1749;289;19910;912;2.6;0.1
42;2021-02-03;1504;484;21414;1396;2.8;0.2
42;2021-02-04;1282;611;22696;2007;3.0;0.3
42;2021-02-05;684;525;23380;2532;3.1;0.3
42;2021-02-06;303;148;23683;2680;3.1;0.4
42;2021-02-07;275;152;23958;2832;3.1;0.4
42;2021-02-08;508;627;24466;3459;3.2;0.5
42;2021-02-09;703;799;25169;4258;3.3;0.6
42;2021-02-10;738;688;25907;4946;3.4;0.6
42;2021-02-11;764;673;26671;5619;3.5;0.7
42;2021-02-12;674;751;27345;6370;3.6;0.8
42;2021-02-13;426;300;27771;6670;3.6;0.9
42;2021-02-14;186;229;27957;6899;3.7;0.9
42;2021-02-15;520;817;28477;7716;3.7;1.0
42;2021-02-16;488;1245;28965;8961;3.8;1.2
42;2021-02-17;518;1538;29483;10499;3.9;1.4
42;2021-02-18;753;1378;30236;11877;4.0;1.6
42;2021-02-19;767;1015;31003;12892;4.1;1.7
42;2021-02-20;247;411;31250;13303;4.1;1.7
42;2021-02-21;63;328;31313;13631;4.1;1.8
42;2021-02-22;572;964;31885;14595;4.2;1.9
42;2021-02-23;1196;1412;33081;16007;4.3;2.1
42;2021-02-24;1231;1216;34312;17223;4.5;2.3
42;2021-02-25;1665;1406;35977;18629;4.7;2.4
42;2021-02-26;1642;904;37619;19533;4.9;2.6
42;2021-02-27;580;292;38199;19825;5.0;2.6
42;2021-02-28;167;125;38366;19950;5.0;2.6
42;2021-03-01;814;845;39180;20795;5.1;2.7
42;2021-03-02;1273;807;40453;21602;5.3;2.8
42;2021-03-03;1366;793;41819;22395;5.5;2.9
42;2021-03-04;1703;687;43522;23082;5.7;3.0
42;2021-03-05;2625;641;46147;23723;6.0;3.1
42;2021-03-06;1932;244;48079;23967;6.3;3.1
42;2021-03-07;1493;76;49572;24043;6.5;3.1
42;2021-03-08;1403;501;50975;24544;6.7;3.2
42;2021-03-09;1983;432;52958;24976;6.9;3.3
42;2021-03-10;2053;475;55011;25451;7.2;3.3
42;2021-03-11;3045;579;58056;26030;7.6;3.4
42;2021-03-12;3005;803;61061;26833;8.0;3.5
42;2021-03-13;1479;340;62540;27173;8.2;3.6
42;2021-03-14;471;173;63011;27346;8.2;3.6
42;2021-03-15;1570;584;64581;27930;8.4;3.7
42;2021-03-16;1461;765;66042;28695;8.6;3.8
42;2021-03-17;1717;1051;67759;29746;8.9;3.9
42;2021-03-18;1804;1015;69563;30761;9.1;4.0
42;2021-03-19;2562;660;72125;31421;9.4;4.1
42;2021-03-20;1671;217;73796;31638;9.6;4.1
42;2021-03-21;527;94;74323;31732;9.7;4.1
42;2021-03-22;1427;727;75750;32459;9.9;4.2
42;2021-03-23;2505;832;78255;33291;10.2;4.4
42;2021-03-24;2783;767;81038;34058;10.6;4.5
42;2021-03-25;3721;921;84759;34979;11.1;4.6
42;2021-03-26;3758;761;88517;35740;11.6;4.7
42;2021-03-27;1803;426;90320;36166;11.8;4.7
42;2021-03-28;1040;197;91360;36363;11.9;4.8
42;2021-03-29;2062;909;93422;37272;12.2;4.9
42;2021-03-30;3142;842;96564;38114;12.6;5.0
42;2021-03-31;2441;1047;99005;39161;12.9;5.1
42;2021-04-01;3388;1022;102393;40183;13.4;5.3
42;2021-04-02;2849;1200;105242;41383;13.8;5.4
42;2021-04-03;1414;596;106656;41979;13.9;5.5
42;2021-04-04;1400;378;108056;42357;14.1;5.5
42;2021-04-05;1900;280;109956;42637;14.4;5.6
42;2021-04-06;2293;1389;112249;44026;14.7;5.8
42;2021-04-07;2752;1799;115001;45825;15.0;6.0
42;2021-04-08;4021;1573;119022;47398;15.6;6.2
42;2021-04-09;5121;1496;124143;48894;16.2;6.4
42;2021-04-10;2584;740;126727;49634;16.6;6.5
42;2021-04-11;1955;411;128682;50045;16.8;6.5
42;2021-04-12;3688;1526;132370;51571;17.3;6.7
42;2021-04-13;4656;1774;137026;53345;17.9;7.0
42;2021-04-14;4306;1875;141332;55220;18.5;7.2
42;2021-04-15;4800;1780;146132;57000;19.1;7.5
42;2021-04-16;4612;1847;150744;58847;19.7;7.7
42;2021-04-17;2977;1062;153721;59909;20.1;7.8
42;2021-04-18;1883;410;155604;60319;20.3;7.9
42;2021-04-19;3088;1526;158692;61845;20.8;8.1
42;2021-04-20;3467;1925;162159;63770;21.2;8.3
42;2021-04-21;3470;1733;165629;65503;21.7;8.6
42;2021-04-22;3766;1929;169395;67432;22.2;8.8
42;2021-04-23;3832;1985;173227;69417;22.7;9.1
42;2021-04-24;2356;1500;175583;70917;23.0;9.3
42;2021-04-25;1655;940;177238;71857;23.2;9.4
42;2021-04-26;3274;1713;180512;73570;23.6;9.6
42;2021-04-27;3256;2191;183768;75761;24.0;9.9
42;2021-04-28;3463;2609;187231;78370;24.5;10.2
42;2021-04-29;3771;2793;191002;81163;25.0;10.6
42;2021-04-30;3360;3019;194362;84182;25.4;11.0
42;2021-05-01;2968;1036;197330;85218;25.8;11.1
42;2021-05-02;1934;1251;199264;86469;26.1;11.3
42;2021-05-03;2869;2759;202133;89228;26.4;11.7
42;2021-05-04;3420;3115;205553;92343;26.9;12.1
42;2021-05-05;3326;3386;208879;95729;27.3;12.5
42;2021-05-06;3887;3751;212766;99480;27.8;13.0
42;2021-05-07;3731;4029;216497;103509;28.3;13.5
42;2021-05-08;3164;1055;219661;104564;28.7;13.7
42;2021-05-09;1506;2208;221167;106772;28.9;14.0
42;2021-05-10;3246;3814;224413;110586;29.3;14.5
42;2021-05-11;5575;3901;229988;114487;30.1;15.0
42;2021-05-12;5340;3559;235328;118046;30.8;15.4
42;2021-05-13;5456;1127;240784;119173;31.5;15.6
42;2021-05-14;5245;2918;246029;122091;32.2;16.0
42;2021-05-15;4879;2105;250908;124196;32.8;16.2
42;2021-05-16;2869;1036;253777;125232;33.2;16.4
42;2021-05-17;5886;2833;259663;128065;34.0;16.7
42;2021-05-18;6250;2976;265913;131041;34.8;17.1
42;2021-05-19;6525;2746;272438;133787;35.6;17.5
42;2021-05-20;7107;2884;279545;136671;36.6;17.9
42;2021-05-21;6353;3256;285898;139927;37.4;18.3
42;2021-05-22;5838;2116;291736;142043;38.1;18.6
42;2021-05-23;2833;868;294569;142911;38.5;18.7
42;2021-05-24;5249;1413;299818;144324;39.2;18.9
42;2021-05-25;5150;3943;304968;148267;39.9;19.4
42;2021-05-26;5152;3441;310120;151708;40.6;19.8
42;2021-05-27;5363;3628;315483;155336;41.3;20.3
42;2021-05-28;5039;4192;320522;159528;41.9;20.9
42;2021-05-29;4336;2980;324858;162508;42.5;21.3
42;2021-05-30;1980;1206;326838;163714;42.7;21.4
42;2021-05-31;4240;3422;331078;167136;43.3;21.9
42;2021-06-01;4590;3566;335668;170702;43.9;22.3
42;2021-06-02;4464;3001;340132;173703;44.5;22.7
42;2021-06-03;4924;3831;345056;177534;45.1;23.2
42;2021-06-04;4766;4216;349822;181750;45.7;23.8
42;2021-06-05;3685;2423;353507;184173;46.2;24.1
42;2021-06-06;1445;1292;354952;185465;46.4;24.3
42;2021-06-07;3982;3371;358934;188836;46.9;24.7
42;2021-06-08;3461;3234;362395;192070;47.4;25.1
42;2021-06-09;2955;3198;365350;195268;47.8;25.5
42;2021-06-10;3237;2929;368587;198197;48.2;25.9
42;2021-06-11;3583;4118;372170;202315;48.7;26.5
42;2021-06-12;2859;2877;375029;205192;49.0;26.8
42;2021-06-13;942;1274;375971;206466;49.2;27.0
42;2021-06-14;2301;4063;378272;210529;49.5;27.5
42;2021-06-15;2831;4065;381103;214594;49.8;28.1
42;2021-06-16;2911;3545;384014;218139;50.2;28.5
42;2021-06-17;2634;3741;386648;221880;50.6;29.0
42;2021-06-18;3082;5149;389730;227029;51.0;29.7
42;2021-06-19;2834;4242;392564;231271;51.3;30.2
42;2021-06-20;856;1842;393420;233113;51.4;30.5
42;2021-06-21;1895;6274;395315;239387;51.7;31.3
42;2021-06-22;1870;5905;397185;245292;51.9;32.1
42;2021-06-23;1833;5320;399018;250612;52.2;32.8
42;2021-06-24;1775;4675;400793;255287;52.4;33.4
42;2021-06-25;2020;6950;402813;262237;52.7;34.3
42;2021-06-26;1400;5822;404213;268059;52.9;35.1
42;2021-06-27;755;2853;404968;270912;53.0;35.4
42;2021-06-28;1734;7067;406702;277979;53.2;36.3
42;2021-06-29;1523;6567;408225;284546;53.4;37.2
42;2021-06-30;1955;5770;410180;290316;53.6;38.0
42;2021-07-01;1761;5117;411941;295433;53.9;38.6
42;2021-07-02;2031;6747;413972;302180;54.1;39.5
42;2021-07-03;1744;5972;415716;308152;54.4;40.3
42;2021-07-04;847;2507;416563;310659;54.5;40.6
42;2021-07-05;1698;6291;418261;316950;54.7;41.4
42;2021-07-06;2097;5572;420358;322522;55.0;42.2
42;2021-07-07;2306;4658;422664;327180;55.3;42.8
42;2021-07-08;2259;3954;424923;331134;55.6;43.3
42;2021-07-09;2356;6097;427279;337231;55.9;44.1
42;2021-07-10;1688;5582;428967;342813;56.1;44.8
42;2021-07-11;916;2293;429883;345106;56.2;45.1
42;2021-07-12;1751;6280;431634;351386;56.4;45.9
42;2021-07-13;3578;6272;435212;357658;56.9;46.8
42;2021-07-14;4459;2041;439671;359699;57.5;47.0
42;2021-07-15;4516;5597;444187;365296;58.1;47.8
42;2021-07-16;4329;6174;448516;371470;58.6;48.6
42;2021-07-17;3184;4687;451700;376157;59.1;49.2
42;2021-07-18;1830;1734;453530;377891;59.3;49.4
42;2021-07-19;3775;5035;457305;382926;59.8;50.1
42;2021-07-20;4682;4839;461987;387765;60.4;50.7
42;2021-07-21;5130;4672;467117;392437;61.1;51.3
42;2021-07-22;5460;3906;472577;396343;61.8;51.8
42;2021-07-23;5423;5045;478000;401388;62.5;52.5
42;2021-07-24;3999;3772;481999;405160;63.0;53.0
42;2021-07-25;1482;1329;483481;406489;63.2;53.2
43;2020-12-27;0;0;0;0;0.0;0.0
43;2020-12-28;0;0;0;0;0.0;0.0
43;2020-12-29;0;0;0;0;0.0;0.0
43;2020-12-30;0;0;0;0;0.0;0.0
43;2020-12-31;0;0;0;0;0.0;0.0
43;2021-01-01;0;0;0;0;0.0;0.0
43;2021-01-02;0;0;0;0;0.0;0.0
43;2021-01-03;0;0;0;0;0.0;0.0
43;2021-01-04;1;0;1;0;0.0;0.0
43;2021-01-05;0;0;1;0;0.0;0.0
43;2021-01-06;0;0;1;0;0.0;0.0
43;2021-01-07;167;0;168;0;0.1;0.0
43;2021-01-08;151;0;319;0;0.1;0.0
43;2021-01-09;0;0;319;0;0.1;0.0
43;2021-01-10;0;0;319;0;0.1;0.0
43;2021-01-11;137;0;456;0;0.2;0.0
43;2021-01-12;244;1;700;1;0.3;0.0
43;2021-01-13;244;1;944;2;0.4;0.0
43;2021-01-14;293;1;1237;3;0.5;0.0
43;2021-01-15;303;2;1540;5;0.7;0.0
43;2021-01-16;32;0;1572;5;0.7;0.0
43;2021-01-17;0;0;1572;5;0.7;0.0
43;2021-01-18;760;5;2332;10;1.0;0.0
43;2021-01-19;776;6;3108;16;1.4;0.0
43;2021-01-20;517;0;3625;16;1.6;0.0
43;2021-01-21;446;1;4071;17;1.8;0.0
43;2021-01-22;465;8;4536;25;2.0;0.0
43;2021-01-23;1;0;4537;25;2.0;0.0
43;2021-01-24;1;0;4538;25;2.0;0.0
43;2021-01-25;539;0;5077;25;2.2;0.0
43;2021-01-26;615;3;5692;28;2.5;0.0
43;2021-01-27;740;0;6432;28;2.8;0.0
43;2021-01-28;747;32;7179;60;3.2;0.0
43;2021-01-29;719;85;7898;145;3.5;0.1
43;2021-01-30;109;0;8007;145;3.5;0.1
43;2021-01-31;0;0;8007;145;3.5;0.1
43;2021-02-01;403;100;8410;245;3.7;0.1
43;2021-02-02;709;151;9119;396;4.0;0.2
43;2021-02-03;691;43;9810;439;4.3;0.2
43;2021-02-04;523;171;10333;610;4.6;0.3
43;2021-02-05;543;173;10876;783;4.8;0.3
43;2021-02-06;163;19;11039;802;4.9;0.4
43;2021-02-07;0;0;11039;802;4.9;0.4
43;2021-02-08;411;304;11450;1106;5.0;0.5
43;2021-02-09;369;434;11819;1540;5.2;0.7
43;2021-02-10;399;361;12218;1901;5.4;0.8
43;2021-02-11;390;395;12608;2296;5.6;1.0
43;2021-02-12;426;200;13034;2496;5.7;1.1
43;2021-02-13;572;36;13606;2532;6.0;1.1
43;2021-02-14;0;0;13606;2532;6.0;1.1
43;2021-02-15;68;480;13674;3012;6.0;1.3
43;2021-02-16;41;375;13715;3387;6.0;1.5
43;2021-02-17;87;484;13802;3871;6.1;1.7
43;2021-02-18;147;380;13949;4251;6.1;1.9
43;2021-02-19;277;508;14226;4759;6.3;2.1
43;2021-02-20;22;4;14248;4763;6.3;2.1
43;2021-02-21;0;0;14248;4763;6.3;2.1
43;2021-02-22;16;504;14264;5267;6.3;2.3
43;2021-02-23;202;799;14466;6066;6.4;2.7
43;2021-02-24;147;715;14613;6781;6.4;3.0
43;2021-02-25;227;694;14840;7475;6.5;3.3
43;2021-02-26;222;682;15062;8157;6.6;3.6
43;2021-02-27;138;74;15200;8231;6.7;3.6
43;2021-02-28;1;0;15201;8231;6.7;3.6
43;2021-03-01;210;478;15411;8709;6.8;3.8
43;2021-03-02;342;579;15753;9288;6.9;4.1
43;2021-03-03;337;594;16090;9882;7.1;4.4
43;2021-03-04;551;458;16641;10340;7.3;4.6
43;2021-03-05;566;447;17207;10787;7.6;4.8
43;2021-03-06;489;177;17696;10964;7.8;4.8
43;2021-03-07;12;0;17708;10964;7.8;4.8
43;2021-03-08;445;442;18153;11406;8.0;5.0
43;2021-03-09;621;346;18774;11752;8.3;5.2
43;2021-03-10;673;489;19447;12241;8.6;5.4
43;2021-03-11;953;435;20400;12676;9.0;5.6
43;2021-03-12;945;416;21345;13092;9.4;5.8
43;2021-03-13;792;110;22137;13202;9.8;5.8
43;2021-03-14;2;0;22139;13202;9.8;5.8
43;2021-03-15;706;138;22845;13340;10.1;5.9
43;2021-03-16;846;272;23691;13612;10.4;6.0
43;2021-03-17;638;131;24329;13743;10.7;6.1
43;2021-03-18;675;127;25004;13870;11.0;6.1
43;2021-03-19;838;96;25842;13966;11.4;6.2
43;2021-03-20;450;60;26292;14026;11.6;6.2
43;2021-03-21;0;0;26292;14026;11.6;6.2
43;2021-03-22;744;32;27036;14058;11.9;6.2
43;2021-03-23;870;30;27906;14088;12.3;6.2
43;2021-03-24;1173;69;29079;14157;12.8;6.2
43;2021-03-25;1594;134;30673;14291;13.5;6.3
43;2021-03-26;1609;176;32282;14467;14.2;6.4
43;2021-03-27;1448;67;33730;14534;14.9;6.4
43;2021-03-28;420;20;34150;14554;15.1;6.4
43;2021-03-29;1094;164;35244;14718;15.5;6.5
43;2021-03-30;1312;231;36556;14949;16.1;6.6
43;2021-03-31;1305;245;37861;15194;16.7;6.7
43;2021-04-01;1345;331;39206;15525;17.3;6.8
43;2021-04-02;1051;345;40257;15870;17.7;7.0
43;2021-04-03;338;193;40595;16063;17.9;7.1
43;2021-04-04;0;0;40595;16063;17.9;7.1
43;2021-04-05;3;0;40598;16063;17.9;7.1
43;2021-04-06;687;601;41285;16664;18.2;7.3
43;2021-04-07;867;568;42152;17232;18.6;7.6
43;2021-04-08;1084;452;43236;17684;19.1;7.8
43;2021-04-09;1147;647;44383;18331;19.6;8.1
43;2021-04-10;625;258;45008;18589;19.8;8.2
43;2021-04-11;0;0;45008;18589;19.8;8.2
43;2021-04-12;682;647;45690;19236;20.1;8.5
43;2021-04-13;917;719;46607;19955;20.5;8.8
43;2021-04-14;722;663;47329;20618;20.9;9.1
43;2021-04-15;959;691;48288;21309;21.3;9.4
43;2021-04-16;1006;685;49294;21994;21.7;9.7
43;2021-04-17;423;302;49717;22296;21.9;9.8
43;2021-04-18;3;5;49720;22301;21.9;9.8
43;2021-04-19;629;561;50349;22862;22.2;10.1
43;2021-04-20;840;665;51189;23527;22.6;10.4
43;2021-04-21;321;987;51510;24514;22.7;10.8
43;2021-04-22;678;1009;52188;25523;23.0;11.2
43;2021-04-23;401;1095;52589;26618;23.2;11.7
43;2021-04-24;347;1035;52936;27653;23.3;12.2
43;2021-04-25;23;403;52959;28056;23.3;12.4
43;2021-04-26;384;964;53343;29020;23.5;12.8
43;2021-04-27;824;989;54167;30009;23.9;13.2
43;2021-04-28;794;1100;54961;31109;24.2;13.7
43;2021-04-29;1236;1136;56197;32245;24.8;14.2
43;2021-04-30;1199;1059;57396;33304;25.3;14.7
43;2021-05-01;400;20;57796;33324;25.5;14.7
43;2021-05-02;1;0;57797;33324;25.5;14.7
43;2021-05-03;1217;396;59014;33720;26.0;14.9
43;2021-05-04;1236;944;60250;34664;26.6;15.3
43;2021-05-05;1144;846;61394;35510;27.1;15.6
43;2021-05-06;1403;934;62797;36444;27.7;16.1
43;2021-05-07;1089;1168;63886;37612;28.2;16.6
43;2021-05-08;518;135;64404;37747;28.4;16.6
43;2021-05-09;0;2;64404;37749;28.4;16.6
43;2021-05-10;1085;720;65489;38469;28.9;17.0
43;2021-05-11;1554;1001;67043;39470;29.5;17.4
43;2021-05-12;1480;806;68523;40276;30.2;17.8
43;2021-05-13;936;379;69459;40655;30.6;17.9
43;2021-05-14;2201;1097;71660;41752;31.6;18.4
43;2021-05-15;1269;317;72929;42069;32.1;18.5
43;2021-05-16;272;47;73201;42116;32.3;18.6
43;2021-05-17;1624;621;74825;42737;33.0;18.8
43;2021-05-18;1966;667;76791;43404;33.8;19.1
43;2021-05-19;2069;569;78860;43973;34.8;19.4
43;2021-05-20;2336;795;81196;44768;35.8;19.7
43;2021-05-21;2382;704;83578;45472;36.8;20.0
43;2021-05-22;1208;340;84786;45812;37.4;20.2
43;2021-05-23;1;0;84787;45812;37.4;20.2
43;2021-05-24;381;100;85168;45912;37.5;20.2
43;2021-05-25;1406;651;86574;46563;38.2;20.5
43;2021-05-26;1349;556;87923;47119;38.7;20.8
43;2021-05-27;1389;710;89312;47829;39.4;21.1
43;2021-05-28;1347;731;90659;48560;40.0;21.4
43;2021-05-29;1135;598;91794;49158;40.5;21.7
43;2021-05-30;149;16;91943;49174;40.5;21.7
43;2021-05-31;1207;442;93150;49616;41.1;21.9
43;2021-06-01;1279;983;94429;50599;41.6;22.3
43;2021-06-02;1085;692;95514;51291;42.1;22.6
43;2021-06-03;1194;855;96708;52146;42.6;23.0
43;2021-06-04;1348;859;98056;53005;43.2;23.4
43;2021-06-05;824;450;98880;53455;43.6;23.6
43;2021-06-06;10;5;98890;53460;43.6;23.6
43;2021-06-07;746;515;99636;53975;43.9;23.8
43;2021-06-08;664;703;100300;54678;44.2;24.1
43;2021-06-09;539;758;100839;55436;44.4;24.4
43;2021-06-10;806;1116;101645;56552;44.8;24.9
43;2021-06-11;758;1347;102403;57899;45.1;25.5
43;2021-06-12;914;514;103317;58413;45.5;25.7
43;2021-06-13;3;27;103320;58440;45.5;25.8
43;2021-06-14;447;1085;103767;59525;45.7;26.2
43;2021-06-15;629;1193;104396;60718;46.0;26.8
43;2021-06-16;548;975;104944;61693;46.3;27.2
43;2021-06-17;597;1501;105541;63194;46.5;27.9
43;2021-06-18;898;1461;106439;64655;46.9;28.5
43;2021-06-19;447;779;106886;65434;47.1;28.8
43;2021-06-20;0;12;106886;65446;47.1;28.8
43;2021-06-21;422;1306;107308;66752;47.3;29.4
43;2021-06-22;531;1958;107839;68710;47.5;30.3
43;2021-06-23;342;1743;108181;70453;47.7;31.1
43;2021-06-24;512;1493;108693;71946;47.9;31.7
43;2021-06-25;593;2346;109286;74292;48.2;32.7
43;2021-06-26;505;1246;109791;75538;48.4;33.3
43;2021-06-27;9;20;109800;75558;48.4;33.3
43;2021-06-28;340;1787;110140;77345;48.5;34.1
43;2021-06-29;521;2382;110661;79727;48.8;35.1
43;2021-06-30;456;2281;111117;82008;49.0;36.1
43;2021-07-01;469;1913;111586;83921;49.2;37.0
43;2021-07-02;496;1961;112082;85882;49.4;37.8
43;2021-07-03;256;1108;112338;86990;49.5;38.3
43;2021-07-04;0;0;112338;86990;49.5;38.3
43;2021-07-05;523;1199;112861;88189;49.7;38.9
43;2021-07-06;629;1680;113490;89869;50.0;39.6
43;2021-07-07;519;1420;114009;91289;50.2;40.2
43;2021-07-08;834;1422;114843;92711;50.6;40.9
43;2021-07-09;544;1498;115387;94209;50.9;41.5
43;2021-07-10;400;1334;115787;95543;51.0;42.1
43;2021-07-11;23;98;115810;95641;51.0;42.2
43;2021-07-12;601;1685;116411;97326;51.3;42.9
43;2021-07-13;1184;1845;117595;99171;51.8;43.7
43;2021-07-14;843;148;118438;99319;52.2;43.8
43;2021-07-15;1923;1830;120361;101149;53.0;44.6
43;2021-07-16;1748;1614;122109;102763;53.8;45.3
43;2021-07-17;1531;1188;123640;103951;54.5;45.8
43;2021-07-18;4;19;123644;103970;54.5;45.8
43;2021-07-19;1436;1249;125080;105219;55.1;46.4
43;2021-07-20;1888;1434;126968;106653;56.0;47.0
43;2021-07-21;1843;1101;128811;107754;56.8;47.5
43;2021-07-22;2100;1312;130911;109066;57.7;48.1
43;2021-07-23;1609;1307;132520;110373;58.4;48.6
43;2021-07-24;572;987;133092;111360;58.7;49.1
43;2021-07-25;0;1;133092;111361;58.7;49.1
44;2020-12-27;0;0;0;0;0.0;0.0
44;2020-12-28;0;0;0;0;0.0;0.0
44;2020-12-29;0;0;0;0;0.0;0.0
44;2020-12-30;1;0;1;0;0.0;0.0
44;2020-12-31;0;0;1;0;0.0;0.0
44;2021-01-01;0;0;1;0;0.0;0.0
44;2021-01-02;0;0;1;0;0.0;0.0
44;2021-01-03;2;0;3;0;0.0;0.0
44;2021-01-04;0;0;3;0;0.0;0.0
44;2021-01-05;0;0;3;0;0.0;0.0
44;2021-01-06;20;1;23;1;0.0;0.0
44;2021-01-07;186;0;209;1;0.0;0.0
44;2021-01-08;527;1;736;2;0.1;0.0
44;2021-01-09;473;0;1209;2;0.1;0.0
44;2021-01-10;455;1;1664;3;0.1;0.0
44;2021-01-11;801;0;2465;3;0.2;0.0
44;2021-01-12;905;1;3370;4;0.2;0.0
44;2021-01-13;1087;1;4457;5;0.3;0.0
44;2021-01-14;1110;8;5567;13;0.4;0.0
44;2021-01-15;987;1;6554;14;0.5;0.0
44;2021-01-16;335;2;6889;16;0.5;0.0
44;2021-01-17;327;1;7216;17;0.5;0.0
44;2021-01-18;855;3;8071;20;0.6;0.0
44;2021-01-19;2577;3;10648;23;0.7;0.0
44;2021-01-20;2713;4;13361;27;0.9;0.0
44;2021-01-21;4526;3;17887;30;1.2;0.0
44;2021-01-22;2414;6;20301;36;1.4;0.0
44;2021-01-23;762;1;21063;37;1.5;0.0
44;2021-01-24;119;0;21182;37;1.5;0.0
44;2021-01-25;829;0;22011;37;1.5;0.0
44;2021-01-26;2530;18;24541;55;1.7;0.0
44;2021-01-27;2090;61;26631;116;1.9;0.0
44;2021-01-28;3730;191;30361;307;2.1;0.0
44;2021-01-29;2367;491;32728;798;2.3;0.1
44;2021-01-30;628;217;33356;1015;2.3;0.1
44;2021-01-31;14;214;33370;1229;2.3;0.1
44;2021-02-01;591;545;33961;1774;2.4;0.1
44;2021-02-02;878;762;34839;2536;2.4;0.2
44;2021-02-03;889;899;35728;3435;2.5;0.2
44;2021-02-04;935;724;36663;4159;2.6;0.3
44;2021-02-05;894;631;37557;4790;2.6;0.3
44;2021-02-06;462;269;38019;5059;2.6;0.4
44;2021-02-07;72;208;38091;5267;2.7;0.4
44;2021-02-08;522;460;38613;5727;2.7;0.4
44;2021-02-09;946;1255;39559;6982;2.8;0.5
44;2021-02-10;1133;1313;40692;8295;2.8;0.6
44;2021-02-11;2283;3010;42975;11305;3.0;0.8
44;2021-02-12;1662;1738;44637;13043;3.1;0.9
44;2021-02-13;431;516;45068;13559;3.1;0.9
44;2021-02-14;10;180;45078;13739;3.1;1.0
44;2021-02-15;504;1104;45582;14843;3.2;1.0
44;2021-02-16;1440;2570;47022;17413;3.3;1.2
44;2021-02-17;1102;2174;48124;19587;3.3;1.4
44;2021-02-18;1951;3715;50075;23302;3.5;1.6
44;2021-02-19;1579;2538;51654;25840;3.6;1.8
44;2021-02-20;409;648;52063;26488;3.6;1.8
44;2021-02-21;6;178;52069;26666;3.6;1.9
44;2021-02-22;706;838;52775;27504;3.7;1.9
44;2021-02-23;1241;1131;54016;28635;3.8;2.0
44;2021-02-24;1238;1093;55254;29728;3.8;2.1
44;2021-02-25;2440;1081;57694;30809;4.0;2.1
44;2021-02-26;2289;966;59983;31775;4.2;2.2
44;2021-02-27;974;453;60957;32228;4.2;2.2
44;2021-02-28;6;32;60963;32260;4.2;2.2
44;2021-03-01;987;559;61950;32819;4.3;2.3
44;2021-03-02;1798;1056;63748;33875;4.4;2.4
44;2021-03-03;1854;1134;65602;35009;4.6;2.4
44;2021-03-04;2877;1560;68479;36569;4.8;2.5
44;2021-03-05;3473;1324;71952;37893;5.0;2.6
44;2021-03-06;2503;495;74455;38388;5.2;2.7
44;2021-03-07;986;84;75441;38472;5.2;2.7
44;2021-03-08;1785;609;77226;39081;5.4;2.7
44;2021-03-09;3351;1148;80577;40229;5.6;2.8
44;2021-03-10;3076;1111;83653;41340;5.8;2.9
44;2021-03-11;4433;1779;88086;43119;6.1;3.0
44;2021-03-12;5886;1278;93972;44397;6.5;3.1
44;2021-03-13;3626;295;97598;44692;6.8;3.1
44;2021-03-14;430;63;98028;44755;6.8;3.1
44;2021-03-15;2685;355;100713;45110;7.0;3.1
44;2021-03-16;2146;624;102859;45734;7.2;3.2
44;2021-03-17;1964;677;104823;46411;7.3;3.2
44;2021-03-18;2161;632;106984;47043;7.4;3.3
44;2021-03-19;3770;357;110754;47400;7.7;3.3
44;2021-03-20;3209;284;113963;47684;7.9;3.3
44;2021-03-21;909;18;114872;47702;8.0;3.3
44;2021-03-22;2460;435;117332;48137;8.2;3.3
44;2021-03-23;3957;696;121289;48833;8.4;3.4
44;2021-03-24;4304;621;125593;49454;8.7;3.4
44;2021-03-25;5611;917;131204;50371;9.1;3.5
44;2021-03-26;6496;751;137700;51122;9.6;3.6
44;2021-03-27;3209;421;140909;51543;9.8;3.6
44;2021-03-28;1244;38;142153;51581;9.9;3.6
44;2021-03-29;3114;785;145267;52366;10.1;3.6
44;2021-03-30;5130;1108;150397;53474;10.5;3.7
44;2021-03-31;4610;1311;155007;54785;10.8;3.8
44;2021-04-01;6128;983;161135;55768;11.2;3.9
44;2021-04-02;5790;944;166925;56712;11.6;3.9
44;2021-04-03;2434;648;169359;57360;11.8;4.0
44;2021-04-04;665;19;170024;57379;11.8;4.0
44;2021-04-05;689;284;170713;57663;11.9;4.0
44;2021-04-06;4199;1367;174912;59030;12.2;4.1
44;2021-04-07;5067;1640;179979;60670;12.5;4.2
44;2021-04-08;7178;1642;187157;62312;13.0;4.3
44;2021-04-09;10052;1777;197209;64089;13.7;4.5
44;2021-04-10;4557;1435;201766;65524;14.0;4.6
44;2021-04-11;2139;420;203905;65944;14.2;4.6
44;2021-04-12;5459;1581;209364;67525;14.6;4.7
44;2021-04-13;6723;2246;216087;69771;15.0;4.9
44;2021-04-14;5903;2219;221990;71990;15.4;5.0
44;2021-04-15;6700;2197;228690;74187;15.9;5.2
44;2021-04-16;7777;2022;236467;76209;16.5;5.3
44;2021-04-17;4292;1370;240759;77579;16.8;5.4
44;2021-04-18;2253;816;243012;78395;16.9;5.5
44;2021-04-19;5042;1897;248054;80292;17.3;5.6
44;2021-04-20;6275;2644;254329;82936;17.7;5.8
44;2021-04-21;6002;2773;260331;85709;18.1;6.0
44;2021-04-22;6950;2502;267281;88211;18.6;6.1
44;2021-04-23;7319;3150;274600;91361;19.1;6.4
44;2021-04-24;3970;2040;278570;93401;19.4;6.5
44;2021-04-25;2074;1057;280644;94458;19.5;6.6
44;2021-04-26;5646;2756;286290;97214;19.9;6.8
44;2021-04-27;7415;4101;293705;101315;20.4;7.0
44;2021-04-28;7601;3773;301306;105088;21.0;7.3
44;2021-04-29;8963;4260;310269;109348;21.6;7.6
44;2021-04-30;9565;4685;319834;114033;22.3;7.9
44;2021-05-01;2846;922;322680;114955;22.5;8.0
44;2021-05-02;1895;616;324575;115571;22.6;8.0
44;2021-05-03;5546;4074;330121;119645;23.0;8.3
44;2021-05-04;6324;5125;336445;124770;23.4;8.7
44;2021-05-05;6064;4620;342509;129390;23.8;9.0
44;2021-05-06;7246;4878;349755;134268;24.3;9.3
44;2021-05-07;7451;5713;357206;139981;24.9;9.7
44;2021-05-08;2580;1260;359786;141241;25.0;9.8
44;2021-05-09;1798;1810;361584;143051;25.2;10.0
44;2021-05-10;6567;5770;368151;148821;25.6;10.4
44;2021-05-11;7785;6255;375936;155076;26.2;10.8
44;2021-05-12;8187;5721;384123;160797;26.7;11.2
44;2021-05-13;5290;1181;389413;161978;27.1;11.3
44;2021-05-14;7578;3968;396991;165946;27.6;11.5
44;2021-05-15;5000;2227;401991;168173;28.0;11.7
44;2021-05-16;2794;738;404785;168911;28.2;11.8
44;2021-05-17;6741;5152;411526;174063;28.6;12.1
44;2021-05-18;7968;5236;419494;179299;29.2;12.5
44;2021-05-19;8155;4285;427649;183584;29.8;12.8
44;2021-05-20;8362;4651;436011;188235;30.3;13.1
44;2021-05-21;8828;5205;444839;193440;31.0;13.5
44;2021-05-22;5097;2233;449936;195673;31.3;13.6
44;2021-05-23;1760;824;451696;196497;31.4;13.7
44;2021-05-24;4884;1616;456580;198113;31.8;13.8
44;2021-05-25;7736;5535;464316;203648;32.3;14.2
44;2021-05-26;8169;5037;472485;208685;32.9;14.5
44;2021-05-27;9648;5351;482133;214036;33.5;14.9
44;2021-05-28;9180;6914;491313;220950;34.2;15.4
44;2021-05-29;5883;3328;497196;224278;34.6;15.6
44;2021-05-30;1772;703;498968;224981;34.7;15.7
44;2021-05-31;8061;6180;507029;231161;35.3;16.1
44;2021-06-01;9892;6535;516921;237696;36.0;16.5
44;2021-06-02;9508;5686;526429;243382;36.6;16.9
44;2021-06-03;10850;5870;537279;249252;37.4;17.3
44;2021-06-04;9929;8065;547208;257317;38.1;17.9
44;2021-06-05;5772;4344;552980;261661;38.5;18.2
44;2021-06-06;2359;1130;555339;262791;38.6;18.3
44;2021-06-07;9547;6921;564886;269712;39.3;18.8
44;2021-06-08;10893;7487;575779;277199;40.1;19.3
44;2021-06-09;10532;6316;586311;283515;40.8;19.7
44;2021-06-10;11382;6025;597693;289540;41.6;20.1
44;2021-06-11;11903;8628;609596;298168;42.4;20.7
44;2021-06-12;7756;4078;617352;302246;43.0;21.0
44;2021-06-13;2785;1008;620137;303254;43.2;21.1
44;2021-06-14;8658;8394;628795;311648;43.8;21.7
44;2021-06-15;11186;8227;639981;319875;44.5;22.3
44;2021-06-16;10880;7638;650861;327513;45.3;22.8
44;2021-06-17;11654;8662;662515;336175;46.1;23.4
44;2021-06-18;10589;10091;673104;346266;46.8;24.1
44;2021-06-19;5856;4314;678960;350580;47.2;24.4
44;2021-06-20;2530;1332;681490;351912;47.4;24.5
44;2021-06-21;7195;10009;688685;361921;47.9;25.2
44;2021-06-22;8407;10619;697092;372540;48.5;25.9
44;2021-06-23;8490;9119;705582;381659;49.1;26.6
44;2021-06-24;9063;8566;714645;390225;49.7;27.2
44;2021-06-25;7549;10805;722194;401030;50.3;27.9
44;2021-06-26;2944;6469;725138;407499;50.5;28.4
44;2021-06-27;811;2404;725949;409903;50.5;28.5
44;2021-06-28;5192;10080;731141;419983;50.9;29.2
44;2021-06-29;6148;12093;737289;432076;51.3;30.1
44;2021-06-30;6065;10464;743354;442540;51.7;30.8
44;2021-07-01;6799;10503;750153;453043;52.2;31.5
44;2021-07-02;6349;12551;756502;465594;52.6;32.4
44;2021-07-03;2554;7006;759056;472600;52.8;32.9
44;2021-07-04;976;2233;760032;474833;52.9;33.0
44;2021-07-05;5195;11874;765227;486707;53.2;33.9
44;2021-07-06;5860;12601;771087;499308;53.7;34.7
44;2021-07-07;6343;11096;777430;510404;54.1;35.5
44;2021-07-08;7215;11971;784645;522375;54.6;36.3
44;2021-07-09;6023;14257;790668;536632;55.0;37.3
44;2021-07-10;2359;7019;793027;543651;55.2;37.8
44;2021-07-11;718;2262;793745;545913;55.2;38.0
44;2021-07-12;4321;14050;798066;559963;55.5;39.0
44;2021-07-13;5684;14850;803750;574813;55.9;40.0
44;2021-07-14;3613;5805;807363;580618;56.2;40.4
44;2021-07-15;7109;14253;814472;594871;56.7;41.4
44;2021-07-16;8054;14974;822526;609845;57.2;42.4
44;2021-07-17;3345;7573;825871;617418;57.5;43.0
44;2021-07-18;1424;2546;827295;619964;57.6;43.1
44;2021-07-19;4662;14694;831957;634658;57.9;44.2
44;2021-07-20;5948;15665;837905;650323;58.3;45.3
44;2021-07-21;5798;13995;843703;664318;58.7;46.2
44;2021-07-22;6656;13725;850359;678043;59.2;47.2
44;2021-07-23;6083;15611;856442;693654;59.6;48.3
44;2021-07-24;2781;8715;859223;702369;59.8;48.9
44;2021-07-25;895;3080;860118;705449;59.8;49.1
45;2020-12-27;0;0;0;0;0.0;0.0
45;2020-12-28;0;0;0;0;0.0;0.0
45;2020-12-29;0;0;0;0;0.0;0.0
45;2020-12-30;0;0;0;0;0.0;0.0
45;2020-12-31;0;0;0;0;0.0;0.0
45;2021-01-01;0;0;0;0;0.0;0.0
45;2021-01-02;0;0;0;0;0.0;0.0
45;2021-01-03;0;0;0;0;0.0;0.0
45;2021-01-04;0;0;0;0;0.0;0.0
45;2021-01-05;76;0;76;0;0.0;0.0
45;2021-01-06;69;0;145;0;0.0;0.0
45;2021-01-07;178;0;323;0;0.0;0.0
45;2021-01-08;199;1;522;1;0.1;0.0
45;2021-01-09;42;0;564;1;0.1;0.0
45;2021-01-10;23;0;587;1;0.1;0.0
45;2021-01-11;254;0;841;1;0.1;0.0
45;2021-01-12;679;2;1520;3;0.2;0.0
45;2021-01-13;496;2;2016;5;0.3;0.0
45;2021-01-14;482;37;2498;42;0.4;0.0
45;2021-01-15;391;3;2889;45;0.4;0.0
45;2021-01-16;39;0;2928;45;0.4;0.0
45;2021-01-17;24;0;2952;45;0.4;0.0
45;2021-01-18;814;1;3766;46;0.6;0.0
45;2021-01-19;1196;6;4962;52;0.7;0.0
45;2021-01-20;2108;5;7070;57;1.0;0.0
45;2021-01-21;2522;4;9592;61;1.4;0.0
45;2021-01-22;1409;2;11001;63;1.6;0.0
45;2021-01-23;120;0;11121;63;1.6;0.0
45;2021-01-24;39;0;11160;63;1.6;0.0
45;2021-01-25;556;3;11716;66;1.7;0.0
45;2021-01-26;847;18;12563;84;1.8;0.0
45;2021-01-27;648;45;13211;129;1.9;0.0
45;2021-01-28;882;219;14093;348;2.1;0.1
45;2021-01-29;576;125;14669;473;2.1;0.1
45;2021-01-30;40;41;14709;514;2.2;0.1
45;2021-01-31;37;23;14746;537;2.2;0.1
45;2021-02-01;462;209;15208;746;2.2;0.1
45;2021-02-02;757;470;15965;1216;2.3;0.2
45;2021-02-03;771;480;16736;1696;2.5;0.2
45;2021-02-04;701;267;17437;1963;2.6;0.3
45;2021-02-05;416;151;17853;2114;2.6;0.3
45;2021-02-06;36;28;17889;2142;2.6;0.3
45;2021-02-07;5;31;17894;2173;2.6;0.3
45;2021-02-08;455;193;18349;2366;2.7;0.3
45;2021-02-09;1004;406;19353;2772;2.8;0.4
45;2021-02-10;1275;791;20628;3563;3.0;0.5
45;2021-02-11;1382;1523;22010;5086;3.2;0.7
45;2021-02-12;1051;1141;23061;6227;3.4;0.9
45;2021-02-13;85;158;23146;6385;3.4;0.9
45;2021-02-14;39;11;23185;6396;3.4;0.9
45;2021-02-15;523;612;23708;7008;3.5;1.0
45;2021-02-16;756;938;24464;7946;3.6;1.2
45;2021-02-17;641;1049;25105;8995;3.7;1.3
45;2021-02-18;842;859;25947;9854;3.8;1.4
45;2021-02-19;826;761;26773;10615;3.9;1.6
45;2021-02-20;58;94;26831;10709;3.9;1.6
45;2021-02-21;17;46;26848;10755;3.9;1.6
45;2021-02-22;405;633;27253;11388;4.0;1.7
45;2021-02-23;815;807;28068;12195;4.1;1.8
45;2021-02-24;647;929;28715;13124;4.2;1.9
45;2021-02-25;961;806;29676;13930;4.3;2.0
45;2021-02-26;1044;696;30720;14626;4.5;2.1
45;2021-02-27;290;52;31010;14678;4.5;2.1
45;2021-02-28;28;5;31038;14683;4.5;2.2
45;2021-03-01;533;335;31571;15018;4.6;2.2
45;2021-03-02;670;728;32241;15746;4.7;2.3
45;2021-03-03;983;892;33224;16638;4.9;2.4
45;2021-03-04;1107;982;34331;17620;5.0;2.6
45;2021-03-05;1439;860;35770;18480;5.2;2.7
45;2021-03-06;2023;122;37793;18602;5.5;2.7
45;2021-03-07;143;59;37936;18661;5.6;2.7
45;2021-03-08;752;851;38688;19512;5.7;2.9
45;2021-03-09;1256;709;39944;20221;5.8;3.0
45;2021-03-10;1595;894;41539;21115;6.1;3.1
45;2021-03-11;1720;751;43259;21866;6.3;3.2
45;2021-03-12;2073;604;45332;22470;6.6;3.3
45;2021-03-13;986;46;46318;22516;6.8;3.3
45;2021-03-14;24;43;46342;22559;6.8;3.3
45;2021-03-15;811;600;47153;23159;6.9;3.4
45;2021-03-16;943;838;48096;23997;7.0;3.5
45;2021-03-17;1051;675;49147;24672;7.2;3.6
45;2021-03-18;997;577;50144;25249;7.3;3.7
45;2021-03-19;1618;426;51762;25675;7.6;3.8
45;2021-03-20;495;81;52257;25756;7.7;3.8
45;2021-03-21;19;35;52276;25791;7.7;3.8
45;2021-03-22;913;528;53189;26319;7.8;3.9
45;2021-03-23;1982;718;55171;27037;8.1;4.0
45;2021-03-24;1897;546;57068;27583;8.4;4.0
45;2021-03-25;2980;443;60048;28026;8.8;4.1
45;2021-03-26;3387;464;63435;28490;9.3;4.2
45;2021-03-27;1793;115;65228;28605;9.6;4.2
45;2021-03-28;89;40;65317;28645;9.6;4.2
45;2021-03-29;1528;531;66845;29176;9.8;4.3
45;2021-03-30;2780;779;69625;29955;10.2;4.4
45;2021-03-31;2133;570;71758;30525;10.5;4.5
45;2021-04-01;2973;560;74731;31085;10.9;4.6
45;2021-04-02;2824;500;77555;31585;11.4;4.6
45;2021-04-03;810;71;78365;31656;11.5;4.6
45;2021-04-04;111;33;78476;31689;11.5;4.6
45;2021-04-05;12;2;78488;31691;11.5;4.6
45;2021-04-06;1734;787;80222;32478;11.7;4.8
45;2021-04-07;1777;1110;81999;33588;12.0;4.9
45;2021-04-08;2772;1017;84771;34605;12.4;5.1
45;2021-04-09;3673;636;88444;35241;13.0;5.2
45;2021-04-10;2322;104;90766;35345;13.3;5.2
45;2021-04-11;153;24;90919;35369;13.3;5.2
45;2021-04-12;2604;658;93523;36027;13.7;5.3
45;2021-04-13;3842;1079;97365;37106;14.3;5.4
45;2021-04-14;2929;1212;100294;38318;14.7;5.6
45;2021-04-15;3519;1022;103813;39340;15.2;5.8
45;2021-04-16;3775;682;107588;40022;15.8;5.9
45;2021-04-17;1613;108;109201;40130;16.0;5.9
45;2021-04-18;200;37;109401;40167;16.0;5.9
45;2021-04-19;1937;945;111338;41112;16.3;6.0
45;2021-04-20;3074;1689;114412;42801;16.8;6.3
45;2021-04-21;2722;1296;117134;44097;17.2;6.5
45;2021-04-22;3424;1836;120558;45933;17.7;6.7
45;2021-04-23;3273;1792;123831;47725;18.1;7.0
45;2021-04-24;2024;865;125855;48590;18.4;7.1
45;2021-04-25;289;85;126144;48675;18.5;7.1
45;2021-04-26;2227;1160;128371;49835;18.8;7.3
45;2021-04-27;3351;2350;131722;52185;19.3;7.6
45;2021-04-28;2801;1941;134523;54126;19.7;7.9
45;2021-04-29;3827;2329;138350;56455;20.3;8.3
45;2021-04-30;4386;1801;142736;58256;20.9;8.5
45;2021-05-01;450;61;143186;58317;21.0;8.5
45;2021-05-02;626;119;143812;58436;21.1;8.6
45;2021-05-03;2821;983;146633;59419;21.5;8.7
45;2021-05-04;3158;2341;149791;61760;21.9;9.0
45;2021-05-05;2710;2158;152501;63918;22.3;9.4
45;2021-05-06;3330;2533;155831;66451;22.8;9.7
45;2021-05-07;2873;3201;158704;69652;23.2;10.2
45;2021-05-08;607;244;159311;69896;23.3;10.2
45;2021-05-09;1498;124;160809;70020;23.5;10.3
45;2021-05-10;4140;2968;164949;72988;24.2;10.7
45;2021-05-11;5024;2959;169973;75947;24.9;11.1
45;2021-05-12;6071;2770;176044;78717;25.8;11.5
45;2021-05-13;2448;594;178492;79311;26.1;11.6
45;2021-05-14;4966;1622;183458;80933;26.9;11.9
45;2021-05-15;4065;601;187523;81534;27.5;11.9
45;2021-05-16;284;32;187807;81566;27.5;11.9
45;2021-05-17;3351;1534;191158;83100;28.0;12.2
45;2021-05-18;5115;1676;196273;84776;28.7;12.4
45;2021-05-19;4486;2057;200759;86833;29.4;12.7
45;2021-05-20;5260;2130;206019;88963;30.2;13.0
45;2021-05-21;5142;2224;211161;91187;30.9;13.4
45;2021-05-22;3039;629;214200;91816;31.4;13.4
45;2021-05-23;15;94;214215;91910;31.4;13.5
45;2021-05-24;2829;204;217044;92114;31.8;13.5
45;2021-05-25;4958;3028;222002;95142;32.5;13.9
45;2021-05-26;5104;2310;227106;97452;33.3;14.3
45;2021-05-27;5309;3192;232415;100644;34.0;14.7
45;2021-05-28;5666;3538;238081;104182;34.9;15.3
45;2021-05-29;3670;1283;241751;105465;35.4;15.4
45;2021-05-30;33;182;241784;105647;35.4;15.5
45;2021-05-31;4328;2505;246112;108152;36.0;15.8
45;2021-06-01;6088;2991;252200;111143;36.9;16.3
45;2021-06-02;4936;3089;257136;114232;37.7;16.7
45;2021-06-03;5616;3197;262752;117429;38.5;17.2
45;2021-06-04;5893;3185;268645;120614;39.3;17.7
45;2021-06-05;2028;1334;270673;121948;39.6;17.9
45;2021-06-06;85;198;270758;122146;39.6;17.9
45;2021-06-07;4082;2723;274840;124869;40.2;18.3
45;2021-06-08;4643;4067;279483;128936;40.9;18.9
45;2021-06-09;4347;3333;283830;132269;41.6;19.4
45;2021-06-10;4628;2675;288458;134944;42.2;19.8
45;2021-06-11;4107;3660;292565;138604;42.8;20.3
45;2021-06-12;2437;1503;295002;140107;43.2;20.5
45;2021-06-13;20;424;295022;140531;43.2;20.6
45;2021-06-14;3126;4148;298148;144679;43.7;21.2
45;2021-06-15;3383;4323;301531;149002;44.2;21.8
45;2021-06-16;3894;3452;305425;152454;44.7;22.3
45;2021-06-17;3523;3540;308948;155994;45.2;22.8
45;2021-06-18;3801;5026;312749;161020;45.8;23.6
45;2021-06-19;2389;1760;315138;162780;46.1;23.8
45;2021-06-20;45;140;315183;162920;46.2;23.9
45;2021-06-21;2157;5851;317340;168771;46.5;24.7
45;2021-06-22;2411;6533;319751;175304;46.8;25.7
45;2021-06-23;2279;5608;322030;180912;47.2;26.5
45;2021-06-24;2129;3531;324159;184443;47.5;27.0
45;2021-06-25;2434;6450;326593;190893;47.8;28.0
45;2021-06-26;1933;3092;328526;193985;48.1;28.4
45;2021-06-27;50;139;328576;194124;48.1;28.4
45;2021-06-28;2071;4843;330647;198967;48.4;29.1
45;2021-06-29;2819;6837;333466;205804;48.8;30.1
45;2021-06-30;2858;5856;336324;211660;49.3;31.0
45;2021-07-01;2370;5029;338694;216689;49.6;31.7
45;2021-07-02;2351;6281;341045;222970;49.9;32.7
45;2021-07-03;750;2541;341795;225511;50.1;33.0
45;2021-07-04;4;10;341799;225521;50.1;33.0
45;2021-07-05;2130;4984;343929;230505;50.4;33.8
45;2021-07-06;2788;6786;346717;237291;50.8;34.7
45;2021-07-07;2424;6075;349141;243366;51.1;35.6
45;2021-07-08;2805;5397;351946;248763;51.5;36.4
45;2021-07-09;2137;6992;354083;255755;51.9;37.5
45;2021-07-10;1538;3858;355621;259613;52.1;38.0
45;2021-07-11;23;31;355644;259644;52.1;38.0
45;2021-07-12;1581;6001;357225;265645;52.3;38.9
45;2021-07-13;2980;8230;360205;273875;52.7;40.1
45;2021-07-14;1467;1512;361672;275387;53.0;40.3
45;2021-07-15;3702;7280;365374;282667;53.5;41.4
45;2021-07-16;3236;7445;368610;290112;54.0;42.5
45;2021-07-17;1273;2328;369883;292440;54.2;42.8
45;2021-07-18;15;19;369898;292459;54.2;42.8
45;2021-07-19;1856;5957;371754;298416;54.4;43.7
45;2021-07-20;4686;6896;376440;305312;55.1;44.7
45;2021-07-21;5120;5447;381560;310759;55.9;45.5
45;2021-07-22;6123;4879;387683;315638;56.8;46.2
45;2021-07-23;4239;5454;391922;321092;57.4;47.0
45;2021-07-24;1844;2805;393766;323897;57.7;47.4
45;2021-07-25;5;14;393771;323911;57.7;47.4
46;2020-12-27;0;0;0;0;0.0;0.0
46;2020-12-28;0;0;0;0;0.0;0.0
46;2020-12-29;0;0;0;0;0.0;0.0
46;2020-12-30;0;0;0;0;0.0;0.0
46;2020-12-31;0;0;0;0;0.0;0.0
46;2021-01-01;0;0;0;0;0.0;0.0
46;2021-01-02;0;0;0;0;0.0;0.0
46;2021-01-03;1;0;1;0;0.0;0.0
46;2021-01-04;0;0;1;0;0.0;0.0
46;2021-01-05;0;0;1;0;0.0;0.0
46;2021-01-06;3;0;4;0;0.0;0.0
46;2021-01-07;135;0;139;0;0.1;0.0
46;2021-01-08;180;0;319;0;0.2;0.0
46;2021-01-09;1;0;320;0;0.2;0.0
46;2021-01-10;1;0;321;0;0.2;0.0
46;2021-01-11;117;0;438;0;0.3;0.0
46;2021-01-12;140;0;578;0;0.3;0.0
46;2021-01-13;234;0;812;0;0.5;0.0
46;2021-01-14;236;2;1048;2;0.6;0.0
46;2021-01-15;304;2;1352;4;0.8;0.0
46;2021-01-16;16;0;1368;4;0.8;0.0
46;2021-01-17;0;0;1368;4;0.8;0.0
46;2021-01-18;272;2;1640;6;0.9;0.0
46;2021-01-19;388;0;2028;6;1.2;0.0
46;2021-01-20;934;0;2962;6;1.7;0.0
46;2021-01-21;995;0;3957;6;2.3;0.0
46;2021-01-22;390;2;4347;8;2.5;0.0
46;2021-01-23;0;0;4347;8;2.5;0.0
46;2021-01-24;0;0;4347;8;2.5;0.0
46;2021-01-25;203;1;4550;9;2.6;0.0
46;2021-01-26;262;1;4812;10;2.8;0.0
46;2021-01-27;276;0;5088;10;2.9;0.0
46;2021-01-28;278;43;5366;53;3.1;0.0
46;2021-01-29;233;93;5599;146;3.2;0.1
46;2021-01-30;1;0;5600;146;3.2;0.1
46;2021-01-31;1;0;5601;146;3.2;0.1
46;2021-02-01;233;175;5834;321;3.4;0.2
46;2021-02-02;209;238;6043;559;3.5;0.3
46;2021-02-03;222;95;6265;654;3.6;0.4
46;2021-02-04;372;87;6637;741;3.8;0.4
46;2021-02-05;225;179;6862;920;4.0;0.5
46;2021-02-06;7;0;6869;920;4.0;0.5
46;2021-02-07;42;0;6911;920;4.0;0.5
46;2021-02-08;196;156;7107;1076;4.1;0.6
46;2021-02-09;269;230;7376;1306;4.3;0.8
46;2021-02-10;277;545;7653;1851;4.4;1.1
46;2021-02-11;650;558;8303;2409;4.8;1.4
46;2021-02-12;319;340;8622;2749;5.0;1.6
46;2021-02-13;0;0;8622;2749;5.0;1.6
46;2021-02-14;0;62;8622;2811;5.0;1.6
46;2021-02-15;195;299;8817;3110;5.1;1.8
46;2021-02-16;217;282;9034;3392;5.2;2.0
46;2021-02-17;200;327;9234;3719;5.3;2.1
46;2021-02-18;336;269;9570;3988;5.5;2.3
46;2021-02-19;277;233;9847;4221;5.7;2.4
46;2021-02-20;0;0;9847;4221;5.7;2.4
46;2021-02-21;1;0;9848;4221;5.7;2.4
46;2021-02-22;131;191;9979;4412;5.8;2.5
46;2021-02-23;225;168;10204;4580;5.9;2.6
46;2021-02-24;179;326;10383;4906;6.0;2.8
46;2021-02-25;243;341;10626;5247;6.1;3.0
46;2021-02-26;400;346;11026;5593;6.4;3.2
46;2021-02-27;120;0;11146;5593;6.4;3.2
46;2021-02-28;0;3;11146;5596;6.4;3.2
46;2021-03-01;168;180;11314;5776;6.5;3.3
46;2021-03-02;405;233;11719;6009;6.8;3.5
46;2021-03-03;456;331;12175;6340;7.0;3.7
46;2021-03-04;608;455;12783;6795;7.4;3.9
46;2021-03-05;809;364;13592;7159;7.8;4.1
46;2021-03-06;473;17;14065;7176;8.1;4.1
46;2021-03-07;101;19;14166;7195;8.2;4.2
46;2021-03-08;348;248;14514;7443;8.4;4.3
46;2021-03-09;743;270;15257;7713;8.8;4.5
46;2021-03-10;686;247;15943;7960;9.2;4.6
46;2021-03-11;842;253;16785;8213;9.7;4.7
46;2021-03-12;926;228;17711;8441;10.2;4.9
46;2021-03-13;512;3;18223;8444;10.5;4.9
46;2021-03-14;0;0;18223;8444;10.5;4.9
46;2021-03-15;495;166;18718;8610;10.8;5.0
46;2021-03-16;751;175;19469;8785;11.2;5.1
46;2021-03-17;671;202;20140;8987;11.6;5.2
46;2021-03-18;747;216;20887;9203;12.1;5.3
46;2021-03-19;807;150;21694;9353;12.5;5.4
46;2021-03-20;285;2;21979;9355;12.7;5.4
46;2021-03-21;2;0;21981;9355;12.7;5.4
46;2021-03-22;550;239;22531;9594;13.0;5.5
46;2021-03-23;701;213;23232;9807;13.4;5.7
46;2021-03-24;673;240;23905;10047;13.8;5.8
46;2021-03-25;1132;181;25037;10228;14.5;5.9
46;2021-03-26;1026;337;26063;10565;15.1;6.1
46;2021-03-27;420;71;26483;10636;15.3;6.1
46;2021-03-28;126;1;26609;10637;15.4;6.1
46;2021-03-29;730;251;27339;10888;15.8;6.3
46;2021-03-30;768;361;28107;11249;16.2;6.5
46;2021-03-31;861;418;28968;11667;16.7;6.7
46;2021-04-01;1166;342;30134;12009;17.4;6.9
46;2021-04-02;925;395;31059;12404;17.9;7.2
46;2021-04-03;167;166;31226;12570;18.0;7.3
46;2021-04-04;0;71;31226;12641;18.0;7.3
46;2021-04-05;1;0;31227;12641;18.0;7.3
46;2021-04-06;543;519;31770;13160;18.3;7.6
46;2021-04-07;782;643;32552;13803;18.8;8.0
46;2021-04-08;961;542;33513;14345;19.4;8.3
46;2021-04-09;1016;501;34529;14846;19.9;8.6
46;2021-04-10;497;208;35026;15054;20.2;8.7
46;2021-04-11;232;1;35258;15055;20.4;8.7
46;2021-04-12;844;546;36102;15601;20.8;9.0
46;2021-04-13;1184;715;37286;16316;21.5;9.4
46;2021-04-14;1532;614;38818;16930;22.4;9.8
46;2021-04-15;1494;664;40312;17594;23.3;10.2
46;2021-04-16;1575;563;41887;18157;24.2;10.5
46;2021-04-17;989;132;42876;18289;24.8;10.6
46;2021-04-18;515;7;43391;18296;25.1;10.6
46;2021-04-19;1066;571;44457;18867;25.7;10.9
46;2021-04-20;1221;725;45678;19592;26.4;11.3
46;2021-04-21;1228;713;46906;20305;27.1;11.7
46;2021-04-22;1384;726;48290;21031;27.9;12.1
46;2021-04-23;1132;727;49422;21758;28.5;12.6
46;2021-04-24;471;17;49893;21775;28.8;12.6
46;2021-04-25;351;9;50244;21784;29.0;12.6
46;2021-04-26;854;730;51098;22514;29.5;13.0
46;2021-04-27;1217;662;52315;23176;30.2;13.4
46;2021-04-28;1289;668;53604;23844;31.0;13.8
46;2021-04-29;1415;522;55019;24366;31.8;14.1
46;2021-04-30;1434;559;56453;24925;32.6;14.4
46;2021-05-01;696;70;57149;24995;33.0;14.4
46;2021-05-02;346;3;57495;24998;33.2;14.4
46;2021-05-03;853;567;58348;25565;33.7;14.8
46;2021-05-04;1036;1059;59384;26624;34.3;15.4
46;2021-05-05;1376;784;60760;27408;35.1;15.8
46;2021-05-06;1376;741;62136;28149;35.9;16.3
46;2021-05-07;1395;790;63531;28939;36.7;16.7
46;2021-05-08;283;413;63814;29352;36.9;17.0
46;2021-05-09;23;225;63837;29577;36.9;17.1
46;2021-05-10;519;1139;64356;30716;37.2;17.7
46;2021-05-11;1037;1259;65393;31975;37.8;18.5
46;2021-05-12;994;1559;66387;33534;38.3;19.4
46;2021-05-13;599;143;66986;33677;38.7;19.4
46;2021-05-14;962;1094;67948;34771;39.2;20.1
46;2021-05-15;256;652;68204;35423;39.4;20.5
46;2021-05-16;78;298;68282;35721;39.4;20.6
46;2021-05-17;652;956;68934;36677;39.8;21.2
46;2021-05-18;1404;1020;70338;37697;40.6;21.8
46;2021-05-19;1305;899;71643;38596;41.4;22.3
46;2021-05-20;1451;810;73094;39406;42.2;22.8
46;2021-05-21;997;1158;74091;40564;42.8;23.4
46;2021-05-22;145;369;74236;40933;42.9;23.6
46;2021-05-23;448;24;74684;40957;43.1;23.7
46;2021-05-24;409;113;75093;41070;43.4;23.7
46;2021-05-25;962;1330;76055;42400;43.9;24.5
46;2021-05-26;1234;1150;77289;43550;44.6;25.1
46;2021-05-27;1433;1189;78722;44739;45.5;25.8
46;2021-05-28;1437;1208;80159;45947;46.3;26.5
46;2021-05-29;1052;398;81211;46345;46.9;26.8
46;2021-05-30;408;39;81619;46384;47.1;26.8
46;2021-05-31;970;974;82589;47358;47.7;27.3
46;2021-06-01;1277;996;83866;48354;48.4;27.9
46;2021-06-02;1316;1113;85182;49467;49.2;28.6
46;2021-06-03;1414;1007;86596;50474;50.0;29.1
46;2021-06-04;1329;973;87925;51447;50.8;29.7
46;2021-06-05;380;413;88305;51860;51.0;29.9
46;2021-06-06;206;94;88511;51954;51.1;30.0
46;2021-06-07;813;617;89324;52571;51.6;30.4
46;2021-06-08;1019;895;90343;53466;52.2;30.9
46;2021-06-09;1505;971;91848;54437;53.0;31.4
46;2021-06-10;973;847;92821;55284;53.6;31.9
46;2021-06-11;970;1322;93791;56606;54.2;32.7
46;2021-06-12;460;548;94251;57154;54.4;33.0
46;2021-06-13;27;86;94278;57240;54.4;33.1
46;2021-06-14;589;1137;94867;58377;54.8;33.7
46;2021-06-15;746;1245;95613;59622;55.2;34.4
46;2021-06-16;996;1113;96609;60735;55.8;35.1
46;2021-06-17;522;896;97131;61631;56.1;35.6
46;2021-06-18;649;1252;97780;62883;56.5;36.3
46;2021-06-19;449;312;98229;63195;56.7;36.5
46;2021-06-20;38;161;98267;63356;56.7;36.6
46;2021-06-21;427;945;98694;64301;57.0;37.1
46;2021-06-22;345;1179;99039;65480;57.2;37.8
46;2021-06-23;513;1075;99552;66555;57.5;38.4
46;2021-06-24;250;822;99802;67377;57.6;38.9
46;2021-06-25;491;1120;100293;68497;57.9;39.6
46;2021-06-26;393;551;100686;69048;58.1;39.9
46;2021-06-27;1;4;100687;69052;58.1;39.9
46;2021-06-28;313;1340;101000;70392;58.3;40.7
46;2021-06-29;373;1687;101373;72079;58.5;41.6
46;2021-06-30;504;1582;101877;73661;58.8;42.5
46;2021-07-01;301;1153;102178;74814;59.0;43.2
46;2021-07-02;447;1087;102625;75901;59.3;43.8
46;2021-07-03;119;456;102744;76357;59.3;44.1
46;2021-07-04;54;127;102798;76484;59.4;44.2
46;2021-07-05;339;1189;103137;77673;59.6;44.9
46;2021-07-06;366;1459;103503;79132;59.8;45.7
46;2021-07-07;573;1720;104076;80852;60.1;46.7
46;2021-07-08;339;1168;104415;82020;60.3;47.4
46;2021-07-09;394;1703;104809;83723;60.5;48.3
46;2021-07-10;281;1043;105090;84766;60.7;49.0
46;2021-07-11;15;375;105105;85141;60.7;49.2
46;2021-07-12;245;1262;105350;86403;60.8;49.9
46;2021-07-13;622;1673;105972;88076;61.2;50.9
46;2021-07-14;63;144;106035;88220;61.2;50.9
46;2021-07-15;887;1463;106922;89683;61.7;51.8
46;2021-07-16;763;1394;107685;91077;62.2;52.6
46;2021-07-17;344;529;108029;91606;62.4;52.9
46;2021-07-18;0;0;108029;91606;62.4;52.9
46;2021-07-19;664;1182;108693;92788;62.8;53.6
46;2021-07-20;975;1424;109668;94212;63.3;54.4
46;2021-07-21;999;1421;110667;95633;63.9;55.2
46;2021-07-22;1361;1107;112028;96740;64.7;55.9
46;2021-07-23;713;1316;112741;98056;65.1;56.6
46;2021-07-24;924;660;113665;98716;65.6;57.0
46;2021-07-25;119;14;113784;98730;65.7;57.0
47;2020-12-27;0;0;0;0;0.0;0.0
47;2020-12-28;0;0;0;0;0.0;0.0
47;2020-12-29;0;0;0;0;0.0;0.0
47;2020-12-30;0;0;0;0;0.0;0.0
47;2020-12-31;0;0;0;0;0.0;0.0
47;2021-01-01;4;0;4;0;0.0;0.0
47;2021-01-02;0;0;4;0;0.0;0.0
47;2021-01-03;0;0;4;0;0.0;0.0
47;2021-01-04;0;0;4;0;0.0;0.0
47;2021-01-05;0;0;4;0;0.0;0.0
47;2021-01-06;0;0;4;0;0.0;0.0
47;2021-01-07;71;1;75;1;0.0;0.0
47;2021-01-08;314;0;389;1;0.1;0.0
47;2021-01-09;113;0;502;1;0.2;0.0
47;2021-01-10;0;0;502;1;0.2;0.0
47;2021-01-11;249;0;751;1;0.2;0.0
47;2021-01-12;325;0;1076;1;0.3;0.0
47;2021-01-13;349;0;1425;1;0.4;0.0
47;2021-01-14;364;4;1789;5;0.5;0.0
47;2021-01-15;285;1;2074;6;0.6;0.0
47;2021-01-16;176;4;2250;10;0.7;0.0
47;2021-01-17;0;0;2250;10;0.7;0.0
47;2021-01-18;482;1;2732;11;0.8;0.0
47;2021-01-19;467;2;3199;13;1.0;0.0
47;2021-01-20;511;0;3710;13;1.1;0.0
47;2021-01-21;584;0;4294;13;1.3;0.0
47;2021-01-22;463;0;4757;13;1.4;0.0
47;2021-01-23;388;1;5145;14;1.6;0.0
47;2021-01-24;0;0;5145;14;1.6;0.0
47;2021-01-25;425;0;5570;14;1.7;0.0
47;2021-01-26;788;4;6358;18;1.9;0.0
47;2021-01-27;730;1;7088;19;2.1;0.0
47;2021-01-28;575;68;7663;87;2.3;0.0
47;2021-01-29;462;170;8125;257;2.5;0.1
47;2021-01-30;301;39;8426;296;2.6;0.1
47;2021-01-31;0;0;8426;296;2.6;0.1
47;2021-02-01;374;116;8800;412;2.7;0.1
47;2021-02-02;757;316;9557;728;2.9;0.2
47;2021-02-03;424;163;9981;891;3.0;0.3
47;2021-02-04;370;317;10351;1208;3.1;0.4
47;2021-02-05;300;311;10651;1519;3.2;0.5
47;2021-02-06;294;99;10945;1618;3.3;0.5
47;2021-02-07;0;0;10945;1618;3.3;0.5
47;2021-02-08;184;287;11129;1905;3.4;0.6
47;2021-02-09;232;260;11361;2165;3.4;0.7
47;2021-02-10;255;245;11616;2410;3.5;0.7
47;2021-02-11;357;378;11973;2788;3.6;0.8
47;2021-02-12;242;414;12215;3202;3.7;1.0
47;2021-02-13;224;111;12439;3313;3.8;1.0
47;2021-02-14;0;0;12439;3313;3.8;1.0
47;2021-02-15;195;385;12634;3698;3.8;1.1
47;2021-02-16;303;590;12937;4288;3.9;1.3
47;2021-02-17;326;454;13263;4742;4.0;1.4
47;2021-02-18;200;598;13463;5340;4.1;1.6
47;2021-02-19;194;368;13657;5708;4.1;1.7
47;2021-02-20;118;269;13775;5977;4.2;1.8
47;2021-02-21;0;0;13775;5977;4.2;1.8
47;2021-02-22;75;408;13850;6385;4.2;1.9
47;2021-02-23;150;649;14000;7034;4.2;2.1
47;2021-02-24;260;561;14260;7595;4.3;2.3
47;2021-02-25;305;413;14565;8008;4.4;2.4
47;2021-02-26;469;323;15034;8331;4.6;2.5
47;2021-02-27;324;213;15358;8544;4.6;2.6
47;2021-02-28;0;0;15358;8544;4.6;2.6
47;2021-03-01;124;397;15482;8941;4.7;2.7
47;2021-03-02;200;367;15682;9308;4.7;2.8
47;2021-03-03;244;349;15926;9657;4.8;2.9
47;2021-03-04;588;329;16514;9986;5.0;3.0
47;2021-03-05;843;288;17357;10274;5.3;3.1
47;2021-03-06;507;195;17864;10469;5.4;3.2
47;2021-03-07;329;5;18193;10474;5.5;3.2
47;2021-03-08;457;227;18650;10701;5.6;3.2
47;2021-03-09;509;493;19159;11194;5.8;3.4
47;2021-03-10;665;301;19824;11495;6.0;3.5
47;2021-03-11;937;372;20761;11867;6.3;3.6
47;2021-03-12;1370;293;22131;12160;6.7;3.7
47;2021-03-13;948;105;23079;12265;7.0;3.7
47;2021-03-14;51;0;23130;12265;7.0;3.7
47;2021-03-15;591;162;23721;12427;7.2;3.8
47;2021-03-16;750;173;24471;12600;7.4;3.8
47;2021-03-17;858;203;25329;12803;7.7;3.9
47;2021-03-18;915;173;26244;12976;7.9;3.9
47;2021-03-19;1270;123;27514;13099;8.3;4.0
47;2021-03-20;1084;56;28598;13155;8.7;4.0
47;2021-03-21;343;1;28941;13156;8.8;4.0
47;2021-03-22;1011;89;29952;13245;9.1;4.0
47;2021-03-23;1148;148;31100;13393;9.4;4.1
47;2021-03-24;1211;130;32311;13523;9.8;4.1
47;2021-03-25;1567;142;33878;13665;10.3;4.1
47;2021-03-26;1881;196;35759;13861;10.8;4.2
47;2021-03-27;976;127;36735;13988;11.1;4.2
47;2021-03-28;697;4;37432;13992;11.3;4.2
47;2021-03-29;1511;79;38943;14071;11.8;4.3
47;2021-03-30;1639;124;40582;14195;12.3;4.3
47;2021-03-31;1603;144;42185;14339;12.8;4.3
47;2021-04-01;1685;264;43870;14603;13.3;4.4
47;2021-04-02;1931;454;45801;15057;13.9;4.6
47;2021-04-03;1199;177;47000;15234;14.2;4.6
47;2021-04-04;473;9;47473;15243;14.4;4.6
47;2021-04-05;1295;55;48768;15298;14.8;4.6
47;2021-04-06;1383;385;50151;15683;15.2;4.7
47;2021-04-07;1691;585;51842;16268;15.7;4.9
47;2021-04-08;1832;471;53674;16739;16.2;5.1
47;2021-04-09;2081;534;55755;17273;16.9;5.2
47;2021-04-10;1563;319;57318;17592;17.4;5.3
47;2021-04-11;530;8;57848;17600;17.5;5.3
47;2021-04-12;1437;606;59285;18206;17.9;5.5
47;2021-04-13;1816;759;61101;18965;18.5;5.7
47;2021-04-14;1750;715;62851;19680;19.0;6.0
47;2021-04-15;2011;839;64862;20519;19.6;6.2
47;2021-04-16;1764;893;66626;21412;20.2;6.5
47;2021-04-17;1472;971;68098;22383;20.6;6.8
47;2021-04-18;23;0;68121;22383;20.6;6.8
47;2021-04-19;1333;929;69454;23312;21.0;7.1
47;2021-04-20;1624;900;71078;24212;21.5;7.3
47;2021-04-21;1620;769;72698;24981;22.0;7.6
47;2021-04-22;1869;1057;74567;26038;22.6;7.9
47;2021-04-23;1721;1067;76288;27105;23.1;8.2
47;2021-04-24;1546;797;77834;27902;23.6;8.4
47;2021-04-25;242;343;78076;28245;23.6;8.6
47;2021-04-26;1485;1362;79561;29607;24.1;9.0
47;2021-04-27;1923;1469;81484;31076;24.7;9.4
47;2021-04-28;2090;1587;83574;32663;25.3;9.9
47;2021-04-29;2529;1503;86103;34166;26.1;10.3
47;2021-04-30;2040;1777;88143;35943;26.7;10.9
47;2021-05-01;2263;981;90406;36924;27.4;11.2
47;2021-05-02;21;358;90427;37282;27.4;11.3
47;2021-05-03;1596;1417;92023;38699;27.9;11.7
47;2021-05-04;1651;1726;93674;40425;28.4;12.2
47;2021-05-05;1927;1638;95601;42063;28.9;12.7
47;2021-05-06;2102;1507;97703;43570;29.6;13.2
47;2021-05-07;1994;1622;99697;45192;30.2;13.7
47;2021-05-08;2095;463;101792;45655;30.8;13.8
47;2021-05-09;24;362;101816;46017;30.8;13.9
47;2021-05-10;1203;1670;103019;47687;31.2;14.4
47;2021-05-11;2171;1990;105190;49677;31.8;15.0
47;2021-05-12;2626;1447;107816;51124;32.6;15.5
47;2021-05-13;2379;656;110195;51780;33.4;15.7
47;2021-05-14;2062;857;112257;52637;34.0;15.9
47;2021-05-15;1935;861;114192;53498;34.6;16.2
47;2021-05-16;367;8;114559;53506;34.7;16.2
47;2021-05-17;1882;1124;116441;54630;35.2;16.5
47;2021-05-18;2354;1135;118795;55765;36.0;16.9
47;2021-05-19;2344;759;121139;56524;36.7;17.1
47;2021-05-20;2581;960;123720;57484;37.5;17.4
47;2021-05-21;1535;1127;125255;58611;37.9;17.7
47;2021-05-22;2364;833;127619;59444;38.6;18.0
47;2021-05-23;25;182;127644;59626;38.6;18.1
47;2021-05-24;1550;232;129194;59858;39.1;18.1
47;2021-05-25;1481;1316;130675;61174;39.6;18.5
47;2021-05-26;1599;1081;132274;62255;40.0;18.8
47;2021-05-27;1942;1266;134216;63521;40.6;19.2
47;2021-05-28;1458;1537;135674;65058;41.1;19.7
47;2021-05-29;1152;1127;136826;66185;41.4;20.0
47;2021-05-30;12;45;136838;66230;41.4;20.0
47;2021-05-31;1867;1420;138705;67650;42.0;20.5
47;2021-06-01;1919;1334;140624;68984;42.6;20.9
47;2021-06-02;2099;1333;142723;70317;43.2;21.3
47;2021-06-03;2480;1608;145203;71925;44.0;21.8
47;2021-06-04;1968;2110;147171;74035;44.6;22.4
47;2021-06-05;1637;1474;148808;75509;45.0;22.9
47;2021-06-06;212;71;149020;75580;45.1;22.9
47;2021-06-07;1663;2245;150683;77825;45.6;23.6
47;2021-06-08;1627;1905;152310;79730;46.1;24.1
47;2021-06-09;1821;2125;154131;81855;46.7;24.8
47;2021-06-10;2367;1609;156498;83464;47.4;25.3
47;2021-06-11;1822;2097;158320;85561;47.9;25.9
47;2021-06-12;1351;2101;159671;87662;48.3;26.5
47;2021-06-13;4;10;159675;87672;48.3;26.5
47;2021-06-14;1279;2447;160954;90119;48.7;27.3
47;2021-06-15;1464;2034;162418;92153;49.2;27.9
47;2021-06-16;1205;2181;163623;94334;49.5;28.6
47;2021-06-17;1648;1524;165271;95858;50.0;29.0
47;2021-06-18;1437;2492;166708;98350;50.5;29.8
47;2021-06-19;1527;2456;168235;100806;50.9;30.5
47;2021-06-20;4;33;168239;100839;50.9;30.5
47;2021-06-21;1127;2510;169366;103349;51.3;31.3
47;2021-06-22;758;2504;170124;105853;51.5;32.0
47;2021-06-23;996;2014;171120;107867;51.8;32.7
47;2021-06-24;1202;1934;172322;109801;52.2;33.2
47;2021-06-25;1001;2608;173323;112409;52.5;34.0
47;2021-06-26;981;2783;174304;115192;52.8;34.9
47;2021-06-27;14;349;174318;115541;52.8;35.0
47;2021-06-28;866;2402;175184;117943;53.0;35.7
47;2021-06-29;794;2320;175978;120263;53.3;36.4
47;2021-06-30;724;2310;176702;122573;53.5;37.1
47;2021-07-01;811;2106;177513;124679;53.7;37.7
47;2021-07-02;886;2277;178399;126956;54.0;38.4
47;2021-07-03;720;3043;179119;129999;54.2;39.4
47;2021-07-04;31;12;179150;130011;54.2;39.4
47;2021-07-05;970;2144;180120;132155;54.5;40.0
47;2021-07-06;905;1963;181025;134118;54.8;40.6
47;2021-07-07;1291;2061;182316;136179;55.2;41.2
47;2021-07-08;1139;2191;183455;138370;55.5;41.9
47;2021-07-09;1045;2409;184500;140779;55.9;42.6
47;2021-07-10;950;2132;185450;142911;56.1;43.3
47;2021-07-11;0;6;185450;142917;56.1;43.3
47;2021-07-12;555;2585;186005;145502;56.3;44.0
47;2021-07-13;1085;2589;187090;148091;56.6;44.8
47;2021-07-14;1155;1575;188245;149666;57.0;45.3
47;2021-07-15;1703;3133;189948;152799;57.5;46.3
47;2021-07-16;1711;2678;191659;155477;58.0;47.1
47;2021-07-17;1172;2453;192831;157930;58.4;47.8
47;2021-07-18;36;188;192867;158118;58.4;47.9
47;2021-07-19;1113;2563;193980;160681;58.7;48.6
47;2021-07-20;1608;2334;195588;163015;59.2;49.3
47;2021-07-21;2166;2236;197754;165251;59.9;50.0
47;2021-07-22;2140;2279;199894;167530;60.5;50.7
47;2021-07-23;2097;2241;201991;169771;61.1;51.4
47;2021-07-24;1083;1900;203074;171671;61.5;52.0
47;2021-07-25;7;1;203081;171672;61.5;52.0
48;2020-12-27;0;0;0;0;0.0;0.0
48;2020-12-28;0;0;0;0;0.0;0.0
48;2020-12-29;0;0;0;0;0.0;0.0
48;2020-12-30;0;0;0;0;0.0;0.0
48;2020-12-31;0;0;0;0;0.0;0.0
48;2021-01-01;0;0;0;0;0.0;0.0
48;2021-01-02;0;0;0;0;0.0;0.0
48;2021-01-03;0;0;0;0;0.0;0.0
48;2021-01-04;0;0;0;0;0.0;0.0
48;2021-01-05;0;0;0;0;0.0;0.0
48;2021-01-06;0;0;0;0;0.0;0.0
48;2021-01-07;54;0;54;0;0.1;0.0
48;2021-01-08;87;0;141;0;0.2;0.0
48;2021-01-09;1;0;142;0;0.2;0.0
48;2021-01-10;0;0;142;0;0.2;0.0
48;2021-01-11;13;0;155;0;0.2;0.0
48;2021-01-12;19;1;174;1;0.2;0.0
48;2021-01-13;104;0;278;1;0.4;0.0
48;2021-01-14;90;0;368;1;0.5;0.0
48;2021-01-15;63;0;431;1;0.6;0.0
48;2021-01-16;0;0;431;1;0.6;0.0
48;2021-01-17;0;0;431;1;0.6;0.0
48;2021-01-18;117;0;548;1;0.7;0.0
48;2021-01-19;345;0;893;1;1.2;0.0
48;2021-01-20;364;0;1257;1;1.6;0.0
48;2021-01-21;463;0;1720;1;2.3;0.0
48;2021-01-22;269;0;1989;1;2.6;0.0
48;2021-01-23;36;0;2025;1;2.7;0.0
48;2021-01-24;0;0;2025;1;2.7;0.0
48;2021-01-25;109;0;2134;1;2.8;0.0
48;2021-01-26;261;1;2395;2;3.1;0.0
48;2021-01-27;257;2;2652;4;3.5;0.0
48;2021-01-28;270;10;2922;14;3.8;0.0
48;2021-01-29;175;60;3097;74;4.1;0.1
48;2021-01-30;1;7;3098;81;4.1;0.1
48;2021-01-31;0;6;3098;87;4.1;0.1
48;2021-02-01;97;48;3195;135;4.2;0.2
48;2021-02-02;142;36;3337;171;4.4;0.2
48;2021-02-03;177;82;3514;253;4.6;0.3
48;2021-02-04;234;13;3748;266;4.9;0.3
48;2021-02-05;144;35;3892;301;5.1;0.4
48;2021-02-06;34;0;3926;301;5.1;0.4
48;2021-02-07;0;0;3926;301;5.1;0.4
48;2021-02-08;50;61;3976;362;5.2;0.5
48;2021-02-09;66;167;4042;529;5.3;0.7
48;2021-02-10;65;303;4107;832;5.4;1.1
48;2021-02-11;165;407;4272;1239;5.6;1.6
48;2021-02-12;119;156;4391;1395;5.8;1.8
48;2021-02-13;8;55;4399;1450;5.8;1.9
48;2021-02-14;0;0;4399;1450;5.8;1.9
48;2021-02-15;51;106;4450;1556;5.8;2.0
48;2021-02-16;43;173;4493;1729;5.9;2.3
48;2021-02-17;35;284;4528;2013;5.9;2.6
48;2021-02-18;252;95;4780;2108;6.3;2.8
48;2021-02-19;60;183;4840;2291;6.3;3.0
48;2021-02-20;0;1;4840;2292;6.3;3.0
48;2021-02-21;0;14;4840;2306;6.3;3.0
48;2021-02-22;24;129;4864;2435;6.4;3.2
48;2021-02-23;74;221;4938;2656;6.5;3.5
48;2021-02-24;66;265;5004;2921;6.6;3.8
48;2021-02-25;148;263;5152;3184;6.8;4.2
48;2021-02-26;51;225;5203;3409;6.8;4.5
48;2021-02-27;28;1;5231;3410;6.9;4.5
48;2021-02-28;3;14;5234;3424;6.9;4.5
48;2021-03-01;102;96;5336;3520;7.0;4.6
48;2021-03-02;199;87;5535;3607;7.3;4.7
48;2021-03-03;155;111;5690;3718;7.5;4.9
48;2021-03-04;192;183;5882;3901;7.7;5.1
48;2021-03-05;137;141;6019;4042;7.9;5.3
48;2021-03-06;180;53;6199;4095;8.1;5.4
48;2021-03-07;75;1;6274;4096;8.2;5.4
48;2021-03-08;351;122;6625;4218;8.7;5.5
48;2021-03-09;377;85;7002;4303;9.2;5.6
48;2021-03-10;262;60;7264;4363;9.5;5.7
48;2021-03-11;334;90;7598;4453;10.0;5.8
48;2021-03-12;256;155;7854;4608;10.3;6.0
48;2021-03-13;301;4;8155;4612;10.7;6.0
48;2021-03-14;8;0;8163;4612;10.7;6.0
48;2021-03-15;174;63;8337;4675;10.9;6.1
48;2021-03-16;162;65;8499;4740;11.1;6.2
48;2021-03-17;156;107;8655;4847;11.3;6.4
48;2021-03-18;190;102;8845;4949;11.6;6.5
48;2021-03-19;116;95;8961;5044;11.7;6.6
48;2021-03-20;101;0;9062;5044;11.9;6.6
48;2021-03-21;0;0;9062;5044;11.9;6.6
48;2021-03-22;160;22;9222;5066;12.1;6.6
48;2021-03-23;328;100;9550;5166;12.5;6.8
48;2021-03-24;284;99;9834;5265;12.9;6.9
48;2021-03-25;757;111;10591;5376;13.9;7.0
48;2021-03-26;269;57;10860;5433;14.2;7.1
48;2021-03-27;104;0;10964;5433;14.4;7.1
48;2021-03-28;78;19;11042;5452;14.5;7.1
48;2021-03-29;304;78;11346;5530;14.9;7.2
48;2021-03-30;362;128;11708;5658;15.3;7.4
48;2021-03-31;447;83;12155;5741;15.9;7.5
48;2021-04-01;729;66;12884;5807;16.9;7.6
48;2021-04-02;486;124;13370;5931;17.5;7.8
48;2021-04-03;140;83;13510;6014;17.7;7.9
48;2021-04-04;0;0;13510;6014;17.7;7.9
48;2021-04-05;42;1;13552;6015;17.8;7.9
48;2021-04-06;464;155;14016;6170;18.4;8.1
48;2021-04-07;464;138;14480;6308;19.0;8.3
48;2021-04-08;618;182;15098;6490;19.8;8.5
48;2021-04-09;446;115;15544;6605;20.4;8.7
48;2021-04-10;95;58;15639;6663;20.5;8.7
48;2021-04-11;1;0;15640;6663;20.5;8.7
48;2021-04-12;364;70;16004;6733;21.0;8.8
48;2021-04-13;361;92;16365;6825;21.5;8.9
48;2021-04-14;623;184;16988;7009;22.3;9.2
48;2021-04-15;698;350;17686;7359;23.2;9.6
48;2021-04-16;538;219;18224;7578;23.9;9.9
48;2021-04-17;89;69;18313;7647;24.0;10.0
48;2021-04-18;0;0;18313;7647;24.0;10.0
48;2021-04-19;197;104;18510;7751;24.3;10.2
48;2021-04-20;216;175;18726;7926;24.5;10.4
48;2021-04-21;284;203;19010;8129;24.9;10.7
48;2021-04-22;308;479;19318;8608;25.3;11.3
48;2021-04-23;254;239;19572;8847;25.7;11.6
48;2021-04-24;97;93;19669;8940;25.8;11.7
48;2021-04-25;1;9;19670;8949;25.8;11.7
48;2021-04-26;87;206;19757;9155;25.9;12.0
48;2021-04-27;172;292;19929;9447;26.1;12.4
48;2021-04-28;149;413;20078;9860;26.3;12.9
48;2021-04-29;204;490;20282;10350;26.6;13.6
48;2021-04-30;171;222;20453;10572;26.8;13.9
48;2021-05-01;0;0;20453;10572;26.8;13.9
48;2021-05-02;0;0;20453;10572;26.8;13.9
48;2021-05-03;105;386;20558;10958;26.9;14.4
48;2021-05-04;227;420;20785;11378;27.2;14.9
48;2021-05-05;84;484;20869;11862;27.4;15.5
48;2021-05-06;742;633;21611;12495;28.3;16.4
48;2021-05-07;95;504;21706;12999;28.5;17.0
48;2021-05-08;309;43;22015;13042;28.9;17.1
48;2021-05-09;285;9;22300;13051;29.2;17.1
48;2021-05-10;55;325;22355;13376;29.3;17.5
48;2021-05-11;220;290;22575;13666;29.6;17.9
48;2021-05-12;249;312;22824;13978;29.9;18.3
48;2021-05-13;471;157;23295;14135;30.5;18.5
48;2021-05-14;244;221;23539;14356;30.9;18.8
48;2021-05-15;84;47;23623;14403;31.0;18.9
48;2021-05-16;0;8;23623;14411;31.0;18.9
48;2021-05-17;474;265;24097;14676;31.6;19.2
48;2021-05-18;262;228;24359;14904;31.9;19.5
48;2021-05-19;207;278;24566;15182;32.2;19.9
48;2021-05-20;320;253;24886;15435;32.6;20.2
48;2021-05-21;172;267;25058;15702;32.8;20.6
48;2021-05-22;25;50;25083;15752;32.9;20.6
48;2021-05-23;0;6;25083;15758;32.9;20.7
48;2021-05-24;0;14;25083;15772;32.9;20.7
48;2021-05-25;180;265;25263;16037;33.1;21.0
48;2021-05-26;416;297;25679;16334;33.7;21.4
48;2021-05-27;1176;370;26855;16704;35.2;21.9
48;2021-05-28;315;343;27170;17047;35.6;22.3
48;2021-05-29;79;49;27249;17096;35.7;22.4
48;2021-05-30;0;1;27249;17097;35.7;22.4
48;2021-05-31;625;262;27874;17359;36.5;22.8
48;2021-06-01;271;302;28145;17661;36.9;23.2
48;2021-06-02;407;422;28552;18083;37.4;23.7
48;2021-06-03;628;429;29180;18512;38.3;24.3
48;2021-06-04;291;280;29471;18792;38.6;24.6
48;2021-06-05;121;75;29592;18867;38.8;24.7
48;2021-06-06;1;1;29593;18868;38.8;24.7
48;2021-06-07;440;161;30033;19029;39.4;24.9
48;2021-06-08;612;303;30645;19332;40.2;25.3
48;2021-06-09;378;188;31023;19520;40.7;25.6
48;2021-06-10;1000;229;32023;19749;42.0;25.9
48;2021-06-11;372;159;32395;19908;42.5;26.1
48;2021-06-12;74;56;32469;19964;42.6;26.2
48;2021-06-13;0;2;32469;19966;42.6;26.2
48;2021-06-14;124;115;32593;20081;42.7;26.3
48;2021-06-15;406;384;32999;20465;43.3;26.8
48;2021-06-16;259;143;33258;20608;43.6;27.0
48;2021-06-17;487;568;33745;21176;44.2;27.8
48;2021-06-18;254;313;33999;21489;44.6;28.2
48;2021-06-19;35;291;34034;21780;44.6;28.6
48;2021-06-20;123;224;34157;22004;44.8;28.8
48;2021-06-21;123;132;34280;22136;44.9;29.0
48;2021-06-22;257;329;34537;22465;45.3;29.4
48;2021-06-23;111;546;34648;23011;45.4;30.2
48;2021-06-24;361;603;35009;23614;45.9;31.0
48;2021-06-25;148;274;35157;23888;46.1;31.3
48;2021-06-26;14;45;35171;23933;46.1;31.4
48;2021-06-27;1;1;35172;23934;46.1;31.4
48;2021-06-28;80;179;35252;24113;46.2;31.6
48;2021-06-29;294;411;35546;24524;46.6;32.1
48;2021-06-30;94;465;35640;24989;46.7;32.8
48;2021-07-01;196;666;35836;25655;47.0;33.6
48;2021-07-02;147;368;35983;26023;47.2;34.1
48;2021-07-03;41;88;36024;26111;47.2;34.2
48;2021-07-04;7;0;36031;26111;47.2;34.2
48;2021-07-05;40;116;36071;26227;47.3;34.4
48;2021-07-06;277;596;36348;26823;47.6;35.2
48;2021-07-07;200;483;36548;27306;47.9;35.8
48;2021-07-08;222;1185;36770;28491;48.2;37.3
48;2021-07-09;156;552;36926;29043;48.4;38.1
48;2021-07-10;95;146;37021;29189;48.5;38.3
48;2021-07-11;0;4;37021;29193;48.5;38.3
48;2021-07-12;138;672;37159;29865;48.7;39.1
48;2021-07-13;212;431;37371;30296;49.0;39.7
48;2021-07-14;178;142;37549;30438;49.2;39.9
48;2021-07-15;185;456;37734;30894;49.5;40.5
48;2021-07-16;233;310;37967;31204;49.8;40.9
48;2021-07-17;121;117;38088;31321;49.9;41.1
48;2021-07-18;4;4;38092;31325;49.9;41.1
48;2021-07-19;97;302;38189;31627;50.1;41.5
48;2021-07-20;590;990;38779;32617;50.8;42.8
48;2021-07-21;68;370;38847;32987;50.9;43.2
48;2021-07-22;772;1116;39619;34103;51.9;44.7
48;2021-07-23;351;432;39970;34535;52.4;45.3
48;2021-07-24;504;166;40474;34701;53.1;45.5
48;2021-07-25;137;46;40611;34747;53.2;45.5
49;2020-12-27;0;0;0;0;0.0;0.0
49;2020-12-28;2;0;2;0;0.0;0.0
49;2020-12-29;0;0;2;0;0.0;0.0
49;2020-12-30;0;0;2;0;0.0;0.0
49;2020-12-31;0;0;2;0;0.0;0.0
49;2021-01-01;2;0;4;0;0.0;0.0
49;2021-01-02;1;0;5;0;0.0;0.0
49;2021-01-03;0;0;5;0;0.0;0.0
49;2021-01-04;9;0;14;0;0.0;0.0
49;2021-01-05;92;0;106;0;0.0;0.0
49;2021-01-06;232;0;338;0;0.0;0.0
49;2021-01-07;366;0;704;0;0.1;0.0
49;2021-01-08;330;1;1034;1;0.1;0.0
49;2021-01-09;118;0;1152;1;0.1;0.0
49;2021-01-10;114;0;1266;1;0.2;0.0
49;2021-01-11;287;0;1553;1;0.2;0.0
49;2021-01-12;622;0;2175;1;0.3;0.0
49;2021-01-13;601;2;2776;3;0.3;0.0
49;2021-01-14;587;6;3363;9;0.4;0.0
49;2021-01-15;774;1;4137;10;0.5;0.0
49;2021-01-16;147;0;4284;10;0.5;0.0
49;2021-01-17;111;2;4395;12;0.5;0.0
49;2021-01-18;691;0;5086;12;0.6;0.0
49;2021-01-19;1204;1;6290;13;0.8;0.0
49;2021-01-20;1506;3;7796;16;1.0;0.0
49;2021-01-21;1937;4;9733;20;1.2;0.0
49;2021-01-22;1313;4;11046;24;1.4;0.0
49;2021-01-23;261;1;11307;25;1.4;0.0
49;2021-01-24;0;0;11307;25;1.4;0.0
49;2021-01-25;549;5;11856;30;1.5;0.0
49;2021-01-26;986;75;12842;105;1.6;0.0
49;2021-01-27;1841;37;14683;142;1.8;0.0
49;2021-01-28;2872;85;17555;227;2.2;0.0
49;2021-01-29;1585;94;19140;321;2.3;0.0
49;2021-01-30;298;47;19438;368;2.4;0.0
49;2021-01-31;62;51;19500;419;2.4;0.1
49;2021-02-01;657;156;20157;575;2.5;0.1
49;2021-02-02;743;386;20900;961;2.6;0.1
49;2021-02-03;674;381;21574;1342;2.6;0.2
49;2021-02-04;755;445;22329;1787;2.7;0.2
49;2021-02-05;706;598;23035;2385;2.8;0.3
49;2021-02-06;229;111;23264;2496;2.9;0.3
49;2021-02-07;59;86;23323;2582;2.9;0.3
49;2021-02-08;549;481;23872;3063;2.9;0.4
49;2021-02-09;711;648;24583;3711;3.0;0.5
49;2021-02-10;800;952;25383;4663;3.1;0.6
49;2021-02-11;1000;1407;26383;6070;3.2;0.7
49;2021-02-12;869;975;27252;7045;3.3;0.9
49;2021-02-13;266;118;27518;7163;3.4;0.9
49;2021-02-14;9;106;27527;7269;3.4;0.9
49;2021-02-15;734;662;28261;7931;3.5;1.0
49;2021-02-16;1111;1124;29372;9055;3.6;1.1
49;2021-02-17;1156;1865;30528;10920;3.7;1.3
49;2021-02-18;1811;2438;32339;13358;4.0;1.6
49;2021-02-19;1391;1107;33730;14465;4.1;1.8
49;2021-02-20;233;383;33963;14848;4.2;1.8
49;2021-02-21;0;64;33963;14912;4.2;1.8
49;2021-02-22;646;586;34609;15498;4.2;1.9
49;2021-02-23;734;865;35343;16363;4.3;2.0
49;2021-02-24;802;646;36145;17009;4.4;2.1
49;2021-02-25;1208;818;37353;17827;4.6;2.2
49;2021-02-26;1667;847;39020;18674;4.8;2.3
49;2021-02-27;435;307;39455;18981;4.8;2.3
49;2021-02-28;49;38;39504;19019;4.8;2.3
49;2021-03-01;765;579;40269;19598;4.9;2.4
49;2021-03-02;1081;725;41350;20323;5.1;2.5
49;2021-03-03;1555;673;42905;20996;5.3;2.6
49;2021-03-04;1763;935;44668;21931;5.5;2.7
49;2021-03-05;2212;695;46880;22626;5.7;2.8
49;2021-03-06;713;187;47593;22813;5.8;2.8
49;2021-03-07;627;10;48220;22823;5.9;2.8
49;2021-03-08;1395;710;49615;23533;6.1;2.9
49;2021-03-09;2049;741;51664;24274;6.3;3.0
49;2021-03-10;2525;856;54189;25130;6.6;3.1
49;2021-03-11;3191;1467;57380;26597;7.0;3.3
49;2021-03-12;3765;992;61145;27589;7.5;3.4
49;2021-03-13;1499;214;62644;27803;7.7;3.4
49;2021-03-14;6;0;62650;27803;7.7;3.4
49;2021-03-15;2084;544;64734;28347;7.9;3.5
49;2021-03-16;1731;961;66465;29308;8.1;3.6
49;2021-03-17;1810;671;68275;29979;8.4;3.7
49;2021-03-18;2199;725;70474;30704;8.6;3.8
49;2021-03-19;3328;558;73802;31262;9.0;3.8
49;2021-03-20;1741;208;75543;31470;9.3;3.9
49;2021-03-21;494;24;76037;31494;9.3;3.9
49;2021-03-22;2245;546;78282;32040;9.6;3.9
49;2021-03-23;3398;675;81680;32715;10.0;4.0
49;2021-03-24;3602;494;85282;33209;10.5;4.1
49;2021-03-25;4223;640;89505;33849;11.0;4.1
49;2021-03-26;4878;498;94383;34347;11.6;4.2
49;2021-03-27;1673;98;96056;34445;11.8;4.2
49;2021-03-28;398;33;96454;34478;11.8;4.2
49;2021-03-29;2368;614;98822;35092;12.1;4.3
49;2021-03-30;3264;933;102086;36025;12.5;4.4
49;2021-03-31;2976;750;105062;36775;12.9;4.5
49;2021-04-01;4118;858;109180;37633;13.4;4.6
49;2021-04-02;4285;927;113465;38560;13.9;4.7
49;2021-04-03;971;193;114436;38753;14.0;4.7
49;2021-04-04;314;3;114750;38756;14.1;4.8
49;2021-04-05;940;21;115690;38777;14.2;4.8
49;2021-04-06;2331;1324;118021;40101;14.5;4.9
49;2021-04-07;3307;1364;121328;41465;14.9;5.1
49;2021-04-08;5178;1394;126506;42859;15.5;5.3
49;2021-04-09;6208;1405;132714;44264;16.3;5.4
49;2021-04-10;2062;491;134776;44755;16.5;5.5
49;2021-04-11;389;7;135165;44762;16.6;5.5
49;2021-04-12;4070;1574;139235;46336;17.1;5.7
49;2021-04-13;5376;1908;144611;48244;17.7;5.9
49;2021-04-14;4538;1864;149149;50108;18.3;6.1
49;2021-04-15;5377;1885;154526;51993;18.9;6.4
49;2021-04-16;5756;2127;160282;54120;19.6;6.6
49;2021-04-17;3335;839;163617;54959;20.1;6.7
49;2021-04-18;381;476;163998;55435;20.1;6.8
49;2021-04-19;3708;2058;167706;57493;20.6;7.0
49;2021-04-20;4372;2109;172078;59602;21.1;7.3
49;2021-04-21;3951;2207;176029;61809;21.6;7.6
49;2021-04-22;4834;2100;180863;63909;22.2;7.8
49;2021-04-23;4808;2325;185671;66234;22.8;8.1
49;2021-04-24;2935;1154;188606;67388;23.1;8.3
49;2021-04-25;41;283;188647;67671;23.1;8.3
49;2021-04-26;3738;2109;192385;69780;23.6;8.6
49;2021-04-27;4473;2488;196858;72268;24.1;8.9
49;2021-04-28;4614;2477;201472;74745;24.7;9.2
49;2021-04-29;5206;3004;206678;77749;25.3;9.5
49;2021-04-30;5547;3182;212225;80931;26.0;9.9
49;2021-05-01;2365;662;214590;81593;26.3;10.0
49;2021-05-02;4;40;214594;81633;26.3;10.0
49;2021-05-03;5011;2388;219605;84021;26.9;10.3
49;2021-05-04;4970;3037;224575;87058;27.5;10.7
49;2021-05-05;4783;2994;229358;90052;28.1;11.0
49;2021-05-06;5328;3077;234686;93129;28.8;11.4
49;2021-05-07;4272;5013;238958;98142;29.3;12.0
49;2021-05-08;3573;435;242531;98577;29.7;12.1
49;2021-05-09;9;41;242540;98618;29.7;12.1
49;2021-05-10;4829;4267;247369;102885;30.3;12.6
49;2021-05-11;5394;5083;252763;107968;31.0;13.2
49;2021-05-12;4802;4585;257565;112553;31.6;13.8
49;2021-05-13;4778;684;262343;113237;32.2;13.9
49;2021-05-14;5170;3267;267513;116504;32.8;14.3
49;2021-05-15;4154;1806;271667;118310;33.3;14.5
49;2021-05-16;2787;116;274454;118426;33.6;14.5
49;2021-05-17;4829;3680;279283;122106;34.2;15.0
49;2021-05-18;5462;3756;284745;125862;34.9;15.4
49;2021-05-19;5913;3213;290658;129075;35.6;15.8
49;2021-05-20;6764;2957;297422;132032;36.5;16.2
49;2021-05-21;6457;3738;303879;135770;37.2;16.6
49;2021-05-22;5182;1187;309061;136957;37.9;16.8
49;2021-05-23;1;12;309062;136969;37.9;16.8
49;2021-05-24;4219;443;313281;137412;38.4;16.8
49;2021-05-25;6330;3298;319611;140710;39.2;17.2
49;2021-05-26;6272;2657;325883;143367;39.9;17.6
49;2021-05-27;7108;2720;332991;146087;40.8;17.9
49;2021-05-28;6874;4010;339865;150097;41.7;18.4
49;2021-05-29;5021;1894;344886;151991;42.3;18.6
49;2021-05-30;20;13;344906;152004;42.3;18.6
49;2021-05-31;6038;3215;350944;155219;43.0;19.0
49;2021-06-01;6587;3969;357531;159188;43.8;19.5
49;2021-06-02;5788;3736;363319;162924;44.5;20.0
49;2021-06-03;6603;3416;369922;166340;45.3;20.4
49;2021-06-04;6469;4854;376391;171194;46.1;21.0
49;2021-06-05;4384;2692;380775;173886;46.7;21.3
49;2021-06-06;34;52;380809;173938;46.7;21.3
49;2021-06-07;4628;4760;385437;178698;47.2;21.9
49;2021-06-08;5182;5090;390619;183788;47.9;22.5
49;2021-06-09;5319;4493;395938;188281;48.5;23.1
49;2021-06-10;5980;3781;401918;192062;49.3;23.5
49;2021-06-11;4844;6032;406762;198094;49.9;24.3
49;2021-06-12;4099;3199;410861;201293;50.4;24.7
49;2021-06-13;19;989;410880;202282;50.4;24.8
49;2021-06-14;3407;6013;414287;208295;50.8;25.5
49;2021-06-15;4236;6387;418523;214682;51.3;26.3
49;2021-06-16;4140;5653;422663;220335;51.8;27.0
49;2021-06-17;5061;5059;427724;225394;52.4;27.6
49;2021-06-18;4122;6883;431846;232277;52.9;28.5
49;2021-06-19;3525;3973;435371;236250;53.4;29.0
49;2021-06-20;25;23;435396;236273;53.4;29.0
49;2021-06-21;2822;6507;438218;242780;53.7;29.8
49;2021-06-22;3188;7005;441406;249785;54.1;30.6
49;2021-06-23;3243;6309;444649;256094;54.5;31.4
49;2021-06-24;4301;4969;448950;261063;55.0;32.0
49;2021-06-25;3315;7443;452265;268506;55.4;32.9
49;2021-06-26;2560;4630;454825;273136;55.7;33.5
49;2021-06-27;11;1544;454836;274680;55.7;33.7
49;2021-06-28;2228;7181;457064;281861;56.0;34.5
49;2021-06-29;2998;7259;460062;289120;56.4;35.4
49;2021-06-30;2787;6808;462849;295928;56.7;36.3
49;2021-07-01;3066;6270;465915;302198;57.1;37.0
49;2021-07-02;2886;8085;468801;310283;57.5;38.0
49;2021-07-03;1983;5491;470784;315774;57.7;38.7
49;2021-07-04;5;52;470789;315826;57.7;38.7
49;2021-07-05;1615;7076;472404;322902;57.9;39.6
49;2021-07-06;1877;7563;474281;330465;58.1;40.5
49;2021-07-07;2044;6630;476325;337095;58.4;41.3
49;2021-07-08;2497;6354;478822;343449;58.7;42.1
49;2021-07-09;2292;8255;481114;351704;59.0;43.1
49;2021-07-10;1771;5341;482885;357045;59.2;43.8
49;2021-07-11;11;34;482896;357079;59.2;43.8
49;2021-07-12;1906;7722;484802;364801;59.4;44.7
49;2021-07-13;2543;8307;487345;373108;59.7;45.7
49;2021-07-14;2875;3369;490220;376477;60.1;46.1
49;2021-07-15;3104;7555;493324;384032;60.5;47.1
49;2021-07-16;3300;8302;496624;392334;60.9;48.1
49;2021-07-17;2066;5484;498690;397818;61.1;48.8
49;2021-07-18;3737;564;502427;398382;61.6;48.8
49;2021-07-19;2557;7449;504984;405831;61.9;49.7
49;2021-07-20;3344;7479;508328;413310;62.3;50.7
49;2021-07-21;4139;6456;512467;419766;62.8;51.4
49;2021-07-22;4596;5839;517063;425605;63.4;52.2
49;2021-07-23;4884;6610;521947;432215;64.0;53.0
49;2021-07-24;3556;4963;525503;437178;64.4;53.6
49;2021-07-25;37;32;525540;437210;64.4;53.6
50;2020-12-27;0;0;0;0;0.0;0.0
50;2020-12-28;0;0;0;0;0.0;0.0
50;2020-12-29;1;0;1;0;0.0;0.0
50;2020-12-30;0;0;1;0;0.0;0.0
50;2020-12-31;0;0;1;0;0.0;0.0
50;2021-01-01;0;0;1;0;0.0;0.0
50;2021-01-02;0;0;1;0;0.0;0.0
50;2021-01-03;0;0;1;0;0.0;0.0
50;2021-01-04;0;0;1;0;0.0;0.0
50;2021-01-05;0;0;1;0;0.0;0.0
50;2021-01-06;126;0;127;0;0.0;0.0
50;2021-01-07;306;0;433;0;0.1;0.0
50;2021-01-08;436;1;869;1;0.2;0.0
50;2021-01-09;236;0;1105;1;0.2;0.0
50;2021-01-10;23;0;1128;1;0.2;0.0
50;2021-01-11;388;2;1516;3;0.3;0.0
50;2021-01-12;600;0;2116;3;0.4;0.0
50;2021-01-13;693;4;2809;7;0.6;0.0
50;2021-01-14;1039;7;3848;14;0.8;0.0
50;2021-01-15;705;2;4553;16;0.9;0.0
50;2021-01-16;214;3;4767;19;1.0;0.0
50;2021-01-17;0;0;4767;19;1.0;0.0
50;2021-01-18;619;0;5386;19;1.1;0.0
50;2021-01-19;892;1;6278;20;1.3;0.0
50;2021-01-20;931;0;7209;20;1.5;0.0
50;2021-01-21;916;4;8125;24;1.7;0.0
50;2021-01-22;713;2;8838;26;1.8;0.0
50;2021-01-23;667;4;9505;30;1.9;0.0
50;2021-01-24;880;2;10385;32;2.1;0.0
50;2021-01-25;2657;10;13042;42;2.7;0.0
50;2021-01-26;1335;12;14377;54;2.9;0.0
50;2021-01-27;745;54;15122;108;3.1;0.0
50;2021-01-28;718;169;15840;277;3.2;0.1
50;2021-01-29;578;306;16418;583;3.3;0.1
50;2021-01-30;381;167;16799;750;3.4;0.2
50;2021-01-31;0;0;16799;750;3.4;0.2
50;2021-02-01;449;226;17248;976;3.5;0.2
50;2021-02-02;416;236;17664;1212;3.6;0.2
50;2021-02-03;390;379;18054;1591;3.7;0.3
50;2021-02-04;481;453;18535;2044;3.8;0.4
50;2021-02-05;422;450;18957;2494;3.9;0.5
50;2021-02-06;178;113;19135;2607;3.9;0.5
50;2021-02-07;0;0;19135;2607;3.9;0.5
50;2021-02-08;255;510;19390;3117;4.0;0.6
50;2021-02-09;245;644;19635;3761;4.0;0.8
50;2021-02-10;568;556;20203;4317;4.1;0.9
50;2021-02-11;438;917;20641;5234;4.2;1.1
50;2021-02-12;325;673;20966;5907;4.3;1.2
50;2021-02-13;303;489;21269;6396;4.3;1.3
50;2021-02-14;185;826;21454;7222;4.4;1.5
50;2021-02-15;658;2021;22112;9243;4.5;1.9
50;2021-02-16;743;1624;22855;10867;4.7;2.2
50;2021-02-17;632;828;23487;11695;4.8;2.4
50;2021-02-18;568;808;24055;12503;4.9;2.5
50;2021-02-19;628;522;24683;13025;5.0;2.7
50;2021-02-20;422;194;25105;13219;5.1;2.7
50;2021-02-21;85;29;25190;13248;5.1;2.7
50;2021-02-22;291;731;25481;13979;5.2;2.8
50;2021-02-23;502;569;25983;14548;5.3;3.0
50;2021-02-24;623;570;26606;15118;5.4;3.1
50;2021-02-25;778;589;27384;15707;5.6;3.2
50;2021-02-26;1000;402;28384;16109;5.8;3.3
50;2021-02-27;886;112;29270;16221;6.0;3.3
50;2021-02-28;111;0;29381;16221;6.0;3.3
50;2021-03-01;489;558;29870;16779;6.1;3.4
50;2021-03-02;650;520;30520;17299;6.2;3.5
50;2021-03-03;797;459;31317;17758;6.4;3.6
50;2021-03-04;1247;337;32564;18095;6.6;3.7
50;2021-03-05;1550;346;34114;18441;7.0;3.8
50;2021-03-06;1319;156;35433;18597;7.2;3.8
50;2021-03-07;549;40;35982;18637;7.3;3.8
50;2021-03-08;1021;621;37003;19258;7.5;3.9
50;2021-03-09;1553;569;38556;19827;7.9;4.0
50;2021-03-10;1603;321;40159;20148;8.2;4.1
50;2021-03-11;2351;347;42510;20495;8.7;4.2
50;2021-03-12;2865;239;45375;20734;9.2;4.2
50;2021-03-13;1989;128;47364;20862;9.7;4.3
50;2021-03-14;279;41;47643;20903;9.7;4.3
50;2021-03-15;1376;297;49019;21200;10.0;4.3
50;2021-03-16;1339;276;50358;21476;10.3;4.4
50;2021-03-17;1269;407;51627;21883;10.5;4.5
50;2021-03-18;1159;424;52786;22307;10.8;4.5
50;2021-03-19;1729;588;54515;22895;11.1;4.7
50;2021-03-20;1684;222;56199;23117;11.5;4.7
50;2021-03-21;794;9;56993;23126;11.6;4.7
50;2021-03-22;1506;332;58499;23458;11.9;4.8
50;2021-03-23;2069;391;60568;23849;12.3;4.9
50;2021-03-24;2278;551;62846;24400;12.8;5.0
50;2021-03-25;2808;462;65654;24862;13.4;5.1
50;2021-03-26;3204;460;68858;25322;14.0;5.2
50;2021-03-27;1817;374;70675;25696;14.4;5.2
50;2021-03-28;403;18;71078;25714;14.5;5.2
50;2021-03-29;2135;719;73213;26433;14.9;5.4
50;2021-03-30;2280;640;75493;27073;15.4;5.5
50;2021-03-31;2475;567;77968;27640;15.9;5.6
50;2021-04-01;3100;860;81068;28500;16.5;5.8
50;2021-04-02;2962;930;84030;29430;17.1;6.0
50;2021-04-03;1244;691;85274;30121;17.4;6.1
50;2021-04-04;321;135;85595;30256;17.4;6.2
50;2021-04-05;399;27;85994;30283;17.5;6.2
50;2021-04-06;2124;1223;88118;31506;18.0;6.4
50;2021-04-07;2556;1178;90674;32684;18.5;6.7
50;2021-04-08;3592;1212;94266;33896;19.2;6.9
50;2021-04-09;3928;1286;98194;35182;20.0;7.2
50;2021-04-10;2535;877;100729;36059;20.5;7.3
50;2021-04-11;408;147;101137;36206;20.6;7.4
50;2021-04-12;2438;1375;103575;37581;21.1;7.7
50;2021-04-13;2673;1535;106248;39116;21.7;8.0
50;2021-04-14;2607;1351;108855;40467;22.2;8.2
50;2021-04-15;3158;1104;112013;41571;22.8;8.5
50;2021-04-16;3362;1103;115375;42674;23.5;8.7
50;2021-04-17;2400;1182;117775;43856;24.0;8.9
50;2021-04-18;424;661;118199;44517;24.1;9.1
50;2021-04-19;1999;1472;120198;45989;24.5;9.4
50;2021-04-20;2277;1583;122475;47572;25.0;9.7
50;2021-04-21;2552;1755;125027;49327;25.5;10.1
50;2021-04-22;3077;1820;128104;51147;26.1;10.4
50;2021-04-23;2747;1907;130851;53054;26.7;10.8
50;2021-04-24;1895;1434;132746;54488;27.1;11.1
50;2021-04-25;470;272;133216;54760;27.1;11.2
50;2021-04-26;2118;1886;135334;56646;27.6;11.5
50;2021-04-27;2407;1994;137741;58640;28.1;12.0
50;2021-04-28;2706;1964;140447;60604;28.6;12.4
50;2021-04-29;3284;2036;143731;62640;29.3;12.8
50;2021-04-30;2994;1926;146725;64566;29.9;13.2
50;2021-05-01;1013;592;147738;65158;30.1;13.3
50;2021-05-02;522;450;148260;65608;30.2;13.4
50;2021-05-03;1766;1807;150026;67415;30.6;13.7
50;2021-05-04;1771;2320;151797;69735;30.9;14.2
50;2021-05-05;1661;2952;153458;72687;31.3;14.8
50;2021-05-06;2532;2580;155990;75267;31.8;15.3
50;2021-05-07;2148;2861;158138;78128;32.2;15.9
50;2021-05-08;1166;789;159304;78917;32.5;16.1
50;2021-05-09;621;359;159925;79276;32.6;16.2
50;2021-05-10;1706;2601;161631;81877;32.9;16.7
50;2021-05-11;2542;2839;164173;84716;33.5;17.3
50;2021-05-12;3175;2436;167348;87152;34.1;17.8
50;2021-05-13;3381;611;170729;87763;34.8;17.9
50;2021-05-14;3572;2277;174301;90040;35.5;18.4
50;2021-05-15;4000;1870;178301;91910;36.3;18.7
50;2021-05-16;946;265;179247;92175;36.5;18.8
50;2021-05-17;2137;1875;181384;94050;37.0;19.2
50;2021-05-18;2521;1615;183905;95665;37.5;19.5
50;2021-05-19;2503;1439;186408;97104;38.0;19.8
50;2021-05-20;3242;1625;189650;98729;38.7;20.1
50;2021-05-21;3157;1914;192807;100643;39.3;20.5
50;2021-05-22;2649;1324;195456;101967;39.8;20.8
50;2021-05-23;604;285;196060;102252;40.0;20.8
50;2021-05-24;1527;491;197587;102743;40.3;20.9
50;2021-05-25;2447;1674;200034;104417;40.8;21.3
50;2021-05-26;2989;1442;203023;105859;41.4;21.6
50;2021-05-27;3026;1974;206049;107833;42.0;22.0
50;2021-05-28;2946;2120;208995;109953;42.6;22.4
50;2021-05-29;2755;1399;211750;111352;43.2;22.7
50;2021-05-30;812;323;212562;111675;43.3;22.8
50;2021-05-31;2651;1815;215213;113490;43.9;23.1
50;2021-06-01;3330;2063;218543;115553;44.5;23.6
50;2021-06-02;3256;1782;221799;117335;45.2;23.9
50;2021-06-03;3909;2084;225708;119419;46.0;24.3
50;2021-06-04;3823;2874;229531;122293;46.8;24.9
50;2021-06-05;2957;1842;232488;124135;47.4;25.3
50;2021-06-06;812;443;233300;124578;47.5;25.4
50;2021-06-07;3515;2076;236815;126654;48.3;25.8
50;2021-06-08;4071;2220;240886;128874;49.1;26.3
50;2021-06-09;4247;1985;245133;130859;50.0;26.7
50;2021-06-10;4190;2107;249323;132966;50.8;27.1
50;2021-06-11;4215;2708;253538;135674;51.7;27.7
50;2021-06-12;3731;1597;257269;137271;52.4;28.0
50;2021-06-13;1141;448;258410;137719;52.7;28.1
50;2021-06-14;2685;2960;261095;140679;53.2;28.7
50;2021-06-15;3016;2601;264111;143280;53.8;29.2
50;2021-06-16;3093;1968;267204;145248;54.5;29.6
50;2021-06-17;2792;2481;269996;147729;55.0;30.1
50;2021-06-18;3225;3037;273221;150766;55.7;30.7
50;2021-06-19;3170;1917;276391;152683;56.3;31.1
50;2021-06-20;730;709;277121;153392;56.5;31.3
50;2021-06-21;1807;3133;278928;156525;56.8;31.9
50;2021-06-22;2056;3388;280984;159913;57.3;32.6
50;2021-06-23;1854;3875;282838;163788;57.6;33.4
50;2021-06-24;1705;4014;284543;167802;58.0;34.2
50;2021-06-25;2120;4001;286663;171803;58.4;35.0
50;2021-06-26;2128;3699;288791;175502;58.9;35.8
50;2021-06-27;609;891;289400;176393;59.0;35.9
50;2021-06-28;1901;3361;291301;179754;59.4;36.6
50;2021-06-29;1863;3403;293164;183157;59.7;37.3
50;2021-06-30;2154;3411;295318;186568;60.2;38.0
50;2021-07-01;1930;3264;297248;189832;60.6;38.7
50;2021-07-02;1879;3944;299127;193776;61.0;39.5
50;2021-07-03;1433;3457;300560;197233;61.3;40.2
50;2021-07-04;441;1072;301001;198305;61.3;40.4
50;2021-07-05;1255;3419;302256;201724;61.6;41.1
50;2021-07-06;1547;3894;303803;205618;61.9;41.9
50;2021-07-07;1774;3626;305577;209244;62.3;42.6
50;2021-07-08;1350;4110;306927;213354;62.6;43.5
50;2021-07-09;1378;4586;308305;217940;62.8;44.4
50;2021-07-10;1014;3610;309319;221550;63.0;45.2
50;2021-07-11;365;1022;309684;222572;63.1;45.4
50;2021-07-12;1295;4638;310979;227210;63.4;46.3
50;2021-07-13;1603;4869;312582;232079;63.7;47.3
50;2021-07-14;1472;2355;314054;234434;64.0;47.8
50;2021-07-15;1664;5059;315718;239493;64.3;48.8
50;2021-07-16;2961;5248;318679;244741;64.9;49.9
50;2021-07-17;2127;3733;320806;248474;65.4;50.6
50;2021-07-18;402;1090;321208;249564;65.5;50.9
50;2021-07-19;1559;5185;322767;254749;65.8;51.9
50;2021-07-20;1903;5412;324670;260161;66.2;53.0
50;2021-07-21;1776;5259;326446;265420;66.5;54.1
50;2021-07-22;1841;4997;328287;270417;66.9;55.1
50;2021-07-23;2008;5388;330295;275805;67.3;56.2
50;2021-07-24;1301;3832;331596;279637;67.6;57.0
50;2021-07-25;265;1037;331861;280674;67.6;57.2
51;2020-12-27;0;0;0;0;0.0;0.0
51;2020-12-28;0;0;0;0;0.0;0.0
51;2020-12-29;0;0;0;0;0.0;0.0
51;2020-12-30;0;0;0;0;0.0;0.0
51;2020-12-31;1;0;1;0;0.0;0.0
51;2021-01-01;0;0;1;0;0.0;0.0
51;2021-01-02;0;0;1;0;0.0;0.0
51;2021-01-03;0;0;1;0;0.0;0.0
51;2021-01-04;1;0;2;0;0.0;0.0
51;2021-01-05;1;0;3;0;0.0;0.0
51;2021-01-06;6;0;9;0;0.0;0.0
51;2021-01-07;261;1;270;1;0.0;0.0
51;2021-01-08;505;1;775;2;0.1;0.0
51;2021-01-09;91;0;866;2;0.2;0.0
51;2021-01-10;0;0;866;2;0.2;0.0
51;2021-01-11;544;2;1410;4;0.3;0.0
51;2021-01-12;1533;3;2943;7;0.5;0.0
51;2021-01-13;1287;5;4230;12;0.8;0.0
51;2021-01-14;1463;6;5693;18;1.0;0.0
51;2021-01-15;605;3;6298;21;1.1;0.0
51;2021-01-16;177;1;6475;22;1.1;0.0
51;2021-01-17;101;0;6576;22;1.2;0.0
51;2021-01-18;842;2;7418;24;1.3;0.0
51;2021-01-19;997;2;8415;26;1.5;0.0
51;2021-01-20;955;7;9370;33;1.7;0.0
51;2021-01-21;790;2;10160;35;1.8;0.0
51;2021-01-22;390;2;10550;37;1.9;0.0
51;2021-01-23;294;0;10844;37;1.9;0.0
51;2021-01-24;129;1;10973;38;1.9;0.0
51;2021-01-25;712;1;11685;39;2.1;0.0
51;2021-01-26;776;4;12461;43;2.2;0.0
51;2021-01-27;656;3;13117;46;2.3;0.0
51;2021-01-28;644;70;13761;116;2.4;0.0
51;2021-01-29;471;142;14232;258;2.5;0.0
51;2021-01-30;126;5;14358;263;2.5;0.0
51;2021-01-31;83;0;14441;263;2.6;0.0
51;2021-02-01;271;58;14712;321;2.6;0.1
51;2021-02-02;732;722;15444;1043;2.7;0.2
51;2021-02-03;636;470;16080;1513;2.9;0.3
51;2021-02-04;965;822;17045;2335;3.0;0.4
51;2021-02-05;966;512;18011;2847;3.2;0.5
51;2021-02-06;30;149;18041;2996;3.2;0.5
51;2021-02-07;0;18;18041;3014;3.2;0.5
51;2021-02-08;115;415;18156;3429;3.2;0.6
51;2021-02-09;222;471;18378;3900;3.3;0.7
51;2021-02-10;219;641;18597;4541;3.3;0.8
51;2021-02-11;298;530;18895;5071;3.4;0.9
51;2021-02-12;340;567;19235;5638;3.4;1.0
51;2021-02-13;8;117;19243;5755;3.4;1.0
51;2021-02-14;8;173;19251;5928;3.4;1.1
51;2021-02-15;265;854;19516;6782;3.5;1.2
51;2021-02-16;400;968;19916;7750;3.5;1.4
51;2021-02-17;367;882;20283;8632;3.6;1.5
51;2021-02-18;435;594;20718;9226;3.7;1.6
51;2021-02-19;528;420;21246;9646;3.8;1.7
51;2021-02-20;205;296;21451;9942;3.8;1.8
51;2021-02-21;10;101;21461;10043;3.8;1.8
51;2021-02-22;195;691;21656;10734;3.8;1.9
51;2021-02-23;259;1099;21915;11833;3.9;2.1
51;2021-02-24;410;695;22325;12528;4.0;2.2
51;2021-02-25;1048;884;23373;13412;4.1;2.4
51;2021-02-26;1223;666;24596;14078;4.4;2.5
51;2021-02-27;589;124;25185;14202;4.5;2.5
51;2021-02-28;7;71;25192;14273;4.5;2.5
51;2021-03-01;766;308;25958;14581;4.6;2.6
51;2021-03-02;1122;447;27080;15028;4.8;2.7
51;2021-03-03;1193;461;28273;15489;5.0;2.7
51;2021-03-04;1058;699;29331;16188;5.2;2.9
51;2021-03-05;1558;668;30889;16856;5.5;3.0
51;2021-03-06;1433;47;32322;16903;5.7;3.0
51;2021-03-07;250;3;32572;16906;5.8;3.0
51;2021-03-08;988;96;33560;17002;6.0;3.0
51;2021-03-09;1663;180;35223;17182;6.2;3.0
51;2021-03-10;1991;99;37214;17281;6.6;3.1
51;2021-03-11;2370;156;39584;17437;7.0;3.1
51;2021-03-12;3246;145;42830;17582;7.6;3.1
51;2021-03-13;2549;41;45379;17623;8.0;3.1
51;2021-03-14;190;2;45569;17625;8.1;3.1
51;2021-03-15;1576;142;47145;17767;8.4;3.2
51;2021-03-16;1476;181;48621;17948;8.6;3.2
51;2021-03-17;1495;202;50116;18150;8.9;3.2
51;2021-03-18;1612;280;51728;18430;9.2;3.3
51;2021-03-19;2308;291;54036;18721;9.6;3.3
51;2021-03-20;1660;209;55696;18930;9.9;3.4
51;2021-03-21;133;1;55829;18931;9.9;3.4
51;2021-03-22;1413;117;57242;19048;10.2;3.4
51;2021-03-23;2467;153;59709;19201;10.6;3.4
51;2021-03-24;2838;123;62547;19324;11.1;3.4
51;2021-03-25;3250;326;65797;19650;11.7;3.5
51;2021-03-26;3408;495;69205;20145;12.3;3.6
51;2021-03-27;1840;249;71045;20394;12.6;3.6
51;2021-03-28;213;2;71258;20396;12.6;3.6
51;2021-03-29;991;641;72249;21037;12.8;3.7
51;2021-03-30;1750;852;73999;21889;13.1;3.9
51;2021-03-31;1731;756;75730;22645;13.4;4.0
51;2021-04-01;2277;438;78007;23083;13.8;4.1
51;2021-04-02;2417;626;80424;23709;14.3;4.2
51;2021-04-03;1302;406;81726;24115;14.5;4.3
51;2021-04-04;105;2;81831;24117;14.5;4.3
51;2021-04-05;70;141;81901;24258;14.5;4.3
51;2021-04-06;764;1235;82665;25493;14.7;4.5
51;2021-04-07;1310;1408;83975;26901;14.9;4.8
51;2021-04-08;2201;1762;86176;28663;15.3;5.1
51;2021-04-09;2862;1730;89038;30393;15.8;5.4
51;2021-04-10;2214;494;91252;30887;16.2;5.5
51;2021-04-11;105;85;91357;30972;16.2;5.5
51;2021-04-12;1449;1340;92806;32312;16.5;5.7
51;2021-04-13;1937;1681;94743;33993;16.8;6.0
51;2021-04-14;2456;1548;97199;35541;17.2;6.3
51;2021-04-15;2853;1665;100052;37206;17.7;6.6
51;2021-04-16;3210;1595;103262;38801;18.3;6.9
51;2021-04-17;1965;771;105227;39572;18.7;7.0
51;2021-04-18;296;109;105523;39681;18.7;7.0
51;2021-04-19;1563;1157;107086;40838;19.0;7.2
51;2021-04-20;1790;1660;108876;42498;19.3;7.5
51;2021-04-21;2005;1737;110881;44235;19.7;7.8
51;2021-04-22;2380;1646;113261;45881;20.1;8.1
51;2021-04-23;2972;1820;116233;47701;20.6;8.5
51;2021-04-24;1746;949;117979;48650;20.9;8.6
51;2021-04-25;122;162;118101;48812;20.9;8.7
51;2021-04-26;1845;760;119946;49572;21.3;8.8
51;2021-04-27;2441;1229;122387;50801;21.7;9.0
51;2021-04-28;2551;1307;124938;52108;22.2;9.2
51;2021-04-29;2666;1447;127604;53555;22.6;9.5
51;2021-04-30;2975;1667;130579;55222;23.2;9.8
51;2021-05-01;1452;412;132031;55634;23.4;9.9
51;2021-05-02;107;100;132138;55734;23.4;9.9
51;2021-05-03;2485;760;134623;56494;23.9;10.0
51;2021-05-04;2786;1347;137409;57841;24.4;10.3
51;2021-05-05;2857;1634;140266;59475;24.9;10.5
51;2021-05-06;5340;1937;145606;61412;25.8;10.9
51;2021-05-07;3692;1931;149298;63343;26.5;11.2
51;2021-05-08;2858;821;152156;64164;27.0;11.4
51;2021-05-09;211;89;152367;64253;27.0;11.4
51;2021-05-10;3214;1859;155581;66112;27.6;11.7
51;2021-05-11;3624;2040;159205;68152;28.2;12.1
51;2021-05-12;4183;2239;163388;70391;29.0;12.5
51;2021-05-13;1778;501;165166;70892;29.3;12.6
51;2021-05-14;5399;1737;170565;72629;30.3;12.9
51;2021-05-15;4228;1353;174793;73982;31.0;13.1
51;2021-05-16;281;47;175074;74029;31.1;13.1
51;2021-05-17;3133;1525;178207;75554;31.6;13.4
51;2021-05-18;3915;1770;182122;77324;32.3;13.7
51;2021-05-19;4010;1726;186132;79050;33.0;14.0
51;2021-05-20;4648;1968;190780;81018;33.8;14.4
51;2021-05-21;3596;2480;194376;83498;34.5;14.8
51;2021-05-22;2074;1547;196450;85045;34.8;15.1
51;2021-05-23;306;210;196756;85255;34.9;15.1
51;2021-05-24;2018;718;198774;85973;35.3;15.2
51;2021-05-25;3125;1823;201899;87796;35.8;15.6
51;2021-05-26;3295;1703;205194;89499;36.4;15.9
51;2021-05-27;3269;2062;208463;91561;37.0;16.2
51;2021-05-28;3604;2825;212067;94386;37.6;16.7
51;2021-05-29;2400;1998;214467;96384;38.0;17.1
51;2021-05-30;400;133;214867;96517;38.1;17.1
51;2021-05-31;3350;1777;218217;98294;38.7;17.4
51;2021-06-01;3854;2333;222071;100627;39.4;17.8
51;2021-06-02;6096;2318;228167;102945;40.5;18.3
51;2021-06-03;3579;2427;231746;105372;41.1;18.7
51;2021-06-04;6342;2944;238088;108316;42.2;19.2
51;2021-06-05;2598;1818;240686;110134;42.7;19.5
51;2021-06-06;171;156;240857;110290;42.7;19.6
51;2021-06-07;4298;2167;245155;112457;43.5;19.9
51;2021-06-08;3922;2531;249077;114988;44.2;20.4
51;2021-06-09;4017;2748;253094;117736;44.9;20.9
51;2021-06-10;3190;2479;256284;120215;45.5;21.3
51;2021-06-11;3354;3423;259638;123638;46.0;21.9
51;2021-06-12;2163;2173;261801;125811;46.4;22.3
51;2021-06-13;190;147;261991;125958;46.5;22.3
51;2021-06-14;1625;3337;263616;129295;46.8;22.9
51;2021-06-15;3179;3579;266795;132874;47.3;23.6
51;2021-06-16;2202;3684;268997;136558;47.7;24.2
51;2021-06-17;2602;5409;271599;141967;48.2;25.2
51;2021-06-18;2353;5214;273952;147181;48.6;26.1
51;2021-06-19;1682;4429;275634;151610;48.9;26.9
51;2021-06-20;184;228;275818;151838;48.9;26.9
51;2021-06-21;1226;4442;277044;156280;49.1;27.7
51;2021-06-22;1555;4039;278599;160319;49.4;28.4
51;2021-06-23;3641;4229;282240;164548;50.1;29.2
51;2021-06-24;2214;3230;284454;167778;50.5;29.8
51;2021-06-25;1891;6524;286345;174302;50.8;30.9
51;2021-06-26;1162;5072;287507;179374;51.0;31.8
51;2021-06-27;103;335;287610;179709;51.0;31.9
51;2021-06-28;1380;4418;288990;184127;51.3;32.7
51;2021-06-29;1167;4477;290157;188604;51.5;33.5
51;2021-06-30;1677;6047;291834;194651;51.8;34.5
51;2021-07-01;1956;3773;293790;198424;52.1;35.2
51;2021-07-02;1825;6892;295615;205316;52.4;36.4
51;2021-07-03;996;3202;296611;208518;52.6;37.0
51;2021-07-04;169;253;296780;208771;52.6;37.0
51;2021-07-05;758;5531;297538;214302;52.8;38.0
51;2021-07-06;1237;4787;298775;219089;53.0;38.9
51;2021-07-07;1599;4942;300374;224031;53.3;39.7
51;2021-07-08;2046;3425;302420;227456;53.6;40.3
51;2021-07-09;1845;5053;304265;232509;54.0;41.2
51;2021-07-10;1221;3204;305486;235713;54.2;41.8
51;2021-07-11;186;279;305672;235992;54.2;41.9
51;2021-07-12;982;4381;306654;240373;54.4;42.6
51;2021-07-13;1464;4780;308118;245153;54.6;43.5
51;2021-07-14;1061;1684;309179;246837;54.8;43.8
51;2021-07-15;2915;4899;312094;251736;55.4;44.6
51;2021-07-16;2343;5277;314437;257013;55.8;45.6
51;2021-07-17;1805;3482;316242;260495;56.1;46.2
51;2021-07-18;162;328;316404;260823;56.1;46.3
51;2021-07-19;1884;3976;318288;264799;56.5;47.0
51;2021-07-20;2573;5143;320861;269942;56.9;47.9
51;2021-07-21;3599;4039;324460;273981;57.5;48.6
51;2021-07-22;4370;3730;328830;277711;58.3;49.3
51;2021-07-23;3597;4364;332427;282075;59.0;50.0
51;2021-07-24;2043;2706;334470;284781;59.3;50.5
51;2021-07-25;346;252;334816;285033;59.4;50.6
52;2020-12-27;0;0;0;0;0.0;0.0
52;2020-12-28;0;0;0;0;0.0;0.0
52;2020-12-29;0;0;0;0;0.0;0.0
52;2020-12-30;0;0;0;0;0.0;0.0
52;2020-12-31;0;0;0;0;0.0;0.0
52;2021-01-01;0;0;0;0;0.0;0.0
52;2021-01-02;0;0;0;0;0.0;0.0
52;2021-01-03;0;0;0;0;0.0;0.0
52;2021-01-04;0;0;0;0;0.0;0.0
52;2021-01-05;0;0;0;0;0.0;0.0
52;2021-01-06;2;0;2;0;0.0;0.0
52;2021-01-07;0;0;2;0;0.0;0.0
52;2021-01-08;201;1;203;1;0.1;0.0
52;2021-01-09;93;0;296;1;0.2;0.0
52;2021-01-10;0;0;296;1;0.2;0.0
52;2021-01-11;206;0;502;1;0.3;0.0
52;2021-01-12;171;0;673;1;0.4;0.0
52;2021-01-13;561;2;1234;3;0.7;0.0
52;2021-01-14;676;8;1910;11;1.1;0.0
52;2021-01-15;410;1;2320;12;1.4;0.0
52;2021-01-16;16;1;2336;13;1.4;0.0
52;2021-01-17;0;0;2336;13;1.4;0.0
52;2021-01-18;426;0;2762;13;1.6;0.0
52;2021-01-19;439;0;3201;13;1.9;0.0
52;2021-01-20;419;1;3620;14;2.1;0.0
52;2021-01-21;424;1;4044;15;2.4;0.0
52;2021-01-22;321;0;4365;15;2.6;0.0
52;2021-01-23;72;0;4437;15;2.6;0.0
52;2021-01-24;0;0;4437;15;2.6;0.0
52;2021-01-25;235;0;4672;15;2.8;0.0
52;2021-01-26;306;1;4978;16;2.9;0.0
52;2021-01-27;237;1;5215;17;3.1;0.0
52;2021-01-28;174;4;5389;21;3.2;0.0
52;2021-01-29;74;125;5463;146;3.2;0.1
52;2021-01-30;91;95;5554;241;3.3;0.1
52;2021-01-31;0;0;5554;241;3.3;0.1
52;2021-02-01;117;193;5671;434;3.4;0.3
52;2021-02-02;61;178;5732;612;3.4;0.4
52;2021-02-03;90;416;5822;1028;3.4;0.6
52;2021-02-04;230;597;6052;1625;3.6;1.0
52;2021-02-05;113;506;6165;2131;3.6;1.3
52;2021-02-06;22;0;6187;2131;3.7;1.3
52;2021-02-07;0;1;6187;2132;3.7;1.3
52;2021-02-08;34;207;6221;2339;3.7;1.4
52;2021-02-09;47;216;6268;2555;3.7;1.5
52;2021-02-10;88;191;6356;2746;3.8;1.6
52;2021-02-11;129;146;6485;2892;3.8;1.7
52;2021-02-12;189;127;6674;3019;3.9;1.8
52;2021-02-13;5;1;6679;3020;3.9;1.8
52;2021-02-14;0;16;6679;3036;3.9;1.8
52;2021-02-15;80;277;6759;3313;4.0;2.0
52;2021-02-16;50;357;6809;3670;4.0;2.2
52;2021-02-17;37;316;6846;3986;4.0;2.4
52;2021-02-18;83;281;6929;4267;4.1;2.5
52;2021-02-19;51;192;6980;4459;4.1;2.6
52;2021-02-20;14;111;6994;4570;4.1;2.7
52;2021-02-21;0;0;6994;4570;4.1;2.7
52;2021-02-22;42;384;7036;4954;4.2;2.9
52;2021-02-23;56;277;7092;5231;4.2;3.1
52;2021-02-24;82;248;7174;5479;4.2;3.2
52;2021-02-25;161;235;7335;5714;4.3;3.4
52;2021-02-26;296;182;7631;5896;4.5;3.5
52;2021-02-27;149;46;7780;5942;4.6;3.5
52;2021-02-28;0;0;7780;5942;4.6;3.5
52;2021-03-01;163;14;7943;5956;4.7;3.5
52;2021-03-02;195;50;8138;6006;4.8;3.5
52;2021-03-03;355;34;8493;6040;5.0;3.6
52;2021-03-04;375;56;8868;6096;5.2;3.6
52;2021-03-05;531;51;9399;6147;5.6;3.6
52;2021-03-06;409;31;9808;6178;5.8;3.7
52;2021-03-07;0;0;9808;6178;5.8;3.7
52;2021-03-08;397;108;10205;6286;6.0;3.7
52;2021-03-09;548;105;10753;6391;6.4;3.8
52;2021-03-10;308;108;11061;6499;6.5;3.8
52;2021-03-11;582;32;11643;6531;6.9;3.9
52;2021-03-12;579;62;12222;6593;7.2;3.9
52;2021-03-13;488;6;12710;6599;7.5;3.9
52;2021-03-14;13;3;12723;6602;7.5;3.9
52;2021-03-15;315;21;13038;6623;7.7;3.9
52;2021-03-16;203;14;13241;6637;7.8;3.9
52;2021-03-17;360;13;13601;6650;8.0;3.9
52;2021-03-18;442;7;14043;6657;8.3;3.9
52;2021-03-19;450;52;14493;6709;8.6;4.0
52;2021-03-20;259;11;14752;6720;8.7;4.0
52;2021-03-21;15;1;14767;6721;8.7;4.0
52;2021-03-22;375;47;15142;6768;8.9;4.0
52;2021-03-23;678;88;15820;6856;9.3;4.1
52;2021-03-24;771;68;16591;6924;9.8;4.1
52;2021-03-25;1134;79;17725;7003;10.5;4.1
52;2021-03-26;1030;139;18755;7142;11.1;4.2
52;2021-03-27;476;75;19231;7217;11.4;4.3
52;2021-03-28;53;0;19284;7217;11.4;4.3
52;2021-03-29;506;185;19790;7402;11.7;4.4
52;2021-03-30;866;287;20656;7689;12.2;4.5
52;2021-03-31;958;288;21614;7977;12.8;4.7
52;2021-04-01;1146;174;22760;8151;13.4;4.8
52;2021-04-02;957;101;23717;8252;14.0;4.9
52;2021-04-03;457;3;24174;8255;14.3;4.9
52;2021-04-04;1;1;24175;8256;14.3;4.9
52;2021-04-05;1;0;24176;8256;14.3;4.9
52;2021-04-06;428;291;24604;8547;14.5;5.0
52;2021-04-07;503;449;25107;8996;14.8;5.3
52;2021-04-08;842;210;25949;9206;15.3;5.4
52;2021-04-09;1060;124;27009;9330;16.0;5.5
52;2021-04-10;852;100;27861;9430;16.5;5.6
52;2021-04-11;96;1;27957;9431;16.5;5.6
52;2021-04-12;931;272;28888;9703;17.1;5.7
52;2021-04-13;1247;374;30135;10077;17.8;6.0
52;2021-04-14;1346;450;31481;10527;18.6;6.2
52;2021-04-15;1511;433;32992;10960;19.5;6.5
52;2021-04-16;1573;364;34565;11324;20.4;6.7
52;2021-04-17;1306;125;35871;11449;21.2;6.8
52;2021-04-18;509;29;36380;11478;21.5;6.8
52;2021-04-19;696;611;37076;12089;21.9;7.1
52;2021-04-20;1077;667;38153;12756;22.5;7.5
52;2021-04-21;1059;676;39212;13432;23.2;7.9
52;2021-04-22;1470;722;40682;14154;24.0;8.4
52;2021-04-23;1254;657;41936;14811;24.8;8.8
52;2021-04-24;475;290;42411;15101;25.1;8.9
52;2021-04-25;3;77;42414;15178;25.1;9.0
52;2021-04-26;630;560;43044;15738;25.4;9.3
52;2021-04-27;932;675;43976;16413;26.0;9.7
52;2021-04-28;1439;558;45415;16971;26.8;10.0
52;2021-04-29;1451;572;46866;17543;27.7;10.4
52;2021-04-30;1314;604;48180;18147;28.5;10.7
52;2021-05-01;8;232;48188;18379;28.5;10.9
52;2021-05-02;0;1;48188;18380;28.5;10.9
52;2021-05-03;1161;623;49349;19003;29.2;11.2
52;2021-05-04;1448;715;50797;19718;30.0;11.7
52;2021-05-05;1769;645;52566;20363;31.1;12.0
52;2021-05-06;1974;499;54540;20862;32.2;12.3
52;2021-05-07;1442;1155;55982;22017;33.1;13.0
52;2021-05-08;587;314;56569;22331;33.4;13.2
52;2021-05-09;1;47;56570;22378;33.4;13.2
52;2021-05-10;791;1100;57361;23478;33.9;13.9
52;2021-05-11;866;1396;58227;24874;34.4;14.7
52;2021-05-12;1205;1382;59432;26256;35.1;15.5
52;2021-05-13;67;184;59499;26440;35.2;15.6
52;2021-05-14;1183;1360;60682;27800;35.9;16.4
52;2021-05-15;492;929;61174;28729;36.1;17.0
52;2021-05-16;8;43;61182;28772;36.1;17.0
52;2021-05-17;1145;706;62327;29478;36.8;17.4
52;2021-05-18;1217;671;63544;30149;37.5;17.8
52;2021-05-19;1543;414;65087;30563;38.5;18.1
52;2021-05-20;1546;419;66633;30982;39.4;18.3
52;2021-05-21;1623;614;68256;31596;40.3;18.7
52;2021-05-22;1089;207;69345;31803;41.0;18.8
52;2021-05-23;1;0;69346;31803;41.0;18.8
52;2021-05-24;403;33;69749;31836;41.2;18.8
52;2021-05-25;1354;383;71103;32219;42.0;19.0
52;2021-05-26;1478;668;72581;32887;42.9;19.4
52;2021-05-27;1566;789;74147;33676;43.8;19.9
52;2021-05-28;1490;671;75637;34347;44.7;20.3
52;2021-05-29;695;834;76332;35181;45.1;20.8
52;2021-05-30;17;550;76349;35731;45.1;21.1
52;2021-05-31;823;830;77172;36561;45.6;21.6
52;2021-06-01;956;814;78128;37375;46.2;22.1
52;2021-06-02;894;743;79022;38118;46.7;22.5
52;2021-06-03;825;825;79847;38943;47.2;23.0
52;2021-06-04;885;1341;80732;40284;47.7;23.8
52;2021-06-05;579;638;81311;40922;48.0;24.2
52;2021-06-06;27;55;81338;40977;48.1;24.2
52;2021-06-07;359;931;81697;41908;48.3;24.8
52;2021-06-08;552;1467;82249;43375;48.6;25.6
52;2021-06-09;613;1474;82862;44849;49.0;26.5
52;2021-06-10;792;1158;83654;46007;49.4;27.2
52;2021-06-11;829;1348;84483;47355;49.9;28.0
52;2021-06-12;422;586;84905;47941;50.2;28.3
52;2021-06-13;1;6;84906;47947;50.2;28.3
52;2021-06-14;170;1413;85076;49360;50.3;29.2
52;2021-06-15;221;1810;85297;51170;50.4;30.2
52;2021-06-16;354;1997;85651;53167;50.6;31.4
52;2021-06-17;261;1156;85912;54323;50.8;32.1
52;2021-06-18;306;1553;86218;55876;50.9;33.0
52;2021-06-19;501;690;86719;56566;51.2;33.4
52;2021-06-20;0;17;86719;56583;51.2;33.4
52;2021-06-21;523;897;87242;57480;51.5;34.0
52;2021-06-22;502;1050;87744;58530;51.8;34.6
52;2021-06-23;551;1044;88295;59574;52.2;35.2
52;2021-06-24;606;703;88901;60277;52.5;35.6
52;2021-06-25;653;1312;89554;61589;52.9;36.4
52;2021-06-26;264;721;89818;62310;53.1;36.8
52;2021-06-27;1;8;89819;62318;53.1;36.8
52;2021-06-28;182;1443;90001;63761;53.2;37.7
52;2021-06-29;163;1418;90164;65179;53.3;38.5
52;2021-06-30;215;1472;90379;66651;53.4;39.4
52;2021-07-01;310;1023;90689;67674;53.6;40.0
52;2021-07-02;430;1453;91119;69127;53.8;40.8
52;2021-07-03;298;1150;91417;70277;54.0;41.5
52;2021-07-04;0;11;91417;70288;54.0;41.5
52;2021-07-05;171;1456;91588;71744;54.1;42.4
52;2021-07-06;283;1455;91871;73199;54.3;43.2
52;2021-07-07;300;1165;92171;74364;54.5;43.9
52;2021-07-08;470;1165;92641;75529;54.7;44.6
52;2021-07-09;285;1621;92926;77150;54.9;45.6
52;2021-07-10;139;821;93065;77971;55.0;46.1
52;2021-07-11;10;12;93075;77983;55.0;46.1
52;2021-07-12;280;1467;93355;79450;55.2;46.9
52;2021-07-13;589;1371;93944;80821;55.5;47.8
52;2021-07-14;436;151;94380;80972;55.8;47.8
52;2021-07-15;589;1427;94969;82399;56.1;48.7
52;2021-07-16;888;1340;95857;83739;56.6;49.5
52;2021-07-17;527;340;96384;84079;56.9;49.7
52;2021-07-18;3;12;96387;84091;56.9;49.7
52;2021-07-19;681;983;97068;85074;57.4;50.3
52;2021-07-20;1097;834;98165;85908;58.0;50.8
52;2021-07-21;1145;734;99310;86642;58.7;51.2
52;2021-07-22;1416;854;100726;87496;59.5;51.7
52;2021-07-23;1283;935;102009;88431;60.3;52.2
52;2021-07-24;763;466;102772;88897;60.7;52.5
52;2021-07-25;6;17;102778;88914;60.7;52.5
53;2020-12-27;0;0;0;0;0.0;0.0
53;2020-12-28;0;0;0;0;0.0;0.0
53;2020-12-29;0;0;0;0;0.0;0.0
53;2020-12-30;0;0;0;0;0.0;0.0
53;2020-12-31;0;0;0;0;0.0;0.0
53;2021-01-01;0;0;0;0;0.0;0.0
53;2021-01-02;0;0;0;0;0.0;0.0
53;2021-01-03;0;0;0;0;0.0;0.0
53;2021-01-04;0;0;0;0;0.0;0.0
53;2021-01-05;0;0;0;0;0.0;0.0
53;2021-01-06;0;0;0;0;0.0;0.0
53;2021-01-07;102;0;102;0;0.0;0.0
53;2021-01-08;284;1;386;1;0.1;0.0
53;2021-01-09;134;1;520;2;0.2;0.0
53;2021-01-10;15;0;535;2;0.2;0.0
53;2021-01-11;176;0;711;2;0.2;0.0
53;2021-01-12;453;1;1164;3;0.4;0.0
53;2021-01-13;252;0;1416;3;0.5;0.0
53;2021-01-14;289;7;1705;10;0.6;0.0
53;2021-01-15;343;4;2048;14;0.7;0.0
53;2021-01-16;61;0;2109;14;0.7;0.0
53;2021-01-17;24;1;2133;15;0.7;0.0
53;2021-01-18;364;0;2497;15;0.8;0.0
53;2021-01-19;593;0;3090;15;1.0;0.0
53;2021-01-20;742;0;3832;15;1.3;0.0
53;2021-01-21;769;2;4601;17;1.5;0.0
53;2021-01-22;705;2;5306;19;1.7;0.0
53;2021-01-23;160;0;5466;19;1.8;0.0
53;2021-01-24;6;0;5472;19;1.8;0.0
53;2021-01-25;550;0;6022;19;2.0;0.0
53;2021-01-26;1198;6;7220;25;2.4;0.0
53;2021-01-27;696;6;7916;31;2.6;0.0
53;2021-01-28;738;96;8654;127;2.8;0.0
53;2021-01-29;422;189;9076;316;3.0;0.1
53;2021-01-30;128;0;9204;316;3.0;0.1
53;2021-01-31;0;0;9204;316;3.0;0.1
53;2021-02-01;297;149;9501;465;3.1;0.2
53;2021-02-02;309;231;9810;696;3.2;0.2
53;2021-02-03;226;378;10036;1074;3.3;0.4
53;2021-02-04;184;333;10220;1407;3.3;0.5
53;2021-02-05;234;304;10454;1711;3.4;0.6
53;2021-02-06;152;23;10606;1734;3.5;0.6
53;2021-02-07;0;0;10606;1734;3.5;0.6
53;2021-02-08;166;108;10772;1842;3.5;0.6
53;2021-02-09;369;213;11141;2055;3.6;0.7
53;2021-02-10;266;435;11407;2490;3.7;0.8
53;2021-02-11;432;488;11839;2978;3.9;1.0
53;2021-02-12;318;572;12157;3550;4.0;1.2
53;2021-02-13;95;66;12252;3616;4.0;1.2
53;2021-02-14;0;99;12252;3715;4.0;1.2
53;2021-02-15;240;433;12492;4148;4.1;1.4
53;2021-02-16;528;847;13020;4995;4.3;1.6
53;2021-02-17;390;617;13410;5612;4.4;1.8
53;2021-02-18;545;576;13955;6188;4.6;2.0
53;2021-02-19;895;419;14850;6607;4.9;2.2
53;2021-02-20;139;111;14989;6718;4.9;2.2
53;2021-02-21;0;20;14989;6738;4.9;2.2
53;2021-02-22;160;588;15149;7326;5.0;2.4
53;2021-02-23;59;658;15208;7984;5.0;2.6
53;2021-02-24;136;517;15344;8501;5.0;2.8
53;2021-02-25;457;356;15801;8857;5.2;2.9
53;2021-02-26;439;261;16240;9118;5.3;3.0
53;2021-02-27;86;115;16326;9233;5.3;3.0
53;2021-02-28;0;0;16326;9233;5.3;3.0
53;2021-03-01;230;280;16556;9513;5.4;3.1
53;2021-03-02;246;254;16802;9767;5.5;3.2
53;2021-03-03;319;391;17121;10158;5.6;3.3
53;2021-03-04;858;330;17979;10488;5.9;3.4
53;2021-03-05;659;277;18638;10765;6.1;3.5
53;2021-03-06;445;213;19083;10978;6.2;3.6
53;2021-03-07;276;3;19359;10981;6.3;3.6
53;2021-03-08;375;176;19734;11157;6.5;3.7
53;2021-03-09;878;240;20612;11397;6.7;3.7
53;2021-03-10;807;105;21419;11502;7.0;3.8
53;2021-03-11;1247;218;22666;11720;7.4;3.8
53;2021-03-12;1601;135;24267;11855;7.9;3.9
53;2021-03-13;824;5;25091;11860;8.2;3.9
53;2021-03-14;1;0;25092;11860;8.2;3.9
53;2021-03-15;1001;299;26093;12159;8.5;4.0
53;2021-03-16;1033;323;27126;12482;8.9;4.1
53;2021-03-17;683;261;27809;12743;9.1;4.2
53;2021-03-18;971;340;28780;13083;9.4;4.3
53;2021-03-19;1341;592;30121;13675;9.9;4.5
53;2021-03-20;591;13;30712;13688;10.1;4.5
53;2021-03-21;2;0;30714;13688;10.1;4.5
53;2021-03-22;1209;146;31923;13834;10.5;4.5
53;2021-03-23;1695;60;33618;13894;11.0;4.5
53;2021-03-24;1321;115;34939;14009;11.4;4.6
53;2021-03-25;2321;221;37260;14230;12.2;4.7
53;2021-03-26;1882;145;39142;14375;12.8;4.7
53;2021-03-27;339;2;39481;14377;12.9;4.7
53;2021-03-28;2;0;39483;14377;12.9;4.7
53;2021-03-29;1474;204;40957;14581;13.4;4.8
53;2021-03-30;1945;197;42902;14778;14.0;4.8
53;2021-03-31;1789;215;44691;14993;14.6;4.9
53;2021-04-01;1945;663;46636;15656;15.3;5.1
53;2021-04-02;2073;217;48709;15873;16.0;5.2
53;2021-04-03;414;1;49123;15874;16.1;5.2
53;2021-04-04;10;0;49133;15874;16.1;5.2
53;2021-04-05;9;15;49142;15889;16.1;5.2
53;2021-04-06;1304;498;50446;16387;16.5;5.4
53;2021-04-07;1175;921;51621;17308;16.9;5.7
53;2021-04-08;1661;1005;53282;18313;17.4;6.0
53;2021-04-09;1956;393;55238;18706;18.1;6.1
53;2021-04-10;543;11;55781;18717;18.3;6.1
53;2021-04-11;12;0;55793;18717;18.3;6.1
53;2021-04-12;696;1067;56489;19784;18.5;6.5
53;2021-04-13;1470;1103;57959;20887;19.0;6.8
53;2021-04-14;1021;732;58980;21619;19.3;7.1
53;2021-04-15;1159;1109;60139;22728;19.7;7.4
53;2021-04-16;1272;816;61411;23544;20.1;7.7
53;2021-04-17;280;272;61691;23816;20.2;7.8
53;2021-04-18;0;0;61691;23816;20.2;7.8
53;2021-04-19;679;1069;62370;24885;20.4;8.1
53;2021-04-20;935;1452;63305;26337;20.7;8.6
53;2021-04-21;850;1013;64155;27350;21.0;9.0
53;2021-04-22;1046;1611;65201;28961;21.4;9.5
53;2021-04-23;1325;1046;66526;30007;21.8;9.8
53;2021-04-24;68;7;66594;30014;21.8;9.8
53;2021-04-25;6;39;66600;30053;21.8;9.8
53;2021-04-26;368;1239;66968;31292;21.9;10.2
53;2021-04-27;724;1972;67692;33264;22.2;10.9
53;2021-04-28;979;1388;68671;34652;22.5;11.3
53;2021-04-29;1051;1710;69722;36362;22.8;11.9
53;2021-04-30;1366;1307;71088;37669;23.3;12.3
53;2021-05-01;35;50;71123;37719;23.3;12.4
53;2021-05-02;0;0;71123;37719;23.3;12.4
53;2021-05-03;1570;699;72693;38418;23.8;12.6
53;2021-05-04;1306;1437;73999;39855;24.2;13.1
53;2021-05-05;1610;822;75609;40677;24.8;13.3
53;2021-05-06;1392;1392;77001;42069;25.2;13.8
53;2021-05-07;1538;1296;78539;43365;25.7;14.2
53;2021-05-08;937;34;79476;43399;26.0;14.2
53;2021-05-09;11;2;79487;43401;26.0;14.2
53;2021-05-10;2416;804;81903;44205;26.8;14.5
53;2021-05-11;3096;1284;84999;45489;27.8;14.9
53;2021-05-12;2749;1082;87748;46571;28.7;15.3
53;2021-05-13;350;26;88098;46597;28.9;15.3
53;2021-05-14;2018;675;90116;47272;29.5;15.5
53;2021-05-15;1058;60;91174;47332;29.9;15.5
53;2021-05-16;2;0;91176;47332;29.9;15.5
53;2021-05-17;1702;1195;92878;48527;30.4;15.9
53;2021-05-18;1881;1540;94759;50067;31.0;16.4
53;2021-05-19;2302;735;97061;50802;31.8;16.6
53;2021-05-20;3217;853;100278;51655;32.8;16.9
53;2021-05-21;2796;821;103074;52476;33.8;17.2
53;2021-05-22;19;60;103093;52536;33.8;17.2
53;2021-05-23;0;0;103093;52536;33.8;17.2
53;2021-05-24;8;6;103101;52542;33.8;17.2
53;2021-05-25;1818;804;104919;53346;34.4;17.5
53;2021-05-26;1851;900;106770;54246;35.0;17.8
53;2021-05-27;3073;1071;109843;55317;36.0;18.1
53;2021-05-28;2562;871;112405;56188;36.8;18.4
53;2021-05-29;844;244;113249;56432;37.1;18.5
53;2021-05-30;15;6;113264;56438;37.1;18.5
53;2021-05-31;2565;799;115829;57237;37.9;18.7
53;2021-06-01;3490;1252;119319;58489;39.1;19.2
53;2021-06-02;3181;517;122500;59006;40.1;19.3
53;2021-06-03;4192;780;126692;59786;41.5;19.6
53;2021-06-04;3181;1265;129873;61051;42.5;20.0
53;2021-06-05;136;245;130009;61296;42.6;20.1
53;2021-06-06;0;4;130009;61300;42.6;20.1
53;2021-06-07;2628;924;132637;62224;43.4;20.4
53;2021-06-08;3581;1121;136218;63345;44.6;20.7
53;2021-06-09;2453;935;138671;64280;45.4;21.1
53;2021-06-10;3520;843;142191;65123;46.6;21.3
53;2021-06-11;2962;1204;145153;66327;47.5;21.7
53;2021-06-12;108;138;145261;66465;47.6;21.8
53;2021-06-13;10;2;145271;66467;47.6;21.8
53;2021-06-14;1599;1790;146870;68257;48.1;22.4
53;2021-06-15;1892;2260;148762;70517;48.7;23.1
53;2021-06-16;1824;1728;150586;72245;49.3;23.7
53;2021-06-17;3010;1650;153596;73895;50.3;24.2
53;2021-06-18;2697;1806;156293;75701;51.2;24.8
53;2021-06-19;762;1166;157055;76867;51.4;25.2
53;2021-06-20;3;479;157058;77346;51.4;25.3
53;2021-06-21;913;2529;157971;79875;51.7;26.2
53;2021-06-22;1297;3453;159268;83328;52.2;27.3
53;2021-06-23;1357;2895;160625;86223;52.6;28.2
53;2021-06-24;1804;2032;162429;88255;53.2;28.9
53;2021-06-25;1778;2044;164207;90299;53.8;29.6
53;2021-06-26;976;350;165183;90649;54.1;29.7
53;2021-06-27;7;8;165190;90657;54.1;29.7
53;2021-06-28;659;2901;165849;93558;54.3;30.6
53;2021-06-29;855;3652;166704;97210;54.6;31.8
53;2021-06-30;744;1517;167448;98727;54.8;32.3
53;2021-07-01;1494;2637;168942;101364;55.3;33.2
53;2021-07-02;1479;2022;170421;103386;55.8;33.9
53;2021-07-03;853;569;171274;103955;56.1;34.0
53;2021-07-04;0;4;171274;103959;56.1;34.0
53;2021-07-05;532;2063;171806;106022;56.3;34.7
53;2021-07-06;849;3616;172655;109638;56.5;35.9
53;2021-07-07;1009;2653;173664;112291;56.9;36.8
53;2021-07-08;1305;3119;174969;115410;57.3;37.8
53;2021-07-09;1115;3398;176084;118808;57.7;38.9
53;2021-07-10;422;1000;176506;119808;57.8;39.2
53;2021-07-11;12;20;176518;119828;57.8;39.2
53;2021-07-12;501;3715;177019;123543;58.0;40.5
53;2021-07-13;888;4767;177907;128310;58.3;42.0
53;2021-07-14;104;283;178011;128593;58.3;42.1
53;2021-07-15;1109;4353;179120;132946;58.7;43.5
53;2021-07-16;1230;3840;180350;136786;59.1;44.8
53;2021-07-17;1313;293;181663;137079;59.5;44.9
53;2021-07-18;25;19;181688;137098;59.5;44.9
53;2021-07-19;733;3436;182421;140534;59.7;46.0
53;2021-07-20;974;4124;183395;144658;60.1;47.4
53;2021-07-21;678;3279;184073;147937;60.3;48.4
53;2021-07-22;1482;3516;185555;151453;60.8;49.6
53;2021-07-23;1596;3752;187151;155205;61.3;50.8
53;2021-07-24;953;279;188104;155484;61.6;50.9
53;2021-07-25;59;24;188163;155508;61.6;50.9
54;2020-12-27;0;0;0;0;0.0;0.0
54;2020-12-28;1;0;1;0;0.0;0.0
54;2020-12-29;0;0;1;0;0.0;0.0
54;2020-12-30;0;0;1;0;0.0;0.0
54;2020-12-31;10;0;11;0;0.0;0.0
54;2021-01-01;0;0;11;0;0.0;0.0
54;2021-01-02;0;0;11;0;0.0;0.0
54;2021-01-03;1;0;12;0;0.0;0.0
54;2021-01-04;162;0;174;0;0.0;0.0
54;2021-01-05;395;0;569;0;0.1;0.0
54;2021-01-06;647;1;1216;1;0.2;0.0
54;2021-01-07;816;2;2032;3;0.3;0.0
54;2021-01-08;704;3;2736;6;0.4;0.0
54;2021-01-09;81;0;2817;6;0.4;0.0
54;2021-01-10;78;0;2895;6;0.4;0.0
54;2021-01-11;974;3;3869;9;0.5;0.0
54;2021-01-12;1180;1;5049;10;0.7;0.0
54;2021-01-13;2366;8;7415;18;1.0;0.0
54;2021-01-14;3371;30;10786;48;1.5;0.0
54;2021-01-15;2682;12;13468;60;1.8;0.0
54;2021-01-16;814;3;14282;63;2.0;0.0
54;2021-01-17;210;0;14492;63;2.0;0.0
54;2021-01-18;1557;5;16049;68;2.2;0.0
54;2021-01-19;1694;0;17743;68;2.4;0.0
54;2021-01-20;1488;6;19231;74;2.6;0.0
54;2021-01-21;1340;3;20571;77;2.8;0.0
54;2021-01-22;1087;8;21658;85;3.0;0.0
54;2021-01-23;476;0;22134;85;3.0;0.0
54;2021-01-24;66;0;22200;85;3.0;0.0
54;2021-01-25;939;29;23139;114;3.2;0.0
54;2021-01-26;142;5;23281;119;3.2;0.0
54;2021-01-27;12;173;23293;292;3.2;0.0
54;2021-01-28;30;237;23323;529;3.2;0.1
54;2021-01-29;16;279;23339;808;3.2;0.1
54;2021-01-30;4;0;23343;808;3.2;0.1
54;2021-01-31;1;0;23344;808;3.2;0.1
54;2021-02-01;9;787;23353;1595;3.2;0.2
54;2021-02-02;22;972;23375;2567;3.2;0.4
54;2021-02-03;360;1536;23735;4103;3.2;0.6
54;2021-02-04;728;2455;24463;6558;3.3;0.9
54;2021-02-05;792;1901;25255;8459;3.5;1.2
54;2021-02-06;202;338;25457;8797;3.5;1.2
54;2021-02-07;4;126;25461;8923;3.5;1.2
54;2021-02-08;116;1002;25577;9925;3.5;1.4
54;2021-02-09;303;1073;25880;10998;3.5;1.5
54;2021-02-10;386;803;26266;11801;3.6;1.6
54;2021-02-11;292;820;26558;12621;3.6;1.7
54;2021-02-12;449;1303;27007;13924;3.7;1.9
54;2021-02-13;146;237;27153;14161;3.7;1.9
54;2021-02-14;9;11;27162;14172;3.7;1.9
54;2021-02-15;433;1139;27595;15311;3.8;2.1
54;2021-02-16;401;1226;27996;16537;3.8;2.3
54;2021-02-17;520;960;28516;17497;3.9;2.4
54;2021-02-18;591;795;29107;18292;4.0;2.5
54;2021-02-19;520;776;29627;19068;4.1;2.6
54;2021-02-20;35;284;29662;19352;4.1;2.6
54;2021-02-21;3;25;29665;19377;4.1;2.7
54;2021-02-22;484;606;30149;19983;4.1;2.7
54;2021-02-23;678;566;30827;20549;4.2;2.8
54;2021-02-24;727;367;31554;20916;4.3;2.9
54;2021-02-25;1474;734;33028;21650;4.5;3.0
54;2021-02-26;1764;780;34792;22430;4.8;3.1
54;2021-02-27;699;106;35491;22536;4.9;3.1
54;2021-02-28;11;28;35502;22564;4.9;3.1
54;2021-03-01;645;215;36147;22779;4.9;3.1
54;2021-03-02;1500;138;37647;22917;5.2;3.1
54;2021-03-03;1756;57;39403;22974;5.4;3.1
54;2021-03-04;2025;98;41428;23072;5.7;3.2
54;2021-03-05;2796;139;44224;23211;6.1;3.2
54;2021-03-06;4035;101;48259;23312;6.6;3.2
54;2021-03-07;2621;60;50880;23372;7.0;3.2
54;2021-03-08;1334;58;52214;23430;7.1;3.2
54;2021-03-09;2643;96;54857;23526;7.5;3.2
54;2021-03-10;3195;104;58052;23630;7.9;3.2
54;2021-03-11;3386;85;61438;23715;8.4;3.2
54;2021-03-12;4980;167;66418;23882;9.1;3.3
54;2021-03-13;4196;107;70614;23989;9.7;3.3
54;2021-03-14;543;34;71157;24023;9.7;3.3
54;2021-03-15;1718;100;72875;24123;10.0;3.3
54;2021-03-16;1731;168;74606;24291;10.2;3.3
54;2021-03-17;2081;148;76687;24439;10.5;3.3
54;2021-03-18;2053;158;78740;24597;10.8;3.4
54;2021-03-19;3317;243;82057;24840;11.2;3.4
54;2021-03-20;2301;71;84358;24911;11.5;3.4
54;2021-03-21;295;15;84653;24926;11.6;3.4
54;2021-03-22;1033;326;85686;25252;11.7;3.5
54;2021-03-23;1936;517;87622;25769;12.0;3.5
54;2021-03-24;2192;708;89814;26477;12.3;3.6
54;2021-03-25;3165;724;92979;27201;12.7;3.7
54;2021-03-26;3514;798;96493;27999;13.2;3.8
54;2021-03-27;2413;286;98906;28285;13.5;3.9
54;2021-03-28;278;3;99184;28288;13.6;3.9
54;2021-03-29;1666;384;100850;28672;13.8;3.9
54;2021-03-30;2549;971;103399;29643;14.2;4.1
54;2021-03-31;2594;1127;105993;30770;14.5;4.2
54;2021-04-01;3213;1240;109206;32010;15.0;4.4
54;2021-04-02;2968;1660;112174;33670;15.4;4.6
54;2021-04-03;1256;1314;113430;34984;15.5;4.8
54;2021-04-04;137;421;113567;35405;15.5;4.8
54;2021-04-05;144;574;113711;35979;15.6;4.9
54;2021-04-06;1261;1649;114972;37628;15.7;5.2
54;2021-04-07;903;2268;115875;39896;15.9;5.5
54;2021-04-08;2298;2442;118173;42338;16.2;5.8
54;2021-04-09;4118;3151;122291;45489;16.7;6.2
54;2021-04-10;3203;1661;125494;47150;17.2;6.5
54;2021-04-11;206;1001;125700;48151;17.2;6.6
54;2021-04-12;2197;1533;127897;49684;17.5;6.8
54;2021-04-13;3003;1964;130900;51648;17.9;7.1
54;2021-04-14;3251;1848;134151;53496;18.4;7.3
54;2021-04-15;2880;2281;137031;55777;18.8;7.6
54;2021-04-16;3138;2586;140169;58363;19.2;8.0
54;2021-04-17;3469;1477;143638;59840;19.7;8.2
54;2021-04-18;61;245;143699;60085;19.7;8.2
54;2021-04-19;2460;1062;146159;61147;20.0;8.4
54;2021-04-20;3013;1223;149172;62370;20.4;8.5
54;2021-04-21;4399;1600;153571;63970;21.0;8.8
54;2021-04-22;3717;2356;157288;66326;21.5;9.1
54;2021-04-23;3862;2041;161150;68367;22.1;9.4
54;2021-04-24;2338;1026;163488;69393;22.4;9.5
54;2021-04-25;283;276;163771;69669;22.4;9.5
54;2021-04-26;2301;1257;166072;70926;22.7;9.7
54;2021-04-27;3229;1383;169301;72309;23.2;9.9
54;2021-04-28;2967;1924;172268;74233;23.6;10.2
54;2021-04-29;3788;2067;176056;76300;24.1;10.4
54;2021-04-30;4487;1932;180543;78232;24.7;10.7
54;2021-05-01;2262;799;182805;79031;25.0;10.8
54;2021-05-02;228;67;183033;79098;25.1;10.8
54;2021-05-03;3093;929;186126;80027;25.5;11.0
54;2021-05-04;3512;1427;189638;81454;26.0;11.2
54;2021-05-05;4885;1373;194523;82827;26.6;11.3
54;2021-05-06;4433;2780;198956;85607;27.2;11.7
54;2021-05-07;4821;3384;203777;88991;27.9;12.2
54;2021-05-08;2019;633;205796;89624;28.2;12.3
54;2021-05-09;374;134;206170;89758;28.2;12.3
54;2021-05-10;3205;2236;209375;91994;28.7;12.6
54;2021-05-11;5480;2913;214855;94907;29.4;13.0
54;2021-05-12;4142;3376;218997;98283;30.0;13.5
54;2021-05-13;2640;483;221637;98766;30.3;13.5
54;2021-05-14;6874;1967;228511;100733;31.3;13.8
54;2021-05-15;5471;1299;233982;102032;32.0;14.0
54;2021-05-16;941;105;234923;102137;32.2;14.0
54;2021-05-17;3788;800;238711;102937;32.7;14.1
54;2021-05-18;3285;1087;241996;104024;33.1;14.2
54;2021-05-19;3459;1502;245455;105526;33.6;14.4
54;2021-05-20;4532;1603;249987;107129;34.2;14.7
54;2021-05-21;6722;2473;256709;109602;35.1;15.0
54;2021-05-22;5624;1354;262333;110956;35.9;15.2
54;2021-05-23;504;52;262837;111008;36.0;15.2
54;2021-05-24;1444;341;264281;111349;36.2;15.2
54;2021-05-25;4103;1525;268384;112874;36.7;15.5
54;2021-05-26;3528;2203;271912;115077;37.2;15.8
54;2021-05-27;4171;2429;276083;117506;37.8;16.1
54;2021-05-28;4931;3547;281014;121053;38.5;16.6
54;2021-05-29;3832;3971;284846;125024;39.0;17.1
54;2021-05-30;127;83;284973;125107;39.0;17.1
54;2021-05-31;2928;3058;287901;128165;39.4;17.5
54;2021-06-01;2612;4182;290513;132347;39.8;18.1
54;2021-06-02;2141;4072;292654;136419;40.1;18.7
54;2021-06-03;3091;5650;295745;142069;40.5;19.5
54;2021-06-04;5039;5459;300784;147528;41.2;20.2
54;2021-06-05;2343;3285;303127;150813;41.5;20.6
54;2021-06-06;69;236;303196;151049;41.5;20.7
54;2021-06-07;3699;2927;306895;153976;42.0;21.1
54;2021-06-08;4516;4252;311411;158228;42.6;21.7
54;2021-06-09;5946;3270;317357;161498;43.4;22.1
54;2021-06-10;5284;4406;322641;165904;44.2;22.7
54;2021-06-11;4993;4879;327634;170783;44.9;23.4
54;2021-06-12;4206;3215;331840;173998;45.4;23.8
54;2021-06-13;56;211;331896;174209;45.4;23.9
54;2021-06-14;2309;3579;334205;177788;45.8;24.3
54;2021-06-15;2805;4717;337010;182505;46.1;25.0
54;2021-06-16;3462;5619;340472;188124;46.6;25.8
54;2021-06-17;3120;5212;343592;193336;47.0;26.5
54;2021-06-18;4111;6219;347703;199555;47.6;27.3
54;2021-06-19;2627;3125;350330;202680;48.0;27.7
54;2021-06-20;122;338;350452;203018;48.0;27.8
54;2021-06-21;2533;4751;352985;207769;48.3;28.4
54;2021-06-22;2024;6222;355009;213991;48.6;29.3
54;2021-06-23;2186;5592;357195;219583;48.9;30.1
54;2021-06-24;2081;3458;359276;223041;49.2;30.5
54;2021-06-25;2182;7034;361458;230075;49.5;31.5
54;2021-06-26;2367;5652;363825;235727;49.8;32.3
54;2021-06-27;130;608;363955;236335;49.8;32.4
54;2021-06-28;1944;4335;365899;240670;50.1;33.0
54;2021-06-29;1928;5215;367827;245885;50.4;33.7
54;2021-06-30;1962;5124;369789;251009;50.6;34.4
54;2021-07-01;2106;5989;371895;256998;50.9;35.2
54;2021-07-02;2772;7541;374667;264539;51.3;36.2
54;2021-07-03;2770;4047;377437;268586;51.7;36.8
54;2021-07-04;195;498;377632;269084;51.7;36.8
54;2021-07-05;1654;4245;379286;273329;51.9;37.4
54;2021-07-06;2002;5032;381288;278361;52.2;38.1
54;2021-07-07;1722;4837;383010;283198;52.4;38.8
54;2021-07-08;1662;4107;384672;287305;52.7;39.3
54;2021-07-09;3134;5993;387806;293298;53.1;40.2
54;2021-07-10;2508;4339;390314;297637;53.4;40.7
54;2021-07-11;10;104;390324;297741;53.4;40.8
54;2021-07-12;2060;4642;392384;302383;53.7;41.4
54;2021-07-13;2581;4936;394965;307319;54.1;42.1
54;2021-07-14;1440;1489;396405;308808;54.3;42.3
54;2021-07-15;3158;4820;399563;313628;54.7;42.9
54;2021-07-16;4600;6184;404163;319812;55.3;43.8
54;2021-07-17;3979;4747;408142;324559;55.9;44.4
54;2021-07-18;1800;1647;409942;326206;56.1;44.7
54;2021-07-19;2538;4003;412480;330209;56.5;45.2
54;2021-07-20;2865;4796;415345;335005;56.9;45.9
54;2021-07-21;2940;6298;418285;341303;57.3;46.7
54;2021-07-22;3194;5682;421479;346985;57.7;47.5
54;2021-07-23;3834;6971;425313;353956;58.2;48.5
54;2021-07-24;2841;5243;428154;359199;58.6;49.2
54;2021-07-25;52;39;428206;359238;58.6;49.2
55;2020-12-27;0;0;0;0;0.0;0.0
55;2020-12-28;0;0;0;0;0.0;0.0
55;2020-12-29;0;0;0;0;0.0;0.0
55;2020-12-30;0;0;0;0;0.0;0.0
55;2020-12-31;0;0;0;0;0.0;0.0
55;2021-01-01;0;0;0;0;0.0;0.0
55;2021-01-02;0;0;0;0;0.0;0.0
55;2021-01-03;0;0;0;0;0.0;0.0
55;2021-01-04;1;0;1;0;0.0;0.0
55;2021-01-05;0;0;1;0;0.0;0.0
55;2021-01-06;0;0;1;0;0.0;0.0
55;2021-01-07;122;0;123;0;0.1;0.0
55;2021-01-08;127;0;250;0;0.1;0.0
55;2021-01-09;52;0;302;0;0.2;0.0
55;2021-01-10;0;0;302;0;0.2;0.0
55;2021-01-11;127;1;429;1;0.2;0.0
55;2021-01-12;119;0;548;1;0.3;0.0
55;2021-01-13;134;0;682;1;0.4;0.0
55;2021-01-14;641;5;1323;6;0.7;0.0
55;2021-01-15;237;0;1560;6;0.9;0.0
55;2021-01-16;61;0;1621;6;0.9;0.0
55;2021-01-17;1;0;1622;6;0.9;0.0
55;2021-01-18;413;0;2035;6;1.1;0.0
55;2021-01-19;351;2;2386;8;1.3;0.0
55;2021-01-20;451;2;2837;10;1.6;0.0
55;2021-01-21;430;0;3267;10;1.8;0.0
55;2021-01-22;392;0;3659;10;2.0;0.0
55;2021-01-23;49;0;3708;10;2.0;0.0
55;2021-01-24;0;0;3708;10;2.0;0.0
55;2021-01-25;436;0;4144;10;2.3;0.0
55;2021-01-26;429;0;4573;10;2.5;0.0
55;2021-01-27;424;0;4997;10;2.8;0.0
55;2021-01-28;485;100;5482;110;3.0;0.1
55;2021-01-29;159;54;5641;164;3.1;0.1
55;2021-01-30;92;28;5733;192;3.2;0.1
55;2021-01-31;0;0;5733;192;3.2;0.1
55;2021-02-01;153;177;5886;369;3.2;0.2
55;2021-02-02;159;148;6045;517;3.3;0.3
55;2021-02-03;53;161;6098;678;3.4;0.4
55;2021-02-04;233;398;6331;1076;3.5;0.6
55;2021-02-05;173;140;6504;1216;3.6;0.7
55;2021-02-06;59;55;6563;1271;3.6;0.7
55;2021-02-07;2;53;6565;1324;3.6;0.7
55;2021-02-08;0;19;6565;1343;3.6;0.7
55;2021-02-09;92;114;6657;1457;3.7;0.8
55;2021-02-10;64;21;6721;1478;3.7;0.8
55;2021-02-11;176;97;6897;1575;3.8;0.9
55;2021-02-12;95;27;6992;1602;3.8;0.9
55;2021-02-13;0;0;6992;1602;3.8;0.9
55;2021-02-14;0;0;6992;1602;3.8;0.9
55;2021-02-15;15;418;7007;2020;3.9;1.1
55;2021-02-16;143;396;7150;2416;3.9;1.3
55;2021-02-17;26;493;7176;2909;4.0;1.6
55;2021-02-18;20;344;7196;3253;4.0;1.8
55;2021-02-19;120;291;7316;3544;4.0;2.0
55;2021-02-20;11;0;7327;3544;4.0;2.0
55;2021-02-21;0;0;7327;3544;4.0;2.0
55;2021-02-22;55;458;7382;4002;4.1;2.2
55;2021-02-23;85;444;7467;4446;4.1;2.4
55;2021-02-24;72;416;7539;4862;4.2;2.7
55;2021-02-25;270;683;7809;5545;4.3;3.1
55;2021-02-26;325;234;8134;5779;4.5;3.2
55;2021-02-27;125;86;8259;5865;4.5;3.2
55;2021-02-28;2;8;8261;5873;4.5;3.2
55;2021-03-01;77;138;8338;6011;4.6;3.3
55;2021-03-02;124;173;8462;6184;4.7;3.4
55;2021-03-03;198;3;8660;6187;4.8;3.4
55;2021-03-04;237;42;8897;6229;4.9;3.4
55;2021-03-05;363;45;9260;6274;5.1;3.5
55;2021-03-06;223;5;9483;6279;5.2;3.5
55;2021-03-07;69;1;9552;6280;5.3;3.5
55;2021-03-08;327;43;9879;6323;5.4;3.5
55;2021-03-09;634;48;10513;6371;5.8;3.5
55;2021-03-10;396;24;10909;6395;6.0;3.5
55;2021-03-11;595;136;11504;6531;6.3;3.6
55;2021-03-12;815;87;12319;6618;6.8;3.6
55;2021-03-13;522;10;12841;6628;7.1;3.6
55;2021-03-14;14;0;12855;6628;7.1;3.6
55;2021-03-15;392;19;13247;6647;7.3;3.7
55;2021-03-16;568;107;13815;6754;7.6;3.7
55;2021-03-17;683;17;14498;6771;8.0;3.7
55;2021-03-18;320;21;14818;6792;8.2;3.7
55;2021-03-19;471;59;15289;6851;8.4;3.8
55;2021-03-20;253;14;15542;6865;8.6;3.8
55;2021-03-21;1;1;15543;6866;8.6;3.8
55;2021-03-22;474;18;16017;6884;8.8;3.8
55;2021-03-23;971;61;16988;6945;9.4;3.8
55;2021-03-24;802;36;17790;6981;9.8;3.8
55;2021-03-25;1095;76;18885;7057;10.4;3.9
55;2021-03-26;601;34;19486;7091;10.7;3.9
55;2021-03-27;255;21;19741;7112;10.9;3.9
55;2021-03-28;0;0;19741;7112;10.9;3.9
55;2021-03-29;942;37;20683;7149;11.4;3.9
55;2021-03-30;1423;66;22106;7215;12.2;4.0
55;2021-03-31;1480;62;23586;7277;13.0;4.0
55;2021-04-01;1202;114;24788;7391;13.6;4.1
55;2021-04-02;897;70;25685;7461;14.1;4.1
55;2021-04-03;80;2;25765;7463;14.2;4.1
55;2021-04-04;2;0;25767;7463;14.2;4.1
55;2021-04-05;6;12;25773;7475;14.2;4.1
55;2021-04-06;933;274;26706;7749;14.7;4.3
55;2021-04-07;994;234;27700;7983;15.2;4.4
55;2021-04-08;1647;413;29347;8396;16.2;4.6
55;2021-04-09;1428;261;30775;8657;16.9;4.8
55;2021-04-10;241;174;31016;8831;17.1;4.9
55;2021-04-11;452;20;31468;8851;17.3;4.9
55;2021-04-12;855;324;32323;9175;17.8;5.1
55;2021-04-13;1356;519;33679;9694;18.5;5.3
55;2021-04-14;1371;728;35050;10422;19.3;5.7
55;2021-04-15;1634;455;36684;10877;20.2;6.0
55;2021-04-16;705;378;37389;11255;20.6;6.2
55;2021-04-17;677;28;38066;11283;21.0;6.2
55;2021-04-18;38;18;38104;11301;21.0;6.2
55;2021-04-19;961;343;39065;11644;21.5;6.4
55;2021-04-20;1173;771;40238;12415;22.2;6.8
55;2021-04-21;990;638;41228;13053;22.7;7.2
55;2021-04-22;1072;647;42300;13700;23.3;7.5
55;2021-04-23;1413;572;43713;14272;24.1;7.9
55;2021-04-24;312;123;44025;14395;24.2;7.9
55;2021-04-25;384;48;44409;14443;24.4;8.0
55;2021-04-26;478;816;44887;15259;24.7;8.4
55;2021-04-27;570;993;45457;16252;25.0;8.9
55;2021-04-28;931;816;46388;17068;25.5;9.4
55;2021-04-29;1118;855;47506;17923;26.2;9.9
55;2021-04-30;1279;618;48785;18541;26.9;10.2
55;2021-05-01;153;132;48938;18673;26.9;10.3
55;2021-05-02;2;3;48940;18676;26.9;10.3
55;2021-05-03;1208;629;50148;19305;27.6;10.6
55;2021-05-04;683;1176;50831;20481;28.0;11.3
55;2021-05-05;658;1073;51489;21554;28.3;11.9
55;2021-05-06;1347;1160;52836;22714;29.1;12.5
55;2021-05-07;1432;554;54268;23268;29.9;12.8
55;2021-05-08;155;77;54423;23345;30.0;12.9
55;2021-05-09;61;522;54484;23867;30.0;13.1
55;2021-05-10;861;1028;55345;24895;30.5;13.7
55;2021-05-11;1070;1379;56415;26274;31.1;14.5
55;2021-05-12;1032;1770;57447;28044;31.6;15.4
55;2021-05-13;99;75;57546;28119;31.7;15.5
55;2021-05-14;352;558;57898;28677;31.9;15.8
55;2021-05-15;291;493;58189;29170;32.0;16.1
55;2021-05-16;3;10;58192;29180;32.0;16.1
55;2021-05-17;1028;839;59220;30019;32.6;16.5
55;2021-05-18;1570;892;60790;30911;33.5;17.0
55;2021-05-19;1810;782;62600;31693;34.5;17.4
55;2021-05-20;2215;732;64815;32425;35.7;17.9
55;2021-05-21;2006;797;66821;33222;36.8;18.3
55;2021-05-22;198;167;67019;33389;36.9;18.4
55;2021-05-23;23;120;67042;33509;36.9;18.4
55;2021-05-24;0;0;67042;33509;36.9;18.4
55;2021-05-25;1347;651;68389;34160;37.7;18.8
55;2021-05-26;1671;1016;70060;35176;38.6;19.4
55;2021-05-27;1318;980;71378;36156;39.3;19.9
55;2021-05-28;1520;932;72898;37088;40.1;20.4
55;2021-05-29;1401;697;74299;37785;40.9;20.8
55;2021-05-30;15;206;74314;37991;40.9;20.9
55;2021-05-31;1049;1131;75363;39122;41.5;21.5
55;2021-06-01;913;954;76276;40076;42.0;22.1
55;2021-06-02;1159;984;77435;41060;42.6;22.6
55;2021-06-03;700;543;78135;41603;43.0;22.9
55;2021-06-04;1388;1100;79523;42703;43.8;23.5
55;2021-06-05;1364;277;80887;42980;44.5;23.7
55;2021-06-06;0;2;80887;42982;44.5;23.7
55;2021-06-07;790;714;81677;43696;45.0;24.1
55;2021-06-08;697;1073;82374;44769;45.3;24.6
55;2021-06-09;851;871;83225;45640;45.8;25.1
55;2021-06-10;378;275;83603;45915;46.0;25.3
55;2021-06-11;526;1287;84129;47202;46.3;26.0
55;2021-06-12;760;519;84889;47721;46.7;26.3
55;2021-06-13;265;33;85154;47754;46.9;26.3
55;2021-06-14;368;1364;85522;49118;47.1;27.0
55;2021-06-15;571;1213;86093;50331;47.4;27.7
55;2021-06-16;730;829;86823;51160;47.8;28.2
55;2021-06-17;425;858;87248;52018;48.0;28.6
55;2021-06-18;657;1472;87905;53490;48.4;29.4
55;2021-06-19;589;457;88494;53947;48.7;29.7
55;2021-06-20;0;0;88494;53947;48.7;29.7
55;2021-06-21;434;1022;88928;54969;49.0;30.3
55;2021-06-22;335;1013;89263;55982;49.1;30.8
55;2021-06-23;616;1210;89879;57192;49.5;31.5
55;2021-06-24;163;433;90042;57625;49.6;31.7
55;2021-06-25;639;1223;90681;58848;49.9;32.4
55;2021-06-26;417;340;91098;59188;50.2;32.6
55;2021-06-27;1;2;91099;59190;50.2;32.6
55;2021-06-28;145;1385;91244;60575;50.2;33.3
55;2021-06-29;200;1289;91444;61864;50.3;34.1
55;2021-06-30;269;1941;91713;63805;50.5;35.1
55;2021-07-01;381;1985;92094;65790;50.7;36.2
55;2021-07-02;389;1722;92483;67512;50.9;37.2
55;2021-07-03;108;261;92591;67773;51.0;37.3
55;2021-07-04;12;19;92603;67792;51.0;37.3
55;2021-07-05;221;1511;92824;69303;51.1;38.2
55;2021-07-06;315;891;93139;70194;51.3;38.6
55;2021-07-07;386;1802;93525;71996;51.5;39.6
55;2021-07-08;523;1587;94048;73583;51.8;40.5
55;2021-07-09;442;1477;94490;75060;52.0;41.3
55;2021-07-10;348;1108;94838;76168;52.2;41.9
55;2021-07-11;0;9;94838;76177;52.2;41.9
55;2021-07-12;601;1167;95439;77344;52.5;42.6
55;2021-07-13;597;1488;96036;78832;52.9;43.4
55;2021-07-14;0;13;96036;78845;52.9;43.4
55;2021-07-15;773;1644;96809;80489;53.3;44.3
55;2021-07-16;1251;1807;98060;82296;54.0;45.3
55;2021-07-17;1275;813;99335;83109;54.7;45.8
55;2021-07-18;1;2;99336;83111;54.7;45.8
55;2021-07-19;594;783;99930;83894;55.0;46.2
55;2021-07-20;994;1024;100924;84918;55.6;46.8
55;2021-07-21;1470;1367;102394;86285;56.4;47.5
55;2021-07-22;1163;558;103557;86843;57.0;47.8
55;2021-07-23;1102;1350;104659;88193;57.6;48.6
55;2021-07-24;804;756;105463;88949;58.1;49.0
55;2021-07-25;117;229;105580;89178;58.1;49.1
56;2020-12-27;0;0;0;0;0.0;0.0
56;2020-12-28;1;0;1;0;0.0;0.0
56;2020-12-29;0;0;1;0;0.0;0.0
56;2020-12-30;0;0;1;0;0.0;0.0
56;2020-12-31;0;0;1;0;0.0;0.0
56;2021-01-01;0;0;1;0;0.0;0.0
56;2021-01-02;1;0;2;0;0.0;0.0
56;2021-01-03;0;0;2;0;0.0;0.0
56;2021-01-04;1;0;3;0;0.0;0.0
56;2021-01-05;1;0;4;0;0.0;0.0
56;2021-01-06;1;0;5;0;0.0;0.0
56;2021-01-07;198;0;203;0;0.0;0.0
56;2021-01-08;119;0;322;0;0.0;0.0
56;2021-01-09;1;0;323;0;0.0;0.0
56;2021-01-10;1;0;324;0;0.0;0.0
56;2021-01-11;242;0;566;0;0.1;0.0
56;2021-01-12;752;0;1318;0;0.2;0.0
56;2021-01-13;637;1;1955;1;0.3;0.0
56;2021-01-14;968;2;2923;3;0.4;0.0
56;2021-01-15;837;5;3760;8;0.5;0.0
56;2021-01-16;233;3;3993;11;0.5;0.0
56;2021-01-17;26;0;4019;11;0.5;0.0
56;2021-01-18;1001;1;5020;12;0.7;0.0
56;2021-01-19;849;1;5869;13;0.8;0.0
56;2021-01-20;883;1;6752;14;0.9;0.0
56;2021-01-21;1459;2;8211;16;1.1;0.0
56;2021-01-22;1169;1;9380;17;1.2;0.0
56;2021-01-23;319;2;9699;19;1.3;0.0
56;2021-01-24;6;0;9705;19;1.3;0.0
56;2021-01-25;824;0;10529;19;1.4;0.0
56;2021-01-26;1030;4;11559;23;1.5;0.0
56;2021-01-27;1082;61;12641;84;1.7;0.0
56;2021-01-28;972;125;13613;209;1.8;0.0
56;2021-01-29;865;106;14478;315;1.9;0.0
56;2021-01-30;138;19;14616;334;1.9;0.0
56;2021-01-31;0;0;14616;334;1.9;0.0
56;2021-02-01;477;158;15093;492;2.0;0.1
56;2021-02-02;942;257;16035;749;2.1;0.1
56;2021-02-03;1020;270;17055;1019;2.3;0.1
56;2021-02-04;4687;345;21742;1364;2.9;0.2
56;2021-02-05;3578;425;25320;1789;3.4;0.2
56;2021-02-06;547;169;25867;1958;3.4;0.3
56;2021-02-07;135;26;26002;1984;3.4;0.3
56;2021-02-08;296;288;26298;2272;3.5;0.3
56;2021-02-09;793;510;27091;2782;3.6;0.4
56;2021-02-10;862;700;27953;3482;3.7;0.5
56;2021-02-11;972;1077;28925;4559;3.8;0.6
56;2021-02-12;1150;642;30075;5201;4.0;0.7
56;2021-02-13;220;104;30295;5305;4.0;0.7
56;2021-02-14;6;46;30301;5351;4.0;0.7
56;2021-02-15;620;1089;30921;6440;4.1;0.9
56;2021-02-16;1219;738;32140;7178;4.3;1.0
56;2021-02-17;1190;959;33330;8137;4.4;1.1
56;2021-02-18;1350;884;34680;9021;4.6;1.2
56;2021-02-19;1318;915;35998;9936;4.8;1.3
56;2021-02-20;365;261;36363;10197;4.8;1.3
56;2021-02-21;0;0;36363;10197;4.8;1.3
56;2021-02-22;372;700;36735;10897;4.9;1.4
56;2021-02-23;737;965;37472;11862;5.0;1.6
56;2021-02-24;913;1182;38385;13044;5.1;1.7
56;2021-02-25;2026;4243;40411;17287;5.3;2.3
56;2021-02-26;2350;2257;42761;19544;5.7;2.6
56;2021-02-27;736;446;43497;19990;5.8;2.6
56;2021-02-28;14;114;43511;20104;5.8;2.7
56;2021-03-01;645;559;44156;20663;5.8;2.7
56;2021-03-02;976;789;45132;21452;6.0;2.8
56;2021-03-03;1147;911;46279;22363;6.1;3.0
56;2021-03-04;1963;1039;48242;23402;6.4;3.1
56;2021-03-05;2576;1427;50818;24829;6.7;3.3
56;2021-03-06;1203;215;52021;25044;6.9;3.3
56;2021-03-07;282;24;52303;25068;6.9;3.3
56;2021-03-08;1137;391;53440;25459;7.1;3.4
56;2021-03-09;2029;630;55469;26089;7.3;3.5
56;2021-03-10;2000;937;57469;27026;7.6;3.6
56;2021-03-11;3251;730;60720;27756;8.0;3.7
56;2021-03-12;4206;824;64926;28580;8.6;3.8
56;2021-03-13;1878;145;66804;28725;8.8;3.8
56;2021-03-14;190;2;66994;28727;8.9;3.8
56;2021-03-15;1280;533;68274;29260;9.0;3.9
56;2021-03-16;1087;1039;69361;30299;9.2;4.0
56;2021-03-17;1356;778;70717;31077;9.4;4.1
56;2021-03-18;1993;1877;72710;32954;9.6;4.4
56;2021-03-19;2938;1402;75648;34356;10.0;4.5
56;2021-03-20;1485;205;77133;34561;10.2;4.6
56;2021-03-21;205;22;77338;34583;10.2;4.6
56;2021-03-22;1608;398;78946;34981;10.4;4.6
56;2021-03-23;2802;687;81748;35668;10.8;4.7
56;2021-03-24;3445;527;85193;36195;11.3;4.8
56;2021-03-25;4225;710;89418;36905;11.8;4.9
56;2021-03-26;5085;773;94503;37678;12.5;5.0
56;2021-03-27;1497;293;96000;37971;12.7;5.0
56;2021-03-28;263;10;96263;37981;12.7;5.0
56;2021-03-29;2224;502;98487;38483;13.0;5.1
56;2021-03-30;3516;782;102003;39265;13.5;5.2
56;2021-03-31;3111;708;105114;39973;13.9;5.3
56;2021-04-01;4059;815;109173;40788;14.4;5.4
56;2021-04-02;3912;930;113085;41718;15.0;5.5
56;2021-04-03;1186;269;114271;41987;15.1;5.6
56;2021-04-04;230;3;114501;41990;15.2;5.6
56;2021-04-05;244;8;114745;41998;15.2;5.6
56;2021-04-06;2812;1232;117557;43230;15.6;5.7
56;2021-04-07;4016;1175;121573;44405;16.1;5.9
56;2021-04-08;5286;1158;126859;45563;16.8;6.0
56;2021-04-09;7379;1276;134238;46839;17.8;6.2
56;2021-04-10;2579;420;136817;47259;18.1;6.3
56;2021-04-11;190;102;137007;47361;18.1;6.3
56;2021-04-12;3932;832;140939;48193;18.7;6.4
56;2021-04-13;5963;1251;146902;49444;19.4;6.5
56;2021-04-14;5163;1422;152065;50866;20.1;6.7
56;2021-04-15;7129;1752;159194;52618;21.1;7.0
56;2021-04-16;7834;1996;167028;54614;22.1;7.2
56;2021-04-17;3128;634;170156;55248;22.5;7.3
56;2021-04-18;528;106;170684;55354;22.6;7.3
56;2021-04-19;3715;1261;174399;56615;23.1;7.5
56;2021-04-20;4094;1972;178493;58587;23.6;7.8
56;2021-04-21;4058;2320;182551;60907;24.2;8.1
56;2021-04-22;5166;1916;187717;62823;24.8;8.3
56;2021-04-23;5150;2393;192867;65216;25.5;8.6
56;2021-04-24;2897;641;195764;65857;25.9;8.7
56;2021-04-25;463;148;196227;66005;26.0;8.7
56;2021-04-26;4703;1660;200930;67665;26.6;9.0
56;2021-04-27;5086;2544;206016;70209;27.3;9.3
56;2021-04-28;4965;2241;210981;72450;27.9;9.6
56;2021-04-29;5831;2927;216812;75377;28.7;10.0
56;2021-04-30;6238;2799;223050;78176;29.5;10.3
56;2021-05-01;2484;359;225534;78535;29.8;10.4
56;2021-05-02;306;254;225840;78789;29.9;10.4
56;2021-05-03;3863;2064;229703;80853;30.4;10.7
56;2021-05-04;4382;3899;234085;84752;31.0;11.2
56;2021-05-05;3522;3866;237607;88618;31.4;11.7
56;2021-05-06;4380;5421;241987;94039;32.0;12.4
56;2021-05-07;4267;5010;246254;99049;32.6;13.1
56;2021-05-08;1639;312;247893;99361;32.8;13.2
56;2021-05-09;494;221;248387;99582;32.9;13.2
56;2021-05-10;3747;3806;252134;103388;33.4;13.7
56;2021-05-11;4160;5046;256294;108434;33.9;14.4
56;2021-05-12;4340;4773;260634;113207;34.5;15.0
56;2021-05-13;2394;1006;263028;114213;34.8;15.1
56;2021-05-14;4220;4354;267248;118567;35.4;15.7
56;2021-05-15;2482;1892;269730;120459;35.7;15.9
56;2021-05-16;234;488;269964;120947;35.7;16.0
56;2021-05-17;2509;3663;272473;124610;36.1;16.5
56;2021-05-18;3515;4075;275988;128685;36.5;17.0
56;2021-05-19;3527;3388;279515;132073;37.0;17.5
56;2021-05-20;3796;4804;283311;136877;37.5;18.1
56;2021-05-21;3740;5221;287051;142098;38.0;18.8
56;2021-05-22;1697;2208;288748;144306;38.2;19.1
56;2021-05-23;284;197;289032;144503;38.3;19.1
56;2021-05-24;2056;499;291088;145002;38.5;19.2
56;2021-05-25;3133;4463;294221;149465;38.9;19.8
56;2021-05-26;3727;3899;297948;153364;39.4;20.3
56;2021-05-27;4359;4868;302307;158232;40.0;20.9
56;2021-05-28;4631;5957;306938;164189;40.6;21.7
56;2021-05-29;1885;1635;308823;165824;40.9;21.9
56;2021-05-30;317;66;309140;165890;40.9;22.0
56;2021-05-31;4500;3217;313640;169107;41.5;22.4
56;2021-06-01;5662;3385;319302;172492;42.3;22.8
56;2021-06-02;5634;2951;324936;175443;43.0;23.2
56;2021-06-03;6186;3305;331122;178748;43.8;23.7
56;2021-06-04;5805;4413;336927;183161;44.6;24.2
56;2021-06-05;4344;2385;341271;185546;45.2;24.6
56;2021-06-06;496;615;341767;186161;45.2;24.6
56;2021-06-07;5104;3172;346871;189333;45.9;25.1
56;2021-06-08;6060;3376;352931;192709;46.7;25.5
56;2021-06-09;6433;2812;359364;195521;47.6;25.9
56;2021-06-10;7469;2863;366833;198384;48.6;26.3
56;2021-06-11;6756;3867;373589;202251;49.4;26.8
56;2021-06-12;5093;2068;378682;204319;50.1;27.0
56;2021-06-13;1976;436;380658;204755;50.4;27.1
56;2021-06-14;3305;4590;383963;209345;50.8;27.7
56;2021-06-15;4199;4897;388162;214242;51.4;28.4
56;2021-06-16;4473;4500;392635;218742;52.0;29.0
56;2021-06-17;4243;4753;396878;223495;52.5;29.6
56;2021-06-18;4508;5966;401386;229461;53.1;30.4
56;2021-06-19;3826;2141;405212;231602;53.6;30.7
56;2021-06-20;1495;337;406707;231939;53.8;30.7
56;2021-06-21;3292;4468;409999;236407;54.3;31.3
56;2021-06-22;3467;5442;413466;241849;54.7;32.0
56;2021-06-23;3738;5064;417204;246913;55.2;32.7
56;2021-06-24;3458;5321;420662;252234;55.7;33.4
56;2021-06-25;3867;6276;424529;258510;56.2;34.2
56;2021-06-26;3177;2913;427706;261423;56.6;34.6
56;2021-06-27;303;163;428009;261586;56.6;34.6
56;2021-06-28;1559;3982;429568;265568;56.9;35.1
56;2021-06-29;2378;5744;431946;271312;57.2;35.9
56;2021-06-30;2468;5567;434414;276879;57.5;36.6
56;2021-07-01;2708;4959;437122;281838;57.9;37.3
56;2021-07-02;2639;6214;439761;288052;58.2;38.1
56;2021-07-03;2186;2684;441947;290736;58.5;38.5
56;2021-07-04;769;810;442716;291546;58.6;38.6
56;2021-07-05;1849;5452;444565;296998;58.8;39.3
56;2021-07-06;2164;5950;446729;302948;59.1;40.1
56;2021-07-07;2826;5644;449555;308592;59.5;40.8
56;2021-07-08;3052;6041;452607;314633;59.9;41.6
56;2021-07-09;2209;7106;454816;321739;60.2;42.6
56;2021-07-10;1123;3002;455939;324741;60.3;43.0
56;2021-07-11;254;343;456193;325084;60.4;43.0
56;2021-07-12;2163;6603;458356;331687;60.7;43.9
56;2021-07-13;3223;7471;461579;339158;61.1;44.9
56;2021-07-14;1767;2578;463346;341736;61.3;45.2
56;2021-07-15;3801;7064;467147;348800;61.8;46.2
56;2021-07-16;4051;8087;471198;356887;62.4;47.2
56;2021-07-17;2303;3519;473501;360406;62.7;47.7
56;2021-07-18;253;477;473754;360883;62.7;47.8
56;2021-07-19;2845;6351;476599;367234;63.1;48.6
56;2021-07-20;3691;7916;480290;375150;63.6;49.7
56;2021-07-21;3062;7515;483352;382665;64.0;50.6
56;2021-07-22;4329;8015;487681;390680;64.5;51.7
56;2021-07-23;4336;8387;492017;399067;65.1;52.8
56;2021-07-24;1659;4588;493676;403655;65.3;53.4
56;2021-07-25;547;1918;494223;405573;65.4;53.7
57;2020-12-27;0;0;0;0;0.0;0.0
57;2020-12-28;0;0;0;0;0.0;0.0
57;2020-12-29;1;0;1;0;0.0;0.0
57;2020-12-30;1;0;2;0;0.0;0.0
57;2020-12-31;0;0;2;0;0.0;0.0
57;2021-01-01;0;0;2;0;0.0;0.0
57;2021-01-02;2;0;4;0;0.0;0.0
57;2021-01-03;0;0;4;0;0.0;0.0
57;2021-01-04;15;0;19;0;0.0;0.0
57;2021-01-05;198;0;217;0;0.0;0.0
57;2021-01-06;226;1;443;1;0.0;0.0
57;2021-01-07;583;2;1026;3;0.1;0.0
57;2021-01-08;508;2;1534;5;0.1;0.0
57;2021-01-09;196;0;1730;5;0.2;0.0
57;2021-01-10;108;1;1838;6;0.2;0.0
57;2021-01-11;469;1;2307;7;0.2;0.0
57;2021-01-12;613;4;2920;11;0.3;0.0
57;2021-01-13;694;2;3614;13;0.3;0.0
57;2021-01-14;706;6;4320;19;0.4;0.0
57;2021-01-15;633;2;4953;21;0.5;0.0
57;2021-01-16;449;1;5402;22;0.5;0.0
57;2021-01-17;491;1;5893;23;0.6;0.0
57;2021-01-18;2702;16;8595;39;0.8;0.0
57;2021-01-19;2560;8;11155;47;1.1;0.0
57;2021-01-20;2758;13;13913;60;1.3;0.0
57;2021-01-21;1790;6;15703;66;1.5;0.0
57;2021-01-22;1319;6;17022;72;1.6;0.0
57;2021-01-23;543;14;17565;86;1.7;0.0
57;2021-01-24;0;0;17565;86;1.7;0.0
57;2021-01-25;869;184;18434;270;1.8;0.0
57;2021-01-26;1110;216;19544;486;1.9;0.0
57;2021-01-27;1065;182;20609;668;2.0;0.1
57;2021-01-28;1039;298;21648;966;2.1;0.1
57;2021-01-29;982;396;22630;1362;2.2;0.1
57;2021-01-30;440;94;23070;1456;2.2;0.1
57;2021-01-31;10;27;23080;1483;2.2;0.1
57;2021-02-01;824;354;23904;1837;2.3;0.2
57;2021-02-02;989;365;24893;2202;2.4;0.2
57;2021-02-03;986;320;25879;2522;2.5;0.2
57;2021-02-04;1138;808;27017;3330;2.6;0.3
57;2021-02-05;928;357;27945;3687;2.7;0.4
57;2021-02-06;480;350;28425;4037;2.7;0.4
57;2021-02-07;103;334;28528;4371;2.8;0.4
57;2021-02-08;1254;1559;29782;5930;2.9;0.6
57;2021-02-09;1763;1671;31545;7601;3.0;0.7
57;2021-02-10;1708;2065;33253;9666;3.2;0.9
57;2021-02-11;1484;1330;34737;10996;3.4;1.1
57;2021-02-12;1225;676;35962;11672;3.5;1.1
57;2021-02-13;1151;176;37113;11848;3.6;1.1
57;2021-02-14;1210;26;38323;11874;3.7;1.1
57;2021-02-15;765;863;39088;12737;3.8;1.2
57;2021-02-16;1070;799;40158;13536;3.9;1.3
57;2021-02-17;1006;962;41164;14498;4.0;1.4
57;2021-02-18;972;1158;42136;15656;4.1;1.5
57;2021-02-19;953;936;43089;16592;4.2;1.6
57;2021-02-20;1174;614;44263;17206;4.3;1.7
57;2021-02-21;322;11;44585;17217;4.3;1.7
57;2021-02-22;1230;910;45815;18127;4.4;1.7
57;2021-02-23;2235;1086;48050;19213;4.6;1.9
57;2021-02-24;2266;996;50316;20209;4.9;2.0
57;2021-02-25;3292;1113;53608;21322;5.2;2.1
57;2021-02-26;3573;958;57181;22280;5.5;2.2
57;2021-02-27;3689;528;60870;22808;5.9;2.2
57;2021-02-28;1895;53;62765;22861;6.1;2.2
57;2021-03-01;2048;1334;64813;24195;6.3;2.3
57;2021-03-02;2844;1616;67657;25811;6.5;2.5
57;2021-03-03;2800;1597;70457;27408;6.8;2.6
57;2021-03-04;3265;1293;73722;28701;7.1;2.8
57;2021-03-05;4449;1225;78171;29926;7.5;2.9
57;2021-03-06;7231;766;85402;30692;8.2;3.0
57;2021-03-07;6070;264;91472;30956;8.8;3.0
57;2021-03-08;2297;997;93769;31953;9.1;3.1
57;2021-03-09;3381;1295;97150;33248;9.4;3.2
57;2021-03-10;3569;949;100719;34197;9.7;3.3
57;2021-03-11;4027;1231;104746;35428;10.1;3.4
57;2021-03-12;5101;1192;109847;36620;10.6;3.5
57;2021-03-13;6280;963;116127;37583;11.2;3.6
57;2021-03-14;2423;411;118550;37994;11.4;3.7
57;2021-03-15;2957;867;121507;38861;11.7;3.8
57;2021-03-16;3060;1260;124567;40121;12.0;3.9
57;2021-03-17;3049;1131;127616;41252;12.3;4.0
57;2021-03-18;3399;1068;131015;42320;12.6;4.1
57;2021-03-19;4602;1016;135617;43336;13.1;4.2
57;2021-03-20;4693;1012;140310;44348;13.5;4.3
57;2021-03-21;1892;252;142202;44600;13.7;4.3
57;2021-03-22;2477;1468;144679;46068;14.0;4.4
57;2021-03-23;3431;2327;148110;48395;14.3;4.7
57;2021-03-24;3887;2138;151997;50533;14.7;4.9
57;2021-03-25;4734;2574;156731;53107;15.1;5.1
57;2021-03-26;4833;2246;161564;55353;15.6;5.3
57;2021-03-27;3706;3144;165270;58497;16.0;5.6
57;2021-03-28;1399;1845;166669;60342;16.1;5.8
57;2021-03-29;1935;2170;168604;62512;16.3;6.0
57;2021-03-30;3295;2479;171899;64991;16.6;6.3
57;2021-03-31;2819;2302;174718;67293;16.9;6.5
57;2021-04-01;3218;3163;177936;70456;17.2;6.8
57;2021-04-02;2389;2568;180325;73024;17.4;7.0
57;2021-04-03;2568;2661;182893;75685;17.7;7.3
57;2021-04-04;591;974;183484;76659;17.7;7.4
57;2021-04-05;1920;662;185404;77321;17.9;7.5
57;2021-04-06;2448;2828;187852;80149;18.1;7.7
57;2021-04-07;3806;3046;191658;83195;18.5;8.0
57;2021-04-08;5597;2867;197255;86062;19.0;8.3
57;2021-04-09;5005;2704;202260;88766;19.5;8.6
57;2021-04-10;2351;3627;204611;92393;19.8;8.9
57;2021-04-11;1097;1883;205708;94276;19.9;9.1
57;2021-04-12;1782;2753;207490;97029;20.0;9.4
57;2021-04-13;1972;3021;209462;100050;20.2;9.7
57;2021-04-14;1917;2983;211379;103033;20.4;9.9
57;2021-04-15;2360;3427;213739;106460;20.6;10.3
57;2021-04-16;2701;3283;216440;109743;20.9;10.6
57;2021-04-17;2471;3182;218911;112925;21.1;10.9
57;2021-04-18;1244;1775;220155;114700;21.3;11.1
57;2021-04-19;2134;2257;222289;116957;21.5;11.3
57;2021-04-20;2509;2780;224798;119737;21.7;11.6
57;2021-04-21;2564;2374;227362;122111;21.9;11.8
57;2021-04-22;3204;2247;230566;124358;22.3;12.0
57;2021-04-23;4054;2572;234620;126930;22.6;12.3
57;2021-04-24;3391;2553;238011;129483;23.0;12.5
57;2021-04-25;754;1125;238765;130608;23.0;12.6
57;2021-04-26;2968;1989;241733;132597;23.3;12.8
57;2021-04-27;3895;2368;245628;134965;23.7;13.0
57;2021-04-28;4206;2585;249834;137550;24.1;13.3
57;2021-04-29;5247;3428;255081;140978;24.6;13.6
57;2021-04-30;4722;3540;259803;144518;25.1;14.0
57;2021-05-01;2350;1683;262153;146201;25.3;14.1
57;2021-05-02;789;911;262942;147112;25.4;14.2
57;2021-05-03;3561;2985;266503;150097;25.7;14.5
57;2021-05-04;4868;3164;271371;153261;26.2;14.8
57;2021-05-05;6116;3164;277487;156425;26.8;15.1
57;2021-05-06;5980;3283;283467;159708;27.4;15.4
57;2021-05-07;6850;3441;290317;163149;28.0;15.8
57;2021-05-08;4048;1604;294365;164753;28.4;15.9
57;2021-05-09;2046;1108;296411;165861;28.6;16.0
57;2021-05-10;5124;3068;301535;168929;29.1;16.3
57;2021-05-11;7445;2849;308980;171778;29.8;16.6
57;2021-05-12;7836;3241;316816;175019;30.6;16.9
57;2021-05-13;4509;911;321325;175930;31.0;17.0
57;2021-05-14;7833;2634;329158;178564;31.8;17.2
57;2021-05-15;5957;2043;335115;180607;32.4;17.4
57;2021-05-16;3309;578;338424;181185;32.7;17.5
57;2021-05-17;3863;2067;342287;183252;33.0;17.7
57;2021-05-18;6286;2099;348573;185351;33.7;17.9
57;2021-05-19;7016;2324;355589;187675;34.3;18.1
57;2021-05-20;6043;2178;361632;189853;34.9;18.3
57;2021-05-21;7556;2908;369188;192761;35.6;18.6
57;2021-05-22;4890;2154;374078;194915;36.1;18.8
57;2021-05-23;1964;430;376042;195345;36.3;18.9
57;2021-05-24;3029;1068;379071;196413;36.6;19.0
57;2021-05-25;5575;2799;384646;199212;37.1;19.2
57;2021-05-26;6369;3172;391015;202384;37.7;19.5
57;2021-05-27;5784;3121;396799;205505;38.3;19.8
57;2021-05-28;7025;4743;403824;210248;39.0;20.3
57;2021-05-29;5223;4250;409047;214498;39.5;20.7
57;2021-05-30;1969;1743;411016;216241;39.7;20.9
57;2021-05-31;4314;3337;415330;219578;40.1;21.2
57;2021-06-01;5926;3705;421256;223283;40.7;21.6
57;2021-06-02;6338;3901;427594;227184;41.3;21.9
57;2021-06-03;6209;3692;433803;230876;41.9;22.3
57;2021-06-04;7557;4978;441360;235854;42.6;22.8
57;2021-06-05;4765;4028;446125;239882;43.1;23.2
57;2021-06-06;1992;889;448117;240771;43.3;23.2
57;2021-06-07;4313;4032;452430;244803;43.7;23.6
57;2021-06-08;6695;4304;459125;249107;44.3;24.0
57;2021-06-09;6865;4153;465990;253260;45.0;24.4
57;2021-06-10;6205;4577;472195;257837;45.6;24.9
57;2021-06-11;5351;5349;477546;263186;46.1;25.4
57;2021-06-12;5736;4445;483282;267631;46.7;25.8
57;2021-06-13;1493;1135;484775;268766;46.8;25.9
57;2021-06-14;3354;4708;488129;273474;47.1;26.4
57;2021-06-15;3787;6008;491916;279482;47.5;27.0
57;2021-06-16;4371;6596;496287;286078;47.9;27.6
57;2021-06-17;4181;6074;500468;292152;48.3;28.2
57;2021-06-18;4264;7298;504732;299450;48.7;28.9
57;2021-06-19;4123;6277;508855;305727;49.1;29.5
57;2021-06-20;961;1668;509816;307395;49.2;29.7
57;2021-06-21;2055;5978;511871;313373;49.4;30.3
57;2021-06-22;2628;7997;514499;321370;49.7;31.0
57;2021-06-23;3056;8383;517555;329753;50.0;31.8
57;2021-06-24;2439;5288;519994;335041;50.2;32.3
57;2021-06-25;2844;7828;522838;342869;50.5;33.1
57;2021-06-26;2845;7267;525683;350136;50.7;33.8
57;2021-06-27;748;2981;526431;353117;50.8;34.1
57;2021-06-28;1581;5082;528012;358199;51.0;34.6
57;2021-06-29;2063;6831;530075;365030;51.2;35.2
57;2021-06-30;3025;7317;533100;372347;51.5;35.9
57;2021-07-01;2652;5948;535752;378295;51.7;36.5
57;2021-07-02;2629;8082;538381;386377;52.0;37.3
57;2021-07-03;3211;6531;541592;392908;52.3;37.9
57;2021-07-04;933;2462;542525;395370;52.4;38.2
57;2021-07-05;1661;4605;544186;399975;52.5;38.6
57;2021-07-06;2387;6476;546573;406451;52.8;39.2
57;2021-07-07;2700;7079;549273;413530;53.0;39.9
57;2021-07-08;2454;5866;551727;419396;53.3;40.5
57;2021-07-09;3402;8407;555129;427803;53.6;41.3
57;2021-07-10;3074;6928;558203;434731;53.9;42.0
57;2021-07-11;841;2226;559044;436957;54.0;42.2
57;2021-07-12;2381;6404;561425;443361;54.2;42.8
57;2021-07-13;4372;7487;565797;450848;54.6;43.5
57;2021-07-14;2810;3846;568607;454694;54.9;43.9
57;2021-07-15;3915;7756;572522;462450;55.3;44.6
57;2021-07-16;5607;9801;578129;472251;55.8;45.6
57;2021-07-17;5785;7257;583914;479508;56.4;46.3
57;2021-07-18;1478;2647;585392;482155;56.5;46.5
57;2021-07-19;2350;6195;587742;488350;56.7;47.1
57;2021-07-20;4297;6886;592039;495236;57.2;47.8
57;2021-07-21;5241;6861;597280;502097;57.7;48.5
57;2021-07-22;5916;5930;603196;508027;58.2;49.0
57;2021-07-23;6986;6328;610182;514355;58.9;49.7
57;2021-07-24;4513;6986;614695;521341;59.3;50.3
57;2021-07-25;1330;1759;616025;523100;59.5;50.5
58;2020-12-27;0;0;0;0;0.0;0.0
58;2020-12-28;0;0;0;0;0.0;0.0
58;2020-12-29;0;0;0;0;0.0;0.0
58;2020-12-30;0;0;0;0;0.0;0.0
58;2020-12-31;0;0;0;0;0.0;0.0
58;2021-01-01;0;0;0;0;0.0;0.0
58;2021-01-02;0;0;0;0;0.0;0.0
58;2021-01-03;1;0;1;0;0.0;0.0
58;2021-01-04;0;0;1;0;0.0;0.0
58;2021-01-05;0;0;1;0;0.0;0.0
58;2021-01-06;145;0;146;0;0.1;0.0
58;2021-01-07;241;0;387;0;0.2;0.0
58;2021-01-08;63;0;450;0;0.2;0.0
58;2021-01-09;1;0;451;0;0.2;0.0
58;2021-01-10;0;0;451;0;0.2;0.0
58;2021-01-11;54;0;505;0;0.3;0.0
58;2021-01-12;255;0;760;0;0.4;0.0
58;2021-01-13;402;0;1162;0;0.6;0.0
58;2021-01-14;291;1;1453;1;0.7;0.0
58;2021-01-15;141;0;1594;1;0.8;0.0
58;2021-01-16;10;1;1604;2;0.8;0.0
58;2021-01-17;0;0;1604;2;0.8;0.0
58;2021-01-18;413;1;2017;3;1.0;0.0
58;2021-01-19;985;2;3002;5;1.5;0.0
58;2021-01-20;1203;1;4205;6;2.1;0.0
58;2021-01-21;960;4;5165;10;2.6;0.0
58;2021-01-22;769;2;5934;12;3.0;0.0
58;2021-01-23;251;0;6185;12;3.1;0.0
58;2021-01-24;2;0;6187;12;3.1;0.0
58;2021-01-25;438;0;6625;12;3.3;0.0
58;2021-01-26;648;3;7273;15;3.6;0.0
58;2021-01-27;604;43;7877;58;3.9;0.0
58;2021-01-28;755;66;8632;124;4.3;0.1
58;2021-01-29;837;7;9469;131;4.7;0.1
58;2021-01-30;281;0;9750;131;4.9;0.1
58;2021-01-31;10;0;9760;131;4.9;0.1
58;2021-02-01;201;71;9961;202;5.0;0.1
58;2021-02-02;565;85;10526;287;5.3;0.1
58;2021-02-03;278;149;10804;436;5.4;0.2
58;2021-02-04;285;94;11089;530;5.6;0.3
58;2021-02-05;184;94;11273;624;5.6;0.3
58;2021-02-06;89;0;11362;624;5.7;0.3
58;2021-02-07;0;0;11362;624;5.7;0.3
58;2021-02-08;306;74;11668;698;5.8;0.3
58;2021-02-09;503;315;12171;1013;6.1;0.5
58;2021-02-10;349;381;12520;1394;6.3;0.7
58;2021-02-11;287;383;12807;1777;6.4;0.9
58;2021-02-12;242;201;13049;1978;6.5;1.0
58;2021-02-13;83;29;13132;2007;6.6;1.0
58;2021-02-14;0;3;13132;2010;6.6;1.0
58;2021-02-15;114;535;13246;2545;6.6;1.3
58;2021-02-16;208;941;13454;3486;6.7;1.7
58;2021-02-17;217;768;13671;4254;6.8;2.1
58;2021-02-18;187;791;13858;5045;6.9;2.5
58;2021-02-19;241;725;14099;5770;7.1;2.9
58;2021-02-20;62;230;14161;6000;7.1;3.0
58;2021-02-21;0;30;14161;6030;7.1;3.0
58;2021-02-22;76;406;14237;6436;7.1;3.2
58;2021-02-23;48;624;14285;7060;7.2;3.5
58;2021-02-24;39;635;14324;7695;7.2;3.9
58;2021-02-25;252;703;14576;8398;7.3;4.2
58;2021-02-26;245;624;14821;9022;7.4;4.5
58;2021-02-27;104;189;14925;9211;7.5;4.6
58;2021-02-28;11;8;14936;9219;7.5;4.6
58;2021-03-01;145;246;15081;9465;7.6;4.7
58;2021-03-02;415;642;15496;10107;7.8;5.1
58;2021-03-03;512;290;16008;10397;8.0;5.2
58;2021-03-04;722;275;16730;10672;8.4;5.3
58;2021-03-05;866;200;17596;10872;8.8;5.4
58;2021-03-06;574;82;18170;10954;9.1;5.5
58;2021-03-07;63;11;18233;10965;9.1;5.5
58;2021-03-08;151;298;18384;11263;9.2;5.6
58;2021-03-09;541;544;18925;11807;9.5;5.9
58;2021-03-10;836;239;19761;12046;9.9;6.0
58;2021-03-11;857;272;20618;12318;10.3;6.2
58;2021-03-12;860;198;21478;12516;10.8;6.3
58;2021-03-13;506;67;21984;12583;11.0;6.3
58;2021-03-14;34;0;22018;12583;11.0;6.3
58;2021-03-15;528;107;22546;12690;11.3;6.4
58;2021-03-16;726;221;23272;12911;11.7;6.5
58;2021-03-17;756;191;24028;13102;12.0;6.6
58;2021-03-18;581;175;24609;13277;12.3;6.7
58;2021-03-19;529;101;25138;13378;12.6;6.7
58;2021-03-20;322;63;25460;13441;12.8;6.7
58;2021-03-21;15;0;25475;13441;12.8;6.7
58;2021-03-22;794;21;26269;13462;13.2;6.7
58;2021-03-23;1637;40;27906;13502;14.0;6.8
58;2021-03-24;1359;68;29265;13570;14.7;6.8
58;2021-03-25;1840;39;31105;13609;15.6;6.8
58;2021-03-26;1413;49;32518;13658;16.3;6.8
58;2021-03-27;358;6;32876;13664;16.5;6.8
58;2021-03-28;20;0;32896;13664;16.5;6.8
58;2021-03-29;639;151;33535;13815;16.8;6.9
58;2021-03-30;1179;245;34714;14060;17.4;7.0
58;2021-03-31;1116;392;35830;14452;18.0;7.2
58;2021-04-01;1545;395;37375;14847;18.7;7.4
58;2021-04-02;1458;358;38833;15205;19.5;7.6
58;2021-04-03;566;148;39399;15353;19.7;7.7
58;2021-04-04;0;0;39399;15353;19.7;7.7
58;2021-04-05;46;0;39445;15353;19.8;7.7
58;2021-04-06;818;342;40263;15695;20.2;7.9
58;2021-04-07;695;548;40958;16243;20.5;8.1
58;2021-04-08;1492;418;42450;16661;21.3;8.3
58;2021-04-09;1773;480;44223;17141;22.2;8.6
58;2021-04-10;653;201;44876;17342;22.5;8.7
58;2021-04-11;17;3;44893;17345;22.5;8.7
58;2021-04-12;1116;502;46009;17847;23.1;8.9
58;2021-04-13;1436;620;47445;18467;23.8;9.3
58;2021-04-14;1338;668;48783;19135;24.4;9.6
58;2021-04-15;1432;596;50215;19731;25.2;9.9
58;2021-04-16;1734;505;51949;20236;26.0;10.1
58;2021-04-17;721;231;52670;20467;26.4;10.3
58;2021-04-18;20;7;52690;20474;26.4;10.3
58;2021-04-19;533;605;53223;21079;26.7;10.6
58;2021-04-20;487;1120;53710;22199;26.9;11.1
58;2021-04-21;625;970;54335;23169;27.2;11.6
58;2021-04-22;767;1521;55102;24690;27.6;12.4
58;2021-04-23;918;783;56020;25473;28.1;12.8
58;2021-04-24;209;204;56229;25677;28.2;12.9
58;2021-04-25;108;9;56337;25686;28.2;12.9
58;2021-04-26;762;246;57099;25932;28.6;13.0
58;2021-04-27;1497;1109;58596;27041;29.4;13.5
58;2021-04-28;1534;1048;60130;28089;30.1;14.1
58;2021-04-29;1443;1037;61573;29126;30.8;14.6
58;2021-04-30;1257;937;62830;30063;31.5;15.1
58;2021-05-01;6;17;62836;30080;31.5;15.1
58;2021-05-02;4;2;62840;30082;31.5;15.1
58;2021-05-03;1044;397;63884;30479;32.0;15.3
58;2021-05-04;1078;1344;64962;31823;32.5;15.9
58;2021-05-05;952;1090;65914;32913;33.0;16.5
58;2021-05-06;1358;1057;67272;33970;33.7;17.0
58;2021-05-07;1110;1086;68382;35056;34.3;17.6
58;2021-05-08;59;60;68441;35116;34.3;17.6
58;2021-05-09;5;19;68446;35135;34.3;17.6
58;2021-05-10;874;987;69320;36122;34.7;18.1
58;2021-05-11;1187;1979;70507;38101;35.3;19.1
58;2021-05-12;1664;1551;72171;39652;36.2;19.9
58;2021-05-13;49;179;72220;39831;36.2;20.0
58;2021-05-14;2307;905;74527;40736;37.3;20.4
58;2021-05-15;1725;452;76252;41188;38.2;20.6
58;2021-05-16;118;29;76370;41217;38.3;20.7
58;2021-05-17;792;606;77162;41823;38.7;21.0
58;2021-05-18;1331;1183;78493;43006;39.3;21.5
58;2021-05-19;1736;540;80229;43546;40.2;21.8
58;2021-05-20;1698;666;81927;44212;41.0;22.2
58;2021-05-21;855;725;82782;44937;41.5;22.5
58;2021-05-22;304;239;83086;45176;41.6;22.6
58;2021-05-23;2;21;83088;45197;41.6;22.6
58;2021-05-24;21;43;83109;45240;41.6;22.7
58;2021-05-25;1385;1151;84494;46391;42.3;23.2
58;2021-05-26;844;840;85338;47231;42.8;23.7
58;2021-05-27;749;942;86087;48173;43.1;24.1
58;2021-05-28;430;912;86517;49085;43.3;24.6
58;2021-05-29;150;211;86667;49296;43.4;24.7
58;2021-05-30;20;19;86687;49315;43.4;24.7
58;2021-05-31;757;397;87444;49712;43.8;24.9
58;2021-06-01;1355;1657;88799;51369;44.5;25.7
58;2021-06-02;1461;1041;90260;52410;45.2;26.3
58;2021-06-03;1024;958;91284;53368;45.7;26.7
58;2021-06-04;845;912;92129;54280;46.2;27.2
58;2021-06-05;272;262;92401;54542;46.3;27.3
58;2021-06-06;24;49;92425;54591;46.3;27.4
58;2021-06-07;713;786;93138;55377;46.7;27.7
58;2021-06-08;1324;1755;94462;57132;47.3;28.6
58;2021-06-09;1400;1005;95862;58137;48.0;29.1
58;2021-06-10;1108;982;96970;59119;48.6;29.6
58;2021-06-11;1029;906;97999;60025;49.1;30.1
58;2021-06-12;1054;415;99053;60440;49.6;30.3
58;2021-06-13;35;33;99088;60473;49.6;30.3
58;2021-06-14;516;1016;99604;61489;49.9;30.8
58;2021-06-15;1590;1755;101194;63244;50.7;31.7
58;2021-06-16;1798;992;102992;64236;51.6;32.2
58;2021-06-17;2017;1112;105009;65348;52.6;32.7
58;2021-06-18;983;1062;105992;66410;53.1;33.3
58;2021-06-19;578;318;106570;66728;53.4;33.4
58;2021-06-20;8;2;106578;66730;53.4;33.4
58;2021-06-21;472;551;107050;67281;53.6;33.7
58;2021-06-22;1026;1964;108076;69245;54.1;34.7
58;2021-06-23;1473;1510;109549;70755;54.9;35.4
58;2021-06-24;729;1027;110278;71782;55.3;36.0
58;2021-06-25;822;1716;111100;73498;55.7;36.8
58;2021-06-26;553;1228;111653;74726;55.9;37.4
58;2021-06-27;17;26;111670;74752;55.9;37.5
58;2021-06-28;459;990;112129;75742;56.2;37.9
58;2021-06-29;619;2168;112748;77910;56.5;39.0
58;2021-06-30;994;1629;113742;79539;57.0;39.8
58;2021-07-01;753;1675;114495;81214;57.4;40.7
58;2021-07-02;450;849;114945;82063;57.6;41.1
58;2021-07-03;248;512;115193;82575;57.7;41.4
58;2021-07-04;12;30;115205;82605;57.7;41.4
58;2021-07-05;509;771;115714;83376;58.0;41.8
58;2021-07-06;684;2125;116398;85501;58.3;42.8
58;2021-07-07;379;960;116777;86461;58.5;43.3
58;2021-07-08;391;1022;117168;87483;58.7;43.8
58;2021-07-09;707;1420;117875;88903;59.1;44.5
58;2021-07-10;260;413;118135;89316;59.2;44.7
58;2021-07-11;175;50;118310;89366;59.3;44.8
58;2021-07-12;198;969;118508;90335;59.4;45.3
58;2021-07-13;928;2503;119436;92838;59.8;46.5
58;2021-07-14;27;62;119463;92900;59.9;46.5
58;2021-07-15;1124;1941;120587;94841;60.4;47.5
58;2021-07-16;1404;1443;121991;96284;61.1;48.2
58;2021-07-17;461;285;122452;96569;61.3;48.4
58;2021-07-18;101;21;122553;96590;61.4;48.4
58;2021-07-19;1641;990;124194;97580;62.2;48.9
58;2021-07-20;1394;2448;125588;100028;62.9;50.1
58;2021-07-21;1168;2031;126756;102059;63.5;51.1
58;2021-07-22;1130;1664;127886;103723;64.1;52.0
58;2021-07-23;1259;1443;129145;105166;64.7;52.7
58;2021-07-24;985;1265;130130;106431;65.2;53.3
58;2021-07-25;87;39;130217;106470;65.2;53.3
59;2020-12-27;0;0;0;0;0.0;0.0
59;2020-12-28;26;0;26;0;0.0;0.0
59;2020-12-29;0;0;26;0;0.0;0.0
59;2020-12-30;0;0;26;0;0.0;0.0
59;2020-12-31;0;0;26;0;0.0;0.0
59;2021-01-01;2;0;28;0;0.0;0.0
59;2021-01-02;1;0;29;0;0.0;0.0
59;2021-01-03;2;0;31;0;0.0;0.0
59;2021-01-04;79;0;110;0;0.0;0.0
59;2021-01-05;217;0;327;0;0.0;0.0
59;2021-01-06;428;2;755;2;0.0;0.0
59;2021-01-07;1307;0;2062;2;0.1;0.0
59;2021-01-08;1262;4;3324;6;0.1;0.0
59;2021-01-09;609;3;3933;9;0.2;0.0
59;2021-01-10;427;0;4360;9;0.2;0.0
59;2021-01-11;1839;5;6199;14;0.2;0.0
59;2021-01-12;2466;2;8665;16;0.3;0.0
59;2021-01-13;2357;3;11022;19;0.4;0.0
59;2021-01-14;2747;21;13769;40;0.5;0.0
59;2021-01-15;2271;16;16040;56;0.6;0.0
59;2021-01-16;770;1;16810;57;0.6;0.0
59;2021-01-17;559;1;17369;58;0.7;0.0
59;2021-01-18;3505;14;20874;72;0.8;0.0
59;2021-01-19;4744;8;25618;80;1.0;0.0
59;2021-01-20;4129;10;29747;90;1.1;0.0
59;2021-01-21;4717;36;34464;126;1.3;0.0
59;2021-01-22;4009;10;38473;136;1.5;0.0
59;2021-01-23;1210;2;39683;138;1.5;0.0
59;2021-01-24;168;0;39851;138;1.5;0.0
59;2021-01-25;2727;59;42578;197;1.6;0.0
59;2021-01-26;2795;136;45373;333;1.8;0.0
59;2021-01-27;1735;308;47108;641;1.8;0.0
59;2021-01-28;3394;763;50502;1404;2.0;0.1
59;2021-01-29;2540;792;53042;2196;2.0;0.1
59;2021-01-30;287;179;53329;2375;2.1;0.1
59;2021-01-31;24;0;53353;2375;2.1;0.1
59;2021-02-01;73;865;53426;3240;2.1;0.1
59;2021-02-02;653;1432;54079;4672;2.1;0.2
59;2021-02-03;3726;1439;57805;6111;2.2;0.2
59;2021-02-04;2947;1744;60752;7855;2.3;0.3
59;2021-02-05;1048;1410;61800;9265;2.4;0.4
59;2021-02-06;202;355;62002;9620;2.4;0.4
59;2021-02-07;266;49;62268;9669;2.4;0.4
59;2021-02-08;681;1627;62949;11296;2.4;0.4
59;2021-02-09;1004;1858;63953;13154;2.5;0.5
59;2021-02-10;971;1637;64924;14791;2.5;0.6
59;2021-02-11;1338;1813;66262;16604;2.6;0.6
59;2021-02-12;1401;1640;67663;18244;2.6;0.7
59;2021-02-13;207;749;67870;18993;2.6;0.7
59;2021-02-14;13;42;67883;19035;2.6;0.7
59;2021-02-15;1390;3128;69273;22163;2.7;0.9
59;2021-02-16;1433;3780;70706;25943;2.7;1.0
59;2021-02-17;1620;3835;72326;29778;2.8;1.2
59;2021-02-18;3095;5197;75421;34975;2.9;1.4
59;2021-02-19;3206;3613;78627;38588;3.0;1.5
59;2021-02-20;1410;1590;80037;40178;3.1;1.6
59;2021-02-21;241;261;80278;40439;3.1;1.6
59;2021-02-22;1430;2592;81708;43031;3.2;1.7
59;2021-02-23;2655;2853;84363;45884;3.3;1.8
59;2021-02-24;4098;4048;88461;49932;3.4;1.9
59;2021-02-25;6913;3695;95374;53627;3.7;2.1
59;2021-02-26;6490;1868;101864;55495;3.9;2.1
59;2021-02-27;3093;169;104957;55664;4.1;2.2
59;2021-02-28;207;59;105164;55723;4.1;2.2
59;2021-03-01;3688;654;108852;56377;4.2;2.2
59;2021-03-02;4773;550;113625;56927;4.4;2.2
59;2021-03-03;5715;971;119340;57898;4.6;2.2
59;2021-03-04;7067;950;126407;58848;4.9;2.3
59;2021-03-05;7798;943;134205;59791;5.2;2.3
59;2021-03-06;11542;480;145747;60271;5.6;2.3
59;2021-03-07;7579;315;153326;60586;5.9;2.3
59;2021-03-08;4493;1082;157819;61668;6.1;2.4
59;2021-03-09;6574;1374;164393;63042;6.3;2.4
59;2021-03-10;7016;1141;171409;64183;6.6;2.5
59;2021-03-11;9459;1816;180868;65999;7.0;2.5
59;2021-03-12;12099;1466;192967;67465;7.5;2.6
59;2021-03-13;16542;979;209509;68444;8.1;2.6
59;2021-03-14;6960;292;216469;68736;8.4;2.7
59;2021-03-15;5602;1468;222071;70204;8.6;2.7
59;2021-03-16;3734;1305;225805;71509;8.7;2.8
59;2021-03-17;3847;2073;229652;73582;8.9;2.8
59;2021-03-18;3946;2478;233598;76060;9.0;2.9
59;2021-03-19;7708;1800;241306;77860;9.3;3.0
59;2021-03-20;15996;1198;257302;79058;9.9;3.1
59;2021-03-21;6308;411;263610;79469;10.2;3.1
59;2021-03-22;5441;1754;269051;81223;10.4;3.1
59;2021-03-23;7759;2798;276810;84021;10.7;3.2
59;2021-03-24;6858;2993;283668;87014;11.0;3.4
59;2021-03-25;10520;2488;294188;89502;11.4;3.5
59;2021-03-26;12242;2809;306430;92311;11.8;3.6
59;2021-03-27;15263;1052;321693;93363;12.4;3.6
59;2021-03-28;7977;310;329670;93673;12.7;3.6
59;2021-03-29;5491;3195;335161;96868;12.9;3.7
59;2021-03-30;7530;3701;342691;100569;13.2;3.9
59;2021-03-31;6133;4072;348824;104641;13.5;4.0
59;2021-04-01;7482;4885;356306;109526;13.8;4.2
59;2021-04-02;7629;5491;363935;115017;14.1;4.4
59;2021-04-03;13010;4266;376945;119283;14.6;4.6
59;2021-04-04;5347;2171;382292;121454;14.8;4.7
59;2021-04-05;6006;1531;388298;122985;15.0;4.8
59;2021-04-06;5394;4478;393692;127463;15.2;4.9
59;2021-04-07;7615;5391;401307;132854;15.5;5.1
59;2021-04-08;10378;5684;411685;138538;15.9;5.4
59;2021-04-09;13413;5861;425098;144399;16.4;5.6
59;2021-04-10;11463;6099;436561;150498;16.9;5.8
59;2021-04-11;4631;3561;441192;154059;17.0;6.0
59;2021-04-12;6308;4333;447500;158392;17.3;6.1
59;2021-04-13;8927;4763;456427;163155;17.6;6.3
59;2021-04-14;8788;4305;465215;167460;18.0;6.5
59;2021-04-15;10295;4800;475510;172260;18.4;6.7
59;2021-04-16;10875;5479;486385;177739;18.8;6.9
59;2021-04-17;7293;9060;493678;186799;19.1;7.2
59;2021-04-18;3229;4166;496907;190965;19.2;7.4
59;2021-04-19;5042;4289;501949;195254;19.4;7.5
59;2021-04-20;6880;4196;508829;199450;19.7;7.7
59;2021-04-21;6239;4405;515068;203855;19.9;7.9
59;2021-04-22;8587;5493;523655;209348;20.2;8.1
59;2021-04-23;8442;5650;532097;214998;20.6;8.3
59;2021-04-24;5539;8063;537636;223061;20.8;8.6
59;2021-04-25;3237;6077;540873;229138;20.9;8.9
59;2021-04-26;6487;3782;547360;232920;21.1;9.0
59;2021-04-27;8360;5171;555720;238091;21.5;9.2
59;2021-04-28;8758;6542;564478;244633;21.8;9.4
59;2021-04-29;9396;8491;573874;253124;22.2;9.8
59;2021-04-30;10585;8506;584459;261630;22.6;10.1
59;2021-05-01;11996;7568;596455;269198;23.0;10.4
59;2021-05-02;8643;5977;605098;275175;23.4;10.6
59;2021-05-03;9553;5059;614651;280234;23.7;10.8
59;2021-05-04;11424;6000;626075;286234;24.2;11.1
59;2021-05-05;10294;6199;636369;292433;24.6;11.3
59;2021-05-06;11193;8436;647562;300869;25.0;11.6
59;2021-05-07;13287;9525;660849;310394;25.5;12.0
59;2021-05-08;14718;4139;675567;314533;26.1;12.1
59;2021-05-09;11494;3327;687061;317860;26.5;12.3
59;2021-05-10;12722;6614;699783;324474;27.0;12.5
59;2021-05-11;15108;8319;714891;332793;27.6;12.9
59;2021-05-12;16616;8610;731507;341403;28.3;13.2
59;2021-05-13;18435;3431;749942;344834;29.0;13.3
59;2021-05-14;15772;6944;765714;351778;29.6;13.6
59;2021-05-15;23436;5292;789150;357070;30.5;13.8
59;2021-05-16;21184;2398;810334;359468;31.3;13.9
59;2021-05-17;15067;5258;825401;364726;31.9;14.1
59;2021-05-18;16913;5648;842314;370374;32.5;14.3
59;2021-05-19;18317;5083;860631;375457;33.2;14.5
59;2021-05-20;17918;7002;878549;382459;33.9;14.8
59;2021-05-21;18365;8273;896914;390732;34.6;15.1
59;2021-05-22;23808;5677;920722;396409;35.6;15.3
59;2021-05-23;17923;2254;938645;398663;36.3;15.4
59;2021-05-24;16691;2111;955336;400774;36.9;15.5
59;2021-05-25;14985;6662;970321;407436;37.5;15.7
59;2021-05-26;15882;7030;986203;414466;38.1;16.0
59;2021-05-27;16142;9176;1002345;423642;38.7;16.4
59;2021-05-28;15878;11465;1018223;435107;39.3;16.8
59;2021-05-29;14356;8727;1032579;443834;39.9;17.1
59;2021-05-30;8400;1832;1040979;445666;40.2;17.2
59;2021-05-31;14199;7949;1055178;453615;40.8;17.5
59;2021-06-01;15078;10414;1070256;464029;41.3;17.9
59;2021-06-02;14750;9920;1085006;473949;41.9;18.3
59;2021-06-03;15618;12107;1100624;486056;42.5;18.8
59;2021-06-04;15579;13483;1116203;499539;43.1;19.3
59;2021-06-05;14968;9317;1131171;508856;43.7;19.7
59;2021-06-06;8825;3195;1139996;512051;44.0;19.8
59;2021-06-07;10522;9440;1150518;521491;44.4;20.1
59;2021-06-08;11740;11071;1162258;532562;44.9;20.6
59;2021-06-09;10751;11916;1173009;544478;45.3;21.0
59;2021-06-10;11482;12299;1184491;556777;45.8;21.5
59;2021-06-11;10966;16031;1195457;572808;46.2;22.1
59;2021-06-12;11067;13661;1206524;586469;46.6;22.7
59;2021-06-13;6336;7022;1212860;593491;46.8;22.9
59;2021-06-14;6488;12683;1219348;606174;47.1;23.4
59;2021-06-15;8214;15956;1227562;622130;47.4;24.0
59;2021-06-16;9183;13548;1236745;635678;47.8;24.6
59;2021-06-17;9156;15638;1245901;651316;48.1;25.2
59;2021-06-18;9033;20036;1254934;671352;48.5;25.9
59;2021-06-19;8931;17469;1263865;688821;48.8;26.6
59;2021-06-20;4889;10195;1268754;699016;49.0;27.0
59;2021-06-21;5262;15979;1274016;714995;49.2;27.6
59;2021-06-22;6304;18691;1280320;733686;49.5;28.3
59;2021-06-23;6123;19071;1286443;752757;49.7;29.1
59;2021-06-24;7305;20522;1293748;773279;50.0;29.9
59;2021-06-25;6471;21209;1300219;794488;50.2;30.7
59;2021-06-26;6459;23768;1306678;818256;50.5;31.6
59;2021-06-27;4741;17083;1311419;835339;50.7;32.3
59;2021-06-28;4961;19869;1316380;855208;50.8;33.0
59;2021-06-29;5503;20388;1321883;875596;51.1;33.8
59;2021-06-30;6086;20128;1327969;895724;51.3;34.6
59;2021-07-01;6708;20868;1334677;916592;51.6;35.4
59;2021-07-02;6782;23245;1341459;939837;51.8;36.3
59;2021-07-03;5536;24633;1346995;964470;52.0;37.3
59;2021-07-04;4388;15989;1351383;980459;52.2;37.9
59;2021-07-05;5609;17480;1356992;997939;52.4;38.5
59;2021-07-06;6545;18813;1363537;1016752;52.7;39.3
59;2021-07-07;6784;17477;1370321;1034229;52.9;39.9
59;2021-07-08;7960;17712;1378281;1051941;53.2;40.6
59;2021-07-09;7670;20298;1385951;1072239;53.5;41.4
59;2021-07-10;7409;18537;1393360;1090776;53.8;42.1
59;2021-07-11;4435;10231;1397795;1101007;54.0;42.5
59;2021-07-12;5820;18038;1403615;1119045;54.2;43.2
59;2021-07-13;9846;20741;1413461;1139786;54.6;44.0
59;2021-07-14;9754;8440;1423215;1148226;55.0;44.4
59;2021-07-15;11568;20373;1434783;1168599;55.4;45.1
59;2021-07-16;13122;20445;1447905;1189044;55.9;45.9
59;2021-07-17;12342;17399;1460247;1206443;56.4;46.6
59;2021-07-18;7923;8663;1468170;1215106;56.7;46.9
59;2021-07-19;10332;16409;1478502;1231515;57.1;47.6
59;2021-07-20;13319;17062;1491821;1248577;57.6;48.2
59;2021-07-21;14435;15499;1506256;1264076;58.2;48.8
59;2021-07-22;16901;15072;1523157;1279148;58.8;49.4
59;2021-07-23;15493;15706;1538650;1294854;59.4;50.0
59;2021-07-24;16220;12057;1554870;1306911;60.1;50.5
59;2021-07-25;11872;7165;1566742;1314076;60.5;50.8
60;2020-12-27;0;0;0;0;0.0;0.0
60;2020-12-28;0;0;0;0;0.0;0.0
60;2020-12-29;1;0;1;0;0.0;0.0
60;2020-12-30;0;0;1;0;0.0;0.0
60;2020-12-31;0;0;1;0;0.0;0.0
60;2021-01-01;0;0;1;0;0.0;0.0
60;2021-01-02;5;0;6;0;0.0;0.0
60;2021-01-03;1;0;7;0;0.0;0.0
60;2021-01-04;1;0;8;0;0.0;0.0
60;2021-01-05;37;0;45;0;0.0;0.0
60;2021-01-06;188;4;233;4;0.0;0.0
60;2021-01-07;236;4;469;8;0.1;0.0
60;2021-01-08;378;3;847;11;0.1;0.0
60;2021-01-09;3;0;850;11;0.1;0.0
60;2021-01-10;60;0;910;11;0.1;0.0
60;2021-01-11;341;2;1251;13;0.2;0.0
60;2021-01-12;533;2;1784;15;0.2;0.0
60;2021-01-13;474;3;2258;18;0.3;0.0
60;2021-01-14;506;4;2764;22;0.3;0.0
60;2021-01-15;701;6;3465;28;0.4;0.0
60;2021-01-16;124;1;3589;29;0.4;0.0
60;2021-01-17;31;0;3620;29;0.4;0.0
60;2021-01-18;857;3;4477;32;0.5;0.0
60;2021-01-19;1168;10;5645;42;0.7;0.0
60;2021-01-20;1683;7;7328;49;0.9;0.0
60;2021-01-21;2183;6;9511;55;1.2;0.0
60;2021-01-22;1523;13;11034;68;1.3;0.0
60;2021-01-23;498;3;11532;71;1.4;0.0
60;2021-01-24;61;1;11593;72;1.4;0.0
60;2021-01-25;893;12;12486;84;1.5;0.0
60;2021-01-26;946;13;13432;97;1.6;0.0
60;2021-01-27;640;8;14072;105;1.7;0.0
60;2021-01-28;393;169;14465;274;1.8;0.0
60;2021-01-29;77;105;14542;379;1.8;0.0
60;2021-01-30;0;1;14542;380;1.8;0.0
60;2021-01-31;22;61;14564;441;1.8;0.1
60;2021-02-01;38;110;14602;551;1.8;0.1
60;2021-02-02;26;161;14628;712;1.8;0.1
60;2021-02-03;161;237;14789;949;1.8;0.1
60;2021-02-04;169;340;14958;1289;1.8;0.2
60;2021-02-05;313;476;15271;1765;1.9;0.2
60;2021-02-06;62;79;15333;1844;1.9;0.2
60;2021-02-07;31;32;15364;1876;1.9;0.2
60;2021-02-08;326;519;15690;2395;1.9;0.3
60;2021-02-09;316;466;16006;2861;1.9;0.3
60;2021-02-10;553;992;16559;3853;2.0;0.5
60;2021-02-11;935;1137;17494;4990;2.1;0.6
60;2021-02-12;911;861;18405;5851;2.2;0.7
60;2021-02-13;90;309;18495;6160;2.2;0.7
60;2021-02-14;24;92;18519;6252;2.2;0.8
60;2021-02-15;613;817;19132;7069;2.3;0.9
60;2021-02-16;581;948;19713;8017;2.4;1.0
60;2021-02-17;631;933;20344;8950;2.5;1.1
60;2021-02-18;684;829;21028;9779;2.5;1.2
60;2021-02-19;639;763;21667;10542;2.6;1.3
60;2021-02-20;103;188;21770;10730;2.6;1.3
60;2021-02-21;22;121;21792;10851;2.6;1.3
60;2021-02-22;463;876;22255;11727;2.7;1.4
60;2021-02-23;533;787;22788;12514;2.8;1.5
60;2021-02-24;793;546;23581;13060;2.9;1.6
60;2021-02-25;1095;303;24676;13363;3.0;1.6
60;2021-02-26;1296;182;25972;13545;3.1;1.6
60;2021-02-27;666;35;26638;13580;3.2;1.6
60;2021-02-28;7;10;26645;13590;3.2;1.6
60;2021-03-01;893;44;27538;13634;3.3;1.7
60;2021-03-02;1012;155;28550;13789;3.5;1.7
60;2021-03-03;1318;441;29868;14230;3.6;1.7
60;2021-03-04;1721;512;31589;14742;3.8;1.8
60;2021-03-05;1820;282;33409;15024;4.0;1.8
60;2021-03-06;1919;127;35328;15151;4.3;1.8
60;2021-03-07;885;28;36213;15179;4.4;1.8
60;2021-03-08;977;312;37190;15491;4.5;1.9
60;2021-03-09;1638;353;38828;15844;4.7;1.9
60;2021-03-10;1937;414;40765;16258;4.9;2.0
60;2021-03-11;2321;379;43086;16637;5.2;2.0
60;2021-03-12;2591;535;45677;17172;5.5;2.1
60;2021-03-13;3832;195;49509;17367;6.0;2.1
60;2021-03-14;1779;47;51288;17414;6.2;2.1
60;2021-03-15;2091;496;53379;17910;6.5;2.2
60;2021-03-16;1583;621;54962;18531;6.7;2.2
60;2021-03-17;1656;609;56618;19140;6.9;2.3
60;2021-03-18;1758;723;58376;19863;7.1;2.4
60;2021-03-19;2585;516;60961;20379;7.4;2.5
60;2021-03-20;3233;181;64194;20560;7.8;2.5
60;2021-03-21;2122;91;66316;20651;8.0;2.5
60;2021-03-22;2132;706;68448;21357;8.3;2.6
60;2021-03-23;3304;712;71752;22069;8.7;2.7
60;2021-03-24;3069;867;74821;22936;9.1;2.8
60;2021-03-25;3849;833;78670;23769;9.5;2.9
60;2021-03-26;4211;867;82881;24636;10.0;3.0
60;2021-03-27;4142;292;87023;24928;10.5;3.0
60;2021-03-28;2446;67;89469;24995;10.8;3.0
60;2021-03-29;2607;1074;92076;26069;11.2;3.2
60;2021-03-30;3280;1061;95356;27130;11.6;3.3
60;2021-03-31;2668;1134;98024;28264;11.9;3.4
60;2021-04-01;2561;1094;100585;29358;12.2;3.6
60;2021-04-02;3309;1090;103894;30448;12.6;3.7
60;2021-04-03;3167;998;107061;31446;13.0;3.8
60;2021-04-04;874;483;107935;31929;13.1;3.9
60;2021-04-05;458;81;108393;32010;13.1;3.9
60;2021-04-06;1963;1617;110356;33627;13.4;4.1
60;2021-04-07;1979;1745;112335;35372;13.6;4.3
60;2021-04-08;2612;1484;114947;36856;13.9;4.5
60;2021-04-09;2996;1511;117943;38367;14.3;4.7
60;2021-04-10;2926;1581;120869;39948;14.6;4.8
60;2021-04-11;1049;990;121918;40938;14.8;5.0
60;2021-04-12;2047;1715;123965;42653;15.0;5.2
60;2021-04-13;2746;1779;126711;44432;15.4;5.4
60;2021-04-14;3114;1804;129825;46236;15.7;5.6
60;2021-04-15;3539;1878;133364;48114;16.2;5.8
60;2021-04-16;3285;1933;136649;50047;16.6;6.1
60;2021-04-17;2843;2159;139492;52206;16.9;6.3
60;2021-04-18;571;1835;140063;54041;17.0;6.5
60;2021-04-19;1740;2204;141803;56245;17.2;6.8
60;2021-04-20;2127;2668;143930;58913;17.4;7.1
60;2021-04-21;2653;2201;146583;61114;17.8;7.4
60;2021-04-22;2628;2491;149211;63605;18.1;7.7
60;2021-04-23;2642;2457;151853;66062;18.4;8.0
60;2021-04-24;2471;3451;154324;69513;18.7;8.4
60;2021-04-25;1161;1966;155485;71479;18.8;8.7
60;2021-04-26;1889;2526;157374;74005;19.1;9.0
60;2021-04-27;2308;2844;159682;76849;19.4;9.3
60;2021-04-28;3065;2395;162747;79244;19.7;9.6
60;2021-04-29;3151;2621;165898;81865;20.1;9.9
60;2021-04-30;3458;2966;169356;84831;20.5;10.3
60;2021-05-01;2350;1121;171706;85952;20.8;10.4
60;2021-05-02;2144;833;173850;86785;21.1;10.5
60;2021-05-03;2955;1847;176805;88632;21.4;10.7
60;2021-05-04;3017;2353;179822;90985;21.8;11.0
60;2021-05-05;3253;2800;183075;93785;22.2;11.4
60;2021-05-06;3648;2474;186723;96259;22.6;11.7
60;2021-05-07;3986;2518;190709;98777;23.1;12.0
60;2021-05-08;3580;963;194289;99740;23.5;12.1
60;2021-05-09;3457;946;197746;100686;24.0;12.2
60;2021-05-10;2390;2291;200136;102977;24.3;12.5
60;2021-05-11;3661;2468;203797;105445;24.7;12.8
60;2021-05-12;4715;2548;208512;107993;25.3;13.1
60;2021-05-13;5294;1120;213806;109113;25.9;13.2
60;2021-05-14;5602;1804;219408;110917;26.6;13.4
60;2021-05-15;6171;1702;225579;112619;27.3;13.6
60;2021-05-16;4858;684;230437;113303;27.9;13.7
60;2021-05-17;3717;1668;234154;114971;28.4;13.9
60;2021-05-18;4049;2075;238203;117046;28.9;14.2
60;2021-05-19;5093;1852;243296;118898;29.5;14.4
60;2021-05-20;5458;1793;248754;120691;30.1;14.6
60;2021-05-21;5967;1969;254721;122660;30.9;14.9
60;2021-05-22;5353;1975;260074;124635;31.5;15.1
60;2021-05-23;4265;650;264339;125285;32.0;15.2
60;2021-05-24;2949;529;267288;125814;32.4;15.2
60;2021-05-25;4137;1976;271425;127790;32.9;15.5
60;2021-05-26;4464;1822;275889;129612;33.4;15.7
60;2021-05-27;4610;1993;280499;131605;34.0;16.0
60;2021-05-28;4620;2509;285119;134114;34.6;16.3
60;2021-05-29;4613;2273;289732;136387;35.1;16.5
60;2021-05-30;1086;351;290818;136738;35.2;16.6
60;2021-05-31;3829;2079;294647;138817;35.7;16.8
60;2021-06-01;4440;2849;299087;141666;36.2;17.2
60;2021-06-02;3908;2443;302995;144109;36.7;17.5
60;2021-06-03;3902;2378;306897;146487;37.2;17.8
60;2021-06-04;4649;2901;311546;149388;37.8;18.1
60;2021-06-05;4301;3415;315847;152803;38.3;18.5
60;2021-06-06;2154;791;318001;153594;38.5;18.6
60;2021-06-07;2776;2747;320777;156341;38.9;18.9
60;2021-06-08;3798;3003;324575;159344;39.3;19.3
60;2021-06-09;3246;3394;327821;162738;39.7;19.7
60;2021-06-10;3450;3363;331271;166101;40.2;20.1
60;2021-06-11;3878;4196;335149;170297;40.6;20.6
60;2021-06-12;3777;4275;338926;174572;41.1;21.2
60;2021-06-13;1157;2224;340083;176796;41.2;21.4
60;2021-06-14;1906;3306;341989;180102;41.4;21.8
60;2021-06-15;3010;4163;344999;184265;41.8;22.3
60;2021-06-16;3245;4492;348244;188757;42.2;22.9
60;2021-06-17;2973;4776;351217;193533;42.6;23.5
60;2021-06-18;2982;4597;354199;198130;42.9;24.0
60;2021-06-19;3135;4723;357334;202853;43.3;24.6
60;2021-06-20;1433;1933;358767;204786;43.5;24.8
60;2021-06-21;1402;4033;360169;208819;43.7;25.3
60;2021-06-22;1752;5301;361921;214120;43.9;26.0
60;2021-06-23;1860;5243;363781;219363;44.1;26.6
60;2021-06-24;1798;5601;365579;224964;44.3;27.3
60;2021-06-25;1889;5733;367468;230697;44.5;28.0
60;2021-06-26;1851;6988;369319;237685;44.8;28.8
60;2021-06-27;709;2594;370028;240279;44.8;29.1
60;2021-06-28;1773;4148;371801;244427;45.1;29.6
60;2021-06-29;1998;5476;373799;249903;45.3;30.3
60;2021-06-30;2276;5365;376075;255268;45.6;30.9
60;2021-07-01;1872;4934;377947;260202;45.8;31.5
60;2021-07-02;2349;5887;380296;266089;46.1;32.3
60;2021-07-03;2388;6170;382684;272259;46.4;33.0
60;2021-07-04;790;2732;383474;274991;46.5;33.3
60;2021-07-05;1652;4407;385126;279398;46.7;33.9
60;2021-07-06;2132;4503;387258;283901;46.9;34.4
60;2021-07-07;2157;5128;389415;289029;47.2;35.0
60;2021-07-08;2663;4695;392078;293724;47.5;35.6
60;2021-07-09;2633;5554;394711;299278;47.8;36.3
60;2021-07-10;2571;5872;397282;305150;48.2;37.0
60;2021-07-11;1210;1941;398492;307091;48.3;37.2
60;2021-07-12;1421;4756;399913;311847;48.5;37.8
60;2021-07-13;2902;5019;402815;316866;48.8;38.4
60;2021-07-14;2571;1400;405386;318266;49.1;38.6
60;2021-07-15;3420;4855;408806;323121;49.5;39.2
60;2021-07-16;3670;5236;412476;328357;50.0;39.8
60;2021-07-17;4065;5115;416541;333472;50.5;40.4
60;2021-07-18;2178;2111;418719;335583;50.7;40.7
60;2021-07-19;2533;3892;421252;339475;51.1;41.1
60;2021-07-20;4167;4889;425419;344364;51.6;41.7
60;2021-07-21;4314;4251;429733;348615;52.1;42.3
60;2021-07-22;4570;4274;434303;352889;52.6;42.8
60;2021-07-23;4940;4853;439243;357742;53.2;43.4
60;2021-07-24;4283;4621;443526;362363;53.8;43.9
60;2021-07-25;2595;1801;446121;364164;54.1;44.1
61;2020-12-27;0;0;0;0;0.0;0.0
61;2020-12-28;0;0;0;0;0.0;0.0
61;2020-12-29;0;0;0;0;0.0;0.0
61;2020-12-30;0;0;0;0;0.0;0.0
61;2020-12-31;0;0;0;0;0.0;0.0
61;2021-01-01;1;0;1;0;0.0;0.0
61;2021-01-02;0;0;1;0;0.0;0.0
61;2021-01-03;0;0;1;0;0.0;0.0
61;2021-01-04;1;0;2;0;0.0;0.0
61;2021-01-05;3;0;5;0;0.0;0.0
61;2021-01-06;76;0;81;0;0.0;0.0
61;2021-01-07;175;2;256;2;0.1;0.0
61;2021-01-08;406;1;662;3;0.2;0.0
61;2021-01-09;165;1;827;4;0.3;0.0
61;2021-01-10;49;0;876;4;0.3;0.0
61;2021-01-11;396;1;1272;5;0.5;0.0
61;2021-01-12;680;2;1952;7;0.7;0.0
61;2021-01-13;739;1;2691;8;1.0;0.0
61;2021-01-14;526;8;3217;16;1.2;0.0
61;2021-01-15;538;4;3755;20;1.4;0.0
61;2021-01-16;289;1;4044;21;1.5;0.0
61;2021-01-17;832;7;4876;28;1.8;0.0
61;2021-01-18;1900;3;6776;31;2.4;0.0
61;2021-01-19;1319;2;8095;33;2.9;0.0
61;2021-01-20;683;0;8778;33;3.2;0.0
61;2021-01-21;844;1;9622;34;3.5;0.0
61;2021-01-22;764;1;10386;35;3.8;0.0
61;2021-01-23;256;2;10642;37;3.8;0.0
61;2021-01-24;228;0;10870;37;3.9;0.0
61;2021-01-25;577;2;11447;39;4.1;0.0
61;2021-01-26;553;0;12000;39;4.3;0.0
61;2021-01-27;569;14;12569;53;4.5;0.0
61;2021-01-28;461;53;13030;106;4.7;0.0
61;2021-01-29;478;204;13508;310;4.9;0.1
61;2021-01-30;212;3;13720;313;5.0;0.1
61;2021-01-31;106;0;13826;313;5.0;0.1
61;2021-02-01;430;190;14256;503;5.1;0.2
61;2021-02-02;387;425;14643;928;5.3;0.3
61;2021-02-03;412;490;15055;1418;5.4;0.5
61;2021-02-04;387;338;15442;1756;5.6;0.6
61;2021-02-05;538;362;15980;2118;5.8;0.8
61;2021-02-06;195;91;16175;2209;5.8;0.8
61;2021-02-07;45;200;16220;2409;5.9;0.9
61;2021-02-08;540;1409;16760;3818;6.1;1.4
61;2021-02-09;404;808;17164;4626;6.2;1.7
61;2021-02-10;277;561;17441;5187;6.3;1.9
61;2021-02-11;432;562;17873;5749;6.5;2.1
61;2021-02-12;402;737;18275;6486;6.6;2.3
61;2021-02-13;132;431;18407;6917;6.6;2.5
61;2021-02-14;2;315;18409;7232;6.6;2.6
61;2021-02-15;171;848;18580;8080;6.7;2.9
61;2021-02-16;203;682;18783;8762;6.8;3.2
61;2021-02-17;44;640;18827;9402;6.8;3.4
61;2021-02-18;161;528;18988;9930;6.9;3.6
61;2021-02-19;101;391;19089;10321;6.9;3.7
61;2021-02-20;40;242;19129;10563;6.9;3.8
61;2021-02-21;1;155;19130;10718;6.9;3.9
61;2021-02-22;89;567;19219;11285;6.9;4.1
61;2021-02-23;114;494;19333;11779;7.0;4.3
61;2021-02-24;173;571;19506;12350;7.0;4.5
61;2021-02-25;265;447;19771;12797;7.1;4.6
61;2021-02-26;266;465;20037;13262;7.2;4.8
61;2021-02-27;107;225;20144;13487;7.3;4.9
61;2021-02-28;4;119;20148;13606;7.3;4.9
61;2021-03-01;214;613;20362;14219;7.4;5.1
61;2021-03-02;147;698;20509;14917;7.4;5.4
61;2021-03-03;141;449;20650;15366;7.5;5.5
61;2021-03-04;431;443;21081;15809;7.6;5.7
61;2021-03-05;701;291;21782;16100;7.9;5.8
61;2021-03-06;431;230;22213;16330;8.0;5.9
61;2021-03-07;154;2;22367;16332;8.1;5.9
61;2021-03-08;297;314;22664;16646;8.2;6.0
61;2021-03-09;621;184;23285;16830;8.4;6.1
61;2021-03-10;672;173;23957;17003;8.7;6.1
61;2021-03-11;1118;126;25075;17129;9.1;6.2
61;2021-03-12;1465;93;26540;17222;9.6;6.2
61;2021-03-13;770;50;27310;17272;9.9;6.2
61;2021-03-14;226;3;27536;17275;9.9;6.2
61;2021-03-15;814;29;28350;17304;10.2;6.2
61;2021-03-16;721;21;29071;17325;10.5;6.3
61;2021-03-17;759;10;29830;17335;10.8;6.3
61;2021-03-18;854;18;30684;17353;11.1;6.3
61;2021-03-19;1024;44;31708;17397;11.5;6.3
61;2021-03-20;470;12;32178;17409;11.6;6.3
61;2021-03-21;71;2;32249;17411;11.6;6.3
61;2021-03-22;796;85;33045;17496;11.9;6.3
61;2021-03-23;921;39;33966;17535;12.3;6.3
61;2021-03-24;1372;63;35338;17598;12.8;6.4
61;2021-03-25;1874;53;37212;17651;13.4;6.4
61;2021-03-26;1791;39;39003;17690;14.1;6.4
61;2021-03-27;1083;17;40086;17707;14.5;6.4
61;2021-03-28;359;9;40445;17716;14.6;6.4
61;2021-03-29;1270;176;41715;17892;15.1;6.5
61;2021-03-30;1470;88;43185;17980;15.6;6.5
61;2021-03-31;1682;46;44867;18026;16.2;6.5
61;2021-04-01;2046;215;46913;18241;16.9;6.6
61;2021-04-02;1514;423;48427;18664;17.5;6.7
61;2021-04-03;638;285;49065;18949;17.7;6.8
61;2021-04-04;193;1;49258;18950;17.8;6.8
61;2021-04-05;530;7;49788;18957;18.0;6.8
61;2021-04-06;1352;618;51140;19575;18.5;7.1
61;2021-04-07;1690;660;52830;20235;19.1;7.3
61;2021-04-08;2270;814;55100;21049;19.9;7.6
61;2021-04-09;2133;832;57233;21881;20.7;7.9
61;2021-04-10;1536;482;58769;22363;21.2;8.1
61;2021-04-11;238;197;59007;22560;21.3;8.1
61;2021-04-12;1289;735;60296;23295;21.8;8.4
61;2021-04-13;1743;697;62039;23992;22.4;8.7
61;2021-04-14;1727;781;63766;24773;23.0;8.9
61;2021-04-15;2266;770;66032;25543;23.8;9.2
61;2021-04-16;2224;681;68256;26224;24.6;9.5
61;2021-04-17;1485;319;69741;26543;25.2;9.6
61;2021-04-18;538;99;70279;26642;25.4;9.6
61;2021-04-19;938;746;71217;27388;25.7;9.9
61;2021-04-20;1526;782;72743;28170;26.3;10.2
61;2021-04-21;1349;1037;74092;29207;26.8;10.5
61;2021-04-22;1294;1208;75386;30415;27.2;11.0
61;2021-04-23;1217;1146;76603;31561;27.7;11.4
61;2021-04-24;1435;813;78038;32374;28.2;11.7
61;2021-04-25;361;329;78399;32703;28.3;11.8
61;2021-04-26;667;1141;79066;33844;28.6;12.2
61;2021-04-27;1464;1138;80530;34982;29.1;12.6
61;2021-04-28;1388;1384;81918;36366;29.6;13.1
61;2021-04-29;1252;1856;83170;38222;30.0;13.8
61;2021-04-30;1716;1166;84886;39388;30.7;14.2
61;2021-05-01;787;319;85673;39707;30.9;14.3
61;2021-05-02;438;223;86111;39930;31.1;14.4
61;2021-05-03;845;1247;86956;41177;31.4;14.9
61;2021-05-04;1323;1751;88279;42928;31.9;15.5
61;2021-05-05;1010;2024;89289;44952;32.2;16.2
61;2021-05-06;1771;2208;91060;47160;32.9;17.0
61;2021-05-07;1376;1964;92436;49124;33.4;17.7
61;2021-05-08;925;471;93361;49595;33.7;17.9
61;2021-05-09;393;291;93754;49886;33.9;18.0
61;2021-05-10;987;1752;94741;51638;34.2;18.6
61;2021-05-11;1373;1511;96114;53149;34.7;19.2
61;2021-05-12;1868;1588;97982;54737;35.4;19.8
61;2021-05-13;886;490;98868;55227;35.7;19.9
61;2021-05-14;1850;1191;100718;56418;36.4;20.4
61;2021-05-15;2091;1113;102809;57531;37.1;20.8
61;2021-05-16;983;300;103792;57831;37.5;20.9
61;2021-05-17;1311;913;105103;58744;38.0;21.2
61;2021-05-18;2423;890;107526;59634;38.8;21.5
61;2021-05-19;2402;798;109928;60432;39.7;21.8
61;2021-05-20;2214;807;112142;61239;40.5;22.1
61;2021-05-21;2147;854;114289;62093;41.3;22.4
61;2021-05-22;1780;718;116069;62811;41.9;22.7
61;2021-05-23;714;52;116783;62863;42.2;22.7
61;2021-05-24;913;109;117696;62972;42.5;22.7
61;2021-05-25;1991;920;119687;63892;43.2;23.1
61;2021-05-26;2033;927;121720;64819;44.0;23.4
61;2021-05-27;2037;1093;123757;65912;44.7;23.8
61;2021-05-28;2050;1377;125807;67289;45.4;24.3
61;2021-05-29;1461;552;127268;67841;46.0;24.5
61;2021-05-30;450;46;127718;67887;46.1;24.5
61;2021-05-31;1559;936;129277;68823;46.7;24.9
61;2021-06-01;1873;1387;131150;70210;47.4;25.4
61;2021-06-02;1672;1132;132822;71342;48.0;25.8
61;2021-06-03;2247;1105;135069;72447;48.8;26.2
61;2021-06-04;1895;1338;136964;73785;49.5;26.6
61;2021-06-05;1666;1236;138630;75021;50.1;27.1
61;2021-06-06;318;229;138948;75250;50.2;27.2
61;2021-06-07;2188;867;141136;76117;51.0;27.5
61;2021-06-08;1843;1568;142979;77685;51.6;28.1
61;2021-06-09;1973;1183;144952;78868;52.3;28.5
61;2021-06-10;1971;1186;146923;80054;53.1;28.9
61;2021-06-11;1818;1573;148741;81627;53.7;29.5
61;2021-06-12;1423;996;150164;82623;54.2;29.8
61;2021-06-13;340;376;150504;82999;54.4;30.0
61;2021-06-14;1098;1190;151602;84189;54.7;30.4
61;2021-06-15;1208;1692;152810;85881;55.2;31.0
61;2021-06-16;1109;1354;153919;87235;55.6;31.5
61;2021-06-17;1018;1726;154937;88961;56.0;32.1
61;2021-06-18;1489;1662;156426;90623;56.5;32.7
61;2021-06-19;1238;1300;157664;91923;56.9;33.2
61;2021-06-20;285;345;157949;92268;57.0;33.3
61;2021-06-21;803;1629;158752;93897;57.3;33.9
61;2021-06-22;1016;1688;159768;95585;57.7;34.5
61;2021-06-23;967;2439;160735;98024;58.0;35.4
61;2021-06-24;644;1358;161379;99382;58.3;35.9
61;2021-06-25;828;2168;162207;101550;58.6;36.7
61;2021-06-26;617;1950;162824;103500;58.8;37.4
61;2021-06-27;136;801;162960;104301;58.9;37.7
61;2021-06-28;477;2249;163437;106550;59.0;38.5
61;2021-06-29;690;2865;164127;109415;59.3;39.5
61;2021-06-30;766;2463;164893;111878;59.5;40.4
61;2021-07-01;630;1696;165523;113574;59.8;41.0
61;2021-07-02;806;2497;166329;116071;60.1;41.9
61;2021-07-03;415;1912;166744;117983;60.2;42.6
61;2021-07-04;74;639;166818;118622;60.2;42.8
61;2021-07-05;677;1775;167495;120397;60.5;43.5
61;2021-07-06;981;2795;168476;123192;60.8;44.5
61;2021-07-07;725;2360;169201;125552;61.1;45.3
61;2021-07-08;834;1953;170035;127505;61.4;46.0
61;2021-07-09;712;2377;170747;129882;61.7;46.9
61;2021-07-10;463;1773;171210;131655;61.8;47.5
61;2021-07-11;238;489;171448;132144;61.9;47.7
61;2021-07-12;430;2295;171878;134439;62.1;48.6
61;2021-07-13;637;2493;172515;136932;62.3;49.5
61;2021-07-14;143;333;172658;137265;62.4;49.6
61;2021-07-15;803;2815;173461;140080;62.6;50.6
61;2021-07-16;956;2572;174417;142652;63.0;51.5
61;2021-07-17;700;2225;175117;144877;63.2;52.3
61;2021-07-18;335;367;175452;145244;63.4;52.5
61;2021-07-19;931;2400;176383;147644;63.7;53.3
61;2021-07-20;1317;2356;177700;150000;64.2;54.2
61;2021-07-21;1493;2175;179193;152175;64.7;55.0
61;2021-07-22;1684;2174;180877;154349;65.3;55.7
61;2021-07-23;1748;2283;182625;156632;66.0;56.6
61;2021-07-24;1410;1984;184035;158616;66.5;57.3
61;2021-07-25;322;392;184357;159008;66.6;57.4
62;2020-12-27;3;0;3;0;0.0;0.0
62;2020-12-28;2;0;5;0;0.0;0.0
62;2020-12-29;0;0;5;0;0.0;0.0
62;2020-12-30;0;0;5;0;0.0;0.0
62;2020-12-31;0;0;5;0;0.0;0.0
62;2021-01-01;0;0;5;0;0.0;0.0
62;2021-01-02;0;0;5;0;0.0;0.0
62;2021-01-03;0;0;5;0;0.0;0.0
62;2021-01-04;2;0;7;0;0.0;0.0
62;2021-01-05;47;0;54;0;0.0;0.0
62;2021-01-06;123;0;177;0;0.0;0.0
62;2021-01-07;350;0;527;0;0.0;0.0
62;2021-01-08;712;3;1239;3;0.1;0.0
62;2021-01-09;163;1;1402;4;0.1;0.0
62;2021-01-10;84;0;1486;4;0.1;0.0
62;2021-01-11;552;1;2038;5;0.1;0.0
62;2021-01-12;1246;0;3284;5;0.2;0.0
62;2021-01-13;1137;4;4421;9;0.3;0.0
62;2021-01-14;1384;9;5805;18;0.4;0.0
62;2021-01-15;1294;8;7099;26;0.5;0.0
62;2021-01-16;307;3;7406;29;0.5;0.0
62;2021-01-17;107;1;7513;30;0.5;0.0
62;2021-01-18;1663;9;9176;39;0.6;0.0
62;2021-01-19;2098;4;11274;43;0.8;0.0
62;2021-01-20;2053;6;13327;49;0.9;0.0
62;2021-01-21;2227;5;15554;54;1.1;0.0
62;2021-01-22;1831;6;17385;60;1.2;0.0
62;2021-01-23;512;0;17897;60;1.2;0.0
62;2021-01-24;0;0;17897;60;1.2;0.0
62;2021-01-25;1279;6;19176;66;1.3;0.0
62;2021-01-26;1537;15;20713;81;1.4;0.0
62;2021-01-27;1486;172;22199;253;1.5;0.0
62;2021-01-28;4132;345;26331;598;1.8;0.0
62;2021-01-29;2020;336;28351;934;2.0;0.1
62;2021-01-30;160;154;28511;1088;2.0;0.1
62;2021-01-31;22;3;28533;1091;2.0;0.1
62;2021-02-01;45;359;28578;1450;2.0;0.1
62;2021-02-02;57;791;28635;2241;2.0;0.2
62;2021-02-03;43;629;28678;2870;2.0;0.2
62;2021-02-04;81;823;28759;3693;2.0;0.3
62;2021-02-05;79;754;28838;4447;2.0;0.3
62;2021-02-06;24;195;28862;4642;2.0;0.3
62;2021-02-07;235;26;29097;4668;2.0;0.3
62;2021-02-08;131;849;29228;5517;2.0;0.4
62;2021-02-09;225;1102;29453;6619;2.0;0.5
62;2021-02-10;382;1172;29835;7791;2.1;0.5
62;2021-02-11;721;1000;30556;8791;2.1;0.6
62;2021-02-12;966;781;31522;9572;2.2;0.7
62;2021-02-13;159;271;31681;9843;2.2;0.7
62;2021-02-14;0;0;31681;9843;2.2;0.7
62;2021-02-15;663;1276;32344;11119;2.2;0.8
62;2021-02-16;919;1787;33263;12906;2.3;0.9
62;2021-02-17;1073;2128;34336;15034;2.4;1.0
62;2021-02-18;2204;3793;36540;18827;2.5;1.3
62;2021-02-19;2302;2541;38842;21368;2.7;1.5
62;2021-02-20;613;480;39455;21848;2.7;1.5
62;2021-02-21;86;49;39541;21897;2.7;1.5
62;2021-02-22;847;973;40388;22870;2.8;1.6
62;2021-02-23;1418;1220;41806;24090;2.9;1.7
62;2021-02-24;1543;640;43349;24730;3.0;1.7
62;2021-02-25;3165;399;46514;25129;3.2;1.7
62;2021-02-26;2906;326;49420;25455;3.4;1.8
62;2021-02-27;1827;90;51247;25545;3.5;1.8
62;2021-02-28;52;42;51299;25587;3.5;1.8
62;2021-03-01;1312;115;52611;25702;3.6;1.8
62;2021-03-02;3148;164;55759;25866;3.8;1.8
62;2021-03-03;3256;108;59015;25974;4.1;1.8
62;2021-03-04;3803;189;62818;26163;4.3;1.8
62;2021-03-05;4641;199;67459;26362;4.6;1.8
62;2021-03-06;9607;199;77066;26561;5.3;1.8
62;2021-03-07;8069;168;85135;26729;5.9;1.8
62;2021-03-08;2184;241;87319;26970;6.0;1.9
62;2021-03-09;3798;359;91117;27329;6.3;1.9
62;2021-03-10;4223;586;95340;27915;6.6;1.9
62;2021-03-11;5980;1505;101320;29420;7.0;2.0
62;2021-03-12;6626;1370;107946;30790;7.4;2.1
62;2021-03-13;14709;710;122655;31500;8.4;2.2
62;2021-03-14;9572;329;132227;31829;9.1;2.2
62;2021-03-15;3759;1006;135986;32835;9.4;2.3
62;2021-03-16;2734;841;138720;33676;9.5;2.3
62;2021-03-17;2801;712;141521;34388;9.7;2.4
62;2021-03-18;2717;920;144238;35308;9.9;2.4
62;2021-03-19;4778;902;149016;36210;10.3;2.5
62;2021-03-20;11059;546;160075;36756;11.0;2.5
62;2021-03-21;9440;305;169515;37061;11.7;2.6
62;2021-03-22;2937;1100;172452;38161;11.9;2.6
62;2021-03-23;4987;1492;177439;39653;12.2;2.7
62;2021-03-24;4690;1411;182129;41064;12.5;2.8
62;2021-03-25;6548;1470;188677;42534;13.0;2.9
62;2021-03-26;7048;1471;195725;44005;13.5;3.0
62;2021-03-27;12588;690;208313;44695;14.3;3.1
62;2021-03-28;6934;248;215247;44943;14.8;3.1
62;2021-03-29;3473;1198;218720;46141;15.1;3.2
62;2021-03-30;4548;2204;223268;48345;15.4;3.3
62;2021-03-31;4216;2463;227484;50808;15.7;3.5
62;2021-04-01;4965;2753;232449;53561;16.0;3.7
62;2021-04-02;5066;3218;237515;56779;16.3;3.9
62;2021-04-03;8199;3306;245714;60085;16.9;4.1
62;2021-04-04;4577;1906;250291;61991;17.2;4.3
62;2021-04-05;943;461;251234;62452;17.3;4.3
62;2021-04-06;4115;2980;255349;65432;17.6;4.5
62;2021-04-07;5030;3484;260379;68916;17.9;4.7
62;2021-04-08;6477;3944;266856;72860;18.4;5.0
62;2021-04-09;7616;3446;274472;76306;18.9;5.3
62;2021-04-10;6638;8048;281110;84354;19.3;5.8
62;2021-04-11;2812;6891;283922;91245;19.5;6.3
62;2021-04-12;3418;2356;287340;93601;19.8;6.4
62;2021-04-13;6167;3145;293507;96746;20.2;6.7
62;2021-04-14;5297;3048;298804;99794;20.6;6.9
62;2021-04-15;5739;2973;304543;102767;21.0;7.1
62;2021-04-16;5416;3171;309959;105938;21.3;7.3
62;2021-04-17;4357;7356;314316;113294;21.6;7.8
62;2021-04-18;1959;6846;316275;120140;21.8;8.3
62;2021-04-19;2779;1917;319054;122057;22.0;8.4
62;2021-04-20;4133;3875;323187;125932;22.2;8.7
62;2021-04-21;3750;3972;326937;129904;22.5;8.9
62;2021-04-22;3946;5178;330883;135082;22.8;9.3
62;2021-04-23;4046;5282;334929;140364;23.1;9.7
62;2021-04-24;4401;6713;339330;147077;23.4;10.1
62;2021-04-25;1908;3498;341238;150575;23.5;10.4
62;2021-04-26;2224;2430;343462;153005;23.6;10.5
62;2021-04-27;4407;3692;347869;156697;23.9;10.8
62;2021-04-28;4589;4336;352458;161033;24.3;11.1
62;2021-04-29;4783;5860;357241;166893;24.6;11.5
62;2021-04-30;5210;5701;362451;172594;24.9;11.9
62;2021-05-01;5733;3455;368184;176049;25.3;12.1
62;2021-05-02;7817;3118;376001;179167;25.9;12.3
62;2021-05-03;4495;2295;380496;181462;26.2;12.5
62;2021-05-04;5389;4961;385885;186423;26.6;12.8
62;2021-05-05;4727;4830;390612;191253;26.9;13.2
62;2021-05-06;5619;4904;396231;196157;27.3;13.5
62;2021-05-07;7677;4643;403908;200800;27.8;13.8
62;2021-05-08;10638;2271;414546;203071;28.5;14.0
62;2021-05-09;8625;1624;423171;204695;29.1;14.1
62;2021-05-10;4869;4002;428040;208697;29.5;14.4
62;2021-05-11;6407;5021;434447;213718;29.9;14.7
62;2021-05-12;8621;4597;443068;218315;30.5;15.0
62;2021-05-13;9995;1466;453063;219781;31.2;15.1
62;2021-05-14;11873;3374;464936;223155;32.0;15.4
62;2021-05-15;19777;3237;484713;226392;33.4;15.6
62;2021-05-16;16393;1390;501106;227782;34.5;15.7
62;2021-05-17;8180;2652;509286;230434;35.1;15.9
62;2021-05-18;9320;3113;518606;233547;35.7;16.1
62;2021-05-19;8615;2900;527221;236447;36.3;16.3
62;2021-05-20;8338;3830;535559;240277;36.9;16.5
62;2021-05-21;9385;4200;544944;244477;37.5;16.8
62;2021-05-22;17869;3495;562813;247972;38.7;17.1
62;2021-05-23;12375;1123;575188;249095;39.6;17.1
62;2021-05-24;3909;579;579097;249674;39.9;17.2
62;2021-05-25;7216;4084;586313;253758;40.4;17.5
62;2021-05-26;6769;4899;593082;258657;40.8;17.8
62;2021-05-27;6380;5679;599462;264336;41.3;18.2
62;2021-05-28;6517;6759;605979;271095;41.7;18.7
62;2021-05-29;10848;5526;616827;276621;42.5;19.0
62;2021-05-30;4038;980;620865;277601;42.7;19.1
62;2021-05-31;4790;3967;625655;281568;43.1;19.4
62;2021-06-01;6496;6524;632151;288092;43.5;19.8
62;2021-06-02;7412;5801;639563;293893;44.0;20.2
62;2021-06-03;7850;5888;647413;299781;44.6;20.6
62;2021-06-04;7898;6243;655311;306024;45.1;21.1
62;2021-06-05;8274;6226;663585;312250;45.7;21.5
62;2021-06-06;3121;1285;666706;313535;45.9;21.6
62;2021-06-07;4609;3754;671315;317289;46.2;21.8
62;2021-06-08;6196;5882;677511;323171;46.6;22.2
62;2021-06-09;5485;4756;682996;327927;47.0;22.6
62;2021-06-10;5197;5872;688193;333799;47.4;23.0
62;2021-06-11;6210;8871;694403;342670;47.8;23.6
62;2021-06-12;5933;8652;700336;351322;48.2;24.2
62;2021-06-13;3224;3782;703560;355104;48.4;24.4
62;2021-06-14;2593;6772;706153;361876;48.6;24.9
62;2021-06-15;4658;8529;710811;370405;48.9;25.5
62;2021-06-16;5063;7414;715874;377819;49.3;26.0
62;2021-06-17;5214;8040;721088;385859;49.6;26.6
62;2021-06-18;4806;10486;725894;396345;50.0;27.3
62;2021-06-19;5791;13446;731685;409791;50.4;28.2
62;2021-06-20;2094;4374;733779;414165;50.5;28.5
62;2021-06-21;2957;8943;736736;423108;50.7;29.1
62;2021-06-22;3407;10175;740143;433283;50.9;29.8
62;2021-06-23;3373;10327;743516;443610;51.2;30.5
62;2021-06-24;3317;11785;746833;455395;51.4;31.3
62;2021-06-25;3691;15775;750524;471170;51.7;32.4
62;2021-06-26;3534;18422;754058;489592;51.9;33.7
62;2021-06-27;1117;9836;755175;499428;52.0;34.4
62;2021-06-28;1906;8887;757081;508315;52.1;35.0
62;2021-06-29;2953;11470;760034;519785;52.3;35.8
62;2021-06-30;4096;10816;764130;530601;52.6;36.5
62;2021-07-01;4410;10479;768540;541080;52.9;37.2
62;2021-07-02;4113;11970;772653;553050;53.2;38.1
62;2021-07-03;2987;18075;775640;571125;53.4;39.3
62;2021-07-04;1435;9193;777075;580318;53.5;39.9
62;2021-07-05;2392;6933;779467;587251;53.7;40.4
62;2021-07-06;3771;10018;783238;597269;53.9;41.1
62;2021-07-07;3884;8907;787122;606176;54.2;41.7
62;2021-07-08;5208;9104;792330;615280;54.5;42.4
62;2021-07-09;4375;10859;796705;626139;54.8;43.1
62;2021-07-10;4903;11863;801608;638002;55.2;43.9
62;2021-07-11;1328;2086;802936;640088;55.3;44.1
62;2021-07-12;2298;7130;805234;647218;55.4;44.6
62;2021-07-13;5031;12142;810265;659360;55.8;45.4
62;2021-07-14;3592;3147;813857;662507;56.0;45.6
62;2021-07-15;7503;11513;821360;674020;56.5;46.4
62;2021-07-16;7547;11023;828907;685043;57.1;47.2
62;2021-07-17;9602;10214;838509;695257;57.7;47.9
62;2021-07-18;2696;3456;841205;698713;57.9;48.1
62;2021-07-19;5951;7003;847156;705716;58.3;48.6
62;2021-07-20;7880;10691;855036;716407;58.9;49.3
62;2021-07-21;9661;9368;864697;725775;59.5;50.0
62;2021-07-22;9693;8951;874390;734726;60.2;50.6
62;2021-07-23;10521;8337;884911;743063;60.9;51.1
62;2021-07-24;9526;10181;894437;753244;61.6;51.8
62;2021-07-25;5467;1799;899904;755043;61.9;52.0
63;2020-12-27;0;0;0;0;0.0;0.0
63;2020-12-28;0;0;0;0;0.0;0.0
63;2020-12-29;0;0;0;0;0.0;0.0
63;2020-12-30;0;0;0;0;0.0;0.0
63;2020-12-31;0;0;0;0;0.0;0.0
63;2021-01-01;0;0;0;0;0.0;0.0
63;2021-01-02;0;0;0;0;0.0;0.0
63;2021-01-03;0;0;0;0;0.0;0.0
63;2021-01-04;0;0;0;0;0.0;0.0
63;2021-01-05;1;0;1;0;0.0;0.0
63;2021-01-06;4;1;5;1;0.0;0.0
63;2021-01-07;299;0;304;1;0.0;0.0
63;2021-01-08;207;1;511;2;0.1;0.0
63;2021-01-09;91;0;602;2;0.1;0.0
63;2021-01-10;81;0;683;2;0.1;0.0
63;2021-01-11;422;0;1105;2;0.2;0.0
63;2021-01-12;641;1;1746;3;0.3;0.0
63;2021-01-13;847;2;2593;5;0.4;0.0
63;2021-01-14;517;8;3110;13;0.5;0.0
63;2021-01-15;428;2;3538;15;0.5;0.0
63;2021-01-16;157;0;3695;15;0.6;0.0
63;2021-01-17;131;0;3826;15;0.6;0.0
63;2021-01-18;604;1;4430;16;0.7;0.0
63;2021-01-19;855;1;5285;17;0.8;0.0
63;2021-01-20;1040;1;6325;18;1.0;0.0
63;2021-01-21;976;2;7301;20;1.1;0.0
63;2021-01-22;966;3;8267;23;1.3;0.0
63;2021-01-23;190;0;8457;23;1.3;0.0
63;2021-01-24;162;0;8619;23;1.3;0.0
63;2021-01-25;788;2;9407;25;1.4;0.0
63;2021-01-26;955;2;10362;27;1.6;0.0
63;2021-01-27;999;5;11361;32;1.7;0.0
63;2021-01-28;1309;67;12670;99;1.9;0.0
63;2021-01-29;1064;66;13734;165;2.1;0.0
63;2021-01-30;68;0;13802;165;2.1;0.0
63;2021-01-31;6;0;13808;165;2.1;0.0
63;2021-02-01;563;182;14371;347;2.2;0.1
63;2021-02-02;876;235;15247;582;2.3;0.1
63;2021-02-03;1468;282;16715;864;2.5;0.1
63;2021-02-04;2114;513;18829;1377;2.9;0.2
63;2021-02-05;1142;271;19971;1648;3.0;0.2
63;2021-02-06;116;0;20087;1648;3.0;0.2
63;2021-02-07;9;1;20096;1649;3.0;0.2
63;2021-02-08;532;408;20628;2057;3.1;0.3
63;2021-02-09;669;436;21297;2493;3.2;0.4
63;2021-02-10;606;601;21903;3094;3.3;0.5
63;2021-02-11;750;466;22653;3560;3.4;0.5
63;2021-02-12;823;811;23476;4371;3.6;0.7
63;2021-02-13;82;1;23558;4372;3.6;0.7
63;2021-02-14;0;65;23558;4437;3.6;0.7
63;2021-02-15;204;795;23762;5232;3.6;0.8
63;2021-02-16;409;1137;24171;6369;3.7;1.0
63;2021-02-17;347;875;24518;7244;3.7;1.1
63;2021-02-18;594;827;25112;8071;3.8;1.2
63;2021-02-19;446;978;25558;9049;3.9;1.4
63;2021-02-20;37;32;25595;9081;3.9;1.4
63;2021-02-21;2;17;25597;9098;3.9;1.4
63;2021-02-22;291;931;25888;10029;3.9;1.5
63;2021-02-23;574;1145;26462;11174;4.0;1.7
63;2021-02-24;696;1427;27158;12601;4.1;1.9
63;2021-02-25;1584;1672;28742;14273;4.4;2.2
63;2021-02-26;1623;1367;30365;15640;4.6;2.4
63;2021-02-27;642;64;31007;15704;4.7;2.4
63;2021-02-28;4;178;31011;15882;4.7;2.4
63;2021-03-01;583;521;31594;16403;4.8;2.5
63;2021-03-02;899;793;32493;17196;4.9;2.6
63;2021-03-03;1034;724;33527;17920;5.1;2.7
63;2021-03-04;1750;496;35277;18416;5.3;2.8
63;2021-03-05;2612;683;37889;19099;5.7;2.9
63;2021-03-06;1550;36;39439;19135;6.0;2.9
63;2021-03-07;511;15;39950;19150;6.1;2.9
63;2021-03-08;965;649;40915;19799;6.2;3.0
63;2021-03-09;1537;1061;42452;20860;6.4;3.2
63;2021-03-10;1643;607;44095;21467;6.7;3.3
63;2021-03-11;3050;882;47145;22349;7.1;3.4
63;2021-03-12;3509;369;50654;22718;7.7;3.4
63;2021-03-13;2049;78;52703;22796;8.0;3.5
63;2021-03-14;57;21;52760;22817;8.0;3.5
63;2021-03-15;1737;365;54497;23182;8.3;3.5
63;2021-03-16;1741;411;56238;23593;8.5;3.6
63;2021-03-17;1634;673;57872;24266;8.8;3.7
63;2021-03-18;1933;742;59805;25008;9.1;3.8
63;2021-03-19;2733;488;62538;25496;9.5;3.9
63;2021-03-20;1121;66;63659;25562;9.6;3.9
63;2021-03-21;50;45;63709;25607;9.6;3.9
63;2021-03-22;1982;253;65691;25860;9.9;3.9
63;2021-03-23;2878;356;68569;26216;10.4;4.0
63;2021-03-24;3215;334;71784;26550;10.9;4.0
63;2021-03-25;4584;377;76368;26927;11.6;4.1
63;2021-03-26;4688;550;81056;27477;12.3;4.2
63;2021-03-27;2454;222;83510;27699;12.6;4.2
63;2021-03-28;1042;82;84552;27781;12.8;4.2
63;2021-03-29;2479;510;87031;28291;13.2;4.3
63;2021-03-30;3276;623;90307;28914;13.7;4.4
63;2021-03-31;2960;747;93267;29661;14.1;4.5
63;2021-04-01;3823;528;97090;30189;14.7;4.6
63;2021-04-02;3480;704;100570;30893;15.2;4.7
63;2021-04-03;1171;182;101741;31075;15.4;4.7
63;2021-04-04;877;27;102618;31102;15.5;4.7
63;2021-04-05;802;86;103420;31188;15.7;4.7
63;2021-04-06;2463;928;105883;32116;16.0;4.9
63;2021-04-07;3207;861;109090;32977;16.5;5.0
63;2021-04-08;4716;1207;113806;34184;17.2;5.2
63;2021-04-09;5310;969;119116;35153;18.0;5.3
63;2021-04-10;2221;472;121337;35625;18.4;5.4
63;2021-04-11;834;37;122171;35662;18.5;5.4
63;2021-04-12;1621;1310;123792;36972;18.7;5.6
63;2021-04-13;1984;1965;125776;38937;19.1;5.9
63;2021-04-14;2627;1432;128403;40369;19.4;6.1
63;2021-04-15;3783;1514;132186;41883;20.0;6.3
63;2021-04-16;2839;2153;135025;44036;20.5;6.7
63;2021-04-17;1231;671;136256;44707;20.6;6.8
63;2021-04-18;802;59;137058;44766;20.8;6.8
63;2021-04-19;1654;2111;138712;46877;21.0;7.1
63;2021-04-20;1697;2296;140409;49173;21.3;7.4
63;2021-04-21;1512;2406;141921;51579;21.5;7.8
63;2021-04-22;1913;2265;143834;53844;21.8;8.2
63;2021-04-23;2016;3106;145850;56950;22.1;8.6
63;2021-04-24;1188;1128;147038;58078;22.3;8.8
63;2021-04-25;553;413;147591;58491;22.4;8.9
63;2021-04-26;1436;2242;149027;60733;22.6;9.2
63;2021-04-27;2308;2600;151335;63333;22.9;9.6
63;2021-04-28;2329;3150;153664;66483;23.3;10.1
63;2021-04-29;2866;2836;156530;69319;23.7;10.5
63;2021-04-30;2863;2811;159393;72130;24.1;10.9
63;2021-05-01;1127;1049;160520;73179;24.3;11.1
63;2021-05-02;897;639;161417;73818;24.4;11.2
63;2021-05-03;2686;2248;164103;76066;24.9;11.5
63;2021-05-04;2875;2677;166978;78743;25.3;11.9
63;2021-05-05;2935;3115;169913;81858;25.7;12.4
63;2021-05-06;3665;3043;173578;84901;26.3;12.9
63;2021-05-07;4029;3540;177607;88441;26.9;13.4
63;2021-05-08;1994;649;179601;89090;27.2;13.5
63;2021-05-09;1803;607;181404;89697;27.5;13.6
63;2021-05-10;4197;2758;185601;92455;28.1;14.0
63;2021-05-11;5334;2754;190935;95209;28.9;14.4
63;2021-05-12;5256;2895;196191;98104;29.7;14.9
63;2021-05-13;4125;696;200316;98800;30.3;15.0
63;2021-05-14;4767;1505;205083;100305;31.1;15.2
63;2021-05-15;3717;983;208800;101288;31.6;15.3
63;2021-05-16;3517;444;212317;101732;32.2;15.4
63;2021-05-17;3891;1981;216208;103713;32.7;15.7
63;2021-05-18;5110;1614;221318;105327;33.5;16.0
63;2021-05-19;5215;1615;226533;106942;34.3;16.2
63;2021-05-20;6790;2074;233323;109016;35.3;16.5
63;2021-05-21;6249;2318;239572;111334;36.3;16.9
63;2021-05-22;3349;844;242921;112178;36.8;17.0
63;2021-05-23;2380;244;245301;112422;37.2;17.0
63;2021-05-24;2635;578;247936;113000;37.6;17.1
63;2021-05-25;4266;2633;252202;115633;38.2;17.5
63;2021-05-26;5441;2402;257643;118035;39.0;17.9
63;2021-05-27;6488;2795;264131;120830;40.0;18.3
63;2021-05-28;5412;3883;269543;124713;40.8;18.9
63;2021-05-29;3358;1502;272901;126215;41.3;19.1
63;2021-05-30;1579;218;274480;126433;41.6;19.1
63;2021-05-31;4144;2278;278624;128711;42.2;19.5
63;2021-06-01;3790;2953;282414;131664;42.8;19.9
63;2021-06-02;3878;2516;286292;134180;43.4;20.3
63;2021-06-03;4894;3142;291186;137322;44.1;20.8
63;2021-06-04;5093;3625;296279;140947;44.9;21.3
63;2021-06-05;2803;1742;299082;142689;45.3;21.6
63;2021-06-06;1304;695;300386;143384;45.5;21.7
63;2021-06-07;3162;2515;303548;145899;46.0;22.1
63;2021-06-08;2873;2754;306421;148653;46.4;22.5
63;2021-06-09;3015;2272;309436;150925;46.9;22.9
63;2021-06-10;3204;2688;312640;153613;47.4;23.3
63;2021-06-11;3092;4049;315732;157662;47.8;23.9
63;2021-06-12;1626;1967;317358;159629;48.1;24.2
63;2021-06-13;479;1094;317837;160723;48.1;24.3
63;2021-06-14;1823;3472;319660;164195;48.4;24.9
63;2021-06-15;2197;3475;321857;167670;48.7;25.4
63;2021-06-16;2562;3312;324419;170982;49.1;25.9
63;2021-06-17;2379;4301;326798;175283;49.5;26.5
63;2021-06-18;2451;5829;329249;181112;49.9;27.4
63;2021-06-19;1609;2825;330858;183937;50.1;27.9
63;2021-06-20;658;2440;331516;186377;50.2;28.2
63;2021-06-21;1269;5390;332785;191767;50.4;29.0
63;2021-06-22;1227;5537;334012;197304;50.6;29.9
63;2021-06-23;1519;4758;335531;202062;50.8;30.6
63;2021-06-24;1907;5378;337438;207440;51.1;31.4
63;2021-06-25;1719;5904;339157;213344;51.4;32.3
63;2021-06-26;1068;3351;340225;216695;51.5;32.8
63;2021-06-27;701;3486;340926;220181;51.6;33.3
63;2021-06-28;1134;5663;342060;225844;51.8;34.2
63;2021-06-29;1221;5164;343281;231008;52.0;35.0
63;2021-06-30;1582;5288;344863;236296;52.2;35.8
63;2021-07-01;1888;8072;346751;244368;52.5;37.0
63;2021-07-02;2020;6542;348771;250910;52.8;38.0
63;2021-07-03;944;2927;349715;253837;53.0;38.4
63;2021-07-04;995;1882;350710;255719;53.1;38.7
63;2021-07-05;1476;6286;352186;262005;53.3;39.7
63;2021-07-06;1579;4798;353765;266803;53.6;40.4
63;2021-07-07;1947;4080;355712;270883;53.9;41.0
63;2021-07-08;2180;4580;357892;275463;54.2;41.7
63;2021-07-09;1895;5725;359787;281188;54.5;42.6
63;2021-07-10;1517;3407;361304;284595;54.7;43.1
63;2021-07-11;891;1528;362195;286123;54.9;43.3
63;2021-07-12;1565;8706;363760;294829;55.1;44.7
63;2021-07-13;3564;6129;367324;300958;55.6;45.6
63;2021-07-14;3587;1780;370911;302738;56.2;45.9
63;2021-07-15;4355;5025;375266;307763;56.8;46.6
63;2021-07-16;4645;5769;379911;313532;57.5;47.5
63;2021-07-17;2982;2456;382893;315988;58.0;47.9
63;2021-07-18;2798;1084;385691;317072;58.4;48.0
63;2021-07-19;3943;4824;389634;321896;59.0;48.8
63;2021-07-20;4675;5435;394309;327331;59.7;49.6
63;2021-07-21;4741;3965;399050;331296;60.4;50.2
63;2021-07-22;5461;4364;404511;335660;61.3;50.8
63;2021-07-23;5097;4628;409608;340288;62.0;51.5
63;2021-07-24;3580;1928;413188;342216;62.6;51.8
63;2021-07-25;2712;1370;415900;343586;63.0;52.0
64;2020-12-27;0;0;0;0;0.0;0.0
64;2020-12-28;0;0;0;0;0.0;0.0
64;2020-12-29;0;0;0;0;0.0;0.0
64;2020-12-30;0;0;0;0;0.0;0.0
64;2020-12-31;0;0;0;0;0.0;0.0
64;2021-01-01;0;0;0;0;0.0;0.0
64;2021-01-02;0;0;0;0;0.0;0.0
64;2021-01-03;0;0;0;0;0.0;0.0
64;2021-01-04;29;0;29;0;0.0;0.0
64;2021-01-05;22;0;51;0;0.0;0.0
64;2021-01-06;185;1;236;1;0.0;0.0
64;2021-01-07;839;0;1075;1;0.2;0.0
64;2021-01-08;879;2;1954;3;0.3;0.0
64;2021-01-09;54;0;2008;3;0.3;0.0
64;2021-01-10;0;0;2008;3;0.3;0.0
64;2021-01-11;538;0;2546;3;0.4;0.0
64;2021-01-12;758;2;3304;5;0.5;0.0
64;2021-01-13;865;2;4169;7;0.6;0.0
64;2021-01-14;1044;3;5213;10;0.8;0.0
64;2021-01-15;928;5;6141;15;0.9;0.0
64;2021-01-16;68;0;6209;15;0.9;0.0
64;2021-01-17;5;0;6214;15;0.9;0.0
64;2021-01-18;937;8;7151;23;1.0;0.0
64;2021-01-19;1441;4;8592;27;1.3;0.0
64;2021-01-20;1614;1;10206;28;1.5;0.0
64;2021-01-21;2597;1;12803;29;1.9;0.0
64;2021-01-22;1645;3;14448;32;2.1;0.0
64;2021-01-23;523;1;14971;33;2.2;0.0
64;2021-01-24;88;0;15059;33;2.2;0.0
64;2021-01-25;968;7;16027;40;2.3;0.0
64;2021-01-26;1353;21;17380;61;2.5;0.0
64;2021-01-27;1240;120;18620;181;2.7;0.0
64;2021-01-28;1648;633;20268;814;3.0;0.1
64;2021-01-29;971;653;21239;1467;3.1;0.2
64;2021-01-30;466;60;21705;1527;3.2;0.2
64;2021-01-31;91;0;21796;1527;3.2;0.2
64;2021-02-01;673;313;22469;1840;3.3;0.3
64;2021-02-02;1130;555;23599;2395;3.5;0.4
64;2021-02-03;1039;631;24638;3026;3.6;0.4
64;2021-02-04;1026;535;25664;3561;3.8;0.5
64;2021-02-05;866;456;26530;4017;3.9;0.6
64;2021-02-06;499;34;27029;4051;4.0;0.6
64;2021-02-07;130;4;27159;4055;4.0;0.6
64;2021-02-08;767;311;27926;4366;4.1;0.6
64;2021-02-09;940;721;28866;5087;4.2;0.7
64;2021-02-10;909;805;29775;5892;4.4;0.9
64;2021-02-11;1198;1482;30973;7374;4.5;1.1
64;2021-02-12;1074;1068;32047;8442;4.7;1.2
64;2021-02-13;224;321;32271;8763;4.7;1.3
64;2021-02-14;36;49;32307;8812;4.7;1.3
64;2021-02-15;221;1130;32528;9942;4.8;1.5
64;2021-02-16;257;1406;32785;11348;4.8;1.7
64;2021-02-17;289;1256;33074;12604;4.8;1.8
64;2021-02-18;506;1717;33580;14321;4.9;2.1
64;2021-02-19;415;1293;33995;15614;5.0;2.3
64;2021-02-20;119;440;34114;16054;5.0;2.3
64;2021-02-21;20;83;34134;16137;5.0;2.4
64;2021-02-22;475;990;34609;17127;5.1;2.5
64;2021-02-23;710;1145;35319;18272;5.2;2.7
64;2021-02-24;727;1017;36046;19289;5.3;2.8
64;2021-02-25;1092;955;37138;20244;5.4;3.0
64;2021-02-26;1211;915;38349;21159;5.6;3.1
64;2021-02-27;864;405;39213;21564;5.7;3.2
64;2021-02-28;41;85;39254;21649;5.7;3.2
64;2021-03-01;761;797;40015;22446;5.9;3.3
64;2021-03-02;1076;914;41091;23360;6.0;3.4
64;2021-03-03;1240;1008;42331;24368;6.2;3.6
64;2021-03-04;1875;1183;44206;25551;6.5;3.7
64;2021-03-05;2191;1069;46397;26620;6.8;3.9
64;2021-03-06;1539;518;47936;27138;7.0;4.0
64;2021-03-07;593;109;48529;27247;7.1;4.0
64;2021-03-08;1530;764;50059;28011;7.3;4.1
64;2021-03-09;2060;845;52119;28856;7.6;4.2
64;2021-03-10;2076;757;54195;29613;7.9;4.3
64;2021-03-11;2967;1074;57162;30687;8.4;4.5
64;2021-03-12;3479;584;60641;31271;8.9;4.6
64;2021-03-13;2254;164;62895;31435;9.2;4.6
64;2021-03-14;228;15;63123;31450;9.2;4.6
64;2021-03-15;2329;227;65452;31677;9.6;4.6
64;2021-03-16;1976;260;67428;31937;9.9;4.7
64;2021-03-17;2061;231;69489;32168;10.2;4.7
64;2021-03-18;2457;201;71946;32369;10.5;4.7
64;2021-03-19;3005;280;74951;32649;11.0;4.8
64;2021-03-20;2458;85;77409;32734;11.3;4.8
64;2021-03-21;1271;24;78680;32758;11.5;4.8
64;2021-03-22;2580;548;81260;33306;11.9;4.9
64;2021-03-23;3193;652;84453;33958;12.4;5.0
64;2021-03-24;3559;695;88012;34653;12.9;5.1
64;2021-03-25;4345;803;92357;35456;13.5;5.2
64;2021-03-26;4415;695;96772;36151;14.2;5.3
64;2021-03-27;2966;420;99738;36571;14.6;5.4
64;2021-03-28;518;54;100256;36625;14.7;5.4
64;2021-03-29;3018;877;103274;37502;15.1;5.5
64;2021-03-30;4128;862;107402;38364;15.7;5.6
64;2021-03-31;3579;773;110981;39137;16.2;5.7
64;2021-04-01;4759;923;115740;40060;16.9;5.9
64;2021-04-02;4434;734;120174;40794;17.6;6.0
64;2021-04-03;2056;581;122230;41375;17.9;6.1
64;2021-04-04;304;49;122534;41424;17.9;6.1
64;2021-04-05;1682;136;124216;41560;18.2;6.1
64;2021-04-06;3650;1382;127866;42942;18.7;6.3
64;2021-04-07;3939;1503;131805;44445;19.3;6.5
64;2021-04-08;5184;1587;136989;46032;20.1;6.7
64;2021-04-09;5877;1614;142866;47646;20.9;7.0
64;2021-04-10;3219;1038;146085;48684;21.4;7.1
64;2021-04-11;439;253;146524;48937;21.4;7.2
64;2021-04-12;4040;1852;150564;50789;22.0;7.4
64;2021-04-13;4453;2150;155017;52939;22.7;7.7
64;2021-04-14;4080;2122;159097;55061;23.3;8.1
64;2021-04-15;4393;2279;163490;57340;23.9;8.4
64;2021-04-16;4283;2253;167773;59593;24.6;8.7
64;2021-04-17;2477;1496;170250;61089;24.9;8.9
64;2021-04-18;1095;1180;171345;62269;25.1;9.1
64;2021-04-19;2724;2440;174069;64709;25.5;9.5
64;2021-04-20;3201;2419;177270;67128;25.9;9.8
64;2021-04-21;3206;2557;180476;69685;26.4;10.2
64;2021-04-22;3382;2772;183858;72457;26.9;10.6
64;2021-04-23;3426;2585;187284;75042;27.4;11.0
64;2021-04-24;2067;1583;189351;76625;27.7;11.2
64;2021-04-25;289;238;189640;76863;27.8;11.3
64;2021-04-26;2654;2648;192294;79511;28.1;11.6
64;2021-04-27;3058;3127;195352;82638;28.6;12.1
64;2021-04-28;3597;3059;198949;85697;29.1;12.5
64;2021-04-29;4645;3441;203594;89138;29.8;13.0
64;2021-04-30;4067;3605;207661;92743;30.4;13.6
64;2021-05-01;1479;1025;209140;93768;30.6;13.7
64;2021-05-02;443;327;209583;94095;30.7;13.8
64;2021-05-03;2907;3488;212490;97583;31.1;14.3
64;2021-05-04;3640;3979;216130;101562;31.6;14.9
64;2021-05-05;3355;4010;219485;105572;32.1;15.5
64;2021-05-06;4107;3980;223592;109552;32.7;16.0
64;2021-05-07;3912;4177;227504;113729;33.3;16.6
64;2021-05-08;2616;1227;230120;114956;33.7;16.8
64;2021-05-09;716;307;230836;115263;33.8;16.9
64;2021-05-10;2857;4232;233693;119495;34.2;17.5
64;2021-05-11;4179;4149;237872;123644;34.8;18.1
64;2021-05-12;4482;3940;242354;127584;35.5;18.7
64;2021-05-13;3197;880;245551;128464;35.9;18.8
64;2021-05-14;5136;3144;250687;131608;36.7;19.3
64;2021-05-15;3521;1865;254208;133473;37.2;19.5
64;2021-05-16;496;225;254704;133698;37.3;19.6
64;2021-05-17;4189;2376;258893;136074;37.9;19.9
64;2021-05-18;5162;2295;264055;138369;38.7;20.3
64;2021-05-19;4975;2158;269030;140527;39.4;20.6
64;2021-05-20;5554;2152;274584;142679;40.2;20.9
64;2021-05-21;5259;2242;279843;144921;41.0;21.2
64;2021-05-22;3573;1504;283416;146425;41.5;21.4
64;2021-05-23;431;207;283847;146632;41.5;21.5
64;2021-05-24;2994;1229;286841;147861;42.0;21.6
64;2021-05-25;4327;2839;291168;150700;42.6;22.1
64;2021-05-26;4346;2713;295514;153413;43.3;22.5
64;2021-05-27;5282;3149;300796;156562;44.0;22.9
64;2021-05-28;4601;3429;305397;159991;44.7;23.4
64;2021-05-29;2805;2113;308202;162104;45.1;23.7
64;2021-05-30;436;204;308638;162308;45.2;23.8
64;2021-05-31;3889;3662;312527;165970;45.7;24.3
64;2021-06-01;5327;3560;317854;169530;46.5;24.8
64;2021-06-02;4933;3166;322787;172696;47.2;25.3
64;2021-06-03;6360;3253;329147;175949;48.2;25.8
64;2021-06-04;5141;4543;334288;180492;48.9;26.4
64;2021-06-05;3481;2522;337769;183014;49.4;26.8
64;2021-06-06;2009;328;339778;183342;49.7;26.8
64;2021-06-07;4120;4319;343898;187661;50.3;27.5
64;2021-06-08;5144;4120;349042;191781;51.1;28.1
64;2021-06-09;5147;3645;354189;195426;51.8;28.6
64;2021-06-10;6168;3131;360357;198557;52.7;29.1
64;2021-06-11;5571;4859;365928;203416;53.6;29.8
64;2021-06-12;3939;2320;369867;205736;54.1;30.1
64;2021-06-13;1554;390;371421;206126;54.4;30.2
64;2021-06-14;3662;4786;375083;210912;54.9;30.9
64;2021-06-15;4563;4698;379646;215610;55.6;31.6
64;2021-06-16;4457;4654;384103;220264;56.2;32.2
64;2021-06-17;3626;4295;387729;224559;56.8;32.9
64;2021-06-18;4406;5166;392135;229725;57.4;33.6
64;2021-06-19;2960;3271;395095;232996;57.8;34.1
64;2021-06-20;876;536;395971;233532;58.0;34.2
64;2021-06-21;2302;5126;398273;238658;58.3;34.9
64;2021-06-22;2545;5725;400818;244383;58.7;35.8
64;2021-06-23;3093;5476;403911;249859;59.1;36.6
64;2021-06-24;2695;3800;406606;253659;59.5;37.1
64;2021-06-25;2868;6430;409474;260089;59.9;38.1
64;2021-06-26;1789;3832;411263;263921;60.2;38.6
64;2021-06-27;489;710;411752;264631;60.3;38.7
64;2021-06-28;1915;6063;413667;270694;60.6;39.6
64;2021-06-29;1925;6262;415592;276956;60.8;40.5
64;2021-06-30;2222;6007;417814;282963;61.2;41.4
64;2021-07-01;2362;5340;420176;288303;61.5;42.2
64;2021-07-02;2282;6396;422458;294699;61.8;43.1
64;2021-07-03;1251;3780;423709;298479;62.0;43.7
64;2021-07-04;402;843;424111;299322;62.1;43.8
64;2021-07-05;1355;5414;425466;304736;62.3;44.6
64;2021-07-06;1952;6148;427418;310884;62.6;45.5
64;2021-07-07;2026;5742;429444;316626;62.9;46.3
64;2021-07-08;1763;4385;431207;321011;63.1;47.0
64;2021-07-09;1801;6528;433008;327539;63.4;47.9
64;2021-07-10;1163;3876;434171;331415;63.6;48.5
64;2021-07-11;250;858;434421;332273;63.6;48.6
64;2021-07-12;1482;6090;435903;338363;63.8;49.5
64;2021-07-13;2325;7244;438228;345607;64.1;50.6
64;2021-07-14;2346;3383;440574;348990;64.5;51.1
64;2021-07-15;2060;5472;442634;354462;64.8;51.9
64;2021-07-16;2802;6762;445436;361224;65.2;52.9
64;2021-07-17;2323;4576;447759;365800;65.5;53.5
64;2021-07-18;703;2048;448462;367848;65.6;53.8
64;2021-07-19;2314;6115;450776;373963;66.0;54.7
64;2021-07-20;3094;6539;453870;380502;66.4;55.7
64;2021-07-21;3309;6031;457179;386533;66.9;56.6
64;2021-07-22;3769;5703;460948;392236;67.5;57.4
64;2021-07-23;3683;5585;464631;397821;68.0;58.2
64;2021-07-24;2479;4406;467110;402227;68.4;58.9
64;2021-07-25;746;1056;467856;403283;68.5;59.0
65;2020-12-27;0;0;0;0;0.0;0.0
65;2020-12-28;0;0;0;0;0.0;0.0
65;2020-12-29;0;0;0;0;0.0;0.0
65;2020-12-30;0;0;0;0;0.0;0.0
65;2020-12-31;0;0;0;0;0.0;0.0
65;2021-01-01;0;0;0;0;0.0;0.0
65;2021-01-02;0;0;0;0;0.0;0.0
65;2021-01-03;0;0;0;0;0.0;0.0
65;2021-01-04;0;0;0;0;0.0;0.0
65;2021-01-05;1;0;1;0;0.0;0.0
65;2021-01-06;3;0;4;0;0.0;0.0
65;2021-01-07;167;0;171;0;0.1;0.0
65;2021-01-08;253;1;424;1;0.2;0.0
65;2021-01-09;175;1;599;2;0.3;0.0
65;2021-01-10;1;0;600;2;0.3;0.0
65;2021-01-11;275;3;875;5;0.4;0.0
65;2021-01-12;270;1;1145;6;0.5;0.0
65;2021-01-13;585;1;1730;7;0.8;0.0
65;2021-01-14;577;4;2307;11;1.0;0.0
65;2021-01-15;527;2;2834;13;1.2;0.0
65;2021-01-16;221;2;3055;15;1.3;0.0
65;2021-01-17;1;0;3056;15;1.3;0.0
65;2021-01-18;549;4;3605;19;1.6;0.0
65;2021-01-19;570;2;4175;21;1.8;0.0
65;2021-01-20;582;2;4757;23;2.1;0.0
65;2021-01-21;582;0;5339;23;2.4;0.0
65;2021-01-22;595;0;5934;23;2.6;0.0
65;2021-01-23;174;1;6108;24;2.7;0.0
65;2021-01-24;3;1;6111;25;2.7;0.0
65;2021-01-25;549;3;6660;28;2.9;0.0
65;2021-01-26;878;1;7538;29;3.3;0.0
65;2021-01-27;587;12;8125;41;3.6;0.0
65;2021-01-28;501;71;8626;112;3.8;0.0
65;2021-01-29;425;138;9051;250;4.0;0.1
65;2021-01-30;183;74;9234;324;4.1;0.1
65;2021-01-31;15;0;9249;324;4.1;0.1
65;2021-02-01;317;90;9566;414;4.2;0.2
65;2021-02-02;415;195;9981;609;4.4;0.3
65;2021-02-03;461;245;10442;854;4.6;0.4
65;2021-02-04;307;333;10749;1187;4.7;0.5
65;2021-02-05;282;362;11031;1549;4.9;0.7
65;2021-02-06;99;103;11130;1652;4.9;0.7
65;2021-02-07;10;0;11140;1652;4.9;0.7
65;2021-02-08;424;223;11564;1875;5.1;0.8
65;2021-02-09;271;379;11835;2254;5.2;1.0
65;2021-02-10;296;272;12131;2526;5.3;1.1
65;2021-02-11;320;273;12451;2799;5.5;1.2
65;2021-02-12;276;232;12727;3031;5.6;1.3
65;2021-02-13;124;97;12851;3128;5.7;1.4
65;2021-02-14;2;16;12853;3144;5.7;1.4
65;2021-02-15;201;414;13054;3558;5.8;1.6
65;2021-02-16;487;582;13541;4140;6.0;1.8
65;2021-02-17;229;499;13770;4639;6.1;2.0
65;2021-02-18;284;586;14054;5225;6.2;2.3
65;2021-02-19;153;479;14207;5704;6.3;2.5
65;2021-02-20;53;158;14260;5862;6.3;2.6
65;2021-02-21;2;48;14262;5910;6.3;2.6
65;2021-02-22;166;539;14428;6449;6.4;2.8
65;2021-02-23;247;528;14675;6977;6.5;3.1
65;2021-02-24;233;637;14908;7614;6.6;3.4
65;2021-02-25;211;178;15119;7792;6.7;3.4
65;2021-02-26;350;777;15469;8569;6.8;3.8
65;2021-02-27;107;202;15576;8771;6.9;3.9
65;2021-02-28;1;0;15577;8771;6.9;3.9
65;2021-03-01;375;375;15952;9146;7.0;4.0
65;2021-03-02;452;361;16404;9507;7.2;4.2
65;2021-03-03;380;390;16784;9897;7.4;4.4
65;2021-03-04;695;329;17479;10226;7.7;4.5
65;2021-03-05;674;278;18153;10504;8.0;4.6
65;2021-03-06;1183;82;19336;10586;8.5;4.7
65;2021-03-07;257;9;19593;10595;8.6;4.7
65;2021-03-08;410;344;20003;10939;8.8;4.8
65;2021-03-09;666;322;20669;11261;9.1;5.0
65;2021-03-10;625;370;21294;11631;9.4;5.1
65;2021-03-11;781;350;22075;11981;9.7;5.3
65;2021-03-12;1057;188;23132;12169;10.2;5.4
65;2021-03-13;353;91;23485;12260;10.4;5.4
65;2021-03-14;3;31;23488;12291;10.4;5.4
65;2021-03-15;813;183;24301;12474;10.7;5.5
65;2021-03-16;691;214;24992;12688;11.0;5.6
65;2021-03-17;709;205;25701;12893;11.3;5.7
65;2021-03-18;530;229;26231;13122;11.6;5.8
65;2021-03-19;878;160;27109;13282;12.0;5.9
65;2021-03-20;244;45;27353;13327;12.1;5.9
65;2021-03-21;8;2;27361;13329;12.1;5.9
65;2021-03-22;732;153;28093;13482;12.4;5.9
65;2021-03-23;834;366;28927;13848;12.8;6.1
65;2021-03-24;868;253;29795;14101;13.1;6.2
65;2021-03-25;1249;192;31044;14293;13.7;6.3
65;2021-03-26;1219;137;32263;14430;14.2;6.4
65;2021-03-27;1357;74;33620;14504;14.8;6.4
65;2021-03-28;1;2;33621;14506;14.8;6.4
65;2021-03-29;1488;355;35109;14861;15.5;6.6
65;2021-03-30;1355;401;36464;15262;16.1;6.7
65;2021-03-31;1203;368;37667;15630;16.6;6.9
65;2021-04-01;1508;392;39175;16022;17.3;7.1
65;2021-04-02;1681;287;40856;16309;18.0;7.2
65;2021-04-03;247;42;41103;16351;18.1;7.2
65;2021-04-04;4;2;41107;16353;18.1;7.2
65;2021-04-05;157;45;41264;16398;18.2;7.2
65;2021-04-06;1282;486;42546;16884;18.8;7.4
65;2021-04-07;1950;441;44496;17325;19.6;7.6
65;2021-04-08;1630;410;46126;17735;20.3;7.8
65;2021-04-09;1642;468;47768;18203;21.1;8.0
65;2021-04-10;1587;141;49355;18344;21.8;8.1
65;2021-04-11;3;0;49358;18344;21.8;8.1
65;2021-04-12;1347;735;50705;19079;22.4;8.4
65;2021-04-13;1572;588;52277;19667;23.0;8.7
65;2021-04-14;1903;737;54180;20404;23.9;9.0
65;2021-04-15;1698;661;55878;21065;24.6;9.3
65;2021-04-16;1825;524;57703;21589;25.4;9.5
65;2021-04-17;2151;123;59854;21712;26.4;9.6
65;2021-04-18;6;27;59860;21739;26.4;9.6
65;2021-04-19;1338;777;61198;22516;27.0;9.9
65;2021-04-20;1525;703;62723;23219;27.7;10.2
65;2021-04-21;1044;1048;63767;24267;28.1;10.7
65;2021-04-22;1645;723;65412;24990;28.8;11.0
65;2021-04-23;1158;1143;66570;26133;29.3;11.5
65;2021-04-24;1258;601;67828;26734;29.9;11.8
65;2021-04-25;31;15;67859;26749;29.9;11.8
65;2021-04-26;1603;1294;69462;28043;30.6;12.4
65;2021-04-27;1418;1334;70880;29377;31.2;13.0
65;2021-04-28;1728;1023;72608;30400;32.0;13.4
65;2021-04-29;1960;1023;74568;31423;32.9;13.9
65;2021-04-30;1778;924;76346;32347;33.7;14.3
65;2021-05-01;1572;212;77918;32559;34.3;14.4
65;2021-05-02;669;20;78587;32579;34.6;14.4
65;2021-05-03;1286;1618;79873;34197;35.2;15.1
65;2021-05-04;1539;1239;81412;35436;35.9;15.6
65;2021-05-05;1370;1640;82782;37076;36.5;16.3
65;2021-05-06;1552;1179;84334;38255;37.2;16.9
65;2021-05-07;1269;1565;85603;39820;37.7;17.6
65;2021-05-08;1647;437;87250;40257;38.5;17.7
65;2021-05-09;0;90;87250;40347;38.5;17.8
65;2021-05-10;952;1881;88202;42228;38.9;18.6
65;2021-05-11;1058;1809;89260;44037;39.3;19.4
65;2021-05-12;1233;1633;90493;45670;39.9;20.1
65;2021-05-13;1338;165;91831;45835;40.5;20.2
65;2021-05-14;1575;1093;93406;46928;41.2;20.7
65;2021-05-15;1401;501;94807;47429;41.8;20.9
65;2021-05-16;1445;70;96252;47499;42.4;20.9
65;2021-05-17;1036;1612;97288;49111;42.9;21.7
65;2021-05-18;1608;1201;98896;50312;43.6;22.2
65;2021-05-19;1685;1005;100581;51317;44.3;22.6
65;2021-05-20;1844;1045;102425;52362;45.2;23.1
65;2021-05-21;1794;1231;104219;53593;45.9;23.6
65;2021-05-22;1285;637;105504;54230;46.5;23.9
65;2021-05-23;689;32;106193;54262;46.8;23.9
65;2021-05-24;701;78;106894;54340;47.1;24.0
65;2021-05-25;1352;1543;108246;55883;47.7;24.6
65;2021-05-26;1468;1353;109714;57236;48.4;25.2
65;2021-05-27;1618;1453;111332;58689;49.1;25.9
65;2021-05-28;1597;1670;112929;60359;49.8;26.6
65;2021-05-29;1184;1508;114113;61867;50.3;27.3
65;2021-05-30;6;10;114119;61877;50.3;27.3
65;2021-05-31;1320;1296;115439;63173;50.9;27.8
65;2021-06-01;1827;929;117266;64102;51.7;28.3
65;2021-06-02;1569;947;118835;65049;52.4;28.7
65;2021-06-03;1339;1101;120174;66150;53.0;29.2
65;2021-06-04;1787;1561;121961;67711;53.8;29.8
65;2021-06-05;433;1239;122394;68950;54.0;30.4
65;2021-06-06;3;13;122397;68963;54.0;30.4
65;2021-06-07;671;1984;123068;70947;54.3;31.3
65;2021-06-08;950;1536;124018;72483;54.7;32.0
65;2021-06-09;823;1548;124841;74031;55.0;32.6
65;2021-06-10;738;1156;125579;75187;55.4;33.1
65;2021-06-11;910;1809;126489;76996;55.8;33.9
65;2021-06-12;148;639;126637;77635;55.8;34.2
65;2021-06-13;5;7;126642;77642;55.8;34.2
65;2021-06-14;506;2422;127148;80064;56.1;35.3
65;2021-06-15;936;1806;128084;81870;56.5;36.1
65;2021-06-16;1054;1369;129138;83239;56.9;36.7
65;2021-06-17;811;1046;129949;84285;57.3;37.2
65;2021-06-18;983;1628;130932;85913;57.7;37.9
65;2021-06-19;687;1687;131619;87600;58.0;38.6
65;2021-06-20;1;2;131620;87602;58.0;38.6
65;2021-06-21;734;1937;132354;89539;58.3;39.5
65;2021-06-22;1026;1479;133380;91018;58.8;40.1
65;2021-06-23;1056;1235;134436;92253;59.3;40.7
65;2021-06-24;953;1140;135389;93393;59.7;41.2
65;2021-06-25;819;1964;136208;95357;60.0;42.0
65;2021-06-26;169;1658;136377;97015;60.1;42.8
65;2021-06-27;15;1102;136392;98117;60.1;43.3
65;2021-06-28;440;2305;136832;100422;60.3;44.3
65;2021-06-29;677;1914;137509;102336;60.6;45.1
65;2021-06-30;924;1681;138433;104017;61.0;45.9
65;2021-07-01;586;744;139019;104761;61.3;46.2
65;2021-07-02;1144;1731;140163;106492;61.8;46.9
65;2021-07-03;182;1916;140345;108408;61.9;47.8
65;2021-07-04;406;181;140751;108589;62.0;47.9
65;2021-07-05;620;1990;141371;110579;62.3;48.7
65;2021-07-06;880;2123;142251;112702;62.7;49.7
65;2021-07-07;933;1509;143184;114211;63.1;50.3
65;2021-07-08;314;662;143498;114873;63.3;50.6
65;2021-07-09;539;1594;144037;116467;63.5;51.3
65;2021-07-10;287;957;144324;117424;63.6;51.8
65;2021-07-11;0;0;144324;117424;63.6;51.8
65;2021-07-12;469;2222;144793;119646;63.8;52.7
65;2021-07-13;679;2146;145472;121792;64.1;53.7
65;2021-07-14;207;49;145679;121841;64.2;53.7
65;2021-07-15;1018;1658;146697;123499;64.7;54.4
65;2021-07-16;1155;1873;147852;125372;65.2;55.3
65;2021-07-17;379;535;148231;125907;65.3;55.5
65;2021-07-18;22;12;148253;125919;65.4;55.5
65;2021-07-19;619;1491;148872;127410;65.6;56.2
65;2021-07-20;1367;1682;150239;129092;66.2;56.9
65;2021-07-21;1365;1641;151604;130733;66.8;57.6
65;2021-07-22;2073;1249;153677;131982;67.7;58.2
65;2021-07-23;1521;1759;155198;133741;68.4;59.0
65;2021-07-24;1025;644;156223;134385;68.9;59.2
65;2021-07-25;20;21;156243;134406;68.9;59.3
66;2020-12-27;0;0;0;0;0.0;0.0
66;2020-12-28;2;0;2;0;0.0;0.0
66;2020-12-29;0;0;2;0;0.0;0.0
66;2020-12-30;0;0;2;0;0.0;0.0
66;2020-12-31;1;0;3;0;0.0;0.0
66;2021-01-01;0;0;3;0;0.0;0.0
66;2021-01-02;0;0;3;0;0.0;0.0
66;2021-01-03;0;0;3;0;0.0;0.0
66;2021-01-04;30;0;33;0;0.0;0.0
66;2021-01-05;135;0;168;0;0.0;0.0
66;2021-01-06;195;0;363;0;0.1;0.0
66;2021-01-07;180;0;543;0;0.1;0.0
66;2021-01-08;212;0;755;0;0.2;0.0
66;2021-01-09;231;0;986;0;0.2;0.0
66;2021-01-10;11;0;997;0;0.2;0.0
66;2021-01-11;403;2;1400;2;0.3;0.0
66;2021-01-12;586;2;1986;4;0.4;0.0
66;2021-01-13;878;4;2864;8;0.6;0.0
66;2021-01-14;891;11;3755;19;0.8;0.0
66;2021-01-15;584;1;4339;20;0.9;0.0
66;2021-01-16;106;2;4445;22;0.9;0.0
66;2021-01-17;46;1;4491;23;0.9;0.0
66;2021-01-18;654;2;5145;25;1.1;0.0
66;2021-01-19;713;2;5858;27;1.2;0.0
66;2021-01-20;1168;3;7026;30;1.5;0.0
66;2021-01-21;2402;2;9428;32;2.0;0.0
66;2021-01-22;1435;8;10863;40;2.3;0.0
66;2021-01-23;399;3;11262;43;2.4;0.0
66;2021-01-24;226;9;11488;52;2.4;0.0
66;2021-01-25;734;43;12222;95;2.6;0.0
66;2021-01-26;785;68;13007;163;2.7;0.0
66;2021-01-27;864;104;13871;267;2.9;0.1
66;2021-01-28;867;128;14738;395;3.1;0.1
66;2021-01-29;816;126;15554;521;3.2;0.1
66;2021-01-30;480;72;16034;593;3.3;0.1
66;2021-01-31;202;27;16236;620;3.4;0.1
66;2021-02-01;562;192;16798;812;3.5;0.2
66;2021-02-02;618;293;17416;1105;3.6;0.2
66;2021-02-03;736;630;18152;1735;3.8;0.4
66;2021-02-04;688;621;18840;2356;3.9;0.5
66;2021-02-05;775;417;19615;2773;4.1;0.6
66;2021-02-06;410;148;20025;2921;4.2;0.6
66;2021-02-07;169;139;20194;3060;4.2;0.6
66;2021-02-08;500;395;20694;3455;4.3;0.7
66;2021-02-09;529;401;21223;3856;4.4;0.8
66;2021-02-10;611;774;21834;4630;4.6;1.0
66;2021-02-11;1103;1576;22937;6206;4.8;1.3
66;2021-02-12;1120;1202;24057;7408;5.0;1.5
66;2021-02-13;365;307;24422;7715;5.1;1.6
66;2021-02-14;111;199;24533;7914;5.1;1.7
66;2021-02-15;424;701;24957;8615;5.2;1.8
66;2021-02-16;303;792;25260;9407;5.3;2.0
66;2021-02-17;376;703;25636;10110;5.4;2.1
66;2021-02-18;366;779;26002;10889;5.4;2.3
66;2021-02-19;400;705;26402;11594;5.5;2.4
66;2021-02-20;182;415;26584;12009;5.5;2.5
66;2021-02-21;40;173;26624;12182;5.6;2.5
66;2021-02-22;416;646;27040;12828;5.6;2.7
66;2021-02-23;508;660;27548;13488;5.8;2.8
66;2021-02-24;340;753;27888;14241;5.8;3.0
66;2021-02-25;717;717;28605;14958;6.0;3.1
66;2021-02-26;951;748;29556;15706;6.2;3.3
66;2021-02-27;363;433;29919;16139;6.2;3.4
66;2021-02-28;59;173;29978;16312;6.3;3.4
66;2021-03-01;378;655;30356;16967;6.3;3.5
66;2021-03-02;330;656;30686;17623;6.4;3.7
66;2021-03-03;523;643;31209;18266;6.5;3.8
66;2021-03-04;987;1054;32196;19320;6.7;4.0
66;2021-03-05;1525;791;33721;20111;7.0;4.2
66;2021-03-06;1144;343;34865;20454;7.3;4.3
66;2021-03-07;1095;95;35960;20549;7.5;4.3
66;2021-03-08;693;545;36653;21094;7.7;4.4
66;2021-03-09;1220;595;37873;21689;7.9;4.5
66;2021-03-10;1300;498;39173;22187;8.2;4.6
66;2021-03-11;1473;595;40646;22782;8.5;4.8
66;2021-03-12;2393;579;43039;23361;9.0;4.9
66;2021-03-13;1080;306;44119;23667;9.2;4.9
66;2021-03-14;190;85;44309;23752;9.3;5.0
66;2021-03-15;1108;393;45417;24145;9.5;5.0
66;2021-03-16;951;259;46368;24404;9.7;5.1
66;2021-03-17;866;396;47234;24800;9.9;5.2
66;2021-03-18;967;344;48201;25144;10.1;5.2
66;2021-03-19;1291;315;49492;25459;10.3;5.3
66;2021-03-20;835;121;50327;25580;10.5;5.3
66;2021-03-21;185;44;50512;25624;10.5;5.3
66;2021-03-22;1105;397;51617;26021;10.8;5.4
66;2021-03-23;1753;389;53370;26410;11.1;5.5
66;2021-03-24;1789;512;55159;26922;11.5;5.6
66;2021-03-25;2527;464;57686;27386;12.0;5.7
66;2021-03-26;2575;355;60261;27741;12.6;5.8
66;2021-03-27;1206;292;61467;28033;12.8;5.9
66;2021-03-28;320;3;61787;28036;12.9;5.9
66;2021-03-29;1824;254;63611;28290;13.3;5.9
66;2021-03-30;2235;170;65846;28460;13.7;5.9
66;2021-03-31;1984;248;67830;28708;14.2;6.0
66;2021-04-01;2668;301;70498;29009;14.7;6.1
66;2021-04-02;2415;251;72913;29260;15.2;6.1
66;2021-04-03;1148;334;74061;29594;15.5;6.2
66;2021-04-04;105;127;74166;29721;15.5;6.2
66;2021-04-05;194;141;74360;29862;15.5;6.2
66;2021-04-06;1327;652;75687;30514;15.8;6.4
66;2021-04-07;1395;593;77082;31107;16.1;6.5
66;2021-04-08;2066;544;79148;31651;16.5;6.6
66;2021-04-09;3471;653;82619;32304;17.2;6.7
66;2021-04-10;2305;517;84924;32821;17.7;6.9
66;2021-04-11;1200;166;86124;32987;18.0;6.9
66;2021-04-12;2698;1021;88822;34008;18.5;7.1
66;2021-04-13;3609;1058;92431;35066;19.3;7.3
66;2021-04-14;3286;921;95717;35987;20.0;7.5
66;2021-04-15;3546;1046;99263;37033;20.7;7.7
66;2021-04-16;3591;1029;102854;38062;21.5;7.9
66;2021-04-17;2259;586;105113;38648;21.9;8.1
66;2021-04-18;1445;130;106558;38778;22.2;8.1
66;2021-04-19;2256;1121;108814;39899;22.7;8.3
66;2021-04-20;2369;1079;111183;40978;23.2;8.6
66;2021-04-21;2865;1180;114048;42158;23.8;8.8
66;2021-04-22;2651;1228;116699;43386;24.4;9.1
66;2021-04-23;2375;1230;119074;44616;24.9;9.3
66;2021-04-24;2743;873;121817;45489;25.4;9.5
66;2021-04-25;1207;267;123024;45756;25.7;9.6
66;2021-04-26;1995;1253;125019;47009;26.1;9.8
66;2021-04-27;2747;1297;127766;48306;26.7;10.1
66;2021-04-28;2416;1661;130182;49967;27.2;10.4
66;2021-04-29;2696;2120;132878;52087;27.7;10.9
66;2021-04-30;3055;1557;135933;53644;28.4;11.2
66;2021-05-01;1999;467;137932;54111;28.8;11.3
66;2021-05-02;1528;262;139460;54373;29.1;11.4
66;2021-05-03;2937;1107;142397;55480;29.7;11.6
66;2021-05-04;3169;1340;145566;56820;30.4;11.9
66;2021-05-05;3052;1533;148618;58353;31.0;12.2
66;2021-05-06;3758;2072;152376;60425;31.8;12.6
66;2021-05-07;2965;3083;155341;63508;32.4;13.3
66;2021-05-08;1728;1169;157069;64677;32.8;13.5
66;2021-05-09;885;1374;157954;66051;33.0;13.8
66;2021-05-10;1802;2976;159756;69027;33.4;14.4
66;2021-05-11;2739;3121;162495;72148;33.9;15.1
66;2021-05-12;2427;2567;164922;74715;34.4;15.6
66;2021-05-13;2254;1378;167176;76093;34.9;15.9
66;2021-05-14;2771;2116;169947;78209;35.5;16.3
66;2021-05-15;2325;1578;172272;79787;36.0;16.7
66;2021-05-16;2286;1251;174558;81038;36.4;16.9
66;2021-05-17;2044;1822;176602;82860;36.9;17.3
66;2021-05-18;3237;1806;179839;84666;37.5;17.7
66;2021-05-19;2874;1336;182713;86002;38.1;18.0
66;2021-05-20;4376;1437;187089;87439;39.1;18.3
66;2021-05-21;3269;1458;190358;88897;39.7;18.6
66;2021-05-22;3065;767;193423;89664;40.4;18.7
66;2021-05-23;1508;236;194931;89900;40.7;18.8
66;2021-05-24;1952;422;196883;90322;41.1;18.9
66;2021-05-25;2791;1685;199674;92007;41.7;19.2
66;2021-05-26;2781;1492;202455;93499;42.3;19.5
66;2021-05-27;3380;2251;205835;95750;43.0;20.0
66;2021-05-28;2680;3049;208515;98799;43.5;20.6
66;2021-05-29;2144;1518;210659;100317;44.0;20.9
66;2021-05-30;783;989;211442;101306;44.1;21.1
66;2021-05-31;2117;1791;213559;103097;44.6;21.5
66;2021-06-01;2620;1999;216179;105096;45.1;21.9
66;2021-06-02;2801;2333;218980;107429;45.7;22.4
66;2021-06-03;2472;2975;221452;110404;46.2;23.0
66;2021-06-04;1851;3349;223303;113753;46.6;23.7
66;2021-06-05;1407;2600;224710;116353;46.9;24.3
66;2021-06-06;291;1223;225001;117576;47.0;24.5
66;2021-06-07;1331;2958;226332;120534;47.3;25.2
66;2021-06-08;1737;3018;228069;123552;47.6;25.8
66;2021-06-09;2066;2785;230135;126337;48.0;26.4
66;2021-06-10;2071;2948;232206;129285;48.5;27.0
66;2021-06-11;2092;3865;234298;133150;48.9;27.8
66;2021-06-12;866;2411;235164;135561;49.1;28.3
66;2021-06-13;515;1333;235679;136894;49.2;28.6
66;2021-06-14;1358;3492;237037;140386;49.5;29.3
66;2021-06-15;2123;3567;239160;143953;49.9;30.1
66;2021-06-16;1783;3566;240943;147519;50.3;30.8
66;2021-06-17;2426;3601;243369;151120;50.8;31.5
66;2021-06-18;2223;3820;245592;154940;51.3;32.3
66;2021-06-19;1537;2315;247129;157255;51.6;32.8
66;2021-06-20;988;1254;248117;158509;51.8;33.1
66;2021-06-21;1152;2876;249269;161385;52.0;33.7
66;2021-06-22;1499;3763;250768;165148;52.4;34.5
66;2021-06-23;1318;3023;252086;168171;52.6;35.1
66;2021-06-24;1505;3230;253591;171401;52.9;35.8
66;2021-06-25;1391;3531;254982;174932;53.2;36.5
66;2021-06-26;963;2678;255945;177610;53.4;37.1
66;2021-06-27;677;1557;256622;179167;53.6;37.4
66;2021-06-28;976;2975;257598;182142;53.8;38.0
66;2021-06-29;1137;3794;258735;185936;54.0;38.8
66;2021-06-30;1266;3295;260001;189231;54.3;39.5
66;2021-07-01;1337;4041;261338;193272;54.6;40.3
66;2021-07-02;1289;3606;262627;196878;54.8;41.1
66;2021-07-03;1146;3900;263773;200778;55.1;41.9
66;2021-07-04;710;1789;264483;202567;55.2;42.3
66;2021-07-05;1075;2996;265558;205563;55.4;42.9
66;2021-07-06;1362;3783;266920;209346;55.7;43.7
66;2021-07-07;1373;3251;268293;212597;56.0;44.4
66;2021-07-08;1253;3375;269546;215972;56.3;45.1
66;2021-07-09;1406;3456;270952;219428;56.6;45.8
66;2021-07-10;998;2402;271950;221830;56.8;46.3
66;2021-07-11;536;1536;272486;223366;56.9;46.6
66;2021-07-12;980;3634;273466;227000;57.1;47.4
66;2021-07-13;2108;4257;275574;231257;57.5;48.3
66;2021-07-14;1935;1219;277509;232476;57.9;48.5
66;2021-07-15;2751;3091;280260;235567;58.5;49.2
66;2021-07-16;3291;3167;283551;238734;59.2;49.8
66;2021-07-17;2102;2021;285653;240755;59.6;50.3
66;2021-07-18;1193;1054;286846;241809;59.9;50.5
66;2021-07-19;2773;3061;289619;244870;60.5;51.1
66;2021-07-20;3624;2847;293243;247717;61.2;51.7
66;2021-07-21;3934;2905;297177;250622;62.0;52.3
66;2021-07-22;3814;2782;300991;253404;62.8;52.9
66;2021-07-23;3819;2997;304810;256401;63.6;53.5
66;2021-07-24;2573;1894;307383;258295;64.2;53.9
66;2021-07-25;2012;1229;309395;259524;64.6;54.2
67;2020-12-27;0;0;0;0;0.0;0.0
67;2020-12-28;2;0;2;0;0.0;0.0
67;2020-12-29;0;0;2;0;0.0;0.0
67;2020-12-30;0;0;2;0;0.0;0.0
67;2020-12-31;0;0;2;0;0.0;0.0
67;2021-01-01;0;0;2;0;0.0;0.0
67;2021-01-02;1;0;3;0;0.0;0.0
67;2021-01-03;1;0;4;0;0.0;0.0
67;2021-01-04;41;0;45;0;0.0;0.0
67;2021-01-05;166;0;211;0;0.0;0.0
67;2021-01-06;121;0;332;0;0.0;0.0
67;2021-01-07;235;1;567;1;0.1;0.0
67;2021-01-08;232;1;799;2;0.1;0.0
67;2021-01-09;113;1;912;3;0.1;0.0
67;2021-01-10;66;0;978;3;0.1;0.0
67;2021-01-11;182;1;1160;4;0.1;0.0
67;2021-01-12;511;1;1671;5;0.1;0.0
67;2021-01-13;649;2;2320;7;0.2;0.0
67;2021-01-14;1072;7;3392;14;0.3;0.0
67;2021-01-15;936;8;4328;22;0.4;0.0
67;2021-01-16;196;3;4524;25;0.4;0.0
67;2021-01-17;98;0;4622;25;0.4;0.0
67;2021-01-18;891;2;5513;27;0.5;0.0
67;2021-01-19;1419;2;6932;29;0.6;0.0
67;2021-01-20;1844;12;8776;41;0.8;0.0
67;2021-01-21;2198;7;10974;48;1.0;0.0
67;2021-01-22;1987;5;12961;53;1.1;0.0
67;2021-01-23;811;3;13772;56;1.2;0.0
67;2021-01-24;379;1;14151;57;1.2;0.0
67;2021-01-25;525;31;14676;88;1.3;0.0
67;2021-01-26;157;107;14833;195;1.3;0.0
67;2021-01-27;1390;90;16223;285;1.4;0.0
67;2021-01-28;3045;224;19268;509;1.7;0.0
67;2021-01-29;2022;151;21290;660;1.9;0.1
67;2021-01-30;1094;83;22384;743;2.0;0.1
67;2021-01-31;1159;30;23543;773;2.1;0.1
67;2021-02-01;3388;246;26931;1019;2.4;0.1
67;2021-02-02;2685;427;29616;1446;2.6;0.1
67;2021-02-03;1568;405;31184;1851;2.8;0.2
67;2021-02-04;1191;765;32375;2616;2.9;0.2
67;2021-02-05;1192;646;33567;3262;3.0;0.3
67;2021-02-06;786;148;34353;3410;3.0;0.3
67;2021-02-07;289;44;34642;3454;3.1;0.3
67;2021-02-08;836;452;35478;3906;3.1;0.3
67;2021-02-09;955;742;36433;4648;3.2;0.4
67;2021-02-10;926;796;37359;5444;3.3;0.5
67;2021-02-11;1147;1131;38506;6575;3.4;0.6
67;2021-02-12;1242;779;39748;7354;3.5;0.6
67;2021-02-13;765;281;40513;7635;3.6;0.7
67;2021-02-14;243;95;40756;7730;3.6;0.7
67;2021-02-15;778;838;41534;8568;3.7;0.8
67;2021-02-16;924;1149;42458;9717;3.7;0.9
67;2021-02-17;780;1200;43238;10917;3.8;1.0
67;2021-02-18;1396;2569;44634;13486;3.9;1.2
67;2021-02-19;1369;2130;46003;15616;4.1;1.4
67;2021-02-20;623;918;46626;16534;4.1;1.5
67;2021-02-21;208;1198;46834;17732;4.1;1.6
67;2021-02-22;1400;2180;48234;19912;4.3;1.8
67;2021-02-23;1455;1587;49689;21499;4.4;1.9
67;2021-02-24;1432;1073;51121;22572;4.5;2.0
67;2021-02-25;1613;1500;52734;24072;4.7;2.1
67;2021-02-26;2217;1411;54951;25483;4.9;2.2
67;2021-02-27;1254;786;56205;26269;5.0;2.3
67;2021-02-28;145;364;56350;26633;5.0;2.4
67;2021-03-01;635;1010;56985;27643;5.0;2.4
67;2021-03-02;888;1196;57873;28839;5.1;2.5
67;2021-03-03;1408;1287;59281;30126;5.2;2.7
67;2021-03-04;1954;1057;61235;31183;5.4;2.8
67;2021-03-05;3250;1114;64485;32297;5.7;2.9
67;2021-03-06;2330;772;66815;33069;5.9;2.9
67;2021-03-07;465;281;67280;33350;5.9;2.9
67;2021-03-08;1181;798;68461;34148;6.0;3.0
67;2021-03-09;2212;899;70673;35047;6.2;3.1
67;2021-03-10;2439;1186;73112;36233;6.5;3.2
67;2021-03-11;3201;1342;76313;37575;6.7;3.3
67;2021-03-12;5242;1358;81555;38933;7.2;3.4
67;2021-03-13;3996;879;85551;39812;7.6;3.5
67;2021-03-14;483;386;86034;40198;7.6;3.5
67;2021-03-15;2187;1151;88221;41349;7.8;3.7
67;2021-03-16;1542;1232;89763;42581;7.9;3.8
67;2021-03-17;2057;919;91820;43500;8.1;3.8
67;2021-03-18;2380;722;94200;44222;8.3;3.9
67;2021-03-19;3665;744;97865;44966;8.6;4.0
67;2021-03-20;3065;501;100930;45467;8.9;4.0
67;2021-03-21;328;13;101258;45480;8.9;4.0
67;2021-03-22;2326;768;103584;46248;9.1;4.1
67;2021-03-23;3392;758;106976;47006;9.4;4.2
67;2021-03-24;3898;803;110874;47809;9.8;4.2
67;2021-03-25;5308;521;116182;48330;10.3;4.3
67;2021-03-26;6863;456;123045;48786;10.9;4.3
67;2021-03-27;3917;325;126962;49111;11.2;4.3
67;2021-03-28;576;98;127538;49209;11.3;4.3
67;2021-03-29;3808;424;131346;49633;11.6;4.4
67;2021-03-30;4825;659;136171;50292;12.0;4.4
67;2021-03-31;4839;683;141010;50975;12.5;4.5
67;2021-04-01;5128;903;146138;51878;12.9;4.6
67;2021-04-02;998;167;147136;52045;13.0;4.6
67;2021-04-03;1688;284;148824;52329;13.1;4.6
67;2021-04-04;326;5;149150;52334;13.2;4.6
67;2021-04-05;363;2;149513;52336;13.2;4.6
67;2021-04-06;3470;1168;152983;53504;13.5;4.7
67;2021-04-07;4529;1265;157512;54769;13.9;4.8
67;2021-04-08;5643;1389;163155;56158;14.4;5.0
67;2021-04-09;7097;1303;170252;57461;15.0;5.1
67;2021-04-10;4323;876;174575;58337;15.4;5.2
67;2021-04-11;854;423;175429;58760;15.5;5.2
67;2021-04-12;3877;1396;179306;60156;15.8;5.3
67;2021-04-13;4889;1563;184195;61719;16.3;5.4
67;2021-04-14;5230;1889;189425;63608;16.7;5.6
67;2021-04-15;6063;2088;195488;65696;17.3;5.8
67;2021-04-16;7828;2385;203316;68081;18.0;6.0
67;2021-04-17;4004;1572;207320;69653;18.3;6.1
67;2021-04-18;1113;642;208433;70295;18.4;6.2
67;2021-04-19;3624;2140;212057;72435;18.7;6.4
67;2021-04-20;4253;1918;216310;74353;19.1;6.6
67;2021-04-21;4066;2503;220376;76856;19.5;6.8
67;2021-04-22;4473;2901;224849;79757;19.9;7.0
67;2021-04-23;5231;2972;230080;82729;20.3;7.3
67;2021-04-24;3096;2003;233176;84732;20.6;7.5
67;2021-04-25;1026;446;234202;85178;20.7;7.5
67;2021-04-26;3181;2611;237383;87789;21.0;7.8
67;2021-04-27;4020;2920;241403;90709;21.3;8.0
67;2021-04-28;4246;3400;245649;94109;21.7;8.3
67;2021-04-29;5117;3513;250766;97622;22.1;8.6
67;2021-04-30;7171;2460;257937;100082;22.8;8.8
67;2021-05-01;2679;783;260616;100865;23.0;8.9
67;2021-05-02;2180;670;262796;101535;23.2;9.0
67;2021-05-03;5555;2613;268351;104148;23.7;9.2
67;2021-05-04;5845;3605;274196;107753;24.2;9.5
67;2021-05-05;5204;4191;279400;111944;24.7;9.9
67;2021-05-06;6705;4905;286105;116849;25.3;10.3
67;2021-05-07;6423;6910;292528;123759;25.8;10.9
67;2021-05-08;3554;1015;296082;124774;26.1;11.0
67;2021-05-09;3367;593;299449;125367;26.4;11.1
67;2021-05-10;4688;4525;304137;129892;26.9;11.5
67;2021-05-11;5648;4925;309785;134817;27.4;11.9
67;2021-05-12;6585;4821;316370;139638;27.9;12.3
67;2021-05-13;7303;1697;323673;141335;28.6;12.5
67;2021-05-14;8877;5365;332550;146700;29.4;13.0
67;2021-05-15;8185;3647;340735;150347;30.1;13.3
67;2021-05-16;6170;972;346905;151319;30.6;13.4
67;2021-05-17;5686;3905;352591;155224;31.1;13.7
67;2021-05-18;6894;3970;359485;159194;31.7;14.1
67;2021-05-19;7373;4149;366858;163343;32.4;14.4
67;2021-05-20;8683;4215;375541;167558;33.2;14.8
67;2021-05-21;8156;5841;383697;173399;33.9;15.3
67;2021-05-22;5934;3426;389631;176825;34.4;15.6
67;2021-05-23;2654;591;392285;177416;34.6;15.7
67;2021-05-24;4416;860;396701;178276;35.0;15.7
67;2021-05-25;5408;4764;402109;183040;35.5;16.2
67;2021-05-26;6052;4873;408161;187913;36.0;16.6
67;2021-05-27;7303;4893;415464;192806;36.7;17.0
67;2021-05-28;7960;6491;423424;199297;37.4;17.6
67;2021-05-29;6643;3870;430067;203167;38.0;17.9
67;2021-05-30;1146;809;431213;203976;38.1;18.0
67;2021-05-31;6400;4054;437613;208030;38.6;18.4
67;2021-06-01;7325;4394;444938;212424;39.3;18.8
67;2021-06-02;8054;4161;452992;216585;40.0;19.1
67;2021-06-03;8830;4858;461822;221443;40.8;19.6
67;2021-06-04;8583;6111;470405;227554;41.5;20.1
67;2021-06-05;6554;3985;476959;231539;42.1;20.4
67;2021-06-06;3477;872;480436;232411;42.4;20.5
67;2021-06-07;7411;4254;487847;236665;43.1;20.9
67;2021-06-08;8613;4916;496460;241581;43.8;21.3
67;2021-06-09;9257;4790;505717;246371;44.7;21.8
67;2021-06-10;9762;5004;515479;251375;45.5;22.2
67;2021-06-11;8056;8327;523535;259702;46.2;22.9
67;2021-06-12;6776;5183;530311;264885;46.8;23.4
67;2021-06-13;3099;1042;533410;265927;47.1;23.5
67;2021-06-14;5496;6457;538906;272384;47.6;24.0
67;2021-06-15;6682;6747;545588;279131;48.2;24.6
67;2021-06-16;6928;6692;552516;285823;48.8;25.2
67;2021-06-17;7238;9041;559754;294864;49.4;26.0
67;2021-06-18;7579;8501;567333;303365;50.1;26.8
67;2021-06-19;6372;5953;573705;309318;50.7;27.3
67;2021-06-20;1445;1410;575150;310728;50.8;27.4
67;2021-06-21;4243;6762;579393;317490;51.2;28.0
67;2021-06-22;4213;9094;583606;326584;51.5;28.8
67;2021-06-23;5244;8163;588850;334747;52.0;29.6
67;2021-06-24;4502;9080;593352;343827;52.4;30.4
67;2021-06-25;5301;9947;598653;353774;52.9;31.2
67;2021-06-26;3437;9109;602090;362883;53.2;32.0
67;2021-06-27;1014;3518;603104;366401;53.2;32.4
67;2021-06-28;2841;8744;605945;375145;53.5;33.1
67;2021-06-29;2872;8600;608817;383745;53.8;33.9
67;2021-06-30;3346;8745;612163;392490;54.0;34.7
67;2021-07-01;3563;8421;615726;400911;54.4;35.4
67;2021-07-02;3715;10935;619441;411846;54.7;36.4
67;2021-07-03;2950;7748;622391;419594;55.0;37.0
67;2021-07-04;755;1867;623146;421461;55.0;37.2
67;2021-07-05;2594;8251;625740;429712;55.2;37.9
67;2021-07-06;3017;8438;628757;438150;55.5;38.7
67;2021-07-07;3833;8730;632590;446880;55.9;39.5
67;2021-07-08;4156;7781;636746;454661;56.2;40.1
67;2021-07-09;3738;11362;640484;466023;56.5;41.1
67;2021-07-10;2827;8203;643311;474226;56.8;41.9
67;2021-07-11;924;1993;644235;476219;56.9;42.0
67;2021-07-12;2414;9712;646649;485931;57.1;42.9
67;2021-07-13;4068;9876;650717;495807;57.5;43.8
67;2021-07-14;3471;4384;654188;500191;57.8;44.2
67;2021-07-15;5090;12210;659278;512401;58.2;45.2
67;2021-07-16;4787;12276;664065;524677;58.6;46.3
67;2021-07-17;3717;8823;667782;533500;59.0;47.1
67;2021-07-18;1445;2538;669227;536038;59.1;47.3
67;2021-07-19;4592;9728;673819;545766;59.5;48.2
67;2021-07-20;5711;9802;679530;555568;60.0;49.1
67;2021-07-21;5786;10621;685316;566189;60.5;50.0
67;2021-07-22;6383;10209;691699;576398;61.1;50.9
67;2021-07-23;7387;11243;699086;587641;61.7;51.9
67;2021-07-24;5343;7529;704429;595170;62.2;52.5
67;2021-07-25;2282;1933;706711;597103;62.4;52.7
68;2020-12-27;0;0;0;0;0.0;0.0
68;2020-12-28;0;0;0;0;0.0;0.0
68;2020-12-29;0;0;0;0;0.0;0.0
68;2020-12-30;0;0;0;0;0.0;0.0
68;2020-12-31;0;0;0;0;0.0;0.0
68;2021-01-01;0;0;0;0;0.0;0.0
68;2021-01-02;0;0;0;0;0.0;0.0
68;2021-01-03;0;0;0;0;0.0;0.0
68;2021-01-04;1;0;1;0;0.0;0.0
68;2021-01-05;11;0;12;0;0.0;0.0
68;2021-01-06;245;1;257;1;0.0;0.0
68;2021-01-07;75;0;332;1;0.0;0.0
68;2021-01-08;118;1;450;2;0.1;0.0
68;2021-01-09;20;0;470;2;0.1;0.0
68;2021-01-10;1;0;471;2;0.1;0.0
68;2021-01-11;82;0;553;2;0.1;0.0
68;2021-01-12;386;1;939;3;0.1;0.0
68;2021-01-13;703;1;1642;4;0.2;0.0
68;2021-01-14;372;2;2014;6;0.3;0.0
68;2021-01-15;204;1;2218;7;0.3;0.0
68;2021-01-16;0;0;2218;7;0.3;0.0
68;2021-01-17;0;0;2218;7;0.3;0.0
68;2021-01-18;379;5;2597;12;0.3;0.0
68;2021-01-19;559;5;3156;17;0.4;0.0
68;2021-01-20;706;9;3862;26;0.5;0.0
68;2021-01-21;1380;12;5242;38;0.7;0.0
68;2021-01-22;1498;12;6740;50;0.9;0.0
68;2021-01-23;215;4;6955;54;0.9;0.0
68;2021-01-24;697;0;7652;54;1.0;0.0
68;2021-01-25;1387;46;9039;100;1.2;0.0
68;2021-01-26;1551;80;10590;180;1.4;0.0
68;2021-01-27;2731;141;13321;321;1.7;0.0
68;2021-01-28;2344;57;15665;378;2.1;0.0
68;2021-01-29;1504;116;17169;494;2.2;0.1
68;2021-01-30;164;2;17333;496;2.3;0.1
68;2021-01-31;0;0;17333;496;2.3;0.1
68;2021-02-01;736;103;18069;599;2.4;0.1
68;2021-02-02;867;305;18936;904;2.5;0.1
68;2021-02-03;998;620;19934;1524;2.6;0.2
68;2021-02-04;1000;324;20934;1848;2.7;0.2
68;2021-02-05;946;237;21880;2085;2.9;0.3
68;2021-02-06;137;1;22017;2086;2.9;0.3
68;2021-02-07;1;16;22018;2102;2.9;0.3
68;2021-02-08;894;20;22912;2122;3.0;0.3
68;2021-02-09;1358;46;24270;2168;3.2;0.3
68;2021-02-10;1452;61;25722;2229;3.4;0.3
68;2021-02-11;1488;468;27210;2697;3.6;0.4
68;2021-02-12;1546;451;28756;3148;3.8;0.4
68;2021-02-13;132;0;28888;3148;3.8;0.4
68;2021-02-14;57;231;28945;3379;3.8;0.4
68;2021-02-15;662;1090;29607;4469;3.9;0.6
68;2021-02-16;861;1371;30468;5840;4.0;0.8
68;2021-02-17;1281;2133;31749;7973;4.2;1.0
68;2021-02-18;1634;2045;33383;10018;4.4;1.3
68;2021-02-19;984;1363;34367;11381;4.5;1.5
68;2021-02-20;93;125;34460;11506;4.5;1.5
68;2021-02-21;1;40;34461;11546;4.5;1.5
68;2021-02-22;446;798;34907;12344;4.6;1.6
68;2021-02-23;639;1060;35546;13404;4.7;1.8
68;2021-02-24;852;1158;36398;14562;4.8;1.9
68;2021-02-25;1209;1246;37607;15808;4.9;2.1
68;2021-02-26;1199;988;38806;16796;5.1;2.2
68;2021-02-27;545;173;39351;16969;5.2;2.2
68;2021-02-28;10;1;39361;16970;5.2;2.2
68;2021-03-01;937;766;40298;17736;5.3;2.3
68;2021-03-02;1215;919;41513;18655;5.4;2.4
68;2021-03-03;1589;966;43102;19621;5.6;2.6
68;2021-03-04;1988;1041;45090;20662;5.9;2.7
68;2021-03-05;2353;1044;47443;21706;6.2;2.8
68;2021-03-06;2283;238;49726;21944;6.5;2.9
68;2021-03-07;838;102;50564;22046;6.6;2.9
68;2021-03-08;1472;966;52036;23012;6.8;3.0
68;2021-03-09;1692;1329;53728;24341;7.0;3.2
68;2021-03-10;1960;1803;55688;26144;7.3;3.4
68;2021-03-11;2633;1907;58321;28051;7.6;3.7
68;2021-03-12;2625;1409;60946;29460;8.0;3.9
68;2021-03-13;3338;230;64284;29690;8.4;3.9
68;2021-03-14;1541;61;65825;29751;8.6;3.9
68;2021-03-15;1791;616;67616;30367;8.9;4.0
68;2021-03-16;1998;597;69614;30964;9.1;4.1
68;2021-03-17;1954;720;71568;31684;9.4;4.2
68;2021-03-18;2219;944;73787;32628;9.7;4.3
68;2021-03-19;3083;733;76870;33361;10.1;4.4
68;2021-03-20;972;121;77842;33482;10.2;4.4
68;2021-03-21;67;1;77909;33483;10.2;4.4
68;2021-03-22;1966;585;79875;34068;10.5;4.5
68;2021-03-23;2855;611;82730;34679;10.8;4.5
68;2021-03-24;3172;808;85902;35487;11.3;4.6
68;2021-03-25;3499;782;89401;36269;11.7;4.8
68;2021-03-26;3893;706;93294;36975;12.2;4.8
68;2021-03-27;1097;161;94391;37136;12.4;4.9
68;2021-03-28;55;3;94446;37139;12.4;4.9
68;2021-03-29;2263;1378;96709;38517;12.7;5.0
68;2021-03-30;2931;1295;99640;39812;13.1;5.2
68;2021-03-31;2639;1363;102279;41175;13.4;5.4
68;2021-04-01;2746;1547;105025;42722;13.8;5.6
68;2021-04-02;245;87;105270;42809;13.8;5.6
68;2021-04-03;239;123;105509;42932;13.8;5.6
68;2021-04-04;4;0;105513;42932;13.8;5.6
68;2021-04-05;48;2;105561;42934;13.8;5.6
68;2021-04-06;1794;1323;107355;44257;14.1;5.8
68;2021-04-07;2583;1531;109938;45788;14.4;6.0
68;2021-04-08;3230;1498;113168;47286;14.8;6.2
68;2021-04-09;4196;1522;117364;48808;15.4;6.4
68;2021-04-10;1200;1975;118564;50783;15.5;6.7
68;2021-04-11;125;1318;118689;52101;15.6;6.8
68;2021-04-12;2664;1637;121353;53738;15.9;7.0
68;2021-04-13;2758;2111;124111;55849;16.3;7.3
68;2021-04-14;3599;2261;127710;58110;16.7;7.6
68;2021-04-15;4040;2148;131750;60258;17.3;7.9
68;2021-04-16;3937;2071;135687;62329;17.8;8.2
68;2021-04-17;1068;439;136755;62768;17.9;8.2
68;2021-04-18;85;9;136840;62777;17.9;8.2
68;2021-04-19;2357;1834;139197;64611;18.2;8.5
68;2021-04-20;2437;2324;141634;66935;18.6;8.8
68;2021-04-21;2822;2480;144456;69415;18.9;9.1
68;2021-04-22;3285;1976;147741;71391;19.4;9.4
68;2021-04-23;3411;2075;151152;73466;19.8;9.6
68;2021-04-24;841;487;151993;73953;19.9;9.7
68;2021-04-25;214;20;152207;73973;19.9;9.7
68;2021-04-26;2328;2107;154535;76080;20.2;10.0
68;2021-04-27;2599;2209;157134;78289;20.6;10.3
68;2021-04-28;3571;1766;160705;80055;21.1;10.5
68;2021-04-29;4164;1746;164869;81801;21.6;10.7
68;2021-04-30;4832;1365;169701;83166;22.2;10.9
68;2021-05-01;943;121;170644;83287;22.4;10.9
68;2021-05-02;731;70;171375;83357;22.5;10.9
68;2021-05-03;3617;1813;174992;85170;22.9;11.2
68;2021-05-04;3934;2364;178926;87534;23.4;11.5
68;2021-05-05;3631;3237;182557;90771;23.9;11.9
68;2021-05-06;4803;2867;187360;93638;24.5;12.3
68;2021-05-07;4517;2907;191877;96545;25.1;12.6
68;2021-05-08;1668;210;193545;96755;25.4;12.7
68;2021-05-09;1075;106;194620;96861;25.5;12.7
68;2021-05-10;3158;3717;197778;100578;25.9;13.2
68;2021-05-11;4715;3612;202493;104190;26.5;13.7
68;2021-05-12;5776;3289;208269;107479;27.3;14.1
68;2021-05-13;4764;841;213033;108320;27.9;14.2
68;2021-05-14;5957;2127;218990;110447;28.7;14.5
68;2021-05-15;3555;909;222545;111356;29.2;14.6
68;2021-05-16;668;120;223213;111476;29.2;14.6
68;2021-05-17;4448;2497;227661;113973;29.8;14.9
68;2021-05-18;6137;2306;233798;116279;30.6;15.2
68;2021-05-19;5866;2881;239664;119160;31.4;15.6
68;2021-05-20;5927;2420;245591;121580;32.2;15.9
68;2021-05-21;5777;2871;251368;124451;32.9;16.3
68;2021-05-22;2576;923;253944;125374;33.3;16.4
68;2021-05-23;15;17;253959;125391;33.3;16.4
68;2021-05-24;2307;970;256266;126361;33.6;16.6
68;2021-05-25;4342;3433;260608;129794;34.1;17.0
68;2021-05-26;4880;3382;265488;133176;34.8;17.4
68;2021-05-27;5405;3399;270893;136575;35.5;17.9
68;2021-05-28;5618;3727;276511;140302;36.2;18.4
68;2021-05-29;1535;1187;278046;141489;36.4;18.5
68;2021-05-30;41;46;278087;141535;36.4;18.5
68;2021-05-31;5161;2361;283248;143896;37.1;18.9
68;2021-06-01;5967;2793;289215;146689;37.9;19.2
68;2021-06-02;4886;3001;294101;149690;38.5;19.6
68;2021-06-03;5938;3098;300039;152788;39.3;20.0
68;2021-06-04;4889;3302;304928;156090;40.0;20.5
68;2021-06-05;777;1169;305705;157259;40.1;20.6
68;2021-06-06;66;115;305771;157374;40.1;20.6
68;2021-06-07;4757;3035;310528;160409;40.7;21.0
68;2021-06-08;4941;3555;315469;163964;41.3;21.5
68;2021-06-09;4986;3437;320455;167401;42.0;21.9
68;2021-06-10;5196;3129;325651;170530;42.7;22.3
68;2021-06-11;5054;4149;330705;174679;43.3;22.9
68;2021-06-12;3034;1767;333739;176446;43.7;23.1
68;2021-06-13;515;683;334254;177129;43.8;23.2
68;2021-06-14;2514;4392;336768;181521;44.1;23.8
68;2021-06-15;3107;4726;339875;186247;44.5;24.4
68;2021-06-16;3381;4427;343256;190674;45.0;25.0
68;2021-06-17;2355;4459;345611;195133;45.3;25.6
68;2021-06-18;3345;5187;348956;200320;45.7;26.2
68;2021-06-19;2248;2175;351204;202495;46.0;26.5
68;2021-06-20;257;894;351461;203389;46.1;26.6
68;2021-06-21;2057;5156;353518;208545;46.3;27.3
68;2021-06-22;1895;5175;355413;213720;46.6;28.0
68;2021-06-23;2311;5747;357724;219467;46.9;28.8
68;2021-06-24;2142;4897;359866;224364;47.2;29.4
68;2021-06-25;2279;6656;362145;231020;47.5;30.3
68;2021-06-26;1294;2602;363439;233622;47.6;30.6
68;2021-06-27;151;881;363590;234503;47.6;30.7
68;2021-06-28;1598;6450;365188;240953;47.8;31.6
68;2021-06-29;1527;6640;366715;247593;48.0;32.4
68;2021-06-30;1782;6559;368497;254152;48.3;33.3
68;2021-07-01;2069;5349;370566;259501;48.6;34.0
68;2021-07-02;2090;6486;372656;265987;48.8;34.9
68;2021-07-03;971;1931;373627;267918;49.0;35.1
68;2021-07-04;240;200;373867;268118;49.0;35.1
68;2021-07-05;1450;5521;375317;273639;49.2;35.9
68;2021-07-06;1989;5883;377306;279522;49.4;36.6
68;2021-07-07;2443;4975;379749;284497;49.8;37.3
68;2021-07-08;2425;4741;382174;289238;50.1;37.9
68;2021-07-09;2087;7356;384261;296594;50.3;38.9
68;2021-07-10;1019;2003;385280;298597;50.5;39.1
68;2021-07-11;143;155;385423;298752;50.5;39.1
68;2021-07-12;1634;6779;387057;305531;50.7;40.0
68;2021-07-13;2896;6545;389953;312076;51.1;40.9
68;2021-07-14;1838;974;391791;313050;51.3;41.0
68;2021-07-15;3173;6645;394964;319695;51.8;41.9
68;2021-07-16;3799;6748;398763;326443;52.2;42.8
68;2021-07-17;3352;2287;402115;328730;52.7;43.1
68;2021-07-18;1053;227;403168;328957;52.8;43.1
68;2021-07-19;3016;6075;406184;335032;53.2;43.9
68;2021-07-20;3985;5657;410169;340689;53.7;44.6
68;2021-07-21;4247;5796;414416;346485;54.3;45.4
68;2021-07-22;4114;4813;418530;351298;54.8;46.0
68;2021-07-23;5004;5729;423534;357027;55.5;46.8
68;2021-07-24;3284;2101;426818;359128;55.9;47.1
68;2021-07-25;790;501;427608;359629;56.0;47.1
69;2020-12-27;0;0;0;0;0.0;0.0
69;2020-12-28;7;0;7;0;0.0;0.0
69;2020-12-29;5;0;12;0;0.0;0.0
69;2020-12-30;6;0;18;0;0.0;0.0
69;2020-12-31;10;0;28;0;0.0;0.0
69;2021-01-01;1;0;29;0;0.0;0.0
69;2021-01-02;1;0;30;0;0.0;0.0
69;2021-01-03;0;0;30;0;0.0;0.0
69;2021-01-04;10;0;40;0;0.0;0.0
69;2021-01-05;215;0;255;0;0.0;0.0
69;2021-01-06;505;0;760;0;0.0;0.0
69;2021-01-07;803;1;1563;1;0.1;0.0
69;2021-01-08;822;0;2385;1;0.1;0.0
69;2021-01-09;36;0;2421;1;0.1;0.0
69;2021-01-10;2;1;2423;2;0.1;0.0
69;2021-01-11;1133;2;3556;4;0.2;0.0
69;2021-01-12;1391;6;4947;10;0.3;0.0
69;2021-01-13;1387;4;6334;14;0.3;0.0
69;2021-01-14;2260;22;8594;36;0.5;0.0
69;2021-01-15;1824;8;10418;44;0.6;0.0
69;2021-01-16;927;3;11345;47;0.6;0.0
69;2021-01-17;258;2;11603;49;0.6;0.0
69;2021-01-18;1692;16;13295;65;0.7;0.0
69;2021-01-19;3501;66;16796;131;0.9;0.0
69;2021-01-20;4429;28;21225;159;1.1;0.0
69;2021-01-21;4015;20;25240;179;1.3;0.0
69;2021-01-22;3146;19;28386;198;1.5;0.0
69;2021-01-23;1278;3;29664;201;1.6;0.0
69;2021-01-24;100;1;29764;202;1.6;0.0
69;2021-01-25;2229;37;31993;239;1.7;0.0
69;2021-01-26;2558;85;34551;324;1.8;0.0
69;2021-01-27;2348;178;36899;502;2.0;0.0
69;2021-01-28;2233;374;39132;876;2.1;0.0
69;2021-01-29;2107;284;41239;1160;2.2;0.1
69;2021-01-30;889;2;42128;1162;2.2;0.1
69;2021-01-31;64;0;42192;1162;2.2;0.1
69;2021-02-01;1113;402;43305;1564;2.3;0.1
69;2021-02-02;1547;411;44852;1975;2.4;0.1
69;2021-02-03;1439;535;46291;2510;2.5;0.1
69;2021-02-04;1786;947;48077;3457;2.6;0.2
69;2021-02-05;818;807;48895;4264;2.6;0.2
69;2021-02-06;364;54;49259;4318;2.6;0.2
69;2021-02-07;0;0;49259;4318;2.6;0.2
69;2021-02-08;1132;1076;50391;5394;2.7;0.3
69;2021-02-09;2048;2106;52439;7500;2.8;0.4
69;2021-02-10;1844;2646;54283;10146;2.9;0.5
69;2021-02-11;1859;3291;56142;13437;3.0;0.7
69;2021-02-12;1896;2114;58038;15551;3.1;0.8
69;2021-02-13;459;805;58497;16356;3.1;0.9
69;2021-02-14;88;39;58585;16395;3.1;0.9
69;2021-02-15;1015;1773;59600;18168;3.2;1.0
69;2021-02-16;985;2449;60585;20617;3.2;1.1
69;2021-02-17;1026;2395;61611;23012;3.3;1.2
69;2021-02-18;966;2340;62577;25352;3.3;1.4
69;2021-02-19;895;1893;63472;27245;3.4;1.5
69;2021-02-20;326;913;63798;28158;3.4;1.5
69;2021-02-21;51;68;63849;28226;3.4;1.5
69;2021-02-22;605;2100;64454;30326;3.4;1.6
69;2021-02-23;738;2229;65192;32555;3.5;1.7
69;2021-02-24;973;2250;66165;34805;3.5;1.9
69;2021-02-25;2212;2672;68377;37477;3.6;2.0
69;2021-02-26;2775;1916;71152;39393;3.8;2.1
69;2021-02-27;924;571;72076;39964;3.8;2.1
69;2021-02-28;147;102;72223;40066;3.8;2.1
69;2021-03-01;2160;903;74383;40969;4.0;2.2
69;2021-03-02;3286;1382;77669;42351;4.1;2.3
69;2021-03-03;3661;1199;81330;43550;4.3;2.3
69;2021-03-04;4869;1251;86199;44801;4.6;2.4
69;2021-03-05;5851;1225;92050;46026;4.9;2.5
69;2021-03-06;3409;402;95459;46428;5.1;2.5
69;2021-03-07;636;39;96095;46467;5.1;2.5
69;2021-03-08;2949;1105;99044;47572;5.3;2.5
69;2021-03-09;4609;1230;103653;48802;5.5;2.6
69;2021-03-10;5061;1013;108714;49815;5.8;2.7
69;2021-03-11;6586;990;115300;50805;6.1;2.7
69;2021-03-12;8849;1144;124149;51949;6.6;2.8
69;2021-03-13;4919;213;129068;52162;6.9;2.8
69;2021-03-14;2737;122;131805;52284;7.0;2.8
69;2021-03-15;4806;680;136611;52964;7.3;2.8
69;2021-03-16;3810;625;140421;53589;7.5;2.9
69;2021-03-17;3944;845;144365;54434;7.7;2.9
69;2021-03-18;4964;1586;149329;56020;8.0;3.0
69;2021-03-19;6677;1020;156006;57040;8.3;3.0
69;2021-03-20;3583;254;159589;57294;8.5;3.1
69;2021-03-21;1969;86;161558;57380;8.6;3.1
69;2021-03-22;4539;788;166097;58168;8.9;3.1
69;2021-03-23;7349;789;173446;58957;9.2;3.1
69;2021-03-24;6442;955;179888;59912;9.6;3.2
69;2021-03-25;8572;1081;188460;60993;10.0;3.3
69;2021-03-26;8810;1208;197270;62201;10.5;3.3
69;2021-03-27;3148;775;200418;62976;10.7;3.4
69;2021-03-28;2210;172;202628;63148;10.8;3.4
69;2021-03-29;4094;2184;206722;65332;11.0;3.5
69;2021-03-30;7628;2491;214350;67823;11.4;3.6
69;2021-03-31;6344;3154;220694;70977;11.8;3.8
69;2021-04-01;8426;2699;229120;73676;12.2;3.9
69;2021-04-02;8305;3087;237425;76763;12.7;4.1
69;2021-04-03;5420;2156;242845;78919;12.9;4.2
69;2021-04-04;6605;548;249450;79467;13.3;4.2
69;2021-04-05;6187;805;255637;80272;13.6;4.3
69;2021-04-06;5099;3474;260736;83746;13.9;4.5
69;2021-04-07;5156;3875;265892;87621;14.2;4.7
69;2021-04-08;6425;4045;272317;91666;14.5;4.9
69;2021-04-09;9164;3764;281481;95430;15.0;5.1
69;2021-04-10;3051;2494;284532;97924;15.2;5.2
69;2021-04-11;2037;1894;286569;99818;15.3;5.3
69;2021-04-12;5461;3570;292030;103388;15.6;5.5
69;2021-04-13;7065;4109;299095;107497;15.9;5.7
69;2021-04-14;6711;4122;305806;111619;16.3;5.9
69;2021-04-15;7926;4566;313732;116185;16.7;6.2
69;2021-04-16;7857;4487;321589;120672;17.1;6.4
69;2021-04-17;5037;2332;326626;123004;17.4;6.6
69;2021-04-18;1715;1793;328341;124797;17.5;6.7
69;2021-04-19;7014;3765;335355;128562;17.9;6.9
69;2021-04-20;6479;4742;341834;133304;18.2;7.1
69;2021-04-21;5684;4405;347518;137709;18.5;7.3
69;2021-04-22;6419;5423;353937;143132;18.9;7.6
69;2021-04-23;6701;4844;360638;147976;19.2;7.9
69;2021-04-24;3151;2020;363789;149996;19.4;8.0
69;2021-04-25;2116;1546;365905;151542;19.5;8.1
69;2021-04-26;4494;3879;370399;155421;19.7;8.3
69;2021-04-27;6512;5318;376911;160739;20.1;8.6
69;2021-04-28;6268;4843;383179;165582;20.4;8.8
69;2021-04-29;6694;5350;389873;170932;20.8;9.1
69;2021-04-30;6928;6162;396801;177094;21.2;9.4
69;2021-05-01;3294;642;400095;177736;21.3;9.5
69;2021-05-02;1623;5891;401718;183627;21.4;9.8
69;2021-05-03;5854;8241;407572;191868;21.7;10.2
69;2021-05-04;7593;8164;415165;200032;22.1;10.7
69;2021-05-05;11203;5630;426368;205662;22.7;11.0
69;2021-05-06;12471;6267;438839;211929;23.4;11.3
69;2021-05-07;11678;7149;450517;219078;24.0;11.7
69;2021-05-08;4296;1652;454813;220730;24.2;11.8
69;2021-05-09;6631;2678;461444;223408;24.6;11.9
69;2021-05-10;6925;6052;468369;229460;25.0;12.2
69;2021-05-11;9817;7038;478186;236498;25.5;12.6
69;2021-05-12;12461;6809;490647;243307;26.2;13.0
69;2021-05-13;10831;2561;501478;245868;26.7;13.1
69;2021-05-14;12578;5219;514056;251087;27.4;13.4
69;2021-05-15;9143;2600;523199;253687;27.9;13.5
69;2021-05-16;8398;1869;531597;255556;28.3;13.6
69;2021-05-17;11301;5635;542898;261191;28.9;13.9
69;2021-05-18;13213;6377;556111;267568;29.6;14.3
69;2021-05-19;13699;5890;569810;273458;30.4;14.6
69;2021-05-20;11374;6081;581184;279539;31.0;14.9
69;2021-05-21;11027;6565;592211;286104;31.6;15.3
69;2021-05-22;5575;2571;597786;288675;31.9;15.4
69;2021-05-23;4564;1541;602350;290216;32.1;15.5
69;2021-05-24;8430;1861;610780;292077;32.6;15.6
69;2021-05-25;9739;6179;620519;298256;33.1;15.9
69;2021-05-26;10273;6111;630792;304367;33.6;16.2
69;2021-05-27;10424;6771;641216;311138;34.2;16.6
69;2021-05-28;11607;8747;652823;319885;34.8;17.1
69;2021-05-29;7386;6032;660209;325917;35.2;17.4
69;2021-05-30;7385;3172;667594;329089;35.6;17.5
69;2021-05-31;10956;6367;678550;335456;36.2;17.9
69;2021-06-01;12635;7518;691185;342974;36.8;18.3
69;2021-06-02;14808;6698;705993;349672;37.6;18.6
69;2021-06-03;16598;7418;722591;357090;38.5;19.0
69;2021-06-04;15114;8548;737705;365638;39.3;19.5
69;2021-06-05;10094;3417;747799;369055;39.9;19.7
69;2021-06-06;7481;1706;755280;370761;40.3;19.8
69;2021-06-07;12770;7039;768050;377800;40.9;20.1
69;2021-06-08;16128;8256;784178;386056;41.8;20.6
69;2021-06-09;15065;7362;799243;393418;42.6;21.0
69;2021-06-10;16156;7304;815399;400722;43.5;21.4
69;2021-06-11;16532;9680;831931;410402;44.3;21.9
69;2021-06-12;8506;4193;840437;414595;44.8;22.1
69;2021-06-13;5619;2140;846056;416735;45.1;22.2
69;2021-06-14;8170;9090;854226;425825;45.5;22.7
69;2021-06-15;10413;10986;864639;436811;46.1;23.3
69;2021-06-16;11016;12297;875655;449108;46.7;23.9
69;2021-06-17;11212;13236;886867;462344;47.3;24.6
69;2021-06-18;11754;14759;898621;477103;47.9;25.4
69;2021-06-19;6777;8339;905398;485442;48.3;25.9
69;2021-06-20;5225;4760;910623;490202;48.5;26.1
69;2021-06-21;6277;12130;916900;502332;48.9;26.8
69;2021-06-22;6622;13834;923522;516166;49.2;27.5
69;2021-06-23;7775;13036;931297;529202;49.6;28.2
69;2021-06-24;8708;13717;940005;542919;50.1;28.9
69;2021-06-25;6655;16304;946660;559223;50.5;29.8
69;2021-06-26;3535;9079;950195;568302;50.6;30.3
69;2021-06-27;3252;7417;953447;575719;50.8;30.7
69;2021-06-28;3645;14900;957092;590619;51.0;31.5
69;2021-06-29;4604;15667;961696;606286;51.3;32.3
69;2021-06-30;5596;14463;967292;620749;51.6;33.1
69;2021-07-01;6300;11937;973592;632686;51.9;33.7
69;2021-07-02;5492;14118;979084;646804;52.2;34.5
69;2021-07-03;5643;7778;984727;654582;52.5;34.9
69;2021-07-04;3904;5559;988631;660141;52.7;35.2
69;2021-07-05;5359;13022;993990;673163;53.0;35.9
69;2021-07-06;5129;14278;999119;687441;53.3;36.6
69;2021-07-07;6929;13540;1006048;700981;53.6;37.4
69;2021-07-08;7333;13414;1013381;714395;54.0;38.1
69;2021-07-09;7079;16453;1020460;730848;54.4;39.0
69;2021-07-10;2724;10322;1023184;741170;54.5;39.5
69;2021-07-11;4247;5834;1027431;747004;54.8;39.8
69;2021-07-12;3549;16975;1030980;763979;55.0;40.7
69;2021-07-13;5868;20721;1036848;784700;55.3;41.8
69;2021-07-14;4693;8481;1041541;793181;55.5;42.3
69;2021-07-15;7263;22588;1048804;815769;55.9;43.5
69;2021-07-16;9395;20101;1058199;835870;56.4;44.6
69;2021-07-17;4828;12225;1063027;848095;56.7;45.2
69;2021-07-18;3380;8904;1066407;856999;56.8;45.7
69;2021-07-19;6290;16440;1072697;873439;57.2;46.6
69;2021-07-20;8991;19259;1081688;892698;57.7;47.6
69;2021-07-21;9214;17357;1090902;910055;58.1;48.5
69;2021-07-22;11232;16349;1102134;926404;58.7;49.4
69;2021-07-23;10769;17584;1112903;943988;59.3;50.3
69;2021-07-24;5493;10979;1118396;954967;59.6;50.9
69;2021-07-25;4660;6598;1123056;961565;59.9;51.3
70;2020-12-27;0;0;0;0;0.0;0.0
70;2020-12-28;0;0;0;0;0.0;0.0
70;2020-12-29;0;0;0;0;0.0;0.0
70;2020-12-30;0;0;0;0;0.0;0.0
70;2020-12-31;0;0;0;0;0.0;0.0
70;2021-01-01;0;0;0;0;0.0;0.0
70;2021-01-02;0;0;0;0;0.0;0.0
70;2021-01-03;0;0;0;0;0.0;0.0
70;2021-01-04;0;0;0;0;0.0;0.0
70;2021-01-05;0;0;0;0;0.0;0.0
70;2021-01-06;24;0;24;0;0.0;0.0
70;2021-01-07;121;0;145;0;0.1;0.0
70;2021-01-08;21;0;166;0;0.1;0.0
70;2021-01-09;0;0;166;0;0.1;0.0
70;2021-01-10;0;0;166;0;0.1;0.0
70;2021-01-11;147;0;313;0;0.1;0.0
70;2021-01-12;195;1;508;1;0.2;0.0
70;2021-01-13;171;1;679;2;0.3;0.0
70;2021-01-14;149;5;828;7;0.4;0.0
70;2021-01-15;153;0;981;7;0.4;0.0
70;2021-01-16;65;0;1046;7;0.4;0.0
70;2021-01-17;0;0;1046;7;0.4;0.0
70;2021-01-18;388;0;1434;7;0.6;0.0
70;2021-01-19;500;2;1934;9;0.8;0.0
70;2021-01-20;494;2;2428;11;1.0;0.0
70;2021-01-21;673;1;3101;12;1.3;0.0
70;2021-01-22;458;3;3559;15;1.5;0.0
70;2021-01-23;261;2;3820;17;1.6;0.0
70;2021-01-24;4;0;3824;17;1.6;0.0
70;2021-01-25;371;1;4195;18;1.8;0.0
70;2021-01-26;335;1;4530;19;1.9;0.0
70;2021-01-27;328;10;4858;29;2.1;0.0
70;2021-01-28;365;36;5223;65;2.2;0.0
70;2021-01-29;329;53;5552;118;2.4;0.1
70;2021-01-30;228;1;5780;119;2.5;0.1
70;2021-01-31;0;0;5780;119;2.5;0.1
70;2021-02-01;260;51;6040;170;2.6;0.1
70;2021-02-02;272;98;6312;268;2.7;0.1
70;2021-02-03;252;61;6564;329;2.8;0.1
70;2021-02-04;264;122;6828;451;2.9;0.2
70;2021-02-05;254;75;7082;526;3.0;0.2
70;2021-02-06;209;37;7291;563;3.1;0.2
70;2021-02-07;0;0;7291;563;3.1;0.2
70;2021-02-08;179;234;7470;797;3.2;0.3
70;2021-02-09;206;231;7676;1028;3.3;0.4
70;2021-02-10;196;302;7872;1330;3.4;0.6
70;2021-02-11;351;327;8223;1657;3.5;0.7
70;2021-02-12;239;492;8462;2149;3.6;0.9
70;2021-02-13;75;211;8537;2360;3.7;1.0
70;2021-02-14;0;29;8537;2389;3.7;1.0
70;2021-02-15;70;340;8607;2729;3.7;1.2
70;2021-02-16;113;364;8720;3093;3.7;1.3
70;2021-02-17;167;304;8887;3397;3.8;1.5
70;2021-02-18;202;256;9089;3653;3.9;1.6
70;2021-02-19;197;204;9286;3857;4.0;1.7
70;2021-02-20;192;70;9478;3927;4.1;1.7
70;2021-02-21;1;0;9479;3927;4.1;1.7
70;2021-02-22;107;236;9586;4163;4.1;1.8
70;2021-02-23;125;259;9711;4422;4.2;1.9
70;2021-02-24;129;232;9840;4654;4.2;2.0
70;2021-02-25;315;257;10155;4911;4.4;2.1
70;2021-02-26;394;147;10549;5058;4.5;2.2
70;2021-02-27;147;202;10696;5260;4.6;2.3
70;2021-02-28;0;0;10696;5260;4.6;2.3
70;2021-03-01;249;240;10945;5500;4.7;2.4
70;2021-03-02;481;275;11426;5775;4.9;2.5
70;2021-03-03;467;253;11893;6028;5.1;2.6
70;2021-03-04;659;273;12552;6301;5.4;2.7
70;2021-03-05;766;257;13318;6558;5.7;2.8
70;2021-03-06;540;115;13858;6673;5.9;2.9
70;2021-03-07;216;23;14074;6696;6.0;2.9
70;2021-03-08;552;218;14626;6914;6.3;3.0
70;2021-03-09;865;185;15491;7099;6.6;3.0
70;2021-03-10;660;177;16151;7276;6.9;3.1
70;2021-03-11;698;250;16849;7526;7.2;3.2
70;2021-03-12;985;178;17834;7704;7.6;3.3
70;2021-03-13;581;114;18415;7818;7.9;3.4
70;2021-03-14;19;0;18434;7818;7.9;3.4
70;2021-03-15;774;104;19208;7922;8.2;3.4
70;2021-03-16;654;89;19862;8011;8.5;3.4
70;2021-03-17;596;176;20458;8187;8.8;3.5
70;2021-03-18;633;141;21091;8328;9.0;3.6
70;2021-03-19;1017;136;22108;8464;9.5;3.6
70;2021-03-20;641;183;22749;8647;9.8;3.7
70;2021-03-21;6;0;22755;8647;9.8;3.7
70;2021-03-22;753;98;23508;8745;10.1;3.8
70;2021-03-23;1305;153;24813;8898;10.6;3.8
70;2021-03-24;1259;96;26072;8994;11.2;3.9
70;2021-03-25;1244;185;27316;9179;11.7;3.9
70;2021-03-26;1487;294;28803;9473;12.4;4.1
70;2021-03-27;956;123;29759;9596;12.8;4.1
70;2021-03-28;0;10;29759;9606;12.8;4.1
70;2021-03-29;718;410;30477;10016;13.1;4.3
70;2021-03-30;1093;311;31570;10327;13.5;4.4
70;2021-03-31;878;315;32448;10642;13.9;4.6
70;2021-04-01;1153;423;33601;11065;14.4;4.7
70;2021-04-02;1310;335;34911;11400;15.0;4.9
70;2021-04-03;639;320;35550;11720;15.2;5.0
70;2021-04-04;9;0;35559;11720;15.2;5.0
70;2021-04-05;3;2;35562;11722;15.2;5.0
70;2021-04-06;830;555;36392;12277;15.6;5.3
70;2021-04-07;857;583;37249;12860;16.0;5.5
70;2021-04-08;1317;555;38566;13415;16.5;5.8
70;2021-04-09;1402;525;39968;13940;17.1;6.0
70;2021-04-10;858;340;40826;14280;17.5;6.1
70;2021-04-11;16;1;40842;14281;17.5;6.1
70;2021-04-12;692;658;41534;14939;17.8;6.4
70;2021-04-13;920;765;42454;15704;18.2;6.7
70;2021-04-14;815;576;43269;16280;18.6;7.0
70;2021-04-15;1078;602;44347;16882;19.0;7.2
70;2021-04-16;1243;542;45590;17424;19.6;7.5
70;2021-04-17;690;467;46280;17891;19.8;7.7
70;2021-04-18;56;4;46336;17895;19.9;7.7
70;2021-04-19;538;804;46874;18699;20.1;8.0
70;2021-04-20;664;853;47538;19552;20.4;8.4
70;2021-04-21;484;933;48022;20485;20.6;8.8
70;2021-04-22;776;791;48798;21276;20.9;9.1
70;2021-04-23;875;740;49673;22016;21.3;9.4
70;2021-04-24;431;637;50104;22653;21.5;9.7
70;2021-04-25;11;0;50115;22653;21.5;9.7
70;2021-04-26;924;597;51039;23250;21.9;10.0
70;2021-04-27;1209;747;52248;23997;22.4;10.3
70;2021-04-28;889;804;53137;24801;22.8;10.6
70;2021-04-29;1342;919;54479;25720;23.4;11.0
70;2021-04-30;1531;873;56010;26593;24.0;11.4
70;2021-05-01;1693;117;57703;26710;24.7;11.5
70;2021-05-02;2;0;57705;26710;24.7;11.5
70;2021-05-03;1188;562;58893;27272;25.3;11.7
70;2021-05-04;1355;738;60248;28010;25.8;12.0
70;2021-05-05;1188;872;61436;28882;26.3;12.4
70;2021-05-06;1849;1266;63285;30148;27.1;12.9
70;2021-05-07;2124;1225;65409;31373;28.0;13.5
70;2021-05-08;1339;185;66748;31558;28.6;13.5
70;2021-05-09;6;58;66754;31616;28.6;13.6
70;2021-05-10;957;945;67711;32561;29.0;14.0
70;2021-05-11;1239;1066;68950;33627;29.6;14.4
70;2021-05-12;1175;866;70125;34493;30.1;14.8
70;2021-05-13;1544;145;71669;34638;30.7;14.9
70;2021-05-14;2062;753;73731;35391;31.6;15.2
70;2021-05-15;2658;524;76389;35915;32.8;15.4
70;2021-05-16;997;72;77386;35987;33.2;15.4
70;2021-05-17;1235;383;78621;36370;33.7;15.6
70;2021-05-18;1296;590;79917;36960;34.3;15.8
70;2021-05-19;1476;480;81393;37440;34.9;16.1
70;2021-05-20;1778;627;83171;38067;35.7;16.3
70;2021-05-21;1690;818;84861;38885;36.4;16.7
70;2021-05-22;1221;663;86082;39548;36.9;17.0
70;2021-05-23;7;14;86089;39562;36.9;17.0
70;2021-05-24;222;25;86311;39587;37.0;17.0
70;2021-05-25;834;924;87145;40511;37.4;17.4
70;2021-05-26;1047;943;88192;41454;37.8;17.8
70;2021-05-27;1263;995;89455;42449;38.4;18.2
70;2021-05-28;1545;1164;91000;43613;39.0;18.7
70;2021-05-29;1371;587;92371;44200;39.6;19.0
70;2021-05-30;1;8;92372;44208;39.6;19.0
70;2021-05-31;970;678;93342;44886;40.0;19.2
70;2021-06-01;1213;850;94555;45736;40.5;19.6
70;2021-06-02;1263;672;95818;46408;41.1;19.9
70;2021-06-03;1430;842;97248;47250;41.7;20.3
70;2021-06-04;1337;1108;98585;48358;42.3;20.7
70;2021-06-05;1025;662;99610;49020;42.7;21.0
70;2021-06-06;599;79;100209;49099;43.0;21.1
70;2021-06-07;939;851;101148;49950;43.4;21.4
70;2021-06-08;1217;1175;102365;51125;43.9;21.9
70;2021-06-09;1155;988;103520;52113;44.4;22.3
70;2021-06-10;1565;825;105085;52938;45.1;22.7
70;2021-06-11;1587;1956;106672;54894;45.7;23.5
70;2021-06-12;829;1971;107501;56865;46.1;24.4
70;2021-06-13;142;13;107643;56878;46.2;24.4
70;2021-06-14;556;1242;108199;58120;46.4;24.9
70;2021-06-15;449;1505;108648;59625;46.6;25.6
70;2021-06-16;798;1391;109446;61016;46.9;26.2
70;2021-06-17;1145;2093;110591;63109;47.4;27.1
70;2021-06-18;992;2253;111583;65362;47.8;28.0
70;2021-06-19;1090;1638;112673;67000;48.3;28.7
70;2021-06-20;1;3;112674;67003;48.3;28.7
70;2021-06-21;689;1453;113363;68456;48.6;29.4
70;2021-06-22;651;1509;114014;69965;48.9;30.0
70;2021-06-23;652;1570;114666;71535;49.2;30.7
70;2021-06-24;873;2051;115539;73586;49.5;31.6
70;2021-06-25;680;2644;116219;76230;49.8;32.7
70;2021-06-26;942;2140;117161;78370;50.2;33.6
70;2021-06-27;140;760;117301;79130;50.3;33.9
70;2021-06-28;336;1349;117637;80479;50.4;34.5
70;2021-06-29;407;1612;118044;82091;50.6;35.2
70;2021-06-30;385;1633;118429;83724;50.8;35.9
70;2021-07-01;640;1751;119069;85475;51.1;36.7
70;2021-07-02;814;1576;119883;87051;51.4;37.3
70;2021-07-03;835;1079;120718;88130;51.8;37.8
70;2021-07-04;28;70;120746;88200;51.8;37.8
70;2021-07-05;609;1036;121355;89236;52.0;38.3
70;2021-07-06;677;1274;122032;90510;52.3;38.8
70;2021-07-07;503;1425;122535;91935;52.5;39.4
70;2021-07-08;811;1574;123346;93509;52.9;40.1
70;2021-07-09;867;1662;124213;95171;53.3;40.8
70;2021-07-10;824;1031;125037;96202;53.6;41.3
70;2021-07-11;6;20;125043;96222;53.6;41.3
70;2021-07-12;429;1398;125472;97620;53.8;41.9
70;2021-07-13;906;1862;126378;99482;54.2;42.7
70;2021-07-14;33;6;126411;99488;54.2;42.7
70;2021-07-15;1374;1693;127785;101181;54.8;43.4
70;2021-07-16;1616;2059;129401;103240;55.5;44.3
70;2021-07-17;1498;1440;130899;104680;56.1;44.9
70;2021-07-18;1138;632;132037;105312;56.6;45.2
70;2021-07-19;875;968;132912;106280;57.0;45.6
70;2021-07-20;1347;1360;134259;107640;57.6;46.2
70;2021-07-21;1277;1394;135536;109034;58.1;46.8
70;2021-07-22;1821;1791;137357;110825;58.9;47.5
70;2021-07-23;1822;2483;139179;113308;59.7;48.6
70;2021-07-24;1352;1792;140531;115100;60.3;49.4
70;2021-07-25;23;2;140554;115102;60.3;49.4
71;2020-12-27;0;0;0;0;0.0;0.0
71;2020-12-28;0;0;0;0;0.0;0.0
71;2020-12-29;0;0;0;0;0.0;0.0
71;2020-12-30;0;0;0;0;0.0;0.0
71;2020-12-31;0;0;0;0;0.0;0.0
71;2021-01-01;0;0;0;0;0.0;0.0
71;2021-01-02;0;0;0;0;0.0;0.0
71;2021-01-03;1;0;1;0;0.0;0.0
71;2021-01-04;1;0;2;0;0.0;0.0
71;2021-01-05;10;0;12;0;0.0;0.0
71;2021-01-06;71;0;83;0;0.0;0.0
71;2021-01-07;66;1;149;1;0.0;0.0
71;2021-01-08;146;0;295;1;0.1;0.0
71;2021-01-09;117;0;412;1;0.1;0.0
71;2021-01-10;1;0;413;1;0.1;0.0
71;2021-01-11;245;0;658;1;0.1;0.0
71;2021-01-12;843;1;1501;2;0.3;0.0
71;2021-01-13;562;1;2063;3;0.4;0.0
71;2021-01-14;578;9;2641;12;0.5;0.0
71;2021-01-15;666;1;3307;13;0.6;0.0
71;2021-01-16;9;0;3316;13;0.6;0.0
71;2021-01-17;0;0;3316;13;0.6;0.0
71;2021-01-18;1094;6;4410;19;0.8;0.0
71;2021-01-19;1673;6;6083;25;1.1;0.0
71;2021-01-20;1507;4;7590;29;1.4;0.0
71;2021-01-21;2056;12;9646;41;1.8;0.0
71;2021-01-22;1411;6;11057;47;2.0;0.0
71;2021-01-23;813;5;11870;52;2.2;0.0
71;2021-01-24;0;0;11870;52;2.2;0.0
71;2021-01-25;1061;6;12931;58;2.4;0.0
71;2021-01-26;1504;18;14435;76;2.6;0.0
71;2021-01-27;1247;32;15682;108;2.9;0.0
71;2021-01-28;1080;94;16762;202;3.1;0.0
71;2021-01-29;1014;145;17776;347;3.2;0.1
71;2021-01-30;604;2;18380;349;3.4;0.1
71;2021-01-31;0;15;18380;364;3.4;0.1
71;2021-02-01;749;239;19129;603;3.5;0.1
71;2021-02-02;751;357;19880;960;3.6;0.2
71;2021-02-03;817;426;20697;1386;3.8;0.3
71;2021-02-04;780;572;21477;1958;3.9;0.4
71;2021-02-05;706;525;22183;2483;4.0;0.5
71;2021-02-06;535;9;22718;2492;4.1;0.5
71;2021-02-07;3;50;22721;2542;4.1;0.5
71;2021-02-08;603;699;23324;3241;4.3;0.6
71;2021-02-09;372;1013;23696;4254;4.3;0.8
71;2021-02-10;408;997;24104;5251;4.4;1.0
71;2021-02-11;473;1177;24577;6428;4.5;1.2
71;2021-02-12;534;1034;25111;7462;4.6;1.4
71;2021-02-13;125;515;25236;7977;4.6;1.5
71;2021-02-14;1;7;25237;7984;4.6;1.5
71;2021-02-15;324;915;25561;8899;4.7;1.6
71;2021-02-16;442;1367;26003;10266;4.7;1.9
71;2021-02-17;426;1115;26429;11381;4.8;2.1
71;2021-02-18;548;938;26977;12319;4.9;2.2
71;2021-02-19;574;853;27551;13172;5.0;2.4
71;2021-02-20;223;381;27774;13553;5.1;2.5
71;2021-02-21;3;13;27777;13566;5.1;2.5
71;2021-02-22;237;879;28014;14445;5.1;2.6
71;2021-02-23;451;917;28465;15362;5.2;2.8
71;2021-02-24;441;722;28906;16084;5.3;2.9
71;2021-02-25;527;727;29433;16811;5.4;3.1
71;2021-02-26;831;529;30264;17340;5.5;3.2
71;2021-02-27;454;339;30718;17679;5.6;3.2
71;2021-02-28;54;14;30772;17693;5.6;3.2
71;2021-03-01;1188;681;31960;18374;5.8;3.4
71;2021-03-02;1574;635;33534;19009;6.1;3.5
71;2021-03-03;1817;763;35351;19772;6.5;3.6
71;2021-03-04;1994;810;37345;20582;6.8;3.8
71;2021-03-05;2284;680;39629;21262;7.2;3.9
71;2021-03-06;755;57;40384;21319;7.4;3.9
71;2021-03-07;39;21;40423;21340;7.4;3.9
71;2021-03-08;1450;774;41873;22114;7.6;4.0
71;2021-03-09;2158;513;44031;22627;8.0;4.1
71;2021-03-10;2166;457;46197;23084;8.4;4.2
71;2021-03-11;2633;636;48830;23720;8.9;4.3
71;2021-03-12;2604;599;51434;24319;9.4;4.4
71;2021-03-13;992;96;52426;24415;9.6;4.5
71;2021-03-14;34;0;52460;24415;9.6;4.5
71;2021-03-15;1799;487;54259;24902;9.9;4.5
71;2021-03-16;1821;188;56080;25090;10.2;4.6
71;2021-03-17;2131;243;58211;25333;10.6;4.6
71;2021-03-18;1951;429;60162;25762;11.0;4.7
71;2021-03-19;2365;318;62527;26080;11.4;4.8
71;2021-03-20;1082;34;63609;26114;11.6;4.8
71;2021-03-21;15;5;63624;26119;11.6;4.8
71;2021-03-22;2573;357;66197;26476;12.1;4.8
71;2021-03-23;3346;488;69543;26964;12.7;4.9
71;2021-03-24;3344;447;72887;27411;13.3;5.0
71;2021-03-25;4018;572;76905;27983;14.0;5.1
71;2021-03-26;4044;322;80949;28305;14.8;5.2
71;2021-03-27;997;105;81946;28410;15.0;5.2
71;2021-03-28;54;8;82000;28418;15.0;5.2
71;2021-03-29;2399;1171;84399;29589;15.4;5.4
71;2021-03-30;2952;1338;87351;30927;15.9;5.6
71;2021-03-31;2552;1507;89903;32434;16.4;5.9
71;2021-04-01;2716;1289;92619;33723;16.9;6.2
71;2021-04-02;2502;1411;95121;35134;17.4;6.4
71;2021-04-03;266;33;95387;35167;17.4;6.4
71;2021-04-04;2;0;95389;35167;17.4;6.4
71;2021-04-05;59;0;95448;35167;17.4;6.4
71;2021-04-06;2263;1869;97711;37036;17.8;6.8
71;2021-04-07;2391;1790;100102;38826;18.3;7.1
71;2021-04-08;3281;1803;103383;40629;18.9;7.4
71;2021-04-09;4035;1662;107418;42291;19.6;7.7
71;2021-04-10;769;42;108187;42333;19.7;7.7
71;2021-04-11;99;3;108286;42336;19.8;7.7
71;2021-04-12;2347;1690;110633;44026;20.2;8.0
71;2021-04-13;2578;1886;113211;45912;20.7;8.4
71;2021-04-14;2361;1915;115572;47827;21.1;8.7
71;2021-04-15;2775;1680;118347;49507;21.6;9.0
71;2021-04-16;2623;1642;120970;51149;22.1;9.3
71;2021-04-17;951;342;121921;51491;22.3;9.4
71;2021-04-18;106;4;122027;51495;22.3;9.4
71;2021-04-19;1758;2576;123785;54071;22.6;9.9
71;2021-04-20;2218;2591;126003;56662;23.0;10.3
71;2021-04-21;2124;2594;128127;59256;23.4;10.8
71;2021-04-22;2513;2434;130640;61690;23.8;11.3
71;2021-04-23;2913;2256;133553;63946;24.4;11.7
71;2021-04-24;517;49;134070;63995;24.5;11.7
71;2021-04-25;24;0;134094;63995;24.5;11.7
71;2021-04-26;2564;2119;136658;66114;24.9;12.1
71;2021-04-27;2982;2252;139640;68366;25.5;12.5
71;2021-04-28;3073;2120;142713;70486;26.1;12.9
71;2021-04-29;3778;2222;146491;72708;26.7;13.3
71;2021-04-30;3926;1722;150417;74430;27.5;13.6
71;2021-05-01;37;52;150454;74482;27.5;13.6
71;2021-05-02;23;18;150477;74500;27.5;13.6
71;2021-05-03;4281;1368;154758;75868;28.2;13.8
71;2021-05-04;2958;2340;157716;78208;28.8;14.3
71;2021-05-05;3427;2081;161143;80289;29.4;14.7
71;2021-05-06;3458;2356;164601;82645;30.0;15.1
71;2021-05-07;3670;2808;168271;85453;30.7;15.6
71;2021-05-08;176;183;168447;85636;30.7;15.6
71;2021-05-09;43;47;168490;85683;30.8;15.6
71;2021-05-10;3697;2277;172187;87960;31.4;16.1
71;2021-05-11;4648;2326;176835;90286;32.3;16.5
71;2021-05-12;3977;2583;180812;92869;33.0;17.0
71;2021-05-13;1574;150;182386;93019;33.3;17.0
71;2021-05-14;3761;2185;186147;95204;34.0;17.4
71;2021-05-15;240;325;186387;95529;34.0;17.4
71;2021-05-16;1;0;186388;95529;34.0;17.4
71;2021-05-17;3863;1881;190251;97410;34.7;17.8
71;2021-05-18;3497;2421;193748;99831;35.4;18.2
71;2021-05-19;3718;2274;197466;102105;36.0;18.6
71;2021-05-20;4180;2292;201646;104397;36.8;19.1
71;2021-05-21;3719;2571;205365;106968;37.5;19.5
71;2021-05-22;168;306;205533;107274;37.5;19.6
71;2021-05-23;13;55;205546;107329;37.5;19.6
71;2021-05-24;18;96;205564;107425;37.5;19.6
71;2021-05-25;2691;3005;208255;110430;38.0;20.2
71;2021-05-26;2968;2428;211223;112858;38.6;20.6
71;2021-05-27;3388;2583;214611;115441;39.2;21.1
71;2021-05-28;2918;3159;217529;118600;39.7;21.6
71;2021-05-29;481;659;218010;119259;39.8;21.8
71;2021-05-30;75;57;218085;119316;39.8;21.8
71;2021-05-31;2769;3456;220854;122772;40.3;22.4
71;2021-06-01;3659;3542;224513;126314;41.0;23.1
71;2021-06-02;3993;2622;228506;128936;41.7;23.5
71;2021-06-03;4433;2527;232939;131463;42.5;24.0
71;2021-06-04;3713;3714;236652;135177;43.2;24.7
71;2021-06-05;674;641;237326;135818;43.3;24.8
71;2021-06-06;57;91;237383;135909;43.3;24.8
71;2021-06-07;3278;4143;240661;140052;43.9;25.6
71;2021-06-08;3893;4007;244554;144059;44.6;26.3
71;2021-06-09;4688;2747;249242;146806;45.5;26.8
71;2021-06-10;5264;2736;254506;149542;46.5;27.3
71;2021-06-11;4434;3719;258940;153261;47.3;28.0
71;2021-06-12;706;591;259646;153852;47.4;28.1
71;2021-06-13;101;186;259747;154038;47.4;28.1
71;2021-06-14;3510;3778;263257;157816;48.1;28.8
71;2021-06-15;4201;3566;267458;161382;48.8;29.5
71;2021-06-16;4591;2719;272049;164101;49.7;30.0
71;2021-06-17;4262;2997;276311;167098;50.4;30.5
71;2021-06-18;4318;3769;280629;170867;51.2;31.2
71;2021-06-19;1262;648;281891;171515;51.5;31.3
71;2021-06-20;37;27;281928;171542;51.5;31.3
71;2021-06-21;2267;4280;284195;175822;51.9;32.1
71;2021-06-22;2677;4353;286872;180175;52.4;32.9
71;2021-06-23;3058;3416;289930;183591;52.9;33.5
71;2021-06-24;3322;3023;293252;186614;53.5;34.1
71;2021-06-25;2646;4472;295898;191086;54.0;34.9
71;2021-06-26;368;550;296266;191636;54.1;35.0
71;2021-06-27;29;68;296295;191704;54.1;35.0
71;2021-06-28;1523;4623;297818;196327;54.4;35.8
71;2021-06-29;1977;4821;299795;201148;54.7;36.7
71;2021-06-30;2448;3932;302243;205080;55.2;37.4
71;2021-07-01;2614;3903;304857;208983;55.6;38.1
71;2021-07-02;2871;3979;307728;212962;56.2;38.9
71;2021-07-03;315;709;308043;213671;56.2;39.0
71;2021-07-04;27;133;308070;213804;56.2;39.0
71;2021-07-05;2459;4320;310529;218124;56.7;39.8
71;2021-07-06;2446;4575;312975;222699;57.1;40.7
71;2021-07-07;2942;3731;315917;226430;57.7;41.3
71;2021-07-08;2751;4113;318668;230543;58.2;42.1
71;2021-07-09;2284;5028;320952;235571;58.6;43.0
71;2021-07-10;199;654;321151;236225;58.6;43.1
71;2021-07-11;14;65;321165;236290;58.6;43.1
71;2021-07-12;1898;5315;323063;241605;59.0;44.1
71;2021-07-13;2512;5866;325575;247471;59.4;45.2
71;2021-07-14;945;396;326520;247867;59.6;45.2
71;2021-07-15;3008;5730;329528;253597;60.2;46.3
71;2021-07-16;3281;6011;332809;259608;60.8;47.4
71;2021-07-17;500;773;333309;260381;60.8;47.5
71;2021-07-18;87;92;333396;260473;60.9;47.5
71;2021-07-19;2852;5691;336248;266164;61.4;48.6
71;2021-07-20;3319;5917;339567;272081;62.0;49.7
71;2021-07-21;3389;5462;342956;277543;62.6;50.7
71;2021-07-22;3894;5320;346850;282863;63.3;51.6
71;2021-07-23;3184;5985;350034;288848;63.9;52.7
71;2021-07-24;514;564;350548;289412;64.0;52.8
71;2021-07-25;139;77;350687;289489;64.0;52.8
72;2020-12-27;0;0;0;0;0.0;0.0
72;2020-12-28;0;0;0;0;0.0;0.0
72;2020-12-29;0;0;0;0;0.0;0.0
72;2020-12-30;0;0;0;0;0.0;0.0
72;2020-12-31;0;0;0;0;0.0;0.0
72;2021-01-01;2;0;2;0;0.0;0.0
72;2021-01-02;0;0;2;0;0.0;0.0
72;2021-01-03;0;0;2;0;0.0;0.0
72;2021-01-04;0;0;2;0;0.0;0.0
72;2021-01-05;14;0;16;0;0.0;0.0
72;2021-01-06;27;0;43;0;0.0;0.0
72;2021-01-07;110;0;153;0;0.0;0.0
72;2021-01-08;232;0;385;0;0.1;0.0
72;2021-01-09;36;0;421;0;0.1;0.0
72;2021-01-10;0;0;421;0;0.1;0.0
72;2021-01-11;485;1;906;1;0.2;0.0
72;2021-01-12;614;0;1520;1;0.3;0.0
72;2021-01-13;500;1;2020;2;0.4;0.0
72;2021-01-14;643;3;2663;5;0.5;0.0
72;2021-01-15;478;1;3141;6;0.6;0.0
72;2021-01-16;92;0;3233;6;0.6;0.0
72;2021-01-17;0;0;3233;6;0.6;0.0
72;2021-01-18;293;0;3526;6;0.6;0.0
72;2021-01-19;773;2;4299;8;0.8;0.0
72;2021-01-20;1514;3;5813;11;1.0;0.0
72;2021-01-21;1741;5;7554;16;1.3;0.0
72;2021-01-22;1149;5;8703;21;1.6;0.0
72;2021-01-23;32;0;8735;21;1.6;0.0
72;2021-01-24;0;0;8735;21;1.6;0.0
72;2021-01-25;502;7;9237;28;1.6;0.0
72;2021-01-26;1165;22;10402;50;1.9;0.0
72;2021-01-27;882;19;11284;69;2.0;0.0
72;2021-01-28;776;68;12060;137;2.2;0.0
72;2021-01-29;712;69;12772;206;2.3;0.0
72;2021-01-30;58;0;12830;206;2.3;0.0
72;2021-01-31;1;0;12831;206;2.3;0.0
72;2021-02-01;498;229;13329;435;2.4;0.1
72;2021-02-02;506;296;13835;731;2.5;0.1
72;2021-02-03;482;229;14317;960;2.6;0.2
72;2021-02-04;475;342;14792;1302;2.6;0.2
72;2021-02-05;508;408;15300;1710;2.7;0.3
72;2021-02-06;83;14;15383;1724;2.7;0.3
72;2021-02-07;19;3;15402;1727;2.7;0.3
72;2021-02-08;309;407;15711;2134;2.8;0.4
72;2021-02-09;489;535;16200;2669;2.9;0.5
72;2021-02-10;549;926;16749;3595;3.0;0.6
72;2021-02-11;852;1350;17601;4945;3.1;0.9
72;2021-02-12;849;595;18450;5540;3.3;1.0
72;2021-02-13;108;38;18558;5578;3.3;1.0
72;2021-02-14;1;22;18559;5600;3.3;1.0
72;2021-02-15;220;504;18779;6104;3.4;1.1
72;2021-02-16;498;1030;19277;7134;3.4;1.3
72;2021-02-17;464;718;19741;7852;3.5;1.4
72;2021-02-18;594;638;20335;8490;3.6;1.5
72;2021-02-19;519;599;20854;9089;3.7;1.6
72;2021-02-20;79;57;20933;9146;3.7;1.6
72;2021-02-21;0;0;20933;9146;3.7;1.6
72;2021-02-22;325;584;21258;9730;3.8;1.7
72;2021-02-23;566;530;21824;10260;3.9;1.8
72;2021-02-24;431;470;22255;10730;4.0;1.9
72;2021-02-25;921;565;23176;11295;4.1;2.0
72;2021-02-26;600;514;23776;11809;4.2;2.1
72;2021-02-27;322;67;24098;11876;4.3;2.1
72;2021-02-28;15;17;24113;11893;4.3;2.1
72;2021-03-01;376;483;24489;12376;4.4;2.2
72;2021-03-02;502;604;24991;12980;4.5;2.3
72;2021-03-03;730;647;25721;13627;4.6;2.4
72;2021-03-04;736;782;26457;14409;4.7;2.6
72;2021-03-05;936;768;27393;15177;4.9;2.7
72;2021-03-06;756;132;28149;15309;5.0;2.7
72;2021-03-07;447;24;28596;15333;5.1;2.7
72;2021-03-08;559;466;29155;15799;5.2;2.8
72;2021-03-09;1036;653;30191;16452;5.4;2.9
72;2021-03-10;1133;662;31324;17114;5.6;3.1
72;2021-03-11;1605;489;32929;17603;5.9;3.1
72;2021-03-12;1361;510;34290;18113;6.1;3.2
72;2021-03-13;980;114;35270;18227;6.3;3.3
72;2021-03-14;14;10;35284;18237;6.3;3.3
72;2021-03-15;1156;220;36440;18457;6.5;3.3
72;2021-03-16;1051;189;37491;18646;6.7;3.3
72;2021-03-17;1029;257;38520;18903;6.9;3.4
72;2021-03-18;1087;369;39607;19272;7.1;3.4
72;2021-03-19;1268;288;40875;19560;7.3;3.5
72;2021-03-20;486;90;41361;19650;7.4;3.5
72;2021-03-21;19;0;41380;19650;7.4;3.5
72;2021-03-22;1348;340;42728;19990;7.6;3.6
72;2021-03-23;1721;475;44449;20465;7.9;3.7
72;2021-03-24;1837;299;46286;20764;8.3;3.7
72;2021-03-25;2446;454;48732;21218;8.7;3.8
72;2021-03-26;2333;371;51065;21589;9.1;3.9
72;2021-03-27;611;28;51676;21617;9.2;3.9
72;2021-03-28;22;0;51698;21617;9.2;3.9
72;2021-03-29;1614;376;53312;21993;9.5;3.9
72;2021-03-30;2493;383;55805;22376;10.0;4.0
72;2021-03-31;2132;357;57937;22733;10.3;4.1
72;2021-04-01;2830;328;60767;23061;10.8;4.1
72;2021-04-02;2247;387;63014;23448;11.2;4.2
72;2021-04-03;289;37;63303;23485;11.3;4.2
72;2021-04-04;14;3;63317;23488;11.3;4.2
72;2021-04-05;51;49;63368;23537;11.3;4.2
72;2021-04-06;1759;463;65127;24000;11.6;4.3
72;2021-04-07;2555;585;67682;24585;12.1;4.4
72;2021-04-08;2713;765;70395;25350;12.6;4.5
72;2021-04-09;3860;562;74255;25912;13.3;4.6
72;2021-04-10;1111;46;75366;25958;13.5;4.6
72;2021-04-11;7;1;75373;25959;13.5;4.6
72;2021-04-12;1846;894;77219;26853;13.8;4.8
72;2021-04-13;2357;1067;79576;27920;14.2;5.0
72;2021-04-14;2248;1090;81824;29010;14.6;5.2
72;2021-04-15;2419;1105;84243;30115;15.0;5.4
72;2021-04-16;2562;955;86805;31070;15.5;5.5
72;2021-04-17;707;140;87512;31210;15.6;5.6
72;2021-04-18;57;1;87569;31211;15.6;5.6
72;2021-04-19;1396;1094;88965;32305;15.9;5.8
72;2021-04-20;2999;1291;91964;33596;16.4;6.0
72;2021-04-21;2515;1555;94479;35151;16.9;6.3
72;2021-04-22;2814;1787;97293;36938;17.4;6.6
72;2021-04-23;3205;1443;100498;38381;17.9;6.9
72;2021-04-24;1400;263;101898;38644;18.2;6.9
72;2021-04-25;881;19;102779;38663;18.3;6.9
72;2021-04-26;3508;1467;106287;40130;19.0;7.2
72;2021-04-27;4086;1855;110373;41985;19.7;7.5
72;2021-04-28;3832;1858;114205;43843;20.4;7.8
72;2021-04-29;4160;1803;118365;45646;21.1;8.1
72;2021-04-30;3609;1707;121974;47353;21.8;8.5
72;2021-05-01;1642;219;123616;47572;22.1;8.5
72;2021-05-02;1533;156;125149;47728;22.3;8.5
72;2021-05-03;3460;1149;128609;48877;23.0;8.7
72;2021-05-04;4012;1794;132621;50671;23.7;9.0
72;2021-05-05;3869;2178;136490;52849;24.4;9.4
72;2021-05-06;3596;1933;140086;54782;25.0;9.8
72;2021-05-07;3545;2145;143631;56927;25.6;10.2
72;2021-05-08;1902;149;145533;57076;26.0;10.2
72;2021-05-09;2082;200;147615;57276;26.3;10.2
72;2021-05-10;3771;1517;151386;58793;27.0;10.5
72;2021-05-11;4597;1987;155983;60780;27.8;10.8
72;2021-05-12;4079;1819;160062;62599;28.6;11.2
72;2021-05-13;3031;269;163093;62868;29.1;11.2
72;2021-05-14;3663;1380;166756;64248;29.8;11.5
72;2021-05-15;3121;356;169877;64604;30.3;11.5
72;2021-05-16;2501;152;172378;64756;30.8;11.6
72;2021-05-17;3724;1278;176102;66034;31.4;11.8
72;2021-05-18;4332;1678;180434;67712;32.2;12.1
72;2021-05-19;3977;1504;184411;69216;32.9;12.4
72;2021-05-20;4259;1449;188670;70665;33.7;12.6
72;2021-05-21;3790;1381;192460;72046;34.4;12.9
72;2021-05-22;2560;504;195020;72550;34.8;13.0
72;2021-05-23;1391;162;196411;72712;35.1;13.0
72;2021-05-24;2351;294;198762;73006;35.5;13.0
72;2021-05-25;4073;1407;202835;74413;36.2;13.3
72;2021-05-26;4094;1404;206929;75817;36.9;13.5
72;2021-05-27;4345;2045;211274;77862;37.7;13.9
72;2021-05-28;4106;2018;215380;79880;38.4;14.3
72;2021-05-29;2665;807;218045;80687;38.9;14.4
72;2021-05-30;1142;871;219187;81558;39.1;14.6
72;2021-05-31;3119;2329;222306;83887;39.7;15.0
72;2021-06-01;3564;2667;225870;86554;40.3;15.4
72;2021-06-02;3607;2779;229477;89333;41.0;15.9
72;2021-06-03;4240;2998;233717;92331;41.7;16.5
72;2021-06-04;3891;2751;237608;95082;42.4;17.0
72;2021-06-05;1438;2568;239046;97650;42.7;17.4
72;2021-06-06;909;1538;239955;99188;42.8;17.7
72;2021-06-07;1748;3417;241703;102605;43.1;18.3
72;2021-06-08;2926;3830;244629;106435;43.7;19.0
72;2021-06-09;2646;3362;247275;109797;44.1;19.6
72;2021-06-10;2829;3306;250104;113103;44.6;20.2
72;2021-06-11;2840;3770;252944;116873;45.2;20.9
72;2021-06-12;1241;2598;254185;119471;45.4;21.3
72;2021-06-13;387;1859;254572;121330;45.4;21.7
72;2021-06-14;1324;4126;255896;125456;45.7;22.4
72;2021-06-15;2753;3512;258649;128968;46.2;23.0
72;2021-06-16;2425;3570;261074;132538;46.6;23.7
72;2021-06-17;2318;3873;263392;136411;47.0;24.3
72;2021-06-18;2304;4305;265696;140716;47.4;25.1
72;2021-06-19;1125;2764;266821;143480;47.6;25.6
72;2021-06-20;338;2055;267159;145535;47.7;26.0
72;2021-06-21;1562;4031;268721;149566;48.0;26.7
72;2021-06-22;1707;4996;270428;154562;48.3;27.6
72;2021-06-23;1998;4229;272426;158791;48.6;28.3
72;2021-06-24;2222;4016;274648;162807;49.0;29.1
72;2021-06-25;1764;4848;276412;167655;49.3;29.9
72;2021-06-26;1186;2875;277598;170530;49.6;30.4
72;2021-06-27;391;2116;277989;172646;49.6;30.8
72;2021-06-28;1436;4300;279425;176946;49.9;31.6
72;2021-06-29;1759;4754;281184;181700;50.2;32.4
72;2021-06-30;1969;4175;283153;185875;50.5;33.2
72;2021-07-01;1932;4424;285085;190299;50.9;34.0
72;2021-07-02;1844;4726;286929;195025;51.2;34.8
72;2021-07-03;1287;3123;288216;198148;51.4;35.4
72;2021-07-04;582;1948;288798;200096;51.6;35.7
72;2021-07-05;1183;4176;289981;204272;51.8;36.5
72;2021-07-06;1455;5170;291436;209442;52.0;37.4
72;2021-07-07;1577;4615;293013;214057;52.3;38.2
72;2021-07-08;1644;4333;294657;218390;52.6;39.0
72;2021-07-09;2091;4626;296748;223016;53.0;39.8
72;2021-07-10;1583;2694;298331;225710;53.3;40.3
72;2021-07-11;948;1590;299279;227300;53.4;40.6
72;2021-07-12;1592;3754;300871;231054;53.7;41.2
72;2021-07-13;2078;4776;302949;235830;54.1;42.1
72;2021-07-14;1315;2366;304264;238196;54.3;42.5
72;2021-07-15;3471;3424;307735;241620;54.9;43.1
72;2021-07-16;3156;4124;310891;245744;55.5;43.9
72;2021-07-17;2626;1762;313517;247506;56.0;44.2
72;2021-07-18;1705;815;315222;248321;56.3;44.3
72;2021-07-19;2903;3508;318125;251829;56.8;45.0
72;2021-07-20;3023;4283;321148;256112;57.3;45.7
72;2021-07-21;2868;3592;324016;259704;57.8;46.4
72;2021-07-22;3745;2903;327761;262607;58.5;46.9
72;2021-07-23;3439;3776;331200;266383;59.1;47.5
72;2021-07-24;2811;1457;334011;267840;59.6;47.8
72;2021-07-25;1443;1067;335454;268907;59.9;48.0
73;2020-12-27;0;0;0;0;0.0;0.0
73;2020-12-28;0;0;0;0;0.0;0.0
73;2020-12-29;0;0;0;0;0.0;0.0
73;2020-12-30;0;0;0;0;0.0;0.0
73;2020-12-31;0;0;0;0;0.0;0.0
73;2021-01-01;0;0;0;0;0.0;0.0
73;2021-01-02;0;0;0;0;0.0;0.0
73;2021-01-03;0;0;0;0;0.0;0.0
73;2021-01-04;1;0;1;0;0.0;0.0
73;2021-01-05;0;0;1;0;0.0;0.0
73;2021-01-06;1;0;2;0;0.0;0.0
73;2021-01-07;30;0;32;0;0.0;0.0
73;2021-01-08;81;0;113;0;0.0;0.0
73;2021-01-09;0;0;113;0;0.0;0.0
73;2021-01-10;0;0;113;0;0.0;0.0
73;2021-01-11;85;0;198;0;0.0;0.0
73;2021-01-12;303;1;501;1;0.1;0.0
73;2021-01-13;356;1;857;2;0.2;0.0
73;2021-01-14;509;2;1366;4;0.3;0.0
73;2021-01-15;616;1;1982;5;0.5;0.0
73;2021-01-16;127;0;2109;5;0.5;0.0
73;2021-01-17;0;0;2109;5;0.5;0.0
73;2021-01-18;624;0;2733;5;0.6;0.0
73;2021-01-19;1237;3;3970;8;0.9;0.0
73;2021-01-20;951;1;4921;9;1.1;0.0
73;2021-01-21;980;5;5901;14;1.4;0.0
73;2021-01-22;943;0;6844;14;1.6;0.0
73;2021-01-23;387;0;7231;14;1.7;0.0
73;2021-01-24;0;0;7231;14;1.7;0.0
73;2021-01-25;655;5;7886;19;1.8;0.0
73;2021-01-26;760;2;8646;21;2.0;0.0
73;2021-01-27;1104;4;9750;25;2.3;0.0
73;2021-01-28;960;5;10710;30;2.5;0.0
73;2021-01-29;683;5;11393;35;2.6;0.0
73;2021-01-30;345;3;11738;38;2.7;0.0
73;2021-01-31;0;0;11738;38;2.7;0.0
73;2021-02-01;620;40;12358;78;2.9;0.0
73;2021-02-02;750;321;13108;399;3.0;0.1
73;2021-02-03;653;349;13761;748;3.2;0.2
73;2021-02-04;624;234;14385;982;3.3;0.2
73;2021-02-05;678;409;15063;1391;3.5;0.3
73;2021-02-06;261;38;15324;1429;3.5;0.3
73;2021-02-07;0;0;15324;1429;3.5;0.3
73;2021-02-08;520;254;15844;1683;3.7;0.4
73;2021-02-09;793;445;16637;2128;3.8;0.5
73;2021-02-10;890;394;17527;2522;4.1;0.6
73;2021-02-11;957;707;18484;3229;4.3;0.7
73;2021-02-12;810;496;19294;3725;4.5;0.9
73;2021-02-13;263;58;19557;3783;4.5;0.9
73;2021-02-14;1;0;19558;3783;4.5;0.9
73;2021-02-15;345;529;19903;4312;4.6;1.0
73;2021-02-16;453;742;20356;5054;4.7;1.2
73;2021-02-17;450;959;20806;6013;4.8;1.4
73;2021-02-18;468;554;21274;6567;4.9;1.5
73;2021-02-19;445;634;21719;7201;5.0;1.7
73;2021-02-20;70;249;21789;7450;5.0;1.7
73;2021-02-21;0;0;21789;7450;5.0;1.7
73;2021-02-22;240;439;22029;7889;5.1;1.8
73;2021-02-23;324;518;22353;8407;5.2;1.9
73;2021-02-24;485;747;22838;9154;5.3;2.1
73;2021-02-25;501;500;23339;9654;5.4;2.2
73;2021-02-26;730;566;24069;10220;5.6;2.4
73;2021-02-27;331;238;24400;10458;5.6;2.4
73;2021-02-28;1;1;24401;10459;5.6;2.4
73;2021-03-01;556;514;24957;10973;5.8;2.5
73;2021-03-02;665;892;25622;11865;5.9;2.7
73;2021-03-03;642;1192;26264;13057;6.1;3.0
73;2021-03-04;1030;892;27294;13949;6.3;3.2
73;2021-03-05;1234;603;28528;14552;6.6;3.4
73;2021-03-06;1092;327;29620;14879;6.8;3.4
73;2021-03-07;452;89;30072;14968;7.0;3.5
73;2021-03-08;606;424;30678;15392;7.1;3.6
73;2021-03-09;984;535;31662;15927;7.3;3.7
73;2021-03-10;1035;863;32697;16790;7.6;3.9
73;2021-03-11;1554;654;34251;17444;7.9;4.0
73;2021-03-12;2016;528;36267;17972;8.4;4.2
73;2021-03-13;1174;198;37441;18170;8.7;4.2
73;2021-03-14;65;3;37506;18173;8.7;4.2
73;2021-03-15;1181;388;38687;18561;8.9;4.3
73;2021-03-16;791;397;39478;18958;9.1;4.4
73;2021-03-17;875;474;40353;19432;9.3;4.5
73;2021-03-18;1348;253;41701;19685;9.6;4.6
73;2021-03-19;1765;385;43466;20070;10.0;4.6
73;2021-03-20;886;127;44352;20197;10.3;4.7
73;2021-03-21;123;2;44475;20199;10.3;4.7
73;2021-03-22;1181;389;45656;20588;10.6;4.8
73;2021-03-23;1444;225;47100;20813;10.9;4.8
73;2021-03-24;1592;341;48692;21154;11.3;4.9
73;2021-03-25;2055;376;50747;21530;11.7;5.0
73;2021-03-26;2471;354;53218;21884;12.3;5.1
73;2021-03-27;886;141;54104;22025;12.5;5.1
73;2021-03-28;309;10;54413;22035;12.6;5.1
73;2021-03-29;1506;233;55919;22268;12.9;5.1
73;2021-03-30;2082;473;58001;22741;13.4;5.3
73;2021-03-31;2089;383;60090;23124;13.9;5.3
73;2021-04-01;2081;326;62171;23450;14.4;5.4
73;2021-04-02;2352;211;64523;23661;14.9;5.5
73;2021-04-03;848;143;65371;23804;15.1;5.5
73;2021-04-04;187;17;65558;23821;15.2;5.5
73;2021-04-05;211;25;65769;23846;15.2;5.5
73;2021-04-06;1499;490;67268;24336;15.6;5.6
73;2021-04-07;1942;637;69210;24973;16.0;5.8
73;2021-04-08;2487;803;71697;25776;16.6;6.0
73;2021-04-09;3058;496;74755;26272;17.3;6.1
73;2021-04-10;1133;306;75888;26578;17.5;6.1
73;2021-04-11;163;8;76051;26586;17.6;6.1
73;2021-04-12;1697;970;77748;27556;18.0;6.4
73;2021-04-13;1889;1121;79637;28677;18.4;6.6
73;2021-04-14;2016;1080;81653;29757;18.9;6.9
73;2021-04-15;2413;1159;84066;30916;19.4;7.1
73;2021-04-16;1892;918;85958;31834;19.9;7.4
73;2021-04-17;1175;553;87133;32387;20.1;7.5
73;2021-04-18;155;75;87288;32462;20.2;7.5
73;2021-04-19;1379;1048;88667;33510;20.5;7.7
73;2021-04-20;1789;1303;90456;34813;20.9;8.0
73;2021-04-21;1574;1297;92030;36110;21.3;8.3
73;2021-04-22;1813;1219;93843;37329;21.7;8.6
73;2021-04-23;1887;1244;95730;38573;22.1;8.9
73;2021-04-24;980;668;96710;39241;22.4;9.1
73;2021-04-25;79;97;96789;39338;22.4;9.1
73;2021-04-26;1166;1317;97955;40655;22.6;9.4
73;2021-04-27;1442;1464;99397;42119;23.0;9.7
73;2021-04-28;1732;1458;101129;43577;23.4;10.1
73;2021-04-29;2411;1559;103540;45136;23.9;10.4
73;2021-04-30;2390;1432;105930;46568;24.5;10.8
73;2021-05-01;1067;304;106997;46872;24.7;10.8
73;2021-05-02;34;164;107031;47036;24.7;10.9
73;2021-05-03;1394;1590;108425;48626;25.1;11.2
73;2021-05-04;1707;1825;110132;50451;25.5;11.7
73;2021-05-05;1971;1685;112103;52136;25.9;12.1
73;2021-05-06;2428;1699;114531;53835;26.5;12.4
73;2021-05-07;2260;1848;116791;55683;27.0;12.9
73;2021-05-08;1836;375;118627;56058;27.4;13.0
73;2021-05-09;127;122;118754;56180;27.5;13.0
73;2021-05-10;1604;1884;120358;58064;27.8;13.4
73;2021-05-11;2379;2363;122737;60427;28.4;14.0
73;2021-05-12;3549;2084;126286;62511;29.2;14.5
73;2021-05-13;1554;272;127840;62783;29.6;14.5
73;2021-05-14;1585;1490;129425;64273;29.9;14.9
73;2021-05-15;1442;942;130867;65215;30.3;15.1
73;2021-05-16;131;62;130998;65277;30.3;15.1
73;2021-05-17;1705;1949;132703;67226;30.7;15.5
73;2021-05-18;2496;1731;135199;68957;31.3;15.9
73;2021-05-19;2540;1623;137739;70580;31.8;16.3
73;2021-05-20;3161;1501;140900;72081;32.6;16.7
73;2021-05-21;2472;1847;143372;73928;33.1;17.1
73;2021-05-22;1990;921;145362;74849;33.6;17.3
73;2021-05-23;211;14;145573;74863;33.7;17.3
73;2021-05-24;2563;329;148136;75192;34.2;17.4
73;2021-05-25;2137;1740;150273;76932;34.7;17.8
73;2021-05-26;2342;2000;152615;78932;35.3;18.2
73;2021-05-27;3080;1711;155695;80643;36.0;18.6
73;2021-05-28;2917;2372;158612;83015;36.7;19.2
73;2021-05-29;2316;1322;160928;84337;37.2;19.5
73;2021-05-30;185;14;161113;84351;37.2;19.5
73;2021-05-31;2411;1627;163524;85978;37.8;19.9
73;2021-06-01;3177;1789;166701;87767;38.5;20.3
73;2021-06-02;3092;1458;169793;89225;39.3;20.6
73;2021-06-03;4418;1742;174211;90967;40.3;21.0
73;2021-06-04;4269;2177;178480;93144;41.3;21.5
73;2021-06-05;3155;1278;181635;94422;42.0;21.8
73;2021-06-06;1880;297;183515;94719;42.4;21.9
73;2021-06-07;2750;2147;186265;96866;43.1;22.4
73;2021-06-08;2685;1875;188950;98741;43.7;22.8
73;2021-06-09;2359;1788;191309;100529;44.2;23.2
73;2021-06-10;1980;1651;193289;102180;44.7;23.6
73;2021-06-11;2177;2441;195466;104621;45.2;24.2
73;2021-06-12;2243;1328;197709;105949;45.7;24.5
73;2021-06-13;44;82;197753;106031;45.7;24.5
73;2021-06-14;1345;2931;199098;108962;46.0;25.2
73;2021-06-15;1588;2752;200686;111714;46.4;25.8
73;2021-06-16;1462;2569;202148;114283;46.7;26.4
73;2021-06-17;938;1728;203086;116011;47.0;26.8
73;2021-06-18;1873;2936;204959;118947;47.4;27.5
73;2021-06-19;1408;1990;206367;120937;47.7;28.0
73;2021-06-20;447;306;206814;121243;47.8;28.0
73;2021-06-21;1108;2940;207922;124183;48.1;28.7
73;2021-06-22;1084;2875;209006;127058;48.3;29.4
73;2021-06-23;1078;3135;210084;130193;48.6;30.1
73;2021-06-24;872;1793;210956;131986;48.8;30.5
73;2021-06-25;1254;2800;212210;134786;49.1;31.2
73;2021-06-26;936;2396;213146;137182;49.3;31.7
73;2021-06-27;318;548;213464;137730;49.4;31.8
73;2021-06-28;960;3564;214424;141294;49.6;32.7
73;2021-06-29;1068;3342;215492;144636;49.8;33.4
73;2021-06-30;1179;3126;216671;147762;50.1;34.2
73;2021-07-01;1131;2363;217802;150125;50.4;34.7
73;2021-07-02;1200;3626;219002;153751;50.6;35.5
73;2021-07-03;952;2795;219954;156546;50.9;36.2
73;2021-07-04;300;619;220254;157165;50.9;36.3
73;2021-07-05;1140;3685;221394;160850;51.2;37.2
73;2021-07-06;1232;2946;222626;163796;51.5;37.9
73;2021-07-07;1423;2952;224049;166748;51.8;38.6
73;2021-07-08;1360;2299;225409;169047;52.1;39.1
73;2021-07-09;1415;4025;226824;173072;52.4;40.0
73;2021-07-10;876;3011;227700;176083;52.6;40.7
73;2021-07-11;559;1469;228259;177552;52.8;41.0
73;2021-07-12;1050;4207;229309;181759;53.0;42.0
73;2021-07-13;1714;4228;231023;185987;53.4;43.0
73;2021-07-14;1833;1911;232856;187898;53.8;43.4
73;2021-07-15;2724;3798;235580;191696;54.5;44.3
73;2021-07-16;2393;4001;237973;195697;55.0;45.2
73;2021-07-17;1500;2598;239473;198295;55.4;45.8
73;2021-07-18;1175;1210;240648;199505;55.6;46.1
73;2021-07-19;2420;3232;243068;202737;56.2;46.9
73;2021-07-20;3343;2835;246411;205572;57.0;47.5
73;2021-07-21;3355;2755;249766;208327;57.7;48.2
73;2021-07-22;2658;2184;252424;210511;58.4;48.7
73;2021-07-23;3372;2880;255796;213391;59.1;49.3
73;2021-07-24;2031;2252;257827;215643;59.6;49.9
73;2021-07-25;619;784;258446;216427;59.7;50.0
74;2020-12-27;1;0;1;0;0.0;0.0
74;2020-12-28;1;0;2;0;0.0;0.0
74;2020-12-29;0;0;2;0;0.0;0.0
74;2020-12-30;0;0;2;0;0.0;0.0
74;2020-12-31;0;0;2;0;0.0;0.0
74;2021-01-01;0;0;2;0;0.0;0.0
74;2021-01-02;1;1;3;1;0.0;0.0
74;2021-01-03;0;0;3;1;0.0;0.0
74;2021-01-04;0;0;3;1;0.0;0.0
74;2021-01-05;0;0;3;1;0.0;0.0
74;2021-01-06;44;0;47;1;0.0;0.0
74;2021-01-07;218;1;265;2;0.0;0.0
74;2021-01-08;291;1;556;3;0.1;0.0
74;2021-01-09;78;0;634;3;0.1;0.0
74;2021-01-10;73;0;707;3;0.1;0.0
74;2021-01-11;372;0;1079;3;0.1;0.0
74;2021-01-12;403;3;1482;6;0.2;0.0
74;2021-01-13;395;0;1877;6;0.2;0.0
74;2021-01-14;457;1;2334;7;0.3;0.0
74;2021-01-15;638;4;2972;11;0.4;0.0
74;2021-01-16;250;1;3222;12;0.4;0.0
74;2021-01-17;129;1;3351;13;0.4;0.0
74;2021-01-18;521;0;3872;13;0.5;0.0
74;2021-01-19;808;2;4680;15;0.6;0.0
74;2021-01-20;1274;4;5954;19;0.7;0.0
74;2021-01-21;1540;1;7494;20;0.9;0.0
74;2021-01-22;1212;6;8706;26;1.1;0.0
74;2021-01-23;342;1;9048;27;1.1;0.0
74;2021-01-24;90;0;9138;27;1.1;0.0
74;2021-01-25;795;2;9933;29;1.2;0.0
74;2021-01-26;1352;11;11285;40;1.4;0.0
74;2021-01-27;1072;10;12357;50;1.5;0.0
74;2021-01-28;984;30;13341;80;1.6;0.0
74;2021-01-29;873;42;14214;122;1.7;0.0
74;2021-01-30;303;1;14517;123;1.8;0.0
74;2021-01-31;84;0;14601;123;1.8;0.0
74;2021-02-01;622;44;15223;167;1.8;0.0
74;2021-02-02;639;155;15862;322;1.9;0.0
74;2021-02-03;600;123;16462;445;2.0;0.1
74;2021-02-04;610;135;17072;580;2.1;0.1
74;2021-02-05;542;227;17614;807;2.1;0.1
74;2021-02-06;266;140;17880;947;2.2;0.1
74;2021-02-07;93;127;17973;1074;2.2;0.1
74;2021-02-08;613;350;18586;1424;2.2;0.2
74;2021-02-09;535;534;19121;1958;2.3;0.2
74;2021-02-10;684;523;19805;2481;2.4;0.3
74;2021-02-11;1055;1018;20860;3499;2.5;0.4
74;2021-02-12;904;617;21764;4116;2.6;0.5
74;2021-02-13;398;240;22162;4356;2.7;0.5
74;2021-02-14;314;111;22476;4467;2.7;0.5
74;2021-02-15;275;855;22751;5322;2.7;0.6
74;2021-02-16;486;1070;23237;6392;2.8;0.8
74;2021-02-17;535;1112;23772;7504;2.9;0.9
74;2021-02-18;471;991;24243;8495;2.9;1.0
74;2021-02-19;618;656;24861;9151;3.0;1.1
74;2021-02-20;114;192;24975;9343;3.0;1.1
74;2021-02-21;46;62;25021;9405;3.0;1.1
74;2021-02-22;316;786;25337;10191;3.1;1.2
74;2021-02-23;301;827;25638;11018;3.1;1.3
74;2021-02-24;239;679;25877;11697;3.1;1.4
74;2021-02-25;517;748;26394;12445;3.2;1.5
74;2021-02-26;968;699;27362;13144;3.3;1.6
74;2021-02-27;253;186;27615;13330;3.3;1.6
74;2021-02-28;124;70;27739;13400;3.3;1.6
74;2021-03-01;718;626;28457;14026;3.4;1.7
74;2021-03-02;1087;680;29544;14706;3.6;1.8
74;2021-03-03;1010;630;30554;15336;3.7;1.9
74;2021-03-04;1603;1004;32157;16340;3.9;2.0
74;2021-03-05;2083;885;34240;17225;4.1;2.1
74;2021-03-06;1747;310;35987;17535;4.3;2.1
74;2021-03-07;1382;101;37369;17636;4.5;2.1
74;2021-03-08;1191;956;38560;18592;4.7;2.2
74;2021-03-09;1934;656;40494;19248;4.9;2.3
74;2021-03-10;1736;891;42230;20139;5.1;2.4
74;2021-03-11;2437;696;44667;20835;5.4;2.5
74;2021-03-12;3236;994;47903;21829;5.8;2.6
74;2021-03-13;1989;258;49892;22087;6.0;2.7
74;2021-03-14;605;99;50497;22186;6.1;2.7
74;2021-03-15;2114;543;52611;22729;6.4;2.7
74;2021-03-16;1949;392;54560;23121;6.6;2.8
74;2021-03-17;1966;297;56526;23418;6.8;2.8
74;2021-03-18;2124;275;58650;23693;7.1;2.9
74;2021-03-19;2618;270;61268;23963;7.4;2.9
74;2021-03-20;1372;87;62640;24050;7.6;2.9
74;2021-03-21;286;29;62926;24079;7.6;2.9
74;2021-03-22;2040;308;64966;24387;7.8;2.9
74;2021-03-23;2713;307;67679;24694;8.2;3.0
74;2021-03-24;2929;276;70608;24970;8.5;3.0
74;2021-03-25;3863;279;74471;25249;9.0;3.0
74;2021-03-26;4086;385;78557;25634;9.5;3.1
74;2021-03-27;1935;241;80492;25875;9.7;3.1
74;2021-03-28;436;76;80928;25951;9.8;3.1
74;2021-03-29;3026;699;83954;26650;10.1;3.2
74;2021-03-30;3534;739;87488;27389;10.6;3.3
74;2021-03-31;3131;703;90619;28092;10.9;3.4
74;2021-04-01;4204;843;94823;28935;11.4;3.5
74;2021-04-02;3685;752;98508;29687;11.9;3.6
74;2021-04-03;1691;521;100199;30208;12.1;3.6
74;2021-04-04;235;119;100434;30327;12.1;3.7
74;2021-04-05;431;14;100865;30341;12.2;3.7
74;2021-04-06;2616;1187;103481;31528;12.5;3.8
74;2021-04-07;3179;1204;106660;32732;12.9;4.0
74;2021-04-08;3849;1158;110509;33890;13.3;4.1
74;2021-04-09;4087;1146;114596;35036;13.8;4.2
74;2021-04-10;1940;1025;116536;36061;14.1;4.4
74;2021-04-11;252;182;116788;36243;14.1;4.4
74;2021-04-12;2703;1756;119491;37999;14.4;4.6
74;2021-04-13;3100;2068;122591;40067;14.8;4.8
74;2021-04-14;2886;1931;125477;41998;15.1;5.1
74;2021-04-15;3412;1872;128889;43870;15.6;5.3
74;2021-04-16;3370;1750;132259;45620;16.0;5.5
74;2021-04-17;1926;1024;134185;46644;16.2;5.6
74;2021-04-18;216;203;134401;46847;16.2;5.7
74;2021-04-19;2092;2083;136493;48930;16.5;5.9
74;2021-04-20;3054;2399;139547;51329;16.8;6.2
74;2021-04-21;2454;2365;142001;53694;17.1;6.5
74;2021-04-22;2621;2298;144622;55992;17.5;6.8
74;2021-04-23;2552;2233;147174;58225;17.8;7.0
74;2021-04-24;1483;1530;148657;59755;17.9;7.2
74;2021-04-25;223;149;148880;59904;18.0;7.2
74;2021-04-26;2385;2437;151265;62341;18.3;7.5
74;2021-04-27;3257;2880;154522;65221;18.7;7.9
74;2021-04-28;3456;2607;157978;67828;19.1;8.2
74;2021-04-29;3906;2643;161884;70471;19.5;8.5
74;2021-04-30;4073;2183;165957;72654;20.0;8.8
74;2021-05-01;2115;353;168072;73007;20.3;8.8
74;2021-05-02;204;234;168276;73241;20.3;8.8
74;2021-05-03;2593;2988;170869;76229;20.6;9.2
74;2021-05-04;3220;3077;174089;79306;21.0;9.6
74;2021-05-05;3396;2997;177485;82303;21.4;9.9
74;2021-05-06;3849;2607;181334;84910;21.9;10.2
74;2021-05-07;3596;3519;184930;88429;22.3;10.7
74;2021-05-08;1149;818;186079;89247;22.5;10.8
74;2021-05-09;191;248;186270;89495;22.5;10.8
74;2021-05-10;3468;3126;189738;92621;22.9;11.2
74;2021-05-11;4316;3418;194054;96039;23.4;11.6
74;2021-05-12;5289;2949;199343;98988;24.1;11.9
74;2021-05-13;2358;941;201701;99929;24.3;12.1
74;2021-05-14;5940;2380;207641;102309;25.1;12.4
74;2021-05-15;4512;1848;212153;104157;25.6;12.6
74;2021-05-16;3000;329;215153;104486;26.0;12.6
74;2021-05-17;5393;2862;220546;107348;26.6;13.0
74;2021-05-18;6770;2789;227316;110137;27.4;13.3
74;2021-05-19;6222;2283;233538;112420;28.2;13.6
74;2021-05-20;6634;2531;240172;114951;29.0;13.9
74;2021-05-21;6519;2973;246691;117924;29.8;14.2
74;2021-05-22;5288;1565;251979;119489;30.4;14.4
74;2021-05-23;2049;283;254028;119772;30.7;14.5
74;2021-05-24;2357;656;256385;120428;30.9;14.5
74;2021-05-25;5064;3327;261449;123755;31.6;14.9
74;2021-05-26;5240;2552;266689;126307;32.2;15.2
74;2021-05-27;5994;2980;272683;129287;32.9;15.6
74;2021-05-28;5660;3577;278343;132864;33.6;16.0
74;2021-05-29;3794;2143;282137;135007;34.1;16.3
74;2021-05-30;485;306;282622;135313;34.1;16.3
74;2021-05-31;5066;3547;287688;138860;34.7;16.8
74;2021-06-01;4918;3714;292606;142574;35.3;17.2
74;2021-06-02;5251;3192;297857;145766;36.0;17.6
74;2021-06-03;6882;3243;304739;149009;36.8;18.0
74;2021-06-04;6892;4419;311631;153428;37.6;18.5
74;2021-06-05;4607;2711;316238;156139;38.2;18.8
74;2021-06-06;122;113;316360;156252;38.2;18.9
74;2021-06-07;5023;4141;321383;160393;38.8;19.4
74;2021-06-08;5013;3941;326396;164334;39.4;19.8
74;2021-06-09;5060;3484;331456;167818;40.0;20.3
74;2021-06-10;5102;2860;336558;170678;40.6;20.6
74;2021-06-11;5199;3795;341757;174473;41.3;21.1
74;2021-06-12;3563;2378;345320;176851;41.7;21.3
74;2021-06-13;118;88;345438;176939;41.7;21.4
74;2021-06-14;3581;4482;349019;181421;42.1;21.9
74;2021-06-15;3654;3893;352673;185314;42.6;22.4
74;2021-06-16;4790;3116;357463;188430;43.2;22.7
74;2021-06-17;3796;2945;361259;191375;43.6;23.1
74;2021-06-18;4089;4660;365348;196035;44.1;23.7
74;2021-06-19;2979;3100;368327;199135;44.5;24.0
74;2021-06-20;121;97;368448;199232;44.5;24.1
74;2021-06-21;2368;5426;370816;204658;44.8;24.7
74;2021-06-22;2462;5312;373278;209970;45.1;25.3
74;2021-06-23;2930;4614;376208;214584;45.4;25.9
74;2021-06-24;2821;4622;379029;219206;45.8;26.5
74;2021-06-25;2896;6769;381925;225975;46.1;27.3
74;2021-06-26;1682;5396;383607;231371;46.3;27.9
74;2021-06-27;60;1665;383667;233036;46.3;28.1
74;2021-06-28;1901;7227;385568;240263;46.5;29.0
74;2021-06-29;2289;7422;387857;247685;46.8;29.9
74;2021-06-30;2704;6542;390561;254227;47.1;30.7
74;2021-07-01;2988;5394;393549;259621;47.5;31.3
74;2021-07-02;2977;6630;396526;266251;47.9;32.1
74;2021-07-03;1688;5082;398214;271333;48.1;32.8
74;2021-07-04;75;1021;398289;272354;48.1;32.9
74;2021-07-05;2018;6843;400307;279197;48.3;33.7
74;2021-07-06;2533;6487;402840;285684;48.6;34.5
74;2021-07-07;2908;5439;405748;291123;49.0;35.1
74;2021-07-08;3736;4892;409484;296015;49.4;35.7
74;2021-07-09;2577;6958;412061;302973;49.7;36.6
74;2021-07-10;1592;5124;413653;308097;49.9;37.2
74;2021-07-11;71;141;413724;308238;49.9;37.2
74;2021-07-12;2039;7892;415763;316130;50.2;38.2
74;2021-07-13;3914;7559;419677;323689;50.7;39.1
74;2021-07-14;1950;2228;421627;325917;50.9;39.3
74;2021-07-15;3544;6838;425171;332755;51.3;40.2
74;2021-07-16;4141;7726;429312;340481;51.8;41.1
74;2021-07-17;2818;5306;432130;345787;52.2;41.7
74;2021-07-18;149;157;432279;345944;52.2;41.8
74;2021-07-19;4228;7313;436507;353257;52.7;42.6
74;2021-07-20;5735;6423;442242;359680;53.4;43.4
74;2021-07-21;5494;6631;447736;366311;54.0;44.2
74;2021-07-22;4691;5293;452427;371604;54.6;44.9
74;2021-07-23;5976;6899;458403;378503;55.3;45.7
74;2021-07-24;2984;4277;461387;382780;55.7;46.2
74;2021-07-25;159;174;461546;382954;55.7;46.2
75;2020-12-27;9;1;9;1;0.0;0.0
75;2020-12-28;18;0;27;1;0.0;0.0
75;2020-12-29;10;0;37;1;0.0;0.0
75;2020-12-30;36;0;73;1;0.0;0.0
75;2020-12-31;22;0;95;1;0.0;0.0
75;2021-01-01;21;0;116;1;0.0;0.0
75;2021-01-02;52;1;168;2;0.0;0.0
75;2021-01-03;80;0;248;2;0.0;0.0
75;2021-01-04;277;1;525;3;0.0;0.0
75;2021-01-05;846;13;1371;16;0.1;0.0
75;2021-01-06;1334;15;2705;31;0.1;0.0
75;2021-01-07;2052;17;4757;48;0.2;0.0
75;2021-01-08;2849;31;7606;79;0.4;0.0
75;2021-01-09;1082;2;8688;81;0.4;0.0
75;2021-01-10;1090;5;9778;86;0.5;0.0
75;2021-01-11;3056;45;12834;131;0.6;0.0
75;2021-01-12;3452;53;16286;184;0.8;0.0
75;2021-01-13;3528;45;19814;229;0.9;0.0
75;2021-01-14;3597;59;23411;288;1.1;0.0
75;2021-01-15;3279;44;26690;332;1.2;0.0
75;2021-01-16;1116;16;27806;348;1.3;0.0
75;2021-01-17;529;14;28335;362;1.3;0.0
75;2021-01-18;3228;77;31563;439;1.5;0.0
75;2021-01-19;3824;47;35387;486;1.6;0.0
75;2021-01-20;4360;68;39747;554;1.9;0.0
75;2021-01-21;4855;79;44602;633;2.1;0.0
75;2021-01-22;4535;83;49137;716;2.3;0.0
75;2021-01-23;1733;16;50870;732;2.4;0.0
75;2021-01-24;722;6;51592;738;2.4;0.0
75;2021-01-25;1678;24;53270;762;2.5;0.0
75;2021-01-26;2515;87;55785;849;2.6;0.0
75;2021-01-27;3065;159;58850;1008;2.7;0.0
75;2021-01-28;4726;251;63576;1259;3.0;0.1
75;2021-01-29;4009;264;67585;1523;3.1;0.1
75;2021-01-30;1340;33;68925;1556;3.2;0.1
75;2021-01-31;190;3;69115;1559;3.2;0.1
75;2021-02-01;1589;381;70704;1940;3.3;0.1
75;2021-02-02;2109;651;72813;2591;3.4;0.1
75;2021-02-03;1854;686;74667;3277;3.5;0.2
75;2021-02-04;2108;1131;76775;4408;3.6;0.2
75;2021-02-05;2176;872;78951;5280;3.7;0.2
75;2021-02-06;1065;94;80016;5374;3.7;0.3
75;2021-02-07;161;6;80177;5380;3.7;0.3
75;2021-02-08;1224;1475;81401;6855;3.8;0.3
75;2021-02-09;1732;2386;83133;9241;3.9;0.4
75;2021-02-10;2371;2397;85504;11638;4.0;0.5
75;2021-02-11;2897;6475;88401;18113;4.1;0.8
75;2021-02-12;3075;2425;91476;20538;4.3;1.0
75;2021-02-13;828;1061;92304;21599;4.3;1.0
75;2021-02-14;183;42;92487;21641;4.3;1.0
75;2021-02-15;972;2483;93459;24124;4.4;1.1
75;2021-02-16;1415;6569;94874;30693;4.4;1.4
75;2021-02-17;1288;3240;96162;33933;4.5;1.6
75;2021-02-18;1728;5881;97890;39814;4.6;1.9
75;2021-02-19;2181;4150;100071;43964;4.7;2.0
75;2021-02-20;462;1694;100533;45658;4.7;2.1
75;2021-02-21;179;160;100712;45818;4.7;2.1
75;2021-02-22;1188;1934;101900;47752;4.7;2.2
75;2021-02-23;1411;2728;103311;50480;4.8;2.3
75;2021-02-24;1623;2342;104934;52822;4.9;2.5
75;2021-02-25;2719;5348;107653;58170;5.0;2.7
75;2021-02-26;3318;2730;110971;60900;5.2;2.8
75;2021-02-27;1379;936;112350;61836;5.2;2.9
75;2021-02-28;301;142;112651;61978;5.2;2.9
75;2021-03-01;2532;1679;115183;63657;5.4;3.0
75;2021-03-02;4110;2194;119293;65851;5.6;3.1
75;2021-03-03;5356;2324;124649;68175;5.8;3.2
75;2021-03-04;7944;2572;132593;70747;6.2;3.3
75;2021-03-05;10460;2721;143053;73468;6.7;3.4
75;2021-03-06;11003;1037;154056;74505;7.2;3.5
75;2021-03-07;9450;1496;163506;76001;7.6;3.5
75;2021-03-08;5829;1555;169335;77556;7.9;3.6
75;2021-03-09;7448;2100;176783;79656;8.2;3.7
75;2021-03-10;7411;2086;184194;81742;8.6;3.8
75;2021-03-11;10250;2485;194444;84227;9.1;3.9
75;2021-03-12;11974;2491;206418;86718;9.6;4.0
75;2021-03-13;8500;737;214918;87455;10.0;4.1
75;2021-03-14;4135;222;219053;87677;10.2;4.1
75;2021-03-15;7382;946;226435;88623;10.5;4.1
75;2021-03-16;5077;667;231512;89290;10.8;4.2
75;2021-03-17;5359;822;236871;90112;11.0;4.2
75;2021-03-18;6528;848;243399;90960;11.3;4.2
75;2021-03-19;9661;958;253060;91918;11.8;4.3
75;2021-03-20;5870;590;258930;92508;12.1;4.3
75;2021-03-21;1543;432;260473;92940;12.1;4.3
75;2021-03-22;8543;995;269016;93935;12.5;4.4
75;2021-03-23;10867;1215;279883;95150;13.0;4.4
75;2021-03-24;10891;1289;290774;96439;13.5;4.5
75;2021-03-25;14115;1469;304889;97908;14.2;4.6
75;2021-03-26;13877;1650;318766;99558;14.8;4.6
75;2021-03-27;7215;770;325981;100328;15.2;4.7
75;2021-03-28;1732;146;327713;100474;15.3;4.7
75;2021-03-29;7875;2213;335588;102687;15.6;4.8
75;2021-03-30;10822;3215;346410;105902;16.1;4.9
75;2021-03-31;9637;3591;356047;109493;16.6;5.1
75;2021-04-01;10581;5180;366628;114673;17.1;5.3
75;2021-04-02;8969;5557;375597;120230;17.5;5.6
75;2021-04-03;4073;4878;379670;125108;17.7;5.8
75;2021-04-04;1388;1499;381058;126607;17.7;5.9
75;2021-04-05;2186;1435;383244;128042;17.8;6.0
75;2021-04-06;6803;4298;390047;132340;18.2;6.2
75;2021-04-07;7988;4412;398035;136752;18.5;6.4
75;2021-04-08;10974;4139;409009;140891;19.0;6.6
75;2021-04-09;12104;4570;421113;145461;19.6;6.8
75;2021-04-10;5782;4270;426895;149731;19.9;7.0
75;2021-04-11;1891;1793;428786;151524;20.0;7.1
75;2021-04-12;7403;3770;436189;155294;20.3;7.2
75;2021-04-13;8487;6880;444676;162174;20.7;7.5
75;2021-04-14;8205;5213;452881;167387;21.1;7.8
75;2021-04-15;8809;6130;461690;173517;21.5;8.1
75;2021-04-16;9291;6104;470981;179621;21.9;8.4
75;2021-04-17;4788;3646;475769;183267;22.1;8.5
75;2021-04-18;1632;876;477401;184143;22.2;8.6
75;2021-04-19;5510;4935;482911;189078;22.5;8.8
75;2021-04-20;6407;5941;489318;195019;22.8;9.1
75;2021-04-21;6797;5568;496115;200587;23.1;9.3
75;2021-04-22;7468;5905;503583;206492;23.4;9.6
75;2021-04-23;8301;6117;511884;212609;23.8;9.9
75;2021-04-24;6135;3336;518019;215945;24.1;10.1
75;2021-04-25;2937;752;520956;216697;24.3;10.1
75;2021-04-26;6973;4711;527929;221408;24.6;10.3
75;2021-04-27;10533;6393;538462;227801;25.1;10.6
75;2021-04-28;12139;6008;550601;233809;25.6;10.9
75;2021-04-29;13705;6296;564306;240105;26.3;11.2
75;2021-04-30;13609;6158;577915;246263;26.9;11.5
75;2021-05-01;5049;1322;582964;247585;27.1;11.5
75;2021-05-02;2366;791;585330;248376;27.2;11.6
75;2021-05-03;10226;13556;595556;261932;27.7;12.2
75;2021-05-04;11114;8070;606670;270002;28.2;12.6
75;2021-05-05;13480;6697;620150;276699;28.9;12.9
75;2021-05-06;13934;8176;634084;284875;29.5;13.3
75;2021-05-07;13919;8571;648003;293446;30.2;13.7
75;2021-05-08;10026;5526;658029;298972;30.6;13.9
75;2021-05-09;3783;3199;661812;302171;30.8;14.1
75;2021-05-10;14249;6715;676061;308886;31.5;14.4
75;2021-05-11;16787;8422;692848;317308;32.3;14.8
75;2021-05-12;17883;8145;710731;325453;33.1;15.1
75;2021-05-13;13579;2496;724310;327949;33.7;15.3
75;2021-05-14;18322;5129;742632;333078;34.6;15.5
75;2021-05-15;12251;2631;754883;335709;35.1;15.6
75;2021-05-16;3826;761;758709;336470;35.3;15.7
75;2021-05-17;15929;4641;774638;341111;36.1;15.9
75;2021-05-18;19081;5317;793719;346428;36.9;16.1
75;2021-05-19;20658;10727;814377;357155;37.9;16.6
75;2021-05-20;21509;8657;835886;365812;38.9;17.0
75;2021-05-21;20962;6531;856848;372343;39.9;17.3
75;2021-05-22;15896;3307;872744;375650;40.6;17.5
75;2021-05-23;5599;1340;878343;376990;40.9;17.5
75;2021-05-24;15611;2564;893954;379554;41.6;17.7
75;2021-05-25;17957;9609;911911;389163;42.4;18.1
75;2021-05-26;18796;8184;930707;397347;43.3;18.5
75;2021-05-27;20088;9813;950795;407160;44.3;19.0
75;2021-05-28;19302;10860;970097;418020;45.2;19.5
75;2021-05-29;16078;5835;986175;423855;45.9;19.7
75;2021-05-30;7014;2140;993189;425995;46.2;19.8
75;2021-05-31;18060;9456;1011249;435451;47.1;20.3
75;2021-06-01;18502;12979;1029751;448430;47.9;20.9
75;2021-06-02;18024;10282;1047775;458712;48.8;21.4
75;2021-06-03;20115;11958;1067890;470670;49.7;21.9
75;2021-06-04;17925;12869;1085815;483539;50.5;22.5
75;2021-06-05;11920;9619;1097735;493158;51.1;23.0
75;2021-06-06;6679;3157;1104414;496315;51.4;23.1
75;2021-06-07;13824;11831;1118238;508146;52.1;23.7
75;2021-06-08;14716;13958;1132954;522104;52.7;24.3
75;2021-06-09;16387;15242;1149341;537346;53.5;25.0
75;2021-06-10;18213;26323;1167554;563669;54.3;26.2
75;2021-06-11;15126;16446;1182680;580115;55.1;27.0
75;2021-06-12;13234;9990;1195914;590105;55.7;27.5
75;2021-06-13;6242;3784;1202156;593889;56.0;27.6
75;2021-06-14;11726;15425;1213882;609314;56.5;28.4
75;2021-06-15;12408;19524;1226290;628838;57.1;29.3
75;2021-06-16;12004;17195;1238294;646033;57.6;30.1
75;2021-06-17;12498;17651;1250792;663684;58.2;30.9
75;2021-06-18;10162;22585;1260954;686269;58.7;31.9
75;2021-06-19;7461;11827;1268415;698096;59.0;32.5
75;2021-06-20;2788;5489;1271203;703585;59.2;32.8
75;2021-06-21;8325;16326;1279528;719911;59.6;33.5
75;2021-06-22;8636;21804;1288164;741715;60.0;34.5
75;2021-06-23;10072;21402;1298236;763117;60.4;35.5
75;2021-06-24;11143;20607;1309379;783724;61.0;36.5
75;2021-06-25;9226;24678;1318605;808402;61.4;37.6
75;2021-06-26;7866;15417;1326471;823819;61.7;38.3
75;2021-06-27;2664;6329;1329135;830148;61.9;38.6
75;2021-06-28;8294;20125;1337429;850273;62.3;39.6
75;2021-06-29;9147;23839;1346576;874112;62.7;40.7
75;2021-06-30;9793;23590;1356369;897702;63.1;41.8
75;2021-07-01;10809;23386;1367178;921088;63.6;42.9
75;2021-07-02;10108;24720;1377286;945808;64.1;44.0
75;2021-07-03;7671;19799;1384957;965607;64.5;44.9
75;2021-07-04;3826;9553;1388783;975160;64.6;45.4
75;2021-07-05;8672;21522;1397455;996682;65.1;46.4
75;2021-07-06;9704;23983;1407159;1020665;65.5;47.5
75;2021-07-07;9674;25055;1416833;1045720;66.0;48.7
75;2021-07-08;10296;24974;1427129;1070694;66.4;49.8
75;2021-07-09;10182;23977;1437311;1094671;66.9;51.0
75;2021-07-10;7770;18502;1445081;1113173;67.3;51.8
75;2021-07-11;4303;8532;1449384;1121705;67.5;52.2
75;2021-07-12;9103;23020;1458487;1144725;67.9;53.3
75;2021-07-13;13934;24717;1472421;1169442;68.5;54.4
75;2021-07-14;8049;9669;1480470;1179111;68.9;54.9
75;2021-07-15;14831;25558;1495301;1204669;69.6;56.1
75;2021-07-16;15142;22008;1510443;1226677;70.3;57.1
75;2021-07-17;11369;16819;1521812;1243496;70.8;57.9
75;2021-07-18;6188;6785;1528000;1250281;71.1;58.2
75;2021-07-19;14048;21191;1542048;1271472;71.8;59.2
75;2021-07-20;15815;21751;1557863;1293223;72.5;60.2
75;2021-07-21;15400;20553;1573263;1313776;73.2;61.2
75;2021-07-22;16768;19916;1590031;1333692;74.0;62.1
75;2021-07-23;16261;18778;1606292;1352470;74.8;63.0
75;2021-07-24;10766;13963;1617058;1366433;75.3;63.6
75;2021-07-25;4915;5009;1621973;1371442;75.5;63.8
76;2020-12-27;0;0;0;0;0.0;0.0
76;2020-12-28;0;0;0;0;0.0;0.0
76;2020-12-29;0;0;0;0;0.0;0.0
76;2020-12-30;0;0;0;0;0.0;0.0
76;2020-12-31;0;0;0;0;0.0;0.0
76;2021-01-01;0;0;0;0;0.0;0.0
76;2021-01-02;0;0;0;0;0.0;0.0
76;2021-01-03;0;0;0;0;0.0;0.0
76;2021-01-04;17;0;17;0;0.0;0.0
76;2021-01-05;138;0;155;0;0.0;0.0
76;2021-01-06;682;2;837;2;0.1;0.0
76;2021-01-07;1355;6;2192;8;0.2;0.0
76;2021-01-08;1535;0;3727;8;0.3;0.0
76;2021-01-09;736;1;4463;9;0.4;0.0
76;2021-01-10;492;1;4955;10;0.4;0.0
76;2021-01-11;1358;2;6313;12;0.5;0.0
76;2021-01-12;1357;1;7670;13;0.6;0.0
76;2021-01-13;1188;5;8858;18;0.7;0.0
76;2021-01-14;2168;20;11026;38;0.9;0.0
76;2021-01-15;1909;5;12935;43;1.0;0.0
76;2021-01-16;985;3;13920;46;1.1;0.0
76;2021-01-17;2897;19;16817;65;1.4;0.0
76;2021-01-18;4384;13;21201;78;1.7;0.0
76;2021-01-19;3013;7;24214;85;1.9;0.0
76;2021-01-20;2066;9;26280;94;2.1;0.0
76;2021-01-21;1773;4;28053;98;2.3;0.0
76;2021-01-22;1703;4;29756;102;2.4;0.0
76;2021-01-23;449;1;30205;103;2.4;0.0
76;2021-01-24;99;0;30304;103;2.4;0.0
76;2021-01-25;1474;140;31778;243;2.6;0.0
76;2021-01-26;1388;335;33166;578;2.7;0.0
76;2021-01-27;1340;432;34506;1010;2.8;0.1
76;2021-01-28;1283;384;35789;1394;2.9;0.1
76;2021-01-29;1152;462;36941;1856;3.0;0.1
76;2021-01-30;283;304;37224;2160;3.0;0.2
76;2021-01-31;4;99;37228;2259;3.0;0.2
76;2021-02-01;838;817;38066;3076;3.1;0.2
76;2021-02-02;1056;1018;39122;4094;3.1;0.3
76;2021-02-03;916;1002;40038;5096;3.2;0.4
76;2021-02-04;975;1457;41013;6553;3.3;0.5
76;2021-02-05;974;1106;41987;7659;3.4;0.6
76;2021-02-06;259;878;42246;8537;3.4;0.7
76;2021-02-07;467;1659;42713;10196;3.4;0.8
76;2021-02-08;1924;3732;44637;13928;3.6;1.1
76;2021-02-09;1755;2991;46392;16919;3.7;1.4
76;2021-02-10;1488;1816;47880;18735;3.8;1.5
76;2021-02-11;1675;1527;49555;20262;4.0;1.6
76;2021-02-12;1709;1576;51264;21838;4.1;1.8
76;2021-02-13;230;336;51494;22174;4.1;1.8
76;2021-02-14;9;82;51503;22256;4.1;1.8
76;2021-02-15;553;1724;52056;23980;4.2;1.9
76;2021-02-16;741;1638;52797;25618;4.2;2.1
76;2021-02-17;624;1456;53421;27074;4.3;2.2
76;2021-02-18;778;1384;54199;28458;4.4;2.3
76;2021-02-19;868;1344;55067;29802;4.4;2.4
76;2021-02-20;269;292;55336;30094;4.4;2.4
76;2021-02-21;0;0;55336;30094;4.4;2.4
76;2021-02-22;371;1312;55707;31406;4.5;2.5
76;2021-02-23;574;1242;56281;32648;4.5;2.6
76;2021-02-24;597;1203;56878;33851;4.6;2.7
76;2021-02-25;1665;1257;58543;35108;4.7;2.8
76;2021-02-26;2171;1047;60714;36155;4.9;2.9
76;2021-02-27;1108;269;61822;36424;5.0;2.9
76;2021-02-28;27;197;61849;36621;5.0;2.9
76;2021-03-01;823;2109;62672;38730;5.0;3.1
76;2021-03-02;1376;1714;64048;40444;5.1;3.3
76;2021-03-03;1935;1388;65983;41832;5.3;3.4
76;2021-03-04;2811;1091;68794;42923;5.5;3.5
76;2021-03-05;4173;787;72967;43710;5.9;3.5
76;2021-03-06;3361;147;76328;43857;6.1;3.5
76;2021-03-07;1257;28;77585;43885;6.2;3.5
76;2021-03-08;2096;1244;79681;45129;6.4;3.6
76;2021-03-09;3569;1152;83250;46281;6.7;3.7
76;2021-03-10;3590;1046;86840;47327;7.0;3.8
76;2021-03-11;5626;915;92466;48242;7.4;3.9
76;2021-03-12;6822;567;99288;48809;8.0;3.9
76;2021-03-13;4638;121;103926;48930;8.4;3.9
76;2021-03-14;1069;21;104995;48951;8.4;3.9
76;2021-03-15;2914;218;107909;49169;8.7;4.0
76;2021-03-16;2551;393;110460;49562;8.9;4.0
76;2021-03-17;2694;298;113154;49860;9.1;4.0
76;2021-03-18;2996;298;116150;50158;9.3;4.0
76;2021-03-19;4392;407;120542;50565;9.7;4.1
76;2021-03-20;3972;257;124514;50822;10.0;4.1
76;2021-03-21;837;11;125351;50833;10.1;4.1
76;2021-03-22;3986;336;129337;51169;10.4;4.1
76;2021-03-23;5708;325;135045;51494;10.9;4.1
76;2021-03-24;5669;370;140714;51864;11.3;4.2
76;2021-03-25;7507;536;148221;52400;11.9;4.2
76;2021-03-26;8714;554;156935;52954;12.6;4.3
76;2021-03-27;4809;356;161744;53310;13.0;4.3
76;2021-03-28;1020;23;162764;53333;13.1;4.3
76;2021-03-29;5389;796;168153;54129;13.5;4.4
76;2021-03-30;6581;1019;174734;55148;14.0;4.4
76;2021-03-31;6447;1235;181181;56383;14.6;4.5
76;2021-04-01;6775;2023;187956;58406;15.1;4.7
76;2021-04-02;6483;2636;194439;61042;15.6;4.9
76;2021-04-03;2440;1068;196879;62110;15.8;5.0
76;2021-04-04;263;11;197142;62121;15.9;5.0
76;2021-04-05;866;376;198008;62497;15.9;5.0
76;2021-04-06;3554;2775;201562;65272;16.2;5.2
76;2021-04-07;4416;2388;205978;67660;16.6;5.4
76;2021-04-08;5839;2782;211817;70442;17.0;5.7
76;2021-04-09;8801;3058;220618;73500;17.7;5.9
76;2021-04-10;4868;1392;225486;74892;18.1;6.0
76;2021-04-11;813;525;226299;75417;18.2;6.1
76;2021-04-12;4725;2846;231024;78263;18.6;6.3
76;2021-04-13;5917;2866;236941;81129;19.0;6.5
76;2021-04-14;4804;3132;241745;84261;19.4;6.8
76;2021-04-15;5559;3355;247304;87616;19.9;7.0
76;2021-04-16;7349;3432;254653;91048;20.5;7.3
76;2021-04-17;4384;1423;259037;92471;20.8;7.4
76;2021-04-18;339;140;259376;92611;20.9;7.4
76;2021-04-19;3474;3766;262850;96377;21.1;7.7
76;2021-04-20;4339;4279;267189;100656;21.5;8.1
76;2021-04-21;4182;4667;271371;105323;21.8;8.5
76;2021-04-22;4556;5423;275927;110746;22.2;8.9
76;2021-04-23;5434;5918;281361;116664;22.6;9.4
76;2021-04-24;4163;2172;285524;118836;23.0;9.6
76;2021-04-25;889;265;286413;119101;23.0;9.6
76;2021-04-26;4476;4468;290889;123569;23.4;9.9
76;2021-04-27;4993;4992;295882;128561;23.8;10.3
76;2021-04-28;5346;4153;301228;132714;24.2;10.7
76;2021-04-29;6926;4158;308154;136872;24.8;11.0
76;2021-04-30;8218;4627;316372;141499;25.4;11.4
76;2021-05-01;4828;1003;321200;142502;25.8;11.5
76;2021-05-02;1843;250;323043;142752;26.0;11.5
76;2021-05-03;4703;3316;327746;146068;26.4;11.7
76;2021-05-04;4817;4556;332563;150624;26.7;12.1
76;2021-05-05;4784;5152;337347;155776;27.1;12.5
76;2021-05-06;5913;5571;343260;161347;27.6;13.0
76;2021-05-07;6137;6754;349397;168101;28.1;13.5
76;2021-05-08;5056;892;354453;168993;28.5;13.6
76;2021-05-09;2535;234;356988;169227;28.7;13.6
76;2021-05-10;4946;5047;361934;174274;29.1;14.0
76;2021-05-11;6517;5666;368451;179940;29.6;14.5
76;2021-05-12;6264;5059;374715;184999;30.1;14.9
76;2021-05-13;8844;1269;383559;186268;30.8;15.0
76;2021-05-14;10414;4669;393973;190937;31.7;15.4
76;2021-05-15;9118;2446;403091;193383;32.4;15.5
76;2021-05-16;6233;473;409324;193856;32.9;15.6
76;2021-05-17;7217;3261;416541;197117;33.5;15.8
76;2021-05-18;8292;2794;424833;199911;34.2;16.1
76;2021-05-19;8376;3173;433209;203084;34.8;16.3
76;2021-05-20;9534;3373;442743;206457;35.6;16.6
76;2021-05-21;8170;4074;450913;210531;36.3;16.9
76;2021-05-22;7159;2348;458072;212879;36.8;17.1
76;2021-05-23;6389;397;464461;213276;37.3;17.1
76;2021-05-24;6803;1526;471264;214802;37.9;17.3
76;2021-05-25;7931;4078;479195;218880;38.5;17.6
76;2021-05-26;7407;3598;486602;222478;39.1;17.9
76;2021-05-27;8297;4692;494899;227170;39.8;18.3
76;2021-05-28;8227;6568;503126;233738;40.5;18.8
76;2021-05-29;6221;3517;509347;237255;41.0;19.1
76;2021-05-30;3146;428;512493;237683;41.2;19.1
76;2021-05-31;8162;3967;520655;241650;41.9;19.4
76;2021-06-01;9202;5020;529857;246670;42.6;19.8
76;2021-06-02;7909;4433;537766;251103;43.2;20.2
76;2021-06-03;9511;5392;547277;256495;44.0;20.6
76;2021-06-04;9147;6665;556424;263160;44.7;21.2
76;2021-06-05;6281;3805;562705;266965;45.2;21.5
76;2021-06-06;2546;649;565251;267614;45.4;21.5
76;2021-06-07;6966;5446;572217;273060;46.0;22.0
76;2021-06-08;8637;6279;580854;279339;46.7;22.5
76;2021-06-09;7204;6079;588058;285418;47.3;22.9
76;2021-06-10;7982;6562;596040;291980;47.9;23.5
76;2021-06-11;7562;8218;603602;300198;48.5;24.1
76;2021-06-12;7164;5868;610766;306066;49.1;24.6
76;2021-06-13;2959;1290;613725;307356;49.3;24.7
76;2021-06-14;6177;6699;619902;314055;49.8;25.2
76;2021-06-15;6104;7447;626006;321502;50.3;25.8
76;2021-06-16;6641;7466;632647;328968;50.9;26.4
76;2021-06-17;6984;7748;639631;336716;51.4;27.1
76;2021-06-18;7676;9222;647307;345938;52.0;27.8
76;2021-06-19;5977;6259;653284;352197;52.5;28.3
76;2021-06-20;2806;1808;656090;354005;52.7;28.5
76;2021-06-21;5370;8158;661460;362163;53.2;29.1
76;2021-06-22;4900;9866;666360;372029;53.6;29.9
76;2021-06-23;4703;9425;671063;381454;54.0;30.7
76;2021-06-24;4740;9912;675803;391366;54.3;31.5
76;2021-06-25;5111;11565;680914;402931;54.7;32.4
76;2021-06-26;3447;7875;684361;410806;55.0;33.0
76;2021-06-27;1362;5165;685723;415971;55.1;33.4
76;2021-06-28;3573;9936;689296;425907;55.4;34.2
76;2021-06-29;3850;10232;693146;436139;55.7;35.1
76;2021-06-30;4213;9847;697359;445986;56.1;35.9
76;2021-07-01;4555;9900;701914;455886;56.4;36.7
76;2021-07-02;4340;12018;706254;467904;56.8;37.6
76;2021-07-03;3578;8445;709832;476349;57.1;38.3
76;2021-07-04;1478;5305;711310;481654;57.2;38.7
76;2021-07-05;3920;9334;715230;490988;57.5;39.5
76;2021-07-06;4023;10076;719253;501064;57.8;40.3
76;2021-07-07;3970;9323;723223;510387;58.1;41.0
76;2021-07-08;4444;9448;727667;519835;58.5;41.8
76;2021-07-09;4329;12400;731996;532235;58.9;42.8
76;2021-07-10;3127;8548;735123;540783;59.1;43.5
76;2021-07-11;1771;2817;736894;543600;59.2;43.7
76;2021-07-12;3120;11139;740014;554739;59.5;44.6
76;2021-07-13;4897;12246;744911;566985;59.9;45.6
76;2021-07-14;4789;5525;749700;572510;60.3;46.0
76;2021-07-15;5850;11766;755550;584276;60.7;47.0
76;2021-07-16;6686;11998;762236;596274;61.3;47.9
76;2021-07-17;5260;8684;767496;604958;61.7;48.6
76;2021-07-18;2253;3345;769749;608303;61.9;48.9
76;2021-07-19;5138;11125;774887;619428;62.3;49.8
76;2021-07-20;6254;11613;781141;631041;62.8;50.7
76;2021-07-21;6319;10529;787460;641570;63.3;51.6
76;2021-07-22;8180;9631;795640;651201;64.0;52.4
76;2021-07-23;7578;11937;803218;663138;64.6;53.3
76;2021-07-24;4948;7672;808166;670810;65.0;53.9
76;2021-07-25;2846;3131;811012;673941;65.2;54.2
77;2020-12-27;1;0;1;0;0.0;0.0
77;2020-12-28;1;0;2;0;0.0;0.0
77;2020-12-29;0;0;2;0;0.0;0.0
77;2020-12-30;0;0;2;0;0.0;0.0
77;2020-12-31;0;0;2;0;0.0;0.0
77;2021-01-01;2;0;4;0;0.0;0.0
77;2021-01-02;0;0;4;0;0.0;0.0
77;2021-01-03;0;0;4;0;0.0;0.0
77;2021-01-04;5;0;9;0;0.0;0.0
77;2021-01-05;199;0;208;0;0.0;0.0
77;2021-01-06;222;2;430;2;0.0;0.0
77;2021-01-07;517;3;947;5;0.1;0.0
77;2021-01-08;611;1;1558;6;0.1;0.0
77;2021-01-09;273;1;1831;7;0.1;0.0
77;2021-01-10;235;2;2066;9;0.1;0.0
77;2021-01-11;783;3;2849;12;0.2;0.0
77;2021-01-12;882;1;3731;13;0.3;0.0
77;2021-01-13;936;1;4667;14;0.3;0.0
77;2021-01-14;845;9;5512;23;0.4;0.0
77;2021-01-15;842;12;6354;35;0.4;0.0
77;2021-01-16;168;1;6522;36;0.5;0.0
77;2021-01-17;131;2;6653;38;0.5;0.0
77;2021-01-18;1193;4;7846;42;0.6;0.0
77;2021-01-19;1716;8;9562;50;0.7;0.0
77;2021-01-20;2534;5;12096;55;0.8;0.0
77;2021-01-21;2050;20;14146;75;1.0;0.0
77;2021-01-22;1147;7;15293;82;1.1;0.0
77;2021-01-23;348;0;15641;82;1.1;0.0
77;2021-01-24;43;0;15684;82;1.1;0.0
77;2021-01-25;938;65;16622;147;1.2;0.0
77;2021-01-26;1701;30;18323;177;1.3;0.0
77;2021-01-27;1361;42;19684;219;1.4;0.0
77;2021-01-28;1695;88;21379;307;1.5;0.0
77;2021-01-29;1271;147;22650;454;1.6;0.0
77;2021-01-30;211;2;22861;456;1.6;0.0
77;2021-01-31;0;0;22861;456;1.6;0.0
77;2021-02-01;568;212;23429;668;1.6;0.0
77;2021-02-02;866;270;24295;938;1.7;0.1
77;2021-02-03;793;539;25088;1477;1.8;0.1
77;2021-02-04;790;808;25878;2285;1.8;0.2
77;2021-02-05;856;854;26734;3139;1.9;0.2
77;2021-02-06;164;103;26898;3242;1.9;0.2
77;2021-02-07;16;92;26914;3334;1.9;0.2
77;2021-02-08;489;943;27403;4277;1.9;0.3
77;2021-02-09;588;1475;27991;5752;2.0;0.4
77;2021-02-10;1030;1852;29021;7604;2.0;0.5
77;2021-02-11;1057;1656;30078;9260;2.1;0.7
77;2021-02-12;1096;1183;31174;10443;2.2;0.7
77;2021-02-13;187;175;31361;10618;2.2;0.7
77;2021-02-14;12;57;31373;10675;2.2;0.7
77;2021-02-15;553;1031;31926;11706;2.2;0.8
77;2021-02-16;599;1542;32525;13248;2.3;0.9
77;2021-02-17;514;1192;33039;14440;2.3;1.0
77;2021-02-18;838;1616;33877;16056;2.4;1.1
77;2021-02-19;774;1174;34651;17230;2.4;1.2
77;2021-02-20;52;176;34703;17406;2.4;1.2
77;2021-02-21;7;31;34710;17437;2.4;1.2
77;2021-02-22;302;775;35012;18212;2.5;1.3
77;2021-02-23;358;1135;35370;19347;2.5;1.4
77;2021-02-24;510;900;35880;20247;2.5;1.4
77;2021-02-25;789;979;36669;21226;2.6;1.5
77;2021-02-26;840;845;37509;22071;2.6;1.6
77;2021-02-27;460;169;37969;22240;2.7;1.6
77;2021-02-28;31;5;38000;22245;2.7;1.6
77;2021-03-01;672;711;38672;22956;2.7;1.6
77;2021-03-02;1092;1030;39764;23986;2.8;1.7
77;2021-03-03;1951;1175;41715;25161;2.9;1.8
77;2021-03-04;2791;1132;44506;26293;3.1;1.8
77;2021-03-05;3368;1027;47874;27320;3.4;1.9
77;2021-03-06;4823;239;52697;27559;3.7;1.9
77;2021-03-07;3189;92;55886;27651;3.9;1.9
77;2021-03-08;1228;501;57114;28152;4.0;2.0
77;2021-03-09;2503;625;59617;28777;4.2;2.0
77;2021-03-10;2396;565;62013;29342;4.4;2.1
77;2021-03-11;3497;759;65510;30101;4.6;2.1
77;2021-03-12;3886;667;69396;30768;4.9;2.2
77;2021-03-13;4480;184;73876;30952;5.2;2.2
77;2021-03-14;2150;103;76026;31055;5.3;2.2
77;2021-03-15;2509;267;78535;31322;5.5;2.2
77;2021-03-16;2440;367;80975;31689;5.7;2.2
77;2021-03-17;2548;417;83523;32106;5.9;2.3
77;2021-03-18;3001;397;86524;32503;6.1;2.3
77;2021-03-19;3354;427;89878;32930;6.3;2.3
77;2021-03-20;1962;71;91840;33001;6.5;2.3
77;2021-03-21;241;13;92081;33014;6.5;2.3
77;2021-03-22;3016;394;95097;33408;6.7;2.3
77;2021-03-23;4511;508;99608;33916;7.0;2.4
77;2021-03-24;4148;617;103756;34533;7.3;2.4
77;2021-03-25;5901;406;109657;34939;7.7;2.5
77;2021-03-26;6261;415;115918;35354;8.1;2.5
77;2021-03-27;3317;106;119235;35460;8.4;2.5
77;2021-03-28;1730;43;120965;35503;8.5;2.5
77;2021-03-29;2653;681;123618;36184;8.7;2.5
77;2021-03-30;3990;1200;127608;37384;9.0;2.6
77;2021-03-31;3749;1206;131357;38590;9.2;2.7
77;2021-04-01;4139;1797;135496;40387;9.5;2.8
77;2021-04-02;3989;2009;139485;42396;9.8;3.0
77;2021-04-03;1743;2274;141228;44670;9.9;3.1
77;2021-04-04;425;1425;141653;46095;10.0;3.2
77;2021-04-05;157;162;141810;46257;10.0;3.2
77;2021-04-06;2709;1919;144519;48176;10.2;3.4
77;2021-04-07;3311;2081;147830;50257;10.4;3.5
77;2021-04-08;4527;2354;152357;52611;10.7;3.7
77;2021-04-09;4844;2074;157201;54685;11.0;3.8
77;2021-04-10;3071;2740;160272;57425;11.3;4.0
77;2021-04-11;586;716;160858;58141;11.3;4.1
77;2021-04-12;2231;1822;163089;59963;11.5;4.2
77;2021-04-13;3356;2633;166445;62596;11.7;4.4
77;2021-04-14;2519;2645;168964;65241;11.9;4.6
77;2021-04-15;3318;3107;172282;68348;12.1;4.8
77;2021-04-16;3573;2716;175855;71064;12.4;5.0
77;2021-04-17;1388;472;177243;71536;12.5;5.0
77;2021-04-18;149;11;177392;71547;12.5;5.0
77;2021-04-19;2078;2507;179470;74054;12.6;5.2
77;2021-04-20;2566;3376;182036;77430;12.8;5.4
77;2021-04-21;2192;3472;184228;80902;12.9;5.7
77;2021-04-22;3000;3837;187228;84739;13.2;6.0
77;2021-04-23;3524;3615;190752;88354;13.4;6.2
77;2021-04-24;4897;2503;195649;90857;13.7;6.4
77;2021-04-25;4082;1233;199731;92090;14.0;6.5
77;2021-04-26;3228;2033;202959;94123;14.3;6.6
77;2021-04-27;3992;2500;206951;96623;14.5;6.8
77;2021-04-28;4071;2598;211022;99221;14.8;7.0
77;2021-04-29;4475;3066;215497;102287;15.1;7.2
77;2021-04-30;4903;3326;220400;105613;15.5;7.4
77;2021-05-01;2460;589;222860;106202;15.7;7.5
77;2021-05-02;3142;272;226002;106474;15.9;7.5
77;2021-05-03;5984;2057;231986;108531;16.3;7.6
77;2021-05-04;6436;2978;238422;111509;16.7;7.8
77;2021-05-05;6011;3016;244433;114525;17.2;8.0
77;2021-05-06;6882;3584;251315;118109;17.7;8.3
77;2021-05-07;8200;3253;259515;121362;18.2;8.5
77;2021-05-08;5700;800;265215;122162;18.6;8.6
77;2021-05-09;4904;470;270119;122632;19.0;8.6
77;2021-05-10;8083;2318;278202;124950;19.5;8.8
77;2021-05-11;9575;2894;287777;127844;20.2;9.0
77;2021-05-12;8975;2279;296752;130123;20.8;9.1
77;2021-05-13;9303;863;306055;130986;21.5;9.2
77;2021-05-14;10421;1640;316476;132626;22.2;9.3
77;2021-05-15;8987;1245;325463;133871;22.9;9.4
77;2021-05-16;5151;462;330614;134333;23.2;9.4
77;2021-05-17;10366;1466;340980;135799;24.0;9.5
77;2021-05-18;11771;1789;352751;137588;24.8;9.7
77;2021-05-19;10904;1568;363655;139156;25.5;9.8
77;2021-05-20;12202;2153;375857;141309;26.4;9.9
77;2021-05-21;11649;2675;387506;143984;27.2;10.1
77;2021-05-22;9818;1722;397324;145706;27.9;10.2
77;2021-05-23;6983;802;404307;146508;28.4;10.3
77;2021-05-24;6762;769;411069;147277;28.9;10.3
77;2021-05-25;8302;2804;419371;150081;29.5;10.5
77;2021-05-26;7557;2960;426928;153041;30.0;10.8
77;2021-05-27;7545;3948;434473;156989;30.5;11.0
77;2021-05-28;7634;4011;442107;161000;31.1;11.3
77;2021-05-29;7354;2336;449461;163336;31.6;11.5
77;2021-05-30;4354;890;453815;164226;31.9;11.5
77;2021-05-31;8385;3828;462200;168054;32.5;11.8
77;2021-06-01;9631;4336;471831;172390;33.1;12.1
77;2021-06-02;8903;3879;480734;176269;33.8;12.4
77;2021-06-03;8996;5243;489730;181512;34.4;12.8
77;2021-06-04;9107;5485;498837;186997;35.0;13.1
77;2021-06-05;6633;4991;505470;191988;35.5;13.5
77;2021-06-06;4902;3206;510372;195194;35.9;13.7
77;2021-06-07;6416;4531;516788;199725;36.3;14.0
77;2021-06-08;5714;5204;522502;204929;36.7;14.4
77;2021-06-09;5052;4947;527554;209876;37.1;14.7
77;2021-06-10;4992;5449;532546;215325;37.4;15.1
77;2021-06-11;5733;6030;538279;221355;37.8;15.5
77;2021-06-12;6543;4743;544822;226098;38.3;15.9
77;2021-06-13;3504;3048;548326;229146;38.5;16.1
77;2021-06-14;3203;7922;551529;237068;38.7;16.7
77;2021-06-15;4088;8484;555617;245552;39.0;17.2
77;2021-06-16;4782;8374;560399;253926;39.4;17.8
77;2021-06-17;4450;9023;564849;262949;39.7;18.5
77;2021-06-18;4329;9776;569178;272725;40.0;19.2
77;2021-06-19;5269;6916;574447;279641;40.4;19.6
77;2021-06-20;2087;3798;576534;283439;40.5;19.9
77;2021-06-21;3203;9573;579737;293012;40.7;20.6
77;2021-06-22;3652;11373;583389;304385;41.0;21.4
77;2021-06-23;3427;10039;586816;314424;41.2;22.1
77;2021-06-24;3350;10909;590166;325333;41.5;22.9
77;2021-06-25;3612;10801;593778;336134;41.7;23.6
77;2021-06-26;4072;10063;597850;346197;42.0;24.3
77;2021-06-27;2120;6430;599970;352627;42.1;24.8
77;2021-06-28;2770;10830;602740;363457;42.3;25.5
77;2021-06-29;3340;12517;606080;375974;42.6;26.4
77;2021-06-30;3249;11451;609329;387425;42.8;27.2
77;2021-07-01;3256;11666;612585;399091;43.0;28.0
77;2021-07-02;3414;12239;615999;411330;43.3;28.9
77;2021-07-03;3155;10798;619154;422128;43.5;29.7
77;2021-07-04;1985;6489;621139;428617;43.6;30.1
77;2021-07-05;3554;9534;624693;438151;43.9;30.8
77;2021-07-06;3693;9523;628386;447674;44.1;31.4
77;2021-07-07;3975;8951;632361;456625;44.4;32.1
77;2021-07-08;3881;8745;636242;465370;44.7;32.7
77;2021-07-09;4665;10334;640907;475704;45.0;33.4
77;2021-07-10;4014;9828;644921;485532;45.3;34.1
77;2021-07-11;3054;5072;647975;490604;45.5;34.5
77;2021-07-12;3257;10857;651232;501461;45.7;35.2
77;2021-07-13;6033;11988;657265;513449;46.2;36.1
77;2021-07-14;3530;6431;660795;519880;46.4;36.5
77;2021-07-15;7102;11927;667897;531807;46.9;37.4
77;2021-07-16;7753;9854;675650;541661;47.5;38.0
77;2021-07-17;5760;9437;681410;551098;47.9;38.7
77;2021-07-18;4133;5306;685543;556404;48.2;39.1
77;2021-07-19;7455;8906;692998;565310;48.7;39.7
77;2021-07-20;9484;7957;702482;573267;49.3;40.3
77;2021-07-21;9427;7396;711909;580663;50.0;40.8
77;2021-07-22;10328;7389;722237;588052;50.7;41.3
77;2021-07-23;9695;8097;731932;596149;51.4;41.9
77;2021-07-24;7145;7781;739077;603930;51.9;42.4
77;2021-07-25;5849;3956;744926;607886;52.3;42.7
78;2020-12-27;0;0;0;0;0.0;0.0
78;2020-12-28;0;0;0;0;0.0;0.0
78;2020-12-29;0;0;0;0;0.0;0.0
78;2020-12-30;0;0;0;0;0.0;0.0
78;2020-12-31;15;0;15;0;0.0;0.0
78;2021-01-01;0;0;15;0;0.0;0.0
78;2021-01-02;1;0;16;0;0.0;0.0
78;2021-01-03;0;0;16;0;0.0;0.0
78;2021-01-04;143;3;159;3;0.0;0.0
78;2021-01-05;175;1;334;4;0.0;0.0
78;2021-01-06;208;4;542;8;0.0;0.0
78;2021-01-07;468;2;1010;10;0.1;0.0
78;2021-01-08;651;4;1661;14;0.1;0.0
78;2021-01-09;22;0;1683;14;0.1;0.0
78;2021-01-10;1;0;1684;14;0.1;0.0
78;2021-01-11;791;4;2475;18;0.2;0.0
78;2021-01-12;946;7;3421;25;0.2;0.0
78;2021-01-13;734;8;4155;33;0.3;0.0
78;2021-01-14;810;9;4965;42;0.3;0.0
78;2021-01-15;845;5;5810;47;0.4;0.0
78;2021-01-16;32;1;5842;48;0.4;0.0
78;2021-01-17;0;0;5842;48;0.4;0.0
78;2021-01-18;1380;19;7222;67;0.5;0.0
78;2021-01-19;1840;25;9062;92;0.6;0.0
78;2021-01-20;1644;12;10706;104;0.7;0.0
78;2021-01-21;3242;13;13948;117;1.0;0.0
78;2021-01-22;2209;17;16157;134;1.1;0.0
78;2021-01-23;279;0;16436;134;1.1;0.0
78;2021-01-24;5;0;16441;134;1.1;0.0
78;2021-01-25;958;30;17399;164;1.2;0.0
78;2021-01-26;1558;18;18957;182;1.3;0.0
78;2021-01-27;2058;46;21015;228;1.5;0.0
78;2021-01-28;2433;103;23448;331;1.6;0.0
78;2021-01-29;1488;64;24936;395;1.7;0.0
78;2021-01-30;210;3;25146;398;1.7;0.0
78;2021-01-31;3;0;25149;398;1.7;0.0
78;2021-02-01;786;224;25935;622;1.8;0.0
78;2021-02-02;968;346;26903;968;1.9;0.1
78;2021-02-03;975;242;27878;1210;1.9;0.1
78;2021-02-04;1116;447;28994;1657;2.0;0.1
78;2021-02-05;1189;516;30183;2173;2.1;0.2
78;2021-02-06;196;44;30379;2217;2.1;0.2
78;2021-02-07;139;12;30518;2229;2.1;0.2
78;2021-02-08;760;612;31278;2841;2.2;0.2
78;2021-02-09;1121;939;32399;3780;2.2;0.3
78;2021-02-10;1244;1178;33643;4958;2.3;0.3
78;2021-02-11;1816;1900;35459;6858;2.4;0.5
78;2021-02-12;1818;1412;37277;8270;2.6;0.6
78;2021-02-13;172;80;37449;8350;2.6;0.6
78;2021-02-14;26;24;37475;8374;2.6;0.6
78;2021-02-15;445;1444;37920;9818;2.6;0.7
78;2021-02-16;627;1560;38547;11378;2.7;0.8
78;2021-02-17;581;2221;39128;13599;2.7;0.9
78;2021-02-18;994;2279;40122;15878;2.8;1.1
78;2021-02-19;818;1738;40940;17616;2.8;1.2
78;2021-02-20;146;123;41086;17739;2.8;1.2
78;2021-02-21;0;12;41086;17751;2.8;1.2
78;2021-02-22;498;1060;41584;18811;2.9;1.3
78;2021-02-23;538;1122;42122;19933;2.9;1.4
78;2021-02-24;619;1232;42741;21165;3.0;1.5
78;2021-02-25;860;1160;43601;22325;3.0;1.5
78;2021-02-26;1131;1244;44732;23569;3.1;1.6
78;2021-02-27;739;147;45471;23716;3.1;1.6
78;2021-02-28;65;18;45536;23734;3.1;1.6
78;2021-03-01;963;904;46499;24638;3.2;1.7
78;2021-03-02;1718;1048;48217;25686;3.3;1.8
78;2021-03-03;1960;1221;50177;26907;3.5;1.9
78;2021-03-04;2941;1571;53118;28478;3.7;2.0
78;2021-03-05;3250;1642;56368;30120;3.9;2.1
78;2021-03-06;6238;262;62606;30382;4.3;2.1
78;2021-03-07;3443;82;66049;30464;4.6;2.1
78;2021-03-08;1450;755;67499;31219;4.7;2.2
78;2021-03-09;2933;892;70432;32111;4.9;2.2
78;2021-03-10;3067;1082;73499;33193;5.1;2.3
78;2021-03-11;4174;1294;77673;34487;5.4;2.4
78;2021-03-12;5366;1317;83039;35804;5.7;2.5
78;2021-03-13;4650;173;87689;35977;6.1;2.5
78;2021-03-14;1033;35;88722;36012;6.1;2.5
78;2021-03-15;3620;257;92342;36269;6.4;2.5
78;2021-03-16;2562;552;94904;36821;6.6;2.5
78;2021-03-17;2965;412;97869;37233;6.8;2.6
78;2021-03-18;3777;416;101646;37649;7.0;2.6
78;2021-03-19;5310;476;106956;38125;7.4;2.6
78;2021-03-20;2255;118;109211;38243;7.5;2.6
78;2021-03-21;161;7;109372;38250;7.6;2.6
78;2021-03-22;3520;371;112892;38621;7.8;2.7
78;2021-03-23;5220;527;118112;39148;8.2;2.7
78;2021-03-24;4890;532;123002;39680;8.5;2.7
78;2021-03-25;6927;543;129929;40223;9.0;2.8
78;2021-03-26;6930;689;136859;40912;9.4;2.8
78;2021-03-27;3741;176;140600;41088;9.7;2.8
78;2021-03-28;1916;39;142516;41127;9.8;2.8
78;2021-03-29;3863;750;146379;41877;10.1;2.9
78;2021-03-30;5517;1049;151896;42926;10.5;3.0
78;2021-03-31;5324;1271;157220;44197;10.9;3.1
78;2021-04-01;5586;2314;162806;46511;11.2;3.2
78;2021-04-02;5189;2615;167995;49126;11.6;3.4
78;2021-04-03;2196;2553;170191;51679;11.7;3.6
78;2021-04-04;172;14;170363;51693;11.8;3.6
78;2021-04-05;194;18;170557;51711;11.8;3.6
78;2021-04-06;3615;2300;174172;54011;12.0;3.7
78;2021-04-07;4350;2579;178522;56590;12.3;3.9
78;2021-04-08;5516;2649;184038;59239;12.7;4.1
78;2021-04-09;6899;2427;190937;61666;13.2;4.3
78;2021-04-10;3992;1889;194929;63555;13.5;4.4
78;2021-04-11;371;606;195300;64161;13.5;4.4
78;2021-04-12;3526;2364;198826;66525;13.7;4.6
78;2021-04-13;5458;2484;204284;69009;14.1;4.8
78;2021-04-14;4947;3366;209231;72375;14.4;5.0
78;2021-04-15;4602;3834;213833;76209;14.8;5.3
78;2021-04-16;5630;4010;219463;80219;15.1;5.5
78;2021-04-17;3609;709;223072;80928;15.4;5.6
78;2021-04-18;272;42;223344;80970;15.4;5.6
78;2021-04-19;3240;2808;226584;83778;15.6;5.8
78;2021-04-20;4702;3684;231286;87462;16.0;6.0
78;2021-04-21;4527;3496;235813;90958;16.3;6.3
78;2021-04-22;4567;4674;240380;95632;16.6;6.6
78;2021-04-23;5038;4410;245418;100042;16.9;6.9
78;2021-04-24;4865;2620;250283;102662;17.3;7.1
78;2021-04-25;3041;1728;253324;104390;17.5;7.2
78;2021-04-26;4765;3312;258089;107702;17.8;7.4
78;2021-04-27;5462;4304;263551;112006;18.2;7.7
78;2021-04-28;5645;4781;269196;116787;18.6;8.1
78;2021-04-29;6251;4052;275447;120839;19.0;8.3
78;2021-04-30;7203;4437;282650;125276;19.5;8.6
78;2021-05-01;612;252;283262;125528;19.6;8.7
78;2021-05-02;2006;163;285268;125691;19.7;8.7
78;2021-05-03;7455;1270;292723;126961;20.2;8.8
78;2021-05-04;6075;3980;298798;130941;20.6;9.0
78;2021-05-05;7287;4538;306085;135479;21.1;9.4
78;2021-05-06;6473;5167;312558;140646;21.6;9.7
78;2021-05-07;8310;5140;320868;145786;22.1;10.1
78;2021-05-08;2916;1448;323784;147234;22.4;10.2
78;2021-05-09;2817;345;326601;147579;22.5;10.2
78;2021-05-10;7345;4455;333946;152034;23.1;10.5
78;2021-05-11;8135;5400;342081;157434;23.6;10.9
78;2021-05-12;8722;3903;350803;161337;24.2;11.1
78;2021-05-13;6628;597;357431;161934;24.7;11.2
78;2021-05-14;10213;2212;367644;164146;25.4;11.3
78;2021-05-15;4932;2366;372576;166512;25.7;11.5
78;2021-05-16;3695;792;376271;167304;26.0;11.5
78;2021-05-17;8738;1337;385009;168641;26.6;11.6
78;2021-05-18;9877;1862;394886;170503;27.3;11.8
78;2021-05-19;11643;1700;406529;172203;28.1;11.9
78;2021-05-20;11582;2259;418111;174462;28.9;12.0
78;2021-05-21;12124;2622;430235;177084;29.7;12.2
78;2021-05-22;6543;1374;436778;178458;30.2;12.3
78;2021-05-23;3124;383;439902;178841;30.4;12.3
78;2021-05-24;3521;413;443423;179254;30.6;12.4
78;2021-05-25;9978;2500;453401;181754;31.3;12.5
78;2021-05-26;10160;3775;463561;185529;32.0;12.8
78;2021-05-27;10952;4642;474513;190171;32.8;13.1
78;2021-05-28;11414;6008;485927;196179;33.5;13.5
78;2021-05-29;4224;3383;490151;199562;33.8;13.8
78;2021-05-30;132;346;490283;199908;33.8;13.8
78;2021-05-31;7970;5357;498253;205265;34.4;14.2
78;2021-06-01;9888;6526;508141;211791;35.1;14.6
78;2021-06-02;8556;6208;516697;217999;35.7;15.0
78;2021-06-03;9867;6468;526564;224467;36.3;15.5
78;2021-06-04;9786;8145;536350;232612;37.0;16.1
78;2021-06-05;5510;6140;541860;238752;37.4;16.5
78;2021-06-06;2146;2010;544006;240762;37.6;16.6
78;2021-06-07;8113;6515;552119;247277;38.1;17.1
78;2021-06-08;8032;7306;560151;254583;38.7;17.6
78;2021-06-09;7315;6721;567466;261304;39.2;18.0
78;2021-06-10;7067;7090;574533;268394;39.7;18.5
78;2021-06-11;7567;8177;582100;276571;40.2;19.1
78;2021-06-12;6365;2918;588465;279489;40.6;19.3
78;2021-06-13;942;2457;589407;281946;40.7;19.5
78;2021-06-14;3397;9812;592804;291758;40.9;20.1
78;2021-06-15;5659;8286;598463;300044;41.3;20.7
78;2021-06-16;5401;8632;603864;308676;41.7;21.3
78;2021-06-17;5473;8526;609337;317202;42.1;21.9
78;2021-06-18;6083;9783;615420;326985;42.5;22.6
78;2021-06-19;5214;4809;620634;331794;42.8;22.9
78;2021-06-20;621;2833;621255;334627;42.9;23.1
78;2021-06-21;4064;9466;625319;344093;43.2;23.8
78;2021-06-22;3327;10312;628646;354405;43.4;24.5
78;2021-06-23;3821;10384;632467;364789;43.7;25.2
78;2021-06-24;3780;9967;636247;374756;43.9;25.9
78;2021-06-25;3990;13153;640237;387909;44.2;26.8
78;2021-06-26;4204;7949;644441;395858;44.5;27.3
78;2021-06-27;1037;2542;645478;398400;44.6;27.5
78;2021-06-28;3261;10902;648739;409302;44.8;28.3
78;2021-06-29;3527;11247;652266;420549;45.0;29.0
78;2021-06-30;4106;13234;656372;433783;45.3;29.9
78;2021-07-01;3911;12690;660283;446473;45.6;30.8
78;2021-07-02;4165;13931;664448;460404;45.9;31.8
78;2021-07-03;3138;8627;667586;469031;46.1;32.4
78;2021-07-04;753;1742;668339;470773;46.1;32.5
78;2021-07-05;3263;9683;671602;480456;46.4;33.2
78;2021-07-06;3486;12039;675088;492495;46.6;34.0
78;2021-07-07;3732;11603;678820;504098;46.9;34.8
78;2021-07-08;3849;11674;682669;515772;47.1;35.6
78;2021-07-09;4375;12722;687044;528494;47.4;36.5
78;2021-07-10;2611;6594;689655;535088;47.6;36.9
78;2021-07-11;745;2052;690400;537140;47.7;37.1
78;2021-07-12;2981;11740;693381;548880;47.9;37.9
78;2021-07-13;5268;11952;698649;560832;48.2;38.7
78;2021-07-14;2523;4962;701172;565794;48.4;39.1
78;2021-07-15;5636;11922;706808;577716;48.8;39.9
78;2021-07-16;7238;10740;714046;588456;49.3;40.6
78;2021-07-17;4701;4865;718747;593321;49.6;41.0
78;2021-07-18;1119;445;719866;593766;49.7;41.0
78;2021-07-19;3818;10327;723684;604093;50.0;41.7
78;2021-07-20;5530;9877;729214;613970;50.3;42.4
78;2021-07-21;5870;9822;735084;623792;50.7;43.1
78;2021-07-22;5916;9264;741000;633056;51.2;43.7
78;2021-07-23;6118;9144;747118;642200;51.6;44.3
78;2021-07-24;2895;4914;750013;647114;51.8;44.7
78;2021-07-25;972;366;750985;647480;51.8;44.7
79;2020-12-27;0;0;0;0;0.0;0.0
79;2020-12-28;0;0;0;0;0.0;0.0
79;2020-12-29;0;0;0;0;0.0;0.0
79;2020-12-30;0;0;0;0;0.0;0.0
79;2020-12-31;0;0;0;0;0.0;0.0
79;2021-01-01;0;0;0;0;0.0;0.0
79;2021-01-02;0;0;0;0;0.0;0.0
79;2021-01-03;0;0;0;0;0.0;0.0
79;2021-01-04;1;0;1;0;0.0;0.0
79;2021-01-05;0;0;1;0;0.0;0.0
79;2021-01-06;0;0;1;0;0.0;0.0
79;2021-01-07;158;0;159;0;0.0;0.0
79;2021-01-08;165;0;324;0;0.1;0.0
79;2021-01-09;98;0;422;0;0.1;0.0
79;2021-01-10;3;0;425;0;0.1;0.0
79;2021-01-11;184;1;609;1;0.2;0.0
79;2021-01-12;246;0;855;1;0.2;0.0
79;2021-01-13;258;0;1113;1;0.3;0.0
79;2021-01-14;499;6;1612;7;0.4;0.0
79;2021-01-15;615;4;2227;11;0.6;0.0
79;2021-01-16;66;0;2293;11;0.6;0.0
79;2021-01-17;0;0;2293;11;0.6;0.0
79;2021-01-18;477;1;2770;12;0.7;0.0
79;2021-01-19;1343;0;4113;12;1.1;0.0
79;2021-01-20;1643;1;5756;13;1.5;0.0
79;2021-01-21;1997;2;7753;15;2.1;0.0
79;2021-01-22;873;3;8626;18;2.3;0.0
79;2021-01-23;65;0;8691;18;2.3;0.0
79;2021-01-24;0;0;8691;18;2.3;0.0
79;2021-01-25;643;6;9334;24;2.5;0.0
79;2021-01-26;571;12;9905;36;2.7;0.0
79;2021-01-27;741;81;10646;117;2.9;0.0
79;2021-01-28;730;150;11376;267;3.1;0.1
79;2021-01-29;490;88;11866;355;3.2;0.1
79;2021-01-30;0;0;11866;355;3.2;0.1
79;2021-01-31;0;0;11866;355;3.2;0.1
79;2021-02-01;206;111;12072;466;3.2;0.1
79;2021-02-02;324;73;12396;539;3.3;0.1
79;2021-02-03;389;60;12785;599;3.4;0.2
79;2021-02-04;323;109;13108;708;3.5;0.2
79;2021-02-05;356;274;13464;982;3.6;0.3
79;2021-02-06;3;0;13467;982;3.6;0.3
79;2021-02-07;22;0;13489;982;3.6;0.3
79;2021-02-08;283;170;13772;1152;3.7;0.3
79;2021-02-09;456;786;14228;1938;3.8;0.5
79;2021-02-10;615;1197;14843;3135;4.0;0.8
79;2021-02-11;776;1234;15619;4369;4.2;1.2
79;2021-02-12;468;771;16087;5140;4.3;1.4
79;2021-02-13;53;74;16140;5214;4.3;1.4
79;2021-02-14;0;0;16140;5214;4.3;1.4
79;2021-02-15;186;507;16326;5721;4.4;1.5
79;2021-02-16;331;733;16657;6454;4.5;1.7
79;2021-02-17;247;880;16904;7334;4.5;2.0
79;2021-02-18;354;946;17258;8280;4.6;2.2
79;2021-02-19;267;566;17525;8846;4.7;2.4
79;2021-02-20;4;22;17529;8868;4.7;2.4
79;2021-02-21;0;0;17529;8868;4.7;2.4
79;2021-02-22;137;464;17666;9332;4.7;2.5
79;2021-02-23;246;570;17912;9902;4.8;2.7
79;2021-02-24;245;543;18157;10445;4.9;2.8
79;2021-02-25;516;472;18673;10917;5.0;2.9
79;2021-02-26;598;401;19271;11318;5.2;3.0
79;2021-02-27;406;5;19677;11323;5.3;3.0
79;2021-02-28;34;0;19711;11323;5.3;3.0
79;2021-03-01;89;360;19800;11683;5.3;3.1
79;2021-03-02;303;506;20103;12189;5.4;3.3
79;2021-03-03;659;542;20762;12731;5.6;3.4
79;2021-03-04;903;568;21665;13299;5.8;3.6
79;2021-03-05;1216;439;22881;13738;6.1;3.7
79;2021-03-06;609;3;23490;13741;6.3;3.7
79;2021-03-07;77;0;23567;13741;6.3;3.7
79;2021-03-08;344;308;23911;14049;6.4;3.8
79;2021-03-09;839;340;24750;14389;6.6;3.9
79;2021-03-10;1140;402;25890;14791;6.9;4.0
79;2021-03-11;1636;316;27526;15107;7.4;4.1
79;2021-03-12;1717;115;29243;15222;7.8;4.1
79;2021-03-13;1135;8;30378;15230;8.2;4.1
79;2021-03-14;50;0;30428;15230;8.2;4.1
79;2021-03-15;494;158;30922;15388;8.3;4.1
79;2021-03-16;734;140;31656;15528;8.5;4.2
79;2021-03-17;576;108;32232;15636;8.6;4.2
79;2021-03-18;551;201;32783;15837;8.8;4.3
79;2021-03-19;663;254;33446;16091;9.0;4.3
79;2021-03-20;1004;12;34450;16103;9.2;4.3
79;2021-03-21;3;0;34453;16103;9.2;4.3
79;2021-03-22;953;201;35406;16304;9.5;4.4
79;2021-03-23;1585;171;36991;16475;9.9;4.4
79;2021-03-24;1827;147;38818;16622;10.4;4.5
79;2021-03-25;2498;180;41316;16802;11.1;4.5
79;2021-03-26;2402;131;43718;16933;11.7;4.5
79;2021-03-27;769;15;44487;16948;11.9;4.5
79;2021-03-28;1;0;44488;16948;11.9;4.5
79;2021-03-29;2146;111;46634;17059;12.5;4.6
79;2021-03-30;2816;56;49450;17115;13.3;4.6
79;2021-03-31;2778;378;52228;17493;14.0;4.7
79;2021-04-01;2694;370;54922;17863;14.7;4.8
79;2021-04-02;2824;384;57746;18247;15.5;4.9
79;2021-04-03;633;53;58379;18300;15.7;4.9
79;2021-04-04;3;0;58382;18300;15.7;4.9
79;2021-04-05;380;4;58762;18304;15.8;4.9
79;2021-04-06;1792;578;60554;18882;16.3;5.1
79;2021-04-07;3116;711;63670;19593;17.1;5.3
79;2021-04-08;2627;682;66297;20275;17.8;5.4
79;2021-04-09;3735;528;70032;20803;18.8;5.6
79;2021-04-10;1461;376;71493;21179;19.2;5.7
79;2021-04-11;4;0;71497;21179;19.2;5.7
79;2021-04-12;1752;352;73249;21531;19.7;5.8
79;2021-04-13;2172;744;75421;22275;20.2;6.0
79;2021-04-14;2479;665;77900;22940;20.9;6.2
79;2021-04-15;2215;658;80115;23598;21.5;6.3
79;2021-04-16;1414;437;81529;24035;21.9;6.5
79;2021-04-17;582;350;82111;24385;22.0;6.5
79;2021-04-18;1;14;82112;24399;22.0;6.5
79;2021-04-19;1088;842;83200;25241;22.3;6.8
79;2021-04-20;1505;1227;84705;26468;22.7;7.1
79;2021-04-21;1416;1431;86121;27899;23.1;7.5
79;2021-04-22;1569;1079;87690;28978;23.5;7.8
79;2021-04-23;1315;1184;89005;30162;23.9;8.1
79;2021-04-24;651;460;89656;30622;24.1;8.2
79;2021-04-25;0;0;89656;30622;24.1;8.2
79;2021-04-26;1342;1812;90998;32434;24.4;8.7
79;2021-04-27;1893;2341;92891;34775;24.9;9.3
79;2021-04-28;1456;2862;94347;37637;25.3;10.1
79;2021-04-29;2103;2248;96450;39885;25.9;10.7
79;2021-04-30;2112;2449;98562;42334;26.5;11.4
79;2021-05-01;517;376;99079;42710;26.6;11.5
79;2021-05-02;1;11;99080;42721;26.6;11.5
79;2021-05-03;1181;1290;100261;44011;26.9;11.8
79;2021-05-04;1732;2321;101993;46332;27.4;12.4
79;2021-05-05;1696;2482;103689;48814;27.8;13.1
79;2021-05-06;2313;2209;106002;51023;28.4;13.7
79;2021-05-07;2083;2801;108085;53824;29.0;14.4
79;2021-05-08;200;508;108285;54332;29.1;14.6
79;2021-05-09;0;0;108285;54332;29.1;14.6
79;2021-05-10;1583;1782;109868;56114;29.5;15.1
79;2021-05-11;2308;1647;112176;57761;30.1;15.5
79;2021-05-12;1997;2676;114173;60437;30.6;16.2
79;2021-05-13;639;289;114812;60726;30.8;16.3
79;2021-05-14;2099;668;116911;61394;31.4;16.5
79;2021-05-15;1399;498;118310;61892;31.8;16.6
79;2021-05-16;1;22;118311;61914;31.8;16.6
79;2021-05-17;1873;1078;120184;62992;32.3;16.9
79;2021-05-18;2969;1266;123153;64258;33.0;17.2
79;2021-05-19;2892;965;126045;65223;33.8;17.5
79;2021-05-20;3102;1240;129147;66463;34.7;17.8
79;2021-05-21;2765;1058;131912;67521;35.4;18.1
79;2021-05-22;1085;254;132997;67775;35.7;18.2
79;2021-05-23;1;0;132998;67775;35.7;18.2
79;2021-05-24;161;20;133159;67795;35.7;18.2
79;2021-05-25;3199;981;136358;68776;36.6;18.5
79;2021-05-26;3315;847;139673;69623;37.5;18.7
79;2021-05-27;3585;1713;143258;71336;38.4;19.1
79;2021-05-28;3328;1818;146586;73154;39.3;19.6
79;2021-05-29;1073;450;147659;73604;39.6;19.8
79;2021-05-30;3;1;147662;73605;39.6;19.8
79;2021-05-31;2379;731;150041;74336;40.3;19.9
79;2021-06-01;3017;1568;153058;75904;41.1;20.4
79;2021-06-02;4060;1166;157118;77070;42.2;20.7
79;2021-06-03;4079;1748;161197;78818;43.3;21.2
79;2021-06-04;4145;2029;165342;80847;44.4;21.7
79;2021-06-05;2800;755;168142;81602;45.1;21.9
79;2021-06-06;695;37;168837;81639;45.3;21.9
79;2021-06-07;2809;1412;171646;83051;46.1;22.3
79;2021-06-08;2981;2064;174627;85115;46.9;22.8
79;2021-06-09;3628;1933;178255;87048;47.8;23.4
79;2021-06-10;3016;1973;181271;89021;48.6;23.9
79;2021-06-11;3765;2310;185036;91331;49.7;24.5
79;2021-06-12;1710;607;186746;91938;50.1;24.7
79;2021-06-13;212;24;186958;91962;50.2;24.7
79;2021-06-14;1244;1691;188202;93653;50.5;25.1
79;2021-06-15;1876;2358;190078;96011;51.0;25.8
79;2021-06-16;2196;2246;192274;98257;51.6;26.4
79;2021-06-17;2230;2609;194504;100866;52.2;27.1
79;2021-06-18;2404;2315;196908;103181;52.8;27.7
79;2021-06-19;1243;581;198151;103762;53.2;27.8
79;2021-06-20;2;2;198153;103764;53.2;27.8
79;2021-06-21;1224;2280;199377;106044;53.5;28.5
79;2021-06-22;1539;2874;200916;108918;53.9;29.2
79;2021-06-23;1754;2546;202670;111464;54.4;29.9
79;2021-06-24;2085;2002;204755;113466;54.9;30.5
79;2021-06-25;1475;2842;206230;116308;55.3;31.2
79;2021-06-26;863;808;207093;117116;55.6;31.4
79;2021-06-27;13;6;207106;117122;55.6;31.4
79;2021-06-28;1047;2621;208153;119743;55.9;32.1
79;2021-06-29;1443;3548;209596;123291;56.2;33.1
79;2021-06-30;1338;3452;210934;126743;56.6;34.0
79;2021-07-01;1151;3792;212085;130535;56.9;35.0
79;2021-07-02;1452;3342;213537;133877;57.3;35.9
79;2021-07-03;396;1504;213933;135381;57.4;36.3
79;2021-07-04;1;9;213934;135390;57.4;36.3
79;2021-07-05;739;2123;214673;137513;57.6;36.9
79;2021-07-06;933;3668;215606;141181;57.9;37.9
79;2021-07-07;1316;4308;216922;145489;58.2;39.0
79;2021-07-08;1069;4050;217991;149539;58.5;40.1
79;2021-07-09;828;3720;218819;153259;58.7;41.1
79;2021-07-10;510;1318;219329;154577;58.9;41.5
79;2021-07-11;0;12;219329;154589;58.9;41.5
79;2021-07-12;539;3696;219868;158285;59.0;42.5
79;2021-07-13;995;5195;220863;163480;59.3;43.9
79;2021-07-14;131;875;220994;164355;59.3;44.1
79;2021-07-15;1217;4679;222211;169034;59.6;45.4
79;2021-07-16;1317;4356;223528;173390;60.0;46.5
79;2021-07-17;564;2419;224092;175809;60.1;47.2
79;2021-07-18;43;498;224135;176307;60.1;47.3
79;2021-07-19;729;3318;224864;179625;60.3;48.2
79;2021-07-20;1220;3948;226084;183573;60.7;49.3
79;2021-07-21;1174;4197;227258;187770;61.0;50.4
79;2021-07-22;1338;3984;228596;191754;61.3;51.5
79;2021-07-23;1345;4556;229941;196310;61.7;52.7
79;2021-07-24;851;1488;230792;197798;61.9;53.1
79;2021-07-25;55;325;230847;198123;62.0;53.2
80;2020-12-27;0;0;0;0;0.0;0.0
80;2020-12-28;0;0;0;0;0.0;0.0
80;2020-12-29;11;0;11;0;0.0;0.0
80;2020-12-30;0;0;11;0;0.0;0.0
80;2020-12-31;0;0;11;0;0.0;0.0
80;2021-01-01;0;0;11;0;0.0;0.0
80;2021-01-02;0;0;11;0;0.0;0.0
80;2021-01-03;1;0;12;0;0.0;0.0
80;2021-01-04;0;0;12;0;0.0;0.0
80;2021-01-05;0;0;12;0;0.0;0.0
80;2021-01-06;30;0;42;0;0.0;0.0
80;2021-01-07;276;2;318;2;0.1;0.0
80;2021-01-08;330;0;648;2;0.1;0.0
80;2021-01-09;108;0;756;2;0.1;0.0
80;2021-01-10;21;0;777;2;0.1;0.0
80;2021-01-11;276;0;1053;2;0.2;0.0
80;2021-01-12;427;2;1480;4;0.3;0.0
80;2021-01-13;514;3;1994;7;0.3;0.0
80;2021-01-14;453;4;2447;11;0.4;0.0
80;2021-01-15;330;1;2777;12;0.5;0.0
80;2021-01-16;103;1;2880;13;0.5;0.0
80;2021-01-17;102;1;2982;14;0.5;0.0
80;2021-01-18;412;2;3394;16;0.6;0.0
80;2021-01-19;962;16;4356;32;0.8;0.0
80;2021-01-20;1086;4;5442;36;1.0;0.0
80;2021-01-21;1011;8;6453;44;1.1;0.0
80;2021-01-22;1113;3;7566;47;1.3;0.0
80;2021-01-23;908;0;8474;47;1.5;0.0
80;2021-01-24;823;4;9297;51;1.6;0.0
80;2021-01-25;1538;7;10835;58;1.9;0.0
80;2021-01-26;1479;10;12314;68;2.2;0.0
80;2021-01-27;822;28;13136;96;2.3;0.0
80;2021-01-28;623;175;13759;271;2.4;0.0
80;2021-01-29;637;218;14396;489;2.5;0.1
80;2021-01-30;84;61;14480;550;2.5;0.1
80;2021-01-31;0;0;14480;550;2.5;0.1
80;2021-02-01;26;259;14506;809;2.5;0.1
80;2021-02-02;21;446;14527;1255;2.5;0.2
80;2021-02-03;28;544;14555;1799;2.6;0.3
80;2021-02-04;275;348;14830;2147;2.6;0.4
80;2021-02-05;346;211;15176;2358;2.7;0.4
80;2021-02-06;167;70;15343;2428;2.7;0.4
80;2021-02-07;1;0;15344;2428;2.7;0.4
80;2021-02-08;425;241;15769;2669;2.8;0.5
80;2021-02-09;684;245;16453;2914;2.9;0.5
80;2021-02-10;606;494;17059;3408;3.0;0.6
80;2021-02-11;860;352;17919;3760;3.1;0.7
80;2021-02-12;943;313;18862;4073;3.3;0.7
80;2021-02-13;195;428;19057;4501;3.3;0.8
80;2021-02-14;78;572;19135;5073;3.4;0.9
80;2021-02-15;604;1017;19739;6090;3.5;1.1
80;2021-02-16;688;1140;20427;7230;3.6;1.3
80;2021-02-17;484;1174;20911;8404;3.7;1.5
80;2021-02-18;569;1137;21480;9541;3.8;1.7
80;2021-02-19;503;850;21983;10391;3.9;1.8
80;2021-02-20;22;516;22005;10907;3.9;1.9
80;2021-02-21;47;49;22052;10956;3.9;1.9
80;2021-02-22;149;576;22201;11532;3.9;2.0
80;2021-02-23;471;694;22672;12226;4.0;2.1
80;2021-02-24;431;716;23103;12942;4.1;2.3
80;2021-02-25;815;569;23918;13511;4.2;2.4
80;2021-02-26;1062;524;24980;14035;4.4;2.5
80;2021-02-27;475;73;25455;14108;4.5;2.5
80;2021-02-28;48;23;25503;14131;4.5;2.5
80;2021-03-01;728;64;26231;14195;4.6;2.5
80;2021-03-02;1013;87;27244;14282;4.8;2.5
80;2021-03-03;980;53;28224;14335;5.0;2.5
80;2021-03-04;1389;230;29613;14565;5.2;2.6
80;2021-03-05;1868;325;31481;14890;5.5;2.6
80;2021-03-06;2917;310;34398;15200;6.0;2.7
80;2021-03-07;1841;66;36239;15266;6.4;2.7
80;2021-03-08;714;604;36953;15870;6.5;2.8
80;2021-03-09;1309;906;38262;16776;6.7;2.9
80;2021-03-10;1722;732;39984;17508;7.0;3.1
80;2021-03-11;1906;807;41890;18315;7.4;3.2
80;2021-03-12;3135;720;45025;19035;7.9;3.3
80;2021-03-13;4003;182;49028;19217;8.6;3.4
80;2021-03-14;350;12;49378;19229;8.7;3.4
80;2021-03-15;1014;247;50392;19476;8.8;3.4
80;2021-03-16;882;335;51274;19811;9.0;3.5
80;2021-03-17;663;275;51937;20086;9.1;3.5
80;2021-03-18;999;293;52936;20379;9.3;3.6
80;2021-03-19;1738;391;54674;20770;9.6;3.6
80;2021-03-20;3820;98;58494;20868;10.3;3.7
80;2021-03-21;487;30;58981;20898;10.4;3.7
80;2021-03-22;901;287;59882;21185;10.5;3.7
80;2021-03-23;1713;407;61595;21592;10.8;3.8
80;2021-03-24;1753;463;63348;22055;11.1;3.9
80;2021-03-25;2712;443;66060;22498;11.6;3.9
80;2021-03-26;3102;420;69162;22918;12.1;4.0
80;2021-03-27;2229;218;71391;23136;12.5;4.1
80;2021-03-28;674;89;72065;23225;12.6;4.1
80;2021-03-29;1979;741;74044;23966;13.0;4.2
80;2021-03-30;1969;871;76013;24837;13.3;4.4
80;2021-03-31;1494;980;77507;25817;13.6;4.5
80;2021-04-01;1949;1481;79456;27298;13.9;4.8
80;2021-04-02;2810;1567;82266;28865;14.4;5.1
80;2021-04-03;3041;853;85307;29718;15.0;5.2
80;2021-04-04;133;6;85440;29724;15.0;5.2
80;2021-04-05;684;200;86124;29924;15.1;5.3
80;2021-04-06;1278;968;87402;30892;15.3;5.4
80;2021-04-07;1622;1192;89024;32084;15.6;5.6
80;2021-04-08;2155;839;91179;32923;16.0;5.8
80;2021-04-09;3528;1344;94707;34267;16.6;6.0
80;2021-04-10;2735;1936;97442;36203;17.1;6.4
80;2021-04-11;189;174;97631;36377;17.1;6.4
80;2021-04-12;1805;482;99436;36859;17.5;6.5
80;2021-04-13;2381;1035;101817;37894;17.9;6.7
80;2021-04-14;2765;1131;104582;39025;18.4;6.8
80;2021-04-15;3726;855;108308;39880;19.0;7.0
80;2021-04-16;3334;853;111642;40733;19.6;7.1
80;2021-04-17;1651;2300;113293;43033;19.9;7.6
80;2021-04-18;370;384;113663;43417;19.9;7.6
80;2021-04-19;950;776;114613;44193;20.1;7.8
80;2021-04-20;1612;804;116225;44997;20.4;7.9
80;2021-04-21;1612;995;117837;45992;20.7;8.1
80;2021-04-22;2160;1249;119997;47241;21.1;8.3
80;2021-04-23;2633;1241;122630;48482;21.5;8.5
80;2021-04-24;1358;1186;123988;49668;21.8;8.7
80;2021-04-25;209;530;124197;50198;21.8;8.8
80;2021-04-26;1295;1441;125492;51639;22.0;9.1
80;2021-04-27;2020;1396;127512;53035;22.4;9.3
80;2021-04-28;2200;1397;129712;54432;22.8;9.6
80;2021-04-29;3215;1873;132927;56305;23.3;9.9
80;2021-04-30;3077;2846;136004;59151;23.9;10.4
80;2021-05-01;987;654;136991;59805;24.0;10.5
80;2021-05-02;370;52;137361;59857;24.1;10.5
80;2021-05-03;2719;1177;140080;61034;24.6;10.7
80;2021-05-04;2498;1708;142578;62742;25.0;11.0
80;2021-05-05;3361;1850;145939;64592;25.6;11.3
80;2021-05-06;3177;2498;149116;67090;26.2;11.8
80;2021-05-07;3453;2688;152569;69778;26.8;12.2
80;2021-05-08;2781;919;155350;70697;27.3;12.4
80;2021-05-09;1407;260;156757;70957;27.5;12.5
80;2021-05-10;1881;1825;158638;72782;27.8;12.8
80;2021-05-11;3273;1780;161911;74562;28.4;13.1
80;2021-05-12;4696;1557;166607;76119;29.2;13.4
80;2021-05-13;3835;356;170442;76475;29.9;13.4
80;2021-05-14;5189;1395;175631;77870;30.8;13.7
80;2021-05-15;5919;1047;181550;78917;31.9;13.9
80;2021-05-16;2679;305;184229;79222;32.3;13.9
80;2021-05-17;2370;817;186599;80039;32.7;14.0
80;2021-05-18;3946;847;190545;80886;33.4;14.2
80;2021-05-19;4015;942;194560;81828;34.1;14.4
80;2021-05-20;4566;1209;199126;83037;34.9;14.6
80;2021-05-21;4892;1665;204018;84702;35.8;14.9
80;2021-05-22;5032;1146;209050;85848;36.7;15.1
80;2021-05-23;1784;238;210834;86086;37.0;15.1
80;2021-05-24;1466;159;212300;86245;37.3;15.1
80;2021-05-25;2621;1135;214921;87380;37.7;15.3
80;2021-05-26;4246;1692;219167;89072;38.5;15.6
80;2021-05-27;3976;2467;223143;91539;39.2;16.1
80;2021-05-28;3865;2976;227008;94515;39.8;16.6
80;2021-05-29;3695;1619;230703;96134;40.5;16.9
80;2021-05-30;1181;197;231884;96331;40.7;16.9
80;2021-05-31;2600;1375;234484;97706;41.2;17.1
80;2021-06-01;4028;2426;238512;100132;41.9;17.6
80;2021-06-02;3333;2002;241845;102134;42.4;17.9
80;2021-06-03;4265;2922;246110;105056;43.2;18.4
80;2021-06-04;4792;3075;250902;108131;44.0;19.0
80;2021-06-05;3555;2077;254457;110208;44.7;19.3
80;2021-06-06;801;209;255258;110417;44.8;19.4
80;2021-06-07;1746;1941;257004;112358;45.1;19.7
80;2021-06-08;2741;2551;259745;114909;45.6;20.2
80;2021-06-09;3003;2720;262748;117629;46.1;20.6
80;2021-06-10;3164;3165;265912;120794;46.7;21.2
80;2021-06-11;3218;3882;269130;124676;47.2;21.9
80;2021-06-12;3040;2325;272170;127001;47.8;22.3
80;2021-06-13;472;404;272642;127405;47.9;22.4
80;2021-06-14;1259;2847;273901;130252;48.1;22.9
80;2021-06-15;2305;3424;276206;133676;48.5;23.5
80;2021-06-16;1563;4218;277769;137894;48.8;24.2
80;2021-06-17;2352;3619;280121;141513;49.2;24.8
80;2021-06-18;2547;3894;282668;145407;49.6;25.5
80;2021-06-19;2979;4342;285647;149749;50.1;26.3
80;2021-06-20;201;1077;285848;150826;50.2;26.5
80;2021-06-21;1003;2618;286851;153444;50.3;26.9
80;2021-06-22;1139;3935;287990;157379;50.5;27.6
80;2021-06-23;1843;5292;289833;162671;50.9;28.6
80;2021-06-24;1687;4682;291520;167353;51.2;29.4
80;2021-06-25;1374;6124;292894;173477;51.4;30.4
80;2021-06-26;1926;6190;294820;179667;51.7;31.5
80;2021-06-27;330;2030;295150;181697;51.8;31.9
80;2021-06-28;901;3176;296051;184873;52.0;32.4
80;2021-06-29;1905;4625;297956;189498;52.3;33.3
80;2021-06-30;1222;4788;299178;194286;52.5;34.1
80;2021-07-01;1544;5002;300722;199288;52.8;35.0
80;2021-07-02;1849;5989;302571;205277;53.1;36.0
80;2021-07-03;1286;5280;303857;210557;53.3;37.0
80;2021-07-04;688;1471;304545;212028;53.5;37.2
80;2021-07-05;865;2955;305410;214983;53.6;37.7
80;2021-07-06;1840;3990;307250;218973;53.9;38.4
80;2021-07-07;1535;4508;308785;223481;54.2;39.2
80;2021-07-08;2068;5004;310853;228485;54.6;40.1
80;2021-07-09;2585;5463;313438;233948;55.0;41.1
80;2021-07-10;1593;3987;315031;237935;55.3;41.8
80;2021-07-11;397;794;315428;238729;55.4;41.9
80;2021-07-12;860;3382;316288;242111;55.5;42.5
80;2021-07-13;2044;5086;318332;247197;55.9;43.4
80;2021-07-14;2772;1735;321104;248932;56.4;43.7
80;2021-07-15;2758;5292;323862;254224;56.8;44.6
80;2021-07-16;3865;5874;327727;260098;57.5;45.6
80;2021-07-17;3357;4454;331084;264552;58.1;46.4
80;2021-07-18;872;887;331956;265439;58.3;46.6
80;2021-07-19;2145;2871;334101;268310;58.6;47.1
80;2021-07-20;3300;4888;337401;273198;59.2;47.9
80;2021-07-21;3470;4479;340871;277677;59.8;48.7
80;2021-07-22;4298;4533;345169;282210;60.6;49.5
80;2021-07-23;5296;4757;350465;286967;61.5;50.4
80;2021-07-24;4210;4292;354675;291259;62.2;51.1
80;2021-07-25;1182;628;355857;291887;62.5;51.2
81;2020-12-27;0;0;0;0;0.0;0.0
81;2020-12-28;0;0;0;0;0.0;0.0
81;2020-12-29;0;0;0;0;0.0;0.0
81;2020-12-30;0;0;0;0;0.0;0.0
81;2020-12-31;0;0;0;0;0.0;0.0
81;2021-01-01;0;0;0;0;0.0;0.0
81;2021-01-02;0;0;0;0;0.0;0.0
81;2021-01-03;0;0;0;0;0.0;0.0
81;2021-01-04;1;0;1;0;0.0;0.0
81;2021-01-05;0;0;1;0;0.0;0.0
81;2021-01-06;5;0;6;0;0.0;0.0
81;2021-01-07;266;0;272;0;0.1;0.0
81;2021-01-08;312;1;584;1;0.2;0.0
81;2021-01-09;74;1;658;2;0.2;0.0
81;2021-01-10;1;0;659;2;0.2;0.0
81;2021-01-11;133;0;792;2;0.2;0.0
81;2021-01-12;167;0;959;2;0.2;0.0
81;2021-01-13;233;1;1192;3;0.3;0.0
81;2021-01-14;959;7;2151;10;0.6;0.0
81;2021-01-15;524;1;2675;11;0.7;0.0
81;2021-01-16;72;0;2747;11;0.7;0.0
81;2021-01-17;0;0;2747;11;0.7;0.0
81;2021-01-18;579;2;3326;13;0.9;0.0
81;2021-01-19;663;4;3989;17;1.0;0.0
81;2021-01-20;752;2;4741;19;1.2;0.0
81;2021-01-21;1174;3;5915;22;1.5;0.0
81;2021-01-22;852;2;6767;24;1.7;0.0
81;2021-01-23;221;1;6988;25;1.8;0.0
81;2021-01-24;102;0;7090;25;1.8;0.0
81;2021-01-25;566;3;7656;28;2.0;0.0
81;2021-01-26;634;5;8290;33;2.1;0.0
81;2021-01-27;551;4;8841;37;2.3;0.0
81;2021-01-28;685;215;9526;252;2.5;0.1
81;2021-01-29;299;184;9825;436;2.5;0.1
81;2021-01-30;202;38;10027;474;2.6;0.1
81;2021-01-31;104;1;10131;475;2.6;0.1
81;2021-02-01;319;130;10450;605;2.7;0.2
81;2021-02-02;445;142;10895;747;2.8;0.2
81;2021-02-03;476;223;11371;970;2.9;0.3
81;2021-02-04;1394;690;12765;1660;3.3;0.4
81;2021-02-05;868;314;13633;1974;3.5;0.5
81;2021-02-06;274;20;13907;1994;3.6;0.5
81;2021-02-07;103;0;14010;1994;3.6;0.5
81;2021-02-08;274;219;14284;2213;3.7;0.6
81;2021-02-09;418;220;14702;2433;3.8;0.6
81;2021-02-10;371;283;15073;2716;3.9;0.7
81;2021-02-11;649;388;15722;3104;4.1;0.8
81;2021-02-12;576;547;16298;3651;4.2;0.9
81;2021-02-13;187;159;16485;3810;4.2;1.0
81;2021-02-14;100;1;16585;3811;4.3;1.0
81;2021-02-15;234;485;16819;4296;4.3;1.1
81;2021-02-16;281;617;17100;4913;4.4;1.3
81;2021-02-17;241;522;17341;5435;4.5;1.4
81;2021-02-18;483;675;17824;6110;4.6;1.6
81;2021-02-19;564;409;18388;6519;4.7;1.7
81;2021-02-20;322;280;18710;6799;4.8;1.8
81;2021-02-21;22;80;18732;6879;4.8;1.8
81;2021-02-22;232;536;18964;7415;4.9;1.9
81;2021-02-23;168;594;19132;8009;4.9;2.1
81;2021-02-24;291;632;19423;8641;5.0;2.2
81;2021-02-25;705;1054;20128;9695;5.2;2.5
81;2021-02-26;908;955;21036;10650;5.4;2.7
81;2021-02-27;275;243;21311;10893;5.5;2.8
81;2021-02-28;21;89;21332;10982;5.5;2.8
81;2021-03-01;208;410;21540;11392;5.6;2.9
81;2021-03-02;363;541;21903;11933;5.6;3.1
81;2021-03-03;463;422;22366;12355;5.8;3.2
81;2021-03-04;1061;457;23427;12812;6.0;3.3
81;2021-03-05;1405;386;24832;13198;6.4;3.4
81;2021-03-06;981;162;25813;13360;6.7;3.4
81;2021-03-07;154;101;25967;13461;6.7;3.5
81;2021-03-08;465;357;26432;13818;6.8;3.6
81;2021-03-09;808;388;27240;14206;7.0;3.7
81;2021-03-10;898;389;28138;14595;7.3;3.8
81;2021-03-11;1346;353;29484;14948;7.6;3.9
81;2021-03-12;1688;295;31172;15243;8.0;3.9
81;2021-03-13;1030;187;32202;15430;8.3;4.0
81;2021-03-14;64;82;32266;15512;8.3;4.0
81;2021-03-15;1094;209;33360;15721;8.6;4.1
81;2021-03-16;724;226;34084;15947;8.8;4.1
81;2021-03-17;888;272;34972;16219;9.0;4.2
81;2021-03-18;968;580;35940;16799;9.3;4.3
81;2021-03-19;1270;451;37210;17250;9.6;4.4
81;2021-03-20;676;277;37886;17527;9.8;4.5
81;2021-03-21;139;22;38025;17549;9.8;4.5
81;2021-03-22;932;283;38957;17832;10.0;4.6
81;2021-03-23;1418;220;40375;18052;10.4;4.7
81;2021-03-24;1598;272;41973;18324;10.8;4.7
81;2021-03-25;2028;320;44001;18644;11.3;4.8
81;2021-03-26;2099;276;46100;18920;11.9;4.9
81;2021-03-27;1092;34;47192;18954;12.2;4.9
81;2021-03-28;733;39;47925;18993;12.4;4.9
81;2021-03-29;2862;176;50787;19169;13.1;4.9
81;2021-03-30;3053;202;53840;19371;13.9;5.0
81;2021-03-31;2690;288;56530;19659;14.6;5.1
81;2021-04-01;3312;549;59842;20208;15.4;5.2
81;2021-04-02;2613;358;62455;20566;16.1;5.3
81;2021-04-03;1146;298;63601;20864;16.4;5.4
81;2021-04-04;1401;17;65002;20881;16.8;5.4
81;2021-04-05;717;18;65719;20899;16.9;5.4
81;2021-04-06;1590;505;67309;21404;17.4;5.5
81;2021-04-07;1813;577;69122;21981;17.8;5.7
81;2021-04-08;2613;822;71735;22803;18.5;5.9
81;2021-04-09;3048;458;74783;23261;19.3;6.0
81;2021-04-10;1476;502;76259;23763;19.7;6.1
81;2021-04-11;1297;56;77556;23819;20.0;6.1
81;2021-04-12;1217;683;78773;24502;20.3;6.3
81;2021-04-13;2531;773;81304;25275;21.0;6.5
81;2021-04-14;2504;820;83808;26095;21.6;6.7
81;2021-04-15;3095;1186;86903;27281;22.4;7.0
81;2021-04-16;2818;1074;89721;28355;23.1;7.3
81;2021-04-17;1145;289;90866;28644;23.4;7.4
81;2021-04-18;518;145;91384;28789;23.6;7.4
81;2021-04-19;913;821;92297;29610;23.8;7.6
81;2021-04-20;2270;1163;94567;30773;24.4;7.9
81;2021-04-21;2224;997;96791;31770;25.0;8.2
81;2021-04-22;2817;1055;99608;32825;25.7;8.5
81;2021-04-23;2877;964;102485;33789;26.4;8.7
81;2021-04-24;1325;742;103810;34531;26.8;8.9
81;2021-04-25;454;716;104264;35247;26.9;9.1
81;2021-04-26;1060;2425;105324;37672;27.2;9.7
81;2021-04-27;1597;2350;106921;40022;27.6;10.3
81;2021-04-28;1418;2391;108339;42413;27.9;10.9
81;2021-04-29;1815;2747;110154;45160;28.4;11.6
81;2021-04-30;2012;2350;112166;47510;28.9;12.2
81;2021-05-01;361;685;112527;48195;29.0;12.4
81;2021-05-02;291;1381;112818;49576;29.1;12.8
81;2021-05-03;1115;1168;113933;50744;29.4;13.1
81;2021-05-04;2620;1903;116553;52647;30.0;13.6
81;2021-05-05;2015;1929;118568;54576;30.6;14.1
81;2021-05-06;2739;3410;121307;57986;31.3;14.9
81;2021-05-07;2112;2854;123419;60840;31.8;15.7
81;2021-05-08;962;876;124381;61716;32.1;15.9
81;2021-05-09;534;1353;124915;63069;32.2;16.3
81;2021-05-10;823;1602;125738;64671;32.4;16.7
81;2021-05-11;1660;2575;127398;67246;32.8;17.3
81;2021-05-12;1633;2455;129031;69701;33.3;18.0
81;2021-05-13;1216;565;130247;70266;33.6;18.1
81;2021-05-14;1890;1722;132137;71988;34.1;18.6
81;2021-05-15;1511;618;133648;72606;34.5;18.7
81;2021-05-16;1368;415;135016;73021;34.8;18.8
81;2021-05-17;1166;861;136182;73882;35.1;19.0
81;2021-05-18;1698;1431;137880;75313;35.5;19.4
81;2021-05-19;2642;1244;140522;76557;36.2;19.7
81;2021-05-20;2968;1346;143490;77903;37.0;20.1
81;2021-05-21;2737;1115;146227;79018;37.7;20.4
81;2021-05-22;2817;518;149044;79536;38.4;20.5
81;2021-05-23;1179;74;150223;79610;38.7;20.5
81;2021-05-24;837;79;151060;79689;38.9;20.5
81;2021-05-25;2493;1104;153553;80793;39.6;20.8
81;2021-05-26;1890;794;155443;81587;40.1;21.0
81;2021-05-27;2556;1533;157999;83120;40.7;21.4
81;2021-05-28;2562;1663;160561;84783;41.4;21.9
81;2021-05-29;1401;540;161962;85323;41.8;22.0
81;2021-05-30;932;220;162894;85543;42.0;22.1
81;2021-05-31;1183;1337;164077;86880;42.3;22.4
81;2021-06-01;1780;2699;165857;89579;42.8;23.1
81;2021-06-02;1990;2442;167847;92021;43.3;23.7
81;2021-06-03;2001;2533;169848;94554;43.8;24.4
81;2021-06-04;1845;2949;171693;97503;44.3;25.1
81;2021-06-05;1754;1306;173447;98809;44.7;25.5
81;2021-06-06;370;366;173817;99175;44.8;25.6
81;2021-06-07;1208;1539;175025;100714;45.1;26.0
81;2021-06-08;2362;2386;177387;103100;45.7;26.6
81;2021-06-09;2439;1864;179826;104964;46.4;27.1
81;2021-06-10;1278;1565;181104;106529;46.7;27.5
81;2021-06-11;2652;2200;183756;108729;47.4;28.0
81;2021-06-12;1658;1036;185414;109765;47.8;28.3
81;2021-06-13;442;475;185856;110240;47.9;28.4
81;2021-06-14;771;1421;186627;111661;48.1;28.8
81;2021-06-15;1673;3502;188300;115163;48.5;29.7
81;2021-06-16;1265;3011;189565;118174;48.9;30.5
81;2021-06-17;1337;2523;190902;120697;49.2;31.1
81;2021-06-18;1832;2765;192734;123462;49.7;31.8
81;2021-06-19;825;947;193559;124409;49.9;32.1
81;2021-06-20;405;537;193964;124946;50.0;32.2
81;2021-06-21;422;1037;194386;125983;50.1;32.5
81;2021-06-22;1059;2565;195445;128548;50.4;33.1
81;2021-06-23;1133;2153;196578;130701;50.7;33.7
81;2021-06-24;1106;1939;197684;132640;51.0;34.2
81;2021-06-25;1219;2865;198903;135505;51.3;34.9
81;2021-06-26;722;1705;199625;137210;51.5;35.4
81;2021-06-27;526;1649;200151;138859;51.6;35.8
81;2021-06-28;472;1544;200623;140403;51.7;36.2
81;2021-06-29;1078;2635;201701;143038;52.0;36.9
81;2021-06-30;1035;3157;202736;146195;52.3;37.7
81;2021-07-01;872;2626;203608;148821;52.5;38.4
81;2021-07-02;987;2856;204595;151677;52.7;39.1
81;2021-07-03;725;2821;205320;154498;52.9;39.8
81;2021-07-04;268;1009;205588;155507;53.0;40.1
81;2021-07-05;683;1618;206271;157125;53.2;40.5
81;2021-07-06;968;3175;207239;160300;53.4;41.3
81;2021-07-07;1054;2438;208293;162738;53.7;42.0
81;2021-07-08;1025;2232;209318;164970;54.0;42.5
81;2021-07-09;1143;2697;210461;167667;54.3;43.2
81;2021-07-10;802;1522;211263;169189;54.5;43.6
81;2021-07-11;434;1012;211697;170201;54.6;43.9
81;2021-07-12;724;1727;212421;171928;54.8;44.3
81;2021-07-13;2050;3137;214471;175065;55.3;45.1
81;2021-07-14;1437;1557;215908;176622;55.7;45.5
81;2021-07-15;2526;2752;218434;179374;56.3;46.2
81;2021-07-16;2016;3017;220450;182391;56.8;47.0
81;2021-07-17;1214;2453;221664;184844;57.1;47.7
81;2021-07-18;673;1125;222337;185969;57.3;47.9
81;2021-07-19;1159;1728;223496;187697;57.6;48.4
81;2021-07-20;3036;2782;226532;190479;58.4;49.1
81;2021-07-21;3461;2320;229993;192799;59.3;49.7
81;2021-07-22;3527;2075;233520;194874;60.2;50.2
81;2021-07-23;3149;3217;236669;198091;61.0;51.1
81;2021-07-24;2507;1688;239176;199779;61.7;51.5
81;2021-07-25;1684;702;240860;200481;62.1;51.7
82;2020-12-27;0;0;0;0;0.0;0.0
82;2020-12-28;1;0;1;0;0.0;0.0
82;2020-12-29;0;0;1;0;0.0;0.0
82;2020-12-30;0;0;1;0;0.0;0.0
82;2020-12-31;0;0;1;0;0.0;0.0
82;2021-01-01;0;0;1;0;0.0;0.0
82;2021-01-02;0;0;1;0;0.0;0.0
82;2021-01-03;0;0;1;0;0.0;0.0
82;2021-01-04;0;0;1;0;0.0;0.0
82;2021-01-05;86;0;87;0;0.0;0.0
82;2021-01-06;1;0;88;0;0.0;0.0
82;2021-01-07;75;0;163;0;0.1;0.0
82;2021-01-08;46;0;209;0;0.1;0.0
82;2021-01-09;77;0;286;0;0.1;0.0
82;2021-01-10;0;0;286;0;0.1;0.0
82;2021-01-11;94;0;380;0;0.1;0.0
82;2021-01-12;284;0;664;0;0.3;0.0
82;2021-01-13;336;1;1000;1;0.4;0.0
82;2021-01-14;441;4;1441;5;0.5;0.0
82;2021-01-15;612;2;2053;7;0.8;0.0
82;2021-01-16;228;3;2281;10;0.9;0.0
82;2021-01-17;89;0;2370;10;0.9;0.0
82;2021-01-18;433;2;2803;12;1.1;0.0
82;2021-01-19;479;1;3282;13;1.2;0.0
82;2021-01-20;663;1;3945;14;1.5;0.0
82;2021-01-21;446;1;4391;15;1.7;0.0
82;2021-01-22;482;2;4873;17;1.9;0.0
82;2021-01-23;151;0;5024;17;1.9;0.0
82;2021-01-24;0;0;5024;17;1.9;0.0
82;2021-01-25;376;0;5400;17;2.1;0.0
82;2021-01-26;468;0;5868;17;2.2;0.0
82;2021-01-27;519;1;6387;18;2.4;0.0
82;2021-01-28;585;34;6972;52;2.7;0.0
82;2021-01-29;405;108;7377;160;2.8;0.1
82;2021-01-30;44;22;7421;182;2.8;0.1
82;2021-01-31;0;0;7421;182;2.8;0.1
82;2021-02-01;292;55;7713;237;2.9;0.1
82;2021-02-02;344;100;8057;337;3.1;0.1
82;2021-02-03;462;66;8519;403;3.2;0.2
82;2021-02-04;763;219;9282;622;3.5;0.2
82;2021-02-05;478;147;9760;769;3.7;0.3
82;2021-02-06;93;39;9853;808;3.8;0.3
82;2021-02-07;29;79;9882;887;3.8;0.3
82;2021-02-08;148;227;10030;1114;3.8;0.4
82;2021-02-09;238;393;10268;1507;3.9;0.6
82;2021-02-10;271;602;10539;2109;4.0;0.8
82;2021-02-11;224;402;10763;2511;4.1;1.0
82;2021-02-12;190;611;10953;3122;4.2;1.2
82;2021-02-13;59;118;11012;3240;4.2;1.2
82;2021-02-14;4;81;11016;3321;4.2;1.3
82;2021-02-15;217;306;11233;3627;4.3;1.4
82;2021-02-16;280;392;11513;4019;4.4;1.5
82;2021-02-17;357;519;11870;4538;4.5;1.7
82;2021-02-18;507;510;12377;5048;4.7;1.9
82;2021-02-19;489;544;12866;5592;4.9;2.1
82;2021-02-20;78;139;12944;5731;4.9;2.2
82;2021-02-21;0;0;12944;5731;4.9;2.2
82;2021-02-22;198;407;13142;6138;5.0;2.3
82;2021-02-23;275;469;13417;6607;5.1;2.5
82;2021-02-24;281;458;13698;7065;5.2;2.7
82;2021-02-25;637;508;14335;7573;5.5;2.9
82;2021-02-26;648;375;14983;7948;5.7;3.0
82;2021-02-27;214;73;15197;8021;5.8;3.1
82;2021-02-28;30;7;15227;8028;5.8;3.1
82;2021-03-01;291;228;15518;8256;5.9;3.1
82;2021-03-02;495;402;16013;8658;6.1;3.3
82;2021-03-03;439;386;16452;9044;6.3;3.4
82;2021-03-04;600;300;17052;9344;6.5;3.6
82;2021-03-05;680;380;17732;9724;6.8;3.7
82;2021-03-06;688;39;18420;9763;7.0;3.7
82;2021-03-07;300;3;18720;9766;7.1;3.7
82;2021-03-08;603;155;19323;9921;7.4;3.8
82;2021-03-09;582;257;19905;10178;7.6;3.9
82;2021-03-10;778;246;20683;10424;7.9;4.0
82;2021-03-11;970;281;21653;10705;8.2;4.1
82;2021-03-12;992;103;22645;10808;8.6;4.1
82;2021-03-13;564;52;23209;10860;8.8;4.1
82;2021-03-14;61;5;23270;10865;8.9;4.1
82;2021-03-15;485;326;23755;11191;9.0;4.3
82;2021-03-16;195;334;23950;11525;9.1;4.4
82;2021-03-17;190;296;24140;11821;9.2;4.5
82;2021-03-18;279;350;24419;12171;9.3;4.6
82;2021-03-19;533;312;24952;12483;9.5;4.8
82;2021-03-20;252;58;25204;12541;9.6;4.8
82;2021-03-21;23;0;25227;12541;9.6;4.8
82;2021-03-22;405;317;25632;12858;9.8;4.9
82;2021-03-23;602;311;26234;13169;10.0;5.0
82;2021-03-24;619;334;26853;13503;10.2;5.1
82;2021-03-25;927;244;27780;13747;10.6;5.2
82;2021-03-26;1211;267;28991;14014;11.0;5.3
82;2021-03-27;478;78;29469;14092;11.2;5.4
82;2021-03-28;136;1;29605;14093;11.3;5.4
82;2021-03-29;923;378;30528;14471;11.6;5.5
82;2021-03-30;1186;276;31714;14747;12.1;5.6
82;2021-03-31;1018;258;32732;15005;12.5;5.7
82;2021-04-01;1072;196;33804;15201;12.9;5.8
82;2021-04-02;1210;285;35014;15486;13.3;5.9
82;2021-04-03;715;129;35729;15615;13.6;5.9
82;2021-04-04;275;12;36004;15627;13.7;6.0
82;2021-04-05;388;19;36392;15646;13.9;6.0
82;2021-04-06;950;511;37342;16157;14.2;6.2
82;2021-04-07;1017;495;38359;16652;14.6;6.3
82;2021-04-08;1454;413;39813;17065;15.2;6.5
82;2021-04-09;1655;469;41468;17534;15.8;6.7
82;2021-04-10;1710;98;43178;17632;16.4;6.7
82;2021-04-11;559;17;43737;17649;16.7;6.7
82;2021-04-12;1347;290;45084;17939;17.2;6.8
82;2021-04-13;1624;264;46708;18203;17.8;6.9
82;2021-04-14;1406;295;48114;18498;18.3;7.0
82;2021-04-15;1780;319;49894;18817;19.0;7.2
82;2021-04-16;1540;330;51434;19147;19.6;7.3
82;2021-04-17;1243;69;52677;19216;20.1;7.3
82;2021-04-18;560;13;53237;19229;20.3;7.3
82;2021-04-19;959;359;54196;19588;20.6;7.5
82;2021-04-20;1267;400;55463;19988;21.1;7.6
82;2021-04-21;1218;375;56681;20363;21.6;7.8
82;2021-04-22;1448;293;58129;20656;22.1;7.9
82;2021-04-23;1077;680;59206;21336;22.5;8.1
82;2021-04-24;1185;263;60391;21599;23.0;8.2
82;2021-04-25;736;47;61127;21646;23.3;8.2
82;2021-04-26;748;808;61875;22454;23.6;8.6
82;2021-04-27;905;925;62780;23379;23.9;8.9
82;2021-04-28;921;868;63701;24247;24.3;9.2
82;2021-04-29;1106;905;64807;25152;24.7;9.6
82;2021-04-30;1039;888;65846;26040;25.1;9.9
82;2021-05-01;1140;257;66986;26297;25.5;10.0
82;2021-05-02;697;143;67683;26440;25.8;10.1
82;2021-05-03;410;1215;68093;27655;25.9;10.5
82;2021-05-04;863;1168;68956;28823;26.3;11.0
82;2021-05-05;568;1172;69524;29995;26.5;11.4
82;2021-05-06;851;1418;70375;31413;26.8;12.0
82;2021-05-07;734;1452;71109;32865;27.1;12.5
82;2021-05-08;933;519;72042;33384;27.4;12.7
82;2021-05-09;754;580;72796;33964;27.7;12.9
82;2021-05-10;850;1365;73646;35329;28.0;13.5
82;2021-05-11;1158;1350;74804;36679;28.5;14.0
82;2021-05-12;1014;1345;75818;38024;28.9;14.5
82;2021-05-13;1455;429;77273;38453;29.4;14.6
82;2021-05-14;1691;1238;78964;39691;30.1;15.1
82;2021-05-15;1934;690;80898;40381;30.8;15.4
82;2021-05-16;557;115;81455;40496;31.0;15.4
82;2021-05-17;1090;1172;82545;41668;31.4;15.9
82;2021-05-18;1464;1188;84009;42856;32.0;16.3
82;2021-05-19;1267;979;85276;43835;32.5;16.7
82;2021-05-20;1407;1158;86683;44993;33.0;17.1
82;2021-05-21;1411;1215;88094;46208;33.5;17.6
82;2021-05-22;2070;631;90164;46839;34.3;17.8
82;2021-05-23;704;117;90868;46956;34.6;17.9
82;2021-05-24;1441;262;92309;47218;35.1;18.0
82;2021-05-25;1443;963;93752;48181;35.7;18.3
82;2021-05-26;1413;920;95165;49101;36.2;18.7
82;2021-05-27;1461;1027;96626;50128;36.8;19.1
82;2021-05-28;1538;1145;98164;51273;37.4;19.5
82;2021-05-29;1496;546;99660;51819;37.9;19.7
82;2021-05-30;403;101;100063;51920;38.1;19.8
82;2021-05-31;1489;990;101552;52910;38.7;20.1
82;2021-06-01;1749;1052;103301;53962;39.3;20.5
82;2021-06-02;1473;1004;104774;54966;39.9;20.9
82;2021-06-03;1490;1180;106264;56146;40.5;21.4
82;2021-06-04;2249;1306;108513;57452;41.3;21.9
82;2021-06-05;2270;984;110783;58436;42.2;22.3
82;2021-06-06;327;134;111110;58570;42.3;22.3
82;2021-06-07;958;1276;112068;59846;42.7;22.8
82;2021-06-08;1447;1141;113515;60987;43.2;23.2
82;2021-06-09;1707;1139;115222;62126;43.9;23.7
82;2021-06-10;1439;1209;116661;63335;44.4;24.1
82;2021-06-11;1920;1122;118581;64457;45.2;24.5
82;2021-06-12;2394;1398;120975;65855;46.1;25.1
82;2021-06-13;377;113;121352;65968;46.2;25.1
82;2021-06-14;1208;1081;122560;67049;46.7;25.5
82;2021-06-15;1458;1243;124018;68292;47.2;26.0
82;2021-06-16;1750;1164;125768;69456;47.9;26.4
82;2021-06-17;1219;1474;126987;70930;48.4;27.0
82;2021-06-18;1469;1442;128456;72372;48.9;27.6
82;2021-06-19;2270;972;130726;73344;49.8;27.9
82;2021-06-20;268;174;130994;73518;49.9;28.0
82;2021-06-21;484;1362;131478;74880;50.1;28.5
82;2021-06-22;889;1706;132367;76586;50.4;29.2
82;2021-06-23;1232;1587;133599;78173;50.9;29.8
82;2021-06-24;751;1900;134350;80073;51.2;30.5
82;2021-06-25;738;1940;135088;82013;51.4;31.2
82;2021-06-26;1239;2151;136327;84164;51.9;32.0
82;2021-06-27;195;438;136522;84602;52.0;32.2
82;2021-06-28;330;1412;136852;86014;52.1;32.8
82;2021-06-29;516;1843;137368;87857;52.3;33.5
82;2021-06-30;945;1908;138313;89765;52.7;34.2
82;2021-07-01;648;1634;138961;91399;52.9;34.8
82;2021-07-02;929;2311;139890;93710;53.3;35.7
82;2021-07-03;860;2337;140750;96047;53.6;36.6
82;2021-07-04;117;436;140867;96483;53.6;36.7
82;2021-07-05;436;1565;141303;98048;53.8;37.3
82;2021-07-06;509;1868;141812;99916;54.0;38.0
82;2021-07-07;784;1769;142596;101685;54.3;38.7
82;2021-07-08;503;1499;143099;103184;54.5;39.3
82;2021-07-09;779;2153;143878;105337;54.8;40.1
82;2021-07-10;704;2219;144582;107556;55.1;41.0
82;2021-07-11;38;382;144620;107938;55.1;41.1
82;2021-07-12;576;1881;145196;109819;55.3;41.8
82;2021-07-13;708;2002;145904;111821;55.6;42.6
82;2021-07-14;616;739;146520;112560;55.8;42.9
82;2021-07-15;842;1750;147362;114310;56.1;43.5
82;2021-07-16;1434;2629;148796;116939;56.7;44.5
82;2021-07-17;559;2193;149355;119132;56.9;45.4
82;2021-07-18;14;41;149369;119173;56.9;45.4
82;2021-07-19;726;2068;150095;121241;57.2;46.2
82;2021-07-20;917;1883;151012;123124;57.5;46.9
82;2021-07-21;1282;1751;152294;124875;58.0;47.6
82;2021-07-22;1070;1760;153364;126635;58.4;48.2
82;2021-07-23;1032;2975;154396;129610;58.8;49.4
82;2021-07-24;1096;1461;155492;131071;59.2;49.9
82;2021-07-25;290;70;155782;131141;59.3;49.9
83;2020-12-27;1;0;1;0;0.0;0.0
83;2020-12-28;0;0;1;0;0.0;0.0
83;2020-12-29;0;0;1;0;0.0;0.0
83;2020-12-30;1;0;2;0;0.0;0.0
83;2020-12-31;0;0;2;0;0.0;0.0
83;2021-01-01;1;0;3;0;0.0;0.0
83;2021-01-02;0;0;3;0;0.0;0.0
83;2021-01-03;0;0;3;0;0.0;0.0
83;2021-01-04;0;0;3;0;0.0;0.0
83;2021-01-05;2;0;5;0;0.0;0.0
83;2021-01-06;69;0;74;0;0.0;0.0
83;2021-01-07;324;1;398;1;0.0;0.0
83;2021-01-08;410;0;808;1;0.1;0.0
83;2021-01-09;48;0;856;1;0.1;0.0
83;2021-01-10;1;0;857;1;0.1;0.0
83;2021-01-11;474;0;1331;1;0.1;0.0
83;2021-01-12;975;1;2306;2;0.2;0.0
83;2021-01-13;961;7;3267;9;0.3;0.0
83;2021-01-14;834;6;4101;15;0.4;0.0
83;2021-01-15;702;0;4803;15;0.4;0.0
83;2021-01-16;41;0;4844;15;0.5;0.0
83;2021-01-17;1;0;4845;15;0.5;0.0
83;2021-01-18;1216;4;6061;19;0.6;0.0
83;2021-01-19;2012;6;8073;25;0.8;0.0
83;2021-01-20;1655;9;9728;34;0.9;0.0
83;2021-01-21;2097;6;11825;40;1.1;0.0
83;2021-01-22;1652;5;13477;45;1.3;0.0
83;2021-01-23;242;0;13719;45;1.3;0.0
83;2021-01-24;21;1;13740;46;1.3;0.0
83;2021-01-25;1551;5;15291;51;1.4;0.0
83;2021-01-26;1746;14;17037;65;1.6;0.0
83;2021-01-27;2152;79;19189;144;1.8;0.0
83;2021-01-28;5073;356;24262;500;2.3;0.0
83;2021-01-29;2945;350;27207;850;2.5;0.1
83;2021-01-30;233;45;27440;895;2.6;0.1
83;2021-01-31;46;0;27486;895;2.6;0.1
83;2021-02-01;1277;423;28763;1318;2.7;0.1
83;2021-02-02;1429;729;30192;2047;2.8;0.2
83;2021-02-03;1520;638;31712;2685;3.0;0.3
83;2021-02-04;1483;749;33195;3434;3.1;0.3
83;2021-02-05;1217;684;34412;4118;3.2;0.4
83;2021-02-06;21;14;34433;4132;3.2;0.4
83;2021-02-07;1;0;34434;4132;3.2;0.4
83;2021-02-08;1084;632;35518;4764;3.3;0.4
83;2021-02-09;1323;913;36841;5677;3.4;0.5
83;2021-02-10;1526;817;38367;6494;3.6;0.6
83;2021-02-11;1599;1025;39966;7519;3.7;0.7
83;2021-02-12;1344;851;41310;8370;3.8;0.8
83;2021-02-13;52;25;41362;8395;3.9;0.8
83;2021-02-14;0;0;41362;8395;3.9;0.8
83;2021-02-15;667;1062;42029;9457;3.9;0.9
83;2021-02-16;540;1378;42569;10835;4.0;1.0
83;2021-02-17;803;1850;43372;12685;4.0;1.2
83;2021-02-18;1618;3876;44990;16561;4.2;1.5
83;2021-02-19;1472;2374;46462;18935;4.3;1.8
83;2021-02-20;58;170;46520;19105;4.3;1.8
83;2021-02-21;23;35;46543;19140;4.3;1.8
83;2021-02-22;499;1759;47042;20899;4.4;1.9
83;2021-02-23;669;1448;47711;22347;4.4;2.1
83;2021-02-24;717;1490;48428;23837;4.5;2.2
83;2021-02-25;1242;1421;49670;25258;4.6;2.4
83;2021-02-26;1297;1259;50967;26517;4.7;2.5
83;2021-02-27;550;55;51517;26572;4.8;2.5
83;2021-02-28;8;13;51525;26585;4.8;2.5
83;2021-03-01;803;1247;52328;27832;4.9;2.6
83;2021-03-02;983;1310;53311;29142;5.0;2.7
83;2021-03-03;1427;1532;54738;30674;5.1;2.9
83;2021-03-04;1873;1375;56611;32049;5.3;3.0
83;2021-03-05;2211;1230;58822;33279;5.5;3.1
83;2021-03-06;2998;101;61820;33380;5.8;3.1
83;2021-03-07;2225;26;64045;33406;6.0;3.1
83;2021-03-08;845;1318;64890;34724;6.0;3.2
83;2021-03-09;1924;1219;66814;35943;6.2;3.3
83;2021-03-10;2362;1351;69176;37294;6.4;3.5
83;2021-03-11;3659;2210;72835;39504;6.8;3.7
83;2021-03-12;3636;1502;76471;41006;7.1;3.8
83;2021-03-13;4585;169;81056;41175;7.5;3.8
83;2021-03-14;2322;43;83378;41218;7.8;3.8
83;2021-03-15;3334;683;86712;41901;8.1;3.9
83;2021-03-16;2595;682;89307;42583;8.3;4.0
83;2021-03-17;2840;764;92147;43347;8.6;4.0
83;2021-03-18;3546;792;95693;44139;8.9;4.1
83;2021-03-19;4165;593;99858;44732;9.3;4.2
83;2021-03-20;3466;58;103324;44790;9.6;4.2
83;2021-03-21;2009;26;105333;44816;9.8;4.2
83;2021-03-22;3957;884;109290;45700;10.2;4.3
83;2021-03-23;4736;578;114026;46278;10.6;4.3
83;2021-03-24;5033;706;119059;46984;11.1;4.4
83;2021-03-25;6522;823;125581;47807;11.7;4.5
83;2021-03-26;7169;730;132750;48537;12.4;4.5
83;2021-03-27;3961;379;136711;48916;12.7;4.6
83;2021-03-28;2183;24;138894;48940;12.9;4.6
83;2021-03-29;4541;753;143435;49693;13.4;4.6
83;2021-03-30;5950;917;149385;50610;13.9;4.7
83;2021-03-31;5547;1055;154932;51665;14.4;4.8
83;2021-04-01;5959;1248;160891;52913;15.0;4.9
83;2021-04-02;5748;1059;166639;53972;15.5;5.0
83;2021-04-03;1796;625;168435;54597;15.7;5.1
83;2021-04-04;853;345;169288;54942;15.8;5.1
83;2021-04-05;186;66;169474;55008;15.8;5.1
83;2021-04-06;4722;1377;174196;56385;16.2;5.3
83;2021-04-07;5823;1636;180019;58021;16.8;5.4
83;2021-04-08;7857;1964;187876;59985;17.5;5.6
83;2021-04-09;7581;2164;195457;62149;18.2;5.8
83;2021-04-10;2942;2639;198399;64788;18.5;6.0
83;2021-04-11;1722;2130;200121;66918;18.6;6.2
83;2021-04-12;4941;2849;205062;69767;19.1;6.5
83;2021-04-13;5400;2989;210462;72756;19.6;6.8
83;2021-04-14;5893;2934;216355;75690;20.1;7.0
83;2021-04-15;6762;3007;223117;78697;20.8;7.3
83;2021-04-16;6115;3492;229232;82189;21.3;7.7
83;2021-04-17;3504;2182;232736;84371;21.7;7.9
83;2021-04-18;2172;1294;234908;85665;21.9;8.0
83;2021-04-19;4098;3898;239006;89563;22.3;8.3
83;2021-04-20;4352;3858;243358;93421;22.7;8.7
83;2021-04-21;4294;4138;247652;97559;23.1;9.1
83;2021-04-22;4997;4278;252649;101837;23.5;9.5
83;2021-04-23;4505;4531;257154;106368;23.9;9.9
83;2021-04-24;2626;2709;259780;109077;24.2;10.2
83;2021-04-25;1925;1568;261705;110645;24.4;10.3
83;2021-04-26;3569;3843;265274;114488;24.7;10.7
83;2021-04-27;4127;4543;269401;119031;25.1;11.1
83;2021-04-28;4316;4350;273717;123381;25.5;11.5
83;2021-04-29;5802;5090;279519;128471;26.0;12.0
83;2021-04-30;5781;4289;285300;132760;26.6;12.4
83;2021-05-01;1693;424;286993;133184;26.7;12.4
83;2021-05-02;1233;751;288226;133935;26.8;12.5
83;2021-05-03;3747;4271;291973;138206;27.2;12.9
83;2021-05-04;3344;5093;295317;143299;27.5;13.3
83;2021-05-05;3637;4948;298954;148247;27.8;13.8
83;2021-05-06;4660;4937;303614;153184;28.3;14.3
83;2021-05-07;4167;5303;307781;158487;28.7;14.8
83;2021-05-08;2757;998;310538;159485;28.9;14.9
83;2021-05-09;2148;1227;312686;160712;29.1;15.0
83;2021-05-10;3201;5416;315887;166128;29.4;15.5
83;2021-05-11;5115;5646;321002;171774;29.9;16.0
83;2021-05-12;6288;4842;327290;176616;30.5;16.4
83;2021-05-13;6576;1325;333866;177941;31.1;16.6
83;2021-05-14;7415;4091;341281;182032;31.8;17.0
83;2021-05-15;7750;2191;349031;184223;32.5;17.2
83;2021-05-16;6625;1242;355656;185465;33.1;17.3
83;2021-05-17;4894;4198;360550;189663;33.6;17.7
83;2021-05-18;5518;3847;366068;193510;34.1;18.0
83;2021-05-19;6202;3385;372270;196895;34.7;18.3
83;2021-05-20;6738;3758;379008;200653;35.3;18.7
83;2021-05-21;7904;3797;386912;204450;36.0;19.0
83;2021-05-22;6084;1710;392996;206160;36.6;19.2
83;2021-05-23;4680;701;397676;206861;37.0;19.3
83;2021-05-24;5808;963;403484;207824;37.6;19.4
83;2021-05-25;5500;4752;408984;212576;38.1;19.8
83;2021-05-26;4847;4422;413831;216998;38.5;20.2
83;2021-05-27;5064;5254;418895;222252;39.0;20.7
83;2021-05-28;4498;5748;423393;228000;39.4;21.2
83;2021-05-29;2700;4270;426093;232270;39.7;21.6
83;2021-05-30;1253;1369;427346;233639;39.8;21.8
83;2021-05-31;5488;4761;432834;238400;40.3;22.2
83;2021-06-01;5722;5296;438556;243696;40.8;22.7
83;2021-06-02;5238;4563;443794;248259;41.3;23.1
83;2021-06-03;5724;5117;449518;253376;41.9;23.6
83;2021-06-04;5436;6041;454954;259417;42.4;24.2
83;2021-06-05;3924;3188;458878;262605;42.7;24.5
83;2021-06-06;1928;1377;460806;263982;42.9;24.6
83;2021-06-07;3904;5085;464710;269067;43.3;25.1
83;2021-06-08;4157;4794;468867;273861;43.7;25.5
83;2021-06-09;3997;4697;472864;278558;44.0;25.9
83;2021-06-10;3984;4247;476848;282805;44.4;26.3
83;2021-06-11;3650;5441;480498;288246;44.7;26.8
83;2021-06-12;2901;2981;483399;291227;45.0;27.1
83;2021-06-13;992;1390;484391;292617;45.1;27.2
83;2021-06-14;2853;5662;487244;298279;45.4;27.8
83;2021-06-15;3154;4857;490398;303136;45.7;28.2
83;2021-06-16;2945;4501;493343;307637;45.9;28.6
83;2021-06-17;2752;5274;496095;312911;46.2;29.1
83;2021-06-18;3130;5945;499225;318856;46.5;29.7
83;2021-06-19;2310;4087;501535;322943;46.7;30.1
83;2021-06-20;665;1887;502200;324830;46.8;30.2
83;2021-06-21;2093;7577;504293;332407;47.0;31.0
83;2021-06-22;2086;7158;506379;339565;47.2;31.6
83;2021-06-23;1911;6932;508290;346497;47.3;32.3
83;2021-06-24;1934;7365;510224;353862;47.5;33.0
83;2021-06-25;2081;8391;512305;362253;47.7;33.7
83;2021-06-26;1451;6810;513756;369063;47.8;34.4
83;2021-06-27;684;3186;514440;372249;47.9;34.7
83;2021-06-28;1550;7888;515990;380137;48.1;35.4
83;2021-06-29;1872;7802;517862;387939;48.2;36.1
83;2021-06-30;2186;7260;520048;395199;48.4;36.8
83;2021-07-01;2512;6561;522560;401760;48.7;37.4
83;2021-07-02;2217;7788;524777;409548;48.9;38.1
83;2021-07-03;1488;5696;526265;415244;49.0;38.7
83;2021-07-04;542;2748;526807;417992;49.1;38.9
83;2021-07-05;1876;7534;528683;425526;49.2;39.6
83;2021-07-06;2536;5929;531219;431455;49.5;40.2
83;2021-07-07;2639;4653;533858;436108;49.7;40.6
83;2021-07-08;3206;4461;537064;440569;50.0;41.0
83;2021-07-09;3002;6955;540066;447524;50.3;41.7
83;2021-07-10;1556;4922;541622;452446;50.4;42.1
83;2021-07-11;988;1757;542610;454203;50.5;42.3
83;2021-07-12;2098;7667;544708;461870;50.7;43.0
83;2021-07-13;3973;7042;548681;468912;51.1;43.7
83;2021-07-14;2074;1296;550755;470208;51.3;43.8
83;2021-07-15;4508;6813;555263;477021;51.7;44.4
83;2021-07-16;5218;7087;560481;484108;52.2;45.1
83;2021-07-17;3573;4959;564054;489067;52.5;45.5
83;2021-07-18;1593;1302;565647;490369;52.7;45.7
83;2021-07-19;3916;6268;569563;496637;53.0;46.2
83;2021-07-20;5905;6109;575468;502746;53.6;46.8
83;2021-07-21;5923;5146;581391;507892;54.1;47.3
83;2021-07-22;6911;5459;588302;513351;54.8;47.8
83;2021-07-23;6896;5765;595198;519116;55.4;48.3
83;2021-07-24;4531;4470;599729;523586;55.8;48.8
83;2021-07-25;1254;684;600983;524270;56.0;48.8
84;2020-12-27;0;0;0;0;0.0;0.0
84;2020-12-28;0;0;0;0;0.0;0.0
84;2020-12-29;0;0;0;0;0.0;0.0
84;2020-12-30;0;0;0;0;0.0;0.0
84;2020-12-31;0;0;0;0;0.0;0.0
84;2021-01-01;0;0;0;0;0.0;0.0
84;2021-01-02;0;0;0;0;0.0;0.0
84;2021-01-03;0;0;0;0;0.0;0.0
84;2021-01-04;0;0;0;0;0.0;0.0
84;2021-01-05;0;0;0;0;0.0;0.0
84;2021-01-06;0;0;0;0;0.0;0.0
84;2021-01-07;69;0;69;0;0.0;0.0
84;2021-01-08;81;0;150;0;0.0;0.0
84;2021-01-09;30;0;180;0;0.0;0.0
84;2021-01-10;0;0;180;0;0.0;0.0
84;2021-01-11;219;0;399;0;0.1;0.0
84;2021-01-12;623;0;1022;0;0.2;0.0
84;2021-01-13;352;0;1374;0;0.2;0.0
84;2021-01-14;922;13;2296;13;0.4;0.0
84;2021-01-15;616;8;2912;21;0.5;0.0
84;2021-01-16;166;0;3078;21;0.5;0.0
84;2021-01-17;27;1;3105;22;0.6;0.0
84;2021-01-18;693;3;3798;25;0.7;0.0
84;2021-01-19;875;1;4673;26;0.8;0.0
84;2021-01-20;1015;3;5688;29;1.0;0.0
84;2021-01-21;1047;4;6735;33;1.2;0.0
84;2021-01-22;1132;0;7867;33;1.4;0.0
84;2021-01-23;248;0;8115;33;1.4;0.0
84;2021-01-24;3;0;8118;33;1.4;0.0
84;2021-01-25;804;0;8922;33;1.6;0.0
84;2021-01-26;936;5;9858;38;1.8;0.0
84;2021-01-27;1068;2;10926;40;1.9;0.0
84;2021-01-28;1620;16;12546;56;2.2;0.0
84;2021-01-29;1197;61;13743;117;2.4;0.0
84;2021-01-30;171;21;13914;138;2.5;0.0
84;2021-01-31;7;0;13921;138;2.5;0.0
84;2021-02-01;652;150;14573;288;2.6;0.1
84;2021-02-02;787;268;15360;556;2.7;0.1
84;2021-02-03;757;240;16117;796;2.9;0.1
84;2021-02-04;910;408;17027;1204;3.0;0.2
84;2021-02-05;723;420;17750;1624;3.2;0.3
84;2021-02-06;123;50;17873;1674;3.2;0.3
84;2021-02-07;0;0;17873;1674;3.2;0.3
84;2021-02-08;567;278;18440;1952;3.3;0.3
84;2021-02-09;690;718;19130;2670;3.4;0.5
84;2021-02-10;550;570;19680;3240;3.5;0.6
84;2021-02-11;548;588;20228;3828;3.6;0.7
84;2021-02-12;556;682;20784;4510;3.7;0.8
84;2021-02-13;46;171;20830;4681;3.7;0.8
84;2021-02-14;3;0;20833;4681;3.7;0.8
84;2021-02-15;205;893;21038;5574;3.8;1.0
84;2021-02-16;218;835;21256;6409;3.8;1.1
84;2021-02-17;445;781;21701;7190;3.9;1.3
84;2021-02-18;554;1109;22255;8299;4.0;1.5
84;2021-02-19;736;1189;22991;9488;4.1;1.7
84;2021-02-20;65;155;23056;9643;4.1;1.7
84;2021-02-21;3;37;23059;9680;4.1;1.7
84;2021-02-22;368;743;23427;10423;4.2;1.9
84;2021-02-23;267;707;23694;11130;4.2;2.0
84;2021-02-24;390;742;24084;11872;4.3;2.1
84;2021-02-25;710;844;24794;12716;4.4;2.3
84;2021-02-26;820;683;25614;13399;4.6;2.4
84;2021-02-27;132;125;25746;13524;4.6;2.4
84;2021-02-28;16;0;25762;13524;4.6;2.4
84;2021-03-01;455;672;26217;14196;4.7;2.5
84;2021-03-02;628;809;26845;15005;4.8;2.7
84;2021-03-03;819;957;27664;15962;4.9;2.8
84;2021-03-04;1089;704;28753;16666;5.1;3.0
84;2021-03-05;1305;513;30058;17179;5.4;3.1
84;2021-03-06;1457;56;31515;17235;5.6;3.1
84;2021-03-07;479;12;31994;17247;5.7;3.1
84;2021-03-08;811;604;32805;17851;5.8;3.2
84;2021-03-09;1380;786;34185;18637;6.1;3.3
84;2021-03-10;1472;660;35657;19297;6.4;3.4
84;2021-03-11;1982;638;37639;19935;6.7;3.6
84;2021-03-12;2078;626;39717;20561;7.1;3.7
84;2021-03-13;742;35;40459;20596;7.2;3.7
84;2021-03-14;247;53;40706;20649;7.3;3.7
84;2021-03-15;1065;306;41771;20955;7.4;3.7
84;2021-03-16;1178;332;42949;21287;7.7;3.8
84;2021-03-17;1140;455;44089;21742;7.9;3.9
84;2021-03-18;1453;435;45542;22177;8.1;4.0
84;2021-03-19;2171;474;47713;22651;8.5;4.0
84;2021-03-20;837;23;48550;22674;8.7;4.0
84;2021-03-21;148;8;48698;22682;8.7;4.0
84;2021-03-22;1152;456;49850;23138;8.9;4.1
84;2021-03-23;1904;457;51754;23595;9.2;4.2
84;2021-03-24;2175;391;53929;23986;9.6;4.3
84;2021-03-25;3650;387;57579;24373;10.3;4.3
84;2021-03-26;3310;470;60889;24843;10.9;4.4
84;2021-03-27;912;56;61801;24899;11.0;4.4
84;2021-03-28;71;2;61872;24901;11.0;4.4
84;2021-03-29;1714;521;63586;25422;11.3;4.5
84;2021-03-30;2663;675;66249;26097;11.8;4.7
84;2021-03-31;2395;643;68644;26740;12.2;4.8
84;2021-04-01;3011;558;71655;27298;12.8;4.9
84;2021-04-02;2448;516;74103;27814;13.2;5.0
84;2021-04-03;507;26;74610;27840;13.3;5.0
84;2021-04-04;10;0;74620;27840;13.3;5.0
84;2021-04-05;809;97;75429;27937;13.4;5.0
84;2021-04-06;2138;824;77567;28761;13.8;5.1
84;2021-04-07;2399;856;79966;29617;14.3;5.3
84;2021-04-08;3642;1017;83608;30634;14.9;5.5
84;2021-04-09;4107;926;87715;31560;15.6;5.6
84;2021-04-10;1304;124;89019;31684;15.9;5.6
84;2021-04-11;36;12;89055;31696;15.9;5.6
84;2021-04-12;2087;801;91142;32497;16.2;5.8
84;2021-04-13;2940;1360;94082;33857;16.8;6.0
84;2021-04-14;2805;1345;96887;35202;17.3;6.3
84;2021-04-15;3269;1397;100156;36599;17.9;6.5
84;2021-04-16;3424;1541;103580;38140;18.5;6.8
84;2021-04-17;1663;190;105243;38330;18.8;6.8
84;2021-04-18;33;0;105276;38330;18.8;6.8
84;2021-04-19;2495;913;107771;39243;19.2;7.0
84;2021-04-20;2625;1518;110396;40761;19.7;7.3
84;2021-04-21;2649;1482;113045;42243;20.2;7.5
84;2021-04-22;3005;1730;116050;43973;20.7;7.8
84;2021-04-23;3023;1877;119073;45850;21.2;8.2
84;2021-04-24;1530;285;120603;46135;21.5;8.2
84;2021-04-25;27;2;120630;46137;21.5;8.2
84;2021-04-26;2171;1358;122801;47495;21.9;8.5
84;2021-04-27;2551;1975;125352;49470;22.3;8.8
84;2021-04-28;2817;1837;128169;51307;22.8;9.1
84;2021-04-29;3420;2021;131589;53328;23.5;9.5
84;2021-04-30;3128;2409;134717;55737;24.0;9.9
84;2021-05-01;454;260;135171;55997;24.1;10.0
84;2021-05-02;1;0;135172;55997;24.1;10.0
84;2021-05-03;2164;1627;137336;57624;24.5;10.3
84;2021-05-04;2488;2525;139824;60149;24.9;10.7
84;2021-05-05;2345;2214;142169;62363;25.3;11.1
84;2021-05-06;3222;2247;145391;64610;25.9;11.5
84;2021-05-07;2763;2560;148154;67170;26.4;12.0
84;2021-05-08;1155;526;149309;67696;26.6;12.1
84;2021-05-09;5;52;149314;67748;26.6;12.1
84;2021-05-10;2152;2461;151466;70209;27.0;12.5
84;2021-05-11;2908;3158;154374;73367;27.5;13.1
84;2021-05-12;2846;2912;157220;76279;28.0;13.6
84;2021-05-13;2158;841;159378;77120;28.4;13.7
84;2021-05-14;2723;2028;162101;79148;28.9;14.1
84;2021-05-15;2001;982;164102;80130;29.3;14.3
84;2021-05-16;1340;181;165442;80311;29.5;14.3
84;2021-05-17;2222;2151;167664;82462;29.9;14.7
84;2021-05-18;2902;2094;170566;84556;30.4;15.1
84;2021-05-19;3230;1663;173796;86219;31.0;15.4
84;2021-05-20;3693;2196;177489;88415;31.6;15.8
84;2021-05-21;3464;2327;180953;90742;32.3;16.2
84;2021-05-22;1583;675;182536;91417;32.5;16.3
84;2021-05-23;3;9;182539;91426;32.5;16.3
84;2021-05-24;1838;425;184377;91851;32.9;16.4
84;2021-05-25;2981;2178;187358;94029;33.4;16.8
84;2021-05-26;3074;2085;190432;96114;33.9;17.1
84;2021-05-27;3855;2314;194287;98428;34.6;17.5
84;2021-05-28;3184;3300;197471;101728;35.2;18.1
84;2021-05-29;1090;1650;198561;103378;35.4;18.4
84;2021-05-30;7;85;198568;103463;35.4;18.4
84;2021-05-31;2192;2635;200760;106098;35.8;18.9
84;2021-06-01;3144;3157;203904;109255;36.3;19.5
84;2021-06-02;3171;2613;207075;111868;36.9;19.9
84;2021-06-03;4102;2979;211177;114847;37.6;20.5
84;2021-06-04;3607;3032;214784;117879;38.3;21.0
84;2021-06-05;1784;1492;216568;119371;38.6;21.3
84;2021-06-06;985;205;217553;119576;38.8;21.3
84;2021-06-07;2452;2742;220005;122318;39.2;21.8
84;2021-06-08;3312;3048;223317;125366;39.8;22.3
84;2021-06-09;3018;2672;226335;128038;40.3;22.8
84;2021-06-10;3498;2750;229833;130788;41.0;23.3
84;2021-06-11;3019;3055;232852;133843;41.5;23.9
84;2021-06-12;1961;1311;234813;135154;41.9;24.1
84;2021-06-13;412;210;235225;135364;41.9;24.1
84;2021-06-14;1924;3156;237149;138520;42.3;24.7
84;2021-06-15;2562;3451;239711;141971;42.7;25.3
84;2021-06-16;2513;2940;242224;144911;43.2;25.8
84;2021-06-17;2956;3450;245180;148361;43.7;26.4
84;2021-06-18;2419;3546;247599;151907;44.1;27.1
84;2021-06-19;1285;1540;248884;153447;44.4;27.4
84;2021-06-20;545;353;249429;153800;44.5;27.4
84;2021-06-21;1562;3133;250991;156933;44.7;28.0
84;2021-06-22;2158;4009;253149;160942;45.1;28.7
84;2021-06-23;2098;3277;255247;164219;45.5;29.3
84;2021-06-24;2187;3470;257434;167689;45.9;29.9
84;2021-06-25;1828;3864;259262;171553;46.2;30.6
84;2021-06-26;1124;1795;260386;173348;46.4;30.9
84;2021-06-27;292;345;260678;173693;46.5;31.0
84;2021-06-28;1197;3223;261875;176916;46.7;31.5
84;2021-06-29;1453;4046;263328;180962;46.9;32.3
84;2021-06-30;1705;3957;265033;184919;47.2;33.0
84;2021-07-01;1780;3943;266813;188862;47.6;33.7
84;2021-07-02;1737;3894;268550;192756;47.9;34.4
84;2021-07-03;1083;2028;269633;194784;48.1;34.7
84;2021-07-04;380;413;270013;195197;48.1;34.8
84;2021-07-05;1418;3542;271431;198739;48.4;35.4
84;2021-07-06;1526;4169;272957;202908;48.7;36.2
84;2021-07-07;1624;3099;274581;206007;48.9;36.7
84;2021-07-08;2089;3746;276670;209753;49.3;37.4
84;2021-07-09;1802;3959;278472;213712;49.6;38.1
84;2021-07-10;1236;2151;279708;215863;49.9;38.5
84;2021-07-11;332;305;280040;216168;49.9;38.5
84;2021-07-12;1370;3834;281410;220002;50.2;39.2
84;2021-07-13;2307;4995;283717;224997;50.6;40.1
84;2021-07-14;1865;1233;285582;226230;50.9;40.3
84;2021-07-15;2587;4534;288169;230764;51.4;41.1
84;2021-07-16;2753;4575;290922;235339;51.9;42.0
84;2021-07-17;1567;2428;292489;237767;52.1;42.4
84;2021-07-18;1007;539;293496;238306;52.3;42.5
84;2021-07-19;2369;3719;295865;242025;52.7;43.1
84;2021-07-20;2913;4130;298778;246155;53.3;43.9
84;2021-07-21;3153;3623;301931;249778;53.8;44.5
84;2021-07-22;3735;3748;305666;253526;54.5;45.2
84;2021-07-23;3479;3645;309145;257171;55.1;45.8
84;2021-07-24;1432;2226;310577;259397;55.4;46.2
84;2021-07-25;1030;501;311607;259898;55.5;46.3
85;2020-12-27;0;0;0;0;0.0;0.0
85;2020-12-28;0;0;0;0;0.0;0.0
85;2020-12-29;0;0;0;0;0.0;0.0
85;2020-12-30;0;0;0;0;0.0;0.0
85;2020-12-31;0;0;0;0;0.0;0.0
85;2021-01-01;0;0;0;0;0.0;0.0
85;2021-01-02;0;0;0;0;0.0;0.0
85;2021-01-03;0;0;0;0;0.0;0.0
85;2021-01-04;25;0;25;0;0.0;0.0
85;2021-01-05;62;0;87;0;0.0;0.0
85;2021-01-06;107;1;194;1;0.0;0.0
85;2021-01-07;202;0;396;1;0.1;0.0
85;2021-01-08;291;1;687;2;0.1;0.0
85;2021-01-09;288;2;975;4;0.1;0.0
85;2021-01-10;59;0;1034;4;0.2;0.0
85;2021-01-11;453;0;1487;4;0.2;0.0
85;2021-01-12;586;2;2073;6;0.3;0.0
85;2021-01-13;544;1;2617;7;0.4;0.0
85;2021-01-14;679;3;3296;10;0.5;0.0
85;2021-01-15;437;3;3733;13;0.5;0.0
85;2021-01-16;262;3;3995;16;0.6;0.0
85;2021-01-17;37;0;4032;16;0.6;0.0
85;2021-01-18;996;2;5028;18;0.7;0.0
85;2021-01-19;1426;16;6454;34;0.9;0.0
85;2021-01-20;1872;2;8326;36;1.2;0.0
85;2021-01-21;3220;5;11546;41;1.7;0.0
85;2021-01-22;1694;18;13240;59;1.9;0.0
85;2021-01-23;466;2;13706;61;2.0;0.0
85;2021-01-24;49;0;13755;61;2.0;0.0
85;2021-01-25;577;1;14332;62;2.1;0.0
85;2021-01-26;875;34;15207;96;2.2;0.0
85;2021-01-27;1786;32;16993;128;2.5;0.0
85;2021-01-28;1621;36;18614;164;2.7;0.0
85;2021-01-29;872;63;19486;227;2.9;0.0
85;2021-01-30;148;5;19634;232;2.9;0.0
85;2021-01-31;2;48;19636;280;2.9;0.0
85;2021-02-01;479;103;20115;383;2.9;0.1
85;2021-02-02;537;176;20652;559;3.0;0.1
85;2021-02-03;413;261;21065;820;3.1;0.1
85;2021-02-04;620;267;21685;1087;3.2;0.2
85;2021-02-05;624;265;22309;1352;3.3;0.2
85;2021-02-06;151;246;22460;1598;3.3;0.2
85;2021-02-07;1;0;22461;1598;3.3;0.2
85;2021-02-08;387;655;22848;2253;3.3;0.3
85;2021-02-09;660;1061;23508;3314;3.4;0.5
85;2021-02-10;583;1131;24091;4445;3.5;0.7
85;2021-02-11;1543;3041;25634;7486;3.8;1.1
85;2021-02-12;1012;1260;26646;8746;3.9;1.3
85;2021-02-13;250;506;26896;9252;3.9;1.4
85;2021-02-14;2;133;26898;9385;3.9;1.4
85;2021-02-15;335;817;27233;10202;4.0;1.5
85;2021-02-16;570;1189;27803;11391;4.1;1.7
85;2021-02-17;780;1570;28583;12961;4.2;1.9
85;2021-02-18;1274;1931;29857;14892;4.4;2.2
85;2021-02-19;951;1201;30808;16093;4.5;2.4
85;2021-02-20;173;263;30981;16356;4.5;2.4
85;2021-02-21;1;11;30982;16367;4.5;2.4
85;2021-02-22;811;885;31793;17252;4.7;2.5
85;2021-02-23;830;485;32623;17737;4.8;2.6
85;2021-02-24;755;312;33378;18049;4.9;2.6
85;2021-02-25;1335;392;34713;18441;5.1;2.7
85;2021-02-26;1227;325;35940;18766;5.3;2.7
85;2021-02-27;400;97;36340;18863;5.3;2.8
85;2021-02-28;6;1;36346;18864;5.3;2.8
85;2021-03-01;761;428;37107;19292;5.4;2.8
85;2021-03-02;1100;790;38207;20082;5.6;2.9
85;2021-03-03;842;511;39049;20593;5.7;3.0
85;2021-03-04;1573;1172;40622;21765;5.9;3.2
85;2021-03-05;1735;846;42357;22611;6.2;3.3
85;2021-03-06;1226;128;43583;22739;6.4;3.3
85;2021-03-07;332;32;43915;22771;6.4;3.3
85;2021-03-08;1736;456;45651;23227;6.7;3.4
85;2021-03-09;2239;567;47890;23794;7.0;3.5
85;2021-03-10;1857;646;49747;24440;7.3;3.6
85;2021-03-11;3111;1077;52858;25517;7.7;3.7
85;2021-03-12;2726;861;55584;26378;8.1;3.9
85;2021-03-13;1370;158;56954;26536;8.3;3.9
85;2021-03-14;178;0;57132;26536;8.4;3.9
85;2021-03-15;1915;509;59047;27045;8.6;4.0
85;2021-03-16;1625;515;60672;27560;8.9;4.0
85;2021-03-17;980;522;61652;28082;9.0;4.1
85;2021-03-18;1896;455;63548;28537;9.3;4.2
85;2021-03-19;2201;365;65749;28902;9.6;4.2
85;2021-03-20;1066;176;66815;29078;9.8;4.3
85;2021-03-21;269;5;67084;29083;9.8;4.3
85;2021-03-22;1757;558;68841;29641;10.1;4.3
85;2021-03-23;2412;726;71253;30367;10.4;4.4
85;2021-03-24;2207;527;73460;30894;10.8;4.5
85;2021-03-25;3645;582;77105;31476;11.3;4.6
85;2021-03-26;3357;644;80462;32120;11.8;4.7
85;2021-03-27;1725;119;82187;32239;12.0;4.7
85;2021-03-28;535;3;82722;32242;12.1;4.7
85;2021-03-29;2410;755;85132;32997;12.5;4.8
85;2021-03-30;2862;1016;87994;34013;12.9;5.0
85;2021-03-31;2195;666;90189;34679;13.2;5.1
85;2021-04-01;3867;904;94056;35583;13.8;5.2
85;2021-04-02;2704;1089;96760;36672;14.2;5.4
85;2021-04-03;1408;316;98168;36988;14.4;5.4
85;2021-04-04;323;27;98491;37015;14.4;5.4
85;2021-04-05;104;174;98595;37189;14.4;5.4
85;2021-04-06;2200;1596;100795;38785;14.8;5.7
85;2021-04-07;3092;1185;103887;39970;15.2;5.9
85;2021-04-08;4525;1591;108412;41561;15.9;6.1
85;2021-04-09;4597;1218;113009;42779;16.5;6.3
85;2021-04-10;1865;398;114874;43177;16.8;6.3
85;2021-04-11;26;10;114900;43187;16.8;6.3
85;2021-04-12;4285;1473;119185;44660;17.4;6.5
85;2021-04-13;4829;1863;124014;46523;18.2;6.8
85;2021-04-14;3956;1002;127970;47525;18.7;7.0
85;2021-04-15;5512;1731;133482;49256;19.5;7.2
85;2021-04-16;5239;1528;138721;50784;20.3;7.4
85;2021-04-17;1382;435;140103;51219;20.5;7.5
85;2021-04-18;348;9;140451;51228;20.6;7.5
85;2021-04-19;3362;1698;143813;52926;21.1;7.7
85;2021-04-20;3697;1918;147510;54844;21.6;8.0
85;2021-04-21;2687;1692;150197;56536;22.0;8.3
85;2021-04-22;3805;2228;154002;58764;22.5;8.6
85;2021-04-23;3898;2075;157900;60839;23.1;8.9
85;2021-04-24;1659;1529;159559;62368;23.4;9.1
85;2021-04-25;980;558;160539;62926;23.5;9.2
85;2021-04-26;3589;2351;164128;65277;24.0;9.6
85;2021-04-27;4390;2154;168518;67431;24.7;9.9
85;2021-04-28;5743;1242;174261;68673;25.5;10.1
85;2021-04-29;5632;1991;179893;70664;26.3;10.3
85;2021-04-30;5574;1665;185467;72329;27.1;10.6
85;2021-05-01;1734;636;187201;72965;27.4;10.7
85;2021-05-02;872;469;188073;73434;27.5;10.7
85;2021-05-03;3490;2379;191563;75813;28.0;11.1
85;2021-05-04;3489;3082;195052;78895;28.6;11.5
85;2021-05-05;4531;2166;199583;81061;29.2;11.9
85;2021-05-06;4919;2584;204502;83645;29.9;12.2
85;2021-05-07;3917;3856;208419;87501;30.5;12.8
85;2021-05-08;2245;229;210664;87730;30.8;12.8
85;2021-05-09;1508;180;212172;87910;31.1;12.9
85;2021-05-10;3206;4927;215378;92837;31.5;13.6
85;2021-05-11;4025;4970;219403;97807;32.1;14.3
85;2021-05-12;5015;3928;224418;101735;32.8;14.9
85;2021-05-13;5136;607;229554;102342;33.6;15.0
85;2021-05-14;4354;3163;233908;105505;34.2;15.4
85;2021-05-15;2322;773;236230;106278;34.6;15.6
85;2021-05-16;2212;162;238442;106440;34.9;15.6
85;2021-05-17;4145;3377;242587;109817;35.5;16.1
85;2021-05-18;5214;2855;247801;112672;36.3;16.5
85;2021-05-19;6491;1762;254292;114434;37.2;16.8
85;2021-05-20;6772;2166;261064;116600;38.2;17.1
85;2021-05-21;5497;2746;266561;119346;39.0;17.5
85;2021-05-22;2582;750;269143;120096;39.4;17.6
85;2021-05-23;1330;156;270473;120252;39.6;17.6
85;2021-05-24;4571;431;275044;120683;40.3;17.7
85;2021-05-25;4515;3565;279559;124248;40.9;18.2
85;2021-05-26;4942;2673;284501;126921;41.6;18.6
85;2021-05-27;4959;3686;289460;130607;42.4;19.1
85;2021-05-28;5249;4067;294709;134674;43.1;19.7
85;2021-05-29;3957;1522;298666;136196;43.7;19.9
85;2021-05-30;1290;125;299956;136321;43.9;20.0
85;2021-05-31;4687;3379;304643;139700;44.6;20.4
85;2021-06-01;5397;3399;310040;143099;45.4;20.9
85;2021-06-02;5551;2522;315591;145621;46.2;21.3
85;2021-06-03;5913;3233;321504;148854;47.1;21.8
85;2021-06-04;5834;3819;327338;152673;47.9;22.3
85;2021-06-05;2852;1936;330190;154609;48.3;22.6
85;2021-06-06;1508;802;331698;155411;48.6;22.7
85;2021-06-07;3233;4855;334931;160266;49.0;23.5
85;2021-06-08;4080;4521;339011;164787;49.6;24.1
85;2021-06-09;4839;3511;343850;168298;50.3;24.6
85;2021-06-10;5193;3696;349043;171994;51.1;25.2
85;2021-06-11;4503;4659;353546;176653;51.7;25.9
85;2021-06-12;1488;1796;355034;178449;52.0;26.1
85;2021-06-13;1220;671;356254;179120;52.1;26.2
85;2021-06-14;2681;5092;358935;184212;52.5;27.0
85;2021-06-15;3707;4930;362642;189142;53.1;27.7
85;2021-06-16;4079;3903;366721;193045;53.7;28.3
85;2021-06-17;3938;3897;370659;196942;54.3;28.8
85;2021-06-18;3620;5675;374279;202617;54.8;29.7
85;2021-06-19;1212;2026;375491;204643;55.0;30.0
85;2021-06-20;137;521;375628;205164;55.0;30.0
85;2021-06-21;2367;5815;377995;210979;55.3;30.9
85;2021-06-22;2835;5727;380830;216706;55.7;31.7
85;2021-06-23;3375;4485;384205;221191;56.2;32.4
85;2021-06-24;3636;4559;387841;225750;56.8;33.0
85;2021-06-25;2280;6186;390121;231936;57.1;33.9
85;2021-06-26;788;3771;390909;235707;57.2;34.5
85;2021-06-27;125;1371;391034;237078;57.2;34.7
85;2021-06-28;1170;6727;392204;243805;57.4;35.7
85;2021-06-29;1746;6883;393950;250688;57.7;36.7
85;2021-06-30;2170;6207;396120;256895;58.0;37.6
85;2021-07-01;2800;6067;398920;262962;58.4;38.5
85;2021-07-02;2255;7034;401175;269996;58.7;39.5
85;2021-07-03;612;3170;401787;273166;58.8;40.0
85;2021-07-04;141;1086;401928;274252;58.8;40.1
85;2021-07-05;1048;6670;402976;280922;59.0;41.1
85;2021-07-06;1558;6465;404534;287387;59.2;42.1
85;2021-07-07;1628;5863;406162;293250;59.5;42.9
85;2021-07-08;2139;5448;408301;298698;59.8;43.7
85;2021-07-09;1631;7105;409932;305803;60.0;44.8
85;2021-07-10;557;2840;410489;308643;60.1;45.2
85;2021-07-11;524;1287;411013;309930;60.2;45.4
85;2021-07-12;1402;7060;412415;316990;60.4;46.4
85;2021-07-13;2042;7392;414457;324382;60.7;47.5
85;2021-07-14;1450;2049;415907;326431;60.9;47.8
85;2021-07-15;2660;6946;418567;333377;61.3;48.8
85;2021-07-16;3405;6838;421972;340215;61.8;49.8
85;2021-07-17;1552;2148;423524;342363;62.0;50.1
85;2021-07-18;1142;1154;424666;343517;62.2;50.3
85;2021-07-19;3522;6232;428188;349749;62.7;51.2
85;2021-07-20;4280;6216;432468;355965;63.3;52.1
85;2021-07-21;3963;6192;436431;362157;63.9;53.0
85;2021-07-22;3880;6169;440311;368326;64.4;53.9
85;2021-07-23;4501;6698;444812;375024;65.1;54.9
85;2021-07-24;1016;2291;445828;377315;65.3;55.2
85;2021-07-25;484;305;446312;377620;65.3;55.3
86;2020-12-27;0;0;0;0;0.0;0.0
86;2020-12-28;0;0;0;0;0.0;0.0
86;2020-12-29;1;0;1;0;0.0;0.0
86;2020-12-30;0;0;1;0;0.0;0.0
86;2020-12-31;0;0;1;0;0.0;0.0
86;2021-01-01;0;0;1;0;0.0;0.0
86;2021-01-02;0;0;1;0;0.0;0.0
86;2021-01-03;0;0;1;0;0.0;0.0
86;2021-01-04;0;0;1;0;0.0;0.0
86;2021-01-05;0;0;1;0;0.0;0.0
86;2021-01-06;178;0;179;0;0.0;0.0
86;2021-01-07;671;0;850;0;0.2;0.0
86;2021-01-08;595;3;1445;3;0.3;0.0
86;2021-01-09;0;0;1445;3;0.3;0.0
86;2021-01-10;173;0;1618;3;0.4;0.0
86;2021-01-11;303;1;1921;4;0.4;0.0
86;2021-01-12;458;1;2379;5;0.5;0.0
86;2021-01-13;336;0;2715;5;0.6;0.0
86;2021-01-14;551;1;3266;6;0.7;0.0
86;2021-01-15;535;1;3801;7;0.9;0.0
86;2021-01-16;0;0;3801;7;0.9;0.0
86;2021-01-17;0;0;3801;7;0.9;0.0
86;2021-01-18;564;0;4365;7;1.0;0.0
86;2021-01-19;1874;0;6239;7;1.4;0.0
86;2021-01-20;1445;18;7684;25;1.8;0.0
86;2021-01-21;1289;0;8973;25;2.1;0.0
86;2021-01-22;827;0;9800;25;2.2;0.0
86;2021-01-23;312;0;10112;25;2.3;0.0
86;2021-01-24;0;0;10112;25;2.3;0.0
86;2021-01-25;583;109;10695;134;2.4;0.0
86;2021-01-26;748;122;11443;256;2.6;0.1
86;2021-01-27;763;156;12206;412;2.8;0.1
86;2021-01-28;1041;427;13247;839;3.0;0.2
86;2021-01-29;877;219;14124;1058;3.2;0.2
86;2021-01-30;275;104;14399;1162;3.3;0.3
86;2021-01-31;57;157;14456;1319;3.3;0.3
86;2021-02-01;433;207;14889;1526;3.4;0.3
86;2021-02-02;574;386;15463;1912;3.5;0.4
86;2021-02-03;526;224;15989;2136;3.7;0.5
86;2021-02-04;477;365;16466;2501;3.8;0.6
86;2021-02-05;439;745;16905;3246;3.9;0.7
86;2021-02-06;147;206;17052;3452;3.9;0.8
86;2021-02-07;120;6;17172;3458;3.9;0.8
86;2021-02-08;361;328;17533;3786;4.0;0.9
86;2021-02-09;747;1123;18280;4909;4.2;1.1
86;2021-02-10;978;938;19258;5847;4.4;1.3
86;2021-02-11;1001;976;20259;6823;4.6;1.6
86;2021-02-12;749;375;21008;7198;4.8;1.6
86;2021-02-13;191;95;21199;7293;4.8;1.7
86;2021-02-14;1;34;21200;7327;4.8;1.7
86;2021-02-15;243;507;21443;7834;4.9;1.8
86;2021-02-16;385;865;21828;8699;5.0;2.0
86;2021-02-17;449;894;22277;9593;5.1;2.2
86;2021-02-18;420;875;22697;10468;5.2;2.4
86;2021-02-19;600;644;23297;11112;5.3;2.5
86;2021-02-20;115;176;23412;11288;5.4;2.6
86;2021-02-21;0;0;23412;11288;5.4;2.6
86;2021-02-22;240;429;23652;11717;5.4;2.7
86;2021-02-23;369;606;24021;12323;5.5;2.8
86;2021-02-24;407;587;24428;12910;5.6;3.0
86;2021-02-25;900;667;25328;13577;5.8;3.1
86;2021-02-26;1027;540;26355;14117;6.0;3.2
86;2021-02-27;459;146;26814;14263;6.1;3.3
86;2021-02-28;3;2;26817;14265;6.1;3.3
86;2021-03-01;231;526;27048;14791;6.2;3.4
86;2021-03-02;1141;846;28189;15637;6.4;3.6
86;2021-03-03;792;623;28981;16260;6.6;3.7
86;2021-03-04;1495;613;30476;16873;7.0;3.9
86;2021-03-05;1576;310;32052;17183;7.3;3.9
86;2021-03-06;993;169;33045;17352;7.6;4.0
86;2021-03-07;370;29;33415;17381;7.6;4.0
86;2021-03-08;469;539;33884;17920;7.7;4.1
86;2021-03-09;1368;526;35252;18446;8.1;4.2
86;2021-03-10;950;608;36202;19054;8.3;4.4
86;2021-03-11;1793;470;37995;19524;8.7;4.5
86;2021-03-12;2204;433;40199;19957;9.2;4.6
86;2021-03-13;1446;96;41645;20053;9.5;4.6
86;2021-03-14;133;15;41778;20068;9.6;4.6
86;2021-03-15;783;159;42561;20227;9.7;4.6
86;2021-03-16;846;203;43407;20430;9.9;4.7
86;2021-03-17;786;202;44193;20632;10.1;4.7
86;2021-03-18;999;99;45192;20731;10.3;4.7
86;2021-03-19;2138;320;47330;21051;10.8;4.8
86;2021-03-20;592;130;47922;21181;11.0;4.8
86;2021-03-21;10;0;47932;21181;11.0;4.8
86;2021-03-22;851;273;48783;21454;11.2;4.9
86;2021-03-23;2011;326;50794;21780;11.6;5.0
86;2021-03-24;1555;288;52349;22068;12.0;5.0
86;2021-03-25;2482;349;54831;22417;12.5;5.1
86;2021-03-26;3035;350;57866;22767;13.2;5.2
86;2021-03-27;731;141;58597;22908;13.4;5.2
86;2021-03-28;5;128;58602;23036;13.4;5.3
86;2021-03-29;1255;391;59857;23427;13.7;5.4
86;2021-03-30;2392;817;62249;24244;14.2;5.5
86;2021-03-31;1511;619;63760;24863;14.6;5.7
86;2021-04-01;2236;935;65996;25798;15.1;5.9
86;2021-04-02;1899;552;67895;26350;15.5;6.0
86;2021-04-03;827;321;68722;26671;15.7;6.1
86;2021-04-04;82;108;68804;26779;15.7;6.1
86;2021-04-05;312;3;69116;26782;15.8;6.1
86;2021-04-06;1528;959;70644;27741;16.2;6.3
86;2021-04-07;1630;621;72274;28362;16.5;6.5
86;2021-04-08;2566;759;74840;29121;17.1;6.7
86;2021-04-09;3247;642;78087;29763;17.9;6.8
86;2021-04-10;1663;190;79750;29953;18.2;6.8
86;2021-04-11;442;9;80192;29962;18.3;6.9
86;2021-04-12;823;763;81015;30725;18.5;7.0
86;2021-04-13;2451;939;83466;31664;19.1;7.2
86;2021-04-14;1871;871;85337;32535;19.5;7.4
86;2021-04-15;2271;721;87608;33256;20.0;7.6
86;2021-04-16;2466;1225;90074;34481;20.6;7.9
86;2021-04-17;1041;257;91115;34738;20.8;7.9
86;2021-04-18;118;2;91233;34740;20.9;7.9
86;2021-04-19;745;792;91978;35532;21.0;8.1
86;2021-04-20;2301;1498;94279;37030;21.6;8.5
86;2021-04-21;2109;1114;96388;38144;22.0;8.7
86;2021-04-22;2331;1441;98719;39585;22.6;9.1
86;2021-04-23;2393;1569;101112;41154;23.1;9.4
86;2021-04-24;1298;508;102410;41662;23.4;9.5
86;2021-04-25;825;25;103235;41687;23.6;9.5
86;2021-04-26;2080;885;105315;42572;24.1;9.7
86;2021-04-27;3150;1659;108465;44231;24.8;10.1
86;2021-04-28;3003;1517;111468;45748;25.5;10.5
86;2021-04-29;3553;1815;115021;47563;26.3;10.9
86;2021-04-30;2969;1477;117990;49040;27.0;11.2
86;2021-05-01;1579;197;119569;49237;27.3;11.3
86;2021-05-02;1280;41;120849;49278;27.6;11.3
86;2021-05-03;2562;995;123411;50273;28.2;11.5
86;2021-05-04;3506;1892;126917;52165;29.0;11.9
86;2021-05-05;3989;1468;130906;53633;29.9;12.3
86;2021-05-06;4289;1651;135195;55284;30.9;12.6
86;2021-05-07;4042;1817;139237;57101;31.8;13.1
86;2021-05-08;1976;396;141213;57497;32.3;13.1
86;2021-05-09;1642;204;142855;57701;32.7;13.2
86;2021-05-10;1954;1171;144809;58872;33.1;13.5
86;2021-05-11;3603;2680;148412;61552;33.9;14.1
86;2021-05-12;2244;1644;150656;63196;34.4;14.4
86;2021-05-13;1685;297;152341;63493;34.8;14.5
86;2021-05-14;2099;789;154440;64282;35.3;14.7
86;2021-05-15;1467;502;155907;64784;35.6;14.8
86;2021-05-16;778;164;156685;64948;35.8;14.8
86;2021-05-17;3221;1061;159906;66009;36.6;15.1
86;2021-05-18;4301;1664;164207;67673;37.5;15.5
86;2021-05-19;3588;1433;167795;69106;38.4;15.8
86;2021-05-20;4376;1623;172171;70729;39.4;16.2
86;2021-05-21;3441;1770;175612;72499;40.1;16.6
86;2021-05-22;2077;660;177689;73159;40.6;16.7
86;2021-05-23;1439;183;179128;73342;41.0;16.8
86;2021-05-24;1844;201;180972;73543;41.4;16.8
86;2021-05-25;2846;1640;183818;75183;42.0;17.2
86;2021-05-26;2727;1525;186545;76708;42.6;17.5
86;2021-05-27;3544;1841;190089;78549;43.5;18.0
86;2021-05-28;2161;2539;192250;81088;44.0;18.5
86;2021-05-29;1527;1282;193777;82370;44.3;18.8
86;2021-05-30;935;131;194712;82501;44.5;18.9
86;2021-05-31;1920;1820;196632;84321;45.0;19.3
86;2021-06-01;2661;2590;199293;86911;45.6;19.9
86;2021-06-02;2297;2664;201590;89575;46.1;20.5
86;2021-06-03;3328;2405;204918;91980;46.8;21.0
86;2021-06-04;2237;2863;207155;94843;47.4;21.7
86;2021-06-05;1503;1579;208658;96422;47.7;22.0
86;2021-06-06;819;900;209477;97322;47.9;22.3
86;2021-06-07;1116;2464;210593;99786;48.1;22.8
86;2021-06-08;1985;3693;212578;103479;48.6;23.7
86;2021-06-09;1900;3314;214478;106793;49.0;24.4
86;2021-06-10;2345;3230;216823;110023;49.6;25.2
86;2021-06-11;1517;2788;218340;112811;49.9;25.8
86;2021-06-12;746;2249;219086;115060;50.1;26.3
86;2021-06-13;213;1477;219299;116537;50.1;26.6
86;2021-06-14;1156;2904;220455;119441;50.4;27.3
86;2021-06-15;1684;4258;222139;123699;50.8;28.3
86;2021-06-16;1806;3128;223945;126827;51.2;29.0
86;2021-06-17;1773;4443;225718;131270;51.6;30.0
86;2021-06-18;1876;4580;227594;135850;52.0;31.1
86;2021-06-19;632;2095;228226;137945;52.2;31.5
86;2021-06-20;172;1321;228398;139266;52.2;31.8
86;2021-06-21;1099;2239;229497;141505;52.5;32.4
86;2021-06-22;1294;3457;230791;144962;52.8;33.1
86;2021-06-23;1354;2398;232145;147360;53.1;33.7
86;2021-06-24;1582;2720;233727;150080;53.4;34.3
86;2021-06-25;1182;3555;234909;153635;53.7;35.1
86;2021-06-26;387;2656;235296;156291;53.8;35.7
86;2021-06-27;135;1636;235431;157927;53.8;36.1
86;2021-06-28;266;3343;235697;161270;53.9;36.9
86;2021-06-29;856;4607;236553;165877;54.1;37.9
86;2021-06-30;1044;2976;237597;168853;54.3;38.6
86;2021-07-01;1536;3004;239133;171857;54.7;39.3
86;2021-07-02;1103;3652;240236;175509;54.9;40.1
86;2021-07-03;516;2397;240752;177906;55.0;40.7
86;2021-07-04;113;1348;240865;179254;55.1;41.0
86;2021-07-05;464;2837;241329;182091;55.2;41.6
86;2021-07-06;981;4101;242310;186192;55.4;42.6
86;2021-07-07;1248;2630;243558;188822;55.7;43.2
86;2021-07-08;1608;3158;245166;191980;56.1;43.9
86;2021-07-09;1733;3080;246899;195060;56.4;44.6
86;2021-07-10;1294;1954;248193;197014;56.7;45.0
86;2021-07-11;480;839;248673;197853;56.9;45.2
86;2021-07-12;823;2402;249496;200255;57.0;45.8
86;2021-07-13;1767;3369;251263;203624;57.4;46.6
86;2021-07-14;763;1231;252026;204855;57.6;46.8
86;2021-07-15;1875;3291;253901;208146;58.0;47.6
86;2021-07-16;1659;2658;255560;210804;58.4;48.2
86;2021-07-17;1343;1600;256903;212404;58.7;48.6
86;2021-07-18;376;904;257279;213308;58.8;48.8
86;2021-07-19;1366;1884;258645;215192;59.1;49.2
86;2021-07-20;2331;2727;260976;217919;59.7;49.8
86;2021-07-21;2285;2142;263261;220061;60.2;50.3
86;2021-07-22;2888;2785;266149;222846;60.8;50.9
86;2021-07-23;2450;2156;268599;225002;61.4;51.4
86;2021-07-24;1505;1212;270104;226214;61.8;51.7
86;2021-07-25;713;318;270817;226532;61.9;51.8
87;2020-12-27;0;0;0;0;0.0;0.0
87;2020-12-28;1;0;1;0;0.0;0.0
87;2020-12-29;0;0;1;0;0.0;0.0
87;2020-12-30;0;0;1;0;0.0;0.0
87;2020-12-31;0;0;1;0;0.0;0.0
87;2021-01-01;0;0;1;0;0.0;0.0
87;2021-01-02;0;0;1;0;0.0;0.0
87;2021-01-03;0;0;1;0;0.0;0.0
87;2021-01-04;1;0;2;0;0.0;0.0
87;2021-01-05;1;0;3;0;0.0;0.0
87;2021-01-06;10;0;13;0;0.0;0.0
87;2021-01-07;301;0;314;0;0.1;0.0
87;2021-01-08;407;0;721;0;0.2;0.0
87;2021-01-09;64;0;785;0;0.2;0.0
87;2021-01-10;35;0;820;0;0.2;0.0
87;2021-01-11;424;0;1244;0;0.3;0.0
87;2021-01-12;651;0;1895;0;0.5;0.0
87;2021-01-13;658;1;2553;1;0.7;0.0
87;2021-01-14;515;11;3068;12;0.8;0.0
87;2021-01-15;532;3;3600;15;1.0;0.0
87;2021-01-16;203;1;3803;16;1.0;0.0
87;2021-01-17;1;0;3804;16;1.0;0.0
87;2021-01-18;645;4;4449;20;1.2;0.0
87;2021-01-19;654;1;5103;21;1.4;0.0
87;2021-01-20;674;1;5777;22;1.6;0.0
87;2021-01-21;715;1;6492;23;1.8;0.0
87;2021-01-22;757;4;7249;27;2.0;0.0
87;2021-01-23;285;0;7534;27;2.0;0.0
87;2021-01-24;0;0;7534;27;2.0;0.0
87;2021-01-25;621;10;8155;37;2.2;0.0
87;2021-01-26;569;53;8724;90;2.4;0.0
87;2021-01-27;572;40;9296;130;2.5;0.0
87;2021-01-28;856;109;10152;239;2.7;0.1
87;2021-01-29;740;272;10892;511;2.9;0.1
87;2021-01-30;327;75;11219;586;3.0;0.2
87;2021-01-31;33;71;11252;657;3.0;0.2
87;2021-02-01;412;309;11664;966;3.1;0.3
87;2021-02-02;451;483;12115;1449;3.3;0.4
87;2021-02-03;542;419;12657;1868;3.4;0.5
87;2021-02-04;613;593;13270;2461;3.6;0.7
87;2021-02-05;342;384;13612;2845;3.7;0.8
87;2021-02-06;48;154;13660;2999;3.7;0.8
87;2021-02-07;20;0;13680;2999;3.7;0.8
87;2021-02-08;246;445;13926;3444;3.8;0.9
87;2021-02-09;218;546;14144;3990;3.8;1.1
87;2021-02-10;260;626;14404;4616;3.9;1.2
87;2021-02-11;285;541;14689;5157;4.0;1.4
87;2021-02-12;284;538;14973;5695;4.0;1.5
87;2021-02-13;25;169;14998;5864;4.0;1.6
87;2021-02-14;0;3;14998;5867;4.0;1.6
87;2021-02-15;237;391;15235;6258;4.1;1.7
87;2021-02-16;329;333;15564;6591;4.2;1.8
87;2021-02-17;330;383;15894;6974;4.3;1.9
87;2021-02-18;475;646;16369;7620;4.4;2.1
87;2021-02-19;401;480;16770;8100;4.5;2.2
87;2021-02-20;122;197;16892;8297;4.6;2.2
87;2021-02-21;2;9;16894;8306;4.6;2.2
87;2021-02-22;438;575;17332;8881;4.7;2.4
87;2021-02-23;555;630;17887;9511;4.8;2.6
87;2021-02-24;451;585;18338;10096;4.9;2.7
87;2021-02-25;789;705;19127;10801;5.2;2.9
87;2021-02-26;840;476;19967;11277;5.4;3.0
87;2021-02-27;404;211;20371;11488;5.5;3.1
87;2021-02-28;3;0;20374;11488;5.5;3.1
87;2021-03-01;514;371;20888;11859;5.6;3.2
87;2021-03-02;1030;385;21918;12244;5.9;3.3
87;2021-03-03;1173;337;23091;12581;6.2;3.4
87;2021-03-04;1406;332;24497;12913;6.6;3.5
87;2021-03-05;1764;284;26261;13197;7.1;3.6
87;2021-03-06;1041;33;27302;13230;7.4;3.6
87;2021-03-07;257;5;27559;13235;7.4;3.6
87;2021-03-08;858;241;28417;13476;7.7;3.6
87;2021-03-09;1288;227;29705;13703;8.0;3.7
87;2021-03-10;1297;227;31002;13930;8.4;3.8
87;2021-03-11;1752;250;32754;14180;8.8;3.8
87;2021-03-12;2118;283;34872;14463;9.4;3.9
87;2021-03-13;1307;15;36179;14478;9.8;3.9
87;2021-03-14;80;0;36259;14478;9.8;3.9
87;2021-03-15;986;357;37245;14835;10.0;4.0
87;2021-03-16;1061;239;38306;15074;10.3;4.1
87;2021-03-17;1070;214;39376;15288;10.6;4.1
87;2021-03-18;1177;332;40553;15620;10.9;4.2
87;2021-03-19;1682;267;42235;15887;11.4;4.3
87;2021-03-20;921;86;43156;15973;11.6;4.3
87;2021-03-21;32;0;43188;15973;11.6;4.3
87;2021-03-22;1041;376;44229;16349;11.9;4.4
87;2021-03-23;1384;421;45613;16770;12.3;4.5
87;2021-03-24;1508;363;47121;17133;12.7;4.6
87;2021-03-25;2495;390;49616;17523;13.4;4.7
87;2021-03-26;2525;451;52141;17974;14.1;4.8
87;2021-03-27;888;125;53029;18099;14.3;4.9
87;2021-03-28;269;16;53298;18115;14.4;4.9
87;2021-03-29;1115;416;54413;18531;14.7;5.0
87;2021-03-30;1905;659;56318;19190;15.2;5.2
87;2021-03-31;1658;692;57976;19882;15.6;5.4
87;2021-04-01;2224;571;60200;20453;16.2;5.5
87;2021-04-02;1836;626;62036;21079;16.7;5.7
87;2021-04-03;455;265;62491;21344;16.9;5.8
87;2021-04-04;1;0;62492;21344;16.9;5.8
87;2021-04-05;81;1;62573;21345;16.9;5.8
87;2021-04-06;993;899;63566;22244;17.1;6.0
87;2021-04-07;1481;922;65047;23166;17.5;6.2
87;2021-04-08;1780;1030;66827;24196;18.0;6.5
87;2021-04-09;2641;732;69468;24928;18.7;6.7
87;2021-04-10;1190;305;70658;25233;19.1;6.8
87;2021-04-11;67;0;70725;25233;19.1;6.8
87;2021-04-12;1622;824;72347;26057;19.5;7.0
87;2021-04-13;2281;1052;74628;27109;20.1;7.3
87;2021-04-14;2526;1180;77154;28289;20.8;7.6
87;2021-04-15;2210;1066;79364;29355;21.4;7.9
87;2021-04-16;2732;1066;82096;30421;22.1;8.2
87;2021-04-17;730;384;82826;30805;22.3;8.3
87;2021-04-18;111;140;82937;30945;22.4;8.3
87;2021-04-19;1657;827;84594;31772;22.8;8.6
87;2021-04-20;2084;876;86678;32648;23.4;8.8
87;2021-04-21;2291;985;88969;33633;24.0;9.1
87;2021-04-22;2559;1153;91528;34786;24.7;9.4
87;2021-04-23;1994;1176;93522;35962;25.2;9.7
87;2021-04-24;825;616;94347;36578;25.4;9.9
87;2021-04-25;64;103;94411;36681;25.5;9.9
87;2021-04-26;1355;914;95766;37595;25.8;10.1
87;2021-04-27;2395;1200;98161;38795;26.5;10.5
87;2021-04-28;3867;1433;102028;40228;27.5;10.8
87;2021-04-29;3066;1835;105094;42063;28.3;11.3
87;2021-04-30;3170;1351;108264;43414;29.2;11.7
87;2021-05-01;612;56;108876;43470;29.4;11.7
87;2021-05-02;360;3;109236;43473;29.5;11.7
87;2021-05-03;2301;934;111537;44407;30.1;12.0
87;2021-05-04;2906;1068;114443;45475;30.9;12.3
87;2021-05-05;2989;1506;117432;46981;31.7;12.7
87;2021-05-06;2526;1721;119958;48702;32.4;13.1
87;2021-05-07;2945;1713;122903;50415;33.1;13.6
87;2021-05-08;770;292;123673;50707;33.4;13.7
87;2021-05-09;19;133;123692;50840;33.4;13.7
87;2021-05-10;1928;1601;125620;52441;33.9;14.1
87;2021-05-11;2466;1902;128086;54343;34.5;14.7
87;2021-05-12;2610;2058;130696;56401;35.2;15.2
87;2021-05-13;1084;291;131780;56692;35.5;15.3
87;2021-05-14;2245;1769;134025;58461;36.1;15.8
87;2021-05-15;949;404;134974;58865;36.4;15.9
87;2021-05-16;140;73;135114;58938;36.4;15.9
87;2021-05-17;1626;1759;136740;60697;36.9;16.4
87;2021-05-18;2631;1807;139371;62504;37.6;16.9
87;2021-05-19;2815;1546;142186;64050;38.3;17.3
87;2021-05-20;3298;1718;145484;65768;39.2;17.7
87;2021-05-21;2760;1827;148244;67595;40.0;18.2
87;2021-05-22;1457;620;149701;68215;40.4;18.4
87;2021-05-23;210;92;149911;68307;40.4;18.4
87;2021-05-24;1056;139;150967;68446;40.7;18.5
87;2021-05-25;2117;1814;153084;70260;41.3;18.9
87;2021-05-26;3220;2470;156304;72730;42.2;19.6
87;2021-05-27;3012;2353;159316;75083;43.0;20.3
87;2021-05-28;2669;2518;161985;77601;43.7;20.9
87;2021-05-29;1062;1315;163047;78916;44.0;21.3
87;2021-05-30;257;58;163304;78974;44.0;21.3
87;2021-05-31;2289;1358;165593;80332;44.7;21.7
87;2021-06-01;2547;1863;168140;82195;45.3;22.2
87;2021-06-02;2516;1849;170656;84044;46.0;22.7
87;2021-06-03;3206;2527;173862;86571;46.9;23.3
87;2021-06-04;2837;2051;176699;88622;47.7;23.9
87;2021-06-05;1310;574;178009;89196;48.0;24.1
87;2021-06-06;262;95;178271;89291;48.1;24.1
87;2021-06-07;2100;1900;180371;91191;48.6;24.6
87;2021-06-08;2935;2570;183306;93761;49.4;25.3
87;2021-06-09;2304;2812;185610;96573;50.1;26.0
87;2021-06-10;2971;2552;188581;99125;50.9;26.7
87;2021-06-11;2362;3070;190943;102195;51.5;27.6
87;2021-06-12;1221;1101;192164;103296;51.8;27.9
87;2021-06-13;291;484;192455;103780;51.9;28.0
87;2021-06-14;977;2731;193432;106511;52.2;28.7
87;2021-06-15;1360;3319;194792;109830;52.5;29.6
87;2021-06-16;1646;3423;196438;113253;53.0;30.5
87;2021-06-17;2434;2315;198872;115568;53.6;31.2
87;2021-06-18;1783;3016;200655;118584;54.1;32.0
87;2021-06-19;1044;1175;201699;119759;54.4;32.3
87;2021-06-20;204;205;201903;119964;54.5;32.4
87;2021-06-21;1037;2643;202940;122607;54.7;33.1
87;2021-06-22;1027;2884;203967;125491;55.0;33.8
87;2021-06-23;1251;3082;205218;128573;55.3;34.7
87;2021-06-24;1616;2550;206834;131123;55.8;35.4
87;2021-06-25;1441;2716;208275;133839;56.2;36.1
87;2021-06-26;529;1202;208804;135041;56.3;36.4
87;2021-06-27;25;212;208829;135253;56.3;36.5
87;2021-06-28;712;2574;209541;137827;56.5;37.2
87;2021-06-29;1152;3414;210693;141241;56.8;38.1
87;2021-06-30;1117;2653;211810;143894;57.1;38.8
87;2021-07-01;1344;2555;213154;146449;57.5;39.5
87;2021-07-02;1195;3459;214349;149908;57.8;40.4
87;2021-07-03;409;1508;214758;151416;57.9;40.8
87;2021-07-04;22;383;214780;151799;57.9;40.9
87;2021-07-05;683;2394;215463;154193;58.1;41.6
87;2021-07-06;577;3231;216040;157424;58.3;42.5
87;2021-07-07;862;3352;216902;160776;58.5;43.4
87;2021-07-08;1116;3664;218018;164440;58.8;44.4
87;2021-07-09;1103;3702;219121;168142;59.1;45.3
87;2021-07-10;282;1358;219403;169500;59.2;45.7
87;2021-07-11;49;284;219452;169784;59.2;45.8
87;2021-07-12;542;3188;219994;172972;59.3;46.7
87;2021-07-13;824;3519;220818;176491;59.6;47.6
87;2021-07-14;513;539;221331;177030;59.7;47.7
87;2021-07-15;1346;3461;222677;180491;60.1;48.7
87;2021-07-16;1721;3594;224398;184085;60.5;49.6
87;2021-07-17;647;1367;225045;185452;60.7;50.0
87;2021-07-18;81;283;225126;185735;60.7;50.1
87;2021-07-19;1423;3401;226549;189136;61.1;51.0
87;2021-07-20;1797;3590;228346;192726;61.6;52.0
87;2021-07-21;1442;3143;229788;195869;62.0;52.8
87;2021-07-22;1870;3244;231658;199113;62.5;53.7
87;2021-07-23;1848;3163;233506;202276;63.0;54.6
87;2021-07-24;808;1278;234314;203554;63.2;54.9
87;2021-07-25;102;240;234416;203794;63.2;55.0
88;2020-12-27;0;0;0;0;0.0;0.0
88;2020-12-28;0;0;0;0;0.0;0.0
88;2020-12-29;0;0;0;0;0.0;0.0
88;2020-12-30;0;0;0;0;0.0;0.0
88;2020-12-31;0;0;0;0;0.0;0.0
88;2021-01-01;2;0;2;0;0.0;0.0
88;2021-01-02;0;0;2;0;0.0;0.0
88;2021-01-03;0;0;2;0;0.0;0.0
88;2021-01-04;0;0;2;0;0.0;0.0
88;2021-01-05;1;0;3;0;0.0;0.0
88;2021-01-06;2;0;5;0;0.0;0.0
88;2021-01-07;70;1;75;1;0.0;0.0
88;2021-01-08;189;2;264;3;0.1;0.0
88;2021-01-09;190;0;454;3;0.1;0.0
88;2021-01-10;0;0;454;3;0.1;0.0
88;2021-01-11;226;0;680;3;0.2;0.0
88;2021-01-12;422;1;1102;4;0.3;0.0
88;2021-01-13;490;2;1592;6;0.4;0.0
88;2021-01-14;343;2;1935;8;0.5;0.0
88;2021-01-15;379;2;2314;10;0.6;0.0
88;2021-01-16;62;0;2376;10;0.7;0.0
88;2021-01-17;0;0;2376;10;0.7;0.0
88;2021-01-18;460;0;2836;10;0.8;0.0
88;2021-01-19;447;0;3283;10;0.9;0.0
88;2021-01-20;461;1;3744;11;1.0;0.0
88;2021-01-21;1541;0;5285;11;1.5;0.0
88;2021-01-22;1160;1;6445;12;1.8;0.0
88;2021-01-23;284;0;6729;12;1.9;0.0
88;2021-01-24;298;2;7027;14;2.0;0.0
88;2021-01-25;938;3;7965;17;2.2;0.0
88;2021-01-26;388;6;8353;23;2.3;0.0
88;2021-01-27;3;0;8356;23;2.3;0.0
88;2021-01-28;162;37;8518;60;2.4;0.0
88;2021-01-29;526;163;9044;223;2.5;0.1
88;2021-01-30;288;127;9332;350;2.6;0.1
88;2021-01-31;0;0;9332;350;2.6;0.1
88;2021-02-01;405;284;9737;634;2.7;0.2
88;2021-02-02;333;364;10070;998;2.8;0.3
88;2021-02-03;437;239;10507;1237;2.9;0.3
88;2021-02-04;316;230;10823;1467;3.0;0.4
88;2021-02-05;458;251;11281;1718;3.1;0.5
88;2021-02-06;108;56;11389;1774;3.2;0.5
88;2021-02-07;0;0;11389;1774;3.2;0.5
88;2021-02-08;359;206;11748;1980;3.3;0.6
88;2021-02-09;293;287;12041;2267;3.3;0.6
88;2021-02-10;414;347;12455;2614;3.5;0.7
88;2021-02-11;849;1094;13304;3708;3.7;1.0
88;2021-02-12;942;703;14246;4411;4.0;1.2
88;2021-02-13;162;212;14408;4623;4.0;1.3
88;2021-02-14;81;216;14489;4839;4.0;1.3
88;2021-02-15;641;1073;15130;5912;4.2;1.6
88;2021-02-16;472;726;15602;6638;4.3;1.8
88;2021-02-17;456;439;16058;7077;4.5;2.0
88;2021-02-18;515;385;16573;7462;4.6;2.1
88;2021-02-19;535;459;17108;7921;4.8;2.2
88;2021-02-20;155;102;17263;8023;4.8;2.2
88;2021-02-21;1;25;17264;8048;4.8;2.2
88;2021-02-22;425;344;17689;8392;4.9;2.3
88;2021-02-23;402;234;18091;8626;5.0;2.4
88;2021-02-24;506;210;18597;8836;5.2;2.5
88;2021-02-25;675;281;19272;9117;5.4;2.5
88;2021-02-26;861;275;20133;9392;5.6;2.6
88;2021-02-27;265;32;20398;9424;5.7;2.6
88;2021-02-28;30;1;20428;9425;5.7;2.6
88;2021-03-01;359;467;20787;9892;5.8;2.8
88;2021-03-02;432;496;21219;10388;5.9;2.9
88;2021-03-03;648;459;21867;10847;6.1;3.0
88;2021-03-04;1029;742;22896;11589;6.4;3.2
88;2021-03-05;934;687;23830;12276;6.6;3.4
88;2021-03-06;1869;112;25699;12388;7.1;3.4
88;2021-03-07;1057;74;26756;12462;7.4;3.5
88;2021-03-08;725;687;27481;13149;7.6;3.7
88;2021-03-09;1095;531;28576;13680;7.9;3.8
88;2021-03-10;1074;493;29650;14173;8.2;3.9
88;2021-03-11;1435;398;31085;14571;8.6;4.1
88;2021-03-12;1309;485;32394;15056;9.0;4.2
88;2021-03-13;1209;118;33603;15174;9.3;4.2
88;2021-03-14;166;5;33769;15179;9.4;4.2
88;2021-03-15;930;445;34699;15624;9.7;4.3
88;2021-03-16;1024;340;35723;15964;9.9;4.4
88;2021-03-17;901;421;36624;16385;10.2;4.6
88;2021-03-18;1302;392;37926;16777;10.5;4.7
88;2021-03-19;1461;497;39387;17274;11.0;4.8
88;2021-03-20;1314;44;40701;17318;11.3;4.8
88;2021-03-21;37;0;40738;17318;11.3;4.8
88;2021-03-22;1230;538;41968;17856;11.7;5.0
88;2021-03-23;1781;435;43749;18291;12.2;5.1
88;2021-03-24;1870;470;45619;18761;12.7;5.2
88;2021-03-25;2496;480;48115;19241;13.4;5.4
88;2021-03-26;2472;449;50587;19690;14.1;5.5
88;2021-03-27;880;292;51467;19982;14.3;5.6
88;2021-03-28;60;4;51527;19986;14.3;5.6
88;2021-03-29;1304;437;52831;20423;14.7;5.7
88;2021-03-30;2061;389;54892;20812;15.3;5.8
88;2021-03-31;1616;571;56508;21383;15.7;5.9
88;2021-04-01;2114;703;58622;22086;16.3;6.1
88;2021-04-02;2813;624;61435;22710;17.1;6.3
88;2021-04-03;741;206;62176;22916;17.3;6.4
88;2021-04-04;16;1;62192;22917;17.3;6.4
88;2021-04-05;23;2;62215;22919;17.3;6.4
88;2021-04-06;1133;676;63348;23595;17.6;6.6
88;2021-04-07;1599;701;64947;24296;18.1;6.8
88;2021-04-08;1860;775;66807;25071;18.6;7.0
88;2021-04-09;3078;725;69885;25796;19.4;7.2
88;2021-04-10;724;645;70609;26441;19.6;7.4
88;2021-04-11;33;1;70642;26442;19.6;7.4
88;2021-04-12;1537;976;72179;27418;20.1;7.6
88;2021-04-13;2036;1087;74215;28505;20.6;7.9
88;2021-04-14;1908;950;76123;29455;21.2;8.2
88;2021-04-15;1967;1239;78090;30694;21.7;8.5
88;2021-04-16;2108;1046;80198;31740;22.3;8.8
88;2021-04-17;1426;766;81624;32506;22.7;9.0
88;2021-04-18;268;22;81892;32528;22.8;9.0
88;2021-04-19;1174;1235;83066;33763;23.1;9.4
88;2021-04-20;1191;1392;84257;35155;23.4;9.8
88;2021-04-21;1504;1298;85761;36453;23.9;10.1
88;2021-04-22;1898;1625;87659;38078;24.4;10.6
88;2021-04-23;1821;2038;89480;40116;24.9;11.2
88;2021-04-24;1184;778;90664;40894;25.2;11.4
88;2021-04-25;33;2;90697;40896;25.2;11.4
88;2021-04-26;1181;1171;91878;42067;25.6;11.7
88;2021-04-27;1277;1733;93155;43800;25.9;12.2
88;2021-04-28;1632;1494;94787;45294;26.4;12.6
88;2021-04-29;2082;1456;96869;46750;26.9;13.0
88;2021-04-30;2448;1615;99317;48365;27.6;13.5
88;2021-05-01;2003;263;101320;48628;28.2;13.5
88;2021-05-02;1300;119;102620;48747;28.5;13.6
88;2021-05-03;1560;1217;104180;49964;29.0;13.9
88;2021-05-04;1445;1460;105625;51424;29.4;14.3
88;2021-05-05;2425;1589;108050;53013;30.1;14.7
88;2021-05-06;3207;1207;111257;54220;30.9;15.1
88;2021-05-07;2939;1346;114196;55566;31.8;15.5
88;2021-05-08;1530;457;115726;56023;32.2;15.6
88;2021-05-09;1732;149;117458;56172;32.7;15.6
88;2021-05-10;1765;1571;119223;57743;33.2;16.1
88;2021-05-11;2658;1906;121881;59649;33.9;16.6
88;2021-05-12;2531;1848;124412;61497;34.6;17.1
88;2021-05-13;3258;671;127670;62168;35.5;17.3
88;2021-05-14;2499;1535;130169;63703;36.2;17.7
88;2021-05-15;1625;731;131794;64434;36.7;17.9
88;2021-05-16;1334;99;133128;64533;37.0;17.9
88;2021-05-17;1986;938;135114;65471;37.6;18.2
88;2021-05-18;2256;1105;137370;66576;38.2;18.5
88;2021-05-19;2723;1137;140093;67713;39.0;18.8
88;2021-05-20;3344;1229;143437;68942;39.9;19.2
88;2021-05-21;2871;1137;146308;70079;40.7;19.5
88;2021-05-22;1432;704;147740;70783;41.1;19.7
88;2021-05-23;557;73;148297;70856;41.2;19.7
88;2021-05-24;1673;423;149970;71279;41.7;19.8
88;2021-05-25;1646;1172;151616;72451;42.2;20.2
88;2021-05-26;2368;1132;153984;73583;42.8;20.5
88;2021-05-27;2200;1359;156184;74942;43.4;20.8
88;2021-05-28;1890;1986;158074;76928;44.0;21.4
88;2021-05-29;1232;1751;159306;78679;44.3;21.9
88;2021-05-30;588;415;159894;79094;44.5;22.0
88;2021-05-31;1326;1849;161220;80943;44.8;22.5
88;2021-06-01;1719;1988;162939;82931;45.3;23.1
88;2021-06-02;2074;1863;165013;84794;45.9;23.6
88;2021-06-03;2736;1615;167749;86409;46.7;24.0
88;2021-06-04;2039;1934;169788;88343;47.2;24.6
88;2021-06-05;1529;1138;171317;89481;47.7;24.9
88;2021-06-06;691;155;172008;89636;47.8;24.9
88;2021-06-07;1289;1700;173297;91336;48.2;25.4
88;2021-06-08;1656;1929;174953;93265;48.7;25.9
88;2021-06-09;1616;1903;176569;95168;49.1;26.5
88;2021-06-10;1777;2043;178346;97211;49.6;27.0
88;2021-06-11;1546;2214;179892;99425;50.0;27.7
88;2021-06-12;665;1654;180557;101079;50.2;28.1
88;2021-06-13;464;377;181021;101456;50.4;28.2
88;2021-06-14;1026;2245;182047;103701;50.6;28.8
88;2021-06-15;1919;2449;183966;106150;51.2;29.5
88;2021-06-16;1481;2869;185447;109019;51.6;30.3
88;2021-06-17;1597;2727;187044;111746;52.0;31.1
88;2021-06-18;1356;2455;188400;114201;52.4;31.8
88;2021-06-19;700;1088;189100;115289;52.6;32.1
88;2021-06-20;77;79;189177;115368;52.6;32.1
88;2021-06-21;649;2580;189826;117948;52.8;32.8
88;2021-06-22;862;3435;190688;121383;53.0;33.8
88;2021-06-23;1139;2880;191827;124263;53.4;34.6
88;2021-06-24;700;2606;192527;126869;53.6;35.3
88;2021-06-25;1396;3178;193923;130047;53.9;36.2
88;2021-06-26;902;2074;194825;132121;54.2;36.7
88;2021-06-27;543;634;195368;132755;54.3;36.9
88;2021-06-28;703;2505;196071;135260;54.5;37.6
88;2021-06-29;842;3360;196913;138620;54.8;38.6
88;2021-06-30;1092;3109;198005;141729;55.1;39.4
88;2021-07-01;1049;2690;199054;144419;55.4;40.2
88;2021-07-02;984;3142;200038;147561;55.6;41.0
88;2021-07-03;687;1699;200725;149260;55.8;41.5
88;2021-07-04;257;817;200982;150077;55.9;41.7
88;2021-07-05;989;2029;201971;152106;56.2;42.3
88;2021-07-06;1018;2414;202989;154520;56.5;43.0
88;2021-07-07;1176;2584;204165;157104;56.8;43.7
88;2021-07-08;1067;2078;205232;159182;57.1;44.3
88;2021-07-09;1576;2699;206808;161881;57.5;45.0
88;2021-07-10;702;1809;207510;163690;57.7;45.5
88;2021-07-11;466;695;207976;164385;57.8;45.7
88;2021-07-12;1042;2512;209018;166897;58.1;46.4
88;2021-07-13;1308;2655;210326;169552;58.5;47.2
88;2021-07-14;1185;790;211511;170342;58.8;47.4
88;2021-07-15;1729;3312;213240;173654;59.3;48.3
88;2021-07-16;1463;2957;214703;176611;59.7;49.1
88;2021-07-17;796;1587;215499;178198;59.9;49.6
88;2021-07-18;181;680;215680;178878;60.0;49.8
88;2021-07-19;1552;2230;217232;181108;60.4;50.4
88;2021-07-20;2098;2387;219330;183495;61.0;51.0
88;2021-07-21;1927;2222;221257;185717;61.5;51.7
88;2021-07-22;1690;2099;222947;187816;62.0;52.2
88;2021-07-23;2487;2766;225434;190582;62.7;53.0
88;2021-07-24;932;1160;226366;191742;63.0;53.3
88;2021-07-25;415;601;226781;192343;63.1;53.5
89;2020-12-27;0;0;0;0;0.0;0.0
89;2020-12-28;0;0;0;0;0.0;0.0
89;2020-12-29;0;0;0;0;0.0;0.0
89;2020-12-30;0;0;0;0;0.0;0.0
89;2020-12-31;0;0;0;0;0.0;0.0
89;2021-01-01;0;0;0;0;0.0;0.0
89;2021-01-02;0;0;0;0;0.0;0.0
89;2021-01-03;0;0;0;0;0.0;0.0
89;2021-01-04;0;0;0;0;0.0;0.0
89;2021-01-05;0;0;0;0;0.0;0.0
89;2021-01-06;48;0;48;0;0.0;0.0
89;2021-01-07;201;0;249;0;0.1;0.0
89;2021-01-08;48;0;297;0;0.1;0.0
89;2021-01-09;1;0;298;0;0.1;0.0
89;2021-01-10;0;0;298;0;0.1;0.0
89;2021-01-11;220;0;518;0;0.2;0.0
89;2021-01-12;349;0;867;0;0.3;0.0
89;2021-01-13;533;1;1400;1;0.4;0.0
89;2021-01-14;707;7;2107;8;0.6;0.0
89;2021-01-15;275;2;2382;10;0.7;0.0
89;2021-01-16;90;3;2472;13;0.7;0.0
89;2021-01-17;0;0;2472;13;0.7;0.0
89;2021-01-18;503;0;2975;13;0.9;0.0
89;2021-01-19;839;3;3814;16;1.1;0.0
89;2021-01-20;758;1;4572;17;1.4;0.0
89;2021-01-21;939;4;5511;21;1.7;0.0
89;2021-01-22;1015;0;6526;21;2.0;0.0
89;2021-01-23;200;0;6726;21;2.0;0.0
89;2021-01-24;105;0;6831;21;2.1;0.0
89;2021-01-25;482;4;7313;25;2.2;0.0
89;2021-01-26;580;12;7893;37;2.4;0.0
89;2021-01-27;472;38;8365;75;2.5;0.0
89;2021-01-28;547;126;8912;201;2.7;0.1
89;2021-01-29;958;42;9870;243;3.0;0.1
89;2021-01-30;184;67;10054;310;3.0;0.1
89;2021-01-31;24;2;10078;312;3.0;0.1
89;2021-02-01;255;153;10333;465;3.1;0.1
89;2021-02-02;282;339;10615;804;3.2;0.2
89;2021-02-03;290;345;10905;1149;3.3;0.3
89;2021-02-04;433;595;11338;1744;3.4;0.5
89;2021-02-05;387;201;11725;1945;3.5;0.6
89;2021-02-06;77;67;11802;2012;3.6;0.6
89;2021-02-07;0;0;11802;2012;3.6;0.6
89;2021-02-08;288;189;12090;2201;3.6;0.7
89;2021-02-09;285;443;12375;2644;3.7;0.8
89;2021-02-10;395;313;12770;2957;3.8;0.9
89;2021-02-11;332;563;13102;3520;3.9;1.1
89;2021-02-12;426;597;13528;4117;4.1;1.2
89;2021-02-13;52;143;13580;4260;4.1;1.3
89;2021-02-14;20;116;13600;4376;4.1;1.3
89;2021-02-15;216;415;13816;4791;4.2;1.4
89;2021-02-16;134;537;13950;5328;4.2;1.6
89;2021-02-17;262;437;14212;5765;4.3;1.7
89;2021-02-18;225;556;14437;6321;4.3;1.9
89;2021-02-19;243;656;14680;6977;4.4;2.1
89;2021-02-20;33;140;14713;7117;4.4;2.1
89;2021-02-21;0;10;14713;7127;4.4;2.1
89;2021-02-22;229;451;14942;7578;4.5;2.3
89;2021-02-23;171;471;15113;8049;4.6;2.4
89;2021-02-24;339;389;15452;8438;4.7;2.5
89;2021-02-25;369;466;15821;8904;4.8;2.7
89;2021-02-26;382;337;16203;9241;4.9;2.8
89;2021-02-27;137;80;16340;9321;4.9;2.8
89;2021-02-28;6;13;16346;9334;4.9;2.8
89;2021-03-01;541;237;16887;9571;5.1;2.9
89;2021-03-02;751;341;17638;9912;5.3;3.0
89;2021-03-03;648;273;18286;10185;5.5;3.1
89;2021-03-04;632;376;18918;10561;5.7;3.2
89;2021-03-05;728;501;19646;11062;5.9;3.3
89;2021-03-06;543;125;20189;11187;6.1;3.4
89;2021-03-07;286;39;20475;11226;6.2;3.4
89;2021-03-08;555;325;21030;11551;6.3;3.5
89;2021-03-09;996;269;22026;11820;6.6;3.6
89;2021-03-10;970;248;22996;12068;6.9;3.6
89;2021-03-11;1073;300;24069;12368;7.2;3.7
89;2021-03-12;1280;331;25349;12699;7.6;3.8
89;2021-03-13;634;41;25983;12740;7.8;3.8
89;2021-03-14;1;0;25984;12740;7.8;3.8
89;2021-03-15;811;302;26795;13042;8.1;3.9
89;2021-03-16;945;219;27740;13261;8.4;4.0
89;2021-03-17;917;265;28657;13526;8.6;4.1
89;2021-03-18;881;252;29538;13778;8.9;4.1
89;2021-03-19;1146;190;30684;13968;9.2;4.2
89;2021-03-20;844;23;31528;13991;9.5;4.2
89;2021-03-21;171;5;31699;13996;9.5;4.2
89;2021-03-22;1040;221;32739;14217;9.9;4.3
89;2021-03-23;1738;249;34477;14466;10.4;4.4
89;2021-03-24;1955;319;36432;14785;11.0;4.5
89;2021-03-25;1815;163;38247;14948;11.5;4.5
89;2021-03-26;2624;179;40871;15127;12.3;4.6
89;2021-03-27;1774;42;42645;15169;12.8;4.6
89;2021-03-28;32;3;42677;15172;12.9;4.6
89;2021-03-29;963;580;43640;15752;13.1;4.7
89;2021-03-30;1151;564;44791;16316;13.5;4.9
89;2021-03-31;2005;464;46796;16780;14.1;5.1
89;2021-04-01;2117;452;48913;17232;14.7;5.2
89;2021-04-02;2138;441;51051;17673;15.4;5.3
89;2021-04-03;1001;239;52052;17912;15.7;5.4
89;2021-04-04;16;1;52068;17913;15.7;5.4
89;2021-04-05;92;1;52160;17914;15.7;5.4
89;2021-04-06;1030;754;53190;18668;16.0;5.6
89;2021-04-07;1035;799;54225;19467;16.3;5.9
89;2021-04-08;1730;718;55955;20185;16.8;6.1
89;2021-04-09;2163;727;58118;20912;17.5;6.3
89;2021-04-10;891;177;59009;21089;17.8;6.4
89;2021-04-11;37;50;59046;21139;17.8;6.4
89;2021-04-12;1014;786;60060;21925;18.1;6.6
89;2021-04-13;1359;1076;61419;23001;18.5;6.9
89;2021-04-14;1210;1032;62629;24033;18.9;7.2
89;2021-04-15;1414;941;64043;24974;19.3;7.5
89;2021-04-16;1331;937;65374;25911;19.7;7.8
89;2021-04-17;1064;453;66438;26364;20.0;7.9
89;2021-04-18;27;154;66465;26518;20.0;8.0
89;2021-04-19;751;1026;67216;27544;20.2;8.3
89;2021-04-20;1019;1531;68235;29075;20.5;8.8
89;2021-04-21;813;1100;69048;30175;20.8;9.1
89;2021-04-22;1099;1163;70147;31338;21.1;9.4
89;2021-04-23;1819;1959;71966;33297;21.7;10.0
89;2021-04-24;1170;1174;73136;34471;22.0;10.4
89;2021-04-25;139;6;73275;34477;22.1;10.4
89;2021-04-26;1497;760;74772;35237;22.5;10.6
89;2021-04-27;1730;1053;76502;36290;23.0;10.9
89;2021-04-28;1586;1847;78088;38137;23.5;11.5
89;2021-04-29;1970;1912;80058;40049;24.1;12.1
89;2021-04-30;1806;1760;81864;41809;24.7;12.6
89;2021-05-01;846;722;82710;42531;24.9;12.8
89;2021-05-02;133;31;82843;42562;24.9;12.8
89;2021-05-03;1603;758;84446;43320;25.4;13.0
89;2021-05-04;1620;1127;86066;44447;25.9;13.4
89;2021-05-05;2318;1258;88384;45705;26.6;13.8
89;2021-05-06;2413;1373;90797;47078;27.3;14.2
89;2021-05-07;2724;1314;93521;48392;28.2;14.6
89;2021-05-08;1784;530;95305;48922;28.7;14.7
89;2021-05-09;196;18;95501;48940;28.8;14.7
89;2021-05-10;1196;939;96697;49879;29.1;15.0
89;2021-05-11;2483;1440;99180;51319;29.9;15.5
89;2021-05-12;2061;1214;101241;52533;30.5;15.8
89;2021-05-13;414;333;101655;52866;30.6;15.9
89;2021-05-14;1879;1088;103534;53954;31.2;16.2
89;2021-05-15;2246;391;105780;54345;31.9;16.4
89;2021-05-16;10;34;105790;54379;31.9;16.4
89;2021-05-17;2089;635;107879;55014;32.5;16.6
89;2021-05-18;2322;822;110201;55836;33.2;16.8
89;2021-05-19;2860;876;113061;56712;34.0;17.1
89;2021-05-20;2928;882;115989;57594;34.9;17.3
89;2021-05-21;2481;871;118470;58465;35.7;17.6
89;2021-05-22;1427;568;119897;59033;36.1;17.8
89;2021-05-23;108;10;120005;59043;36.1;17.8
89;2021-05-24;286;223;120291;59266;36.2;17.8
89;2021-05-25;1558;983;121849;60249;36.7;18.1
89;2021-05-26;1814;1019;123663;61268;37.2;18.4
89;2021-05-27;2112;1349;125775;62617;37.9;18.9
89;2021-05-28;2142;1420;127917;64037;38.5;19.3
89;2021-05-29;539;657;128456;64694;38.7;19.5
89;2021-05-30;25;22;128481;64716;38.7;19.5
89;2021-05-31;1245;968;129726;65684;39.1;19.8
89;2021-06-01;1504;979;131230;66663;39.5;20.1
89;2021-06-02;1946;1273;133176;67936;40.1;20.5
89;2021-06-03;2424;1520;135600;69456;40.8;20.9
89;2021-06-04;2139;1881;137739;71337;41.5;21.5
89;2021-06-05;1183;1223;138922;72560;41.8;21.8
89;2021-06-06;22;37;138944;72597;41.8;21.9
89;2021-06-07;2109;1444;141053;74041;42.5;22.3
89;2021-06-08;2195;1452;143248;75493;43.1;22.7
89;2021-06-09;2319;1505;145567;76998;43.8;23.2
89;2021-06-10;2783;1599;148350;78597;44.7;23.7
89;2021-06-11;1944;1746;150294;80343;45.3;24.2
89;2021-06-12;1103;758;151397;81101;45.6;24.4
89;2021-06-13;155;425;151552;81526;45.6;24.5
89;2021-06-14;1308;1822;152860;83348;46.0;25.1
89;2021-06-15;1395;2011;154255;85359;46.4;25.7
89;2021-06-16;1123;2579;155378;87938;46.8;26.5
89;2021-06-17;1426;2337;156804;90275;47.2;27.2
89;2021-06-18;1623;2870;158427;93145;47.7;28.0
89;2021-06-19;684;1662;159111;94807;47.9;28.5
89;2021-06-20;53;127;159164;94934;47.9;28.6
89;2021-06-21;760;1527;159924;96461;48.2;29.0
89;2021-06-22;1048;2680;160972;99141;48.5;29.9
89;2021-06-23;1151;1800;162123;100941;48.8;30.4
89;2021-06-24;1076;1497;163199;102438;49.1;30.8
89;2021-06-25;997;2430;164196;104868;49.4;31.6
89;2021-06-26;558;2487;164754;107355;49.6;32.3
89;2021-06-27;12;28;164766;107383;49.6;32.3
89;2021-06-28;1003;2493;165769;109876;49.9;33.1
89;2021-06-29;673;2405;166442;112281;50.1;33.8
89;2021-06-30;1070;3176;167512;115457;50.4;34.8
89;2021-07-01;1019;2990;168531;118447;50.7;35.7
89;2021-07-02;1102;2752;169633;121199;51.1;36.5
89;2021-07-03;553;1572;170186;122771;51.2;37.0
89;2021-07-04;11;36;170197;122807;51.2;37.0
89;2021-07-05;1290;1836;171487;124643;51.6;37.5
89;2021-07-06;1048;2309;172535;126952;52.0;38.2
89;2021-07-07;661;1788;173196;128740;52.2;38.8
89;2021-07-08;787;1878;173983;130618;52.4;39.3
89;2021-07-09;1128;2604;175111;133222;52.7;40.1
89;2021-07-10;714;815;175825;134037;52.9;40.4
89;2021-07-11;25;39;175850;134076;53.0;40.4
89;2021-07-12;1421;1900;177271;135976;53.4;40.9
89;2021-07-13;2123;2738;179394;138714;54.0;41.8
89;2021-07-14;312;324;179706;139038;54.1;41.9
89;2021-07-15;2228;3222;181934;142260;54.8;42.8
89;2021-07-16;2381;2854;184315;145114;55.5;43.7
89;2021-07-17;1227;1225;185542;146339;55.9;44.1
89;2021-07-18;276;96;185818;146435;56.0;44.1
89;2021-07-19;1559;2812;187377;149247;56.4;44.9
89;2021-07-20;1910;3274;189287;152521;57.0;45.9
89;2021-07-21;2070;2716;191357;155237;57.6;46.7
89;2021-07-22;2440;2978;193797;158215;58.4;47.6
89;2021-07-23;2447;3080;196244;161295;59.1;48.6
89;2021-07-24;1185;1224;197429;162519;59.4;48.9
89;2021-07-25;64;182;197493;162701;59.5;49.0
90;2020-12-27;0;0;0;0;0.0;0.0
90;2020-12-28;0;0;0;0;0.0;0.0
90;2020-12-29;0;0;0;0;0.0;0.0
90;2020-12-30;1;0;1;0;0.0;0.0
90;2020-12-31;0;0;1;0;0.0;0.0
90;2021-01-01;0;0;1;0;0.0;0.0
90;2021-01-02;0;0;1;0;0.0;0.0
90;2021-01-03;0;0;1;0;0.0;0.0
90;2021-01-04;2;0;3;0;0.0;0.0
90;2021-01-05;0;0;3;0;0.0;0.0
90;2021-01-06;0;0;3;0;0.0;0.0
90;2021-01-07;1;0;4;0;0.0;0.0
90;2021-01-08;170;0;174;0;0.1;0.0
90;2021-01-09;46;0;220;0;0.2;0.0
90;2021-01-10;0;0;220;0;0.2;0.0
90;2021-01-11;200;0;420;0;0.3;0.0
90;2021-01-12;430;0;850;0;0.6;0.0
90;2021-01-13;469;2;1319;2;0.9;0.0
90;2021-01-14;414;1;1733;3;1.2;0.0
90;2021-01-15;405;9;2138;12;1.5;0.0
90;2021-01-16;111;2;2249;14;1.6;0.0
90;2021-01-17;1;0;2250;14;1.6;0.0
90;2021-01-18;363;2;2613;16;1.9;0.0
90;2021-01-19;460;4;3073;20;2.2;0.0
90;2021-01-20;390;2;3463;22;2.5;0.0
90;2021-01-21;349;1;3812;23;2.7;0.0
90;2021-01-22;346;2;4158;25;3.0;0.0
90;2021-01-23;98;0;4256;25;3.0;0.0
90;2021-01-24;0;0;4256;25;3.0;0.0
90;2021-01-25;322;3;4578;28;3.3;0.0
90;2021-01-26;224;0;4802;28;3.4;0.0
90;2021-01-27;254;0;5056;28;3.6;0.0
90;2021-01-28;328;33;5384;61;3.8;0.0
90;2021-01-29;291;162;5675;223;4.0;0.2
90;2021-01-30;176;45;5851;268;4.2;0.2
90;2021-01-31;118;0;5969;268;4.3;0.2
90;2021-02-01;273;112;6242;380;4.5;0.3
90;2021-02-02;290;163;6532;543;4.7;0.4
90;2021-02-03;255;368;6787;911;4.8;0.7
90;2021-02-04;256;303;7043;1214;5.0;0.9
90;2021-02-05;266;271;7309;1485;5.2;1.1
90;2021-02-06;89;68;7398;1553;5.3;1.1
90;2021-02-07;0;0;7398;1553;5.3;1.1
90;2021-02-08;170;219;7568;1772;5.4;1.3
90;2021-02-09;139;166;7707;1938;5.5;1.4
90;2021-02-10;182;28;7889;1966;5.6;1.4
90;2021-02-11;228;108;8117;2074;5.8;1.5
90;2021-02-12;127;240;8244;2314;5.9;1.7
90;2021-02-13;95;45;8339;2359;6.0;1.7
90;2021-02-14;0;0;8339;2359;6.0;1.7
90;2021-02-15;113;281;8452;2640;6.0;1.9
90;2021-02-16;92;277;8544;2917;6.1;2.1
90;2021-02-17;178;206;8722;3123;6.2;2.2
90;2021-02-18;130;242;8852;3365;6.3;2.4
90;2021-02-19;64;272;8916;3637;6.4;2.6
90;2021-02-20;39;72;8955;3709;6.4;2.6
90;2021-02-21;0;0;8955;3709;6.4;2.6
90;2021-02-22;77;333;9032;4042;6.4;2.9
90;2021-02-23;40;259;9072;4301;6.5;3.1
90;2021-02-24;109;289;9181;4590;6.6;3.3
90;2021-02-25;88;313;9269;4903;6.6;3.5
90;2021-02-26;89;396;9358;5299;6.7;3.8
90;2021-02-27;140;178;9498;5477;6.8;3.9
90;2021-02-28;8;113;9506;5590;6.8;4.0
90;2021-03-01;214;232;9720;5822;6.9;4.2
90;2021-03-02;178;283;9898;6105;7.1;4.4
90;2021-03-03;239;354;10137;6459;7.2;4.6
90;2021-03-04;258;275;10395;6734;7.4;4.8
90;2021-03-05;358;269;10753;7003;7.7;5.0
90;2021-03-06;291;102;11044;7105;7.9;5.1
90;2021-03-07;18;1;11062;7106;7.9;5.1
90;2021-03-08;246;242;11308;7348;8.1;5.2
90;2021-03-09;424;160;11732;7508;8.4;5.4
90;2021-03-10;346;195;12078;7703;8.6;5.5
90;2021-03-11;348;116;12426;7819;8.9;5.6
90;2021-03-12;519;126;12945;7945;9.2;5.7
90;2021-03-13;539;46;13484;7991;9.6;5.7
90;2021-03-14;20;0;13504;7991;9.6;5.7
90;2021-03-15;385;114;13889;8105;9.9;5.8
90;2021-03-16;401;98;14290;8203;10.2;5.9
90;2021-03-17;323;73;14613;8276;10.4;5.9
90;2021-03-18;348;77;14961;8353;10.7;6.0
90;2021-03-19;468;77;15429;8430;11.0;6.0
90;2021-03-20;426;48;15855;8478;11.3;6.0
90;2021-03-21;7;2;15862;8480;11.3;6.1
90;2021-03-22;399;28;16261;8508;11.6;6.1
90;2021-03-23;734;71;16995;8579;12.1;6.1
90;2021-03-24;815;45;17810;8624;12.7;6.2
90;2021-03-25;945;68;18755;8692;13.4;6.2
90;2021-03-26;1227;54;19982;8746;14.3;6.2
90;2021-03-27;437;29;20419;8775;14.6;6.3
90;2021-03-28;34;0;20453;8775;14.6;6.3
90;2021-03-29;711;137;21164;8912;15.1;6.4
90;2021-03-30;669;152;21833;9064;15.6;6.5
90;2021-03-31;728;76;22561;9140;16.1;6.5
90;2021-04-01;600;111;23161;9251;16.5;6.6
90;2021-04-02;657;90;23818;9341;17.0;6.7
90;2021-04-03;370;39;24188;9380;17.3;6.7
90;2021-04-04;1;0;24189;9380;17.3;6.7
90;2021-04-05;0;0;24189;9380;17.3;6.7
90;2021-04-06;527;247;24716;9627;17.6;6.9
90;2021-04-07;484;259;25200;9886;18.0;7.1
90;2021-04-08;507;244;25707;10130;18.3;7.2
90;2021-04-09;749;264;26456;10394;18.9;7.4
90;2021-04-10;221;8;26677;10402;19.0;7.4
90;2021-04-11;7;0;26684;10402;19.0;7.4
90;2021-04-12;551;479;27235;10881;19.4;7.8
90;2021-04-13;629;526;27864;11407;19.9;8.1
90;2021-04-14;527;348;28391;11755;20.3;8.4
90;2021-04-15;905;280;29296;12035;20.9;8.6
90;2021-04-16;370;403;29666;12438;21.2;8.9
90;2021-04-17;189;127;29855;12565;21.3;9.0
90;2021-04-18;21;0;29876;12565;21.3;9.0
90;2021-04-19;435;567;30311;13132;21.6;9.4
90;2021-04-20;494;619;30805;13751;22.0;9.8
90;2021-04-21;353;494;31158;14245;22.2;10.2
90;2021-04-22;566;599;31724;14844;22.6;10.6
90;2021-04-23;503;744;32227;15588;23.0;11.1
90;2021-04-24;305;202;32532;15790;23.2;11.3
90;2021-04-25;1;0;32533;15790;23.2;11.3
90;2021-04-26;508;751;33041;16541;23.6;11.8
90;2021-04-27;640;679;33681;17220;24.0;12.3
90;2021-04-28;765;444;34446;17664;24.6;12.6
90;2021-04-29;1002;447;35448;18111;25.3;12.9
90;2021-04-30;1121;457;36569;18568;26.1;13.2
90;2021-05-01;60;42;36629;18610;26.1;13.3
90;2021-05-02;4;0;36633;18610;26.1;13.3
90;2021-05-03;903;286;37536;18896;26.8;13.5
90;2021-05-04;786;637;38322;19533;27.3;13.9
90;2021-05-05;894;506;39216;20039;28.0;14.3
90;2021-05-06;851;624;40067;20663;28.6;14.7
90;2021-05-07;440;508;40507;21171;28.9;15.1
90;2021-05-08;26;26;40533;21197;28.9;15.1
90;2021-05-09;5;33;40538;21230;28.9;15.1
90;2021-05-10;505;584;41043;21814;29.3;15.6
90;2021-05-11;777;633;41820;22447;29.8;16.0
90;2021-05-12;529;596;42349;23043;30.2;16.4
90;2021-05-13;1112;263;43461;23306;31.0;16.6
90;2021-05-14;865;401;44326;23707;31.6;16.9
90;2021-05-15;14;125;44340;23832;31.6;17.0
90;2021-05-16;2;7;44342;23839;31.6;17.0
90;2021-05-17;793;288;45135;24127;32.2;17.2
90;2021-05-18;1023;469;46158;24596;32.9;17.6
90;2021-05-19;1263;383;47421;24979;33.8;17.8
90;2021-05-20;1200;266;48621;25245;34.7;18.0
90;2021-05-21;1265;429;49886;25674;35.6;18.3
90;2021-05-22;9;131;49895;25805;35.6;18.4
90;2021-05-23;1;0;49896;25805;35.6;18.4
90;2021-05-24;368;266;50264;26071;35.9;18.6
90;2021-05-25;637;791;50901;26862;36.3;19.2
90;2021-05-26;631;568;51532;27430;36.8;19.6
90;2021-05-27;963;381;52495;27811;37.5;19.8
90;2021-05-28;668;825;53163;28636;37.9;20.4
90;2021-05-29;93;296;53256;28932;38.0;20.6
90;2021-05-30;4;1;53260;28933;38.0;20.6
90;2021-05-31;809;713;54069;29646;38.6;21.2
90;2021-06-01;966;740;55035;30386;39.3;21.7
90;2021-06-02;759;675;55794;31061;39.8;22.2
90;2021-06-03;757;741;56551;31802;40.4;22.7
90;2021-06-04;832;973;57383;32775;40.9;23.4
90;2021-06-05;53;424;57436;33199;41.0;23.7
90;2021-06-06;1;16;57437;33215;41.0;23.7
90;2021-06-07;1266;1080;58703;34295;41.9;24.5
90;2021-06-08;1479;935;60182;35230;42.9;25.1
90;2021-06-09;964;658;61146;35888;43.6;25.6
90;2021-06-10;622;495;61768;36383;44.1;26.0
90;2021-06-11;787;1125;62555;37508;44.6;26.8
90;2021-06-12;804;298;63359;37806;45.2;27.0
90;2021-06-13;10;12;63369;37818;45.2;27.0
90;2021-06-14;260;973;63629;38791;45.4;27.7
90;2021-06-15;563;879;64192;39670;45.8;28.3
90;2021-06-16;504;547;64696;40217;46.2;28.7
90;2021-06-17;436;636;65132;40853;46.5;29.2
90;2021-06-18;608;993;65740;41846;46.9;29.9
90;2021-06-19;449;168;66189;42014;47.2;30.0
90;2021-06-20;0;28;66189;42042;47.2;30.0
90;2021-06-21;253;1178;66442;43220;47.4;30.8
90;2021-06-22;381;951;66823;44171;47.7;31.5
90;2021-06-23;410;632;67233;44803;48.0;32.0
90;2021-06-24;308;602;67541;45405;48.2;32.4
90;2021-06-25;420;1273;67961;46678;48.5;33.3
90;2021-06-26;420;562;68381;47240;48.8;33.7
90;2021-06-27;2;6;68383;47246;48.8;33.7
90;2021-06-28;371;1298;68754;48544;49.1;34.6
90;2021-06-29;299;1305;69053;49849;49.3;35.6
90;2021-06-30;478;1228;69531;51077;49.6;36.4
90;2021-07-01;338;919;69869;51996;49.9;37.1
90;2021-07-02;502;1205;70371;53201;50.2;38.0
90;2021-07-03;42;129;70413;53330;50.2;38.1
90;2021-07-04;0;21;70413;53351;50.2;38.1
90;2021-07-05;391;1013;70804;54364;50.5;38.8
90;2021-07-06;503;968;71307;55332;50.9;39.5
90;2021-07-07;362;998;71669;56330;51.1;40.2
90;2021-07-08;301;607;71970;56937;51.4;40.6
90;2021-07-09;432;950;72402;57887;51.7;41.3
90;2021-07-10;27;90;72429;57977;51.7;41.4
90;2021-07-11;5;17;72434;57994;51.7;41.4
90;2021-07-12;238;1077;72672;59071;51.9;42.1
90;2021-07-13;473;1158;73145;60229;52.2;43.0
90;2021-07-14;0;8;73145;60237;52.2;43.0
90;2021-07-15;783;1442;73928;61679;52.8;44.0
90;2021-07-16;815;1684;74743;63363;53.3;45.2
90;2021-07-17;480;955;75223;64318;53.7;45.9
90;2021-07-18;4;2;75227;64320;53.7;45.9
90;2021-07-19;1179;1458;76406;65778;54.5;46.9
90;2021-07-20;1336;1131;77742;66909;55.5;47.7
90;2021-07-21;1387;974;79129;67883;56.5;48.4
90;2021-07-22;1111;687;80240;68570;57.3;48.9
90;2021-07-23;959;1016;81199;69586;57.9;49.7
90;2021-07-24;111;63;81310;69649;58.0;49.7
90;2021-07-25;2;1;81312;69650;58.0;49.7
91;2020-12-27;0;0;0;0;0.0;0.0
91;2020-12-28;0;0;0;0;0.0;0.0
91;2020-12-29;1;0;1;0;0.0;0.0
91;2020-12-30;0;0;1;0;0.0;0.0
91;2020-12-31;0;0;1;0;0.0;0.0
91;2021-01-01;3;0;4;0;0.0;0.0
91;2021-01-02;0;0;4;0;0.0;0.0
91;2021-01-03;0;0;4;0;0.0;0.0
91;2021-01-04;1;0;5;0;0.0;0.0
91;2021-01-05;71;0;76;0;0.0;0.0
91;2021-01-06;188;1;264;1;0.0;0.0
91;2021-01-07;523;6;787;7;0.1;0.0
91;2021-01-08;393;0;1180;7;0.1;0.0
91;2021-01-09;88;3;1268;10;0.1;0.0
91;2021-01-10;0;0;1268;10;0.1;0.0
91;2021-01-11;595;3;1863;13;0.1;0.0
91;2021-01-12;899;8;2762;21;0.2;0.0
91;2021-01-13;702;5;3464;26;0.3;0.0
91;2021-01-14;719;9;4183;35;0.3;0.0
91;2021-01-15;567;2;4750;37;0.4;0.0
91;2021-01-16;316;8;5066;45;0.4;0.0
91;2021-01-17;116;1;5182;46;0.4;0.0
91;2021-01-18;991;4;6173;50;0.5;0.0
91;2021-01-19;1861;13;8034;63;0.6;0.0
91;2021-01-20;2368;18;10402;81;0.8;0.0
91;2021-01-21;2088;15;12490;96;0.9;0.0
91;2021-01-22;1812;9;14302;105;1.1;0.0
91;2021-01-23;412;1;14714;106;1.1;0.0
91;2021-01-24;51;0;14765;106;1.1;0.0
91;2021-01-25;1047;3;15812;109;1.2;0.0
91;2021-01-26;1571;39;17383;148;1.3;0.0
91;2021-01-27;2411;97;19794;245;1.5;0.0
91;2021-01-28;1971;222;21765;467;1.6;0.0
91;2021-01-29;1746;62;23511;529;1.8;0.0
91;2021-01-30;422;7;23933;536;1.8;0.0
91;2021-01-31;54;0;23987;536;1.8;0.0
91;2021-02-01;959;219;24946;755;1.9;0.1
91;2021-02-02;857;365;25803;1120;2.0;0.1
91;2021-02-03;936;571;26739;1691;2.0;0.1
91;2021-02-04;883;280;27622;1971;2.1;0.1
91;2021-02-05;1032;356;28654;2327;2.2;0.2
91;2021-02-06;335;91;28989;2418;2.2;0.2
91;2021-02-07;13;0;29002;2418;2.2;0.2
91;2021-02-08;902;604;29904;3022;2.3;0.2
91;2021-02-09;961;861;30865;3883;2.3;0.3
91;2021-02-10;1066;991;31931;4874;2.4;0.4
91;2021-02-11;1120;998;33051;5872;2.5;0.4
91;2021-02-12;1054;835;34105;6707;2.6;0.5
91;2021-02-13;331;360;34436;7067;2.6;0.5
91;2021-02-14;18;112;34454;7179;2.6;0.5
91;2021-02-15;365;1265;34819;8444;2.6;0.6
91;2021-02-16;547;1765;35366;10209;2.7;0.8
91;2021-02-17;811;2679;36177;12888;2.7;1.0
91;2021-02-18;937;2014;37114;14902;2.8;1.1
91;2021-02-19;862;1387;37976;16289;2.9;1.2
91;2021-02-20;165;362;38141;16651;2.9;1.3
91;2021-02-21;11;50;38152;16701;2.9;1.3
91;2021-02-22;335;1209;38487;17910;2.9;1.4
91;2021-02-23;395;1074;38882;18984;2.9;1.4
91;2021-02-24;473;1059;39355;20043;3.0;1.5
91;2021-02-25;728;1021;40083;21064;3.0;1.6
91;2021-02-26;1093;1057;41176;22121;3.1;1.7
91;2021-02-27;610;326;41786;22447;3.2;1.7
91;2021-02-28;64;68;41850;22515;3.2;1.7
91;2021-03-01;931;1069;42781;23584;3.2;1.8
91;2021-03-02;1254;1092;44035;24676;3.3;1.9
91;2021-03-03;1465;1278;45500;25954;3.4;2.0
91;2021-03-04;2416;1109;47916;27063;3.6;2.1
91;2021-03-05;3346;1157;51262;28220;3.9;2.1
91;2021-03-06;4903;448;56165;28668;4.3;2.2
91;2021-03-07;3209;100;59374;28768;4.5;2.2
91;2021-03-08;1470;1063;60844;29831;4.6;2.3
91;2021-03-09;2622;987;63466;30818;4.8;2.3
91;2021-03-10;2614;1016;66080;31834;5.0;2.4
91;2021-03-11;3781;1106;69861;32940;5.3;2.5
91;2021-03-12;4772;1025;74633;33965;5.7;2.6
91;2021-03-13;5252;313;79885;34278;6.1;2.6
91;2021-03-14;301;25;80186;34303;6.1;2.6
91;2021-03-15;2975;431;83161;34734;6.3;2.6
91;2021-03-16;2598;376;85759;35110;6.5;2.7
91;2021-03-17;2221;345;87980;35455;6.7;2.7
91;2021-03-18;2384;399;90364;35854;6.8;2.7
91;2021-03-19;4090;374;94454;36228;7.2;2.7
91;2021-03-20;3607;171;98061;36399;7.4;2.8
91;2021-03-21;138;30;98199;36429;7.4;2.8
91;2021-03-22;3147;600;101346;37029;7.7;2.8
91;2021-03-23;4135;695;105481;37724;8.0;2.9
91;2021-03-24;3934;489;109415;38213;8.3;2.9
91;2021-03-25;5052;519;114467;38732;8.7;2.9
91;2021-03-26;5543;535;120010;39267;9.1;3.0
91;2021-03-27;4987;322;124997;39589;9.5;3.0
91;2021-03-28;282;56;125279;39645;9.5;3.0
91;2021-03-29;3302;1033;128581;40678;9.7;3.1
91;2021-03-30;4420;1202;133001;41880;10.1;3.2
91;2021-03-31;3363;1330;136364;43210;10.3;3.3
91;2021-04-01;3735;1666;140099;44876;10.6;3.4
91;2021-04-02;3880;2303;143979;47179;10.9;3.6
91;2021-04-03;1871;2875;145850;50054;11.1;3.8
91;2021-04-04;647;1320;146497;51374;11.1;3.9
91;2021-04-05;560;129;147057;51503;11.1;3.9
91;2021-04-06;3398;1785;150455;53288;11.4;4.0
91;2021-04-07;3410;1931;153865;55219;11.7;4.2
91;2021-04-08;4653;2134;158518;57353;12.0;4.3
91;2021-04-09;5335;2125;163853;59478;12.4;4.5
91;2021-04-10;2726;2815;166579;62293;12.6;4.7
91;2021-04-11;189;141;166768;62434;12.6;4.7
91;2021-04-12;2850;2278;169618;64712;12.9;4.9
91;2021-04-13;3753;2640;173371;67352;13.1;5.1
91;2021-04-14;3704;2317;177075;69669;13.4;5.3
91;2021-04-15;4475;2498;181550;72167;13.8;5.5
91;2021-04-16;4548;2787;186098;74954;14.1;5.7
91;2021-04-17;2981;2077;189079;77031;14.3;5.8
91;2021-04-18;265;69;189344;77100;14.4;5.8
91;2021-04-19;2302;2729;191646;79829;14.5;6.1
91;2021-04-20;3182;2983;194828;82812;14.8;6.3
91;2021-04-21;2984;2895;197812;85707;15.0;6.5
91;2021-04-22;3155;3359;200967;89066;15.2;6.8
91;2021-04-23;3707;3344;204674;92410;15.5;7.0
91;2021-04-24;3480;3720;208154;96130;15.8;7.3
91;2021-04-25;2614;641;210768;96771;16.0;7.3
91;2021-04-26;3485;2794;214253;99565;16.2;7.5
91;2021-04-27;4475;2914;218728;102479;16.6;7.8
91;2021-04-28;4563;2696;223291;105175;16.9;8.0
91;2021-04-29;5738;3042;229029;108217;17.4;8.2
91;2021-04-30;5377;2842;234406;111059;17.8;8.4
91;2021-05-01;3512;516;237918;111575;18.0;8.5
91;2021-05-02;623;132;238541;111707;18.1;8.5
91;2021-05-03;5202;2285;243743;113992;18.5;8.6
91;2021-05-04;5583;3164;249326;117156;18.9;8.9
91;2021-05-05;4845;2862;254171;120018;19.3;9.1
91;2021-05-06;5239;3368;259410;123386;19.7;9.4
91;2021-05-07;6125;3735;265535;127121;20.1;9.6
91;2021-05-08;6511;955;272046;128076;20.6;9.7
91;2021-05-09;4803;561;276849;128637;21.0;9.7
91;2021-05-10;5894;3001;282743;131638;21.4;10.0
91;2021-05-11;6830;3821;289573;135459;21.9;10.3
91;2021-05-12;5875;3425;295448;138884;22.4;10.5
91;2021-05-13;4819;1077;300267;139961;22.8;10.6
91;2021-05-14;6545;2384;306812;142345;23.3;10.8
91;2021-05-15;7792;1912;314604;144257;23.8;10.9
91;2021-05-16;4582;367;319186;144624;24.2;11.0
91;2021-05-17;6952;1711;326138;146335;24.7;11.1
91;2021-05-18;8109;1733;334247;148068;25.3;11.2
91;2021-05-19;7099;1694;341346;149762;25.9;11.4
91;2021-05-20;8196;2138;349542;151900;26.5;11.5
91;2021-05-21;8133;2575;357675;154475;27.1;11.7
91;2021-05-22;7658;1544;365333;156019;27.7;11.8
91;2021-05-23;4797;520;370130;156539;28.1;11.9
91;2021-05-24;5012;597;375142;157136;28.4;11.9
91;2021-05-25;7624;2647;382766;159783;29.0;12.1
91;2021-05-26;6865;2935;389631;162718;29.5;12.3
91;2021-05-27;7961;3442;397592;166160;30.1;12.6
91;2021-05-28;7527;4311;405119;170471;30.7;12.9
91;2021-05-29;9295;3497;414414;173968;31.4;13.2
91;2021-05-30;5952;963;420366;174931;31.9;13.3
91;2021-05-31;6737;3695;427103;178626;32.4;13.5
91;2021-06-01;7772;4770;434875;183396;33.0;13.9
91;2021-06-02;7440;3952;442315;187348;33.5;14.2
91;2021-06-03;7852;4779;450167;192127;34.1;14.6
91;2021-06-04;7173;5714;457340;197841;34.7;15.0
91;2021-06-05;6381;5800;463721;203641;35.1;15.4
91;2021-06-06;4086;2506;467807;206147;35.5;15.6
91;2021-06-07;5883;5471;473690;211618;35.9;16.0
91;2021-06-08;7034;5785;480724;217403;36.4;16.5
91;2021-06-09;6458;5134;487182;222537;36.9;16.9
91;2021-06-10;7164;5770;494346;228307;37.5;17.3
91;2021-06-11;6539;7107;500885;235414;38.0;17.8
91;2021-06-12;6221;7353;507106;242767;38.4;18.4
91;2021-06-13;2823;2315;509929;245082;38.6;18.6
91;2021-06-14;4215;7193;514144;252275;39.0;19.1
91;2021-06-15;5548;7249;519692;259524;39.4;19.7
91;2021-06-16;5279;6436;524971;265960;39.8;20.2
91;2021-06-17;6217;7128;531188;273088;40.3;20.7
91;2021-06-18;4596;8731;535784;281819;40.6;21.4
91;2021-06-19;4153;7143;539937;288962;40.9;21.9
91;2021-06-20;999;4211;540936;293173;41.0;22.2
91;2021-06-21;3219;7234;544155;300407;41.2;22.8
91;2021-06-22;4141;9220;548296;309627;41.6;23.5
91;2021-06-23;4285;7955;552581;317582;41.9;24.1
91;2021-06-24;4832;8471;557413;326053;42.2;24.7
91;2021-06-25;3450;9171;560863;335224;42.5;25.4
91;2021-06-26;2887;8031;563750;343255;42.7;26.0
91;2021-06-27;547;2998;564297;346253;42.8;26.2
91;2021-06-28;3064;8232;567361;354485;43.0;26.9
91;2021-06-29;3544;9632;570905;364117;43.3;27.6
91;2021-06-30;3922;8683;574827;372800;43.6;28.3
91;2021-07-01;3945;8861;578772;381661;43.9;28.9
91;2021-07-02;3730;9304;582502;390965;44.1;29.6
91;2021-07-03;2806;9784;585308;400749;44.4;30.4
91;2021-07-04;830;4722;586138;405471;44.4;30.7
91;2021-07-05;2626;7261;588764;412732;44.6;31.3
91;2021-07-06;3657;9420;592421;422152;44.9;32.0
91;2021-07-07;3752;8579;596173;430731;45.2;32.6
91;2021-07-08;4308;8980;600481;439711;45.5;33.3
91;2021-07-09;3912;9943;604393;449654;45.8;34.1
91;2021-07-10;3319;10212;607712;459866;46.1;34.9
91;2021-07-11;979;4792;608691;464658;46.1;35.2
91;2021-07-12;2782;8882;611473;473540;46.3;35.9
91;2021-07-13;4432;10362;615905;483902;46.7;36.7
91;2021-07-14;2268;3568;618173;487470;46.9;36.9
91;2021-07-15;4507;9798;622680;497268;47.2;37.7
91;2021-07-16;6228;9710;628908;506978;47.7;38.4
91;2021-07-17;5642;9028;634550;516006;48.1;39.1
91;2021-07-18;3380;3632;637930;519638;48.3;39.4
91;2021-07-19;3717;7510;641647;527148;48.6;40.0
91;2021-07-20;6032;9261;647679;536409;49.1;40.7
91;2021-07-21;6178;7676;653857;544085;49.6;41.2
91;2021-07-22;6390;8333;660247;552418;50.0;41.9
91;2021-07-23;6852;8212;667099;560630;50.6;42.5
91;2021-07-24;4900;6411;671999;567041;50.9;43.0
91;2021-07-25;3226;1335;675225;568376;51.2;43.1
92;2020-12-27;3;0;3;0;0.0;0.0
92;2020-12-28;7;0;10;0;0.0;0.0
92;2020-12-29;52;0;62;0;0.0;0.0
92;2020-12-30;25;0;87;0;0.0;0.0
92;2020-12-31;2;0;89;0;0.0;0.0
92;2021-01-01;11;0;100;0;0.0;0.0
92;2021-01-02;1;0;101;0;0.0;0.0
92;2021-01-03;2;0;103;0;0.0;0.0
92;2021-01-04;55;1;158;1;0.0;0.0
92;2021-01-05;219;1;377;2;0.0;0.0
92;2021-01-06;406;3;783;5;0.0;0.0
92;2021-01-07;653;5;1436;10;0.1;0.0
92;2021-01-08;832;4;2268;14;0.1;0.0
92;2021-01-09;116;1;2384;15;0.1;0.0
92;2021-01-10;37;0;2421;15;0.2;0.0
92;2021-01-11;832;5;3253;20;0.2;0.0
92;2021-01-12;1282;9;4535;29;0.3;0.0
92;2021-01-13;1227;13;5762;42;0.4;0.0
92;2021-01-14;1185;17;6947;59;0.4;0.0
92;2021-01-15;959;6;7906;65;0.5;0.0
92;2021-01-16;175;1;8081;66;0.5;0.0
92;2021-01-17;13;0;8094;66;0.5;0.0
92;2021-01-18;1531;22;9625;88;0.6;0.0
92;2021-01-19;1543;21;11168;109;0.7;0.0
92;2021-01-20;1793;14;12961;123;0.8;0.0
92;2021-01-21;3391;18;16352;141;1.0;0.0
92;2021-01-22;2595;43;18947;184;1.2;0.0
92;2021-01-23;128;0;19075;184;1.2;0.0
92;2021-01-24;11;0;19086;184;1.2;0.0
92;2021-01-25;828;15;19914;199;1.2;0.0
92;2021-01-26;1204;12;21118;211;1.3;0.0
92;2021-01-27;2201;94;23319;305;1.4;0.0
92;2021-01-28;4037;180;27356;485;1.7;0.0
92;2021-01-29;2703;263;30059;748;1.9;0.0
92;2021-01-30;317;12;30376;760;1.9;0.0
92;2021-01-31;17;2;30393;762;1.9;0.0
92;2021-02-01;852;324;31245;1086;1.9;0.1
92;2021-02-02;1042;356;32287;1442;2.0;0.1
92;2021-02-03;994;449;33281;1891;2.1;0.1
92;2021-02-04;1033;548;34314;2439;2.1;0.2
92;2021-02-05;1324;503;35638;2942;2.2;0.2
92;2021-02-06;105;17;35743;2959;2.2;0.2
92;2021-02-07;6;14;35749;2973;2.2;0.2
92;2021-02-08;564;736;36313;3709;2.3;0.2
92;2021-02-09;1054;1302;37367;5011;2.3;0.3
92;2021-02-10;1057;1305;38424;6316;2.4;0.4
92;2021-02-11;1482;1928;39906;8244;2.5;0.5
92;2021-02-12;1401;1482;41307;9726;2.6;0.6
92;2021-02-13;65;61;41372;9787;2.6;0.6
92;2021-02-14;6;0;41378;9787;2.6;0.6
92;2021-02-15;562;1667;41940;11454;2.6;0.7
92;2021-02-16;774;2064;42714;13518;2.6;0.8
92;2021-02-17;603;1757;43317;15275;2.7;0.9
92;2021-02-18;1553;3668;44870;18943;2.8;1.2
92;2021-02-19;1713;2653;46583;21596;2.9;1.3
92;2021-02-20;137;401;46720;21997;2.9;1.4
92;2021-02-21;23;53;46743;22050;2.9;1.4
92;2021-02-22;483;1225;47226;23275;2.9;1.4
92;2021-02-23;719;1365;47945;24640;3.0;1.5
92;2021-02-24;598;1298;48543;25938;3.0;1.6
92;2021-02-25;898;1818;49441;27756;3.1;1.7
92;2021-02-26;1439;1366;50880;29122;3.2;1.8
92;2021-02-27;489;188;51369;29310;3.2;1.8
92;2021-02-28;57;56;51426;29366;3.2;1.8
92;2021-03-01;1082;1044;52508;30410;3.3;1.9
92;2021-03-02;1950;1362;54458;31772;3.4;2.0
92;2021-03-03;2771;1085;57229;32857;3.5;2.0
92;2021-03-04;3566;1520;60795;34377;3.8;2.1
92;2021-03-05;4948;1708;65743;36085;4.1;2.2
92;2021-03-06;5700;312;71443;36397;4.4;2.3
92;2021-03-07;2891;223;74334;36620;4.6;2.3
92;2021-03-08;2401;812;76735;37432;4.8;2.3
92;2021-03-09;3420;1017;80155;38449;5.0;2.4
92;2021-03-10;3913;915;84068;39364;5.2;2.4
92;2021-03-11;4996;1376;89064;40740;5.5;2.5
92;2021-03-12;6746;1525;95810;42265;5.9;2.6
92;2021-03-13;5143;211;100953;42476;6.3;2.6
92;2021-03-14;1726;66;102679;42542;6.4;2.6
92;2021-03-15;3773;580;106452;43122;6.6;2.7
92;2021-03-16;3676;581;110128;43703;6.8;2.7
92;2021-03-17;3855;402;113983;44105;7.1;2.7
92;2021-03-18;4103;729;118086;44834;7.3;2.8
92;2021-03-19;5897;691;123983;45525;7.7;2.8
92;2021-03-20;2525;68;126508;45593;7.8;2.8
92;2021-03-21;137;30;126645;45623;7.8;2.8
92;2021-03-22;4097;471;130742;46094;8.1;2.9
92;2021-03-23;6078;853;136820;46947;8.5;2.9
92;2021-03-24;6357;621;143177;47568;8.9;2.9
92;2021-03-25;8414;613;151591;48181;9.4;3.0
92;2021-03-26;8340;871;159931;49052;9.9;3.0
92;2021-03-27;2813;256;162744;49308;10.1;3.1
92;2021-03-28;529;35;163273;49343;10.1;3.1
92;2021-03-29;4647;1049;167920;50392;10.4;3.1
92;2021-03-30;6374;1531;174294;51923;10.8;3.2
92;2021-03-31;5523;2241;179817;54164;11.1;3.4
92;2021-04-01;6241;3671;186058;57835;11.5;3.6
92;2021-04-02;5602;3401;191660;61236;11.9;3.8
92;2021-04-03;870;1416;192530;62652;11.9;3.9
92;2021-04-04;481;1063;193011;63715;12.0;3.9
92;2021-04-05;804;153;193815;63868;12.0;4.0
92;2021-04-06;3630;1950;197445;65818;12.2;4.1
92;2021-04-07;4982;2879;202427;68697;12.5;4.3
92;2021-04-08;5946;3169;208373;71866;12.9;4.5
92;2021-04-09;8013;3020;216386;74886;13.4;4.6
92;2021-04-10;2622;1290;219008;76176;13.6;4.7
92;2021-04-11;146;807;219154;76983;13.6;4.8
92;2021-04-12;3661;2510;222815;79493;13.8;4.9
92;2021-04-13;4369;4429;227184;83922;14.1;5.2
92;2021-04-14;4858;4033;232042;87955;14.4;5.5
92;2021-04-15;5277;3938;237319;91893;14.7;5.7
92;2021-04-16;5035;3844;242354;95737;15.0;5.9
92;2021-04-17;1787;1188;244141;96925;15.1;6.0
92;2021-04-18;332;94;244473;97019;15.1;6.0
92;2021-04-19;2793;2837;247266;99856;15.3;6.2
92;2021-04-20;4182;3745;251448;103601;15.6;6.4
92;2021-04-21;4597;4509;256045;108110;15.9;6.7
92;2021-04-22;4651;5113;260696;113223;16.2;7.0
92;2021-04-23;5192;4652;265888;117875;16.5;7.3
92;2021-04-24;4931;1906;270819;119781;16.8;7.4
92;2021-04-25;1788;149;272607;119930;16.9;7.4
92;2021-04-26;3983;3620;276590;123550;17.1;7.7
92;2021-04-27;6039;5255;282629;128805;17.5;8.0
92;2021-04-28;7364;4496;289993;133301;18.0;8.3
92;2021-04-29;7973;4768;297966;138069;18.5;8.6
92;2021-04-30;8827;4825;306793;142894;19.0;8.9
92;2021-05-01;1191;403;307984;143297;19.1;8.9
92;2021-05-02;658;137;308642;143434;19.1;8.9
92;2021-05-03;6772;3888;315414;147322;19.5;9.1
92;2021-05-04;10399;4356;325813;151678;20.2;9.4
92;2021-05-05;10060;5257;335873;156935;20.8;9.7
92;2021-05-06;11409;4905;347282;161840;21.5;10.0
92;2021-05-07;9847;5290;357129;167130;22.1;10.4
92;2021-05-08;7200;1920;364329;169050;22.6;10.5
92;2021-05-09;3781;601;368110;169651;22.8;10.5
92;2021-05-10;9512;3997;377622;173648;23.4;10.8
92;2021-05-11;13965;5686;391587;179334;24.3;11.1
92;2021-05-12;14257;4570;405844;183904;25.1;11.4
92;2021-05-13;9152;912;414996;184816;25.7;11.5
92;2021-05-14;12014;2315;427010;187131;26.5;11.6
92;2021-05-15;8378;1230;435388;188361;27.0;11.7
92;2021-05-16;4130;448;439518;188809;27.2;11.7
92;2021-05-17;10637;2216;450155;191025;27.9;11.8
92;2021-05-18;16364;3121;466519;194146;28.9;12.0
92;2021-05-19;16013;3721;482532;197867;29.9;12.3
92;2021-05-20;16818;3980;499350;201847;30.9;12.5
92;2021-05-21;14067;3639;513417;205486;31.8;12.7
92;2021-05-22;8304;1521;521721;207007;32.3;12.8
92;2021-05-23;4078;453;525799;207460;32.6;12.9
92;2021-05-24;6108;853;531907;208313;33.0;12.9
92;2021-05-25;13091;4548;544998;212861;33.8;13.2
92;2021-05-26;11912;5036;556910;217897;34.5;13.5
92;2021-05-27;12715;6321;569625;224218;35.3;13.9
92;2021-05-28;11213;6276;580838;230494;36.0;14.3
92;2021-05-29;5440;2299;586278;232793;36.3;14.4
92;2021-05-30;2244;387;588522;233180;36.5;14.4
92;2021-05-31;12044;5308;600566;238488;37.2;14.8
92;2021-06-01;12552;7633;613118;246121;38.0;15.3
92;2021-06-02;14347;7201;627465;253322;38.9;15.7
92;2021-06-03;14568;8019;642033;261341;39.8;16.2
92;2021-06-04;12207;8223;654240;269564;40.5;16.7
92;2021-06-05;7385;6254;661625;275818;41.0;17.1
92;2021-06-06;3582;1677;665207;277495;41.2;17.2
92;2021-06-07;11423;7626;676630;285121;41.9;17.7
92;2021-06-08;12739;9580;689369;294701;42.7;18.3
92;2021-06-09;11629;9462;700998;304163;43.4;18.8
92;2021-06-10;11910;10555;712908;314718;44.2;19.5
92;2021-06-11;8130;11026;721038;325744;44.7;20.2
92;2021-06-12;6344;5090;727382;330834;45.1;20.5
92;2021-06-13;3927;2711;731309;333545;45.3;20.7
92;2021-06-14;4901;11169;736210;344714;45.6;21.4
92;2021-06-15;6454;13130;742664;357844;46.0;22.2
92;2021-06-16;6897;12982;749561;370826;46.4;23.0
92;2021-06-17;7365;14007;756926;384833;46.9;23.8
92;2021-06-18;6856;14375;763782;399208;47.3;24.7
92;2021-06-19;3944;9103;767726;408311;47.6;25.3
92;2021-06-20;1953;5611;769679;413922;47.7;25.6
92;2021-06-21;4782;12268;774461;426190;48.0;26.4
92;2021-06-22;5845;17554;780306;443744;48.4;27.5
92;2021-06-23;5450;16003;785756;459747;48.7;28.5
92;2021-06-24;6133;15118;791889;474865;49.1;29.4
92;2021-06-25;5068;16095;796957;490960;49.4;30.4
92;2021-06-26;4056;10445;801013;501405;49.6;31.1
92;2021-06-27;1849;6053;802862;507458;49.8;31.4
92;2021-06-28;3643;12050;806505;519508;50.0;32.2
92;2021-06-29;4635;18153;811140;537661;50.3;33.3
92;2021-06-30;4313;16221;815453;553882;50.5;34.3
92;2021-07-01;5255;16300;820708;570182;50.9;35.3
92;2021-07-02;4740;15263;825448;585445;51.2;36.3
92;2021-07-03;3282;10172;828730;595617;51.4;36.9
92;2021-07-04;1108;4205;829838;599822;51.4;37.2
92;2021-07-05;4721;12313;834559;612135;51.7;37.9
92;2021-07-06;5154;15780;839713;627915;52.0;38.9
92;2021-07-07;4195;11434;843908;639349;52.3;39.6
92;2021-07-08;5355;14634;849263;653983;52.6;40.5
92;2021-07-09;5810;14178;855073;668161;53.0;41.4
92;2021-07-10;4160;8427;859233;676588;53.2;41.9
92;2021-07-11;1462;2616;860695;679204;53.3;42.1
92;2021-07-12;4312;14605;865007;693809;53.6;43.0
92;2021-07-13;7778;17410;872785;711219;54.1;44.1
92;2021-07-14;5036;5719;877821;716938;54.4;44.4
92;2021-07-15;9471;16209;887292;733147;55.0;45.4
92;2021-07-16;8967;14122;896259;747269;55.5;46.3
92;2021-07-17;6485;7568;902744;754837;55.9;46.8
92;2021-07-18;1811;2474;904555;757311;56.1;46.9
92;2021-07-19;6403;13155;910958;770466;56.4;47.7
92;2021-07-20;9948;14038;920906;784504;57.1;48.6
92;2021-07-21;10340;12015;931246;796519;57.7;49.4
92;2021-07-22;11845;12856;943091;809375;58.4;50.2
92;2021-07-23;11405;11194;954496;820569;59.1;50.8
92;2021-07-24;6541;6151;961037;826720;59.6;51.2
92;2021-07-25;2714;2274;963751;828994;59.7;51.4
93;2020-12-27;10;3;10;3;0.0;0.0
93;2020-12-28;2;0;12;3;0.0;0.0
93;2020-12-29;0;0;12;3;0.0;0.0
93;2020-12-30;42;0;54;3;0.0;0.0
93;2020-12-31;2;0;56;3;0.0;0.0
93;2021-01-01;5;0;61;3;0.0;0.0
93;2021-01-02;0;0;61;3;0.0;0.0
93;2021-01-03;0;0;61;3;0.0;0.0
93;2021-01-04;0;0;61;3;0.0;0.0
93;2021-01-05;59;0;120;3;0.0;0.0
93;2021-01-06;179;0;299;3;0.0;0.0
93;2021-01-07;374;3;673;6;0.0;0.0
93;2021-01-08;629;1;1302;7;0.1;0.0
93;2021-01-09;21;0;1323;7;0.1;0.0
93;2021-01-10;2;0;1325;7;0.1;0.0
93;2021-01-11;500;5;1825;12;0.1;0.0
93;2021-01-12;750;3;2575;15;0.2;0.0
93;2021-01-13;750;6;3325;21;0.2;0.0
93;2021-01-14;681;17;4006;38;0.2;0.0
93;2021-01-15;513;2;4519;40;0.3;0.0
93;2021-01-16;135;3;4654;43;0.3;0.0
93;2021-01-17;5;1;4659;44;0.3;0.0
93;2021-01-18;1189;6;5848;50;0.4;0.0
93;2021-01-19;1609;15;7457;65;0.4;0.0
93;2021-01-20;1553;11;9010;76;0.5;0.0
93;2021-01-21;1916;15;10926;91;0.7;0.0
93;2021-01-22;1382;13;12308;104;0.7;0.0
93;2021-01-23;711;8;13019;112;0.8;0.0
93;2021-01-24;0;0;13019;112;0.8;0.0
93;2021-01-25;1202;13;14221;125;0.9;0.0
93;2021-01-26;1289;36;15510;161;0.9;0.0
93;2021-01-27;2151;53;17661;214;1.1;0.0
93;2021-01-28;2259;201;19920;415;1.2;0.0
93;2021-01-29;1619;230;21539;645;1.3;0.0
93;2021-01-30;924;45;22463;690;1.3;0.0
93;2021-01-31;3;7;22466;697;1.3;0.0
93;2021-02-01;1177;171;23643;868;1.4;0.1
93;2021-02-02;1158;309;24801;1177;1.5;0.1
93;2021-02-03;1229;398;26030;1575;1.6;0.1
93;2021-02-04;919;576;26949;2151;1.6;0.1
93;2021-02-05;798;435;27747;2586;1.7;0.2
93;2021-02-06;693;70;28440;2656;1.7;0.2
93;2021-02-07;2;0;28442;2656;1.7;0.2
93;2021-02-08;908;648;29350;3304;1.8;0.2
93;2021-02-09;852;614;30202;3918;1.8;0.2
93;2021-02-10;879;677;31081;4595;1.9;0.3
93;2021-02-11;1239;832;32320;5427;1.9;0.3
93;2021-02-12;1040;640;33360;6067;2.0;0.4
93;2021-02-13;392;263;33752;6330;2.0;0.4
93;2021-02-14;12;59;33764;6389;2.0;0.4
93;2021-02-15;410;1286;34174;7675;2.0;0.5
93;2021-02-16;542;1240;34716;8915;2.1;0.5
93;2021-02-17;544;1771;35260;10686;2.1;0.6
93;2021-02-18;1129;1881;36389;12567;2.2;0.8
93;2021-02-19;990;1543;37379;14110;2.2;0.8
93;2021-02-20;302;667;37681;14777;2.3;0.9
93;2021-02-21;7;23;37688;14800;2.3;0.9
93;2021-02-22;597;1300;38285;16100;2.3;1.0
93;2021-02-23;561;1127;38846;17227;2.3;1.0
93;2021-02-24;641;1230;39487;18457;2.4;1.1
93;2021-02-25;895;1075;40382;19532;2.4;1.2
93;2021-02-26;1119;982;41501;20514;2.5;1.2
93;2021-02-27;540;621;42041;21135;2.5;1.3
93;2021-02-28;87;56;42128;21191;2.5;1.3
93;2021-03-01;1083;1077;43211;22268;2.6;1.3
93;2021-03-02;1443;1146;44654;23414;2.7;1.4
93;2021-03-03;1732;1192;46386;24606;2.8;1.5
93;2021-03-04;2704;1111;49090;25717;2.9;1.5
93;2021-03-05;3811;870;52901;26587;3.2;1.6
93;2021-03-06;5046;557;57947;27144;3.5;1.6
93;2021-03-07;4298;177;62245;27321;3.7;1.6
93;2021-03-08;2030;1242;64275;28563;3.8;1.7
93;2021-03-09;2910;951;67185;29514;4.0;1.8
93;2021-03-10;2848;1092;70033;30606;4.2;1.8
93;2021-03-11;3523;1220;73556;31826;4.4;1.9
93;2021-03-12;4125;1264;77681;33090;4.7;2.0
93;2021-03-13;4285;600;81966;33690;4.9;2.0
93;2021-03-14;875;61;82841;33751;5.0;2.0
93;2021-03-15;3549;664;86390;34415;5.2;2.1
93;2021-03-16;3149;608;89539;35023;5.4;2.1
93;2021-03-17;2639;586;92178;35609;5.5;2.1
93;2021-03-18;3303;701;95481;36310;5.7;2.2
93;2021-03-19;3761;620;99242;36930;5.9;2.2
93;2021-03-20;3459;270;102701;37200;6.1;2.2
93;2021-03-21;809;268;103510;37468;6.2;2.2
93;2021-03-22;3844;597;107354;38065;6.4;2.3
93;2021-03-23;4749;778;112103;38843;6.7;2.3
93;2021-03-24;4102;665;116205;39508;7.0;2.4
93;2021-03-25;5574;815;121779;40323;7.3;2.4
93;2021-03-26;5538;857;127317;41180;7.6;2.5
93;2021-03-27;4274;296;131591;41476;7.9;2.5
93;2021-03-28;606;38;132197;41514;7.9;2.5
93;2021-03-29;3853;952;136050;42466;8.1;2.5
93;2021-03-30;4724;1248;140774;43714;8.4;2.6
93;2021-03-31;3908;1218;144682;44932;8.7;2.7
93;2021-04-01;4048;3125;148730;48057;8.9;2.9
93;2021-04-02;3214;3547;151944;51604;9.1;3.1
93;2021-04-03;2516;2246;154460;53850;9.2;3.2
93;2021-04-04;760;152;155220;54002;9.3;3.2
93;2021-04-05;705;87;155925;54089;9.3;3.2
93;2021-04-06;4553;2324;160478;56413;9.6;3.4
93;2021-04-07;4895;2075;165373;58488;9.9;3.5
93;2021-04-08;5798;2662;171171;61150;10.2;3.7
93;2021-04-09;6082;3155;177253;64305;10.6;3.9
93;2021-04-10;4194;2464;181447;66769;10.9;4.0
93;2021-04-11;575;426;182022;67195;10.9;4.0
93;2021-04-12;4091;2926;186113;70121;11.1;4.2
93;2021-04-13;4601;3648;190714;73769;11.4;4.4
93;2021-04-14;4357;2458;195071;76227;11.7;4.6
93;2021-04-15;4552;3017;199623;79244;12.0;4.7
93;2021-04-16;4425;2980;204048;82224;12.2;4.9
93;2021-04-17;3512;2503;207560;84727;12.4;5.1
93;2021-04-18;287;435;207847;85162;12.4;5.1
93;2021-04-19;3764;2849;211611;88011;12.7;5.3
93;2021-04-20;4299;3266;215910;91277;12.9;5.5
93;2021-04-21;4139;2760;220049;94037;13.2;5.6
93;2021-04-22;4503;4002;224552;98039;13.4;5.9
93;2021-04-23;5607;3213;230159;101252;13.8;6.1
93;2021-04-24;5925;3314;236084;104566;14.1;6.3
93;2021-04-25;1732;583;237816;105149;14.2;6.3
93;2021-04-26;4853;3072;242669;108221;14.5;6.5
93;2021-04-27;6453;3610;249122;111831;14.9;6.7
93;2021-04-28;6065;3397;255187;115228;15.3;6.9
93;2021-04-29;7290;3230;262477;118458;15.7;7.1
93;2021-04-30;8258;3101;270735;121559;16.2;7.3
93;2021-05-01;4947;1180;275682;122739;16.5;7.3
93;2021-05-02;416;647;276098;123386;16.5;7.4
93;2021-05-03;8117;5104;284215;128490;17.0;7.7
93;2021-05-04;7821;5404;292036;133894;17.5;8.0
93;2021-05-05;7573;4797;299609;138691;17.9;8.3
93;2021-05-06;8231;4759;307840;143450;18.4;8.6
93;2021-05-07;6995;5416;314835;148866;18.9;8.9
93;2021-05-08;8348;2382;323183;151248;19.4;9.1
93;2021-05-09;6114;1362;329297;152610;19.7;9.1
93;2021-05-10;8245;4064;337542;156674;20.2;9.4
93;2021-05-11;9293;4800;346835;161474;20.8;9.7
93;2021-05-12;9170;3649;356005;165123;21.3;9.9
93;2021-05-13;8286;1653;364291;166776;21.8;10.0
93;2021-05-14;10421;3536;374712;170312;22.4;10.2
93;2021-05-15;11124;2996;385836;173308;23.1;10.4
93;2021-05-16;5553;725;391389;174033;23.4;10.4
93;2021-05-17;11893;2253;403282;176286;24.1;10.6
93;2021-05-18;14093;2370;417375;178656;25.0;10.7
93;2021-05-19;11431;2939;428806;181595;25.7;10.9
93;2021-05-20;12606;3469;441412;185064;26.4;11.1
93;2021-05-21;12998;2878;454410;187942;27.2;11.3
93;2021-05-22;12373;2194;466783;190136;27.9;11.4
93;2021-05-23;8480;1099;475263;191235;28.5;11.5
93;2021-05-24;11197;1940;486460;193175;29.1;11.6
93;2021-05-25;12282;4304;498742;197479;29.9;11.8
93;2021-05-26;11055;3740;509797;201219;30.5;12.0
93;2021-05-27;12681;3867;522478;205086;31.3;12.3
93;2021-05-28;12642;5236;535120;210322;32.0;12.6
93;2021-05-29;11385;4256;546505;214578;32.7;12.8
93;2021-05-30;8209;1366;554714;215944;33.2;12.9
93;2021-05-31;9174;5164;563888;221108;33.8;13.2
93;2021-06-01;11289;6260;575177;227368;34.4;13.6
93;2021-06-02;10011;5165;585188;232533;35.0;13.9
93;2021-06-03;10741;5500;595929;238033;35.7;14.3
93;2021-06-04;10511;7778;606440;245811;36.3;14.7
93;2021-06-05;8981;7343;615421;253154;36.8;15.2
93;2021-06-06;8375;1729;623796;254883;37.3;15.3
93;2021-06-07;9933;7500;633729;262383;37.9;15.7
93;2021-06-08;10312;7361;644041;269744;38.6;16.2
93;2021-06-09;10167;7272;654208;277016;39.2;16.6
93;2021-06-10;8812;8155;663020;285171;39.7;17.1
93;2021-06-11;8724;8800;671744;293971;40.2;17.6
93;2021-06-12;9825;6638;681569;300609;40.8;18.0
93;2021-06-13;7150;2107;688719;302716;41.2;18.1
93;2021-06-14;5290;9716;694009;312432;41.6;18.7
93;2021-06-15;6125;9640;700134;322072;41.9;19.3
93;2021-06-16;6543;9039;706677;331111;42.3;19.8
93;2021-06-17;5659;8459;712336;339570;42.7;20.3
93;2021-06-18;7081;11121;719417;350691;43.1;21.0
93;2021-06-19;7021;11079;726438;361770;43.5;21.7
93;2021-06-20;4913;6859;731351;368629;43.8;22.1
93;2021-06-21;3885;10718;735236;379347;44.0;22.7
93;2021-06-22;4579;11295;739815;390642;44.3;23.4
93;2021-06-23;4460;10585;744275;401227;44.6;24.0
93;2021-06-24;4105;10296;748380;411523;44.8;24.6
93;2021-06-25;5067;13054;753447;424577;45.1;25.4
93;2021-06-26;5260;13920;758707;438497;45.4;26.3
93;2021-06-27;3266;7109;761973;445606;45.6;26.7
93;2021-06-28;3611;12504;765584;458110;45.8;27.4
93;2021-06-29;3959;12336;769543;470446;46.1;28.2
93;2021-06-30;4047;11290;773590;481736;46.3;28.8
93;2021-07-01;4595;11102;778185;492838;46.6;29.5
93;2021-07-02;4517;12308;782702;505146;46.9;30.2
93;2021-07-03;5220;13423;787922;518569;47.2;31.0
93;2021-07-04;3069;7878;790991;526447;47.4;31.5
93;2021-07-05;4246;10827;795237;537274;47.6;32.2
93;2021-07-06;4490;11744;799727;549018;47.9;32.9
93;2021-07-07;4863;11384;804590;560402;48.2;33.6
93;2021-07-08;4776;10247;809366;570649;48.5;34.2
93;2021-07-09;5323;12984;814689;583633;48.8;34.9
93;2021-07-10;5781;14257;820470;597890;49.1;35.8
93;2021-07-11;3646;9081;824116;606971;49.3;36.3
93;2021-07-12;5329;12034;829445;619005;49.7;37.1
93;2021-07-13;10875;13192;840320;632197;50.3;37.9
93;2021-07-14;10486;6709;850806;638906;50.9;38.3
93;2021-07-15;12126;14047;862932;652953;51.7;39.1
93;2021-07-16;12876;13588;875808;666541;52.4;39.9
93;2021-07-17;11165;13804;886973;680345;53.1;40.7
93;2021-07-18;7306;8882;894279;689227;53.5;41.3
93;2021-07-19;9471;10825;903750;700052;54.1;41.9
93;2021-07-20;12410;10574;916160;710626;54.9;42.5
93;2021-07-21;13977;10779;930137;721405;55.7;43.2
93;2021-07-22;13880;9262;944017;730667;56.5;43.7
93;2021-07-23;14103;10466;958120;741133;57.4;44.4
93;2021-07-24;13550;10443;971670;751576;58.2;45.0
93;2021-07-25;8750;6198;980420;757774;58.7;45.4
94;2020-12-27;2;0;2;0;0.0;0.0
94;2020-12-28;5;0;7;0;0.0;0.0
94;2020-12-29;0;0;7;0;0.0;0.0
94;2020-12-30;0;0;7;0;0.0;0.0
94;2020-12-31;4;0;11;0;0.0;0.0
94;2021-01-01;2;0;13;0;0.0;0.0
94;2021-01-02;0;0;13;0;0.0;0.0
94;2021-01-03;0;0;13;0;0.0;0.0
94;2021-01-04;35;2;48;2;0.0;0.0
94;2021-01-05;230;2;278;4;0.0;0.0
94;2021-01-06;328;4;606;8;0.0;0.0
94;2021-01-07;689;9;1295;17;0.1;0.0
94;2021-01-08;921;9;2216;26;0.2;0.0
94;2021-01-09;47;0;2263;26;0.2;0.0
94;2021-01-10;18;0;2281;26;0.2;0.0
94;2021-01-11;1011;9;3292;35;0.2;0.0
94;2021-01-12;1338;27;4630;62;0.3;0.0
94;2021-01-13;1404;22;6034;84;0.4;0.0
94;2021-01-14;1531;25;7565;109;0.5;0.0
94;2021-01-15;1218;22;8783;131;0.6;0.0
94;2021-01-16;196;2;8979;133;0.6;0.0
94;2021-01-17;89;1;9068;134;0.6;0.0
94;2021-01-18;1484;28;10552;162;0.8;0.0
94;2021-01-19;1944;25;12496;187;0.9;0.0
94;2021-01-20;2172;19;14668;206;1.0;0.0
94;2021-01-21;2988;15;17656;221;1.3;0.0
94;2021-01-22;2170;17;19826;238;1.4;0.0
94;2021-01-23;728;2;20554;240;1.5;0.0
94;2021-01-24;284;0;20838;240;1.5;0.0
94;2021-01-25;1465;18;22303;258;1.6;0.0
94;2021-01-26;1557;18;23860;276;1.7;0.0
94;2021-01-27;1796;24;25656;300;1.8;0.0
94;2021-01-28;1528;132;27184;432;1.9;0.0
94;2021-01-29;1379;149;28563;581;2.0;0.0
94;2021-01-30;579;4;29142;585;2.1;0.0
94;2021-01-31;118;8;29260;593;2.1;0.0
94;2021-02-01;920;156;30180;749;2.1;0.1
94;2021-02-02;851;253;31031;1002;2.2;0.1
94;2021-02-03;757;377;31788;1379;2.3;0.1
94;2021-02-04;899;436;32687;1815;2.3;0.1
94;2021-02-05;870;576;33557;2391;2.4;0.2
94;2021-02-06;402;78;33959;2469;2.4;0.2
94;2021-02-07;118;0;34077;2469;2.4;0.2
94;2021-02-08;631;549;34708;3018;2.5;0.2
94;2021-02-09;1033;993;35741;4011;2.5;0.3
94;2021-02-10;1097;1372;36838;5383;2.6;0.4
94;2021-02-11;1425;1557;38263;6940;2.7;0.5
94;2021-02-12;1385;1657;39648;8597;2.8;0.6
94;2021-02-13;300;263;39948;8860;2.8;0.6
94;2021-02-14;29;72;39977;8932;2.8;0.6
94;2021-02-15;751;1784;40728;10716;2.9;0.8
94;2021-02-16;698;2766;41426;13482;2.9;1.0
94;2021-02-17;713;1589;42139;15071;3.0;1.1
94;2021-02-18;784;1752;42923;16823;3.1;1.2
94;2021-02-19;956;1467;43879;18290;3.1;1.3
94;2021-02-20;134;924;44013;19214;3.1;1.4
94;2021-02-21;20;186;44033;19400;3.1;1.4
94;2021-02-22;520;1351;44553;20751;3.2;1.5
94;2021-02-23;623;1289;45176;22040;3.2;1.6
94;2021-02-24;692;929;45868;22969;3.3;1.6
94;2021-02-25;1066;1580;46934;24549;3.3;1.7
94;2021-02-26;1313;1074;48247;25623;3.4;1.8
94;2021-02-27;513;553;48760;26176;3.5;1.9
94;2021-02-28;90;84;48850;26260;3.5;1.9
94;2021-03-01;876;947;49726;27207;3.5;1.9
94;2021-03-02;1565;995;51291;28202;3.6;2.0
94;2021-03-03;1940;1018;53231;29220;3.8;2.1
94;2021-03-04;2853;1181;56084;30401;4.0;2.2
94;2021-03-05;3826;1333;59910;31734;4.3;2.3
94;2021-03-06;4811;559;64721;32293;4.6;2.3
94;2021-03-07;3684;549;68405;32842;4.9;2.3
94;2021-03-08;1909;804;70314;33646;5.0;2.4
94;2021-03-09;2546;923;72860;34569;5.2;2.5
94;2021-03-10;3186;1029;76046;35598;5.4;2.5
94;2021-03-11;3831;918;79877;36516;5.7;2.6
94;2021-03-12;4564;794;84441;37310;6.0;2.7
94;2021-03-13;4127;377;88568;37687;6.3;2.7
94;2021-03-14;2112;142;90680;37829;6.4;2.7
94;2021-03-15;3161;778;93841;38607;6.7;2.7
94;2021-03-16;2765;444;96606;39051;6.9;2.8
94;2021-03-17;2853;449;99459;39500;7.1;2.8
94;2021-03-18;3252;429;102711;39929;7.3;2.8
94;2021-03-19;4266;692;106977;40621;7.6;2.9
94;2021-03-20;3692;288;110669;40909;7.9;2.9
94;2021-03-21;1456;386;112125;41295;8.0;2.9
94;2021-03-22;3211;668;115336;41963;8.2;3.0
94;2021-03-23;4504;719;119840;42682;8.5;3.0
94;2021-03-24;4617;600;124457;43282;8.9;3.1
94;2021-03-25;6317;646;130774;43928;9.3;3.1
94;2021-03-26;6079;825;136853;44753;9.7;3.2
94;2021-03-27;4471;259;141324;45012;10.1;3.2
94;2021-03-28;1889;108;143213;45120;10.2;3.2
94;2021-03-29;4121;1216;147334;46336;10.5;3.3
94;2021-03-30;5293;1340;152627;47676;10.9;3.4
94;2021-03-31;4897;1794;157524;49470;11.2;3.5
94;2021-04-01;5808;2302;163332;51772;11.6;3.7
94;2021-04-02;5239;2320;168571;54092;12.0;3.8
94;2021-04-03;3086;2514;171657;56606;12.2;4.0
94;2021-04-04;1049;781;172706;57387;12.3;4.1
94;2021-04-05;828;157;173534;57544;12.3;4.1
94;2021-04-06;3568;2597;177102;60141;12.6;4.3
94;2021-04-07;3837;2255;180939;62396;12.9;4.4
94;2021-04-08;4609;2040;185548;64436;13.2;4.6
94;2021-04-09;5350;2465;190898;66901;13.6;4.8
94;2021-04-10;2952;2998;193850;69899;13.8;5.0
94;2021-04-11;1263;1764;195113;71663;13.9;5.1
94;2021-04-12;3435;2272;198548;73935;14.1;5.3
94;2021-04-13;4305;3428;202853;77363;14.4;5.5
94;2021-04-14;3890;2689;206743;80052;14.7;5.7
94;2021-04-15;4436;2980;211179;83032;15.0;5.9
94;2021-04-16;4697;2832;215876;85864;15.4;6.1
94;2021-04-17;2455;2758;218331;88622;15.5;6.3
94;2021-04-18;918;1250;219249;89872;15.6;6.4
94;2021-04-19;2972;2439;222221;92311;15.8;6.6
94;2021-04-20;3268;2699;225489;95010;16.0;6.8
94;2021-04-21;3212;3159;228701;98169;16.3;7.0
94;2021-04-22;3903;3643;232604;101812;16.5;7.2
94;2021-04-23;4103;3979;236707;105791;16.8;7.5
94;2021-04-24;4262;3397;240969;109188;17.1;7.8
94;2021-04-25;2411;1499;243380;110687;17.3;7.9
94;2021-04-26;4001;3269;247381;113956;17.6;8.1
94;2021-04-27;5086;3361;252467;117317;18.0;8.3
94;2021-04-28;4826;3613;257293;120930;18.3;8.6
94;2021-04-29;6406;3772;263699;124702;18.8;8.9
94;2021-04-30;6476;3920;270175;128622;19.2;9.1
94;2021-05-01;4056;1049;274231;129671;19.5;9.2
94;2021-05-02;3051;1468;277282;131139;19.7;9.3
94;2021-05-03;5731;5352;283013;136491;20.1;9.7
94;2021-05-04;6094;3561;289107;140052;20.6;10.0
94;2021-05-05;6176;3415;295283;143467;21.0;10.2
94;2021-05-06;7151;3530;302434;146997;21.5;10.5
94;2021-05-07;6657;4113;309091;151110;22.0;10.7
94;2021-05-08;4894;2539;313985;153649;22.3;10.9
94;2021-05-09;4221;2235;318206;155884;22.6;11.1
94;2021-05-10;7705;3121;325911;159005;23.2;11.3
94;2021-05-11;8964;3926;334875;162931;23.8;11.6
94;2021-05-12;9561;3594;344436;166525;24.5;11.8
94;2021-05-13;8673;1369;353109;167894;25.1;11.9
94;2021-05-14;9858;3312;362967;171206;25.8;12.2
94;2021-05-15;8934;2163;371901;173369;26.5;12.3
94;2021-05-16;5066;905;376967;174274;26.8;12.4
94;2021-05-17;10837;2246;387804;176520;27.6;12.6
94;2021-05-18;11280;2435;399084;178955;28.4;12.7
94;2021-05-19;11659;3584;410743;182539;29.2;13.0
94;2021-05-20;12133;4352;422876;186891;30.1;13.3
94;2021-05-21;11851;3142;434727;190033;30.9;13.5
94;2021-05-22;10291;1970;445018;192003;31.7;13.7
94;2021-05-23;4999;711;450017;192714;32.0;13.7
94;2021-05-24;9655;1345;459672;194059;32.7;13.8
94;2021-05-25;9982;4262;469654;198321;33.4;14.1
94;2021-05-26;10260;3296;479914;201617;34.1;14.3
94;2021-05-27;10851;4574;490765;206191;34.9;14.7
94;2021-05-28;10433;4946;501198;211137;35.6;15.0
94;2021-05-29;9873;3443;511071;214580;36.3;15.3
94;2021-05-30;4783;927;515854;215507;36.7;15.3
94;2021-05-31;9972;4226;525826;219733;37.4;15.6
94;2021-06-01;10224;5098;536050;224831;38.1;16.0
94;2021-06-02;9295;4583;545345;229414;38.8;16.3
94;2021-06-03;9501;5582;554846;234996;39.5;16.7
94;2021-06-04;10350;6517;565196;241513;40.2;17.2
94;2021-06-05;9190;6251;574386;247764;40.9;17.6
94;2021-06-06;3975;1847;578361;249611;41.1;17.8
94;2021-06-07;8645;5954;587006;255565;41.7;18.2
94;2021-06-08;8961;7520;595967;263085;42.4;18.7
94;2021-06-09;8905;8148;604872;271233;43.0;19.3
94;2021-06-10;8752;10967;613624;282200;43.6;20.1
94;2021-06-11;7802;8374;621426;290574;44.2;20.7
94;2021-06-12;10237;6815;631663;297389;44.9;21.2
94;2021-06-13;3467;3252;635130;300641;45.2;21.4
94;2021-06-14;6892;8215;642022;308856;45.7;22.0
94;2021-06-15;7659;8794;649681;317650;46.2;22.6
94;2021-06-16;7149;8263;656830;325913;46.7;23.2
94;2021-06-17;6637;9042;663467;334955;47.2;23.8
94;2021-06-18;6434;11943;669901;346898;47.6;24.7
94;2021-06-19;5992;9571;675893;356469;48.1;25.4
94;2021-06-20;1881;4004;677774;360473;48.2;25.6
94;2021-06-21;4422;11185;682196;371658;48.5;26.4
94;2021-06-22;4744;10815;686940;382473;48.9;27.2
94;2021-06-23;4088;11147;691028;393620;49.1;28.0
94;2021-06-24;4897;10313;695925;403933;49.5;28.7
94;2021-06-25;4193;13735;700118;417668;49.8;29.7
94;2021-06-26;3112;11983;703230;429651;50.0;30.6
94;2021-06-27;1037;5002;704267;434653;50.1;30.9
94;2021-06-28;3383;12078;707650;446731;50.3;31.8
94;2021-06-29;3973;12173;711623;458904;50.6;32.6
94;2021-06-30;3939;11612;715562;470516;50.9;33.5
94;2021-07-01;4224;11079;719786;481595;51.2;34.3
94;2021-07-02;4080;12172;723866;493767;51.5;35.1
94;2021-07-03;3567;11789;727433;505556;51.7;36.0
94;2021-07-04;1501;5080;728934;510636;51.8;36.3
94;2021-07-05;3418;11405;732352;522041;52.1;37.1
94;2021-07-06;3755;10874;736107;532915;52.4;37.9
94;2021-07-07;4108;11053;740215;543968;52.6;38.7
94;2021-07-08;4435;9998;744650;553966;53.0;39.4
94;2021-07-09;4182;11817;748832;565783;53.3;40.2
94;2021-07-10;3569;11355;752401;577138;53.5;41.0
94;2021-07-11;1466;4709;753867;581847;53.6;41.4
94;2021-07-12;3544;11940;757411;593787;53.9;42.2
94;2021-07-13;5688;11968;763099;605755;54.3;43.1
94;2021-07-14;3997;5262;767096;611017;54.6;43.5
94;2021-07-15;6239;12317;773335;623334;55.0;44.3
94;2021-07-16;6669;11227;780004;634561;55.5;45.1
94;2021-07-17;5586;11278;785590;645839;55.9;45.9
94;2021-07-18;2586;4005;788176;649844;56.1;46.2
94;2021-07-19;5806;10377;793982;660221;56.5;47.0
94;2021-07-20;7775;10290;801757;670511;57.0;47.7
94;2021-07-21;8316;9461;810073;679972;57.6;48.4
94;2021-07-22;9235;9294;819308;689266;58.3;49.0
94;2021-07-23;8461;9243;827769;698509;58.9;49.7
94;2021-07-24;7069;8773;834838;707282;59.4;50.3
94;2021-07-25;2176;2715;837014;709997;59.5;50.5
95;2020-12-27;1;0;1;0;0.0;0.0
95;2020-12-28;0;0;1;0;0.0;0.0
95;2020-12-29;0;0;1;0;0.0;0.0
95;2020-12-30;0;0;1;0;0.0;0.0
95;2020-12-31;0;0;1;0;0.0;0.0
95;2021-01-01;0;0;1;0;0.0;0.0
95;2021-01-02;12;0;13;0;0.0;0.0
95;2021-01-03;0;0;13;0;0.0;0.0
95;2021-01-04;48;0;61;0;0.0;0.0
95;2021-01-05;289;0;350;0;0.0;0.0
95;2021-01-06;181;0;531;0;0.0;0.0
95;2021-01-07;130;0;661;0;0.1;0.0
95;2021-01-08;269;1;930;1;0.1;0.0
95;2021-01-09;251;0;1181;1;0.1;0.0
95;2021-01-10;382;1;1563;2;0.1;0.0
95;2021-01-11;482;1;2045;3;0.2;0.0
95;2021-01-12;861;1;2906;4;0.2;0.0
95;2021-01-13;781;12;3687;16;0.3;0.0
95;2021-01-14;879;11;4566;27;0.4;0.0
95;2021-01-15;754;4;5320;31;0.4;0.0
95;2021-01-16;297;3;5617;34;0.4;0.0
95;2021-01-17;217;1;5834;35;0.5;0.0
95;2021-01-18;1335;3;7169;38;0.6;0.0
95;2021-01-19;1569;4;8738;42;0.7;0.0
95;2021-01-20;2032;5;10770;47;0.9;0.0
95;2021-01-21;1852;2;12622;49;1.0;0.0
95;2021-01-22;1317;5;13939;54;1.1;0.0
95;2021-01-23;646;0;14585;54;1.2;0.0
95;2021-01-24;181;0;14766;54;1.2;0.0
95;2021-01-25;795;37;15561;91;1.2;0.0
95;2021-01-26;982;159;16543;250;1.3;0.0
95;2021-01-27;1247;191;17790;441;1.4;0.0
95;2021-01-28;1715;35;19505;476;1.6;0.0
95;2021-01-29;1245;209;20750;685;1.7;0.1
95;2021-01-30;477;5;21227;690;1.7;0.1
95;2021-01-31;211;2;21438;692;1.7;0.1
95;2021-02-01;564;276;22002;968;1.8;0.1
95;2021-02-02;527;268;22529;1236;1.8;0.1
95;2021-02-03;611;520;23140;1756;1.9;0.1
95;2021-02-04;1064;368;24204;2124;1.9;0.2
95;2021-02-05;731;310;24935;2434;2.0;0.2
95;2021-02-06;335;258;25270;2692;2.0;0.2
95;2021-02-07;140;421;25410;3113;2.0;0.2
95;2021-02-08;762;344;26172;3457;2.1;0.3
95;2021-02-09;1127;1089;27299;4546;2.2;0.4
95;2021-02-10;1254;1411;28553;5957;2.3;0.5
95;2021-02-11;1383;1146;29936;7103;2.4;0.6
95;2021-02-12;1030;991;30966;8094;2.5;0.6
95;2021-02-13;329;317;31295;8411;2.5;0.7
95;2021-02-14;36;194;31331;8605;2.5;0.7
95;2021-02-15;423;1065;31754;9670;2.5;0.8
95;2021-02-16;492;924;32246;10594;2.6;0.8
95;2021-02-17;651;1143;32897;11737;2.6;0.9
95;2021-02-18;720;1699;33617;13436;2.7;1.1
95;2021-02-19;782;1311;34399;14747;2.8;1.2
95;2021-02-20;305;492;34704;15239;2.8;1.2
95;2021-02-21;165;318;34869;15557;2.8;1.2
95;2021-02-22;327;1029;35196;16586;2.8;1.3
95;2021-02-23;366;731;35562;17317;2.8;1.4
95;2021-02-24;308;884;35870;18201;2.9;1.5
95;2021-02-25;721;1132;36591;19333;2.9;1.5
95;2021-02-26;987;886;37578;20219;3.0;1.6
95;2021-02-27;364;432;37942;20651;3.0;1.7
95;2021-02-28;61;237;38003;20888;3.0;1.7
95;2021-03-01;769;595;38772;21483;3.1;1.7
95;2021-03-02;1312;855;40084;22338;3.2;1.8
95;2021-03-03;1589;981;41673;23319;3.3;1.9
95;2021-03-04;3187;1193;44860;24512;3.6;2.0
95;2021-03-05;3652;1081;48512;25593;3.9;2.1
95;2021-03-06;4001;491;52513;26084;4.2;2.1
95;2021-03-07;4212;301;56725;26385;4.5;2.1
95;2021-03-08;1541;858;58266;27243;4.7;2.2
95;2021-03-09;2619;493;60885;27736;4.9;2.2
95;2021-03-10;2340;840;63225;28576;5.1;2.3
95;2021-03-11;3135;1134;66360;29710;5.3;2.4
95;2021-03-12;3515;778;69875;30488;5.6;2.4
95;2021-03-13;3514;406;73389;30894;5.9;2.5
95;2021-03-14;1980;284;75369;31178;6.0;2.5
95;2021-03-15;2366;315;77735;31493;6.2;2.5
95;2021-03-16;1570;408;79305;31901;6.4;2.6
95;2021-03-17;2100;405;81405;32306;6.5;2.6
95;2021-03-18;2795;361;84200;32667;6.7;2.6
95;2021-03-19;3467;350;87667;33017;7.0;2.6
95;2021-03-20;2586;194;90253;33211;7.2;2.7
95;2021-03-21;1198;220;91451;33431;7.3;2.7
95;2021-03-22;2935;358;94386;33789;7.6;2.7
95;2021-03-23;3431;446;97817;34235;7.8;2.7
95;2021-03-24;3930;495;101747;34730;8.2;2.8
95;2021-03-25;5849;626;107596;35356;8.6;2.8
95;2021-03-26;5427;661;113023;36017;9.1;2.9
95;2021-03-27;3743;196;116766;36213;9.4;2.9
95;2021-03-28;1530;108;118296;36321;9.5;2.9
95;2021-03-29;2891;565;121187;36886;9.7;3.0
95;2021-03-30;3875;1213;125062;38099;10.0;3.1
95;2021-03-31;3650;1651;128712;39750;10.3;3.2
95;2021-04-01;5474;2243;134186;41993;10.7;3.4
95;2021-04-02;3543;2744;137729;44737;11.0;3.6
95;2021-04-03;2090;2482;139819;47219;11.2;3.8
95;2021-04-04;1246;1179;141065;48398;11.3;3.9
95;2021-04-05;592;63;141657;48461;11.3;3.9
95;2021-04-06;1855;1535;143512;49996;11.5;4.0
95;2021-04-07;4944;2152;148456;52148;11.9;4.2
95;2021-04-08;4884;2444;153340;54592;12.3;4.4
95;2021-04-09;5426;2317;158766;56909;12.7;4.6
95;2021-04-10;3705;1422;162471;58331;13.0;4.7
95;2021-04-11;1565;1029;164036;59360;13.1;4.8
95;2021-04-12;3236;1601;167272;60961;13.4;4.9
95;2021-04-13;3139;1671;170411;62632;13.7;5.0
95;2021-04-14;2745;1985;173156;64617;13.9;5.2
95;2021-04-15;3893;3314;177049;67931;14.2;5.4
95;2021-04-16;4060;3013;181109;70944;14.5;5.7
95;2021-04-17;2370;1753;183479;72697;14.7;5.8
95;2021-04-18;1507;1020;184986;73717;14.8;5.9
95;2021-04-19;2562;2360;187548;76077;15.0;6.1
95;2021-04-20;2114;2452;189662;78529;15.2;6.3
95;2021-04-21;3927;2625;193589;81154;15.5;6.5
95;2021-04-22;3407;4613;196996;85767;15.8;6.9
95;2021-04-23;2762;3550;199758;89317;16.0;7.2
95;2021-04-24;3565;2573;203323;91890;16.3;7.4
95;2021-04-25;1959;1548;205282;93438;16.4;7.5
95;2021-04-26;2746;2699;208028;96137;16.7;7.7
95;2021-04-27;3842;2160;211870;98297;17.0;7.9
95;2021-04-28;3887;2662;215757;100959;17.3;8.1
95;2021-04-29;6133;4531;221890;105490;17.8;8.5
95;2021-04-30;6903;2928;228793;108418;18.3;8.7
95;2021-05-01;2366;912;231159;109330;18.5;8.8
95;2021-05-02;2443;1491;233602;110821;18.7;8.9
95;2021-05-03;5075;1900;238677;112721;19.1;9.0
95;2021-05-04;6348;2716;245025;115437;19.6;9.2
95;2021-05-05;5140;3810;250165;119247;20.0;9.6
95;2021-05-06;8201;4922;258366;124169;20.7;9.9
95;2021-05-07;5774;4747;264140;128916;21.2;10.3
95;2021-05-08;5737;1523;269877;130439;21.6;10.4
95;2021-05-09;2824;1565;272701;132004;21.8;10.6
95;2021-05-10;9940;3163;282641;135167;22.6;10.8
95;2021-05-11;8445;3448;291086;138615;23.3;11.1
95;2021-05-12;9456;3212;300542;141827;24.1;11.4
95;2021-05-13;7953;1201;308495;143028;24.7;11.5
95;2021-05-14;7007;1895;315502;144923;25.3;11.6
95;2021-05-15;4509;1066;320011;145989;25.6;11.7
95;2021-05-16;4816;812;324827;146801;26.0;11.8
95;2021-05-17;7729;1336;332556;148137;26.6;11.9
95;2021-05-18;9456;1854;342012;149991;27.4;12.0
95;2021-05-19;9240;2509;351252;152500;28.1;12.2
95;2021-05-20;12572;2431;363824;154931;29.1;12.4
95;2021-05-21;10174;2529;373998;157460;30.0;12.6
95;2021-05-22;9397;1540;383395;159000;30.7;12.7
95;2021-05-23;4137;937;387532;159937;31.0;12.8
95;2021-05-24;2392;539;389924;160476;31.2;12.9
95;2021-05-25;7201;2076;397125;162552;31.8;13.0
95;2021-05-26;8842;3110;405967;165662;32.5;13.3
95;2021-05-27;10354;4418;416321;170080;33.3;13.6
95;2021-05-28;7679;4420;424000;174500;34.0;14.0
95;2021-05-29;5260;2760;429260;177260;34.4;14.2
95;2021-05-30;3727;1686;432987;178946;34.7;14.3
95;2021-05-31;6422;3319;439409;182265;35.2;14.6
95;2021-06-01;8620;3787;448029;186052;35.9;14.9
95;2021-06-02;8648;4732;456677;190784;36.6;15.3
95;2021-06-03;8475;6547;465152;197331;37.3;15.8
95;2021-06-04;8823;4397;473975;201728;38.0;16.2
95;2021-06-05;8333;3733;482308;205461;38.6;16.5
95;2021-06-06;4818;1588;487126;207049;39.0;16.6
95;2021-06-07;5979;4534;493105;211583;39.5;16.9
95;2021-06-08;6471;5508;499576;217091;40.0;17.4
95;2021-06-09;5865;6456;505441;223547;40.5;17.9
95;2021-06-10;6263;6793;511704;230340;41.0;18.5
95;2021-06-11;7082;6426;518786;236766;41.6;19.0
95;2021-06-12;5994;4371;524780;241137;42.0;19.3
95;2021-06-13;2068;3279;526848;244416;42.2;19.6
95;2021-06-14;4596;5965;531444;250381;42.6;20.1
95;2021-06-15;3978;8021;535422;258402;42.9;20.7
95;2021-06-16;5096;7534;540518;265936;43.3;21.3
95;2021-06-17;6358;8142;546876;274078;43.8;22.0
95;2021-06-18;5332;7841;552208;281919;44.2;22.6
95;2021-06-19;4949;8923;557157;290842;44.6;23.3
95;2021-06-20;1412;3303;558569;294145;44.7;23.6
95;2021-06-21;2979;7700;561548;301845;45.0;24.2
95;2021-06-22;4702;9014;566250;310859;45.4;24.9
95;2021-06-23;4622;10868;570872;321727;45.7;25.8
95;2021-06-24;4854;10708;575726;332435;46.1;26.6
95;2021-06-25;4750;10347;580476;342782;46.5;27.5
95;2021-06-26;4250;8473;584726;351255;46.8;28.1
95;2021-06-27;973;3988;585699;355243;46.9;28.5
95;2021-06-28;2637;9486;588336;364729;47.1;29.2
95;2021-06-29;2472;8776;590808;373505;47.3;29.9
95;2021-06-30;3803;9980;594611;383485;47.6;30.7
95;2021-07-01;4108;11145;598719;394630;48.0;31.6
95;2021-07-02;4008;10525;602727;405155;48.3;32.5
95;2021-07-03;3514;9149;606241;414304;48.6;33.2
95;2021-07-04;1246;3398;607487;417702;48.7;33.5
95;2021-07-05;2271;4371;609758;422073;48.8;33.8
95;2021-07-06;2592;7741;612350;429814;49.1;34.4
95;2021-07-07;3903;9612;616253;439426;49.4;35.2
95;2021-07-08;5214;9768;621467;449194;49.8;36.0
95;2021-07-09;4446;10037;625913;459231;50.1;36.8
95;2021-07-10;3378;7387;629291;466618;50.4;37.4
95;2021-07-11;1473;3599;630764;470217;50.5;37.7
95;2021-07-12;2910;9663;633674;479880;50.8;38.4
95;2021-07-13;5012;10022;638686;489902;51.2;39.2
95;2021-07-14;4307;5680;642993;495582;51.5;39.7
95;2021-07-15;7136;12236;650129;507818;52.1;40.7
95;2021-07-16;7848;11930;657977;519748;52.7;41.6
95;2021-07-17;5020;7796;662997;527544;53.1;42.3
95;2021-07-18;3311;2847;666308;530391;53.4;42.5
95;2021-07-19;4721;6818;671029;537209;53.8;43.0
95;2021-07-20;6785;8321;677814;545530;54.3;43.7
95;2021-07-21;9128;9344;686942;554874;55.0;44.4
95;2021-07-22;9830;9603;696772;564477;55.8;45.2
95;2021-07-23;10688;10095;707460;574572;56.7;46.0
95;2021-07-24;5183;6174;712643;580746;57.1;46.5
95;2021-07-25;2139;2259;714782;583005;57.3;46.7
971;2020-12-27;0;0;0;0;0.0;0.0
971;2020-12-28;0;0;0;0;0.0;0.0
971;2020-12-29;0;0;0;0;0.0;0.0
971;2020-12-30;0;0;0;0;0.0;0.0
971;2020-12-31;0;0;0;0;0.0;0.0
971;2021-01-01;1;0;1;0;0.0;0.0
971;2021-01-02;0;0;1;0;0.0;0.0
971;2021-01-03;0;0;1;0;0.0;0.0
971;2021-01-04;1;0;2;0;0.0;0.0
971;2021-01-05;0;0;2;0;0.0;0.0
971;2021-01-06;1;0;3;0;0.0;0.0
971;2021-01-07;0;0;3;0;0.0;0.0
971;2021-01-08;56;1;59;1;0.0;0.0
971;2021-01-09;19;0;78;1;0.0;0.0
971;2021-01-10;0;0;78;1;0.0;0.0
971;2021-01-11;58;0;136;1;0.0;0.0
971;2021-01-12;45;0;181;1;0.0;0.0
971;2021-01-13;46;1;227;2;0.1;0.0
971;2021-01-14;62;0;289;2;0.1;0.0
971;2021-01-15;77;0;366;2;0.1;0.0
971;2021-01-16;0;0;366;2;0.1;0.0
971;2021-01-17;0;0;366;2;0.1;0.0
971;2021-01-18;78;0;444;2;0.1;0.0
971;2021-01-19;144;0;588;2;0.2;0.0
971;2021-01-20;135;0;723;2;0.2;0.0
971;2021-01-21;151;1;874;3;0.2;0.0
971;2021-01-22;134;0;1008;3;0.3;0.0
971;2021-01-23;1;0;1009;3;0.3;0.0
971;2021-01-24;0;0;1009;3;0.3;0.0
971;2021-01-25;202;0;1211;3;0.3;0.0
971;2021-01-26;213;1;1424;4;0.4;0.0
971;2021-01-27;234;0;1658;4;0.4;0.0
971;2021-01-28;238;3;1896;7;0.5;0.0
971;2021-01-29;198;2;2094;9;0.6;0.0
971;2021-01-30;21;0;2115;9;0.6;0.0
971;2021-01-31;1;0;2116;9;0.6;0.0
971;2021-02-01;226;4;2342;13;0.6;0.0
971;2021-02-02;242;26;2584;39;0.7;0.0
971;2021-02-03;220;3;2804;42;0.7;0.0
971;2021-02-04;299;21;3103;63;0.8;0.0
971;2021-02-05;269;32;3372;95;0.9;0.0
971;2021-02-06;49;1;3421;96;0.9;0.0
971;2021-02-07;0;0;3421;96;0.9;0.0
971;2021-02-08;241;22;3662;118;1.0;0.0
971;2021-02-09;305;29;3967;147;1.1;0.0
971;2021-02-10;235;29;4202;176;1.1;0.0
971;2021-02-11;295;112;4497;288;1.2;0.1
971;2021-02-12;284;26;4781;314;1.3;0.1
971;2021-02-13;50;7;4831;321;1.3;0.1
971;2021-02-14;19;36;4850;357;1.3;0.1
971;2021-02-15;78;46;4928;403;1.3;0.1
971;2021-02-16;16;1;4944;404;1.3;0.1
971;2021-02-17;17;1;4961;405;1.3;0.1
971;2021-02-18;232;18;5193;423;1.4;0.1
971;2021-02-19;233;21;5426;444;1.4;0.1
971;2021-02-20;48;0;5474;444;1.5;0.1
971;2021-02-21;1;0;5475;444;1.5;0.1
971;2021-02-22;166;65;5641;509;1.5;0.1
971;2021-02-23;194;74;5835;583;1.5;0.2
971;2021-02-24;324;126;6159;709;1.6;0.2
971;2021-02-25;376;79;6535;788;1.7;0.2
971;2021-02-26;217;84;6752;872;1.8;0.2
971;2021-02-27;62;0;6814;872;1.8;0.2
971;2021-02-28;1;0;6815;872;1.8;0.2
971;2021-03-01;168;82;6983;954;1.9;0.3
971;2021-03-02;265;131;7248;1085;1.9;0.3
971;2021-03-03;234;120;7482;1205;2.0;0.3
971;2021-03-04;323;86;7805;1291;2.1;0.3
971;2021-03-05;363;152;8168;1443;2.2;0.4
971;2021-03-06;589;6;8757;1449;2.3;0.4
971;2021-03-07;1;0;8758;1449;2.3;0.4
971;2021-03-08;297;141;9055;1590;2.4;0.4
971;2021-03-09;365;155;9420;1745;2.5;0.5
971;2021-03-10;411;164;9831;1909;2.6;0.5
971;2021-03-11;122;45;9953;1954;2.6;0.5
971;2021-03-12;490;227;10443;2181;2.8;0.6
971;2021-03-13;133;2;10576;2183;2.8;0.6
971;2021-03-14;14;24;10590;2207;2.8;0.6
971;2021-03-15;419;45;11009;2252;2.9;0.6
971;2021-03-16;463;83;11472;2335;3.0;0.6
971;2021-03-17;451;89;11923;2424;3.2;0.6
971;2021-03-18;555;107;12478;2531;3.3;0.7
971;2021-03-19;565;99;13043;2630;3.5;0.7
971;2021-03-20;177;44;13220;2674;3.5;0.7
971;2021-03-21;8;0;13228;2674;3.5;0.7
971;2021-03-22;348;87;13576;2761;3.6;0.7
971;2021-03-23;518;157;14094;2918;3.7;0.8
971;2021-03-24;465;108;14559;3026;3.9;0.8
971;2021-03-25;757;181;15316;3207;4.1;0.9
971;2021-03-26;640;121;15956;3328;4.2;0.9
971;2021-03-27;279;47;16235;3375;4.3;0.9
971;2021-03-28;12;1;16247;3376;4.3;0.9
971;2021-03-29;378;83;16625;3459;4.4;0.9
971;2021-03-30;621;164;17246;3623;4.6;1.0
971;2021-03-31;546;130;17792;3753;4.7;1.0
971;2021-04-01;649;198;18441;3951;4.9;1.0
971;2021-04-02;38;35;18479;3986;4.9;1.1
971;2021-04-03;51;2;18530;3988;4.9;1.1
971;2021-04-04;4;18;18534;4006;4.9;1.1
971;2021-04-05;12;0;18546;4006;4.9;1.1
971;2021-04-06;476;193;19022;4199;5.0;1.1
971;2021-04-07;576;118;19598;4317;5.2;1.1
971;2021-04-08;492;162;20090;4479;5.3;1.2
971;2021-04-09;481;209;20571;4688;5.5;1.2
971;2021-04-10;98;4;20669;4692;5.5;1.2
971;2021-04-11;3;23;20672;4715;5.5;1.3
971;2021-04-12;294;261;20966;4976;5.6;1.3
971;2021-04-13;553;321;21519;5297;5.7;1.4
971;2021-04-14;435;223;21954;5520;5.8;1.5
971;2021-04-15;550;314;22504;5834;6.0;1.5
971;2021-04-16;560;272;23064;6106;6.1;1.6
971;2021-04-17;206;4;23270;6110;6.2;1.6
971;2021-04-18;5;14;23275;6124;6.2;1.6
971;2021-04-19;398;242;23673;6366;6.3;1.7
971;2021-04-20;723;344;24396;6710;6.5;1.8
971;2021-04-21;624;312;25020;7022;6.6;1.9
971;2021-04-22;809;333;25829;7355;6.9;2.0
971;2021-04-23;846;250;26675;7605;7.1;2.0
971;2021-04-24;388;75;27063;7680;7.2;2.0
971;2021-04-25;593;63;27656;7743;7.3;2.1
971;2021-04-26;950;216;28606;7959;7.6;2.1
971;2021-04-27;676;233;29282;8192;7.8;2.2
971;2021-04-28;857;265;30139;8457;8.0;2.2
971;2021-04-29;1199;200;31338;8657;8.3;2.3
971;2021-04-30;1261;187;32599;8844;8.6;2.3
971;2021-05-01;596;43;33195;8887;8.8;2.4
971;2021-05-02;351;18;33546;8905;8.9;2.4
971;2021-05-03;915;178;34461;9083;9.1;2.4
971;2021-05-04;958;205;35419;9288;9.4;2.5
971;2021-05-05;1007;247;36426;9535;9.7;2.5
971;2021-05-06;1146;174;37572;9709;10.0;2.6
971;2021-05-07;1250;265;38822;9974;10.3;2.6
971;2021-05-08;318;35;39140;10009;10.4;2.7
971;2021-05-09;181;10;39321;10019;10.4;2.7
971;2021-05-10;837;214;40158;10233;10.7;2.7
971;2021-05-11;963;312;41121;10545;10.9;2.8
971;2021-05-12;906;324;42027;10869;11.2;2.9
971;2021-05-13;210;79;42237;10948;11.2;2.9
971;2021-05-14;861;275;43098;11223;11.4;3.0
971;2021-05-15;479;14;43577;11237;11.6;3.0
971;2021-05-16;181;36;43758;11273;11.6;3.0
971;2021-05-17;715;275;44473;11548;11.8;3.1
971;2021-05-18;740;387;45213;11935;12.0;3.2
971;2021-05-19;701;530;45914;12465;12.2;3.3
971;2021-05-20;793;377;46707;12842;12.4;3.4
971;2021-05-21;818;407;47525;13249;12.6;3.5
971;2021-05-22;498;213;48023;13462;12.7;3.6
971;2021-05-23;203;113;48226;13575;12.8;3.6
971;2021-05-24;201;175;48427;13750;12.8;3.6
971;2021-05-25;539;659;48966;14409;13.0;3.8
971;2021-05-26;593;490;49559;14899;13.1;4.0
971;2021-05-27;132;186;49691;15085;13.2;4.0
971;2021-05-28;517;526;50208;15611;13.3;4.1
971;2021-05-29;235;136;50443;15747;13.4;4.2
971;2021-05-30;76;113;50519;15860;13.4;4.2
971;2021-05-31;452;535;50971;16395;13.5;4.4
971;2021-06-01;584;709;51555;17104;13.7;4.5
971;2021-06-02;578;707;52133;17811;13.8;4.7
971;2021-06-03;506;564;52639;18375;14.0;4.9
971;2021-06-04;788;806;53427;19181;14.2;5.1
971;2021-06-05;314;645;53741;19826;14.3;5.3
971;2021-06-06;132;528;53873;20354;14.3;5.4
971;2021-06-07;426;783;54299;21137;14.4;5.6
971;2021-06-08;522;893;54821;22030;14.5;5.8
971;2021-06-09;497;860;55318;22890;14.7;6.1
971;2021-06-10;519;846;55837;23736;14.8;6.3
971;2021-06-11;461;1241;56298;24977;14.9;6.6
971;2021-06-12;297;662;56595;25639;15.0;6.8
971;2021-06-13;126;314;56721;25953;15.1;6.9
971;2021-06-14;366;3796;57087;29749;15.1;7.9
971;2021-06-15;484;2012;57571;31761;15.3;8.4
971;2021-06-16;472;1485;58043;33246;15.4;8.8
971;2021-06-17;424;1014;58467;34260;15.5;9.1
971;2021-06-18;465;1018;58932;35278;15.6;9.4
971;2021-06-19;311;509;59243;35787;15.7;9.5
971;2021-06-20;108;230;59351;36017;15.7;9.6
971;2021-06-21;324;681;59675;36698;15.8;9.7
971;2021-06-22;322;873;59997;37571;15.9;10.0
971;2021-06-23;358;883;60355;38454;16.0;10.2
971;2021-06-24;388;724;60743;39178;16.1;10.4
971;2021-06-25;447;765;61190;39943;16.2;10.6
971;2021-06-26;294;514;61484;40457;16.3;10.7
971;2021-06-27;113;148;61597;40605;16.3;10.8
971;2021-06-28;298;689;61895;41294;16.4;11.0
971;2021-06-29;362;784;62257;42078;16.5;11.2
971;2021-06-30;414;919;62671;42997;16.6;11.4
971;2021-07-01;345;650;63016;43647;16.7;11.6
971;2021-07-02;416;694;63432;44341;16.8;11.8
971;2021-07-03;265;461;63697;44802;16.9;11.9
971;2021-07-04;110;239;63807;45041;16.9;12.0
971;2021-07-05;314;507;64121;45548;17.0;12.1
971;2021-07-06;363;763;64484;46311;17.1;12.3
971;2021-07-07;369;847;64853;47158;17.2;12.5
971;2021-07-08;398;792;65251;47950;17.3;12.7
971;2021-07-09;425;797;65676;48747;17.4;12.9
971;2021-07-10;242;294;65918;49041;17.5;13.0
971;2021-07-11;168;135;66086;49176;17.5;13.0
971;2021-07-12;473;609;66559;49785;17.7;13.2
971;2021-07-13;831;1002;67390;50787;17.9;13.5
971;2021-07-14;456;281;67846;51068;18.0;13.6
971;2021-07-15;841;832;68687;51900;18.2;13.8
971;2021-07-16;1064;1034;69751;52934;18.5;14.0
971;2021-07-17;641;441;70392;53375;18.7;14.2
971;2021-07-18;398;215;70790;53590;18.8;14.2
971;2021-07-19;568;571;71358;54161;18.9;14.4
971;2021-07-20;771;720;72129;54881;19.1;14.6
971;2021-07-21;752;490;72881;55371;19.3;14.7
971;2021-07-22;763;853;73644;56224;19.5;14.9
971;2021-07-23;924;739;74568;56963;19.8;15.1
971;2021-07-24;400;379;74968;57342;19.9;15.2
971;2021-07-25;244;259;75212;57601;20.0;15.3
972;2020-12-27;0;0;0;0;0.0;0.0
972;2020-12-28;0;0;0;0;0.0;0.0
972;2020-12-29;0;0;0;0;0.0;0.0
972;2020-12-30;0;0;0;0;0.0;0.0
972;2020-12-31;0;0;0;0;0.0;0.0
972;2021-01-01;0;0;0;0;0.0;0.0
972;2021-01-02;0;0;0;0;0.0;0.0
972;2021-01-03;0;0;0;0;0.0;0.0
972;2021-01-04;0;0;0;0;0.0;0.0
972;2021-01-05;0;0;0;0;0.0;0.0
972;2021-01-06;5;0;5;0;0.0;0.0
972;2021-01-07;31;0;36;0;0.0;0.0
972;2021-01-08;83;1;119;1;0.0;0.0
972;2021-01-09;20;0;139;1;0.0;0.0
972;2021-01-10;0;0;139;1;0.0;0.0
972;2021-01-11;122;0;261;1;0.1;0.0
972;2021-01-12;79;0;340;1;0.1;0.0
972;2021-01-13;64;0;404;1;0.1;0.0
972;2021-01-14;88;1;492;2;0.1;0.0
972;2021-01-15;138;0;630;2;0.2;0.0
972;2021-01-16;51;0;681;2;0.2;0.0
972;2021-01-17;0;0;681;2;0.2;0.0
972;2021-01-18;158;0;839;2;0.2;0.0
972;2021-01-19;168;1;1007;3;0.3;0.0
972;2021-01-20;165;0;1172;3;0.3;0.0
972;2021-01-21;181;2;1353;5;0.4;0.0
972;2021-01-22;158;0;1511;5;0.4;0.0
972;2021-01-23;58;0;1569;5;0.4;0.0
972;2021-01-24;0;0;1569;5;0.4;0.0
972;2021-01-25;160;0;1729;5;0.5;0.0
972;2021-01-26;137;1;1866;6;0.5;0.0
972;2021-01-27;163;5;2029;11;0.6;0.0
972;2021-01-28;144;12;2173;23;0.6;0.0
972;2021-01-29;143;41;2316;64;0.6;0.0
972;2021-01-30;96;16;2412;80;0.7;0.0
972;2021-01-31;0;0;2412;80;0.7;0.0
972;2021-02-01;119;74;2531;154;0.7;0.0
972;2021-02-02;184;96;2715;250;0.8;0.1
972;2021-02-03;132;80;2847;330;0.8;0.1
972;2021-02-04;158;73;3005;403;0.8;0.1
972;2021-02-05;121;96;3126;499;0.9;0.1
972;2021-02-06;62;26;3188;525;0.9;0.1
972;2021-02-07;1;0;3189;525;0.9;0.1
972;2021-02-08;137;80;3326;605;0.9;0.2
972;2021-02-09;176;78;3502;683;1.0;0.2
972;2021-02-10;142;90;3644;773;1.0;0.2
972;2021-02-11;150;103;3794;876;1.1;0.2
972;2021-02-12;145;131;3939;1007;1.1;0.3
972;2021-02-13;47;37;3986;1044;1.1;0.3
972;2021-02-14;0;0;3986;1044;1.1;0.3
972;2021-02-15;51;67;4037;1111;1.1;0.3
972;2021-02-16;0;1;4037;1112;1.1;0.3
972;2021-02-17;1;3;4038;1115;1.1;0.3
972;2021-02-18;69;127;4107;1242;1.1;0.3
972;2021-02-19;69;131;4176;1373;1.2;0.4
972;2021-02-20;48;69;4224;1442;1.2;0.4
972;2021-02-21;0;0;4224;1442;1.2;0.4
972;2021-02-22;102;60;4326;1502;1.2;0.4
972;2021-02-23;113;237;4439;1739;1.2;0.5
972;2021-02-24;106;223;4545;1962;1.3;0.5
972;2021-02-25;89;150;4634;2112;1.3;0.6
972;2021-02-26;130;169;4764;2281;1.3;0.6
972;2021-02-27;69;52;4833;2333;1.3;0.7
972;2021-02-28;0;0;4833;2333;1.3;0.7
972;2021-03-01;137;146;4970;2479;1.4;0.7
972;2021-03-02;157;79;5127;2558;1.4;0.7
972;2021-03-03;179;145;5306;2703;1.5;0.8
972;2021-03-04;146;135;5452;2838;1.5;0.8
972;2021-03-05;238;128;5690;2966;1.6;0.8
972;2021-03-06;119;59;5809;3025;1.6;0.8
972;2021-03-07;100;1;5909;3026;1.6;0.8
972;2021-03-08;196;133;6105;3159;1.7;0.9
972;2021-03-09;274;101;6379;3260;1.8;0.9
972;2021-03-10;322;134;6701;3394;1.9;0.9
972;2021-03-11;335;83;7036;3477;2.0;1.0
972;2021-03-12;401;54;7437;3531;2.1;1.0
972;2021-03-13;155;21;7592;3552;2.1;1.0
972;2021-03-14;4;1;7596;3553;2.1;1.0
972;2021-03-15;276;90;7872;3643;2.2;1.0
972;2021-03-16;305;55;8177;3698;2.3;1.0
972;2021-03-17;387;49;8564;3747;2.4;1.0
972;2021-03-18;434;44;8998;3791;2.5;1.1
972;2021-03-19;397;62;9395;3853;2.6;1.1
972;2021-03-20;149;48;9544;3901;2.7;1.1
972;2021-03-21;25;1;9569;3902;2.7;1.1
972;2021-03-22;362;118;9931;4020;2.8;1.1
972;2021-03-23;403;123;10334;4143;2.9;1.2
972;2021-03-24;428;105;10762;4248;3.0;1.2
972;2021-03-25;476;100;11238;4348;3.1;1.2
972;2021-03-26;632;102;11870;4450;3.3;1.2
972;2021-03-27;152;70;12022;4520;3.4;1.3
972;2021-03-28;81;2;12103;4522;3.4;1.3
972;2021-03-29;421;165;12524;4687;3.5;1.3
972;2021-03-30;469;244;12993;4931;3.6;1.4
972;2021-03-31;1145;191;14138;5122;3.9;1.4
972;2021-04-01;955;171;15093;5293;4.2;1.5
972;2021-04-02;895;11;15988;5304;4.5;1.5
972;2021-04-03;788;53;16776;5357;4.7;1.5
972;2021-04-04;750;10;17526;5367;4.9;1.5
972;2021-04-05;829;42;18355;5409;5.1;1.5
972;2021-04-06;883;134;19238;5543;5.4;1.5
972;2021-04-07;1435;326;20673;5869;5.8;1.6
972;2021-04-08;1306;270;21979;6139;6.1;1.7
972;2021-04-09;1240;316;23219;6455;6.5;1.8
972;2021-04-10;838;165;24057;6620;6.7;1.8
972;2021-04-11;621;14;24678;6634;6.9;1.8
972;2021-04-12;867;315;25545;6949;7.1;1.9
972;2021-04-13;880;327;26425;7276;7.4;2.0
972;2021-04-14;958;323;27383;7599;7.6;2.1
972;2021-04-15;959;297;28342;7896;7.9;2.2
972;2021-04-16;995;300;29337;8196;8.2;2.3
972;2021-04-17;529;161;29866;8357;8.3;2.3
972;2021-04-18;339;56;30205;8413;8.4;2.3
972;2021-04-19;668;344;30873;8757;8.6;2.4
972;2021-04-20;868;309;31741;9066;8.8;2.5
972;2021-04-21;999;354;32740;9420;9.1;2.6
972;2021-04-22;604;313;33344;9733;9.3;2.7
972;2021-04-23;606;465;33950;10198;9.5;2.8
972;2021-04-24;361;197;34311;10395;9.6;2.9
972;2021-04-25;168;200;34479;10595;9.6;3.0
972;2021-04-26;516;541;34995;11136;9.8;3.1
972;2021-04-27;568;609;35563;11745;9.9;3.3
972;2021-04-28;449;691;36012;12436;10.0;3.5
972;2021-04-29;653;641;36665;13077;10.2;3.6
972;2021-04-30;771;687;37436;13764;10.4;3.8
972;2021-05-01;244;246;37680;14010;10.5;3.9
972;2021-05-02;226;513;37906;14523;10.6;4.0
972;2021-05-03;569;771;38475;15294;10.7;4.3
972;2021-05-04;525;678;39000;15972;10.9;4.5
972;2021-05-05;546;896;39546;16868;11.0;4.7
972;2021-05-06;546;784;40092;17652;11.2;4.9
972;2021-05-07;629;1016;40721;18668;11.4;5.2
972;2021-05-08;225;526;40946;19194;11.4;5.4
972;2021-05-09;172;506;41118;19700;11.5;5.5
972;2021-05-10;520;858;41638;20558;11.6;5.7
972;2021-05-11;477;872;42115;21430;11.7;6.0
972;2021-05-12;557;912;42672;22342;11.9;6.2
972;2021-05-13;274;534;42946;22876;12.0;6.4
972;2021-05-14;389;752;43335;23628;12.1;6.6
972;2021-05-15;233;578;43568;24206;12.1;6.7
972;2021-05-16;155;442;43723;24648;12.2;6.9
972;2021-05-17;474;753;44197;25401;12.3;7.1
972;2021-05-18;446;680;44643;26081;12.4;7.3
972;2021-05-19;453;744;45096;26825;12.6;7.5
972;2021-05-20;593;500;45689;27325;12.7;7.6
972;2021-05-21;545;705;46234;28030;12.9;7.8
972;2021-05-22;186;364;46420;28394;12.9;7.9
972;2021-05-23;111;182;46531;28576;13.0;8.0
972;2021-05-24;135;241;46666;28817;13.0;8.0
972;2021-05-25;351;698;47017;29515;13.1;8.2
972;2021-05-26;383;712;47400;30227;13.2;8.4
972;2021-05-27;269;647;47669;30874;13.3;8.6
972;2021-05-28;280;816;47949;31690;13.4;8.8
972;2021-05-29;154;513;48103;32203;13.4;9.0
972;2021-05-30;17;33;48120;32236;13.4;9.0
972;2021-05-31;345;682;48465;32918;13.5;9.2
972;2021-06-01;300;547;48765;33465;13.6;9.3
972;2021-06-02;323;575;49088;34040;13.7;9.5
972;2021-06-03;247;425;49335;34465;13.8;9.6
972;2021-06-04;350;644;49685;35109;13.8;9.8
972;2021-06-05;261;373;49946;35482;13.9;9.9
972;2021-06-06;24;31;49970;35513;13.9;9.9
972;2021-06-07;259;737;50229;36250;14.0;10.1
972;2021-06-08;255;589;50484;36839;14.1;10.3
972;2021-06-09;303;699;50787;37538;14.2;10.5
972;2021-06-10;307;453;51094;37991;14.2;10.6
972;2021-06-11;359;534;51453;38525;14.3;10.7
972;2021-06-12;246;323;51699;38848;14.4;10.8
972;2021-06-13;32;29;51731;38877;14.4;10.8
972;2021-06-14;367;552;52098;39429;14.5;11.0
972;2021-06-15;410;486;52508;39915;14.6;11.1
972;2021-06-16;436;436;52944;40351;14.8;11.2
972;2021-06-17;354;576;53298;40927;14.9;11.4
972;2021-06-18;457;538;53755;41465;15.0;11.6
972;2021-06-19;225;196;53980;41661;15.0;11.6
972;2021-06-20;25;17;54005;41678;15.1;11.6
972;2021-06-21;328;578;54333;42256;15.1;11.8
972;2021-06-22;297;465;54630;42721;15.2;11.9
972;2021-06-23;422;563;55052;43284;15.3;12.1
972;2021-06-24;325;436;55377;43720;15.4;12.2
972;2021-06-25;312;387;55689;44107;15.5;12.3
972;2021-06-26;220;199;55909;44306;15.6;12.4
972;2021-06-27;16;23;55925;44329;15.6;12.4
972;2021-06-28;318;425;56243;44754;15.7;12.5
972;2021-06-29;322;433;56565;45187;15.8;12.6
972;2021-06-30;434;421;56999;45608;15.9;12.7
972;2021-07-01;340;391;57339;45999;16.0;12.8
972;2021-07-02;123;202;57462;46201;16.0;12.9
972;2021-07-03;100;118;57562;46319;16.0;12.9
972;2021-07-04;24;35;57586;46354;16.1;12.9
972;2021-07-05;485;580;58071;46934;16.2;13.1
972;2021-07-06;480;430;58551;47364;16.3;13.2
972;2021-07-07;596;493;59147;47857;16.5;13.3
972;2021-07-08;485;420;59632;48277;16.6;13.5
972;2021-07-09;619;585;60251;48862;16.8;13.6
972;2021-07-10;400;306;60651;49168;16.9;13.7
972;2021-07-11;48;37;60699;49205;16.9;13.7
972;2021-07-12;838;692;61537;49897;17.2;13.9
972;2021-07-13;1467;712;63004;50609;17.6;14.1
972;2021-07-14;132;63;63136;50672;17.6;14.1
972;2021-07-15;1588;677;64724;51349;18.0;14.3
972;2021-07-16;1618;650;66342;51999;18.5;14.5
972;2021-07-17;1048;352;67390;52351;18.8;14.6
972;2021-07-18;56;39;67446;52390;18.8;14.6
972;2021-07-19;1130;650;68576;53040;19.1;14.8
972;2021-07-20;1094;568;69670;53608;19.4;14.9
972;2021-07-21;1073;595;70743;54203;19.7;15.1
972;2021-07-22;868;509;71611;54712;20.0;15.3
972;2021-07-23;866;477;72477;55189;20.2;15.4
972;2021-07-24;492;221;72969;55410;20.3;15.4
972;2021-07-25;45;62;73014;55472;20.4;15.5
973;2020-12-27;0;0;0;0;0.0;0.0
973;2020-12-28;0;0;0;0;0.0;0.0
973;2020-12-29;0;0;0;0;0.0;0.0
973;2020-12-30;0;0;0;0;0.0;0.0
973;2020-12-31;0;0;0;0;0.0;0.0
973;2021-01-01;0;0;0;0;0.0;0.0
973;2021-01-02;2;2;2;2;0.0;0.0
973;2021-01-03;0;0;2;2;0.0;0.0
973;2021-01-04;0;0;2;2;0.0;0.0
973;2021-01-05;0;0;2;2;0.0;0.0
973;2021-01-06;0;0;2;2;0.0;0.0
973;2021-01-07;0;0;2;2;0.0;0.0
973;2021-01-08;0;0;2;2;0.0;0.0
973;2021-01-09;0;0;2;2;0.0;0.0
973;2021-01-10;0;0;2;2;0.0;0.0
973;2021-01-11;0;0;2;2;0.0;0.0
973;2021-01-12;0;0;2;2;0.0;0.0
973;2021-01-13;30;0;32;2;0.0;0.0
973;2021-01-14;46;0;78;2;0.0;0.0
973;2021-01-15;35;0;113;2;0.0;0.0
973;2021-01-16;18;1;131;3;0.0;0.0
973;2021-01-17;0;0;131;3;0.0;0.0
973;2021-01-18;63;0;194;3;0.1;0.0
973;2021-01-19;150;1;344;4;0.1;0.0
973;2021-01-20;134;0;478;4;0.2;0.0
973;2021-01-21;118;0;596;4;0.2;0.0
973;2021-01-22;76;0;672;4;0.2;0.0
973;2021-01-23;0;0;672;4;0.2;0.0
973;2021-01-24;0;0;672;4;0.2;0.0
973;2021-01-25;56;0;728;4;0.3;0.0
973;2021-01-26;100;2;828;6;0.3;0.0
973;2021-01-27;109;1;937;7;0.3;0.0
973;2021-01-28;96;2;1033;9;0.4;0.0
973;2021-01-29;104;3;1137;12;0.4;0.0
973;2021-01-30;0;0;1137;12;0.4;0.0
973;2021-01-31;0;0;1137;12;0.4;0.0
973;2021-02-01;54;0;1191;12;0.4;0.0
973;2021-02-02;122;4;1313;16;0.5;0.0
973;2021-02-03;118;7;1431;23;0.5;0.0
973;2021-02-04;79;26;1510;49;0.5;0.0
973;2021-02-05;65;8;1575;57;0.5;0.0
973;2021-02-06;0;0;1575;57;0.5;0.0
973;2021-02-07;0;0;1575;57;0.5;0.0
973;2021-02-08;52;12;1627;69;0.6;0.0
973;2021-02-09;92;39;1719;108;0.6;0.0
973;2021-02-10;101;41;1820;149;0.6;0.1
973;2021-02-11;105;93;1925;242;0.7;0.1
973;2021-02-12;88;64;2013;306;0.7;0.1
973;2021-02-13;0;0;2013;306;0.7;0.1
973;2021-02-14;0;0;2013;306;0.7;0.1
973;2021-02-15;27;65;2040;371;0.7;0.1
973;2021-02-16;123;55;2163;426;0.7;0.1
973;2021-02-17;145;120;2308;546;0.8;0.2
973;2021-02-18;103;142;2411;688;0.8;0.2
973;2021-02-19;122;72;2533;760;0.9;0.3
973;2021-02-20;0;0;2533;760;0.9;0.3
973;2021-02-21;0;0;2533;760;0.9;0.3
973;2021-02-22;78;49;2611;809;0.9;0.3
973;2021-02-23;158;101;2769;910;1.0;0.3
973;2021-02-24;190;122;2959;1032;1.0;0.4
973;2021-02-25;259;88;3218;1120;1.1;0.4
973;2021-02-26;264;69;3482;1189;1.2;0.4
973;2021-02-27;120;1;3602;1190;1.2;0.4
973;2021-02-28;0;0;3602;1190;1.2;0.4
973;2021-03-01;180;86;3782;1276;1.3;0.4
973;2021-03-02;255;108;4037;1384;1.4;0.5
973;2021-03-03;255;132;4292;1516;1.5;0.5
973;2021-03-04;281;83;4573;1599;1.6;0.6
973;2021-03-05;274;46;4847;1645;1.7;0.6
973;2021-03-06;118;2;4965;1647;1.7;0.6
973;2021-03-07;0;0;4965;1647;1.7;0.6
973;2021-03-08;187;40;5152;1687;1.8;0.6
973;2021-03-09;350;92;5502;1779;1.9;0.6
973;2021-03-10;358;101;5860;1880;2.0;0.6
973;2021-03-11;270;114;6130;1994;2.1;0.7
973;2021-03-12;287;88;6417;2082;2.2;0.7
973;2021-03-13;111;4;6528;2086;2.2;0.7
973;2021-03-14;0;0;6528;2086;2.2;0.7
973;2021-03-15;181;27;6709;2113;2.3;0.7
973;2021-03-16;242;139;6951;2252;2.4;0.8
973;2021-03-17;273;129;7224;2381;2.5;0.8
973;2021-03-18;249;153;7473;2534;2.6;0.9
973;2021-03-19;284;127;7757;2661;2.7;0.9
973;2021-03-20;256;14;8013;2675;2.8;0.9
973;2021-03-21;119;2;8132;2677;2.8;0.9
973;2021-03-22;219;110;8351;2787;2.9;1.0
973;2021-03-23;274;194;8625;2981;3.0;1.0
973;2021-03-24;235;214;8860;3195;3.0;1.1
973;2021-03-25;168;179;9028;3374;3.1;1.2
973;2021-03-26;188;307;9216;3681;3.2;1.3
973;2021-03-27;58;94;9274;3775;3.2;1.3
973;2021-03-28;0;0;9274;3775;3.2;1.3
973;2021-03-29;175;246;9449;4021;3.3;1.4
973;2021-03-30;445;237;9894;4258;3.4;1.5
973;2021-03-31;319;291;10213;4549;3.5;1.6
973;2021-04-01;445;260;10658;4809;3.7;1.7
973;2021-04-02;306;279;10964;5088;3.8;1.8
973;2021-04-03;153;122;11117;5210;3.8;1.8
973;2021-04-04;0;0;11117;5210;3.8;1.8
973;2021-04-05;118;14;11235;5224;3.9;1.8
973;2021-04-06;438;335;11673;5559;4.0;1.9
973;2021-04-07;502;344;12175;5903;4.2;2.0
973;2021-04-08;512;268;12687;6171;4.4;2.1
973;2021-04-09;497;226;13184;6397;4.5;2.2
973;2021-04-10;147;91;13331;6488;4.6;2.2
973;2021-04-11;2;0;13333;6488;4.6;2.2
973;2021-04-12;551;267;13884;6755;4.8;2.3
973;2021-04-13;674;243;14558;6998;5.0;2.4
973;2021-04-14;720;312;15278;7310;5.3;2.5
973;2021-04-15;774;246;16052;7556;5.5;2.6
973;2021-04-16;756;297;16808;7853;5.8;2.7
973;2021-04-17;499;130;17307;7983;6.0;2.7
973;2021-04-18;499;39;17806;8022;6.1;2.8
973;2021-04-19;714;251;18520;8273;6.4;2.8
973;2021-04-20;606;277;19126;8550;6.6;2.9
973;2021-04-21;867;249;19993;8799;6.9;3.0
973;2021-04-22;723;229;20716;9028;7.1;3.1
973;2021-04-23;705;227;21421;9255;7.4;3.2
973;2021-04-24;524;95;21945;9350;7.5;3.2
973;2021-04-25;611;50;22556;9400;7.8;3.2
973;2021-04-26;780;229;23336;9629;8.0;3.3
973;2021-04-27;785;341;24121;9970;8.3;3.4
973;2021-04-28;694;328;24815;10298;8.5;3.5
973;2021-04-29;621;280;25436;10578;8.8;3.6
973;2021-04-30;673;251;26109;10829;9.0;3.7
973;2021-05-01;210;27;26319;10856;9.1;3.7
973;2021-05-02;602;84;26921;10940;9.3;3.8
973;2021-05-03;553;390;27474;11330;9.5;3.9
973;2021-05-04;623;313;28097;11643;9.7;4.0
973;2021-05-05;657;448;28754;12091;9.9;4.2
973;2021-05-06;654;466;29408;12557;10.1;4.3
973;2021-05-07;555;467;29963;13024;10.3;4.5
973;2021-05-08;341;57;30304;13081;10.4;4.5
973;2021-05-09;262;73;30566;13154;10.5;4.5
973;2021-05-10;423;611;30989;13765;10.7;4.7
973;2021-05-11;392;494;31381;14259;10.8;4.9
973;2021-05-12;508;647;31889;14906;11.0;5.1
973;2021-05-13;333;99;32222;15005;11.1;5.2
973;2021-05-14;479;549;32701;15554;11.2;5.4
973;2021-05-15;258;348;32959;15902;11.3;5.5
973;2021-05-16;207;210;33166;16112;11.4;5.5
973;2021-05-17;444;600;33610;16712;11.6;5.7
973;2021-05-18;560;564;34170;17276;11.8;5.9
973;2021-05-19;525;554;34695;17830;11.9;6.1
973;2021-05-20;641;451;35336;18281;12.2;6.3
973;2021-05-21;494;605;35830;18886;12.3;6.5
973;2021-05-22;167;502;35997;19388;12.4;6.7
973;2021-05-23;269;474;36266;19862;12.5;6.8
973;2021-05-24;560;246;36826;20108;12.7;6.9
973;2021-05-25;497;742;37323;20850;12.8;7.2
973;2021-05-26;440;683;37763;21533;13.0;7.4
973;2021-05-27;696;523;38459;22056;13.2;7.6
973;2021-05-28;558;553;39017;22609;13.4;7.8
973;2021-05-29;240;360;39257;22969;13.5;7.9
973;2021-05-30;151;399;39408;23368;13.6;8.0
973;2021-05-31;341;573;39749;23941;13.7;8.2
973;2021-06-01;398;461;40147;24402;13.8;8.4
973;2021-06-02;541;552;40688;24954;14.0;8.6
973;2021-06-03;518;469;41206;25423;14.2;8.7
973;2021-06-04;595;495;41801;25918;14.4;8.9
973;2021-06-05;272;293;42073;26211;14.5;9.0
973;2021-06-06;211;299;42284;26510;14.5;9.1
973;2021-06-07;485;450;42769;26960;14.7;9.3
973;2021-06-08;542;312;43311;27272;14.9;9.4
973;2021-06-09;516;384;43827;27656;15.1;9.5
973;2021-06-10;356;289;44183;27945;15.2;9.6
973;2021-06-11;433;468;44616;28413;15.3;9.8
973;2021-06-12;170;284;44786;28697;15.4;9.9
973;2021-06-13;212;268;44998;28965;15.5;10.0
973;2021-06-14;376;549;45374;29514;15.6;10.2
973;2021-06-15;364;443;45738;29957;15.7;10.3
973;2021-06-16;421;452;46159;30409;15.9;10.5
973;2021-06-17;381;575;46540;30984;16.0;10.7
973;2021-06-18;360;562;46900;31546;16.1;10.9
973;2021-06-19;234;260;47134;31806;16.2;10.9
973;2021-06-20;126;271;47260;32077;16.3;11.0
973;2021-06-21;276;598;47536;32675;16.4;11.2
973;2021-06-22;326;458;47862;33133;16.5;11.4
973;2021-06-23;289;537;48151;33670;16.6;11.6
973;2021-06-24;394;496;48545;34166;16.7;11.8
973;2021-06-25;382;544;48927;34710;16.8;11.9
973;2021-06-26;171;320;49098;35030;16.9;12.1
973;2021-06-27;119;170;49217;35200;16.9;12.1
973;2021-06-28;282;591;49499;35791;17.0;12.3
973;2021-06-29;327;501;49826;36292;17.1;12.5
973;2021-06-30;315;668;50141;36960;17.2;12.7
973;2021-07-01;347;394;50488;37354;17.4;12.9
973;2021-07-02;397;515;50885;37869;17.5;13.0
973;2021-07-03;203;272;51088;38141;17.6;13.1
973;2021-07-04;84;242;51172;38383;17.6;13.2
973;2021-07-05;304;542;51476;38925;17.7;13.4
973;2021-07-06;307;474;51783;39399;17.8;13.6
973;2021-07-07;305;409;52088;39808;17.9;13.7
973;2021-07-08;257;324;52345;40132;18.0;13.8
973;2021-07-09;354;435;52699;40567;18.1;14.0
973;2021-07-10;163;277;52862;40844;18.2;14.1
973;2021-07-11;102;164;52964;41008;18.2;14.1
973;2021-07-12;355;491;53319;41499;18.3;14.3
973;2021-07-13;649;557;53968;42056;18.6;14.5
973;2021-07-14;373;157;54341;42213;18.7;14.5
973;2021-07-15;613;523;54954;42736;18.9;14.7
973;2021-07-16;560;473;55514;43209;19.1;14.9
973;2021-07-17;336;281;55850;43490;19.2;15.0
973;2021-07-18;249;119;56099;43609;19.3;15.0
973;2021-07-19;489;444;56588;44053;19.5;15.2
973;2021-07-20;508;476;57096;44529;19.6;15.3
973;2021-07-21;501;380;57597;44909;19.8;15.4
973;2021-07-22;609;437;58206;45346;20.0;15.6
973;2021-07-23;570;355;58776;45701;20.2;15.7
973;2021-07-24;319;232;59095;45933;20.3;15.8
973;2021-07-25;161;110;59256;46043;20.4;15.8
974;2020-12-27;0;0;0;0;0.0;0.0
974;2020-12-28;0;0;0;0;0.0;0.0
974;2020-12-29;0;0;0;0;0.0;0.0
974;2020-12-30;0;0;0;0;0.0;0.0
974;2020-12-31;0;0;0;0;0.0;0.0
974;2021-01-01;1;0;1;0;0.0;0.0
974;2021-01-02;0;0;1;0;0.0;0.0
974;2021-01-03;0;0;1;0;0.0;0.0
974;2021-01-04;0;0;1;0;0.0;0.0
974;2021-01-05;2;0;3;0;0.0;0.0
974;2021-01-06;0;0;3;0;0.0;0.0
974;2021-01-07;0;0;3;0;0.0;0.0
974;2021-01-08;0;0;3;0;0.0;0.0
974;2021-01-09;1;0;4;0;0.0;0.0
974;2021-01-10;0;0;4;0;0.0;0.0
974;2021-01-11;0;0;4;0;0.0;0.0
974;2021-01-12;0;0;4;0;0.0;0.0
974;2021-01-13;0;0;4;0;0.0;0.0
974;2021-01-14;0;0;4;0;0.0;0.0
974;2021-01-15;332;0;336;0;0.0;0.0
974;2021-01-16;28;0;364;0;0.0;0.0
974;2021-01-17;0;0;364;0;0.0;0.0
974;2021-01-18;49;1;413;1;0.0;0.0
974;2021-01-19;392;0;805;1;0.1;0.0
974;2021-01-20;481;1;1286;2;0.1;0.0
974;2021-01-21;614;1;1900;3;0.2;0.0
974;2021-01-22;410;1;2310;4;0.3;0.0
974;2021-01-23;75;0;2385;4;0.3;0.0
974;2021-01-24;0;0;2385;4;0.3;0.0
974;2021-01-25;273;2;2658;6;0.3;0.0
974;2021-01-26;429;0;3087;6;0.4;0.0
974;2021-01-27;317;0;3404;6;0.4;0.0
974;2021-01-28;407;0;3811;6;0.4;0.0
974;2021-01-29;422;3;4233;9;0.5;0.0
974;2021-01-30;420;1;4653;10;0.5;0.0
974;2021-01-31;0;0;4653;10;0.5;0.0
974;2021-02-01;372;3;5025;13;0.6;0.0
974;2021-02-02;500;4;5525;17;0.6;0.0
974;2021-02-03;602;14;6127;31;0.7;0.0
974;2021-02-04;626;21;6753;52;0.8;0.0
974;2021-02-05;564;97;7317;149;0.9;0.0
974;2021-02-06;501;5;7818;154;0.9;0.0
974;2021-02-07;0;8;7818;162;0.9;0.0
974;2021-02-08;472;34;8290;196;1.0;0.0
974;2021-02-09;785;92;9075;288;1.1;0.0
974;2021-02-10;820;87;9895;375;1.2;0.0
974;2021-02-11;796;87;10691;462;1.2;0.1
974;2021-02-12;637;94;11328;556;1.3;0.1
974;2021-02-13;652;75;11980;631;1.4;0.1
974;2021-02-14;1;0;11981;631;1.4;0.1
974;2021-02-15;524;126;12505;757;1.5;0.1
974;2021-02-16;651;535;13156;1292;1.5;0.2
974;2021-02-17;592;329;13748;1621;1.6;0.2
974;2021-02-18;493;412;14241;2033;1.7;0.2
974;2021-02-19;497;319;14738;2352;1.7;0.3
974;2021-02-20;576;117;15314;2469;1.8;0.3
974;2021-02-21;0;0;15314;2469;1.8;0.3
974;2021-02-22;402;238;15716;2707;1.8;0.3
974;2021-02-23;607;238;16323;2945;1.9;0.3
974;2021-02-24;584;252;16907;3197;2.0;0.4
974;2021-02-25;645;296;17552;3493;2.0;0.4
974;2021-02-26;483;472;18035;3965;2.1;0.5
974;2021-02-27;384;469;18419;4434;2.1;0.5
974;2021-02-28;0;0;18419;4434;2.1;0.5
974;2021-03-01;291;389;18710;4823;2.2;0.6
974;2021-03-02;485;503;19195;5326;2.2;0.6
974;2021-03-03;755;541;19950;5867;2.3;0.7
974;2021-03-04;777;495;20727;6362;2.4;0.7
974;2021-03-05;727;526;21454;6888;2.5;0.8
974;2021-03-06;812;524;22266;7412;2.6;0.9
974;2021-03-07;0;0;22266;7412;2.6;0.9
974;2021-03-08;435;558;22701;7970;2.6;0.9
974;2021-03-09;671;770;23372;8740;2.7;1.0
974;2021-03-10;643;842;24015;9582;2.8;1.1
974;2021-03-11;699;638;24714;10220;2.9;1.2
974;2021-03-12;729;656;25443;10876;3.0;1.3
974;2021-03-13;668;607;26111;11483;3.0;1.3
974;2021-03-14;2;0;26113;11483;3.0;1.3
974;2021-03-15;506;504;26619;11987;3.1;1.4
974;2021-03-16;681;708;27300;12695;3.2;1.5
974;2021-03-17;848;531;28148;13226;3.3;1.5
974;2021-03-18;1023;545;29171;13771;3.4;1.6
974;2021-03-19;784;533;29955;14304;3.5;1.7
974;2021-03-20;576;596;30531;14900;3.6;1.7
974;2021-03-21;0;0;30531;14900;3.6;1.7
974;2021-03-22;565;468;31096;15368;3.6;1.8
974;2021-03-23;780;640;31876;16008;3.7;1.9
974;2021-03-24;792;650;32668;16658;3.8;1.9
974;2021-03-25;931;550;33599;17208;3.9;2.0
974;2021-03-26;921;450;34520;17658;4.0;2.1
974;2021-03-27;782;337;35302;17995;4.1;2.1
974;2021-03-28;1;0;35303;17995;4.1;2.1
974;2021-03-29;961;270;36264;18265;4.2;2.1
974;2021-03-30;883;498;37147;18763;4.3;2.2
974;2021-03-31;740;662;37887;19425;4.4;2.3
974;2021-04-01;716;706;38603;20131;4.5;2.3
974;2021-04-02;688;757;39291;20888;4.6;2.4
974;2021-04-03;699;704;39990;21592;4.7;2.5
974;2021-04-04;0;0;39990;21592;4.7;2.5
974;2021-04-05;0;0;39990;21592;4.7;2.5
974;2021-04-06;795;635;40785;22227;4.7;2.6
974;2021-04-07;1368;787;42153;23014;4.9;2.7
974;2021-04-08;1792;771;43945;23785;5.1;2.8
974;2021-04-09;1509;782;45454;24567;5.3;2.9
974;2021-04-10;1137;651;46591;25218;5.4;2.9
974;2021-04-11;2;0;46593;25218;5.4;2.9
974;2021-04-12;1238;544;47831;25762;5.6;3.0
974;2021-04-13;1439;755;49270;26517;5.7;3.1
974;2021-04-14;2070;771;51340;27288;6.0;3.2
974;2021-04-15;2506;955;53846;28243;6.3;3.3
974;2021-04-16;1933;781;55779;29024;6.5;3.4
974;2021-04-17;1289;604;57068;29628;6.6;3.4
974;2021-04-18;0;0;57068;29628;6.6;3.4
974;2021-04-19;1375;563;58443;30191;6.8;3.5
974;2021-04-20;1650;804;60093;30995;7.0;3.6
974;2021-04-21;2127;626;62220;31621;7.2;3.7
974;2021-04-22;2948;818;65168;32439;7.6;3.8
974;2021-04-23;2309;814;67477;33253;7.8;3.9
974;2021-04-24;1106;799;68583;34052;8.0;4.0
974;2021-04-25;2;0;68585;34052;8.0;4.0
974;2021-04-26;1166;916;69751;34968;8.1;4.1
974;2021-04-27;1685;1028;71436;35996;8.3;4.2
974;2021-04-28;2896;752;74332;36748;8.6;4.3
974;2021-04-29;3947;811;78279;37559;9.1;4.4
974;2021-04-30;3441;903;81720;38462;9.5;4.5
974;2021-05-01;2106;221;83826;38683;9.7;4.5
974;2021-05-02;1;0;83827;38683;9.7;4.5
974;2021-05-03;1865;574;85692;39257;10.0;4.6
974;2021-05-04;2128;1099;87820;40356;10.2;4.7
974;2021-05-05;3120;1637;90940;41993;10.6;4.9
974;2021-05-06;4005;1587;94945;43580;11.0;5.1
974;2021-05-07;3229;1524;98174;45104;11.4;5.2
974;2021-05-08;1571;503;99745;45607;11.6;5.3
974;2021-05-09;1;0;99746;45607;11.6;5.3
974;2021-05-10;2412;998;102158;46605;11.9;5.4
974;2021-05-11;3652;1640;105810;48245;12.3;5.6
974;2021-05-12;4721;2397;110531;50642;12.9;5.9
974;2021-05-13;3554;596;114085;51238;13.3;6.0
974;2021-05-14;5268;2510;119353;53748;13.9;6.3
974;2021-05-15;3163;1538;122516;55286;14.2;6.4
974;2021-05-16;15;18;122531;55304;14.2;6.4
974;2021-05-17;2999;1496;125530;56800;14.6;6.6
974;2021-05-18;3758;1792;129288;58592;15.0;6.8
974;2021-05-19;4688;2394;133976;60986;15.6;7.1
974;2021-05-20;5140;2846;139116;63832;16.2;7.4
974;2021-05-21;4991;2636;144107;66468;16.8;7.7
974;2021-05-22;3369;1256;147476;67724;17.1;7.9
974;2021-05-23;5;3;147481;67727;17.1;7.9
974;2021-05-24;3643;1076;151124;68803;17.6;8.0
974;2021-05-25;4246;1911;155370;70714;18.1;8.2
974;2021-05-26;4991;2975;160361;73689;18.6;8.6
974;2021-05-27;4614;4094;164975;77783;19.2;9.0
974;2021-05-28;4379;3827;169354;81610;19.7;9.5
974;2021-05-29;2555;2455;171909;84065;20.0;9.8
974;2021-05-30;8;14;171917;84079;20.0;9.8
974;2021-05-31;2348;2256;174265;86335;20.3;10.0
974;2021-06-01;3302;2725;177567;89060;20.6;10.4
974;2021-06-02;3975;3352;181542;92412;21.1;10.7
974;2021-06-03;4046;3655;185588;96067;21.6;11.2
974;2021-06-04;3848;3750;189436;99817;22.0;11.6
974;2021-06-05;2211;1924;191647;101741;22.3;11.8
974;2021-06-06;1072;132;192719;101873;22.4;11.8
974;2021-06-07;2013;2527;194732;104400;22.6;12.1
974;2021-06-08;2556;3336;197288;107736;22.9;12.5
974;2021-06-09;2982;4780;200270;112516;23.3;13.1
974;2021-06-10;3409;4455;203679;116971;23.7;13.6
974;2021-06-11;2842;4621;206521;121592;24.0;14.1
974;2021-06-12;1728;3376;208249;124968;24.2;14.5
974;2021-06-13;1323;243;209572;125211;24.4;14.6
974;2021-06-14;1491;3183;211063;128394;24.5;14.9
974;2021-06-15;2059;3613;213122;132007;24.8;15.4
974;2021-06-16;2748;4652;215870;136659;25.1;15.9
974;2021-06-17;2518;4897;218388;141556;25.4;16.5
974;2021-06-18;2591;4894;220979;146450;25.7;17.0
974;2021-06-19;1306;3517;222285;149967;25.8;17.4
974;2021-06-20;632;288;222917;150255;25.9;17.5
974;2021-06-21;1266;3233;224183;153488;26.1;17.8
974;2021-06-22;1614;3763;225797;157251;26.3;18.3
974;2021-06-23;2243;4982;228040;162233;26.5;18.9
974;2021-06-24;2283;4069;230323;166302;26.8;19.3
974;2021-06-25;2189;4110;232512;170412;27.0;19.8
974;2021-06-26;1399;2710;233911;173122;27.2;20.1
974;2021-06-27;665;265;234576;173387;27.3;20.2
974;2021-06-28;1306;2483;235882;175870;27.4;20.5
974;2021-06-29;1751;2853;237633;178723;27.6;20.8
974;2021-06-30;2543;3846;240176;182569;27.9;21.2
974;2021-07-01;2660;3830;242836;186399;28.2;21.7
974;2021-07-02;2495;3716;245331;190115;28.5;22.1
974;2021-07-03;1607;2460;246938;192575;28.7;22.4
974;2021-07-04;876;1037;247814;193612;28.8;22.5
974;2021-07-05;1670;2227;249484;195839;29.0;22.8
974;2021-07-06;2537;2533;252021;198372;29.3;23.1
974;2021-07-07;2644;3143;254665;201515;29.6;23.4
974;2021-07-08;2379;3173;257044;204688;29.9;23.8
974;2021-07-09;2739;3425;259783;208113;30.2;24.2
974;2021-07-10;1609;2187;261392;210300;30.4;24.5
974;2021-07-11;727;1020;262119;211320;30.5;24.6
974;2021-07-12;1725;2610;263844;213930;30.7;24.9
974;2021-07-13;4365;3330;268209;217260;31.2;25.3
974;2021-07-14;3264;595;271473;217855;31.6;25.3
974;2021-07-15;5505;3998;276978;221853;32.2;25.8
974;2021-07-16;6185;3285;283163;225138;32.9;26.2
974;2021-07-17;4295;1901;287458;227039;33.4;26.4
974;2021-07-18;2659;752;290117;227791;33.7;26.5
974;2021-07-19;4595;2017;294712;229808;34.3;26.7
974;2021-07-20;6175;2397;300887;232205;35.0;27.0
974;2021-07-21;6663;2835;307550;235040;35.8;27.3
974;2021-07-22;7004;2791;314554;237831;36.6;27.7
974;2021-07-23;6539;2962;321093;240793;37.3;28.0
974;2021-07-24;3726;2029;324819;242822;37.8;28.2
974;2021-07-25;2506;744;327325;243566;38.1;28.3
975;2020-12-27;0;0;0;0;0.0;0.0
975;2020-12-28;0;0;0;0;0.0;0.0
975;2020-12-29;0;0;0;0;0.0;0.0
975;2020-12-30;0;0;0;0;0.0;0.0
975;2020-12-31;0;0;0;0;0.0;0.0
975;2021-01-01;0;0;0;0;0.0;0.0
975;2021-01-02;0;0;0;0;0.0;0.0
975;2021-01-03;0;0;0;0;0.0;0.0
975;2021-01-04;0;0;0;0;0.0;0.0
975;2021-01-05;0;0;0;0;0.0;0.0
975;2021-01-06;0;0;0;0;0.0;0.0
975;2021-01-07;0;0;0;0;0.0;0.0
975;2021-01-08;0;0;0;0;0.0;0.0
975;2021-01-09;0;0;0;0;0.0;0.0
975;2021-01-10;0;0;0;0;0.0;0.0
975;2021-01-11;0;0;0;0;0.0;0.0
975;2021-01-12;0;0;0;0;0.0;0.0
975;2021-01-13;0;0;0;0;0.0;0.0
975;2021-01-14;0;0;0;0;0.0;0.0
975;2021-01-15;0;0;0;0;0.0;0.0
975;2021-01-16;0;0;0;0;0.0;0.0
975;2021-01-17;0;0;0;0;0.0;0.0
975;2021-01-18;0;0;0;0;0.0;0.0
975;2021-01-19;0;0;0;0;0.0;0.0
975;2021-01-20;0;0;0;0;0.0;0.0
975;2021-01-21;0;0;0;0;0.0;0.0
975;2021-01-22;0;0;0;0;0.0;0.0
975;2021-01-23;0;0;0;0;0.0;0.0
975;2021-01-24;0;0;0;0;0.0;0.0
975;2021-01-25;0;0;0;0;0.0;0.0
975;2021-01-26;0;0;0;0;0.0;0.0
975;2021-01-27;0;0;0;0;0.0;0.0
975;2021-01-28;0;0;0;0;0.0;0.0
975;2021-01-29;0;0;0;0;0.0;0.0
975;2021-01-30;0;0;0;0;0.0;0.0
975;2021-01-31;0;0;0;0;0.0;0.0
975;2021-02-01;0;0;0;0;0.0;0.0
975;2021-02-02;0;0;0;0;0.0;0.0
975;2021-02-03;0;0;0;0;0.0;0.0
975;2021-02-04;0;0;0;0;0.0;0.0
975;2021-02-05;0;0;0;0;0.0;0.0
975;2021-02-06;0;0;0;0;0.0;0.0
975;2021-02-07;0;0;0;0;0.0;0.0
975;2021-02-08;0;0;0;0;0.0;0.0
975;2021-02-09;0;0;0;0;0.0;0.0
975;2021-02-10;0;0;0;0;0.0;0.0
975;2021-02-11;0;0;0;0;0.0;0.0
975;2021-02-12;0;0;0;0;0.0;0.0
975;2021-02-13;0;0;0;0;0.0;0.0
975;2021-02-14;0;0;0;0;0.0;0.0
975;2021-02-15;0;0;0;0;0.0;0.0
975;2021-02-16;0;0;0;0;0.0;0.0
975;2021-02-17;0;0;0;0;0.0;0.0
975;2021-02-18;0;0;0;0;0.0;0.0
975;2021-02-19;0;0;0;0;0.0;0.0
975;2021-02-20;0;0;0;0;0.0;0.0
975;2021-02-21;0;0;0;0;0.0;0.0
975;2021-02-22;0;0;0;0;0.0;0.0
975;2021-02-23;0;0;0;0;0.0;0.0
975;2021-02-24;0;0;0;0;0.0;0.0
975;2021-02-25;0;0;0;0;0.0;0.0
975;2021-02-26;0;0;0;0;0.0;0.0
975;2021-02-27;0;0;0;0;0.0;0.0
975;2021-02-28;0;0;0;0;0.0;0.0
975;2021-03-01;0;0;0;0;0.0;0.0
975;2021-03-02;0;0;0;0;0.0;0.0
975;2021-03-03;0;0;0;0;0.0;0.0
975;2021-03-04;0;0;0;0;0.0;0.0
975;2021-03-05;0;0;0;0;0.0;0.0
975;2021-03-06;0;0;0;0;0.0;0.0
975;2021-03-07;0;0;0;0;0.0;0.0
975;2021-03-08;0;0;0;0;0.0;0.0
975;2021-03-09;0;0;0;0;0.0;0.0
975;2021-03-10;0;0;0;0;0.0;0.0
975;2021-03-11;0;0;0;0;0.0;0.0
975;2021-03-12;0;0;0;0;0.0;0.0
975;2021-03-13;0;0;0;0;0.0;0.0
975;2021-03-14;0;0;0;0;0.0;0.0
975;2021-03-15;0;0;0;0;0.0;0.0
975;2021-03-16;0;0;0;0;0.0;0.0
975;2021-03-17;0;0;0;0;0.0;0.0
975;2021-03-18;0;0;0;0;0.0;0.0
975;2021-03-19;0;0;0;0;0.0;0.0
975;2021-03-20;0;0;0;0;0.0;0.0
975;2021-03-21;0;0;0;0;0.0;0.0
975;2021-03-22;0;0;0;0;0.0;0.0
975;2021-03-23;0;0;0;0;0.0;0.0
975;2021-03-24;0;0;0;0;0.0;0.0
975;2021-03-25;0;0;0;0;0.0;0.0
975;2021-03-26;0;0;0;0;0.0;0.0
975;2021-03-27;0;0;0;0;0.0;0.0
975;2021-03-28;0;0;0;0;0.0;0.0
975;2021-03-29;2;0;2;0;0.0;0.0
975;2021-03-30;0;0;2;0;0.0;0.0
975;2021-03-31;0;0;2;0;0.0;0.0
975;2021-04-01;0;0;2;0;0.0;0.0
975;2021-04-02;0;0;2;0;0.0;0.0
975;2021-04-03;0;0;2;0;0.0;0.0
975;2021-04-04;0;0;2;0;0.0;0.0
975;2021-04-05;0;0;2;0;0.0;0.0
975;2021-04-06;0;0;2;0;0.0;0.0
975;2021-04-07;0;0;2;0;0.0;0.0
975;2021-04-08;1;0;3;0;0.1;0.0
975;2021-04-09;0;0;3;0;0.1;0.0
975;2021-04-10;0;0;3;0;0.1;0.0
975;2021-04-11;0;0;3;0;0.1;0.0
975;2021-04-12;0;0;3;0;0.1;0.0
975;2021-04-13;0;0;3;0;0.1;0.0
975;2021-04-14;0;0;3;0;0.1;0.0
975;2021-04-15;0;0;3;0;0.1;0.0
975;2021-04-16;0;0;3;0;0.1;0.0
975;2021-04-17;0;0;3;0;0.1;0.0
975;2021-04-18;0;0;3;0;0.1;0.0
975;2021-04-19;0;0;3;0;0.1;0.0
975;2021-04-20;0;0;3;0;0.1;0.0
975;2021-04-21;0;0;3;0;0.1;0.0
975;2021-04-22;0;0;3;0;0.1;0.0
975;2021-04-23;0;0;3;0;0.1;0.0
975;2021-04-24;0;0;3;0;0.1;0.0
975;2021-04-25;0;0;3;0;0.1;0.0
975;2021-04-26;0;0;3;0;0.1;0.0
975;2021-04-27;0;0;3;0;0.1;0.0
975;2021-04-28;0;0;3;0;0.1;0.0
975;2021-04-29;0;0;3;0;0.1;0.0
975;2021-04-30;0;0;3;0;0.1;0.0
975;2021-05-01;0;0;3;0;0.1;0.0
975;2021-05-02;0;0;3;0;0.1;0.0
975;2021-05-03;0;0;3;0;0.1;0.0
975;2021-05-04;0;0;3;0;0.1;0.0
975;2021-05-05;0;0;3;0;0.1;0.0
975;2021-05-06;0;0;3;0;0.1;0.0
975;2021-05-07;0;0;3;0;0.1;0.0
975;2021-05-08;0;0;3;0;0.1;0.0
975;2021-05-09;0;0;3;0;0.1;0.0
975;2021-05-10;0;0;3;0;0.1;0.0
975;2021-05-11;0;0;3;0;0.1;0.0
975;2021-05-12;0;0;3;0;0.1;0.0
975;2021-05-13;0;0;3;0;0.1;0.0
975;2021-05-14;0;0;3;0;0.1;0.0
975;2021-05-15;0;0;3;0;0.1;0.0
975;2021-05-16;0;0;3;0;0.1;0.0
975;2021-05-17;0;0;3;0;0.1;0.0
975;2021-05-18;0;0;3;0;0.1;0.0
975;2021-05-19;0;0;3;0;0.1;0.0
975;2021-05-20;0;0;3;0;0.1;0.0
975;2021-05-21;0;0;3;0;0.1;0.0
975;2021-05-22;0;0;3;0;0.1;0.0
975;2021-05-23;0;0;3;0;0.1;0.0
975;2021-05-24;0;0;3;0;0.1;0.0
975;2021-05-25;0;0;3;0;0.1;0.0
975;2021-05-26;0;0;3;0;0.1;0.0
975;2021-05-27;0;0;3;0;0.1;0.0
975;2021-05-28;0;0;3;0;0.1;0.0
975;2021-05-29;0;2;3;2;0.1;0.0
975;2021-05-30;0;0;3;2;0.1;0.0
975;2021-05-31;0;0;3;2;0.1;0.0
975;2021-06-01;0;0;3;2;0.1;0.0
975;2021-06-02;0;0;3;2;0.1;0.0
975;2021-06-03;0;0;3;2;0.1;0.0
975;2021-06-04;0;0;3;2;0.1;0.0
975;2021-06-05;0;0;3;2;0.1;0.0
975;2021-06-06;0;0;3;2;0.1;0.0
975;2021-06-07;0;0;3;2;0.1;0.0
975;2021-06-08;0;0;3;2;0.1;0.0
975;2021-06-09;0;0;3;2;0.1;0.0
975;2021-06-10;0;0;3;2;0.1;0.0
975;2021-06-11;0;0;3;2;0.1;0.0
975;2021-06-12;0;0;3;2;0.1;0.0
975;2021-06-13;0;0;3;2;0.1;0.0
975;2021-06-14;0;0;3;2;0.1;0.0
975;2021-06-15;0;0;3;2;0.1;0.0
975;2021-06-16;0;0;3;2;0.1;0.0
975;2021-06-17;0;0;3;2;0.1;0.0
975;2021-06-18;0;0;3;2;0.1;0.0
975;2021-06-19;0;0;3;2;0.1;0.0
975;2021-06-20;0;0;3;2;0.1;0.0
975;2021-06-21;1;0;4;2;0.1;0.0
975;2021-06-22;0;0;4;2;0.1;0.0
975;2021-06-23;0;0;4;2;0.1;0.0
975;2021-06-24;0;0;4;2;0.1;0.0
975;2021-06-25;0;0;4;2;0.1;0.0
975;2021-06-26;0;0;4;2;0.1;0.0
975;2021-06-27;0;0;4;2;0.1;0.0
975;2021-06-28;0;0;4;2;0.1;0.0
975;2021-06-29;0;0;4;2;0.1;0.0
975;2021-06-30;0;0;4;2;0.1;0.0
975;2021-07-01;0;0;4;2;0.1;0.0
975;2021-07-02;0;0;4;2;0.1;0.0
975;2021-07-03;0;0;4;2;0.1;0.0
975;2021-07-04;0;0;4;2;0.1;0.0
975;2021-07-05;0;0;4;2;0.1;0.0
975;2021-07-06;0;0;4;2;0.1;0.0
975;2021-07-07;0;0;4;2;0.1;0.0
975;2021-07-08;0;0;4;2;0.1;0.0
975;2021-07-09;0;0;4;2;0.1;0.0
975;2021-07-10;0;0;4;2;0.1;0.0
975;2021-07-11;0;0;4;2;0.1;0.0
975;2021-07-12;0;0;4;2;0.1;0.0
975;2021-07-13;0;0;4;2;0.1;0.0
975;2021-07-14;0;0;4;2;0.1;0.0
975;2021-07-15;0;0;4;2;0.1;0.0
975;2021-07-16;0;0;4;2;0.1;0.0
975;2021-07-17;0;0;4;2;0.1;0.0
975;2021-07-18;0;0;4;2;0.1;0.0
975;2021-07-19;0;0;4;2;0.1;0.0
975;2021-07-20;0;0;4;2;0.1;0.0
975;2021-07-21;0;0;4;2;0.1;0.0
975;2021-07-22;0;0;4;2;0.1;0.0
975;2021-07-23;0;0;4;2;0.1;0.0
975;2021-07-24;0;0;4;2;0.1;0.0
975;2021-07-25;0;0;4;2;0.1;0.0
976;2020-12-27;0;0;0;0;0.0;0.0
976;2020-12-28;0;0;0;0;0.0;0.0
976;2020-12-29;0;0;0;0;0.0;0.0
976;2020-12-30;0;0;0;0;0.0;0.0
976;2020-12-31;0;0;0;0;0.0;0.0
976;2021-01-01;0;0;0;0;0.0;0.0
976;2021-01-02;0;0;0;0;0.0;0.0
976;2021-01-03;0;0;0;0;0.0;0.0
976;2021-01-04;0;0;0;0;0.0;0.0
976;2021-01-05;0;0;0;0;0.0;0.0
976;2021-01-06;0;0;0;0;0.0;0.0
976;2021-01-07;0;0;0;0;0.0;0.0
976;2021-01-08;0;0;0;0;0.0;0.0
976;2021-01-09;0;0;0;0;0.0;0.0
976;2021-01-10;0;0;0;0;0.0;0.0
976;2021-01-11;9;0;9;0;0.0;0.0
976;2021-01-12;0;0;9;0;0.0;0.0
976;2021-01-13;0;0;9;0;0.0;0.0
976;2021-01-14;0;0;9;0;0.0;0.0
976;2021-01-15;1;0;10;0;0.0;0.0
976;2021-01-16;1;0;11;0;0.0;0.0
976;2021-01-17;0;0;11;0;0.0;0.0
976;2021-01-18;1;0;12;0;0.0;0.0
976;2021-01-19;0;0;12;0;0.0;0.0
976;2021-01-20;0;0;12;0;0.0;0.0
976;2021-01-21;0;0;12;0;0.0;0.0
976;2021-01-22;0;0;12;0;0.0;0.0
976;2021-01-23;1;0;13;0;0.0;0.0
976;2021-01-24;0;0;13;0;0.0;0.0
976;2021-01-25;141;1;154;1;0.1;0.0
976;2021-01-26;165;3;319;4;0.1;0.0
976;2021-01-27;251;2;570;6;0.2;0.0
976;2021-01-28;102;7;672;13;0.2;0.0
976;2021-01-29;231;2;903;15;0.3;0.0
976;2021-01-30;285;11;1188;26;0.4;0.0
976;2021-01-31;1;0;1189;26;0.4;0.0
976;2021-02-01;160;0;1349;26;0.5;0.0
976;2021-02-02;330;8;1679;34;0.6;0.0
976;2021-02-03;228;2;1907;36;0.7;0.0
976;2021-02-04;216;9;2123;45;0.8;0.0
976;2021-02-05;214;1;2337;46;0.8;0.0
976;2021-02-06;83;10;2420;56;0.9;0.0
976;2021-02-07;0;0;2420;56;0.9;0.0
976;2021-02-08;82;3;2502;59;0.9;0.0
976;2021-02-09;194;0;2696;59;1.0;0.0
976;2021-02-10;187;3;2883;62;1.0;0.0
976;2021-02-11;236;3;3119;65;1.1;0.0
976;2021-02-12;287;4;3406;69;1.2;0.0
976;2021-02-13;56;0;3462;69;1.2;0.0
976;2021-02-14;1;0;3463;69;1.2;0.0
976;2021-02-15;359;6;3822;75;1.4;0.0
976;2021-02-16;266;8;4088;83;1.5;0.0
976;2021-02-17;167;6;4255;89;1.5;0.0
976;2021-02-18;217;12;4472;101;1.6;0.0
976;2021-02-19;236;24;4708;125;1.7;0.0
976;2021-02-20;139;8;4847;133;1.7;0.0
976;2021-02-21;0;0;4847;133;1.7;0.0
976;2021-02-22;130;122;4977;255;1.8;0.1
976;2021-02-23;185;155;5162;410;1.8;0.1
976;2021-02-24;176;145;5338;555;1.9;0.2
976;2021-02-25;227;277;5565;832;2.0;0.3
976;2021-02-26;242;246;5807;1078;2.1;0.4
976;2021-02-27;0;0;5807;1078;2.1;0.4
976;2021-02-28;0;0;5807;1078;2.1;0.4
976;2021-03-01;145;259;5952;1337;2.1;0.5
976;2021-03-02;228;259;6180;1596;2.2;0.6
976;2021-03-03;202;189;6382;1785;2.3;0.6
976;2021-03-04;205;142;6587;1927;2.4;0.7
976;2021-03-05;224;113;6811;2040;2.4;0.7
976;2021-03-06;1;0;6812;2040;2.4;0.7
976;2021-03-07;0;0;6812;2040;2.4;0.7
976;2021-03-08;189;110;7001;2150;2.5;0.8
976;2021-03-09;392;160;7393;2310;2.6;0.8
976;2021-03-10;180;178;7573;2488;2.7;0.9
976;2021-03-11;167;207;7740;2695;2.8;1.0
976;2021-03-12;237;292;7977;2987;2.9;1.1
976;2021-03-13;2;0;7979;2987;2.9;1.1
976;2021-03-14;0;0;7979;2987;2.9;1.1
976;2021-03-15;157;293;8136;3280;2.9;1.2
976;2021-03-16;236;223;8372;3503;3.0;1.3
976;2021-03-17;264;143;8636;3646;3.1;1.3
976;2021-03-18;173;235;8809;3881;3.2;1.4
976;2021-03-19;172;298;8981;4179;3.2;1.5
976;2021-03-20;0;0;8981;4179;3.2;1.5
976;2021-03-21;0;0;8981;4179;3.2;1.5
976;2021-03-22;98;136;9079;4315;3.2;1.5
976;2021-03-23;136;240;9215;4555;3.3;1.6
976;2021-03-24;160;146;9375;4701;3.4;1.7
976;2021-03-25;186;206;9561;4907;3.4;1.8
976;2021-03-26;160;211;9721;5118;3.5;1.8
976;2021-03-27;18;0;9739;5118;3.5;1.8
976;2021-03-28;0;0;9739;5118;3.5;1.8
976;2021-03-29;0;2;9739;5120;3.5;1.8
976;2021-03-30;272;334;10011;5454;3.6;2.0
976;2021-03-31;225;125;10236;5579;3.7;2.0
976;2021-04-01;244;103;10480;5682;3.7;2.0
976;2021-04-02;288;263;10768;5945;3.9;2.1
976;2021-04-03;906;307;11674;6252;4.2;2.2
976;2021-04-04;1;0;11675;6252;4.2;2.2
976;2021-04-05;1;0;11676;6252;4.2;2.2
976;2021-04-06;162;278;11838;6530;4.2;2.3
976;2021-04-07;237;267;12075;6797;4.3;2.4
976;2021-04-08;286;140;12361;6937;4.4;2.5
976;2021-04-09;248;171;12609;7108;4.5;2.5
976;2021-04-10;181;114;12790;7222;4.6;2.6
976;2021-04-11;7;0;12797;7222;4.6;2.6
976;2021-04-12;0;19;12797;7241;4.6;2.6
976;2021-04-13;394;344;13191;7585;4.7;2.7
976;2021-04-14;239;205;13430;7790;4.8;2.8
976;2021-04-15;207;117;13637;7907;4.9;2.8
976;2021-04-16;214;127;13851;8034;5.0;2.9
976;2021-04-17;226;131;14077;8165;5.0;2.9
976;2021-04-18;1;0;14078;8165;5.0;2.9
976;2021-04-19;7;1;14085;8166;5.0;2.9
976;2021-04-20;369;224;14454;8390;5.2;3.0
976;2021-04-21;413;150;14867;8540;5.3;3.1
976;2021-04-22;410;151;15277;8691;5.5;3.1
976;2021-04-23;367;166;15644;8857;5.6;3.2
976;2021-04-24;413;128;16057;8985;5.7;3.2
976;2021-04-25;2;0;16059;8985;5.7;3.2
976;2021-04-26;54;8;16113;8993;5.8;3.2
976;2021-04-27;351;293;16464;9286;5.9;3.3
976;2021-04-28;355;515;16819;9801;6.0;3.5
976;2021-04-29;559;344;17378;10145;6.2;3.6
976;2021-04-30;404;238;17782;10383;6.4;3.7
976;2021-05-01;671;285;18453;10668;6.6;3.8
976;2021-05-02;0;0;18453;10668;6.6;3.8
976;2021-05-03;140;6;18593;10674;6.7;3.8
976;2021-05-04;353;426;18946;11100;6.8;4.0
976;2021-05-05;447;318;19393;11418;6.9;4.1
976;2021-05-06;320;201;19713;11619;7.1;4.2
976;2021-05-07;341;133;20054;11752;7.2;4.2
976;2021-05-08;301;139;20355;11891;7.3;4.3
976;2021-05-09;0;0;20355;11891;7.3;4.3
976;2021-05-10;9;9;20364;11900;7.3;4.3
976;2021-05-11;361;488;20725;12388;7.4;4.4
976;2021-05-12;333;310;21058;12698;7.5;4.5
976;2021-05-13;127;97;21185;12795;7.6;4.6
976;2021-05-14;0;0;21185;12795;7.6;4.6
976;2021-05-15;485;283;21670;13078;7.8;4.7
976;2021-05-16;1;0;21671;13078;7.8;4.7
976;2021-05-17;123;51;21794;13129;7.8;4.7
976;2021-05-18;516;430;22310;13559;8.0;4.9
976;2021-05-19;650;663;22960;14222;8.2;5.1
976;2021-05-20;1054;496;24014;14718;8.6;5.3
976;2021-05-21;1046;314;25060;15032;9.0;5.4
976;2021-05-22;1242;299;26302;15331;9.4;5.5
976;2021-05-23;0;0;26302;15331;9.4;5.5
976;2021-05-24;1;0;26303;15331;9.4;5.5
976;2021-05-25;886;623;27189;15954;9.7;5.7
976;2021-05-26;1036;841;28225;16795;10.1;6.0
976;2021-05-27;1320;510;29545;17305;10.6;6.2
976;2021-05-28;957;374;30502;17679;10.9;6.3
976;2021-05-29;1130;391;31632;18070;11.3;6.5
976;2021-05-30;0;1;31632;18071;11.3;6.5
976;2021-05-31;105;6;31737;18077;11.4;6.5
976;2021-06-01;1149;651;32886;18728;11.8;6.7
976;2021-06-02;1222;530;34108;19258;12.2;6.9
976;2021-06-03;807;352;34915;19610;12.5;7.0
976;2021-06-04;997;321;35912;19931;12.8;7.1
976;2021-06-05;675;300;36587;20231;13.1;7.2
976;2021-06-06;1;0;36588;20231;13.1;7.2
976;2021-06-07;89;12;36677;20243;13.1;7.2
976;2021-06-08;955;444;37632;20687;13.5;7.4
976;2021-06-09;972;551;38604;21238;13.8;7.6
976;2021-06-10;692;230;39296;21468;14.1;7.7
976;2021-06-11;847;366;40143;21834;14.4;7.8
976;2021-06-12;581;276;40724;22110;14.6;7.9
976;2021-06-13;1;0;40725;22110;14.6;7.9
976;2021-06-14;186;112;40911;22222;14.6;8.0
976;2021-06-15;412;839;41323;23061;14.8;8.3
976;2021-06-16;889;1441;42212;24502;15.1;8.8
976;2021-06-17;773;656;42985;25158;15.4;9.0
976;2021-06-18;705;621;43690;25779;15.6;9.2
976;2021-06-19;535;643;44225;26422;15.8;9.5
976;2021-06-20;1;0;44226;26422;15.8;9.5
976;2021-06-21;126;130;44352;26552;15.9;9.5
976;2021-06-22;429;1150;44781;27702;16.0;9.9
976;2021-06-23;658;1185;45439;28887;16.3;10.3
976;2021-06-24;465;544;45904;29431;16.4;10.5
976;2021-06-25;536;474;46440;29905;16.6;10.7
976;2021-06-26;388;689;46828;30594;16.8;10.9
976;2021-06-27;0;0;46828;30594;16.8;10.9
976;2021-06-28;100;191;46928;30785;16.8;11.0
976;2021-06-29;669;974;47597;31759;17.0;11.4
976;2021-06-30;651;945;48248;32704;17.3;11.7
976;2021-07-01;561;543;48809;33247;17.5;11.9
976;2021-07-02;445;424;49254;33671;17.6;12.0
976;2021-07-03;434;413;49688;34084;17.8;12.2
976;2021-07-04;1;0;49689;34084;17.8;12.2
976;2021-07-05;114;225;49803;34309;17.8;12.3
976;2021-07-06;494;856;50297;35165;18.0;12.6
976;2021-07-07;754;1001;51051;36166;18.3;12.9
976;2021-07-08;792;628;51843;36794;18.6;13.2
976;2021-07-09;782;514;52625;37308;18.8;13.3
976;2021-07-10;434;315;53059;37623;19.0;13.5
976;2021-07-11;0;0;53059;37623;19.0;13.5
976;2021-07-12;160;171;53219;37794;19.0;13.5
976;2021-07-13;829;993;54048;38787;19.3;13.9
976;2021-07-14;0;5;54048;38792;19.3;13.9
976;2021-07-15;1203;806;55251;39598;19.8;14.2
976;2021-07-16;1284;648;56535;40246;20.2;14.4
976;2021-07-17;1032;366;57567;40612;20.6;14.5
976;2021-07-18;0;0;57567;40612;20.6;14.5
976;2021-07-19;203;133;57770;40745;20.7;14.6
976;2021-07-20;1149;864;58919;41609;21.1;14.9
976;2021-07-21;32;28;58951;41637;21.1;14.9
976;2021-07-22;1118;649;60069;42286;21.5;15.1
976;2021-07-23;1197;529;61266;42815;21.9;15.3
976;2021-07-24;842;432;62108;43247;22.2;15.5
976;2021-07-25;0;0;62108;43247;22.2;15.5
977;2020-12-27;0;0;0;0;0.0;0.0
977;2020-12-28;0;0;0;0;0.0;0.0
977;2020-12-29;0;0;0;0;0.0;0.0
977;2020-12-30;0;0;0;0;0.0;0.0
977;2020-12-31;0;0;0;0;0.0;0.0
977;2021-01-01;0;0;0;0;0.0;0.0
977;2021-01-02;0;0;0;0;0.0;0.0
977;2021-01-03;0;0;0;0;0.0;0.0
977;2021-01-04;0;0;0;0;0.0;0.0
977;2021-01-05;0;0;0;0;0.0;0.0
977;2021-01-06;0;0;0;0;0.0;0.0
977;2021-01-07;0;0;0;0;0.0;0.0
977;2021-01-08;0;0;0;0;0.0;0.0
977;2021-01-09;0;0;0;0;0.0;0.0
977;2021-01-10;0;0;0;0;0.0;0.0
977;2021-01-11;0;0;0;0;0.0;0.0
977;2021-01-12;0;0;0;0;0.0;0.0
977;2021-01-13;0;0;0;0;0.0;0.0
977;2021-01-14;0;0;0;0;0.0;0.0
977;2021-01-15;0;0;0;0;0.0;0.0
977;2021-01-16;0;0;0;0;0.0;0.0
977;2021-01-17;0;0;0;0;0.0;0.0
977;2021-01-18;1;0;1;0;0.0;0.0
977;2021-01-19;0;0;1;0;0.0;0.0
977;2021-01-20;0;0;1;0;0.0;0.0
977;2021-01-21;12;0;13;0;0.1;0.0
977;2021-01-22;12;0;25;0;0.3;0.0
977;2021-01-23;0;0;25;0;0.3;0.0
977;2021-01-24;0;0;25;0;0.3;0.0
977;2021-01-25;0;0;25;0;0.3;0.0
977;2021-01-26;0;0;25;0;0.3;0.0
977;2021-01-27;12;0;37;0;0.4;0.0
977;2021-01-28;1;0;38;0;0.4;0.0
977;2021-01-29;6;0;44;0;0.4;0.0
977;2021-01-30;0;0;44;0;0.4;0.0
977;2021-01-31;0;0;44;0;0.4;0.0
977;2021-02-01;0;0;44;0;0.4;0.0
977;2021-02-02;0;0;44;0;0.4;0.0
977;2021-02-03;11;0;55;0;0.6;0.0
977;2021-02-04;12;0;67;0;0.7;0.0
977;2021-02-05;11;0;78;0;0.8;0.0
977;2021-02-06;0;0;78;0;0.8;0.0
977;2021-02-07;0;0;78;0;0.8;0.0
977;2021-02-08;0;0;78;0;0.8;0.0
977;2021-02-09;13;0;91;0;0.9;0.0
977;2021-02-10;0;0;91;0;0.9;0.0
977;2021-02-11;17;0;108;0;1.1;0.0
977;2021-02-12;45;0;153;0;1.5;0.0
977;2021-02-13;0;0;153;0;1.5;0.0
977;2021-02-14;0;0;153;0;1.5;0.0
977;2021-02-15;0;0;153;0;1.5;0.0
977;2021-02-16;0;0;153;0;1.5;0.0
977;2021-02-17;0;0;153;0;1.5;0.0
977;2021-02-18;18;0;171;0;1.7;0.0
977;2021-02-19;35;0;206;0;2.1;0.0
977;2021-02-20;0;0;206;0;2.1;0.0
977;2021-02-21;0;0;206;0;2.1;0.0
977;2021-02-22;0;0;206;0;2.1;0.0
977;2021-02-23;0;22;206;22;2.1;0.2
977;2021-02-24;0;0;206;22;2.1;0.2
977;2021-02-25;15;10;221;32;2.2;0.3
977;2021-02-26;33;20;254;52;2.5;0.5
977;2021-02-27;0;0;254;52;2.5;0.5
977;2021-02-28;0;0;254;52;2.5;0.5
977;2021-03-01;0;0;254;52;2.5;0.5
977;2021-03-02;17;11;271;63;2.7;0.6
977;2021-03-03;0;0;271;63;2.7;0.6
977;2021-03-04;16;12;287;75;2.9;0.8
977;2021-03-05;33;19;320;94;3.2;0.9
977;2021-03-06;0;0;320;94;3.2;0.9
977;2021-03-07;0;0;320;94;3.2;0.9
977;2021-03-08;0;0;320;94;3.2;0.9
977;2021-03-09;1;0;321;94;3.2;0.9
977;2021-03-10;0;0;321;94;3.2;0.9
977;2021-03-11;20;30;341;124;3.4;1.2
977;2021-03-12;62;41;403;165;4.0;1.7
977;2021-03-13;0;0;403;165;4.0;1.7
977;2021-03-14;0;0;403;165;4.0;1.7
977;2021-03-15;0;0;403;165;4.0;1.7
977;2021-03-16;30;9;433;174;4.3;1.7
977;2021-03-17;0;0;433;174;4.3;1.7
977;2021-03-18;30;16;463;190;4.6;1.9
977;2021-03-19;55;30;518;220;5.2;2.2
977;2021-03-20;0;0;518;220;5.2;2.2
977;2021-03-21;0;0;518;220;5.2;2.2
977;2021-03-22;0;0;518;220;5.2;2.2
977;2021-03-23;0;0;518;220;5.2;2.2
977;2021-03-24;0;0;518;220;5.2;2.2
977;2021-03-25;65;17;583;237;5.9;2.4
977;2021-03-26;73;26;656;263;6.6;2.6
977;2021-03-27;0;0;656;263;6.6;2.6
977;2021-03-28;0;0;656;263;6.6;2.6
977;2021-03-29;0;0;656;263;6.6;2.6
977;2021-03-30;40;18;696;281;7.0;2.8
977;2021-03-31;26;15;722;296;7.2;3.0
977;2021-04-01;25;32;747;328;7.5;3.3
977;2021-04-02;0;0;747;328;7.5;3.3
977;2021-04-03;0;0;747;328;7.5;3.3
977;2021-04-04;0;0;747;328;7.5;3.3
977;2021-04-05;9;0;756;328;7.6;3.3
977;2021-04-06;0;0;756;328;7.6;3.3
977;2021-04-07;0;0;756;328;7.6;3.3
977;2021-04-08;57;46;813;374;8.2;3.8
977;2021-04-09;59;31;872;405;8.8;4.1
977;2021-04-10;0;0;872;405;8.8;4.1
977;2021-04-11;0;0;872;405;8.8;4.1
977;2021-04-12;0;0;872;405;8.8;4.1
977;2021-04-13;0;0;872;405;8.8;4.1
977;2021-04-14;5;6;877;411;8.8;4.1
977;2021-04-15;56;71;933;482;9.4;4.8
977;2021-04-16;90;35;1023;517;10.3;5.2
977;2021-04-17;0;1;1023;518;10.3;5.2
977;2021-04-18;0;0;1023;518;10.3;5.2
977;2021-04-19;1;0;1024;518;10.3;5.2
977;2021-04-20;335;66;1359;584;13.6;5.9
977;2021-04-21;337;29;1696;613;17.0;6.2
977;2021-04-22;284;50;1980;663;19.9;6.7
977;2021-04-23;259;42;2239;705;22.5;7.1
977;2021-04-24;231;1;2470;706;24.8;7.1
977;2021-04-25;0;0;2470;706;24.8;7.1
977;2021-04-26;283;20;2753;726;27.6;7.3
977;2021-04-27;224;69;2977;795;29.9;8.0
977;2021-04-28;192;26;3169;821;31.8;8.2
977;2021-04-29;170;22;3339;843;33.5;8.5
977;2021-04-30;172;16;3511;859;35.2;8.6
977;2021-05-01;202;12;3713;871;37.3;8.7
977;2021-05-02;0;0;3713;871;37.3;8.7
977;2021-05-03;135;9;3848;880;38.6;8.8
977;2021-05-04;161;53;4009;933;40.2;9.4
977;2021-05-05;221;30;4230;963;42.5;9.7
977;2021-05-06;175;33;4405;996;44.2;10.0
977;2021-05-07;149;31;4554;1027;45.7;10.3
977;2021-05-08;1;0;4555;1027;45.7;10.3
977;2021-05-09;0;2;4555;1029;45.7;10.3
977;2021-05-10;0;0;4555;1029;45.7;10.3
977;2021-05-11;3;41;4558;1070;45.8;10.7
977;2021-05-12;6;36;4564;1106;45.8;11.1
977;2021-05-13;0;0;4564;1106;45.8;11.1
977;2021-05-14;28;98;4592;1204;46.1;12.1
977;2021-05-15;0;0;4592;1204;46.1;12.1
977;2021-05-16;1;0;4593;1204;46.1;12.1
977;2021-05-17;1;14;4594;1218;46.1;12.2
977;2021-05-18;17;32;4611;1250;46.3;12.5
977;2021-05-19;0;1;4611;1251;46.3;12.6
977;2021-05-20;0;8;4611;1259;46.3;12.6
977;2021-05-21;12;32;4623;1291;46.4;13.0
977;2021-05-22;0;0;4623;1291;46.4;13.0
977;2021-05-23;0;0;4623;1291;46.4;13.0
977;2021-05-24;0;0;4623;1291;46.4;13.0
977;2021-05-25;50;333;4673;1624;46.9;16.3
977;2021-05-26;54;360;4727;1984;47.5;19.9
977;2021-05-27;34;317;4761;2301;47.8;23.1
977;2021-05-28;27;256;4788;2557;48.1;25.7
977;2021-05-29;35;375;4823;2932;48.4;29.4
977;2021-05-30;1;0;4824;2932;48.4;29.4
977;2021-05-31;45;217;4869;3149;48.9;31.6
977;2021-06-01;48;227;4917;3376;49.4;33.9
977;2021-06-02;69;274;4986;3650;50.1;36.6
977;2021-06-03;41;252;5027;3902;50.5;39.2
977;2021-06-04;78;273;5105;4175;51.2;41.9
977;2021-06-05;1;0;5106;4175;51.3;41.9
977;2021-06-06;0;0;5106;4175;51.3;41.9
977;2021-06-07;1;1;5107;4176;51.3;41.9
977;2021-06-08;3;2;5110;4178;51.3;41.9
977;2021-06-09;0;3;5110;4181;51.3;42.0
977;2021-06-10;8;4;5118;4185;51.4;42.0
977;2021-06-11;4;8;5122;4193;51.4;42.1
977;2021-06-12;16;59;5138;4252;51.6;42.7
977;2021-06-13;0;0;5138;4252;51.6;42.7
977;2021-06-14;0;0;5138;4252;51.6;42.7
977;2021-06-15;0;1;5138;4253;51.6;42.7
977;2021-06-16;0;0;5138;4253;51.6;42.7
977;2021-06-17;2;6;5140;4259;51.6;42.8
977;2021-06-18;0;2;5140;4261;51.6;42.8
977;2021-06-19;25;49;5165;4310;51.9;43.3
977;2021-06-20;0;0;5165;4310;51.9;43.3
977;2021-06-21;0;2;5165;4312;51.9;43.3
977;2021-06-22;8;0;5173;4312;51.9;43.3
977;2021-06-23;15;9;5188;4321;52.1;43.4
977;2021-06-24;10;5;5198;4326;52.2;43.4
977;2021-06-25;0;0;5198;4326;52.2;43.4
977;2021-06-26;25;45;5223;4371;52.4;43.9
977;2021-06-27;0;0;5223;4371;52.4;43.9
977;2021-06-28;0;0;5223;4371;52.4;43.9
977;2021-06-29;0;0;5223;4371;52.4;43.9
977;2021-06-30;0;0;5223;4371;52.4;43.9
977;2021-07-01;26;34;5249;4405;52.7;44.2
977;2021-07-02;26;32;5275;4437;53.0;44.5
977;2021-07-03;27;212;5302;4649;53.2;46.7
977;2021-07-04;0;0;5302;4649;53.2;46.7
977;2021-07-05;4;8;5306;4657;53.3;46.8
977;2021-07-06;0;0;5306;4657;53.3;46.8
977;2021-07-07;8;0;5314;4657;53.3;46.8
977;2021-07-08;33;23;5347;4680;53.7;47.0
977;2021-07-09;23;34;5370;4714;53.9;47.3
977;2021-07-10;31;43;5401;4757;54.2;47.8
977;2021-07-11;0;0;5401;4757;54.2;47.8
977;2021-07-12;0;1;5401;4758;54.2;47.8
977;2021-07-13;10;9;5411;4767;54.3;47.9
977;2021-07-14;0;0;5411;4767;54.3;47.9
977;2021-07-15;1;11;5412;4778;54.3;48.0
977;2021-07-16;44;50;5456;4828;54.8;48.5
977;2021-07-17;34;36;5490;4864;55.1;48.8
977;2021-07-18;0;0;5490;4864;55.1;48.8
977;2021-07-19;3;2;5493;4866;55.1;48.9
977;2021-07-20;3;1;5496;4867;55.2;48.9
977;2021-07-21;33;16;5529;4883;55.5;49.0
977;2021-07-22;35;33;5564;4916;55.9;49.4
977;2021-07-23;32;28;5596;4944;56.2;49.6
977;2021-07-24;43;26;5639;4970;56.6;49.9
977;2021-07-25;0;0;5639;4970;56.6;49.9
978;2020-12-27;0;0;0;0;0.0;0.0
978;2020-12-28;0;0;0;0;0.0;0.0
978;2020-12-29;0;0;0;0;0.0;0.0
978;2020-12-30;0;0;0;0;0.0;0.0
978;2020-12-31;0;0;0;0;0.0;0.0
978;2021-01-01;0;0;0;0;0.0;0.0
978;2021-01-02;0;0;0;0;0.0;0.0
978;2021-01-03;0;0;0;0;0.0;0.0
978;2021-01-04;0;0;0;0;0.0;0.0
978;2021-01-05;0;0;0;0;0.0;0.0
978;2021-01-06;0;0;0;0;0.0;0.0
978;2021-01-07;0;0;0;0;0.0;0.0
978;2021-01-08;0;0;0;0;0.0;0.0
978;2021-01-09;0;0;0;0;0.0;0.0
978;2021-01-10;0;0;0;0;0.0;0.0
978;2021-01-11;0;0;0;0;0.0;0.0
978;2021-01-12;0;0;0;0;0.0;0.0
978;2021-01-13;10;0;10;0;0.0;0.0
978;2021-01-14;12;0;22;0;0.1;0.0
978;2021-01-15;9;0;31;0;0.1;0.0
978;2021-01-16;0;0;31;0;0.1;0.0
978;2021-01-17;0;0;31;0;0.1;0.0
978;2021-01-18;0;0;31;0;0.1;0.0
978;2021-01-19;12;0;43;0;0.1;0.0
978;2021-01-20;13;0;56;0;0.2;0.0
978;2021-01-21;6;0;62;0;0.2;0.0
978;2021-01-22;0;0;62;0;0.2;0.0
978;2021-01-23;0;0;62;0;0.2;0.0
978;2021-01-24;0;0;62;0;0.2;0.0
978;2021-01-25;0;0;62;0;0.2;0.0
978;2021-01-26;9;0;71;0;0.2;0.0
978;2021-01-27;10;0;81;0;0.2;0.0
978;2021-01-28;6;0;87;0;0.2;0.0
978;2021-01-29;0;0;87;0;0.2;0.0
978;2021-01-30;0;0;87;0;0.2;0.0
978;2021-01-31;0;0;87;0;0.2;0.0
978;2021-02-01;0;0;87;0;0.2;0.0
978;2021-02-02;38;0;125;0;0.4;0.0
978;2021-02-03;10;0;135;0;0.4;0.0
978;2021-02-04;31;0;166;0;0.5;0.0
978;2021-02-05;6;0;172;0;0.5;0.0
978;2021-02-06;0;0;172;0;0.5;0.0
978;2021-02-07;0;0;172;0;0.5;0.0
978;2021-02-08;0;0;172;0;0.5;0.0
978;2021-02-09;38;0;210;0;0.6;0.0
978;2021-02-10;27;1;237;1;0.7;0.0
978;2021-02-11;0;0;237;1;0.7;0.0
978;2021-02-12;36;0;273;1;0.8;0.0
978;2021-02-13;0;0;273;1;0.8;0.0
978;2021-02-14;0;0;273;1;0.8;0.0
978;2021-02-15;50;1;323;2;0.9;0.0
978;2021-02-16;0;0;323;2;0.9;0.0
978;2021-02-17;0;0;323;2;0.9;0.0
978;2021-02-18;28;0;351;2;1.0;0.0
978;2021-02-19;44;0;395;2;1.1;0.0
978;2021-02-20;0;0;395;2;1.1;0.0
978;2021-02-21;0;0;395;2;1.1;0.0
978;2021-02-22;45;4;440;6;1.2;0.0
978;2021-02-23;41;29;481;35;1.4;0.1
978;2021-02-24;35;1;516;36;1.5;0.1
978;2021-02-25;55;36;571;72;1.6;0.2
978;2021-02-26;39;5;610;77;1.7;0.2
978;2021-02-27;0;0;610;77;1.7;0.2
978;2021-02-28;0;0;610;77;1.7;0.2
978;2021-03-01;49;5;659;82;1.9;0.2
978;2021-03-02;7;27;666;109;1.9;0.3
978;2021-03-03;42;28;708;137;2.0;0.4
978;2021-03-04;30;26;738;163;2.1;0.5
978;2021-03-05;46;10;784;173;2.2;0.5
978;2021-03-06;0;0;784;173;2.2;0.5
978;2021-03-07;0;0;784;173;2.2;0.5
978;2021-03-08;32;7;816;180;2.3;0.5
978;2021-03-09;19;27;835;207;2.4;0.6
978;2021-03-10;33;28;868;235;2.5;0.7
978;2021-03-11;2;0;870;235;2.5;0.7
978;2021-03-12;52;21;922;256;2.6;0.7
978;2021-03-13;13;0;935;256;2.6;0.7
978;2021-03-14;0;0;935;256;2.6;0.7
978;2021-03-15;31;41;966;297;2.7;0.8
978;2021-03-16;73;6;1039;303;2.9;0.9
978;2021-03-17;67;13;1106;316;3.1;0.9
978;2021-03-18;82;39;1188;355;3.4;1.0
978;2021-03-19;32;50;1220;405;3.5;1.1
978;2021-03-20;0;0;1220;405;3.5;1.1
978;2021-03-21;0;0;1220;405;3.5;1.1
978;2021-03-22;34;45;1254;450;3.5;1.3
978;2021-03-23;30;43;1284;493;3.6;1.4
978;2021-03-24;38;42;1322;535;3.7;1.5
978;2021-03-25;93;34;1415;569;4.0;1.6
978;2021-03-26;45;33;1460;602;4.1;1.7
978;2021-03-27;94;3;1554;605;4.4;1.7
978;2021-03-28;0;0;1554;605;4.4;1.7
978;2021-03-29;69;49;1623;654;4.6;1.9
978;2021-03-30;98;24;1721;678;4.9;1.9
978;2021-03-31;90;49;1811;727;5.1;2.1
978;2021-04-01;56;48;1867;775;5.3;2.2
978;2021-04-02;0;0;1867;775;5.3;2.2
978;2021-04-03;0;0;1867;775;5.3;2.2
978;2021-04-04;0;0;1867;775;5.3;2.2
978;2021-04-05;2;0;1869;775;5.3;2.2
978;2021-04-06;49;63;1918;838;5.4;2.4
978;2021-04-07;91;33;2009;871;5.7;2.5
978;2021-04-08;120;7;2129;878;6.0;2.5
978;2021-04-09;90;39;2219;917;6.3;2.6
978;2021-04-10;168;11;2387;928;6.8;2.6
978;2021-04-11;0;0;2387;928;6.8;2.6
978;2021-04-12;41;76;2428;1004;6.9;2.8
978;2021-04-13;49;71;2477;1075;7.0;3.0
978;2021-04-14;82;45;2559;1120;7.2;3.2
978;2021-04-15;92;24;2651;1144;7.5;3.2
978;2021-04-16;77;42;2728;1186;7.7;3.4
978;2021-04-17;165;4;2893;1190;8.2;3.4
978;2021-04-18;0;0;2893;1190;8.2;3.4
978;2021-04-19;52;67;2945;1257;8.3;3.6
978;2021-04-20;83;27;3028;1284;8.6;3.6
978;2021-04-21;91;29;3119;1313;8.8;3.7
978;2021-04-22;101;20;3220;1333;9.1;3.8
978;2021-04-23;45;66;3265;1399;9.2;4.0
978;2021-04-24;99;78;3364;1477;9.5;4.2
978;2021-04-25;0;0;3364;1477;9.5;4.2
978;2021-04-26;28;91;3392;1568;9.6;4.4
978;2021-04-27;59;63;3451;1631;9.8;4.6
978;2021-04-28;90;39;3541;1670;10.0;4.7
978;2021-04-29;89;33;3630;1703;10.3;4.8
978;2021-04-30;104;14;3734;1717;10.6;4.9
978;2021-05-01;0;8;3734;1725;10.6;4.9
978;2021-05-02;0;0;3734;1725;10.6;4.9
978;2021-05-03;25;99;3759;1824;10.6;5.2
978;2021-05-04;159;102;3918;1926;11.1;5.5
978;2021-05-05;141;58;4059;1984;11.5;5.6
978;2021-05-06;200;49;4259;2033;12.1;5.8
978;2021-05-07;127;71;4386;2104;12.4;6.0
978;2021-05-08;69;122;4455;2226;12.6;6.3
978;2021-05-09;0;0;4455;2226;12.6;6.3
978;2021-05-10;124;99;4579;2325;13.0;6.6
978;2021-05-11;132;72;4711;2397;13.3;6.8
978;2021-05-12;156;78;4867;2475;13.8;7.0
978;2021-05-13;83;6;4950;2481;14.0;7.0
978;2021-05-14;130;62;5080;2543;14.4;7.2
978;2021-05-15;86;4;5166;2547;14.6;7.2
978;2021-05-16;0;0;5166;2547;14.6;7.2
978;2021-05-17;146;115;5312;2662;15.0;7.5
978;2021-05-18;151;94;5463;2756;15.5;7.8
978;2021-05-19;84;69;5547;2825;15.7;8.0
978;2021-05-20;103;26;5650;2851;16.0;8.1
978;2021-05-21;98;53;5748;2904;16.3;8.2
978;2021-05-22;100;11;5848;2915;16.6;8.2
978;2021-05-23;0;0;5848;2915;16.6;8.2
978;2021-05-24;33;7;5881;2922;16.6;8.3
978;2021-05-25;119;78;6000;3000;17.0;8.5
978;2021-05-26;110;50;6110;3050;17.3;8.6
978;2021-05-27;112;42;6222;3092;17.6;8.8
978;2021-05-28;33;1;6255;3093;17.7;8.8
978;2021-05-29;59;213;6314;3306;17.9;9.4
978;2021-05-30;0;0;6314;3306;17.9;9.4
978;2021-05-31;112;63;6426;3369;18.2;9.5
978;2021-06-01;115;63;6541;3432;18.5;9.7
978;2021-06-02;131;33;6672;3465;18.9;9.8
978;2021-06-03;102;38;6774;3503;19.2;9.9
978;2021-06-04;128;70;6902;3573;19.5;10.1
978;2021-06-05;83;21;6985;3594;19.8;10.2
978;2021-06-06;0;0;6985;3594;19.8;10.2
978;2021-06-07;96;96;7081;3690;20.0;10.4
978;2021-06-08;82;89;7163;3779;20.3;10.7
978;2021-06-09;99;73;7262;3852;20.6;10.9
978;2021-06-10;111;65;7373;3917;20.9;11.1
978;2021-06-11;116;106;7489;4023;21.2;11.4
978;2021-06-12;57;30;7546;4053;21.4;11.5
978;2021-06-13;0;0;7546;4053;21.4;11.5
978;2021-06-14;106;128;7652;4181;21.7;11.8
978;2021-06-15;86;119;7738;4300;21.9;12.2
978;2021-06-16;103;148;7841;4448;22.2;12.6
978;2021-06-17;85;72;7926;4520;22.4;12.8
978;2021-06-18;66;99;7992;4619;22.6;13.1
978;2021-06-19;64;79;8056;4698;22.8;13.3
978;2021-06-20;0;0;8056;4698;22.8;13.3
978;2021-06-21;78;152;8134;4850;23.0;13.7
978;2021-06-22;70;103;8204;4953;23.2;14.0
978;2021-06-23;68;115;8272;5068;23.4;14.3
978;2021-06-24;43;75;8315;5143;23.5;14.6
978;2021-06-25;63;100;8378;5243;23.7;14.8
978;2021-06-26;35;61;8413;5304;23.8;15.0
978;2021-06-27;0;0;8413;5304;23.8;15.0
978;2021-06-28;70;127;8483;5431;24.0;15.4
978;2021-06-29;60;105;8543;5536;24.2;15.7
978;2021-06-30;56;110;8599;5646;24.3;16.0
978;2021-07-01;41;87;8640;5733;24.5;16.2
978;2021-07-02;52;91;8692;5824;24.6;16.5
978;2021-07-03;40;90;8732;5914;24.7;16.7
978;2021-07-04;0;1;8732;5915;24.7;16.7
978;2021-07-05;66;93;8798;6008;24.9;17.0
978;2021-07-06;55;76;8853;6084;25.1;17.2
978;2021-07-07;55;123;8908;6207;25.2;17.6
978;2021-07-08;52;106;8960;6313;25.4;17.9
978;2021-07-09;45;93;9005;6406;25.5;18.1
978;2021-07-10;38;84;9043;6490;25.6;18.4
978;2021-07-11;0;4;9043;6494;25.6;18.4
978;2021-07-12;69;130;9112;6624;25.8;18.7
978;2021-07-13;146;162;9258;6786;26.2;19.2
978;2021-07-14;3;0;9261;6786;26.2;19.2
978;2021-07-15;161;194;9422;6980;26.7;19.8
978;2021-07-16;112;113;9534;7093;27.0;20.1
978;2021-07-17;50;100;9584;7193;27.1;20.4
978;2021-07-18;0;0;9584;7193;27.1;20.4
978;2021-07-19;98;134;9682;7327;27.4;20.7
978;2021-07-20;80;72;9762;7399;27.6;20.9
978;2021-07-21;61;49;9823;7448;27.8;21.1
978;2021-07-22;97;115;9920;7563;28.1;21.4
978;2021-07-23;67;100;9987;7663;28.3;21.7
978;2021-07-24;20;35;10007;7698;28.3;21.8
978;2021-07-25;0;0;10007;7698;28.3;21.8
