dep;jour;n_dose1;n_complet;n_cum_dose1;n_cum_complet;couv_dose1;couv_complet
01;2020-12-27;1;0;1;0;0.0;0.0
01;2020-12-28;0;0;1;0;0.0;0.0
01;2020-12-29;0;0;1;0;0.0;0.0
01;2020-12-30;0;0;1;0;0.0;0.0
01;2020-12-31;0;0;1;0;0.0;0.0
01;2021-01-01;0;0;1;0;0.0;0.0
01;2021-01-02;0;0;1;0;0.0;0.0
01;2021-01-03;0;0;1;0;0.0;0.0
01;2021-01-04;0;0;1;0;0.0;0.0
01;2021-01-05;2;0;3;0;0.0;0.0
01;2021-01-06;1;0;4;0;0.0;0.0
01;2021-01-07;67;0;71;0;0.0;0.0
01;2021-01-08;159;0;230;0;0.0;0.0
01;2021-01-09;2;1;232;1;0.0;0.0
01;2021-01-10;0;0;232;1;0.0;0.0
01;2021-01-11;147;0;379;1;0.1;0.0
01;2021-01-12;317;2;696;3;0.1;0.0
01;2021-01-13;444;1;1140;4;0.2;0.0
01;2021-01-14;528;3;1668;7;0.3;0.0
01;2021-01-15;396;3;2064;10;0.3;0.0
01;2021-01-16;202;0;2266;10;0.3;0.0
01;2021-01-17;128;0;2394;10;0.4;0.0
01;2021-01-18;378;1;2772;11;0.4;0.0
01;2021-01-19;1039;1;3811;12;0.6;0.0
01;2021-01-20;1261;2;5072;14;0.8;0.0
01;2021-01-21;1096;4;6168;18;0.9;0.0
01;2021-01-22;645;0;6813;18;1.0;0.0
01;2021-01-23;222;0;7035;18;1.1;0.0
01;2021-01-24;71;1;7106;19;1.1;0.0
01;2021-01-25;483;1;7589;20;1.2;0.0
01;2021-01-26;738;3;8327;23;1.3;0.0
01;2021-01-27;517;5;8844;28;1.3;0.0
01;2021-01-28;681;54;9525;82;1.4;0.0
01;2021-01-29;636;101;10161;183;1.5;0.0
01;2021-01-30;235;15;10396;198;1.6;0.0
01;2021-01-31;61;0;10457;198;1.6;0.0
01;2021-02-01;449;75;10906;273;1.7;0.0
01;2021-02-02;513;184;11419;457;1.7;0.1
01;2021-02-03;373;298;11792;755;1.8;0.1
01;2021-02-04;479;418;12271;1173;1.9;0.2
01;2021-02-05;437;281;12708;1454;1.9;0.2
01;2021-02-06;260;140;12968;1594;2.0;0.2
01;2021-02-07;2;113;12970;1707;2.0;0.3
01;2021-02-08;505;407;13475;2114;2.1;0.3
01;2021-02-09;771;859;14246;2973;2.2;0.5
01;2021-02-10;948;718;15194;3691;2.3;0.6
01;2021-02-11;789;781;15983;4472;2.4;0.7
01;2021-02-12;636;554;16619;5026;2.5;0.8
01;2021-02-13;159;149;16778;5175;2.6;0.8
01;2021-02-14;0;9;16778;5184;2.6;0.8
01;2021-02-15;436;445;17214;5629;2.6;0.9
01;2021-02-16;656;414;17870;6043;2.7;0.9
01;2021-02-17;518;244;18388;6287;2.8;1.0
01;2021-02-18;589;565;18977;6852;2.9;1.0
01;2021-02-19;577;245;19554;7097;3.0;1.1
01;2021-02-20;200;154;19754;7251;3.0;1.1
01;2021-02-21;0;1;19754;7252;3.0;1.1
01;2021-02-22;427;555;20181;7807;3.1;1.2
01;2021-02-23;482;522;20663;8329;3.1;1.3
01;2021-02-24;434;465;21097;8794;3.2;1.3
01;2021-02-25;817;608;21914;9402;3.3;1.4
01;2021-02-26;870;546;22784;9948;3.5;1.5
01;2021-02-27;480;116;23264;10064;3.5;1.5
01;2021-02-28;20;3;23284;10067;3.5;1.5
01;2021-03-01;625;452;23909;10519;3.6;1.6
01;2021-03-02;960;556;24869;11075;3.8;1.7
01;2021-03-03;935;665;25804;11740;3.9;1.8
01;2021-03-04;1194;633;26998;12373;4.1;1.9
01;2021-03-05;1353;492;28351;12865;4.3;2.0
01;2021-03-06;780;96;29131;12961;4.4;2.0
01;2021-03-07;43;1;29174;12962;4.4;2.0
01;2021-03-08;666;622;29840;13584;4.5;2.1
01;2021-03-09;1332;605;31172;14189;4.7;2.2
01;2021-03-10;1161;531;32333;14720;4.9;2.2
01;2021-03-11;1677;639;34010;15359;5.2;2.3
01;2021-03-12;2002;627;36012;15986;5.5;2.4
01;2021-03-13;1499;87;37511;16073;5.7;2.4
01;2021-03-14;132;57;37643;16130;5.7;2.5
01;2021-03-15;1156;398;38799;16528;5.9;2.5
01;2021-03-16;1008;558;39807;17086;6.1;2.6
01;2021-03-17;836;339;40643;17425;6.2;2.7
01;2021-03-18;1287;461;41930;17886;6.4;2.7
01;2021-03-19;1746;527;43676;18413;6.6;2.8
01;2021-03-20;1446;125;45122;18538;6.9;2.8
01;2021-03-21;97;10;45219;18548;6.9;2.8
01;2021-03-22;1575;487;46794;19035;7.1;2.9
01;2021-03-23;2195;644;48989;19679;7.5;3.0
01;2021-03-24;1611;402;50600;20081;7.7;3.1
01;2021-03-25;2907;600;53507;20681;8.1;3.1
01;2021-03-26;2867;606;56374;21287;8.6;3.2
01;2021-03-27;1307;149;57681;21436;8.8;3.3
01;2021-03-28;21;1;57702;21437;8.8;3.3
01;2021-03-29;1928;544;59630;21981;9.1;3.3
01;2021-03-30;2512;750;62142;22731;9.5;3.5
01;2021-03-31;1867;621;64009;23352;9.7;3.6
01;2021-04-01;2563;839;66572;24191;10.1;3.7
01;2021-04-02;2816;699;69388;24890;10.6;3.8
01;2021-04-03;1256;126;70644;25016;10.8;3.8
01;2021-04-04;2;0;70646;25016;10.8;3.8
01;2021-04-05;1260;56;71906;25072;10.9;3.8
01;2021-04-06;2814;784;74720;25856;11.4;3.9
01;2021-04-07;2736;700;77456;26556;11.8;4.0
01;2021-04-08;3240;986;80696;27542;12.3;4.2
01;2021-04-09;3981;1323;84677;28865;12.9;4.4
01;2021-04-10;1823;296;86500;29161;13.2;4.4
01;2021-04-11;44;22;86544;29183;13.2;4.4
01;2021-04-12;2712;1215;89256;30398;13.6;4.6
01;2021-04-13;2931;1307;92187;31705;14.0;4.8
01;2021-04-14;3115;1076;95302;32781;14.5;5.0
01;2021-04-15;3072;1468;98374;34249;15.0;5.2
01;2021-04-16;2860;1566;101234;35815;15.4;5.5
01;2021-04-17;1654;679;102888;36494;15.7;5.6
01;2021-04-18;13;0;102901;36494;15.7;5.6
01;2021-04-19;2038;1521;104939;38015;16.0;5.8
01;2021-04-20;2660;1567;107599;39582;16.4;6.0
01;2021-04-21;2685;1340;110284;40922;16.8;6.2
01;2021-04-22;2833;1522;113117;42444;17.2;6.5
01;2021-04-23;2761;1521;115878;43965;17.6;6.7
01;2021-04-24;1446;648;117324;44613;17.9;6.8
01;2021-04-25;9;0;117333;44613;17.9;6.8
01;2021-04-26;1971;1719;119304;46332;18.2;7.1
01;2021-04-27;2569;1544;121873;47876;18.6;7.3
01;2021-04-28;2498;1568;124371;49444;18.9;7.5
01;2021-04-29;2719;1768;127090;51212;19.3;7.8
01;2021-04-30;2982;2240;130072;53452;19.8;8.1
01;2021-05-01;1471;856;131543;54308;20.0;8.3
01;2021-05-02;546;73;132089;54381;20.1;8.3
01;2021-05-03;2293;2476;134382;56857;20.5;8.7
01;2021-05-04;2544;2652;136926;59509;20.8;9.1
01;2021-05-05;2530;2492;139456;62001;21.2;9.4
01;2021-05-06;2994;2516;142450;64517;21.7;9.8
01;2021-05-07;3220;2781;145670;67298;22.2;10.2
01;2021-05-08;1645;922;147315;68220;22.4;10.4
01;2021-05-09;1023;158;148338;68378;22.6;10.4
01;2021-05-10;2500;3069;150838;71447;23.0;10.9
01;2021-05-11;3579;3050;154417;74497;23.5;11.3
01;2021-05-12;3650;2989;158067;77486;24.1;11.8
01;2021-05-13;4086;1495;162153;78981;24.7;12.0
01;2021-05-14;4271;2342;166424;81323;25.3;12.4
01;2021-05-15;3156;1432;169580;82755;25.8;12.6
01;2021-05-16;1410;150;170990;82905;26.0;12.6
01;2021-05-17;3434;2466;174424;85371;26.6;13.0
01;2021-05-18;4069;1955;178493;87326;27.2;13.3
01;2021-05-19;3972;1900;182465;89226;27.8;13.6
01;2021-05-20;4528;2011;186993;91237;28.5;13.9
01;2021-05-21;4613;2196;191606;93433;29.2;14.2
01;2021-05-22;3367;950;194973;94383;29.7;14.4
01;2021-05-23;832;81;195805;94464;29.8;14.4
01;2021-05-24;2765;499;198570;94963;30.2;14.5
01;2021-05-25;3555;2422;202125;97385;30.8;14.8
01;2021-05-26;3567;2245;205692;99630;31.3;15.2
01;2021-05-27;3848;2098;209540;101728;31.9;15.5
01;2021-05-28;3663;2638;213203;104366;32.5;15.9
01;2021-05-29;3059;1302;216262;105668;32.9;16.1
01;2021-05-30;613;88;216875;105756;33.0;16.1
01;2021-05-31;2402;2515;219277;108271;33.4;16.5
01;2021-06-01;2765;2577;222042;110848;33.8;16.9
01;2021-06-02;2879;2178;224921;113026;34.2;17.2
01;2021-06-03;3362;2427;228283;115453;34.7;17.6
01;2021-06-04;4501;3348;232784;118801;35.4;18.1
01;2021-06-05;3250;1717;236034;120518;35.9;18.3
01;2021-06-06;669;78;236703;120596;36.0;18.4
01;2021-06-07;3386;2870;240089;123466;36.5;18.8
01;2021-06-08;3647;2706;243736;126172;37.1;19.2
01;2021-06-09;2945;2629;246681;128801;37.5;19.6
01;2021-06-10;2759;2041;249440;130842;38.0;19.9
01;2021-06-11;3066;3364;252506;134206;38.4;20.4
01;2021-06-12;2403;2197;254909;136403;38.8;20.8
01;2021-06-13;200;478;255109;136881;38.8;20.8
01;2021-06-14;2122;3162;257231;140043;39.2;21.3
01;2021-06-15;2004;3358;259235;143401;39.5;21.8
01;2021-06-16;2178;3284;261413;146685;39.8;22.3
01;2021-06-17;1958;3168;263371;149853;40.1;22.8
01;2021-06-18;2594;4157;265965;154010;40.5;23.4
01;2021-06-19;1726;2553;267691;156563;40.7;23.8
01;2021-06-20;159;497;267850;157060;40.8;23.9
01;2021-06-21;1799;3705;269649;160765;41.0;24.5
01;2021-06-22;1548;3997;271197;164762;41.3;25.1
01;2021-06-23;1581;3755;272778;168517;41.5;25.7
01;2021-06-24;1470;3564;274248;172081;41.7;26.2
01;2021-06-25;1884;4566;276132;176647;42.0;26.9
01;2021-06-26;1204;2946;277336;179593;42.2;27.3
01;2021-06-27;170;339;277506;179932;42.2;27.4
01;2021-06-28;1380;4021;278886;183953;42.5;28.0
01;2021-06-29;1402;3849;280288;187802;42.7;28.6
01;2021-06-30;1373;4154;281661;191956;42.9;29.2
01;2021-07-01;1386;4085;283047;196041;43.1;29.8
01;2021-07-02;1583;4989;284630;201030;43.3;30.6
01;2021-07-03;857;3375;285487;204405;43.5;31.1
01;2021-07-04;103;498;285590;204903;43.5;31.2
01;2021-07-05;1476;4089;287066;208992;43.7;31.8
01;2021-07-06;1102;4282;288168;213274;43.9;32.5
01;2021-07-07;1640;3706;289808;216980;44.1;33.0
01;2021-07-08;1462;3678;291270;220658;44.3;33.6
01;2021-07-09;1881;4366;293151;225024;44.6;34.3
01;2021-07-10;1113;3444;294264;228468;44.8;34.8
01;2021-07-11;104;418;294368;228886;44.8;34.8
01;2021-07-12;1411;3846;295779;232732;45.0;35.4
01;2021-07-13;2046;4119;297825;236851;45.3;36.1
01;2021-07-14;136;180;297961;237031;45.4;36.1
01;2021-07-15;3070;4187;301031;241218;45.8;36.7
01;2021-07-16;3731;4833;304762;246051;46.4;37.5
01;2021-07-17;2176;3038;306938;249089;46.7;37.9
01;2021-07-18;286;553;307224;249642;46.8;38.0
01;2021-07-19;2900;3854;310124;253496;47.2;38.6
01;2021-07-20;3272;3684;313396;257180;47.7;39.1
01;2021-07-21;3915;3554;317311;260734;48.3;39.7
01;2021-07-22;4169;3473;321480;264207;48.9;40.2
01;2021-07-23;3912;4202;325392;268409;49.5;40.9
01;2021-07-24;2713;2708;328105;271117;49.9;41.3
01;2021-07-25;58;57;328163;271174;50.0;41.3
01;2021-07-26;3324;3237;331487;274411;50.5;41.8
01;2021-07-27;4083;2762;335570;277173;51.1;42.2
01;2021-07-28;3961;2631;339531;279804;51.7;42.6
01;2021-07-29;4668;2420;344199;282224;52.4;43.0
01;2021-07-30;4436;3411;348635;285635;53.1;43.5
01;2021-07-31;3606;1749;352241;287384;53.6;43.7
01;2021-08-01;380;61;352621;287445;53.7;43.8
01;2021-08-02;3002;2417;355623;289862;54.1;44.1
01;2021-08-03;3034;2427;358657;292289;54.6;44.5
02;2020-12-27;0;0;0;0;0.0;0.0
02;2020-12-28;0;0;0;0;0.0;0.0
02;2020-12-29;0;0;0;0;0.0;0.0
02;2020-12-30;0;0;0;0;0.0;0.0
02;2020-12-31;0;0;0;0;0.0;0.0
02;2021-01-01;0;0;0;0;0.0;0.0
02;2021-01-02;0;0;0;0;0.0;0.0
02;2021-01-03;0;0;0;0;0.0;0.0
02;2021-01-04;0;0;0;0;0.0;0.0
02;2021-01-05;0;0;0;0;0.0;0.0
02;2021-01-06;22;0;22;0;0.0;0.0
02;2021-01-07;261;1;283;1;0.1;0.0
02;2021-01-08;489;3;772;4;0.1;0.0
02;2021-01-09;74;0;846;4;0.2;0.0
02;2021-01-10;49;0;895;4;0.2;0.0
02;2021-01-11;267;0;1162;4;0.2;0.0
02;2021-01-12;355;1;1517;5;0.3;0.0
02;2021-01-13;468;4;1985;9;0.4;0.0
02;2021-01-14;651;11;2636;20;0.5;0.0
02;2021-01-15;630;7;3266;27;0.6;0.0
02;2021-01-16;333;4;3599;31;0.7;0.0
02;2021-01-17;62;0;3661;31;0.7;0.0
02;2021-01-18;810;5;4471;36;0.8;0.0
02;2021-01-19;942;5;5413;41;1.0;0.0
02;2021-01-20;1429;5;6842;46;1.3;0.0
02;2021-01-21;2597;4;9439;50;1.8;0.0
02;2021-01-22;1419;2;10858;52;2.1;0.0
02;2021-01-23;291;1;11149;53;2.1;0.0
02;2021-01-24;67;0;11216;53;2.1;0.0
02;2021-01-25;432;10;11648;63;2.2;0.0
02;2021-01-26;704;14;12352;77;2.3;0.0
02;2021-01-27;159;2;12511;79;2.4;0.0
02;2021-01-28;69;247;12580;326;2.4;0.1
02;2021-01-29;119;421;12699;747;2.4;0.1
02;2021-01-30;4;14;12703;761;2.4;0.1
02;2021-01-31;0;10;12703;771;2.4;0.1
02;2021-02-01;11;213;12714;984;2.4;0.2
02;2021-02-02;45;331;12759;1315;2.4;0.2
02;2021-02-03;124;339;12883;1654;2.4;0.3
02;2021-02-04;226;359;13109;2013;2.5;0.4
02;2021-02-05;178;418;13287;2431;2.5;0.5
02;2021-02-06;65;175;13352;2606;2.5;0.5
02;2021-02-07;9;0;13361;2606;2.5;0.5
02;2021-02-08;305;436;13666;3042;2.6;0.6
02;2021-02-09;322;681;13988;3723;2.7;0.7
02;2021-02-10;485;1046;14473;4769;2.8;0.9
02;2021-02-11;941;1908;15414;6677;2.9;1.3
02;2021-02-12;885;1121;16299;7798;3.1;1.5
02;2021-02-13;290;130;16589;7928;3.2;1.5
02;2021-02-14;1;5;16590;7933;3.2;1.5
02;2021-02-15;344;681;16934;8614;3.2;1.6
02;2021-02-16;413;571;17347;9185;3.3;1.7
02;2021-02-17;498;636;17845;9821;3.4;1.9
02;2021-02-18;507;445;18352;10266;3.5;2.0
02;2021-02-19;444;572;18796;10838;3.6;2.1
02;2021-02-20;372;232;19168;11070;3.6;2.1
02;2021-02-21;39;17;19207;11087;3.7;2.1
02;2021-02-22;377;317;19584;11404;3.7;2.2
02;2021-02-23;432;362;20016;11766;3.8;2.2
02;2021-02-24;600;146;20616;11912;3.9;2.3
02;2021-02-25;870;136;21486;12048;4.1;2.3
02;2021-02-26;808;71;22294;12119;4.2;2.3
02;2021-02-27;444;12;22738;12131;4.3;2.3
02;2021-02-28;55;2;22793;12133;4.3;2.3
02;2021-03-01;637;24;23430;12157;4.5;2.3
02;2021-03-02;1032;104;24462;12261;4.7;2.3
02;2021-03-03;752;204;25214;12465;4.8;2.4
02;2021-03-04;1160;668;26374;13133;5.0;2.5
02;2021-03-05;1048;507;27422;13640;5.2;2.6
02;2021-03-06;2138;94;29560;13734;5.6;2.6
02;2021-03-07;1503;40;31063;13774;5.9;2.6
02;2021-03-08;570;366;31633;14140;6.0;2.7
02;2021-03-09;998;399;32631;14539;6.2;2.8
02;2021-03-10;894;466;33525;15005;6.4;2.9
02;2021-03-11;1294;387;34819;15392;6.6;2.9
02;2021-03-12;1705;409;36524;15801;6.9;3.0
02;2021-03-13;2591;226;39115;16027;7.4;3.0
02;2021-03-14;1455;36;40570;16063;7.7;3.1
02;2021-03-15;612;449;41182;16512;7.8;3.1
02;2021-03-16;863;395;42045;16907;8.0;3.2
02;2021-03-17;759;450;42804;17357;8.1;3.3
02;2021-03-18;607;620;43411;17977;8.3;3.4
02;2021-03-19;1172;299;44583;18276;8.5;3.5
02;2021-03-20;2429;151;47012;18427;8.9;3.5
02;2021-03-21;1488;71;48500;18498;9.2;3.5
02;2021-03-22;761;502;49261;19000;9.4;3.6
02;2021-03-23;1194;545;50455;19545;9.6;3.7
02;2021-03-24;1581;493;52036;20038;9.9;3.8
02;2021-03-25;1693;595;53729;20633;10.2;3.9
02;2021-03-26;2411;480;56140;21113;10.7;4.0
02;2021-03-27;2495;124;58635;21237;11.1;4.0
02;2021-03-28;637;13;59272;21250;11.3;4.0
02;2021-03-29;1037;859;60309;22109;11.5;4.2
02;2021-03-30;1554;839;61863;22948;11.8;4.4
02;2021-03-31;1299;719;63162;23667;12.0;4.5
02;2021-04-01;1290;848;64452;24515;12.3;4.7
02;2021-04-02;1182;1228;65634;25743;12.5;4.9
02;2021-04-03;2647;849;68281;26592;13.0;5.1
02;2021-04-04;727;237;69008;26829;13.1;5.1
02;2021-04-05;1508;130;70516;26959;13.4;5.1
02;2021-04-06;1541;852;72057;27811;13.7;5.3
02;2021-04-07;1862;773;73919;28584;14.1;5.4
02;2021-04-08;1919;1103;75838;29687;14.4;5.6
02;2021-04-09;2433;1080;78271;30767;14.9;5.8
02;2021-04-10;2429;1198;80700;31965;15.3;6.1
02;2021-04-11;476;416;81176;32381;15.4;6.2
02;2021-04-12;1824;626;83000;33007;15.8;6.3
02;2021-04-13;1599;921;84599;33928;16.1;6.4
02;2021-04-14;2584;956;87183;34884;16.6;6.6
02;2021-04-15;2495;765;89678;35649;17.0;6.8
02;2021-04-16;2439;1122;92117;36771;17.5;7.0
02;2021-04-17;1890;2139;94007;38910;17.9;7.4
02;2021-04-18;270;814;94277;39724;17.9;7.6
02;2021-04-19;1159;633;95436;40357;18.1;7.7
02;2021-04-20;1676;758;97112;41115;18.5;7.8
02;2021-04-21;1549;986;98661;42101;18.8;8.0
02;2021-04-22;1749;699;100410;42800;19.1;8.1
02;2021-04-23;1929;1409;102339;44209;19.5;8.4
02;2021-04-24;1713;1637;104052;45846;19.8;8.7
02;2021-04-25;462;235;104514;46081;19.9;8.8
02;2021-04-26;1340;557;105854;46638;20.1;8.9
02;2021-04-27;1627;1092;107481;47730;20.4;9.1
02;2021-04-28;1593;1435;109074;49165;20.7;9.3
02;2021-04-29;1884;1175;110958;50340;21.1;9.6
02;2021-04-30;2716;1652;113674;51992;21.6;9.9
02;2021-05-01;1990;1223;115664;53215;22.0;10.1
02;2021-05-02;1983;408;117647;53623;22.4;10.2
02;2021-05-03;2223;982;119870;54605;22.8;10.4
02;2021-05-04;1525;1316;121395;55921;23.1;10.6
02;2021-05-05;2330;1835;123725;57756;23.5;11.0
02;2021-05-06;2123;1729;125848;59485;23.9;11.3
02;2021-05-07;2358;2173;128206;61658;24.4;11.7
02;2021-05-08;2919;937;131125;62595;24.9;11.9
02;2021-05-09;1822;421;132947;63016;25.3;12.0
02;2021-05-10;2374;1480;135321;64496;25.7;12.3
02;2021-05-11;2876;1563;138197;66059;26.3;12.6
02;2021-05-12;2673;1620;140870;67679;26.8;12.9
02;2021-05-13;2989;1038;143859;68717;27.3;13.1
02;2021-05-14;3379;1205;147238;69922;28.0;13.3
02;2021-05-15;4375;1083;151613;71005;28.8;13.5
02;2021-05-16;2797;209;154410;71214;29.4;13.5
02;2021-05-17;2146;658;156556;71872;29.8;13.7
02;2021-05-18;2633;967;159189;72839;30.3;13.8
02;2021-05-19;2852;990;162041;73829;30.8;14.0
02;2021-05-20;3552;1226;165593;75055;31.5;14.3
02;2021-05-21;3817;1061;169410;76116;32.2;14.5
02;2021-05-22;5848;961;175258;77077;33.3;14.7
02;2021-05-23;2659;238;177917;77315;33.8;14.7
02;2021-05-24;3541;539;181458;77854;34.5;14.8
02;2021-05-25;2261;1160;183719;79014;34.9;15.0
02;2021-05-26;3080;1492;186799;80506;35.5;15.3
02;2021-05-27;3651;1486;190450;81992;36.2;15.6
02;2021-05-28;3513;1580;193963;83572;36.9;15.9
02;2021-05-29;4081;1572;198044;85144;37.6;16.2
02;2021-05-30;1449;185;199493;85329;37.9;16.2
02;2021-05-31;2578;1194;202071;86523;38.4;16.4
02;2021-06-01;2866;1870;204937;88393;39.0;16.8
02;2021-06-02;3161;1645;208098;90038;39.6;17.1
02;2021-06-03;2855;1832;210953;91870;40.1;17.5
02;2021-06-04;3140;2054;214093;93924;40.7;17.9
02;2021-06-05;3437;1727;217530;95651;41.4;18.2
02;2021-06-06;1734;258;219264;95909;41.7;18.2
02;2021-06-07;1613;1498;220877;97407;42.0;18.5
02;2021-06-08;2062;1845;222939;99252;42.4;18.9
02;2021-06-09;2054;1650;224993;100902;42.8;19.2
02;2021-06-10;2010;1833;227003;102735;43.2;19.5
02;2021-06-11;2196;3070;229199;105805;43.6;20.1
02;2021-06-12;2312;2591;231511;108396;44.0;20.6
02;2021-06-13;683;1387;232194;109783;44.1;20.9
02;2021-06-14;1048;2393;233242;112176;44.3;21.3
02;2021-06-15;1518;2462;234760;114638;44.6;21.8
02;2021-06-16;1534;2747;236294;117385;44.9;22.3
02;2021-06-17;1779;2856;238073;120241;45.3;22.9
02;2021-06-18;2311;3565;240384;123806;45.7;23.5
02;2021-06-19;1840;3820;242224;127626;46.0;24.3
02;2021-06-20;644;1521;242868;129147;46.2;24.6
02;2021-06-21;805;3195;243673;132342;46.3;25.2
02;2021-06-22;1152;3667;244825;136009;46.5;25.9
02;2021-06-23;1213;3589;246038;139598;46.8;26.5
02;2021-06-24;1323;3150;247361;142748;47.0;27.1
02;2021-06-25;1394;4549;248755;147297;47.3;28.0
02;2021-06-26;1347;4225;250102;151522;47.5;28.8
02;2021-06-27;600;2333;250702;153855;47.7;29.2
02;2021-06-28;876;3022;251578;156877;47.8;29.8
02;2021-06-29;910;2927;252488;159804;48.0;30.4
02;2021-06-30;1440;3161;253928;162965;48.3;31.0
02;2021-07-01;1191;3586;255119;166551;48.5;31.7
02;2021-07-02;1315;5136;256434;171687;48.7;32.6
02;2021-07-03;993;5983;257427;177670;48.9;33.8
02;2021-07-04;508;2369;257935;180039;49.0;34.2
02;2021-07-05;655;3946;258590;183985;49.2;35.0
02;2021-07-06;666;3047;259256;187032;49.3;35.6
02;2021-07-07;1315;3733;260571;190765;49.5;36.3
02;2021-07-08;1390;3881;261961;194646;49.8;37.0
02;2021-07-09;1277;4219;263238;198865;50.0;37.8
02;2021-07-10;1330;4614;264568;203479;50.3;38.7
02;2021-07-11;478;1965;265046;205444;50.4;39.1
02;2021-07-12;1404;3726;266450;209170;50.7;39.8
02;2021-07-13;2059;3658;268509;212828;51.0;40.5
02;2021-07-14;1751;1595;270260;214423;51.4;40.8
02;2021-07-15;2712;3548;272972;217971;51.9;41.4
02;2021-07-16;3141;4219;276113;222190;52.5;42.2
02;2021-07-17;3547;4213;279660;226403;53.2;43.0
02;2021-07-18;2035;1608;281695;228011;53.5;43.3
02;2021-07-19;3424;3024;285119;231035;54.2;43.9
02;2021-07-20;3487;3293;288606;234328;54.9;44.5
02;2021-07-21;3898;2934;292504;237262;55.6;45.1
02;2021-07-22;3304;2800;295808;240062;56.2;45.6
02;2021-07-23;3170;3550;298978;243612;56.8;46.3
02;2021-07-24;4433;3707;303411;247319;57.7;47.0
02;2021-07-25;2180;1081;305591;248400;58.1;47.2
02;2021-07-26;3864;2235;309455;250635;58.8;47.6
02;2021-07-27;3623;2138;313078;252773;59.5;48.1
02;2021-07-28;3268;2086;316346;254859;60.1;48.4
02;2021-07-29;2568;2203;318914;257062;60.6;48.9
02;2021-07-30;3297;2299;322211;259361;61.3;49.3
02;2021-07-31;4159;2254;326370;261615;62.0;49.7
02;2021-08-01;1463;682;327833;262297;62.3;49.9
02;2021-08-02;2032;1594;329865;263891;62.7;50.2
02;2021-08-03;2511;1892;332376;265783;63.2;50.5
03;2020-12-27;0;0;0;0;0.0;0.0
03;2020-12-28;0;0;0;0;0.0;0.0
03;2020-12-29;0;0;0;0;0.0;0.0
03;2020-12-30;0;0;0;0;0.0;0.0
03;2020-12-31;0;0;0;0;0.0;0.0
03;2021-01-01;0;0;0;0;0.0;0.0
03;2021-01-02;0;0;0;0;0.0;0.0
03;2021-01-03;0;0;0;0;0.0;0.0
03;2021-01-04;0;0;0;0;0.0;0.0
03;2021-01-05;0;0;0;0;0.0;0.0
03;2021-01-06;10;0;10;0;0.0;0.0
03;2021-01-07;61;0;71;0;0.0;0.0
03;2021-01-08;146;1;217;1;0.1;0.0
03;2021-01-09;122;0;339;1;0.1;0.0
03;2021-01-10;6;0;345;1;0.1;0.0
03;2021-01-11;412;1;757;2;0.2;0.0
03;2021-01-12;631;0;1388;2;0.4;0.0
03;2021-01-13;669;2;2057;4;0.6;0.0
03;2021-01-14;860;5;2917;9;0.9;0.0
03;2021-01-15;388;2;3305;11;1.0;0.0
03;2021-01-16;278;0;3583;11;1.1;0.0
03;2021-01-17;42;0;3625;11;1.1;0.0
03;2021-01-18;879;0;4504;11;1.4;0.0
03;2021-01-19;1149;1;5653;12;1.7;0.0
03;2021-01-20;1289;2;6942;14;2.1;0.0
03;2021-01-21;1199;8;8141;22;2.5;0.0
03;2021-01-22;1117;5;9258;27;2.8;0.0
03;2021-01-23;466;0;9724;27;2.9;0.0
03;2021-01-24;0;0;9724;27;2.9;0.0
03;2021-01-25;187;0;9911;27;3.0;0.0
03;2021-01-26;678;14;10589;41;3.2;0.0
03;2021-01-27;695;11;11284;52;3.4;0.0
03;2021-01-28;1018;45;12302;97;3.7;0.0
03;2021-01-29;856;81;13158;178;4.0;0.1
03;2021-01-30;600;2;13758;180;4.2;0.1
03;2021-01-31;0;0;13758;180;4.2;0.1
03;2021-02-01;160;76;13918;256;4.2;0.1
03;2021-02-02;766;269;14684;525;4.4;0.2
03;2021-02-03;1055;493;15739;1018;4.8;0.3
03;2021-02-04;1546;632;17285;1650;5.2;0.5
03;2021-02-05;944;317;18229;1967;5.5;0.6
03;2021-02-06;152;13;18381;1980;5.5;0.6
03;2021-02-07;5;0;18386;1980;5.5;0.6
03;2021-02-08;128;56;18514;2036;5.6;0.6
03;2021-02-09;612;444;19126;2480;5.8;0.7
03;2021-02-10;483;340;19609;2820;5.9;0.9
03;2021-02-11;1025;582;20634;3402;6.2;1.0
03;2021-02-12;1075;549;21709;3951;6.6;1.2
03;2021-02-13;126;168;21835;4119;6.6;1.2
03;2021-02-14;0;1;21835;4120;6.6;1.2
03;2021-02-15;308;862;22143;4982;6.7;1.5
03;2021-02-16;547;1172;22690;6154;6.8;1.9
03;2021-02-17;453;1365;23143;7519;7.0;2.3
03;2021-02-18;367;1273;23510;8792;7.1;2.7
03;2021-02-19;496;798;24006;9590;7.2;2.9
03;2021-02-20;128;184;24134;9774;7.3;3.0
03;2021-02-21;2;1;24136;9775;7.3;3.0
03;2021-02-22;159;205;24295;9980;7.3;3.0
03;2021-02-23;721;951;25016;10931;7.6;3.3
03;2021-02-24;609;1021;25625;11952;7.7;3.6
03;2021-02-25;1089;1838;26714;13790;8.1;4.2
03;2021-02-26;819;1375;27533;15165;8.3;4.6
03;2021-02-27;96;258;27629;15423;8.3;4.7
03;2021-02-28;0;15;27629;15438;8.3;4.7
03;2021-03-01;178;240;27807;15678;8.4;4.7
03;2021-03-02;818;663;28625;16341;8.6;4.9
03;2021-03-03;893;446;29518;16787;8.9;5.1
03;2021-03-04;1529;586;31047;17373;9.4;5.2
03;2021-03-05;1120;722;32167;18095;9.7;5.5
03;2021-03-06;915;112;33082;18207;10.0;5.5
03;2021-03-07;2;0;33084;18207;10.0;5.5
03;2021-03-08;239;245;33323;18452;10.1;5.6
03;2021-03-09;1016;436;34339;18888;10.4;5.7
03;2021-03-10;941;549;35280;19437;10.6;5.9
03;2021-03-11;1676;646;36956;20083;11.2;6.1
03;2021-03-12;1301;865;38257;20948;11.5;6.3
03;2021-03-13;861;108;39118;21056;11.8;6.4
03;2021-03-14;2;9;39120;21065;11.8;6.4
03;2021-03-15;249;200;39369;21265;11.9;6.4
03;2021-03-16;650;402;40019;21667;12.1;6.5
03;2021-03-17;1300;443;41319;22110;12.5;6.7
03;2021-03-18;1719;391;43038;22501;13.0;6.8
03;2021-03-19;1727;355;44765;22856;13.5;6.9
03;2021-03-20;301;24;45066;22880;13.6;6.9
03;2021-03-21;0;0;45066;22880;13.6;6.9
03;2021-03-22;222;396;45288;23276;13.7;7.0
03;2021-03-23;1354;352;46642;23628;14.1;7.1
03;2021-03-24;1822;349;48464;23977;14.6;7.2
03;2021-03-25;2366;562;50830;24539;15.3;7.4
03;2021-03-26;2233;440;53063;24979;16.0;7.5
03;2021-03-27;817;20;53880;24999;16.3;7.5
03;2021-03-28;1;39;53881;25038;16.3;7.6
03;2021-03-29;657;176;54538;25214;16.5;7.6
03;2021-03-30;1908;446;56446;25660;17.0;7.7
03;2021-03-31;1011;985;57457;26645;17.3;8.0
03;2021-04-01;1332;1091;58789;27736;17.7;8.4
03;2021-04-02;1707;609;60496;28345;18.3;8.6
03;2021-04-03;366;95;60862;28440;18.4;8.6
03;2021-04-04;2;0;60864;28440;18.4;8.6
03;2021-04-05;18;14;60882;28454;18.4;8.6
03;2021-04-06;1072;407;61954;28861;18.7;8.7
03;2021-04-07;1562;509;63516;29370;19.2;8.9
03;2021-04-08;2120;476;65636;29846;19.8;9.0
03;2021-04-09;2059;1155;67695;31001;20.4;9.4
03;2021-04-10;1012;71;68707;31072;20.7;9.4
03;2021-04-11;478;9;69185;31081;20.9;9.4
03;2021-04-12;985;223;70170;31304;21.2;9.4
03;2021-04-13;1871;969;72041;32273;21.7;9.7
03;2021-04-14;2334;1210;74375;33483;22.4;10.1
03;2021-04-15;2621;1393;76996;34876;23.2;10.5
03;2021-04-16;2832;1163;79828;36039;24.1;10.9
03;2021-04-17;1082;433;80910;36472;24.4;11.0
03;2021-04-18;0;0;80910;36472;24.4;11.0
03;2021-04-19;1191;587;82101;37059;24.8;11.2
03;2021-04-20;1749;1270;83850;38329;25.3;11.6
03;2021-04-21;1122;1288;84972;39617;25.6;12.0
03;2021-04-22;1673;988;86645;40605;26.2;12.3
03;2021-04-23;2475;1252;89120;41857;26.9;12.6
03;2021-04-24;1301;911;90421;42768;27.3;12.9
03;2021-04-25;350;15;90771;42783;27.4;12.9
03;2021-04-26;1331;459;92102;43242;27.8;13.1
03;2021-04-27;1764;1513;93866;44755;28.3;13.5
03;2021-04-28;1929;1112;95795;45867;28.9;13.8
03;2021-04-29;2371;1236;98166;47103;29.6;14.2
03;2021-04-30;1931;799;100097;47902;30.2;14.5
03;2021-05-01;437;488;100534;48390;30.3;14.6
03;2021-05-02;1;1;100535;48391;30.3;14.6
03;2021-05-03;1910;769;102445;49160;30.9;14.8
03;2021-05-04;2842;1620;105287;50780;31.8;15.3
03;2021-05-05;2603;1314;107890;52094;32.6;15.7
03;2021-05-06;3095;2005;110985;54099;33.5;16.3
03;2021-05-07;4726;1780;115711;55879;34.9;16.9
03;2021-05-08;659;379;116370;56258;35.1;17.0
03;2021-05-09;49;512;116419;56770;35.1;17.1
03;2021-05-10;1891;1462;118310;58232;35.7;17.6
03;2021-05-11;3901;1830;122211;60062;36.9;18.1
03;2021-05-12;2970;1518;125181;61580;37.8;18.6
03;2021-05-13;4378;398;129559;61978;39.1;18.7
03;2021-05-14;3654;1688;133213;63666;40.2;19.2
03;2021-05-15;1942;487;135155;64153;40.8;19.4
03;2021-05-16;517;56;135672;64209;40.9;19.4
03;2021-05-17;1276;861;136948;65070;41.3;19.6
03;2021-05-18;3070;1496;140018;66566;42.3;20.1
03;2021-05-19;2616;961;142634;67527;43.1;20.4
03;2021-05-20;3331;1132;145965;68659;44.1;20.7
03;2021-05-21;4190;1276;150155;69935;45.3;21.1
03;2021-05-22;2012;358;152167;70293;45.9;21.2
03;2021-05-23;641;73;152808;70366;46.1;21.2
03;2021-05-24;2654;212;155462;70578;46.9;21.3
03;2021-05-25;3071;1685;158533;72263;47.8;21.8
03;2021-05-26;2338;1041;160871;73304;48.6;22.1
03;2021-05-27;2944;1123;163815;74427;49.4;22.5
03;2021-05-28;3842;2272;167657;76699;50.6;23.1
03;2021-05-29;1746;597;169403;77296;51.1;23.3
03;2021-05-30;242;23;169645;77319;51.2;23.3
03;2021-05-31;694;572;170339;77891;51.4;23.5
03;2021-06-01;2301;2342;172640;80233;52.1;24.2
03;2021-06-02;1532;1747;174172;81980;52.6;24.7
03;2021-06-03;2056;2753;176228;84733;53.2;25.6
03;2021-06-04;1698;2504;177926;87237;53.7;26.3
03;2021-06-05;1076;1141;179002;88378;54.0;26.7
03;2021-06-06;58;6;179060;88384;54.0;26.7
03;2021-06-07;783;1812;179843;90196;54.3;27.2
03;2021-06-08;1454;2550;181297;92746;54.7;28.0
03;2021-06-09;1265;1871;182562;94617;55.1;28.6
03;2021-06-10;1374;2118;183936;96735;55.5;29.2
03;2021-06-11;1503;3449;185439;100184;56.0;30.2
03;2021-06-12;830;823;186269;101007;56.2;30.5
03;2021-06-13;20;10;186289;101017;56.2;30.5
03;2021-06-14;380;2178;186669;103195;56.3;31.1
03;2021-06-15;1316;3835;187985;107030;56.7;32.3
03;2021-06-16;788;2887;188773;109917;57.0;33.2
03;2021-06-17;1083;3332;189856;113249;57.3;34.2
03;2021-06-18;1111;3976;190967;117225;57.6;35.4
03;2021-06-19;640;1615;191607;118840;57.8;35.9
03;2021-06-20;20;8;191627;118848;57.8;35.9
03;2021-06-21;458;2637;192085;121485;58.0;36.7
03;2021-06-22;1023;4001;193108;125486;58.3;37.9
03;2021-06-23;701;3283;193809;128769;58.5;38.9
03;2021-06-24;974;3863;194783;132632;58.8;40.0
03;2021-06-25;1003;3891;195786;136523;59.1;41.2
03;2021-06-26;511;2040;196297;138563;59.2;41.8
03;2021-06-27;66;486;196363;139049;59.3;42.0
03;2021-06-28;636;2097;196999;141146;59.5;42.6
03;2021-06-29;1015;3330;198014;144476;59.8;43.6
03;2021-06-30;829;3116;198843;147592;60.0;44.5
03;2021-07-01;972;2938;199815;150530;60.3;45.4
03;2021-07-02;906;4092;200721;154622;60.6;46.7
03;2021-07-03;472;1882;201193;156504;60.7;47.2
03;2021-07-04;19;333;201212;156837;60.7;47.3
03;2021-07-05;762;2377;201974;159214;61.0;48.1
03;2021-07-06;1097;3453;203071;162667;61.3;49.1
03;2021-07-07;800;2616;203871;165283;61.5;49.9
03;2021-07-08;1049;3035;204920;168318;61.9;50.8
03;2021-07-09;1426;3626;206346;171944;62.3;51.9
03;2021-07-10;489;1926;206835;173870;62.4;52.5
03;2021-07-11;60;493;206895;174363;62.4;52.6
03;2021-07-12;923;1151;207818;175514;62.7;53.0
03;2021-07-13;2518;3150;210336;178664;63.5;53.9
03;2021-07-14;194;23;210530;178687;63.5;53.9
03;2021-07-15;2556;2453;213086;181140;64.3;54.7
03;2021-07-16;2689;2265;215775;183405;65.1;55.4
03;2021-07-17;1023;1626;216798;185031;65.4;55.8
03;2021-07-18;31;6;216829;185037;65.4;55.8
03;2021-07-19;2377;1268;219206;186305;66.2;56.2
03;2021-07-20;3062;3034;222268;189339;67.1;57.1
03;2021-07-21;3201;1436;225469;190775;68.1;57.6
03;2021-07-22;2843;1871;228312;192646;68.9;58.1
03;2021-07-23;3185;1287;231497;193933;69.9;58.5
03;2021-07-24;586;578;232083;194511;70.0;58.7
03;2021-07-25;17;5;232100;194516;70.1;58.7
03;2021-07-26;2035;1577;234135;196093;70.7;59.2
03;2021-07-27;3303;2214;237438;198307;71.7;59.9
03;2021-07-28;2700;1108;240138;199415;72.5;60.2
03;2021-07-29;2435;1650;242573;201065;73.2;60.7
03;2021-07-30;2116;1437;244689;202502;73.9;61.1
03;2021-07-31;960;886;245649;203388;74.1;61.4
03;2021-08-01;13;20;245662;203408;74.1;61.4
03;2021-08-02;1645;1599;247307;205007;74.6;61.9
03;2021-08-03;2205;2766;249512;207773;75.3;62.7
04;2020-12-27;0;0;0;0;0.0;0.0
04;2020-12-28;1;0;1;0;0.0;0.0
04;2020-12-29;0;0;1;0;0.0;0.0
04;2020-12-30;0;0;1;0;0.0;0.0
04;2020-12-31;0;0;1;0;0.0;0.0
04;2021-01-01;0;0;1;0;0.0;0.0
04;2021-01-02;0;0;1;0;0.0;0.0
04;2021-01-03;0;0;1;0;0.0;0.0
04;2021-01-04;0;0;1;0;0.0;0.0
04;2021-01-05;4;0;5;0;0.0;0.0
04;2021-01-06;0;0;5;0;0.0;0.0
04;2021-01-07;61;0;66;0;0.0;0.0
04;2021-01-08;88;0;154;0;0.1;0.0
04;2021-01-09;57;0;211;0;0.1;0.0
04;2021-01-10;0;0;211;0;0.1;0.0
04;2021-01-11;76;0;287;0;0.2;0.0
04;2021-01-12;418;1;705;1;0.4;0.0
04;2021-01-13;245;1;950;2;0.6;0.0
04;2021-01-14;90;2;1040;4;0.6;0.0
04;2021-01-15;165;3;1205;7;0.7;0.0
04;2021-01-16;105;2;1310;9;0.8;0.0
04;2021-01-17;14;0;1324;9;0.8;0.0
04;2021-01-18;235;9;1559;18;0.9;0.0
04;2021-01-19;466;4;2025;22;1.2;0.0
04;2021-01-20;572;6;2597;28;1.6;0.0
04;2021-01-21;612;6;3209;34;1.9;0.0
04;2021-01-22;638;1;3847;35;2.3;0.0
04;2021-01-23;109;0;3956;35;2.4;0.0
04;2021-01-24;0;0;3956;35;2.4;0.0
04;2021-01-25;239;0;4195;35;2.5;0.0
04;2021-01-26;656;0;4851;35;2.9;0.0
04;2021-01-27;480;0;5331;35;3.2;0.0
04;2021-01-28;665;21;5996;56;3.6;0.0
04;2021-01-29;367;41;6363;97;3.9;0.1
04;2021-01-30;65;41;6428;138;3.9;0.1
04;2021-01-31;1;5;6429;143;3.9;0.1
04;2021-02-01;239;149;6668;292;4.0;0.2
04;2021-02-02;552;224;7220;516;4.4;0.3
04;2021-02-03;368;162;7588;678;4.6;0.4
04;2021-02-04;355;53;7943;731;4.8;0.4
04;2021-02-05;379;224;8322;955;5.0;0.6
04;2021-02-06;50;95;8372;1050;5.1;0.6
04;2021-02-07;2;22;8374;1072;5.1;0.6
04;2021-02-08;163;71;8537;1143;5.2;0.7
04;2021-02-09;193;144;8730;1287;5.3;0.8
04;2021-02-10;252;171;8982;1458;5.4;0.9
04;2021-02-11;364;291;9346;1749;5.7;1.1
04;2021-02-12;293;318;9639;2067;5.8;1.3
04;2021-02-13;26;94;9665;2161;5.9;1.3
04;2021-02-14;0;0;9665;2161;5.9;1.3
04;2021-02-15;31;165;9696;2326;5.9;1.4
04;2021-02-16;80;522;9776;2848;5.9;1.7
04;2021-02-17;67;434;9843;3282;6.0;2.0
04;2021-02-18;45;612;9888;3894;6.0;2.4
04;2021-02-19;51;377;9939;4271;6.0;2.6
04;2021-02-20;5;71;9944;4342;6.0;2.6
04;2021-02-21;0;0;9944;4342;6.0;2.6
04;2021-02-22;7;298;9951;4640;6.0;2.8
04;2021-02-23;19;595;9970;5235;6.0;3.2
04;2021-02-24;38;429;10008;5664;6.1;3.4
04;2021-02-25;70;378;10078;6042;6.1;3.7
04;2021-02-26;215;332;10293;6374;6.2;3.9
04;2021-02-27;179;75;10472;6449;6.3;3.9
04;2021-02-28;1;0;10473;6449;6.3;3.9
04;2021-03-01;18;74;10491;6523;6.4;3.9
04;2021-03-02;135;41;10626;6564;6.4;4.0
04;2021-03-03;375;644;11001;7208;6.7;4.4
04;2021-03-04;208;491;11209;7699;6.8;4.7
04;2021-03-05;236;359;11445;8058;6.9;4.9
04;2021-03-06;912;69;12357;8127;7.5;4.9
04;2021-03-07;498;24;12855;8151;7.8;4.9
04;2021-03-08;44;83;12899;8234;7.8;5.0
04;2021-03-09;215;257;13114;8491;7.9;5.1
04;2021-03-10;400;372;13514;8863;8.2;5.4
04;2021-03-11;495;341;14009;9204;8.5;5.6
04;2021-03-12;699;205;14708;9409;8.9;5.7
04;2021-03-13;1087;61;15795;9470;9.6;5.7
04;2021-03-14;459;3;16254;9473;9.8;5.7
04;2021-03-15;92;13;16346;9486;9.9;5.7
04;2021-03-16;74;9;16420;9495;9.9;5.7
04;2021-03-17;531;74;16951;9569;10.3;5.8
04;2021-03-18;815;22;17766;9591;10.8;5.8
04;2021-03-19;723;30;18489;9621;11.2;5.8
04;2021-03-20;159;3;18648;9624;11.3;5.8
04;2021-03-21;0;0;18648;9624;11.3;5.8
04;2021-03-22;105;12;18753;9636;11.4;5.8
04;2021-03-23;244;6;18997;9642;11.5;5.8
04;2021-03-24;1023;51;20020;9693;12.1;5.9
04;2021-03-25;1326;45;21346;9738;12.9;5.9
04;2021-03-26;1448;66;22794;9804;13.8;5.9
04;2021-03-27;264;19;23058;9823;14.0;5.9
04;2021-03-28;2;0;23060;9823;14.0;5.9
04;2021-03-29;679;12;23739;9835;14.4;6.0
04;2021-03-30;1085;144;24824;9979;15.0;6.0
04;2021-03-31;1327;100;26151;10079;15.8;6.1
04;2021-04-01;1131;122;27282;10201;16.5;6.2
04;2021-04-02;1184;108;28466;10309;17.2;6.2
04;2021-04-03;250;20;28716;10329;17.4;6.3
04;2021-04-04;1;0;28717;10329;17.4;6.3
04;2021-04-05;35;1;28752;10330;17.4;6.3
04;2021-04-06;927;143;29679;10473;18.0;6.3
04;2021-04-07;882;432;30561;10905;18.5;6.6
04;2021-04-08;926;697;31487;11602;19.1;7.0
04;2021-04-09;677;415;32164;12017;19.5;7.3
04;2021-04-10;231;192;32395;12209;19.6;7.4
04;2021-04-11;153;65;32548;12274;19.7;7.4
04;2021-04-12;594;98;33142;12372;20.1;7.5
04;2021-04-13;1190;237;34332;12609;20.8;7.6
04;2021-04-14;992;499;35324;13108;21.4;7.9
04;2021-04-15;921;667;36245;13775;21.9;8.3
04;2021-04-16;819;457;37064;14232;22.4;8.6
04;2021-04-17;211;69;37275;14301;22.6;8.7
04;2021-04-18;0;13;37275;14314;22.6;8.7
04;2021-04-19;338;290;37613;14604;22.8;8.8
04;2021-04-20;1005;444;38618;15048;23.4;9.1
04;2021-04-21;654;747;39272;15795;23.8;9.6
04;2021-04-22;759;856;40031;16651;24.2;10.1
04;2021-04-23;695;533;40726;17184;24.7;10.4
04;2021-04-24;165;65;40891;17249;24.8;10.4
04;2021-04-25;0;0;40891;17249;24.8;10.4
04;2021-04-26;172;612;41063;17861;24.9;10.8
04;2021-04-27;394;967;41457;18828;25.1;11.4
04;2021-04-28;431;1088;41888;19916;25.4;12.1
04;2021-04-29;687;1127;42575;21043;25.8;12.7
04;2021-04-30;435;849;43010;21892;26.0;13.3
04;2021-05-01;104;22;43114;21914;26.1;13.3
04;2021-05-02;8;132;43122;22046;26.1;13.3
04;2021-05-03;151;552;43273;22598;26.2;13.7
04;2021-05-04;564;838;43837;23436;26.5;14.2
04;2021-05-05;514;928;44351;24364;26.8;14.7
04;2021-05-06;1160;589;45511;24953;27.5;15.1
04;2021-05-07;658;761;46169;25714;27.9;15.6
04;2021-05-08;48;98;46217;25812;28.0;15.6
04;2021-05-09;0;0;46217;25812;28.0;15.6
04;2021-05-10;466;297;46683;26109;28.3;15.8
04;2021-05-11;1202;907;47885;27016;29.0;16.4
04;2021-05-12;1389;738;49274;27754;29.8;16.8
04;2021-05-13;378;130;49652;27884;30.1;16.9
04;2021-05-14;441;295;50093;28179;30.3;17.1
04;2021-05-15;99;163;50192;28342;30.4;17.2
04;2021-05-16;4;6;50196;28348;30.4;17.2
04;2021-05-17;155;298;50351;28646;30.5;17.3
04;2021-05-18;392;975;50743;29621;30.7;17.9
04;2021-05-19;773;688;51516;30309;31.2;18.3
04;2021-05-20;1258;553;52774;30862;31.9;18.7
04;2021-05-21;849;786;53623;31648;32.5;19.2
04;2021-05-22;105;146;53728;31794;32.5;19.2
04;2021-05-23;1;1;53729;31795;32.5;19.2
04;2021-05-24;0;36;53729;31831;32.5;19.3
04;2021-05-25;868;595;54597;32426;33.0;19.6
04;2021-05-26;1047;787;55644;33213;33.7;20.1
04;2021-05-27;1357;631;57001;33844;34.5;20.5
04;2021-05-28;1120;658;58121;34502;35.2;20.9
04;2021-05-29;89;397;58210;34899;35.2;21.1
04;2021-05-30;3;1;58213;34900;35.2;21.1
04;2021-05-31;421;418;58634;35318;35.5;21.4
04;2021-06-01;641;636;59275;35954;35.9;21.8
04;2021-06-02;868;1062;60143;37016;36.4;22.4
04;2021-06-03;1195;853;61338;37869;37.1;22.9
04;2021-06-04;977;779;62315;38648;37.7;23.4
04;2021-06-05;142;201;62457;38849;37.8;23.5
04;2021-06-06;6;13;62463;38862;37.8;23.5
04;2021-06-07;564;318;63027;39180;38.2;23.7
04;2021-06-08;843;597;63870;39777;38.7;24.1
04;2021-06-09;1149;687;65019;40464;39.4;24.5
04;2021-06-10;1146;584;66165;41048;40.1;24.8
04;2021-06-11;945;610;67110;41658;40.6;25.2
04;2021-06-12;210;148;67320;41806;40.8;25.3
04;2021-06-13;1;1;67321;41807;40.8;25.3
04;2021-06-14;478;304;67799;42111;41.0;25.5
04;2021-06-15;642;1000;68441;43111;41.4;26.1
04;2021-06-16;1021;784;69462;43895;42.0;26.6
04;2021-06-17;1000;960;70462;44855;42.7;27.2
04;2021-06-18;765;885;71227;45740;43.1;27.7
04;2021-06-19;39;85;71266;45825;43.1;27.7
04;2021-06-20;7;9;71273;45834;43.1;27.7
04;2021-06-21;306;612;71579;46446;43.3;28.1
04;2021-06-22;360;1307;71939;47753;43.5;28.9
04;2021-06-23;474;1313;72413;49066;43.8;29.7
04;2021-06-24;848;818;73261;49884;44.3;30.2
04;2021-06-25;461;637;73722;50521;44.6;30.6
04;2021-06-26;56;129;73778;50650;44.7;30.7
04;2021-06-27;4;4;73782;50654;44.7;30.7
04;2021-06-28;159;340;73941;50994;44.8;30.9
04;2021-06-29;370;833;74311;51827;45.0;31.4
04;2021-06-30;541;1121;74852;52948;45.3;32.1
04;2021-07-01;575;1214;75427;54162;45.7;32.8
04;2021-07-02;556;1085;75983;55247;46.0;33.4
04;2021-07-03;65;162;76048;55409;46.0;33.5
04;2021-07-04;6;6;76054;55415;46.0;33.5
04;2021-07-05;105;295;76159;55710;46.1;33.7
04;2021-07-06;505;1384;76664;57094;46.4;34.6
04;2021-07-07;487;1344;77151;58438;46.7;35.4
04;2021-07-08;721;1354;77872;59792;47.1;36.2
04;2021-07-09;579;1063;78451;60855;47.5;36.8
04;2021-07-10;91;175;78542;61030;47.5;36.9
04;2021-07-11;0;21;78542;61051;47.5;37.0
04;2021-07-12;125;654;78667;61705;47.6;37.4
04;2021-07-13;873;1541;79540;63246;48.1;38.3
04;2021-07-14;24;43;79564;63289;48.2;38.3
04;2021-07-15;1211;1730;80775;65019;48.9;39.4
04;2021-07-16;1076;1113;81851;66132;49.5;40.0
04;2021-07-17;443;232;82294;66364;49.8;40.2
04;2021-07-18;112;18;82406;66382;49.9;40.2
04;2021-07-19;483;651;82889;67033;50.2;40.6
04;2021-07-20;1308;1455;84197;68488;51.0;41.5
04;2021-07-21;1119;1165;85316;69653;51.6;42.2
04;2021-07-22;1494;1360;86810;71013;52.5;43.0
04;2021-07-23;1149;1140;87959;72153;53.2;43.7
04;2021-07-24;680;210;88639;72363;53.7;43.8
04;2021-07-25;42;20;88681;72383;53.7;43.8
04;2021-07-26;439;638;89120;73021;53.9;44.2
04;2021-07-27;1359;1041;90479;74062;54.8;44.8
04;2021-07-28;1067;1035;91546;75097;55.4;45.5
04;2021-07-29;1548;1300;93094;76397;56.4;46.2
04;2021-07-30;1245;918;94339;77315;57.1;46.8
04;2021-07-31;251;172;94590;77487;57.3;46.9
04;2021-08-01;48;18;94638;77505;57.3;46.9
04;2021-08-02;132;109;94770;77614;57.4;47.0
04;2021-08-03;1316;1095;96086;78709;58.2;47.6
05;2020-12-27;0;0;0;0;0.0;0.0
05;2020-12-28;1;0;1;0;0.0;0.0
05;2020-12-29;1;0;2;0;0.0;0.0
05;2020-12-30;0;0;2;0;0.0;0.0
05;2020-12-31;0;0;2;0;0.0;0.0
05;2021-01-01;2;0;4;0;0.0;0.0
05;2021-01-02;2;0;6;0;0.0;0.0
05;2021-01-03;1;0;7;0;0.0;0.0
05;2021-01-04;2;0;9;0;0.0;0.0
05;2021-01-05;0;0;9;0;0.0;0.0
05;2021-01-06;21;0;30;0;0.0;0.0
05;2021-01-07;128;0;158;0;0.1;0.0
05;2021-01-08;146;0;304;0;0.2;0.0
05;2021-01-09;11;0;315;0;0.2;0.0
05;2021-01-10;0;0;315;0;0.2;0.0
05;2021-01-11;44;0;359;0;0.3;0.0
05;2021-01-12;105;0;464;0;0.3;0.0
05;2021-01-13;140;0;604;0;0.4;0.0
05;2021-01-14;166;0;770;0;0.5;0.0
05;2021-01-15;128;1;898;1;0.6;0.0
05;2021-01-16;13;0;911;1;0.6;0.0
05;2021-01-17;0;0;911;1;0.6;0.0
05;2021-01-18;225;1;1136;2;0.8;0.0
05;2021-01-19;227;0;1363;2;1.0;0.0
05;2021-01-20;213;0;1576;2;1.1;0.0
05;2021-01-21;255;0;1831;2;1.3;0.0
05;2021-01-22;194;1;2025;3;1.4;0.0
05;2021-01-23;112;0;2137;3;1.5;0.0
05;2021-01-24;0;0;2137;3;1.5;0.0
05;2021-01-25;315;0;2452;3;1.7;0.0
05;2021-01-26;485;0;2937;3;2.1;0.0
05;2021-01-27;389;4;3326;7;2.3;0.0
05;2021-01-28;363;55;3689;62;2.6;0.0
05;2021-01-29;363;113;4052;175;2.9;0.1
05;2021-01-30;97;8;4149;183;2.9;0.1
05;2021-01-31;4;0;4153;183;2.9;0.1
05;2021-02-01;176;21;4329;204;3.1;0.1
05;2021-02-02;186;122;4515;326;3.2;0.2
05;2021-02-03;206;65;4721;391;3.3;0.3
05;2021-02-04;197;128;4918;519;3.5;0.4
05;2021-02-05;183;111;5101;630;3.6;0.4
05;2021-02-06;73;23;5174;653;3.6;0.5
05;2021-02-07;0;5;5174;658;3.6;0.5
05;2021-02-08;84;125;5258;783;3.7;0.6
05;2021-02-09;97;118;5355;901;3.8;0.6
05;2021-02-10;81;178;5436;1079;3.8;0.8
05;2021-02-11;87;138;5523;1217;3.9;0.9
05;2021-02-12;84;150;5607;1367;4.0;1.0
05;2021-02-13;75;32;5682;1399;4.0;1.0
05;2021-02-14;0;0;5682;1399;4.0;1.0
05;2021-02-15;97;191;5779;1590;4.1;1.1
05;2021-02-16;110;286;5889;1876;4.2;1.3
05;2021-02-17;136;233;6025;2109;4.3;1.5
05;2021-02-18;154;299;6179;2408;4.4;1.7
05;2021-02-19;158;323;6337;2731;4.5;1.9
05;2021-02-20;31;87;6368;2818;4.5;2.0
05;2021-02-21;0;0;6368;2818;4.5;2.0
05;2021-02-22;70;245;6438;3063;4.5;2.2
05;2021-02-23;18;239;6456;3302;4.6;2.3
05;2021-02-24;21;196;6477;3498;4.6;2.5
05;2021-02-25;56;177;6533;3675;4.6;2.6
05;2021-02-26;145;213;6678;3888;4.7;2.7
05;2021-02-27;65;171;6743;4059;4.8;2.9
05;2021-02-28;10;0;6753;4059;4.8;2.9
05;2021-03-01;90;170;6843;4229;4.8;3.0
05;2021-03-02;92;198;6935;4427;4.9;3.1
05;2021-03-03;111;232;7046;4659;5.0;3.3
05;2021-03-04;241;165;7287;4824;5.1;3.4
05;2021-03-05;578;190;7865;5014;5.5;3.5
05;2021-03-06;668;58;8533;5072;6.0;3.6
05;2021-03-07;515;17;9048;5089;6.4;3.6
05;2021-03-08;556;136;9604;5225;6.8;3.7
05;2021-03-09;518;160;10122;5385;7.1;3.8
05;2021-03-10;497;142;10619;5527;7.5;3.9
05;2021-03-11;374;137;10993;5664;7.8;4.0
05;2021-03-12;435;87;11428;5751;8.1;4.1
05;2021-03-13;794;86;12222;5837;8.6;4.1
05;2021-03-14;668;8;12890;5845;9.1;4.1
05;2021-03-15;353;125;13243;5970;9.3;4.2
05;2021-03-16;148;140;13391;6110;9.4;4.3
05;2021-03-17;262;120;13653;6230;9.6;4.4
05;2021-03-18;364;34;14017;6264;9.9;4.4
05;2021-03-19;449;59;14466;6323;10.2;4.5
05;2021-03-20;167;31;14633;6354;10.3;4.5
05;2021-03-21;0;0;14633;6354;10.3;4.5
05;2021-03-22;715;30;15348;6384;10.8;4.5
05;2021-03-23;804;12;16152;6396;11.4;4.5
05;2021-03-24;786;73;16938;6469;11.9;4.6
05;2021-03-25;899;57;17837;6526;12.6;4.6
05;2021-03-26;1022;42;18859;6568;13.3;4.6
05;2021-03-27;466;34;19325;6602;13.6;4.7
05;2021-03-28;10;0;19335;6602;13.6;4.7
05;2021-03-29;903;62;20238;6664;14.3;4.7
05;2021-03-30;1141;69;21379;6733;15.1;4.7
05;2021-03-31;823;252;22202;6985;15.7;4.9
05;2021-04-01;899;237;23101;7222;16.3;5.1
05;2021-04-02;665;375;23766;7597;16.8;5.4
05;2021-04-03;550;182;24316;7779;17.2;5.5
05;2021-04-04;350;63;24666;7842;17.4;5.5
05;2021-04-05;158;11;24824;7853;17.5;5.5
05;2021-04-06;646;269;25470;8122;18.0;5.7
05;2021-04-07;773;324;26243;8446;18.5;6.0
05;2021-04-08;735;334;26978;8780;19.0;6.2
05;2021-04-09;882;399;27860;9179;19.7;6.5
05;2021-04-10;713;385;28573;9564;20.2;6.7
05;2021-04-11;190;174;28763;9738;20.3;6.9
05;2021-04-12;732;258;29495;9996;20.8;7.1
05;2021-04-13;921;227;30416;10223;21.5;7.2
05;2021-04-14;665;326;31081;10549;21.9;7.4
05;2021-04-15;766;397;31847;10946;22.5;7.7
05;2021-04-16;730;411;32577;11357;23.0;8.0
05;2021-04-17;669;236;33246;11593;23.5;8.2
05;2021-04-18;305;23;33551;11616;23.7;8.2
05;2021-04-19;363;537;33914;12153;23.9;8.6
05;2021-04-20;481;630;34395;12783;24.3;9.0
05;2021-04-21;494;629;34889;13412;24.6;9.5
05;2021-04-22;385;546;35274;13958;24.9;9.8
05;2021-04-23;522;649;35796;14607;25.3;10.3
05;2021-04-24;346;383;36142;14990;25.5;10.6
05;2021-04-25;288;23;36430;15013;25.7;10.6
05;2021-04-26;365;706;36795;15719;26.0;11.1
05;2021-04-27;657;748;37452;16467;26.4;11.6
05;2021-04-28;468;719;37920;17186;26.8;12.1
05;2021-04-29;703;749;38623;17935;27.2;12.7
05;2021-04-30;508;751;39131;18686;27.6;13.2
05;2021-05-01;138;110;39269;18796;27.7;13.3
05;2021-05-02;266;114;39535;18910;27.9;13.3
05;2021-05-03;457;495;39992;19405;28.2;13.7
05;2021-05-04;384;502;40376;19907;28.5;14.0
05;2021-05-05;462;670;40838;20577;28.8;14.5
05;2021-05-06;647;718;41485;21295;29.3;15.0
05;2021-05-07;595;802;42080;22097;29.7;15.6
05;2021-05-08;481;174;42561;22271;30.0;15.7
05;2021-05-09;208;57;42769;22328;30.2;15.8
05;2021-05-10;498;693;43267;23021;30.5;16.2
05;2021-05-11;669;912;43936;23933;31.0;16.9
05;2021-05-12;647;734;44583;24667;31.5;17.4
05;2021-05-13;959;114;45542;24781;32.1;17.5
05;2021-05-14;826;491;46368;25272;32.7;17.8
05;2021-05-15;1043;354;47411;25626;33.4;18.1
05;2021-05-16;235;52;47646;25678;33.6;18.1
05;2021-05-17;484;431;48130;26109;34.0;18.4
05;2021-05-18;516;419;48646;26528;34.3;18.7
05;2021-05-19;724;457;49370;26985;34.8;19.0
05;2021-05-20;746;433;50116;27418;35.4;19.3
05;2021-05-21;705;511;50821;27929;35.9;19.7
05;2021-05-22;606;238;51427;28167;36.3;19.9
05;2021-05-23;277;59;51704;28226;36.5;19.9
05;2021-05-24;508;157;52212;28383;36.8;20.0
05;2021-05-25;514;482;52726;28865;37.2;20.4
05;2021-05-26;694;360;53420;29225;37.7;20.6
05;2021-05-27;799;571;54219;29796;38.2;21.0
05;2021-05-28;664;646;54883;30442;38.7;21.5
05;2021-05-29;566;546;55449;30988;39.1;21.9
05;2021-05-30;212;82;55661;31070;39.3;21.9
05;2021-05-31;575;496;56236;31566;39.7;22.3
05;2021-06-01;589;584;56825;32150;40.1;22.7
05;2021-06-02;684;702;57509;32852;40.6;23.2
05;2021-06-03;714;651;58223;33503;41.1;23.6
05;2021-06-04;1017;816;59240;34319;41.8;24.2
05;2021-06-05;807;505;60047;34824;42.4;24.6
05;2021-06-06;200;88;60247;34912;42.5;24.6
05;2021-06-07;605;834;60852;35746;42.9;25.2
05;2021-06-08;697;656;61549;36402;43.4;25.7
05;2021-06-09;649;783;62198;37185;43.9;26.2
05;2021-06-10;543;718;62741;37903;44.3;26.7
05;2021-06-11;763;721;63504;38624;44.8;27.2
05;2021-06-12;589;485;64093;39109;45.2;27.6
05;2021-06-13;112;91;64205;39200;45.3;27.7
05;2021-06-14;401;669;64606;39869;45.6;28.1
05;2021-06-15;543;912;65149;40781;46.0;28.8
05;2021-06-16;433;672;65582;41453;46.3;29.2
05;2021-06-17;359;802;65941;42255;46.5;29.8
05;2021-06-18;396;724;66337;42979;46.8;30.3
05;2021-06-19;421;572;66758;43551;47.1;30.7
05;2021-06-20;62;77;66820;43628;47.1;30.8
05;2021-06-21;319;642;67139;44270;47.4;31.2
05;2021-06-22;354;829;67493;45099;47.6;31.8
05;2021-06-23;353;761;67846;45860;47.9;32.4
05;2021-06-24;386;1019;68232;46879;48.1;33.1
05;2021-06-25;226;894;68458;47773;48.3;33.7
05;2021-06-26;291;1074;68749;48847;48.5;34.5
05;2021-06-27;128;170;68877;49017;48.6;34.6
05;2021-06-28;253;792;69130;49809;48.8;35.1
05;2021-06-29;250;785;69380;50594;48.9;35.7
05;2021-06-30;325;789;69705;51383;49.2;36.2
05;2021-07-01;381;791;70086;52174;49.4;36.8
05;2021-07-02;368;869;70454;53043;49.7;37.4
05;2021-07-03;302;740;70756;53783;49.9;37.9
05;2021-07-04;178;176;70934;53959;50.0;38.1
05;2021-07-05;264;783;71198;54742;50.2;38.6
05;2021-07-06;333;860;71531;55602;50.5;39.2
05;2021-07-07;394;783;71925;56385;50.7;39.8
05;2021-07-08;430;851;72355;57236;51.0;40.4
05;2021-07-09;421;999;72776;58235;51.3;41.1
05;2021-07-10;312;728;73088;58963;51.6;41.6
05;2021-07-11;174;119;73262;59082;51.7;41.7
05;2021-07-12;412;1013;73674;60095;52.0;42.4
05;2021-07-13;479;873;74153;60968;52.3;43.0
05;2021-07-14;834;299;74987;61267;52.9;43.2
05;2021-07-15;707;993;75694;62260;53.4;43.9
05;2021-07-16;1020;1449;76714;63709;54.1;44.9
05;2021-07-17;669;1301;77383;65010;54.6;45.9
05;2021-07-18;284;126;77667;65136;54.8;45.9
05;2021-07-19;566;794;78233;65930;55.2;46.5
05;2021-07-20;753;802;78986;66732;55.7;47.1
05;2021-07-21;878;843;79864;67575;56.3;47.7
05;2021-07-22;805;866;80669;68441;56.9;48.3
05;2021-07-23;1442;1230;82111;69671;57.9;49.1
05;2021-07-24;855;828;82966;70499;58.5;49.7
05;2021-07-25;305;159;83271;70658;58.7;49.8
05;2021-07-26;771;558;84042;71216;59.3;50.2
05;2021-07-27;1253;744;85295;71960;60.2;50.8
05;2021-07-28;1513;708;86808;72668;61.2;51.3
05;2021-07-29;1345;715;88153;73383;62.2;51.8
05;2021-07-30;956;592;89109;73975;62.9;52.2
05;2021-07-31;776;517;89885;74492;63.4;52.5
05;2021-08-01;192;175;90077;74667;63.5;52.7
05;2021-08-02;825;541;90902;75208;64.1;53.1
05;2021-08-03;814;593;91716;75801;64.7;53.5
06;2020-12-27;3;0;3;0;0.0;0.0
06;2020-12-28;3;0;6;0;0.0;0.0
06;2020-12-29;3;0;9;0;0.0;0.0
06;2020-12-30;6;0;15;0;0.0;0.0
06;2020-12-31;22;0;37;0;0.0;0.0
06;2021-01-01;13;0;50;0;0.0;0.0
06;2021-01-02;4;0;54;0;0.0;0.0
06;2021-01-03;3;0;57;0;0.0;0.0
06;2021-01-04;140;1;197;1;0.0;0.0
06;2021-01-05;177;1;374;2;0.0;0.0
06;2021-01-06;215;0;589;2;0.1;0.0
06;2021-01-07;499;0;1088;2;0.1;0.0
06;2021-01-08;666;2;1754;4;0.2;0.0
06;2021-01-09;391;2;2145;6;0.2;0.0
06;2021-01-10;74;0;2219;6;0.2;0.0
06;2021-01-11;1131;0;3350;6;0.3;0.0
06;2021-01-12;2208;4;5558;10;0.5;0.0
06;2021-01-13;1733;6;7291;16;0.7;0.0
06;2021-01-14;2077;16;9368;32;0.9;0.0
06;2021-01-15;1860;5;11228;37;1.0;0.0
06;2021-01-16;973;4;12201;41;1.1;0.0
06;2021-01-17;232;0;12433;41;1.2;0.0
06;2021-01-18;2458;7;14891;48;1.4;0.0
06;2021-01-19;2738;7;17629;55;1.6;0.0
06;2021-01-20;3329;7;20958;62;1.9;0.0
06;2021-01-21;3009;26;23967;88;2.2;0.0
06;2021-01-22;2845;12;26812;100;2.5;0.0
06;2021-01-23;1297;3;28109;103;2.6;0.0
06;2021-01-24;29;0;28138;103;2.6;0.0
06;2021-01-25;2057;15;30195;118;2.8;0.0
06;2021-01-26;3375;38;33570;156;3.1;0.0
06;2021-01-27;2538;101;36108;257;3.3;0.0
06;2021-01-28;2798;200;38906;457;3.6;0.0
06;2021-01-29;2492;311;41398;768;3.8;0.1
06;2021-01-30;666;43;42064;811;3.9;0.1
06;2021-01-31;2;0;42066;811;3.9;0.1
06;2021-02-01;1024;480;43090;1291;4.0;0.1
06;2021-02-02;1491;413;44581;1704;4.1;0.2
06;2021-02-03;330;136;44911;1840;4.2;0.2
06;2021-02-04;711;897;45622;2737;4.2;0.3
06;2021-02-05;1010;1118;46632;3855;4.3;0.4
06;2021-02-06;150;462;46782;4317;4.3;0.4
06;2021-02-07;6;49;46788;4366;4.3;0.4
06;2021-02-08;526;1089;47314;5455;4.4;0.5
06;2021-02-09;309;739;47623;6194;4.4;0.6
06;2021-02-10;367;668;47990;6862;4.4;0.6
06;2021-02-11;468;1075;48458;7937;4.5;0.7
06;2021-02-12;652;1315;49110;9252;4.5;0.9
06;2021-02-13;206;525;49316;9777;4.6;0.9
06;2021-02-14;4;2;49320;9779;4.6;0.9
06;2021-02-15;461;1283;49781;11062;4.6;1.0
06;2021-02-16;863;2032;50644;13094;4.7;1.2
06;2021-02-17;823;2157;51467;15251;4.8;1.4
06;2021-02-18;1793;2711;53260;17962;4.9;1.7
06;2021-02-19;1760;2152;55020;20114;5.1;1.9
06;2021-02-20;276;530;55296;20644;5.1;1.9
06;2021-02-21;21;55;55317;20699;5.1;1.9
06;2021-02-22;1075;1628;56392;22327;5.2;2.1
06;2021-02-23;1745;1562;58137;23889;5.4;2.2
06;2021-02-24;2103;1299;60240;25188;5.6;2.3
06;2021-02-25;3827;1719;64067;26907;5.9;2.5
06;2021-02-26;3386;1607;67453;28514;6.2;2.6
06;2021-02-27;1422;329;68875;28843;6.4;2.7
06;2021-02-28;84;23;68959;28866;6.4;2.7
06;2021-03-01;2396;816;71355;29682;6.6;2.7
06;2021-03-02;2448;985;73803;30667;6.8;2.8
06;2021-03-03;2831;563;76634;31230;7.1;2.9
06;2021-03-04;4594;605;81228;31835;7.5;2.9
06;2021-03-05;3889;1018;85117;32853;7.9;3.0
06;2021-03-06;11872;339;96989;33192;9.0;3.1
06;2021-03-07;10156;280;107145;33472;9.9;3.1
06;2021-03-08;4132;1189;111277;34661;10.3;3.2
06;2021-03-09;4950;918;116227;35579;10.8;3.3
06;2021-03-10;4673;829;120900;36408;11.2;3.4
06;2021-03-11;6702;876;127602;37284;11.8;3.5
06;2021-03-12;6845;986;134447;38270;12.5;3.5
06;2021-03-13;11179;323;145626;38593;13.5;3.6
06;2021-03-14;494;48;146120;38641;13.5;3.6
06;2021-03-15;4809;757;150929;39398;14.0;3.7
06;2021-03-16;3726;1042;154655;40440;14.3;3.7
06;2021-03-17;6187;1872;160842;42312;14.9;3.9
06;2021-03-18;5102;1815;165944;44127;15.4;4.1
06;2021-03-19;6797;2006;172741;46133;16.0;4.3
06;2021-03-20;2363;559;175104;46692;16.2;4.3
06;2021-03-21;404;23;175508;46715;16.3;4.3
06;2021-03-22;3949;686;179457;47401;16.6;4.4
06;2021-03-23;5958;1198;185415;48599;17.2;4.5
06;2021-03-24;4202;3324;189617;51923;17.6;4.8
06;2021-03-25;5835;3228;195452;55151;18.1;5.1
06;2021-03-26;6332;1989;201784;57140;18.7;5.3
06;2021-03-27;2030;366;203814;57506;18.9;5.3
06;2021-03-28;205;3;204019;57509;18.9;5.3
06;2021-03-29;3187;2083;207206;59592;19.2;5.5
06;2021-03-30;5177;2529;212383;62121;19.7;5.8
06;2021-03-31;8002;1629;220385;63750;20.4;5.9
06;2021-04-01;7612;2437;227997;66187;21.1;6.1
06;2021-04-02;7203;2687;235200;68874;21.8;6.4
06;2021-04-03;2710;1363;237910;70237;22.0;6.5
06;2021-04-04;297;547;238207;70784;22.1;6.6
06;2021-04-05;1389;690;239596;71474;22.2;6.6
06;2021-04-06;6624;3299;246220;74773;22.8;6.9
06;2021-04-07;6201;3874;252421;78647;23.4;7.3
06;2021-04-08;5720;5632;258141;84279;23.9;7.8
06;2021-04-09;9311;5803;267452;90082;24.8;8.3
06;2021-04-10;2390;2783;269842;92865;25.0;8.6
06;2021-04-11;178;56;270020;92921;25.0;8.6
06;2021-04-12;4362;3519;274382;96440;25.4;8.9
06;2021-04-13;6309;5103;280691;101543;26.0;9.4
06;2021-04-14;5438;4470;286129;106013;26.5;9.8
06;2021-04-15;5528;4368;291657;110381;27.0;10.2
06;2021-04-16;7046;5169;298703;115550;27.7;10.7
06;2021-04-17;2773;3066;301476;118616;27.9;11.0
06;2021-04-18;259;222;301735;118838;28.0;11.0
06;2021-04-19;5460;4033;307195;122871;28.5;11.4
06;2021-04-20;5619;4836;312814;127707;29.0;11.8
06;2021-04-21;8283;4145;321097;131852;29.7;12.2
06;2021-04-22;8536;4158;329633;136010;30.5;12.6
06;2021-04-23;8712;4160;338345;140170;31.3;13.0
06;2021-04-24;2333;1476;340678;141646;31.6;13.1
06;2021-04-25;119;28;340797;141674;31.6;13.1
06;2021-04-26;4129;2295;344926;143969;32.0;13.3
06;2021-04-27;4558;3998;349484;147967;32.4;13.7
06;2021-04-28;4127;4549;353611;152516;32.8;14.1
06;2021-04-29;6053;5429;359664;157945;33.3;14.6
06;2021-04-30;6738;5140;366402;163085;33.9;15.1
06;2021-05-01;4135;800;370537;163885;34.3;15.2
06;2021-05-02;487;157;371024;164042;34.4;15.2
06;2021-05-03;6868;3503;377892;167545;35.0;15.5
06;2021-05-04;5720;5346;383612;172891;35.5;16.0
06;2021-05-05;4517;3897;388129;176788;36.0;16.4
06;2021-05-06;5198;4702;393327;181490;36.4;16.8
06;2021-05-07;5633;5648;398960;187138;37.0;17.3
06;2021-05-08;4836;1292;403796;188430;37.4;17.5
06;2021-05-09;191;307;403987;188737;37.4;17.5
06;2021-05-10;4798;5031;408785;193768;37.9;18.0
06;2021-05-11;4907;5532;413692;199300;38.3;18.5
06;2021-05-12;9036;4813;422728;204113;39.2;18.9
06;2021-05-13;9215;2073;431943;206186;40.0;19.1
06;2021-05-14;10794;3287;442737;209473;41.0;19.4
06;2021-05-15;9196;2178;451933;211651;41.9;19.6
06;2021-05-16;1495;285;453428;211936;42.0;19.6
06;2021-05-17;7472;3732;460900;215668;42.7;20.0
06;2021-05-18;9693;3152;470593;218820;43.6;20.3
06;2021-05-19;7651;2899;478244;221719;44.3;20.5
06;2021-05-20;7808;3630;486052;225349;45.0;20.9
06;2021-05-21;8766;3885;494818;229234;45.8;21.2
06;2021-05-22;3022;1319;497840;230553;46.1;21.4
06;2021-05-23;129;628;497969;231181;46.1;21.4
06;2021-05-24;3170;992;501139;232173;46.4;21.5
06;2021-05-25;4754;4931;505893;237104;46.9;22.0
06;2021-05-26;5626;6574;511519;243678;47.4;22.6
06;2021-05-27;5541;6256;517060;249934;47.9;23.2
06;2021-05-28;4973;7260;522033;257194;48.4;23.8
06;2021-05-29;1626;2934;523659;260128;48.5;24.1
06;2021-05-30;256;1124;523915;261252;48.5;24.2
06;2021-05-31;4389;5088;528304;266340;48.9;24.7
06;2021-06-01;5683;7379;533987;273719;49.5;25.4
06;2021-06-02;3275;8541;537262;282260;49.8;26.1
06;2021-06-03;4482;8298;541744;290558;50.2;26.9
06;2021-06-04;5451;7722;547195;298280;50.7;27.6
06;2021-06-05;2447;3342;549642;301622;50.9;27.9
06;2021-06-06;175;235;549817;301857;50.9;28.0
06;2021-06-07;4132;5584;553949;307441;51.3;28.5
06;2021-06-08;4453;5172;558402;312613;51.7;29.0
06;2021-06-09;4077;7342;562479;319955;52.1;29.6
06;2021-06-10;4687;6843;567166;326798;52.5;30.3
06;2021-06-11;3862;8353;571028;335151;52.9;31.0
06;2021-06-12;1731;3745;572759;338896;53.1;31.4
06;2021-06-13;143;436;572902;339332;53.1;31.4
06;2021-06-14;2697;8584;575599;347916;53.3;32.2
06;2021-06-15;3218;9472;578817;357388;53.6;33.1
06;2021-06-16;3480;6988;582297;364376;53.9;33.8
06;2021-06-17;3623;7160;585920;371536;54.3;34.4
06;2021-06-18;2602;5923;588522;377459;54.5;35.0
06;2021-06-19;1289;1672;589811;379131;54.6;35.1
06;2021-06-20;206;345;590017;379476;54.7;35.2
06;2021-06-21;1681;6291;591698;385767;54.8;35.7
06;2021-06-22;2335;7355;594033;393122;55.0;36.4
06;2021-06-23;2059;6539;596092;399661;55.2;37.0
06;2021-06-24;3426;8955;599518;408616;55.5;37.9
06;2021-06-25;2274;9601;601792;418217;55.8;38.7
06;2021-06-26;883;2282;602675;420499;55.8;39.0
06;2021-06-27;375;1185;603050;421684;55.9;39.1
06;2021-06-28;2442;8119;605492;429803;56.1;39.8
06;2021-06-29;2331;7709;607823;437512;56.3;40.5
06;2021-06-30;1340;7682;609163;445194;56.4;41.2
06;2021-07-01;3299;7461;612462;452655;56.7;41.9
06;2021-07-02;3956;8206;616418;460861;57.1;42.7
06;2021-07-03;1207;4305;617625;465166;57.2;43.1
06;2021-07-04;305;298;617930;465464;57.2;43.1
06;2021-07-05;3545;5114;621475;470578;57.6;43.6
06;2021-07-06;1898;5822;623373;476400;57.8;44.1
06;2021-07-07;3367;5959;626740;482359;58.1;44.7
06;2021-07-08;3408;6294;630148;488653;58.4;45.3
06;2021-07-09;3882;6204;634030;494857;58.7;45.8
06;2021-07-10;1653;2323;635683;497180;58.9;46.1
06;2021-07-11;317;322;636000;497502;58.9;46.1
06;2021-07-12;3779;7126;639779;504628;59.3;46.8
06;2021-07-13;5722;8966;645501;513594;59.8;47.6
06;2021-07-14;945;426;646446;514020;59.9;47.6
06;2021-07-15;6195;7974;652641;521994;60.5;48.4
06;2021-07-16;7236;8973;659877;530967;61.1;49.2
06;2021-07-17;3060;5449;662937;536416;61.4;49.7
06;2021-07-18;1046;5329;663983;541745;61.5;50.2
06;2021-07-19;5609;7982;669592;549727;62.0;50.9
06;2021-07-20;7099;10193;676691;559920;62.7;51.9
06;2021-07-21;7549;8638;684240;568558;63.4;52.7
06;2021-07-22;9819;7760;694059;576318;64.3;53.4
06;2021-07-23;8885;6804;702944;583122;65.1;54.0
06;2021-07-24;3187;3200;706131;586322;65.4;54.3
06;2021-07-25;972;469;707103;586791;65.5;54.4
06;2021-07-26;6958;6791;714061;593582;66.2;55.0
06;2021-07-27;8648;5465;722709;599047;67.0;55.5
06;2021-07-28;7002;5319;729711;604366;67.6;56.0
06;2021-07-29;8275;5629;737986;609995;68.4;56.5
06;2021-07-30;7689;5387;745675;615382;69.1;57.0
06;2021-07-31;3454;3042;749129;618424;69.4;57.3
06;2021-08-01;707;424;749836;618848;69.5;57.3
06;2021-08-02;5103;4503;754939;623351;69.9;57.7
06;2021-08-03;5473;5342;760412;628693;70.4;58.2
07;2020-12-27;0;0;0;0;0.0;0.0
07;2020-12-28;0;0;0;0;0.0;0.0
07;2020-12-29;0;0;0;0;0.0;0.0
07;2020-12-30;0;0;0;0;0.0;0.0
07;2020-12-31;0;0;0;0;0.0;0.0
07;2021-01-01;7;0;7;0;0.0;0.0
07;2021-01-02;0;0;7;0;0.0;0.0
07;2021-01-03;0;0;7;0;0.0;0.0
07;2021-01-04;0;0;7;0;0.0;0.0
07;2021-01-05;0;0;7;0;0.0;0.0
07;2021-01-06;31;0;38;0;0.0;0.0
07;2021-01-07;130;1;168;1;0.1;0.0
07;2021-01-08;45;1;213;2;0.1;0.0
07;2021-01-09;17;0;230;2;0.1;0.0
07;2021-01-10;0;0;230;2;0.1;0.0
07;2021-01-11;157;1;387;3;0.1;0.0
07;2021-01-12;308;0;695;3;0.2;0.0
07;2021-01-13;304;1;999;4;0.3;0.0
07;2021-01-14;478;0;1477;4;0.5;0.0
07;2021-01-15;187;0;1664;4;0.5;0.0
07;2021-01-16;17;0;1681;4;0.5;0.0
07;2021-01-17;2;0;1683;4;0.5;0.0
07;2021-01-18;363;1;2046;5;0.6;0.0
07;2021-01-19;830;1;2876;6;0.9;0.0
07;2021-01-20;596;1;3472;7;1.1;0.0
07;2021-01-21;451;1;3923;8;1.2;0.0
07;2021-01-22;291;0;4214;8;1.3;0.0
07;2021-01-23;107;0;4321;8;1.3;0.0
07;2021-01-24;0;0;4321;8;1.3;0.0
07;2021-01-25;164;0;4485;8;1.4;0.0
07;2021-01-26;491;1;4976;9;1.5;0.0
07;2021-01-27;553;7;5529;16;1.7;0.0
07;2021-01-28;1203;100;6732;116;2.1;0.0
07;2021-01-29;706;17;7438;133;2.3;0.0
07;2021-01-30;213;4;7651;137;2.3;0.0
07;2021-01-31;7;0;7658;137;2.3;0.0
07;2021-02-01;267;32;7925;169;2.4;0.1
07;2021-02-02;662;241;8587;410;2.6;0.1
07;2021-02-03;1044;222;9631;632;2.9;0.2
07;2021-02-04;719;261;10350;893;3.2;0.3
07;2021-02-05;483;255;10833;1148;3.3;0.4
07;2021-02-06;97;2;10930;1150;3.3;0.4
07;2021-02-07;12;1;10942;1151;3.3;0.4
07;2021-02-08;239;179;11181;1330;3.4;0.4
07;2021-02-09;485;326;11666;1656;3.6;0.5
07;2021-02-10;537;396;12203;2052;3.7;0.6
07;2021-02-11;400;285;12603;2337;3.9;0.7
07;2021-02-12;268;160;12871;2497;3.9;0.8
07;2021-02-13;69;20;12940;2517;4.0;0.8
07;2021-02-14;0;0;12940;2517;4.0;0.8
07;2021-02-15;270;131;13210;2648;4.0;0.8
07;2021-02-16;345;365;13555;3013;4.1;0.9
07;2021-02-17;466;334;14021;3347;4.3;1.0
07;2021-02-18;561;767;14582;4114;4.5;1.3
07;2021-02-19;455;504;15037;4618;4.6;1.4
07;2021-02-20;108;68;15145;4686;4.6;1.4
07;2021-02-21;15;0;15160;4686;4.6;1.4
07;2021-02-22;423;216;15583;4902;4.8;1.5
07;2021-02-23;645;617;16228;5519;5.0;1.7
07;2021-02-24;927;702;17155;6221;5.2;1.9
07;2021-02-25;709;535;17864;6756;5.5;2.1
07;2021-02-26;844;294;18708;7050;5.7;2.2
07;2021-02-27;190;144;18898;7194;5.8;2.2
07;2021-02-28;1;0;18899;7194;5.8;2.2
07;2021-03-01;436;216;19335;7410;5.9;2.3
07;2021-03-02;654;565;19989;7975;6.1;2.4
07;2021-03-03;690;534;20679;8509;6.3;2.6
07;2021-03-04;1098;357;21777;8866;6.7;2.7
07;2021-03-05;1083;368;22860;9234;7.0;2.8
07;2021-03-06;1124;91;23984;9325;7.3;2.9
07;2021-03-07;717;20;24701;9345;7.6;2.9
07;2021-03-08;349;315;25050;9660;7.7;3.0
07;2021-03-09;1087;431;26137;10091;8.0;3.1
07;2021-03-10;857;512;26994;10603;8.3;3.2
07;2021-03-11;1368;463;28362;11066;8.7;3.4
07;2021-03-12;1613;560;29975;11626;9.2;3.6
07;2021-03-13;679;100;30654;11726;9.4;3.6
07;2021-03-14;4;0;30658;11726;9.4;3.6
07;2021-03-15;527;293;31185;12019;9.5;3.7
07;2021-03-16;1203;480;32388;12499;9.9;3.8
07;2021-03-17;1187;781;33575;13280;10.3;4.1
07;2021-03-18;1219;410;34794;13690;10.6;4.2
07;2021-03-19;1268;419;36062;14109;11.0;4.3
07;2021-03-20;467;106;36529;14215;11.2;4.3
07;2021-03-21;3;2;36532;14217;11.2;4.3
07;2021-03-22;789;534;37321;14751;11.4;4.5
07;2021-03-23;1513;717;38834;15468;11.9;4.7
07;2021-03-24;1272;660;40106;16128;12.3;4.9
07;2021-03-25;1847;508;41953;16636;12.8;5.1
07;2021-03-26;1834;430;43787;17066;13.4;5.2
07;2021-03-27;384;99;44171;17165;13.5;5.3
07;2021-03-28;6;1;44177;17166;13.5;5.3
07;2021-03-29;785;353;44962;17519;13.8;5.4
07;2021-03-30;1524;510;46486;18029;14.2;5.5
07;2021-03-31;1655;497;48141;18526;14.7;5.7
07;2021-04-01;1576;656;49717;19182;15.2;5.9
07;2021-04-02;1521;427;51238;19609;15.7;6.0
07;2021-04-03;228;105;51466;19714;15.7;6.0
07;2021-04-04;1;1;51467;19715;15.7;6.0
07;2021-04-05;0;66;51467;19781;15.7;6.1
07;2021-04-06;1161;755;52628;20536;16.1;6.3
07;2021-04-07;1317;889;53945;21425;16.5;6.6
07;2021-04-08;1971;1171;55916;22596;17.1;6.9
07;2021-04-09;2423;565;58339;23161;17.8;7.1
07;2021-04-10;808;157;59147;23318;18.1;7.1
07;2021-04-11;339;13;59486;23331;18.2;7.1
07;2021-04-12;1276;585;60762;23916;18.6;7.3
07;2021-04-13;1765;1329;62527;25245;19.1;7.7
07;2021-04-14;1672;977;64199;26222;19.6;8.0
07;2021-04-15;1443;841;65642;27063;20.1;8.3
07;2021-04-16;1506;896;67148;27959;20.5;8.6
07;2021-04-17;868;212;68016;28171;20.8;8.6
07;2021-04-18;700;35;68716;28206;21.0;8.6
07;2021-04-19;1161;568;69877;28774;21.4;8.8
07;2021-04-20;1440;1317;71317;30091;21.8;9.2
07;2021-04-21;1713;912;73030;31003;22.3;9.5
07;2021-04-22;1816;960;74846;31963;22.9;9.8
07;2021-04-23;1410;970;76256;32933;23.3;10.1
07;2021-04-24;958;248;77214;33181;23.6;10.2
07;2021-04-25;716;67;77930;33248;23.8;10.2
07;2021-04-26;1138;682;79068;33930;24.2;10.4
07;2021-04-27;1393;1565;80461;35495;24.6;10.9
07;2021-04-28;1634;1749;82095;37244;25.1;11.4
07;2021-04-29;1938;1532;84033;38776;25.7;11.9
07;2021-04-30;1660;1479;85693;40255;26.2;12.3
07;2021-05-01;960;113;86653;40368;26.5;12.3
07;2021-05-02;845;154;87498;40522;26.8;12.4
07;2021-05-03;1282;432;88780;40954;27.2;12.5
07;2021-05-04;2170;1558;90950;42512;27.8;13.0
07;2021-05-05;1744;1384;92694;43896;28.4;13.4
07;2021-05-06;2103;1586;94797;45482;29.0;13.9
07;2021-05-07;1593;1553;96390;47035;29.5;14.4
07;2021-05-08;1224;406;97614;47441;29.9;14.5
07;2021-05-09;1030;327;98644;47768;30.2;14.6
07;2021-05-10;1403;1174;100047;48942;30.6;15.0
07;2021-05-11;2473;1699;102520;50641;31.4;15.5
07;2021-05-12;2162;1275;104682;51916;32.0;15.9
07;2021-05-13;1711;270;106393;52186;32.5;16.0
07;2021-05-14;1733;998;108126;53184;33.1;16.3
07;2021-05-15;1626;496;109752;53680;33.6;16.4
07;2021-05-16;1442;211;111194;53891;34.0;16.5
07;2021-05-17;1772;857;112966;54748;34.6;16.7
07;2021-05-18;2294;1304;115260;56052;35.3;17.1
07;2021-05-19;2376;995;117636;57047;36.0;17.5
07;2021-05-20;2161;1309;119797;58356;36.6;17.9
07;2021-05-21;1758;1316;121555;59672;37.2;18.3
07;2021-05-22;938;544;122493;60216;37.5;18.4
07;2021-05-23;859;156;123352;60372;37.7;18.5
07;2021-05-24;1650;341;125002;60713;38.2;18.6
07;2021-05-25;2187;1478;127189;62191;38.9;19.0
07;2021-05-26;1527;1381;128716;63572;39.4;19.4
07;2021-05-27;2020;1405;130736;64977;40.0;19.9
07;2021-05-28;1767;2081;132503;67058;40.5;20.5
07;2021-05-29;943;683;133446;67741;40.8;20.7
07;2021-05-30;623;570;134069;68311;41.0;20.9
07;2021-05-31;1132;1285;135201;69596;41.4;21.3
07;2021-06-01;2155;2005;137356;71601;42.0;21.9
07;2021-06-02;1530;1653;138886;73254;42.5;22.4
07;2021-06-03;1710;1259;140596;74513;43.0;22.8
07;2021-06-04;1675;1595;142271;76108;43.5;23.3
07;2021-06-05;988;955;143259;77063;43.8;23.6
07;2021-06-06;598;623;143857;77686;44.0;23.8
07;2021-06-07;959;1196;144816;78882;44.3;24.1
07;2021-06-08;1548;1771;146364;80653;44.8;24.7
07;2021-06-09;1030;1422;147394;82075;45.1;25.1
07;2021-06-10;789;1391;148183;83466;45.3;25.5
07;2021-06-11;1154;2036;149337;85502;45.7;26.2
07;2021-06-12;643;1218;149980;86720;45.9;26.5
07;2021-06-13;393;444;150373;87164;46.0;26.7
07;2021-06-14;566;1964;150939;89128;46.2;27.3
07;2021-06-15;933;2553;151872;91681;46.5;28.0
07;2021-06-16;1021;1852;152893;93533;46.8;28.6
07;2021-06-17;885;1950;153778;95483;47.0;29.2
07;2021-06-18;872;2285;154650;97768;47.3;29.9
07;2021-06-19;606;1457;155256;99225;47.5;30.4
07;2021-06-20;369;729;155625;99954;47.6;30.6
07;2021-06-21;513;2144;156138;102098;47.8;31.2
07;2021-06-22;654;2663;156792;104761;48.0;32.0
07;2021-06-23;677;1961;157469;106722;48.2;32.6
07;2021-06-24;646;1855;158115;108577;48.4;33.2
07;2021-06-25;701;2177;158816;110754;48.6;33.9
07;2021-06-26;358;1429;159174;112183;48.7;34.3
07;2021-06-27;284;1072;159458;113255;48.8;34.6
07;2021-06-28;503;2243;159961;115498;48.9;35.3
07;2021-06-29;540;2989;160501;118487;49.1;36.2
07;2021-06-30;820;2288;161321;120775;49.4;36.9
07;2021-07-01;772;1977;162093;122752;49.6;37.6
07;2021-07-02;879;2303;162972;125055;49.9;38.3
07;2021-07-03;420;1139;163392;126194;50.0;38.6
07;2021-07-04;210;854;163602;127048;50.1;38.9
07;2021-07-05;669;1685;164271;128733;50.3;39.4
07;2021-07-06;877;2636;165148;131369;50.5;40.2
07;2021-07-07;961;1947;166109;133316;50.8;40.8
07;2021-07-08;926;1969;167035;135285;51.1;41.4
07;2021-07-09;995;2264;168030;137549;51.4;42.1
07;2021-07-10;596;1103;168626;138652;51.6;42.4
07;2021-07-11;237;614;168863;139266;51.7;42.6
07;2021-07-12;804;1769;169667;141035;51.9;43.1
07;2021-07-13;1757;3173;171424;144208;52.4;44.1
07;2021-07-14;166;133;171590;144341;52.5;44.2
07;2021-07-15;1937;2452;173527;146793;53.1;44.9
07;2021-07-16;2049;1979;175576;148772;53.7;45.5
07;2021-07-17;1479;1243;177055;150015;54.2;45.9
07;2021-07-18;770;483;177825;150498;54.4;46.0
07;2021-07-19;1513;1707;179338;152205;54.9;46.6
07;2021-07-20;2454;2661;181792;154866;55.6;47.4
07;2021-07-21;1847;1910;183639;156776;56.2;48.0
07;2021-07-22;1908;1365;185547;158141;56.8;48.4
07;2021-07-23;2251;1683;187798;159824;57.5;48.9
07;2021-07-24;1630;1098;189428;160922;58.0;49.2
07;2021-07-25;32;21;189460;160943;58.0;49.2
07;2021-07-26;2184;1535;191644;162478;58.6;49.7
07;2021-07-27;2961;1894;194605;164372;59.5;50.3
07;2021-07-28;1620;1294;196225;165666;60.0;50.7
07;2021-07-29;2522;1259;198747;166925;60.8;51.1
07;2021-07-30;1335;1415;200082;168340;61.2;51.5
07;2021-07-31;1488;916;201570;169256;61.7;51.8
07;2021-08-01;73;26;201643;169282;61.7;51.8
07;2021-08-02;1429;1120;203072;170402;62.1;52.1
07;2021-08-03;2294;1872;205366;172274;62.8;52.7
08;2020-12-27;1;0;1;0;0.0;0.0
08;2020-12-28;0;0;1;0;0.0;0.0
08;2020-12-29;0;0;1;0;0.0;0.0
08;2020-12-30;0;0;1;0;0.0;0.0
08;2020-12-31;0;0;1;0;0.0;0.0
08;2021-01-01;0;0;1;0;0.0;0.0
08;2021-01-02;0;0;1;0;0.0;0.0
08;2021-01-03;2;0;3;0;0.0;0.0
08;2021-01-04;24;0;27;0;0.0;0.0
08;2021-01-05;1;0;28;0;0.0;0.0
08;2021-01-06;0;0;28;0;0.0;0.0
08;2021-01-07;188;0;216;0;0.1;0.0
08;2021-01-08;314;0;530;0;0.2;0.0
08;2021-01-09;113;0;643;0;0.2;0.0
08;2021-01-10;1;0;644;0;0.2;0.0
08;2021-01-11;67;0;711;0;0.3;0.0
08;2021-01-12;156;0;867;0;0.3;0.0
08;2021-01-13;477;1;1344;1;0.5;0.0
08;2021-01-14;533;9;1877;10;0.7;0.0
08;2021-01-15;287;2;2164;12;0.8;0.0
08;2021-01-16;106;0;2270;12;0.9;0.0
08;2021-01-17;1;0;2271;12;0.9;0.0
08;2021-01-18;368;2;2639;14;1.0;0.0
08;2021-01-19;869;1;3508;15;1.3;0.0
08;2021-01-20;910;2;4418;17;1.7;0.0
08;2021-01-21;743;1;5161;18;1.9;0.0
08;2021-01-22;678;1;5839;19;2.2;0.0
08;2021-01-23;237;0;6076;19;2.3;0.0
08;2021-01-24;0;0;6076;19;2.3;0.0
08;2021-01-25;205;0;6281;19;2.4;0.0
08;2021-01-26;302;2;6583;21;2.5;0.0
08;2021-01-27;411;0;6994;21;2.6;0.0
08;2021-01-28;565;185;7559;206;2.8;0.1
08;2021-01-29;587;182;8146;388;3.1;0.1
08;2021-01-30;222;63;8368;451;3.2;0.2
08;2021-01-31;0;0;8368;451;3.2;0.2
08;2021-02-01;80;46;8448;497;3.2;0.2
08;2021-02-02;190;174;8638;671;3.3;0.3
08;2021-02-03;140;170;8778;841;3.3;0.3
08;2021-02-04;309;287;9087;1128;3.4;0.4
08;2021-02-05;499;359;9586;1487;3.6;0.6
08;2021-02-06;148;75;9734;1562;3.7;0.6
08;2021-02-07;8;0;9742;1562;3.7;0.6
08;2021-02-08;39;174;9781;1736;3.7;0.7
08;2021-02-09;216;648;9997;2384;3.8;0.9
08;2021-02-10;333;640;10330;3024;3.9;1.1
08;2021-02-11;464;363;10794;3387;4.1;1.3
08;2021-02-12;676;386;11470;3773;4.3;1.4
08;2021-02-13;140;118;11610;3891;4.4;1.5
08;2021-02-14;3;60;11613;3951;4.4;1.5
08;2021-02-15;227;210;11840;4161;4.5;1.6
08;2021-02-16;130;376;11970;4537;4.5;1.7
08;2021-02-17;112;417;12082;4954;4.6;1.9
08;2021-02-18;215;520;12297;5474;4.6;2.1
08;2021-02-19;304;424;12601;5898;4.7;2.2
08;2021-02-20;7;209;12608;6107;4.7;2.3
08;2021-02-21;0;0;12608;6107;4.7;2.3
08;2021-02-22;132;179;12740;6286;4.8;2.4
08;2021-02-23;150;321;12890;6607;4.9;2.5
08;2021-02-24;164;390;13054;6997;4.9;2.6
08;2021-02-25;500;527;13554;7524;5.1;2.8
08;2021-02-26;603;628;14157;8152;5.3;3.1
08;2021-02-27;317;192;14474;8344;5.5;3.1
08;2021-02-28;19;1;14493;8345;5.5;3.1
08;2021-03-01;198;106;14691;8451;5.5;3.2
08;2021-03-02;654;278;15345;8729;5.8;3.3
08;2021-03-03;896;200;16241;8929;6.1;3.4
08;2021-03-04;733;329;16974;9258;6.4;3.5
08;2021-03-05;1022;538;17996;9796;6.8;3.7
08;2021-03-06;692;137;18688;9933;7.0;3.7
08;2021-03-07;75;1;18763;9934;7.1;3.7
08;2021-03-08;217;114;18980;10048;7.1;3.8
08;2021-03-09;686;136;19666;10184;7.4;3.8
08;2021-03-10;1037;116;20703;10300;7.8;3.9
08;2021-03-11;981;246;21684;10546;8.2;4.0
08;2021-03-12;1630;507;23314;11053;8.8;4.2
08;2021-03-13;793;120;24107;11173;9.1;4.2
08;2021-03-14;22;0;24129;11173;9.1;4.2
08;2021-03-15;291;72;24420;11245;9.2;4.2
08;2021-03-16;563;37;24983;11282;9.4;4.2
08;2021-03-17;802;59;25785;11341;9.7;4.3
08;2021-03-18;814;155;26599;11496;10.0;4.3
08;2021-03-19;1135;281;27734;11777;10.4;4.4
08;2021-03-20;506;17;28240;11794;10.6;4.4
08;2021-03-21;13;0;28253;11794;10.6;4.4
08;2021-03-22;367;43;28620;11837;10.8;4.5
08;2021-03-23;733;61;29353;11898;11.1;4.5
08;2021-03-24;1327;67;30680;11965;11.6;4.5
08;2021-03-25;1903;87;32583;12052;12.3;4.5
08;2021-03-26;2564;167;35147;12219;13.2;4.6
08;2021-03-27;898;121;36045;12340;13.6;4.6
08;2021-03-28;228;6;36273;12346;13.7;4.6
08;2021-03-29;260;180;36533;12526;13.8;4.7
08;2021-03-30;832;483;37365;13009;14.1;4.9
08;2021-03-31;852;529;38217;13538;14.4;5.1
08;2021-04-01;1683;446;39900;13984;15.0;5.3
08;2021-04-02;1499;514;41399;14498;15.6;5.5
08;2021-04-03;1327;193;42726;14691;16.1;5.5
08;2021-04-04;134;4;42860;14695;16.1;5.5
08;2021-04-05;16;0;42876;14695;16.1;5.5
08;2021-04-06;701;479;43577;15174;16.4;5.7
08;2021-04-07;910;701;44487;15875;16.8;6.0
08;2021-04-08;1742;518;46229;16393;17.4;6.2
08;2021-04-09;2347;716;48576;17109;18.3;6.4
08;2021-04-10;1449;218;50025;17327;18.8;6.5
08;2021-04-11;10;6;50035;17333;18.8;6.5
08;2021-04-12;671;226;50706;17559;19.1;6.6
08;2021-04-13;1307;608;52013;18167;19.6;6.8
08;2021-04-14;1281;864;53294;19031;20.1;7.2
08;2021-04-15;1607;794;54901;19825;20.7;7.5
08;2021-04-16;1873;872;56774;20697;21.4;7.8
08;2021-04-17;1112;400;57886;21097;21.8;7.9
08;2021-04-18;23;14;57909;21111;21.8;8.0
08;2021-04-19;1147;298;59056;21409;22.2;8.1
08;2021-04-20;1118;541;60174;21950;22.7;8.3
08;2021-04-21;1139;737;61313;22687;23.1;8.5
08;2021-04-22;1328;879;62641;23566;23.6;8.9
08;2021-04-23;1674;1170;64315;24736;24.2;9.3
08;2021-04-24;1323;643;65638;25379;24.7;9.6
08;2021-04-25;26;198;65664;25577;24.7;9.6
08;2021-04-26;1040;154;66704;25731;25.1;9.7
08;2021-04-27;1336;599;68040;26330;25.6;9.9
08;2021-04-28;1453;680;69493;27010;26.2;10.2
08;2021-04-29;1174;1309;70667;28319;26.6;10.7
08;2021-04-30;1769;1620;72436;29939;27.3;11.3
08;2021-05-01;1049;492;73485;30431;27.7;11.5
08;2021-05-02;626;181;74111;30612;27.9;11.5
08;2021-05-03;1169;371;75280;30983;28.4;11.7
08;2021-05-04;1328;861;76608;31844;28.9;12.0
08;2021-05-05;1567;1328;78175;33172;29.4;12.5
08;2021-05-06;1971;1653;80146;34825;30.2;13.1
08;2021-05-07;1860;2095;82006;36920;30.9;13.9
08;2021-05-08;923;765;82929;37685;31.2;14.2
08;2021-05-09;443;71;83372;37756;31.4;14.2
08;2021-05-10;1191;665;84563;38421;31.8;14.5
08;2021-05-11;1909;940;86472;39361;32.6;14.8
08;2021-05-12;1810;1235;88282;40596;33.2;15.3
08;2021-05-13;1306;619;89588;41215;33.7;15.5
08;2021-05-14;2535;1032;92123;42247;34.7;15.9
08;2021-05-15;1821;713;93944;42960;35.4;16.2
08;2021-05-16;820;102;94764;43062;35.7;16.2
08;2021-05-17;699;906;95463;43968;36.0;16.6
08;2021-05-18;1250;838;96713;44806;36.4;16.9
08;2021-05-19;1609;958;98322;45764;37.0;17.2
08;2021-05-20;2147;962;100469;46726;37.8;17.6
08;2021-05-21;2336;1276;102805;48002;38.7;18.1
08;2021-05-22;1820;761;104625;48763;39.4;18.4
08;2021-05-23;863;90;105488;48853;39.7;18.4
08;2021-05-24;714;103;106202;48956;40.0;18.4
08;2021-05-25;1453;671;107655;49627;40.5;18.7
08;2021-05-26;1514;1009;109169;50636;41.1;19.1
08;2021-05-27;2006;1147;111175;51783;41.9;19.5
08;2021-05-28;1974;1822;113149;53605;42.6;20.2
08;2021-05-29;1769;968;114918;54573;43.3;20.6
08;2021-05-30;836;102;115754;54675;43.6;20.6
08;2021-05-31;755;574;116509;55249;43.9;20.8
08;2021-06-01;1350;881;117859;56130;44.4;21.1
08;2021-06-02;1296;1196;119155;57326;44.9;21.6
08;2021-06-03;1385;1520;120540;58846;45.4;22.2
08;2021-06-04;1777;2426;122317;61272;46.1;23.1
08;2021-06-05;1177;1378;123494;62650;46.5;23.6
08;2021-06-06;907;107;124401;62757;46.8;23.6
08;2021-06-07;661;1173;125062;63930;47.1;24.1
08;2021-06-08;930;1496;125992;65426;47.4;24.6
08;2021-06-09;823;1392;126815;66818;47.8;25.2
08;2021-06-10;1717;1554;128532;68372;48.4;25.7
08;2021-06-11;1721;2210;130253;70582;49.1;26.6
08;2021-06-12;1416;1527;131669;72109;49.6;27.2
08;2021-06-13;386;598;132055;72707;49.7;27.4
08;2021-06-14;380;1303;132435;74010;49.9;27.9
08;2021-06-15;740;1554;133175;75564;50.2;28.5
08;2021-06-16;804;2055;133979;77619;50.5;29.2
08;2021-06-17;1283;1853;135262;79472;50.9;29.9
08;2021-06-18;1608;2597;136870;82069;51.5;30.9
08;2021-06-19;1324;1406;138194;83475;52.0;31.4
08;2021-06-20;117;423;138311;83898;52.1;31.6
08;2021-06-21;494;1398;138805;85296;52.3;32.1
08;2021-06-22;808;2021;139613;87317;52.6;32.9
08;2021-06-23;853;1673;140466;88990;52.9;33.5
08;2021-06-24;1038;1923;141504;90913;53.3;34.2
08;2021-06-25;1079;2735;142583;93648;53.7;35.3
08;2021-06-26;1013;1784;143596;95432;54.1;35.9
08;2021-06-27;351;644;143947;96076;54.2;36.2
08;2021-06-28;397;1320;144344;97396;54.4;36.7
08;2021-06-29;627;1470;144971;98866;54.6;37.2
08;2021-06-30;853;1689;145824;100555;54.9;37.9
08;2021-07-01;882;2194;146706;102749;55.3;38.7
08;2021-07-02;938;2644;147644;105393;55.6;39.7
08;2021-07-03;783;2143;148427;107536;55.9;40.5
08;2021-07-04;128;861;148555;108397;55.9;40.8
08;2021-07-05;103;1195;148658;109592;56.0;41.3
08;2021-07-06;424;1833;149082;111425;56.1;42.0
08;2021-07-07;365;1783;149447;113208;56.3;42.6
08;2021-07-08;714;2014;150161;115222;56.6;43.4
08;2021-07-09;730;2442;150891;117664;56.8;44.3
08;2021-07-10;651;2000;151542;119664;57.1;45.1
08;2021-07-11;238;727;151780;120391;57.2;45.3
08;2021-07-12;309;1194;152089;121585;57.3;45.8
08;2021-07-13;942;1788;153031;123373;57.6;46.5
08;2021-07-14;177;331;153208;123704;57.7;46.6
08;2021-07-15;756;2451;153964;126155;58.0;47.5
08;2021-07-16;1074;2414;155038;128569;58.4;48.4
08;2021-07-17;991;2108;156029;130677;58.8;49.2
08;2021-07-18;344;737;156373;131414;58.9;49.5
08;2021-07-19;455;922;156828;132336;59.1;49.8
08;2021-07-20;875;1439;157703;133775;59.4;50.4
08;2021-07-21;1228;1718;158931;135493;59.9;51.0
08;2021-07-22;1143;2167;160074;137660;60.3;51.8
08;2021-07-23;1579;2449;161653;140109;60.9;52.8
08;2021-07-24;1305;1922;162958;142031;61.4;53.5
08;2021-07-25;771;440;163729;142471;61.7;53.7
08;2021-07-26;1306;841;165035;143312;62.2;54.0
08;2021-07-27;2176;1398;167211;144710;63.0;54.5
08;2021-07-28;2404;1447;169615;146157;63.9;55.0
08;2021-07-29;2590;1341;172205;147498;64.9;55.5
08;2021-07-30;2589;1573;174794;149071;65.8;56.1
08;2021-07-31;1967;1054;176761;150125;66.6;56.5
08;2021-08-01;933;293;177694;150418;66.9;56.6
08;2021-08-02;1247;674;178941;151092;67.4;56.9
08;2021-08-03;1616;804;180557;151896;68.0;57.2
09;2020-12-27;0;0;0;0;0.0;0.0
09;2020-12-28;1;0;1;0;0.0;0.0
09;2020-12-29;0;0;1;0;0.0;0.0
09;2020-12-30;0;0;1;0;0.0;0.0
09;2020-12-31;0;0;1;0;0.0;0.0
09;2021-01-01;0;0;1;0;0.0;0.0
09;2021-01-02;0;0;1;0;0.0;0.0
09;2021-01-03;0;0;1;0;0.0;0.0
09;2021-01-04;2;1;3;1;0.0;0.0
09;2021-01-05;0;0;3;1;0.0;0.0
09;2021-01-06;3;0;6;1;0.0;0.0
09;2021-01-07;257;2;263;3;0.2;0.0
09;2021-01-08;228;0;491;3;0.3;0.0
09;2021-01-09;103;0;594;3;0.4;0.0
09;2021-01-10;59;0;653;3;0.4;0.0
09;2021-01-11;175;0;828;3;0.5;0.0
09;2021-01-12;304;0;1132;3;0.7;0.0
09;2021-01-13;196;0;1328;3;0.9;0.0
09;2021-01-14;432;8;1760;11;1.2;0.0
09;2021-01-15;223;1;1983;12;1.3;0.0
09;2021-01-16;194;2;2177;14;1.4;0.0
09;2021-01-17;123;0;2300;14;1.5;0.0
09;2021-01-18;267;1;2567;15;1.7;0.0
09;2021-01-19;257;0;2824;15;1.9;0.0
09;2021-01-20;346;1;3170;16;2.1;0.0
09;2021-01-21;333;1;3503;17;2.3;0.0
09;2021-01-22;330;1;3833;18;2.5;0.0
09;2021-01-23;236;0;4069;18;2.7;0.0
09;2021-01-24;85;1;4154;19;2.7;0.0
09;2021-01-25;204;12;4358;31;2.9;0.0
09;2021-01-26;633;25;4991;56;3.3;0.0
09;2021-01-27;471;41;5462;97;3.6;0.1
09;2021-01-28;285;206;5747;303;3.8;0.2
09;2021-01-29;250;129;5997;432;3.9;0.3
09;2021-01-30;143;56;6140;488;4.0;0.3
09;2021-01-31;56;10;6196;498;4.1;0.3
09;2021-02-01;81;142;6277;640;4.1;0.4
09;2021-02-02;57;295;6334;935;4.2;0.6
09;2021-02-03;87;206;6421;1141;4.2;0.7
09;2021-02-04;49;299;6470;1440;4.2;0.9
09;2021-02-05;89;157;6559;1597;4.3;1.0
09;2021-02-06;68;50;6627;1647;4.3;1.1
09;2021-02-07;6;73;6633;1720;4.4;1.1
09;2021-02-08;22;177;6655;1897;4.4;1.2
09;2021-02-09;54;289;6709;2186;4.4;1.4
09;2021-02-10;15;196;6724;2382;4.4;1.6
09;2021-02-11;6;221;6730;2603;4.4;1.7
09;2021-02-12;149;174;6879;2777;4.5;1.8
09;2021-02-13;7;144;6886;2921;4.5;1.9
09;2021-02-14;0;54;6886;2975;4.5;2.0
09;2021-02-15;75;134;6961;3109;4.6;2.0
09;2021-02-16;227;510;7188;3619;4.7;2.4
09;2021-02-17;83;388;7271;4007;4.8;2.6
09;2021-02-18;88;450;7359;4457;4.8;2.9
09;2021-02-19;65;285;7424;4742;4.9;3.1
09;2021-02-20;59;200;7483;4942;4.9;3.2
09;2021-02-21;0;51;7483;4993;4.9;3.3
09;2021-02-22;127;218;7610;5211;5.0;3.4
09;2021-02-23;161;145;7771;5356;5.1;3.5
09;2021-02-24;74;178;7845;5534;5.1;3.6
09;2021-02-25;211;169;8056;5703;5.3;3.7
09;2021-02-26;162;174;8218;5877;5.4;3.9
09;2021-02-27;65;71;8283;5948;5.4;3.9
09;2021-02-28;43;17;8326;5965;5.5;3.9
09;2021-03-01;247;97;8573;6062;5.6;4.0
09;2021-03-02;284;76;8857;6138;5.8;4.0
09;2021-03-03;252;132;9109;6270;6.0;4.1
09;2021-03-04;413;30;9522;6300;6.2;4.1
09;2021-03-05;332;64;9854;6364;6.5;4.2
09;2021-03-06;397;46;10251;6410;6.7;4.2
09;2021-03-07;124;4;10375;6414;6.8;4.2
09;2021-03-08;380;64;10755;6478;7.1;4.3
09;2021-03-09;437;140;11192;6618;7.3;4.3
09;2021-03-10;562;71;11754;6689;7.7;4.4
09;2021-03-11;695;74;12449;6763;8.2;4.4
09;2021-03-12;659;31;13108;6794;8.6;4.5
09;2021-03-13;385;3;13493;6797;8.9;4.5
09;2021-03-14;120;3;13613;6800;8.9;4.5
09;2021-03-15;467;48;14080;6848;9.2;4.5
09;2021-03-16;370;80;14450;6928;9.5;4.5
09;2021-03-17;399;72;14849;7000;9.7;4.6
09;2021-03-18;454;42;15303;7042;10.0;4.6
09;2021-03-19;524;54;15827;7096;10.4;4.7
09;2021-03-20;313;39;16140;7135;10.6;4.7
09;2021-03-21;105;0;16245;7135;10.7;4.7
09;2021-03-22;424;117;16669;7252;10.9;4.8
09;2021-03-23;565;173;17234;7425;11.3;4.9
09;2021-03-24;711;41;17945;7466;11.8;4.9
09;2021-03-25;869;138;18814;7604;12.3;5.0
09;2021-03-26;751;45;19565;7649;12.8;5.0
09;2021-03-27;622;70;20187;7719;13.2;5.1
09;2021-03-28;132;24;20319;7743;13.3;5.1
09;2021-03-29;497;278;20816;8021;13.7;5.3
09;2021-03-30;729;153;21545;8174;14.1;5.4
09;2021-03-31;801;180;22346;8354;14.7;5.5
09;2021-04-01;734;254;23080;8608;15.1;5.6
09;2021-04-02;693;266;23773;8874;15.6;5.8
09;2021-04-03;770;117;24543;8991;16.1;5.9
09;2021-04-04;122;57;24665;9048;16.2;5.9
09;2021-04-05;237;58;24902;9106;16.3;6.0
09;2021-04-06;1056;391;25958;9497;17.0;6.2
09;2021-04-07;1209;358;27167;9855;17.8;6.5
09;2021-04-08;1468;397;28635;10252;18.8;6.7
09;2021-04-09;1139;413;29774;10665;19.5;7.0
09;2021-04-10;1349;193;31123;10858;20.4;7.1
09;2021-04-11;173;102;31296;10960;20.5;7.2
09;2021-04-12;736;342;32032;11302;21.0;7.4
09;2021-04-13;1047;407;33079;11709;21.7;7.7
09;2021-04-14;1331;506;34410;12215;22.6;8.0
09;2021-04-15;1148;500;35558;12715;23.3;8.3
09;2021-04-16;1033;414;36591;13129;24.0;8.6
09;2021-04-17;1194;355;37785;13484;24.8;8.8
09;2021-04-18;102;96;37887;13580;24.9;8.9
09;2021-04-19;697;404;38584;13984;25.3;9.2
09;2021-04-20;766;533;39350;14517;25.8;9.5
09;2021-04-21;941;591;40291;15108;26.4;9.9
09;2021-04-22;667;608;40958;15716;26.9;10.3
09;2021-04-23;772;425;41730;16141;27.4;10.6
09;2021-04-24;740;669;42470;16810;27.9;11.0
09;2021-04-25;75;113;42545;16923;27.9;11.1
09;2021-04-26;382;535;42927;17458;28.2;11.5
09;2021-04-27;443;720;43370;18178;28.5;11.9
09;2021-04-28;806;795;44176;18973;29.0;12.4
09;2021-04-29;550;771;44726;19744;29.3;13.0
09;2021-04-30;622;723;45348;20467;29.8;13.4
09;2021-05-01;478;453;45826;20920;30.1;13.7
09;2021-05-02;51;100;45877;21020;30.1;13.8
09;2021-05-03;522;663;46399;21683;30.4;14.2
09;2021-05-04;557;1346;46956;23029;30.8;15.1
09;2021-05-05;823;1347;47779;24376;31.4;16.0
09;2021-05-06;849;1034;48628;25410;31.9;16.7
09;2021-05-07;978;823;49606;26233;32.6;17.2
09;2021-05-08;395;461;50001;26694;32.8;17.5
09;2021-05-09;264;84;50265;26778;33.0;17.6
09;2021-05-10;504;967;50769;27745;33.3;18.2
09;2021-05-11;741;1052;51510;28797;33.8;18.9
09;2021-05-12;1535;1403;53045;30200;34.8;19.8
09;2021-05-13;1383;425;54428;30625;35.7;20.1
09;2021-05-14;987;654;55415;31279;36.4;20.5
09;2021-05-15;1236;790;56651;32069;37.2;21.0
09;2021-05-16;296;48;56947;32117;37.4;21.1
09;2021-05-17;875;413;57822;32530;37.9;21.3
09;2021-05-18;1291;392;59113;32922;38.8;21.6
09;2021-05-19;1495;367;60608;33289;39.8;21.8
09;2021-05-20;1379;406;61987;33695;40.7;22.1
09;2021-05-21;1164;496;63151;34191;41.4;22.4
09;2021-05-22;1546;363;64697;34554;42.5;22.7
09;2021-05-23;272;25;64969;34579;42.6;22.7
09;2021-05-24;177;99;65146;34678;42.7;22.8
09;2021-05-25;997;499;66143;35177;43.4;23.1
09;2021-05-26;1286;446;67429;35623;44.2;23.4
09;2021-05-27;966;403;68395;36026;44.9;23.6
09;2021-05-28;958;512;69353;36538;45.5;24.0
09;2021-05-29;1797;597;71150;37135;46.7;24.4
09;2021-05-30;541;197;71691;37332;47.0;24.5
09;2021-05-31;717;594;72408;37926;47.5;24.9
09;2021-06-01;967;641;73375;38567;48.1;25.3
09;2021-06-02;1007;897;74382;39464;48.8;25.9
09;2021-06-03;810;682;75192;40146;49.3;26.3
09;2021-06-04;877;799;76069;40945;49.9;26.9
09;2021-06-05;1320;873;77389;41818;50.8;27.4
09;2021-06-06;304;108;77693;41926;51.0;27.5
09;2021-06-07;623;517;78316;42443;51.4;27.9
09;2021-06-08;823;489;79139;42932;51.9;28.2
09;2021-06-09;807;831;79946;43763;52.5;28.7
09;2021-06-10;640;532;80586;44295;52.9;29.1
09;2021-06-11;830;760;81416;45055;53.4;29.6
09;2021-06-12;636;807;82052;45862;53.8;30.1
09;2021-06-13;94;130;82146;45992;53.9;30.2
09;2021-06-14;627;707;82773;46699;54.3;30.6
09;2021-06-15;824;890;83597;47589;54.9;31.2
09;2021-06-16;627;1078;84224;48667;55.3;31.9
09;2021-06-17;780;856;85004;49523;55.8;32.5
09;2021-06-18;635;1151;85639;50674;56.2;33.3
09;2021-06-19;515;1576;86154;52250;56.5;34.3
09;2021-06-20;8;279;86162;52529;56.5;34.5
09;2021-06-21;474;699;86636;53228;56.8;34.9
09;2021-06-22;462;1066;87098;54294;57.2;35.6
09;2021-06-23;435;1224;87533;55518;57.4;36.4
09;2021-06-24;580;772;88113;56290;57.8;36.9
09;2021-06-25;411;1063;88524;57353;58.1;37.6
09;2021-06-26;443;1088;88967;58441;58.4;38.3
09;2021-06-27;2;275;88969;58716;58.4;38.5
09;2021-06-28;239;1048;89208;59764;58.5;39.2
09;2021-06-29;313;1230;89521;60994;58.7;40.0
09;2021-06-30;457;1491;89978;62485;59.0;41.0
09;2021-07-01;383;1431;90361;63916;59.3;41.9
09;2021-07-02;308;1162;90669;65078;59.5;42.7
09;2021-07-03;209;1619;90878;66697;59.6;43.8
09;2021-07-04;4;254;90882;66951;59.6;43.9
09;2021-07-05;188;714;91070;67665;59.8;44.4
09;2021-07-06;292;1223;91362;68888;59.9;45.2
09;2021-07-07;416;1395;91778;70283;60.2;46.1
09;2021-07-08;322;1060;92100;71343;60.4;46.8
09;2021-07-09;290;1156;92390;72499;60.6;47.6
09;2021-07-10;344;1726;92734;74225;60.8;48.7
09;2021-07-11;147;391;92881;74616;60.9;49.0
09;2021-07-12;183;1072;93064;75688;61.1;49.7
09;2021-07-13;642;1307;93706;76995;61.5;50.5
09;2021-07-14;485;220;94191;77215;61.8;50.7
09;2021-07-15;814;1168;95005;78383;62.3;51.4
09;2021-07-16;608;1193;95613;79576;62.7;52.2
09;2021-07-17;1016;1445;96629;81021;63.4;53.2
09;2021-07-18;299;220;96928;81241;63.6;53.3
09;2021-07-19;482;969;97410;82210;63.9;53.9
09;2021-07-20;828;1257;98238;83467;64.5;54.8
09;2021-07-21;1013;1167;99251;84634;65.1;55.5
09;2021-07-22;844;907;100095;85541;65.7;56.1
09;2021-07-23;723;907;100818;86448;66.2;56.7
09;2021-07-24;919;460;101737;86908;66.8;57.0
09;2021-07-25;555;133;102292;87041;67.1;57.1
09;2021-07-26;645;767;102937;87808;67.5;57.6
09;2021-07-27;1164;943;104101;88751;68.3;58.2
09;2021-07-28;1189;982;105290;89733;69.1;58.9
09;2021-07-29;1023;735;106313;90468;69.8;59.4
09;2021-07-30;775;617;107088;91085;70.3;59.8
09;2021-07-31;1374;410;108462;91495;71.2;60.0
09;2021-08-01;141;125;108603;91620;71.3;60.1
09;2021-08-02;612;476;109215;92096;71.7;60.4
09;2021-08-03;1251;762;110466;92858;72.5;60.9
10;2020-12-27;0;0;0;0;0.0;0.0
10;2020-12-28;0;0;0;0;0.0;0.0
10;2020-12-29;0;0;0;0;0.0;0.0
10;2020-12-30;0;0;0;0;0.0;0.0
10;2020-12-31;0;0;0;0;0.0;0.0
10;2021-01-01;0;0;0;0;0.0;0.0
10;2021-01-02;0;0;0;0;0.0;0.0
10;2021-01-03;0;0;0;0;0.0;0.0
10;2021-01-04;0;0;0;0;0.0;0.0
10;2021-01-05;1;0;1;0;0.0;0.0
10;2021-01-06;0;0;1;0;0.0;0.0
10;2021-01-07;84;0;85;0;0.0;0.0
10;2021-01-08;255;0;340;0;0.1;0.0
10;2021-01-09;0;0;340;0;0.1;0.0
10;2021-01-10;0;0;340;0;0.1;0.0
10;2021-01-11;117;0;457;0;0.1;0.0
10;2021-01-12;191;0;648;0;0.2;0.0
10;2021-01-13;313;0;961;0;0.3;0.0
10;2021-01-14;391;7;1352;7;0.4;0.0
10;2021-01-15;359;2;1711;9;0.6;0.0
10;2021-01-16;55;0;1766;9;0.6;0.0
10;2021-01-17;0;0;1766;9;0.6;0.0
10;2021-01-18;699;1;2465;10;0.8;0.0
10;2021-01-19;1361;2;3826;12;1.2;0.0
10;2021-01-20;1070;5;4896;17;1.6;0.0
10;2021-01-21;1145;2;6041;19;1.9;0.0
10;2021-01-22;818;0;6859;19;2.2;0.0
10;2021-01-23;309;0;7168;19;2.3;0.0
10;2021-01-24;0;0;7168;19;2.3;0.0
10;2021-01-25;445;9;7613;28;2.5;0.0
10;2021-01-26;487;17;8100;45;2.6;0.0
10;2021-01-27;459;15;8559;60;2.8;0.0
10;2021-01-28;356;48;8915;108;2.9;0.0
10;2021-01-29;430;194;9345;302;3.0;0.1
10;2021-01-30;30;0;9375;302;3.0;0.1
10;2021-01-31;0;0;9375;302;3.0;0.1
10;2021-02-01;404;141;9779;443;3.2;0.1
10;2021-02-02;182;152;9961;595;3.2;0.2
10;2021-02-03;345;216;10306;811;3.3;0.3
10;2021-02-04;342;270;10648;1081;3.4;0.3
10;2021-02-05;327;321;10975;1402;3.5;0.5
10;2021-02-06;3;35;10978;1437;3.5;0.5
10;2021-02-07;0;0;10978;1437;3.5;0.5
10;2021-02-08;190;411;11168;1848;3.6;0.6
10;2021-02-09;480;585;11648;2433;3.8;0.8
10;2021-02-10;666;475;12314;2908;4.0;0.9
10;2021-02-11;768;598;13082;3506;4.2;1.1
10;2021-02-12;580;552;13662;4058;4.4;1.3
10;2021-02-13;36;120;13698;4178;4.4;1.3
10;2021-02-14;0;0;13698;4178;4.4;1.3
10;2021-02-15;142;448;13840;4626;4.5;1.5
10;2021-02-16;116;546;13956;5172;4.5;1.7
10;2021-02-17;129;607;14085;5779;4.5;1.9
10;2021-02-18;216;558;14301;6337;4.6;2.0
10;2021-02-19;187;472;14488;6809;4.7;2.2
10;2021-02-20;24;183;14512;6992;4.7;2.3
10;2021-02-21;0;0;14512;6992;4.7;2.3
10;2021-02-22;77;448;14589;7440;4.7;2.4
10;2021-02-23;76;563;14665;8003;4.7;2.6
10;2021-02-24;104;375;14769;8378;4.8;2.7
10;2021-02-25;323;375;15092;8753;4.9;2.8
10;2021-02-26;351;283;15443;9036;5.0;2.9
10;2021-02-27;275;130;15718;9166;5.1;3.0
10;2021-02-28;0;0;15718;9166;5.1;3.0
10;2021-03-01;257;334;15975;9500;5.2;3.1
10;2021-03-02;434;370;16409;9870;5.3;3.2
10;2021-03-03;453;580;16862;10450;5.4;3.4
10;2021-03-04;634;500;17496;10950;5.6;3.5
10;2021-03-05;677;253;18173;11203;5.9;3.6
10;2021-03-06;948;40;19121;11243;6.2;3.6
10;2021-03-07;769;5;19890;11248;6.4;3.6
10;2021-03-08;502;443;20392;11691;6.6;3.8
10;2021-03-09;673;436;21065;12127;6.8;3.9
10;2021-03-10;660;363;21725;12490;7.0;4.0
10;2021-03-11;1174;235;22899;12725;7.4;4.1
10;2021-03-12;1338;239;24237;12964;7.8;4.2
10;2021-03-13;892;36;25129;13000;8.1;4.2
10;2021-03-14;1381;14;26510;13014;8.6;4.2
10;2021-03-15;821;80;27331;13094;8.8;4.2
10;2021-03-16;688;59;28019;13153;9.0;4.2
10;2021-03-17;831;65;28850;13218;9.3;4.3
10;2021-03-18;885;79;29735;13297;9.6;4.3
10;2021-03-19;951;68;30686;13365;9.9;4.3
10;2021-03-20;552;16;31238;13381;10.1;4.3
10;2021-03-21;1845;36;33083;13417;10.7;4.3
10;2021-03-22;879;68;33962;13485;11.0;4.4
10;2021-03-23;1245;90;35207;13575;11.4;4.4
10;2021-03-24;1308;53;36515;13628;11.8;4.4
10;2021-03-25;1676;227;38191;13855;12.3;4.5
10;2021-03-26;1431;113;39622;13968;12.8;4.5
10;2021-03-27;762;77;40384;14045;13.0;4.5
10;2021-03-28;1221;26;41605;14071;13.4;4.5
10;2021-03-29;648;305;42253;14376;13.6;4.6
10;2021-03-30;926;374;43179;14750;13.9;4.8
10;2021-03-31;617;359;43796;15109;14.1;4.9
10;2021-04-01;883;681;44679;15790;14.4;5.1
10;2021-04-02;1068;587;45747;16377;14.8;5.3
10;2021-04-03;540;607;46287;16984;14.9;5.5
10;2021-04-04;1826;257;48113;17241;15.5;5.6
10;2021-04-05;1843;36;49956;17277;16.1;5.6
10;2021-04-06;514;649;50470;17926;16.3;5.8
10;2021-04-07;589;539;51059;18465;16.5;6.0
10;2021-04-08;1056;603;52115;19068;16.8;6.2
10;2021-04-09;1130;608;53245;19676;17.2;6.3
10;2021-04-10;1770;349;55015;20025;17.8;6.5
10;2021-04-11;55;1224;55070;21249;17.8;6.9
10;2021-04-12;1003;807;56073;22056;18.1;7.1
10;2021-04-13;1505;886;57578;22942;18.6;7.4
10;2021-04-14;820;600;58398;23542;18.8;7.6
10;2021-04-15;1432;888;59830;24430;19.3;7.9
10;2021-04-16;1108;695;60938;25125;19.7;8.1
10;2021-04-17;2391;356;63329;25481;20.4;8.2
10;2021-04-18;1421;1781;64750;27262;20.9;8.8
10;2021-04-19;838;836;65588;28098;21.2;9.1
10;2021-04-20;545;1034;66133;29132;21.3;9.4
10;2021-04-21;637;985;66770;30117;21.5;9.7
10;2021-04-22;932;971;67702;31088;21.8;10.0
10;2021-04-23;2171;775;69873;31863;22.5;10.3
10;2021-04-24;2296;371;72169;32234;23.3;10.4
10;2021-04-25;1989;1215;74158;33449;23.9;10.8
10;2021-04-26;773;619;74931;34068;24.2;11.0
10;2021-04-27;895;535;75826;34603;24.5;11.2
10;2021-04-28;873;403;76699;35006;24.7;11.3
10;2021-04-29;1433;670;78132;35676;25.2;11.5
10;2021-04-30;2173;758;80305;36434;25.9;11.8
10;2021-05-01;1988;2162;82293;38596;26.6;12.5
10;2021-05-02;1948;1895;84241;40491;27.2;13.1
10;2021-05-03;622;445;84863;40936;27.4;13.2
10;2021-05-04;1145;1248;86008;42184;27.8;13.6
10;2021-05-05;1754;1019;87762;43203;28.3;13.9
10;2021-05-06;2256;938;90018;44141;29.0;14.2
10;2021-05-07;2217;1135;92235;45276;29.8;14.6
10;2021-05-08;2270;856;94505;46132;30.5;14.9
10;2021-05-09;2004;99;96509;46231;31.1;14.9
10;2021-05-10;528;1092;97037;47323;31.3;15.3
10;2021-05-11;1051;1022;98088;48345;31.7;15.6
10;2021-05-12;2061;880;100149;49225;32.3;15.9
10;2021-05-13;2183;431;102332;49656;33.0;16.0
10;2021-05-14;2730;668;105062;50324;33.9;16.2
10;2021-05-15;2427;2039;107489;52363;34.7;16.9
10;2021-05-16;2081;1449;109570;53812;35.4;17.4
10;2021-05-17;1451;439;111021;54251;35.8;17.5
10;2021-05-18;2510;636;113531;54887;36.6;17.7
10;2021-05-19;1553;638;115084;55525;37.1;17.9
10;2021-05-20;1891;847;116975;56372;37.7;18.2
10;2021-05-21;2318;615;119293;56987;38.5;18.4
10;2021-05-22;2181;419;121474;57406;39.2;18.5
10;2021-05-23;1817;139;123291;57545;39.8;18.6
10;2021-05-24;1968;180;125259;57725;40.4;18.6
10;2021-05-25;2193;489;127452;58214;41.1;18.8
10;2021-05-26;1677;419;129129;58633;41.7;18.9
10;2021-05-27;1660;754;130789;59387;42.2;19.2
10;2021-05-28;1719;1185;132508;60572;42.8;19.5
10;2021-05-29;2170;640;134678;61212;43.5;19.8
10;2021-05-30;1029;133;135707;61345;43.8;19.8
10;2021-05-31;1039;747;136746;62092;44.1;20.0
10;2021-06-01;1133;883;137879;62975;44.5;20.3
10;2021-06-02;1032;714;138911;63689;44.8;20.6
10;2021-06-03;1473;1070;140384;64759;45.3;20.9
10;2021-06-04;1768;2601;142152;67360;45.9;21.7
10;2021-06-05;1512;2452;143664;69812;46.4;22.5
10;2021-06-06;1005;1875;144669;71687;46.7;23.1
10;2021-06-07;698;1112;145367;72799;46.9;23.5
10;2021-06-08;895;1168;146262;73967;47.2;23.9
10;2021-06-09;877;910;147139;74877;47.5;24.2
10;2021-06-10;677;1070;147816;75947;47.7;24.5
10;2021-06-11;1199;2210;149015;78157;48.1;25.2
10;2021-06-12;855;2387;149870;80544;48.4;26.0
10;2021-06-13;401;1837;150271;82381;48.5;26.6
10;2021-06-14;534;742;150805;83123;48.7;26.8
10;2021-06-15;740;2131;151545;85254;48.9;27.5
10;2021-06-16;740;1859;152285;87113;49.1;28.1
10;2021-06-17;848;2458;153133;89571;49.4;28.9
10;2021-06-18;1030;2474;154163;92045;49.7;29.7
10;2021-06-19;982;2595;155145;94640;50.1;30.5
10;2021-06-20;549;1600;155694;96240;50.2;31.1
10;2021-06-21;682;1046;156376;97286;50.5;31.4
10;2021-06-22;743;1525;157119;98811;50.7;31.9
10;2021-06-23;647;2408;157766;101219;50.9;32.7
10;2021-06-24;782;2618;158548;103837;51.2;33.5
10;2021-06-25;731;3036;159279;106873;51.4;34.5
10;2021-06-26;514;2742;159793;109615;51.6;35.4
10;2021-06-27;402;1939;160195;111554;51.7;36.0
10;2021-06-28;684;1786;160879;113340;51.9;36.6
10;2021-06-29;616;2694;161495;116034;52.1;37.4
10;2021-06-30;535;1525;162030;117559;52.3;37.9
10;2021-07-01;551;2172;162581;119731;52.5;38.6
10;2021-07-02;666;2727;163247;122458;52.7;39.5
10;2021-07-03;528;2600;163775;125058;52.8;40.4
10;2021-07-04;411;1728;164186;126786;53.0;40.9
10;2021-07-05;664;2222;164850;129008;53.2;41.6
10;2021-07-06;650;2184;165500;131192;53.4;42.3
10;2021-07-07;629;1702;166129;132894;53.6;42.9
10;2021-07-08;747;1459;166876;134353;53.8;43.4
10;2021-07-09;814;1946;167690;136299;54.1;44.0
10;2021-07-10;632;2097;168322;138396;54.3;44.7
10;2021-07-11;500;1377;168822;139773;54.5;45.1
10;2021-07-12;778;1623;169600;141396;54.7;45.6
10;2021-07-13;1124;1874;170724;143270;55.1;46.2
10;2021-07-14;1171;1055;171895;144325;55.5;46.6
10;2021-07-15;1468;1979;173363;146304;55.9;47.2
10;2021-07-16;1239;2272;174602;148576;56.3;47.9
10;2021-07-17;1284;1736;175886;150312;56.8;48.5
10;2021-07-18;941;1225;176827;151537;57.1;48.9
10;2021-07-19;1356;1618;178183;153155;57.5;49.4
10;2021-07-20;1680;1428;179863;154583;58.0;49.9
10;2021-07-21;1391;1483;181254;156066;58.5;50.4
10;2021-07-22;1932;1590;183186;157656;59.1;50.9
10;2021-07-23;1592;1540;184778;159196;59.6;51.4
10;2021-07-24;1386;1218;186164;160414;60.1;51.8
10;2021-07-25;1251;784;187415;161198;60.5;52.0
10;2021-07-26;1909;1312;189324;162510;61.1;52.4
10;2021-07-27;2116;1081;191440;163591;61.8;52.8
10;2021-07-28;2090;1004;193530;164595;62.4;53.1
10;2021-07-29;2425;1200;195955;165795;63.2;53.5
10;2021-07-30;2151;1299;198106;167094;63.9;53.9
10;2021-07-31;1671;929;199777;168023;64.5;54.2
10;2021-08-01;1231;567;201008;168590;64.9;54.4
10;2021-08-02;1331;1333;202339;169923;65.3;54.8
10;2021-08-03;1540;885;203879;170808;65.8;55.1
11;2020-12-27;0;0;0;0;0.0;0.0
11;2020-12-28;1;0;1;0;0.0;0.0
11;2020-12-29;1;0;2;0;0.0;0.0
11;2020-12-30;0;0;2;0;0.0;0.0
11;2020-12-31;0;0;2;0;0.0;0.0
11;2021-01-01;0;0;2;0;0.0;0.0
11;2021-01-02;5;0;7;0;0.0;0.0
11;2021-01-03;0;0;7;0;0.0;0.0
11;2021-01-04;0;0;7;0;0.0;0.0
11;2021-01-05;94;0;101;0;0.0;0.0
11;2021-01-06;25;0;126;0;0.0;0.0
11;2021-01-07;119;0;245;0;0.1;0.0
11;2021-01-08;90;1;335;1;0.1;0.0
11;2021-01-09;86;0;421;1;0.1;0.0
11;2021-01-10;67;0;488;1;0.1;0.0
11;2021-01-11;136;0;624;1;0.2;0.0
11;2021-01-12;544;3;1168;4;0.3;0.0
11;2021-01-13;410;1;1578;5;0.4;0.0
11;2021-01-14;644;8;2222;13;0.6;0.0
11;2021-01-15;342;4;2564;17;0.7;0.0
11;2021-01-16;77;1;2641;18;0.7;0.0
11;2021-01-17;47;1;2688;19;0.7;0.0
11;2021-01-18;388;0;3076;19;0.8;0.0
11;2021-01-19;525;4;3601;23;1.0;0.0
11;2021-01-20;691;6;4292;29;1.2;0.0
11;2021-01-21;646;4;4938;33;1.3;0.0
11;2021-01-22;524;1;5462;34;1.5;0.0
11;2021-01-23;155;0;5617;34;1.5;0.0
11;2021-01-24;139;0;5756;34;1.5;0.0
11;2021-01-25;372;20;6128;54;1.6;0.0
11;2021-01-26;838;84;6966;138;1.9;0.0
11;2021-01-27;798;23;7764;161;2.1;0.0
11;2021-01-28;644;61;8408;222;2.3;0.1
11;2021-01-29;433;124;8841;346;2.4;0.1
11;2021-01-30;131;1;8972;347;2.4;0.1
11;2021-01-31;81;0;9053;347;2.4;0.1
11;2021-02-01;344;196;9397;543;2.5;0.1
11;2021-02-02;409;407;9806;950;2.6;0.3
11;2021-02-03;390;352;10196;1302;2.7;0.3
11;2021-02-04;373;497;10569;1799;2.8;0.5
11;2021-02-05;312;338;10881;2137;2.9;0.6
11;2021-02-06;205;62;11086;2199;3.0;0.6
11;2021-02-07;108;13;11194;2212;3.0;0.6
11;2021-02-08;313;160;11507;2372;3.1;0.6
11;2021-02-09;296;280;11803;2652;3.2;0.7
11;2021-02-10;338;447;12141;3099;3.3;0.8
11;2021-02-11;610;630;12751;3729;3.4;1.0
11;2021-02-12;398;379;13149;4108;3.5;1.1
11;2021-02-13;193;120;13342;4228;3.6;1.1
11;2021-02-14;66;27;13408;4255;3.6;1.1
11;2021-02-15;238;210;13646;4465;3.7;1.2
11;2021-02-16;262;514;13908;4979;3.7;1.3
11;2021-02-17;453;620;14361;5599;3.9;1.5
11;2021-02-18;456;574;14817;6173;4.0;1.7
11;2021-02-19;300;540;15117;6713;4.1;1.8
11;2021-02-20;147;75;15264;6788;4.1;1.8
11;2021-02-21;57;45;15321;6833;4.1;1.8
11;2021-02-22;125;332;15446;7165;4.1;1.9
11;2021-02-23;283;322;15729;7487;4.2;2.0
11;2021-02-24;251;374;15980;7861;4.3;2.1
11;2021-02-25;562;324;16542;8185;4.4;2.2
11;2021-02-26;523;320;17065;8505;4.6;2.3
11;2021-02-27;318;98;17383;8603;4.7;2.3
11;2021-02-28;95;24;17478;8627;4.7;2.3
11;2021-03-01;339;319;17817;8946;4.8;2.4
11;2021-03-02;562;392;18379;9338;4.9;2.5
11;2021-03-03;599;436;18978;9774;5.1;2.6
11;2021-03-04;1075;407;20053;10181;5.4;2.7
11;2021-03-05;1002;409;21055;10590;5.6;2.8
11;2021-03-06;1094;205;22149;10795;5.9;2.9
11;2021-03-07;657;35;22806;10830;6.1;2.9
11;2021-03-08;375;353;23181;11183;6.2;3.0
11;2021-03-09;996;393;24177;11576;6.5;3.1
11;2021-03-10;1170;547;25347;12123;6.8;3.3
11;2021-03-11;1571;440;26918;12563;7.2;3.4
11;2021-03-12;1453;438;28371;13001;7.6;3.5
11;2021-03-13;1158;237;29529;13238;7.9;3.6
11;2021-03-14;524;51;30053;13289;8.1;3.6
11;2021-03-15;651;241;30704;13530;8.2;3.6
11;2021-03-16;853;200;31557;13730;8.5;3.7
11;2021-03-17;908;220;32465;13950;8.7;3.7
11;2021-03-18;1172;283;33637;14233;9.0;3.8
11;2021-03-19;1370;245;35007;14478;9.4;3.9
11;2021-03-20;788;168;35795;14646;9.6;3.9
11;2021-03-21;225;65;36020;14711;9.7;3.9
11;2021-03-22;809;215;36829;14926;9.9;4.0
11;2021-03-23;1803;389;38632;15315;10.4;4.1
11;2021-03-24;1843;316;40475;15631;10.9;4.2
11;2021-03-25;2189;371;42664;16002;11.4;4.3
11;2021-03-26;2124;440;44788;16442;12.0;4.4
11;2021-03-27;1177;144;45965;16586;12.3;4.5
11;2021-03-28;265;43;46230;16629;12.4;4.5
11;2021-03-29;1181;218;47411;16847;12.7;4.5
11;2021-03-30;1993;318;49404;17165;13.3;4.6
11;2021-03-31;1613;382;51017;17547;13.7;4.7
11;2021-04-01;2146;423;53163;17970;14.3;4.8
11;2021-04-02;1641;430;54804;18400;14.7;4.9
11;2021-04-03;719;143;55523;18543;14.9;5.0
11;2021-04-04;198;73;55721;18616;15.0;5.0
11;2021-04-05;257;4;55978;18620;15.0;5.0
11;2021-04-06;1571;547;57549;19167;15.4;5.1
11;2021-04-07;1776;571;59325;19738;15.9;5.3
11;2021-04-08;1785;682;61110;20420;16.4;5.5
11;2021-04-09;2260;599;63370;21019;17.0;5.6
11;2021-04-10;1169;176;64539;21195;17.3;5.7
11;2021-04-11;547;107;65086;21302;17.5;5.7
11;2021-04-12;1611;532;66697;21834;17.9;5.9
11;2021-04-13;2259;882;68956;22716;18.5;6.1
11;2021-04-14;1661;1009;70617;23725;18.9;6.4
11;2021-04-15;1838;1124;72455;24849;19.4;6.7
11;2021-04-16;1835;844;74290;25693;19.9;6.9
11;2021-04-17;1771;559;76061;26252;20.4;7.0
11;2021-04-18;114;155;76175;26407;20.4;7.1
11;2021-04-19;1383;735;77558;27142;20.8;7.3
11;2021-04-20;1726;1284;79284;28426;21.3;7.6
11;2021-04-21;1778;1319;81062;29745;21.7;8.0
11;2021-04-22;1748;1321;82810;31066;22.2;8.3
11;2021-04-23;2010;1227;84820;32293;22.8;8.7
11;2021-04-24;1735;467;86555;32760;23.2;8.8
11;2021-04-25;658;178;87213;32938;23.4;8.8
11;2021-04-26;1376;836;88589;33774;23.8;9.1
11;2021-04-27;1834;1545;90423;35319;24.3;9.5
11;2021-04-28;2002;1467;92425;36786;24.8;9.9
11;2021-04-29;2246;1634;94671;38420;25.4;10.3
11;2021-04-30;2153;1425;96824;39845;26.0;10.7
11;2021-05-01;1338;341;98162;40186;26.3;10.8
11;2021-05-02;588;336;98750;40522;26.5;10.9
11;2021-05-03;1486;738;100236;41260;26.9;11.1
11;2021-05-04;1879;1429;102115;42689;27.4;11.5
11;2021-05-05;1892;1436;104007;44125;27.9;11.8
11;2021-05-06;2190;1472;106197;45597;28.5;12.2
11;2021-05-07;2104;1554;108301;47151;29.1;12.7
11;2021-05-08;894;726;109195;47877;29.3;12.8
11;2021-05-09;628;543;109823;48420;29.5;13.0
11;2021-05-10;1328;1650;111151;50070;29.8;13.4
11;2021-05-11;2038;1864;113189;51934;30.4;13.9
11;2021-05-12;1830;1632;115019;53566;30.9;14.4
11;2021-05-13;1405;414;116424;53980;31.2;14.5
11;2021-05-14;1712;1184;118136;55164;31.7;14.8
11;2021-05-15;1156;901;119292;56065;32.0;15.0
11;2021-05-16;806;165;120098;56230;32.2;15.1
11;2021-05-17;1469;1048;121567;57278;32.6;15.4
11;2021-05-18;1900;1196;123467;58474;33.1;15.7
11;2021-05-19;1848;1120;125315;59594;33.6;16.0
11;2021-05-20;1968;1091;127283;60685;34.2;16.3
11;2021-05-21;2277;1088;129560;61773;34.8;16.6
11;2021-05-22;1483;723;131043;62496;35.2;16.8
11;2021-05-23;768;67;131811;62563;35.4;16.8
11;2021-05-24;1410;226;133221;62789;35.7;16.8
11;2021-05-25;1810;1354;135031;64143;36.2;17.2
11;2021-05-26;1933;1303;136964;65446;36.7;17.6
11;2021-05-27;1984;1720;138948;67166;37.3;18.0
11;2021-05-28;1758;1897;140706;69063;37.8;18.5
11;2021-05-29;1428;1597;142134;70660;38.1;19.0
11;2021-05-30;486;395;142620;71055;38.3;19.1
11;2021-05-31;1259;1620;143879;72675;38.6;19.5
11;2021-06-01;1855;1906;145734;74581;39.1;20.0
11;2021-06-02;1761;2075;147495;76656;39.6;20.6
11;2021-06-03;2599;2411;150094;79067;40.3;21.2
11;2021-06-04;2144;2671;152238;81738;40.8;21.9
11;2021-06-05;1589;1903;153827;83641;41.3;22.4
11;2021-06-06;877;861;154704;84502;41.5;22.7
11;2021-06-07;1526;1713;156230;86215;41.9;23.1
11;2021-06-08;2037;1993;158267;88208;42.5;23.7
11;2021-06-09;1788;2191;160055;90399;42.9;24.3
11;2021-06-10;1806;2427;161861;92826;43.4;24.9
11;2021-06-11;1863;2491;163724;95317;43.9;25.6
11;2021-06-12;1455;1621;165179;96938;44.3;26.0
11;2021-06-13;711;722;165890;97660;44.5;26.2
11;2021-06-14;1033;1967;166923;99627;44.8;26.7
11;2021-06-15;1392;2682;168315;102309;45.2;27.5
11;2021-06-16;1339;2529;169654;104838;45.5;28.1
11;2021-06-17;1470;2538;171124;107376;45.9;28.8
11;2021-06-18;1517;2489;172641;109865;46.3;29.5
11;2021-06-19;1237;1409;173878;111274;46.7;29.9
11;2021-06-20;299;600;174177;111874;46.7;30.0
11;2021-06-21;839;2120;175016;113994;47.0;30.6
11;2021-06-22;1015;2606;176031;116600;47.2;31.3
11;2021-06-23;1096;2086;177127;118686;47.5;31.8
11;2021-06-24;907;2245;178034;120931;47.8;32.4
11;2021-06-25;991;2541;179025;123472;48.0;33.1
11;2021-06-26;773;1656;179798;125128;48.2;33.6
11;2021-06-27;209;688;180007;125816;48.3;33.8
11;2021-06-28;697;2300;180704;128116;48.5;34.4
11;2021-06-29;961;2597;181665;130713;48.7;35.1
11;2021-06-30;904;2521;182569;133234;49.0;35.7
11;2021-07-01;991;1885;183560;135119;49.3;36.3
11;2021-07-02;962;2540;184522;137659;49.5;36.9
11;2021-07-03;726;1800;185248;139459;49.7;37.4
11;2021-07-04;338;1108;185586;140567;49.8;37.7
11;2021-07-05;691;2131;186277;142698;50.0;38.3
11;2021-07-06;966;2519;187243;145217;50.2;39.0
11;2021-07-07;939;2511;188182;147728;50.5;39.6
11;2021-07-08;1181;1907;189363;149635;50.8;40.1
11;2021-07-09;822;1792;190185;151427;51.0;40.6
11;2021-07-10;366;1300;190551;152727;51.1;41.0
11;2021-07-11;312;563;190863;153290;51.2;41.1
11;2021-07-12;494;2666;191357;155956;51.3;41.8
11;2021-07-13;1294;3066;192651;159022;51.7;42.7
11;2021-07-14;204;234;192855;159256;51.7;42.7
11;2021-07-15;1408;2962;194263;162218;52.1;43.5
11;2021-07-16;1834;2725;196097;164943;52.6;44.3
11;2021-07-17;1073;2163;197170;167106;52.9;44.8
11;2021-07-18;650;945;197820;168051;53.1;45.1
11;2021-07-19;1327;2093;199147;170144;53.4;45.7
11;2021-07-20;1968;2402;201115;172546;54.0;46.3
11;2021-07-21;1998;2428;203113;174974;54.5;46.9
11;2021-07-22;2384;1864;205497;176838;55.1;47.4
11;2021-07-23;2214;2262;207711;179100;55.7;48.1
11;2021-07-24;1269;1619;208980;180719;56.1;48.5
11;2021-07-25;746;688;209726;181407;56.3;48.7
11;2021-07-26;1654;1412;211380;182819;56.7;49.1
11;2021-07-27;2306;1982;213686;184801;57.3;49.6
11;2021-07-28;2442;1976;216128;186777;58.0;50.1
11;2021-07-29;2732;1783;218860;188560;58.7;50.6
11;2021-07-30;2546;1775;221406;190335;59.4;51.1
11;2021-07-31;1990;1117;223396;191452;59.9;51.4
11;2021-08-01;1010;475;224406;191927;60.2;51.5
11;2021-08-02;1914;1143;226320;193070;60.7;51.8
11;2021-08-03;2401;1583;228721;194653;61.4;52.2
12;2020-12-27;0;0;0;0;0.0;0.0
12;2020-12-28;0;0;0;0;0.0;0.0
12;2020-12-29;0;0;0;0;0.0;0.0
12;2020-12-30;0;0;0;0;0.0;0.0
12;2020-12-31;0;0;0;0;0.0;0.0
12;2021-01-01;0;0;0;0;0.0;0.0
12;2021-01-02;0;0;0;0;0.0;0.0
12;2021-01-03;0;0;0;0;0.0;0.0
12;2021-01-04;1;0;1;0;0.0;0.0
12;2021-01-05;0;0;1;0;0.0;0.0
12;2021-01-06;12;0;13;0;0.0;0.0
12;2021-01-07;202;0;215;0;0.1;0.0
12;2021-01-08;65;0;280;0;0.1;0.0
12;2021-01-09;0;0;280;0;0.1;0.0
12;2021-01-10;1;0;281;0;0.1;0.0
12;2021-01-11;99;0;380;0;0.1;0.0
12;2021-01-12;360;1;740;1;0.3;0.0
12;2021-01-13;285;0;1025;1;0.4;0.0
12;2021-01-14;598;11;1623;12;0.6;0.0
12;2021-01-15;366;10;1989;22;0.7;0.0
12;2021-01-16;138;2;2127;24;0.8;0.0
12;2021-01-17;0;0;2127;24;0.8;0.0
12;2021-01-18;452;0;2579;24;0.9;0.0
12;2021-01-19;603;3;3182;27;1.1;0.0
12;2021-01-20;877;2;4059;29;1.5;0.0
12;2021-01-21;733;0;4792;29;1.7;0.0
12;2021-01-22;798;1;5590;30;2.0;0.0
12;2021-01-23;381;0;5971;30;2.1;0.0
12;2021-01-24;0;0;5971;30;2.1;0.0
12;2021-01-25;452;0;6423;30;2.3;0.0
12;2021-01-26;649;0;7072;30;2.5;0.0
12;2021-01-27;1877;18;8949;48;3.2;0.0
12;2021-01-28;1883;210;10832;258;3.9;0.1
12;2021-01-29;1330;43;12162;301;4.4;0.1
12;2021-01-30;359;2;12521;303;4.5;0.1
12;2021-01-31;0;0;12521;303;4.5;0.1
12;2021-02-01;333;89;12854;392;4.6;0.1
12;2021-02-02;457;243;13311;635;4.8;0.2
12;2021-02-03;457;166;13768;801;4.9;0.3
12;2021-02-04;458;525;14226;1326;5.1;0.5
12;2021-02-05;449;183;14675;1509;5.3;0.5
12;2021-02-06;219;68;14894;1577;5.4;0.6
12;2021-02-07;8;0;14902;1577;5.4;0.6
12;2021-02-08;105;316;15007;1893;5.4;0.7
12;2021-02-09;208;341;15215;2234;5.5;0.8
12;2021-02-10;465;471;15680;2705;5.6;1.0
12;2021-02-11;538;346;16218;3051;5.8;1.1
12;2021-02-12;570;345;16788;3396;6.0;1.2
12;2021-02-13;175;133;16963;3529;6.1;1.3
12;2021-02-14;0;0;16963;3529;6.1;1.3
12;2021-02-15;175;379;17138;3908;6.2;1.4
12;2021-02-16;171;513;17309;4421;6.2;1.6
12;2021-02-17;363;1437;17672;5858;6.3;2.1
12;2021-02-18;676;1662;18348;7520;6.6;2.7
12;2021-02-19;593;972;18941;8492;6.8;3.1
12;2021-02-20;103;397;19044;8889;6.8;3.2
12;2021-02-21;0;0;19044;8889;6.8;3.2
12;2021-02-22;149;404;19193;9293;6.9;3.3
12;2021-02-23;157;560;19350;9853;7.0;3.5
12;2021-02-24;157;689;19507;10542;7.0;3.8
12;2021-02-25;201;768;19708;11310;7.1;4.1
12;2021-02-26;320;652;20028;11962;7.2;4.3
12;2021-02-27;190;350;20218;12312;7.3;4.4
12;2021-02-28;13;0;20231;12312;7.3;4.4
12;2021-03-01;50;350;20281;12662;7.3;4.5
12;2021-03-02;190;505;20471;13167;7.4;4.7
12;2021-03-03;243;388;20714;13555;7.4;4.9
12;2021-03-04;277;361;20991;13916;7.5;5.0
12;2021-03-05;421;369;21412;14285;7.7;5.1
12;2021-03-06;793;129;22205;14414;8.0;5.2
12;2021-03-07;140;31;22345;14445;8.0;5.2
12;2021-03-08;234;210;22579;14655;8.1;5.3
12;2021-03-09;716;234;23295;14889;8.4;5.3
12;2021-03-10;782;739;24077;15628;8.6;5.6
12;2021-03-11;917;658;24994;16286;9.0;5.9
12;2021-03-12;1257;524;26251;16810;9.4;6.0
12;2021-03-13;896;137;27147;16947;9.8;6.1
12;2021-03-14;45;2;27192;16949;9.8;6.1
12;2021-03-15;558;155;27750;17104;10.0;6.1
12;2021-03-16;817;158;28567;17262;10.3;6.2
12;2021-03-17;1504;160;30071;17422;10.8;6.3
12;2021-03-18;995;251;31066;17673;11.2;6.3
12;2021-03-19;1382;275;32448;17948;11.7;6.4
12;2021-03-20;724;79;33172;18027;11.9;6.5
12;2021-03-21;264;10;33436;18037;12.0;6.5
12;2021-03-22;606;173;34042;18210;12.2;6.5
12;2021-03-23;1215;172;35257;18382;12.7;6.6
12;2021-03-24;1421;197;36678;18579;13.2;6.7
12;2021-03-25;1844;202;38522;18781;13.8;6.7
12;2021-03-26;1977;222;40499;19003;14.5;6.8
12;2021-03-27;980;65;41479;19068;14.9;6.9
12;2021-03-28;60;1;41539;19069;14.9;6.9
12;2021-03-29;962;81;42501;19150;15.3;6.9
12;2021-03-30;1736;117;44237;19267;15.9;6.9
12;2021-03-31;1459;102;45696;19369;16.4;7.0
12;2021-04-01;1958;156;47654;19525;17.1;7.0
12;2021-04-02;1614;339;49268;19864;17.7;7.1
12;2021-04-03;882;94;50150;19958;18.0;7.2
12;2021-04-04;1;0;50151;19958;18.0;7.2
12;2021-04-05;645;11;50796;19969;18.2;7.2
12;2021-04-06;1153;537;51949;20506;18.7;7.4
12;2021-04-07;1649;629;53598;21135;19.3;7.6
12;2021-04-08;2097;554;55695;21689;20.0;7.8
12;2021-04-09;2111;638;57806;22327;20.8;8.0
12;2021-04-10;1427;216;59233;22543;21.3;8.1
12;2021-04-11;120;1;59353;22544;21.3;8.1
12;2021-04-12;1837;501;61190;23045;22.0;8.3
12;2021-04-13;1906;774;63096;23819;22.7;8.6
12;2021-04-14;1831;1316;64927;25135;23.3;9.0
12;2021-04-15;1937;897;66864;26032;24.0;9.4
12;2021-04-16;1675;1201;68539;27233;24.6;9.8
12;2021-04-17;1554;565;70093;27798;25.2;10.0
12;2021-04-18;0;0;70093;27798;25.2;10.0
12;2021-04-19;1687;547;71780;28345;25.8;10.2
12;2021-04-20;1545;982;73325;29327;26.3;10.5
12;2021-04-21;1690;1178;75015;30505;26.9;11.0
12;2021-04-22;1689;1095;76704;31600;27.6;11.4
12;2021-04-23;1384;1330;78088;32930;28.1;11.8
12;2021-04-24;1451;718;79539;33648;28.6;12.1
12;2021-04-25;60;0;79599;33648;28.6;12.1
12;2021-04-26;1460;898;81059;34546;29.1;12.4
12;2021-04-27;1320;1279;82379;35825;29.6;12.9
12;2021-04-28;1113;1870;83492;37695;30.0;13.5
12;2021-04-29;1571;1912;85063;39607;30.6;14.2
12;2021-04-30;1812;1832;86875;41439;31.2;14.9
12;2021-05-01;1614;259;88489;41698;31.8;15.0
12;2021-05-02;4;0;88493;41698;31.8;15.0
12;2021-05-03;1712;1246;90205;42944;32.4;15.4
12;2021-05-04;1481;1392;91686;44336;32.9;15.9
12;2021-05-05;1290;1675;92976;46011;33.4;16.5
12;2021-05-06;1753;1377;94729;47388;34.0;17.0
12;2021-05-07;1481;1775;96210;49163;34.6;17.7
12;2021-05-08;1330;461;97540;49624;35.0;17.8
12;2021-05-09;13;34;97553;49658;35.0;17.8
12;2021-05-10;826;2217;98379;51875;35.3;18.6
12;2021-05-11;931;1852;99310;53727;35.7;19.3
12;2021-05-12;949;1821;100259;55548;36.0;20.0
12;2021-05-13;1587;810;101846;56358;36.6;20.2
12;2021-05-14;1236;1532;103082;57890;37.0;20.8
12;2021-05-15;1067;1113;104149;59003;37.4;21.2
12;2021-05-16;2;19;104151;59022;37.4;21.2
12;2021-05-17;1082;1811;105233;60833;37.8;21.9
12;2021-05-18;1427;1534;106660;62367;38.3;22.4
12;2021-05-19;1915;1327;108575;63694;39.0;22.9
12;2021-05-20;2114;873;110689;64567;39.8;23.2
12;2021-05-21;1822;1253;112511;65820;40.4;23.6
12;2021-05-22;1206;1013;113717;66833;40.9;24.0
12;2021-05-23;7;12;113724;66845;40.9;24.0
12;2021-05-24;1956;539;115680;67384;41.6;24.2
12;2021-05-25;1737;1160;117417;68544;42.2;24.6
12;2021-05-26;1998;778;119415;69322;42.9;24.9
12;2021-05-27;2164;743;121579;70065;43.7;25.2
12;2021-05-28;1928;1032;123507;71097;44.4;25.5
12;2021-05-29;1637;804;125144;71901;45.0;25.8
12;2021-05-30;9;43;125153;71944;45.0;25.8
12;2021-05-31;1699;814;126852;72758;45.6;26.1
12;2021-06-01;1889;1027;128741;73785;46.2;26.5
12;2021-06-02;1978;1050;130719;74835;47.0;26.9
12;2021-06-03;2120;830;132839;75665;47.7;27.2
12;2021-06-04;1966;1416;134805;77081;48.4;27.7
12;2021-06-05;1737;982;136542;78063;49.1;28.0
12;2021-06-06;5;6;136547;78069;49.1;28.0
12;2021-06-07;1091;1803;137638;79872;49.4;28.7
12;2021-06-08;1333;1200;138971;81072;49.9;29.1
12;2021-06-09;894;1289;139865;82361;50.2;29.6
12;2021-06-10;1022;917;140887;83278;50.6;29.9
12;2021-06-11;1201;2080;142088;85358;51.0;30.7
12;2021-06-12;1033;1319;143121;86677;51.4;31.1
12;2021-06-13;6;47;143127;86724;51.4;31.2
12;2021-06-14;661;1830;143788;88554;51.7;31.8
12;2021-06-15;745;1883;144533;90437;51.9;32.5
12;2021-06-16;821;1815;145354;92252;52.2;33.1
12;2021-06-17;678;995;146032;93247;52.5;33.5
12;2021-06-18;1133;1836;147165;95083;52.9;34.2
12;2021-06-19;915;1405;148080;96488;53.2;34.7
12;2021-06-20;3;10;148083;96498;53.2;34.7
12;2021-06-21;509;1738;148592;98236;53.4;35.3
12;2021-06-22;503;1474;149095;99710;53.6;35.8
12;2021-06-23;579;1307;149674;101017;53.8;36.3
12;2021-06-24;248;544;149922;101561;53.9;36.5
12;2021-06-25;872;1836;150794;103397;54.2;37.1
12;2021-06-26;673;1526;151467;104923;54.4;37.7
12;2021-06-27;1;9;151468;104932;54.4;37.7
12;2021-06-28;468;2452;151936;107384;54.6;38.6
12;2021-06-29;565;1956;152501;109340;54.8;39.3
12;2021-06-30;830;2132;153331;111472;55.1;40.0
12;2021-07-01;342;1086;153673;112558;55.2;40.4
12;2021-07-02;794;2626;154467;115184;55.5;41.4
12;2021-07-03;564;1872;155031;117056;55.7;42.1
12;2021-07-04;1;0;155032;117056;55.7;42.1
12;2021-07-05;439;2409;155471;119465;55.9;42.9
12;2021-07-06;638;2499;156109;121964;56.1;43.8
12;2021-07-07;684;2119;156793;124083;56.3;44.6
12;2021-07-08;293;913;157086;124996;56.4;44.9
12;2021-07-09;715;2591;157801;127587;56.7;45.8
12;2021-07-10;443;2077;158244;129664;56.8;46.6
12;2021-07-11;0;0;158244;129664;56.8;46.6
12;2021-07-12;581;2442;158825;132106;57.1;47.5
12;2021-07-13;834;2590;159659;134696;57.4;48.4
12;2021-07-14;43;25;159702;134721;57.4;48.4
12;2021-07-15;787;2109;160489;136830;57.7;49.2
12;2021-07-16;1236;2557;161725;139387;58.1;50.1
12;2021-07-17;783;2009;162508;141396;58.4;50.8
12;2021-07-18;22;11;162530;141407;58.4;50.8
12;2021-07-19;1307;2005;163837;143412;58.9;51.5
12;2021-07-20;1416;1473;165253;144885;59.4;52.0
12;2021-07-21;1008;937;166261;145822;59.7;52.4
12;2021-07-22;2214;1299;168475;147121;60.5;52.9
12;2021-07-23;1854;2064;170329;149185;61.2;53.6
12;2021-07-24;1597;1565;171926;150750;61.8;54.2
12;2021-07-25;96;29;172022;150779;61.8;54.2
12;2021-07-26;1910;1433;173932;152212;62.5;54.7
12;2021-07-27;2204;1007;176136;153219;63.3;55.0
12;2021-07-28;1698;666;177834;153885;63.9;55.3
12;2021-07-29;1172;792;179006;154677;64.3;55.6
12;2021-07-30;2487;1277;181493;155954;65.2;56.0
12;2021-07-31;1954;1002;183447;156956;65.9;56.4
12;2021-08-01;225;37;183672;156993;66.0;56.4
12;2021-08-02;1806;833;185478;157826;66.6;56.7
12;2021-08-03;1943;769;187421;158595;67.3;57.0
13;2020-12-27;3;0;3;0;0.0;0.0
13;2020-12-28;1;0;4;0;0.0;0.0
13;2020-12-29;0;0;4;0;0.0;0.0
13;2020-12-30;0;0;4;0;0.0;0.0
13;2020-12-31;5;0;9;0;0.0;0.0
13;2021-01-01;3;0;12;0;0.0;0.0
13;2021-01-02;3;0;15;0;0.0;0.0
13;2021-01-03;2;0;17;0;0.0;0.0
13;2021-01-04;0;0;17;0;0.0;0.0
13;2021-01-05;78;0;95;0;0.0;0.0
13;2021-01-06;118;0;213;0;0.0;0.0
13;2021-01-07;173;1;386;1;0.0;0.0
13;2021-01-08;187;0;573;1;0.0;0.0
13;2021-01-09;10;0;583;1;0.0;0.0
13;2021-01-10;2;0;585;1;0.0;0.0
13;2021-01-11;480;1;1065;2;0.1;0.0
13;2021-01-12;813;1;1878;3;0.1;0.0
13;2021-01-13;1083;1;2961;4;0.1;0.0
13;2021-01-14;1566;16;4527;20;0.2;0.0
13;2021-01-15;1534;6;6061;26;0.3;0.0
13;2021-01-16;407;2;6468;28;0.3;0.0
13;2021-01-17;41;0;6509;28;0.3;0.0
13;2021-01-18;2372;9;8881;37;0.4;0.0
13;2021-01-19;7401;27;16282;64;0.8;0.0
13;2021-01-20;5551;16;21833;80;1.1;0.0
13;2021-01-21;5348;26;27181;106;1.3;0.0
13;2021-01-22;3990;17;31171;123;1.5;0.0
13;2021-01-23;1335;6;32506;129;1.6;0.0
13;2021-01-24;489;3;32995;132;1.6;0.0
13;2021-01-25;2334;25;35329;157;1.7;0.0
13;2021-01-26;2947;89;38276;246;1.9;0.0
13;2021-01-27;3111;121;41387;367;2.0;0.0
13;2021-01-28;3238;191;44625;558;2.2;0.0
13;2021-01-29;2506;124;47131;682;2.3;0.0
13;2021-01-30;1021;10;48152;692;2.4;0.0
13;2021-01-31;246;0;48398;692;2.4;0.0
13;2021-02-01;1853;295;50251;987;2.5;0.0
13;2021-02-02;2253;616;52504;1603;2.6;0.1
13;2021-02-03;1861;581;54365;2184;2.7;0.1
13;2021-02-04;1899;931;56264;3115;2.8;0.2
13;2021-02-05;2624;1560;58888;4675;2.9;0.2
13;2021-02-06;847;314;59735;4989;2.9;0.2
13;2021-02-07;274;6;60009;4995;2.9;0.2
13;2021-02-08;1895;1547;61904;6542;3.0;0.3
13;2021-02-09;3308;4451;65212;10993;3.2;0.5
13;2021-02-10;3217;3432;68429;14425;3.4;0.7
13;2021-02-11;3572;3584;72001;18009;3.5;0.9
13;2021-02-12;2826;3155;74827;21164;3.7;1.0
13;2021-02-13;733;597;75560;21761;3.7;1.1
13;2021-02-14;72;378;75632;22139;3.7;1.1
13;2021-02-15;965;2034;76597;24173;3.8;1.2
13;2021-02-16;1392;2646;77989;26819;3.8;1.3
13;2021-02-17;1344;3011;79333;29830;3.9;1.5
13;2021-02-18;1897;2691;81230;32521;4.0;1.6
13;2021-02-19;1514;2191;82744;34712;4.1;1.7
13;2021-02-20;456;789;83200;35501;4.1;1.7
13;2021-02-21;32;286;83232;35787;4.1;1.8
13;2021-02-22;1022;2270;84254;38057;4.1;1.9
13;2021-02-23;1277;2680;85531;40737;4.2;2.0
13;2021-02-24;1505;2627;87036;43364;4.3;2.1
13;2021-02-25;2381;2158;89417;45522;4.4;2.2
13;2021-02-26;2456;2114;91873;47636;4.5;2.3
13;2021-02-27;981;749;92854;48385;4.6;2.4
13;2021-02-28;192;204;93046;48589;4.6;2.4
13;2021-03-01;1914;1533;94960;50122;4.7;2.5
13;2021-03-02;3001;2620;97961;52742;4.8;2.6
13;2021-03-03;3479;2622;101440;55364;5.0;2.7
13;2021-03-04;4192;3164;105632;58528;5.2;2.9
13;2021-03-05;4040;2792;109672;61320;5.4;3.0
13;2021-03-06;5294;826;114966;62146;5.7;3.1
13;2021-03-07;4289;360;119255;62506;5.9;3.1
13;2021-03-08;3923;1993;123178;64499;6.1;3.2
13;2021-03-09;5073;2263;128251;66762;6.3;3.3
13;2021-03-10;5172;1972;133423;68734;6.6;3.4
13;2021-03-11;7300;2116;140723;70850;6.9;3.5
13;2021-03-12;8315;2080;149038;72930;7.3;3.6
13;2021-03-13;6373;704;155411;73634;7.6;3.6
13;2021-03-14;2311;153;157722;73787;7.8;3.6
13;2021-03-15;6348;1282;164070;75069;8.1;3.7
13;2021-03-16;5070;1510;169140;76579;8.3;3.8
13;2021-03-17;5172;1384;174312;77963;8.6;3.8
13;2021-03-18;5816;1861;180128;79824;8.9;3.9
13;2021-03-19;6802;1604;186930;81428;9.2;4.0
13;2021-03-20;4035;691;190965;82119;9.4;4.0
13;2021-03-21;723;81;191688;82200;9.4;4.0
13;2021-03-22;7292;1544;198980;83744;9.8;4.1
13;2021-03-23;9119;1728;208099;85472;10.2;4.2
13;2021-03-24;8852;2177;216951;87649;10.7;4.3
13;2021-03-25;10905;2078;227856;89727;11.2;4.4
13;2021-03-26;10705;1877;238561;91604;11.7;4.5
13;2021-03-27;4864;824;243425;92428;12.0;4.5
13;2021-03-28;1116;80;244541;92508;12.0;4.5
13;2021-03-29;7572;1980;252113;94488;12.4;4.6
13;2021-03-30;12594;2476;264707;96964;13.0;4.8
13;2021-03-31;10805;3122;275512;100086;13.5;4.9
13;2021-04-01;12247;3039;287759;103125;14.1;5.1
13;2021-04-02;9789;3871;297548;106996;14.6;5.3
13;2021-04-03;4003;2803;301551;109799;14.8;5.4
13;2021-04-04;628;304;302179;110103;14.9;5.4
13;2021-04-05;3526;718;305705;110821;15.0;5.4
13;2021-04-06;8509;4236;314214;115057;15.4;5.7
13;2021-04-07;10073;4664;324287;119721;15.9;5.9
13;2021-04-08;10102;5444;334389;125165;16.4;6.2
13;2021-04-09;11251;5091;345640;130256;17.0;6.4
13;2021-04-10;7297;2079;352937;132335;17.3;6.5
13;2021-04-11;1378;532;354315;132867;17.4;6.5
13;2021-04-12;7973;4771;362288;137638;17.8;6.8
13;2021-04-13;9138;5461;371426;143099;18.3;7.0
13;2021-04-14;9529;5792;380955;148891;18.7;7.3
13;2021-04-15;9870;5939;390825;154830;19.2;7.6
13;2021-04-16;9966;5545;400791;160375;19.7;7.9
13;2021-04-17;4079;2012;404870;162387;19.9;8.0
13;2021-04-18;2523;1420;407393;163807;20.0;8.1
13;2021-04-19;6448;6398;413841;170205;20.3;8.4
13;2021-04-20;7396;7590;421237;177795;20.7;8.7
13;2021-04-21;7773;7361;429010;185156;21.1;9.1
13;2021-04-22;8462;7909;437472;193065;21.5;9.5
13;2021-04-23;8362;6761;445834;199826;21.9;9.8
13;2021-04-24;4620;3818;450454;203644;22.1;10.0
13;2021-04-25;873;524;451327;204168;22.2;10.0
13;2021-04-26;6167;7106;457494;211274;22.5;10.4
13;2021-04-27;7258;8015;464752;219289;22.8;10.8
13;2021-04-28;9448;7705;474200;226994;23.3;11.2
13;2021-04-29;11403;7534;485603;234528;23.9;11.5
13;2021-04-30;10921;7302;496524;241830;24.4;11.9
13;2021-05-01;5367;3784;501891;245614;24.7;12.1
13;2021-05-02;2098;746;503989;246360;24.8;12.1
13;2021-05-03;7302;7855;511291;254215;25.1;12.5
13;2021-05-04;8440;8514;519731;262729;25.5;12.9
13;2021-05-05;8226;8957;527957;271686;26.0;13.4
13;2021-05-06;10135;8581;538092;280267;26.4;13.8
13;2021-05-07;8844;10018;546936;290285;26.9;14.3
13;2021-05-08;4564;3928;551500;294213;27.1;14.5
13;2021-05-09;936;684;552436;294897;27.2;14.5
13;2021-05-10;7713;8758;560149;303655;27.5;14.9
13;2021-05-11;10974;9561;571123;313216;28.1;15.4
13;2021-05-12;12840;8711;583963;321927;28.7;15.8
13;2021-05-13;9507;3629;593470;325556;29.2;16.0
13;2021-05-14;13659;6444;607129;332000;29.8;16.3
13;2021-05-15;10201;4524;617330;336524;30.3;16.5
13;2021-05-16;3123;788;620453;337312;30.5;16.6
13;2021-05-17;10844;6809;631297;344121;31.0;16.9
13;2021-05-18;11910;6464;643207;350585;31.6;17.2
13;2021-05-19;12156;6334;655363;356919;32.2;17.5
13;2021-05-20;13443;6447;668806;363366;32.9;17.9
13;2021-05-21;12993;6768;681799;370134;33.5;18.2
13;2021-05-22;7514;3631;689313;373765;33.9;18.4
13;2021-05-23;863;639;690176;374404;33.9;18.4
13;2021-05-24;6764;2472;696940;376876;34.3;18.5
13;2021-05-25;9270;7591;706210;384467;34.7;18.9
13;2021-05-26;10136;7838;716346;392305;35.2;19.3
13;2021-05-27;10347;8415;726693;400720;35.7;19.7
13;2021-05-28;8992;9167;735685;409887;36.2;20.1
13;2021-05-29;7172;4627;742857;414514;36.5;20.4
13;2021-05-30;890;527;743747;415041;36.6;20.4
13;2021-05-31;8187;8026;751934;423067;37.0;20.8
13;2021-06-01;9577;9296;761511;432363;37.4;21.3
13;2021-06-02;10074;8787;771585;441150;37.9;21.7
13;2021-06-03;12278;9476;783863;450626;38.5;22.1
13;2021-06-04;12032;10037;795895;460663;39.1;22.6
13;2021-06-05;7821;5578;803716;466241;39.5;22.9
13;2021-06-06;1668;882;805384;467123;39.6;23.0
13;2021-06-07;6684;9878;812068;477001;39.9;23.4
13;2021-06-08;8311;9980;820379;486981;40.3;23.9
13;2021-06-09;8387;9727;828766;496708;40.7;24.4
13;2021-06-10;8930;9753;837696;506461;41.2;24.9
13;2021-06-11;8229;12691;845925;519152;41.6;25.5
13;2021-06-12;5785;6705;851710;525857;41.9;25.8
13;2021-06-13;950;1214;852660;527071;41.9;25.9
13;2021-06-14;5995;11134;858655;538205;42.2;26.5
13;2021-06-15;7276;11395;865931;549600;42.6;27.0
13;2021-06-16;7334;9874;873265;559474;42.9;27.5
13;2021-06-17;7419;10696;880684;570170;43.3;28.0
13;2021-06-18;7496;11066;888180;581236;43.7;28.6
13;2021-06-19;4608;7482;892788;588718;43.9;28.9
13;2021-06-20;955;1044;893743;589762;43.9;29.0
13;2021-06-21;4458;12251;898201;602013;44.1;29.6
13;2021-06-22;4926;13863;903127;615876;44.4;30.3
13;2021-06-23;5125;13561;908252;629437;44.6;30.9
13;2021-06-24;5308;12832;913560;642269;44.9;31.6
13;2021-06-25;5182;14668;918742;656937;45.2;32.3
13;2021-06-26;3015;9665;921757;666602;45.3;32.8
13;2021-06-27;534;930;922291;667532;45.3;32.8
13;2021-06-28;3710;12549;926001;680081;45.5;33.4
13;2021-06-29;4412;12888;930413;692969;45.7;34.1
13;2021-06-30;4810;12680;935223;705649;46.0;34.7
13;2021-07-01;5399;11468;940622;717117;46.2;35.2
13;2021-07-02;5476;12386;946098;729503;46.5;35.9
13;2021-07-03;3481;9154;949579;738657;46.7;36.3
13;2021-07-04;472;868;950051;739525;46.7;36.3
13;2021-07-05;3690;11776;953741;751301;46.9;36.9
13;2021-07-06;5407;11677;959148;762978;47.1;37.5
13;2021-07-07;5567;10676;964715;773654;47.4;38.0
13;2021-07-08;6173;10308;970888;783962;47.7;38.5
13;2021-07-09;5875;11902;976763;795864;48.0;39.1
13;2021-07-10;3142;8639;979905;804503;48.2;39.5
13;2021-07-11;428;1013;980333;805516;48.2;39.6
13;2021-07-12;4430;10955;984763;816471;48.4;40.1
13;2021-07-13;8901;13114;993664;829585;48.8;40.8
13;2021-07-14;5564;4824;999228;834409;49.1;41.0
13;2021-07-15;11306;12860;1010534;847269;49.7;41.6
13;2021-07-16;12064;12841;1022598;860110;50.3;42.3
13;2021-07-17;6538;8436;1029136;868546;50.6;42.7
13;2021-07-18;716;1057;1029852;869603;50.6;42.7
13;2021-07-19;9718;11112;1039570;880715;51.1;43.3
13;2021-07-20;12166;11598;1051736;892313;51.7;43.9
13;2021-07-21;12565;10234;1064301;902547;52.3;44.4
13;2021-07-22;14450;10333;1078751;912880;53.0;44.9
13;2021-07-23;14319;10822;1093070;923702;53.7;45.4
13;2021-07-24;8277;7913;1101347;931615;54.1;45.8
13;2021-07-25;1007;777;1102354;932392;54.2;45.8
13;2021-07-26;11544;8997;1113898;941389;54.8;46.3
13;2021-07-27;13418;9269;1127316;950658;55.4;46.7
13;2021-07-28;12221;8072;1139537;958730;56.0;47.1
13;2021-07-29;13690;8006;1153227;966736;56.7;47.5
13;2021-07-30;13429;8498;1166656;975234;57.3;47.9
13;2021-07-31;8584;5735;1175240;980969;57.8;48.2
13;2021-08-01;1097;703;1176337;981672;57.8;48.3
13;2021-08-02;9894;6573;1186231;988245;58.3;48.6
13;2021-08-03;10676;7088;1196907;995333;58.8;48.9
14;2020-12-27;0;0;0;0;0.0;0.0
14;2020-12-28;1;1;1;1;0.0;0.0
14;2020-12-29;0;0;1;1;0.0;0.0
14;2020-12-30;0;0;1;1;0.0;0.0
14;2020-12-31;3;0;4;1;0.0;0.0
14;2021-01-01;1;0;5;1;0.0;0.0
14;2021-01-02;1;0;6;1;0.0;0.0
14;2021-01-03;0;0;6;1;0.0;0.0
14;2021-01-04;4;0;10;1;0.0;0.0
14;2021-01-05;13;0;23;1;0.0;0.0
14;2021-01-06;348;0;371;1;0.1;0.0
14;2021-01-07;396;2;767;3;0.1;0.0
14;2021-01-08;613;2;1380;5;0.2;0.0
14;2021-01-09;125;0;1505;5;0.2;0.0
14;2021-01-10;41;0;1546;5;0.2;0.0
14;2021-01-11;663;1;2209;6;0.3;0.0
14;2021-01-12;934;0;3143;6;0.5;0.0
14;2021-01-13;846;1;3989;7;0.6;0.0
14;2021-01-14;2799;17;6788;24;1.0;0.0
14;2021-01-15;1876;21;8664;45;1.3;0.0
14;2021-01-16;271;2;8935;47;1.3;0.0
14;2021-01-17;145;4;9080;51;1.3;0.0
14;2021-01-18;1084;3;10164;54;1.5;0.0
14;2021-01-19;1149;2;11313;56;1.6;0.0
14;2021-01-20;1987;4;13300;60;1.9;0.0
14;2021-01-21;1811;5;15111;65;2.2;0.0
14;2021-01-22;1487;2;16598;67;2.4;0.0
14;2021-01-23;297;1;16895;68;2.4;0.0
14;2021-01-24;71;0;16966;68;2.5;0.0
14;2021-01-25;910;10;17876;78;2.6;0.0
14;2021-01-26;846;37;18722;115;2.7;0.0
14;2021-01-27;882;158;19604;273;2.8;0.0
14;2021-01-28;781;143;20385;416;2.9;0.1
14;2021-01-29;781;229;21166;645;3.1;0.1
14;2021-01-30;269;12;21435;657;3.1;0.1
14;2021-01-31;58;3;21493;660;3.1;0.1
14;2021-02-01;727;230;22220;890;3.2;0.1
14;2021-02-02;824;424;23044;1314;3.3;0.2
14;2021-02-03;746;388;23790;1702;3.4;0.2
14;2021-02-04;1168;2060;24958;3762;3.6;0.5
14;2021-02-05;1293;1316;26251;5078;3.8;0.7
14;2021-02-06;394;240;26645;5318;3.9;0.8
14;2021-02-07;178;73;26823;5391;3.9;0.8
14;2021-02-08;773;825;27596;6216;4.0;0.9
14;2021-02-09;719;1009;28315;7225;4.1;1.0
14;2021-02-10;824;1611;29139;8836;4.2;1.3
14;2021-02-11;1350;1434;30489;10270;4.4;1.5
14;2021-02-12;1379;1081;31868;11351;4.6;1.6
14;2021-02-13;308;185;32176;11536;4.7;1.7
14;2021-02-14;84;67;32260;11603;4.7;1.7
14;2021-02-15;442;1087;32702;12690;4.7;1.8
14;2021-02-16;675;983;33377;13673;4.8;2.0
14;2021-02-17;405;984;33782;14657;4.9;2.1
14;2021-02-18;705;885;34487;15542;5.0;2.2
14;2021-02-19;733;781;35220;16323;5.1;2.4
14;2021-02-20;88;271;35308;16594;5.1;2.4
14;2021-02-21;6;90;35314;16684;5.1;2.4
14;2021-02-22;432;1049;35746;17733;5.2;2.6
14;2021-02-23;486;920;36232;18653;5.2;2.7
14;2021-02-24;439;897;36671;19550;5.3;2.8
14;2021-02-25;1222;1176;37893;20726;5.5;3.0
14;2021-02-26;1576;1166;39469;21892;5.7;3.2
14;2021-02-27;506;270;39975;22162;5.8;3.2
14;2021-02-28;27;42;40002;22204;5.8;3.2
14;2021-03-01;520;929;40522;23133;5.9;3.3
14;2021-03-02;967;810;41489;23943;6.0;3.5
14;2021-03-03;1078;833;42567;24776;6.2;3.6
14;2021-03-04;1947;786;44514;25562;6.4;3.7
14;2021-03-05;2429;870;46943;26432;6.8;3.8
14;2021-03-06;3074;199;50017;26631;7.2;3.9
14;2021-03-07;1195;60;51212;26691;7.4;3.9
14;2021-03-08;1249;812;52461;27503;7.6;4.0
14;2021-03-09;1741;693;54202;28196;7.8;4.1
14;2021-03-10;1834;586;56036;28782;8.1;4.2
14;2021-03-11;2749;470;58785;29252;8.5;4.2
14;2021-03-12;4043;557;62828;29809;9.1;4.3
14;2021-03-13;1851;173;64679;29982;9.4;4.3
14;2021-03-14;30;39;64709;30021;9.4;4.3
14;2021-03-15;2005;136;66714;30157;9.6;4.4
14;2021-03-16;1400;277;68114;30434;9.9;4.4
14;2021-03-17;1155;194;69269;30628;10.0;4.4
14;2021-03-18;1479;304;70748;30932;10.2;4.5
14;2021-03-19;2602;264;73350;31196;10.6;4.5
14;2021-03-20;2655;34;76005;31230;11.0;4.5
14;2021-03-21;453;8;76458;31238;11.1;4.5
14;2021-03-22;1870;356;78328;31594;11.3;4.6
14;2021-03-23;2176;321;80504;31915;11.6;4.6
14;2021-03-24;2431;193;82935;32108;12.0;4.6
14;2021-03-25;3290;317;86225;32425;12.5;4.7
14;2021-03-26;4606;463;90831;32888;13.1;4.8
14;2021-03-27;2231;226;93062;33114;13.5;4.8
14;2021-03-28;36;1;93098;33115;13.5;4.8
14;2021-03-29;1609;480;94707;33595;13.7;4.9
14;2021-03-30;2718;514;97425;34109;14.1;4.9
14;2021-03-31;2322;913;99747;35022;14.4;5.1
14;2021-04-01;4173;1667;103920;36689;15.0;5.3
14;2021-04-02;3864;1262;107784;37951;15.6;5.5
14;2021-04-03;1129;1202;108913;39153;15.8;5.7
14;2021-04-04;25;482;108938;39635;15.8;5.7
14;2021-04-05;1217;321;110155;39956;15.9;5.8
14;2021-04-06;2384;992;112539;40948;16.3;5.9
14;2021-04-07;2725;1031;115264;41979;16.7;6.1
14;2021-04-08;4299;1108;119563;43087;17.3;6.2
14;2021-04-09;6029;1166;125592;44253;18.2;6.4
14;2021-04-10;2894;430;128486;44683;18.6;6.5
14;2021-04-11;628;120;129114;44803;18.7;6.5
14;2021-04-12;2913;1580;132027;46383;19.1;6.7
14;2021-04-13;3469;1443;135496;47826;19.6;6.9
14;2021-04-14;3112;1164;138608;48990;20.0;7.1
14;2021-04-15;4397;1510;143005;50500;20.7;7.3
14;2021-04-16;4601;1553;147606;52053;21.3;7.5
14;2021-04-17;2313;1662;149919;53715;21.7;7.8
14;2021-04-18;539;325;150458;54040;21.8;7.8
14;2021-04-19;2758;1707;153216;55747;22.2;8.1
14;2021-04-20;3389;1828;156605;57575;22.6;8.3
14;2021-04-21;3007;1464;159612;59039;23.1;8.5
14;2021-04-22;4224;2078;163836;61117;23.7;8.8
14;2021-04-23;4642;2284;168478;63401;24.4;9.2
14;2021-04-24;1850;1752;170328;65153;24.6;9.4
14;2021-04-25;456;27;170784;65180;24.7;9.4
14;2021-04-26;3373;1567;174157;66747;25.2;9.7
14;2021-04-27;3501;2570;177658;69317;25.7;10.0
14;2021-04-28;3239;1895;180897;71212;26.2;10.3
14;2021-04-29;4544;2308;185441;73520;26.8;10.6
14;2021-04-30;5119;2637;190560;76157;27.6;11.0
14;2021-05-01;3554;193;194114;76350;28.1;11.0
14;2021-05-02;1237;54;195351;76404;28.3;11.0
14;2021-05-03;2483;2764;197834;79168;28.6;11.4
14;2021-05-04;3128;2906;200962;82074;29.1;11.9
14;2021-05-05;3685;2754;204647;84828;29.6;12.3
14;2021-05-06;4931;3478;209578;88306;30.3;12.8
14;2021-05-07;4867;3854;214445;92160;31.0;13.3
14;2021-05-08;2728;1261;217173;93421;31.4;13.5
14;2021-05-09;1916;667;219089;94088;31.7;13.6
14;2021-05-10;3632;3149;222721;97237;32.2;14.1
14;2021-05-11;4345;3602;227066;100839;32.8;14.6
14;2021-05-12;4048;3217;231114;104056;33.4;15.0
14;2021-05-13;4691;1131;235805;105187;34.1;15.2
14;2021-05-14;6671;2628;242476;107815;35.1;15.6
14;2021-05-15;5142;772;247618;108587;35.8;15.7
14;2021-05-16;2318;121;249936;108708;36.1;15.7
14;2021-05-17;2822;2263;252758;110971;36.6;16.0
14;2021-05-18;4086;2240;256844;113211;37.1;16.4
14;2021-05-19;3748;2017;260592;115228;37.7;16.7
14;2021-05-20;4477;2761;265069;117989;38.3;17.1
14;2021-05-21;4270;3526;269339;121515;39.0;17.6
14;2021-05-22;1670;866;271009;122381;39.2;17.7
14;2021-05-23;648;71;271657;122452;39.3;17.7
14;2021-05-24;2844;748;274501;123200;39.7;17.8
14;2021-05-25;3630;3390;278131;126590;40.2;18.3
14;2021-05-26;3432;2408;281563;128998;40.7;18.7
14;2021-05-27;4770;3236;286333;132234;41.4;19.1
14;2021-05-28;5087;3892;291420;136126;42.1;19.7
14;2021-05-29;2341;2457;293761;138583;42.5;20.0
14;2021-05-30;759;239;294520;138822;42.6;20.1
14;2021-05-31;4092;2966;298612;141788;43.2;20.5
14;2021-06-01;5741;3217;304353;145005;44.0;21.0
14;2021-06-02;5029;2850;309382;147855;44.7;21.4
14;2021-06-03;6661;4012;316043;151867;45.7;22.0
14;2021-06-04;6446;5135;322489;157002;46.6;22.7
14;2021-06-05;4354;1865;326843;158867;47.3;23.0
14;2021-06-06;2041;83;328884;158950;47.6;23.0
14;2021-06-07;4247;3450;333131;162400;48.2;23.5
14;2021-06-08;5236;3128;338367;165528;48.9;23.9
14;2021-06-09;4273;2965;342640;168493;49.6;24.4
14;2021-06-10;5079;2967;347719;171460;50.3;24.8
14;2021-06-11;4837;4886;352556;176346;51.0;25.5
14;2021-06-12;3680;4508;356236;180854;51.5;26.2
14;2021-06-13;848;1090;357084;181944;51.6;26.3
14;2021-06-14;2184;3792;359268;185736;52.0;26.9
14;2021-06-15;3310;3968;362578;189704;52.4;27.4
14;2021-06-16;3446;4553;366024;194257;52.9;28.1
14;2021-06-17;4231;5263;370255;199520;53.5;28.9
14;2021-06-18;3731;6118;373986;205638;54.1;29.7
14;2021-06-19;2587;2949;376573;208587;54.5;30.2
14;2021-06-20;577;1556;377150;210143;54.5;30.4
14;2021-06-21;2121;4360;379271;214503;54.9;31.0
14;2021-06-22;2580;5177;381851;219680;55.2;31.8
14;2021-06-23;2499;4344;384350;224024;55.6;32.4
14;2021-06-24;3442;5801;387792;229825;56.1;33.2
14;2021-06-25;2742;7275;390534;237100;56.5;34.3
14;2021-06-26;2171;4539;392705;241639;56.8;34.9
14;2021-06-27;440;1829;393145;243468;56.9;35.2
14;2021-06-28;1305;3970;394450;247438;57.0;35.8
14;2021-06-29;1786;5361;396236;252799;57.3;36.6
14;2021-06-30;1977;4614;398213;257413;57.6;37.2
14;2021-07-01;2921;5066;401134;262479;58.0;38.0
14;2021-07-02;2584;6666;403718;269145;58.4;38.9
14;2021-07-03;1423;2648;405141;271793;58.6;39.3
14;2021-07-04;422;714;405563;272507;58.7;39.4
14;2021-07-05;1185;4782;406748;277289;58.8;40.1
14;2021-07-06;2078;6003;408826;283292;59.1;41.0
14;2021-07-07;2248;4585;411074;287877;59.5;41.6
14;2021-07-08;2900;5525;413974;293402;59.9;42.4
14;2021-07-09;2755;6448;416729;299850;60.3;43.4
14;2021-07-10;2031;3202;418760;303052;60.6;43.8
14;2021-07-11;895;873;419655;303925;60.7;44.0
14;2021-07-12;1622;5910;421277;309835;60.9;44.8
14;2021-07-13;3052;7341;424329;317176;61.4;45.9
14;2021-07-14;2234;3054;426563;320230;61.7;46.3
14;2021-07-15;4137;7662;430700;327892;62.3;47.4
14;2021-07-16;4677;7701;435377;335593;63.0;48.5
14;2021-07-17;2096;4206;437473;339799;63.3;49.1
14;2021-07-18;807;1868;438280;341667;63.4;49.4
14;2021-07-19;2567;6121;440847;347788;63.8;50.3
14;2021-07-20;3232;7262;444079;355050;64.2;51.3
14;2021-07-21;4081;5831;448160;360881;64.8;52.2
14;2021-07-22;4743;6589;452903;367470;65.5;53.1
14;2021-07-23;5353;6757;458256;374227;66.3;54.1
14;2021-07-24;3068;3781;461324;378008;66.7;54.7
14;2021-07-25;1498;1244;462822;379252;66.9;54.8
14;2021-07-26;4660;4181;467482;383433;67.6;55.5
14;2021-07-27;5356;4344;472838;387777;68.4;56.1
14;2021-07-28;5085;3960;477923;391737;69.1;56.7
14;2021-07-29;6392;4872;484315;396609;70.0;57.4
14;2021-07-30;5788;5152;490103;401761;70.9;58.1
14;2021-07-31;2756;2497;492859;404258;71.3;58.5
14;2021-08-01;1890;924;494749;405182;71.6;58.6
14;2021-08-02;3877;4284;498626;409466;72.1;59.2
14;2021-08-03;4366;4108;502992;413574;72.7;59.8
15;2020-12-27;2;0;2;0;0.0;0.0
15;2020-12-28;0;0;2;0;0.0;0.0
15;2020-12-29;0;0;2;0;0.0;0.0
15;2020-12-30;0;0;2;0;0.0;0.0
15;2020-12-31;0;0;2;0;0.0;0.0
15;2021-01-01;1;0;3;0;0.0;0.0
15;2021-01-02;0;0;3;0;0.0;0.0
15;2021-01-03;0;0;3;0;0.0;0.0
15;2021-01-04;0;0;3;0;0.0;0.0
15;2021-01-05;0;0;3;0;0.0;0.0
15;2021-01-06;0;0;3;0;0.0;0.0
15;2021-01-07;71;0;74;0;0.1;0.0
15;2021-01-08;107;0;181;0;0.1;0.0
15;2021-01-09;0;0;181;0;0.1;0.0
15;2021-01-10;1;0;182;0;0.1;0.0
15;2021-01-11;99;0;281;0;0.2;0.0
15;2021-01-12;92;0;373;0;0.3;0.0
15;2021-01-13;230;0;603;0;0.4;0.0
15;2021-01-14;308;1;911;1;0.6;0.0
15;2021-01-15;138;0;1049;1;0.7;0.0
15;2021-01-16;90;0;1139;1;0.8;0.0
15;2021-01-17;0;0;1139;1;0.8;0.0
15;2021-01-18;404;2;1543;3;1.1;0.0
15;2021-01-19;550;0;2093;3;1.5;0.0
15;2021-01-20;628;1;2721;4;1.9;0.0
15;2021-01-21;575;3;3296;7;2.3;0.0
15;2021-01-22;503;2;3799;9;2.7;0.0
15;2021-01-23;432;1;4231;10;3.0;0.0
15;2021-01-24;6;0;4237;10;3.0;0.0
15;2021-01-25;400;0;4637;10;3.2;0.0
15;2021-01-26;437;0;5074;10;3.6;0.0
15;2021-01-27;727;0;5801;10;4.1;0.0
15;2021-01-28;625;51;6426;61;4.5;0.0
15;2021-01-29;333;82;6759;143;4.7;0.1
15;2021-01-30;218;3;6977;146;4.9;0.1
15;2021-01-31;0;0;6977;146;4.9;0.1
15;2021-02-01;237;89;7214;235;5.1;0.2
15;2021-02-02;189;90;7403;325;5.2;0.2
15;2021-02-03;266;158;7669;483;5.4;0.3
15;2021-02-04;663;205;8332;688;5.8;0.5
15;2021-02-05;297;256;8629;944;6.0;0.7
15;2021-02-06;98;76;8727;1020;6.1;0.7
15;2021-02-07;0;0;8727;1020;6.1;0.7
15;2021-02-08;233;107;8960;1127;6.3;0.8
15;2021-02-09;205;118;9165;1245;6.4;0.9
15;2021-02-10;338;299;9503;1544;6.7;1.1
15;2021-02-11;116;240;9619;1784;6.7;1.2
15;2021-02-12;136;160;9755;1944;6.8;1.4
15;2021-02-13;92;78;9847;2022;6.9;1.4
15;2021-02-14;0;0;9847;2022;6.9;1.4
15;2021-02-15;63;215;9910;2237;6.9;1.6
15;2021-02-16;52;295;9962;2532;7.0;1.8
15;2021-02-17;142;471;10104;3003;7.1;2.1
15;2021-02-18;87;747;10191;3750;7.1;2.6
15;2021-02-19;90;432;10281;4182;7.2;2.9
15;2021-02-20;20;259;10301;4441;7.2;3.1
15;2021-02-21;0;0;10301;4441;7.2;3.1
15;2021-02-22;23;497;10324;4938;7.2;3.5
15;2021-02-23;180;457;10504;5395;7.4;3.8
15;2021-02-24;31;456;10535;5851;7.4;4.1
15;2021-02-25;228;1002;10763;6853;7.5;4.8
15;2021-02-26;186;476;10949;7329;7.7;5.1
15;2021-02-27;146;88;11095;7417;7.8;5.2
15;2021-02-28;1;0;11096;7417;7.8;5.2
15;2021-03-01;121;222;11217;7639;7.9;5.3
15;2021-03-02;250;307;11467;7946;8.0;5.6
15;2021-03-03;207;29;11674;7975;8.2;5.6
15;2021-03-04;246;248;11920;8223;8.3;5.8
15;2021-03-05;348;170;12268;8393;8.6;5.9
15;2021-03-06;680;11;12948;8404;9.1;5.9
15;2021-03-07;80;0;13028;8404;9.1;5.9
15;2021-03-08;93;106;13121;8510;9.2;6.0
15;2021-03-09;280;285;13401;8795;9.4;6.2
15;2021-03-10;416;161;13817;8956;9.7;6.3
15;2021-03-11;434;296;14251;9252;10.0;6.5
15;2021-03-12;524;94;14775;9346;10.3;6.5
15;2021-03-13;355;8;15130;9354;10.6;6.5
15;2021-03-14;18;0;15148;9354;10.6;6.5
15;2021-03-15;542;62;15690;9416;11.0;6.6
15;2021-03-16;328;20;16018;9436;11.2;6.6
15;2021-03-17;130;53;16148;9489;11.3;6.6
15;2021-03-18;250;95;16398;9584;11.5;6.7
15;2021-03-19;668;30;17066;9614;12.0;6.7
15;2021-03-20;148;36;17214;9650;12.1;6.8
15;2021-03-21;6;0;17220;9650;12.1;6.8
15;2021-03-22;573;76;17793;9726;12.5;6.8
15;2021-03-23;775;95;18568;9821;13.0;6.9
15;2021-03-24;936;33;19504;9854;13.7;6.9
15;2021-03-25;1282;27;20786;9881;14.6;6.9
15;2021-03-26;1009;54;21795;9935;15.3;7.0
15;2021-03-27;301;6;22096;9941;15.5;7.0
15;2021-03-28;20;0;22116;9941;15.5;7.0
15;2021-03-29;781;15;22897;9956;16.0;7.0
15;2021-03-30;1134;198;24031;10154;16.8;7.1
15;2021-03-31;937;22;24968;10176;17.5;7.1
15;2021-04-01;1233;54;26201;10230;18.3;7.2
15;2021-04-02;1141;57;27342;10287;19.1;7.2
15;2021-04-03;120;18;27462;10305;19.2;7.2
15;2021-04-04;0;0;27462;10305;19.2;7.2
15;2021-04-05;33;1;27495;10306;19.3;7.2
15;2021-04-06;834;82;28329;10388;19.8;7.3
15;2021-04-07;663;101;28992;10489;20.3;7.3
15;2021-04-08;1247;136;30239;10625;21.2;7.4
15;2021-04-09;1277;97;31516;10722;22.1;7.5
15;2021-04-10;364;19;31880;10741;22.3;7.5
15;2021-04-11;14;0;31894;10741;22.3;7.5
15;2021-04-12;644;458;32538;11199;22.8;7.8
15;2021-04-13;1124;322;33662;11521;23.6;8.1
15;2021-04-14;1038;197;34700;11718;24.3;8.2
15;2021-04-15;1183;306;35883;12024;25.1;8.4
15;2021-04-16;1038;555;36921;12579;25.9;8.8
15;2021-04-17;443;12;37364;12591;26.2;8.8
15;2021-04-18;0;10;37364;12601;26.2;8.8
15;2021-04-19;540;513;37904;13114;26.5;9.2
15;2021-04-20;846;613;38750;13727;27.1;9.6
15;2021-04-21;597;649;39347;14376;27.6;10.1
15;2021-04-22;728;774;40075;15150;28.1;10.6
15;2021-04-23;730;679;40805;15829;28.6;11.1
15;2021-04-24;363;123;41168;15952;28.8;11.2
15;2021-04-25;1;3;41169;15955;28.8;11.2
15;2021-04-26;324;632;41493;16587;29.1;11.6
15;2021-04-27;469;934;41962;17521;29.4;12.3
15;2021-04-28;378;788;42340;18309;29.6;12.8
15;2021-04-29;586;1010;42926;19319;30.1;13.5
15;2021-04-30;547;1078;43473;20397;30.4;14.3
15;2021-05-01;283;30;43756;20427;30.6;14.3
15;2021-05-02;0;0;43756;20427;30.6;14.3
15;2021-05-03;881;331;44637;20758;31.3;14.5
15;2021-05-04;802;857;45439;21615;31.8;15.1
15;2021-05-05;676;678;46115;22293;32.3;15.6
15;2021-05-06;826;967;46941;23260;32.9;16.3
15;2021-05-07;1153;906;48094;24166;33.7;16.9
15;2021-05-08;492;55;48586;24221;34.0;17.0
15;2021-05-09;24;9;48610;24230;34.0;17.0
15;2021-05-10;705;912;49315;25142;34.5;17.6
15;2021-05-11;1185;1184;50500;26326;35.4;18.4
15;2021-05-12;1147;833;51647;27159;36.2;19.0
15;2021-05-13;1165;440;52812;27599;37.0;19.3
15;2021-05-14;1504;581;54316;28180;38.0;19.7
15;2021-05-15;1410;417;55726;28597;39.0;20.0
15;2021-05-16;1;10;55727;28607;39.0;20.0
15;2021-05-17;1000;606;56727;29213;39.7;20.5
15;2021-05-18;1222;970;57949;30183;40.6;21.1
15;2021-05-19;1020;459;58969;30642;41.3;21.5
15;2021-05-20;1239;776;60208;31418;42.2;22.0
15;2021-05-21;1349;747;61557;32165;43.1;22.5
15;2021-05-22;526;186;62083;32351;43.5;22.7
15;2021-05-23;2;11;62085;32362;43.5;22.7
15;2021-05-24;693;257;62778;32619;44.0;22.8
15;2021-05-25;1151;620;63929;33239;44.8;23.3
15;2021-05-26;1095;459;65024;33698;45.5;23.6
15;2021-05-27;1269;661;66293;34359;46.4;24.1
15;2021-05-28;1509;885;67802;35244;47.5;24.7
15;2021-05-29;984;361;68786;35605;48.2;24.9
15;2021-05-30;14;25;68800;35630;48.2;24.9
15;2021-05-31;1201;478;70001;36108;49.0;25.3
15;2021-06-01;1399;571;71400;36679;50.0;25.7
15;2021-06-02;865;419;72265;37098;50.6;26.0
15;2021-06-03;931;706;73196;37804;51.3;26.5
15;2021-06-04;1076;718;74272;38522;52.0;27.0
15;2021-06-05;651;263;74923;38785;52.5;27.2
15;2021-06-06;16;20;74939;38805;52.5;27.2
15;2021-06-07;797;350;75736;39155;53.0;27.4
15;2021-06-08;474;396;76210;39551;53.4;27.7
15;2021-06-09;376;376;76586;39927;53.6;28.0
15;2021-06-10;272;426;76858;40353;53.8;28.3
15;2021-06-11;661;1099;77519;41452;54.3;29.0
15;2021-06-12;377;466;77896;41918;54.5;29.4
15;2021-06-13;12;6;77908;41924;54.6;29.4
15;2021-06-14;542;976;78450;42900;54.9;30.0
15;2021-06-15;450;1163;78900;44063;55.2;30.9
15;2021-06-16;541;897;79441;44960;55.6;31.5
15;2021-06-17;287;935;79728;45895;55.8;32.1
15;2021-06-18;741;1203;80469;47098;56.3;33.0
15;2021-06-19;543;705;81012;47803;56.7;33.5
15;2021-06-20;11;1;81023;47804;56.7;33.5
15;2021-06-21;279;1036;81302;48840;56.9;34.2
15;2021-06-22;231;1479;81533;50319;57.1;35.2
15;2021-06-23;342;1445;81875;51764;57.3;36.2
15;2021-06-24;292;1093;82167;52857;57.5;37.0
15;2021-06-25;378;1641;82545;54498;57.8;38.2
15;2021-06-26;165;908;82710;55406;57.9;38.8
15;2021-06-27;0;0;82710;55406;57.9;38.8
15;2021-06-28;176;1226;82886;56632;58.0;39.7
15;2021-06-29;301;1264;83187;57896;58.2;40.5
15;2021-06-30;268;981;83455;58877;58.4;41.2
15;2021-07-01;379;1223;83834;60100;58.7;42.1
15;2021-07-02;407;1350;84241;61450;59.0;43.0
15;2021-07-03;251;707;84492;62157;59.2;43.5
15;2021-07-04;0;1;84492;62158;59.2;43.5
15;2021-07-05;246;1259;84738;63417;59.3;44.4
15;2021-07-06;271;1470;85009;64887;59.5;45.4
15;2021-07-07;252;1347;85261;66234;59.7;46.4
15;2021-07-08;488;1352;85749;67586;60.0;47.3
15;2021-07-09;480;1790;86229;69376;60.4;48.6
15;2021-07-10;215;866;86444;70242;60.5;49.2
15;2021-07-11;7;5;86451;70247;60.5;49.2
15;2021-07-12;269;1486;86720;71733;60.7;50.2
15;2021-07-13;578;1770;87298;73503;61.1;51.5
15;2021-07-14;8;130;87306;73633;61.1;51.6
15;2021-07-15;1130;730;88436;74363;61.9;52.1
15;2021-07-16;1126;1339;89562;75702;62.7;53.0
15;2021-07-17;816;949;90378;76651;63.3;53.7
15;2021-07-18;0;3;90378;76654;63.3;53.7
15;2021-07-19;1057;1271;91435;77925;64.0;54.6
15;2021-07-20;1607;569;93042;78494;65.2;55.0
15;2021-07-21;1172;602;94214;79096;66.0;55.4
15;2021-07-22;889;513;95103;79609;66.6;55.7
15;2021-07-23;1331;1061;96434;80670;67.5;56.5
15;2021-07-24;626;768;97060;81438;68.0;57.0
15;2021-07-25;1;24;97061;81462;68.0;57.0
15;2021-07-26;1236;594;98297;82056;68.8;57.5
15;2021-07-27;1682;565;99979;82621;70.0;57.9
15;2021-07-28;1229;584;101208;83205;70.9;58.3
15;2021-07-29;829;395;102037;83600;71.4;58.5
15;2021-07-30;1003;1129;103040;84729;72.2;59.3
15;2021-07-31;593;634;103633;85363;72.6;59.8
15;2021-08-01;21;12;103654;85375;72.6;59.8
15;2021-08-02;1143;536;104797;85911;73.4;60.2
15;2021-08-03;1142;378;105939;86289;74.2;60.4
16;2020-12-27;0;0;0;0;0.0;0.0
16;2020-12-28;0;0;0;0;0.0;0.0
16;2020-12-29;0;0;0;0;0.0;0.0
16;2020-12-30;0;0;0;0;0.0;0.0
16;2020-12-31;0;0;0;0;0.0;0.0
16;2021-01-01;0;0;0;0;0.0;0.0
16;2021-01-02;0;0;0;0;0.0;0.0
16;2021-01-03;0;0;0;0;0.0;0.0
16;2021-01-04;1;0;1;0;0.0;0.0
16;2021-01-05;1;0;2;0;0.0;0.0
16;2021-01-06;88;0;90;0;0.0;0.0
16;2021-01-07;239;0;329;0;0.1;0.0
16;2021-01-08;464;2;793;2;0.2;0.0
16;2021-01-09;1;0;794;2;0.2;0.0
16;2021-01-10;1;0;795;2;0.2;0.0
16;2021-01-11;303;0;1098;2;0.3;0.0
16;2021-01-12;436;1;1534;3;0.4;0.0
16;2021-01-13;480;0;2014;3;0.6;0.0
16;2021-01-14;596;6;2610;9;0.7;0.0
16;2021-01-15;504;4;3114;13;0.9;0.0
16;2021-01-16;0;0;3114;13;0.9;0.0
16;2021-01-17;0;0;3114;13;0.9;0.0
16;2021-01-18;430;5;3544;18;1.0;0.0
16;2021-01-19;831;2;4375;20;1.3;0.0
16;2021-01-20;1181;2;5556;22;1.6;0.0
16;2021-01-21;1350;3;6906;25;2.0;0.0
16;2021-01-22;1110;0;8016;25;2.3;0.0
16;2021-01-23;183;0;8199;25;2.4;0.0
16;2021-01-24;0;0;8199;25;2.4;0.0
16;2021-01-25;641;2;8840;27;2.5;0.0
16;2021-01-26;1025;0;9865;27;2.8;0.0
16;2021-01-27;1400;105;11265;132;3.2;0.0
16;2021-01-28;1255;60;12520;192;3.6;0.1
16;2021-01-29;743;140;13263;332;3.8;0.1
16;2021-01-30;36;0;13299;332;3.8;0.1
16;2021-01-31;0;0;13299;332;3.8;0.1
16;2021-02-01;395;205;13694;537;3.9;0.2
16;2021-02-02;576;174;14270;711;4.1;0.2
16;2021-02-03;620;352;14890;1063;4.3;0.3
16;2021-02-04;462;271;15352;1334;4.4;0.4
16;2021-02-05;504;277;15856;1611;4.6;0.5
16;2021-02-06;1;81;15857;1692;4.6;0.5
16;2021-02-07;41;2;15898;1694;4.6;0.5
16;2021-02-08;355;219;16253;1913;4.7;0.5
16;2021-02-09;649;294;16902;2207;4.9;0.6
16;2021-02-10;693;679;17595;2886;5.1;0.8
16;2021-02-11;797;616;18392;3502;5.3;1.0
16;2021-02-12;623;834;19015;4336;5.5;1.2
16;2021-02-13;42;78;19057;4414;5.5;1.3
16;2021-02-14;2;7;19059;4421;5.5;1.3
16;2021-02-15;216;667;19275;5088;5.5;1.5
16;2021-02-16;374;958;19649;6046;5.6;1.7
16;2021-02-17;351;1312;20000;7358;5.7;2.1
16;2021-02-18;510;1256;20510;8614;5.9;2.5
16;2021-02-19;389;799;20899;9413;6.0;2.7
16;2021-02-20;1;8;20900;9421;6.0;2.7
16;2021-02-21;0;0;20900;9421;6.0;2.7
16;2021-02-22;135;542;21035;9963;6.0;2.9
16;2021-02-23;205;928;21240;10891;6.1;3.1
16;2021-02-24;274;900;21514;11791;6.2;3.4
16;2021-02-25;396;690;21910;12481;6.3;3.6
16;2021-02-26;478;502;22388;12983;6.4;3.7
16;2021-02-27;249;1;22637;12984;6.5;3.7
16;2021-02-28;5;5;22642;12989;6.5;3.7
16;2021-03-01;152;327;22794;13316;6.5;3.8
16;2021-03-02;272;671;23066;13987;6.6;4.0
16;2021-03-03;392;727;23458;14714;6.7;4.2
16;2021-03-04;807;569;24265;15283;7.0;4.4
16;2021-03-05;1142;541;25407;15824;7.3;4.5
16;2021-03-06;751;14;26158;15838;7.5;4.5
16;2021-03-07;94;18;26252;15856;7.5;4.6
16;2021-03-08;437;319;26689;16175;7.7;4.6
16;2021-03-09;771;700;27460;16875;7.9;4.8
16;2021-03-10;606;669;28066;17544;8.1;5.0
16;2021-03-11;1446;531;29512;18075;8.5;5.2
16;2021-03-12;1164;460;30676;18535;8.8;5.3
16;2021-03-13;764;13;31440;18548;9.0;5.3
16;2021-03-14;1;0;31441;18548;9.0;5.3
16;2021-03-15;461;182;31902;18730;9.2;5.4
16;2021-03-16;859;421;32761;19151;9.4;5.5
16;2021-03-17;589;286;33350;19437;9.6;5.6
16;2021-03-18;1031;284;34381;19721;9.9;5.7
16;2021-03-19;1102;247;35483;19968;10.2;5.7
16;2021-03-20;395;2;35878;19970;10.3;5.7
16;2021-03-21;9;0;35887;19970;10.3;5.7
16;2021-03-22;727;100;36614;20070;10.5;5.8
16;2021-03-23;1462;102;38076;20172;10.9;5.8
16;2021-03-24;1120;184;39196;20356;11.3;5.8
16;2021-03-25;2046;90;41242;20446;11.8;5.9
16;2021-03-26;1915;94;43157;20540;12.4;5.9
16;2021-03-27;433;21;43590;20561;12.5;5.9
16;2021-03-28;0;0;43590;20561;12.5;5.9
16;2021-03-29;925;61;44515;20622;12.8;5.9
16;2021-03-30;1882;179;46397;20801;13.3;6.0
16;2021-03-31;1514;132;47911;20933;13.8;6.0
16;2021-04-01;2007;400;49918;21333;14.3;6.1
16;2021-04-02;1442;379;51360;21712;14.8;6.2
16;2021-04-03;288;5;51648;21717;14.8;6.2
16;2021-04-04;1;0;51649;21717;14.8;6.2
16;2021-04-05;2;0;51651;21717;14.8;6.2
16;2021-04-06;2013;543;53664;22260;15.4;6.4
16;2021-04-07;1952;400;55616;22660;16.0;6.5
16;2021-04-08;2824;588;58440;23248;16.8;6.7
16;2021-04-09;2694;552;61134;23800;17.6;6.8
16;2021-04-10;1290;37;62424;23837;17.9;6.8
16;2021-04-11;2;0;62426;23837;17.9;6.8
16;2021-04-12;1430;316;63856;24153;18.3;6.9
16;2021-04-13;2123;839;65979;24992;18.9;7.2
16;2021-04-14;1952;631;67931;25623;19.5;7.4
16;2021-04-15;2102;984;70033;26607;20.1;7.6
16;2021-04-16;2037;780;72070;27387;20.7;7.9
16;2021-04-17;1504;84;73574;27471;21.1;7.9
16;2021-04-18;197;3;73771;27474;21.2;7.9
16;2021-04-19;1439;522;75210;27996;21.6;8.0
16;2021-04-20;2053;1231;77263;29227;22.2;8.4
16;2021-04-21;1776;741;79039;29968;22.7;8.6
16;2021-04-22;2293;1003;81332;30971;23.4;8.9
16;2021-04-23;2360;1168;83692;32139;24.0;9.2
16;2021-04-24;829;37;84521;32176;24.3;9.2
16;2021-04-25;117;9;84638;32185;24.3;9.2
16;2021-04-26;1401;806;86039;32991;24.7;9.5
16;2021-04-27;2057;1417;88096;34408;25.3;9.9
16;2021-04-28;1590;1126;89686;35534;25.8;10.2
16;2021-04-29;2245;1495;91931;37029;26.4;10.6
16;2021-04-30;2853;1341;94784;38370;27.2;11.0
16;2021-05-01;353;59;95137;38429;27.3;11.0
16;2021-05-02;155;13;95292;38442;27.4;11.0
16;2021-05-03;2610;533;97902;38975;28.1;11.2
16;2021-05-04;2060;2045;99962;41020;28.7;11.8
16;2021-05-05;1689;1831;101651;42851;29.2;12.3
16;2021-05-06;1886;2238;103537;45089;29.7;12.9
16;2021-05-07;3069;2123;106606;47212;30.6;13.6
16;2021-05-08;1196;468;107802;47680;31.0;13.7
16;2021-05-09;530;26;108332;47706;31.1;13.7
16;2021-05-10;1930;1626;110262;49332;31.7;14.2
16;2021-05-11;2354;1959;112616;51291;32.3;14.7
16;2021-05-12;1731;1798;114347;53089;32.8;15.2
16;2021-05-13;1461;355;115808;53444;33.3;15.3
16;2021-05-14;1989;1560;117797;55004;33.8;15.8
16;2021-05-15;596;898;118393;55902;34.0;16.1
16;2021-05-16;132;6;118525;55908;34.0;16.1
16;2021-05-17;1609;1287;120134;57195;34.5;16.4
16;2021-05-18;2759;1421;122893;58616;35.3;16.8
16;2021-05-19;2005;1238;124898;59854;35.9;17.2
16;2021-05-20;2837;1387;127735;61241;36.7;17.6
16;2021-05-21;2945;1397;130680;62638;37.5;18.0
16;2021-05-22;412;711;131092;63349;37.7;18.2
16;2021-05-23;210;11;131302;63360;37.7;18.2
16;2021-05-24;1261;236;132563;63596;38.1;18.3
16;2021-05-25;2763;1459;135326;65055;38.9;18.7
16;2021-05-26;1832;1187;137158;66242;39.4;19.0
16;2021-05-27;2418;1583;139576;67825;40.1;19.5
16;2021-05-28;2893;1568;142469;69393;40.9;19.9
16;2021-05-29;814;882;143283;70275;41.2;20.2
16;2021-05-30;1;4;143284;70279;41.2;20.2
16;2021-05-31;1983;1102;145267;71381;41.7;20.5
16;2021-06-01;2345;1715;147612;73096;42.4;21.0
16;2021-06-02;1822;1505;149434;74601;42.9;21.4
16;2021-06-03;2621;1761;152055;76362;43.7;21.9
16;2021-06-04;2834;2035;154889;78397;44.5;22.5
16;2021-06-05;1006;549;155895;78946;44.8;22.7
16;2021-06-06;160;28;156055;78974;44.8;22.7
16;2021-06-07;1990;1284;158045;80258;45.4;23.1
16;2021-06-08;2394;1997;160439;82255;46.1;23.6
16;2021-06-09;2528;1612;162967;83867;46.8;24.1
16;2021-06-10;2573;2002;165540;85869;47.5;24.7
16;2021-06-11;2152;2735;167692;88604;48.2;25.4
16;2021-06-12;1613;515;169305;89119;48.6;25.6
16;2021-06-13;261;72;169566;89191;48.7;25.6
16;2021-06-14;796;2797;170362;91988;48.9;26.4
16;2021-06-15;1865;2623;172227;94611;49.5;27.2
16;2021-06-16;1577;2089;173804;96700;49.9;27.8
16;2021-06-17;2042;2509;175846;99209;50.5;28.5
16;2021-06-18;2063;3219;177909;102428;51.1;29.4
16;2021-06-19;1350;1313;179259;103741;51.5;29.8
16;2021-06-20;243;28;179502;103769;51.6;29.8
16;2021-06-21;1410;2173;180912;105942;52.0;30.4
16;2021-06-22;1673;2943;182585;108885;52.4;31.3
16;2021-06-23;1564;2019;184149;110904;52.9;31.9
16;2021-06-24;1922;2168;186071;113072;53.4;32.5
16;2021-06-25;1986;2728;188057;115800;54.0;33.3
16;2021-06-26;1055;722;189112;116522;54.3;33.5
16;2021-06-27;130;25;189242;116547;54.4;33.5
16;2021-06-28;1161;1964;190403;118511;54.7;34.0
16;2021-06-29;1276;3360;191679;121871;55.1;35.0
16;2021-06-30;1333;2712;193012;124583;55.4;35.8
16;2021-07-01;1853;3154;194865;127737;56.0;36.7
16;2021-07-02;1424;3584;196289;131321;56.4;37.7
16;2021-07-03;690;1114;196979;132435;56.6;38.0
16;2021-07-04;3;15;196982;132450;56.6;38.0
16;2021-07-05;812;2299;197794;134749;56.8;38.7
16;2021-07-06;1272;3368;199066;138117;57.2;39.7
16;2021-07-07;858;2276;199924;140393;57.4;40.3
16;2021-07-08;1230;2740;201154;143133;57.8;41.1
16;2021-07-09;1112;3718;202266;146851;58.1;42.2
16;2021-07-10;338;1341;202604;148192;58.2;42.6
16;2021-07-11;2;13;202606;148205;58.2;42.6
16;2021-07-12;632;2445;203238;150650;58.4;43.3
16;2021-07-13;1375;3532;204613;154182;58.8;44.3
16;2021-07-14;797;876;205410;155058;59.0;44.5
16;2021-07-15;1236;3410;206646;158468;59.4;45.5
16;2021-07-16;1490;3386;208136;161854;59.8;46.5
16;2021-07-17;530;1191;208666;163045;59.9;46.8
16;2021-07-18;13;6;208679;163051;59.9;46.8
16;2021-07-19;614;2860;209293;165911;60.1;47.7
16;2021-07-20;1120;3295;210413;169206;60.4;48.6
16;2021-07-21;1115;2618;211528;171824;60.8;49.3
16;2021-07-22;1860;2864;213388;174688;61.3;50.2
16;2021-07-23;1540;3546;214928;178234;61.7;51.2
16;2021-07-24;636;1212;215564;179446;61.9;51.5
16;2021-07-25;11;11;215575;179457;61.9;51.5
16;2021-07-26;1524;2127;217099;181584;62.4;52.2
16;2021-07-27;1847;2821;218946;184405;62.9;53.0
16;2021-07-28;1847;2309;220793;186714;63.4;53.6
16;2021-07-29;2233;2473;223026;189187;64.1;54.3
16;2021-07-30;2342;3109;225368;192296;64.7;55.2
16;2021-07-31;938;1336;226306;193632;65.0;55.6
16;2021-08-01;182;22;226488;193654;65.0;55.6
16;2021-08-02;2114;1823;228602;195477;65.7;56.1
16;2021-08-03;2109;2335;230711;197812;66.3;56.8
17;2020-12-27;0;0;0;0;0.0;0.0
17;2020-12-28;0;0;0;0;0.0;0.0
17;2020-12-29;0;0;0;0;0.0;0.0
17;2020-12-30;1;0;1;0;0.0;0.0
17;2020-12-31;0;0;1;0;0.0;0.0
17;2021-01-01;0;0;1;0;0.0;0.0
17;2021-01-02;0;0;1;0;0.0;0.0
17;2021-01-03;0;0;1;0;0.0;0.0
17;2021-01-04;56;0;57;0;0.0;0.0
17;2021-01-05;98;0;155;0;0.0;0.0
17;2021-01-06;132;0;287;0;0.0;0.0
17;2021-01-07;485;2;772;2;0.1;0.0
17;2021-01-08;418;0;1190;2;0.2;0.0
17;2021-01-09;0;0;1190;2;0.2;0.0
17;2021-01-10;1;0;1191;2;0.2;0.0
17;2021-01-11;380;1;1571;3;0.2;0.0
17;2021-01-12;746;1;2317;4;0.4;0.0
17;2021-01-13;652;2;2969;6;0.5;0.0
17;2021-01-14;616;9;3585;15;0.6;0.0
17;2021-01-15;679;1;4264;16;0.7;0.0
17;2021-01-16;127;2;4391;18;0.7;0.0
17;2021-01-17;17;0;4408;18;0.7;0.0
17;2021-01-18;882;1;5290;19;0.8;0.0
17;2021-01-19;1907;2;7197;21;1.1;0.0
17;2021-01-20;2390;2;9587;23;1.5;0.0
17;2021-01-21;2497;2;12084;25;1.9;0.0
17;2021-01-22;1881;5;13965;30;2.2;0.0
17;2021-01-23;738;1;14703;31;2.3;0.0
17;2021-01-24;48;0;14751;31;2.3;0.0
17;2021-01-25;1383;5;16134;36;2.5;0.0
17;2021-01-26;2110;3;18244;39;2.8;0.0
17;2021-01-27;1674;31;19918;70;3.1;0.0
17;2021-01-28;2474;230;22392;300;3.5;0.0
17;2021-01-29;1737;220;24129;520;3.7;0.1
17;2021-01-30;528;5;24657;525;3.8;0.1
17;2021-01-31;37;2;24694;527;3.8;0.1
17;2021-02-01;740;210;25434;737;3.9;0.1
17;2021-02-02;1202;348;26636;1085;4.1;0.2
17;2021-02-03;1284;409;27920;1494;4.3;0.2
17;2021-02-04;1158;503;29078;1997;4.5;0.3
17;2021-02-05;601;756;29679;2753;4.6;0.4
17;2021-02-06;20;42;29699;2795;4.6;0.4
17;2021-02-07;31;13;29730;2808;4.6;0.4
17;2021-02-08;707;403;30437;3211;4.7;0.5
17;2021-02-09;1099;1318;31536;4529;4.9;0.7
17;2021-02-10;863;1285;32399;5814;5.0;0.9
17;2021-02-11;1239;1399;33638;7213;5.2;1.1
17;2021-02-12;772;968;34410;8181;5.3;1.3
17;2021-02-13;42;104;34452;8285;5.3;1.3
17;2021-02-14;0;10;34452;8295;5.3;1.3
17;2021-02-15;620;1226;35072;9521;5.4;1.5
17;2021-02-16;748;1834;35820;11355;5.5;1.8
17;2021-02-17;796;1359;36616;12714;5.7;2.0
17;2021-02-18;966;2186;37582;14900;5.8;2.3
17;2021-02-19;1066;1545;38648;16445;6.0;2.5
17;2021-02-20;104;308;38752;16753;6.0;2.6
17;2021-02-21;9;2;38761;16755;6.0;2.6
17;2021-02-22;645;1631;39406;18386;6.1;2.8
17;2021-02-23;780;1536;40186;19922;6.2;3.1
17;2021-02-24;1077;1593;41263;21515;6.4;3.3
17;2021-02-25;1085;1709;42348;23224;6.5;3.6
17;2021-02-26;1306;1295;43654;24519;6.7;3.8
17;2021-02-27;525;247;44179;24766;6.8;3.8
17;2021-02-28;19;9;44198;24775;6.8;3.8
17;2021-03-01;634;1044;44832;25819;6.9;4.0
17;2021-03-02;1091;870;45923;26689;7.1;4.1
17;2021-03-03;1615;797;47538;27486;7.3;4.2
17;2021-03-04;2425;1137;49963;28623;7.7;4.4
17;2021-03-05;2660;679;52623;29302;8.1;4.5
17;2021-03-06;1028;25;53651;29327;8.3;4.5
17;2021-03-07;181;47;53832;29374;8.3;4.5
17;2021-03-08;1015;835;54847;30209;8.5;4.7
17;2021-03-09;1745;614;56592;30823;8.7;4.8
17;2021-03-10;2047;642;58639;31465;9.1;4.9
17;2021-03-11;3229;996;61868;32461;9.6;5.0
17;2021-03-12;3354;625;65222;33086;10.1;5.1
17;2021-03-13;1198;11;66420;33097;10.3;5.1
17;2021-03-14;31;0;66451;33097;10.3;5.1
17;2021-03-15;1239;994;67690;34091;10.5;5.3
17;2021-03-16;891;537;68581;34628;10.6;5.4
17;2021-03-17;1458;701;70039;35329;10.8;5.5
17;2021-03-18;1682;762;71721;36091;11.1;5.6
17;2021-03-19;2095;543;73816;36634;11.4;5.7
17;2021-03-20;1081;56;74897;36690;11.6;5.7
17;2021-03-21;36;42;74933;36732;11.6;5.7
17;2021-03-22;1576;688;76509;37420;11.8;5.8
17;2021-03-23;2489;579;78998;37999;12.2;5.9
17;2021-03-24;3544;850;82542;38849;12.8;6.0
17;2021-03-25;4706;642;87248;39491;13.5;6.1
17;2021-03-26;4939;468;92187;39959;14.2;6.2
17;2021-03-27;1734;69;93921;40028;14.5;6.2
17;2021-03-28;365;45;94286;40073;14.6;6.2
17;2021-03-29;2361;563;96647;40636;14.9;6.3
17;2021-03-30;2651;984;99298;41620;15.3;6.4
17;2021-03-31;3839;904;103137;42524;15.9;6.6
17;2021-04-01;4013;1152;107150;43676;16.6;6.7
17;2021-04-02;3702;829;110852;44505;17.1;6.9
17;2021-04-03;1151;186;112003;44691;17.3;6.9
17;2021-04-04;501;6;112504;44697;17.4;6.9
17;2021-04-05;444;128;112948;44825;17.5;6.9
17;2021-04-06;3481;1027;116429;45852;18.0;7.1
17;2021-04-07;4127;1142;120556;46994;18.6;7.3
17;2021-04-08;4566;1466;125122;48460;19.3;7.5
17;2021-04-09;6493;838;131615;49298;20.3;7.6
17;2021-04-10;2582;64;134197;49362;20.7;7.6
17;2021-04-11;787;16;134984;49378;20.9;7.6
17;2021-04-12;2887;1612;137871;50990;21.3;7.9
17;2021-04-13;4145;1281;142016;52271;21.9;8.1
17;2021-04-14;4414;1188;146430;53459;22.6;8.3
17;2021-04-15;4593;1136;151023;54595;23.3;8.4
17;2021-04-16;4294;1150;155317;55745;24.0;8.6
17;2021-04-17;1681;382;156998;56127;24.3;8.7
17;2021-04-18;472;81;157470;56208;24.3;8.7
17;2021-04-19;2342;2061;159812;58269;24.7;9.0
17;2021-04-20;2923;2550;162735;60819;25.1;9.4
17;2021-04-21;2973;1939;165708;62758;25.6;9.7
17;2021-04-22;3115;2358;168823;65116;26.1;10.1
17;2021-04-23;2444;2724;171267;67840;26.5;10.5
17;2021-04-24;1666;922;172933;68762;26.7;10.6
17;2021-04-25;664;244;173597;69006;26.8;10.7
17;2021-04-26;2573;2625;176170;71631;27.2;11.1
17;2021-04-27;3154;2671;179324;74302;27.7;11.5
17;2021-04-28;3101;2941;182425;77243;28.2;11.9
17;2021-04-29;4144;2861;186569;80104;28.8;12.4
17;2021-04-30;4351;2632;190920;82736;29.5;12.8
17;2021-05-01;848;542;191768;83278;29.6;12.9
17;2021-05-02;550;840;192318;84118;29.7;13.0
17;2021-05-03;2544;2955;194862;87073;30.1;13.5
17;2021-05-04;2319;3729;197181;90802;30.5;14.0
17;2021-05-05;2910;3701;200091;94503;30.9;14.6
17;2021-05-06;4123;3405;204214;97908;31.6;15.1
17;2021-05-07;4352;3632;208566;101540;32.2;15.7
17;2021-05-08;1297;754;209863;102294;32.4;15.8
17;2021-05-09;1307;702;211170;102996;32.6;15.9
17;2021-05-10;2722;3687;213892;106683;33.1;16.5
17;2021-05-11;3504;3997;217396;110680;33.6;17.1
17;2021-05-12;3531;3808;220927;114488;34.1;17.7
17;2021-05-13;2548;691;223475;115179;34.5;17.8
17;2021-05-14;3035;2395;226510;117574;35.0;18.2
17;2021-05-15;2125;662;228635;118236;35.3;18.3
17;2021-05-16;1735;316;230370;118552;35.6;18.3
17;2021-05-17;4287;1990;234657;120542;36.3;18.6
17;2021-05-18;4743;1635;239400;122177;37.0;18.9
17;2021-05-19;5062;1267;244462;123444;37.8;19.1
17;2021-05-20;4946;1946;249408;125390;38.5;19.4
17;2021-05-21;4997;1959;254405;127349;39.3;19.7
17;2021-05-22;2394;533;256799;127882;39.7;19.8
17;2021-05-23;1899;126;258698;128008;40.0;19.8
17;2021-05-24;1426;207;260124;128215;40.2;19.8
17;2021-05-25;4030;1770;264154;129985;40.8;20.1
17;2021-05-26;4367;2037;268521;132022;41.5;20.4
17;2021-05-27;5213;2131;273734;134153;42.3;20.7
17;2021-05-28;4462;3432;278196;137585;43.0;21.3
17;2021-05-29;1558;1704;279754;139289;43.2;21.5
17;2021-05-30;857;407;280611;139696;43.4;21.6
17;2021-05-31;2943;3013;283554;142709;43.8;22.1
17;2021-06-01;4292;2925;287846;145634;44.5;22.5
17;2021-06-02;4193;3171;292039;148805;45.1;23.0
17;2021-06-03;5058;3164;297097;151969;45.9;23.5
17;2021-06-04;4516;3855;301613;155824;46.6;24.1
17;2021-06-05;1990;1603;303603;157427;46.9;24.3
17;2021-06-06;849;732;304452;158159;47.1;24.4
17;2021-06-07;3135;4342;307587;162501;47.5;25.1
17;2021-06-08;3790;4491;311377;166992;48.1;25.8
17;2021-06-09;4347;3049;315724;170041;48.8;26.3
17;2021-06-10;4922;2788;320646;172829;49.6;26.7
17;2021-06-11;4781;3681;325427;176510;50.3;27.3
17;2021-06-12;1813;1398;327240;177908;50.6;27.5
17;2021-06-13;608;414;327848;178322;50.7;27.6
17;2021-06-14;2833;4534;330681;182856;51.1;28.3
17;2021-06-15;3621;4375;334302;187231;51.7;28.9
17;2021-06-16;4132;3683;338434;190914;52.3;29.5
17;2021-06-17;4363;4118;342797;195032;53.0;30.1
17;2021-06-18;4049;4435;346846;199467;53.6;30.8
17;2021-06-19;1453;1988;348299;201455;53.8;31.1
17;2021-06-20;596;1034;348895;202489;53.9;31.3
17;2021-06-21;2557;4364;351452;206853;54.3;32.0
17;2021-06-22;3528;4447;354980;211300;54.9;32.7
17;2021-06-23;3785;3982;358765;215282;55.4;33.3
17;2021-06-24;3590;3953;362355;219235;56.0;33.9
17;2021-06-25;2711;4980;365066;224215;56.4;34.7
17;2021-06-26;901;2336;365967;226551;56.6;35.0
17;2021-06-27;395;1903;366362;228454;56.6;35.3
17;2021-06-28;1519;5416;367881;233870;56.9;36.1
17;2021-06-29;1681;5882;369562;239752;57.1;37.1
17;2021-06-30;2026;5549;371588;245301;57.4;37.9
17;2021-07-01;2252;5556;373840;250857;57.8;38.8
17;2021-07-02;2480;5986;376320;256843;58.2;39.7
17;2021-07-03;624;2546;376944;259389;58.3;40.1
17;2021-07-04;154;1251;377098;260640;58.3;40.3
17;2021-07-05;1877;5181;378975;265821;58.6;41.1
17;2021-07-06;2124;5601;381099;271422;58.9;41.9
17;2021-07-07;2396;5500;383495;276922;59.3;42.8
17;2021-07-08;2902;5448;386397;282370;59.7;43.6
17;2021-07-09;2514;6091;388911;288461;60.1;44.6
17;2021-07-10;827;2475;389738;290936;60.2;45.0
17;2021-07-11;368;904;390106;291840;60.3;45.1
17;2021-07-12;1995;5634;392101;297474;60.6;46.0
17;2021-07-13;2351;6720;394452;304194;61.0;47.0
17;2021-07-14;64;71;394516;304265;61.0;47.0
17;2021-07-15;2168;6863;396684;311128;61.3;48.1
17;2021-07-16;2746;6977;399430;318105;61.7;49.2
17;2021-07-17;999;2278;400429;320383;61.9;49.5
17;2021-07-18;309;1040;400738;321423;61.9;49.7
17;2021-07-19;2616;5920;403354;327343;62.3;50.6
17;2021-07-20;3267;6327;406621;333670;62.8;51.6
17;2021-07-21;3750;6022;410371;339692;63.4;52.5
17;2021-07-22;4210;6278;414581;345970;64.1;53.5
17;2021-07-23;3791;6567;418372;352537;64.7;54.5
17;2021-07-24;2065;1399;420437;353936;65.0;54.7
17;2021-07-25;1034;412;421471;354348;65.1;54.8
17;2021-07-26;3667;5418;425138;359766;65.7;55.6
17;2021-07-27;4670;5437;429808;365203;66.4;56.4
17;2021-07-28;5150;5165;434958;370368;67.2;57.2
17;2021-07-29;5137;5324;440095;375692;68.0;58.1
17;2021-07-30;5439;5556;445534;381248;68.9;58.9
17;2021-07-31;2093;1202;447627;382450;69.2;59.1
17;2021-08-01;1080;354;448707;382804;69.3;59.2
17;2021-08-02;4583;4371;453290;387175;70.1;59.8
17;2021-08-03;5596;4140;458886;391315;70.9;60.5
18;2020-12-27;0;0;0;0;0.0;0.0
18;2020-12-28;0;0;0;0;0.0;0.0
18;2020-12-29;0;0;0;0;0.0;0.0
18;2020-12-30;1;0;1;0;0.0;0.0
18;2020-12-31;0;0;1;0;0.0;0.0
18;2021-01-01;0;0;1;0;0.0;0.0
18;2021-01-02;0;0;1;0;0.0;0.0
18;2021-01-03;0;0;1;0;0.0;0.0
18;2021-01-04;3;0;4;0;0.0;0.0
18;2021-01-05;0;0;4;0;0.0;0.0
18;2021-01-06;1;0;5;0;0.0;0.0
18;2021-01-07;30;1;35;1;0.0;0.0
18;2021-01-08;65;0;100;1;0.0;0.0
18;2021-01-09;225;0;325;1;0.1;0.0
18;2021-01-10;146;0;471;1;0.2;0.0
18;2021-01-11;170;1;641;2;0.2;0.0
18;2021-01-12;373;0;1014;2;0.3;0.0
18;2021-01-13;270;2;1284;4;0.4;0.0
18;2021-01-14;269;2;1553;6;0.5;0.0
18;2021-01-15;332;1;1885;7;0.6;0.0
18;2021-01-16;288;3;2173;10;0.7;0.0
18;2021-01-17;1;0;2174;10;0.7;0.0
18;2021-01-18;290;0;2464;10;0.8;0.0
18;2021-01-19;1375;5;3839;15;1.3;0.0
18;2021-01-20;1239;1;5078;16;1.7;0.0
18;2021-01-21;962;0;6040;16;2.0;0.0
18;2021-01-22;780;1;6820;17;2.3;0.0
18;2021-01-23;249;2;7069;19;2.4;0.0
18;2021-01-24;0;0;7069;19;2.4;0.0
18;2021-01-25;509;0;7578;19;2.6;0.0
18;2021-01-26;395;1;7973;20;2.7;0.0
18;2021-01-27;390;2;8363;22;2.8;0.0
18;2021-01-28;566;7;8929;29;3.0;0.0
18;2021-01-29;492;72;9421;101;3.2;0.0
18;2021-01-30;432;167;9853;268;3.3;0.1
18;2021-01-31;82;121;9935;389;3.4;0.1
18;2021-02-01;328;142;10263;531;3.5;0.2
18;2021-02-02;506;244;10769;775;3.6;0.3
18;2021-02-03;398;204;11167;979;3.8;0.3
18;2021-02-04;630;226;11797;1205;4.0;0.4
18;2021-02-05;449;194;12246;1399;4.1;0.5
18;2021-02-06;283;103;12529;1502;4.2;0.5
18;2021-02-07;108;1;12637;1503;4.3;0.5
18;2021-02-08;268;231;12905;1734;4.4;0.6
18;2021-02-09;582;781;13487;2515;4.6;0.8
18;2021-02-10;740;699;14227;3214;4.8;1.1
18;2021-02-11;655;449;14882;3663;5.0;1.2
18;2021-02-12;502;326;15384;3989;5.2;1.3
18;2021-02-13;286;124;15670;4113;5.3;1.4
18;2021-02-14;364;98;16034;4211;5.4;1.4
18;2021-02-15;379;392;16413;4603;5.5;1.6
18;2021-02-16;399;400;16812;5003;5.7;1.7
18;2021-02-17;403;458;17215;5461;5.8;1.8
18;2021-02-18;344;544;17559;6005;5.9;2.0
18;2021-02-19;471;303;18030;6308;6.1;2.1
18;2021-02-20;719;238;18749;6546;6.3;2.2
18;2021-02-21;316;0;19065;6546;6.4;2.2
18;2021-02-22;217;372;19282;6918;6.5;2.3
18;2021-02-23;204;351;19486;7269;6.6;2.5
18;2021-02-24;240;271;19726;7540;6.7;2.5
18;2021-02-25;293;520;20019;8060;6.8;2.7
18;2021-02-26;582;236;20601;8296;7.0;2.8
18;2021-02-27;510;389;21111;8685;7.1;2.9
18;2021-02-28;6;68;21117;8753;7.1;3.0
18;2021-03-01;235;415;21352;9168;7.2;3.1
18;2021-03-02;283;520;21635;9688;7.3;3.3
18;2021-03-03;346;586;21981;10274;7.4;3.5
18;2021-03-04;475;573;22456;10847;7.6;3.7
18;2021-03-05;524;374;22980;11221;7.8;3.8
18;2021-03-06;1070;340;24050;11561;8.1;3.9
18;2021-03-07;7;140;24057;11701;8.1;3.9
18;2021-03-08;334;362;24391;12063;8.2;4.1
18;2021-03-09;409;368;24800;12431;8.4;4.2
18;2021-03-10;423;453;25223;12884;8.5;4.3
18;2021-03-11;517;421;25740;13305;8.7;4.5
18;2021-03-12;704;303;26444;13608;8.9;4.6
18;2021-03-13;1163;249;27607;13857;9.3;4.7
18;2021-03-14;301;212;27908;14069;9.4;4.7
18;2021-03-15;491;377;28399;14446;9.6;4.9
18;2021-03-16;392;314;28791;14760;9.7;5.0
18;2021-03-17;383;413;29174;15173;9.8;5.1
18;2021-03-18;512;229;29686;15402;10.0;5.2
18;2021-03-19;755;226;30441;15628;10.3;5.3
18;2021-03-20;987;618;31428;16246;10.6;5.5
18;2021-03-21;309;307;31737;16553;10.7;5.6
18;2021-03-22;601;296;32338;16849;10.9;5.7
18;2021-03-23;706;291;33044;17140;11.1;5.8
18;2021-03-24;1052;296;34096;17436;11.5;5.9
18;2021-03-25;1049;297;35145;17733;11.9;6.0
18;2021-03-26;1210;346;36355;18079;12.3;6.1
18;2021-03-27;1489;319;37844;18398;12.8;6.2
18;2021-03-28;215;0;38059;18398;12.8;6.2
18;2021-03-29;1101;196;39160;18594;13.2;6.3
18;2021-03-30;1085;302;40245;18896;13.6;6.4
18;2021-03-31;1306;252;41551;19148;14.0;6.5
18;2021-04-01;1376;343;42927;19491;14.5;6.6
18;2021-04-02;1229;306;44156;19797;14.9;6.7
18;2021-04-03;581;180;44737;19977;15.1;6.7
18;2021-04-04;71;5;44808;19982;15.1;6.7
18;2021-04-05;199;0;45007;19982;15.2;6.7
18;2021-04-06;1026;340;46033;20322;15.5;6.9
18;2021-04-07;1322;362;47355;20684;16.0;7.0
18;2021-04-08;1691;330;49046;21014;16.5;7.1
18;2021-04-09;1832;278;50878;21292;17.2;7.2
18;2021-04-10;2633;650;53511;21942;18.1;7.4
18;2021-04-11;1985;312;55496;22254;18.7;7.5
18;2021-04-12;1402;394;56898;22648;19.2;7.6
18;2021-04-13;1784;465;58682;23113;19.8;7.8
18;2021-04-14;1378;516;60060;23629;20.3;8.0
18;2021-04-15;1532;527;61592;24156;20.8;8.1
18;2021-04-16;1614;587;63206;24743;21.3;8.3
18;2021-04-17;1599;518;64805;25261;21.9;8.5
18;2021-04-18;377;232;65182;25493;22.0;8.6
18;2021-04-19;1316;590;66498;26083;22.4;8.8
18;2021-04-20;1446;704;67944;26787;22.9;9.0
18;2021-04-21;1271;902;69215;27689;23.4;9.3
18;2021-04-22;1401;701;70616;28390;23.8;9.6
18;2021-04-23;1386;733;72002;29123;24.3;9.8
18;2021-04-24;1355;1267;73357;30390;24.7;10.3
18;2021-04-25;288;216;73645;30606;24.8;10.3
18;2021-04-26;1205;942;74850;31548;25.3;10.6
18;2021-04-27;1544;760;76394;32308;25.8;10.9
18;2021-04-28;1357;872;77751;33180;26.2;11.2
18;2021-04-29;1847;734;79598;33914;26.9;11.4
18;2021-04-30;1570;993;81168;34907;27.4;11.8
18;2021-05-01;787;209;81955;35116;27.6;11.8
18;2021-05-02;806;58;82761;35174;27.9;11.9
18;2021-05-03;1626;1001;84387;36175;28.5;12.2
18;2021-05-04;1729;1274;86116;37449;29.1;12.6
18;2021-05-05;1735;1211;87851;38660;29.6;13.0
18;2021-05-06;2165;1355;90016;40015;30.4;13.5
18;2021-05-07;1233;1399;91249;41414;30.8;14.0
18;2021-05-08;994;1460;92243;42874;31.1;14.5
18;2021-05-09;501;2261;92744;45135;31.3;15.2
18;2021-05-10;1157;1507;93901;46642;31.7;15.7
18;2021-05-11;1694;1751;95595;48393;32.3;16.3
18;2021-05-12;1808;1491;97403;49884;32.9;16.8
18;2021-05-13;1061;370;98464;50254;33.2;17.0
18;2021-05-14;1347;943;99811;51197;33.7;17.3
18;2021-05-15;1810;1158;101621;52355;34.3;17.7
18;2021-05-16;538;582;102159;52937;34.5;17.9
18;2021-05-17;1245;1092;103404;54029;34.9;18.2
18;2021-05-18;2147;930;105551;54959;35.6;18.5
18;2021-05-19;2163;916;107714;55875;36.3;18.9
18;2021-05-20;2275;979;109989;56854;37.1;19.2
18;2021-05-21;1498;762;111487;57616;37.6;19.4
18;2021-05-22;1724;1074;113211;58690;38.2;19.8
18;2021-05-23;485;336;113696;59026;38.4;19.9
18;2021-05-24;462;292;114158;59318;38.5;20.0
18;2021-05-25;1843;1065;116001;60383;39.1;20.4
18;2021-05-26;2151;838;118152;61221;39.9;20.7
18;2021-05-27;2207;1231;120359;62452;40.6;21.1
18;2021-05-28;1713;1305;122072;63757;41.2;21.5
18;2021-05-29;2620;1661;124692;65418;42.1;22.1
18;2021-05-30;1483;505;126175;65923;42.6;22.2
18;2021-05-31;1786;694;127961;66617;43.2;22.5
18;2021-06-01;2040;948;130001;67565;43.9;22.8
18;2021-06-02;2009;1021;132010;68586;44.5;23.1
18;2021-06-03;2284;1196;134294;69782;45.3;23.5
18;2021-06-04;1909;1125;136203;70907;46.0;23.9
18;2021-06-05;2803;1450;139006;72357;46.9;24.4
18;2021-06-06;365;381;139371;72738;47.0;24.5
18;2021-06-07;1296;1231;140667;73969;47.5;25.0
18;2021-06-08;1492;1392;142159;75361;48.0;25.4
18;2021-06-09;1328;1065;143487;76426;48.4;25.8
18;2021-06-10;1632;1408;145119;77834;49.0;26.3
18;2021-06-11;1496;1404;146615;79238;49.5;26.7
18;2021-06-12;1243;2509;147858;81747;49.9;27.6
18;2021-06-13;126;262;147984;82009;49.9;27.7
18;2021-06-14;657;1827;148641;83836;50.1;28.3
18;2021-06-15;1093;1821;149734;85657;50.5;28.9
18;2021-06-16;1255;1439;150989;87096;50.9;29.4
18;2021-06-17;1204;1670;152193;88766;51.3;29.9
18;2021-06-18;1291;1664;153484;90430;51.8;30.5
18;2021-06-19;1564;1251;155048;91681;52.3;30.9
18;2021-06-20;247;159;155295;91840;52.4;31.0
18;2021-06-21;665;1597;155960;93437;52.6;31.5
18;2021-06-22;1068;1640;157028;95077;53.0;32.1
18;2021-06-23;942;1640;157970;96717;53.3;32.6
18;2021-06-24;1031;1058;159001;97775;53.6;33.0
18;2021-06-25;892;1744;159893;99519;53.9;33.6
18;2021-06-26;1097;1473;160990;100992;54.3;34.1
18;2021-06-27;30;373;161020;101365;54.3;34.2
18;2021-06-28;421;1924;161441;103289;54.5;34.8
18;2021-06-29;593;2381;162034;105670;54.7;35.7
18;2021-06-30;600;2545;162634;108215;54.9;36.5
18;2021-07-01;958;2156;163592;110371;55.2;37.2
18;2021-07-02;616;1685;164208;112056;55.4;37.8
18;2021-07-03;754;2577;164962;114633;55.7;38.7
18;2021-07-04;164;1034;165126;115667;55.7;39.0
18;2021-07-05;763;1878;165889;117545;56.0;39.7
18;2021-07-06;555;2306;166444;119851;56.2;40.4
18;2021-07-07;765;2117;167209;121968;56.4;41.1
18;2021-07-08;1028;1986;168237;123954;56.8;41.8
18;2021-07-09;702;2307;168939;126261;57.0;42.6
18;2021-07-10;778;3181;169717;129442;57.3;43.7
18;2021-07-11;79;664;169796;130106;57.3;43.9
18;2021-07-12;222;2251;170018;132357;57.4;44.7
18;2021-07-13;618;2910;170636;135267;57.6;45.6
18;2021-07-14;194;939;170830;136206;57.6;46.0
18;2021-07-15;1389;2818;172219;139024;58.1;46.9
18;2021-07-16;1174;2132;173393;141156;58.5;47.6
18;2021-07-17;1121;2477;174514;143633;58.9;48.5
18;2021-07-18;228;331;174742;143964;59.0;48.6
18;2021-07-19;1048;1660;175790;145624;59.3;49.1
18;2021-07-20;1621;2269;177411;147893;59.9;49.9
18;2021-07-21;1886;2050;179297;149943;60.5;50.6
18;2021-07-22;2204;1887;181501;151830;61.2;51.2
18;2021-07-23;1390;1613;182891;153443;61.7;51.8
18;2021-07-24;881;1534;183772;154977;62.0;52.3
18;2021-07-25;189;399;183961;155376;62.1;52.4
18;2021-07-26;1394;1503;185355;156879;62.5;52.9
18;2021-07-27;1809;1538;187164;158417;63.1;53.4
18;2021-07-28;2189;1795;189353;160212;63.9;54.1
18;2021-07-29;2136;1817;191489;162029;64.6;54.7
18;2021-07-30;1575;1340;193064;163369;65.1;55.1
18;2021-07-31;1227;1277;194291;164646;65.5;55.5
18;2021-08-01;86;31;194377;164677;65.6;55.6
18;2021-08-02;1400;755;195777;165432;66.1;55.8
18;2021-08-03;1602;1601;197379;167033;66.6;56.4
19;2020-12-27;0;0;0;0;0.0;0.0
19;2020-12-28;0;0;0;0;0.0;0.0
19;2020-12-29;1;0;1;0;0.0;0.0
19;2020-12-30;0;0;1;0;0.0;0.0
19;2020-12-31;0;0;1;0;0.0;0.0
19;2021-01-01;0;0;1;0;0.0;0.0
19;2021-01-02;0;0;1;0;0.0;0.0
19;2021-01-03;0;0;1;0;0.0;0.0
19;2021-01-04;0;0;1;0;0.0;0.0
19;2021-01-05;0;0;1;0;0.0;0.0
19;2021-01-06;0;0;1;0;0.0;0.0
19;2021-01-07;343;1;344;1;0.1;0.0
19;2021-01-08;247;1;591;2;0.2;0.0
19;2021-01-09;0;0;591;2;0.2;0.0
19;2021-01-10;1;0;592;2;0.2;0.0
19;2021-01-11;38;0;630;2;0.3;0.0
19;2021-01-12;413;1;1043;3;0.4;0.0
19;2021-01-13;422;3;1465;6;0.6;0.0
19;2021-01-14;473;1;1938;7;0.8;0.0
19;2021-01-15;224;0;2162;7;0.9;0.0
19;2021-01-16;0;0;2162;7;0.9;0.0
19;2021-01-17;1;0;2163;7;0.9;0.0
19;2021-01-18;251;1;2414;8;1.0;0.0
19;2021-01-19;518;0;2932;8;1.2;0.0
19;2021-01-20;920;1;3852;9;1.6;0.0
19;2021-01-21;505;3;4357;12;1.8;0.0
19;2021-01-22;1317;3;5674;15;2.4;0.0
19;2021-01-23;281;0;5955;15;2.5;0.0
19;2021-01-24;36;0;5991;15;2.5;0.0
19;2021-01-25;233;0;6224;15;2.6;0.0
19;2021-01-26;607;4;6831;19;2.8;0.0
19;2021-01-27;334;3;7165;22;3.0;0.0
19;2021-01-28;297;249;7462;271;3.1;0.1
19;2021-01-29;347;60;7809;331;3.2;0.1
19;2021-01-30;130;24;7939;355;3.3;0.1
19;2021-01-31;41;0;7980;355;3.3;0.1
19;2021-02-01;155;96;8135;451;3.4;0.2
19;2021-02-02;303;429;8438;880;3.5;0.4
19;2021-02-03;283;245;8721;1125;3.6;0.5
19;2021-02-04;255;376;8976;1501;3.7;0.6
19;2021-02-05;310;75;9286;1576;3.9;0.7
19;2021-02-06;211;1;9497;1577;4.0;0.7
19;2021-02-07;48;1;9545;1578;4.0;0.7
19;2021-02-08;177;150;9722;1728;4.0;0.7
19;2021-02-09;333;275;10055;2003;4.2;0.8
19;2021-02-10;515;296;10570;2299;4.4;1.0
19;2021-02-11;412;326;10982;2625;4.6;1.1
19;2021-02-12;798;1166;11780;3791;4.9;1.6
19;2021-02-13;351;184;12131;3975;5.0;1.7
19;2021-02-14;98;13;12229;3988;5.1;1.7
19;2021-02-15;200;247;12429;4235;5.2;1.8
19;2021-02-16;385;172;12814;4407;5.3;1.8
19;2021-02-17;305;469;13119;4876;5.5;2.0
19;2021-02-18;174;511;13293;5387;5.5;2.2
19;2021-02-19;469;301;13762;5688;5.7;2.4
19;2021-02-20;133;208;13895;5896;5.8;2.5
19;2021-02-21;20;40;13915;5936;5.8;2.5
19;2021-02-22;219;211;14134;6147;5.9;2.6
19;2021-02-23;268;362;14402;6509;6.0;2.7
19;2021-02-24;359;210;14761;6719;6.1;2.8
19;2021-02-25;519;380;15280;7099;6.4;3.0
19;2021-02-26;395;317;15675;7416;6.5;3.1
19;2021-02-27;348;161;16023;7577;6.7;3.2
19;2021-02-28;68;36;16091;7613;6.7;3.2
19;2021-03-01;266;221;16357;7834;6.8;3.3
19;2021-03-02;428;258;16785;8092;7.0;3.4
19;2021-03-03;689;337;17474;8429;7.3;3.5
19;2021-03-04;824;350;18298;8779;7.6;3.7
19;2021-03-05;892;734;19190;9513;8.0;4.0
19;2021-03-06;1072;215;20262;9728;8.4;4.0
19;2021-03-07;463;37;20725;9765;8.6;4.1
19;2021-03-08;636;160;21361;9925;8.9;4.1
19;2021-03-09;835;248;22196;10173;9.2;4.2
19;2021-03-10;1154;318;23350;10491;9.7;4.4
19;2021-03-11;1272;309;24622;10800;10.2;4.5
19;2021-03-12;1135;403;25757;11203;10.7;4.7
19;2021-03-13;1110;165;26867;11368;11.2;4.7
19;2021-03-14;159;84;27026;11452;11.2;4.8
19;2021-03-15;699;135;27725;11587;11.5;4.8
19;2021-03-16;688;302;28413;11889;11.8;4.9
19;2021-03-17;837;280;29250;12169;12.2;5.1
19;2021-03-18;767;282;30017;12451;12.5;5.2
19;2021-03-19;1013;487;31030;12938;12.9;5.4
19;2021-03-20;782;130;31812;13068;13.2;5.4
19;2021-03-21;128;4;31940;13072;13.3;5.4
19;2021-03-22;549;177;32489;13249;13.5;5.5
19;2021-03-23;1044;231;33533;13480;14.0;5.6
19;2021-03-24;1169;372;34702;13852;14.4;5.8
19;2021-03-25;1188;414;35890;14266;14.9;5.9
19;2021-03-26;1323;272;37213;14538;15.5;6.0
19;2021-03-27;855;187;38068;14725;15.8;6.1
19;2021-03-28;63;60;38131;14785;15.9;6.2
19;2021-03-29;610;177;38741;14962;16.1;6.2
19;2021-03-30;970;343;39711;15305;16.5;6.4
19;2021-03-31;1156;500;40867;15805;17.0;6.6
19;2021-04-01;1493;422;42360;16227;17.6;6.8
19;2021-04-02;1006;523;43366;16750;18.0;7.0
19;2021-04-03;597;283;43963;17033;18.3;7.1
19;2021-04-04;130;3;44093;17036;18.3;7.1
19;2021-04-05;40;75;44133;17111;18.4;7.1
19;2021-04-06;736;603;44869;17714;18.7;7.4
19;2021-04-07;978;732;45847;18446;19.1;7.7
19;2021-04-08;1115;1013;46962;19459;19.5;8.1
19;2021-04-09;1640;610;48602;20069;20.2;8.4
19;2021-04-10;945;554;49547;20623;20.6;8.6
19;2021-04-11;558;75;50105;20698;20.8;8.6
19;2021-04-12;680;521;50785;21219;21.1;8.8
19;2021-04-13;915;577;51700;21796;21.5;9.1
19;2021-04-14;1333;838;53033;22634;22.1;9.4
19;2021-04-15;1229;869;54262;23503;22.6;9.8
19;2021-04-16;1504;819;55766;24322;23.2;10.1
19;2021-04-17;761;476;56527;24798;23.5;10.3
19;2021-04-18;659;69;57186;24867;23.8;10.3
19;2021-04-19;729;439;57915;25306;24.1;10.5
19;2021-04-20;977;747;58892;26053;24.5;10.8
19;2021-04-21;1271;697;60163;26750;25.0;11.1
19;2021-04-22;1189;889;61352;27639;25.5;11.5
19;2021-04-23;1127;1020;62479;28659;26.0;11.9
19;2021-04-24;678;673;63157;29332;26.3;12.2
19;2021-04-25;675;68;63832;29400;26.6;12.2
19;2021-04-26;1056;326;64888;29726;27.0;12.4
19;2021-04-27;1028;570;65916;30296;27.4;12.6
19;2021-04-28;1552;552;67468;30848;28.1;12.8
19;2021-04-29;1452;1194;68920;32042;28.7;13.3
19;2021-04-30;1877;1057;70797;33099;29.5;13.8
19;2021-05-01;669;168;71466;33267;29.7;13.8
19;2021-05-02;550;149;72016;33416;30.0;13.9
19;2021-05-03;854;548;72870;33964;30.3;14.1
19;2021-05-04;1025;707;73895;34671;30.7;14.4
19;2021-05-05;1254;739;75149;35410;31.3;14.7
19;2021-05-06;1127;1201;76276;36611;31.7;15.2
19;2021-05-07;1665;1187;77941;37798;32.4;15.7
19;2021-05-08;711;211;78652;38009;32.7;15.8
19;2021-05-09;487;545;79139;38554;32.9;16.0
19;2021-05-10;1164;670;80303;39224;33.4;16.3
19;2021-05-11;1636;856;81939;40080;34.1;16.7
19;2021-05-12;1943;1318;83882;41398;34.9;17.2
19;2021-05-13;571;242;84453;41640;35.1;17.3
19;2021-05-14;1645;987;86098;42627;35.8;17.7
19;2021-05-15;1443;590;87541;43217;36.4;18.0
19;2021-05-16;349;82;87890;43299;36.6;18.0
19;2021-05-17;1497;543;89387;43842;37.2;18.2
19;2021-05-18;1671;486;91058;44328;37.9;18.4
19;2021-05-19;1997;817;93055;45145;38.7;18.8
19;2021-05-20;1720;888;94775;46033;39.4;19.2
19;2021-05-21;1964;813;96739;46846;40.3;19.5
19;2021-05-22;1272;652;98011;47498;40.8;19.8
19;2021-05-23;324;130;98335;47628;40.9;19.8
19;2021-05-24;139;46;98474;47674;41.0;19.8
19;2021-05-25;1503;487;99977;48161;41.6;20.0
19;2021-05-26;1926;664;101903;48825;42.4;20.3
19;2021-05-27;1786;832;103689;49657;43.1;20.7
19;2021-05-28;1938;987;105627;50644;43.9;21.1
19;2021-05-29;1372;705;106999;51349;44.5;21.4
19;2021-05-30;190;497;107189;51846;44.6;21.6
19;2021-05-31;1200;537;108389;52383;45.1;21.8
19;2021-06-01;1281;883;109670;53266;45.6;22.2
19;2021-06-02;1817;958;111487;54224;46.4;22.6
19;2021-06-03;1447;1253;112934;55477;47.0;23.1
19;2021-06-04;1847;1348;114781;56825;47.8;23.6
19;2021-06-05;1209;814;115990;57639;48.3;24.0
19;2021-06-06;87;649;116077;58288;48.3;24.3
19;2021-06-07;922;933;116999;59221;48.7;24.6
19;2021-06-08;1105;907;118104;60128;49.1;25.0
19;2021-06-09;1328;1461;119432;61589;49.7;25.6
19;2021-06-10;1282;1580;120714;63169;50.2;26.3
19;2021-06-11;1315;1917;122029;65086;50.8;27.1
19;2021-06-12;1355;1317;123384;66403;51.3;27.6
19;2021-06-13;543;422;123927;66825;51.6;27.8
19;2021-06-14;736;1017;124663;67842;51.9;28.2
19;2021-06-15;979;1142;125642;68984;52.3;28.7
19;2021-06-16;1224;1362;126866;70346;52.8;29.3
19;2021-06-17;869;1792;127735;72138;53.1;30.0
19;2021-06-18;1057;2137;128792;74275;53.6;30.9
19;2021-06-19;918;1301;129710;75576;54.0;31.4
19;2021-06-20;395;325;130105;75901;54.1;31.6
19;2021-06-21;499;1075;130604;76976;54.3;32.0
19;2021-06-22;698;1491;131302;78467;54.6;32.6
19;2021-06-23;742;1984;132044;80451;54.9;33.5
19;2021-06-24;685;1663;132729;82114;55.2;34.2
19;2021-06-25;562;2216;133291;84330;55.5;35.1
19;2021-06-26;468;1738;133759;86068;55.7;35.8
19;2021-06-27;288;443;134047;86511;55.8;36.0
19;2021-06-28;315;1499;134362;88010;55.9;36.6
19;2021-06-29;352;1890;134714;89900;56.1;37.4
19;2021-06-30;787;2152;135501;92052;56.4;38.3
19;2021-07-01;356;2317;135857;94369;56.5;39.3
19;2021-07-02;778;2318;136635;96687;56.9;40.2
19;2021-07-03;511;1736;137146;98423;57.1;41.0
19;2021-07-04;1;73;137147;98496;57.1;41.0
19;2021-07-05;599;1014;137746;99510;57.3;41.4
19;2021-07-06;504;1539;138250;101049;57.5;42.0
19;2021-07-07;706;2047;138956;103096;57.8;42.9
19;2021-07-08;767;2150;139723;105246;58.1;43.8
19;2021-07-09;714;2659;140437;107905;58.4;44.9
19;2021-07-10;586;1705;141023;109610;58.7;45.6
19;2021-07-11;45;212;141068;109822;58.7;45.7
19;2021-07-12;446;1489;141514;111311;58.9;46.3
19;2021-07-13;677;1829;142191;113140;59.2;47.1
19;2021-07-14;199;273;142390;113413;59.2;47.2
19;2021-07-15;864;2052;143254;115465;59.6;48.0
19;2021-07-16;1219;2437;144473;117902;60.1;49.1
19;2021-07-17;700;1717;145173;119619;60.4;49.8
19;2021-07-18;363;666;145536;120285;60.6;50.0
19;2021-07-19;960;1403;146496;121688;61.0;50.6
19;2021-07-20;960;1672;147456;123360;61.4;51.3
19;2021-07-21;1068;1710;148524;125070;61.8;52.0
19;2021-07-22;1383;1853;149907;126923;62.4;52.8
19;2021-07-23;1773;1986;151680;128909;63.1;53.6
19;2021-07-24;904;1751;152584;130660;63.5;54.4
19;2021-07-25;157;513;152741;131173;63.6;54.6
19;2021-07-26;896;908;153637;132081;63.9;55.0
19;2021-07-27;1418;1110;155055;133191;64.5;55.4
19;2021-07-28;2036;1219;157091;134410;65.4;55.9
19;2021-07-29;1609;1197;158700;135607;66.0;56.4
19;2021-07-30;1897;1014;160597;136621;66.8;56.8
19;2021-07-31;1114;1013;161711;137634;67.3;57.3
19;2021-08-01;339;368;162050;138002;67.4;57.4
19;2021-08-02;1122;801;163172;138803;67.9;57.8
19;2021-08-03;1434;1033;164606;139836;68.5;58.2
21;2020-12-27;4;0;4;0;0.0;0.0
21;2020-12-28;1;0;5;0;0.0;0.0
21;2020-12-29;19;0;24;0;0.0;0.0
21;2020-12-30;22;0;46;0;0.0;0.0
21;2020-12-31;0;0;46;0;0.0;0.0
21;2021-01-01;0;0;46;0;0.0;0.0
21;2021-01-02;1;0;47;0;0.0;0.0
21;2021-01-03;0;0;47;0;0.0;0.0
21;2021-01-04;22;0;69;0;0.0;0.0
21;2021-01-05;250;2;319;2;0.1;0.0
21;2021-01-06;300;0;619;2;0.1;0.0
21;2021-01-07;387;0;1006;2;0.2;0.0
21;2021-01-08;456;3;1462;5;0.3;0.0
21;2021-01-09;252;0;1714;5;0.3;0.0
21;2021-01-10;1;0;1715;5;0.3;0.0
21;2021-01-11;623;1;2338;6;0.4;0.0
21;2021-01-12;652;0;2990;6;0.6;0.0
21;2021-01-13;702;2;3692;8;0.7;0.0
21;2021-01-14;1185;5;4877;13;0.9;0.0
21;2021-01-15;715;4;5592;17;1.0;0.0
21;2021-01-16;162;0;5754;17;1.1;0.0
21;2021-01-17;4;0;5758;17;1.1;0.0
21;2021-01-18;1315;7;7073;24;1.3;0.0
21;2021-01-19;1362;2;8435;26;1.6;0.0
21;2021-01-20;1296;46;9731;72;1.8;0.0
21;2021-01-21;1536;2;11267;74;2.1;0.0
21;2021-01-22;1240;3;12507;77;2.3;0.0
21;2021-01-23;488;0;12995;77;2.4;0.0
21;2021-01-24;122;0;13117;77;2.5;0.0
21;2021-01-25;924;18;14041;95;2.6;0.0
21;2021-01-26;1537;146;15578;241;2.9;0.0
21;2021-01-27;2040;152;17618;393;3.3;0.1
21;2021-01-28;1448;227;19066;620;3.6;0.1
21;2021-01-29;1022;212;20088;832;3.8;0.2
21;2021-01-30;469;31;20557;863;3.9;0.2
21;2021-01-31;97;5;20654;868;3.9;0.2
21;2021-02-01;451;288;21105;1156;4.0;0.2
21;2021-02-02;453;443;21558;1599;4.0;0.3
21;2021-02-03;439;283;21997;1882;4.1;0.4
21;2021-02-04;416;550;22413;2432;4.2;0.5
21;2021-02-05;487;526;22900;2958;4.3;0.6
21;2021-02-06;154;223;23054;3181;4.3;0.6
21;2021-02-07;2;2;23056;3183;4.3;0.6
21;2021-02-08;434;391;23490;3574;4.4;0.7
21;2021-02-09;514;519;24004;4093;4.5;0.8
21;2021-02-10;460;584;24464;4677;4.6;0.9
21;2021-02-11;481;737;24945;5414;4.7;1.0
21;2021-02-12;356;940;25301;6354;4.7;1.2
21;2021-02-13;360;322;25661;6676;4.8;1.3
21;2021-02-14;237;147;25898;6823;4.9;1.3
21;2021-02-15;118;1433;26016;8256;4.9;1.5
21;2021-02-16;207;1577;26223;9833;4.9;1.8
21;2021-02-17;395;1988;26618;11821;5.0;2.2
21;2021-02-18;603;1361;27221;13182;5.1;2.5
21;2021-02-19;215;1145;27436;14327;5.1;2.7
21;2021-02-20;122;429;27558;14756;5.2;2.8
21;2021-02-21;1;83;27559;14839;5.2;2.8
21;2021-02-22;81;780;27640;15619;5.2;2.9
21;2021-02-23;169;1043;27809;16662;5.2;3.1
21;2021-02-24;224;749;28033;17411;5.3;3.3
21;2021-02-25;646;836;28679;18247;5.4;3.4
21;2021-02-26;925;725;29604;18972;5.6;3.6
21;2021-02-27;535;301;30139;19273;5.7;3.6
21;2021-02-28;24;135;30163;19408;5.7;3.6
21;2021-03-01;679;631;30842;20039;5.8;3.8
21;2021-03-02;1054;551;31896;20590;6.0;3.9
21;2021-03-03;1160;437;33056;21027;6.2;3.9
21;2021-03-04;1682;518;34738;21545;6.5;4.0
21;2021-03-05;2196;655;36934;22200;6.9;4.2
21;2021-03-06;1592;197;38526;22397;7.2;4.2
21;2021-03-07;4;16;38530;22413;7.2;4.2
21;2021-03-08;770;444;39300;22857;7.4;4.3
21;2021-03-09;1566;567;40866;23424;7.7;4.4
21;2021-03-10;1625;557;42491;23981;8.0;4.5
21;2021-03-11;2188;691;44679;24672;8.4;4.6
21;2021-03-12;2895;429;47574;25101;8.9;4.7
21;2021-03-13;1932;187;49506;25288;9.3;4.7
21;2021-03-14;38;50;49544;25338;9.3;4.8
21;2021-03-15;1409;81;50953;25419;9.6;4.8
21;2021-03-16;1878;144;52831;25563;9.9;4.8
21;2021-03-17;1799;107;54630;25670;10.3;4.8
21;2021-03-18;2120;254;56750;25924;10.6;4.9
21;2021-03-19;1961;141;58711;26065;11.0;4.9
21;2021-03-20;1228;37;59939;26102;11.2;4.9
21;2021-03-21;1;0;59940;26102;11.2;4.9
21;2021-03-22;1555;85;61495;26187;11.5;4.9
21;2021-03-23;2691;99;64186;26286;12.0;4.9
21;2021-03-24;2889;153;67075;26439;12.6;5.0
21;2021-03-25;3721;229;70796;26668;13.3;5.0
21;2021-03-26;3657;184;74453;26852;14.0;5.0
21;2021-03-27;1728;55;76181;26907;14.3;5.0
21;2021-03-28;200;37;76381;26944;14.3;5.1
21;2021-03-29;1789;514;78170;27458;14.7;5.2
21;2021-03-30;2349;797;80519;28255;15.1;5.3
21;2021-03-31;2716;655;83235;28910;15.6;5.4
21;2021-04-01;2689;717;85924;29627;16.1;5.6
21;2021-04-02;2244;744;88168;30371;16.5;5.7
21;2021-04-03;1016;276;89184;30647;16.7;5.8
21;2021-04-04;2;12;89186;30659;16.7;5.8
21;2021-04-05;6;0;89192;30659;16.7;5.8
21;2021-04-06;1355;1146;90547;31805;17.0;6.0
21;2021-04-07;1747;973;92294;32778;17.3;6.2
21;2021-04-08;3215;1122;95509;33900;17.9;6.4
21;2021-04-09;3479;1182;98988;35082;18.6;6.6
21;2021-04-10;1378;737;100366;35819;18.8;6.7
21;2021-04-11;144;2;100510;35821;18.9;6.7
21;2021-04-12;1114;1360;101624;37181;19.1;7.0
21;2021-04-13;1655;1784;103279;38965;19.4;7.3
21;2021-04-14;1479;1482;104758;40447;19.7;7.6
21;2021-04-15;1901;1594;106659;42041;20.0;7.9
21;2021-04-16;2318;1313;108977;43354;20.5;8.1
21;2021-04-17;1018;971;109995;44325;20.6;8.3
21;2021-04-18;15;4;110010;44329;20.6;8.3
21;2021-04-19;1110;1329;111120;45658;20.9;8.6
21;2021-04-20;1240;1841;112360;47499;21.1;8.9
21;2021-04-21;1093;1726;113453;49225;21.3;9.2
21;2021-04-22;1276;2214;114729;51439;21.5;9.7
21;2021-04-23;1979;1724;116708;53163;21.9;10.0
21;2021-04-24;1000;868;117708;54031;22.1;10.1
21;2021-04-25;8;168;117716;54199;22.1;10.2
21;2021-04-26;1011;1599;118727;55798;22.3;10.5
21;2021-04-27;1836;1944;120563;57742;22.6;10.8
21;2021-04-28;2232;2227;122795;59969;23.0;11.3
21;2021-04-29;3128;2260;125923;62229;23.6;11.7
21;2021-04-30;3555;1868;129478;64097;24.3;12.0
21;2021-05-01;963;225;130441;64322;24.5;12.1
21;2021-05-02;2;5;130443;64327;24.5;12.1
21;2021-05-03;2082;1346;132525;65673;24.9;12.3
21;2021-05-04;2579;1645;135104;67318;25.4;12.6
21;2021-05-05;2250;1689;137354;69007;25.8;12.9
21;2021-05-06;3011;2241;140365;71248;26.3;13.4
21;2021-05-07;2808;2179;143173;73427;26.9;13.8
21;2021-05-08;1066;265;144239;73692;27.1;13.8
21;2021-05-09;26;175;144265;73867;27.1;13.9
21;2021-05-10;3169;1720;147434;75587;27.7;14.2
21;2021-05-11;4917;1999;152351;77586;28.6;14.6
21;2021-05-12;4798;1739;157149;79325;29.5;14.9
21;2021-05-13;3847;363;160996;79688;30.2;15.0
21;2021-05-14;5198;1462;166194;81150;31.2;15.2
21;2021-05-15;3429;648;169623;81798;31.8;15.3
21;2021-05-16;49;4;169672;81802;31.8;15.4
21;2021-05-17;4130;1244;173802;83046;32.6;15.6
21;2021-05-18;4359;1487;178161;84533;33.4;15.9
21;2021-05-19;3472;1112;181633;85645;34.1;16.1
21;2021-05-20;3895;1343;185528;86988;34.8;16.3
21;2021-05-21;3626;2148;189154;89136;35.5;16.7
21;2021-05-22;1669;766;190823;89902;35.8;16.9
21;2021-05-23;4;17;190827;89919;35.8;16.9
21;2021-05-24;1816;265;192643;90184;36.2;16.9
21;2021-05-25;2646;1959;195289;92143;36.6;17.3
21;2021-05-26;2604;1988;197893;94131;37.1;17.7
21;2021-05-27;4013;2100;201906;96231;37.9;18.1
21;2021-05-28;3571;2817;205477;99048;38.6;18.6
21;2021-05-29;1927;1463;207404;100511;38.9;18.9
21;2021-05-30;96;13;207500;100524;38.9;18.9
21;2021-05-31;2501;1775;210001;102299;39.4;19.2
21;2021-06-01;3452;2253;213453;104552;40.1;19.6
21;2021-06-02;2612;1759;216065;106311;40.5;20.0
21;2021-06-03;3145;2074;219210;108385;41.1;20.3
21;2021-06-04;3279;2586;222489;110971;41.8;20.8
21;2021-06-05;2925;1654;225414;112625;42.3;21.1
21;2021-06-06;51;85;225465;112710;42.3;21.2
21;2021-06-07;4313;1348;229778;114058;43.1;21.4
21;2021-06-08;4939;2133;234717;116191;44.0;21.8
21;2021-06-09;4502;1616;239219;117807;44.9;22.1
21;2021-06-10;3929;2596;243148;120403;45.6;22.6
21;2021-06-11;4163;3108;247311;123511;46.4;23.2
21;2021-06-12;2199;1606;249510;125117;46.8;23.5
21;2021-06-13;29;11;249539;125128;46.8;23.5
21;2021-06-14;2196;2566;251735;127694;47.2;24.0
21;2021-06-15;2959;3090;254694;130784;47.8;24.5
21;2021-06-16;2852;2606;257546;133390;48.3;25.0
21;2021-06-17;3420;3042;260966;136432;49.0;25.6
21;2021-06-18;2426;3798;263392;140230;49.4;26.3
21;2021-06-19;2042;1862;265434;142092;49.8;26.7
21;2021-06-20;26;13;265460;142105;49.8;26.7
21;2021-06-21;1837;3406;267297;145511;50.2;27.3
21;2021-06-22;1878;5832;269175;151343;50.5;28.4
21;2021-06-23;2023;5009;271198;156352;50.9;29.3
21;2021-06-24;2362;4661;273560;161013;51.3;30.2
21;2021-06-25;1525;5893;275085;166906;51.6;31.3
21;2021-06-26;1439;3900;276524;170806;51.9;32.1
21;2021-06-27;17;125;276541;170931;51.9;32.1
21;2021-06-28;1390;4017;277931;174948;52.2;32.8
21;2021-06-29;1632;4176;279563;179124;52.5;33.6
21;2021-06-30;1565;3372;281128;182496;52.8;34.2
21;2021-07-01;1650;4145;282778;186641;53.1;35.0
21;2021-07-02;2167;4224;284945;190865;53.5;35.8
21;2021-07-03;1094;2099;286039;192964;53.7;36.2
21;2021-07-04;37;55;286076;193019;53.7;36.2
21;2021-07-05;1604;3626;287680;196645;54.0;36.9
21;2021-07-06;1345;3589;289025;200234;54.2;37.6
21;2021-07-07;1452;3241;290477;203475;54.5;38.2
21;2021-07-08;1869;4160;292346;207635;54.9;39.0
21;2021-07-09;2069;4350;294415;211985;55.2;39.8
21;2021-07-10;1088;2552;295503;214537;55.5;40.3
21;2021-07-11;19;74;295522;214611;55.5;40.3
21;2021-07-12;1649;3729;297171;218340;55.8;41.0
21;2021-07-13;2262;4895;299433;223235;56.2;41.9
21;2021-07-14;2866;2012;302299;225247;56.7;42.3
21;2021-07-15;3747;4556;306046;229803;57.4;43.1
21;2021-07-16;3871;5256;309917;235059;58.2;44.1
21;2021-07-17;2764;4162;312681;239221;58.7;44.9
21;2021-07-18;155;81;312836;239302;58.7;44.9
21;2021-07-19;2378;4625;315214;243927;59.2;45.8
21;2021-07-20;2747;5495;317961;249422;59.7;46.8
21;2021-07-21;2861;4788;320822;254210;60.2;47.7
21;2021-07-22;2956;4717;323778;258927;60.8;48.6
21;2021-07-23;4259;4873;328037;263800;61.6;49.5
21;2021-07-24;3029;3007;331066;266807;62.1;50.1
21;2021-07-25;67;39;331133;266846;62.1;50.1
21;2021-07-26;2619;3579;333752;270425;62.6;50.7
21;2021-07-27;3345;3770;337097;274195;63.3;51.5
21;2021-07-28;3508;3335;340605;277530;63.9;52.1
21;2021-07-29;4007;3351;344612;280881;64.7;52.7
21;2021-07-30;4511;3327;349123;284208;65.5;53.3
21;2021-07-31;3393;2351;352516;286559;66.2;53.8
21;2021-08-01;328;53;352844;286612;66.2;53.8
21;2021-08-02;2440;3155;355284;289767;66.7;54.4
21;2021-08-03;2509;2755;357793;292522;67.1;54.9
22;2020-12-27;0;0;0;0;0.0;0.0
22;2020-12-28;0;0;0;0;0.0;0.0
22;2020-12-29;0;0;0;0;0.0;0.0
22;2020-12-30;0;0;0;0;0.0;0.0
22;2020-12-31;0;0;0;0;0.0;0.0
22;2021-01-01;0;0;0;0;0.0;0.0
22;2021-01-02;2;0;2;0;0.0;0.0
22;2021-01-03;0;0;2;0;0.0;0.0
22;2021-01-04;4;0;6;0;0.0;0.0
22;2021-01-05;61;0;67;0;0.0;0.0
22;2021-01-06;114;1;181;1;0.0;0.0
22;2021-01-07;67;0;248;1;0.0;0.0
22;2021-01-08;174;0;422;1;0.1;0.0
22;2021-01-09;1;0;423;1;0.1;0.0
22;2021-01-10;0;0;423;1;0.1;0.0
22;2021-01-11;233;3;656;4;0.1;0.0
22;2021-01-12;627;0;1283;4;0.2;0.0
22;2021-01-13;673;1;1956;5;0.3;0.0
22;2021-01-14;715;8;2671;13;0.4;0.0
22;2021-01-15;527;2;3198;15;0.5;0.0
22;2021-01-16;97;0;3295;15;0.6;0.0
22;2021-01-17;1;0;3296;15;0.6;0.0
22;2021-01-18;309;1;3605;16;0.6;0.0
22;2021-01-19;680;1;4285;17;0.7;0.0
22;2021-01-20;598;0;4883;17;0.8;0.0
22;2021-01-21;947;1;5830;18;1.0;0.0
22;2021-01-22;838;2;6668;20;1.1;0.0
22;2021-01-23;218;0;6886;20;1.2;0.0
22;2021-01-24;1;0;6887;20;1.2;0.0
22;2021-01-25;747;10;7634;30;1.3;0.0
22;2021-01-26;1015;59;8649;89;1.5;0.0
22;2021-01-27;3855;111;12504;200;2.1;0.0
22;2021-01-28;4509;84;17013;284;2.9;0.0
22;2021-01-29;1884;129;18897;413;3.2;0.1
22;2021-01-30;287;0;19184;413;3.2;0.1
22;2021-01-31;2;0;19186;413;3.2;0.1
22;2021-02-01;641;81;19827;494;3.3;0.1
22;2021-02-02;903;436;20730;930;3.5;0.2
22;2021-02-03;690;504;21420;1434;3.6;0.2
22;2021-02-04;966;636;22386;2070;3.8;0.3
22;2021-02-05;721;563;23107;2633;3.9;0.4
22;2021-02-06;249;0;23356;2633;3.9;0.4
22;2021-02-07;0;0;23356;2633;3.9;0.4
22;2021-02-08;531;135;23887;2768;4.0;0.5
22;2021-02-09;615;344;24502;3112;4.1;0.5
22;2021-02-10;425;201;24927;3313;4.2;0.6
22;2021-02-11;1086;324;26013;3637;4.4;0.6
22;2021-02-12;594;329;26607;3966;4.5;0.7
22;2021-02-13;319;78;26926;4044;4.5;0.7
22;2021-02-14;0;5;26926;4049;4.5;0.7
22;2021-02-15;672;428;27598;4477;4.6;0.8
22;2021-02-16;1041;705;28639;5182;4.8;0.9
22;2021-02-17;1203;2462;29842;7644;5.0;1.3
22;2021-02-18;2140;3002;31982;10646;5.4;1.8
22;2021-02-19;1636;1943;33618;12589;5.6;2.1
22;2021-02-20;479;213;34097;12802;5.7;2.1
22;2021-02-21;4;49;34101;12851;5.7;2.2
22;2021-02-22;402;721;34503;13572;5.8;2.3
22;2021-02-23;663;931;35166;14503;5.9;2.4
22;2021-02-24;695;945;35861;15448;6.0;2.6
22;2021-02-25;1201;1207;37062;16655;6.2;2.8
22;2021-02-26;1065;710;38127;17365;6.4;2.9
22;2021-02-27;563;284;38690;17649;6.5;3.0
22;2021-02-28;16;8;38706;17657;6.5;3.0
22;2021-03-01;954;523;39660;18180;6.7;3.0
22;2021-03-02;1205;875;40865;19055;6.9;3.2
22;2021-03-03;1325;860;42190;19915;7.1;3.3
22;2021-03-04;1595;929;43785;20844;7.3;3.5
22;2021-03-05;2103;804;45888;21648;7.7;3.6
22;2021-03-06;1113;295;47001;21943;7.9;3.7
22;2021-03-07;219;1;47220;21944;7.9;3.7
22;2021-03-08;1291;654;48511;22598;8.1;3.8
22;2021-03-09;1824;748;50335;23346;8.4;3.9
22;2021-03-10;1982;1003;52317;24349;8.8;4.1
22;2021-03-11;2371;1652;54688;26001;9.2;4.4
22;2021-03-12;3096;956;57784;26957;9.7;4.5
22;2021-03-13;1708;289;59492;27246;10.0;4.6
22;2021-03-14;245;23;59737;27269;10.0;4.6
22;2021-03-15;1616;565;61353;27834;10.3;4.7
22;2021-03-16;1594;853;62947;28687;10.6;4.8
22;2021-03-17;2644;699;65591;29386;11.0;4.9
22;2021-03-18;2551;1108;68142;30494;11.4;5.1
22;2021-03-19;3278;796;71420;31290;12.0;5.2
22;2021-03-20;2208;284;73628;31574;12.3;5.3
22;2021-03-21;16;0;73644;31574;12.4;5.3
22;2021-03-22;2364;359;76008;31933;12.7;5.4
22;2021-03-23;3144;781;79152;32714;13.3;5.5
22;2021-03-24;3484;683;82636;33397;13.9;5.6
22;2021-03-25;3952;599;86588;33996;14.5;5.7
22;2021-03-26;4003;476;90591;34472;15.2;5.8
22;2021-03-27;2081;179;92672;34651;15.5;5.8
22;2021-03-28;67;1;92739;34652;15.6;5.8
22;2021-03-29;2769;909;95508;35561;16.0;6.0
22;2021-03-30;3560;1152;99068;36713;16.6;6.2
22;2021-03-31;3674;1086;102742;37799;17.2;6.3
22;2021-04-01;4921;1117;107663;38916;18.1;6.5
22;2021-04-02;4392;1033;112055;39949;18.8;6.7
22;2021-04-03;1996;404;114051;40353;19.1;6.8
22;2021-04-04;37;0;114088;40353;19.1;6.8
22;2021-04-05;14;0;114102;40353;19.1;6.8
22;2021-04-06;3289;1140;117391;41493;19.7;7.0
22;2021-04-07;3425;1364;120816;42857;20.3;7.2
22;2021-04-08;4443;1317;125259;44174;21.0;7.4
22;2021-04-09;5185;1351;130444;45525;21.9;7.6
22;2021-04-10;2443;364;132887;45889;22.3;7.7
22;2021-04-11;477;8;133364;45897;22.4;7.7
22;2021-04-12;2986;995;136350;46892;22.9;7.9
22;2021-04-13;3321;1517;139671;48409;23.4;8.1
22;2021-04-14;3168;2482;142839;50891;24.0;8.5
22;2021-04-15;3597;2433;146436;53324;24.6;8.9
22;2021-04-16;3628;2490;150064;55814;25.2;9.4
22;2021-04-17;1915;1785;151979;57599;25.5;9.7
22;2021-04-18;17;0;151996;57599;25.5;9.7
22;2021-04-19;3021;2142;155017;59741;26.0;10.0
22;2021-04-20;3305;2787;158322;62528;26.6;10.5
22;2021-04-21;3223;2731;161545;65259;27.1;10.9
22;2021-04-22;3592;3129;165137;68388;27.7;11.5
22;2021-04-23;3727;3166;168864;71554;28.3;12.0
22;2021-04-24;1994;1962;170858;73516;28.7;12.3
22;2021-04-25;17;0;170875;73516;28.7;12.3
22;2021-04-26;3208;2846;174083;76362;29.2;12.8
22;2021-04-27;3373;3143;177456;79505;29.8;13.3
22;2021-04-28;3490;3148;180946;82653;30.4;13.9
22;2021-04-29;4079;3270;185025;85923;31.0;14.4
22;2021-04-30;3904;3225;188929;89148;31.7;15.0
22;2021-05-01;60;69;188989;89217;31.7;15.0
22;2021-05-02;1238;57;190227;89274;31.9;15.0
22;2021-05-03;2030;2708;192257;91982;32.2;15.4
22;2021-05-04;2154;2896;194411;94878;32.6;15.9
22;2021-05-05;2050;3008;196461;97886;33.0;16.4
22;2021-05-06;2510;3494;198971;101380;33.4;17.0
22;2021-05-07;2830;3406;201801;104786;33.8;17.6
22;2021-05-08;45;122;201846;104908;33.9;17.6
22;2021-05-09;600;435;202446;105343;34.0;17.7
22;2021-05-10;4473;2723;206919;108066;34.7;18.1
22;2021-05-11;5104;2899;212023;110965;35.6;18.6
22;2021-05-12;6599;1016;218622;111981;36.7;18.8
22;2021-05-13;528;35;219150;112016;36.8;18.8
22;2021-05-14;6400;1082;225550;113098;37.8;19.0
22;2021-05-15;3987;426;229537;113524;38.5;19.0
22;2021-05-16;419;36;229956;113560;38.6;19.0
22;2021-05-17;5665;516;235621;114076;39.5;19.1
22;2021-05-18;6007;946;241628;115022;40.5;19.3
22;2021-05-19;6126;701;247754;115723;41.6;19.4
22;2021-05-20;6587;1373;254341;117096;42.7;19.6
22;2021-05-21;5887;1460;260228;118556;43.6;19.9
22;2021-05-22;4083;771;264311;119327;44.3;20.0
22;2021-05-23;406;14;264717;119341;44.4;20.0
22;2021-05-24;5305;220;270022;119561;45.3;20.1
22;2021-05-25;5630;1177;275652;120738;46.2;20.3
22;2021-05-26;4212;2804;279864;123542;46.9;20.7
22;2021-05-27;4502;3838;284366;127380;47.7;21.4
22;2021-05-28;4386;4439;288752;131819;48.4;22.1
22;2021-05-29;3046;1770;291798;133589;48.9;22.4
22;2021-05-30;19;7;291817;133596;48.9;22.4
22;2021-05-31;3649;3154;295466;136750;49.6;22.9
22;2021-06-01;3520;3690;298986;140440;50.1;23.6
22;2021-06-02;3078;3384;302064;143824;50.7;24.1
22;2021-06-03;3185;4098;305249;147922;51.2;24.8
22;2021-06-04;3367;4548;308616;152470;51.8;25.6
22;2021-06-05;3540;2027;312156;154497;52.4;25.9
22;2021-06-06;213;29;312369;154526;52.4;25.9
22;2021-06-07;3037;3254;315406;157780;52.9;26.5
22;2021-06-08;2789;3528;318195;161308;53.4;27.1
22;2021-06-09;2537;3507;320732;164815;53.8;27.6
22;2021-06-10;2515;4249;323247;169064;54.2;28.4
22;2021-06-11;2542;4227;325789;173291;54.6;29.1
22;2021-06-12;2412;1454;328201;174745;55.1;29.3
22;2021-06-13;133;1093;328334;175838;55.1;29.5
22;2021-06-14;2637;2467;330971;178305;55.5;29.9
22;2021-06-15;3093;2997;334064;181302;56.0;30.4
22;2021-06-16;3004;2810;337068;184112;56.5;30.9
22;2021-06-17;2567;3178;339635;187290;57.0;31.4
22;2021-06-18;3097;4112;342732;191402;57.5;32.1
22;2021-06-19;2982;1454;345714;192856;58.0;32.3
22;2021-06-20;154;8;345868;192864;58.0;32.3
22;2021-06-21;1775;5020;347643;197884;58.3;33.2
22;2021-06-22;2401;5555;350044;203439;58.7;34.1
22;2021-06-23;1270;6206;351314;209645;58.9;35.2
22;2021-06-24;2565;3917;353879;213562;59.4;35.8
22;2021-06-25;1553;6814;355432;220376;59.6;37.0
22;2021-06-26;782;3857;356214;224233;59.7;37.6
22;2021-06-27;4;512;356218;224745;59.7;37.7
22;2021-06-28;1050;5590;357268;230335;59.9;38.6
22;2021-06-29;1369;5959;358637;236294;60.2;39.6
22;2021-06-30;1116;5738;359753;242032;60.3;40.6
22;2021-07-01;1356;6042;361109;248074;60.6;41.6
22;2021-07-02;1656;6089;362765;254163;60.8;42.6
22;2021-07-03;986;3816;363751;257979;61.0;43.3
22;2021-07-04;144;364;363895;258343;61.0;43.3
22;2021-07-05;1556;5799;365451;264142;61.3;44.3
22;2021-07-06;2297;5996;367748;270138;61.7;45.3
22;2021-07-07;2238;4935;369986;275073;62.1;46.1
22;2021-07-08;2485;5100;372471;280173;62.5;47.0
22;2021-07-09;2458;5384;374929;285557;62.9;47.9
22;2021-07-10;1767;3355;376696;288912;63.2;48.5
22;2021-07-11;479;71;377175;288983;63.3;48.5
22;2021-07-12;2283;4732;379458;293715;63.6;49.3
22;2021-07-13;3747;5047;383205;298762;64.3;50.1
22;2021-07-14;690;2498;383895;301260;64.4;50.5
22;2021-07-15;3779;4628;387674;305888;65.0;51.3
22;2021-07-16;3779;5294;391453;311182;65.7;52.2
22;2021-07-17;2520;3418;393973;314600;66.1;52.8
22;2021-07-18;561;86;394534;314686;66.2;52.8
22;2021-07-19;2714;4103;397248;318789;66.6;53.5
22;2021-07-20;3825;4128;401073;322917;67.3;54.2
22;2021-07-21;3935;3409;405008;326326;67.9;54.7
22;2021-07-22;4780;3702;409788;330028;68.7;55.4
22;2021-07-23;4397;4210;414185;334238;69.5;56.1
22;2021-07-24;2228;2617;416413;336855;69.8;56.5
22;2021-07-25;117;150;416530;337005;69.9;56.5
22;2021-07-26;2980;3910;419510;340915;70.4;57.2
22;2021-07-27;3641;4914;423151;345829;71.0;58.0
22;2021-07-28;3636;3640;426787;349469;71.6;58.6
22;2021-07-29;4242;3767;431029;353236;72.3;59.2
22;2021-07-30;3992;3969;435021;357205;73.0;59.9
22;2021-07-31;2373;2788;437394;359993;73.4;60.4
22;2021-08-01;114;152;437508;360145;73.4;60.4
22;2021-08-02;4601;2515;442109;362660;74.2;60.8
22;2021-08-03;4716;3401;446825;366061;74.9;61.4
23;2020-12-27;0;0;0;0;0.0;0.0
23;2020-12-28;1;0;1;0;0.0;0.0
23;2020-12-29;0;0;1;0;0.0;0.0
23;2020-12-30;0;0;1;0;0.0;0.0
23;2020-12-31;0;0;1;0;0.0;0.0
23;2021-01-01;0;0;1;0;0.0;0.0
23;2021-01-02;1;0;2;0;0.0;0.0
23;2021-01-03;0;0;2;0;0.0;0.0
23;2021-01-04;1;0;3;0;0.0;0.0
23;2021-01-05;3;0;6;0;0.0;0.0
23;2021-01-06;10;0;16;0;0.0;0.0
23;2021-01-07;116;0;132;0;0.1;0.0
23;2021-01-08;116;0;248;0;0.2;0.0
23;2021-01-09;35;0;283;0;0.2;0.0
23;2021-01-10;1;0;284;0;0.2;0.0
23;2021-01-11;173;0;457;0;0.4;0.0
23;2021-01-12;234;1;691;1;0.6;0.0
23;2021-01-13;308;0;999;1;0.9;0.0
23;2021-01-14;290;3;1289;4;1.1;0.0
23;2021-01-15;334;5;1623;9;1.4;0.0
23;2021-01-16;163;1;1786;10;1.5;0.0
23;2021-01-17;0;0;1786;10;1.5;0.0
23;2021-01-18;341;1;2127;11;1.8;0.0
23;2021-01-19;497;2;2624;13;2.3;0.0
23;2021-01-20;362;1;2986;14;2.6;0.0
23;2021-01-21;697;1;3683;15;3.2;0.0
23;2021-01-22;477;0;4160;15;3.6;0.0
23;2021-01-23;368;1;4528;16;3.9;0.0
23;2021-01-24;0;0;4528;16;3.9;0.0
23;2021-01-25;382;17;4910;33;4.2;0.0
23;2021-01-26;300;5;5210;38;4.5;0.0
23;2021-01-27;228;3;5438;41;4.7;0.0
23;2021-01-28;232;47;5670;88;4.9;0.1
23;2021-01-29;303;103;5973;191;5.1;0.2
23;2021-01-30;100;28;6073;219;5.2;0.2
23;2021-01-31;2;34;6075;253;5.2;0.2
23;2021-02-01;147;106;6222;359;5.4;0.3
23;2021-02-02;157;123;6379;482;5.5;0.4
23;2021-02-03;105;211;6484;693;5.6;0.6
23;2021-02-04;78;265;6562;958;5.6;0.8
23;2021-02-05;115;314;6677;1272;5.7;1.1
23;2021-02-06;14;168;6691;1440;5.8;1.2
23;2021-02-07;1;0;6692;1440;5.8;1.2
23;2021-02-08;125;218;6817;1658;5.9;1.4
23;2021-02-09;85;296;6902;1954;5.9;1.7
23;2021-02-10;89;283;6991;2237;6.0;1.9
23;2021-02-11;244;590;7235;2827;6.2;2.4
23;2021-02-12;174;284;7409;3111;6.4;2.7
23;2021-02-13;8;192;7417;3303;6.4;2.8
23;2021-02-14;8;0;7425;3303;6.4;2.8
23;2021-02-15;157;367;7582;3670;6.5;3.2
23;2021-02-16;103;443;7685;4113;6.6;3.5
23;2021-02-17;65;493;7750;4606;6.7;4.0
23;2021-02-18;142;371;7892;4977;6.8;4.3
23;2021-02-19;109;253;8001;5230;6.9;4.5
23;2021-02-20;2;93;8003;5323;6.9;4.6
23;2021-02-21;0;0;8003;5323;6.9;4.6
23;2021-02-22;104;212;8107;5535;7.0;4.8
23;2021-02-23;107;220;8214;5755;7.1;4.9
23;2021-02-24;174;168;8388;5923;7.2;5.1
23;2021-02-25;183;109;8571;6032;7.4;5.2
23;2021-02-26;287;165;8858;6197;7.6;5.3
23;2021-02-27;112;10;8970;6207;7.7;5.3
23;2021-02-28;1;31;8971;6238;7.7;5.4
23;2021-03-01;88;201;9059;6439;7.8;5.5
23;2021-03-02;229;132;9288;6571;8.0;5.7
23;2021-03-03;132;90;9420;6661;8.1;5.7
23;2021-03-04;307;138;9727;6799;8.4;5.8
23;2021-03-05;517;111;10244;6910;8.8;5.9
23;2021-03-06;494;4;10738;6914;9.2;5.9
23;2021-03-07;313;2;11051;6916;9.5;5.9
23;2021-03-08;196;72;11247;6988;9.7;6.0
23;2021-03-09;421;96;11668;7084;10.0;6.1
23;2021-03-10;348;39;12016;7123;10.3;6.1
23;2021-03-11;324;49;12340;7172;10.6;6.2
23;2021-03-12;617;33;12957;7205;11.1;6.2
23;2021-03-13;285;12;13242;7217;11.4;6.2
23;2021-03-14;45;34;13287;7251;11.4;6.2
23;2021-03-15;220;126;13507;7377;11.6;6.3
23;2021-03-16;192;90;13699;7467;11.8;6.4
23;2021-03-17;131;101;13830;7568;11.9;6.5
23;2021-03-18;192;97;14022;7665;12.1;6.6
23;2021-03-19;205;121;14227;7786;12.2;6.7
23;2021-03-20;630;35;14857;7821;12.8;6.7
23;2021-03-21;128;0;14985;7821;12.9;6.7
23;2021-03-22;264;147;15249;7968;13.1;6.9
23;2021-03-23;503;105;15752;8073;13.5;6.9
23;2021-03-24;422;125;16174;8198;13.9;7.1
23;2021-03-25;818;185;16992;8383;14.6;7.2
23;2021-03-26;733;194;17725;8577;15.2;7.4
23;2021-03-27;505;47;18230;8624;15.7;7.4
23;2021-03-28;3;9;18233;8633;15.7;7.4
23;2021-03-29;358;111;18591;8744;16.0;7.5
23;2021-03-30;537;175;19128;8919;16.5;7.7
23;2021-03-31;411;173;19539;9092;16.8;7.8
23;2021-04-01;600;169;20139;9261;17.3;8.0
23;2021-04-02;497;296;20636;9557;17.7;8.2
23;2021-04-03;715;43;21351;9600;18.4;8.3
23;2021-04-04;4;0;21355;9600;18.4;8.3
23;2021-04-05;0;3;21355;9603;18.4;8.3
23;2021-04-06;381;294;21736;9897;18.7;8.5
23;2021-04-07;705;307;22441;10204;19.3;8.8
23;2021-04-08;803;230;23244;10434;20.0;9.0
23;2021-04-09;939;357;24183;10791;20.8;9.3
23;2021-04-10;1097;108;25280;10899;21.7;9.4
23;2021-04-11;21;2;25301;10901;21.8;9.4
23;2021-04-12;692;232;25993;11133;22.4;9.6
23;2021-04-13;667;302;26660;11435;22.9;9.8
23;2021-04-14;586;174;27246;11609;23.4;10.0
23;2021-04-15;928;182;28174;11791;24.2;10.1
23;2021-04-16;902;206;29076;11997;25.0;10.3
23;2021-04-17;994;551;30070;12548;25.9;10.8
23;2021-04-18;3;136;30073;12684;25.9;10.9
23;2021-04-19;611;296;30684;12980;26.4;11.2
23;2021-04-20;721;289;31405;13269;27.0;11.4
23;2021-04-21;733;394;32138;13663;27.6;11.8
23;2021-04-22;657;473;32795;14136;28.2;12.2
23;2021-04-23;592;340;33387;14476;28.7;12.5
23;2021-04-24;855;448;34242;14924;29.5;12.8
23;2021-04-25;0;0;34242;14924;29.5;12.8
23;2021-04-26;615;252;34857;15176;30.0;13.1
23;2021-04-27;676;425;35533;15601;30.6;13.4
23;2021-04-28;628;275;36161;15876;31.1;13.7
23;2021-04-29;883;379;37044;16255;31.9;14.0
23;2021-04-30;719;787;37763;17042;32.5;14.7
23;2021-05-01;1223;37;38986;17079;33.5;14.7
23;2021-05-02;14;0;39000;17079;33.5;14.7
23;2021-05-03;431;520;39431;17599;33.9;15.1
23;2021-05-04;616;511;40047;18110;34.4;15.6
23;2021-05-05;538;711;40585;18821;34.9;16.2
23;2021-05-06;727;700;41312;19521;35.5;16.8
23;2021-05-07;683;640;41995;20161;36.1;17.3
23;2021-05-08;1410;586;43405;20747;37.3;17.8
23;2021-05-09;3;0;43408;20747;37.3;17.8
23;2021-05-10;555;656;43963;21403;37.8;18.4
23;2021-05-11;561;764;44524;22167;38.3;19.1
23;2021-05-12;720;661;45244;22828;38.9;19.6
23;2021-05-13;536;56;45780;22884;39.4;19.7
23;2021-05-14;788;459;46568;23343;40.1;20.1
23;2021-05-15;994;233;47562;23576;40.9;20.3
23;2021-05-16;0;0;47562;23576;40.9;20.3
23;2021-05-17;567;448;48129;24024;41.4;20.7
23;2021-05-18;773;291;48902;24315;42.1;20.9
23;2021-05-19;1050;256;49952;24571;43.0;21.1
23;2021-05-20;836;316;50788;24887;43.7;21.4
23;2021-05-21;1104;310;51892;25197;44.6;21.7
23;2021-05-22;740;125;52632;25322;45.3;21.8
23;2021-05-23;2;20;52634;25342;45.3;21.8
23;2021-05-24;362;163;52996;25505;45.6;21.9
23;2021-05-25;904;336;53900;25841;46.4;22.2
23;2021-05-26;1076;226;54976;26067;47.3;22.4
23;2021-05-27;931;433;55907;26500;48.1;22.8
23;2021-05-28;781;744;56688;27244;48.8;23.4
23;2021-05-29;638;1100;57326;28344;49.3;24.4
23;2021-05-30;6;63;57332;28407;49.3;24.4
23;2021-05-31;432;540;57764;28947;49.7;24.9
23;2021-06-01;581;825;58345;29772;50.2;25.6
23;2021-06-02;624;521;58969;30293;50.7;26.1
23;2021-06-03;706;550;59675;30843;51.3;26.5
23;2021-06-04;779;613;60454;31456;52.0;27.1
23;2021-06-05;546;777;61000;32233;52.5;27.7
23;2021-06-06;0;0;61000;32233;52.5;27.7
23;2021-06-07;393;696;61393;32929;52.8;28.3
23;2021-06-08;321;774;61714;33703;53.1;29.0
23;2021-06-09;284;649;61998;34352;53.3;29.5
23;2021-06-10;372;692;62370;35044;53.6;30.1
23;2021-06-11;379;808;62749;35852;54.0;30.8
23;2021-06-12;383;1264;63132;37116;54.3;31.9
23;2021-06-13;13;5;63145;37121;54.3;31.9
23;2021-06-14;236;590;63381;37711;54.5;32.4
23;2021-06-15;230;861;63611;38572;54.7;33.2
23;2021-06-16;362;581;63973;39153;55.0;33.7
23;2021-06-17;338;810;64311;39963;55.3;34.4
23;2021-06-18;355;767;64666;40730;55.6;35.0
23;2021-06-19;490;1523;65156;42253;56.0;36.3
23;2021-06-20;2;11;65158;42264;56.0;36.3
23;2021-06-21;203;620;65361;42884;56.2;36.9
23;2021-06-22;216;683;65577;43567;56.4;37.5
23;2021-06-23;220;749;65797;44316;56.6;38.1
23;2021-06-24;198;606;65995;44922;56.8;38.6
23;2021-06-25;303;814;66298;45736;57.0;39.3
23;2021-06-26;222;999;66520;46735;57.2;40.2
23;2021-06-27;3;0;66523;46735;57.2;40.2
23;2021-06-28;115;693;66638;47428;57.3;40.8
23;2021-06-29;189;823;66827;48251;57.5;41.5
23;2021-06-30;165;944;66992;49195;57.6;42.3
23;2021-07-01;168;869;67160;50064;57.8;43.1
23;2021-07-02;191;1070;67351;51134;57.9;44.0
23;2021-07-03;250;980;67601;52114;58.1;44.8
23;2021-07-04;1;0;67602;52114;58.1;44.8
23;2021-07-05;158;805;67760;52919;58.3;45.5
23;2021-07-06;212;1043;67972;53962;58.5;46.4
23;2021-07-07;209;854;68181;54816;58.6;47.1
23;2021-07-08;251;740;68432;55556;58.9;47.8
23;2021-07-09;272;1010;68704;56566;59.1;48.7
23;2021-07-10;234;646;68938;57212;59.3;49.2
23;2021-07-11;0;0;68938;57212;59.3;49.2
23;2021-07-12;232;702;69170;57914;59.5;49.8
23;2021-07-13;471;920;69641;58834;59.9;50.6
23;2021-07-14;208;321;69849;59155;60.1;50.9
23;2021-07-15;474;811;70323;59966;60.5;51.6
23;2021-07-16;759;570;71082;60536;61.1;52.1
23;2021-07-17;218;479;71300;61015;61.3;52.5
23;2021-07-18;0;1;71300;61016;61.3;52.5
23;2021-07-19;702;629;72002;61645;61.9;53.0
23;2021-07-20;630;567;72632;62212;62.5;53.5
23;2021-07-21;696;634;73328;62846;63.1;54.1
23;2021-07-22;937;436;74265;63282;63.9;54.4
23;2021-07-23;838;504;75103;63786;64.6;54.9
23;2021-07-24;1007;435;76110;64221;65.5;55.2
23;2021-07-25;11;16;76121;64237;65.5;55.2
23;2021-07-26;783;568;76904;64805;66.1;55.7
23;2021-07-27;908;438;77812;65243;66.9;56.1
23;2021-07-28;870;413;78682;65656;67.7;56.5
23;2021-07-29;1044;398;79726;66054;68.6;56.8
23;2021-07-30;938;520;80664;66574;69.4;57.3
23;2021-07-31;1160;304;81824;66878;70.4;57.5
23;2021-08-01;18;8;81842;66886;70.4;57.5
23;2021-08-02;662;502;82504;67388;71.0;58.0
23;2021-08-03;734;457;83238;67845;71.6;58.4
24;2020-12-27;0;0;0;0;0.0;0.0
24;2020-12-28;0;0;0;0;0.0;0.0
24;2020-12-29;2;0;2;0;0.0;0.0
24;2020-12-30;1;0;3;0;0.0;0.0
24;2020-12-31;0;0;3;0;0.0;0.0
24;2021-01-01;0;0;3;0;0.0;0.0
24;2021-01-02;0;0;3;0;0.0;0.0
24;2021-01-03;0;0;3;0;0.0;0.0
24;2021-01-04;0;0;3;0;0.0;0.0
24;2021-01-05;1;0;4;0;0.0;0.0
24;2021-01-06;0;0;4;0;0.0;0.0
24;2021-01-07;190;0;194;0;0.0;0.0
24;2021-01-08;280;0;474;0;0.1;0.0
24;2021-01-09;185;0;659;0;0.2;0.0
24;2021-01-10;35;0;694;0;0.2;0.0
24;2021-01-11;269;0;963;0;0.2;0.0
24;2021-01-12;281;0;1244;0;0.3;0.0
24;2021-01-13;233;1;1477;1;0.4;0.0
24;2021-01-14;1012;9;2489;10;0.6;0.0
24;2021-01-15;602;3;3091;13;0.8;0.0
24;2021-01-16;86;0;3177;13;0.8;0.0
24;2021-01-17;1;1;3178;14;0.8;0.0
24;2021-01-18;298;0;3476;14;0.9;0.0
24;2021-01-19;467;1;3943;15;1.0;0.0
24;2021-01-20;550;0;4493;15;1.1;0.0
24;2021-01-21;644;6;5137;21;1.3;0.0
24;2021-01-22;514;0;5651;21;1.4;0.0
24;2021-01-23;151;1;5802;22;1.4;0.0
24;2021-01-24;2;0;5804;22;1.4;0.0
24;2021-01-25;441;0;6245;22;1.5;0.0
24;2021-01-26;634;66;6879;88;1.7;0.0
24;2021-01-27;1261;12;8140;100;2.0;0.0
24;2021-01-28;983;123;9123;223;2.2;0.1
24;2021-01-29;932;139;10055;362;2.5;0.1
24;2021-01-30;281;1;10336;363;2.5;0.1
24;2021-01-31;0;0;10336;363;2.5;0.1
24;2021-02-01;377;173;10713;536;2.6;0.1
24;2021-02-02;612;313;11325;849;2.8;0.2
24;2021-02-03;650;493;11975;1342;2.9;0.3
24;2021-02-04;975;392;12950;1734;3.2;0.4
24;2021-02-05;686;440;13636;2174;3.3;0.5
24;2021-02-06;137;35;13773;2209;3.4;0.5
24;2021-02-07;33;1;13806;2210;3.4;0.5
24;2021-02-08;309;233;14115;2443;3.5;0.6
24;2021-02-09;451;230;14566;2673;3.6;0.7
24;2021-02-10;372;110;14938;2783;3.7;0.7
24;2021-02-11;556;518;15494;3301;3.8;0.8
24;2021-02-12;495;394;15989;3695;3.9;0.9
24;2021-02-13;202;46;16191;3741;4.0;0.9
24;2021-02-14;89;1;16280;3742;4.0;0.9
24;2021-02-15;187;241;16467;3983;4.0;1.0
24;2021-02-16;334;522;16801;4505;4.1;1.1
24;2021-02-17;579;827;17380;5332;4.3;1.3
24;2021-02-18;441;729;17821;6061;4.4;1.5
24;2021-02-19;460;677;18281;6738;4.5;1.6
24;2021-02-20;163;143;18444;6881;4.5;1.7
24;2021-02-21;107;0;18551;6881;4.5;1.7
24;2021-02-22;426;530;18977;7411;4.6;1.8
24;2021-02-23;562;682;19539;8093;4.8;2.0
24;2021-02-24;534;831;20073;8924;4.9;2.2
24;2021-02-25;725;863;20798;9787;5.1;2.4
24;2021-02-26;974;972;21772;10759;5.3;2.6
24;2021-02-27;363;265;22135;11024;5.4;2.7
24;2021-02-28;24;4;22159;11028;5.4;2.7
24;2021-03-01;292;373;22451;11401;5.5;2.8
24;2021-03-02;538;417;22989;11818;5.6;2.9
24;2021-03-03;679;342;23668;12160;5.8;3.0
24;2021-03-04;913;508;24581;12668;6.0;3.1
24;2021-03-05;1065;562;25646;13230;6.3;3.2
24;2021-03-06;1122;141;26768;13371;6.6;3.3
24;2021-03-07;232;62;27000;13433;6.6;3.3
24;2021-03-08;530;257;27530;13690;6.7;3.4
24;2021-03-09;1172;440;28702;14130;7.0;3.5
24;2021-03-10;1141;448;29843;14578;7.3;3.6
24;2021-03-11;1603;461;31446;15039;7.7;3.7
24;2021-03-12;2048;440;33494;15479;8.2;3.8
24;2021-03-13;1344;202;34838;15681;8.5;3.8
24;2021-03-14;141;92;34979;15773;8.6;3.9
24;2021-03-15;952;169;35931;15942;8.8;3.9
24;2021-03-16;1140;230;37071;16172;9.1;4.0
24;2021-03-17;1215;284;38286;16456;9.4;4.0
24;2021-03-18;1055;556;39341;17012;9.6;4.2
24;2021-03-19;1253;534;40594;17546;9.9;4.3
24;2021-03-20;1055;149;41649;17695;10.2;4.3
24;2021-03-21;25;11;41674;17706;10.2;4.3
24;2021-03-22;1223;421;42897;18127;10.5;4.4
24;2021-03-23;1879;399;44776;18526;11.0;4.5
24;2021-03-24;1888;385;46664;18911;11.4;4.6
24;2021-03-25;1989;466;48653;19377;11.9;4.7
24;2021-03-26;2373;283;51026;19660;12.5;4.8
24;2021-03-27;1349;40;52375;19700;12.8;4.8
24;2021-03-28;61;9;52436;19709;12.8;4.8
24;2021-03-29;1673;325;54109;20034;13.2;4.9
24;2021-03-30;2408;395;56517;20429;13.8;5.0
24;2021-03-31;2181;311;58698;20740;14.4;5.1
24;2021-04-01;2195;311;60893;21051;14.9;5.2
24;2021-04-02;2072;395;62965;21446;15.4;5.3
24;2021-04-03;1373;122;64338;21568;15.8;5.3
24;2021-04-04;73;0;64411;21568;15.8;5.3
24;2021-04-05;946;58;65357;21626;16.0;5.3
24;2021-04-06;2351;699;67708;22325;16.6;5.5
24;2021-04-07;2716;687;70424;23012;17.2;5.6
24;2021-04-08;3005;955;73429;23967;18.0;5.9
24;2021-04-09;3486;1001;76915;24968;18.8;6.1
24;2021-04-10;2593;307;79508;25275;19.5;6.2
24;2021-04-11;1101;19;80609;25294;19.7;6.2
24;2021-04-12;2494;817;83103;26111;20.3;6.4
24;2021-04-13;2902;1199;86005;27310;21.1;6.7
24;2021-04-14;2935;1188;88940;28498;21.8;7.0
24;2021-04-15;2792;1088;91732;29586;22.5;7.2
24;2021-04-16;3266;961;94998;30547;23.3;7.5
24;2021-04-17;2269;499;97267;31046;23.8;7.6
24;2021-04-18;424;5;97691;31051;23.9;7.6
24;2021-04-19;1598;1009;99289;32060;24.3;7.9
24;2021-04-20;2266;1427;101555;33487;24.9;8.2
24;2021-04-21;2144;1440;103699;34927;25.4;8.6
24;2021-04-22;2061;1256;105760;36183;25.9;8.9
24;2021-04-23;1957;1333;107717;37516;26.4;9.2
24;2021-04-24;861;725;108578;38241;26.6;9.4
24;2021-04-25;54;4;108632;38245;26.6;9.4
24;2021-04-26;1295;1480;109927;39725;26.9;9.7
24;2021-04-27;1852;1880;111779;41605;27.4;10.2
24;2021-04-28;1504;1954;113283;43559;27.7;10.7
24;2021-04-29;1726;1887;115009;45446;28.2;11.1
24;2021-04-30;2268;1776;117277;47222;28.7;11.6
24;2021-05-01;2054;1065;119331;48287;29.2;11.8
24;2021-05-02;1923;208;121254;48495;29.7;11.9
24;2021-05-03;1474;1834;122728;50329;30.1;12.3
24;2021-05-04;2227;2291;124955;52620;30.6;12.9
24;2021-05-05;1887;2719;126842;55339;31.1;13.6
24;2021-05-06;1888;2771;128730;58110;31.5;14.2
24;2021-05-07;2263;2790;130993;60900;32.1;14.9
24;2021-05-08;1282;1152;132275;62052;32.4;15.2
24;2021-05-09;1166;899;133441;62951;32.7;15.4
24;2021-05-10;1095;2627;134536;65578;32.9;16.1
24;2021-05-11;2036;2794;136572;68372;33.4;16.7
24;2021-05-12;1924;2253;138496;70625;33.9;17.3
24;2021-05-13;1465;1214;139961;71839;34.3;17.6
24;2021-05-14;2378;1332;142339;73171;34.9;17.9
24;2021-05-15;2049;811;144388;73982;35.4;18.1
24;2021-05-16;1170;347;145558;74329;35.6;18.2
24;2021-05-17;2242;1254;147800;75583;36.2;18.5
24;2021-05-18;2481;1817;150281;77400;36.8;19.0
24;2021-05-19;2284;1377;152565;78777;37.4;19.3
24;2021-05-20;2373;1580;154938;80357;37.9;19.7
24;2021-05-21;2432;1413;157370;81770;38.5;20.0
24;2021-05-22;1719;406;159089;82176;39.0;20.1
24;2021-05-23;951;72;160040;82248;39.2;20.1
24;2021-05-24;1514;335;161554;82583;39.6;20.2
24;2021-05-25;2297;1383;163851;83966;40.1;20.6
24;2021-05-26;2147;1315;165998;85281;40.6;20.9
24;2021-05-27;1748;2196;167746;87477;41.1;21.4
24;2021-05-28;2145;2003;169891;89480;41.6;21.9
24;2021-05-29;1151;2089;171042;91569;41.9;22.4
24;2021-05-30;1418;171;172460;91740;42.2;22.5
24;2021-05-31;1742;1365;174202;93105;42.7;22.8
24;2021-06-01;2572;1973;176774;95078;43.3;23.3
24;2021-06-02;2652;1784;179426;96862;43.9;23.7
24;2021-06-03;2291;1465;181717;98327;44.5;24.1
24;2021-06-04;2381;1892;184098;100219;45.1;24.5
24;2021-06-05;2005;1417;186103;101636;45.6;24.9
24;2021-06-06;766;223;186869;101859;45.8;24.9
24;2021-06-07;1432;1492;188301;103351;46.1;25.3
24;2021-06-08;1676;1909;189977;105260;46.5;25.8
24;2021-06-09;1322;1596;191299;106856;46.8;26.2
24;2021-06-10;1574;1908;192873;108764;47.2;26.6
24;2021-06-11;1326;2079;194199;110843;47.6;27.1
24;2021-06-12;1125;2543;195324;113386;47.8;27.8
24;2021-06-13;1238;921;196562;114307;48.1;28.0
24;2021-06-14;1165;1859;197727;116166;48.4;28.4
24;2021-06-15;1486;2992;199213;119158;48.8;29.2
24;2021-06-16;1671;2732;200884;121890;49.2;29.8
24;2021-06-17;1542;2182;202426;124072;49.6;30.4
24;2021-06-18;1398;2863;203824;126935;49.9;31.1
24;2021-06-19;1274;1520;205098;128455;50.2;31.5
24;2021-06-20;513;498;205611;128953;50.3;31.6
24;2021-06-21;931;1836;206542;130789;50.6;32.0
24;2021-06-22;1454;2591;207996;133380;50.9;32.7
24;2021-06-23;1425;2420;209421;135800;51.3;33.3
24;2021-06-24;1133;1913;210554;137713;51.6;33.7
24;2021-06-25;966;2817;211520;140530;51.8;34.4
24;2021-06-26;862;2104;212382;142634;52.0;34.9
24;2021-06-27;401;975;212783;143609;52.1;35.2
24;2021-06-28;814;2482;213597;146091;52.3;35.8
24;2021-06-29;936;2866;214533;148957;52.5;36.5
24;2021-06-30;1106;2457;215639;151414;52.8;37.1
24;2021-07-01;1125;2297;216764;153711;53.1;37.6
24;2021-07-02;1091;2743;217855;156454;53.3;38.3
24;2021-07-03;808;1902;218663;158356;53.5;38.8
24;2021-07-04;410;1011;219073;159367;53.6;39.0
24;2021-07-05;786;2316;219859;161683;53.8;39.6
24;2021-07-06;877;3355;220736;165038;54.0;40.4
24;2021-07-07;1080;3044;221816;168082;54.3;41.2
24;2021-07-08;1339;2124;223155;170206;54.6;41.7
24;2021-07-09;1171;3224;224326;173430;54.9;42.5
24;2021-07-10;479;1963;224805;175393;55.0;42.9
24;2021-07-11;584;1188;225389;176581;55.2;43.2
24;2021-07-12;893;2525;226282;179106;55.4;43.9
24;2021-07-13;1320;3220;227602;182326;55.7;44.6
24;2021-07-14;611;1190;228213;183516;55.9;44.9
24;2021-07-15;1684;2780;229897;186296;56.3;45.6
24;2021-07-16;2137;2604;232034;188900;56.8;46.3
24;2021-07-17;1519;2235;233553;191135;57.2;46.8
24;2021-07-18;706;885;234259;192020;57.4;47.0
24;2021-07-19;1562;2184;235821;194204;57.7;47.6
24;2021-07-20;2004;2444;237825;196648;58.2;48.2
24;2021-07-21;1871;2327;239696;198975;58.7;48.7
24;2021-07-22;2332;2447;242028;201422;59.3;49.3
24;2021-07-23;2275;2621;244303;204043;59.8;50.0
24;2021-07-24;1802;1539;246105;205582;60.3;50.3
24;2021-07-25;809;864;246914;206446;60.5;50.6
24;2021-07-26;1562;2018;248476;208464;60.8;51.0
24;2021-07-27;2828;2277;251304;210741;61.5;51.6
24;2021-07-28;2723;1933;254027;212674;62.2;52.1
24;2021-07-29;3013;2215;257040;214889;62.9;52.6
24;2021-07-30;2440;1906;259480;216795;63.5;53.1
24;2021-07-31;1630;1549;261110;218344;63.9;53.5
24;2021-08-01;1099;647;262209;218991;64.2;53.6
24;2021-08-02;1909;1615;264118;220606;64.7;54.0
24;2021-08-03;2805;1892;266923;222498;65.4;54.5
25;2020-12-27;0;0;0;0;0.0;0.0
25;2020-12-28;1;0;1;0;0.0;0.0
25;2020-12-29;0;0;1;0;0.0;0.0
25;2020-12-30;0;0;1;0;0.0;0.0
25;2020-12-31;2;0;3;0;0.0;0.0
25;2021-01-01;0;0;3;0;0.0;0.0
25;2021-01-02;0;0;3;0;0.0;0.0
25;2021-01-03;0;0;3;0;0.0;0.0
25;2021-01-04;0;0;3;0;0.0;0.0
25;2021-01-05;1;0;4;0;0.0;0.0
25;2021-01-06;75;1;79;1;0.0;0.0
25;2021-01-07;236;1;315;2;0.1;0.0
25;2021-01-08;342;1;657;3;0.1;0.0
25;2021-01-09;102;0;759;3;0.1;0.0
25;2021-01-10;0;0;759;3;0.1;0.0
25;2021-01-11;499;4;1258;7;0.2;0.0
25;2021-01-12;675;2;1933;9;0.4;0.0
25;2021-01-13;626;0;2559;9;0.5;0.0
25;2021-01-14;896;15;3455;24;0.6;0.0
25;2021-01-15;784;6;4239;30;0.8;0.0
25;2021-01-16;206;1;4445;31;0.8;0.0
25;2021-01-17;112;0;4557;31;0.8;0.0
25;2021-01-18;1295;7;5852;38;1.1;0.0
25;2021-01-19;1411;4;7263;42;1.3;0.0
25;2021-01-20;1419;4;8682;46;1.6;0.0
25;2021-01-21;1795;1;10477;47;1.9;0.0
25;2021-01-22;1503;3;11980;50;2.2;0.0
25;2021-01-23;499;1;12479;51;2.3;0.0
25;2021-01-24;119;0;12598;51;2.3;0.0
25;2021-01-25;990;0;13588;51;2.5;0.0
25;2021-01-26;1487;42;15075;93;2.8;0.0
25;2021-01-27;1247;70;16322;163;3.0;0.0
25;2021-01-28;1089;76;17411;239;3.2;0.0
25;2021-01-29;905;231;18316;470;3.4;0.1
25;2021-01-30;293;92;18609;562;3.4;0.1
25;2021-01-31;2;0;18611;562;3.5;0.1
25;2021-02-01;610;221;19221;783;3.6;0.1
25;2021-02-02;674;414;19895;1197;3.7;0.2
25;2021-02-03;759;249;20654;1446;3.8;0.3
25;2021-02-04;715;445;21369;1891;4.0;0.4
25;2021-02-05;518;465;21887;2356;4.1;0.4
25;2021-02-06;198;157;22085;2513;4.1;0.5
25;2021-02-07;2;34;22087;2547;4.1;0.5
25;2021-02-08;613;507;22700;3054;4.2;0.6
25;2021-02-09;616;491;23316;3545;4.3;0.7
25;2021-02-10;817;485;24133;4030;4.5;0.7
25;2021-02-11;586;853;24719;4883;4.6;0.9
25;2021-02-12;413;549;25132;5432;4.7;1.0
25;2021-02-13;97;140;25229;5572;4.7;1.0
25;2021-02-14;0;0;25229;5572;4.7;1.0
25;2021-02-15;187;1040;25416;6612;4.7;1.2
25;2021-02-16;214;1457;25630;8069;4.8;1.5
25;2021-02-17;110;1343;25740;9412;4.8;1.7
25;2021-02-18;146;1437;25886;10849;4.8;2.0
25;2021-02-19;102;1271;25988;12120;4.8;2.2
25;2021-02-20;26;493;26014;12613;4.8;2.3
25;2021-02-21;1;143;26015;12756;4.8;2.4
25;2021-02-22;83;1067;26098;13823;4.8;2.6
25;2021-02-23;196;1081;26294;14904;4.9;2.8
25;2021-02-24;104;976;26398;15880;4.9;2.9
25;2021-02-25;522;1005;26920;16885;5.0;3.1
25;2021-02-26;607;981;27527;17866;5.1;3.3
25;2021-02-27;227;374;27754;18240;5.1;3.4
25;2021-02-28;5;0;27759;18240;5.1;3.4
25;2021-03-01;444;620;28203;18860;5.2;3.5
25;2021-03-02;651;833;28854;19693;5.3;3.7
25;2021-03-03;541;732;29395;20425;5.4;3.8
25;2021-03-04;1154;651;30549;21076;5.7;3.9
25;2021-03-05;1852;371;32401;21447;6.0;4.0
25;2021-03-06;1168;224;33569;21671;6.2;4.0
25;2021-03-07;9;6;33578;21677;6.2;4.0
25;2021-03-08;548;709;34126;22386;6.3;4.1
25;2021-03-09;1039;773;35165;23159;6.5;4.3
25;2021-03-10;1150;648;36315;23807;6.7;4.4
25;2021-03-11;1658;577;37973;24384;7.0;4.5
25;2021-03-12;1996;438;39969;24822;7.4;4.6
25;2021-03-13;1114;97;41083;24919;7.6;4.6
25;2021-03-14;35;0;41118;24919;7.6;4.6
25;2021-03-15;1125;128;42243;25047;7.8;4.6
25;2021-03-16;1276;111;43519;25158;8.1;4.7
25;2021-03-17;1414;134;44933;25292;8.3;4.7
25;2021-03-18;1527;77;46460;25369;8.6;4.7
25;2021-03-19;1596;122;48056;25491;8.9;4.7
25;2021-03-20;822;31;48878;25522;9.1;4.7
25;2021-03-21;24;0;48902;25522;9.1;4.7
25;2021-03-22;1486;79;50388;25601;9.3;4.7
25;2021-03-23;2160;132;52548;25733;9.7;4.8
25;2021-03-24;2417;88;54965;25821;10.2;4.8
25;2021-03-25;2838;185;57803;26006;10.7;4.8
25;2021-03-26;3156;166;60959;26172;11.3;4.9
25;2021-03-27;1110;84;62069;26256;11.5;4.9
25;2021-03-28;121;63;62190;26319;11.5;4.9
25;2021-03-29;1786;276;63976;26595;11.9;4.9
25;2021-03-30;2212;386;66188;26981;12.3;5.0
25;2021-03-31;2218;344;68406;27325;12.7;5.1
25;2021-04-01;2451;513;70857;27838;13.1;5.2
25;2021-04-02;2027;593;72884;28431;13.5;5.3
25;2021-04-03;447;107;73331;28538;13.6;5.3
25;2021-04-04;39;21;73370;28559;13.6;5.3
25;2021-04-05;145;4;73515;28563;13.6;5.3
25;2021-04-06;1932;673;75447;29236;14.0;5.4
25;2021-04-07;1878;844;77325;30080;14.3;5.6
25;2021-04-08;2430;813;79755;30893;14.8;5.7
25;2021-04-09;2595;985;82350;31878;15.3;5.9
25;2021-04-10;978;288;83328;32166;15.4;6.0
25;2021-04-11;105;28;83433;32194;15.5;6.0
25;2021-04-12;1557;958;84990;33152;15.8;6.1
25;2021-04-13;1985;1306;86975;34458;16.1;6.4
25;2021-04-14;1750;1195;88725;35653;16.4;6.6
25;2021-04-15;1998;1325;90723;36978;16.8;6.9
25;2021-04-16;2085;991;92808;37969;17.2;7.0
25;2021-04-17;1105;413;93913;38382;17.4;7.1
25;2021-04-18;118;18;94031;38400;17.4;7.1
25;2021-04-19;1326;1249;95357;39649;17.7;7.3
25;2021-04-20;1615;1459;96972;41108;18.0;7.6
25;2021-04-21;1716;1627;98688;42735;18.3;7.9
25;2021-04-22;1857;1706;100545;44441;18.6;8.2
25;2021-04-23;1901;1756;102446;46197;19.0;8.6
25;2021-04-24;1281;705;103727;46902;19.2;8.7
25;2021-04-25;139;113;103866;47015;19.3;8.7
25;2021-04-26;1723;1677;105589;48692;19.6;9.0
25;2021-04-27;2803;1522;108392;50214;20.1;9.3
25;2021-04-28;2425;1550;110817;51764;20.5;9.6
25;2021-04-29;2649;1832;113466;53596;21.0;9.9
25;2021-04-30;3103;1577;116569;55173;21.6;10.2
25;2021-05-01;1789;328;118358;55501;21.9;10.3
25;2021-05-02;442;21;118800;55522;22.0;10.3
25;2021-05-03;2901;833;121701;56355;22.6;10.4
25;2021-05-04;2643;1883;124344;58238;23.1;10.8
25;2021-05-05;2591;1661;126935;59899;23.5;11.1
25;2021-05-06;2927;2164;129862;62063;24.1;11.5
25;2021-05-07;3064;2125;132926;64188;24.6;11.9
25;2021-05-08;1334;227;134260;64415;24.9;11.9
25;2021-05-09;244;87;134504;64502;24.9;12.0
25;2021-05-10;3131;1638;137635;66140;25.5;12.3
25;2021-05-11;3748;2035;141383;68175;26.2;12.6
25;2021-05-12;3686;1789;145069;69964;26.9;13.0
25;2021-05-13;3519;598;148588;70562;27.5;13.1
25;2021-05-14;4482;1303;153070;71865;28.4;13.3
25;2021-05-15;3278;703;156348;72568;29.0;13.5
25;2021-05-16;722;92;157070;72660;29.1;13.5
25;2021-05-17;4090;1090;161160;73750;29.9;13.7
25;2021-05-18;5203;1183;166363;74933;30.8;13.9
25;2021-05-19;5247;1125;171610;76058;31.8;14.1
25;2021-05-20;5133;1447;176743;77505;32.8;14.4
25;2021-05-21;5766;1970;182509;79475;33.8;14.7
25;2021-05-22;3176;722;185685;80197;34.4;14.9
25;2021-05-23;781;154;186466;80351;34.6;14.9
25;2021-05-24;1528;149;187994;80500;34.8;14.9
25;2021-05-25;3514;1644;191508;82144;35.5;15.2
25;2021-05-26;3975;1556;195483;83700;36.2;15.5
25;2021-05-27;4515;1897;199998;85597;37.1;15.9
25;2021-05-28;3990;2651;203988;88248;37.8;16.4
25;2021-05-29;2014;1019;206002;89267;38.2;16.5
25;2021-05-30;174;96;206176;89363;38.2;16.6
25;2021-05-31;2673;1710;208849;91073;38.7;16.9
25;2021-06-01;2729;2156;211578;93229;39.2;17.3
25;2021-06-02;2609;2248;214187;95477;39.7;17.7
25;2021-06-03;3275;2044;217462;97521;40.3;18.1
25;2021-06-04;3206;2407;220668;99928;40.9;18.5
25;2021-06-05;1488;1391;222156;101319;41.2;18.8
25;2021-06-06;985;255;223141;101574;41.4;18.8
25;2021-06-07;2782;2566;225923;104140;41.9;19.3
25;2021-06-08;2604;2760;228527;106900;42.4;19.8
25;2021-06-09;2381;2762;230908;109662;42.8;20.3
25;2021-06-10;2323;2650;233231;112312;43.2;20.8
25;2021-06-11;2712;3306;235943;115618;43.7;21.4
25;2021-06-12;1571;1860;237514;117478;44.0;21.8
25;2021-06-13;496;254;238010;117732;44.1;21.8
25;2021-06-14;1420;3761;239430;121493;44.4;22.5
25;2021-06-15;1641;3566;241071;125059;44.7;23.2
25;2021-06-16;1951;3267;243022;128326;45.1;23.8
25;2021-06-17;1472;3325;244494;131651;45.3;24.4
25;2021-06-18;2278;4293;246772;135944;45.7;25.2
25;2021-06-19;1350;1975;248122;137919;46.0;25.6
25;2021-06-20;57;239;248179;138158;46.0;25.6
25;2021-06-21;1131;4137;249310;142295;46.2;26.4
25;2021-06-22;1140;4677;250450;146972;46.4;27.2
25;2021-06-23;1391;4075;251841;151047;46.7;28.0
25;2021-06-24;1177;4080;253018;155127;46.9;28.8
25;2021-06-25;1633;5608;254651;160735;47.2;29.8
25;2021-06-26;625;3381;255276;164116;47.3;30.4
25;2021-06-27;450;877;255726;164993;47.4;30.6
25;2021-06-28;907;4473;256633;169466;47.6;31.4
25;2021-06-29;1120;5466;257753;174932;47.8;32.4
25;2021-06-30;1306;5368;259059;180300;48.0;33.4
25;2021-07-01;1693;5225;260752;185525;48.3;34.4
25;2021-07-02;1741;5058;262493;190583;48.7;35.3
25;2021-07-03;1032;2694;263525;193277;48.9;35.8
25;2021-07-04;409;722;263934;193999;48.9;36.0
25;2021-07-05;1279;2575;265213;196574;49.2;36.4
25;2021-07-06;1565;4742;266778;201316;49.5;37.3
25;2021-07-07;1568;4507;268346;205823;49.7;38.2
25;2021-07-08;1533;3935;269879;209758;50.0;38.9
25;2021-07-09;1726;4585;271605;214343;50.3;39.7
25;2021-07-10;778;2369;272383;216712;50.5;40.2
25;2021-07-11;126;306;272509;217018;50.5;40.2
25;2021-07-12;1388;3856;273897;220874;50.8;40.9
25;2021-07-13;2453;4773;276350;225647;51.2;41.8
25;2021-07-14;376;561;276726;226208;51.3;41.9
25;2021-07-15;2384;3656;279110;229864;51.7;42.6
25;2021-07-16;3465;3827;282575;233691;52.4;43.3
25;2021-07-17;2192;2024;284767;235715;52.8;43.7
25;2021-07-18;803;1293;285570;237008;52.9;43.9
25;2021-07-19;2527;4195;288097;241203;53.4;44.7
25;2021-07-20;3357;3709;291454;244912;54.0;45.4
25;2021-07-21;3276;3363;294730;248275;54.6;46.0
25;2021-07-22;3308;2964;298038;251239;55.2;46.6
25;2021-07-23;3545;3343;301583;254582;55.9;47.2
25;2021-07-24;1401;2262;302984;256844;56.2;47.6
25;2021-07-25;672;701;303656;257545;56.3;47.7
25;2021-07-26;3038;3009;306694;260554;56.9;48.3
25;2021-07-27;3808;2090;310502;262644;57.6;48.7
25;2021-07-28;3658;2090;314160;264734;58.2;49.1
25;2021-07-29;4299;2071;318459;266805;59.0;49.5
25;2021-07-30;4218;2462;322677;269267;59.8;49.9
25;2021-07-31;1799;1454;324476;270721;60.1;50.2
25;2021-08-01;1341;188;325817;270909;60.4;50.2
25;2021-08-02;2706;2198;328523;273107;60.9;50.6
25;2021-08-03;2797;2178;331320;275285;61.4;51.0
26;2020-12-27;0;0;0;0;0.0;0.0
26;2020-12-28;0;0;0;0;0.0;0.0
26;2020-12-29;0;0;0;0;0.0;0.0
26;2020-12-30;0;0;0;0;0.0;0.0
26;2020-12-31;0;0;0;0;0.0;0.0
26;2021-01-01;0;0;0;0;0.0;0.0
26;2021-01-02;0;0;0;0;0.0;0.0
26;2021-01-03;0;0;0;0;0.0;0.0
26;2021-01-04;0;0;0;0;0.0;0.0
26;2021-01-05;0;0;0;0;0.0;0.0
26;2021-01-06;0;0;0;0;0.0;0.0
26;2021-01-07;168;0;168;0;0.0;0.0
26;2021-01-08;125;0;293;0;0.1;0.0
26;2021-01-09;2;0;295;0;0.1;0.0
26;2021-01-10;0;0;295;0;0.1;0.0
26;2021-01-11;266;1;561;1;0.1;0.0
26;2021-01-12;175;1;736;2;0.1;0.0
26;2021-01-13;416;1;1152;3;0.2;0.0
26;2021-01-14;487;1;1639;4;0.3;0.0
26;2021-01-15;562;1;2201;5;0.4;0.0
26;2021-01-16;250;0;2451;5;0.5;0.0
26;2021-01-17;0;0;2451;5;0.5;0.0
26;2021-01-18;636;1;3087;6;0.6;0.0
26;2021-01-19;782;4;3869;10;0.7;0.0
26;2021-01-20;742;0;4611;10;0.9;0.0
26;2021-01-21;805;5;5416;15;1.0;0.0
26;2021-01-22;787;4;6203;19;1.2;0.0
26;2021-01-23;563;2;6766;21;1.3;0.0
26;2021-01-24;24;0;6790;21;1.3;0.0
26;2021-01-25;696;1;7486;22;1.4;0.0
26;2021-01-26;801;2;8287;24;1.6;0.0
26;2021-01-27;822;9;9109;33;1.7;0.0
26;2021-01-28;1328;169;10437;202;2.0;0.0
26;2021-01-29;970;65;11407;267;2.2;0.1
26;2021-01-30;605;5;12012;272;2.3;0.1
26;2021-01-31;24;0;12036;272;2.3;0.1
26;2021-02-01;707;189;12743;461;2.4;0.1
26;2021-02-02;1274;201;14017;662;2.7;0.1
26;2021-02-03;1232;257;15249;919;2.9;0.2
26;2021-02-04;984;452;16233;1371;3.1;0.3
26;2021-02-05;671;335;16904;1706;3.2;0.3
26;2021-02-06;408;241;17312;1947;3.3;0.4
26;2021-02-07;57;2;17369;1949;3.3;0.4
26;2021-02-08;544;416;17913;2365;3.4;0.5
26;2021-02-09;617;478;18530;2843;3.6;0.5
26;2021-02-10;664;339;19194;3182;3.7;0.6
26;2021-02-11;753;329;19947;3511;3.8;0.7
26;2021-02-12;589;454;20536;3965;3.9;0.8
26;2021-02-13;388;338;20924;4303;4.0;0.8
26;2021-02-14;36;0;20960;4303;4.0;0.8
26;2021-02-15;413;531;21373;4834;4.1;0.9
26;2021-02-16;294;560;21667;5394;4.2;1.0
26;2021-02-17;193;741;21860;6135;4.2;1.2
26;2021-02-18;337;902;22197;7037;4.3;1.4
26;2021-02-19;341;807;22538;7844;4.3;1.5
26;2021-02-20;95;491;22633;8335;4.3;1.6
26;2021-02-21;3;24;22636;8359;4.3;1.6
26;2021-02-22;144;719;22780;9078;4.4;1.7
26;2021-02-23;397;998;23177;10076;4.5;1.9
26;2021-02-24;341;1223;23518;11299;4.5;2.2
26;2021-02-25;732;1069;24250;12368;4.7;2.4
26;2021-02-26;924;636;25174;13004;4.8;2.5
26;2021-02-27;279;512;25453;13516;4.9;2.6
26;2021-02-28;3;30;25456;13546;4.9;2.6
26;2021-03-01;457;660;25913;14206;5.0;2.7
26;2021-03-02;741;633;26654;14839;5.1;2.9
26;2021-03-03;730;687;27384;15526;5.3;3.0
26;2021-03-04;1043;581;28427;16107;5.5;3.1
26;2021-03-05;1709;518;30136;16625;5.8;3.2
26;2021-03-06;2772;493;32908;17118;6.3;3.3
26;2021-03-07;2987;200;35895;17318;6.9;3.3
26;2021-03-08;907;651;36802;17969;7.1;3.5
26;2021-03-09;1322;549;38124;18518;7.3;3.6
26;2021-03-10;1219;511;39343;19029;7.6;3.7
26;2021-03-11;1608;645;40951;19674;7.9;3.8
26;2021-03-12;2216;467;43167;20141;8.3;3.9
26;2021-03-13;1885;339;45052;20480;8.7;3.9
26;2021-03-14;68;39;45120;20519;8.7;3.9
26;2021-03-15;1652;245;46772;20764;9.0;4.0
26;2021-03-16;1232;510;48004;21274;9.2;4.1
26;2021-03-17;1367;303;49371;21577;9.5;4.1
26;2021-03-18;1587;281;50958;21858;9.8;4.2
26;2021-03-19;2441;344;53399;22202;10.3;4.3
26;2021-03-20;1289;146;54688;22348;10.5;4.3
26;2021-03-21;61;20;54749;22368;10.5;4.3
26;2021-03-22;1844;191;56593;22559;10.9;4.3
26;2021-03-23;2475;267;59068;22826;11.3;4.4
26;2021-03-24;2551;243;61619;23069;11.8;4.4
26;2021-03-25;3040;332;64659;23401;12.4;4.5
26;2021-03-26;3047;346;67706;23747;13.0;4.6
26;2021-03-27;1244;153;68950;23900;13.2;4.6
26;2021-03-28;93;7;69043;23907;13.3;4.6
26;2021-03-29;1907;403;70950;24310;13.6;4.7
26;2021-03-30;2382;538;73332;24848;14.1;4.8
26;2021-03-31;2228;577;75560;25425;14.5;4.9
26;2021-04-01;2274;776;77834;26201;15.0;5.0
26;2021-04-02;2214;981;80048;27182;15.4;5.2
26;2021-04-03;552;1204;80600;28386;15.5;5.5
26;2021-04-04;215;887;80815;29273;15.5;5.6
26;2021-04-05;554;54;81369;29327;15.6;5.6
26;2021-04-06;1486;831;82855;30158;15.9;5.8
26;2021-04-07;1791;902;84646;31060;16.3;6.0
26;2021-04-08;2997;922;87643;31982;16.8;6.1
26;2021-04-09;3413;998;91056;32980;17.5;6.3
26;2021-04-10;1355;918;92411;33898;17.8;6.5
26;2021-04-11;89;35;92500;33933;17.8;6.5
26;2021-04-12;1713;1125;94213;35058;18.1;6.7
26;2021-04-13;2795;1443;97008;36501;18.6;7.0
26;2021-04-14;2206;1464;99214;37965;19.1;7.3
26;2021-04-15;2275;1578;101489;39543;19.5;7.6
26;2021-04-16;2271;1585;103760;41128;19.9;7.9
26;2021-04-17;1097;841;104857;41969;20.1;8.1
26;2021-04-18;35;52;104892;42021;20.1;8.1
26;2021-04-19;1546;1572;106438;43593;20.4;8.4
26;2021-04-20;1798;1727;108236;45320;20.8;8.7
26;2021-04-21;2011;1506;110247;46826;21.2;9.0
26;2021-04-22;2288;1602;112535;48428;21.6;9.3
26;2021-04-23;2008;1633;114543;50061;22.0;9.6
26;2021-04-24;1653;843;116196;50904;22.3;9.8
26;2021-04-25;628;92;116824;50996;22.4;9.8
26;2021-04-26;1376;1601;118200;52597;22.7;10.1
26;2021-04-27;1985;1684;120185;54281;23.1;10.4
26;2021-04-28;1867;1539;122052;55820;23.4;10.7
26;2021-04-29;2866;1888;124918;57708;24.0;11.1
26;2021-04-30;2622;1761;127540;59469;24.5;11.4
26;2021-05-01;1537;382;129077;59851;24.8;11.5
26;2021-05-02;1085;114;130162;59965;25.0;11.5
26;2021-05-03;2201;1785;132363;61750;25.4;11.9
26;2021-05-04;2611;2349;134974;64099;25.9;12.3
26;2021-05-05;2773;2192;137747;66291;26.5;12.7
26;2021-05-06;3320;2210;141067;68501;27.1;13.2
26;2021-05-07;2855;2260;143922;70761;27.6;13.6
26;2021-05-08;1954;625;145876;71386;28.0;13.7
26;2021-05-09;711;124;146587;71510;28.2;13.7
26;2021-05-10;3020;1825;149607;73335;28.7;14.1
26;2021-05-11;4442;2190;154049;75525;29.6;14.5
26;2021-05-12;4825;1688;158874;77213;30.5;14.8
26;2021-05-13;4364;607;163238;77820;31.4;14.9
26;2021-05-14;4643;1545;167881;79365;32.3;15.2
26;2021-05-15;4468;629;172349;79994;33.1;15.4
26;2021-05-16;3629;340;175978;80334;33.8;15.4
26;2021-05-17;3657;1484;179635;81818;34.5;15.7
26;2021-05-18;4476;1742;184111;83560;35.4;16.1
26;2021-05-19;4482;1445;188593;85005;36.2;16.3
26;2021-05-20;4680;1742;193273;86747;37.1;16.7
26;2021-05-21;4726;1796;197999;88543;38.0;17.0
26;2021-05-22;3188;687;201187;89230;38.6;17.1
26;2021-05-23;1597;184;202784;89414;39.0;17.2
26;2021-05-24;3788;744;206572;90158;39.7;17.3
26;2021-05-25;3591;2336;210163;92494;40.4;17.8
26;2021-05-26;4180;2264;214343;94758;41.2;18.2
26;2021-05-27;4217;2463;218560;97221;42.0;18.7
26;2021-05-28;3774;2767;222334;99988;42.7;19.2
26;2021-05-29;3087;1643;225421;101631;43.3;19.5
26;2021-05-30;322;71;225743;101702;43.4;19.5
26;2021-05-31;3080;1853;228823;103555;44.0;19.9
26;2021-06-01;3108;2304;231931;105859;44.6;20.3
26;2021-06-02;2868;2213;234799;108072;45.1;20.8
26;2021-06-03;2849;2490;237648;110562;45.7;21.2
26;2021-06-04;2660;2905;240308;113467;46.2;21.8
26;2021-06-05;1802;1694;242110;115161;46.5;22.1
26;2021-06-06;7;0;242117;115161;46.5;22.1
26;2021-06-07;2347;2426;244464;117587;47.0;22.6
26;2021-06-08;2455;2292;246919;119879;47.4;23.0
26;2021-06-09;2093;2383;249012;122262;47.8;23.5
26;2021-06-10;1976;2760;250988;125022;48.2;24.0
26;2021-06-11;1896;3273;252884;128295;48.6;24.6
26;2021-06-12;1218;1792;254102;130087;48.8;25.0
26;2021-06-13;96;214;254198;130301;48.8;25.0
26;2021-06-14;1415;3496;255613;133797;49.1;25.7
26;2021-06-15;1584;3962;257197;137759;49.4;26.5
26;2021-06-16;1787;3466;258984;141225;49.8;27.1
26;2021-06-17;1510;3168;260494;144393;50.0;27.7
26;2021-06-18;1798;4367;262292;148760;50.4;28.6
26;2021-06-19;933;3181;263225;151941;50.6;29.2
26;2021-06-20;264;875;263489;152816;50.6;29.4
26;2021-06-21;1006;4550;264495;157366;50.8;30.2
26;2021-06-22;1061;5121;265556;162487;51.0;31.2
26;2021-06-23;1167;5074;266723;167561;51.2;32.2
26;2021-06-24;1261;4540;267984;172101;51.5;33.1
26;2021-06-25;1014;5543;268998;177644;51.7;34.1
26;2021-06-26;662;3822;269660;181466;51.8;34.9
26;2021-06-27;300;1272;269960;182738;51.9;35.1
26;2021-06-28;776;4755;270736;187493;52.0;36.0
26;2021-06-29;1098;4960;271834;192453;52.2;37.0
26;2021-06-30;1411;4887;273245;197340;52.5;37.9
26;2021-07-01;1637;4394;274882;201734;52.8;38.8
26;2021-07-02;1328;5163;276210;206897;53.1;39.7
26;2021-07-03;769;3330;276979;210227;53.2;40.4
26;2021-07-04;332;631;277311;210858;53.3;40.5
26;2021-07-05;884;4676;278195;215534;53.4;41.4
26;2021-07-06;1268;4208;279463;219742;53.7;42.2
26;2021-07-07;1406;3799;280869;223541;54.0;42.9
26;2021-07-08;2363;3330;283232;226871;54.4;43.6
26;2021-07-09;1556;4794;284788;231665;54.7;44.5
26;2021-07-10;907;2917;285695;234582;54.9;45.1
26;2021-07-11;334;351;286029;234933;54.9;45.1
26;2021-07-12;1108;4219;287137;239152;55.2;45.9
26;2021-07-13;2293;4341;289430;243493;55.6;46.8
26;2021-07-14;1054;814;290484;244307;55.8;46.9
26;2021-07-15;3154;3654;293638;247961;56.4;47.6
26;2021-07-16;2946;3690;296584;251651;57.0;48.3
26;2021-07-17;1869;1801;298453;253452;57.3;48.7
26;2021-07-18;17;24;298470;253476;57.3;48.7
26;2021-07-19;2711;3261;301181;256737;57.9;49.3
26;2021-07-20;3689;3360;304870;260097;58.6;50.0
26;2021-07-21;3568;3089;308438;263186;59.3;50.6
26;2021-07-22;4103;2949;312541;266135;60.0;51.1
26;2021-07-23;3842;3383;316383;269518;60.8;51.8
26;2021-07-24;2338;1342;318721;270860;61.2;52.0
26;2021-07-25;607;91;319328;270951;61.3;52.0
26;2021-07-26;3414;2570;322742;273521;62.0;52.5
26;2021-07-27;4796;2597;327538;276118;62.9;53.0
26;2021-07-28;4511;2361;332049;278479;63.8;53.5
26;2021-07-29;3885;2868;335934;281347;64.5;54.0
26;2021-07-30;3472;2662;339406;284009;65.2;54.6
26;2021-07-31;1142;1001;340548;285010;65.4;54.8
26;2021-08-01;400;103;340948;285113;65.5;54.8
26;2021-08-02;2929;2345;343877;287458;66.1;55.2
26;2021-08-03;3265;2264;347142;289722;66.7;55.7
27;2020-12-27;0;0;0;0;0.0;0.0
27;2020-12-28;0;0;0;0;0.0;0.0
27;2020-12-29;1;0;1;0;0.0;0.0
27;2020-12-30;0;0;1;0;0.0;0.0
27;2020-12-31;0;0;1;0;0.0;0.0
27;2021-01-01;0;0;1;0;0.0;0.0
27;2021-01-02;0;0;1;0;0.0;0.0
27;2021-01-03;1;0;2;0;0.0;0.0
27;2021-01-04;0;0;2;0;0.0;0.0
27;2021-01-05;15;0;17;0;0.0;0.0
27;2021-01-06;161;0;178;0;0.0;0.0
27;2021-01-07;370;0;548;0;0.1;0.0
27;2021-01-08;441;0;989;0;0.2;0.0
27;2021-01-09;72;1;1061;1;0.2;0.0
27;2021-01-10;101;0;1162;1;0.2;0.0
27;2021-01-11;382;0;1544;1;0.3;0.0
27;2021-01-12;409;2;1953;3;0.3;0.0
27;2021-01-13;839;1;2792;4;0.5;0.0
27;2021-01-14;1626;26;4418;30;0.7;0.0
27;2021-01-15;1220;5;5638;35;0.9;0.0
27;2021-01-16;332;2;5970;37;1.0;0.0
27;2021-01-17;204;0;6174;37;1.0;0.0
27;2021-01-18;798;2;6972;39;1.2;0.0
27;2021-01-19;773;2;7745;41;1.3;0.0
27;2021-01-20;870;0;8615;41;1.4;0.0
27;2021-01-21;654;1;9269;42;1.5;0.0
27;2021-01-22;778;4;10047;46;1.7;0.0
27;2021-01-23;350;0;10397;46;1.7;0.0
27;2021-01-24;169;6;10566;52;1.8;0.0
27;2021-01-25;635;16;11201;68;1.9;0.0
27;2021-01-26;461;17;11662;85;1.9;0.0
27;2021-01-27;505;105;12167;190;2.0;0.0
27;2021-01-28;516;297;12683;487;2.1;0.1
27;2021-01-29;507;109;13190;596;2.2;0.1
27;2021-01-30;241;31;13431;627;2.2;0.1
27;2021-01-31;28;24;13459;651;2.2;0.1
27;2021-02-01;348;196;13807;847;2.3;0.1
27;2021-02-02;307;283;14114;1130;2.3;0.2
27;2021-02-03;488;402;14602;1532;2.4;0.3
27;2021-02-04;719;890;15321;2422;2.6;0.4
27;2021-02-05;662;1155;15983;3577;2.7;0.6
27;2021-02-06;125;223;16108;3800;2.7;0.6
27;2021-02-07;25;42;16133;3842;2.7;0.6
27;2021-02-08;310;379;16443;4221;2.7;0.7
27;2021-02-09;341;561;16784;4782;2.8;0.8
27;2021-02-10;302;529;17086;5311;2.8;0.9
27;2021-02-11;318;461;17404;5772;2.9;1.0
27;2021-02-12;229;548;17633;6320;2.9;1.1
27;2021-02-13;152;134;17785;6454;3.0;1.1
27;2021-02-14;6;96;17791;6550;3.0;1.1
27;2021-02-15;388;601;18179;7151;3.0;1.2
27;2021-02-16;295;734;18474;7885;3.1;1.3
27;2021-02-17;247;641;18721;8526;3.1;1.4
27;2021-02-18;363;683;19084;9209;3.2;1.5
27;2021-02-19;219;691;19303;9900;3.2;1.6
27;2021-02-20;129;251;19432;10151;3.2;1.7
27;2021-02-21;12;140;19444;10291;3.2;1.7
27;2021-02-22;483;566;19927;10857;3.3;1.8
27;2021-02-23;496;629;20423;11486;3.4;1.9
27;2021-02-24;543;653;20966;12139;3.5;2.0
27;2021-02-25;843;759;21809;12898;3.6;2.1
27;2021-02-26;954;690;22763;13588;3.8;2.3
27;2021-02-27;406;160;23169;13748;3.9;2.3
27;2021-02-28;173;32;23342;13780;3.9;2.3
27;2021-03-01;484;443;23826;14223;4.0;2.4
27;2021-03-02;764;363;24590;14586;4.1;2.4
27;2021-03-03;851;365;25441;14951;4.2;2.5
27;2021-03-04;883;234;26324;15185;4.4;2.5
27;2021-03-05;1303;234;27627;15419;4.6;2.6
27;2021-03-06;1636;103;29263;15522;4.9;2.6
27;2021-03-07;620;9;29883;15531;5.0;2.6
27;2021-03-08;1204;307;31087;15838;5.2;2.6
27;2021-03-09;1822;263;32909;16101;5.5;2.7
27;2021-03-10;2115;346;35024;16447;5.8;2.7
27;2021-03-11;2147;218;37171;16665;6.2;2.8
27;2021-03-12;2818;183;39989;16848;6.7;2.8
27;2021-03-13;1919;113;41908;16961;7.0;2.8
27;2021-03-14;655;13;42563;16974;7.1;2.8
27;2021-03-15;1550;209;44113;17183;7.3;2.9
27;2021-03-16;1484;231;45597;17414;7.6;2.9
27;2021-03-17;1851;332;47448;17746;7.9;3.0
27;2021-03-18;1684;338;49132;18084;8.2;3.0
27;2021-03-19;1830;167;50962;18251;8.5;3.0
27;2021-03-20;900;39;51862;18290;8.6;3.0
27;2021-03-21;258;2;52120;18292;8.7;3.0
27;2021-03-22;1234;544;53354;18836;8.9;3.1
27;2021-03-23;1626;460;54980;19296;9.2;3.2
27;2021-03-24;1522;472;56502;19768;9.4;3.3
27;2021-03-25;2163;502;58665;20270;9.8;3.4
27;2021-03-26;2529;438;61194;20708;10.2;3.4
27;2021-03-27;1568;196;62762;20904;10.4;3.5
27;2021-03-28;1149;49;63911;20953;10.6;3.5
27;2021-03-29;1376;824;65287;21777;10.9;3.6
27;2021-03-30;1391;846;66678;22623;11.1;3.8
27;2021-03-31;1488;875;68166;23498;11.3;3.9
27;2021-04-01;1956;807;70122;24305;11.7;4.0
27;2021-04-02;1999;1181;72121;25486;12.0;4.2
27;2021-04-03;1561;736;73682;26222;12.3;4.4
27;2021-04-04;977;171;74659;26393;12.4;4.4
27;2021-04-05;282;6;74941;26399;12.5;4.4
27;2021-04-06;1414;1802;76355;28201;12.7;4.7
27;2021-04-07;1321;1745;77676;29946;12.9;5.0
27;2021-04-08;1682;1670;79358;31616;13.2;5.3
27;2021-04-09;2947;1552;82305;33168;13.7;5.5
27;2021-04-10;2034;981;84339;34149;14.0;5.7
27;2021-04-11;946;210;85285;34359;14.2;5.7
27;2021-04-12;2436;1507;87721;35866;14.6;6.0
27;2021-04-13;2392;1548;90113;37414;15.0;6.2
27;2021-04-14;2085;1621;92198;39035;15.3;6.5
27;2021-04-15;1877;1658;94075;40693;15.7;6.8
27;2021-04-16;2752;1112;96827;41805;16.1;7.0
27;2021-04-17;2169;490;98996;42295;16.5;7.0
27;2021-04-18;452;16;99448;42311;16.6;7.0
27;2021-04-19;1714;1173;101162;43484;16.8;7.2
27;2021-04-20;2386;1298;103548;44782;17.2;7.5
27;2021-04-21;2209;1078;105757;45860;17.6;7.6
27;2021-04-22;2179;1409;107936;47269;18.0;7.9
27;2021-04-23;2446;1174;110382;48443;18.4;8.1
27;2021-04-24;3258;1136;113640;49579;18.9;8.3
27;2021-04-25;1128;1046;114768;50625;19.1;8.4
27;2021-04-26;1921;1141;116689;51766;19.4;8.6
27;2021-04-27;2524;1085;119213;52851;19.8;8.8
27;2021-04-28;2390;1308;121603;54159;20.2;9.0
27;2021-04-29;2492;1467;124095;55626;20.7;9.3
27;2021-04-30;2370;1607;126465;57233;21.1;9.5
27;2021-05-01;2637;884;129102;58117;21.5;9.7
27;2021-05-02;1953;891;131055;59008;21.8;9.8
27;2021-05-03;3065;873;134120;59881;22.3;10.0
27;2021-05-04;2781;1641;136901;61522;22.8;10.2
27;2021-05-05;2817;1647;139718;63169;23.3;10.5
27;2021-05-06;3184;1289;142902;64458;23.8;10.7
27;2021-05-07;3323;1999;146225;66457;24.3;11.1
27;2021-05-08;2794;1326;149019;67783;24.8;11.3
27;2021-05-09;1697;297;150716;68080;25.1;11.3
27;2021-05-10;2952;2269;153668;70349;25.6;11.7
27;2021-05-11;3354;1755;157022;72104;26.1;12.0
27;2021-05-12;3461;1726;160483;73830;26.7;12.3
27;2021-05-13;1892;253;162375;74083;27.0;12.3
27;2021-05-14;3882;1786;166257;75869;27.7;12.6
27;2021-05-15;6601;952;172858;76821;28.8;12.8
27;2021-05-16;3668;435;176526;77256;29.4;12.9
27;2021-05-17;2773;1157;179299;78413;29.8;13.1
27;2021-05-18;3845;1285;183144;79698;30.5;13.3
27;2021-05-19;3967;1147;187111;80845;31.1;13.5
27;2021-05-20;3872;1164;190983;82009;31.8;13.7
27;2021-05-21;3966;1798;194949;83807;32.5;14.0
27;2021-05-22;4366;799;199315;84606;33.2;14.1
27;2021-05-23;800;173;200115;84779;33.3;14.1
27;2021-05-24;1490;338;201605;85117;33.6;14.2
27;2021-05-25;3514;1606;205119;86723;34.1;14.4
27;2021-05-26;3854;1737;208973;88460;34.8;14.7
27;2021-05-27;3787;1487;212760;89947;35.4;15.0
27;2021-05-28;3398;2629;216158;92576;36.0;15.4
27;2021-05-29;4825;2294;220983;94870;36.8;15.8
27;2021-05-30;1119;248;222102;95118;37.0;15.8
27;2021-05-31;3464;2275;225566;97393;37.6;16.2
27;2021-06-01;3813;2245;229379;99638;38.2;16.6
27;2021-06-02;3341;2184;232720;101822;38.7;17.0
27;2021-06-03;4429;2126;237149;103948;39.5;17.3
27;2021-06-04;3602;2973;240751;106921;40.1;17.8
27;2021-06-05;3213;3347;243964;110268;40.6;18.4
27;2021-06-06;2004;1008;245968;111276;40.9;18.5
27;2021-06-07;2565;2354;248533;113630;41.4;18.9
27;2021-06-08;3121;2374;251654;116004;41.9;19.3
27;2021-06-09;2301;2469;253955;118473;42.3;19.7
27;2021-06-10;2431;2039;256386;120512;42.7;20.1
27;2021-06-11;2889;3766;259275;124278;43.2;20.7
27;2021-06-12;1984;4189;261259;128467;43.5;21.4
27;2021-06-13;1082;2685;262341;131152;43.7;21.8
27;2021-06-14;1995;3115;264336;134267;44.0;22.4
27;2021-06-15;2687;3020;267023;137287;44.5;22.9
27;2021-06-16;2503;3260;269526;140547;44.9;23.4
27;2021-06-17;2296;3285;271822;143832;45.3;23.9
27;2021-06-18;2744;4419;274566;148251;45.7;24.7
27;2021-06-19;1861;3386;276427;151637;46.0;25.2
27;2021-06-20;608;710;277035;152347;46.1;25.4
27;2021-06-21;1702;3492;278737;155839;46.4;25.9
27;2021-06-22;2383;3722;281120;159561;46.8;26.6
27;2021-06-23;2072;3566;283192;163127;47.1;27.2
27;2021-06-24;2255;3413;285447;166540;47.5;27.7
27;2021-06-25;1931;4457;287378;170997;47.8;28.5
27;2021-06-26;882;5353;288260;176350;48.0;29.4
27;2021-06-27;377;1425;288637;177775;48.1;29.6
27;2021-06-28;1127;3405;289764;181180;48.2;30.2
27;2021-06-29;1699;4367;291463;185547;48.5;30.9
27;2021-06-30;2114;4096;293577;189643;48.9;31.6
27;2021-07-01;2223;3903;295800;193546;49.2;32.2
27;2021-07-02;1582;4615;297382;198161;49.5;33.0
27;2021-07-03;1295;4766;298677;202927;49.7;33.8
27;2021-07-04;506;1405;299183;204332;49.8;34.0
27;2021-07-05;1420;3527;300603;207859;50.0;34.6
27;2021-07-06;1367;4183;301970;212042;50.3;35.3
27;2021-07-07;1755;4899;303725;216941;50.6;36.1
27;2021-07-08;2081;4343;305806;221284;50.9;36.8
27;2021-07-09;1982;5282;307788;226566;51.2;37.7
27;2021-07-10;1165;4175;308953;230741;51.4;38.4
27;2021-07-11;424;1141;309377;231882;51.5;38.6
27;2021-07-12;1239;4378;310616;236260;51.7;39.3
27;2021-07-13;2755;5353;313371;241613;52.2;40.2
27;2021-07-14;1514;1748;314885;243361;52.4;40.5
27;2021-07-15;3026;5467;317911;248828;52.9;41.4
27;2021-07-16;3798;5283;321709;254111;53.6;42.3
27;2021-07-17;2721;3874;324430;257985;54.0;42.9
27;2021-07-18;550;1262;324980;259247;54.1;43.2
27;2021-07-19;3678;3787;328658;263034;54.7;43.8
27;2021-07-20;3428;3586;332086;266620;55.3;44.4
27;2021-07-21;4229;3891;336315;270511;56.0;45.0
27;2021-07-22;4727;3686;341042;274197;56.8;45.6
27;2021-07-23;3566;3389;344608;277586;57.4;46.2
27;2021-07-24;3105;2320;347713;279906;57.9;46.6
27;2021-07-25;491;545;348204;280451;58.0;46.7
27;2021-07-26;3052;3179;351256;283630;58.5;47.2
27;2021-07-27;3567;3096;354823;286726;59.1;47.7
27;2021-07-28;3567;3232;358390;289958;59.7;48.3
27;2021-07-29;4570;3487;362960;293445;60.4;48.9
27;2021-07-30;3784;3132;366744;296577;61.1;49.4
27;2021-07-31;3039;2560;369783;299137;61.6;49.8
27;2021-08-01;536;496;370319;299633;61.6;49.9
27;2021-08-02;3298;2557;373617;302190;62.2;50.3
27;2021-08-03;3393;2760;377010;304950;62.8;50.8
28;2020-12-27;0;0;0;0;0.0;0.0
28;2020-12-28;0;0;0;0;0.0;0.0
28;2020-12-29;0;0;0;0;0.0;0.0
28;2020-12-30;0;0;0;0;0.0;0.0
28;2020-12-31;0;0;0;0;0.0;0.0
28;2021-01-01;1;0;1;0;0.0;0.0
28;2021-01-02;0;0;1;0;0.0;0.0
28;2021-01-03;0;0;1;0;0.0;0.0
28;2021-01-04;0;0;1;0;0.0;0.0
28;2021-01-05;5;0;6;0;0.0;0.0
28;2021-01-06;84;0;90;0;0.0;0.0
28;2021-01-07;102;0;192;0;0.0;0.0
28;2021-01-08;134;2;326;2;0.1;0.0
28;2021-01-09;78;0;404;2;0.1;0.0
28;2021-01-10;1;0;405;2;0.1;0.0
28;2021-01-11;204;0;609;2;0.1;0.0
28;2021-01-12;265;2;874;4;0.2;0.0
28;2021-01-13;398;3;1272;7;0.3;0.0
28;2021-01-14;449;5;1721;12;0.4;0.0
28;2021-01-15;374;3;2095;15;0.5;0.0
28;2021-01-16;206;2;2301;17;0.5;0.0
28;2021-01-17;21;0;2322;17;0.5;0.0
28;2021-01-18;372;2;2694;19;0.6;0.0
28;2021-01-19;503;3;3197;22;0.7;0.0
28;2021-01-20;636;1;3833;23;0.9;0.0
28;2021-01-21;797;3;4630;26;1.1;0.0
28;2021-01-22;477;1;5107;27;1.2;0.0
28;2021-01-23;353;0;5460;27;1.3;0.0
28;2021-01-24;1;0;5461;27;1.3;0.0
28;2021-01-25;455;3;5916;30;1.4;0.0
28;2021-01-26;718;4;6634;34;1.5;0.0
28;2021-01-27;1212;48;7846;82;1.8;0.0
28;2021-01-28;1585;90;9431;172;2.2;0.0
28;2021-01-29;896;99;10327;271;2.4;0.1
28;2021-01-30;248;54;10575;325;2.5;0.1
28;2021-01-31;3;22;10578;347;2.5;0.1
28;2021-02-01;324;124;10902;471;2.5;0.1
28;2021-02-02;368;240;11270;711;2.6;0.2
28;2021-02-03;473;259;11743;970;2.7;0.2
28;2021-02-04;525;278;12268;1248;2.9;0.3
28;2021-02-05;436;226;12704;1474;3.0;0.3
28;2021-02-06;199;128;12903;1602;3.0;0.4
28;2021-02-07;0;0;12903;1602;3.0;0.4
28;2021-02-08;331;250;13234;1852;3.1;0.4
28;2021-02-09;281;347;13515;2199;3.1;0.5
28;2021-02-10;440;402;13955;2601;3.2;0.6
28;2021-02-11;562;489;14517;3090;3.4;0.7
28;2021-02-12;453;434;14970;3524;3.5;0.8
28;2021-02-13;181;193;15151;3717;3.5;0.9
28;2021-02-14;0;2;15151;3719;3.5;0.9
28;2021-02-15;280;476;15431;4195;3.6;1.0
28;2021-02-16;395;711;15826;4906;3.7;1.1
28;2021-02-17;581;1148;16407;6054;3.8;1.4
28;2021-02-18;665;1400;17072;7454;4.0;1.7
28;2021-02-19;546;764;17618;8218;4.1;1.9
28;2021-02-20;114;145;17732;8363;4.1;1.9
28;2021-02-21;7;33;17739;8396;4.1;2.0
28;2021-02-22;224;520;17963;8916;4.2;2.1
28;2021-02-23;203;379;18166;9295;4.2;2.2
28;2021-02-24;244;479;18410;9774;4.3;2.3
28;2021-02-25;574;452;18984;10226;4.4;2.4
28;2021-02-26;764;375;19748;10601;4.6;2.5
28;2021-02-27;265;86;20013;10687;4.7;2.5
28;2021-02-28;23;17;20036;10704;4.7;2.5
28;2021-03-01;291;215;20327;10919;4.7;2.5
28;2021-03-02;397;277;20724;11196;4.8;2.6
28;2021-03-03;369;401;21093;11597;4.9;2.7
28;2021-03-04;718;487;21811;12084;5.1;2.8
28;2021-03-05;1320;415;23131;12499;5.4;2.9
28;2021-03-06;1998;82;25129;12581;5.9;2.9
28;2021-03-07;974;25;26103;12606;6.1;2.9
28;2021-03-08;398;308;26501;12914;6.2;3.0
28;2021-03-09;980;356;27481;13270;6.4;3.1
28;2021-03-10;1356;538;28837;13808;6.7;3.2
28;2021-03-11;1533;696;30370;14504;7.1;3.4
28;2021-03-12;2257;633;32627;15137;7.6;3.5
28;2021-03-13;1235;131;33862;15268;7.9;3.6
28;2021-03-14;518;17;34380;15285;8.0;3.6
28;2021-03-15;756;228;35136;15513;8.2;3.6
28;2021-03-16;714;221;35850;15734;8.3;3.7
28;2021-03-17;747;289;36597;16023;8.5;3.7
28;2021-03-18;1199;278;37796;16301;8.8;3.8
28;2021-03-19;1558;328;39354;16629;9.2;3.9
28;2021-03-20;639;19;39993;16648;9.3;3.9
28;2021-03-21;28;7;40021;16655;9.3;3.9
28;2021-03-22;767;323;40788;16978;9.5;4.0
28;2021-03-23;1025;193;41813;17171;9.7;4.0
28;2021-03-24;1311;276;43124;17447;10.0;4.1
28;2021-03-25;1797;284;44921;17731;10.5;4.1
28;2021-03-26;2082;338;47003;18069;10.9;4.2
28;2021-03-27;402;37;47405;18106;11.0;4.2
28;2021-03-28;12;0;47417;18106;11.0;4.2
28;2021-03-29;1140;350;48557;18456;11.3;4.3
28;2021-03-30;1713;244;50270;18700;11.7;4.4
28;2021-03-31;2016;474;52286;19174;12.2;4.5
28;2021-04-01;1794;584;54080;19758;12.6;4.6
28;2021-04-02;1584;1318;55664;21076;13.0;4.9
28;2021-04-03;607;1072;56271;22148;13.1;5.2
28;2021-04-04;33;302;56304;22450;13.1;5.2
28;2021-04-05;40;3;56344;22453;13.1;5.2
28;2021-04-06;1225;460;57569;22913;13.4;5.3
28;2021-04-07;1892;999;59461;23912;13.8;5.6
28;2021-04-08;2076;1069;61537;24981;14.3;5.8
28;2021-04-09;3235;912;64772;25893;15.1;6.0
28;2021-04-10;1582;193;66354;26086;15.5;6.1
28;2021-04-11;140;452;66494;26538;15.5;6.2
28;2021-04-12;1673;556;68167;27094;15.9;6.3
28;2021-04-13;1875;667;70042;27761;16.3;6.5
28;2021-04-14;2772;899;72814;28660;17.0;6.7
28;2021-04-15;2554;1132;75368;29792;17.6;6.9
28;2021-04-16;2552;798;77920;30590;18.1;7.1
28;2021-04-17;2307;128;80227;30718;18.7;7.2
28;2021-04-18;45;8;80272;30726;18.7;7.2
28;2021-04-19;1578;646;81850;31372;19.1;7.3
28;2021-04-20;1841;587;83691;31959;19.5;7.4
28;2021-04-21;2678;955;86369;32914;20.1;7.7
28;2021-04-22;1782;1206;88151;34120;20.5;7.9
28;2021-04-23;2323;1101;90474;35221;21.1;8.2
28;2021-04-24;3652;129;94126;35350;21.9;8.2
28;2021-04-25;1011;31;95137;35381;22.2;8.2
28;2021-04-26;1331;923;96468;36304;22.5;8.5
28;2021-04-27;1435;1272;97903;37576;22.8;8.8
28;2021-04-28;2369;1819;100272;39395;23.4;9.2
28;2021-04-29;2129;1485;102401;40880;23.8;9.5
28;2021-04-30;2973;1215;105374;42095;24.5;9.8
28;2021-05-01;127;120;105501;42215;24.6;9.8
28;2021-05-02;2;65;105503;42280;24.6;9.8
28;2021-05-03;1046;1016;106549;43296;24.8;10.1
28;2021-05-04;1360;1669;107909;44965;25.1;10.5
28;2021-05-05;2830;1647;110739;46612;25.8;10.9
28;2021-05-06;2456;1471;113195;48083;26.4;11.2
28;2021-05-07;2310;1933;115505;50016;26.9;11.6
28;2021-05-08;1077;115;116582;50131;27.1;11.7
28;2021-05-09;104;610;116686;50741;27.2;11.8
28;2021-05-10;1306;1891;117992;52632;27.5;12.3
28;2021-05-11;2029;2344;120021;54976;27.9;12.8
28;2021-05-12;2620;3229;122641;58205;28.6;13.6
28;2021-05-13;289;452;122930;58657;28.6;13.7
28;2021-05-14;1899;1617;124829;60274;29.1;14.0
28;2021-05-15;1436;1674;126265;61948;29.4;14.4
28;2021-05-16;1987;128;128252;62076;29.9;14.5
28;2021-05-17;2875;1495;131127;63571;30.5;14.8
28;2021-05-18;3379;1377;134506;64948;31.3;15.1
28;2021-05-19;5074;1281;139580;66229;32.5;15.4
28;2021-05-20;4151;1229;143731;67458;33.5;15.7
28;2021-05-21;3466;1578;147197;69036;34.3;16.1
28;2021-05-22;725;1160;147922;70196;34.4;16.3
28;2021-05-23;1957;137;149879;70333;34.9;16.4
28;2021-05-24;1428;394;151307;70727;35.2;16.5
28;2021-05-25;1878;1408;153185;72135;35.7;16.8
28;2021-05-26;2765;1343;155950;73478;36.3;17.1
28;2021-05-27;2755;1229;158705;74707;37.0;17.4
28;2021-05-28;3081;1733;161786;76440;37.7;17.8
28;2021-05-29;1868;873;163654;77313;38.1;18.0
28;2021-05-30;16;47;163670;77360;38.1;18.0
28;2021-05-31;2014;937;165684;78297;38.6;18.2
28;2021-06-01;2133;1663;167817;79960;39.1;18.6
28;2021-06-02;2071;2455;169888;82415;39.6;19.2
28;2021-06-03;2497;1564;172385;83979;40.1;19.6
28;2021-06-04;2610;2359;174995;86338;40.8;20.1
28;2021-06-05;1910;2527;176905;88865;41.2;20.7
28;2021-06-06;1060;1042;177965;89907;41.4;20.9
28;2021-06-07;3573;1571;181538;91478;42.3;21.3
28;2021-06-08;3194;1516;184732;92994;43.0;21.7
28;2021-06-09;3674;2129;188406;95123;43.9;22.2
28;2021-06-10;3140;1263;191546;96386;44.6;22.4
28;2021-06-11;3795;2131;195341;98517;45.5;22.9
28;2021-06-12;1301;561;196642;99078;45.8;23.1
28;2021-06-13;385;107;197027;99185;45.9;23.1
28;2021-06-14;2208;1995;199235;101180;46.4;23.6
28;2021-06-15;2091;2222;201326;103402;46.9;24.1
28;2021-06-16;2509;3981;203835;107383;47.5;25.0
28;2021-06-17;1925;3132;205760;110515;47.9;25.7
28;2021-06-18;2471;3785;208231;114300;48.5;26.6
28;2021-06-19;776;1611;209007;115911;48.7;27.0
28;2021-06-20;23;24;209030;115935;48.7;27.0
28;2021-06-21;1683;1988;210713;117923;49.1;27.5
28;2021-06-22;1368;2108;212081;120031;49.4;28.0
28;2021-06-23;1778;3166;213859;123197;49.8;28.7
28;2021-06-24;733;930;214592;124127;50.0;28.9
28;2021-06-25;1891;3022;216483;127149;50.4;29.6
28;2021-06-26;310;2116;216793;129265;50.5;30.1
28;2021-06-27;588;1284;217381;130549;50.6;30.4
28;2021-06-28;1227;3655;218608;134204;50.9;31.3
28;2021-06-29;1342;3797;219950;138001;51.2;32.1
28;2021-06-30;1492;4252;221442;142253;51.6;33.1
28;2021-07-01;1276;3463;222718;145716;51.9;33.9
28;2021-07-02;1311;4655;224029;150371;52.2;35.0
28;2021-07-03;1131;2370;225160;152741;52.4;35.6
28;2021-07-04;146;1325;225306;154066;52.5;35.9
28;2021-07-05;1361;2510;226667;156576;52.8;36.5
28;2021-07-06;1505;2870;228172;159446;53.1;37.1
28;2021-07-07;1637;4144;229809;163590;53.5;38.1
28;2021-07-08;1464;3236;231273;166826;53.9;38.8
28;2021-07-09;1391;4527;232664;171353;54.2;39.9
28;2021-07-10;526;2210;233190;173563;54.3;40.4
28;2021-07-11;1;1;233191;173564;54.3;40.4
28;2021-07-12;1523;3937;234714;177501;54.7;41.3
28;2021-07-13;2255;4138;236969;181639;55.2;42.3
28;2021-07-14;1328;1394;238297;183033;55.5;42.6
28;2021-07-15;2969;3975;241266;187008;56.2;43.5
28;2021-07-16;2438;4762;243704;191770;56.8;44.7
28;2021-07-17;1264;2425;244968;194195;57.0;45.2
28;2021-07-18;371;941;245339;195136;57.1;45.4
28;2021-07-19;1794;4338;247133;199474;57.5;46.5
28;2021-07-20;2464;4084;249597;203558;58.1;47.4
28;2021-07-21;2955;4279;252552;207837;58.8;48.4
28;2021-07-22;3632;3419;256184;211256;59.7;49.2
28;2021-07-23;2941;3994;259125;215250;60.3;50.1
28;2021-07-24;1692;1468;260817;216718;60.7;50.5
28;2021-07-25;68;60;260885;216778;60.8;50.5
28;2021-07-26;2921;3369;263806;220147;61.4;51.3
28;2021-07-27;3870;2603;267676;222750;62.3;51.9
28;2021-07-28;3937;2715;271613;225465;63.3;52.5
28;2021-07-29;4451;2071;276064;227536;64.3;53.0
28;2021-07-30;3782;2826;279846;230362;65.2;53.6
28;2021-07-31;761;823;280607;231185;65.3;53.8
28;2021-08-01;377;63;280984;231248;65.4;53.9
28;2021-08-02;1783;1509;282767;232757;65.8;54.2
28;2021-08-03;2676;2149;285443;234906;66.5;54.7
29;2020-12-27;0;0;0;0;0.0;0.0
29;2020-12-28;0;0;0;0;0.0;0.0
29;2020-12-29;0;0;0;0;0.0;0.0
29;2020-12-30;0;0;0;0;0.0;0.0
29;2020-12-31;0;0;0;0;0.0;0.0
29;2021-01-01;1;0;1;0;0.0;0.0
29;2021-01-02;0;0;1;0;0.0;0.0
29;2021-01-03;1;0;2;0;0.0;0.0
29;2021-01-04;30;0;32;0;0.0;0.0
29;2021-01-05;31;0;63;0;0.0;0.0
29;2021-01-06;43;0;106;0;0.0;0.0
29;2021-01-07;136;0;242;0;0.0;0.0
29;2021-01-08;408;0;650;0;0.1;0.0
29;2021-01-09;1;0;651;0;0.1;0.0
29;2021-01-10;2;0;653;0;0.1;0.0
29;2021-01-11;666;0;1319;0;0.1;0.0
29;2021-01-12;1120;0;2439;0;0.3;0.0
29;2021-01-13;1097;2;3536;2;0.4;0.0
29;2021-01-14;894;4;4430;6;0.5;0.0
29;2021-01-15;1218;9;5648;15;0.6;0.0
29;2021-01-16;168;1;5816;16;0.6;0.0
29;2021-01-17;112;1;5928;17;0.7;0.0
29;2021-01-18;838;3;6766;20;0.7;0.0
29;2021-01-19;1285;0;8051;20;0.9;0.0
29;2021-01-20;2392;2;10443;22;1.2;0.0
29;2021-01-21;5548;1;15991;23;1.8;0.0
29;2021-01-22;3745;3;19736;26;2.2;0.0
29;2021-01-23;537;0;20273;26;2.2;0.0
29;2021-01-24;200;1;20473;27;2.3;0.0
29;2021-01-25;572;7;21045;34;2.3;0.0
29;2021-01-26;950;34;21995;68;2.4;0.0
29;2021-01-27;1285;54;23280;122;2.6;0.0
29;2021-01-28;799;136;24079;258;2.7;0.0
29;2021-01-29;777;206;24856;464;2.7;0.1
29;2021-01-30;281;4;25137;468;2.8;0.1
29;2021-01-31;80;5;25217;473;2.8;0.1
29;2021-02-01;429;450;25646;923;2.8;0.1
29;2021-02-02;876;825;26522;1748;2.9;0.2
29;2021-02-03;811;894;27333;2642;3.0;0.3
29;2021-02-04;865;642;28198;3284;3.1;0.4
29;2021-02-05;673;585;28871;3869;3.2;0.4
29;2021-02-06;243;102;29114;3971;3.2;0.4
29;2021-02-07;78;105;29192;4076;3.2;0.4
29;2021-02-08;382;448;29574;4524;3.3;0.5
29;2021-02-09;862;853;30436;5377;3.4;0.6
29;2021-02-10;1147;1020;31583;6397;3.5;0.7
29;2021-02-11;1790;4164;33373;10561;3.7;1.2
29;2021-02-12;2313;2505;35686;13066;3.9;1.4
29;2021-02-13;638;414;36324;13480;4.0;1.5
29;2021-02-14;12;229;36336;13709;4.0;1.5
29;2021-02-15;266;948;36602;14657;4.0;1.6
29;2021-02-16;884;1061;37486;15718;4.1;1.7
29;2021-02-17;801;860;38287;16578;4.2;1.8
29;2021-02-18;1529;849;39816;17427;4.4;1.9
29;2021-02-19;1412;1005;41228;18432;4.5;2.0
29;2021-02-20;204;367;41432;18799;4.6;2.1
29;2021-02-21;160;169;41592;18968;4.6;2.1
29;2021-02-22;774;563;42366;19531;4.7;2.2
29;2021-02-23;1270;910;43636;20441;4.8;2.3
29;2021-02-24;1468;838;45104;21279;5.0;2.3
29;2021-02-25;2507;907;47611;22186;5.3;2.4
29;2021-02-26;2672;713;50283;22899;5.5;2.5
29;2021-02-27;1283;280;51566;23179;5.7;2.6
29;2021-02-28;199;72;51765;23251;5.7;2.6
29;2021-03-01;944;484;52709;23735;5.8;2.6
29;2021-03-02;1811;800;54520;24535;6.0;2.7
29;2021-03-03;2089;1018;56609;25553;6.2;2.8
29;2021-03-04;2840;1553;59449;27106;6.6;3.0
29;2021-03-05;3538;1676;62987;28782;6.9;3.2
29;2021-03-06;2000;437;64987;29219;7.2;3.2
29;2021-03-07;412;83;65399;29302;7.2;3.2
29;2021-03-08;1274;590;66673;29892;7.4;3.3
29;2021-03-09;2605;979;69278;30871;7.6;3.4
29;2021-03-10;2426;872;71704;31743;7.9;3.5
29;2021-03-11;4516;1001;76220;32744;8.4;3.6
29;2021-03-12;5267;960;81487;33704;9.0;3.7
29;2021-03-13;2820;404;84307;34108;9.3;3.8
29;2021-03-14;365;3;84672;34111;9.3;3.8
29;2021-03-15;2051;270;86723;34381;9.6;3.8
29;2021-03-16;1821;761;88544;35142;9.8;3.9
29;2021-03-17;1858;722;90402;35864;10.0;4.0
29;2021-03-18;1863;1039;92265;36903;10.2;4.1
29;2021-03-19;3261;881;95526;37784;10.5;4.2
29;2021-03-20;1912;222;97438;38006;10.7;4.2
29;2021-03-21;132;11;97570;38017;10.8;4.2
29;2021-03-22;1645;554;99215;38571;10.9;4.3
29;2021-03-23;3442;1031;102657;39602;11.3;4.4
29;2021-03-24;3775;1025;106432;40627;11.7;4.5
29;2021-03-25;4815;1068;111247;41695;12.3;4.6
29;2021-03-26;5419;1163;116666;42858;12.9;4.7
29;2021-03-27;2428;330;119094;43188;13.1;4.8
29;2021-03-28;198;50;119292;43238;13.2;4.8
29;2021-03-29;2040;822;121332;44060;13.4;4.9
29;2021-03-30;3972;1324;125304;45384;13.8;5.0
29;2021-03-31;3930;1148;129234;46532;14.3;5.1
29;2021-04-01;5018;1143;134252;47675;14.8;5.3
29;2021-04-02;4765;1170;139017;48845;15.3;5.4
29;2021-04-03;2500;537;141517;49382;15.6;5.4
29;2021-04-04;146;30;141663;49412;15.6;5.5
29;2021-04-05;971;331;142634;49743;15.7;5.5
29;2021-04-06;3192;1234;145826;50977;16.1;5.6
29;2021-04-07;3650;939;149476;51916;16.5;5.7
29;2021-04-08;5288;2057;154764;53973;17.1;6.0
29;2021-04-09;6748;1564;161512;55537;17.8;6.1
29;2021-04-10;3496;702;165008;56239;18.2;6.2
29;2021-04-11;120;80;165128;56319;18.2;6.2
29;2021-04-12;3849;1483;168977;57802;18.6;6.4
29;2021-04-13;5860;1749;174837;59551;19.3;6.6
29;2021-04-14;4756;1742;179593;61293;19.8;6.8
29;2021-04-15;7160;1729;186753;63022;20.6;7.0
29;2021-04-16;6703;1348;193456;64370;21.3;7.1
29;2021-04-17;3824;965;197280;65335;21.8;7.2
29;2021-04-18;489;40;197769;65375;21.8;7.2
29;2021-04-19;3878;1462;201647;66837;22.2;7.4
29;2021-04-20;4395;2133;206042;68970;22.7;7.6
29;2021-04-21;4370;2191;210412;71161;23.2;7.8
29;2021-04-22;6644;2852;217056;74013;23.9;8.2
29;2021-04-23;6042;2191;223098;76204;24.6;8.4
29;2021-04-24;4005;1317;227103;77521;25.1;8.6
29;2021-04-25;433;169;227536;77690;25.1;8.6
29;2021-04-26;5261;1873;232797;79563;25.7;8.8
29;2021-04-27;5334;3194;238131;82757;26.3;9.1
29;2021-04-28;5353;2893;243484;85650;26.9;9.4
29;2021-04-29;6586;3345;250070;88995;27.6;9.8
29;2021-04-30;6260;3911;256330;92906;28.3;10.2
29;2021-05-01;1983;978;258313;93884;28.5;10.4
29;2021-05-02;1249;195;259562;94079;28.6;10.4
29;2021-05-03;4536;2287;264098;96366;29.1;10.6
29;2021-05-04;4112;3737;268210;100103;29.6;11.0
29;2021-05-05;4515;3406;272725;103509;30.1;11.4
29;2021-05-06;6232;3711;278957;107220;30.8;11.8
29;2021-05-07;5981;4617;284938;111837;31.4;12.3
29;2021-05-08;2092;566;287030;112403;31.7;12.4
29;2021-05-09;1724;137;288754;112540;31.9;12.4
29;2021-05-10;4762;3768;293516;116308;32.4;12.8
29;2021-05-11;4714;4998;298230;121306;32.9;13.4
29;2021-05-12;5024;4379;303254;125685;33.5;13.9
29;2021-05-13;3439;1502;306693;127187;33.8;14.0
29;2021-05-14;5649;4002;312342;131189;34.5;14.5
29;2021-05-15;4044;2316;316386;133505;34.9;14.7
29;2021-05-16;1587;293;317973;133798;35.1;14.8
29;2021-05-17;5562;3133;323535;136931;35.7;15.1
29;2021-05-18;5734;3094;329269;140025;36.3;15.4
29;2021-05-19;6202;2966;335471;142991;37.0;15.8
29;2021-05-20;7174;4564;342645;147555;37.8;16.3
29;2021-05-21;7214;3812;349859;151367;38.6;16.7
29;2021-05-22;5335;2130;355194;153497;39.2;16.9
29;2021-05-23;1630;65;356824;153562;39.4;16.9
29;2021-05-24;3486;533;360310;154095;39.7;17.0
29;2021-05-25;5827;3036;366137;157131;40.4;17.3
29;2021-05-26;5890;2996;372027;160127;41.0;17.7
29;2021-05-27;6825;3986;378852;164113;41.8;18.1
29;2021-05-28;6539;4451;385391;168564;42.5;18.6
29;2021-05-29;4383;2803;389774;171367;43.0;18.9
29;2021-05-30;1115;361;390889;171728;43.1;18.9
29;2021-05-31;6386;3455;397275;175183;43.8;19.3
29;2021-06-01;6603;4351;403878;179534;44.6;19.8
29;2021-06-02;6160;4130;410038;183664;45.2;20.3
29;2021-06-03;7695;4520;417733;188184;46.1;20.8
29;2021-06-04;6812;6164;424545;194348;46.8;21.4
29;2021-06-05;5350;3035;429895;197383;47.4;21.8
29;2021-06-06;1284;538;431179;197921;47.6;21.8
29;2021-06-07;4659;5563;435838;203484;48.1;22.4
29;2021-06-08;7170;5209;443008;208693;48.9;23.0
29;2021-06-09;6409;4752;449417;213445;49.6;23.5
29;2021-06-10;7777;5064;457194;218509;50.4;24.1
29;2021-06-11;8476;5875;465670;224384;51.4;24.8
29;2021-06-12;6568;2808;472238;227192;52.1;25.1
29;2021-06-13;2352;1371;474590;228563;52.4;25.2
29;2021-06-14;4031;6303;478621;234866;52.8;25.9
29;2021-06-15;5472;6170;484093;241036;53.4;26.6
29;2021-06-16;5558;5629;489651;246665;54.0;27.2
29;2021-06-17;6359;6301;496010;252966;54.7;27.9
29;2021-06-18;6113;7489;502123;260455;55.4;28.7
29;2021-06-19;4623;3527;506746;263982;55.9;29.1
29;2021-06-20;888;1454;507634;265436;56.0;29.3
29;2021-06-21;3755;6495;511389;271931;56.4;30.0
29;2021-06-22;4489;6422;515878;278353;56.9;30.7
29;2021-06-23;4657;6129;520535;284482;57.4;31.4
29;2021-06-24;4789;6743;525324;291225;57.9;32.1
29;2021-06-25;3592;7529;528916;298754;58.3;33.0
29;2021-06-26;2120;4094;531036;302848;58.6;33.4
29;2021-06-27;965;1632;532001;304480;58.7;33.6
29;2021-06-28;2824;6866;534825;311346;59.0;34.3
29;2021-06-29;2783;7728;537608;319074;59.3;35.2
29;2021-06-30;3022;7514;540630;326588;59.6;36.0
29;2021-07-01;3743;8421;544373;335009;60.0;37.0
29;2021-07-02;3596;9673;547969;344682;60.4;38.0
29;2021-07-03;2318;6061;550287;350743;60.7;38.7
29;2021-07-04;808;1770;551095;352513;60.8;38.9
29;2021-07-05;1902;7165;552997;359678;61.0;39.7
29;2021-07-06;1525;8019;554522;367697;61.2;40.6
29;2021-07-07;1689;7048;556211;374745;61.4;41.3
29;2021-07-08;2424;8218;558635;382963;61.6;42.2
29;2021-07-09;2556;9090;561191;392053;61.9;43.2
29;2021-07-10;1908;6111;563099;398164;62.1;43.9
29;2021-07-11;443;1065;563542;399229;62.2;44.0
29;2021-07-12;1959;8387;565501;407616;62.4;45.0
29;2021-07-13;2722;8657;568223;416273;62.7;45.9
29;2021-07-14;2064;3365;570287;419638;62.9;46.3
29;2021-07-15;3811;9733;574098;429371;63.3;47.4
29;2021-07-16;4566;9198;578664;438569;63.8;48.4
29;2021-07-17;3209;6113;581873;444682;64.2;49.1
29;2021-07-18;660;1078;582533;445760;64.3;49.2
29;2021-07-19;3122;7558;585655;453318;64.6;50.0
29;2021-07-20;3510;9443;589165;462761;65.0;51.0
29;2021-07-21;3617;7729;592782;470490;65.4;51.9
29;2021-07-22;3376;8541;596158;479031;65.8;52.8
29;2021-07-23;4011;10715;600169;489746;66.2;54.0
29;2021-07-24;2519;5954;602688;495700;66.5;54.7
29;2021-07-25;649;2363;603337;498063;66.6;54.9
29;2021-07-26;3351;7278;606688;505341;66.9;55.7
29;2021-07-27;3682;7111;610370;512452;67.3;56.5
29;2021-07-28;4169;6033;614539;518485;67.8;57.2
29;2021-07-29;5622;6347;620161;524832;68.4;57.9
29;2021-07-30;5359;6516;625520;531348;69.0;58.6
29;2021-07-31;2912;4924;628432;536272;69.3;59.2
29;2021-08-01;649;922;629081;537194;69.4;59.3
29;2021-08-02;4266;5213;633347;542407;69.9;59.8
29;2021-08-03;5445;4401;638792;546808;70.5;60.3
2A;2020-12-27;0;0;0;0;0.0;0.0
2A;2020-12-28;0;0;0;0;0.0;0.0
2A;2020-12-29;0;0;0;0;0.0;0.0
2A;2020-12-30;0;0;0;0;0.0;0.0
2A;2020-12-31;0;0;0;0;0.0;0.0
2A;2021-01-01;0;0;0;0;0.0;0.0
2A;2021-01-02;0;0;0;0;0.0;0.0
2A;2021-01-03;0;0;0;0;0.0;0.0
2A;2021-01-04;0;0;0;0;0.0;0.0
2A;2021-01-05;0;0;0;0;0.0;0.0
2A;2021-01-06;5;0;5;0;0.0;0.0
2A;2021-01-07;122;1;127;1;0.1;0.0
2A;2021-01-08;113;0;240;1;0.1;0.0
2A;2021-01-09;39;0;279;1;0.2;0.0
2A;2021-01-10;33;0;312;1;0.2;0.0
2A;2021-01-11;76;0;388;1;0.2;0.0
2A;2021-01-12;85;0;473;1;0.3;0.0
2A;2021-01-13;111;0;584;1;0.4;0.0
2A;2021-01-14;192;1;776;2;0.5;0.0
2A;2021-01-15;149;0;925;2;0.6;0.0
2A;2021-01-16;157;1;1082;3;0.7;0.0
2A;2021-01-17;84;1;1166;4;0.7;0.0
2A;2021-01-18;200;2;1366;6;0.8;0.0
2A;2021-01-19;486;0;1852;6;1.1;0.0
2A;2021-01-20;352;0;2204;6;1.4;0.0
2A;2021-01-21;451;1;2655;7;1.6;0.0
2A;2021-01-22;367;0;3022;7;1.9;0.0
2A;2021-01-23;183;0;3205;7;2.0;0.0
2A;2021-01-24;118;1;3323;8;2.0;0.0
2A;2021-01-25;213;0;3536;8;2.2;0.0
2A;2021-01-26;402;6;3938;14;2.4;0.0
2A;2021-01-27;324;5;4262;19;2.6;0.0
2A;2021-01-28;335;80;4597;99;2.8;0.1
2A;2021-01-29;341;65;4938;164;3.0;0.1
2A;2021-01-30;124;40;5062;204;3.1;0.1
2A;2021-01-31;92;12;5154;216;3.2;0.1
2A;2021-02-01;229;53;5383;269;3.3;0.2
2A;2021-02-02;287;118;5670;387;3.5;0.2
2A;2021-02-03;265;74;5935;461;3.7;0.3
2A;2021-02-04;256;121;6191;582;3.8;0.4
2A;2021-02-05;267;107;6458;689;4.0;0.4
2A;2021-02-06;121;60;6579;749;4.1;0.5
2A;2021-02-07;67;58;6646;807;4.1;0.5
2A;2021-02-08;91;209;6737;1016;4.1;0.6
2A;2021-02-09;127;301;6864;1317;4.2;0.8
2A;2021-02-10;158;236;7022;1553;4.3;1.0
2A;2021-02-11;296;369;7318;1922;4.5;1.2
2A;2021-02-12;345;305;7663;2227;4.7;1.4
2A;2021-02-13;224;59;7887;2286;4.9;1.4
2A;2021-02-14;133;77;8020;2363;4.9;1.5
2A;2021-02-15;190;182;8210;2545;5.1;1.6
2A;2021-02-16;380;320;8590;2865;5.3;1.8
2A;2021-02-17;283;166;8873;3031;5.5;1.9
2A;2021-02-18;334;199;9207;3230;5.7;2.0
2A;2021-02-19;146;300;9353;3530;5.8;2.2
2A;2021-02-20;243;138;9596;3668;5.9;2.3
2A;2021-02-21;58;55;9654;3723;5.9;2.3
2A;2021-02-22;77;215;9731;3938;6.0;2.4
2A;2021-02-23;122;290;9853;4228;6.1;2.6
2A;2021-02-24;71;297;9924;4525;6.1;2.8
2A;2021-02-25;105;266;10029;4791;6.2;2.9
2A;2021-02-26;123;273;10152;5064;6.3;3.1
2A;2021-02-27;308;69;10460;5133;6.4;3.2
2A;2021-02-28;69;66;10529;5199;6.5;3.2
2A;2021-03-01;116;152;10645;5351;6.6;3.3
2A;2021-03-02;197;266;10842;5617;6.7;3.5
2A;2021-03-03;239;256;11081;5873;6.8;3.6
2A;2021-03-04;507;228;11588;6101;7.1;3.8
2A;2021-03-05;971;288;12559;6389;7.7;3.9
2A;2021-03-06;1164;75;13723;6464;8.4;4.0
2A;2021-03-07;1021;45;14744;6509;9.1;4.0
2A;2021-03-08;931;87;15675;6596;9.7;4.1
2A;2021-03-09;936;151;16611;6747;10.2;4.2
2A;2021-03-10;629;136;17240;6883;10.6;4.2
2A;2021-03-11;723;281;17963;7164;11.1;4.4
2A;2021-03-12;560;318;18523;7482;11.4;4.6
2A;2021-03-13;612;198;19135;7680;11.8;4.7
2A;2021-03-14;311;126;19446;7806;12.0;4.8
2A;2021-03-15;374;202;19820;8008;12.2;4.9
2A;2021-03-16;495;368;20315;8376;12.5;5.2
2A;2021-03-17;699;273;21014;8649;12.9;5.3
2A;2021-03-18;446;305;21460;8954;13.2;5.5
2A;2021-03-19;484;156;21944;9110;13.5;5.6
2A;2021-03-20;1078;261;23022;9371;14.2;5.8
2A;2021-03-21;696;53;23718;9424;14.6;5.8
2A;2021-03-22;345;67;24063;9491;14.8;5.8
2A;2021-03-23;517;57;24580;9548;15.1;5.9
2A;2021-03-24;862;91;25442;9639;15.7;5.9
2A;2021-03-25;930;139;26372;9778;16.2;6.0
2A;2021-03-26;1075;163;27447;9941;16.9;6.1
2A;2021-03-27;1188;199;28635;10140;17.6;6.2
2A;2021-03-28;241;99;28876;10239;17.8;6.3
2A;2021-03-29;282;138;29158;10377;18.0;6.4
2A;2021-03-30;382;235;29540;10612;18.2;6.5
2A;2021-03-31;446;226;29986;10838;18.5;6.7
2A;2021-04-01;637;452;30623;11290;18.9;7.0
2A;2021-04-02;902;783;31525;12073;19.4;7.4
2A;2021-04-03;646;982;32171;13055;19.8;8.0
2A;2021-04-04;578;784;32749;13839;20.2;8.5
2A;2021-04-05;524;698;33273;14537;20.5;9.0
2A;2021-04-06;550;557;33823;15094;20.8;9.3
2A;2021-04-07;786;423;34609;15517;21.3;9.6
2A;2021-04-08;1049;355;35658;15872;22.0;9.8
2A;2021-04-09;934;394;36592;16266;22.5;10.0
2A;2021-04-10;1056;380;37648;16646;23.2;10.2
2A;2021-04-11;362;256;38010;16902;23.4;10.4
2A;2021-04-12;668;342;38678;17244;23.8;10.6
2A;2021-04-13;327;379;39005;17623;24.0;10.9
2A;2021-04-14;1046;587;40051;18210;24.7;11.2
2A;2021-04-15;1040;524;41091;18734;25.3;11.5
2A;2021-04-16;871;395;41962;19129;25.8;11.8
2A;2021-04-17;1366;938;43328;20067;26.7;12.4
2A;2021-04-18;982;943;44310;21010;27.3;12.9
2A;2021-04-19;269;343;44579;21353;27.4;13.1
2A;2021-04-20;353;344;44932;21697;27.7;13.4
2A;2021-04-21;730;733;45662;22430;28.1;13.8
2A;2021-04-22;895;649;46557;23079;28.7;14.2
2A;2021-04-23;987;776;47544;23855;29.3;14.7
2A;2021-04-24;1748;978;49292;24833;30.3;15.3
2A;2021-04-25;977;304;50269;25137;30.9;15.5
2A;2021-04-26;307;227;50576;25364;31.1;15.6
2A;2021-04-27;344;349;50920;25713;31.4;15.8
2A;2021-04-28;1669;423;52589;26136;32.4;16.1
2A;2021-04-29;1054;359;53643;26495;33.0;16.3
2A;2021-04-30;1131;1058;54774;27553;33.7;17.0
2A;2021-05-01;970;576;55744;28129;34.3;17.3
2A;2021-05-02;675;706;56419;28835;34.7;17.8
2A;2021-05-03;582;576;57001;29411;35.1;18.1
2A;2021-05-04;751;535;57752;29946;35.6;18.4
2A;2021-05-05;1008;982;58760;30928;36.2;19.0
2A;2021-05-06;906;911;59666;31839;36.7;19.6
2A;2021-05-07;1155;835;60821;32674;37.4;20.1
2A;2021-05-08;422;500;61243;33174;37.7;20.4
2A;2021-05-09;783;638;62026;33812;38.2;20.8
2A;2021-05-10;453;740;62479;34552;38.5;21.3
2A;2021-05-11;651;415;63130;34967;38.9;21.5
2A;2021-05-12;919;488;64049;35455;39.4;21.8
2A;2021-05-13;919;138;64968;35593;40.0;21.9
2A;2021-05-14;797;682;65765;36275;40.5;22.3
2A;2021-05-15;781;647;66546;36922;41.0;22.7
2A;2021-05-16;737;499;67283;37421;41.4;23.0
2A;2021-05-17;583;561;67866;37982;41.8;23.4
2A;2021-05-18;616;476;68482;38458;42.2;23.7
2A;2021-05-19;788;481;69270;38939;42.6;24.0
2A;2021-05-20;692;540;69962;39479;43.1;24.3
2A;2021-05-21;535;481;70497;39960;43.4;24.6
2A;2021-05-22;442;309;70939;40269;43.7;24.8
2A;2021-05-23;533;284;71472;40553;44.0;25.0
2A;2021-05-24;125;33;71597;40586;44.1;25.0
2A;2021-05-25;415;503;72012;41089;44.3;25.3
2A;2021-05-26;426;1166;72438;42255;44.6;26.0
2A;2021-05-27;435;1112;72873;43367;44.9;26.7
2A;2021-05-28;297;915;73170;44282;45.0;27.3
2A;2021-05-29;336;900;73506;45182;45.3;27.8
2A;2021-05-30;182;506;73688;45688;45.4;28.1
2A;2021-05-31;189;413;73877;46101;45.5;28.4
2A;2021-06-01;337;729;74214;46830;45.7;28.8
2A;2021-06-02;282;939;74496;47769;45.9;29.4
2A;2021-06-03;304;848;74800;48617;46.1;29.9
2A;2021-06-04;272;1093;75072;49710;46.2;30.6
2A;2021-06-05;319;1443;75391;51153;46.4;31.5
2A;2021-06-06;173;910;75564;52063;46.5;32.1
2A;2021-06-07;170;661;75734;52724;46.6;32.5
2A;2021-06-08;321;705;76055;53429;46.8;32.9
2A;2021-06-09;297;1318;76352;54747;47.0;33.7
2A;2021-06-10;329;856;76681;55603;47.2;34.2
2A;2021-06-11;278;1021;76959;56624;47.4;34.9
2A;2021-06-12;228;663;77187;57287;47.5;35.3
2A;2021-06-13;188;797;77375;58084;47.6;35.8
2A;2021-06-14;250;921;77625;59005;47.8;36.3
2A;2021-06-15;217;507;77842;59512;47.9;36.6
2A;2021-06-16;209;776;78051;60288;48.1;37.1
2A;2021-06-17;233;592;78284;60880;48.2;37.5
2A;2021-06-18;244;914;78528;61794;48.3;38.0
2A;2021-06-19;207;690;78735;62484;48.5;38.5
2A;2021-06-20;149;692;78884;63176;48.6;38.9
2A;2021-06-21;179;791;79063;63967;48.7;39.4
2A;2021-06-22;235;842;79298;64809;48.8;39.9
2A;2021-06-23;215;567;79513;65376;49.0;40.3
2A;2021-06-24;147;371;79660;65747;49.0;40.5
2A;2021-06-25;167;473;79827;66220;49.1;40.8
2A;2021-06-26;202;872;80029;67092;49.3;41.3
2A;2021-06-27;173;794;80202;67886;49.4;41.8
2A;2021-06-28;193;704;80395;68590;49.5;42.2
2A;2021-06-29;211;688;80606;69278;49.6;42.7
2A;2021-06-30;240;493;80846;69771;49.8;43.0
2A;2021-07-01;207;485;81053;70256;49.9;43.3
2A;2021-07-02;178;370;81231;70626;50.0;43.5
2A;2021-07-03;208;618;81439;71244;50.1;43.9
2A;2021-07-04;173;664;81612;71908;50.2;44.3
2A;2021-07-05;161;235;81773;72143;50.3;44.4
2A;2021-07-06;248;389;82021;72532;50.5;44.7
2A;2021-07-07;427;610;82448;73142;50.8;45.0
2A;2021-07-08;586;702;83034;73844;51.1;45.5
2A;2021-07-09;373;425;83407;74269;51.4;45.7
2A;2021-07-10;281;345;83688;74614;51.5;45.9
2A;2021-07-11;91;163;83779;74777;51.6;46.0
2A;2021-07-12;307;348;84086;75125;51.8;46.3
2A;2021-07-13;1175;529;85261;75654;52.5;46.6
2A;2021-07-14;1606;316;86867;75970;53.5;46.8
2A;2021-07-15;1415;826;88282;76796;54.4;47.3
2A;2021-07-16;1157;463;89439;77259;55.1;47.6
2A;2021-07-17;1094;336;90533;77595;55.7;47.8
2A;2021-07-18;632;133;91165;77728;56.1;47.9
2A;2021-07-19;911;429;92076;78157;56.7;48.1
2A;2021-07-20;1257;468;93333;78625;57.5;48.4
2A;2021-07-21;1421;707;94754;79332;58.3;48.8
2A;2021-07-22;1375;758;96129;80090;59.2;49.3
2A;2021-07-23;1424;455;97553;80545;60.1;49.6
2A;2021-07-24;872;288;98425;80833;60.6;49.8
2A;2021-07-25;446;68;98871;80901;60.9;49.8
2A;2021-07-26;1143;493;100014;81394;61.6;50.1
2A;2021-07-27;1253;504;101267;81898;62.3;50.4
2A;2021-07-28;1195;582;102462;82480;63.1;50.8
2A;2021-07-29;1205;648;103667;83128;63.8;51.2
2A;2021-07-30;919;600;104586;83728;64.4;51.5
2A;2021-07-31;501;335;105087;84063;64.7;51.8
2A;2021-08-01;545;115;105632;84178;65.0;51.8
2A;2021-08-02;439;487;106071;84665;65.3;52.1
2A;2021-08-03;789;878;106860;85543;65.8;52.7
2B;2020-12-27;0;0;0;0;0.0;0.0
2B;2020-12-28;0;0;0;0;0.0;0.0
2B;2020-12-29;0;0;0;0;0.0;0.0
2B;2020-12-30;0;0;0;0;0.0;0.0
2B;2020-12-31;0;0;0;0;0.0;0.0
2B;2021-01-01;0;0;0;0;0.0;0.0
2B;2021-01-02;0;0;0;0;0.0;0.0
2B;2021-01-03;0;0;0;0;0.0;0.0
2B;2021-01-04;2;0;2;0;0.0;0.0
2B;2021-01-05;0;0;2;0;0.0;0.0
2B;2021-01-06;48;1;50;1;0.0;0.0
2B;2021-01-07;210;0;260;1;0.1;0.0
2B;2021-01-08;196;0;456;1;0.3;0.0
2B;2021-01-09;39;0;495;1;0.3;0.0
2B;2021-01-10;1;0;496;1;0.3;0.0
2B;2021-01-11;75;0;571;1;0.3;0.0
2B;2021-01-12;128;1;699;2;0.4;0.0
2B;2021-01-13;93;0;792;2;0.4;0.0
2B;2021-01-14;72;0;864;2;0.5;0.0
2B;2021-01-15;258;0;1122;2;0.6;0.0
2B;2021-01-16;43;0;1165;2;0.6;0.0
2B;2021-01-17;8;0;1173;2;0.6;0.0
2B;2021-01-18;271;0;1444;2;0.8;0.0
2B;2021-01-19;499;0;1943;2;1.1;0.0
2B;2021-01-20;461;2;2404;4;1.3;0.0
2B;2021-01-21;357;0;2761;4;1.5;0.0
2B;2021-01-22;370;0;3131;4;1.7;0.0
2B;2021-01-23;60;0;3191;4;1.8;0.0
2B;2021-01-24;29;0;3220;4;1.8;0.0
2B;2021-01-25;210;2;3430;6;1.9;0.0
2B;2021-01-26;388;1;3818;7;2.1;0.0
2B;2021-01-27;342;50;4160;57;2.3;0.0
2B;2021-01-28;365;148;4525;205;2.5;0.1
2B;2021-01-29;288;164;4813;369;2.6;0.2
2B;2021-01-30;80;33;4893;402;2.7;0.2
2B;2021-01-31;60;0;4953;402;2.7;0.2
2B;2021-02-01;229;94;5182;496;2.8;0.3
2B;2021-02-02;357;78;5539;574;3.0;0.3
2B;2021-02-03;519;92;6058;666;3.3;0.4
2B;2021-02-04;458;176;6516;842;3.6;0.5
2B;2021-02-05;393;95;6909;937;3.8;0.5
2B;2021-02-06;87;14;6996;951;3.8;0.5
2B;2021-02-07;59;0;7055;951;3.9;0.5
2B;2021-02-08;230;157;7285;1108;4.0;0.6
2B;2021-02-09;586;314;7871;1422;4.3;0.8
2B;2021-02-10;485;195;8356;1617;4.6;0.9
2B;2021-02-11;382;128;8738;1745;4.8;1.0
2B;2021-02-12;299;125;9037;1870;5.0;1.0
2B;2021-02-13;77;13;9114;1883;5.0;1.0
2B;2021-02-14;62;1;9176;1884;5.0;1.0
2B;2021-02-15;190;128;9366;2012;5.1;1.1
2B;2021-02-16;253;285;9619;2297;5.3;1.3
2B;2021-02-17;312;317;9931;2614;5.4;1.4
2B;2021-02-18;215;347;10146;2961;5.6;1.6
2B;2021-02-19;164;308;10310;3269;5.7;1.8
2B;2021-02-20;32;63;10342;3332;5.7;1.8
2B;2021-02-21;27;29;10369;3361;5.7;1.8
2B;2021-02-22;133;190;10502;3551;5.8;1.9
2B;2021-02-23;230;359;10732;3910;5.9;2.1
2B;2021-02-24;228;312;10960;4222;6.0;2.3
2B;2021-02-25;245;341;11205;4563;6.1;2.5
2B;2021-02-26;299;283;11504;4846;6.3;2.7
2B;2021-02-27;60;84;11564;4930;6.3;2.7
2B;2021-02-28;1;57;11565;4987;6.3;2.7
2B;2021-03-01;246;261;11811;5248;6.5;2.9
2B;2021-03-02;351;390;12162;5638;6.7;3.1
2B;2021-03-03;297;437;12459;6075;6.8;3.3
2B;2021-03-04;447;409;12906;6484;7.1;3.6
2B;2021-03-05;618;386;13524;6870;7.4;3.8
2B;2021-03-06;682;98;14206;6968;7.8;3.8
2B;2021-03-07;361;59;14567;7027;8.0;3.9
2B;2021-03-08;301;239;14868;7266;8.2;4.0
2B;2021-03-09;383;506;15251;7772;8.4;4.3
2B;2021-03-10;630;447;15881;8219;8.7;4.5
2B;2021-03-11;584;355;16465;8574;9.0;4.7
2B;2021-03-12;965;226;17430;8800;9.6;4.8
2B;2021-03-13;510;110;17940;8910;9.8;4.9
2B;2021-03-14;226;61;18166;8971;10.0;4.9
2B;2021-03-15;514;200;18680;9171;10.2;5.0
2B;2021-03-16;570;277;19250;9448;10.6;5.2
2B;2021-03-17;529;264;19779;9712;10.9;5.3
2B;2021-03-18;550;228;20329;9940;11.2;5.5
2B;2021-03-19;804;194;21133;10134;11.6;5.6
2B;2021-03-20;655;36;21788;10170;12.0;5.6
2B;2021-03-21;429;35;22217;10205;12.2;5.6
2B;2021-03-22;546;124;22763;10329;12.5;5.7
2B;2021-03-23;788;264;23551;10593;12.9;5.8
2B;2021-03-24;831;218;24382;10811;13.4;5.9
2B;2021-03-25;824;165;25206;10976;13.8;6.0
2B;2021-03-26;958;192;26164;11168;14.4;6.1
2B;2021-03-27;1089;36;27253;11204;15.0;6.1
2B;2021-03-28;830;123;28083;11327;15.4;6.2
2B;2021-03-29;745;180;28828;11507;15.8;6.3
2B;2021-03-30;970;323;29798;11830;16.3;6.5
2B;2021-03-31;981;265;30779;12095;16.9;6.6
2B;2021-04-01;1001;231;31780;12326;17.4;6.8
2B;2021-04-02;964;414;32744;12740;18.0;7.0
2B;2021-04-03;1246;151;33990;12891;18.6;7.1
2B;2021-04-04;196;60;34186;12951;18.8;7.1
2B;2021-04-05;108;113;34294;13064;18.8;7.2
2B;2021-04-06;1033;361;35327;13425;19.4;7.4
2B;2021-04-07;1230;430;36557;13855;20.1;7.6
2B;2021-04-08;1127;410;37684;14265;20.7;7.8
2B;2021-04-09;1168;566;38852;14831;21.3;8.1
2B;2021-04-10;1351;262;40203;15093;22.1;8.3
2B;2021-04-11;812;65;41015;15158;22.5;8.3
2B;2021-04-12;852;561;41867;15719;23.0;8.6
2B;2021-04-13;1061;631;42928;16350;23.6;9.0
2B;2021-04-14;1044;493;43972;16843;24.1;9.2
2B;2021-04-15;885;517;44857;17360;24.6;9.5
2B;2021-04-16;911;650;45768;18010;25.1;9.9
2B;2021-04-17;386;446;46154;18456;25.3;10.1
2B;2021-04-18;252;340;46406;18796;25.5;10.3
2B;2021-04-19;822;438;47228;19234;25.9;10.6
2B;2021-04-20;898;848;48126;20082;26.4;11.0
2B;2021-04-21;1055;608;49181;20690;27.0;11.4
2B;2021-04-22;937;732;50118;21422;27.5;11.8
2B;2021-04-23;661;629;50779;22051;27.9;12.1
2B;2021-04-24;287;772;51066;22823;28.0;12.5
2B;2021-04-25;285;477;51351;23300;28.2;12.8
2B;2021-04-26;708;920;52059;24220;28.6;13.3
2B;2021-04-27;965;875;53024;25095;29.1;13.8
2B;2021-04-28;918;861;53942;25956;29.6;14.2
2B;2021-04-29;921;868;54863;26824;30.1;14.7
2B;2021-04-30;1132;831;55995;27655;30.7;15.2
2B;2021-05-01;459;1115;56454;28770;31.0;15.8
2B;2021-05-02;336;245;56790;29015;31.2;15.9
2B;2021-05-03;1019;495;57809;29510;31.7;16.2
2B;2021-05-04;809;1152;58618;30662;32.2;16.8
2B;2021-05-05;804;1375;59422;32037;32.6;17.6
2B;2021-05-06;1288;904;60710;32941;33.3;18.1
2B;2021-05-07;1063;987;61773;33928;33.9;18.6
2B;2021-05-08;459;855;62232;34783;34.1;19.1
2B;2021-05-09;394;683;62626;35466;34.4;19.5
2B;2021-05-10;926;797;63552;36263;34.9;19.9
2B;2021-05-11;933;1161;64485;37424;35.4;20.5
2B;2021-05-12;857;891;65342;38315;35.9;21.0
2B;2021-05-13;1026;376;66368;38691;36.4;21.2
2B;2021-05-14;718;579;67086;39270;36.8;21.5
2B;2021-05-15;702;353;67788;39623;37.2;21.7
2B;2021-05-16;299;180;68087;39803;37.4;21.8
2B;2021-05-17;1003;406;69090;40209;37.9;22.1
2B;2021-05-18;991;383;70081;40592;38.5;22.3
2B;2021-05-19;771;416;70852;41008;38.9;22.5
2B;2021-05-20;670;359;71522;41367;39.2;22.7
2B;2021-05-21;705;502;72227;41869;39.6;23.0
2B;2021-05-22;573;391;72800;42260;39.9;23.2
2B;2021-05-23;168;46;72968;42306;40.0;23.2
2B;2021-05-24;40;115;73008;42421;40.1;23.3
2B;2021-05-25;548;353;73556;42774;40.4;23.5
2B;2021-05-26;544;789;74100;43563;40.7;23.9
2B;2021-05-27;407;1131;74507;44694;40.9;24.5
2B;2021-05-28;554;906;75061;45600;41.2;25.0
2B;2021-05-29;312;352;75373;45952;41.4;25.2
2B;2021-05-30;46;45;75419;45997;41.4;25.2
2B;2021-05-31;376;832;75795;46829;41.6;25.7
2B;2021-06-01;414;1039;76209;47868;41.8;26.3
2B;2021-06-02;364;991;76573;48859;42.0;26.8
2B;2021-06-03;498;808;77071;49667;42.3;27.3
2B;2021-06-04;343;1255;77414;50922;42.5;27.9
2B;2021-06-05;258;494;77672;51416;42.6;28.2
2B;2021-06-06;51;129;77723;51545;42.6;28.3
2B;2021-06-07;280;948;78003;52493;42.8;28.8
2B;2021-06-08;398;1169;78401;53662;43.0;29.4
2B;2021-06-09;518;1178;78919;54840;43.3;30.1
2B;2021-06-10;367;939;79286;55779;43.5;30.6
2B;2021-06-11;432;1274;79718;57053;43.7;31.3
2B;2021-06-12;151;545;79869;57598;43.8;31.6
2B;2021-06-13;25;59;79894;57657;43.8;31.6
2B;2021-06-14;195;1116;80089;58773;43.9;32.2
2B;2021-06-15;345;1220;80434;59993;44.1;32.9
2B;2021-06-16;380;937;80814;60930;44.3;33.4
2B;2021-06-17;399;1047;81213;61977;44.6;34.0
2B;2021-06-18;346;959;81559;62936;44.7;34.5
2B;2021-06-19;142;328;81701;63264;44.8;34.7
2B;2021-06-20;44;194;81745;63458;44.9;34.8
2B;2021-06-21;264;961;82009;64419;45.0;35.3
2B;2021-06-22;314;1111;82323;65530;45.2;36.0
2B;2021-06-23;209;872;82532;66402;45.3;36.4
2B;2021-06-24;334;756;82866;67158;45.5;36.8
2B;2021-06-25;212;1076;83078;68234;45.6;37.4
2B;2021-06-26;105;552;83183;68786;45.6;37.7
2B;2021-06-27;32;215;83215;69001;45.7;37.9
2B;2021-06-28;328;952;83543;69953;45.8;38.4
2B;2021-06-29;269;987;83812;70940;46.0;38.9
2B;2021-06-30;377;948;84189;71888;46.2;39.4
2B;2021-07-01;225;508;84414;72396;46.3;39.7
2B;2021-07-02;212;559;84626;72955;46.4;40.0
2B;2021-07-03;90;396;84716;73351;46.5;40.2
2B;2021-07-04;2;0;84718;73351;46.5;40.2
2B;2021-07-05;265;663;84983;74014;46.6;40.6
2B;2021-07-06;447;708;85430;74722;46.9;41.0
2B;2021-07-07;373;907;85803;75629;47.1;41.5
2B;2021-07-08;181;347;85984;75976;47.2;41.7
2B;2021-07-09;244;372;86228;76348;47.3;41.9
2B;2021-07-10;194;198;86422;76546;47.4;42.0
2B;2021-07-11;13;14;86435;76560;47.4;42.0
2B;2021-07-12;492;740;86927;77300;47.7;42.4
2B;2021-07-13;818;1011;87745;78311;48.1;43.0
2B;2021-07-14;337;97;88082;78408;48.3;43.0
2B;2021-07-15;1248;577;89330;78985;49.0;43.3
2B;2021-07-16;1105;554;90435;79539;49.6;43.6
2B;2021-07-17;707;312;91142;79851;50.0;43.8
2B;2021-07-18;179;46;91321;79897;50.1;43.8
2B;2021-07-19;839;696;92160;80593;50.6;44.2
2B;2021-07-20;1196;678;93356;81271;51.2;44.6
2B;2021-07-21;1376;717;94732;81988;52.0;45.0
2B;2021-07-22;1316;597;96048;82585;52.7;45.3
2B;2021-07-23;1311;493;97359;83078;53.4;45.6
2B;2021-07-24;529;315;97888;83393;53.7;45.8
2B;2021-07-25;203;71;98091;83464;53.8;45.8
2B;2021-07-26;911;630;99002;84094;54.3;46.1
2B;2021-07-27;1563;696;100565;84790;55.2;46.5
2B;2021-07-28;1158;620;101723;85410;55.8;46.9
2B;2021-07-29;1122;439;102845;85849;56.4;47.1
2B;2021-07-30;714;332;103559;86181;56.8;47.3
2B;2021-07-31;533;228;104092;86409;57.1;47.4
2B;2021-08-01;229;56;104321;86465;57.2;47.4
2B;2021-08-02;770;462;105091;86927;57.7;47.7
2B;2021-08-03;1113;771;106204;87698;58.3;48.1
30;2020-12-27;0;0;0;0;0.0;0.0
30;2020-12-28;0;0;0;0;0.0;0.0
30;2020-12-29;0;0;0;0;0.0;0.0
30;2020-12-30;0;0;0;0;0.0;0.0
30;2020-12-31;0;0;0;0;0.0;0.0
30;2021-01-01;0;0;0;0;0.0;0.0
30;2021-01-02;0;0;0;0;0.0;0.0
30;2021-01-03;0;0;0;0;0.0;0.0
30;2021-01-04;1;0;1;0;0.0;0.0
30;2021-01-05;3;0;4;0;0.0;0.0
30;2021-01-06;128;0;132;0;0.0;0.0
30;2021-01-07;311;0;443;0;0.1;0.0
30;2021-01-08;531;0;974;0;0.1;0.0
30;2021-01-09;270;0;1244;0;0.2;0.0
30;2021-01-10;0;0;1244;0;0.2;0.0
30;2021-01-11;537;1;1781;1;0.2;0.0
30;2021-01-12;798;3;2579;4;0.3;0.0
30;2021-01-13;639;0;3218;4;0.4;0.0
30;2021-01-14;649;5;3867;9;0.5;0.0
30;2021-01-15;756;2;4623;11;0.6;0.0
30;2021-01-16;313;0;4936;11;0.7;0.0
30;2021-01-17;3;0;4939;11;0.7;0.0
30;2021-01-18;937;5;5876;16;0.8;0.0
30;2021-01-19;1735;7;7611;23;1.0;0.0
30;2021-01-20;1303;2;8914;25;1.2;0.0
30;2021-01-21;1225;2;10139;27;1.4;0.0
30;2021-01-22;1074;5;11213;32;1.5;0.0
30;2021-01-23;633;2;11846;34;1.6;0.0
30;2021-01-24;0;0;11846;34;1.6;0.0
30;2021-01-25;830;4;12676;38;1.7;0.0
30;2021-01-26;1057;15;13733;53;1.8;0.0
30;2021-01-27;977;112;14710;165;2.0;0.0
30;2021-01-28;712;274;15422;439;2.1;0.1
30;2021-01-29;668;447;16090;886;2.1;0.1
30;2021-01-30;471;288;16561;1174;2.2;0.2
30;2021-01-31;3;7;16564;1181;2.2;0.2
30;2021-02-01;813;436;17377;1617;2.3;0.2
30;2021-02-02;1874;672;19251;2289;2.6;0.3
30;2021-02-03;1183;489;20434;2778;2.7;0.4
30;2021-02-04;968;663;21402;3441;2.9;0.5
30;2021-02-05;598;766;22000;4207;2.9;0.6
30;2021-02-06;291;262;22291;4469;3.0;0.6
30;2021-02-07;2;8;22293;4477;3.0;0.6
30;2021-02-08;574;738;22867;5215;3.1;0.7
30;2021-02-09;981;1006;23848;6221;3.2;0.8
30;2021-02-10;986;1101;24834;7322;3.3;1.0
30;2021-02-11;927;1037;25761;8359;3.4;1.1
30;2021-02-12;616;993;26377;9352;3.5;1.2
30;2021-02-13;434;388;26811;9740;3.6;1.3
30;2021-02-14;1;21;26812;9761;3.6;1.3
30;2021-02-15;448;622;27260;10383;3.6;1.4
30;2021-02-16;459;850;27719;11233;3.7;1.5
30;2021-02-17;682;626;28401;11859;3.8;1.6
30;2021-02-18;796;528;29197;12387;3.9;1.7
30;2021-02-19;573;672;29770;13059;4.0;1.7
30;2021-02-20;223;227;29993;13286;4.0;1.8
30;2021-02-21;5;3;29998;13289;4.0;1.8
30;2021-02-22;501;764;30499;14053;4.1;1.9
30;2021-02-23;974;1467;31473;15520;4.2;2.1
30;2021-02-24;926;1191;32399;16711;4.3;2.2
30;2021-02-25;1207;891;33606;17602;4.5;2.4
30;2021-02-26;1338;599;34944;18201;4.7;2.4
30;2021-02-27;564;546;35508;18747;4.7;2.5
30;2021-02-28;1;7;35509;18754;4.7;2.5
30;2021-03-01;1339;830;36848;19584;4.9;2.6
30;2021-03-02;1710;911;38558;20495;5.2;2.7
30;2021-03-03;2306;759;40864;21254;5.5;2.8
30;2021-03-04;2635;867;43499;22121;5.8;3.0
30;2021-03-05;2756;608;46255;22729;6.2;3.0
30;2021-03-06;2997;360;49252;23089;6.6;3.1
30;2021-03-07;1859;41;51111;23130;6.8;3.1
30;2021-03-08;1548;780;52659;23910;7.0;3.2
30;2021-03-09;2274;868;54933;24778;7.3;3.3
30;2021-03-10;2351;651;57284;25429;7.7;3.4
30;2021-03-11;3055;680;60339;26109;8.1;3.5
30;2021-03-12;3111;381;63450;26490;8.5;3.5
30;2021-03-13;2224;291;65674;26781;8.8;3.6
30;2021-03-14;83;3;65757;26784;8.8;3.6
30;2021-03-15;1566;563;67323;27347;9.0;3.7
30;2021-03-16;1299;1065;68622;28412;9.2;3.8
30;2021-03-17;1454;642;70076;29054;9.4;3.9
30;2021-03-18;1644;713;71720;29767;9.6;4.0
30;2021-03-19;2249;539;73969;30306;9.9;4.0
30;2021-03-20;1398;140;75367;30446;10.1;4.1
30;2021-03-21;57;8;75424;30454;10.1;4.1
30;2021-03-22;2394;716;77818;31170;10.4;4.2
30;2021-03-23;3507;798;81325;31968;10.9;4.3
30;2021-03-24;3634;803;84959;32771;11.4;4.4
30;2021-03-25;4403;839;89362;33610;11.9;4.5
30;2021-03-26;4359;628;93721;34238;12.5;4.6
30;2021-03-27;1970;374;95691;34612;12.8;4.6
30;2021-03-28;35;29;95726;34641;12.8;4.6
30;2021-03-29;2813;1648;98539;36289;13.2;4.8
30;2021-03-30;3779;1873;102318;38162;13.7;5.1
30;2021-03-31;3505;1637;105823;39799;14.1;5.3
30;2021-04-01;4014;1455;109837;41254;14.7;5.5
30;2021-04-02;3599;1225;113436;42479;15.2;5.7
30;2021-04-03;1061;1223;114497;43702;15.3;5.8
30;2021-04-04;29;188;114526;43890;15.3;5.9
30;2021-04-05;764;284;115290;44174;15.4;5.9
30;2021-04-06;3039;1572;118329;45746;15.8;6.1
30;2021-04-07;2716;1628;121045;47374;16.2;6.3
30;2021-04-08;3917;1481;124962;48855;16.7;6.5
30;2021-04-09;4884;1514;129846;50369;17.3;6.7
30;2021-04-10;2425;1171;132271;51540;17.7;6.9
30;2021-04-11;949;54;133220;51594;17.8;6.9
30;2021-04-12;3147;1484;136367;53078;18.2;7.1
30;2021-04-13;4016;1923;140383;55001;18.8;7.3
30;2021-04-14;3378;1537;143761;56538;19.2;7.6
30;2021-04-15;3831;1456;147592;57994;19.7;7.7
30;2021-04-16;3704;1523;151296;59517;20.2;8.0
30;2021-04-17;1492;948;152788;60465;20.4;8.1
30;2021-04-18;959;66;153747;60531;20.5;8.1
30;2021-04-19;2449;2295;156196;62826;20.9;8.4
30;2021-04-20;2814;2825;159010;65651;21.2;8.8
30;2021-04-21;2597;2564;161607;68215;21.6;9.1
30;2021-04-22;3520;2315;165127;70530;22.1;9.4
30;2021-04-23;3576;2301;168703;72831;22.5;9.7
30;2021-04-24;1346;1230;170049;74061;22.7;9.9
30;2021-04-25;748;89;170797;74150;22.8;9.9
30;2021-04-26;2014;2385;172811;76535;23.1;10.2
30;2021-04-27;2947;2604;175758;79139;23.5;10.6
30;2021-04-28;2836;2481;178594;81620;23.9;10.9
30;2021-04-29;3615;2308;182209;83928;24.3;11.2
30;2021-04-30;3407;2021;185616;85949;24.8;11.5
30;2021-05-01;1749;605;187365;86554;25.0;11.6
30;2021-05-02;663;245;188028;86799;25.1;11.6
30;2021-05-03;3756;2498;191784;89297;25.6;11.9
30;2021-05-04;3976;3518;195760;92815;26.2;12.4
30;2021-05-05;3936;3125;199696;95940;26.7;12.8
30;2021-05-06;4193;3354;203889;99294;27.2;13.3
30;2021-05-07;4077;3054;207966;102348;27.8;13.7
30;2021-05-08;1605;719;209571;103067;28.0;13.8
30;2021-05-09;372;612;209943;103679;28.0;13.9
30;2021-05-10;2915;3113;212858;106792;28.4;14.3
30;2021-05-11;5386;3652;218244;110444;29.2;14.8
30;2021-05-12;5300;3211;223544;113655;29.9;15.2
30;2021-05-13;3230;1025;226774;114680;30.3;15.3
30;2021-05-14;4888;2450;231662;117130;31.0;15.6
30;2021-05-15;3407;1203;235069;118333;31.4;15.8
30;2021-05-16;397;339;235466;118672;31.5;15.9
30;2021-05-17;3798;3032;239264;121704;32.0;16.3
30;2021-05-18;4822;3035;244086;124739;32.6;16.7
30;2021-05-19;4771;2545;248857;127284;33.2;17.0
30;2021-05-20;5009;2574;253866;129858;33.9;17.3
30;2021-05-21;4887;2467;258753;132325;34.6;17.7
30;2021-05-22;3155;1290;261908;133615;35.0;17.9
30;2021-05-23;288;345;262196;133960;35.0;17.9
30;2021-05-24;783;768;262979;134728;35.1;18.0
30;2021-05-25;2657;3162;265636;137890;35.5;18.4
30;2021-05-26;2887;2564;268523;140454;35.9;18.8
30;2021-05-27;3758;2717;272281;143171;36.4;19.1
30;2021-05-28;3324;3288;275605;146459;36.8;19.6
30;2021-05-29;1686;1803;277291;148262;37.0;19.8
30;2021-05-30;360;589;277651;148851;37.1;19.9
30;2021-05-31;2831;2295;280482;151146;37.5;20.2
30;2021-06-01;3655;2793;284137;153939;38.0;20.6
30;2021-06-02;3314;2445;287451;156384;38.4;20.9
30;2021-06-03;4131;3347;291582;159731;39.0;21.3
30;2021-06-04;3900;3399;295482;163130;39.5;21.8
30;2021-06-05;1907;1313;297389;164443;39.7;22.0
30;2021-06-06;683;263;298072;164706;39.8;22.0
30;2021-06-07;4722;2522;302794;167228;40.5;22.3
30;2021-06-08;4828;3320;307622;170548;41.1;22.8
30;2021-06-09;4145;2980;311767;173528;41.7;23.2
30;2021-06-10;4602;3350;316369;176878;42.3;23.6
30;2021-06-11;4583;3808;320952;180686;42.9;24.1
30;2021-06-12;2482;1706;323434;182392;43.2;24.4
30;2021-06-13;494;340;323928;182732;43.3;24.4
30;2021-06-14;2468;4704;326396;187436;43.6;25.0
30;2021-06-15;3200;5303;329596;192739;44.0;25.8
30;2021-06-16;3108;4643;332704;197382;44.5;26.4
30;2021-06-17;3924;4365;336628;201747;45.0;27.0
30;2021-06-18;3709;4691;340337;206438;45.5;27.6
30;2021-06-19;1438;2000;341775;208438;45.7;27.8
30;2021-06-20;358;489;342133;208927;45.7;27.9
30;2021-06-21;2376;4905;344509;213832;46.0;28.6
30;2021-06-22;2362;5737;346871;219569;46.3;29.3
30;2021-06-23;2523;5335;349394;224904;46.7;30.0
30;2021-06-24;2335;4699;351729;229603;47.0;30.7
30;2021-06-25;2609;5598;354338;235201;47.3;31.4
30;2021-06-26;909;2936;355247;238137;47.5;31.8
30;2021-06-27;221;525;355468;238662;47.5;31.9
30;2021-06-28;1664;6019;357132;244681;47.7;32.7
30;2021-06-29;1835;6024;358967;250705;48.0;33.5
30;2021-06-30;1990;5256;360957;255961;48.2;34.2
30;2021-07-01;2975;4715;363932;260676;48.6;34.8
30;2021-07-02;2826;4616;366758;265292;49.0;35.4
30;2021-07-03;1148;3043;367906;268335;49.2;35.9
30;2021-07-04;114;392;368020;268727;49.2;35.9
30;2021-07-05;2018;4025;370038;272752;49.4;36.4
30;2021-07-06;2654;4972;372692;277724;49.8;37.1
30;2021-07-07;2531;4222;375223;281946;50.1;37.7
30;2021-07-08;2004;3425;377227;285371;50.4;38.1
30;2021-07-09;2398;5321;379625;290692;50.7;38.8
30;2021-07-10;1492;2156;381117;292848;50.9;39.1
30;2021-07-11;43;416;381160;293264;50.9;39.2
30;2021-07-12;2513;5152;383673;298416;51.3;39.9
30;2021-07-13;3276;6027;386949;304443;51.7;40.7
30;2021-07-14;493;543;387442;304986;51.8;40.7
30;2021-07-15;4097;5458;391539;310444;52.3;41.5
30;2021-07-16;4936;5702;396475;316146;53.0;42.2
30;2021-07-17;1693;2459;398168;318605;53.2;42.6
30;2021-07-18;145;602;398313;319207;53.2;42.6
30;2021-07-19;3353;6289;401666;325496;53.7;43.5
30;2021-07-20;4620;6494;406286;331990;54.3;44.4
30;2021-07-21;4037;5396;410323;337386;54.8;45.1
30;2021-07-22;4870;5704;415193;343090;55.5;45.8
30;2021-07-23;4951;5835;420144;348925;56.1;46.6
30;2021-07-24;2224;3257;422368;352182;56.4;47.1
30;2021-07-25;134;308;422502;352490;56.4;47.1
30;2021-07-26;4382;4102;426884;356592;57.0;47.6
30;2021-07-27;4805;4622;431689;361214;57.7;48.3
30;2021-07-28;4837;3977;436526;365191;58.3;48.8
30;2021-07-29;5873;4091;442399;369282;59.1;49.3
30;2021-07-30;5304;4354;447703;373636;59.8;49.9
30;2021-07-31;2620;1940;450323;375576;60.2;50.2
30;2021-08-01;705;300;451028;375876;60.3;50.2
30;2021-08-02;3579;3976;454607;379852;60.7;50.8
30;2021-08-03;4762;3887;459369;383739;61.4;51.3
31;2020-12-27;0;0;0;0;0.0;0.0
31;2020-12-28;1;0;1;0;0.0;0.0
31;2020-12-29;0;0;1;0;0.0;0.0
31;2020-12-30;0;0;1;0;0.0;0.0
31;2020-12-31;0;0;1;0;0.0;0.0
31;2021-01-01;2;0;3;0;0.0;0.0
31;2021-01-02;0;0;3;0;0.0;0.0
31;2021-01-03;2;0;5;0;0.0;0.0
31;2021-01-04;3;0;8;0;0.0;0.0
31;2021-01-05;50;0;58;0;0.0;0.0
31;2021-01-06;211;1;269;1;0.0;0.0
31;2021-01-07;284;1;553;2;0.0;0.0
31;2021-01-08;544;1;1097;3;0.1;0.0
31;2021-01-09;275;0;1372;3;0.1;0.0
31;2021-01-10;286;0;1658;3;0.1;0.0
31;2021-01-11;978;3;2636;6;0.2;0.0
31;2021-01-12;1192;0;3828;6;0.3;0.0
31;2021-01-13;1156;3;4984;9;0.4;0.0
31;2021-01-14;1176;17;6160;26;0.4;0.0
31;2021-01-15;1046;3;7206;29;0.5;0.0
31;2021-01-16;243;1;7449;30;0.5;0.0
31;2021-01-17;176;0;7625;30;0.5;0.0
31;2021-01-18;1608;4;9233;34;0.7;0.0
31;2021-01-19;2931;11;12164;45;0.9;0.0
31;2021-01-20;3663;10;15827;55;1.1;0.0
31;2021-01-21;2990;5;18817;60;1.3;0.0
31;2021-01-22;2271;5;21088;65;1.5;0.0
31;2021-01-23;728;1;21816;66;1.6;0.0
31;2021-01-24;212;1;22028;67;1.6;0.0
31;2021-01-25;1742;9;23770;76;1.7;0.0
31;2021-01-26;1838;64;25608;140;1.8;0.0
31;2021-01-27;1574;153;27182;293;1.9;0.0
31;2021-01-28;1382;303;28564;596;2.0;0.0
31;2021-01-29;1355;349;29919;945;2.1;0.1
31;2021-01-30;444;187;30363;1132;2.2;0.1
31;2021-01-31;61;210;30424;1342;2.2;0.1
31;2021-02-01;1156;734;31580;2076;2.3;0.1
31;2021-02-02;3033;804;34613;2880;2.5;0.2
31;2021-02-03;1917;779;36530;3659;2.6;0.3
31;2021-02-04;1806;843;38336;4502;2.7;0.3
31;2021-02-05;1340;576;39676;5078;2.8;0.4
31;2021-02-06;378;55;40054;5133;2.9;0.4
31;2021-02-07;36;41;40090;5174;2.9;0.4
31;2021-02-08;1114;667;41204;5841;2.9;0.4
31;2021-02-09;1675;1576;42879;7417;3.1;0.5
31;2021-02-10;1959;2473;44838;9890;3.2;0.7
31;2021-02-11;1814;1823;46652;11713;3.3;0.8
31;2021-02-12;1536;799;48188;12512;3.4;0.9
31;2021-02-13;503;230;48691;12742;3.5;0.9
31;2021-02-14;55;217;48746;12959;3.5;0.9
31;2021-02-15;443;1376;49189;14335;3.5;1.0
31;2021-02-16;465;1554;49654;15889;3.5;1.1
31;2021-02-17;471;1684;50125;17573;3.6;1.3
31;2021-02-18;477;1828;50602;19401;3.6;1.4
31;2021-02-19;393;1574;50995;20975;3.6;1.5
31;2021-02-20;69;531;51064;21506;3.6;1.5
31;2021-02-21;77;161;51141;21667;3.7;1.5
31;2021-02-22;433;1759;51574;23426;3.7;1.7
31;2021-02-23;867;3017;52441;26443;3.7;1.9
31;2021-02-24;653;2197;53094;28640;3.8;2.0
31;2021-02-25;1430;1840;54524;30480;3.9;2.2
31;2021-02-26;1711;1238;56235;31718;4.0;2.3
31;2021-02-27;637;406;56872;32124;4.1;2.3
31;2021-02-28;78;54;56950;32178;4.1;2.3
31;2021-03-01;870;1135;57820;33313;4.1;2.4
31;2021-03-02;1232;1670;59052;34983;4.2;2.5
31;2021-03-03;1356;1816;60408;36799;4.3;2.6
31;2021-03-04;2420;1506;62828;38305;4.5;2.7
31;2021-03-05;3053;1602;65881;39907;4.7;2.8
31;2021-03-06;2833;411;68714;40318;4.9;2.9
31;2021-03-07;5367;103;74081;40421;5.3;2.9
31;2021-03-08;1596;1098;75677;41519;5.4;3.0
31;2021-03-09;2776;1191;78453;42710;5.6;3.0
31;2021-03-10;2573;1089;81026;43799;5.8;3.1
31;2021-03-11;4377;1168;85403;44967;6.1;3.2
31;2021-03-12;5312;1191;90715;46158;6.5;3.3
31;2021-03-13;2835;503;93550;46661;6.7;3.3
31;2021-03-14;233;49;93783;46710;6.7;3.3
31;2021-03-15;2582;429;96365;47139;6.9;3.4
31;2021-03-16;1743;814;98108;47953;7.0;3.4
31;2021-03-17;1656;557;99764;48510;7.1;3.5
31;2021-03-18;1987;711;101751;49221;7.3;3.5
31;2021-03-19;3181;524;104932;49745;7.5;3.6
31;2021-03-20;1794;140;106726;49885;7.6;3.6
31;2021-03-21;210;35;106936;49920;7.6;3.6
31;2021-03-22;2577;365;109513;50285;7.8;3.6
31;2021-03-23;4053;317;113566;50602;8.1;3.6
31;2021-03-24;4352;288;117918;50890;8.4;3.6
31;2021-03-25;6040;514;123958;51404;8.8;3.7
31;2021-03-26;5465;512;129423;51916;9.2;3.7
31;2021-03-27;4347;203;133770;52119;9.5;3.7
31;2021-03-28;2288;45;136058;52164;9.7;3.7
31;2021-03-29;4205;427;140263;52591;10.0;3.8
31;2021-03-30;6592;547;146855;53138;10.5;3.8
31;2021-03-31;5642;367;152497;53505;10.9;3.8
31;2021-04-01;6961;544;159458;54049;11.4;3.9
31;2021-04-02;6101;581;165559;54630;11.8;3.9
31;2021-04-03;3923;150;169482;54780;12.1;3.9
31;2021-04-04;2058;111;171540;54891;12.2;3.9
31;2021-04-05;480;69;172020;54960;12.3;3.9
31;2021-04-06;4157;1144;176177;56104;12.6;4.0
31;2021-04-07;5982;974;182159;57078;13.0;4.1
31;2021-04-08;7563;1025;189722;58103;13.5;4.1
31;2021-04-09;8382;1244;198104;59347;14.1;4.2
31;2021-04-10;4714;540;202818;59887;14.5;4.3
31;2021-04-11;2066;139;204884;60026;14.6;4.3
31;2021-04-12;5995;1829;210879;61855;15.1;4.4
31;2021-04-13;8028;2022;218907;63877;15.6;4.6
31;2021-04-14;6647;1924;225554;65801;16.1;4.7
31;2021-04-15;7770;2234;233324;68035;16.7;4.9
31;2021-04-16;7177;2086;240501;70121;17.2;5.0
31;2021-04-17;4413;898;244914;71019;17.5;5.1
31;2021-04-18;2512;354;247426;71373;17.7;5.1
31;2021-04-19;5216;2024;252642;73397;18.0;5.2
31;2021-04-20;6071;2845;258713;76242;18.5;5.4
31;2021-04-21;5970;2789;264683;79031;18.9;5.6
31;2021-04-22;6380;3237;271063;82268;19.3;5.9
31;2021-04-23;6274;2576;277337;84844;19.8;6.1
31;2021-04-24;1615;3134;278952;87978;19.9;6.3
31;2021-04-25;685;2094;279637;90072;20.0;6.4
31;2021-04-26;3791;3220;283428;93292;20.2;6.7
31;2021-04-27;4515;3900;287943;97192;20.6;6.9
31;2021-04-28;4545;3500;292488;100692;20.9;7.2
31;2021-04-29;5180;4025;297668;104717;21.2;7.5
31;2021-04-30;5034;4131;302702;108848;21.6;7.8
31;2021-05-01;1488;3119;304190;111967;21.7;8.0
31;2021-05-02;1412;1981;305602;113948;21.8;8.1
31;2021-05-03;5653;2419;311255;116367;22.2;8.3
31;2021-05-04;4779;4738;316034;121105;22.6;8.6
31;2021-05-05;2985;5721;319019;126826;22.8;9.1
31;2021-05-06;3628;7381;322647;134207;23.0;9.6
31;2021-05-07;5257;7175;327904;141382;23.4;10.1
31;2021-05-08;3634;3101;331538;144483;23.7;10.3
31;2021-05-09;3758;2310;335296;146793;23.9;10.5
31;2021-05-10;5685;5475;340981;152268;24.3;10.9
31;2021-05-11;6645;6697;347626;158965;24.8;11.3
31;2021-05-12;6169;5917;353795;164882;25.3;11.8
31;2021-05-13;4644;2060;358439;166942;25.6;11.9
31;2021-05-14;6906;3980;365345;170922;26.1;12.2
31;2021-05-15;5142;1753;370487;172675;26.4;12.3
31;2021-05-16;3296;631;373783;173306;26.7;12.4
31;2021-05-17;5143;4149;378926;177455;27.0;12.7
31;2021-05-18;5587;4273;384513;181728;27.4;13.0
31;2021-05-19;5780;3763;390293;185491;27.9;13.2
31;2021-05-20;6475;4803;396768;190294;28.3;13.6
31;2021-05-21;5983;4607;402751;194901;28.7;13.9
31;2021-05-22;4081;1627;406832;196528;29.0;14.0
31;2021-05-23;3584;342;410416;196870;29.3;14.1
31;2021-05-24;3879;708;414295;197578;29.6;14.1
31;2021-05-25;6191;3608;420486;201186;30.0;14.4
31;2021-05-26;5601;4644;426087;205830;30.4;14.7
31;2021-05-27;4778;6195;430865;212025;30.8;15.1
31;2021-05-28;4115;6348;434980;218373;31.0;15.6
31;2021-05-29;1918;4030;436898;222403;31.2;15.9
31;2021-05-30;747;2362;437645;224765;31.2;16.0
31;2021-05-31;4395;5085;442040;229850;31.6;16.4
31;2021-06-01;5949;6562;447989;236412;32.0;16.9
31;2021-06-02;5788;6303;453777;242715;32.4;17.3
31;2021-06-03;7304;8142;461081;250857;32.9;17.9
31;2021-06-04;7533;7161;468614;258018;33.5;18.4
31;2021-06-05;9077;2772;477691;260790;34.1;18.6
31;2021-06-06;8107;1579;485798;262369;34.7;18.7
31;2021-06-07;7986;5466;493784;267835;35.2;19.1
31;2021-06-08;9099;6049;502883;273884;35.9;19.6
31;2021-06-09;8916;5519;511799;279403;36.5;19.9
31;2021-06-10;9771;6334;521570;285737;37.2;20.4
31;2021-06-11;10046;6639;531616;292376;37.9;20.9
31;2021-06-12;8792;3008;540408;295384;38.6;21.1
31;2021-06-13;8374;2005;548782;297389;39.2;21.2
31;2021-06-14;8424;6729;557206;304118;39.8;21.7
31;2021-06-15;9758;7429;566964;311547;40.5;22.2
31;2021-06-16;8725;5251;575689;316798;41.1;22.6
31;2021-06-17;8270;6595;583959;323393;41.7;23.1
31;2021-06-18;8539;7740;592498;331133;42.3;23.6
31;2021-06-19;7362;5429;599860;336562;42.8;24.0
31;2021-06-20;5570;3724;605430;340286;43.2;24.3
31;2021-06-21;5368;6912;610798;347198;43.6;24.8
31;2021-06-22;4970;8218;615768;355416;44.0;25.4
31;2021-06-23;5098;7266;620866;362682;44.3;25.9
31;2021-06-24;4617;8318;625483;371000;44.6;26.5
31;2021-06-25;5011;9306;630494;380306;45.0;27.1
31;2021-06-26;4280;6393;634774;386699;45.3;27.6
31;2021-06-27;3597;4097;638371;390796;45.6;27.9
31;2021-06-28;4096;6646;642467;397442;45.9;28.4
31;2021-06-29;3785;7559;646252;405001;46.1;28.9
31;2021-06-30;4260;7796;650512;412797;46.4;29.5
31;2021-07-01;4027;8462;654539;421259;46.7;30.1
31;2021-07-02;4094;9321;658633;430580;47.0;30.7
31;2021-07-03;4092;6106;662725;436686;47.3;31.2
31;2021-07-04;3203;4800;665928;441486;47.5;31.5
31;2021-07-05;4033;7090;669961;448576;47.8;32.0
31;2021-07-06;3784;8362;673745;456938;48.1;32.6
31;2021-07-07;3942;7984;677687;464922;48.4;33.2
31;2021-07-08;4020;8545;681707;473467;48.7;33.8
31;2021-07-09;4442;8791;686149;482258;49.0;34.4
31;2021-07-10;3910;5489;690059;487747;49.3;34.8
31;2021-07-11;3132;4123;693191;491870;49.5;35.1
31;2021-07-12;3805;8613;696996;500483;49.8;35.7
31;2021-07-13;6880;9408;703876;509891;50.2;36.4
31;2021-07-14;6115;3905;709991;513796;50.7;36.7
31;2021-07-15;8425;9400;718416;523196;51.3;37.3
31;2021-07-16;7718;9871;726134;533067;51.8;38.1
31;2021-07-17;8320;10507;734454;543574;52.4;38.8
31;2021-07-18;6605;9426;741059;553000;52.9;39.5
31;2021-07-19;4769;10774;745828;563774;53.2;40.2
31;2021-07-20;7106;11447;752934;575221;53.7;41.1
31;2021-07-21;6976;11507;759910;586728;54.2;41.9
31;2021-07-22;8127;11720;768037;598448;54.8;42.7
31;2021-07-23;7413;11767;775450;610215;55.4;43.6
31;2021-07-24;10252;10488;785702;620703;56.1;44.3
31;2021-07-25;7523;8759;793225;629462;56.6;44.9
31;2021-07-26;5492;9496;798717;638958;57.0;45.6
31;2021-07-27;7919;9142;806636;648100;57.6;46.3
31;2021-07-28;8623;8231;815259;656331;58.2;46.8
31;2021-07-29;8800;7985;824059;664316;58.8;47.4
31;2021-07-30;7608;7925;831667;672241;59.4;48.0
31;2021-07-31;5966;7351;837633;679592;59.8;48.5
31;2021-08-01;4388;4265;842021;683857;60.1;48.8
31;2021-08-02;5452;5380;847473;689237;60.5;49.2
31;2021-08-03;5749;5138;853222;694375;60.9;49.6
32;2020-12-27;0;0;0;0;0.0;0.0
32;2020-12-28;0;0;0;0;0.0;0.0
32;2020-12-29;0;0;0;0;0.0;0.0
32;2020-12-30;0;0;0;0;0.0;0.0
32;2020-12-31;0;0;0;0;0.0;0.0
32;2021-01-01;0;0;0;0;0.0;0.0
32;2021-01-02;0;0;0;0;0.0;0.0
32;2021-01-03;0;0;0;0;0.0;0.0
32;2021-01-04;3;0;3;0;0.0;0.0
32;2021-01-05;1;0;4;0;0.0;0.0
32;2021-01-06;2;0;6;0;0.0;0.0
32;2021-01-07;152;0;158;0;0.1;0.0
32;2021-01-08;70;0;228;0;0.1;0.0
32;2021-01-09;5;0;233;0;0.1;0.0
32;2021-01-10;0;0;233;0;0.1;0.0
32;2021-01-11;11;0;244;0;0.1;0.0
32;2021-01-12;96;0;340;0;0.2;0.0
32;2021-01-13;325;0;665;0;0.3;0.0
32;2021-01-14;377;3;1042;3;0.5;0.0
32;2021-01-15;448;0;1490;3;0.8;0.0
32;2021-01-16;16;2;1506;5;0.8;0.0
32;2021-01-17;1;0;1507;5;0.8;0.0
32;2021-01-18;344;1;1851;6;1.0;0.0
32;2021-01-19;417;0;2268;6;1.2;0.0
32;2021-01-20;358;0;2626;6;1.4;0.0
32;2021-01-21;582;0;3208;6;1.7;0.0
32;2021-01-22;371;0;3579;6;1.9;0.0
32;2021-01-23;180;0;3759;6;2.0;0.0
32;2021-01-24;4;0;3763;6;2.0;0.0
32;2021-01-25;463;1;4226;7;2.2;0.0
32;2021-01-26;604;0;4830;7;2.5;0.0
32;2021-01-27;705;4;5535;11;2.9;0.0
32;2021-01-28;686;16;6221;27;3.3;0.0
32;2021-01-29;460;52;6681;79;3.5;0.0
32;2021-01-30;260;0;6941;79;3.7;0.0
32;2021-01-31;4;5;6945;84;3.7;0.0
32;2021-02-01;288;58;7233;142;3.8;0.1
32;2021-02-02;639;139;7872;281;4.1;0.1
32;2021-02-03;338;201;8210;482;4.3;0.3
32;2021-02-04;424;278;8634;760;4.5;0.4
32;2021-02-05;348;360;8982;1120;4.7;0.6
32;2021-02-06;147;0;9129;1120;4.8;0.6
32;2021-02-07;0;36;9129;1156;4.8;0.6
32;2021-02-08;278;122;9407;1278;5.0;0.7
32;2021-02-09;309;229;9716;1507;5.1;0.8
32;2021-02-10;269;253;9985;1760;5.3;0.9
32;2021-02-11;380;318;10365;2078;5.5;1.1
32;2021-02-12;297;280;10662;2358;5.6;1.2
32;2021-02-13;249;1;10911;2359;5.7;1.2
32;2021-02-14;0;28;10911;2387;5.7;1.3
32;2021-02-15;25;212;10936;2599;5.8;1.4
32;2021-02-16;393;368;11329;2967;6.0;1.6
32;2021-02-17;190;474;11519;3441;6.1;1.8
32;2021-02-18;329;492;11848;3933;6.2;2.1
32;2021-02-19;183;281;12031;4214;6.3;2.2
32;2021-02-20;1;120;12032;4334;6.3;2.3
32;2021-02-21;0;0;12032;4334;6.3;2.3
32;2021-02-22;158;385;12190;4719;6.4;2.5
32;2021-02-23;431;565;12621;5284;6.6;2.8
32;2021-02-24;277;381;12898;5665;6.8;3.0
32;2021-02-25;480;519;13378;6184;7.0;3.3
32;2021-02-26;443;386;13821;6570;7.3;3.5
32;2021-02-27;157;246;13978;6816;7.4;3.6
32;2021-02-28;4;0;13982;6816;7.4;3.6
32;2021-03-01;51;299;14033;7115;7.4;3.7
32;2021-03-02;413;445;14446;7560;7.6;4.0
32;2021-03-03;274;292;14720;7852;7.7;4.1
32;2021-03-04;538;338;15258;8190;8.0;4.3
32;2021-03-05;436;249;15694;8439;8.3;4.4
32;2021-03-06;522;167;16216;8606;8.5;4.5
32;2021-03-07;25;5;16241;8611;8.5;4.5
32;2021-03-08;234;293;16475;8904;8.7;4.7
32;2021-03-09;642;330;17117;9234;9.0;4.9
32;2021-03-10;482;329;17599;9563;9.3;5.0
32;2021-03-11;853;293;18452;9856;9.7;5.2
32;2021-03-12;881;340;19333;10196;10.2;5.4
32;2021-03-13;490;248;19823;10444;10.4;5.5
32;2021-03-14;1;0;19824;10444;10.4;5.5
32;2021-03-15;265;25;20089;10469;10.6;5.5
32;2021-03-16;312;307;20401;10776;10.7;5.7
32;2021-03-17;149;155;20550;10931;10.8;5.8
32;2021-03-18;374;308;20924;11239;11.0;5.9
32;2021-03-19;402;183;21326;11422;11.2;6.0
32;2021-03-20;136;33;21462;11455;11.3;6.0
32;2021-03-21;0;0;21462;11455;11.3;6.0
32;2021-03-22;340;167;21802;11622;11.5;6.1
32;2021-03-23;559;399;22361;12021;11.8;6.3
32;2021-03-24;643;271;23004;12292;12.1;6.5
32;2021-03-25;896;417;23900;12709;12.6;6.7
32;2021-03-26;657;294;24557;13003;12.9;6.8
32;2021-03-27;165;3;24722;13006;13.0;6.8
32;2021-03-28;0;1;24722;13007;13.0;6.8
32;2021-03-29;371;48;25093;13055;13.2;6.9
32;2021-03-30;766;289;25859;13344;13.6;7.0
32;2021-03-31;654;172;26513;13516;14.0;7.1
32;2021-04-01;1238;320;27751;13836;14.6;7.3
32;2021-04-02;575;168;28326;14004;14.9;7.4
32;2021-04-03;114;0;28440;14004;15.0;7.4
32;2021-04-04;0;0;28440;14004;15.0;7.4
32;2021-04-05;0;0;28440;14004;15.0;7.4
32;2021-04-06;2644;307;31084;14311;16.4;7.5
32;2021-04-07;1177;201;32261;14512;17.0;7.6
32;2021-04-08;1737;405;33998;14917;17.9;7.8
32;2021-04-09;882;217;34880;15134;18.4;8.0
32;2021-04-10;808;29;35688;15163;18.8;8.0
32;2021-04-11;14;0;35702;15163;18.8;8.0
32;2021-04-12;477;20;36179;15183;19.0;8.0
32;2021-04-13;2468;382;38647;15565;20.3;8.2
32;2021-04-14;1227;264;39874;15829;21.0;8.3
32;2021-04-15;1702;391;41576;16220;21.9;8.5
32;2021-04-16;638;282;42214;16502;22.2;8.7
32;2021-04-17;781;37;42995;16539;22.6;8.7
32;2021-04-18;13;1;43008;16540;22.6;8.7
32;2021-04-19;502;44;43510;16584;22.9;8.7
32;2021-04-20;2471;388;45981;16972;24.2;8.9
32;2021-04-21;1009;299;46990;17271;24.7;9.1
32;2021-04-22;1662;320;48652;17591;25.6;9.3
32;2021-04-23;546;158;49198;17749;25.9;9.3
32;2021-04-24;1391;54;50589;17803;26.6;9.4
32;2021-04-25;0;11;50589;17814;26.6;9.4
32;2021-04-26;387;360;50976;18174;26.8;9.6
32;2021-04-27;2549;550;53525;18724;28.2;9.9
32;2021-04-28;970;354;54495;19078;28.7;10.0
32;2021-04-29;1010;885;55505;19963;29.2;10.5
32;2021-04-30;453;361;55958;20324;29.4;10.7
32;2021-05-01;2605;95;58563;20419;30.8;10.7
32;2021-05-02;0;0;58563;20419;30.8;10.7
32;2021-05-03;170;321;58733;20740;30.9;10.9
32;2021-05-04;794;2497;59527;23237;31.3;12.2
32;2021-05-05;2360;1094;61887;24331;32.6;12.8
32;2021-05-06;516;1662;62403;25993;32.8;13.7
32;2021-05-07;2285;538;64688;26531;34.0;14.0
32;2021-05-08;71;517;64759;27048;34.1;14.2
32;2021-05-09;21;179;64780;27227;34.1;14.3
32;2021-05-10;1989;550;66769;27777;35.1;14.6
32;2021-05-11;653;2275;67422;30052;35.5;15.8
32;2021-05-12;2312;1138;69734;31190;36.7;16.4
32;2021-05-13;281;1414;70015;32604;36.8;17.2
32;2021-05-14;2222;324;72237;32928;38.0;17.3
32;2021-05-15;134;712;72371;33640;38.1;17.7
32;2021-05-16;1;0;72372;33640;38.1;17.7
32;2021-05-17;353;170;72725;33810;38.3;17.8
32;2021-05-18;1642;297;74367;34107;39.1;17.9
32;2021-05-19;2472;273;76839;34380;40.4;18.1
32;2021-05-20;2887;469;79726;34849;42.0;18.3
32;2021-05-21;2533;499;82259;35348;43.3;18.6
32;2021-05-22;335;111;82594;35459;43.5;18.7
32;2021-05-23;2;13;82596;35472;43.5;18.7
32;2021-05-24;2;0;82598;35472;43.5;18.7
32;2021-05-25;1982;372;84580;35844;44.5;18.9
32;2021-05-26;2545;555;87125;36399;45.8;19.2
32;2021-05-27;2877;625;90002;37024;47.4;19.5
32;2021-05-28;2310;766;92312;37790;48.6;19.9
32;2021-05-29;372;311;92684;38101;48.8;20.0
32;2021-05-30;4;6;92688;38107;48.8;20.1
32;2021-05-31;1412;624;94100;38731;49.5;20.4
32;2021-06-01;564;2888;94664;41619;49.8;21.9
32;2021-06-02;1578;1354;96242;42973;50.6;22.6
32;2021-06-03;396;2086;96638;45059;50.9;23.7
32;2021-06-04;1837;830;98475;45889;51.8;24.1
32;2021-06-05;208;1663;98683;47552;51.9;25.0
32;2021-06-06;8;14;98691;47566;51.9;25.0
32;2021-06-07;103;418;98794;47984;52.0;25.2
32;2021-06-08;662;2539;99456;50523;52.3;26.6
32;2021-06-09;1191;1052;100647;51575;53.0;27.1
32;2021-06-10;683;1220;101330;52795;53.3;27.8
32;2021-06-11;927;662;102257;53457;53.8;28.1
32;2021-06-12;151;2680;102408;56137;53.9;29.5
32;2021-06-13;1;1;102409;56138;53.9;29.5
32;2021-06-14;528;208;102937;56346;54.2;29.6
32;2021-06-15;1727;1024;104664;57370;55.1;30.2
32;2021-06-16;849;2777;105513;60147;55.5;31.6
32;2021-06-17;860;828;106373;60975;56.0;32.1
32;2021-06-18;313;2722;106686;63697;56.1;33.5
32;2021-06-19;914;437;107600;64134;56.6;33.7
32;2021-06-20;5;13;107605;64147;56.6;33.8
32;2021-06-21;67;1994;107672;66141;56.7;34.8
32;2021-06-22;1042;966;108714;67107;57.2;35.3
32;2021-06-23;511;2182;109225;69289;57.5;36.5
32;2021-06-24;522;516;109747;69805;57.7;36.7
32;2021-06-25;487;2356;110234;72161;58.0;38.0
32;2021-06-26;108;171;110342;72332;58.1;38.1
32;2021-06-27;2;5;110344;72337;58.1;38.1
32;2021-06-28;628;602;110972;72939;58.4;38.4
32;2021-06-29;800;1984;111772;74923;58.8;39.4
32;2021-06-30;757;2721;112529;77644;59.2;40.9
32;2021-07-01;537;2639;113066;80283;59.5;42.2
32;2021-07-02;638;2334;113704;82617;59.8;43.5
32;2021-07-03;480;509;114184;83126;60.1;43.7
32;2021-07-04;1;12;114185;83138;60.1;43.7
32;2021-07-05;71;392;114256;83530;60.1;44.0
32;2021-07-06;871;2079;115127;85609;60.6;45.0
32;2021-07-07;777;2752;115904;88361;61.0;46.5
32;2021-07-08;473;2267;116377;90628;61.2;47.7
32;2021-07-09;609;2222;116986;92850;61.6;48.9
32;2021-07-10;533;521;117519;93371;61.8;49.1
32;2021-07-11;0;5;117519;93376;61.8;49.1
32;2021-07-12;524;1240;118043;94616;62.1;49.8
32;2021-07-13;1688;1813;119731;96429;63.0;50.7
32;2021-07-14;482;33;120213;96462;63.3;50.8
32;2021-07-15;2085;878;122298;97340;64.4;51.2
32;2021-07-16;1162;1907;123460;99247;65.0;52.2
32;2021-07-17;77;127;123537;99374;65.0;52.3
32;2021-07-18;2;5;123539;99379;65.0;52.3
32;2021-07-19;1987;145;125526;99524;66.1;52.4
32;2021-07-20;2021;1254;127547;100778;67.1;53.0
32;2021-07-21;1604;1679;129151;102457;68.0;53.9
32;2021-07-22;1942;496;131093;102953;69.0;54.2
32;2021-07-23;1400;1721;132493;104674;69.7;55.1
32;2021-07-24;138;119;132631;104793;69.8;55.1
32;2021-07-25;34;10;132665;104803;69.8;55.1
32;2021-07-26;1068;1060;133733;105863;70.4;55.7
32;2021-07-27;1717;2090;135450;107953;71.3;56.8
32;2021-07-28;687;974;136137;108927;71.6;57.3
32;2021-07-29;1679;1593;137816;110520;72.5;58.2
32;2021-07-30;358;348;138174;110868;72.7;58.3
32;2021-07-31;183;343;138357;111211;72.8;58.5
32;2021-08-01;17;4;138374;111215;72.8;58.5
32;2021-08-02;77;73;138451;111288;72.9;58.6
32;2021-08-03;1175;1781;139626;113069;73.5;59.5
33;2020-12-27;2;0;2;0;0.0;0.0
33;2020-12-28;1;0;3;0;0.0;0.0
33;2020-12-29;0;0;3;0;0.0;0.0
33;2020-12-30;0;0;3;0;0.0;0.0
33;2020-12-31;0;0;3;0;0.0;0.0
33;2021-01-01;0;0;3;0;0.0;0.0
33;2021-01-02;1;0;4;0;0.0;0.0
33;2021-01-03;0;0;4;0;0.0;0.0
33;2021-01-04;1;0;5;0;0.0;0.0
33;2021-01-05;0;0;5;0;0.0;0.0
33;2021-01-06;134;0;139;0;0.0;0.0
33;2021-01-07;1305;1;1444;1;0.1;0.0
33;2021-01-08;1199;2;2643;3;0.2;0.0
33;2021-01-09;296;1;2939;4;0.2;0.0
33;2021-01-10;229;0;3168;4;0.2;0.0
33;2021-01-11;626;0;3794;4;0.2;0.0
33;2021-01-12;1416;2;5210;6;0.3;0.0
33;2021-01-13;1313;8;6523;14;0.4;0.0
33;2021-01-14;1278;13;7801;27;0.5;0.0
33;2021-01-15;1595;10;9396;37;0.6;0.0
33;2021-01-16;566;8;9962;45;0.6;0.0
33;2021-01-17;406;4;10368;49;0.6;0.0
33;2021-01-18;1194;10;11562;59;0.7;0.0
33;2021-01-19;2921;4;14483;63;0.9;0.0
33;2021-01-20;3394;9;17877;72;1.1;0.0
33;2021-01-21;2855;5;20732;77;1.3;0.0
33;2021-01-22;2320;8;23052;85;1.4;0.0
33;2021-01-23;847;0;23899;85;1.5;0.0
33;2021-01-24;526;2;24425;87;1.5;0.0
33;2021-01-25;2168;61;26593;148;1.6;0.0
33;2021-01-26;2231;160;28824;308;1.8;0.0
33;2021-01-27;2248;210;31072;518;1.9;0.0
33;2021-01-28;2153;442;33225;960;2.0;0.1
33;2021-01-29;1816;693;35041;1653;2.1;0.1
33;2021-01-30;702;174;35743;1827;2.2;0.1
33;2021-01-31;387;156;36130;1983;2.2;0.1
33;2021-02-01;1456;652;37586;2635;2.3;0.2
33;2021-02-02;2642;1108;40228;3743;2.5;0.2
33;2021-02-03;2907;865;43135;4608;2.6;0.3
33;2021-02-04;4030;1352;47165;5960;2.9;0.4
33;2021-02-05;2187;1166;49352;7126;3.0;0.4
33;2021-02-06;642;201;49994;7327;3.1;0.4
33;2021-02-07;218;232;50212;7559;3.1;0.5
33;2021-02-08;1260;761;51472;8320;3.2;0.5
33;2021-02-09;1321;1691;52793;10011;3.2;0.6
33;2021-02-10;1261;1753;54054;11764;3.3;0.7
33;2021-02-11;1289;1448;55343;13212;3.4;0.8
33;2021-02-12;1115;1261;56458;14473;3.5;0.9
33;2021-02-13;199;294;56657;14767;3.5;0.9
33;2021-02-14;44;247;56701;15014;3.5;0.9
33;2021-02-15;689;1732;57390;16746;3.5;1.0
33;2021-02-16;804;2053;58194;18799;3.6;1.2
33;2021-02-17;667;2047;58861;20846;3.6;1.3
33;2021-02-18;898;2268;59759;23114;3.7;1.4
33;2021-02-19;915;2025;60674;25139;3.7;1.5
33;2021-02-20;77;659;60751;25798;3.7;1.6
33;2021-02-21;37;464;60788;26262;3.7;1.6
33;2021-02-22;703;1896;61491;28158;3.8;1.7
33;2021-02-23;1235;2749;62726;30907;3.8;1.9
33;2021-02-24;1383;2533;64109;33440;3.9;2.0
33;2021-02-25;2828;3761;66937;37201;4.1;2.3
33;2021-02-26;4053;2331;70990;39532;4.3;2.4
33;2021-02-27;1359;724;72349;40256;4.4;2.5
33;2021-02-28;123;521;72472;40777;4.4;2.5
33;2021-03-01;1531;1853;74003;42630;4.5;2.6
33;2021-03-02;2325;1749;76328;44379;4.7;2.7
33;2021-03-03;2300;1708;78628;46087;4.8;2.8
33;2021-03-04;3931;1671;82559;47758;5.1;2.9
33;2021-03-05;5754;1746;88313;49504;5.4;3.0
33;2021-03-06;3412;557;91725;50061;5.6;3.1
33;2021-03-07;739;158;92464;50219;5.7;3.1
33;2021-03-08;2710;1153;95174;51372;5.8;3.1
33;2021-03-09;4395;1337;99569;52709;6.1;3.2
33;2021-03-10;5115;1236;104684;53945;6.4;3.3
33;2021-03-11;7537;1224;112221;55169;6.9;3.4
33;2021-03-12;10106;1156;122327;56325;7.5;3.4
33;2021-03-13;5149;204;127476;56529;7.8;3.5
33;2021-03-14;711;22;128187;56551;7.8;3.5
33;2021-03-15;4436;682;132623;57233;8.1;3.5
33;2021-03-16;3580;874;136203;58107;8.3;3.6
33;2021-03-17;3634;938;139837;59045;8.6;3.6
33;2021-03-18;4029;1406;143866;60451;8.8;3.7
33;2021-03-19;6264;1014;150130;61465;9.2;3.8
33;2021-03-20;3361;98;153491;61563;9.4;3.8
33;2021-03-21;460;28;153951;61591;9.4;3.8
33;2021-03-22;4898;441;158849;62032;9.7;3.8
33;2021-03-23;6315;604;165164;62636;10.1;3.8
33;2021-03-24;7074;523;172238;63159;10.5;3.9
33;2021-03-25;8829;645;181067;63804;11.1;3.9
33;2021-03-26;10032;845;191099;64649;11.7;4.0
33;2021-03-27;3618;80;194717;64729;11.9;4.0
33;2021-03-28;577;32;195294;64761;12.0;4.0
33;2021-03-29;6763;696;202057;65457;12.4;4.0
33;2021-03-30;8092;1035;210149;66492;12.9;4.1
33;2021-03-31;7574;1060;217723;67552;13.3;4.1
33;2021-04-01;8807;1182;226530;68734;13.9;4.2
33;2021-04-02;8401;1545;234931;70279;14.4;4.3
33;2021-04-03;2831;522;237762;70801;14.6;4.3
33;2021-04-04;216;160;237978;70961;14.6;4.3
33;2021-04-05;687;122;238665;71083;14.6;4.4
33;2021-04-06;6050;2703;244715;73786;15.0;4.5
33;2021-04-07;7416;2559;252131;76345;15.4;4.7
33;2021-04-08;10318;2776;262449;79121;16.1;4.8
33;2021-04-09;12680;3081;275129;82202;16.8;5.0
33;2021-04-10;5346;1393;280475;83595;17.2;5.1
33;2021-04-11;1001;354;281476;83949;17.2;5.1
33;2021-04-12;7419;3277;288895;87226;17.7;5.3
33;2021-04-13;9311;3472;298206;90698;18.3;5.6
33;2021-04-14;9034;3634;307240;94332;18.8;5.8
33;2021-04-15;10087;3866;317327;98198;19.4;6.0
33;2021-04-16;9713;4231;327040;102429;20.0;6.3
33;2021-04-17;4650;1657;331690;104086;20.3;6.4
33;2021-04-18;928;414;332618;104500;20.4;6.4
33;2021-04-19;5612;3840;338230;108340;20.7;6.6
33;2021-04-20;7288;4255;345518;112595;21.2;6.9
33;2021-04-21;6591;4347;352109;116942;21.6;7.2
33;2021-04-22;7341;4469;359450;121411;22.0;7.4
33;2021-04-23;7694;4797;367144;126208;22.5;7.7
33;2021-04-24;4496;1800;371640;128008;22.8;7.8
33;2021-04-25;1651;418;373291;128426;22.9;7.9
33;2021-04-26;5256;5080;378547;133506;23.2;8.2
33;2021-04-27;6566;5595;385113;139101;23.6;8.5
33;2021-04-28;6770;5564;391883;144665;24.0;8.9
33;2021-04-29;8413;6223;400296;150888;24.5;9.2
33;2021-04-30;8733;6141;409029;157029;25.0;9.6
33;2021-05-01;2896;513;411925;157542;25.2;9.6
33;2021-05-02;1834;345;413759;157887;25.3;9.7
33;2021-05-03;7012;5221;420771;163108;25.8;10.0
33;2021-05-04;6826;6664;427597;169772;26.2;10.4
33;2021-05-05;7138;7567;434735;177339;26.6;10.9
33;2021-05-06;8704;8238;443439;185577;27.1;11.4
33;2021-05-07;8604;8908;452043;194485;27.7;11.9
33;2021-05-08;3541;1597;455584;196082;27.9;12.0
33;2021-05-09;1115;968;456699;197050;28.0;12.1
33;2021-05-10;6873;7287;463572;204337;28.4;12.5
33;2021-05-11;8639;7815;472211;212152;28.9;13.0
33;2021-05-12;9167;6687;481378;218839;29.5;13.4
33;2021-05-13;5207;2108;486585;220947;29.8;13.5
33;2021-05-14;8129;5360;494714;226307;30.3;13.9
33;2021-05-15;5175;2875;499889;229182;30.6;14.0
33;2021-05-16;1838;805;501727;229987;30.7;14.1
33;2021-05-17;8854;5094;510581;235081;31.3;14.4
33;2021-05-18;10611;4871;521192;239952;31.9;14.7
33;2021-05-19;10902;4781;532094;244733;32.6;15.0
33;2021-05-20;10902;5585;542996;250318;33.2;15.3
33;2021-05-21;10914;6259;553910;256577;33.9;15.7
33;2021-05-22;5115;2752;559025;259329;34.2;15.9
33;2021-05-23;1743;382;560768;259711;34.3;15.9
33;2021-05-24;5410;995;566178;260706;34.7;16.0
33;2021-05-25;9382;5767;575560;266473;35.2;16.3
33;2021-05-26;9680;6028;585240;272501;35.8;16.7
33;2021-05-27;10900;7719;596140;280220;36.5;17.2
33;2021-05-28;10066;9539;606206;289759;37.1;17.7
33;2021-05-29;5040;4110;611246;293869;37.4;18.0
33;2021-05-30;1701;665;612947;294534;37.5;18.0
33;2021-05-31;8554;6425;621501;300959;38.0;18.4
33;2021-06-01;11798;8724;633299;309683;38.8;19.0
33;2021-06-02;11709;8219;645008;317902;39.5;19.5
33;2021-06-03;12703;9189;657711;327091;40.3;20.0
33;2021-06-04;12928;10951;670639;338042;41.1;20.7
33;2021-06-05;5269;5064;675908;343106;41.4;21.0
33;2021-06-06;2523;1191;678431;344297;41.5;21.1
33;2021-06-07;9754;8488;688185;352785;42.1;21.6
33;2021-06-08;11930;9454;700115;362239;42.9;22.2
33;2021-06-09;11765;8532;711880;370771;43.6;22.7
33;2021-06-10;12946;8381;724826;379152;44.4;23.2
33;2021-06-11;12505;11180;737331;390332;45.1;23.9
33;2021-06-12;6180;4475;743511;394807;45.5;24.2
33;2021-06-13;2614;1281;746125;396088;45.7;24.2
33;2021-06-14;8577;10152;754702;406240;46.2;24.9
33;2021-06-15;12053;10270;766755;416510;46.9;25.5
33;2021-06-16;12039;8853;778794;425363;47.7;26.0
33;2021-06-17;13067;9608;791861;434971;48.5;26.6
33;2021-06-18;11784;11437;803645;446408;49.2;27.3
33;2021-06-19;5606;4813;809251;451221;49.5;27.6
33;2021-06-20;2941;1470;812192;452691;49.7;27.7
33;2021-06-21;7858;10157;820050;462848;50.2;28.3
33;2021-06-22;9041;11081;829091;473929;50.8;29.0
33;2021-06-23;8629;10836;837720;484765;51.3;29.7
33;2021-06-24;9714;9979;847434;494744;51.9;30.3
33;2021-06-25;8015;13704;855449;508448;52.4;31.1
33;2021-06-26;4332;5918;859781;514366;52.6;31.5
33;2021-06-27;2464;1957;862245;516323;52.8;31.6
33;2021-06-28;4863;12775;867108;529098;53.1;32.4
33;2021-06-29;6417;13647;873525;542745;53.5;33.2
33;2021-06-30;6642;13378;880167;556123;53.9;34.0
33;2021-07-01;7978;11802;888145;567925;54.4;34.8
33;2021-07-02;6766;15116;894911;583041;54.8;35.7
33;2021-07-03;3167;6773;898078;589814;55.0;36.1
33;2021-07-04;2057;2378;900135;592192;55.1;36.3
33;2021-07-05;4311;12912;904446;605104;55.4;37.0
33;2021-07-06;6088;14602;910534;619706;55.7;37.9
33;2021-07-07;6668;13058;917202;632764;56.2;38.7
33;2021-07-08;7885;12754;925087;645518;56.6;39.5
33;2021-07-09;6315;15110;931402;660628;57.0;40.4
33;2021-07-10;3073;7155;934475;667783;57.2;40.9
33;2021-07-11;1838;2298;936313;670081;57.3;41.0
33;2021-07-12;3886;14717;940199;684798;57.6;41.9
33;2021-07-13;7092;16111;947291;700909;58.0;42.9
33;2021-07-14;3651;5308;950942;706217;58.2;43.2
33;2021-07-15;7510;15962;958452;722179;58.7;44.2
33;2021-07-16;8470;15141;966922;737320;59.2;45.1
33;2021-07-17;3083;6431;970005;743751;59.4;45.5
33;2021-07-18;1677;3205;971682;746956;59.5;45.7
33;2021-07-19;5773;15101;977455;762057;59.8;46.7
33;2021-07-20;7358;16125;984813;778182;60.3;47.6
33;2021-07-21;8298;14532;993111;792714;60.8;48.5
33;2021-07-22;9283;15104;1002394;807818;61.4;49.5
33;2021-07-23;9563;16346;1011957;824164;62.0;50.5
33;2021-07-24;3791;7545;1015748;831709;62.2;50.9
33;2021-07-25;2079;2658;1017827;834367;62.3;51.1
33;2021-07-26;6883;13406;1024710;847773;62.7;51.9
33;2021-07-27;9958;13379;1034668;861152;63.3;52.7
33;2021-07-28;10841;11942;1045509;873094;64.0;53.5
33;2021-07-29;11585;11872;1057094;884966;64.7;54.2
33;2021-07-30;11277;12183;1068371;897149;65.4;54.9
33;2021-07-31;4695;5627;1073066;902776;65.7;55.3
33;2021-08-01;2453;1936;1075519;904712;65.8;55.4
33;2021-08-02;8279;9850;1083798;914562;66.4;56.0
33;2021-08-03;11393;8969;1095191;923531;67.0;56.5
34;2020-12-27;1;0;1;0;0.0;0.0
34;2020-12-28;1;0;2;0;0.0;0.0
34;2020-12-29;0;0;2;0;0.0;0.0
34;2020-12-30;0;0;2;0;0.0;0.0
34;2020-12-31;0;0;2;0;0.0;0.0
34;2021-01-01;1;0;3;0;0.0;0.0
34;2021-01-02;2;0;5;0;0.0;0.0
34;2021-01-03;0;0;5;0;0.0;0.0
34;2021-01-04;21;0;26;0;0.0;0.0
34;2021-01-05;106;1;132;1;0.0;0.0
34;2021-01-06;198;1;330;2;0.0;0.0
34;2021-01-07;363;0;693;2;0.1;0.0
34;2021-01-08;606;0;1299;2;0.1;0.0
34;2021-01-09;244;0;1543;2;0.1;0.0
34;2021-01-10;93;1;1636;3;0.1;0.0
34;2021-01-11;560;1;2196;4;0.2;0.0
34;2021-01-12;1006;1;3202;5;0.3;0.0
34;2021-01-13;1098;6;4300;11;0.4;0.0
34;2021-01-14;1951;13;6251;24;0.5;0.0
34;2021-01-15;1468;5;7719;29;0.7;0.0
34;2021-01-16;331;6;8050;35;0.7;0.0
34;2021-01-17;233;1;8283;36;0.7;0.0
34;2021-01-18;1124;4;9407;40;0.8;0.0
34;2021-01-19;1609;7;11016;47;0.9;0.0
34;2021-01-20;2061;8;13077;55;1.1;0.0
34;2021-01-21;4205;10;17282;65;1.5;0.0
34;2021-01-22;2547;8;19829;73;1.7;0.0
34;2021-01-23;598;1;20427;74;1.7;0.0
34;2021-01-24;2;0;20429;74;1.7;0.0
34;2021-01-25;1242;5;21671;79;1.8;0.0
34;2021-01-26;1458;21;23129;100;2.0;0.0
34;2021-01-27;1466;23;24595;123;2.1;0.0
34;2021-01-28;1391;123;25986;246;2.2;0.0
34;2021-01-29;1258;138;27244;384;2.3;0.0
34;2021-01-30;479;25;27723;409;2.4;0.0
34;2021-01-31;4;0;27727;409;2.4;0.0
34;2021-02-01;1028;252;28755;661;2.4;0.1
34;2021-02-02;1455;444;30210;1105;2.6;0.1
34;2021-02-03;2648;527;32858;1632;2.8;0.1
34;2021-02-04;2303;886;35161;2518;3.0;0.2
34;2021-02-05;1887;1184;37048;3702;3.1;0.3
34;2021-02-06;491;241;37539;3943;3.2;0.3
34;2021-02-07;31;108;37570;4051;3.2;0.3
34;2021-02-08;860;1067;38430;5118;3.3;0.4
34;2021-02-09;1031;1312;39461;6430;3.4;0.5
34;2021-02-10;1287;1514;40748;7944;3.5;0.7
34;2021-02-11;1777;2711;42525;10655;3.6;0.9
34;2021-02-12;1914;1646;44439;12301;3.8;1.0
34;2021-02-13;353;514;44792;12815;3.8;1.1
34;2021-02-14;21;287;44813;13102;3.8;1.1
34;2021-02-15;671;1213;45484;14315;3.9;1.2
34;2021-02-16;666;1535;46150;15850;3.9;1.3
34;2021-02-17;710;1530;46860;17380;4.0;1.5
34;2021-02-18;835;1500;47695;18880;4.1;1.6
34;2021-02-19;817;1232;48512;20112;4.1;1.7
34;2021-02-20;301;485;48813;20597;4.2;1.8
34;2021-02-21;63;18;48876;20615;4.2;1.8
34;2021-02-22;629;1316;49505;21931;4.2;1.9
34;2021-02-23;560;1484;50065;23415;4.3;2.0
34;2021-02-24;931;2339;50996;25754;4.3;2.2
34;2021-02-25;1602;2283;52598;28037;4.5;2.4
34;2021-02-26;1849;1623;54447;29660;4.6;2.5
34;2021-02-27;701;434;55148;30094;4.7;2.6
34;2021-02-28;86;64;55234;30158;4.7;2.6
34;2021-03-01;928;1166;56162;31324;4.8;2.7
34;2021-03-02;1588;1288;57750;32612;4.9;2.8
34;2021-03-03;1830;1412;59580;34024;5.1;2.9
34;2021-03-04;2858;1623;62438;35647;5.3;3.0
34;2021-03-05;3685;1541;66123;37188;5.6;3.2
34;2021-03-06;2641;203;68764;37391;5.8;3.2
34;2021-03-07;1242;76;70006;37467;6.0;3.2
34;2021-03-08;2777;1016;72783;38483;6.2;3.3
34;2021-03-09;4012;1454;76795;39937;6.5;3.4
34;2021-03-10;3991;1335;80786;41272;6.9;3.5
34;2021-03-11;5427;1292;86213;42564;7.3;3.6
34;2021-03-12;6490;919;92703;43483;7.9;3.7
34;2021-03-13;3133;176;95836;43659;8.1;3.7
34;2021-03-14;1000;54;96836;43713;8.2;3.7
34;2021-03-15;3297;561;100133;44274;8.5;3.8
34;2021-03-16;2909;656;103042;44930;8.8;3.8
34;2021-03-17;3303;727;106345;45657;9.0;3.9
34;2021-03-18;3443;906;109788;46563;9.3;4.0
34;2021-03-19;4690;781;114478;47344;9.7;4.0
34;2021-03-20;3139;60;117617;47404;10.0;4.0
34;2021-03-21;1992;54;119609;47458;10.2;4.0
34;2021-03-22;3682;464;123291;47922;10.5;4.1
34;2021-03-23;4955;532;128246;48454;10.9;4.1
34;2021-03-24;5212;636;133458;49090;11.3;4.2
34;2021-03-25;7193;708;140651;49798;12.0;4.2
34;2021-03-26;7165;565;147816;50363;12.6;4.3
34;2021-03-27;2368;75;150184;50438;12.8;4.3
34;2021-03-28;698;15;150882;50453;12.8;4.3
34;2021-03-29;4177;754;155059;51207;13.2;4.4
34;2021-03-30;5217;964;160276;52171;13.6;4.4
34;2021-03-31;5064;1192;165340;53363;14.1;4.5
34;2021-04-01;7027;999;172367;54362;14.7;4.6
34;2021-04-02;5817;1171;178184;55533;15.1;4.7
34;2021-04-03;1137;85;179321;55618;15.2;4.7
34;2021-04-04;163;5;179484;55623;15.3;4.7
34;2021-04-05;431;26;179915;55649;15.3;4.7
34;2021-04-06;3129;2453;183044;58102;15.6;4.9
34;2021-04-07;3383;2641;186427;60743;15.9;5.2
34;2021-04-08;5248;2818;191675;63561;16.3;5.4
34;2021-04-09;8068;2482;199743;66043;17.0;5.6
34;2021-04-10;3164;1362;202907;67405;17.3;5.7
34;2021-04-11;1713;804;204620;68209;17.4;5.8
34;2021-04-12;4480;2521;209100;70730;17.8;6.0
34;2021-04-13;5234;3055;214334;73785;18.2;6.3
34;2021-04-14;5614;3227;219948;77012;18.7;6.5
34;2021-04-15;6989;3153;226937;80165;19.3;6.8
34;2021-04-16;6569;3153;233506;83318;19.9;7.1
34;2021-04-17;2372;2067;235878;85385;20.1;7.3
34;2021-04-18;989;1718;236867;87103;20.1;7.4
34;2021-04-19;3418;3128;240285;90231;20.4;7.7
34;2021-04-20;3762;3668;244047;93899;20.7;8.0
34;2021-04-21;4238;3716;248285;97615;21.1;8.3
34;2021-04-22;4482;4613;252767;102228;21.5;8.7
34;2021-04-23;5362;3517;258129;105745;21.9;9.0
34;2021-04-24;3160;1574;261289;107319;22.2;9.1
34;2021-04-25;1919;643;263208;107962;22.4;9.2
34;2021-04-26;4215;3474;267423;111436;22.7;9.5
34;2021-04-27;5124;4016;272547;115452;23.2;9.8
34;2021-04-28;5761;3544;278308;118996;23.7;10.1
34;2021-04-29;6417;3940;284725;122936;24.2;10.5
34;2021-04-30;7867;3289;292592;126225;24.9;10.7
34;2021-05-01;2402;501;294994;126726;25.1;10.8
34;2021-05-02;3258;319;298252;127045;25.4;10.8
34;2021-05-03;6574;2891;304826;129936;25.9;11.0
34;2021-05-04;7112;3795;311938;133731;26.5;11.4
34;2021-05-05;6499;4531;318437;138262;27.1;11.8
34;2021-05-06;6941;5209;325378;143471;27.7;12.2
34;2021-05-07;6923;5671;332301;149142;28.3;12.7
34;2021-05-08;3604;1165;335905;150307;28.6;12.8
34;2021-05-09;2177;1286;338082;151593;28.7;12.9
34;2021-05-10;5862;4797;343944;156390;29.2;13.3
34;2021-05-11;7413;5318;351357;161708;29.9;13.7
34;2021-05-12;7747;4461;359104;166169;30.5;14.1
34;2021-05-13;6121;775;365225;166944;31.1;14.2
34;2021-05-14;7482;3732;372707;170676;31.7;14.5
34;2021-05-15;4865;1683;377572;172359;32.1;14.7
34;2021-05-16;4946;457;382518;172816;32.5;14.7
34;2021-05-17;8691;1982;391209;174798;33.3;14.9
34;2021-05-18;9136;1967;400345;176765;34.0;15.0
34;2021-05-19;8623;1801;408968;178566;34.8;15.2
34;2021-05-20;8866;2505;417834;181071;35.5;15.4
34;2021-05-21;8779;3220;426613;184291;36.3;15.7
34;2021-05-22;5787;1149;432400;185440;36.8;15.8
34;2021-05-23;3881;545;436281;185985;37.1;15.8
34;2021-05-24;1896;852;438177;186837;37.3;15.9
34;2021-05-25;7138;3811;445315;190648;37.9;16.2
34;2021-05-26;8318;3021;453633;193669;38.6;16.5
34;2021-05-27;8316;4297;461949;197966;39.3;16.8
34;2021-05-28;8044;5441;469993;203407;40.0;17.3
34;2021-05-29;4003;3107;473996;206514;40.3;17.6
34;2021-05-30;1988;1393;475984;207907;40.5;17.7
34;2021-05-31;5877;5251;481861;213158;41.0;18.1
34;2021-06-01;6943;6106;488804;219264;41.6;18.6
34;2021-06-02;6127;5808;494931;225072;42.1;19.1
34;2021-06-03;7707;6493;502638;231565;42.7;19.7
34;2021-06-04;7654;7592;510292;239157;43.4;20.3
34;2021-06-05;4138;3672;514430;242829;43.7;20.6
34;2021-06-06;3268;1867;517698;244696;44.0;20.8
34;2021-06-07;4413;6761;522111;251457;44.4;21.4
34;2021-06-08;5857;6817;527968;258274;44.9;22.0
34;2021-06-09;5821;6825;533789;265099;45.4;22.5
34;2021-06-10;6313;6871;540102;271970;45.9;23.1
34;2021-06-11;5395;9270;545497;281240;46.4;23.9
34;2021-06-12;3169;4724;548666;285964;46.6;24.3
34;2021-06-13;1078;1905;549744;287869;46.7;24.5
34;2021-06-14;3440;7817;553184;295686;47.0;25.1
34;2021-06-15;3946;8786;557130;304472;47.4;25.9
34;2021-06-16;4602;7849;561732;312321;47.8;26.6
34;2021-06-17;4206;7954;565938;320275;48.1;27.2
34;2021-06-18;4340;9325;570278;329600;48.5;28.0
34;2021-06-19;2735;4403;573013;334003;48.7;28.4
34;2021-06-20;887;2871;573900;336874;48.8;28.6
34;2021-06-21;2167;8554;576067;345428;49.0;29.4
34;2021-06-22;2968;9409;579035;354837;49.2;30.2
34;2021-06-23;3511;8971;582546;363808;49.5;30.9
34;2021-06-24;3543;8674;586089;372482;49.8;31.7
34;2021-06-25;3354;10426;589443;382908;50.1;32.6
34;2021-06-26;1640;6192;591083;389100;50.3;33.1
34;2021-06-27;306;4271;591389;393371;50.3;33.4
34;2021-06-28;2259;9431;593648;402802;50.5;34.2
34;2021-06-29;2667;10288;596315;413090;50.7;35.1
34;2021-06-30;3259;9551;599574;422641;51.0;35.9
34;2021-07-01;3418;9437;602992;432078;51.3;36.7
34;2021-07-02;3344;9731;606336;441809;51.6;37.6
34;2021-07-03;1661;6162;607997;447971;51.7;38.1
34;2021-07-04;310;2764;608307;450735;51.7;38.3
34;2021-07-05;3183;7996;611490;458731;52.0;39.0
34;2021-07-06;3416;9166;614906;467897;52.3;39.8
34;2021-07-07;3228;8631;618134;476528;52.6;40.5
34;2021-07-08;4250;8847;622384;485375;52.9;41.3
34;2021-07-09;3892;9323;626276;494698;53.2;42.1
34;2021-07-10;2100;5704;628376;500402;53.4;42.5
34;2021-07-11;919;2574;629295;502976;53.5;42.8
34;2021-07-12;2829;8970;632124;511946;53.7;43.5
34;2021-07-13;4523;10016;636647;521962;54.1;44.4
34;2021-07-14;736;345;637383;522307;54.2;44.4
34;2021-07-15;5764;10355;643147;532662;54.7;45.3
34;2021-07-16;5690;10677;648837;543339;55.2;46.2
34;2021-07-17;4438;4387;653275;547726;55.5;46.6
34;2021-07-18;226;197;653501;547923;55.6;46.6
34;2021-07-19;5022;8288;658523;556211;56.0;47.3
34;2021-07-20;6748;8356;665271;564567;56.6;48.0
34;2021-07-21;7478;7762;672749;572329;57.2;48.7
34;2021-07-22;7351;8127;680100;580456;57.8;49.4
34;2021-07-23;7734;8100;687834;588556;58.5;50.0
34;2021-07-24;5970;3010;693804;591566;59.0;50.3
34;2021-07-25;3192;527;696996;592093;59.3;50.3
34;2021-07-26;6196;6405;703192;598498;59.8;50.9
34;2021-07-27;8323;5983;711515;604481;60.5;51.4
34;2021-07-28;9174;5849;720689;610330;61.3;51.9
34;2021-07-29;11212;5952;731901;616282;62.2;52.4
34;2021-07-30;9705;6457;741606;622739;63.1;52.9
34;2021-07-31;6378;2133;747984;624872;63.6;53.1
34;2021-08-01;3230;561;751214;625433;63.9;53.2
34;2021-08-02;7261;4975;758475;630408;64.5;53.6
34;2021-08-03;7973;5293;766448;635701;65.2;54.0
35;2020-12-27;0;0;0;0;0.0;0.0
35;2020-12-28;0;0;0;0;0.0;0.0
35;2020-12-29;2;0;2;0;0.0;0.0
35;2020-12-30;0;0;2;0;0.0;0.0
35;2020-12-31;1;0;3;0;0.0;0.0
35;2021-01-01;3;0;6;0;0.0;0.0
35;2021-01-02;0;0;6;0;0.0;0.0
35;2021-01-03;0;0;6;0;0.0;0.0
35;2021-01-04;10;0;16;0;0.0;0.0
35;2021-01-05;109;0;125;0;0.0;0.0
35;2021-01-06;175;0;300;0;0.0;0.0
35;2021-01-07;438;1;738;1;0.1;0.0
35;2021-01-08;513;1;1251;2;0.1;0.0
35;2021-01-09;31;0;1282;2;0.1;0.0
35;2021-01-10;1;0;1283;2;0.1;0.0
35;2021-01-11;538;0;1821;2;0.2;0.0
35;2021-01-12;885;2;2706;4;0.3;0.0
35;2021-01-13;967;1;3673;5;0.3;0.0
35;2021-01-14;1259;19;4932;24;0.5;0.0
35;2021-01-15;728;2;5660;26;0.5;0.0
35;2021-01-16;186;2;5846;28;0.5;0.0
35;2021-01-17;43;0;5889;28;0.5;0.0
35;2021-01-18;1221;2;7110;30;0.7;0.0
35;2021-01-19;5370;10;12480;40;1.2;0.0
35;2021-01-20;3204;7;15684;47;1.4;0.0
35;2021-01-21;3629;5;19313;52;1.8;0.0
35;2021-01-22;2088;10;21401;62;2.0;0.0
35;2021-01-23;421;1;21822;63;2.0;0.0
35;2021-01-24;50;0;21872;63;2.0;0.0
35;2021-01-25;914;17;22786;80;2.1;0.0
35;2021-01-26;1127;138;23913;218;2.2;0.0
35;2021-01-27;1030;128;24943;346;2.3;0.0
35;2021-01-28;915;300;25858;646;2.4;0.1
35;2021-01-29;724;292;26582;938;2.5;0.1
35;2021-01-30;139;20;26721;958;2.5;0.1
35;2021-01-31;0;0;26721;958;2.5;0.1
35;2021-02-01;667;335;27388;1293;2.5;0.1
35;2021-02-02;724;488;28112;1781;2.6;0.2
35;2021-02-03;659;506;28771;2287;2.7;0.2
35;2021-02-04;589;657;29360;2944;2.7;0.3
35;2021-02-05;624;563;29984;3507;2.8;0.3
35;2021-02-06;168;5;30152;3512;2.8;0.3
35;2021-02-07;1;0;30153;3512;2.8;0.3
35;2021-02-08;447;659;30600;4171;2.8;0.4
35;2021-02-09;1714;3555;32314;7726;3.0;0.7
35;2021-02-10;1367;2708;33681;10434;3.1;1.0
35;2021-02-11;1919;3221;35600;13655;3.3;1.3
35;2021-02-12;1637;1740;37237;15395;3.4;1.4
35;2021-02-13;57;254;37294;15649;3.4;1.4
35;2021-02-14;7;68;37301;15717;3.4;1.5
35;2021-02-15;771;1104;38072;16821;3.5;1.6
35;2021-02-16;918;1028;38990;17849;3.6;1.6
35;2021-02-17;889;1100;39879;18949;3.7;1.8
35;2021-02-18;1016;999;40895;19948;3.8;1.8
35;2021-02-19;1010;971;41905;20919;3.9;1.9
35;2021-02-20;143;49;42048;20968;3.9;1.9
35;2021-02-21;5;0;42053;20968;3.9;1.9
35;2021-02-22;774;834;42827;21802;4.0;2.0
35;2021-02-23;1287;865;44114;22667;4.1;2.1
35;2021-02-24;1403;818;45517;23485;4.2;2.2
35;2021-02-25;2244;781;47761;24266;4.4;2.2
35;2021-02-26;2598;734;50359;25000;4.7;2.3
35;2021-02-27;868;103;51227;25103;4.7;2.3
35;2021-02-28;9;0;51236;25103;4.7;2.3
35;2021-03-01;961;694;52197;25797;4.8;2.4
35;2021-03-02;1632;1995;53829;27792;5.0;2.6
35;2021-03-03;1907;967;55736;28759;5.2;2.7
35;2021-03-04;2916;1409;58652;30168;5.4;2.8
35;2021-03-05;3711;1332;62363;31500;5.8;2.9
35;2021-03-06;1340;87;63703;31587;5.9;2.9
35;2021-03-07;1;40;63704;31627;5.9;2.9
35;2021-03-08;1469;584;65173;32211;6.0;3.0
35;2021-03-09;3230;600;68403;32811;6.3;3.0
35;2021-03-10;2901;561;71304;33372;6.6;3.1
35;2021-03-11;4192;705;75496;34077;7.0;3.1
35;2021-03-12;6046;589;81542;34666;7.5;3.2
35;2021-03-13;2424;131;83966;34797;7.8;3.2
35;2021-03-14;18;25;83984;34822;7.8;3.2
35;2021-03-15;1965;667;85949;35489;7.9;3.3
35;2021-03-16;2501;727;88450;36216;8.2;3.3
35;2021-03-17;2389;601;90839;36817;8.4;3.4
35;2021-03-18;2331;595;93170;37412;8.6;3.5
35;2021-03-19;3542;499;96712;37911;8.9;3.5
35;2021-03-20;1536;111;98248;38022;9.1;3.5
35;2021-03-21;36;1;98284;38023;9.1;3.5
35;2021-03-22;1748;842;100032;38865;9.2;3.6
35;2021-03-23;3622;1179;103654;40044;9.6;3.7
35;2021-03-24;3728;987;107382;41031;9.9;3.8
35;2021-03-25;5330;988;112712;42019;10.4;3.9
35;2021-03-26;5841;809;118553;42828;11.0;4.0
35;2021-03-27;1414;207;119967;43035;11.1;4.0
35;2021-03-28;4;0;119971;43035;11.1;4.0
35;2021-03-29;2779;909;122750;43944;11.3;4.1
35;2021-03-30;4289;1329;127039;45273;11.7;4.2
35;2021-03-31;3467;1339;130506;46612;12.1;4.3
35;2021-04-01;4248;1227;134754;47839;12.5;4.4
35;2021-04-02;4862;1206;139616;49045;12.9;4.5
35;2021-04-03;763;214;140379;49259;13.0;4.6
35;2021-04-04;5;0;140384;49259;13.0;4.6
35;2021-04-05;18;1;140402;49260;13.0;4.6
35;2021-04-06;3269;2041;143671;51301;13.3;4.7
35;2021-04-07;3959;1844;147630;53145;13.6;4.9
35;2021-04-08;5803;1585;153433;54730;14.2;5.1
35;2021-04-09;7423;1407;160856;56137;14.9;5.2
35;2021-04-10;1859;248;162715;56385;15.0;5.2
35;2021-04-11;35;23;162750;56408;15.0;5.2
35;2021-04-12;5134;1599;167884;58007;15.5;5.4
35;2021-04-13;7613;2782;175497;60789;16.2;5.6
35;2021-04-14;6318;2295;181815;63084;16.8;5.8
35;2021-04-15;7560;2159;189375;65243;17.5;6.0
35;2021-04-16;8079;1737;197454;66980;18.2;6.2
35;2021-04-17;1570;219;199024;67199;18.4;6.2
35;2021-04-18;10;4;199034;67203;18.4;6.2
35;2021-04-19;4814;1671;203848;68874;18.8;6.4
35;2021-04-20;5157;2634;209005;71508;19.3;6.6
35;2021-04-21;5127;2201;214132;73709;19.8;6.8
35;2021-04-22;6423;2316;220555;76025;20.4;7.0
35;2021-04-23;6816;2348;227371;78373;21.0;7.2
35;2021-04-24;1131;261;228502;78634;21.1;7.3
35;2021-04-25;7;16;228509;78650;21.1;7.3
35;2021-04-26;5096;2148;233605;80798;21.6;7.5
35;2021-04-27;6086;3205;239691;84003;22.2;7.8
35;2021-04-28;6171;2556;245862;86559;22.7;8.0
35;2021-04-29;7116;2751;252978;89310;23.4;8.3
35;2021-04-30;7551;2531;260529;91841;24.1;8.5
35;2021-05-01;616;239;261145;92080;24.1;8.5
35;2021-05-02;14;21;261159;92101;24.1;8.5
35;2021-05-03;5308;2331;266467;94432;24.6;8.7
35;2021-05-04;5077;5339;271544;99771;25.1;9.2
35;2021-05-05;4877;4440;276421;104211;25.5;9.6
35;2021-05-06;6167;5268;282588;109479;26.1;10.1
35;2021-05-07;5620;5248;288208;114727;26.6;10.6
35;2021-05-08;1720;136;289928;114863;26.8;10.6
35;2021-05-09;695;75;290623;114938;26.9;10.6
35;2021-05-10;3716;4961;294339;119899;27.2;11.1
35;2021-05-11;4773;5798;299112;125697;27.6;11.6
35;2021-05-12;5282;5494;304394;131191;28.1;12.1
35;2021-05-13;2696;1427;307090;132618;28.4;12.3
35;2021-05-14;5456;4281;312546;136899;28.9;12.7
35;2021-05-15;2928;716;315474;137615;29.2;12.7
35;2021-05-16;995;61;316469;137676;29.2;12.7
35;2021-05-17;4476;3883;320945;141559;29.7;13.1
35;2021-05-18;5833;4319;326778;145878;30.2;13.5
35;2021-05-19;5861;3619;332639;149497;30.7;13.8
35;2021-05-20;6443;4009;339082;153506;31.3;14.2
35;2021-05-21;6131;4765;345213;158271;31.9;14.6
35;2021-05-22;2115;739;347328;159010;32.1;14.7
35;2021-05-23;689;46;348017;159056;32.2;14.7
35;2021-05-24;3204;1294;351221;160350;32.5;14.8
35;2021-05-25;5542;4275;356763;164625;33.0;15.2
35;2021-05-26;5721;4166;362484;168791;33.5;15.6
35;2021-05-27;6523;4776;369007;173567;34.1;16.0
35;2021-05-28;6330;5576;375337;179143;34.7;16.6
35;2021-05-29;2875;1148;378212;180291;35.0;16.7
35;2021-05-30;876;39;379088;180330;35.0;16.7
35;2021-05-31;6309;4388;385397;184718;35.6;17.1
35;2021-06-01;7366;5121;392763;189839;36.3;17.5
35;2021-06-02;7216;3791;399979;193630;37.0;17.9
35;2021-06-03;8154;4994;408133;198624;37.7;18.4
35;2021-06-04;7271;7464;415404;206088;38.4;19.0
35;2021-06-05;4140;1579;419544;207667;38.8;19.2
35;2021-06-06;3054;148;422598;207815;39.1;19.2
35;2021-06-07;5775;5768;428373;213583;39.6;19.7
35;2021-06-08;7593;5949;435966;219532;40.3;20.3
35;2021-06-09;8456;4816;444422;224348;41.1;20.7
35;2021-06-10;9338;4744;453760;229092;41.9;21.2
35;2021-06-11;8632;7472;462392;236564;42.7;21.9
35;2021-06-12;4687;1206;467079;237770;43.2;22.0
35;2021-06-13;3383;223;470462;237993;43.5;22.0
35;2021-06-14;6230;6514;476692;244507;44.1;22.6
35;2021-06-15;7503;6960;484195;251467;44.7;23.2
35;2021-06-16;8313;5627;492508;257094;45.5;23.8
35;2021-06-17;8887;5898;501395;262992;46.3;24.3
35;2021-06-18;8717;8100;510112;271092;47.1;25.1
35;2021-06-19;1500;2509;511612;273601;47.3;25.3
35;2021-06-20;2955;885;514567;274486;47.6;25.4
35;2021-06-21;5926;6373;520493;280859;48.1;26.0
35;2021-06-22;6840;7497;527333;288356;48.7;26.6
35;2021-06-23;7236;6143;534569;294499;49.4;27.2
35;2021-06-24;8335;5916;542904;300415;50.2;27.8
35;2021-06-25;6605;8473;549509;308888;50.8;28.5
35;2021-06-26;1101;3081;550610;311969;50.9;28.8
35;2021-06-27;2629;1027;553239;312996;51.1;28.9
35;2021-06-28;4276;7753;557515;320749;51.5;29.6
35;2021-06-29;5065;7973;562580;328722;52.0;30.4
35;2021-06-30;5565;7886;568145;336608;52.5;31.1
35;2021-07-01;6498;7538;574643;344146;53.1;31.8
35;2021-07-02;5310;9855;579953;354001;53.6;32.7
35;2021-07-03;1075;2841;581028;356842;53.7;33.0
35;2021-07-04;2144;1552;583172;358394;53.9;33.1
35;2021-07-05;3707;8205;586879;366599;54.2;33.9
35;2021-07-06;4742;9476;591621;376075;54.7;34.8
35;2021-07-07;4999;8331;596620;384406;55.1;35.5
35;2021-07-08;5324;8486;601944;392892;55.6;36.3
35;2021-07-09;3855;11546;605799;404438;56.0;37.4
35;2021-07-10;887;3150;606686;407588;56.1;37.7
35;2021-07-11;1291;2360;607977;409948;56.2;37.9
35;2021-07-12;3039;9159;611016;419107;56.5;38.7
35;2021-07-13;3939;10748;614955;429855;56.8;39.7
35;2021-07-14;2134;4451;617089;434306;57.0;40.1
35;2021-07-15;4233;10181;621322;444487;57.4;41.1
35;2021-07-16;4675;11011;625997;455498;57.9;42.1
35;2021-07-17;1969;4070;627966;459568;58.0;42.5
35;2021-07-18;841;2569;628807;462137;58.1;42.7
35;2021-07-19;3222;8984;632029;471121;58.4;43.5
35;2021-07-20;4176;10594;636205;481715;58.8;44.5
35;2021-07-21;4276;9387;640481;491102;59.2;45.4
35;2021-07-22;4784;9660;645265;500762;59.6;46.3
35;2021-07-23;4511;11008;649776;511770;60.0;47.3
35;2021-07-24;1580;4266;651356;516036;60.2;47.7
35;2021-07-25;809;2845;652165;518881;60.3;48.0
35;2021-07-26;3835;8733;656000;527614;60.6;48.8
35;2021-07-27;5151;9644;661151;537258;61.1;49.7
35;2021-07-28;5274;8669;666425;545927;61.6;50.5
35;2021-07-29;6043;8325;672468;554252;62.1;51.2
35;2021-07-30;5829;9055;678297;563307;62.7;52.1
35;2021-07-31;2285;3653;680582;566960;62.9;52.4
35;2021-08-01;1513;2410;682095;569370;63.0;52.6
35;2021-08-02;4682;6932;686777;576302;63.5;53.3
35;2021-08-03;6630;7557;693407;583859;64.1;54.0
36;2020-12-27;0;0;0;0;0.0;0.0
36;2020-12-28;0;0;0;0;0.0;0.0
36;2020-12-29;0;0;0;0;0.0;0.0
36;2020-12-30;0;0;0;0;0.0;0.0
36;2020-12-31;0;0;0;0;0.0;0.0
36;2021-01-01;0;0;0;0;0.0;0.0
36;2021-01-02;0;0;0;0;0.0;0.0
36;2021-01-03;0;0;0;0;0.0;0.0
36;2021-01-04;0;0;0;0;0.0;0.0
36;2021-01-05;0;0;0;0;0.0;0.0
36;2021-01-06;24;0;24;0;0.0;0.0
36;2021-01-07;51;0;75;0;0.0;0.0
36;2021-01-08;111;0;186;0;0.1;0.0
36;2021-01-09;83;0;269;0;0.1;0.0
36;2021-01-10;142;0;411;0;0.2;0.0
36;2021-01-11;239;1;650;1;0.3;0.0
36;2021-01-12;282;0;932;1;0.4;0.0
36;2021-01-13;198;1;1130;2;0.5;0.0
36;2021-01-14;505;4;1635;6;0.8;0.0
36;2021-01-15;179;1;1814;7;0.8;0.0
36;2021-01-16;24;0;1838;7;0.8;0.0
36;2021-01-17;19;2;1857;9;0.9;0.0
36;2021-01-18;613;4;2470;13;1.1;0.0
36;2021-01-19;1164;3;3634;16;1.7;0.0
36;2021-01-20;1099;3;4733;19;2.2;0.0
36;2021-01-21;720;0;5453;19;2.5;0.0
36;2021-01-22;857;4;6310;23;2.9;0.0
36;2021-01-23;295;0;6605;23;3.0;0.0
36;2021-01-24;185;1;6790;24;3.1;0.0
36;2021-01-25;640;5;7430;29;3.4;0.0
36;2021-01-26;610;1;8040;30;3.7;0.0
36;2021-01-27;848;19;8888;49;4.1;0.0
36;2021-01-28;477;47;9365;96;4.3;0.0
36;2021-01-29;573;98;9938;194;4.6;0.1
36;2021-01-30;288;73;10226;267;4.7;0.1
36;2021-01-31;115;136;10341;403;4.8;0.2
36;2021-02-01;378;100;10719;503;4.9;0.2
36;2021-02-02;410;175;11129;678;5.1;0.3
36;2021-02-03;471;264;11600;942;5.3;0.4
36;2021-02-04;275;280;11875;1222;5.5;0.6
36;2021-02-05;302;164;12177;1386;5.6;0.6
36;2021-02-06;0;0;12177;1386;5.6;0.6
36;2021-02-07;1;0;12178;1386;5.6;0.6
36;2021-02-08;280;259;12458;1645;5.7;0.8
36;2021-02-09;327;609;12785;2254;5.9;1.0
36;2021-02-10;488;656;13273;2910;6.1;1.3
36;2021-02-11;385;600;13658;3510;6.3;1.6
36;2021-02-12;302;461;13960;3971;6.4;1.8
36;2021-02-13;126;83;14086;4054;6.5;1.9
36;2021-02-14;22;45;14108;4099;6.5;1.9
36;2021-02-15;42;576;14150;4675;6.5;2.2
36;2021-02-16;105;419;14255;5094;6.6;2.3
36;2021-02-17;117;626;14372;5720;6.6;2.6
36;2021-02-18;161;619;14533;6339;6.7;2.9
36;2021-02-19;181;541;14714;6880;6.8;3.2
36;2021-02-20;85;239;14799;7119;6.8;3.3
36;2021-02-21;87;157;14886;7276;6.9;3.4
36;2021-02-22;162;507;15048;7783;6.9;3.6
36;2021-02-23;62;575;15110;8358;7.0;3.8
36;2021-02-24;111;682;15221;9040;7.0;4.2
36;2021-02-25;251;283;15472;9323;7.1;4.3
36;2021-02-26;339;474;15811;9797;7.3;4.5
36;2021-02-27;72;277;15883;10074;7.3;4.6
36;2021-02-28;13;97;15896;10171;7.3;4.7
36;2021-03-01;218;342;16114;10513;7.4;4.8
36;2021-03-02;352;362;16466;10875;7.6;5.0
36;2021-03-03;393;531;16859;11406;7.8;5.3
36;2021-03-04;662;356;17521;11762;8.1;5.4
36;2021-03-05;799;295;18320;12057;8.4;5.6
36;2021-03-06;410;16;18730;12073;8.6;5.6
36;2021-03-07;340;7;19070;12080;8.8;5.6
36;2021-03-08;251;315;19321;12395;8.9;5.7
36;2021-03-09;449;268;19770;12663;9.1;5.8
36;2021-03-10;723;409;20493;13072;9.4;6.0
36;2021-03-11;837;242;21330;13314;9.8;6.1
36;2021-03-12;1445;292;22775;13606;10.5;6.3
36;2021-03-13;574;125;23349;13731;10.8;6.3
36;2021-03-14;113;0;23462;13731;10.8;6.3
36;2021-03-15;648;157;24110;13888;11.1;6.4
36;2021-03-16;447;65;24557;13953;11.3;6.4
36;2021-03-17;764;90;25321;14043;11.7;6.5
36;2021-03-18;414;71;25735;14114;11.9;6.5
36;2021-03-19;738;39;26473;14153;12.2;6.5
36;2021-03-20;451;27;26924;14180;12.4;6.5
36;2021-03-21;0;0;26924;14180;12.4;6.5
36;2021-03-22;496;58;27420;14238;12.6;6.6
36;2021-03-23;777;57;28197;14295;13.0;6.6
36;2021-03-24;1088;74;29285;14369;13.5;6.6
36;2021-03-25;1334;89;30619;14458;14.1;6.7
36;2021-03-26;1419;155;32038;14613;14.8;6.7
36;2021-03-27;475;42;32513;14655;15.0;6.7
36;2021-03-28;68;57;32581;14712;15.0;6.8
36;2021-03-29;461;183;33042;14895;15.2;6.9
36;2021-03-30;582;264;33624;15159;15.5;7.0
36;2021-03-31;1262;168;34886;15327;16.1;7.1
36;2021-04-01;1084;428;35970;15755;16.6;7.3
36;2021-04-02;965;136;36935;15891;17.0;7.3
36;2021-04-03;282;179;37217;16070;17.1;7.4
36;2021-04-04;42;2;37259;16072;17.2;7.4
36;2021-04-05;15;46;37274;16118;17.2;7.4
36;2021-04-06;821;362;38095;16480;17.5;7.6
36;2021-04-07;1073;537;39168;17017;18.0;7.8
36;2021-04-08;1347;478;40515;17495;18.7;8.1
36;2021-04-09;1939;401;42454;17896;19.6;8.2
36;2021-04-10;591;240;43045;18136;19.8;8.4
36;2021-04-11;256;91;43301;18227;19.9;8.4
36;2021-04-12;849;561;44150;18788;20.3;8.7
36;2021-04-13;1139;518;45289;19306;20.9;8.9
36;2021-04-14;1582;862;46871;20168;21.6;9.3
36;2021-04-15;1653;467;48524;20635;22.3;9.5
36;2021-04-16;1488;466;50012;21101;23.0;9.7
36;2021-04-17;893;247;50905;21348;23.4;9.8
36;2021-04-18;383;7;51288;21355;23.6;9.8
36;2021-04-19;874;442;52162;21797;24.0;10.0
36;2021-04-20;1145;520;53307;22317;24.5;10.3
36;2021-04-21;1240;875;54547;23192;25.1;10.7
36;2021-04-22;1593;870;56140;24062;25.9;11.1
36;2021-04-23;1327;618;57467;24680;26.5;11.4
36;2021-04-24;678;378;58145;25058;26.8;11.5
36;2021-04-25;413;95;58558;25153;27.0;11.6
36;2021-04-26;1134;448;59692;25601;27.5;11.8
36;2021-04-27;1280;553;60972;26154;28.1;12.0
36;2021-04-28;1489;1061;62461;27215;28.8;12.5
36;2021-04-29;2015;704;64476;27919;29.7;12.9
36;2021-04-30;1553;456;66029;28375;30.4;13.1
36;2021-05-01;724;64;66753;28439;30.7;13.1
36;2021-05-02;498;61;67251;28500;31.0;13.1
36;2021-05-03;1292;306;68543;28806;31.6;13.3
36;2021-05-04;780;807;69323;29613;31.9;13.6
36;2021-05-05;1281;1309;70604;30922;32.5;14.2
36;2021-05-06;2138;793;72742;31715;33.5;14.6
36;2021-05-07;1469;766;74211;32481;34.2;15.0
36;2021-05-08;306;104;74517;32585;34.3;15.0
36;2021-05-09;175;343;74692;32928;34.4;15.2
36;2021-05-10;1215;813;75907;33741;35.0;15.5
36;2021-05-11;1726;1245;77633;34986;35.8;16.1
36;2021-05-12;1825;1481;79458;36467;36.6;16.8
36;2021-05-13;548;306;80006;36773;36.8;16.9
36;2021-05-14;700;1039;80706;37812;37.2;17.4
36;2021-05-15;635;591;81341;38403;37.5;17.7
36;2021-05-16;337;377;81678;38780;37.6;17.9
36;2021-05-17;614;944;82292;39724;37.9;18.3
36;2021-05-18;874;938;83166;40662;38.3;18.7
36;2021-05-19;1332;843;84498;41505;38.9;19.1
36;2021-05-20;1611;1208;86109;42713;39.7;19.7
36;2021-05-21;1106;1069;87215;43782;40.2;20.2
36;2021-05-22;678;342;87893;44124;40.5;20.3
36;2021-05-23;426;295;88319;44419;40.7;20.5
36;2021-05-24;504;468;88823;44887;40.9;20.7
36;2021-05-25;1045;687;89868;45574;41.4;21.0
36;2021-05-26;1473;1165;91341;46739;42.1;21.5
36;2021-05-27;1398;976;92739;47715;42.7;22.0
36;2021-05-28;920;1480;93659;49195;43.1;22.7
36;2021-05-29;700;507;94359;49702;43.5;22.9
36;2021-05-30;111;574;94470;50276;43.5;23.2
36;2021-05-31;1137;762;95607;51038;44.0;23.5
36;2021-06-01;1410;825;97017;51863;44.7;23.9
36;2021-06-02;2058;613;99075;52476;45.6;24.2
36;2021-06-03;1900;1199;100975;53675;46.5;24.7
36;2021-06-04;1774;1047;102749;54722;47.3;25.2
36;2021-06-05;692;657;103441;55379;47.6;25.5
36;2021-06-06;336;272;103777;55651;47.8;25.6
36;2021-06-07;983;809;104760;56460;48.2;26.0
36;2021-06-08;958;980;105718;57440;48.7;26.5
36;2021-06-09;1674;1069;107392;58509;49.5;26.9
36;2021-06-10;1533;1376;108925;59885;50.2;27.6
36;2021-06-11;1288;1499;110213;61384;50.8;28.3
36;2021-06-12;919;782;111132;62166;51.2;28.6
36;2021-06-13;343;269;111475;62435;51.3;28.8
36;2021-06-14;606;1270;112081;63705;51.6;29.3
36;2021-06-15;731;1216;112812;64921;52.0;29.9
36;2021-06-16;900;1518;113712;66439;52.4;30.6
36;2021-06-17;750;1906;114462;68345;52.7;31.5
36;2021-06-18;705;1880;115167;70225;53.0;32.3
36;2021-06-19;294;395;115461;70620;53.2;32.5
36;2021-06-20;235;327;115696;70947;53.3;32.7
36;2021-06-21;684;1448;116380;72395;53.6;33.3
36;2021-06-22;840;1550;117220;73945;54.0;34.1
36;2021-06-23;773;1792;117993;75737;54.3;34.9
36;2021-06-24;852;1524;118845;77261;54.7;35.6
36;2021-06-25;940;1220;119785;78481;55.2;36.1
36;2021-06-26;324;603;120109;79084;55.3;36.4
36;2021-06-27;105;267;120214;79351;55.4;36.5
36;2021-06-28;698;929;120912;80280;55.7;37.0
36;2021-06-29;683;1458;121595;81738;56.0;37.6
36;2021-06-30;832;2153;122427;83891;56.4;38.6
36;2021-07-01;351;1085;122778;84976;56.5;39.1
36;2021-07-02;740;1847;123518;86823;56.9;40.0
36;2021-07-03;466;884;123984;87707;57.1;40.4
36;2021-07-04;184;326;124168;88033;57.2;40.5
36;2021-07-05;494;1333;124662;89366;57.4;41.2
36;2021-07-06;490;1221;125152;90587;57.6;41.7
36;2021-07-07;585;1795;125737;92382;57.9;42.5
36;2021-07-08;544;1707;126281;94089;58.2;43.3
36;2021-07-09;779;1656;127060;95745;58.5;44.1
36;2021-07-10;464;1119;127524;96864;58.7;44.6
36;2021-07-11;256;154;127780;97018;58.8;44.7
36;2021-07-12;329;1630;128109;98648;59.0;45.4
36;2021-07-13;307;1938;128416;100586;59.1;46.3
36;2021-07-14;375;763;128791;101349;59.3;46.7
36;2021-07-15;911;2169;129702;103518;59.7;47.7
36;2021-07-16;625;1880;130327;105398;60.0;48.5
36;2021-07-17;396;859;130723;106257;60.2;48.9
36;2021-07-18;195;407;130918;106664;60.3;49.1
36;2021-07-19;549;1458;131467;108122;60.5;49.8
36;2021-07-20;776;1406;132243;109528;60.9;50.4
36;2021-07-21;708;1980;132951;111508;61.2;51.4
36;2021-07-22;1135;1685;134086;113193;61.8;52.1
36;2021-07-23;964;1744;135050;114937;62.2;52.9
36;2021-07-24;607;804;135657;115741;62.5;53.3
36;2021-07-25;147;403;135804;116144;62.5;53.5
36;2021-07-26;944;1085;136748;117229;63.0;54.0
36;2021-07-27;805;1349;137553;118578;63.3;54.6
36;2021-07-28;1373;1394;138926;119972;64.0;55.3
36;2021-07-29;1706;1310;140632;121282;64.8;55.9
36;2021-07-30;1441;1311;142073;122593;65.4;56.5
36;2021-07-31;931;531;143004;123124;65.9;56.7
36;2021-08-01;206;240;143210;123364;66.0;56.8
36;2021-08-02;1106;882;144316;124246;66.5;57.2
36;2021-08-03;1270;990;145586;125236;67.0;57.7
37;2020-12-27;0;0;0;0;0.0;0.0
37;2020-12-28;17;0;17;0;0.0;0.0
37;2020-12-29;10;0;27;0;0.0;0.0
37;2020-12-30;0;0;27;0;0.0;0.0
37;2020-12-31;0;0;27;0;0.0;0.0
37;2021-01-01;0;0;27;0;0.0;0.0
37;2021-01-02;0;0;27;0;0.0;0.0
37;2021-01-03;0;0;27;0;0.0;0.0
37;2021-01-04;21;0;48;0;0.0;0.0
37;2021-01-05;47;0;95;0;0.0;0.0
37;2021-01-06;79;0;174;0;0.0;0.0
37;2021-01-07;115;0;289;0;0.0;0.0
37;2021-01-08;442;0;731;0;0.1;0.0
37;2021-01-09;79;0;810;0;0.1;0.0
37;2021-01-10;83;0;893;0;0.1;0.0
37;2021-01-11;280;0;1173;0;0.2;0.0
37;2021-01-12;659;4;1832;4;0.3;0.0
37;2021-01-13;560;1;2392;5;0.4;0.0
37;2021-01-14;521;3;2913;8;0.5;0.0
37;2021-01-15;627;1;3540;9;0.6;0.0
37;2021-01-16;303;2;3843;11;0.6;0.0
37;2021-01-17;262;1;4105;12;0.7;0.0
37;2021-01-18;733;8;4838;20;0.8;0.0
37;2021-01-19;1244;10;6082;30;1.0;0.0
37;2021-01-20;1038;3;7120;33;1.2;0.0
37;2021-01-21;854;0;7974;33;1.3;0.0
37;2021-01-22;767;2;8741;35;1.4;0.0
37;2021-01-23;173;0;8914;35;1.5;0.0
37;2021-01-24;0;0;8914;35;1.5;0.0
37;2021-01-25;537;13;9451;48;1.6;0.0
37;2021-01-26;1812;65;11263;113;1.9;0.0
37;2021-01-27;1520;76;12783;189;2.1;0.0
37;2021-01-28;1528;92;14311;281;2.4;0.0
37;2021-01-29;632;309;14943;590;2.5;0.1
37;2021-01-30;202;63;15145;653;2.5;0.1
37;2021-01-31;15;65;15160;718;2.5;0.1
37;2021-02-01;332;200;15492;918;2.6;0.2
37;2021-02-02;523;529;16015;1447;2.6;0.2
37;2021-02-03;661;354;16676;1801;2.8;0.3
37;2021-02-04;546;411;17222;2212;2.8;0.4
37;2021-02-05;465;444;17687;2656;2.9;0.4
37;2021-02-06;189;2;17876;2658;3.0;0.4
37;2021-02-07;20;1;17896;2659;3.0;0.4
37;2021-02-08;331;320;18227;2979;3.0;0.5
37;2021-02-09;625;722;18852;3701;3.1;0.6
37;2021-02-10;662;513;19514;4214;3.2;0.7
37;2021-02-11;611;563;20125;4777;3.3;0.8
37;2021-02-12;489;553;20614;5330;3.4;0.9
37;2021-02-13;155;207;20769;5537;3.4;0.9
37;2021-02-14;1;71;20770;5608;3.4;0.9
37;2021-02-15;425;481;21195;6089;3.5;1.0
37;2021-02-16;842;1451;22037;7540;3.6;1.2
37;2021-02-17;633;1377;22670;8917;3.7;1.5
37;2021-02-18;903;1416;23573;10333;3.9;1.7
37;2021-02-19;795;840;24368;11173;4.0;1.8
37;2021-02-20;245;212;24613;11385;4.1;1.9
37;2021-02-21;5;1;24618;11386;4.1;1.9
37;2021-02-22;336;584;24954;11970;4.1;2.0
37;2021-02-23;604;631;25558;12601;4.2;2.1
37;2021-02-24;571;620;26129;13221;4.3;2.2
37;2021-02-25;874;614;27003;13835;4.5;2.3
37;2021-02-26;1114;579;28117;14414;4.6;2.4
37;2021-02-27;584;187;28701;14601;4.7;2.4
37;2021-02-28;23;0;28724;14601;4.7;2.4
37;2021-03-01;603;362;29327;14963;4.8;2.5
37;2021-03-02;1090;541;30417;15504;5.0;2.6
37;2021-03-03;970;547;31387;16051;5.2;2.7
37;2021-03-04;1603;479;32990;16530;5.4;2.7
37;2021-03-05;2128;554;35118;17084;5.8;2.8
37;2021-03-06;1166;211;36284;17295;6.0;2.9
37;2021-03-07;471;65;36755;17360;6.1;2.9
37;2021-03-08;666;401;37421;17761;6.2;2.9
37;2021-03-09;1652;703;39073;18464;6.5;3.0
37;2021-03-10;1607;744;40680;19208;6.7;3.2
37;2021-03-11;2046;697;42726;19905;7.1;3.3
37;2021-03-12;3208;465;45934;20370;7.6;3.4
37;2021-03-13;1951;189;47885;20559;7.9;3.4
37;2021-03-14;206;4;48091;20563;7.9;3.4
37;2021-03-15;1069;249;49160;20812;8.1;3.4
37;2021-03-16;1048;529;50208;21341;8.3;3.5
37;2021-03-17;935;277;51143;21618;8.4;3.6
37;2021-03-18;1031;525;52174;22143;8.6;3.7
37;2021-03-19;2218;337;54392;22480;9.0;3.7
37;2021-03-20;1331;140;55723;22620;9.2;3.7
37;2021-03-21;202;4;55925;22624;9.2;3.7
37;2021-03-22;1287;243;57212;22867;9.5;3.8
37;2021-03-23;2254;565;59466;23432;9.8;3.9
37;2021-03-24;2244;460;61710;23892;10.2;3.9
37;2021-03-25;2982;444;64692;24336;10.7;4.0
37;2021-03-26;3524;400;68216;24736;11.3;4.1
37;2021-03-27;1172;127;69388;24863;11.5;4.1
37;2021-03-28;139;1;69527;24864;11.5;4.1
37;2021-03-29;1604;341;71131;25205;11.7;4.2
37;2021-03-30;2524;622;73655;25827;12.2;4.3
37;2021-03-31;2045;483;75700;26310;12.5;4.3
37;2021-04-01;2601;968;78301;27278;12.9;4.5
37;2021-04-02;2813;662;81114;27940;13.4;4.6
37;2021-04-03;817;220;81931;28160;13.5;4.7
37;2021-04-04;104;1;82035;28161;13.6;4.7
37;2021-04-05;3;0;82038;28161;13.6;4.7
37;2021-04-06;2235;778;84273;28939;13.9;4.8
37;2021-04-07;3167;853;87440;29792;14.4;4.9
37;2021-04-08;4038;963;91478;30755;15.1;5.1
37;2021-04-09;4542;938;96020;31693;15.9;5.2
37;2021-04-10;1328;429;97348;32122;16.1;5.3
37;2021-04-11;104;1;97452;32123;16.1;5.3
37;2021-04-12;2640;671;100092;32794;16.5;5.4
37;2021-04-13;4112;1151;104204;33945;17.2;5.6
37;2021-04-14;3043;893;107247;34838;17.7;5.8
37;2021-04-15;3757;1012;111004;35850;18.3;5.9
37;2021-04-16;4358;1212;115362;37062;19.1;6.1
37;2021-04-17;1147;217;116509;37279;19.2;6.2
37;2021-04-18;97;3;116606;37282;19.3;6.2
37;2021-04-19;2480;849;119086;38131;19.7;6.3
37;2021-04-20;3235;1331;122321;39462;20.2;6.5
37;2021-04-21;2930;1153;125251;40615;20.7;6.7
37;2021-04-22;3455;1399;128706;42014;21.3;6.9
37;2021-04-23;3689;1805;132395;43819;21.9;7.2
37;2021-04-24;1006;387;133401;44206;22.0;7.3
37;2021-04-25;45;2;133446;44208;22.0;7.3
37;2021-04-26;2969;1347;136415;45555;22.5;7.5
37;2021-04-27;4182;1806;140597;47361;23.2;7.8
37;2021-04-28;3460;1941;144057;49302;23.8;8.1
37;2021-04-29;4584;2014;148641;51316;24.6;8.5
37;2021-04-30;5055;1983;153696;53299;25.4;8.8
37;2021-05-01;639;210;154335;53509;25.5;8.8
37;2021-05-02;104;15;154439;53524;25.5;8.8
37;2021-05-03;2670;1952;157109;55476;26.0;9.2
37;2021-05-04;3735;2704;160844;58180;26.6;9.6
37;2021-05-05;3498;2076;164342;60256;27.1;10.0
37;2021-05-06;4997;1946;169339;62202;28.0;10.3
37;2021-05-07;4686;2884;174025;65086;28.7;10.8
37;2021-05-08;536;312;174561;65398;28.8;10.8
37;2021-05-09;63;41;174624;65439;28.8;10.8
37;2021-05-10;2160;3489;176784;68928;29.2;11.4
37;2021-05-11;3866;3881;180650;72809;29.8;12.0
37;2021-05-12;4036;2542;184686;75351;30.5;12.4
37;2021-05-13;1137;517;185823;75868;30.7;12.5
37;2021-05-14;4045;2679;189868;78547;31.4;13.0
37;2021-05-15;2322;743;192190;79290;31.7;13.1
37;2021-05-16;22;71;192212;79361;31.8;13.1
37;2021-05-17;2765;2056;194977;81417;32.2;13.4
37;2021-05-18;3874;2359;198851;83776;32.8;13.8
37;2021-05-19;3495;1806;202346;85582;33.4;14.1
37;2021-05-20;4752;1775;207098;87357;34.2;14.4
37;2021-05-21;4527;2566;211625;89923;35.0;14.9
37;2021-05-22;1077;752;212702;90675;35.1;15.0
37;2021-05-23;73;89;212775;90764;35.1;15.0
37;2021-05-24;513;106;213288;90870;35.2;15.0
37;2021-05-25;5123;2177;218411;93047;36.1;15.4
37;2021-05-26;4929;2095;223340;95142;36.9;15.7
37;2021-05-27;5987;2371;229327;97513;37.9;16.1
37;2021-05-28;6023;3262;235350;100775;38.9;16.6
37;2021-05-29;1518;1167;236868;101942;39.1;16.8
37;2021-05-30;55;160;236923;102102;39.1;16.9
37;2021-05-31;3648;2528;240571;104630;39.7;17.3
37;2021-06-01;5843;3622;246414;108252;40.7;17.9
37;2021-06-02;5077;2453;251491;110705;41.5;18.3
37;2021-06-03;6086;2883;257577;113588;42.5;18.8
37;2021-06-04;5508;4203;263085;117791;43.5;19.5
37;2021-06-05;1855;1304;264940;119095;43.8;19.7
37;2021-06-06;49;196;264989;119291;43.8;19.7
37;2021-06-07;3020;4163;268009;123454;44.3;20.4
37;2021-06-08;4200;4656;272209;128110;45.0;21.2
37;2021-06-09;3884;3569;276093;131679;45.6;21.8
37;2021-06-10;5265;3617;281358;135296;46.5;22.3
37;2021-06-11;4976;4838;286334;140134;47.3;23.1
37;2021-06-12;3553;1348;289887;141482;47.9;23.4
37;2021-06-13;15;164;289902;141646;47.9;23.4
37;2021-06-14;2668;4042;292570;145688;48.3;24.1
37;2021-06-15;3897;4782;296467;150470;49.0;24.9
37;2021-06-16;3254;3598;299721;154068;49.5;25.4
37;2021-06-17;4003;4494;303724;158562;50.2;26.2
37;2021-06-18;4704;5068;308428;163630;50.9;27.0
37;2021-06-19;2518;1101;310946;164731;51.4;27.2
37;2021-06-20;8;183;310954;164914;51.4;27.2
37;2021-06-21;2418;3826;313372;168740;51.8;27.9
37;2021-06-22;2962;5008;316334;173748;52.3;28.7
37;2021-06-23;2615;3645;318949;177393;52.7;29.3
37;2021-06-24;2856;3543;321805;180936;53.2;29.9
37;2021-06-25;3297;4875;325102;185811;53.7;30.7
37;2021-06-26;1235;3085;326337;188896;53.9;31.2
37;2021-06-27;23;142;326360;189038;53.9;31.2
37;2021-06-28;1702;4514;328062;193552;54.2;32.0
37;2021-06-29;1891;6221;329953;199773;54.5;33.0
37;2021-06-30;1852;4437;331805;204210;54.8;33.7
37;2021-07-01;2097;4794;333902;209004;55.2;34.5
37;2021-07-02;2674;5594;336576;214598;55.6;35.4
37;2021-07-03;944;2138;337520;216736;55.8;35.8
37;2021-07-04;4;104;337524;216840;55.8;35.8
37;2021-07-05;1703;5145;339227;221985;56.0;36.7
37;2021-07-06;1993;6763;341220;228748;56.4;37.8
37;2021-07-07;1943;5468;343163;234216;56.7;38.7
37;2021-07-08;2451;6667;345614;240883;57.1;39.8
37;2021-07-09;1975;7643;347589;248526;57.4;41.1
37;2021-07-10;1013;2619;348602;251145;57.6;41.5
37;2021-07-11;25;96;348627;251241;57.6;41.5
37;2021-07-12;1120;5984;349747;257225;57.8;42.5
37;2021-07-13;1606;7829;351353;265054;58.0;43.8
37;2021-07-14;522;407;351875;265461;58.1;43.9
37;2021-07-15;2602;7491;354477;272952;58.6;45.1
37;2021-07-16;2753;7805;357230;280757;59.0;46.4
37;2021-07-17;1199;2445;358429;283202;59.2;46.8
37;2021-07-18;50;53;358479;283255;59.2;46.8
37;2021-07-19;1639;6129;360118;289384;59.5;47.8
37;2021-07-20;2900;7065;363018;296449;60.0;49.0
37;2021-07-21;2969;5778;365987;302227;60.5;49.9
37;2021-07-22;4027;6533;370014;308760;61.1;51.0
37;2021-07-23;3794;7100;373808;315860;61.7;52.2
37;2021-07-24;1770;3304;375578;319164;62.0;52.7
37;2021-07-25;65;77;375643;319241;62.1;52.7
37;2021-07-26;3226;4312;378869;323553;62.6;53.4
37;2021-07-27;4404;4946;383273;328499;63.3;54.3
37;2021-07-28;4097;3641;387370;332140;64.0;54.9
37;2021-07-29;5058;4170;392428;336310;64.8;55.6
37;2021-07-30;5210;4900;397638;341210;65.7;56.4
37;2021-07-31;1912;1835;399550;343045;66.0;56.7
37;2021-08-01;27;51;399577;343096;66.0;56.7
37;2021-08-02;3249;3250;402826;346346;66.5;57.2
37;2021-08-03;5236;3106;408062;349452;67.4;57.7
38;2020-12-27;1;0;1;0;0.0;0.0
38;2020-12-28;0;0;1;0;0.0;0.0
38;2020-12-29;0;0;1;0;0.0;0.0
38;2020-12-30;0;0;1;0;0.0;0.0
38;2020-12-31;5;0;6;0;0.0;0.0
38;2021-01-01;1;0;7;0;0.0;0.0
38;2021-01-02;0;0;7;0;0.0;0.0
38;2021-01-03;2;0;9;0;0.0;0.0
38;2021-01-04;162;0;171;0;0.0;0.0
38;2021-01-05;257;1;428;1;0.0;0.0
38;2021-01-06;364;0;792;1;0.1;0.0
38;2021-01-07;636;1;1428;2;0.1;0.0
38;2021-01-08;695;0;2123;2;0.2;0.0
38;2021-01-09;30;0;2153;2;0.2;0.0
38;2021-01-10;0;0;2153;2;0.2;0.0
38;2021-01-11;799;2;2952;4;0.2;0.0
38;2021-01-12;1468;2;4420;6;0.3;0.0
38;2021-01-13;1081;4;5501;10;0.4;0.0
38;2021-01-14;1677;15;7178;25;0.6;0.0
38;2021-01-15;1672;7;8850;32;0.7;0.0
38;2021-01-16;306;2;9156;34;0.7;0.0
38;2021-01-17;3;0;9159;34;0.7;0.0
38;2021-01-18;1176;4;10335;38;0.8;0.0
38;2021-01-19;2237;5;12572;43;1.0;0.0
38;2021-01-20;1878;3;14450;46;1.1;0.0
38;2021-01-21;1621;6;16071;52;1.3;0.0
38;2021-01-22;1398;8;17469;60;1.4;0.0
38;2021-01-23;379;3;17848;63;1.4;0.0
38;2021-01-24;1;0;17849;63;1.4;0.0
38;2021-01-25;788;108;18637;171;1.5;0.0
38;2021-01-26;854;184;19491;355;1.5;0.0
38;2021-01-27;1088;279;20579;634;1.6;0.1
38;2021-01-28;1155;478;21734;1112;1.7;0.1
38;2021-01-29;948;379;22682;1491;1.8;0.1
38;2021-01-30;304;1;22986;1492;1.8;0.1
38;2021-01-31;0;0;22986;1492;1.8;0.1
38;2021-02-01;703;598;23689;2090;1.9;0.2
38;2021-02-02;967;964;24656;3054;1.9;0.2
38;2021-02-03;1230;694;25886;3748;2.0;0.3
38;2021-02-04;1278;973;27164;4721;2.1;0.4
38;2021-02-05;1399;846;28563;5567;2.3;0.4
38;2021-02-06;187;95;28750;5662;2.3;0.4
38;2021-02-07;3;48;28753;5710;2.3;0.5
38;2021-02-08;859;798;29612;6508;2.3;0.5
38;2021-02-09;1539;1313;31151;7821;2.5;0.6
38;2021-02-10;1579;1285;32730;9106;2.6;0.7
38;2021-02-11;1869;1160;34599;10266;2.7;0.8
38;2021-02-12;1509;1125;36108;11391;2.9;0.9
38;2021-02-13;467;189;36575;11580;2.9;0.9
38;2021-02-14;1;7;36576;11587;2.9;0.9
38;2021-02-15;974;944;37550;12531;3.0;1.0
38;2021-02-16;1379;982;38929;13513;3.1;1.1
38;2021-02-17;1371;1069;40300;14582;3.2;1.2
38;2021-02-18;1782;1069;42082;15651;3.3;1.2
38;2021-02-19;1255;869;43337;16520;3.4;1.3
38;2021-02-20;469;313;43806;16833;3.5;1.3
38;2021-02-21;0;0;43806;16833;3.5;1.3
38;2021-02-22;1074;907;44880;17740;3.5;1.4
38;2021-02-23;1538;950;46418;18690;3.7;1.5
38;2021-02-24;1729;1131;48147;19821;3.8;1.6
38;2021-02-25;2494;1049;50641;20870;4.0;1.6
38;2021-02-26;3304;977;53945;21847;4.3;1.7
38;2021-02-27;1510;429;55455;22276;4.4;1.8
38;2021-02-28;33;2;55488;22278;4.4;1.8
38;2021-03-01;2494;776;57982;23054;4.6;1.8
38;2021-03-02;4047;1054;62029;24108;4.9;1.9
38;2021-03-03;3357;1231;65386;25339;5.2;2.0
38;2021-03-04;4479;1372;69865;26711;5.5;2.1
38;2021-03-05;5229;1199;75094;27910;5.9;2.2
38;2021-03-06;3041;257;78135;28167;6.2;2.2
38;2021-03-07;113;1;78248;28168;6.2;2.2
38;2021-03-08;2441;909;80689;29077;6.4;2.3
38;2021-03-09;4024;1308;84713;30385;6.7;2.4
38;2021-03-10;3500;1075;88213;31460;7.0;2.5
38;2021-03-11;5139;1518;93352;32978;7.4;2.6
38;2021-03-12;7084;1158;100436;34136;7.9;2.7
38;2021-03-13;3770;204;104206;34340;8.2;2.7
38;2021-03-14;544;12;104750;34352;8.3;2.7
38;2021-03-15;2700;1006;107450;35358;8.5;2.8
38;2021-03-16;2083;1372;109533;36730;8.7;2.9
38;2021-03-17;2025;1205;111558;37935;8.8;3.0
38;2021-03-18;2636;1363;114194;39298;9.0;3.1
38;2021-03-19;4007;1056;118201;40354;9.3;3.2
38;2021-03-20;1823;239;120024;40593;9.5;3.2
38;2021-03-21;130;8;120154;40601;9.5;3.2
38;2021-03-22;2863;1004;123017;41605;9.7;3.3
38;2021-03-23;4775;1495;127792;43100;10.1;3.4
38;2021-03-24;3709;1579;131501;44679;10.4;3.5
38;2021-03-25;5791;1535;137292;46214;10.9;3.7
38;2021-03-26;6598;1747;143890;47961;11.4;3.8
38;2021-03-27;2511;753;146401;48714;11.6;3.9
38;2021-03-28;926;41;147327;48755;11.6;3.9
38;2021-03-29;2672;1854;149999;50609;11.9;4.0
38;2021-03-30;4563;2547;154562;53156;12.2;4.2
38;2021-03-31;3661;2227;158223;55383;12.5;4.4
38;2021-04-01;5127;2503;163350;57886;12.9;4.6
38;2021-04-02;3866;2524;167216;60410;13.2;4.8
38;2021-04-03;1417;940;168633;61350;13.3;4.8
38;2021-04-04;429;46;169062;61396;13.4;4.9
38;2021-04-05;2173;334;171235;61730;13.5;4.9
38;2021-04-06;4347;2394;175582;64124;13.9;5.1
38;2021-04-07;4414;2730;179996;66854;14.2;5.3
38;2021-04-08;5644;2662;185640;69516;14.7;5.5
38;2021-04-09;8554;2716;194194;72232;15.4;5.7
38;2021-04-10;3598;1468;197792;73700;15.6;5.8
38;2021-04-11;1046;100;198838;73800;15.7;5.8
38;2021-04-12;4193;2253;203031;76053;16.1;6.0
38;2021-04-13;6121;2466;209152;78519;16.5;6.2
38;2021-04-14;5115;2456;214267;80975;16.9;6.4
38;2021-04-15;6361;2749;220628;83724;17.4;6.6
38;2021-04-16;6215;2724;226843;86448;17.9;6.8
38;2021-04-17;2587;988;229430;87436;18.1;6.9
38;2021-04-18;1333;72;230763;87508;18.2;6.9
38;2021-04-19;3943;2812;234706;90320;18.6;7.1
38;2021-04-20;5418;2836;240124;93156;19.0;7.4
38;2021-04-21;4979;2685;245103;95841;19.4;7.6
38;2021-04-22;5776;2816;250879;98657;19.8;7.8
38;2021-04-23;6028;2790;256907;101447;20.3;8.0
38;2021-04-24;2662;1342;259569;102789;20.5;8.1
38;2021-04-25;804;592;260373;103381;20.6;8.2
38;2021-04-26;4482;2456;264855;105837;20.9;8.4
38;2021-04-27;6042;2709;270897;108546;21.4;8.6
38;2021-04-28;6190;2488;277087;111034;21.9;8.8
38;2021-04-29;8327;3043;285414;114077;22.6;9.0
38;2021-04-30;7673;4037;293087;118114;23.2;9.3
38;2021-05-01;1540;198;294627;118312;23.3;9.4
38;2021-05-02;842;71;295469;118383;23.4;9.4
38;2021-05-03;5294;3573;300763;121956;23.8;9.6
38;2021-05-04;6185;5051;306948;127007;24.3;10.0
38;2021-05-05;6061;4580;313009;131587;24.7;10.4
38;2021-05-06;6710;5284;319719;136871;25.3;10.8
38;2021-05-07;7269;6426;326988;143297;25.8;11.3
38;2021-05-08;3736;711;330724;144008;26.1;11.4
38;2021-05-09;2848;1928;333572;145936;26.4;11.5
38;2021-05-10;6151;5277;339723;151213;26.9;12.0
38;2021-05-11;8219;5999;347942;157212;27.5;12.4
38;2021-05-12;9046;4674;356988;161886;28.2;12.8
38;2021-05-13;6634;1409;363622;163295;28.7;12.9
38;2021-05-14;9559;3408;373181;166703;29.5;13.2
38;2021-05-15;6851;1455;380032;168158;30.0;13.3
38;2021-05-16;5474;652;385506;168810;30.5;13.3
38;2021-05-17;7666;2978;393172;171788;31.1;13.6
38;2021-05-18;8620;4006;401792;175794;31.8;13.9
38;2021-05-19;8148;3337;409940;179131;32.4;14.2
38;2021-05-20;8973;4479;418913;183610;33.1;14.5
38;2021-05-21;9951;4586;428864;188196;33.9;14.9
38;2021-05-22;7449;1903;436313;190099;34.5;15.0
38;2021-05-23;5583;578;441896;190677;34.9;15.1
38;2021-05-24;7495;1615;449391;192292;35.5;15.2
38;2021-05-25;9540;4838;458931;197130;36.3;15.6
38;2021-05-26;8105;4709;467036;201839;36.9;16.0
38;2021-05-27;9126;5635;476162;207474;37.6;16.4
38;2021-05-28;8783;6479;484945;213953;38.3;16.9
38;2021-05-29;5816;3258;490761;217211;38.8;17.2
38;2021-05-30;2691;1594;493452;218805;39.0;17.3
38;2021-05-31;8269;5116;501721;223921;39.7;17.7
38;2021-06-01;7960;6411;509681;230332;40.3;18.2
38;2021-06-02;7137;5607;516818;235939;40.9;18.7
38;2021-06-03;7394;6821;524212;242760;41.4;19.2
38;2021-06-04;8116;7602;532328;250362;42.1;19.8
38;2021-06-05;5794;3942;538122;254304;42.5;20.1
38;2021-06-06;2505;1460;540627;255764;42.7;20.2
38;2021-06-07;5552;6850;546179;262614;43.2;20.8
38;2021-06-08;5873;7528;552052;270142;43.6;21.4
38;2021-06-09;5044;6462;557096;276604;44.0;21.9
38;2021-06-10;5423;6783;562519;283387;44.5;22.4
38;2021-06-11;5881;7784;568400;291171;44.9;23.0
38;2021-06-12;3950;3257;572350;294428;45.2;23.3
38;2021-06-13;1254;1301;573604;295729;45.3;23.4
38;2021-06-14;3872;7666;577476;303395;45.7;24.0
38;2021-06-15;5240;8143;582716;311538;46.1;24.6
38;2021-06-16;5127;7396;587843;318934;46.5;25.2
38;2021-06-17;4514;7059;592357;325993;46.8;25.8
38;2021-06-18;6040;9212;598397;335205;47.3;26.5
38;2021-06-19;3597;4961;601994;340166;47.6;26.9
38;2021-06-20;1040;2901;603034;343067;47.7;27.1
38;2021-06-21;3746;8695;606780;351762;48.0;27.8
38;2021-06-22;3790;10095;610570;361857;48.3;28.6
38;2021-06-23;3148;9555;613718;371412;48.5;29.4
38;2021-06-24;3370;8589;617088;380001;48.8;30.0
38;2021-06-25;3769;11489;620857;391490;49.1;30.9
38;2021-06-26;2226;7853;623083;399343;49.3;31.6
38;2021-06-27;1096;4355;624179;403698;49.3;31.9
38;2021-06-28;2945;10302;627124;414000;49.6;32.7
38;2021-06-29;3775;10434;630899;424434;49.9;33.6
38;2021-06-30;4046;9937;634945;434371;50.2;34.3
38;2021-07-01;3477;9007;638422;443378;50.5;35.1
38;2021-07-02;3602;11603;642024;454981;50.8;36.0
38;2021-07-03;1704;8787;643728;463768;50.9;36.7
38;2021-07-04;1242;3202;644970;466970;51.0;36.9
38;2021-07-05;2830;10542;647800;477512;51.2;37.7
38;2021-07-06;3407;10232;651207;487744;51.5;38.6
38;2021-07-07;3316;9401;654523;497145;51.7;39.3
38;2021-07-08;3470;8227;657993;505372;52.0;40.0
38;2021-07-09;3540;10742;661533;516114;52.3;40.8
38;2021-07-10;2354;7788;663887;523902;52.5;41.4
38;2021-07-11;772;2022;664659;525924;52.5;41.6
38;2021-07-12;3371;10665;668030;536589;52.8;42.4
38;2021-07-13;6499;10915;674529;547504;53.3;43.3
38;2021-07-14;4557;3329;679086;550833;53.7;43.5
38;2021-07-15;8588;9658;687674;560491;54.4;44.3
38;2021-07-16;8669;10690;696343;571181;55.0;45.2
38;2021-07-17;4653;7466;700996;578647;55.4;45.7
38;2021-07-18;2553;2484;703549;581131;55.6;45.9
38;2021-07-19;5768;9205;709317;590336;56.1;46.7
38;2021-07-20;6180;8288;715497;598624;56.6;47.3
38;2021-07-21;7802;8015;723299;606639;57.2;48.0
38;2021-07-22;7517;6977;730816;613616;57.8;48.5
38;2021-07-23;8859;9003;739675;622619;58.5;49.2
38;2021-07-24;5525;5516;745200;628135;58.9;49.7
38;2021-07-25;2811;1645;748011;629780;59.1;49.8
38;2021-07-26;7763;7474;755774;637254;59.7;50.4
38;2021-07-27;7499;6240;763273;643494;60.3;50.9
38;2021-07-28;8496;5668;771769;649162;61.0;51.3
38;2021-07-29;7587;4648;779356;653810;61.6;51.7
38;2021-07-30;7646;6603;787002;660413;62.2;52.2
38;2021-07-31;4259;3564;791261;663977;62.6;52.5
38;2021-08-01;1245;1076;792506;665053;62.6;52.6
38;2021-08-02;3865;4422;796371;669475;63.0;52.9
38;2021-08-03;4490;4526;800861;674001;63.3;53.3
39;2020-12-27;0;0;0;0;0.0;0.0
39;2020-12-28;0;0;0;0;0.0;0.0
39;2020-12-29;0;0;0;0;0.0;0.0
39;2020-12-30;0;0;0;0;0.0;0.0
39;2020-12-31;0;0;0;0;0.0;0.0
39;2021-01-01;0;0;0;0;0.0;0.0
39;2021-01-02;0;0;0;0;0.0;0.0
39;2021-01-03;0;0;0;0;0.0;0.0
39;2021-01-04;3;0;3;0;0.0;0.0
39;2021-01-05;3;0;6;0;0.0;0.0
39;2021-01-06;56;0;62;0;0.0;0.0
39;2021-01-07;331;2;393;2;0.2;0.0
39;2021-01-08;655;1;1048;3;0.4;0.0
39;2021-01-09;169;0;1217;3;0.5;0.0
39;2021-01-10;1;0;1218;3;0.5;0.0
39;2021-01-11;476;1;1694;4;0.7;0.0
39;2021-01-12;431;1;2125;5;0.8;0.0
39;2021-01-13;408;2;2533;7;1.0;0.0
39;2021-01-14;573;3;3106;10;1.2;0.0
39;2021-01-15;470;1;3576;11;1.4;0.0
39;2021-01-16;141;1;3717;12;1.4;0.0
39;2021-01-17;0;1;3717;13;1.4;0.0
39;2021-01-18;924;7;4641;20;1.8;0.0
39;2021-01-19;1181;7;5822;27;2.3;0.0
39;2021-01-20;905;4;6727;31;2.6;0.0
39;2021-01-21;1177;2;7904;33;3.1;0.0
39;2021-01-22;985;1;8889;34;3.4;0.0
39;2021-01-23;382;1;9271;35;3.6;0.0
39;2021-01-24;0;0;9271;35;3.6;0.0
39;2021-01-25;642;2;9913;37;3.8;0.0
39;2021-01-26;1120;12;11033;49;4.3;0.0
39;2021-01-27;925;17;11958;66;4.6;0.0
39;2021-01-28;741;244;12699;310;4.9;0.1
39;2021-01-29;582;422;13281;732;5.2;0.3
39;2021-01-30;265;109;13546;841;5.3;0.3
39;2021-01-31;1;0;13547;841;5.3;0.3
39;2021-02-01;562;262;14109;1103;5.5;0.4
39;2021-02-02;753;322;14862;1425;5.8;0.6
39;2021-02-03;531;516;15393;1941;6.0;0.8
39;2021-02-04;553;462;15946;2403;6.2;0.9
39;2021-02-05;438;431;16384;2834;6.4;1.1
39;2021-02-06;265;110;16649;2944;6.5;1.1
39;2021-02-07;0;1;16649;2945;6.5;1.1
39;2021-02-08;320;372;16969;3317;6.6;1.3
39;2021-02-09;383;485;17352;3802;6.7;1.5
39;2021-02-10;250;338;17602;4140;6.8;1.6
39;2021-02-11;586;510;18188;4650;7.1;1.8
39;2021-02-12;386;417;18574;5067;7.2;2.0
39;2021-02-13;99;69;18673;5136;7.2;2.0
39;2021-02-14;0;0;18673;5136;7.2;2.0
39;2021-02-15;99;758;18772;5894;7.3;2.3
39;2021-02-16;99;912;18871;6806;7.3;2.6
39;2021-02-17;58;695;18929;7501;7.3;2.9
39;2021-02-18;109;858;19038;8359;7.4;3.2
39;2021-02-19;100;487;19138;8846;7.4;3.4
39;2021-02-20;18;364;19156;9210;7.4;3.6
39;2021-02-21;0;0;19156;9210;7.4;3.6
39;2021-02-22;100;729;19256;9939;7.5;3.9
39;2021-02-23;4;764;19260;10703;7.5;4.2
39;2021-02-24;125;872;19385;11575;7.5;4.5
39;2021-02-25;212;751;19597;12326;7.6;4.8
39;2021-02-26;218;468;19815;12794;7.7;5.0
39;2021-02-27;169;298;19984;13092;7.8;5.1
39;2021-02-28;1;0;19985;13092;7.8;5.1
39;2021-03-01;218;639;20203;13731;7.8;5.3
39;2021-03-02;328;826;20531;14557;8.0;5.6
39;2021-03-03;600;524;21131;15081;8.2;5.8
39;2021-03-04;657;474;21788;15555;8.4;6.0
39;2021-03-05;670;328;22458;15883;8.7;6.2
39;2021-03-06;777;244;23235;16127;9.0;6.3
39;2021-03-07;242;81;23477;16208;9.1;6.3
39;2021-03-08;286;441;23763;16649;9.2;6.5
39;2021-03-09;843;455;24606;17104;9.5;6.6
39;2021-03-10;985;334;25591;17438;9.9;6.8
39;2021-03-11;828;460;26419;17898;10.2;6.9
39;2021-03-12;806;288;27225;18186;10.6;7.1
39;2021-03-13;788;102;28013;18288;10.9;7.1
39;2021-03-14;35;10;28048;18298;10.9;7.1
39;2021-03-15;512;92;28560;18390;11.1;7.1
39;2021-03-16;555;64;29115;18454;11.3;7.2
39;2021-03-17;612;54;29727;18508;11.5;7.2
39;2021-03-18;595;68;30322;18576;11.8;7.2
39;2021-03-19;393;71;30715;18647;11.9;7.2
39;2021-03-20;311;9;31026;18656;12.0;7.2
39;2021-03-21;3;0;31029;18656;12.0;7.2
39;2021-03-22;754;114;31783;18770;12.3;7.3
39;2021-03-23;1130;41;32913;18811;12.8;7.3
39;2021-03-24;1178;91;34091;18902;13.2;7.3
39;2021-03-25;2041;120;36132;19022;14.0;7.4
39;2021-03-26;797;110;36929;19132;14.3;7.4
39;2021-03-27;345;4;37274;19136;14.5;7.4
39;2021-03-28;36;4;37310;19140;14.5;7.4
39;2021-03-29;1037;190;38347;19330;14.9;7.5
39;2021-03-30;1399;263;39746;19593;15.4;7.6
39;2021-03-31;658;518;40404;20111;15.7;7.8
39;2021-04-01;1310;306;41714;20417;16.2;7.9
39;2021-04-02;626;131;42340;20548;16.4;8.0
39;2021-04-03;180;7;42520;20555;16.5;8.0
39;2021-04-04;4;1;42524;20556;16.5;8.0
39;2021-04-05;1;0;42525;20556;16.5;8.0
39;2021-04-06;824;630;43349;21186;16.8;8.2
39;2021-04-07;1130;677;44479;21863;17.3;8.5
39;2021-04-08;1790;568;46269;22431;17.9;8.7
39;2021-04-09;1676;288;47945;22719;18.6;8.8
39;2021-04-10;345;182;48290;22901;18.7;8.9
39;2021-04-11;2;0;48292;22901;18.7;8.9
39;2021-04-12;679;393;48971;23294;19.0;9.0
39;2021-04-13;1201;579;50172;23873;19.5;9.3
39;2021-04-14;845;636;51017;24509;19.8;9.5
39;2021-04-15;1481;709;52498;25218;20.4;9.8
39;2021-04-16;1090;172;53588;25390;20.8;9.8
39;2021-04-17;197;58;53785;25448;20.9;9.9
39;2021-04-18;0;0;53785;25448;20.9;9.9
39;2021-04-19;524;699;54309;26147;21.1;10.1
39;2021-04-20;765;541;55074;26688;21.4;10.4
39;2021-04-21;1142;719;56216;27407;21.8;10.6
39;2021-04-22;1012;1131;57228;28538;22.2;11.1
39;2021-04-23;457;358;57685;28896;22.4;11.2
39;2021-04-24;275;149;57960;29045;22.5;11.3
39;2021-04-25;12;2;57972;29047;22.5;11.3
39;2021-04-26;569;1035;58541;30082;22.7;11.7
39;2021-04-27;788;981;59329;31063;23.0;12.0
39;2021-04-28;1719;416;61048;31479;23.7;12.2
39;2021-04-29;2571;966;63619;32445;24.7;12.6
39;2021-04-30;2474;386;66093;32831;25.6;12.7
39;2021-05-01;41;53;66134;32884;25.6;12.8
39;2021-05-02;0;0;66134;32884;25.6;12.8
39;2021-05-03;917;805;67051;33689;26.0;13.1
39;2021-05-04;949;1127;68000;34816;26.4;13.5
39;2021-05-05;1952;887;69952;35703;27.1;13.8
39;2021-05-06;2425;1336;72377;37039;28.1;14.4
39;2021-05-07;1286;571;73663;37610;28.6;14.6
39;2021-05-08;179;55;73842;37665;28.6;14.6
39;2021-05-09;10;8;73852;37673;28.6;14.6
39;2021-05-10;1762;844;75614;38517;29.3;14.9
39;2021-05-11;1773;1511;77387;40028;30.0;15.5
39;2021-05-12;1800;1486;79187;41514;30.7;16.1
39;2021-05-13;246;23;79433;41537;30.8;16.1
39;2021-05-14;2392;328;81825;41865;31.7;16.2
39;2021-05-15;1848;257;83673;42122;32.5;16.3
39;2021-05-16;0;0;83673;42122;32.5;16.3
39;2021-05-17;1989;724;85662;42846;33.2;16.6
39;2021-05-18;1691;1182;87353;44028;33.9;17.1
39;2021-05-19;2496;555;89849;44583;34.8;17.3
39;2021-05-20;2467;753;92316;45336;35.8;17.6
39;2021-05-21;1799;562;94115;45898;36.5;17.8
39;2021-05-22;322;220;94437;46118;36.6;17.9
39;2021-05-23;7;36;94444;46154;36.6;17.9
39;2021-05-24;8;28;94452;46182;36.6;17.9
39;2021-05-25;1726;1197;96178;47379;37.3;18.4
39;2021-05-26;1642;1375;97820;48754;37.9;18.9
39;2021-05-27;1487;1621;99307;50375;38.5;19.5
39;2021-05-28;856;1217;100163;51592;38.8;20.0
39;2021-05-29;261;274;100424;51866;38.9;20.1
39;2021-05-30;2;40;100426;51906;38.9;20.1
39;2021-05-31;1626;1246;102052;53152;39.6;20.6
39;2021-06-01;1894;1318;103946;54470;40.3;21.1
39;2021-06-02;1702;1176;105648;55646;41.0;21.6
39;2021-06-03;1326;1159;106974;56805;41.5;22.0
39;2021-06-04;942;1069;107916;57874;41.9;22.4
39;2021-06-05;766;516;108682;58390;42.1;22.6
39;2021-06-06;1;36;108683;58426;42.1;22.7
39;2021-06-07;2105;913;110788;59339;43.0;23.0
39;2021-06-08;2211;1155;112999;60494;43.8;23.5
39;2021-06-09;1730;1244;114729;61738;44.5;23.9
39;2021-06-10;1617;2081;116346;63819;45.1;24.8
39;2021-06-11;1568;1271;117914;65090;45.7;25.2
39;2021-06-12;1263;347;119177;65437;46.2;25.4
39;2021-06-13;10;18;119187;65455;46.2;25.4
39;2021-06-14;1335;1894;120522;67349;46.7;26.1
39;2021-06-15;1383;1253;121905;68602;47.3;26.6
39;2021-06-16;1171;1539;123076;70141;47.7;27.2
39;2021-06-17;1044;1716;124120;71857;48.1;27.9
39;2021-06-18;1637;1177;125757;73034;48.8;28.3
39;2021-06-19;249;412;126006;73446;48.9;28.5
39;2021-06-20;2;18;126008;73464;48.9;28.5
39;2021-06-21;350;2494;126358;75958;49.0;29.5
39;2021-06-22;809;2290;127167;78248;49.3;30.3
39;2021-06-23;1196;1301;128363;79549;49.8;30.9
39;2021-06-24;738;1048;129101;80597;50.1;31.3
39;2021-06-25;680;2961;129781;83558;50.3;32.4
39;2021-06-26;204;1565;129985;85123;50.4;33.0
39;2021-06-27;0;0;129985;85123;50.4;33.0
39;2021-06-28;303;2744;130288;87867;50.5;34.1
39;2021-06-29;497;2696;130785;90563;50.7;35.1
39;2021-06-30;892;2418;131677;92981;51.1;36.1
39;2021-07-01;643;1936;132320;94917;51.3;36.8
39;2021-07-02;1111;1404;133431;96321;51.7;37.4
39;2021-07-03;545;524;133976;96845;52.0;37.6
39;2021-07-04;1;2;133977;96847;52.0;37.6
39;2021-07-05;598;2590;134575;99437;52.2;38.6
39;2021-07-06;836;1884;135411;101321;52.5;39.3
39;2021-07-07;585;1390;135996;102711;52.7;39.8
39;2021-07-08;695;907;136691;103618;53.0;40.2
39;2021-07-09;1078;1586;137769;105204;53.4;40.8
39;2021-07-10;738;474;138507;105678;53.7;41.0
39;2021-07-11;27;8;138534;105686;53.7;41.0
39;2021-07-12;561;2596;139095;108282;53.9;42.0
39;2021-07-13;1625;2649;140720;110931;54.6;43.0
39;2021-07-14;12;20;140732;110951;54.6;43.0
39;2021-07-15;1892;1836;142624;112787;55.3;43.7
39;2021-07-16;3216;2029;145840;114816;56.6;44.5
39;2021-07-17;2218;1148;148058;115964;57.4;45.0
39;2021-07-18;164;52;148222;116016;57.5;45.0
39;2021-07-19;1393;2954;149615;118970;58.0;46.1
39;2021-07-20;1832;2808;151447;121778;58.7;47.2
39;2021-07-21;2581;2575;154028;124353;59.7;48.2
39;2021-07-22;1933;1833;155961;126186;60.5;48.9
39;2021-07-23;1801;1919;157762;128105;61.2;49.7
39;2021-07-24;1397;1425;159159;129530;61.7;50.2
39;2021-07-25;0;1;159159;129531;61.7;50.2
39;2021-07-26;1318;1996;160477;131527;62.2;51.0
39;2021-07-27;2324;1894;162801;133421;63.1;51.7
39;2021-07-28;2681;1472;165482;134893;64.2;52.3
39;2021-07-29;2186;1736;167668;136629;65.0;53.0
39;2021-07-30;2028;1452;169696;138081;65.8;53.6
39;2021-07-31;1363;653;171059;138734;66.3;53.8
39;2021-08-01;9;18;171068;138752;66.3;53.8
39;2021-08-02;1204;1395;172272;140147;66.8;54.4
39;2021-08-03;1899;1475;174171;141622;67.5;54.9
40;2020-12-27;0;0;0;0;0.0;0.0
40;2020-12-28;0;0;0;0;0.0;0.0
40;2020-12-29;0;0;0;0;0.0;0.0
40;2020-12-30;0;0;0;0;0.0;0.0
40;2020-12-31;0;0;0;0;0.0;0.0
40;2021-01-01;0;0;0;0;0.0;0.0
40;2021-01-02;0;0;0;0;0.0;0.0
40;2021-01-03;0;0;0;0;0.0;0.0
40;2021-01-04;0;0;0;0;0.0;0.0
40;2021-01-05;0;0;0;0;0.0;0.0
40;2021-01-06;1;0;1;0;0.0;0.0
40;2021-01-07;212;0;213;0;0.1;0.0
40;2021-01-08;392;2;605;2;0.1;0.0
40;2021-01-09;0;0;605;2;0.1;0.0
40;2021-01-10;1;0;606;2;0.1;0.0
40;2021-01-11;111;0;717;2;0.2;0.0
40;2021-01-12;0;0;717;2;0.2;0.0
40;2021-01-13;681;0;1398;2;0.3;0.0
40;2021-01-14;901;5;2299;7;0.6;0.0
40;2021-01-15;810;3;3109;10;0.8;0.0
40;2021-01-16;157;0;3266;10;0.8;0.0
40;2021-01-17;1;1;3267;11;0.8;0.0
40;2021-01-18;402;0;3669;11;0.9;0.0
40;2021-01-19;1204;2;4873;13;1.2;0.0
40;2021-01-20;879;2;5752;15;1.4;0.0
40;2021-01-21;1265;3;7017;18;1.7;0.0
40;2021-01-22;809;2;7826;20;1.9;0.0
40;2021-01-23;288;0;8114;20;2.0;0.0
40;2021-01-24;2;0;8116;20;2.0;0.0
40;2021-01-25;393;1;8509;21;2.1;0.0
40;2021-01-26;803;6;9312;27;2.3;0.0
40;2021-01-27;1118;12;10430;39;2.5;0.0
40;2021-01-28;704;116;11134;155;2.7;0.0
40;2021-01-29;600;228;11734;383;2.8;0.1
40;2021-01-30;235;3;11969;386;2.9;0.1
40;2021-01-31;1;0;11970;386;2.9;0.1
40;2021-02-01;358;132;12328;518;3.0;0.1
40;2021-02-02;923;52;13251;570;3.2;0.1
40;2021-02-03;892;298;14143;868;3.4;0.2
40;2021-02-04;1058;602;15201;1470;3.7;0.4
40;2021-02-05;793;421;15994;1891;3.9;0.5
40;2021-02-06;379;84;16373;1975;4.0;0.5
40;2021-02-07;10;0;16383;1975;4.0;0.5
40;2021-02-08;370;122;16753;2097;4.1;0.5
40;2021-02-09;809;541;17562;2638;4.3;0.6
40;2021-02-10;748;472;18310;3110;4.4;0.8
40;2021-02-11;739;685;19049;3795;4.6;0.9
40;2021-02-12;628;643;19677;4438;4.8;1.1
40;2021-02-13;399;94;20076;4532;4.9;1.1
40;2021-02-14;0;0;20076;4532;4.9;1.1
40;2021-02-15;48;386;20124;4918;4.9;1.2
40;2021-02-16;285;600;20409;5518;5.0;1.3
40;2021-02-17;360;895;20769;6413;5.0;1.6
40;2021-02-18;383;696;21152;7109;5.1;1.7
40;2021-02-19;144;645;21296;7754;5.2;1.9
40;2021-02-20;39;95;21335;7849;5.2;1.9
40;2021-02-21;1;66;21336;7915;5.2;1.9
40;2021-02-22;53;565;21389;8480;5.2;2.1
40;2021-02-23;179;835;21568;9315;5.2;2.3
40;2021-02-24;282;687;21850;10002;5.3;2.4
40;2021-02-25;726;995;22576;10997;5.5;2.7
40;2021-02-26;655;636;23231;11633;5.6;2.8
40;2021-02-27;384;101;23615;11734;5.7;2.8
40;2021-02-28;2;0;23617;11734;5.7;2.8
40;2021-03-01;418;508;24035;12242;5.8;3.0
40;2021-03-02;734;1043;24769;13285;6.0;3.2
40;2021-03-03;933;911;25702;14196;6.2;3.4
40;2021-03-04;1309;821;27011;15017;6.6;3.6
40;2021-03-05;1230;744;28241;15761;6.9;3.8
40;2021-03-06;864;393;29105;16154;7.1;3.9
40;2021-03-07;90;9;29195;16163;7.1;3.9
40;2021-03-08;838;500;30033;16663;7.3;4.0
40;2021-03-09;1505;642;31538;17305;7.7;4.2
40;2021-03-10;1746;703;33284;18008;8.1;4.4
40;2021-03-11;1984;693;35268;18701;8.6;4.5
40;2021-03-12;2048;549;37316;19250;9.1;4.7
40;2021-03-13;970;252;38286;19502;9.3;4.7
40;2021-03-14;98;0;38384;19502;9.3;4.7
40;2021-03-15;924;88;39308;19590;9.5;4.8
40;2021-03-16;986;268;40294;19858;9.8;4.8
40;2021-03-17;1576;345;41870;20203;10.2;4.9
40;2021-03-18;1560;334;43430;20537;10.5;5.0
40;2021-03-19;1806;146;45236;20683;11.0;5.0
40;2021-03-20;706;13;45942;20696;11.2;5.0
40;2021-03-21;52;1;45994;20697;11.2;5.0
40;2021-03-22;1173;35;47167;20732;11.4;5.0
40;2021-03-23;2323;165;49490;20897;12.0;5.1
40;2021-03-24;2323;228;51813;21125;12.6;5.1
40;2021-03-25;2763;375;54576;21500;13.2;5.2
40;2021-03-26;3120;206;57696;21706;14.0;5.3
40;2021-03-27;923;45;58619;21751;14.2;5.3
40;2021-03-28;178;47;58797;21798;14.3;5.3
40;2021-03-29;1151;381;59948;22179;14.6;5.4
40;2021-03-30;2298;383;62246;22562;15.1;5.5
40;2021-03-31;2002;297;64248;22859;15.6;5.5
40;2021-04-01;2407;326;66655;23185;16.2;5.6
40;2021-04-02;2361;216;69016;23401;16.8;5.7
40;2021-04-03;743;120;69759;23521;16.9;5.7
40;2021-04-04;362;8;70121;23529;17.0;5.7
40;2021-04-05;523;40;70644;23569;17.1;5.7
40;2021-04-06;2097;804;72741;24373;17.7;5.9
40;2021-04-07;2665;870;75406;25243;18.3;6.1
40;2021-04-08;3057;894;78463;26137;19.0;6.3
40;2021-04-09;3827;599;82290;26736;20.0;6.5
40;2021-04-10;1598;341;83888;27077;20.4;6.6
40;2021-04-11;51;5;83939;27082;20.4;6.6
40;2021-04-12;2176;730;86115;27812;20.9;6.8
40;2021-04-13;2568;1088;88683;28900;21.5;7.0
40;2021-04-14;2570;1373;91253;30273;22.1;7.3
40;2021-04-15;2981;1505;94234;31778;22.9;7.7
40;2021-04-16;2876;1187;97110;32965;23.6;8.0
40;2021-04-17;1464;346;98574;33311;23.9;8.1
40;2021-04-18;57;24;98631;33335;23.9;8.1
40;2021-04-19;1057;1018;99688;34353;24.2;8.3
40;2021-04-20;1620;1744;101308;36097;24.6;8.8
40;2021-04-21;1774;1739;103082;37836;25.0;9.2
40;2021-04-22;2114;1775;105196;39611;25.5;9.6
40;2021-04-23;2158;1392;107354;41003;26.1;10.0
40;2021-04-24;1326;621;108680;41624;26.4;10.1
40;2021-04-25;37;57;108717;41681;26.4;10.1
40;2021-04-26;1249;1136;109966;42817;26.7;10.4
40;2021-04-27;1484;2030;111450;44847;27.1;10.9
40;2021-04-28;2051;1366;113501;46213;27.6;11.2
40;2021-04-29;2607;1895;116108;48108;28.2;11.7
40;2021-04-30;2698;1614;118806;49722;28.8;12.1
40;2021-05-01;1226;779;120032;50501;29.1;12.3
40;2021-05-02;143;322;120175;50823;29.2;12.3
40;2021-05-03;1857;1499;122032;52322;29.6;12.7
40;2021-05-04;1883;2469;123915;54791;30.1;13.3
40;2021-05-05;2188;2671;126103;57462;30.6;13.9
40;2021-05-06;2235;2861;128338;60323;31.2;14.6
40;2021-05-07;1905;3004;130243;63327;31.6;15.4
40;2021-05-08;675;467;130918;63794;31.8;15.5
40;2021-05-09;316;21;131234;63815;31.9;15.5
40;2021-05-10;1399;2054;132633;65869;32.2;16.0
40;2021-05-11;2195;2510;134828;68379;32.7;16.6
40;2021-05-12;2731;1943;137559;70322;33.4;17.1
40;2021-05-13;1983;515;139542;70837;33.9;17.2
40;2021-05-14;2323;1654;141865;72491;34.4;17.6
40;2021-05-15;1340;963;143205;73454;34.8;17.8
40;2021-05-16;434;24;143639;73478;34.9;17.8
40;2021-05-17;2120;1313;145759;74791;35.4;18.2
40;2021-05-18;2509;1417;148268;76208;36.0;18.5
40;2021-05-19;2953;1103;151221;77311;36.7;18.8
40;2021-05-20;3584;1166;154805;78477;37.6;19.0
40;2021-05-21;2924;1331;157729;79808;38.3;19.4
40;2021-05-22;1146;795;158875;80603;38.6;19.6
40;2021-05-23;631;29;159506;80632;38.7;19.6
40;2021-05-24;1211;332;160717;80964;39.0;19.7
40;2021-05-25;2168;1302;162885;82266;39.5;20.0
40;2021-05-26;2614;1558;165499;83824;40.2;20.3
40;2021-05-27;2734;2009;168233;85833;40.8;20.8
40;2021-05-28;2569;2276;170802;88109;41.5;21.4
40;2021-05-29;1556;1253;172358;89362;41.8;21.7
40;2021-05-30;2;52;172360;89414;41.8;21.7
40;2021-05-31;2564;1207;174924;90621;42.5;22.0
40;2021-06-01;3010;1768;177934;92389;43.2;22.4
40;2021-06-02;3173;1985;181107;94374;44.0;22.9
40;2021-06-03;3592;2335;184699;96709;44.8;23.5
40;2021-06-04;3015;2804;187714;99513;45.6;24.2
40;2021-06-05;1778;1393;189492;100906;46.0;24.5
40;2021-06-06;458;78;189950;100984;46.1;24.5
40;2021-06-07;2184;2025;192134;103009;46.6;25.0
40;2021-06-08;2951;2100;195085;105109;47.4;25.5
40;2021-06-09;3212;2261;198297;107370;48.1;26.1
40;2021-06-10;2995;2091;201292;109461;48.9;26.6
40;2021-06-11;3138;2794;204430;112255;49.6;27.2
40;2021-06-12;1965;1636;206395;113891;50.1;27.6
40;2021-06-13;643;161;207038;114052;50.3;27.7
40;2021-06-14;1456;2497;208494;116549;50.6;28.3
40;2021-06-15;2233;2817;210727;119366;51.1;29.0
40;2021-06-16;2599;2453;213326;121819;51.8;29.6
40;2021-06-17;2429;2434;215755;124253;52.4;30.2
40;2021-06-18;2320;2905;218075;127158;52.9;30.9
40;2021-06-19;1797;1231;219872;128389;53.4;31.2
40;2021-06-20;344;275;220216;128664;53.5;31.2
40;2021-06-21;1389;2319;221605;130983;53.8;31.8
40;2021-06-22;1684;2993;223289;133976;54.2;32.5
40;2021-06-23;1605;3346;224894;137322;54.6;33.3
40;2021-06-24;1726;2380;226620;139702;55.0;33.9
40;2021-06-25;1757;3260;228377;142962;55.4;34.7
40;2021-06-26;1327;1710;229704;144672;55.8;35.1
40;2021-06-27;262;354;229966;145026;55.8;35.2
40;2021-06-28;1330;2819;231296;147845;56.1;35.9
40;2021-06-29;1704;3385;233000;151230;56.6;36.7
40;2021-06-30;1769;3636;234769;154866;57.0;37.6
40;2021-07-01;1708;3949;236477;158815;57.4;38.5
40;2021-07-02;1549;3812;238026;162627;57.8;39.5
40;2021-07-03;671;1922;238697;164549;57.9;39.9
40;2021-07-04;218;483;238915;165032;58.0;40.1
40;2021-07-05;1470;3021;240385;168053;58.3;40.8
40;2021-07-06;1753;3613;242138;171666;58.8;41.7
40;2021-07-07;1968;3849;244106;175515;59.3;42.6
40;2021-07-08;2088;3410;246194;178925;59.8;43.4
40;2021-07-09;1892;3945;248086;182870;60.2;44.4
40;2021-07-10;1000;2161;249086;185031;60.5;44.9
40;2021-07-11;204;294;249290;185325;60.5;45.0
40;2021-07-12;1301;4043;250591;189368;60.8;46.0
40;2021-07-13;2408;4693;252999;194061;61.4;47.1
40;2021-07-14;2167;2052;255166;196113;61.9;47.6
40;2021-07-15;2813;4858;257979;200971;62.6;48.8
40;2021-07-16;3293;3942;261272;204913;63.4;49.7
40;2021-07-17;2098;2589;263370;207502;63.9;50.4
40;2021-07-18;466;541;263836;208043;64.0;50.5
40;2021-07-19;2551;3699;266387;211742;64.7;51.4
40;2021-07-20;3028;4052;269415;215794;65.4;52.4
40;2021-07-21;3177;3871;272592;219665;66.2;53.3
40;2021-07-22;3819;3922;276411;223587;67.1;54.3
40;2021-07-23;4063;4100;280474;227687;68.1;55.3
40;2021-07-24;2773;2091;283247;229778;68.8;55.8
40;2021-07-25;946;487;284193;230265;69.0;55.9
40;2021-07-26;2919;3073;287112;233338;69.7;56.6
40;2021-07-27;3486;3598;290598;236936;70.5;57.5
40;2021-07-28;3353;3381;293951;240317;71.4;58.3
40;2021-07-29;3504;3420;297455;243737;72.2;59.2
40;2021-07-30;3103;3393;300558;247130;73.0;60.0
40;2021-07-31;1764;1909;302322;249039;73.4;60.4
40;2021-08-01;342;285;302664;249324;73.5;60.5
40;2021-08-02;1982;2375;304646;251699;73.9;61.1
40;2021-08-03;2272;2669;306918;254368;74.5;61.7
41;2020-12-27;0;0;0;0;0.0;0.0
41;2020-12-28;0;0;0;0;0.0;0.0
41;2020-12-29;0;0;0;0;0.0;0.0
41;2020-12-30;0;0;0;0;0.0;0.0
41;2020-12-31;0;0;0;0;0.0;0.0
41;2021-01-01;0;0;0;0;0.0;0.0
41;2021-01-02;0;0;0;0;0.0;0.0
41;2021-01-03;0;0;0;0;0.0;0.0
41;2021-01-04;0;0;0;0;0.0;0.0
41;2021-01-05;35;0;35;0;0.0;0.0
41;2021-01-06;72;0;107;0;0.0;0.0
41;2021-01-07;21;0;128;0;0.0;0.0
41;2021-01-08;1;0;129;0;0.0;0.0
41;2021-01-09;0;0;129;0;0.0;0.0
41;2021-01-10;0;0;129;0;0.0;0.0
41;2021-01-11;133;0;262;0;0.1;0.0
41;2021-01-12;321;1;583;1;0.2;0.0
41;2021-01-13;270;0;853;1;0.3;0.0
41;2021-01-14;283;1;1136;2;0.3;0.0
41;2021-01-15;215;1;1351;3;0.4;0.0
41;2021-01-16;0;0;1351;3;0.4;0.0
41;2021-01-17;0;0;1351;3;0.4;0.0
41;2021-01-18;397;1;1748;4;0.5;0.0
41;2021-01-19;857;0;2605;4;0.8;0.0
41;2021-01-20;1056;1;3661;5;1.1;0.0
41;2021-01-21;1567;1;5228;6;1.6;0.0
41;2021-01-22;835;0;6063;6;1.8;0.0
41;2021-01-23;92;0;6155;6;1.9;0.0
41;2021-01-24;0;0;6155;6;1.9;0.0
41;2021-01-25;421;1;6576;7;2.0;0.0
41;2021-01-26;473;0;7049;7;2.2;0.0
41;2021-01-27;441;1;7490;8;2.3;0.0
41;2021-01-28;604;56;8094;64;2.5;0.0
41;2021-01-29;258;30;8352;94;2.5;0.0
41;2021-01-30;0;0;8352;94;2.5;0.0
41;2021-01-31;0;0;8352;94;2.5;0.0
41;2021-02-01;350;147;8702;241;2.7;0.1
41;2021-02-02;471;231;9173;472;2.8;0.1
41;2021-02-03;341;202;9514;674;2.9;0.2
41;2021-02-04;559;154;10073;828;3.1;0.3
41;2021-02-05;329;191;10402;1019;3.2;0.3
41;2021-02-06;4;0;10406;1019;3.2;0.3
41;2021-02-07;2;0;10408;1019;3.2;0.3
41;2021-02-08;306;311;10714;1330;3.3;0.4
41;2021-02-09;598;453;11312;1783;3.5;0.5
41;2021-02-10;486;694;11798;2477;3.6;0.8
41;2021-02-11;1066;1157;12864;3634;3.9;1.1
41;2021-02-12;688;357;13552;3991;4.1;1.2
41;2021-02-13;9;5;13561;3996;4.1;1.2
41;2021-02-14;0;27;13561;4023;4.1;1.2
41;2021-02-15;314;309;13875;4332;4.2;1.3
41;2021-02-16;354;565;14229;4897;4.3;1.5
41;2021-02-17;318;460;14547;5357;4.4;1.6
41;2021-02-18;617;318;15164;5675;4.6;1.7
41;2021-02-19;455;336;15619;6011;4.8;1.8
41;2021-02-20;69;58;15688;6069;4.8;1.9
41;2021-02-21;0;0;15688;6069;4.8;1.9
41;2021-02-22;310;421;15998;6490;4.9;2.0
41;2021-02-23;454;351;16452;6841;5.0;2.1
41;2021-02-24;281;441;16733;7282;5.1;2.2
41;2021-02-25;674;457;17407;7739;5.3;2.4
41;2021-02-26;629;253;18036;7992;5.5;2.4
41;2021-02-27;161;4;18197;7996;5.6;2.4
41;2021-02-28;2;31;18199;8027;5.6;2.4
41;2021-03-01;310;311;18509;8338;5.6;2.5
41;2021-03-02;648;415;19157;8753;5.8;2.7
41;2021-03-03;497;411;19654;9164;6.0;2.8
41;2021-03-04;782;836;20436;10000;6.2;3.1
41;2021-03-05;838;671;21274;10671;6.5;3.3
41;2021-03-06;715;18;21989;10689;6.7;3.3
41;2021-03-07;498;13;22487;10702;6.9;3.3
41;2021-03-08;299;377;22786;11079;7.0;3.4
41;2021-03-09;1042;449;23828;11528;7.3;3.5
41;2021-03-10;721;454;24549;11982;7.5;3.7
41;2021-03-11;1181;679;25730;12661;7.8;3.9
41;2021-03-12;1114;410;26844;13071;8.2;4.0
41;2021-03-13;1222;14;28066;13085;8.6;4.0
41;2021-03-14;392;3;28458;13088;8.7;4.0
41;2021-03-15;797;350;29255;13438;8.9;4.1
41;2021-03-16;1060;408;30315;13846;9.2;4.2
41;2021-03-17;587;240;30902;14086;9.4;4.3
41;2021-03-18;925;402;31827;14488;9.7;4.4
41;2021-03-19;911;332;32738;14820;10.0;4.5
41;2021-03-20;539;17;33277;14837;10.2;4.5
41;2021-03-21;1;0;33278;14837;10.2;4.5
41;2021-03-22;809;266;34087;15103;10.4;4.6
41;2021-03-23;1307;489;35394;15592;10.8;4.8
41;2021-03-24;1231;365;36625;15957;11.2;4.9
41;2021-03-25;2026;436;38651;16393;11.8;5.0
41;2021-03-26;1655;322;40306;16715;12.3;5.1
41;2021-03-27;452;56;40758;16771;12.4;5.1
41;2021-03-28;1;0;40759;16771;12.4;5.1
41;2021-03-29;938;305;41697;17076;12.7;5.2
41;2021-03-30;1496;595;43193;17671;13.2;5.4
41;2021-03-31;1147;494;44340;18165;13.5;5.5
41;2021-04-01;2251;557;46591;18722;14.2;5.7
41;2021-04-02;1242;470;47833;19192;14.6;5.9
41;2021-04-03;321;5;48154;19197;14.7;5.9
41;2021-04-04;38;0;48192;19197;14.7;5.9
41;2021-04-05;140;2;48332;19199;14.7;5.9
41;2021-04-06;1299;622;49631;19821;15.1;6.0
41;2021-04-07;1851;699;51482;20520;15.7;6.3
41;2021-04-08;2290;915;53772;21435;16.4;6.5
41;2021-04-09;2567;604;56339;22039;17.2;6.7
41;2021-04-10;950;495;57289;22534;17.5;6.9
41;2021-04-11;278;376;57567;22910;17.6;7.0
41;2021-04-12;1688;644;59255;23554;18.1;7.2
41;2021-04-13;2262;979;61517;24533;18.8;7.5
41;2021-04-14;1794;546;63311;25079;19.3;7.6
41;2021-04-15;2384;967;65695;26046;20.0;7.9
41;2021-04-16;1930;619;67625;26665;20.6;8.1
41;2021-04-17;647;134;68272;26799;20.8;8.2
41;2021-04-18;5;0;68277;26799;20.8;8.2
41;2021-04-19;1262;743;69539;27542;21.2;8.4
41;2021-04-20;2004;1200;71543;28742;21.8;8.8
41;2021-04-21;1504;911;73047;29653;22.3;9.0
41;2021-04-22;2235;1591;75282;31244;23.0;9.5
41;2021-04-23;1733;1074;77015;32318;23.5;9.9
41;2021-04-24;1543;276;78558;32594;24.0;9.9
41;2021-04-25;1007;19;79565;32613;24.3;9.9
41;2021-04-26;1356;625;80921;33238;24.7;10.1
41;2021-04-27;2094;1038;83015;34276;25.3;10.5
41;2021-04-28;1560;854;84575;35130;25.8;10.7
41;2021-04-29;2211;1373;86786;36503;26.5;11.1
41;2021-04-30;1962;858;88748;37361;27.1;11.4
41;2021-05-01;189;12;88937;37373;27.1;11.4
41;2021-05-02;107;17;89044;37390;27.2;11.4
41;2021-05-03;1867;888;90911;38278;27.7;11.7
41;2021-05-04;2096;1540;93007;39818;28.4;12.1
41;2021-05-05;1881;1189;94888;41007;28.9;12.5
41;2021-05-06;2448;1694;97336;42701;29.7;13.0
41;2021-05-07;2019;1796;99355;44497;30.3;13.6
41;2021-05-08;203;152;99558;44649;30.4;13.6
41;2021-05-09;11;354;99569;45003;30.4;13.7
41;2021-05-10;1590;1558;101159;46561;30.9;14.2
41;2021-05-11;2090;2097;103249;48658;31.5;14.8
41;2021-05-12;1952;1676;105201;50334;32.1;15.4
41;2021-05-13;1485;945;106686;51279;32.5;15.6
41;2021-05-14;1576;1303;108262;52582;33.0;16.0
41;2021-05-15;206;294;108468;52876;33.1;16.1
41;2021-05-16;4;0;108472;52876;33.1;16.1
41;2021-05-17;2483;560;110955;53436;33.8;16.3
41;2021-05-18;3138;1024;114093;54460;34.8;16.6
41;2021-05-19;2554;670;116647;55130;35.6;16.8
41;2021-05-20;3349;1152;119996;56282;36.6;17.2
41;2021-05-21;2726;967;122722;57249;37.4;17.5
41;2021-05-22;396;236;123118;57485;37.6;17.5
41;2021-05-23;6;2;123124;57487;37.6;17.5
41;2021-05-24;2605;145;125729;57632;38.4;17.6
41;2021-05-25;2989;575;128718;58207;39.3;17.8
41;2021-05-26;3037;645;131755;58852;40.2;18.0
41;2021-05-27;3296;1109;135051;59961;41.2;18.3
41;2021-05-28;3143;980;138194;60941;42.2;18.6
41;2021-05-29;2075;427;140269;61368;42.8;18.7
41;2021-05-30;343;21;140612;61389;42.9;18.7
41;2021-05-31;1711;1506;142323;62895;43.4;19.2
41;2021-06-01;2262;2012;144585;64907;44.1;19.8
41;2021-06-02;1831;1289;146416;66196;44.7;20.2
41;2021-06-03;2596;1942;149012;68138;45.5;20.8
41;2021-06-04;2306;1963;151318;70101;46.2;21.4
41;2021-06-05;611;1582;151929;71683;46.3;21.9
41;2021-06-06;108;927;152037;72610;46.4;22.1
41;2021-06-07;1517;1532;153554;74142;46.8;22.6
41;2021-06-08;1712;2414;155266;76556;47.4;23.4
41;2021-06-09;1615;1642;156881;78198;47.9;23.9
41;2021-06-10;1917;1818;158798;80016;48.4;24.4
41;2021-06-11;1571;1796;160369;81812;48.9;25.0
41;2021-06-12;663;649;161032;82461;49.1;25.2
41;2021-06-13;12;77;161044;82538;49.1;25.2
41;2021-06-14;1269;1963;162313;84501;49.5;25.8
41;2021-06-15;1834;2760;164147;87261;50.1;26.6
41;2021-06-16;1725;2309;165872;89570;50.6;27.3
41;2021-06-17;1811;2578;167683;92148;51.1;28.1
41;2021-06-18;1666;2396;169349;94544;51.7;28.8
41;2021-06-19;412;531;169761;95075;51.8;29.0
41;2021-06-20;11;32;169772;95107;51.8;29.0
41;2021-06-21;1325;1780;171097;96887;52.2;29.6
41;2021-06-22;1618;2564;172715;99451;52.7;30.3
41;2021-06-23;1374;2046;174089;101497;53.1;31.0
41;2021-06-24;1481;2311;175570;103808;53.6;31.7
41;2021-06-25;1294;2613;176864;106421;53.9;32.5
41;2021-06-26;434;613;177298;107034;54.1;32.6
41;2021-06-27;1;4;177299;107038;54.1;32.6
41;2021-06-28;403;2698;177702;109736;54.2;33.5
41;2021-06-29;664;3441;178366;113177;54.4;34.5
41;2021-06-30;549;3072;178915;116249;54.6;35.5
41;2021-07-01;767;3105;179682;119354;54.8;36.4
41;2021-07-02;588;3500;180270;122854;55.0;37.5
41;2021-07-03;158;648;180428;123502;55.0;37.7
41;2021-07-04;1;2;180429;123504;55.0;37.7
41;2021-07-05;287;2826;180716;126330;55.1;38.5
41;2021-07-06;666;3636;181382;129966;55.3;39.6
41;2021-07-07;478;3141;181860;133107;55.5;40.6
41;2021-07-08;942;3379;182802;136486;55.8;41.6
41;2021-07-09;534;3645;183336;140131;55.9;42.7
41;2021-07-10;246;2087;183582;142218;56.0;43.4
41;2021-07-11;5;281;183587;142499;56.0;43.5
41;2021-07-12;858;2295;184445;144794;56.3;44.2
41;2021-07-13;1195;3287;185640;148081;56.6;45.2
41;2021-07-14;140;1081;185780;149162;56.7;45.5
41;2021-07-15;1329;3325;187109;152487;57.1;46.5
41;2021-07-16;1087;3397;188196;155884;57.4;47.5
41;2021-07-17;339;806;188535;156690;57.5;47.8
41;2021-07-18;24;32;188559;156722;57.5;47.8
41;2021-07-19;1188;2317;189747;159039;57.9;48.5
41;2021-07-20;1635;2742;191382;161781;58.4;49.3
41;2021-07-21;1701;2087;193083;163868;58.9;50.0
41;2021-07-22;2258;2303;195341;166171;59.6;50.7
41;2021-07-23;2094;2477;197435;168648;60.2;51.4
41;2021-07-24;327;842;197762;169490;60.3;51.7
41;2021-07-25;17;23;197779;169513;60.3;51.7
41;2021-07-26;1895;1675;199674;171188;60.9;52.2
41;2021-07-27;2522;2334;202196;173522;61.7;52.9
41;2021-07-28;2161;1826;204357;175348;62.3;53.5
41;2021-07-29;2336;2021;206693;177369;63.0;54.1
41;2021-07-30;2151;2078;208844;179447;63.7;54.7
41;2021-07-31;378;575;209222;180022;63.8;54.9
41;2021-08-01;17;7;209239;180029;63.8;54.9
41;2021-08-02;1542;1605;210781;181634;64.3;55.4
41;2021-08-03;2499;1851;213280;183485;65.1;56.0
42;2020-12-27;2;0;2;0;0.0;0.0
42;2020-12-28;0;0;2;0;0.0;0.0
42;2020-12-29;0;0;2;0;0.0;0.0
42;2020-12-30;0;0;2;0;0.0;0.0
42;2020-12-31;0;0;2;0;0.0;0.0
42;2021-01-01;0;0;2;0;0.0;0.0
42;2021-01-02;0;0;2;0;0.0;0.0
42;2021-01-03;0;0;2;0;0.0;0.0
42;2021-01-04;1;0;3;0;0.0;0.0
42;2021-01-05;1;0;4;0;0.0;0.0
42;2021-01-06;178;1;182;1;0.0;0.0
42;2021-01-07;256;0;438;1;0.1;0.0
42;2021-01-08;262;1;700;2;0.1;0.0
42;2021-01-09;136;0;836;2;0.1;0.0
42;2021-01-10;0;0;836;2;0.1;0.0
42;2021-01-11;293;2;1129;4;0.1;0.0
42;2021-01-12;412;1;1541;5;0.2;0.0
42;2021-01-13;527;2;2068;7;0.3;0.0
42;2021-01-14;771;4;2839;11;0.4;0.0
42;2021-01-15;703;4;3542;15;0.5;0.0
42;2021-01-16;298;1;3840;16;0.5;0.0
42;2021-01-17;219;0;4059;16;0.5;0.0
42;2021-01-18;968;1;5027;17;0.7;0.0
42;2021-01-19;1328;11;6355;28;0.8;0.0
42;2021-01-20;955;4;7310;32;1.0;0.0
42;2021-01-21;1002;5;8312;37;1.1;0.0
42;2021-01-22;991;4;9303;41;1.2;0.0
42;2021-01-23;401;0;9704;41;1.3;0.0
42;2021-01-24;358;0;10062;41;1.3;0.0
42;2021-01-25;1098;10;11160;51;1.5;0.0
42;2021-01-26;1743;19;12903;70;1.7;0.0
42;2021-01-27;1456;123;14359;193;1.9;0.0
42;2021-01-28;1663;140;16022;333;2.1;0.0
42;2021-01-29;945;118;16967;451;2.2;0.1
42;2021-01-30;257;114;17224;565;2.3;0.1
42;2021-01-31;258;2;17482;567;2.3;0.1
42;2021-02-01;729;62;18211;629;2.4;0.1
42;2021-02-02;1798;288;20009;917;2.6;0.1
42;2021-02-03;1515;483;21524;1400;2.8;0.2
42;2021-02-04;1282;613;22806;2013;3.0;0.3
42;2021-02-05;683;525;23489;2538;3.1;0.3
42;2021-02-06;303;148;23792;2686;3.1;0.4
42;2021-02-07;275;152;24067;2838;3.1;0.4
42;2021-02-08;508;627;24575;3465;3.2;0.5
42;2021-02-09;703;801;25278;4266;3.3;0.6
42;2021-02-10;738;690;26016;4956;3.4;0.6
42;2021-02-11;767;675;26783;5631;3.5;0.7
42;2021-02-12;675;754;27458;6385;3.6;0.8
42;2021-02-13;426;303;27884;6688;3.6;0.9
42;2021-02-14;186;229;28070;6917;3.7;0.9
42;2021-02-15;521;819;28591;7736;3.7;1.0
42;2021-02-16;488;1246;29079;8982;3.8;1.2
42;2021-02-17;518;1535;29597;10517;3.9;1.4
42;2021-02-18;754;1381;30351;11898;4.0;1.6
42;2021-02-19;767;1023;31118;12921;4.1;1.7
42;2021-02-20;248;411;31366;13332;4.1;1.7
42;2021-02-21;63;328;31429;13660;4.1;1.8
42;2021-02-22;575;966;32004;14626;4.2;1.9
42;2021-02-23;1200;1416;33204;16042;4.3;2.1
42;2021-02-24;1238;1221;34442;17263;4.5;2.3
42;2021-02-25;1666;1412;36108;18675;4.7;2.4
42;2021-02-26;1644;919;37752;19594;4.9;2.6
42;2021-02-27;580;294;38332;19888;5.0;2.6
42;2021-02-28;167;126;38499;20014;5.0;2.6
42;2021-03-01;812;845;39311;20859;5.1;2.7
42;2021-03-02;1274;811;40585;21670;5.3;2.8
42;2021-03-03;1366;795;41951;22465;5.5;2.9
42;2021-03-04;1704;701;43655;23166;5.7;3.0
42;2021-03-05;2627;653;46282;23819;6.1;3.1
42;2021-03-06;1932;252;48214;24071;6.3;3.1
42;2021-03-07;1492;83;49706;24154;6.5;3.2
42;2021-03-08;1403;503;51109;24657;6.7;3.2
42;2021-03-09;1984;441;53093;25098;6.9;3.3
42;2021-03-10;2053;484;55146;25582;7.2;3.3
42;2021-03-11;3047;590;58193;26172;7.6;3.4
42;2021-03-12;3006;814;61199;26986;8.0;3.5
42;2021-03-13;1480;349;62679;27335;8.2;3.6
42;2021-03-14;472;175;63151;27510;8.3;3.6
42;2021-03-15;1571;588;64722;28098;8.5;3.7
42;2021-03-16;1471;774;66193;28872;8.7;3.8
42;2021-03-17;1717;1061;67910;29933;8.9;3.9
42;2021-03-18;1804;1021;69714;30954;9.1;4.0
42;2021-03-19;2563;670;72277;31624;9.5;4.1
42;2021-03-20;1671;221;73948;31845;9.7;4.2
42;2021-03-21;528;95;74476;31940;9.7;4.2
42;2021-03-22;1430;732;75906;32672;9.9;4.3
42;2021-03-23;2506;840;78412;33512;10.3;4.4
42;2021-03-24;2782;774;81194;34286;10.6;4.5
42;2021-03-25;3720;927;84914;35213;11.1;4.6
42;2021-03-26;3759;775;88673;35988;11.6;4.7
42;2021-03-27;1804;435;90477;36423;11.8;4.8
42;2021-03-28;1040;203;91517;36626;12.0;4.8
42;2021-03-29;2062;914;93579;37540;12.2;4.9
42;2021-03-30;3144;849;96723;38389;12.6;5.0
42;2021-03-31;2441;1055;99164;39444;13.0;5.2
42;2021-04-01;3390;1033;102554;40477;13.4;5.3
42;2021-04-02;2849;1217;105403;41694;13.8;5.5
42;2021-04-03;1418;598;106821;42292;14.0;5.5
42;2021-04-04;1401;386;108222;42678;14.2;5.6
42;2021-04-05;1901;282;110123;42960;14.4;5.6
42;2021-04-06;2293;1399;112416;44359;14.7;5.8
42;2021-04-07;2756;1811;115172;46170;15.1;6.0
42;2021-04-08;4021;1581;119193;47751;15.6;6.2
42;2021-04-09;5125;1519;124318;49270;16.3;6.4
42;2021-04-10;2588;748;126906;50018;16.6;6.5
42;2021-04-11;1955;415;128861;50433;16.9;6.6
42;2021-04-12;3694;1538;132555;51971;17.3;6.8
42;2021-04-13;4658;1791;137213;53762;17.9;7.0
42;2021-04-14;4312;1889;141525;55651;18.5;7.3
42;2021-04-15;4803;1794;146328;57445;19.1;7.5
42;2021-04-16;4615;1864;150943;59309;19.7;7.8
42;2021-04-17;2978;1066;153921;60375;20.1;7.9
42;2021-04-18;1883;409;155804;60784;20.4;7.9
42;2021-04-19;3090;1525;158894;62309;20.8;8.1
42;2021-04-20;3466;1931;162360;64240;21.2;8.4
42;2021-04-21;3471;1735;165831;65975;21.7;8.6
42;2021-04-22;3767;1934;169598;67909;22.2;8.9
42;2021-04-23;3836;1998;173434;69907;22.7;9.1
42;2021-04-24;2357;1510;175791;71417;23.0;9.3
42;2021-04-25;1656;942;177447;72359;23.2;9.5
42;2021-04-26;3275;1722;180722;74081;23.6;9.7
42;2021-04-27;3256;2197;183978;76278;24.1;10.0
42;2021-04-28;3464;2613;187442;78891;24.5;10.3
42;2021-04-29;3770;2797;191212;81688;25.0;10.7
42;2021-04-30;3360;3029;194572;84717;25.4;11.1
42;2021-05-01;2969;1038;197541;85755;25.8;11.2
42;2021-05-02;1935;1256;199476;87011;26.1;11.4
42;2021-05-03;2871;2761;202347;89772;26.5;11.7
42;2021-05-04;3419;3120;205766;92892;26.9;12.1
42;2021-05-05;3330;3394;209096;96286;27.3;12.6
42;2021-05-06;3889;3757;212985;100043;27.9;13.1
42;2021-05-07;3731;4031;216716;104074;28.3;13.6
42;2021-05-08;3164;1061;219880;105135;28.8;13.7
42;2021-05-09;1506;2211;221386;107346;28.9;14.0
42;2021-05-10;3249;3824;224635;111170;29.4;14.5
42;2021-05-11;5581;3903;230216;115073;30.1;15.0
42;2021-05-12;5345;3564;235561;118637;30.8;15.5
42;2021-05-13;5455;1133;241016;119770;31.5;15.7
42;2021-05-14;5243;2921;246259;122691;32.2;16.0
42;2021-05-15;4880;2111;251139;124802;32.8;16.3
42;2021-05-16;2871;1036;254010;125838;33.2;16.5
42;2021-05-17;5887;2838;259897;128676;34.0;16.8
42;2021-05-18;6250;2977;266147;131653;34.8;17.2
42;2021-05-19;6525;2744;272672;134397;35.7;17.6
42;2021-05-20;7105;2888;279777;137285;36.6;18.0
42;2021-05-21;6353;3259;286130;140544;37.4;18.4
42;2021-05-22;5838;2120;291968;142664;38.2;18.7
42;2021-05-23;2833;871;294801;143535;38.5;18.8
42;2021-05-24;5251;1421;300052;144956;39.2;19.0
42;2021-05-25;5153;3946;305205;148902;39.9;19.5
42;2021-05-26;5155;3448;310360;152350;40.6;19.9
42;2021-05-27;5365;3630;315725;155980;41.3;20.4
42;2021-05-28;5038;4196;320763;160176;41.9;20.9
42;2021-05-29;4341;2986;325104;163162;42.5;21.3
42;2021-05-30;1981;1207;327085;164369;42.8;21.5
42;2021-05-31;4239;3425;331324;167794;43.3;21.9
42;2021-06-01;4591;3572;335915;171366;43.9;22.4
42;2021-06-02;4470;3009;340385;174375;44.5;22.8
42;2021-06-03;4925;3836;345310;178211;45.2;23.3
42;2021-06-04;4767;4217;350077;182428;45.8;23.9
42;2021-06-05;3685;2421;353762;184849;46.3;24.2
42;2021-06-06;1445;1293;355207;186142;46.4;24.3
42;2021-06-07;3988;3374;359195;189516;47.0;24.8
42;2021-06-08;3461;3238;362656;192754;47.4;25.2
42;2021-06-09;2957;3200;365613;195954;47.8;25.6
42;2021-06-10;3238;2928;368851;198882;48.2;26.0
42;2021-06-11;3587;4116;372438;202998;48.7;26.5
42;2021-06-12;2862;2879;375300;205877;49.1;26.9
42;2021-06-13;943;1276;376243;207153;49.2;27.1
42;2021-06-14;2307;4063;378550;211216;49.5;27.6
42;2021-06-15;2831;4068;381381;215284;49.9;28.2
42;2021-06-16;2923;3549;384304;218833;50.3;28.6
42;2021-06-17;2636;3740;386940;222573;50.6;29.1
42;2021-06-18;3089;5150;390029;227723;51.0;29.8
42;2021-06-19;2845;4244;392874;231967;51.4;30.3
42;2021-06-20;856;1842;393730;233809;51.5;30.6
42;2021-06-21;1905;6275;395635;240084;51.7;31.4
42;2021-06-22;1873;5897;397508;245981;52.0;32.2
42;2021-06-23;1840;5321;399348;251302;52.2;32.9
42;2021-06-24;1780;4678;401128;255980;52.5;33.5
42;2021-06-25;2027;6950;403155;262930;52.7;34.4
42;2021-06-26;1404;5818;404559;268748;52.9;35.1
42;2021-06-27;756;2852;405315;271600;53.0;35.5
42;2021-06-28;1740;7059;407055;278659;53.2;36.4
42;2021-06-29;1528;6560;408583;285219;53.4;37.3
42;2021-06-30;1964;5762;410547;290981;53.7;38.0
42;2021-07-01;1769;5115;412316;296096;53.9;38.7
42;2021-07-02;2044;6746;414360;302842;54.2;39.6
42;2021-07-03;1751;5971;416111;308813;54.4;40.4
42;2021-07-04;853;2509;416964;311322;54.5;40.7
42;2021-07-05;1708;6284;418672;317606;54.7;41.5
42;2021-07-06;2101;5576;420773;323182;55.0;42.3
42;2021-07-07;2322;4659;423095;327841;55.3;42.9
42;2021-07-08;2267;3961;425362;331802;55.6;43.4
42;2021-07-09;2372;6099;427734;337901;55.9;44.2
42;2021-07-10;1692;5585;429426;343486;56.2;44.9
42;2021-07-11;919;2295;430345;345781;56.3;45.2
42;2021-07-12;1764;6289;432109;352070;56.5;46.0
42;2021-07-13;3583;6281;435692;358351;57.0;46.9
42;2021-07-14;4459;2046;440151;360397;57.6;47.1
42;2021-07-15;4516;5609;444667;366006;58.1;47.9
42;2021-07-16;4329;6183;448996;372189;58.7;48.7
42;2021-07-17;3188;4696;452184;376885;59.1;49.3
42;2021-07-18;1829;1736;454013;378621;59.4;49.5
42;2021-07-19;3777;5055;457790;383676;59.9;50.2
42;2021-07-20;4684;4854;462474;388530;60.5;50.8
42;2021-07-21;5134;4696;467608;393226;61.1;51.4
42;2021-07-22;5470;3921;473078;397147;61.9;51.9
42;2021-07-23;5449;5080;478527;402227;62.6;52.6
42;2021-07-24;4004;3803;482531;406030;63.1;53.1
42;2021-07-25;1638;1374;484169;407404;63.3;53.3
42;2021-07-26;4695;4306;488864;411710;63.9;53.8
42;2021-07-27;5299;3937;494163;415647;64.6;54.4
42;2021-07-28;5747;3650;499910;419297;65.4;54.8
42;2021-07-29;5633;3409;505543;422706;66.1;55.3
42;2021-07-30;5097;3742;510640;426448;66.8;55.8
42;2021-07-31;4667;3016;515307;429464;67.4;56.2
42;2021-08-01;2474;1293;517781;430757;67.7;56.3
42;2021-08-02;4310;3070;522091;433827;68.3;56.7
42;2021-08-03;3789;3236;525880;437063;68.8;57.2
43;2020-12-27;0;0;0;0;0.0;0.0
43;2020-12-28;0;0;0;0;0.0;0.0
43;2020-12-29;0;0;0;0;0.0;0.0
43;2020-12-30;0;0;0;0;0.0;0.0
43;2020-12-31;0;0;0;0;0.0;0.0
43;2021-01-01;0;0;0;0;0.0;0.0
43;2021-01-02;0;0;0;0;0.0;0.0
43;2021-01-03;0;0;0;0;0.0;0.0
43;2021-01-04;1;0;1;0;0.0;0.0
43;2021-01-05;0;0;1;0;0.0;0.0
43;2021-01-06;0;0;1;0;0.0;0.0
43;2021-01-07;167;0;168;0;0.1;0.0
43;2021-01-08;151;1;319;1;0.1;0.0
43;2021-01-09;0;0;319;1;0.1;0.0
43;2021-01-10;0;0;319;1;0.1;0.0
43;2021-01-11;137;0;456;1;0.2;0.0
43;2021-01-12;244;1;700;2;0.3;0.0
43;2021-01-13;244;1;944;3;0.4;0.0
43;2021-01-14;293;2;1237;5;0.5;0.0
43;2021-01-15;303;2;1540;7;0.7;0.0
43;2021-01-16;32;0;1572;7;0.7;0.0
43;2021-01-17;0;0;1572;7;0.7;0.0
43;2021-01-18;760;5;2332;12;1.0;0.0
43;2021-01-19;776;6;3108;18;1.4;0.0
43;2021-01-20;517;0;3625;18;1.6;0.0
43;2021-01-21;446;2;4071;20;1.8;0.0
43;2021-01-22;465;8;4536;28;2.0;0.0
43;2021-01-23;1;0;4537;28;2.0;0.0
43;2021-01-24;1;0;4538;28;2.0;0.0
43;2021-01-25;539;0;5077;28;2.2;0.0
43;2021-01-26;616;4;5693;32;2.5;0.0
43;2021-01-27;740;0;6433;32;2.8;0.0
43;2021-01-28;747;32;7180;64;3.2;0.0
43;2021-01-29;719;84;7899;148;3.5;0.1
43;2021-01-30;109;0;8008;148;3.5;0.1
43;2021-01-31;0;0;8008;148;3.5;0.1
43;2021-02-01;404;100;8412;248;3.7;0.1
43;2021-02-02;709;151;9121;399;4.0;0.2
43;2021-02-03;691;43;9812;442;4.3;0.2
43;2021-02-04;523;171;10335;613;4.6;0.3
43;2021-02-05;543;173;10878;786;4.8;0.3
43;2021-02-06;164;19;11042;805;4.9;0.4
43;2021-02-07;0;0;11042;805;4.9;0.4
43;2021-02-08;411;305;11453;1110;5.0;0.5
43;2021-02-09;369;434;11822;1544;5.2;0.7
43;2021-02-10;399;361;12221;1905;5.4;0.8
43;2021-02-11;390;395;12611;2300;5.6;1.0
43;2021-02-12;426;201;13037;2501;5.7;1.1
43;2021-02-13;572;38;13609;2539;6.0;1.1
43;2021-02-14;0;0;13609;2539;6.0;1.1
43;2021-02-15;68;480;13677;3019;6.0;1.3
43;2021-02-16;41;375;13718;3394;6.0;1.5
43;2021-02-17;87;484;13805;3878;6.1;1.7
43;2021-02-18;147;379;13952;4257;6.1;1.9
43;2021-02-19;277;508;14229;4765;6.3;2.1
43;2021-02-20;22;4;14251;4769;6.3;2.1
43;2021-02-21;0;0;14251;4769;6.3;2.1
43;2021-02-22;16;503;14267;5272;6.3;2.3
43;2021-02-23;202;798;14469;6070;6.4;2.7
43;2021-02-24;147;714;14616;6784;6.4;3.0
43;2021-02-25;227;695;14843;7479;6.5;3.3
43;2021-02-26;222;671;15065;8150;6.6;3.6
43;2021-02-27;138;75;15203;8225;6.7;3.6
43;2021-02-28;1;0;15204;8225;6.7;3.6
43;2021-03-01;210;478;15414;8703;6.8;3.8
43;2021-03-02;342;582;15756;9285;6.9;4.1
43;2021-03-03;339;589;16095;9874;7.1;4.4
43;2021-03-04;551;458;16646;10332;7.3;4.6
43;2021-03-05;566;449;17212;10781;7.6;4.8
43;2021-03-06;489;178;17701;10959;7.8;4.8
43;2021-03-07;12;0;17713;10959;7.8;4.8
43;2021-03-08;445;443;18158;11402;8.0;5.0
43;2021-03-09;621;349;18779;11751;8.3;5.2
43;2021-03-10;673;491;19452;12242;8.6;5.4
43;2021-03-11;953;436;20405;12678;9.0;5.6
43;2021-03-12;945;421;21350;13099;9.4;5.8
43;2021-03-13;792;112;22142;13211;9.8;5.8
43;2021-03-14;2;0;22144;13211;9.8;5.8
43;2021-03-15;706;140;22850;13351;10.1;5.9
43;2021-03-16;847;278;23697;13629;10.4;6.0
43;2021-03-17;638;134;24335;13763;10.7;6.1
43;2021-03-18;675;129;25010;13892;11.0;6.1
43;2021-03-19;839;101;25849;13993;11.4;6.2
43;2021-03-20;450;60;26299;14053;11.6;6.2
43;2021-03-21;0;0;26299;14053;11.6;6.2
43;2021-03-22;744;38;27043;14091;11.9;6.2
43;2021-03-23;870;34;27913;14125;12.3;6.2
43;2021-03-24;1173;76;29086;14201;12.8;6.3
43;2021-03-25;1594;138;30680;14339;13.5;6.3
43;2021-03-26;1609;178;32289;14517;14.2;6.4
43;2021-03-27;1449;69;33738;14586;14.9;6.4
43;2021-03-28;420;20;34158;14606;15.1;6.4
43;2021-03-29;1094;166;35252;14772;15.5;6.5
43;2021-03-30;1312;229;36564;15001;16.1;6.6
43;2021-03-31;1305;246;37869;15247;16.7;6.7
43;2021-04-01;1345;335;39214;15582;17.3;6.9
43;2021-04-02;1051;349;40265;15931;17.7;7.0
43;2021-04-03;338;195;40603;16126;17.9;7.1
43;2021-04-04;0;0;40603;16126;17.9;7.1
43;2021-04-05;3;0;40606;16126;17.9;7.1
43;2021-04-06;688;601;41294;16727;18.2;7.4
43;2021-04-07;867;573;42161;17300;18.6;7.6
43;2021-04-08;1086;458;43247;17758;19.1;7.8
43;2021-04-09;1146;651;44393;18409;19.6;8.1
43;2021-04-10;625;260;45018;18669;19.8;8.2
43;2021-04-11;0;0;45018;18669;19.8;8.2
43;2021-04-12;682;649;45700;19318;20.1;8.5
43;2021-04-13;917;722;46617;20040;20.5;8.8
43;2021-04-14;725;666;47342;20706;20.9;9.1
43;2021-04-15;959;696;48301;21402;21.3;9.4
43;2021-04-16;1007;686;49308;22088;21.7;9.7
43;2021-04-17;423;302;49731;22390;21.9;9.9
43;2021-04-18;3;5;49734;22395;21.9;9.9
43;2021-04-19;629;563;50363;22958;22.2;10.1
43;2021-04-20;840;665;51203;23623;22.6;10.4
43;2021-04-21;321;987;51524;24610;22.7;10.8
43;2021-04-22;679;1011;52203;25621;23.0;11.3
43;2021-04-23;401;1100;52604;26721;23.2;11.8
43;2021-04-24;347;1038;52951;27759;23.3;12.2
43;2021-04-25;23;403;52974;28162;23.3;12.4
43;2021-04-26;386;963;53360;29125;23.5;12.8
43;2021-04-27;824;990;54184;30115;23.9;13.3
43;2021-04-28;794;1105;54978;31220;24.2;13.8
43;2021-04-29;1238;1138;56216;32358;24.8;14.3
43;2021-04-30;1199;1059;57415;33417;25.3;14.7
43;2021-05-01;400;21;57815;33438;25.5;14.7
43;2021-05-02;1;0;57816;33438;25.5;14.7
43;2021-05-03;1218;400;59034;33838;26.0;14.9
43;2021-05-04;1236;946;60270;34784;26.6;15.3
43;2021-05-05;1145;847;61415;35631;27.1;15.7
43;2021-05-06;1404;935;62819;36566;27.7;16.1
43;2021-05-07;1089;1168;63908;37734;28.2;16.6
43;2021-05-08;518;136;64426;37870;28.4;16.7
43;2021-05-09;0;2;64426;37872;28.4;16.7
43;2021-05-10;1085;722;65511;38594;28.9;17.0
43;2021-05-11;1555;1002;67066;39596;29.6;17.5
43;2021-05-12;1481;808;68547;40404;30.2;17.8
43;2021-05-13;936;380;69483;40784;30.6;18.0
43;2021-05-14;2203;1103;71686;41887;31.6;18.5
43;2021-05-15;1269;318;72955;42205;32.2;18.6
43;2021-05-16;272;47;73227;42252;32.3;18.6
43;2021-05-17;1624;625;74851;42877;33.0;18.9
43;2021-05-18;1966;672;76817;43549;33.9;19.2
43;2021-05-19;2068;569;78885;44118;34.8;19.4
43;2021-05-20;2338;798;81223;44916;35.8;19.8
43;2021-05-21;2384;705;83607;45621;36.8;20.1
43;2021-05-22;1208;340;84815;45961;37.4;20.3
43;2021-05-23;1;0;84816;45961;37.4;20.3
43;2021-05-24;381;100;85197;46061;37.5;20.3
43;2021-05-25;1407;652;86604;46713;38.2;20.6
43;2021-05-26;1349;557;87953;47270;38.8;20.8
43;2021-05-27;1389;710;89342;47980;39.4;21.1
43;2021-05-28;1348;732;90690;48712;40.0;21.5
43;2021-05-29;1135;599;91825;49311;40.5;21.7
43;2021-05-30;149;17;91974;49328;40.5;21.7
43;2021-05-31;1208;442;93182;49770;41.1;21.9
43;2021-06-01;1277;983;94459;50753;41.6;22.4
43;2021-06-02;1086;696;95545;51449;42.1;22.7
43;2021-06-03;1193;854;96738;52303;42.6;23.1
43;2021-06-04;1350;858;98088;53161;43.2;23.4
43;2021-06-05;824;450;98912;53611;43.6;23.6
43;2021-06-06;10;5;98922;53616;43.6;23.6
43;2021-06-07;747;514;99669;54130;43.9;23.9
43;2021-06-08;664;703;100333;54833;44.2;24.2
43;2021-06-09;539;759;100872;55592;44.5;24.5
43;2021-06-10;806;1119;101678;56711;44.8;25.0
43;2021-06-11;758;1347;102436;58058;45.1;25.6
43;2021-06-12;914;513;103350;58571;45.5;25.8
43;2021-06-13;3;27;103353;58598;45.5;25.8
43;2021-06-14;447;1088;103800;59686;45.7;26.3
43;2021-06-15;630;1195;104430;60881;46.0;26.8
43;2021-06-16;549;975;104979;61856;46.3;27.3
43;2021-06-17;600;1500;105579;63356;46.5;27.9
43;2021-06-18;901;1461;106480;64817;46.9;28.6
43;2021-06-19;447;782;106927;65599;47.1;28.9
43;2021-06-20;0;12;106927;65611;47.1;28.9
43;2021-06-21;423;1306;107350;66917;47.3;29.5
43;2021-06-22;532;1960;107882;68877;47.5;30.4
43;2021-06-23;343;1743;108225;70620;47.7;31.1
43;2021-06-24;512;1494;108737;72114;47.9;31.8
43;2021-06-25;595;2345;109332;74459;48.2;32.8
43;2021-06-26;505;1245;109837;75704;48.4;33.4
43;2021-06-27;10;20;109847;75724;48.4;33.4
43;2021-06-28;341;1786;110188;77510;48.6;34.2
43;2021-06-29;525;2378;110713;79888;48.8;35.2
43;2021-06-30;459;2276;111172;82164;49.0;36.2
43;2021-07-01;472;1908;111644;84072;49.2;37.1
43;2021-07-02;499;1962;112143;86034;49.4;37.9
43;2021-07-03;256;1106;112399;87140;49.5;38.4
43;2021-07-04;1;0;112400;87140;49.5;38.4
43;2021-07-05;523;1198;112923;88338;49.8;38.9
43;2021-07-06;631;1679;113554;90017;50.0;39.7
43;2021-07-07;521;1423;114075;91440;50.3;40.3
43;2021-07-08;836;1422;114911;92862;50.6;40.9
43;2021-07-09;548;1497;115459;94359;50.9;41.6
43;2021-07-10;401;1336;115860;95695;51.1;42.2
43;2021-07-11;23;98;115883;95793;51.1;42.2
43;2021-07-12;602;1684;116485;97477;51.3;43.0
43;2021-07-13;1185;1850;117670;99327;51.9;43.8
43;2021-07-14;843;153;118513;99480;52.2;43.8
43;2021-07-15;1923;1838;120436;101318;53.1;44.7
43;2021-07-16;1749;1614;122185;102932;53.8;45.4
43;2021-07-17;1533;1192;123718;104124;54.5;45.9
43;2021-07-18;4;19;123722;104143;54.5;45.9
43;2021-07-19;1436;1259;125158;105402;55.2;46.5
43;2021-07-20;1887;1448;127045;106850;56.0;47.1
43;2021-07-21;1842;1104;128887;107954;56.8;47.6
43;2021-07-22;2101;1320;130988;109274;57.7;48.2
43;2021-07-23;1615;1315;132603;110589;58.4;48.7
43;2021-07-24;574;987;133177;111576;58.7;49.2
43;2021-07-25;0;1;133177;111577;58.7;49.2
43;2021-07-26;1637;1067;134814;112644;59.4;49.6
43;2021-07-27;2268;1215;137082;113859;60.4;50.2
43;2021-07-28;1952;1081;139034;114940;61.3;50.7
43;2021-07-29;1977;1014;141011;115954;62.1;51.1
43;2021-07-30;1861;1327;142872;117281;63.0;51.7
43;2021-07-31;703;604;143575;117885;63.3;52.0
43;2021-08-01;13;20;143588;117905;63.3;52.0
43;2021-08-02;1530;950;145118;118855;64.0;52.4
43;2021-08-03;1387;1153;146505;120008;64.6;52.9
44;2020-12-27;1;0;1;0;0.0;0.0
44;2020-12-28;1;0;2;0;0.0;0.0
44;2020-12-29;0;0;2;0;0.0;0.0
44;2020-12-30;1;0;3;0;0.0;0.0
44;2020-12-31;0;0;3;0;0.0;0.0
44;2021-01-01;0;0;3;0;0.0;0.0
44;2021-01-02;0;0;3;0;0.0;0.0
44;2021-01-03;2;0;5;0;0.0;0.0
44;2021-01-04;0;0;5;0;0.0;0.0
44;2021-01-05;0;0;5;0;0.0;0.0
44;2021-01-06;20;1;25;1;0.0;0.0
44;2021-01-07;186;0;211;1;0.0;0.0
44;2021-01-08;528;0;739;1;0.1;0.0
44;2021-01-09;473;0;1212;1;0.1;0.0
44;2021-01-10;455;1;1667;2;0.1;0.0
44;2021-01-11;801;0;2468;2;0.2;0.0
44;2021-01-12;906;1;3374;3;0.2;0.0
44;2021-01-13;1087;1;4461;4;0.3;0.0
44;2021-01-14;1113;8;5574;12;0.4;0.0
44;2021-01-15;987;1;6561;13;0.5;0.0
44;2021-01-16;335;2;6896;15;0.5;0.0
44;2021-01-17;327;1;7223;16;0.5;0.0
44;2021-01-18;855;3;8078;19;0.6;0.0
44;2021-01-19;2606;4;10684;23;0.7;0.0
44;2021-01-20;2721;4;13405;27;0.9;0.0
44;2021-01-21;4530;3;17935;30;1.2;0.0
44;2021-01-22;2415;6;20350;36;1.4;0.0
44;2021-01-23;763;1;21113;37;1.5;0.0
44;2021-01-24;119;0;21232;37;1.5;0.0
44;2021-01-25;829;0;22061;37;1.5;0.0
44;2021-01-26;2562;18;24623;55;1.7;0.0
44;2021-01-27;2091;61;26714;116;1.9;0.0
44;2021-01-28;3732;191;30446;307;2.1;0.0
44;2021-01-29;2367;492;32813;799;2.3;0.1
44;2021-01-30;628;218;33441;1017;2.3;0.1
44;2021-01-31;14;214;33455;1231;2.3;0.1
44;2021-02-01;591;545;34046;1776;2.4;0.1
44;2021-02-02;878;761;34924;2537;2.4;0.2
44;2021-02-03;889;899;35813;3436;2.5;0.2
44;2021-02-04;936;724;36749;4160;2.6;0.3
44;2021-02-05;894;629;37643;4789;2.6;0.3
44;2021-02-06;465;269;38108;5058;2.7;0.4
44;2021-02-07;72;208;38180;5266;2.7;0.4
44;2021-02-08;522;460;38702;5726;2.7;0.4
44;2021-02-09;987;1255;39689;6981;2.8;0.5
44;2021-02-10;1138;1314;40827;8295;2.8;0.6
44;2021-02-11;2288;3013;43115;11308;3.0;0.8
44;2021-02-12;1662;1742;44777;13050;3.1;0.9
44;2021-02-13;433;518;45210;13568;3.1;0.9
44;2021-02-14;10;180;45220;13748;3.1;1.0
44;2021-02-15;505;1104;45725;14852;3.2;1.0
44;2021-02-16;1441;2571;47166;17423;3.3;1.2
44;2021-02-17;1102;2172;48268;19595;3.4;1.4
44;2021-02-18;1959;3722;50227;23317;3.5;1.6
44;2021-02-19;1579;2539;51806;25856;3.6;1.8
44;2021-02-20;409;648;52215;26504;3.6;1.8
44;2021-02-21;6;178;52221;26682;3.6;1.9
44;2021-02-22;713;839;52934;27521;3.7;1.9
44;2021-02-23;1246;1131;54180;28652;3.8;2.0
44;2021-02-24;1239;1092;55419;29744;3.9;2.1
44;2021-02-25;2441;1084;57860;30828;4.0;2.1
44;2021-02-26;2291;966;60151;31794;4.2;2.2
44;2021-02-27;976;454;61127;32248;4.3;2.2
44;2021-02-28;6;32;61133;32280;4.3;2.2
44;2021-03-01;990;561;62123;32841;4.3;2.3
44;2021-03-02;1797;1054;63920;33895;4.4;2.4
44;2021-03-03;1859;1134;65779;35029;4.6;2.4
44;2021-03-04;2879;1573;68658;36602;4.8;2.5
44;2021-03-05;3477;1331;72135;37933;5.0;2.6
44;2021-03-06;2509;496;74644;38429;5.2;2.7
44;2021-03-07;987;86;75631;38515;5.3;2.7
44;2021-03-08;1784;612;77415;39127;5.4;2.7
44;2021-03-09;3351;1155;80766;40282;5.6;2.8
44;2021-03-10;3078;1115;83844;41397;5.8;2.9
44;2021-03-11;4436;1787;88280;43184;6.1;3.0
44;2021-03-12;5888;1289;94168;44473;6.6;3.1
44;2021-03-13;3630;294;97798;44767;6.8;3.1
44;2021-03-14;430;63;98228;44830;6.8;3.1
44;2021-03-15;2686;359;100914;45189;7.0;3.1
44;2021-03-16;2150;624;103064;45813;7.2;3.2
44;2021-03-17;1966;677;105030;46490;7.3;3.2
44;2021-03-18;2167;635;107197;47125;7.5;3.3
44;2021-03-19;3778;361;110975;47486;7.7;3.3
44;2021-03-20;3211;286;114186;47772;7.9;3.3
44;2021-03-21;911;18;115097;47790;8.0;3.3
44;2021-03-22;2461;439;117558;48229;8.2;3.4
44;2021-03-23;3960;700;121518;48929;8.5;3.4
44;2021-03-24;4303;626;125821;49555;8.8;3.4
44;2021-03-25;5620;921;131441;50476;9.1;3.5
44;2021-03-26;6501;755;137942;51231;9.6;3.6
44;2021-03-27;3214;421;141156;51652;9.8;3.6
44;2021-03-28;1244;38;142400;51690;9.9;3.6
44;2021-03-29;3117;790;145517;52480;10.1;3.7
44;2021-03-30;5135;1112;150652;53592;10.5;3.7
44;2021-03-31;4612;1310;155264;54902;10.8;3.8
44;2021-04-01;6131;994;161395;55896;11.2;3.9
44;2021-04-02;5794;948;167189;56844;11.6;4.0
44;2021-04-03;2434;647;169623;57491;11.8;4.0
44;2021-04-04;665;19;170288;57510;11.8;4.0
44;2021-04-05;692;285;170980;57795;11.9;4.0
44;2021-04-06;4205;1373;175185;59168;12.2;4.1
44;2021-04-07;5073;1648;180258;60816;12.5;4.2
44;2021-04-08;7177;1651;187435;62467;13.0;4.3
44;2021-04-09;10060;1785;197495;64252;13.7;4.5
44;2021-04-10;4559;1439;202054;65691;14.1;4.6
44;2021-04-11;2145;420;204199;66111;14.2;4.6
44;2021-04-12;5462;1584;209661;67695;14.6;4.7
44;2021-04-13;6727;2253;216388;69948;15.1;4.9
44;2021-04-14;5904;2228;222292;72176;15.5;5.0
44;2021-04-15;6702;2206;228994;74382;15.9;5.2
44;2021-04-16;7779;2033;236773;76415;16.5;5.3
44;2021-04-17;4296;1375;241069;77790;16.8;5.4
44;2021-04-18;2254;818;243323;78608;16.9;5.5
44;2021-04-19;5042;1902;248365;80510;17.3;5.6
44;2021-04-20;6279;2649;254644;83159;17.7;5.8
44;2021-04-21;6007;2781;260651;85940;18.1;6.0
44;2021-04-22;6958;2506;267609;88446;18.6;6.2
44;2021-04-23;7327;3161;274936;91607;19.1;6.4
44;2021-04-24;3974;2044;278910;93651;19.4;6.5
44;2021-04-25;2076;1057;280986;94708;19.6;6.6
44;2021-04-26;5647;2759;286633;97467;19.9;6.8
44;2021-04-27;7416;4101;294049;101568;20.5;7.1
44;2021-04-28;7604;3778;301653;105346;21.0;7.3
44;2021-04-29;8966;4265;310619;109611;21.6;7.6
44;2021-04-30;9567;4688;320186;114299;22.3;8.0
44;2021-05-01;2847;923;323033;115222;22.5;8.0
44;2021-05-02;1900;616;324933;115838;22.6;8.1
44;2021-05-03;5550;4073;330483;119911;23.0;8.3
44;2021-05-04;6332;5130;336815;125041;23.4;8.7
44;2021-05-05;6068;4623;342883;129664;23.9;9.0
44;2021-05-06;7253;4879;350136;134543;24.4;9.4
44;2021-05-07;7453;5714;357589;140257;24.9;9.8
44;2021-05-08;2582;1262;360171;141519;25.1;9.8
44;2021-05-09;1802;1815;361973;143334;25.2;10.0
44;2021-05-10;6570;5771;368543;149105;25.6;10.4
44;2021-05-11;7786;6259;376329;155364;26.2;10.8
44;2021-05-12;8192;5724;384521;161088;26.8;11.2
44;2021-05-13;5295;1185;389816;162273;27.1;11.3
44;2021-05-14;7584;3971;397400;166244;27.7;11.6
44;2021-05-15;5005;2232;402405;168476;28.0;11.7
44;2021-05-16;2796;741;405201;169217;28.2;11.8
44;2021-05-17;6745;5151;411946;174368;28.7;12.1
44;2021-05-18;7972;5237;419918;179605;29.2;12.5
44;2021-05-19;8162;4286;428080;183891;29.8;12.8
44;2021-05-20;8367;4653;436447;188544;30.4;13.1
44;2021-05-21;8833;5213;445280;193757;31.0;13.5
44;2021-05-22;5098;2233;450378;195990;31.3;13.6
44;2021-05-23;1760;825;452138;196815;31.5;13.7
44;2021-05-24;4887;1617;457025;198432;31.8;13.8
44;2021-05-25;7739;5544;464764;203976;32.3;14.2
44;2021-05-26;8177;5038;472941;209014;32.9;14.5
44;2021-05-27;9655;5352;482596;214366;33.6;14.9
44;2021-05-28;9183;6917;491779;221283;34.2;15.4
44;2021-05-29;5884;3329;497663;224612;34.6;15.6
44;2021-05-30;1775;704;499438;225316;34.8;15.7
44;2021-05-31;8062;6184;507500;231500;35.3;16.1
44;2021-06-01;9899;6543;517399;238043;36.0;16.6
44;2021-06-02;9515;5689;526914;243732;36.7;17.0
44;2021-06-03;10854;5880;537768;249612;37.4;17.4
44;2021-06-04;9936;8070;547704;257682;38.1;17.9
44;2021-06-05;5774;4345;553478;262027;38.5;18.2
44;2021-06-06;2361;1130;555839;263157;38.7;18.3
44;2021-06-07;9550;6930;565389;270087;39.3;18.8
44;2021-06-08;10900;7493;576289;277580;40.1;19.3
44;2021-06-09;10546;6324;586835;283904;40.8;19.8
44;2021-06-10;11399;6035;598234;289939;41.6;20.2
44;2021-06-11;11919;8632;610153;298571;42.5;20.8
44;2021-06-12;7758;4083;617911;302654;43.0;21.1
44;2021-06-13;2792;1009;620703;303663;43.2;21.1
44;2021-06-14;8714;8402;629417;312065;43.8;21.7
44;2021-06-15;11242;8238;640659;320303;44.6;22.3
44;2021-06-16;10917;7648;651576;327951;45.3;22.8
44;2021-06-17;11676;8669;663252;336620;46.2;23.4
44;2021-06-18;10645;10101;673897;346721;46.9;24.1
44;2021-06-19;5872;4321;679769;351042;47.3;24.4
44;2021-06-20;2534;1333;682303;352375;47.5;24.5
44;2021-06-21;7217;10011;689520;362386;48.0;25.2
44;2021-06-22;8443;10620;697963;373006;48.6;26.0
44;2021-06-23;8529;9124;706492;382130;49.2;26.6
44;2021-06-24;9107;8563;715599;390693;49.8;27.2
44;2021-06-25;7612;10805;723211;401498;50.3;27.9
44;2021-06-26;2955;6468;726166;407966;50.5;28.4
44;2021-06-27;816;2405;726982;410371;50.6;28.6
44;2021-06-28;5213;10057;732195;420428;50.9;29.3
44;2021-06-29;6176;12082;738371;432510;51.4;30.1
44;2021-06-30;6139;10459;744510;442969;51.8;30.8
44;2021-07-01;6876;10486;751386;453455;52.3;31.6
44;2021-07-02;6401;12546;757787;466001;52.7;32.4
44;2021-07-03;2568;7004;760355;473005;52.9;32.9
44;2021-07-04;985;2234;761340;475239;53.0;33.1
44;2021-07-05;5223;11871;766563;487110;53.3;33.9
44;2021-07-06;5885;12615;772448;499725;53.7;34.8
44;2021-07-07;6374;11100;778822;510825;54.2;35.5
44;2021-07-08;7235;11967;786057;522792;54.7;36.4
44;2021-07-09;6040;14263;792097;537055;55.1;37.4
44;2021-07-10;2373;7018;794470;544073;55.3;37.9
44;2021-07-11;722;2261;795192;546334;55.3;38.0
44;2021-07-12;4336;14062;799528;560396;55.6;39.0
44;2021-07-13;5701;14871;805229;575267;56.0;40.0
44;2021-07-14;3611;5813;808840;581080;56.3;40.4
44;2021-07-15;7118;14267;815958;595347;56.8;41.4
44;2021-07-16;8063;15001;824021;610348;57.3;42.5
44;2021-07-17;3346;7577;827367;617925;57.6;43.0
44;2021-07-18;1422;2547;828789;620472;57.7;43.2
44;2021-07-19;4659;14705;833448;635177;58.0;44.2
44;2021-07-20;5962;15680;839410;650857;58.4;45.3
44;2021-07-21;5799;14006;845209;664863;58.8;46.3
44;2021-07-22;6668;13750;851877;678613;59.3;47.2
44;2021-07-23;6110;15642;857987;694255;59.7;48.3
44;2021-07-24;2815;8722;860802;702977;59.9;48.9
44;2021-07-25;929;3092;861731;706069;60.0;49.1
44;2021-07-26;6029;12697;867760;718766;60.4;50.0
44;2021-07-27;9617;12178;877377;730944;61.1;50.9
44;2021-07-28;9186;10824;886563;741768;61.7;51.6
44;2021-07-29;10192;10822;896755;752590;62.4;52.4
44;2021-07-30;9073;10901;905828;763491;63.0;53.1
44;2021-07-31;4724;5637;910552;769128;63.4;53.5
44;2021-08-01;2532;1397;913084;770525;63.5;53.6
44;2021-08-02;6270;9459;919354;779984;64.0;54.3
44;2021-08-03;8268;8509;927622;788493;64.5;54.9
45;2020-12-27;0;0;0;0;0.0;0.0
45;2020-12-28;1;0;1;0;0.0;0.0
45;2020-12-29;0;0;1;0;0.0;0.0
45;2020-12-30;0;0;1;0;0.0;0.0
45;2020-12-31;1;0;2;0;0.0;0.0
45;2021-01-01;0;0;2;0;0.0;0.0
45;2021-01-02;0;0;2;0;0.0;0.0
45;2021-01-03;0;0;2;0;0.0;0.0
45;2021-01-04;0;0;2;0;0.0;0.0
45;2021-01-05;76;0;78;0;0.0;0.0
45;2021-01-06;69;0;147;0;0.0;0.0
45;2021-01-07;186;0;333;0;0.0;0.0
45;2021-01-08;199;1;532;1;0.1;0.0
45;2021-01-09;42;0;574;1;0.1;0.0
45;2021-01-10;23;0;597;1;0.1;0.0
45;2021-01-11;254;0;851;1;0.1;0.0
45;2021-01-12;679;2;1530;3;0.2;0.0
45;2021-01-13;496;2;2026;5;0.3;0.0
45;2021-01-14;482;38;2508;43;0.4;0.0
45;2021-01-15;391;3;2899;46;0.4;0.0
45;2021-01-16;39;0;2938;46;0.4;0.0
45;2021-01-17;24;0;2962;46;0.4;0.0
45;2021-01-18;814;1;3776;47;0.6;0.0
45;2021-01-19;1196;6;4972;53;0.7;0.0
45;2021-01-20;2109;6;7081;59;1.0;0.0
45;2021-01-21;2522;5;9603;64;1.4;0.0
45;2021-01-22;1409;2;11012;66;1.6;0.0
45;2021-01-23;121;0;11133;66;1.6;0.0
45;2021-01-24;39;0;11172;66;1.6;0.0
45;2021-01-25;556;3;11728;69;1.7;0.0
45;2021-01-26;847;18;12575;87;1.8;0.0
45;2021-01-27;648;44;13223;131;1.9;0.0
45;2021-01-28;882;219;14105;350;2.1;0.1
45;2021-01-29;577;125;14682;475;2.1;0.1
45;2021-01-30;40;41;14722;516;2.2;0.1
45;2021-01-31;37;23;14759;539;2.2;0.1
45;2021-02-01;462;209;15221;748;2.2;0.1
45;2021-02-02;759;469;15980;1217;2.3;0.2
45;2021-02-03;773;480;16753;1697;2.5;0.2
45;2021-02-04;701;267;17454;1964;2.6;0.3
45;2021-02-05;416;151;17870;2115;2.6;0.3
45;2021-02-06;36;28;17906;2143;2.6;0.3
45;2021-02-07;5;31;17911;2174;2.6;0.3
45;2021-02-08;455;194;18366;2368;2.7;0.3
45;2021-02-09;1004;408;19370;2776;2.8;0.4
45;2021-02-10;1277;797;20647;3573;3.0;0.5
45;2021-02-11;1383;1523;22030;5096;3.2;0.7
45;2021-02-12;1052;1143;23082;6239;3.4;0.9
45;2021-02-13;85;158;23167;6397;3.4;0.9
45;2021-02-14;39;11;23206;6408;3.4;0.9
45;2021-02-15;523;612;23729;7020;3.5;1.0
45;2021-02-16;756;940;24485;7960;3.6;1.2
45;2021-02-17;642;1049;25127;9009;3.7;1.3
45;2021-02-18;840;856;25967;9865;3.8;1.4
45;2021-02-19;827;762;26794;10627;3.9;1.6
45;2021-02-20;59;94;26853;10721;3.9;1.6
45;2021-02-21;17;46;26870;10767;3.9;1.6
45;2021-02-22;407;633;27277;11400;4.0;1.7
45;2021-02-23;815;808;28092;12208;4.1;1.8
45;2021-02-24;650;929;28742;13137;4.2;1.9
45;2021-02-25;961;806;29703;13943;4.3;2.0
45;2021-02-26;1044;697;30747;14640;4.5;2.1
45;2021-02-27;290;52;31037;14692;4.5;2.2
45;2021-02-28;28;5;31065;14697;4.5;2.2
45;2021-03-01;533;335;31598;15032;4.6;2.2
45;2021-03-02;670;727;32268;15759;4.7;2.3
45;2021-03-03;982;890;33250;16649;4.9;2.4
45;2021-03-04;1108;985;34358;17634;5.0;2.6
45;2021-03-05;1441;861;35799;18495;5.2;2.7
45;2021-03-06;2022;124;37821;18619;5.5;2.7
45;2021-03-07;143;59;37964;18678;5.6;2.7
45;2021-03-08;752;852;38716;19530;5.7;2.9
45;2021-03-09;1256;715;39972;20245;5.9;3.0
45;2021-03-10;1595;899;41567;21144;6.1;3.1
45;2021-03-11;1720;751;43287;21895;6.3;3.2
45;2021-03-12;2074;606;45361;22501;6.6;3.3
45;2021-03-13;987;46;46348;22547;6.8;3.3
45;2021-03-14;24;43;46372;22590;6.8;3.3
45;2021-03-15;811;599;47183;23189;6.9;3.4
45;2021-03-16;943;838;48126;24027;7.0;3.5
45;2021-03-17;1051;687;49177;24714;7.2;3.6
45;2021-03-18;997;580;50174;25294;7.3;3.7
45;2021-03-19;1619;429;51793;25723;7.6;3.8
45;2021-03-20;498;81;52291;25804;7.7;3.8
45;2021-03-21;20;35;52311;25839;7.7;3.8
45;2021-03-22;913;528;53224;26367;7.8;3.9
45;2021-03-23;1983;718;55207;27085;8.1;4.0
45;2021-03-24;1897;547;57104;27632;8.4;4.0
45;2021-03-25;2983;445;60087;28077;8.8;4.1
45;2021-03-26;3388;471;63475;28548;9.3;4.2
45;2021-03-27;1793;117;65268;28665;9.6;4.2
45;2021-03-28;89;40;65357;28705;9.6;4.2
45;2021-03-29;1529;537;66886;29242;9.8;4.3
45;2021-03-30;2781;781;69667;30023;10.2;4.4
45;2021-03-31;2134;573;71801;30596;10.5;4.5
45;2021-04-01;2973;559;74774;31155;10.9;4.6
45;2021-04-02;2824;505;77598;31660;11.4;4.6
45;2021-04-03;810;73;78408;31733;11.5;4.6
45;2021-04-04;112;33;78520;31766;11.5;4.7
45;2021-04-05;14;2;78534;31768;11.5;4.7
45;2021-04-06;1734;790;80268;32558;11.8;4.8
45;2021-04-07;1776;1109;82044;33667;12.0;4.9
45;2021-04-08;2773;1020;84817;34687;12.4;5.1
45;2021-04-09;3673;641;88490;35328;13.0;5.2
45;2021-04-10;2322;105;90812;35433;13.3;5.2
45;2021-04-11;153;24;90965;35457;13.3;5.2
45;2021-04-12;2605;659;93570;36116;13.7;5.3
45;2021-04-13;3843;1081;97413;37197;14.3;5.4
45;2021-04-14;2930;1219;100343;38416;14.7;5.6
45;2021-04-15;3520;1031;103863;39447;15.2;5.8
45;2021-04-16;3775;685;107638;40132;15.8;5.9
45;2021-04-17;1613;109;109251;40241;16.0;5.9
45;2021-04-18;200;37;109451;40278;16.0;5.9
45;2021-04-19;1937;946;111388;41224;16.3;6.0
45;2021-04-20;3075;1696;114463;42920;16.8;6.3
45;2021-04-21;2723;1298;117186;44218;17.2;6.5
45;2021-04-22;3425;1838;120611;46056;17.7;6.7
45;2021-04-23;3276;1796;123887;47852;18.1;7.0
45;2021-04-24;2023;865;125910;48717;18.4;7.1
45;2021-04-25;292;84;126202;48801;18.5;7.1
45;2021-04-26;2227;1162;128429;49963;18.8;7.3
45;2021-04-27;3351;2350;131780;52313;19.3;7.7
45;2021-04-28;2802;1948;134582;54261;19.7;7.9
45;2021-04-29;3832;2336;138414;56597;20.3;8.3
45;2021-04-30;4388;1801;142802;58398;20.9;8.6
45;2021-05-01;451;61;143253;58459;21.0;8.6
45;2021-05-02;626;121;143879;58580;21.1;8.6
45;2021-05-03;2821;986;146700;59566;21.5;8.7
45;2021-05-04;3159;2341;149859;61907;21.9;9.1
45;2021-05-05;2713;2159;152572;64066;22.3;9.4
45;2021-05-06;3331;2538;155903;66604;22.8;9.8
45;2021-05-07;2874;3199;158777;69803;23.3;10.2
45;2021-05-08;607;245;159384;70048;23.3;10.3
45;2021-05-09;1498;125;160882;70173;23.6;10.3
45;2021-05-10;4140;2969;165022;73142;24.2;10.7
45;2021-05-11;5029;2965;170051;76107;24.9;11.1
45;2021-05-12;6078;2777;176129;78884;25.8;11.6
45;2021-05-13;2450;595;178579;79479;26.2;11.6
45;2021-05-14;4968;1627;183547;81106;26.9;11.9
45;2021-05-15;4066;605;187613;81711;27.5;12.0
45;2021-05-16;287;33;187900;81744;27.5;12.0
45;2021-05-17;3354;1534;191254;83278;28.0;12.2
45;2021-05-18;5118;1680;196372;84958;28.8;12.4
45;2021-05-19;4493;2058;200865;87016;29.4;12.7
45;2021-05-20;5264;2136;206129;89152;30.2;13.1
45;2021-05-21;5146;2226;211275;91378;30.9;13.4
45;2021-05-22;3041;631;214316;92009;31.4;13.5
45;2021-05-23;15;94;214331;92103;31.4;13.5
45;2021-05-24;2829;206;217160;92309;31.8;13.5
45;2021-05-25;4961;3031;222121;95340;32.5;14.0
45;2021-05-26;5108;2315;227229;97655;33.3;14.3
45;2021-05-27;5310;3200;232539;100855;34.1;14.8
45;2021-05-28;5663;3541;238202;104396;34.9;15.3
45;2021-05-29;3671;1285;241873;105681;35.4;15.5
45;2021-05-30;33;182;241906;105863;35.4;15.5
45;2021-05-31;4329;2519;246235;108382;36.1;15.9
45;2021-06-01;6090;2995;252325;111377;36.9;16.3
45;2021-06-02;4939;3094;257264;114471;37.7;16.8
45;2021-06-03;5618;3202;262882;117673;38.5;17.2
45;2021-06-04;5897;3187;268779;120860;39.4;17.7
45;2021-06-05;2029;1333;270808;122193;39.7;17.9
45;2021-06-06;86;198;270894;122391;39.7;17.9
45;2021-06-07;4081;2724;274975;125115;40.3;18.3
45;2021-06-08;4644;4072;279619;129187;40.9;18.9
45;2021-06-09;4353;3338;283972;132525;41.6;19.4
45;2021-06-10;4637;2682;288609;135207;42.3;19.8
45;2021-06-11;4109;3662;292718;138869;42.9;20.3
45;2021-06-12;2440;1505;295158;140374;43.2;20.6
45;2021-06-13;21;424;295179;140798;43.2;20.6
45;2021-06-14;3136;4149;298315;144947;43.7;21.2
45;2021-06-15;3389;4327;301704;149274;44.2;21.9
45;2021-06-16;3900;3453;305604;152727;44.8;22.4
45;2021-06-17;3526;3541;309130;156268;45.3;22.9
45;2021-06-18;3803;5028;312933;161296;45.8;23.6
45;2021-06-19;2393;1760;315326;163056;46.2;23.9
45;2021-06-20;45;140;315371;163196;46.2;23.9
45;2021-06-21;2163;5849;317534;169045;46.5;24.8
45;2021-06-22;2420;6527;319954;175572;46.9;25.7
45;2021-06-23;2284;5604;322238;181176;47.2;26.5
45;2021-06-24;2133;3529;324371;184705;47.5;27.0
45;2021-06-25;2440;6442;326811;191147;47.9;28.0
45;2021-06-26;1935;3091;328746;194238;48.1;28.4
45;2021-06-27;51;138;328797;194376;48.1;28.5
45;2021-06-28;2076;4829;330873;199205;48.5;29.2
45;2021-06-29;2833;6812;333706;206017;48.9;30.2
45;2021-06-30;2868;5846;336574;211863;49.3;31.0
45;2021-07-01;2380;5032;338954;216895;49.6;31.8
45;2021-07-02;2355;6281;341309;223176;50.0;32.7
45;2021-07-03;751;2540;342060;225716;50.1;33.1
45;2021-07-04;4;10;342064;225726;50.1;33.1
45;2021-07-05;2134;4990;344198;230716;50.4;33.8
45;2021-07-06;2794;6783;346992;237499;50.8;34.8
45;2021-07-07;2432;6074;349424;243573;51.2;35.7
45;2021-07-08;2814;5390;352238;248963;51.6;36.5
45;2021-07-09;2141;6989;354379;255952;51.9;37.5
45;2021-07-10;1538;3860;355917;259812;52.1;38.0
45;2021-07-11;23;31;355940;259843;52.1;38.1
45;2021-07-12;1584;6000;357524;265843;52.4;38.9
45;2021-07-13;2991;8235;360515;274078;52.8;40.1
45;2021-07-14;1465;1514;361980;275592;53.0;40.4
45;2021-07-15;3703;7287;365683;282879;53.5;41.4
45;2021-07-16;3236;7449;368919;290328;54.0;42.5
45;2021-07-17;1275;2330;370194;292658;54.2;42.9
45;2021-07-18;15;19;370209;292677;54.2;42.9
45;2021-07-19;1857;5959;372066;298636;54.5;43.7
45;2021-07-20;4686;6901;376752;305537;55.2;44.7
45;2021-07-21;5137;5461;381889;310998;55.9;45.5
45;2021-07-22;6157;4896;388046;315894;56.8;46.3
45;2021-07-23;4239;5480;392285;321374;57.4;47.1
45;2021-07-24;1850;2819;394135;324193;57.7;47.5
45;2021-07-25;5;14;394140;324207;57.7;47.5
45;2021-07-26;2890;4974;397030;329181;58.1;48.2
45;2021-07-27;5432;5060;402462;334241;58.9;48.9
45;2021-07-28;4975;4160;407437;338401;59.7;49.6
45;2021-07-29;5253;3230;412690;341631;60.4;50.0
45;2021-07-30;4725;4691;417415;346322;61.1;50.7
45;2021-07-31;845;1944;418260;348266;61.2;51.0
45;2021-08-01;1;4;418261;348270;61.2;51.0
45;2021-08-02;3525;3199;421786;351469;61.8;51.5
45;2021-08-03;4853;2992;426639;354461;62.5;51.9
46;2020-12-27;1;0;1;0;0.0;0.0
46;2020-12-28;0;0;1;0;0.0;0.0
46;2020-12-29;0;0;1;0;0.0;0.0
46;2020-12-30;0;0;1;0;0.0;0.0
46;2020-12-31;0;0;1;0;0.0;0.0
46;2021-01-01;0;0;1;0;0.0;0.0
46;2021-01-02;0;0;1;0;0.0;0.0
46;2021-01-03;1;0;2;0;0.0;0.0
46;2021-01-04;0;0;2;0;0.0;0.0
46;2021-01-05;0;0;2;0;0.0;0.0
46;2021-01-06;3;0;5;0;0.0;0.0
46;2021-01-07;135;0;140;0;0.1;0.0
46;2021-01-08;181;0;321;0;0.2;0.0
46;2021-01-09;1;0;322;0;0.2;0.0
46;2021-01-10;1;0;323;0;0.2;0.0
46;2021-01-11;117;0;440;0;0.3;0.0
46;2021-01-12;140;0;580;0;0.3;0.0
46;2021-01-13;234;0;814;0;0.5;0.0
46;2021-01-14;237;2;1051;2;0.6;0.0
46;2021-01-15;304;2;1355;4;0.8;0.0
46;2021-01-16;18;0;1373;4;0.8;0.0
46;2021-01-17;0;0;1373;4;0.8;0.0
46;2021-01-18;274;2;1647;6;1.0;0.0
46;2021-01-19;388;0;2035;6;1.2;0.0
46;2021-01-20;935;1;2970;7;1.7;0.0
46;2021-01-21;996;0;3966;7;2.3;0.0
46;2021-01-22;390;2;4356;9;2.5;0.0
46;2021-01-23;0;0;4356;9;2.5;0.0
46;2021-01-24;0;0;4356;9;2.5;0.0
46;2021-01-25;203;1;4559;10;2.6;0.0
46;2021-01-26;262;1;4821;11;2.8;0.0
46;2021-01-27;276;0;5097;11;2.9;0.0
46;2021-01-28;278;43;5375;54;3.1;0.0
46;2021-01-29;233;93;5608;147;3.2;0.1
46;2021-01-30;1;0;5609;147;3.2;0.1
46;2021-01-31;1;0;5610;147;3.2;0.1
46;2021-02-01;233;175;5843;322;3.4;0.2
46;2021-02-02;209;238;6052;560;3.5;0.3
46;2021-02-03;223;95;6275;655;3.6;0.4
46;2021-02-04;372;87;6647;742;3.8;0.4
46;2021-02-05;226;179;6873;921;4.0;0.5
46;2021-02-06;8;0;6881;921;4.0;0.5
46;2021-02-07;42;0;6923;921;4.0;0.5
46;2021-02-08;196;156;7119;1077;4.1;0.6
46;2021-02-09;269;230;7388;1307;4.3;0.8
46;2021-02-10;277;545;7665;1852;4.4;1.1
46;2021-02-11;654;558;8319;2410;4.8;1.4
46;2021-02-12;319;341;8638;2751;5.0;1.6
46;2021-02-13;0;0;8638;2751;5.0;1.6
46;2021-02-14;0;62;8638;2813;5.0;1.6
46;2021-02-15;195;298;8833;3111;5.1;1.8
46;2021-02-16;217;282;9050;3393;5.2;2.0
46;2021-02-17;200;328;9250;3721;5.3;2.1
46;2021-02-18;336;268;9586;3989;5.5;2.3
46;2021-02-19;277;234;9863;4223;5.7;2.4
46;2021-02-20;0;0;9863;4223;5.7;2.4
46;2021-02-21;1;0;9864;4223;5.7;2.4
46;2021-02-22;132;191;9996;4414;5.8;2.5
46;2021-02-23;225;168;10221;4582;5.9;2.6
46;2021-02-24;180;326;10401;4908;6.0;2.8
46;2021-02-25;247;341;10648;5249;6.1;3.0
46;2021-02-26;401;346;11049;5595;6.4;3.2
46;2021-02-27;120;0;11169;5595;6.4;3.2
46;2021-02-28;0;3;11169;5598;6.4;3.2
46;2021-03-01;168;180;11337;5778;6.5;3.3
46;2021-03-02;405;233;11742;6011;6.8;3.5
46;2021-03-03;456;331;12198;6342;7.0;3.7
46;2021-03-04;608;455;12806;6797;7.4;3.9
46;2021-03-05;809;364;13615;7161;7.9;4.1
46;2021-03-06;474;17;14089;7178;8.1;4.1
46;2021-03-07;101;19;14190;7197;8.2;4.2
46;2021-03-08;348;248;14538;7445;8.4;4.3
46;2021-03-09;743;271;15281;7716;8.8;4.5
46;2021-03-10;686;247;15967;7963;9.2;4.6
46;2021-03-11;846;254;16813;8217;9.7;4.7
46;2021-03-12;926;228;17739;8445;10.2;4.9
46;2021-03-13;512;3;18251;8448;10.5;4.9
46;2021-03-14;0;0;18251;8448;10.5;4.9
46;2021-03-15;505;166;18756;8614;10.8;5.0
46;2021-03-16;752;174;19508;8788;11.3;5.1
46;2021-03-17;671;203;20179;8991;11.7;5.2
46;2021-03-18;747;216;20926;9207;12.1;5.3
46;2021-03-19;809;150;21735;9357;12.6;5.4
46;2021-03-20;287;3;22022;9360;12.7;5.4
46;2021-03-21;2;0;22024;9360;12.7;5.4
46;2021-03-22;555;240;22579;9600;13.0;5.5
46;2021-03-23;701;213;23280;9813;13.4;5.7
46;2021-03-24;674;240;23954;10053;13.8;5.8
46;2021-03-25;1133;180;25087;10233;14.5;5.9
46;2021-03-26;1026;339;26113;10572;15.1;6.1
46;2021-03-27;420;71;26533;10643;15.3;6.1
46;2021-03-28;126;1;26659;10644;15.4;6.1
46;2021-03-29;732;252;27391;10896;15.8;6.3
46;2021-03-30;768;363;28159;11259;16.3;6.5
46;2021-03-31;866;420;29025;11679;16.8;6.7
46;2021-04-01;1168;342;30193;12021;17.4;6.9
46;2021-04-02;925;395;31118;12416;18.0;7.2
46;2021-04-03;167;166;31285;12582;18.1;7.3
46;2021-04-04;0;71;31285;12653;18.1;7.3
46;2021-04-05;1;0;31286;12653;18.1;7.3
46;2021-04-06;544;519;31830;13172;18.4;7.6
46;2021-04-07;783;644;32613;13816;18.8;8.0
46;2021-04-08;961;542;33574;14358;19.4;8.3
46;2021-04-09;1018;501;34592;14859;20.0;8.6
46;2021-04-10;500;208;35092;15067;20.3;8.7
46;2021-04-11;232;1;35324;15068;20.4;8.7
46;2021-04-12;845;548;36169;15616;20.9;9.0
46;2021-04-13;1186;716;37355;16332;21.6;9.4
46;2021-04-14;1532;614;38887;16946;22.5;9.8
46;2021-04-15;1495;664;40382;17610;23.3;10.2
46;2021-04-16;1580;564;41962;18174;24.2;10.5
46;2021-04-17;992;132;42954;18306;24.8;10.6
46;2021-04-18;516;8;43470;18314;25.1;10.6
46;2021-04-19;1068;570;44538;18884;25.7;10.9
46;2021-04-20;1222;725;45760;19609;26.4;11.3
46;2021-04-21;1230;713;46990;20322;27.1;11.7
46;2021-04-22;1390;727;48380;21049;27.9;12.2
46;2021-04-23;1132;730;49512;21779;28.6;12.6
46;2021-04-24;472;19;49984;21798;28.9;12.6
46;2021-04-25;351;9;50335;21807;29.1;12.6
46;2021-04-26;853;730;51188;22537;29.6;13.0
46;2021-04-27;1221;665;52409;23202;30.3;13.4
46;2021-04-28;1289;668;53698;23870;31.0;13.8
46;2021-04-29;1416;523;55114;24393;31.8;14.1
46;2021-04-30;1435;563;56549;24956;32.7;14.4
46;2021-05-01;697;71;57246;25027;33.1;14.5
46;2021-05-02;346;4;57592;25031;33.3;14.5
46;2021-05-03;853;568;58445;25599;33.8;14.8
46;2021-05-04;1036;1061;59481;26660;34.3;15.4
46;2021-05-05;1376;786;60857;27446;35.1;15.8
46;2021-05-06;1375;738;62232;28184;35.9;16.3
46;2021-05-07;1396;791;63628;28975;36.7;16.7
46;2021-05-08;282;411;63910;29386;36.9;17.0
46;2021-05-09;23;225;63933;29611;36.9;17.1
46;2021-05-10;519;1140;64452;30751;37.2;17.8
46;2021-05-11;1037;1259;65489;32010;37.8;18.5
46;2021-05-12;994;1560;66483;33570;38.4;19.4
46;2021-05-13;600;144;67083;33714;38.7;19.5
46;2021-05-14;960;1096;68043;34810;39.3;20.1
46;2021-05-15;256;653;68299;35463;39.4;20.5
46;2021-05-16;78;298;68377;35761;39.5;20.7
46;2021-05-17;652;957;69029;36718;39.9;21.2
46;2021-05-18;1404;1020;70433;37738;40.7;21.8
46;2021-05-19;1306;900;71739;38638;41.4;22.3
46;2021-05-20;1453;811;73192;39449;42.3;22.8
46;2021-05-21;997;1158;74189;40607;42.8;23.4
46;2021-05-22;145;369;74334;40976;42.9;23.7
46;2021-05-23;448;25;74782;41001;43.2;23.7
46;2021-05-24;411;113;75193;41114;43.4;23.7
46;2021-05-25;962;1330;76155;42444;44.0;24.5
46;2021-05-26;1236;1150;77391;43594;44.7;25.2
46;2021-05-27;1430;1193;78821;44787;45.5;25.9
46;2021-05-28;1433;1207;80254;45994;46.3;26.6
46;2021-05-29;1052;398;81306;46392;47.0;26.8
46;2021-05-30;408;39;81714;46431;47.2;26.8
46;2021-05-31;970;975;82684;47406;47.7;27.4
46;2021-06-01;1277;997;83961;48403;48.5;28.0
46;2021-06-02;1316;1114;85277;49517;49.2;28.6
46;2021-06-03;1415;1010;86692;50527;50.1;29.2
46;2021-06-04;1330;976;88022;51503;50.8;29.7
46;2021-06-05;380;413;88402;51916;51.1;30.0
46;2021-06-06;207;95;88609;52011;51.2;30.0
46;2021-06-07;813;617;89422;52628;51.6;30.4
46;2021-06-08;1020;896;90442;53524;52.2;30.9
46;2021-06-09;1505;971;91947;54495;53.1;31.5
46;2021-06-10;978;849;92925;55344;53.7;32.0
46;2021-06-11;970;1322;93895;56666;54.2;32.7
46;2021-06-12;459;549;94354;57215;54.5;33.0
46;2021-06-13;27;86;94381;57301;54.5;33.1
46;2021-06-14;592;1138;94973;58439;54.8;33.7
46;2021-06-15;751;1248;95724;59687;55.3;34.5
46;2021-06-16;997;1113;96721;60800;55.9;35.1
46;2021-06-17;525;896;97246;61696;56.2;35.6
46;2021-06-18;658;1255;97904;62951;56.5;36.4
46;2021-06-19;454;312;98358;63263;56.8;36.5
46;2021-06-20;39;161;98397;63424;56.8;36.6
46;2021-06-21;428;946;98825;64370;57.1;37.2
46;2021-06-22;350;1179;99175;65549;57.3;37.9
46;2021-06-23;520;1075;99695;66624;57.6;38.5
46;2021-06-24;251;822;99946;67446;57.7;38.9
46;2021-06-25;492;1118;100438;68564;58.0;39.6
46;2021-06-26;395;551;100833;69115;58.2;39.9
46;2021-06-27;2;4;100835;69119;58.2;39.9
46;2021-06-28;313;1338;101148;70457;58.4;40.7
46;2021-06-29;376;1685;101524;72142;58.6;41.7
46;2021-06-30;510;1580;102034;73722;58.9;42.6
46;2021-07-01;305;1153;102339;74875;59.1;43.2
46;2021-07-02;448;1085;102787;75960;59.4;43.9
46;2021-07-03;119;455;102906;76415;59.4;44.1
46;2021-07-04;56;127;102962;76542;59.5;44.2
46;2021-07-05;343;1188;103305;77730;59.7;44.9
46;2021-07-06;368;1459;103673;79189;59.9;45.7
46;2021-07-07;575;1720;104248;80909;60.2;46.7
46;2021-07-08;339;1168;104587;82077;60.4;47.4
46;2021-07-09;395;1706;104982;83783;60.6;48.4
46;2021-07-10;282;1043;105264;84826;60.8;49.0
46;2021-07-11;15;375;105279;85201;60.8;49.2
46;2021-07-12;247;1262;105526;86463;60.9;49.9
46;2021-07-13;623;1674;106149;88137;61.3;50.9
46;2021-07-14;63;144;106212;88281;61.3;51.0
46;2021-07-15;888;1463;107100;89744;61.8;51.8
46;2021-07-16;764;1396;107864;91140;62.3;52.6
46;2021-07-17;346;532;108210;91672;62.5;52.9
46;2021-07-18;0;0;108210;91672;62.5;52.9
46;2021-07-19;662;1186;108872;92858;62.9;53.6
46;2021-07-20;974;1425;109846;94283;63.4;54.4
46;2021-07-21;995;1381;110841;95664;64.0;55.2
46;2021-07-22;1365;1109;112206;96773;64.8;55.9
46;2021-07-23;730;1317;112936;98090;65.2;56.6
46;2021-07-24;927;662;113863;98752;65.8;57.0
46;2021-07-25;134;16;113997;98768;65.8;57.0
46;2021-07-26;834;883;114831;99651;66.3;57.5
46;2021-07-27;1191;972;116022;100623;67.0;58.1
46;2021-07-28;1239;1098;117261;101721;67.7;58.7
46;2021-07-29;1535;845;118796;102566;68.6;59.2
46;2021-07-30;1882;946;120678;103512;69.7;59.8
46;2021-07-31;912;645;121590;104157;70.2;60.1
46;2021-08-01;10;3;121600;104160;70.2;60.2
46;2021-08-02;953;581;122553;104741;70.8;60.5
46;2021-08-03;1332;673;123885;105414;71.5;60.9
47;2020-12-27;0;0;0;0;0.0;0.0
47;2020-12-28;0;0;0;0;0.0;0.0
47;2020-12-29;0;0;0;0;0.0;0.0
47;2020-12-30;0;0;0;0;0.0;0.0
47;2020-12-31;0;0;0;0;0.0;0.0
47;2021-01-01;4;0;4;0;0.0;0.0
47;2021-01-02;0;0;4;0;0.0;0.0
47;2021-01-03;0;0;4;0;0.0;0.0
47;2021-01-04;0;0;4;0;0.0;0.0
47;2021-01-05;0;0;4;0;0.0;0.0
47;2021-01-06;0;0;4;0;0.0;0.0
47;2021-01-07;71;1;75;1;0.0;0.0
47;2021-01-08;314;0;389;1;0.1;0.0
47;2021-01-09;113;0;502;1;0.2;0.0
47;2021-01-10;0;0;502;1;0.2;0.0
47;2021-01-11;249;0;751;1;0.2;0.0
47;2021-01-12;326;0;1077;1;0.3;0.0
47;2021-01-13;349;0;1426;1;0.4;0.0
47;2021-01-14;364;4;1790;5;0.5;0.0
47;2021-01-15;286;1;2076;6;0.6;0.0
47;2021-01-16;176;4;2252;10;0.7;0.0
47;2021-01-17;0;0;2252;10;0.7;0.0
47;2021-01-18;484;1;2736;11;0.8;0.0
47;2021-01-19;469;2;3205;13;1.0;0.0
47;2021-01-20;511;0;3716;13;1.1;0.0
47;2021-01-21;585;0;4301;13;1.3;0.0
47;2021-01-22;463;0;4764;13;1.4;0.0
47;2021-01-23;389;1;5153;14;1.6;0.0
47;2021-01-24;0;0;5153;14;1.6;0.0
47;2021-01-25;425;0;5578;14;1.7;0.0
47;2021-01-26;788;4;6366;18;1.9;0.0
47;2021-01-27;730;1;7096;19;2.1;0.0
47;2021-01-28;575;68;7671;87;2.3;0.0
47;2021-01-29;462;170;8133;257;2.5;0.1
47;2021-01-30;301;39;8434;296;2.6;0.1
47;2021-01-31;0;0;8434;296;2.6;0.1
47;2021-02-01;374;116;8808;412;2.7;0.1
47;2021-02-02;757;317;9565;729;2.9;0.2
47;2021-02-03;424;164;9989;893;3.0;0.3
47;2021-02-04;370;317;10359;1210;3.1;0.4
47;2021-02-05;300;311;10659;1521;3.2;0.5
47;2021-02-06;294;99;10953;1620;3.3;0.5
47;2021-02-07;0;0;10953;1620;3.3;0.5
47;2021-02-08;184;287;11137;1907;3.4;0.6
47;2021-02-09;231;260;11368;2167;3.4;0.7
47;2021-02-10;255;245;11623;2412;3.5;0.7
47;2021-02-11;357;378;11980;2790;3.6;0.8
47;2021-02-12;242;414;12222;3204;3.7;1.0
47;2021-02-13;224;111;12446;3315;3.8;1.0
47;2021-02-14;0;0;12446;3315;3.8;1.0
47;2021-02-15;194;385;12640;3700;3.8;1.1
47;2021-02-16;303;591;12943;4291;3.9;1.3
47;2021-02-17;326;456;13269;4747;4.0;1.4
47;2021-02-18;200;599;13469;5346;4.1;1.6
47;2021-02-19;194;368;13663;5714;4.1;1.7
47;2021-02-20;117;269;13780;5983;4.2;1.8
47;2021-02-21;0;0;13780;5983;4.2;1.8
47;2021-02-22;75;408;13855;6391;4.2;1.9
47;2021-02-23;152;649;14007;7040;4.2;2.1
47;2021-02-24;261;561;14268;7601;4.3;2.3
47;2021-02-25;305;413;14573;8014;4.4;2.4
47;2021-02-26;468;323;15041;8337;4.6;2.5
47;2021-02-27;324;213;15365;8550;4.7;2.6
47;2021-02-28;0;0;15365;8550;4.7;2.6
47;2021-03-01;124;397;15489;8947;4.7;2.7
47;2021-03-02;200;366;15689;9313;4.7;2.8
47;2021-03-03;244;349;15933;9662;4.8;2.9
47;2021-03-04;590;329;16523;9991;5.0;3.0
47;2021-03-05;844;288;17367;10279;5.3;3.1
47;2021-03-06;507;195;17874;10474;5.4;3.2
47;2021-03-07;331;5;18205;10479;5.5;3.2
47;2021-03-08;457;226;18662;10705;5.6;3.2
47;2021-03-09;509;493;19171;11198;5.8;3.4
47;2021-03-10;666;301;19837;11499;6.0;3.5
47;2021-03-11;938;376;20775;11875;6.3;3.6
47;2021-03-12;1370;295;22145;12170;6.7;3.7
47;2021-03-13;949;106;23094;12276;7.0;3.7
47;2021-03-14;51;0;23145;12276;7.0;3.7
47;2021-03-15;591;163;23736;12439;7.2;3.8
47;2021-03-16;750;176;24486;12615;7.4;3.8
47;2021-03-17;859;207;25345;12822;7.7;3.9
47;2021-03-18;915;173;26260;12995;7.9;3.9
47;2021-03-19;1270;123;27530;13118;8.3;4.0
47;2021-03-20;1085;56;28615;13174;8.7;4.0
47;2021-03-21;343;1;28958;13175;8.8;4.0
47;2021-03-22;1011;93;29969;13268;9.1;4.0
47;2021-03-23;1147;147;31116;13415;9.4;4.1
47;2021-03-24;1211;131;32327;13546;9.8;4.1
47;2021-03-25;1567;148;33894;13694;10.3;4.1
47;2021-03-26;1881;197;35775;13891;10.8;4.2
47;2021-03-27;979;129;36754;14020;11.1;4.2
47;2021-03-28;698;4;37452;14024;11.3;4.2
47;2021-03-29;1511;79;38963;14103;11.8;4.3
47;2021-03-30;1639;125;40602;14228;12.3;4.3
47;2021-03-31;1603;146;42205;14374;12.8;4.4
47;2021-04-01;1683;266;43888;14640;13.3;4.4
47;2021-04-02;1932;455;45820;15095;13.9;4.6
47;2021-04-03;1201;176;47021;15271;14.2;4.6
47;2021-04-04;474;12;47495;15283;14.4;4.6
47;2021-04-05;1295;54;48790;15337;14.8;4.6
47;2021-04-06;1386;385;50176;15722;15.2;4.8
47;2021-04-07;1693;585;51869;16307;15.7;4.9
47;2021-04-08;1833;470;53702;16777;16.3;5.1
47;2021-04-09;2082;538;55784;17315;16.9;5.2
47;2021-04-10;1564;322;57348;17637;17.4;5.3
47;2021-04-11;530;8;57878;17645;17.5;5.3
47;2021-04-12;1437;609;59315;18254;18.0;5.5
47;2021-04-13;1817;761;61132;19015;18.5;5.8
47;2021-04-14;1748;717;62880;19732;19.0;6.0
47;2021-04-15;2012;843;64892;20575;19.6;6.2
47;2021-04-16;1764;894;66656;21469;20.2;6.5
47;2021-04-17;1472;970;68128;22439;20.6;6.8
47;2021-04-18;23;0;68151;22439;20.6;6.8
47;2021-04-19;1332;931;69483;23370;21.0;7.1
47;2021-04-20;1624;901;71107;24271;21.5;7.3
47;2021-04-21;1623;770;72730;25041;22.0;7.6
47;2021-04-22;1869;1058;74599;26099;22.6;7.9
47;2021-04-23;1722;1070;76321;27169;23.1;8.2
47;2021-04-24;1548;799;77869;27968;23.6;8.5
47;2021-04-25;242;344;78111;28312;23.6;8.6
47;2021-04-26;1487;1363;79598;29675;24.1;9.0
47;2021-04-27;1923;1468;81521;31143;24.7;9.4
47;2021-04-28;2090;1588;83611;32731;25.3;9.9
47;2021-04-29;2529;1505;86140;34236;26.1;10.4
47;2021-04-30;2040;1777;88180;36013;26.7;10.9
47;2021-05-01;2262;982;90442;36995;27.4;11.2
47;2021-05-02;21;358;90463;37353;27.4;11.3
47;2021-05-03;1596;1417;92059;38770;27.9;11.7
47;2021-05-04;1649;1728;93708;40498;28.4;12.3
47;2021-05-05;1927;1642;95635;42140;29.0;12.8
47;2021-05-06;2104;1507;97739;43647;29.6;13.2
47;2021-05-07;1997;1623;99736;45270;30.2;13.7
47;2021-05-08;2096;464;101832;45734;30.8;13.8
47;2021-05-09;24;362;101856;46096;30.8;14.0
47;2021-05-10;1204;1671;103060;47767;31.2;14.5
47;2021-05-11;2171;1990;105231;49757;31.9;15.1
47;2021-05-12;2626;1450;107857;51207;32.7;15.5
47;2021-05-13;2380;656;110237;51863;33.4;15.7
47;2021-05-14;2062;858;112299;52721;34.0;16.0
47;2021-05-15;1934;861;114233;53582;34.6;16.2
47;2021-05-16;367;8;114600;53590;34.7;16.2
47;2021-05-17;1883;1124;116483;54714;35.3;16.6
47;2021-05-18;2355;1137;118838;55851;36.0;16.9
47;2021-05-19;2344;760;121182;56611;36.7;17.1
47;2021-05-20;2582;965;123764;57576;37.5;17.4
47;2021-05-21;1537;1129;125301;58705;37.9;17.8
47;2021-05-22;2367;834;127668;59539;38.6;18.0
47;2021-05-23;25;185;127693;59724;38.7;18.1
47;2021-05-24;1550;233;129243;59957;39.1;18.2
47;2021-05-25;1483;1317;130726;61274;39.6;18.5
47;2021-05-26;1600;1080;132326;62354;40.1;18.9
47;2021-05-27;1943;1266;134269;63620;40.6;19.3
47;2021-05-28;1458;1536;135727;65156;41.1;19.7
47;2021-05-29;1152;1127;136879;66283;41.4;20.1
47;2021-05-30;12;45;136891;66328;41.4;20.1
47;2021-05-31;1867;1421;138758;67749;42.0;20.5
47;2021-06-01;1920;1336;140678;69085;42.6;20.9
47;2021-06-02;2099;1333;142777;70418;43.2;21.3
47;2021-06-03;2484;1607;145261;72025;44.0;21.8
47;2021-06-04;1968;2113;147229;74138;44.6;22.4
47;2021-06-05;1637;1475;148866;75613;45.1;22.9
47;2021-06-06;212;71;149078;75684;45.1;22.9
47;2021-06-07;1664;2244;150742;77928;45.6;23.6
47;2021-06-08;1628;1905;152370;79833;46.1;24.2
47;2021-06-09;1821;2124;154191;81957;46.7;24.8
47;2021-06-10;2367;1609;156558;83566;47.4;25.3
47;2021-06-11;1824;2100;158382;85666;47.9;25.9
47;2021-06-12;1352;2102;159734;87768;48.4;26.6
47;2021-06-13;4;10;159738;87778;48.4;26.6
47;2021-06-14;1282;2449;161020;90227;48.7;27.3
47;2021-06-15;1464;2033;162484;92260;49.2;27.9
47;2021-06-16;1208;2183;163692;94443;49.6;28.6
47;2021-06-17;1653;1524;165345;95967;50.1;29.1
47;2021-06-18;1438;2495;166783;98462;50.5;29.8
47;2021-06-19;1536;2455;168319;100917;51.0;30.5
47;2021-06-20;4;33;168323;100950;51.0;30.6
47;2021-06-21;1135;2510;169458;103460;51.3;31.3
47;2021-06-22;759;2501;170217;105961;51.5;32.1
47;2021-06-23;996;2013;171213;107974;51.8;32.7
47;2021-06-24;1208;1935;172421;109909;52.2;33.3
47;2021-06-25;1004;2608;173425;112517;52.5;34.1
47;2021-06-26;988;2785;174413;115302;52.8;34.9
47;2021-06-27;15;349;174428;115651;52.8;35.0
47;2021-06-28;876;2402;175304;118053;53.1;35.7
47;2021-06-29;795;2314;176099;120367;53.3;36.4
47;2021-06-30;728;2310;176827;122677;53.5;37.1
47;2021-07-01;816;2109;177643;124786;53.8;37.8
47;2021-07-02;886;2275;178529;127061;54.0;38.5
47;2021-07-03;724;3042;179253;130103;54.3;39.4
47;2021-07-04;34;12;179287;130115;54.3;39.4
47;2021-07-05;976;2142;180263;132257;54.6;40.0
47;2021-07-06;912;1961;181175;134218;54.8;40.6
47;2021-07-07;1295;2061;182470;136279;55.2;41.3
47;2021-07-08;1141;2192;183611;138471;55.6;41.9
47;2021-07-09;1046;2406;184657;140877;55.9;42.6
47;2021-07-10;953;2133;185610;143010;56.2;43.3
47;2021-07-11;0;6;185610;143016;56.2;43.3
47;2021-07-12;556;2581;186166;145597;56.4;44.1
47;2021-07-13;1089;2592;187255;148189;56.7;44.9
47;2021-07-14;1156;1577;188411;149766;57.0;45.3
47;2021-07-15;1705;3135;190116;152901;57.6;46.3
47;2021-07-16;1710;2679;191826;155580;58.1;47.1
47;2021-07-17;1174;2457;193000;158037;58.4;47.8
47;2021-07-18;36;188;193036;158225;58.4;47.9
47;2021-07-19;1114;2564;194150;160789;58.8;48.7
47;2021-07-20;1608;2337;195758;163126;59.3;49.4
47;2021-07-21;2170;2240;197928;165366;59.9;50.1
47;2021-07-22;2145;2289;200073;167655;60.6;50.8
47;2021-07-23;2103;2247;202176;169902;61.2;51.4
47;2021-07-24;1109;1910;203285;171812;61.5;52.0
47;2021-07-25;11;1;203296;171813;61.5;52.0
47;2021-07-26;1222;1940;204518;173753;61.9;52.6
47;2021-07-27;2087;1622;206605;175375;62.5;53.1
47;2021-07-28;1868;1593;208473;176968;63.1;53.6
47;2021-07-29;2301;1586;210774;178554;63.8;54.1
47;2021-07-30;1844;1615;212618;180169;64.4;54.5
47;2021-07-31;1467;1658;214085;181827;64.8;55.0
47;2021-08-01;17;8;214102;181835;64.8;55.0
47;2021-08-02;2020;1209;216122;183044;65.4;55.4
47;2021-08-03;2039;1081;218161;184125;66.0;55.7
48;2020-12-27;0;0;0;0;0.0;0.0
48;2020-12-28;0;0;0;0;0.0;0.0
48;2020-12-29;0;0;0;0;0.0;0.0
48;2020-12-30;0;0;0;0;0.0;0.0
48;2020-12-31;0;0;0;0;0.0;0.0
48;2021-01-01;0;0;0;0;0.0;0.0
48;2021-01-02;0;0;0;0;0.0;0.0
48;2021-01-03;0;0;0;0;0.0;0.0
48;2021-01-04;0;0;0;0;0.0;0.0
48;2021-01-05;0;0;0;0;0.0;0.0
48;2021-01-06;0;0;0;0;0.0;0.0
48;2021-01-07;54;0;54;0;0.1;0.0
48;2021-01-08;87;0;141;0;0.2;0.0
48;2021-01-09;1;0;142;0;0.2;0.0
48;2021-01-10;0;0;142;0;0.2;0.0
48;2021-01-11;13;0;155;0;0.2;0.0
48;2021-01-12;19;1;174;1;0.2;0.0
48;2021-01-13;104;0;278;1;0.4;0.0
48;2021-01-14;90;1;368;2;0.5;0.0
48;2021-01-15;63;0;431;2;0.6;0.0
48;2021-01-16;0;0;431;2;0.6;0.0
48;2021-01-17;0;0;431;2;0.6;0.0
48;2021-01-18;117;0;548;2;0.7;0.0
48;2021-01-19;345;0;893;2;1.2;0.0
48;2021-01-20;364;0;1257;2;1.6;0.0
48;2021-01-21;465;0;1722;2;2.3;0.0
48;2021-01-22;269;0;1991;2;2.6;0.0
48;2021-01-23;36;0;2027;2;2.7;0.0
48;2021-01-24;0;0;2027;2;2.7;0.0
48;2021-01-25;109;0;2136;2;2.8;0.0
48;2021-01-26;261;0;2397;2;3.1;0.0
48;2021-01-27;257;2;2654;4;3.5;0.0
48;2021-01-28;270;10;2924;14;3.8;0.0
48;2021-01-29;175;60;3099;74;4.1;0.1
48;2021-01-30;1;7;3100;81;4.1;0.1
48;2021-01-31;0;6;3100;87;4.1;0.1
48;2021-02-01;97;47;3197;134;4.2;0.2
48;2021-02-02;190;36;3387;170;4.4;0.2
48;2021-02-03;177;82;3564;252;4.7;0.3
48;2021-02-04;234;13;3798;265;5.0;0.3
48;2021-02-05;144;35;3942;300;5.2;0.4
48;2021-02-06;34;0;3976;300;5.2;0.4
48;2021-02-07;0;0;3976;300;5.2;0.4
48;2021-02-08;50;61;4026;361;5.3;0.5
48;2021-02-09;66;166;4092;527;5.4;0.7
48;2021-02-10;65;303;4157;830;5.4;1.1
48;2021-02-11;165;407;4322;1237;5.7;1.6
48;2021-02-12;119;156;4441;1393;5.8;1.8
48;2021-02-13;8;55;4449;1448;5.8;1.9
48;2021-02-14;0;0;4449;1448;5.8;1.9
48;2021-02-15;51;106;4500;1554;5.9;2.0
48;2021-02-16;43;173;4543;1727;6.0;2.3
48;2021-02-17;35;285;4578;2012;6.0;2.6
48;2021-02-18;252;96;4830;2108;6.3;2.8
48;2021-02-19;60;183;4890;2291;6.4;3.0
48;2021-02-20;0;1;4890;2292;6.4;3.0
48;2021-02-21;0;14;4890;2306;6.4;3.0
48;2021-02-22;24;129;4914;2435;6.4;3.2
48;2021-02-23;74;222;4988;2657;6.5;3.5
48;2021-02-24;66;264;5054;2921;6.6;3.8
48;2021-02-25;148;263;5202;3184;6.8;4.2
48;2021-02-26;51;228;5253;3412;6.9;4.5
48;2021-02-27;28;1;5281;3413;6.9;4.5
48;2021-02-28;3;14;5284;3427;6.9;4.5
48;2021-03-01;102;96;5386;3523;7.1;4.6
48;2021-03-02;199;87;5585;3610;7.3;4.7
48;2021-03-03;155;111;5740;3721;7.5;4.9
48;2021-03-04;192;183;5932;3904;7.8;5.1
48;2021-03-05;136;141;6068;4045;8.0;5.3
48;2021-03-06;180;53;6248;4098;8.2;5.4
48;2021-03-07;75;1;6323;4099;8.3;5.4
48;2021-03-08;352;121;6675;4220;8.7;5.5
48;2021-03-09;377;86;7052;4306;9.2;5.6
48;2021-03-10;263;61;7315;4367;9.6;5.7
48;2021-03-11;334;90;7649;4457;10.0;5.8
48;2021-03-12;256;155;7905;4612;10.4;6.0
48;2021-03-13;301;5;8206;4617;10.8;6.1
48;2021-03-14;8;0;8214;4617;10.8;6.1
48;2021-03-15;174;63;8388;4680;11.0;6.1
48;2021-03-16;164;65;8552;4745;11.2;6.2
48;2021-03-17;156;110;8708;4855;11.4;6.4
48;2021-03-18;190;104;8898;4959;11.7;6.5
48;2021-03-19;116;95;9014;5054;11.8;6.6
48;2021-03-20;101;0;9115;5054;11.9;6.6
48;2021-03-21;0;0;9115;5054;11.9;6.6
48;2021-03-22;160;22;9275;5076;12.2;6.7
48;2021-03-23;328;102;9603;5178;12.6;6.8
48;2021-03-24;284;100;9887;5278;13.0;6.9
48;2021-03-25;757;114;10644;5392;14.0;7.1
48;2021-03-26;269;60;10913;5452;14.3;7.1
48;2021-03-27;104;0;11017;5452;14.4;7.1
48;2021-03-28;78;19;11095;5471;14.5;7.2
48;2021-03-29;304;79;11399;5550;14.9;7.3
48;2021-03-30;362;128;11761;5678;15.4;7.4
48;2021-03-31;447;83;12208;5761;16.0;7.6
48;2021-04-01;729;66;12937;5827;17.0;7.6
48;2021-04-02;486;124;13423;5951;17.6;7.8
48;2021-04-03;140;83;13563;6034;17.8;7.9
48;2021-04-04;0;0;13563;6034;17.8;7.9
48;2021-04-05;43;1;13606;6035;17.8;7.9
48;2021-04-06;465;157;14071;6192;18.4;8.1
48;2021-04-07;465;139;14536;6331;19.1;8.3
48;2021-04-08;618;184;15154;6515;19.9;8.5
48;2021-04-09;446;118;15600;6633;20.4;8.7
48;2021-04-10;95;58;15695;6691;20.6;8.8
48;2021-04-11;2;0;15697;6691;20.6;8.8
48;2021-04-12;364;70;16061;6761;21.1;8.9
48;2021-04-13;361;92;16422;6853;21.5;9.0
48;2021-04-14;624;185;17046;7038;22.3;9.2
48;2021-04-15;698;355;17744;7393;23.3;9.7
48;2021-04-16;538;223;18282;7616;24.0;10.0
48;2021-04-17;89;69;18371;7685;24.1;10.1
48;2021-04-18;0;0;18371;7685;24.1;10.1
48;2021-04-19;197;107;18568;7792;24.3;10.2
48;2021-04-20;216;178;18784;7970;24.6;10.4
48;2021-04-21;284;205;19068;8175;25.0;10.7
48;2021-04-22;308;479;19376;8654;25.4;11.3
48;2021-04-23;254;241;19630;8895;25.7;11.7
48;2021-04-24;97;93;19727;8988;25.9;11.8
48;2021-04-25;1;9;19728;8997;25.9;11.8
48;2021-04-26;87;208;19815;9205;26.0;12.1
48;2021-04-27;172;292;19987;9497;26.2;12.4
48;2021-04-28;149;414;20136;9911;26.4;13.0
48;2021-04-29;204;490;20340;10401;26.7;13.6
48;2021-04-30;171;225;20511;10626;26.9;13.9
48;2021-05-01;0;0;20511;10626;26.9;13.9
48;2021-05-02;0;0;20511;10626;26.9;13.9
48;2021-05-03;105;386;20616;11012;27.0;14.4
48;2021-05-04;227;420;20843;11432;27.3;15.0
48;2021-05-05;84;484;20927;11916;27.4;15.6
48;2021-05-06;742;638;21669;12554;28.4;16.5
48;2021-05-07;96;504;21765;13058;28.5;17.1
48;2021-05-08;309;43;22074;13101;28.9;17.2
48;2021-05-09;285;9;22359;13110;29.3;17.2
48;2021-05-10;55;325;22414;13435;29.4;17.6
48;2021-05-11;220;291;22634;13726;29.7;18.0
48;2021-05-12;249;312;22883;14038;30.0;18.4
48;2021-05-13;472;157;23355;14195;30.6;18.6
48;2021-05-14;244;221;23599;14416;30.9;18.9
48;2021-05-15;84;47;23683;14463;31.0;19.0
48;2021-05-16;1;8;23684;14471;31.0;19.0
48;2021-05-17;474;265;24158;14736;31.7;19.3
48;2021-05-18;263;228;24421;14964;32.0;19.6
48;2021-05-19;207;278;24628;15242;32.3;20.0
48;2021-05-20;320;254;24948;15496;32.7;20.3
48;2021-05-21;172;267;25120;15763;32.9;20.7
48;2021-05-22;25;50;25145;15813;33.0;20.7
48;2021-05-23;0;6;25145;15819;33.0;20.7
48;2021-05-24;0;14;25145;15833;33.0;20.8
48;2021-05-25;180;265;25325;16098;33.2;21.1
48;2021-05-26;416;298;25741;16396;33.7;21.5
48;2021-05-27;1176;374;26917;16770;35.3;22.0
48;2021-05-28;315;343;27232;17113;35.7;22.4
48;2021-05-29;79;50;27311;17163;35.8;22.5
48;2021-05-30;0;1;27311;17164;35.8;22.5
48;2021-05-31;625;263;27936;17427;36.6;22.8
48;2021-06-01;272;305;28208;17732;37.0;23.2
48;2021-06-02;407;422;28615;18154;37.5;23.8
48;2021-06-03;628;428;29243;18582;38.3;24.4
48;2021-06-04;291;281;29534;18863;38.7;24.7
48;2021-06-05;121;75;29655;18938;38.9;24.8
48;2021-06-06;1;1;29656;18939;38.9;24.8
48;2021-06-07;440;161;30096;19100;39.5;25.0
48;2021-06-08;613;304;30709;19404;40.3;25.4
48;2021-06-09;379;188;31088;19592;40.8;25.7
48;2021-06-10;1000;235;32088;19827;42.1;26.0
48;2021-06-11;372;159;32460;19986;42.6;26.2
48;2021-06-12;74;56;32534;20042;42.6;26.3
48;2021-06-13;0;2;32534;20044;42.6;26.3
48;2021-06-14;124;115;32658;20159;42.8;26.4
48;2021-06-15;407;384;33065;20543;43.3;26.9
48;2021-06-16;259;143;33324;20686;43.7;27.1
48;2021-06-17;486;572;33810;21258;44.3;27.9
48;2021-06-18;254;313;34064;21571;44.7;28.3
48;2021-06-19;35;291;34099;21862;44.7;28.7
48;2021-06-20;123;224;34222;22086;44.9;29.0
48;2021-06-21;125;132;34347;22218;45.0;29.1
48;2021-06-22;258;332;34605;22550;45.4;29.6
48;2021-06-23;111;546;34716;23096;45.5;30.3
48;2021-06-24;363;603;35079;23699;46.0;31.1
48;2021-06-25;148;274;35227;23973;46.2;31.4
48;2021-06-26;14;45;35241;24018;46.2;31.5
48;2021-06-27;1;1;35242;24019;46.2;31.5
48;2021-06-28;81;177;35323;24196;46.3;31.7
48;2021-06-29;298;412;35621;24608;46.7;32.3
48;2021-06-30;96;465;35717;25073;46.8;32.9
48;2021-07-01;196;664;35913;25737;47.1;33.7
48;2021-07-02;147;368;36060;26105;47.3;34.2
48;2021-07-03;41;89;36101;26194;47.3;34.3
48;2021-07-04;7;0;36108;26194;47.3;34.3
48;2021-07-05;40;115;36148;26309;47.4;34.5
48;2021-07-06;277;597;36425;26906;47.7;35.3
48;2021-07-07;200;483;36625;27389;48.0;35.9
48;2021-07-08;222;1188;36847;28577;48.3;37.5
48;2021-07-09;156;551;37003;29128;48.5;38.2
48;2021-07-10;95;147;37098;29275;48.6;38.4
48;2021-07-11;0;4;37098;29279;48.6;38.4
48;2021-07-12;140;672;37238;29951;48.8;39.3
48;2021-07-13;213;431;37451;30382;49.1;39.8
48;2021-07-14;178;142;37629;30524;49.3;40.0
48;2021-07-15;185;458;37814;30982;49.6;40.6
48;2021-07-16;233;313;38047;31295;49.9;41.0
48;2021-07-17;127;117;38174;31412;50.0;41.2
48;2021-07-18;4;4;38178;31416;50.0;41.2
48;2021-07-19;102;303;38280;31719;50.2;41.6
48;2021-07-20;600;993;38880;32712;51.0;42.9
48;2021-07-21;68;371;38948;33083;51.1;43.4
48;2021-07-22;778;1121;39726;34204;52.1;44.8
48;2021-07-23;352;433;40078;34637;52.5;45.4
48;2021-07-24;505;166;40583;34803;53.2;45.6
48;2021-07-25;137;46;40720;34849;53.4;45.7
48;2021-07-26;100;198;40820;35047;53.5;45.9
48;2021-07-27;1190;641;42010;35688;55.1;46.8
48;2021-07-28;176;316;42186;36004;55.3;47.2
48;2021-07-29;700;632;42886;36636;56.2;48.0
48;2021-07-30;200;291;43086;36927;56.5;48.4
48;2021-07-31;335;173;43421;37100;56.9;48.6
48;2021-08-01;18;55;43439;37155;56.9;48.7
48;2021-08-02;225;158;43664;37313;57.2;48.9
48;2021-08-03;887;553;44551;37866;58.4;49.6
49;2020-12-27;0;0;0;0;0.0;0.0
49;2020-12-28;2;0;2;0;0.0;0.0
49;2020-12-29;0;0;2;0;0.0;0.0
49;2020-12-30;0;0;2;0;0.0;0.0
49;2020-12-31;0;0;2;0;0.0;0.0
49;2021-01-01;2;0;4;0;0.0;0.0
49;2021-01-02;1;1;5;1;0.0;0.0
49;2021-01-03;0;0;5;1;0.0;0.0
49;2021-01-04;9;0;14;1;0.0;0.0
49;2021-01-05;92;0;106;1;0.0;0.0
49;2021-01-06;232;0;338;1;0.0;0.0
49;2021-01-07;366;0;704;1;0.1;0.0
49;2021-01-08;330;1;1034;2;0.1;0.0
49;2021-01-09;118;0;1152;2;0.1;0.0
49;2021-01-10;114;0;1266;2;0.2;0.0
49;2021-01-11;287;0;1553;2;0.2;0.0
49;2021-01-12;622;0;2175;2;0.3;0.0
49;2021-01-13;601;2;2776;4;0.3;0.0
49;2021-01-14;589;6;3365;10;0.4;0.0
49;2021-01-15;774;1;4139;11;0.5;0.0
49;2021-01-16;147;0;4286;11;0.5;0.0
49;2021-01-17;111;2;4397;13;0.5;0.0
49;2021-01-18;691;0;5088;13;0.6;0.0
49;2021-01-19;1204;1;6292;14;0.8;0.0
49;2021-01-20;1508;3;7800;17;1.0;0.0
49;2021-01-21;1937;4;9737;21;1.2;0.0
49;2021-01-22;1317;4;11054;25;1.4;0.0
49;2021-01-23;263;1;11317;26;1.4;0.0
49;2021-01-24;0;0;11317;26;1.4;0.0
49;2021-01-25;549;5;11866;31;1.5;0.0
49;2021-01-26;987;75;12853;106;1.6;0.0
49;2021-01-27;1845;37;14698;143;1.8;0.0
49;2021-01-28;2872;86;17570;229;2.2;0.0
49;2021-01-29;1587;94;19157;323;2.3;0.0
49;2021-01-30;300;47;19457;370;2.4;0.0
49;2021-01-31;62;51;19519;421;2.4;0.1
49;2021-02-01;658;157;20177;578;2.5;0.1
49;2021-02-02;743;386;20920;964;2.6;0.1
49;2021-02-03;675;380;21595;1344;2.6;0.2
49;2021-02-04;757;445;22352;1789;2.7;0.2
49;2021-02-05;706;598;23058;2387;2.8;0.3
49;2021-02-06;229;111;23287;2498;2.9;0.3
49;2021-02-07;59;86;23346;2584;2.9;0.3
49;2021-02-08;549;481;23895;3065;2.9;0.4
49;2021-02-09;711;647;24606;3712;3.0;0.5
49;2021-02-10;802;951;25408;4663;3.1;0.6
49;2021-02-11;1000;1409;26408;6072;3.2;0.7
49;2021-02-12;869;976;27277;7048;3.3;0.9
49;2021-02-13;266;117;27543;7165;3.4;0.9
49;2021-02-14;9;106;27552;7271;3.4;0.9
49;2021-02-15;733;665;28285;7936;3.5;1.0
49;2021-02-16;1110;1124;29395;9060;3.6;1.1
49;2021-02-17;1156;1868;30551;10928;3.7;1.3
49;2021-02-18;1809;2440;32360;13368;4.0;1.6
49;2021-02-19;1391;1108;33751;14476;4.1;1.8
49;2021-02-20;233;383;33984;14859;4.2;1.8
49;2021-02-21;0;64;33984;14923;4.2;1.8
49;2021-02-22;646;586;34630;15509;4.2;1.9
49;2021-02-23;735;862;35365;16371;4.3;2.0
49;2021-02-24;818;647;36183;17018;4.4;2.1
49;2021-02-25;1207;822;37390;17840;4.6;2.2
49;2021-02-26;1668;850;39058;18690;4.8;2.3
49;2021-02-27;435;283;39493;18973;4.8;2.3
49;2021-02-28;49;38;39542;19011;4.8;2.3
49;2021-03-01;766;583;40308;19594;4.9;2.4
49;2021-03-02;1083;704;41391;20298;5.1;2.5
49;2021-03-03;1556;675;42947;20973;5.3;2.6
49;2021-03-04;1766;938;44713;21911;5.5;2.7
49;2021-03-05;2213;701;46926;22612;5.8;2.8
49;2021-03-06;715;187;47641;22799;5.8;2.8
49;2021-03-07;627;10;48268;22809;5.9;2.8
49;2021-03-08;1395;711;49663;23520;6.1;2.9
49;2021-03-09;2051;744;51714;24264;6.3;3.0
49;2021-03-10;2526;863;54240;25127;6.6;3.1
49;2021-03-11;3194;1470;57434;26597;7.0;3.3
49;2021-03-12;3766;1010;61200;27607;7.5;3.4
49;2021-03-13;1499;219;62699;27826;7.7;3.4
49;2021-03-14;6;0;62705;27826;7.7;3.4
49;2021-03-15;2084;546;64789;28372;7.9;3.5
49;2021-03-16;1732;961;66521;29333;8.2;3.6
49;2021-03-17;1811;674;68332;30007;8.4;3.7
49;2021-03-18;2199;729;70531;30736;8.6;3.8
49;2021-03-19;3330;565;73861;31301;9.1;3.8
49;2021-03-20;1741;212;75602;31513;9.3;3.9
49;2021-03-21;497;23;76099;31536;9.3;3.9
49;2021-03-22;2247;549;78346;32085;9.6;3.9
49;2021-03-23;3402;676;81748;32761;10.0;4.0
49;2021-03-24;3601;496;85349;33257;10.5;4.1
49;2021-03-25;4224;643;89573;33900;11.0;4.2
49;2021-03-26;4882;501;94455;34401;11.6;4.2
49;2021-03-27;1673;98;96128;34499;11.8;4.2
49;2021-03-28;399;33;96527;34532;11.8;4.2
49;2021-03-29;2370;614;98897;35146;12.1;4.3
49;2021-03-30;3266;940;102163;36086;12.5;4.4
49;2021-03-31;2977;750;105140;36836;12.9;4.5
49;2021-04-01;4120;865;109260;37701;13.4;4.6
49;2021-04-02;4293;934;113553;38635;13.9;4.7
49;2021-04-03;971;195;114524;38830;14.0;4.8
49;2021-04-04;314;3;114838;38833;14.1;4.8
49;2021-04-05;941;21;115779;38854;14.2;4.8
49;2021-04-06;2331;1324;118110;40178;14.5;4.9
49;2021-04-07;3308;1370;121418;41548;14.9;5.1
49;2021-04-08;5181;1401;126599;42949;15.5;5.3
49;2021-04-09;6207;1414;132806;44363;16.3;5.4
49;2021-04-10;2067;493;134873;44856;16.5;5.5
49;2021-04-11;389;7;135262;44863;16.6;5.5
49;2021-04-12;4073;1579;139335;46442;17.1;5.7
49;2021-04-13;5378;1912;144713;48354;17.7;5.9
49;2021-04-14;4539;1866;149252;50220;18.3;6.2
49;2021-04-15;5378;1893;154630;52113;19.0;6.4
49;2021-04-16;5758;2135;160388;54248;19.7;6.6
49;2021-04-17;3336;843;163724;55091;20.1;6.8
49;2021-04-18;381;476;164105;55567;20.1;6.8
49;2021-04-19;3710;2061;167815;57628;20.6;7.1
49;2021-04-20;4373;2113;172188;59741;21.1;7.3
49;2021-04-21;3954;2208;176142;61949;21.6;7.6
49;2021-04-22;4835;2105;180977;64054;22.2;7.9
49;2021-04-23;4810;2330;185787;66384;22.8;8.1
49;2021-04-24;2936;1155;188723;67539;23.1;8.3
49;2021-04-25;40;282;188763;67821;23.1;8.3
49;2021-04-26;3741;2115;192504;69936;23.6;8.6
49;2021-04-27;4472;2496;196976;72432;24.1;8.9
49;2021-04-28;4613;2480;201589;74912;24.7;9.2
49;2021-04-29;5206;3005;206795;77917;25.3;9.6
49;2021-04-30;5555;3187;212350;81104;26.0;9.9
49;2021-05-01;2364;664;214714;81768;26.3;10.0
49;2021-05-02;4;40;214718;81808;26.3;10.0
49;2021-05-03;5012;2392;219730;84200;26.9;10.3
49;2021-05-04;4969;3038;224699;87238;27.5;10.7
49;2021-05-05;4783;2994;229482;90232;28.1;11.1
49;2021-05-06;5329;3078;234811;93310;28.8;11.4
49;2021-05-07;4275;5014;239086;98324;29.3;12.1
49;2021-05-08;3576;436;242662;98760;29.7;12.1
49;2021-05-09;9;41;242671;98801;29.7;12.1
49;2021-05-10;4830;4266;247501;103067;30.3;12.6
49;2021-05-11;5397;5081;252898;108148;31.0;13.3
49;2021-05-12;4802;4589;257700;112737;31.6;13.8
49;2021-05-13;4778;684;262478;113421;32.2;13.9
49;2021-05-14;5171;3267;267649;116688;32.8;14.3
49;2021-05-15;4156;1807;271805;118495;33.3;14.5
49;2021-05-16;2788;117;274593;118612;33.7;14.5
49;2021-05-17;4832;3682;279425;122294;34.2;15.0
49;2021-05-18;5465;3760;284890;126054;34.9;15.5
49;2021-05-19;5916;3216;290806;129270;35.6;15.8
49;2021-05-20;6789;2957;297595;132227;36.5;16.2
49;2021-05-21;6456;3737;304051;135964;37.3;16.7
49;2021-05-22;5184;1191;309235;137155;37.9;16.8
49;2021-05-23;1;12;309236;137167;37.9;16.8
49;2021-05-24;4217;445;313453;137612;38.4;16.9
49;2021-05-25;6331;3305;319784;140917;39.2;17.3
49;2021-05-26;6273;2658;326057;143575;40.0;17.6
49;2021-05-27;7107;2720;333164;146295;40.8;17.9
49;2021-05-28;6876;4012;340040;150307;41.7;18.4
49;2021-05-29;5024;1894;345064;152201;42.3;18.7
49;2021-05-30;20;13;345084;152214;42.3;18.7
49;2021-05-31;6039;3216;351123;155430;43.0;19.1
49;2021-06-01;6588;3973;357711;159403;43.8;19.5
49;2021-06-02;5791;3739;363502;163142;44.6;20.0
49;2021-06-03;6603;3417;370105;166559;45.4;20.4
49;2021-06-04;6470;4859;376575;171418;46.2;21.0
49;2021-06-05;4385;2695;380960;174113;46.7;21.3
49;2021-06-06;35;52;380995;174165;46.7;21.3
49;2021-06-07;4632;4761;385627;178926;47.3;21.9
49;2021-06-08;5184;5094;390811;184020;47.9;22.6
49;2021-06-09;5320;4498;396131;188518;48.6;23.1
49;2021-06-10;5992;3782;402123;192300;49.3;23.6
49;2021-06-11;4852;6032;406975;198332;49.9;24.3
49;2021-06-12;4102;3202;411077;201534;50.4;24.7
49;2021-06-13;19;989;411096;202523;50.4;24.8
49;2021-06-14;3408;6011;414504;208534;50.8;25.6
49;2021-06-15;4242;6397;418746;214931;51.3;26.3
49;2021-06-16;4147;5679;422893;220610;51.8;27.0
49;2021-06-17;5069;5076;427962;225686;52.5;27.7
49;2021-06-18;4129;6881;432091;232567;53.0;28.5
49;2021-06-19;3525;3971;435616;236538;53.4;29.0
49;2021-06-20;25;23;435641;236561;53.4;29.0
49;2021-06-21;2824;6508;438465;243069;53.7;29.8
49;2021-06-22;3199;7003;441664;250072;54.1;30.7
49;2021-06-23;3252;6312;444916;256384;54.5;31.4
49;2021-06-24;4308;4972;449224;261356;55.1;32.0
49;2021-06-25;3318;7440;452542;268796;55.5;32.9
49;2021-06-26;2567;4628;455109;273424;55.8;33.5
49;2021-06-27;13;1543;455122;274967;55.8;33.7
49;2021-06-28;2229;7172;457351;282139;56.1;34.6
49;2021-06-29;3018;7255;460369;289394;56.4;35.5
49;2021-06-30;2805;6807;463174;296201;56.8;36.3
49;2021-07-01;3077;6267;466251;302468;57.1;37.1
49;2021-07-02;2897;8076;469148;310544;57.5;38.1
49;2021-07-03;1988;5487;471136;316031;57.7;38.7
49;2021-07-04;5;52;471141;316083;57.7;38.7
49;2021-07-05;1623;7081;472764;323164;57.9;39.6
49;2021-07-06;1882;7561;474646;330725;58.2;40.5
49;2021-07-07;2051;6629;476697;337354;58.4;41.3
49;2021-07-08;2502;6358;479199;343712;58.7;42.1
49;2021-07-09;2296;8255;481495;351967;59.0;43.1
49;2021-07-10;1776;5341;483271;357308;59.2;43.8
49;2021-07-11;11;35;483282;357343;59.2;43.8
49;2021-07-12;1910;7725;485192;365068;59.5;44.7
49;2021-07-13;2550;8308;487742;373376;59.8;45.8
49;2021-07-14;2875;3370;490617;376746;60.1;46.2
49;2021-07-15;3105;7558;493722;384304;60.5;47.1
49;2021-07-16;3300;8306;497022;392610;60.9;48.1
49;2021-07-17;2066;5489;499088;398099;61.2;48.8
49;2021-07-18;3737;568;502825;398667;61.6;48.9
49;2021-07-19;2557;7456;505382;406123;61.9;49.8
49;2021-07-20;3345;7486;508727;413609;62.4;50.7
49;2021-07-21;4141;6463;512868;420072;62.9;51.5
49;2021-07-22;4637;5849;517505;425921;63.4;52.2
49;2021-07-23;4904;6621;522409;432542;64.0;53.0
49;2021-07-24;3589;4996;525998;437538;64.5;53.6
49;2021-07-25;37;32;526035;437570;64.5;53.6
49;2021-07-26;4169;5892;530204;443462;65.0;54.4
49;2021-07-27;5543;5433;535747;448895;65.7;55.0
49;2021-07-28;5926;4346;541673;453241;66.4;55.6
49;2021-07-29;6541;4126;548214;457367;67.2;56.1
49;2021-07-30;6008;4775;554222;462142;67.9;56.6
49;2021-07-31;3936;3407;558158;465549;68.4;57.1
49;2021-08-01;18;22;558176;465571;68.4;57.1
49;2021-08-02;4251;4633;562427;470204;68.9;57.6
49;2021-08-03;5394;3779;567821;473983;69.6;58.1
50;2020-12-27;0;0;0;0;0.0;0.0
50;2020-12-28;0;0;0;0;0.0;0.0
50;2020-12-29;1;0;1;0;0.0;0.0
50;2020-12-30;0;0;1;0;0.0;0.0
50;2020-12-31;0;0;1;0;0.0;0.0
50;2021-01-01;0;0;1;0;0.0;0.0
50;2021-01-02;0;0;1;0;0.0;0.0
50;2021-01-03;0;0;1;0;0.0;0.0
50;2021-01-04;1;0;2;0;0.0;0.0
50;2021-01-05;0;0;2;0;0.0;0.0
50;2021-01-06;126;0;128;0;0.0;0.0
50;2021-01-07;321;0;449;0;0.1;0.0
50;2021-01-08;436;2;885;2;0.2;0.0
50;2021-01-09;236;0;1121;2;0.2;0.0
50;2021-01-10;23;0;1144;2;0.2;0.0
50;2021-01-11;389;1;1533;3;0.3;0.0
50;2021-01-12;600;0;2133;3;0.4;0.0
50;2021-01-13;694;4;2827;7;0.6;0.0
50;2021-01-14;1046;4;3873;11;0.8;0.0
50;2021-01-15;706;2;4579;13;0.9;0.0
50;2021-01-16;214;3;4793;16;1.0;0.0
50;2021-01-17;0;0;4793;16;1.0;0.0
50;2021-01-18;619;0;5412;16;1.1;0.0
50;2021-01-19;892;1;6304;17;1.3;0.0
50;2021-01-20;965;0;7269;17;1.5;0.0
50;2021-01-21;917;4;8186;21;1.7;0.0
50;2021-01-22;713;2;8899;23;1.8;0.0
50;2021-01-23;667;4;9566;27;1.9;0.0
50;2021-01-24;880;2;10446;29;2.1;0.0
50;2021-01-25;2670;10;13116;39;2.7;0.0
50;2021-01-26;1335;13;14451;52;2.9;0.0
50;2021-01-27;747;55;15198;107;3.1;0.0
50;2021-01-28;718;169;15916;276;3.2;0.1
50;2021-01-29;580;306;16496;582;3.4;0.1
50;2021-01-30;381;165;16877;747;3.4;0.2
50;2021-01-31;0;0;16877;747;3.4;0.2
50;2021-02-01;449;225;17326;972;3.5;0.2
50;2021-02-02;416;236;17742;1208;3.6;0.2
50;2021-02-03;390;378;18132;1586;3.7;0.3
50;2021-02-04;483;453;18615;2039;3.8;0.4
50;2021-02-05;422;449;19037;2488;3.9;0.5
50;2021-02-06;178;114;19215;2602;3.9;0.5
50;2021-02-07;0;0;19215;2602;3.9;0.5
50;2021-02-08;255;509;19470;3111;4.0;0.6
50;2021-02-09;245;643;19715;3754;4.0;0.8
50;2021-02-10;570;557;20285;4311;4.1;0.9
50;2021-02-11;438;915;20723;5226;4.2;1.1
50;2021-02-12;328;672;21051;5898;4.3;1.2
50;2021-02-13;305;489;21356;6387;4.4;1.3
50;2021-02-14;185;826;21541;7213;4.4;1.5
50;2021-02-15;661;2021;22202;9234;4.5;1.9
50;2021-02-16;743;1623;22945;10857;4.7;2.2
50;2021-02-17;632;827;23577;11684;4.8;2.4
50;2021-02-18;570;810;24147;12494;4.9;2.5
50;2021-02-19;629;523;24776;13017;5.0;2.7
50;2021-02-20;423;193;25199;13210;5.1;2.7
50;2021-02-21;85;29;25284;13239;5.2;2.7
50;2021-02-22;291;727;25575;13966;5.2;2.8
50;2021-02-23;502;569;26077;14535;5.3;3.0
50;2021-02-24;623;570;26700;15105;5.4;3.1
50;2021-02-25;778;591;27478;15696;5.6;3.2
50;2021-02-26;999;399;28477;16095;5.8;3.3
50;2021-02-27;887;112;29364;16207;6.0;3.3
50;2021-02-28;111;0;29475;16207;6.0;3.3
50;2021-03-01;489;559;29964;16766;6.1;3.4
50;2021-03-02;650;519;30614;17285;6.2;3.5
50;2021-03-03;797;458;31411;17743;6.4;3.6
50;2021-03-04;1248;340;32659;18083;6.7;3.7
50;2021-03-05;1550;349;34209;18432;7.0;3.8
50;2021-03-06;1319;159;35528;18591;7.2;3.8
50;2021-03-07;549;43;36077;18634;7.4;3.8
50;2021-03-08;1024;619;37101;19253;7.6;3.9
50;2021-03-09;1554;575;38655;19828;7.9;4.0
50;2021-03-10;1605;322;40260;20150;8.2;4.1
50;2021-03-11;2352;352;42612;20502;8.7;4.2
50;2021-03-12;2866;244;45478;20746;9.3;4.2
50;2021-03-13;1991;134;47469;20880;9.7;4.3
50;2021-03-14;279;41;47748;20921;9.7;4.3
50;2021-03-15;1377;296;49125;21217;10.0;4.3
50;2021-03-16;1339;278;50464;21495;10.3;4.4
50;2021-03-17;1294;409;51758;21904;10.5;4.5
50;2021-03-18;1160;423;52918;22327;10.8;4.6
50;2021-03-19;1731;590;54649;22917;11.1;4.7
50;2021-03-20;1683;224;56332;23141;11.5;4.7
50;2021-03-21;794;10;57126;23151;11.6;4.7
50;2021-03-22;1507;335;58633;23486;11.9;4.8
50;2021-03-23;2069;395;60702;23881;12.4;4.9
50;2021-03-24;2278;553;62980;24434;12.8;5.0
50;2021-03-25;2808;465;65788;24899;13.4;5.1
50;2021-03-26;3205;464;68993;25363;14.1;5.2
50;2021-03-27;1823;375;70816;25738;14.4;5.2
50;2021-03-28;403;18;71219;25756;14.5;5.2
50;2021-03-29;2137;720;73356;26476;15.0;5.4
50;2021-03-30;2282;644;75638;27120;15.4;5.5
50;2021-03-31;2477;569;78115;27689;15.9;5.6
50;2021-04-01;3100;860;81215;28549;16.6;5.8
50;2021-04-02;2962;940;84177;29489;17.2;6.0
50;2021-04-03;1244;690;85421;30179;17.4;6.2
50;2021-04-04;321;134;85742;30313;17.5;6.2
50;2021-04-05;399;27;86141;30340;17.6;6.2
50;2021-04-06;2124;1223;88265;31563;18.0;6.4
50;2021-04-07;2559;1180;90824;32743;18.5;6.7
50;2021-04-08;3595;1219;94419;33962;19.2;6.9
50;2021-04-09;3933;1293;98352;35255;20.0;7.2
50;2021-04-10;2535;878;100887;36133;20.6;7.4
50;2021-04-11;411;147;101298;36280;20.6;7.4
50;2021-04-12;2438;1380;103736;37660;21.1;7.7
50;2021-04-13;2675;1535;106411;39195;21.7;8.0
50;2021-04-14;2608;1349;109019;40544;22.2;8.3
50;2021-04-15;3160;1110;112179;41654;22.9;8.5
50;2021-04-16;3364;1099;115543;42753;23.5;8.7
50;2021-04-17;2400;1183;117943;43936;24.0;9.0
50;2021-04-18;425;663;118368;44599;24.1;9.1
50;2021-04-19;2000;1475;120368;46074;24.5;9.4
50;2021-04-20;2277;1589;122645;47663;25.0;9.7
50;2021-04-21;2551;1759;125196;49422;25.5;10.1
50;2021-04-22;3078;1823;128274;51245;26.1;10.4
50;2021-04-23;2754;1906;131028;53151;26.7;10.8
50;2021-04-24;1897;1434;132925;54585;27.1;11.1
50;2021-04-25;470;272;133395;54857;27.2;11.2
50;2021-04-26;2120;1889;135515;56746;27.6;11.6
50;2021-04-27;2409;1999;137924;58745;28.1;12.0
50;2021-04-28;2707;1968;140631;60713;28.7;12.4
50;2021-04-29;3285;2037;143916;62750;29.3;12.8
50;2021-04-30;2997;1927;146913;64677;29.9;13.2
50;2021-05-01;1013;592;147926;65269;30.1;13.3
50;2021-05-02;523;448;148449;65717;30.3;13.4
50;2021-05-03;1767;1805;150216;67522;30.6;13.8
50;2021-05-04;1772;2321;151988;69843;31.0;14.2
50;2021-05-05;1660;2952;153648;72795;31.3;14.8
50;2021-05-06;2531;2580;156179;75375;31.8;15.4
50;2021-05-07;2150;2860;158329;78235;32.3;15.9
50;2021-05-08;1167;790;159496;79025;32.5;16.1
50;2021-05-09;624;361;160120;79386;32.6;16.2
50;2021-05-10;1705;2603;161825;81989;33.0;16.7
50;2021-05-11;2543;2845;164368;84834;33.5;17.3
50;2021-05-12;3177;2437;167545;87271;34.1;17.8
50;2021-05-13;3381;610;170926;87881;34.8;17.9
50;2021-05-14;3570;2278;174496;90159;35.6;18.4
50;2021-05-15;3998;1872;178494;92031;36.4;18.8
50;2021-05-16;946;267;179440;92298;36.6;18.8
50;2021-05-17;2138;1876;181578;94174;37.0;19.2
50;2021-05-18;2522;1621;184100;95795;37.5;19.5
50;2021-05-19;2504;1440;186604;97235;38.0;19.8
50;2021-05-20;3250;1623;189854;98858;38.7;20.1
50;2021-05-21;3158;1912;193012;100770;39.3;20.5
50;2021-05-22;2651;1327;195663;102097;39.9;20.8
50;2021-05-23;604;285;196267;102382;40.0;20.9
50;2021-05-24;1527;489;197794;102871;40.3;21.0
50;2021-05-25;2449;1675;200243;104546;40.8;21.3
50;2021-05-26;2991;1448;203234;105994;41.4;21.6
50;2021-05-27;3028;1970;206262;107964;42.0;22.0
50;2021-05-28;2946;2122;209208;110086;42.6;22.4
50;2021-05-29;2758;1402;211966;111488;43.2;22.7
50;2021-05-30;812;323;212778;111811;43.4;22.8
50;2021-05-31;2651;1815;215429;113626;43.9;23.2
50;2021-06-01;3332;2065;218761;115691;44.6;23.6
50;2021-06-02;3258;1787;222019;117478;45.2;23.9
50;2021-06-03;3911;2061;225930;119539;46.0;24.4
50;2021-06-04;3823;2881;229753;122420;46.8;24.9
50;2021-06-05;2959;1847;232712;124267;47.4;25.3
50;2021-06-06;813;444;233525;124711;47.6;25.4
50;2021-06-07;3514;2081;237039;126792;48.3;25.8
50;2021-06-08;4072;2224;241111;129016;49.1;26.3
50;2021-06-09;4252;1989;245363;131005;50.0;26.7
50;2021-06-10;4191;2113;249554;133118;50.9;27.1
50;2021-06-11;4224;2710;253778;135828;51.7;27.7
50;2021-06-12;3735;1605;257513;137433;52.5;28.0
50;2021-06-13;1142;451;258655;137884;52.7;28.1
50;2021-06-14;2689;2965;261344;140849;53.3;28.7
50;2021-06-15;3019;2602;264363;143451;53.9;29.2
50;2021-06-16;3098;1969;267461;145420;54.5;29.6
50;2021-06-17;2794;2483;270255;147903;55.1;30.1
50;2021-06-18;3237;3041;273492;150944;55.7;30.8
50;2021-06-19;3176;1920;276668;152864;56.4;31.2
50;2021-06-20;731;710;277399;153574;56.5;31.3
50;2021-06-21;1817;3133;279216;156707;56.9;31.9
50;2021-06-22;2062;3392;281278;160099;57.3;32.6
50;2021-06-23;1866;3872;283144;163971;57.7;33.4
50;2021-06-24;1712;4012;284856;167983;58.1;34.2
50;2021-06-25;2130;4006;286986;171989;58.5;35.1
50;2021-06-26;2136;3698;289122;175687;58.9;35.8
50;2021-06-27;612;893;289734;176580;59.0;36.0
50;2021-06-28;1925;3354;291659;179934;59.4;36.7
50;2021-06-29;1875;3396;293534;183330;59.8;37.4
50;2021-06-30;2168;3404;295702;186734;60.3;38.1
50;2021-07-01;1938;3273;297640;190007;60.7;38.7
50;2021-07-02;1887;3933;299527;193940;61.0;39.5
50;2021-07-03;1439;3448;300966;197388;61.3;40.2
50;2021-07-04;444;1069;301410;198457;61.4;40.4
50;2021-07-05;1262;3412;302672;201869;61.7;41.1
50;2021-07-06;1557;3892;304229;205761;62.0;41.9
50;2021-07-07;1782;3624;306011;209385;62.4;42.7
50;2021-07-08;1361;4108;307372;213493;62.6;43.5
50;2021-07-09;1383;4588;308755;218081;62.9;44.4
50;2021-07-10;1013;3612;309768;221693;63.1;45.2
50;2021-07-11;366;1022;310134;222715;63.2;45.4
50;2021-07-12;1302;4638;311436;227353;63.5;46.3
50;2021-07-13;1608;4874;313044;232227;63.8;47.3
50;2021-07-14;1471;2359;314515;234586;64.1;47.8
50;2021-07-15;1666;5063;316181;239649;64.4;48.8
50;2021-07-16;2960;5252;319141;244901;65.0;49.9
50;2021-07-17;2126;3732;321267;248633;65.5;50.7
50;2021-07-18;401;1093;321668;249726;65.6;50.9
50;2021-07-19;1558;5189;323226;254915;65.9;52.0
50;2021-07-20;1917;5418;325143;260333;66.3;53.1
50;2021-07-21;1776;5265;326919;265598;66.6;54.1
50;2021-07-22;1919;5002;328838;270600;67.0;55.1
50;2021-07-23;2053;5391;330891;275991;67.4;56.2
50;2021-07-24;1303;3839;332194;279830;67.7;57.0
50;2021-07-25;267;1040;332461;280870;67.8;57.2
50;2021-07-26;2271;3496;334732;284366;68.2;58.0
50;2021-07-27;2877;3351;337609;287717;68.8;58.6
50;2021-07-28;2966;3677;340575;291394;69.4;59.4
50;2021-07-29;3541;3230;344116;294624;70.1;60.0
50;2021-07-30;3040;3001;347156;297625;70.8;60.7
50;2021-07-31;2371;2666;349527;300291;71.2;61.2
50;2021-08-01;481;682;350008;300973;71.3;61.3
50;2021-08-02;2442;2733;352450;303706;71.8;61.9
50;2021-08-03;3358;2448;355808;306154;72.5;62.4
51;2020-12-27;0;0;0;0;0.0;0.0
51;2020-12-28;0;0;0;0;0.0;0.0
51;2020-12-29;0;0;0;0;0.0;0.0
51;2020-12-30;0;0;0;0;0.0;0.0
51;2020-12-31;1;0;1;0;0.0;0.0
51;2021-01-01;0;0;1;0;0.0;0.0
51;2021-01-02;0;0;1;0;0.0;0.0
51;2021-01-03;0;0;1;0;0.0;0.0
51;2021-01-04;1;0;2;0;0.0;0.0
51;2021-01-05;1;0;3;0;0.0;0.0
51;2021-01-06;6;0;9;0;0.0;0.0
51;2021-01-07;261;1;270;1;0.0;0.0
51;2021-01-08;506;1;776;2;0.1;0.0
51;2021-01-09;91;0;867;2;0.2;0.0
51;2021-01-10;0;0;867;2;0.2;0.0
51;2021-01-11;544;2;1411;4;0.3;0.0
51;2021-01-12;1535;4;2946;8;0.5;0.0
51;2021-01-13;1288;5;4234;13;0.8;0.0
51;2021-01-14;1465;6;5699;19;1.0;0.0
51;2021-01-15;605;3;6304;22;1.1;0.0
51;2021-01-16;177;1;6481;23;1.1;0.0
51;2021-01-17;101;0;6582;23;1.2;0.0
51;2021-01-18;843;3;7425;26;1.3;0.0
51;2021-01-19;997;4;8422;30;1.5;0.0
51;2021-01-20;954;7;9376;37;1.7;0.0
51;2021-01-21;790;2;10166;39;1.8;0.0
51;2021-01-22;392;2;10558;41;1.9;0.0
51;2021-01-23;294;0;10852;41;1.9;0.0
51;2021-01-24;130;1;10982;42;1.9;0.0
51;2021-01-25;712;2;11694;44;2.1;0.0
51;2021-01-26;778;5;12472;49;2.2;0.0
51;2021-01-27;656;3;13128;52;2.3;0.0
51;2021-01-28;644;70;13772;122;2.4;0.0
51;2021-01-29;472;142;14244;264;2.5;0.0
51;2021-01-30;126;5;14370;269;2.5;0.0
51;2021-01-31;83;0;14453;269;2.6;0.0
51;2021-02-01;275;58;14728;327;2.6;0.1
51;2021-02-02;738;722;15466;1049;2.7;0.2
51;2021-02-03;642;470;16108;1519;2.9;0.3
51;2021-02-04;970;822;17078;2341;3.0;0.4
51;2021-02-05;972;514;18050;2855;3.2;0.5
51;2021-02-06;30;149;18080;3004;3.2;0.5
51;2021-02-07;0;18;18080;3022;3.2;0.5
51;2021-02-08;115;415;18195;3437;3.2;0.6
51;2021-02-09;222;472;18417;3909;3.3;0.7
51;2021-02-10;219;640;18636;4549;3.3;0.8
51;2021-02-11;298;528;18934;5077;3.4;0.9
51;2021-02-12;340;565;19274;5642;3.4;1.0
51;2021-02-13;8;117;19282;5759;3.4;1.0
51;2021-02-14;8;171;19290;5930;3.4;1.1
51;2021-02-15;265;854;19555;6784;3.5;1.2
51;2021-02-16;400;972;19955;7756;3.5;1.4
51;2021-02-17;367;881;20322;8637;3.6;1.5
51;2021-02-18;436;594;20758;9231;3.7;1.6
51;2021-02-19;529;422;21287;9653;3.8;1.7
51;2021-02-20;205;296;21492;9949;3.8;1.8
51;2021-02-21;10;101;21502;10050;3.8;1.8
51;2021-02-22;195;691;21697;10741;3.8;1.9
51;2021-02-23;261;1100;21958;11841;3.9;2.1
51;2021-02-24;413;697;22371;12538;4.0;2.2
51;2021-02-25;1050;885;23421;13423;4.2;2.4
51;2021-02-26;1225;664;24646;14087;4.4;2.5
51;2021-02-27;590;124;25236;14211;4.5;2.5
51;2021-02-28;7;71;25243;14282;4.5;2.5
51;2021-03-01;766;310;26009;14592;4.6;2.6
51;2021-03-02;1125;450;27134;15042;4.8;2.7
51;2021-03-03;1193;463;28327;15505;5.0;2.7
51;2021-03-04;1058;702;29385;16207;5.2;2.9
51;2021-03-05;1559;671;30944;16878;5.5;3.0
51;2021-03-06;1433;52;32377;16930;5.7;3.0
51;2021-03-07;250;4;32627;16934;5.8;3.0
51;2021-03-08;992;97;33619;17031;6.0;3.0
51;2021-03-09;1663;180;35282;17211;6.3;3.1
51;2021-03-10;1993;103;37275;17314;6.6;3.1
51;2021-03-11;2370;163;39645;17477;7.0;3.1
51;2021-03-12;3249;153;42894;17630;7.6;3.1
51;2021-03-13;2550;46;45444;17676;8.1;3.1
51;2021-03-14;190;5;45634;17681;8.1;3.1
51;2021-03-15;1576;144;47210;17825;8.4;3.2
51;2021-03-16;1478;183;48688;18008;8.6;3.2
51;2021-03-17;1496;204;50184;18212;8.9;3.2
51;2021-03-18;1612;282;51796;18494;9.2;3.3
51;2021-03-19;2310;297;54106;18791;9.6;3.3
51;2021-03-20;1660;212;55766;19003;9.9;3.4
51;2021-03-21;133;1;55899;19004;9.9;3.4
51;2021-03-22;1415;118;57314;19122;10.2;3.4
51;2021-03-23;2466;156;59780;19278;10.6;3.4
51;2021-03-24;2840;126;62620;19404;11.1;3.4
51;2021-03-25;3252;329;65872;19733;11.7;3.5
51;2021-03-26;3410;498;69282;20231;12.3;3.6
51;2021-03-27;1843;251;71125;20482;12.6;3.6
51;2021-03-28;213;2;71338;20484;12.7;3.6
51;2021-03-29;991;641;72329;21125;12.8;3.7
51;2021-03-30;1751;854;74080;21979;13.1;3.9
51;2021-03-31;1735;757;75815;22736;13.4;4.0
51;2021-04-01;2282;441;78097;23177;13.9;4.1
51;2021-04-02;2425;637;80522;23814;14.3;4.2
51;2021-04-03;1303;409;81825;24223;14.5;4.3
51;2021-04-04;106;2;81931;24225;14.5;4.3
51;2021-04-05;72;141;82003;24366;14.5;4.3
51;2021-04-06;764;1236;82767;25602;14.7;4.5
51;2021-04-07;1313;1410;84080;27012;14.9;4.8
51;2021-04-08;2206;1768;86286;28780;15.3;5.1
51;2021-04-09;2863;1732;89149;30512;15.8;5.4
51;2021-04-10;2216;495;91365;31007;16.2;5.5
51;2021-04-11;105;85;91470;31092;16.2;5.5
51;2021-04-12;1449;1342;92919;32434;16.5;5.8
51;2021-04-13;1937;1683;94856;34117;16.8;6.1
51;2021-04-14;2459;1550;97315;35667;17.3;6.3
51;2021-04-15;2853;1666;100168;37333;17.8;6.6
51;2021-04-16;3214;1603;103382;38936;18.3;6.9
51;2021-04-17;1966;775;105348;39711;18.7;7.0
51;2021-04-18;296;109;105644;39820;18.7;7.1
51;2021-04-19;1562;1159;107206;40979;19.0;7.3
51;2021-04-20;1792;1660;108998;42639;19.3;7.6
51;2021-04-21;2007;1738;111005;44377;19.7;7.9
51;2021-04-22;2385;1650;113390;46027;20.1;8.2
51;2021-04-23;2978;1827;116368;47854;20.6;8.5
51;2021-04-24;1749;951;118117;48805;20.9;8.7
51;2021-04-25;123;162;118240;48967;21.0;8.7
51;2021-04-26;1849;760;120089;49727;21.3;8.8
51;2021-04-27;2442;1231;122531;50958;21.7;9.0
51;2021-04-28;2551;1307;125082;52265;22.2;9.3
51;2021-04-29;2674;1460;127756;53725;22.7;9.5
51;2021-04-30;2975;1672;130731;55397;23.2;9.8
51;2021-05-01;1454;412;132185;55809;23.4;9.9
51;2021-05-02;107;99;132292;55908;23.5;9.9
51;2021-05-03;2485;759;134777;56667;23.9;10.1
51;2021-05-04;2787;1349;137564;58016;24.4;10.3
51;2021-05-05;2858;1637;140422;59653;24.9;10.6
51;2021-05-06;5344;1941;145766;61594;25.9;10.9
51;2021-05-07;3703;1933;149469;63527;26.5;11.3
51;2021-05-08;2859;821;152328;64348;27.0;11.4
51;2021-05-09;211;89;152539;64437;27.1;11.4
51;2021-05-10;3215;1862;155754;66299;27.6;11.8
51;2021-05-11;3628;2039;159382;68338;28.3;12.1
51;2021-05-12;4184;2238;163566;70576;29.0;12.5
51;2021-05-13;1777;502;165343;71078;29.3;12.6
51;2021-05-14;5403;1744;170746;72822;30.3;12.9
51;2021-05-15;4227;1352;174973;74174;31.0;13.2
51;2021-05-16;284;46;175257;74220;31.1;13.2
51;2021-05-17;3132;1527;178389;75747;31.6;13.4
51;2021-05-18;3917;1770;182306;77517;32.3;13.7
51;2021-05-19;4015;1731;186321;79248;33.0;14.1
51;2021-05-20;4648;1969;190969;81217;33.9;14.4
51;2021-05-21;3595;2481;194564;83698;34.5;14.8
51;2021-05-22;2076;1548;196640;85246;34.9;15.1
51;2021-05-23;307;210;196947;85456;34.9;15.2
51;2021-05-24;2018;720;198965;86176;35.3;15.3
51;2021-05-25;3128;1828;202093;88004;35.8;15.6
51;2021-05-26;3296;1707;205389;89711;36.4;15.9
51;2021-05-27;3270;2062;208659;91773;37.0;16.3
51;2021-05-28;3605;2826;212264;94599;37.6;16.8
51;2021-05-29;2403;1997;214667;96596;38.1;17.1
51;2021-05-30;400;133;215067;96729;38.1;17.2
51;2021-05-31;3350;1782;218417;98511;38.7;17.5
51;2021-06-01;3854;2332;222271;100843;39.4;17.9
51;2021-06-02;6096;2324;228367;103167;40.5;18.3
51;2021-06-03;3579;2429;231946;105596;41.1;18.7
51;2021-06-04;6347;2945;238293;108541;42.3;19.3
51;2021-06-05;2597;1819;240890;110360;42.7;19.6
51;2021-06-06;171;156;241061;110516;42.8;19.6
51;2021-06-07;4300;2167;245361;112683;43.5;20.0
51;2021-06-08;3924;2532;249285;115215;44.2;20.4
51;2021-06-09;4018;2749;253303;117964;44.9;20.9
51;2021-06-10;3201;2482;256504;120446;45.5;21.4
51;2021-06-11;3356;3425;259860;123871;46.1;22.0
51;2021-06-12;2165;2173;262025;126044;46.5;22.4
51;2021-06-13;191;148;262216;126192;46.5;22.4
51;2021-06-14;1626;3337;263842;129529;46.8;23.0
51;2021-06-15;3186;3577;267028;133106;47.4;23.6
51;2021-06-16;2205;3684;269233;136790;47.8;24.3
51;2021-06-17;2606;5405;271839;142195;48.2;25.2
51;2021-06-18;2358;5214;274197;147409;48.6;26.1
51;2021-06-19;1684;4428;275881;151837;48.9;26.9
51;2021-06-20;184;228;276065;152065;49.0;27.0
51;2021-06-21;1230;4442;277295;156507;49.2;27.8
51;2021-06-22;1556;4043;278851;160550;49.5;28.5
51;2021-06-23;3659;4232;282510;164782;50.1;29.2
51;2021-06-24;2242;3228;284752;168010;50.5;29.8
51;2021-06-25;1906;6523;286658;174533;50.8;31.0
51;2021-06-26;1199;5068;287857;179601;51.1;31.9
51;2021-06-27;103;336;287960;179937;51.1;31.9
51;2021-06-28;1400;4407;289360;184344;51.3;32.7
51;2021-06-29;1170;4464;290530;188808;51.5;33.5
51;2021-06-30;1682;6041;292212;194849;51.8;34.6
51;2021-07-01;1970;3764;294182;198613;52.2;35.2
51;2021-07-02;1831;6886;296013;205499;52.5;36.4
51;2021-07-03;1003;3199;297016;208698;52.7;37.0
51;2021-07-04;170;254;297186;208952;52.7;37.1
51;2021-07-05;764;5530;297950;214482;52.8;38.0
51;2021-07-06;1245;4783;299195;219265;53.1;38.9
51;2021-07-07;1604;4947;300799;224212;53.3;39.8
51;2021-07-08;2059;3428;302858;227640;53.7;40.4
51;2021-07-09;1853;5057;304711;232697;54.0;41.3
51;2021-07-10;1223;3210;305934;235907;54.3;41.8
51;2021-07-11;187;280;306121;236187;54.3;41.9
51;2021-07-12;991;4382;307112;240569;54.5;42.7
51;2021-07-13;1468;4782;308580;245351;54.7;43.5
51;2021-07-14;1062;1685;309642;247036;54.9;43.8
51;2021-07-15;2916;4910;312558;251946;55.4;44.7
51;2021-07-16;2347;5286;314905;257232;55.9;45.6
51;2021-07-17;1806;3485;316711;260717;56.2;46.2
51;2021-07-18;162;329;316873;261046;56.2;46.3
51;2021-07-19;1885;3979;318758;265025;56.5;47.0
51;2021-07-20;2574;5145;321332;270170;57.0;47.9
51;2021-07-21;3600;4057;324932;274227;57.6;48.6
51;2021-07-22;4383;3749;329315;277976;58.4;49.3
51;2021-07-23;3622;4382;332937;282358;59.0;50.1
51;2021-07-24;2072;2716;335009;285074;59.4;50.6
51;2021-07-25;348;257;335357;285331;59.5;50.6
51;2021-07-26;3101;2798;338458;288129;60.0;51.1
51;2021-07-27;5807;3247;344265;291376;61.1;51.7
51;2021-07-28;4118;4305;348383;295681;61.8;52.4
51;2021-07-29;4672;2707;353055;298388;62.6;52.9
51;2021-07-30;3589;3145;356644;301533;63.3;53.5
51;2021-07-31;2507;2114;359151;303647;63.7;53.9
51;2021-08-01;367;231;359518;303878;63.8;53.9
51;2021-08-02;3264;2299;362782;306177;64.3;54.3
51;2021-08-03;3753;1885;366535;308062;65.0;54.6
52;2020-12-27;0;0;0;0;0.0;0.0
52;2020-12-28;0;0;0;0;0.0;0.0
52;2020-12-29;0;0;0;0;0.0;0.0
52;2020-12-30;0;0;0;0;0.0;0.0
52;2020-12-31;0;0;0;0;0.0;0.0
52;2021-01-01;0;0;0;0;0.0;0.0
52;2021-01-02;0;0;0;0;0.0;0.0
52;2021-01-03;0;0;0;0;0.0;0.0
52;2021-01-04;0;0;0;0;0.0;0.0
52;2021-01-05;0;0;0;0;0.0;0.0
52;2021-01-06;2;0;2;0;0.0;0.0
52;2021-01-07;0;0;2;0;0.0;0.0
52;2021-01-08;201;1;203;1;0.1;0.0
52;2021-01-09;93;0;296;1;0.2;0.0
52;2021-01-10;0;0;296;1;0.2;0.0
52;2021-01-11;206;0;502;1;0.3;0.0
52;2021-01-12;171;0;673;1;0.4;0.0
52;2021-01-13;562;2;1235;3;0.7;0.0
52;2021-01-14;677;8;1912;11;1.1;0.0
52;2021-01-15;411;1;2323;12;1.4;0.0
52;2021-01-16;16;1;2339;13;1.4;0.0
52;2021-01-17;0;0;2339;13;1.4;0.0
52;2021-01-18;426;0;2765;13;1.6;0.0
52;2021-01-19;439;0;3204;13;1.9;0.0
52;2021-01-20;420;0;3624;13;2.1;0.0
52;2021-01-21;424;1;4048;14;2.4;0.0
52;2021-01-22;321;0;4369;14;2.6;0.0
52;2021-01-23;72;0;4441;14;2.6;0.0
52;2021-01-24;0;0;4441;14;2.6;0.0
52;2021-01-25;235;0;4676;14;2.8;0.0
52;2021-01-26;306;1;4982;15;2.9;0.0
52;2021-01-27;237;1;5219;16;3.1;0.0
52;2021-01-28;174;4;5393;20;3.2;0.0
52;2021-01-29;74;124;5467;144;3.2;0.1
52;2021-01-30;91;95;5558;239;3.3;0.1
52;2021-01-31;0;0;5558;239;3.3;0.1
52;2021-02-01;117;193;5675;432;3.4;0.3
52;2021-02-02;61;178;5736;610;3.4;0.4
52;2021-02-03;90;416;5826;1026;3.4;0.6
52;2021-02-04;231;597;6057;1623;3.6;1.0
52;2021-02-05;113;505;6170;2128;3.6;1.3
52;2021-02-06;22;0;6192;2128;3.7;1.3
52;2021-02-07;0;1;6192;2129;3.7;1.3
52;2021-02-08;34;207;6226;2336;3.7;1.4
52;2021-02-09;47;216;6273;2552;3.7;1.5
52;2021-02-10;88;191;6361;2743;3.8;1.6
52;2021-02-11;129;146;6490;2889;3.8;1.7
52;2021-02-12;188;130;6678;3019;3.9;1.8
52;2021-02-13;5;1;6683;3020;3.9;1.8
52;2021-02-14;0;16;6683;3036;3.9;1.8
52;2021-02-15;80;277;6763;3313;4.0;2.0
52;2021-02-16;50;357;6813;3670;4.0;2.2
52;2021-02-17;37;316;6850;3986;4.0;2.4
52;2021-02-18;82;281;6932;4267;4.1;2.5
52;2021-02-19;51;193;6983;4460;4.1;2.6
52;2021-02-20;14;111;6997;4571;4.1;2.7
52;2021-02-21;0;0;6997;4571;4.1;2.7
52;2021-02-22;42;384;7039;4955;4.2;2.9
52;2021-02-23;56;277;7095;5232;4.2;3.1
52;2021-02-24;82;248;7177;5480;4.2;3.2
52;2021-02-25;161;236;7338;5716;4.3;3.4
52;2021-02-26;296;182;7634;5898;4.5;3.5
52;2021-02-27;149;49;7783;5947;4.6;3.5
52;2021-02-28;0;0;7783;5947;4.6;3.5
52;2021-03-01;163;14;7946;5961;4.7;3.5
52;2021-03-02;196;51;8142;6012;4.8;3.6
52;2021-03-03;356;35;8498;6047;5.0;3.6
52;2021-03-04;377;57;8875;6104;5.2;3.6
52;2021-03-05;531;52;9406;6156;5.6;3.6
52;2021-03-06;409;35;9815;6191;5.8;3.7
52;2021-03-07;0;0;9815;6191;5.8;3.7
52;2021-03-08;397;111;10212;6302;6.0;3.7
52;2021-03-09;550;105;10762;6407;6.4;3.8
52;2021-03-10;308;108;11070;6515;6.5;3.8
52;2021-03-11;585;35;11655;6550;6.9;3.9
52;2021-03-12;581;64;12236;6614;7.2;3.9
52;2021-03-13;490;6;12726;6620;7.5;3.9
52;2021-03-14;15;3;12741;6623;7.5;3.9
52;2021-03-15;316;25;13057;6648;7.7;3.9
52;2021-03-16;203;15;13260;6663;7.8;3.9
52;2021-03-17;362;13;13622;6676;8.0;3.9
52;2021-03-18;442;8;14064;6684;8.3;3.9
52;2021-03-19;450;53;14514;6737;8.6;4.0
52;2021-03-20;259;11;14773;6748;8.7;4.0
52;2021-03-21;15;1;14788;6749;8.7;4.0
52;2021-03-22;375;48;15163;6797;9.0;4.0
52;2021-03-23;682;89;15845;6886;9.4;4.1
52;2021-03-24;771;69;16616;6955;9.8;4.1
52;2021-03-25;1138;82;17754;7037;10.5;4.2
52;2021-03-26;1030;138;18784;7175;11.1;4.2
52;2021-03-27;476;75;19260;7250;11.4;4.3
52;2021-03-28;53;0;19313;7250;11.4;4.3
52;2021-03-29;506;186;19819;7436;11.7;4.4
52;2021-03-30;867;289;20686;7725;12.2;4.6
52;2021-03-31;957;290;21643;8015;12.8;4.7
52;2021-04-01;1146;177;22789;8192;13.5;4.8
52;2021-04-02;958;101;23747;8293;14.0;4.9
52;2021-04-03;459;3;24206;8296;14.3;4.9
52;2021-04-04;1;1;24207;8297;14.3;4.9
52;2021-04-05;1;0;24208;8297;14.3;4.9
52;2021-04-06;430;293;24638;8590;14.6;5.1
52;2021-04-07;503;450;25141;9040;14.9;5.3
52;2021-04-08;844;209;25985;9249;15.4;5.5
52;2021-04-09;1060;125;27045;9374;16.0;5.5
52;2021-04-10;852;100;27897;9474;16.5;5.6
52;2021-04-11;96;1;27993;9475;16.5;5.6
52;2021-04-12;931;275;28924;9750;17.1;5.8
52;2021-04-13;1247;375;30171;10125;17.8;6.0
52;2021-04-14;1345;452;31516;10577;18.6;6.2
52;2021-04-15;1511;434;33027;11011;19.5;6.5
52;2021-04-16;1573;365;34600;11376;20.4;6.7
52;2021-04-17;1308;128;35908;11504;21.2;6.8
52;2021-04-18;510;29;36418;11533;21.5;6.8
52;2021-04-19;697;611;37115;12144;21.9;7.2
52;2021-04-20;1078;672;38193;12816;22.6;7.6
52;2021-04-21;1059;676;39252;13492;23.2;8.0
52;2021-04-22;1468;730;40720;14222;24.1;8.4
52;2021-04-23;1255;659;41975;14881;24.8;8.8
52;2021-04-24;477;293;42452;15174;25.1;9.0
52;2021-04-25;3;77;42455;15251;25.1;9.0
52;2021-04-26;631;559;43086;15810;25.5;9.3
52;2021-04-27;933;671;44019;16481;26.0;9.7
52;2021-04-28;1440;559;45459;17040;26.9;10.1
52;2021-04-29;1451;574;46910;17614;27.7;10.4
52;2021-04-30;1315;605;48225;18219;28.5;10.8
52;2021-05-01;8;232;48233;18451;28.5;10.9
52;2021-05-02;0;1;48233;18452;28.5;10.9
52;2021-05-03;1160;627;49393;19079;29.2;11.3
52;2021-05-04;1445;720;50838;19799;30.0;11.7
52;2021-05-05;1769;647;52607;20446;31.1;12.1
52;2021-05-06;1975;509;54582;20955;32.2;12.4
52;2021-05-07;1443;1163;56025;22118;33.1;13.1
52;2021-05-08;588;317;56613;22435;33.4;13.3
52;2021-05-09;1;47;56614;22482;33.4;13.3
52;2021-05-10;791;1101;57405;23583;33.9;13.9
52;2021-05-11;868;1395;58273;24978;34.4;14.8
52;2021-05-12;1208;1382;59481;26360;35.1;15.6
52;2021-05-13;67;184;59548;26544;35.2;15.7
52;2021-05-14;1185;1364;60733;27908;35.9;16.5
52;2021-05-15;492;929;61225;28837;36.2;17.0
52;2021-05-16;8;43;61233;28880;36.2;17.1
52;2021-05-17;1144;706;62377;29586;36.9;17.5
52;2021-05-18;1217;672;63594;30258;37.6;17.9
52;2021-05-19;1543;415;65137;30673;38.5;18.1
52;2021-05-20;1545;420;66682;31093;39.4;18.4
52;2021-05-21;1624;613;68306;31706;40.4;18.7
52;2021-05-22;1088;208;69394;31914;41.0;18.9
52;2021-05-23;1;0;69395;31914;41.0;18.9
52;2021-05-24;403;33;69798;31947;41.2;18.9
52;2021-05-25;1351;384;71149;32331;42.0;19.1
52;2021-05-26;1479;671;72628;33002;42.9;19.5
52;2021-05-27;1566;789;74194;33791;43.8;20.0
52;2021-05-28;1491;671;75685;34462;44.7;20.4
52;2021-05-29;696;835;76381;35297;45.1;20.9
52;2021-05-30;16;550;76397;35847;45.1;21.2
52;2021-05-31;823;830;77220;36677;45.6;21.7
52;2021-06-01;957;815;78177;37492;46.2;22.2
52;2021-06-02;895;753;79072;38245;46.7;22.6
52;2021-06-03;825;825;79897;39070;47.2;23.1
52;2021-06-04;884;1341;80781;40411;47.7;23.9
52;2021-06-05;579;638;81360;41049;48.1;24.3
52;2021-06-06;27;55;81387;41104;48.1;24.3
52;2021-06-07;359;931;81746;42035;48.3;24.8
52;2021-06-08;553;1467;82299;43502;48.6;25.7
52;2021-06-09;613;1474;82912;44976;49.0;26.6
52;2021-06-10;793;1158;83705;46134;49.5;27.3
52;2021-06-11;829;1349;84534;47483;49.9;28.1
52;2021-06-12;422;586;84956;48069;50.2;28.4
52;2021-06-13;1;6;84957;48075;50.2;28.4
52;2021-06-14;171;1413;85128;49488;50.3;29.2
52;2021-06-15;221;1810;85349;51298;50.4;30.3
52;2021-06-16;354;1995;85703;53293;50.6;31.5
52;2021-06-17;265;1156;85968;54449;50.8;32.2
52;2021-06-18;306;1553;86274;56002;51.0;33.1
52;2021-06-19;502;690;86776;56692;51.3;33.5
52;2021-06-20;0;17;86776;56709;51.3;33.5
52;2021-06-21;524;896;87300;57605;51.6;34.0
52;2021-06-22;503;1048;87803;58653;51.9;34.7
52;2021-06-23;556;1043;88359;59696;52.2;35.3
52;2021-06-24;607;717;88966;60413;52.6;35.7
52;2021-06-25;659;1312;89625;61725;53.0;36.5
52;2021-06-26;264;721;89889;62446;53.1;36.9
52;2021-06-27;1;8;89890;62454;53.1;36.9
52;2021-06-28;182;1443;90072;63897;53.2;37.8
52;2021-06-29;163;1414;90235;65311;53.3;38.6
52;2021-06-30;216;1468;90451;66779;53.4;39.5
52;2021-07-01;316;1023;90767;67802;53.6;40.1
52;2021-07-02;430;1454;91197;69256;53.9;40.9
52;2021-07-03;301;1148;91498;70404;54.1;41.6
52;2021-07-04;0;11;91498;70415;54.1;41.6
52;2021-07-05;172;1455;91670;71870;54.2;42.5
52;2021-07-06;284;1453;91954;73323;54.3;43.3
52;2021-07-07;304;1165;92258;74488;54.5;44.0
52;2021-07-08;471;1163;92729;75651;54.8;44.7
52;2021-07-09;287;1621;93016;77272;55.0;45.7
52;2021-07-10;147;822;93163;78094;55.0;46.1
52;2021-07-11;11;12;93174;78106;55.1;46.1
52;2021-07-12;282;1467;93456;79573;55.2;47.0
52;2021-07-13;589;1371;94045;80944;55.6;47.8
52;2021-07-14;436;151;94481;81095;55.8;47.9
52;2021-07-15;591;1431;95072;82526;56.2;48.8
52;2021-07-16;889;1340;95961;83866;56.7;49.6
52;2021-07-17;527;340;96488;84206;57.0;49.8
52;2021-07-18;3;12;96491;84218;57.0;49.8
52;2021-07-19;681;985;97172;85203;57.4;50.3
52;2021-07-20;1097;834;98269;86037;58.1;50.8
52;2021-07-21;1145;735;99414;86772;58.7;51.3
52;2021-07-22;1426;860;100840;87632;59.6;51.8
52;2021-07-23;1383;955;102223;88587;60.4;52.3
52;2021-07-24;872;487;103095;89074;60.9;52.6
52;2021-07-25;20;21;103115;89095;60.9;52.6
52;2021-07-26;995;615;104110;89710;61.5;53.0
52;2021-07-27;1325;654;105435;90364;62.3;53.4
52;2021-07-28;1373;640;106808;91004;63.1;53.8
52;2021-07-29;1244;618;108052;91622;63.8;54.1
52;2021-07-30;1350;706;109402;92328;64.6;54.6
52;2021-07-31;869;543;110271;92871;65.2;54.9
52;2021-08-01;5;14;110276;92885;65.2;54.9
52;2021-08-02;1171;561;111447;93446;65.8;55.2
52;2021-08-03;1345;527;112792;93973;66.6;55.5
53;2020-12-27;0;0;0;0;0.0;0.0
53;2020-12-28;0;0;0;0;0.0;0.0
53;2020-12-29;0;0;0;0;0.0;0.0
53;2020-12-30;0;0;0;0;0.0;0.0
53;2020-12-31;0;0;0;0;0.0;0.0
53;2021-01-01;0;0;0;0;0.0;0.0
53;2021-01-02;0;0;0;0;0.0;0.0
53;2021-01-03;0;0;0;0;0.0;0.0
53;2021-01-04;0;0;0;0;0.0;0.0
53;2021-01-05;0;0;0;0;0.0;0.0
53;2021-01-06;0;0;0;0;0.0;0.0
53;2021-01-07;102;0;102;0;0.0;0.0
53;2021-01-08;284;1;386;1;0.1;0.0
53;2021-01-09;134;1;520;2;0.2;0.0
53;2021-01-10;15;0;535;2;0.2;0.0
53;2021-01-11;176;0;711;2;0.2;0.0
53;2021-01-12;453;1;1164;3;0.4;0.0
53;2021-01-13;252;0;1416;3;0.5;0.0
53;2021-01-14;289;7;1705;10;0.6;0.0
53;2021-01-15;343;4;2048;14;0.7;0.0
53;2021-01-16;61;0;2109;14;0.7;0.0
53;2021-01-17;24;1;2133;15;0.7;0.0
53;2021-01-18;364;0;2497;15;0.8;0.0
53;2021-01-19;593;0;3090;15;1.0;0.0
53;2021-01-20;742;0;3832;15;1.3;0.0
53;2021-01-21;769;2;4601;17;1.5;0.0
53;2021-01-22;705;2;5306;19;1.7;0.0
53;2021-01-23;160;1;5466;20;1.8;0.0
53;2021-01-24;6;0;5472;20;1.8;0.0
53;2021-01-25;550;0;6022;20;2.0;0.0
53;2021-01-26;1198;6;7220;26;2.4;0.0
53;2021-01-27;696;6;7916;32;2.6;0.0
53;2021-01-28;738;95;8654;127;2.8;0.0
53;2021-01-29;422;189;9076;316;3.0;0.1
53;2021-01-30;128;0;9204;316;3.0;0.1
53;2021-01-31;0;0;9204;316;3.0;0.1
53;2021-02-01;298;149;9502;465;3.1;0.2
53;2021-02-02;309;231;9811;696;3.2;0.2
53;2021-02-03;226;378;10037;1074;3.3;0.4
53;2021-02-04;184;333;10221;1407;3.3;0.5
53;2021-02-05;234;303;10455;1710;3.4;0.6
53;2021-02-06;152;23;10607;1733;3.5;0.6
53;2021-02-07;0;0;10607;1733;3.5;0.6
53;2021-02-08;166;108;10773;1841;3.5;0.6
53;2021-02-09;369;214;11142;2055;3.6;0.7
53;2021-02-10;266;435;11408;2490;3.7;0.8
53;2021-02-11;432;489;11840;2979;3.9;1.0
53;2021-02-12;318;574;12158;3553;4.0;1.2
53;2021-02-13;96;66;12254;3619;4.0;1.2
53;2021-02-14;0;99;12254;3718;4.0;1.2
53;2021-02-15;240;434;12494;4152;4.1;1.4
53;2021-02-16;528;844;13022;4996;4.3;1.6
53;2021-02-17;391;619;13413;5615;4.4;1.8
53;2021-02-18;546;577;13959;6192;4.6;2.0
53;2021-02-19;895;420;14854;6612;4.9;2.2
53;2021-02-20;139;112;14993;6724;4.9;2.2
53;2021-02-21;1;20;14994;6744;4.9;2.2
53;2021-02-22;161;587;15155;7331;5.0;2.4
53;2021-02-23;59;657;15214;7988;5.0;2.6
53;2021-02-24;137;517;15351;8505;5.0;2.8
53;2021-02-25;457;359;15808;8864;5.2;2.9
53;2021-02-26;439;262;16247;9126;5.3;3.0
53;2021-02-27;86;115;16333;9241;5.3;3.0
53;2021-02-28;0;0;16333;9241;5.3;3.0
53;2021-03-01;230;280;16563;9521;5.4;3.1
53;2021-03-02;246;253;16809;9774;5.5;3.2
53;2021-03-03;320;393;17129;10167;5.6;3.3
53;2021-03-04;858;334;17987;10501;5.9;3.4
53;2021-03-05;659;279;18646;10780;6.1;3.5
53;2021-03-06;445;212;19091;10992;6.3;3.6
53;2021-03-07;276;5;19367;10997;6.3;3.6
53;2021-03-08;376;178;19743;11175;6.5;3.7
53;2021-03-09;878;241;20621;11416;6.8;3.7
53;2021-03-10;807;106;21428;11522;7.0;3.8
53;2021-03-11;1247;220;22675;11742;7.4;3.8
53;2021-03-12;1602;142;24277;11884;8.0;3.9
53;2021-03-13;824;5;25101;11889;8.2;3.9
53;2021-03-14;1;0;25102;11889;8.2;3.9
53;2021-03-15;1002;298;26104;12187;8.5;4.0
53;2021-03-16;1033;325;27137;12512;8.9;4.1
53;2021-03-17;683;262;27820;12774;9.1;4.2
53;2021-03-18;972;339;28792;13113;9.4;4.3
53;2021-03-19;1342;593;30134;13706;9.9;4.5
53;2021-03-20;591;14;30725;13720;10.1;4.5
53;2021-03-21;2;0;30727;13720;10.1;4.5
53;2021-03-22;1209;151;31936;13871;10.5;4.5
53;2021-03-23;1696;61;33632;13932;11.0;4.6
53;2021-03-24;1323;116;34955;14048;11.4;4.6
53;2021-03-25;2323;226;37278;14274;12.2;4.7
53;2021-03-26;1882;148;39160;14422;12.8;4.7
53;2021-03-27;339;2;39499;14424;12.9;4.7
53;2021-03-28;2;0;39501;14424;12.9;4.7
53;2021-03-29;1474;205;40975;14629;13.4;4.8
53;2021-03-30;1945;197;42920;14826;14.1;4.9
53;2021-03-31;1791;218;44711;15044;14.6;4.9
53;2021-04-01;1945;671;46656;15715;15.3;5.1
53;2021-04-02;2074;218;48730;15933;16.0;5.2
53;2021-04-03;414;1;49144;15934;16.1;5.2
53;2021-04-04;10;0;49154;15934;16.1;5.2
53;2021-04-05;9;15;49163;15949;16.1;5.2
53;2021-04-06;1304;499;50467;16448;16.5;5.4
53;2021-04-07;1177;921;51644;17369;16.9;5.7
53;2021-04-08;1662;1005;53306;18374;17.5;6.0
53;2021-04-09;1956;396;55262;18770;18.1;6.1
53;2021-04-10;543;11;55805;18781;18.3;6.2
53;2021-04-11;12;0;55817;18781;18.3;6.2
53;2021-04-12;695;1065;56512;19846;18.5;6.5
53;2021-04-13;1472;1105;57984;20951;19.0;6.9
53;2021-04-14;1022;733;59006;21684;19.3;7.1
53;2021-04-15;1159;1109;60165;22793;19.7;7.5
53;2021-04-16;1272;816;61437;23609;20.1;7.7
53;2021-04-17;281;274;61718;23883;20.2;7.8
53;2021-04-18;0;0;61718;23883;20.2;7.8
53;2021-04-19;679;1065;62397;24948;20.4;8.2
53;2021-04-20;936;1451;63333;26399;20.7;8.6
53;2021-04-21;850;1010;64183;27409;21.0;9.0
53;2021-04-22;1046;1611;65229;29020;21.4;9.5
53;2021-04-23;1328;1053;66557;30073;21.8;9.8
53;2021-04-24;68;7;66625;30080;21.8;9.9
53;2021-04-25;6;39;66631;30119;21.8;9.9
53;2021-04-26;368;1238;66999;31357;21.9;10.3
53;2021-04-27;724;1971;67723;33328;22.2;10.9
53;2021-04-28;979;1390;68702;34718;22.5;11.4
53;2021-04-29;1050;1710;69752;36428;22.8;11.9
53;2021-04-30;1366;1308;71118;37736;23.3;12.4
53;2021-05-01;35;50;71153;37786;23.3;12.4
53;2021-05-02;0;0;71153;37786;23.3;12.4
53;2021-05-03;1570;701;72723;38487;23.8;12.6
53;2021-05-04;1305;1437;74028;39924;24.2;13.1
53;2021-05-05;1608;823;75636;40747;24.8;13.3
53;2021-05-06;1393;1394;77029;42141;25.2;13.8
53;2021-05-07;1538;1299;78567;43440;25.7;14.2
53;2021-05-08;939;36;79506;43476;26.0;14.2
53;2021-05-09;11;2;79517;43478;26.0;14.2
53;2021-05-10;2416;809;81933;44287;26.8;14.5
53;2021-05-11;3096;1285;85029;45572;27.8;14.9
53;2021-05-12;2749;1088;87778;46660;28.7;15.3
53;2021-05-13;350;26;88128;46686;28.9;15.3
53;2021-05-14;2019;675;90147;47361;29.5;15.5
53;2021-05-15;1058;62;91205;47423;29.9;15.5
53;2021-05-16;2;0;91207;47423;29.9;15.5
53;2021-05-17;1701;1196;92908;48619;30.4;15.9
53;2021-05-18;1881;1545;94789;50164;31.0;16.4
53;2021-05-19;2303;742;97092;50906;31.8;16.7
53;2021-05-20;3217;857;100309;51763;32.8;17.0
53;2021-05-21;2797;825;103106;52588;33.8;17.2
53;2021-05-22;20;60;103126;52648;33.8;17.2
53;2021-05-23;0;0;103126;52648;33.8;17.2
53;2021-05-24;8;6;103134;52654;33.8;17.2
53;2021-05-25;1819;805;104953;53459;34.4;17.5
53;2021-05-26;1852;903;106805;54362;35.0;17.8
53;2021-05-27;3072;1074;109877;55436;36.0;18.2
53;2021-05-28;2562;876;112439;56312;36.8;18.4
53;2021-05-29;844;244;113283;56556;37.1;18.5
53;2021-05-30;18;6;113301;56562;37.1;18.5
53;2021-05-31;2564;801;115865;57363;37.9;18.8
53;2021-06-01;3491;1257;119356;58620;39.1;19.2
53;2021-06-02;3183;523;122539;59143;40.1;19.4
53;2021-06-03;4197;783;126736;59926;41.5;19.6
53;2021-06-04;3181;1264;129917;61190;42.5;20.0
53;2021-06-05;136;245;130053;61435;42.6;20.1
53;2021-06-06;0;4;130053;61439;42.6;20.1
53;2021-06-07;2628;923;132681;62362;43.4;20.4
53;2021-06-08;3583;1124;136264;63486;44.6;20.8
53;2021-06-09;2453;936;138717;64422;45.4;21.1
53;2021-06-10;3520;846;142237;65268;46.6;21.4
53;2021-06-11;2963;1212;145200;66480;47.5;21.8
53;2021-06-12;108;138;145308;66618;47.6;21.8
53;2021-06-13;10;2;145318;66620;47.6;21.8
53;2021-06-14;1600;1791;146918;68411;48.1;22.4
53;2021-06-15;1898;2264;148816;70675;48.7;23.1
53;2021-06-16;1828;1729;150644;72404;49.3;23.7
53;2021-06-17;3014;1649;153658;74053;50.3;24.3
53;2021-06-18;2701;1807;156359;75860;51.2;24.8
53;2021-06-19;762;1166;157121;77026;51.5;25.2
53;2021-06-20;3;479;157124;77505;51.5;25.4
53;2021-06-21;918;2527;158042;80032;51.8;26.2
53;2021-06-22;1299;3453;159341;83485;52.2;27.3
53;2021-06-23;1361;2893;160702;86378;52.6;28.3
53;2021-06-24;1802;2033;162504;88411;53.2;29.0
53;2021-06-25;1782;2042;164286;90453;53.8;29.6
53;2021-06-26;976;350;165262;90803;54.1;29.7
53;2021-06-27;8;8;165270;90811;54.1;29.7
53;2021-06-28;660;2900;165930;93711;54.3;30.7
53;2021-06-29;857;3647;166787;97358;54.6;31.9
53;2021-06-30;747;1518;167534;98876;54.9;32.4
53;2021-07-01;1500;2635;169034;101511;55.4;33.2
53;2021-07-02;1482;2023;170516;103534;55.8;33.9
53;2021-07-03;856;571;171372;104105;56.1;34.1
53;2021-07-04;0;4;171372;104109;56.1;34.1
53;2021-07-05;533;2062;171905;106171;56.3;34.8
53;2021-07-06;852;3616;172757;109787;56.6;36.0
53;2021-07-07;1018;2657;173775;112444;56.9;36.8
53;2021-07-08;1304;3118;175079;115562;57.3;37.8
53;2021-07-09;1113;3399;176192;118961;57.7;39.0
53;2021-07-10;421;1001;176613;119962;57.8;39.3
53;2021-07-11;12;20;176625;119982;57.8;39.3
53;2021-07-12;501;3717;177126;123699;58.0;40.5
53;2021-07-13;891;4773;178017;128472;58.3;42.1
53;2021-07-14;104;284;178121;128756;58.3;42.2
53;2021-07-15;1110;4354;179231;133110;58.7;43.6
53;2021-07-16;1244;3847;180475;136957;59.1;44.9
53;2021-07-17;1314;297;181789;137254;59.5;44.9
53;2021-07-18;25;19;181814;137273;59.5;45.0
53;2021-07-19;734;3436;182548;140709;59.8;46.1
53;2021-07-20;975;4128;183523;144837;60.1;47.4
53;2021-07-21;680;3280;184203;148117;60.3;48.5
53;2021-07-22;1509;3524;185712;151641;60.8;49.7
53;2021-07-23;1599;3758;187311;155399;61.3;50.9
53;2021-07-24;953;280;188264;155679;61.7;51.0
53;2021-07-25;60;25;188324;155704;61.7;51.0
53;2021-07-26;1721;1938;190045;157642;62.2;51.6
53;2021-07-27;2347;2825;192392;160467;63.0;52.5
53;2021-07-28;2135;2814;194527;163281;63.7;53.5
53;2021-07-29;2474;2543;197001;165824;64.5;54.3
53;2021-07-30;1821;2650;198822;168474;65.1;55.2
53;2021-07-31;626;231;199448;168705;65.3;55.2
53;2021-08-01;37;25;199485;168730;65.3;55.3
53;2021-08-02;2079;1725;201564;170455;66.0;55.8
53;2021-08-03;2406;1895;203970;172350;66.8;56.4
54;2020-12-27;0;0;0;0;0.0;0.0
54;2020-12-28;1;0;1;0;0.0;0.0
54;2020-12-29;0;0;1;0;0.0;0.0
54;2020-12-30;0;0;1;0;0.0;0.0
54;2020-12-31;10;0;11;0;0.0;0.0
54;2021-01-01;0;0;11;0;0.0;0.0
54;2021-01-02;0;0;11;0;0.0;0.0
54;2021-01-03;1;0;12;0;0.0;0.0
54;2021-01-04;162;0;174;0;0.0;0.0
54;2021-01-05;395;0;569;0;0.1;0.0
54;2021-01-06;647;1;1216;1;0.2;0.0
54;2021-01-07;817;2;2033;3;0.3;0.0
54;2021-01-08;705;3;2738;6;0.4;0.0
54;2021-01-09;81;0;2819;6;0.4;0.0
54;2021-01-10;78;0;2897;6;0.4;0.0
54;2021-01-11;974;3;3871;9;0.5;0.0
54;2021-01-12;1180;1;5051;10;0.7;0.0
54;2021-01-13;2371;8;7422;18;1.0;0.0
54;2021-01-14;3375;30;10797;48;1.5;0.0
54;2021-01-15;2687;13;13484;61;1.8;0.0
54;2021-01-16;814;3;14298;64;2.0;0.0
54;2021-01-17;210;0;14508;64;2.0;0.0
54;2021-01-18;1556;6;16064;70;2.2;0.0
54;2021-01-19;1699;0;17763;70;2.4;0.0
54;2021-01-20;1489;5;19252;75;2.6;0.0
54;2021-01-21;1341;3;20593;78;2.8;0.0
54;2021-01-22;1088;8;21681;86;3.0;0.0
54;2021-01-23;478;0;22159;86;3.0;0.0
54;2021-01-24;66;0;22225;86;3.0;0.0
54;2021-01-25;940;29;23165;115;3.2;0.0
54;2021-01-26;142;5;23307;120;3.2;0.0
54;2021-01-27;12;172;23319;292;3.2;0.0
54;2021-01-28;31;236;23350;528;3.2;0.1
54;2021-01-29;16;279;23366;807;3.2;0.1
54;2021-01-30;4;0;23370;807;3.2;0.1
54;2021-01-31;1;0;23371;807;3.2;0.1
54;2021-02-01;13;787;23384;1594;3.2;0.2
54;2021-02-02;22;972;23406;2566;3.2;0.4
54;2021-02-03;360;1532;23766;4098;3.3;0.6
54;2021-02-04;730;2455;24496;6553;3.4;0.9
54;2021-02-05;793;1901;25289;8454;3.5;1.2
54;2021-02-06;203;338;25492;8792;3.5;1.2
54;2021-02-07;4;126;25496;8918;3.5;1.2
54;2021-02-08;117;1002;25613;9920;3.5;1.4
54;2021-02-09;303;1070;25916;10990;3.5;1.5
54;2021-02-10;385;800;26301;11790;3.6;1.6
54;2021-02-11;292;821;26593;12611;3.6;1.7
54;2021-02-12;449;1302;27042;13913;3.7;1.9
54;2021-02-13;147;236;27189;14149;3.7;1.9
54;2021-02-14;9;11;27198;14160;3.7;1.9
54;2021-02-15;432;1138;27630;15298;3.8;2.1
54;2021-02-16;402;1224;28032;16522;3.8;2.3
54;2021-02-17;518;961;28550;17483;3.9;2.4
54;2021-02-18;592;793;29142;18276;4.0;2.5
54;2021-02-19;520;777;29662;19053;4.1;2.6
54;2021-02-20;33;284;29695;19337;4.1;2.6
54;2021-02-21;3;25;29698;19362;4.1;2.7
54;2021-02-22;485;605;30183;19967;4.1;2.7
54;2021-02-23;678;565;30861;20532;4.2;2.8
54;2021-02-24;727;364;31588;20896;4.3;2.9
54;2021-02-25;1475;734;33063;21630;4.5;3.0
54;2021-02-26;1765;784;34828;22414;4.8;3.1
54;2021-02-27;699;107;35527;22521;4.9;3.1
54;2021-02-28;11;28;35538;22549;4.9;3.1
54;2021-03-01;649;216;36187;22765;5.0;3.1
54;2021-03-02;1503;138;37690;22903;5.2;3.1
54;2021-03-03;1758;58;39448;22961;5.4;3.1
54;2021-03-04;2025;97;41473;23058;5.7;3.2
54;2021-03-05;2796;141;44269;23199;6.1;3.2
54;2021-03-06;4038;102;48307;23301;6.6;3.2
54;2021-03-07;2624;70;50931;23371;7.0;3.2
54;2021-03-08;1336;61;52267;23432;7.2;3.2
54;2021-03-09;2644;100;54911;23532;7.5;3.2
54;2021-03-10;3199;108;58110;23640;8.0;3.2
54;2021-03-11;3389;93;61499;23733;8.4;3.2
54;2021-03-12;4979;173;66478;23906;9.1;3.3
54;2021-03-13;4200;113;70678;24019;9.7;3.3
54;2021-03-14;543;37;71221;24056;9.8;3.3
54;2021-03-15;1719;100;72940;24156;10.0;3.3
54;2021-03-16;1733;174;74673;24330;10.2;3.3
54;2021-03-17;2081;149;76754;24479;10.5;3.4
54;2021-03-18;2057;164;78811;24643;10.8;3.4
54;2021-03-19;3318;259;82129;24902;11.2;3.4
54;2021-03-20;2305;76;84434;24978;11.6;3.4
54;2021-03-21;295;15;84729;24993;11.6;3.4
54;2021-03-22;1033;332;85762;25325;11.7;3.5
54;2021-03-23;1936;518;87698;25843;12.0;3.5
54;2021-03-24;2193;710;89891;26553;12.3;3.6
54;2021-03-25;3171;722;93062;27275;12.7;3.7
54;2021-03-26;3515;810;96577;28085;13.2;3.8
54;2021-03-27;2416;285;98993;28370;13.6;3.9
54;2021-03-28;278;4;99271;28374;13.6;3.9
54;2021-03-29;1668;383;100939;28757;13.8;3.9
54;2021-03-30;2551;979;103490;29736;14.2;4.1
54;2021-03-31;2592;1143;106082;30879;14.5;4.2
54;2021-04-01;3218;1265;109300;32144;15.0;4.4
54;2021-04-02;2968;1674;112268;33818;15.4;4.6
54;2021-04-03;1258;1312;113526;35130;15.5;4.8
54;2021-04-04;136;421;113662;35551;15.6;4.9
54;2021-04-05;145;574;113807;36125;15.6;4.9
54;2021-04-06;1261;1659;115068;37784;15.8;5.2
54;2021-04-07;910;2269;115978;40053;15.9;5.5
54;2021-04-08;2303;2443;118281;42496;16.2;5.8
54;2021-04-09;4119;3151;122400;45647;16.8;6.2
54;2021-04-10;3207;1671;125607;47318;17.2;6.5
54;2021-04-11;206;1001;125813;48319;17.2;6.6
54;2021-04-12;2195;1536;128008;49855;17.5;6.8
54;2021-04-13;3003;1967;131011;51822;17.9;7.1
54;2021-04-14;3257;1859;134268;53681;18.4;7.3
54;2021-04-15;2881;2289;137149;55970;18.8;7.7
54;2021-04-16;3140;2594;140289;58564;19.2;8.0
54;2021-04-17;3474;1485;143763;60049;19.7;8.2
54;2021-04-18;61;245;143824;60294;19.7;8.3
54;2021-04-19;2461;1071;146285;61365;20.0;8.4
54;2021-04-20;3015;1237;149300;62602;20.4;8.6
54;2021-04-21;4401;1611;153701;64213;21.0;8.8
54;2021-04-22;3721;2366;157422;66579;21.6;9.1
54;2021-04-23;3867;2061;161289;68640;22.1;9.4
54;2021-04-24;2345;1031;163634;69671;22.4;9.5
54;2021-04-25;284;276;163918;69947;22.4;9.6
54;2021-04-26;2303;1267;166221;71214;22.8;9.8
54;2021-04-27;3233;1392;169454;72606;23.2;9.9
54;2021-04-28;2970;1935;172424;74541;23.6;10.2
54;2021-04-29;3793;2074;176217;76615;24.1;10.5
54;2021-04-30;4490;1950;180707;78565;24.7;10.8
54;2021-05-01;2262;802;182969;79367;25.1;10.9
54;2021-05-02;229;68;183198;79435;25.1;10.9
54;2021-05-03;3093;935;186291;80370;25.5;11.0
54;2021-05-04;3515;1439;189806;81809;26.0;11.2
54;2021-05-05;4890;1392;194696;83201;26.7;11.4
54;2021-05-06;4437;2790;199133;85991;27.3;11.8
54;2021-05-07;4824;3391;203957;89382;27.9;12.2
54;2021-05-08;2022;635;205979;90017;28.2;12.3
54;2021-05-09;375;134;206354;90151;28.3;12.3
54;2021-05-10;3206;2233;209560;92384;28.7;12.6
54;2021-05-11;5487;2927;215047;95311;29.4;13.0
54;2021-05-12;4142;3380;219189;98691;30.0;13.5
54;2021-05-13;2642;486;221831;99177;30.4;13.6
54;2021-05-14;6883;1981;228714;101158;31.3;13.8
54;2021-05-15;5477;1306;234191;102464;32.1;14.0
54;2021-05-16;945;107;235136;102571;32.2;14.0
54;2021-05-17;3792;813;238928;103384;32.7;14.2
54;2021-05-18;3288;1096;242216;104480;33.2;14.3
54;2021-05-19;3462;1512;245678;105992;33.6;14.5
54;2021-05-20;4535;1609;250213;107601;34.3;14.7
54;2021-05-21;6736;2488;256949;110089;35.2;15.1
54;2021-05-22;5640;1361;262589;111450;36.0;15.3
54;2021-05-23;504;54;263093;111504;36.0;15.3
54;2021-05-24;1443;340;264536;111844;36.2;15.3
54;2021-05-25;4159;1532;268695;113376;36.8;15.5
54;2021-05-26;3530;2206;272225;115582;37.3;15.8
54;2021-05-27;4172;2434;276397;118016;37.8;16.2
54;2021-05-28;4956;3557;281353;121573;38.5;16.6
54;2021-05-29;3840;3982;285193;125555;39.0;17.2
54;2021-05-30;127;83;285320;125638;39.1;17.2
54;2021-05-31;2934;3062;288254;128700;39.5;17.6
54;2021-06-01;2617;4188;290871;132888;39.8;18.2
54;2021-06-02;2160;4073;293031;136961;40.1;18.8
54;2021-06-03;3140;5654;296171;142615;40.5;19.5
54;2021-06-04;5073;5471;301244;148086;41.2;20.3
54;2021-06-05;2344;3286;303588;151372;41.6;20.7
54;2021-06-06;70;236;303658;151608;41.6;20.8
54;2021-06-07;3705;2929;307363;154537;42.1;21.2
54;2021-06-08;4532;4260;311895;158797;42.7;21.7
54;2021-06-09;5971;3286;317866;162083;43.5;22.2
54;2021-06-10;5288;4425;323154;166508;44.2;22.8
54;2021-06-11;5007;4900;328161;171408;44.9;23.5
54;2021-06-12;4220;3221;332381;174629;45.5;23.9
54;2021-06-13;56;210;332437;174839;45.5;23.9
54;2021-06-14;2328;3587;334765;178426;45.8;24.4
54;2021-06-15;2827;4729;337592;183155;46.2;25.1
54;2021-06-16;3483;5630;341075;188785;46.7;25.8
54;2021-06-17;3139;5217;344214;194002;47.1;26.6
54;2021-06-18;4140;6223;348354;200225;47.7;27.4
54;2021-06-19;2657;3123;351011;203348;48.1;27.8
54;2021-06-20;119;338;351130;203686;48.1;27.9
54;2021-06-21;2550;4758;353680;208444;48.4;28.5
54;2021-06-22;2041;6223;355721;214667;48.7;29.4
54;2021-06-23;2231;5592;357952;220259;49.0;30.2
54;2021-06-24;2091;3459;360043;223718;49.3;30.6
54;2021-06-25;2196;7038;362239;230756;49.6;31.6
54;2021-06-26;2383;5653;364622;236409;49.9;32.4
54;2021-06-27;136;609;364758;237018;49.9;32.5
54;2021-06-28;1953;4340;366711;241358;50.2;33.0
54;2021-06-29;1937;5202;368648;246560;50.5;33.8
54;2021-06-30;1968;5119;370616;251679;50.7;34.5
54;2021-07-01;2111;5983;372727;257662;51.0;35.3
54;2021-07-02;2801;7545;375528;265207;51.4;36.3
54;2021-07-03;2804;4071;378332;269278;51.8;36.9
54;2021-07-04;195;499;378527;269777;51.8;36.9
54;2021-07-05;1668;4242;380195;274019;52.1;37.5
54;2021-07-06;2010;5049;382205;279068;52.3;38.2
54;2021-07-07;1822;4842;384027;283910;52.6;38.9
54;2021-07-08;1672;4110;385699;288020;52.8;39.4
54;2021-07-09;3170;6012;388869;294032;53.2;40.3
54;2021-07-10;2527;4358;391396;298390;53.6;40.9
54;2021-07-11;12;104;391408;298494;53.6;40.9
54;2021-07-12;2080;4657;393488;303151;53.9;41.5
54;2021-07-13;2593;4962;396081;308113;54.2;42.2
54;2021-07-14;1445;1502;397526;309615;54.4;42.4
54;2021-07-15;3158;4839;400684;314454;54.9;43.1
54;2021-07-16;4601;6217;405285;320671;55.5;43.9
54;2021-07-17;3984;4771;409269;325442;56.0;44.6
54;2021-07-18;1797;1663;411066;327105;56.3;44.8
54;2021-07-19;2534;4030;413600;331135;56.6;45.3
54;2021-07-20;2861;4810;416461;335945;57.0;46.0
54;2021-07-21;3089;6321;419550;342266;57.4;46.9
54;2021-07-22;3196;5706;422746;347972;57.9;47.6
54;2021-07-23;3915;7008;426661;354980;58.4;48.6
54;2021-07-24;2907;5300;429568;360280;58.8;49.3
54;2021-07-25;69;49;429637;360329;58.8;49.3
54;2021-07-26;2937;4145;432574;364474;59.2;49.9
54;2021-07-27;3663;3991;436237;368465;59.7;50.4
54;2021-07-28;4880;3812;441117;372277;60.4;51.0
54;2021-07-29;5080;3192;446197;375469;61.1;51.4
54;2021-07-30;5007;4952;451204;380421;61.8;52.1
54;2021-07-31;4462;3181;455666;383602;62.4;52.5
54;2021-08-01;256;74;455922;383676;62.4;52.5
54;2021-08-02;3028;3679;458950;387355;62.8;53.0
54;2021-08-03;3895;2883;462845;390238;63.4;53.4
55;2020-12-27;0;0;0;0;0.0;0.0
55;2020-12-28;0;0;0;0;0.0;0.0
55;2020-12-29;0;0;0;0;0.0;0.0
55;2020-12-30;0;0;0;0;0.0;0.0
55;2020-12-31;0;0;0;0;0.0;0.0
55;2021-01-01;0;0;0;0;0.0;0.0
55;2021-01-02;0;0;0;0;0.0;0.0
55;2021-01-03;0;0;0;0;0.0;0.0
55;2021-01-04;1;0;1;0;0.0;0.0
55;2021-01-05;0;0;1;0;0.0;0.0
55;2021-01-06;0;0;1;0;0.0;0.0
55;2021-01-07;122;0;123;0;0.1;0.0
55;2021-01-08;127;0;250;0;0.1;0.0
55;2021-01-09;52;0;302;0;0.2;0.0
55;2021-01-10;0;0;302;0;0.2;0.0
55;2021-01-11;127;1;429;1;0.2;0.0
55;2021-01-12;119;0;548;1;0.3;0.0
55;2021-01-13;135;0;683;1;0.4;0.0
55;2021-01-14;641;5;1324;6;0.7;0.0
55;2021-01-15;237;0;1561;6;0.9;0.0
55;2021-01-16;62;0;1623;6;0.9;0.0
55;2021-01-17;1;0;1624;6;0.9;0.0
55;2021-01-18;413;1;2037;7;1.1;0.0
55;2021-01-19;351;3;2388;10;1.3;0.0
55;2021-01-20;451;2;2839;12;1.6;0.0
55;2021-01-21;430;0;3269;12;1.8;0.0
55;2021-01-22;391;0;3660;12;2.0;0.0
55;2021-01-23;49;0;3709;12;2.0;0.0
55;2021-01-24;0;0;3709;12;2.0;0.0
55;2021-01-25;436;0;4145;12;2.3;0.0
55;2021-01-26;431;0;4576;12;2.5;0.0
55;2021-01-27;424;0;5000;12;2.8;0.0
55;2021-01-28;485;100;5485;112;3.0;0.1
55;2021-01-29;159;54;5644;166;3.1;0.1
55;2021-01-30;92;28;5736;194;3.2;0.1
55;2021-01-31;0;0;5736;194;3.2;0.1
55;2021-02-01;153;177;5889;371;3.2;0.2
55;2021-02-02;159;148;6048;519;3.3;0.3
55;2021-02-03;53;161;6101;680;3.4;0.4
55;2021-02-04;234;398;6335;1078;3.5;0.6
55;2021-02-05;174;139;6509;1217;3.6;0.7
55;2021-02-06;59;55;6568;1272;3.6;0.7
55;2021-02-07;2;53;6570;1325;3.6;0.7
55;2021-02-08;0;19;6570;1344;3.6;0.7
55;2021-02-09;92;115;6662;1459;3.7;0.8
55;2021-02-10;64;22;6726;1481;3.7;0.8
55;2021-02-11;175;97;6901;1578;3.8;0.9
55;2021-02-12;95;27;6996;1605;3.9;0.9
55;2021-02-13;0;0;6996;1605;3.9;0.9
55;2021-02-14;0;0;6996;1605;3.9;0.9
55;2021-02-15;15;418;7011;2023;3.9;1.1
55;2021-02-16;143;396;7154;2419;3.9;1.3
55;2021-02-17;26;493;7180;2912;4.0;1.6
55;2021-02-18;20;344;7200;3256;4.0;1.8
55;2021-02-19;120;290;7320;3546;4.0;2.0
55;2021-02-20;11;0;7331;3546;4.0;2.0
55;2021-02-21;0;0;7331;3546;4.0;2.0
55;2021-02-22;55;458;7386;4004;4.1;2.2
55;2021-02-23;85;443;7471;4447;4.1;2.4
55;2021-02-24;72;415;7543;4862;4.2;2.7
55;2021-02-25;270;683;7813;5545;4.3;3.1
55;2021-02-26;325;234;8138;5779;4.5;3.2
55;2021-02-27;125;87;8263;5866;4.5;3.2
55;2021-02-28;2;8;8265;5874;4.6;3.2
55;2021-03-01;77;140;8342;6014;4.6;3.3
55;2021-03-02;124;172;8466;6186;4.7;3.4
55;2021-03-03;198;3;8664;6189;4.8;3.4
55;2021-03-04;238;44;8902;6233;4.9;3.4
55;2021-03-05;362;45;9264;6278;5.1;3.5
55;2021-03-06;223;5;9487;6283;5.2;3.5
55;2021-03-07;69;1;9556;6284;5.3;3.5
55;2021-03-08;327;50;9883;6334;5.4;3.5
55;2021-03-09;634;49;10517;6383;5.8;3.5
55;2021-03-10;396;24;10913;6407;6.0;3.5
55;2021-03-11;595;137;11508;6544;6.3;3.6
55;2021-03-12;815;89;12323;6633;6.8;3.7
55;2021-03-13;523;11;12846;6644;7.1;3.7
55;2021-03-14;14;0;12860;6644;7.1;3.7
55;2021-03-15;392;24;13252;6668;7.3;3.7
55;2021-03-16;568;110;13820;6778;7.6;3.7
55;2021-03-17;683;18;14503;6796;8.0;3.7
55;2021-03-18;321;22;14824;6818;8.2;3.8
55;2021-03-19;471;59;15295;6877;8.4;3.8
55;2021-03-20;253;14;15548;6891;8.6;3.8
55;2021-03-21;1;1;15549;6892;8.6;3.8
55;2021-03-22;474;18;16023;6910;8.8;3.8
55;2021-03-23;972;61;16995;6971;9.4;3.8
55;2021-03-24;802;38;17797;7009;9.8;3.9
55;2021-03-25;1096;78;18893;7087;10.4;3.9
55;2021-03-26;602;34;19495;7121;10.7;3.9
55;2021-03-27;255;22;19750;7143;10.9;3.9
55;2021-03-28;0;0;19750;7143;10.9;3.9
55;2021-03-29;943;37;20693;7180;11.4;4.0
55;2021-03-30;1423;69;22116;7249;12.2;4.0
55;2021-03-31;1481;64;23597;7313;13.0;4.0
55;2021-04-01;1202;119;24799;7432;13.7;4.1
55;2021-04-02;897;71;25696;7503;14.1;4.1
55;2021-04-03;82;3;25778;7506;14.2;4.1
55;2021-04-04;2;0;25780;7506;14.2;4.1
55;2021-04-05;6;12;25786;7518;14.2;4.1
55;2021-04-06;933;274;26719;7792;14.7;4.3
55;2021-04-07;993;235;27712;8027;15.3;4.4
55;2021-04-08;1647;415;29359;8442;16.2;4.6
55;2021-04-09;1429;261;30788;8703;16.9;4.8
55;2021-04-10;242;173;31030;8876;17.1;4.9
55;2021-04-11;452;20;31482;8896;17.3;4.9
55;2021-04-12;855;327;32337;9223;17.8;5.1
55;2021-04-13;1355;528;33692;9751;18.5;5.4
55;2021-04-14;1371;728;35063;10479;19.3;5.8
55;2021-04-15;1634;455;36697;10934;20.2;6.0
55;2021-04-16;705;378;37402;11312;20.6;6.2
55;2021-04-17;677;28;38079;11340;21.0;6.2
55;2021-04-18;38;18;38117;11358;21.0;6.3
55;2021-04-19;961;345;39078;11703;21.5;6.4
55;2021-04-20;1172;771;40250;12474;22.2;6.9
55;2021-04-21;990;638;41240;13112;22.7;7.2
55;2021-04-22;1071;649;42311;13761;23.3;7.6
55;2021-04-23;1416;578;43727;14339;24.1;7.9
55;2021-04-24;312;123;44039;14462;24.2;8.0
55;2021-04-25;384;51;44423;14513;24.5;8.0
55;2021-04-26;478;816;44901;15329;24.7;8.4
55;2021-04-27;570;993;45471;16322;25.0;9.0
55;2021-04-28;931;816;46402;17138;25.5;9.4
55;2021-04-29;1118;855;47520;17993;26.2;9.9
55;2021-04-30;1279;618;48799;18611;26.9;10.2
55;2021-05-01;153;132;48952;18743;26.9;10.3
55;2021-05-02;2;3;48954;18746;27.0;10.3
55;2021-05-03;1208;629;50162;19375;27.6;10.7
55;2021-05-04;683;1176;50845;20551;28.0;11.3
55;2021-05-05;658;1074;51503;21625;28.4;11.9
55;2021-05-06;1347;1161;52850;22786;29.1;12.5
55;2021-05-07;1432;554;54282;23340;29.9;12.8
55;2021-05-08;156;77;54438;23417;30.0;12.9
55;2021-05-09;62;523;54500;23940;30.0;13.2
55;2021-05-10;860;1030;55360;24970;30.5;13.7
55;2021-05-11;1070;1379;56430;26349;31.1;14.5
55;2021-05-12;1032;1768;57462;28117;31.6;15.5
55;2021-05-13;99;75;57561;28192;31.7;15.5
55;2021-05-14;352;558;57913;28750;31.9;15.8
55;2021-05-15;291;492;58204;29242;32.0;16.1
55;2021-05-16;3;10;58207;29252;32.0;16.1
55;2021-05-17;1028;840;59235;30092;32.6;16.6
55;2021-05-18;1569;892;60804;30984;33.5;17.1
55;2021-05-19;1810;782;62614;31766;34.5;17.5
55;2021-05-20;2215;731;64829;32497;35.7;17.9
55;2021-05-21;2009;801;66838;33298;36.8;18.3
55;2021-05-22;198;167;67036;33465;36.9;18.4
55;2021-05-23;23;120;67059;33585;36.9;18.5
55;2021-05-24;0;0;67059;33585;36.9;18.5
55;2021-05-25;1348;652;68407;34237;37.7;18.8
55;2021-05-26;1671;1016;70078;35253;38.6;19.4
55;2021-05-27;1318;982;71396;36235;39.3;19.9
55;2021-05-28;1520;931;72916;37166;40.1;20.5
55;2021-05-29;1402;697;74318;37863;40.9;20.8
55;2021-05-30;15;206;74333;38069;40.9;21.0
55;2021-05-31;1049;1131;75382;39200;41.5;21.6
55;2021-06-01;918;957;76300;40157;42.0;22.1
55;2021-06-02;1159;984;77459;41141;42.6;22.6
55;2021-06-03;703;545;78162;41686;43.0;22.9
55;2021-06-04;1390;1101;79552;42787;43.8;23.6
55;2021-06-05;1364;277;80916;43064;44.5;23.7
55;2021-06-06;0;2;80916;43066;44.5;23.7
55;2021-06-07;790;714;81706;43780;45.0;24.1
55;2021-06-08;697;1074;82403;44854;45.4;24.7
55;2021-06-09;851;870;83254;45724;45.8;25.2
55;2021-06-10;379;275;83633;45999;46.0;25.3
55;2021-06-11;527;1287;84160;47286;46.3;26.0
55;2021-06-12;760;519;84920;47805;46.8;26.3
55;2021-06-13;265;33;85185;47838;46.9;26.3
55;2021-06-14;367;1363;85552;49201;47.1;27.1
55;2021-06-15;572;1213;86124;50414;47.4;27.8
55;2021-06-16;734;830;86858;51244;47.8;28.2
55;2021-06-17;425;858;87283;52102;48.1;28.7
55;2021-06-18;664;1473;87947;53575;48.4;29.5
55;2021-06-19;593;457;88540;54032;48.7;29.7
55;2021-06-20;0;0;88540;54032;48.7;29.7
55;2021-06-21;434;1022;88974;55054;49.0;30.3
55;2021-06-22;335;1014;89309;56068;49.2;30.9
55;2021-06-23;620;1213;89929;57281;49.5;31.5
55;2021-06-24;163;433;90092;57714;49.6;31.8
55;2021-06-25;642;1224;90734;58938;50.0;32.4
55;2021-06-26;418;339;91152;59277;50.2;32.6
55;2021-06-27;1;2;91153;59279;50.2;32.6
55;2021-06-28;147;1379;91300;60658;50.3;33.4
55;2021-06-29;200;1289;91500;61947;50.4;34.1
55;2021-06-30;269;1933;91769;63880;50.5;35.2
55;2021-07-01;384;1981;92153;65861;50.7;36.3
55;2021-07-02;390;1720;92543;67581;50.9;37.2
55;2021-07-03;108;261;92651;67842;51.0;37.3
55;2021-07-04;12;19;92663;67861;51.0;37.4
55;2021-07-05;221;1510;92884;69371;51.1;38.2
55;2021-07-06;315;891;93199;70262;51.3;38.7
55;2021-07-07;386;1802;93585;72064;51.5;39.7
55;2021-07-08;531;1594;94116;73658;51.8;40.6
55;2021-07-09;447;1481;94563;75139;52.1;41.4
55;2021-07-10;352;1111;94915;76250;52.3;42.0
55;2021-07-11;0;9;94915;76259;52.3;42.0
55;2021-07-12;601;1167;95516;77426;52.6;42.6
55;2021-07-13;597;1488;96113;78914;52.9;43.4
55;2021-07-14;0;13;96113;78927;52.9;43.5
55;2021-07-15;774;1644;96887;80571;53.3;44.4
55;2021-07-16;1252;1811;98139;82382;54.0;45.4
55;2021-07-17;1275;816;99414;83198;54.7;45.8
55;2021-07-18;1;2;99415;83200;54.7;45.8
55;2021-07-19;595;785;100010;83985;55.1;46.2
55;2021-07-20;993;1025;101003;85010;55.6;46.8
55;2021-07-21;1471;1369;102474;86379;56.4;47.6
55;2021-07-22;1162;565;103636;86944;57.1;47.9
55;2021-07-23;1105;1354;104741;88298;57.7;48.6
55;2021-07-24;807;761;105548;89059;58.1;49.0
55;2021-07-25;119;229;105667;89288;58.2;49.2
55;2021-07-26;665;440;106332;89728;58.5;49.4
55;2021-07-27;1149;475;107481;90203;59.2;49.7
55;2021-07-28;1031;1065;108512;91268;59.7;50.2
55;2021-07-29;668;448;109180;91716;60.1;50.5
55;2021-07-30;1265;959;110445;92675;60.8;51.0
55;2021-07-31;708;611;111153;93286;61.2;51.4
55;2021-08-01;8;5;111161;93291;61.2;51.4
55;2021-08-02;608;444;111769;93735;61.5;51.6
55;2021-08-03;635;416;112404;94151;61.9;51.8
56;2020-12-27;0;0;0;0;0.0;0.0
56;2020-12-28;1;0;1;0;0.0;0.0
56;2020-12-29;0;0;1;0;0.0;0.0
56;2020-12-30;0;0;1;0;0.0;0.0
56;2020-12-31;0;0;1;0;0.0;0.0
56;2021-01-01;0;0;1;0;0.0;0.0
56;2021-01-02;1;0;2;0;0.0;0.0
56;2021-01-03;0;0;2;0;0.0;0.0
56;2021-01-04;1;0;3;0;0.0;0.0
56;2021-01-05;1;0;4;0;0.0;0.0
56;2021-01-06;1;0;5;0;0.0;0.0
56;2021-01-07;198;0;203;0;0.0;0.0
56;2021-01-08;119;0;322;0;0.0;0.0
56;2021-01-09;1;0;323;0;0.0;0.0
56;2021-01-10;1;0;324;0;0.0;0.0
56;2021-01-11;242;0;566;0;0.1;0.0
56;2021-01-12;753;0;1319;0;0.2;0.0
56;2021-01-13;637;1;1956;1;0.3;0.0
56;2021-01-14;968;2;2924;3;0.4;0.0
56;2021-01-15;840;5;3764;8;0.5;0.0
56;2021-01-16;233;3;3997;11;0.5;0.0
56;2021-01-17;26;0;4023;11;0.5;0.0
56;2021-01-18;1003;1;5026;12;0.7;0.0
56;2021-01-19;851;1;5877;13;0.8;0.0
56;2021-01-20;884;1;6761;14;0.9;0.0
56;2021-01-21;1459;2;8220;16;1.1;0.0
56;2021-01-22;1173;1;9393;17;1.2;0.0
56;2021-01-23;319;2;9712;19;1.3;0.0
56;2021-01-24;6;0;9718;19;1.3;0.0
56;2021-01-25;825;0;10543;19;1.4;0.0
56;2021-01-26;1035;4;11578;23;1.5;0.0
56;2021-01-27;1082;61;12660;84;1.7;0.0
56;2021-01-28;973;125;13633;209;1.8;0.0
56;2021-01-29;873;107;14506;316;1.9;0.0
56;2021-01-30;138;19;14644;335;1.9;0.0
56;2021-01-31;0;0;14644;335;1.9;0.0
56;2021-02-01;479;158;15123;493;2.0;0.1
56;2021-02-02;942;257;16065;750;2.1;0.1
56;2021-02-03;1022;270;17087;1020;2.3;0.1
56;2021-02-04;4691;348;21778;1368;2.9;0.2
56;2021-02-05;3588;430;25366;1798;3.4;0.2
56;2021-02-06;548;170;25914;1968;3.4;0.3
56;2021-02-07;136;26;26050;1994;3.4;0.3
56;2021-02-08;296;288;26346;2282;3.5;0.3
56;2021-02-09;793;509;27139;2791;3.6;0.4
56;2021-02-10;863;701;28002;3492;3.7;0.5
56;2021-02-11;972;1077;28974;4569;3.8;0.6
56;2021-02-12;1150;643;30124;5212;4.0;0.7
56;2021-02-13;220;104;30344;5316;4.0;0.7
56;2021-02-14;6;46;30350;5362;4.0;0.7
56;2021-02-15;621;1089;30971;6451;4.1;0.9
56;2021-02-16;1219;739;32190;7190;4.3;1.0
56;2021-02-17;1189;960;33379;8150;4.4;1.1
56;2021-02-18;1352;884;34731;9034;4.6;1.2
56;2021-02-19;1320;914;36051;9948;4.8;1.3
56;2021-02-20;365;262;36416;10210;4.8;1.4
56;2021-02-21;0;0;36416;10210;4.8;1.4
56;2021-02-22;374;700;36790;10910;4.9;1.4
56;2021-02-23;739;965;37529;11875;5.0;1.6
56;2021-02-24;914;1183;38443;13058;5.1;1.7
56;2021-02-25;2027;4245;40470;17303;5.4;2.3
56;2021-02-26;2353;2258;42823;19561;5.7;2.6
56;2021-02-27;744;446;43567;20007;5.8;2.6
56;2021-02-28;14;114;43581;20121;5.8;2.7
56;2021-03-01;647;560;44228;20681;5.9;2.7
56;2021-03-02;977;791;45205;21472;6.0;2.8
56;2021-03-03;1149;912;46354;22384;6.1;3.0
56;2021-03-04;1965;1038;48319;23422;6.4;3.1
56;2021-03-05;2576;1428;50895;24850;6.7;3.3
56;2021-03-06;1206;216;52101;25066;6.9;3.3
56;2021-03-07;282;24;52383;25090;6.9;3.3
56;2021-03-08;1138;391;53521;25481;7.1;3.4
56;2021-03-09;2031;630;55552;26111;7.4;3.5
56;2021-03-10;2001;936;57553;27047;7.6;3.6
56;2021-03-11;3253;737;60806;27784;8.0;3.7
56;2021-03-12;4206;824;65012;28608;8.6;3.8
56;2021-03-13;1879;147;66891;28755;8.9;3.8
56;2021-03-14;192;2;67083;28757;8.9;3.8
56;2021-03-15;1281;529;68364;29286;9.0;3.9
56;2021-03-16;1088;1035;69452;30321;9.2;4.0
56;2021-03-17;1359;779;70811;31100;9.4;4.1
56;2021-03-18;1998;1868;72809;32968;9.6;4.4
56;2021-03-19;2938;1394;75747;34362;10.0;4.5
56;2021-03-20;1489;206;77236;34568;10.2;4.6
56;2021-03-21;208;24;77444;34592;10.2;4.6
56;2021-03-22;1609;399;79053;34991;10.5;4.6
56;2021-03-23;2805;686;81858;35677;10.8;4.7
56;2021-03-24;3450;528;85308;36205;11.3;4.8
56;2021-03-25;4233;715;89541;36920;11.9;4.9
56;2021-03-26;5088;779;94629;37699;12.5;5.0
56;2021-03-27;1498;294;96127;37993;12.7;5.0
56;2021-03-28;263;11;96390;38004;12.8;5.0
56;2021-03-29;2228;503;98618;38507;13.1;5.1
56;2021-03-30;3519;782;102137;39289;13.5;5.2
56;2021-03-31;3114;710;105251;39999;13.9;5.3
56;2021-04-01;4068;816;109319;40815;14.5;5.4
56;2021-04-02;3924;937;113243;41752;15.0;5.5
56;2021-04-03;1186;269;114429;42021;15.1;5.6
56;2021-04-04;231;3;114660;42024;15.2;5.6
56;2021-04-05;244;8;114904;42032;15.2;5.6
56;2021-04-06;2822;1231;117726;43263;15.6;5.7
56;2021-04-07;4020;1180;121746;44443;16.1;5.9
56;2021-04-08;5288;1164;127034;45607;16.8;6.0
56;2021-04-09;7387;1279;134421;46886;17.8;6.2
56;2021-04-10;2580;421;137001;47307;18.1;6.3
56;2021-04-11;193;102;137194;47409;18.2;6.3
56;2021-04-12;3932;835;141126;48244;18.7;6.4
56;2021-04-13;5964;1255;147090;49499;19.5;6.6
56;2021-04-14;5167;1423;152257;50922;20.2;6.7
56;2021-04-15;7139;1761;159396;52683;21.1;7.0
56;2021-04-16;7840;2006;167236;54689;22.1;7.2
56;2021-04-17;3131;639;170367;55328;22.5;7.3
56;2021-04-18;528;106;170895;55434;22.6;7.3
56;2021-04-19;3719;1260;174614;56694;23.1;7.5
56;2021-04-20;4102;1974;178716;58668;23.7;7.8
56;2021-04-21;4059;2321;182775;60989;24.2;8.1
56;2021-04-22;5171;1918;187946;62907;24.9;8.3
56;2021-04-23;5161;2406;193107;65313;25.6;8.6
56;2021-04-24;2899;645;196006;65958;25.9;8.7
56;2021-04-25;465;148;196471;66106;26.0;8.7
56;2021-04-26;4704;1664;201175;67770;26.6;9.0
56;2021-04-27;5092;2547;206267;70317;27.3;9.3
56;2021-04-28;4966;2244;211233;72561;28.0;9.6
56;2021-04-29;5835;2932;217068;75493;28.7;10.0
56;2021-04-30;6243;2805;223311;78298;29.6;10.4
56;2021-05-01;2487;361;225798;78659;29.9;10.4
56;2021-05-02;307;254;226105;78913;29.9;10.4
56;2021-05-03;3864;2068;229969;80981;30.4;10.7
56;2021-05-04;4380;3902;234349;84883;31.0;11.2
56;2021-05-05;3524;3866;237873;88749;31.5;11.7
56;2021-05-06;4377;5426;242250;94175;32.1;12.5
56;2021-05-07;4267;5013;246517;99188;32.6;13.1
56;2021-05-08;1641;316;248158;99504;32.8;13.2
56;2021-05-09;495;223;248653;99727;32.9;13.2
56;2021-05-10;3749;3807;252402;103534;33.4;13.7
56;2021-05-11;4165;5049;256567;108583;34.0;14.4
56;2021-05-12;4341;4775;260908;113358;34.5;15.0
56;2021-05-13;2395;1010;263303;114368;34.8;15.1
56;2021-05-14;4221;4359;267524;118727;35.4;15.7
56;2021-05-15;2485;1893;270009;120620;35.7;16.0
56;2021-05-16;236;488;270245;121108;35.8;16.0
56;2021-05-17;2511;3666;272756;124774;36.1;16.5
56;2021-05-18;3519;4079;276275;128853;36.6;17.1
56;2021-05-19;3529;3389;279804;132242;37.0;17.5
56;2021-05-20;3801;4803;283605;137045;37.5;18.1
56;2021-05-21;3741;5221;287346;142266;38.0;18.8
56;2021-05-22;1698;2208;289044;144474;38.3;19.1
56;2021-05-23;284;197;289328;144671;38.3;19.1
56;2021-05-24;2056;499;291384;145170;38.6;19.2
56;2021-05-25;3138;4464;294522;149634;39.0;19.8
56;2021-05-26;3735;3899;298257;153533;39.5;20.3
56;2021-05-27;4358;4869;302615;158402;40.1;21.0
56;2021-05-28;4633;5958;307248;164360;40.7;21.8
56;2021-05-29;1886;1634;309134;165994;40.9;22.0
56;2021-05-30;317;66;309451;166060;41.0;22.0
56;2021-05-31;4501;3220;313952;169280;41.6;22.4
56;2021-06-01;5663;3387;319615;172667;42.3;22.9
56;2021-06-02;5639;2954;325254;175621;43.0;23.2
56;2021-06-03;6186;3304;331440;178925;43.9;23.7
56;2021-06-04;5809;4414;337249;183339;44.6;24.3
56;2021-06-05;4346;2386;341595;185725;45.2;24.6
56;2021-06-06;496;615;342091;186340;45.3;24.7
56;2021-06-07;5105;3171;347196;189511;46.0;25.1
56;2021-06-08;6065;3378;353261;192889;46.8;25.5
56;2021-06-09;6433;2813;359694;195702;47.6;25.9
56;2021-06-10;7475;2868;367169;198570;48.6;26.3
56;2021-06-11;6760;3870;373929;202440;49.5;26.8
56;2021-06-12;5100;2066;379029;204506;50.2;27.1
56;2021-06-13;1977;437;381006;204943;50.4;27.1
56;2021-06-14;3308;4592;384314;209535;50.9;27.7
56;2021-06-15;4206;4902;388520;214437;51.4;28.4
56;2021-06-16;4494;4504;393014;218941;52.0;29.0
56;2021-06-17;4253;4753;397267;223694;52.6;29.6
56;2021-06-18;4517;5971;401784;229665;53.2;30.4
56;2021-06-19;3835;2142;405619;231807;53.7;30.7
56;2021-06-20;1503;340;407122;232147;53.9;30.7
56;2021-06-21;3305;4466;410427;236613;54.3;31.3
56;2021-06-22;3480;5440;413907;242053;54.8;32.0
56;2021-06-23;3745;5064;417652;247117;55.3;32.7
56;2021-06-24;3473;5316;421125;252433;55.7;33.4
56;2021-06-25;3875;6275;425000;258708;56.2;34.2
56;2021-06-26;3188;2911;428188;261619;56.7;34.6
56;2021-06-27;306;163;428494;261782;56.7;34.6
56;2021-06-28;1567;3982;430061;265764;56.9;35.2
56;2021-06-29;2399;5744;432460;271508;57.2;35.9
56;2021-06-30;2480;5559;434940;277067;57.6;36.7
56;2021-07-01;2720;4959;437660;282026;57.9;37.3
56;2021-07-02;2647;6211;440307;288237;58.3;38.1
56;2021-07-03;2196;2684;442503;290921;58.6;38.5
56;2021-07-04;775;810;443278;291731;58.7;38.6
56;2021-07-05;1860;5448;445138;297179;58.9;39.3
56;2021-07-06;2176;5944;447314;303123;59.2;40.1
56;2021-07-07;2836;5644;450150;308767;59.6;40.9
56;2021-07-08;3061;6042;453211;314809;60.0;41.7
56;2021-07-09;2210;7108;455421;321917;60.3;42.6
56;2021-07-10;1124;3002;456545;324919;60.4;43.0
56;2021-07-11;255;343;456800;325262;60.5;43.0
56;2021-07-12;2168;6606;458968;331868;60.7;43.9
56;2021-07-13;3232;7471;462200;339339;61.2;44.9
56;2021-07-14;1772;2585;463972;341924;61.4;45.3
56;2021-07-15;3801;7067;467773;348991;61.9;46.2
56;2021-07-16;4059;8096;471832;357087;62.4;47.3
56;2021-07-17;2304;3520;474136;360607;62.8;47.7
56;2021-07-18;253;477;474389;361084;62.8;47.8
56;2021-07-19;2844;6351;477233;367435;63.2;48.6
56;2021-07-20;3700;7926;480933;375361;63.7;49.7
56;2021-07-21;3062;7526;483995;382887;64.1;50.7
56;2021-07-22;4338;8022;488333;390909;64.6;51.7
56;2021-07-23;4352;8400;492685;399309;65.2;52.8
56;2021-07-24;1682;4600;494367;403909;65.4;53.5
56;2021-07-25;547;1918;494914;405827;65.5;53.7
56;2021-07-26;3654;5457;498568;411284;66.0;54.4
56;2021-07-27;5332;6197;503900;417481;66.7;55.3
56;2021-07-28;4655;5455;508555;422936;67.3;56.0
56;2021-07-29;5354;5618;513909;428554;68.0;56.7
56;2021-07-30;5333;5841;519242;434395;68.7;57.5
56;2021-07-31;2124;2682;521366;437077;69.0;57.8
56;2021-08-01;1131;969;522497;438046;69.2;58.0
56;2021-08-02;4479;4588;526976;442634;69.7;58.6
56;2021-08-03;6323;4930;533299;447564;70.6;59.2
57;2020-12-27;2;0;2;0;0.0;0.0
57;2020-12-28;0;0;2;0;0.0;0.0
57;2020-12-29;1;0;3;0;0.0;0.0
57;2020-12-30;1;0;4;0;0.0;0.0
57;2020-12-31;0;0;4;0;0.0;0.0
57;2021-01-01;0;0;4;0;0.0;0.0
57;2021-01-02;3;0;7;0;0.0;0.0
57;2021-01-03;0;0;7;0;0.0;0.0
57;2021-01-04;15;0;22;0;0.0;0.0
57;2021-01-05;199;0;221;0;0.0;0.0
57;2021-01-06;226;1;447;1;0.0;0.0
57;2021-01-07;584;2;1031;3;0.1;0.0
57;2021-01-08;508;2;1539;5;0.1;0.0
57;2021-01-09;200;0;1739;5;0.2;0.0
57;2021-01-10;108;1;1847;6;0.2;0.0
57;2021-01-11;470;1;2317;7;0.2;0.0
57;2021-01-12;613;5;2930;12;0.3;0.0
57;2021-01-13;695;2;3625;14;0.3;0.0
57;2021-01-14;706;6;4331;20;0.4;0.0
57;2021-01-15;634;1;4965;21;0.5;0.0
57;2021-01-16;449;1;5414;22;0.5;0.0
57;2021-01-17;492;1;5906;23;0.6;0.0
57;2021-01-18;2704;18;8610;41;0.8;0.0
57;2021-01-19;2568;17;11178;58;1.1;0.0
57;2021-01-20;2762;16;13940;74;1.3;0.0
57;2021-01-21;1791;5;15731;79;1.5;0.0
57;2021-01-22;1322;6;17053;85;1.6;0.0
57;2021-01-23;543;16;17596;101;1.7;0.0
57;2021-01-24;1;0;17597;101;1.7;0.0
57;2021-01-25;869;184;18466;285;1.8;0.0
57;2021-01-26;1112;215;19578;500;1.9;0.0
57;2021-01-27;1069;183;20647;683;2.0;0.1
57;2021-01-28;1040;299;21687;982;2.1;0.1
57;2021-01-29;981;396;22668;1378;2.2;0.1
57;2021-01-30;440;94;23108;1472;2.2;0.1
57;2021-01-31;11;27;23119;1499;2.2;0.1
57;2021-02-01;826;351;23945;1850;2.3;0.2
57;2021-02-02;989;364;24934;2214;2.4;0.2
57;2021-02-03;986;320;25920;2534;2.5;0.2
57;2021-02-04;1138;809;27058;3343;2.6;0.3
57;2021-02-05;928;357;27986;3700;2.7;0.4
57;2021-02-06;480;349;28466;4049;2.7;0.4
57;2021-02-07;103;334;28569;4383;2.8;0.4
57;2021-02-08;1255;1558;29824;5941;2.9;0.6
57;2021-02-09;1761;1676;31585;7617;3.0;0.7
57;2021-02-10;1709;2078;33294;9695;3.2;0.9
57;2021-02-11;1485;1331;34779;11026;3.4;1.1
57;2021-02-12;1226;677;36005;11703;3.5;1.1
57;2021-02-13;1152;177;37157;11880;3.6;1.1
57;2021-02-14;1210;26;38367;11906;3.7;1.1
57;2021-02-15;765;863;39132;12769;3.8;1.2
57;2021-02-16;1072;801;40204;13570;3.9;1.3
57;2021-02-17;1008;961;41212;14531;4.0;1.4
57;2021-02-18;974;1160;42186;15691;4.1;1.5
57;2021-02-19;953;939;43139;16630;4.2;1.6
57;2021-02-20;1174;616;44313;17246;4.3;1.7
57;2021-02-21;323;11;44636;17257;4.3;1.7
57;2021-02-22;1230;913;45866;18170;4.4;1.8
57;2021-02-23;2234;1086;48100;19256;4.6;1.9
57;2021-02-24;2267;1001;50367;20257;4.9;2.0
57;2021-02-25;3295;1116;53662;21373;5.2;2.1
57;2021-02-26;3576;963;57238;22336;5.5;2.2
57;2021-02-27;3689;533;60927;22869;5.9;2.2
57;2021-02-28;1896;55;62823;22924;6.1;2.2
57;2021-03-01;2048;1340;64871;24264;6.3;2.3
57;2021-03-02;2851;1598;67722;25862;6.5;2.5
57;2021-03-03;2802;1609;70524;27471;6.8;2.7
57;2021-03-04;3268;1299;73792;28770;7.1;2.8
57;2021-03-05;4452;1237;78244;30007;7.6;2.9
57;2021-03-06;7238;780;85482;30787;8.3;3.0
57;2021-03-07;6071;269;91553;31056;8.8;3.0
57;2021-03-08;2297;1003;93850;32059;9.1;3.1
57;2021-03-09;3381;1304;97231;33363;9.4;3.2
57;2021-03-10;3573;962;100804;34325;9.7;3.3
57;2021-03-11;4032;1242;104836;35567;10.1;3.4
57;2021-03-12;5105;1209;109941;36776;10.6;3.6
57;2021-03-13;6281;977;116222;37753;11.2;3.6
57;2021-03-14;2424;419;118646;38172;11.5;3.7
57;2021-03-15;2957;871;121603;39043;11.7;3.8
57;2021-03-16;3060;1266;124663;40309;12.0;3.9
57;2021-03-17;3050;1135;127713;41444;12.3;4.0
57;2021-03-18;3399;1072;131112;42516;12.7;4.1
57;2021-03-19;4614;1031;135726;43547;13.1;4.2
57;2021-03-20;4695;1020;140421;44567;13.6;4.3
57;2021-03-21;1895;257;142316;44824;13.7;4.3
57;2021-03-22;2479;1470;144795;46294;14.0;4.5
57;2021-03-23;3437;2334;148232;48628;14.3;4.7
57;2021-03-24;3892;2144;152124;50772;14.7;4.9
57;2021-03-25;4736;2580;156860;53352;15.1;5.2
57;2021-03-26;4839;2254;161699;55606;15.6;5.4
57;2021-03-27;3709;3151;165408;58757;16.0;5.7
57;2021-03-28;1400;1848;166808;60605;16.1;5.9
57;2021-03-29;1937;2171;168745;62776;16.3;6.1
57;2021-03-30;3300;2484;172045;65260;16.6;6.3
57;2021-03-31;2820;2305;174865;67565;16.9;6.5
57;2021-04-01;3222;3170;178087;70735;17.2;6.8
57;2021-04-02;2391;2574;180478;73309;17.4;7.1
57;2021-04-03;2567;2664;183045;75973;17.7;7.3
57;2021-04-04;591;974;183636;76947;17.7;7.4
57;2021-04-05;1921;667;185557;77614;17.9;7.5
57;2021-04-06;2450;2829;188007;80443;18.1;7.8
57;2021-04-07;3809;3081;191816;83524;18.5;8.1
57;2021-04-08;5607;2867;197423;86391;19.1;8.3
57;2021-04-09;5008;2717;202431;89108;19.5;8.6
57;2021-04-10;2352;3635;204783;92743;19.8;9.0
57;2021-04-11;1097;1886;205880;94629;19.9;9.1
57;2021-04-12;1788;2752;207668;97381;20.0;9.4
57;2021-04-13;1974;3029;209642;100410;20.2;9.7
57;2021-04-14;1918;2986;211560;103396;20.4;10.0
57;2021-04-15;2365;3427;213925;106823;20.7;10.3
57;2021-04-16;2702;3283;216627;110106;20.9;10.6
57;2021-04-17;2471;3185;219098;113291;21.2;10.9
57;2021-04-18;1244;1775;220342;115066;21.3;11.1
57;2021-04-19;2140;2260;222482;117326;21.5;11.3
57;2021-04-20;2512;2780;224994;120106;21.7;11.6
57;2021-04-21;2568;2375;227562;122481;22.0;11.8
57;2021-04-22;3206;2249;230768;124730;22.3;12.0
57;2021-04-23;4055;2576;234823;127306;22.7;12.3
57;2021-04-24;3392;2555;238215;129861;23.0;12.5
57;2021-04-25;756;1127;238971;130988;23.1;12.6
57;2021-04-26;2969;1992;241940;132980;23.4;12.8
57;2021-04-27;3898;2370;245838;135350;23.7;13.1
57;2021-04-28;4212;2587;250050;137937;24.1;13.3
57;2021-04-29;5252;3439;255302;141376;24.6;13.6
57;2021-04-30;4725;3547;260027;144923;25.1;14.0
57;2021-05-01;2351;1683;262378;146606;25.3;14.2
57;2021-05-02;789;912;263167;147518;25.4;14.2
57;2021-05-03;3561;2987;266728;150505;25.7;14.5
57;2021-05-04;4871;3164;271599;153669;26.2;14.8
57;2021-05-05;6121;3171;277720;156840;26.8;15.1
57;2021-05-06;5990;3285;283710;160125;27.4;15.5
57;2021-05-07;6853;3444;290563;163569;28.1;15.8
57;2021-05-08;4049;1606;294612;165175;28.4;15.9
57;2021-05-09;2047;1109;296659;166284;28.6;16.1
57;2021-05-10;5126;3071;301785;169355;29.1;16.3
57;2021-05-11;7445;2850;309230;172205;29.9;16.6
57;2021-05-12;7839;3239;317069;175444;30.6;16.9
57;2021-05-13;4510;911;321579;176355;31.0;17.0
57;2021-05-14;7836;2635;329415;178990;31.8;17.3
57;2021-05-15;5962;2046;335377;181036;32.4;17.5
57;2021-05-16;3309;578;338686;181614;32.7;17.5
57;2021-05-17;3864;2066;342550;183680;33.1;17.7
57;2021-05-18;6289;2102;348839;185782;33.7;17.9
57;2021-05-19;7018;2328;355857;188110;34.4;18.2
57;2021-05-20;6046;2184;361903;190294;34.9;18.4
57;2021-05-21;7563;2915;369466;193209;35.7;18.7
57;2021-05-22;4893;2161;374359;195370;36.1;18.9
57;2021-05-23;1964;431;376323;195801;36.3;18.9
57;2021-05-24;3031;1068;379354;196869;36.6;19.0
57;2021-05-25;5575;2800;384929;199669;37.2;19.3
57;2021-05-26;6371;3179;391300;202848;37.8;19.6
57;2021-05-27;5790;3123;397090;205971;38.3;19.9
57;2021-05-28;7023;4745;404113;210716;39.0;20.3
57;2021-05-29;5221;4253;409334;214969;39.5;20.8
57;2021-05-30;1968;1743;411302;216712;39.7;20.9
57;2021-05-31;4317;3339;415619;220051;40.1;21.2
57;2021-06-01;5935;3707;421554;223758;40.7;21.6
57;2021-06-02;6340;3902;427894;227660;41.3;22.0
57;2021-06-03;6211;3694;434105;231354;41.9;22.3
57;2021-06-04;7558;4987;441663;236341;42.6;22.8
57;2021-06-05;4767;4030;446430;240371;43.1;23.2
57;2021-06-06;1995;891;448425;241262;43.3;23.3
57;2021-06-07;4322;4034;452747;245296;43.7;23.7
57;2021-06-08;6709;4305;459456;249601;44.4;24.1
57;2021-06-09;6869;4154;466325;253755;45.0;24.5
57;2021-06-10;6214;4585;472539;258340;45.6;24.9
57;2021-06-11;5358;5355;477897;263695;46.1;25.5
57;2021-06-12;5737;4451;483634;268146;46.7;25.9
57;2021-06-13;1497;1136;485131;269282;46.8;26.0
57;2021-06-14;3366;4707;488497;273989;47.2;26.5
57;2021-06-15;3804;6011;492301;280000;47.5;27.0
57;2021-06-16;4390;6592;496691;286592;47.9;27.7
57;2021-06-17;4190;6078;500881;292670;48.4;28.3
57;2021-06-18;4272;7302;505153;299972;48.8;29.0
57;2021-06-19;4135;6288;509288;306260;49.2;29.6
57;2021-06-20;967;1666;510255;307926;49.3;29.7
57;2021-06-21;2064;5971;512319;313897;49.5;30.3
57;2021-06-22;2638;7990;514957;321887;49.7;31.1
57;2021-06-23;3067;8387;518024;330274;50.0;31.9
57;2021-06-24;2451;5288;520475;335562;50.2;32.4
57;2021-06-25;2853;7827;523328;343389;50.5;33.1
57;2021-06-26;2857;7259;526185;350648;50.8;33.9
57;2021-06-27;749;2982;526934;353630;50.9;34.1
57;2021-06-28;1587;5075;528521;358705;51.0;34.6
57;2021-06-29;2075;6826;530596;365531;51.2;35.3
57;2021-06-30;3037;7314;533633;372845;51.5;36.0
57;2021-07-01;2670;5946;536303;378791;51.8;36.6
57;2021-07-02;2649;8076;538952;386867;52.0;37.3
57;2021-07-03;3227;6529;542179;393396;52.3;38.0
57;2021-07-04;942;2460;543121;395856;52.4;38.2
57;2021-07-05;1670;4607;544791;400463;52.6;38.7
57;2021-07-06;2402;6477;547193;406940;52.8;39.3
57;2021-07-07;2705;7086;549898;414026;53.1;40.0
57;2021-07-08;2464;5875;552362;419901;53.3;40.5
57;2021-07-09;3412;8417;555774;428318;53.7;41.3
57;2021-07-10;3084;6929;558858;435247;54.0;42.0
57;2021-07-11;846;2226;559704;437473;54.0;42.2
57;2021-07-12;2386;6417;562090;443890;54.3;42.9
57;2021-07-13;4379;7492;566469;451382;54.7;43.6
57;2021-07-14;2811;3851;569280;455233;55.0;43.9
57;2021-07-15;3912;7766;573192;462999;55.3;44.7
57;2021-07-16;5612;9813;578804;472812;55.9;45.6
57;2021-07-17;5797;7277;584601;480089;56.4;46.3
57;2021-07-18;1478;2652;586079;482741;56.6;46.6
57;2021-07-19;2348;6204;588427;488945;56.8;47.2
57;2021-07-20;4299;6904;592726;495849;57.2;47.9
57;2021-07-21;5262;6880;597988;502729;57.7;48.5
57;2021-07-22;5928;5948;603916;508677;58.3;49.1
57;2021-07-23;6988;6367;610904;515044;59.0;49.7
57;2021-07-24;4514;7023;615418;522067;59.4;50.4
57;2021-07-25;1332;1763;616750;523830;59.5;50.6
57;2021-07-26;3702;4487;620452;528317;59.9;51.0
57;2021-07-27;6812;4909;627264;533226;60.6;51.5
57;2021-07-28;7431;4511;634695;537737;61.3;51.9
57;2021-07-29;7567;4567;642262;542304;62.0;52.4
57;2021-07-30;6806;4837;649068;547141;62.7;52.8
57;2021-07-31;5664;4989;654732;552130;63.2;53.3
57;2021-08-01;2017;1104;656749;553234;63.4;53.4
57;2021-08-02;3493;3167;660242;556401;63.7;53.7
57;2021-08-03;5438;4247;665680;560648;64.3;54.1
58;2020-12-27;0;0;0;0;0.0;0.0
58;2020-12-28;0;0;0;0;0.0;0.0
58;2020-12-29;0;0;0;0;0.0;0.0
58;2020-12-30;0;0;0;0;0.0;0.0
58;2020-12-31;0;0;0;0;0.0;0.0
58;2021-01-01;0;0;0;0;0.0;0.0
58;2021-01-02;0;0;0;0;0.0;0.0
58;2021-01-03;1;0;1;0;0.0;0.0
58;2021-01-04;0;0;1;0;0.0;0.0
58;2021-01-05;0;0;1;0;0.0;0.0
58;2021-01-06;145;0;146;0;0.1;0.0
58;2021-01-07;241;0;387;0;0.2;0.0
58;2021-01-08;63;0;450;0;0.2;0.0
58;2021-01-09;1;0;451;0;0.2;0.0
58;2021-01-10;0;0;451;0;0.2;0.0
58;2021-01-11;54;0;505;0;0.3;0.0
58;2021-01-12;255;0;760;0;0.4;0.0
58;2021-01-13;402;0;1162;0;0.6;0.0
58;2021-01-14;291;1;1453;1;0.7;0.0
58;2021-01-15;141;0;1594;1;0.8;0.0
58;2021-01-16;10;1;1604;2;0.8;0.0
58;2021-01-17;0;0;1604;2;0.8;0.0
58;2021-01-18;413;1;2017;3;1.0;0.0
58;2021-01-19;986;2;3003;5;1.5;0.0
58;2021-01-20;1203;1;4206;6;2.1;0.0
58;2021-01-21;961;4;5167;10;2.6;0.0
58;2021-01-22;769;2;5936;12;3.0;0.0
58;2021-01-23;251;0;6187;12;3.1;0.0
58;2021-01-24;2;0;6189;12;3.1;0.0
58;2021-01-25;438;0;6627;12;3.3;0.0
58;2021-01-26;649;3;7276;15;3.6;0.0
58;2021-01-27;604;44;7880;59;3.9;0.0
58;2021-01-28;756;67;8636;126;4.3;0.1
58;2021-01-29;837;7;9473;133;4.7;0.1
58;2021-01-30;281;0;9754;133;4.9;0.1
58;2021-01-31;10;0;9764;133;4.9;0.1
58;2021-02-01;201;71;9965;204;5.0;0.1
58;2021-02-02;565;85;10530;289;5.3;0.1
58;2021-02-03;278;149;10808;438;5.4;0.2
58;2021-02-04;285;93;11093;531;5.6;0.3
58;2021-02-05;184;94;11277;625;5.6;0.3
58;2021-02-06;89;0;11366;625;5.7;0.3
58;2021-02-07;0;0;11366;625;5.7;0.3
58;2021-02-08;306;74;11672;699;5.8;0.4
58;2021-02-09;503;315;12175;1014;6.1;0.5
58;2021-02-10;349;381;12524;1395;6.3;0.7
58;2021-02-11;287;380;12811;1775;6.4;0.9
58;2021-02-12;243;201;13054;1976;6.5;1.0
58;2021-02-13;83;29;13137;2005;6.6;1.0
58;2021-02-14;0;3;13137;2008;6.6;1.0
58;2021-02-15;114;531;13251;2539;6.6;1.3
58;2021-02-16;208;939;13459;3478;6.7;1.7
58;2021-02-17;217;768;13676;4246;6.9;2.1
58;2021-02-18;187;792;13863;5038;6.9;2.5
58;2021-02-19;241;725;14104;5763;7.1;2.9
58;2021-02-20;62;230;14166;5993;7.1;3.0
58;2021-02-21;0;30;14166;6023;7.1;3.0
58;2021-02-22;77;405;14243;6428;7.1;3.2
58;2021-02-23;48;623;14291;7051;7.2;3.5
58;2021-02-24;39;634;14330;7685;7.2;3.9
58;2021-02-25;252;703;14582;8388;7.3;4.2
58;2021-02-26;246;624;14828;9012;7.4;4.5
58;2021-02-27;104;189;14932;9201;7.5;4.6
58;2021-02-28;11;8;14943;9209;7.5;4.6
58;2021-03-01;145;246;15088;9455;7.6;4.7
58;2021-03-02;415;644;15503;10099;7.8;5.1
58;2021-03-03;519;290;16022;10389;8.0;5.2
58;2021-03-04;723;277;16745;10666;8.4;5.3
58;2021-03-05;866;205;17611;10871;8.8;5.4
58;2021-03-06;574;84;18185;10955;9.1;5.5
58;2021-03-07;63;11;18248;10966;9.1;5.5
58;2021-03-08;151;298;18399;11264;9.2;5.6
58;2021-03-09;544;548;18943;11812;9.5;5.9
58;2021-03-10;837;241;19780;12053;9.9;6.0
58;2021-03-11;856;272;20636;12325;10.3;6.2
58;2021-03-12;862;198;21498;12523;10.8;6.3
58;2021-03-13;506;67;22004;12590;11.0;6.3
58;2021-03-14;34;0;22038;12590;11.0;6.3
58;2021-03-15;528;110;22566;12700;11.3;6.4
58;2021-03-16;726;221;23292;12921;11.7;6.5
58;2021-03-17;756;191;24048;13112;12.0;6.6
58;2021-03-18;582;175;24630;13287;12.3;6.7
58;2021-03-19;534;103;25164;13390;12.6;6.7
58;2021-03-20;322;64;25486;13454;12.8;6.7
58;2021-03-21;17;0;25503;13454;12.8;6.7
58;2021-03-22;794;21;26297;13475;13.2;6.8
58;2021-03-23;1636;40;27933;13515;14.0;6.8
58;2021-03-24;1359;73;29292;13588;14.7;6.8
58;2021-03-25;1840;41;31132;13629;15.6;6.8
58;2021-03-26;1413;50;32545;13679;16.3;6.9
58;2021-03-27;358;6;32903;13685;16.5;6.9
58;2021-03-28;20;0;32923;13685;16.5;6.9
58;2021-03-29;639;154;33562;13839;16.8;6.9
58;2021-03-30;1185;249;34747;14088;17.4;7.1
58;2021-03-31;1117;395;35864;14483;18.0;7.3
58;2021-04-01;1546;398;37410;14881;18.7;7.5
58;2021-04-02;1460;362;38870;15243;19.5;7.6
58;2021-04-03;566;149;39436;15392;19.8;7.7
58;2021-04-04;0;0;39436;15392;19.8;7.7
58;2021-04-05;46;0;39482;15392;19.8;7.7
58;2021-04-06;819;343;40301;15735;20.2;7.9
58;2021-04-07;695;548;40996;16283;20.5;8.2
58;2021-04-08;1493;420;42489;16703;21.3;8.4
58;2021-04-09;1772;481;44261;17184;22.2;8.6
58;2021-04-10;652;201;44913;17385;22.5;8.7
58;2021-04-11;17;3;44930;17388;22.5;8.7
58;2021-04-12;1117;502;46047;17890;23.1;9.0
58;2021-04-13;1437;623;47484;18513;23.8;9.3
58;2021-04-14;1339;672;48823;19185;24.5;9.6
58;2021-04-15;1433;599;50256;19784;25.2;9.9
58;2021-04-16;1734;511;51990;20295;26.0;10.2
58;2021-04-17;721;231;52711;20526;26.4;10.3
58;2021-04-18;20;7;52731;20533;26.4;10.3
58;2021-04-19;533;605;53264;21138;26.7;10.6
58;2021-04-20;486;1120;53750;22258;26.9;11.2
58;2021-04-21;626;970;54376;23228;27.2;11.6
58;2021-04-22;767;1526;55143;24754;27.6;12.4
58;2021-04-23;919;783;56062;25537;28.1;12.8
58;2021-04-24;211;204;56273;25741;28.2;12.9
58;2021-04-25;109;9;56382;25750;28.2;12.9
58;2021-04-26;762;247;57144;25997;28.6;13.0
58;2021-04-27;1499;1110;58643;27107;29.4;13.6
58;2021-04-28;1535;1050;60178;28157;30.1;14.1
58;2021-04-29;1442;1039;61620;29196;30.9;14.6
58;2021-04-30;1257;939;62877;30135;31.5;15.1
58;2021-05-01;6;17;62883;30152;31.5;15.1
58;2021-05-02;4;2;62887;30154;31.5;15.1
58;2021-05-03;1045;401;63932;30555;32.0;15.3
58;2021-05-04;1078;1347;65010;31902;32.6;16.0
58;2021-05-05;951;1091;65961;32993;33.0;16.5
58;2021-05-06;1360;1058;67321;34051;33.7;17.1
58;2021-05-07;1110;1087;68431;35138;34.3;17.6
58;2021-05-08;59;60;68490;35198;34.3;17.6
58;2021-05-09;5;19;68495;35217;34.3;17.6
58;2021-05-10;875;989;69370;36206;34.8;18.1
58;2021-05-11;1185;1981;70555;38187;35.3;19.1
58;2021-05-12;1662;1552;72217;39739;36.2;19.9
58;2021-05-13;50;181;72267;39920;36.2;20.0
58;2021-05-14;2308;906;74575;40826;37.4;20.5
58;2021-05-15;1725;457;76300;41283;38.2;20.7
58;2021-05-16;118;30;76418;41313;38.3;20.7
58;2021-05-17;792;607;77210;41920;38.7;21.0
58;2021-05-18;1332;1183;78542;43103;39.4;21.6
58;2021-05-19;1736;542;80278;43645;40.2;21.9
58;2021-05-20;1699;666;81977;44311;41.1;22.2
58;2021-05-21;855;728;82832;45039;41.5;22.6
58;2021-05-22;304;239;83136;45278;41.7;22.7
58;2021-05-23;2;21;83138;45299;41.7;22.7
58;2021-05-24;21;43;83159;45342;41.7;22.7
58;2021-05-25;1386;1152;84545;46494;42.4;23.3
58;2021-05-26;844;840;85389;47334;42.8;23.7
58;2021-05-27;750;943;86139;48277;43.2;24.2
58;2021-05-28;430;911;86569;49188;43.4;24.6
58;2021-05-29;151;212;86720;49400;43.4;24.7
58;2021-05-30;20;19;86740;49419;43.5;24.8
58;2021-05-31;757;398;87497;49817;43.8;25.0
58;2021-06-01;1371;1658;88868;51475;44.5;25.8
58;2021-06-02;1462;1044;90330;52519;45.3;26.3
58;2021-06-03;1026;958;91356;53477;45.8;26.8
58;2021-06-04;844;913;92200;54390;46.2;27.3
58;2021-06-05;272;262;92472;54652;46.3;27.4
58;2021-06-06;24;49;92496;54701;46.3;27.4
58;2021-06-07;713;791;93209;55492;46.7;27.8
58;2021-06-08;1324;1757;94533;57249;47.4;28.7
58;2021-06-09;1401;1006;95934;58255;48.1;29.2
58;2021-06-10;1108;981;97042;59236;48.6;29.7
58;2021-06-11;1030;906;98072;60142;49.1;30.1
58;2021-06-12;1055;415;99127;60557;49.7;30.3
58;2021-06-13;36;33;99163;60590;49.7;30.4
58;2021-06-14;516;1016;99679;61606;49.9;30.9
58;2021-06-15;1594;1756;101273;63362;50.7;31.7
58;2021-06-16;1805;993;103078;64355;51.6;32.2
58;2021-06-17;2023;1111;105101;65466;52.7;32.8
58;2021-06-18;985;1062;106086;66528;53.2;33.3
58;2021-06-19;581;319;106667;66847;53.4;33.5
58;2021-06-20;8;2;106675;66849;53.4;33.5
58;2021-06-21;472;551;107147;67400;53.7;33.8
58;2021-06-22;1027;1964;108174;69364;54.2;34.8
58;2021-06-23;1476;1510;109650;70874;54.9;35.5
58;2021-06-24;728;1028;110378;71902;55.3;36.0
58;2021-06-25;827;1715;111205;73617;55.7;36.9
58;2021-06-26;554;1226;111759;74843;56.0;37.5
58;2021-06-27;17;26;111776;74869;56.0;37.5
58;2021-06-28;461;988;112237;75857;56.2;38.0
58;2021-06-29;621;2164;112858;78021;56.5;39.1
58;2021-06-30;996;1622;113854;79643;57.0;39.9
58;2021-07-01;754;1673;114608;81316;57.4;40.7
58;2021-07-02;451;849;115059;82165;57.6;41.2
58;2021-07-03;248;512;115307;82677;57.8;41.4
58;2021-07-04;12;30;115319;82707;57.8;41.4
58;2021-07-05;509;770;115828;83477;58.0;41.8
58;2021-07-06;693;2125;116521;85602;58.4;42.9
58;2021-07-07;380;960;116901;86562;58.6;43.4
58;2021-07-08;395;1021;117296;87583;58.8;43.9
58;2021-07-09;709;1420;118005;89003;59.1;44.6
58;2021-07-10;260;413;118265;89416;59.3;44.8
58;2021-07-11;175;52;118440;89468;59.3;44.8
58;2021-07-12;198;969;118638;90437;59.4;45.3
58;2021-07-13;929;2500;119567;92937;59.9;46.6
58;2021-07-14;27;62;119594;92999;59.9;46.6
58;2021-07-15;1125;1941;120719;94940;60.5;47.6
58;2021-07-16;1406;1445;122125;96385;61.2;48.3
58;2021-07-17;461;286;122586;96671;61.4;48.4
58;2021-07-18;102;21;122688;96692;61.5;48.4
58;2021-07-19;1642;996;124330;97688;62.3;48.9
58;2021-07-20;1403;2457;125733;100145;63.0;50.2
58;2021-07-21;1182;2036;126915;102181;63.6;51.2
58;2021-07-22;1133;1670;128048;103851;64.2;52.0
58;2021-07-23;1256;1444;129304;105295;64.8;52.8
58;2021-07-24;993;1269;130297;106564;65.3;53.4
58;2021-07-25;88;39;130385;106603;65.3;53.4
58;2021-07-26;976;859;131361;107462;65.8;53.8
58;2021-07-27;1558;2579;132919;110041;66.6;55.1
58;2021-07-28;1568;1960;134487;112001;67.4;56.1
58;2021-07-29;1567;1614;136054;113615;68.2;56.9
58;2021-07-30;1457;1420;137511;115035;68.9;57.6
58;2021-07-31;559;521;138070;115556;69.2;57.9
58;2021-08-01;32;13;138102;115569;69.2;57.9
58;2021-08-02;1573;858;139675;116427;70.0;58.3
58;2021-08-03;1925;1740;141600;118167;70.9;59.2
59;2020-12-27;1;0;1;0;0.0;0.0
59;2020-12-28;26;0;27;0;0.0;0.0
59;2020-12-29;0;0;27;0;0.0;0.0
59;2020-12-30;0;0;27;0;0.0;0.0
59;2020-12-31;0;0;27;0;0.0;0.0
59;2021-01-01;3;0;30;0;0.0;0.0
59;2021-01-02;1;0;31;0;0.0;0.0
59;2021-01-03;2;0;33;0;0.0;0.0
59;2021-01-04;79;0;112;0;0.0;0.0
59;2021-01-05;217;0;329;0;0.0;0.0
59;2021-01-06;429;2;758;2;0.0;0.0
59;2021-01-07;1312;0;2070;2;0.1;0.0
59;2021-01-08;1262;4;3332;6;0.1;0.0
59;2021-01-09;609;3;3941;9;0.2;0.0
59;2021-01-10;427;0;4368;9;0.2;0.0
59;2021-01-11;1841;5;6209;14;0.2;0.0
59;2021-01-12;2470;2;8679;16;0.3;0.0
59;2021-01-13;2361;3;11040;19;0.4;0.0
59;2021-01-14;2754;21;13794;40;0.5;0.0
59;2021-01-15;2273;16;16067;56;0.6;0.0
59;2021-01-16;770;1;16837;57;0.7;0.0
59;2021-01-17;559;1;17396;58;0.7;0.0
59;2021-01-18;3506;14;20902;72;0.8;0.0
59;2021-01-19;4747;9;25649;81;1.0;0.0
59;2021-01-20;4131;13;29780;94;1.2;0.0
59;2021-01-21;4723;39;34503;133;1.3;0.0
59;2021-01-22;4013;11;38516;144;1.5;0.0
59;2021-01-23;1212;3;39728;147;1.5;0.0
59;2021-01-24;168;0;39896;147;1.5;0.0
59;2021-01-25;2728;59;42624;206;1.6;0.0
59;2021-01-26;2802;136;45426;342;1.8;0.0
59;2021-01-27;1735;308;47161;650;1.8;0.0
59;2021-01-28;3396;764;50557;1414;2.0;0.1
59;2021-01-29;2539;793;53096;2207;2.1;0.1
59;2021-01-30;287;178;53383;2385;2.1;0.1
59;2021-01-31;24;0;53407;2385;2.1;0.1
59;2021-02-01;75;865;53482;3250;2.1;0.1
59;2021-02-02;680;1435;54162;4685;2.1;0.2
59;2021-02-03;3741;1438;57903;6123;2.2;0.2
59;2021-02-04;2957;1743;60860;7866;2.4;0.3
59;2021-02-05;1048;1410;61908;9276;2.4;0.4
59;2021-02-06;206;355;62114;9631;2.4;0.4
59;2021-02-07;266;49;62380;9680;2.4;0.4
59;2021-02-08;683;1628;63063;11308;2.4;0.4
59;2021-02-09;1007;1852;64070;13160;2.5;0.5
59;2021-02-10;973;1639;65043;14799;2.5;0.6
59;2021-02-11;1340;1812;66383;16611;2.6;0.6
59;2021-02-12;1409;1642;67792;18253;2.6;0.7
59;2021-02-13;207;749;67999;19002;2.6;0.7
59;2021-02-14;13;42;68012;19044;2.6;0.7
59;2021-02-15;1391;3123;69403;22167;2.7;0.9
59;2021-02-16;1431;3778;70834;25945;2.7;1.0
59;2021-02-17;1618;3833;72452;29778;2.8;1.2
59;2021-02-18;3100;5194;75552;34972;2.9;1.4
59;2021-02-19;3209;3616;78761;38588;3.0;1.5
59;2021-02-20;1413;1592;80174;40180;3.1;1.6
59;2021-02-21;242;261;80416;40441;3.1;1.6
59;2021-02-22;1431;2592;81847;43033;3.2;1.7
59;2021-02-23;2657;2866;84504;45899;3.3;1.8
59;2021-02-24;4105;4056;88609;49955;3.4;1.9
59;2021-02-25;6916;3719;95525;53674;3.7;2.1
59;2021-02-26;6495;1889;102020;55563;3.9;2.1
59;2021-02-27;3093;175;105113;55738;4.1;2.2
59;2021-02-28;208;59;105321;55797;4.1;2.2
59;2021-03-01;3692;657;109013;56454;4.2;2.2
59;2021-03-02;4787;564;113800;57018;4.4;2.2
59;2021-03-03;5740;981;119540;57999;4.6;2.2
59;2021-03-04;7076;931;126616;58930;4.9;2.3
59;2021-03-05;7820;966;134436;59896;5.2;2.3
59;2021-03-06;11553;505;145989;60401;5.6;2.3
59;2021-03-07;7582;331;153571;60732;5.9;2.3
59;2021-03-08;4495;1087;158066;61819;6.1;2.4
59;2021-03-09;6576;1391;164642;63210;6.4;2.4
59;2021-03-10;7021;1168;171663;64378;6.6;2.5
59;2021-03-11;9470;1840;181133;66218;7.0;2.6
59;2021-03-12;12136;1489;193269;67707;7.5;2.6
59;2021-03-13;16549;1027;209818;68734;8.1;2.7
59;2021-03-14;6958;303;216776;69037;8.4;2.7
59;2021-03-15;5608;1491;222384;70528;8.6;2.7
59;2021-03-16;3736;1312;226120;71840;8.7;2.8
59;2021-03-17;3850;2083;229970;73923;8.9;2.9
59;2021-03-18;3953;2489;233923;76412;9.0;3.0
59;2021-03-19;7725;1807;241648;78219;9.3;3.0
59;2021-03-20;16008;1228;257656;79447;10.0;3.1
59;2021-03-21;6310;427;263966;79874;10.2;3.1
59;2021-03-22;5442;1767;269408;81641;10.4;3.2
59;2021-03-23;7766;2807;277174;84448;10.7;3.3
59;2021-03-24;6861;2953;284035;87401;11.0;3.4
59;2021-03-25;10519;2517;294554;89918;11.4;3.5
59;2021-03-26;12246;2823;306800;92741;11.9;3.6
59;2021-03-27;15269;1090;322069;93831;12.4;3.6
59;2021-03-28;7977;334;330046;94165;12.7;3.6
59;2021-03-29;5493;3195;335539;97360;13.0;3.8
59;2021-03-30;7537;3726;343076;101086;13.3;3.9
59;2021-03-31;6148;4092;349224;105178;13.5;4.1
59;2021-04-01;7488;4900;356712;110078;13.8;4.3
59;2021-04-02;7634;5510;364346;115588;14.1;4.5
59;2021-04-03;13013;4282;377359;119870;14.6;4.6
59;2021-04-04;5349;2176;382708;122046;14.8;4.7
59;2021-04-05;6008;1529;388716;123575;15.0;4.8
59;2021-04-06;5396;4485;394112;128060;15.2;4.9
59;2021-04-07;7626;5412;401738;133472;15.5;5.2
59;2021-04-08;10386;5714;412124;139186;15.9;5.4
59;2021-04-09;13417;5902;425541;145088;16.4;5.6
59;2021-04-10;11472;6124;437013;151212;16.9;5.8
59;2021-04-11;4633;3565;441646;154777;17.1;6.0
59;2021-04-12;6309;4335;447955;159112;17.3;6.1
59;2021-04-13;8928;4771;456883;163883;17.6;6.3
59;2021-04-14;8790;4319;465673;168202;18.0;6.5
59;2021-04-15;10302;4821;475975;173023;18.4;6.7
59;2021-04-16;10882;5490;486857;178513;18.8;6.9
59;2021-04-17;7296;9072;494153;187585;19.1;7.2
59;2021-04-18;3230;4168;497383;191753;19.2;7.4
59;2021-04-19;5045;4302;502428;196055;19.4;7.6
59;2021-04-20;6897;4206;509325;200261;19.7;7.7
59;2021-04-21;6245;4414;515570;204675;19.9;7.9
59;2021-04-22;8590;5496;524160;210171;20.2;8.1
59;2021-04-23;8451;5668;532611;215839;20.6;8.3
59;2021-04-24;5538;8062;538149;223901;20.8;8.6
59;2021-04-25;3240;6076;541389;229977;20.9;8.9
59;2021-04-26;6490;3785;547879;233762;21.2;9.0
59;2021-04-27;8360;5183;556239;238945;21.5;9.2
59;2021-04-28;8764;6561;565003;245506;21.8;9.5
59;2021-04-29;9409;8561;574412;254067;22.2;9.8
59;2021-04-30;10598;8531;585010;262598;22.6;10.1
59;2021-05-01;11994;7580;597004;270178;23.1;10.4
59;2021-05-02;8646;5982;605650;276160;23.4;10.7
59;2021-05-03;9554;5061;615204;281221;23.8;10.9
59;2021-05-04;11426;6003;626630;287224;24.2;11.1
59;2021-05-05;10292;6209;636922;293433;24.6;11.3
59;2021-05-06;11194;8446;648116;301879;25.0;11.7
59;2021-05-07;13292;9619;661408;311498;25.5;12.0
59;2021-05-08;14729;4154;676137;315652;26.1;12.2
59;2021-05-09;11494;3332;687631;318984;26.6;12.3
59;2021-05-10;12738;6633;700369;325617;27.1;12.6
59;2021-05-11;15111;8330;715480;333947;27.6;12.9
59;2021-05-12;16627;8631;732107;342578;28.3;13.2
59;2021-05-13;18438;3442;750545;346020;29.0;13.4
59;2021-05-14;15780;6958;766325;352978;29.6;13.6
59;2021-05-15;23442;5298;789767;358276;30.5;13.8
59;2021-05-16;21184;2401;810951;360677;31.3;13.9
59;2021-05-17;15073;5269;826024;365946;31.9;14.1
59;2021-05-18;16918;5662;842942;371608;32.6;14.4
59;2021-05-19;18313;5085;861255;376693;33.3;14.5
59;2021-05-20;17928;7014;879183;383707;34.0;14.8
59;2021-05-21;18366;8285;897549;391992;34.7;15.1
59;2021-05-22;23809;5683;921358;397675;35.6;15.4
59;2021-05-23;17921;2264;939279;399939;36.3;15.4
59;2021-05-24;16689;2121;955968;402060;36.9;15.5
59;2021-05-25;14990;6674;970958;408734;37.5;15.8
59;2021-05-26;15890;7038;986848;415772;38.1;16.1
59;2021-05-27;16145;9177;1002993;424949;38.7;16.4
59;2021-05-28;15883;11469;1018876;436418;39.4;16.9
59;2021-05-29;14364;8728;1033240;445146;39.9;17.2
59;2021-05-30;8403;1837;1041643;446983;40.2;17.3
59;2021-05-31;14200;7957;1055843;454940;40.8;17.6
59;2021-06-01;15088;10422;1070931;465362;41.4;18.0
59;2021-06-02;14761;9927;1085692;475289;41.9;18.4
59;2021-06-03;15630;12125;1101322;487414;42.5;18.8
59;2021-06-04;15589;13494;1116911;500908;43.1;19.3
59;2021-06-05;14974;9333;1131885;510241;43.7;19.7
59;2021-06-06;8827;3201;1140712;513442;44.1;19.8
59;2021-06-07;10525;9443;1151237;522885;44.5;20.2
59;2021-06-08;11755;11082;1162992;533967;44.9;20.6
59;2021-06-09;10761;11915;1173753;545882;45.3;21.1
59;2021-06-10;11489;12315;1185242;558197;45.8;21.6
59;2021-06-11;10974;16019;1196216;574216;46.2;22.2
59;2021-06-12;11075;13677;1207291;587893;46.6;22.7
59;2021-06-13;6339;7027;1213630;594920;46.9;23.0
59;2021-06-14;6499;12694;1220129;607614;47.1;23.5
59;2021-06-15;8233;15956;1228362;623570;47.4;24.1
59;2021-06-16;9199;13549;1237561;637119;47.8;24.6
59;2021-06-17;9183;15642;1246744;652761;48.2;25.2
59;2021-06-18;9074;20042;1255818;672803;48.5;26.0
59;2021-06-19;8951;17478;1264769;690281;48.9;26.7
59;2021-06-20;4896;10193;1269665;700474;49.0;27.1
59;2021-06-21;5273;15975;1274938;716449;49.2;27.7
59;2021-06-22;6330;18691;1281268;735140;49.5;28.4
59;2021-06-23;6146;19086;1287414;754226;49.7;29.1
59;2021-06-24;7321;20525;1294735;774751;50.0;29.9
59;2021-06-25;6498;21203;1301233;795954;50.3;30.7
59;2021-06-26;6480;23761;1307713;819715;50.5;31.7
59;2021-06-27;4752;17080;1312465;836795;50.7;32.3
59;2021-06-28;4992;19824;1317457;856619;50.9;33.1
59;2021-06-29;5524;20360;1322981;876979;51.1;33.9
59;2021-06-30;6114;20099;1329095;897078;51.3;34.6
59;2021-07-01;6727;20841;1335822;917919;51.6;35.5
59;2021-07-02;6804;23232;1342626;941151;51.9;36.4
59;2021-07-03;5552;24616;1348178;965767;52.1;37.3
59;2021-07-04;4408;15978;1352586;981745;52.2;37.9
59;2021-07-05;5636;17483;1358222;999228;52.5;38.6
59;2021-07-06;6579;18815;1364801;1018043;52.7;39.3
59;2021-07-07;6805;17481;1371606;1035524;53.0;40.0
59;2021-07-08;7986;17714;1379592;1053238;53.3;40.7
59;2021-07-09;7683;20312;1387275;1073550;53.6;41.5
59;2021-07-10;7424;18543;1394699;1092093;53.9;42.2
59;2021-07-11;4445;10236;1399144;1102329;54.0;42.6
59;2021-07-12;5831;18054;1404975;1120383;54.3;43.3
59;2021-07-13;9857;20766;1414832;1141149;54.6;44.1
59;2021-07-14;9756;8456;1424588;1149605;55.0;44.4
59;2021-07-15;11577;20417;1436165;1170022;55.5;45.2
59;2021-07-16;13139;20500;1449304;1190522;56.0;46.0
59;2021-07-17;12346;17428;1461650;1207950;56.5;46.7
59;2021-07-18;7922;8680;1469572;1216630;56.8;47.0
59;2021-07-19;10345;16428;1479917;1233058;57.2;47.6
59;2021-07-20;13339;17105;1493256;1250163;57.7;48.3
59;2021-07-21;14471;15555;1507727;1265718;58.2;48.9
59;2021-07-22;16954;15167;1524681;1280885;58.9;49.5
59;2021-07-23;15670;15798;1540351;1296683;59.5;50.1
59;2021-07-24;16298;12226;1556649;1308909;60.1;50.6
59;2021-07-25;11893;7270;1568542;1316179;60.6;50.8
59;2021-07-26;12992;12565;1581534;1328744;61.1;51.3
59;2021-07-27;16074;11901;1597608;1340645;61.7;51.8
59;2021-07-28;17339;11577;1614947;1352222;62.4;52.2
59;2021-07-29;17294;11585;1632241;1363807;63.0;52.7
59;2021-07-30;15823;11497;1648064;1375304;63.7;53.1
59;2021-07-31;13839;9048;1661903;1384352;64.2;53.5
59;2021-08-01;9925;4440;1671828;1388792;64.6;53.6
59;2021-08-02;12029;9910;1683857;1398702;65.0;54.0
59;2021-08-03;13170;9897;1697027;1408599;65.5;54.4
60;2020-12-27;0;0;0;0;0.0;0.0
60;2020-12-28;0;0;0;0;0.0;0.0
60;2020-12-29;1;0;1;0;0.0;0.0
60;2020-12-30;0;0;1;0;0.0;0.0
60;2020-12-31;0;0;1;0;0.0;0.0
60;2021-01-01;0;0;1;0;0.0;0.0
60;2021-01-02;5;0;6;0;0.0;0.0
60;2021-01-03;1;0;7;0;0.0;0.0
60;2021-01-04;1;0;8;0;0.0;0.0
60;2021-01-05;37;0;45;0;0.0;0.0
60;2021-01-06;188;4;233;4;0.0;0.0
60;2021-01-07;236;4;469;8;0.1;0.0
60;2021-01-08;379;3;848;11;0.1;0.0
60;2021-01-09;3;0;851;11;0.1;0.0
60;2021-01-10;60;0;911;11;0.1;0.0
60;2021-01-11;342;2;1253;13;0.2;0.0
60;2021-01-12;534;2;1787;15;0.2;0.0
60;2021-01-13;476;5;2263;20;0.3;0.0
60;2021-01-14;507;5;2770;25;0.3;0.0
60;2021-01-15;700;6;3470;31;0.4;0.0
60;2021-01-16;124;1;3594;32;0.4;0.0
60;2021-01-17;31;0;3625;32;0.4;0.0
60;2021-01-18;859;5;4484;37;0.5;0.0
60;2021-01-19;1168;10;5652;47;0.7;0.0
60;2021-01-20;1687;10;7339;57;0.9;0.0
60;2021-01-21;2187;9;9526;66;1.2;0.0
60;2021-01-22;1523;13;11049;79;1.3;0.0
60;2021-01-23;499;3;11548;82;1.4;0.0
60;2021-01-24;61;1;11609;83;1.4;0.0
60;2021-01-25;893;13;12502;96;1.5;0.0
60;2021-01-26;949;13;13451;109;1.6;0.0
60;2021-01-27;640;8;14091;117;1.7;0.0
60;2021-01-28;395;169;14486;286;1.8;0.0
60;2021-01-29;77;106;14563;392;1.8;0.0
60;2021-01-30;0;1;14563;393;1.8;0.0
60;2021-01-31;22;61;14585;454;1.8;0.1
60;2021-02-01;38;108;14623;562;1.8;0.1
60;2021-02-02;26;161;14649;723;1.8;0.1
60;2021-02-03;161;237;14810;960;1.8;0.1
60;2021-02-04;169;340;14979;1300;1.8;0.2
60;2021-02-05;313;476;15292;1776;1.9;0.2
60;2021-02-06;63;79;15355;1855;1.9;0.2
60;2021-02-07;31;32;15386;1887;1.9;0.2
60;2021-02-08;326;517;15712;2404;1.9;0.3
60;2021-02-09;317;467;16029;2871;1.9;0.3
60;2021-02-10;552;993;16581;3864;2.0;0.5
60;2021-02-11;934;1127;17515;4991;2.1;0.6
60;2021-02-12;911;857;18426;5848;2.2;0.7
60;2021-02-13;90;309;18516;6157;2.2;0.7
60;2021-02-14;24;92;18540;6249;2.2;0.8
60;2021-02-15;613;808;19153;7057;2.3;0.9
60;2021-02-16;581;928;19734;7985;2.4;1.0
60;2021-02-17;631;930;20365;8915;2.5;1.1
60;2021-02-18;684;823;21049;9738;2.6;1.2
60;2021-02-19;641;767;21690;10505;2.6;1.3
60;2021-02-20;103;190;21793;10695;2.6;1.3
60;2021-02-21;22;121;21815;10816;2.6;1.3
60;2021-02-22;463;877;22278;11693;2.7;1.4
60;2021-02-23;533;786;22811;12479;2.8;1.5
60;2021-02-24;793;549;23604;13028;2.9;1.6
60;2021-02-25;1095;307;24699;13335;3.0;1.6
60;2021-02-26;1296;184;25995;13519;3.2;1.6
60;2021-02-27;666;35;26661;13554;3.2;1.6
60;2021-02-28;7;10;26668;13564;3.2;1.6
60;2021-03-01;893;48;27561;13612;3.3;1.6
60;2021-03-02;1013;161;28574;13773;3.5;1.7
60;2021-03-03;1318;443;29892;14216;3.6;1.7
60;2021-03-04;1723;515;31615;14731;3.8;1.8
60;2021-03-05;1820;286;33435;15017;4.1;1.8
60;2021-03-06;1919;131;35354;15148;4.3;1.8
60;2021-03-07;884;30;36238;15178;4.4;1.8
60;2021-03-08;977;313;37215;15491;4.5;1.9
60;2021-03-09;1641;356;38856;15847;4.7;1.9
60;2021-03-10;1937;423;40793;16270;4.9;2.0
60;2021-03-11;2322;381;43115;16651;5.2;2.0
60;2021-03-12;2591;539;45706;17190;5.5;2.1
60;2021-03-13;3835;202;49541;17392;6.0;2.1
60;2021-03-14;1779;53;51320;17445;6.2;2.1
60;2021-03-15;2091;496;53411;17941;6.5;2.2
60;2021-03-16;1583;620;54994;18561;6.7;2.2
60;2021-03-17;1657;612;56651;19173;6.9;2.3
60;2021-03-18;1759;725;58410;19898;7.1;2.4
60;2021-03-19;2591;522;61001;20420;7.4;2.5
60;2021-03-20;3234;183;64235;20603;7.8;2.5
60;2021-03-21;2124;95;66359;20698;8.0;2.5
60;2021-03-22;2134;708;68493;21406;8.3;2.6
60;2021-03-23;3307;717;71800;22123;8.7;2.7
60;2021-03-24;3071;870;74871;22993;9.1;2.8
60;2021-03-25;3849;838;78720;23831;9.5;2.9
60;2021-03-26;4213;868;82933;24699;10.1;3.0
60;2021-03-27;4141;302;87074;25001;10.6;3.0
60;2021-03-28;2448;75;89522;25076;10.9;3.0
60;2021-03-29;2608;1079;92130;26155;11.2;3.2
60;2021-03-30;3283;1064;95413;27219;11.6;3.3
60;2021-03-31;2668;1138;98081;28357;11.9;3.4
60;2021-04-01;2561;1099;100642;29456;12.2;3.6
60;2021-04-02;3309;1094;103951;30550;12.6;3.7
60;2021-04-03;3168;1005;107119;31555;13.0;3.8
60;2021-04-04;874;482;107993;32037;13.1;3.9
60;2021-04-05;458;81;108451;32118;13.1;3.9
60;2021-04-06;1964;1623;110415;33741;13.4;4.1
60;2021-04-07;1981;1746;112396;35487;13.6;4.3
60;2021-04-08;2611;1489;115007;36976;13.9;4.5
60;2021-04-09;2997;1515;118004;38491;14.3;4.7
60;2021-04-10;2927;1586;120931;40077;14.7;4.9
60;2021-04-11;1049;991;121980;41068;14.8;5.0
60;2021-04-12;2047;1719;124027;42787;15.0;5.2
60;2021-04-13;2746;1781;126773;44568;15.4;5.4
60;2021-04-14;3115;1808;129888;46376;15.7;5.6
60;2021-04-15;3544;1881;133432;48257;16.2;5.8
60;2021-04-16;3286;1943;136718;50200;16.6;6.1
60;2021-04-17;2848;2166;139566;52366;16.9;6.3
60;2021-04-18;572;1834;140138;54200;17.0;6.6
60;2021-04-19;1742;2211;141880;56411;17.2;6.8
60;2021-04-20;2129;2673;144009;59084;17.5;7.2
60;2021-04-21;2653;2203;146662;61287;17.8;7.4
60;2021-04-22;2630;2507;149292;63794;18.1;7.7
60;2021-04-23;2645;2496;151937;66290;18.4;8.0
60;2021-04-24;2471;3456;154408;69746;18.7;8.5
60;2021-04-25;1160;1964;155568;71710;18.9;8.7
60;2021-04-26;1889;2526;157457;74236;19.1;9.0
60;2021-04-27;2309;2845;159766;77081;19.4;9.3
60;2021-04-28;3063;2396;162829;79477;19.7;9.6
60;2021-04-29;3151;2623;165980;82100;20.1;10.0
60;2021-04-30;3459;2966;169439;85066;20.5;10.3
60;2021-05-01;2354;1122;171793;86188;20.8;10.4
60;2021-05-02;2145;836;173938;87024;21.1;10.5
60;2021-05-03;2954;1849;176892;88873;21.4;10.8
60;2021-05-04;3019;2355;179911;91228;21.8;11.1
60;2021-05-05;3255;2805;183166;94033;22.2;11.4
60;2021-05-06;3648;2477;186814;96510;22.6;11.7
60;2021-05-07;3986;2521;190800;99031;23.1;12.0
60;2021-05-08;3583;967;194383;99998;23.6;12.1
60;2021-05-09;3459;950;197842;100948;24.0;12.2
60;2021-05-10;2391;2293;200233;103241;24.3;12.5
60;2021-05-11;3663;2467;203896;105708;24.7;12.8
60;2021-05-12;4716;2549;208612;108257;25.3;13.1
60;2021-05-13;5293;1123;213905;109380;25.9;13.3
60;2021-05-14;5604;1809;219509;111189;26.6;13.5
60;2021-05-15;6172;1707;225681;112896;27.4;13.7
60;2021-05-16;4860;687;230541;113583;27.9;13.8
60;2021-05-17;3714;1671;234255;115254;28.4;14.0
60;2021-05-18;4049;2080;238304;117334;28.9;14.2
60;2021-05-19;5095;1852;243399;119186;29.5;14.4
60;2021-05-20;5458;1793;248857;120979;30.2;14.7
60;2021-05-21;5972;1968;254829;122947;30.9;14.9
60;2021-05-22;5355;1979;260184;124926;31.5;15.1
60;2021-05-23;4268;651;264452;125577;32.1;15.2
60;2021-05-24;2950;534;267402;126111;32.4;15.3
60;2021-05-25;4137;1997;271539;128108;32.9;15.5
60;2021-05-26;4465;1830;276004;129938;33.5;15.7
60;2021-05-27;4612;1992;280616;131930;34.0;16.0
60;2021-05-28;4620;2508;285236;134438;34.6;16.3
60;2021-05-29;4612;2274;289848;136712;35.1;16.6
60;2021-05-30;1086;351;290934;137063;35.3;16.6
60;2021-05-31;3830;2081;294764;139144;35.7;16.9
60;2021-06-01;4442;2851;299206;141995;36.3;17.2
60;2021-06-02;3909;2444;303115;144439;36.7;17.5
60;2021-06-03;3904;2377;307019;146816;37.2;17.8
60;2021-06-04;4651;2904;311670;149720;37.8;18.1
60;2021-06-05;4302;3416;315972;153136;38.3;18.6
60;2021-06-06;2156;793;318128;153929;38.6;18.7
60;2021-06-07;2777;2753;320905;156682;38.9;19.0
60;2021-06-08;3801;3007;324706;159689;39.4;19.4
60;2021-06-09;3244;3395;327950;163084;39.7;19.8
60;2021-06-10;3451;3366;331401;166450;40.2;20.2
60;2021-06-11;3879;4197;335280;170647;40.6;20.7
60;2021-06-12;3779;4275;339059;174922;41.1;21.2
60;2021-06-13;1156;2225;340215;177147;41.2;21.5
60;2021-06-14;1907;3305;342122;180452;41.5;21.9
60;2021-06-15;3015;4163;345137;184615;41.8;22.4
60;2021-06-16;3251;4493;348388;189108;42.2;22.9
60;2021-06-17;2977;4783;351365;193891;42.6;23.5
60;2021-06-18;2983;4599;354348;198490;42.9;24.1
60;2021-06-19;3142;4724;357490;203214;43.3;24.6
60;2021-06-20;1432;1934;358922;205148;43.5;24.9
60;2021-06-21;1408;4037;360330;209185;43.7;25.4
60;2021-06-22;1759;5292;362089;214477;43.9;26.0
60;2021-06-23;1860;5240;363949;219717;44.1;26.6
60;2021-06-24;1800;5598;365749;225315;44.3;27.3
60;2021-06-25;1900;5730;367649;231045;44.6;28.0
60;2021-06-26;1856;6984;369505;238029;44.8;28.8
60;2021-06-27;714;2594;370219;240623;44.9;29.2
60;2021-06-28;1780;4143;371999;244766;45.1;29.7
60;2021-06-29;2008;5465;374007;250231;45.3;30.3
60;2021-06-30;2281;5359;376288;255590;45.6;31.0
60;2021-07-01;1882;4922;378170;260512;45.8;31.6
60;2021-07-02;2358;5882;380528;266394;46.1;32.3
60;2021-07-03;2397;6169;382925;272563;46.4;33.0
60;2021-07-04;790;2730;383715;275293;46.5;33.4
60;2021-07-05;1650;4400;385365;279693;46.7;33.9
60;2021-07-06;2137;4496;387502;284189;47.0;34.4
60;2021-07-07;2172;5129;389674;289318;47.2;35.1
60;2021-07-08;2667;4700;392341;294018;47.6;35.6
60;2021-07-09;2635;5561;394976;299579;47.9;36.3
60;2021-07-10;2574;5873;397550;305452;48.2;37.0
60;2021-07-11;1212;1944;398762;307396;48.3;37.3
60;2021-07-12;1423;4758;400185;312154;48.5;37.8
60;2021-07-13;2906;5025;403091;317179;48.9;38.4
60;2021-07-14;2571;1403;405662;318582;49.2;38.6
60;2021-07-15;3420;4868;409082;323450;49.6;39.2
60;2021-07-16;3670;5239;412752;328689;50.0;39.8
60;2021-07-17;4064;5135;416816;333824;50.5;40.5
60;2021-07-18;2178;2119;418994;335943;50.8;40.7
60;2021-07-19;2532;3898;421526;339841;51.1;41.2
60;2021-07-20;4170;4900;425696;344741;51.6;41.8
60;2021-07-21;4312;4266;430008;349007;52.1;42.3
60;2021-07-22;4616;4323;434624;353330;52.7;42.8
60;2021-07-23;4962;4880;439586;358210;53.3;43.4
60;2021-07-24;4285;4655;443871;362865;53.8;44.0
60;2021-07-25;2596;1815;446467;364680;54.1;44.2
60;2021-07-26;3359;3752;449826;368432;54.5;44.7
60;2021-07-27;4412;4616;454238;373048;55.1;45.2
60;2021-07-28;4522;3754;458760;376802;55.6;45.7
60;2021-07-29;4888;3691;463648;380493;56.2;46.1
60;2021-07-30;4989;4227;468637;384720;56.8;46.6
60;2021-07-31;4034;3930;472671;388650;57.3;47.1
60;2021-08-01;1672;849;474343;389499;57.5;47.2
60;2021-08-02;3155;2721;477498;392220;57.9;47.5
60;2021-08-03;3548;2857;481046;395077;58.3;47.9
61;2020-12-27;0;0;0;0;0.0;0.0
61;2020-12-28;0;0;0;0;0.0;0.0
61;2020-12-29;0;0;0;0;0.0;0.0
61;2020-12-30;0;0;0;0;0.0;0.0
61;2020-12-31;0;0;0;0;0.0;0.0
61;2021-01-01;1;0;1;0;0.0;0.0
61;2021-01-02;1;0;2;0;0.0;0.0
61;2021-01-03;0;0;2;0;0.0;0.0
61;2021-01-04;1;0;3;0;0.0;0.0
61;2021-01-05;3;0;6;0;0.0;0.0
61;2021-01-06;76;0;82;0;0.0;0.0
61;2021-01-07;175;2;257;2;0.1;0.0
61;2021-01-08;406;1;663;3;0.2;0.0
61;2021-01-09;165;1;828;4;0.3;0.0
61;2021-01-10;49;0;877;4;0.3;0.0
61;2021-01-11;396;1;1273;5;0.5;0.0
61;2021-01-12;680;2;1953;7;0.7;0.0
61;2021-01-13;739;1;2692;8;1.0;0.0
61;2021-01-14;526;8;3218;16;1.2;0.0
61;2021-01-15;538;4;3756;20;1.4;0.0
61;2021-01-16;289;1;4045;21;1.5;0.0
61;2021-01-17;833;7;4878;28;1.8;0.0
61;2021-01-18;1913;3;6791;31;2.5;0.0
61;2021-01-19;1321;4;8112;35;2.9;0.0
61;2021-01-20;683;0;8795;35;3.2;0.0
61;2021-01-21;844;1;9639;36;3.5;0.0
61;2021-01-22;764;1;10403;37;3.8;0.0
61;2021-01-23;256;2;10659;39;3.8;0.0
61;2021-01-24;228;0;10887;39;3.9;0.0
61;2021-01-25;578;2;11465;41;4.1;0.0
61;2021-01-26;555;0;12020;41;4.3;0.0
61;2021-01-27;569;14;12589;55;4.5;0.0
61;2021-01-28;463;53;13052;108;4.7;0.0
61;2021-01-29;478;204;13530;312;4.9;0.1
61;2021-01-30;212;3;13742;315;5.0;0.1
61;2021-01-31;106;0;13848;315;5.0;0.1
61;2021-02-01;430;190;14278;505;5.2;0.2
61;2021-02-02;387;425;14665;930;5.3;0.3
61;2021-02-03;412;490;15077;1420;5.4;0.5
61;2021-02-04;388;338;15465;1758;5.6;0.6
61;2021-02-05;538;362;16003;2120;5.8;0.8
61;2021-02-06;196;91;16199;2211;5.9;0.8
61;2021-02-07;45;200;16244;2411;5.9;0.9
61;2021-02-08;540;1409;16784;3820;6.1;1.4
61;2021-02-09;404;808;17188;4628;6.2;1.7
61;2021-02-10;277;561;17465;5189;6.3;1.9
61;2021-02-11;433;563;17898;5752;6.5;2.1
61;2021-02-12;402;737;18300;6489;6.6;2.3
61;2021-02-13;132;431;18432;6920;6.7;2.5
61;2021-02-14;2;315;18434;7235;6.7;2.6
61;2021-02-15;171;847;18605;8082;6.7;2.9
61;2021-02-16;203;682;18808;8764;6.8;3.2
61;2021-02-17;44;639;18852;9403;6.8;3.4
61;2021-02-18;161;527;19013;9930;6.9;3.6
61;2021-02-19;101;391;19114;10321;6.9;3.7
61;2021-02-20;40;241;19154;10562;6.9;3.8
61;2021-02-21;1;155;19155;10717;6.9;3.9
61;2021-02-22;88;567;19243;11284;6.9;4.1
61;2021-02-23;114;495;19357;11779;7.0;4.3
61;2021-02-24;173;572;19530;12351;7.1;4.5
61;2021-02-25;265;447;19795;12798;7.1;4.6
61;2021-02-26;266;465;20061;13263;7.2;4.8
61;2021-02-27;108;225;20169;13488;7.3;4.9
61;2021-02-28;4;119;20173;13607;7.3;4.9
61;2021-03-01;216;610;20389;14217;7.4;5.1
61;2021-03-02;147;698;20536;14915;7.4;5.4
61;2021-03-03;141;448;20677;15363;7.5;5.5
61;2021-03-04;431;445;21108;15808;7.6;5.7
61;2021-03-05;701;295;21809;16103;7.9;5.8
61;2021-03-06;434;230;22243;16333;8.0;5.9
61;2021-03-07;154;2;22397;16335;8.1;5.9
61;2021-03-08;299;314;22696;16649;8.2;6.0
61;2021-03-09;622;184;23318;16833;8.4;6.1
61;2021-03-10;672;180;23990;17013;8.7;6.1
61;2021-03-11;1119;128;25109;17141;9.1;6.2
61;2021-03-12;1465;95;26574;17236;9.6;6.2
61;2021-03-13;770;52;27344;17288;9.9;6.2
61;2021-03-14;226;3;27570;17291;10.0;6.2
61;2021-03-15;814;32;28384;17323;10.3;6.3
61;2021-03-16;720;22;29104;17345;10.5;6.3
61;2021-03-17;760;10;29864;17355;10.8;6.3
61;2021-03-18;855;21;30719;17376;11.1;6.3
61;2021-03-19;1024;45;31743;17421;11.5;6.3
61;2021-03-20;470;14;32213;17435;11.6;6.3
61;2021-03-21;71;2;32284;17437;11.7;6.3
61;2021-03-22;796;86;33080;17523;11.9;6.3
61;2021-03-23;920;39;34000;17562;12.3;6.3
61;2021-03-24;1372;65;35372;17627;12.8;6.4
61;2021-03-25;1875;56;37247;17683;13.5;6.4
61;2021-03-26;1794;40;39041;17723;14.1;6.4
61;2021-03-27;1083;17;40124;17740;14.5;6.4
61;2021-03-28;359;9;40483;17749;14.6;6.4
61;2021-03-29;1271;177;41754;17926;15.1;6.5
61;2021-03-30;1470;92;43224;18018;15.6;6.5
61;2021-03-31;1684;46;44908;18064;16.2;6.5
61;2021-04-01;2048;219;46956;18283;17.0;6.6
61;2021-04-02;1514;423;48470;18706;17.5;6.8
61;2021-04-03;638;289;49108;18995;17.7;6.9
61;2021-04-04;193;1;49301;18996;17.8;6.9
61;2021-04-05;531;7;49832;19003;18.0;6.9
61;2021-04-06;1354;620;51186;19623;18.5;7.1
61;2021-04-07;1696;662;52882;20285;19.1;7.3
61;2021-04-08;2268;817;55150;21102;19.9;7.6
61;2021-04-09;2134;834;57284;21936;20.7;7.9
61;2021-04-10;1535;484;58819;22420;21.2;8.1
61;2021-04-11;238;197;59057;22617;21.3;8.2
61;2021-04-12;1289;735;60346;23352;21.8;8.4
61;2021-04-13;1742;701;62088;24053;22.4;8.7
61;2021-04-14;1730;782;63818;24835;23.0;9.0
61;2021-04-15;2266;776;66084;25611;23.9;9.2
61;2021-04-16;2224;682;68308;26293;24.7;9.5
61;2021-04-17;1486;319;69794;26612;25.2;9.6
61;2021-04-18;538;99;70332;26711;25.4;9.6
61;2021-04-19;938;745;71270;27456;25.7;9.9
61;2021-04-20;1525;782;72795;28238;26.3;10.2
61;2021-04-21;1351;1037;74146;29275;26.8;10.6
61;2021-04-22;1293;1213;75439;30488;27.2;11.0
61;2021-04-23;1218;1149;76657;31637;27.7;11.4
61;2021-04-24;1437;815;78094;32452;28.2;11.7
61;2021-04-25;361;330;78455;32782;28.3;11.8
61;2021-04-26;668;1141;79123;33923;28.6;12.3
61;2021-04-27;1465;1141;80588;35064;29.1;12.7
61;2021-04-28;1387;1386;81975;36450;29.6;13.2
61;2021-04-29;1253;1857;83228;38307;30.1;13.8
61;2021-04-30;1720;1168;84948;39475;30.7;14.3
61;2021-05-01;787;320;85735;39795;31.0;14.4
61;2021-05-02;438;223;86173;40018;31.1;14.5
61;2021-05-03;843;1246;87016;41264;31.4;14.9
61;2021-05-04;1326;1751;88342;43015;31.9;15.5
61;2021-05-05;1012;2025;89354;45040;32.3;16.3
61;2021-05-06;1771;2211;91125;47251;32.9;17.1
61;2021-05-07;1379;1965;92504;49216;33.4;17.8
61;2021-05-08;925;471;93429;49687;33.7;17.9
61;2021-05-09;393;291;93822;49978;33.9;18.0
61;2021-05-10;987;1752;94809;51730;34.2;18.7
61;2021-05-11;1374;1512;96183;53242;34.7;19.2
61;2021-05-12;1869;1588;98052;54830;35.4;19.8
61;2021-05-13;889;490;98941;55320;35.7;20.0
61;2021-05-14;1851;1193;100792;56513;36.4;20.4
61;2021-05-15;2093;1115;102885;57628;37.2;20.8
61;2021-05-16;983;300;103868;57928;37.5;20.9
61;2021-05-17;1311;913;105179;58841;38.0;21.2
61;2021-05-18;2423;891;107602;59732;38.9;21.6
61;2021-05-19;2402;799;110004;60531;39.7;21.9
61;2021-05-20;2214;809;112218;61340;40.5;22.2
61;2021-05-21;2147;856;114365;62196;41.3;22.5
61;2021-05-22;1778;716;116143;62912;41.9;22.7
61;2021-05-23;714;53;116857;62965;42.2;22.7
61;2021-05-24;913;110;117770;63075;42.5;22.8
61;2021-05-25;1992;921;119762;63996;43.3;23.1
61;2021-05-26;2035;927;121797;64923;44.0;23.4
61;2021-05-27;2036;1095;123833;66018;44.7;23.8
61;2021-05-28;2052;1377;125885;67395;45.5;24.3
61;2021-05-29;1462;554;127347;67949;46.0;24.5
61;2021-05-30;450;44;127797;67993;46.2;24.6
61;2021-05-31;1560;937;129357;68930;46.7;24.9
61;2021-06-01;1873;1387;131230;70317;47.4;25.4
61;2021-06-02;1674;1135;132904;71452;48.0;25.8
61;2021-06-03;2247;1109;135151;72561;48.8;26.2
61;2021-06-04;1895;1340;137046;73901;49.5;26.7
61;2021-06-05;1667;1238;138713;75139;50.1;27.1
61;2021-06-06;318;229;139031;75368;50.2;27.2
61;2021-06-07;2188;867;141219;76235;51.0;27.5
61;2021-06-08;1843;1567;143062;77802;51.7;28.1
61;2021-06-09;1974;1184;145036;78986;52.4;28.5
61;2021-06-10;1972;1186;147008;80172;53.1;29.0
61;2021-06-11;1818;1575;148826;81747;53.7;29.5
61;2021-06-12;1423;999;150249;82746;54.3;29.9
61;2021-06-13;340;377;150589;83123;54.4;30.0
61;2021-06-14;1106;1188;151695;84311;54.8;30.4
61;2021-06-15;1211;1694;152906;86005;55.2;31.1
61;2021-06-16;1110;1357;154016;87362;55.6;31.5
61;2021-06-17;1018;1728;155034;89090;56.0;32.2
61;2021-06-18;1520;1666;156554;90756;56.5;32.8
61;2021-06-19;1242;1302;157796;92058;57.0;33.2
61;2021-06-20;289;345;158085;92403;57.1;33.4
61;2021-06-21;809;1627;158894;94030;57.4;34.0
61;2021-06-22;1023;1684;159917;95714;57.8;34.6
61;2021-06-23;972;2439;160889;98153;58.1;35.4
61;2021-06-24;649;1360;161538;99513;58.3;35.9
61;2021-06-25;836;2168;162374;101681;58.6;36.7
61;2021-06-26;619;1953;162993;103634;58.9;37.4
61;2021-06-27;138;800;163131;104434;58.9;37.7
61;2021-06-28;478;2249;163609;106683;59.1;38.5
61;2021-06-29;696;2859;164305;109542;59.3;39.6
61;2021-06-30;767;2462;165072;112004;59.6;40.4
61;2021-07-01;632;1691;165704;113695;59.8;41.1
61;2021-07-02;836;2499;166540;116194;60.1;42.0
61;2021-07-03;415;1910;166955;118104;60.3;42.7
61;2021-07-04;74;638;167029;118742;60.3;42.9
61;2021-07-05;685;1776;167714;120518;60.6;43.5
61;2021-07-06;986;2795;168700;123313;60.9;44.5
61;2021-07-07;728;2361;169428;125674;61.2;45.4
61;2021-07-08;839;1951;170267;127625;61.5;46.1
61;2021-07-09;719;2380;170986;130005;61.7;46.9
61;2021-07-10;463;1773;171449;131778;61.9;47.6
61;2021-07-11;241;489;171690;132267;62.0;47.8
61;2021-07-12;434;2295;172124;134562;62.2;48.6
61;2021-07-13;637;2493;172761;137055;62.4;49.5
61;2021-07-14;147;333;172908;137388;62.4;49.6
61;2021-07-15;805;2817;173713;140205;62.7;50.6
61;2021-07-16;956;2574;174669;142779;63.1;51.6
61;2021-07-17;700;2231;175369;145010;63.3;52.4
61;2021-07-18;335;367;175704;145377;63.5;52.5
61;2021-07-19;931;2403;176635;147780;63.8;53.4
61;2021-07-20;1316;2355;177951;150135;64.3;54.2
61;2021-07-21;1495;2178;179446;152313;64.8;55.0
61;2021-07-22;1739;2187;181185;154500;65.4;55.8
61;2021-07-23;1778;2298;182963;156798;66.1;56.6
61;2021-07-24;1441;2000;184404;158798;66.6;57.3
61;2021-07-25;323;394;184727;159192;66.7;57.5
61;2021-07-26;1241;1933;185968;161125;67.2;58.2
61;2021-07-27;2397;1576;188365;162701;68.0;58.8
61;2021-07-28;2436;1339;190801;164040;68.9;59.2
61;2021-07-29;2539;1566;193340;165606;69.8;59.8
61;2021-07-30;2376;1380;195716;166986;70.7;60.3
61;2021-07-31;1278;1292;196994;168278;71.1;60.8
61;2021-08-01;495;254;197489;168532;71.3;60.9
61;2021-08-02;1895;1106;199384;169638;72.0;61.3
61;2021-08-03;2431;892;201815;170530;72.9;61.6
62;2020-12-27;2;0;2;0;0.0;0.0
62;2020-12-28;2;0;4;0;0.0;0.0
62;2020-12-29;0;0;4;0;0.0;0.0
62;2020-12-30;0;0;4;0;0.0;0.0
62;2020-12-31;0;0;4;0;0.0;0.0
62;2021-01-01;0;0;4;0;0.0;0.0
62;2021-01-02;0;0;4;0;0.0;0.0
62;2021-01-03;0;0;4;0;0.0;0.0
62;2021-01-04;2;0;6;0;0.0;0.0
62;2021-01-05;47;0;53;0;0.0;0.0
62;2021-01-06;123;0;176;0;0.0;0.0
62;2021-01-07;351;0;527;0;0.0;0.0
62;2021-01-08;712;6;1239;6;0.1;0.0
62;2021-01-09;163;1;1402;7;0.1;0.0
62;2021-01-10;84;0;1486;7;0.1;0.0
62;2021-01-11;553;1;2039;8;0.1;0.0
62;2021-01-12;1247;1;3286;9;0.2;0.0
62;2021-01-13;1137;5;4423;14;0.3;0.0
62;2021-01-14;1386;8;5809;22;0.4;0.0
62;2021-01-15;1296;8;7105;30;0.5;0.0
62;2021-01-16;307;3;7412;33;0.5;0.0
62;2021-01-17;107;1;7519;34;0.5;0.0
62;2021-01-18;1663;9;9182;43;0.6;0.0
62;2021-01-19;2098;5;11280;48;0.8;0.0
62;2021-01-20;2054;6;13334;54;0.9;0.0
62;2021-01-21;2226;5;15560;59;1.1;0.0
62;2021-01-22;1832;7;17392;66;1.2;0.0
62;2021-01-23;512;0;17904;66;1.2;0.0
62;2021-01-24;0;0;17904;66;1.2;0.0
62;2021-01-25;1280;6;19184;72;1.3;0.0
62;2021-01-26;1539;15;20723;87;1.4;0.0
62;2021-01-27;1488;175;22211;262;1.5;0.0
62;2021-01-28;4147;345;26358;607;1.8;0.0
62;2021-01-29;2023;336;28381;943;2.0;0.1
62;2021-01-30;159;153;28540;1096;2.0;0.1
62;2021-01-31;22;3;28562;1099;2.0;0.1
62;2021-02-01;46;359;28608;1458;2.0;0.1
62;2021-02-02;59;789;28667;2247;2.0;0.2
62;2021-02-03;44;630;28711;2877;2.0;0.2
62;2021-02-04;81;822;28792;3699;2.0;0.3
62;2021-02-05;79;753;28871;4452;2.0;0.3
62;2021-02-06;26;195;28897;4647;2.0;0.3
62;2021-02-07;236;27;29133;4674;2.0;0.3
62;2021-02-08;131;847;29264;5521;2.0;0.4
62;2021-02-09;226;1101;29490;6622;2.0;0.5
62;2021-02-10;383;1174;29873;7796;2.1;0.5
62;2021-02-11;722;1004;30595;8800;2.1;0.6
62;2021-02-12;966;781;31561;9581;2.2;0.7
62;2021-02-13;159;270;31720;9851;2.2;0.7
62;2021-02-14;0;0;31720;9851;2.2;0.7
62;2021-02-15;664;1277;32384;11128;2.2;0.8
62;2021-02-16;920;1788;33304;12916;2.3;0.9
62;2021-02-17;1074;2129;34378;15045;2.4;1.0
62;2021-02-18;2207;3797;36585;18842;2.5;1.3
62;2021-02-19;2302;2546;38887;21388;2.7;1.5
62;2021-02-20;613;479;39500;21867;2.7;1.5
62;2021-02-21;86;49;39586;21916;2.7;1.5
62;2021-02-22;847;972;40433;22888;2.8;1.6
62;2021-02-23;1419;1219;41852;24107;2.9;1.7
62;2021-02-24;1544;643;43396;24750;3.0;1.7
62;2021-02-25;3166;412;46562;25162;3.2;1.7
62;2021-02-26;2907;336;49469;25498;3.4;1.8
62;2021-02-27;1828;92;51297;25590;3.5;1.8
62;2021-02-28;52;42;51349;25632;3.5;1.8
62;2021-03-01;1318;116;52667;25748;3.6;1.8
62;2021-03-02;3148;168;55815;25916;3.8;1.8
62;2021-03-03;3259;118;59074;26034;4.1;1.8
62;2021-03-04;3805;202;62879;26236;4.3;1.8
62;2021-03-05;4644;207;67523;26443;4.6;1.8
62;2021-03-06;9613;226;77136;26669;5.3;1.8
62;2021-03-07;8073;199;85209;26868;5.9;1.8
62;2021-03-08;2192;249;87401;27117;6.0;1.9
62;2021-03-09;3799;368;91200;27485;6.3;1.9
62;2021-03-10;4229;597;95429;28082;6.6;1.9
62;2021-03-11;5989;1519;101418;29601;7.0;2.0
62;2021-03-12;6632;1402;108050;31003;7.4;2.1
62;2021-03-13;14714;765;122764;31768;8.5;2.2
62;2021-03-14;9578;356;132342;32124;9.1;2.2
62;2021-03-15;3763;1015;136105;33139;9.4;2.3
62;2021-03-16;2734;847;138839;33986;9.6;2.3
62;2021-03-17;2804;718;141643;34704;9.7;2.4
62;2021-03-18;2724;927;144367;35631;9.9;2.5
62;2021-03-19;4780;910;149147;36541;10.3;2.5
62;2021-03-20;11060;576;160207;37117;11.0;2.6
62;2021-03-21;9442;330;169649;37447;11.7;2.6
62;2021-03-22;2937;1104;172586;38551;11.9;2.7
62;2021-03-23;4992;1500;177578;40051;12.2;2.8
62;2021-03-24;4691;1416;182269;41467;12.5;2.9
62;2021-03-25;6553;1475;188822;42942;13.0;3.0
62;2021-03-26;7050;1485;195872;44427;13.5;3.1
62;2021-03-27;12589;716;208461;45143;14.3;3.1
62;2021-03-28;6938;259;215399;45402;14.8;3.1
62;2021-03-29;3473;1202;218872;46604;15.1;3.2
62;2021-03-30;4549;2212;223421;48816;15.4;3.4
62;2021-03-31;4222;2479;227643;51295;15.7;3.5
62;2021-04-01;4969;2761;232612;54056;16.0;3.7
62;2021-04-02;5068;3225;237680;57281;16.4;3.9
62;2021-04-03;8206;3331;245886;60612;16.9;4.2
62;2021-04-04;4576;1918;250462;62530;17.2;4.3
62;2021-04-05;943;463;251405;62993;17.3;4.3
62;2021-04-06;4122;2996;255527;65989;17.6;4.5
62;2021-04-07;5027;3500;260554;69489;17.9;4.8
62;2021-04-08;6481;3966;267035;73455;18.4;5.1
62;2021-04-09;7621;3462;274656;76917;18.9;5.3
62;2021-04-10;6637;8064;281293;84981;19.4;5.8
62;2021-04-11;2810;6896;284103;91877;19.6;6.3
62;2021-04-12;3419;2366;287522;94243;19.8;6.5
62;2021-04-13;6169;3148;293691;97391;20.2;6.7
62;2021-04-14;5300;3058;298991;100449;20.6;6.9
62;2021-04-15;5737;2978;304728;103427;21.0;7.1
62;2021-04-16;5416;3181;310144;106608;21.3;7.3
62;2021-04-17;4362;7358;314506;113966;21.6;7.8
62;2021-04-18;1961;6849;316467;120815;21.8;8.3
62;2021-04-19;2778;1928;319245;122743;22.0;8.4
62;2021-04-20;4146;3886;323391;126629;22.3;8.7
62;2021-04-21;3752;3980;327143;130609;22.5;9.0
62;2021-04-22;3946;5185;331089;135794;22.8;9.3
62;2021-04-23;4053;5297;335142;141091;23.1;9.7
62;2021-04-24;4406;6722;339548;147813;23.4;10.2
62;2021-04-25;1908;3501;341456;151314;23.5;10.4
62;2021-04-26;2223;2430;343679;153744;23.7;10.6
62;2021-04-27;4409;3698;348088;157442;24.0;10.8
62;2021-04-28;4588;4346;352676;161788;24.3;11.1
62;2021-04-29;4786;5871;357462;167659;24.6;11.5
62;2021-04-30;5212;5704;362674;173363;25.0;11.9
62;2021-05-01;5730;3463;368404;176826;25.4;12.2
62;2021-05-02;7819;3132;376223;179958;25.9;12.4
62;2021-05-03;4501;2313;380724;182271;26.2;12.5
62;2021-05-04;5393;4971;386117;187242;26.6;12.9
62;2021-05-05;4729;4839;390846;192081;26.9;13.2
62;2021-05-06;5623;4923;396469;197004;27.3;13.6
62;2021-05-07;7680;4657;404149;201661;27.8;13.9
62;2021-05-08;10642;2296;414791;203957;28.6;14.0
62;2021-05-09;8626;1631;423417;205588;29.1;14.2
62;2021-05-10;4870;4013;428287;209601;29.5;14.4
62;2021-05-11;6408;5029;434695;214630;29.9;14.8
62;2021-05-12;8621;4603;443316;219233;30.5;15.1
62;2021-05-13;9994;1476;453310;220709;31.2;15.2
62;2021-05-14;11876;3387;465186;224096;32.0;15.4
62;2021-05-15;19781;3258;484967;227354;33.4;15.6
62;2021-05-16;16395;1397;501362;228751;34.5;15.7
62;2021-05-17;8181;2657;509543;231408;35.1;15.9
62;2021-05-18;9323;3121;518866;234529;35.7;16.1
62;2021-05-19;8616;2914;527482;237443;36.3;16.3
62;2021-05-20;8341;3841;535823;241284;36.9;16.6
62;2021-05-21;9398;4213;545221;245497;37.5;16.9
62;2021-05-22;17869;3516;563090;249013;38.8;17.1
62;2021-05-23;12377;1138;575467;250151;39.6;17.2
62;2021-05-24;3910;586;579377;250737;39.9;17.3
62;2021-05-25;7220;4084;586597;254821;40.4;17.5
62;2021-05-26;6774;4906;593371;259727;40.8;17.9
62;2021-05-27;6384;5686;599755;265413;41.3;18.3
62;2021-05-28;6520;6764;606275;272177;41.7;18.7
62;2021-05-29;10851;5539;617126;277716;42.5;19.1
62;2021-05-30;4038;982;621164;278698;42.8;19.2
62;2021-05-31;4793;3973;625957;282671;43.1;19.5
62;2021-06-01;6520;6526;632477;289197;43.5;19.9
62;2021-06-02;7425;5804;639902;295001;44.0;20.3
62;2021-06-03;7855;5889;647757;300890;44.6;20.7
62;2021-06-04;7903;6246;655660;307136;45.1;21.1
62;2021-06-05;8274;6232;663934;313368;45.7;21.6
62;2021-06-06;3126;1288;667060;314656;45.9;21.7
62;2021-06-07;4618;3757;671678;318413;46.2;21.9
62;2021-06-08;6207;5893;677885;324306;46.7;22.3
62;2021-06-09;5489;4759;683374;329065;47.0;22.7
62;2021-06-10;5206;5881;688580;334946;47.4;23.1
62;2021-06-11;6212;8875;694792;343821;47.8;23.7
62;2021-06-12;5932;8646;700724;352467;48.2;24.3
62;2021-06-13;3226;3789;703950;356256;48.5;24.5
62;2021-06-14;2607;6774;706557;363030;48.6;25.0
62;2021-06-15;4671;8539;711228;371569;49.0;25.6
62;2021-06-16;5076;7424;716304;378993;49.3;26.1
62;2021-06-17;5226;8040;721530;387033;49.7;26.6
62;2021-06-18;4811;10484;726341;397517;50.0;27.4
62;2021-06-19;5796;13442;732137;410959;50.4;28.3
62;2021-06-20;2100;4372;734237;415331;50.5;28.6
62;2021-06-21;2969;8928;737206;424259;50.7;29.2
62;2021-06-22;3427;10167;740633;434426;51.0;29.9
62;2021-06-23;3382;10323;744015;444749;51.2;30.6
62;2021-06-24;3333;11784;747348;456533;51.4;31.4
62;2021-06-25;3698;15769;751046;472302;51.7;32.5
62;2021-06-26;3541;18426;754587;490728;51.9;33.8
62;2021-06-27;1120;9821;755707;500549;52.0;34.5
62;2021-06-28;1914;8872;757621;509421;52.1;35.1
62;2021-06-29;2959;11455;760580;520876;52.4;35.9
62;2021-06-30;4134;10807;764714;531683;52.6;36.6
62;2021-07-01;4455;10472;769169;542155;52.9;37.3
62;2021-07-02;4137;11971;773306;554126;53.2;38.1
62;2021-07-03;2988;18059;776294;572185;53.4;39.4
62;2021-07-04;1439;9191;777733;581376;53.5;40.0
62;2021-07-05;2406;6928;780139;588304;53.7;40.5
62;2021-07-06;3809;10023;783948;598327;54.0;41.2
62;2021-07-07;3905;8926;787853;607253;54.2;41.8
62;2021-07-08;5234;9114;793087;616367;54.6;42.4
62;2021-07-09;4395;10861;797482;627228;54.9;43.2
62;2021-07-10;4923;11883;802405;639111;55.2;44.0
62;2021-07-11;1331;2086;803736;641197;55.3;44.1
62;2021-07-12;2309;7140;806045;648337;55.5;44.6
62;2021-07-13;5054;12162;811099;660499;55.8;45.5
62;2021-07-14;3603;3156;814702;663655;56.1;45.7
62;2021-07-15;7508;11519;822210;675174;56.6;46.5
62;2021-07-16;7561;11051;829771;686225;57.1;47.2
62;2021-07-17;9616;10266;839387;696491;57.8;47.9
62;2021-07-18;2696;3459;842083;699950;58.0;48.2
62;2021-07-19;5969;7016;848052;706966;58.4;48.7
62;2021-07-20;7888;10714;855940;717680;58.9;49.4
62;2021-07-21;9681;9391;865621;727071;59.6;50.0
62;2021-07-22;9708;8988;875329;736059;60.3;50.7
62;2021-07-23;10572;8396;885901;744455;61.0;51.2
62;2021-07-24;9614;10271;895515;754726;61.6;52.0
62;2021-07-25;5518;1842;901033;756568;62.0;52.1
62;2021-07-26;6200;5376;907233;761944;62.4;52.4
62;2021-07-27;9704;8115;916937;770059;63.1;53.0
62;2021-07-28;10275;7461;927212;777520;63.8;53.5
62;2021-07-29;11832;7588;939044;785108;64.6;54.0
62;2021-07-30;8988;6249;948032;791357;65.3;54.5
62;2021-07-31;6589;3990;954621;795347;65.7;54.7
62;2021-08-01;2326;1087;956947;796434;65.9;54.8
62;2021-08-02;6728;4690;963675;801124;66.3;55.1
62;2021-08-03;8454;7392;972129;808516;66.9;55.7
63;2020-12-27;0;0;0;0;0.0;0.0
63;2020-12-28;1;0;1;0;0.0;0.0
63;2020-12-29;0;0;1;0;0.0;0.0
63;2020-12-30;0;0;1;0;0.0;0.0
63;2020-12-31;0;0;1;0;0.0;0.0
63;2021-01-01;1;0;2;0;0.0;0.0
63;2021-01-02;0;0;2;0;0.0;0.0
63;2021-01-03;1;0;3;0;0.0;0.0
63;2021-01-04;0;0;3;0;0.0;0.0
63;2021-01-05;1;0;4;0;0.0;0.0
63;2021-01-06;4;1;8;1;0.0;0.0
63;2021-01-07;303;0;311;1;0.0;0.0
63;2021-01-08;211;0;522;1;0.1;0.0
63;2021-01-09;91;0;613;1;0.1;0.0
63;2021-01-10;81;0;694;1;0.1;0.0
63;2021-01-11;423;0;1117;1;0.2;0.0
63;2021-01-12;644;1;1761;2;0.3;0.0
63;2021-01-13;848;3;2609;5;0.4;0.0
63;2021-01-14;523;8;3132;13;0.5;0.0
63;2021-01-15;429;2;3561;15;0.5;0.0
63;2021-01-16;157;0;3718;15;0.6;0.0
63;2021-01-17;133;0;3851;15;0.6;0.0
63;2021-01-18;605;2;4456;17;0.7;0.0
63;2021-01-19;862;1;5318;18;0.8;0.0
63;2021-01-20;1044;1;6362;19;1.0;0.0
63;2021-01-21;1003;3;7365;22;1.1;0.0
63;2021-01-22;968;3;8333;25;1.3;0.0
63;2021-01-23;190;0;8523;25;1.3;0.0
63;2021-01-24;162;1;8685;26;1.3;0.0
63;2021-01-25;798;1;9483;27;1.4;0.0
63;2021-01-26;961;2;10444;29;1.6;0.0
63;2021-01-27;999;5;11443;34;1.7;0.0
63;2021-01-28;1314;67;12757;101;1.9;0.0
63;2021-01-29;1064;66;13821;167;2.1;0.0
63;2021-01-30;68;0;13889;167;2.1;0.0
63;2021-01-31;6;0;13895;167;2.1;0.0
63;2021-02-01;564;182;14459;349;2.2;0.1
63;2021-02-02;882;234;15341;583;2.3;0.1
63;2021-02-03;1468;282;16809;865;2.5;0.1
63;2021-02-04;2116;513;18925;1378;2.9;0.2
63;2021-02-05;1145;271;20070;1649;3.0;0.2
63;2021-02-06;118;0;20188;1649;3.1;0.2
63;2021-02-07;9;1;20197;1650;3.1;0.2
63;2021-02-08;535;408;20732;2058;3.1;0.3
63;2021-02-09;669;436;21401;2494;3.2;0.4
63;2021-02-10;606;601;22007;3095;3.3;0.5
63;2021-02-11;749;467;22756;3562;3.4;0.5
63;2021-02-12;823;810;23579;4372;3.6;0.7
63;2021-02-13;82;1;23661;4373;3.6;0.7
63;2021-02-14;0;65;23661;4438;3.6;0.7
63;2021-02-15;204;792;23865;5230;3.6;0.8
63;2021-02-16;411;1138;24276;6368;3.7;1.0
63;2021-02-17;348;876;24624;7244;3.7;1.1
63;2021-02-18;602;825;25226;8069;3.8;1.2
63;2021-02-19;447;976;25673;9045;3.9;1.4
63;2021-02-20;36;32;25709;9077;3.9;1.4
63;2021-02-21;2;17;25711;9094;3.9;1.4
63;2021-02-22;293;933;26004;10027;3.9;1.5
63;2021-02-23;577;1141;26581;11168;4.0;1.7
63;2021-02-24;697;1426;27278;12594;4.1;1.9
63;2021-02-25;1589;1664;28867;14258;4.4;2.2
63;2021-02-26;1625;1367;30492;15625;4.6;2.4
63;2021-02-27;642;66;31134;15691;4.7;2.4
63;2021-02-28;4;178;31138;15869;4.7;2.4
63;2021-03-01;583;520;31721;16389;4.8;2.5
63;2021-03-02;903;798;32624;17187;4.9;2.6
63;2021-03-03;1034;723;33658;17910;5.1;2.7
63;2021-03-04;1752;495;35410;18405;5.4;2.8
63;2021-03-05;2612;688;38022;19093;5.8;2.9
63;2021-03-06;1550;42;39572;19135;6.0;2.9
63;2021-03-07;511;16;40083;19151;6.1;2.9
63;2021-03-08;966;648;41049;19799;6.2;3.0
63;2021-03-09;1537;1066;42586;20865;6.5;3.2
63;2021-03-10;1647;611;44233;21476;6.7;3.3
63;2021-03-11;3050;887;47283;22363;7.2;3.4
63;2021-03-12;3511;379;50794;22742;7.7;3.4
63;2021-03-13;2049;79;52843;22821;8.0;3.5
63;2021-03-14;61;21;52904;22842;8.0;3.5
63;2021-03-15;1743;363;54647;23205;8.3;3.5
63;2021-03-16;1742;413;56389;23618;8.5;3.6
63;2021-03-17;1637;678;58026;24296;8.8;3.7
63;2021-03-18;1933;742;59959;25038;9.1;3.8
63;2021-03-19;2737;492;62696;25530;9.5;3.9
63;2021-03-20;1121;66;63817;25596;9.7;3.9
63;2021-03-21;50;45;63867;25641;9.7;3.9
63;2021-03-22;1982;256;65849;25897;10.0;3.9
63;2021-03-23;2878;363;68727;26260;10.4;4.0
63;2021-03-24;3216;336;71943;26596;10.9;4.0
63;2021-03-25;4589;380;76532;26976;11.6;4.1
63;2021-03-26;4689;557;81221;27533;12.3;4.2
63;2021-03-27;2454;227;83675;27760;12.7;4.2
63;2021-03-28;1047;82;84722;27842;12.8;4.2
63;2021-03-29;2480;512;87202;28354;13.2;4.3
63;2021-03-30;3278;625;90480;28979;13.7;4.4
63;2021-03-31;2964;747;93444;29726;14.2;4.5
63;2021-04-01;3834;528;97278;30254;14.7;4.6
63;2021-04-02;3481;708;100759;30962;15.3;4.7
63;2021-04-03;1171;182;101930;31144;15.4;4.7
63;2021-04-04;877;27;102807;31171;15.6;4.7
63;2021-04-05;803;86;103610;31257;15.7;4.7
63;2021-04-06;2466;930;106076;32187;16.1;4.9
63;2021-04-07;3207;867;109283;33054;16.6;5.0
63;2021-04-08;4720;1209;114003;34263;17.3;5.2
63;2021-04-09;5312;990;119315;35253;18.1;5.3
63;2021-04-10;2221;474;121536;35727;18.4;5.4
63;2021-04-11;834;37;122370;35764;18.5;5.4
63;2021-04-12;1619;1314;123989;37078;18.8;5.6
63;2021-04-13;1984;1967;125973;39045;19.1;5.9
63;2021-04-14;2628;1435;128601;40480;19.5;6.1
63;2021-04-15;3788;1523;132389;42003;20.1;6.4
63;2021-04-16;2839;2155;135228;44158;20.5;6.7
63;2021-04-17;1233;672;136461;44830;20.7;6.8
63;2021-04-18;802;60;137263;44890;20.8;6.8
63;2021-04-19;1654;2106;138917;46996;21.0;7.1
63;2021-04-20;1699;2300;140616;49296;21.3;7.5
63;2021-04-21;1514;2407;142130;51703;21.5;7.8
63;2021-04-22;1913;2267;144043;53970;21.8;8.2
63;2021-04-23;2017;3108;146060;57078;22.1;8.6
63;2021-04-24;1192;1129;147252;58207;22.3;8.8
63;2021-04-25;554;413;147806;58620;22.4;8.9
63;2021-04-26;1438;2242;149244;60862;22.6;9.2
63;2021-04-27;2309;2612;151553;63474;23.0;9.6
63;2021-04-28;2331;3159;153884;66633;23.3;10.1
63;2021-04-29;2867;2835;156751;69468;23.7;10.5
63;2021-04-30;2862;2818;159613;72286;24.2;10.9
63;2021-05-01;1127;1050;160740;73336;24.3;11.1
63;2021-05-02;897;641;161637;73977;24.5;11.2
63;2021-05-03;2686;2247;164323;76224;24.9;11.5
63;2021-05-04;2876;2677;167199;78901;25.3;12.0
63;2021-05-05;2937;3120;170136;82021;25.8;12.4
63;2021-05-06;3669;3054;173805;85075;26.3;12.9
63;2021-05-07;4032;3541;177837;88616;26.9;13.4
63;2021-05-08;1997;650;179834;89266;27.2;13.5
63;2021-05-09;1802;607;181636;89873;27.5;13.6
63;2021-05-10;4198;2762;185834;92635;28.1;14.0
63;2021-05-11;5337;2755;191171;95390;29.0;14.4
63;2021-05-12;5263;2898;196434;98288;29.8;14.9
63;2021-05-13;4130;696;200564;98984;30.4;15.0
63;2021-05-14;4770;1509;205334;100493;31.1;15.2
63;2021-05-15;3718;984;209052;101477;31.7;15.4
63;2021-05-16;3517;445;212569;101922;32.2;15.4
63;2021-05-17;3895;1987;216464;103909;32.8;15.7
63;2021-05-18;5116;1616;221580;105525;33.6;16.0
63;2021-05-19;5217;1619;226797;107144;34.4;16.2
63;2021-05-20;6792;2079;233589;109223;35.4;16.5
63;2021-05-21;6252;2323;239841;111546;36.3;16.9
63;2021-05-22;3351;846;243192;112392;36.8;17.0
63;2021-05-23;2383;245;245575;112637;37.2;17.1
63;2021-05-24;2636;580;248211;113217;37.6;17.1
63;2021-05-25;4266;2634;252477;115851;38.2;17.5
63;2021-05-26;5443;2405;257920;118256;39.1;17.9
63;2021-05-27;6493;2800;264413;121056;40.0;18.3
63;2021-05-28;5417;3893;269830;124949;40.9;18.9
63;2021-05-29;3360;1504;273190;126453;41.4;19.2
63;2021-05-30;1579;217;274769;126670;41.6;19.2
63;2021-05-31;4145;2280;278914;128950;42.2;19.5
63;2021-06-01;3798;2955;282712;131905;42.8;20.0
63;2021-06-02;3882;2520;286594;134425;43.4;20.4
63;2021-06-03;4897;3145;291491;137570;44.1;20.8
63;2021-06-04;5096;3623;296587;141193;44.9;21.4
63;2021-06-05;2808;1742;299395;142935;45.3;21.6
63;2021-06-06;1307;697;300702;143632;45.5;21.8
63;2021-06-07;3162;2515;303864;146147;46.0;22.1
63;2021-06-08;2875;2755;306739;148902;46.5;22.6
63;2021-06-09;3019;2275;309758;151177;46.9;22.9
63;2021-06-10;3213;2690;312971;153867;47.4;23.3
63;2021-06-11;3096;4048;316067;157915;47.9;23.9
63;2021-06-12;1635;1970;317702;159885;48.1;24.2
63;2021-06-13;477;1096;318179;160981;48.2;24.4
63;2021-06-14;1822;3475;320001;164456;48.5;24.9
63;2021-06-15;2203;3475;322204;167931;48.8;25.4
63;2021-06-16;2568;3313;324772;171244;49.2;25.9
63;2021-06-17;2386;4301;327158;175545;49.6;26.6
63;2021-06-18;2465;5827;329623;181372;49.9;27.5
63;2021-06-19;1627;2829;331250;184201;50.2;27.9
63;2021-06-20;665;2439;331915;186640;50.3;28.3
63;2021-06-21;1270;5388;333185;192028;50.5;29.1
63;2021-06-22;1230;5537;334415;197565;50.7;29.9
63;2021-06-23;1525;4759;335940;202324;50.9;30.6
63;2021-06-24;1919;5383;337859;207707;51.2;31.5
63;2021-06-25;1737;5900;339596;213607;51.4;32.4
63;2021-06-26;1069;3351;340665;216958;51.6;32.9
63;2021-06-27;707;3486;341372;220444;51.7;33.4
63;2021-06-28;1135;5661;342507;226105;51.9;34.2
63;2021-06-29;1226;5160;343733;231265;52.1;35.0
63;2021-06-30;1588;5289;345321;236554;52.3;35.8
63;2021-07-01;1906;8067;347227;244621;52.6;37.1
63;2021-07-02;2040;6540;349267;251161;52.9;38.0
63;2021-07-03;952;2928;350219;254089;53.0;38.5
63;2021-07-04;1020;1881;351239;255970;53.2;38.8
63;2021-07-05;1506;6281;352745;262251;53.4;39.7
63;2021-07-06;1583;4798;354328;267049;53.7;40.4
63;2021-07-07;1956;4084;356284;271133;54.0;41.1
63;2021-07-08;2195;4588;358479;275721;54.3;41.8
63;2021-07-09;1904;5725;360383;281446;54.6;42.6
63;2021-07-10;1522;3407;361905;284853;54.8;43.1
63;2021-07-11;896;1531;362801;286384;54.9;43.4
63;2021-07-12;1571;8710;364372;295094;55.2;44.7
63;2021-07-13;3576;6140;367948;301234;55.7;45.6
63;2021-07-14;3589;1786;371537;303020;56.3;45.9
63;2021-07-15;4357;5028;375894;308048;56.9;46.7
63;2021-07-16;4645;5776;380539;313824;57.6;47.5
63;2021-07-17;2987;2464;383526;316288;58.1;47.9
63;2021-07-18;2800;1088;386326;317376;58.5;48.1
63;2021-07-19;3952;4839;390278;322215;59.1;48.8
63;2021-07-20;4678;5444;394956;327659;59.8;49.6
63;2021-07-21;4747;3972;399703;331631;60.5;50.2
63;2021-07-22;5472;4379;405175;336010;61.4;50.9
63;2021-07-23;5114;4644;410289;340654;62.1;51.6
63;2021-07-24;3632;1943;413921;342597;62.7;51.9
63;2021-07-25;3001;1421;416922;344018;63.1;52.1
63;2021-07-26;3938;3214;420860;347232;63.7;52.6
63;2021-07-27;3772;3126;424632;350358;64.3;53.1
63;2021-07-28;3769;2703;428401;353061;64.9;53.5
63;2021-07-29;4359;3143;432760;356204;65.5;54.0
63;2021-07-30;3782;3556;436542;359760;66.1;54.5
63;2021-07-31;2041;1695;438583;361455;66.4;54.7
63;2021-08-01;1190;827;439773;362282;66.6;54.9
63;2021-08-02;2178;3065;441951;365347;66.9;55.3
63;2021-08-03;2707;3244;444658;368591;67.3;55.8
64;2020-12-27;0;0;0;0;0.0;0.0
64;2020-12-28;2;0;2;0;0.0;0.0
64;2020-12-29;0;0;2;0;0.0;0.0
64;2020-12-30;0;0;2;0;0.0;0.0
64;2020-12-31;0;0;2;0;0.0;0.0
64;2021-01-01;0;0;2;0;0.0;0.0
64;2021-01-02;0;0;2;0;0.0;0.0
64;2021-01-03;0;0;2;0;0.0;0.0
64;2021-01-04;29;0;31;0;0.0;0.0
64;2021-01-05;25;0;56;0;0.0;0.0
64;2021-01-06;187;0;243;0;0.0;0.0
64;2021-01-07;839;0;1082;0;0.2;0.0
64;2021-01-08;879;2;1961;2;0.3;0.0
64;2021-01-09;54;0;2015;2;0.3;0.0
64;2021-01-10;0;0;2015;2;0.3;0.0
64;2021-01-11;538;0;2553;2;0.4;0.0
64;2021-01-12;759;2;3312;4;0.5;0.0
64;2021-01-13;865;2;4177;6;0.6;0.0
64;2021-01-14;1045;3;5222;9;0.8;0.0
64;2021-01-15;928;5;6150;14;0.9;0.0
64;2021-01-16;68;0;6218;14;0.9;0.0
64;2021-01-17;5;0;6223;14;0.9;0.0
64;2021-01-18;942;8;7165;22;1.0;0.0
64;2021-01-19;1441;4;8606;26;1.3;0.0
64;2021-01-20;1617;2;10223;28;1.5;0.0
64;2021-01-21;2602;1;12825;29;1.9;0.0
64;2021-01-22;1647;3;14472;32;2.1;0.0
64;2021-01-23;524;1;14996;33;2.2;0.0
64;2021-01-24;88;0;15084;33;2.2;0.0
64;2021-01-25;968;8;16052;41;2.3;0.0
64;2021-01-26;1354;21;17406;62;2.5;0.0
64;2021-01-27;1240;120;18646;182;2.7;0.0
64;2021-01-28;1648;633;20294;815;3.0;0.1
64;2021-01-29;972;653;21266;1468;3.1;0.2
64;2021-01-30;467;59;21733;1527;3.2;0.2
64;2021-01-31;91;0;21824;1527;3.2;0.2
64;2021-02-01;673;312;22497;1839;3.3;0.3
64;2021-02-02;1131;556;23628;2395;3.5;0.4
64;2021-02-03;1040;630;24668;3025;3.6;0.4
64;2021-02-04;1027;535;25695;3560;3.8;0.5
64;2021-02-05;866;456;26561;4016;3.9;0.6
64;2021-02-06;500;35;27061;4051;4.0;0.6
64;2021-02-07;131;4;27192;4055;4.0;0.6
64;2021-02-08;767;311;27959;4366;4.1;0.6
64;2021-02-09;947;713;28906;5079;4.2;0.7
64;2021-02-10;911;804;29817;5883;4.4;0.9
64;2021-02-11;1199;1488;31016;7371;4.5;1.1
64;2021-02-12;1075;1067;32091;8438;4.7;1.2
64;2021-02-13;225;321;32316;8759;4.7;1.3
64;2021-02-14;36;49;32352;8808;4.7;1.3
64;2021-02-15;221;1129;32573;9937;4.8;1.5
64;2021-02-16;258;1407;32831;11344;4.8;1.7
64;2021-02-17;289;1253;33120;12597;4.8;1.8
64;2021-02-18;506;1718;33626;14315;4.9;2.1
64;2021-02-19;415;1291;34041;15606;5.0;2.3
64;2021-02-20;119;438;34160;16044;5.0;2.3
64;2021-02-21;20;83;34180;16127;5.0;2.4
64;2021-02-22;475;987;34655;17114;5.1;2.5
64;2021-02-23;716;1144;35371;18258;5.2;2.7
64;2021-02-24;731;1016;36102;19274;5.3;2.8
64;2021-02-25;1092;955;37194;20229;5.4;3.0
64;2021-02-26;1214;915;38408;21144;5.6;3.1
64;2021-02-27;864;405;39272;21549;5.7;3.2
64;2021-02-28;41;85;39313;21634;5.8;3.2
64;2021-03-01;763;800;40076;22434;5.9;3.3
64;2021-03-02;1078;916;41154;23350;6.0;3.4
64;2021-03-03;1246;1003;42400;24353;6.2;3.6
64;2021-03-04;1878;1187;44278;25540;6.5;3.7
64;2021-03-05;2192;1069;46470;26609;6.8;3.9
64;2021-03-06;1542;519;48012;27128;7.0;4.0
64;2021-03-07;594;110;48606;27238;7.1;4.0
64;2021-03-08;1533;765;50139;28003;7.3;4.1
64;2021-03-09;2063;848;52202;28851;7.6;4.2
64;2021-03-10;2078;759;54280;29610;7.9;4.3
64;2021-03-11;2969;1072;57249;30682;8.4;4.5
64;2021-03-12;3483;588;60732;31270;8.9;4.6
64;2021-03-13;2254;168;62986;31438;9.2;4.6
64;2021-03-14;231;15;63217;31453;9.3;4.6
64;2021-03-15;2331;227;65548;31680;9.6;4.6
64;2021-03-16;1984;263;67532;31943;9.9;4.7
64;2021-03-17;2065;233;69597;32176;10.2;4.7
64;2021-03-18;2459;201;72056;32377;10.5;4.7
64;2021-03-19;3008;281;75064;32658;11.0;4.8
64;2021-03-20;2464;87;77528;32745;11.3;4.8
64;2021-03-21;1275;24;78803;32769;11.5;4.8
64;2021-03-22;2587;551;81390;33320;11.9;4.9
64;2021-03-23;3196;652;84586;33972;12.4;5.0
64;2021-03-24;3562;699;88148;34671;12.9;5.1
64;2021-03-25;4348;803;92496;35474;13.5;5.2
64;2021-03-26;4418;697;96914;36171;14.2;5.3
64;2021-03-27;2969;423;99883;36594;14.6;5.4
64;2021-03-28;521;54;100404;36648;14.7;5.4
64;2021-03-29;3023;879;103427;37527;15.1;5.5
64;2021-03-30;4132;865;107559;38392;15.7;5.6
64;2021-03-31;3583;779;111142;39171;16.3;5.7
64;2021-04-01;4765;928;115907;40099;17.0;5.9
64;2021-04-02;4437;738;120344;40837;17.6;6.0
64;2021-04-03;2057;582;122401;41419;17.9;6.1
64;2021-04-04;304;49;122705;41468;18.0;6.1
64;2021-04-05;1687;139;124392;41607;18.2;6.1
64;2021-04-06;3654;1385;128046;42992;18.7;6.3
64;2021-04-07;3944;1507;131990;44499;19.3;6.5
64;2021-04-08;5186;1594;137176;46093;20.1;6.7
64;2021-04-09;5885;1620;143061;47713;20.9;7.0
64;2021-04-10;3219;1044;146280;48757;21.4;7.1
64;2021-04-11;443;251;146723;49008;21.5;7.2
64;2021-04-12;4039;1853;150762;50861;22.1;7.4
64;2021-04-13;4459;2155;155221;53016;22.7;7.8
64;2021-04-14;4084;2129;159305;55145;23.3;8.1
64;2021-04-15;4393;2292;163698;57437;24.0;8.4
64;2021-04-16;4288;2255;167986;59692;24.6;8.7
64;2021-04-17;2478;1497;170464;61189;25.0;9.0
64;2021-04-18;1096;1182;171560;62371;25.1;9.1
64;2021-04-19;2729;2443;174289;64814;25.5;9.5
64;2021-04-20;3207;2422;177496;67236;26.0;9.8
64;2021-04-21;3215;2562;180711;69798;26.5;10.2
64;2021-04-22;3385;2774;184096;72572;26.9;10.6
64;2021-04-23;3429;2594;187525;75166;27.4;11.0
64;2021-04-24;2067;1586;189592;76752;27.8;11.2
64;2021-04-25;290;238;189882;76990;27.8;11.3
64;2021-04-26;2657;2650;192539;79640;28.2;11.7
64;2021-04-27;3058;3129;195597;82769;28.6;12.1
64;2021-04-28;3601;3059;199198;85828;29.2;12.6
64;2021-04-29;4646;3445;203844;89273;29.8;13.1
64;2021-04-30;4070;3609;207914;92882;30.4;13.6
64;2021-05-01;1480;1029;209394;93911;30.7;13.7
64;2021-05-02;445;327;209839;94238;30.7;13.8
64;2021-05-03;2908;3490;212747;97728;31.1;14.3
64;2021-05-04;3643;3983;216390;101711;31.7;14.9
64;2021-05-05;3359;4016;219749;105727;32.2;15.5
64;2021-05-06;4111;3983;223860;109710;32.8;16.1
64;2021-05-07;3917;4189;227777;113899;33.3;16.7
64;2021-05-08;2618;1233;230395;115132;33.7;16.9
64;2021-05-09;719;306;231114;115438;33.8;16.9
64;2021-05-10;2862;4233;233976;119671;34.2;17.5
64;2021-05-11;4183;4150;238159;123821;34.9;18.1
64;2021-05-12;4484;3941;242643;127762;35.5;18.7
64;2021-05-13;3198;884;245841;128646;36.0;18.8
64;2021-05-14;5137;3147;250978;131793;36.7;19.3
64;2021-05-15;3524;1867;254502;133660;37.3;19.6
64;2021-05-16;498;225;255000;133885;37.3;19.6
64;2021-05-17;4190;2377;259190;136262;37.9;19.9
64;2021-05-18;5163;2301;264353;138563;38.7;20.3
64;2021-05-19;4977;2159;269330;140722;39.4;20.6
64;2021-05-20;5560;2154;274890;142876;40.2;20.9
64;2021-05-21;5264;2244;280154;145120;41.0;21.2
64;2021-05-22;3577;1507;283731;146627;41.5;21.5
64;2021-05-23;431;207;284162;146834;41.6;21.5
64;2021-05-24;2995;1233;287157;148067;42.0;21.7
64;2021-05-25;4330;2844;291487;150911;42.7;22.1
64;2021-05-26;4349;2715;295836;153626;43.3;22.5
64;2021-05-27;5284;3152;301120;156778;44.1;22.9
64;2021-05-28;4608;3432;305728;160210;44.8;23.5
64;2021-05-29;2808;2115;308536;162325;45.2;23.8
64;2021-05-30;436;204;308972;162529;45.2;23.8
64;2021-05-31;3892;3663;312864;166192;45.8;24.3
64;2021-06-01;5332;3560;318196;169752;46.6;24.8
64;2021-06-02;4940;3173;323136;172925;47.3;25.3
64;2021-06-03;6362;3259;329498;176184;48.2;25.8
64;2021-06-04;5141;4549;334639;180733;49.0;26.5
64;2021-06-05;3483;2523;338122;183256;49.5;26.8
64;2021-06-06;2013;328;340135;183584;49.8;26.9
64;2021-06-07;4123;4323;344258;187907;50.4;27.5
64;2021-06-08;5153;4122;349411;192029;51.1;28.1
64;2021-06-09;5149;3650;354560;195679;51.9;28.6
64;2021-06-10;6172;3138;360732;198817;52.8;29.1
64;2021-06-11;5582;4865;366314;203682;53.6;29.8
64;2021-06-12;3944;2324;370258;206006;54.2;30.2
64;2021-06-13;1554;390;371812;206396;54.4;30.2
64;2021-06-14;3670;4786;375482;211182;55.0;30.9
64;2021-06-15;4574;4705;380056;215887;55.6;31.6
64;2021-06-16;4469;4654;384525;220541;56.3;32.3
64;2021-06-17;3638;4299;388163;224840;56.8;32.9
64;2021-06-18;4421;5169;392584;230009;57.5;33.7
64;2021-06-19;2976;3275;395560;233284;57.9;34.1
64;2021-06-20;878;536;396438;233820;58.0;34.2
64;2021-06-21;2309;5127;398747;238947;58.4;35.0
64;2021-06-22;2554;5729;401301;244676;58.7;35.8
64;2021-06-23;3101;5472;404402;250148;59.2;36.6
64;2021-06-24;2714;3804;407116;253952;59.6;37.2
64;2021-06-25;2897;6431;410013;260383;60.0;38.1
64;2021-06-26;1795;3835;411808;264218;60.3;38.7
64;2021-06-27;492;712;412300;264930;60.4;38.8
64;2021-06-28;1925;6060;414225;270990;60.6;39.7
64;2021-06-29;1945;6262;416170;277252;60.9;40.6
64;2021-06-30;2243;6004;418413;283256;61.2;41.5
64;2021-07-01;2396;5337;420809;288593;61.6;42.2
64;2021-07-02;2294;6400;423103;294993;61.9;43.2
64;2021-07-03;1255;3781;424358;298774;62.1;43.7
64;2021-07-04;408;847;424766;299621;62.2;43.9
64;2021-07-05;1366;5410;426132;305031;62.4;44.6
64;2021-07-06;1981;6150;428113;311181;62.7;45.5
64;2021-07-07;2050;5749;430163;316930;63.0;46.4
64;2021-07-08;1775;4391;431938;321321;63.2;47.0
64;2021-07-09;1810;6532;433748;327853;63.5;48.0
64;2021-07-10;1165;3880;434913;331733;63.7;48.6
64;2021-07-11;251;859;435164;332592;63.7;48.7
64;2021-07-12;1491;6092;436655;338684;63.9;49.6
64;2021-07-13;2335;7248;438990;345932;64.3;50.6
64;2021-07-14;2347;3383;441337;349315;64.6;51.1
64;2021-07-15;2066;5478;443403;354793;64.9;51.9
64;2021-07-16;2813;6770;446216;361563;65.3;52.9
64;2021-07-17;2323;4583;448539;366146;65.7;53.6
64;2021-07-18;703;2049;449242;368195;65.8;53.9
64;2021-07-19;2315;6119;451557;374314;66.1;54.8
64;2021-07-20;3105;6549;454662;380863;66.6;55.7
64;2021-07-21;3309;6041;457971;386904;67.0;56.6
64;2021-07-22;3785;5709;461756;392613;67.6;57.5
64;2021-07-23;3709;5597;465465;398210;68.1;58.3
64;2021-07-24;2529;4420;467994;402630;68.5;58.9
64;2021-07-25;750;1058;468744;403688;68.6;59.1
64;2021-07-26;3063;5115;471807;408803;69.1;59.8
64;2021-07-27;4217;5129;476024;413932;69.7;60.6
64;2021-07-28;4270;4575;480294;418507;70.3;61.3
64;2021-07-29;5484;3871;485778;422378;71.1;61.8
64;2021-07-30;5046;4188;490824;426566;71.8;62.4
64;2021-07-31;3141;3328;493965;429894;72.3;62.9
64;2021-08-01;1135;572;495100;430466;72.5;63.0
64;2021-08-02;4324;2621;499424;433087;73.1;63.4
64;2021-08-03;4424;3138;503848;436225;73.8;63.9
65;2020-12-27;0;0;0;0;0.0;0.0
65;2020-12-28;0;0;0;0;0.0;0.0
65;2020-12-29;0;0;0;0;0.0;0.0
65;2020-12-30;0;0;0;0;0.0;0.0
65;2020-12-31;0;0;0;0;0.0;0.0
65;2021-01-01;0;0;0;0;0.0;0.0
65;2021-01-02;0;0;0;0;0.0;0.0
65;2021-01-03;0;0;0;0;0.0;0.0
65;2021-01-04;0;0;0;0;0.0;0.0
65;2021-01-05;1;0;1;0;0.0;0.0
65;2021-01-06;3;0;4;0;0.0;0.0
65;2021-01-07;167;0;171;0;0.1;0.0
65;2021-01-08;253;1;424;1;0.2;0.0
65;2021-01-09;175;1;599;2;0.3;0.0
65;2021-01-10;1;0;600;2;0.3;0.0
65;2021-01-11;275;3;875;5;0.4;0.0
65;2021-01-12;270;1;1145;6;0.5;0.0
65;2021-01-13;586;1;1731;7;0.8;0.0
65;2021-01-14;577;5;2308;12;1.0;0.0
65;2021-01-15;527;2;2835;14;1.2;0.0
65;2021-01-16;221;2;3056;16;1.3;0.0
65;2021-01-17;1;0;3057;16;1.3;0.0
65;2021-01-18;549;5;3606;21;1.6;0.0
65;2021-01-19;570;2;4176;23;1.8;0.0
65;2021-01-20;582;3;4758;26;2.1;0.0
65;2021-01-21;584;0;5342;26;2.4;0.0
65;2021-01-22;596;0;5938;26;2.6;0.0
65;2021-01-23;174;1;6112;27;2.7;0.0
65;2021-01-24;3;1;6115;28;2.7;0.0
65;2021-01-25;550;3;6665;31;2.9;0.0
65;2021-01-26;879;2;7544;33;3.3;0.0
65;2021-01-27;587;12;8131;45;3.6;0.0
65;2021-01-28;503;71;8634;116;3.8;0.1
65;2021-01-29;426;138;9060;254;4.0;0.1
65;2021-01-30;183;74;9243;328;4.1;0.1
65;2021-01-31;15;0;9258;328;4.1;0.1
65;2021-02-01;320;90;9578;418;4.2;0.2
65;2021-02-02;418;195;9996;613;4.4;0.3
65;2021-02-03;463;245;10459;858;4.6;0.4
65;2021-02-04;307;333;10766;1191;4.7;0.5
65;2021-02-05;283;362;11049;1553;4.9;0.7
65;2021-02-06;99;103;11148;1656;4.9;0.7
65;2021-02-07;10;0;11158;1656;4.9;0.7
65;2021-02-08;424;222;11582;1878;5.1;0.8
65;2021-02-09;271;380;11853;2258;5.2;1.0
65;2021-02-10;296;272;12149;2530;5.4;1.1
65;2021-02-11;320;273;12469;2803;5.5;1.2
65;2021-02-12;276;232;12745;3035;5.6;1.3
65;2021-02-13;124;97;12869;3132;5.7;1.4
65;2021-02-14;2;16;12871;3148;5.7;1.4
65;2021-02-15;202;415;13073;3563;5.8;1.6
65;2021-02-16;488;582;13561;4145;6.0;1.8
65;2021-02-17;229;500;13790;4645;6.1;2.0
65;2021-02-18;285;586;14075;5231;6.2;2.3
65;2021-02-19;155;479;14230;5710;6.3;2.5
65;2021-02-20;53;158;14283;5868;6.3;2.6
65;2021-02-21;2;48;14285;5916;6.3;2.6
65;2021-02-22;166;540;14451;6456;6.4;2.8
65;2021-02-23;247;528;14698;6984;6.5;3.1
65;2021-02-24;232;637;14930;7621;6.6;3.4
65;2021-02-25;211;178;15141;7799;6.7;3.4
65;2021-02-26;350;776;15491;8575;6.8;3.8
65;2021-02-27;107;202;15598;8777;6.9;3.9
65;2021-02-28;1;0;15599;8777;6.9;3.9
65;2021-03-01;375;374;15974;9151;7.0;4.0
65;2021-03-02;452;361;16426;9512;7.2;4.2
65;2021-03-03;380;390;16806;9902;7.4;4.4
65;2021-03-04;695;329;17501;10231;7.7;4.5
65;2021-03-05;674;284;18175;10515;8.0;4.6
65;2021-03-06;1183;83;19358;10598;8.5;4.7
65;2021-03-07;257;10;19615;10608;8.6;4.7
65;2021-03-08;411;344;20026;10952;8.8;4.8
65;2021-03-09;667;333;20693;11285;9.1;5.0
65;2021-03-10;625;370;21318;11655;9.4;5.1
65;2021-03-11;781;356;22099;12011;9.7;5.3
65;2021-03-12;1057;188;23156;12199;10.2;5.4
65;2021-03-13;353;92;23509;12291;10.4;5.4
65;2021-03-14;3;31;23512;12322;10.4;5.4
65;2021-03-15;814;183;24326;12505;10.7;5.5
65;2021-03-16;692;217;25018;12722;11.0;5.6
65;2021-03-17;709;206;25727;12928;11.3;5.7
65;2021-03-18;531;233;26258;13161;11.6;5.8
65;2021-03-19;877;161;27135;13322;12.0;5.9
65;2021-03-20;244;45;27379;13367;12.1;5.9
65;2021-03-21;11;2;27390;13369;12.1;5.9
65;2021-03-22;732;154;28122;13523;12.4;6.0
65;2021-03-23;835;366;28957;13889;12.8;6.1
65;2021-03-24;868;252;29825;14141;13.1;6.2
65;2021-03-25;1250;192;31075;14333;13.7;6.3
65;2021-03-26;1220;137;32295;14470;14.2;6.4
65;2021-03-27;1357;80;33652;14550;14.8;6.4
65;2021-03-28;1;2;33653;14552;14.8;6.4
65;2021-03-29;1490;357;35143;14909;15.5;6.6
65;2021-03-30;1356;401;36499;15310;16.1;6.7
65;2021-03-31;1204;367;37703;15677;16.6;6.9
65;2021-04-01;1509;395;39212;16072;17.3;7.1
65;2021-04-02;1681;286;40893;16358;18.0;7.2
65;2021-04-03;247;42;41140;16400;18.1;7.2
65;2021-04-04;4;2;41144;16402;18.1;7.2
65;2021-04-05;158;44;41302;16446;18.2;7.3
65;2021-04-06;1287;493;42589;16939;18.8;7.5
65;2021-04-07;1953;445;44542;17384;19.6;7.7
65;2021-04-08;1634;411;46176;17795;20.4;7.8
65;2021-04-09;1644;469;47820;18264;21.1;8.1
65;2021-04-10;1588;145;49408;18409;21.8;8.1
65;2021-04-11;3;0;49411;18409;21.8;8.1
65;2021-04-12;1348;736;50759;19145;22.4;8.4
65;2021-04-13;1575;591;52334;19736;23.1;8.7
65;2021-04-14;1904;740;54238;20476;23.9;9.0
65;2021-04-15;1698;662;55936;21138;24.7;9.3
65;2021-04-16;1825;527;57761;21665;25.5;9.6
65;2021-04-17;2156;123;59917;21788;26.4;9.6
65;2021-04-18;7;27;59924;21815;26.4;9.6
65;2021-04-19;1337;775;61261;22590;27.0;10.0
65;2021-04-20;1526;704;62787;23294;27.7;10.3
65;2021-04-21;1046;1049;63833;24343;28.1;10.7
65;2021-04-22;1644;723;65477;25066;28.9;11.1
65;2021-04-23;1161;1144;66638;26210;29.4;11.6
65;2021-04-24;1260;602;67898;26812;29.9;11.8
65;2021-04-25;31;15;67929;26827;29.9;11.8
65;2021-04-26;1603;1296;69532;28123;30.7;12.4
65;2021-04-27;1423;1334;70955;29457;31.3;13.0
65;2021-04-28;1730;1023;72685;30480;32.0;13.4
65;2021-04-29;1961;1026;74646;31506;32.9;13.9
65;2021-04-30;1780;924;76426;32430;33.7;14.3
65;2021-05-01;1572;219;77998;32649;34.4;14.4
65;2021-05-02;670;21;78668;32670;34.7;14.4
65;2021-05-03;1283;1619;79951;34289;35.2;15.1
65;2021-05-04;1538;1241;81489;35530;35.9;15.7
65;2021-05-05;1372;1643;82861;37173;36.5;16.4
65;2021-05-06;1553;1179;84414;38352;37.2;16.9
65;2021-05-07;1272;1568;85686;39920;37.8;17.6
65;2021-05-08;1648;439;87334;40359;38.5;17.8
65;2021-05-09;0;90;87334;40449;38.5;17.8
65;2021-05-10;951;1882;88285;42331;38.9;18.7
65;2021-05-11;1058;1810;89343;44141;39.4;19.5
65;2021-05-12;1234;1635;90577;45776;39.9;20.2
65;2021-05-13;1342;168;91919;45944;40.5;20.3
65;2021-05-14;1577;1095;93496;47039;41.2;20.7
65;2021-05-15;1400;509;94896;47548;41.8;21.0
65;2021-05-16;1445;70;96341;47618;42.5;21.0
65;2021-05-17;1037;1615;97378;49233;42.9;21.7
65;2021-05-18;1610;1201;98988;50434;43.6;22.2
65;2021-05-19;1685;1005;100673;51439;44.4;22.7
65;2021-05-20;1844;1046;102517;52485;45.2;23.1
65;2021-05-21;1792;1233;104309;53718;46.0;23.7
65;2021-05-22;1286;638;105595;54356;46.6;24.0
65;2021-05-23;690;32;106285;54388;46.9;24.0
65;2021-05-24;703;77;106988;54465;47.2;24.0
65;2021-05-25;1354;1544;108342;56009;47.8;24.7
65;2021-05-26;1472;1354;109814;57363;48.4;25.3
65;2021-05-27;1618;1455;111432;58818;49.1;25.9
65;2021-05-28;1597;1673;113029;60491;49.8;26.7
65;2021-05-29;1186;1512;114215;62003;50.4;27.3
65;2021-05-30;6;10;114221;62013;50.4;27.3
65;2021-05-31;1321;1298;115542;63311;50.9;27.9
65;2021-06-01;1829;931;117371;64242;51.7;28.3
65;2021-06-02;1573;949;118944;65191;52.4;28.7
65;2021-06-03;1339;1101;120283;66292;53.0;29.2
65;2021-06-04;1788;1563;122071;67855;53.8;29.9
65;2021-06-05;434;1239;122505;69094;54.0;30.5
65;2021-06-06;3;13;122508;69107;54.0;30.5
65;2021-06-07;672;1984;123180;71091;54.3;31.3
65;2021-06-08;955;1537;124135;72628;54.7;32.0
65;2021-06-09;823;1549;124958;74177;55.1;32.7
65;2021-06-10;738;1155;125696;75332;55.4;33.2
65;2021-06-11;911;1808;126607;77140;55.8;34.0
65;2021-06-12;150;639;126757;77779;55.9;34.3
65;2021-06-13;5;7;126762;77786;55.9;34.3
65;2021-06-14;506;2422;127268;80208;56.1;35.4
65;2021-06-15;939;1806;128207;82014;56.5;36.2
65;2021-06-16;1063;1368;129270;83382;57.0;36.8
65;2021-06-17;813;1046;130083;84428;57.3;37.2
65;2021-06-18;1016;1629;131099;86057;57.8;37.9
65;2021-06-19;689;1688;131788;87745;58.1;38.7
65;2021-06-20;2;2;131790;87747;58.1;38.7
65;2021-06-21;740;1937;132530;89684;58.4;39.5
65;2021-06-22;1043;1479;133573;91163;58.9;40.2
65;2021-06-23;1064;1234;134637;92397;59.4;40.7
65;2021-06-24;956;1142;135593;93539;59.8;41.2
65;2021-06-25;830;1965;136423;95504;60.1;42.1
65;2021-06-26;169;1658;136592;97162;60.2;42.8
65;2021-06-27;15;1101;136607;98263;60.2;43.3
65;2021-06-28;444;2303;137051;100566;60.4;44.3
65;2021-06-29;683;1913;137734;102479;60.7;45.2
65;2021-06-30;928;1680;138662;104159;61.1;45.9
65;2021-07-01;601;748;139263;104907;61.4;46.2
65;2021-07-02;1160;1731;140423;106638;61.9;47.0
65;2021-07-03;191;1914;140614;108552;62.0;47.9
65;2021-07-04;414;181;141028;108733;62.2;47.9
65;2021-07-05;640;1995;141668;110728;62.5;48.8
65;2021-07-06;889;2124;142557;112852;62.8;49.7
65;2021-07-07;963;1512;143520;114364;63.3;50.4
65;2021-07-08;321;662;143841;115026;63.4;50.7
65;2021-07-09;545;1594;144386;116620;63.7;51.4
65;2021-07-10;291;956;144677;117576;63.8;51.8
65;2021-07-11;0;0;144677;117576;63.8;51.8
65;2021-07-12;475;2222;145152;119798;64.0;52.8
65;2021-07-13;685;2146;145837;121944;64.3;53.8
65;2021-07-14;207;50;146044;121994;64.4;53.8
65;2021-07-15;1018;1661;147062;123655;64.8;54.5
65;2021-07-16;1165;1876;148227;125531;65.3;55.3
65;2021-07-17;407;539;148634;126070;65.5;55.6
65;2021-07-18;22;12;148656;126082;65.5;55.6
65;2021-07-19;624;1494;149280;127576;65.8;56.2
65;2021-07-20;1416;1695;150696;129271;66.4;57.0
65;2021-07-21;1372;1649;152068;130920;67.0;57.7
65;2021-07-22;2129;1265;154197;132185;68.0;58.3
65;2021-07-23;1571;1786;155768;133971;68.7;59.1
65;2021-07-24;1028;646;156796;134617;69.1;59.3
65;2021-07-25;21;21;156817;134638;69.1;59.4
65;2021-07-26;1110;1242;157927;135880;69.6;59.9
65;2021-07-27;1754;1955;159681;137835;70.4;60.8
65;2021-07-28;1559;1311;161240;139146;71.1;61.3
65;2021-07-29;2798;1111;164038;140257;72.3;61.8
65;2021-07-30;2388;1380;166426;141637;73.4;62.4
65;2021-07-31;2201;337;168627;141974;74.3;62.6
65;2021-08-01;14;16;168641;141990;74.3;62.6
65;2021-08-02;917;830;169558;142820;74.7;63.0
65;2021-08-03;1951;1046;171509;143866;75.6;63.4
66;2020-12-27;0;0;0;0;0.0;0.0
66;2020-12-28;2;0;2;0;0.0;0.0
66;2020-12-29;0;0;2;0;0.0;0.0
66;2020-12-30;0;0;2;0;0.0;0.0
66;2020-12-31;1;0;3;0;0.0;0.0
66;2021-01-01;1;0;4;0;0.0;0.0
66;2021-01-02;0;0;4;0;0.0;0.0
66;2021-01-03;0;0;4;0;0.0;0.0
66;2021-01-04;30;0;34;0;0.0;0.0
66;2021-01-05;135;0;169;0;0.0;0.0
66;2021-01-06;195;0;364;0;0.1;0.0
66;2021-01-07;180;0;544;0;0.1;0.0
66;2021-01-08;212;0;756;0;0.2;0.0
66;2021-01-09;232;0;988;0;0.2;0.0
66;2021-01-10;11;0;999;0;0.2;0.0
66;2021-01-11;404;2;1403;2;0.3;0.0
66;2021-01-12;587;2;1990;4;0.4;0.0
66;2021-01-13;877;6;2867;10;0.6;0.0
66;2021-01-14;891;11;3758;21;0.8;0.0
66;2021-01-15;585;1;4343;22;0.9;0.0
66;2021-01-16;106;2;4449;24;0.9;0.0
66;2021-01-17;46;1;4495;25;0.9;0.0
66;2021-01-18;654;2;5149;27;1.1;0.0
66;2021-01-19;716;3;5865;30;1.2;0.0
66;2021-01-20;1168;3;7033;33;1.5;0.0
66;2021-01-21;2402;3;9435;36;2.0;0.0
66;2021-01-22;1435;8;10870;44;2.3;0.0
66;2021-01-23;399;3;11269;47;2.4;0.0
66;2021-01-24;226;9;11495;56;2.4;0.0
66;2021-01-25;737;43;12232;99;2.6;0.0
66;2021-01-26;785;68;13017;167;2.7;0.0
66;2021-01-27;864;104;13881;271;2.9;0.1
66;2021-01-28;869;128;14750;399;3.1;0.1
66;2021-01-29;816;126;15566;525;3.2;0.1
66;2021-01-30;480;71;16046;596;3.3;0.1
66;2021-01-31;202;27;16248;623;3.4;0.1
66;2021-02-01;562;190;16810;813;3.5;0.2
66;2021-02-02;618;291;17428;1104;3.6;0.2
66;2021-02-03;736;629;18164;1733;3.8;0.4
66;2021-02-04;688;621;18852;2354;3.9;0.5
66;2021-02-05;777;417;19629;2771;4.1;0.6
66;2021-02-06;413;147;20042;2918;4.2;0.6
66;2021-02-07;169;139;20211;3057;4.2;0.6
66;2021-02-08;500;395;20711;3452;4.3;0.7
66;2021-02-09;531;401;21242;3853;4.4;0.8
66;2021-02-10;614;772;21856;4625;4.6;1.0
66;2021-02-11;1104;1574;22960;6199;4.8;1.3
66;2021-02-12;1120;1202;24080;7401;5.0;1.5
66;2021-02-13;366;305;24446;7706;5.1;1.6
66;2021-02-14;111;199;24557;7905;5.1;1.7
66;2021-02-15;425;701;24982;8606;5.2;1.8
66;2021-02-16;303;792;25285;9398;5.3;2.0
66;2021-02-17;378;701;25663;10099;5.4;2.1
66;2021-02-18;366;777;26029;10876;5.4;2.3
66;2021-02-19;400;704;26429;11580;5.5;2.4
66;2021-02-20;184;414;26613;11994;5.6;2.5
66;2021-02-21;40;172;26653;12166;5.6;2.5
66;2021-02-22;415;646;27068;12812;5.7;2.7
66;2021-02-23;508;660;27576;13472;5.8;2.8
66;2021-02-24;340;752;27916;14224;5.8;3.0
66;2021-02-25;718;715;28634;14939;6.0;3.1
66;2021-02-26;951;748;29585;15687;6.2;3.3
66;2021-02-27;363;433;29948;16120;6.3;3.4
66;2021-02-28;59;173;30007;16293;6.3;3.4
66;2021-03-01;378;655;30385;16948;6.3;3.5
66;2021-03-02;332;657;30717;17605;6.4;3.7
66;2021-03-03;526;645;31243;18250;6.5;3.8
66;2021-03-04;989;1055;32232;19305;6.7;4.0
66;2021-03-05;1526;795;33758;20100;7.0;4.2
66;2021-03-06;1145;343;34903;20443;7.3;4.3
66;2021-03-07;1096;96;35999;20539;7.5;4.3
66;2021-03-08;694;545;36693;21084;7.7;4.4
66;2021-03-09;1221;594;37914;21678;7.9;4.5
66;2021-03-10;1300;502;39214;22180;8.2;4.6
66;2021-03-11;1475;595;40689;22775;8.5;4.8
66;2021-03-12;2393;579;43082;23354;9.0;4.9
66;2021-03-13;1081;306;44163;23660;9.2;4.9
66;2021-03-14;190;85;44353;23745;9.3;5.0
66;2021-03-15;1108;392;45461;24137;9.5;5.0
66;2021-03-16;952;260;46413;24397;9.7;5.1
66;2021-03-17;866;395;47279;24792;9.9;5.2
66;2021-03-18;967;343;48246;25135;10.1;5.2
66;2021-03-19;1292;317;49538;25452;10.3;5.3
66;2021-03-20;837;121;50375;25573;10.5;5.3
66;2021-03-21;185;44;50560;25617;10.6;5.3
66;2021-03-22;1106;397;51666;26014;10.8;5.4
66;2021-03-23;1756;390;53422;26404;11.2;5.5
66;2021-03-24;1791;516;55213;26920;11.5;5.6
66;2021-03-25;2533;463;57746;27383;12.1;5.7
66;2021-03-26;2577;357;60323;27740;12.6;5.8
66;2021-03-27;1208;294;61531;28034;12.8;5.9
66;2021-03-28;320;3;61851;28037;12.9;5.9
66;2021-03-29;1829;254;63680;28291;13.3;5.9
66;2021-03-30;2237;171;65917;28462;13.8;5.9
66;2021-03-31;1984;251;67901;28713;14.2;6.0
66;2021-04-01;2670;302;70571;29015;14.7;6.1
66;2021-04-02;2416;253;72987;29268;15.2;6.1
66;2021-04-03;1148;334;74135;29602;15.5;6.2
66;2021-04-04;105;127;74240;29729;15.5;6.2
66;2021-04-05;195;141;74435;29870;15.5;6.2
66;2021-04-06;1330;652;75765;30522;15.8;6.4
66;2021-04-07;1395;594;77160;31116;16.1;6.5
66;2021-04-08;2066;546;79226;31662;16.5;6.6
66;2021-04-09;3474;659;82700;32321;17.3;6.7
66;2021-04-10;2305;522;85005;32843;17.7;6.9
66;2021-04-11;1200;166;86205;33009;18.0;6.9
66;2021-04-12;2700;1021;88905;34030;18.6;7.1
66;2021-04-13;3608;1058;92513;35088;19.3;7.3
66;2021-04-14;3291;922;95804;36010;20.0;7.5
66;2021-04-15;3550;1046;99354;37056;20.7;7.7
66;2021-04-16;3591;1034;102945;38090;21.5;8.0
66;2021-04-17;2261;586;105206;38676;22.0;8.1
66;2021-04-18;1445;131;106651;38807;22.3;8.1
66;2021-04-19;2256;1122;108907;39929;22.7;8.3
66;2021-04-20;2369;1080;111276;41009;23.2;8.6
66;2021-04-21;2867;1180;114143;42189;23.8;8.8
66;2021-04-22;2653;1228;116796;43417;24.4;9.1
66;2021-04-23;2378;1233;119174;44650;24.9;9.3
66;2021-04-24;2744;874;121918;45524;25.5;9.5
66;2021-04-25;1207;267;123125;45791;25.7;9.6
66;2021-04-26;1995;1253;125120;47044;26.1;9.8
66;2021-04-27;2748;1298;127868;48342;26.7;10.1
66;2021-04-28;2417;1662;130285;50004;27.2;10.4
66;2021-04-29;2698;2125;132983;52129;27.8;10.9
66;2021-04-30;3055;1557;136038;53686;28.4;11.2
66;2021-05-01;2001;468;138039;54154;28.8;11.3
66;2021-05-02;1529;262;139568;54416;29.1;11.4
66;2021-05-03;2938;1109;142506;55525;29.8;11.6
66;2021-05-04;3170;1342;145676;56867;30.4;11.9
66;2021-05-05;3052;1535;148728;58402;31.0;12.2
66;2021-05-06;3758;2077;152486;60479;31.8;12.6
66;2021-05-07;2965;3082;155451;63561;32.5;13.3
66;2021-05-08;1729;1170;157180;64731;32.8;13.5
66;2021-05-09;887;1373;158067;66104;33.0;13.8
66;2021-05-10;1805;2974;159872;69078;33.4;14.4
66;2021-05-11;2739;3123;162611;72201;33.9;15.1
66;2021-05-12;2429;2569;165040;74770;34.5;15.6
66;2021-05-13;2255;1381;167295;76151;34.9;15.9
66;2021-05-14;2773;2115;170068;78266;35.5;16.3
66;2021-05-15;2329;1576;172397;79842;36.0;16.7
66;2021-05-16;2286;1251;174683;81093;36.5;16.9
66;2021-05-17;2049;1823;176732;82916;36.9;17.3
66;2021-05-18;3237;1806;179969;84722;37.6;17.7
66;2021-05-19;2877;1336;182846;86058;38.2;18.0
66;2021-05-20;4377;1442;187223;87500;39.1;18.3
66;2021-05-21;3268;1459;190491;88959;39.8;18.6
66;2021-05-22;3066;770;193557;89729;40.4;18.7
66;2021-05-23;1508;237;195065;89966;40.7;18.8
66;2021-05-24;1954;426;197019;90392;41.1;18.9
66;2021-05-25;2793;1688;199812;92080;41.7;19.2
66;2021-05-26;2781;1491;202593;93571;42.3;19.5
66;2021-05-27;3383;2251;205976;95822;43.0;20.0
66;2021-05-28;2680;3051;208656;98873;43.6;20.6
66;2021-05-29;2148;1519;210804;100392;44.0;21.0
66;2021-05-30;786;989;211590;101381;44.2;21.2
66;2021-05-31;2120;1787;213710;103168;44.6;21.5
66;2021-06-01;2623;2004;216333;105172;45.2;22.0
66;2021-06-02;2803;2336;219136;107508;45.7;22.4
66;2021-06-03;2472;2974;221608;110482;46.3;23.1
66;2021-06-04;1855;3351;223463;113833;46.7;23.8
66;2021-06-05;1408;2601;224871;116434;46.9;24.3
66;2021-06-06;291;1224;225162;117658;47.0;24.6
66;2021-06-07;1332;2957;226494;120615;47.3;25.2
66;2021-06-08;1736;3019;228230;123634;47.6;25.8
66;2021-06-09;2068;2785;230298;126419;48.1;26.4
66;2021-06-10;2077;2958;232375;129377;48.5;27.0
66;2021-06-11;2094;3866;234469;133243;48.9;27.8
66;2021-06-12;870;2411;235339;135654;49.1;28.3
66;2021-06-13;515;1333;235854;136987;49.2;28.6
66;2021-06-14;1360;3492;237214;140479;49.5;29.3
66;2021-06-15;2128;3571;239342;144050;50.0;30.1
66;2021-06-16;1787;3567;241129;147617;50.3;30.8
66;2021-06-17;2429;3603;243558;151220;50.8;31.6
66;2021-06-18;2226;3822;245784;155042;51.3;32.4
66;2021-06-19;1540;2318;247324;157360;51.6;32.9
66;2021-06-20;992;1259;248316;158619;51.8;33.1
66;2021-06-21;1162;2876;249478;161495;52.1;33.7
66;2021-06-22;1502;3761;250980;165256;52.4;34.5
66;2021-06-23;1323;3024;252303;168280;52.7;35.1
66;2021-06-24;1509;3230;253812;171510;53.0;35.8
66;2021-06-25;1394;3532;255206;175042;53.3;36.5
66;2021-06-26;963;2679;256169;177721;53.5;37.1
66;2021-06-27;677;1556;256846;179277;53.6;37.4
66;2021-06-28;976;2974;257822;182251;53.8;38.0
66;2021-06-29;1140;3791;258962;186042;54.1;38.8
66;2021-06-30;1272;3297;260234;189339;54.3;39.5
66;2021-07-01;1342;4042;261576;193381;54.6;40.4
66;2021-07-02;1294;3604;262870;196985;54.9;41.1
66;2021-07-03;1148;3893;264018;200878;55.1;41.9
66;2021-07-04;714;1790;264732;202668;55.3;42.3
66;2021-07-05;1083;2997;265815;205665;55.5;42.9
66;2021-07-06;1364;3778;267179;209443;55.8;43.7
66;2021-07-07;1378;3250;268557;212693;56.1;44.4
66;2021-07-08;1261;3379;269818;216072;56.3;45.1
66;2021-07-09;1417;3461;271235;219533;56.6;45.8
66;2021-07-10;998;2404;272233;221937;56.8;46.3
66;2021-07-11;537;1538;272770;223475;56.9;46.7
66;2021-07-12;985;3638;273755;227113;57.2;47.4
66;2021-07-13;2115;4261;275870;231374;57.6;48.3
66;2021-07-14;1935;1224;277805;232598;58.0;48.6
66;2021-07-15;2769;3104;280574;235702;58.6;49.2
66;2021-07-16;3296;3179;283870;238881;59.3;49.9
66;2021-07-17;2107;2027;285977;240908;59.7;50.3
66;2021-07-18;1193;1055;287170;241963;60.0;50.5
66;2021-07-19;2780;3072;289950;245035;60.5;51.2
66;2021-07-20;3625;2862;293575;247897;61.3;51.8
66;2021-07-21;3943;2924;297518;250821;62.1;52.4
66;2021-07-22;3819;2793;301337;253614;62.9;52.9
66;2021-07-23;3857;3017;305194;256631;63.7;53.6
66;2021-07-24;2581;1908;307775;258539;64.3;54.0
66;2021-07-25;2012;1232;309787;259771;64.7;54.2
66;2021-07-26;2760;2619;312547;262390;65.2;54.8
66;2021-07-27;3186;2876;315733;265266;65.9;55.4
66;2021-07-28;3327;2554;319060;267820;66.6;55.9
66;2021-07-29;3808;2508;322868;270328;67.4;56.4
66;2021-07-30;4156;2431;327024;272759;68.3;56.9
66;2021-07-31;2210;1700;329234;274459;68.7;57.3
66;2021-08-01;1811;884;331045;275343;69.1;57.5
66;2021-08-02;2232;1907;333277;277250;69.6;57.9
66;2021-08-03;2561;2036;335838;279286;70.1;58.3
67;2020-12-27;4;0;4;0;0.0;0.0
67;2020-12-28;3;0;7;0;0.0;0.0
67;2020-12-29;0;0;7;0;0.0;0.0
67;2020-12-30;0;0;7;0;0.0;0.0
67;2020-12-31;0;0;7;0;0.0;0.0
67;2021-01-01;3;0;10;0;0.0;0.0
67;2021-01-02;1;0;11;0;0.0;0.0
67;2021-01-03;1;0;12;0;0.0;0.0
67;2021-01-04;41;0;53;0;0.0;0.0
67;2021-01-05;167;0;220;0;0.0;0.0
67;2021-01-06;121;0;341;0;0.0;0.0
67;2021-01-07;235;1;576;1;0.1;0.0
67;2021-01-08;232;1;808;2;0.1;0.0
67;2021-01-09;113;1;921;3;0.1;0.0
67;2021-01-10;66;0;987;3;0.1;0.0
67;2021-01-11;182;1;1169;4;0.1;0.0
67;2021-01-12;511;1;1680;5;0.1;0.0
67;2021-01-13;652;2;2332;7;0.2;0.0
67;2021-01-14;1075;7;3407;14;0.3;0.0
67;2021-01-15;936;8;4343;22;0.4;0.0
67;2021-01-16;196;3;4539;25;0.4;0.0
67;2021-01-17;98;0;4637;25;0.4;0.0
67;2021-01-18;892;2;5529;27;0.5;0.0
67;2021-01-19;1423;5;6952;32;0.6;0.0
67;2021-01-20;1849;12;8801;44;0.8;0.0
67;2021-01-21;2199;9;11000;53;1.0;0.0
67;2021-01-22;1987;5;12987;58;1.1;0.0
67;2021-01-23;812;5;13799;63;1.2;0.0
67;2021-01-24;380;1;14179;64;1.3;0.0
67;2021-01-25;526;32;14705;96;1.3;0.0
67;2021-01-26;157;108;14862;204;1.3;0.0
67;2021-01-27;1391;90;16253;294;1.4;0.0
67;2021-01-28;3049;226;19302;520;1.7;0.0
67;2021-01-29;2024;157;21326;677;1.9;0.1
67;2021-01-30;1094;83;22420;760;2.0;0.1
67;2021-01-31;1161;29;23581;789;2.1;0.1
67;2021-02-01;3388;247;26969;1036;2.4;0.1
67;2021-02-02;2685;428;29654;1464;2.6;0.1
67;2021-02-03;1570;404;31224;1868;2.8;0.2
67;2021-02-04;1193;763;32417;2631;2.9;0.2
67;2021-02-05;1193;646;33610;3277;3.0;0.3
67;2021-02-06;788;148;34398;3425;3.0;0.3
67;2021-02-07;289;44;34687;3469;3.1;0.3
67;2021-02-08;837;452;35524;3921;3.1;0.3
67;2021-02-09;956;742;36480;4663;3.2;0.4
67;2021-02-10;928;796;37408;5459;3.3;0.5
67;2021-02-11;1149;1130;38557;6589;3.4;0.6
67;2021-02-12;1244;780;39801;7369;3.5;0.7
67;2021-02-13;765;280;40566;7649;3.6;0.7
67;2021-02-14;243;95;40809;7744;3.6;0.7
67;2021-02-15;778;837;41587;8581;3.7;0.8
67;2021-02-16;926;1149;42513;9730;3.8;0.9
67;2021-02-17;783;1196;43296;10926;3.8;1.0
67;2021-02-18;1398;2568;44694;13494;3.9;1.2
67;2021-02-19;1371;2117;46065;15611;4.1;1.4
67;2021-02-20;627;912;46692;16523;4.1;1.5
67;2021-02-21;207;1196;46899;17719;4.1;1.6
67;2021-02-22;1400;2172;48299;19891;4.3;1.8
67;2021-02-23;1459;1576;49758;21467;4.4;1.9
67;2021-02-24;1432;1067;51190;22534;4.5;2.0
67;2021-02-25;1614;1487;52804;24021;4.7;2.1
67;2021-02-26;2221;1409;55025;25430;4.9;2.2
67;2021-02-27;1255;788;56280;26218;5.0;2.3
67;2021-02-28;147;364;56427;26582;5.0;2.3
67;2021-03-01;636;1006;57063;27588;5.0;2.4
67;2021-03-02;889;1199;57952;28787;5.1;2.5
67;2021-03-03;1409;1282;59361;30069;5.2;2.7
67;2021-03-04;1957;1056;61318;31125;5.4;2.7
67;2021-03-05;3253;1099;64571;32224;5.7;2.8
67;2021-03-06;2333;774;66904;32998;5.9;2.9
67;2021-03-07;466;282;67370;33280;5.9;2.9
67;2021-03-08;1183;792;68553;34072;6.1;3.0
67;2021-03-09;2218;902;70771;34974;6.2;3.1
67;2021-03-10;2443;1188;73214;36162;6.5;3.2
67;2021-03-11;3203;1350;76417;37512;6.7;3.3
67;2021-03-12;5247;1367;81664;38879;7.2;3.4
67;2021-03-13;3996;883;85660;39762;7.6;3.5
67;2021-03-14;483;387;86143;40149;7.6;3.5
67;2021-03-15;2188;1155;88331;41304;7.8;3.6
67;2021-03-16;1543;1229;89874;42533;7.9;3.8
67;2021-03-17;2060;917;91934;43450;8.1;3.8
67;2021-03-18;2385;720;94319;44170;8.3;3.9
67;2021-03-19;3669;742;97988;44912;8.7;4.0
67;2021-03-20;3064;504;101052;45416;8.9;4.0
67;2021-03-21;332;14;101384;45430;9.0;4.0
67;2021-03-22;2327;776;103711;46206;9.2;4.1
67;2021-03-23;3395;763;107106;46969;9.5;4.1
67;2021-03-24;3903;805;111009;47774;9.8;4.2
67;2021-03-25;5311;529;116320;48303;10.3;4.3
67;2021-03-26;6868;470;123188;48773;10.9;4.3
67;2021-03-27;3921;332;127109;49105;11.2;4.3
67;2021-03-28;578;98;127687;49203;11.3;4.3
67;2021-03-29;3811;425;131498;49628;11.6;4.4
67;2021-03-30;4828;662;136326;50290;12.0;4.4
67;2021-03-31;4840;683;141166;50973;12.5;4.5
67;2021-04-01;5135;917;146301;51890;12.9;4.6
67;2021-04-02;1001;172;147302;52062;13.0;4.6
67;2021-04-03;1689;285;148991;52347;13.2;4.6
67;2021-04-04;325;5;149316;52352;13.2;4.6
67;2021-04-05;365;3;149681;52355;13.2;4.6
67;2021-04-06;3471;1172;153152;53527;13.5;4.7
67;2021-04-07;4533;1272;157685;54799;13.9;4.8
67;2021-04-08;5654;1393;163339;56192;14.4;5.0
67;2021-04-09;7105;1330;170444;57522;15.0;5.1
67;2021-04-10;4327;881;174771;58403;15.4;5.2
67;2021-04-11;855;426;175626;58829;15.5;5.2
67;2021-04-12;3879;1399;179505;60228;15.8;5.3
67;2021-04-13;4891;1572;184396;61800;16.3;5.5
67;2021-04-14;5237;1892;189633;63692;16.7;5.6
67;2021-04-15;6070;2098;195703;65790;17.3;5.8
67;2021-04-16;7830;2399;203533;68189;18.0;6.0
67;2021-04-17;4005;1578;207538;69767;18.3;6.2
67;2021-04-18;1113;646;208651;70413;18.4;6.2
67;2021-04-19;3627;2139;212278;72552;18.7;6.4
67;2021-04-20;4253;1918;216531;74470;19.1;6.6
67;2021-04-21;4068;2513;220599;76983;19.5;6.8
67;2021-04-22;4474;2901;225073;79884;19.9;7.1
67;2021-04-23;5237;2990;230310;82874;20.3;7.3
67;2021-04-24;3099;2016;233409;84890;20.6;7.5
67;2021-04-25;1027;447;234436;85337;20.7;7.5
67;2021-04-26;3188;2615;237624;87952;21.0;7.8
67;2021-04-27;4021;2922;241645;90874;21.3;8.0
67;2021-04-28;4247;3428;245892;94302;21.7;8.3
67;2021-04-29;5122;3512;251014;97814;22.2;8.6
67;2021-04-30;7175;2481;258189;100295;22.8;8.9
67;2021-05-01;2680;782;260869;101077;23.0;8.9
67;2021-05-02;2180;672;263049;101749;23.2;9.0
67;2021-05-03;5561;2611;268610;104360;23.7;9.2
67;2021-05-04;5849;3606;274459;107966;24.2;9.5
67;2021-05-05;5206;4197;279665;112163;24.7;9.9
67;2021-05-06;6711;4911;286376;117074;25.3;10.3
67;2021-05-07;6426;6914;292802;123988;25.9;10.9
67;2021-05-08;3560;1019;296362;125007;26.2;11.0
67;2021-05-09;3371;598;299733;125605;26.5;11.1
67;2021-05-10;4694;4527;304427;130132;26.9;11.5
67;2021-05-11;5646;4927;310073;135059;27.4;11.9
67;2021-05-12;6587;4844;316660;139903;28.0;12.4
67;2021-05-13;7306;1698;323966;141601;28.6;12.5
67;2021-05-14;8880;5371;332846;146972;29.4;13.0
67;2021-05-15;8187;3654;341033;150626;30.1;13.3
67;2021-05-16;6171;973;347204;151599;30.7;13.4
67;2021-05-17;5688;3907;352892;155506;31.2;13.7
67;2021-05-18;6898;3980;359790;159486;31.8;14.1
67;2021-05-19;7373;4167;367163;163653;32.4;14.4
67;2021-05-20;8688;4218;375851;167871;33.2;14.8
67;2021-05-21;8158;5844;384009;173715;33.9;15.3
67;2021-05-22;5936;3428;389945;177143;34.4;15.6
67;2021-05-23;2658;593;392603;177736;34.7;15.7
67;2021-05-24;4416;861;397019;178597;35.1;15.8
67;2021-05-25;5416;4764;402435;183361;35.5;16.2
67;2021-05-26;6056;4881;408491;188242;36.1;16.6
67;2021-05-27;7306;4894;415797;193136;36.7;17.1
67;2021-05-28;7962;6492;423759;199628;37.4;17.6
67;2021-05-29;6645;3873;430404;203501;38.0;18.0
67;2021-05-30;1146;810;431550;204311;38.1;18.0
67;2021-05-31;6401;4055;437951;208366;38.7;18.4
67;2021-06-01;7328;4400;445279;212766;39.3;18.8
67;2021-06-02;8056;4174;453335;216940;40.0;19.2
67;2021-06-03;8831;4862;462166;221802;40.8;19.6
67;2021-06-04;8586;6127;470752;227929;41.6;20.1
67;2021-06-05;6555;3986;477307;231915;42.1;20.5
67;2021-06-06;3477;873;480784;232788;42.4;20.6
67;2021-06-07;7414;4260;488198;237048;43.1;20.9
67;2021-06-08;8627;4920;496825;241968;43.9;21.4
67;2021-06-09;9261;4800;506086;246768;44.7;21.8
67;2021-06-10;9771;5014;515857;251782;45.5;22.2
67;2021-06-11;8062;8330;523919;260112;46.3;23.0
67;2021-06-12;6785;5192;530704;265304;46.9;23.4
67;2021-06-13;3104;1041;533808;266345;47.1;23.5
67;2021-06-14;5508;6459;539316;272804;47.6;24.1
67;2021-06-15;6686;6747;546002;279551;48.2;24.7
67;2021-06-16;6945;6697;552947;286248;48.8;25.3
67;2021-06-17;7266;9046;560213;295294;49.5;26.1
67;2021-06-18;7597;8507;567810;303801;50.1;26.8
67;2021-06-19;6379;5959;574189;309760;50.7;27.3
67;2021-06-20;1450;1412;575639;311172;50.8;27.5
67;2021-06-21;4265;6764;579904;317936;51.2;28.1
67;2021-06-22;4234;9095;584138;327031;51.6;28.9
67;2021-06-23;5260;8164;589398;335195;52.0;29.6
67;2021-06-24;4514;9089;593912;344284;52.4;30.4
67;2021-06-25;5329;9948;599241;354232;52.9;31.3
67;2021-06-26;3454;9105;602695;363337;53.2;32.1
67;2021-06-27;1018;3520;603713;366857;53.3;32.4
67;2021-06-28;2846;8736;606559;375593;53.6;33.2
67;2021-06-29;2892;8592;609451;384185;53.8;33.9
67;2021-06-30;3371;8734;612822;392919;54.1;34.7
67;2021-07-01;3586;8414;616408;401333;54.4;35.4
67;2021-07-02;3727;10932;620135;412265;54.8;36.4
67;2021-07-03;2972;7744;623107;420009;55.0;37.1
67;2021-07-04;762;1868;623869;421877;55.1;37.2
67;2021-07-05;2609;8250;626478;430127;55.3;38.0
67;2021-07-06;3047;8438;629525;438565;55.6;38.7
67;2021-07-07;3893;8738;633418;447303;55.9;39.5
67;2021-07-08;4179;7785;637597;455088;56.3;40.2
67;2021-07-09;3750;11371;641347;466459;56.6;41.2
67;2021-07-10;2840;8206;644187;474665;56.9;41.9
67;2021-07-11;933;1992;645120;476657;57.0;42.1
67;2021-07-12;2448;9723;647568;486380;57.2;42.9
67;2021-07-13;4077;9888;651645;496268;57.5;43.8
67;2021-07-14;3470;4396;655115;500664;57.8;44.2
67;2021-07-15;5094;12220;660209;512884;58.3;45.3
67;2021-07-16;4796;12290;665005;525174;58.7;46.4
67;2021-07-17;3717;8830;668722;534004;59.0;47.1
67;2021-07-18;1445;2542;670167;536546;59.2;47.4
67;2021-07-19;4593;9734;674760;546280;59.6;48.2
67;2021-07-20;5717;9818;680477;556098;60.1;49.1
67;2021-07-21;5791;10639;686268;566737;60.6;50.0
67;2021-07-22;6386;10221;692654;576958;61.2;50.9
67;2021-07-23;7334;11190;699988;588148;61.8;51.9
67;2021-07-24;5398;7569;705386;595717;62.3;52.6
67;2021-07-25;2301;1959;707687;597676;62.5;52.8
67;2021-07-26;4950;7236;712637;604912;62.9;53.4
67;2021-07-27;6519;7293;719156;612205;63.5;54.1
67;2021-07-28;7502;7182;726658;619387;64.2;54.7
67;2021-07-29;8304;6413;734962;625800;64.9;55.3
67;2021-07-30;8569;7278;743531;633078;65.6;55.9
67;2021-07-31;5038;4835;748569;637913;66.1;56.3
67;2021-08-01;2429;1398;750998;639311;66.3;56.4
67;2021-08-02;6292;5053;757290;644364;66.9;56.9
67;2021-08-03;7232;4674;764522;649038;67.5;57.3
68;2020-12-27;0;0;0;0;0.0;0.0
68;2020-12-28;0;0;0;0;0.0;0.0
68;2020-12-29;0;0;0;0;0.0;0.0
68;2020-12-30;0;0;0;0;0.0;0.0
68;2020-12-31;0;0;0;0;0.0;0.0
68;2021-01-01;0;0;0;0;0.0;0.0
68;2021-01-02;0;0;0;0;0.0;0.0
68;2021-01-03;0;0;0;0;0.0;0.0
68;2021-01-04;1;0;1;0;0.0;0.0
68;2021-01-05;11;0;12;0;0.0;0.0
68;2021-01-06;244;1;256;1;0.0;0.0
68;2021-01-07;75;0;331;1;0.0;0.0
68;2021-01-08;118;1;449;2;0.1;0.0
68;2021-01-09;20;0;469;2;0.1;0.0
68;2021-01-10;1;0;470;2;0.1;0.0
68;2021-01-11;82;0;552;2;0.1;0.0
68;2021-01-12;386;1;938;3;0.1;0.0
68;2021-01-13;703;2;1641;5;0.2;0.0
68;2021-01-14;372;2;2013;7;0.3;0.0
68;2021-01-15;204;1;2217;8;0.3;0.0
68;2021-01-16;1;0;2218;8;0.3;0.0
68;2021-01-17;0;0;2218;8;0.3;0.0
68;2021-01-18;379;5;2597;13;0.3;0.0
68;2021-01-19;559;5;3156;18;0.4;0.0
68;2021-01-20;706;9;3862;27;0.5;0.0
68;2021-01-21;1384;12;5246;39;0.7;0.0
68;2021-01-22;1499;12;6745;51;0.9;0.0
68;2021-01-23;215;3;6960;54;0.9;0.0
68;2021-01-24;697;0;7657;54;1.0;0.0
68;2021-01-25;1388;46;9045;100;1.2;0.0
68;2021-01-26;1553;80;10598;180;1.4;0.0
68;2021-01-27;2731;140;13329;320;1.7;0.0
68;2021-01-28;2347;57;15676;377;2.1;0.0
68;2021-01-29;1505;116;17181;493;2.3;0.1
68;2021-01-30;165;2;17346;495;2.3;0.1
68;2021-01-31;0;0;17346;495;2.3;0.1
68;2021-02-01;737;103;18083;598;2.4;0.1
68;2021-02-02;867;306;18950;904;2.5;0.1
68;2021-02-03;998;622;19948;1526;2.6;0.2
68;2021-02-04;1000;324;20948;1850;2.7;0.2
68;2021-02-05;946;236;21894;2086;2.9;0.3
68;2021-02-06;137;1;22031;2087;2.9;0.3
68;2021-02-07;1;16;22032;2103;2.9;0.3
68;2021-02-08;894;21;22926;2124;3.0;0.3
68;2021-02-09;1357;45;24283;2169;3.2;0.3
68;2021-02-10;1452;61;25735;2230;3.4;0.3
68;2021-02-11;1487;471;27222;2701;3.6;0.4
68;2021-02-12;1547;453;28769;3154;3.8;0.4
68;2021-02-13;132;1;28901;3155;3.8;0.4
68;2021-02-14;57;231;28958;3386;3.8;0.4
68;2021-02-15;662;1089;29620;4475;3.9;0.6
68;2021-02-16;863;1369;30483;5844;4.0;0.8
68;2021-02-17;1281;2134;31764;7978;4.2;1.0
68;2021-02-18;1641;2048;33405;10026;4.4;1.3
68;2021-02-19;985;1368;34390;11394;4.5;1.5
68;2021-02-20;93;125;34483;11519;4.5;1.5
68;2021-02-21;1;40;34484;11559;4.5;1.5
68;2021-02-22;446;798;34930;12357;4.6;1.6
68;2021-02-23;639;1058;35569;13415;4.7;1.8
68;2021-02-24;853;1157;36422;14572;4.8;1.9
68;2021-02-25;1209;1248;37631;15820;4.9;2.1
68;2021-02-26;1199;987;38830;16807;5.1;2.2
68;2021-02-27;547;175;39377;16982;5.2;2.2
68;2021-02-28;11;1;39388;16983;5.2;2.2
68;2021-03-01;939;767;40327;17750;5.3;2.3
68;2021-03-02;1215;924;41542;18674;5.4;2.4
68;2021-03-03;1590;966;43132;19640;5.7;2.6
68;2021-03-04;1989;1043;45121;20683;5.9;2.7
68;2021-03-05;2354;1048;47475;21731;6.2;2.8
68;2021-03-06;2283;243;49758;21974;6.5;2.9
68;2021-03-07;839;102;50597;22076;6.6;2.9
68;2021-03-08;1472;976;52069;23052;6.8;3.0
68;2021-03-09;1692;1327;53761;24379;7.0;3.2
68;2021-03-10;1961;1797;55722;26176;7.3;3.4
68;2021-03-11;2635;1911;58357;28087;7.6;3.7
68;2021-03-12;2628;1415;60985;29502;8.0;3.9
68;2021-03-13;3341;241;64326;29743;8.4;3.9
68;2021-03-14;1542;63;65868;29806;8.6;3.9
68;2021-03-15;1793;621;67661;30427;8.9;4.0
68;2021-03-16;1998;601;69659;31028;9.1;4.1
68;2021-03-17;1955;724;71614;31752;9.4;4.2
68;2021-03-18;2218;948;73832;32700;9.7;4.3
68;2021-03-19;3084;733;76916;33433;10.1;4.4
68;2021-03-20;972;121;77888;33554;10.2;4.4
68;2021-03-21;68;1;77956;33555;10.2;4.4
68;2021-03-22;1965;593;79921;34148;10.5;4.5
68;2021-03-23;2858;613;82779;34761;10.8;4.6
68;2021-03-24;3174;811;85953;35572;11.3;4.7
68;2021-03-25;3501;785;89454;36357;11.7;4.8
68;2021-03-26;3892;713;93346;37070;12.2;4.9
68;2021-03-27;1102;164;94448;37234;12.4;4.9
68;2021-03-28;55;3;94503;37237;12.4;4.9
68;2021-03-29;2264;1378;96767;38615;12.7;5.1
68;2021-03-30;2934;1297;99701;39912;13.1;5.2
68;2021-03-31;2641;1363;102342;41275;13.4;5.4
68;2021-04-01;2748;1546;105090;42821;13.8;5.6
68;2021-04-02;244;87;105334;42908;13.8;5.6
68;2021-04-03;240;123;105574;43031;13.8;5.6
68;2021-04-04;4;0;105578;43031;13.8;5.6
68;2021-04-05;48;2;105626;43033;13.8;5.6
68;2021-04-06;1794;1325;107420;44358;14.1;5.8
68;2021-04-07;2584;1532;110004;45890;14.4;6.0
68;2021-04-08;3231;1498;113235;47388;14.8;6.2
68;2021-04-09;4197;1523;117432;48911;15.4;6.4
68;2021-04-10;1200;1977;118632;50888;15.5;6.7
68;2021-04-11;126;1318;118758;52206;15.6;6.8
68;2021-04-12;2666;1635;121424;53841;15.9;7.1
68;2021-04-13;2759;2109;124183;55950;16.3;7.3
68;2021-04-14;3599;2268;127782;58218;16.7;7.6
68;2021-04-15;4041;2151;131823;60369;17.3;7.9
68;2021-04-16;3938;2077;135761;62446;17.8;8.2
68;2021-04-17;1073;440;136834;62886;17.9;8.2
68;2021-04-18;85;9;136919;62895;17.9;8.2
68;2021-04-19;2359;1836;139278;64731;18.2;8.5
68;2021-04-20;2439;2326;141717;67057;18.6;8.8
68;2021-04-21;2830;2480;144547;69537;18.9;9.1
68;2021-04-22;3285;1977;147832;71514;19.4;9.4
68;2021-04-23;3411;2076;151243;73590;19.8;9.6
68;2021-04-24;842;486;152085;74076;19.9;9.7
68;2021-04-25;214;20;152299;74096;20.0;9.7
68;2021-04-26;2329;2109;154628;76205;20.3;10.0
68;2021-04-27;2599;2214;157227;78419;20.6;10.3
68;2021-04-28;3573;1764;160800;80183;21.1;10.5
68;2021-04-29;4165;1746;164965;81929;21.6;10.7
68;2021-04-30;4833;1366;169798;83295;22.2;10.9
68;2021-05-01;946;121;170744;83416;22.4;10.9
68;2021-05-02;731;70;171475;83486;22.5;10.9
68;2021-05-03;3621;1816;175096;85302;22.9;11.2
68;2021-05-04;3935;2362;179031;87664;23.5;11.5
68;2021-05-05;3633;3237;182664;90901;23.9;11.9
68;2021-05-06;4805;2865;187469;93766;24.6;12.3
68;2021-05-07;4517;2908;191986;96674;25.2;12.7
68;2021-05-08;1671;211;193657;96885;25.4;12.7
68;2021-05-09;1077;108;194734;96993;25.5;12.7
68;2021-05-10;3157;3720;197891;100713;25.9;13.2
68;2021-05-11;4714;3618;202605;104331;26.5;13.7
68;2021-05-12;5780;3290;208385;107621;27.3;14.1
68;2021-05-13;4764;842;213149;108463;27.9;14.2
68;2021-05-14;5960;2129;219109;110592;28.7;14.5
68;2021-05-15;3558;909;222667;111501;29.2;14.6
68;2021-05-16;669;121;223336;111622;29.3;14.6
68;2021-05-17;4449;2498;227785;114120;29.8;15.0
68;2021-05-18;6138;2306;233923;116426;30.7;15.3
68;2021-05-19;5865;2887;239788;119313;31.4;15.6
68;2021-05-20;5927;2421;245715;121734;32.2;16.0
68;2021-05-21;5778;2871;251493;124605;33.0;16.3
68;2021-05-22;2578;925;254071;125530;33.3;16.4
68;2021-05-23;15;17;254086;125547;33.3;16.4
68;2021-05-24;2307;968;256393;126515;33.6;16.6
68;2021-05-25;4343;3437;260736;129952;34.2;17.0
68;2021-05-26;4883;3381;265619;133333;34.8;17.5
68;2021-05-27;5407;3399;271026;136732;35.5;17.9
68;2021-05-28;5619;3730;276645;140462;36.2;18.4
68;2021-05-29;1537;1186;278182;141648;36.4;18.6
68;2021-05-30;41;46;278223;141694;36.5;18.6
68;2021-05-31;5161;2364;283384;144058;37.1;18.9
68;2021-06-01;5972;2803;289356;146861;37.9;19.2
68;2021-06-02;4886;3004;294242;149865;38.6;19.6
68;2021-06-03;5939;3100;300181;152965;39.3;20.0
68;2021-06-04;4891;3304;305072;156269;40.0;20.5
68;2021-06-05;778;1169;305850;157438;40.1;20.6
68;2021-06-06;66;113;305916;157551;40.1;20.6
68;2021-06-07;4756;3038;310672;160589;40.7;21.0
68;2021-06-08;4943;3561;315615;164150;41.4;21.5
68;2021-06-09;4988;3439;320603;167589;42.0;22.0
68;2021-06-10;5200;3137;325803;170726;42.7;22.4
68;2021-06-11;5057;4149;330860;174875;43.4;22.9
68;2021-06-12;3035;1765;333895;176640;43.7;23.1
68;2021-06-13;515;682;334410;177322;43.8;23.2
68;2021-06-14;2516;4392;336926;181714;44.1;23.8
68;2021-06-15;3110;4726;340036;186440;44.6;24.4
68;2021-06-16;3386;4434;343422;190874;45.0;25.0
68;2021-06-17;2359;4462;345781;195336;45.3;25.6
68;2021-06-18;3348;5178;349129;200514;45.7;26.3
68;2021-06-19;2253;2169;351382;202683;46.0;26.6
68;2021-06-20;258;893;351640;203576;46.1;26.7
68;2021-06-21;2061;5154;353701;208730;46.3;27.3
68;2021-06-22;1901;5174;355602;213904;46.6;28.0
68;2021-06-23;2317;5743;357919;219647;46.9;28.8
68;2021-06-24;2151;4894;360070;224541;47.2;29.4
68;2021-06-25;2285;6653;362355;231194;47.5;30.3
68;2021-06-26;1299;2603;363654;233797;47.6;30.6
68;2021-06-27;152;880;363806;234677;47.7;30.7
68;2021-06-28;1601;6445;365407;241122;47.9;31.6
68;2021-06-29;1536;6634;366943;247756;48.1;32.5
68;2021-06-30;1788;6555;368731;254311;48.3;33.3
68;2021-07-01;2086;5350;370817;259661;48.6;34.0
68;2021-07-02;2095;6484;372912;266145;48.9;34.9
68;2021-07-03;977;1934;373889;268079;49.0;35.1
68;2021-07-04;242;201;374131;268280;49.0;35.2
68;2021-07-05;1456;5525;375587;273805;49.2;35.9
68;2021-07-06;1995;5883;377582;279688;49.5;36.6
68;2021-07-07;2452;4976;380034;284664;49.8;37.3
68;2021-07-08;2427;4746;382461;289410;50.1;37.9
68;2021-07-09;2091;7363;384552;296773;50.4;38.9
68;2021-07-10;1019;2002;385571;298775;50.5;39.1
68;2021-07-11;145;155;385716;298930;50.5;39.2
68;2021-07-12;1636;6780;387352;305710;50.8;40.1
68;2021-07-13;2898;6549;390250;312259;51.1;40.9
68;2021-07-14;1838;975;392088;313234;51.4;41.0
68;2021-07-15;3174;6648;395262;319882;51.8;41.9
68;2021-07-16;3801;6757;399063;326639;52.3;42.8
68;2021-07-17;3353;2295;402416;328934;52.7;43.1
68;2021-07-18;1053;229;403469;329163;52.9;43.1
68;2021-07-19;3037;6080;406506;335243;53.3;43.9
68;2021-07-20;3987;5664;410493;340907;53.8;44.7
68;2021-07-21;4328;5813;414821;346720;54.4;45.4
68;2021-07-22;4164;4829;418985;351549;54.9;46.1
68;2021-07-23;5017;5742;424002;357291;55.6;46.8
68;2021-07-24;3295;2118;427297;359409;56.0;47.1
68;2021-07-25;818;527;428115;359936;56.1;47.2
68;2021-07-26;4746;4428;432861;364364;56.7;47.7
68;2021-07-27;6330;3726;439191;368090;57.5;48.2
68;2021-07-28;6834;3860;446025;371950;58.4;48.7
68;2021-07-29;6371;3384;452396;375334;59.3;49.2
68;2021-07-30;6311;4353;458707;379687;60.1;49.7
68;2021-07-31;3878;1405;462585;381092;60.6;49.9
68;2021-08-01;1643;471;464228;381563;60.8;50.0
68;2021-08-02;4545;3111;468773;384674;61.4;50.4
68;2021-08-03;3499;2420;472272;387094;61.9;50.7
69;2020-12-27;1;0;1;0;0.0;0.0
69;2020-12-28;7;0;8;0;0.0;0.0
69;2020-12-29;5;0;13;0;0.0;0.0
69;2020-12-30;6;0;19;0;0.0;0.0
69;2020-12-31;10;0;29;0;0.0;0.0
69;2021-01-01;2;0;31;0;0.0;0.0
69;2021-01-02;1;0;32;0;0.0;0.0
69;2021-01-03;1;0;33;0;0.0;0.0
69;2021-01-04;10;0;43;0;0.0;0.0
69;2021-01-05;215;0;258;0;0.0;0.0
69;2021-01-06;508;0;766;0;0.0;0.0
69;2021-01-07;810;0;1576;0;0.1;0.0
69;2021-01-08;826;0;2402;0;0.1;0.0
69;2021-01-09;36;0;2438;0;0.1;0.0
69;2021-01-10;2;1;2440;1;0.1;0.0
69;2021-01-11;1133;3;3573;4;0.2;0.0
69;2021-01-12;1396;7;4969;11;0.3;0.0
69;2021-01-13;1387;4;6356;15;0.3;0.0
69;2021-01-14;2269;21;8625;36;0.5;0.0
69;2021-01-15;1826;8;10451;44;0.6;0.0
69;2021-01-16;928;3;11379;47;0.6;0.0
69;2021-01-17;260;2;11639;49;0.6;0.0
69;2021-01-18;1693;16;13332;65;0.7;0.0
69;2021-01-19;3507;33;16839;98;0.9;0.0
69;2021-01-20;4433;28;21272;126;1.1;0.0
69;2021-01-21;4038;24;25310;150;1.3;0.0
69;2021-01-22;3153;20;28463;170;1.5;0.0
69;2021-01-23;1281;4;29744;174;1.6;0.0
69;2021-01-24;101;1;29845;175;1.6;0.0
69;2021-01-25;2234;40;32079;215;1.7;0.0
69;2021-01-26;2559;88;34638;303;1.8;0.0
69;2021-01-27;2355;178;36993;481;2.0;0.0
69;2021-01-28;2233;374;39226;855;2.1;0.0
69;2021-01-29;2108;285;41334;1140;2.2;0.1
69;2021-01-30;889;2;42223;1142;2.3;0.1
69;2021-01-31;64;0;42287;1142;2.3;0.1
69;2021-02-01;1112;401;43399;1543;2.3;0.1
69;2021-02-02;1547;411;44946;1954;2.4;0.1
69;2021-02-03;1441;535;46387;2489;2.5;0.1
69;2021-02-04;1787;954;48174;3443;2.6;0.2
69;2021-02-05;819;818;48993;4261;2.6;0.2
69;2021-02-06;365;54;49358;4315;2.6;0.2
69;2021-02-07;0;0;49358;4315;2.6;0.2
69;2021-02-08;1133;1078;50491;5393;2.7;0.3
69;2021-02-09;2049;2108;52540;7501;2.8;0.4
69;2021-02-10;1846;2648;54386;10149;2.9;0.5
69;2021-02-11;1860;3294;56246;13443;3.0;0.7
69;2021-02-12;1900;2114;58146;15557;3.1;0.8
69;2021-02-13;458;803;58604;16360;3.1;0.9
69;2021-02-14;89;40;58693;16400;3.1;0.9
69;2021-02-15;1014;1773;59707;18173;3.2;1.0
69;2021-02-16;984;2450;60691;20623;3.2;1.1
69;2021-02-17;1026;2394;61717;23017;3.3;1.2
69;2021-02-18;967;2340;62684;25357;3.3;1.4
69;2021-02-19;894;1896;63578;27253;3.4;1.5
69;2021-02-20;324;912;63902;28165;3.4;1.5
69;2021-02-21;52;68;63954;28233;3.4;1.5
69;2021-02-22;608;2098;64562;30331;3.4;1.6
69;2021-02-23;740;2228;65302;32559;3.5;1.7
69;2021-02-24;973;2251;66275;34810;3.5;1.9
69;2021-02-25;2215;2677;68490;37487;3.7;2.0
69;2021-02-26;2776;1922;71266;39409;3.8;2.1
69;2021-02-27;924;573;72190;39982;3.8;2.1
69;2021-02-28;148;102;72338;40084;3.9;2.1
69;2021-03-01;2163;906;74501;40990;4.0;2.2
69;2021-03-02;3294;1392;77795;42382;4.1;2.3
69;2021-03-03;3667;1212;81462;43594;4.3;2.3
69;2021-03-04;4874;1260;86336;44854;4.6;2.4
69;2021-03-05;5862;1243;92198;46097;4.9;2.5
69;2021-03-06;3415;410;95613;46507;5.1;2.5
69;2021-03-07;639;41;96252;46548;5.1;2.5
69;2021-03-08;2952;1114;99204;47662;5.3;2.5
69;2021-03-09;4611;1247;103815;48909;5.5;2.6
69;2021-03-10;5061;1029;108876;49938;5.8;2.7
69;2021-03-11;6595;1017;115471;50955;6.2;2.7
69;2021-03-12;8853;1181;124324;52136;6.6;2.8
69;2021-03-13;4921;226;129245;52362;6.9;2.8
69;2021-03-14;2741;133;131986;52495;7.0;2.8
69;2021-03-15;4807;690;136793;53185;7.3;2.8
69;2021-03-16;3812;633;140605;53818;7.5;2.9
69;2021-03-17;3947;860;144552;54678;7.7;2.9
69;2021-03-18;4965;1597;149517;56275;8.0;3.0
69;2021-03-19;6681;1048;156198;57323;8.3;3.1
69;2021-03-20;3584;264;159782;57587;8.5;3.1
69;2021-03-21;1973;90;161755;57677;8.6;3.1
69;2021-03-22;4545;802;166300;58479;8.9;3.1
69;2021-03-23;7357;807;173657;59286;9.3;3.2
69;2021-03-24;6452;980;180109;60266;9.6;3.2
69;2021-03-25;8582;1096;188691;61362;10.1;3.3
69;2021-03-26;8812;1226;197503;62588;10.5;3.3
69;2021-03-27;3151;785;200654;63373;10.7;3.4
69;2021-03-28;2213;180;202867;63553;10.8;3.4
69;2021-03-29;4095;2189;206962;65742;11.0;3.5
69;2021-03-30;7638;2504;214600;68246;11.4;3.6
69;2021-03-31;6350;3155;220950;71401;11.8;3.8
69;2021-04-01;8441;2712;229391;74113;12.2;4.0
69;2021-04-02;8311;3102;237702;77215;12.7;4.1
69;2021-04-03;5421;2159;243123;79374;13.0;4.2
69;2021-04-04;6607;549;249730;79923;13.3;4.3
69;2021-04-05;6188;814;255918;80737;13.6;4.3
69;2021-04-06;5099;3479;261017;84216;13.9;4.5
69;2021-04-07;5161;3885;266178;88101;14.2;4.7
69;2021-04-08;6425;4057;272603;92158;14.5;4.9
69;2021-04-09;9165;3771;281768;95929;15.0;5.1
69;2021-04-10;3050;2497;284818;98426;15.2;5.2
69;2021-04-11;2039;1897;286857;100323;15.3;5.3
69;2021-04-12;5467;3575;292324;103898;15.6;5.5
69;2021-04-13;7070;4112;299394;108010;16.0;5.8
69;2021-04-14;6712;4146;306106;112156;16.3;6.0
69;2021-04-15;7923;4578;314029;116734;16.7;6.2
69;2021-04-16;7859;4493;321888;121227;17.2;6.5
69;2021-04-17;5037;2315;326925;123542;17.4;6.6
69;2021-04-18;1716;1792;328641;125334;17.5;6.7
69;2021-04-19;7017;3769;335658;129103;17.9;6.9
69;2021-04-20;6482;4739;342140;133842;18.2;7.1
69;2021-04-21;5687;4409;347827;138251;18.5;7.4
69;2021-04-22;6426;5431;354253;143682;18.9;7.7
69;2021-04-23;6723;4873;360976;148555;19.2;7.9
69;2021-04-24;3154;2021;364130;150576;19.4;8.0
69;2021-04-25;2118;1547;366248;152123;19.5;8.1
69;2021-04-26;4497;3879;370745;156002;19.8;8.3
69;2021-04-27;6514;5329;377259;161331;20.1;8.6
69;2021-04-28;6275;4848;383534;166179;20.4;8.9
69;2021-04-29;6695;5353;390229;171532;20.8;9.1
69;2021-04-30;6929;6167;397158;177699;21.2;9.5
69;2021-05-01;3297;644;400455;178343;21.3;9.5
69;2021-05-02;1627;5890;402082;184233;21.4;9.8
69;2021-05-03;5859;8244;407941;192477;21.7;10.3
69;2021-05-04;7601;8165;415542;200642;22.1;10.7
69;2021-05-05;11212;5640;426754;206282;22.7;11.0
69;2021-05-06;12473;6276;439227;212558;23.4;11.3
69;2021-05-07;11685;7156;450912;219714;24.0;11.7
69;2021-05-08;4301;1652;455213;221366;24.3;11.8
69;2021-05-09;6634;2680;461847;224046;24.6;11.9
69;2021-05-10;6932;6058;468779;230104;25.0;12.3
69;2021-05-11;9826;7042;478605;237146;25.5;12.6
69;2021-05-12;12461;6809;491066;243955;26.2;13.0
69;2021-05-13;10835;2562;501901;246517;26.8;13.1
69;2021-05-14;12583;5224;514484;251741;27.4;13.4
69;2021-05-15;9143;2601;523627;254342;27.9;13.6
69;2021-05-16;8406;1874;532033;256216;28.4;13.7
69;2021-05-17;11305;5654;543338;261870;29.0;14.0
69;2021-05-18;13224;6398;556562;268268;29.7;14.3
69;2021-05-19;13699;5890;570261;274158;30.4;14.6
69;2021-05-20;11377;6088;581638;280246;31.0;14.9
69;2021-05-21;11040;6568;592678;286814;31.6;15.3
69;2021-05-22;5578;2575;598256;289389;31.9;15.4
69;2021-05-23;4568;1545;602824;290934;32.1;15.5
69;2021-05-24;8434;1864;611258;292798;32.6;15.6
69;2021-05-25;9742;6182;621000;298980;33.1;15.9
69;2021-05-26;10279;6115;631279;305095;33.6;16.3
69;2021-05-27;10432;6778;641711;311873;34.2;16.6
69;2021-05-28;11613;8746;653324;320619;34.8;17.1
69;2021-05-29;7389;6034;660713;326653;35.2;17.4
69;2021-05-30;7386;3170;668099;329823;35.6;17.6
69;2021-05-31;10960;6376;679059;336199;36.2;17.9
69;2021-06-01;12773;7521;691832;343720;36.9;18.3
69;2021-06-02;14865;6710;706697;350430;37.7;18.7
69;2021-06-03;16622;7430;723319;357860;38.6;19.1
69;2021-06-04;16193;8553;739512;366413;39.4;19.5
69;2021-06-05;10107;3414;749619;369827;40.0;19.7
69;2021-06-06;7484;1709;757103;371536;40.4;19.8
69;2021-06-07;12807;7041;769910;378577;41.0;20.2
69;2021-06-08;16369;8269;786279;386846;41.9;20.6
69;2021-06-09;15219;7362;801498;394208;42.7;21.0
69;2021-06-10;16260;7316;817758;401524;43.6;21.4
69;2021-06-11;16627;9692;834385;411216;44.5;21.9
69;2021-06-12;8517;4189;842902;415405;44.9;22.1
69;2021-06-13;5621;2140;848523;417545;45.2;22.3
69;2021-06-14;8556;9100;857079;426645;45.7;22.7
69;2021-06-15;10928;11019;868007;437664;46.3;23.3
69;2021-06-16;11324;12322;879331;449986;46.9;24.0
69;2021-06-17;11435;13249;890766;463235;47.5;24.7
69;2021-06-18;11935;14770;902701;478005;48.1;25.5
69;2021-06-19;6817;8346;909518;486351;48.5;25.9
69;2021-06-20;5269;4761;914787;491112;48.8;26.2
69;2021-06-21;6457;12131;921244;503243;49.1;26.8
69;2021-06-22;7179;13836;928423;517079;49.5;27.6
69;2021-06-23;8271;13032;936694;530111;49.9;28.3
69;2021-06-24;9262;13731;945956;543842;50.4;29.0
69;2021-06-25;7045;16311;953001;560153;50.8;29.9
69;2021-06-26;3867;9073;956868;569226;51.0;30.3
69;2021-06-27;3286;7417;960154;576643;51.2;30.7
69;2021-06-28;4285;14882;964439;591525;51.4;31.5
69;2021-06-29;5192;15657;969631;607182;51.7;32.4
69;2021-06-30;6143;14449;975774;621631;52.0;33.1
69;2021-07-01;6723;11939;982497;633570;52.4;33.8
69;2021-07-02;6595;14117;989092;647687;52.7;34.5
69;2021-07-03;5898;7772;994990;655459;53.0;34.9
69;2021-07-04;4023;5558;999013;661017;53.3;35.2
69;2021-07-05;5593;13019;1004606;674036;53.5;35.9
69;2021-07-06;5195;14281;1009801;688317;53.8;36.7
69;2021-07-07;7075;13556;1016876;701873;54.2;37.4
69;2021-07-08;7392;13422;1024268;715295;54.6;38.1
69;2021-07-09;7120;16467;1031388;731762;55.0;39.0
69;2021-07-10;2729;10326;1034117;742088;55.1;39.6
69;2021-07-11;4258;5837;1038375;747925;55.3;39.9
69;2021-07-12;3562;16976;1041937;764901;55.5;40.8
69;2021-07-13;5887;20747;1047824;785648;55.9;41.9
69;2021-07-14;4697;8485;1052521;794133;56.1;42.3
69;2021-07-15;7284;22620;1059805;816753;56.5;43.5
69;2021-07-16;9405;20125;1069210;836878;57.0;44.6
69;2021-07-17;4829;12244;1074039;849122;57.2;45.3
69;2021-07-18;3380;8907;1077419;858029;57.4;45.7
69;2021-07-19;6294;16461;1083713;874490;57.8;46.6
69;2021-07-20;9012;19287;1092725;893777;58.2;47.6
69;2021-07-21;9241;17395;1101966;911172;58.7;48.6
69;2021-07-22;11307;16416;1113273;927588;59.3;49.4
69;2021-07-23;10839;17643;1124112;945231;59.9;50.4
69;2021-07-24;5527;11028;1129639;956259;60.2;51.0
69;2021-07-25;4674;6619;1134313;962878;60.5;51.3
69;2021-07-26;8510;12910;1142823;975788;60.9;52.0
69;2021-07-27;12586;12106;1155409;987894;61.6;52.7
69;2021-07-28;11835;12076;1167244;999970;62.2;53.3
69;2021-07-29;14472;12243;1181716;1012213;63.0;54.0
69;2021-07-30;13445;12140;1195161;1024353;63.7;54.6
69;2021-07-31;7981;7166;1203142;1031519;64.1;55.0
69;2021-08-01;4952;5836;1208094;1037355;64.4;55.3
69;2021-08-02;10093;9512;1218187;1046867;64.9;55.8
69;2021-08-03;12572;8869;1230759;1055736;65.6;56.3
70;2020-12-27;0;0;0;0;0.0;0.0
70;2020-12-28;0;0;0;0;0.0;0.0
70;2020-12-29;0;0;0;0;0.0;0.0
70;2020-12-30;0;0;0;0;0.0;0.0
70;2020-12-31;0;0;0;0;0.0;0.0
70;2021-01-01;0;0;0;0;0.0;0.0
70;2021-01-02;0;0;0;0;0.0;0.0
70;2021-01-03;0;0;0;0;0.0;0.0
70;2021-01-04;0;0;0;0;0.0;0.0
70;2021-01-05;0;0;0;0;0.0;0.0
70;2021-01-06;24;0;24;0;0.0;0.0
70;2021-01-07;121;0;145;0;0.1;0.0
70;2021-01-08;21;0;166;0;0.1;0.0
70;2021-01-09;0;0;166;0;0.1;0.0
70;2021-01-10;0;0;166;0;0.1;0.0
70;2021-01-11;147;1;313;1;0.1;0.0
70;2021-01-12;195;1;508;2;0.2;0.0
70;2021-01-13;172;1;680;3;0.3;0.0
70;2021-01-14;149;6;829;9;0.4;0.0
70;2021-01-15;153;0;982;9;0.4;0.0
70;2021-01-16;65;0;1047;9;0.4;0.0
70;2021-01-17;0;0;1047;9;0.4;0.0
70;2021-01-18;392;0;1439;9;0.6;0.0
70;2021-01-19;502;2;1941;11;0.8;0.0
70;2021-01-20;494;2;2435;13;1.0;0.0
70;2021-01-21;673;2;3108;15;1.3;0.0
70;2021-01-22;458;3;3566;18;1.5;0.0
70;2021-01-23;261;2;3827;20;1.6;0.0
70;2021-01-24;4;0;3831;20;1.6;0.0
70;2021-01-25;371;1;4202;21;1.8;0.0
70;2021-01-26;335;1;4537;22;1.9;0.0
70;2021-01-27;328;10;4865;32;2.1;0.0
70;2021-01-28;365;36;5230;68;2.2;0.0
70;2021-01-29;329;52;5559;120;2.4;0.1
70;2021-01-30;228;1;5787;121;2.5;0.1
70;2021-01-31;0;0;5787;121;2.5;0.1
70;2021-02-01;260;51;6047;172;2.6;0.1
70;2021-02-02;272;98;6319;270;2.7;0.1
70;2021-02-03;252;61;6571;331;2.8;0.1
70;2021-02-04;264;122;6835;453;2.9;0.2
70;2021-02-05;254;75;7089;528;3.0;0.2
70;2021-02-06;209;37;7298;565;3.1;0.2
70;2021-02-07;0;0;7298;565;3.1;0.2
70;2021-02-08;179;235;7477;800;3.2;0.3
70;2021-02-09;206;232;7683;1032;3.3;0.4
70;2021-02-10;196;302;7879;1334;3.4;0.6
70;2021-02-11;351;329;8230;1663;3.5;0.7
70;2021-02-12;239;492;8469;2155;3.6;0.9
70;2021-02-13;75;211;8544;2366;3.7;1.0
70;2021-02-14;0;29;8544;2395;3.7;1.0
70;2021-02-15;70;340;8614;2735;3.7;1.2
70;2021-02-16;113;364;8727;3099;3.7;1.3
70;2021-02-17;167;305;8894;3404;3.8;1.5
70;2021-02-18;205;258;9099;3662;3.9;1.6
70;2021-02-19;197;205;9296;3867;4.0;1.7
70;2021-02-20;192;70;9488;3937;4.1;1.7
70;2021-02-21;1;0;9489;3937;4.1;1.7
70;2021-02-22;107;236;9596;4173;4.1;1.8
70;2021-02-23;125;262;9721;4435;4.2;1.9
70;2021-02-24;129;232;9850;4667;4.2;2.0
70;2021-02-25;315;257;10165;4924;4.4;2.1
70;2021-02-26;395;148;10560;5072;4.5;2.2
70;2021-02-27;147;202;10707;5274;4.6;2.3
70;2021-02-28;0;0;10707;5274;4.6;2.3
70;2021-03-01;249;241;10956;5515;4.7;2.4
70;2021-03-02;487;275;11443;5790;4.9;2.5
70;2021-03-03;467;254;11910;6044;5.1;2.6
70;2021-03-04;690;272;12600;6316;5.4;2.7
70;2021-03-05;766;258;13366;6574;5.7;2.8
70;2021-03-06;540;115;13906;6689;6.0;2.9
70;2021-03-07;216;23;14122;6712;6.1;2.9
70;2021-03-08;554;218;14676;6930;6.3;3.0
70;2021-03-09;865;192;15541;7122;6.7;3.1
70;2021-03-10;659;178;16200;7300;6.9;3.1
70;2021-03-11;698;252;16898;7552;7.2;3.2
70;2021-03-12;985;179;17883;7731;7.7;3.3
70;2021-03-13;581;117;18464;7848;7.9;3.4
70;2021-03-14;19;0;18483;7848;7.9;3.4
70;2021-03-15;774;105;19257;7953;8.3;3.4
70;2021-03-16;654;90;19911;8043;8.5;3.4
70;2021-03-17;595;176;20506;8219;8.8;3.5
70;2021-03-18;633;141;21139;8360;9.1;3.6
70;2021-03-19;1017;136;22156;8496;9.5;3.6
70;2021-03-20;641;184;22797;8680;9.8;3.7
70;2021-03-21;9;0;22806;8680;9.8;3.7
70;2021-03-22;755;98;23561;8778;10.1;3.8
70;2021-03-23;1306;156;24867;8934;10.7;3.8
70;2021-03-24;1270;101;26137;9035;11.2;3.9
70;2021-03-25;1244;191;27381;9226;11.7;4.0
70;2021-03-26;1487;296;28868;9522;12.4;4.1
70;2021-03-27;957;125;29825;9647;12.8;4.1
70;2021-03-28;0;10;29825;9657;12.8;4.1
70;2021-03-29;718;410;30543;10067;13.1;4.3
70;2021-03-30;1093;316;31636;10383;13.6;4.5
70;2021-03-31;878;317;32514;10700;13.9;4.6
70;2021-04-01;1153;428;33667;11128;14.4;4.8
70;2021-04-02;1310;338;34977;11466;15.0;4.9
70;2021-04-03;639;320;35616;11786;15.3;5.1
70;2021-04-04;10;0;35626;11786;15.3;5.1
70;2021-04-05;4;2;35630;11788;15.3;5.1
70;2021-04-06;830;554;36460;12342;15.6;5.3
70;2021-04-07;859;583;37319;12925;16.0;5.5
70;2021-04-08;1318;560;38637;13485;16.6;5.8
70;2021-04-09;1402;526;40039;14011;17.2;6.0
70;2021-04-10;858;348;40897;14359;17.5;6.2
70;2021-04-11;21;1;40918;14360;17.5;6.2
70;2021-04-12;695;658;41613;15018;17.8;6.4
70;2021-04-13;921;765;42534;15783;18.2;6.8
70;2021-04-14;815;576;43349;16359;18.6;7.0
70;2021-04-15;1079;604;44428;16963;19.1;7.3
70;2021-04-16;1244;545;45672;17508;19.6;7.5
70;2021-04-17;690;468;46362;17976;19.9;7.7
70;2021-04-18;57;4;46419;17980;19.9;7.7
70;2021-04-19;540;806;46959;18786;20.1;8.1
70;2021-04-20;664;855;47623;19641;20.4;8.4
70;2021-04-21;484;933;48107;20574;20.6;8.8
70;2021-04-22;776;799;48883;21373;21.0;9.2
70;2021-04-23;876;741;49759;22114;21.3;9.5
70;2021-04-24;432;642;50191;22756;21.5;9.8
70;2021-04-25;11;0;50202;22756;21.5;9.8
70;2021-04-26;924;599;51126;23355;21.9;10.0
70;2021-04-27;1210;750;52336;24105;22.4;10.3
70;2021-04-28;889;808;53225;24913;22.8;10.7
70;2021-04-29;1343;920;54568;25833;23.4;11.1
70;2021-04-30;1532;874;56100;26707;24.1;11.5
70;2021-05-01;1693;119;57793;26826;24.8;11.5
70;2021-05-02;2;0;57795;26826;24.8;11.5
70;2021-05-03;1188;564;58983;27390;25.3;11.7
70;2021-05-04;1355;739;60338;28129;25.9;12.1
70;2021-05-05;1190;871;61528;29000;26.4;12.4
70;2021-05-06;1849;1266;63377;30266;27.2;13.0
70;2021-05-07;2126;1229;65503;31495;28.1;13.5
70;2021-05-08;1340;188;66843;31683;28.7;13.6
70;2021-05-09;8;58;66851;31741;28.7;13.6
70;2021-05-10;959;945;67810;32686;29.1;14.0
70;2021-05-11;1239;1067;69049;33753;29.6;14.5
70;2021-05-12;1175;866;70224;34619;30.1;14.8
70;2021-05-13;1544;146;71768;34765;30.8;14.9
70;2021-05-14;2062;754;73830;35519;31.7;15.2
70;2021-05-15;2658;529;76488;36048;32.8;15.5
70;2021-05-16;999;71;77487;36119;33.2;15.5
70;2021-05-17;1237;383;78724;36502;33.8;15.7
70;2021-05-18;1296;590;80020;37092;34.3;15.9
70;2021-05-19;1476;480;81496;37572;34.9;16.1
70;2021-05-20;1780;629;83276;38201;35.7;16.4
70;2021-05-21;1690;819;84966;39020;36.4;16.7
70;2021-05-22;1221;663;86187;39683;37.0;17.0
70;2021-05-23;8;14;86195;39697;37.0;17.0
70;2021-05-24;222;25;86417;39722;37.1;17.0
70;2021-05-25;835;925;87252;40647;37.4;17.4
70;2021-05-26;1047;943;88299;41590;37.9;17.8
70;2021-05-27;1263;995;89562;42585;38.4;18.3
70;2021-05-28;1546;1164;91108;43749;39.1;18.8
70;2021-05-29;1371;587;92479;44336;39.7;19.0
70;2021-05-30;1;8;92480;44344;39.7;19.0
70;2021-05-31;969;677;93449;45021;40.1;19.3
70;2021-06-01;1213;851;94662;45872;40.6;19.7
70;2021-06-02;1263;675;95925;46547;41.1;20.0
70;2021-06-03;1430;842;97355;47389;41.7;20.3
70;2021-06-04;1336;1107;98691;48496;42.3;20.8
70;2021-06-05;1025;662;99716;49158;42.8;21.1
70;2021-06-06;598;79;100314;49237;43.0;21.1
70;2021-06-07;941;850;101255;50087;43.4;21.5
70;2021-06-08;1217;1177;102472;51264;43.9;22.0
70;2021-06-09;1156;989;103628;52253;44.4;22.4
70;2021-06-10;1566;825;105194;53078;45.1;22.8
70;2021-06-11;1587;1956;106781;55034;45.8;23.6
70;2021-06-12;829;1970;107610;57004;46.1;24.4
70;2021-06-13;142;13;107752;57017;46.2;24.5
70;2021-06-14;558;1243;108310;58260;46.4;25.0
70;2021-06-15;450;1505;108760;59765;46.6;25.6
70;2021-06-16;798;1391;109558;61156;47.0;26.2
70;2021-06-17;1149;2096;110707;63252;47.5;27.1
70;2021-06-18;993;2253;111700;65505;47.9;28.1
70;2021-06-19;1090;1638;112790;67143;48.4;28.8
70;2021-06-20;1;3;112791;67146;48.4;28.8
70;2021-06-21;692;1454;113483;68600;48.7;29.4
70;2021-06-22;652;1509;114135;70109;48.9;30.1
70;2021-06-23;661;1570;114796;71679;49.2;30.7
70;2021-06-24;875;2050;115671;73729;49.6;31.6
70;2021-06-25;682;2645;116353;76374;49.9;32.8
70;2021-06-26;943;2139;117296;78513;50.3;33.7
70;2021-06-27;140;760;117436;79273;50.4;34.0
70;2021-06-28;336;1348;117772;80621;50.5;34.6
70;2021-06-29;410;1609;118182;82230;50.7;35.3
70;2021-06-30;388;1634;118570;83864;50.8;36.0
70;2021-07-01;640;1751;119210;85615;51.1;36.7
70;2021-07-02;814;1576;120024;87191;51.5;37.4
70;2021-07-03;836;1078;120860;88269;51.8;37.9
70;2021-07-04;28;70;120888;88339;51.8;37.9
70;2021-07-05;609;1035;121497;89374;52.1;38.3
70;2021-07-06;681;1274;122178;90648;52.4;38.9
70;2021-07-07;505;1426;122683;92074;52.6;39.5
70;2021-07-08;816;1576;123499;93650;53.0;40.2
70;2021-07-09;869;1663;124368;95313;53.3;40.9
70;2021-07-10;830;1031;125198;96344;53.7;41.3
70;2021-07-11;6;20;125204;96364;53.7;41.3
70;2021-07-12;429;1398;125633;97762;53.9;41.9
70;2021-07-13;906;1867;126539;99629;54.3;42.7
70;2021-07-14;33;6;126572;99635;54.3;42.7
70;2021-07-15;1374;1695;127946;101330;54.9;43.5
70;2021-07-16;1616;2063;129562;103393;55.6;44.3
70;2021-07-17;1498;1449;131060;104842;56.2;45.0
70;2021-07-18;1138;637;132198;105479;56.7;45.2
70;2021-07-19;875;971;133073;106450;57.1;45.6
70;2021-07-20;1351;1360;134424;107810;57.6;46.2
70;2021-07-21;1278;1397;135702;109207;58.2;46.8
70;2021-07-22;1863;1820;137565;111027;59.0;47.6
70;2021-07-23;1826;2488;139391;113515;59.8;48.7
70;2021-07-24;1363;1798;140754;115313;60.4;49.4
70;2021-07-25;25;2;140779;115315;60.4;49.5
70;2021-07-26;1051;972;141830;116287;60.8;49.9
70;2021-07-27;1389;973;143219;117260;61.4;50.3
70;2021-07-28;1395;1160;144614;118420;62.0;50.8
70;2021-07-29;1869;1374;146483;119794;62.8;51.4
70;2021-07-30;1962;1332;148445;121126;63.7;51.9
70;2021-07-31;1746;1159;150191;122285;64.4;52.4
70;2021-08-01;1;4;150192;122289;64.4;52.4
70;2021-08-02;773;732;150965;123021;64.7;52.8
70;2021-08-03;1287;1028;152252;124049;65.3;53.2
71;2020-12-27;0;0;0;0;0.0;0.0
71;2020-12-28;0;0;0;0;0.0;0.0
71;2020-12-29;0;0;0;0;0.0;0.0
71;2020-12-30;0;0;0;0;0.0;0.0
71;2020-12-31;0;0;0;0;0.0;0.0
71;2021-01-01;0;0;0;0;0.0;0.0
71;2021-01-02;0;0;0;0;0.0;0.0
71;2021-01-03;1;0;1;0;0.0;0.0
71;2021-01-04;1;0;2;0;0.0;0.0
71;2021-01-05;12;0;14;0;0.0;0.0
71;2021-01-06;72;0;86;0;0.0;0.0
71;2021-01-07;66;1;152;1;0.0;0.0
71;2021-01-08;146;0;298;1;0.1;0.0
71;2021-01-09;117;0;415;1;0.1;0.0
71;2021-01-10;1;0;416;1;0.1;0.0
71;2021-01-11;245;0;661;1;0.1;0.0
71;2021-01-12;845;1;1506;2;0.3;0.0
71;2021-01-13;562;2;2068;4;0.4;0.0
71;2021-01-14;581;9;2649;13;0.5;0.0
71;2021-01-15;666;1;3315;14;0.6;0.0
71;2021-01-16;9;0;3324;14;0.6;0.0
71;2021-01-17;0;0;3324;14;0.6;0.0
71;2021-01-18;1094;6;4418;20;0.8;0.0
71;2021-01-19;1681;8;6099;28;1.1;0.0
71;2021-01-20;1509;5;7608;33;1.4;0.0
71;2021-01-21;2056;14;9664;47;1.8;0.0
71;2021-01-22;1411;6;11075;53;2.0;0.0
71;2021-01-23;815;5;11890;58;2.2;0.0
71;2021-01-24;0;0;11890;58;2.2;0.0
71;2021-01-25;1062;6;12952;64;2.4;0.0
71;2021-01-26;1504;19;14456;83;2.6;0.0
71;2021-01-27;1248;32;15704;115;2.9;0.0
71;2021-01-28;1081;95;16785;210;3.1;0.0
71;2021-01-29;1014;145;17799;355;3.2;0.1
71;2021-01-30;604;2;18403;357;3.4;0.1
71;2021-01-31;1;15;18404;372;3.4;0.1
71;2021-02-01;750;239;19154;611;3.5;0.1
71;2021-02-02;753;357;19907;968;3.6;0.2
71;2021-02-03;818;425;20725;1393;3.8;0.3
71;2021-02-04;780;572;21505;1965;3.9;0.4
71;2021-02-05;706;525;22211;2490;4.1;0.5
71;2021-02-06;535;9;22746;2499;4.2;0.5
71;2021-02-07;3;50;22749;2549;4.2;0.5
71;2021-02-08;603;700;23352;3249;4.3;0.6
71;2021-02-09;372;1012;23724;4261;4.3;0.8
71;2021-02-10;409;997;24133;5258;4.4;1.0
71;2021-02-11;473;1180;24606;6438;4.5;1.2
71;2021-02-12;534;1037;25140;7475;4.6;1.4
71;2021-02-13;125;515;25265;7990;4.6;1.5
71;2021-02-14;1;7;25266;7997;4.6;1.5
71;2021-02-15;324;913;25590;8910;4.7;1.6
71;2021-02-16;442;1366;26032;10276;4.8;1.9
71;2021-02-17;426;1124;26458;11400;4.8;2.1
71;2021-02-18;548;937;27006;12337;4.9;2.3
71;2021-02-19;574;856;27580;13193;5.0;2.4
71;2021-02-20;224;380;27804;13573;5.1;2.5
71;2021-02-21;3;13;27807;13586;5.1;2.5
71;2021-02-22;237;879;28044;14465;5.1;2.6
71;2021-02-23;452;925;28496;15390;5.2;2.8
71;2021-02-24;444;724;28940;16114;5.3;2.9
71;2021-02-25;530;727;29470;16841;5.4;3.1
71;2021-02-26;830;532;30300;17373;5.5;3.2
71;2021-02-27;456;338;30756;17711;5.6;3.2
71;2021-02-28;54;14;30810;17725;5.6;3.2
71;2021-03-01;1187;680;31997;18405;5.8;3.4
71;2021-03-02;1574;641;33571;19046;6.1;3.5
71;2021-03-03;1818;770;35389;19816;6.5;3.6
71;2021-03-04;1997;809;37386;20625;6.8;3.8
71;2021-03-05;2285;688;39671;21313;7.2;3.9
71;2021-03-06;755;61;40426;21374;7.4;3.9
71;2021-03-07;40;21;40466;21395;7.4;3.9
71;2021-03-08;1451;777;41917;22172;7.7;4.0
71;2021-03-09;2160;519;44077;22691;8.0;4.1
71;2021-03-10;2165;457;46242;23148;8.4;4.2
71;2021-03-11;2633;647;48875;23795;8.9;4.3
71;2021-03-12;2605;612;51480;24407;9.4;4.5
71;2021-03-13;996;97;52476;24504;9.6;4.5
71;2021-03-14;35;0;52511;24504;9.6;4.5
71;2021-03-15;1799;491;54310;24995;9.9;4.6
71;2021-03-16;1821;196;56131;25191;10.2;4.6
71;2021-03-17;2131;247;58262;25438;10.6;4.6
71;2021-03-18;1951;432;60213;25870;11.0;4.7
71;2021-03-19;2367;322;62580;26192;11.4;4.8
71;2021-03-20;1083;37;63663;26229;11.6;4.8
71;2021-03-21;16;5;63679;26234;11.6;4.8
71;2021-03-22;2576;364;66255;26598;12.1;4.9
71;2021-03-23;3346;495;69601;27093;12.7;4.9
71;2021-03-24;3346;451;72947;27544;13.3;5.0
71;2021-03-25;4024;579;76971;28123;14.1;5.1
71;2021-03-26;4050;325;81021;28448;14.8;5.2
71;2021-03-27;998;105;82019;28553;15.0;5.2
71;2021-03-28;57;8;82076;28561;15.0;5.2
71;2021-03-29;2403;1174;84479;29735;15.4;5.4
71;2021-03-30;2953;1356;87432;31091;16.0;5.7
71;2021-03-31;2553;1512;89985;32603;16.4;6.0
71;2021-04-01;2717;1296;92702;33899;16.9;6.2
71;2021-04-02;2504;1416;95206;35315;17.4;6.4
71;2021-04-03;267;33;95473;35348;17.4;6.5
71;2021-04-04;5;0;95478;35348;17.4;6.5
71;2021-04-05;61;0;95539;35348;17.4;6.5
71;2021-04-06;2260;1870;97799;37218;17.9;6.8
71;2021-04-07;2392;1791;100191;39009;18.3;7.1
71;2021-04-08;3281;1803;103472;40812;18.9;7.4
71;2021-04-09;4038;1667;107510;42479;19.6;7.8
71;2021-04-10;769;42;108279;42521;19.8;7.8
71;2021-04-11;100;3;108379;42524;19.8;7.8
71;2021-04-12;2352;1698;110731;44222;20.2;8.1
71;2021-04-13;2581;1891;113312;46113;20.7;8.4
71;2021-04-14;2364;1918;115676;48031;21.1;8.8
71;2021-04-15;2776;1685;118452;49716;21.6;9.1
71;2021-04-16;2624;1643;121076;51359;22.1;9.4
71;2021-04-17;952;343;122028;51702;22.3;9.4
71;2021-04-18;106;5;122134;51707;22.3;9.4
71;2021-04-19;1759;2573;123893;54280;22.6;9.9
71;2021-04-20;2218;2597;126111;56877;23.0;10.4
71;2021-04-21;2124;2598;128235;59475;23.4;10.9
71;2021-04-22;2510;2437;130745;61912;23.9;11.3
71;2021-04-23;2916;2263;133661;64175;24.4;11.7
71;2021-04-24;517;49;134178;64224;24.5;11.7
71;2021-04-25;24;0;134202;64224;24.5;11.7
71;2021-04-26;2567;2125;136769;66349;25.0;12.1
71;2021-04-27;2984;2256;139753;68605;25.5;12.5
71;2021-04-28;3074;2127;142827;70732;26.1;12.9
71;2021-04-29;3779;2231;146606;72963;26.8;13.3
71;2021-04-30;3928;1723;150534;74686;27.5;13.6
71;2021-05-01;38;53;150572;74739;27.5;13.6
71;2021-05-02;23;18;150595;74757;27.5;13.6
71;2021-05-03;4289;1381;154884;76138;28.3;13.9
71;2021-05-04;2956;2349;157840;78487;28.8;14.3
71;2021-05-05;3427;2090;161267;80577;29.4;14.7
71;2021-05-06;3464;2363;164731;82940;30.1;15.1
71;2021-05-07;3671;2811;168402;85751;30.7;15.7
71;2021-05-08;179;183;168581;85934;30.8;15.7
71;2021-05-09;43;47;168624;85981;30.8;15.7
71;2021-05-10;3699;2283;172323;88264;31.5;16.1
71;2021-05-11;4660;2349;176983;90613;32.3;16.5
71;2021-05-12;3975;2589;180958;93202;33.0;17.0
71;2021-05-13;1575;154;182533;93356;33.3;17.0
71;2021-05-14;3761;2190;186294;95546;34.0;17.4
71;2021-05-15;242;327;186536;95873;34.1;17.5
71;2021-05-16;2;0;186538;95873;34.1;17.5
71;2021-05-17;3864;1882;190402;97755;34.8;17.8
71;2021-05-18;3497;2422;193899;100177;35.4;18.3
71;2021-05-19;3719;2281;197618;102458;36.1;18.7
71;2021-05-20;4180;2294;201798;104752;36.8;19.1
71;2021-05-21;3722;2573;205520;107325;37.5;19.6
71;2021-05-22;168;306;205688;107631;37.5;19.6
71;2021-05-23;13;55;205701;107686;37.5;19.7
71;2021-05-24;18;96;205719;107782;37.6;19.7
71;2021-05-25;2692;3008;208411;110790;38.0;20.2
71;2021-05-26;2971;2433;211382;113223;38.6;20.7
71;2021-05-27;3388;2587;214770;115810;39.2;21.1
71;2021-05-28;2918;3161;217688;118971;39.7;21.7
71;2021-05-29;481;659;218169;119630;39.8;21.8
71;2021-05-30;75;57;218244;119687;39.8;21.8
71;2021-05-31;2773;3458;221017;123145;40.3;22.5
71;2021-06-01;3659;3541;224676;126686;41.0;23.1
71;2021-06-02;3993;2622;228669;129308;41.7;23.6
71;2021-06-03;4436;2530;233105;131838;42.6;24.1
71;2021-06-04;3715;3714;236820;135552;43.2;24.7
71;2021-06-05;682;644;237502;136196;43.4;24.9
71;2021-06-06;57;91;237559;136287;43.4;24.9
71;2021-06-07;3278;4146;240837;140433;44.0;25.6
71;2021-06-08;3896;4011;244733;144444;44.7;26.4
71;2021-06-09;4691;2747;249424;147191;45.5;26.9
71;2021-06-10;5266;2738;254690;149929;46.5;27.4
71;2021-06-11;4437;3719;259127;153648;47.3;28.0
71;2021-06-12;710;593;259837;154241;47.4;28.2
71;2021-06-13;104;187;259941;154428;47.4;28.2
71;2021-06-14;3512;3778;263453;158206;48.1;28.9
71;2021-06-15;4203;3560;267656;161766;48.9;29.5
71;2021-06-16;4593;2720;272249;164486;49.7;30.0
71;2021-06-17;4266;2998;276515;167484;50.5;30.6
71;2021-06-18;4322;3770;280837;171254;51.3;31.3
71;2021-06-19;1270;651;282107;171905;51.5;31.4
71;2021-06-20;37;27;282144;171932;51.5;31.4
71;2021-06-21;2271;4281;284415;176213;51.9;32.2
71;2021-06-22;2685;4349;287100;180562;52.4;33.0
71;2021-06-23;3061;3415;290161;183977;53.0;33.6
71;2021-06-24;3325;3021;293486;186998;53.6;34.1
71;2021-06-25;2649;4473;296135;191471;54.1;35.0
71;2021-06-26;370;550;296505;192021;54.1;35.1
71;2021-06-27;30;68;296535;192089;54.1;35.1
71;2021-06-28;1531;4618;298066;196707;54.4;35.9
71;2021-06-29;1983;4819;300049;201526;54.8;36.8
71;2021-06-30;2487;3928;302536;205454;55.2;37.5
71;2021-07-01;2634;3903;305170;209357;55.7;38.2
71;2021-07-02;2900;3983;308070;213340;56.2;38.9
71;2021-07-03;316;709;308386;214049;56.3;39.1
71;2021-07-04;28;133;308414;214182;56.3;39.1
71;2021-07-05;2468;4324;310882;218506;56.7;39.9
71;2021-07-06;2457;4569;313339;223075;57.2;40.7
71;2021-07-07;2946;3729;316285;226804;57.7;41.4
71;2021-07-08;2759;4115;319044;230919;58.2;42.2
71;2021-07-09;2284;5025;321328;235944;58.7;43.1
71;2021-07-10;203;656;321531;236600;58.7;43.2
71;2021-07-11;15;65;321546;236665;58.7;43.2
71;2021-07-12;1900;5315;323446;241980;59.0;44.2
71;2021-07-13;2521;5869;325967;247849;59.5;45.2
71;2021-07-14;945;399;326912;248248;59.7;45.3
71;2021-07-15;3007;5742;329919;253990;60.2;46.4
71;2021-07-16;3281;6017;333200;260007;60.8;47.5
71;2021-07-17;500;781;333700;260788;60.9;47.6
71;2021-07-18;87;92;333787;260880;60.9;47.6
71;2021-07-19;2853;5594;336640;266474;61.5;48.6
71;2021-07-20;3333;5922;339973;272396;62.1;49.7
71;2021-07-21;3390;5465;343363;277861;62.7;50.7
71;2021-07-22;3929;5332;347292;283193;63.4;51.7
71;2021-07-23;3211;5996;350503;289189;64.0;52.8
71;2021-07-24;586;582;351089;289771;64.1;52.9
71;2021-07-25;145;80;351234;289851;64.1;52.9
71;2021-07-26;3517;4898;354751;294749;64.8;53.8
71;2021-07-27;4048;5110;358799;299859;65.5;54.7
71;2021-07-28;4208;4813;363007;304672;66.3;55.6
71;2021-07-29;4182;4627;367189;309299;67.0;56.5
71;2021-07-30;4207;4908;371396;314207;67.8;57.4
71;2021-07-31;718;725;372114;314932;67.9;57.5
71;2021-08-01;92;33;372206;314965;67.9;57.5
71;2021-08-02;3942;3740;376148;318705;68.7;58.2
71;2021-08-03;4357;3797;380505;322502;69.5;58.9
72;2020-12-27;0;0;0;0;0.0;0.0
72;2020-12-28;0;0;0;0;0.0;0.0
72;2020-12-29;0;0;0;0;0.0;0.0
72;2020-12-30;0;0;0;0;0.0;0.0
72;2020-12-31;0;0;0;0;0.0;0.0
72;2021-01-01;2;0;2;0;0.0;0.0
72;2021-01-02;0;0;2;0;0.0;0.0
72;2021-01-03;0;0;2;0;0.0;0.0
72;2021-01-04;0;0;2;0;0.0;0.0
72;2021-01-05;14;0;16;0;0.0;0.0
72;2021-01-06;27;0;43;0;0.0;0.0
72;2021-01-07;110;0;153;0;0.0;0.0
72;2021-01-08;232;0;385;0;0.1;0.0
72;2021-01-09;36;0;421;0;0.1;0.0
72;2021-01-10;0;0;421;0;0.1;0.0
72;2021-01-11;485;1;906;1;0.2;0.0
72;2021-01-12;614;1;1520;2;0.3;0.0
72;2021-01-13;500;1;2020;3;0.4;0.0
72;2021-01-14;644;3;2664;6;0.5;0.0
72;2021-01-15;478;1;3142;7;0.6;0.0
72;2021-01-16;93;0;3235;7;0.6;0.0
72;2021-01-17;0;0;3235;7;0.6;0.0
72;2021-01-18;292;0;3527;7;0.6;0.0
72;2021-01-19;773;3;4300;10;0.8;0.0
72;2021-01-20;1518;5;5818;15;1.0;0.0
72;2021-01-21;1743;5;7561;20;1.3;0.0
72;2021-01-22;1150;6;8711;26;1.6;0.0
72;2021-01-23;32;0;8743;26;1.6;0.0
72;2021-01-24;0;0;8743;26;1.6;0.0
72;2021-01-25;502;6;9245;32;1.7;0.0
72;2021-01-26;1165;22;10410;54;1.9;0.0
72;2021-01-27;882;19;11292;73;2.0;0.0
72;2021-01-28;776;68;12068;141;2.2;0.0
72;2021-01-29;712;70;12780;211;2.3;0.0
72;2021-01-30;58;0;12838;211;2.3;0.0
72;2021-01-31;1;0;12839;211;2.3;0.0
72;2021-02-01;498;229;13337;440;2.4;0.1
72;2021-02-02;506;295;13843;735;2.5;0.1
72;2021-02-03;484;229;14327;964;2.6;0.2
72;2021-02-04;475;342;14802;1306;2.6;0.2
72;2021-02-05;509;408;15311;1714;2.7;0.3
72;2021-02-06;83;14;15394;1728;2.7;0.3
72;2021-02-07;19;3;15413;1731;2.8;0.3
72;2021-02-08;309;405;15722;2136;2.8;0.4
72;2021-02-09;489;532;16211;2668;2.9;0.5
72;2021-02-10;551;928;16762;3596;3.0;0.6
72;2021-02-11;851;1351;17613;4947;3.1;0.9
72;2021-02-12;849;595;18462;5542;3.3;1.0
72;2021-02-13;108;38;18570;5580;3.3;1.0
72;2021-02-14;1;22;18571;5602;3.3;1.0
72;2021-02-15;220;504;18791;6106;3.4;1.1
72;2021-02-16;498;1030;19289;7136;3.4;1.3
72;2021-02-17;464;718;19753;7854;3.5;1.4
72;2021-02-18;594;637;20347;8491;3.6;1.5
72;2021-02-19;520;600;20867;9091;3.7;1.6
72;2021-02-20;79;57;20946;9148;3.7;1.6
72;2021-02-21;0;0;20946;9148;3.7;1.6
72;2021-02-22;325;583;21271;9731;3.8;1.7
72;2021-02-23;566;530;21837;10261;3.9;1.8
72;2021-02-24;434;470;22271;10731;4.0;1.9
72;2021-02-25;920;566;23191;11297;4.1;2.0
72;2021-02-26;600;512;23791;11809;4.2;2.1
72;2021-02-27;322;67;24113;11876;4.3;2.1
72;2021-02-28;15;17;24128;11893;4.3;2.1
72;2021-03-01;377;482;24505;12375;4.4;2.2
72;2021-03-02;503;605;25008;12980;4.5;2.3
72;2021-03-03;732;653;25740;13633;4.6;2.4
72;2021-03-04;737;781;26477;14414;4.7;2.6
72;2021-03-05;936;771;27413;15185;4.9;2.7
72;2021-03-06;758;133;28171;15318;5.0;2.7
72;2021-03-07;447;24;28618;15342;5.1;2.7
72;2021-03-08;558;467;29176;15809;5.2;2.8
72;2021-03-09;1039;657;30215;16466;5.4;2.9
72;2021-03-10;1135;665;31350;17131;5.6;3.1
72;2021-03-11;1606;492;32956;17623;5.9;3.1
72;2021-03-12;1361;518;34317;18141;6.1;3.2
72;2021-03-13;981;116;35298;18257;6.3;3.3
72;2021-03-14;14;10;35312;18267;6.3;3.3
72;2021-03-15;1157;221;36469;18488;6.5;3.3
72;2021-03-16;1051;189;37520;18677;6.7;3.3
72;2021-03-17;1030;257;38550;18934;6.9;3.4
72;2021-03-18;1087;370;39637;19304;7.1;3.4
72;2021-03-19;1274;290;40911;19594;7.3;3.5
72;2021-03-20;486;91;41397;19685;7.4;3.5
72;2021-03-21;19;0;41416;19685;7.4;3.5
72;2021-03-22;1349;341;42765;20026;7.6;3.6
72;2021-03-23;1722;478;44487;20504;7.9;3.7
72;2021-03-24;1837;303;46324;20807;8.3;3.7
72;2021-03-25;2445;458;48769;21265;8.7;3.8
72;2021-03-26;2334;371;51103;21636;9.1;3.9
72;2021-03-27;611;28;51714;21664;9.2;3.9
72;2021-03-28;22;0;51736;21664;9.2;3.9
72;2021-03-29;1616;378;53352;22042;9.5;3.9
72;2021-03-30;2494;383;55846;22425;10.0;4.0
72;2021-03-31;2133;361;57979;22786;10.3;4.1
72;2021-04-01;2834;337;60813;23123;10.9;4.1
72;2021-04-02;2247;393;63060;23516;11.3;4.2
72;2021-04-03;292;37;63352;23553;11.3;4.2
72;2021-04-04;14;3;63366;23556;11.3;4.2
72;2021-04-05;51;49;63417;23605;11.3;4.2
72;2021-04-06;1760;465;65177;24070;11.6;4.3
72;2021-04-07;2563;592;67740;24662;12.1;4.4
72;2021-04-08;2714;768;70454;25430;12.6;4.5
72;2021-04-09;3861;570;74315;26000;13.3;4.6
72;2021-04-10;1111;48;75426;26048;13.5;4.6
72;2021-04-11;7;1;75433;26049;13.5;4.6
72;2021-04-12;1848;895;77281;26944;13.8;4.8
72;2021-04-13;2360;1069;79641;28013;14.2;5.0
72;2021-04-14;2246;1095;81887;29108;14.6;5.2
72;2021-04-15;2421;1112;84308;30220;15.0;5.4
72;2021-04-16;2562;957;86870;31177;15.5;5.6
72;2021-04-17;707;142;87577;31319;15.6;5.6
72;2021-04-18;57;2;87634;31321;15.6;5.6
72;2021-04-19;1395;1095;89029;32416;15.9;5.8
72;2021-04-20;3000;1293;92029;33709;16.4;6.0
72;2021-04-21;2515;1559;94544;35268;16.9;6.3
72;2021-04-22;2814;1792;97358;37060;17.4;6.6
72;2021-04-23;3207;1449;100565;38509;18.0;6.9
72;2021-04-24;1400;264;101965;38773;18.2;6.9
72;2021-04-25;881;19;102846;38792;18.4;6.9
72;2021-04-26;3512;1470;106358;40262;19.0;7.2
72;2021-04-27;4089;1856;110447;42118;19.7;7.5
72;2021-04-28;3832;1859;114279;43977;20.4;7.8
72;2021-04-29;4157;1812;118436;45789;21.1;8.2
72;2021-04-30;3612;1707;122048;47496;21.8;8.5
72;2021-05-01;1642;223;123690;47719;22.1;8.5
72;2021-05-02;1533;156;125223;47875;22.4;8.5
72;2021-05-03;3456;1149;128679;49024;23.0;8.8
72;2021-05-04;4012;1796;132691;50820;23.7;9.1
72;2021-05-05;3867;2176;136558;52996;24.4;9.5
72;2021-05-06;3596;1936;140154;54932;25.0;9.8
72;2021-05-07;3545;2150;143699;57082;25.7;10.2
72;2021-05-08;1901;150;145600;57232;26.0;10.2
72;2021-05-09;2082;204;147682;57436;26.4;10.3
72;2021-05-10;3771;1518;151453;58954;27.0;10.5
72;2021-05-11;4597;1991;156050;60945;27.9;10.9
72;2021-05-12;4081;1819;160131;62764;28.6;11.2
72;2021-05-13;3032;269;163163;63033;29.1;11.3
72;2021-05-14;3663;1385;166826;64418;29.8;11.5
72;2021-05-15;3122;361;169948;64779;30.3;11.6
72;2021-05-16;2501;152;172449;64931;30.8;11.6
72;2021-05-17;3724;1279;176173;66210;31.4;11.8
72;2021-05-18;4332;1686;180505;67896;32.2;12.1
72;2021-05-19;3977;1504;184482;69400;32.9;12.4
72;2021-05-20;4261;1451;188743;70851;33.7;12.6
72;2021-05-21;3791;1386;192534;72237;34.4;12.9
72;2021-05-22;2560;506;195094;72743;34.8;13.0
72;2021-05-23;1391;162;196485;72905;35.1;13.0
72;2021-05-24;2353;295;198838;73200;35.5;13.1
72;2021-05-25;4073;1406;202911;74606;36.2;13.3
72;2021-05-26;4097;1410;207008;76016;37.0;13.6
72;2021-05-27;4346;2042;211354;78058;37.7;13.9
72;2021-05-28;4105;2015;215459;80073;38.5;14.3
72;2021-05-29;2667;809;218126;80882;38.9;14.4
72;2021-05-30;1142;871;219268;81753;39.1;14.6
72;2021-05-31;3120;2329;222388;84082;39.7;15.0
72;2021-06-01;3563;2666;225951;86748;40.3;15.5
72;2021-06-02;3610;2781;229561;89529;41.0;16.0
72;2021-06-03;4241;2998;233802;92527;41.7;16.5
72;2021-06-04;3892;2750;237694;95277;42.4;17.0
72;2021-06-05;1438;2566;239132;97843;42.7;17.5
72;2021-06-06;910;1539;240042;99382;42.8;17.7
72;2021-06-07;1746;3421;241788;102803;43.2;18.4
72;2021-06-08;2928;3831;244716;106634;43.7;19.0
72;2021-06-09;2651;3365;247367;109999;44.2;19.6
72;2021-06-10;2828;3311;250195;113310;44.7;20.2
72;2021-06-11;2839;3772;253034;117082;45.2;20.9
72;2021-06-12;1243;2599;254277;119681;45.4;21.4
72;2021-06-13;388;1858;254665;121539;45.5;21.7
72;2021-06-14;1326;4126;255991;125665;45.7;22.4
72;2021-06-15;2753;3512;258744;129177;46.2;23.1
72;2021-06-16;2427;3572;261171;132749;46.6;23.7
72;2021-06-17;2320;3876;263491;136625;47.0;24.4
72;2021-06-18;2307;4306;265798;140931;47.4;25.2
72;2021-06-19;1127;2762;266925;143693;47.6;25.6
72;2021-06-20;339;2057;267264;145750;47.7;26.0
72;2021-06-21;1567;4030;268831;149780;48.0;26.7
72;2021-06-22;1711;4991;270542;154771;48.3;27.6
72;2021-06-23;2003;4221;272545;158992;48.6;28.4
72;2021-06-24;2228;4011;274773;163003;49.0;29.1
72;2021-06-25;1769;4843;276542;167846;49.4;30.0
72;2021-06-26;1187;2877;277729;170723;49.6;30.5
72;2021-06-27;392;2112;278121;172835;49.6;30.9
72;2021-06-28;1439;4291;279560;177126;49.9;31.6
72;2021-06-29;1762;4744;281322;181870;50.2;32.5
72;2021-06-30;1977;4168;283299;186038;50.6;33.2
72;2021-07-01;1935;4417;285234;190455;50.9;34.0
72;2021-07-02;1847;4717;287081;195172;51.2;34.8
72;2021-07-03;1289;3119;288370;198291;51.5;35.4
72;2021-07-04;581;1946;288951;200237;51.6;35.7
72;2021-07-05;1188;4169;290139;204406;51.8;36.5
72;2021-07-06;1459;5165;291598;209571;52.0;37.4
72;2021-07-07;1577;4616;293175;214187;52.3;38.2
72;2021-07-08;1645;4335;294820;218522;52.6;39.0
72;2021-07-09;2100;4625;296920;223147;53.0;39.8
72;2021-07-10;1584;2692;298504;225839;53.3;40.3
72;2021-07-11;949;1590;299453;227429;53.5;40.6
72;2021-07-12;1591;3756;301044;231185;53.7;41.3
72;2021-07-13;2084;4776;303128;235961;54.1;42.1
72;2021-07-14;1314;2367;304442;238328;54.3;42.5
72;2021-07-15;3473;3433;307915;241761;55.0;43.2
72;2021-07-16;3160;4133;311075;245894;55.5;43.9
72;2021-07-17;2626;1763;313701;247657;56.0;44.2
72;2021-07-18;1704;815;315405;248472;56.3;44.4
72;2021-07-19;2904;3513;318309;251985;56.8;45.0
72;2021-07-20;3024;4289;321333;256274;57.4;45.7
72;2021-07-21;2870;3596;324203;259870;57.9;46.4
72;2021-07-22;3745;2911;327948;262781;58.5;46.9
72;2021-07-23;3446;3783;331394;266564;59.2;47.6
72;2021-07-24;2811;1459;334205;268023;59.7;47.8
72;2021-07-25;1448;1075;335653;269098;59.9;48.0
72;2021-07-26;2714;2918;338367;272016;60.4;48.6
72;2021-07-27;3839;3809;342206;275825;61.1;49.2
72;2021-07-28;3556;3120;345762;278945;61.7;49.8
72;2021-07-29;3554;2709;349316;281654;62.4;50.3
72;2021-07-30;3744;3367;353060;285021;63.0;50.9
72;2021-07-31;2542;1742;355602;286763;63.5;51.2
72;2021-08-01;1826;427;357428;287190;63.8;51.3
72;2021-08-02;3203;2278;360631;289468;64.4;51.7
72;2021-08-03;3192;3286;363823;292754;64.9;52.3
73;2020-12-27;0;0;0;0;0.0;0.0
73;2020-12-28;1;0;1;0;0.0;0.0
73;2020-12-29;0;0;1;0;0.0;0.0
73;2020-12-30;0;0;1;0;0.0;0.0
73;2020-12-31;0;0;1;0;0.0;0.0
73;2021-01-01;0;0;1;0;0.0;0.0
73;2021-01-02;0;0;1;0;0.0;0.0
73;2021-01-03;0;0;1;0;0.0;0.0
73;2021-01-04;1;0;2;0;0.0;0.0
73;2021-01-05;0;0;2;0;0.0;0.0
73;2021-01-06;1;0;3;0;0.0;0.0
73;2021-01-07;30;0;33;0;0.0;0.0
73;2021-01-08;81;0;114;0;0.0;0.0
73;2021-01-09;0;0;114;0;0.0;0.0
73;2021-01-10;0;0;114;0;0.0;0.0
73;2021-01-11;85;0;199;0;0.0;0.0
73;2021-01-12;303;1;502;1;0.1;0.0
73;2021-01-13;356;1;858;2;0.2;0.0
73;2021-01-14;512;2;1370;4;0.3;0.0
73;2021-01-15;616;1;1986;5;0.5;0.0
73;2021-01-16;127;0;2113;5;0.5;0.0
73;2021-01-17;0;0;2113;5;0.5;0.0
73;2021-01-18;624;0;2737;5;0.6;0.0
73;2021-01-19;1238;3;3975;8;0.9;0.0
73;2021-01-20;951;1;4926;9;1.1;0.0
73;2021-01-21;982;5;5908;14;1.4;0.0
73;2021-01-22;945;0;6853;14;1.6;0.0
73;2021-01-23;387;0;7240;14;1.7;0.0
73;2021-01-24;0;0;7240;14;1.7;0.0
73;2021-01-25;656;5;7896;19;1.8;0.0
73;2021-01-26;761;2;8657;21;2.0;0.0
73;2021-01-27;1104;5;9761;26;2.3;0.0
73;2021-01-28;960;5;10721;31;2.5;0.0
73;2021-01-29;684;5;11405;36;2.6;0.0
73;2021-01-30;345;3;11750;39;2.7;0.0
73;2021-01-31;0;0;11750;39;2.7;0.0
73;2021-02-01;620;40;12370;79;2.9;0.0
73;2021-02-02;751;334;13121;413;3.0;0.1
73;2021-02-03;653;349;13774;762;3.2;0.2
73;2021-02-04;624;234;14398;996;3.3;0.2
73;2021-02-05;678;410;15076;1406;3.5;0.3
73;2021-02-06;261;38;15337;1444;3.5;0.3
73;2021-02-07;0;0;15337;1444;3.5;0.3
73;2021-02-08;521;254;15858;1698;3.7;0.4
73;2021-02-09;793;443;16651;2141;3.8;0.5
73;2021-02-10;894;394;17545;2535;4.1;0.6
73;2021-02-11;957;709;18502;3244;4.3;0.7
73;2021-02-12;810;499;19312;3743;4.5;0.9
73;2021-02-13;263;58;19575;3801;4.5;0.9
73;2021-02-14;1;0;19576;3801;4.5;0.9
73;2021-02-15;346;529;19922;4330;4.6;1.0
73;2021-02-16;453;762;20375;5092;4.7;1.2
73;2021-02-17;451;963;20826;6055;4.8;1.4
73;2021-02-18;469;555;21295;6610;4.9;1.5
73;2021-02-19;444;635;21739;7245;5.0;1.7
73;2021-02-20;70;249;21809;7494;5.0;1.7
73;2021-02-21;0;0;21809;7494;5.0;1.7
73;2021-02-22;240;441;22049;7935;5.1;1.8
73;2021-02-23;325;517;22374;8452;5.2;2.0
73;2021-02-24;485;747;22859;9199;5.3;2.1
73;2021-02-25;502;504;23361;9703;5.4;2.2
73;2021-02-26;730;566;24091;10269;5.6;2.4
73;2021-02-27;331;238;24422;10507;5.6;2.4
73;2021-02-28;1;1;24423;10508;5.6;2.4
73;2021-03-01;556;511;24979;11019;5.8;2.5
73;2021-03-02;667;898;25646;11917;5.9;2.8
73;2021-03-03;642;1196;26288;13113;6.1;3.0
73;2021-03-04;1034;897;27322;14010;6.3;3.2
73;2021-03-05;1238;608;28560;14618;6.6;3.4
73;2021-03-06;1092;330;29652;14948;6.9;3.5
73;2021-03-07;454;90;30106;15038;7.0;3.5
73;2021-03-08;606;426;30712;15464;7.1;3.6
73;2021-03-09;984;535;31696;15999;7.3;3.7
73;2021-03-10;1035;864;32731;16863;7.6;3.9
73;2021-03-11;1555;655;34286;17518;7.9;4.0
73;2021-03-12;2016;531;36302;18049;8.4;4.2
73;2021-03-13;1178;203;37480;18252;8.7;4.2
73;2021-03-14;65;3;37545;18255;8.7;4.2
73;2021-03-15;1184;394;38729;18649;9.0;4.3
73;2021-03-16;792;397;39521;19046;9.1;4.4
73;2021-03-17;875;476;40396;19522;9.3;4.5
73;2021-03-18;1350;256;41746;19778;9.7;4.6
73;2021-03-19;1765;390;43511;20168;10.1;4.7
73;2021-03-20;886;127;44397;20295;10.3;4.7
73;2021-03-21;123;2;44520;20297;10.3;4.7
73;2021-03-22;1182;388;45702;20685;10.6;4.8
73;2021-03-23;1446;231;47148;20916;10.9;4.8
73;2021-03-24;1592;342;48740;21258;11.3;4.9
73;2021-03-25;2061;381;50801;21639;11.7;5.0
73;2021-03-26;2470;355;53271;21994;12.3;5.1
73;2021-03-27;886;143;54157;22137;12.5;5.1
73;2021-03-28;310;10;54467;22147;12.6;5.1
73;2021-03-29;1509;234;55976;22381;12.9;5.2
73;2021-03-30;2085;475;58061;22856;13.4;5.3
73;2021-03-31;2088;392;60149;23248;13.9;5.4
73;2021-04-01;2087;328;62236;23576;14.4;5.5
73;2021-04-02;2355;216;64591;23792;14.9;5.5
73;2021-04-03;848;144;65439;23936;15.1;5.5
73;2021-04-04;188;18;65627;23954;15.2;5.5
73;2021-04-05;212;25;65839;23979;15.2;5.5
73;2021-04-06;1504;497;67343;24476;15.6;5.7
73;2021-04-07;1947;643;69290;25119;16.0;5.8
73;2021-04-08;2489;810;71779;25929;16.6;6.0
73;2021-04-09;3060;507;74839;26436;17.3;6.1
73;2021-04-10;1134;311;75973;26747;17.6;6.2
73;2021-04-11;163;8;76136;26755;17.6;6.2
73;2021-04-12;1698;971;77834;27726;18.0;6.4
73;2021-04-13;1892;1124;79726;28850;18.4;6.7
73;2021-04-14;2016;1085;81742;29935;18.9;6.9
73;2021-04-15;2415;1167;84157;31102;19.5;7.2
73;2021-04-16;1893;924;86050;32026;19.9;7.4
73;2021-04-17;1176;553;87226;32579;20.2;7.5
73;2021-04-18;155;75;87381;32654;20.2;7.5
73;2021-04-19;1381;1052;88762;33706;20.5;7.8
73;2021-04-20;1790;1311;90552;35017;20.9;8.1
73;2021-04-21;1574;1298;92126;36315;21.3;8.4
73;2021-04-22;1814;1221;93940;37536;21.7;8.7
73;2021-04-23;1895;1247;95835;38783;22.2;9.0
73;2021-04-24;980;669;96815;39452;22.4;9.1
73;2021-04-25;79;97;96894;39549;22.4;9.1
73;2021-04-26;1165;1316;98059;40865;22.7;9.4
73;2021-04-27;1441;1465;99500;42330;23.0;9.8
73;2021-04-28;1732;1459;101232;43789;23.4;10.1
73;2021-04-29;2412;1564;103644;45353;24.0;10.5
73;2021-04-30;2398;1435;106042;46788;24.5;10.8
73;2021-05-01;1068;304;107110;47092;24.8;10.9
73;2021-05-02;34;165;107144;47257;24.8;10.9
73;2021-05-03;1393;1590;108537;48847;25.1;11.3
73;2021-05-04;1706;1828;110243;50675;25.5;11.7
73;2021-05-05;1973;1684;112216;52359;25.9;12.1
73;2021-05-06;2429;1698;114645;54057;26.5;12.5
73;2021-05-07;2261;1847;116906;55904;27.0;12.9
73;2021-05-08;1835;378;118741;56282;27.5;13.0
73;2021-05-09;127;122;118868;56404;27.5;13.0
73;2021-05-10;1607;1888;120475;58292;27.9;13.5
73;2021-05-11;2378;2365;122853;60657;28.4;14.0
73;2021-05-12;3554;2089;126407;62746;29.2;14.5
73;2021-05-13;1555;274;127962;63020;29.6;14.6
73;2021-05-14;1586;1489;129548;64509;29.9;14.9
73;2021-05-15;1443;942;130991;65451;30.3;15.1
73;2021-05-16;131;62;131122;65513;30.3;15.1
73;2021-05-17;1709;1949;132831;67462;30.7;15.6
73;2021-05-18;2495;1732;135326;69194;31.3;16.0
73;2021-05-19;2540;1622;137866;70816;31.9;16.4
73;2021-05-20;3162;1502;141028;72318;32.6;16.7
73;2021-05-21;2473;1849;143501;74167;33.2;17.1
73;2021-05-22;1989;921;145490;75088;33.6;17.4
73;2021-05-23;211;14;145701;75102;33.7;17.4
73;2021-05-24;2565;329;148266;75431;34.3;17.4
73;2021-05-25;2139;1739;150405;77170;34.8;17.8
73;2021-05-26;2343;1999;152748;79169;35.3;18.3
73;2021-05-27;3083;1711;155831;80880;36.0;18.7
73;2021-05-28;2917;2372;158748;83252;36.7;19.2
73;2021-05-29;2318;1322;161066;84574;37.2;19.6
73;2021-05-30;186;14;161252;84588;37.3;19.6
73;2021-05-31;2410;1628;163662;86216;37.8;19.9
73;2021-06-01;3177;1790;166839;88006;38.6;20.3
73;2021-06-02;3100;1459;169939;89465;39.3;20.7
73;2021-06-03;4422;1742;174361;91207;40.3;21.1
73;2021-06-04;4275;2181;178636;93388;41.3;21.6
73;2021-06-05;3157;1279;181793;94667;42.0;21.9
73;2021-06-06;1882;298;183675;94965;42.5;22.0
73;2021-06-07;2755;2146;186430;97111;43.1;22.5
73;2021-06-08;2685;1875;189115;98986;43.7;22.9
73;2021-06-09;2364;1789;191479;100775;44.3;23.3
73;2021-06-10;2004;1652;193483;102427;44.7;23.7
73;2021-06-11;2192;2442;195675;104869;45.2;24.2
73;2021-06-12;2244;1330;197919;106199;45.8;24.6
73;2021-06-13;44;82;197963;106281;45.8;24.6
73;2021-06-14;1347;2930;199310;109211;46.1;25.2
73;2021-06-15;1593;2754;200903;111965;46.4;25.9
73;2021-06-16;1465;2571;202368;114536;46.8;26.5
73;2021-06-17;945;1726;203313;116262;47.0;26.9
73;2021-06-18;1883;2931;205196;119193;47.4;27.6
73;2021-06-19;1417;1986;206613;121179;47.8;28.0
73;2021-06-20;448;306;207061;121485;47.9;28.1
73;2021-06-21;1110;2938;208171;124423;48.1;28.8
73;2021-06-22;1091;2871;209262;127294;48.4;29.4
73;2021-06-23;1082;3137;210344;130431;48.6;30.2
73;2021-06-24;880;1791;211224;132222;48.8;30.6
73;2021-06-25;1328;2800;212552;135022;49.1;31.2
73;2021-06-26;968;2397;213520;137419;49.4;31.8
73;2021-06-27;328;548;213848;137967;49.4;31.9
73;2021-06-28;963;3558;214811;141525;49.7;32.7
73;2021-06-29;1070;3336;215881;144861;49.9;33.5
73;2021-06-30;1190;3119;217071;147980;50.2;34.2
73;2021-07-01;1133;2365;218204;150345;50.4;34.8
73;2021-07-02;1205;3618;219409;153963;50.7;35.6
73;2021-07-03;956;2791;220365;156754;50.9;36.2
73;2021-07-04;301;618;220666;157372;51.0;36.4
73;2021-07-05;1152;3686;221818;161058;51.3;37.2
73;2021-07-06;1243;2945;223061;164003;51.6;37.9
73;2021-07-07;1432;2954;224493;166957;51.9;38.6
73;2021-07-08;1366;2302;225859;169259;52.2;39.1
73;2021-07-09;1427;4028;227286;173287;52.5;40.1
73;2021-07-10;883;3013;228169;176300;52.7;40.8
73;2021-07-11;560;1468;228729;177768;52.9;41.1
73;2021-07-12;1057;4206;229786;181974;53.1;42.1
73;2021-07-13;1721;4228;231507;186202;53.5;43.0
73;2021-07-14;1835;1913;233342;188115;53.9;43.5
73;2021-07-15;2725;3801;236067;191916;54.6;44.4
73;2021-07-16;2391;4007;238458;195923;55.1;45.3
73;2021-07-17;1501;2599;239959;198522;55.5;45.9
73;2021-07-18;1175;1216;241134;199738;55.7;46.2
73;2021-07-19;2420;3240;243554;202978;56.3;46.9
73;2021-07-20;3345;2845;246899;205823;57.1;47.6
73;2021-07-21;3360;2769;250259;208592;57.9;48.2
73;2021-07-22;2709;2207;252968;210799;58.5;48.7
73;2021-07-23;3379;2887;256347;213686;59.3;49.4
73;2021-07-24;2046;2268;258393;215954;59.7;49.9
73;2021-07-25;621;793;259014;216747;59.9;50.1
73;2021-07-26;2614;2482;261628;219229;60.5;50.7
73;2021-07-27;3779;2255;265407;221484;61.4;51.2
73;2021-07-28;3511;2076;268918;223560;62.2;51.7
73;2021-07-29;3941;2128;272859;225688;63.1;52.2
73;2021-07-30;3531;2455;276390;228143;63.9;52.7
73;2021-07-31;2453;1571;278843;229714;64.5;53.1
73;2021-08-01;827;611;279670;230325;64.7;53.2
73;2021-08-02;3073;2074;282743;232399;65.4;53.7
73;2021-08-03;3465;1962;286208;234361;66.2;54.2
74;2020-12-27;3;0;3;0;0.0;0.0
74;2020-12-28;2;0;5;0;0.0;0.0
74;2020-12-29;0;0;5;0;0.0;0.0
74;2020-12-30;0;0;5;0;0.0;0.0
74;2020-12-31;0;0;5;0;0.0;0.0
74;2021-01-01;0;0;5;0;0.0;0.0
74;2021-01-02;1;1;6;1;0.0;0.0
74;2021-01-03;0;0;6;1;0.0;0.0
74;2021-01-04;0;0;6;1;0.0;0.0
74;2021-01-05;1;0;7;1;0.0;0.0
74;2021-01-06;44;0;51;1;0.0;0.0
74;2021-01-07;218;1;269;2;0.0;0.0
74;2021-01-08;291;1;560;3;0.1;0.0
74;2021-01-09;78;0;638;3;0.1;0.0
74;2021-01-10;73;0;711;3;0.1;0.0
74;2021-01-11;373;0;1084;3;0.1;0.0
74;2021-01-12;403;3;1487;6;0.2;0.0
74;2021-01-13;395;0;1882;6;0.2;0.0
74;2021-01-14;457;1;2339;7;0.3;0.0
74;2021-01-15;638;4;2977;11;0.4;0.0
74;2021-01-16;251;1;3228;12;0.4;0.0
74;2021-01-17;130;1;3358;13;0.4;0.0
74;2021-01-18;521;0;3879;13;0.5;0.0
74;2021-01-19;809;2;4688;15;0.6;0.0
74;2021-01-20;1274;4;5962;19;0.7;0.0
74;2021-01-21;1559;1;7521;20;0.9;0.0
74;2021-01-22;1219;6;8740;26;1.1;0.0
74;2021-01-23;344;1;9084;27;1.1;0.0
74;2021-01-24;90;0;9174;27;1.1;0.0
74;2021-01-25;795;2;9969;29;1.2;0.0
74;2021-01-26;1352;11;11321;40;1.4;0.0
74;2021-01-27;1072;10;12393;50;1.5;0.0
74;2021-01-28;984;30;13377;80;1.6;0.0
74;2021-01-29;877;42;14254;122;1.7;0.0
74;2021-01-30;303;1;14557;123;1.8;0.0
74;2021-01-31;84;1;14641;124;1.8;0.0
74;2021-02-01;627;44;15268;168;1.8;0.0
74;2021-02-02;640;155;15908;323;1.9;0.0
74;2021-02-03;602;124;16510;447;2.0;0.1
74;2021-02-04;612;136;17122;583;2.1;0.1
74;2021-02-05;544;226;17666;809;2.1;0.1
74;2021-02-06;266;140;17932;949;2.2;0.1
74;2021-02-07;93;127;18025;1076;2.2;0.1
74;2021-02-08;617;350;18642;1426;2.3;0.2
74;2021-02-09;534;534;19176;1960;2.3;0.2
74;2021-02-10;686;522;19862;2482;2.4;0.3
74;2021-02-11;1058;1020;20920;3502;2.5;0.4
74;2021-02-12;903;617;21823;4119;2.6;0.5
74;2021-02-13;400;240;22223;4359;2.7;0.5
74;2021-02-14;316;113;22539;4472;2.7;0.5
74;2021-02-15;276;855;22815;5327;2.8;0.6
74;2021-02-16;487;1069;23302;6396;2.8;0.8
74;2021-02-17;538;1113;23840;7509;2.9;0.9
74;2021-02-18;471;994;24311;8503;2.9;1.0
74;2021-02-19;618;655;24929;9158;3.0;1.1
74;2021-02-20;114;192;25043;9350;3.0;1.1
74;2021-02-21;46;62;25089;9412;3.0;1.1
74;2021-02-22;316;786;25405;10198;3.1;1.2
74;2021-02-23;302;824;25707;11022;3.1;1.3
74;2021-02-24;239;681;25946;11703;3.1;1.4
74;2021-02-25;518;752;26464;12455;3.2;1.5
74;2021-02-26;970;700;27434;13155;3.3;1.6
74;2021-02-27;254;186;27688;13341;3.3;1.6
74;2021-02-28;124;70;27812;13411;3.4;1.6
74;2021-03-01;719;629;28531;14040;3.4;1.7
74;2021-03-02;1088;685;29619;14725;3.6;1.8
74;2021-03-03;1009;632;30628;15357;3.7;1.9
74;2021-03-04;1606;1012;32234;16369;3.9;2.0
74;2021-03-05;2083;891;34317;17260;4.1;2.1
74;2021-03-06;1750;320;36067;17580;4.4;2.1
74;2021-03-07;1382;104;37449;17684;4.5;2.1
74;2021-03-08;1193;955;38642;18639;4.7;2.2
74;2021-03-09;1940;657;40582;19296;4.9;2.3
74;2021-03-10;1741;901;42323;20197;5.1;2.4
74;2021-03-11;2439;711;44762;20908;5.4;2.5
74;2021-03-12;3239;1002;48001;21910;5.8;2.6
74;2021-03-13;1994;269;49995;22179;6.0;2.7
74;2021-03-14;607;100;50602;22279;6.1;2.7
74;2021-03-15;2121;547;52723;22826;6.4;2.8
74;2021-03-16;1950;401;54673;23227;6.6;2.8
74;2021-03-17;1969;308;56642;23535;6.8;2.8
74;2021-03-18;2126;282;58768;23817;7.1;2.9
74;2021-03-19;2626;286;61394;24103;7.4;2.9
74;2021-03-20;1373;89;62767;24192;7.6;2.9
74;2021-03-21;288;30;63055;24222;7.6;2.9
74;2021-03-22;2044;313;65099;24535;7.9;3.0
74;2021-03-23;2714;321;67813;24856;8.2;3.0
74;2021-03-24;2938;286;70751;25142;8.5;3.0
74;2021-03-25;3865;288;74616;25430;9.0;3.1
74;2021-03-26;4087;367;78703;25797;9.5;3.1
74;2021-03-27;1936;246;80639;26043;9.7;3.1
74;2021-03-28;437;76;81076;26119;9.8;3.2
74;2021-03-29;3027;707;84103;26826;10.2;3.2
74;2021-03-30;3539;751;87642;27577;10.6;3.3
74;2021-03-31;3136;708;90778;28285;11.0;3.4
74;2021-04-01;4218;871;94996;29156;11.5;3.5
74;2021-04-02;3698;766;98694;29922;11.9;3.6
74;2021-04-03;1693;534;100387;30456;12.1;3.7
74;2021-04-04;235;120;100622;30576;12.1;3.7
74;2021-04-05;431;16;101053;30592;12.2;3.7
74;2021-04-06;2619;1204;103672;31796;12.5;3.8
74;2021-04-07;3184;1230;106856;33026;12.9;4.0
74;2021-04-08;3856;1167;110712;34193;13.4;4.1
74;2021-04-09;4092;1161;114804;35354;13.9;4.3
74;2021-04-10;1944;1029;116748;36383;14.1;4.4
74;2021-04-11;252;182;117000;36565;14.1;4.4
74;2021-04-12;2712;1766;119712;38331;14.5;4.6
74;2021-04-13;3109;2083;122821;40414;14.8;4.9
74;2021-04-14;2889;1946;125710;42360;15.2;5.1
74;2021-04-15;3415;1888;129125;44248;15.6;5.3
74;2021-04-16;3374;1759;132499;46007;16.0;5.6
74;2021-04-17;1928;1028;134427;47035;16.2;5.7
74;2021-04-18;218;206;134645;47241;16.3;5.7
74;2021-04-19;2096;2090;136741;49331;16.5;6.0
74;2021-04-20;3060;2412;139801;51743;16.9;6.2
74;2021-04-21;2459;2365;142260;54108;17.2;6.5
74;2021-04-22;2620;2314;144880;56422;17.5;6.8
74;2021-04-23;2559;2233;147439;58655;17.8;7.1
74;2021-04-24;1484;1535;148923;60190;18.0;7.3
74;2021-04-25;224;149;149147;60339;18.0;7.3
74;2021-04-26;2388;2455;151535;62794;18.3;7.6
74;2021-04-27;3265;2897;154800;65691;18.7;7.9
74;2021-04-28;3458;2618;158258;68309;19.1;8.2
74;2021-04-29;3908;2659;162166;70968;19.6;8.6
74;2021-04-30;4074;2208;166240;73176;20.1;8.8
74;2021-05-01;2117;368;168357;73544;20.3;8.9
74;2021-05-02;203;234;168560;73778;20.3;8.9
74;2021-05-03;2594;2996;171154;76774;20.7;9.3
74;2021-05-04;3219;3088;174373;79862;21.0;9.6
74;2021-05-05;3396;3004;177769;82866;21.5;10.0
74;2021-05-06;3853;2623;181622;85489;21.9;10.3
74;2021-05-07;3594;3535;185216;89024;22.4;10.7
74;2021-05-08;1148;820;186364;89844;22.5;10.8
74;2021-05-09;193;248;186557;90092;22.5;10.9
74;2021-05-10;3468;3135;190025;93227;22.9;11.3
74;2021-05-11;4322;3426;194347;96653;23.5;11.7
74;2021-05-12;5294;2955;199641;99608;24.1;12.0
74;2021-05-13;2360;945;202001;100553;24.4;12.1
74;2021-05-14;5944;2387;207945;102940;25.1;12.4
74;2021-05-15;4516;1852;212461;104792;25.6;12.6
74;2021-05-16;3003;332;215464;105124;26.0;12.7
74;2021-05-17;5398;2875;220862;107999;26.7;13.0
74;2021-05-18;6776;2798;227638;110797;27.5;13.4
74;2021-05-19;6228;2291;233866;113088;28.2;13.7
74;2021-05-20;6641;2544;240507;115632;29.0;14.0
74;2021-05-21;6523;2978;247030;118610;29.8;14.3
74;2021-05-22;5290;1567;252320;120177;30.5;14.5
74;2021-05-23;2050;282;254370;120459;30.7;14.5
74;2021-05-24;2358;660;256728;121119;31.0;14.6
74;2021-05-25;5067;3333;261795;124452;31.6;15.0
74;2021-05-26;5249;2557;267044;127009;32.2;15.3
74;2021-05-27;6001;2981;273045;129990;33.0;15.7
74;2021-05-28;5658;3580;278703;133570;33.6;16.1
74;2021-05-29;3795;2146;282498;135716;34.1;16.4
74;2021-05-30;487;308;282985;136024;34.2;16.4
74;2021-05-31;5068;3549;288053;139573;34.8;16.8
74;2021-06-01;4921;3720;292974;143293;35.4;17.3
74;2021-06-02;5254;3197;298228;146490;36.0;17.7
74;2021-06-03;6887;3245;305115;149735;36.8;18.1
74;2021-06-04;6901;4424;312016;154159;37.7;18.6
74;2021-06-05;4610;2709;316626;156868;38.2;18.9
74;2021-06-06;122;112;316748;156980;38.2;18.9
74;2021-06-07;5028;4143;321776;161123;38.8;19.4
74;2021-06-08;5017;3946;326793;165069;39.4;19.9
74;2021-06-09;5066;3483;331859;168552;40.1;20.3
74;2021-06-10;5117;2868;336976;171420;40.7;20.7
74;2021-06-11;5211;3801;342187;175221;41.3;21.2
74;2021-06-12;3569;2382;345756;177603;41.7;21.4
74;2021-06-13;118;89;345874;177692;41.8;21.4
74;2021-06-14;3592;4485;349466;182177;42.2;22.0
74;2021-06-15;3662;3897;353128;186074;42.6;22.5
74;2021-06-16;4812;3120;357940;189194;43.2;22.8
74;2021-06-17;3813;2953;361753;192147;43.7;23.2
74;2021-06-18;4109;4662;365862;196809;44.2;23.8
74;2021-06-19;2990;3097;368852;199906;44.5;24.1
74;2021-06-20;123;97;368975;200003;44.5;24.1
74;2021-06-21;2378;5422;371353;205425;44.8;24.8
74;2021-06-22;2486;5313;373839;210738;45.1;25.4
74;2021-06-23;2960;4615;376799;215353;45.5;26.0
74;2021-06-24;2849;4626;379648;219979;45.8;26.6
74;2021-06-25;2915;6765;382563;226744;46.2;27.4
74;2021-06-26;1700;5397;384263;232141;46.4;28.0
74;2021-06-27;63;1664;384326;233805;46.4;28.2
74;2021-06-28;1913;7218;386239;241023;46.6;29.1
74;2021-06-29;2298;7417;388537;248440;46.9;30.0
74;2021-06-30;2723;6538;391260;254978;47.2;30.8
74;2021-07-01;3047;5406;394307;260384;47.6;31.4
74;2021-07-02;2993;6629;397300;267013;48.0;32.2
74;2021-07-03;1694;5081;398994;272094;48.2;32.8
74;2021-07-04;76;1021;399070;273115;48.2;33.0
74;2021-07-05;2028;6843;401098;279958;48.4;33.8
74;2021-07-06;2551;6490;403649;286448;48.7;34.6
74;2021-07-07;2938;5443;406587;291891;49.1;35.2
74;2021-07-08;3771;4896;410358;296787;49.5;35.8
74;2021-07-09;2597;6976;412955;303763;49.8;36.7
74;2021-07-10;1600;5128;414555;308891;50.0;37.3
74;2021-07-11;71;141;414626;309032;50.1;37.3
74;2021-07-12;2049;7901;416675;316933;50.3;38.3
74;2021-07-13;3928;7573;420603;324506;50.8;39.2
74;2021-07-14;1949;2233;422552;326739;51.0;39.4
74;2021-07-15;3546;6855;426098;333594;51.4;40.3
74;2021-07-16;4143;7741;430241;341335;51.9;41.2
74;2021-07-17;2818;5318;433059;346653;52.3;41.8
74;2021-07-18;149;157;433208;346810;52.3;41.9
74;2021-07-19;4230;7333;437438;354143;52.8;42.7
74;2021-07-20;5758;6443;443196;360586;53.5;43.5
74;2021-07-21;5498;6648;448694;367234;54.2;44.3
74;2021-07-22;4717;5313;453411;372547;54.7;45.0
74;2021-07-23;6062;6953;459473;379500;55.5;45.8
74;2021-07-24;3026;4308;462499;383808;55.8;46.3
74;2021-07-25;160;174;462659;383982;55.8;46.4
74;2021-07-26;5408;6104;468067;390086;56.5;47.1
74;2021-07-27;6720;5137;474787;395223;57.3;47.7
74;2021-07-28;6430;5080;481217;400303;58.1;48.3
74;2021-07-29;5228;3912;486445;404215;58.7;48.8
74;2021-07-30;6587;5452;493032;409667;59.5;49.5
74;2021-07-31;4322;3087;497354;412754;60.0;49.8
74;2021-08-01;175;150;497529;412904;60.1;49.8
74;2021-08-02;5810;4336;503339;417240;60.8;50.4
74;2021-08-03;5797;3801;509136;421041;61.5;50.8
75;2020-12-27;33;1;33;1;0.0;0.0
75;2020-12-28;43;0;76;1;0.0;0.0
75;2020-12-29;14;0;90;1;0.0;0.0
75;2020-12-30;42;0;132;1;0.0;0.0
75;2020-12-31;30;0;162;1;0.0;0.0
75;2021-01-01;32;2;194;3;0.0;0.0
75;2021-01-02;56;1;250;4;0.0;0.0
75;2021-01-03;92;0;342;4;0.0;0.0
75;2021-01-04;294;1;636;5;0.0;0.0
75;2021-01-05;863;13;1499;18;0.1;0.0
75;2021-01-06;1347;16;2846;34;0.1;0.0
75;2021-01-07;2058;18;4904;52;0.2;0.0
75;2021-01-08;2859;31;7763;83;0.4;0.0
75;2021-01-09;1089;2;8852;85;0.4;0.0
75;2021-01-10;1094;5;9946;90;0.5;0.0
75;2021-01-11;3070;46;13016;136;0.6;0.0
75;2021-01-12;3469;53;16485;189;0.8;0.0
75;2021-01-13;3544;44;20029;233;0.9;0.0
75;2021-01-14;3658;60;23687;293;1.1;0.0
75;2021-01-15;3299;44;26986;337;1.3;0.0
75;2021-01-16;1123;16;28109;353;1.3;0.0
75;2021-01-17;543;14;28652;367;1.3;0.0
75;2021-01-18;3250;73;31902;440;1.5;0.0
75;2021-01-19;3843;45;35745;485;1.7;0.0
75;2021-01-20;4379;64;40124;549;1.9;0.0
75;2021-01-21;4879;79;45003;628;2.1;0.0
75;2021-01-22;4557;82;49560;710;2.3;0.0
75;2021-01-23;1749;15;51309;725;2.4;0.0
75;2021-01-24;734;6;52043;731;2.4;0.0
75;2021-01-25;1695;25;53738;756;2.5;0.0
75;2021-01-26;2537;87;56275;843;2.6;0.0
75;2021-01-27;3086;160;59361;1003;2.8;0.0
75;2021-01-28;4750;261;64111;1264;3.0;0.1
75;2021-01-29;4030;268;68141;1532;3.2;0.1
75;2021-01-30;1349;33;69490;1565;3.2;0.1
75;2021-01-31;212;3;69702;1568;3.2;0.1
75;2021-02-01;1601;380;71303;1948;3.3;0.1
75;2021-02-02;2121;650;73424;2598;3.4;0.1
75;2021-02-03;1865;687;75289;3285;3.5;0.2
75;2021-02-04;2124;1134;77413;4419;3.6;0.2
75;2021-02-05;2183;869;79596;5288;3.7;0.2
75;2021-02-06;1081;93;80677;5381;3.8;0.3
75;2021-02-07;164;6;80841;5387;3.8;0.3
75;2021-02-08;1240;1473;82081;6860;3.8;0.3
75;2021-02-09;1750;2384;83831;9244;3.9;0.4
75;2021-02-10;2388;2405;86219;11649;4.0;0.5
75;2021-02-11;2907;6453;89126;18102;4.1;0.8
75;2021-02-12;3097;2411;92223;20513;4.3;1.0
75;2021-02-13;837;1057;93060;21570;4.3;1.0
75;2021-02-14;192;42;93252;21612;4.3;1.0
75;2021-02-15;984;2476;94236;24088;4.4;1.1
75;2021-02-16;1423;6558;95659;30646;4.5;1.4
75;2021-02-17;1297;3242;96956;33888;4.5;1.6
75;2021-02-18;1738;5877;98694;39765;4.6;1.9
75;2021-02-19;2197;4148;100891;43913;4.7;2.0
75;2021-02-20;466;1694;101357;45607;4.7;2.1
75;2021-02-21;184;160;101541;45767;4.7;2.1
75;2021-02-22;1198;1934;102739;47701;4.8;2.2
75;2021-02-23;1425;2728;104164;50429;4.8;2.3
75;2021-02-24;1670;2340;105834;52769;4.9;2.5
75;2021-02-25;2751;5345;108585;58114;5.1;2.7
75;2021-02-26;3337;2735;111922;60849;5.2;2.8
75;2021-02-27;1386;937;113308;61786;5.3;2.9
75;2021-02-28;313;140;113621;61926;5.3;2.9
75;2021-03-01;2568;1685;116189;63611;5.4;3.0
75;2021-03-02;4135;2207;120324;65818;5.6;3.1
75;2021-03-03;5381;2343;125705;68161;5.9;3.2
75;2021-03-04;7986;2584;133691;70745;6.2;3.3
75;2021-03-05;10501;2749;144192;73494;6.7;3.4
75;2021-03-06;11029;1065;155221;74559;7.2;3.5
75;2021-03-07;9470;1509;164691;76068;7.7;3.5
75;2021-03-08;5851;1564;170542;77632;7.9;3.6
75;2021-03-09;7478;2123;178020;79755;8.3;3.7
75;2021-03-10;7454;2113;185474;81868;8.6;3.8
75;2021-03-11;10284;2509;195758;84377;9.1;3.9
75;2021-03-12;12016;2526;207774;86903;9.7;4.0
75;2021-03-13;8513;759;216287;87662;10.1;4.1
75;2021-03-14;4145;232;220432;87894;10.3;4.1
75;2021-03-15;7410;960;227842;88854;10.6;4.1
75;2021-03-16;5117;677;232959;89531;10.8;4.2
75;2021-03-17;5384;825;238343;90356;11.1;4.2
75;2021-03-18;6571;864;244914;91220;11.4;4.2
75;2021-03-19;9700;976;254614;92196;11.9;4.3
75;2021-03-20;5896;603;260510;92799;12.1;4.3
75;2021-03-21;1568;435;262078;93234;12.2;4.3
75;2021-03-22;8581;1012;270659;94246;12.6;4.4
75;2021-03-23;10910;1240;281569;95486;13.1;4.4
75;2021-03-24;10946;1310;292515;96796;13.6;4.5
75;2021-03-25;14158;1502;306673;98298;14.3;4.6
75;2021-03-26;13920;1673;320593;99971;14.9;4.7
75;2021-03-27;7246;774;327839;100745;15.3;4.7
75;2021-03-28;1762;147;329601;100892;15.3;4.7
75;2021-03-29;7930;2220;337531;103112;15.7;4.8
75;2021-03-30;10862;3235;348393;106347;16.2;5.0
75;2021-03-31;9693;3610;358086;109957;16.7;5.1
75;2021-04-01;10623;5203;368709;115160;17.2;5.4
75;2021-04-02;9007;5564;377716;120724;17.6;5.6
75;2021-04-03;4092;4890;381808;125614;17.8;5.8
75;2021-04-04;1401;1501;383209;127115;17.8;5.9
75;2021-04-05;2211;1439;385420;128554;17.9;6.0
75;2021-04-06;6838;4304;392258;132858;18.3;6.2
75;2021-04-07;8028;4422;400286;137280;18.6;6.4
75;2021-04-08;11013;4154;411299;141434;19.1;6.6
75;2021-04-09;12151;4596;423450;146030;19.7;6.8
75;2021-04-10;5802;4273;429252;150303;20.0;7.0
75;2021-04-11;1908;1796;431160;152099;20.1;7.1
75;2021-04-12;7441;3779;438601;155878;20.4;7.3
75;2021-04-13;8526;6876;447127;162754;20.8;7.6
75;2021-04-14;8238;5220;455365;167974;21.2;7.8
75;2021-04-15;8852;6129;464217;174103;21.6;8.1
75;2021-04-16;9324;6110;473541;180213;22.0;8.4
75;2021-04-17;4805;3653;478346;183866;22.3;8.6
75;2021-04-18;1648;878;479994;184744;22.3;8.6
75;2021-04-19;5542;4937;485536;189681;22.6;8.8
75;2021-04-20;6426;5951;491962;195632;22.9;9.1
75;2021-04-21;6828;5571;498790;201203;23.2;9.4
75;2021-04-22;7505;5914;506295;207117;23.6;9.6
75;2021-04-23;8449;6253;514744;213370;24.0;9.9
75;2021-04-24;6145;3340;520889;216710;24.2;10.1
75;2021-04-25;2946;757;523835;217467;24.4;10.1
75;2021-04-26;7007;4715;530842;222182;24.7;10.3
75;2021-04-27;10561;6416;541403;228598;25.2;10.6
75;2021-04-28;12167;6023;553570;234621;25.8;10.9
75;2021-04-29;13726;6319;567296;240940;26.4;11.2
75;2021-04-30;13640;6166;580936;247106;27.0;11.5
75;2021-05-01;5058;1326;585994;248432;27.3;11.6
75;2021-05-02;2374;793;588368;249225;27.4;11.6
75;2021-05-03;10260;13547;598628;262772;27.9;12.2
75;2021-05-04;11148;8070;609776;270842;28.4;12.6
75;2021-05-05;13509;6704;623285;277546;29.0;12.9
75;2021-05-06;13971;8181;637256;285727;29.7;13.3
75;2021-05-07;13949;8579;651205;294306;30.3;13.7
75;2021-05-08;10050;5526;661255;299832;30.8;14.0
75;2021-05-09;3806;3200;665061;303032;31.0;14.1
75;2021-05-10;14268;6721;679329;309753;31.6;14.4
75;2021-05-11;16814;8423;696143;318176;32.4;14.8
75;2021-05-12;17922;8160;714065;326336;33.2;15.2
75;2021-05-13;13597;2505;727662;328841;33.9;15.3
75;2021-05-14;18351;5138;746013;333979;34.7;15.5
75;2021-05-15;12273;2638;758286;336617;35.3;15.7
75;2021-05-16;3835;761;762121;337378;35.5;15.7
75;2021-05-17;15958;4650;778079;342028;36.2;15.9
75;2021-05-18;19111;5321;797190;347349;37.1;16.2
75;2021-05-19;20688;10733;817878;358082;38.1;16.7
75;2021-05-20;21546;8675;839424;366757;39.1;17.1
75;2021-05-21;20995;6542;860419;373299;40.1;17.4
75;2021-05-22;15910;3311;876329;376610;40.8;17.5
75;2021-05-23;5616;1338;881945;377948;41.1;17.6
75;2021-05-24;15616;2567;897561;380515;41.8;17.7
75;2021-05-25;17978;9599;915539;390114;42.6;18.2
75;2021-05-26;18833;8210;934372;398324;43.5;18.5
75;2021-05-27;20111;9821;954483;408145;44.4;19.0
75;2021-05-28;19319;10872;973802;419017;45.3;19.5
75;2021-05-29;16098;5836;989900;424853;46.1;19.8
75;2021-05-30;7023;2142;996923;426995;46.4;19.9
75;2021-05-31;18076;9461;1014999;436456;47.2;20.3
75;2021-06-01;18554;12997;1033553;449453;48.1;20.9
75;2021-06-02;18064;10302;1051617;459755;49.0;21.4
75;2021-06-03;20149;11963;1071766;471718;49.9;22.0
75;2021-06-04;18078;12875;1089844;484593;50.7;22.6
75;2021-06-05;11950;9627;1101794;494220;51.3;23.0
75;2021-06-06;6696;3160;1108490;497380;51.6;23.2
75;2021-06-07;13850;11847;1122340;509227;52.2;23.7
75;2021-06-08;14749;13970;1137089;523197;52.9;24.4
75;2021-06-09;16420;15245;1153509;538442;53.7;25.1
75;2021-06-10;18282;26330;1171791;564772;54.5;26.3
75;2021-06-11;15192;16475;1186983;581247;55.3;27.1
75;2021-06-12;13263;9998;1200246;591245;55.9;27.5
75;2021-06-13;6256;3791;1206502;595036;56.2;27.7
75;2021-06-14;11767;15425;1218269;610461;56.7;28.4
75;2021-06-15;12489;19543;1230758;630004;57.3;29.3
75;2021-06-16;12081;17230;1242839;647234;57.9;30.1
75;2021-06-17;12568;17674;1255407;664908;58.4;31.0
75;2021-06-18;10671;22614;1266078;687522;58.9;32.0
75;2021-06-19;7506;11832;1273584;699354;59.3;32.6
75;2021-06-20;2807;5487;1276391;704841;59.4;32.8
75;2021-06-21;8376;16335;1284767;721176;59.8;33.6
75;2021-06-22;8723;21811;1293490;742987;60.2;34.6
75;2021-06-23;10231;21422;1303721;764409;60.7;35.6
75;2021-06-24;11249;20631;1314970;785040;61.2;36.5
75;2021-06-25;9581;24692;1324551;809732;61.7;37.7
75;2021-06-26;7905;15420;1332456;825152;62.0;38.4
75;2021-06-27;2686;6330;1335142;831482;62.1;38.7
75;2021-06-28;8397;20133;1343539;851615;62.5;39.6
75;2021-06-29;9260;23832;1352799;875447;63.0;40.8
75;2021-06-30;9939;23604;1362738;899051;63.4;41.8
75;2021-07-01;11011;23464;1373749;922515;63.9;42.9
75;2021-07-02;10214;24758;1383963;947273;64.4;44.1
75;2021-07-03;7735;19813;1391698;967086;64.8;45.0
75;2021-07-04;3868;9551;1395566;976637;65.0;45.5
75;2021-07-05;8779;21549;1404345;998186;65.4;46.5
75;2021-07-06;9803;24001;1414148;1022187;65.8;47.6
75;2021-07-07;9744;25077;1423892;1047264;66.3;48.7
75;2021-07-08;10358;24990;1434250;1072254;66.8;49.9
75;2021-07-09;10251;24000;1444501;1096254;67.2;51.0
75;2021-07-10;7842;18527;1452343;1114781;67.6;51.9
75;2021-07-11;4324;8542;1456667;1123323;67.8;52.3
75;2021-07-12;9157;23056;1465824;1146379;68.2;53.4
75;2021-07-13;13998;24783;1479822;1171162;68.9;54.5
75;2021-07-14;8050;9682;1487872;1180844;69.3;55.0
75;2021-07-15;14849;25624;1502721;1206468;70.0;56.2
75;2021-07-16;15178;22075;1517899;1228543;70.7;57.2
75;2021-07-17;11385;16858;1529284;1245401;71.2;58.0
75;2021-07-18;6200;6800;1535484;1252201;71.5;58.3
75;2021-07-19;14066;21250;1549550;1273451;72.1;59.3
75;2021-07-20;15831;21819;1565381;1295270;72.9;60.3
75;2021-07-21;15455;20655;1580836;1315925;73.6;61.3
75;2021-07-22;16831;20026;1597667;1335951;74.4;62.2
75;2021-07-23;16690;18968;1614357;1354919;75.1;63.1
75;2021-07-24;10886;14006;1625243;1368925;75.7;63.7
75;2021-07-25;4936;5058;1630179;1373983;75.9;64.0
75;2021-07-26;14937;16790;1645116;1390773;76.6;64.7
75;2021-07-27;17775;16477;1662891;1407250;77.4;65.5
75;2021-07-28;16762;15326;1679653;1422576;78.2;66.2
75;2021-07-29;16405;14935;1696058;1437511;78.9;66.9
75;2021-07-30;15826;14165;1711884;1451676;79.7;67.6
75;2021-07-31;9081;9793;1720965;1461469;80.1;68.0
75;2021-08-01;3436;3264;1724401;1464733;80.3;68.2
75;2021-08-02;10157;11850;1734558;1476583;80.7;68.7
75;2021-08-03;10551;10628;1745109;1487211;81.2;69.2
76;2020-12-27;0;0;0;0;0.0;0.0
76;2020-12-28;0;0;0;0;0.0;0.0
76;2020-12-29;0;0;0;0;0.0;0.0
76;2020-12-30;0;0;0;0;0.0;0.0
76;2020-12-31;0;0;0;0;0.0;0.0
76;2021-01-01;0;0;0;0;0.0;0.0
76;2021-01-02;0;0;0;0;0.0;0.0
76;2021-01-03;0;0;0;0;0.0;0.0
76;2021-01-04;17;0;17;0;0.0;0.0
76;2021-01-05;138;0;155;0;0.0;0.0
76;2021-01-06;682;2;837;2;0.1;0.0
76;2021-01-07;1355;6;2192;8;0.2;0.0
76;2021-01-08;1534;1;3726;9;0.3;0.0
76;2021-01-09;736;1;4462;10;0.4;0.0
76;2021-01-10;492;1;4954;11;0.4;0.0
76;2021-01-11;1358;2;6312;13;0.5;0.0
76;2021-01-12;1357;1;7669;14;0.6;0.0
76;2021-01-13;1187;5;8856;19;0.7;0.0
76;2021-01-14;2172;21;11028;40;0.9;0.0
76;2021-01-15;1910;6;12938;46;1.0;0.0
76;2021-01-16;985;5;13923;51;1.1;0.0
76;2021-01-17;2898;19;16821;70;1.4;0.0
76;2021-01-18;4387;14;21208;84;1.7;0.0
76;2021-01-19;3012;7;24220;91;1.9;0.0
76;2021-01-20;2068;9;26288;100;2.1;0.0
76;2021-01-21;1773;4;28061;104;2.3;0.0
76;2021-01-22;1704;4;29765;108;2.4;0.0
76;2021-01-23;449;1;30214;109;2.4;0.0
76;2021-01-24;99;0;30313;109;2.4;0.0
76;2021-01-25;1474;140;31787;249;2.6;0.0
76;2021-01-26;1389;335;33176;584;2.7;0.0
76;2021-01-27;1340;432;34516;1016;2.8;0.1
76;2021-01-28;1283;384;35799;1400;2.9;0.1
76;2021-01-29;1152;460;36951;1860;3.0;0.1
76;2021-01-30;283;304;37234;2164;3.0;0.2
76;2021-01-31;4;99;37238;2263;3.0;0.2
76;2021-02-01;838;817;38076;3080;3.1;0.2
76;2021-02-02;1056;1018;39132;4098;3.1;0.3
76;2021-02-03;917;1000;40049;5098;3.2;0.4
76;2021-02-04;975;1457;41024;6555;3.3;0.5
76;2021-02-05;974;1104;41998;7659;3.4;0.6
76;2021-02-06;260;880;42258;8539;3.4;0.7
76;2021-02-07;467;1659;42725;10198;3.4;0.8
76;2021-02-08;1922;3734;44647;13932;3.6;1.1
76;2021-02-09;1757;2997;46404;16929;3.7;1.4
76;2021-02-10;1488;1815;47892;18744;3.9;1.5
76;2021-02-11;1675;1530;49567;20274;4.0;1.6
76;2021-02-12;1709;1578;51276;21852;4.1;1.8
76;2021-02-13;230;336;51506;22188;4.1;1.8
76;2021-02-14;9;82;51515;22270;4.1;1.8
76;2021-02-15;553;1722;52068;23992;4.2;1.9
76;2021-02-16;741;1637;52809;25629;4.2;2.1
76;2021-02-17;625;1455;53434;27084;4.3;2.2
76;2021-02-18;779;1391;54213;28475;4.4;2.3
76;2021-02-19;868;1344;55081;29819;4.4;2.4
76;2021-02-20;270;289;55351;30108;4.5;2.4
76;2021-02-21;0;0;55351;30108;4.5;2.4
76;2021-02-22;371;1312;55722;31420;4.5;2.5
76;2021-02-23;575;1243;56297;32663;4.5;2.6
76;2021-02-24;598;1201;56895;33864;4.6;2.7
76;2021-02-25;1666;1262;58561;35126;4.7;2.8
76;2021-02-26;2171;1049;60732;36175;4.9;2.9
76;2021-02-27;1108;270;61840;36445;5.0;2.9
76;2021-02-28;27;197;61867;36642;5.0;2.9
76;2021-03-01;823;2111;62690;38753;5.0;3.1
76;2021-03-02;1379;1714;64069;40467;5.2;3.3
76;2021-03-03;1939;1396;66008;41863;5.3;3.4
76;2021-03-04;2815;1101;68823;42964;5.5;3.5
76;2021-03-05;4176;795;72999;43759;5.9;3.5
76;2021-03-06;3361;150;76360;43909;6.1;3.5
76;2021-03-07;1257;31;77617;43940;6.2;3.5
76;2021-03-08;2098;1251;79715;45191;6.4;3.6
76;2021-03-09;3572;1158;83287;46349;6.7;3.7
76;2021-03-10;3592;1056;86879;47405;7.0;3.8
76;2021-03-11;5633;934;92512;48339;7.4;3.9
76;2021-03-12;6824;582;99336;48921;8.0;3.9
76;2021-03-13;4639;133;103975;49054;8.4;3.9
76;2021-03-14;1069;26;105044;49080;8.4;3.9
76;2021-03-15;2913;224;107957;49304;8.7;4.0
76;2021-03-16;2554;394;110511;49698;8.9;4.0
76;2021-03-17;2695;310;113206;50008;9.1;4.0
76;2021-03-18;2997;299;116203;50307;9.3;4.0
76;2021-03-19;4394;422;120597;50729;9.7;4.1
76;2021-03-20;3975;267;124572;50996;10.0;4.1
76;2021-03-21;837;13;125409;51009;10.1;4.1
76;2021-03-22;3990;337;129399;51346;10.4;4.1
76;2021-03-23;5708;343;135107;51689;10.9;4.2
76;2021-03-24;5668;376;140775;52065;11.3;4.2
76;2021-03-25;7509;557;148284;52622;11.9;4.2
76;2021-03-26;8716;565;157000;53187;12.6;4.3
76;2021-03-27;4810;364;161810;53551;13.0;4.3
76;2021-03-28;1020;27;162830;53578;13.1;4.3
76;2021-03-29;5389;814;168219;54392;13.5;4.4
76;2021-03-30;6584;1037;174803;55429;14.1;4.5
76;2021-03-31;6451;1242;181254;56671;14.6;4.6
76;2021-04-01;6781;2024;188035;58695;15.1;4.7
76;2021-04-02;6482;2667;194517;61362;15.6;4.9
76;2021-04-03;2443;1075;196960;62437;15.8;5.0
76;2021-04-04;263;11;197223;62448;15.9;5.0
76;2021-04-05;866;376;198089;62824;15.9;5.1
76;2021-04-06;3555;2787;201644;65611;16.2;5.3
76;2021-04-07;4416;2395;206060;68006;16.6;5.5
76;2021-04-08;5840;2764;211900;70770;17.0;5.7
76;2021-04-09;8804;3055;220704;73825;17.7;5.9
76;2021-04-10;4876;1400;225580;75225;18.1;6.0
76;2021-04-11;813;526;226393;75751;18.2;6.1
76;2021-04-12;4724;2843;231117;78594;18.6;6.3
76;2021-04-13;5924;2869;237041;81463;19.1;6.5
76;2021-04-14;4806;3138;241847;84601;19.4;6.8
76;2021-04-15;5562;3356;247409;87957;19.9;7.1
76;2021-04-16;7349;3432;254758;91389;20.5;7.3
76;2021-04-17;4385;1428;259143;92817;20.8;7.5
76;2021-04-18;339;140;259482;92957;20.9;7.5
76;2021-04-19;3477;3770;262959;96727;21.1;7.8
76;2021-04-20;4343;4276;267302;101003;21.5;8.1
76;2021-04-21;4188;4679;271490;105682;21.8;8.5
76;2021-04-22;4557;5435;276047;111117;22.2;8.9
76;2021-04-23;5437;5942;281484;117059;22.6;9.4
76;2021-04-24;4163;2179;285647;119238;23.0;9.6
76;2021-04-25;891;267;286538;119505;23.0;9.6
76;2021-04-26;4480;4472;291018;123977;23.4;10.0
76;2021-04-27;4994;4999;296012;128976;23.8;10.4
76;2021-04-28;5346;4157;301358;133133;24.2;10.7
76;2021-04-29;6926;4163;308284;137296;24.8;11.0
76;2021-04-30;8217;4636;316501;141932;25.4;11.4
76;2021-05-01;4827;1004;321328;142936;25.8;11.5
76;2021-05-02;1843;255;323171;143191;26.0;11.5
76;2021-05-03;4703;3317;327874;146508;26.4;11.8
76;2021-05-04;4822;4560;332696;151068;26.7;12.1
76;2021-05-05;4785;5178;337481;156246;27.1;12.6
76;2021-05-06;5923;5582;343404;161828;27.6;13.0
76;2021-05-07;6139;6754;349543;168582;28.1;13.6
76;2021-05-08;5055;894;354598;169476;28.5;13.6
76;2021-05-09;2536;234;357134;169710;28.7;13.6
76;2021-05-10;4949;5054;362083;174764;29.1;14.1
76;2021-05-11;6518;5674;368601;180438;29.6;14.5
76;2021-05-12;6266;5069;374867;185507;30.1;14.9
76;2021-05-13;8847;1275;383714;186782;30.9;15.0
76;2021-05-14;10415;4670;394129;191452;31.7;15.4
76;2021-05-15;9116;2450;403245;193902;32.4;15.6
76;2021-05-16;6232;475;409477;194377;32.9;15.6
76;2021-05-17;7226;3269;416703;197646;33.5;15.9
76;2021-05-18;8306;2806;425009;200452;34.2;16.1
76;2021-05-19;8404;3187;433413;203639;34.8;16.4
76;2021-05-20;9645;3411;443058;207050;35.6;16.6
76;2021-05-21;8367;4088;451425;211138;36.3;17.0
76;2021-05-22;7163;2353;458588;213491;36.9;17.2
76;2021-05-23;6390;407;464978;213898;37.4;17.2
76;2021-05-24;6867;1528;471845;215426;37.9;17.3
76;2021-05-25;8023;4080;479868;219506;38.6;17.6
76;2021-05-26;7573;3604;487441;223110;39.2;17.9
76;2021-05-27;8348;4695;495789;227805;39.9;18.3
76;2021-05-28;8234;6573;504023;234378;40.5;18.8
76;2021-05-29;6220;3516;510243;237894;41.0;19.1
76;2021-05-30;3146;430;513389;238324;41.3;19.2
76;2021-05-31;8168;3972;521557;242296;41.9;19.5
76;2021-06-01;9208;5026;530765;247322;42.7;19.9
76;2021-06-02;7917;4437;538682;251759;43.3;20.2
76;2021-06-03;9537;5401;548219;257160;44.1;20.7
76;2021-06-04;9243;6672;557462;263832;44.8;21.2
76;2021-06-05;6289;3810;563751;267642;45.3;21.5
76;2021-06-06;2552;650;566303;268292;45.5;21.6
76;2021-06-07;6982;5450;573285;273742;46.1;22.0
76;2021-06-08;8653;6280;581938;280022;46.8;22.5
76;2021-06-09;7211;6083;589149;286105;47.4;23.0
76;2021-06-10;7991;6563;597140;292668;48.0;23.5
76;2021-06-11;7580;8228;604720;300896;48.6;24.2
76;2021-06-12;7166;5872;611886;306768;49.2;24.7
76;2021-06-13;2961;1293;614847;308061;49.4;24.8
76;2021-06-14;6475;6714;621322;314775;50.0;25.3
76;2021-06-15;6130;7452;627452;322227;50.4;25.9
76;2021-06-16;6646;7478;634098;329705;51.0;26.5
76;2021-06-17;7000;7751;641098;337456;51.5;27.1
76;2021-06-18;7685;9230;648783;346686;52.2;27.9
76;2021-06-19;5984;6259;654767;352945;52.6;28.4
76;2021-06-20;2811;1812;657578;354757;52.9;28.5
76;2021-06-21;5554;8170;663132;362927;53.3;29.2
76;2021-06-22;4918;9871;668050;372798;53.7;30.0
76;2021-06-23;4725;9435;672775;382233;54.1;30.7
76;2021-06-24;4785;9914;677560;392147;54.5;31.5
76;2021-06-25;5220;11567;682780;403714;54.9;32.5
76;2021-06-26;3450;7873;686230;411587;55.2;33.1
76;2021-06-27;1363;5165;687593;416752;55.3;33.5
76;2021-06-28;3604;9938;691197;426690;55.6;34.3
76;2021-06-29;3861;10232;695058;436922;55.9;35.1
76;2021-06-30;4253;9841;699311;446763;56.2;35.9
76;2021-07-01;4573;9891;703884;456654;56.6;36.7
76;2021-07-02;4353;12013;708237;468667;56.9;37.7
76;2021-07-03;3586;8447;711823;477114;57.2;38.4
76;2021-07-04;1481;5307;713304;482421;57.3;38.8
76;2021-07-05;3932;9330;717236;491751;57.7;39.5
76;2021-07-06;4038;10076;721274;501827;58.0;40.3
76;2021-07-07;3998;9332;725272;511159;58.3;41.1
76;2021-07-08;4459;9460;729731;520619;58.7;41.9
76;2021-07-09;4355;12410;734086;533029;59.0;42.9
76;2021-07-10;3130;8554;737216;541583;59.3;43.5
76;2021-07-11;1773;2820;738989;544403;59.4;43.8
76;2021-07-12;3141;11150;742130;555553;59.7;44.7
76;2021-07-13;4906;12255;747036;567808;60.1;45.7
76;2021-07-14;4789;5534;751825;573342;60.4;46.1
76;2021-07-15;5866;11782;757691;585124;60.9;47.0
76;2021-07-16;6691;12019;764382;597143;61.5;48.0
76;2021-07-17;5266;8697;769648;605840;61.9;48.7
76;2021-07-18;2253;3351;771901;609191;62.1;49.0
76;2021-07-19;5141;11140;777042;620331;62.5;49.9
76;2021-07-20;6260;11627;783302;631958;63.0;50.8
76;2021-07-21;6320;10544;789622;642502;63.5;51.7
76;2021-07-22;8193;9648;797815;652150;64.1;52.4
76;2021-07-23;7611;11968;805426;664118;64.8;53.4
76;2021-07-24;4980;7700;810406;671818;65.2;54.0
76;2021-07-25;2848;3143;813254;674961;65.4;54.3
76;2021-07-26;5418;10131;818672;685092;65.8;55.1
76;2021-07-27;8298;9534;826970;694626;66.5;55.8
76;2021-07-28;8223;7782;835193;702408;67.1;56.5
76;2021-07-29;9531;6953;844724;709361;67.9;57.0
76;2021-07-30;7952;7803;852676;717164;68.6;57.7
76;2021-07-31;6565;5278;859241;722442;69.1;58.1
76;2021-08-01;3855;2040;863096;724482;69.4;58.2
76;2021-08-02;6520;7058;869616;731540;69.9;58.8
76;2021-08-03;7892;6277;877508;737817;70.6;59.3
77;2020-12-27;1;0;1;0;0.0;0.0
77;2020-12-28;1;0;2;0;0.0;0.0
77;2020-12-29;0;0;2;0;0.0;0.0
77;2020-12-30;0;0;2;0;0.0;0.0
77;2020-12-31;0;0;2;0;0.0;0.0
77;2021-01-01;2;0;4;0;0.0;0.0
77;2021-01-02;0;0;4;0;0.0;0.0
77;2021-01-03;0;0;4;0;0.0;0.0
77;2021-01-04;6;0;10;0;0.0;0.0
77;2021-01-05;199;0;209;0;0.0;0.0
77;2021-01-06;222;2;431;2;0.0;0.0
77;2021-01-07;517;3;948;5;0.1;0.0
77;2021-01-08;612;1;1560;6;0.1;0.0
77;2021-01-09;273;1;1833;7;0.1;0.0
77;2021-01-10;235;2;2068;9;0.1;0.0
77;2021-01-11;783;2;2851;11;0.2;0.0
77;2021-01-12;883;1;3734;12;0.3;0.0
77;2021-01-13;935;1;4669;13;0.3;0.0
77;2021-01-14;847;7;5516;20;0.4;0.0
77;2021-01-15;858;10;6374;30;0.4;0.0
77;2021-01-16;168;1;6542;31;0.5;0.0
77;2021-01-17;131;2;6673;33;0.5;0.0
77;2021-01-18;1193;4;7866;37;0.6;0.0
77;2021-01-19;1718;8;9584;45;0.7;0.0
77;2021-01-20;2536;5;12120;50;0.9;0.0
77;2021-01-21;2052;20;14172;70;1.0;0.0
77;2021-01-22;1147;7;15319;77;1.1;0.0
77;2021-01-23;349;0;15668;77;1.1;0.0
77;2021-01-24;43;0;15711;77;1.1;0.0
77;2021-01-25;939;65;16650;142;1.2;0.0
77;2021-01-26;1702;30;18352;172;1.3;0.0
77;2021-01-27;1362;42;19714;214;1.4;0.0
77;2021-01-28;1696;89;21410;303;1.5;0.0
77;2021-01-29;1283;147;22693;450;1.6;0.0
77;2021-01-30;211;2;22904;452;1.6;0.0
77;2021-01-31;0;0;22904;452;1.6;0.0
77;2021-02-01;568;212;23472;664;1.6;0.0
77;2021-02-02;866;269;24338;933;1.7;0.1
77;2021-02-03;794;539;25132;1472;1.8;0.1
77;2021-02-04;789;809;25921;2281;1.8;0.2
77;2021-02-05;856;855;26777;3136;1.9;0.2
77;2021-02-06;165;103;26942;3239;1.9;0.2
77;2021-02-07;16;92;26958;3331;1.9;0.2
77;2021-02-08;493;942;27451;4273;1.9;0.3
77;2021-02-09;591;1467;28042;5740;2.0;0.4
77;2021-02-10;1029;1840;29071;7580;2.0;0.5
77;2021-02-11;1058;1656;30129;9236;2.1;0.6
77;2021-02-12;1097;1170;31226;10406;2.2;0.7
77;2021-02-13;187;175;31413;10581;2.2;0.7
77;2021-02-14;12;57;31425;10638;2.2;0.7
77;2021-02-15;554;1031;31979;11669;2.2;0.8
77;2021-02-16;599;1538;32578;13207;2.3;0.9
77;2021-02-17;514;1193;33092;14400;2.3;1.0
77;2021-02-18;840;1620;33932;16020;2.4;1.1
77;2021-02-19;775;1173;34707;17193;2.4;1.2
77;2021-02-20;53;176;34760;17369;2.4;1.2
77;2021-02-21;7;31;34767;17400;2.4;1.2
77;2021-02-22;303;775;35070;18175;2.5;1.3
77;2021-02-23;358;1134;35428;19309;2.5;1.4
77;2021-02-24;511;900;35939;20209;2.5;1.4
77;2021-02-25;793;976;36732;21185;2.6;1.5
77;2021-02-26;840;845;37572;22030;2.6;1.5
77;2021-02-27;460;169;38032;22199;2.7;1.6
77;2021-02-28;32;5;38064;22204;2.7;1.6
77;2021-03-01;674;710;38738;22914;2.7;1.6
77;2021-03-02;1092;1027;39830;23941;2.8;1.7
77;2021-03-03;1952;1179;41782;25120;2.9;1.8
77;2021-03-04;2797;1135;44579;26255;3.1;1.8
77;2021-03-05;3377;1041;47956;27296;3.4;1.9
77;2021-03-06;4819;248;52775;27544;3.7;1.9
77;2021-03-07;3189;97;55964;27641;3.9;1.9
77;2021-03-08;1230;503;57194;28144;4.0;2.0
77;2021-03-09;2503;627;59697;28771;4.2;2.0
77;2021-03-10;2396;568;62093;29339;4.4;2.1
77;2021-03-11;3499;762;65592;30101;4.6;2.1
77;2021-03-12;3889;675;69481;30776;4.9;2.2
77;2021-03-13;4481;194;73962;30970;5.2;2.2
77;2021-03-14;2150;109;76112;31079;5.3;2.2
77;2021-03-15;2509;273;78621;31352;5.5;2.2
77;2021-03-16;2443;369;81064;31721;5.7;2.2
77;2021-03-17;2548;420;83612;32141;5.9;2.3
77;2021-03-18;3008;396;86620;32537;6.1;2.3
77;2021-03-19;3357;429;89977;32966;6.3;2.3
77;2021-03-20;1964;74;91941;33040;6.5;2.3
77;2021-03-21;242;13;92183;33053;6.5;2.3
77;2021-03-22;3018;402;95201;33455;6.7;2.4
77;2021-03-23;4516;513;99717;33968;7.0;2.4
77;2021-03-24;4149;621;103866;34589;7.3;2.4
77;2021-03-25;5903;407;109769;34996;7.7;2.5
77;2021-03-26;6264;425;116033;35421;8.2;2.5
77;2021-03-27;3321;111;119354;35532;8.4;2.5
77;2021-03-28;1730;43;121084;35575;8.5;2.5
77;2021-03-29;2653;683;123737;36258;8.7;2.5
77;2021-03-30;3994;1202;127731;37460;9.0;2.6
77;2021-03-31;3752;1213;131483;38673;9.2;2.7
77;2021-04-01;4140;1800;135623;40473;9.5;2.8
77;2021-04-02;3989;2013;139612;42486;9.8;3.0
77;2021-04-03;1745;2275;141357;44761;9.9;3.1
77;2021-04-04;425;1426;141782;46187;10.0;3.2
77;2021-04-05;158;162;141940;46349;10.0;3.3
77;2021-04-06;2711;1920;144651;48269;10.2;3.4
77;2021-04-07;3314;2079;147965;50348;10.4;3.5
77;2021-04-08;4530;2361;152495;52709;10.7;3.7
77;2021-04-09;4845;2081;157340;54790;11.1;3.8
77;2021-04-10;3071;2741;160411;57531;11.3;4.0
77;2021-04-11;586;716;160997;58247;11.3;4.1
77;2021-04-12;2230;1824;163227;60071;11.5;4.2
77;2021-04-13;3357;2631;166584;62702;11.7;4.4
77;2021-04-14;2523;2644;169107;65346;11.9;4.6
77;2021-04-15;3317;3110;172424;68456;12.1;4.8
77;2021-04-16;3574;2717;175998;71173;12.4;5.0
77;2021-04-17;1387;473;177385;71646;12.5;5.0
77;2021-04-18;150;11;177535;71657;12.5;5.0
77;2021-04-19;2082;2510;179617;74167;12.6;5.2
77;2021-04-20;2567;3380;182184;77547;12.8;5.4
77;2021-04-21;2192;3473;184376;81020;13.0;5.7
77;2021-04-22;3002;3848;187378;84868;13.2;6.0
77;2021-04-23;3523;3632;190901;88500;13.4;6.2
77;2021-04-24;4898;2511;195799;91011;13.8;6.4
77;2021-04-25;4081;1232;199880;92243;14.0;6.5
77;2021-04-26;3229;2034;203109;94277;14.3;6.6
77;2021-04-27;3993;2513;207102;96790;14.5;6.8
77;2021-04-28;4072;2604;211174;99394;14.8;7.0
77;2021-04-29;4476;3077;215650;102471;15.1;7.2
77;2021-04-30;4904;3330;220554;105801;15.5;7.4
77;2021-05-01;2462;591;223016;106392;15.7;7.5
77;2021-05-02;3142;276;226158;106668;15.9;7.5
77;2021-05-03;5988;2063;232146;108731;16.3;7.6
77;2021-05-04;6437;2983;238583;111714;16.8;7.8
77;2021-05-05;6015;3020;244598;114734;17.2;8.1
77;2021-05-06;6890;3591;251488;118325;17.7;8.3
77;2021-05-07;8205;3257;259693;121582;18.2;8.5
77;2021-05-08;5707;804;265400;122386;18.6;8.6
77;2021-05-09;4906;473;270306;122859;19.0;8.6
77;2021-05-10;8087;2322;278393;125181;19.6;8.8
77;2021-05-11;9578;2913;287971;128094;20.2;9.0
77;2021-05-12;8977;2278;296948;130372;20.9;9.2
77;2021-05-13;9301;867;306249;131239;21.5;9.2
77;2021-05-14;10424;1649;316673;132888;22.2;9.3
77;2021-05-15;8987;1248;325660;134136;22.9;9.4
77;2021-05-16;5150;463;330810;134599;23.2;9.5
77;2021-05-17;10370;1471;341180;136070;24.0;9.6
77;2021-05-18;11779;1796;352959;137866;24.8;9.7
77;2021-05-19;10908;1598;363867;139464;25.6;9.8
77;2021-05-20;12207;2160;376074;141624;26.4;9.9
77;2021-05-21;11652;2689;387726;144313;27.2;10.1
77;2021-05-22;9819;1729;397545;146042;27.9;10.3
77;2021-05-23;6986;805;404531;146847;28.4;10.3
77;2021-05-24;6762;775;411293;147622;28.9;10.4
77;2021-05-25;8305;2806;419598;150428;29.5;10.6
77;2021-05-26;7565;2970;427163;153398;30.0;10.8
77;2021-05-27;7547;3954;434710;157352;30.5;11.1
77;2021-05-28;7637;4012;442347;161364;31.1;11.3
77;2021-05-29;7355;2337;449702;163701;31.6;11.5
77;2021-05-30;4356;892;454058;164593;31.9;11.6
77;2021-05-31;8386;3830;462444;168423;32.5;11.8
77;2021-06-01;9639;4345;472083;172768;33.2;12.1
77;2021-06-02;8908;3886;480991;176654;33.8;12.4
77;2021-06-03;8998;5258;489989;181912;34.4;12.8
77;2021-06-04;9111;5487;499100;187399;35.1;13.2
77;2021-06-05;6642;4993;505742;192392;35.5;13.5
77;2021-06-06;4908;3205;510650;195597;35.9;13.7
77;2021-06-07;6418;4539;517068;200136;36.3;14.1
77;2021-06-08;5726;5208;522794;205344;36.7;14.4
77;2021-06-09;5055;4954;527849;210298;37.1;14.8
77;2021-06-10;5014;5457;532863;215755;37.4;15.2
77;2021-06-11;5750;6030;538613;221785;37.8;15.6
77;2021-06-12;6547;4747;545160;226532;38.3;15.9
77;2021-06-13;3505;3050;548665;229582;38.5;16.1
77;2021-06-14;3216;7924;551881;237506;38.8;16.7
77;2021-06-15;4126;8478;556007;245984;39.1;17.3
77;2021-06-16;4802;8375;560809;254359;39.4;17.9
77;2021-06-17;4471;9023;565280;263382;39.7;18.5
77;2021-06-18;4359;9781;569639;273163;40.0;19.2
77;2021-06-19;5300;6918;574939;280081;40.4;19.7
77;2021-06-20;2090;3798;577029;283879;40.5;19.9
77;2021-06-21;3219;9576;580248;293455;40.8;20.6
77;2021-06-22;3666;11364;583914;304819;41.0;21.4
77;2021-06-23;3437;10049;587351;314868;41.3;22.1
77;2021-06-24;3358;10905;590709;325773;41.5;22.9
77;2021-06-25;3622;10798;594331;336571;41.7;23.6
77;2021-06-26;4080;10065;598411;346636;42.0;24.3
77;2021-06-27;2122;6426;600533;353062;42.2;24.8
77;2021-06-28;2798;10831;603331;363893;42.4;25.6
77;2021-06-29;3366;12519;606697;376412;42.6;26.4
77;2021-06-30;3282;11446;609979;387858;42.8;27.2
77;2021-07-01;3271;11657;613250;399515;43.1;28.1
77;2021-07-02;3427;12237;616677;411752;43.3;28.9
77;2021-07-03;3173;10790;619850;422542;43.5;29.7
77;2021-07-04;1992;6493;621842;429035;43.7;30.1
77;2021-07-05;3580;9545;625422;438580;43.9;30.8
77;2021-07-06;3723;9519;629145;448099;44.2;31.5
77;2021-07-07;4008;8947;633153;457046;44.5;32.1
77;2021-07-08;3896;8752;637049;465798;44.7;32.7
77;2021-07-09;4683;10339;641732;476137;45.1;33.4
77;2021-07-10;4030;9839;645762;485976;45.4;34.1
77;2021-07-11;3061;5074;648823;491050;45.6;34.5
77;2021-07-12;3272;10863;652095;501913;45.8;35.3
77;2021-07-13;6059;12015;658154;513928;46.2;36.1
77;2021-07-14;3532;6440;661686;520368;46.5;36.6
77;2021-07-15;7107;11948;668793;532316;47.0;37.4
77;2021-07-16;7759;9873;676552;542189;47.5;38.1
77;2021-07-17;5762;9453;682314;551642;47.9;38.7
77;2021-07-18;4133;5323;686447;556965;48.2;39.1
77;2021-07-19;7453;8929;693900;565894;48.7;39.8
77;2021-07-20;9502;7991;703402;573885;49.4;40.3
77;2021-07-21;9435;7437;712837;581322;50.1;40.8
77;2021-07-22;10411;7466;723248;588788;50.8;41.4
77;2021-07-23;9742;8147;732990;596935;51.5;41.9
77;2021-07-24;7154;7833;740144;604768;52.0;42.5
77;2021-07-25;5852;4006;745996;608774;52.4;42.8
77;2021-07-26;9143;5940;755139;614714;53.0;43.2
77;2021-07-27;10802;5979;765941;620693;53.8;43.6
77;2021-07-28;9315;6359;775256;627052;54.5;44.0
77;2021-07-29;9464;5456;784720;632508;55.1;44.4
77;2021-07-30;9618;6304;794338;638812;55.8;44.9
77;2021-07-31;7195;6591;801533;645403;56.3;45.3
77;2021-08-01;2935;1179;804468;646582;56.5;45.4
77;2021-08-02;6988;5676;811456;652258;57.0;45.8
77;2021-08-03;5584;4419;817040;656677;57.4;46.1
78;2020-12-27;2;0;2;0;0.0;0.0
78;2020-12-28;0;0;2;0;0.0;0.0
78;2020-12-29;0;0;2;0;0.0;0.0
78;2020-12-30;0;0;2;0;0.0;0.0
78;2020-12-31;15;0;17;0;0.0;0.0
78;2021-01-01;0;0;17;0;0.0;0.0
78;2021-01-02;1;0;18;0;0.0;0.0
78;2021-01-03;2;0;20;0;0.0;0.0
78;2021-01-04;145;3;165;3;0.0;0.0
78;2021-01-05;175;1;340;4;0.0;0.0
78;2021-01-06;208;3;548;7;0.0;0.0
78;2021-01-07;469;2;1017;9;0.1;0.0
78;2021-01-08;651;4;1668;13;0.1;0.0
78;2021-01-09;22;0;1690;13;0.1;0.0
78;2021-01-10;1;0;1691;13;0.1;0.0
78;2021-01-11;791;4;2482;17;0.2;0.0
78;2021-01-12;946;7;3428;24;0.2;0.0
78;2021-01-13;736;8;4164;32;0.3;0.0
78;2021-01-14;810;9;4974;41;0.3;0.0
78;2021-01-15;846;7;5820;48;0.4;0.0
78;2021-01-16;32;1;5852;49;0.4;0.0
78;2021-01-17;0;0;5852;49;0.4;0.0
78;2021-01-18;1381;22;7233;71;0.5;0.0
78;2021-01-19;1840;27;9073;98;0.6;0.0
78;2021-01-20;1646;14;10719;112;0.7;0.0
78;2021-01-21;3245;13;13964;125;1.0;0.0
78;2021-01-22;2212;16;16176;141;1.1;0.0
78;2021-01-23;279;0;16455;141;1.1;0.0
78;2021-01-24;5;0;16460;141;1.1;0.0
78;2021-01-25;958;33;17418;174;1.2;0.0
78;2021-01-26;1558;19;18976;193;1.3;0.0
78;2021-01-27;2059;47;21035;240;1.5;0.0
78;2021-01-28;2433;105;23468;345;1.6;0.0
78;2021-01-29;1488;64;24956;409;1.7;0.0
78;2021-01-30;210;3;25166;412;1.7;0.0
78;2021-01-31;3;0;25169;412;1.7;0.0
78;2021-02-01;786;225;25955;637;1.8;0.0
78;2021-02-02;968;347;26923;984;1.9;0.1
78;2021-02-03;975;241;27898;1225;1.9;0.1
78;2021-02-04;1116;446;29014;1671;2.0;0.1
78;2021-02-05;1189;512;30203;2183;2.1;0.2
78;2021-02-06;197;44;30400;2227;2.1;0.2
78;2021-02-07;139;13;30539;2240;2.1;0.2
78;2021-02-08;760;612;31299;2852;2.2;0.2
78;2021-02-09;1122;942;32421;3794;2.2;0.3
78;2021-02-10;1248;1181;33669;4975;2.3;0.3
78;2021-02-11;1818;1901;35487;6876;2.4;0.5
78;2021-02-12;1818;1417;37305;8293;2.6;0.6
78;2021-02-13;172;80;37477;8373;2.6;0.6
78;2021-02-14;26;25;37503;8398;2.6;0.6
78;2021-02-15;446;1441;37949;9839;2.6;0.7
78;2021-02-16;627;1558;38576;11397;2.7;0.8
78;2021-02-17;584;2224;39160;13621;2.7;0.9
78;2021-02-18;996;2283;40156;15904;2.8;1.1
78;2021-02-19;819;1737;40975;17641;2.8;1.2
78;2021-02-20;147;124;41122;17765;2.8;1.2
78;2021-02-21;0;12;41122;17777;2.8;1.2
78;2021-02-22;498;1059;41620;18836;2.9;1.3
78;2021-02-23;540;1123;42160;19959;2.9;1.4
78;2021-02-24;619;1238;42779;21197;3.0;1.5
78;2021-02-25;862;1159;43641;22356;3.0;1.5
78;2021-02-26;1132;1243;44773;23599;3.1;1.6
78;2021-02-27;739;148;45512;23747;3.1;1.6
78;2021-02-28;65;18;45577;23765;3.1;1.6
78;2021-03-01;963;905;46540;24670;3.2;1.7
78;2021-03-02;1723;1051;48263;25721;3.3;1.8
78;2021-03-03;1964;1224;50227;26945;3.5;1.9
78;2021-03-04;2945;1578;53172;28523;3.7;2.0
78;2021-03-05;3250;1647;56422;30170;3.9;2.1
78;2021-03-06;6239;271;62661;30441;4.3;2.1
78;2021-03-07;3444;83;66105;30524;4.6;2.1
78;2021-03-08;1453;758;67558;31282;4.7;2.2
78;2021-03-09;2937;899;70495;32181;4.9;2.2
78;2021-03-10;3070;1105;73565;33286;5.1;2.3
78;2021-03-11;4175;1302;77740;34588;5.4;2.4
78;2021-03-12;5369;1328;83109;35916;5.7;2.5
78;2021-03-13;4651;181;87760;36097;6.1;2.5
78;2021-03-14;1034;37;88794;36134;6.1;2.5
78;2021-03-15;3622;263;92416;36397;6.4;2.5
78;2021-03-16;2562;553;94978;36950;6.6;2.6
78;2021-03-17;2965;430;97943;37380;6.8;2.6
78;2021-03-18;3779;422;101722;37802;7.0;2.6
78;2021-03-19;5315;477;107037;38279;7.4;2.6
78;2021-03-20;2256;119;109293;38398;7.5;2.7
78;2021-03-21;163;7;109456;38405;7.6;2.7
78;2021-03-22;3522;374;112978;38779;7.8;2.7
78;2021-03-23;5227;534;118205;39313;8.2;2.7
78;2021-03-24;4891;535;123096;39848;8.5;2.8
78;2021-03-25;6935;554;130031;40402;9.0;2.8
78;2021-03-26;6935;700;136966;41102;9.5;2.8
78;2021-03-27;3742;182;140708;41284;9.7;2.8
78;2021-03-28;1918;42;142626;41326;9.8;2.9
78;2021-03-29;3864;755;146490;42081;10.1;2.9
78;2021-03-30;5522;1049;152012;43130;10.5;3.0
78;2021-03-31;5328;1275;157340;44405;10.9;3.1
78;2021-04-01;5592;2326;162932;46731;11.2;3.2
78;2021-04-02;5192;2621;168124;49352;11.6;3.4
78;2021-04-03;2197;2555;170321;51907;11.8;3.6
78;2021-04-04;172;14;170493;51921;11.8;3.6
78;2021-04-05;198;18;170691;51939;11.8;3.6
78;2021-04-06;3616;2300;174307;54239;12.0;3.7
78;2021-04-07;4356;2583;178663;56822;12.3;3.9
78;2021-04-08;5521;2660;184184;59482;12.7;4.1
78;2021-04-09;6902;2435;191086;61917;13.2;4.3
78;2021-04-10;3993;1892;195079;63809;13.5;4.4
78;2021-04-11;372;606;195451;64415;13.5;4.4
78;2021-04-12;3529;2364;198980;66779;13.7;4.6
78;2021-04-13;5458;2488;204438;69267;14.1;4.8
78;2021-04-14;4952;3379;209390;72646;14.5;5.0
78;2021-04-15;4612;3838;214002;76484;14.8;5.3
78;2021-04-16;5630;4012;219632;80496;15.2;5.6
78;2021-04-17;3614;712;223246;81208;15.4;5.6
78;2021-04-18;272;42;223518;81250;15.4;5.6
78;2021-04-19;3242;2814;226760;84064;15.7;5.8
78;2021-04-20;4708;3687;231468;87751;16.0;6.1
78;2021-04-21;4530;3498;235998;91249;16.3;6.3
78;2021-04-22;4569;4682;240567;95931;16.6;6.6
78;2021-04-23;5049;4420;245616;100351;17.0;6.9
78;2021-04-24;4866;2622;250482;102973;17.3;7.1
78;2021-04-25;3042;1728;253524;104701;17.5;7.2
78;2021-04-26;4768;3318;258292;108019;17.8;7.5
78;2021-04-27;5466;4310;263758;112329;18.2;7.8
78;2021-04-28;5649;4782;269407;117111;18.6;8.1
78;2021-04-29;6256;4057;275663;121168;19.0;8.4
78;2021-04-30;7205;4446;282868;125614;19.5;8.7
78;2021-05-01;612;255;283480;125869;19.6;8.7
78;2021-05-02;2006;163;285486;126032;19.7;8.7
78;2021-05-03;7456;1271;292942;127303;20.2;8.8
78;2021-05-04;6077;3979;299019;131282;20.6;9.1
78;2021-05-05;7292;4544;306311;135826;21.1;9.4
78;2021-05-06;6475;5171;312786;140997;21.6;9.7
78;2021-05-07;8311;5144;321097;146141;22.2;10.1
78;2021-05-08;2916;1450;324013;147591;22.4;10.2
78;2021-05-09;2817;347;326830;147938;22.6;10.2
78;2021-05-10;7343;4455;334173;152393;23.1;10.5
78;2021-05-11;8141;5409;342314;157802;23.6;10.9
78;2021-05-12;8727;3908;351041;161710;24.2;11.2
78;2021-05-13;6631;599;357672;162309;24.7;11.2
78;2021-05-14;10214;2215;367886;164524;25.4;11.4
78;2021-05-15;4934;2367;372820;166891;25.7;11.5
78;2021-05-16;3695;792;376515;167683;26.0;11.6
78;2021-05-17;8740;1342;385255;169025;26.6;11.7
78;2021-05-18;9882;1872;395137;170897;27.3;11.8
78;2021-05-19;11646;1704;406783;172601;28.1;11.9
78;2021-05-20;11588;2264;418371;174865;28.9;12.1
78;2021-05-21;12126;2628;430497;177493;29.7;12.3
78;2021-05-22;6545;1374;437042;178867;30.2;12.3
78;2021-05-23;3124;384;440166;179251;30.4;12.4
78;2021-05-24;3521;416;443687;179667;30.6;12.4
78;2021-05-25;9986;2501;453673;182168;31.3;12.6
78;2021-05-26;10163;3778;463836;185946;32.0;12.8
78;2021-05-27;10954;4643;474790;190589;32.8;13.2
78;2021-05-28;11414;6013;486204;196602;33.6;13.6
78;2021-05-29;4225;3384;490429;199986;33.9;13.8
78;2021-05-30;134;346;490563;200332;33.9;13.8
78;2021-05-31;7970;5359;498533;205691;34.4;14.2
78;2021-06-01;10032;6526;508565;212217;35.1;14.6
78;2021-06-02;8578;6210;517143;218427;35.7;15.1
78;2021-06-03;9893;6474;527036;224901;36.4;15.5
78;2021-06-04;9789;8146;536825;233047;37.1;16.1
78;2021-06-05;5514;6139;542339;239186;37.4;16.5
78;2021-06-06;2147;2011;544486;241197;37.6;16.7
78;2021-06-07;8122;6517;552608;247714;38.1;17.1
78;2021-06-08;8059;7315;560667;255029;38.7;17.6
78;2021-06-09;7317;6726;567984;261755;39.2;18.1
78;2021-06-10;7077;7099;575061;268854;39.7;18.6
78;2021-06-11;7575;8177;582636;277031;40.2;19.1
78;2021-06-12;6370;2917;589006;279948;40.7;19.3
78;2021-06-13;943;2459;589949;282407;40.7;19.5
78;2021-06-14;3400;9810;593349;292217;41.0;20.2
78;2021-06-15;5784;8286;599133;300503;41.4;20.7
78;2021-06-16;5410;8633;604543;309136;41.7;21.3
78;2021-06-17;5479;8533;610022;317669;42.1;21.9
78;2021-06-18;6087;9784;616109;327453;42.5;22.6
78;2021-06-19;5220;4816;621329;332269;42.9;22.9
78;2021-06-20;624;2835;621953;335104;42.9;23.1
78;2021-06-21;4071;9464;626024;344568;43.2;23.8
78;2021-06-22;3337;10314;629361;354882;43.4;24.5
78;2021-06-23;3828;10388;633189;365270;43.7;25.2
78;2021-06-24;3787;9975;636976;375245;44.0;25.9
78;2021-06-25;3997;13151;640973;388396;44.2;26.8
78;2021-06-26;4212;7952;645185;396348;44.5;27.4
78;2021-06-27;1038;2542;646223;398890;44.6;27.5
78;2021-06-28;3287;10900;649510;409790;44.8;28.3
78;2021-06-29;3532;11246;653042;421036;45.1;29.1
78;2021-06-30;4109;13226;657151;434262;45.4;30.0
78;2021-07-01;3928;12692;661079;446954;45.6;30.9
78;2021-07-02;4174;13929;665253;460883;45.9;31.8
78;2021-07-03;3146;8624;668399;469507;46.1;32.4
78;2021-07-04;758;1742;669157;471249;46.2;32.5
78;2021-07-05;3272;9687;672429;480936;46.4;33.2
78;2021-07-06;3496;12042;675925;492978;46.7;34.0
78;2021-07-07;3740;11608;679665;504586;46.9;34.8
78;2021-07-08;3855;11676;683520;516262;47.2;35.6
78;2021-07-09;4387;12730;687907;528992;47.5;36.5
78;2021-07-10;2613;6600;690520;535592;47.7;37.0
78;2021-07-11;745;2052;691265;537644;47.7;37.1
78;2021-07-12;2984;11741;694249;549385;47.9;37.9
78;2021-07-13;5272;11965;699521;561350;48.3;38.8
78;2021-07-14;2522;4969;702043;566319;48.5;39.1
78;2021-07-15;5638;11941;707681;578260;48.9;39.9
78;2021-07-16;7242;10756;714923;589016;49.4;40.7
78;2021-07-17;4705;4882;719628;593898;49.7;41.0
78;2021-07-18;1119;453;720747;594351;49.8;41.0
78;2021-07-19;3824;10339;724571;604690;50.0;41.7
78;2021-07-20;5545;9898;730116;614588;50.4;42.4
78;2021-07-21;5875;9833;735991;624421;50.8;43.1
78;2021-07-22;5924;9281;741915;633702;51.2;43.7
78;2021-07-23;6166;9181;748081;642883;51.6;44.4
78;2021-07-24;2923;4953;751004;647836;51.8;44.7
78;2021-07-25;980;372;751984;648208;51.9;44.7
78;2021-07-26;4822;6944;756806;655152;52.2;45.2
78;2021-07-27;7537;6872;764343;662024;52.8;45.7
78;2021-07-28;6916;5905;771259;667929;53.2;46.1
78;2021-07-29;7870;5958;779129;673887;53.8;46.5
78;2021-07-30;7622;7004;786751;680891;54.3;47.0
78;2021-07-31;2633;2717;789384;683608;54.5;47.2
78;2021-08-01;98;68;789482;683676;54.5;47.2
78;2021-08-02;2349;2087;791831;685763;54.7;47.3
78;2021-08-03;4146;4217;795977;689980;54.9;47.6
79;2020-12-27;0;0;0;0;0.0;0.0
79;2020-12-28;3;0;3;0;0.0;0.0
79;2020-12-29;0;0;3;0;0.0;0.0
79;2020-12-30;0;0;3;0;0.0;0.0
79;2020-12-31;0;0;3;0;0.0;0.0
79;2021-01-01;0;0;3;0;0.0;0.0
79;2021-01-02;0;0;3;0;0.0;0.0
79;2021-01-03;0;0;3;0;0.0;0.0
79;2021-01-04;1;0;4;0;0.0;0.0
79;2021-01-05;0;0;4;0;0.0;0.0
79;2021-01-06;0;0;4;0;0.0;0.0
79;2021-01-07;158;0;162;0;0.0;0.0
79;2021-01-08;165;0;327;0;0.1;0.0
79;2021-01-09;98;0;425;0;0.1;0.0
79;2021-01-10;3;0;428;0;0.1;0.0
79;2021-01-11;184;1;612;1;0.2;0.0
79;2021-01-12;246;2;858;3;0.2;0.0
79;2021-01-13;258;0;1116;3;0.3;0.0
79;2021-01-14;502;7;1618;10;0.4;0.0
79;2021-01-15;616;4;2234;14;0.6;0.0
79;2021-01-16;66;0;2300;14;0.6;0.0
79;2021-01-17;0;0;2300;14;0.6;0.0
79;2021-01-18;477;1;2777;15;0.7;0.0
79;2021-01-19;1351;0;4128;15;1.1;0.0
79;2021-01-20;1645;1;5773;16;1.5;0.0
79;2021-01-21;1997;6;7770;22;2.1;0.0
79;2021-01-22;873;3;8643;25;2.3;0.0
79;2021-01-23;65;0;8708;25;2.3;0.0
79;2021-01-24;0;0;8708;25;2.3;0.0
79;2021-01-25;643;7;9351;32;2.5;0.0
79;2021-01-26;581;12;9932;44;2.7;0.0
79;2021-01-27;741;83;10673;127;2.9;0.0
79;2021-01-28;731;150;11404;277;3.1;0.1
79;2021-01-29;490;88;11894;365;3.2;0.1
79;2021-01-30;0;0;11894;365;3.2;0.1
79;2021-01-31;0;0;11894;365;3.2;0.1
79;2021-02-01;206;111;12100;476;3.2;0.1
79;2021-02-02;324;72;12424;548;3.3;0.1
79;2021-02-03;389;60;12813;608;3.4;0.2
79;2021-02-04;323;110;13136;718;3.5;0.2
79;2021-02-05;356;274;13492;992;3.6;0.3
79;2021-02-06;3;0;13495;992;3.6;0.3
79;2021-02-07;22;0;13517;992;3.6;0.3
79;2021-02-08;283;169;13800;1161;3.7;0.3
79;2021-02-09;457;786;14257;1947;3.8;0.5
79;2021-02-10;618;1197;14875;3144;4.0;0.8
79;2021-02-11;777;1236;15652;4380;4.2;1.2
79;2021-02-12;468;770;16120;5150;4.3;1.4
79;2021-02-13;53;74;16173;5224;4.3;1.4
79;2021-02-14;0;0;16173;5224;4.3;1.4
79;2021-02-15;186;507;16359;5731;4.4;1.5
79;2021-02-16;333;734;16692;6465;4.5;1.7
79;2021-02-17;247;880;16939;7345;4.5;2.0
79;2021-02-18;353;947;17292;8292;4.6;2.2
79;2021-02-19;267;565;17559;8857;4.7;2.4
79;2021-02-20;4;22;17563;8879;4.7;2.4
79;2021-02-21;1;0;17564;8879;4.7;2.4
79;2021-02-22;137;464;17701;9343;4.8;2.5
79;2021-02-23;248;570;17949;9913;4.8;2.7
79;2021-02-24;245;543;18194;10456;4.9;2.8
79;2021-02-25;516;471;18710;10927;5.0;2.9
79;2021-02-26;598;402;19308;11329;5.2;3.0
79;2021-02-27;406;5;19714;11334;5.3;3.0
79;2021-02-28;34;0;19748;11334;5.3;3.0
79;2021-03-01;89;360;19837;11694;5.3;3.1
79;2021-03-02;303;507;20140;12201;5.4;3.3
79;2021-03-03;659;540;20799;12741;5.6;3.4
79;2021-03-04;904;568;21703;13309;5.8;3.6
79;2021-03-05;1216;440;22919;13749;6.2;3.7
79;2021-03-06;610;4;23529;13753;6.3;3.7
79;2021-03-07;77;0;23606;13753;6.3;3.7
79;2021-03-08;344;309;23950;14062;6.4;3.8
79;2021-03-09;841;340;24791;14402;6.7;3.9
79;2021-03-10;1144;401;25935;14803;7.0;4.0
79;2021-03-11;1638;318;27573;15121;7.4;4.1
79;2021-03-12;1717;117;29290;15238;7.9;4.1
79;2021-03-13;1135;11;30425;15249;8.2;4.1
79;2021-03-14;50;0;30475;15249;8.2;4.1
79;2021-03-15;496;158;30971;15407;8.3;4.1
79;2021-03-16;734;143;31705;15550;8.5;4.2
79;2021-03-17;576;108;32281;15658;8.7;4.2
79;2021-03-18;553;199;32834;15857;8.8;4.3
79;2021-03-19;662;255;33496;16112;9.0;4.3
79;2021-03-20;1006;12;34502;16124;9.3;4.3
79;2021-03-21;3;0;34505;16124;9.3;4.3
79;2021-03-22;954;201;35459;16325;9.5;4.4
79;2021-03-23;1589;170;37048;16495;9.9;4.4
79;2021-03-24;1828;152;38876;16647;10.4;4.5
79;2021-03-25;2498;183;41374;16830;11.1;4.5
79;2021-03-26;2401;134;43775;16964;11.7;4.6
79;2021-03-27;769;16;44544;16980;12.0;4.6
79;2021-03-28;1;0;44545;16980;12.0;4.6
79;2021-03-29;2147;111;46692;17091;12.5;4.6
79;2021-03-30;2816;59;49508;17150;13.3;4.6
79;2021-03-31;2778;381;52286;17531;14.0;4.7
79;2021-04-01;2694;375;54980;17906;14.8;4.8
79;2021-04-02;2822;386;57802;18292;15.5;4.9
79;2021-04-03;633;53;58435;18345;15.7;4.9
79;2021-04-04;3;0;58438;18345;15.7;4.9
79;2021-04-05;380;4;58818;18349;15.8;4.9
79;2021-04-06;1792;582;60610;18931;16.3;5.1
79;2021-04-07;3115;728;63725;19659;17.1;5.3
79;2021-04-08;2628;688;66353;20347;17.8;5.5
79;2021-04-09;3736;537;70089;20884;18.8;5.6
79;2021-04-10;1461;379;71550;21263;19.2;5.7
79;2021-04-11;4;0;71554;21263;19.2;5.7
79;2021-04-12;1753;352;73307;21615;19.7;5.8
79;2021-04-13;2174;744;75481;22359;20.3;6.0
79;2021-04-14;2479;668;77960;23027;20.9;6.2
79;2021-04-15;2215;662;80175;23689;21.5;6.4
79;2021-04-16;1414;439;81589;24128;21.9;6.5
79;2021-04-17;581;350;82170;24478;22.1;6.6
79;2021-04-18;1;14;82171;24492;22.1;6.6
79;2021-04-19;1089;841;83260;25333;22.3;6.8
79;2021-04-20;1506;1229;84766;26562;22.7;7.1
79;2021-04-21;1417;1435;86183;27997;23.1;7.5
79;2021-04-22;1571;1079;87754;29076;23.6;7.8
79;2021-04-23;1318;1186;89072;30262;23.9;8.1
79;2021-04-24;651;462;89723;30724;24.1;8.2
79;2021-04-25;0;0;89723;30724;24.1;8.2
79;2021-04-26;1343;1812;91066;32536;24.4;8.7
79;2021-04-27;1898;2348;92964;34884;24.9;9.4
79;2021-04-28;1457;2864;94421;37748;25.3;10.1
79;2021-04-29;2107;2255;96528;40003;25.9;10.7
79;2021-04-30;2113;2453;98641;42456;26.5;11.4
79;2021-05-01;519;377;99160;42833;26.6;11.5
79;2021-05-02;1;11;99161;42844;26.6;11.5
79;2021-05-03;1181;1290;100342;44134;26.9;11.8
79;2021-05-04;1734;2322;102076;46456;27.4;12.5
79;2021-05-05;1695;2483;103771;48939;27.8;13.1
79;2021-05-06;2318;2210;106089;51149;28.5;13.7
79;2021-05-07;2084;2798;108173;53947;29.0;14.5
79;2021-05-08;200;508;108373;54455;29.1;14.6
79;2021-05-09;0;0;108373;54455;29.1;14.6
79;2021-05-10;1584;1784;109957;56239;29.5;15.1
79;2021-05-11;2311;1648;112268;57887;30.1;15.5
79;2021-05-12;1996;2676;114264;60563;30.7;16.3
79;2021-05-13;640;289;114904;60852;30.8;16.3
79;2021-05-14;2100;671;117004;61523;31.4;16.5
79;2021-05-15;1399;498;118403;62021;31.8;16.6
79;2021-05-16;1;22;118404;62043;31.8;16.7
79;2021-05-17;1873;1081;120277;63124;32.3;16.9
79;2021-05-18;2969;1268;123246;64392;33.1;17.3
79;2021-05-19;2895;966;126141;65358;33.9;17.5
79;2021-05-20;3103;1244;129244;66602;34.7;17.9
79;2021-05-21;2768;1063;132012;67665;35.4;18.2
79;2021-05-22;1084;260;133096;67925;35.7;18.2
79;2021-05-23;1;0;133097;67925;35.7;18.2
79;2021-05-24;161;20;133258;67945;35.8;18.2
79;2021-05-25;3199;985;136457;68930;36.6;18.5
79;2021-05-26;3314;850;139771;69780;37.5;18.7
79;2021-05-27;3586;1715;143357;71495;38.5;19.2
79;2021-05-28;3329;1819;146686;73314;39.4;19.7
79;2021-05-29;1073;450;147759;73764;39.7;19.8
79;2021-05-30;3;1;147762;73765;39.7;19.8
79;2021-05-31;2382;731;150144;74496;40.3;20.0
79;2021-06-01;3017;1573;153161;76069;41.1;20.4
79;2021-06-02;4061;1166;157222;77235;42.2;20.7
79;2021-06-03;4081;1750;161303;78985;43.3;21.2
79;2021-06-04;4144;2032;165447;81017;44.4;21.7
79;2021-06-05;2801;757;168248;81774;45.2;21.9
79;2021-06-06;696;38;168944;81812;45.3;22.0
79;2021-06-07;2811;1412;171755;83224;46.1;22.3
79;2021-06-08;2981;2066;174736;85290;46.9;22.9
79;2021-06-09;3628;1937;178364;87227;47.9;23.4
79;2021-06-10;3017;1973;181381;89200;48.7;23.9
79;2021-06-11;3767;2314;185148;91514;49.7;24.6
79;2021-06-12;1707;608;186855;92122;50.1;24.7
79;2021-06-13;214;24;187069;92146;50.2;24.7
79;2021-06-14;1246;1691;188315;93837;50.5;25.2
79;2021-06-15;1881;2362;190196;96199;51.0;25.8
79;2021-06-16;2200;2246;192396;98445;51.6;26.4
79;2021-06-17;2235;2615;194631;101060;52.2;27.1
79;2021-06-18;2410;2319;197041;103379;52.9;27.7
79;2021-06-19;1244;581;198285;103960;53.2;27.9
79;2021-06-20;3;2;198288;103962;53.2;27.9
79;2021-06-21;1230;2282;199518;106244;53.5;28.5
79;2021-06-22;1542;2872;201060;109116;54.0;29.3
79;2021-06-23;1760;2546;202820;111662;54.4;30.0
79;2021-06-24;2091;2004;204911;113666;55.0;30.5
79;2021-06-25;1480;2841;206391;116507;55.4;31.3
79;2021-06-26;866;808;207257;117315;55.6;31.5
79;2021-06-27;13;6;207270;117321;55.6;31.5
79;2021-06-28;1048;2620;208318;119941;55.9;32.2
79;2021-06-29;1450;3547;209768;123488;56.3;33.1
79;2021-06-30;1345;3446;211113;126934;56.7;34.1
79;2021-07-01;1167;3783;212280;130717;57.0;35.1
79;2021-07-02;1462;3346;213742;134063;57.4;36.0
79;2021-07-03;397;1504;214139;135567;57.5;36.4
79;2021-07-04;1;9;214140;135576;57.5;36.4
79;2021-07-05;742;2122;214882;137698;57.7;37.0
79;2021-07-06;940;3665;215822;141363;57.9;37.9
79;2021-07-07;1321;4311;217143;145674;58.3;39.1
79;2021-07-08;1076;4051;218219;149725;58.6;40.2
79;2021-07-09;833;3722;219052;153447;58.8;41.2
79;2021-07-10;510;1318;219562;154765;58.9;41.5
79;2021-07-11;1;12;219563;154777;58.9;41.5
79;2021-07-12;539;3696;220102;158473;59.1;42.5
79;2021-07-13;997;5197;221099;163670;59.3;43.9
79;2021-07-14;132;875;221231;164545;59.4;44.2
79;2021-07-15;1216;4681;222447;169226;59.7;45.4
79;2021-07-16;1322;4359;223769;173585;60.1;46.6
79;2021-07-17;564;2418;224333;176003;60.2;47.2
79;2021-07-18;43;498;224376;176501;60.2;47.4
79;2021-07-19;731;3320;225107;179821;60.4;48.3
79;2021-07-20;1222;3951;226329;183772;60.7;49.3
79;2021-07-21;1173;4197;227502;187969;61.1;50.4
79;2021-07-22;1342;3987;228844;191956;61.4;51.5
79;2021-07-23;1346;4561;230190;196517;61.8;52.7
79;2021-07-24;863;1498;231053;198015;62.0;53.1
79;2021-07-25;55;326;231108;198341;62.0;53.2
79;2021-07-26;1365;2594;232473;200935;62.4;53.9
79;2021-07-27;2076;2993;234549;203928;62.9;54.7
79;2021-07-28;2483;2491;237032;206419;63.6;55.4
79;2021-07-29;2994;2851;240026;209270;64.4;56.2
79;2021-07-30;2129;2822;242155;212092;65.0;56.9
79;2021-07-31;876;1154;243031;213246;65.2;57.2
79;2021-08-01;3;3;243034;213249;65.2;57.2
79;2021-08-02;1785;1539;244819;214788;65.7;57.6
79;2021-08-03;2793;2031;247612;216819;66.5;58.2
80;2020-12-27;0;0;0;0;0.0;0.0
80;2020-12-28;0;0;0;0;0.0;0.0
80;2020-12-29;11;0;11;0;0.0;0.0
80;2020-12-30;0;0;11;0;0.0;0.0
80;2020-12-31;0;0;11;0;0.0;0.0
80;2021-01-01;0;0;11;0;0.0;0.0
80;2021-01-02;0;0;11;0;0.0;0.0
80;2021-01-03;1;0;12;0;0.0;0.0
80;2021-01-04;0;0;12;0;0.0;0.0
80;2021-01-05;0;0;12;0;0.0;0.0
80;2021-01-06;30;0;42;0;0.0;0.0
80;2021-01-07;276;2;318;2;0.1;0.0
80;2021-01-08;330;0;648;2;0.1;0.0
80;2021-01-09;108;0;756;2;0.1;0.0
80;2021-01-10;21;0;777;2;0.1;0.0
80;2021-01-11;276;0;1053;2;0.2;0.0
80;2021-01-12;428;1;1481;3;0.3;0.0
80;2021-01-13;514;3;1995;6;0.4;0.0
80;2021-01-14;453;4;2448;10;0.4;0.0
80;2021-01-15;330;1;2778;11;0.5;0.0
80;2021-01-16;103;1;2881;12;0.5;0.0
80;2021-01-17;102;1;2983;13;0.5;0.0
80;2021-01-18;412;2;3395;15;0.6;0.0
80;2021-01-19;962;16;4357;31;0.8;0.0
80;2021-01-20;1086;4;5443;35;1.0;0.0
80;2021-01-21;1011;8;6454;43;1.1;0.0
80;2021-01-22;1113;4;7567;47;1.3;0.0
80;2021-01-23;908;0;8475;47;1.5;0.0
80;2021-01-24;824;4;9299;51;1.6;0.0
80;2021-01-25;1539;7;10838;58;1.9;0.0
80;2021-01-26;1479;10;12317;68;2.2;0.0
80;2021-01-27;822;28;13139;96;2.3;0.0
80;2021-01-28;623;175;13762;271;2.4;0.0
80;2021-01-29;637;219;14399;490;2.5;0.1
80;2021-01-30;85;60;14484;550;2.5;0.1
80;2021-01-31;0;0;14484;550;2.5;0.1
80;2021-02-01;26;258;14510;808;2.5;0.1
80;2021-02-02;21;446;14531;1254;2.6;0.2
80;2021-02-03;29;542;14560;1796;2.6;0.3
80;2021-02-04;277;349;14837;2145;2.6;0.4
80;2021-02-05;347;211;15184;2356;2.7;0.4
80;2021-02-06;167;70;15351;2426;2.7;0.4
80;2021-02-07;1;0;15352;2426;2.7;0.4
80;2021-02-08;425;241;15777;2667;2.8;0.5
80;2021-02-09;686;245;16463;2912;2.9;0.5
80;2021-02-10;606;495;17069;3407;3.0;0.6
80;2021-02-11;861;352;17930;3759;3.1;0.7
80;2021-02-12;943;314;18873;4073;3.3;0.7
80;2021-02-13;195;428;19068;4501;3.3;0.8
80;2021-02-14;78;572;19146;5073;3.4;0.9
80;2021-02-15;605;1018;19751;6091;3.5;1.1
80;2021-02-16;688;1137;20439;7228;3.6;1.3
80;2021-02-17;484;1172;20923;8400;3.7;1.5
80;2021-02-18;569;1137;21492;9537;3.8;1.7
80;2021-02-19;503;850;21995;10387;3.9;1.8
80;2021-02-20;22;516;22017;10903;3.9;1.9
80;2021-02-21;47;49;22064;10952;3.9;1.9
80;2021-02-22;149;576;22213;11528;3.9;2.0
80;2021-02-23;471;693;22684;12221;4.0;2.1
80;2021-02-24;431;678;23115;12899;4.1;2.3
80;2021-02-25;815;541;23930;13440;4.2;2.4
80;2021-02-26;1062;519;24992;13959;4.4;2.4
80;2021-02-27;476;73;25468;14032;4.5;2.5
80;2021-02-28;49;23;25517;14055;4.5;2.5
80;2021-03-01;728;65;26245;14120;4.6;2.5
80;2021-03-02;1014;89;27259;14209;4.8;2.5
80;2021-03-03;980;53;28239;14262;5.0;2.5
80;2021-03-04;1390;234;29629;14496;5.2;2.5
80;2021-03-05;1871;325;31500;14821;5.5;2.6
80;2021-03-06;2918;316;34418;15137;6.0;2.7
80;2021-03-07;1841;68;36259;15205;6.4;2.7
80;2021-03-08;714;605;36973;15810;6.5;2.8
80;2021-03-09;1309;907;38282;16717;6.7;2.9
80;2021-03-10;1722;745;40004;17462;7.0;3.1
80;2021-03-11;1908;819;41912;18281;7.4;3.2
80;2021-03-12;3137;729;45049;19010;7.9;3.3
80;2021-03-13;4006;192;49055;19202;8.6;3.4
80;2021-03-14;350;12;49405;19214;8.7;3.4
80;2021-03-15;1014;247;50419;19461;8.8;3.4
80;2021-03-16;882;335;51301;19796;9.0;3.5
80;2021-03-17;663;275;51964;20071;9.1;3.5
80;2021-03-18;1000;293;52964;20364;9.3;3.6
80;2021-03-19;1738;381;54702;20745;9.6;3.6
80;2021-03-20;3821;104;58523;20849;10.3;3.7
80;2021-03-21;488;30;59011;20879;10.4;3.7
80;2021-03-22;902;287;59913;21166;10.5;3.7
80;2021-03-23;1713;408;61626;21574;10.8;3.8
80;2021-03-24;1754;462;63380;22036;11.1;3.9
80;2021-03-25;2713;445;66093;22481;11.6;3.9
80;2021-03-26;3102;421;69195;22902;12.1;4.0
80;2021-03-27;2232;222;71427;23124;12.5;4.1
80;2021-03-28;675;90;72102;23214;12.7;4.1
80;2021-03-29;1981;745;74083;23959;13.0;4.2
80;2021-03-30;1970;870;76053;24829;13.3;4.4
80;2021-03-31;1495;985;77548;25814;13.6;4.5
80;2021-04-01;1951;1482;79499;27296;14.0;4.8
80;2021-04-02;2812;1571;82311;28867;14.4;5.1
80;2021-04-03;3042;855;85353;29722;15.0;5.2
80;2021-04-04;133;6;85486;29728;15.0;5.2
80;2021-04-05;684;199;86170;29927;15.1;5.3
80;2021-04-06;1280;967;87450;30894;15.3;5.4
80;2021-04-07;1624;1199;89074;32093;15.6;5.6
80;2021-04-08;2155;837;91229;32930;16.0;5.8
80;2021-04-09;3529;1346;94758;34276;16.6;6.0
80;2021-04-10;2735;1940;97493;36216;17.1;6.4
80;2021-04-11;189;175;97682;36391;17.1;6.4
80;2021-04-12;1808;483;99490;36874;17.5;6.5
80;2021-04-13;2381;1034;101871;37908;17.9;6.7
80;2021-04-14;2765;1138;104636;39046;18.4;6.9
80;2021-04-15;3731;862;108367;39908;19.0;7.0
80;2021-04-16;3334;860;111701;40768;19.6;7.2
80;2021-04-17;1652;2298;113353;43066;19.9;7.6
80;2021-04-18;372;386;113725;43452;20.0;7.6
80;2021-04-19;953;775;114678;44227;20.1;7.8
80;2021-04-20;1612;809;116290;45036;20.4;7.9
80;2021-04-21;1613;997;117903;46033;20.7;8.1
80;2021-04-22;2164;1251;120067;47284;21.1;8.3
80;2021-04-23;2639;1247;122706;48531;21.5;8.5
80;2021-04-24;1359;1189;124065;49720;21.8;8.7
80;2021-04-25;209;530;124274;50250;21.8;8.8
80;2021-04-26;1294;1442;125568;51692;22.0;9.1
80;2021-04-27;2024;1396;127592;53088;22.4;9.3
80;2021-04-28;2200;1396;129792;54484;22.8;9.6
80;2021-04-29;3215;1878;133007;56362;23.3;9.9
80;2021-04-30;3076;2848;136083;59210;23.9;10.4
80;2021-05-01;988;656;137071;59866;24.1;10.5
80;2021-05-02;370;52;137441;59918;24.1;10.5
80;2021-05-03;2721;1179;140162;61097;24.6;10.7
80;2021-05-04;2498;1707;142660;62804;25.0;11.0
80;2021-05-05;3364;1895;146024;64699;25.6;11.4
80;2021-05-06;3173;2546;149197;67245;26.2;11.8
80;2021-05-07;3454;2691;152651;69936;26.8;12.3
80;2021-05-08;2783;922;155434;70858;27.3;12.4
80;2021-05-09;1408;264;156842;71122;27.5;12.5
80;2021-05-10;1882;1831;158724;72953;27.9;12.8
80;2021-05-11;3275;1794;161999;74747;28.4;13.1
80;2021-05-12;4700;1568;166699;76315;29.3;13.4
80;2021-05-13;3834;362;170533;76677;29.9;13.5
80;2021-05-14;5190;1395;175723;78072;30.8;13.7
80;2021-05-15;5919;1051;181642;79123;31.9;13.9
80;2021-05-16;2679;305;184321;79428;32.4;13.9
80;2021-05-17;2369;817;186690;80245;32.8;14.1
80;2021-05-18;3948;849;190638;81094;33.5;14.2
80;2021-05-19;4014;943;194652;82037;34.2;14.4
80;2021-05-20;4566;1217;199218;83254;35.0;14.6
80;2021-05-21;4891;1666;204109;84920;35.8;14.9
80;2021-05-22;5032;1156;209141;86076;36.7;15.1
80;2021-05-23;1784;239;210925;86315;37.0;15.1
80;2021-05-24;1467;160;212392;86475;37.3;15.2
80;2021-05-25;2621;1134;215013;87609;37.7;15.4
80;2021-05-26;4247;1695;219260;89304;38.5;15.7
80;2021-05-27;3976;2472;223236;91776;39.2;16.1
80;2021-05-28;3864;2976;227100;94752;39.9;16.6
80;2021-05-29;3699;1623;230799;96375;40.5;16.9
80;2021-05-30;1182;198;231981;96573;40.7;16.9
80;2021-05-31;2602;1374;234583;97947;41.2;17.2
80;2021-06-01;4030;2432;238613;100379;41.9;17.6
80;2021-06-02;3335;2005;241948;102384;42.5;18.0
80;2021-06-03;4265;2927;246213;105311;43.2;18.5
80;2021-06-04;4794;3078;251007;108389;44.1;19.0
80;2021-06-05;3557;2078;254564;110467;44.7;19.4
80;2021-06-06;801;209;255365;110676;44.8;19.4
80;2021-06-07;1746;1943;257111;112619;45.1;19.8
80;2021-06-08;2743;2552;259854;115171;45.6;20.2
80;2021-06-09;3005;2729;262859;117900;46.1;20.7
80;2021-06-10;3164;3167;266023;121067;46.7;21.2
80;2021-06-11;3220;3889;269243;124956;47.3;21.9
80;2021-06-12;3041;2325;272284;127281;47.8;22.3
80;2021-06-13;472;404;272756;127685;47.9;22.4
80;2021-06-14;1263;2851;274019;130536;48.1;22.9
80;2021-06-15;2309;3420;276328;133956;48.5;23.5
80;2021-06-16;1563;4218;277891;138174;48.8;24.3
80;2021-06-17;2355;3623;280246;141797;49.2;24.9
80;2021-06-18;2551;3896;282797;145693;49.6;25.6
80;2021-06-19;2987;4344;285784;150037;50.2;26.3
80;2021-06-20;203;1077;285987;151114;50.2;26.5
80;2021-06-21;1012;2617;286999;153731;50.4;27.0
80;2021-06-22;1141;3933;288140;157664;50.6;27.7
80;2021-06-23;1848;5285;289988;162949;50.9;28.6
80;2021-06-24;1693;4683;291681;167632;51.2;29.4
80;2021-06-25;1374;6124;293055;173756;51.4;30.5
80;2021-06-26;1931;6183;294986;179939;51.8;31.6
80;2021-06-27;332;2029;295318;181968;51.8;31.9
80;2021-06-28;901;3166;296219;185134;52.0;32.5
80;2021-06-29;1912;4616;298131;189750;52.3;33.3
80;2021-06-30;1230;4780;299361;194530;52.5;34.1
80;2021-07-01;1553;4989;300914;199519;52.8;35.0
80;2021-07-02;1849;5979;302763;205498;53.1;36.1
80;2021-07-03;1292;5268;304055;210766;53.4;37.0
80;2021-07-04;689;1474;304744;212240;53.5;37.3
80;2021-07-05;869;2956;305613;215196;53.6;37.8
80;2021-07-06;1840;3983;307453;219179;54.0;38.5
80;2021-07-07;1542;4511;308995;223690;54.2;39.3
80;2021-07-08;2074;5004;311069;228694;54.6;40.1
80;2021-07-09;2587;5469;313656;234163;55.0;41.1
80;2021-07-10;1593;3992;315249;238155;55.3;41.8
80;2021-07-11;398;795;315647;238950;55.4;41.9
80;2021-07-12;860;3385;316507;242335;55.6;42.5
80;2021-07-13;2048;5091;318555;247426;55.9;43.4
80;2021-07-14;2772;1740;321327;249166;56.4;43.7
80;2021-07-15;2763;5299;324090;254465;56.9;44.7
80;2021-07-16;3864;5884;327954;260349;57.6;45.7
80;2021-07-17;3358;4459;331312;264808;58.1;46.5
80;2021-07-18;872;893;332184;265701;58.3;46.6
80;2021-07-19;2148;2875;334332;268576;58.7;47.1
80;2021-07-20;3301;4892;337633;273468;59.3;48.0
80;2021-07-21;3471;4487;341104;277955;59.9;48.8
80;2021-07-22;4325;4554;345429;282509;60.6;49.6
80;2021-07-23;5328;4806;350757;287315;61.6;50.4
80;2021-07-24;4224;4320;354981;291635;62.3;51.2
80;2021-07-25;1182;643;356163;292278;62.5;51.3
80;2021-07-26;2672;2329;358835;294607;63.0;51.7
80;2021-07-27;4347;3694;363182;298301;63.7;52.4
80;2021-07-28;5080;2788;368262;301089;64.6;52.8
80;2021-07-29;4966;3204;373228;304293;65.5;53.4
80;2021-07-30;5009;3617;378237;307910;66.4;54.0
80;2021-07-31;4140;2885;382377;310795;67.1;54.5
80;2021-08-01;1276;357;383653;311152;67.3;54.6
80;2021-08-02;2026;1721;385679;312873;67.7;54.9
80;2021-08-03;3693;2342;389372;315215;68.3;55.3
81;2020-12-27;0;0;0;0;0.0;0.0
81;2020-12-28;0;0;0;0;0.0;0.0
81;2020-12-29;0;0;0;0;0.0;0.0
81;2020-12-30;0;0;0;0;0.0;0.0
81;2020-12-31;0;0;0;0;0.0;0.0
81;2021-01-01;0;0;0;0;0.0;0.0
81;2021-01-02;0;0;0;0;0.0;0.0
81;2021-01-03;0;0;0;0;0.0;0.0
81;2021-01-04;1;0;1;0;0.0;0.0
81;2021-01-05;0;0;1;0;0.0;0.0
81;2021-01-06;5;0;6;0;0.0;0.0
81;2021-01-07;266;0;272;0;0.1;0.0
81;2021-01-08;312;1;584;1;0.2;0.0
81;2021-01-09;74;1;658;2;0.2;0.0
81;2021-01-10;1;0;659;2;0.2;0.0
81;2021-01-11;133;0;792;2;0.2;0.0
81;2021-01-12;167;0;959;2;0.2;0.0
81;2021-01-13;233;1;1192;3;0.3;0.0
81;2021-01-14;961;7;2153;10;0.6;0.0
81;2021-01-15;524;1;2677;11;0.7;0.0
81;2021-01-16;72;0;2749;11;0.7;0.0
81;2021-01-17;0;0;2749;11;0.7;0.0
81;2021-01-18;579;3;3328;14;0.9;0.0
81;2021-01-19;662;4;3990;18;1.0;0.0
81;2021-01-20;752;2;4742;20;1.2;0.0
81;2021-01-21;1174;3;5916;23;1.5;0.0
81;2021-01-22;852;2;6768;25;1.7;0.0
81;2021-01-23;221;1;6989;26;1.8;0.0
81;2021-01-24;102;0;7091;26;1.8;0.0
81;2021-01-25;567;3;7658;29;2.0;0.0
81;2021-01-26;634;5;8292;34;2.1;0.0
81;2021-01-27;551;4;8843;38;2.3;0.0
81;2021-01-28;687;215;9530;253;2.5;0.1
81;2021-01-29;300;183;9830;436;2.5;0.1
81;2021-01-30;202;37;10032;473;2.6;0.1
81;2021-01-31;104;1;10136;474;2.6;0.1
81;2021-02-01;320;130;10456;604;2.7;0.2
81;2021-02-02;446;142;10902;746;2.8;0.2
81;2021-02-03;476;223;11378;969;2.9;0.2
81;2021-02-04;1398;691;12776;1660;3.3;0.4
81;2021-02-05;868;315;13644;1975;3.5;0.5
81;2021-02-06;274;21;13918;1996;3.6;0.5
81;2021-02-07;103;0;14021;1996;3.6;0.5
81;2021-02-08;274;219;14295;2215;3.7;0.6
81;2021-02-09;418;221;14713;2436;3.8;0.6
81;2021-02-10;371;285;15084;2721;3.9;0.7
81;2021-02-11;651;388;15735;3109;4.1;0.8
81;2021-02-12;577;546;16312;3655;4.2;0.9
81;2021-02-13;187;159;16499;3814;4.3;1.0
81;2021-02-14;100;1;16599;3815;4.3;1.0
81;2021-02-15;234;484;16833;4299;4.3;1.1
81;2021-02-16;281;617;17114;4916;4.4;1.3
81;2021-02-17;242;520;17356;5436;4.5;1.4
81;2021-02-18;483;674;17839;6110;4.6;1.6
81;2021-02-19;566;410;18405;6520;4.7;1.7
81;2021-02-20;322;281;18727;6801;4.8;1.8
81;2021-02-21;23;80;18750;6881;4.8;1.8
81;2021-02-22;233;536;18983;7417;4.9;1.9
81;2021-02-23;168;594;19151;8011;4.9;2.1
81;2021-02-24;291;631;19442;8642;5.0;2.2
81;2021-02-25;708;1056;20150;9698;5.2;2.5
81;2021-02-26;909;959;21059;10657;5.4;2.7
81;2021-02-27;275;243;21334;10900;5.5;2.8
81;2021-02-28;21;88;21355;10988;5.5;2.8
81;2021-03-01;208;410;21563;11398;5.6;2.9
81;2021-03-02;364;542;21927;11940;5.7;3.1
81;2021-03-03;463;422;22390;12362;5.8;3.2
81;2021-03-04;1061;459;23451;12821;6.0;3.3
81;2021-03-05;1407;387;24858;13208;6.4;3.4
81;2021-03-06;981;166;25839;13374;6.7;3.4
81;2021-03-07;154;102;25993;13476;6.7;3.5
81;2021-03-08;465;359;26458;13835;6.8;3.6
81;2021-03-09;810;390;27268;14225;7.0;3.7
81;2021-03-10;899;391;28167;14616;7.3;3.8
81;2021-03-11;1346;354;29513;14970;7.6;3.9
81;2021-03-12;1690;299;31203;15269;8.0;3.9
81;2021-03-13;1030;187;32233;15456;8.3;4.0
81;2021-03-14;65;82;32298;15538;8.3;4.0
81;2021-03-15;1094;217;33392;15755;8.6;4.1
81;2021-03-16;724;228;34116;15983;8.8;4.1
81;2021-03-17;891;272;35007;16255;9.0;4.2
81;2021-03-18;970;580;35977;16835;9.3;4.3
81;2021-03-19;1271;449;37248;17284;9.6;4.5
81;2021-03-20;676;278;37924;17562;9.8;4.5
81;2021-03-21;139;22;38063;17584;9.8;4.5
81;2021-03-22;933;284;38996;17868;10.1;4.6
81;2021-03-23;1418;221;40414;18089;10.4;4.7
81;2021-03-24;1603;275;42017;18364;10.8;4.7
81;2021-03-25;2028;321;44045;18685;11.4;4.8
81;2021-03-26;2099;278;46144;18963;11.9;4.9
81;2021-03-27;1092;34;47236;18997;12.2;4.9
81;2021-03-28;734;39;47970;19036;12.4;4.9
81;2021-03-29;2866;176;50836;19212;13.1;5.0
81;2021-03-30;3054;205;53890;19417;13.9;5.0
81;2021-03-31;2690;290;56580;19707;14.6;5.1
81;2021-04-01;3311;558;59891;20265;15.4;5.2
81;2021-04-02;2613;363;62504;20628;16.1;5.3
81;2021-04-03;1146;298;63650;20926;16.4;5.4
81;2021-04-04;1401;18;65051;20944;16.8;5.4
81;2021-04-05;718;18;65769;20962;17.0;5.4
81;2021-04-06;1592;508;67361;21470;17.4;5.5
81;2021-04-07;1814;583;69175;22053;17.8;5.7
81;2021-04-08;2614;824;71789;22877;18.5;5.9
81;2021-04-09;3049;466;74838;23343;19.3;6.0
81;2021-04-10;1476;506;76314;23849;19.7;6.1
81;2021-04-11;1297;63;77611;23912;20.0;6.2
81;2021-04-12;1219;684;78830;24596;20.3;6.3
81;2021-04-13;2529;780;81359;25376;21.0;6.5
81;2021-04-14;2507;826;83866;26202;21.6;6.8
81;2021-04-15;3098;1190;86964;27392;22.4;7.1
81;2021-04-16;2820;1077;89784;28469;23.1;7.3
81;2021-04-17;1145;289;90929;28758;23.4;7.4
81;2021-04-18;518;145;91447;28903;23.6;7.5
81;2021-04-19;913;823;92360;29726;23.8;7.7
81;2021-04-20;2270;1166;94630;30892;24.4;8.0
81;2021-04-21;2224;1000;96854;31892;25.0;8.2
81;2021-04-22;2817;1057;99671;32949;25.7;8.5
81;2021-04-23;2878;964;102549;33913;26.4;8.7
81;2021-04-24;1326;743;103875;34656;26.8;8.9
81;2021-04-25;454;716;104329;35372;26.9;9.1
81;2021-04-26;1060;2424;105389;37796;27.2;9.7
81;2021-04-27;1598;2352;106987;40148;27.6;10.4
81;2021-04-28;1421;2394;108408;42542;27.9;11.0
81;2021-04-29;1816;2745;110224;45287;28.4;11.7
81;2021-04-30;2011;2352;112235;47639;28.9;12.3
81;2021-05-01;361;685;112596;48324;29.0;12.5
81;2021-05-02;291;1380;112887;49704;29.1;12.8
81;2021-05-03;1115;1168;114002;50872;29.4;13.1
81;2021-05-04;2619;1904;116621;52776;30.1;13.6
81;2021-05-05;2015;1929;118636;54705;30.6;14.1
81;2021-05-06;2745;3410;121381;58115;31.3;15.0
81;2021-05-07;2113;2858;123494;60973;31.8;15.7
81;2021-05-08;963;876;124457;61849;32.1;15.9
81;2021-05-09;534;1353;124991;63202;32.2;16.3
81;2021-05-10;824;1601;125815;64803;32.4;16.7
81;2021-05-11;1661;2575;127476;67378;32.9;17.4
81;2021-05-12;1637;2458;129113;69836;33.3;18.0
81;2021-05-13;1216;564;130329;70400;33.6;18.1
81;2021-05-14;1890;1722;132219;72122;34.1;18.6
81;2021-05-15;1511;618;133730;72740;34.5;18.8
81;2021-05-16;1368;414;135098;73154;34.8;18.9
81;2021-05-17;1166;863;136264;74017;35.1;19.1
81;2021-05-18;1699;1431;137963;75448;35.6;19.5
81;2021-05-19;2642;1244;140605;76692;36.2;19.8
81;2021-05-20;2968;1348;143573;78040;37.0;20.1
81;2021-05-21;2737;1118;146310;79158;37.7;20.4
81;2021-05-22;2816;518;149126;79676;38.4;20.5
81;2021-05-23;1179;74;150305;79750;38.7;20.6
81;2021-05-24;838;80;151143;79830;39.0;20.6
81;2021-05-25;2492;1104;153635;80934;39.6;20.9
81;2021-05-26;1891;796;155526;81730;40.1;21.1
81;2021-05-27;2556;1535;158082;83265;40.8;21.5
81;2021-05-28;2562;1663;160644;84928;41.4;21.9
81;2021-05-29;1401;540;162045;85468;41.8;22.0
81;2021-05-30;934;220;162979;85688;42.0;22.1
81;2021-05-31;1183;1338;164162;87026;42.3;22.4
81;2021-06-01;1780;2698;165942;89724;42.8;23.1
81;2021-06-02;2000;2443;167942;92167;43.3;23.8
81;2021-06-03;2001;2533;169943;94700;43.8;24.4
81;2021-06-04;1845;2948;171788;97648;44.3;25.2
81;2021-06-05;1754;1306;173542;98954;44.7;25.5
81;2021-06-06;370;366;173912;99320;44.8;25.6
81;2021-06-07;1209;1540;175121;100860;45.1;26.0
81;2021-06-08;2369;2387;177490;103247;45.8;26.6
81;2021-06-09;2439;1866;179929;105113;46.4;27.1
81;2021-06-10;1278;1565;181207;106678;46.7;27.5
81;2021-06-11;2654;2201;183861;108879;47.4;28.1
81;2021-06-12;1658;1037;185519;109916;47.8;28.3
81;2021-06-13;444;475;185963;110391;47.9;28.5
81;2021-06-14;772;1421;186735;111812;48.1;28.8
81;2021-06-15;1678;3502;188413;115314;48.6;29.7
81;2021-06-16;1266;3012;189679;118326;48.9;30.5
81;2021-06-17;1343;2523;191022;120849;49.2;31.2
81;2021-06-18;1836;2768;192858;123617;49.7;31.9
81;2021-06-19;825;949;193683;124566;49.9;32.1
81;2021-06-20;405;537;194088;125103;50.0;32.3
81;2021-06-21;425;1036;194513;126139;50.1;32.5
81;2021-06-22;1060;2566;195573;128705;50.4;33.2
81;2021-06-23;1138;2156;196711;130861;50.7;33.7
81;2021-06-24;1108;1938;197819;132799;51.0;34.2
81;2021-06-25;1229;2863;199048;135662;51.3;35.0
81;2021-06-26;722;1707;199770;137369;51.5;35.4
81;2021-06-27;526;1648;200296;139017;51.6;35.8
81;2021-06-28;475;1542;200771;140559;51.8;36.2
81;2021-06-29;1083;2637;201854;143196;52.0;36.9
81;2021-06-30;1039;3153;202893;146349;52.3;37.7
81;2021-07-01;873;2625;203766;148974;52.5;38.4
81;2021-07-02;987;2859;204753;151833;52.8;39.1
81;2021-07-03;731;2827;205484;154660;53.0;39.9
81;2021-07-04;268;1008;205752;155668;53.0;40.1
81;2021-07-05;700;1620;206452;157288;53.2;40.5
81;2021-07-06;972;3175;207424;160463;53.5;41.4
81;2021-07-07;1058;2438;208482;162901;53.7;42.0
81;2021-07-08;1027;2233;209509;165134;54.0;42.6
81;2021-07-09;1143;2698;210652;167832;54.3;43.3
81;2021-07-10;802;1523;211454;169355;54.5;43.7
81;2021-07-11;435;1010;211889;170365;54.6;43.9
81;2021-07-12;729;1726;212618;172091;54.8;44.4
81;2021-07-13;2054;3143;214672;175234;55.3;45.2
81;2021-07-14;1437;1562;216109;176796;55.7;45.6
81;2021-07-15;2526;2755;218635;179551;56.4;46.3
81;2021-07-16;2017;3019;220652;182570;56.9;47.1
81;2021-07-17;1215;2453;221867;185023;57.2;47.7
81;2021-07-18;673;1127;222540;186150;57.4;48.0
81;2021-07-19;1160;1729;223700;187879;57.7;48.4
81;2021-07-20;3037;2795;226737;190674;58.5;49.2
81;2021-07-21;3464;2327;230201;193001;59.3;49.8
81;2021-07-22;3545;2088;233746;195089;60.3;50.3
81;2021-07-23;3158;3227;236904;198316;61.1;51.1
81;2021-07-24;2513;1708;239417;200024;61.7;51.6
81;2021-07-25;1684;705;241101;200729;62.2;51.7
81;2021-07-26;1998;1533;243099;202262;62.7;52.1
81;2021-07-27;3569;2531;246668;204793;63.6;52.8
81;2021-07-28;3021;2188;249689;206981;64.4;53.4
81;2021-07-29;3318;1766;253007;208747;65.2;53.8
81;2021-07-30;2764;2235;255771;210982;65.9;54.4
81;2021-07-31;1943;992;257714;211974;66.4;54.6
81;2021-08-01;826;625;258540;212599;66.7;54.8
81;2021-08-02;1051;984;259591;213583;66.9;55.1
81;2021-08-03;2302;2094;261893;215677;67.5;55.6
82;2020-12-27;0;0;0;0;0.0;0.0
82;2020-12-28;2;0;2;0;0.0;0.0
82;2020-12-29;0;0;2;0;0.0;0.0
82;2020-12-30;0;0;2;0;0.0;0.0
82;2020-12-31;0;0;2;0;0.0;0.0
82;2021-01-01;0;0;2;0;0.0;0.0
82;2021-01-02;0;0;2;0;0.0;0.0
82;2021-01-03;0;0;2;0;0.0;0.0
82;2021-01-04;0;0;2;0;0.0;0.0
82;2021-01-05;86;0;88;0;0.0;0.0
82;2021-01-06;1;0;89;0;0.0;0.0
82;2021-01-07;75;0;164;0;0.1;0.0
82;2021-01-08;46;0;210;0;0.1;0.0
82;2021-01-09;77;0;287;0;0.1;0.0
82;2021-01-10;0;0;287;0;0.1;0.0
82;2021-01-11;94;0;381;0;0.1;0.0
82;2021-01-12;284;0;665;0;0.3;0.0
82;2021-01-13;336;1;1001;1;0.4;0.0
82;2021-01-14;441;4;1442;5;0.5;0.0
82;2021-01-15;612;2;2054;7;0.8;0.0
82;2021-01-16;229;3;2283;10;0.9;0.0
82;2021-01-17;89;0;2372;10;0.9;0.0
82;2021-01-18;433;2;2805;12;1.1;0.0
82;2021-01-19;479;1;3284;13;1.3;0.0
82;2021-01-20;663;1;3947;14;1.5;0.0
82;2021-01-21;446;1;4393;15;1.7;0.0
82;2021-01-22;483;2;4876;17;1.9;0.0
82;2021-01-23;151;0;5027;17;1.9;0.0
82;2021-01-24;0;0;5027;17;1.9;0.0
82;2021-01-25;376;0;5403;17;2.1;0.0
82;2021-01-26;468;0;5871;17;2.2;0.0
82;2021-01-27;519;1;6390;18;2.4;0.0
82;2021-01-28;585;34;6975;52;2.7;0.0
82;2021-01-29;405;108;7380;160;2.8;0.1
82;2021-01-30;44;22;7424;182;2.8;0.1
82;2021-01-31;0;0;7424;182;2.8;0.1
82;2021-02-01;292;55;7716;237;2.9;0.1
82;2021-02-02;344;100;8060;337;3.1;0.1
82;2021-02-03;462;66;8522;403;3.2;0.2
82;2021-02-04;764;219;9286;622;3.5;0.2
82;2021-02-05;479;148;9765;770;3.7;0.3
82;2021-02-06;93;39;9858;809;3.8;0.3
82;2021-02-07;29;79;9887;888;3.8;0.3
82;2021-02-08;149;226;10036;1114;3.8;0.4
82;2021-02-09;238;393;10274;1507;3.9;0.6
82;2021-02-10;271;602;10545;2109;4.0;0.8
82;2021-02-11;224;402;10769;2511;4.1;1.0
82;2021-02-12;190;610;10959;3121;4.2;1.2
82;2021-02-13;59;118;11018;3239;4.2;1.2
82;2021-02-14;4;81;11022;3320;4.2;1.3
82;2021-02-15;217;305;11239;3625;4.3;1.4
82;2021-02-16;280;392;11519;4017;4.4;1.5
82;2021-02-17;358;519;11877;4536;4.5;1.7
82;2021-02-18;507;508;12384;5044;4.7;1.9
82;2021-02-19;489;543;12873;5587;4.9;2.1
82;2021-02-20;78;139;12951;5726;4.9;2.2
82;2021-02-21;0;0;12951;5726;4.9;2.2
82;2021-02-22;199;407;13150;6133;5.0;2.3
82;2021-02-23;276;469;13426;6602;5.1;2.5
82;2021-02-24;283;458;13709;7060;5.2;2.7
82;2021-02-25;637;508;14346;7568;5.5;2.9
82;2021-02-26;648;397;14994;7965;5.7;3.0
82;2021-02-27;214;73;15208;8038;5.8;3.1
82;2021-02-28;30;7;15238;8045;5.8;3.1
82;2021-03-01;291;229;15529;8274;5.9;3.2
82;2021-03-02;495;402;16024;8676;6.1;3.3
82;2021-03-03;441;387;16465;9063;6.3;3.5
82;2021-03-04;600;300;17065;9363;6.5;3.6
82;2021-03-05;680;380;17745;9743;6.8;3.7
82;2021-03-06;687;41;18432;9784;7.0;3.7
82;2021-03-07;300;3;18732;9787;7.1;3.7
82;2021-03-08;603;155;19335;9942;7.4;3.8
82;2021-03-09;582;257;19917;10199;7.6;3.9
82;2021-03-10;778;246;20695;10445;7.9;4.0
82;2021-03-11;970;281;21665;10726;8.2;4.1
82;2021-03-12;992;104;22657;10830;8.6;4.1
82;2021-03-13;564;53;23221;10883;8.8;4.1
82;2021-03-14;61;5;23282;10888;8.9;4.1
82;2021-03-15;485;327;23767;11215;9.1;4.3
82;2021-03-16;197;334;23964;11549;9.1;4.4
82;2021-03-17;191;296;24155;11845;9.2;4.5
82;2021-03-18;279;350;24434;12195;9.3;4.6
82;2021-03-19;533;312;24967;12507;9.5;4.8
82;2021-03-20;252;58;25219;12565;9.6;4.8
82;2021-03-21;23;0;25242;12565;9.6;4.8
82;2021-03-22;405;319;25647;12884;9.8;4.9
82;2021-03-23;602;312;26249;13196;10.0;5.0
82;2021-03-24;620;334;26869;13530;10.2;5.2
82;2021-03-25;928;244;27797;13774;10.6;5.2
82;2021-03-26;1215;268;29012;14042;11.0;5.3
82;2021-03-27;478;78;29490;14120;11.2;5.4
82;2021-03-28;136;2;29626;14122;11.3;5.4
82;2021-03-29;924;379;30550;14501;11.6;5.5
82;2021-03-30;1187;278;31737;14779;12.1;5.6
82;2021-03-31;1018;260;32755;15039;12.5;5.7
82;2021-04-01;1072;198;33827;15237;12.9;5.8
82;2021-04-02;1211;285;35038;15522;13.3;5.9
82;2021-04-03;715;130;35753;15652;13.6;6.0
82;2021-04-04;276;13;36029;15665;13.7;6.0
82;2021-04-05;388;19;36417;15684;13.9;6.0
82;2021-04-06;952;511;37369;16195;14.2;6.2
82;2021-04-07;1017;497;38386;16692;14.6;6.4
82;2021-04-08;1454;414;39840;17106;15.2;6.5
82;2021-04-09;1655;468;41495;17574;15.8;6.7
82;2021-04-10;1711;99;43206;17673;16.5;6.7
82;2021-04-11;559;17;43765;17690;16.7;6.7
82;2021-04-12;1348;290;45113;17980;17.2;6.8
82;2021-04-13;1625;266;46738;18246;17.8;6.9
82;2021-04-14;1408;296;48146;18542;18.3;7.1
82;2021-04-15;1781;320;49927;18862;19.0;7.2
82;2021-04-16;1541;330;51468;19192;19.6;7.3
82;2021-04-17;1243;68;52711;19260;20.1;7.3
82;2021-04-18;560;14;53271;19274;20.3;7.3
82;2021-04-19;959;359;54230;19633;20.6;7.5
82;2021-04-20;1268;401;55498;20034;21.1;7.6
82;2021-04-21;1218;375;56716;20409;21.6;7.8
82;2021-04-22;1449;293;58165;20702;22.1;7.9
82;2021-04-23;1075;680;59240;21382;22.6;8.1
82;2021-04-24;1186;264;60426;21646;23.0;8.2
82;2021-04-25;736;48;61162;21694;23.3;8.3
82;2021-04-26;748;808;61910;22502;23.6;8.6
82;2021-04-27;905;924;62815;23426;23.9;8.9
82;2021-04-28;921;870;63736;24296;24.3;9.3
82;2021-04-29;1106;907;64842;25203;24.7;9.6
82;2021-04-30;1040;889;65882;26092;25.1;9.9
82;2021-05-01;1140;257;67022;26349;25.5;10.0
82;2021-05-02;697;145;67719;26494;25.8;10.1
82;2021-05-03;410;1215;68129;27709;25.9;10.6
82;2021-05-04;864;1170;68993;28879;26.3;11.0
82;2021-05-05;568;1172;69561;30051;26.5;11.4
82;2021-05-06;851;1419;70412;31470;26.8;12.0
82;2021-05-07;734;1453;71146;32923;27.1;12.5
82;2021-05-08;934;520;72080;33443;27.4;12.7
82;2021-05-09;753;580;72833;34023;27.7;13.0
82;2021-05-10;850;1365;73683;35388;28.1;13.5
82;2021-05-11;1158;1349;74841;36737;28.5;14.0
82;2021-05-12;1016;1345;75857;38082;28.9;14.5
82;2021-05-13;1455;430;77312;38512;29.4;14.7
82;2021-05-14;1691;1239;79003;39751;30.1;15.1
82;2021-05-15;1934;693;80937;40444;30.8;15.4
82;2021-05-16;558;115;81495;40559;31.0;15.4
82;2021-05-17;1090;1173;82585;41732;31.4;15.9
82;2021-05-18;1466;1188;84051;42920;32.0;16.3
82;2021-05-19;1268;978;85319;43898;32.5;16.7
82;2021-05-20;1409;1159;86728;45057;33.0;17.2
82;2021-05-21;1411;1215;88139;46272;33.6;17.6
82;2021-05-22;2070;631;90209;46903;34.3;17.9
82;2021-05-23;704;117;90913;47020;34.6;17.9
82;2021-05-24;1441;263;92354;47283;35.2;18.0
82;2021-05-25;1445;964;93799;48247;35.7;18.4
82;2021-05-26;1414;922;95213;49169;36.3;18.7
82;2021-05-27;1461;1026;96674;50195;36.8;19.1
82;2021-05-28;1539;1145;98213;51340;37.4;19.5
82;2021-05-29;1496;546;99709;51886;38.0;19.8
82;2021-05-30;402;101;100111;51987;38.1;19.8
82;2021-05-31;1489;990;101600;52977;38.7;20.2
82;2021-06-01;1749;1053;103349;54030;39.4;20.6
82;2021-06-02;1473;1005;104822;55035;39.9;21.0
82;2021-06-03;1490;1182;106312;56217;40.5;21.4
82;2021-06-04;2248;1307;108560;57524;41.3;21.9
82;2021-06-05;2271;985;110831;58509;42.2;22.3
82;2021-06-06;328;134;111159;58643;42.3;22.3
82;2021-06-07;958;1274;112117;59917;42.7;22.8
82;2021-06-08;1446;1141;113563;61058;43.2;23.2
82;2021-06-09;1708;1141;115271;62199;43.9;23.7
82;2021-06-10;1440;1208;116711;63407;44.4;24.1
82;2021-06-11;1922;1123;118633;64530;45.2;24.6
82;2021-06-12;2394;1397;121027;65927;46.1;25.1
82;2021-06-13;377;113;121404;66040;46.2;25.1
82;2021-06-14;1210;1081;122614;67121;46.7;25.6
82;2021-06-15;1461;1243;124075;68364;47.2;26.0
82;2021-06-16;1750;1168;125825;69532;47.9;26.5
82;2021-06-17;1220;1474;127045;71006;48.4;27.0
82;2021-06-18;1469;1439;128514;72445;48.9;27.6
82;2021-06-19;2272;979;130786;73424;49.8;28.0
82;2021-06-20;268;174;131054;73598;49.9;28.0
82;2021-06-21;484;1362;131538;74960;50.1;28.5
82;2021-06-22;891;1706;132429;76666;50.4;29.2
82;2021-06-23;1236;1588;133665;78254;50.9;29.8
82;2021-06-24;755;1903;134420;80157;51.2;30.5
82;2021-06-25;740;1940;135160;82097;51.5;31.3
82;2021-06-26;1239;2148;136399;84245;51.9;32.1
82;2021-06-27;195;438;136594;84683;52.0;32.2
82;2021-06-28;330;1413;136924;86096;52.1;32.8
82;2021-06-29;516;1842;137440;87938;52.3;33.5
82;2021-06-30;947;1908;138387;89846;52.7;34.2
82;2021-07-01;653;1633;139040;91479;52.9;34.8
82;2021-07-02;931;2298;139971;93777;53.3;35.7
82;2021-07-03;858;2338;140829;96115;53.6;36.6
82;2021-07-04;120;439;140949;96554;53.7;36.8
82;2021-07-05;440;1565;141389;98119;53.8;37.4
82;2021-07-06;512;1866;141901;99985;54.0;38.1
82;2021-07-07;788;1775;142689;101760;54.3;38.7
82;2021-07-08;503;1499;143192;103259;54.5;39.3
82;2021-07-09;779;2152;143971;105411;54.8;40.1
82;2021-07-10;705;2218;144676;107629;55.1;41.0
82;2021-07-11;38;382;144714;108011;55.1;41.1
82;2021-07-12;579;1886;145293;109897;55.3;41.8
82;2021-07-13;708;2003;146001;111900;55.6;42.6
82;2021-07-14;616;739;146617;112639;55.8;42.9
82;2021-07-15;850;1750;147467;114389;56.2;43.6
82;2021-07-16;1434;2632;148901;117021;56.7;44.6
82;2021-07-17;559;2193;149460;119214;56.9;45.4
82;2021-07-18;14;41;149474;119255;56.9;45.4
82;2021-07-19;726;2071;150200;121326;57.2;46.2
82;2021-07-20;917;1885;151117;123211;57.5;46.9
82;2021-07-21;1282;1760;152399;124971;58.0;47.6
82;2021-07-22;1071;1762;153470;126733;58.4;48.3
82;2021-07-23;1049;2982;154519;129715;58.8;49.4
82;2021-07-24;1096;1476;155615;131191;59.3;50.0
82;2021-07-25;301;71;155916;131262;59.4;50.0
82;2021-07-26;946;1897;156862;133159;59.7;50.7
82;2021-07-27;1277;1637;158139;134796;60.2;51.3
82;2021-07-28;1464;1497;159603;136293;60.8;51.9
82;2021-07-29;1309;1524;160912;137817;61.3;52.5
82;2021-07-30;1526;2475;162438;140292;61.9;53.4
82;2021-07-31;447;291;162885;140583;62.0;53.5
82;2021-08-01;273;50;163158;140633;62.1;53.6
82;2021-08-02;1258;866;164416;141499;62.6;53.9
82;2021-08-03;1412;819;165828;142318;63.1;54.2
83;2020-12-27;1;0;1;0;0.0;0.0
83;2020-12-28;0;0;1;0;0.0;0.0
83;2020-12-29;0;0;1;0;0.0;0.0
83;2020-12-30;1;0;2;0;0.0;0.0
83;2020-12-31;0;0;2;0;0.0;0.0
83;2021-01-01;1;0;3;0;0.0;0.0
83;2021-01-02;0;0;3;0;0.0;0.0
83;2021-01-03;0;0;3;0;0.0;0.0
83;2021-01-04;1;0;4;0;0.0;0.0
83;2021-01-05;2;0;6;0;0.0;0.0
83;2021-01-06;69;0;75;0;0.0;0.0
83;2021-01-07;324;1;399;1;0.0;0.0
83;2021-01-08;410;0;809;1;0.1;0.0
83;2021-01-09;48;0;857;1;0.1;0.0
83;2021-01-10;1;0;858;1;0.1;0.0
83;2021-01-11;475;0;1333;1;0.1;0.0
83;2021-01-12;975;2;2308;3;0.2;0.0
83;2021-01-13;961;7;3269;10;0.3;0.0
83;2021-01-14;837;6;4106;16;0.4;0.0
83;2021-01-15;702;1;4808;17;0.4;0.0
83;2021-01-16;41;1;4849;18;0.5;0.0
83;2021-01-17;1;0;4850;18;0.5;0.0
83;2021-01-18;1218;3;6068;21;0.6;0.0
83;2021-01-19;2015;6;8083;27;0.8;0.0
83;2021-01-20;1657;9;9740;36;0.9;0.0
83;2021-01-21;2099;7;11839;43;1.1;0.0
83;2021-01-22;1655;5;13494;48;1.3;0.0
83;2021-01-23;243;0;13737;48;1.3;0.0
83;2021-01-24;21;1;13758;49;1.3;0.0
83;2021-01-25;1551;6;15309;55;1.4;0.0
83;2021-01-26;1747;15;17056;70;1.6;0.0
83;2021-01-27;2152;81;19208;151;1.8;0.0
83;2021-01-28;5077;357;24285;508;2.3;0.0
83;2021-01-29;2946;350;27231;858;2.5;0.1
83;2021-01-30;233;46;27464;904;2.6;0.1
83;2021-01-31;46;0;27510;904;2.6;0.1
83;2021-02-01;1277;422;28787;1326;2.7;0.1
83;2021-02-02;1437;729;30224;2055;2.8;0.2
83;2021-02-03;1522;638;31746;2693;3.0;0.3
83;2021-02-04;1484;750;33230;3443;3.1;0.3
83;2021-02-05;1217;683;34447;4126;3.2;0.4
83;2021-02-06;21;14;34468;4140;3.2;0.4
83;2021-02-07;1;0;34469;4140;3.2;0.4
83;2021-02-08;1086;631;35555;4771;3.3;0.4
83;2021-02-09;1324;914;36879;5685;3.4;0.5
83;2021-02-10;1526;805;38405;6490;3.6;0.6
83;2021-02-11;1604;1023;40009;7513;3.7;0.7
83;2021-02-12;1343;825;41352;8338;3.9;0.8
83;2021-02-13;52;25;41404;8363;3.9;0.8
83;2021-02-14;0;0;41404;8363;3.9;0.8
83;2021-02-15;666;1055;42070;9418;3.9;0.9
83;2021-02-16;542;1379;42612;10797;4.0;1.0
83;2021-02-17;803;1842;43415;12639;4.0;1.2
83;2021-02-18;1619;3871;45034;16510;4.2;1.5
83;2021-02-19;1473;2339;46507;18849;4.3;1.8
83;2021-02-20;62;170;46569;19019;4.3;1.8
83;2021-02-21;24;35;46593;19054;4.3;1.8
83;2021-02-22;500;1757;47093;20811;4.4;1.9
83;2021-02-23;669;1448;47762;22259;4.4;2.1
83;2021-02-24;720;1489;48482;23748;4.5;2.2
83;2021-02-25;1247;1413;49729;25161;4.6;2.3
83;2021-02-26;1298;1259;51027;26420;4.8;2.5
83;2021-02-27;551;55;51578;26475;4.8;2.5
83;2021-02-28;8;13;51586;26488;4.8;2.5
83;2021-03-01;806;1242;52392;27730;4.9;2.6
83;2021-03-02;985;1312;53377;29042;5.0;2.7
83;2021-03-03;1431;1528;54808;30570;5.1;2.8
83;2021-03-04;1885;1381;56693;31951;5.3;3.0
83;2021-03-05;2215;1233;58908;33184;5.5;3.1
83;2021-03-06;3001;107;61909;33291;5.8;3.1
83;2021-03-07;2224;32;64133;33323;6.0;3.1
83;2021-03-08;849;1319;64982;34642;6.1;3.2
83;2021-03-09;1925;1224;66907;35866;6.2;3.3
83;2021-03-10;2371;1359;69278;37225;6.5;3.5
83;2021-03-11;3666;2203;72944;39428;6.8;3.7
83;2021-03-12;3640;1505;76584;40933;7.1;3.8
83;2021-03-13;4593;172;81177;41105;7.6;3.8
83;2021-03-14;2325;44;83502;41149;7.8;3.8
83;2021-03-15;3335;666;86837;41815;8.1;3.9
83;2021-03-16;2598;695;89435;42510;8.3;4.0
83;2021-03-17;2844;782;92279;43292;8.6;4.0
83;2021-03-18;3548;795;95827;44087;8.9;4.1
83;2021-03-19;4170;577;99997;44664;9.3;4.2
83;2021-03-20;3471;62;103468;44726;9.6;4.2
83;2021-03-21;2010;27;105478;44753;9.8;4.2
83;2021-03-22;3958;889;109436;45642;10.2;4.3
83;2021-03-23;4744;586;114180;46228;10.6;4.3
83;2021-03-24;5038;712;119218;46940;11.1;4.4
83;2021-03-25;6528;835;125746;47775;11.7;4.4
83;2021-03-26;7170;741;132916;48516;12.4;4.5
83;2021-03-27;3966;383;136882;48899;12.7;4.6
83;2021-03-28;2184;27;139066;48926;13.0;4.6
83;2021-03-29;4548;758;143614;49684;13.4;4.6
83;2021-03-30;5953;930;149567;50614;13.9;4.7
83;2021-03-31;5549;1063;155116;51677;14.4;4.8
83;2021-04-01;5967;1247;161083;52924;15.0;4.9
83;2021-04-02;5757;1058;166840;53982;15.5;5.0
83;2021-04-03;1800;629;168640;54611;15.7;5.1
83;2021-04-04;854;346;169494;54957;15.8;5.1
83;2021-04-05;188;66;169682;55023;15.8;5.1
83;2021-04-06;4723;1378;174405;56401;16.2;5.3
83;2021-04-07;5827;1646;180232;58047;16.8;5.4
83;2021-04-08;7866;1978;188098;60025;17.5;5.6
83;2021-04-09;7582;2173;195680;62198;18.2;5.8
83;2021-04-10;2947;2645;198627;64843;18.5;6.0
83;2021-04-11;1722;2132;200349;66975;18.7;6.2
83;2021-04-12;4948;2859;205297;69834;19.1;6.5
83;2021-04-13;5403;2995;210700;72829;19.6;6.8
83;2021-04-14;5897;2937;216597;75766;20.2;7.1
83;2021-04-15;6772;3013;223369;78779;20.8;7.3
83;2021-04-16;6118;3497;229487;82276;21.4;7.7
83;2021-04-17;3509;2184;232996;84460;21.7;7.9
83;2021-04-18;2173;1296;235169;85756;21.9;8.0
83;2021-04-19;4103;3896;239272;89652;22.3;8.3
83;2021-04-20;4357;3865;243629;93517;22.7;8.7
83;2021-04-21;4301;4157;247930;97674;23.1;9.1
83;2021-04-22;5003;4291;252933;101965;23.6;9.5
83;2021-04-23;4525;4563;257458;106528;24.0;9.9
83;2021-04-24;2629;2710;260087;109238;24.2;10.2
83;2021-04-25;1927;1569;262014;110807;24.4;10.3
83;2021-04-26;3570;3847;265584;114654;24.7;10.7
83;2021-04-27;4131;4541;269715;119195;25.1;11.1
83;2021-04-28;4320;4367;274035;123562;25.5;11.5
83;2021-04-29;5811;5104;279846;128666;26.1;12.0
83;2021-04-30;5786;4298;285632;132964;26.6;12.4
83;2021-05-01;1693;425;287325;133389;26.8;12.4
83;2021-05-02;1237;752;288562;134141;26.9;12.5
83;2021-05-03;3751;4274;292313;138415;27.2;12.9
83;2021-05-04;3345;5096;295658;143511;27.5;13.4
83;2021-05-05;3637;4964;299295;148475;27.9;13.8
83;2021-05-06;4671;4942;303966;153417;28.3;14.3
83;2021-05-07;4170;5311;308136;158728;28.7;14.8
83;2021-05-08;2759;1004;310895;159732;29.0;14.9
83;2021-05-09;2150;1232;313045;160964;29.2;15.0
83;2021-05-10;3207;5420;316252;166384;29.5;15.5
83;2021-05-11;5119;5660;321371;172044;29.9;16.0
83;2021-05-12;6292;4845;327663;176889;30.5;16.5
83;2021-05-13;6578;1333;334241;178222;31.1;16.6
83;2021-05-14;7417;4108;341658;182330;31.8;17.0
83;2021-05-15;7752;2196;349410;184526;32.5;17.2
83;2021-05-16;6627;1246;356037;185772;33.2;17.3
83;2021-05-17;4894;4211;360931;189983;33.6;17.7
83;2021-05-18;5523;3858;366454;193841;34.1;18.1
83;2021-05-19;6205;3398;372659;197239;34.7;18.4
83;2021-05-20;6749;3782;379408;201021;35.3;18.7
83;2021-05-21;7906;3866;387314;204887;36.1;19.1
83;2021-05-22;6089;1716;393403;206603;36.6;19.2
83;2021-05-23;4682;702;398085;207305;37.1;19.3
83;2021-05-24;5811;970;403896;208275;37.6;19.4
83;2021-05-25;5510;4750;409406;213025;38.1;19.8
83;2021-05-26;4854;4433;414260;217458;38.6;20.3
83;2021-05-27;5069;5259;419329;222717;39.0;20.7
83;2021-05-28;4503;5764;423832;228481;39.5;21.3
83;2021-05-29;2704;4272;426536;232753;39.7;21.7
83;2021-05-30;1253;1374;427789;234127;39.8;21.8
83;2021-05-31;5488;4761;433277;238888;40.3;22.2
83;2021-06-01;5723;5301;439000;244189;40.9;22.7
83;2021-06-02;5247;4572;444247;248761;41.4;23.2
83;2021-06-03;5733;5126;449980;253887;41.9;23.6
83;2021-06-04;5441;6040;455421;259927;42.4;24.2
83;2021-06-05;3925;3190;459346;263117;42.8;24.5
83;2021-06-06;1929;1378;461275;264495;43.0;24.6
83;2021-06-07;3916;5084;465191;269579;43.3;25.1
83;2021-06-08;4167;4807;469358;274386;43.7;25.6
83;2021-06-09;4003;4700;473361;279086;44.1;26.0
83;2021-06-10;3991;4253;477352;283339;44.5;26.4
83;2021-06-11;3654;5441;481006;288780;44.8;26.9
83;2021-06-12;2908;2983;483914;291763;45.1;27.2
83;2021-06-13;995;1391;484909;293154;45.2;27.3
83;2021-06-14;2857;5656;487766;298810;45.4;27.8
83;2021-06-15;3161;4859;490927;303669;45.7;28.3
83;2021-06-16;2955;4505;493882;308174;46.0;28.7
83;2021-06-17;2761;5280;496643;313454;46.2;29.2
83;2021-06-18;3154;5957;499797;319411;46.5;29.7
83;2021-06-19;2318;4089;502115;323500;46.8;30.1
83;2021-06-20;671;1888;502786;325388;46.8;30.3
83;2021-06-21;2106;7582;504892;332970;47.0;31.0
83;2021-06-22;2098;7162;506990;340132;47.2;31.7
83;2021-06-23;1924;6925;508914;347057;47.4;32.3
83;2021-06-24;1943;7361;510857;354418;47.6;33.0
83;2021-06-25;2102;8398;512959;362816;47.8;33.8
83;2021-06-26;1462;6810;514421;369626;47.9;34.4
83;2021-06-27;690;3187;515111;372813;48.0;34.7
83;2021-06-28;1572;7886;516683;380699;48.1;35.5
83;2021-06-29;1894;7797;518577;388496;48.3;36.2
83;2021-06-30;2234;7261;520811;395757;48.5;36.9
83;2021-07-01;2539;6562;523350;402319;48.7;37.5
83;2021-07-02;2235;7793;525585;410112;48.9;38.2
83;2021-07-03;1496;5687;527081;415799;49.1;38.7
83;2021-07-04;566;2749;527647;418548;49.1;39.0
83;2021-07-05;1893;7534;529540;426082;49.3;39.7
83;2021-07-06;2553;5927;532093;432009;49.6;40.2
83;2021-07-07;2658;4662;534751;436671;49.8;40.7
83;2021-07-08;3223;4465;537974;441136;50.1;41.1
83;2021-07-09;3020;6960;540994;448096;50.4;41.7
83;2021-07-10;1558;4925;542552;453021;50.5;42.2
83;2021-07-11;990;1761;543542;454782;50.6;42.4
83;2021-07-12;2113;7678;545655;462460;50.8;43.1
83;2021-07-13;3989;7060;549644;469520;51.2;43.7
83;2021-07-14;2074;1302;551718;470822;51.4;43.8
83;2021-07-15;4512;6829;556230;477651;51.8;44.5
83;2021-07-16;5223;7105;561453;484756;52.3;45.1
83;2021-07-17;3574;4977;565027;489733;52.6;45.6
83;2021-07-18;1593;1303;566620;491036;52.8;45.7
83;2021-07-19;3926;6292;570546;497328;53.1;46.3
83;2021-07-20;5924;6132;576470;503460;53.7;46.9
83;2021-07-21;5970;5170;582440;508630;54.2;47.4
83;2021-07-22;7012;5489;589452;514119;54.9;47.9
83;2021-07-23;7002;5843;596454;519962;55.5;48.4
83;2021-07-24;4580;4524;601034;524486;56.0;48.8
83;2021-07-25;1314;725;602348;525211;56.1;48.9
83;2021-07-26;5473;4882;607821;530093;56.6;49.4
83;2021-07-27;6739;4844;614560;534937;57.2;49.8
83;2021-07-28;6550;4357;621110;539294;57.8;50.2
83;2021-07-29;7404;4750;628514;544044;58.5;50.7
83;2021-07-30;6880;4680;635394;548724;59.2;51.1
83;2021-07-31;4600;3157;639994;551881;59.6;51.4
83;2021-08-01;1047;829;641041;552710;59.7;51.5
83;2021-08-02;5625;3612;646666;556322;60.2;51.8
83;2021-08-03;6226;3887;652892;560209;60.8;52.2
84;2020-12-27;0;0;0;0;0.0;0.0
84;2020-12-28;0;0;0;0;0.0;0.0
84;2020-12-29;0;0;0;0;0.0;0.0
84;2020-12-30;0;0;0;0;0.0;0.0
84;2020-12-31;0;0;0;0;0.0;0.0
84;2021-01-01;0;0;0;0;0.0;0.0
84;2021-01-02;0;0;0;0;0.0;0.0
84;2021-01-03;0;0;0;0;0.0;0.0
84;2021-01-04;0;0;0;0;0.0;0.0
84;2021-01-05;0;0;0;0;0.0;0.0
84;2021-01-06;0;0;0;0;0.0;0.0
84;2021-01-07;69;0;69;0;0.0;0.0
84;2021-01-08;81;0;150;0;0.0;0.0
84;2021-01-09;30;0;180;0;0.0;0.0
84;2021-01-10;0;0;180;0;0.0;0.0
84;2021-01-11;219;0;399;0;0.1;0.0
84;2021-01-12;623;1;1022;1;0.2;0.0
84;2021-01-13;353;0;1375;1;0.2;0.0
84;2021-01-14;938;13;2313;14;0.4;0.0
84;2021-01-15;617;9;2930;23;0.5;0.0
84;2021-01-16;166;0;3096;23;0.6;0.0
84;2021-01-17;27;1;3123;24;0.6;0.0
84;2021-01-18;695;3;3818;27;0.7;0.0
84;2021-01-19;876;1;4694;28;0.8;0.0
84;2021-01-20;1016;3;5710;31;1.0;0.0
84;2021-01-21;1048;4;6758;35;1.2;0.0
84;2021-01-22;1132;0;7890;35;1.4;0.0
84;2021-01-23;248;0;8138;35;1.5;0.0
84;2021-01-24;3;0;8141;35;1.5;0.0
84;2021-01-25;804;0;8945;35;1.6;0.0
84;2021-01-26;938;5;9883;40;1.8;0.0
84;2021-01-27;1070;2;10953;42;2.0;0.0
84;2021-01-28;1622;18;12575;60;2.2;0.0
84;2021-01-29;1198;63;13773;123;2.5;0.0
84;2021-01-30;171;21;13944;144;2.5;0.0
84;2021-01-31;7;0;13951;144;2.5;0.0
84;2021-02-01;654;148;14605;292;2.6;0.1
84;2021-02-02;787;267;15392;559;2.7;0.1
84;2021-02-03;757;242;16149;801;2.9;0.1
84;2021-02-04;910;408;17059;1209;3.0;0.2
84;2021-02-05;725;420;17784;1629;3.2;0.3
84;2021-02-06;124;50;17908;1679;3.2;0.3
84;2021-02-07;0;0;17908;1679;3.2;0.3
84;2021-02-08;566;277;18474;1956;3.3;0.3
84;2021-02-09;690;718;19164;2674;3.4;0.5
84;2021-02-10;550;568;19714;3242;3.5;0.6
84;2021-02-11;548;588;20262;3830;3.6;0.7
84;2021-02-12;558;682;20820;4512;3.7;0.8
84;2021-02-13;46;171;20866;4683;3.7;0.8
84;2021-02-14;3;0;20869;4683;3.7;0.8
84;2021-02-15;208;892;21077;5575;3.8;1.0
84;2021-02-16;221;834;21298;6409;3.8;1.1
84;2021-02-17;446;781;21744;7190;3.9;1.3
84;2021-02-18;554;1108;22298;8298;4.0;1.5
84;2021-02-19;737;1189;23035;9487;4.1;1.7
84;2021-02-20;65;154;23100;9641;4.1;1.7
84;2021-02-21;3;37;23103;9678;4.1;1.7
84;2021-02-22;369;744;23472;10422;4.2;1.9
84;2021-02-23;268;706;23740;11128;4.2;2.0
84;2021-02-24;392;740;24132;11868;4.3;2.1
84;2021-02-25;711;845;24843;12713;4.4;2.3
84;2021-02-26;820;683;25663;13396;4.6;2.4
84;2021-02-27;133;126;25796;13522;4.6;2.4
84;2021-02-28;16;0;25812;13522;4.6;2.4
84;2021-03-01;455;672;26267;14194;4.7;2.5
84;2021-03-02;629;810;26896;15004;4.8;2.7
84;2021-03-03;821;959;27717;15963;4.9;2.8
84;2021-03-04;1093;708;28810;16671;5.1;3.0
84;2021-03-05;1309;516;30119;17187;5.4;3.1
84;2021-03-06;1461;62;31580;17249;5.6;3.1
84;2021-03-07;479;14;32059;17263;5.7;3.1
84;2021-03-08;811;605;32870;17868;5.9;3.2
84;2021-03-09;1383;787;34253;18655;6.1;3.3
84;2021-03-10;1471;663;35724;19318;6.4;3.4
84;2021-03-11;1982;641;37706;19959;6.7;3.6
84;2021-03-12;2077;628;39783;20587;7.1;3.7
84;2021-03-13;743;35;40526;20622;7.2;3.7
84;2021-03-14;247;53;40773;20675;7.3;3.7
84;2021-03-15;1067;310;41840;20985;7.5;3.7
84;2021-03-16;1179;335;43019;21320;7.7;3.8
84;2021-03-17;1142;450;44161;21770;7.9;3.9
84;2021-03-18;1455;414;45616;22184;8.1;4.0
84;2021-03-19;2173;473;47789;22657;8.5;4.0
84;2021-03-20;838;24;48627;22681;8.7;4.0
84;2021-03-21;150;9;48777;22690;8.7;4.0
84;2021-03-22;1153;458;49930;23148;8.9;4.1
84;2021-03-23;1907;459;51837;23607;9.2;4.2
84;2021-03-24;2177;393;54014;24000;9.6;4.3
84;2021-03-25;3650;392;57664;24392;10.3;4.3
84;2021-03-26;3314;473;60978;24865;10.9;4.4
84;2021-03-27;914;56;61892;24921;11.0;4.4
84;2021-03-28;71;2;61963;24923;11.0;4.4
84;2021-03-29;1716;525;63679;25448;11.4;4.5
84;2021-03-30;2665;679;66344;26127;11.8;4.7
84;2021-03-31;2397;641;68741;26768;12.3;4.8
84;2021-04-01;3015;563;71756;27331;12.8;4.9
84;2021-04-02;2448;525;74204;27856;13.2;5.0
84;2021-04-03;507;28;74711;27884;13.3;5.0
84;2021-04-04;12;0;74723;27884;13.3;5.0
84;2021-04-05;809;99;75532;27983;13.5;5.0
84;2021-04-06;2140;834;77672;28817;13.8;5.1
84;2021-04-07;2401;857;80073;29674;14.3;5.3
84;2021-04-08;3647;1026;83720;30700;14.9;5.5
84;2021-04-09;4112;937;87832;31637;15.7;5.6
84;2021-04-10;1306;127;89138;31764;15.9;5.7
84;2021-04-11;37;12;89175;31776;15.9;5.7
84;2021-04-12;2089;804;91264;32580;16.3;5.8
84;2021-04-13;2942;1367;94206;33947;16.8;6.1
84;2021-04-14;2810;1349;97016;35296;17.3;6.3
84;2021-04-15;3270;1407;100286;36703;17.9;6.5
84;2021-04-16;3427;1542;103713;38245;18.5;6.8
84;2021-04-17;1664;193;105377;38438;18.8;6.9
84;2021-04-18;34;0;105411;38438;18.8;6.9
84;2021-04-19;2503;914;107914;39352;19.2;7.0
84;2021-04-20;2625;1523;110539;40875;19.7;7.3
84;2021-04-21;2651;1486;113190;42361;20.2;7.6
84;2021-04-22;3010;1732;116200;44093;20.7;7.9
84;2021-04-23;3032;1892;119232;45985;21.3;8.2
84;2021-04-24;1530;286;120762;46271;21.5;8.2
84;2021-04-25;27;2;120789;46273;21.5;8.2
84;2021-04-26;2178;1364;122967;47637;21.9;8.5
84;2021-04-27;2552;1982;125519;49619;22.4;8.8
84;2021-04-28;2817;1841;128336;51460;22.9;9.2
84;2021-04-29;3420;2025;131756;53485;23.5;9.5
84;2021-04-30;3132;2414;134888;55899;24.0;10.0
84;2021-05-01;455;259;135343;56158;24.1;10.0
84;2021-05-02;1;0;135344;56158;24.1;10.0
84;2021-05-03;2164;1629;137508;57787;24.5;10.3
84;2021-05-04;2490;2527;139998;60314;25.0;10.8
84;2021-05-05;2348;2214;142346;62528;25.4;11.1
84;2021-05-06;3224;2251;145570;64779;25.9;11.5
84;2021-05-07;2764;2561;148334;67340;26.4;12.0
84;2021-05-08;1156;527;149490;67867;26.6;12.1
84;2021-05-09;6;52;149496;67919;26.6;12.1
84;2021-05-10;2155;2458;151651;70377;27.0;12.5
84;2021-05-11;2908;3163;154559;73540;27.6;13.1
84;2021-05-12;2848;2917;157407;76457;28.1;13.6
84;2021-05-13;2159;842;159566;77299;28.4;13.8
84;2021-05-14;2725;2031;162291;79330;28.9;14.1
84;2021-05-15;2001;983;164292;80313;29.3;14.3
84;2021-05-16;1339;182;165631;80495;29.5;14.3
84;2021-05-17;2221;2153;167852;82648;29.9;14.7
84;2021-05-18;2903;2101;170755;84749;30.4;15.1
84;2021-05-19;3231;1664;173986;86413;31.0;15.4
84;2021-05-20;3696;2202;177682;88615;31.7;15.8
84;2021-05-21;3469;2329;181151;90944;32.3;16.2
84;2021-05-22;1583;675;182734;91619;32.6;16.3
84;2021-05-23;5;9;182739;91628;32.6;16.3
84;2021-05-24;1839;425;184578;92053;32.9;16.4
84;2021-05-25;2985;2181;187563;94234;33.4;16.8
84;2021-05-26;3075;2085;190638;96319;34.0;17.2
84;2021-05-27;3855;2320;194493;98639;34.7;17.6
84;2021-05-28;3181;3300;197674;101939;35.2;18.2
84;2021-05-29;1090;1650;198764;103589;35.4;18.5
84;2021-05-30;7;85;198771;103674;35.4;18.5
84;2021-05-31;2191;2633;200962;106307;35.8;18.9
84;2021-06-01;3143;3158;204105;109465;36.4;19.5
84;2021-06-02;3172;2616;207277;112081;36.9;20.0
84;2021-06-03;4110;2982;211387;115063;37.7;20.5
84;2021-06-04;3614;3036;215001;118099;38.3;21.1
84;2021-06-05;1783;1495;216784;119594;38.6;21.3
84;2021-06-06;987;205;217771;119799;38.8;21.4
84;2021-06-07;2451;2745;220222;122544;39.3;21.8
84;2021-06-08;3320;3049;223542;125593;39.8;22.4
84;2021-06-09;3022;2675;226564;128268;40.4;22.9
84;2021-06-10;3505;2783;230069;131051;41.0;23.4
84;2021-06-11;3019;3058;233088;134109;41.5;23.9
84;2021-06-12;1962;1312;235050;135421;41.9;24.1
84;2021-06-13;413;212;235463;135633;42.0;24.2
84;2021-06-14;1929;3159;237392;138792;42.3;24.7
84;2021-06-15;2573;3449;239965;142241;42.8;25.4
84;2021-06-16;2524;2940;242489;145181;43.2;25.9
84;2021-06-17;2994;3449;245483;148630;43.8;26.5
84;2021-06-18;2423;3545;247906;152175;44.2;27.1
84;2021-06-19;1288;1543;249194;153718;44.4;27.4
84;2021-06-20;548;353;249742;154071;44.5;27.5
84;2021-06-21;1570;3129;251312;157200;44.8;28.0
84;2021-06-22;2163;4008;253475;161208;45.2;28.7
84;2021-06-23;2112;3288;255587;164496;45.6;29.3
84;2021-06-24;2197;3468;257784;167964;46.0;29.9
84;2021-06-25;1836;3863;259620;171827;46.3;30.6
84;2021-06-26;1129;1793;260749;173620;46.5;30.9
84;2021-06-27;295;345;261044;173965;46.5;31.0
84;2021-06-28;1206;3218;262250;177183;46.7;31.6
84;2021-06-29;1465;4042;263715;181225;47.0;32.3
84;2021-06-30;1708;3959;265423;185184;47.3;33.0
84;2021-07-01;1790;3939;267213;189123;47.6;33.7
84;2021-07-02;1748;3892;268961;193015;47.9;34.4
84;2021-07-03;1101;2031;270062;195046;48.1;34.8
84;2021-07-04;390;413;270452;195459;48.2;34.8
84;2021-07-05;1452;3542;271904;199001;48.5;35.5
84;2021-07-06;1595;4162;273499;203163;48.8;36.2
84;2021-07-07;1642;3105;275141;206268;49.0;36.8
84;2021-07-08;2109;3751;277250;210019;49.4;37.4
84;2021-07-09;1809;3972;279059;213991;49.7;38.1
84;2021-07-10;1238;2157;280297;216148;50.0;38.5
84;2021-07-11;331;305;280628;216453;50.0;38.6
84;2021-07-12;1373;3839;282001;220292;50.3;39.3
84;2021-07-13;2323;5001;284324;225293;50.7;40.2
84;2021-07-14;1864;1238;286188;226531;51.0;40.4
84;2021-07-15;2599;4546;288787;231077;51.5;41.2
84;2021-07-16;2756;4591;291543;235668;52.0;42.0
84;2021-07-17;1571;2433;293114;238101;52.2;42.4
84;2021-07-18;1007;540;294121;238641;52.4;42.5
84;2021-07-19;2391;3736;296512;242377;52.9;43.2
84;2021-07-20;2923;4147;299435;246524;53.4;43.9
84;2021-07-21;3157;3641;302592;250165;53.9;44.6
84;2021-07-22;3758;3769;306350;253934;54.6;45.3
84;2021-07-23;3493;3663;309843;257597;55.2;45.9
84;2021-07-24;1450;2246;311293;259843;55.5;46.3
84;2021-07-25;1033;506;312326;260349;55.7;46.4
84;2021-07-26;2706;3007;315032;263356;56.2;46.9
84;2021-07-27;3414;3544;318446;266900;56.8;47.6
84;2021-07-28;3828;3290;322274;270190;57.4;48.2
84;2021-07-29;4170;3126;326444;273316;58.2;48.7
84;2021-07-30;3928;3285;330372;276601;58.9;49.3
84;2021-07-31;1988;1662;332360;278263;59.2;49.6
84;2021-08-01;813;421;333173;278684;59.4;49.7
84;2021-08-02;2902;2644;336075;281328;59.9;50.1
84;2021-08-03;4013;2736;340088;284064;60.6;50.6
85;2020-12-27;1;0;1;0;0.0;0.0
85;2020-12-28;0;0;1;0;0.0;0.0
85;2020-12-29;0;0;1;0;0.0;0.0
85;2020-12-30;0;0;1;0;0.0;0.0
85;2020-12-31;0;0;1;0;0.0;0.0
85;2021-01-01;0;0;1;0;0.0;0.0
85;2021-01-02;0;0;1;0;0.0;0.0
85;2021-01-03;1;0;2;0;0.0;0.0
85;2021-01-04;25;0;27;0;0.0;0.0
85;2021-01-05;62;0;89;0;0.0;0.0
85;2021-01-06;107;1;196;1;0.0;0.0
85;2021-01-07;203;0;399;1;0.1;0.0
85;2021-01-08;291;1;690;2;0.1;0.0
85;2021-01-09;288;2;978;4;0.1;0.0
85;2021-01-10;59;0;1037;4;0.2;0.0
85;2021-01-11;453;0;1490;4;0.2;0.0
85;2021-01-12;586;2;2076;6;0.3;0.0
85;2021-01-13;544;1;2620;7;0.4;0.0
85;2021-01-14;679;3;3299;10;0.5;0.0
85;2021-01-15;437;3;3736;13;0.5;0.0
85;2021-01-16;264;3;4000;16;0.6;0.0
85;2021-01-17;37;0;4037;16;0.6;0.0
85;2021-01-18;997;2;5034;18;0.7;0.0
85;2021-01-19;1427;16;6461;34;0.9;0.0
85;2021-01-20;1873;2;8334;36;1.2;0.0
85;2021-01-21;3220;6;11554;42;1.7;0.0
85;2021-01-22;1695;17;13249;59;1.9;0.0
85;2021-01-23;466;2;13715;61;2.0;0.0
85;2021-01-24;49;0;13764;61;2.0;0.0
85;2021-01-25;577;1;14341;62;2.1;0.0
85;2021-01-26;876;34;15217;96;2.2;0.0
85;2021-01-27;1789;32;17006;128;2.5;0.0
85;2021-01-28;1630;38;18636;166;2.7;0.0
85;2021-01-29;873;63;19509;229;2.9;0.0
85;2021-01-30;148;5;19657;234;2.9;0.0
85;2021-01-31;2;48;19659;282;2.9;0.0
85;2021-02-01;479;103;20138;385;2.9;0.1
85;2021-02-02;537;176;20675;561;3.0;0.1
85;2021-02-03;414;261;21089;822;3.1;0.1
85;2021-02-04;621;267;21710;1089;3.2;0.2
85;2021-02-05;624;265;22334;1354;3.3;0.2
85;2021-02-06;153;245;22487;1599;3.3;0.2
85;2021-02-07;1;0;22488;1599;3.3;0.2
85;2021-02-08;387;655;22875;2254;3.3;0.3
85;2021-02-09;661;1061;23536;3315;3.4;0.5
85;2021-02-10;583;1131;24119;4446;3.5;0.7
85;2021-02-11;1543;3040;25662;7486;3.8;1.1
85;2021-02-12;1012;1260;26674;8746;3.9;1.3
85;2021-02-13;250;506;26924;9252;3.9;1.4
85;2021-02-14;2;133;26926;9385;3.9;1.4
85;2021-02-15;335;814;27261;10199;4.0;1.5
85;2021-02-16;570;1190;27831;11389;4.1;1.7
85;2021-02-17;783;1571;28614;12960;4.2;1.9
85;2021-02-18;1277;1932;29891;14892;4.4;2.2
85;2021-02-19;953;1207;30844;16099;4.5;2.4
85;2021-02-20;173;263;31017;16362;4.5;2.4
85;2021-02-21;1;11;31018;16373;4.5;2.4
85;2021-02-22;813;886;31831;17259;4.7;2.5
85;2021-02-23;829;486;32660;17745;4.8;2.6
85;2021-02-24;756;313;33416;18058;4.9;2.6
85;2021-02-25;1337;396;34753;18454;5.1;2.7
85;2021-02-26;1227;328;35980;18782;5.3;2.7
85;2021-02-27;400;99;36380;18881;5.3;2.8
85;2021-02-28;7;1;36387;18882;5.3;2.8
85;2021-03-01;761;430;37148;19312;5.4;2.8
85;2021-03-02;1100;789;38248;20101;5.6;2.9
85;2021-03-03;843;514;39091;20615;5.7;3.0
85;2021-03-04;1574;1171;40665;21786;6.0;3.2
85;2021-03-05;1737;847;42402;22633;6.2;3.3
85;2021-03-06;1227;128;43629;22761;6.4;3.3
85;2021-03-07;332;35;43961;22796;6.4;3.3
85;2021-03-08;1739;458;45700;23254;6.7;3.4
85;2021-03-09;2241;572;47941;23826;7.0;3.5
85;2021-03-10;1860;649;49801;24475;7.3;3.6
85;2021-03-11;3118;1082;52919;25557;7.7;3.7
85;2021-03-12;2727;866;55646;26423;8.1;3.9
85;2021-03-13;1371;159;57017;26582;8.3;3.9
85;2021-03-14;178;0;57195;26582;8.4;3.9
85;2021-03-15;1918;514;59113;27096;8.7;4.0
85;2021-03-16;1626;517;60739;27613;8.9;4.0
85;2021-03-17;980;522;61719;28135;9.0;4.1
85;2021-03-18;1900;456;63619;28591;9.3;4.2
85;2021-03-19;2201;371;65820;28962;9.6;4.2
85;2021-03-20;1066;176;66886;29138;9.8;4.3
85;2021-03-21;269;5;67155;29143;9.8;4.3
85;2021-03-22;1759;559;68914;29702;10.1;4.3
85;2021-03-23;2414;731;71328;30433;10.4;4.5
85;2021-03-24;2207;527;73535;30960;10.8;4.5
85;2021-03-25;3646;586;77181;31546;11.3;4.6
85;2021-03-26;3358;643;80539;32189;11.8;4.7
85;2021-03-27;1725;121;82264;32310;12.0;4.7
85;2021-03-28;539;3;82803;32313;12.1;4.7
85;2021-03-29;2412;755;85215;33068;12.5;4.8
85;2021-03-30;2862;1020;88077;34088;12.9;5.0
85;2021-03-31;2198;667;90275;34755;13.2;5.1
85;2021-04-01;3870;907;94145;35662;13.8;5.2
85;2021-04-02;2704;1091;96849;36753;14.2;5.4
85;2021-04-03;1412;321;98261;37074;14.4;5.4
85;2021-04-04;323;27;98584;37101;14.4;5.4
85;2021-04-05;104;176;98688;37277;14.4;5.5
85;2021-04-06;2201;1598;100889;38875;14.8;5.7
85;2021-04-07;3092;1185;103981;40060;15.2;5.9
85;2021-04-08;4528;1597;108509;41657;15.9;6.1
85;2021-04-09;4599;1223;113108;42880;16.6;6.3
85;2021-04-10;1866;397;114974;43277;16.8;6.3
85;2021-04-11;26;10;115000;43287;16.8;6.3
85;2021-04-12;4286;1482;119286;44769;17.5;6.6
85;2021-04-13;4830;1870;124116;46639;18.2;6.8
85;2021-04-14;3957;1006;128073;47645;18.7;7.0
85;2021-04-15;5513;1736;133586;49381;19.6;7.2
85;2021-04-16;5240;1533;138826;50914;20.3;7.5
85;2021-04-17;1383;436;140209;51350;20.5;7.5
85;2021-04-18;349;9;140558;51359;20.6;7.5
85;2021-04-19;3363;1699;143921;53058;21.1;7.8
85;2021-04-20;3697;1923;147618;54981;21.6;8.0
85;2021-04-21;2688;1692;150306;56673;22.0;8.3
85;2021-04-22;3805;2230;154111;58903;22.6;8.6
85;2021-04-23;3902;2078;158013;60981;23.1;8.9
85;2021-04-24;1659;1530;159672;62511;23.4;9.1
85;2021-04-25;980;561;160652;63072;23.5;9.2
85;2021-04-26;3590;2349;164242;65421;24.0;9.6
85;2021-04-27;4392;2161;168634;67582;24.7;9.9
85;2021-04-28;5746;1249;174380;68831;25.5;10.1
85;2021-04-29;5633;1999;180013;70830;26.3;10.4
85;2021-04-30;5574;1668;185587;72498;27.2;10.6
85;2021-05-01;1735;636;187322;73134;27.4;10.7
85;2021-05-02;873;470;188195;73604;27.5;10.8
85;2021-05-03;3492;2381;191687;75985;28.1;11.1
85;2021-05-04;3488;3084;195175;79069;28.6;11.6
85;2021-05-05;4532;2164;199707;81233;29.2;11.9
85;2021-05-06;4921;2590;204628;83823;30.0;12.3
85;2021-05-07;3928;3859;208556;87682;30.5;12.8
85;2021-05-08;2245;229;210801;87911;30.9;12.9
85;2021-05-09;1509;181;212310;88092;31.1;12.9
85;2021-05-10;3208;4929;215518;93021;31.5;13.6
85;2021-05-11;4026;4973;219544;97994;32.1;14.3
85;2021-05-12;5017;3929;224561;101923;32.9;14.9
85;2021-05-13;5143;611;229704;102534;33.6;15.0
85;2021-05-14;4355;3167;234059;105701;34.3;15.5
85;2021-05-15;2324;775;236383;106476;34.6;15.6
85;2021-05-16;2213;162;238596;106638;34.9;15.6
85;2021-05-17;4146;3377;242742;110015;35.5;16.1
85;2021-05-18;5216;2858;247958;112873;36.3;16.5
85;2021-05-19;6491;1762;254449;114635;37.2;16.8
85;2021-05-20;6773;2171;261222;116806;38.2;17.1
85;2021-05-21;5498;2746;266720;119552;39.0;17.5
85;2021-05-22;2583;752;269303;120304;39.4;17.6
85;2021-05-23;1330;160;270633;120464;39.6;17.6
85;2021-05-24;4572;435;275205;120899;40.3;17.7
85;2021-05-25;4517;3564;279722;124463;40.9;18.2
85;2021-05-26;4943;2678;284665;127141;41.7;18.6
85;2021-05-27;4960;3690;289625;130831;42.4;19.2
85;2021-05-28;5252;4070;294877;134901;43.2;19.7
85;2021-05-29;3958;1527;298835;136428;43.7;20.0
85;2021-05-30;1291;126;300126;136554;43.9;20.0
85;2021-05-31;4687;3380;304813;139934;44.6;20.5
85;2021-06-01;5401;3400;310214;143334;45.4;21.0
85;2021-06-02;5554;2522;315768;145856;46.2;21.3
85;2021-06-03;5915;3235;321683;149091;47.1;21.8
85;2021-06-04;5836;3817;327519;152908;47.9;22.4
85;2021-06-05;2852;1937;330371;154845;48.4;22.7
85;2021-06-06;1511;803;331882;155648;48.6;22.8
85;2021-06-07;3233;4858;335115;160506;49.1;23.5
85;2021-06-08;4087;4520;339202;165026;49.6;24.2
85;2021-06-09;4842;3512;344044;168538;50.4;24.7
85;2021-06-10;5196;3700;349240;172238;51.1;25.2
85;2021-06-11;4503;4661;353743;176899;51.8;25.9
85;2021-06-12;1489;1797;355232;178696;52.0;26.2
85;2021-06-13;1220;672;356452;179368;52.2;26.3
85;2021-06-14;2680;5093;359132;184461;52.6;27.0
85;2021-06-15;3714;4932;362846;189393;53.1;27.7
85;2021-06-16;4082;3905;366928;193298;53.7;28.3
85;2021-06-17;3939;3897;370867;197195;54.3;28.9
85;2021-06-18;3625;5678;374492;202873;54.8;29.7
85;2021-06-19;1213;2029;375705;204902;55.0;30.0
85;2021-06-20;137;520;375842;205422;55.0;30.1
85;2021-06-21;2375;5809;378217;211231;55.4;30.9
85;2021-06-22;2843;5726;381060;216957;55.8;31.8
85;2021-06-23;3391;4493;384451;221450;56.3;32.4
85;2021-06-24;3639;4557;388090;226007;56.8;33.1
85;2021-06-25;2287;6175;390377;232182;57.1;34.0
85;2021-06-26;790;3763;391167;235945;57.3;34.5
85;2021-06-27;125;1371;391292;237316;57.3;34.7
85;2021-06-28;1182;6717;392474;244033;57.4;35.7
85;2021-06-29;1754;6871;394228;250904;57.7;36.7
85;2021-06-30;2177;6200;396405;257104;58.0;37.6
85;2021-07-01;2811;6062;399216;263166;58.4;38.5
85;2021-07-02;2256;7018;401472;270184;58.8;39.5
85;2021-07-03;615;3170;402087;273354;58.9;40.0
85;2021-07-04;144;1086;402231;274440;58.9;40.2
85;2021-07-05;1059;6661;403290;281101;59.0;41.1
85;2021-07-06;1564;6461;404854;287562;59.3;42.1
85;2021-07-07;1642;5862;406496;293424;59.5;42.9
85;2021-07-08;2156;5449;408652;298873;59.8;43.7
85;2021-07-09;1639;7104;410291;305977;60.1;44.8
85;2021-07-10;560;2839;410851;308816;60.1;45.2
85;2021-07-11;524;1289;411375;310105;60.2;45.4
85;2021-07-12;1403;7059;412778;317164;60.4;46.4
85;2021-07-13;2046;7393;414824;324557;60.7;47.5
85;2021-07-14;1450;2050;416274;326607;60.9;47.8
85;2021-07-15;2661;6949;418935;333556;61.3;48.8
85;2021-07-16;3406;6844;422341;340400;61.8;49.8
85;2021-07-17;1552;2155;423893;342555;62.0;50.1
85;2021-07-18;1142;1155;425035;343710;62.2;50.3
85;2021-07-19;3531;6240;428566;349950;62.7;51.2
85;2021-07-20;4280;6219;432846;356169;63.4;52.1
85;2021-07-21;3978;6200;436824;362369;63.9;53.0
85;2021-07-22;3883;6179;440707;368548;64.5;53.9
85;2021-07-23;4505;6704;445212;375252;65.2;54.9
85;2021-07-24;1039;2295;446251;377547;65.3;55.3
85;2021-07-25;489;304;446740;377851;65.4;55.3
85;2021-07-26;4491;5354;451231;383205;66.0;56.1
85;2021-07-27;5270;5390;456501;388595;66.8;56.9
85;2021-07-28;4949;4968;461450;393563;67.5;57.6
85;2021-07-29;5851;4735;467301;398298;68.4;58.3
85;2021-07-30;5991;4943;473292;403241;69.3;59.0
85;2021-07-31;1206;1570;474498;404811;69.5;59.3
85;2021-08-01;459;194;474957;405005;69.5;59.3
85;2021-08-02;4926;3936;479883;408941;70.2;59.9
85;2021-08-03;6499;3327;486382;412268;71.2;60.3
86;2020-12-27;0;0;0;0;0.0;0.0
86;2020-12-28;0;0;0;0;0.0;0.0
86;2020-12-29;1;0;1;0;0.0;0.0
86;2020-12-30;0;0;1;0;0.0;0.0
86;2020-12-31;0;0;1;0;0.0;0.0
86;2021-01-01;0;0;1;0;0.0;0.0
86;2021-01-02;0;0;1;0;0.0;0.0
86;2021-01-03;2;0;3;0;0.0;0.0
86;2021-01-04;0;0;3;0;0.0;0.0
86;2021-01-05;0;0;3;0;0.0;0.0
86;2021-01-06;178;0;181;0;0.0;0.0
86;2021-01-07;671;0;852;0;0.2;0.0
86;2021-01-08;595;3;1447;3;0.3;0.0
86;2021-01-09;0;0;1447;3;0.3;0.0
86;2021-01-10;173;0;1620;3;0.4;0.0
86;2021-01-11;305;1;1925;4;0.4;0.0
86;2021-01-12;458;0;2383;4;0.5;0.0
86;2021-01-13;336;0;2719;4;0.6;0.0
86;2021-01-14;551;1;3270;5;0.7;0.0
86;2021-01-15;537;1;3807;6;0.9;0.0
86;2021-01-16;0;0;3807;6;0.9;0.0
86;2021-01-17;0;0;3807;6;0.9;0.0
86;2021-01-18;564;0;4371;6;1.0;0.0
86;2021-01-19;1904;0;6275;6;1.4;0.0
86;2021-01-20;1453;18;7728;24;1.8;0.0
86;2021-01-21;1289;0;9017;24;2.1;0.0
86;2021-01-22;830;0;9847;24;2.3;0.0
86;2021-01-23;313;0;10160;24;2.3;0.0
86;2021-01-24;0;0;10160;24;2.3;0.0
86;2021-01-25;583;110;10743;134;2.5;0.0
86;2021-01-26;749;122;11492;256;2.6;0.1
86;2021-01-27;764;156;12256;412;2.8;0.1
86;2021-01-28;1043;427;13299;839;3.0;0.2
86;2021-01-29;877;219;14176;1058;3.2;0.2
86;2021-01-30;275;104;14451;1162;3.3;0.3
86;2021-01-31;57;157;14508;1319;3.3;0.3
86;2021-02-01;432;207;14940;1526;3.4;0.3
86;2021-02-02;574;386;15514;1912;3.5;0.4
86;2021-02-03;525;224;16039;2136;3.7;0.5
86;2021-02-04;477;365;16516;2501;3.8;0.6
86;2021-02-05;439;744;16955;3245;3.9;0.7
86;2021-02-06;146;206;17101;3451;3.9;0.8
86;2021-02-07;120;7;17221;3458;3.9;0.8
86;2021-02-08;361;328;17582;3786;4.0;0.9
86;2021-02-09;749;1123;18331;4909;4.2;1.1
86;2021-02-10;973;940;19304;5849;4.4;1.3
86;2021-02-11;1005;977;20309;6826;4.6;1.6
86;2021-02-12;746;377;21055;7203;4.8;1.6
86;2021-02-13;191;95;21246;7298;4.9;1.7
86;2021-02-14;1;34;21247;7332;4.9;1.7
86;2021-02-15;244;508;21491;7840;4.9;1.8
86;2021-02-16;385;865;21876;8705;5.0;2.0
86;2021-02-17;448;896;22324;9601;5.1;2.2
86;2021-02-18;420;875;22744;10476;5.2;2.4
86;2021-02-19;600;643;23344;11119;5.3;2.5
86;2021-02-20;115;176;23459;11295;5.4;2.6
86;2021-02-21;0;0;23459;11295;5.4;2.6
86;2021-02-22;240;429;23699;11724;5.4;2.7
86;2021-02-23;369;607;24068;12331;5.5;2.8
86;2021-02-24;408;586;24476;12917;5.6;3.0
86;2021-02-25;901;667;25377;13584;5.8;3.1
86;2021-02-26;1028;541;26405;14125;6.0;3.2
86;2021-02-27;460;149;26865;14274;6.1;3.3
86;2021-02-28;3;2;26868;14276;6.1;3.3
86;2021-03-01;232;526;27100;14802;6.2;3.4
86;2021-03-02;1141;850;28241;15652;6.5;3.6
86;2021-03-03;792;624;29033;16276;6.6;3.7
86;2021-03-04;1495;617;30528;16893;7.0;3.9
86;2021-03-05;1577;312;32105;17205;7.3;3.9
86;2021-03-06;994;168;33099;17373;7.6;4.0
86;2021-03-07;370;29;33469;17402;7.7;4.0
86;2021-03-08;471;540;33940;17942;7.8;4.1
86;2021-03-09;1368;525;35308;18467;8.1;4.2
86;2021-03-10;950;609;36258;19076;8.3;4.4
86;2021-03-11;1794;473;38052;19549;8.7;4.5
86;2021-03-12;2204;435;40256;19984;9.2;4.6
86;2021-03-13;1445;99;41701;20083;9.5;4.6
86;2021-03-14;133;15;41834;20098;9.6;4.6
86;2021-03-15;784;159;42618;20257;9.7;4.6
86;2021-03-16;847;203;43465;20460;9.9;4.7
86;2021-03-17;786;202;44251;20662;10.1;4.7
86;2021-03-18;1003;99;45254;20761;10.3;4.7
86;2021-03-19;2140;323;47394;21084;10.8;4.8
86;2021-03-20;592;131;47986;21215;11.0;4.9
86;2021-03-21;10;0;47996;21215;11.0;4.9
86;2021-03-22;851;276;48847;21491;11.2;4.9
86;2021-03-23;2013;327;50860;21818;11.6;5.0
86;2021-03-24;1554;287;52414;22105;12.0;5.1
86;2021-03-25;2482;352;54896;22457;12.6;5.1
86;2021-03-26;3037;354;57933;22811;13.2;5.2
86;2021-03-27;731;143;58664;22954;13.4;5.2
86;2021-03-28;5;128;58669;23082;13.4;5.3
86;2021-03-29;1258;391;59927;23473;13.7;5.4
86;2021-03-30;2398;818;62325;24291;14.2;5.6
86;2021-03-31;1510;622;63835;24913;14.6;5.7
86;2021-04-01;2237;936;66072;25849;15.1;5.9
86;2021-04-02;1899;554;67971;26403;15.5;6.0
86;2021-04-03;827;323;68798;26726;15.7;6.1
86;2021-04-04;82;108;68880;26834;15.7;6.1
86;2021-04-05;314;4;69194;26838;15.8;6.1
86;2021-04-06;1528;959;70722;27797;16.2;6.4
86;2021-04-07;1632;626;72354;28423;16.5;6.5
86;2021-04-08;2567;762;74921;29185;17.1;6.7
86;2021-04-09;3249;646;78170;29831;17.9;6.8
86;2021-04-10;1663;191;79833;30022;18.3;6.9
86;2021-04-11;442;9;80275;30031;18.4;6.9
86;2021-04-12;821;764;81096;30795;18.5;7.0
86;2021-04-13;2449;941;83545;31736;19.1;7.3
86;2021-04-14;1871;872;85416;32608;19.5;7.5
86;2021-04-15;2273;724;87689;33332;20.0;7.6
86;2021-04-16;2468;1224;90157;34556;20.6;7.9
86;2021-04-17;1040;261;91197;34817;20.8;8.0
86;2021-04-18;118;3;91315;34820;20.9;8.0
86;2021-04-19;745;794;92060;35614;21.0;8.1
86;2021-04-20;2300;1501;94360;37115;21.6;8.5
86;2021-04-21;2109;1116;96469;38231;22.1;8.7
86;2021-04-22;2331;1443;98800;39674;22.6;9.1
86;2021-04-23;2393;1573;101193;41247;23.1;9.4
86;2021-04-24;1299;506;102492;41753;23.4;9.5
86;2021-04-25;825;26;103317;41779;23.6;9.6
86;2021-04-26;2079;888;105396;42667;24.1;9.8
86;2021-04-27;3152;1662;108548;44329;24.8;10.1
86;2021-04-28;3002;1518;111550;45847;25.5;10.5
86;2021-04-29;3555;1826;115105;47673;26.3;10.9
86;2021-04-30;2969;1479;118074;49152;27.0;11.2
86;2021-05-01;1579;197;119653;49349;27.4;11.3
86;2021-05-02;1280;43;120933;49392;27.6;11.3
86;2021-05-03;2561;997;123494;50389;28.2;11.5
86;2021-05-04;3510;1896;127004;52285;29.0;12.0
86;2021-05-05;3990;1473;130994;53758;29.9;12.3
86;2021-05-06;4289;1653;135283;55411;30.9;12.7
86;2021-05-07;4045;1820;139328;57231;31.9;13.1
86;2021-05-08;1976;396;141304;57627;32.3;13.2
86;2021-05-09;1642;204;142946;57831;32.7;13.2
86;2021-05-10;1955;1172;144901;59003;33.1;13.5
86;2021-05-11;3605;2684;148506;61687;34.0;14.1
86;2021-05-12;2246;1646;150752;63333;34.5;14.5
86;2021-05-13;1686;296;152438;63629;34.9;14.5
86;2021-05-14;2099;791;154537;64420;35.3;14.7
86;2021-05-15;1467;503;156004;64923;35.7;14.8
86;2021-05-16;778;164;156782;65087;35.8;14.9
86;2021-05-17;3221;1063;160003;66150;36.6;15.1
86;2021-05-18;4304;1664;164307;67814;37.6;15.5
86;2021-05-19;3590;1433;167897;69247;38.4;15.8
86;2021-05-20;4376;1624;172273;70871;39.4;16.2
86;2021-05-21;3440;1772;175713;72643;40.2;16.6
86;2021-05-22;2077;662;177790;73305;40.6;16.8
86;2021-05-23;1439;183;179229;73488;41.0;16.8
86;2021-05-24;1848;200;181077;73688;41.4;16.8
86;2021-05-25;2849;1642;183926;75330;42.1;17.2
86;2021-05-26;2727;1524;186653;76854;42.7;17.6
86;2021-05-27;3544;1843;190197;78697;43.5;18.0
86;2021-05-28;2161;2538;192358;81235;44.0;18.6
86;2021-05-29;1527;1285;193885;82520;44.3;18.9
86;2021-05-30;935;130;194820;82650;44.5;18.9
86;2021-05-31;1921;1819;196741;84469;45.0;19.3
86;2021-06-01;2665;2590;199406;87059;45.6;19.9
86;2021-06-02;2301;2665;201707;89724;46.1;20.5
86;2021-06-03;3330;2410;205037;92134;46.9;21.1
86;2021-06-04;2238;2863;207275;94997;47.4;21.7
86;2021-06-05;1503;1578;208778;96575;47.7;22.1
86;2021-06-06;819;899;209597;97474;47.9;22.3
86;2021-06-07;1117;2464;210714;99938;48.2;22.8
86;2021-06-08;1989;3694;212703;103632;48.6;23.7
86;2021-06-09;1901;3318;214604;106950;49.1;24.5
86;2021-06-10;2349;3234;216953;110184;49.6;25.2
86;2021-06-11;1517;2789;218470;112973;49.9;25.8
86;2021-06-12;746;2249;219216;115222;50.1;26.3
86;2021-06-13;214;1477;219430;116699;50.2;26.7
86;2021-06-14;1159;2904;220589;119603;50.4;27.3
86;2021-06-15;1688;4262;222277;123865;50.8;28.3
86;2021-06-16;1808;3131;224085;126996;51.2;29.0
86;2021-06-17;1775;4446;225860;131442;51.6;30.1
86;2021-06-18;1881;4587;227741;136029;52.1;31.1
86;2021-06-19;635;2098;228376;138127;52.2;31.6
86;2021-06-20;173;1319;228549;139446;52.3;31.9
86;2021-06-21;1100;2237;229649;141683;52.5;32.4
86;2021-06-22;1296;3457;230945;145140;52.8;33.2
86;2021-06-23;1361;2400;232306;147540;53.1;33.7
86;2021-06-24;1588;2720;233894;150260;53.5;34.4
86;2021-06-25;1191;3553;235085;153813;53.7;35.2
86;2021-06-26;390;2654;235475;156467;53.8;35.8
86;2021-06-27;135;1635;235610;158102;53.9;36.1
86;2021-06-28;266;3338;235876;161440;53.9;36.9
86;2021-06-29;859;4604;236735;166044;54.1;38.0
86;2021-06-30;1045;2974;237780;169018;54.4;38.6
86;2021-07-01;1537;3004;239317;172022;54.7;39.3
86;2021-07-02;1107;3651;240424;175673;55.0;40.2
86;2021-07-03;516;2397;240940;178070;55.1;40.7
86;2021-07-04;116;1348;241056;179418;55.1;41.0
86;2021-07-05;466;2835;241522;182253;55.2;41.7
86;2021-07-06;986;4103;242508;186356;55.4;42.6
86;2021-07-07;1254;2630;243762;188986;55.7;43.2
86;2021-07-08;1612;3155;245374;192141;56.1;43.9
86;2021-07-09;1738;3083;247112;195224;56.5;44.6
86;2021-07-10;1294;1955;248406;197179;56.8;45.1
86;2021-07-11;481;840;248887;198019;56.9;45.3
86;2021-07-12;828;2403;249715;200422;57.1;45.8
86;2021-07-13;1770;3374;251485;203796;57.5;46.6
86;2021-07-14;764;1232;252249;205028;57.7;46.9
86;2021-07-15;1877;3295;254126;208323;58.1;47.6
86;2021-07-16;1660;2664;255786;210987;58.5;48.2
86;2021-07-17;1343;1602;257129;212589;58.8;48.6
86;2021-07-18;376;904;257505;213493;58.9;48.8
86;2021-07-19;1366;1887;258871;215380;59.2;49.2
86;2021-07-20;2332;2730;261203;218110;59.7;49.9
86;2021-07-21;2291;2154;263494;220264;60.2;50.4
86;2021-07-22;2887;2789;266381;223053;60.9;51.0
86;2021-07-23;2454;2160;268835;225213;61.5;51.5
86;2021-07-24;1538;1222;270373;226435;61.8;51.8
86;2021-07-25;713;320;271086;226755;62.0;51.8
86;2021-07-26;1584;2100;272670;228855;62.3;52.3
86;2021-07-27;3532;2751;276202;231606;63.1;53.0
86;2021-07-28;3256;2122;279458;233728;63.9;53.4
86;2021-07-29;3251;2536;282709;236264;64.6;54.0
86;2021-07-30;2227;2374;284936;238638;65.1;54.6
86;2021-07-31;1420;1050;286356;239688;65.5;54.8
86;2021-08-01;646;334;287002;240022;65.6;54.9
86;2021-08-02;1922;1673;288924;241695;66.1;55.3
86;2021-08-03;3265;1969;292189;243664;66.8;55.7
87;2020-12-27;0;0;0;0;0.0;0.0
87;2020-12-28;1;0;1;0;0.0;0.0
87;2020-12-29;0;0;1;0;0.0;0.0
87;2020-12-30;0;0;1;0;0.0;0.0
87;2020-12-31;0;0;1;0;0.0;0.0
87;2021-01-01;0;0;1;0;0.0;0.0
87;2021-01-02;0;0;1;0;0.0;0.0
87;2021-01-03;0;0;1;0;0.0;0.0
87;2021-01-04;1;0;2;0;0.0;0.0
87;2021-01-05;1;0;3;0;0.0;0.0
87;2021-01-06;10;0;13;0;0.0;0.0
87;2021-01-07;301;0;314;0;0.1;0.0
87;2021-01-08;407;0;721;0;0.2;0.0
87;2021-01-09;64;0;785;0;0.2;0.0
87;2021-01-10;35;0;820;0;0.2;0.0
87;2021-01-11;424;0;1244;0;0.3;0.0
87;2021-01-12;651;0;1895;0;0.5;0.0
87;2021-01-13;658;1;2553;1;0.7;0.0
87;2021-01-14;515;12;3068;13;0.8;0.0
87;2021-01-15;532;3;3600;16;1.0;0.0
87;2021-01-16;203;1;3803;17;1.0;0.0
87;2021-01-17;1;0;3804;17;1.0;0.0
87;2021-01-18;645;4;4449;21;1.2;0.0
87;2021-01-19;655;1;5104;22;1.4;0.0
87;2021-01-20;674;1;5778;23;1.6;0.0
87;2021-01-21;715;1;6493;24;1.8;0.0
87;2021-01-22;758;4;7251;28;2.0;0.0
87;2021-01-23;285;0;7536;28;2.0;0.0
87;2021-01-24;0;0;7536;28;2.0;0.0
87;2021-01-25;620;10;8156;38;2.2;0.0
87;2021-01-26;570;53;8726;91;2.4;0.0
87;2021-01-27;572;40;9298;131;2.5;0.0
87;2021-01-28;856;109;10154;240;2.7;0.1
87;2021-01-29;740;272;10894;512;2.9;0.1
87;2021-01-30;327;75;11221;587;3.0;0.2
87;2021-01-31;34;71;11255;658;3.0;0.2
87;2021-02-01;413;310;11668;968;3.1;0.3
87;2021-02-02;452;482;12120;1450;3.3;0.4
87;2021-02-03;542;419;12662;1869;3.4;0.5
87;2021-02-04;613;593;13275;2462;3.6;0.7
87;2021-02-05;342;384;13617;2846;3.7;0.8
87;2021-02-06;48;154;13665;3000;3.7;0.8
87;2021-02-07;20;0;13685;3000;3.7;0.8
87;2021-02-08;245;445;13930;3445;3.8;0.9
87;2021-02-09;218;546;14148;3991;3.8;1.1
87;2021-02-10;261;626;14409;4617;3.9;1.2
87;2021-02-11;285;540;14694;5157;4.0;1.4
87;2021-02-12;284;540;14978;5697;4.0;1.5
87;2021-02-13;25;169;15003;5866;4.0;1.6
87;2021-02-14;0;3;15003;5869;4.0;1.6
87;2021-02-15;237;391;15240;6260;4.1;1.7
87;2021-02-16;329;333;15569;6593;4.2;1.8
87;2021-02-17;330;380;15899;6973;4.3;1.9
87;2021-02-18;475;646;16374;7619;4.4;2.1
87;2021-02-19;400;480;16774;8099;4.5;2.2
87;2021-02-20;122;197;16896;8296;4.6;2.2
87;2021-02-21;2;9;16898;8305;4.6;2.2
87;2021-02-22;438;575;17336;8880;4.7;2.4
87;2021-02-23;556;633;17892;9513;4.8;2.6
87;2021-02-24;450;586;18342;10099;4.9;2.7
87;2021-02-25;789;707;19131;10806;5.2;2.9
87;2021-02-26;840;476;19971;11282;5.4;3.0
87;2021-02-27;404;212;20375;11494;5.5;3.1
87;2021-02-28;3;0;20378;11494;5.5;3.1
87;2021-03-01;514;371;20892;11865;5.6;3.2
87;2021-03-02;1030;386;21922;12251;5.9;3.3
87;2021-03-03;1174;341;23096;12592;6.2;3.4
87;2021-03-04;1406;334;24502;12926;6.6;3.5
87;2021-03-05;1767;285;26269;13211;7.1;3.6
87;2021-03-06;1041;35;27310;13246;7.4;3.6
87;2021-03-07;257;5;27567;13251;7.4;3.6
87;2021-03-08;858;241;28425;13492;7.7;3.6
87;2021-03-09;1288;229;29713;13721;8.0;3.7
87;2021-03-10;1297;230;31010;13951;8.4;3.8
87;2021-03-11;1753;251;32763;14202;8.8;3.8
87;2021-03-12;2124;284;34887;14486;9.4;3.9
87;2021-03-13;1308;18;36195;14504;9.8;3.9
87;2021-03-14;80;1;36275;14505;9.8;3.9
87;2021-03-15;988;357;37263;14862;10.1;4.0
87;2021-03-16;1061;241;38324;15103;10.3;4.1
87;2021-03-17;1070;219;39394;15322;10.6;4.1
87;2021-03-18;1179;334;40573;15656;10.9;4.2
87;2021-03-19;1682;273;42255;15929;11.4;4.3
87;2021-03-20;921;85;43176;16014;11.6;4.3
87;2021-03-21;32;0;43208;16014;11.7;4.3
87;2021-03-22;1041;379;44249;16393;11.9;4.4
87;2021-03-23;1385;425;45634;16818;12.3;4.5
87;2021-03-24;1508;365;47142;17183;12.7;4.6
87;2021-03-25;2495;391;49637;17574;13.4;4.7
87;2021-03-26;2530;453;52167;18027;14.1;4.9
87;2021-03-27;889;125;53056;18152;14.3;4.9
87;2021-03-28;269;16;53325;18168;14.4;4.9
87;2021-03-29;1116;416;54441;18584;14.7;5.0
87;2021-03-30;1907;659;56348;19243;15.2;5.2
87;2021-03-31;1658;693;58006;19936;15.6;5.4
87;2021-04-01;2232;571;60238;20507;16.2;5.5
87;2021-04-02;1840;627;62078;21134;16.7;5.7
87;2021-04-03;455;265;62533;21399;16.9;5.8
87;2021-04-04;1;0;62534;21399;16.9;5.8
87;2021-04-05;82;1;62616;21400;16.9;5.8
87;2021-04-06;994;901;63610;22301;17.2;6.0
87;2021-04-07;1483;924;65093;23225;17.6;6.3
87;2021-04-08;1781;1031;66874;24256;18.0;6.5
87;2021-04-09;2643;735;69517;24991;18.7;6.7
87;2021-04-10;1189;306;70706;25297;19.1;6.8
87;2021-04-11;67;0;70773;25297;19.1;6.8
87;2021-04-12;1621;824;72394;26121;19.5;7.0
87;2021-04-13;2287;1058;74681;27179;20.1;7.3
87;2021-04-14;2526;1181;77207;28360;20.8;7.6
87;2021-04-15;2222;1069;79429;29429;21.4;7.9
87;2021-04-16;2734;1068;82163;30497;22.2;8.2
87;2021-04-17;731;386;82894;30883;22.4;8.3
87;2021-04-18;111;140;83005;31023;22.4;8.4
87;2021-04-19;1657;829;84662;31852;22.8;8.6
87;2021-04-20;2084;878;86746;32730;23.4;8.8
87;2021-04-21;2291;989;89037;33719;24.0;9.1
87;2021-04-22;2565;1155;91602;34874;24.7;9.4
87;2021-04-23;1994;1179;93596;36053;25.2;9.7
87;2021-04-24;825;617;94421;36670;25.5;9.9
87;2021-04-25;64;103;94485;36773;25.5;9.9
87;2021-04-26;1356;916;95841;37689;25.8;10.2
87;2021-04-27;2397;1206;98238;38895;26.5;10.5
87;2021-04-28;3867;1438;102105;40333;27.5;10.9
87;2021-04-29;3075;1837;105180;42170;28.4;11.4
87;2021-04-30;3171;1354;108351;43524;29.2;11.7
87;2021-05-01;613;56;108964;43580;29.4;11.8
87;2021-05-02;361;4;109325;43584;29.5;11.8
87;2021-05-03;2302;934;111627;44518;30.1;12.0
87;2021-05-04;2905;1069;114532;45587;30.9;12.3
87;2021-05-05;2987;1508;117519;47095;31.7;12.7
87;2021-05-06;2531;1722;120050;48817;32.4;13.2
87;2021-05-07;2945;1713;122995;50530;33.2;13.6
87;2021-05-08;771;293;123766;50823;33.4;13.7
87;2021-05-09;19;133;123785;50956;33.4;13.7
87;2021-05-10;1928;1602;125713;52558;33.9;14.2
87;2021-05-11;2466;1906;128179;54464;34.6;14.7
87;2021-05-12;2619;2063;130798;56527;35.3;15.2
87;2021-05-13;1085;292;131883;56819;35.6;15.3
87;2021-05-14;2245;1769;134128;58588;36.2;15.8
87;2021-05-15;950;404;135078;58992;36.4;15.9
87;2021-05-16;141;73;135219;59065;36.5;15.9
87;2021-05-17;1627;1760;136846;60825;36.9;16.4
87;2021-05-18;2634;1812;139480;62637;37.6;16.9
87;2021-05-19;2816;1548;142296;64185;38.4;17.3
87;2021-05-20;3304;1718;145600;65903;39.3;17.8
87;2021-05-21;2761;1833;148361;67736;40.0;18.3
87;2021-05-22;1457;626;149818;68362;40.4;18.4
87;2021-05-23;210;92;150028;68454;40.5;18.5
87;2021-05-24;1056;140;151084;68594;40.7;18.5
87;2021-05-25;2116;1812;153200;70406;41.3;19.0
87;2021-05-26;3221;2473;156421;72879;42.2;19.7
87;2021-05-27;3019;2353;159440;75232;43.0;20.3
87;2021-05-28;2669;2518;162109;77750;43.7;21.0
87;2021-05-29;1060;1315;163169;79065;44.0;21.3
87;2021-05-30;257;59;163426;79124;44.1;21.3
87;2021-05-31;2289;1358;165715;80482;44.7;21.7
87;2021-06-01;2548;1865;168263;82347;45.4;22.2
87;2021-06-02;2519;1855;170782;84202;46.1;22.7
87;2021-06-03;3207;2528;173989;86730;46.9;23.4
87;2021-06-04;2837;2055;176826;88785;47.7;23.9
87;2021-06-05;1310;574;178136;89359;48.0;24.1
87;2021-06-06;263;95;178399;89454;48.1;24.1
87;2021-06-07;2100;1902;180499;91356;48.7;24.6
87;2021-06-08;2933;2570;183432;93926;49.5;25.3
87;2021-06-09;2304;2812;185736;96738;50.1;26.1
87;2021-06-10;2974;2552;188710;99290;50.9;26.8
87;2021-06-11;2366;3071;191076;102361;51.5;27.6
87;2021-06-12;1221;1103;192297;103464;51.9;27.9
87;2021-06-13;291;484;192588;103948;51.9;28.0
87;2021-06-14;980;2730;193568;106678;52.2;28.8
87;2021-06-15;1361;3321;194929;109999;52.6;29.7
87;2021-06-16;1650;3421;196579;113420;53.0;30.6
87;2021-06-17;2436;2314;199015;115734;53.7;31.2
87;2021-06-18;1786;3016;200801;118750;54.2;32.0
87;2021-06-19;1046;1176;201847;119926;54.4;32.3
87;2021-06-20;205;205;202052;120131;54.5;32.4
87;2021-06-21;1041;2643;203093;122774;54.8;33.1
87;2021-06-22;1029;2885;204122;125659;55.1;33.9
87;2021-06-23;1256;3080;205378;128739;55.4;34.7
87;2021-06-24;1618;2553;206996;131292;55.8;35.4
87;2021-06-25;1444;2712;208440;134004;56.2;36.1
87;2021-06-26;529;1202;208969;135206;56.4;36.5
87;2021-06-27;26;212;208995;135418;56.4;36.5
87;2021-06-28;714;2572;209709;137990;56.6;37.2
87;2021-06-29;1153;3410;210862;141400;56.9;38.1
87;2021-06-30;1119;2650;211981;144050;57.2;38.9
87;2021-07-01;1476;2550;213457;146600;57.6;39.5
87;2021-07-02;1198;3462;214655;150062;57.9;40.5
87;2021-07-03;413;1509;215068;151571;58.0;40.9
87;2021-07-04;23;383;215091;151954;58.0;41.0
87;2021-07-05;685;2395;215776;154349;58.2;41.6
87;2021-07-06;581;3227;216357;157576;58.4;42.5
87;2021-07-07;861;3350;217218;160926;58.6;43.4
87;2021-07-08;1118;3666;218336;164592;58.9;44.4
87;2021-07-09;1105;3702;219441;168294;59.2;45.4
87;2021-07-10;285;1357;219726;169651;59.3;45.8
87;2021-07-11;49;284;219775;169935;59.3;45.8
87;2021-07-12;546;3192;220321;173127;59.4;46.7
87;2021-07-13;825;3517;221146;176644;59.6;47.6
87;2021-07-14;514;539;221660;177183;59.8;47.8
87;2021-07-15;1347;3462;223007;180645;60.1;48.7
87;2021-07-16;1721;3596;224728;184241;60.6;49.7
87;2021-07-17;648;1370;225376;185611;60.8;50.1
87;2021-07-18;81;283;225457;185894;60.8;50.1
87;2021-07-19;1423;3401;226880;189295;61.2;51.1
87;2021-07-20;1797;3590;228677;192885;61.7;52.0
87;2021-07-21;1443;3146;230120;196031;62.1;52.9
87;2021-07-22;1871;3248;231991;199279;62.6;53.7
87;2021-07-23;1862;3167;233853;202446;63.1;54.6
87;2021-07-24;808;1282;234661;203728;63.3;54.9
87;2021-07-25;105;241;234766;203969;63.3;55.0
87;2021-07-26;1533;2319;236299;206288;63.7;55.6
87;2021-07-27;2522;2054;238821;208342;64.4;56.2
87;2021-07-28;2388;1995;241209;210337;65.1;56.7
87;2021-07-29;2988;1981;244197;212318;65.9;57.3
87;2021-07-30;2529;2065;246726;214383;66.5;57.8
87;2021-07-31;1104;834;247830;215217;66.8;58.0
87;2021-08-01;282;148;248112;215365;66.9;58.1
87;2021-08-02;2096;1506;250208;216871;67.5;58.5
87;2021-08-03;2477;1319;252685;218190;68.2;58.8
88;2020-12-27;0;0;0;0;0.0;0.0
88;2020-12-28;0;0;0;0;0.0;0.0
88;2020-12-29;0;0;0;0;0.0;0.0
88;2020-12-30;0;0;0;0;0.0;0.0
88;2020-12-31;0;0;0;0;0.0;0.0
88;2021-01-01;2;0;2;0;0.0;0.0
88;2021-01-02;0;0;2;0;0.0;0.0
88;2021-01-03;0;0;2;0;0.0;0.0
88;2021-01-04;0;0;2;0;0.0;0.0
88;2021-01-05;1;0;3;0;0.0;0.0
88;2021-01-06;3;0;6;0;0.0;0.0
88;2021-01-07;70;1;76;1;0.0;0.0
88;2021-01-08;189;2;265;3;0.1;0.0
88;2021-01-09;190;0;455;3;0.1;0.0
88;2021-01-10;0;0;455;3;0.1;0.0
88;2021-01-11;226;0;681;3;0.2;0.0
88;2021-01-12;422;1;1103;4;0.3;0.0
88;2021-01-13;490;2;1593;6;0.4;0.0
88;2021-01-14;344;2;1937;8;0.5;0.0
88;2021-01-15;379;2;2316;10;0.6;0.0
88;2021-01-16;62;0;2378;10;0.7;0.0
88;2021-01-17;0;0;2378;10;0.7;0.0
88;2021-01-18;460;0;2838;10;0.8;0.0
88;2021-01-19;451;0;3289;10;0.9;0.0
88;2021-01-20;461;1;3750;11;1.0;0.0
88;2021-01-21;1543;1;5293;12;1.5;0.0
88;2021-01-22;1160;1;6453;13;1.8;0.0
88;2021-01-23;284;0;6737;13;1.9;0.0
88;2021-01-24;298;2;7035;15;2.0;0.0
88;2021-01-25;938;3;7973;18;2.2;0.0
88;2021-01-26;388;6;8361;24;2.3;0.0
88;2021-01-27;3;0;8364;24;2.3;0.0
88;2021-01-28;162;37;8526;61;2.4;0.0
88;2021-01-29;526;163;9052;224;2.5;0.1
88;2021-01-30;288;127;9340;351;2.6;0.1
88;2021-01-31;0;0;9340;351;2.6;0.1
88;2021-02-01;405;283;9745;634;2.7;0.2
88;2021-02-02;333;364;10078;998;2.8;0.3
88;2021-02-03;437;241;10515;1239;2.9;0.3
88;2021-02-04;316;230;10831;1469;3.0;0.4
88;2021-02-05;458;251;11289;1720;3.1;0.5
88;2021-02-06;108;56;11397;1776;3.2;0.5
88;2021-02-07;0;0;11397;1776;3.2;0.5
88;2021-02-08;359;206;11756;1982;3.3;0.6
88;2021-02-09;291;288;12047;2270;3.4;0.6
88;2021-02-10;414;348;12461;2618;3.5;0.7
88;2021-02-11;849;1093;13310;3711;3.7;1.0
88;2021-02-12;940;703;14250;4414;4.0;1.2
88;2021-02-13;162;212;14412;4626;4.0;1.3
88;2021-02-14;81;216;14493;4842;4.0;1.3
88;2021-02-15;641;1077;15134;5919;4.2;1.6
88;2021-02-16;472;727;15606;6646;4.3;1.8
88;2021-02-17;456;440;16062;7086;4.5;2.0
88;2021-02-18;516;385;16578;7471;4.6;2.1
88;2021-02-19;535;461;17113;7932;4.8;2.2
88;2021-02-20;156;101;17269;8033;4.8;2.2
88;2021-02-21;1;25;17270;8058;4.8;2.2
88;2021-02-22;425;344;17695;8402;4.9;2.3
88;2021-02-23;402;234;18097;8636;5.0;2.4
88;2021-02-24;506;210;18603;8846;5.2;2.5
88;2021-02-25;675;283;19278;9129;5.4;2.5
88;2021-02-26;861;276;20139;9405;5.6;2.6
88;2021-02-27;265;34;20404;9439;5.7;2.6
88;2021-02-28;30;1;20434;9440;5.7;2.6
88;2021-03-01;359;466;20793;9906;5.8;2.8
88;2021-03-02;432;498;21225;10404;5.9;2.9
88;2021-03-03;648;464;21873;10868;6.1;3.0
88;2021-03-04;1038;755;22911;11623;6.4;3.2
88;2021-03-05;935;693;23846;12316;6.6;3.4
88;2021-03-06;1870;115;25716;12431;7.2;3.5
88;2021-03-07;1058;77;26774;12508;7.4;3.5
88;2021-03-08;726;690;27500;13198;7.6;3.7
88;2021-03-09;1094;531;28594;13729;8.0;3.8
88;2021-03-10;1078;494;29672;14223;8.3;4.0
88;2021-03-11;1436;399;31108;14622;8.7;4.1
88;2021-03-12;1309;485;32417;15107;9.0;4.2
88;2021-03-13;1210;123;33627;15230;9.4;4.2
88;2021-03-14;166;5;33793;15235;9.4;4.2
88;2021-03-15;930;448;34723;15683;9.7;4.4
88;2021-03-16;1024;343;35747;16026;9.9;4.5
88;2021-03-17;901;422;36648;16448;10.2;4.6
88;2021-03-18;1301;396;37949;16844;10.6;4.7
88;2021-03-19;1463;498;39412;17342;11.0;4.8
88;2021-03-20;1316;47;40728;17389;11.3;4.8
88;2021-03-21;37;0;40765;17389;11.3;4.8
88;2021-03-22;1231;541;41996;17930;11.7;5.0
88;2021-03-23;1781;437;43777;18367;12.2;5.1
88;2021-03-24;1873;474;45650;18841;12.7;5.2
88;2021-03-25;2497;485;48147;19326;13.4;5.4
88;2021-03-26;2477;452;50624;19778;14.1;5.5
88;2021-03-27;880;292;51504;20070;14.3;5.6
88;2021-03-28;60;4;51564;20074;14.3;5.6
88;2021-03-29;1305;441;52869;20515;14.7;5.7
88;2021-03-30;2061;391;54930;20906;15.3;5.8
88;2021-03-31;1616;572;56546;21478;15.7;6.0
88;2021-04-01;2116;709;58662;22187;16.3;6.2
88;2021-04-02;2813;632;61475;22819;17.1;6.3
88;2021-04-03;741;207;62216;23026;17.3;6.4
88;2021-04-04;16;1;62232;23027;17.3;6.4
88;2021-04-05;23;2;62255;23029;17.3;6.4
88;2021-04-06;1135;675;63390;23704;17.6;6.6
88;2021-04-07;1600;711;64990;24415;18.1;6.8
88;2021-04-08;1859;783;66849;25198;18.6;7.0
88;2021-04-09;3078;734;69927;25932;19.5;7.2
88;2021-04-10;724;646;70651;26578;19.7;7.4
88;2021-04-11;33;1;70684;26579;19.7;7.4
88;2021-04-12;1538;981;72222;27560;20.1;7.7
88;2021-04-13;2037;1091;74259;28651;20.7;8.0
88;2021-04-14;1908;949;76167;29600;21.2;8.2
88;2021-04-15;1967;1241;78134;30841;21.7;8.6
88;2021-04-16;2108;1048;80242;31889;22.3;8.9
88;2021-04-17;1429;766;81671;32655;22.7;9.1
88;2021-04-18;268;22;81939;32677;22.8;9.1
88;2021-04-19;1175;1237;83114;33914;23.1;9.4
88;2021-04-20;1191;1395;84305;35309;23.4;9.8
88;2021-04-21;1503;1297;85808;36606;23.9;10.2
88;2021-04-22;1898;1627;87706;38233;24.4;10.6
88;2021-04-23;1823;2039;89529;40272;24.9;11.2
88;2021-04-24;1184;778;90713;41050;25.2;11.4
88;2021-04-25;33;2;90746;41052;25.2;11.4
88;2021-04-26;1180;1170;91926;42222;25.6;11.7
88;2021-04-27;1278;1734;93204;43956;25.9;12.2
88;2021-04-28;1633;1493;94837;45449;26.4;12.6
88;2021-04-29;2082;1459;96919;46908;27.0;13.0
88;2021-04-30;2449;1621;99368;48529;27.6;13.5
88;2021-05-01;2004;266;101372;48795;28.2;13.6
88;2021-05-02;1300;121;102672;48916;28.6;13.6
88;2021-05-03;1559;1218;104231;50134;29.0;13.9
88;2021-05-04;1444;1462;105675;51596;29.4;14.4
88;2021-05-05;2426;1596;108101;53192;30.1;14.8
88;2021-05-06;3208;1209;111309;54401;31.0;15.1
88;2021-05-07;2938;1354;114247;55755;31.8;15.5
88;2021-05-08;1531;464;115778;56219;32.2;15.6
88;2021-05-09;1733;151;117511;56370;32.7;15.7
88;2021-05-10;1764;1572;119275;57942;33.2;16.1
88;2021-05-11;2658;1907;121933;59849;33.9;16.6
88;2021-05-12;2531;1850;124464;61699;34.6;17.2
88;2021-05-13;3258;671;127722;62370;35.5;17.3
88;2021-05-14;2499;1534;130221;63904;36.2;17.8
88;2021-05-15;1625;734;131846;64638;36.7;18.0
88;2021-05-16;1333;102;133179;64740;37.0;18.0
88;2021-05-17;1987;940;135166;65680;37.6;18.3
88;2021-05-18;2255;1109;137421;66789;38.2;18.6
88;2021-05-19;2724;1142;140145;67931;39.0;18.9
88;2021-05-20;3344;1230;143489;69161;39.9;19.2
88;2021-05-21;2872;1142;146361;70303;40.7;19.6
88;2021-05-22;1432;707;147793;71010;41.1;19.8
88;2021-05-23;557;73;148350;71083;41.3;19.8
88;2021-05-24;1675;428;150025;71511;41.7;19.9
88;2021-05-25;1646;1172;151671;72683;42.2;20.2
88;2021-05-26;2369;1134;154040;73817;42.8;20.5
88;2021-05-27;2200;1360;156240;75177;43.5;20.9
88;2021-05-28;1892;1988;158132;77165;44.0;21.5
88;2021-05-29;1232;1753;159364;78918;44.3;22.0
88;2021-05-30;588;417;159952;79335;44.5;22.1
88;2021-05-31;1326;1851;161278;81186;44.9;22.6
88;2021-06-01;1718;1988;162996;83174;45.3;23.1
88;2021-06-02;2076;1865;165072;85039;45.9;23.7
88;2021-06-03;2736;1614;167808;86653;46.7;24.1
88;2021-06-04;2041;1936;169849;88589;47.2;24.6
88;2021-06-05;1529;1139;171378;89728;47.7;25.0
88;2021-06-06;691;155;172069;89883;47.9;25.0
88;2021-06-07;1290;1702;173359;91585;48.2;25.5
88;2021-06-08;1662;1929;175021;93514;48.7;26.0
88;2021-06-09;1617;1905;176638;95419;49.1;26.5
88;2021-06-10;1778;2045;178416;97464;49.6;27.1
88;2021-06-11;1547;2214;179963;99678;50.1;27.7
88;2021-06-12;668;1654;180631;101332;50.2;28.2
88;2021-06-13;464;377;181095;101709;50.4;28.3
88;2021-06-14;1029;2244;182124;103953;50.7;28.9
88;2021-06-15;1928;2449;184052;106402;51.2;29.6
88;2021-06-16;1483;2869;185535;109271;51.6;30.4
88;2021-06-17;1598;2729;187133;112000;52.1;31.2
88;2021-06-18;1358;2456;188491;114456;52.4;31.8
88;2021-06-19;701;1090;189192;115546;52.6;32.1
88;2021-06-20;77;79;189269;115625;52.6;32.2
88;2021-06-21;672;2579;189941;118204;52.8;32.9
88;2021-06-22;869;3431;190810;121635;53.1;33.8
88;2021-06-23;1141;2879;191951;124514;53.4;34.6
88;2021-06-24;702;2604;192653;127118;53.6;35.4
88;2021-06-25;1435;3181;194088;130299;54.0;36.2
88;2021-06-26;904;2073;194992;132372;54.2;36.8
88;2021-06-27;543;633;195535;133005;54.4;37.0
88;2021-06-28;756;2504;196291;135509;54.6;37.7
88;2021-06-29;956;3355;197247;138864;54.9;38.6
88;2021-06-30;1133;3111;198380;141975;55.2;39.5
88;2021-07-01;1056;2686;199436;144661;55.5;40.2
88;2021-07-02;986;3143;200422;147804;55.7;41.1
88;2021-07-03;691;1699;201113;149503;55.9;41.6
88;2021-07-04;257;817;201370;150320;56.0;41.8
88;2021-07-05;991;2022;202361;152342;56.3;42.4
88;2021-07-06;1019;2414;203380;154756;56.6;43.0
88;2021-07-07;1179;2585;204559;157341;56.9;43.8
88;2021-07-08;1074;2064;205633;159405;57.2;44.3
88;2021-07-09;1583;2705;207216;162110;57.6;45.1
88;2021-07-10;706;1818;207922;163928;57.8;45.6
88;2021-07-11;467;695;208389;164623;58.0;45.8
88;2021-07-12;1048;2516;209437;167139;58.3;46.5
88;2021-07-13;1308;2659;210745;169798;58.6;47.2
88;2021-07-14;1185;798;211930;170596;58.9;47.5
88;2021-07-15;1732;3315;213662;173911;59.4;48.4
88;2021-07-16;1467;2961;215129;176872;59.8;49.2
88;2021-07-17;798;1589;215927;178461;60.1;49.6
88;2021-07-18;180;680;216107;179141;60.1;49.8
88;2021-07-19;1556;2233;217663;181374;60.5;50.4
88;2021-07-20;2135;2392;219798;183766;61.1;51.1
88;2021-07-21;1929;2226;221727;185992;61.7;51.7
88;2021-07-22;1694;2104;223421;188096;62.1;52.3
88;2021-07-23;2494;2779;225915;190875;62.8;53.1
88;2021-07-24;1053;1182;226968;192057;63.1;53.4
88;2021-07-25;431;607;227399;192664;63.3;53.6
88;2021-07-26;1705;2063;229104;194727;63.7;54.2
88;2021-07-27;2338;2051;231442;196778;64.4;54.7
88;2021-07-28;2199;2245;233641;199023;65.0;55.4
88;2021-07-29;3007;1623;236648;200646;65.8;55.8
88;2021-07-30;2263;2275;238911;202921;66.5;56.4
88;2021-07-31;1096;1028;240007;203949;66.8;56.7
88;2021-08-01;439;459;240446;204408;66.9;56.9
88;2021-08-02;2351;1754;242797;206162;67.5;57.3
88;2021-08-03;2847;1555;245644;207717;68.3;57.8
89;2020-12-27;0;0;0;0;0.0;0.0
89;2020-12-28;0;0;0;0;0.0;0.0
89;2020-12-29;0;0;0;0;0.0;0.0
89;2020-12-30;0;0;0;0;0.0;0.0
89;2020-12-31;0;0;0;0;0.0;0.0
89;2021-01-01;0;0;0;0;0.0;0.0
89;2021-01-02;0;0;0;0;0.0;0.0
89;2021-01-03;0;0;0;0;0.0;0.0
89;2021-01-04;0;0;0;0;0.0;0.0
89;2021-01-05;0;0;0;0;0.0;0.0
89;2021-01-06;48;0;48;0;0.0;0.0
89;2021-01-07;201;0;249;0;0.1;0.0
89;2021-01-08;48;0;297;0;0.1;0.0
89;2021-01-09;1;0;298;0;0.1;0.0
89;2021-01-10;0;0;298;0;0.1;0.0
89;2021-01-11;220;0;518;0;0.2;0.0
89;2021-01-12;349;0;867;0;0.3;0.0
89;2021-01-13;533;1;1400;1;0.4;0.0
89;2021-01-14;707;7;2107;8;0.6;0.0
89;2021-01-15;275;2;2382;10;0.7;0.0
89;2021-01-16;90;3;2472;13;0.7;0.0
89;2021-01-17;0;0;2472;13;0.7;0.0
89;2021-01-18;503;0;2975;13;0.9;0.0
89;2021-01-19;839;3;3814;16;1.1;0.0
89;2021-01-20;760;1;4574;17;1.4;0.0
89;2021-01-21;939;4;5513;21;1.7;0.0
89;2021-01-22;1016;1;6529;22;2.0;0.0
89;2021-01-23;200;0;6729;22;2.0;0.0
89;2021-01-24;106;0;6835;22;2.1;0.0
89;2021-01-25;482;4;7317;26;2.2;0.0
89;2021-01-26;581;13;7898;39;2.4;0.0
89;2021-01-27;472;38;8370;77;2.5;0.0
89;2021-01-28;550;127;8920;204;2.7;0.1
89;2021-01-29;957;43;9877;247;3.0;0.1
89;2021-01-30;184;67;10061;314;3.0;0.1
89;2021-01-31;24;2;10085;316;3.0;0.1
89;2021-02-01;255;153;10340;469;3.1;0.1
89;2021-02-02;282;339;10622;808;3.2;0.2
89;2021-02-03;290;345;10912;1153;3.3;0.3
89;2021-02-04;433;595;11345;1748;3.4;0.5
89;2021-02-05;387;201;11732;1949;3.5;0.6
89;2021-02-06;77;66;11809;2015;3.6;0.6
89;2021-02-07;0;0;11809;2015;3.6;0.6
89;2021-02-08;288;189;12097;2204;3.6;0.7
89;2021-02-09;285;443;12382;2647;3.7;0.8
89;2021-02-10;396;313;12778;2960;3.8;0.9
89;2021-02-11;332;564;13110;3524;3.9;1.1
89;2021-02-12;427;597;13537;4121;4.1;1.2
89;2021-02-13;52;143;13589;4264;4.1;1.3
89;2021-02-14;20;116;13609;4380;4.1;1.3
89;2021-02-15;216;413;13825;4793;4.2;1.4
89;2021-02-16;134;537;13959;5330;4.2;1.6
89;2021-02-17;262;438;14221;5768;4.3;1.7
89;2021-02-18;225;558;14446;6326;4.3;1.9
89;2021-02-19;243;654;14689;6980;4.4;2.1
89;2021-02-20;33;140;14722;7120;4.4;2.1
89;2021-02-21;0;10;14722;7130;4.4;2.1
89;2021-02-22;233;451;14955;7581;4.5;2.3
89;2021-02-23;171;471;15126;8052;4.6;2.4
89;2021-02-24;340;390;15466;8442;4.7;2.5
89;2021-02-25;369;466;15835;8908;4.8;2.7
89;2021-02-26;382;336;16217;9244;4.9;2.8
89;2021-02-27;137;81;16354;9325;4.9;2.8
89;2021-02-28;6;13;16360;9338;4.9;2.8
89;2021-03-01;541;237;16901;9575;5.1;2.9
89;2021-03-02;751;342;17652;9917;5.3;3.0
89;2021-03-03;648;276;18300;10193;5.5;3.1
89;2021-03-04;632;380;18932;10573;5.7;3.2
89;2021-03-05;728;503;19660;11076;5.9;3.3
89;2021-03-06;545;129;20205;11205;6.1;3.4
89;2021-03-07;287;40;20492;11245;6.2;3.4
89;2021-03-08;557;326;21049;11571;6.3;3.5
89;2021-03-09;997;269;22046;11840;6.6;3.6
89;2021-03-10;977;251;23023;12091;6.9;3.6
89;2021-03-11;1073;301;24096;12392;7.3;3.7
89;2021-03-12;1280;333;25376;12725;7.6;3.8
89;2021-03-13;635;42;26011;12767;7.8;3.8
89;2021-03-14;1;0;26012;12767;7.8;3.8
89;2021-03-15;813;306;26825;13073;8.1;3.9
89;2021-03-16;947;221;27772;13294;8.4;4.0
89;2021-03-17;917;265;28689;13559;8.6;4.1
89;2021-03-18;881;253;29570;13812;8.9;4.2
89;2021-03-19;1147;190;30717;14002;9.2;4.2
89;2021-03-20;844;25;31561;14027;9.5;4.2
89;2021-03-21;172;5;31733;14032;9.6;4.2
89;2021-03-22;1042;222;32775;14254;9.9;4.3
89;2021-03-23;1739;254;34514;14508;10.4;4.4
89;2021-03-24;1961;323;36475;14831;11.0;4.5
89;2021-03-25;1815;165;38290;14996;11.5;4.5
89;2021-03-26;2625;180;40915;15176;12.3;4.6
89;2021-03-27;1774;47;42689;15223;12.9;4.6
89;2021-03-28;32;3;42721;15226;12.9;4.6
89;2021-03-29;963;580;43684;15806;13.2;4.8
89;2021-03-30;1153;566;44837;16372;13.5;4.9
89;2021-03-31;2005;466;46842;16838;14.1;5.1
89;2021-04-01;2117;455;48959;17293;14.7;5.2
89;2021-04-02;2138;443;51097;17736;15.4;5.3
89;2021-04-03;1001;240;52098;17976;15.7;5.4
89;2021-04-04;16;1;52114;17977;15.7;5.4
89;2021-04-05;92;2;52206;17979;15.7;5.4
89;2021-04-06;1032;756;53238;18735;16.0;5.6
89;2021-04-07;1033;803;54271;19538;16.3;5.9
89;2021-04-08;1731;719;56002;20257;16.9;6.1
89;2021-04-09;2161;730;58163;20987;17.5;6.3
89;2021-04-10;890;179;59053;21166;17.8;6.4
89;2021-04-11;37;50;59090;21216;17.8;6.4
89;2021-04-12;1014;788;60104;22004;18.1;6.6
89;2021-04-13;1358;1077;61462;23081;18.5;7.0
89;2021-04-14;1210;1037;62672;24118;18.9;7.3
89;2021-04-15;1415;944;64087;25062;19.3;7.5
89;2021-04-16;1331;938;65418;26000;19.7;7.8
89;2021-04-17;1066;454;66484;26454;20.0;8.0
89;2021-04-18;27;154;66511;26608;20.0;8.0
89;2021-04-19;750;1029;67261;27637;20.3;8.3
89;2021-04-20;1019;1533;68280;29170;20.6;8.8
89;2021-04-21;816;1099;69096;30269;20.8;9.1
89;2021-04-22;1104;1166;70200;31435;21.1;9.5
89;2021-04-23;1823;1965;72023;33400;21.7;10.1
89;2021-04-24;1172;1177;73195;34577;22.0;10.4
89;2021-04-25;139;6;73334;34583;22.1;10.4
89;2021-04-26;1499;770;74833;35353;22.5;10.6
89;2021-04-27;1732;1055;76565;36408;23.1;11.0
89;2021-04-28;1589;1851;78154;38259;23.5;11.5
89;2021-04-29;1970;1912;80124;40171;24.1;12.1
89;2021-04-30;1806;1760;81930;41931;24.7;12.6
89;2021-05-01;846;722;82776;42653;24.9;12.8
89;2021-05-02;133;31;82909;42684;25.0;12.9
89;2021-05-03;1605;759;84514;43443;25.4;13.1
89;2021-05-04;1621;1128;86135;44571;25.9;13.4
89;2021-05-05;2320;1261;88455;45832;26.6;13.8
89;2021-05-06;2414;1376;90869;47208;27.4;14.2
89;2021-05-07;2723;1314;93592;48522;28.2;14.6
89;2021-05-08;1784;533;95376;49055;28.7;14.8
89;2021-05-09;196;18;95572;49073;28.8;14.8
89;2021-05-10;1199;940;96771;50013;29.1;15.1
89;2021-05-11;2487;1445;99258;51458;29.9;15.5
89;2021-05-12;2061;1216;101319;52674;30.5;15.9
89;2021-05-13;414;333;101733;53007;30.6;16.0
89;2021-05-14;1878;1090;103611;54097;31.2;16.3
89;2021-05-15;2247;393;105858;54490;31.9;16.4
89;2021-05-16;10;35;105868;54525;31.9;16.4
89;2021-05-17;2089;636;107957;55161;32.5;16.6
89;2021-05-18;2323;827;110280;55988;33.2;16.9
89;2021-05-19;2860;879;113140;56867;34.1;17.1
89;2021-05-20;2927;884;116067;57751;34.9;17.4
89;2021-05-21;2481;876;118548;58627;35.7;17.7
89;2021-05-22;1427;570;119975;59197;36.1;17.8
89;2021-05-23;108;10;120083;59207;36.2;17.8
89;2021-05-24;286;223;120369;59430;36.2;17.9
89;2021-05-25;1557;983;121926;60413;36.7;18.2
89;2021-05-26;1816;1020;123742;61433;37.3;18.5
89;2021-05-27;2113;1353;125855;62786;37.9;18.9
89;2021-05-28;2143;1423;127998;64209;38.5;19.3
89;2021-05-29;540;658;128538;64867;38.7;19.5
89;2021-05-30;25;22;128563;64889;38.7;19.5
89;2021-05-31;1248;968;129811;65857;39.1;19.8
89;2021-06-01;1505;981;131316;66838;39.5;20.1
89;2021-06-02;1949;1277;133265;68115;40.1;20.5
89;2021-06-03;2425;1521;135690;69636;40.9;21.0
89;2021-06-04;2141;1885;137831;71521;41.5;21.5
89;2021-06-05;1183;1224;139014;72745;41.9;21.9
89;2021-06-06;22;37;139036;72782;41.9;21.9
89;2021-06-07;2109;1446;141145;74228;42.5;22.4
89;2021-06-08;2196;1453;143341;75681;43.2;22.8
89;2021-06-09;2319;1506;145660;77187;43.9;23.2
89;2021-06-10;2789;1600;148449;78787;44.7;23.7
89;2021-06-11;1945;1746;150394;80533;45.3;24.2
89;2021-06-12;1103;757;151497;81290;45.6;24.5
89;2021-06-13;155;424;151652;81714;45.7;24.6
89;2021-06-14;1310;1822;152962;83536;46.1;25.2
89;2021-06-15;1401;2012;154363;85548;46.5;25.8
89;2021-06-16;1137;2582;155500;88130;46.8;26.5
89;2021-06-17;1428;2337;156928;90467;47.3;27.2
89;2021-06-18;1622;2874;158550;93341;47.7;28.1
89;2021-06-19;686;1662;159236;95003;47.9;28.6
89;2021-06-20;53;127;159289;95130;48.0;28.6
89;2021-06-21;759;1527;160048;96657;48.2;29.1
89;2021-06-22;1049;2679;161097;99336;48.5;29.9
89;2021-06-23;1154;1796;162251;101132;48.9;30.5
89;2021-06-24;1077;1497;163328;102629;49.2;30.9
89;2021-06-25;1005;2428;164333;105057;49.5;31.6
89;2021-06-26;560;2484;164893;107541;49.7;32.4
89;2021-06-27;13;28;164906;107569;49.7;32.4
89;2021-06-28;1026;2493;165932;110062;50.0;33.1
89;2021-06-29;685;2404;166617;112466;50.2;33.9
89;2021-06-30;1077;3177;167694;115643;50.5;34.8
89;2021-07-01;1021;2985;168715;118628;50.8;35.7
89;2021-07-02;1102;2749;169817;121377;51.1;36.5
89;2021-07-03;554;1572;170371;122949;51.3;37.0
89;2021-07-04;11;36;170382;122985;51.3;37.0
89;2021-07-05;1291;1837;171673;124822;51.7;37.6
89;2021-07-06;1048;2309;172721;127131;52.0;38.3
89;2021-07-07;664;1788;173385;128919;52.2;38.8
89;2021-07-08;789;1877;174174;130796;52.4;39.4
89;2021-07-09;1129;2606;175303;133402;52.8;40.2
89;2021-07-10;715;817;176018;134219;53.0;40.4
89;2021-07-11;25;39;176043;134258;53.0;40.4
89;2021-07-12;1422;1901;177465;136159;53.4;41.0
89;2021-07-13;2123;2743;179588;138902;54.1;41.8
89;2021-07-14;312;324;179900;139226;54.2;41.9
89;2021-07-15;2226;3226;182126;142452;54.8;42.9
89;2021-07-16;2381;2856;184507;145308;55.6;43.8
89;2021-07-17;1232;1226;185739;146534;55.9;44.1
89;2021-07-18;276;96;186015;146630;56.0;44.2
89;2021-07-19;1562;2813;187577;149443;56.5;45.0
89;2021-07-20;1911;3280;189488;152723;57.1;46.0
89;2021-07-21;2072;2720;191560;155443;57.7;46.8
89;2021-07-22;2460;2987;194020;158430;58.4;47.7
89;2021-07-23;2462;3097;196482;161527;59.2;48.6
89;2021-07-24;1228;1246;197710;162773;59.5;49.0
89;2021-07-25;68;184;197778;162957;59.6;49.1
89;2021-07-26;1709;2318;199487;165275;60.1;49.8
89;2021-07-27;2316;1899;201803;167174;60.8;50.3
89;2021-07-28;2510;1326;204313;168500;61.5;50.7
89;2021-07-29;2506;1612;206819;170112;62.3;51.2
89;2021-07-30;2647;1604;209466;171716;63.1;51.7
89;2021-07-31;1113;1072;210579;172788;63.4;52.0
89;2021-08-01;69;33;210648;172821;63.4;52.0
89;2021-08-02;1738;1274;212386;174095;64.0;52.4
89;2021-08-03;2405;1214;214791;175309;64.7;52.8
90;2020-12-27;0;0;0;0;0.0;0.0
90;2020-12-28;0;0;0;0;0.0;0.0
90;2020-12-29;0;0;0;0;0.0;0.0
90;2020-12-30;1;0;1;0;0.0;0.0
90;2020-12-31;0;0;1;0;0.0;0.0
90;2021-01-01;0;0;1;0;0.0;0.0
90;2021-01-02;1;0;2;0;0.0;0.0
90;2021-01-03;0;0;2;0;0.0;0.0
90;2021-01-04;2;0;4;0;0.0;0.0
90;2021-01-05;0;0;4;0;0.0;0.0
90;2021-01-06;0;0;4;0;0.0;0.0
90;2021-01-07;1;0;5;0;0.0;0.0
90;2021-01-08;170;0;175;0;0.1;0.0
90;2021-01-09;46;0;221;0;0.2;0.0
90;2021-01-10;0;0;221;0;0.2;0.0
90;2021-01-11;200;0;421;0;0.3;0.0
90;2021-01-12;430;0;851;0;0.6;0.0
90;2021-01-13;468;2;1319;2;0.9;0.0
90;2021-01-14;414;1;1733;3;1.2;0.0
90;2021-01-15;405;9;2138;12;1.5;0.0
90;2021-01-16;111;2;2249;14;1.6;0.0
90;2021-01-17;1;0;2250;14;1.6;0.0
90;2021-01-18;363;2;2613;16;1.9;0.0
90;2021-01-19;461;5;3074;21;2.2;0.0
90;2021-01-20;391;2;3465;23;2.5;0.0
90;2021-01-21;349;1;3814;24;2.7;0.0
90;2021-01-22;346;2;4160;26;3.0;0.0
90;2021-01-23;98;0;4258;26;3.0;0.0
90;2021-01-24;0;0;4258;26;3.0;0.0
90;2021-01-25;322;3;4580;29;3.3;0.0
90;2021-01-26;224;0;4804;29;3.4;0.0
90;2021-01-27;254;0;5058;29;3.6;0.0
90;2021-01-28;328;33;5386;62;3.8;0.0
90;2021-01-29;291;163;5677;225;4.1;0.2
90;2021-01-30;176;45;5853;270;4.2;0.2
90;2021-01-31;118;0;5971;270;4.3;0.2
90;2021-02-01;275;112;6246;382;4.5;0.3
90;2021-02-02;290;163;6536;545;4.7;0.4
90;2021-02-03;256;368;6792;913;4.8;0.7
90;2021-02-04;256;302;7048;1215;5.0;0.9
90;2021-02-05;266;271;7314;1486;5.2;1.1
90;2021-02-06;89;68;7403;1554;5.3;1.1
90;2021-02-07;0;0;7403;1554;5.3;1.1
90;2021-02-08;170;218;7573;1772;5.4;1.3
90;2021-02-09;139;166;7712;1938;5.5;1.4
90;2021-02-10;182;30;7894;1968;5.6;1.4
90;2021-02-11;228;109;8122;2077;5.8;1.5
90;2021-02-12;127;240;8249;2317;5.9;1.7
90;2021-02-13;95;45;8344;2362;6.0;1.7
90;2021-02-14;0;0;8344;2362;6.0;1.7
90;2021-02-15;113;280;8457;2642;6.0;1.9
90;2021-02-16;92;277;8549;2919;6.1;2.1
90;2021-02-17;178;205;8727;3124;6.2;2.2
90;2021-02-18;130;242;8857;3366;6.3;2.4
90;2021-02-19;64;272;8921;3638;6.4;2.6
90;2021-02-20;40;72;8961;3710;6.4;2.6
90;2021-02-21;0;0;8961;3710;6.4;2.6
90;2021-02-22;77;333;9038;4043;6.4;2.9
90;2021-02-23;40;259;9078;4302;6.5;3.1
90;2021-02-24;109;289;9187;4591;6.6;3.3
90;2021-02-25;89;313;9276;4904;6.6;3.5
90;2021-02-26;89;396;9365;5300;6.7;3.8
90;2021-02-27;140;178;9505;5478;6.8;3.9
90;2021-02-28;8;113;9513;5591;6.8;4.0
90;2021-03-01;212;233;9725;5824;6.9;4.2
90;2021-03-02;178;285;9903;6109;7.1;4.4
90;2021-03-03;239;354;10142;6463;7.2;4.6
90;2021-03-04;259;274;10401;6737;7.4;4.8
90;2021-03-05;358;269;10759;7006;7.7;5.0
90;2021-03-06;291;103;11050;7109;7.9;5.1
90;2021-03-07;18;1;11068;7110;7.9;5.1
90;2021-03-08;246;245;11314;7355;8.1;5.2
90;2021-03-09;427;162;11741;7517;8.4;5.4
90;2021-03-10;348;196;12089;7713;8.6;5.5
90;2021-03-11;348;118;12437;7831;8.9;5.6
90;2021-03-12;519;128;12956;7959;9.2;5.7
90;2021-03-13;539;47;13495;8006;9.6;5.7
90;2021-03-14;20;0;13515;8006;9.6;5.7
90;2021-03-15;386;116;13901;8122;9.9;5.8
90;2021-03-16;401;98;14302;8220;10.2;5.9
90;2021-03-17;323;73;14625;8293;10.4;5.9
90;2021-03-18;348;77;14973;8370;10.7;6.0
90;2021-03-19;468;78;15441;8448;11.0;6.0
90;2021-03-20;426;48;15867;8496;11.3;6.1
90;2021-03-21;7;2;15874;8498;11.3;6.1
90;2021-03-22;399;29;16273;8527;11.6;6.1
90;2021-03-23;735;72;17008;8599;12.1;6.1
90;2021-03-24;816;45;17824;8644;12.7;6.2
90;2021-03-25;945;71;18769;8715;13.4;6.2
90;2021-03-26;1226;57;19995;8772;14.3;6.3
90;2021-03-27;437;31;20432;8803;14.6;6.3
90;2021-03-28;34;0;20466;8803;14.6;6.3
90;2021-03-29;712;140;21178;8943;15.1;6.4
90;2021-03-30;674;153;21852;9096;15.6;6.5
90;2021-03-31;728;81;22580;9177;16.1;6.5
90;2021-04-01;601;117;23181;9294;16.5;6.6
90;2021-04-02;657;92;23838;9386;17.0;6.7
90;2021-04-03;370;39;24208;9425;17.3;6.7
90;2021-04-04;1;0;24209;9425;17.3;6.7
90;2021-04-05;0;0;24209;9425;17.3;6.7
90;2021-04-06;528;248;24737;9673;17.7;6.9
90;2021-04-07;484;262;25221;9935;18.0;7.1
90;2021-04-08;509;244;25730;10179;18.4;7.3
90;2021-04-09;749;265;26479;10444;18.9;7.5
90;2021-04-10;223;8;26702;10452;19.1;7.5
90;2021-04-11;7;0;26709;10452;19.1;7.5
90;2021-04-12;551;479;27260;10931;19.5;7.8
90;2021-04-13;631;529;27891;11460;19.9;8.2
90;2021-04-14;527;349;28418;11809;20.3;8.4
90;2021-04-15;905;280;29323;12089;20.9;8.6
90;2021-04-16;370;404;29693;12493;21.2;8.9
90;2021-04-17;189;127;29882;12620;21.3;9.0
90;2021-04-18;21;0;29903;12620;21.3;9.0
90;2021-04-19;435;569;30338;13189;21.6;9.4
90;2021-04-20;493;620;30831;13809;22.0;9.9
90;2021-04-21;353;495;31184;14304;22.3;10.2
90;2021-04-22;568;601;31752;14905;22.7;10.6
90;2021-04-23;504;744;32256;15649;23.0;11.2
90;2021-04-24;305;202;32561;15851;23.2;11.3
90;2021-04-25;1;0;32562;15851;23.2;11.3
90;2021-04-26;508;751;33070;16602;23.6;11.8
90;2021-04-27;641;679;33711;17281;24.1;12.3
90;2021-04-28;765;445;34476;17726;24.6;12.6
90;2021-04-29;1003;448;35479;18174;25.3;13.0
90;2021-04-30;1120;457;36599;18631;26.1;13.3
90;2021-05-01;60;42;36659;18673;26.2;13.3
90;2021-05-02;4;0;36663;18673;26.2;13.3
90;2021-05-03;903;286;37566;18959;26.8;13.5
90;2021-05-04;786;638;38352;19597;27.4;14.0
90;2021-05-05;893;506;39245;20103;28.0;14.3
90;2021-05-06;853;627;40098;20730;28.6;14.8
90;2021-05-07;440;510;40538;21240;28.9;15.2
90;2021-05-08;26;26;40564;21266;28.9;15.2
90;2021-05-09;5;33;40569;21299;28.9;15.2
90;2021-05-10;505;584;41074;21883;29.3;15.6
90;2021-05-11;778;633;41852;22516;29.9;16.1
90;2021-05-12;530;596;42382;23112;30.2;16.5
90;2021-05-13;1112;263;43494;23375;31.0;16.7
90;2021-05-14;866;402;44360;23777;31.7;17.0
90;2021-05-15;14;125;44374;23902;31.7;17.1
90;2021-05-16;2;7;44376;23909;31.7;17.1
90;2021-05-17;793;289;45169;24198;32.2;17.3
90;2021-05-18;1023;470;46192;24668;33.0;17.6
90;2021-05-19;1264;383;47456;25051;33.9;17.9
90;2021-05-20;1200;266;48656;25317;34.7;18.1
90;2021-05-21;1265;431;49921;25748;35.6;18.4
90;2021-05-22;9;131;49930;25879;35.6;18.5
90;2021-05-23;1;0;49931;25879;35.6;18.5
90;2021-05-24;368;266;50299;26145;35.9;18.7
90;2021-05-25;637;792;50936;26937;36.3;19.2
90;2021-05-26;631;568;51567;27505;36.8;19.6
90;2021-05-27;963;381;52530;27886;37.5;19.9
90;2021-05-28;668;826;53198;28712;38.0;20.5
90;2021-05-29;93;296;53291;29008;38.0;20.7
90;2021-05-30;4;1;53295;29009;38.0;20.7
90;2021-05-31;809;714;54104;29723;38.6;21.2
90;2021-06-01;968;740;55072;30463;39.3;21.7
90;2021-06-02;760;675;55832;31138;39.8;22.2
90;2021-06-03;757;743;56589;31881;40.4;22.7
90;2021-06-04;833;973;57422;32854;41.0;23.4
90;2021-06-05;53;425;57475;33279;41.0;23.7
90;2021-06-06;1;16;57476;33295;41.0;23.8
90;2021-06-07;1265;1081;58741;34376;41.9;24.5
90;2021-06-08;1481;935;60222;35311;43.0;25.2
90;2021-06-09;964;658;61186;35969;43.7;25.7
90;2021-06-10;624;496;61810;36465;44.1;26.0
90;2021-06-11;787;1127;62597;37592;44.7;26.8
90;2021-06-12;806;298;63403;37890;45.2;27.0
90;2021-06-13;10;12;63413;37902;45.2;27.0
90;2021-06-14;260;973;63673;38875;45.4;27.7
90;2021-06-15;565;879;64238;39754;45.8;28.4
90;2021-06-16;505;547;64743;40301;46.2;28.8
90;2021-06-17;438;637;65181;40938;46.5;29.2
90;2021-06-18;609;995;65790;41933;46.9;29.9
90;2021-06-19;449;169;66239;42102;47.3;30.0
90;2021-06-20;0;28;66239;42130;47.3;30.1
90;2021-06-21;254;1178;66493;43308;47.4;30.9
90;2021-06-22;383;948;66876;44256;47.7;31.6
90;2021-06-23;413;633;67289;44889;48.0;32.0
90;2021-06-24;317;602;67606;45491;48.2;32.5
90;2021-06-25;425;1271;68031;46762;48.5;33.4
90;2021-06-26;420;561;68451;47323;48.8;33.8
90;2021-06-27;2;6;68453;47329;48.8;33.8
90;2021-06-28;374;1297;68827;48626;49.1;34.7
90;2021-06-29;304;1304;69131;49930;49.3;35.6
90;2021-06-30;479;1228;69610;51158;49.7;36.5
90;2021-07-01;341;920;69951;52078;49.9;37.2
90;2021-07-02;503;1206;70454;53284;50.3;38.0
90;2021-07-03;42;129;70496;53413;50.3;38.1
90;2021-07-04;0;21;70496;53434;50.3;38.1
90;2021-07-05;394;1016;70890;54450;50.6;38.9
90;2021-07-06;507;970;71397;55420;50.9;39.5
90;2021-07-07;370;996;71767;56416;51.2;40.3
90;2021-07-08;301;608;72068;57024;51.4;40.7
90;2021-07-09;433;950;72501;57974;51.7;41.4
90;2021-07-10;27;90;72528;58064;51.8;41.4
90;2021-07-11;5;17;72533;58081;51.8;41.4
90;2021-07-12;238;1076;72771;59157;51.9;42.2
90;2021-07-13;474;1161;73245;60318;52.3;43.0
90;2021-07-14;0;8;73245;60326;52.3;43.0
90;2021-07-15;783;1445;74028;61771;52.8;44.1
90;2021-07-16;814;1685;74842;63456;53.4;45.3
90;2021-07-17;480;955;75322;64411;53.7;46.0
90;2021-07-18;4;2;75326;64413;53.7;46.0
90;2021-07-19;1182;1459;76508;65872;54.6;47.0
90;2021-07-20;1334;1132;77842;67004;55.5;47.8
90;2021-07-21;1388;978;79230;67982;56.5;48.5
90;2021-07-22;1110;692;80340;68674;57.3;49.0
90;2021-07-23;960;1022;81300;69696;58.0;49.7
90;2021-07-24;116;64;81416;69760;58.1;49.8
90;2021-07-25;2;1;81418;69761;58.1;49.8
90;2021-07-26;1068;802;82486;70563;58.9;50.3
90;2021-07-27;1073;741;83559;71304;59.6;50.9
90;2021-07-28;808;708;84367;72012;60.2;51.4
90;2021-07-29;832;436;85199;72448;60.8;51.7
90;2021-07-30;776;491;85975;72939;61.3;52.0
90;2021-07-31;479;313;86454;73252;61.7;52.3
90;2021-08-01;0;3;86454;73255;61.7;52.3
90;2021-08-02;834;510;87288;73765;62.3;52.6
90;2021-08-03;906;491;88194;74256;62.9;53.0
91;2020-12-27;0;0;0;0;0.0;0.0
91;2020-12-28;0;0;0;0;0.0;0.0
91;2020-12-29;1;0;1;0;0.0;0.0
91;2020-12-30;1;0;2;0;0.0;0.0
91;2020-12-31;0;0;2;0;0.0;0.0
91;2021-01-01;5;0;7;0;0.0;0.0
91;2021-01-02;0;0;7;0;0.0;0.0
91;2021-01-03;0;0;7;0;0.0;0.0
91;2021-01-04;1;0;8;0;0.0;0.0
91;2021-01-05;71;0;79;0;0.0;0.0
91;2021-01-06;188;2;267;2;0.0;0.0
91;2021-01-07;523;6;790;8;0.1;0.0
91;2021-01-08;393;0;1183;8;0.1;0.0
91;2021-01-09;89;3;1272;11;0.1;0.0
91;2021-01-10;0;0;1272;11;0.1;0.0
91;2021-01-11;595;3;1867;14;0.1;0.0
91;2021-01-12;899;8;2766;22;0.2;0.0
91;2021-01-13;702;6;3468;28;0.3;0.0
91;2021-01-14;721;10;4189;38;0.3;0.0
91;2021-01-15;567;3;4756;41;0.4;0.0
91;2021-01-16;316;8;5072;49;0.4;0.0
91;2021-01-17;116;1;5188;50;0.4;0.0
91;2021-01-18;991;3;6179;53;0.5;0.0
91;2021-01-19;1861;12;8040;65;0.6;0.0
91;2021-01-20;2368;19;10408;84;0.8;0.0
91;2021-01-21;2093;14;12501;98;0.9;0.0
91;2021-01-22;1821;8;14322;106;1.1;0.0
91;2021-01-23;413;1;14735;107;1.1;0.0
91;2021-01-24;53;0;14788;107;1.1;0.0
91;2021-01-25;1047;3;15835;110;1.2;0.0
91;2021-01-26;1574;41;17409;151;1.3;0.0
91;2021-01-27;2412;96;19821;247;1.5;0.0
91;2021-01-28;1975;223;21796;470;1.7;0.0
91;2021-01-29;1748;63;23544;533;1.8;0.0
91;2021-01-30;422;7;23966;540;1.8;0.0
91;2021-01-31;54;0;24020;540;1.8;0.0
91;2021-02-01;961;219;24981;759;1.9;0.1
91;2021-02-02;858;365;25839;1124;2.0;0.1
91;2021-02-03;936;571;26775;1695;2.0;0.1
91;2021-02-04;883;282;27658;1977;2.1;0.1
91;2021-02-05;1034;357;28692;2334;2.2;0.2
91;2021-02-06;336;91;29028;2425;2.2;0.2
91;2021-02-07;13;0;29041;2425;2.2;0.2
91;2021-02-08;902;605;29943;3030;2.3;0.2
91;2021-02-09;961;862;30904;3892;2.3;0.3
91;2021-02-10;1066;990;31970;4882;2.4;0.4
91;2021-02-11;1120;997;33090;5879;2.5;0.4
91;2021-02-12;1058;835;34148;6714;2.6;0.5
91;2021-02-13;331;359;34479;7073;2.6;0.5
91;2021-02-14;18;112;34497;7185;2.6;0.5
91;2021-02-15;367;1266;34864;8451;2.6;0.6
91;2021-02-16;551;1764;35415;10215;2.7;0.8
91;2021-02-17;810;2679;36225;12894;2.7;1.0
91;2021-02-18;939;2014;37164;14908;2.8;1.1
91;2021-02-19;865;1387;38029;16295;2.9;1.2
91;2021-02-20;165;361;38194;16656;2.9;1.3
91;2021-02-21;13;50;38207;16706;2.9;1.3
91;2021-02-22;335;1207;38542;17913;2.9;1.4
91;2021-02-23;397;1076;38939;18989;3.0;1.4
91;2021-02-24;473;1059;39412;20048;3.0;1.5
91;2021-02-25;731;1020;40143;21068;3.0;1.6
91;2021-02-26;1095;1058;41238;22126;3.1;1.7
91;2021-02-27;610;327;41848;22453;3.2;1.7
91;2021-02-28;65;66;41913;22519;3.2;1.7
91;2021-03-01;931;1069;42844;23588;3.2;1.8
91;2021-03-02;1257;1094;44101;24682;3.3;1.9
91;2021-03-03;1466;1279;45567;25961;3.5;2.0
91;2021-03-04;2417;1114;47984;27075;3.6;2.1
91;2021-03-05;3348;1162;51332;28237;3.9;2.1
91;2021-03-06;4902;453;56234;28690;4.3;2.2
91;2021-03-07;3209;110;59443;28800;4.5;2.2
91;2021-03-08;1473;1064;60916;29864;4.6;2.3
91;2021-03-09;2622;989;63538;30853;4.8;2.3
91;2021-03-10;2617;1022;66155;31875;5.0;2.4
91;2021-03-11;3783;1117;69938;32992;5.3;2.5
91;2021-03-12;4781;1035;74719;34027;5.7;2.6
91;2021-03-13;5254;320;79973;34347;6.1;2.6
91;2021-03-14;302;26;80275;34373;6.1;2.6
91;2021-03-15;2977;434;83252;34807;6.3;2.6
91;2021-03-16;2603;378;85855;35185;6.5;2.7
91;2021-03-17;2225;344;88080;35529;6.7;2.7
91;2021-03-18;2386;404;90466;35933;6.9;2.7
91;2021-03-19;4092;377;94558;36310;7.2;2.8
91;2021-03-20;3609;176;98167;36486;7.4;2.8
91;2021-03-21;138;30;98305;36516;7.5;2.8
91;2021-03-22;3148;602;101453;37118;7.7;2.8
91;2021-03-23;4135;696;105588;37814;8.0;2.9
91;2021-03-24;3935;492;109523;38306;8.3;2.9
91;2021-03-25;5052;522;114575;38828;8.7;2.9
91;2021-03-26;5548;541;120123;39369;9.1;3.0
91;2021-03-27;4988;330;125111;39699;9.5;3.0
91;2021-03-28;282;57;125393;39756;9.5;3.0
91;2021-03-29;3302;1035;128695;40791;9.8;3.1
91;2021-03-30;4423;1218;133118;42009;10.1;3.2
91;2021-03-31;3364;1335;136482;43344;10.3;3.3
91;2021-04-01;3736;1670;140218;45014;10.6;3.4
91;2021-04-02;3887;2310;144105;47324;10.9;3.6
91;2021-04-03;1870;2875;145975;50199;11.1;3.8
91;2021-04-04;648;1318;146623;51517;11.1;3.9
91;2021-04-05;562;130;147185;51647;11.2;3.9
91;2021-04-06;3402;1787;150587;53434;11.4;4.0
91;2021-04-07;3415;1932;154002;55366;11.7;4.2
91;2021-04-08;4657;2142;158659;57508;12.0;4.4
91;2021-04-09;5338;2141;163997;59649;12.4;4.5
91;2021-04-10;2728;2816;166725;62465;12.6;4.7
91;2021-04-11;191;141;166916;62606;12.7;4.7
91;2021-04-12;2853;2269;169769;64875;12.9;4.9
91;2021-04-13;3758;2641;173527;67516;13.2;5.1
91;2021-04-14;3706;2316;177233;69832;13.4;5.3
91;2021-04-15;4477;2505;181710;72337;13.8;5.5
91;2021-04-16;4551;2793;186261;75130;14.1;5.7
91;2021-04-17;2982;2077;189243;77207;14.3;5.9
91;2021-04-18;266;70;189509;77277;14.4;5.9
91;2021-04-19;2303;2728;191812;80005;14.5;6.1
91;2021-04-20;3179;2983;194991;82988;14.8;6.3
91;2021-04-21;2987;2896;197978;85884;15.0;6.5
91;2021-04-22;3159;3359;201137;89243;15.2;6.8
91;2021-04-23;3709;3351;204846;92594;15.5;7.0
91;2021-04-24;3480;3727;208326;96321;15.8;7.3
91;2021-04-25;2615;642;210941;96963;16.0;7.3
91;2021-04-26;3487;2799;214428;99762;16.3;7.6
91;2021-04-27;4485;2924;218913;102686;16.6;7.8
91;2021-04-28;4566;2702;223479;105388;16.9;8.0
91;2021-04-29;5742;3048;229221;108436;17.4;8.2
91;2021-04-30;5384;2846;234605;111282;17.8;8.4
91;2021-05-01;3512;520;238117;111802;18.0;8.5
91;2021-05-02;623;132;238740;111934;18.1;8.5
91;2021-05-03;5204;2286;243944;114220;18.5;8.7
91;2021-05-04;5589;3168;249533;117388;18.9;8.9
91;2021-05-05;4848;2866;254381;120254;19.3;9.1
91;2021-05-06;5242;3368;259623;123622;19.7;9.4
91;2021-05-07;6125;3741;265748;127363;20.1;9.7
91;2021-05-08;6514;960;272262;128323;20.6;9.7
91;2021-05-09;4804;560;277066;128883;21.0;9.8
91;2021-05-10;5894;3005;282960;131888;21.4;10.0
91;2021-05-11;6831;3828;289791;135716;22.0;10.3
91;2021-05-12;5883;3436;295674;139152;22.4;10.5
91;2021-05-13;4823;1079;300497;140231;22.8;10.6
91;2021-05-14;6547;2384;307044;142615;23.3;10.8
91;2021-05-15;7795;1919;314839;144534;23.9;11.0
91;2021-05-16;4582;369;319421;144903;24.2;11.0
91;2021-05-17;6952;1712;326373;146615;24.7;11.1
91;2021-05-18;8111;1736;334484;148351;25.4;11.2
91;2021-05-19;7098;1694;341582;150045;25.9;11.4
91;2021-05-20;8198;2142;349780;152187;26.5;11.5
91;2021-05-21;8138;2580;357918;154767;27.1;11.7
91;2021-05-22;7661;1542;365579;156309;27.7;11.8
91;2021-05-23;4801;522;370380;156831;28.1;11.9
91;2021-05-24;5015;600;375395;157431;28.5;11.9
91;2021-05-25;7626;2645;383021;160076;29.0;12.1
91;2021-05-26;6869;2940;389890;163016;29.6;12.4
91;2021-05-27;7967;3444;397857;166460;30.2;12.6
91;2021-05-28;7530;4312;405387;170772;30.7;12.9
91;2021-05-29;9298;3498;414685;174270;31.4;13.2
91;2021-05-30;5953;963;420638;175233;31.9;13.3
91;2021-05-31;6742;3699;427380;178932;32.4;13.6
91;2021-06-01;7783;4775;435163;183707;33.0;13.9
91;2021-06-02;7446;3955;442609;187662;33.5;14.2
91;2021-06-03;7858;4778;450467;192440;34.1;14.6
91;2021-06-04;7178;5719;457645;198159;34.7;15.0
91;2021-06-05;6386;5806;464031;203965;35.2;15.5
91;2021-06-06;4086;2506;468117;206471;35.5;15.6
91;2021-06-07;5879;5475;473996;211946;35.9;16.1
91;2021-06-08;7041;5794;481037;217740;36.5;16.5
91;2021-06-09;6466;5134;487503;222874;36.9;16.9
91;2021-06-10;7173;5771;494676;228645;37.5;17.3
91;2021-06-11;6539;7109;501215;235754;38.0;17.9
91;2021-06-12;6223;7359;507438;243113;38.5;18.4
91;2021-06-13;2851;2314;510289;245427;38.7;18.6
91;2021-06-14;4225;7196;514514;252623;39.0;19.1
91;2021-06-15;5569;7251;520083;259874;39.4;19.7
91;2021-06-16;5301;6440;525384;266314;39.8;20.2
91;2021-06-17;6236;7129;531620;273443;40.3;20.7
91;2021-06-18;4630;8732;536250;282175;40.6;21.4
91;2021-06-19;4185;7153;540435;289328;41.0;21.9
91;2021-06-20;1006;4211;541441;293539;41.0;22.2
91;2021-06-21;3225;7233;544666;300772;41.3;22.8
91;2021-06-22;4159;9223;548825;309995;41.6;23.5
91;2021-06-23;4306;7960;553131;317955;41.9;24.1
91;2021-06-24;4897;8475;558028;326430;42.3;24.7
91;2021-06-25;3465;9166;561493;335596;42.6;25.4
91;2021-06-26;2979;8036;564472;343632;42.8;26.0
91;2021-06-27;549;2999;565021;346631;42.8;26.3
91;2021-06-28;3117;8227;568138;354858;43.1;26.9
91;2021-06-29;3567;9633;571705;364491;43.3;27.6
91;2021-06-30;3943;8688;575648;373179;43.6;28.3
91;2021-07-01;4069;8862;579717;382041;43.9;29.0
91;2021-07-02;3748;9312;583465;391353;44.2;29.7
91;2021-07-03;2848;9786;586313;401139;44.4;30.4
91;2021-07-04;835;4722;587148;405861;44.5;30.8
91;2021-07-05;2644;7256;589792;413117;44.7;31.3
91;2021-07-06;3677;9419;593469;422536;45.0;32.0
91;2021-07-07;3776;8582;597245;431118;45.3;32.7
91;2021-07-08;4327;8983;601572;440101;45.6;33.4
91;2021-07-09;3925;9954;605497;450055;45.9;34.1
91;2021-07-10;3322;10223;608819;460278;46.1;34.9
91;2021-07-11;982;4795;609801;465073;46.2;35.2
91;2021-07-12;2786;8889;612587;473962;46.4;35.9
91;2021-07-13;4437;10378;617024;484340;46.8;36.7
91;2021-07-14;2267;3576;619291;487916;46.9;37.0
91;2021-07-15;4506;9815;623797;497731;47.3;37.7
91;2021-07-16;6240;9729;630037;507460;47.8;38.5
91;2021-07-17;5642;9043;635679;516503;48.2;39.1
91;2021-07-18;3381;3647;639060;520150;48.4;39.4
91;2021-07-19;3740;7526;642800;527676;48.7;40.0
91;2021-07-20;6033;9284;648833;536960;49.2;40.7
91;2021-07-21;6194;7701;655027;544661;49.6;41.3
91;2021-07-22;6415;8356;661442;553017;50.1;41.9
91;2021-07-23;6893;8249;668335;561266;50.7;42.5
91;2021-07-24;4933;6456;673268;567722;51.0;43.0
91;2021-07-25;3234;1359;676502;569081;51.3;43.1
91;2021-07-26;4902;6568;681404;575649;51.6;43.6
91;2021-07-27;7495;7016;688899;582665;52.2;44.2
91;2021-07-28;7223;5865;696122;588530;52.8;44.6
91;2021-07-29;7310;5866;703432;594396;53.3;45.1
91;2021-07-30;6868;5727;710300;600123;53.8;45.5
91;2021-07-31;4812;4745;715112;604868;54.2;45.8
91;2021-08-01;2589;1304;717701;606172;54.4;45.9
91;2021-08-02;4640;4183;722341;610355;54.7;46.3
91;2021-08-03;5633;4614;727974;614969;55.2;46.6
92;2020-12-27;11;0;11;0;0.0;0.0
92;2020-12-28;8;0;19;0;0.0;0.0
92;2020-12-29;53;0;72;0;0.0;0.0
92;2020-12-30;27;0;99;0;0.0;0.0
92;2020-12-31;3;0;102;0;0.0;0.0
92;2021-01-01;14;0;116;0;0.0;0.0
92;2021-01-02;2;0;118;0;0.0;0.0
92;2021-01-03;5;0;123;0;0.0;0.0
92;2021-01-04;59;1;182;1;0.0;0.0
92;2021-01-05;221;1;403;2;0.0;0.0
92;2021-01-06;407;3;810;5;0.1;0.0
92;2021-01-07;655;5;1465;10;0.1;0.0
92;2021-01-08;834;4;2299;14;0.1;0.0
92;2021-01-09;118;1;2417;15;0.1;0.0
92;2021-01-10;41;0;2458;15;0.2;0.0
92;2021-01-11;835;5;3293;20;0.2;0.0
92;2021-01-12;1286;10;4579;30;0.3;0.0
92;2021-01-13;1228;15;5807;45;0.4;0.0
92;2021-01-14;1195;17;7002;62;0.4;0.0
92;2021-01-15;961;6;7963;68;0.5;0.0
92;2021-01-16;175;1;8138;69;0.5;0.0
92;2021-01-17;13;0;8151;69;0.5;0.0
92;2021-01-18;1531;23;9682;92;0.6;0.0
92;2021-01-19;1546;21;11228;113;0.7;0.0
92;2021-01-20;1801;14;13029;127;0.8;0.0
92;2021-01-21;3395;20;16424;147;1.0;0.0
92;2021-01-22;2602;43;19026;190;1.2;0.0
92;2021-01-23;132;0;19158;190;1.2;0.0
92;2021-01-24;15;0;19173;190;1.2;0.0
92;2021-01-25;834;14;20007;204;1.2;0.0
92;2021-01-26;1208;12;21215;216;1.3;0.0
92;2021-01-27;2205;94;23420;310;1.5;0.0
92;2021-01-28;4106;186;27526;496;1.7;0.0
92;2021-01-29;2705;265;30231;761;1.9;0.0
92;2021-01-30;322;13;30553;774;1.9;0.0
92;2021-01-31;17;2;30570;776;1.9;0.0
92;2021-02-01;853;324;31423;1100;1.9;0.1
92;2021-02-02;1045;356;32468;1456;2.0;0.1
92;2021-02-03;993;449;33461;1905;2.1;0.1
92;2021-02-04;1035;548;34496;2453;2.1;0.2
92;2021-02-05;1323;504;35819;2957;2.2;0.2
92;2021-02-06;109;17;35928;2974;2.2;0.2
92;2021-02-07;9;14;35937;2988;2.2;0.2
92;2021-02-08;566;735;36503;3723;2.3;0.2
92;2021-02-09;1056;1304;37559;5027;2.3;0.3
92;2021-02-10;1057;1307;38616;6334;2.4;0.4
92;2021-02-11;1487;1926;40103;8260;2.5;0.5
92;2021-02-12;1406;1480;41509;9740;2.6;0.6
92;2021-02-13;66;61;41575;9801;2.6;0.6
92;2021-02-14;14;0;41589;9801;2.6;0.6
92;2021-02-15;563;1667;42152;11468;2.6;0.7
92;2021-02-16;778;2064;42930;13532;2.7;0.8
92;2021-02-17;607;1758;43537;15290;2.7;0.9
92;2021-02-18;1561;3670;45098;18960;2.8;1.2
92;2021-02-19;1714;2654;46812;21614;2.9;1.3
92;2021-02-20;138;401;46950;22015;2.9;1.4
92;2021-02-21;26;53;46976;22068;2.9;1.4
92;2021-02-22;487;1224;47463;23292;2.9;1.4
92;2021-02-23;722;1366;48185;24658;3.0;1.5
92;2021-02-24;606;1303;48791;25961;3.0;1.6
92;2021-02-25;910;1816;49701;27777;3.1;1.7
92;2021-02-26;1445;1369;51146;29146;3.2;1.8
92;2021-02-27;493;189;51639;29335;3.2;1.8
92;2021-02-28;58;55;51697;29390;3.2;1.8
92;2021-03-01;1089;1045;52786;30435;3.3;1.9
92;2021-03-02;1960;1366;54746;31801;3.4;2.0
92;2021-03-03;2782;1095;57528;32896;3.6;2.0
92;2021-03-04;3580;1521;61108;34417;3.8;2.1
92;2021-03-05;4968;1715;66076;36132;4.1;2.2
92;2021-03-06;5708;321;71784;36453;4.4;2.3
92;2021-03-07;2894;233;74678;36686;4.6;2.3
92;2021-03-08;2405;817;77083;37503;4.8;2.3
92;2021-03-09;3428;1022;80511;38525;5.0;2.4
92;2021-03-10;3925;936;84436;39461;5.2;2.4
92;2021-03-11;5002;1384;89438;40845;5.5;2.5
92;2021-03-12;6754;1546;96192;42391;6.0;2.6
92;2021-03-13;5148;219;101340;42610;6.3;2.6
92;2021-03-14;1732;71;103072;42681;6.4;2.6
92;2021-03-15;3779;587;106851;43268;6.6;2.7
92;2021-03-16;3683;584;110534;43852;6.8;2.7
92;2021-03-17;3864;409;114398;44261;7.1;2.7
92;2021-03-18;4112;740;118510;45001;7.3;2.8
92;2021-03-19;5904;704;124414;45705;7.7;2.8
92;2021-03-20;2532;72;126946;45777;7.9;2.8
92;2021-03-21;140;30;127086;45807;7.9;2.8
92;2021-03-22;4110;478;131196;46285;8.1;2.9
92;2021-03-23;6086;869;137282;47154;8.5;2.9
92;2021-03-24;6365;639;143647;47793;8.9;3.0
92;2021-03-25;8425;626;152072;48419;9.4;3.0
92;2021-03-26;8348;891;160420;49310;9.9;3.1
92;2021-03-27;2825;266;163245;49576;10.1;3.1
92;2021-03-28;536;37;163781;49613;10.1;3.1
92;2021-03-29;4651;1056;168432;50669;10.4;3.1
92;2021-03-30;6380;1541;174812;52210;10.8;3.2
92;2021-03-31;5526;2251;180338;54461;11.2;3.4
92;2021-04-01;6252;3679;186590;58140;11.6;3.6
92;2021-04-02;5624;3410;192214;61550;11.9;3.8
92;2021-04-03;870;1417;193084;62967;12.0;3.9
92;2021-04-04;481;1062;193565;64029;12.0;4.0
92;2021-04-05;807;156;194372;64185;12.0;4.0
92;2021-04-06;3636;1954;198008;66139;12.3;4.1
92;2021-04-07;4986;2881;202994;69020;12.6;4.3
92;2021-04-08;5959;3171;208953;72191;12.9;4.5
92;2021-04-09;8026;3033;216979;75224;13.4;4.7
92;2021-04-10;2626;1293;219605;76517;13.6;4.7
92;2021-04-11;150;806;219755;77323;13.6;4.8
92;2021-04-12;3667;2519;223422;79842;13.8;4.9
92;2021-04-13;4375;4431;227797;84273;14.1;5.2
92;2021-04-14;4862;4038;232659;88311;14.4;5.5
92;2021-04-15;5293;3951;237952;92262;14.7;5.7
92;2021-04-16;5039;3853;242991;96115;15.1;6.0
92;2021-04-17;1796;1190;244787;97305;15.2;6.0
92;2021-04-18;340;94;245127;97399;15.2;6.0
92;2021-04-19;2800;2840;247927;100239;15.4;6.2
92;2021-04-20;4187;3754;252114;103993;15.6;6.4
92;2021-04-21;4607;4515;256721;108508;15.9;6.7
92;2021-04-22;4656;5122;261377;113630;16.2;7.0
92;2021-04-23;5215;4673;266592;118303;16.5;7.3
92;2021-04-24;4935;1908;271527;120211;16.8;7.4
92;2021-04-25;1788;150;273315;120361;16.9;7.5
92;2021-04-26;3991;3621;277306;123982;17.2;7.7
92;2021-04-27;6039;5258;283345;129240;17.6;8.0
92;2021-04-28;7373;4499;290718;133739;18.0;8.3
92;2021-04-29;7981;4779;298699;138518;18.5;8.6
92;2021-04-30;8837;4835;307536;143353;19.1;8.9
92;2021-05-01;1198;407;308734;143760;19.1;8.9
92;2021-05-02;661;137;309395;143897;19.2;8.9
92;2021-05-03;6773;3890;316168;147787;19.6;9.2
92;2021-05-04;10407;4366;326575;152153;20.2;9.4
92;2021-05-05;10070;5259;336645;157412;20.9;9.8
92;2021-05-06;11420;4908;348065;162320;21.6;10.1
92;2021-05-07;9856;5288;357921;167608;22.2;10.4
92;2021-05-08;7208;1927;365129;169535;22.6;10.5
92;2021-05-09;3784;601;368913;170136;22.9;10.5
92;2021-05-10;9526;3998;378439;174134;23.5;10.8
92;2021-05-11;13970;5691;392409;179825;24.3;11.1
92;2021-05-12;14264;4582;406673;184407;25.2;11.4
92;2021-05-13;9159;911;415832;185318;25.8;11.5
92;2021-05-14;12020;2315;427852;187633;26.5;11.6
92;2021-05-15;8382;1229;436234;188862;27.0;11.7
92;2021-05-16;4133;448;440367;189310;27.3;11.7
92;2021-05-17;10640;2219;451007;191529;27.9;11.9
92;2021-05-18;16375;3125;467382;194654;29.0;12.1
92;2021-05-19;16019;3718;483401;198372;30.0;12.3
92;2021-05-20;16824;3979;500225;202351;31.0;12.5
92;2021-05-21;14070;3640;514295;205991;31.9;12.8
92;2021-05-22;8311;1519;522606;207510;32.4;12.9
92;2021-05-23;4080;454;526686;207964;32.6;12.9
92;2021-05-24;6113;853;532799;208817;33.0;12.9
92;2021-05-25;13101;4555;545900;213372;33.8;13.2
92;2021-05-26;11918;5043;557818;218415;34.6;13.5
92;2021-05-27;12722;6323;570540;224738;35.4;13.9
92;2021-05-28;11221;6279;581761;231017;36.0;14.3
92;2021-05-29;5445;2300;587206;233317;36.4;14.5
92;2021-05-30;2248;387;589454;233704;36.5;14.5
92;2021-05-31;12049;5305;601503;239009;37.3;14.8
92;2021-06-01;12579;7641;614082;246650;38.1;15.3
92;2021-06-02;14360;7211;628442;253861;38.9;15.7
92;2021-06-03;14578;8023;643020;261884;39.8;16.2
92;2021-06-04;12218;8225;655238;270109;40.6;16.7
92;2021-06-05;7383;6256;662621;276365;41.1;17.1
92;2021-06-06;3588;1677;666209;278042;41.3;17.2
92;2021-06-07;11435;7629;677644;285671;42.0;17.7
92;2021-06-08;12750;9596;690394;295267;42.8;18.3
92;2021-06-09;11635;9471;702029;304738;43.5;18.9
92;2021-06-10;11942;10556;713971;315294;44.2;19.5
92;2021-06-11;8144;11034;722115;326328;44.7;20.2
92;2021-06-12;6356;5095;728471;331423;45.1;20.5
92;2021-06-13;3963;2719;732434;334142;45.4;20.7
92;2021-06-14;5126;11168;737560;345310;45.7;21.4
92;2021-06-15;6473;13130;744033;358440;46.1;22.2
92;2021-06-16;6931;12990;750964;371430;46.5;23.0
92;2021-06-17;7408;14010;758372;385440;47.0;23.9
92;2021-06-18;6892;14387;765264;399827;47.4;24.8
92;2021-06-19;3955;9109;769219;408936;47.7;25.3
92;2021-06-20;1960;5612;771179;414548;47.8;25.7
92;2021-06-21;4813;12269;775992;426817;48.1;26.4
92;2021-06-22;5861;17553;781853;444370;48.4;27.5
92;2021-06-23;5473;16002;787326;460372;48.8;28.5
92;2021-06-24;6175;15120;793501;475492;49.2;29.5
92;2021-06-25;5100;16093;798601;491585;49.5;30.5
92;2021-06-26;4065;10455;802666;502040;49.7;31.1
92;2021-06-27;1858;6051;804524;508091;49.9;31.5
92;2021-06-28;3663;12048;808187;520139;50.1;32.2
92;2021-06-29;4666;18151;812853;538290;50.4;33.4
92;2021-06-30;4403;16213;817256;554503;50.6;34.4
92;2021-07-01;5428;16302;822684;570805;51.0;35.4
92;2021-07-02;4790;15275;827474;586080;51.3;36.3
92;2021-07-03;3298;10182;830772;596262;51.5;36.9
92;2021-07-04;1112;4206;831884;600468;51.5;37.2
92;2021-07-05;4767;12325;836651;612793;51.8;38.0
92;2021-07-06;5207;15788;841858;628581;52.2;39.0
92;2021-07-07;4227;11449;846085;640030;52.4;39.7
92;2021-07-08;5389;14634;851474;654664;52.8;40.6
92;2021-07-09;5843;14194;857317;668858;53.1;41.4
92;2021-07-10;4194;8429;861511;677287;53.4;42.0
92;2021-07-11;1464;2617;862975;679904;53.5;42.1
92;2021-07-12;4335;14621;867310;694525;53.7;43.0
92;2021-07-13;7810;17430;875120;711955;54.2;44.1
92;2021-07-14;5037;5723;880157;717678;54.5;44.5
92;2021-07-15;9485;16233;889642;733911;55.1;45.5
92;2021-07-16;8976;14146;898618;748057;55.7;46.4
92;2021-07-17;6490;7585;905108;755642;56.1;46.8
92;2021-07-18;1812;2479;906920;758121;56.2;47.0
92;2021-07-19;6420;13177;913340;771298;56.6;47.8
92;2021-07-20;9951;14051;923291;785349;57.2;48.7
92;2021-07-21;10346;12057;933637;797406;57.9;49.4
92;2021-07-22;11880;12912;945517;810318;58.6;50.2
92;2021-07-23;11487;11296;957004;821614;59.3;50.9
92;2021-07-24;6581;6205;963585;827819;59.7;51.3
92;2021-07-25;2755;2299;966340;830118;59.9;51.4
92;2021-07-26;9409;9122;975749;839240;60.5;52.0
92;2021-07-27;11390;9543;987139;848783;61.2;52.6
92;2021-07-28;11262;8079;998401;856862;61.9;53.1
92;2021-07-29;10333;8553;1008734;865415;62.5;53.6
92;2021-07-30;8938;8260;1017672;873675;63.1;54.1
92;2021-07-31;5664;4774;1023336;878449;63.4;54.4
92;2021-08-01;2173;1276;1025509;879725;63.5;54.5
92;2021-08-02;4566;4868;1030075;884593;63.8;54.8
92;2021-08-03;5001;6084;1035076;890677;64.1;55.2
93;2020-12-27;10;3;10;3;0.0;0.0
93;2020-12-28;3;0;13;3;0.0;0.0
93;2020-12-29;0;0;13;3;0.0;0.0
93;2020-12-30;43;0;56;3;0.0;0.0
93;2020-12-31;9;0;65;3;0.0;0.0
93;2021-01-01;5;0;70;3;0.0;0.0
93;2021-01-02;0;0;70;3;0.0;0.0
93;2021-01-03;3;0;73;3;0.0;0.0
93;2021-01-04;0;0;73;3;0.0;0.0
93;2021-01-05;59;0;132;3;0.0;0.0
93;2021-01-06;179;0;311;3;0.0;0.0
93;2021-01-07;377;3;688;6;0.0;0.0
93;2021-01-08;631;1;1319;7;0.1;0.0
93;2021-01-09;21;0;1340;7;0.1;0.0
93;2021-01-10;2;0;1342;7;0.1;0.0
93;2021-01-11;501;4;1843;11;0.1;0.0
93;2021-01-12;751;5;2594;16;0.2;0.0
93;2021-01-13;750;4;3344;20;0.2;0.0
93;2021-01-14;682;18;4026;38;0.2;0.0
93;2021-01-15;514;3;4540;41;0.3;0.0
93;2021-01-16;137;3;4677;44;0.3;0.0
93;2021-01-17;6;1;4683;45;0.3;0.0
93;2021-01-18;1194;8;5877;53;0.4;0.0
93;2021-01-19;1612;16;7489;69;0.4;0.0
93;2021-01-20;1555;11;9044;80;0.5;0.0
93;2021-01-21;1916;16;10960;96;0.7;0.0
93;2021-01-22;1383;14;12343;110;0.7;0.0
93;2021-01-23;711;8;13054;118;0.8;0.0
93;2021-01-24;0;0;13054;118;0.8;0.0
93;2021-01-25;1203;15;14257;133;0.9;0.0
93;2021-01-26;1289;36;15546;169;0.9;0.0
93;2021-01-27;2153;57;17699;226;1.1;0.0
93;2021-01-28;2261;203;19960;429;1.2;0.0
93;2021-01-29;1618;228;21578;657;1.3;0.0
93;2021-01-30;926;45;22504;702;1.3;0.0
93;2021-01-31;5;7;22509;709;1.3;0.0
93;2021-02-01;1178;171;23687;880;1.4;0.1
93;2021-02-02;1165;311;24852;1191;1.5;0.1
93;2021-02-03;1229;399;26081;1590;1.6;0.1
93;2021-02-04;922;565;27003;2155;1.6;0.1
93;2021-02-05;797;434;27800;2589;1.7;0.2
93;2021-02-06;693;70;28493;2659;1.7;0.2
93;2021-02-07;3;0;28496;2659;1.7;0.2
93;2021-02-08;910;647;29406;3306;1.8;0.2
93;2021-02-09;851;600;30257;3906;1.8;0.2
93;2021-02-10;879;679;31136;4585;1.9;0.3
93;2021-02-11;1239;832;32375;5417;1.9;0.3
93;2021-02-12;1041;639;33416;6056;2.0;0.4
93;2021-02-13;393;263;33809;6319;2.0;0.4
93;2021-02-14;13;59;33822;6378;2.0;0.4
93;2021-02-15;411;1281;34233;7659;2.0;0.5
93;2021-02-16;547;1238;34780;8897;2.1;0.5
93;2021-02-17;544;1772;35324;10669;2.1;0.6
93;2021-02-18;1132;1878;36456;12547;2.2;0.8
93;2021-02-19;991;1541;37447;14088;2.2;0.8
93;2021-02-20;304;668;37751;14756;2.3;0.9
93;2021-02-21;8;23;37759;14779;2.3;0.9
93;2021-02-22;599;1298;38358;16077;2.3;1.0
93;2021-02-23;563;1128;38921;17205;2.3;1.0
93;2021-02-24;642;1228;39563;18433;2.4;1.1
93;2021-02-25;899;1077;40462;19510;2.4;1.2
93;2021-02-26;1120;983;41582;20493;2.5;1.2
93;2021-02-27;543;624;42125;21117;2.5;1.3
93;2021-02-28;88;57;42213;21174;2.5;1.3
93;2021-03-01;1083;1074;43296;22248;2.6;1.3
93;2021-03-02;1443;1147;44739;23395;2.7;1.4
93;2021-03-03;1736;1190;46475;24585;2.8;1.5
93;2021-03-04;2709;1113;49184;25698;2.9;1.5
93;2021-03-05;3812;886;52996;26584;3.2;1.6
93;2021-03-06;5046;559;58042;27143;3.5;1.6
93;2021-03-07;4299;191;62341;27334;3.7;1.6
93;2021-03-08;2032;1253;64373;28587;3.9;1.7
93;2021-03-09;2914;957;67287;29544;4.0;1.8
93;2021-03-10;2855;1097;70142;30641;4.2;1.8
93;2021-03-11;3533;1229;73675;31870;4.4;1.9
93;2021-03-12;4128;1273;77803;33143;4.7;2.0
93;2021-03-13;4289;616;82092;33759;4.9;2.0
93;2021-03-14;876;63;82968;33822;5.0;2.0
93;2021-03-15;3551;678;86519;34500;5.2;2.1
93;2021-03-16;3155;615;89674;35115;5.4;2.1
93;2021-03-17;2645;593;92319;35708;5.5;2.1
93;2021-03-18;3307;719;95626;36427;5.7;2.2
93;2021-03-19;3762;634;99388;37061;6.0;2.2
93;2021-03-20;3461;279;102849;37340;6.2;2.2
93;2021-03-21;813;269;103662;37609;6.2;2.3
93;2021-03-22;3845;604;107507;38213;6.4;2.3
93;2021-03-23;4751;790;112258;39003;6.7;2.3
93;2021-03-24;4109;674;116367;39677;7.0;2.4
93;2021-03-25;5573;834;121940;40511;7.3;2.4
93;2021-03-26;5545;878;127485;41389;7.6;2.5
93;2021-03-27;4279;301;131764;41690;7.9;2.5
93;2021-03-28;611;40;132375;41730;7.9;2.5
93;2021-03-29;3855;955;136230;42685;8.2;2.6
93;2021-03-30;4724;1257;140954;43942;8.4;2.6
93;2021-03-31;3911;1232;144865;45174;8.7;2.7
93;2021-04-01;4052;3132;148917;48306;8.9;2.9
93;2021-04-02;3218;3551;152135;51857;9.1;3.1
93;2021-04-03;2520;2250;154655;54107;9.3;3.2
93;2021-04-04;762;156;155417;54263;9.3;3.2
93;2021-04-05;706;88;156123;54351;9.3;3.3
93;2021-04-06;4559;2335;160682;56686;9.6;3.4
93;2021-04-07;4901;2082;165583;58768;9.9;3.5
93;2021-04-08;5809;2675;171392;61443;10.3;3.7
93;2021-04-09;6090;3162;177482;64605;10.6;3.9
93;2021-04-10;4196;2473;181678;67078;10.9;4.0
93;2021-04-11;576;427;182254;67505;10.9;4.0
93;2021-04-12;4096;2926;186350;70431;11.2;4.2
93;2021-04-13;4603;3653;190953;74084;11.4;4.4
93;2021-04-14;4360;2472;195313;76556;11.7;4.6
93;2021-04-15;4556;3024;199869;79580;12.0;4.8
93;2021-04-16;4433;2985;204302;82565;12.2;4.9
93;2021-04-17;3514;2506;207816;85071;12.4;5.1
93;2021-04-18;289;435;208105;85506;12.5;5.1
93;2021-04-19;3772;2852;211877;88358;12.7;5.3
93;2021-04-20;4303;3273;216180;91631;12.9;5.5
93;2021-04-21;4140;2764;220320;94395;13.2;5.7
93;2021-04-22;4510;4011;224830;98406;13.5;5.9
93;2021-04-23;5621;3225;230451;101631;13.8;6.1
93;2021-04-24;5925;3320;236376;104951;14.2;6.3
93;2021-04-25;1732;589;238108;105540;14.3;6.3
93;2021-04-26;4856;3077;242964;108617;14.5;6.5
93;2021-04-27;6452;3630;249416;112247;14.9;6.7
93;2021-04-28;6073;3423;255489;115670;15.3;6.9
93;2021-04-29;7300;3237;262789;118907;15.7;7.1
93;2021-04-30;8259;3108;271048;122015;16.2;7.3
93;2021-05-01;4945;1184;275993;123199;16.5;7.4
93;2021-05-02;417;647;276410;123846;16.6;7.4
93;2021-05-03;8161;5109;284571;128955;17.0;7.7
93;2021-05-04;7826;5405;292397;134360;17.5;8.0
93;2021-05-05;7572;4800;299969;139160;18.0;8.3
93;2021-05-06;8237;4767;308206;143927;18.5;8.6
93;2021-05-07;7000;5420;315206;149347;18.9;8.9
93;2021-05-08;8351;2384;323557;151731;19.4;9.1
93;2021-05-09;6119;1365;329676;153096;19.7;9.2
93;2021-05-10;8246;4064;337922;157160;20.2;9.4
93;2021-05-11;9296;4802;347218;161962;20.8;9.7
93;2021-05-12;9176;3653;356394;165615;21.3;9.9
93;2021-05-13;8287;1653;364681;167268;21.8;10.0
93;2021-05-14;10420;3533;375101;170801;22.5;10.2
93;2021-05-15;11126;2999;386227;173800;23.1;10.4
93;2021-05-16;5556;727;391783;174527;23.5;10.4
93;2021-05-17;11899;2252;403682;176779;24.2;10.6
93;2021-05-18;14095;2385;417777;179164;25.0;10.7
93;2021-05-19;11433;2942;429210;182106;25.7;10.9
93;2021-05-20;12616;3477;441826;185583;26.5;11.1
93;2021-05-21;13003;2879;454829;188462;27.2;11.3
93;2021-05-22;12381;2201;467210;190663;28.0;11.4
93;2021-05-23;8481;1103;475691;191766;28.5;11.5
93;2021-05-24;11195;1943;486886;193709;29.2;11.6
93;2021-05-25;12285;4310;499171;198019;29.9;11.9
93;2021-05-26;11062;3742;510233;201761;30.6;12.1
93;2021-05-27;12695;3873;522928;205634;31.3;12.3
93;2021-05-28;12649;5251;535577;210885;32.1;12.6
93;2021-05-29;11390;4256;546967;215141;32.7;12.9
93;2021-05-30;8212;1371;555179;216512;33.2;13.0
93;2021-05-31;9175;5165;564354;221677;33.8;13.3
93;2021-06-01;11339;6266;575693;227943;34.5;13.6
93;2021-06-02;10536;5188;586229;233131;35.1;14.0
93;2021-06-03;10771;5505;597000;238636;35.7;14.3
93;2021-06-04;10555;7796;607555;246432;36.4;14.8
93;2021-06-05;8993;7344;616548;253776;36.9;15.2
93;2021-06-06;8379;1739;624927;255515;37.4;15.3
93;2021-06-07;10019;7509;634946;263024;38.0;15.7
93;2021-06-08;10341;7370;645287;270394;38.6;16.2
93;2021-06-09;10208;7284;655495;277678;39.2;16.6
93;2021-06-10;8891;8167;664386;285845;39.8;17.1
93;2021-06-11;8787;8807;673173;294652;40.3;17.6
93;2021-06-12;9855;6638;683028;301290;40.9;18.0
93;2021-06-13;7160;2113;690188;303403;41.3;18.2
93;2021-06-14;5356;9723;695544;313126;41.6;18.7
93;2021-06-15;6196;9650;701740;322776;42.0;19.3
93;2021-06-16;6621;9049;708361;331825;42.4;19.9
93;2021-06-17;5718;8459;714079;340284;42.8;20.4
93;2021-06-18;7148;11127;721227;351411;43.2;21.0
93;2021-06-19;7065;11088;728292;362499;43.6;21.7
93;2021-06-20;4948;6868;733240;369367;43.9;22.1
93;2021-06-21;3998;10721;737238;380088;44.1;22.8
93;2021-06-22;4651;11301;741889;391389;44.4;23.4
93;2021-06-23;4514;10591;746403;401980;44.7;24.1
93;2021-06-24;4165;10297;750568;412277;44.9;24.7
93;2021-06-25;5140;13053;755708;425330;45.2;25.5
93;2021-06-26;5288;13918;760996;439248;45.6;26.3
93;2021-06-27;3279;7111;764275;446359;45.8;26.7
93;2021-06-28;3666;12499;767941;458858;46.0;27.5
93;2021-06-29;3986;12338;771927;471196;46.2;28.2
93;2021-06-30;4088;11290;776015;482486;46.5;28.9
93;2021-07-01;5205;11121;781220;493607;46.8;29.6
93;2021-07-02;4727;12323;785947;505930;47.1;30.3
93;2021-07-03;5294;13431;791241;519361;47.4;31.1
93;2021-07-04;3074;7879;794315;527240;47.6;31.6
93;2021-07-05;4333;10832;798648;538072;47.8;32.2
93;2021-07-06;4517;11749;803165;549821;48.1;32.9
93;2021-07-07;4886;11394;808051;561215;48.4;33.6
93;2021-07-08;4816;10261;812867;571476;48.7;34.2
93;2021-07-09;5414;13010;818281;584486;49.0;35.0
93;2021-07-10;5825;14272;824106;598758;49.3;35.9
93;2021-07-11;3674;9083;827780;607841;49.6;36.4
93;2021-07-12;5354;12051;833134;619892;49.9;37.1
93;2021-07-13;10902;13253;844036;633145;50.5;37.9
93;2021-07-14;10488;6741;854524;639886;51.2;38.3
93;2021-07-15;12134;14072;866658;653958;51.9;39.2
93;2021-07-16;12902;13626;879560;667584;52.7;40.0
93;2021-07-17;11176;13850;890736;681434;53.3;40.8
93;2021-07-18;7307;8911;898043;690345;53.8;41.3
93;2021-07-19;9478;10864;907521;701209;54.3;42.0
93;2021-07-20;12435;10624;919956;711833;55.1;42.6
93;2021-07-21;14015;10845;933971;722678;55.9;43.3
93;2021-07-22;13928;9361;947899;732039;56.8;43.8
93;2021-07-23;14285;10570;962184;742609;57.6;44.5
93;2021-07-24;13746;10551;975930;753160;58.4;45.1
93;2021-07-25;8866;6265;984796;759425;59.0;45.5
93;2021-07-26;12332;7683;997128;767108;59.7;45.9
93;2021-07-27;14323;7273;1011451;774381;60.6;46.4
93;2021-07-28;14540;8103;1025991;782484;61.4;46.9
93;2021-07-29;13084;6921;1039075;789405;62.2;47.3
93;2021-07-30;13409;7712;1052484;797117;63.0;47.7
93;2021-07-31;11829;7580;1064313;804697;63.7;48.2
93;2021-08-01;7075;4505;1071388;809202;64.1;48.5
93;2021-08-02;7374;5617;1078762;814819;64.6;48.8
93;2021-08-03;6886;6741;1085648;821560;65.0;49.2
94;2020-12-27;5;0;5;0;0.0;0.0
94;2020-12-28;10;0;15;0;0.0;0.0
94;2020-12-29;0;0;15;0;0.0;0.0
94;2020-12-30;1;0;16;0;0.0;0.0
94;2020-12-31;4;0;20;0;0.0;0.0
94;2021-01-01;3;0;23;0;0.0;0.0
94;2021-01-02;0;0;23;0;0.0;0.0
94;2021-01-03;2;0;25;0;0.0;0.0
94;2021-01-04;35;2;60;2;0.0;0.0
94;2021-01-05;231;2;291;4;0.0;0.0
94;2021-01-06;330;4;621;8;0.0;0.0
94;2021-01-07;690;9;1311;17;0.1;0.0
94;2021-01-08;921;10;2232;27;0.2;0.0
94;2021-01-09;47;0;2279;27;0.2;0.0
94;2021-01-10;18;0;2297;27;0.2;0.0
94;2021-01-11;1013;10;3310;37;0.2;0.0
94;2021-01-12;1341;27;4651;64;0.3;0.0
94;2021-01-13;1407;22;6058;86;0.4;0.0
94;2021-01-14;1536;26;7594;112;0.5;0.0
94;2021-01-15;1219;22;8813;134;0.6;0.0
94;2021-01-16;196;2;9009;136;0.6;0.0
94;2021-01-17;93;1;9102;137;0.6;0.0
94;2021-01-18;1488;28;10590;165;0.8;0.0
94;2021-01-19;1948;27;12538;192;0.9;0.0
94;2021-01-20;2179;19;14717;211;1.0;0.0
94;2021-01-21;2999;16;17716;227;1.3;0.0
94;2021-01-22;2174;19;19890;246;1.4;0.0
94;2021-01-23;728;3;20618;249;1.5;0.0
94;2021-01-24;284;0;20902;249;1.5;0.0
94;2021-01-25;1467;18;22369;267;1.6;0.0
94;2021-01-26;1558;18;23927;285;1.7;0.0
94;2021-01-27;1802;25;25729;310;1.8;0.0
94;2021-01-28;1532;133;27261;443;1.9;0.0
94;2021-01-29;1380;150;28641;593;2.0;0.0
94;2021-01-30;579;4;29220;597;2.1;0.0
94;2021-01-31;119;8;29339;605;2.1;0.0
94;2021-02-01;926;155;30265;760;2.2;0.1
94;2021-02-02;852;252;31117;1012;2.2;0.1
94;2021-02-03;759;372;31876;1384;2.3;0.1
94;2021-02-04;901;434;32777;1818;2.3;0.1
94;2021-02-05;873;575;33650;2393;2.4;0.2
94;2021-02-06;405;78;34055;2471;2.4;0.2
94;2021-02-07;120;0;34175;2471;2.4;0.2
94;2021-02-08;634;549;34809;3020;2.5;0.2
94;2021-02-09;1035;991;35844;4011;2.5;0.3
94;2021-02-10;1098;1373;36942;5384;2.6;0.4
94;2021-02-11;1426;1559;38368;6943;2.7;0.5
94;2021-02-12;1386;1658;39754;8601;2.8;0.6
94;2021-02-13;300;263;40054;8864;2.8;0.6
94;2021-02-14;29;72;40083;8936;2.9;0.6
94;2021-02-15;751;1780;40834;10716;2.9;0.8
94;2021-02-16;702;2761;41536;13477;3.0;1.0
94;2021-02-17;713;1592;42249;15069;3.0;1.1
94;2021-02-18;786;1720;43035;16789;3.1;1.2
94;2021-02-19;958;1471;43993;18260;3.1;1.3
94;2021-02-20;135;923;44128;19183;3.1;1.4
94;2021-02-21;20;185;44148;19368;3.1;1.4
94;2021-02-22;520;1355;44668;20723;3.2;1.5
94;2021-02-23;625;1286;45293;22009;3.2;1.6
94;2021-02-24;692;928;45985;22937;3.3;1.6
94;2021-02-25;1068;1574;47053;24511;3.3;1.7
94;2021-02-26;1318;1076;48371;25587;3.4;1.8
94;2021-02-27;516;554;48887;26141;3.5;1.9
94;2021-02-28;90;84;48977;26225;3.5;1.9
94;2021-03-01;879;947;49856;27172;3.5;1.9
94;2021-03-02;1565;996;51421;28168;3.7;2.0
94;2021-03-03;1945;1022;53366;29190;3.8;2.1
94;2021-03-04;2853;1187;56219;30377;4.0;2.2
94;2021-03-05;3829;1345;60048;31722;4.3;2.3
94;2021-03-06;4812;578;64860;32300;4.6;2.3
94;2021-03-07;3686;558;68546;32858;4.9;2.3
94;2021-03-08;1912;804;70458;33662;5.0;2.4
94;2021-03-09;2548;929;73006;34591;5.2;2.5
94;2021-03-10;3193;1037;76199;35628;5.4;2.5
94;2021-03-11;3833;936;80032;36564;5.7;2.6
94;2021-03-12;4569;815;84601;37379;6.0;2.7
94;2021-03-13;4127;388;88728;37767;6.3;2.7
94;2021-03-14;2113;149;90841;37916;6.5;2.7
94;2021-03-15;3166;786;94007;38702;6.7;2.8
94;2021-03-16;2772;446;96779;39148;6.9;2.8
94;2021-03-17;2856;454;99635;39602;7.1;2.8
94;2021-03-18;3258;435;102893;40037;7.3;2.8
94;2021-03-19;4270;705;107163;40742;7.6;2.9
94;2021-03-20;3692;291;110855;41033;7.9;2.9
94;2021-03-21;1459;387;112314;41420;8.0;2.9
94;2021-03-22;3217;673;115531;42093;8.2;3.0
94;2021-03-23;4511;731;120042;42824;8.5;3.0
94;2021-03-24;4623;618;124665;43442;8.9;3.1
94;2021-03-25;6320;658;130985;44100;9.3;3.1
94;2021-03-26;6084;835;137069;44935;9.7;3.2
94;2021-03-27;4471;266;141540;45201;10.1;3.2
94;2021-03-28;1887;109;143427;45310;10.2;3.2
94;2021-03-29;4125;1221;147552;46531;10.5;3.3
94;2021-03-30;5295;1347;152847;47878;10.9;3.4
94;2021-03-31;4899;1808;157746;49686;11.2;3.5
94;2021-04-01;5816;2314;163562;52000;11.6;3.7
94;2021-04-02;5243;2327;168805;54327;12.0;3.9
94;2021-04-03;3088;2519;171893;56846;12.2;4.0
94;2021-04-04;1052;780;172945;57626;12.3;4.1
94;2021-04-05;833;158;173778;57784;12.4;4.1
94;2021-04-06;3570;2605;177348;60389;12.6;4.3
94;2021-04-07;3849;2261;181197;62650;12.9;4.5
94;2021-04-08;4618;2055;185815;64705;13.2;4.6
94;2021-04-09;5356;2472;191171;67177;13.6;4.8
94;2021-04-10;2958;3003;194129;70180;13.8;5.0
94;2021-04-11;1265;1765;195394;71945;13.9;5.1
94;2021-04-12;3439;2279;198833;74224;14.1;5.3
94;2021-04-13;4307;3426;203140;77650;14.4;5.5
94;2021-04-14;3898;2693;207038;80343;14.7;5.7
94;2021-04-15;4439;2984;211477;83327;15.0;5.9
94;2021-04-16;4699;2841;216176;86168;15.4;6.1
94;2021-04-17;2460;2764;218636;88932;15.5;6.3
94;2021-04-18;917;1249;219553;90181;15.6;6.4
94;2021-04-19;2974;2437;222527;92618;15.8;6.6
94;2021-04-20;3270;2709;225797;95327;16.1;6.8
94;2021-04-21;3217;3162;229014;98489;16.3;7.0
94;2021-04-22;3907;3641;232921;102130;16.6;7.3
94;2021-04-23;4110;3987;237031;106117;16.9;7.5
94;2021-04-24;4266;3398;241297;109515;17.2;7.8
94;2021-04-25;2410;1500;243707;111015;17.3;7.9
94;2021-04-26;4006;3272;247713;114287;17.6;8.1
94;2021-04-27;5090;3367;252803;117654;18.0;8.4
94;2021-04-28;4827;3626;257630;121280;18.3;8.6
94;2021-04-29;6408;3809;264038;125089;18.8;8.9
94;2021-04-30;6480;3930;270518;129019;19.2;9.2
94;2021-05-01;4056;1057;274574;130076;19.5;9.3
94;2021-05-02;3054;1472;277628;131548;19.7;9.4
94;2021-05-03;5734;5349;283362;136897;20.2;9.7
94;2021-05-04;6098;3566;289460;140463;20.6;10.0
94;2021-05-05;6178;3420;295638;143883;21.0;10.2
94;2021-05-06;7152;3532;302790;147415;21.5;10.5
94;2021-05-07;6667;4121;309457;151536;22.0;10.8
94;2021-05-08;4894;2547;314351;154083;22.4;11.0
94;2021-05-09;4224;2242;318575;156325;22.7;11.1
94;2021-05-10;7714;3127;326289;159452;23.2;11.3
94;2021-05-11;8973;3930;335262;163382;23.8;11.6
94;2021-05-12;9569;3603;344831;166985;24.5;11.9
94;2021-05-13;8675;1370;353506;168355;25.1;12.0
94;2021-05-14;9864;3319;363370;171674;25.8;12.2
94;2021-05-15;8941;2165;372311;173839;26.5;12.4
94;2021-05-16;5069;907;377380;174746;26.8;12.4
94;2021-05-17;10837;2247;388217;176993;27.6;12.6
94;2021-05-18;11293;2446;399510;179439;28.4;12.8
94;2021-05-19;11669;3592;411179;183031;29.2;13.0
94;2021-05-20;12143;4363;423322;187394;30.1;13.3
94;2021-05-21;11863;3153;435185;190547;31.0;13.6
94;2021-05-22;10292;1969;445477;192516;31.7;13.7
94;2021-05-23;5000;712;450477;193228;32.0;13.7
94;2021-05-24;9657;1346;460134;194574;32.7;13.8
94;2021-05-25;9991;4261;470125;198835;33.4;14.1
94;2021-05-26;10270;3305;480395;202140;34.2;14.4
94;2021-05-27;10859;4574;491254;206714;34.9;14.7
94;2021-05-28;10445;4954;501699;211668;35.7;15.1
94;2021-05-29;9872;3451;511571;215119;36.4;15.3
94;2021-05-30;4786;926;516357;216045;36.7;15.4
94;2021-05-31;9978;4235;526335;220280;37.4;15.7
94;2021-06-01;10238;5103;536573;225383;38.2;16.0
94;2021-06-02;9309;4583;545882;229966;38.8;16.4
94;2021-06-03;9527;5593;555409;235559;39.5;16.8
94;2021-06-04;10369;6522;565778;242081;40.2;17.2
94;2021-06-05;9198;6254;574976;248335;40.9;17.7
94;2021-06-06;3977;1848;578953;250183;41.2;17.8
94;2021-06-07;8658;5970;587611;256153;41.8;18.2
94;2021-06-08;8989;7523;596600;263676;42.4;18.8
94;2021-06-09;8917;8161;605517;271837;43.1;19.3
94;2021-06-10;8777;10977;614294;282814;43.7;20.1
94;2021-06-11;7816;8383;622110;291197;44.2;20.7
94;2021-06-12;10251;6829;632361;298026;45.0;21.2
94;2021-06-13;3468;3255;635829;301281;45.2;21.4
94;2021-06-14;6926;8216;642755;309497;45.7;22.0
94;2021-06-15;7707;8812;650462;318309;46.3;22.6
94;2021-06-16;7221;8268;657683;326577;46.8;23.2
94;2021-06-17;6681;9064;664364;335641;47.3;23.9
94;2021-06-18;6459;11944;670823;347585;47.7;24.7
94;2021-06-19;6008;9577;676831;357162;48.1;25.4
94;2021-06-20;1889;4009;678720;361171;48.3;25.7
94;2021-06-21;4452;11187;683172;372358;48.6;26.5
94;2021-06-22;4820;10814;687992;383172;48.9;27.3
94;2021-06-23;4129;11149;692121;394321;49.2;28.0
94;2021-06-24;4945;10323;697066;404644;49.6;28.8
94;2021-06-25;4256;13733;701322;418377;49.9;29.8
94;2021-06-26;3131;11983;704453;430360;50.1;30.6
94;2021-06-27;1057;5000;705510;435360;50.2;31.0
94;2021-06-28;3462;12076;708972;447436;50.4;31.8
94;2021-06-29;4019;12174;712991;459610;50.7;32.7
94;2021-06-30;3970;11621;716961;471231;51.0;33.5
94;2021-07-01;4358;11088;721319;482319;51.3;34.3
94;2021-07-02;4339;12169;725658;494488;51.6;35.2
94;2021-07-03;3580;11799;729238;506287;51.9;36.0
94;2021-07-04;1504;5080;730742;511367;52.0;36.4
94;2021-07-05;3656;11414;734398;522781;52.2;37.2
94;2021-07-06;3770;10879;738168;533660;52.5;38.0
94;2021-07-07;4127;11063;742295;544723;52.8;38.7
94;2021-07-08;4515;10015;746810;554738;53.1;39.5
94;2021-07-09;4246;11832;751056;566570;53.4;40.3
94;2021-07-10;3612;11349;754668;577919;53.7;41.1
94;2021-07-11;1464;4715;756132;582634;53.8;41.4
94;2021-07-12;3557;11953;759689;594587;54.0;42.3
94;2021-07-13;5712;11987;765401;606574;54.4;43.1
94;2021-07-14;3996;5270;769397;611844;54.7;43.5
94;2021-07-15;6253;12334;775650;624178;55.2;44.4
94;2021-07-16;6727;11268;782377;635446;55.6;45.2
94;2021-07-17;5593;11308;787970;646754;56.0;46.0
94;2021-07-18;2585;4014;790555;650768;56.2;46.3
94;2021-07-19;5824;10410;796379;661178;56.6;47.0
94;2021-07-20;7782;10327;804161;671505;57.2;47.8
94;2021-07-21;8348;9506;812509;681011;57.8;48.4
94;2021-07-22;9265;9346;821774;690357;58.4;49.1
94;2021-07-23;8638;9349;830412;699706;59.1;49.8
94;2021-07-24;7103;8835;837515;708541;59.6;50.4
94;2021-07-25;2179;2732;839694;711273;59.7;50.6
94;2021-07-26;7613;8010;847307;719283;60.3;51.2
94;2021-07-27;8593;7061;855900;726344;60.9;51.7
94;2021-07-28;8740;6483;864640;732827;61.5;52.1
94;2021-07-29;8817;6268;873457;739095;62.1;52.6
94;2021-07-30;7605;6477;881062;745572;62.7;53.0
94;2021-07-31;7086;6226;888148;751798;63.2;53.5
94;2021-08-01;3142;1750;891290;753548;63.4;53.6
94;2021-08-02;5936;5308;897226;758856;63.8;54.0
94;2021-08-03;5946;5043;903172;763899;64.2;54.3
95;2020-12-27;3;0;3;0;0.0;0.0
95;2020-12-28;4;0;7;0;0.0;0.0
95;2020-12-29;0;0;7;0;0.0;0.0
95;2020-12-30;0;0;7;0;0.0;0.0
95;2020-12-31;2;0;9;0;0.0;0.0
95;2021-01-01;0;0;9;0;0.0;0.0
95;2021-01-02;13;0;22;0;0.0;0.0
95;2021-01-03;1;0;23;0;0.0;0.0
95;2021-01-04;48;0;71;0;0.0;0.0
95;2021-01-05;292;0;363;0;0.0;0.0
95;2021-01-06;183;0;546;0;0.0;0.0
95;2021-01-07;130;0;676;0;0.1;0.0
95;2021-01-08;272;1;948;1;0.1;0.0
95;2021-01-09;251;0;1199;1;0.1;0.0
95;2021-01-10;382;1;1581;2;0.1;0.0
95;2021-01-11;483;1;2064;3;0.2;0.0
95;2021-01-12;862;1;2926;4;0.2;0.0
95;2021-01-13;781;13;3707;17;0.3;0.0
95;2021-01-14;882;13;4589;30;0.4;0.0
95;2021-01-15;754;4;5343;34;0.4;0.0
95;2021-01-16;297;3;5640;37;0.5;0.0
95;2021-01-17;218;1;5858;38;0.5;0.0
95;2021-01-18;1336;4;7194;42;0.6;0.0
95;2021-01-19;1571;6;8765;48;0.7;0.0
95;2021-01-20;2035;5;10800;53;0.9;0.0
95;2021-01-21;1852;3;12652;56;1.0;0.0
95;2021-01-22;1320;5;13972;61;1.1;0.0
95;2021-01-23;647;0;14619;61;1.2;0.0
95;2021-01-24;181;0;14800;61;1.2;0.0
95;2021-01-25;796;37;15596;98;1.2;0.0
95;2021-01-26;982;159;16578;257;1.3;0.0
95;2021-01-27;1248;191;17826;448;1.4;0.0
95;2021-01-28;1719;36;19545;484;1.6;0.0
95;2021-01-29;1247;210;20792;694;1.7;0.1
95;2021-01-30;477;5;21269;699;1.7;0.1
95;2021-01-31;212;2;21481;701;1.7;0.1
95;2021-02-01;565;276;22046;977;1.8;0.1
95;2021-02-02;528;268;22574;1245;1.8;0.1
95;2021-02-03;612;520;23186;1765;1.9;0.1
95;2021-02-04;1065;368;24251;2133;1.9;0.2
95;2021-02-05;732;308;24983;2441;2.0;0.2
95;2021-02-06;335;257;25318;2698;2.0;0.2
95;2021-02-07;140;421;25458;3119;2.0;0.2
95;2021-02-08;762;345;26220;3464;2.1;0.3
95;2021-02-09;1128;1091;27348;4555;2.2;0.4
95;2021-02-10;1254;1410;28602;5965;2.3;0.5
95;2021-02-11;1383;1147;29985;7112;2.4;0.6
95;2021-02-12;1031;993;31016;8105;2.5;0.6
95;2021-02-13;329;318;31345;8423;2.5;0.7
95;2021-02-14;37;194;31382;8617;2.5;0.7
95;2021-02-15;424;1064;31806;9681;2.5;0.8
95;2021-02-16;492;926;32298;10607;2.6;0.8
95;2021-02-17;652;1141;32950;11748;2.6;0.9
95;2021-02-18;721;1693;33671;13441;2.7;1.1
95;2021-02-19;783;1311;34454;14752;2.8;1.2
95;2021-02-20;305;493;34759;15245;2.8;1.2
95;2021-02-21;165;319;34924;15564;2.8;1.2
95;2021-02-22;327;1027;35251;16591;2.8;1.3
95;2021-02-23;367;731;35618;17322;2.9;1.4
95;2021-02-24;308;884;35926;18206;2.9;1.5
95;2021-02-25;721;1132;36647;19338;2.9;1.5
95;2021-02-26;988;889;37635;20227;3.0;1.6
95;2021-02-27;365;433;38000;20660;3.0;1.7
95;2021-02-28;61;236;38061;20896;3.0;1.7
95;2021-03-01;769;595;38830;21491;3.1;1.7
95;2021-03-02;1320;857;40150;22348;3.2;1.8
95;2021-03-03;1595;982;41745;23330;3.3;1.9
95;2021-03-04;3188;1193;44933;24523;3.6;2.0
95;2021-03-05;3652;1096;48585;25619;3.9;2.1
95;2021-03-06;4002;495;52587;26114;4.2;2.1
95;2021-03-07;4218;308;56805;26422;4.6;2.1
95;2021-03-08;1541;861;58346;27283;4.7;2.2
95;2021-03-09;2621;497;60967;27780;4.9;2.2
95;2021-03-10;2342;848;63309;28628;5.1;2.3
95;2021-03-11;3136;1140;66445;29768;5.3;2.4
95;2021-03-12;3516;792;69961;30560;5.6;2.4
95;2021-03-13;3516;410;73477;30970;5.9;2.5
95;2021-03-14;1982;289;75459;31259;6.0;2.5
95;2021-03-15;2372;319;77831;31578;6.2;2.5
95;2021-03-16;1572;414;79403;31992;6.4;2.6
95;2021-03-17;2101;411;81504;32403;6.5;2.6
95;2021-03-18;2796;364;84300;32767;6.8;2.6
95;2021-03-19;3469;349;87769;33116;7.0;2.7
95;2021-03-20;2589;199;90358;33315;7.2;2.7
95;2021-03-21;1198;235;91556;33550;7.3;2.7
95;2021-03-22;2936;364;94492;33914;7.6;2.7
95;2021-03-23;3431;453;97923;34367;7.8;2.8
95;2021-03-24;3935;499;101858;34866;8.2;2.8
95;2021-03-25;5852;642;107710;35508;8.6;2.8
95;2021-03-26;5427;673;113137;36181;9.1;2.9
95;2021-03-27;3745;203;116882;36384;9.4;2.9
95;2021-03-28;1531;108;118413;36492;9.5;2.9
95;2021-03-29;2891;573;121304;37065;9.7;3.0
95;2021-03-30;3879;1225;125183;38290;10.0;3.1
95;2021-03-31;3655;1661;128838;39951;10.3;3.2
95;2021-04-01;5477;2259;134315;42210;10.8;3.4
95;2021-04-02;3544;2751;137859;44961;11.0;3.6
95;2021-04-03;2092;2485;139951;47446;11.2;3.8
95;2021-04-04;1243;1186;141194;48632;11.3;3.9
95;2021-04-05;593;64;141787;48696;11.4;3.9
95;2021-04-06;1856;1535;143643;50231;11.5;4.0
95;2021-04-07;4949;2163;148592;52394;11.9;4.2
95;2021-04-08;4888;2453;153480;54847;12.3;4.4
95;2021-04-09;5428;2324;158908;57171;12.7;4.6
95;2021-04-10;3705;1428;162613;58599;13.0;4.7
95;2021-04-11;1565;1031;164178;59630;13.2;4.8
95;2021-04-12;3244;1608;167422;61238;13.4;4.9
95;2021-04-13;3139;1672;170561;62910;13.7;5.0
95;2021-04-14;2744;1991;173305;64901;13.9;5.2
95;2021-04-15;3895;3320;177200;68221;14.2;5.5
95;2021-04-16;4063;3020;181263;71241;14.5;5.7
95;2021-04-17;2374;1754;183637;72995;14.7;5.8
95;2021-04-18;1508;1020;185145;74015;14.8;5.9
95;2021-04-19;2565;2367;187710;76382;15.0;6.1
95;2021-04-20;2117;2451;189827;78833;15.2;6.3
95;2021-04-21;3929;2629;193756;81462;15.5;6.5
95;2021-04-22;3410;4621;197166;86083;15.8;6.9
95;2021-04-23;2766;3555;199932;89638;16.0;7.2
95;2021-04-24;3569;2580;203501;92218;16.3;7.4
95;2021-04-25;1960;1547;205461;93765;16.5;7.5
95;2021-04-26;2748;2702;208209;96467;16.7;7.7
95;2021-04-27;3848;2166;212057;98633;17.0;7.9
95;2021-04-28;3887;2667;215944;101300;17.3;8.1
95;2021-04-29;6136;4539;222080;105839;17.8;8.5
95;2021-04-30;6903;2931;228983;108770;18.3;8.7
95;2021-05-01;2366;916;231349;109686;18.5;8.8
95;2021-05-02;2447;1497;233796;111183;18.7;8.9
95;2021-05-03;5119;1911;238915;113094;19.1;9.1
95;2021-05-04;6353;2719;245268;115813;19.6;9.3
95;2021-05-05;5144;3810;250412;119623;20.1;9.6
95;2021-05-06;8202;4927;258614;124550;20.7;10.0
95;2021-05-07;5776;4749;264390;129299;21.2;10.4
95;2021-05-08;5739;1526;270129;130825;21.6;10.5
95;2021-05-09;2825;1573;272954;132398;21.9;10.6
95;2021-05-10;9951;3170;282905;135568;22.7;10.9
95;2021-05-11;8445;3453;291350;139021;23.3;11.1
95;2021-05-12;9459;3212;300809;142233;24.1;11.4
95;2021-05-13;7953;1203;308762;143436;24.7;11.5
95;2021-05-14;7010;1903;315772;145339;25.3;11.6
95;2021-05-15;4511;1067;320283;146406;25.7;11.7
95;2021-05-16;4819;819;325102;147225;26.0;11.8
95;2021-05-17;7734;1348;332836;148573;26.7;11.9
95;2021-05-18;9459;1857;342295;150430;27.4;12.1
95;2021-05-19;9242;2511;351537;152941;28.2;12.3
95;2021-05-20;12578;2441;364115;155382;29.2;12.4
95;2021-05-21;10176;2534;374291;157916;30.0;12.6
95;2021-05-22;9401;1553;383692;159469;30.7;12.8
95;2021-05-23;4140;940;387832;160409;31.1;12.8
95;2021-05-24;2395;539;390227;160948;31.3;12.9
95;2021-05-25;7206;2078;397433;163026;31.8;13.1
95;2021-05-26;8844;3117;406277;166143;32.5;13.3
95;2021-05-27;10358;4427;416635;170570;33.4;13.7
95;2021-05-28;7681;4421;424316;174991;34.0;14.0
95;2021-05-29;5263;2761;429579;177752;34.4;14.2
95;2021-05-30;3729;1692;433308;179444;34.7;14.4
95;2021-05-31;6423;3324;439731;182768;35.2;14.6
95;2021-06-01;8733;3801;448464;186569;35.9;14.9
95;2021-06-02;8675;4735;457139;191304;36.6;15.3
95;2021-06-03;8489;6549;465628;197853;37.3;15.8
95;2021-06-04;8853;4399;474481;202252;38.0;16.2
95;2021-06-05;8333;3737;482814;205989;38.7;16.5
95;2021-06-06;4826;1593;487640;207582;39.1;16.6
95;2021-06-07;6021;4536;493661;212118;39.5;17.0
95;2021-06-08;6528;5511;500189;217629;40.1;17.4
95;2021-06-09;6026;6461;506215;224090;40.6;18.0
95;2021-06-10;6362;6807;512577;230897;41.1;18.5
95;2021-06-11;7149;6433;519726;237330;41.6;19.0
95;2021-06-12;6002;4372;525728;241702;42.1;19.4
95;2021-06-13;2078;3284;527806;244986;42.3;19.6
95;2021-06-14;4873;5973;532679;250959;42.7;20.1
95;2021-06-15;4217;8037;536896;258996;43.0;20.7
95;2021-06-16;5223;7527;542119;266523;43.4;21.3
95;2021-06-17;6423;8153;548542;274676;43.9;22.0
95;2021-06-18;5367;7847;553909;282523;44.4;22.6
95;2021-06-19;4961;8920;558870;291443;44.8;23.3
95;2021-06-20;1415;3305;560285;294748;44.9;23.6
95;2021-06-21;3060;7702;563345;302450;45.1;24.2
95;2021-06-22;4844;9033;568189;311483;45.5;25.0
95;2021-06-23;4717;10871;572906;322354;45.9;25.8
95;2021-06-24;4889;10703;577795;333057;46.3;26.7
95;2021-06-25;4772;10347;582567;343404;46.7;27.5
95;2021-06-26;4315;8473;586882;351877;47.0;28.2
95;2021-06-27;1029;3987;587911;355864;47.1;28.5
95;2021-06-28;2676;9484;590587;365348;47.3;29.3
95;2021-06-29;2513;8781;593100;374129;47.5;30.0
95;2021-06-30;3866;9982;596966;384111;47.8;30.8
95;2021-07-01;4230;11145;601196;395256;48.2;31.7
95;2021-07-02;4032;10535;605228;405791;48.5;32.5
95;2021-07-03;3522;9150;608750;414941;48.8;33.2
95;2021-07-04;1264;3398;610014;418339;48.9;33.5
95;2021-07-05;2283;4376;612297;422715;49.0;33.9
95;2021-07-06;2601;7745;614898;430460;49.3;34.5
95;2021-07-07;3923;9621;618821;440081;49.6;35.3
95;2021-07-08;5265;9798;624086;449879;50.0;36.0
95;2021-07-09;4466;10057;628552;459936;50.4;36.8
95;2021-07-10;3387;7386;631939;467322;50.6;37.4
95;2021-07-11;1501;3599;633440;470921;50.7;37.7
95;2021-07-12;2942;9679;636382;480600;51.0;38.5
95;2021-07-13;5020;10043;641402;490643;51.4;39.3
95;2021-07-14;4312;5700;645714;496343;51.7;39.8
95;2021-07-15;7156;12274;652870;508617;52.3;40.7
95;2021-07-16;7858;11954;660728;520571;52.9;41.7
95;2021-07-17;5019;7808;665747;528379;53.3;42.3
95;2021-07-18;3320;2876;669067;531255;53.6;42.6
95;2021-07-19;4726;6835;673793;538090;54.0;43.1
95;2021-07-20;6803;8344;680596;546434;54.5;43.8
95;2021-07-21;9147;9397;689743;555831;55.3;44.5
95;2021-07-22;9877;9654;699620;565485;56.0;45.3
95;2021-07-23;10777;10160;710397;575645;56.9;46.1
95;2021-07-24;5238;6219;715635;581864;57.3;46.6
95;2021-07-25;2150;2268;717785;584132;57.5;46.8
95;2021-07-26;4468;4001;722253;588133;57.9;47.1
95;2021-07-27;8372;7008;730625;595141;58.5;47.7
95;2021-07-28;9616;7502;740241;602643;59.3;48.3
95;2021-07-29;8334;5446;748575;608089;60.0;48.7
95;2021-07-30;8382;7727;756957;615816;60.6;49.3
95;2021-07-31;4192;4088;761149;619904;61.0;49.7
95;2021-08-01;2182;1341;763331;621245;61.1;49.8
95;2021-08-02;4043;3866;767374;625111;61.5;50.1
95;2021-08-03;6002;5447;773376;630558;62.0;50.5
971;2020-12-27;0;0;0;0;0.0;0.0
971;2020-12-28;0;0;0;0;0.0;0.0
971;2020-12-29;0;0;0;0;0.0;0.0
971;2020-12-30;0;0;0;0;0.0;0.0
971;2020-12-31;0;0;0;0;0.0;0.0
971;2021-01-01;1;0;1;0;0.0;0.0
971;2021-01-02;0;0;1;0;0.0;0.0
971;2021-01-03;0;0;1;0;0.0;0.0
971;2021-01-04;1;0;2;0;0.0;0.0
971;2021-01-05;0;0;2;0;0.0;0.0
971;2021-01-06;1;0;3;0;0.0;0.0
971;2021-01-07;0;0;3;0;0.0;0.0
971;2021-01-08;56;1;59;1;0.0;0.0
971;2021-01-09;20;0;79;1;0.0;0.0
971;2021-01-10;0;0;79;1;0.0;0.0
971;2021-01-11;60;0;139;1;0.0;0.0
971;2021-01-12;45;0;184;1;0.0;0.0
971;2021-01-13;47;1;231;2;0.1;0.0
971;2021-01-14;63;0;294;2;0.1;0.0
971;2021-01-15;77;0;371;2;0.1;0.0
971;2021-01-16;0;0;371;2;0.1;0.0
971;2021-01-17;0;0;371;2;0.1;0.0
971;2021-01-18;80;1;451;3;0.1;0.0
971;2021-01-19;144;0;595;3;0.2;0.0
971;2021-01-20;135;0;730;3;0.2;0.0
971;2021-01-21;151;1;881;4;0.2;0.0
971;2021-01-22;134;0;1015;4;0.3;0.0
971;2021-01-23;1;0;1016;4;0.3;0.0
971;2021-01-24;0;0;1016;4;0.3;0.0
971;2021-01-25;202;1;1218;5;0.3;0.0
971;2021-01-26;214;1;1432;6;0.4;0.0
971;2021-01-27;234;0;1666;6;0.4;0.0
971;2021-01-28;239;3;1905;9;0.5;0.0
971;2021-01-29;197;2;2102;11;0.6;0.0
971;2021-01-30;23;0;2125;11;0.6;0.0
971;2021-01-31;1;0;2126;11;0.6;0.0
971;2021-02-01;227;4;2353;15;0.6;0.0
971;2021-02-02;243;26;2596;41;0.7;0.0
971;2021-02-03;221;3;2817;44;0.7;0.0
971;2021-02-04;300;21;3117;65;0.8;0.0
971;2021-02-05;273;32;3390;97;0.9;0.0
971;2021-02-06;49;1;3439;98;0.9;0.0
971;2021-02-07;0;0;3439;98;0.9;0.0
971;2021-02-08;246;22;3685;120;1.0;0.0
971;2021-02-09;315;29;4000;149;1.1;0.0
971;2021-02-10;237;29;4237;178;1.1;0.0
971;2021-02-11;296;112;4533;290;1.2;0.1
971;2021-02-12;285;26;4818;316;1.3;0.1
971;2021-02-13;50;7;4868;323;1.3;0.1
971;2021-02-14;19;36;4887;359;1.3;0.1
971;2021-02-15;83;46;4970;405;1.3;0.1
971;2021-02-16;16;1;4986;406;1.3;0.1
971;2021-02-17;17;1;5003;407;1.3;0.1
971;2021-02-18;241;17;5244;424;1.4;0.1
971;2021-02-19;241;21;5485;445;1.5;0.1
971;2021-02-20;48;0;5533;445;1.5;0.1
971;2021-02-21;1;0;5534;445;1.5;0.1
971;2021-02-22;177;65;5711;510;1.5;0.1
971;2021-02-23;196;74;5907;584;1.6;0.2
971;2021-02-24;330;125;6237;709;1.7;0.2
971;2021-02-25;375;80;6612;789;1.8;0.2
971;2021-02-26;219;84;6831;873;1.8;0.2
971;2021-02-27;65;0;6896;873;1.8;0.2
971;2021-02-28;1;0;6897;873;1.8;0.2
971;2021-03-01;170;82;7067;955;1.9;0.3
971;2021-03-02;268;132;7335;1087;1.9;0.3
971;2021-03-03;238;121;7573;1208;2.0;0.3
971;2021-03-04;327;86;7900;1294;2.1;0.3
971;2021-03-05;364;152;8264;1446;2.2;0.4
971;2021-03-06;595;8;8859;1454;2.4;0.4
971;2021-03-07;1;0;8860;1454;2.4;0.4
971;2021-03-08;300;141;9160;1595;2.4;0.4
971;2021-03-09;369;155;9529;1750;2.5;0.5
971;2021-03-10;419;164;9948;1914;2.6;0.5
971;2021-03-11;123;46;10071;1960;2.7;0.5
971;2021-03-12;495;227;10566;2187;2.8;0.6
971;2021-03-13;135;3;10701;2190;2.8;0.6
971;2021-03-14;14;24;10715;2214;2.8;0.6
971;2021-03-15;418;46;11133;2260;3.0;0.6
971;2021-03-16;474;84;11607;2344;3.1;0.6
971;2021-03-17;451;89;12058;2433;3.2;0.6
971;2021-03-18;559;106;12617;2539;3.3;0.7
971;2021-03-19;568;100;13185;2639;3.5;0.7
971;2021-03-20;177;44;13362;2683;3.5;0.7
971;2021-03-21;8;0;13370;2683;3.5;0.7
971;2021-03-22;354;87;13724;2770;3.6;0.7
971;2021-03-23;534;157;14258;2927;3.8;0.8
971;2021-03-24;467;108;14725;3035;3.9;0.8
971;2021-03-25;757;181;15482;3216;4.1;0.9
971;2021-03-26;641;121;16123;3337;4.3;0.9
971;2021-03-27;284;47;16407;3384;4.4;0.9
971;2021-03-28;21;1;16428;3385;4.4;0.9
971;2021-03-29;381;84;16809;3469;4.5;0.9
971;2021-03-30;621;164;17430;3633;4.6;1.0
971;2021-03-31;546;133;17976;3766;4.8;1.0
971;2021-04-01;655;198;18631;3964;4.9;1.1
971;2021-04-02;38;35;18669;3999;5.0;1.1
971;2021-04-03;53;2;18722;4001;5.0;1.1
971;2021-04-04;4;18;18726;4019;5.0;1.1
971;2021-04-05;12;0;18738;4019;5.0;1.1
971;2021-04-06;480;193;19218;4212;5.1;1.1
971;2021-04-07;579;118;19797;4330;5.3;1.1
971;2021-04-08;503;162;20300;4492;5.4;1.2
971;2021-04-09;485;210;20785;4702;5.5;1.2
971;2021-04-10;100;4;20885;4706;5.5;1.2
971;2021-04-11;6;23;20891;4729;5.5;1.3
971;2021-04-12;298;262;21189;4991;5.6;1.3
971;2021-04-13;554;325;21743;5316;5.8;1.4
971;2021-04-14;437;223;22180;5539;5.9;1.5
971;2021-04-15;550;313;22730;5852;6.0;1.6
971;2021-04-16;563;273;23293;6125;6.2;1.6
971;2021-04-17;208;4;23501;6129;6.2;1.6
971;2021-04-18;5;14;23506;6143;6.2;1.6
971;2021-04-19;398;243;23904;6386;6.3;1.7
971;2021-04-20;723;344;24627;6730;6.5;1.8
971;2021-04-21;625;312;25252;7042;6.7;1.9
971;2021-04-22;810;334;26062;7376;6.9;2.0
971;2021-04-23;846;250;26908;7626;7.1;2.0
971;2021-04-24;388;75;27296;7701;7.2;2.0
971;2021-04-25;598;63;27894;7764;7.4;2.1
971;2021-04-26;959;216;28853;7980;7.7;2.1
971;2021-04-27;695;235;29548;8215;7.8;2.2
971;2021-04-28;859;266;30407;8481;8.1;2.3
971;2021-04-29;1199;203;31606;8684;8.4;2.3
971;2021-04-30;1265;189;32871;8873;8.7;2.4
971;2021-05-01;601;44;33472;8917;8.9;2.4
971;2021-05-02;352;18;33824;8935;9.0;2.4
971;2021-05-03;915;179;34739;9114;9.2;2.4
971;2021-05-04;957;206;35696;9320;9.5;2.5
971;2021-05-05;1011;252;36707;9572;9.7;2.5
971;2021-05-06;1146;174;37853;9746;10.0;2.6
971;2021-05-07;1252;268;39105;10014;10.4;2.7
971;2021-05-08;321;36;39426;10050;10.5;2.7
971;2021-05-09;182;10;39608;10060;10.5;2.7
971;2021-05-10;837;214;40445;10274;10.7;2.7
971;2021-05-11;962;314;41407;10588;11.0;2.8
971;2021-05-12;905;325;42312;10913;11.2;2.9
971;2021-05-13;211;79;42523;10992;11.3;2.9
971;2021-05-14;861;275;43384;11267;11.5;3.0
971;2021-05-15;480;14;43864;11281;11.6;3.0
971;2021-05-16;181;36;44045;11317;11.7;3.0
971;2021-05-17;717;276;44762;11593;11.9;3.1
971;2021-05-18;742;389;45504;11982;12.1;3.2
971;2021-05-19;701;529;46205;12511;12.3;3.3
971;2021-05-20;803;377;47008;12888;12.5;3.4
971;2021-05-21;822;408;47830;13296;12.7;3.5
971;2021-05-22;501;214;48331;13510;12.8;3.6
971;2021-05-23;203;114;48534;13624;12.9;3.6
971;2021-05-24;201;176;48735;13800;12.9;3.7
971;2021-05-25;544;661;49279;14461;13.1;3.8
971;2021-05-26;593;492;49872;14953;13.2;4.0
971;2021-05-27;131;185;50003;15138;13.3;4.0
971;2021-05-28;517;526;50520;15664;13.4;4.2
971;2021-05-29;236;138;50756;15802;13.5;4.2
971;2021-05-30;76;113;50832;15915;13.5;4.2
971;2021-05-31;453;535;51285;16450;13.6;4.4
971;2021-06-01;588;709;51873;17159;13.8;4.6
971;2021-06-02;577;707;52450;17866;13.9;4.7
971;2021-06-03;506;564;52956;18430;14.1;4.9
971;2021-06-04;793;806;53749;19236;14.3;5.1
971;2021-06-05;315;645;54064;19881;14.3;5.3
971;2021-06-06;136;530;54200;20411;14.4;5.4
971;2021-06-07;426;783;54626;21194;14.5;5.6
971;2021-06-08;510;892;55136;22086;14.6;5.9
971;2021-06-09;498;860;55634;22946;14.8;6.1
971;2021-06-10;532;845;56166;23791;14.9;6.3
971;2021-06-11;465;1242;56631;25033;15.0;6.6
971;2021-06-12;298;664;56929;25697;15.1;6.8
971;2021-06-13;128;314;57057;26011;15.1;6.9
971;2021-06-14;366;3795;57423;29806;15.2;7.9
971;2021-06-15;486;2009;57909;31815;15.4;8.4
971;2021-06-16;478;1483;58387;33298;15.5;8.8
971;2021-06-17;430;1013;58817;34311;15.6;9.1
971;2021-06-18;474;1019;59291;35330;15.7;9.4
971;2021-06-19;314;508;59605;35838;15.8;9.5
971;2021-06-20;111;230;59716;36068;15.8;9.6
971;2021-06-21;332;681;60048;36749;15.9;9.8
971;2021-06-22;328;873;60376;37622;16.0;10.0
971;2021-06-23;367;891;60743;38513;16.1;10.2
971;2021-06-24;393;733;61136;39246;16.2;10.4
971;2021-06-25;448;763;61584;40009;16.3;10.6
971;2021-06-26;296;514;61880;40523;16.4;10.8
971;2021-06-27;116;148;61996;40671;16.4;10.8
971;2021-06-28;303;690;62299;41361;16.5;11.0
971;2021-06-29;372;780;62671;42141;16.6;11.2
971;2021-06-30;432;920;63103;43061;16.7;11.4
971;2021-07-01;350;651;63453;43712;16.8;11.6
971;2021-07-02;419;693;63872;44405;16.9;11.8
971;2021-07-03;267;464;64139;44869;17.0;11.9
971;2021-07-04;112;239;64251;45108;17.0;12.0
971;2021-07-05;324;508;64575;45616;17.1;12.1
971;2021-07-06;376;765;64951;46381;17.2;12.3
971;2021-07-07;372;846;65323;47227;17.3;12.5
971;2021-07-08;403;791;65726;48018;17.4;12.7
971;2021-07-09;428;796;66154;48814;17.6;13.0
971;2021-07-10;241;294;66395;49108;17.6;13.0
971;2021-07-11;168;135;66563;49243;17.7;13.1
971;2021-07-12;475;610;67038;49853;17.8;13.2
971;2021-07-13;840;1008;67878;50861;18.0;13.5
971;2021-07-14;456;281;68334;51142;18.1;13.6
971;2021-07-15;844;835;69178;51977;18.4;13.8
971;2021-07-16;1065;1034;70243;53011;18.6;14.1
971;2021-07-17;641;441;70884;53452;18.8;14.2
971;2021-07-18;398;215;71282;53667;18.9;14.2
971;2021-07-19;570;576;71852;54243;19.1;14.4
971;2021-07-20;775;723;72627;54966;19.3;14.6
971;2021-07-21;754;491;73381;55457;19.5;14.7
971;2021-07-22;903;861;74284;56318;19.7;14.9
971;2021-07-23;937;743;75221;57061;20.0;15.1
971;2021-07-24;407;377;75628;57438;20.1;15.2
971;2021-07-25;248;259;75876;57697;20.1;15.3
971;2021-07-26;564;553;76440;58250;20.3;15.5
971;2021-07-27;725;567;77165;58817;20.5;15.6
971;2021-07-28;714;638;77879;59455;20.7;15.8
971;2021-07-29;821;652;78700;60107;20.9;15.9
971;2021-07-30;1153;736;79853;60843;21.2;16.1
971;2021-07-31;550;408;80403;61251;21.3;16.3
971;2021-08-01;304;244;80707;61495;21.4;16.3
971;2021-08-02;731;414;81438;61909;21.6;16.4
971;2021-08-03;594;651;82032;62560;21.8;16.6
972;2020-12-27;0;0;0;0;0.0;0.0
972;2020-12-28;0;0;0;0;0.0;0.0
972;2020-12-29;0;0;0;0;0.0;0.0
972;2020-12-30;0;0;0;0;0.0;0.0
972;2020-12-31;0;0;0;0;0.0;0.0
972;2021-01-01;0;0;0;0;0.0;0.0
972;2021-01-02;0;0;0;0;0.0;0.0
972;2021-01-03;0;0;0;0;0.0;0.0
972;2021-01-04;0;0;0;0;0.0;0.0
972;2021-01-05;0;0;0;0;0.0;0.0
972;2021-01-06;5;0;5;0;0.0;0.0
972;2021-01-07;31;0;36;0;0.0;0.0
972;2021-01-08;90;1;126;1;0.0;0.0
972;2021-01-09;20;0;146;1;0.0;0.0
972;2021-01-10;0;0;146;1;0.0;0.0
972;2021-01-11;122;0;268;1;0.1;0.0
972;2021-01-12;79;0;347;1;0.1;0.0
972;2021-01-13;64;0;411;1;0.1;0.0
972;2021-01-14;88;1;499;2;0.1;0.0
972;2021-01-15;163;0;662;2;0.2;0.0
972;2021-01-16;51;0;713;2;0.2;0.0
972;2021-01-17;0;0;713;2;0.2;0.0
972;2021-01-18;158;0;871;2;0.2;0.0
972;2021-01-19;168;1;1039;3;0.3;0.0
972;2021-01-20;165;0;1204;3;0.3;0.0
972;2021-01-21;181;2;1385;5;0.4;0.0
972;2021-01-22;173;0;1558;5;0.4;0.0
972;2021-01-23;58;0;1616;5;0.5;0.0
972;2021-01-24;0;0;1616;5;0.5;0.0
972;2021-01-25;161;0;1777;5;0.5;0.0
972;2021-01-26;137;1;1914;6;0.5;0.0
972;2021-01-27;163;5;2077;11;0.6;0.0
972;2021-01-28;152;12;2229;23;0.6;0.0
972;2021-01-29;143;41;2372;64;0.7;0.0
972;2021-01-30;96;16;2468;80;0.7;0.0
972;2021-01-31;0;0;2468;80;0.7;0.0
972;2021-02-01;119;74;2587;154;0.7;0.0
972;2021-02-02;184;96;2771;250;0.8;0.1
972;2021-02-03;132;80;2903;330;0.8;0.1
972;2021-02-04;158;73;3061;403;0.9;0.1
972;2021-02-05;124;96;3185;499;0.9;0.1
972;2021-02-06;62;26;3247;525;0.9;0.1
972;2021-02-07;1;0;3248;525;0.9;0.1
972;2021-02-08;137;80;3385;605;0.9;0.2
972;2021-02-09;176;78;3561;683;1.0;0.2
972;2021-02-10;153;90;3714;773;1.0;0.2
972;2021-02-11;150;103;3864;876;1.1;0.2
972;2021-02-12;146;131;4010;1007;1.1;0.3
972;2021-02-13;47;37;4057;1044;1.1;0.3
972;2021-02-14;0;0;4057;1044;1.1;0.3
972;2021-02-15;51;67;4108;1111;1.1;0.3
972;2021-02-16;0;1;4108;1112;1.1;0.3
972;2021-02-17;1;3;4109;1115;1.1;0.3
972;2021-02-18;69;127;4178;1242;1.2;0.3
972;2021-02-19;69;131;4247;1373;1.2;0.4
972;2021-02-20;48;68;4295;1441;1.2;0.4
972;2021-02-21;0;0;4295;1441;1.2;0.4
972;2021-02-22;102;60;4397;1501;1.2;0.4
972;2021-02-23;113;237;4510;1738;1.3;0.5
972;2021-02-24;106;223;4616;1961;1.3;0.5
972;2021-02-25;89;150;4705;2111;1.3;0.6
972;2021-02-26;132;169;4837;2280;1.3;0.6
972;2021-02-27;69;52;4906;2332;1.4;0.7
972;2021-02-28;0;0;4906;2332;1.4;0.7
972;2021-03-01;137;146;5043;2478;1.4;0.7
972;2021-03-02;157;79;5200;2557;1.4;0.7
972;2021-03-03;179;145;5379;2702;1.5;0.8
972;2021-03-04;151;135;5530;2837;1.5;0.8
972;2021-03-05;238;128;5768;2965;1.6;0.8
972;2021-03-06;119;58;5887;3023;1.6;0.8
972;2021-03-07;100;1;5987;3024;1.7;0.8
972;2021-03-08;196;133;6183;3157;1.7;0.9
972;2021-03-09;283;101;6466;3258;1.8;0.9
972;2021-03-10;322;134;6788;3392;1.9;0.9
972;2021-03-11;336;82;7124;3474;2.0;1.0
972;2021-03-12;413;54;7537;3528;2.1;1.0
972;2021-03-13;155;21;7692;3549;2.1;1.0
972;2021-03-14;4;1;7696;3550;2.1;1.0
972;2021-03-15;276;90;7972;3640;2.2;1.0
972;2021-03-16;305;55;8277;3695;2.3;1.0
972;2021-03-17;388;49;8665;3744;2.4;1.0
972;2021-03-18;434;44;9099;3788;2.5;1.1
972;2021-03-19;401;63;9500;3851;2.6;1.1
972;2021-03-20;149;48;9649;3899;2.7;1.1
972;2021-03-21;25;1;9674;3900;2.7;1.1
972;2021-03-22;362;118;10036;4018;2.8;1.1
972;2021-03-23;403;123;10439;4141;2.9;1.2
972;2021-03-24;429;107;10868;4248;3.0;1.2
972;2021-03-25;483;100;11351;4348;3.2;1.2
972;2021-03-26;634;103;11985;4451;3.3;1.2
972;2021-03-27;152;70;12137;4521;3.4;1.3
972;2021-03-28;81;2;12218;4523;3.4;1.3
972;2021-03-29;422;165;12640;4688;3.5;1.3
972;2021-03-30;469;244;13109;4932;3.7;1.4
972;2021-03-31;1150;192;14259;5124;4.0;1.4
972;2021-04-01;955;171;15214;5295;4.2;1.5
972;2021-04-02;895;13;16109;5308;4.5;1.5
972;2021-04-03;788;53;16897;5361;4.7;1.5
972;2021-04-04;751;12;17648;5373;4.9;1.5
972;2021-04-05;829;44;18477;5417;5.2;1.5
972;2021-04-06;883;136;19360;5553;5.4;1.5
972;2021-04-07;1436;326;20796;5879;5.8;1.6
972;2021-04-08;1306;271;22102;6150;6.2;1.7
972;2021-04-09;1240;316;23342;6466;6.5;1.8
972;2021-04-10;838;165;24180;6631;6.7;1.8
972;2021-04-11;621;14;24801;6645;6.9;1.9
972;2021-04-12;867;317;25668;6962;7.2;1.9
972;2021-04-13;880;327;26548;7289;7.4;2.0
972;2021-04-14;960;322;27508;7611;7.7;2.1
972;2021-04-15;959;298;28467;7909;7.9;2.2
972;2021-04-16;994;300;29461;8209;8.2;2.3
972;2021-04-17;530;161;29991;8370;8.4;2.3
972;2021-04-18;339;56;30330;8426;8.5;2.3
972;2021-04-19;668;344;30998;8770;8.6;2.4
972;2021-04-20;868;309;31866;9079;8.9;2.5
972;2021-04-21;1002;354;32868;9433;9.2;2.6
972;2021-04-22;605;314;33473;9747;9.3;2.7
972;2021-04-23;607;465;34080;10212;9.5;2.8
972;2021-04-24;362;197;34442;10409;9.6;2.9
972;2021-04-25;168;199;34610;10608;9.6;3.0
972;2021-04-26;516;541;35126;11149;9.8;3.1
972;2021-04-27;568;609;35694;11758;9.9;3.3
972;2021-04-28;449;691;36143;12449;10.1;3.5
972;2021-04-29;653;641;36796;13090;10.3;3.6
972;2021-04-30;771;687;37567;13777;10.5;3.8
972;2021-05-01;244;246;37811;14023;10.5;3.9
972;2021-05-02;227;514;38038;14537;10.6;4.1
972;2021-05-03;569;772;38607;15309;10.8;4.3
972;2021-05-04;525;678;39132;15987;10.9;4.5
972;2021-05-05;547;896;39679;16883;11.1;4.7
972;2021-05-06;546;785;40225;17668;11.2;4.9
972;2021-05-07;629;1014;40854;18682;11.4;5.2
972;2021-05-08;225;526;41079;19208;11.5;5.4
972;2021-05-09;172;506;41251;19714;11.5;5.5
972;2021-05-10;520;857;41771;20571;11.6;5.7
972;2021-05-11;477;872;42248;21443;11.8;6.0
972;2021-05-12;559;911;42807;22354;11.9;6.2
972;2021-05-13;274;533;43081;22887;12.0;6.4
972;2021-05-14;389;752;43470;23639;12.1;6.6
972;2021-05-15;233;578;43703;24217;12.2;6.8
972;2021-05-16;155;442;43858;24659;12.2;6.9
972;2021-05-17;474;753;44332;25412;12.4;7.1
972;2021-05-18;446;680;44778;26092;12.5;7.3
972;2021-05-19;453;744;45231;26836;12.6;7.5
972;2021-05-20;594;500;45825;27336;12.8;7.6
972;2021-05-21;545;705;46370;28041;12.9;7.8
972;2021-05-22;186;364;46556;28405;13.0;7.9
972;2021-05-23;111;182;46667;28587;13.0;8.0
972;2021-05-24;135;241;46802;28828;13.0;8.0
972;2021-05-25;351;698;47153;29526;13.1;8.2
972;2021-05-26;383;714;47536;30240;13.3;8.4
972;2021-05-27;270;647;47806;30887;13.3;8.6
972;2021-05-28;279;816;48085;31703;13.4;8.8
972;2021-05-29;154;513;48239;32216;13.4;9.0
972;2021-05-30;17;33;48256;32249;13.5;9.0
972;2021-05-31;345;682;48601;32931;13.5;9.2
972;2021-06-01;300;547;48901;33478;13.6;9.3
972;2021-06-02;326;575;49227;34053;13.7;9.5
972;2021-06-03;247;425;49474;34478;13.8;9.6
972;2021-06-04;350;644;49824;35122;13.9;9.8
972;2021-06-05;261;373;50085;35495;14.0;9.9
972;2021-06-06;24;31;50109;35526;14.0;9.9
972;2021-06-07;259;737;50368;36263;14.0;10.1
972;2021-06-08;255;589;50623;36852;14.1;10.3
972;2021-06-09;303;699;50926;37551;14.2;10.5
972;2021-06-10;307;453;51233;38004;14.3;10.6
972;2021-06-11;361;534;51594;38538;14.4;10.7
972;2021-06-12;246;322;51840;38860;14.5;10.8
972;2021-06-13;32;29;51872;38889;14.5;10.8
972;2021-06-14;367;551;52239;39440;14.6;11.0
972;2021-06-15;410;488;52649;39928;14.7;11.1
972;2021-06-16;436;436;53085;40364;14.8;11.3
972;2021-06-17;355;576;53440;40940;14.9;11.4
972;2021-06-18;458;539;53898;41479;15.0;11.6
972;2021-06-19;225;196;54123;41675;15.1;11.6
972;2021-06-20;25;17;54148;41692;15.1;11.6
972;2021-06-21;332;580;54480;42272;15.2;11.8
972;2021-06-22;296;464;54776;42736;15.3;11.9
972;2021-06-23;425;563;55201;43299;15.4;12.1
972;2021-06-24;327;437;55528;43736;15.5;12.2
972;2021-06-25;313;387;55841;44123;15.6;12.3
972;2021-06-26;221;199;56062;44322;15.6;12.4
972;2021-06-27;16;23;56078;44345;15.6;12.4
972;2021-06-28;336;425;56414;44770;15.7;12.5
972;2021-06-29;328;431;56742;45201;15.8;12.6
972;2021-06-30;439;421;57181;45622;15.9;12.7
972;2021-07-01;347;392;57528;46014;16.0;12.8
972;2021-07-02;123;201;57651;46215;16.1;12.9
972;2021-07-03;100;118;57751;46333;16.1;12.9
972;2021-07-04;24;35;57775;46368;16.1;12.9
972;2021-07-05;492;578;58267;46946;16.2;13.1
972;2021-07-06;484;430;58751;47376;16.4;13.2
972;2021-07-07;603;494;59354;47870;16.5;13.3
972;2021-07-08;494;421;59848;48291;16.7;13.5
972;2021-07-09;624;584;60472;48875;16.9;13.6
972;2021-07-10;403;306;60875;49181;17.0;13.7
972;2021-07-11;48;37;60923;49218;17.0;13.7
972;2021-07-12;841;696;61764;49914;17.2;13.9
972;2021-07-13;1465;711;63229;50625;17.6;14.1
972;2021-07-14;132;63;63361;50688;17.7;14.1
972;2021-07-15;1590;680;64951;51368;18.1;14.3
972;2021-07-16;1629;651;66580;52019;18.6;14.5
972;2021-07-17;1061;364;67641;52383;18.9;14.6
972;2021-07-18;56;39;67697;52422;18.9;14.6
972;2021-07-19;1138;651;68835;53073;19.2;14.8
972;2021-07-20;1107;576;69942;53649;19.5;15.0
972;2021-07-21;1075;595;71017;54244;19.8;15.1
972;2021-07-22;879;514;71896;54758;20.0;15.3
972;2021-07-23;929;479;72825;55237;20.3;15.4
972;2021-07-24;494;222;73319;55459;20.4;15.5
972;2021-07-25;50;63;73369;55522;20.5;15.5
972;2021-07-26;681;514;74050;56036;20.6;15.6
972;2021-07-27;1024;509;75074;56545;20.9;15.8
972;2021-07-28;621;562;75695;57107;21.1;15.9
972;2021-07-29;807;535;76502;57642;21.3;16.1
972;2021-07-30;847;613;77349;58255;21.6;16.2
972;2021-07-31;538;266;77887;58521;21.7;16.3
972;2021-08-01;77;33;77964;58554;21.7;16.3
972;2021-08-02;801;810;78765;59364;22.0;16.5
972;2021-08-03;654;735;79419;60099;22.1;16.8
973;2020-12-27;0;0;0;0;0.0;0.0
973;2020-12-28;0;0;0;0;0.0;0.0
973;2020-12-29;0;0;0;0;0.0;0.0
973;2020-12-30;0;0;0;0;0.0;0.0
973;2020-12-31;0;0;0;0;0.0;0.0
973;2021-01-01;0;0;0;0;0.0;0.0
973;2021-01-02;2;2;2;2;0.0;0.0
973;2021-01-03;0;0;2;2;0.0;0.0
973;2021-01-04;0;0;2;2;0.0;0.0
973;2021-01-05;0;0;2;2;0.0;0.0
973;2021-01-06;0;0;2;2;0.0;0.0
973;2021-01-07;0;0;2;2;0.0;0.0
973;2021-01-08;0;0;2;2;0.0;0.0
973;2021-01-09;0;0;2;2;0.0;0.0
973;2021-01-10;0;0;2;2;0.0;0.0
973;2021-01-11;0;0;2;2;0.0;0.0
973;2021-01-12;0;0;2;2;0.0;0.0
973;2021-01-13;30;0;32;2;0.0;0.0
973;2021-01-14;46;0;78;2;0.0;0.0
973;2021-01-15;35;0;113;2;0.0;0.0
973;2021-01-16;18;1;131;3;0.0;0.0
973;2021-01-17;0;0;131;3;0.0;0.0
973;2021-01-18;63;0;194;3;0.1;0.0
973;2021-01-19;150;1;344;4;0.1;0.0
973;2021-01-20;134;0;478;4;0.2;0.0
973;2021-01-21;118;0;596;4;0.2;0.0
973;2021-01-22;76;0;672;4;0.2;0.0
973;2021-01-23;0;0;672;4;0.2;0.0
973;2021-01-24;0;0;672;4;0.2;0.0
973;2021-01-25;56;0;728;4;0.3;0.0
973;2021-01-26;100;2;828;6;0.3;0.0
973;2021-01-27;109;1;937;7;0.3;0.0
973;2021-01-28;96;3;1033;10;0.4;0.0
973;2021-01-29;104;3;1137;13;0.4;0.0
973;2021-01-30;0;0;1137;13;0.4;0.0
973;2021-01-31;0;0;1137;13;0.4;0.0
973;2021-02-01;54;0;1191;13;0.4;0.0
973;2021-02-02;122;4;1313;17;0.5;0.0
973;2021-02-03;118;7;1431;24;0.5;0.0
973;2021-02-04;79;26;1510;50;0.5;0.0
973;2021-02-05;65;8;1575;58;0.5;0.0
973;2021-02-06;0;0;1575;58;0.5;0.0
973;2021-02-07;0;0;1575;58;0.5;0.0
973;2021-02-08;52;12;1627;70;0.6;0.0
973;2021-02-09;92;39;1719;109;0.6;0.0
973;2021-02-10;101;41;1820;150;0.6;0.1
973;2021-02-11;105;92;1925;242;0.7;0.1
973;2021-02-12;88;64;2013;306;0.7;0.1
973;2021-02-13;0;0;2013;306;0.7;0.1
973;2021-02-14;0;0;2013;306;0.7;0.1
973;2021-02-15;27;65;2040;371;0.7;0.1
973;2021-02-16;123;55;2163;426;0.7;0.1
973;2021-02-17;145;120;2308;546;0.8;0.2
973;2021-02-18;103;142;2411;688;0.8;0.2
973;2021-02-19;122;72;2533;760;0.9;0.3
973;2021-02-20;0;0;2533;760;0.9;0.3
973;2021-02-21;0;0;2533;760;0.9;0.3
973;2021-02-22;78;49;2611;809;0.9;0.3
973;2021-02-23;158;102;2769;911;1.0;0.3
973;2021-02-24;190;122;2959;1033;1.0;0.4
973;2021-02-25;259;90;3218;1123;1.1;0.4
973;2021-02-26;264;70;3482;1193;1.2;0.4
973;2021-02-27;120;1;3602;1194;1.2;0.4
973;2021-02-28;0;0;3602;1194;1.2;0.4
973;2021-03-01;180;86;3782;1280;1.3;0.4
973;2021-03-02;255;108;4037;1388;1.4;0.5
973;2021-03-03;255;132;4292;1520;1.5;0.5
973;2021-03-04;281;83;4573;1603;1.6;0.6
973;2021-03-05;274;48;4847;1651;1.7;0.6
973;2021-03-06;118;2;4965;1653;1.7;0.6
973;2021-03-07;0;0;4965;1653;1.7;0.6
973;2021-03-08;187;40;5152;1693;1.8;0.6
973;2021-03-09;350;93;5502;1786;1.9;0.6
973;2021-03-10;358;101;5860;1887;2.0;0.6
973;2021-03-11;270;114;6130;2001;2.1;0.7
973;2021-03-12;287;88;6417;2089;2.2;0.7
973;2021-03-13;111;4;6528;2093;2.2;0.7
973;2021-03-14;0;0;6528;2093;2.2;0.7
973;2021-03-15;181;27;6709;2120;2.3;0.7
973;2021-03-16;242;139;6951;2259;2.4;0.8
973;2021-03-17;273;129;7224;2388;2.5;0.8
973;2021-03-18;249;154;7473;2542;2.6;0.9
973;2021-03-19;284;127;7757;2669;2.7;0.9
973;2021-03-20;255;14;8012;2683;2.8;0.9
973;2021-03-21;119;2;8131;2685;2.8;0.9
973;2021-03-22;219;110;8350;2795;2.9;1.0
973;2021-03-23;274;195;8624;2990;3.0;1.0
973;2021-03-24;235;214;8859;3204;3.0;1.1
973;2021-03-25;168;179;9027;3383;3.1;1.2
973;2021-03-26;189;307;9216;3690;3.2;1.3
973;2021-03-27;58;94;9274;3784;3.2;1.3
973;2021-03-28;0;0;9274;3784;3.2;1.3
973;2021-03-29;175;246;9449;4030;3.3;1.4
973;2021-03-30;445;238;9894;4268;3.4;1.5
973;2021-03-31;320;291;10214;4559;3.5;1.6
973;2021-04-01;444;260;10658;4819;3.7;1.7
973;2021-04-02;306;279;10964;5098;3.8;1.8
973;2021-04-03;153;121;11117;5219;3.8;1.8
973;2021-04-04;1;0;11118;5219;3.8;1.8
973;2021-04-05;118;14;11236;5233;3.9;1.8
973;2021-04-06;438;335;11674;5568;4.0;1.9
973;2021-04-07;503;344;12177;5912;4.2;2.0
973;2021-04-08;514;268;12691;6180;4.4;2.1
973;2021-04-09;497;226;13188;6406;4.5;2.2
973;2021-04-10;147;91;13335;6497;4.6;2.2
973;2021-04-11;2;0;13337;6497;4.6;2.2
973;2021-04-12;551;267;13888;6764;4.8;2.3
973;2021-04-13;674;244;14562;7008;5.0;2.4
973;2021-04-14;722;313;15284;7321;5.3;2.5
973;2021-04-15;777;246;16061;7567;5.5;2.6
973;2021-04-16;757;298;16818;7865;5.8;2.7
973;2021-04-17;499;131;17317;7996;6.0;2.8
973;2021-04-18;499;40;17816;8036;6.1;2.8
973;2021-04-19;714;251;18530;8287;6.4;2.9
973;2021-04-20;606;278;19136;8565;6.6;2.9
973;2021-04-21;874;249;20010;8814;6.9;3.0
973;2021-04-22;722;230;20732;9044;7.1;3.1
973;2021-04-23;705;227;21437;9271;7.4;3.2
973;2021-04-24;524;96;21961;9367;7.6;3.2
973;2021-04-25;611;50;22572;9417;7.8;3.2
973;2021-04-26;780;231;23352;9648;8.0;3.3
973;2021-04-27;820;344;24172;9992;8.3;3.4
973;2021-04-28;745;330;24917;10322;8.6;3.6
973;2021-04-29;664;284;25581;10606;8.8;3.6
973;2021-04-30;712;259;26293;10865;9.0;3.7
973;2021-05-01;210;27;26503;10892;9.1;3.7
973;2021-05-02;602;85;27105;10977;9.3;3.8
973;2021-05-03;554;391;27659;11368;9.5;3.9
973;2021-05-04;665;324;28324;11692;9.7;4.0
973;2021-05-05;700;449;29024;12141;10.0;4.2
973;2021-05-06;691;472;29715;12613;10.2;4.3
973;2021-05-07;565;471;30280;13084;10.4;4.5
973;2021-05-08;341;58;30621;13142;10.5;4.5
973;2021-05-09;262;73;30883;13215;10.6;4.5
973;2021-05-10;425;611;31308;13826;10.8;4.8
973;2021-05-11;392;494;31700;14320;10.9;4.9
973;2021-05-12;508;645;32208;14965;11.1;5.1
973;2021-05-13;334;98;32542;15063;11.2;5.2
973;2021-05-14;481;549;33023;15612;11.4;5.4
973;2021-05-15;258;348;33281;15960;11.4;5.5
973;2021-05-16;208;210;33489;16170;11.5;5.6
973;2021-05-17;447;600;33936;16770;11.7;5.8
973;2021-05-18;560;564;34496;17334;11.9;6.0
973;2021-05-19;535;553;35031;17887;12.1;6.2
973;2021-05-20;642;452;35673;18339;12.3;6.3
973;2021-05-21;500;607;36173;18946;12.4;6.5
973;2021-05-22;167;502;36340;19448;12.5;6.7
973;2021-05-23;270;474;36610;19922;12.6;6.9
973;2021-05-24;561;248;37171;20170;12.8;6.9
973;2021-05-25;498;742;37669;20912;13.0;7.2
973;2021-05-26;446;683;38115;21595;13.1;7.4
973;2021-05-27;706;524;38821;22119;13.4;7.6
973;2021-05-28;579;553;39400;22672;13.6;7.8
973;2021-05-29;255;360;39655;23032;13.6;7.9
973;2021-05-30;151;399;39806;23431;13.7;8.1
973;2021-05-31;341;573;40147;24004;13.8;8.3
973;2021-06-01;399;461;40546;24465;13.9;8.4
973;2021-06-02;543;553;41089;25018;14.1;8.6
973;2021-06-03;520;469;41609;25487;14.3;8.8
973;2021-06-04;599;495;42208;25982;14.5;8.9
973;2021-06-05;273;293;42481;26275;14.6;9.0
973;2021-06-06;211;299;42692;26574;14.7;9.1
973;2021-06-07;486;450;43178;27024;14.9;9.3
973;2021-06-08;544;313;43722;27337;15.0;9.4
973;2021-06-09;516;384;44238;27721;15.2;9.5
973;2021-06-10;355;289;44593;28010;15.3;9.6
973;2021-06-11;434;467;45027;28477;15.5;9.8
973;2021-06-12;170;284;45197;28761;15.5;9.9
973;2021-06-13;214;268;45411;29029;15.6;10.0
973;2021-06-14;377;549;45788;29578;15.8;10.2
973;2021-06-15;366;443;46154;30021;15.9;10.3
973;2021-06-16;447;452;46601;30473;16.0;10.5
973;2021-06-17;404;577;47005;31050;16.2;10.7
973;2021-06-18;361;562;47366;31612;16.3;10.9
973;2021-06-19;234;260;47600;31872;16.4;11.0
973;2021-06-20;126;270;47726;32142;16.4;11.1
973;2021-06-21;281;599;48007;32741;16.5;11.3
973;2021-06-22;328;458;48335;33199;16.6;11.4
973;2021-06-23;291;537;48626;33736;16.7;11.6
973;2021-06-24;397;495;49023;34231;16.9;11.8
973;2021-06-25;394;547;49417;34778;17.0;12.0
973;2021-06-26;172;320;49589;35098;17.1;12.1
973;2021-06-27;121;170;49710;35268;17.1;12.1
973;2021-06-28;284;591;49994;35859;17.2;12.3
973;2021-06-29;336;502;50330;36361;17.3;12.5
973;2021-06-30;334;672;50664;37033;17.4;12.7
973;2021-07-01;368;400;51032;37433;17.6;12.9
973;2021-07-02;410;520;51442;37953;17.7;13.1
973;2021-07-03;207;274;51649;38227;17.8;13.2
973;2021-07-04;86;243;51735;38470;17.8;13.2
973;2021-07-05;320;547;52055;39017;17.9;13.4
973;2021-07-06;314;474;52369;39491;18.0;13.6
973;2021-07-07;315;412;52684;39903;18.1;13.7
973;2021-07-08;266;330;52950;40233;18.2;13.8
973;2021-07-09;358;436;53308;40669;18.3;14.0
973;2021-07-10;164;277;53472;40946;18.4;14.1
973;2021-07-11;102;164;53574;41110;18.4;14.1
973;2021-07-12;364;496;53938;41606;18.6;14.3
973;2021-07-13;652;556;54590;42162;18.8;14.5
973;2021-07-14;375;157;54965;42319;18.9;14.6
973;2021-07-15;617;527;55582;42846;19.1;14.7
973;2021-07-16;570;484;56152;43330;19.3;14.9
973;2021-07-17;336;282;56488;43612;19.4;15.0
973;2021-07-18;249;120;56737;43732;19.5;15.0
973;2021-07-19;494;454;57231;44186;19.7;15.2
973;2021-07-20;521;488;57752;44674;19.9;15.4
973;2021-07-21;507;386;58259;45060;20.0;15.5
973;2021-07-22;617;447;58876;45507;20.3;15.7
973;2021-07-23;573;364;59449;45871;20.5;15.8
973;2021-07-24;321;237;59770;46108;20.6;15.9
973;2021-07-25;161;110;59931;46218;20.6;15.9
973;2021-07-26;417;344;60348;46562;20.8;16.0
973;2021-07-27;468;354;60816;46916;20.9;16.1
973;2021-07-28;384;370;61200;47286;21.1;16.3
973;2021-07-29;448;422;61648;47708;21.2;16.4
973;2021-07-30;433;399;62081;48107;21.4;16.5
973;2021-07-31;204;163;62285;48270;21.4;16.6
973;2021-08-01;139;131;62424;48401;21.5;16.7
973;2021-08-02;369;423;62793;48824;21.6;16.8
973;2021-08-03;386;392;63179;49216;21.7;16.9
974;2020-12-27;0;0;0;0;0.0;0.0
974;2020-12-28;0;0;0;0;0.0;0.0
974;2020-12-29;0;0;0;0;0.0;0.0
974;2020-12-30;0;0;0;0;0.0;0.0
974;2020-12-31;0;0;0;0;0.0;0.0
974;2021-01-01;1;0;1;0;0.0;0.0
974;2021-01-02;0;0;1;0;0.0;0.0
974;2021-01-03;0;0;1;0;0.0;0.0
974;2021-01-04;0;0;1;0;0.0;0.0
974;2021-01-05;2;0;3;0;0.0;0.0
974;2021-01-06;0;0;3;0;0.0;0.0
974;2021-01-07;0;0;3;0;0.0;0.0
974;2021-01-08;0;0;3;0;0.0;0.0
974;2021-01-09;1;0;4;0;0.0;0.0
974;2021-01-10;0;0;4;0;0.0;0.0
974;2021-01-11;0;0;4;0;0.0;0.0
974;2021-01-12;0;0;4;0;0.0;0.0
974;2021-01-13;0;0;4;0;0.0;0.0
974;2021-01-14;0;0;4;0;0.0;0.0
974;2021-01-15;332;0;336;0;0.0;0.0
974;2021-01-16;27;0;363;0;0.0;0.0
974;2021-01-17;0;0;363;0;0.0;0.0
974;2021-01-18;49;1;412;1;0.0;0.0
974;2021-01-19;393;0;805;1;0.1;0.0
974;2021-01-20;481;1;1286;2;0.1;0.0
974;2021-01-21;614;2;1900;4;0.2;0.0
974;2021-01-22;412;1;2312;5;0.3;0.0
974;2021-01-23;75;0;2387;5;0.3;0.0
974;2021-01-24;0;0;2387;5;0.3;0.0
974;2021-01-25;273;2;2660;7;0.3;0.0
974;2021-01-26;429;0;3089;7;0.4;0.0
974;2021-01-27;317;0;3406;7;0.4;0.0
974;2021-01-28;408;0;3814;7;0.4;0.0
974;2021-01-29;422;3;4236;10;0.5;0.0
974;2021-01-30;421;1;4657;11;0.5;0.0
974;2021-01-31;0;0;4657;11;0.5;0.0
974;2021-02-01;372;3;5029;14;0.6;0.0
974;2021-02-02;500;4;5529;18;0.6;0.0
974;2021-02-03;602;14;6131;32;0.7;0.0
974;2021-02-04;627;21;6758;53;0.8;0.0
974;2021-02-05;564;97;7322;150;0.9;0.0
974;2021-02-06;501;5;7823;155;0.9;0.0
974;2021-02-07;0;8;7823;163;0.9;0.0
974;2021-02-08;472;34;8295;197;1.0;0.0
974;2021-02-09;785;92;9080;289;1.1;0.0
974;2021-02-10;820;87;9900;376;1.2;0.0
974;2021-02-11;796;88;10696;464;1.2;0.1
974;2021-02-12;637;93;11333;557;1.3;0.1
974;2021-02-13;653;75;11986;632;1.4;0.1
974;2021-02-14;1;0;11987;632;1.4;0.1
974;2021-02-15;524;126;12511;758;1.5;0.1
974;2021-02-16;651;535;13162;1293;1.5;0.2
974;2021-02-17;592;328;13754;1621;1.6;0.2
974;2021-02-18;493;411;14247;2032;1.7;0.2
974;2021-02-19;497;319;14744;2351;1.7;0.3
974;2021-02-20;577;117;15321;2468;1.8;0.3
974;2021-02-21;0;0;15321;2468;1.8;0.3
974;2021-02-22;402;238;15723;2706;1.8;0.3
974;2021-02-23;607;239;16330;2945;1.9;0.3
974;2021-02-24;584;252;16914;3197;2.0;0.4
974;2021-02-25;647;296;17561;3493;2.0;0.4
974;2021-02-26;485;471;18046;3964;2.1;0.5
974;2021-02-27;384;469;18430;4433;2.1;0.5
974;2021-02-28;0;0;18430;4433;2.1;0.5
974;2021-03-01;293;386;18723;4819;2.2;0.6
974;2021-03-02;485;503;19208;5322;2.2;0.6
974;2021-03-03;757;539;19965;5861;2.3;0.7
974;2021-03-04;777;494;20742;6355;2.4;0.7
974;2021-03-05;727;524;21469;6879;2.5;0.8
974;2021-03-06;812;526;22281;7405;2.6;0.9
974;2021-03-07;0;0;22281;7405;2.6;0.9
974;2021-03-08;436;558;22717;7963;2.6;0.9
974;2021-03-09;671;770;23388;8733;2.7;1.0
974;2021-03-10;643;840;24031;9573;2.8;1.1
974;2021-03-11;700;640;24731;10213;2.9;1.2
974;2021-03-12;730;653;25461;10866;3.0;1.3
974;2021-03-13;668;603;26129;11469;3.0;1.3
974;2021-03-14;2;0;26131;11469;3.0;1.3
974;2021-03-15;506;502;26637;11971;3.1;1.4
974;2021-03-16;681;707;27318;12678;3.2;1.5
974;2021-03-17;848;532;28166;13210;3.3;1.5
974;2021-03-18;1023;543;29189;13753;3.4;1.6
974;2021-03-19;785;533;29974;14286;3.5;1.7
974;2021-03-20;578;596;30552;14882;3.6;1.7
974;2021-03-21;0;0;30552;14882;3.6;1.7
974;2021-03-22;566;468;31118;15350;3.6;1.8
974;2021-03-23;780;640;31898;15990;3.7;1.9
974;2021-03-24;792;644;32690;16634;3.8;1.9
974;2021-03-25;932;537;33622;17171;3.9;2.0
974;2021-03-26;921;451;34543;17622;4.0;2.0
974;2021-03-27;782;337;35325;17959;4.1;2.1
974;2021-03-28;1;0;35326;17959;4.1;2.1
974;2021-03-29;961;270;36287;18229;4.2;2.1
974;2021-03-30;884;497;37171;18726;4.3;2.2
974;2021-03-31;740;661;37911;19387;4.4;2.3
974;2021-04-01;716;707;38627;20094;4.5;2.3
974;2021-04-02;688;758;39315;20852;4.6;2.4
974;2021-04-03;699;701;40014;21553;4.7;2.5
974;2021-04-04;0;0;40014;21553;4.7;2.5
974;2021-04-05;0;0;40014;21553;4.7;2.5
974;2021-04-06;795;634;40809;22187;4.7;2.6
974;2021-04-07;1368;787;42177;22974;4.9;2.7
974;2021-04-08;1792;769;43969;23743;5.1;2.8
974;2021-04-09;1509;780;45478;24523;5.3;2.9
974;2021-04-10;1138;649;46616;25172;5.4;2.9
974;2021-04-11;2;0;46618;25172;5.4;2.9
974;2021-04-12;1238;544;47856;25716;5.6;3.0
974;2021-04-13;1439;754;49295;26470;5.7;3.1
974;2021-04-14;2070;771;51365;27241;6.0;3.2
974;2021-04-15;2506;955;53871;28196;6.3;3.3
974;2021-04-16;1933;784;55804;28980;6.5;3.4
974;2021-04-17;1290;603;57094;29583;6.6;3.4
974;2021-04-18;0;0;57094;29583;6.6;3.4
974;2021-04-19;1374;563;58468;30146;6.8;3.5
974;2021-04-20;1651;805;60119;30951;7.0;3.6
974;2021-04-21;2126;626;62245;31577;7.2;3.7
974;2021-04-22;2948;817;65193;32394;7.6;3.8
974;2021-04-23;2312;817;67505;33211;7.8;3.9
974;2021-04-24;1109;800;68614;34011;8.0;4.0
974;2021-04-25;3;0;68617;34011;8.0;4.0
974;2021-04-26;1172;915;69789;34926;8.1;4.1
974;2021-04-27;1685;1028;71474;35954;8.3;4.2
974;2021-04-28;2897;749;74371;36703;8.6;4.3
974;2021-04-29;3947;810;78318;37513;9.1;4.4
974;2021-04-30;3441;904;81759;38417;9.5;4.5
974;2021-05-01;2106;225;83865;38642;9.8;4.5
974;2021-05-02;1;0;83866;38642;9.8;4.5
974;2021-05-03;1865;574;85731;39216;10.0;4.6
974;2021-05-04;2128;1095;87859;40311;10.2;4.7
974;2021-05-05;3118;1637;90977;41948;10.6;4.9
974;2021-05-06;4004;1587;94981;43535;11.0;5.1
974;2021-05-07;3228;1524;98209;45059;11.4;5.2
974;2021-05-08;1571;503;99780;45562;11.6;5.3
974;2021-05-09;2;1;99782;45563;11.6;5.3
974;2021-05-10;2412;998;102194;46561;11.9;5.4
974;2021-05-11;3651;1640;105845;48201;12.3;5.6
974;2021-05-12;4722;2401;110567;50602;12.9;5.9
974;2021-05-13;3554;595;114121;51197;13.3;6.0
974;2021-05-14;5269;2509;119390;53706;13.9;6.2
974;2021-05-15;3161;1539;122551;55245;14.3;6.4
974;2021-05-16;15;18;122566;55263;14.3;6.4
974;2021-05-17;2998;1496;125564;56759;14.6;6.6
974;2021-05-18;3760;1795;129324;58554;15.0;6.8
974;2021-05-19;4689;2406;134013;60960;15.6;7.1
974;2021-05-20;5139;2850;139152;63810;16.2;7.4
974;2021-05-21;4991;2634;144143;66444;16.8;7.7
974;2021-05-22;3369;1257;147512;67701;17.2;7.9
974;2021-05-23;5;3;147517;67704;17.2;7.9
974;2021-05-24;3644;1076;151161;68780;17.6;8.0
974;2021-05-25;4246;1908;155407;70688;18.1;8.2
974;2021-05-26;4993;2980;160400;73668;18.7;8.6
974;2021-05-27;4615;4096;165015;77764;19.2;9.0
974;2021-05-28;4382;3829;169397;81593;19.7;9.5
974;2021-05-29;2556;2454;171953;84047;20.0;9.8
974;2021-05-30;8;14;171961;84061;20.0;9.8
974;2021-05-31;2348;2252;174309;86313;20.3;10.0
974;2021-06-01;3302;2727;177611;89040;20.7;10.4
974;2021-06-02;3975;3352;181586;92392;21.1;10.7
974;2021-06-03;4046;3652;185632;96044;21.6;11.2
974;2021-06-04;3847;3755;189479;99799;22.0;11.6
974;2021-06-05;2213;1924;191692;101723;22.3;11.8
974;2021-06-06;1072;132;192764;101855;22.4;11.8
974;2021-06-07;2013;2527;194777;104382;22.6;12.1
974;2021-06-08;2556;3333;197333;107715;22.9;12.5
974;2021-06-09;2982;4797;200315;112512;23.3;13.1
974;2021-06-10;3412;4457;203727;116969;23.7;13.6
974;2021-06-11;2841;4623;206568;121592;24.0;14.1
974;2021-06-12;1726;3377;208294;124969;24.2;14.5
974;2021-06-13;1323;244;209617;125213;24.4;14.6
974;2021-06-14;1491;3183;211108;128396;24.5;14.9
974;2021-06-15;2058;3617;213166;132013;24.8;15.4
974;2021-06-16;2751;4651;215917;136664;25.1;15.9
974;2021-06-17;2518;4898;218435;141562;25.4;16.5
974;2021-06-18;2592;4892;221027;146454;25.7;17.0
974;2021-06-19;1305;3517;222332;149971;25.9;17.4
974;2021-06-20;632;288;222964;150259;25.9;17.5
974;2021-06-21;1265;3231;224229;153490;26.1;17.8
974;2021-06-22;1621;3765;225850;157255;26.3;18.3
974;2021-06-23;2252;4991;228102;162246;26.5;18.9
974;2021-06-24;2283;4071;230385;166317;26.8;19.3
974;2021-06-25;2190;4107;232575;170424;27.0;19.8
974;2021-06-26;1400;2709;233975;173133;27.2;20.1
974;2021-06-27;665;265;234640;173398;27.3;20.2
974;2021-06-28;1307;2479;235947;175877;27.4;20.5
974;2021-06-29;1758;2844;237705;178721;27.6;20.8
974;2021-06-30;2557;3846;240262;182567;27.9;21.2
974;2021-07-01;2687;3826;242949;186393;28.3;21.7
974;2021-07-02;2503;3710;245452;190103;28.5;22.1
974;2021-07-03;1610;2458;247062;192561;28.7;22.4
974;2021-07-04;877;1034;247939;193595;28.8;22.5
974;2021-07-05;1686;2219;249625;195814;29.0;22.8
974;2021-07-06;2566;2532;252191;198346;29.3;23.1
974;2021-07-07;2652;3139;254843;201485;29.6;23.4
974;2021-07-08;2397;3171;257240;204656;29.9;23.8
974;2021-07-09;2750;3428;259990;208084;30.2;24.2
974;2021-07-10;1613;2187;261603;210271;30.4;24.5
974;2021-07-11;729;1017;262332;211288;30.5;24.6
974;2021-07-12;1736;2607;264068;213895;30.7;24.9
974;2021-07-13;4399;3328;268467;217223;31.2;25.3
974;2021-07-14;3265;596;271732;217819;31.6;25.3
974;2021-07-15;5510;4007;277242;221826;32.2;25.8
974;2021-07-16;6184;3292;283426;225118;33.0;26.2
974;2021-07-17;4299;1904;287725;227022;33.5;26.4
974;2021-07-18;2659;754;290384;227776;33.8;26.5
974;2021-07-19;4603;2018;294987;229794;34.3;26.7
974;2021-07-20;6189;2405;301176;232199;35.0;27.0
974;2021-07-21;6686;2847;307862;235046;35.8;27.3
974;2021-07-22;7036;2813;314898;237859;36.6;27.7
974;2021-07-23;6583;2976;321481;240835;37.4;28.0
974;2021-07-24;3769;2054;325250;242889;37.8;28.2
974;2021-07-25;2513;758;327763;243647;38.1;28.3
974;2021-07-26;4315;2083;332078;245730;38.6;28.6
974;2021-07-27;5352;2540;337430;248270;39.2;28.9
974;2021-07-28;5306;2880;342736;251150;39.9;29.2
974;2021-07-29;5687;2796;348423;253946;40.5;29.5
974;2021-07-30;5798;2573;354221;256519;41.2;29.8
974;2021-07-31;3894;1633;358115;258152;41.6;30.0
974;2021-08-01;1882;710;359997;258862;41.9;30.1
974;2021-08-02;3362;1854;363359;260716;42.3;30.3
974;2021-08-03;4174;4046;367533;264762;42.7;30.8
975;2020-12-27;0;0;0;0;0.0;0.0
975;2020-12-28;0;0;0;0;0.0;0.0
975;2020-12-29;0;0;0;0;0.0;0.0
975;2020-12-30;0;0;0;0;0.0;0.0
975;2020-12-31;0;0;0;0;0.0;0.0
975;2021-01-01;0;0;0;0;0.0;0.0
975;2021-01-02;0;0;0;0;0.0;0.0
975;2021-01-03;0;0;0;0;0.0;0.0
975;2021-01-04;0;0;0;0;0.0;0.0
975;2021-01-05;0;0;0;0;0.0;0.0
975;2021-01-06;0;0;0;0;0.0;0.0
975;2021-01-07;0;0;0;0;0.0;0.0
975;2021-01-08;0;0;0;0;0.0;0.0
975;2021-01-09;0;0;0;0;0.0;0.0
975;2021-01-10;0;0;0;0;0.0;0.0
975;2021-01-11;0;0;0;0;0.0;0.0
975;2021-01-12;0;0;0;0;0.0;0.0
975;2021-01-13;0;0;0;0;0.0;0.0
975;2021-01-14;0;0;0;0;0.0;0.0
975;2021-01-15;0;0;0;0;0.0;0.0
975;2021-01-16;0;0;0;0;0.0;0.0
975;2021-01-17;0;0;0;0;0.0;0.0
975;2021-01-18;0;0;0;0;0.0;0.0
975;2021-01-19;0;0;0;0;0.0;0.0
975;2021-01-20;0;0;0;0;0.0;0.0
975;2021-01-21;0;0;0;0;0.0;0.0
975;2021-01-22;0;0;0;0;0.0;0.0
975;2021-01-23;0;0;0;0;0.0;0.0
975;2021-01-24;0;0;0;0;0.0;0.0
975;2021-01-25;0;0;0;0;0.0;0.0
975;2021-01-26;0;0;0;0;0.0;0.0
975;2021-01-27;0;0;0;0;0.0;0.0
975;2021-01-28;0;0;0;0;0.0;0.0
975;2021-01-29;0;0;0;0;0.0;0.0
975;2021-01-30;0;0;0;0;0.0;0.0
975;2021-01-31;0;0;0;0;0.0;0.0
975;2021-02-01;0;0;0;0;0.0;0.0
975;2021-02-02;0;0;0;0;0.0;0.0
975;2021-02-03;0;0;0;0;0.0;0.0
975;2021-02-04;0;0;0;0;0.0;0.0
975;2021-02-05;0;0;0;0;0.0;0.0
975;2021-02-06;0;0;0;0;0.0;0.0
975;2021-02-07;0;0;0;0;0.0;0.0
975;2021-02-08;0;0;0;0;0.0;0.0
975;2021-02-09;0;0;0;0;0.0;0.0
975;2021-02-10;0;0;0;0;0.0;0.0
975;2021-02-11;0;0;0;0;0.0;0.0
975;2021-02-12;0;0;0;0;0.0;0.0
975;2021-02-13;0;0;0;0;0.0;0.0
975;2021-02-14;0;0;0;0;0.0;0.0
975;2021-02-15;0;0;0;0;0.0;0.0
975;2021-02-16;0;0;0;0;0.0;0.0
975;2021-02-17;0;0;0;0;0.0;0.0
975;2021-02-18;0;0;0;0;0.0;0.0
975;2021-02-19;0;0;0;0;0.0;0.0
975;2021-02-20;0;0;0;0;0.0;0.0
975;2021-02-21;0;0;0;0;0.0;0.0
975;2021-02-22;0;0;0;0;0.0;0.0
975;2021-02-23;0;0;0;0;0.0;0.0
975;2021-02-24;0;0;0;0;0.0;0.0
975;2021-02-25;0;0;0;0;0.0;0.0
975;2021-02-26;0;0;0;0;0.0;0.0
975;2021-02-27;0;0;0;0;0.0;0.0
975;2021-02-28;0;0;0;0;0.0;0.0
975;2021-03-01;0;0;0;0;0.0;0.0
975;2021-03-02;0;0;0;0;0.0;0.0
975;2021-03-03;0;0;0;0;0.0;0.0
975;2021-03-04;0;0;0;0;0.0;0.0
975;2021-03-05;0;0;0;0;0.0;0.0
975;2021-03-06;0;0;0;0;0.0;0.0
975;2021-03-07;0;0;0;0;0.0;0.0
975;2021-03-08;0;0;0;0;0.0;0.0
975;2021-03-09;0;0;0;0;0.0;0.0
975;2021-03-10;0;0;0;0;0.0;0.0
975;2021-03-11;0;0;0;0;0.0;0.0
975;2021-03-12;0;0;0;0;0.0;0.0
975;2021-03-13;0;0;0;0;0.0;0.0
975;2021-03-14;0;0;0;0;0.0;0.0
975;2021-03-15;0;0;0;0;0.0;0.0
975;2021-03-16;0;0;0;0;0.0;0.0
975;2021-03-17;0;0;0;0;0.0;0.0
975;2021-03-18;0;0;0;0;0.0;0.0
975;2021-03-19;0;0;0;0;0.0;0.0
975;2021-03-20;0;0;0;0;0.0;0.0
975;2021-03-21;0;0;0;0;0.0;0.0
975;2021-03-22;0;0;0;0;0.0;0.0
975;2021-03-23;0;0;0;0;0.0;0.0
975;2021-03-24;0;0;0;0;0.0;0.0
975;2021-03-25;0;0;0;0;0.0;0.0
975;2021-03-26;0;0;0;0;0.0;0.0
975;2021-03-27;0;0;0;0;0.0;0.0
975;2021-03-28;0;0;0;0;0.0;0.0
975;2021-03-29;2;0;2;0;0.0;0.0
975;2021-03-30;0;0;2;0;0.0;0.0
975;2021-03-31;0;0;2;0;0.0;0.0
975;2021-04-01;0;0;2;0;0.0;0.0
975;2021-04-02;0;0;2;0;0.0;0.0
975;2021-04-03;0;0;2;0;0.0;0.0
975;2021-04-04;0;0;2;0;0.0;0.0
975;2021-04-05;0;0;2;0;0.0;0.0
975;2021-04-06;0;0;2;0;0.0;0.0
975;2021-04-07;0;0;2;0;0.0;0.0
975;2021-04-08;1;0;3;0;0.1;0.0
975;2021-04-09;0;0;3;0;0.1;0.0
975;2021-04-10;0;0;3;0;0.1;0.0
975;2021-04-11;0;0;3;0;0.1;0.0
975;2021-04-12;0;0;3;0;0.1;0.0
975;2021-04-13;0;0;3;0;0.1;0.0
975;2021-04-14;0;0;3;0;0.1;0.0
975;2021-04-15;0;0;3;0;0.1;0.0
975;2021-04-16;0;0;3;0;0.1;0.0
975;2021-04-17;0;0;3;0;0.1;0.0
975;2021-04-18;0;0;3;0;0.1;0.0
975;2021-04-19;0;0;3;0;0.1;0.0
975;2021-04-20;0;0;3;0;0.1;0.0
975;2021-04-21;0;0;3;0;0.1;0.0
975;2021-04-22;0;0;3;0;0.1;0.0
975;2021-04-23;0;0;3;0;0.1;0.0
975;2021-04-24;0;0;3;0;0.1;0.0
975;2021-04-25;0;0;3;0;0.1;0.0
975;2021-04-26;0;0;3;0;0.1;0.0
975;2021-04-27;0;0;3;0;0.1;0.0
975;2021-04-28;0;0;3;0;0.1;0.0
975;2021-04-29;0;0;3;0;0.1;0.0
975;2021-04-30;0;0;3;0;0.1;0.0
975;2021-05-01;0;0;3;0;0.1;0.0
975;2021-05-02;0;0;3;0;0.1;0.0
975;2021-05-03;0;0;3;0;0.1;0.0
975;2021-05-04;0;0;3;0;0.1;0.0
975;2021-05-05;0;0;3;0;0.1;0.0
975;2021-05-06;0;0;3;0;0.1;0.0
975;2021-05-07;0;0;3;0;0.1;0.0
975;2021-05-08;0;0;3;0;0.1;0.0
975;2021-05-09;0;0;3;0;0.1;0.0
975;2021-05-10;0;0;3;0;0.1;0.0
975;2021-05-11;0;0;3;0;0.1;0.0
975;2021-05-12;0;0;3;0;0.1;0.0
975;2021-05-13;0;0;3;0;0.1;0.0
975;2021-05-14;0;0;3;0;0.1;0.0
975;2021-05-15;0;0;3;0;0.1;0.0
975;2021-05-16;0;0;3;0;0.1;0.0
975;2021-05-17;0;0;3;0;0.1;0.0
975;2021-05-18;0;0;3;0;0.1;0.0
975;2021-05-19;0;0;3;0;0.1;0.0
975;2021-05-20;0;0;3;0;0.1;0.0
975;2021-05-21;0;0;3;0;0.1;0.0
975;2021-05-22;0;0;3;0;0.1;0.0
975;2021-05-23;0;0;3;0;0.1;0.0
975;2021-05-24;0;0;3;0;0.1;0.0
975;2021-05-25;0;0;3;0;0.1;0.0
975;2021-05-26;0;0;3;0;0.1;0.0
975;2021-05-27;0;0;3;0;0.1;0.0
975;2021-05-28;0;0;3;0;0.1;0.0
975;2021-05-29;0;2;3;2;0.1;0.0
975;2021-05-30;0;0;3;2;0.1;0.0
975;2021-05-31;0;0;3;2;0.1;0.0
975;2021-06-01;0;0;3;2;0.1;0.0
975;2021-06-02;0;0;3;2;0.1;0.0
975;2021-06-03;0;0;3;2;0.1;0.0
975;2021-06-04;0;0;3;2;0.1;0.0
975;2021-06-05;0;0;3;2;0.1;0.0
975;2021-06-06;0;0;3;2;0.1;0.0
975;2021-06-07;0;0;3;2;0.1;0.0
975;2021-06-08;0;0;3;2;0.1;0.0
975;2021-06-09;0;0;3;2;0.1;0.0
975;2021-06-10;0;0;3;2;0.1;0.0
975;2021-06-11;0;0;3;2;0.1;0.0
975;2021-06-12;0;0;3;2;0.1;0.0
975;2021-06-13;0;0;3;2;0.1;0.0
975;2021-06-14;0;0;3;2;0.1;0.0
975;2021-06-15;0;0;3;2;0.1;0.0
975;2021-06-16;0;0;3;2;0.1;0.0
975;2021-06-17;0;0;3;2;0.1;0.0
975;2021-06-18;0;0;3;2;0.1;0.0
975;2021-06-19;0;0;3;2;0.1;0.0
975;2021-06-20;0;0;3;2;0.1;0.0
975;2021-06-21;1;0;4;2;0.1;0.0
975;2021-06-22;0;0;4;2;0.1;0.0
975;2021-06-23;0;0;4;2;0.1;0.0
975;2021-06-24;0;0;4;2;0.1;0.0
975;2021-06-25;0;0;4;2;0.1;0.0
975;2021-06-26;0;0;4;2;0.1;0.0
975;2021-06-27;0;0;4;2;0.1;0.0
975;2021-06-28;0;0;4;2;0.1;0.0
975;2021-06-29;0;0;4;2;0.1;0.0
975;2021-06-30;0;0;4;2;0.1;0.0
975;2021-07-01;0;0;4;2;0.1;0.0
975;2021-07-02;0;0;4;2;0.1;0.0
975;2021-07-03;0;0;4;2;0.1;0.0
975;2021-07-04;0;0;4;2;0.1;0.0
975;2021-07-05;0;0;4;2;0.1;0.0
975;2021-07-06;1;0;5;2;0.1;0.0
975;2021-07-07;6;0;11;2;0.2;0.0
975;2021-07-08;0;0;11;2;0.2;0.0
975;2021-07-09;0;0;11;2;0.2;0.0
975;2021-07-10;0;0;11;2;0.2;0.0
975;2021-07-11;0;0;11;2;0.2;0.0
975;2021-07-12;0;0;11;2;0.2;0.0
975;2021-07-13;0;0;11;2;0.2;0.0
975;2021-07-14;0;0;11;2;0.2;0.0
975;2021-07-15;0;0;11;2;0.2;0.0
975;2021-07-16;0;0;11;2;0.2;0.0
975;2021-07-17;0;0;11;2;0.2;0.0
975;2021-07-18;0;0;11;2;0.2;0.0
975;2021-07-19;0;0;11;2;0.2;0.0
975;2021-07-20;0;0;11;2;0.2;0.0
975;2021-07-21;0;0;11;2;0.2;0.0
975;2021-07-22;0;0;11;2;0.2;0.0
975;2021-07-23;0;0;11;2;0.2;0.0
975;2021-07-24;0;0;11;2;0.2;0.0
975;2021-07-25;0;0;11;2;0.2;0.0
975;2021-07-26;0;0;11;2;0.2;0.0
975;2021-07-27;0;0;11;2;0.2;0.0
975;2021-07-28;0;0;11;2;0.2;0.0
975;2021-07-29;0;0;11;2;0.2;0.0
975;2021-07-30;0;0;11;2;0.2;0.0
975;2021-07-31;0;0;11;2;0.2;0.0
975;2021-08-01;0;0;11;2;0.2;0.0
975;2021-08-02;1;0;12;2;0.2;0.0
975;2021-08-03;0;0;12;2;0.2;0.0
976;2020-12-27;0;0;0;0;0.0;0.0
976;2020-12-28;0;0;0;0;0.0;0.0
976;2020-12-29;0;0;0;0;0.0;0.0
976;2020-12-30;0;0;0;0;0.0;0.0
976;2020-12-31;0;0;0;0;0.0;0.0
976;2021-01-01;0;0;0;0;0.0;0.0
976;2021-01-02;0;0;0;0;0.0;0.0
976;2021-01-03;0;0;0;0;0.0;0.0
976;2021-01-04;0;0;0;0;0.0;0.0
976;2021-01-05;0;0;0;0;0.0;0.0
976;2021-01-06;0;0;0;0;0.0;0.0
976;2021-01-07;0;0;0;0;0.0;0.0
976;2021-01-08;0;0;0;0;0.0;0.0
976;2021-01-09;0;0;0;0;0.0;0.0
976;2021-01-10;0;0;0;0;0.0;0.0
976;2021-01-11;9;0;9;0;0.0;0.0
976;2021-01-12;0;0;9;0;0.0;0.0
976;2021-01-13;0;0;9;0;0.0;0.0
976;2021-01-14;0;0;9;0;0.0;0.0
976;2021-01-15;1;0;10;0;0.0;0.0
976;2021-01-16;1;0;11;0;0.0;0.0
976;2021-01-17;0;0;11;0;0.0;0.0
976;2021-01-18;1;0;12;0;0.0;0.0
976;2021-01-19;0;0;12;0;0.0;0.0
976;2021-01-20;0;0;12;0;0.0;0.0
976;2021-01-21;0;0;12;0;0.0;0.0
976;2021-01-22;0;0;12;0;0.0;0.0
976;2021-01-23;1;0;13;0;0.0;0.0
976;2021-01-24;0;0;13;0;0.0;0.0
976;2021-01-25;141;1;154;1;0.1;0.0
976;2021-01-26;165;3;319;4;0.1;0.0
976;2021-01-27;251;3;570;7;0.2;0.0
976;2021-01-28;102;8;672;15;0.2;0.0
976;2021-01-29;231;2;903;17;0.3;0.0
976;2021-01-30;285;11;1188;28;0.4;0.0
976;2021-01-31;1;0;1189;28;0.4;0.0
976;2021-02-01;160;0;1349;28;0.5;0.0
976;2021-02-02;330;8;1679;36;0.6;0.0
976;2021-02-03;228;2;1907;38;0.7;0.0
976;2021-02-04;216;9;2123;47;0.8;0.0
976;2021-02-05;214;1;2337;48;0.8;0.0
976;2021-02-06;83;10;2420;58;0.9;0.0
976;2021-02-07;0;0;2420;58;0.9;0.0
976;2021-02-08;82;3;2502;61;0.9;0.0
976;2021-02-09;193;1;2695;62;1.0;0.0
976;2021-02-10;187;4;2882;66;1.0;0.0
976;2021-02-11;236;4;3118;70;1.1;0.0
976;2021-02-12;287;4;3405;74;1.2;0.0
976;2021-02-13;56;0;3461;74;1.2;0.0
976;2021-02-14;1;0;3462;74;1.2;0.0
976;2021-02-15;359;6;3821;80;1.4;0.0
976;2021-02-16;266;10;4087;90;1.5;0.0
976;2021-02-17;167;7;4254;97;1.5;0.0
976;2021-02-18;217;12;4471;109;1.6;0.0
976;2021-02-19;237;24;4708;133;1.7;0.0
976;2021-02-20;139;8;4847;141;1.7;0.1
976;2021-02-21;0;0;4847;141;1.7;0.1
976;2021-02-22;130;122;4977;263;1.8;0.1
976;2021-02-23;185;155;5162;418;1.8;0.1
976;2021-02-24;176;145;5338;563;1.9;0.2
976;2021-02-25;227;277;5565;840;2.0;0.3
976;2021-02-26;242;247;5807;1087;2.1;0.4
976;2021-02-27;0;0;5807;1087;2.1;0.4
976;2021-02-28;0;0;5807;1087;2.1;0.4
976;2021-03-01;145;259;5952;1346;2.1;0.5
976;2021-03-02;228;259;6180;1605;2.2;0.6
976;2021-03-03;202;189;6382;1794;2.3;0.6
976;2021-03-04;205;142;6587;1936;2.4;0.7
976;2021-03-05;224;113;6811;2049;2.4;0.7
976;2021-03-06;1;0;6812;2049;2.4;0.7
976;2021-03-07;0;0;6812;2049;2.4;0.7
976;2021-03-08;189;109;7001;2158;2.5;0.8
976;2021-03-09;391;161;7392;2319;2.6;0.8
976;2021-03-10;180;178;7572;2497;2.7;0.9
976;2021-03-11;167;207;7739;2704;2.8;1.0
976;2021-03-12;237;292;7976;2996;2.9;1.1
976;2021-03-13;2;0;7978;2996;2.9;1.1
976;2021-03-14;0;0;7978;2996;2.9;1.1
976;2021-03-15;157;293;8135;3289;2.9;1.2
976;2021-03-16;236;223;8371;3512;3.0;1.3
976;2021-03-17;264;143;8635;3655;3.1;1.3
976;2021-03-18;173;236;8808;3891;3.2;1.4
976;2021-03-19;172;298;8980;4189;3.2;1.5
976;2021-03-20;0;0;8980;4189;3.2;1.5
976;2021-03-21;0;0;8980;4189;3.2;1.5
976;2021-03-22;98;136;9078;4325;3.2;1.5
976;2021-03-23;136;240;9214;4565;3.3;1.6
976;2021-03-24;160;146;9374;4711;3.4;1.7
976;2021-03-25;186;206;9560;4917;3.4;1.8
976;2021-03-26;160;211;9720;5128;3.5;1.8
976;2021-03-27;18;0;9738;5128;3.5;1.8
976;2021-03-28;1;0;9739;5128;3.5;1.8
976;2021-03-29;0;2;9739;5130;3.5;1.8
976;2021-03-30;272;335;10011;5465;3.6;2.0
976;2021-03-31;224;125;10235;5590;3.7;2.0
976;2021-04-01;244;103;10479;5693;3.7;2.0
976;2021-04-02;288;263;10767;5956;3.9;2.1
976;2021-04-03;905;307;11672;6263;4.2;2.2
976;2021-04-04;1;0;11673;6263;4.2;2.2
976;2021-04-05;1;0;11674;6263;4.2;2.2
976;2021-04-06;162;278;11836;6541;4.2;2.3
976;2021-04-07;237;266;12073;6807;4.3;2.4
976;2021-04-08;286;140;12359;6947;4.4;2.5
976;2021-04-09;248;171;12607;7118;4.5;2.5
976;2021-04-10;181;114;12788;7232;4.6;2.6
976;2021-04-11;7;0;12795;7232;4.6;2.6
976;2021-04-12;0;19;12795;7251;4.6;2.6
976;2021-04-13;394;344;13189;7595;4.7;2.7
976;2021-04-14;239;205;13428;7800;4.8;2.8
976;2021-04-15;207;117;13635;7917;4.9;2.8
976;2021-04-16;214;127;13849;8044;5.0;2.9
976;2021-04-17;226;131;14075;8175;5.0;2.9
976;2021-04-18;1;0;14076;8175;5.0;2.9
976;2021-04-19;7;1;14083;8176;5.0;2.9
976;2021-04-20;369;224;14452;8400;5.2;3.0
976;2021-04-21;413;150;14865;8550;5.3;3.1
976;2021-04-22;410;151;15275;8701;5.5;3.1
976;2021-04-23;367;166;15642;8867;5.6;3.2
976;2021-04-24;413;128;16055;8995;5.7;3.2
976;2021-04-25;2;0;16057;8995;5.7;3.2
976;2021-04-26;54;8;16111;9003;5.8;3.2
976;2021-04-27;351;292;16462;9295;5.9;3.3
976;2021-04-28;355;515;16817;9810;6.0;3.5
976;2021-04-29;559;344;17376;10154;6.2;3.6
976;2021-04-30;404;238;17780;10392;6.4;3.7
976;2021-05-01;671;285;18451;10677;6.6;3.8
976;2021-05-02;0;0;18451;10677;6.6;3.8
976;2021-05-03;141;6;18592;10683;6.7;3.8
976;2021-05-04;353;426;18945;11109;6.8;4.0
976;2021-05-05;447;318;19392;11427;6.9;4.1
976;2021-05-06;320;201;19712;11628;7.1;4.2
976;2021-05-07;341;133;20053;11761;7.2;4.2
976;2021-05-08;301;139;20354;11900;7.3;4.3
976;2021-05-09;0;0;20354;11900;7.3;4.3
976;2021-05-10;9;9;20363;11909;7.3;4.3
976;2021-05-11;362;489;20725;12398;7.4;4.4
976;2021-05-12;333;310;21058;12708;7.5;4.5
976;2021-05-13;127;97;21185;12805;7.6;4.6
976;2021-05-14;0;0;21185;12805;7.6;4.6
976;2021-05-15;486;283;21671;13088;7.8;4.7
976;2021-05-16;1;0;21672;13088;7.8;4.7
976;2021-05-17;123;51;21795;13139;7.8;4.7
976;2021-05-18;516;430;22311;13569;8.0;4.9
976;2021-05-19;651;663;22962;14232;8.2;5.1
976;2021-05-20;1055;497;24017;14729;8.6;5.3
976;2021-05-21;1046;314;25063;15043;9.0;5.4
976;2021-05-22;1242;299;26305;15342;9.4;5.5
976;2021-05-23;0;0;26305;15342;9.4;5.5
976;2021-05-24;1;0;26306;15342;9.4;5.5
976;2021-05-25;889;623;27195;15965;9.7;5.7
976;2021-05-26;1036;841;28231;16806;10.1;6.0
976;2021-05-27;1324;510;29555;17316;10.6;6.2
976;2021-05-28;957;373;30512;17689;10.9;6.3
976;2021-05-29;1130;391;31642;18080;11.3;6.5
976;2021-05-30;1;1;31643;18081;11.3;6.5
976;2021-05-31;105;6;31748;18087;11.4;6.5
976;2021-06-01;1151;651;32899;18738;11.8;6.7
976;2021-06-02;1236;529;34135;19267;12.2;6.9
976;2021-06-03;807;352;34942;19619;12.5;7.0
976;2021-06-04;1001;323;35943;19942;12.9;7.1
976;2021-06-05;678;300;36621;20242;13.1;7.2
976;2021-06-06;1;0;36622;20242;13.1;7.2
976;2021-06-07;90;12;36712;20254;13.1;7.2
976;2021-06-08;955;444;37667;20698;13.5;7.4
976;2021-06-09;972;551;38639;21249;13.8;7.6
976;2021-06-10;693;230;39332;21479;14.1;7.7
976;2021-06-11;848;366;40180;21845;14.4;7.8
976;2021-06-12;581;276;40761;22121;14.6;7.9
976;2021-06-13;1;0;40762;22121;14.6;7.9
976;2021-06-14;186;112;40948;22233;14.7;8.0
976;2021-06-15;412;839;41360;23072;14.8;8.3
976;2021-06-16;890;1441;42250;24513;15.1;8.8
976;2021-06-17;775;657;43025;25170;15.4;9.0
976;2021-06-18;706;622;43731;25792;15.6;9.2
976;2021-06-19;537;643;44268;26435;15.8;9.5
976;2021-06-20;1;0;44269;26435;15.8;9.5
976;2021-06-21;127;130;44396;26565;15.9;9.5
976;2021-06-22;429;1150;44825;27715;16.0;9.9
976;2021-06-23;659;1185;45484;28900;16.3;10.3
976;2021-06-24;465;545;45949;29445;16.4;10.5
976;2021-06-25;542;477;46491;29922;16.6;10.7
976;2021-06-26;388;689;46879;30611;16.8;11.0
976;2021-06-27;0;0;46879;30611;16.8;11.0
976;2021-06-28;106;191;46985;30802;16.8;11.0
976;2021-06-29;708;974;47693;31776;17.1;11.4
976;2021-06-30;673;946;48366;32722;17.3;11.7
976;2021-07-01;574;546;48940;33268;17.5;11.9
976;2021-07-02;452;429;49392;33697;17.7;12.1
976;2021-07-03;446;420;49838;34117;17.8;12.2
976;2021-07-04;2;0;49840;34117;17.8;12.2
976;2021-07-05;115;224;49955;34341;17.9;12.3
976;2021-07-06;497;862;50452;35203;18.1;12.6
976;2021-07-07;760;1007;51212;36210;18.3;13.0
976;2021-07-08;795;631;52007;36841;18.6;13.2
976;2021-07-09;787;517;52794;37358;18.9;13.4
976;2021-07-10;434;317;53228;37675;19.0;13.5
976;2021-07-11;0;0;53228;37675;19.0;13.5
976;2021-07-12;160;170;53388;37845;19.1;13.5
976;2021-07-13;830;996;54218;38841;19.4;13.9
976;2021-07-14;0;5;54218;38846;19.4;13.9
976;2021-07-15;1203;808;55421;39654;19.8;14.2
976;2021-07-16;1284;648;56705;40302;20.3;14.4
976;2021-07-17;1031;365;57736;40667;20.7;14.6
976;2021-07-18;0;0;57736;40667;20.7;14.6
976;2021-07-19;203;133;57939;40800;20.7;14.6
976;2021-07-20;1151;867;59090;41667;21.1;14.9
976;2021-07-21;32;28;59122;41695;21.2;14.9
976;2021-07-22;1119;649;60241;42344;21.6;15.2
976;2021-07-23;1199;533;61440;42877;22.0;15.3
976;2021-07-24;847;435;62287;43312;22.3;15.5
976;2021-07-25;0;0;62287;43312;22.3;15.5
976;2021-07-26;178;36;62465;43348;22.4;15.5
976;2021-07-27;1124;820;63589;44168;22.8;15.8
976;2021-07-28;975;633;64564;44801;23.1;16.0
976;2021-07-29;1198;554;65762;45355;23.5;16.2
976;2021-07-30;1201;403;66963;45758;24.0;16.4
976;2021-07-31;760;272;67723;46030;24.2;16.5
976;2021-08-01;0;0;67723;46030;24.2;16.5
976;2021-08-02;309;178;68032;46208;24.3;16.5
976;2021-08-03;1397;920;69429;47128;24.8;16.9
977;2020-12-27;0;0;0;0;0.0;0.0
977;2020-12-28;0;0;0;0;0.0;0.0
977;2020-12-29;0;0;0;0;0.0;0.0
977;2020-12-30;0;0;0;0;0.0;0.0
977;2020-12-31;0;0;0;0;0.0;0.0
977;2021-01-01;0;0;0;0;0.0;0.0
977;2021-01-02;0;0;0;0;0.0;0.0
977;2021-01-03;0;0;0;0;0.0;0.0
977;2021-01-04;0;0;0;0;0.0;0.0
977;2021-01-05;0;0;0;0;0.0;0.0
977;2021-01-06;0;0;0;0;0.0;0.0
977;2021-01-07;0;0;0;0;0.0;0.0
977;2021-01-08;0;0;0;0;0.0;0.0
977;2021-01-09;0;0;0;0;0.0;0.0
977;2021-01-10;0;0;0;0;0.0;0.0
977;2021-01-11;0;0;0;0;0.0;0.0
977;2021-01-12;0;0;0;0;0.0;0.0
977;2021-01-13;0;0;0;0;0.0;0.0
977;2021-01-14;0;0;0;0;0.0;0.0
977;2021-01-15;0;0;0;0;0.0;0.0
977;2021-01-16;0;0;0;0;0.0;0.0
977;2021-01-17;0;0;0;0;0.0;0.0
977;2021-01-18;1;0;1;0;0.0;0.0
977;2021-01-19;0;0;1;0;0.0;0.0
977;2021-01-20;0;0;1;0;0.0;0.0
977;2021-01-21;12;0;13;0;0.1;0.0
977;2021-01-22;12;0;25;0;0.3;0.0
977;2021-01-23;0;0;25;0;0.3;0.0
977;2021-01-24;0;0;25;0;0.3;0.0
977;2021-01-25;0;0;25;0;0.3;0.0
977;2021-01-26;0;0;25;0;0.3;0.0
977;2021-01-27;12;0;37;0;0.4;0.0
977;2021-01-28;1;0;38;0;0.4;0.0
977;2021-01-29;6;0;44;0;0.4;0.0
977;2021-01-30;0;0;44;0;0.4;0.0
977;2021-01-31;0;0;44;0;0.4;0.0
977;2021-02-01;0;0;44;0;0.4;0.0
977;2021-02-02;0;0;44;0;0.4;0.0
977;2021-02-03;11;0;55;0;0.6;0.0
977;2021-02-04;12;0;67;0;0.7;0.0
977;2021-02-05;11;0;78;0;0.8;0.0
977;2021-02-06;0;0;78;0;0.8;0.0
977;2021-02-07;0;0;78;0;0.8;0.0
977;2021-02-08;0;0;78;0;0.8;0.0
977;2021-02-09;13;0;91;0;0.9;0.0
977;2021-02-10;0;0;91;0;0.9;0.0
977;2021-02-11;17;0;108;0;1.1;0.0
977;2021-02-12;45;0;153;0;1.5;0.0
977;2021-02-13;0;0;153;0;1.5;0.0
977;2021-02-14;0;0;153;0;1.5;0.0
977;2021-02-15;0;0;153;0;1.5;0.0
977;2021-02-16;0;0;153;0;1.5;0.0
977;2021-02-17;0;0;153;0;1.5;0.0
977;2021-02-18;18;0;171;0;1.7;0.0
977;2021-02-19;35;0;206;0;2.1;0.0
977;2021-02-20;0;0;206;0;2.1;0.0
977;2021-02-21;0;0;206;0;2.1;0.0
977;2021-02-22;0;0;206;0;2.1;0.0
977;2021-02-23;0;22;206;22;2.1;0.2
977;2021-02-24;0;0;206;22;2.1;0.2
977;2021-02-25;15;10;221;32;2.2;0.3
977;2021-02-26;33;20;254;52;2.5;0.5
977;2021-02-27;0;0;254;52;2.5;0.5
977;2021-02-28;0;0;254;52;2.5;0.5
977;2021-03-01;0;0;254;52;2.5;0.5
977;2021-03-02;19;11;273;63;2.7;0.6
977;2021-03-03;0;0;273;63;2.7;0.6
977;2021-03-04;16;12;289;75;2.9;0.8
977;2021-03-05;35;19;324;94;3.3;0.9
977;2021-03-06;0;0;324;94;3.3;0.9
977;2021-03-07;0;0;324;94;3.3;0.9
977;2021-03-08;0;0;324;94;3.3;0.9
977;2021-03-09;1;0;325;94;3.3;0.9
977;2021-03-10;0;0;325;94;3.3;0.9
977;2021-03-11;20;30;345;124;3.5;1.2
977;2021-03-12;62;41;407;165;4.1;1.7
977;2021-03-13;0;0;407;165;4.1;1.7
977;2021-03-14;0;0;407;165;4.1;1.7
977;2021-03-15;0;0;407;165;4.1;1.7
977;2021-03-16;30;9;437;174;4.4;1.7
977;2021-03-17;0;0;437;174;4.4;1.7
977;2021-03-18;30;16;467;190;4.7;1.9
977;2021-03-19;55;30;522;220;5.2;2.2
977;2021-03-20;0;0;522;220;5.2;2.2
977;2021-03-21;0;0;522;220;5.2;2.2
977;2021-03-22;0;0;522;220;5.2;2.2
977;2021-03-23;0;0;522;220;5.2;2.2
977;2021-03-24;0;0;522;220;5.2;2.2
977;2021-03-25;65;17;587;237;5.9;2.4
977;2021-03-26;73;26;660;263;6.6;2.6
977;2021-03-27;0;0;660;263;6.6;2.6
977;2021-03-28;0;0;660;263;6.6;2.6
977;2021-03-29;0;0;660;263;6.6;2.6
977;2021-03-30;40;18;700;281;7.0;2.8
977;2021-03-31;26;15;726;296;7.3;3.0
977;2021-04-01;25;32;751;328;7.5;3.3
977;2021-04-02;0;0;751;328;7.5;3.3
977;2021-04-03;0;0;751;328;7.5;3.3
977;2021-04-04;0;0;751;328;7.5;3.3
977;2021-04-05;9;0;760;328;7.6;3.3
977;2021-04-06;0;0;760;328;7.6;3.3
977;2021-04-07;0;0;760;328;7.6;3.3
977;2021-04-08;57;46;817;374;8.2;3.8
977;2021-04-09;58;31;875;405;8.8;4.1
977;2021-04-10;0;0;875;405;8.8;4.1
977;2021-04-11;0;0;875;405;8.8;4.1
977;2021-04-12;0;0;875;405;8.8;4.1
977;2021-04-13;0;0;875;405;8.8;4.1
977;2021-04-14;5;6;880;411;8.8;4.1
977;2021-04-15;56;71;936;482;9.4;4.8
977;2021-04-16;90;35;1026;517;10.3;5.2
977;2021-04-17;0;1;1026;518;10.3;5.2
977;2021-04-18;0;0;1026;518;10.3;5.2
977;2021-04-19;1;0;1027;518;10.3;5.2
977;2021-04-20;335;65;1362;583;13.7;5.9
977;2021-04-21;337;30;1699;613;17.1;6.2
977;2021-04-22;284;50;1983;663;19.9;6.7
977;2021-04-23;260;42;2243;705;22.5;7.1
977;2021-04-24;231;1;2474;706;24.8;7.1
977;2021-04-25;0;0;2474;706;24.8;7.1
977;2021-04-26;283;19;2757;725;27.7;7.3
977;2021-04-27;224;68;2981;793;29.9;8.0
977;2021-04-28;192;26;3173;819;31.9;8.2
977;2021-04-29;170;23;3343;842;33.6;8.5
977;2021-04-30;172;16;3515;858;35.3;8.6
977;2021-05-01;202;12;3717;870;37.3;8.7
977;2021-05-02;0;0;3717;870;37.3;8.7
977;2021-05-03;135;9;3852;879;38.7;8.8
977;2021-05-04;161;53;4013;932;40.3;9.4
977;2021-05-05;221;30;4234;962;42.5;9.7
977;2021-05-06;175;33;4409;995;44.3;10.0
977;2021-05-07;149;31;4558;1026;45.8;10.3
977;2021-05-08;1;0;4559;1026;45.8;10.3
977;2021-05-09;0;2;4559;1028;45.8;10.3
977;2021-05-10;0;0;4559;1028;45.8;10.3
977;2021-05-11;3;41;4562;1069;45.8;10.7
977;2021-05-12;6;36;4568;1105;45.9;11.1
977;2021-05-13;0;0;4568;1105;45.9;11.1
977;2021-05-14;28;98;4596;1203;46.1;12.1
977;2021-05-15;0;0;4596;1203;46.1;12.1
977;2021-05-16;1;0;4597;1203;46.1;12.1
977;2021-05-17;1;14;4598;1217;46.2;12.2
977;2021-05-18;17;32;4615;1249;46.3;12.5
977;2021-05-19;0;1;4615;1250;46.3;12.5
977;2021-05-20;0;8;4615;1258;46.3;12.6
977;2021-05-21;12;32;4627;1290;46.5;13.0
977;2021-05-22;0;0;4627;1290;46.5;13.0
977;2021-05-23;0;0;4627;1290;46.5;13.0
977;2021-05-24;0;0;4627;1290;46.5;13.0
977;2021-05-25;50;333;4677;1623;47.0;16.3
977;2021-05-26;54;360;4731;1983;47.5;19.9
977;2021-05-27;34;317;4765;2300;47.8;23.1
977;2021-05-28;27;256;4792;2556;48.1;25.7
977;2021-05-29;35;375;4827;2931;48.5;29.4
977;2021-05-30;1;0;4828;2931;48.5;29.4
977;2021-05-31;45;216;4873;3147;48.9;31.6
977;2021-06-01;48;227;4921;3374;49.4;33.9
977;2021-06-02;69;273;4990;3647;50.1;36.6
977;2021-06-03;41;252;5031;3899;50.5;39.1
977;2021-06-04;79;269;5110;4168;51.3;41.8
977;2021-06-05;1;0;5111;4168;51.3;41.8
977;2021-06-06;0;0;5111;4168;51.3;41.8
977;2021-06-07;1;1;5112;4169;51.3;41.9
977;2021-06-08;3;2;5115;4171;51.4;41.9
977;2021-06-09;0;3;5115;4174;51.4;41.9
977;2021-06-10;8;4;5123;4178;51.4;41.9
977;2021-06-11;4;8;5127;4186;51.5;42.0
977;2021-06-12;16;59;5143;4245;51.6;42.6
977;2021-06-13;0;0;5143;4245;51.6;42.6
977;2021-06-14;0;0;5143;4245;51.6;42.6
977;2021-06-15;0;1;5143;4246;51.6;42.6
977;2021-06-16;0;0;5143;4246;51.6;42.6
977;2021-06-17;2;6;5145;4252;51.7;42.7
977;2021-06-18;0;2;5145;4254;51.7;42.7
977;2021-06-19;25;49;5170;4303;51.9;43.2
977;2021-06-20;0;0;5170;4303;51.9;43.2
977;2021-06-21;0;2;5170;4305;51.9;43.2
977;2021-06-22;8;0;5178;4305;52.0;43.2
977;2021-06-23;15;9;5193;4314;52.1;43.3
977;2021-06-24;10;5;5203;4319;52.2;43.4
977;2021-06-25;0;0;5203;4319;52.2;43.4
977;2021-06-26;25;45;5228;4364;52.5;43.8
977;2021-06-27;0;0;5228;4364;52.5;43.8
977;2021-06-28;0;0;5228;4364;52.5;43.8
977;2021-06-29;0;0;5228;4364;52.5;43.8
977;2021-06-30;0;0;5228;4364;52.5;43.8
977;2021-07-01;27;36;5255;4400;52.8;44.2
977;2021-07-02;26;31;5281;4431;53.0;44.5
977;2021-07-03;27;212;5308;4643;53.3;46.6
977;2021-07-04;0;0;5308;4643;53.3;46.6
977;2021-07-05;4;8;5312;4651;53.3;46.7
977;2021-07-06;0;0;5312;4651;53.3;46.7
977;2021-07-07;8;0;5320;4651;53.4;46.7
977;2021-07-08;33;23;5353;4674;53.7;46.9
977;2021-07-09;23;32;5376;4706;54.0;47.2
977;2021-07-10;28;40;5404;4746;54.3;47.6
977;2021-07-11;0;0;5404;4746;54.3;47.6
977;2021-07-12;0;1;5404;4747;54.3;47.7
977;2021-07-13;10;10;5414;4757;54.4;47.8
977;2021-07-14;0;0;5414;4757;54.4;47.8
977;2021-07-15;1;11;5415;4768;54.4;47.9
977;2021-07-16;44;50;5459;4818;54.8;48.4
977;2021-07-17;34;36;5493;4854;55.1;48.7
977;2021-07-18;0;0;5493;4854;55.1;48.7
977;2021-07-19;3;2;5496;4856;55.2;48.8
977;2021-07-20;3;1;5499;4857;55.2;48.8
977;2021-07-21;33;16;5532;4873;55.5;48.9
977;2021-07-22;35;33;5567;4906;55.9;49.3
977;2021-07-23;32;28;5599;4934;56.2;49.5
977;2021-07-24;43;26;5642;4960;56.6;49.8
977;2021-07-25;0;0;5642;4960;56.6;49.8
977;2021-07-26;13;9;5655;4969;56.8;49.9
977;2021-07-27;0;10;5655;4979;56.8;50.0
977;2021-07-28;31;14;5686;4993;57.1;50.1
977;2021-07-29;33;32;5719;5025;57.4;50.4
977;2021-07-30;31;29;5750;5054;57.7;50.7
977;2021-07-31;53;23;5803;5077;58.3;51.0
977;2021-08-01;0;0;5803;5077;58.3;51.0
977;2021-08-02;11;1;5814;5078;58.4;51.0
977;2021-08-03;0;0;5814;5078;58.4;51.0
978;2020-12-27;0;0;0;0;0.0;0.0
978;2020-12-28;0;0;0;0;0.0;0.0
978;2020-12-29;0;0;0;0;0.0;0.0
978;2020-12-30;0;0;0;0;0.0;0.0
978;2020-12-31;0;0;0;0;0.0;0.0
978;2021-01-01;0;0;0;0;0.0;0.0
978;2021-01-02;0;0;0;0;0.0;0.0
978;2021-01-03;0;0;0;0;0.0;0.0
978;2021-01-04;0;0;0;0;0.0;0.0
978;2021-01-05;0;0;0;0;0.0;0.0
978;2021-01-06;0;0;0;0;0.0;0.0
978;2021-01-07;0;0;0;0;0.0;0.0
978;2021-01-08;0;0;0;0;0.0;0.0
978;2021-01-09;0;0;0;0;0.0;0.0
978;2021-01-10;0;0;0;0;0.0;0.0
978;2021-01-11;0;0;0;0;0.0;0.0
978;2021-01-12;0;0;0;0;0.0;0.0
978;2021-01-13;10;0;10;0;0.0;0.0
978;2021-01-14;12;0;22;0;0.1;0.0
978;2021-01-15;9;0;31;0;0.1;0.0
978;2021-01-16;0;0;31;0;0.1;0.0
978;2021-01-17;0;0;31;0;0.1;0.0
978;2021-01-18;0;0;31;0;0.1;0.0
978;2021-01-19;12;0;43;0;0.1;0.0
978;2021-01-20;13;0;56;0;0.2;0.0
978;2021-01-21;6;0;62;0;0.2;0.0
978;2021-01-22;0;0;62;0;0.2;0.0
978;2021-01-23;0;0;62;0;0.2;0.0
978;2021-01-24;0;0;62;0;0.2;0.0
978;2021-01-25;0;0;62;0;0.2;0.0
978;2021-01-26;9;0;71;0;0.2;0.0
978;2021-01-27;10;0;81;0;0.2;0.0
978;2021-01-28;6;0;87;0;0.2;0.0
978;2021-01-29;0;0;87;0;0.2;0.0
978;2021-01-30;0;0;87;0;0.2;0.0
978;2021-01-31;0;0;87;0;0.2;0.0
978;2021-02-01;0;0;87;0;0.2;0.0
978;2021-02-02;38;0;125;0;0.4;0.0
978;2021-02-03;10;0;135;0;0.4;0.0
978;2021-02-04;31;0;166;0;0.5;0.0
978;2021-02-05;6;0;172;0;0.5;0.0
978;2021-02-06;0;0;172;0;0.5;0.0
978;2021-02-07;0;0;172;0;0.5;0.0
978;2021-02-08;0;0;172;0;0.5;0.0
978;2021-02-09;38;0;210;0;0.6;0.0
978;2021-02-10;27;1;237;1;0.7;0.0
978;2021-02-11;0;0;237;1;0.7;0.0
978;2021-02-12;36;0;273;1;0.8;0.0
978;2021-02-13;0;0;273;1;0.8;0.0
978;2021-02-14;0;0;273;1;0.8;0.0
978;2021-02-15;50;1;323;2;0.9;0.0
978;2021-02-16;0;0;323;2;0.9;0.0
978;2021-02-17;0;0;323;2;0.9;0.0
978;2021-02-18;28;0;351;2;1.0;0.0
978;2021-02-19;44;0;395;2;1.1;0.0
978;2021-02-20;0;0;395;2;1.1;0.0
978;2021-02-21;0;0;395;2;1.1;0.0
978;2021-02-22;45;4;440;6;1.2;0.0
978;2021-02-23;41;29;481;35;1.4;0.1
978;2021-02-24;35;1;516;36;1.5;0.1
978;2021-02-25;55;36;571;72;1.6;0.2
978;2021-02-26;39;5;610;77;1.7;0.2
978;2021-02-27;0;0;610;77;1.7;0.2
978;2021-02-28;0;0;610;77;1.7;0.2
978;2021-03-01;49;5;659;82;1.9;0.2
978;2021-03-02;7;27;666;109;1.9;0.3
978;2021-03-03;48;28;714;137;2.0;0.4
978;2021-03-04;30;26;744;163;2.1;0.5
978;2021-03-05;46;10;790;173;2.2;0.5
978;2021-03-06;0;0;790;173;2.2;0.5
978;2021-03-07;0;0;790;173;2.2;0.5
978;2021-03-08;32;7;822;180;2.3;0.5
978;2021-03-09;19;27;841;207;2.4;0.6
978;2021-03-10;33;28;874;235;2.5;0.7
978;2021-03-11;2;0;876;235;2.5;0.7
978;2021-03-12;52;21;928;256;2.6;0.7
978;2021-03-13;13;0;941;256;2.7;0.7
978;2021-03-14;0;0;941;256;2.7;0.7
978;2021-03-15;31;41;972;297;2.8;0.8
978;2021-03-16;73;6;1045;303;3.0;0.9
978;2021-03-17;67;13;1112;316;3.1;0.9
978;2021-03-18;82;39;1194;355;3.4;1.0
978;2021-03-19;32;50;1226;405;3.5;1.1
978;2021-03-20;0;0;1226;405;3.5;1.1
978;2021-03-21;0;0;1226;405;3.5;1.1
978;2021-03-22;34;45;1260;450;3.6;1.3
978;2021-03-23;30;43;1290;493;3.7;1.4
978;2021-03-24;38;42;1328;535;3.8;1.5
978;2021-03-25;94;34;1422;569;4.0;1.6
978;2021-03-26;45;33;1467;602;4.2;1.7
978;2021-03-27;94;3;1561;605;4.4;1.7
978;2021-03-28;0;0;1561;605;4.4;1.7
978;2021-03-29;69;48;1630;653;4.6;1.8
978;2021-03-30;98;24;1728;677;4.9;1.9
978;2021-03-31;90;49;1818;726;5.1;2.1
978;2021-04-01;57;48;1875;774;5.3;2.2
978;2021-04-02;0;0;1875;774;5.3;2.2
978;2021-04-03;1;0;1876;774;5.3;2.2
978;2021-04-04;0;0;1876;774;5.3;2.2
978;2021-04-05;2;0;1878;774;5.3;2.2
978;2021-04-06;49;63;1927;837;5.5;2.4
978;2021-04-07;91;33;2018;870;5.7;2.5
978;2021-04-08;120;7;2138;877;6.1;2.5
978;2021-04-09;90;39;2228;916;6.3;2.6
978;2021-04-10;169;11;2397;927;6.8;2.6
978;2021-04-11;0;0;2397;927;6.8;2.6
978;2021-04-12;41;75;2438;1002;6.9;2.8
978;2021-04-13;49;71;2487;1073;7.0;3.0
978;2021-04-14;82;45;2569;1118;7.3;3.2
978;2021-04-15;92;23;2661;1141;7.5;3.2
978;2021-04-16;77;42;2738;1183;7.7;3.3
978;2021-04-17;165;4;2903;1187;8.2;3.4
978;2021-04-18;0;0;2903;1187;8.2;3.4
978;2021-04-19;52;67;2955;1254;8.4;3.5
978;2021-04-20;83;27;3038;1281;8.6;3.6
978;2021-04-21;91;29;3129;1310;8.9;3.7
978;2021-04-22;101;20;3230;1330;9.1;3.8
978;2021-04-23;45;66;3275;1396;9.3;4.0
978;2021-04-24;99;78;3374;1474;9.5;4.2
978;2021-04-25;0;0;3374;1474;9.5;4.2
978;2021-04-26;29;91;3403;1565;9.6;4.4
978;2021-04-27;59;63;3462;1628;9.8;4.6
978;2021-04-28;90;39;3552;1667;10.1;4.7
978;2021-04-29;89;33;3641;1700;10.3;4.8
978;2021-04-30;104;14;3745;1714;10.6;4.9
978;2021-05-01;0;8;3745;1722;10.6;4.9
978;2021-05-02;0;0;3745;1722;10.6;4.9
978;2021-05-03;25;99;3770;1821;10.7;5.2
978;2021-05-04;159;102;3929;1923;11.1;5.4
978;2021-05-05;141;58;4070;1981;11.5;5.6
978;2021-05-06;200;49;4270;2030;12.1;5.7
978;2021-05-07;127;71;4397;2101;12.4;5.9
978;2021-05-08;69;122;4466;2223;12.6;6.3
978;2021-05-09;0;0;4466;2223;12.6;6.3
978;2021-05-10;124;99;4590;2322;13.0;6.6
978;2021-05-11;132;72;4722;2394;13.4;6.8
978;2021-05-12;156;78;4878;2472;13.8;7.0
978;2021-05-13;83;6;4961;2478;14.0;7.0
978;2021-05-14;130;62;5091;2540;14.4;7.2
978;2021-05-15;87;4;5178;2544;14.7;7.2
978;2021-05-16;0;0;5178;2544;14.7;7.2
978;2021-05-17;146;115;5324;2659;15.1;7.5
978;2021-05-18;151;94;5475;2753;15.5;7.8
978;2021-05-19;84;69;5559;2822;15.7;8.0
978;2021-05-20;104;26;5663;2848;16.0;8.1
978;2021-05-21;98;53;5761;2901;16.3;8.2
978;2021-05-22;100;11;5861;2912;16.6;8.2
978;2021-05-23;0;0;5861;2912;16.6;8.2
978;2021-05-24;33;7;5894;2919;16.7;8.3
978;2021-05-25;119;78;6013;2997;17.0;8.5
978;2021-05-26;109;49;6122;3046;17.3;8.6
978;2021-05-27;112;42;6234;3088;17.6;8.7
978;2021-05-28;33;1;6267;3089;17.7;8.7
978;2021-05-29;60;213;6327;3302;17.9;9.3
978;2021-05-30;0;0;6327;3302;17.9;9.3
978;2021-05-31;112;63;6439;3365;18.2;9.5
978;2021-06-01;116;62;6555;3427;18.6;9.7
978;2021-06-02;131;33;6686;3460;18.9;9.8
978;2021-06-03;102;38;6788;3498;19.2;9.9
978;2021-06-04;128;70;6916;3568;19.6;10.1
978;2021-06-05;83;21;6999;3589;19.8;10.2
978;2021-06-06;0;0;6999;3589;19.8;10.2
978;2021-06-07;96;96;7095;3685;20.1;10.4
978;2021-06-08;82;89;7177;3774;20.3;10.7
978;2021-06-09;99;73;7276;3847;20.6;10.9
978;2021-06-10;112;63;7388;3910;20.9;11.1
978;2021-06-11;117;106;7505;4016;21.2;11.4
978;2021-06-12;57;30;7562;4046;21.4;11.5
978;2021-06-13;0;0;7562;4046;21.4;11.5
978;2021-06-14;106;127;7668;4173;21.7;11.8
978;2021-06-15;88;120;7756;4293;22.0;12.1
978;2021-06-16;105;148;7861;4441;22.2;12.6
978;2021-06-17;85;72;7946;4513;22.5;12.8
978;2021-06-18;66;99;8012;4612;22.7;13.1
978;2021-06-19;64;79;8076;4691;22.9;13.3
978;2021-06-20;0;0;8076;4691;22.9;13.3
978;2021-06-21;78;152;8154;4843;23.1;13.7
978;2021-06-22;71;103;8225;4946;23.3;14.0
978;2021-06-23;68;115;8293;5061;23.5;14.3
978;2021-06-24;44;75;8337;5136;23.6;14.5
978;2021-06-25;63;100;8400;5236;23.8;14.8
978;2021-06-26;35;61;8435;5297;23.9;15.0
978;2021-06-27;0;0;8435;5297;23.9;15.0
978;2021-06-28;73;130;8508;5427;24.1;15.4
978;2021-06-29;62;105;8570;5532;24.3;15.7
978;2021-06-30;56;110;8626;5642;24.4;16.0
978;2021-07-01;42;87;8668;5729;24.5;16.2
978;2021-07-02;52;91;8720;5820;24.7;16.5
978;2021-07-03;40;90;8760;5910;24.8;16.7
978;2021-07-04;0;1;8760;5911;24.8;16.7
978;2021-07-05;66;93;8826;6004;25.0;17.0
978;2021-07-06;55;75;8881;6079;25.1;17.2
978;2021-07-07;55;123;8936;6202;25.3;17.6
978;2021-07-08;54;107;8990;6309;25.4;17.9
978;2021-07-09;46;92;9036;6401;25.6;18.1
978;2021-07-10;38;84;9074;6485;25.7;18.4
978;2021-07-11;0;4;9074;6489;25.7;18.4
978;2021-07-12;71;130;9145;6619;25.9;18.7
978;2021-07-13;147;162;9292;6781;26.3;19.2
978;2021-07-14;3;0;9295;6781;26.3;19.2
978;2021-07-15;161;194;9456;6975;26.8;19.7
978;2021-07-16;112;113;9568;7088;27.1;20.1
978;2021-07-17;51;100;9619;7188;27.2;20.3
978;2021-07-18;0;0;9619;7188;27.2;20.3
978;2021-07-19;98;134;9717;7322;27.5;20.7
978;2021-07-20;80;73;9797;7395;27.7;20.9
978;2021-07-21;61;49;9858;7444;27.9;21.1
978;2021-07-22;97;115;9955;7559;28.2;21.4
978;2021-07-23;67;100;10022;7659;28.4;21.7
978;2021-07-24;20;35;10042;7694;28.4;21.8
978;2021-07-25;0;0;10042;7694;28.4;21.8
978;2021-07-26;91;116;10133;7810;28.7;22.1
978;2021-07-27;67;145;10200;7955;28.9;22.5
978;2021-07-28;72;127;10272;8082;29.1;22.9
978;2021-07-29;80;98;10352;8180;29.3;23.2
978;2021-07-30;82;116;10434;8296;29.5;23.5
978;2021-07-31;48;66;10482;8362;29.7;23.7
978;2021-08-01;0;0;10482;8362;29.7;23.7
978;2021-08-02;65;95;10547;8457;29.8;23.9
978;2021-08-03;60;94;10607;8551;30.0;24.2
