dep;jour;n_dose1;n_complet;n_cum_dose1;n_cum_complet;couv_dose1;couv_complet
01;2020-12-27;1;0;1;0;0.0;0.0
01;2020-12-28;0;0;1;0;0.0;0.0
01;2020-12-29;0;0;1;0;0.0;0.0
01;2020-12-30;0;0;1;0;0.0;0.0
01;2020-12-31;0;0;1;0;0.0;0.0
01;2021-01-01;1;0;2;0;0.0;0.0
01;2021-01-02;0;0;2;0;0.0;0.0
01;2021-01-03;0;0;2;0;0.0;0.0
01;2021-01-04;2;0;4;0;0.0;0.0
01;2021-01-05;2;0;6;0;0.0;0.0
01;2021-01-06;1;0;7;0;0.0;0.0
01;2021-01-07;67;0;74;0;0.0;0.0
01;2021-01-08;159;0;233;0;0.0;0.0
01;2021-01-09;2;1;235;1;0.0;0.0
01;2021-01-10;0;0;235;1;0.0;0.0
01;2021-01-11;148;0;383;1;0.1;0.0
01;2021-01-12;317;2;700;3;0.1;0.0
01;2021-01-13;444;1;1144;4;0.2;0.0
01;2021-01-14;529;3;1673;7;0.3;0.0
01;2021-01-15;397;3;2070;10;0.3;0.0
01;2021-01-16;202;0;2272;10;0.3;0.0
01;2021-01-17;128;0;2400;10;0.4;0.0
01;2021-01-18;378;1;2778;11;0.4;0.0
01;2021-01-19;1040;1;3818;12;0.6;0.0
01;2021-01-20;1262;2;5080;14;0.8;0.0
01;2021-01-21;1098;4;6178;18;0.9;0.0
01;2021-01-22;645;0;6823;18;1.0;0.0
01;2021-01-23;222;0;7045;18;1.1;0.0
01;2021-01-24;71;1;7116;19;1.1;0.0
01;2021-01-25;484;1;7600;20;1.2;0.0
01;2021-01-26;741;3;8341;23;1.3;0.0
01;2021-01-27;518;5;8859;28;1.3;0.0
01;2021-01-28;682;54;9541;82;1.5;0.0
01;2021-01-29;637;102;10178;184;1.5;0.0
01;2021-01-30;236;15;10414;199;1.6;0.0
01;2021-01-31;62;0;10476;199;1.6;0.0
01;2021-02-01;458;73;10934;272;1.7;0.0
01;2021-02-02;514;181;11448;453;1.7;0.1
01;2021-02-03;374;296;11822;749;1.8;0.1
01;2021-02-04;478;416;12300;1165;1.9;0.2
01;2021-02-05;441;280;12741;1445;1.9;0.2
01;2021-02-06;261;141;13002;1586;2.0;0.2
01;2021-02-07;2;111;13004;1697;2.0;0.3
01;2021-02-08;505;404;13509;2101;2.1;0.3
01;2021-02-09;774;858;14283;2959;2.2;0.5
01;2021-02-10;951;715;15234;3674;2.3;0.6
01;2021-02-11;791;771;16025;4445;2.4;0.7
01;2021-02-12;639;549;16664;4994;2.5;0.8
01;2021-02-13;161;149;16825;5143;2.6;0.8
01;2021-02-14;0;9;16825;5152;2.6;0.8
01;2021-02-15;437;444;17262;5596;2.6;0.9
01;2021-02-16;658;413;17920;6009;2.7;0.9
01;2021-02-17;519;245;18439;6254;2.8;1.0
01;2021-02-18;589;568;19028;6822;2.9;1.0
01;2021-02-19;580;248;19608;7070;3.0;1.1
01;2021-02-20;201;154;19809;7224;3.0;1.1
01;2021-02-21;0;1;19809;7225;3.0;1.1
01;2021-02-22;427;555;20236;7780;3.1;1.2
01;2021-02-23;483;524;20719;8304;3.2;1.3
01;2021-02-24;434;464;21153;8768;3.2;1.3
01;2021-02-25;826;608;21979;9376;3.3;1.4
01;2021-02-26;874;547;22853;9923;3.5;1.5
01;2021-02-27;480;117;23333;10040;3.6;1.5
01;2021-02-28;20;3;23353;10043;3.6;1.5
01;2021-03-01;629;456;23982;10499;3.7;1.6
01;2021-03-02;962;554;24944;11053;3.8;1.7
01;2021-03-03;938;661;25882;11714;3.9;1.8
01;2021-03-04;1198;642;27080;12356;4.1;1.9
01;2021-03-05;1354;496;28434;12852;4.3;2.0
01;2021-03-06;781;99;29215;12951;4.4;2.0
01;2021-03-07;43;1;29258;12952;4.5;2.0
01;2021-03-08;669;625;29927;13577;4.6;2.1
01;2021-03-09;1339;610;31266;14187;4.8;2.2
01;2021-03-10;1160;557;32426;14744;4.9;2.2
01;2021-03-11;1684;643;34110;15387;5.2;2.3
01;2021-03-12;2004;639;36114;16026;5.5;2.4
01;2021-03-13;1499;95;37613;16121;5.7;2.5
01;2021-03-14;132;59;37745;16180;5.7;2.5
01;2021-03-15;1157;405;38902;16585;5.9;2.5
01;2021-03-16;1011;563;39913;17148;6.1;2.6
01;2021-03-17;839;345;40752;17493;6.2;2.7
01;2021-03-18;1294;468;42046;17961;6.4;2.7
01;2021-03-19;1746;541;43792;18502;6.7;2.8
01;2021-03-20;1445;132;45237;18634;6.9;2.8
01;2021-03-21;97;11;45334;18645;6.9;2.8
01;2021-03-22;1575;493;46909;19138;7.1;2.9
01;2021-03-23;2196;646;49105;19784;7.5;3.0
01;2021-03-24;1616;413;50721;20197;7.7;3.1
01;2021-03-25;2910;633;53631;20830;8.2;3.2
01;2021-03-26;2872;614;56503;21444;8.6;3.3
01;2021-03-27;1310;159;57813;21603;8.8;3.3
01;2021-03-28;22;1;57835;21604;8.8;3.3
01;2021-03-29;1930;546;59765;22150;9.1;3.4
01;2021-03-30;2514;761;62279;22911;9.5;3.5
01;2021-03-31;1868;629;64147;23540;9.8;3.6
01;2021-04-01;2570;857;66717;24397;10.2;3.7
01;2021-04-02;2814;724;69531;25121;10.6;3.8
01;2021-04-03;1256;132;70787;25253;10.8;3.8
01;2021-04-04;2;0;70789;25253;10.8;3.8
01;2021-04-05;1261;63;72050;25316;11.0;3.9
01;2021-04-06;2821;791;74871;26107;11.4;4.0
01;2021-04-07;2739;707;77610;26814;11.8;4.1
01;2021-04-08;3241;999;80851;27813;12.3;4.2
01;2021-04-09;3989;1332;84840;29145;12.9;4.4
01;2021-04-10;1824;303;86664;29448;13.2;4.5
01;2021-04-11;44;22;86708;29470;13.2;4.5
01;2021-04-12;2716;1223;89424;30693;13.6;4.7
01;2021-04-13;2941;1320;92365;32013;14.1;4.9
01;2021-04-14;3127;1079;95492;33092;14.5;5.0
01;2021-04-15;3073;1477;98565;34569;15.0;5.3
01;2021-04-16;2861;1576;101426;36145;15.4;5.5
01;2021-04-17;1654;681;103080;36826;15.7;5.6
01;2021-04-18;13;0;103093;36826;15.7;5.6
01;2021-04-19;2039;1518;105132;38344;16.0;5.8
01;2021-04-20;2663;1572;107795;39916;16.4;6.1
01;2021-04-21;2686;1349;110481;41265;16.8;6.3
01;2021-04-22;2835;1531;113316;42796;17.2;6.5
01;2021-04-23;2764;1530;116080;44326;17.7;6.7
01;2021-04-24;1447;652;117527;44978;17.9;6.8
01;2021-04-25;9;0;117536;44978;17.9;6.8
01;2021-04-26;1970;1730;119506;46708;18.2;7.1
01;2021-04-27;2574;1557;122080;48265;18.6;7.3
01;2021-04-28;2500;1572;124580;49837;19.0;7.6
01;2021-04-29;2716;1773;127296;51610;19.4;7.9
01;2021-04-30;2983;2250;130279;53860;19.8;8.2
01;2021-05-01;1472;856;131751;54716;20.1;8.3
01;2021-05-02;546;76;132297;54792;20.1;8.3
01;2021-05-03;2293;2480;134590;57272;20.5;8.7
01;2021-05-04;2541;2645;137131;59917;20.9;9.1
01;2021-05-05;2529;2503;139660;62420;21.3;9.5
01;2021-05-06;2996;2529;142656;64949;21.7;9.9
01;2021-05-07;3217;2781;145873;67730;22.2;10.3
01;2021-05-08;1646;922;147519;68652;22.5;10.5
01;2021-05-09;1023;162;148542;68814;22.6;10.5
01;2021-05-10;2501;3074;151043;71888;23.0;10.9
01;2021-05-11;3581;3064;154624;74952;23.5;11.4
01;2021-05-12;3650;3001;158274;77953;24.1;11.9
01;2021-05-13;4086;1502;162360;79455;24.7;12.1
01;2021-05-14;4270;2345;166630;81800;25.4;12.5
01;2021-05-15;3157;1436;169787;83236;25.8;12.7
01;2021-05-16;1413;150;171200;83386;26.1;12.7
01;2021-05-17;3446;2468;174646;85854;26.6;13.1
01;2021-05-18;4075;1962;178721;87816;27.2;13.4
01;2021-05-19;3974;1905;182695;89721;27.8;13.7
01;2021-05-20;4529;2017;187224;91738;28.5;14.0
01;2021-05-21;4620;2198;191844;93936;29.2;14.3
01;2021-05-22;3369;957;195213;94893;29.7;14.4
01;2021-05-23;834;82;196047;94975;29.8;14.5
01;2021-05-24;2765;500;198812;95475;30.3;14.5
01;2021-05-25;3558;2430;202370;97905;30.8;14.9
01;2021-05-26;3571;2250;205941;100155;31.3;15.2
01;2021-05-27;3853;2099;209794;102254;31.9;15.6
01;2021-05-28;3665;2638;213459;104892;32.5;16.0
01;2021-05-29;3060;1303;216519;106195;33.0;16.2
01;2021-05-30;613;88;217132;106283;33.1;16.2
01;2021-05-31;2405;2517;219537;108800;33.4;16.6
01;2021-06-01;2767;2588;222304;111388;33.8;17.0
01;2021-06-02;2882;2202;225186;113590;34.3;17.3
01;2021-06-03;3364;2435;228550;116025;34.8;17.7
01;2021-06-04;4499;3362;233049;119387;35.5;18.2
01;2021-06-05;3253;1726;236302;121113;36.0;18.4
01;2021-06-06;670;78;236972;121191;36.1;18.4
01;2021-06-07;3389;2873;240361;124064;36.6;18.9
01;2021-06-08;3649;2711;244010;126775;37.1;19.3
01;2021-06-09;2947;2638;246957;129413;37.6;19.7
01;2021-06-10;2765;2042;249722;131455;38.0;20.0
01;2021-06-11;3069;3368;252791;134823;38.5;20.5
01;2021-06-12;2404;2199;255195;137022;38.8;20.9
01;2021-06-13;200;479;255395;137501;38.9;20.9
01;2021-06-14;2122;3166;257517;140667;39.2;21.4
01;2021-06-15;2004;3362;259521;144029;39.5;21.9
01;2021-06-16;2179;3289;261700;147318;39.8;22.4
01;2021-06-17;1957;3173;263657;150491;40.1;22.9
01;2021-06-18;2645;4163;266302;154654;40.5;23.5
01;2021-06-19;1727;2555;268029;157209;40.8;23.9
01;2021-06-20;159;497;268188;157706;40.8;24.0
01;2021-06-21;1800;3705;269988;161411;41.1;24.6
01;2021-06-22;1549;3997;271537;165408;41.3;25.2
01;2021-06-23;1585;3755;273122;169163;41.6;25.7
01;2021-06-24;1471;3566;274593;172729;41.8;26.3
01;2021-06-25;1889;4563;276482;177292;42.1;27.0
01;2021-06-26;1210;2946;277692;180238;42.3;27.4
01;2021-06-27;170;339;277862;180577;42.3;27.5
01;2021-06-28;1384;4026;279246;184603;42.5;28.1
01;2021-06-29;1411;3851;280657;188454;42.7;28.7
01;2021-06-30;1378;4159;282035;192613;42.9;29.3
01;2021-07-01;1432;4092;283467;196705;43.1;29.9
01;2021-07-02;1588;4987;285055;201692;43.4;30.7
01;2021-07-03;858;3377;285913;205069;43.5;31.2
01;2021-07-04;105;499;286018;205568;43.5;31.3
01;2021-07-05;1488;4084;287506;209652;43.8;31.9
01;2021-07-06;1105;4277;288611;213929;43.9;32.6
01;2021-07-07;1755;3699;290366;217628;44.2;33.1
01;2021-07-08;1472;3674;291838;221302;44.4;33.7
01;2021-07-09;1885;4362;293723;225664;44.7;34.3
01;2021-07-10;1120;3439;294843;229103;44.9;34.9
01;2021-07-11;105;418;294948;229521;44.9;34.9
01;2021-07-12;1421;3840;296369;233361;45.1;35.5
01;2021-07-13;2058;4116;298427;237477;45.4;36.1
01;2021-07-14;148;180;298575;237657;45.4;36.2
01;2021-07-15;3086;4193;301661;241850;45.9;36.8
01;2021-07-16;3746;4839;305407;246689;46.5;37.6
01;2021-07-17;2202;3049;307609;249738;46.8;38.0
01;2021-07-18;289;551;307898;250289;46.9;38.1
01;2021-07-19;2915;3869;310813;254158;47.3;38.7
01;2021-07-20;3297;3688;314110;257846;47.8;39.2
01;2021-07-21;3934;3561;318044;261407;48.4;39.8
01;2021-07-22;4217;3492;322261;264899;49.1;40.3
01;2021-07-23;3939;4213;326200;269112;49.7;41.0
01;2021-07-24;2729;2714;328929;271826;50.1;41.4
01;2021-07-25;59;59;328988;271885;50.1;41.4
01;2021-07-26;3347;3239;332335;275124;50.6;41.9
01;2021-07-27;4094;2788;336429;277912;51.2;42.3
01;2021-07-28;3983;2651;340412;280563;51.8;42.7
01;2021-07-29;4696;2435;345108;282998;52.5;43.1
01;2021-07-30;4452;3432;349560;286430;53.2;43.6
01;2021-07-31;3641;1778;353201;288208;53.8;43.9
01;2021-08-01;396;74;353597;288282;53.8;43.9
01;2021-08-02;3063;2455;356660;290737;54.3;44.3
01;2021-08-03;3062;2453;359722;293190;54.8;44.6
01;2021-08-04;2537;1731;362259;294921;55.1;44.9
01;2021-08-05;2240;2361;364499;297282;55.5;45.3
01;2021-08-06;2747;3113;367246;300395;55.9;45.7
01;2021-08-07;2053;1836;369299;302231;56.2;46.0
01;2021-08-08;244;260;369543;302491;56.3;46.0
01;2021-08-09;1126;2636;370669;305127;56.4;46.4
01;2021-08-10;1433;2416;372102;307543;56.6;46.8
01;2021-08-11;1458;2595;373560;310138;56.9;47.2
01;2021-08-12;1608;2819;375168;312957;57.1;47.6
01;2021-08-13;1797;2719;376965;315676;57.4;48.1
01;2021-08-14;1381;2232;378346;317908;57.6;48.4
01;2021-08-15;11;21;378357;317929;57.6;48.4
01;2021-08-16;973;3009;379330;320938;57.7;48.9
01;2021-08-17;1343;2756;380673;323694;57.9;49.3
01;2021-08-18;1248;2905;381921;326599;58.1;49.7
01;2021-08-19;1292;2421;383213;329020;58.3;50.1
01;2021-08-20;1450;3952;384663;332972;58.6;50.7
01;2021-08-21;881;2845;385544;335817;58.7;51.1
01;2021-08-22;18;20;385562;335837;58.7;51.1
01;2021-08-23;1113;3018;386675;338855;58.9;51.6
01;2021-08-24;1222;3144;387897;341999;59.0;52.1
01;2021-08-25;1122;2986;389019;344985;59.2;52.5
01;2021-08-26;1639;2726;390658;347711;59.5;52.9
01;2021-08-27;1634;3642;392292;351353;59.7;53.5
01;2021-08-28;1039;2583;393331;353936;59.9;53.9
01;2021-08-29;16;31;393347;353967;59.9;53.9
01;2021-08-30;1107;2705;394454;356672;60.0;54.3
02;2020-12-27;0;0;0;0;0.0;0.0
02;2020-12-28;0;0;0;0;0.0;0.0
02;2020-12-29;0;0;0;0;0.0;0.0
02;2020-12-30;0;0;0;0;0.0;0.0
02;2020-12-31;0;0;0;0;0.0;0.0
02;2021-01-01;0;0;0;0;0.0;0.0
02;2021-01-02;0;0;0;0;0.0;0.0
02;2021-01-03;0;0;0;0;0.0;0.0
02;2021-01-04;0;0;0;0;0.0;0.0
02;2021-01-05;0;0;0;0;0.0;0.0
02;2021-01-06;22;0;22;0;0.0;0.0
02;2021-01-07;261;2;283;2;0.1;0.0
02;2021-01-08;489;3;772;5;0.1;0.0
02;2021-01-09;74;0;846;5;0.2;0.0
02;2021-01-10;49;0;895;5;0.2;0.0
02;2021-01-11;267;0;1162;5;0.2;0.0
02;2021-01-12;355;1;1517;6;0.3;0.0
02;2021-01-13;468;4;1985;10;0.4;0.0
02;2021-01-14;651;11;2636;21;0.5;0.0
02;2021-01-15;631;7;3267;28;0.6;0.0
02;2021-01-16;333;4;3600;32;0.7;0.0
02;2021-01-17;62;0;3662;32;0.7;0.0
02;2021-01-18;811;8;4473;40;0.9;0.0
02;2021-01-19;942;5;5415;45;1.0;0.0
02;2021-01-20;1430;5;6845;50;1.3;0.0
02;2021-01-21;2601;6;9446;56;1.8;0.0
02;2021-01-22;1421;5;10867;61;2.1;0.0
02;2021-01-23;291;1;11158;62;2.1;0.0
02;2021-01-24;67;0;11225;62;2.1;0.0
02;2021-01-25;432;10;11657;72;2.2;0.0
02;2021-01-26;704;14;12361;86;2.3;0.0
02;2021-01-27;161;2;12522;88;2.4;0.0
02;2021-01-28;69;246;12591;334;2.4;0.1
02;2021-01-29;119;418;12710;752;2.4;0.1
02;2021-01-30;4;14;12714;766;2.4;0.1
02;2021-01-31;0;10;12714;776;2.4;0.1
02;2021-02-01;11;211;12725;987;2.4;0.2
02;2021-02-02;45;330;12770;1317;2.4;0.3
02;2021-02-03;124;337;12894;1654;2.5;0.3
02;2021-02-04;227;357;13121;2011;2.5;0.4
02;2021-02-05;178;414;13299;2425;2.5;0.5
02;2021-02-06;66;175;13365;2600;2.5;0.5
02;2021-02-07;9;0;13374;2600;2.5;0.5
02;2021-02-08;305;433;13679;3033;2.6;0.6
02;2021-02-09;322;677;14001;3710;2.7;0.7
02;2021-02-10;485;1040;14486;4750;2.8;0.9
02;2021-02-11;937;1864;15423;6614;2.9;1.3
02;2021-02-12;885;1120;16308;7734;3.1;1.5
02;2021-02-13;290;129;16598;7863;3.2;1.5
02;2021-02-14;1;5;16599;7868;3.2;1.5
02;2021-02-15;344;679;16943;8547;3.2;1.6
02;2021-02-16;413;557;17356;9104;3.3;1.7
02;2021-02-17;498;627;17854;9731;3.4;1.8
02;2021-02-18;507;442;18361;10173;3.5;1.9
02;2021-02-19;444;565;18805;10738;3.6;2.0
02;2021-02-20;372;230;19177;10968;3.6;2.1
02;2021-02-21;39;17;19216;10985;3.7;2.1
02;2021-02-22;377;317;19593;11302;3.7;2.1
02;2021-02-23;432;359;20025;11661;3.8;2.2
02;2021-02-24;600;146;20625;11807;3.9;2.2
02;2021-02-25;870;136;21495;11943;4.1;2.3
02;2021-02-26;808;73;22303;12016;4.2;2.3
02;2021-02-27;445;14;22748;12030;4.3;2.3
02;2021-02-28;55;2;22803;12032;4.3;2.3
02;2021-03-01;638;24;23441;12056;4.5;2.3
02;2021-03-02;1032;126;24473;12182;4.7;2.3
02;2021-03-03;754;205;25227;12387;4.8;2.4
02;2021-03-04;1162;652;26389;13039;5.0;2.5
02;2021-03-05;1049;508;27438;13547;5.2;2.6
02;2021-03-06;2139;99;29577;13646;5.6;2.6
02;2021-03-07;1504;49;31081;13695;5.9;2.6
02;2021-03-08;573;369;31654;14064;6.0;2.7
02;2021-03-09;998;402;32652;14466;6.2;2.7
02;2021-03-10;895;473;33547;14939;6.4;2.8
02;2021-03-11;1293;391;34840;15330;6.6;2.9
02;2021-03-12;1705;417;36545;15747;6.9;3.0
02;2021-03-13;2592;238;39137;15985;7.4;3.0
02;2021-03-14;1457;43;40594;16028;7.7;3.0
02;2021-03-15;612;456;41206;16484;7.8;3.1
02;2021-03-16;863;402;42069;16886;8.0;3.2
02;2021-03-17;759;453;42828;17339;8.1;3.3
02;2021-03-18;608;618;43436;17957;8.3;3.4
02;2021-03-19;1172;301;44608;18258;8.5;3.5
02;2021-03-20;2430;159;47038;18417;8.9;3.5
02;2021-03-21;1488;81;48526;18498;9.2;3.5
02;2021-03-22;762;498;49288;18996;9.4;3.6
02;2021-03-23;1194;550;50482;19546;9.6;3.7
02;2021-03-24;1582;503;52064;20049;9.9;3.8
02;2021-03-25;1694;597;53758;20646;10.2;3.9
02;2021-03-26;2412;492;56170;21138;10.7;4.0
02;2021-03-27;2495;131;58665;21269;11.2;4.0
02;2021-03-28;638;14;59303;21283;11.3;4.0
02;2021-03-29;1038;861;60341;22144;11.5;4.2
02;2021-03-30;1554;845;61895;22989;11.8;4.4
02;2021-03-31;1299;717;63194;23706;12.0;4.5
02;2021-04-01;1290;862;64484;24568;12.3;4.7
02;2021-04-02;1184;1230;65668;25798;12.5;4.9
02;2021-04-03;2647;852;68315;26650;13.0;5.1
02;2021-04-04;727;239;69042;26889;13.1;5.1
02;2021-04-05;1509;133;70551;27022;13.4;5.1
02;2021-04-06;1540;855;72091;27877;13.7;5.3
02;2021-04-07;1871;778;73962;28655;14.1;5.4
02;2021-04-08;1918;1106;75880;29761;14.4;5.7
02;2021-04-09;2433;1092;78313;30853;14.9;5.9
02;2021-04-10;2430;1212;80743;32065;15.3;6.1
02;2021-04-11;476;418;81219;32483;15.4;6.2
02;2021-04-12;1824;631;83043;33114;15.8;6.3
02;2021-04-13;1601;927;84644;34041;16.1;6.5
02;2021-04-14;2584;974;87228;35015;16.6;6.7
02;2021-04-15;2497;777;89725;35792;17.1;6.8
02;2021-04-16;2439;1129;92164;36921;17.5;7.0
02;2021-04-17;1890;2146;94054;39067;17.9;7.4
02;2021-04-18;270;814;94324;39881;17.9;7.6
02;2021-04-19;1158;633;95482;40514;18.2;7.7
02;2021-04-20;1676;766;97158;41280;18.5;7.8
02;2021-04-21;1550;993;98708;42273;18.8;8.0
02;2021-04-22;1748;704;100456;42977;19.1;8.2
02;2021-04-23;1930;1415;102386;44392;19.5;8.4
02;2021-04-24;1714;1643;104100;46035;19.8;8.8
02;2021-04-25;462;235;104562;46270;19.9;8.8
02;2021-04-26;1339;563;105901;46833;20.1;8.9
02;2021-04-27;1627;1096;107528;47929;20.4;9.1
02;2021-04-28;1592;1439;109120;49368;20.7;9.4
02;2021-04-29;1885;1178;111005;50546;21.1;9.6
02;2021-04-30;2716;1656;113721;52202;21.6;9.9
02;2021-05-01;1991;1233;115712;53435;22.0;10.2
02;2021-05-02;1982;418;117694;53853;22.4;10.2
02;2021-05-03;2225;985;119919;54838;22.8;10.4
02;2021-05-04;1523;1318;121442;56156;23.1;10.7
02;2021-05-05;2330;1842;123772;57998;23.5;11.0
02;2021-05-06;2123;1738;125895;59736;23.9;11.4
02;2021-05-07;2357;2173;128252;61909;24.4;11.8
02;2021-05-08;2920;950;131172;62859;24.9;11.9
02;2021-05-09;1822;423;132994;63282;25.3;12.0
02;2021-05-10;2375;1482;135369;64764;25.7;12.3
02;2021-05-11;2878;1575;138247;66339;26.3;12.6
02;2021-05-12;2674;1626;140921;67965;26.8;12.9
02;2021-05-13;2991;1039;143912;69004;27.4;13.1
02;2021-05-14;3380;1206;147292;70210;28.0;13.3
02;2021-05-15;4374;1091;151666;71301;28.8;13.6
02;2021-05-16;2799;213;154465;71514;29.4;13.6
02;2021-05-17;2147;664;156612;72178;29.8;13.7
02;2021-05-18;2635;977;159247;73155;30.3;13.9
02;2021-05-19;2852;999;162099;74154;30.8;14.1
02;2021-05-20;3552;1231;165651;75385;31.5;14.3
02;2021-05-21;3819;1069;169470;76454;32.2;14.5
02;2021-05-22;5848;967;175318;77421;33.3;14.7
02;2021-05-23;2659;239;177977;77660;33.8;14.8
02;2021-05-24;3541;542;181518;78202;34.5;14.9
02;2021-05-25;2260;1164;183778;79366;34.9;15.1
02;2021-05-26;3080;1498;186858;80864;35.5;15.4
02;2021-05-27;3651;1491;190509;82355;36.2;15.7
02;2021-05-28;3514;1588;194023;83943;36.9;16.0
02;2021-05-29;4081;1574;198104;85517;37.7;16.3
02;2021-05-30;1449;187;199553;85704;37.9;16.3
02;2021-05-31;2575;1194;202128;86898;38.4;16.5
02;2021-06-01;2869;1872;204997;88770;39.0;16.9
02;2021-06-02;3161;1653;208158;90423;39.6;17.2
02;2021-06-03;2858;1837;211016;92260;40.1;17.5
02;2021-06-04;3142;2061;214158;94321;40.7;17.9
02;2021-06-05;3441;1734;217599;96055;41.4;18.3
02;2021-06-06;1738;258;219337;96313;41.7;18.3
02;2021-06-07;1613;1500;220950;97813;42.0;18.6
02;2021-06-08;2063;1851;223013;99664;42.4;18.9
02;2021-06-09;2057;1650;225070;101314;42.8;19.3
02;2021-06-10;2013;1838;227083;103152;43.2;19.6
02;2021-06-11;2195;3069;229278;106221;43.6;20.2
02;2021-06-12;2312;2597;231590;108818;44.0;20.7
02;2021-06-13;684;1387;232274;110205;44.2;20.9
02;2021-06-14;1049;2393;233323;112598;44.4;21.4
02;2021-06-15;1519;2464;234842;115062;44.6;21.9
02;2021-06-16;1534;2750;236376;117812;44.9;22.4
02;2021-06-17;1782;2860;238158;120672;45.3;22.9
02;2021-06-18;2312;3572;240470;124244;45.7;23.6
02;2021-06-19;1841;3820;242311;128064;46.1;24.3
02;2021-06-20;644;1522;242955;129586;46.2;24.6
02;2021-06-21;807;3195;243762;132781;46.3;25.2
02;2021-06-22;1155;3668;244917;136449;46.6;25.9
02;2021-06-23;1227;3588;246144;140037;46.8;26.6
02;2021-06-24;1327;3150;247471;143187;47.0;27.2
02;2021-06-25;1399;4545;248870;147732;47.3;28.1
02;2021-06-26;1346;4226;250216;151958;47.6;28.9
02;2021-06-27;600;2334;250816;154292;47.7;29.3
02;2021-06-28;877;3021;251693;157313;47.8;29.9
02;2021-06-29;919;2929;252612;160242;48.0;30.5
02;2021-06-30;1510;3162;254122;163404;48.3;31.1
02;2021-07-01;1196;3592;255318;166996;48.5;31.7
02;2021-07-02;1360;5137;256678;172133;48.8;32.7
02;2021-07-03;998;5989;257676;178122;49.0;33.9
02;2021-07-04;509;2367;258185;180489;49.1;34.3
02;2021-07-05;661;3937;258846;184426;49.2;35.1
02;2021-07-06;673;3047;259519;187473;49.3;35.6
02;2021-07-07;1322;3724;260841;191197;49.6;36.3
02;2021-07-08;1394;3874;262235;195071;49.8;37.1
02;2021-07-09;1281;4218;263516;199289;50.1;37.9
02;2021-07-10;1332;4609;264848;203898;50.3;38.8
02;2021-07-11;481;1968;265329;205866;50.4;39.1
02;2021-07-12;1416;3730;266745;209596;50.7;39.8
02;2021-07-13;2067;3661;268812;213257;51.1;40.5
02;2021-07-14;1755;1599;270567;214856;51.4;40.8
02;2021-07-15;2725;3559;273292;218415;52.0;41.5
02;2021-07-16;3166;4220;276458;222635;52.6;42.3
02;2021-07-17;3561;4227;280019;226862;53.2;43.1
02;2021-07-18;2038;1615;282057;228477;53.6;43.4
02;2021-07-19;3440;3040;285497;231517;54.3;44.0
02;2021-07-20;3500;3302;288997;234819;54.9;44.6
02;2021-07-21;3910;2952;292907;237771;55.7;45.2
02;2021-07-22;3319;2805;296226;240576;56.3;45.7
02;2021-07-23;3205;3561;299431;244137;56.9;46.4
02;2021-07-24;4448;3722;303879;247859;57.8;47.1
02;2021-07-25;2191;1088;306070;248947;58.2;47.3
02;2021-07-26;3878;2249;309948;251196;58.9;47.8
02;2021-07-27;3658;2148;313606;253344;59.6;48.2
02;2021-07-28;3282;2093;316888;255437;60.2;48.6
02;2021-07-29;2582;2219;319470;257656;60.7;49.0
02;2021-07-30;3314;2311;322784;259967;61.4;49.4
02;2021-07-31;4179;2277;326963;262244;62.2;49.9
02;2021-08-01;1473;691;328436;262935;62.4;50.0
02;2021-08-02;2035;1602;330471;264537;62.8;50.3
02;2021-08-03;2530;1902;333001;266439;63.3;50.6
02;2021-08-04;2558;1705;335559;268144;63.8;51.0
02;2021-08-05;1849;2268;337408;270412;64.1;51.4
02;2021-08-06;2092;2745;339500;273157;64.5;51.9
02;2021-08-07;2515;2783;342015;275940;65.0;52.5
02;2021-08-08;1025;1572;343040;277512;65.2;52.8
02;2021-08-09;1896;2746;344936;280258;65.6;53.3
02;2021-08-10;1758;2459;346694;282717;65.9;53.7
02;2021-08-11;1475;2109;348169;284826;66.2;54.1
02;2021-08-12;1206;2333;349375;287159;66.4;54.6
02;2021-08-13;1609;2909;350984;290068;66.7;55.1
02;2021-08-14;1647;3690;352631;293758;67.0;55.8
02;2021-08-15;161;572;352792;294330;67.1;56.0
02;2021-08-16;1269;3760;354061;298090;67.3;56.7
02;2021-08-17;1417;2835;355478;300925;67.6;57.2
02;2021-08-18;1573;3181;357051;304106;67.9;57.8
02;2021-08-19;1134;3217;358185;307323;68.1;58.4
02;2021-08-20;1187;2946;359372;310269;68.3;59.0
02;2021-08-21;1442;4080;360814;314349;68.6;59.8
02;2021-08-22;406;1654;361220;316003;68.7;60.1
02;2021-08-23;1151;3074;362371;319077;68.9;60.7
02;2021-08-24;902;2182;363273;321259;69.1;61.1
02;2021-08-25;1019;2592;364292;323851;69.3;61.6
02;2021-08-26;904;2330;365196;326181;69.4;62.0
02;2021-08-27;963;2613;366159;328794;69.6;62.5
02;2021-08-28;1295;3414;367454;332208;69.9;63.2
02;2021-08-29;328;1169;367782;333377;69.9;63.4
02;2021-08-30;971;2460;368753;335837;70.1;63.8
03;2020-12-27;0;0;0;0;0.0;0.0
03;2020-12-28;1;0;1;0;0.0;0.0
03;2020-12-29;0;0;1;0;0.0;0.0
03;2020-12-30;1;0;2;0;0.0;0.0
03;2020-12-31;0;0;2;0;0.0;0.0
03;2021-01-01;0;0;2;0;0.0;0.0
03;2021-01-02;0;0;2;0;0.0;0.0
03;2021-01-03;0;0;2;0;0.0;0.0
03;2021-01-04;0;0;2;0;0.0;0.0
03;2021-01-05;0;0;2;0;0.0;0.0
03;2021-01-06;10;0;12;0;0.0;0.0
03;2021-01-07;61;0;73;0;0.0;0.0
03;2021-01-08;146;1;219;1;0.1;0.0
03;2021-01-09;122;0;341;1;0.1;0.0
03;2021-01-10;6;0;347;1;0.1;0.0
03;2021-01-11;412;1;759;2;0.2;0.0
03;2021-01-12;631;0;1390;2;0.4;0.0
03;2021-01-13;669;2;2059;4;0.6;0.0
03;2021-01-14;861;4;2920;8;0.9;0.0
03;2021-01-15;387;3;3307;11;1.0;0.0
03;2021-01-16;278;0;3585;11;1.1;0.0
03;2021-01-17;42;0;3627;11;1.1;0.0
03;2021-01-18;878;0;4505;11;1.4;0.0
03;2021-01-19;1149;1;5654;12;1.7;0.0
03;2021-01-20;1291;4;6945;16;2.1;0.0
03;2021-01-21;1201;5;8146;21;2.5;0.0
03;2021-01-22;1116;4;9262;25;2.8;0.0
03;2021-01-23;466;0;9728;25;2.9;0.0
03;2021-01-24;0;0;9728;25;2.9;0.0
03;2021-01-25;187;0;9915;25;3.0;0.0
03;2021-01-26;679;14;10594;39;3.2;0.0
03;2021-01-27;695;11;11289;50;3.4;0.0
03;2021-01-28;1020;48;12309;98;3.7;0.0
03;2021-01-29;856;81;13165;179;4.0;0.1
03;2021-01-30;600;2;13765;181;4.2;0.1
03;2021-01-31;0;0;13765;181;4.2;0.1
03;2021-02-01;160;76;13925;257;4.2;0.1
03;2021-02-02;767;268;14692;525;4.4;0.2
03;2021-02-03;1056;492;15748;1017;4.8;0.3
03;2021-02-04;1549;634;17297;1651;5.2;0.5
03;2021-02-05;947;317;18244;1968;5.5;0.6
03;2021-02-06;152;13;18396;1981;5.6;0.6
03;2021-02-07;5;0;18401;1981;5.6;0.6
03;2021-02-08;128;56;18529;2037;5.6;0.6
03;2021-02-09;612;448;19141;2485;5.8;0.8
03;2021-02-10;485;344;19626;2829;5.9;0.9
03;2021-02-11;1026;584;20652;3413;6.2;1.0
03;2021-02-12;1075;548;21727;3961;6.6;1.2
03;2021-02-13;126;167;21853;4128;6.6;1.2
03;2021-02-14;0;1;21853;4129;6.6;1.2
03;2021-02-15;309;862;22162;4991;6.7;1.5
03;2021-02-16;547;1167;22709;6158;6.9;1.9
03;2021-02-17;453;1357;23162;7515;7.0;2.3
03;2021-02-18;368;1268;23530;8783;7.1;2.7
03;2021-02-19;496;793;24026;9576;7.3;2.9
03;2021-02-20;128;183;24154;9759;7.3;2.9
03;2021-02-21;2;1;24156;9760;7.3;2.9
03;2021-02-22;158;202;24314;9962;7.3;3.0
03;2021-02-23;721;948;25035;10910;7.6;3.3
03;2021-02-24;609;1022;25644;11932;7.7;3.6
03;2021-02-25;1089;1830;26733;13762;8.1;4.2
03;2021-02-26;821;1373;27554;15135;8.3;4.6
03;2021-02-27;96;257;27650;15392;8.3;4.6
03;2021-02-28;0;15;27650;15407;8.3;4.7
03;2021-03-01;178;240;27828;15647;8.4;4.7
03;2021-03-02;818;661;28646;16308;8.6;4.9
03;2021-03-03;894;450;29540;16758;8.9;5.1
03;2021-03-04;1535;584;31075;17342;9.4;5.2
03;2021-03-05;1121;734;32196;18076;9.7;5.5
03;2021-03-06;915;112;33111;18188;10.0;5.5
03;2021-03-07;2;0;33113;18188;10.0;5.5
03;2021-03-08;239;244;33352;18432;10.1;5.6
03;2021-03-09;1016;439;34368;18871;10.4;5.7
03;2021-03-10;941;549;35309;19420;10.7;5.9
03;2021-03-11;1677;655;36986;20075;11.2;6.1
03;2021-03-12;1302;866;38288;20941;11.6;6.3
03;2021-03-13;863;113;39151;21054;11.8;6.4
03;2021-03-14;2;9;39153;21063;11.8;6.4
03;2021-03-15;250;200;39403;21263;11.9;6.4
03;2021-03-16;650;405;40053;21668;12.1;6.5
03;2021-03-17;1302;443;41355;22111;12.5;6.7
03;2021-03-18;1720;393;43075;22504;13.0;6.8
03;2021-03-19;1729;365;44804;22869;13.5;6.9
03;2021-03-20;301;26;45105;22895;13.6;6.9
03;2021-03-21;1;0;45106;22895;13.6;6.9
03;2021-03-22;222;397;45328;23292;13.7;7.0
03;2021-03-23;1355;354;46683;23646;14.1;7.1
03;2021-03-24;1824;349;48507;23995;14.6;7.2
03;2021-03-25;2368;565;50875;24560;15.4;7.4
03;2021-03-26;2238;446;53113;25006;16.0;7.5
03;2021-03-27;817;21;53930;25027;16.3;7.6
03;2021-03-28;1;39;53931;25066;16.3;7.6
03;2021-03-29;659;176;54590;25242;16.5;7.6
03;2021-03-30;1907;447;56497;25689;17.1;7.8
03;2021-03-31;1014;985;57511;26674;17.4;8.1
03;2021-04-01;1355;1095;58866;27769;17.8;8.4
03;2021-04-02;1705;614;60571;28383;18.3;8.6
03;2021-04-03;366;97;60937;28480;18.4;8.6
03;2021-04-04;3;0;60940;28480;18.4;8.6
03;2021-04-05;18;14;60958;28494;18.4;8.6
03;2021-04-06;1073;413;62031;28907;18.7;8.7
03;2021-04-07;1562;522;63593;29429;19.2;8.9
03;2021-04-08;2121;482;65714;29911;19.8;9.0
03;2021-04-09;2057;1161;67771;31072;20.5;9.4
03;2021-04-10;1013;73;68784;31145;20.8;9.4
03;2021-04-11;478;9;69262;31154;20.9;9.4
03;2021-04-12;985;226;70247;31380;21.2;9.5
03;2021-04-13;1873;986;72120;32366;21.8;9.8
03;2021-04-14;2337;1221;74457;33587;22.5;10.1
03;2021-04-15;2621;1400;77078;34987;23.3;10.6
03;2021-04-16;2835;1176;79913;36163;24.1;10.9
03;2021-04-17;1082;441;80995;36604;24.4;11.0
03;2021-04-18;0;0;80995;36604;24.4;11.0
03;2021-04-19;1191;588;82186;37192;24.8;11.2
03;2021-04-20;1748;1276;83934;38468;25.3;11.6
03;2021-04-21;1122;1295;85056;39763;25.7;12.0
03;2021-04-22;1673;996;86729;40759;26.2;12.3
03;2021-04-23;2479;1267;89208;42026;26.9;12.7
03;2021-04-24;1301;922;90509;42948;27.3;13.0
03;2021-04-25;350;16;90859;42964;27.4;13.0
03;2021-04-26;1331;464;92190;43428;27.8;13.1
03;2021-04-27;1767;1524;93957;44952;28.4;13.6
03;2021-04-28;1930;1123;95887;46075;28.9;13.9
03;2021-04-29;2371;1245;98258;47320;29.7;14.3
03;2021-04-30;1931;807;100189;48127;30.2;14.5
03;2021-05-01;437;492;100626;48619;30.4;14.7
03;2021-05-02;2;1;100628;48620;30.4;14.7
03;2021-05-03;1912;774;102540;49394;30.9;14.9
03;2021-05-04;2845;1632;105385;51026;31.8;15.4
03;2021-05-05;2603;1321;107988;52347;32.6;15.8
03;2021-05-06;3097;2011;111085;54358;33.5;16.4
03;2021-05-07;4729;1792;115814;56150;35.0;16.9
03;2021-05-08;661;380;116475;56530;35.2;17.1
03;2021-05-09;49;511;116524;57041;35.2;17.2
03;2021-05-10;1892;1481;118416;58522;35.7;17.7
03;2021-05-11;3900;1839;122316;60361;36.9;18.2
03;2021-05-12;2971;1522;125287;61883;37.8;18.7
03;2021-05-13;4381;408;129668;62291;39.1;18.8
03;2021-05-14;3655;1696;133323;63987;40.2;19.3
03;2021-05-15;1942;491;135265;64478;40.8;19.5
03;2021-05-16;517;57;135782;64535;41.0;19.5
03;2021-05-17;1277;863;137059;65398;41.4;19.7
03;2021-05-18;3071;1502;140130;66900;42.3;20.2
03;2021-05-19;2623;967;142753;67867;43.1;20.5
03;2021-05-20;3336;1144;146089;69011;44.1;20.8
03;2021-05-21;4195;1286;150284;70297;45.4;21.2
03;2021-05-22;2012;359;152296;70656;46.0;21.3
03;2021-05-23;641;73;152937;70729;46.2;21.3
03;2021-05-24;2655;216;155592;70945;47.0;21.4
03;2021-05-25;3070;1691;158662;72636;47.9;21.9
03;2021-05-26;2337;1044;160999;73680;48.6;22.2
03;2021-05-27;2947;1127;163946;74807;49.5;22.6
03;2021-05-28;3845;2284;167791;77091;50.6;23.3
03;2021-05-29;1748;601;169539;77692;51.2;23.4
03;2021-05-30;242;23;169781;77715;51.2;23.5
03;2021-05-31;697;574;170478;78289;51.5;23.6
03;2021-06-01;2303;2344;172781;80633;52.2;24.3
03;2021-06-02;1535;1750;174316;82383;52.6;24.9
03;2021-06-03;2060;2753;176376;85136;53.2;25.7
03;2021-06-04;1699;2506;178075;87642;53.7;26.5
03;2021-06-05;1076;1142;179151;88784;54.1;26.8
03;2021-06-06;59;7;179210;88791;54.1;26.8
03;2021-06-07;785;1815;179995;90606;54.3;27.3
03;2021-06-08;1458;2556;181453;93162;54.8;28.1
03;2021-06-09;1268;1875;182721;95037;55.2;28.7
03;2021-06-10;1381;2124;184102;97161;55.6;29.3
03;2021-06-11;1504;3450;185606;100611;56.0;30.4
03;2021-06-12;831;823;186437;101434;56.3;30.6
03;2021-06-13;20;10;186457;101444;56.3;30.6
03;2021-06-14;381;2177;186838;103621;56.4;31.3
03;2021-06-15;1316;3836;188154;107457;56.8;32.4
03;2021-06-16;788;2888;188942;110345;57.0;33.3
03;2021-06-17;1083;3334;190025;113679;57.4;34.3
03;2021-06-18;1109;3979;191134;117658;57.7;35.5
03;2021-06-19;641;1618;191775;119276;57.9;36.0
03;2021-06-20;20;8;191795;119284;57.9;36.0
03;2021-06-21;462;2636;192257;121920;58.0;36.8
03;2021-06-22;1026;4004;193283;125924;58.3;38.0
03;2021-06-23;716;3285;193999;129209;58.6;39.0
03;2021-06-24;984;3863;194983;133072;58.9;40.2
03;2021-06-25;1019;3893;196002;136965;59.2;41.3
03;2021-06-26;513;2040;196515;139005;59.3;42.0
03;2021-06-27;65;486;196580;139491;59.3;42.1
03;2021-06-28;640;2101;197220;141592;59.5;42.7
03;2021-06-29;1029;3332;198249;144924;59.8;43.7
03;2021-06-30;831;3119;199080;148043;60.1;44.7
03;2021-07-01;986;2937;200066;150980;60.4;45.6
03;2021-07-02;920;4095;200986;155075;60.7;46.8
03;2021-07-03;487;1884;201473;156959;60.8;47.4
03;2021-07-04;19;332;201492;157291;60.8;47.5
03;2021-07-05;817;2379;202309;159670;61.1;48.2
03;2021-07-06;1171;3461;203480;163131;61.4;49.2
03;2021-07-07;805;2619;204285;165750;61.7;50.0
03;2021-07-08;1060;3042;205345;168792;62.0;50.9
03;2021-07-09;1470;3626;206815;172418;62.4;52.0
03;2021-07-10;510;1926;207325;174344;62.6;52.6
03;2021-07-11;61;492;207386;174836;62.6;52.8
03;2021-07-12;939;1149;208325;175985;62.9;53.1
03;2021-07-13;2613;3151;210938;179136;63.7;54.1
03;2021-07-14;195;25;211133;179161;63.7;54.1
03;2021-07-15;2613;2455;213746;181616;64.5;54.8
03;2021-07-16;2736;2277;216482;183893;65.3;55.5
03;2021-07-17;1030;1625;217512;185518;65.7;56.0
03;2021-07-18;31;6;217543;185524;65.7;56.0
03;2021-07-19;2392;1276;219935;186800;66.4;56.4
03;2021-07-20;3075;3033;223010;189833;67.3;57.3
03;2021-07-21;3212;1437;226222;191270;68.3;57.7
03;2021-07-22;2851;1886;229073;193156;69.1;58.3
03;2021-07-23;3205;1301;232278;194457;70.1;58.7
03;2021-07-24;588;581;232866;195038;70.3;58.9
03;2021-07-25;18;5;232884;195043;70.3;58.9
03;2021-07-26;2043;1580;234927;196623;70.9;59.3
03;2021-07-27;3322;2229;238249;198852;71.9;60.0
03;2021-07-28;2714;1116;240963;199968;72.7;60.4
03;2021-07-29;2545;1662;243508;201630;73.5;60.9
03;2021-07-30;2132;1450;245640;203080;74.1;61.3
03;2021-07-31;963;892;246603;203972;74.4;61.6
03;2021-08-01;13;20;246616;203992;74.4;61.6
03;2021-08-02;1678;1605;248294;205597;74.9;62.1
03;2021-08-03;2219;2779;250513;208376;75.6;62.9
03;2021-08-04;2190;887;252703;209263;76.3;63.2
03;2021-08-05;1262;1939;253965;211202;76.7;63.7
03;2021-08-06;1280;1024;255245;212226;77.0;64.1
03;2021-08-07;607;494;255852;212720;77.2;64.2
03;2021-08-08;66;29;255918;212749;77.2;64.2
03;2021-08-09;597;1305;256515;214054;77.4;64.6
03;2021-08-10;1659;3471;258174;217525;77.9;65.7
03;2021-08-11;1332;2530;259506;220055;78.3;66.4
03;2021-08-12;1132;3513;260638;223568;78.7;67.5
03;2021-08-13;686;1052;261324;224620;78.9;67.8
03;2021-08-14;379;567;261703;225187;79.0;68.0
03;2021-08-15;9;61;261712;225248;79.0;68.0
03;2021-08-16;713;2693;262425;227941;79.2;68.8
03;2021-08-17;1078;3222;263503;231163;79.5;69.8
03;2021-08-18;1157;2156;264660;233319;79.9;70.4
03;2021-08-19;1003;3049;265663;236368;80.2;71.3
03;2021-08-20;718;1137;266381;237505;80.4;71.7
03;2021-08-21;419;721;266800;238226;80.5;71.9
03;2021-08-22;8;6;266808;238232;80.5;71.9
03;2021-08-23;774;2285;267582;240517;80.8;72.6
03;2021-08-24;891;2409;268473;242926;81.0;73.3
03;2021-08-25;926;2024;269399;244950;81.3;73.9
03;2021-08-26;562;1433;269961;246383;81.5;74.4
03;2021-08-27;454;1577;270415;247960;81.6;74.8
03;2021-08-28;218;673;270633;248633;81.7;75.0
03;2021-08-29;4;0;270637;248633;81.7;75.0
03;2021-08-30;762;1463;271399;250096;81.9;75.5
04;2020-12-27;0;0;0;0;0.0;0.0
04;2020-12-28;1;0;1;0;0.0;0.0
04;2020-12-29;0;0;1;0;0.0;0.0
04;2020-12-30;0;0;1;0;0.0;0.0
04;2020-12-31;0;0;1;0;0.0;0.0
04;2021-01-01;0;0;1;0;0.0;0.0
04;2021-01-02;0;0;1;0;0.0;0.0
04;2021-01-03;0;0;1;0;0.0;0.0
04;2021-01-04;0;0;1;0;0.0;0.0
04;2021-01-05;4;0;5;0;0.0;0.0
04;2021-01-06;0;0;5;0;0.0;0.0
04;2021-01-07;61;0;66;0;0.0;0.0
04;2021-01-08;88;0;154;0;0.1;0.0
04;2021-01-09;57;0;211;0;0.1;0.0
04;2021-01-10;0;0;211;0;0.1;0.0
04;2021-01-11;77;0;288;0;0.2;0.0
04;2021-01-12;420;0;708;0;0.4;0.0
04;2021-01-13;245;1;953;1;0.6;0.0
04;2021-01-14;90;2;1043;3;0.6;0.0
04;2021-01-15;164;4;1207;7;0.7;0.0
04;2021-01-16;105;2;1312;9;0.8;0.0
04;2021-01-17;14;0;1326;9;0.8;0.0
04;2021-01-18;236;9;1562;18;0.9;0.0
04;2021-01-19;468;4;2030;22;1.2;0.0
04;2021-01-20;573;9;2603;31;1.6;0.0
04;2021-01-21;614;6;3217;37;1.9;0.0
04;2021-01-22;638;1;3855;38;2.3;0.0
04;2021-01-23;111;0;3966;38;2.4;0.0
04;2021-01-24;0;0;3966;38;2.4;0.0
04;2021-01-25;240;0;4206;38;2.5;0.0
04;2021-01-26;656;1;4862;39;2.9;0.0
04;2021-01-27;480;0;5342;39;3.2;0.0
04;2021-01-28;665;22;6007;61;3.6;0.0
04;2021-01-29;367;42;6374;103;3.9;0.1
04;2021-01-30;65;41;6439;144;3.9;0.1
04;2021-01-31;1;5;6440;149;3.9;0.1
04;2021-02-01;268;148;6708;297;4.1;0.2
04;2021-02-02;560;225;7268;522;4.4;0.3
04;2021-02-03;368;161;7636;683;4.6;0.4
04;2021-02-04;356;53;7992;736;4.8;0.4
04;2021-02-05;379;219;8371;955;5.1;0.6
04;2021-02-06;50;93;8421;1048;5.1;0.6
04;2021-02-07;2;22;8423;1070;5.1;0.6
04;2021-02-08;163;71;8586;1141;5.2;0.7
04;2021-02-09;194;143;8780;1284;5.3;0.8
04;2021-02-10;252;170;9032;1454;5.5;0.9
04;2021-02-11;364;291;9396;1745;5.7;1.1
04;2021-02-12;293;317;9689;2062;5.9;1.2
04;2021-02-13;26;94;9715;2156;5.9;1.3
04;2021-02-14;0;0;9715;2156;5.9;1.3
04;2021-02-15;31;164;9746;2320;5.9;1.4
04;2021-02-16;80;518;9826;2838;5.9;1.7
04;2021-02-17;67;432;9893;3270;6.0;2.0
04;2021-02-18;45;613;9938;3883;6.0;2.4
04;2021-02-19;52;372;9990;4255;6.0;2.6
04;2021-02-20;5;71;9995;4326;6.1;2.6
04;2021-02-21;0;0;9995;4326;6.1;2.6
04;2021-02-22;7;297;10002;4623;6.1;2.8
04;2021-02-23;19;595;10021;5218;6.1;3.2
04;2021-02-24;38;431;10059;5649;6.1;3.4
04;2021-02-25;72;377;10131;6026;6.1;3.6
04;2021-02-26;216;333;10347;6359;6.3;3.8
04;2021-02-27;179;75;10526;6434;6.4;3.9
04;2021-02-28;1;0;10527;6434;6.4;3.9
04;2021-03-01;18;74;10545;6508;6.4;3.9
04;2021-03-02;135;41;10680;6549;6.5;4.0
04;2021-03-03;375;645;11055;7194;6.7;4.4
04;2021-03-04;208;490;11263;7684;6.8;4.7
04;2021-03-05;236;357;11499;8041;7.0;4.9
04;2021-03-06;912;77;12411;8118;7.5;4.9
04;2021-03-07;498;24;12909;8142;7.8;4.9
04;2021-03-08;45;83;12954;8225;7.8;5.0
04;2021-03-09;215;257;13169;8482;8.0;5.1
04;2021-03-10;400;373;13569;8855;8.2;5.4
04;2021-03-11;495;341;14064;9196;8.5;5.6
04;2021-03-12;699;207;14763;9403;8.9;5.7
04;2021-03-13;1088;61;15851;9464;9.6;5.7
04;2021-03-14;460;3;16311;9467;9.9;5.7
04;2021-03-15;93;14;16404;9481;9.9;5.7
04;2021-03-16;74;9;16478;9490;10.0;5.7
04;2021-03-17;533;81;17011;9571;10.3;5.8
04;2021-03-18;815;25;17826;9596;10.8;5.8
04;2021-03-19;724;33;18550;9629;11.2;5.8
04;2021-03-20;159;3;18709;9632;11.3;5.8
04;2021-03-21;0;0;18709;9632;11.3;5.8
04;2021-03-22;105;13;18814;9645;11.4;5.8
04;2021-03-23;244;7;19058;9652;11.5;5.8
04;2021-03-24;1023;52;20081;9704;12.2;5.9
04;2021-03-25;1325;46;21406;9750;13.0;5.9
04;2021-03-26;1449;66;22855;9816;13.8;5.9
04;2021-03-27;266;20;23121;9836;14.0;6.0
04;2021-03-28;2;0;23123;9836;14.0;6.0
04;2021-03-29;681;13;23804;9849;14.4;6.0
04;2021-03-30;1085;148;24889;9997;15.1;6.1
04;2021-03-31;1327;107;26216;10104;15.9;6.1
04;2021-04-01;1133;128;27349;10232;16.6;6.2
04;2021-04-02;1184;111;28533;10343;17.3;6.3
04;2021-04-03;250;20;28783;10363;17.4;6.3
04;2021-04-04;1;0;28784;10363;17.4;6.3
04;2021-04-05;36;1;28820;10364;17.4;6.3
04;2021-04-06;928;147;29748;10511;18.0;6.4
04;2021-04-07;881;435;30629;10946;18.5;6.6
04;2021-04-08;926;698;31555;11644;19.1;7.0
04;2021-04-09;678;420;32233;12064;19.5;7.3
04;2021-04-10;231;192;32464;12256;19.7;7.4
04;2021-04-11;153;65;32617;12321;19.7;7.5
04;2021-04-12;594;101;33211;12422;20.1;7.5
04;2021-04-13;1190;240;34401;12662;20.8;7.7
04;2021-04-14;993;498;35394;13160;21.4;8.0
04;2021-04-15;921;673;36315;13833;22.0;8.4
04;2021-04-16;819;457;37134;14290;22.5;8.7
04;2021-04-17;211;69;37345;14359;22.6;8.7
04;2021-04-18;0;13;37345;14372;22.6;8.7
04;2021-04-19;338;288;37683;14660;22.8;8.9
04;2021-04-20;1005;445;38688;15105;23.4;9.1
04;2021-04-21;656;747;39344;15852;23.8;9.6
04;2021-04-22;759;854;40103;16706;24.3;10.1
04;2021-04-23;695;537;40798;17243;24.7;10.4
04;2021-04-24;165;65;40963;17308;24.8;10.5
04;2021-04-25;0;0;40963;17308;24.8;10.5
04;2021-04-26;171;611;41134;17919;24.9;10.8
04;2021-04-27;395;967;41529;18886;25.1;11.4
04;2021-04-28;432;1089;41961;19975;25.4;12.1
04;2021-04-29;687;1127;42648;21102;25.8;12.8
04;2021-04-30;436;850;43084;21952;26.1;13.3
04;2021-05-01;104;22;43188;21974;26.1;13.3
04;2021-05-02;8;131;43196;22105;26.1;13.4
04;2021-05-03;151;552;43347;22657;26.2;13.7
04;2021-05-04;564;839;43911;23496;26.6;14.2
04;2021-05-05;514;928;44425;24424;26.9;14.8
04;2021-05-06;1162;592;45587;25016;27.6;15.1
04;2021-05-07;657;762;46244;25778;28.0;15.6
04;2021-05-08;48;98;46292;25876;28.0;15.7
04;2021-05-09;0;0;46292;25876;28.0;15.7
04;2021-05-10;467;296;46759;26172;28.3;15.8
04;2021-05-11;1202;908;47961;27080;29.0;16.4
04;2021-05-12;1389;740;49350;27820;29.9;16.8
04;2021-05-13;378;131;49728;27951;30.1;16.9
04;2021-05-14;440;295;50168;28246;30.4;17.1
04;2021-05-15;99;163;50267;28409;30.4;17.2
04;2021-05-16;4;6;50271;28415;30.4;17.2
04;2021-05-17;154;298;50425;28713;30.5;17.4
04;2021-05-18;392;976;50817;29689;30.8;18.0
04;2021-05-19;774;690;51591;30379;31.2;18.4
04;2021-05-20;1258;551;52849;30930;32.0;18.7
04;2021-05-21;853;789;53702;31719;32.5;19.2
04;2021-05-22;105;146;53807;31865;32.6;19.3
04;2021-05-23;1;1;53808;31866;32.6;19.3
04;2021-05-24;2;36;53810;31902;32.6;19.3
04;2021-05-25;868;596;54678;32498;33.1;19.7
04;2021-05-26;1048;788;55726;33286;33.7;20.1
04;2021-05-27;1357;633;57083;33919;34.6;20.5
04;2021-05-28;1119;659;58202;34578;35.2;20.9
04;2021-05-29;90;398;58292;34976;35.3;21.2
04;2021-05-30;3;1;58295;34977;35.3;21.2
04;2021-05-31;421;417;58716;35394;35.5;21.4
04;2021-06-01;643;637;59359;36031;35.9;21.8
04;2021-06-02;872;1064;60231;37095;36.5;22.5
04;2021-06-03;1196;853;61427;37948;37.2;23.0
04;2021-06-04;977;780;62404;38728;37.8;23.4
04;2021-06-05;142;201;62546;38929;37.9;23.6
04;2021-06-06;7;13;62553;38942;37.9;23.6
04;2021-06-07;564;318;63117;39260;38.2;23.8
04;2021-06-08;843;595;63960;39855;38.7;24.1
04;2021-06-09;1149;689;65109;40544;39.4;24.5
04;2021-06-10;1147;586;66256;41130;40.1;24.9
04;2021-06-11;945;611;67201;41741;40.7;25.3
04;2021-06-12;212;148;67413;41889;40.8;25.4
04;2021-06-13;1;1;67414;41890;40.8;25.4
04;2021-06-14;478;304;67892;42194;41.1;25.5
04;2021-06-15;645;1003;68537;43197;41.5;26.1
04;2021-06-16;1021;787;69558;43984;42.1;26.6
04;2021-06-17;1001;961;70559;44945;42.7;27.2
04;2021-06-18;765;884;71324;45829;43.2;27.7
04;2021-06-19;40;85;71364;45914;43.2;27.8
04;2021-06-20;7;9;71371;45923;43.2;27.8
04;2021-06-21;306;615;71677;46538;43.4;28.2
04;2021-06-22;361;1308;72038;47846;43.6;29.0
04;2021-06-23;476;1313;72514;49159;43.9;29.8
04;2021-06-24;852;820;73366;49979;44.4;30.3
04;2021-06-25;462;638;73828;50617;44.7;30.6
04;2021-06-26;56;129;73884;50746;44.7;30.7
04;2021-06-27;4;4;73888;50750;44.7;30.7
04;2021-06-28;158;341;74046;51091;44.8;30.9
04;2021-06-29;371;837;74417;51928;45.0;31.4
04;2021-06-30;542;1121;74959;53049;45.4;32.1
04;2021-07-01;579;1219;75538;54268;45.7;32.9
04;2021-07-02;557;1089;76095;55357;46.1;33.5
04;2021-07-03;65;162;76160;55519;46.1;33.6
04;2021-07-04;6;6;76166;55525;46.1;33.6
04;2021-07-05;106;297;76272;55822;46.2;33.8
04;2021-07-06;505;1382;76777;57204;46.5;34.6
04;2021-07-07;495;1342;77272;58546;46.8;35.4
04;2021-07-08;725;1361;77997;59907;47.2;36.3
04;2021-07-09;581;1064;78578;60971;47.6;36.9
04;2021-07-10;92;177;78670;61148;47.6;37.0
04;2021-07-11;0;21;78670;61169;47.6;37.0
04;2021-07-12;127;651;78797;61820;47.7;37.4
04;2021-07-13;880;1542;79677;63362;48.2;38.4
04;2021-07-14;26;43;79703;63405;48.2;38.4
04;2021-07-15;1220;1735;80923;65140;49.0;39.4
04;2021-07-16;1082;1118;82005;66258;49.6;40.1
04;2021-07-17;445;234;82450;66492;49.9;40.3
04;2021-07-18;114;18;82564;66510;50.0;40.3
04;2021-07-19;484;655;83048;67165;50.3;40.7
04;2021-07-20;1314;1466;84362;68631;51.1;41.5
04;2021-07-21;1126;1166;85488;69797;51.7;42.3
04;2021-07-22;1500;1370;86988;71167;52.7;43.1
04;2021-07-23;1151;1143;88139;72310;53.4;43.8
04;2021-07-24;685;213;88824;72523;53.8;43.9
04;2021-07-25;42;20;88866;72543;53.8;43.9
04;2021-07-26;444;638;89310;73181;54.1;44.3
04;2021-07-27;1369;1046;90679;74227;54.9;44.9
04;2021-07-28;1073;1038;91752;75265;55.5;45.6
04;2021-07-29;1558;1299;93310;76564;56.5;46.3
04;2021-07-30;1246;927;94556;77491;57.2;46.9
04;2021-07-31;252;176;94808;77667;57.4;47.0
04;2021-08-01;48;19;94856;77686;57.4;47.0
04;2021-08-02;138;111;94994;77797;57.5;47.1
04;2021-08-03;1345;1117;96339;78914;58.3;47.8
04;2021-08-04;1175;861;97514;79775;59.0;48.3
04;2021-08-05;1187;738;98701;80513;59.7;48.7
04;2021-08-06;517;396;99218;80909;60.1;49.0
04;2021-08-07;159;162;99377;81071;60.2;49.1
04;2021-08-08;25;12;99402;81083;60.2;49.1
04;2021-08-09;104;121;99506;81204;60.2;49.2
04;2021-08-10;653;979;100159;82183;60.6;49.7
04;2021-08-11;1148;1026;101307;83209;61.3;50.4
04;2021-08-12;1120;1295;102427;84504;62.0;51.2
04;2021-08-13;440;384;102867;84888;62.3;51.4
04;2021-08-14;99;72;102966;84960;62.3;51.4
04;2021-08-15;0;0;102966;84960;62.3;51.4
04;2021-08-16;103;136;103069;85096;62.4;51.5
04;2021-08-17;494;1015;103563;86111;62.7;52.1
04;2021-08-18;717;1320;104280;87431;63.1;52.9
04;2021-08-19;738;1405;105018;88836;63.6;53.8
04;2021-08-20;746;1365;105764;90201;64.0;54.6
04;2021-08-21;65;111;105829;90312;64.1;54.7
04;2021-08-22;15;45;105844;90357;64.1;54.7
04;2021-08-23;54;109;105898;90466;64.1;54.8
04;2021-08-24;679;1491;106577;91957;64.5;55.7
04;2021-08-25;656;1183;107233;93140;64.9;56.4
04;2021-08-26;488;1210;107721;94350;65.2;57.1
04;2021-08-27;448;926;108169;95276;65.5;57.7
04;2021-08-28;123;243;108292;95519;65.6;57.8
04;2021-08-29;26;22;108318;95541;65.6;57.8
04;2021-08-30;120;242;108438;95783;65.6;58.0
05;2020-12-27;0;0;0;0;0.0;0.0
05;2020-12-28;1;0;1;0;0.0;0.0
05;2020-12-29;1;0;2;0;0.0;0.0
05;2020-12-30;2;0;4;0;0.0;0.0
05;2020-12-31;0;0;4;0;0.0;0.0
05;2021-01-01;2;0;6;0;0.0;0.0
05;2021-01-02;2;0;8;0;0.0;0.0
05;2021-01-03;1;0;9;0;0.0;0.0
05;2021-01-04;2;0;11;0;0.0;0.0
05;2021-01-05;0;0;11;0;0.0;0.0
05;2021-01-06;21;0;32;0;0.0;0.0
05;2021-01-07;128;0;160;0;0.1;0.0
05;2021-01-08;146;0;306;0;0.2;0.0
05;2021-01-09;11;0;317;0;0.2;0.0
05;2021-01-10;0;0;317;0;0.2;0.0
05;2021-01-11;44;0;361;0;0.3;0.0
05;2021-01-12;105;0;466;0;0.3;0.0
05;2021-01-13;140;0;606;0;0.4;0.0
05;2021-01-14;167;0;773;0;0.5;0.0
05;2021-01-15;128;1;901;1;0.6;0.0
05;2021-01-16;14;0;915;1;0.6;0.0
05;2021-01-17;0;0;915;1;0.6;0.0
05;2021-01-18;226;1;1141;2;0.8;0.0
05;2021-01-19;228;0;1369;2;1.0;0.0
05;2021-01-20;213;0;1582;2;1.1;0.0
05;2021-01-21;255;0;1837;2;1.3;0.0
05;2021-01-22;195;1;2032;3;1.4;0.0
05;2021-01-23;112;0;2144;3;1.5;0.0
05;2021-01-24;0;0;2144;3;1.5;0.0
05;2021-01-25;317;0;2461;3;1.7;0.0
05;2021-01-26;486;0;2947;3;2.1;0.0
05;2021-01-27;389;4;3336;7;2.4;0.0
05;2021-01-28;363;56;3699;63;2.6;0.0
05;2021-01-29;363;112;4062;175;2.9;0.1
05;2021-01-30;97;9;4159;184;2.9;0.1
05;2021-01-31;4;0;4163;184;2.9;0.1
05;2021-02-01;177;20;4340;204;3.1;0.1
05;2021-02-02;187;121;4527;325;3.2;0.2
05;2021-02-03;207;63;4734;388;3.3;0.3
05;2021-02-04;197;125;4931;513;3.5;0.4
05;2021-02-05;183;111;5114;624;3.6;0.4
05;2021-02-06;76;24;5190;648;3.7;0.5
05;2021-02-07;0;5;5190;653;3.7;0.5
05;2021-02-08;84;124;5274;777;3.7;0.5
05;2021-02-09;97;114;5371;891;3.8;0.6
05;2021-02-10;81;176;5452;1067;3.8;0.8
05;2021-02-11;87;137;5539;1204;3.9;0.8
05;2021-02-12;84;148;5623;1352;4.0;1.0
05;2021-02-13;75;32;5698;1384;4.0;1.0
05;2021-02-14;0;0;5698;1384;4.0;1.0
05;2021-02-15;97;189;5795;1573;4.1;1.1
05;2021-02-16;110;285;5905;1858;4.2;1.3
05;2021-02-17;136;230;6041;2088;4.3;1.5
05;2021-02-18;155;298;6196;2386;4.4;1.7
05;2021-02-19;158;321;6354;2707;4.5;1.9
05;2021-02-20;31;87;6385;2794;4.5;2.0
05;2021-02-21;0;0;6385;2794;4.5;2.0
05;2021-02-22;70;247;6455;3041;4.6;2.1
05;2021-02-23;18;237;6473;3278;4.6;2.3
05;2021-02-24;20;189;6493;3467;4.6;2.4
05;2021-02-25;56;174;6549;3641;4.6;2.6
05;2021-02-26;145;209;6694;3850;4.7;2.7
05;2021-02-27;65;171;6759;4021;4.8;2.8
05;2021-02-28;11;0;6770;4021;4.8;2.8
05;2021-03-01;92;169;6862;4190;4.8;3.0
05;2021-03-02;92;197;6954;4387;4.9;3.1
05;2021-03-03;112;230;7066;4617;5.0;3.3
05;2021-03-04;242;166;7308;4783;5.2;3.4
05;2021-03-05;578;192;7886;4975;5.6;3.5
05;2021-03-06;668;58;8554;5033;6.0;3.6
05;2021-03-07;516;19;9070;5052;6.4;3.6
05;2021-03-08;556;137;9626;5189;6.8;3.7
05;2021-03-09;520;162;10146;5351;7.2;3.8
05;2021-03-10;498;144;10644;5495;7.5;3.9
05;2021-03-11;376;138;11020;5633;7.8;4.0
05;2021-03-12;435;91;11455;5724;8.1;4.0
05;2021-03-13;796;94;12251;5818;8.6;4.1
05;2021-03-14;670;11;12921;5829;9.1;4.1
05;2021-03-15;354;124;13275;5953;9.4;4.2
05;2021-03-16;148;143;13423;6096;9.5;4.3
05;2021-03-17;262;121;13685;6217;9.7;4.4
05;2021-03-18;364;35;14049;6252;9.9;4.4
05;2021-03-19;450;59;14499;6311;10.2;4.5
05;2021-03-20;167;32;14666;6343;10.3;4.5
05;2021-03-21;1;0;14667;6343;10.3;4.5
05;2021-03-22;717;36;15384;6379;10.9;4.5
05;2021-03-23;804;14;16188;6393;11.4;4.5
05;2021-03-24;790;77;16978;6470;12.0;4.6
05;2021-03-25;901;59;17879;6529;12.6;4.6
05;2021-03-26;1023;48;18902;6577;13.3;4.6
05;2021-03-27;467;34;19369;6611;13.7;4.7
05;2021-03-28;10;0;19379;6611;13.7;4.7
05;2021-03-29;905;63;20284;6674;14.3;4.7
05;2021-03-30;1142;79;21426;6753;15.1;4.8
05;2021-03-31;823;254;22249;7007;15.7;4.9
05;2021-04-01;900;243;23149;7250;16.3;5.1
05;2021-04-02;665;378;23814;7628;16.8;5.4
05;2021-04-03;550;184;24364;7812;17.2;5.5
05;2021-04-04;350;63;24714;7875;17.4;5.6
05;2021-04-05;158;12;24872;7887;17.5;5.6
05;2021-04-06;646;276;25518;8163;18.0;5.8
05;2021-04-07;773;323;26291;8486;18.5;6.0
05;2021-04-08;734;336;27025;8822;19.1;6.2
05;2021-04-09;882;411;27907;9233;19.7;6.5
05;2021-04-10;713;389;28620;9622;20.2;6.8
05;2021-04-11;191;174;28811;9796;20.3;6.9
05;2021-04-12;732;262;29543;10058;20.8;7.1
05;2021-04-13;921;248;30464;10306;21.5;7.3
05;2021-04-14;667;328;31131;10634;22.0;7.5
05;2021-04-15;768;398;31899;11032;22.5;7.8
05;2021-04-16;731;411;32630;11443;23.0;8.1
05;2021-04-17;671;240;33301;11683;23.5;8.2
05;2021-04-18;305;23;33606;11706;23.7;8.3
05;2021-04-19;363;538;33969;12244;24.0;8.6
05;2021-04-20;482;630;34451;12874;24.3;9.1
05;2021-04-21;494;629;34945;13503;24.7;9.5
05;2021-04-22;385;549;35330;14052;24.9;9.9
05;2021-04-23;523;657;35853;14709;25.3;10.4
05;2021-04-24;347;383;36200;15092;25.5;10.6
05;2021-04-25;288;23;36488;15115;25.7;10.7
05;2021-04-26;367;706;36855;15821;26.0;11.2
05;2021-04-27;657;749;37512;16570;26.5;11.7
05;2021-04-28;468;720;37980;17290;26.8;12.2
05;2021-04-29;703;748;38683;18038;27.3;12.7
05;2021-04-30;509;755;39192;18793;27.6;13.3
05;2021-05-01;138;110;39330;18903;27.7;13.3
05;2021-05-02;267;115;39597;19018;27.9;13.4
05;2021-05-03;457;494;40054;19512;28.3;13.8
05;2021-05-04;384;503;40438;20015;28.5;14.1
05;2021-05-05;462;671;40900;20686;28.9;14.6
05;2021-05-06;647;724;41547;21410;29.3;15.1
05;2021-05-07;596;801;42143;22211;29.7;15.7
05;2021-05-08;481;176;42624;22387;30.1;15.8
05;2021-05-09;208;57;42832;22444;30.2;15.8
05;2021-05-10;500;697;43332;23141;30.6;16.3
05;2021-05-11;669;915;44001;24056;31.0;17.0
05;2021-05-12;648;733;44649;24789;31.5;17.5
05;2021-05-13;960;116;45609;24905;32.2;17.6
05;2021-05-14;826;495;46435;25400;32.8;17.9
05;2021-05-15;1043;354;47478;25754;33.5;18.2
05;2021-05-16;235;52;47713;25806;33.7;18.2
05;2021-05-17;484;430;48197;26236;34.0;18.5
05;2021-05-18;519;419;48716;26655;34.4;18.8
05;2021-05-19;728;459;49444;27114;34.9;19.1
05;2021-05-20;747;434;50191;27548;35.4;19.4
05;2021-05-21;705;511;50896;28059;35.9;19.8
05;2021-05-22;606;239;51502;28298;36.3;20.0
05;2021-05-23;277;59;51779;28357;36.5;20.0
05;2021-05-24;509;157;52288;28514;36.9;20.1
05;2021-05-25;515;482;52803;28996;37.2;20.5
05;2021-05-26;696;362;53499;29358;37.7;20.7
05;2021-05-27;799;571;54298;29929;38.3;21.1
05;2021-05-28;666;648;54964;30577;38.8;21.6
05;2021-05-29;566;544;55530;31121;39.2;22.0
05;2021-05-30;212;82;55742;31203;39.3;22.0
05;2021-05-31;575;496;56317;31699;39.7;22.4
05;2021-06-01;589;585;56906;32284;40.1;22.8
05;2021-06-02;685;703;57591;32987;40.6;23.3
05;2021-06-03;716;652;58307;33639;41.1;23.7
05;2021-06-04;1018;819;59325;34458;41.9;24.3
05;2021-06-05;807;508;60132;34966;42.4;24.7
05;2021-06-06;200;89;60332;35055;42.6;24.7
05;2021-06-07;605;834;60937;35889;43.0;25.3
05;2021-06-08;702;659;61639;36548;43.5;25.8
05;2021-06-09;648;782;62287;37330;43.9;26.3
05;2021-06-10;544;718;62831;38048;44.3;26.8
05;2021-06-11;766;723;63597;38771;44.9;27.4
05;2021-06-12;593;484;64190;39255;45.3;27.7
05;2021-06-13;112;91;64302;39346;45.4;27.8
05;2021-06-14;403;668;64705;40014;45.6;28.2
05;2021-06-15;543;912;65248;40926;46.0;28.9
05;2021-06-16;433;670;65681;41596;46.3;29.3
05;2021-06-17;361;805;66042;42401;46.6;29.9
05;2021-06-18;396;724;66438;43125;46.9;30.4
05;2021-06-19;421;571;66859;43696;47.2;30.8
05;2021-06-20;64;77;66923;43773;47.2;30.9
05;2021-06-21;319;641;67242;44414;47.4;31.3
05;2021-06-22;356;829;67598;45243;47.7;31.9
05;2021-06-23;354;764;67952;46007;47.9;32.5
05;2021-06-24;388;1023;68340;47030;48.2;33.2
05;2021-06-25;229;893;68569;47923;48.4;33.8
05;2021-06-26;292;1074;68861;48997;48.6;34.6
05;2021-06-27;128;170;68989;49167;48.7;34.7
05;2021-06-28;254;793;69243;49960;48.8;35.2
05;2021-06-29;250;785;69493;50745;49.0;35.8
05;2021-06-30;329;790;69822;51535;49.3;36.4
05;2021-07-01;383;791;70205;52326;49.5;36.9
05;2021-07-02;370;871;70575;53197;49.8;37.5
05;2021-07-03;305;741;70880;53938;50.0;38.0
05;2021-07-04;179;177;71059;54115;50.1;38.2
05;2021-07-05;264;781;71323;54896;50.3;38.7
05;2021-07-06;336;859;71659;55755;50.6;39.3
05;2021-07-07;401;783;72060;56538;50.8;39.9
05;2021-07-08;431;848;72491;57386;51.1;40.5
05;2021-07-09;422;994;72913;58380;51.4;41.2
05;2021-07-10;314;729;73227;59109;51.7;41.7
05;2021-07-11;176;119;73403;59228;51.8;41.8
05;2021-07-12;416;1014;73819;60242;52.1;42.5
05;2021-07-13;483;870;74302;61112;52.4;43.1
05;2021-07-14;838;299;75140;61411;53.0;43.3
05;2021-07-15;709;994;75849;62405;53.5;44.0
05;2021-07-16;1028;1459;76877;63864;54.2;45.1
05;2021-07-17;674;1307;77551;65171;54.7;46.0
05;2021-07-18;285;129;77836;65300;54.9;46.1
05;2021-07-19;572;791;78408;66091;55.3;46.6
05;2021-07-20;762;801;79170;66892;55.8;47.2
05;2021-07-21;882;841;80052;67733;56.5;47.8
05;2021-07-22;814;869;80866;68602;57.0;48.4
05;2021-07-23;1447;1238;82313;69840;58.1;49.3
05;2021-07-24;864;834;83177;70674;58.7;49.9
05;2021-07-25;305;160;83482;70834;58.9;50.0
05;2021-07-26;779;562;84261;71396;59.4;50.4
05;2021-07-27;1261;754;85522;72150;60.3;50.9
05;2021-07-28;1523;717;87045;72867;61.4;51.4
05;2021-07-29;1346;721;88391;73588;62.4;51.9
05;2021-07-30;960;593;89351;74181;63.0;52.3
05;2021-07-31;782;525;90133;74706;63.6;52.7
05;2021-08-01;192;178;90325;74884;63.7;52.8
05;2021-08-02;833;548;91158;75432;64.3;53.2
05;2021-08-03;828;609;91986;76041;64.9;53.6
05;2021-08-04;990;755;92976;76796;65.6;54.2
05;2021-08-05;976;721;93952;77517;66.3;54.7
05;2021-08-06;873;792;94825;78309;66.9;55.2
05;2021-08-07;630;642;95455;78951;67.3;55.7
05;2021-08-08;196;270;95651;79221;67.5;55.9
05;2021-08-09;771;849;96422;80070;68.0;56.5
05;2021-08-10;648;695;97070;80765;68.5;57.0
05;2021-08-11;742;854;97812;81619;69.0;57.6
05;2021-08-12;787;782;98599;82401;69.6;58.1
05;2021-08-13;625;894;99224;83295;70.0;58.8
05;2021-08-14;408;782;99632;84077;70.3;59.3
05;2021-08-15;188;223;99820;84300;70.4;59.5
05;2021-08-16;487;1084;100307;85384;70.8;60.2
05;2021-08-17;431;883;100738;86267;71.1;60.9
05;2021-08-18;433;971;101171;87238;71.4;61.5
05;2021-08-19;500;962;101671;88200;71.7;62.2
05;2021-08-20;477;1113;102148;89313;72.1;63.0
05;2021-08-21;356;848;102504;90161;72.3;63.6
05;2021-08-22;117;254;102621;90415;72.4;63.8
05;2021-08-23;321;829;102942;91244;72.6;64.4
05;2021-08-24;399;778;103341;92022;72.9;64.9
05;2021-08-25;407;923;103748;92945;73.2;65.6
05;2021-08-26;301;812;104049;93757;73.4;66.1
05;2021-08-27;333;917;104382;94674;73.6;66.8
05;2021-08-28;241;651;104623;95325;73.8;67.2
05;2021-08-29;66;255;104689;95580;73.9;67.4
05;2021-08-30;268;801;104957;96381;74.0;68.0
06;2020-12-27;12;0;12;0;0.0;0.0
06;2020-12-28;21;0;33;0;0.0;0.0
06;2020-12-29;9;0;42;0;0.0;0.0
06;2020-12-30;8;0;50;0;0.0;0.0
06;2020-12-31;29;0;79;0;0.0;0.0
06;2021-01-01;19;0;98;0;0.0;0.0
06;2021-01-02;7;0;105;0;0.0;0.0
06;2021-01-03;7;0;112;0;0.0;0.0
06;2021-01-04;153;1;265;1;0.0;0.0
06;2021-01-05;181;1;446;2;0.0;0.0
06;2021-01-06;235;0;681;2;0.1;0.0
06;2021-01-07;512;0;1193;2;0.1;0.0
06;2021-01-08;687;2;1880;4;0.2;0.0
06;2021-01-09;391;2;2271;6;0.2;0.0
06;2021-01-10;80;0;2351;6;0.2;0.0
06;2021-01-11;1152;0;3503;6;0.3;0.0
06;2021-01-12;2240;5;5743;11;0.5;0.0
06;2021-01-13;1740;7;7483;18;0.7;0.0
06;2021-01-14;2153;17;9636;35;0.9;0.0
06;2021-01-15;1875;5;11511;40;1.1;0.0
06;2021-01-16;986;4;12497;44;1.2;0.0
06;2021-01-17;240;0;12737;44;1.2;0.0
06;2021-01-18;2485;8;15222;52;1.4;0.0
06;2021-01-19;2764;9;17986;61;1.7;0.0
06;2021-01-20;3359;9;21345;70;2.0;0.0
06;2021-01-21;3036;24;24381;94;2.3;0.0
06;2021-01-22;2970;17;27351;111;2.5;0.0
06;2021-01-23;1304;3;28655;114;2.7;0.0
06;2021-01-24;32;0;28687;114;2.7;0.0
06;2021-01-25;2079;14;30766;128;2.9;0.0
06;2021-01-26;3399;41;34165;169;3.2;0.0
06;2021-01-27;2564;100;36729;269;3.4;0.0
06;2021-01-28;2817;200;39546;469;3.7;0.0
06;2021-01-29;2515;308;42061;777;3.9;0.1
06;2021-01-30;671;43;42732;820;4.0;0.1
06;2021-01-31;4;1;42736;821;4.0;0.1
06;2021-02-01;1030;472;43766;1293;4.1;0.1
06;2021-02-02;1503;412;45269;1705;4.2;0.2
06;2021-02-03;330;135;45599;1840;4.2;0.2
06;2021-02-04;716;887;46315;2727;4.3;0.3
06;2021-02-05;1015;1102;47330;3829;4.4;0.4
06;2021-02-06;161;461;47491;4290;4.4;0.4
06;2021-02-07;10;48;47501;4338;4.4;0.4
06;2021-02-08;537;1085;48038;5423;4.5;0.5
06;2021-02-09;320;734;48358;6157;4.5;0.6
06;2021-02-10;376;662;48734;6819;4.5;0.6
06;2021-02-11;478;1065;49212;7884;4.6;0.7
06;2021-02-12;658;1304;49870;9188;4.6;0.9
06;2021-02-13;205;515;50075;9703;4.6;0.9
06;2021-02-14;16;1;50091;9704;4.6;0.9
06;2021-02-15;467;1257;50558;10961;4.7;1.0
06;2021-02-16;869;2001;51427;12962;4.8;1.2
06;2021-02-17;835;2118;52262;15080;4.8;1.4
06;2021-02-18;1813;2678;54075;17758;5.0;1.6
06;2021-02-19;1767;2142;55842;19900;5.2;1.8
06;2021-02-20;286;524;56128;20424;5.2;1.9
06;2021-02-21;23;55;56151;20479;5.2;1.9
06;2021-02-22;1085;1618;57236;22097;5.3;2.0
06;2021-02-23;1754;1538;58990;23635;5.5;2.2
06;2021-02-24;2116;1288;61106;24923;5.7;2.3
06;2021-02-25;3856;1676;64962;26599;6.0;2.5
06;2021-02-26;3396;1608;68358;28207;6.3;2.6
06;2021-02-27;1437;330;69795;28537;6.5;2.6
06;2021-02-28;97;24;69892;28561;6.5;2.6
06;2021-03-01;2418;825;72310;29386;6.7;2.7
06;2021-03-02;2457;992;74767;30378;6.9;2.8
06;2021-03-03;2857;571;77624;30949;7.2;2.9
06;2021-03-04;4631;620;82255;31569;7.6;2.9
06;2021-03-05;3907;1030;86162;32599;8.0;3.0
06;2021-03-06;11953;359;98115;32958;9.1;3.1
06;2021-03-07;10207;312;108322;33270;10.0;3.1
06;2021-03-08;4165;1192;112487;34462;10.4;3.2
06;2021-03-09;4995;932;117482;35394;10.9;3.3
06;2021-03-10;4718;846;122200;36240;11.3;3.4
06;2021-03-11;6732;903;128932;37143;11.9;3.4
06;2021-03-12;6883;1013;135815;38156;12.6;3.5
06;2021-03-13;11249;354;147064;38510;13.6;3.6
06;2021-03-14;512;49;147576;38559;13.7;3.6
06;2021-03-15;4839;765;152415;39324;14.1;3.6
06;2021-03-16;3771;1054;156186;40378;14.5;3.7
06;2021-03-17;6202;1890;162388;42268;15.0;3.9
06;2021-03-18;5128;1827;167516;44095;15.5;4.1
06;2021-03-19;6825;2030;174341;46125;16.2;4.3
06;2021-03-20;2374;559;176715;46684;16.4;4.3
06;2021-03-21;410;23;177125;46707;16.4;4.3
06;2021-03-22;3982;708;181107;47415;16.8;4.4
06;2021-03-23;5988;1221;187095;48636;17.3;4.5
06;2021-03-24;4223;3330;191318;51966;17.7;4.8
06;2021-03-25;5867;3248;197185;55214;18.3;5.1
06;2021-03-26;6365;1994;203550;57208;18.9;5.3
06;2021-03-27;2041;368;205591;57576;19.0;5.3
06;2021-03-28;212;5;205803;57581;19.1;5.3
06;2021-03-29;3203;2091;209006;59672;19.4;5.5
06;2021-03-30;5195;2538;214201;62210;19.8;5.8
06;2021-03-31;8057;1659;222258;63869;20.6;5.9
06;2021-04-01;7643;2472;229901;66341;21.3;6.1
06;2021-04-02;7236;2709;237137;69050;22.0;6.4
06;2021-04-03;2725;1374;239862;70424;22.2;6.5
06;2021-04-04;301;549;240163;70973;22.2;6.6
06;2021-04-05;1404;692;241567;71665;22.4;6.6
06;2021-04-06;6664;3312;248231;74977;23.0;6.9
06;2021-04-07;6220;3894;254451;78871;23.6;7.3
06;2021-04-08;5748;5655;260199;84526;24.1;7.8
06;2021-04-09;9381;5859;269580;90385;25.0;8.4
06;2021-04-10;2396;2784;271976;93169;25.2;8.6
06;2021-04-11;188;58;272164;93227;25.2;8.6
06;2021-04-12;4384;3532;276548;96759;25.6;9.0
06;2021-04-13;6375;5132;282923;101891;26.2;9.4
06;2021-04-14;5462;4496;288385;106387;26.7;9.9
06;2021-04-15;5551;4391;293936;110778;27.2;10.3
06;2021-04-16;7084;5200;301020;115978;27.9;10.7
06;2021-04-17;2784;3052;303804;119030;28.1;11.0
06;2021-04-18;265;224;304069;119254;28.2;11.0
06;2021-04-19;5493;4047;309562;123301;28.7;11.4
06;2021-04-20;5663;4873;315225;128174;29.2;11.9
06;2021-04-21;8323;4162;323548;132336;30.0;12.3
06;2021-04-22;8573;4194;332121;136530;30.8;12.6
06;2021-04-23;8811;4264;340932;140794;31.6;13.0
06;2021-04-24;2356;1495;343288;142289;31.8;13.2
06;2021-04-25;122;29;343410;142318;31.8;13.2
06;2021-04-26;4152;2311;347562;144629;32.2;13.4
06;2021-04-27;4584;4041;352146;148670;32.6;13.8
06;2021-04-28;4151;4579;356297;153249;33.0;14.2
06;2021-04-29;6092;5459;362389;158708;33.6;14.7
06;2021-04-30;6774;5165;369163;163873;34.2;15.2
06;2021-05-01;4163;830;373326;164703;34.6;15.3
06;2021-05-02;491;158;373817;164861;34.6;15.3
06;2021-05-03;6915;3548;380732;168409;35.3;15.6
06;2021-05-04;5747;5382;386479;173791;35.8;16.1
06;2021-05-05;4545;3914;391024;177705;36.2;16.5
06;2021-05-06;5231;4737;396255;182442;36.7;16.9
06;2021-05-07;5657;5684;401912;188126;37.2;17.4
06;2021-05-08;4867;1323;406779;189449;37.7;17.6
06;2021-05-09;205;308;406984;189757;37.7;17.6
06;2021-05-10;4824;5045;411808;194802;38.2;18.0
06;2021-05-11;4936;5566;416744;200368;38.6;18.6
06;2021-05-12;9100;4892;425844;205260;39.5;19.0
06;2021-05-13;9268;2135;435112;207395;40.3;19.2
06;2021-05-14;10843;3362;445955;210757;41.3;19.5
06;2021-05-15;9289;2211;455244;212968;42.2;19.7
06;2021-05-16;1503;286;456747;213254;42.3;19.8
06;2021-05-17;7509;3753;464256;217007;43.0;20.1
06;2021-05-18;9739;3219;473995;220226;43.9;20.4
06;2021-05-19;7702;2981;481697;223207;44.6;20.7
06;2021-05-20;7949;3667;489646;226874;45.4;21.0
06;2021-05-21;8803;3941;498449;230815;46.2;21.4
06;2021-05-22;3033;1328;501482;232143;46.5;21.5
06;2021-05-23;132;629;501614;232772;46.5;21.6
06;2021-05-24;3195;999;504809;233771;46.8;21.7
06;2021-05-25;4758;4933;509567;238704;47.2;22.1
06;2021-05-26;5685;6625;515252;245329;47.7;22.7
06;2021-05-27;5575;6276;520827;251605;48.3;23.3
06;2021-05-28;4987;7294;525814;258899;48.7;24.0
06;2021-05-29;1643;2934;527457;261833;48.9;24.3
06;2021-05-30;258;1122;527715;262955;48.9;24.4
06;2021-05-31;4417;5130;532132;268085;49.3;24.8
06;2021-06-01;5734;7425;537866;275510;49.8;25.5
06;2021-06-02;3316;8554;541182;284064;50.1;26.3
06;2021-06-03;4546;8311;545728;292375;50.6;27.1
06;2021-06-04;5493;7743;551221;300118;51.1;27.8
06;2021-06-05;2463;3349;553684;303467;51.3;28.1
06;2021-06-06;181;236;553865;303703;51.3;28.1
06;2021-06-07;4146;5590;558011;309293;51.7;28.7
06;2021-06-08;4478;5211;562489;314504;52.1;29.1
06;2021-06-09;4116;7374;566605;321878;52.5;29.8
06;2021-06-10;4785;6868;571390;328746;52.9;30.5
06;2021-06-11;3912;8369;575302;337115;53.3;31.2
06;2021-06-12;1742;3747;577044;340862;53.5;31.6
06;2021-06-13;149;440;577193;341302;53.5;31.6
06;2021-06-14;2736;8608;579929;349910;53.7;32.4
06;2021-06-15;3284;9490;583213;359400;54.0;33.3
06;2021-06-16;3514;7010;586727;366410;54.4;33.9
06;2021-06-17;3682;7198;590409;373608;54.7;34.6
06;2021-06-18;2637;5930;593046;379538;54.9;35.2
06;2021-06-19;1312;1684;594358;381222;55.1;35.3
06;2021-06-20;210;347;594568;381569;55.1;35.4
06;2021-06-21;1725;6307;596293;387876;55.2;35.9
06;2021-06-22;2361;7370;598654;395246;55.5;36.6
06;2021-06-23;2088;6550;600742;401796;55.7;37.2
06;2021-06-24;3476;8981;604218;410777;56.0;38.1
06;2021-06-25;2293;9611;606511;420388;56.2;38.9
06;2021-06-26;892;2287;607403;422675;56.3;39.2
06;2021-06-27;379;1187;607782;423862;56.3;39.3
06;2021-06-28;2491;8143;610273;432005;56.5;40.0
06;2021-06-29;2386;7723;612659;439728;56.8;40.7
06;2021-06-30;1516;7694;614175;447422;56.9;41.5
06;2021-07-01;3459;7487;617634;454909;57.2;42.1
06;2021-07-02;4350;8275;621984;463184;57.6;42.9
06;2021-07-03;1240;4307;623224;467491;57.7;43.3
06;2021-07-04;318;303;623542;467794;57.8;43.3
06;2021-07-05;3998;5146;627540;472940;58.1;43.8
06;2021-07-06;2043;5830;629583;478770;58.3;44.4
06;2021-07-07;3929;5980;633512;484750;58.7;44.9
06;2021-07-08;3595;6332;637107;491082;59.0;45.5
06;2021-07-09;4404;6235;641511;497317;59.4;46.1
06;2021-07-10;1763;2333;643274;499650;59.6;46.3
06;2021-07-11;330;322;643604;499972;59.6;46.3
06;2021-07-12;4065;7161;647669;507133;60.0;47.0
06;2021-07-13;5904;9025;653573;516158;60.5;47.8
06;2021-07-14;1045;434;654618;516592;60.6;47.9
06;2021-07-15;6509;8039;661127;524631;61.2;48.6
06;2021-07-16;7954;9018;669081;533649;62.0;49.4
06;2021-07-17;3157;5468;672238;539117;62.3;49.9
06;2021-07-18;1076;5333;673314;544450;62.4;50.4
06;2021-07-19;5899;8040;679213;552490;62.9;51.2
06;2021-07-20;7451;10263;686664;562753;63.6;52.1
06;2021-07-21;8131;8712;694795;571465;64.4;52.9
06;2021-07-22;10349;7876;705144;579341;65.3;53.7
06;2021-07-23;9387;6932;714531;586273;66.2;54.3
06;2021-07-24;3233;3233;717764;589506;66.5;54.6
06;2021-07-25;997;478;718761;589984;66.6;54.7
06;2021-07-26;7544;6891;726305;596875;67.3;55.3
06;2021-07-27;9161;5591;735466;602466;68.1;55.8
06;2021-07-28;7401;5411;742867;607877;68.8;56.3
06;2021-07-29;8774;5783;751641;613660;69.6;56.9
06;2021-07-30;8263;5537;759904;619197;70.4;57.4
06;2021-07-31;3657;3079;763561;622276;70.7;57.7
06;2021-08-01;759;433;764320;622709;70.8;57.7
06;2021-08-02;5963;4598;770283;627307;71.4;58.1
06;2021-08-03;6315;5474;776598;632781;71.9;58.6
06;2021-08-04;5537;3515;782135;636296;72.5;58.9
06;2021-08-05;6229;4450;788364;640746;73.0;59.4
06;2021-08-06;5777;6116;794141;646862;73.6;59.9
06;2021-08-07;2256;2467;796397;649329;73.8;60.2
06;2021-08-08;585;632;796982;649961;73.8;60.2
06;2021-08-09;4402;6016;801384;655977;74.2;60.8
06;2021-08-10;5118;6876;806502;662853;74.7;61.4
06;2021-08-11;4097;6182;810599;669035;75.1;62.0
06;2021-08-12;4300;6723;814899;675758;75.5;62.6
06;2021-08-13;3474;6424;818373;682182;75.8;63.2
06;2021-08-14;1453;2274;819826;684456;76.0;63.4
06;2021-08-15;393;635;820219;685091;76.0;63.5
06;2021-08-16;2990;6872;823209;691963;76.3;64.1
06;2021-08-17;3637;7763;826846;699726;76.6;64.8
06;2021-08-18;2882;6390;829728;706116;76.9;65.4
06;2021-08-19;3904;8105;833632;714221;77.2;66.2
06;2021-08-20;3101;6457;836733;720678;77.5;66.8
06;2021-08-21;1779;3575;838512;724253;77.7;67.1
06;2021-08-22;363;702;838875;724955;77.7;67.2
06;2021-08-23;2340;6502;841215;731457;77.9;67.8
06;2021-08-24;2779;6446;843994;737903;78.2;68.4
06;2021-08-25;2513;5631;846507;743534;78.4;68.9
06;2021-08-26;2600;6829;849107;750363;78.7;69.5
06;2021-08-27;2371;7040;851478;757403;78.9;70.2
06;2021-08-28;1247;3307;852725;760710;79.0;70.5
06;2021-08-29;271;813;852996;761523;79.0;70.6
06;2021-08-30;2238;6298;855234;767821;79.2;71.1
07;2020-12-27;0;0;0;0;0.0;0.0
07;2020-12-28;0;0;0;0;0.0;0.0
07;2020-12-29;0;0;0;0;0.0;0.0
07;2020-12-30;0;0;0;0;0.0;0.0
07;2020-12-31;0;0;0;0;0.0;0.0
07;2021-01-01;7;0;7;0;0.0;0.0
07;2021-01-02;0;0;7;0;0.0;0.0
07;2021-01-03;0;0;7;0;0.0;0.0
07;2021-01-04;0;0;7;0;0.0;0.0
07;2021-01-05;0;0;7;0;0.0;0.0
07;2021-01-06;31;0;38;0;0.0;0.0
07;2021-01-07;130;1;168;1;0.1;0.0
07;2021-01-08;45;1;213;2;0.1;0.0
07;2021-01-09;17;0;230;2;0.1;0.0
07;2021-01-10;0;0;230;2;0.1;0.0
07;2021-01-11;157;1;387;3;0.1;0.0
07;2021-01-12;309;0;696;3;0.2;0.0
07;2021-01-13;306;1;1002;4;0.3;0.0
07;2021-01-14;477;0;1479;4;0.5;0.0
07;2021-01-15;188;0;1667;4;0.5;0.0
07;2021-01-16;17;0;1684;4;0.5;0.0
07;2021-01-17;2;0;1686;4;0.5;0.0
07;2021-01-18;363;4;2049;8;0.6;0.0
07;2021-01-19;830;2;2879;10;0.9;0.0
07;2021-01-20;598;2;3477;12;1.1;0.0
07;2021-01-21;452;3;3929;15;1.2;0.0
07;2021-01-22;291;0;4220;15;1.3;0.0
07;2021-01-23;107;0;4327;15;1.3;0.0
07;2021-01-24;0;0;4327;15;1.3;0.0
07;2021-01-25;164;0;4491;15;1.4;0.0
07;2021-01-26;491;4;4982;19;1.5;0.0
07;2021-01-27;555;7;5537;26;1.7;0.0
07;2021-01-28;1206;101;6743;127;2.1;0.0
07;2021-01-29;707;18;7450;145;2.3;0.0
07;2021-01-30;213;4;7663;149;2.3;0.0
07;2021-01-31;7;0;7670;149;2.3;0.0
07;2021-02-01;267;33;7937;182;2.4;0.1
07;2021-02-02;664;241;8601;423;2.6;0.1
07;2021-02-03;1045;221;9646;644;3.0;0.2
07;2021-02-04;722;262;10368;906;3.2;0.3
07;2021-02-05;484;254;10852;1160;3.3;0.4
07;2021-02-06;98;3;10950;1163;3.3;0.4
07;2021-02-07;12;1;10962;1164;3.4;0.4
07;2021-02-08;239;175;11201;1339;3.4;0.4
07;2021-02-09;488;326;11689;1665;3.6;0.5
07;2021-02-10;538;395;12227;2060;3.7;0.6
07;2021-02-11;400;281;12627;2341;3.9;0.7
07;2021-02-12;268;162;12895;2503;3.9;0.8
07;2021-02-13;69;20;12964;2523;4.0;0.8
07;2021-02-14;0;0;12964;2523;4.0;0.8
07;2021-02-15;270;130;13234;2653;4.0;0.8
07;2021-02-16;348;363;13582;3016;4.2;0.9
07;2021-02-17;466;328;14048;3344;4.3;1.0
07;2021-02-18;562;764;14610;4108;4.5;1.3
07;2021-02-19;457;509;15067;4617;4.6;1.4
07;2021-02-20;109;69;15176;4686;4.6;1.4
07;2021-02-21;15;0;15191;4686;4.6;1.4
07;2021-02-22;425;217;15616;4903;4.8;1.5
07;2021-02-23;646;620;16262;5523;5.0;1.7
07;2021-02-24;928;706;17190;6229;5.3;1.9
07;2021-02-25;710;536;17900;6765;5.5;2.1
07;2021-02-26;845;294;18745;7059;5.7;2.2
07;2021-02-27;190;145;18935;7204;5.8;2.2
07;2021-02-28;1;0;18936;7204;5.8;2.2
07;2021-03-01;438;216;19374;7420;5.9;2.3
07;2021-03-02;655;565;20029;7985;6.1;2.4
07;2021-03-03;691;537;20720;8522;6.3;2.6
07;2021-03-04;1100;358;21820;8880;6.7;2.7
07;2021-03-05;1084;375;22904;9255;7.0;2.8
07;2021-03-06;1125;99;24029;9354;7.4;2.9
07;2021-03-07;718;23;24747;9377;7.6;2.9
07;2021-03-08;352;319;25099;9696;7.7;3.0
07;2021-03-09;1088;438;26187;10134;8.0;3.1
07;2021-03-10;867;519;27054;10653;8.3;3.3
07;2021-03-11;1373;468;28427;11121;8.7;3.4
07;2021-03-12;1618;567;30045;11688;9.2;3.6
07;2021-03-13;680;101;30725;11789;9.4;3.6
07;2021-03-14;4;0;30729;11789;9.4;3.6
07;2021-03-15;526;290;31255;12079;9.6;3.7
07;2021-03-16;1208;485;32463;12564;9.9;3.8
07;2021-03-17;1188;781;33651;13345;10.3;4.1
07;2021-03-18;1219;415;34870;13760;10.7;4.2
07;2021-03-19;1268;424;36138;14184;11.1;4.3
07;2021-03-20;467;109;36605;14293;11.2;4.4
07;2021-03-21;3;2;36608;14295;11.2;4.4
07;2021-03-22;790;538;37398;14833;11.4;4.5
07;2021-03-23;1516;722;38914;15555;11.9;4.8
07;2021-03-24;1277;666;40191;16221;12.3;5.0
07;2021-03-25;1852;517;42043;16738;12.9;5.1
07;2021-03-26;1834;443;43877;17181;13.4;5.3
07;2021-03-27;385;101;44262;17282;13.5;5.3
07;2021-03-28;6;1;44268;17283;13.5;5.3
07;2021-03-29;789;359;45057;17642;13.8;5.4
07;2021-03-30;1526;511;46583;18153;14.3;5.6
07;2021-03-31;1660;506;48243;18659;14.8;5.7
07;2021-04-01;1587;660;49830;19319;15.2;5.9
07;2021-04-02;1522;439;51352;19758;15.7;6.0
07;2021-04-03;230;106;51582;19864;15.8;6.1
07;2021-04-04;3;1;51585;19865;15.8;6.1
07;2021-04-05;0;66;51585;19931;15.8;6.1
07;2021-04-06;1161;757;52746;20688;16.1;6.3
07;2021-04-07;1317;897;54063;21585;16.5;6.6
07;2021-04-08;1969;1180;56032;22765;17.1;7.0
07;2021-04-09;2424;567;58456;23332;17.9;7.1
07;2021-04-10;807;162;59263;23494;18.1;7.2
07;2021-04-11;339;13;59602;23507;18.2;7.2
07;2021-04-12;1282;596;60884;24103;18.6;7.4
07;2021-04-13;1768;1337;62652;25440;19.2;7.8
07;2021-04-14;1675;995;64327;26435;19.7;8.1
07;2021-04-15;1443;842;65770;27277;20.1;8.3
07;2021-04-16;1506;909;67276;28186;20.6;8.6
07;2021-04-17;870;216;68146;28402;20.8;8.7
07;2021-04-18;700;38;68846;28440;21.1;8.7
07;2021-04-19;1161;572;70007;29012;21.4;8.9
07;2021-04-20;1441;1319;71448;30331;21.9;9.3
07;2021-04-21;1719;919;73167;31250;22.4;9.6
07;2021-04-22;1817;966;74984;32216;22.9;9.9
07;2021-04-23;1411;973;76395;33189;23.4;10.2
07;2021-04-24;961;251;77356;33440;23.7;10.2
07;2021-04-25;717;69;78073;33509;23.9;10.3
07;2021-04-26;1138;681;79211;34190;24.2;10.5
07;2021-04-27;1395;1565;80606;35755;24.7;10.9
07;2021-04-28;1636;1759;82242;37514;25.2;11.5
07;2021-04-29;1939;1534;84181;39048;25.8;11.9
07;2021-04-30;1662;1483;85843;40531;26.3;12.4
07;2021-05-01;960;117;86803;40648;26.6;12.4
07;2021-05-02;845;155;87648;40803;26.8;12.5
07;2021-05-03;1280;435;88928;41238;27.2;12.6
07;2021-05-04;2171;1565;91099;42803;27.9;13.1
07;2021-05-05;1745;1387;92844;44190;28.4;13.5
07;2021-05-06;2104;1586;94948;45776;29.0;14.0
07;2021-05-07;1595;1556;96543;47332;29.5;14.5
07;2021-05-08;1227;405;97770;47737;29.9;14.6
07;2021-05-09;1030;328;98800;48065;30.2;14.7
07;2021-05-10;1406;1175;100206;49240;30.7;15.1
07;2021-05-11;2472;1699;102678;50939;31.4;15.6
07;2021-05-12;2164;1278;104842;52217;32.1;16.0
07;2021-05-13;1712;272;106554;52489;32.6;16.1
07;2021-05-14;1735;998;108289;53487;33.1;16.4
07;2021-05-15;1627;500;109916;53987;33.6;16.5
07;2021-05-16;1444;213;111360;54200;34.1;16.6
07;2021-05-17;1772;860;113132;55060;34.6;16.8
07;2021-05-18;2296;1305;115428;56365;35.3;17.2
07;2021-05-19;2375;997;117803;57362;36.0;17.5
07;2021-05-20;2165;1314;119968;58676;36.7;18.0
07;2021-05-21;1758;1314;121726;59990;37.2;18.4
07;2021-05-22;935;544;122661;60534;37.5;18.5
07;2021-05-23;857;157;123518;60691;37.8;18.6
07;2021-05-24;1650;339;125168;61030;38.3;18.7
07;2021-05-25;2187;1480;127355;62510;39.0;19.1
07;2021-05-26;1530;1381;128885;63891;39.4;19.5
07;2021-05-27;2018;1410;130903;65301;40.0;20.0
07;2021-05-28;1770;2081;132673;67382;40.6;20.6
07;2021-05-29;943;684;133616;68066;40.9;20.8
07;2021-05-30;622;570;134238;68636;41.1;21.0
07;2021-05-31;1133;1286;135371;69922;41.4;21.4
07;2021-06-01;2153;2005;137524;71927;42.1;22.0
07;2021-06-02;1530;1653;139054;73580;42.5;22.5
07;2021-06-03;1712;1257;140766;74837;43.1;22.9
07;2021-06-04;1675;1595;142441;76432;43.6;23.4
07;2021-06-05;988;956;143429;77388;43.9;23.7
07;2021-06-06;598;623;144027;78011;44.1;23.9
07;2021-06-07;961;1195;144988;79206;44.4;24.2
07;2021-06-08;1549;1771;146537;80977;44.8;24.8
07;2021-06-09;1030;1422;147567;82399;45.1;25.2
07;2021-06-10;788;1390;148355;83789;45.4;25.6
07;2021-06-11;1154;2034;149509;85823;45.7;26.3
07;2021-06-12;643;1217;150152;87040;45.9;26.6
07;2021-06-13;395;444;150547;87484;46.1;26.8
07;2021-06-14;566;1962;151113;89446;46.2;27.4
07;2021-06-15;936;2552;152049;91998;46.5;28.1
07;2021-06-16;1023;1852;153072;93850;46.8;28.7
07;2021-06-17;886;1950;153958;95800;47.1;29.3
07;2021-06-18;872;2285;154830;98085;47.4;30.0
07;2021-06-19;605;1454;155435;99539;47.6;30.5
07;2021-06-20;369;727;155804;100266;47.7;30.7
07;2021-06-21;517;2144;156321;102410;47.8;31.3
07;2021-06-22;655;2662;156976;105072;48.0;32.1
07;2021-06-23;680;1961;157656;107033;48.2;32.7
07;2021-06-24;646;1853;158302;108886;48.4;33.3
07;2021-06-25;701;2177;159003;111063;48.6;34.0
07;2021-06-26;360;1431;159363;112494;48.8;34.4
07;2021-06-27;285;1073;159648;113567;48.8;34.7
07;2021-06-28;506;2243;160154;115810;49.0;35.4
07;2021-06-29;540;2987;160694;118797;49.2;36.3
07;2021-06-30;822;2290;161516;121087;49.4;37.0
07;2021-07-01;774;1977;162290;123064;49.6;37.6
07;2021-07-02;882;2303;163172;125367;49.9;38.4
07;2021-07-03;421;1139;163593;126506;50.0;38.7
07;2021-07-04;211;852;163804;127358;50.1;39.0
07;2021-07-05;670;1686;164474;129044;50.3;39.5
07;2021-07-06;880;2635;165354;131679;50.6;40.3
07;2021-07-07;970;1946;166324;133625;50.9;40.9
07;2021-07-08;928;1971;167252;135596;51.2;41.5
07;2021-07-09;996;2261;168248;137857;51.5;42.2
07;2021-07-10;598;1101;168846;138958;51.7;42.5
07;2021-07-11;239;614;169085;139572;51.7;42.7
07;2021-07-12;809;1769;169894;141341;52.0;43.2
07;2021-07-13;1768;3178;171662;144519;52.5;44.2
07;2021-07-14;167;134;171829;144653;52.6;44.3
07;2021-07-15;1960;2463;173789;147116;53.2;45.0
07;2021-07-16;2054;1986;175843;149102;53.8;45.6
07;2021-07-17;1484;1251;177327;150353;54.2;46.0
07;2021-07-18;771;481;178098;150834;54.5;46.1
07;2021-07-19;1515;1705;179613;152539;54.9;46.7
07;2021-07-20;2524;2682;182137;155221;55.7;47.5
07;2021-07-21;1855;1917;183992;157138;56.3;48.1
07;2021-07-22;1917;1373;185909;158511;56.9;48.5
07;2021-07-23;2263;1685;188172;160196;57.6;49.0
07;2021-07-24;1640;1110;189812;161306;58.1;49.3
07;2021-07-25;34;22;189846;161328;58.1;49.4
07;2021-07-26;2196;1541;192042;162869;58.8;49.8
07;2021-07-27;3006;1908;195048;164777;59.7;50.4
07;2021-07-28;1643;1306;196691;166083;60.2;50.8
07;2021-07-29;2537;1276;199228;167359;60.9;51.2
07;2021-07-30;1352;1414;200580;168773;61.4;51.6
07;2021-07-31;1503;923;202083;169696;61.8;51.9
07;2021-08-01;73;26;202156;169722;61.8;51.9
07;2021-08-02;1506;1133;203662;170855;62.3;52.3
07;2021-08-03;2408;1911;206070;172766;63.0;52.9
07;2021-08-04;1940;1030;208010;173796;63.6;53.2
07;2021-08-05;1879;1292;209889;175088;64.2;53.6
07;2021-08-06;2025;1710;211914;176798;64.8;54.1
07;2021-08-07;992;553;212906;177351;65.1;54.3
07;2021-08-08;7;23;212913;177374;65.1;54.3
07;2021-08-09;1254;1380;214167;178754;65.5;54.7
07;2021-08-10;1591;2260;215758;181014;66.0;55.4
07;2021-08-11;1393;1607;217151;182621;66.4;55.9
07;2021-08-12;1094;1480;218245;184101;66.8;56.3
07;2021-08-13;1167;1786;219412;185887;67.1;56.9
07;2021-08-14;504;767;219916;186654;67.3;57.1
07;2021-08-15;9;28;219925;186682;67.3;57.1
07;2021-08-16;753;1326;220678;188008;67.5;57.5
07;2021-08-17;1319;2272;221997;190280;67.9;58.2
07;2021-08-18;867;1513;222864;191793;68.2;58.7
07;2021-08-19;1143;1693;224007;193486;68.5;59.2
07;2021-08-20;895;2086;224902;195572;68.8;59.8
07;2021-08-21;361;547;225263;196119;68.9;60.0
07;2021-08-22;7;23;225270;196142;68.9;60.0
07;2021-08-23;465;1307;225735;197449;69.1;60.4
07;2021-08-24;1121;2303;226856;199752;69.4;61.1
07;2021-08-25;683;1829;227539;201581;69.6;61.7
07;2021-08-26;681;2016;228220;203597;69.8;62.3
07;2021-08-27;776;1822;228996;205419;70.1;62.8
07;2021-08-28;333;605;229329;206024;70.2;63.0
07;2021-08-29;1;33;229330;206057;70.2;63.0
07;2021-08-30;423;1323;229753;207380;70.3;63.4
08;2020-12-27;1;0;1;0;0.0;0.0
08;2020-12-28;0;0;1;0;0.0;0.0
08;2020-12-29;0;0;1;0;0.0;0.0
08;2020-12-30;0;0;1;0;0.0;0.0
08;2020-12-31;0;0;1;0;0.0;0.0
08;2021-01-01;0;0;1;0;0.0;0.0
08;2021-01-02;0;0;1;0;0.0;0.0
08;2021-01-03;2;0;3;0;0.0;0.0
08;2021-01-04;24;0;27;0;0.0;0.0
08;2021-01-05;1;0;28;0;0.0;0.0
08;2021-01-06;0;0;28;0;0.0;0.0
08;2021-01-07;188;0;216;0;0.1;0.0
08;2021-01-08;314;0;530;0;0.2;0.0
08;2021-01-09;113;0;643;0;0.2;0.0
08;2021-01-10;1;0;644;0;0.2;0.0
08;2021-01-11;67;0;711;0;0.3;0.0
08;2021-01-12;157;0;868;0;0.3;0.0
08;2021-01-13;480;1;1348;1;0.5;0.0
08;2021-01-14;537;9;1885;10;0.7;0.0
08;2021-01-15;287;2;2172;12;0.8;0.0
08;2021-01-16;106;0;2278;12;0.9;0.0
08;2021-01-17;2;0;2280;12;0.9;0.0
08;2021-01-18;371;2;2651;14;1.0;0.0
08;2021-01-19;872;1;3523;15;1.3;0.0
08;2021-01-20;910;4;4433;19;1.7;0.0
08;2021-01-21;743;1;5176;20;1.9;0.0
08;2021-01-22;678;1;5854;21;2.2;0.0
08;2021-01-23;237;0;6091;21;2.3;0.0
08;2021-01-24;0;0;6091;21;2.3;0.0
08;2021-01-25;207;0;6298;21;2.4;0.0
08;2021-01-26;302;1;6600;22;2.5;0.0
08;2021-01-27;410;1;7010;23;2.6;0.0
08;2021-01-28;565;182;7575;205;2.9;0.1
08;2021-01-29;587;181;8162;386;3.1;0.1
08;2021-01-30;222;63;8384;449;3.2;0.2
08;2021-01-31;0;0;8384;449;3.2;0.2
08;2021-02-01;80;46;8464;495;3.2;0.2
08;2021-02-02;192;171;8656;666;3.3;0.3
08;2021-02-03;141;168;8797;834;3.3;0.3
08;2021-02-04;309;287;9106;1121;3.4;0.4
08;2021-02-05;499;359;9605;1480;3.6;0.6
08;2021-02-06;149;75;9754;1555;3.7;0.6
08;2021-02-07;8;0;9762;1555;3.7;0.6
08;2021-02-08;40;173;9802;1728;3.7;0.7
08;2021-02-09;220;645;10022;2373;3.8;0.9
08;2021-02-10;334;639;10356;3012;3.9;1.1
08;2021-02-11;465;364;10821;3376;4.1;1.3
08;2021-02-12;676;387;11497;3763;4.3;1.4
08;2021-02-13;140;115;11637;3878;4.4;1.5
08;2021-02-14;3;60;11640;3938;4.4;1.5
08;2021-02-15;227;208;11867;4146;4.5;1.6
08;2021-02-16;130;374;11997;4520;4.5;1.7
08;2021-02-17;112;413;12109;4933;4.6;1.9
08;2021-02-18;215;518;12324;5451;4.6;2.1
08;2021-02-19;305;424;12629;5875;4.8;2.2
08;2021-02-20;7;206;12636;6081;4.8;2.3
08;2021-02-21;0;0;12636;6081;4.8;2.3
08;2021-02-22;132;178;12768;6259;4.8;2.4
08;2021-02-23;150;319;12918;6578;4.9;2.5
08;2021-02-24;163;388;13081;6966;4.9;2.6
08;2021-02-25;500;527;13581;7493;5.1;2.8
08;2021-02-26;603;626;14184;8119;5.3;3.1
08;2021-02-27;318;192;14502;8311;5.5;3.1
08;2021-02-28;19;1;14521;8312;5.5;3.1
08;2021-03-01;200;105;14721;8417;5.5;3.2
08;2021-03-02;654;281;15375;8698;5.8;3.3
08;2021-03-03;897;200;16272;8898;6.1;3.4
08;2021-03-04;734;333;17006;9231;6.4;3.5
08;2021-03-05;1022;541;18028;9772;6.8;3.7
08;2021-03-06;694;139;18722;9911;7.1;3.7
08;2021-03-07;75;2;18797;9913;7.1;3.7
08;2021-03-08;217;123;19014;10036;7.2;3.8
08;2021-03-09;687;153;19701;10189;7.4;3.8
08;2021-03-10;1037;120;20738;10309;7.8;3.9
08;2021-03-11;982;251;21720;10560;8.2;4.0
08;2021-03-12;1631;517;23351;11077;8.8;4.2
08;2021-03-13;797;122;24148;11199;9.1;4.2
08;2021-03-14;22;0;24170;11199;9.1;4.2
08;2021-03-15;291;73;24461;11272;9.2;4.2
08;2021-03-16;563;40;25024;11312;9.4;4.3
08;2021-03-17;802;62;25826;11374;9.7;4.3
08;2021-03-18;816;156;26642;11530;10.0;4.3
08;2021-03-19;1135;285;27777;11815;10.5;4.4
08;2021-03-20;509;17;28286;11832;10.7;4.5
08;2021-03-21;13;1;28299;11833;10.7;4.5
08;2021-03-22;367;44;28666;11877;10.8;4.5
08;2021-03-23;733;63;29399;11940;11.1;4.5
08;2021-03-24;1327;70;30726;12010;11.6;4.5
08;2021-03-25;1904;93;32630;12103;12.3;4.6
08;2021-03-26;2570;172;35200;12275;13.3;4.6
08;2021-03-27;898;125;36098;12400;13.6;4.7
08;2021-03-28;228;6;36326;12406;13.7;4.7
08;2021-03-29;261;184;36587;12590;13.8;4.7
08;2021-03-30;832;486;37419;13076;14.1;4.9
08;2021-03-31;852;533;38271;13609;14.4;5.1
08;2021-04-01;1684;447;39955;14056;15.0;5.3
08;2021-04-02;1499;518;41454;14574;15.6;5.5
08;2021-04-03;1329;203;42783;14777;16.1;5.6
08;2021-04-04;134;4;42917;14781;16.2;5.6
08;2021-04-05;17;0;42934;14781;16.2;5.6
08;2021-04-06;703;483;43637;15264;16.4;5.7
08;2021-04-07;910;703;44547;15967;16.8;6.0
08;2021-04-08;1743;522;46290;16489;17.4;6.2
08;2021-04-09;2348;725;48638;17214;18.3;6.5
08;2021-04-10;1449;226;50087;17440;18.9;6.6
08;2021-04-11;10;6;50097;17446;18.9;6.6
08;2021-04-12;671;216;50768;17662;19.1;6.7
08;2021-04-13;1309;612;52077;18274;19.6;6.9
08;2021-04-14;1281;866;53358;19140;20.1;7.2
08;2021-04-15;1606;803;54964;19943;20.7;7.5
08;2021-04-16;1873;878;56837;20821;21.4;7.8
08;2021-04-17;1111;401;57948;21222;21.8;8.0
08;2021-04-18;23;14;57971;21236;21.8;8.0
08;2021-04-19;1151;298;59122;21534;22.3;8.1
08;2021-04-20;1120;542;60242;22076;22.7;8.3
08;2021-04-21;1139;743;61381;22819;23.1;8.6
08;2021-04-22;1327;880;62708;23699;23.6;8.9
08;2021-04-23;1676;1176;64384;24875;24.2;9.4
08;2021-04-24;1325;647;65709;25522;24.7;9.6
08;2021-04-25;26;198;65735;25720;24.8;9.7
08;2021-04-26;1040;155;66775;25875;25.1;9.7
08;2021-04-27;1338;601;68113;26476;25.7;10.0
08;2021-04-28;1453;681;69566;27157;26.2;10.2
08;2021-04-29;1173;1314;70739;28471;26.6;10.7
08;2021-04-30;1769;1615;72508;30086;27.3;11.3
08;2021-05-01;1049;495;73557;30581;27.7;11.5
08;2021-05-02;627;183;74184;30764;27.9;11.6
08;2021-05-03;1169;373;75353;31137;28.4;11.7
08;2021-05-04;1328;872;76681;32009;28.9;12.1
08;2021-05-05;1567;1333;78248;33342;29.5;12.6
08;2021-05-06;1971;1660;80219;35002;30.2;13.2
08;2021-05-07;1861;2100;82080;37102;30.9;14.0
08;2021-05-08;923;767;83003;37869;31.3;14.3
08;2021-05-09;443;71;83446;37940;31.4;14.3
08;2021-05-10;1191;666;84637;38606;31.9;14.5
08;2021-05-11;1909;943;86546;39549;32.6;14.9
08;2021-05-12;1810;1240;88356;40789;33.3;15.4
08;2021-05-13;1306;620;89662;41409;33.8;15.6
08;2021-05-14;2535;1037;92197;42446;34.7;16.0
08;2021-05-15;1821;714;94018;43160;35.4;16.3
08;2021-05-16;820;102;94838;43262;35.7;16.3
08;2021-05-17;700;905;95538;44167;36.0;16.6
08;2021-05-18;1251;841;96789;45008;36.5;17.0
08;2021-05-19;1610;959;98399;45967;37.1;17.3
08;2021-05-20;2147;964;100546;46931;37.9;17.7
08;2021-05-21;2338;1274;102884;48205;38.7;18.2
08;2021-05-22;1817;763;104701;48968;39.4;18.4
08;2021-05-23;864;90;105565;49058;39.8;18.5
08;2021-05-24;714;105;106279;49163;40.0;18.5
08;2021-05-25;1456;671;107735;49834;40.6;18.8
08;2021-05-26;1527;1011;109262;50845;41.1;19.1
08;2021-05-27;2006;1146;111268;51991;41.9;19.6
08;2021-05-28;1973;1822;113241;53813;42.6;20.3
08;2021-05-29;1769;968;115010;54781;43.3;20.6
08;2021-05-30;836;102;115846;54883;43.6;20.7
08;2021-05-31;755;569;116601;55452;43.9;20.9
08;2021-06-01;1351;880;117952;56332;44.4;21.2
08;2021-06-02;1295;1196;119247;57528;44.9;21.7
08;2021-06-03;1386;1524;120633;59052;45.4;22.2
08;2021-06-04;1777;2422;122410;61474;46.1;23.2
08;2021-06-05;1177;1379;123587;62853;46.5;23.7
08;2021-06-06;907;107;124494;62960;46.9;23.7
08;2021-06-07;661;1174;125155;64134;47.1;24.2
08;2021-06-08;931;1495;126086;65629;47.5;24.7
08;2021-06-09;841;1392;126927;67021;47.8;25.2
08;2021-06-10;1718;1557;128645;68578;48.4;25.8
08;2021-06-11;1721;2211;130366;70789;49.1;26.7
08;2021-06-12;1418;1528;131784;72317;49.6;27.2
08;2021-06-13;386;598;132170;72915;49.8;27.5
08;2021-06-14;380;1304;132550;74219;49.9;28.0
08;2021-06-15;740;1550;133290;75769;50.2;28.5
08;2021-06-16;808;2056;134098;77825;50.5;29.3
08;2021-06-17;1285;1854;135383;79679;51.0;30.0
08;2021-06-18;1609;2595;136992;82274;51.6;31.0
08;2021-06-19;1324;1407;138316;83681;52.1;31.5
08;2021-06-20;117;423;138433;84104;52.1;31.7
08;2021-06-21;494;1397;138927;85501;52.3;32.2
08;2021-06-22;809;2023;139736;87524;52.6;33.0
08;2021-06-23;859;1673;140595;89197;52.9;33.6
08;2021-06-24;1037;1924;141632;91121;53.3;34.3
08;2021-06-25;1084;2735;142716;93856;53.7;35.3
08;2021-06-26;1011;1782;143727;95638;54.1;36.0
08;2021-06-27;351;643;144078;96281;54.3;36.3
08;2021-06-28;397;1322;144475;97603;54.4;36.8
08;2021-06-29;628;1472;145103;99075;54.6;37.3
08;2021-06-30;856;1690;145959;100765;55.0;37.9
08;2021-07-01;887;2194;146846;102959;55.3;38.8
08;2021-07-02;939;2642;147785;105601;55.7;39.8
08;2021-07-03;784;2144;148569;107745;56.0;40.6
08;2021-07-04;128;861;148697;108606;56.0;40.9
08;2021-07-05;104;1195;148801;109801;56.0;41.4
08;2021-07-06;425;1835;149226;111636;56.2;42.0
08;2021-07-07;365;1781;149591;113417;56.3;42.7
08;2021-07-08;717;2016;150308;115433;56.6;43.5
08;2021-07-09;733;2435;151041;117868;56.9;44.4
08;2021-07-10;652;1999;151693;119867;57.1;45.1
08;2021-07-11;238;725;151931;120592;57.2;45.4
08;2021-07-12;312;1192;152243;121784;57.3;45.9
08;2021-07-13;946;1788;153189;123572;57.7;46.5
08;2021-07-14;178;329;153367;123901;57.8;46.7
08;2021-07-15;760;2448;154127;126349;58.0;47.6
08;2021-07-16;1083;2408;155210;128757;58.5;48.5
08;2021-07-17;993;2107;156203;130864;58.8;49.3
08;2021-07-18;346;740;156549;131604;59.0;49.6
08;2021-07-19;457;920;157006;132524;59.1;49.9
08;2021-07-20;878;1435;157884;133959;59.5;50.4
08;2021-07-21;1235;1720;159119;135679;59.9;51.1
08;2021-07-22;1150;2168;160269;137847;60.4;51.9
08;2021-07-23;1585;2444;161854;140291;61.0;52.8
08;2021-07-24;1310;1924;163164;142215;61.4;53.6
08;2021-07-25;774;444;163938;142659;61.7;53.7
08;2021-07-26;1322;846;165260;143505;62.2;54.0
08;2021-07-27;2186;1409;167446;144914;63.1;54.6
08;2021-07-28;2414;1451;169860;146365;64.0;55.1
08;2021-07-29;2604;1348;172464;147713;65.0;55.6
08;2021-07-30;2600;1586;175064;149299;65.9;56.2
08;2021-07-31;1974;1075;177038;150374;66.7;56.6
08;2021-08-01;934;300;177972;150674;67.0;56.7
08;2021-08-02;1252;681;179224;151355;67.5;57.0
08;2021-08-03;1630;822;180854;152177;68.1;57.3
08;2021-08-04;1489;665;182343;152842;68.7;57.6
08;2021-08-05;1903;974;184246;153816;69.4;57.9
08;2021-08-06;2585;1097;186831;154913;70.4;58.3
08;2021-08-07;1671;1163;188502;156076;71.0;58.8
08;2021-08-08;583;374;189085;156450;71.2;58.9
08;2021-08-09;672;536;189757;156986;71.5;59.1
08;2021-08-10;875;752;190632;157738;71.8;59.4
08;2021-08-11;522;791;191154;158529;72.0;59.7
08;2021-08-12;1147;1078;192301;159607;72.4;60.1
08;2021-08-13;1142;1016;193443;160623;72.9;60.5
08;2021-08-14;587;913;194030;161536;73.1;60.8
08;2021-08-15;137;274;194167;161810;73.1;60.9
08;2021-08-16;219;1178;194386;162988;73.2;61.4
08;2021-08-17;513;1209;194899;164197;73.4;61.8
08;2021-08-18;278;1264;195177;165461;73.5;62.3
08;2021-08-19;605;1889;195782;167350;73.7;63.0
08;2021-08-20;682;2176;196464;169526;74.0;63.8
08;2021-08-21;273;1339;196737;170865;74.1;64.3
08;2021-08-22;105;900;196842;171765;74.1;64.7
08;2021-08-23;160;1448;197002;173213;74.2;65.2
08;2021-08-24;360;1753;197362;174966;74.3;65.9
08;2021-08-25;320;1247;197682;176213;74.4;66.4
08;2021-08-26;500;2062;198182;178275;74.6;67.1
08;2021-08-27;449;2324;198631;180599;74.8;68.0
08;2021-08-28;254;1284;198885;181883;74.9;68.5
08;2021-08-29;167;560;199052;182443;75.0;68.7
08;2021-08-30;294;1161;199346;183604;75.1;69.1
09;2020-12-27;0;0;0;0;0.0;0.0
09;2020-12-28;1;0;1;0;0.0;0.0
09;2020-12-29;0;0;1;0;0.0;0.0
09;2020-12-30;0;0;1;0;0.0;0.0
09;2020-12-31;0;0;1;0;0.0;0.0
09;2021-01-01;0;0;1;0;0.0;0.0
09;2021-01-02;0;0;1;0;0.0;0.0
09;2021-01-03;0;0;1;0;0.0;0.0
09;2021-01-04;2;1;3;1;0.0;0.0
09;2021-01-05;0;0;3;1;0.0;0.0
09;2021-01-06;3;0;6;1;0.0;0.0
09;2021-01-07;257;2;263;3;0.2;0.0
09;2021-01-08;228;0;491;3;0.3;0.0
09;2021-01-09;103;0;594;3;0.4;0.0
09;2021-01-10;59;0;653;3;0.4;0.0
09;2021-01-11;175;0;828;3;0.5;0.0
09;2021-01-12;304;0;1132;3;0.7;0.0
09;2021-01-13;196;0;1328;3;0.9;0.0
09;2021-01-14;432;8;1760;11;1.2;0.0
09;2021-01-15;223;1;1983;12;1.3;0.0
09;2021-01-16;194;2;2177;14;1.4;0.0
09;2021-01-17;123;0;2300;14;1.5;0.0
09;2021-01-18;267;1;2567;15;1.7;0.0
09;2021-01-19;258;1;2825;16;1.9;0.0
09;2021-01-20;346;1;3171;17;2.1;0.0
09;2021-01-21;333;1;3504;18;2.3;0.0
09;2021-01-22;331;1;3835;19;2.5;0.0
09;2021-01-23;237;0;4072;19;2.7;0.0
09;2021-01-24;85;1;4157;20;2.7;0.0
09;2021-01-25;204;12;4361;32;2.9;0.0
09;2021-01-26;634;25;4995;57;3.3;0.0
09;2021-01-27;472;49;5467;106;3.6;0.1
09;2021-01-28;285;205;5752;311;3.8;0.2
09;2021-01-29;250;127;6002;438;3.9;0.3
09;2021-01-30;143;55;6145;493;4.0;0.3
09;2021-01-31;56;10;6201;503;4.1;0.3
09;2021-02-01;82;140;6283;643;4.1;0.4
09;2021-02-02;57;295;6340;938;4.2;0.6
09;2021-02-03;87;204;6427;1142;4.2;0.7
09;2021-02-04;49;299;6476;1441;4.2;0.9
09;2021-02-05;89;152;6565;1593;4.3;1.0
09;2021-02-06;68;47;6633;1640;4.4;1.1
09;2021-02-07;6;69;6639;1709;4.4;1.1
09;2021-02-08;22;172;6661;1881;4.4;1.2
09;2021-02-09;54;288;6715;2169;4.4;1.4
09;2021-02-10;15;195;6730;2364;4.4;1.6
09;2021-02-11;6;220;6736;2584;4.4;1.7
09;2021-02-12;149;176;6885;2760;4.5;1.8
09;2021-02-13;7;144;6892;2904;4.5;1.9
09;2021-02-14;0;52;6892;2956;4.5;1.9
09;2021-02-15;75;132;6967;3088;4.6;2.0
09;2021-02-16;227;509;7194;3597;4.7;2.4
09;2021-02-17;83;385;7277;3982;4.8;2.6
09;2021-02-18;87;449;7364;4431;4.8;2.9
09;2021-02-19;65;282;7429;4713;4.9;3.1
09;2021-02-20;59;198;7488;4911;4.9;3.2
09;2021-02-21;0;50;7488;4961;4.9;3.3
09;2021-02-22;127;217;7615;5178;5.0;3.4
09;2021-02-23;161;143;7776;5321;5.1;3.5
09;2021-02-24;74;178;7850;5499;5.2;3.6
09;2021-02-25;211;167;8061;5666;5.3;3.7
09;2021-02-26;162;177;8223;5843;5.4;3.8
09;2021-02-27;65;71;8288;5914;5.4;3.9
09;2021-02-28;44;17;8332;5931;5.5;3.9
09;2021-03-01;247;95;8579;6026;5.6;4.0
09;2021-03-02;284;77;8863;6103;5.8;4.0
09;2021-03-03;252;131;9115;6234;6.0;4.1
09;2021-03-04;413;32;9528;6266;6.3;4.1
09;2021-03-05;331;64;9859;6330;6.5;4.2
09;2021-03-06;397;46;10256;6376;6.7;4.2
09;2021-03-07;124;4;10380;6380;6.8;4.2
09;2021-03-08;380;64;10760;6444;7.1;4.2
09;2021-03-09;437;140;11197;6584;7.3;4.3
09;2021-03-10;560;71;11757;6655;7.7;4.4
09;2021-03-11;695;79;12452;6734;8.2;4.4
09;2021-03-12;659;33;13111;6767;8.6;4.4
09;2021-03-13;385;3;13496;6770;8.9;4.4
09;2021-03-14;120;3;13616;6773;8.9;4.4
09;2021-03-15;467;50;14083;6823;9.2;4.5
09;2021-03-16;370;80;14453;6903;9.5;4.5
09;2021-03-17;399;72;14852;6975;9.7;4.6
09;2021-03-18;454;43;15306;7018;10.0;4.6
09;2021-03-19;525;57;15831;7075;10.4;4.6
09;2021-03-20;313;39;16144;7114;10.6;4.7
09;2021-03-21;105;0;16249;7114;10.7;4.7
09;2021-03-22;424;119;16673;7233;10.9;4.7
09;2021-03-23;566;173;17239;7406;11.3;4.9
09;2021-03-24;711;43;17950;7449;11.8;4.9
09;2021-03-25;869;138;18819;7587;12.3;5.0
09;2021-03-26;751;46;19570;7633;12.8;5.0
09;2021-03-27;622;70;20192;7703;13.2;5.1
09;2021-03-28;132;24;20324;7727;13.3;5.1
09;2021-03-29;498;279;20822;8006;13.7;5.3
09;2021-03-30;729;156;21551;8162;14.1;5.4
09;2021-03-31;802;181;22353;8343;14.7;5.5
09;2021-04-01;734;256;23087;8599;15.1;5.6
09;2021-04-02;693;266;23780;8865;15.6;5.8
09;2021-04-03;771;117;24551;8982;16.1;5.9
09;2021-04-04;122;57;24673;9039;16.2;5.9
09;2021-04-05;237;61;24910;9100;16.3;6.0
09;2021-04-06;1057;394;25967;9494;17.0;6.2
09;2021-04-07;1209;358;27176;9852;17.8;6.5
09;2021-04-08;1470;406;28646;10258;18.8;6.7
09;2021-04-09;1138;414;29784;10672;19.5;7.0
09;2021-04-10;1349;195;31133;10867;20.4;7.1
09;2021-04-11;173;102;31306;10969;20.5;7.2
09;2021-04-12;737;346;32043;11315;21.0;7.4
09;2021-04-13;1047;414;33090;11729;21.7;7.7
09;2021-04-14;1332;511;34422;12240;22.6;8.0
09;2021-04-15;1148;505;35570;12745;23.3;8.4
09;2021-04-16;1032;415;36602;13160;24.0;8.6
09;2021-04-17;1194;356;37796;13516;24.8;8.9
09;2021-04-18;102;96;37898;13612;24.9;8.9
09;2021-04-19;697;407;38595;14019;25.3;9.2
09;2021-04-20;766;532;39361;14551;25.8;9.5
09;2021-04-21;940;590;40301;15141;26.4;9.9
09;2021-04-22;666;608;40967;15749;26.9;10.3
09;2021-04-23;773;430;41740;16179;27.4;10.6
09;2021-04-24;741;671;42481;16850;27.9;11.1
09;2021-04-25;75;113;42556;16963;27.9;11.1
09;2021-04-26;382;533;42938;17496;28.2;11.5
09;2021-04-27;443;721;43381;18217;28.5;12.0
09;2021-04-28;806;795;44187;19012;29.0;12.5
09;2021-04-29;550;776;44737;19788;29.4;13.0
09;2021-04-30;621;724;45358;20512;29.8;13.5
09;2021-05-01;478;455;45836;20967;30.1;13.8
09;2021-05-02;51;100;45887;21067;30.1;13.8
09;2021-05-03;521;663;46408;21730;30.5;14.3
09;2021-05-04;555;1349;46963;23079;30.8;15.1
09;2021-05-05;822;1348;47785;24427;31.4;16.0
09;2021-05-06;849;1033;48634;25460;31.9;16.7
09;2021-05-07;977;822;49611;26282;32.6;17.2
09;2021-05-08;395;461;50006;26743;32.8;17.5
09;2021-05-09;264;84;50270;26827;33.0;17.6
09;2021-05-10;504;966;50774;27793;33.3;18.2
09;2021-05-11;742;1052;51516;28845;33.8;18.9
09;2021-05-12;1535;1404;53051;30249;34.8;19.8
09;2021-05-13;1383;425;54434;30674;35.7;20.1
09;2021-05-14;986;654;55420;31328;36.4;20.6
09;2021-05-15;1236;790;56656;32118;37.2;21.1
09;2021-05-16;296;48;56952;32166;37.4;21.1
09;2021-05-17;873;413;57825;32579;37.9;21.4
09;2021-05-18;1291;396;59116;32975;38.8;21.6
09;2021-05-19;1495;370;60611;33345;39.8;21.9
09;2021-05-20;1380;404;61991;33749;40.7;22.1
09;2021-05-21;1164;496;63155;34245;41.4;22.5
09;2021-05-22;1546;365;64701;34610;42.5;22.7
09;2021-05-23;273;25;64974;34635;42.6;22.7
09;2021-05-24;177;100;65151;34735;42.8;22.8
09;2021-05-25;998;500;66149;35235;43.4;23.1
09;2021-05-26;1285;446;67434;35681;44.2;23.4
09;2021-05-27;966;403;68400;36084;44.9;23.7
09;2021-05-28;958;513;69358;36597;45.5;24.0
09;2021-05-29;1797;600;71155;37197;46.7;24.4
09;2021-05-30;541;197;71696;37394;47.0;24.5
09;2021-05-31;717;593;72413;37987;47.5;24.9
09;2021-06-01;969;642;73382;38629;48.2;25.3
09;2021-06-02;1009;896;74391;39525;48.8;25.9
09;2021-06-03;810;682;75201;40207;49.3;26.4
09;2021-06-04;877;799;76078;41006;49.9;26.9
09;2021-06-05;1320;874;77398;41880;50.8;27.5
09;2021-06-06;304;108;77702;41988;51.0;27.6
09;2021-06-07;623;517;78325;42505;51.4;27.9
09;2021-06-08;823;488;79148;42993;51.9;28.2
09;2021-06-09;806;834;79954;43827;52.5;28.8
09;2021-06-10;642;534;80596;44361;52.9;29.1
09;2021-06-11;831;762;81427;45123;53.4;29.6
09;2021-06-12;636;809;82063;45932;53.8;30.1
09;2021-06-13;94;130;82157;46062;53.9;30.2
09;2021-06-14;629;708;82786;46770;54.3;30.7
09;2021-06-15;824;889;83610;47659;54.9;31.3
09;2021-06-16;627;1078;84237;48737;55.3;32.0
09;2021-06-17;780;854;85017;49591;55.8;32.5
09;2021-06-18;635;1151;85652;50742;56.2;33.3
09;2021-06-19;517;1580;86169;52322;56.5;34.3
09;2021-06-20;8;279;86177;52601;56.5;34.5
09;2021-06-21;474;699;86651;53300;56.9;35.0
09;2021-06-22;463;1066;87114;54366;57.2;35.7
09;2021-06-23;435;1224;87549;55590;57.4;36.5
09;2021-06-24;581;772;88130;56362;57.8;37.0
09;2021-06-25;411;1062;88541;57424;58.1;37.7
09;2021-06-26;443;1087;88984;58511;58.4;38.4
09;2021-06-27;2;275;88986;58786;58.4;38.6
09;2021-06-28;239;1047;89225;59833;58.5;39.3
09;2021-06-29;314;1229;89539;61062;58.8;40.1
09;2021-06-30;457;1491;89996;62553;59.1;41.0
09;2021-07-01;384;1430;90380;63983;59.3;42.0
09;2021-07-02;308;1162;90688;65145;59.5;42.7
09;2021-07-03;210;1619;90898;66764;59.6;43.8
09;2021-07-04;4;254;90902;67018;59.6;44.0
09;2021-07-05;189;714;91091;67732;59.8;44.4
09;2021-07-06;293;1223;91384;68955;60.0;45.2
09;2021-07-07;419;1398;91803;70353;60.2;46.2
09;2021-07-08;325;1059;92128;71412;60.5;46.9
09;2021-07-09;293;1154;92421;72566;60.6;47.6
09;2021-07-10;345;1727;92766;74293;60.9;48.7
09;2021-07-11;147;392;92913;74685;61.0;49.0
09;2021-07-12;187;1074;93100;75759;61.1;49.7
09;2021-07-13;642;1306;93742;77065;61.5;50.6
09;2021-07-14;490;219;94232;77284;61.8;50.7
09;2021-07-15;819;1166;95051;78450;62.4;51.5
09;2021-07-16;610;1191;95661;79641;62.8;52.3
09;2021-07-17;1016;1444;96677;81085;63.4;53.2
09;2021-07-18;301;221;96978;81306;63.6;53.4
09;2021-07-19;483;972;97461;82278;64.0;54.0
09;2021-07-20;830;1259;98291;83537;64.5;54.8
09;2021-07-21;1017;1167;99308;84704;65.2;55.6
09;2021-07-22;847;905;100155;85609;65.7;56.2
09;2021-07-23;724;910;100879;86519;66.2;56.8
09;2021-07-24;928;463;101807;86982;66.8;57.1
09;2021-07-25;559;134;102366;87116;67.2;57.2
09;2021-07-26;647;766;103013;87882;67.6;57.7
09;2021-07-27;1179;943;104192;88825;68.4;58.3
09;2021-07-28;1194;984;105386;89809;69.2;58.9
09;2021-07-29;1040;734;106426;90543;69.8;59.4
09;2021-07-30;779;621;107205;91164;70.3;59.8
09;2021-07-31;1378;416;108583;91580;71.2;60.1
09;2021-08-01;141;125;108724;91705;71.3;60.2
09;2021-08-02;614;479;109338;92184;71.7;60.5
09;2021-08-03;1253;767;110591;92951;72.6;61.0
09;2021-08-04;1398;654;111989;93605;73.5;61.4
09;2021-08-05;997;675;112986;94280;74.1;61.9
09;2021-08-06;1014;639;114000;94919;74.8;62.3
09;2021-08-07;826;427;114826;95346;75.3;62.6
09;2021-08-08;129;131;114955;95477;75.4;62.6
09;2021-08-09;690;649;115645;96126;75.9;63.1
09;2021-08-10;931;693;116576;96819;76.5;63.5
09;2021-08-11;894;870;117470;97689;77.1;64.1
09;2021-08-12;630;729;118100;98418;77.5;64.6
09;2021-08-13;460;645;118560;99063;77.8;65.0
09;2021-08-14;311;828;118871;99891;78.0;65.5
09;2021-08-15;67;138;118938;100029;78.0;65.6
09;2021-08-16;545;619;119483;100648;78.4;66.0
09;2021-08-17;673;776;120156;101424;78.8;66.6
09;2021-08-18;619;930;120775;102354;79.2;67.2
09;2021-08-19;432;721;121207;103075;79.5;67.6
09;2021-08-20;363;749;121570;103824;79.8;68.1
09;2021-08-21;344;1378;121914;105202;80.0;69.0
09;2021-08-22;67;168;121981;105370;80.0;69.1
09;2021-08-23;336;758;122317;106128;80.3;69.6
09;2021-08-24;402;955;122719;107083;80.5;70.3
09;2021-08-25;282;1004;123001;108087;80.7;70.9
09;2021-08-26;315;927;123316;109014;80.9;71.5
09;2021-08-27;223;740;123539;109754;81.1;72.0
09;2021-08-28;256;969;123795;110723;81.2;72.7
09;2021-08-29;16;144;123811;110867;81.2;72.7
09;2021-08-30;274;746;124085;111613;81.4;73.2
10;2020-12-27;0;0;0;0;0.0;0.0
10;2020-12-28;0;0;0;0;0.0;0.0
10;2020-12-29;0;0;0;0;0.0;0.0
10;2020-12-30;0;0;0;0;0.0;0.0
10;2020-12-31;0;0;0;0;0.0;0.0
10;2021-01-01;0;0;0;0;0.0;0.0
10;2021-01-02;1;0;1;0;0.0;0.0
10;2021-01-03;0;0;1;0;0.0;0.0
10;2021-01-04;0;0;1;0;0.0;0.0
10;2021-01-05;1;0;2;0;0.0;0.0
10;2021-01-06;0;0;2;0;0.0;0.0
10;2021-01-07;84;0;86;0;0.0;0.0
10;2021-01-08;255;0;341;0;0.1;0.0
10;2021-01-09;0;0;341;0;0.1;0.0
10;2021-01-10;0;0;341;0;0.1;0.0
10;2021-01-11;117;0;458;0;0.1;0.0
10;2021-01-12;191;0;649;0;0.2;0.0
10;2021-01-13;313;0;962;0;0.3;0.0
10;2021-01-14;391;7;1353;7;0.4;0.0
10;2021-01-15;359;3;1712;10;0.6;0.0
10;2021-01-16;56;0;1768;10;0.6;0.0
10;2021-01-17;0;0;1768;10;0.6;0.0
10;2021-01-18;701;2;2469;12;0.8;0.0
10;2021-01-19;1387;3;3856;15;1.2;0.0
10;2021-01-20;1079;9;4935;24;1.6;0.0
10;2021-01-21;1152;2;6087;26;2.0;0.0
10;2021-01-22;819;2;6906;28;2.2;0.0
10;2021-01-23;309;0;7215;28;2.3;0.0
10;2021-01-24;0;0;7215;28;2.3;0.0
10;2021-01-25;445;8;7660;36;2.5;0.0
10;2021-01-26;487;17;8147;53;2.6;0.0
10;2021-01-27;459;15;8606;68;2.8;0.0
10;2021-01-28;358;48;8964;116;2.9;0.0
10;2021-01-29;430;191;9394;307;3.0;0.1
10;2021-01-30;30;0;9424;307;3.0;0.1
10;2021-01-31;0;0;9424;307;3.0;0.1
10;2021-02-01;405;139;9829;446;3.2;0.1
10;2021-02-02;182;150;10011;596;3.2;0.2
10;2021-02-03;361;215;10372;811;3.3;0.3
10;2021-02-04;342;269;10714;1080;3.5;0.3
10;2021-02-05;327;319;11041;1399;3.6;0.5
10;2021-02-06;3;35;11044;1434;3.6;0.5
10;2021-02-07;0;0;11044;1434;3.6;0.5
10;2021-02-08;190;411;11234;1845;3.6;0.6
10;2021-02-09;485;585;11719;2430;3.8;0.8
10;2021-02-10;666;479;12385;2909;4.0;0.9
10;2021-02-11;781;595;13166;3504;4.2;1.1
10;2021-02-12;580;551;13746;4055;4.4;1.3
10;2021-02-13;37;119;13783;4174;4.4;1.3
10;2021-02-14;0;0;13783;4174;4.4;1.3
10;2021-02-15;142;441;13925;4615;4.5;1.5
10;2021-02-16;116;541;14041;5156;4.5;1.7
10;2021-02-17;129;603;14170;5759;4.6;1.9
10;2021-02-18;216;554;14386;6313;4.6;2.0
10;2021-02-19;187;472;14573;6785;4.7;2.2
10;2021-02-20;24;183;14597;6968;4.7;2.2
10;2021-02-21;0;0;14597;6968;4.7;2.2
10;2021-02-22;77;445;14674;7413;4.7;2.4
10;2021-02-23;76;559;14750;7972;4.8;2.6
10;2021-02-24;113;374;14863;8346;4.8;2.7
10;2021-02-25;324;374;15187;8720;4.9;2.8
10;2021-02-26;351;283;15538;9003;5.0;2.9
10;2021-02-27;275;129;15813;9132;5.1;2.9
10;2021-02-28;0;0;15813;9132;5.1;2.9
10;2021-03-01;257;332;16070;9464;5.2;3.1
10;2021-03-02;435;370;16505;9834;5.3;3.2
10;2021-03-03;454;580;16959;10414;5.5;3.4
10;2021-03-04;636;500;17595;10914;5.7;3.5
10;2021-03-05;677;253;18272;11167;5.9;3.6
10;2021-03-06;950;44;19222;11211;6.2;3.6
10;2021-03-07;769;6;19991;11217;6.5;3.6
10;2021-03-08;502;443;20493;11660;6.6;3.8
10;2021-03-09;673;434;21166;12094;6.8;3.9
10;2021-03-10;660;364;21826;12458;7.0;4.0
10;2021-03-11;1174;234;23000;12692;7.4;4.1
10;2021-03-12;1338;247;24338;12939;7.9;4.2
10;2021-03-13;891;38;25229;12977;8.1;4.2
10;2021-03-14;1381;15;26610;12992;8.6;4.2
10;2021-03-15;821;80;27431;13072;8.9;4.2
10;2021-03-16;688;64;28119;13136;9.1;4.2
10;2021-03-17;831;67;28950;13203;9.3;4.3
10;2021-03-18;885;81;29835;13284;9.6;4.3
10;2021-03-19;950;70;30785;13354;9.9;4.3
10;2021-03-20;552;18;31337;13372;10.1;4.3
10;2021-03-21;1849;43;33186;13415;10.7;4.3
10;2021-03-22;879;73;34065;13488;11.0;4.4
10;2021-03-23;1245;91;35310;13579;11.4;4.4
10;2021-03-24;1311;59;36621;13638;11.8;4.4
10;2021-03-25;1676;229;38297;13867;12.4;4.5
10;2021-03-26;1431;116;39728;13983;12.8;4.5
10;2021-03-27;762;79;40490;14062;13.1;4.5
10;2021-03-28;1221;29;41711;14091;13.5;4.5
10;2021-03-29;648;304;42359;14395;13.7;4.6
10;2021-03-30;927;376;43286;14771;14.0;4.8
10;2021-03-31;617;360;43903;15131;14.2;4.9
10;2021-04-01;884;684;44787;15815;14.5;5.1
10;2021-04-02;1069;588;45856;16403;14.8;5.3
10;2021-04-03;540;605;46396;17008;15.0;5.5
10;2021-04-04;1826;260;48222;17268;15.6;5.6
10;2021-04-05;1843;43;50065;17311;16.2;5.6
10;2021-04-06;514;650;50579;17961;16.3;5.8
10;2021-04-07;589;540;51168;18501;16.5;6.0
10;2021-04-08;1057;608;52225;19109;16.9;6.2
10;2021-04-09;1130;612;53355;19721;17.2;6.4
10;2021-04-10;1770;349;55125;20070;17.8;6.5
10;2021-04-11;55;1221;55180;21291;17.8;6.9
10;2021-04-12;1003;807;56183;22098;18.1;7.1
10;2021-04-13;1506;894;57689;22992;18.6;7.4
10;2021-04-14;820;600;58509;23592;18.9;7.6
10;2021-04-15;1454;894;59963;24486;19.3;7.9
10;2021-04-16;1109;697;61072;25183;19.7;8.1
10;2021-04-17;2391;362;63463;25545;20.5;8.2
10;2021-04-18;1421;1786;64884;27331;20.9;8.8
10;2021-04-19;838;833;65722;28164;21.2;9.1
10;2021-04-20;545;1034;66267;29198;21.4;9.4
10;2021-04-21;636;975;66903;30173;21.6;9.7
10;2021-04-22;932;963;67835;31136;21.9;10.0
10;2021-04-23;2173;777;70008;31913;22.6;10.3
10;2021-04-24;2296;376;72304;32289;23.3;10.4
10;2021-04-25;1989;1215;74293;33504;24.0;10.8
10;2021-04-26;773;621;75066;34125;24.2;11.0
10;2021-04-27;895;536;75961;34661;24.5;11.2
10;2021-04-28;873;405;76834;35066;24.8;11.3
10;2021-04-29;1433;673;78267;35739;25.3;11.5
10;2021-04-30;2173;768;80440;36507;26.0;11.8
10;2021-05-01;1988;2168;82428;38675;26.6;12.5
10;2021-05-02;1948;1895;84376;40570;27.2;13.1
10;2021-05-03;622;447;84998;41017;27.4;13.2
10;2021-05-04;1144;1246;86142;42263;27.8;13.6
10;2021-05-05;1755;1021;87897;43284;28.4;14.0
10;2021-05-06;2257;948;90154;44232;29.1;14.3
10;2021-05-07;2217;1140;92371;45372;29.8;14.6
10;2021-05-08;2272;860;94643;46232;30.5;14.9
10;2021-05-09;2005;99;96648;46331;31.2;14.9
10;2021-05-10;530;1093;97178;47424;31.4;15.3
10;2021-05-11;1051;1029;98229;48453;31.7;15.6
10;2021-05-12;2061;883;100290;49336;32.4;15.9
10;2021-05-13;2180;434;102470;49770;33.1;16.1
10;2021-05-14;2729;673;105199;50443;33.9;16.3
10;2021-05-15;2426;2049;107625;52492;34.7;16.9
10;2021-05-16;2081;1448;109706;53940;35.4;17.4
10;2021-05-17;1451;443;111157;54383;35.9;17.5
10;2021-05-18;2511;640;113668;55023;36.7;17.8
10;2021-05-19;1553;641;115221;55664;37.2;18.0
10;2021-05-20;1891;847;117112;56511;37.8;18.2
10;2021-05-21;2318;618;119430;57129;38.5;18.4
10;2021-05-22;2180;422;121610;57551;39.2;18.6
10;2021-05-23;1817;139;123427;57690;39.8;18.6
10;2021-05-24;1968;177;125395;57867;40.5;18.7
10;2021-05-25;2195;492;127590;58359;41.2;18.8
10;2021-05-26;1677;421;129267;58780;41.7;19.0
10;2021-05-27;1660;755;130927;59535;42.2;19.2
10;2021-05-28;1719;1185;132646;60720;42.8;19.6
10;2021-05-29;2170;642;134816;61362;43.5;19.8
10;2021-05-30;1029;135;135845;61497;43.8;19.8
10;2021-05-31;1040;750;136885;62247;44.2;20.1
10;2021-06-01;1134;886;138019;63133;44.5;20.4
10;2021-06-02;1032;719;139051;63852;44.9;20.6
10;2021-06-03;1473;1071;140524;64923;45.3;20.9
10;2021-06-04;1768;2601;142292;67524;45.9;21.8
10;2021-06-05;1519;2454;143811;69978;46.4;22.6
10;2021-06-06;1005;1876;144816;71854;46.7;23.2
10;2021-06-07;698;1112;145514;72966;47.0;23.5
10;2021-06-08;896;1171;146410;74137;47.2;23.9
10;2021-06-09;877;913;147287;75050;47.5;24.2
10;2021-06-10;678;1072;147965;76122;47.7;24.6
10;2021-06-11;1199;2209;149164;78331;48.1;25.3
10;2021-06-12;855;2387;150019;80718;48.4;26.0
10;2021-06-13;401;1835;150420;82553;48.5;26.6
10;2021-06-14;534;742;150954;83295;48.7;26.9
10;2021-06-15;740;2132;151694;85427;48.9;27.6
10;2021-06-16;740;1860;152434;87287;49.2;28.2
10;2021-06-17;849;2458;153283;89745;49.5;29.0
10;2021-06-18;1031;2473;154314;92218;49.8;29.8
10;2021-06-19;981;2595;155295;94813;50.1;30.6
10;2021-06-20;549;1599;155844;96412;50.3;31.1
10;2021-06-21;682;1045;156526;97457;50.5;31.4
10;2021-06-22;744;1525;157270;98982;50.7;31.9
10;2021-06-23;651;2408;157921;101390;51.0;32.7
10;2021-06-24;784;2618;158705;104008;51.2;33.6
10;2021-06-25;730;3044;159435;107052;51.4;34.5
10;2021-06-26;513;2746;159948;109798;51.6;35.4
10;2021-06-27;403;1939;160351;111737;51.7;36.1
10;2021-06-28;685;1787;161036;113524;52.0;36.6
10;2021-06-29;617;2694;161653;116218;52.2;37.5
10;2021-06-30;534;1524;162187;117742;52.3;38.0
10;2021-07-01;553;2171;162740;119913;52.5;38.7
10;2021-07-02;668;2727;163408;122640;52.7;39.6
10;2021-07-03;529;2600;163937;125240;52.9;40.4
10;2021-07-04;411;1727;164348;126967;53.0;41.0
10;2021-07-05;667;2222;165015;129189;53.2;41.7
10;2021-07-06;652;2190;165667;131379;53.5;42.4
10;2021-07-07;636;1703;166303;133082;53.7;42.9
10;2021-07-08;749;1458;167052;134540;53.9;43.4
10;2021-07-09;815;1947;167867;136487;54.2;44.0
10;2021-07-10;633;2096;168500;138583;54.4;44.7
10;2021-07-11;500;1383;169000;139966;54.5;45.2
10;2021-07-12;780;1623;169780;141589;54.8;45.7
10;2021-07-13;1125;1873;170905;143462;55.1;46.3
10;2021-07-14;1170;1056;172075;144518;55.5;46.6
10;2021-07-15;1474;1979;173549;146497;56.0;47.3
10;2021-07-16;1240;2272;174789;148769;56.4;48.0
10;2021-07-17;1288;1739;176077;150508;56.8;48.6
10;2021-07-18;942;1225;177019;151733;57.1;49.0
10;2021-07-19;1360;1620;178379;153353;57.6;49.5
10;2021-07-20;1686;1434;180065;154787;58.1;49.9
10;2021-07-21;1395;1487;181460;156274;58.6;50.4
10;2021-07-22;1935;1599;183395;157873;59.2;50.9
10;2021-07-23;1595;1545;184990;159418;59.7;51.4
10;2021-07-24;1391;1228;186381;160646;60.1;51.8
10;2021-07-25;1251;789;187632;161435;60.5;52.1
10;2021-07-26;1913;1315;189545;162750;61.2;52.5
10;2021-07-27;2136;1088;191681;163838;61.9;52.9
10;2021-07-28;2096;1018;193777;164856;62.5;53.2
10;2021-07-29;2436;1199;196213;166055;63.3;53.6
10;2021-07-30;2162;1310;198375;167365;64.0;54.0
10;2021-07-31;1677;936;200052;168301;64.6;54.3
10;2021-08-01;1235;572;201287;168873;65.0;54.5
10;2021-08-02;1336;1337;202623;170210;65.4;54.9
10;2021-08-03;1563;897;204186;171107;65.9;55.2
10;2021-08-04;1318;1067;205504;172174;66.3;55.6
10;2021-08-05;1628;1346;207132;173520;66.8;56.0
10;2021-08-06;1800;1330;208932;174850;67.4;56.4
10;2021-08-07;1150;1133;210082;175983;67.8;56.8
10;2021-08-08;659;752;210741;176735;68.0;57.0
10;2021-08-09;1302;1543;212043;178278;68.4;57.5
10;2021-08-10;1620;1348;213663;179626;68.9;58.0
10;2021-08-11;822;1106;214485;180732;69.2;58.3
10;2021-08-12;1023;1226;215508;181958;69.5;58.7
10;2021-08-13;729;1075;216237;183033;69.8;59.1
10;2021-08-14;571;1237;216808;184270;70.0;59.5
10;2021-08-15;302;778;217110;185048;70.1;59.7
10;2021-08-16;700;1617;217810;186665;70.3;60.2
10;2021-08-17;861;1773;218671;188438;70.6;60.8
10;2021-08-18;692;1618;219363;190056;70.8;61.3
10;2021-08-19;538;1568;219901;191624;71.0;61.8
10;2021-08-20;602;1742;220503;193366;71.2;62.4
10;2021-08-21;419;1436;220922;194802;71.3;62.9
10;2021-08-22;187;1061;221109;195863;71.3;63.2
10;2021-08-23;478;1558;221587;197421;71.5;63.7
10;2021-08-24;663;1769;222250;199190;71.7;64.3
10;2021-08-25;453;1376;222703;200566;71.9;64.7
10;2021-08-26;427;1484;223130;202050;72.0;65.2
10;2021-08-27;617;1586;223747;203636;72.2;65.7
10;2021-08-28;385;1331;224132;204967;72.3;66.1
10;2021-08-29;225;946;224357;205913;72.4;66.4
10;2021-08-30;429;1390;224786;207303;72.5;66.9
11;2020-12-27;0;0;0;0;0.0;0.0
11;2020-12-28;1;0;1;0;0.0;0.0
11;2020-12-29;1;0;2;0;0.0;0.0
11;2020-12-30;0;0;2;0;0.0;0.0
11;2020-12-31;0;0;2;0;0.0;0.0
11;2021-01-01;0;0;2;0;0.0;0.0
11;2021-01-02;5;0;7;0;0.0;0.0
11;2021-01-03;0;0;7;0;0.0;0.0
11;2021-01-04;1;0;8;0;0.0;0.0
11;2021-01-05;94;0;102;0;0.0;0.0
11;2021-01-06;25;0;127;0;0.0;0.0
11;2021-01-07;119;0;246;0;0.1;0.0
11;2021-01-08;91;1;337;1;0.1;0.0
11;2021-01-09;86;0;423;1;0.1;0.0
11;2021-01-10;67;0;490;1;0.1;0.0
11;2021-01-11;136;0;626;1;0.2;0.0
11;2021-01-12;545;3;1171;4;0.3;0.0
11;2021-01-13;410;1;1581;5;0.4;0.0
11;2021-01-14;644;8;2225;13;0.6;0.0
11;2021-01-15;343;4;2568;17;0.7;0.0
11;2021-01-16;77;1;2645;18;0.7;0.0
11;2021-01-17;47;1;2692;19;0.7;0.0
11;2021-01-18;388;0;3080;19;0.8;0.0
11;2021-01-19;528;4;3608;23;1.0;0.0
11;2021-01-20;693;6;4301;29;1.2;0.0
11;2021-01-21;647;4;4948;33;1.3;0.0
11;2021-01-22;524;2;5472;35;1.5;0.0
11;2021-01-23;159;0;5631;35;1.5;0.0
11;2021-01-24;139;0;5770;35;1.5;0.0
11;2021-01-25;375;19;6145;54;1.6;0.0
11;2021-01-26;847;85;6992;139;1.9;0.0
11;2021-01-27;799;25;7791;164;2.1;0.0
11;2021-01-28;648;61;8439;225;2.3;0.1
11;2021-01-29;439;122;8878;347;2.4;0.1
11;2021-01-30;134;1;9012;348;2.4;0.1
11;2021-01-31;82;0;9094;348;2.4;0.1
11;2021-02-01;344;194;9438;542;2.5;0.1
11;2021-02-02;412;407;9850;949;2.6;0.3
11;2021-02-03;391;351;10241;1300;2.7;0.3
11;2021-02-04;376;498;10617;1798;2.8;0.5
11;2021-02-05;317;337;10934;2135;2.9;0.6
11;2021-02-06;207;62;11141;2197;3.0;0.6
11;2021-02-07;108;13;11249;2210;3.0;0.6
11;2021-02-08;316;158;11565;2368;3.1;0.6
11;2021-02-09;300;278;11865;2646;3.2;0.7
11;2021-02-10;340;444;12205;3090;3.3;0.8
11;2021-02-11;610;631;12815;3721;3.4;1.0
11;2021-02-12;402;378;13217;4099;3.5;1.1
11;2021-02-13;194;118;13411;4217;3.6;1.1
11;2021-02-14;72;26;13483;4243;3.6;1.1
11;2021-02-15;240;209;13723;4452;3.7;1.2
11;2021-02-16;265;511;13988;4963;3.8;1.3
11;2021-02-17;453;620;14441;5583;3.9;1.5
11;2021-02-18;457;572;14898;6155;4.0;1.7
11;2021-02-19;300;535;15198;6690;4.1;1.8
11;2021-02-20;147;75;15345;6765;4.1;1.8
11;2021-02-21;58;45;15403;6810;4.1;1.8
11;2021-02-22;124;330;15527;7140;4.2;1.9
11;2021-02-23;283;317;15810;7457;4.2;2.0
11;2021-02-24;251;365;16061;7822;4.3;2.1
11;2021-02-25;563;325;16624;8147;4.5;2.2
11;2021-02-26;523;314;17147;8461;4.6;2.3
11;2021-02-27;319;98;17466;8559;4.7;2.3
11;2021-02-28;95;24;17561;8583;4.7;2.3
11;2021-03-01;339;316;17900;8899;4.8;2.4
11;2021-03-02;562;391;18462;9290;5.0;2.5
11;2021-03-03;600;433;19062;9723;5.1;2.6
11;2021-03-04;1077;409;20139;10132;5.4;2.7
11;2021-03-05;1003;410;21142;10542;5.7;2.8
11;2021-03-06;1094;205;22236;10747;6.0;2.9
11;2021-03-07;658;34;22894;10781;6.1;2.9
11;2021-03-08;370;352;23264;11133;6.2;3.0
11;2021-03-09;997;399;24261;11532;6.5;3.1
11;2021-03-10;1174;546;25435;12078;6.8;3.2
11;2021-03-11;1571;445;27006;12523;7.2;3.4
11;2021-03-12;1456;442;28462;12965;7.6;3.5
11;2021-03-13;1159;240;29621;13205;7.9;3.5
11;2021-03-14;523;55;30144;13260;8.1;3.6
11;2021-03-15;651;242;30795;13502;8.3;3.6
11;2021-03-16;853;200;31648;13702;8.5;3.7
11;2021-03-17;906;220;32554;13922;8.7;3.7
11;2021-03-18;1172;283;33726;14205;9.0;3.8
11;2021-03-19;1371;248;35097;14453;9.4;3.9
11;2021-03-20;790;176;35887;14629;9.6;3.9
11;2021-03-21;225;65;36112;14694;9.7;3.9
11;2021-03-22;808;217;36920;14911;9.9;4.0
11;2021-03-23;1806;393;38726;15304;10.4;4.1
11;2021-03-24;1846;319;40572;15623;10.9;4.2
11;2021-03-25;2190;374;42762;15997;11.5;4.3
11;2021-03-26;2125;446;44887;16443;12.0;4.4
11;2021-03-27;1178;146;46065;16589;12.4;4.5
11;2021-03-28;265;43;46330;16632;12.4;4.5
11;2021-03-29;1181;223;47511;16855;12.7;4.5
11;2021-03-30;1993;323;49504;17178;13.3;4.6
11;2021-03-31;1614;383;51118;17561;13.7;4.7
11;2021-04-01;2146;425;53264;17986;14.3;4.8
11;2021-04-02;1643;429;54907;18415;14.7;4.9
11;2021-04-03;720;145;55627;18560;14.9;5.0
11;2021-04-04;198;76;55825;18636;15.0;5.0
11;2021-04-05;257;4;56082;18640;15.0;5.0
11;2021-04-06;1574;553;57656;19193;15.5;5.1
11;2021-04-07;1777;574;59433;19767;15.9;5.3
11;2021-04-08;1785;684;61218;20451;16.4;5.5
11;2021-04-09;2263;604;63481;21055;17.0;5.6
11;2021-04-10;1169;179;64650;21234;17.3;5.7
11;2021-04-11;549;107;65199;21341;17.5;5.7
11;2021-04-12;1614;538;66813;21879;17.9;5.9
11;2021-04-13;2261;886;69074;22765;18.5;6.1
11;2021-04-14;1661;1019;70735;23784;19.0;6.4
11;2021-04-15;1844;1131;72579;24915;19.5;6.7
11;2021-04-16;1836;849;74415;25764;20.0;6.9
11;2021-04-17;1773;564;76188;26328;20.4;7.1
11;2021-04-18;114;155;76302;26483;20.5;7.1
11;2021-04-19;1383;738;77685;27221;20.8;7.3
11;2021-04-20;1729;1283;79414;28504;21.3;7.6
11;2021-04-21;1779;1323;81193;29827;21.8;8.0
11;2021-04-22;1749;1322;82942;31149;22.3;8.4
11;2021-04-23;2012;1234;84954;32383;22.8;8.7
11;2021-04-24;1735;468;86689;32851;23.3;8.8
11;2021-04-25;659;180;87348;33031;23.4;8.9
11;2021-04-26;1380;839;88728;33870;23.8;9.1
11;2021-04-27;1837;1552;90565;35422;24.3;9.5
11;2021-04-28;2009;1470;92574;36892;24.8;9.9
11;2021-04-29;2248;1639;94822;38531;25.4;10.3
11;2021-04-30;2158;1428;96980;39959;26.0;10.7
11;2021-05-01;1338;342;98318;40301;26.4;10.8
11;2021-05-02;588;336;98906;40637;26.5;10.9
11;2021-05-03;1487;739;100393;41376;26.9;11.1
11;2021-05-04;1879;1430;102272;42806;27.4;11.5
11;2021-05-05;1893;1440;104165;44246;27.9;11.9
11;2021-05-06;2192;1476;106357;45722;28.5;12.3
11;2021-05-07;2104;1558;108461;47280;29.1;12.7
11;2021-05-08;897;727;109358;48007;29.3;12.9
11;2021-05-09;628;543;109986;48550;29.5;13.0
11;2021-05-10;1328;1652;111314;50202;29.9;13.5
11;2021-05-11;2041;1872;113355;52074;30.4;14.0
11;2021-05-12;1849;1656;115204;53730;30.9;14.4
11;2021-05-13;1406;414;116610;54144;31.3;14.5
11;2021-05-14;1713;1183;118323;55327;31.7;14.8
11;2021-05-15;1157;899;119480;56226;32.1;15.1
11;2021-05-16;808;164;120288;56390;32.3;15.1
11;2021-05-17;1471;1049;121759;57439;32.7;15.4
11;2021-05-18;1898;1197;123657;58636;33.2;15.7
11;2021-05-19;1847;1123;125504;59759;33.7;16.0
11;2021-05-20;1969;1090;127473;60849;34.2;16.3
11;2021-05-21;2275;1090;129748;61939;34.8;16.6
11;2021-05-22;1485;727;131233;62666;35.2;16.8
11;2021-05-23;768;71;132001;62737;35.4;16.8
11;2021-05-24;1411;226;133412;62963;35.8;16.9
11;2021-05-25;1811;1354;135223;64317;36.3;17.3
11;2021-05-26;1933;1302;137156;65619;36.8;17.6
11;2021-05-27;1985;1719;139141;67338;37.3;18.1
11;2021-05-28;1759;1899;140900;69237;37.8;18.6
11;2021-05-29;1428;1601;142328;70838;38.2;19.0
11;2021-05-30;486;396;142814;71234;38.3;19.1
11;2021-05-31;1261;1619;144075;72853;38.7;19.5
11;2021-06-01;1856;1904;145931;74757;39.2;20.1
11;2021-06-02;1761;2075;147692;76832;39.6;20.6
11;2021-06-03;2599;2414;150291;79246;40.3;21.3
11;2021-06-04;2145;2674;152436;81920;40.9;22.0
11;2021-06-05;1589;1904;154025;83824;41.3;22.5
11;2021-06-06;877;860;154902;84684;41.6;22.7
11;2021-06-07;1527;1714;156429;86398;42.0;23.2
11;2021-06-08;2039;1997;158468;88395;42.5;23.7
11;2021-06-09;1789;2188;160257;90583;43.0;24.3
11;2021-06-10;1806;2427;162063;93010;43.5;25.0
11;2021-06-11;1864;2494;163927;95504;44.0;25.6
11;2021-06-12;1457;1622;165384;97126;44.4;26.1
11;2021-06-13;713;723;166097;97849;44.6;26.3
11;2021-06-14;1033;1969;167130;99818;44.8;26.8
11;2021-06-15;1395;2685;168525;102503;45.2;27.5
11;2021-06-16;1338;2529;169863;105032;45.6;28.2
11;2021-06-17;1473;2540;171336;107572;46.0;28.9
11;2021-06-18;1520;2490;172856;110062;46.4;29.5
11;2021-06-19;1237;1411;174093;111473;46.7;29.9
11;2021-06-20;299;599;174392;112072;46.8;30.1
11;2021-06-21;838;2122;175230;114194;47.0;30.6
11;2021-06-22;1016;2609;176246;116803;47.3;31.3
11;2021-06-23;1097;2089;177343;118892;47.6;31.9
11;2021-06-24;907;2246;178250;121138;47.8;32.5
11;2021-06-25;991;2545;179241;123683;48.1;33.2
11;2021-06-26;776;1656;180017;125339;48.3;33.6
11;2021-06-27;210;688;180227;126027;48.4;33.8
11;2021-06-28;697;2299;180924;128326;48.5;34.4
11;2021-06-29;964;2601;181888;130927;48.8;35.1
11;2021-06-30;905;2521;182793;133448;49.0;35.8
11;2021-07-01;1004;1889;183797;135337;49.3;36.3
11;2021-07-02;968;2544;184765;137881;49.6;37.0
11;2021-07-03;728;1805;185493;139686;49.8;37.5
11;2021-07-04;340;1109;185833;140795;49.9;37.8
11;2021-07-05;696;2133;186529;142928;50.0;38.3
11;2021-07-06;972;2520;187501;145448;50.3;39.0
11;2021-07-07;946;2511;188447;147959;50.6;39.7
11;2021-07-08;1191;1912;189638;149871;50.9;40.2
11;2021-07-09;823;1794;190461;151665;51.1;40.7
11;2021-07-10;369;1301;190830;152966;51.2;41.0
11;2021-07-11;313;564;191143;153530;51.3;41.2
11;2021-07-12;505;2671;191648;156201;51.4;41.9
11;2021-07-13;1305;3068;192953;159269;51.8;42.7
11;2021-07-14;211;236;193164;159505;51.8;42.8
11;2021-07-15;1450;2968;194614;162473;52.2;43.6
11;2021-07-16;1875;2737;196489;165210;52.7;44.3
11;2021-07-17;1075;2166;197564;167376;53.0;44.9
11;2021-07-18;653;945;198217;168321;53.2;45.2
11;2021-07-19;1355;2094;199572;170415;53.5;45.7
11;2021-07-20;1997;2408;201569;172823;54.1;46.4
11;2021-07-21;2015;2442;203584;175265;54.6;47.0
11;2021-07-22;2414;1891;205998;177156;55.3;47.5
11;2021-07-23;2230;2280;208228;179436;55.9;48.1
11;2021-07-24;1274;1628;209502;181064;56.2;48.6
11;2021-07-25;750;693;210252;181757;56.4;48.8
11;2021-07-26;1663;1423;211915;183180;56.9;49.1
11;2021-07-27;2332;1998;214247;185178;57.5;49.7
11;2021-07-28;2477;1989;216724;187167;58.1;50.2
11;2021-07-29;2773;1794;219497;188961;58.9;50.7
11;2021-07-30;2573;1798;222070;190759;59.6;51.2
11;2021-07-31;2007;1132;224077;191891;60.1;51.5
11;2021-08-01;1012;483;225089;192374;60.4;51.6
11;2021-08-02;1923;1153;227012;193527;60.9;51.9
11;2021-08-03;2434;1595;229446;195122;61.6;52.4
11;2021-08-04;2552;1265;231998;196387;62.2;52.7
11;2021-08-05;2370;1335;234368;197722;62.9;53.1
11;2021-08-06;2251;1658;236619;199380;63.5;53.5
11;2021-08-07;1660;1168;238279;200548;63.9;53.8
11;2021-08-08;596;205;238875;200753;64.1;53.9
11;2021-08-09;1031;1433;239906;202186;64.4;54.2
11;2021-08-10;1736;1992;241642;204178;64.8;54.8
11;2021-08-11;1711;1689;243353;205867;65.3;55.2
11;2021-08-12;1682;1851;245035;207718;65.7;55.7
11;2021-08-13;1344;1658;246379;209376;66.1;56.2
11;2021-08-14;978;1593;247357;210969;66.4;56.6
11;2021-08-15;137;125;247494;211094;66.4;56.6
11;2021-08-16;715;1912;248209;213006;66.6;57.2
11;2021-08-17;1045;2393;249254;215399;66.9;57.8
11;2021-08-18;1103;2030;250357;217429;67.2;58.3
11;2021-08-19;995;2290;251352;219719;67.4;59.0
11;2021-08-20;965;2290;252317;222009;67.7;59.6
11;2021-08-21;574;1837;252891;223846;67.9;60.1
11;2021-08-22;190;512;253081;224358;67.9;60.2
11;2021-08-23;523;1816;253604;226174;68.0;60.7
11;2021-08-24;794;2250;254398;228424;68.3;61.3
11;2021-08-25;787;2149;255185;230573;68.5;61.9
11;2021-08-26;749;2002;255934;232575;68.7;62.4
11;2021-08-27;697;2218;256631;234793;68.9;63.0
11;2021-08-28;435;1742;257066;236535;69.0;63.5
11;2021-08-29;143;514;257209;237049;69.0;63.6
11;2021-08-30;448;1343;257657;238392;69.1;64.0
12;2020-12-27;0;0;0;0;0.0;0.0
12;2020-12-28;0;0;0;0;0.0;0.0
12;2020-12-29;0;0;0;0;0.0;0.0
12;2020-12-30;0;0;0;0;0.0;0.0
12;2020-12-31;0;0;0;0;0.0;0.0
12;2021-01-01;0;0;0;0;0.0;0.0
12;2021-01-02;0;0;0;0;0.0;0.0
12;2021-01-03;0;0;0;0;0.0;0.0
12;2021-01-04;1;0;1;0;0.0;0.0
12;2021-01-05;1;0;2;0;0.0;0.0
12;2021-01-06;12;0;14;0;0.0;0.0
12;2021-01-07;202;0;216;0;0.1;0.0
12;2021-01-08;65;0;281;0;0.1;0.0
12;2021-01-09;0;0;281;0;0.1;0.0
12;2021-01-10;1;0;282;0;0.1;0.0
12;2021-01-11;99;0;381;0;0.1;0.0
12;2021-01-12;360;1;741;1;0.3;0.0
12;2021-01-13;285;0;1026;1;0.4;0.0
12;2021-01-14;600;12;1626;13;0.6;0.0
12;2021-01-15;367;10;1993;23;0.7;0.0
12;2021-01-16;138;2;2131;25;0.8;0.0
12;2021-01-17;0;0;2131;25;0.8;0.0
12;2021-01-18;453;0;2584;25;0.9;0.0
12;2021-01-19;606;3;3190;28;1.1;0.0
12;2021-01-20;878;2;4068;30;1.5;0.0
12;2021-01-21;735;0;4803;30;1.7;0.0
12;2021-01-22;798;1;5601;31;2.0;0.0
12;2021-01-23;382;0;5983;31;2.1;0.0
12;2021-01-24;0;0;5983;31;2.1;0.0
12;2021-01-25;453;0;6436;31;2.3;0.0
12;2021-01-26;650;0;7086;31;2.5;0.0
12;2021-01-27;1885;25;8971;56;3.2;0.0
12;2021-01-28;1885;214;10856;270;3.9;0.1
12;2021-01-29;1332;46;12188;316;4.4;0.1
12;2021-01-30;359;2;12547;318;4.5;0.1
12;2021-01-31;0;0;12547;318;4.5;0.1
12;2021-02-01;333;89;12880;407;4.6;0.1
12;2021-02-02;457;241;13337;648;4.8;0.2
12;2021-02-03;457;166;13794;814;5.0;0.3
12;2021-02-04;459;526;14253;1340;5.1;0.5
12;2021-02-05;449;183;14702;1523;5.3;0.5
12;2021-02-06;220;66;14922;1589;5.4;0.6
12;2021-02-07;8;0;14930;1589;5.4;0.6
12;2021-02-08;105;315;15035;1904;5.4;0.7
12;2021-02-09;208;341;15243;2245;5.5;0.8
12;2021-02-10;464;474;15707;2719;5.6;1.0
12;2021-02-11;539;344;16246;3063;5.8;1.1
12;2021-02-12;570;340;16816;3403;6.0;1.2
12;2021-02-13;175;132;16991;3535;6.1;1.3
12;2021-02-14;1;0;16992;3535;6.1;1.3
12;2021-02-15;175;374;17167;3909;6.2;1.4
12;2021-02-16;171;508;17338;4417;6.2;1.6
12;2021-02-17;366;1425;17704;5842;6.4;2.1
12;2021-02-18;676;1658;18380;7500;6.6;2.7
12;2021-02-19;594;970;18974;8470;6.8;3.0
12;2021-02-20;103;392;19077;8862;6.9;3.2
12;2021-02-21;0;0;19077;8862;6.9;3.2
12;2021-02-22;150;397;19227;9259;6.9;3.3
12;2021-02-23;157;555;19384;9814;7.0;3.5
12;2021-02-24;157;682;19541;10496;7.0;3.8
12;2021-02-25;201;766;19742;11262;7.1;4.0
12;2021-02-26;320;650;20062;11912;7.2;4.3
12;2021-02-27;190;350;20252;12262;7.3;4.4
12;2021-02-28;13;0;20265;12262;7.3;4.4
12;2021-03-01;51;349;20316;12611;7.3;4.5
12;2021-03-02;190;506;20506;13117;7.4;4.7
12;2021-03-03;244;387;20750;13504;7.5;4.9
12;2021-03-04;278;363;21028;13867;7.6;5.0
12;2021-03-05;421;368;21449;14235;7.7;5.1
12;2021-03-06;793;129;22242;14364;8.0;5.2
12;2021-03-07;140;32;22382;14396;8.0;5.2
12;2021-03-08;234;206;22616;14602;8.1;5.2
12;2021-03-09;716;232;23332;14834;8.4;5.3
12;2021-03-10;784;737;24116;15571;8.7;5.6
12;2021-03-11;919;661;25035;16232;9.0;5.8
12;2021-03-12;1260;528;26295;16760;9.4;6.0
12;2021-03-13;896;140;27191;16900;9.8;6.1
12;2021-03-14;45;2;27236;16902;9.8;6.1
12;2021-03-15;559;156;27795;17058;10.0;6.1
12;2021-03-16;818;162;28613;17220;10.3;6.2
12;2021-03-17;1504;165;30117;17385;10.8;6.2
12;2021-03-18;996;251;31113;17636;11.2;6.3
12;2021-03-19;1383;280;32496;17916;11.7;6.4
12;2021-03-20;724;79;33220;17995;11.9;6.5
12;2021-03-21;264;10;33484;18005;12.0;6.5
12;2021-03-22;606;175;34090;18180;12.2;6.5
12;2021-03-23;1214;175;35304;18355;12.7;6.6
12;2021-03-24;1422;206;36726;18561;13.2;6.7
12;2021-03-25;1846;206;38572;18767;13.9;6.7
12;2021-03-26;1978;227;40550;18994;14.6;6.8
12;2021-03-27;981;67;41531;19061;14.9;6.8
12;2021-03-28;60;1;41591;19062;14.9;6.8
12;2021-03-29;963;84;42554;19146;15.3;6.9
12;2021-03-30;1736;123;44290;19269;15.9;6.9
12;2021-03-31;1461;107;45751;19376;16.4;7.0
12;2021-04-01;1958;161;47709;19537;17.1;7.0
12;2021-04-02;1615;343;49324;19880;17.7;7.1
12;2021-04-03;882;95;50206;19975;18.0;7.2
12;2021-04-04;1;0;50207;19975;18.0;7.2
12;2021-04-05;645;11;50852;19986;18.3;7.2
12;2021-04-06;1154;537;52006;20523;18.7;7.4
12;2021-04-07;1651;639;53657;21162;19.3;7.6
12;2021-04-08;2098;568;55755;21730;20.0;7.8
12;2021-04-09;2112;650;57867;22380;20.8;8.0
12;2021-04-10;1427;219;59294;22599;21.3;8.1
12;2021-04-11;120;1;59414;22600;21.3;8.1
12;2021-04-12;1837;504;61251;23104;22.0;8.3
12;2021-04-13;1907;779;63158;23883;22.7;8.6
12;2021-04-14;1831;1319;64989;25202;23.3;9.1
12;2021-04-15;1938;898;66927;26100;24.0;9.4
12;2021-04-16;1676;1203;68603;27303;24.6;9.8
12;2021-04-17;1554;567;70157;27870;25.2;10.0
12;2021-04-18;0;0;70157;27870;25.2;10.0
12;2021-04-19;1688;549;71845;28419;25.8;10.2
12;2021-04-20;1545;984;73390;29403;26.4;10.6
12;2021-04-21;1693;1183;75083;30586;27.0;11.0
12;2021-04-22;1691;1096;76774;31682;27.6;11.4
12;2021-04-23;1383;1335;78157;33017;28.1;11.9
12;2021-04-24;1451;720;79608;33737;28.6;12.1
12;2021-04-25;60;0;79668;33737;28.6;12.1
12;2021-04-26;1459;897;81127;34634;29.1;12.4
12;2021-04-27;1320;1279;82447;35913;29.6;12.9
12;2021-04-28;1113;1869;83560;37782;30.0;13.6
12;2021-04-29;1571;1911;85131;39693;30.6;14.3
12;2021-04-30;1812;1837;86943;41530;31.2;14.9
12;2021-05-01;1616;260;88559;41790;31.8;15.0
12;2021-05-02;8;0;88567;41790;31.8;15.0
12;2021-05-03;1713;1251;90280;43041;32.4;15.5
12;2021-05-04;1482;1392;91762;44433;33.0;16.0
12;2021-05-05;1292;1673;93054;46106;33.4;16.6
12;2021-05-06;1752;1377;94806;47483;34.1;17.1
12;2021-05-07;1482;1776;96288;49259;34.6;17.7
12;2021-05-08;1330;461;97618;49720;35.1;17.9
12;2021-05-09;13;34;97631;49754;35.1;17.9
12;2021-05-10;828;2215;98459;51969;35.4;18.7
12;2021-05-11;930;1853;99389;53822;35.7;19.3
12;2021-05-12;949;1820;100338;55642;36.0;20.0
12;2021-05-13;1587;810;101925;56452;36.6;20.3
12;2021-05-14;1235;1533;103160;57985;37.1;20.8
12;2021-05-15;1068;1114;104228;59099;37.4;21.2
12;2021-05-16;2;19;104230;59118;37.4;21.2
12;2021-05-17;1082;1810;105312;60928;37.8;21.9
12;2021-05-18;1426;1534;106738;62462;38.3;22.4
12;2021-05-19;1915;1330;108653;63792;39.0;22.9
12;2021-05-20;2119;875;110772;64667;39.8;23.2
12;2021-05-21;1821;1253;112593;65920;40.4;23.7
12;2021-05-22;1206;1015;113799;66935;40.9;24.0
12;2021-05-23;7;12;113806;66947;40.9;24.1
12;2021-05-24;1956;538;115762;67485;41.6;24.2
12;2021-05-25;1743;1160;117505;68645;42.2;24.7
12;2021-05-26;1998;777;119503;69422;42.9;24.9
12;2021-05-27;2164;744;121667;70166;43.7;25.2
12;2021-05-28;1928;1031;123595;71197;44.4;25.6
12;2021-05-29;1637;805;125232;72002;45.0;25.9
12;2021-05-30;9;43;125241;72045;45.0;25.9
12;2021-05-31;1699;817;126940;72862;45.6;26.2
12;2021-06-01;1889;1028;128829;73890;46.3;26.5
12;2021-06-02;1979;1053;130808;74943;47.0;26.9
12;2021-06-03;2121;830;132929;75773;47.8;27.2
12;2021-06-04;1967;1418;134896;77191;48.5;27.7
12;2021-06-05;1739;985;136635;78176;49.1;28.1
12;2021-06-06;5;6;136640;78182;49.1;28.1
12;2021-06-07;1090;1808;137730;79990;49.5;28.7
12;2021-06-08;1333;1201;139063;81191;50.0;29.2
12;2021-06-09;896;1291;139959;82482;50.3;29.6
12;2021-06-10;1022;921;140981;83403;50.6;30.0
12;2021-06-11;1204;2082;142185;85485;51.1;30.7
12;2021-06-12;1033;1321;143218;86806;51.5;31.2
12;2021-06-13;6;47;143224;86853;51.5;31.2
12;2021-06-14;662;1829;143886;88682;51.7;31.9
12;2021-06-15;745;1882;144631;90564;52.0;32.5
12;2021-06-16;821;1818;145452;92382;52.3;33.2
12;2021-06-17;678;995;146130;93377;52.5;33.5
12;2021-06-18;1134;1839;147264;95216;52.9;34.2
12;2021-06-19;914;1406;148178;96622;53.2;34.7
12;2021-06-20;4;10;148182;96632;53.2;34.7
12;2021-06-21;512;1738;148694;98370;53.4;35.3
12;2021-06-22;503;1474;149197;99844;53.6;35.9
12;2021-06-23;578;1306;149775;101150;53.8;36.3
12;2021-06-24;249;545;150024;101695;53.9;36.5
12;2021-06-25;876;1840;150900;103535;54.2;37.2
12;2021-06-26;674;1527;151574;105062;54.5;37.7
12;2021-06-27;1;9;151575;105071;54.5;37.7
12;2021-06-28;468;2452;152043;107523;54.6;38.6
12;2021-06-29;565;1957;152608;109480;54.8;39.3
12;2021-06-30;830;2133;153438;111613;55.1;40.1
12;2021-07-01;343;1086;153781;112699;55.2;40.5
12;2021-07-02;796;2626;154577;115325;55.5;41.4
12;2021-07-03;565;1873;155142;117198;55.7;42.1
12;2021-07-04;1;0;155143;117198;55.7;42.1
12;2021-07-05;440;2407;155583;119605;55.9;43.0
12;2021-07-06;640;2497;156223;122102;56.1;43.9
12;2021-07-07;688;2117;156911;124219;56.4;44.6
12;2021-07-08;294;912;157205;125131;56.5;45.0
12;2021-07-09;724;2589;157929;127720;56.7;45.9
12;2021-07-10;445;2077;158374;129797;56.9;46.6
12;2021-07-11;0;0;158374;129797;56.9;46.6
12;2021-07-12;584;2437;158958;132234;57.1;47.5
12;2021-07-13;841;2589;159799;134823;57.4;48.4
12;2021-07-14;44;25;159843;134848;57.4;48.4
12;2021-07-15;792;2107;160635;136955;57.7;49.2
12;2021-07-16;1247;2554;161882;139509;58.2;50.1
12;2021-07-17;790;2007;162672;141516;58.4;50.8
12;2021-07-18;25;11;162697;141527;58.4;50.8
12;2021-07-19;1319;2004;164016;143531;58.9;51.6
12;2021-07-20;1421;1471;165437;145002;59.4;52.1
12;2021-07-21;1021;940;166458;145942;59.8;52.4
12;2021-07-22;2229;1308;168687;147250;60.6;52.9
12;2021-07-23;1865;2065;170552;149315;61.3;53.6
12;2021-07-24;1604;1564;172156;150879;61.8;54.2
12;2021-07-25;98;28;172254;150907;61.9;54.2
12;2021-07-26;1928;1436;174182;152343;62.6;54.7
12;2021-07-27;2237;1007;176419;153350;63.4;55.1
12;2021-07-28;1715;675;178134;154025;64.0;55.3
12;2021-07-29;1185;806;179319;154831;64.4;55.6
12;2021-07-30;2508;1280;181827;156111;65.3;56.1
12;2021-07-31;1963;1003;183790;157114;66.0;56.4
12;2021-08-01;225;38;184015;157152;66.1;56.5
12;2021-08-02;1812;830;185827;157982;66.8;56.8
12;2021-08-03;1954;772;187781;158754;67.5;57.0
12;2021-08-04;1690;833;189471;159587;68.1;57.3
12;2021-08-05;1633;683;191104;160270;68.7;57.6
12;2021-08-06;1703;1312;192807;161582;69.3;58.0
12;2021-08-07;1446;743;194253;162325;69.8;58.3
12;2021-08-08;0;3;194253;162328;69.8;58.3
12;2021-08-09;1347;1417;195600;163745;70.3;58.8
12;2021-08-10;1338;1256;196938;165001;70.7;59.3
12;2021-08-11;814;1195;197752;166196;71.0;59.7
12;2021-08-12;730;1070;198482;167266;71.3;60.1
12;2021-08-13;1051;1338;199533;168604;71.7;60.6
12;2021-08-14;732;1354;200265;169958;71.9;61.1
12;2021-08-15;254;75;200519;170033;72.0;61.1
12;2021-08-16;668;1814;201187;171847;72.3;61.7
12;2021-08-17;902;1991;202089;173838;72.6;62.5
12;2021-08-18;449;1520;202538;175358;72.8;63.0
12;2021-08-19;636;1115;203174;176473;73.0;63.4
12;2021-08-20;792;1887;203966;178360;73.3;64.1
12;2021-08-21;472;1525;204438;179885;73.4;64.6
12;2021-08-22;93;27;204531;179912;73.5;64.6
12;2021-08-23;452;1920;204983;181832;73.6;65.3
12;2021-08-24;485;1915;205468;183747;73.8;66.0
12;2021-08-25;329;1580;205797;185327;73.9;66.6
12;2021-08-26;481;1609;206278;186936;74.1;67.2
12;2021-08-27;595;1690;206873;188626;74.3;67.8
12;2021-08-28;331;1547;207204;190173;74.4;68.3
12;2021-08-29;175;140;207379;190313;74.5;68.4
12;2021-08-30;560;1910;207939;192223;74.7;69.1
13;2020-12-27;4;0;4;0;0.0;0.0
13;2020-12-28;3;0;7;0;0.0;0.0
13;2020-12-29;0;0;7;0;0.0;0.0
13;2020-12-30;2;0;9;0;0.0;0.0
13;2020-12-31;6;0;15;0;0.0;0.0
13;2021-01-01;4;0;19;0;0.0;0.0
13;2021-01-02;4;0;23;0;0.0;0.0
13;2021-01-03;9;0;32;0;0.0;0.0
13;2021-01-04;0;0;32;0;0.0;0.0
13;2021-01-05;78;1;110;1;0.0;0.0
13;2021-01-06;122;0;232;1;0.0;0.0
13;2021-01-07;174;1;406;2;0.0;0.0
13;2021-01-08;188;0;594;2;0.0;0.0
13;2021-01-09;13;0;607;2;0.0;0.0
13;2021-01-10;3;0;610;2;0.0;0.0
13;2021-01-11;480;1;1090;3;0.1;0.0
13;2021-01-12;814;1;1904;4;0.1;0.0
13;2021-01-13;1085;1;2989;5;0.1;0.0
13;2021-01-14;1570;17;4559;22;0.2;0.0
13;2021-01-15;1535;7;6094;29;0.3;0.0
13;2021-01-16;407;2;6501;31;0.3;0.0
13;2021-01-17;44;0;6545;31;0.3;0.0
13;2021-01-18;2383;8;8928;39;0.4;0.0
13;2021-01-19;7408;37;16336;76;0.8;0.0
13;2021-01-20;5561;17;21897;93;1.1;0.0
13;2021-01-21;5361;26;27258;119;1.3;0.0
13;2021-01-22;3999;22;31257;141;1.5;0.0
13;2021-01-23;1349;6;32606;147;1.6;0.0
13;2021-01-24;490;5;33096;152;1.6;0.0
13;2021-01-25;2339;29;35435;181;1.7;0.0
13;2021-01-26;2953;91;38388;272;1.9;0.0
13;2021-01-27;3118;123;41506;395;2.0;0.0
13;2021-01-28;3246;191;44752;586;2.2;0.0
13;2021-01-29;2509;130;47261;716;2.3;0.0
13;2021-01-30;1025;10;48286;726;2.4;0.0
13;2021-01-31;249;0;48535;726;2.4;0.0
13;2021-02-01;1861;292;50396;1018;2.5;0.1
13;2021-02-02;2255;613;52651;1631;2.6;0.1
13;2021-02-03;1863;579;54514;2210;2.7;0.1
13;2021-02-04;1904;925;56418;3135;2.8;0.2
13;2021-02-05;2626;1556;59044;4691;2.9;0.2
13;2021-02-06;851;309;59895;5000;2.9;0.2
13;2021-02-07;277;6;60172;5006;3.0;0.2
13;2021-02-08;1899;1540;62071;6546;3.1;0.3
13;2021-02-09;3314;4433;65385;10979;3.2;0.5
13;2021-02-10;3232;3411;68617;14390;3.4;0.7
13;2021-02-11;3574;3581;72191;17971;3.5;0.9
13;2021-02-12;2836;3140;75027;21111;3.7;1.0
13;2021-02-13;733;597;75760;21708;3.7;1.1
13;2021-02-14;72;378;75832;22086;3.7;1.1
13;2021-02-15;969;2020;76801;24106;3.8;1.2
13;2021-02-16;1391;2626;78192;26732;3.8;1.3
13;2021-02-17;1345;2995;79537;29727;3.9;1.5
13;2021-02-18;1903;2683;81440;32410;4.0;1.6
13;2021-02-19;1515;2178;82955;34588;4.1;1.7
13;2021-02-20;458;788;83413;35376;4.1;1.7
13;2021-02-21;33;284;83446;35660;4.1;1.8
13;2021-02-22;1021;2254;84467;37914;4.2;1.9
13;2021-02-23;1283;2670;85750;40584;4.2;2.0
13;2021-02-24;1518;2624;87268;43208;4.3;2.1
13;2021-02-25;2383;2147;89651;45355;4.4;2.2
13;2021-02-26;2457;2123;92108;47478;4.5;2.3
13;2021-02-27;982;748;93090;48226;4.6;2.4
13;2021-02-28;193;204;93283;48430;4.6;2.4
13;2021-03-01;1921;1527;95204;49957;4.7;2.5
13;2021-03-02;3007;2625;98211;52582;4.8;2.6
13;2021-03-03;3485;2572;101696;55154;5.0;2.7
13;2021-03-04;4205;3142;105901;58296;5.2;2.9
13;2021-03-05;4044;2791;109945;61087;5.4;3.0
13;2021-03-06;5302;838;115247;61925;5.7;3.0
13;2021-03-07;4293;376;119540;62301;5.9;3.1
13;2021-03-08;3927;2001;123467;64302;6.1;3.2
13;2021-03-09;5072;2280;128539;66582;6.3;3.3
13;2021-03-10;5180;1994;133719;68576;6.6;3.4
13;2021-03-11;7307;2144;141026;70720;6.9;3.5
13;2021-03-12;8329;2112;149355;72832;7.3;3.6
13;2021-03-13;6376;732;155731;73564;7.7;3.6
13;2021-03-14;2311;166;158042;73730;7.8;3.6
13;2021-03-15;6355;1315;164397;75045;8.1;3.7
13;2021-03-16;5077;1538;169474;76583;8.3;3.8
13;2021-03-17;5174;1416;174648;77999;8.6;3.8
13;2021-03-18;5818;1883;180466;79882;8.9;3.9
13;2021-03-19;6809;1614;187275;81496;9.2;4.0
13;2021-03-20;4041;703;191316;82199;9.4;4.0
13;2021-03-21;724;85;192040;82284;9.4;4.0
13;2021-03-22;7299;1559;199339;83843;9.8;4.1
13;2021-03-23;9126;1752;208465;85595;10.2;4.2
13;2021-03-24;8858;2188;217323;87783;10.7;4.3
13;2021-03-25;10913;2124;228236;89907;11.2;4.4
13;2021-03-26;10712;1917;238948;91824;11.7;4.5
13;2021-03-27;4866;831;243814;92655;12.0;4.6
13;2021-03-28;1119;81;244933;92736;12.0;4.6
13;2021-03-29;7576;2004;252509;94740;12.4;4.7
13;2021-03-30;12617;2529;265126;97269;13.0;4.8
13;2021-03-31;10816;3166;275942;100435;13.6;4.9
13;2021-04-01;12267;3065;288209;103500;14.2;5.1
13;2021-04-02;9792;3900;298001;107400;14.6;5.3
13;2021-04-03;4009;2808;302010;110208;14.8;5.4
13;2021-04-04;630;305;302640;110513;14.9;5.4
13;2021-04-05;3532;730;306172;111243;15.0;5.5
13;2021-04-06;8518;4256;314690;115499;15.5;5.7
13;2021-04-07;10083;4689;324773;120188;16.0;5.9
13;2021-04-08;10118;5462;334891;125650;16.5;6.2
13;2021-04-09;11268;5116;346159;130766;17.0;6.4
13;2021-04-10;7301;2096;353460;132862;17.4;6.5
13;2021-04-11;1379;533;354839;133395;17.4;6.6
13;2021-04-12;7983;4792;362822;138187;17.8;6.8
13;2021-04-13;9144;5505;371966;143692;18.3;7.1
13;2021-04-14;9534;5826;381500;149518;18.8;7.3
13;2021-04-15;9874;5964;391374;155482;19.2;7.6
13;2021-04-16;9969;5569;401343;161051;19.7;7.9
13;2021-04-17;4081;2023;405424;163074;19.9;8.0
13;2021-04-18;2523;1422;407947;164496;20.1;8.1
13;2021-04-19;6452;6410;414399;170906;20.4;8.4
13;2021-04-20;7405;7598;421804;178504;20.7;8.8
13;2021-04-21;7776;7380;429580;185884;21.1;9.1
13;2021-04-22;8469;7932;438049;193816;21.5;9.5
13;2021-04-23;8384;6808;446433;200624;21.9;9.9
13;2021-04-24;4623;3819;451056;204443;22.2;10.0
13;2021-04-25;875;524;451931;204967;22.2;10.1
13;2021-04-26;6170;7119;458101;212086;22.5;10.4
13;2021-04-27;7263;8035;465364;220121;22.9;10.8
13;2021-04-28;9453;7716;474817;227837;23.3;11.2
13;2021-04-29;11405;7615;486222;235452;23.9;11.6
13;2021-04-30;10924;7386;497146;242838;24.4;11.9
13;2021-05-01;5366;3794;502512;246632;24.7;12.1
13;2021-05-02;2099;748;504611;247380;24.8;12.2
13;2021-05-03;7299;7863;511910;255243;25.2;12.5
13;2021-05-04;8455;8518;520365;263761;25.6;13.0
13;2021-05-05;8229;8971;528594;272732;26.0;13.4
13;2021-05-06;10143;8588;538737;281320;26.5;13.8
13;2021-05-07;8853;10041;547590;291361;26.9;14.3
13;2021-05-08;4572;3932;552162;295293;27.1;14.5
13;2021-05-09;937;686;553099;295979;27.2;14.5
13;2021-05-10;7715;8769;560814;304748;27.6;15.0
13;2021-05-11;10979;9580;571793;314328;28.1;15.5
13;2021-05-12;12841;8729;584634;323057;28.7;15.9
13;2021-05-13;9511;3639;594145;326696;29.2;16.1
13;2021-05-14;13658;6454;607803;333150;29.9;16.4
13;2021-05-15;10201;4534;618004;337684;30.4;16.6
13;2021-05-16;3125;789;621129;338473;30.5;16.6
13;2021-05-17;10846;6815;631975;345288;31.1;17.0
13;2021-05-18;11918;6477;643893;351765;31.6;17.3
13;2021-05-19;12158;6356;656051;358121;32.2;17.6
13;2021-05-20;13450;6464;669501;364585;32.9;17.9
13;2021-05-21;13001;6783;682502;371368;33.5;18.3
13;2021-05-22;7524;3637;690026;375005;33.9;18.4
13;2021-05-23;863;640;690889;375645;34.0;18.5
13;2021-05-24;6769;2474;697658;378119;34.3;18.6
13;2021-05-25;9273;7605;706931;385724;34.7;19.0
13;2021-05-26;10143;7842;717074;393566;35.2;19.3
13;2021-05-27;10351;8433;727425;401999;35.8;19.8
13;2021-05-28;9006;9178;736431;411177;36.2;20.2
13;2021-05-29;7178;4628;743609;415805;36.6;20.4
13;2021-05-30;891;527;744500;416332;36.6;20.5
13;2021-05-31;8193;8036;752693;424368;37.0;20.9
13;2021-06-01;9590;9309;762283;433677;37.5;21.3
13;2021-06-02;10088;8795;772371;442472;38.0;21.7
13;2021-06-03;12297;9494;784668;451966;38.6;22.2
13;2021-06-04;12037;10049;796705;462015;39.2;22.7
13;2021-06-05;7831;5586;804536;467601;39.5;23.0
13;2021-06-06;1671;886;806207;468487;39.6;23.0
13;2021-06-07;6685;9885;812892;478372;40.0;23.5
13;2021-06-08;8314;9991;821206;488363;40.4;24.0
13;2021-06-09;8398;9743;829604;498106;40.8;24.5
13;2021-06-10;8944;9778;838548;507884;41.2;25.0
13;2021-06-11;8235;12713;846783;520597;41.6;25.6
13;2021-06-12;5788;6708;852571;527305;41.9;25.9
13;2021-06-13;953;1215;853524;528520;42.0;26.0
13;2021-06-14;6006;11145;859530;539665;42.2;26.5
13;2021-06-15;7294;11408;866824;551073;42.6;27.1
13;2021-06-16;7345;9881;874169;560954;43.0;27.6
13;2021-06-17;7442;10715;881611;571669;43.3;28.1
13;2021-06-18;7542;11078;889153;582747;43.7;28.6
13;2021-06-19;4618;7501;893771;590248;43.9;29.0
13;2021-06-20;961;1045;894732;591293;44.0;29.1
13;2021-06-21;4469;12268;899201;603561;44.2;29.7
13;2021-06-22;4941;13874;904142;617435;44.4;30.3
13;2021-06-23;5152;13573;909294;631008;44.7;31.0
13;2021-06-24;5339;12855;914633;643863;45.0;31.6
13;2021-06-25;5262;14685;919895;658548;45.2;32.4
13;2021-06-26;3021;9683;922916;668231;45.4;32.8
13;2021-06-27;535;931;923451;669162;45.4;32.9
13;2021-06-28;3732;12558;927183;681720;45.6;33.5
13;2021-06-29;4503;12909;931686;694629;45.8;34.1
13;2021-06-30;4904;12694;936590;707323;46.0;34.8
13;2021-07-01;5587;11495;942177;718818;46.3;35.3
13;2021-07-02;5583;12405;947760;731223;46.6;35.9
13;2021-07-03;3512;9163;951272;740386;46.8;36.4
13;2021-07-04;475;867;951747;741253;46.8;36.4
13;2021-07-05;3875;11783;955622;753036;47.0;37.0
13;2021-07-06;5466;11683;961088;764719;47.2;37.6
13;2021-07-07;5824;10705;966912;775424;47.5;38.1
13;2021-07-08;6229;10326;973141;785750;47.8;38.6
13;2021-07-09;5938;11928;979079;797678;48.1;39.2
13;2021-07-10;3167;8637;982246;806315;48.3;39.6
13;2021-07-11;437;1012;982683;807327;48.3;39.7
13;2021-07-12;4489;10958;987172;818285;48.5;40.2
13;2021-07-13;8968;13175;996140;831460;49.0;40.9
13;2021-07-14;5612;4862;1001752;836322;49.2;41.1
13;2021-07-15;11447;12944;1013199;849266;49.8;41.7
13;2021-07-16;12199;12914;1025398;862180;50.4;42.4
13;2021-07-17;6583;8493;1031981;870673;50.7;42.8
13;2021-07-18;726;1060;1032707;871733;50.8;42.8
13;2021-07-19;9802;11147;1042509;882880;51.2;43.4
13;2021-07-20;12273;11645;1054782;894525;51.8;44.0
13;2021-07-21;12688;10334;1067470;904859;52.5;44.5
13;2021-07-22;14542;10444;1082012;915303;53.2;45.0
13;2021-07-23;14467;10951;1096479;926254;53.9;45.5
13;2021-07-24;8340;7985;1104819;934239;54.3;45.9
13;2021-07-25;1014;785;1105833;935024;54.4;46.0
13;2021-07-26;11653;9098;1117486;944122;54.9;46.4
13;2021-07-27;13602;9393;1131088;953515;55.6;46.9
13;2021-07-28;12333;8173;1143421;961688;56.2;47.3
13;2021-07-29;13832;8145;1157253;969833;56.9;47.7
13;2021-07-30;13722;8648;1170975;978481;57.6;48.1
13;2021-07-31;8691;5849;1179666;984330;58.0;48.4
13;2021-08-01;1104;724;1180770;985054;58.0;48.4
13;2021-08-02;10008;6696;1190778;991750;58.5;48.7
13;2021-08-03;11051;7279;1201829;999029;59.1;49.1
13;2021-08-04;9416;6544;1211245;1005573;59.5;49.4
13;2021-08-05;9419;7540;1220664;1013113;60.0;49.8
13;2021-08-06;9124;8995;1229788;1022108;60.4;50.2
13;2021-08-07;5414;5553;1235202;1027661;60.7;50.5
13;2021-08-08;899;798;1236101;1028459;60.8;50.6
13;2021-08-09;8264;9050;1244365;1037509;61.2;51.0
13;2021-08-10;8959;8879;1253324;1046388;61.6;51.4
13;2021-08-11;7728;8507;1261052;1054895;62.0;51.9
13;2021-08-12;7578;9626;1268630;1064521;62.4;52.3
13;2021-08-13;6823;9170;1275453;1073691;62.7;52.8
13;2021-08-14;3672;6437;1279125;1080128;62.9;53.1
13;2021-08-15;474;731;1279599;1080859;62.9;53.1
13;2021-08-16;6391;11040;1285990;1091899;63.2;53.7
13;2021-08-17;6611;10587;1292601;1102486;63.5;54.2
13;2021-08-18;6279;10150;1298880;1112636;63.8;54.7
13;2021-08-19;6637;10563;1305517;1123199;64.2;55.2
13;2021-08-20;5756;11206;1311273;1134405;64.5;55.8
13;2021-08-21;2594;7549;1313867;1141954;64.6;56.1
13;2021-08-22;367;1088;1314234;1143042;64.6;56.2
13;2021-08-23;4906;11192;1319140;1154234;64.8;56.7
13;2021-08-24;5387;10881;1324527;1165115;65.1;57.3
13;2021-08-25;5135;10047;1329662;1175162;65.4;57.8
13;2021-08-26;5066;9729;1334728;1184891;65.6;58.2
13;2021-08-27;4910;10568;1339638;1195459;65.8;58.8
13;2021-08-28;2308;6424;1341946;1201883;66.0;59.1
13;2021-08-29;315;1130;1342261;1203013;66.0;59.1
13;2021-08-30;4092;9778;1346353;1212791;66.2;59.6
14;2020-12-27;0;0;0;0;0.0;0.0
14;2020-12-28;1;1;1;1;0.0;0.0
14;2020-12-29;0;0;1;1;0.0;0.0
14;2020-12-30;0;0;1;1;0.0;0.0
14;2020-12-31;3;0;4;1;0.0;0.0
14;2021-01-01;1;0;5;1;0.0;0.0
14;2021-01-02;1;0;6;1;0.0;0.0
14;2021-01-03;0;0;6;1;0.0;0.0
14;2021-01-04;10;0;16;1;0.0;0.0
14;2021-01-05;24;0;40;1;0.0;0.0
14;2021-01-06;349;0;389;1;0.1;0.0
14;2021-01-07;402;2;791;3;0.1;0.0
14;2021-01-08;628;2;1419;5;0.2;0.0
14;2021-01-09;127;0;1546;5;0.2;0.0
14;2021-01-10;41;0;1587;5;0.2;0.0
14;2021-01-11;669;1;2256;6;0.3;0.0
14;2021-01-12;949;2;3205;8;0.5;0.0
14;2021-01-13;850;1;4055;9;0.6;0.0
14;2021-01-14;2828;17;6883;26;1.0;0.0
14;2021-01-15;1896;20;8779;46;1.3;0.0
14;2021-01-16;271;2;9050;48;1.3;0.0
14;2021-01-17;145;7;9195;55;1.3;0.0
14;2021-01-18;1085;4;10280;59;1.5;0.0
14;2021-01-19;1152;2;11432;61;1.7;0.0
14;2021-01-20;1988;4;13420;65;1.9;0.0
14;2021-01-21;1815;6;15235;71;2.2;0.0
14;2021-01-22;1493;5;16728;76;2.4;0.0
14;2021-01-23;297;1;17025;77;2.5;0.0
14;2021-01-24;72;0;17097;77;2.5;0.0
14;2021-01-25;911;10;18008;87;2.6;0.0
14;2021-01-26;848;37;18856;124;2.7;0.0
14;2021-01-27;882;158;19738;282;2.9;0.0
14;2021-01-28;782;144;20520;426;3.0;0.1
14;2021-01-29;783;227;21303;653;3.1;0.1
14;2021-01-30;270;12;21573;665;3.1;0.1
14;2021-01-31;58;3;21631;668;3.1;0.1
14;2021-02-01;727;226;22358;894;3.2;0.1
14;2021-02-02;828;420;23186;1314;3.4;0.2
14;2021-02-03;761;385;23947;1699;3.5;0.2
14;2021-02-04;1169;2055;25116;3754;3.6;0.5
14;2021-02-05;1294;1311;26410;5065;3.8;0.7
14;2021-02-06;396;237;26806;5302;3.9;0.8
14;2021-02-07;179;72;26985;5374;3.9;0.8
14;2021-02-08;774;813;27759;6187;4.0;0.9
14;2021-02-09;722;1002;28481;7189;4.1;1.0
14;2021-02-10;825;1604;29306;8793;4.2;1.3
14;2021-02-11;1351;1429;30657;10222;4.4;1.5
14;2021-02-12;1382;1078;32039;11300;4.6;1.6
14;2021-02-13;308;186;32347;11486;4.7;1.7
14;2021-02-14;84;63;32431;11549;4.7;1.7
14;2021-02-15;441;1074;32872;12623;4.8;1.8
14;2021-02-16;679;972;33551;13595;4.9;2.0
14;2021-02-17;405;969;33956;14564;4.9;2.1
14;2021-02-18;706;878;34662;15442;5.0;2.2
14;2021-02-19;733;779;35395;16221;5.1;2.3
14;2021-02-20;88;269;35483;16490;5.1;2.4
14;2021-02-21;6;90;35489;16580;5.1;2.4
14;2021-02-22;431;1038;35920;17618;5.2;2.5
14;2021-02-23;486;914;36406;18532;5.3;2.7
14;2021-02-24;439;886;36845;19418;5.3;2.8
14;2021-02-25;1223;1175;38068;20593;5.5;3.0
14;2021-02-26;1576;1159;39644;21752;5.7;3.1
14;2021-02-27;507;266;40151;22018;5.8;3.2
14;2021-02-28;27;41;40178;22059;5.8;3.2
14;2021-03-01;522;927;40700;22986;5.9;3.3
14;2021-03-02;966;808;41666;23794;6.0;3.4
14;2021-03-03;1080;837;42746;24631;6.2;3.6
14;2021-03-04;1949;787;44695;25418;6.5;3.7
14;2021-03-05;2431;872;47126;26290;6.8;3.8
14;2021-03-06;3075;206;50201;26496;7.3;3.8
14;2021-03-07;1196;63;51397;26559;7.4;3.8
14;2021-03-08;1249;813;52646;27372;7.6;4.0
14;2021-03-09;1741;696;54387;28068;7.9;4.1
14;2021-03-10;1835;591;56222;28659;8.1;4.1
14;2021-03-11;2757;475;58979;29134;8.5;4.2
14;2021-03-12;4045;574;63024;29708;9.1;4.3
14;2021-03-13;1853;176;64877;29884;9.4;4.3
14;2021-03-14;31;39;64908;29923;9.4;4.3
14;2021-03-15;2005;142;66913;30065;9.7;4.3
14;2021-03-16;1401;277;68314;30342;9.9;4.4
14;2021-03-17;1155;196;69469;30538;10.0;4.4
14;2021-03-18;1480;303;70949;30841;10.3;4.5
14;2021-03-19;2608;268;73557;31109;10.6;4.5
14;2021-03-20;2658;41;76215;31150;11.0;4.5
14;2021-03-21;454;8;76669;31158;11.1;4.5
14;2021-03-22;1872;363;78541;31521;11.4;4.6
14;2021-03-23;2177;324;80718;31845;11.7;4.6
14;2021-03-24;2432;194;83150;32039;12.0;4.6
14;2021-03-25;3292;323;86442;32362;12.5;4.7
14;2021-03-26;4607;478;91049;32840;13.2;4.7
14;2021-03-27;2231;231;93280;33071;13.5;4.8
14;2021-03-28;36;1;93316;33072;13.5;4.8
14;2021-03-29;1614;483;94930;33555;13.7;4.9
14;2021-03-30;2722;516;97652;34071;14.1;4.9
14;2021-03-31;2325;924;99977;34995;14.5;5.1
14;2021-04-01;4174;1683;104151;36678;15.1;5.3
14;2021-04-02;3868;1271;108019;37949;15.6;5.5
14;2021-04-03;1128;1203;109147;39152;15.8;5.7
14;2021-04-04;25;482;109172;39634;15.8;5.7
14;2021-04-05;1219;324;110391;39958;16.0;5.8
14;2021-04-06;2383;999;112774;40957;16.3;5.9
14;2021-04-07;2729;1034;115503;41991;16.7;6.1
14;2021-04-08;4301;1120;119804;43111;17.3;6.2
14;2021-04-09;6030;1188;125834;44299;18.2;6.4
14;2021-04-10;2895;438;128729;44737;18.6;6.5
14;2021-04-11;628;121;129357;44858;18.7;6.5
14;2021-04-12;2915;1588;132272;46446;19.1;6.7
14;2021-04-13;3471;1448;135743;47894;19.6;6.9
14;2021-04-14;3121;1168;138864;49062;20.1;7.1
14;2021-04-15;4400;1511;143264;50573;20.7;7.3
14;2021-04-16;4600;1565;147864;52138;21.4;7.5
14;2021-04-17;2312;1666;150176;53804;21.7;7.8
14;2021-04-18;539;327;150715;54131;21.8;7.8
14;2021-04-19;2759;1707;153474;55838;22.2;8.1
14;2021-04-20;3390;1834;156864;57672;22.7;8.3
14;2021-04-21;3014;1473;159878;59145;23.1;8.6
14;2021-04-22;4227;2090;164105;61235;23.7;8.9
14;2021-04-23;4648;2301;168753;63536;24.4;9.2
14;2021-04-24;1852;1756;170605;65292;24.7;9.4
14;2021-04-25;456;28;171061;65320;24.7;9.4
14;2021-04-26;3378;1571;174439;66891;25.2;9.7
14;2021-04-27;3504;2575;177943;69466;25.7;10.0
14;2021-04-28;3245;1898;181188;71364;26.2;10.3
14;2021-04-29;4545;2310;185733;73674;26.9;10.7
14;2021-04-30;5125;2645;190858;76319;27.6;11.0
14;2021-05-01;3554;196;194412;76515;28.1;11.1
14;2021-05-02;1237;55;195649;76570;28.3;11.1
14;2021-05-03;2483;2771;198132;79341;28.7;11.5
14;2021-05-04;3127;2912;201259;82253;29.1;11.9
14;2021-05-05;3687;2758;204946;85011;29.6;12.3
14;2021-05-06;4930;3488;209876;88499;30.4;12.8
14;2021-05-07;4867;3853;214743;92352;31.1;13.4
14;2021-05-08;2728;1264;217471;93616;31.5;13.5
14;2021-05-09;1915;670;219386;94286;31.7;13.6
14;2021-05-10;3635;3151;223021;97437;32.3;14.1
14;2021-05-11;4346;3611;227367;101048;32.9;14.6
14;2021-05-12;4051;3219;231418;104267;33.5;15.1
14;2021-05-13;4690;1130;236108;105397;34.1;15.2
14;2021-05-14;6676;2632;242784;108029;35.1;15.6
14;2021-05-15;5145;778;247929;108807;35.9;15.7
14;2021-05-16;2319;120;250248;108927;36.2;15.8
14;2021-05-17;2820;2263;253068;111190;36.6;16.1
14;2021-05-18;4089;2243;257157;113433;37.2;16.4
14;2021-05-19;3752;2021;260909;115454;37.7;16.7
14;2021-05-20;4482;2770;265391;118224;38.4;17.1
14;2021-05-21;4275;3527;269666;121751;39.0;17.6
14;2021-05-22;1670;866;271336;122617;39.2;17.7
14;2021-05-23;649;71;271985;122688;39.3;17.7
14;2021-05-24;2845;750;274830;123438;39.7;17.9
14;2021-05-25;3636;3387;278466;126825;40.3;18.3
14;2021-05-26;3435;2406;281901;129231;40.8;18.7
14;2021-05-27;4771;3242;286672;132473;41.5;19.2
14;2021-05-28;5093;3893;291765;136366;42.2;19.7
14;2021-05-29;2341;2457;294106;138823;42.5;20.1
14;2021-05-30;760;238;294866;139061;42.6;20.1
14;2021-05-31;4092;2966;298958;142027;43.2;20.5
14;2021-06-01;5741;3218;304699;145245;44.1;21.0
14;2021-06-02;5029;2859;309728;148104;44.8;21.4
14;2021-06-03;6661;4019;316389;152123;45.8;22.0
14;2021-06-04;6446;5140;322835;157263;46.7;22.7
14;2021-06-05;4360;1866;327195;159129;47.3;23.0
14;2021-06-06;2045;83;329240;159212;47.6;23.0
14;2021-06-07;4251;3452;333491;162664;48.2;23.5
14;2021-06-08;5238;3133;338729;165797;49.0;24.0
14;2021-06-09;4273;2966;343002;168763;49.6;24.4
14;2021-06-10;5082;2974;348084;171737;50.3;24.8
14;2021-06-11;4843;4889;352927;176626;51.0;25.5
14;2021-06-12;3680;4519;356607;181145;51.6;26.2
14;2021-06-13;849;1090;357456;182235;51.7;26.4
14;2021-06-14;2184;3794;359640;186029;52.0;26.9
14;2021-06-15;3316;3972;362956;190001;52.5;27.5
14;2021-06-16;3449;4556;366405;194557;53.0;28.1
14;2021-06-17;4234;5270;370639;199827;53.6;28.9
14;2021-06-18;3734;6121;374373;205948;54.1;29.8
14;2021-06-19;2591;2953;376964;208901;54.5;30.2
14;2021-06-20;580;1556;377544;210457;54.6;30.4
14;2021-06-21;2123;4360;379667;214817;54.9;31.1
14;2021-06-22;2583;5178;382250;219995;55.3;31.8
14;2021-06-23;2501;4348;384751;224343;55.6;32.4
14;2021-06-24;3450;5810;388201;230153;56.1;33.3
14;2021-06-25;2750;7276;390951;237429;56.5;34.3
14;2021-06-26;2176;4540;393127;241969;56.9;35.0
14;2021-06-27;440;1828;393567;243797;56.9;35.3
14;2021-06-28;1311;3971;394878;247768;57.1;35.8
14;2021-06-29;1790;5365;396668;253133;57.4;36.6
14;2021-06-30;2023;4619;398691;257752;57.7;37.3
14;2021-07-01;2933;5068;401624;262820;58.1;38.0
14;2021-07-02;2599;6668;404223;269488;58.5;39.0
14;2021-07-03;1429;2646;405652;272134;58.7;39.4
14;2021-07-04;422;713;406074;272847;58.7;39.5
14;2021-07-05;1191;4780;407265;277627;58.9;40.2
14;2021-07-06;2093;6004;409358;283631;59.2;41.0
14;2021-07-07;2259;4576;411617;288207;59.5;41.7
14;2021-07-08;2910;5526;414527;293733;60.0;42.5
14;2021-07-09;2770;6434;417297;300167;60.4;43.4
14;2021-07-10;2041;3202;419338;303369;60.6;43.9
14;2021-07-11;900;872;420238;304241;60.8;44.0
14;2021-07-12;1634;5902;421872;310143;61.0;44.9
14;2021-07-13;3080;7343;424952;317486;61.5;45.9
14;2021-07-14;2259;3062;427211;320548;61.8;46.4
14;2021-07-15;4171;7657;431382;328205;62.4;47.5
14;2021-07-16;4708;7691;436090;335896;63.1;48.6
14;2021-07-17;2116;4211;438206;340107;63.4;49.2
14;2021-07-18;821;1869;439027;341976;63.5;49.5
14;2021-07-19;2597;6126;441624;348102;63.9;50.3
14;2021-07-20;3243;7257;444867;355359;64.3;51.4
14;2021-07-21;4103;5843;448970;361202;64.9;52.2
14;2021-07-22;4852;6609;453822;367811;65.6;53.2
14;2021-07-23;5383;6765;459205;374576;66.4;54.2
14;2021-07-24;3083;3795;462288;378371;66.9;54.7
14;2021-07-25;1505;1247;463793;379618;67.1;54.9
14;2021-07-26;4680;4189;468473;383807;67.8;55.5
14;2021-07-27;5394;4363;473867;388170;68.5;56.1
14;2021-07-28;5113;3970;478980;392140;69.3;56.7
14;2021-07-29;6442;4881;485422;397021;70.2;57.4
14;2021-07-30;5841;5166;491263;402187;71.0;58.2
14;2021-07-31;2768;2509;494031;404696;71.4;58.5
14;2021-08-01;1893;933;495924;405629;71.7;58.7
14;2021-08-02;3895;4292;499819;409921;72.3;59.3
14;2021-08-03;4471;4170;504290;414091;72.9;59.9
14;2021-08-04;4548;3543;508838;417634;73.6;60.4
14;2021-08-05;4644;4032;513482;421666;74.3;61.0
14;2021-08-06;4422;4806;517904;426472;74.9;61.7
14;2021-08-07;2130;2298;520034;428770;75.2;62.0
14;2021-08-08;636;854;520670;429624;75.3;62.1
14;2021-08-09;2123;2880;522793;432504;75.6;62.6
14;2021-08-10;3646;4178;526439;436682;76.1;63.2
14;2021-08-11;3056;3463;529495;440145;76.6;63.7
14;2021-08-12;3465;4349;532960;444494;77.1;64.3
14;2021-08-13;2624;4142;535584;448636;77.5;64.9
14;2021-08-14;1409;2004;536993;450640;77.7;65.2
14;2021-08-15;391;1485;537384;452125;77.7;65.4
14;2021-08-16;1823;2778;539207;454903;78.0;65.8
14;2021-08-17;2258;4565;541465;459468;78.3;66.4
14;2021-08-18;2058;4524;543523;463992;78.6;67.1
14;2021-08-19;2324;5082;545847;469074;78.9;67.8
14;2021-08-20;2182;5405;548029;474479;79.3;68.6
14;2021-08-21;1011;2830;549040;477309;79.4;69.0
14;2021-08-22;170;1564;549210;478873;79.4;69.3
14;2021-08-23;1259;4167;550469;483040;79.6;69.9
14;2021-08-24;1325;4302;551794;487342;79.8;70.5
14;2021-08-25;1390;4395;553184;491737;80.0;71.1
14;2021-08-26;1416;5076;554600;496813;80.2;71.9
14;2021-08-27;1463;5284;556063;502097;80.4;72.6
14;2021-08-28;722;3000;556785;505097;80.5;73.0
14;2021-08-29;183;1013;556968;506110;80.6;73.2
14;2021-08-30;1004;3628;557972;509738;80.7;73.7
15;2020-12-27;2;0;2;0;0.0;0.0
15;2020-12-28;0;0;2;0;0.0;0.0
15;2020-12-29;0;0;2;0;0.0;0.0
15;2020-12-30;0;0;2;0;0.0;0.0
15;2020-12-31;0;0;2;0;0.0;0.0
15;2021-01-01;1;0;3;0;0.0;0.0
15;2021-01-02;0;0;3;0;0.0;0.0
15;2021-01-03;0;0;3;0;0.0;0.0
15;2021-01-04;0;0;3;0;0.0;0.0
15;2021-01-05;0;0;3;0;0.0;0.0
15;2021-01-06;0;0;3;0;0.0;0.0
15;2021-01-07;72;0;75;0;0.1;0.0
15;2021-01-08;110;0;185;0;0.1;0.0
15;2021-01-09;0;0;185;0;0.1;0.0
15;2021-01-10;2;0;187;0;0.1;0.0
15;2021-01-11;99;0;286;0;0.2;0.0
15;2021-01-12;94;0;380;0;0.3;0.0
15;2021-01-13;230;0;610;0;0.4;0.0
15;2021-01-14;309;1;919;1;0.6;0.0
15;2021-01-15;138;0;1057;1;0.7;0.0
15;2021-01-16;90;0;1147;1;0.8;0.0
15;2021-01-17;0;0;1147;1;0.8;0.0
15;2021-01-18;404;2;1551;3;1.1;0.0
15;2021-01-19;550;0;2101;3;1.5;0.0
15;2021-01-20;627;1;2728;4;1.9;0.0
15;2021-01-21;577;4;3305;8;2.3;0.0
15;2021-01-22;503;2;3808;10;2.7;0.0
15;2021-01-23;432;1;4240;11;3.0;0.0
15;2021-01-24;6;0;4246;11;3.0;0.0
15;2021-01-25;400;0;4646;11;3.3;0.0
15;2021-01-26;437;0;5083;11;3.6;0.0
15;2021-01-27;735;7;5818;18;4.1;0.0
15;2021-01-28;624;53;6442;71;4.5;0.0
15;2021-01-29;336;82;6778;153;4.7;0.1
15;2021-01-30;218;3;6996;156;4.9;0.1
15;2021-01-31;1;1;6997;157;4.9;0.1
15;2021-02-01;239;89;7236;246;5.1;0.2
15;2021-02-02;188;89;7424;335;5.2;0.2
15;2021-02-03;267;159;7691;494;5.4;0.3
15;2021-02-04;663;205;8354;699;5.8;0.5
15;2021-02-05;296;255;8650;954;6.1;0.7
15;2021-02-06;98;76;8748;1030;6.1;0.7
15;2021-02-07;0;0;8748;1030;6.1;0.7
15;2021-02-08;233;107;8981;1137;6.3;0.8
15;2021-02-09;205;119;9186;1256;6.4;0.9
15;2021-02-10;338;300;9524;1556;6.7;1.1
15;2021-02-11;117;239;9641;1795;6.8;1.3
15;2021-02-12;136;159;9777;1954;6.8;1.4
15;2021-02-13;92;78;9869;2032;6.9;1.4
15;2021-02-14;0;0;9869;2032;6.9;1.4
15;2021-02-15;63;214;9932;2246;7.0;1.6
15;2021-02-16;52;295;9984;2541;7.0;1.8
15;2021-02-17;134;473;10118;3014;7.1;2.1
15;2021-02-18;87;755;10205;3769;7.1;2.6
15;2021-02-19;90;429;10295;4198;7.2;2.9
15;2021-02-20;20;258;10315;4456;7.2;3.1
15;2021-02-21;0;0;10315;4456;7.2;3.1
15;2021-02-22;23;496;10338;4952;7.2;3.5
15;2021-02-23;180;457;10518;5409;7.4;3.8
15;2021-02-24;31;456;10549;5865;7.4;4.1
15;2021-02-25;228;1002;10777;6867;7.5;4.8
15;2021-02-26;186;476;10963;7343;7.7;5.1
15;2021-02-27;145;88;11108;7431;7.8;5.2
15;2021-02-28;1;0;11109;7431;7.8;5.2
15;2021-03-01;121;222;11230;7653;7.9;5.4
15;2021-03-02;250;306;11480;7959;8.0;5.6
15;2021-03-03;207;29;11687;7988;8.2;5.6
15;2021-03-04;246;247;11933;8235;8.4;5.8
15;2021-03-05;348;174;12281;8409;8.6;5.9
15;2021-03-06;680;11;12961;8420;9.1;5.9
15;2021-03-07;81;2;13042;8422;9.1;5.9
15;2021-03-08;93;107;13135;8529;9.2;6.0
15;2021-03-09;281;293;13416;8822;9.4;6.2
15;2021-03-10;417;180;13833;9002;9.7;6.3
15;2021-03-11;434;296;14267;9298;10.0;6.5
15;2021-03-12;525;96;14792;9394;10.4;6.6
15;2021-03-13;355;7;15147;9401;10.6;6.6
15;2021-03-14;18;0;15165;9401;10.6;6.6
15;2021-03-15;542;64;15707;9465;11.0;6.6
15;2021-03-16;328;21;16035;9486;11.2;6.6
15;2021-03-17;130;53;16165;9539;11.3;6.7
15;2021-03-18;250;96;16415;9635;11.5;6.7
15;2021-03-19;669;32;17084;9667;12.0;6.8
15;2021-03-20;148;36;17232;9703;12.1;6.8
15;2021-03-21;6;0;17238;9703;12.1;6.8
15;2021-03-22;575;79;17813;9782;12.5;6.8
15;2021-03-23;776;98;18589;9880;13.0;6.9
15;2021-03-24;937;35;19526;9915;13.7;6.9
15;2021-03-25;1282;33;20808;9948;14.6;7.0
15;2021-03-26;1009;61;21817;10009;15.3;7.0
15;2021-03-27;301;6;22118;10015;15.5;7.0
15;2021-03-28;20;0;22138;10015;15.5;7.0
15;2021-03-29;781;18;22919;10033;16.0;7.0
15;2021-03-30;1134;201;24053;10234;16.8;7.2
15;2021-03-31;941;23;24994;10257;17.5;7.2
15;2021-04-01;1233;60;26227;10317;18.4;7.2
15;2021-04-02;1142;61;27369;10378;19.2;7.3
15;2021-04-03;120;18;27489;10396;19.2;7.3
15;2021-04-04;0;0;27489;10396;19.2;7.3
15;2021-04-05;33;3;27522;10399;19.3;7.3
15;2021-04-06;834;86;28356;10485;19.9;7.3
15;2021-04-07;663;106;29019;10591;20.3;7.4
15;2021-04-08;1247;149;30266;10740;21.2;7.5
15;2021-04-09;1277;102;31543;10842;22.1;7.6
15;2021-04-10;364;20;31907;10862;22.3;7.6
15;2021-04-11;14;0;31921;10862;22.4;7.6
15;2021-04-12;644;458;32565;11320;22.8;7.9
15;2021-04-13;1124;323;33689;11643;23.6;8.2
15;2021-04-14;1039;199;34728;11842;24.3;8.3
15;2021-04-15;1183;310;35911;12152;25.1;8.5
15;2021-04-16;1038;555;36949;12707;25.9;8.9
15;2021-04-17;445;14;37394;12721;26.2;8.9
15;2021-04-18;0;10;37394;12731;26.2;8.9
15;2021-04-19;539;514;37933;13245;26.6;9.3
15;2021-04-20;846;615;38779;13860;27.2;9.7
15;2021-04-21;594;651;39373;14511;27.6;10.2
15;2021-04-22;728;776;40101;15287;28.1;10.7
15;2021-04-23;731;681;40832;15968;28.6;11.2
15;2021-04-24;363;123;41195;16091;28.8;11.3
15;2021-04-25;1;3;41196;16094;28.8;11.3
15;2021-04-26;325;632;41521;16726;29.1;11.7
15;2021-04-27;469;941;41990;17667;29.4;12.4
15;2021-04-28;383;788;42373;18455;29.7;12.9
15;2021-04-29;586;1012;42959;19467;30.1;13.6
15;2021-04-30;547;1078;43506;20545;30.5;14.4
15;2021-05-01;283;30;43789;20575;30.7;14.4
15;2021-05-02;0;0;43789;20575;30.7;14.4
15;2021-05-03;881;331;44670;20906;31.3;14.6
15;2021-05-04;802;856;45472;21762;31.8;15.2
15;2021-05-05;676;680;46148;22442;32.3;15.7
15;2021-05-06;826;967;46974;23409;32.9;16.4
15;2021-05-07;1154;906;48128;24315;33.7;17.0
15;2021-05-08;491;55;48619;24370;34.0;17.1
15;2021-05-09;24;9;48643;24379;34.1;17.1
15;2021-05-10;705;914;49348;25293;34.6;17.7
15;2021-05-11;1185;1185;50533;26478;35.4;18.5
15;2021-05-12;1147;837;51680;27315;36.2;19.1
15;2021-05-13;1165;440;52845;27755;37.0;19.4
15;2021-05-14;1504;583;54349;28338;38.1;19.8
15;2021-05-15;1410;418;55759;28756;39.0;20.1
15;2021-05-16;1;10;55760;28766;39.0;20.1
15;2021-05-17;999;606;56759;29372;39.7;20.6
15;2021-05-18;1222;972;57981;30344;40.6;21.2
15;2021-05-19;1020;460;59001;30804;41.3;21.6
15;2021-05-20;1239;781;60240;31585;42.2;22.1
15;2021-05-21;1349;749;61589;32334;43.1;22.6
15;2021-05-22;527;189;62116;32523;43.5;22.8
15;2021-05-23;2;11;62118;32534;43.5;22.8
15;2021-05-24;693;257;62811;32791;44.0;23.0
15;2021-05-25;1151;620;63962;33411;44.8;23.4
15;2021-05-26;1095;459;65057;33870;45.6;23.7
15;2021-05-27;1270;660;66327;34530;46.4;24.2
15;2021-05-28;1509;886;67836;35416;47.5;24.8
15;2021-05-29;984;361;68820;35777;48.2;25.1
15;2021-05-30;14;25;68834;35802;48.2;25.1
15;2021-05-31;1201;480;70035;36282;49.0;25.4
15;2021-06-01;1400;571;71435;36853;50.0;25.8
15;2021-06-02;865;419;72300;37272;50.6;26.1
15;2021-06-03;932;708;73232;37980;51.3;26.6
15;2021-06-04;1076;719;74308;38699;52.0;27.1
15;2021-06-05;651;264;74959;38963;52.5;27.3
15;2021-06-06;16;20;74975;38983;52.5;27.3
15;2021-06-07;797;350;75772;39333;53.1;27.5
15;2021-06-08;477;396;76249;39729;53.4;27.8
15;2021-06-09;377;377;76626;40106;53.7;28.1
15;2021-06-10;275;423;76901;40529;53.8;28.4
15;2021-06-11;661;1100;77562;41629;54.3;29.1
15;2021-06-12;377;467;77939;42096;54.6;29.5
15;2021-06-13;11;6;77950;42102;54.6;29.5
15;2021-06-14;542;977;78492;43079;55.0;30.2
15;2021-06-15;450;1164;78942;44243;55.3;31.0
15;2021-06-16;543;899;79485;45142;55.7;31.6
15;2021-06-17;290;935;79775;46077;55.9;32.3
15;2021-06-18;741;1205;80516;47282;56.4;33.1
15;2021-06-19;543;705;81059;47987;56.8;33.6
15;2021-06-20;11;1;81070;47988;56.8;33.6
15;2021-06-21;280;1040;81350;49028;57.0;34.3
15;2021-06-22;232;1479;81582;50507;57.1;35.4
15;2021-06-23;346;1446;81928;51953;57.4;36.4
15;2021-06-24;292;1093;82220;53046;57.6;37.1
15;2021-06-25;379;1642;82599;54688;57.8;38.3
15;2021-06-26;165;908;82764;55596;58.0;38.9
15;2021-06-27;0;0;82764;55596;58.0;38.9
15;2021-06-28;176;1227;82940;56823;58.1;39.8
15;2021-06-29;303;1265;83243;58088;58.3;40.7
15;2021-06-30;268;982;83511;59070;58.5;41.4
15;2021-07-01;381;1220;83892;60290;58.7;42.2
15;2021-07-02;410;1349;84302;61639;59.0;43.2
15;2021-07-03;251;707;84553;62346;59.2;43.7
15;2021-07-04;1;1;84554;62347;59.2;43.7
15;2021-07-05;248;1257;84802;63604;59.4;44.5
15;2021-07-06;274;1468;85076;65072;59.6;45.6
15;2021-07-07;256;1345;85332;66417;59.8;46.5
15;2021-07-08;489;1353;85821;67770;60.1;47.5
15;2021-07-09;488;1785;86309;69555;60.4;48.7
15;2021-07-10;215;865;86524;70420;60.6;49.3
15;2021-07-11;9;5;86533;70425;60.6;49.3
15;2021-07-12;277;1484;86810;71909;60.8;50.4
15;2021-07-13;587;1767;87397;73676;61.2;51.6
15;2021-07-14;15;130;87412;73806;61.2;51.7
15;2021-07-15;1132;729;88544;74535;62.0;52.2
15;2021-07-16;1138;1337;89682;75872;62.8;53.1
15;2021-07-17;820;953;90502;76825;63.4;53.8
15;2021-07-18;0;3;90502;76828;63.4;53.8
15;2021-07-19;1075;1271;91577;78099;64.1;54.7
15;2021-07-20;1614;569;93191;78668;65.3;55.1
15;2021-07-21;1188;603;94379;79271;66.1;55.5
15;2021-07-22;894;513;95273;79784;66.7;55.9
15;2021-07-23;1339;1064;96612;80848;67.7;56.6
15;2021-07-24;628;770;97240;81618;68.1;57.2
15;2021-07-25;1;24;97241;81642;68.1;57.2
15;2021-07-26;1248;596;98489;82238;69.0;57.6
15;2021-07-27;1692;572;100181;82810;70.1;58.0
15;2021-07-28;1239;584;101420;83394;71.0;58.4
15;2021-07-29;837;400;102257;83794;71.6;58.7
15;2021-07-30;1008;1132;103265;84926;72.3;59.5
15;2021-07-31;604;637;103869;85563;72.7;59.9
15;2021-08-01;21;12;103890;85575;72.7;59.9
15;2021-08-02;1142;543;105032;86118;73.5;60.3
15;2021-08-03;1163;383;106195;86501;74.4;60.6
15;2021-08-04;789;409;106984;86910;74.9;60.9
15;2021-08-05;383;284;107367;87194;75.2;61.1
15;2021-08-06;789;1239;108156;88433;75.7;61.9
15;2021-08-07;264;1163;108420;89596;75.9;62.7
15;2021-08-08;3;6;108423;89602;75.9;62.7
15;2021-08-09;512;1166;108935;90768;76.3;63.6
15;2021-08-10;432;726;109367;91494;76.6;64.1
15;2021-08-11;411;1009;109778;92503;76.9;64.8
15;2021-08-12;523;1185;110301;93688;77.2;65.6
15;2021-08-13;680;1139;110981;94827;77.7;66.4
15;2021-08-14;179;552;111160;95379;77.8;66.8
15;2021-08-15;16;9;111176;95388;77.8;66.8
15;2021-08-16;387;1134;111563;96522;78.1;67.6
15;2021-08-17;398;1141;111961;97663;78.4;68.4
15;2021-08-18;368;802;112329;98465;78.7;68.9
15;2021-08-19;297;879;112626;99344;78.9;69.6
15;2021-08-20;601;1213;113227;100557;79.3;70.4
15;2021-08-21;217;866;113444;101423;79.4;71.0
15;2021-08-22;12;26;113456;101449;79.4;71.0
15;2021-08-23;227;611;113683;102060;79.6;71.5
15;2021-08-24;245;589;113928;102649;79.8;71.9
15;2021-08-25;150;493;114078;103142;79.9;72.2
15;2021-08-26;136;362;114214;103504;80.0;72.5
15;2021-08-27;363;1336;114577;104840;80.2;73.4
15;2021-08-28;213;857;114790;105697;80.4;74.0
15;2021-08-29;7;13;114797;105710;80.4;74.0
15;2021-08-30;223;1061;115020;106771;80.5;74.8
16;2020-12-27;0;0;0;0;0.0;0.0
16;2020-12-28;2;0;2;0;0.0;0.0
16;2020-12-29;0;0;2;0;0.0;0.0
16;2020-12-30;0;0;2;0;0.0;0.0
16;2020-12-31;0;0;2;0;0.0;0.0
16;2021-01-01;0;0;2;0;0.0;0.0
16;2021-01-02;0;0;2;0;0.0;0.0
16;2021-01-03;0;0;2;0;0.0;0.0
16;2021-01-04;1;0;3;0;0.0;0.0
16;2021-01-05;1;0;4;0;0.0;0.0
16;2021-01-06;88;0;92;0;0.0;0.0
16;2021-01-07;239;0;331;0;0.1;0.0
16;2021-01-08;465;2;796;2;0.2;0.0
16;2021-01-09;1;0;797;2;0.2;0.0
16;2021-01-10;1;0;798;2;0.2;0.0
16;2021-01-11;304;0;1102;2;0.3;0.0
16;2021-01-12;437;1;1539;3;0.4;0.0
16;2021-01-13;480;0;2019;3;0.6;0.0
16;2021-01-14;600;7;2619;10;0.8;0.0
16;2021-01-15;504;3;3123;13;0.9;0.0
16;2021-01-16;0;0;3123;13;0.9;0.0
16;2021-01-17;0;0;3123;13;0.9;0.0
16;2021-01-18;431;5;3554;18;1.0;0.0
16;2021-01-19;833;2;4387;20;1.3;0.0
16;2021-01-20;1184;2;5571;22;1.6;0.0
16;2021-01-21;1367;3;6938;25;2.0;0.0
16;2021-01-22;1114;0;8052;25;2.3;0.0
16;2021-01-23;183;0;8235;25;2.4;0.0
16;2021-01-24;0;0;8235;25;2.4;0.0
16;2021-01-25;641;2;8876;27;2.5;0.0
16;2021-01-26;1026;1;9902;28;2.8;0.0
16;2021-01-27;1406;105;11308;133;3.2;0.0
16;2021-01-28;1261;60;12569;193;3.6;0.1
16;2021-01-29;742;140;13311;333;3.8;0.1
16;2021-01-30;36;0;13347;333;3.8;0.1
16;2021-01-31;0;0;13347;333;3.8;0.1
16;2021-02-01;394;203;13741;536;3.9;0.2
16;2021-02-02;576;174;14317;710;4.1;0.2
16;2021-02-03;621;351;14938;1061;4.3;0.3
16;2021-02-04;464;270;15402;1331;4.4;0.4
16;2021-02-05;505;274;15907;1605;4.6;0.5
16;2021-02-06;3;80;15910;1685;4.6;0.5
16;2021-02-07;41;3;15951;1688;4.6;0.5
16;2021-02-08;356;217;16307;1905;4.7;0.5
16;2021-02-09;649;294;16956;2199;4.9;0.6
16;2021-02-10;693;678;17649;2877;5.1;0.8
16;2021-02-11;800;612;18449;3489;5.3;1.0
16;2021-02-12;623;833;19072;4322;5.5;1.2
16;2021-02-13;42;78;19114;4400;5.5;1.3
16;2021-02-14;2;7;19116;4407;5.5;1.3
16;2021-02-15;216;659;19332;5066;5.6;1.5
16;2021-02-16;374;950;19706;6016;5.7;1.7
16;2021-02-17;347;1301;20053;7317;5.8;2.1
16;2021-02-18;511;1248;20564;8565;5.9;2.5
16;2021-02-19;389;784;20953;9349;6.0;2.7
16;2021-02-20;2;8;20955;9357;6.0;2.7
16;2021-02-21;2;0;20957;9357;6.0;2.7
16;2021-02-22;135;527;21092;9884;6.1;2.8
16;2021-02-23;205;918;21297;10802;6.1;3.1
16;2021-02-24;274;894;21571;11696;6.2;3.4
16;2021-02-25;395;689;21966;12385;6.3;3.6
16;2021-02-26;478;500;22444;12885;6.4;3.7
16;2021-02-27;249;1;22693;12886;6.5;3.7
16;2021-02-28;5;5;22698;12891;6.5;3.7
16;2021-03-01;152;328;22850;13219;6.6;3.8
16;2021-03-02;272;668;23122;13887;6.6;4.0
16;2021-03-03;391;725;23513;14612;6.8;4.2
16;2021-03-04;805;571;24318;15183;7.0;4.4
16;2021-03-05;1142;542;25460;15725;7.3;4.5
16;2021-03-06;751;13;26211;15738;7.5;4.5
16;2021-03-07;94;18;26305;15756;7.6;4.5
16;2021-03-08;436;318;26741;16074;7.7;4.6
16;2021-03-09;774;699;27515;16773;7.9;4.8
16;2021-03-10;606;665;28121;17438;8.1;5.0
16;2021-03-11;1445;532;29566;17970;8.5;5.2
16;2021-03-12;1164;460;30730;18430;8.8;5.3
16;2021-03-13;765;14;31495;18444;9.0;5.3
16;2021-03-14;1;0;31496;18444;9.0;5.3
16;2021-03-15;461;184;31957;18628;9.2;5.4
16;2021-03-16;859;422;32816;19050;9.4;5.5
16;2021-03-17;590;284;33406;19334;9.6;5.6
16;2021-03-18;1033;283;34439;19617;9.9;5.6
16;2021-03-19;1101;248;35540;19865;10.2;5.7
16;2021-03-20;396;5;35936;19870;10.3;5.7
16;2021-03-21;9;0;35945;19870;10.3;5.7
16;2021-03-22;727;101;36672;19971;10.5;5.7
16;2021-03-23;1463;104;38135;20075;11.0;5.8
16;2021-03-24;1119;185;39254;20260;11.3;5.8
16;2021-03-25;2046;90;41300;20350;11.9;5.8
16;2021-03-26;1916;99;43216;20449;12.4;5.9
16;2021-03-27;433;22;43649;20471;12.5;5.9
16;2021-03-28;0;0;43649;20471;12.5;5.9
16;2021-03-29;925;60;44574;20531;12.8;5.9
16;2021-03-30;1883;180;46457;20711;13.3;5.9
16;2021-03-31;1514;134;47971;20845;13.8;6.0
16;2021-04-01;2009;400;49980;21245;14.4;6.1
16;2021-04-02;1442;378;51422;21623;14.8;6.2
16;2021-04-03;288;5;51710;21628;14.9;6.2
16;2021-04-04;1;0;51711;21628;14.9;6.2
16;2021-04-05;2;0;51713;21628;14.9;6.2
16;2021-04-06;2013;545;53726;22173;15.4;6.4
16;2021-04-07;1954;405;55680;22578;16.0;6.5
16;2021-04-08;2824;587;58504;23165;16.8;6.7
16;2021-04-09;2694;555;61198;23720;17.6;6.8
16;2021-04-10;1290;37;62488;23757;17.9;6.8
16;2021-04-11;2;0;62490;23757;17.9;6.8
16;2021-04-12;1432;315;63922;24072;18.4;6.9
16;2021-04-13;2125;841;66047;24913;19.0;7.2
16;2021-04-14;1951;633;67998;25546;19.5;7.3
16;2021-04-15;2102;984;70100;26530;20.1;7.6
16;2021-04-16;2045;787;72145;27317;20.7;7.8
16;2021-04-17;1507;91;73652;27408;21.2;7.9
16;2021-04-18;197;3;73849;27411;21.2;7.9
16;2021-04-19;1440;524;75289;27935;21.6;8.0
16;2021-04-20;2054;1233;77343;29168;22.2;8.4
16;2021-04-21;1777;750;79120;29918;22.7;8.6
16;2021-04-22;2292;1007;81412;30925;23.4;8.9
16;2021-04-23;2363;1172;83775;32097;24.1;9.2
16;2021-04-24;829;38;84604;32135;24.3;9.2
16;2021-04-25;117;6;84721;32141;24.3;9.2
16;2021-04-26;1401;809;86122;32950;24.7;9.5
16;2021-04-27;2057;1418;88179;34368;25.3;9.9
16;2021-04-28;1591;1128;89770;35496;25.8;10.2
16;2021-04-29;2250;1498;92020;36994;26.4;10.6
16;2021-04-30;2857;1343;94877;38337;27.2;11.0
16;2021-05-01;353;60;95230;38397;27.4;11.0
16;2021-05-02;155;13;95385;38410;27.4;11.0
16;2021-05-03;2611;536;97996;38946;28.1;11.2
16;2021-05-04;2061;2046;100057;40992;28.7;11.8
16;2021-05-05;1687;1831;101744;42823;29.2;12.3
16;2021-05-06;1888;2245;103632;45068;29.8;12.9
16;2021-05-07;3071;2124;106703;47192;30.6;13.6
16;2021-05-08;1198;468;107901;47660;31.0;13.7
16;2021-05-09;530;26;108431;47686;31.1;13.7
16;2021-05-10;1930;1625;110361;49311;31.7;14.2
16;2021-05-11;2354;1963;112715;51274;32.4;14.7
16;2021-05-12;1732;1799;114447;53073;32.9;15.2
16;2021-05-13;1461;355;115908;53428;33.3;15.3
16;2021-05-14;1989;1562;117897;54990;33.9;15.8
16;2021-05-15;596;896;118493;55886;34.0;16.1
16;2021-05-16;132;6;118625;55892;34.1;16.1
16;2021-05-17;1609;1286;120234;57178;34.5;16.4
16;2021-05-18;2759;1427;122993;58605;35.3;16.8
16;2021-05-19;2006;1242;124999;59847;35.9;17.2
16;2021-05-20;2833;1389;127832;61236;36.7;17.6
16;2021-05-21;2945;1399;130777;62635;37.6;18.0
16;2021-05-22;412;711;131189;63346;37.7;18.2
16;2021-05-23;210;11;131399;63357;37.7;18.2
16;2021-05-24;1263;234;132662;63591;38.1;18.3
16;2021-05-25;2761;1461;135423;65052;38.9;18.7
16;2021-05-26;1834;1188;137257;66240;39.4;19.0
16;2021-05-27;2418;1582;139675;67822;40.1;19.5
16;2021-05-28;2899;1569;142574;69391;40.9;19.9
16;2021-05-29;814;883;143388;70274;41.2;20.2
16;2021-05-30;1;4;143389;70278;41.2;20.2
16;2021-05-31;1984;1104;145373;71382;41.8;20.5
16;2021-06-01;2344;1715;147717;73097;42.4;21.0
16;2021-06-02;1822;1503;149539;74600;42.9;21.4
16;2021-06-03;2622;1762;152161;76362;43.7;21.9
16;2021-06-04;2834;2032;154995;78394;44.5;22.5
16;2021-06-05;1006;549;156001;78943;44.8;22.7
16;2021-06-06;161;28;156162;78971;44.9;22.7
16;2021-06-07;1991;1282;158153;80253;45.4;23.0
16;2021-06-08;2396;1998;160549;82251;46.1;23.6
16;2021-06-09;2529;1616;163078;83867;46.8;24.1
16;2021-06-10;2571;2004;165649;85871;47.6;24.7
16;2021-06-11;2152;2736;167801;88607;48.2;25.4
16;2021-06-12;1614;517;169415;89124;48.7;25.6
16;2021-06-13;261;72;169676;89196;48.7;25.6
16;2021-06-14;796;2797;170472;91993;49.0;26.4
16;2021-06-15;1865;2623;172337;94616;49.5;27.2
16;2021-06-16;1577;2087;173914;96703;49.9;27.8
16;2021-06-17;2041;2509;175955;99212;50.5;28.5
16;2021-06-18;2061;3219;178016;102431;51.1;29.4
16;2021-06-19;1352;1311;179368;103742;51.5;29.8
16;2021-06-20;243;28;179611;103770;51.6;29.8
16;2021-06-21;1411;2171;181022;105941;52.0;30.4
16;2021-06-22;1675;2943;182697;108884;52.5;31.3
16;2021-06-23;1565;2019;184262;110903;52.9;31.9
16;2021-06-24;1927;2167;186189;113070;53.5;32.5
16;2021-06-25;1983;2727;188172;115797;54.0;33.3
16;2021-06-26;1061;725;189233;116522;54.3;33.5
16;2021-06-27;132;25;189365;116547;54.4;33.5
16;2021-06-28;1164;1965;190529;118512;54.7;34.0
16;2021-06-29;1282;3358;191811;121870;55.1;35.0
16;2021-06-30;1337;2713;193148;124583;55.5;35.8
16;2021-07-01;1862;3158;195010;127741;56.0;36.7
16;2021-07-02;1424;3581;196434;131322;56.4;37.7
16;2021-07-03;694;1111;197128;132433;56.6;38.0
16;2021-07-04;3;15;197131;132448;56.6;38.0
16;2021-07-05;816;2297;197947;134745;56.9;38.7
16;2021-07-06;1278;3365;199225;138110;57.2;39.7
16;2021-07-07;868;2277;200093;140387;57.5;40.3
16;2021-07-08;1234;2737;201327;143124;57.8;41.1
16;2021-07-09;1111;3709;202438;146833;58.1;42.2
16;2021-07-10;338;1339;202776;148172;58.2;42.6
16;2021-07-11;2;13;202778;148185;58.2;42.6
16;2021-07-12;634;2439;203412;150624;58.4;43.3
16;2021-07-13;1391;3531;204803;154155;58.8;44.3
16;2021-07-14;799;877;205602;155032;59.1;44.5
16;2021-07-15;1249;3409;206851;158441;59.4;45.5
16;2021-07-16;1498;3385;208349;161826;59.8;46.5
16;2021-07-17;538;1188;208887;163014;60.0;46.8
16;2021-07-18;14;6;208901;163020;60.0;46.8
16;2021-07-19;618;2855;209519;165875;60.2;47.6
16;2021-07-20;1125;3288;210644;169163;60.5;48.6
16;2021-07-21;1119;2618;211763;171781;60.8;49.3
16;2021-07-22;1871;2864;213634;174645;61.4;50.2
16;2021-07-23;1553;3545;215187;178190;61.8;51.2
16;2021-07-24;638;1212;215825;179402;62.0;51.5
16;2021-07-25;11;11;215836;179413;62.0;51.5
16;2021-07-26;1527;2128;217363;181541;62.4;52.1
16;2021-07-27;1868;2819;219231;184360;63.0;52.9
16;2021-07-28;1860;2319;221091;186679;63.5;53.6
16;2021-07-29;2242;2475;223333;189154;64.1;54.3
16;2021-07-30;2352;3109;225685;192263;64.8;55.2
16;2021-07-31;958;1354;226643;193617;65.1;55.6
16;2021-08-01;188;22;226831;193639;65.1;55.6
16;2021-08-02;2118;1830;228949;195469;65.8;56.1
16;2021-08-03;2118;2333;231067;197802;66.4;56.8
16;2021-08-04;2117;1886;233184;199688;67.0;57.4
16;2021-08-05;2761;1655;235945;201343;67.8;57.8
16;2021-08-06;2507;2366;238452;203709;68.5;58.5
16;2021-08-07;829;561;239281;204270;68.7;58.7
16;2021-08-08;34;37;239315;204307;68.7;58.7
16;2021-08-09;2177;1061;241492;205368;69.4;59.0
16;2021-08-10;2884;1587;244376;206955;70.2;59.4
16;2021-08-11;2595;1236;246971;208191;70.9;59.8
16;2021-08-12;1994;1737;248965;209928;71.5;60.3
16;2021-08-13;2665;1464;251630;211392;72.3;60.7
16;2021-08-14;755;453;252385;211845;72.5;60.8
16;2021-08-15;27;4;252412;211849;72.5;60.8
16;2021-08-16;1333;1581;253745;213430;72.9;61.3
16;2021-08-17;1816;1624;255561;215054;73.4;61.8
16;2021-08-18;1585;1471;257146;216525;73.9;62.2
16;2021-08-19;1510;1773;258656;218298;74.3;62.7
16;2021-08-20;1598;1900;260254;220198;74.7;63.2
16;2021-08-21;558;826;260812;221024;74.9;63.5
16;2021-08-22;4;5;260816;221029;74.9;63.5
16;2021-08-23;989;2065;261805;223094;75.2;64.1
16;2021-08-24;1039;2376;262844;225470;75.5;64.8
16;2021-08-25;879;1776;263723;227246;75.7;65.3
16;2021-08-26;866;2526;264589;229772;76.0;66.0
16;2021-08-27;851;2403;265440;232175;76.2;66.7
16;2021-08-28;260;770;265700;232945;76.3;66.9
16;2021-08-29;2;16;265702;232961;76.3;66.9
16;2021-08-30;638;2392;266340;235353;76.5;67.6
17;2020-12-27;0;0;0;0;0.0;0.0
17;2020-12-28;0;0;0;0;0.0;0.0
17;2020-12-29;0;0;0;0;0.0;0.0
17;2020-12-30;1;0;1;0;0.0;0.0
17;2020-12-31;0;0;1;0;0.0;0.0
17;2021-01-01;1;0;2;0;0.0;0.0
17;2021-01-02;1;0;3;0;0.0;0.0
17;2021-01-03;0;0;3;0;0.0;0.0
17;2021-01-04;56;0;59;0;0.0;0.0
17;2021-01-05;98;0;157;0;0.0;0.0
17;2021-01-06;132;0;289;0;0.0;0.0
17;2021-01-07;485;1;774;1;0.1;0.0
17;2021-01-08;418;0;1192;1;0.2;0.0
17;2021-01-09;0;0;1192;1;0.2;0.0
17;2021-01-10;1;0;1193;1;0.2;0.0
17;2021-01-11;380;1;1573;2;0.2;0.0
17;2021-01-12;749;1;2322;3;0.4;0.0
17;2021-01-13;654;2;2976;5;0.5;0.0
17;2021-01-14;617;9;3593;14;0.6;0.0
17;2021-01-15;680;1;4273;15;0.7;0.0
17;2021-01-16;128;2;4401;17;0.7;0.0
17;2021-01-17;19;0;4420;17;0.7;0.0
17;2021-01-18;887;2;5307;19;0.8;0.0
17;2021-01-19;1910;3;7217;22;1.1;0.0
17;2021-01-20;2394;2;9611;24;1.5;0.0
17;2021-01-21;2500;4;12111;28;1.9;0.0
17;2021-01-22;1891;7;14002;35;2.2;0.0
17;2021-01-23;738;1;14740;36;2.3;0.0
17;2021-01-24;48;0;14788;36;2.3;0.0
17;2021-01-25;1383;5;16171;41;2.5;0.0
17;2021-01-26;2110;3;18281;44;2.8;0.0
17;2021-01-27;1675;33;19956;77;3.1;0.0
17;2021-01-28;2475;230;22431;307;3.5;0.0
17;2021-01-29;1739;222;24170;529;3.7;0.1
17;2021-01-30;528;5;24698;534;3.8;0.1
17;2021-01-31;37;2;24735;536;3.8;0.1
17;2021-02-01;740;210;25475;746;3.9;0.1
17;2021-02-02;1202;348;26677;1094;4.1;0.2
17;2021-02-03;1296;400;27973;1494;4.3;0.2
17;2021-02-04;1160;499;29133;1993;4.5;0.3
17;2021-02-05;603;757;29736;2750;4.6;0.4
17;2021-02-06;22;42;29758;2792;4.6;0.4
17;2021-02-07;31;13;29789;2805;4.6;0.4
17;2021-02-08;706;401;30495;3206;4.7;0.5
17;2021-02-09;1100;1315;31595;4521;4.9;0.7
17;2021-02-10;863;1284;32458;5805;5.0;0.9
17;2021-02-11;1241;1398;33699;7203;5.2;1.1
17;2021-02-12;771;965;34470;8168;5.3;1.3
17;2021-02-13;43;104;34513;8272;5.3;1.3
17;2021-02-14;1;10;34514;8282;5.3;1.3
17;2021-02-15;620;1221;35134;9503;5.4;1.5
17;2021-02-16;749;1826;35883;11329;5.5;1.8
17;2021-02-17;796;1351;36679;12680;5.7;2.0
17;2021-02-18;967;2182;37646;14862;5.8;2.3
17;2021-02-19;1067;1539;38713;16401;6.0;2.5
17;2021-02-20;105;310;38818;16711;6.0;2.6
17;2021-02-21;9;2;38827;16713;6.0;2.6
17;2021-02-22;647;1628;39474;18341;6.1;2.8
17;2021-02-23;781;1532;40255;19873;6.2;3.1
17;2021-02-24;1080;1582;41335;21455;6.4;3.3
17;2021-02-25;1087;1708;42422;23163;6.6;3.6
17;2021-02-26;1307;1295;43729;24458;6.8;3.8
17;2021-02-27;527;246;44256;24704;6.8;3.8
17;2021-02-28;19;9;44275;24713;6.8;3.8
17;2021-03-01;634;1040;44909;25753;6.9;4.0
17;2021-03-02;1094;870;46003;26623;7.1;4.1
17;2021-03-03;1619;795;47622;27418;7.4;4.2
17;2021-03-04;2426;1142;50048;28560;7.7;4.4
17;2021-03-05;2663;681;52711;29241;8.1;4.5
17;2021-03-06;1029;27;53740;29268;8.3;4.5
17;2021-03-07;183;47;53923;29315;8.3;4.5
17;2021-03-08;1016;831;54939;30146;8.5;4.7
17;2021-03-09;1746;616;56685;30762;8.8;4.8
17;2021-03-10;2047;645;58732;31407;9.1;4.9
17;2021-03-11;3226;999;61958;32406;9.6;5.0
17;2021-03-12;3356;626;65314;33032;10.1;5.1
17;2021-03-13;1202;12;66516;33044;10.3;5.1
17;2021-03-14;32;0;66548;33044;10.3;5.1
17;2021-03-15;1241;994;67789;34038;10.5;5.3
17;2021-03-16;893;536;68682;34574;10.6;5.3
17;2021-03-17;1460;705;70142;35279;10.8;5.5
17;2021-03-18;1683;765;71825;36044;11.1;5.6
17;2021-03-19;2096;549;73921;36593;11.4;5.7
17;2021-03-20;1083;56;75004;36649;11.6;5.7
17;2021-03-21;37;43;75041;36692;11.6;5.7
17;2021-03-22;1578;690;76619;37382;11.8;5.8
17;2021-03-23;2491;581;79110;37963;12.2;5.9
17;2021-03-24;3545;856;82655;38819;12.8;6.0
17;2021-03-25;4713;643;87368;39462;13.5;6.1
17;2021-03-26;4943;476;92311;39938;14.3;6.2
17;2021-03-27;1737;69;94048;40007;14.5;6.2
17;2021-03-28;369;45;94417;40052;14.6;6.2
17;2021-03-29;2361;566;96778;40618;15.0;6.3
17;2021-03-30;2655;988;99433;41606;15.4;6.4
17;2021-03-31;3842;905;103275;42511;16.0;6.6
17;2021-04-01;4013;1169;107288;43680;16.6;6.8
17;2021-04-02;3708;837;110996;44517;17.2;6.9
17;2021-04-03;1152;187;112148;44704;17.3;6.9
17;2021-04-04;501;6;112649;44710;17.4;6.9
17;2021-04-05;445;128;113094;44838;17.5;6.9
17;2021-04-06;3479;1029;116573;45867;18.0;7.1
17;2021-04-07;4130;1154;120703;47021;18.7;7.3
17;2021-04-08;4570;1477;125273;48498;19.4;7.5
17;2021-04-09;6495;843;131768;49341;20.4;7.6
17;2021-04-10;2583;68;134351;49409;20.8;7.6
17;2021-04-11;788;16;135139;49425;20.9;7.6
17;2021-04-12;2889;1620;138028;51045;21.3;7.9
17;2021-04-13;4151;1290;142179;52335;22.0;8.1
17;2021-04-14;4419;1207;146598;53542;22.7;8.3
17;2021-04-15;4600;1138;151198;54680;23.4;8.5
17;2021-04-16;4298;1154;155496;55834;24.0;8.6
17;2021-04-17;1682;382;157178;56216;24.3;8.7
17;2021-04-18;472;81;157650;56297;24.4;8.7
17;2021-04-19;2340;2060;159990;58357;24.7;9.0
17;2021-04-20;2928;2552;162918;60909;25.2;9.4
17;2021-04-21;2973;1941;165891;62850;25.6;9.7
17;2021-04-22;3122;2359;169013;65209;26.1;10.1
17;2021-04-23;2447;2729;171460;67938;26.5;10.5
17;2021-04-24;1669;927;173129;68865;26.8;10.6
17;2021-04-25;665;246;173794;69111;26.9;10.7
17;2021-04-26;2578;2627;176372;71738;27.3;11.1
17;2021-04-27;3153;2674;179525;74412;27.7;11.5
17;2021-04-28;3103;2940;182628;77352;28.2;12.0
17;2021-04-29;4149;2862;186777;80214;28.9;12.4
17;2021-04-30;4355;2637;191132;82851;29.5;12.8
17;2021-05-01;848;542;191980;83393;29.7;12.9
17;2021-05-02;553;839;192533;84232;29.8;13.0
17;2021-05-03;2542;2961;195075;87193;30.1;13.5
17;2021-05-04;2318;3729;197393;90922;30.5;14.1
17;2021-05-05;2909;3703;200302;94625;31.0;14.6
17;2021-05-06;4122;3407;204424;98032;31.6;15.1
17;2021-05-07;4355;3630;208779;101662;32.3;15.7
17;2021-05-08;1306;754;210085;102416;32.5;15.8
17;2021-05-09;1309;705;211394;103121;32.7;15.9
17;2021-05-10;2726;3692;214120;106813;33.1;16.5
17;2021-05-11;3500;3997;217620;110810;33.6;17.1
17;2021-05-12;3531;3812;221151;114622;34.2;17.7
17;2021-05-13;2545;693;223696;115315;34.6;17.8
17;2021-05-14;3032;2396;226728;117711;35.0;18.2
17;2021-05-15;2127;662;228855;118373;35.4;18.3
17;2021-05-16;1734;318;230589;118691;35.6;18.3
17;2021-05-17;4288;2000;234877;120691;36.3;18.7
17;2021-05-18;4746;1637;239623;122328;37.0;18.9
17;2021-05-19;5069;1278;244692;123606;37.8;19.1
17;2021-05-20;4943;1951;249635;125557;38.6;19.4
17;2021-05-21;4999;1958;254634;127515;39.4;19.7
17;2021-05-22;2393;532;257027;128047;39.7;19.8
17;2021-05-23;1899;129;258926;128176;40.0;19.8
17;2021-05-24;1426;208;260352;128384;40.2;19.8
17;2021-05-25;4030;1770;264382;130154;40.9;20.1
17;2021-05-26;4366;2041;268748;132195;41.5;20.4
17;2021-05-27;5216;2139;273964;134334;42.3;20.8
17;2021-05-28;4468;3437;278432;137771;43.0;21.3
17;2021-05-29;1561;1707;279993;139478;43.3;21.6
17;2021-05-30;857;411;280850;139889;43.4;21.6
17;2021-05-31;2946;3013;283796;142902;43.9;22.1
17;2021-06-01;4296;2928;288092;145830;44.5;22.5
17;2021-06-02;4201;3176;292293;149006;45.2;23.0
17;2021-06-03;5055;3167;297348;152173;46.0;23.5
17;2021-06-04;4516;3854;301864;156027;46.7;24.1
17;2021-06-05;1991;1600;303855;157627;47.0;24.4
17;2021-06-06;851;734;304706;158361;47.1;24.5
17;2021-06-07;3139;4346;307845;162707;47.6;25.1
17;2021-06-08;3789;4497;311634;167204;48.2;25.8
17;2021-06-09;4346;3055;315980;170259;48.8;26.3
17;2021-06-10;4929;2794;320909;173053;49.6;26.7
17;2021-06-11;4793;3691;325702;176744;50.3;27.3
17;2021-06-12;1812;1404;327514;178148;50.6;27.5
17;2021-06-13;610;415;328124;178563;50.7;27.6
17;2021-06-14;2834;4537;330958;183100;51.1;28.3
17;2021-06-15;3623;4380;334581;187480;51.7;29.0
17;2021-06-16;4132;3693;338713;191173;52.3;29.5
17;2021-06-17;4368;4125;343081;195298;53.0;30.2
17;2021-06-18;4054;4440;347135;199738;53.6;30.9
17;2021-06-19;1450;1991;348585;201729;53.9;31.2
17;2021-06-20;595;1035;349180;202764;54.0;31.3
17;2021-06-21;2563;4373;351743;207137;54.4;32.0
17;2021-06-22;3528;4451;355271;211588;54.9;32.7
17;2021-06-23;3795;3993;359066;215581;55.5;33.3
17;2021-06-24;3600;3960;362666;219541;56.0;33.9
17;2021-06-25;2719;4988;365385;224529;56.5;34.7
17;2021-06-26;906;2335;366291;226864;56.6;35.1
17;2021-06-27;396;1902;366687;228766;56.7;35.4
17;2021-06-28;1523;5418;368210;234184;56.9;36.2
17;2021-06-29;1684;5891;369894;240075;57.2;37.1
17;2021-06-30;2030;5549;371924;245624;57.5;38.0
17;2021-07-01;2265;5559;374189;251183;57.8;38.8
17;2021-07-02;2486;5985;376675;257168;58.2;39.7
17;2021-07-03;627;2546;377302;259714;58.3;40.1
17;2021-07-04;155;1250;377457;260964;58.3;40.3
17;2021-07-05;1890;5178;379347;266142;58.6;41.1
17;2021-07-06;2132;5600;381479;271742;59.0;42.0
17;2021-07-07;2407;5499;383886;277241;59.3;42.8
17;2021-07-08;2914;5441;386800;282682;59.8;43.7
17;2021-07-09;2526;6078;389326;288760;60.2;44.6
17;2021-07-10;828;2473;390154;291233;60.3;45.0
17;2021-07-11;380;907;390534;292140;60.4;45.1
17;2021-07-12;2007;5620;392541;297760;60.7;46.0
17;2021-07-13;2373;6719;394914;304479;61.0;47.1
17;2021-07-14;71;71;394985;304550;61.0;47.1
17;2021-07-15;2191;6858;397176;311408;61.4;48.1
17;2021-07-16;2779;6971;399955;318379;61.8;49.2
17;2021-07-17;1051;2276;401006;320655;62.0;49.6
17;2021-07-18;313;1038;401319;321693;62.0;49.7
17;2021-07-19;2635;5905;403954;327598;62.4;50.6
17;2021-07-20;3319;6315;407273;333913;62.9;51.6
17;2021-07-21;3803;6031;411076;339944;63.5;52.5
17;2021-07-22;4250;6276;415326;346220;64.2;53.5
17;2021-07-23;3896;6568;419222;352788;64.8;54.5
17;2021-07-24;2068;1399;421290;354187;65.1;54.7
17;2021-07-25;1043;416;422333;354603;65.3;54.8
17;2021-07-26;3737;5427;426070;360030;65.8;55.6
17;2021-07-27;4729;5437;430799;365467;66.6;56.5
17;2021-07-28;5216;5174;436015;370641;67.4;57.3
17;2021-07-29;5162;5342;441177;375983;68.2;58.1
17;2021-07-30;5504;5573;446681;381556;69.0;59.0
17;2021-07-31;2119;1213;448800;382769;69.4;59.2
17;2021-08-01;1092;358;449892;383127;69.5;59.2
17;2021-08-02;4610;4391;454502;387518;70.2;59.9
17;2021-08-03;5751;4165;460253;391683;71.1;60.5
17;2021-08-04;6189;3375;466442;395058;72.1;61.1
17;2021-08-05;6370;3152;472812;398210;73.1;61.5
17;2021-08-06;5878;3605;478690;401815;74.0;62.1
17;2021-08-07;1982;867;480672;402682;74.3;62.2
17;2021-08-08;973;220;481645;402902;74.4;62.3
17;2021-08-09;3913;3696;485558;406598;75.0;62.8
17;2021-08-10;5056;3493;490614;410091;75.8;63.4
17;2021-08-11;4892;3810;495506;413901;76.6;64.0
17;2021-08-12;4857;3955;500363;417856;77.3;64.6
17;2021-08-13;4498;4139;504861;421995;78.0;65.2
17;2021-08-14;1227;1381;506088;423376;78.2;65.4
17;2021-08-15;404;377;506492;423753;78.3;65.5
17;2021-08-16;2815;4061;509307;427814;78.7;66.1
17;2021-08-17;3038;4282;512345;432096;79.2;66.8
17;2021-08-18;2615;4547;514960;436643;79.6;67.5
17;2021-08-19;2712;4378;517672;441021;80.0;68.2
17;2021-08-20;2477;5025;520149;446046;80.4;68.9
17;2021-08-21;684;1353;520833;447399;80.5;69.1
17;2021-08-22;216;457;521049;447856;80.5;69.2
17;2021-08-23;1976;4951;523025;452807;80.8;70.0
17;2021-08-24;1936;5092;524961;457899;81.1;70.8
17;2021-08-25;1657;5502;526618;463401;81.4;71.6
17;2021-08-26;1591;5758;528209;469159;81.6;72.5
17;2021-08-27;1539;5948;529748;475107;81.9;73.4
17;2021-08-28;513;1452;530261;476559;81.9;73.6
17;2021-08-29;87;575;530348;477134;82.0;73.7
17;2021-08-30;1412;5101;531760;482235;82.2;74.5
18;2020-12-27;0;0;0;0;0.0;0.0
18;2020-12-28;0;0;0;0;0.0;0.0
18;2020-12-29;0;0;0;0;0.0;0.0
18;2020-12-30;1;0;1;0;0.0;0.0
18;2020-12-31;0;0;1;0;0.0;0.0
18;2021-01-01;0;0;1;0;0.0;0.0
18;2021-01-02;0;0;1;0;0.0;0.0
18;2021-01-03;0;0;1;0;0.0;0.0
18;2021-01-04;3;0;4;0;0.0;0.0
18;2021-01-05;0;0;4;0;0.0;0.0
18;2021-01-06;1;0;5;0;0.0;0.0
18;2021-01-07;30;1;35;1;0.0;0.0
18;2021-01-08;65;0;100;1;0.0;0.0
18;2021-01-09;225;0;325;1;0.1;0.0
18;2021-01-10;146;0;471;1;0.2;0.0
18;2021-01-11;170;1;641;2;0.2;0.0
18;2021-01-12;372;0;1013;2;0.3;0.0
18;2021-01-13;270;2;1283;4;0.4;0.0
18;2021-01-14;269;2;1552;6;0.5;0.0
18;2021-01-15;332;2;1884;8;0.6;0.0
18;2021-01-16;288;3;2172;11;0.7;0.0
18;2021-01-17;1;0;2173;11;0.7;0.0
18;2021-01-18;290;0;2463;11;0.8;0.0
18;2021-01-19;1374;2;3837;13;1.3;0.0
18;2021-01-20;1239;2;5076;15;1.7;0.0
18;2021-01-21;965;0;6041;15;2.0;0.0
18;2021-01-22;780;2;6821;17;2.3;0.0
18;2021-01-23;249;2;7070;19;2.4;0.0
18;2021-01-24;0;0;7070;19;2.4;0.0
18;2021-01-25;509;0;7579;19;2.6;0.0
18;2021-01-26;395;1;7974;20;2.7;0.0
18;2021-01-27;390;2;8364;22;2.8;0.0
18;2021-01-28;566;8;8930;30;3.0;0.0
18;2021-01-29;492;72;9422;102;3.2;0.0
18;2021-01-30;432;158;9854;260;3.3;0.1
18;2021-01-31;82;113;9936;373;3.4;0.1
18;2021-02-01;328;137;10264;510;3.5;0.2
18;2021-02-02;507;240;10771;750;3.6;0.3
18;2021-02-03;398;204;11169;954;3.8;0.3
18;2021-02-04;630;226;11799;1180;4.0;0.4
18;2021-02-05;449;194;12248;1374;4.1;0.5
18;2021-02-06;283;100;12531;1474;4.2;0.5
18;2021-02-07;108;1;12639;1475;4.3;0.5
18;2021-02-08;268;227;12907;1702;4.4;0.6
18;2021-02-09;583;780;13490;2482;4.6;0.8
18;2021-02-10;740;694;14230;3176;4.8;1.1
18;2021-02-11;655;450;14885;3626;5.0;1.2
18;2021-02-12;502;326;15387;3952;5.2;1.3
18;2021-02-13;286;124;15673;4076;5.3;1.4
18;2021-02-14;364;97;16037;4173;5.4;1.4
18;2021-02-15;378;393;16415;4566;5.5;1.5
18;2021-02-16;399;400;16814;4966;5.7;1.7
18;2021-02-17;403;456;17217;5422;5.8;1.8
18;2021-02-18;344;536;17561;5958;5.9;2.0
18;2021-02-19;471;303;18032;6261;6.1;2.1
18;2021-02-20;721;238;18753;6499;6.3;2.2
18;2021-02-21;316;2;19069;6501;6.4;2.2
18;2021-02-22;217;369;19286;6870;6.5;2.3
18;2021-02-23;204;349;19490;7219;6.6;2.4
18;2021-02-24;240;271;19730;7490;6.7;2.5
18;2021-02-25;293;518;20023;8008;6.8;2.7
18;2021-02-26;582;236;20605;8244;7.0;2.8
18;2021-02-27;510;387;21115;8631;7.1;2.9
18;2021-02-28;7;68;21122;8699;7.1;2.9
18;2021-03-01;236;413;21358;9112;7.2;3.1
18;2021-03-02;284;520;21642;9632;7.3;3.2
18;2021-03-03;346;586;21988;10218;7.4;3.4
18;2021-03-04;475;571;22463;10789;7.6;3.6
18;2021-03-05;524;370;22987;11159;7.8;3.8
18;2021-03-06;1071;345;24058;11504;8.1;3.9
18;2021-03-07;7;140;24065;11644;8.1;3.9
18;2021-03-08;335;361;24400;12005;8.2;4.1
18;2021-03-09;410;367;24810;12372;8.4;4.2
18;2021-03-10;423;453;25233;12825;8.5;4.3
18;2021-03-11;518;422;25751;13247;8.7;4.5
18;2021-03-12;704;303;26455;13550;8.9;4.6
18;2021-03-13;1164;251;27619;13801;9.3;4.7
18;2021-03-14;301;214;27920;14015;9.4;4.7
18;2021-03-15;491;381;28411;14396;9.6;4.9
18;2021-03-16;392;313;28803;14709;9.7;5.0
18;2021-03-17;383;416;29186;15125;9.8;5.1
18;2021-03-18;512;230;29698;15355;10.0;5.2
18;2021-03-19;756;227;30454;15582;10.3;5.3
18;2021-03-20;986;620;31440;16202;10.6;5.5
18;2021-03-21;308;308;31748;16510;10.7;5.6
18;2021-03-22;602;297;32350;16807;10.9;5.7
18;2021-03-23;706;294;33056;17101;11.2;5.8
18;2021-03-24;1052;299;34108;17400;11.5;5.9
18;2021-03-25;1049;301;35157;17701;11.9;6.0
18;2021-03-26;1210;349;36367;18050;12.3;6.1
18;2021-03-27;1489;322;37856;18372;12.8;6.2
18;2021-03-28;215;0;38071;18372;12.8;6.2
18;2021-03-29;1101;198;39172;18570;13.2;6.3
18;2021-03-30;1084;305;40256;18875;13.6;6.4
18;2021-03-31;1305;253;41561;19128;14.0;6.5
18;2021-04-01;1377;346;42938;19474;14.5;6.6
18;2021-04-02;1229;311;44167;19785;14.9;6.7
18;2021-04-03;581;181;44748;19966;15.1;6.7
18;2021-04-04;71;5;44819;19971;15.1;6.7
18;2021-04-05;199;0;45018;19971;15.2;6.7
18;2021-04-06;1026;350;46044;20321;15.5;6.9
18;2021-04-07;1322;363;47366;20684;16.0;7.0
18;2021-04-08;1692;345;49058;21029;16.6;7.1
18;2021-04-09;1833;283;50891;21312;17.2;7.2
18;2021-04-10;2633;650;53524;21962;18.1;7.4
18;2021-04-11;1985;315;55509;22277;18.7;7.5
18;2021-04-12;1402;403;56911;22680;19.2;7.7
18;2021-04-13;1784;469;58695;23149;19.8;7.8
18;2021-04-14;1378;518;60073;23667;20.3;8.0
18;2021-04-15;1532;530;61605;24197;20.8;8.2
18;2021-04-16;1614;593;63219;24790;21.3;8.4
18;2021-04-17;1599;520;64818;25310;21.9;8.5
18;2021-04-18;377;232;65195;25542;22.0;8.6
18;2021-04-19;1316;593;66511;26135;22.4;8.8
18;2021-04-20;1445;712;67956;26847;22.9;9.1
18;2021-04-21;1272;909;69228;27756;23.4;9.4
18;2021-04-22;1402;703;70630;28459;23.8;9.6
18;2021-04-23;1387;734;72017;29193;24.3;9.8
18;2021-04-24;1355;1270;73372;30463;24.8;10.3
18;2021-04-25;288;217;73660;30680;24.9;10.4
18;2021-04-26;1205;952;74865;31632;25.3;10.7
18;2021-04-27;1545;765;76410;32397;25.8;10.9
18;2021-04-28;1358;876;77768;33273;26.2;11.2
18;2021-04-29;1850;734;79618;34007;26.9;11.5
18;2021-04-30;1570;997;81188;35004;27.4;11.8
18;2021-05-01;788;211;81976;35215;27.7;11.9
18;2021-05-02;806;60;82782;35275;27.9;11.9
18;2021-05-03;1627;1012;84409;36287;28.5;12.2
18;2021-05-04;1731;1284;86140;37571;29.1;12.7
18;2021-05-05;1735;1216;87875;38787;29.6;13.1
18;2021-05-06;2163;1366;90038;40153;30.4;13.5
18;2021-05-07;1234;1402;91272;41555;30.8;14.0
18;2021-05-08;994;1468;92266;43023;31.1;14.5
18;2021-05-09;501;2259;92767;45282;31.3;15.3
18;2021-05-10;1158;1509;93925;46791;31.7;15.8
18;2021-05-11;1696;1751;95621;48542;32.3;16.4
18;2021-05-12;1808;1494;97429;50036;32.9;16.9
18;2021-05-13;1061;371;98490;50407;33.2;17.0
18;2021-05-14;1346;945;99836;51352;33.7;17.3
18;2021-05-15;1810;1163;101646;52515;34.3;17.7
18;2021-05-16;538;582;102184;53097;34.5;17.9
18;2021-05-17;1245;1091;103429;54188;34.9;18.3
18;2021-05-18;2148;935;105577;55123;35.6;18.6
18;2021-05-19;2162;919;107739;56042;36.3;18.9
18;2021-05-20;2277;985;110016;57027;37.1;19.2
18;2021-05-21;1497;765;111513;57792;37.6;19.5
18;2021-05-22;1724;1074;113237;58866;38.2;19.9
18;2021-05-23;485;336;113722;59202;38.4;20.0
18;2021-05-24;462;292;114184;59494;38.5;20.1
18;2021-05-25;1842;1064;116026;60558;39.1;20.4
18;2021-05-26;2154;844;118180;61402;39.9;20.7
18;2021-05-27;2208;1233;120388;62635;40.6;21.1
18;2021-05-28;1713;1306;122101;63941;41.2;21.6
18;2021-05-29;2619;1660;124720;65601;42.1;22.1
18;2021-05-30;1484;504;126204;66105;42.6;22.3
18;2021-05-31;1786;692;127990;66797;43.2;22.5
18;2021-06-01;2040;949;130030;67746;43.9;22.9
18;2021-06-02;2009;1020;132039;68766;44.5;23.2
18;2021-06-03;2283;1200;134322;69966;45.3;23.6
18;2021-06-04;1909;1124;136231;71090;46.0;24.0
18;2021-06-05;2802;1450;139033;72540;46.9;24.5
18;2021-06-06;365;381;139398;72921;47.0;24.6
18;2021-06-07;1296;1233;140694;74154;47.5;25.0
18;2021-06-08;1491;1395;142185;75549;48.0;25.5
18;2021-06-09;1328;1067;143513;76616;48.4;25.8
18;2021-06-10;1631;1407;145144;78023;49.0;26.3
18;2021-06-11;1496;1404;146640;79427;49.5;26.8
18;2021-06-12;1245;2511;147885;81938;49.9;27.6
18;2021-06-13;126;262;148011;82200;49.9;27.7
18;2021-06-14;657;1828;148668;84028;50.2;28.3
18;2021-06-15;1093;1822;149761;85850;50.5;29.0
18;2021-06-16;1258;1440;151019;87290;51.0;29.4
18;2021-06-17;1205;1670;152224;88960;51.4;30.0
18;2021-06-18;1292;1667;153516;90627;51.8;30.6
18;2021-06-19;1564;1251;155080;91878;52.3;31.0
18;2021-06-20;246;159;155326;92037;52.4;31.1
18;2021-06-21;665;1601;155991;93638;52.6;31.6
18;2021-06-22;1068;1644;157059;95282;53.0;32.1
18;2021-06-23;944;1642;158003;96924;53.3;32.7
18;2021-06-24;1033;1062;159036;97986;53.7;33.1
18;2021-06-25;893;1745;159929;99731;54.0;33.6
18;2021-06-26;1098;1472;161027;101203;54.3;34.1
18;2021-06-27;31;372;161058;101575;54.3;34.3
18;2021-06-28;421;1924;161479;103499;54.5;34.9
18;2021-06-29;595;2378;162074;105877;54.7;35.7
18;2021-06-30;601;2544;162675;108421;54.9;36.6
18;2021-07-01;961;2156;163636;110577;55.2;37.3
18;2021-07-02;615;1687;164251;112264;55.4;37.9
18;2021-07-03;755;2576;165006;114840;55.7;38.7
18;2021-07-04;164;1033;165170;115873;55.7;39.1
18;2021-07-05;765;1877;165935;117750;56.0;39.7
18;2021-07-06;560;2303;166495;120053;56.2;40.5
18;2021-07-07;767;2115;167262;122168;56.4;41.2
18;2021-07-08;1031;1984;168293;124152;56.8;41.9
18;2021-07-09;704;2310;168997;126462;57.0;42.7
18;2021-07-10;781;3176;169778;129638;57.3;43.7
18;2021-07-11;81;665;169859;130303;57.3;44.0
18;2021-07-12;223;2252;170082;132555;57.4;44.7
18;2021-07-13;619;2906;170701;135461;57.6;45.7
18;2021-07-14;194;937;170895;136398;57.7;46.0
18;2021-07-15;1396;2815;172291;139213;58.1;47.0
18;2021-07-16;1184;2121;173475;141334;58.5;47.7
18;2021-07-17;1130;2473;174605;143807;58.9;48.5
18;2021-07-18;229;332;174834;144139;59.0;48.6
18;2021-07-19;1056;1659;175890;145798;59.3;49.2
18;2021-07-20;1625;2268;177515;148066;59.9;50.0
18;2021-07-21;1902;2063;179417;150129;60.5;50.7
18;2021-07-22;2214;1897;181631;152026;61.3;51.3
18;2021-07-23;1398;1611;183029;153637;61.7;51.8
18;2021-07-24;890;1535;183919;155172;62.1;52.4
18;2021-07-25;192;398;184111;155570;62.1;52.5
18;2021-07-26;1398;1506;185509;157076;62.6;53.0
18;2021-07-27;1824;1539;187333;158615;63.2;53.5
18;2021-07-28;2199;1795;189532;160410;63.9;54.1
18;2021-07-29;2142;1816;191674;162226;64.7;54.7
18;2021-07-30;1585;1342;193259;163568;65.2;55.2
18;2021-07-31;1235;1282;194494;164850;65.6;55.6
18;2021-08-01;90;34;194584;164884;65.6;55.6
18;2021-08-02;1408;765;195992;165649;66.1;55.9
18;2021-08-03;1717;1629;197709;167278;66.7;56.4
18;2021-08-04;2423;1099;200132;168377;67.5;56.8
18;2021-08-05;1524;1244;201656;169621;68.0;57.2
18;2021-08-06;1582;1141;203238;170762;68.6;57.6
18;2021-08-07;608;763;203846;171525;68.8;57.9
18;2021-08-08;49;60;203895;171585;68.8;57.9
18;2021-08-09;1104;875;204999;172460;69.2;58.2
18;2021-08-10;1204;1511;206203;173971;69.6;58.7
18;2021-08-11;1603;1504;207806;175475;70.1;59.2
18;2021-08-12;1548;1594;209354;177069;70.6;59.7
18;2021-08-13;1082;1169;210436;178238;71.0;60.1
18;2021-08-14;757;603;211193;178841;71.3;60.3
18;2021-08-15;35;17;211228;178858;71.3;60.3
18;2021-08-16;827;1202;212055;180060;71.5;60.7
18;2021-08-17;978;1997;213033;182057;71.9;61.4
18;2021-08-18;1152;1957;214185;184014;72.3;62.1
18;2021-08-19;1089;1609;215274;185623;72.6;62.6
18;2021-08-20;911;1757;216185;187380;72.9;63.2
18;2021-08-21;419;703;216604;188083;73.1;63.5
18;2021-08-22;21;73;216625;188156;73.1;63.5
18;2021-08-23;484;1678;217109;189834;73.2;64.0
18;2021-08-24;901;1492;218010;191326;73.6;64.5
18;2021-08-25;838;1865;218848;193191;73.8;65.2
18;2021-08-26;770;1529;219618;194720;74.1;65.7
18;2021-08-27;572;1995;220190;196715;74.3;66.4
18;2021-08-28;500;868;220690;197583;74.5;66.7
18;2021-08-29;91;176;220781;197759;74.5;66.7
18;2021-08-30;525;1440;221306;199199;74.7;67.2
19;2020-12-27;0;0;0;0;0.0;0.0
19;2020-12-28;0;0;0;0;0.0;0.0
19;2020-12-29;1;0;1;0;0.0;0.0
19;2020-12-30;0;0;1;0;0.0;0.0
19;2020-12-31;0;0;1;0;0.0;0.0
19;2021-01-01;0;0;1;0;0.0;0.0
19;2021-01-02;0;0;1;0;0.0;0.0
19;2021-01-03;0;0;1;0;0.0;0.0
19;2021-01-04;0;0;1;0;0.0;0.0
19;2021-01-05;0;0;1;0;0.0;0.0
19;2021-01-06;0;0;1;0;0.0;0.0
19;2021-01-07;343;1;344;1;0.1;0.0
19;2021-01-08;247;1;591;2;0.2;0.0
19;2021-01-09;1;0;592;2;0.2;0.0
19;2021-01-10;1;0;593;2;0.2;0.0
19;2021-01-11;38;0;631;2;0.3;0.0
19;2021-01-12;415;1;1046;3;0.4;0.0
19;2021-01-13;424;2;1470;5;0.6;0.0
19;2021-01-14;475;1;1945;6;0.8;0.0
19;2021-01-15;226;0;2171;6;0.9;0.0
19;2021-01-16;0;0;2171;6;0.9;0.0
19;2021-01-17;1;0;2172;6;0.9;0.0
19;2021-01-18;251;2;2423;8;1.0;0.0
19;2021-01-19;519;0;2942;8;1.2;0.0
19;2021-01-20;922;4;3864;12;1.6;0.0
19;2021-01-21;506;4;4370;16;1.8;0.0
19;2021-01-22;1317;4;5687;20;2.4;0.0
19;2021-01-23;281;0;5968;20;2.5;0.0
19;2021-01-24;36;0;6004;20;2.5;0.0
19;2021-01-25;233;0;6237;20;2.6;0.0
19;2021-01-26;607;4;6844;24;2.8;0.0
19;2021-01-27;334;3;7178;27;3.0;0.0
19;2021-01-28;297;251;7475;278;3.1;0.1
19;2021-01-29;348;61;7823;339;3.3;0.1
19;2021-01-30;130;24;7953;363;3.3;0.2
19;2021-01-31;41;0;7994;363;3.3;0.2
19;2021-02-01;158;95;8152;458;3.4;0.2
19;2021-02-02;303;429;8455;887;3.5;0.4
19;2021-02-03;284;244;8739;1131;3.6;0.5
19;2021-02-04;255;375;8994;1506;3.7;0.6
19;2021-02-05;310;76;9304;1582;3.9;0.7
19;2021-02-06;213;2;9517;1584;4.0;0.7
19;2021-02-07;48;2;9565;1586;4.0;0.7
19;2021-02-08;177;150;9742;1736;4.1;0.7
19;2021-02-09;333;274;10075;2010;4.2;0.8
19;2021-02-10;517;295;10592;2305;4.4;1.0
19;2021-02-11;412;320;11004;2625;4.6;1.1
19;2021-02-12;797;1162;11801;3787;4.9;1.6
19;2021-02-13;352;186;12153;3973;5.1;1.7
19;2021-02-14;98;13;12251;3986;5.1;1.7
19;2021-02-15;200;243;12451;4229;5.2;1.8
19;2021-02-16;386;171;12837;4400;5.3;1.8
19;2021-02-17;306;468;13143;4868;5.5;2.0
19;2021-02-18;174;507;13317;5375;5.5;2.2
19;2021-02-19;469;301;13786;5676;5.7;2.4
19;2021-02-20;133;207;13919;5883;5.8;2.4
19;2021-02-21;20;40;13939;5923;5.8;2.5
19;2021-02-22;220;210;14159;6133;5.9;2.6
19;2021-02-23;268;345;14427;6478;6.0;2.7
19;2021-02-24;361;208;14788;6686;6.2;2.8
19;2021-02-25;519;382;15307;7068;6.4;2.9
19;2021-02-26;395;318;15702;7386;6.5;3.1
19;2021-02-27;348;162;16050;7548;6.7;3.1
19;2021-02-28;68;36;16118;7584;6.7;3.2
19;2021-03-01;266;221;16384;7805;6.8;3.2
19;2021-03-02;428;257;16812;8062;7.0;3.4
19;2021-03-03;692;339;17504;8401;7.3;3.5
19;2021-03-04;826;352;18330;8753;7.6;3.6
19;2021-03-05;891;736;19221;9489;8.0;3.9
19;2021-03-06;1073;214;20294;9703;8.4;4.0
19;2021-03-07;463;37;20757;9740;8.6;4.1
19;2021-03-08;638;163;21395;9903;8.9;4.1
19;2021-03-09;836;248;22231;10151;9.2;4.2
19;2021-03-10;1155;321;23386;10472;9.7;4.4
19;2021-03-11;1274;309;24660;10781;10.3;4.5
19;2021-03-12;1136;405;25796;11186;10.7;4.7
19;2021-03-13;1111;168;26907;11354;11.2;4.7
19;2021-03-14;160;84;27067;11438;11.3;4.8
19;2021-03-15;699;137;27766;11575;11.6;4.8
19;2021-03-16;688;303;28454;11878;11.8;4.9
19;2021-03-17;839;280;29293;12158;12.2;5.1
19;2021-03-18;767;283;30060;12441;12.5;5.2
19;2021-03-19;1014;488;31074;12929;12.9;5.4
19;2021-03-20;783;131;31857;13060;13.3;5.4
19;2021-03-21;128;4;31985;13064;13.3;5.4
19;2021-03-22;548;177;32533;13241;13.5;5.5
19;2021-03-23;1045;233;33578;13474;14.0;5.6
19;2021-03-24;1171;374;34749;13848;14.5;5.8
19;2021-03-25;1189;415;35938;14263;15.0;5.9
19;2021-03-26;1323;276;37261;14539;15.5;6.0
19;2021-03-27;854;189;38115;14728;15.9;6.1
19;2021-03-28;63;60;38178;14788;15.9;6.2
19;2021-03-29;612;177;38790;14965;16.1;6.2
19;2021-03-30;971;345;39761;15310;16.5;6.4
19;2021-03-31;1157;498;40918;15808;17.0;6.6
19;2021-04-01;1491;427;42409;16235;17.6;6.8
19;2021-04-02;1007;524;43416;16759;18.1;7.0
19;2021-04-03;597;283;44013;17042;18.3;7.1
19;2021-04-04;130;3;44143;17045;18.4;7.1
19;2021-04-05;40;75;44183;17120;18.4;7.1
19;2021-04-06;735;605;44918;17725;18.7;7.4
19;2021-04-07;978;732;45896;18457;19.1;7.7
19;2021-04-08;1116;1018;47012;19475;19.6;8.1
19;2021-04-09;1642;613;48654;20088;20.2;8.4
19;2021-04-10;946;557;49600;20645;20.6;8.6
19;2021-04-11;558;74;50158;20719;20.9;8.6
19;2021-04-12;681;522;50839;21241;21.2;8.8
19;2021-04-13;915;577;51754;21818;21.5;9.1
19;2021-04-14;1333;843;53087;22661;22.1;9.4
19;2021-04-15;1229;873;54316;23534;22.6;9.8
19;2021-04-16;1505;820;55821;24354;23.2;10.1
19;2021-04-17;762;478;56583;24832;23.5;10.3
19;2021-04-18;661;69;57244;24901;23.8;10.4
19;2021-04-19;730;440;57974;25341;24.1;10.5
19;2021-04-20;979;748;58953;26089;24.5;10.9
19;2021-04-21;1271;700;60224;26789;25.1;11.1
19;2021-04-22;1189;899;61413;27688;25.6;11.5
19;2021-04-23;1129;1019;62542;28707;26.0;11.9
19;2021-04-24;679;675;63221;29382;26.3;12.2
19;2021-04-25;675;69;63896;29451;26.6;12.3
19;2021-04-26;1056;331;64952;29782;27.0;12.4
19;2021-04-27;1028;569;65980;30351;27.5;12.6
19;2021-04-28;1553;556;67533;30907;28.1;12.9
19;2021-04-29;1453;1196;68986;32103;28.7;13.4
19;2021-04-30;1876;1061;70862;33164;29.5;13.8
19;2021-05-01;670;170;71532;33334;29.8;13.9
19;2021-05-02;550;152;72082;33486;30.0;13.9
19;2021-05-03;854;547;72936;34033;30.3;14.2
19;2021-05-04;1025;708;73961;34741;30.8;14.5
19;2021-05-05;1255;741;75216;35482;31.3;14.8
19;2021-05-06;1127;1198;76343;36680;31.8;15.3
19;2021-05-07;1664;1191;78007;37871;32.5;15.8
19;2021-05-08;712;207;78719;38078;32.8;15.8
19;2021-05-09;487;546;79206;38624;33.0;16.1
19;2021-05-10;1164;670;80370;39294;33.4;16.3
19;2021-05-11;1640;859;82010;40153;34.1;16.7
19;2021-05-12;1945;1318;83955;41471;34.9;17.3
19;2021-05-13;571;242;84526;41713;35.2;17.4
19;2021-05-14;1646;987;86172;42700;35.9;17.8
19;2021-05-15;1443;590;87615;43290;36.5;18.0
19;2021-05-16;350;82;87965;43372;36.6;18.0
19;2021-05-17;1498;560;89463;43932;37.2;18.3
19;2021-05-18;1670;499;91133;44431;37.9;18.5
19;2021-05-19;2009;832;93142;45263;38.8;18.8
19;2021-05-20;1722;889;94864;46152;39.5;19.2
19;2021-05-21;1963;815;96827;46967;40.3;19.5
19;2021-05-22;1272;652;98099;47619;40.8;19.8
19;2021-05-23;324;131;98423;47750;41.0;19.9
19;2021-05-24;139;46;98562;47796;41.0;19.9
19;2021-05-25;1502;492;100064;48288;41.6;20.1
19;2021-05-26;1926;666;101990;48954;42.4;20.4
19;2021-05-27;1786;833;103776;49787;43.2;20.7
19;2021-05-28;1937;991;105713;50778;44.0;21.1
19;2021-05-29;1375;705;107088;51483;44.6;21.4
19;2021-05-30;191;497;107279;51980;44.6;21.6
19;2021-05-31;1199;537;108478;52517;45.1;21.9
19;2021-06-01;1283;886;109761;53403;45.7;22.2
19;2021-06-02;1817;958;111578;54361;46.4;22.6
19;2021-06-03;1447;1252;113025;55613;47.0;23.1
19;2021-06-04;1848;1358;114873;56971;47.8;23.7
19;2021-06-05;1210;814;116083;57785;48.3;24.0
19;2021-06-06;87;649;116170;58434;48.3;24.3
19;2021-06-07;922;934;117092;59368;48.7;24.7
19;2021-06-08;1104;907;118196;60275;49.2;25.1
19;2021-06-09;1329;1463;119525;61738;49.7;25.7
19;2021-06-10;1284;1581;120809;63319;50.3;26.3
19;2021-06-11;1315;1917;122124;65236;50.8;27.1
19;2021-06-12;1357;1317;123481;66553;51.4;27.7
19;2021-06-13;543;424;124024;66977;51.6;27.9
19;2021-06-14;736;1017;124760;67994;51.9;28.3
19;2021-06-15;979;1143;125739;69137;52.3;28.8
19;2021-06-16;1223;1364;126962;70501;52.8;29.3
19;2021-06-17;869;1792;127831;72293;53.2;30.1
19;2021-06-18;1057;2136;128888;74429;53.6;31.0
19;2021-06-19;919;1302;129807;75731;54.0;31.5
19;2021-06-20;395;327;130202;76058;54.2;31.6
19;2021-06-21;500;1075;130702;77133;54.4;32.1
19;2021-06-22;698;1490;131400;78623;54.7;32.7
19;2021-06-23;743;1985;132143;80608;55.0;33.5
19;2021-06-24;687;1663;132830;82271;55.3;34.2
19;2021-06-25;562;2216;133392;84487;55.5;35.2
19;2021-06-26;472;1741;133864;86228;55.7;35.9
19;2021-06-27;289;445;134153;86673;55.8;36.1
19;2021-06-28;315;1500;134468;88173;56.0;36.7
19;2021-06-29;354;1894;134822;90067;56.1;37.5
19;2021-06-30;795;2152;135617;92219;56.4;38.4
19;2021-07-01;361;2321;135978;94540;56.6;39.3
19;2021-07-02;781;2317;136759;96857;56.9;40.3
19;2021-07-03;513;1741;137272;98598;57.1;41.0
19;2021-07-04;1;73;137273;98671;57.1;41.1
19;2021-07-05;600;1015;137873;99686;57.4;41.5
19;2021-07-06;506;1541;138379;101227;57.6;42.1
19;2021-07-07;705;2045;139084;103272;57.9;43.0
19;2021-07-08;770;2148;139854;105420;58.2;43.9
19;2021-07-09;716;2659;140570;108079;58.5;45.0
19;2021-07-10;587;1708;141157;109787;58.7;45.7
19;2021-07-11;45;212;141202;109999;58.8;45.8
19;2021-07-12;447;1489;141649;111488;58.9;46.4
19;2021-07-13;685;1829;142334;113317;59.2;47.1
19;2021-07-14;202;273;142536;113590;59.3;47.3
19;2021-07-15;871;2050;143407;115640;59.7;48.1
19;2021-07-16;1229;2445;144636;118085;60.2;49.1
19;2021-07-17;703;1718;145339;119803;60.5;49.8
19;2021-07-18;365;673;145704;120476;60.6;50.1
19;2021-07-19;969;1405;146673;121881;61.0;50.7
19;2021-07-20;967;1676;147640;123557;61.4;51.4
19;2021-07-21;1082;1713;148722;125270;61.9;52.1
19;2021-07-22;1390;1854;150112;127124;62.5;52.9
19;2021-07-23;1781;1993;151893;129117;63.2;53.7
19;2021-07-24;908;1752;152801;130869;63.6;54.5
19;2021-07-25;164;513;152965;131382;63.6;54.7
19;2021-07-26;910;910;153875;132292;64.0;55.0
19;2021-07-27;1421;1116;155296;133408;64.6;55.5
19;2021-07-28;2042;1223;157338;134631;65.5;56.0
19;2021-07-29;1623;1202;158961;135833;66.1;56.5
19;2021-07-30;1908;1022;160869;136855;66.9;56.9
19;2021-07-31;1128;1017;161997;137872;67.4;57.4
19;2021-08-01;347;373;162344;138245;67.5;57.5
19;2021-08-02;1147;808;163491;139053;68.0;57.9
19;2021-08-03;1450;1049;164941;140102;68.6;58.3
19;2021-08-04;1983;761;166924;140863;69.5;58.6
19;2021-08-05;1625;952;168549;141815;70.1;59.0
19;2021-08-06;1959;1216;170508;143031;70.9;59.5
19;2021-08-07;1328;997;171836;144028;71.5;59.9
19;2021-08-08;184;233;172020;144261;71.6;60.0
19;2021-08-09;1004;786;173024;145047;72.0;60.4
19;2021-08-10;1278;1009;174302;146056;72.5;60.8
19;2021-08-11;1346;1004;175648;147060;73.1;61.2
19;2021-08-12;1016;1278;176664;148338;73.5;61.7
19;2021-08-13;1168;1277;177832;149615;74.0;62.3
19;2021-08-14;975;1163;178807;150778;74.4;62.7
19;2021-08-15;30;54;178837;150832;74.4;62.8
19;2021-08-16;590;1027;179427;151859;74.7;63.2
19;2021-08-17;629;1166;180056;153025;74.9;63.7
19;2021-08-18;650;982;180706;154007;75.2;64.1
19;2021-08-19;436;1260;181142;155267;75.4;64.6
19;2021-08-20;859;1928;182001;157195;75.7;65.4
19;2021-08-21;489;1373;182490;158568;75.9;66.0
19;2021-08-22;52;93;182542;158661;76.0;66.0
19;2021-08-23;222;1157;182764;159818;76.0;66.5
19;2021-08-24;535;1318;183299;161136;76.3;67.0
19;2021-08-25;623;1550;183922;162686;76.5;67.7
19;2021-08-26;475;1461;184397;164147;76.7;68.3
19;2021-08-27;498;1688;184895;165835;76.9;69.0
19;2021-08-28;361;1278;185256;167113;77.1;69.5
19;2021-08-29;58;182;185314;167295;77.1;69.6
19;2021-08-30;226;1094;185540;168389;77.2;70.1
21;2020-12-27;4;0;4;0;0.0;0.0
21;2020-12-28;2;0;6;0;0.0;0.0
21;2020-12-29;19;0;25;0;0.0;0.0
21;2020-12-30;22;0;47;0;0.0;0.0
21;2020-12-31;0;0;47;0;0.0;0.0
21;2021-01-01;0;0;47;0;0.0;0.0
21;2021-01-02;1;0;48;0;0.0;0.0
21;2021-01-03;1;0;49;0;0.0;0.0
21;2021-01-04;22;0;71;0;0.0;0.0
21;2021-01-05;250;2;321;2;0.1;0.0
21;2021-01-06;300;0;621;2;0.1;0.0
21;2021-01-07;387;0;1008;2;0.2;0.0
21;2021-01-08;455;2;1463;4;0.3;0.0
21;2021-01-09;252;0;1715;4;0.3;0.0
21;2021-01-10;2;0;1717;4;0.3;0.0
21;2021-01-11;624;1;2341;5;0.4;0.0
21;2021-01-12;655;0;2996;5;0.6;0.0
21;2021-01-13;703;2;3699;7;0.7;0.0
21;2021-01-14;1190;6;4889;13;0.9;0.0
21;2021-01-15;717;5;5606;18;1.1;0.0
21;2021-01-16;162;0;5768;18;1.1;0.0
21;2021-01-17;5;0;5773;18;1.1;0.0
21;2021-01-18;1317;5;7090;23;1.3;0.0
21;2021-01-19;1369;2;8459;25;1.6;0.0
21;2021-01-20;1297;45;9756;70;1.8;0.0
21;2021-01-21;1540;3;11296;73;2.1;0.0
21;2021-01-22;1244;5;12540;78;2.4;0.0
21;2021-01-23;487;0;13027;78;2.4;0.0
21;2021-01-24;123;0;13150;78;2.5;0.0
21;2021-01-25;926;18;14076;96;2.6;0.0
21;2021-01-26;1542;145;15618;241;2.9;0.0
21;2021-01-27;2044;156;17662;397;3.3;0.1
21;2021-01-28;1451;227;19113;624;3.6;0.1
21;2021-01-29;1023;212;20136;836;3.8;0.2
21;2021-01-30;470;31;20606;867;3.9;0.2
21;2021-01-31;97;3;20703;870;3.9;0.2
21;2021-02-01;453;286;21156;1156;4.0;0.2
21;2021-02-02;456;441;21612;1597;4.1;0.3
21;2021-02-03;443;281;22055;1878;4.1;0.4
21;2021-02-04;417;545;22472;2423;4.2;0.5
21;2021-02-05;489;524;22961;2947;4.3;0.6
21;2021-02-06;154;223;23115;3170;4.3;0.6
21;2021-02-07;2;2;23117;3172;4.3;0.6
21;2021-02-08;433;390;23550;3562;4.4;0.7
21;2021-02-09;514;521;24064;4083;4.5;0.8
21;2021-02-10;461;581;24525;4664;4.6;0.9
21;2021-02-11;484;750;25009;5414;4.7;1.0
21;2021-02-12;357;936;25366;6350;4.8;1.2
21;2021-02-13;360;319;25726;6669;4.8;1.3
21;2021-02-14;240;149;25966;6818;4.9;1.3
21;2021-02-15;120;1401;26086;8219;4.9;1.5
21;2021-02-16;206;1561;26292;9780;4.9;1.8
21;2021-02-17;397;1983;26689;11763;5.0;2.2
21;2021-02-18;603;1348;27292;13111;5.1;2.5
21;2021-02-19;216;1135;27508;14246;5.2;2.7
21;2021-02-20;122;425;27630;14671;5.2;2.8
21;2021-02-21;1;83;27631;14754;5.2;2.8
21;2021-02-22;83;775;27714;15529;5.2;2.9
21;2021-02-23;169;1040;27883;16569;5.2;3.1
21;2021-02-24;225;742;28108;17311;5.3;3.2
21;2021-02-25;646;830;28754;18141;5.4;3.4
21;2021-02-26;926;717;29680;18858;5.6;3.5
21;2021-02-27;534;300;30214;19158;5.7;3.6
21;2021-02-28;24;135;30238;19293;5.7;3.6
21;2021-03-01;679;630;30917;19923;5.8;3.7
21;2021-03-02;1054;555;31971;20478;6.0;3.8
21;2021-03-03;1167;440;33138;20918;6.2;3.9
21;2021-03-04;1685;517;34823;21435;6.5;4.0
21;2021-03-05;2196;663;37019;22098;6.9;4.1
21;2021-03-06;1592;197;38611;22295;7.2;4.2
21;2021-03-07;4;16;38615;22311;7.2;4.2
21;2021-03-08;772;447;39387;22758;7.4;4.3
21;2021-03-09;1571;570;40958;23328;7.7;4.4
21;2021-03-10;1627;563;42585;23891;8.0;4.5
21;2021-03-11;2192;692;44777;24583;8.4;4.6
21;2021-03-12;2905;438;47682;25021;8.9;4.7
21;2021-03-13;1932;188;49614;25209;9.3;4.7
21;2021-03-14;38;49;49652;25258;9.3;4.7
21;2021-03-15;1414;86;51066;25344;9.6;4.8
21;2021-03-16;1884;152;52950;25496;9.9;4.8
21;2021-03-17;1809;114;54759;25610;10.3;4.8
21;2021-03-18;2126;265;56885;25875;10.7;4.9
21;2021-03-19;1963;146;58848;26021;11.0;4.9
21;2021-03-20;1228;38;60076;26059;11.3;4.9
21;2021-03-21;2;0;60078;26059;11.3;4.9
21;2021-03-22;1556;91;61634;26150;11.6;4.9
21;2021-03-23;2695;103;64329;26253;12.1;4.9
21;2021-03-24;2890;162;67219;26415;12.6;5.0
21;2021-03-25;3731;243;70950;26658;13.3;5.0
21;2021-03-26;3655;203;74605;26861;14.0;5.0
21;2021-03-27;1731;59;76336;26920;14.3;5.1
21;2021-03-28;200;37;76536;26957;14.4;5.1
21;2021-03-29;1789;518;78325;27475;14.7;5.2
21;2021-03-30;2347;804;80672;28279;15.1;5.3
21;2021-03-31;2718;653;83390;28932;15.6;5.4
21;2021-04-01;2692;721;86082;29653;16.2;5.6
21;2021-04-02;2247;741;88329;30394;16.6;5.7
21;2021-04-03;1018;279;89347;30673;16.8;5.8
21;2021-04-04;2;12;89349;30685;16.8;5.8
21;2021-04-05;9;0;89358;30685;16.8;5.8
21;2021-04-06;1360;1138;90718;31823;17.0;6.0
21;2021-04-07;1751;969;92469;32792;17.4;6.2
21;2021-04-08;3216;1140;95685;33932;18.0;6.4
21;2021-04-09;3480;1188;99165;35120;18.6;6.6
21;2021-04-10;1376;744;100541;35864;18.9;6.7
21;2021-04-11;145;3;100686;35867;18.9;6.7
21;2021-04-12;1117;1347;101803;37214;19.1;7.0
21;2021-04-13;1655;1784;103458;38998;19.4;7.3
21;2021-04-14;1483;1470;104941;40468;19.7;7.6
21;2021-04-15;1902;1593;106843;42061;20.0;7.9
21;2021-04-16;2322;1314;109165;43375;20.5;8.1
21;2021-04-17;1018;972;110183;44347;20.7;8.3
21;2021-04-18;15;4;110198;44351;20.7;8.3
21;2021-04-19;1110;1323;111308;45674;20.9;8.6
21;2021-04-20;1240;1835;112548;47509;21.1;8.9
21;2021-04-21;1095;1721;113643;49230;21.3;9.2
21;2021-04-22;1273;2214;114916;51444;21.6;9.7
21;2021-04-23;1983;1729;116899;53173;21.9;10.0
21;2021-04-24;1002;872;117901;54045;22.1;10.1
21;2021-04-25;9;168;117910;54213;22.1;10.2
21;2021-04-26;1013;1597;118923;55810;22.3;10.5
21;2021-04-27;1841;1942;120764;57752;22.7;10.8
21;2021-04-28;2231;2225;122995;59977;23.1;11.3
21;2021-04-29;3135;2266;126130;62243;23.7;11.7
21;2021-04-30;3560;1866;129690;64109;24.3;12.0
21;2021-05-01;962;227;130652;64336;24.5;12.1
21;2021-05-02;2;5;130654;64341;24.5;12.1
21;2021-05-03;2081;1351;132735;65692;24.9;12.3
21;2021-05-04;2576;1652;135311;67344;25.4;12.6
21;2021-05-05;2248;1691;137559;69035;25.8;13.0
21;2021-05-06;3015;2245;140574;71280;26.4;13.4
21;2021-05-07;2805;2181;143379;73461;26.9;13.8
21;2021-05-08;1068;271;144447;73732;27.1;13.8
21;2021-05-09;26;177;144473;73909;27.1;13.9
21;2021-05-10;3170;1732;147643;75641;27.7;14.2
21;2021-05-11;4921;2011;152564;77652;28.6;14.6
21;2021-05-12;4804;1749;157368;79401;29.5;14.9
21;2021-05-13;3846;367;161214;79768;30.3;15.0
21;2021-05-14;5202;1472;166416;81240;31.2;15.2
21;2021-05-15;3429;648;169845;81888;31.9;15.4
21;2021-05-16;49;4;169894;81892;31.9;15.4
21;2021-05-17;4129;1260;174023;83152;32.7;15.6
21;2021-05-18;4359;1504;178382;84656;33.5;15.9
21;2021-05-19;3471;1133;181853;85789;34.1;16.1
21;2021-05-20;3899;1358;185752;87147;34.9;16.4
21;2021-05-21;3624;2157;189376;89304;35.5;16.8
21;2021-05-22;1669;772;191045;90076;35.9;16.9
21;2021-05-23;4;17;191049;90093;35.9;16.9
21;2021-05-24;1816;266;192865;90359;36.2;17.0
21;2021-05-25;2647;1968;195512;92327;36.7;17.3
21;2021-05-26;2604;1999;198116;94326;37.2;17.7
21;2021-05-27;4014;2104;202130;96430;37.9;18.1
21;2021-05-28;3572;2830;205702;99260;38.6;18.6
21;2021-05-29;1930;1468;207632;100728;39.0;18.9
21;2021-05-30;98;13;207730;100741;39.0;18.9
21;2021-05-31;2503;1782;210233;102523;39.5;19.2
21;2021-06-01;3455;2257;213688;104780;40.1;19.7
21;2021-06-02;2619;1765;216307;106545;40.6;20.0
21;2021-06-03;3147;2079;219454;108624;41.2;20.4
21;2021-06-04;3284;2590;222738;111214;41.8;20.9
21;2021-06-05;2924;1654;225662;112868;42.3;21.2
21;2021-06-06;51;85;225713;112953;42.4;21.2
21;2021-06-07;4316;1352;230029;114305;43.2;21.5
21;2021-06-08;4941;2144;234970;116449;44.1;21.9
21;2021-06-09;4502;1627;239472;118076;44.9;22.2
21;2021-06-10;3934;2598;243406;120674;45.7;22.6
21;2021-06-11;4169;3112;247575;123786;46.5;23.2
21;2021-06-12;2198;1608;249773;125394;46.9;23.5
21;2021-06-13;29;11;249802;125405;46.9;23.5
21;2021-06-14;2197;2566;251999;127971;47.3;24.0
21;2021-06-15;2960;3093;254959;131064;47.8;24.6
21;2021-06-16;2854;2613;257813;133677;48.4;25.1
21;2021-06-17;3421;3043;261234;136720;49.0;25.7
21;2021-06-18;2427;3802;263661;140522;49.5;26.4
21;2021-06-19;2044;1863;265705;142385;49.9;26.7
21;2021-06-20;26;13;265731;142398;49.9;26.7
21;2021-06-21;1843;3412;267574;145810;50.2;27.4
21;2021-06-22;1883;5831;269457;151641;50.6;28.5
21;2021-06-23;2029;5015;271486;156656;50.9;29.4
21;2021-06-24;2364;4666;273850;161322;51.4;30.3
21;2021-06-25;1531;5899;275381;167221;51.7;31.4
21;2021-06-26;1441;3900;276822;171121;51.9;32.1
21;2021-06-27;18;125;276840;171246;52.0;32.1
21;2021-06-28;1398;4020;278238;175266;52.2;32.9
21;2021-06-29;1636;4181;279874;179447;52.5;33.7
21;2021-06-30;1569;3376;281443;182823;52.8;34.3
21;2021-07-01;1666;4151;283109;186974;53.1;35.1
21;2021-07-02;2178;4232;285287;191206;53.5;35.9
21;2021-07-03;1095;2100;286382;193306;53.7;36.3
21;2021-07-04;37;55;286419;193361;53.7;36.3
21;2021-07-05;1608;3628;288027;196989;54.1;37.0
21;2021-07-06;1347;3587;289374;200576;54.3;37.6
21;2021-07-07;1455;3242;290829;203818;54.6;38.2
21;2021-07-08;1878;4159;292707;207977;54.9;39.0
21;2021-07-09;2084;4352;294791;212329;55.3;39.8
21;2021-07-10;1089;2544;295880;214873;55.5;40.3
21;2021-07-11;21;74;295901;214947;55.5;40.3
21;2021-07-12;1658;3728;297559;218675;55.8;41.0
21;2021-07-13;2345;4897;299904;223572;56.3;42.0
21;2021-07-14;2873;2016;302777;225588;56.8;42.3
21;2021-07-15;3814;4559;306591;230147;57.5;43.2
21;2021-07-16;3888;5258;310479;235405;58.3;44.2
21;2021-07-17;2774;4172;313253;239577;58.8;45.0
21;2021-07-18;157;82;313410;239659;58.8;45.0
21;2021-07-19;2378;4627;315788;244286;59.3;45.8
21;2021-07-20;2758;5492;318546;249778;59.8;46.9
21;2021-07-21;2908;4790;321454;254568;60.3;47.8
21;2021-07-22;3018;4726;324472;259294;60.9;48.7
21;2021-07-23;4355;4895;328827;264189;61.7;49.6
21;2021-07-24;3037;3019;331864;267208;62.3;50.1
21;2021-07-25;68;40;331932;267248;62.3;50.2
21;2021-07-26;2663;3591;334595;270839;62.8;50.8
21;2021-07-27;3410;3780;338005;274619;63.4;51.5
21;2021-07-28;3571;3346;341576;277965;64.1;52.2
21;2021-07-29;4131;3369;345707;281334;64.9;52.8
21;2021-07-30;4602;3342;350309;284676;65.7;53.4
21;2021-07-31;3423;2372;353732;287048;66.4;53.9
21;2021-08-01;331;57;354063;287105;66.4;53.9
21;2021-08-02;2530;3161;356593;290266;66.9;54.5
21;2021-08-03;2612;2765;359205;293031;67.4;55.0
21;2021-08-04;2364;2486;361569;295517;67.9;55.5
21;2021-08-05;2207;3080;363776;298597;68.3;56.0
21;2021-08-06;2568;3302;366344;301899;68.7;56.7
21;2021-08-07;1895;2656;368239;304555;69.1;57.2
21;2021-08-08;74;68;368313;304623;69.1;57.2
21;2021-08-09;1639;2928;369952;307551;69.4;57.7
21;2021-08-10;1395;2712;371347;310263;69.7;58.2
21;2021-08-11;1649;2448;372996;312711;70.0;58.7
21;2021-08-12;1142;2422;374138;315133;70.2;59.1
21;2021-08-13;1488;2743;375626;317876;70.5;59.7
21;2021-08-14;838;2430;376464;320306;70.6;60.1
21;2021-08-15;51;64;376515;320370;70.7;60.1
21;2021-08-16;1387;2819;377902;323189;70.9;60.6
21;2021-08-17;1196;2775;379098;325964;71.1;61.2
21;2021-08-18;1017;2873;380115;328837;71.3;61.7
21;2021-08-19;949;3066;381064;331903;71.5;62.3
21;2021-08-20;1048;4186;382112;336089;71.7;63.1
21;2021-08-21;834;3140;382946;339229;71.9;63.7
21;2021-08-22;32;116;382978;339345;71.9;63.7
21;2021-08-23;863;3211;383841;342556;72.0;64.3
21;2021-08-24;941;2871;384782;345427;72.2;64.8
21;2021-08-25;847;2548;385629;347975;72.4;65.3
21;2021-08-26;683;2419;386312;350394;72.5;65.8
21;2021-08-27;1002;3382;387314;353776;72.7;66.4
21;2021-08-28;688;2749;388002;356525;72.8;66.9
21;2021-08-29;43;215;388045;356740;72.8;66.9
21;2021-08-30;737;2259;388782;358999;73.0;67.4
22;2020-12-27;0;0;0;0;0.0;0.0
22;2020-12-28;0;0;0;0;0.0;0.0
22;2020-12-29;0;0;0;0;0.0;0.0
22;2020-12-30;0;0;0;0;0.0;0.0
22;2020-12-31;0;0;0;0;0.0;0.0
22;2021-01-01;0;0;0;0;0.0;0.0
22;2021-01-02;2;0;2;0;0.0;0.0
22;2021-01-03;0;0;2;0;0.0;0.0
22;2021-01-04;5;0;7;0;0.0;0.0
22;2021-01-05;61;0;68;0;0.0;0.0
22;2021-01-06;114;1;182;1;0.0;0.0
22;2021-01-07;67;0;249;1;0.0;0.0
22;2021-01-08;174;0;423;1;0.1;0.0
22;2021-01-09;1;0;424;1;0.1;0.0
22;2021-01-10;0;0;424;1;0.1;0.0
22;2021-01-11;234;3;658;4;0.1;0.0
22;2021-01-12;627;0;1285;4;0.2;0.0
22;2021-01-13;676;1;1961;5;0.3;0.0
22;2021-01-14;716;8;2677;13;0.4;0.0
22;2021-01-15;529;2;3206;15;0.5;0.0
22;2021-01-16;96;0;3302;15;0.6;0.0
22;2021-01-17;1;0;3303;15;0.6;0.0
22;2021-01-18;311;1;3614;16;0.6;0.0
22;2021-01-19;687;1;4301;17;0.7;0.0
22;2021-01-20;598;0;4899;17;0.8;0.0
22;2021-01-21;947;1;5846;18;1.0;0.0
22;2021-01-22;839;2;6685;20;1.1;0.0
22;2021-01-23;219;0;6904;20;1.2;0.0
22;2021-01-24;1;0;6905;20;1.2;0.0
22;2021-01-25;748;10;7653;30;1.3;0.0
22;2021-01-26;1017;59;8670;89;1.5;0.0
22;2021-01-27;3859;111;12529;200;2.1;0.0
22;2021-01-28;4510;85;17039;285;2.9;0.0
22;2021-01-29;1898;127;18937;412;3.2;0.1
22;2021-01-30;287;0;19224;412;3.2;0.1
22;2021-01-31;3;0;19227;412;3.2;0.1
22;2021-02-01;641;81;19868;493;3.3;0.1
22;2021-02-02;903;436;20771;929;3.5;0.2
22;2021-02-03;690;503;21461;1432;3.6;0.2
22;2021-02-04;965;635;22426;2067;3.8;0.3
22;2021-02-05;721;562;23147;2629;3.9;0.4
22;2021-02-06;253;0;23400;2629;3.9;0.4
22;2021-02-07;0;0;23400;2629;3.9;0.4
22;2021-02-08;531;132;23931;2761;4.0;0.5
22;2021-02-09;614;342;24545;3103;4.1;0.5
22;2021-02-10;425;201;24970;3304;4.2;0.6
22;2021-02-11;1086;325;26056;3629;4.4;0.6
22;2021-02-12;594;328;26650;3957;4.5;0.7
22;2021-02-13;319;78;26969;4035;4.5;0.7
22;2021-02-14;0;5;26969;4040;4.5;0.7
22;2021-02-15;672;428;27641;4468;4.6;0.7
22;2021-02-16;1042;699;28683;5167;4.8;0.9
22;2021-02-17;1202;2457;29885;7624;5.0;1.3
22;2021-02-18;2142;3004;32027;10628;5.4;1.8
22;2021-02-19;1637;1946;33664;12574;5.6;2.1
22;2021-02-20;479;213;34143;12787;5.7;2.1
22;2021-02-21;6;49;34149;12836;5.7;2.2
22;2021-02-22;403;719;34552;13555;5.8;2.3
22;2021-02-23;665;929;35217;14484;5.9;2.4
22;2021-02-24;695;940;35912;15424;6.0;2.6
22;2021-02-25;1201;1200;37113;16624;6.2;2.8
22;2021-02-26;1066;708;38179;17332;6.4;2.9
22;2021-02-27;564;286;38743;17618;6.5;3.0
22;2021-02-28;16;8;38759;17626;6.5;3.0
22;2021-03-01;958;524;39717;18150;6.7;3.0
22;2021-03-02;1206;876;40923;19026;6.9;3.2
22;2021-03-03;1325;860;42248;19886;7.1;3.3
22;2021-03-04;1600;930;43848;20816;7.4;3.5
22;2021-03-05;2108;809;45956;21625;7.7;3.6
22;2021-03-06;1113;298;47069;21923;7.9;3.7
22;2021-03-07;219;1;47288;21924;7.9;3.7
22;2021-03-08;1291;659;48579;22583;8.1;3.8
22;2021-03-09;1824;755;50403;23338;8.5;3.9
22;2021-03-10;1987;1002;52390;24340;8.8;4.1
22;2021-03-11;2375;1655;54765;25995;9.2;4.4
22;2021-03-12;3102;962;57867;26957;9.7;4.5
22;2021-03-13;1720;294;59587;27251;10.0;4.6
22;2021-03-14;245;23;59832;27274;10.0;4.6
22;2021-03-15;1620;566;61452;27840;10.3;4.7
22;2021-03-16;1602;854;63054;28694;10.6;4.8
22;2021-03-17;2650;703;65704;29397;11.0;4.9
22;2021-03-18;2552;1111;68256;30508;11.4;5.1
22;2021-03-19;3282;799;71538;31307;12.0;5.3
22;2021-03-20;2208;286;73746;31593;12.4;5.3
22;2021-03-21;16;0;73762;31593;12.4;5.3
22;2021-03-22;2364;364;76126;31957;12.8;5.4
22;2021-03-23;3142;786;79268;32743;13.3;5.5
22;2021-03-24;3486;684;82754;33427;13.9;5.6
22;2021-03-25;3962;606;86716;34033;14.5;5.7
22;2021-03-26;4003;484;90719;34517;15.2;5.8
22;2021-03-27;2088;180;92807;34697;15.6;5.8
22;2021-03-28;67;1;92874;34698;15.6;5.8
22;2021-03-29;2766;911;95640;35609;16.0;6.0
22;2021-03-30;3568;1156;99208;36765;16.6;6.2
22;2021-03-31;3675;1086;102883;37851;17.3;6.3
22;2021-04-01;4943;1129;107826;38980;18.1;6.5
22;2021-04-02;4391;1038;112217;40018;18.8;6.7
22;2021-04-03;1997;403;114214;40421;19.2;6.8
22;2021-04-04;37;0;114251;40421;19.2;6.8
22;2021-04-05;15;0;114266;40421;19.2;6.8
22;2021-04-06;3291;1137;117557;41558;19.7;7.0
22;2021-04-07;3429;1367;120986;42925;20.3;7.2
22;2021-04-08;4448;1322;125434;44247;21.0;7.4
22;2021-04-09;5185;1358;130619;45605;21.9;7.6
22;2021-04-10;2445;365;133064;45970;22.3;7.7
22;2021-04-11;485;10;133549;45980;22.4;7.7
22;2021-04-12;2987;1003;136536;46983;22.9;7.9
22;2021-04-13;3321;1518;139857;48501;23.5;8.1
22;2021-04-14;3169;2488;143026;50989;24.0;8.6
22;2021-04-15;3600;2434;146626;53423;24.6;9.0
22;2021-04-16;3631;2488;150257;55911;25.2;9.4
22;2021-04-17;1918;1791;152175;57702;25.5;9.7
22;2021-04-18;17;0;152192;57702;25.5;9.7
22;2021-04-19;3021;2149;155213;59851;26.0;10.0
22;2021-04-20;3310;2796;158523;62647;26.6;10.5
22;2021-04-21;3223;2730;161746;65377;27.1;11.0
22;2021-04-22;3594;3132;165340;68509;27.7;11.5
22;2021-04-23;3729;3172;169069;71681;28.4;12.0
22;2021-04-24;2006;1962;171075;73643;28.7;12.4
22;2021-04-25;17;0;171092;73643;28.7;12.4
22;2021-04-26;3213;2852;174305;76495;29.2;12.8
22;2021-04-27;3373;3143;177678;79638;29.8;13.4
22;2021-04-28;3489;3153;181167;82791;30.4;13.9
22;2021-04-29;4081;3272;185248;86063;31.1;14.4
22;2021-04-30;3905;3226;189153;89289;31.7;15.0
22;2021-05-01;60;69;189213;89358;31.7;15.0
22;2021-05-02;1237;60;190450;89418;31.9;15.0
22;2021-05-03;2030;2710;192480;92128;32.3;15.5
22;2021-05-04;2155;2900;194635;95028;32.6;15.9
22;2021-05-05;2052;3006;196687;98034;33.0;16.4
22;2021-05-06;2509;3496;199196;101530;33.4;17.0
22;2021-05-07;2831;3409;202027;104939;33.9;17.6
22;2021-05-08;45;121;202072;105060;33.9;17.6
22;2021-05-09;600;436;202672;105496;34.0;17.7
22;2021-05-10;4475;2730;207147;108226;34.7;18.2
22;2021-05-11;5107;2905;212254;111131;35.6;18.6
22;2021-05-12;6598;1022;218852;112153;36.7;18.8
22;2021-05-13;528;35;219380;112188;36.8;18.8
22;2021-05-14;6408;1088;225788;113276;37.9;19.0
22;2021-05-15;3987;428;229775;113704;38.5;19.1
22;2021-05-16;419;36;230194;113740;38.6;19.1
22;2021-05-17;5669;519;235863;114259;39.6;19.2
22;2021-05-18;6010;950;241873;115209;40.6;19.3
22;2021-05-19;6130;708;248003;115917;41.6;19.4
22;2021-05-20;6586;1375;254589;117292;42.7;19.7
22;2021-05-21;5897;1458;260486;118750;43.7;19.9
22;2021-05-22;4092;773;264578;119523;44.4;20.0
22;2021-05-23;407;16;264985;119539;44.4;20.1
22;2021-05-24;5312;220;270297;119759;45.3;20.1
22;2021-05-25;5637;1179;275934;120938;46.3;20.3
22;2021-05-26;4221;2809;280155;123747;47.0;20.8
22;2021-05-27;4506;3841;284661;127588;47.7;21.4
22;2021-05-28;4384;4438;289045;132026;48.5;22.1
22;2021-05-29;3046;1770;292091;133796;49.0;22.4
22;2021-05-30;19;7;292110;133803;49.0;22.4
22;2021-05-31;3655;3155;295765;136958;49.6;23.0
22;2021-06-01;3523;3691;299288;140649;50.2;23.6
22;2021-06-02;3086;3385;302374;144034;50.7;24.2
22;2021-06-03;3197;4101;305571;148135;51.3;24.8
22;2021-06-04;3373;4545;308944;152680;51.8;25.6
22;2021-06-05;3543;2026;312487;154706;52.4;25.9
22;2021-06-06;214;30;312701;154736;52.5;26.0
22;2021-06-07;3044;3256;315745;157992;53.0;26.5
22;2021-06-08;2800;3531;318545;161523;53.4;27.1
22;2021-06-09;2543;3509;321088;165032;53.9;27.7
22;2021-06-10;2517;4252;323605;169284;54.3;28.4
22;2021-06-11;2552;4228;326157;173512;54.7;29.1
22;2021-06-12;2414;1455;328571;174967;55.1;29.3
22;2021-06-13;133;1093;328704;176060;55.1;29.5
22;2021-06-14;2643;2470;331347;178530;55.6;29.9
22;2021-06-15;3096;2996;334443;181526;56.1;30.4
22;2021-06-16;3007;2812;337450;184338;56.6;30.9
22;2021-06-17;2563;3180;340013;187518;57.0;31.5
22;2021-06-18;3099;4114;343112;191632;57.6;32.1
22;2021-06-19;2985;1456;346097;193088;58.1;32.4
22;2021-06-20;155;8;346252;193096;58.1;32.4
22;2021-06-21;1780;5021;348032;198117;58.4;33.2
22;2021-06-22;2404;5554;350436;203671;58.8;34.2
22;2021-06-23;1282;6204;351718;209875;59.0;35.2
22;2021-06-24;2577;3914;354295;213789;59.4;35.9
22;2021-06-25;1567;6814;355862;220603;59.7;37.0
22;2021-06-26;783;3855;356645;224458;59.8;37.6
22;2021-06-27;4;512;356649;224970;59.8;37.7
22;2021-06-28;1051;5585;357700;230555;60.0;38.7
22;2021-06-29;1375;5956;359075;236511;60.2;39.7
22;2021-06-30;1131;5738;360206;242249;60.4;40.6
22;2021-07-01;1379;6038;361585;248287;60.6;41.6
22;2021-07-02;1713;6092;363298;254379;60.9;42.7
22;2021-07-03;1007;3818;364305;258197;61.1;43.3
22;2021-07-04;149;364;364454;258561;61.1;43.4
22;2021-07-05;1594;5803;366048;264364;61.4;44.3
22;2021-07-06;2310;5996;368358;270360;61.8;45.3
22;2021-07-07;2291;4932;370649;275292;62.2;46.2
22;2021-07-08;2502;5097;373151;280389;62.6;47.0
22;2021-07-09;2497;5384;375648;285773;63.0;47.9
22;2021-07-10;1809;3356;377457;289129;63.3;48.5
22;2021-07-11;484;74;377941;289203;63.4;48.5
22;2021-07-12;2330;4734;380271;293937;63.8;49.3
22;2021-07-13;3782;5054;384053;298991;64.4;50.2
22;2021-07-14;699;2496;384752;301487;64.5;50.6
22;2021-07-15;3864;4623;388616;306110;65.2;51.3
22;2021-07-16;3832;5292;392448;311402;65.8;52.2
22;2021-07-17;2552;3409;395000;314811;66.3;52.8
22;2021-07-18;569;87;395569;314898;66.3;52.8
22;2021-07-19;2772;4107;398341;319005;66.8;53.5
22;2021-07-20;3915;4134;402256;323139;67.5;54.2
22;2021-07-21;3984;3408;406240;326547;68.1;54.8
22;2021-07-22;4851;3706;411091;330253;69.0;55.4
22;2021-07-23;4446;4219;415537;334472;69.7;56.1
22;2021-07-24;2256;2617;417793;337089;70.1;56.5
22;2021-07-25;118;150;417911;337239;70.1;56.6
22;2021-07-26;3020;3920;420931;341159;70.6;57.2
22;2021-07-27;3709;4913;424640;346072;71.2;58.0
22;2021-07-28;3684;3658;428324;349730;71.8;58.7
22;2021-07-29;4272;3779;432596;353509;72.6;59.3
22;2021-07-30;4021;3976;436617;357485;73.2;60.0
22;2021-07-31;2391;2799;439008;360284;73.6;60.4
22;2021-08-01;116;152;439124;360436;73.7;60.5
22;2021-08-02;4644;2544;443768;362980;74.4;60.9
22;2021-08-03;4765;3426;448533;366406;75.2;61.5
22;2021-08-04;5738;2494;454271;368900;76.2;61.9
22;2021-08-05;4100;3803;458371;372703;76.9;62.5
22;2021-08-06;3633;3814;462004;376517;77.5;63.2
22;2021-08-07;2333;2266;464337;378783;77.9;63.5
22;2021-08-08;421;71;464758;378854;78.0;63.5
22;2021-08-09;2701;2702;467459;381556;78.4;64.0
22;2021-08-10;2694;3507;470153;385063;78.9;64.6
22;2021-08-11;2384;3117;472537;388180;79.3;65.1
22;2021-08-12;2153;3480;474690;391660;79.6;65.7
22;2021-08-13;1865;2975;476555;394635;79.9;66.2
22;2021-08-14;1315;1912;477870;396547;80.2;66.5
22;2021-08-15;85;198;477955;396745;80.2;66.5
22;2021-08-16;1459;3179;479414;399924;80.4;67.1
22;2021-08-17;1731;3460;481145;403384;80.7;67.7
22;2021-08-18;1398;3306;482543;406690;80.9;68.2
22;2021-08-19;1300;3608;483843;410298;81.2;68.8
22;2021-08-20;1444;3596;485287;413894;81.4;69.4
22;2021-08-21;803;2255;486090;416149;81.5;69.8
22;2021-08-22;151;308;486241;416457;81.6;69.9
22;2021-08-23;1951;3610;488192;420067;81.9;70.5
22;2021-08-24;1421;3247;489613;423314;82.1;71.0
22;2021-08-25;838;2508;490451;425822;82.3;71.4
22;2021-08-26;1053;4293;491504;430115;82.4;72.1
22;2021-08-27;1304;4592;492808;434707;82.7;72.9
22;2021-08-28;728;2515;493536;437222;82.8;73.3
22;2021-08-29;35;26;493571;437248;82.8;73.3
22;2021-08-30;920;2963;494491;440211;82.9;73.8
23;2020-12-27;0;0;0;0;0.0;0.0
23;2020-12-28;1;0;1;0;0.0;0.0
23;2020-12-29;0;0;1;0;0.0;0.0
23;2020-12-30;0;0;1;0;0.0;0.0
23;2020-12-31;0;0;1;0;0.0;0.0
23;2021-01-01;0;0;1;0;0.0;0.0
23;2021-01-02;1;0;2;0;0.0;0.0
23;2021-01-03;0;0;2;0;0.0;0.0
23;2021-01-04;1;0;3;0;0.0;0.0
23;2021-01-05;3;0;6;0;0.0;0.0
23;2021-01-06;10;0;16;0;0.0;0.0
23;2021-01-07;116;1;132;1;0.1;0.0
23;2021-01-08;117;0;249;1;0.2;0.0
23;2021-01-09;36;0;285;1;0.2;0.0
23;2021-01-10;1;0;286;1;0.2;0.0
23;2021-01-11;176;1;462;2;0.4;0.0
23;2021-01-12;238;3;700;5;0.6;0.0
23;2021-01-13;308;0;1008;5;0.9;0.0
23;2021-01-14;292;4;1300;9;1.1;0.0
23;2021-01-15;334;5;1634;14;1.4;0.0
23;2021-01-16;163;1;1797;15;1.5;0.0
23;2021-01-17;0;0;1797;15;1.5;0.0
23;2021-01-18;342;3;2139;18;1.8;0.0
23;2021-01-19;497;2;2636;20;2.3;0.0
23;2021-01-20;362;1;2998;21;2.6;0.0
23;2021-01-21;698;1;3696;22;3.2;0.0
23;2021-01-22;479;0;4175;22;3.6;0.0
23;2021-01-23;368;1;4543;23;3.9;0.0
23;2021-01-24;0;0;4543;23;3.9;0.0
23;2021-01-25;382;17;4925;40;4.2;0.0
23;2021-01-26;301;5;5226;45;4.5;0.0
23;2021-01-27;228;3;5454;48;4.7;0.0
23;2021-01-28;232;44;5686;92;4.9;0.1
23;2021-01-29;303;102;5989;194;5.2;0.2
23;2021-01-30;100;28;6089;222;5.2;0.2
23;2021-01-31;2;33;6091;255;5.2;0.2
23;2021-02-01;148;102;6239;357;5.4;0.3
23;2021-02-02;157;122;6396;479;5.5;0.4
23;2021-02-03;105;207;6501;686;5.6;0.6
23;2021-02-04;78;263;6579;949;5.7;0.8
23;2021-02-05;117;311;6696;1260;5.8;1.1
23;2021-02-06;14;167;6710;1427;5.8;1.2
23;2021-02-07;1;0;6711;1427;5.8;1.2
23;2021-02-08;125;215;6836;1642;5.9;1.4
23;2021-02-09;85;295;6921;1937;6.0;1.7
23;2021-02-10;91;280;7012;2217;6.0;1.9
23;2021-02-11;244;587;7256;2804;6.2;2.4
23;2021-02-12;174;283;7430;3087;6.4;2.7
23;2021-02-13;8;190;7438;3277;6.4;2.8
23;2021-02-14;8;0;7446;3277;6.4;2.8
23;2021-02-15;157;366;7603;3643;6.5;3.1
23;2021-02-16;103;438;7706;4081;6.6;3.5
23;2021-02-17;65;488;7771;4569;6.7;3.9
23;2021-02-18;142;368;7913;4937;6.8;4.2
23;2021-02-19;109;253;8022;5190;6.9;4.5
23;2021-02-20;2;93;8024;5283;6.9;4.5
23;2021-02-21;0;0;8024;5283;6.9;4.5
23;2021-02-22;104;212;8128;5495;7.0;4.7
23;2021-02-23;109;218;8237;5713;7.1;4.9
23;2021-02-24;176;167;8413;5880;7.2;5.1
23;2021-02-25;183;109;8596;5989;7.4;5.2
23;2021-02-26;287;168;8883;6157;7.6;5.3
23;2021-02-27;112;11;8995;6168;7.7;5.3
23;2021-02-28;1;31;8996;6199;7.7;5.3
23;2021-03-01;88;201;9084;6400;7.8;5.5
23;2021-03-02;229;132;9313;6532;8.0;5.6
23;2021-03-03;133;90;9446;6622;8.1;5.7
23;2021-03-04;307;138;9753;6760;8.4;5.8
23;2021-03-05;517;111;10270;6871;8.8;5.9
23;2021-03-06;494;7;10764;6878;9.3;5.9
23;2021-03-07;313;3;11077;6881;9.5;5.9
23;2021-03-08;197;73;11274;6954;9.7;6.0
23;2021-03-09;421;103;11695;7057;10.1;6.1
23;2021-03-10;348;39;12043;7096;10.4;6.1
23;2021-03-11;324;47;12367;7143;10.6;6.1
23;2021-03-12;618;33;12985;7176;11.2;6.2
23;2021-03-13;287;12;13272;7188;11.4;6.2
23;2021-03-14;47;34;13319;7222;11.5;6.2
23;2021-03-15;220;125;13539;7347;11.6;6.3
23;2021-03-16;192;90;13731;7437;11.8;6.4
23;2021-03-17;131;101;13862;7538;11.9;6.5
23;2021-03-18;193;98;14055;7636;12.1;6.6
23;2021-03-19;205;121;14260;7757;12.3;6.7
23;2021-03-20;631;37;14891;7794;12.8;6.7
23;2021-03-21;128;0;15019;7794;12.9;6.7
23;2021-03-22;274;157;15293;7951;13.2;6.8
23;2021-03-23;504;106;15797;8057;13.6;6.9
23;2021-03-24;423;123;16220;8180;14.0;7.0
23;2021-03-25;819;188;17039;8368;14.7;7.2
23;2021-03-26;735;195;17774;8563;15.3;7.4
23;2021-03-27;505;50;18279;8613;15.7;7.4
23;2021-03-28;3;9;18282;8622;15.7;7.4
23;2021-03-29;358;111;18640;8733;16.0;7.5
23;2021-03-30;537;178;19177;8911;16.5;7.7
23;2021-03-31;411;175;19588;9086;16.8;7.8
23;2021-04-01;600;172;20188;9258;17.4;8.0
23;2021-04-02;498;298;20686;9556;17.8;8.2
23;2021-04-03;715;44;21401;9600;18.4;8.3
23;2021-04-04;4;0;21405;9600;18.4;8.3
23;2021-04-05;2;3;21407;9603;18.4;8.3
23;2021-04-06;382;293;21789;9896;18.7;8.5
23;2021-04-07;707;310;22496;10206;19.3;8.8
23;2021-04-08;803;236;23299;10442;20.0;9.0
23;2021-04-09;939;367;24238;10809;20.8;9.3
23;2021-04-10;1097;111;25335;10920;21.8;9.4
23;2021-04-11;21;2;25356;10922;21.8;9.4
23;2021-04-12;692;235;26048;11157;22.4;9.6
23;2021-04-13;669;302;26717;11459;23.0;9.9
23;2021-04-14;586;178;27303;11637;23.5;10.0
23;2021-04-15;930;184;28233;11821;24.3;10.2
23;2021-04-16;902;211;29135;12032;25.1;10.3
23;2021-04-17;995;553;30130;12585;25.9;10.8
23;2021-04-18;3;136;30133;12721;25.9;10.9
23;2021-04-19;613;297;30746;13018;26.4;11.2
23;2021-04-20;721;291;31467;13309;27.1;11.4
23;2021-04-21;733;397;32200;13706;27.7;11.8
23;2021-04-22;657;474;32857;14180;28.3;12.2
23;2021-04-23;596;345;33453;14525;28.8;12.5
23;2021-04-24;855;448;34308;14973;29.5;12.9
23;2021-04-25;0;0;34308;14973;29.5;12.9
23;2021-04-26;615;252;34923;15225;30.0;13.1
23;2021-04-27;675;427;35598;15652;30.6;13.5
23;2021-04-28;628;277;36226;15929;31.2;13.7
23;2021-04-29;883;379;37109;16308;31.9;14.0
23;2021-04-30;719;787;37828;17095;32.5;14.7
23;2021-05-01;1229;41;39057;17136;33.6;14.7
23;2021-05-02;14;0;39071;17136;33.6;14.7
23;2021-05-03;431;520;39502;17656;34.0;15.2
23;2021-05-04;617;512;40119;18168;34.5;15.6
23;2021-05-05;538;711;40657;18879;35.0;16.2
23;2021-05-06;728;701;41385;19580;35.6;16.8
23;2021-05-07;684;644;42069;20224;36.2;17.4
23;2021-05-08;1409;588;43478;20812;37.4;17.9
23;2021-05-09;3;0;43481;20812;37.4;17.9
23;2021-05-10;555;656;44036;21468;37.9;18.5
23;2021-05-11;561;765;44597;22233;38.4;19.1
23;2021-05-12;720;662;45317;22895;39.0;19.7
23;2021-05-13;537;56;45854;22951;39.4;19.7
23;2021-05-14;788;459;46642;23410;40.1;20.1
23;2021-05-15;995;234;47637;23644;41.0;20.3
23;2021-05-16;0;0;47637;23644;41.0;20.3
23;2021-05-17;568;448;48205;24092;41.5;20.7
23;2021-05-18;777;292;48982;24384;42.1;21.0
23;2021-05-19;1050;258;50032;24642;43.0;21.2
23;2021-05-20;837;316;50869;24958;43.8;21.5
23;2021-05-21;1108;311;51977;25269;44.7;21.7
23;2021-05-22;740;125;52717;25394;45.3;21.8
23;2021-05-23;3;20;52720;25414;45.3;21.9
23;2021-05-24;363;166;53083;25580;45.7;22.0
23;2021-05-25;908;336;53991;25916;46.4;22.3
23;2021-05-26;1077;227;55068;26143;47.4;22.5
23;2021-05-27;932;435;56000;26578;48.2;22.9
23;2021-05-28;781;743;56781;27321;48.8;23.5
23;2021-05-29;638;1100;57419;28421;49.4;24.4
23;2021-05-30;6;63;57425;28484;49.4;24.5
23;2021-05-31;433;541;57858;29025;49.8;25.0
23;2021-06-01;583;828;58441;29853;50.3;25.7
23;2021-06-02;625;521;59066;30374;50.8;26.1
23;2021-06-03;708;551;59774;30925;51.4;26.6
23;2021-06-04;779;614;60553;31539;52.1;27.1
23;2021-06-05;545;777;61098;32316;52.5;27.8
23;2021-06-06;0;0;61098;32316;52.5;27.8
23;2021-06-07;393;697;61491;33013;52.9;28.4
23;2021-06-08;322;776;61813;33789;53.2;29.1
23;2021-06-09;287;649;62100;34438;53.4;29.6
23;2021-06-10;373;693;62473;35131;53.7;30.2
23;2021-06-11;383;808;62856;35939;54.1;30.9
23;2021-06-12;377;1265;63233;37204;54.4;32.0
23;2021-06-13;13;5;63246;37209;54.4;32.0
23;2021-06-14;235;591;63481;37800;54.6;32.5
23;2021-06-15;231;861;63712;38661;54.8;33.3
23;2021-06-16;362;581;64074;39242;55.1;33.8
23;2021-06-17;339;810;64413;40052;55.4;34.4
23;2021-06-18;356;767;64769;40819;55.7;35.1
23;2021-06-19;492;1522;65261;42341;56.1;36.4
23;2021-06-20;2;11;65263;42352;56.1;36.4
23;2021-06-21;205;620;65468;42972;56.3;37.0
23;2021-06-22;216;686;65684;43658;56.5;37.5
23;2021-06-23;221;750;65905;44408;56.7;38.2
23;2021-06-24;200;606;66105;45014;56.9;38.7
23;2021-06-25;303;816;66408;45830;57.1;39.4
23;2021-06-26;221;999;66629;46829;57.3;40.3
23;2021-06-27;3;0;66632;46829;57.3;40.3
23;2021-06-28;115;693;66747;47522;57.4;40.9
23;2021-06-29;189;823;66936;48345;57.6;41.6
23;2021-06-30;169;944;67105;49289;57.7;42.4
23;2021-07-01;168;870;67273;50159;57.9;43.1
23;2021-07-02;192;1069;67465;51228;58.0;44.1
23;2021-07-03;250;979;67715;52207;58.2;44.9
23;2021-07-04;1;0;67716;52207;58.2;44.9
23;2021-07-05;160;805;67876;53012;58.4;45.6
23;2021-07-06;214;1043;68090;54055;58.6;46.5
23;2021-07-07;210;852;68300;54907;58.7;47.2
23;2021-07-08;254;739;68554;55646;59.0;47.9
23;2021-07-09;274;1012;68828;56658;59.2;48.7
23;2021-07-10;234;644;69062;57302;59.4;49.3
23;2021-07-11;0;0;69062;57302;59.4;49.3
23;2021-07-12;232;702;69294;58004;59.6;49.9
23;2021-07-13;471;917;69765;58921;60.0;50.7
23;2021-07-14;212;320;69977;59241;60.2;51.0
23;2021-07-15;480;811;70457;60052;60.6;51.6
23;2021-07-16;765;569;71222;60621;61.3;52.1
23;2021-07-17;220;478;71442;61099;61.4;52.5
23;2021-07-18;0;1;71442;61100;61.4;52.6
23;2021-07-19;704;630;72146;61730;62.1;53.1
23;2021-07-20;633;568;72779;62298;62.6;53.6
23;2021-07-21;702;635;73481;62933;63.2;54.1
23;2021-07-22;944;437;74425;63370;64.0;54.5
23;2021-07-23;842;507;75267;63877;64.7;54.9
23;2021-07-24;1011;439;76278;64316;65.6;55.3
23;2021-07-25;13;16;76291;64332;65.6;55.3
23;2021-07-26;787;567;77078;64899;66.3;55.8
23;2021-07-27;928;436;78006;65335;67.1;56.2
23;2021-07-28;878;413;78884;65748;67.8;56.5
23;2021-07-29;1049;400;79933;66148;68.7;56.9
23;2021-07-30;947;522;80880;66670;69.6;57.3
23;2021-07-31;1166;306;82046;66976;70.6;57.6
23;2021-08-01;18;8;82064;66984;70.6;57.6
23;2021-08-02;672;506;82736;67490;71.2;58.0
23;2021-08-03;763;459;83499;67949;71.8;58.4
23;2021-08-04;612;297;84111;68246;72.3;58.7
23;2021-08-05;692;365;84803;68611;72.9;59.0
23;2021-08-06;421;484;85224;69095;73.3;59.4
23;2021-08-07;294;189;85518;69284;73.6;59.6
23;2021-08-08;145;38;85663;69322;73.7;59.6
23;2021-08-09;492;493;86155;69815;74.1;60.0
23;2021-08-10;442;610;86597;70425;74.5;60.6
23;2021-08-11;426;489;87023;70914;74.8;61.0
23;2021-08-12;510;568;87533;71482;75.3;61.5
23;2021-08-13;416;578;87949;72060;75.6;62.0
23;2021-08-14;287;390;88236;72450;75.9;62.3
23;2021-08-15;27;9;88263;72459;75.9;62.3
23;2021-08-16;278;714;88541;73173;76.2;62.9
23;2021-08-17;276;730;88817;73903;76.4;63.6
23;2021-08-18;178;635;88995;74538;76.5;64.1
23;2021-08-19;257;727;89252;75265;76.8;64.7
23;2021-08-20;213;683;89465;75948;76.9;65.3
23;2021-08-21;130;499;89595;76447;77.1;65.7
23;2021-08-22;54;48;89649;76495;77.1;65.8
23;2021-08-23;149;819;89798;77314;77.2;66.5
23;2021-08-24;262;912;90060;78226;77.5;67.3
23;2021-08-25;186;792;90246;79018;77.6;68.0
23;2021-08-26;213;744;90459;79762;77.8;68.6
23;2021-08-27;213;641;90672;80403;78.0;69.2
23;2021-08-28;218;453;90890;80856;78.2;69.5
23;2021-08-29;15;88;90905;80944;78.2;69.6
23;2021-08-30;186;665;91091;81609;78.3;70.2
24;2020-12-27;0;0;0;0;0.0;0.0
24;2020-12-28;1;0;1;0;0.0;0.0
24;2020-12-29;2;0;3;0;0.0;0.0
24;2020-12-30;1;0;4;0;0.0;0.0
24;2020-12-31;1;0;5;0;0.0;0.0
24;2021-01-01;0;0;5;0;0.0;0.0
24;2021-01-02;0;0;5;0;0.0;0.0
24;2021-01-03;0;0;5;0;0.0;0.0
24;2021-01-04;1;0;6;0;0.0;0.0
24;2021-01-05;1;0;7;0;0.0;0.0
24;2021-01-06;0;0;7;0;0.0;0.0
24;2021-01-07;190;0;197;0;0.0;0.0
24;2021-01-08;282;0;479;0;0.1;0.0
24;2021-01-09;185;13;664;13;0.2;0.0
24;2021-01-10;35;0;699;13;0.2;0.0
24;2021-01-11;269;0;968;13;0.2;0.0
24;2021-01-12;280;0;1248;13;0.3;0.0
24;2021-01-13;233;1;1481;14;0.4;0.0
24;2021-01-14;1013;15;2494;29;0.6;0.0
24;2021-01-15;605;6;3099;35;0.8;0.0
24;2021-01-16;87;0;3186;35;0.8;0.0
24;2021-01-17;2;1;3188;36;0.8;0.0
24;2021-01-18;300;0;3488;36;0.9;0.0
24;2021-01-19;467;1;3955;37;1.0;0.0
24;2021-01-20;553;0;4508;37;1.1;0.0
24;2021-01-21;645;6;5153;43;1.3;0.0
24;2021-01-22;514;1;5667;44;1.4;0.0
24;2021-01-23;152;1;5819;45;1.4;0.0
24;2021-01-24;3;0;5822;45;1.4;0.0
24;2021-01-25;442;0;6264;45;1.5;0.0
24;2021-01-26;637;66;6901;111;1.7;0.0
24;2021-01-27;1266;12;8167;123;2.0;0.0
24;2021-01-28;983;129;9150;252;2.2;0.1
24;2021-01-29;932;139;10082;391;2.5;0.1
24;2021-01-30;282;1;10364;392;2.5;0.1
24;2021-01-31;0;0;10364;392;2.5;0.1
24;2021-02-01;377;170;10741;562;2.6;0.1
24;2021-02-02;616;307;11357;869;2.8;0.2
24;2021-02-03;652;489;12009;1358;2.9;0.3
24;2021-02-04;978;391;12987;1749;3.2;0.4
24;2021-02-05;690;409;13677;2158;3.3;0.5
24;2021-02-06;140;35;13817;2193;3.4;0.5
24;2021-02-07;33;1;13850;2194;3.4;0.5
24;2021-02-08;309;237;14159;2431;3.5;0.6
24;2021-02-09;454;230;14613;2661;3.6;0.7
24;2021-02-10;376;109;14989;2770;3.7;0.7
24;2021-02-11;561;513;15550;3283;3.8;0.8
24;2021-02-12;495;391;16045;3674;3.9;0.9
24;2021-02-13;202;45;16247;3719;4.0;0.9
24;2021-02-14;89;0;16336;3719;4.0;0.9
24;2021-02-15;187;240;16523;3959;4.0;1.0
24;2021-02-16;335;520;16858;4479;4.1;1.1
24;2021-02-17;584;848;17442;5327;4.3;1.3
24;2021-02-18;443;732;17885;6059;4.4;1.5
24;2021-02-19;462;678;18347;6737;4.5;1.6
24;2021-02-20;163;140;18510;6877;4.5;1.7
24;2021-02-21;109;0;18619;6877;4.6;1.7
24;2021-02-22;426;528;19045;7405;4.7;1.8
24;2021-02-23;562;684;19607;8089;4.8;2.0
24;2021-02-24;538;829;20145;8918;4.9;2.2
24;2021-02-25;728;866;20873;9784;5.1;2.4
24;2021-02-26;977;971;21850;10755;5.4;2.6
24;2021-02-27;363;265;22213;11020;5.4;2.7
24;2021-02-28;25;4;22238;11024;5.4;2.7
24;2021-03-01;292;369;22530;11393;5.5;2.8
24;2021-03-02;539;417;23069;11810;5.6;2.9
24;2021-03-03;680;342;23749;12152;5.8;3.0
24;2021-03-04;915;506;24664;12658;6.0;3.1
24;2021-03-05;1065;566;25729;13224;6.3;3.2
24;2021-03-06;1126;142;26855;13366;6.6;3.3
24;2021-03-07;232;63;27087;13429;6.6;3.3
24;2021-03-08;531;256;27618;13685;6.8;3.4
24;2021-03-09;1173;442;28791;14127;7.0;3.5
24;2021-03-10;1142;453;29933;14580;7.3;3.6
24;2021-03-11;1604;464;31537;15044;7.7;3.7
24;2021-03-12;2050;444;33587;15488;8.2;3.8
24;2021-03-13;1347;201;34934;15689;8.6;3.8
24;2021-03-14;141;93;35075;15782;8.6;3.9
24;2021-03-15;953;171;36028;15953;8.8;3.9
24;2021-03-16;1144;232;37172;16185;9.1;4.0
24;2021-03-17;1216;287;38388;16472;9.4;4.0
24;2021-03-18;1055;558;39443;17030;9.7;4.2
24;2021-03-19;1252;541;40695;17571;10.0;4.3
24;2021-03-20;1055;150;41750;17721;10.2;4.3
24;2021-03-21;25;11;41775;17732;10.2;4.3
24;2021-03-22;1224;423;42999;18155;10.5;4.4
24;2021-03-23;1881;400;44880;18555;11.0;4.5
24;2021-03-24;1889;386;46769;18941;11.5;4.6
24;2021-03-25;1991;472;48760;19413;11.9;4.8
24;2021-03-26;2374;285;51134;19698;12.5;4.8
24;2021-03-27;1350;41;52484;19739;12.9;4.8
24;2021-03-28;63;9;52547;19748;12.9;4.8
24;2021-03-29;1673;326;54220;20074;13.3;4.9
24;2021-03-30;2408;398;56628;20472;13.9;5.0
24;2021-03-31;2182;311;58810;20783;14.4;5.1
24;2021-04-01;2194;311;61004;21094;14.9;5.2
24;2021-04-02;2071;396;63075;21490;15.4;5.3
24;2021-04-03;1376;122;64451;21612;15.8;5.3
24;2021-04-04;74;1;64525;21613;15.8;5.3
24;2021-04-05;947;59;65472;21672;16.0;5.3
24;2021-04-06;2353;702;67825;22374;16.6;5.5
24;2021-04-07;2717;693;70542;23067;17.3;5.6
24;2021-04-08;3007;965;73549;24032;18.0;5.9
24;2021-04-09;3488;1008;77037;25040;18.9;6.1
24;2021-04-10;2594;314;79631;25354;19.5;6.2
24;2021-04-11;1102;20;80733;25374;19.8;6.2
24;2021-04-12;2498;816;83231;26190;20.4;6.4
24;2021-04-13;2902;1204;86133;27394;21.1;6.7
24;2021-04-14;2939;1195;89072;28589;21.8;7.0
24;2021-04-15;2792;1102;91864;29691;22.5;7.3
24;2021-04-16;3266;974;95130;30665;23.3;7.5
24;2021-04-17;2272;501;97402;31166;23.9;7.6
24;2021-04-18;424;6;97826;31172;24.0;7.6
24;2021-04-19;1599;1014;99425;32186;24.3;7.9
24;2021-04-20;2268;1432;101693;33618;24.9;8.2
24;2021-04-21;2146;1442;103839;35060;25.4;8.6
24;2021-04-22;2062;1258;105901;36318;25.9;8.9
24;2021-04-23;1955;1333;107856;37651;26.4;9.2
24;2021-04-24;863;724;108719;38375;26.6;9.4
24;2021-04-25;54;4;108773;38379;26.6;9.4
24;2021-04-26;1296;1480;110069;39859;27.0;9.8
24;2021-04-27;1852;1880;111921;41739;27.4;10.2
24;2021-04-28;1506;1955;113427;43694;27.8;10.7
24;2021-04-29;1729;1892;115156;45586;28.2;11.2
24;2021-04-30;2271;1777;117427;47363;28.8;11.6
24;2021-05-01;2057;1067;119484;48430;29.3;11.9
24;2021-05-02;1924;215;121408;48645;29.7;11.9
24;2021-05-03;1474;1835;122882;50480;30.1;12.4
24;2021-05-04;2227;2305;125109;52785;30.6;12.9
24;2021-05-05;1890;2721;126999;55506;31.1;13.6
24;2021-05-06;1889;2797;128888;58303;31.6;14.3
24;2021-05-07;2265;2790;131153;61093;32.1;15.0
24;2021-05-08;1286;1152;132439;62245;32.4;15.2
24;2021-05-09;1168;901;133607;63146;32.7;15.5
24;2021-05-10;1095;2629;134702;65775;33.0;16.1
24;2021-05-11;2040;2796;136742;68571;33.5;16.8
24;2021-05-12;1924;2257;138666;70828;34.0;17.3
24;2021-05-13;1465;1216;140131;72044;34.3;17.6
24;2021-05-14;2378;1332;142509;73376;34.9;18.0
24;2021-05-15;2047;817;144556;74193;35.4;18.2
24;2021-05-16;1171;347;145727;74540;35.7;18.3
24;2021-05-17;2242;1255;147969;75795;36.2;18.6
24;2021-05-18;2484;1821;150453;77616;36.8;19.0
24;2021-05-19;2284;1377;152737;78993;37.4;19.3
24;2021-05-20;2374;1577;155111;80570;38.0;19.7
24;2021-05-21;2433;1416;157544;81986;38.6;20.1
24;2021-05-22;1719;409;159263;82395;39.0;20.2
24;2021-05-23;952;72;160215;82467;39.2;20.2
24;2021-05-24;1516;334;161731;82801;39.6;20.3
24;2021-05-25;2297;1386;164028;84187;40.2;20.6
24;2021-05-26;2149;1320;166177;85507;40.7;20.9
24;2021-05-27;1748;2195;167925;87702;41.1;21.5
24;2021-05-28;2145;2006;170070;89708;41.6;22.0
24;2021-05-29;1153;2090;171223;91798;41.9;22.5
24;2021-05-30;1418;171;172641;91969;42.3;22.5
24;2021-05-31;1743;1365;174384;93334;42.7;22.9
24;2021-06-01;2583;1979;176967;95313;43.3;23.3
24;2021-06-02;2653;1786;179620;97099;44.0;23.8
24;2021-06-03;2290;1465;181910;98564;44.5;24.1
24;2021-06-04;2381;1900;184291;100464;45.1;24.6
24;2021-06-05;2007;1418;186298;101882;45.6;24.9
24;2021-06-06;767;223;187065;102105;45.8;25.0
24;2021-06-07;1432;1496;188497;103601;46.2;25.4
24;2021-06-08;1678;1907;190175;105508;46.6;25.8
24;2021-06-09;1323;1599;191498;107107;46.9;26.2
24;2021-06-10;1576;1911;193074;109018;47.3;26.7
24;2021-06-11;1334;2080;194408;111098;47.6;27.2
24;2021-06-12;1122;2545;195530;113643;47.9;27.8
24;2021-06-13;1238;921;196768;114564;48.2;28.1
24;2021-06-14;1165;1858;197933;116422;48.5;28.5
24;2021-06-15;1486;2991;199419;119413;48.8;29.2
24;2021-06-16;1670;2733;201089;122146;49.2;29.9
24;2021-06-17;1544;2182;202633;124328;49.6;30.4
24;2021-06-18;1400;2864;204033;127192;50.0;31.1
24;2021-06-19;1275;1524;205308;128716;50.3;31.5
24;2021-06-20;514;501;205822;129217;50.4;31.6
24;2021-06-21;932;1836;206754;131053;50.6;32.1
24;2021-06-22;1453;2593;208207;133646;51.0;32.7
24;2021-06-23;1427;2421;209634;136067;51.3;33.3
24;2021-06-24;1138;1916;210772;137983;51.6;33.8
24;2021-06-25;968;2818;211740;140801;51.8;34.5
24;2021-06-26;866;2106;212606;142907;52.1;35.0
24;2021-06-27;402;979;213008;143886;52.2;35.2
24;2021-06-28;818;2483;213826;146369;52.4;35.8
24;2021-06-29;940;2869;214766;149238;52.6;36.5
24;2021-06-30;1113;2459;215879;151697;52.9;37.1
24;2021-07-01;1132;2301;217011;153998;53.1;37.7
24;2021-07-02;1097;2743;218108;156741;53.4;38.4
24;2021-07-03;811;1903;218919;158644;53.6;38.8
24;2021-07-04;410;1014;219329;159658;53.7;39.1
24;2021-07-05;795;2316;220124;161974;53.9;39.7
24;2021-07-06;880;3355;221004;165329;54.1;40.5
24;2021-07-07;1084;3041;222088;168370;54.4;41.2
24;2021-07-08;1342;2122;223430;170492;54.7;41.7
24;2021-07-09;1178;3219;224608;173711;55.0;42.5
24;2021-07-10;480;1963;225088;175674;55.1;43.0
24;2021-07-11;587;1189;225675;176863;55.3;43.3
24;2021-07-12;906;2519;226581;179382;55.5;43.9
24;2021-07-13;1324;3215;227905;182597;55.8;44.7
24;2021-07-14;617;1188;228522;183785;56.0;45.0
24;2021-07-15;1697;2776;230219;186561;56.4;45.7
24;2021-07-16;2149;2597;232368;189158;56.9;46.3
24;2021-07-17;1527;2237;233895;191395;57.3;46.9
24;2021-07-18;709;886;234604;192281;57.4;47.1
24;2021-07-19;1578;2188;236182;194469;57.8;47.6
24;2021-07-20;2020;2438;238202;196907;58.3;48.2
24;2021-07-21;1876;2328;240078;199235;58.8;48.8
24;2021-07-22;2348;2442;242426;201677;59.4;49.4
24;2021-07-23;2303;2621;244729;204298;59.9;50.0
24;2021-07-24;1808;1544;246537;205842;60.4;50.4
24;2021-07-25;816;874;247353;206716;60.6;50.6
24;2021-07-26;1572;2015;248925;208731;61.0;51.1
24;2021-07-27;2848;2291;251773;211022;61.6;51.7
24;2021-07-28;2762;1940;254535;212962;62.3;52.1
24;2021-07-29;3067;2234;257602;215196;63.1;52.7
24;2021-07-30;2466;1919;260068;217115;63.7;53.2
24;2021-07-31;1648;1561;261716;218676;64.1;53.5
24;2021-08-01;1116;655;262832;219331;64.4;53.7
24;2021-08-02;1943;1619;264775;220950;64.8;54.1
24;2021-08-03;2885;1911;267660;222861;65.5;54.6
24;2021-08-04;3078;1626;270738;224487;66.3;55.0
24;2021-08-05;3041;1436;273779;225923;67.0;55.3
24;2021-08-06;2532;1534;276311;227457;67.7;55.7
24;2021-08-07;1788;1118;278099;228575;68.1;56.0
24;2021-08-08;1103;682;279202;229257;68.4;56.1
24;2021-08-09;1726;1386;280928;230643;68.8;56.5
24;2021-08-10;2260;1781;283188;232424;69.3;56.9
24;2021-08-11;2264;1696;285452;234120;69.9;57.3
24;2021-08-12;1906;1960;287358;236080;70.4;57.8
24;2021-08-13;1530;1626;288888;237706;70.7;58.2
24;2021-08-14;1165;1243;290053;238949;71.0;58.5
24;2021-08-15;739;579;290792;239528;71.2;58.7
24;2021-08-16;1113;1705;291905;241233;71.5;59.1
24;2021-08-17;1626;2106;293531;243339;71.9;59.6
24;2021-08-18;1558;1920;295089;245259;72.3;60.1
24;2021-08-19;1113;2634;296202;247893;72.5;60.7
24;2021-08-20;1095;2427;297297;250320;72.8;61.3
24;2021-08-21;872;1629;298169;251949;73.0;61.7
24;2021-08-22;349;1099;298518;253048;73.1;62.0
24;2021-08-23;665;2036;299183;255084;73.3;62.5
24;2021-08-24;804;2389;299987;257473;73.5;63.0
24;2021-08-25;808;2317;300795;259790;73.7;63.6
24;2021-08-26;741;2839;301536;262629;73.8;64.3
24;2021-08-27;793;2753;302329;265382;74.0;65.0
24;2021-08-28;512;1908;302841;267290;74.2;65.4
24;2021-08-29;170;1029;303011;268319;74.2;65.7
24;2021-08-30;353;1966;303364;270285;74.3;66.2
25;2020-12-27;0;0;0;0;0.0;0.0
25;2020-12-28;1;0;1;0;0.0;0.0
25;2020-12-29;0;0;1;0;0.0;0.0
25;2020-12-30;0;0;1;0;0.0;0.0
25;2020-12-31;2;0;3;0;0.0;0.0
25;2021-01-01;0;0;3;0;0.0;0.0
25;2021-01-02;1;0;4;0;0.0;0.0
25;2021-01-03;0;0;4;0;0.0;0.0
25;2021-01-04;0;0;4;0;0.0;0.0
25;2021-01-05;1;0;5;0;0.0;0.0
25;2021-01-06;75;1;80;1;0.0;0.0
25;2021-01-07;236;1;316;2;0.1;0.0
25;2021-01-08;345;1;661;3;0.1;0.0
25;2021-01-09;102;0;763;3;0.1;0.0
25;2021-01-10;0;0;763;3;0.1;0.0
25;2021-01-11;502;5;1265;8;0.2;0.0
25;2021-01-12;683;2;1948;10;0.4;0.0
25;2021-01-13;627;9;2575;19;0.5;0.0
25;2021-01-14;897;17;3472;36;0.6;0.0
25;2021-01-15;785;9;4257;45;0.8;0.0
25;2021-01-16;206;1;4463;46;0.8;0.0
25;2021-01-17;112;0;4575;46;0.8;0.0
25;2021-01-18;1297;6;5872;52;1.1;0.0
25;2021-01-19;1411;5;7283;57;1.4;0.0
25;2021-01-20;1420;4;8703;61;1.6;0.0
25;2021-01-21;1841;3;10544;64;2.0;0.0
25;2021-01-22;1506;4;12050;68;2.2;0.0
25;2021-01-23;499;1;12549;69;2.3;0.0
25;2021-01-24;119;0;12668;69;2.3;0.0
25;2021-01-25;991;0;13659;69;2.5;0.0
25;2021-01-26;1488;42;15147;111;2.8;0.0
25;2021-01-27;1249;70;16396;181;3.0;0.0
25;2021-01-28;1090;75;17486;256;3.2;0.0
25;2021-01-29;906;233;18392;489;3.4;0.1
25;2021-01-30;293;90;18685;579;3.5;0.1
25;2021-01-31;2;0;18687;579;3.5;0.1
25;2021-02-01;612;222;19299;801;3.6;0.1
25;2021-02-02;674;416;19973;1217;3.7;0.2
25;2021-02-03;758;248;20731;1465;3.8;0.3
25;2021-02-04;715;444;21446;1909;4.0;0.4
25;2021-02-05;519;468;21965;2377;4.1;0.4
25;2021-02-06;198;156;22163;2533;4.1;0.5
25;2021-02-07;2;34;22165;2567;4.1;0.5
25;2021-02-08;612;509;22777;3076;4.2;0.6
25;2021-02-09;615;489;23392;3565;4.3;0.7
25;2021-02-10;817;489;24209;4054;4.5;0.8
25;2021-02-11;587;850;24796;4904;4.6;0.9
25;2021-02-12;413;546;25209;5450;4.7;1.0
25;2021-02-13;97;141;25306;5591;4.7;1.0
25;2021-02-14;0;0;25306;5591;4.7;1.0
25;2021-02-15;187;1035;25493;6626;4.7;1.2
25;2021-02-16;214;1447;25707;8073;4.8;1.5
25;2021-02-17;109;1334;25816;9407;4.8;1.7
25;2021-02-18;147;1428;25963;10835;4.8;2.0
25;2021-02-19;102;1267;26065;12102;4.8;2.2
25;2021-02-20;26;488;26091;12590;4.8;2.3
25;2021-02-21;1;143;26092;12733;4.8;2.4
25;2021-02-22;83;1061;26175;13794;4.9;2.6
25;2021-02-23;195;1080;26370;14874;4.9;2.8
25;2021-02-24;104;975;26474;15849;4.9;2.9
25;2021-02-25;522;999;26996;16848;5.0;3.1
25;2021-02-26;607;977;27603;17825;5.1;3.3
25;2021-02-27;228;372;27831;18197;5.2;3.4
25;2021-02-28;5;1;27836;18198;5.2;3.4
25;2021-03-01;443;623;28279;18821;5.2;3.5
25;2021-03-02;654;834;28933;19655;5.4;3.6
25;2021-03-03;542;735;29475;20390;5.5;3.8
25;2021-03-04;1157;661;30632;21051;5.7;3.9
25;2021-03-05;1853;389;32485;21440;6.0;4.0
25;2021-03-06;1170;226;33655;21666;6.2;4.0
25;2021-03-07;9;8;33664;21674;6.2;4.0
25;2021-03-08;548;707;34212;22381;6.3;4.1
25;2021-03-09;1040;780;35252;23161;6.5;4.3
25;2021-03-10;1151;654;36403;23815;6.7;4.4
25;2021-03-11;1658;584;38061;24399;7.1;4.5
25;2021-03-12;1996;460;40057;24859;7.4;4.6
25;2021-03-13;1119;99;41176;24958;7.6;4.6
25;2021-03-14;35;0;41211;24958;7.6;4.6
25;2021-03-15;1126;144;42337;25102;7.8;4.7
25;2021-03-16;1286;119;43623;25221;8.1;4.7
25;2021-03-17;1414;139;45037;25360;8.3;4.7
25;2021-03-18;1528;84;46565;25444;8.6;4.7
25;2021-03-19;1595;128;48160;25572;8.9;4.7
25;2021-03-20;822;42;48982;25614;9.1;4.7
25;2021-03-21;24;0;49006;25614;9.1;4.7
25;2021-03-22;1485;87;50491;25701;9.4;4.8
25;2021-03-23;2162;142;52653;25843;9.8;4.8
25;2021-03-24;2419;93;55072;25936;10.2;4.8
25;2021-03-25;2837;191;57909;26127;10.7;4.8
25;2021-03-26;3159;178;61068;26305;11.3;4.9
25;2021-03-27;1110;89;62178;26394;11.5;4.9
25;2021-03-28;121;64;62299;26458;11.5;4.9
25;2021-03-29;1788;281;64087;26739;11.9;5.0
25;2021-03-30;2213;392;66300;27131;12.3;5.0
25;2021-03-31;2220;361;68520;27492;12.7;5.1
25;2021-04-01;2450;523;70970;28015;13.2;5.2
25;2021-04-02;2027;603;72997;28618;13.5;5.3
25;2021-04-03;447;110;73444;28728;13.6;5.3
25;2021-04-04;39;21;73483;28749;13.6;5.3
25;2021-04-05;145;4;73628;28753;13.6;5.3
25;2021-04-06;1937;687;75565;29440;14.0;5.5
25;2021-04-07;1878;852;77443;30292;14.4;5.6
25;2021-04-08;2434;826;79877;31118;14.8;5.8
25;2021-04-09;2597;997;82474;32115;15.3;6.0
25;2021-04-10;978;290;83452;32405;15.5;6.0
25;2021-04-11;105;28;83557;32433;15.5;6.0
25;2021-04-12;1558;968;85115;33401;15.8;6.2
25;2021-04-13;1989;1320;87104;34721;16.1;6.4
25;2021-04-14;1750;1219;88854;35940;16.5;6.7
25;2021-04-15;1999;1328;90853;37268;16.8;6.9
25;2021-04-16;2084;1005;92937;38273;17.2;7.1
25;2021-04-17;1105;416;94042;38689;17.4;7.2
25;2021-04-18;118;18;94160;38707;17.5;7.2
25;2021-04-19;1327;1245;95487;39952;17.7;7.4
25;2021-04-20;1615;1462;97102;41414;18.0;7.7
25;2021-04-21;1717;1633;98819;43047;18.3;8.0
25;2021-04-22;1859;1711;100678;44758;18.7;8.3
25;2021-04-23;1902;1766;102580;46524;19.0;8.6
25;2021-04-24;1281;704;103861;47228;19.3;8.8
25;2021-04-25;140;114;104001;47342;19.3;8.8
25;2021-04-26;1722;1684;105723;49026;19.6;9.1
25;2021-04-27;2804;1524;108527;50550;20.1;9.4
25;2021-04-28;2425;1558;110952;52108;20.6;9.7
25;2021-04-29;2649;1834;113601;53942;21.1;10.0
25;2021-04-30;3107;1579;116708;55521;21.6;10.3
25;2021-05-01;1789;334;118497;55855;22.0;10.4
25;2021-05-02;442;22;118939;55877;22.0;10.4
25;2021-05-03;2902;841;121841;56718;22.6;10.5
25;2021-05-04;2640;1884;124481;58602;23.1;10.9
25;2021-05-05;2598;1667;127079;60269;23.6;11.2
25;2021-05-06;2927;2168;130006;62437;24.1;11.6
25;2021-05-07;3063;2127;133069;64564;24.7;12.0
25;2021-05-08;1334;229;134403;64793;24.9;12.0
25;2021-05-09;244;87;134647;64880;25.0;12.0
25;2021-05-10;3130;1639;137777;66519;25.5;12.3
25;2021-05-11;3748;2041;141525;68560;26.2;12.7
25;2021-05-12;3688;1793;145213;70353;26.9;13.0
25;2021-05-13;3521;599;148734;70952;27.6;13.2
25;2021-05-14;4484;1307;153218;72259;28.4;13.4
25;2021-05-15;3282;711;156500;72970;29.0;13.5
25;2021-05-16;723;92;157223;73062;29.1;13.5
25;2021-05-17;4090;1093;161313;74155;29.9;13.7
25;2021-05-18;5205;1190;166518;75345;30.9;14.0
25;2021-05-19;5245;1132;171763;76477;31.8;14.2
25;2021-05-20;5134;1456;176897;77933;32.8;14.4
25;2021-05-21;5764;1981;182661;79914;33.9;14.8
25;2021-05-22;3177;722;185838;80636;34.4;14.9
25;2021-05-23;781;156;186619;80792;34.6;15.0
25;2021-05-24;1528;152;188147;80944;34.9;15.0
25;2021-05-25;3515;1647;191662;82591;35.5;15.3
25;2021-05-26;3976;1555;195638;84146;36.3;15.6
25;2021-05-27;4518;1901;200156;86047;37.1;16.0
25;2021-05-28;3994;2649;204150;88696;37.8;16.4
25;2021-05-29;2015;1022;206165;89718;38.2;16.6
25;2021-05-30;175;96;206340;89814;38.3;16.6
25;2021-05-31;2673;1711;209013;91525;38.7;17.0
25;2021-06-01;2729;2158;211742;93683;39.3;17.4
25;2021-06-02;2609;2249;214351;95932;39.7;17.8
25;2021-06-03;3274;2044;217625;97976;40.3;18.2
25;2021-06-04;3210;2409;220835;100385;40.9;18.6
25;2021-06-05;1492;1400;222327;101785;41.2;18.9
25;2021-06-06;986;259;223313;102044;41.4;18.9
25;2021-06-07;2783;2574;226096;104618;41.9;19.4
25;2021-06-08;2605;2762;228701;107380;42.4;19.9
25;2021-06-09;2382;2763;231083;110143;42.8;20.4
25;2021-06-10;2322;2655;233405;112798;43.3;20.9
25;2021-06-11;2711;3307;236116;116105;43.8;21.5
25;2021-06-12;1572;1861;237688;117966;44.1;21.9
25;2021-06-13;496;257;238184;118223;44.2;21.9
25;2021-06-14;1422;3756;239606;121979;44.4;22.6
25;2021-06-15;1643;3568;241249;125547;44.7;23.3
25;2021-06-16;1954;3272;243203;128819;45.1;23.9
25;2021-06-17;1474;3324;244677;132143;45.4;24.5
25;2021-06-18;2289;4296;246966;136439;45.8;25.3
25;2021-06-19;1351;1977;248317;138416;46.0;25.7
25;2021-06-20;58;239;248375;138655;46.0;25.7
25;2021-06-21;1139;4139;249514;142794;46.3;26.5
25;2021-06-22;1150;4676;250664;147470;46.5;27.3
25;2021-06-23;1405;4073;252069;151543;46.7;28.1
25;2021-06-24;1194;4084;253263;155627;46.9;28.8
25;2021-06-25;1641;5607;254904;161234;47.3;29.9
25;2021-06-26;626;3384;255530;164618;47.4;30.5
25;2021-06-27;451;878;255981;165496;47.5;30.7
25;2021-06-28;907;4475;256888;169971;47.6;31.5
25;2021-06-29;1132;5470;258020;175441;47.8;32.5
25;2021-06-30;1312;5369;259332;180810;48.1;33.5
25;2021-07-01;1709;5230;261041;186040;48.4;34.5
25;2021-07-02;1751;5059;262792;191099;48.7;35.4
25;2021-07-03;1041;2694;263833;193793;48.9;35.9
25;2021-07-04;409;722;264242;194515;49.0;36.1
25;2021-07-05;1300;2579;265542;197094;49.2;36.5
25;2021-07-06;1571;4748;267113;201842;49.5;37.4
25;2021-07-07;1599;4505;268712;206347;49.8;38.3
25;2021-07-08;1552;3932;270264;210279;50.1;39.0
25;2021-07-09;1799;4585;272063;214864;50.4;39.8
25;2021-07-10;780;2372;272843;217236;50.6;40.3
25;2021-07-11;127;307;272970;217543;50.6;40.3
25;2021-07-12;1405;3859;274375;221402;50.9;41.0
25;2021-07-13;2472;4770;276847;226172;51.3;41.9
25;2021-07-14;379;561;277226;226733;51.4;42.0
25;2021-07-15;2403;3656;279629;230389;51.8;42.7
25;2021-07-16;3486;3834;283115;234223;52.5;43.4
25;2021-07-17;2208;2037;285323;236260;52.9;43.8
25;2021-07-18;807;1300;286130;237560;53.0;44.0
25;2021-07-19;2543;4209;288673;241769;53.5;44.8
25;2021-07-20;3383;3711;292056;245480;54.1;45.5
25;2021-07-21;3300;3371;295356;248851;54.8;46.1
25;2021-07-22;3347;2984;298703;251835;55.4;46.7
25;2021-07-23;3566;3355;302269;255190;56.0;47.3
25;2021-07-24;1415;2271;303684;257461;56.3;47.7
25;2021-07-25;677;708;304361;258169;56.4;47.9
25;2021-07-26;3054;3013;307415;261182;57.0;48.4
25;2021-07-27;3834;2124;311249;263306;57.7;48.8
25;2021-07-28;3686;2115;314935;265421;58.4;49.2
25;2021-07-29;4316;2087;319251;267508;59.2;49.6
25;2021-07-30;4270;2483;323521;269991;60.0;50.0
25;2021-07-31;1820;1466;325341;271457;60.3;50.3
25;2021-08-01;1351;197;326692;271654;60.6;50.4
25;2021-08-02;2731;2214;329423;273868;61.1;50.8
25;2021-08-03;2832;2200;332255;276068;61.6;51.2
25;2021-08-04;2934;1426;335189;277494;62.1;51.4
25;2021-08-05;2195;1728;337384;279222;62.5;51.8
25;2021-08-06;2278;2347;339662;281569;63.0;52.2
25;2021-08-07;1291;1202;340953;282771;63.2;52.4
25;2021-08-08;321;477;341274;283248;63.3;52.5
25;2021-08-09;2019;2226;343293;285474;63.6;52.9
25;2021-08-10;1951;2515;345244;287989;64.0;53.4
25;2021-08-11;1828;2031;347072;290020;64.3;53.8
25;2021-08-12;2136;2497;349208;292517;64.7;54.2
25;2021-08-13;1685;2020;350893;294537;65.0;54.6
25;2021-08-14;953;1782;351846;296319;65.2;54.9
25;2021-08-15;9;45;351855;296364;65.2;54.9
25;2021-08-16;1246;3256;353101;299620;65.5;55.5
25;2021-08-17;1437;3286;354538;302906;65.7;56.2
25;2021-08-18;1228;2803;355766;305709;65.9;56.7
25;2021-08-19;985;2868;356751;308577;66.1;57.2
25;2021-08-20;1414;3692;358165;312269;66.4;57.9
25;2021-08-21;566;1780;358731;314049;66.5;58.2
25;2021-08-22;212;1270;358943;315319;66.5;58.5
25;2021-08-23;1098;3328;360041;318647;66.7;59.1
25;2021-08-24;1064;3229;361105;321876;66.9;59.7
25;2021-08-25;1016;3057;362121;324933;67.1;60.2
25;2021-08-26;1133;2999;363254;327932;67.3;60.8
25;2021-08-27;1186;3060;364440;330992;67.6;61.4
25;2021-08-28;589;1783;365029;332775;67.7;61.7
25;2021-08-29;156;507;365185;333282;67.7;61.8
25;2021-08-30;922;2818;366107;336100;67.9;62.3
26;2020-12-27;0;0;0;0;0.0;0.0
26;2020-12-28;0;0;0;0;0.0;0.0
26;2020-12-29;0;0;0;0;0.0;0.0
26;2020-12-30;0;0;0;0;0.0;0.0
26;2020-12-31;0;0;0;0;0.0;0.0
26;2021-01-01;0;0;0;0;0.0;0.0
26;2021-01-02;0;0;0;0;0.0;0.0
26;2021-01-03;0;0;0;0;0.0;0.0
26;2021-01-04;0;0;0;0;0.0;0.0
26;2021-01-05;0;0;0;0;0.0;0.0
26;2021-01-06;0;0;0;0;0.0;0.0
26;2021-01-07;168;0;168;0;0.0;0.0
26;2021-01-08;125;0;293;0;0.1;0.0
26;2021-01-09;2;0;295;0;0.1;0.0
26;2021-01-10;0;0;295;0;0.1;0.0
26;2021-01-11;266;1;561;1;0.1;0.0
26;2021-01-12;176;1;737;2;0.1;0.0
26;2021-01-13;417;1;1154;3;0.2;0.0
26;2021-01-14;488;0;1642;3;0.3;0.0
26;2021-01-15;562;1;2204;4;0.4;0.0
26;2021-01-16;250;1;2454;5;0.5;0.0
26;2021-01-17;0;0;2454;5;0.5;0.0
26;2021-01-18;637;1;3091;6;0.6;0.0
26;2021-01-19;785;3;3876;9;0.7;0.0
26;2021-01-20;742;0;4618;9;0.9;0.0
26;2021-01-21;806;5;5424;14;1.0;0.0
26;2021-01-22;787;4;6211;18;1.2;0.0
26;2021-01-23;563;3;6774;21;1.3;0.0
26;2021-01-24;24;0;6798;21;1.3;0.0
26;2021-01-25;697;2;7495;23;1.4;0.0
26;2021-01-26;801;4;8296;27;1.6;0.0
26;2021-01-27;822;9;9118;36;1.8;0.0
26;2021-01-28;1329;169;10447;205;2.0;0.0
26;2021-01-29;970;67;11417;272;2.2;0.1
26;2021-01-30;606;5;12023;277;2.3;0.1
26;2021-01-31;24;0;12047;277;2.3;0.1
26;2021-02-01;709;187;12756;464;2.5;0.1
26;2021-02-02;1274;211;14030;675;2.7;0.1
26;2021-02-03;1241;259;15271;934;2.9;0.2
26;2021-02-04;985;450;16256;1384;3.1;0.3
26;2021-02-05;673;334;16929;1718;3.3;0.3
26;2021-02-06;408;238;17337;1956;3.3;0.4
26;2021-02-07;57;2;17394;1958;3.3;0.4
26;2021-02-08;544;415;17938;2373;3.4;0.5
26;2021-02-09;616;473;18554;2846;3.6;0.5
26;2021-02-10;665;340;19219;3186;3.7;0.6
26;2021-02-11;753;326;19972;3512;3.8;0.7
26;2021-02-12;590;448;20562;3960;3.9;0.8
26;2021-02-13;388;330;20950;4290;4.0;0.8
26;2021-02-14;36;0;20986;4290;4.0;0.8
26;2021-02-15;414;526;21400;4816;4.1;0.9
26;2021-02-16;294;552;21694;5368;4.2;1.0
26;2021-02-17;196;737;21890;6105;4.2;1.2
26;2021-02-18;337;892;22227;6997;4.3;1.3
26;2021-02-19;341;803;22568;7800;4.3;1.5
26;2021-02-20;95;485;22663;8285;4.4;1.6
26;2021-02-21;3;24;22666;8309;4.4;1.6
26;2021-02-22;144;709;22810;9018;4.4;1.7
26;2021-02-23;397;995;23207;10013;4.5;1.9
26;2021-02-24;344;1222;23551;11235;4.5;2.2
26;2021-02-25;737;1068;24288;12303;4.7;2.4
26;2021-02-26;926;639;25214;12942;4.8;2.5
26;2021-02-27;279;512;25493;13454;4.9;2.6
26;2021-02-28;3;30;25496;13484;4.9;2.6
26;2021-03-01;458;659;25954;14143;5.0;2.7
26;2021-03-02;741;633;26695;14776;5.1;2.8
26;2021-03-03;730;682;27425;15458;5.3;3.0
26;2021-03-04;1045;582;28470;16040;5.5;3.1
26;2021-03-05;1710;528;30180;16568;5.8;3.2
26;2021-03-06;2773;496;32953;17064;6.3;3.3
26;2021-03-07;2989;219;35942;17283;6.9;3.3
26;2021-03-08;910;652;36852;17935;7.1;3.4
26;2021-03-09;1325;554;38177;18489;7.3;3.6
26;2021-03-10;1219;511;39396;19000;7.6;3.6
26;2021-03-11;1608;654;41004;19654;7.9;3.8
26;2021-03-12;2215;478;43219;20132;8.3;3.9
26;2021-03-13;1886;345;45105;20477;8.7;3.9
26;2021-03-14;69;39;45174;20516;8.7;3.9
26;2021-03-15;1652;251;46826;20767;9.0;4.0
26;2021-03-16;1232;515;48058;21282;9.2;4.1
26;2021-03-17;1369;305;49427;21587;9.5;4.1
26;2021-03-18;1587;282;51014;21869;9.8;4.2
26;2021-03-19;2444;350;53458;22219;10.3;4.3
26;2021-03-20;1289;150;54747;22369;10.5;4.3
26;2021-03-21;61;20;54808;22389;10.5;4.3
26;2021-03-22;1846;197;56654;22586;10.9;4.3
26;2021-03-23;2475;277;59129;22863;11.4;4.4
26;2021-03-24;2551;244;61680;23107;11.8;4.4
26;2021-03-25;3042;338;64722;23445;12.4;4.5
26;2021-03-26;3050;354;67772;23799;13.0;4.6
26;2021-03-27;1245;159;69017;23958;13.3;4.6
26;2021-03-28;94;7;69111;23965;13.3;4.6
26;2021-03-29;1907;407;71018;24372;13.6;4.7
26;2021-03-30;2383;550;73401;24922;14.1;4.8
26;2021-03-31;2229;582;75630;25504;14.5;4.9
26;2021-04-01;2276;782;77906;26286;15.0;5.0
26;2021-04-02;2214;992;80120;27278;15.4;5.2
26;2021-04-03;552;1201;80672;28479;15.5;5.5
26;2021-04-04;215;888;80887;29367;15.5;5.6
26;2021-04-05;556;53;81443;29420;15.6;5.7
26;2021-04-06;1486;833;82929;30253;15.9;5.8
26;2021-04-07;1792;901;84721;31154;16.3;6.0
26;2021-04-08;3005;933;87726;32087;16.9;6.2
26;2021-04-09;3416;1007;91142;33094;17.5;6.4
26;2021-04-10;1356;923;92498;34017;17.8;6.5
26;2021-04-11;89;35;92587;34052;17.8;6.5
26;2021-04-12;1714;1127;94301;35179;18.1;6.8
26;2021-04-13;2797;1456;97098;36635;18.7;7.0
26;2021-04-14;2207;1484;99305;38119;19.1;7.3
26;2021-04-15;2275;1587;101580;39706;19.5;7.6
26;2021-04-16;2271;1592;103851;41298;19.9;7.9
26;2021-04-17;1096;842;104947;42140;20.2;8.1
26;2021-04-18;35;52;104982;42192;20.2;8.1
26;2021-04-19;1547;1574;106529;43766;20.5;8.4
26;2021-04-20;1799;1728;108328;45494;20.8;8.7
26;2021-04-21;2012;1512;110340;47006;21.2;9.0
26;2021-04-22;2291;1605;112631;48611;21.6;9.3
26;2021-04-23;2010;1636;114641;50247;22.0;9.7
26;2021-04-24;1655;845;116296;51092;22.3;9.8
26;2021-04-25;629;94;116925;51186;22.5;9.8
26;2021-04-26;1377;1600;118302;52786;22.7;10.1
26;2021-04-27;1986;1685;120288;54471;23.1;10.5
26;2021-04-28;1867;1547;122155;56018;23.5;10.8
26;2021-04-29;2866;1894;125021;57912;24.0;11.1
26;2021-04-30;2627;1764;127648;59676;24.5;11.5
26;2021-05-01;1538;377;129186;60053;24.8;11.5
26;2021-05-02;1086;118;130272;60171;25.0;11.6
26;2021-05-03;2201;1788;132473;61959;25.4;11.9
26;2021-05-04;2614;2357;135087;64316;26.0;12.4
26;2021-05-05;2772;2201;137859;66517;26.5;12.8
26;2021-05-06;3321;2219;141180;68736;27.1;13.2
26;2021-05-07;2861;2260;144041;70996;27.7;13.6
26;2021-05-08;1959;621;146000;71617;28.0;13.8
26;2021-05-09;713;123;146713;71740;28.2;13.8
26;2021-05-10;3022;1822;149735;73562;28.8;14.1
26;2021-05-11;4444;2188;154179;75750;29.6;14.6
26;2021-05-12;4828;1693;159007;77443;30.5;14.9
26;2021-05-13;4364;616;163371;78059;31.4;15.0
26;2021-05-14;4643;1549;168014;79608;32.3;15.3
26;2021-05-15;4469;626;172483;80234;33.1;15.4
26;2021-05-16;3631;343;176114;80577;33.8;15.5
26;2021-05-17;3657;1482;179771;82059;34.5;15.8
26;2021-05-18;4476;1745;184247;83804;35.4;16.1
26;2021-05-19;4486;1452;188733;85256;36.3;16.4
26;2021-05-20;4685;1758;193418;87014;37.2;16.7
26;2021-05-21;4728;1799;198146;88813;38.1;17.1
26;2021-05-22;3189;688;201335;89501;38.7;17.2
26;2021-05-23;1598;183;202933;89684;39.0;17.2
26;2021-05-24;3791;743;206724;90427;39.7;17.4
26;2021-05-25;3593;2338;210317;92765;40.4;17.8
26;2021-05-26;4180;2272;214497;95037;41.2;18.3
26;2021-05-27;4215;2464;218712;97501;42.0;18.7
26;2021-05-28;3777;2769;222489;100270;42.7;19.3
26;2021-05-29;3087;1655;225576;101925;43.3;19.6
26;2021-05-30;322;71;225898;101996;43.4;19.6
26;2021-05-31;3081;1851;228979;103847;44.0;19.9
26;2021-06-01;3108;2307;232087;106154;44.6;20.4
26;2021-06-02;2870;2214;234957;108368;45.1;20.8
26;2021-06-03;2851;2494;237808;110862;45.7;21.3
26;2021-06-04;2660;2903;240468;113765;46.2;21.9
26;2021-06-05;1804;1695;242272;115460;46.5;22.2
26;2021-06-06;9;0;242281;115460;46.5;22.2
26;2021-06-07;2348;2427;244629;117887;47.0;22.6
26;2021-06-08;2454;2291;247083;120178;47.5;23.1
26;2021-06-09;2095;2388;249178;122566;47.9;23.5
26;2021-06-10;1980;2761;251158;125327;48.2;24.1
26;2021-06-11;1896;3273;253054;128600;48.6;24.7
26;2021-06-12;1219;1789;254273;130389;48.8;25.0
26;2021-06-13;97;214;254370;130603;48.9;25.1
26;2021-06-14;1416;3498;255786;134101;49.1;25.8
26;2021-06-15;1585;3962;257371;138063;49.4;26.5
26;2021-06-16;1785;3466;259156;141529;49.8;27.2
26;2021-06-17;1509;3166;260665;144695;50.1;27.8
26;2021-06-18;1796;4367;262461;149062;50.4;28.6
26;2021-06-19;933;3180;263394;152242;50.6;29.2
26;2021-06-20;264;876;263658;153118;50.6;29.4
26;2021-06-21;1005;4549;264663;157667;50.8;30.3
26;2021-06-22;1061;5117;265724;162784;51.0;31.3
26;2021-06-23;1167;5072;266891;167856;51.3;32.2
26;2021-06-24;1260;4540;268151;172396;51.5;33.1
26;2021-06-25;1016;5540;269167;177936;51.7;34.2
26;2021-06-26;662;3821;269829;181757;51.8;34.9
26;2021-06-27;300;1273;270129;183030;51.9;35.2
26;2021-06-28;778;4755;270907;187785;52.0;36.1
26;2021-06-29;1099;4962;272006;192747;52.3;37.0
26;2021-06-30;1412;4890;273418;197637;52.5;38.0
26;2021-07-01;1651;4393;275069;202030;52.8;38.8
26;2021-07-02;1334;5163;276403;207193;53.1;39.8
26;2021-07-03;771;3323;277174;210516;53.2;40.4
26;2021-07-04;332;633;277506;211149;53.3;40.6
26;2021-07-05;889;4678;278395;215827;53.5;41.5
26;2021-07-06;1266;4201;279661;220028;53.7;42.3
26;2021-07-07;1442;3796;281103;223824;54.0;43.0
26;2021-07-08;2387;3329;283490;227153;54.5;43.6
26;2021-07-09;1558;4790;285048;231943;54.8;44.6
26;2021-07-10;910;2914;285958;234857;54.9;45.1
26;2021-07-11;334;350;286292;235207;55.0;45.2
26;2021-07-12;1114;4219;287406;239426;55.2;46.0
26;2021-07-13;2301;4343;289707;243769;55.7;46.8
26;2021-07-14;1059;814;290766;244583;55.9;47.0
26;2021-07-15;3169;3654;293935;248237;56.5;47.7
26;2021-07-16;3003;3691;296938;251928;57.0;48.4
26;2021-07-17;1877;1814;298815;253742;57.4;48.7
26;2021-07-18;20;24;298835;253766;57.4;48.7
26;2021-07-19;2724;3264;301559;257030;57.9;49.4
26;2021-07-20;3706;3368;305265;260398;58.6;50.0
26;2021-07-21;3588;3087;308853;263485;59.3;50.6
26;2021-07-22;4122;2967;312975;266452;60.1;51.2
26;2021-07-23;3861;3399;316836;269851;60.9;51.8
26;2021-07-24;2345;1359;319181;271210;61.3;52.1
26;2021-07-25;608;93;319789;271303;61.4;52.1
26;2021-07-26;3429;2581;323218;273884;62.1;52.6
26;2021-07-27;4838;2618;328056;276502;63.0;53.1
26;2021-07-28;4535;2386;332591;278888;63.9;53.6
26;2021-07-29;3902;2892;336493;281780;64.6;54.1
26;2021-07-30;3481;2669;339974;284449;65.3;54.6
26;2021-07-31;1145;1008;341119;285457;65.5;54.8
26;2021-08-01;412;108;341531;285565;65.6;54.9
26;2021-08-02;2942;2360;344473;287925;66.2;55.3
26;2021-08-03;3292;2293;347765;290218;66.8;55.8
26;2021-08-04;3983;2014;351748;292232;67.6;56.1
26;2021-08-05;3141;2199;354889;294431;68.2;56.6
26;2021-08-06;3127;2636;358016;297067;68.8;57.1
26;2021-08-07;639;844;358655;297911;68.9;57.2
26;2021-08-08;28;13;358683;297924;68.9;57.2
26;2021-08-09;2185;3061;360868;300985;69.3;57.8
26;2021-08-10;2328;3040;363196;304025;69.8;58.4
26;2021-08-11;2063;2717;365259;306742;70.2;58.9
26;2021-08-12;1771;2585;367030;309327;70.5;59.4
26;2021-08-13;1662;2419;368692;311746;70.8;59.9
26;2021-08-14;271;872;368963;312618;70.9;60.1
26;2021-08-15;6;8;368969;312626;70.9;60.1
26;2021-08-16;1177;3289;370146;315915;71.1;60.7
26;2021-08-17;1506;3148;371652;319063;71.4;61.3
26;2021-08-18;1621;3378;373273;322441;71.7;61.9
26;2021-08-19;1552;3065;374825;325506;72.0;62.5
26;2021-08-20;1422;2979;376247;328485;72.3;63.1
26;2021-08-21;592;1088;376839;329573;72.4;63.3
26;2021-08-22;62;379;376901;329952;72.4;63.4
26;2021-08-23;1590;3616;378491;333568;72.7;64.1
26;2021-08-24;1728;3585;380219;337153;73.0;64.8
26;2021-08-25;1604;3657;381823;340810;73.3;65.5
26;2021-08-26;1483;3150;383306;343960;73.6;66.1
26;2021-08-27;1557;3601;384863;347561;73.9;66.8
26;2021-08-28;395;1100;385258;348661;74.0;67.0
26;2021-08-29;10;25;385268;348686;74.0;67.0
26;2021-08-30;1432;3430;386700;352116;74.3;67.6
27;2020-12-27;1;0;1;0;0.0;0.0
27;2020-12-28;1;0;2;0;0.0;0.0
27;2020-12-29;2;0;4;0;0.0;0.0
27;2020-12-30;0;0;4;0;0.0;0.0
27;2020-12-31;0;0;4;0;0.0;0.0
27;2021-01-01;0;0;4;0;0.0;0.0
27;2021-01-02;0;0;4;0;0.0;0.0
27;2021-01-03;2;0;6;0;0.0;0.0
27;2021-01-04;0;0;6;0;0.0;0.0
27;2021-01-05;15;0;21;0;0.0;0.0
27;2021-01-06;161;0;182;0;0.0;0.0
27;2021-01-07;372;1;554;1;0.1;0.0
27;2021-01-08;442;0;996;1;0.2;0.0
27;2021-01-09;72;1;1068;2;0.2;0.0
27;2021-01-10;101;0;1169;2;0.2;0.0
27;2021-01-11;383;0;1552;2;0.3;0.0
27;2021-01-12;409;2;1961;4;0.3;0.0
27;2021-01-13;839;1;2800;5;0.5;0.0
27;2021-01-14;1629;26;4429;31;0.7;0.0
27;2021-01-15;1221;5;5650;36;0.9;0.0
27;2021-01-16;333;2;5983;38;1.0;0.0
27;2021-01-17;205;0;6188;38;1.0;0.0
27;2021-01-18;799;2;6987;40;1.2;0.0
27;2021-01-19;773;3;7760;43;1.3;0.0
27;2021-01-20;871;0;8631;43;1.4;0.0
27;2021-01-21;655;1;9286;44;1.5;0.0
27;2021-01-22;779;4;10065;48;1.7;0.0
27;2021-01-23;350;0;10415;48;1.7;0.0
27;2021-01-24;169;6;10584;54;1.8;0.0
27;2021-01-25;635;15;11219;69;1.9;0.0
27;2021-01-26;462;17;11681;86;1.9;0.0
27;2021-01-27;506;104;12187;190;2.0;0.0
27;2021-01-28;517;295;12704;485;2.1;0.1
27;2021-01-29;509;108;13213;593;2.2;0.1
27;2021-01-30;242;29;13455;622;2.2;0.1
27;2021-01-31;27;24;13482;646;2.2;0.1
27;2021-02-01;349;194;13831;840;2.3;0.1
27;2021-02-02;307;280;14138;1120;2.4;0.2
27;2021-02-03;488;400;14626;1520;2.4;0.3
27;2021-02-04;716;886;15342;2406;2.6;0.4
27;2021-02-05;663;1138;16005;3544;2.7;0.6
27;2021-02-06;125;220;16130;3764;2.7;0.6
27;2021-02-07;25;42;16155;3806;2.7;0.6
27;2021-02-08;310;376;16465;4182;2.7;0.7
27;2021-02-09;341;553;16806;4735;2.8;0.8
27;2021-02-10;303;521;17109;5256;2.8;0.9
27;2021-02-11;318;452;17427;5708;2.9;1.0
27;2021-02-12;229;541;17656;6249;2.9;1.0
27;2021-02-13;151;133;17807;6382;3.0;1.1
27;2021-02-14;6;92;17813;6474;3.0;1.1
27;2021-02-15;390;595;18203;7069;3.0;1.2
27;2021-02-16;295;734;18498;7803;3.1;1.3
27;2021-02-17;247;633;18745;8436;3.1;1.4
27;2021-02-18;363;681;19108;9117;3.2;1.5
27;2021-02-19;218;687;19326;9804;3.2;1.6
27;2021-02-20;129;251;19455;10055;3.2;1.7
27;2021-02-21;12;136;19467;10191;3.2;1.7
27;2021-02-22;482;563;19949;10754;3.3;1.8
27;2021-02-23;495;619;20444;11373;3.4;1.9
27;2021-02-24;543;644;20987;12017;3.5;2.0
27;2021-02-25;844;756;21831;12773;3.6;2.1
27;2021-02-26;953;691;22784;13464;3.8;2.2
27;2021-02-27;406;157;23190;13621;3.9;2.3
27;2021-02-28;173;30;23363;13651;3.9;2.3
27;2021-03-01;487;439;23850;14090;4.0;2.3
27;2021-03-02;765;367;24615;14457;4.1;2.4
27;2021-03-03;852;362;25467;14819;4.2;2.5
27;2021-03-04;887;234;26354;15053;4.4;2.5
27;2021-03-05;1304;238;27658;15291;4.6;2.5
27;2021-03-06;1637;108;29295;15399;4.9;2.6
27;2021-03-07;620;17;29915;15416;5.0;2.6
27;2021-03-08;1204;304;31119;15720;5.2;2.6
27;2021-03-09;1827;266;32946;15986;5.5;2.7
27;2021-03-10;2116;345;35062;16331;5.8;2.7
27;2021-03-11;2156;223;37218;16554;6.2;2.8
27;2021-03-12;2818;199;40036;16753;6.7;2.8
27;2021-03-13;1919;124;41955;16877;7.0;2.8
27;2021-03-14;655;14;42610;16891;7.1;2.8
27;2021-03-15;1556;215;44166;17106;7.4;2.8
27;2021-03-16;1488;239;45654;17345;7.6;2.9
27;2021-03-17;1854;343;47508;17688;7.9;2.9
27;2021-03-18;1687;345;49195;18033;8.2;3.0
27;2021-03-19;1833;171;51028;18204;8.5;3.0
27;2021-03-20;904;41;51932;18245;8.6;3.0
27;2021-03-21;258;3;52190;18248;8.7;3.0
27;2021-03-22;1234;544;53424;18792;8.9;3.1
27;2021-03-23;1626;459;55050;19251;9.2;3.2
27;2021-03-24;1523;476;56573;19727;9.4;3.3
27;2021-03-25;2162;509;58735;20236;9.8;3.4
27;2021-03-26;2530;444;61265;20680;10.2;3.4
27;2021-03-27;1568;200;62833;20880;10.5;3.5
27;2021-03-28;1149;49;63982;20929;10.7;3.5
27;2021-03-29;1376;835;65358;21764;10.9;3.6
27;2021-03-30;1391;849;66749;22613;11.1;3.8
27;2021-03-31;1487;877;68236;23490;11.4;3.9
27;2021-04-01;1956;811;70192;24301;11.7;4.0
27;2021-04-02;2000;1181;72192;25482;12.0;4.2
27;2021-04-03;1562;739;73754;26221;12.3;4.4
27;2021-04-04;978;175;74732;26396;12.4;4.4
27;2021-04-05;283;6;75015;26402;12.5;4.4
27;2021-04-06;1416;1804;76431;28206;12.7;4.7
27;2021-04-07;1323;1747;77754;29953;12.9;5.0
27;2021-04-08;1683;1681;79437;31634;13.2;5.3
27;2021-04-09;2947;1564;82384;33198;13.7;5.5
27;2021-04-10;2033;986;84417;34184;14.1;5.7
27;2021-04-11;946;211;85363;34395;14.2;5.7
27;2021-04-12;2435;1512;87798;35907;14.6;6.0
27;2021-04-13;2393;1549;90191;37456;15.0;6.2
27;2021-04-14;2085;1629;92276;39085;15.4;6.5
27;2021-04-15;1875;1664;94151;40749;15.7;6.8
27;2021-04-16;2752;1116;96903;41865;16.1;7.0
27;2021-04-17;2170;496;99073;42361;16.5;7.1
27;2021-04-18;453;16;99526;42377;16.6;7.1
27;2021-04-19;1713;1175;101239;43552;16.9;7.3
27;2021-04-20;2386;1303;103625;44855;17.3;7.5
27;2021-04-21;2209;1080;105834;45935;17.6;7.6
27;2021-04-22;2179;1415;108013;47350;18.0;7.9
27;2021-04-23;2448;1178;110461;48528;18.4;8.1
27;2021-04-24;3258;1146;113719;49674;18.9;8.3
27;2021-04-25;1130;1052;114849;50726;19.1;8.4
27;2021-04-26;1924;1147;116773;51873;19.4;8.6
27;2021-04-27;2529;1093;119302;52966;19.9;8.8
27;2021-04-28;2393;1315;121695;54281;20.3;9.0
27;2021-04-29;2491;1474;124186;55755;20.7;9.3
27;2021-04-30;2371;1614;126557;57369;21.1;9.6
27;2021-05-01;2638;889;129195;58258;21.5;9.7
27;2021-05-02;1953;898;131148;59156;21.8;9.8
27;2021-05-03;3064;880;134212;60036;22.3;10.0
27;2021-05-04;2781;1648;136993;61684;22.8;10.3
27;2021-05-05;2817;1651;139810;63335;23.3;10.5
27;2021-05-06;3184;1292;142994;64627;23.8;10.8
27;2021-05-07;3324;2001;146318;66628;24.4;11.1
27;2021-05-08;2803;1331;149121;67959;24.8;11.3
27;2021-05-09;1696;298;150817;68257;25.1;11.4
27;2021-05-10;2950;2271;153767;70528;25.6;11.7
27;2021-05-11;3357;1760;157124;72288;26.2;12.0
27;2021-05-12;3463;1728;160587;74016;26.7;12.3
27;2021-05-13;1892;255;162479;74271;27.0;12.4
27;2021-05-14;3884;1787;166363;76058;27.7;12.7
27;2021-05-15;6603;956;172966;77014;28.8;12.8
27;2021-05-16;3668;436;176634;77450;29.4;12.9
27;2021-05-17;2776;1163;179410;78613;29.9;13.1
27;2021-05-18;3845;1294;183255;79907;30.5;13.3
27;2021-05-19;3967;1155;187222;81062;31.2;13.5
27;2021-05-20;3874;1167;191096;82229;31.8;13.7
27;2021-05-21;3968;1800;195064;84029;32.5;14.0
27;2021-05-22;4369;802;199433;84831;33.2;14.1
27;2021-05-23;799;173;200232;85004;33.3;14.2
27;2021-05-24;1490;341;201722;85345;33.6;14.2
27;2021-05-25;3513;1609;205235;86954;34.2;14.5
27;2021-05-26;3857;1741;209092;88695;34.8;14.8
27;2021-05-27;3789;1487;212881;90182;35.4;15.0
27;2021-05-28;3399;2628;216280;92810;36.0;15.5
27;2021-05-29;4824;2300;221104;95110;36.8;15.8
27;2021-05-30;1118;248;222222;95358;37.0;15.9
27;2021-05-31;3467;2275;225689;97633;37.6;16.3
27;2021-06-01;3816;2249;229505;99882;38.2;16.6
27;2021-06-02;3341;2186;232846;102068;38.8;17.0
27;2021-06-03;4430;2125;237276;104193;39.5;17.3
27;2021-06-04;3603;2974;240879;107167;40.1;17.8
27;2021-06-05;3209;3352;244088;110519;40.6;18.4
27;2021-06-06;2004;1007;246092;111526;41.0;18.6
27;2021-06-07;2569;2358;248661;113884;41.4;19.0
27;2021-06-08;3127;2378;251788;116262;41.9;19.4
27;2021-06-09;2304;2469;254092;118731;42.3;19.8
27;2021-06-10;2431;2041;256523;120772;42.7;20.1
27;2021-06-11;2889;3774;259412;124546;43.2;20.7
27;2021-06-12;1982;4190;261394;128736;43.5;21.4
27;2021-06-13;1084;2686;262478;131422;43.7;21.9
27;2021-06-14;1995;3112;264473;134534;44.0;22.4
27;2021-06-15;2687;3021;267160;137555;44.5;22.9
27;2021-06-16;2502;3261;269662;140816;44.9;23.4
27;2021-06-17;2296;3284;271958;144100;45.3;24.0
27;2021-06-18;2746;4419;274704;148519;45.7;24.7
27;2021-06-19;1863;3393;276567;151912;46.0;25.3
27;2021-06-20;608;711;277175;152623;46.1;25.4
27;2021-06-21;1703;3493;278878;156116;46.4;26.0
27;2021-06-22;2384;3718;281262;159834;46.8;26.6
27;2021-06-23;2074;3571;283336;163405;47.2;27.2
27;2021-06-24;2256;3413;285592;166818;47.5;27.8
27;2021-06-25;1935;4458;287527;171276;47.9;28.5
27;2021-06-26;884;5353;288411;176629;48.0;29.4
27;2021-06-27;377;1427;288788;178056;48.1;29.6
27;2021-06-28;1128;3405;289916;181461;48.3;30.2
27;2021-06-29;1702;4367;291618;185828;48.5;30.9
27;2021-06-30;2117;4095;293735;189923;48.9;31.6
27;2021-07-01;2225;3909;295960;193832;49.3;32.3
27;2021-07-02;1589;4617;297549;198449;49.5;33.0
27;2021-07-03;1308;4775;298857;203224;49.8;33.8
27;2021-07-04;504;1403;299361;204627;49.8;34.1
27;2021-07-05;1419;3531;300780;208158;50.1;34.7
27;2021-07-06;1369;4181;302149;212339;50.3;35.3
27;2021-07-07;1759;4902;303908;217241;50.6;36.2
27;2021-07-08;2088;4350;305996;221591;50.9;36.9
27;2021-07-09;1985;5287;307981;226878;51.3;37.8
27;2021-07-10;1167;4178;309148;231056;51.5;38.5
27;2021-07-11;426;1139;309574;232195;51.5;38.7
27;2021-07-12;1254;4374;310828;236569;51.7;39.4
27;2021-07-13;2759;5352;313587;241921;52.2;40.3
27;2021-07-14;1518;1751;315105;243672;52.5;40.6
27;2021-07-15;3033;5468;318138;249140;53.0;41.5
27;2021-07-16;3821;5287;321959;254427;53.6;42.4
27;2021-07-17;2734;3875;324693;258302;54.1;43.0
27;2021-07-18;551;1265;325244;259567;54.1;43.2
27;2021-07-19;3688;3789;328932;263356;54.8;43.8
27;2021-07-20;3458;3586;332390;266942;55.3;44.4
27;2021-07-21;4253;3899;336643;270841;56.0;45.1
27;2021-07-22;4750;3709;341393;274550;56.8;45.7
27;2021-07-23;3591;3400;344984;277950;57.4;46.3
27;2021-07-24;3114;2329;348098;280279;57.9;46.7
27;2021-07-25;493;545;348591;280824;58.0;46.8
27;2021-07-26;3069;3176;351660;284000;58.5;47.3
27;2021-07-27;3598;3103;355258;287103;59.1;47.8
27;2021-07-28;3591;3243;358849;290346;59.7;48.3
27;2021-07-29;4589;3508;363438;293854;60.5;48.9
27;2021-07-30;3814;3142;367252;296996;61.1;49.4
27;2021-07-31;3059;2580;370311;299576;61.6;49.9
27;2021-08-01;536;498;370847;300074;61.7;50.0
27;2021-08-02;3317;2581;374164;302655;62.3;50.4
27;2021-08-03;3426;2771;377590;305426;62.9;50.8
27;2021-08-04;3030;2335;380620;307761;63.4;51.2
27;2021-08-05;2674;2360;383294;310121;63.8;51.6
27;2021-08-06;3257;3250;386551;313371;64.4;52.2
27;2021-08-07;1796;2558;388347;315929;64.7;52.6
27;2021-08-08;219;197;388566;316126;64.7;52.6
27;2021-08-09;2208;2812;390774;318938;65.1;53.1
27;2021-08-10;2808;3503;393582;322441;65.5;53.7
27;2021-08-11;2621;3101;396203;325542;66.0;54.2
27;2021-08-12;2351;3907;398554;329449;66.3;54.8
27;2021-08-13;1729;2558;400283;332007;66.6;55.3
27;2021-08-14;1159;2889;401442;334896;66.8;55.8
27;2021-08-15;17;22;401459;334918;66.8;55.8
27;2021-08-16;1806;3810;403265;338728;67.1;56.4
27;2021-08-17;2040;3438;405305;342166;67.5;57.0
27;2021-08-18;1451;2983;406756;345149;67.7;57.5
27;2021-08-19;1705;3356;408461;348505;68.0;58.0
27;2021-08-20;1629;3439;410090;351944;68.3;58.6
27;2021-08-21;982;2845;411072;354789;68.4;59.1
27;2021-08-22;184;155;411256;354944;68.5;59.1
27;2021-08-23;1076;4004;412332;358948;68.6;59.8
27;2021-08-24;1431;3965;413763;362913;68.9;60.4
27;2021-08-25;1714;3411;415477;366324;69.2;61.0
27;2021-08-26;1144;2917;416621;369241;69.4;61.5
27;2021-08-27;1264;3215;417885;372456;69.6;62.0
27;2021-08-28;907;2861;418792;375317;69.7;62.5
27;2021-08-29;85;136;418877;375453;69.7;62.5
27;2021-08-30;899;3306;419776;378759;69.9;63.1
28;2020-12-27;0;0;0;0;0.0;0.0
28;2020-12-28;0;0;0;0;0.0;0.0
28;2020-12-29;0;0;0;0;0.0;0.0
28;2020-12-30;0;0;0;0;0.0;0.0
28;2020-12-31;0;0;0;0;0.0;0.0
28;2021-01-01;1;0;1;0;0.0;0.0
28;2021-01-02;0;0;1;0;0.0;0.0
28;2021-01-03;0;0;1;0;0.0;0.0
28;2021-01-04;0;0;1;0;0.0;0.0
28;2021-01-05;5;0;6;0;0.0;0.0
28;2021-01-06;84;0;90;0;0.0;0.0
28;2021-01-07;102;0;192;0;0.0;0.0
28;2021-01-08;134;2;326;2;0.1;0.0
28;2021-01-09;78;0;404;2;0.1;0.0
28;2021-01-10;1;0;405;2;0.1;0.0
28;2021-01-11;205;0;610;2;0.1;0.0
28;2021-01-12;265;2;875;4;0.2;0.0
28;2021-01-13;397;3;1272;7;0.3;0.0
28;2021-01-14;449;5;1721;12;0.4;0.0
28;2021-01-15;374;3;2095;15;0.5;0.0
28;2021-01-16;206;2;2301;17;0.5;0.0
28;2021-01-17;21;0;2322;17;0.5;0.0
28;2021-01-18;372;2;2694;19;0.6;0.0
28;2021-01-19;503;4;3197;23;0.7;0.0
28;2021-01-20;636;1;3833;24;0.9;0.0
28;2021-01-21;796;3;4629;27;1.1;0.0
28;2021-01-22;478;1;5107;28;1.2;0.0
28;2021-01-23;354;0;5461;28;1.3;0.0
28;2021-01-24;1;0;5462;28;1.3;0.0
28;2021-01-25;456;4;5918;32;1.4;0.0
28;2021-01-26;718;4;6636;36;1.5;0.0
28;2021-01-27;1213;50;7849;86;1.8;0.0
28;2021-01-28;1587;93;9436;179;2.2;0.0
28;2021-01-29;896;98;10332;277;2.4;0.1
28;2021-01-30;248;54;10580;331;2.5;0.1
28;2021-01-31;2;22;10582;353;2.5;0.1
28;2021-02-01;324;121;10906;474;2.5;0.1
28;2021-02-02;368;239;11274;713;2.6;0.2
28;2021-02-03;473;257;11747;970;2.7;0.2
28;2021-02-04;525;278;12272;1248;2.9;0.3
28;2021-02-05;436;227;12708;1475;3.0;0.3
28;2021-02-06;200;129;12908;1604;3.0;0.4
28;2021-02-07;0;0;12908;1604;3.0;0.4
28;2021-02-08;331;249;13239;1853;3.1;0.4
28;2021-02-09;281;342;13520;2195;3.1;0.5
28;2021-02-10;443;399;13963;2594;3.3;0.6
28;2021-02-11;561;489;14524;3083;3.4;0.7
28;2021-02-12;453;431;14977;3514;3.5;0.8
28;2021-02-13;181;191;15158;3705;3.5;0.9
28;2021-02-14;0;2;15158;3707;3.5;0.9
28;2021-02-15;280;474;15438;4181;3.6;1.0
28;2021-02-16;394;709;15832;4890;3.7;1.1
28;2021-02-17;585;1154;16417;6044;3.8;1.4
28;2021-02-18;666;1401;17083;7445;4.0;1.7
28;2021-02-19;548;764;17631;8209;4.1;1.9
28;2021-02-20;114;145;17745;8354;4.1;1.9
28;2021-02-21;7;33;17752;8387;4.1;2.0
28;2021-02-22;223;520;17975;8907;4.2;2.1
28;2021-02-23;203;379;18178;9286;4.2;2.2
28;2021-02-24;244;474;18422;9760;4.3;2.3
28;2021-02-25;574;452;18996;10212;4.4;2.4
28;2021-02-26;764;378;19760;10590;4.6;2.5
28;2021-02-27;265;86;20025;10676;4.7;2.5
28;2021-02-28;23;17;20048;10693;4.7;2.5
28;2021-03-01;291;216;20339;10909;4.7;2.5
28;2021-03-02;397;277;20736;11186;4.8;2.6
28;2021-03-03;369;398;21105;11584;4.9;2.7
28;2021-03-04;719;488;21824;12072;5.1;2.8
28;2021-03-05;1319;418;23143;12490;5.4;2.9
28;2021-03-06;1998;88;25141;12578;5.9;2.9
28;2021-03-07;974;30;26115;12608;6.1;2.9
28;2021-03-08;398;309;26513;12917;6.2;3.0
28;2021-03-09;980;360;27493;13277;6.4;3.1
28;2021-03-10;1357;545;28850;13822;6.7;3.2
28;2021-03-11;1536;703;30386;14525;7.1;3.4
28;2021-03-12;2258;644;32644;15169;7.6;3.5
28;2021-03-13;1235;132;33879;15301;7.9;3.6
28;2021-03-14;518;18;34397;15319;8.0;3.6
28;2021-03-15;755;232;35152;15551;8.2;3.6
28;2021-03-16;716;224;35868;15775;8.4;3.7
28;2021-03-17;746;289;36614;16064;8.5;3.7
28;2021-03-18;1201;276;37815;16340;8.8;3.8
28;2021-03-19;1557;331;39372;16671;9.2;3.9
28;2021-03-20;639;21;40011;16692;9.3;3.9
28;2021-03-21;29;8;40040;16700;9.3;3.9
28;2021-03-22;767;321;40807;17021;9.5;4.0
28;2021-03-23;1027;194;41834;17215;9.7;4.0
28;2021-03-24;1312;278;43146;17493;10.0;4.1
28;2021-03-25;1797;289;44943;17782;10.5;4.1
28;2021-03-26;2083;344;47026;18126;11.0;4.2
28;2021-03-27;402;38;47428;18164;11.0;4.2
28;2021-03-28;12;0;47440;18164;11.0;4.2
28;2021-03-29;1140;357;48580;18521;11.3;4.3
28;2021-03-30;1711;251;50291;18772;11.7;4.4
28;2021-03-31;2018;482;52309;19254;12.2;4.5
28;2021-04-01;1796;587;54105;19841;12.6;4.6
28;2021-04-02;1585;1317;55690;21158;13.0;4.9
28;2021-04-03;607;1071;56297;22229;13.1;5.2
28;2021-04-04;33;302;56330;22531;13.1;5.2
28;2021-04-05;40;3;56370;22534;13.1;5.2
28;2021-04-06;1225;460;57595;22994;13.4;5.4
28;2021-04-07;1890;1006;59485;24000;13.9;5.6
28;2021-04-08;2086;1074;61571;25074;14.3;5.8
28;2021-04-09;3235;923;64806;25997;15.1;6.1
28;2021-04-10;1581;199;66387;26196;15.5;6.1
28;2021-04-11;141;451;66528;26647;15.5;6.2
28;2021-04-12;1674;561;68202;27208;15.9;6.3
28;2021-04-13;1875;672;70077;27880;16.3;6.5
28;2021-04-14;2771;903;72848;28783;17.0;6.7
28;2021-04-15;2555;1144;75403;29927;17.6;7.0
28;2021-04-16;2553;805;77956;30732;18.2;7.2
28;2021-04-17;2309;134;80265;30866;18.7;7.2
28;2021-04-18;45;8;80310;30874;18.7;7.2
28;2021-04-19;1577;649;81887;31523;19.1;7.3
28;2021-04-20;1841;598;83728;32121;19.5;7.5
28;2021-04-21;2679;963;86407;33084;20.1;7.7
28;2021-04-22;1782;1217;88189;34301;20.5;8.0
28;2021-04-23;2324;1104;90513;35405;21.1;8.2
28;2021-04-24;3657;136;94170;35541;21.9;8.3
28;2021-04-25;1012;37;95182;35578;22.2;8.3
28;2021-04-26;1331;926;96513;36504;22.5;8.5
28;2021-04-27;1436;1284;97949;37788;22.8;8.8
28;2021-04-28;2374;1829;100323;39617;23.4;9.2
28;2021-04-29;2129;1504;102452;41121;23.9;9.6
28;2021-04-30;2973;1227;105425;42348;24.6;9.9
28;2021-05-01;127;121;105552;42469;24.6;9.9
28;2021-05-02;2;65;105554;42534;24.6;9.9
28;2021-05-03;1047;1020;106601;43554;24.8;10.1
28;2021-05-04;1360;1669;107961;45223;25.1;10.5
28;2021-05-05;2830;1651;110791;46874;25.8;10.9
28;2021-05-06;2457;1473;113248;48347;26.4;11.3
28;2021-05-07;2310;1934;115558;50281;26.9;11.7
28;2021-05-08;1077;117;116635;50398;27.2;11.7
28;2021-05-09;105;610;116740;51008;27.2;11.9
28;2021-05-10;1308;1893;118048;52901;27.5;12.3
28;2021-05-11;2028;2345;120076;55246;28.0;12.9
28;2021-05-12;2619;3233;122695;58479;28.6;13.6
28;2021-05-13;290;451;122985;58930;28.6;13.7
28;2021-05-14;1898;1616;124883;60546;29.1;14.1
28;2021-05-15;1436;1674;126319;62220;29.4;14.5
28;2021-05-16;1987;130;128306;62350;29.9;14.5
28;2021-05-17;2875;1493;131181;63843;30.5;14.9
28;2021-05-18;3382;1382;134563;65225;31.3;15.2
28;2021-05-19;5092;1282;139655;66507;32.5;15.5
28;2021-05-20;4150;1231;143805;67738;33.5;15.8
28;2021-05-21;3465;1587;147270;69325;34.3;16.1
28;2021-05-22;728;1162;147998;70487;34.5;16.4
28;2021-05-23;1957;138;149955;70625;34.9;16.4
28;2021-05-24;1429;395;151384;71020;35.3;16.5
28;2021-05-25;1877;1408;153261;72428;35.7;16.9
28;2021-05-26;2766;1346;156027;73774;36.3;17.2
28;2021-05-27;2756;1235;158783;75009;37.0;17.5
28;2021-05-28;3081;1734;161864;76743;37.7;17.9
28;2021-05-29;1869;876;163733;77619;38.1;18.1
28;2021-05-30;16;47;163749;77666;38.1;18.1
28;2021-05-31;2014;937;165763;78603;38.6;18.3
28;2021-06-01;2133;1663;167896;80266;39.1;18.7
28;2021-06-02;2077;2458;169973;82724;39.6;19.3
28;2021-06-03;2498;1563;172471;84287;40.2;19.6
28;2021-06-04;2609;2357;175080;86644;40.8;20.2
28;2021-06-05;1909;2527;176989;89171;41.2;20.8
28;2021-06-06;1059;1043;178048;90214;41.5;21.0
28;2021-06-07;3577;1574;181625;91788;42.3;21.4
28;2021-06-08;3197;1518;184822;93306;43.0;21.7
28;2021-06-09;3676;2130;188498;95436;43.9;22.2
28;2021-06-10;3142;1262;191640;96698;44.6;22.5
28;2021-06-11;3792;2133;195432;98831;45.5;23.0
28;2021-06-12;1305;560;196737;99391;45.8;23.1
28;2021-06-13;385;108;197122;99499;45.9;23.2
28;2021-06-14;2208;2001;199330;101500;46.4;23.6
28;2021-06-15;2092;2225;201422;103725;46.9;24.2
28;2021-06-16;2510;3982;203932;107707;47.5;25.1
28;2021-06-17;1925;3135;205857;110842;47.9;25.8
28;2021-06-18;2472;3788;208329;114630;48.5;26.7
28;2021-06-19;776;1613;209105;116243;48.7;27.1
28;2021-06-20;23;24;209128;116267;48.7;27.1
28;2021-06-21;1684;1991;210812;118258;49.1;27.5
28;2021-06-22;1371;2107;212183;120365;49.4;28.0
28;2021-06-23;1782;3164;213965;123529;49.8;28.8
28;2021-06-24;733;930;214698;124459;50.0;29.0
28;2021-06-25;1891;3028;216589;127487;50.4;29.7
28;2021-06-26;310;2116;216899;129603;50.5;30.2
28;2021-06-27;588;1284;217487;130887;50.6;30.5
28;2021-06-28;1226;3657;218713;134544;50.9;31.3
28;2021-06-29;1342;3797;220055;138341;51.2;32.2
28;2021-06-30;1493;4259;221548;142600;51.6;33.2
28;2021-07-01;1278;3500;222826;146100;51.9;34.0
28;2021-07-02;1313;4653;224139;150753;52.2;35.1
28;2021-07-03;1132;2370;225271;153123;52.5;35.7
28;2021-07-04;146;1325;225417;154448;52.5;36.0
28;2021-07-05;1362;2512;226779;156960;52.8;36.6
28;2021-07-06;1510;2869;228289;159829;53.2;37.2
28;2021-07-07;1637;4144;229926;163973;53.5;38.2
28;2021-07-08;1470;3238;231396;167211;53.9;38.9
28;2021-07-09;1393;4520;232789;171731;54.2;40.0
28;2021-07-10;528;2208;233317;173939;54.3;40.5
28;2021-07-11;2;1;233319;173940;54.3;40.5
28;2021-07-12;1527;3929;234846;177869;54.7;41.4
28;2021-07-13;2264;4140;237110;182009;55.2;42.4
28;2021-07-14;1329;1396;238439;183405;55.5;42.7
28;2021-07-15;2987;3978;241426;187383;56.2;43.6
28;2021-07-16;2443;4754;243869;192137;56.8;44.7
28;2021-07-17;1263;2430;245132;194567;57.1;45.3
28;2021-07-18;369;944;245501;195511;57.2;45.5
28;2021-07-19;1806;4341;247307;199852;57.6;46.5
28;2021-07-20;2474;4088;249781;203940;58.2;47.5
28;2021-07-21;2965;4286;252746;208226;58.9;48.5
28;2021-07-22;3667;3428;256413;211654;59.7;49.3
28;2021-07-23;2961;3999;259374;215653;60.4;50.2
28;2021-07-24;1694;1475;261068;217128;60.8;50.6
28;2021-07-25;68;61;261136;217189;60.8;50.6
28;2021-07-26;2931;3386;264067;220575;61.5;51.4
28;2021-07-27;3885;2619;267952;223194;62.4;52.0
28;2021-07-28;3948;2740;271900;225934;63.3;52.6
28;2021-07-29;4464;2089;276364;228023;64.4;53.1
28;2021-07-30;3814;2840;280178;230863;65.2;53.8
28;2021-07-31;762;824;280940;231687;65.4;54.0
28;2021-08-01;378;65;281318;231752;65.5;54.0
28;2021-08-02;1791;1520;283109;233272;65.9;54.3
28;2021-08-03;2683;2161;285792;235433;66.6;54.8
28;2021-08-04;1932;2300;287724;237733;67.0;55.4
28;2021-08-05;1659;1733;289383;239466;67.4;55.8
28;2021-08-06;1614;1968;290997;241434;67.8;56.2
28;2021-08-07;798;1002;291795;242436;68.0;56.5
28;2021-08-08;22;33;291817;242469;68.0;56.5
28;2021-08-09;1383;1094;293200;243563;68.3;56.7
28;2021-08-10;1702;2025;294902;245588;68.7;57.2
28;2021-08-11;1269;1574;296171;247162;69.0;57.6
28;2021-08-12;1161;1886;297332;249048;69.2;58.0
28;2021-08-13;1287;1647;298619;250695;69.5;58.4
28;2021-08-14;655;842;299274;251537;69.7;58.6
28;2021-08-15;265;60;299539;251597;69.8;58.6
28;2021-08-16;858;2143;300397;253740;70.0;59.1
28;2021-08-17;1120;2797;301517;256537;70.2;59.7
28;2021-08-18;887;2413;302404;258950;70.4;60.3
28;2021-08-19;882;2614;303286;261564;70.6;60.9
28;2021-08-20;926;2751;304212;264315;70.8;61.6
28;2021-08-21;379;1000;304591;265315;70.9;61.8
28;2021-08-22;8;31;304599;265346;70.9;61.8
28;2021-08-23;1040;2144;305639;267490;71.2;62.3
28;2021-08-24;861;2582;306500;270072;71.4;62.9
28;2021-08-25;1068;2206;307568;272278;71.6;63.4
28;2021-08-26;693;1811;308261;274089;71.8;63.8
28;2021-08-27;729;2359;308990;276448;72.0;64.4
28;2021-08-28;516;1092;309506;277540;72.1;64.6
28;2021-08-29;5;26;309511;277566;72.1;64.6
28;2021-08-30;926;2174;310437;279740;72.3;65.1
29;2020-12-27;0;0;0;0;0.0;0.0
29;2020-12-28;1;0;1;0;0.0;0.0
29;2020-12-29;0;0;1;0;0.0;0.0
29;2020-12-30;0;0;1;0;0.0;0.0
29;2020-12-31;0;0;1;0;0.0;0.0
29;2021-01-01;2;0;3;0;0.0;0.0
29;2021-01-02;0;0;3;0;0.0;0.0
29;2021-01-03;1;0;4;0;0.0;0.0
29;2021-01-04;32;0;36;0;0.0;0.0
29;2021-01-05;31;0;67;0;0.0;0.0
29;2021-01-06;43;0;110;0;0.0;0.0
29;2021-01-07;137;0;247;0;0.0;0.0
29;2021-01-08;408;0;655;0;0.1;0.0
29;2021-01-09;2;0;657;0;0.1;0.0
29;2021-01-10;2;0;659;0;0.1;0.0
29;2021-01-11;667;0;1326;0;0.1;0.0
29;2021-01-12;1120;0;2446;0;0.3;0.0
29;2021-01-13;1101;2;3547;2;0.4;0.0
29;2021-01-14;894;4;4441;6;0.5;0.0
29;2021-01-15;1221;7;5662;13;0.6;0.0
29;2021-01-16;168;1;5830;14;0.6;0.0
29;2021-01-17;112;1;5942;15;0.7;0.0
29;2021-01-18;839;3;6781;18;0.7;0.0
29;2021-01-19;1313;1;8094;19;0.9;0.0
29;2021-01-20;2396;2;10490;21;1.2;0.0
29;2021-01-21;5656;6;16146;27;1.8;0.0
29;2021-01-22;3772;5;19918;32;2.2;0.0
29;2021-01-23;538;0;20456;32;2.3;0.0
29;2021-01-24;200;1;20656;33;2.3;0.0
29;2021-01-25;575;7;21231;40;2.3;0.0
29;2021-01-26;951;34;22182;74;2.4;0.0
29;2021-01-27;1286;54;23468;128;2.6;0.0
29;2021-01-28;802;137;24270;265;2.7;0.0
29;2021-01-29;780;205;25050;470;2.8;0.1
29;2021-01-30;281;4;25331;474;2.8;0.1
29;2021-01-31;80;5;25411;479;2.8;0.1
29;2021-02-01;429;447;25840;926;2.9;0.1
29;2021-02-02;876;823;26716;1749;2.9;0.2
29;2021-02-03;810;894;27526;2643;3.0;0.3
29;2021-02-04;867;642;28393;3285;3.1;0.4
29;2021-02-05;675;584;29068;3869;3.2;0.4
29;2021-02-06;247;102;29315;3971;3.2;0.4
29;2021-02-07;78;105;29393;4076;3.2;0.4
29;2021-02-08;383;444;29776;4520;3.3;0.5
29;2021-02-09;863;852;30639;5372;3.4;0.6
29;2021-02-10;1150;1018;31789;6390;3.5;0.7
29;2021-02-11;1796;4159;33585;10549;3.7;1.2
29;2021-02-12;2324;2501;35909;13050;4.0;1.4
29;2021-02-13;638;413;36547;13463;4.0;1.5
29;2021-02-14;12;226;36559;13689;4.0;1.5
29;2021-02-15;266;943;36825;14632;4.1;1.6
29;2021-02-16;887;1058;37712;15690;4.2;1.7
29;2021-02-17;801;849;38513;16539;4.2;1.8
29;2021-02-18;1530;844;40043;17383;4.4;1.9
29;2021-02-19;1415;1001;41458;18384;4.6;2.0
29;2021-02-20;204;364;41662;18748;4.6;2.1
29;2021-02-21;162;168;41824;18916;4.6;2.1
29;2021-02-22;773;563;42597;19479;4.7;2.1
29;2021-02-23;1271;902;43868;20381;4.8;2.2
29;2021-02-24;1470;822;45338;21203;5.0;2.3
29;2021-02-25;2509;901;47847;22104;5.3;2.4
29;2021-02-26;2676;712;50523;22816;5.6;2.5
29;2021-02-27;1284;279;51807;23095;5.7;2.5
29;2021-02-28;200;72;52007;23167;5.7;2.6
29;2021-03-01;945;483;52952;23650;5.8;2.6
29;2021-03-02;1817;796;54769;24446;6.0;2.7
29;2021-03-03;2092;1015;56861;25461;6.3;2.8
29;2021-03-04;2844;1555;59705;27016;6.6;3.0
29;2021-03-05;3540;1681;63245;28697;7.0;3.2
29;2021-03-06;2000;439;65245;29136;7.2;3.2
29;2021-03-07;412;83;65657;29219;7.2;3.2
29;2021-03-08;1274;594;66931;29813;7.4;3.3
29;2021-03-09;2605;973;69536;30786;7.7;3.4
29;2021-03-10;2427;871;71963;31657;7.9;3.5
29;2021-03-11;4519;1000;76482;32657;8.4;3.6
29;2021-03-12;5271;968;81753;33625;9.0;3.7
29;2021-03-13;2825;410;84578;34035;9.3;3.8
29;2021-03-14;365;3;84943;34038;9.4;3.8
29;2021-03-15;2050;270;86993;34308;9.6;3.8
29;2021-03-16;1823;742;88816;35050;9.8;3.9
29;2021-03-17;1861;715;90677;35765;10.0;3.9
29;2021-03-18;1865;1039;92542;36804;10.2;4.1
29;2021-03-19;3270;880;95812;37684;10.6;4.2
29;2021-03-20;1914;222;97726;37906;10.8;4.2
29;2021-03-21;132;11;97858;37917;10.8;4.2
29;2021-03-22;1647;556;99505;38473;11.0;4.2
29;2021-03-23;3441;1036;102946;39509;11.4;4.4
29;2021-03-24;3781;1025;106727;40534;11.8;4.5
29;2021-03-25;4818;1071;111545;41605;12.3;4.6
29;2021-03-26;5423;1169;116968;42774;12.9;4.7
29;2021-03-27;2429;332;119397;43106;13.2;4.8
29;2021-03-28;198;50;119595;43156;13.2;4.8
29;2021-03-29;2041;823;121636;43979;13.4;4.9
29;2021-03-30;3977;1331;125613;45310;13.9;5.0
29;2021-03-31;3937;1155;129550;46465;14.3;5.1
29;2021-04-01;5025;1145;134575;47610;14.8;5.3
29;2021-04-02;4765;1167;139340;48777;15.4;5.4
29;2021-04-03;2500;538;141840;49315;15.6;5.4
29;2021-04-04;146;33;141986;49348;15.7;5.4
29;2021-04-05;972;331;142958;49679;15.8;5.5
29;2021-04-06;3198;1237;146156;50916;16.1;5.6
29;2021-04-07;3653;940;149809;51856;16.5;5.7
29;2021-04-08;5287;2056;155096;53912;17.1;5.9
29;2021-04-09;6750;1564;161846;55476;17.9;6.1
29;2021-04-10;3499;706;165345;56182;18.2;6.2
29;2021-04-11;120;80;165465;56262;18.3;6.2
29;2021-04-12;3853;1480;169318;57742;18.7;6.4
29;2021-04-13;5862;1760;175180;59502;19.3;6.6
29;2021-04-14;4762;1743;179942;61245;19.8;6.8
29;2021-04-15;7175;1729;187117;62974;20.6;6.9
29;2021-04-16;6703;1354;193820;64328;21.4;7.1
29;2021-04-17;3828;970;197648;65298;21.8;7.2
29;2021-04-18;489;40;198137;65338;21.9;7.2
29;2021-04-19;3881;1464;202018;66802;22.3;7.4
29;2021-04-20;4397;2134;206415;68936;22.8;7.6
29;2021-04-21;4376;2201;210791;71137;23.3;7.8
29;2021-04-22;6643;2855;217434;73992;24.0;8.2
29;2021-04-23;6049;2198;223483;76190;24.7;8.4
29;2021-04-24;4007;1318;227490;77508;25.1;8.5
29;2021-04-25;433;169;227923;77677;25.1;8.6
29;2021-04-26;5261;1880;233184;79557;25.7;8.8
29;2021-04-27;5335;3194;238519;82751;26.3;9.1
29;2021-04-28;5355;2904;243874;85655;26.9;9.4
29;2021-04-29;6594;3347;250468;89002;27.6;9.8
29;2021-04-30;6268;3909;256736;92911;28.3;10.2
29;2021-05-01;1986;978;258722;93889;28.5;10.4
29;2021-05-02;1249;195;259971;94084;28.7;10.4
29;2021-05-03;4541;2291;264512;96375;29.2;10.6
29;2021-05-04;4111;3741;268623;100116;29.6;11.0
29;2021-05-05;4518;3408;273141;103524;30.1;11.4
29;2021-05-06;6236;3717;279377;107241;30.8;11.8
29;2021-05-07;5984;4620;285361;111861;31.5;12.3
29;2021-05-08;2094;563;287455;112424;31.7;12.4
29;2021-05-09;1727;137;289182;112561;31.9;12.4
29;2021-05-10;4760;3770;293942;116331;32.4;12.8
29;2021-05-11;4711;4998;298653;121329;32.9;13.4
29;2021-05-12;5026;4384;303679;125713;33.5;13.9
29;2021-05-13;3441;1501;307120;127214;33.9;14.0
29;2021-05-14;5649;4006;312769;131220;34.5;14.5
29;2021-05-15;4049;2313;316818;133533;34.9;14.7
29;2021-05-16;1588;294;318406;133827;35.1;14.8
29;2021-05-17;5563;3133;323969;136960;35.7;15.1
29;2021-05-18;5732;3098;329701;140058;36.4;15.4
29;2021-05-19;6212;2972;335913;143030;37.1;15.8
29;2021-05-20;7176;4570;343089;147600;37.8;16.3
29;2021-05-21;7216;3816;350305;151416;38.6;16.7
29;2021-05-22;5342;2128;355647;153544;39.2;16.9
29;2021-05-23;1631;65;357278;153609;39.4;16.9
29;2021-05-24;3485;535;360763;154144;39.8;17.0
29;2021-05-25;5836;3045;366599;157189;40.4;17.3
29;2021-05-26;5894;2996;372493;160185;41.1;17.7
29;2021-05-27;6827;3989;379320;164174;41.8;18.1
29;2021-05-28;6547;4450;385867;168624;42.6;18.6
29;2021-05-29;4382;2808;390249;171432;43.0;18.9
29;2021-05-30;1115;360;391364;171792;43.2;19.0
29;2021-05-31;6384;3459;397748;175251;43.9;19.3
29;2021-06-01;6603;4353;404351;179604;44.6;19.8
29;2021-06-02;6167;4134;410518;183738;45.3;20.3
29;2021-06-03;7696;4528;418214;188266;46.1;20.8
29;2021-06-04;6814;6165;425028;194431;46.9;21.4
29;2021-06-05;5351;3037;430379;197468;47.5;21.8
29;2021-06-06;1285;538;431664;198006;47.6;21.8
29;2021-06-07;4660;5564;436324;203570;48.1;22.5
29;2021-06-08;7175;5211;443499;208781;48.9;23.0
29;2021-06-09;6409;4754;449908;213535;49.6;23.6
29;2021-06-10;7775;5065;457683;218600;50.5;24.1
29;2021-06-11;8478;5874;466161;224474;51.4;24.8
29;2021-06-12;6568;2816;472729;227290;52.1;25.1
29;2021-06-13;2352;1372;475081;228662;52.4;25.2
29;2021-06-14;4035;6322;479116;234984;52.9;25.9
29;2021-06-15;5477;6187;484593;241171;53.5;26.6
29;2021-06-16;5571;5631;490164;246802;54.1;27.2
29;2021-06-17;6367;6310;496531;253112;54.8;27.9
29;2021-06-18;6116;7490;502647;260602;55.4;28.7
29;2021-06-19;4623;3525;507270;264127;56.0;29.1
29;2021-06-20;891;1452;508161;265579;56.1;29.3
29;2021-06-21;3761;6496;511922;272075;56.5;30.0
29;2021-06-22;4489;6427;516411;278502;57.0;30.7
29;2021-06-23;4674;6130;521085;284632;57.5;31.4
29;2021-06-24;4809;6747;525894;291379;58.0;32.1
29;2021-06-25;3599;7533;529493;298912;58.4;33.0
29;2021-06-26;2131;4093;531624;303005;58.6;33.4
29;2021-06-27;968;1632;532592;304637;58.7;33.6
29;2021-06-28;2842;6863;535434;311500;59.1;34.4
29;2021-06-29;2811;7730;538245;319230;59.4;35.2
29;2021-06-30;3047;7510;541292;326740;59.7;36.0
29;2021-07-01;3788;8421;545080;335161;60.1;37.0
29;2021-07-02;3607;9670;548687;344831;60.5;38.0
29;2021-07-03;2328;6055;551015;350886;60.8;38.7
29;2021-07-04;816;1771;551831;352657;60.9;38.9
29;2021-07-05;1915;7160;553746;359817;61.1;39.7
29;2021-07-06;1540;8010;555286;367827;61.3;40.6
29;2021-07-07;1708;7042;556994;374869;61.4;41.4
29;2021-07-08;2453;8208;559447;383077;61.7;42.3
29;2021-07-09;2631;9072;562078;392149;62.0;43.3
29;2021-07-10;1919;6106;563997;398255;62.2;43.9
29;2021-07-11;449;1064;564446;399319;62.3;44.0
29;2021-07-12;1983;8378;566429;407697;62.5;45.0
29;2021-07-13;2754;8665;569183;416362;62.8;45.9
29;2021-07-14;2086;3370;571269;419732;63.0;46.3
29;2021-07-15;3858;9732;575127;429464;63.4;47.4
29;2021-07-16;4617;9198;579744;438662;64.0;48.4
29;2021-07-17;3222;6117;582966;444779;64.3;49.1
29;2021-07-18;668;1078;583634;445857;64.4;49.2
29;2021-07-19;3156;7547;586790;453404;64.7;50.0
29;2021-07-20;3552;9436;590342;462840;65.1;51.1
29;2021-07-21;3655;7727;593997;470567;65.5;51.9
29;2021-07-22;3413;8539;597410;479106;65.9;52.8
29;2021-07-23;4061;10708;601471;489814;66.3;54.0
29;2021-07-24;2534;5959;604005;495773;66.6;54.7
29;2021-07-25;655;2361;604660;498134;66.7;54.9
29;2021-07-26;3388;7277;608048;505411;67.1;55.8
29;2021-07-27;3716;7113;611764;512524;67.5;56.5
29;2021-07-28;4201;6035;615965;518559;67.9;57.2
29;2021-07-29;5686;6362;621651;524921;68.6;57.9
29;2021-07-30;5455;6537;627106;531458;69.2;58.6
29;2021-07-31;2933;4933;630039;536391;69.5;59.2
29;2021-08-01;654;922;630693;537313;69.6;59.3
29;2021-08-02;4289;5221;634982;542534;70.0;59.8
29;2021-08-03;5481;4407;640463;546941;70.6;60.3
29;2021-08-04;5731;3607;646194;550548;71.3;60.7
29;2021-08-05;6634;4114;652828;554662;72.0;61.2
29;2021-08-06;6180;4335;659008;558997;72.7;61.7
29;2021-08-07;4281;2954;663289;561951;73.2;62.0
29;2021-08-08;842;753;664131;562704;73.3;62.1
29;2021-08-09;3075;4742;667206;567446;73.6;62.6
29;2021-08-10;4465;3868;671671;571314;74.1;63.0
29;2021-08-11;3948;3184;675619;574498;74.5;63.4
29;2021-08-12;4625;4496;680244;578994;75.0;63.9
29;2021-08-13;4142;3721;684386;582715;75.5;64.3
29;2021-08-14;2955;2840;687341;585555;75.8;64.6
29;2021-08-15;337;403;687678;585958;75.9;64.6
29;2021-08-16;3275;4381;690953;590339;76.2;65.1
29;2021-08-17;4394;3416;695347;593755;76.7;65.5
29;2021-08-18;3664;3617;699011;597372;77.1;65.9
29;2021-08-19;3899;4716;702910;602088;77.5;66.4
29;2021-08-20;3498;4601;706408;606689;77.9;66.9
29;2021-08-21;2265;3165;708673;609854;78.2;67.3
29;2021-08-22;214;416;708887;610270;78.2;67.3
29;2021-08-23;2495;4625;711382;614895;78.5;67.8
29;2021-08-24;2436;4949;713818;619844;78.7;68.4
29;2021-08-25;2150;4227;715968;624071;79.0;68.8
29;2021-08-26;2334;5337;718302;629408;79.2;69.4
29;2021-08-27;2040;5914;720342;635322;79.5;70.1
29;2021-08-28;1464;3996;721806;639318;79.6;70.5
29;2021-08-29;446;1318;722252;640636;79.7;70.7
29;2021-08-30;1449;4229;723701;644865;79.8;71.1
2A;2020-12-27;0;0;0;0;0.0;0.0
2A;2020-12-28;0;0;0;0;0.0;0.0
2A;2020-12-29;0;0;0;0;0.0;0.0
2A;2020-12-30;0;0;0;0;0.0;0.0
2A;2020-12-31;0;0;0;0;0.0;0.0
2A;2021-01-01;0;0;0;0;0.0;0.0
2A;2021-01-02;1;0;1;0;0.0;0.0
2A;2021-01-03;0;0;1;0;0.0;0.0
2A;2021-01-04;0;0;1;0;0.0;0.0
2A;2021-01-05;0;0;1;0;0.0;0.0
2A;2021-01-06;6;0;7;0;0.0;0.0
2A;2021-01-07;122;1;129;1;0.1;0.0
2A;2021-01-08;113;0;242;1;0.1;0.0
2A;2021-01-09;39;0;281;1;0.2;0.0
2A;2021-01-10;33;0;314;1;0.2;0.0
2A;2021-01-11;76;0;390;1;0.2;0.0
2A;2021-01-12;85;0;475;1;0.3;0.0
2A;2021-01-13;111;0;586;1;0.4;0.0
2A;2021-01-14;191;1;777;2;0.5;0.0
2A;2021-01-15;149;0;926;2;0.6;0.0
2A;2021-01-16;160;1;1086;3;0.7;0.0
2A;2021-01-17;85;1;1171;4;0.7;0.0
2A;2021-01-18;201;2;1372;6;0.8;0.0
2A;2021-01-19;487;0;1859;6;1.1;0.0
2A;2021-01-20;356;0;2215;6;1.4;0.0
2A;2021-01-21;453;1;2668;7;1.6;0.0
2A;2021-01-22;367;0;3035;7;1.9;0.0
2A;2021-01-23;183;0;3218;7;2.0;0.0
2A;2021-01-24;118;1;3336;8;2.1;0.0
2A;2021-01-25;214;0;3550;8;2.2;0.0
2A;2021-01-26;402;7;3952;15;2.4;0.0
2A;2021-01-27;324;5;4276;20;2.6;0.0
2A;2021-01-28;335;79;4611;99;2.8;0.1
2A;2021-01-29;341;62;4952;161;3.0;0.1
2A;2021-01-30;127;38;5079;199;3.1;0.1
2A;2021-01-31;92;12;5171;211;3.2;0.1
2A;2021-02-01;230;49;5401;260;3.3;0.2
2A;2021-02-02;288;117;5689;377;3.5;0.2
2A;2021-02-03;265;75;5954;452;3.7;0.3
2A;2021-02-04;256;121;6210;573;3.8;0.4
2A;2021-02-05;267;105;6477;678;4.0;0.4
2A;2021-02-06;121;59;6598;737;4.1;0.5
2A;2021-02-07;68;54;6666;791;4.1;0.5
2A;2021-02-08;91;209;6757;1000;4.2;0.6
2A;2021-02-09;128;302;6885;1302;4.2;0.8
2A;2021-02-10;161;235;7046;1537;4.3;0.9
2A;2021-02-11;296;362;7342;1899;4.5;1.2
2A;2021-02-12;345;300;7687;2199;4.7;1.4
2A;2021-02-13;225;59;7912;2258;4.9;1.4
2A;2021-02-14;133;77;8045;2335;5.0;1.4
2A;2021-02-15;198;180;8243;2515;5.1;1.5
2A;2021-02-16;384;318;8627;2833;5.3;1.7
2A;2021-02-17;287;166;8914;2999;5.5;1.8
2A;2021-02-18;340;196;9254;3195;5.7;2.0
2A;2021-02-19;145;298;9399;3493;5.8;2.2
2A;2021-02-20;243;137;9642;3630;5.9;2.2
2A;2021-02-21;58;54;9700;3684;6.0;2.3
2A;2021-02-22;77;215;9777;3899;6.0;2.4
2A;2021-02-23;122;287;9899;4186;6.1;2.6
2A;2021-02-24;82;296;9981;4482;6.1;2.8
2A;2021-02-25;105;262;10086;4744;6.2;2.9
2A;2021-02-26;123;272;10209;5016;6.3;3.1
2A;2021-02-27;308;69;10517;5085;6.5;3.1
2A;2021-02-28;69;66;10586;5151;6.5;3.2
2A;2021-03-01;116;152;10702;5303;6.6;3.3
2A;2021-03-02;198;264;10900;5567;6.7;3.4
2A;2021-03-03;244;256;11144;5823;6.9;3.6
2A;2021-03-04;508;227;11652;6050;7.2;3.7
2A;2021-03-05;972;289;12624;6339;7.8;3.9
2A;2021-03-06;1166;75;13790;6414;8.5;3.9
2A;2021-03-07;1020;47;14810;6461;9.1;4.0
2A;2021-03-08;932;88;15742;6549;9.7;4.0
2A;2021-03-09;937;151;16679;6700;10.3;4.1
2A;2021-03-10;630;139;17309;6839;10.7;4.2
2A;2021-03-11;723;281;18032;7120;11.1;4.4
2A;2021-03-12;561;318;18593;7438;11.4;4.6
2A;2021-03-13;613;198;19206;7636;11.8;4.7
2A;2021-03-14;312;126;19518;7762;12.0;4.8
2A;2021-03-15;377;203;19895;7965;12.2;4.9
2A;2021-03-16;498;370;20393;8335;12.6;5.1
2A;2021-03-17;699;275;21092;8610;13.0;5.3
2A;2021-03-18;447;305;21539;8915;13.3;5.5
2A;2021-03-19;488;158;22027;9073;13.6;5.6
2A;2021-03-20;1079;261;23106;9334;14.2;5.7
2A;2021-03-21;695;54;23801;9388;14.7;5.8
2A;2021-03-22;347;67;24148;9455;14.9;5.8
2A;2021-03-23;518;59;24666;9514;15.2;5.9
2A;2021-03-24;864;91;25530;9605;15.7;5.9
2A;2021-03-25;930;143;26460;9748;16.3;6.0
2A;2021-03-26;1081;164;27541;9912;17.0;6.1
2A;2021-03-27;1189;201;28730;10113;17.7;6.2
2A;2021-03-28;241;97;28971;10210;17.8;6.3
2A;2021-03-29;283;138;29254;10348;18.0;6.4
2A;2021-03-30;383;237;29637;10585;18.2;6.5
2A;2021-03-31;446;226;30083;10811;18.5;6.7
2A;2021-04-01;638;453;30721;11264;18.9;6.9
2A;2021-04-02;904;785;31625;12049;19.5;7.4
2A;2021-04-03;646;983;32271;13032;19.9;8.0
2A;2021-04-04;579;784;32850;13816;20.2;8.5
2A;2021-04-05;525;699;33375;14515;20.5;8.9
2A;2021-04-06;549;558;33924;15073;20.9;9.3
2A;2021-04-07;789;427;34713;15500;21.4;9.5
2A;2021-04-08;1049;358;35762;15858;22.0;9.8
2A;2021-04-09;935;396;36697;16254;22.6;10.0
2A;2021-04-10;1059;382;37756;16636;23.2;10.2
2A;2021-04-11;362;256;38118;16892;23.5;10.4
2A;2021-04-12;669;342;38787;17234;23.9;10.6
2A;2021-04-13;329;380;39116;17614;24.1;10.8
2A;2021-04-14;1047;589;40163;18203;24.7;11.2
2A;2021-04-15;1044;523;41207;18726;25.4;11.5
2A;2021-04-16;872;393;42079;19119;25.9;11.8
2A;2021-04-17;1369;938;43448;20057;26.8;12.3
2A;2021-04-18;982;948;44430;21005;27.4;12.9
2A;2021-04-19;270;343;44700;21348;27.5;13.1
2A;2021-04-20;354;344;45054;21692;27.7;13.4
2A;2021-04-21;729;734;45783;22426;28.2;13.8
2A;2021-04-22;896;648;46679;23074;28.7;14.2
2A;2021-04-23;986;776;47665;23850;29.3;14.7
2A;2021-04-24;1750;984;49415;24834;30.4;15.3
2A;2021-04-25;975;305;50390;25139;31.0;15.5
2A;2021-04-26;308;226;50698;25365;31.2;15.6
2A;2021-04-27;344;348;51042;25713;31.4;15.8
2A;2021-04-28;1675;424;52717;26137;32.5;16.1
2A;2021-04-29;1054;359;53771;26496;33.1;16.3
2A;2021-04-30;1131;1061;54902;27557;33.8;17.0
2A;2021-05-01;971;575;55873;28132;34.4;17.3
2A;2021-05-02;675;707;56548;28839;34.8;17.8
2A;2021-05-03;583;576;57131;29415;35.2;18.1
2A;2021-05-04;752;535;57883;29950;35.6;18.4
2A;2021-05-05;1009;984;58892;30934;36.3;19.0
2A;2021-05-06;905;912;59797;31846;36.8;19.6
2A;2021-05-07;1156;837;60953;32683;37.5;20.1
2A;2021-05-08;422;500;61375;33183;37.8;20.4
2A;2021-05-09;783;638;62158;33821;38.3;20.8
2A;2021-05-10;454;741;62612;34562;38.5;21.3
2A;2021-05-11;652;415;63264;34977;39.0;21.5
2A;2021-05-12;922;488;64186;35465;39.5;21.8
2A;2021-05-13;920;139;65106;35604;40.1;21.9
2A;2021-05-14;797;679;65903;36283;40.6;22.3
2A;2021-05-15;780;649;66683;36932;41.1;22.7
2A;2021-05-16;738;500;67421;37432;41.5;23.0
2A;2021-05-17;583;562;68004;37994;41.9;23.4
2A;2021-05-18;614;476;68618;38470;42.2;23.7
2A;2021-05-19;787;481;69405;38951;42.7;24.0
2A;2021-05-20;692;540;70097;39491;43.2;24.3
2A;2021-05-21;535;483;70632;39974;43.5;24.6
2A;2021-05-22;441;310;71073;40284;43.8;24.8
2A;2021-05-23;533;284;71606;40568;44.1;25.0
2A;2021-05-24;125;33;71731;40601;44.2;25.0
2A;2021-05-25;416;504;72147;41105;44.4;25.3
2A;2021-05-26;426;1166;72573;42271;44.7;26.0
2A;2021-05-27;435;1111;73008;43382;44.9;26.7
2A;2021-05-28;298;916;73306;44298;45.1;27.3
2A;2021-05-29;334;900;73640;45198;45.3;27.8
2A;2021-05-30;182;507;73822;45705;45.5;28.1
2A;2021-05-31;191;414;74013;46119;45.6;28.4
2A;2021-06-01;342;729;74355;46848;45.8;28.8
2A;2021-06-02;285;940;74640;47788;46.0;29.4
2A;2021-06-03;306;852;74946;48640;46.1;29.9
2A;2021-06-04;271;1092;75217;49732;46.3;30.6
2A;2021-06-05;319;1442;75536;51174;46.5;31.5
2A;2021-06-06;173;908;75709;52082;46.6;32.1
2A;2021-06-07;170;661;75879;52743;46.7;32.5
2A;2021-06-08;323;707;76202;53450;46.9;32.9
2A;2021-06-09;297;1316;76499;54766;47.1;33.7
2A;2021-06-10;329;857;76828;55623;47.3;34.2
2A;2021-06-11;277;1021;77105;56644;47.5;34.9
2A;2021-06-12;232;665;77337;57309;47.6;35.3
2A;2021-06-13;189;797;77526;58106;47.7;35.8
2A;2021-06-14;251;922;77777;59028;47.9;36.3
2A;2021-06-15;217;507;77994;59535;48.0;36.7
2A;2021-06-16;212;776;78206;60311;48.2;37.1
2A;2021-06-17;235;591;78441;60902;48.3;37.5
2A;2021-06-18;246;914;78687;61816;48.4;38.1
2A;2021-06-19;208;690;78895;62506;48.6;38.5
2A;2021-06-20;150;692;79045;63198;48.7;38.9
2A;2021-06-21;181;791;79226;63989;48.8;39.4
2A;2021-06-22;235;842;79461;64831;48.9;39.9
2A;2021-06-23;217;569;79678;65400;49.1;40.3
2A;2021-06-24;149;369;79827;65769;49.1;40.5
2A;2021-06-25;167;472;79994;66241;49.3;40.8
2A;2021-06-26;203;873;80197;67114;49.4;41.3
2A;2021-06-27;174;794;80371;67908;49.5;41.8
2A;2021-06-28;194;704;80565;68612;49.6;42.2
2A;2021-06-29;215;689;80780;69301;49.7;42.7
2A;2021-06-30;242;493;81022;69794;49.9;43.0
2A;2021-07-01;212;486;81234;70280;50.0;43.3
2A;2021-07-02;294;370;81528;70650;50.2;43.5
2A;2021-07-03;211;617;81739;71267;50.3;43.9
2A;2021-07-04;178;664;81917;71931;50.4;44.3
2A;2021-07-05;163;235;82080;72166;50.5;44.4
2A;2021-07-06;250;391;82330;72557;50.7;44.7
2A;2021-07-07;432;610;82762;73167;51.0;45.0
2A;2021-07-08;593;707;83355;73874;51.3;45.5
2A;2021-07-09;381;421;83736;74295;51.6;45.7
2A;2021-07-10;281;346;84017;74641;51.7;46.0
2A;2021-07-11;91;162;84108;74803;51.8;46.1
2A;2021-07-12;315;349;84423;75152;52.0;46.3
2A;2021-07-13;1178;534;85601;75686;52.7;46.6
2A;2021-07-14;1624;341;87225;76027;53.7;46.8
2A;2021-07-15;1436;836;88661;76863;54.6;47.3
2A;2021-07-16;1167;468;89828;77331;55.3;47.6
2A;2021-07-17;1096;344;90924;77675;56.0;47.8
2A;2021-07-18;635;135;91559;77810;56.4;47.9
2A;2021-07-19;918;431;92477;78241;56.9;48.2
2A;2021-07-20;1284;475;93761;78716;57.7;48.5
2A;2021-07-21;1428;726;95189;79442;58.6;48.9
2A;2021-07-22;1399;767;96588;80209;59.5;49.4
2A;2021-07-23;1438;465;98026;80674;60.4;49.7
2A;2021-07-24;895;289;98921;80963;60.9;49.8
2A;2021-07-25;449;79;99370;81042;61.2;49.9
2A;2021-07-26;1199;506;100569;81548;61.9;50.2
2A;2021-07-27;1299;519;101868;82067;62.7;50.5
2A;2021-07-28;1200;591;103068;82658;63.5;50.9
2A;2021-07-29;1227;654;104295;83312;64.2;51.3
2A;2021-07-30;957;608;105252;83920;64.8;51.7
2A;2021-07-31;540;339;105792;84259;65.1;51.9
2A;2021-08-01;564;122;106356;84381;65.5;52.0
2A;2021-08-02;450;495;106806;84876;65.8;52.3
2A;2021-08-03;810;881;107616;85757;66.3;52.8
2A;2021-08-04;724;1161;108340;86918;66.7;53.5
2A;2021-08-05;909;1347;109249;88265;67.3;54.3
2A;2021-08-06;386;814;109635;89079;67.5;54.8
2A;2021-08-07;351;888;109986;89967;67.7;55.4
2A;2021-08-08;78;185;110064;90152;67.8;55.5
2A;2021-08-09;654;1142;110718;91294;68.2;56.2
2A;2021-08-10;635;1207;111353;92501;68.6;57.0
2A;2021-08-11;588;1058;111941;93559;68.9;57.6
2A;2021-08-12;733;1483;112674;95042;69.4;58.5
2A;2021-08-13;470;1065;113144;96107;69.7;59.2
2A;2021-08-14;407;765;113551;96872;69.9;59.6
2A;2021-08-15;21;26;113572;96898;69.9;59.7
2A;2021-08-16;479;1292;114051;98190;70.2;60.5
2A;2021-08-17;930;1557;114981;99747;70.8;61.4
2A;2021-08-18;523;1124;115504;100871;71.1;62.1
2A;2021-08-19;426;1008;115930;101879;71.4;62.7
2A;2021-08-20;325;574;116255;102453;71.6;63.1
2A;2021-08-21;228;536;116483;102989;71.7;63.4
2A;2021-08-22;193;618;116676;103607;71.8;63.8
2A;2021-08-23;323;745;116999;104352;72.0;64.2
2A;2021-08-24;322;856;117321;105208;72.2;64.8
2A;2021-08-25;390;876;117711;106084;72.5;65.3
2A;2021-08-26;334;765;118045;106849;72.7;65.8
2A;2021-08-27;240;711;118285;107560;72.8;66.2
2A;2021-08-28;253;351;118538;107911;73.0;66.4
2A;2021-08-29;94;115;118632;108026;73.0;66.5
2A;2021-08-30;226;636;118858;108662;73.2;66.9
2B;2020-12-27;0;0;0;0;0.0;0.0
2B;2020-12-28;0;0;0;0;0.0;0.0
2B;2020-12-29;0;0;0;0;0.0;0.0
2B;2020-12-30;0;0;0;0;0.0;0.0
2B;2020-12-31;0;0;0;0;0.0;0.0
2B;2021-01-01;0;0;0;0;0.0;0.0
2B;2021-01-02;0;0;0;0;0.0;0.0
2B;2021-01-03;0;0;0;0;0.0;0.0
2B;2021-01-04;2;0;2;0;0.0;0.0
2B;2021-01-05;0;0;2;0;0.0;0.0
2B;2021-01-06;48;1;50;1;0.0;0.0
2B;2021-01-07;210;0;260;1;0.1;0.0
2B;2021-01-08;196;2;456;3;0.3;0.0
2B;2021-01-09;39;0;495;3;0.3;0.0
2B;2021-01-10;1;0;496;3;0.3;0.0
2B;2021-01-11;75;0;571;3;0.3;0.0
2B;2021-01-12;128;1;699;4;0.4;0.0
2B;2021-01-13;93;0;792;4;0.4;0.0
2B;2021-01-14;72;0;864;4;0.5;0.0
2B;2021-01-15;259;0;1123;4;0.6;0.0
2B;2021-01-16;43;0;1166;4;0.6;0.0
2B;2021-01-17;8;0;1174;4;0.6;0.0
2B;2021-01-18;271;0;1445;4;0.8;0.0
2B;2021-01-19;501;0;1946;4;1.1;0.0
2B;2021-01-20;463;2;2409;6;1.3;0.0
2B;2021-01-21;358;0;2767;6;1.5;0.0
2B;2021-01-22;375;0;3142;6;1.7;0.0
2B;2021-01-23;61;0;3203;6;1.8;0.0
2B;2021-01-24;29;0;3232;6;1.8;0.0
2B;2021-01-25;210;2;3442;8;1.9;0.0
2B;2021-01-26;391;1;3833;9;2.1;0.0
2B;2021-01-27;342;48;4175;57;2.3;0.0
2B;2021-01-28;365;146;4540;203;2.5;0.1
2B;2021-01-29;293;162;4833;365;2.7;0.2
2B;2021-01-30;80;33;4913;398;2.7;0.2
2B;2021-01-31;60;0;4973;398;2.7;0.2
2B;2021-02-01;231;93;5204;491;2.9;0.3
2B;2021-02-02;357;77;5561;568;3.1;0.3
2B;2021-02-03;520;91;6081;659;3.3;0.4
2B;2021-02-04;458;173;6539;832;3.6;0.5
2B;2021-02-05;393;94;6932;926;3.8;0.5
2B;2021-02-06;87;14;7019;940;3.9;0.5
2B;2021-02-07;60;0;7079;940;3.9;0.5
2B;2021-02-08;230;154;7309;1094;4.0;0.6
2B;2021-02-09;586;313;7895;1407;4.3;0.8
2B;2021-02-10;485;194;8380;1601;4.6;0.9
2B;2021-02-11;382;128;8762;1729;4.8;0.9
2B;2021-02-12;298;124;9060;1853;5.0;1.0
2B;2021-02-13;77;13;9137;1866;5.0;1.0
2B;2021-02-14;62;1;9199;1867;5.0;1.0
2B;2021-02-15;190;127;9389;1994;5.2;1.1
2B;2021-02-16;252;284;9641;2278;5.3;1.2
2B;2021-02-17;312;316;9953;2594;5.5;1.4
2B;2021-02-18;215;347;10168;2941;5.6;1.6
2B;2021-02-19;163;307;10331;3248;5.7;1.8
2B;2021-02-20;32;62;10363;3310;5.7;1.8
2B;2021-02-21;28;29;10391;3339;5.7;1.8
2B;2021-02-22;133;189;10524;3528;5.8;1.9
2B;2021-02-23;231;356;10755;3884;5.9;2.1
2B;2021-02-24;229;310;10984;4194;6.0;2.3
2B;2021-02-25;245;340;11229;4534;6.2;2.5
2B;2021-02-26;299;279;11528;4813;6.3;2.6
2B;2021-02-27;60;84;11588;4897;6.4;2.7
2B;2021-02-28;1;57;11589;4954;6.4;2.7
2B;2021-03-01;246;261;11835;5215;6.5;2.9
2B;2021-03-02;352;389;12187;5604;6.7;3.1
2B;2021-03-03;299;435;12486;6039;6.9;3.3
2B;2021-03-04;447;409;12933;6448;7.1;3.5
2B;2021-03-05;619;384;13552;6832;7.4;3.7
2B;2021-03-06;682;100;14234;6932;7.8;3.8
2B;2021-03-07;361;59;14595;6991;8.0;3.8
2B;2021-03-08;301;240;14896;7231;8.2;4.0
2B;2021-03-09;383;504;15279;7735;8.4;4.2
2B;2021-03-10;631;446;15910;8181;8.7;4.5
2B;2021-03-11;584;354;16494;8535;9.0;4.7
2B;2021-03-12;966;227;17460;8762;9.6;4.8
2B;2021-03-13;511;110;17971;8872;9.9;4.9
2B;2021-03-14;226;62;18197;8934;10.0;4.9
2B;2021-03-15;515;201;18712;9135;10.3;5.0
2B;2021-03-16;570;278;19282;9413;10.6;5.2
2B;2021-03-17;529;262;19811;9675;10.9;5.3
2B;2021-03-18;551;230;20362;9905;11.2;5.4
2B;2021-03-19;804;195;21166;10100;11.6;5.5
2B;2021-03-20;656;37;21822;10137;12.0;5.6
2B;2021-03-21;428;36;22250;10173;12.2;5.6
2B;2021-03-22;546;125;22796;10298;12.5;5.7
2B;2021-03-23;789;259;23585;10557;12.9;5.8
2B;2021-03-24;831;215;24416;10772;13.4;5.9
2B;2021-03-25;824;164;25240;10936;13.8;6.0
2B;2021-03-26;958;192;26198;11128;14.4;6.1
2B;2021-03-27;1090;37;27288;11165;15.0;6.1
2B;2021-03-28;830;124;28118;11289;15.4;6.2
2B;2021-03-29;745;180;28863;11469;15.8;6.3
2B;2021-03-30;972;331;29835;11800;16.4;6.5
2B;2021-03-31;981;266;30816;12066;16.9;6.6
2B;2021-04-01;1003;229;31819;12295;17.5;6.7
2B;2021-04-02;966;414;32785;12709;18.0;7.0
2B;2021-04-03;1247;153;34032;12862;18.7;7.1
2B;2021-04-04;197;61;34229;12923;18.8;7.1
2B;2021-04-05;109;113;34338;13036;18.8;7.2
2B;2021-04-06;1033;362;35371;13398;19.4;7.4
2B;2021-04-07;1230;428;36601;13826;20.1;7.6
2B;2021-04-08;1128;408;37729;14234;20.7;7.8
2B;2021-04-09;1168;568;38897;14802;21.3;8.1
2B;2021-04-10;1353;267;40250;15069;22.1;8.3
2B;2021-04-11;815;65;41065;15134;22.5;8.3
2B;2021-04-12;853;559;41918;15693;23.0;8.6
2B;2021-04-13;1063;631;42981;16324;23.6;9.0
2B;2021-04-14;1046;494;44027;16818;24.2;9.2
2B;2021-04-15;886;519;44913;17337;24.6;9.5
2B;2021-04-16;910;649;45823;17986;25.1;9.9
2B;2021-04-17;386;447;46209;18433;25.4;10.1
2B;2021-04-18;253;342;46462;18775;25.5;10.3
2B;2021-04-19;822;437;47284;19212;25.9;10.5
2B;2021-04-20;898;846;48182;20058;26.4;11.0
2B;2021-04-21;1056;609;49238;20667;27.0;11.3
2B;2021-04-22;938;731;50176;21398;27.5;11.7
2B;2021-04-23;661;629;50837;22027;27.9;12.1
2B;2021-04-24;287;772;51124;22799;28.1;12.5
2B;2021-04-25;285;477;51409;23276;28.2;12.8
2B;2021-04-26;708;920;52117;24196;28.6;13.3
2B;2021-04-27;965;875;53082;25071;29.1;13.8
2B;2021-04-28;918;862;54000;25933;29.6;14.2
2B;2021-04-29;924;868;54924;26801;30.1;14.7
2B;2021-04-30;1133;832;56057;27633;30.8;15.2
2B;2021-05-01;460;1115;56517;28748;31.0;15.8
2B;2021-05-02;335;245;56852;28993;31.2;15.9
2B;2021-05-03;1017;495;57869;29488;31.8;16.2
2B;2021-05-04;811;1153;58680;30641;32.2;16.8
2B;2021-05-05;801;1376;59481;32017;32.6;17.6
2B;2021-05-06;1287;905;60768;32922;33.3;18.1
2B;2021-05-07;1062;988;61830;33910;33.9;18.6
2B;2021-05-08;459;855;62289;34765;34.2;19.1
2B;2021-05-09;394;684;62683;35449;34.4;19.4
2B;2021-05-10;926;802;63609;36251;34.9;19.9
2B;2021-05-11;933;1162;64542;37413;35.4;20.5
2B;2021-05-12;861;893;65403;38306;35.9;21.0
2B;2021-05-13;1028;377;66431;38683;36.4;21.2
2B;2021-05-14;718;579;67149;39262;36.8;21.5
2B;2021-05-15;702;353;67851;39615;37.2;21.7
2B;2021-05-16;300;180;68151;39795;37.4;21.8
2B;2021-05-17;1003;405;69154;40200;37.9;22.1
2B;2021-05-18;991;383;70145;40583;38.5;22.3
2B;2021-05-19;771;417;70916;41000;38.9;22.5
2B;2021-05-20;672;359;71588;41359;39.3;22.7
2B;2021-05-21;706;502;72294;41861;39.7;23.0
2B;2021-05-22;574;392;72868;42253;40.0;23.2
2B;2021-05-23;170;46;73038;42299;40.1;23.2
2B;2021-05-24;40;115;73078;42414;40.1;23.3
2B;2021-05-25;549;353;73627;42767;40.4;23.5
2B;2021-05-26;544;787;74171;43554;40.7;23.9
2B;2021-05-27;407;1131;74578;44685;40.9;24.5
2B;2021-05-28;553;906;75131;45591;41.2;25.0
2B;2021-05-29;312;353;75443;45944;41.4;25.2
2B;2021-05-30;46;45;75489;45989;41.4;25.2
2B;2021-05-31;376;832;75865;46821;41.6;25.7
2B;2021-06-01;414;1038;76279;47859;41.9;26.3
2B;2021-06-02;364;990;76643;48849;42.1;26.8
2B;2021-06-03;499;808;77142;49657;42.3;27.2
2B;2021-06-04;344;1255;77486;50912;42.5;27.9
2B;2021-06-05;257;494;77743;51406;42.7;28.2
2B;2021-06-06;51;129;77794;51535;42.7;28.3
2B;2021-06-07;283;948;78077;52483;42.8;28.8
2B;2021-06-08;399;1170;78476;53653;43.1;29.4
2B;2021-06-09;518;1177;78994;54830;43.3;30.1
2B;2021-06-10;367;939;79361;55769;43.5;30.6
2B;2021-06-11;432;1275;79793;57044;43.8;31.3
2B;2021-06-12;151;545;79944;57589;43.9;31.6
2B;2021-06-13;27;59;79971;57648;43.9;31.6
2B;2021-06-14;195;1115;80166;58763;44.0;32.2
2B;2021-06-15;345;1219;80511;59982;44.2;32.9
2B;2021-06-16;382;937;80893;60919;44.4;33.4
2B;2021-06-17;402;1046;81295;61965;44.6;34.0
2B;2021-06-18;348;960;81643;62925;44.8;34.5
2B;2021-06-19;142;328;81785;63253;44.9;34.7
2B;2021-06-20;44;194;81829;63447;44.9;34.8
2B;2021-06-21;265;962;82094;64409;45.0;35.3
2B;2021-06-22;316;1115;82410;65524;45.2;36.0
2B;2021-06-23;208;872;82618;66396;45.3;36.4
2B;2021-06-24;337;757;82955;67153;45.5;36.8
2B;2021-06-25;212;1076;83167;68229;45.6;37.4
2B;2021-06-26;105;550;83272;68779;45.7;37.7
2B;2021-06-27;32;215;83304;68994;45.7;37.9
2B;2021-06-28;329;954;83633;69948;45.9;38.4
2B;2021-06-29;270;988;83903;70936;46.0;38.9
2B;2021-06-30;380;950;84283;71886;46.2;39.4
2B;2021-07-01;226;509;84509;72395;46.4;39.7
2B;2021-07-02;219;557;84728;72952;46.5;40.0
2B;2021-07-03;91;397;84819;73349;46.5;40.2
2B;2021-07-04;2;0;84821;73349;46.5;40.2
2B;2021-07-05;264;666;85085;74015;46.7;40.6
2B;2021-07-06;450;707;85535;74722;46.9;41.0
2B;2021-07-07;376;908;85911;75630;47.1;41.5
2B;2021-07-08;183;348;86094;75978;47.2;41.7
2B;2021-07-09;249;374;86343;76352;47.4;41.9
2B;2021-07-10;197;199;86540;76551;47.5;42.0
2B;2021-07-11;13;14;86553;76565;47.5;42.0
2B;2021-07-12;495;747;87048;77312;47.8;42.4
2B;2021-07-13;822;1017;87870;78329;48.2;43.0
2B;2021-07-14;344;100;88214;78429;48.4;43.0
2B;2021-07-15;1269;584;89483;79013;49.1;43.4
2B;2021-07-16;1120;564;90603;79577;49.7;43.7
2B;2021-07-17;711;318;91314;79895;50.1;43.8
2B;2021-07-18;179;47;91493;79942;50.2;43.9
2B;2021-07-19;857;710;92350;80652;50.7;44.3
2B;2021-07-20;1210;683;93560;81335;51.3;44.6
2B;2021-07-21;1395;726;94955;82061;52.1;45.0
2B;2021-07-22;1327;604;96282;82665;52.8;45.4
2B;2021-07-23;1323;499;97605;83164;53.6;45.6
2B;2021-07-24;535;316;98140;83480;53.8;45.8
2B;2021-07-25;203;71;98343;83551;54.0;45.8
2B;2021-07-26;912;631;99255;84182;54.5;46.2
2B;2021-07-27;1575;711;100830;84893;55.3;46.6
2B;2021-07-28;1174;632;102004;85525;56.0;46.9
2B;2021-07-29;1141;449;103145;85974;56.6;47.2
2B;2021-07-30;766;346;103911;86320;57.0;47.4
2B;2021-07-31;536;232;104447;86552;57.3;47.5
2B;2021-08-01;230;57;104677;86609;57.4;47.5
2B;2021-08-02;801;468;105478;87077;57.9;47.8
2B;2021-08-03;1126;782;106604;87859;58.5;48.2
2B;2021-08-04;809;451;107413;88310;58.9;48.5
2B;2021-08-05;1014;555;108427;88865;59.5;48.8
2B;2021-08-06;698;523;109125;89388;59.9;49.0
2B;2021-08-07;304;406;109429;89794;60.0;49.3
2B;2021-08-08;93;142;109522;89936;60.1;49.3
2B;2021-08-09;534;745;110056;90681;60.4;49.8
2B;2021-08-10;736;1133;110792;91814;60.8;50.4
2B;2021-08-11;747;896;111539;92710;61.2;50.9
2B;2021-08-12;687;1047;112226;93757;61.6;51.4
2B;2021-08-13;486;948;112712;94705;61.8;52.0
2B;2021-08-14;196;439;112908;95144;61.9;52.2
2B;2021-08-15;116;173;113024;95317;62.0;52.3
2B;2021-08-16;508;1064;113532;96381;62.3;52.9
2B;2021-08-17;581;1305;114113;97686;62.6;53.6
2B;2021-08-18;510;1195;114623;98881;62.9;54.3
2B;2021-08-19;420;897;115043;99778;63.1;54.7
2B;2021-08-20;362;808;115405;100586;63.3;55.2
2B;2021-08-21;158;475;115563;101061;63.4;55.4
2B;2021-08-22;78;208;115641;101269;63.4;55.6
2B;2021-08-23;371;943;116012;102212;63.7;56.1
2B;2021-08-24;493;1211;116505;103423;63.9;56.7
2B;2021-08-25;340;965;116845;104388;64.1;57.3
2B;2021-08-26;395;815;117240;105203;64.3;57.7
2B;2021-08-27;254;571;117494;105774;64.5;58.0
2B;2021-08-28;161;432;117655;106206;64.6;58.3
2B;2021-08-29;50;126;117705;106332;64.6;58.3
2B;2021-08-30;362;850;118067;107182;64.8;58.8
30;2020-12-27;1;0;1;0;0.0;0.0
30;2020-12-28;1;0;2;0;0.0;0.0
30;2020-12-29;0;0;2;0;0.0;0.0
30;2020-12-30;0;0;2;0;0.0;0.0
30;2020-12-31;0;0;2;0;0.0;0.0
30;2021-01-01;0;0;2;0;0.0;0.0
30;2021-01-02;0;0;2;0;0.0;0.0
30;2021-01-03;0;0;2;0;0.0;0.0
30;2021-01-04;1;0;3;0;0.0;0.0
30;2021-01-05;3;0;6;0;0.0;0.0
30;2021-01-06;128;0;134;0;0.0;0.0
30;2021-01-07;313;0;447;0;0.1;0.0
30;2021-01-08;531;0;978;0;0.1;0.0
30;2021-01-09;270;0;1248;0;0.2;0.0
30;2021-01-10;0;0;1248;0;0.2;0.0
30;2021-01-11;537;0;1785;0;0.2;0.0
30;2021-01-12;798;3;2583;3;0.3;0.0
30;2021-01-13;640;0;3223;3;0.4;0.0
30;2021-01-14;652;5;3875;8;0.5;0.0
30;2021-01-15;756;2;4631;10;0.6;0.0
30;2021-01-16;313;0;4944;10;0.7;0.0
30;2021-01-17;3;0;4947;10;0.7;0.0
30;2021-01-18;941;5;5888;15;0.8;0.0
30;2021-01-19;1735;6;7623;21;1.0;0.0
30;2021-01-20;1303;2;8926;23;1.2;0.0
30;2021-01-21;1229;2;10155;25;1.4;0.0
30;2021-01-22;1075;5;11230;30;1.5;0.0
30;2021-01-23;634;2;11864;32;1.6;0.0
30;2021-01-24;0;0;11864;32;1.6;0.0
30;2021-01-25;831;4;12695;36;1.7;0.0
30;2021-01-26;1056;15;13751;51;1.8;0.0
30;2021-01-27;982;110;14733;161;2.0;0.0
30;2021-01-28;711;272;15444;433;2.1;0.1
30;2021-01-29;670;439;16114;872;2.2;0.1
30;2021-01-30;472;285;16586;1157;2.2;0.2
30;2021-01-31;3;7;16589;1164;2.2;0.2
30;2021-02-01;813;432;17402;1596;2.3;0.2
30;2021-02-02;1875;680;19277;2276;2.6;0.3
30;2021-02-03;1183;485;20460;2761;2.7;0.4
30;2021-02-04;968;661;21428;3422;2.9;0.5
30;2021-02-05;599;760;22027;4182;2.9;0.6
30;2021-02-06;294;262;22321;4444;3.0;0.6
30;2021-02-07;2;8;22323;4452;3.0;0.6
30;2021-02-08;574;737;22897;5189;3.1;0.7
30;2021-02-09;983;1008;23880;6197;3.2;0.8
30;2021-02-10;987;1096;24867;7293;3.3;1.0
30;2021-02-11;929;1030;25796;8323;3.4;1.1
30;2021-02-12;619;993;26415;9316;3.5;1.2
30;2021-02-13;436;383;26851;9699;3.6;1.3
30;2021-02-14;1;21;26852;9720;3.6;1.3
30;2021-02-15;449;615;27301;10335;3.6;1.4
30;2021-02-16;460;847;27761;11182;3.7;1.5
30;2021-02-17;682;617;28443;11799;3.8;1.6
30;2021-02-18;796;523;29239;12322;3.9;1.6
30;2021-02-19;574;670;29813;12992;4.0;1.7
30;2021-02-20;223;227;30036;13219;4.0;1.8
30;2021-02-21;5;3;30041;13222;4.0;1.8
30;2021-02-22;501;757;30542;13979;4.1;1.9
30;2021-02-23;974;1466;31516;15445;4.2;2.1
30;2021-02-24;927;1189;32443;16634;4.3;2.2
30;2021-02-25;1208;892;33651;17526;4.5;2.3
30;2021-02-26;1337;595;34988;18121;4.7;2.4
30;2021-02-27;564;541;35552;18662;4.7;2.5
30;2021-02-28;3;7;35555;18669;4.8;2.5
30;2021-03-01;1340;827;36895;19496;4.9;2.6
30;2021-03-02;1712;906;38607;20402;5.2;2.7
30;2021-03-03;2310;764;40917;21166;5.5;2.8
30;2021-03-04;2638;874;43555;22040;5.8;2.9
30;2021-03-05;2763;620;46318;22660;6.2;3.0
30;2021-03-06;2997;365;49315;23025;6.6;3.1
30;2021-03-07;1862;46;51177;23071;6.8;3.1
30;2021-03-08;1552;787;52729;23858;7.0;3.2
30;2021-03-09;2275;869;55004;24727;7.3;3.3
30;2021-03-10;2355;656;57359;25383;7.7;3.4
30;2021-03-11;3055;703;60414;26086;8.1;3.5
30;2021-03-12;3112;391;63526;26477;8.5;3.5
30;2021-03-13;2227;297;65753;26774;8.8;3.6
30;2021-03-14;83;3;65836;26777;8.8;3.6
30;2021-03-15;1578;566;67414;27343;9.0;3.7
30;2021-03-16;1299;1072;68713;28415;9.2;3.8
30;2021-03-17;1456;647;70169;29062;9.4;3.9
30;2021-03-18;1648;713;71817;29775;9.6;4.0
30;2021-03-19;2249;551;74066;30326;9.9;4.1
30;2021-03-20;1400;143;75466;30469;10.1;4.1
30;2021-03-21;57;8;75523;30477;10.1;4.1
30;2021-03-22;2397;722;77920;31199;10.4;4.2
30;2021-03-23;3511;814;81431;32013;10.9;4.3
30;2021-03-24;3637;822;85068;32835;11.4;4.4
30;2021-03-25;4405;848;89473;33683;12.0;4.5
30;2021-03-26;4363;645;93836;34328;12.5;4.6
30;2021-03-27;1970;379;95806;34707;12.8;4.6
30;2021-03-28;35;29;95841;34736;12.8;4.6
30;2021-03-29;2815;1650;98656;36386;13.2;4.9
30;2021-03-30;3778;1884;102434;38270;13.7;5.1
30;2021-03-31;3507;1649;105941;39919;14.2;5.3
30;2021-04-01;4015;1465;109956;41384;14.7;5.5
30;2021-04-02;3604;1228;113560;42612;15.2;5.7
30;2021-04-03;1062;1228;114622;43840;15.3;5.9
30;2021-04-04;30;188;114652;44028;15.3;5.9
30;2021-04-05;766;288;115418;44316;15.4;5.9
30;2021-04-06;3044;1581;118462;45897;15.8;6.1
30;2021-04-07;2720;1631;121182;47528;16.2;6.4
30;2021-04-08;3920;1491;125102;49019;16.7;6.5
30;2021-04-09;4889;1520;129991;50539;17.4;6.8
30;2021-04-10;2426;1178;132417;51717;17.7;6.9
30;2021-04-11;950;59;133367;51776;17.8;6.9
30;2021-04-12;3147;1493;136514;53269;18.2;7.1
30;2021-04-13;4019;1937;140533;55206;18.8;7.4
30;2021-04-14;3386;1540;143919;56746;19.2;7.6
30;2021-04-15;3830;1467;147749;58213;19.7;7.8
30;2021-04-16;3703;1539;151452;59752;20.2;8.0
30;2021-04-17;1493;956;152945;60708;20.4;8.1
30;2021-04-18;961;66;153906;60774;20.6;8.1
30;2021-04-19;2450;2299;156356;63073;20.9;8.4
30;2021-04-20;2815;2830;159171;65903;21.3;8.8
30;2021-04-21;2603;2569;161774;68472;21.6;9.1
30;2021-04-22;3525;2315;165299;70787;22.1;9.5
30;2021-04-23;3580;2310;168879;73097;22.6;9.8
30;2021-04-24;1347;1231;170226;74328;22.7;9.9
30;2021-04-25;748;90;170974;74418;22.8;9.9
30;2021-04-26;2017;2391;172991;76809;23.1;10.3
30;2021-04-27;2952;2604;175943;79413;23.5;10.6
30;2021-04-28;2837;2489;178780;81902;23.9;10.9
30;2021-04-29;3618;2324;182398;84226;24.4;11.3
30;2021-04-30;3408;2027;185806;86253;24.8;11.5
30;2021-05-01;1749;605;187555;86858;25.1;11.6
30;2021-05-02;665;246;188220;87104;25.1;11.6
30;2021-05-03;3758;2504;191978;89608;25.6;12.0
30;2021-05-04;3983;3534;195961;93142;26.2;12.4
30;2021-05-05;3947;3129;199908;96271;26.7;12.9
30;2021-05-06;4203;3363;204111;99634;27.3;13.3
30;2021-05-07;4079;3065;208190;102699;27.8;13.7
30;2021-05-08;1605;719;209795;103418;28.0;13.8
30;2021-05-09;372;613;210167;104031;28.1;13.9
30;2021-05-10;2921;3122;213088;107153;28.5;14.3
30;2021-05-11;5388;3650;218476;110803;29.2;14.8
30;2021-05-12;5301;3221;223777;114024;29.9;15.2
30;2021-05-13;3232;1028;227009;115052;30.3;15.4
30;2021-05-14;4891;2463;231900;117515;31.0;15.7
30;2021-05-15;3409;1206;235309;118721;31.4;15.9
30;2021-05-16;397;339;235706;119060;31.5;15.9
30;2021-05-17;3798;3037;239504;122097;32.0;16.3
30;2021-05-18;4828;3037;244332;125134;32.6;16.7
30;2021-05-19;4775;2548;249107;127682;33.3;17.1
30;2021-05-20;5015;2579;254122;130261;34.0;17.4
30;2021-05-21;4888;2473;259010;132734;34.6;17.7
30;2021-05-22;3158;1293;262168;134027;35.0;17.9
30;2021-05-23;288;344;262456;134371;35.1;18.0
30;2021-05-24;785;766;263241;135137;35.2;18.1
30;2021-05-25;2656;3161;265897;138298;35.5;18.5
30;2021-05-26;2889;2566;268786;140864;35.9;18.8
30;2021-05-27;3760;2718;272546;143582;36.4;19.2
30;2021-05-28;3327;3277;275873;146859;36.9;19.6
30;2021-05-29;1687;1802;277560;148661;37.1;19.9
30;2021-05-30;360;584;277920;149245;37.1;19.9
30;2021-05-31;2830;2299;280750;151544;37.5;20.2
30;2021-06-01;3659;2795;284409;154339;38.0;20.6
30;2021-06-02;3319;2453;287728;156792;38.4;20.9
30;2021-06-03;4133;3356;291861;160148;39.0;21.4
30;2021-06-04;3904;3403;295765;163551;39.5;21.9
30;2021-06-05;1907;1312;297672;164863;39.8;22.0
30;2021-06-06;684;264;298356;165127;39.9;22.1
30;2021-06-07;4725;2526;303081;167653;40.5;22.4
30;2021-06-08;4832;3326;307913;170979;41.1;22.8
30;2021-06-09;4155;2991;312068;173970;41.7;23.2
30;2021-06-10;4611;3356;316679;177326;42.3;23.7
30;2021-06-11;4586;3815;321265;181141;42.9;24.2
30;2021-06-12;2485;1710;323750;182851;43.3;24.4
30;2021-06-13;494;342;324244;183193;43.3;24.5
30;2021-06-14;2470;4711;326714;187904;43.7;25.1
30;2021-06-15;3200;5305;329914;193209;44.1;25.8
30;2021-06-16;3109;4646;333023;197855;44.5;26.4
30;2021-06-17;3924;4372;336947;202227;45.0;27.0
30;2021-06-18;3714;4698;340661;206925;45.5;27.6
30;2021-06-19;1441;2003;342102;208928;45.7;27.9
30;2021-06-20;357;490;342459;209418;45.8;28.0
30;2021-06-21;2379;4908;344838;214326;46.1;28.6
30;2021-06-22;2364;5742;347202;220068;46.4;29.4
30;2021-06-23;2529;5344;349731;225412;46.7;30.1
30;2021-06-24;2339;4706;352070;230118;47.0;30.7
30;2021-06-25;2611;5606;354681;235724;47.4;31.5
30;2021-06-26;910;2940;355591;238664;47.5;31.9
30;2021-06-27;222;527;355813;239191;47.5;32.0
30;2021-06-28;1670;6027;357483;245218;47.8;32.8
30;2021-06-29;1836;6024;359319;251242;48.0;33.6
30;2021-06-30;2003;5256;361322;256498;48.3;34.3
30;2021-07-01;2987;4723;364309;261221;48.7;34.9
30;2021-07-02;2836;4625;367145;265846;49.1;35.5
30;2021-07-03;1155;3047;368300;268893;49.2;35.9
30;2021-07-04;115;393;368415;269286;49.2;36.0
30;2021-07-05;2027;4031;370442;273317;49.5;36.5
30;2021-07-06;2665;4974;373107;278291;49.8;37.2
30;2021-07-07;2538;4221;375645;282512;50.2;37.7
30;2021-07-08;2016;3421;377661;285933;50.5;38.2
30;2021-07-09;2408;5317;380069;291250;50.8;38.9
30;2021-07-10;1502;2157;381571;293407;51.0;39.2
30;2021-07-11;48;415;381619;293822;51.0;39.3
30;2021-07-12;2527;5153;384146;298975;51.3;39.9
30;2021-07-13;3300;6035;387446;305010;51.8;40.8
30;2021-07-14;500;548;387946;305558;51.8;40.8
30;2021-07-15;4136;5475;392082;311033;52.4;41.6
30;2021-07-16;4984;5726;397066;316759;53.1;42.3
30;2021-07-17;1705;2467;398771;319226;53.3;42.7
30;2021-07-18;146;601;398917;319827;53.3;42.7
30;2021-07-19;3373;6305;402290;326132;53.7;43.6
30;2021-07-20;4641;6521;406931;332653;54.4;44.4
30;2021-07-21;4058;5411;410989;338064;54.9;45.2
30;2021-07-22;4898;5740;415887;343804;55.6;45.9
30;2021-07-23;4991;5858;420878;349662;56.2;46.7
30;2021-07-24;2238;3263;423116;352925;56.5;47.2
30;2021-07-25;137;309;423253;353234;56.5;47.2
30;2021-07-26;4413;4128;427666;357362;57.1;47.7
30;2021-07-27;4856;4646;432522;362008;57.8;48.4
30;2021-07-28;4872;4016;437394;366024;58.4;48.9
30;2021-07-29;5919;4128;443313;370152;59.2;49.5
30;2021-07-30;5339;4385;448652;374537;59.9;50.0
30;2021-07-31;2649;1961;451301;376498;60.3;50.3
30;2021-08-01;733;311;452034;376809;60.4;50.3
30;2021-08-02;3671;4015;455705;380824;60.9;50.9
30;2021-08-03;4878;3945;460583;384769;61.5;51.4
30;2021-08-04;5263;3051;465846;387820;62.2;51.8
30;2021-08-05;4604;3781;470450;391601;62.9;52.3
30;2021-08-06;4272;4056;474722;395657;63.4;52.9
30;2021-08-07;1837;1949;476559;397606;63.7;53.1
30;2021-08-08;617;279;477176;397885;63.8;53.2
30;2021-08-09;3316;3750;480492;401635;64.2;53.7
30;2021-08-10;3904;4398;484396;406033;64.7;54.2
30;2021-08-11;3374;3485;487770;409518;65.2;54.7
30;2021-08-12;3749;4223;491519;413741;65.7;55.3
30;2021-08-13;3288;3331;494807;417072;66.1;55.7
30;2021-08-14;1114;2047;495921;419119;66.3;56.0
30;2021-08-15;270;175;496191;419294;66.3;56.0
30;2021-08-16;2157;4864;498348;424158;66.6;56.7
30;2021-08-17;2712;4189;501060;428347;66.9;57.2
30;2021-08-18;2791;3825;503851;432172;67.3;57.7
30;2021-08-19;2843;4323;506694;436495;67.7;58.3
30;2021-08-20;2587;4458;509281;440953;68.0;58.9
30;2021-08-21;1011;2880;510292;443833;68.2;59.3
30;2021-08-22;226;513;510518;444346;68.2;59.4
30;2021-08-23;1672;4469;512190;448815;68.4;60.0
30;2021-08-24;1949;4516;514139;453331;68.7;60.6
30;2021-08-25;1689;4342;515828;457673;68.9;61.1
30;2021-08-26;1841;4250;517669;461923;69.2;61.7
30;2021-08-27;1758;4349;519427;466272;69.4;62.3
30;2021-08-28;674;2468;520101;468740;69.5;62.6
30;2021-08-29;181;610;520282;469350;69.5;62.7
30;2021-08-30;1393;4295;521675;473645;69.7;63.3
31;2020-12-27;0;0;0;0;0.0;0.0
31;2020-12-28;1;0;1;0;0.0;0.0
31;2020-12-29;0;0;1;0;0.0;0.0
31;2020-12-30;0;0;1;0;0.0;0.0
31;2020-12-31;1;0;2;0;0.0;0.0
31;2021-01-01;4;0;6;0;0.0;0.0
31;2021-01-02;0;0;6;0;0.0;0.0
31;2021-01-03;2;0;8;0;0.0;0.0
31;2021-01-04;3;0;11;0;0.0;0.0
31;2021-01-05;50;0;61;0;0.0;0.0
31;2021-01-06;211;1;272;1;0.0;0.0
31;2021-01-07;284;1;556;2;0.0;0.0
31;2021-01-08;546;1;1102;3;0.1;0.0
31;2021-01-09;275;0;1377;3;0.1;0.0
31;2021-01-10;287;0;1664;3;0.1;0.0
31;2021-01-11;982;3;2646;6;0.2;0.0
31;2021-01-12;1192;0;3838;6;0.3;0.0
31;2021-01-13;1157;4;4995;10;0.4;0.0
31;2021-01-14;1177;18;6172;28;0.4;0.0
31;2021-01-15;1047;3;7219;31;0.5;0.0
31;2021-01-16;243;1;7462;32;0.5;0.0
31;2021-01-17;176;0;7638;32;0.5;0.0
31;2021-01-18;1614;5;9252;37;0.7;0.0
31;2021-01-19;2934;10;12186;47;0.9;0.0
31;2021-01-20;3666;12;15852;59;1.1;0.0
31;2021-01-21;2992;6;18844;65;1.3;0.0
31;2021-01-22;2271;5;21115;70;1.5;0.0
31;2021-01-23;728;2;21843;72;1.6;0.0
31;2021-01-24;212;1;22055;73;1.6;0.0
31;2021-01-25;1744;9;23799;82;1.7;0.0
31;2021-01-26;1838;61;25637;143;1.8;0.0
31;2021-01-27;1575;152;27212;295;1.9;0.0
31;2021-01-28;1385;300;28597;595;2.0;0.0
31;2021-01-29;1358;349;29955;944;2.1;0.1
31;2021-01-30;446;186;30401;1130;2.2;0.1
31;2021-01-31;61;210;30462;1340;2.2;0.1
31;2021-02-01;1159;730;31621;2070;2.3;0.1
31;2021-02-02;3037;804;34658;2874;2.5;0.2
31;2021-02-03;1917;778;36575;3652;2.6;0.3
31;2021-02-04;1809;843;38384;4495;2.7;0.3
31;2021-02-05;1340;577;39724;5072;2.8;0.4
31;2021-02-06;383;55;40107;5127;2.9;0.4
31;2021-02-07;37;41;40144;5168;2.9;0.4
31;2021-02-08;1115;666;41259;5834;2.9;0.4
31;2021-02-09;1678;1571;42937;7405;3.1;0.5
31;2021-02-10;1961;2475;44898;9880;3.2;0.7
31;2021-02-11;1814;1824;46712;11704;3.3;0.8
31;2021-02-12;1539;797;48251;12501;3.4;0.9
31;2021-02-13;504;228;48755;12729;3.5;0.9
31;2021-02-14;56;216;48811;12945;3.5;0.9
31;2021-02-15;442;1369;49253;14314;3.5;1.0
31;2021-02-16;464;1545;49717;15859;3.5;1.1
31;2021-02-17;471;1620;50188;17479;3.6;1.2
31;2021-02-18;477;1752;50665;19231;3.6;1.4
31;2021-02-19;393;1564;51058;20795;3.6;1.5
31;2021-02-20;69;530;51127;21325;3.6;1.5
31;2021-02-21;77;161;51204;21486;3.7;1.5
31;2021-02-22;433;1728;51637;23214;3.7;1.7
31;2021-02-23;865;3012;52502;26226;3.7;1.9
31;2021-02-24;652;2184;53154;28410;3.8;2.0
31;2021-02-25;1432;1841;54586;30251;3.9;2.2
31;2021-02-26;1711;1228;56297;31479;4.0;2.2
31;2021-02-27;638;402;56935;31881;4.1;2.3
31;2021-02-28;78;54;57013;31935;4.1;2.3
31;2021-03-01;872;1135;57885;33070;4.1;2.4
31;2021-03-02;1239;1668;59124;34738;4.2;2.5
31;2021-03-03;1355;1810;60479;36548;4.3;2.6
31;2021-03-04;2424;1507;62903;38055;4.5;2.7
31;2021-03-05;3054;1605;65957;39660;4.7;2.8
31;2021-03-06;2835;412;68792;40072;4.9;2.9
31;2021-03-07;5368;107;74160;40179;5.3;2.9
31;2021-03-08;1599;1095;75759;41274;5.4;2.9
31;2021-03-09;2791;1194;78550;42468;5.6;3.0
31;2021-03-10;2574;1097;81124;43565;5.8;3.1
31;2021-03-11;4380;1169;85504;44734;6.1;3.2
31;2021-03-12;5315;1200;90819;45934;6.5;3.3
31;2021-03-13;2837;506;93656;46440;6.7;3.3
31;2021-03-14;235;49;93891;46489;6.7;3.3
31;2021-03-15;2583;433;96474;46922;6.9;3.3
31;2021-03-16;1744;818;98218;47740;7.0;3.4
31;2021-03-17;1657;561;99875;48301;7.1;3.4
31;2021-03-18;1988;712;101863;49013;7.3;3.5
31;2021-03-19;3186;528;105049;49541;7.5;3.5
31;2021-03-20;1797;139;106846;49680;7.6;3.5
31;2021-03-21;210;35;107056;49715;7.6;3.5
31;2021-03-22;2578;372;109634;50087;7.8;3.6
31;2021-03-23;4055;320;113689;50407;8.1;3.6
31;2021-03-24;4357;293;118046;50700;8.4;3.6
31;2021-03-25;6039;526;124085;51226;8.9;3.7
31;2021-03-26;5465;517;129550;51743;9.2;3.7
31;2021-03-27;4350;210;133900;51953;9.6;3.7
31;2021-03-28;2291;49;136191;52002;9.7;3.7
31;2021-03-29;4206;432;140397;52434;10.0;3.7
31;2021-03-30;6594;556;146991;52990;10.5;3.8
31;2021-03-31;5648;384;152639;53374;10.9;3.8
31;2021-04-01;6963;557;159602;53931;11.4;3.8
31;2021-04-02;6102;586;165704;54517;11.8;3.9
31;2021-04-03;3927;153;169631;54670;12.1;3.9
31;2021-04-04;2060;114;171691;54784;12.3;3.9
31;2021-04-05;481;70;172172;54854;12.3;3.9
31;2021-04-06;4165;1152;176337;56006;12.6;4.0
31;2021-04-07;5986;983;182323;56989;13.0;4.1
31;2021-04-08;7568;1036;189891;58025;13.6;4.1
31;2021-04-09;8387;1258;198278;59283;14.2;4.2
31;2021-04-10;4717;545;202995;59828;14.5;4.3
31;2021-04-11;2068;139;205063;59967;14.6;4.3
31;2021-04-12;6001;1839;211064;61806;15.1;4.4
31;2021-04-13;8030;2025;219094;63831;15.6;4.6
31;2021-04-14;6651;1922;225745;65753;16.1;4.7
31;2021-04-15;7771;2241;233516;67994;16.7;4.9
31;2021-04-16;7182;2094;240698;70088;17.2;5.0
31;2021-04-17;4412;910;245110;70998;17.5;5.1
31;2021-04-18;2512;355;247622;71353;17.7;5.1
31;2021-04-19;5221;2030;252843;73383;18.0;5.2
31;2021-04-20;6072;2847;258915;76230;18.5;5.4
31;2021-04-21;5975;2799;264890;79029;18.9;5.6
31;2021-04-22;6380;3243;271270;82272;19.4;5.9
31;2021-04-23;6281;2579;277551;84851;19.8;6.1
31;2021-04-24;1614;3142;279165;87993;19.9;6.3
31;2021-04-25;687;2094;279852;90087;20.0;6.4
31;2021-04-26;3793;3225;283645;93312;20.2;6.7
31;2021-04-27;4517;3902;288162;97214;20.6;6.9
31;2021-04-28;4545;3573;292707;100787;20.9;7.2
31;2021-04-29;5184;4071;297891;104858;21.3;7.5
31;2021-04-30;5036;4133;302927;108991;21.6;7.8
31;2021-05-01;1488;3120;304415;112111;21.7;8.0
31;2021-05-02;1415;1981;305830;114092;21.8;8.1
31;2021-05-03;5656;2427;311486;116519;22.2;8.3
31;2021-05-04;4781;4742;316267;121261;22.6;8.7
31;2021-05-05;2995;5721;319262;126982;22.8;9.1
31;2021-05-06;3636;7383;322898;134365;23.0;9.6
31;2021-05-07;5257;7174;328155;141539;23.4;10.1
31;2021-05-08;3633;3104;331788;144643;23.7;10.3
31;2021-05-09;3760;2309;335548;146952;24.0;10.5
31;2021-05-10;5685;5480;341233;152432;24.4;10.9
31;2021-05-11;6661;6705;347894;159137;24.8;11.4
31;2021-05-12;6172;5940;354066;165077;25.3;11.8
31;2021-05-13;4643;2064;358709;167141;25.6;11.9
31;2021-05-14;6912;3983;365621;171124;26.1;12.2
31;2021-05-15;5144;1756;370765;172880;26.5;12.3
31;2021-05-16;3301;633;374066;173513;26.7;12.4
31;2021-05-17;5143;4149;379209;177662;27.1;12.7
31;2021-05-18;5588;4278;384797;181940;27.5;13.0
31;2021-05-19;5782;3763;390579;185703;27.9;13.3
31;2021-05-20;6475;4808;397054;190511;28.3;13.6
31;2021-05-21;5983;4610;403037;195121;28.8;13.9
31;2021-05-22;4085;1629;407122;196750;29.1;14.0
31;2021-05-23;3584;342;410706;197092;29.3;14.1
31;2021-05-24;3880;706;414586;197798;29.6;14.1
31;2021-05-25;6189;3608;420775;201406;30.0;14.4
31;2021-05-26;5609;4644;426384;206050;30.4;14.7
31;2021-05-27;4787;6202;431171;212252;30.8;15.2
31;2021-05-28;4116;6351;435287;218603;31.1;15.6
31;2021-05-29;1918;4031;437205;222634;31.2;15.9
31;2021-05-30;751;2362;437956;224996;31.3;16.1
31;2021-05-31;4398;5087;442354;230083;31.6;16.4
31;2021-06-01;5955;6564;448309;236647;32.0;16.9
31;2021-06-02;5801;6314;454110;242961;32.4;17.3
31;2021-06-03;7309;8144;461419;251105;32.9;17.9
31;2021-06-04;7544;7169;468963;258274;33.5;18.4
31;2021-06-05;9078;2770;478041;261044;34.1;18.6
31;2021-06-06;8113;1581;486154;262625;34.7;18.7
31;2021-06-07;7989;5472;494143;268097;35.3;19.1
31;2021-06-08;9108;6055;503251;274152;35.9;19.6
31;2021-06-09;8920;5556;512171;279708;36.6;20.0
31;2021-06-10;9784;6364;521955;286072;37.3;20.4
31;2021-06-11;10050;6642;532005;292714;38.0;20.9
31;2021-06-12;8792;3021;540797;295735;38.6;21.1
31;2021-06-13;8376;2018;549173;297753;39.2;21.3
31;2021-06-14;8432;6734;557605;304487;39.8;21.7
31;2021-06-15;9780;7448;567385;311935;40.5;22.3
31;2021-06-16;8739;5260;576124;317195;41.1;22.6
31;2021-06-17;8276;6604;584400;323799;41.7;23.1
31;2021-06-18;8554;7754;592954;331553;42.3;23.7
31;2021-06-19;7365;5438;600319;336991;42.9;24.1
31;2021-06-20;5573;3725;605892;340716;43.2;24.3
31;2021-06-21;5376;6919;611268;347635;43.6;24.8
31;2021-06-22;4988;8223;616256;355858;44.0;25.4
31;2021-06-23;5110;7279;621366;363137;44.4;25.9
31;2021-06-24;4634;8321;626000;371458;44.7;26.5
31;2021-06-25;5017;9311;631017;380769;45.0;27.2
31;2021-06-26;4283;6399;635300;387168;45.3;27.6
31;2021-06-27;3597;4106;638897;391274;45.6;27.9
31;2021-06-28;4101;6649;642998;397923;45.9;28.4
31;2021-06-29;3799;7567;646797;405490;46.2;28.9
31;2021-06-30;4281;7812;651078;413302;46.5;29.5
31;2021-07-01;4092;8469;655170;421771;46.8;30.1
31;2021-07-02;4109;9326;659279;431097;47.1;30.8
31;2021-07-03;4099;6110;663378;437207;47.4;31.2
31;2021-07-04;3204;4812;666582;442019;47.6;31.6
31;2021-07-05;4056;7098;670638;449117;47.9;32.1
31;2021-07-06;3888;8367;674526;457484;48.1;32.7
31;2021-07-07;3960;7965;678486;465449;48.4;33.2
31;2021-07-08;4054;8541;682540;473990;48.7;33.8
31;2021-07-09;4464;8801;687004;482791;49.0;34.5
31;2021-07-10;3919;5497;690923;488288;49.3;34.9
31;2021-07-11;3138;4134;694061;492422;49.5;35.1
31;2021-07-12;3826;8633;697887;501055;49.8;35.8
31;2021-07-13;6921;9436;704808;510491;50.3;36.4
31;2021-07-14;6164;3929;710972;514420;50.7;36.7
31;2021-07-15;8521;9439;719493;523859;51.4;37.4
31;2021-07-16;7776;9917;727269;533776;51.9;38.1
31;2021-07-17;8366;10544;735635;544320;52.5;38.9
31;2021-07-18;6629;9468;742264;553788;53.0;39.5
31;2021-07-19;4791;10774;747055;564562;53.3;40.3
31;2021-07-20;7162;11477;754217;576039;53.8;41.1
31;2021-07-21;7043;11531;761260;587570;54.3;41.9
31;2021-07-22;8161;11756;769421;599326;54.9;42.8
31;2021-07-23;7469;11811;776890;611137;55.5;43.6
31;2021-07-24;10316;10555;787206;621692;56.2;44.4
31;2021-07-25;7565;8795;794771;630487;56.7;45.0
31;2021-07-26;5521;9541;800292;640028;57.1;45.7
31;2021-07-27;7960;9195;808252;649223;57.7;46.3
31;2021-07-28;8677;8267;816929;657490;58.3;46.9
31;2021-07-29;8848;8042;825777;665532;58.9;47.5
31;2021-07-30;7661;7982;833438;673514;59.5;48.1
31;2021-07-31;6005;7392;839443;680906;59.9;48.6
31;2021-08-01;4413;4302;843856;685208;60.2;48.9
31;2021-08-02;5479;5412;849335;690620;60.6;49.3
31;2021-08-03;5854;5184;855189;695804;61.0;49.7
31;2021-08-04;5898;4804;861087;700608;61.5;50.0
31;2021-08-05;5569;7229;866656;707837;61.9;50.5
31;2021-08-06;5280;7339;871936;715176;62.2;51.0
31;2021-08-07;4588;6644;876524;721820;62.6;51.5
31;2021-08-08;3381;5572;879905;727392;62.8;51.9
31;2021-08-09;4380;7020;884285;734412;63.1;52.4
31;2021-08-10;4632;6279;888917;740691;63.5;52.9
31;2021-08-11;4508;5860;893425;746551;63.8;53.3
31;2021-08-12;4498;6751;897923;753302;64.1;53.8
31;2021-08-13;4115;6192;902038;759494;64.4;54.2
31;2021-08-14;3027;6458;905065;765952;64.6;54.7
31;2021-08-15;1288;4094;906353;770046;64.7;55.0
31;2021-08-16;3201;8121;909554;778167;64.9;55.5
31;2021-08-17;3407;7098;912961;785265;65.2;56.1
31;2021-08-18;3299;7000;916260;792265;65.4;56.6
31;2021-08-19;2952;6984;919212;799249;65.6;57.1
31;2021-08-20;2957;7383;922169;806632;65.8;57.6
31;2021-08-21;1966;6788;924135;813420;66.0;58.1
31;2021-08-22;1482;5631;925617;819051;66.1;58.5
31;2021-08-23;2322;7721;927939;826772;66.2;59.0
31;2021-08-24;2543;6168;930482;832940;66.4;59.5
31;2021-08-25;2356;5720;932838;838660;66.6;59.9
31;2021-08-26;2250;5784;935088;844444;66.7;60.3
31;2021-08-27;2340;6656;937428;851100;66.9;60.8
31;2021-08-28;1822;6779;939250;857879;67.0;61.2
31;2021-08-29;1269;5054;940519;862933;67.1;61.6
31;2021-08-30;2085;6620;942604;869553;67.3;62.1
32;2020-12-27;0;0;0;0;0.0;0.0
32;2020-12-28;0;0;0;0;0.0;0.0
32;2020-12-29;0;0;0;0;0.0;0.0
32;2020-12-30;0;0;0;0;0.0;0.0
32;2020-12-31;0;0;0;0;0.0;0.0
32;2021-01-01;0;0;0;0;0.0;0.0
32;2021-01-02;0;0;0;0;0.0;0.0
32;2021-01-03;1;0;1;0;0.0;0.0
32;2021-01-04;3;0;4;0;0.0;0.0
32;2021-01-05;1;0;5;0;0.0;0.0
32;2021-01-06;2;0;7;0;0.0;0.0
32;2021-01-07;155;0;162;0;0.1;0.0
32;2021-01-08;70;0;232;0;0.1;0.0
32;2021-01-09;5;0;237;0;0.1;0.0
32;2021-01-10;1;0;238;0;0.1;0.0
32;2021-01-11;11;0;249;0;0.1;0.0
32;2021-01-12;96;0;345;0;0.2;0.0
32;2021-01-13;325;0;670;0;0.4;0.0
32;2021-01-14;378;3;1048;3;0.6;0.0
32;2021-01-15;448;1;1496;4;0.8;0.0
32;2021-01-16;16;2;1512;6;0.8;0.0
32;2021-01-17;1;0;1513;6;0.8;0.0
32;2021-01-18;345;1;1858;7;1.0;0.0
32;2021-01-19;418;0;2276;7;1.2;0.0
32;2021-01-20;358;0;2634;7;1.4;0.0
32;2021-01-21;582;0;3216;7;1.7;0.0
32;2021-01-22;372;0;3588;7;1.9;0.0
32;2021-01-23;180;0;3768;7;2.0;0.0
32;2021-01-24;5;0;3773;7;2.0;0.0
32;2021-01-25;468;1;4241;8;2.2;0.0
32;2021-01-26;608;0;4849;8;2.6;0.0
32;2021-01-27;702;4;5551;12;2.9;0.0
32;2021-01-28;687;15;6238;27;3.3;0.0
32;2021-01-29;460;53;6698;80;3.5;0.0
32;2021-01-30;260;0;6958;80;3.7;0.0
32;2021-01-31;4;5;6962;85;3.7;0.0
32;2021-02-01;288;58;7250;143;3.8;0.1
32;2021-02-02;638;139;7888;282;4.2;0.1
32;2021-02-03;338;200;8226;482;4.3;0.3
32;2021-02-04;426;279;8652;761;4.6;0.4
32;2021-02-05;348;360;9000;1121;4.7;0.6
32;2021-02-06;147;0;9147;1121;4.8;0.6
32;2021-02-07;0;36;9147;1157;4.8;0.6
32;2021-02-08;278;121;9425;1278;5.0;0.7
32;2021-02-09;309;229;9734;1507;5.1;0.8
32;2021-02-10;271;253;10005;1760;5.3;0.9
32;2021-02-11;382;317;10387;2077;5.5;1.1
32;2021-02-12;297;279;10684;2356;5.6;1.2
32;2021-02-13;249;1;10933;2357;5.8;1.2
32;2021-02-14;0;28;10933;2385;5.8;1.3
32;2021-02-15;25;212;10958;2597;5.8;1.4
32;2021-02-16;393;366;11351;2963;6.0;1.6
32;2021-02-17;191;474;11542;3437;6.1;1.8
32;2021-02-18;331;493;11873;3930;6.2;2.1
32;2021-02-19;184;278;12057;4208;6.3;2.2
32;2021-02-20;1;120;12058;4328;6.3;2.3
32;2021-02-21;0;0;12058;4328;6.3;2.3
32;2021-02-22;158;385;12216;4713;6.4;2.5
32;2021-02-23;431;568;12647;5281;6.7;2.8
32;2021-02-24;277;380;12924;5661;6.8;3.0
32;2021-02-25;481;517;13405;6178;7.1;3.3
32;2021-02-26;444;385;13849;6563;7.3;3.5
32;2021-02-27;157;246;14006;6809;7.4;3.6
32;2021-02-28;4;0;14010;6809;7.4;3.6
32;2021-03-01;51;300;14061;7109;7.4;3.7
32;2021-03-02;414;446;14475;7555;7.6;4.0
32;2021-03-03;276;292;14751;7847;7.8;4.1
32;2021-03-04;540;339;15291;8186;8.0;4.3
32;2021-03-05;437;249;15728;8435;8.3;4.4
32;2021-03-06;522;167;16250;8602;8.6;4.5
32;2021-03-07;25;5;16275;8607;8.6;4.5
32;2021-03-08;234;291;16509;8898;8.7;4.7
32;2021-03-09;643;329;17152;9227;9.0;4.9
32;2021-03-10;482;329;17634;9556;9.3;5.0
32;2021-03-11;854;294;18488;9850;9.7;5.2
32;2021-03-12;882;340;19370;10190;10.2;5.4
32;2021-03-13;492;248;19862;10438;10.5;5.5
32;2021-03-14;1;0;19863;10438;10.5;5.5
32;2021-03-15;267;26;20130;10464;10.6;5.5
32;2021-03-16;314;309;20444;10773;10.8;5.7
32;2021-03-17;150;155;20594;10928;10.8;5.8
32;2021-03-18;375;308;20969;11236;11.0;5.9
32;2021-03-19;404;181;21373;11417;11.2;6.0
32;2021-03-20;136;33;21509;11450;11.3;6.0
32;2021-03-21;0;0;21509;11450;11.3;6.0
32;2021-03-22;340;170;21849;11620;11.5;6.1
32;2021-03-23;560;399;22409;12019;11.8;6.3
32;2021-03-24;643;270;23052;12289;12.1;6.5
32;2021-03-25;899;416;23951;12705;12.6;6.7
32;2021-03-26;657;294;24608;12999;12.9;6.8
32;2021-03-27;165;3;24773;13002;13.0;6.8
32;2021-03-28;1;1;24774;13003;13.0;6.8
32;2021-03-29;371;48;25145;13051;13.2;6.9
32;2021-03-30;766;290;25911;13341;13.6;7.0
32;2021-03-31;654;173;26565;13514;14.0;7.1
32;2021-04-01;1238;321;27803;13835;14.6;7.3
32;2021-04-02;575;167;28378;14002;14.9;7.4
32;2021-04-03;114;0;28492;14002;15.0;7.4
32;2021-04-04;0;0;28492;14002;15.0;7.4
32;2021-04-05;0;0;28492;14002;15.0;7.4
32;2021-04-06;2646;311;31138;14313;16.4;7.5
32;2021-04-07;1178;204;32316;14517;17.0;7.6
32;2021-04-08;1736;406;34052;14923;17.9;7.9
32;2021-04-09;883;218;34935;15141;18.4;8.0
32;2021-04-10;808;29;35743;15170;18.8;8.0
32;2021-04-11;14;0;35757;15170;18.8;8.0
32;2021-04-12;477;23;36234;15193;19.1;8.0
32;2021-04-13;2469;387;38703;15580;20.4;8.2
32;2021-04-14;1227;263;39930;15843;21.0;8.3
32;2021-04-15;1704;392;41634;16235;21.9;8.5
32;2021-04-16;638;282;42272;16517;22.2;8.7
32;2021-04-17;783;38;43055;16555;22.7;8.7
32;2021-04-18;13;1;43068;16556;22.7;8.7
32;2021-04-19;502;46;43570;16602;22.9;8.7
32;2021-04-20;2472;391;46042;16993;24.2;8.9
32;2021-04-21;1010;303;47052;17296;24.8;9.1
32;2021-04-22;1662;321;48714;17617;25.6;9.3
32;2021-04-23;549;159;49263;17776;25.9;9.4
32;2021-04-24;1391;55;50654;17831;26.7;9.4
32;2021-04-25;0;11;50654;17842;26.7;9.4
32;2021-04-26;387;359;51041;18201;26.9;9.6
32;2021-04-27;2552;553;53593;18754;28.2;9.9
32;2021-04-28;972;356;54565;19110;28.7;10.1
32;2021-04-29;1009;885;55574;19995;29.2;10.5
32;2021-04-30;453;362;56027;20357;29.5;10.7
32;2021-05-01;2607;96;58634;20453;30.9;10.8
32;2021-05-02;0;0;58634;20453;30.9;10.8
32;2021-05-03;171;321;58805;20774;30.9;10.9
32;2021-05-04;792;2498;59597;23272;31.4;12.2
32;2021-05-05;2361;1099;61958;24371;32.6;12.8
32;2021-05-06;516;1660;62474;26031;32.9;13.7
32;2021-05-07;2286;538;64760;26569;34.1;14.0
32;2021-05-08;71;516;64831;27085;34.1;14.3
32;2021-05-09;21;179;64852;27264;34.1;14.3
32;2021-05-10;1993;551;66845;27815;35.2;14.6
32;2021-05-11;651;2276;67496;30091;35.5;15.8
32;2021-05-12;2313;1139;69809;31230;36.7;16.4
32;2021-05-13;281;1416;70090;32646;36.9;17.2
32;2021-05-14;2222;327;72312;32973;38.1;17.4
32;2021-05-15;134;712;72446;33685;38.1;17.7
32;2021-05-16;2;0;72448;33685;38.1;17.7
32;2021-05-17;353;170;72801;33855;38.3;17.8
32;2021-05-18;1642;297;74443;34152;39.2;18.0
32;2021-05-19;2474;272;76917;34424;40.5;18.1
32;2021-05-20;2887;471;79804;34895;42.0;18.4
32;2021-05-21;2535;501;82339;35396;43.3;18.6
32;2021-05-22;334;111;82673;35507;43.5;18.7
32;2021-05-23;2;13;82675;35520;43.5;18.7
32;2021-05-24;3;0;82678;35520;43.5;18.7
32;2021-05-25;1983;374;84661;35894;44.5;18.9
32;2021-05-26;2548;556;87209;36450;45.9;19.2
32;2021-05-27;2877;626;90086;37076;47.4;19.5
32;2021-05-28;2310;766;92396;37842;48.6;19.9
32;2021-05-29;372;312;92768;38154;48.8;20.1
32;2021-05-30;4;6;92772;38160;48.8;20.1
32;2021-05-31;1414;625;94186;38785;49.6;20.4
32;2021-06-01;565;2889;94751;41674;49.9;21.9
32;2021-06-02;1579;1354;96330;43028;50.7;22.6
32;2021-06-03;396;2087;96726;45115;50.9;23.7
32;2021-06-04;1837;830;98563;45945;51.9;24.2
32;2021-06-05;206;1661;98769;47606;52.0;25.1
32;2021-06-06;8;14;98777;47620;52.0;25.1
32;2021-06-07;103;418;98880;48038;52.0;25.3
32;2021-06-08;663;2541;99543;50579;52.4;26.6
32;2021-06-09;1191;1055;100734;51634;53.0;27.2
32;2021-06-10;686;1226;101420;52860;53.4;27.8
32;2021-06-11;926;663;102346;53523;53.9;28.2
32;2021-06-12;150;2679;102496;56202;53.9;29.6
32;2021-06-13;1;1;102497;56203;53.9;29.6
32;2021-06-14;529;210;103026;56413;54.2;29.7
32;2021-06-15;1735;1027;104761;57440;55.1;30.2
32;2021-06-16;850;2777;105611;60217;55.6;31.7
32;2021-06-17;860;829;106471;61046;56.0;32.1
32;2021-06-18;315;2724;106786;63770;56.2;33.6
32;2021-06-19;914;436;107700;64206;56.7;33.8
32;2021-06-20;5;13;107705;64219;56.7;33.8
32;2021-06-21;67;1994;107772;66213;56.7;34.8
32;2021-06-22;1043;970;108815;67183;57.3;35.4
32;2021-06-23;516;2183;109331;69366;57.5;36.5
32;2021-06-24;528;520;109859;69886;57.8;36.8
32;2021-06-25;501;2359;110360;72245;58.1;38.0
32;2021-06-26;108;171;110468;72416;58.1;38.1
32;2021-06-27;2;5;110470;72421;58.1;38.1
32;2021-06-28;630;603;111100;73024;58.5;38.4
32;2021-06-29;800;1985;111900;75009;58.9;39.5
32;2021-06-30;757;2725;112657;77734;59.3;40.9
32;2021-07-01;540;2641;113197;80375;59.6;42.3
32;2021-07-02;641;2335;113838;82710;59.9;43.5
32;2021-07-03;482;506;114320;83216;60.2;43.8
32;2021-07-04;1;12;114321;83228;60.2;43.8
32;2021-07-05;76;391;114397;83619;60.2;44.0
32;2021-07-06;880;2080;115277;85699;60.7;45.1
32;2021-07-07;781;2757;116058;88456;61.1;46.5
32;2021-07-08;478;2267;116536;90723;61.3;47.7
32;2021-07-09;615;2226;117151;92949;61.6;48.9
32;2021-07-10;537;521;117688;93470;61.9;49.2
32;2021-07-11;0;5;117688;93475;61.9;49.2
32;2021-07-12;526;1243;118214;94718;62.2;49.8
32;2021-07-13;1696;1817;119910;96535;63.1;50.8
32;2021-07-14;491;35;120401;96570;63.4;50.8
32;2021-07-15;2094;890;122495;97460;64.5;51.3
32;2021-07-16;1169;1911;123664;99371;65.1;52.3
32;2021-07-17;78;129;123742;99500;65.1;52.4
32;2021-07-18;2;5;123744;99505;65.1;52.4
32;2021-07-19;1995;147;125739;99652;66.2;52.4
32;2021-07-20;2039;1267;127778;100919;67.2;53.1
32;2021-07-21;1612;1691;129390;102610;68.1;54.0
32;2021-07-22;1947;511;131337;103121;69.1;54.3
32;2021-07-23;1407;1731;132744;104852;69.9;55.2
32;2021-07-24;139;118;132883;104970;69.9;55.2
32;2021-07-25;34;10;132917;104980;69.9;55.2
32;2021-07-26;1070;1072;133987;106052;70.5;55.8
32;2021-07-27;1727;2096;135714;108148;71.4;56.9
32;2021-07-28;692;975;136406;109123;71.8;57.4
32;2021-07-29;1687;1601;138093;110724;72.7;58.3
32;2021-07-30;363;349;138456;111073;72.9;58.4
32;2021-07-31;186;351;138642;111424;73.0;58.6
32;2021-08-01;18;4;138660;111428;73.0;58.6
32;2021-08-02;80;76;138740;111504;73.0;58.7
32;2021-08-03;1176;1790;139916;113294;73.6;59.6
32;2021-08-04;630;654;140546;113948;74.0;60.0
32;2021-08-05;1105;1938;141651;115886;74.5;61.0
32;2021-08-06;561;495;142212;116381;74.8;61.2
32;2021-08-07;148;93;142360;116474;74.9;61.3
32;2021-08-08;0;0;142360;116474;74.9;61.3
32;2021-08-09;262;1827;142622;118301;75.0;62.3
32;2021-08-10;712;2081;143334;120382;75.4;63.3
32;2021-08-11;576;446;143910;120828;75.7;63.6
32;2021-08-12;932;2102;144842;122930;76.2;64.7
32;2021-08-13;177;251;145019;123181;76.3;64.8
32;2021-08-14;111;119;145130;123300;76.4;64.9
32;2021-08-15;12;21;145142;123321;76.4;64.9
32;2021-08-16;41;39;145183;123360;76.4;64.9
32;2021-08-17;573;2301;145756;125661;76.7;66.1
32;2021-08-18;309;558;146065;126219;76.9;66.4
32;2021-08-19;953;1410;147018;127629;77.4;67.2
32;2021-08-20;153;165;147171;127794;77.4;67.2
32;2021-08-21;149;189;147320;127983;77.5;67.3
32;2021-08-22;8;3;147328;127986;77.5;67.3
32;2021-08-23;42;101;147370;128087;77.5;67.4
32;2021-08-24;582;1447;147952;129534;77.9;68.2
32;2021-08-25;92;191;148044;129725;77.9;68.3
32;2021-08-26;320;2259;148364;131984;78.1;69.5
32;2021-08-27;270;553;148634;132537;78.2;69.7
32;2021-08-28;62;109;148696;132646;78.2;69.8
32;2021-08-29;1;8;148697;132654;78.2;69.8
32;2021-08-30;19;50;148716;132704;78.3;69.8
33;2020-12-27;2;0;2;0;0.0;0.0
33;2020-12-28;3;0;5;0;0.0;0.0
33;2020-12-29;0;0;5;0;0.0;0.0
33;2020-12-30;0;0;5;0;0.0;0.0
33;2020-12-31;0;0;5;0;0.0;0.0
33;2021-01-01;0;0;5;0;0.0;0.0
33;2021-01-02;1;0;6;0;0.0;0.0
33;2021-01-03;0;0;6;0;0.0;0.0
33;2021-01-04;2;0;8;0;0.0;0.0
33;2021-01-05;2;0;10;0;0.0;0.0
33;2021-01-06;134;0;144;0;0.0;0.0
33;2021-01-07;1308;1;1452;1;0.1;0.0
33;2021-01-08;1199;2;2651;3;0.2;0.0
33;2021-01-09;298;1;2949;4;0.2;0.0
33;2021-01-10;229;0;3178;4;0.2;0.0
33;2021-01-11;627;0;3805;4;0.2;0.0
33;2021-01-12;1417;2;5222;6;0.3;0.0
33;2021-01-13;1313;9;6535;15;0.4;0.0
33;2021-01-14;1286;13;7821;28;0.5;0.0
33;2021-01-15;1607;11;9428;39;0.6;0.0
33;2021-01-16;566;8;9994;47;0.6;0.0
33;2021-01-17;406;4;10400;51;0.6;0.0
33;2021-01-18;1222;11;11622;62;0.7;0.0
33;2021-01-19;2924;4;14546;66;0.9;0.0
33;2021-01-20;3401;9;17947;75;1.1;0.0
33;2021-01-21;2858;5;20805;80;1.3;0.0
33;2021-01-22;2324;8;23129;88;1.4;0.0
33;2021-01-23;852;2;23981;90;1.5;0.0
33;2021-01-24;529;2;24510;92;1.5;0.0
33;2021-01-25;2171;60;26681;152;1.6;0.0
33;2021-01-26;2244;160;28925;312;1.8;0.0
33;2021-01-27;2258;207;31183;519;1.9;0.0
33;2021-01-28;2157;437;33340;956;2.0;0.1
33;2021-01-29;1820;684;35160;1640;2.2;0.1
33;2021-01-30;704;171;35864;1811;2.2;0.1
33;2021-01-31;389;157;36253;1968;2.2;0.1
33;2021-02-01;1456;645;37709;2613;2.3;0.2
33;2021-02-02;2643;1106;40352;3719;2.5;0.2
33;2021-02-03;2915;864;43267;4583;2.6;0.3
33;2021-02-04;4030;1349;47297;5932;2.9;0.4
33;2021-02-05;2190;1164;49487;7096;3.0;0.4
33;2021-02-06;643;197;50130;7293;3.1;0.4
33;2021-02-07;218;230;50348;7523;3.1;0.5
33;2021-02-08;1263;753;51611;8276;3.2;0.5
33;2021-02-09;1324;1681;52935;9957;3.2;0.6
33;2021-02-10;1263;1747;54198;11704;3.3;0.7
33;2021-02-11;1301;1441;55499;13145;3.4;0.8
33;2021-02-12;1115;1249;56614;14394;3.5;0.9
33;2021-02-13;203;291;56817;14685;3.5;0.9
33;2021-02-14;47;245;56864;14930;3.5;0.9
33;2021-02-15;684;1718;57548;16648;3.5;1.0
33;2021-02-16;812;2046;58360;18694;3.6;1.1
33;2021-02-17;667;2042;59027;20736;3.6;1.3
33;2021-02-18;898;2245;59925;22981;3.7;1.4
33;2021-02-19;915;2014;60840;24995;3.7;1.5
33;2021-02-20;77;653;60917;25648;3.7;1.6
33;2021-02-21;37;461;60954;26109;3.7;1.6
33;2021-02-22;706;1887;61660;27996;3.8;1.7
33;2021-02-23;1230;2740;62890;30736;3.9;1.9
33;2021-02-24;1397;2521;64287;33257;3.9;2.0
33;2021-02-25;2830;3753;67117;37010;4.1;2.3
33;2021-02-26;4054;2328;71171;39338;4.4;2.4
33;2021-02-27;1359;721;72530;40059;4.4;2.5
33;2021-02-28;126;516;72656;40575;4.4;2.5
33;2021-03-01;1533;1852;74189;42427;4.5;2.6
33;2021-03-02;2322;1744;76511;44171;4.7;2.7
33;2021-03-03;2307;1702;78818;45873;4.8;2.8
33;2021-03-04;3933;1668;82751;47541;5.1;2.9
33;2021-03-05;5758;1739;88509;49280;5.4;3.0
33;2021-03-06;3414;562;91923;49842;5.6;3.1
33;2021-03-07;741;160;92664;50002;5.7;3.1
33;2021-03-08;2714;1152;95378;51154;5.8;3.1
33;2021-03-09;4401;1340;99779;52494;6.1;3.2
33;2021-03-10;5120;1234;104899;53728;6.4;3.3
33;2021-03-11;7543;1234;112442;54962;6.9;3.4
33;2021-03-12;10118;1167;122560;56129;7.5;3.4
33;2021-03-13;5155;213;127715;56342;7.8;3.4
33;2021-03-14;715;27;128430;56369;7.9;3.5
33;2021-03-15;4439;684;132869;57053;8.1;3.5
33;2021-03-16;3582;878;136451;57931;8.4;3.5
33;2021-03-17;3638;949;140089;58880;8.6;3.6
33;2021-03-18;4038;1412;144127;60292;8.8;3.7
33;2021-03-19;6270;1034;150397;61326;9.2;3.8
33;2021-03-20;3368;103;153765;61429;9.4;3.8
33;2021-03-21;461;29;154226;61458;9.4;3.8
33;2021-03-22;4900;451;159126;61909;9.7;3.8
33;2021-03-23;6322;610;165448;62519;10.1;3.8
33;2021-03-24;7076;524;172524;63043;10.6;3.9
33;2021-03-25;8840;657;181364;63700;11.1;3.9
33;2021-03-26;10038;855;191402;64555;11.7;4.0
33;2021-03-27;3619;83;195021;64638;11.9;4.0
33;2021-03-28;577;34;195598;64672;12.0;4.0
33;2021-03-29;6769;702;202367;65374;12.4;4.0
33;2021-03-30;8100;1040;210467;66414;12.9;4.1
33;2021-03-31;7579;1072;218046;67486;13.3;4.1
33;2021-04-01;8820;1194;226866;68680;13.9;4.2
33;2021-04-02;8403;1558;235269;70238;14.4;4.3
33;2021-04-03;2832;524;238101;70762;14.6;4.3
33;2021-04-04;218;160;238319;70922;14.6;4.3
33;2021-04-05;691;123;239010;71045;14.6;4.3
33;2021-04-06;6049;2701;245059;73746;15.0;4.5
33;2021-04-07;7421;2568;252480;76314;15.5;4.7
33;2021-04-08;10323;2782;262803;79096;16.1;4.8
33;2021-04-09;12686;3094;275489;82190;16.9;5.0
33;2021-04-10;5356;1394;280845;83584;17.2;5.1
33;2021-04-11;1002;353;281847;83937;17.3;5.1
33;2021-04-12;7423;3278;289270;87215;17.7;5.3
33;2021-04-13;9317;3480;298587;90695;18.3;5.6
33;2021-04-14;9041;3653;307628;94348;18.8;5.8
33;2021-04-15;10108;3877;317736;98225;19.5;6.0
33;2021-04-16;9720;4225;327456;102450;20.0;6.3
33;2021-04-17;4653;1661;332109;104111;20.3;6.4
33;2021-04-18;929;413;333038;104524;20.4;6.4
33;2021-04-19;5616;3840;338654;108364;20.7;6.6
33;2021-04-20;7293;4267;345947;112631;21.2;6.9
33;2021-04-21;6596;4353;352543;116984;21.6;7.2
33;2021-04-22;7347;4479;359890;121463;22.0;7.4
33;2021-04-23;7707;4821;367597;126284;22.5;7.7
33;2021-04-24;4501;1801;372098;128085;22.8;7.8
33;2021-04-25;1651;418;373749;128503;22.9;7.9
33;2021-04-26;5265;5086;379014;133589;23.2;8.2
33;2021-04-27;6577;5628;385591;139217;23.6;8.5
33;2021-04-28;6783;5567;392374;144784;24.0;8.9
33;2021-04-29;8425;6244;400799;151028;24.5;9.2
33;2021-04-30;8739;6125;409538;157153;25.1;9.6
33;2021-05-01;2901;514;412439;157667;25.2;9.7
33;2021-05-02;1834;346;414273;158013;25.4;9.7
33;2021-05-03;7017;5222;421290;163235;25.8;10.0
33;2021-05-04;6828;6672;428118;169907;26.2;10.4
33;2021-05-05;7142;7571;435260;177478;26.6;10.9
33;2021-05-06;8704;8246;443964;185724;27.2;11.4
33;2021-05-07;8607;8911;452571;194635;27.7;11.9
33;2021-05-08;3542;1602;456113;196237;27.9;12.0
33;2021-05-09;1117;969;457230;197206;28.0;12.1
33;2021-05-10;6877;7313;464107;204519;28.4;12.5
33;2021-05-11;8637;7833;472744;212352;28.9;13.0
33;2021-05-12;9174;6699;481918;219051;29.5;13.4
33;2021-05-13;5209;2112;487127;221163;29.8;13.5
33;2021-05-14;8129;5359;495256;226522;30.3;13.9
33;2021-05-15;5183;2875;500439;229397;30.6;14.0
33;2021-05-16;1842;804;502281;230201;30.7;14.1
33;2021-05-17;8859;5110;511140;235311;31.3;14.4
33;2021-05-18;10623;4890;521763;240201;31.9;14.7
33;2021-05-19;10905;4795;532668;244996;32.6;15.0
33;2021-05-20;10911;5593;543579;250589;33.3;15.3
33;2021-05-21;10919;6258;554498;256847;33.9;15.7
33;2021-05-22;5123;2755;559621;259602;34.3;15.9
33;2021-05-23;1747;384;561368;259986;34.4;15.9
33;2021-05-24;5413;1000;566781;260986;34.7;16.0
33;2021-05-25;9391;5781;576172;266767;35.3;16.3
33;2021-05-26;9677;6043;585849;272810;35.9;16.7
33;2021-05-27;10907;7740;596756;280550;36.5;17.2
33;2021-05-28;10064;9525;606820;290075;37.1;17.8
33;2021-05-29;5041;4116;611861;294191;37.5;18.0
33;2021-05-30;1703;668;613564;294859;37.6;18.1
33;2021-05-31;8558;6427;622122;301286;38.1;18.4
33;2021-06-01;11808;8723;633930;310009;38.8;19.0
33;2021-06-02;11710;8228;645640;318237;39.5;19.5
33;2021-06-03;12714;9204;658354;327441;40.3;20.0
33;2021-06-04;12938;10958;671292;338399;41.1;20.7
33;2021-06-05;5277;5066;676569;343465;41.4;21.0
33;2021-06-06;2526;1192;679095;344657;41.6;21.1
33;2021-06-07;9760;8503;688855;353160;42.2;21.6
33;2021-06-08;11937;9462;700792;362622;42.9;22.2
33;2021-06-09;11776;8537;712568;371159;43.6;22.7
33;2021-06-10;12953;8392;725521;379551;44.4;23.2
33;2021-06-11;12519;11170;738040;390721;45.2;23.9
33;2021-06-12;6189;4476;744229;395197;45.6;24.2
33;2021-06-13;2614;1283;746843;396480;45.7;24.3
33;2021-06-14;8582;10155;755425;406635;46.2;24.9
33;2021-06-15;12059;10274;767484;416909;47.0;25.5
33;2021-06-16;12055;8871;779539;425780;47.7;26.1
33;2021-06-17;13112;9617;792651;435397;48.5;26.7
33;2021-06-18;11798;11441;804449;446838;49.2;27.4
33;2021-06-19;5611;4816;810060;451654;49.6;27.7
33;2021-06-20;2947;1475;813007;453129;49.8;27.7
33;2021-06-21;7876;10166;820883;463295;50.3;28.4
33;2021-06-22;9062;11089;829945;474384;50.8;29.0
33;2021-06-23;8665;10850;838610;485234;51.3;29.7
33;2021-06-24;9746;9984;848356;495218;51.9;30.3
33;2021-06-25;8049;13718;856405;508936;52.4;31.2
33;2021-06-26;4343;5919;860748;514855;52.7;31.5
33;2021-06-27;2468;1962;863216;516817;52.8;31.6
33;2021-06-28;4875;12771;868091;529588;53.1;32.4
33;2021-06-29;6445;13653;874536;543241;53.5;33.3
33;2021-06-30;6681;13398;881217;556639;53.9;34.1
33;2021-07-01;8053;11816;889270;568455;54.4;34.8
33;2021-07-02;6848;15112;896118;583567;54.9;35.7
33;2021-07-03;3226;6784;899344;590351;55.1;36.1
33;2021-07-04;2067;2378;901411;592729;55.2;36.3
33;2021-07-05;4401;12911;905812;605640;55.5;37.1
33;2021-07-06;6149;14596;911961;620236;55.8;38.0
33;2021-07-07;6890;13058;918851;633294;56.3;38.8
33;2021-07-08;7969;12747;926820;646041;56.7;39.6
33;2021-07-09;6471;15109;933291;661150;57.1;40.5
33;2021-07-10;3113;7164;936404;668314;57.3;40.9
33;2021-07-11;1844;2299;938248;670613;57.4;41.1
33;2021-07-12;3946;14703;942194;685316;57.7;42.0
33;2021-07-13;7158;16104;949352;701420;58.1;42.9
33;2021-07-14;3686;5319;953038;706739;58.3;43.3
33;2021-07-15;7622;15976;960660;722715;58.8;44.2
33;2021-07-16;8581;15147;969241;737862;59.3;45.2
33;2021-07-17;3156;6431;972397;744293;59.5;45.6
33;2021-07-18;1703;3206;974100;747499;59.6;45.8
33;2021-07-19;5865;15102;979965;762601;60.0;46.7
33;2021-07-20;7421;16132;987386;778733;60.4;47.7
33;2021-07-21;8364;14542;995750;793275;61.0;48.6
33;2021-07-22;9361;15109;1005111;808384;61.5;49.5
33;2021-07-23;9654;16354;1014765;824738;62.1;50.5
33;2021-07-24;3834;7553;1018599;832291;62.4;51.0
33;2021-07-25;2091;2665;1020690;834956;62.5;51.1
33;2021-07-26;6953;13423;1027643;848379;62.9;51.9
33;2021-07-27;10078;13401;1037721;861780;63.5;52.8
33;2021-07-28;10923;11970;1048644;873750;64.2;53.5
33;2021-07-29;11664;11906;1060308;885656;64.9;54.2
33;2021-07-30;11376;12218;1071684;897874;65.6;55.0
33;2021-07-31;4746;5651;1076430;903525;65.9;55.3
33;2021-08-01;2479;1950;1078909;905475;66.1;55.4
33;2021-08-02;8373;9891;1087282;915366;66.6;56.0
33;2021-08-03;11472;9015;1098754;924381;67.3;56.6
33;2021-08-04;11872;7351;1110626;931732;68.0;57.0
33;2021-08-05;11881;8027;1122507;939759;68.7;57.5
33;2021-08-06;11160;9057;1133667;948816;69.4;58.1
33;2021-08-07;5897;4511;1139564;953327;69.8;58.4
33;2021-08-08;3197;1818;1142761;955145;70.0;58.5
33;2021-08-09;8606;8725;1151367;963870;70.5;59.0
33;2021-08-10;9298;8429;1160665;972299;71.1;59.5
33;2021-08-11;8060;7575;1168725;979874;71.5;60.0
33;2021-08-12;7929;8015;1176654;987889;72.0;60.5
33;2021-08-13;7750;7678;1184404;995567;72.5;60.9
33;2021-08-14;3479;4329;1187883;999896;72.7;61.2
33;2021-08-15;1197;1877;1189080;1001773;72.8;61.3
33;2021-08-16;6399;8637;1195479;1010410;73.2;61.9
33;2021-08-17;6583;9063;1202062;1019473;73.6;62.4
33;2021-08-18;5566;8769;1207628;1028242;73.9;62.9
33;2021-08-19;5466;9113;1213094;1037355;74.3;63.5
33;2021-08-20;4896;9828;1217990;1047183;74.6;64.1
33;2021-08-21;2179;5029;1220169;1052212;74.7;64.4
33;2021-08-22;562;2367;1220731;1054579;74.7;64.6
33;2021-08-23;3886;10290;1224617;1064869;75.0;65.2
33;2021-08-24;4103;11087;1228720;1075956;75.2;65.9
33;2021-08-25;3695;10474;1232415;1086430;75.4;66.5
33;2021-08-26;3593;11036;1236008;1097466;75.7;67.2
33;2021-08-27;3747;12579;1239755;1110045;75.9;68.0
33;2021-08-28;1553;6628;1241308;1116673;76.0;68.4
33;2021-08-29;449;2426;1241757;1119099;76.0;68.5
33;2021-08-30;2286;10523;1244043;1129622;76.2;69.2
34;2020-12-27;1;0;1;0;0.0;0.0
34;2020-12-28;1;0;2;0;0.0;0.0
34;2020-12-29;0;0;2;0;0.0;0.0
34;2020-12-30;0;0;2;0;0.0;0.0
34;2020-12-31;0;0;2;0;0.0;0.0
34;2021-01-01;1;0;3;0;0.0;0.0
34;2021-01-02;2;0;5;0;0.0;0.0
34;2021-01-03;0;0;5;0;0.0;0.0
34;2021-01-04;21;0;26;0;0.0;0.0
34;2021-01-05;106;2;132;2;0.0;0.0
34;2021-01-06;198;1;330;3;0.0;0.0
34;2021-01-07;364;0;694;3;0.1;0.0
34;2021-01-08;606;0;1300;3;0.1;0.0
34;2021-01-09;244;0;1544;3;0.1;0.0
34;2021-01-10;95;1;1639;4;0.1;0.0
34;2021-01-11;567;2;2206;6;0.2;0.0
34;2021-01-12;1007;1;3213;7;0.3;0.0
34;2021-01-13;1098;6;4311;13;0.4;0.0
34;2021-01-14;1957;13;6268;26;0.5;0.0
34;2021-01-15;1469;5;7737;31;0.7;0.0
34;2021-01-16;331;7;8068;38;0.7;0.0
34;2021-01-17;233;1;8301;39;0.7;0.0
34;2021-01-18;1125;4;9426;43;0.8;0.0
34;2021-01-19;1610;8;11036;51;0.9;0.0
34;2021-01-20;2076;9;13112;60;1.1;0.0
34;2021-01-21;4234;10;17346;70;1.5;0.0
34;2021-01-22;2551;8;19897;78;1.7;0.0
34;2021-01-23;599;2;20496;80;1.7;0.0
34;2021-01-24;2;0;20498;80;1.7;0.0
34;2021-01-25;1243;5;21741;85;1.8;0.0
34;2021-01-26;1459;20;23200;105;2.0;0.0
34;2021-01-27;1468;23;24668;128;2.1;0.0
34;2021-01-28;1392;124;26060;252;2.2;0.0
34;2021-01-29;1259;137;27319;389;2.3;0.0
34;2021-01-30;479;25;27798;414;2.4;0.0
34;2021-01-31;4;0;27802;414;2.4;0.0
34;2021-02-01;1028;247;28830;661;2.5;0.1
34;2021-02-02;1458;441;30288;1102;2.6;0.1
34;2021-02-03;2655;524;32943;1626;2.8;0.1
34;2021-02-04;2313;882;35256;2508;3.0;0.2
34;2021-02-05;1889;1177;37145;3685;3.2;0.3
34;2021-02-06;496;235;37641;3920;3.2;0.3
34;2021-02-07;31;107;37672;4027;3.2;0.3
34;2021-02-08;860;1054;38532;5081;3.3;0.4
34;2021-02-09;1033;1300;39565;6381;3.4;0.5
34;2021-02-10;1294;1502;40859;7883;3.5;0.7
34;2021-02-11;1791;2700;42650;10583;3.6;0.9
34;2021-02-12;1921;1644;44571;12227;3.8;1.0
34;2021-02-13;356;505;44927;12732;3.8;1.1
34;2021-02-14;22;286;44949;13018;3.8;1.1
34;2021-02-15;673;1198;45622;14216;3.9;1.2
34;2021-02-16;664;1512;46286;15728;3.9;1.3
34;2021-02-17;712;1515;46998;17243;4.0;1.5
34;2021-02-18;835;1487;47833;18730;4.1;1.6
34;2021-02-19;815;1221;48648;19951;4.1;1.7
34;2021-02-20;301;475;48949;20426;4.2;1.7
34;2021-02-21;64;18;49013;20444;4.2;1.7
34;2021-02-22;630;1293;49643;21737;4.2;1.8
34;2021-02-23;562;1476;50205;23213;4.3;2.0
34;2021-02-24;938;2334;51143;25547;4.3;2.2
34;2021-02-25;1606;2271;52749;27818;4.5;2.4
34;2021-02-26;1849;1625;54598;29443;4.6;2.5
34;2021-02-27;701;432;55299;29875;4.7;2.5
34;2021-02-28;86;64;55385;29939;4.7;2.5
34;2021-03-01;929;1161;56314;31100;4.8;2.6
34;2021-03-02;1589;1277;57903;32377;4.9;2.8
34;2021-03-03;1833;1406;59736;33783;5.1;2.9
34;2021-03-04;2866;1624;62602;35407;5.3;3.0
34;2021-03-05;3686;1543;66288;36950;5.6;3.1
34;2021-03-06;2644;205;68932;37155;5.9;3.2
34;2021-03-07;1243;78;70175;37233;6.0;3.2
34;2021-03-08;2780;1009;72955;38242;6.2;3.3
34;2021-03-09;4016;1452;76971;39694;6.5;3.4
34;2021-03-10;3992;1337;80963;41031;6.9;3.5
34;2021-03-11;5435;1303;86398;42334;7.3;3.6
34;2021-03-12;6493;933;92891;43267;7.9;3.7
34;2021-03-13;3136;179;96027;43446;8.2;3.7
34;2021-03-14;1002;54;97029;43500;8.2;3.7
34;2021-03-15;3304;566;100333;44066;8.5;3.7
34;2021-03-16;2913;667;103246;44733;8.8;3.8
34;2021-03-17;3303;740;106549;45473;9.1;3.9
34;2021-03-18;3448;921;109997;46394;9.4;3.9
34;2021-03-19;4692;793;114689;47187;9.8;4.0
34;2021-03-20;3145;66;117834;47253;10.0;4.0
34;2021-03-21;1997;60;119831;47313;10.2;4.0
34;2021-03-22;3682;467;123513;47780;10.5;4.1
34;2021-03-23;4962;541;128475;48321;10.9;4.1
34;2021-03-24;5218;648;133693;48969;11.4;4.2
34;2021-03-25;7197;723;140890;49692;12.0;4.2
34;2021-03-26;7169;575;148059;50267;12.6;4.3
34;2021-03-27;2372;82;150431;50349;12.8;4.3
34;2021-03-28;699;21;151130;50370;12.8;4.3
34;2021-03-29;4185;762;155315;51132;13.2;4.3
34;2021-03-30;5221;972;160536;52104;13.6;4.4
34;2021-03-31;5067;1203;165603;53307;14.1;4.5
34;2021-04-01;7033;1039;172636;54346;14.7;4.6
34;2021-04-02;5823;1188;178459;55534;15.2;4.7
34;2021-04-03;1138;87;179597;55621;15.3;4.7
34;2021-04-04;166;5;179763;55626;15.3;4.7
34;2021-04-05;432;26;180195;55652;15.3;4.7
34;2021-04-06;3134;2458;183329;58110;15.6;4.9
34;2021-04-07;3385;2644;186714;60754;15.9;5.2
34;2021-04-08;5252;2815;191966;63569;16.3;5.4
34;2021-04-09;8072;2499;200038;66068;17.0;5.6
34;2021-04-10;3166;1372;203204;67440;17.3;5.7
34;2021-04-11;1715;808;204919;68248;17.4;5.8
34;2021-04-12;4492;2526;209411;70774;17.8;6.0
34;2021-04-13;5238;3060;214649;73834;18.3;6.3
34;2021-04-14;5618;3242;220267;77076;18.7;6.6
34;2021-04-15;6998;3171;227265;80247;19.3;6.8
34;2021-04-16;6576;3165;233841;83412;19.9;7.1
34;2021-04-17;2377;2070;236218;85482;20.1;7.3
34;2021-04-18;988;1722;237206;87204;20.2;7.4
34;2021-04-19;3421;3124;240627;90328;20.5;7.7
34;2021-04-20;3766;3667;244393;93995;20.8;8.0
34;2021-04-21;4244;3727;248637;97722;21.1;8.3
34;2021-04-22;4486;4615;253123;102337;21.5;8.7
34;2021-04-23;5374;3529;258497;105866;22.0;9.0
34;2021-04-24;3165;1583;261662;107449;22.2;9.1
34;2021-04-25;1919;647;263581;108096;22.4;9.2
34;2021-04-26;4225;3481;267806;111577;22.8;9.5
34;2021-04-27;5127;4027;272933;115604;23.2;9.8
34;2021-04-28;5769;3550;278702;119154;23.7;10.1
34;2021-04-29;6420;3941;285122;123095;24.2;10.5
34;2021-04-30;7871;3301;292993;126396;24.9;10.7
34;2021-05-01;2403;501;295396;126897;25.1;10.8
34;2021-05-02;3260;325;298656;127222;25.4;10.8
34;2021-05-03;6574;2907;305230;130129;26.0;11.1
34;2021-05-04;7110;3804;312340;133933;26.6;11.4
34;2021-05-05;6498;4535;318838;138468;27.1;11.8
34;2021-05-06;6946;5212;325784;143680;27.7;12.2
34;2021-05-07;6928;5684;332712;149364;28.3;12.7
34;2021-05-08;3609;1170;336321;150534;28.6;12.8
34;2021-05-09;2178;1287;338499;151821;28.8;12.9
34;2021-05-10;5855;4810;344354;156631;29.3;13.3
34;2021-05-11;7414;5331;351768;161962;29.9;13.8
34;2021-05-12;7756;4465;359524;166427;30.6;14.2
34;2021-05-13;6126;781;365650;167208;31.1;14.2
34;2021-05-14;7491;3743;373141;170951;31.7;14.5
34;2021-05-15;4865;1691;378006;172642;32.1;14.7
34;2021-05-16;4952;459;382958;173101;32.6;14.7
34;2021-05-17;8694;1984;391652;175085;33.3;14.9
34;2021-05-18;9143;1978;400795;177063;34.1;15.1
34;2021-05-19;8628;1809;409423;178872;34.8;15.2
34;2021-05-20;8868;2508;418291;181380;35.6;15.4
34;2021-05-21;8785;3228;427076;184608;36.3;15.7
34;2021-05-22;5788;1156;432864;185764;36.8;15.8
34;2021-05-23;3884;549;436748;186313;37.1;15.8
34;2021-05-24;1898;854;438646;187167;37.3;15.9
34;2021-05-25;7141;3814;445787;190981;37.9;16.2
34;2021-05-26;8325;3035;454112;194016;38.6;16.5
34;2021-05-27;8320;4306;462432;198322;39.3;16.9
34;2021-05-28;8051;5450;470483;203772;40.0;17.3
34;2021-05-29;4008;3109;474491;206881;40.3;17.6
34;2021-05-30;1988;1390;476479;208271;40.5;17.7
34;2021-05-31;5876;5258;482355;213529;41.0;18.2
34;2021-06-01;6954;6116;489309;219645;41.6;18.7
34;2021-06-02;6135;5812;495444;225457;42.1;19.2
34;2021-06-03;7716;6492;503160;231949;42.8;19.7
34;2021-06-04;7661;7591;510821;239540;43.4;20.4
34;2021-06-05;4141;3677;514962;243217;43.8;20.7
34;2021-06-06;3269;1864;518231;245081;44.1;20.8
34;2021-06-07;4421;6768;522652;251849;44.4;21.4
34;2021-06-08;5859;6828;528511;258677;44.9;22.0
34;2021-06-09;5828;6841;534339;265518;45.4;22.6
34;2021-06-10;6319;6874;540658;272392;46.0;23.2
34;2021-06-11;5400;9280;546058;281672;46.4;23.9
34;2021-06-12;3169;4727;549227;286399;46.7;24.4
34;2021-06-13;1080;1908;550307;288307;46.8;24.5
34;2021-06-14;3447;7817;553754;296124;47.1;25.2
34;2021-06-15;3955;8795;557709;304919;47.4;25.9
34;2021-06-16;4617;7855;562326;312774;47.8;26.6
34;2021-06-17;4224;7956;566550;320730;48.2;27.3
34;2021-06-18;4348;9332;570898;330062;48.5;28.1
34;2021-06-19;2735;4406;573633;334468;48.8;28.4
34;2021-06-20;891;2873;574524;337341;48.8;28.7
34;2021-06-21;2179;8559;576703;345900;49.0;29.4
34;2021-06-22;2976;9410;579679;355310;49.3;30.2
34;2021-06-23;3526;8973;583205;364283;49.6;31.0
34;2021-06-24;3559;8682;586764;372965;49.9;31.7
34;2021-06-25;3373;10437;590137;383402;50.2;32.6
34;2021-06-26;1643;6189;591780;389591;50.3;33.1
34;2021-06-27;308;4270;592088;393861;50.3;33.5
34;2021-06-28;2264;9437;594352;403298;50.5;34.3
34;2021-06-29;2686;10301;597038;413599;50.8;35.2
34;2021-06-30;3355;9552;600393;423151;51.0;36.0
34;2021-07-01;3523;9442;603916;432593;51.3;36.8
34;2021-07-02;3419;9744;607335;442337;51.6;37.6
34;2021-07-03;1682;6161;609017;448498;51.8;38.1
34;2021-07-04;312;2763;609329;451261;51.8;38.4
34;2021-07-05;3226;7999;612555;459260;52.1;39.0
34;2021-07-06;3533;9180;616088;468440;52.4;39.8
34;2021-07-07;3273;8645;619361;477085;52.7;40.6
34;2021-07-08;4300;8868;623661;485953;53.0;41.3
34;2021-07-09;4004;9344;627665;495297;53.4;42.1
34;2021-07-10;2142;5718;629807;501015;53.5;42.6
34;2021-07-11;924;2577;630731;503592;53.6;42.8
34;2021-07-12;2889;8970;633620;512562;53.9;43.6
34;2021-07-13;4583;10045;638203;522607;54.3;44.4
34;2021-07-14;775;353;638978;522960;54.3;44.5
34;2021-07-15;5909;10393;644887;533353;54.8;45.3
34;2021-07-16;5858;10730;650745;544083;55.3;46.3
34;2021-07-17;4494;4412;655239;548495;55.7;46.6
34;2021-07-18;233;199;655472;548694;55.7;46.7
34;2021-07-19;5115;8330;660587;557024;56.2;47.4
34;2021-07-20;6903;8384;667490;565408;56.8;48.1
34;2021-07-21;7654;7815;675144;573223;57.4;48.7
34;2021-07-22;7437;8168;682581;581391;58.0;49.4
34;2021-07-23;7831;8155;690412;589546;58.7;50.1
34;2021-07-24;6144;3054;696556;592600;59.2;50.4
34;2021-07-25;3214;538;699770;593138;59.5;50.4
34;2021-07-26;6238;6431;706008;599569;60.0;51.0
34;2021-07-27;8743;6043;714751;605612;60.8;51.5
34;2021-07-28;9690;5914;724441;611526;61.6;52.0
34;2021-07-29;11309;6041;735750;617567;62.6;52.5
34;2021-07-30;9840;6531;745590;624098;63.4;53.1
34;2021-07-31;6438;2178;752028;626276;63.9;53.2
34;2021-08-01;3313;614;755341;626890;64.2;53.3
34;2021-08-02;7329;5050;762670;631940;64.8;53.7
34;2021-08-03;8106;5380;770776;637320;65.5;54.2
34;2021-08-04;8311;4554;779087;641874;66.2;54.6
34;2021-08-05;7089;5013;786176;646887;66.8;55.0
34;2021-08-06;5867;5217;792043;652104;67.3;55.4
34;2021-08-07;3088;2427;795131;654531;67.6;55.7
34;2021-08-08;197;206;795328;654737;67.6;55.7
34;2021-08-09;4727;6162;800055;660899;68.0;56.2
34;2021-08-10;5342;6474;805397;667373;68.5;56.7
34;2021-08-11;4810;6534;810207;673907;68.9;57.3
34;2021-08-12;4539;6186;814746;680093;69.3;57.8
34;2021-08-13;4061;5723;818807;685816;69.6;58.3
34;2021-08-14;1788;2880;820595;688696;69.8;58.6
34;2021-08-15;198;189;820793;688885;69.8;58.6
34;2021-08-16;2843;7534;823636;696419;70.0;59.2
34;2021-08-17;3541;8272;827177;704691;70.3;59.9
34;2021-08-18;3172;7544;830349;712235;70.6;60.6
34;2021-08-19;3234;7767;833583;720002;70.9;61.2
34;2021-08-20;2697;7705;836280;727707;71.1;61.9
34;2021-08-21;1375;3555;837655;731262;71.2;62.2
34;2021-08-22;159;309;837814;731571;71.2;62.2
34;2021-08-23;2311;8648;840125;740219;71.4;62.9
34;2021-08-24;2710;8949;842835;749168;71.7;63.7
34;2021-08-25;2320;8529;845155;757697;71.9;64.4
34;2021-08-26;2554;7880;847709;765577;72.1;65.1
34;2021-08-27;2166;7551;849875;773128;72.3;65.7
34;2021-08-28;1104;3552;850979;776680;72.4;66.0
34;2021-08-29;347;1347;851326;778027;72.4;66.2
34;2021-08-30;2028;6876;853354;784903;72.6;66.7
35;2020-12-27;0;0;0;0;0.0;0.0
35;2020-12-28;0;0;0;0;0.0;0.0
35;2020-12-29;2;0;2;0;0.0;0.0
35;2020-12-30;0;0;2;0;0.0;0.0
35;2020-12-31;1;0;3;0;0.0;0.0
35;2021-01-01;3;0;6;0;0.0;0.0
35;2021-01-02;1;0;7;0;0.0;0.0
35;2021-01-03;0;0;7;0;0.0;0.0
35;2021-01-04;10;0;17;0;0.0;0.0
35;2021-01-05;110;0;127;0;0.0;0.0
35;2021-01-06;175;0;302;0;0.0;0.0
35;2021-01-07;440;1;742;1;0.1;0.0
35;2021-01-08;513;1;1255;2;0.1;0.0
35;2021-01-09;31;0;1286;2;0.1;0.0
35;2021-01-10;2;0;1288;2;0.1;0.0
35;2021-01-11;538;0;1826;2;0.2;0.0
35;2021-01-12;886;2;2712;4;0.3;0.0
35;2021-01-13;967;1;3679;5;0.3;0.0
35;2021-01-14;1262;19;4941;24;0.5;0.0
35;2021-01-15;728;2;5669;26;0.5;0.0
35;2021-01-16;189;2;5858;28;0.5;0.0
35;2021-01-17;43;0;5901;28;0.5;0.0
35;2021-01-18;1222;2;7123;30;0.7;0.0
35;2021-01-19;5406;14;12529;44;1.2;0.0
35;2021-01-20;3235;8;15764;52;1.5;0.0
35;2021-01-21;3636;5;19400;57;1.8;0.0
35;2021-01-22;2089;10;21489;67;2.0;0.0
35;2021-01-23;421;1;21910;68;2.0;0.0
35;2021-01-24;50;0;21960;68;2.0;0.0
35;2021-01-25;917;17;22877;85;2.1;0.0
35;2021-01-26;1129;140;24006;225;2.2;0.0
35;2021-01-27;1031;122;25037;347;2.3;0.0
35;2021-01-28;915;295;25952;642;2.4;0.1
35;2021-01-29;724;290;26676;932;2.5;0.1
35;2021-01-30;139;20;26815;952;2.5;0.1
35;2021-01-31;0;0;26815;952;2.5;0.1
35;2021-02-01;670;333;27485;1285;2.5;0.1
35;2021-02-02;726;484;28211;1769;2.6;0.2
35;2021-02-03;661;506;28872;2275;2.7;0.2
35;2021-02-04;589;655;29461;2930;2.7;0.3
35;2021-02-05;624;563;30085;3493;2.8;0.3
35;2021-02-06;171;5;30256;3498;2.8;0.3
35;2021-02-07;1;0;30257;3498;2.8;0.3
35;2021-02-08;446;652;30703;4150;2.8;0.4
35;2021-02-09;1715;3550;32418;7700;3.0;0.7
35;2021-02-10;1367;2722;33785;10422;3.1;1.0
35;2021-02-11;1948;3228;35733;13650;3.3;1.3
35;2021-02-12;1662;1725;37395;15375;3.5;1.4
35;2021-02-13;58;253;37453;15628;3.5;1.4
35;2021-02-14;7;68;37460;15696;3.5;1.5
35;2021-02-15;771;1089;38231;16785;3.5;1.6
35;2021-02-16;920;1021;39151;17806;3.6;1.6
35;2021-02-17;892;1086;40043;18892;3.7;1.7
35;2021-02-18;1014;991;41057;19883;3.8;1.8
35;2021-02-19;1011;962;42068;20845;3.9;1.9
35;2021-02-20;143;49;42211;20894;3.9;1.9
35;2021-02-21;5;0;42216;20894;3.9;1.9
35;2021-02-22;777;822;42993;21716;4.0;2.0
35;2021-02-23;1288;859;44281;22575;4.1;2.1
35;2021-02-24;1403;812;45684;23387;4.2;2.2
35;2021-02-25;2247;786;47931;24173;4.4;2.2
35;2021-02-26;2601;727;50532;24900;4.7;2.3
35;2021-02-27;869;103;51401;25003;4.8;2.3
35;2021-02-28;9;0;51410;25003;4.8;2.3
35;2021-03-01;961;694;52371;25697;4.8;2.4
35;2021-03-02;1634;1993;54005;27690;5.0;2.6
35;2021-03-03;1910;969;55915;28659;5.2;2.6
35;2021-03-04;2918;1413;58833;30072;5.4;2.8
35;2021-03-05;3714;1344;62547;31416;5.8;2.9
35;2021-03-06;1340;89;63887;31505;5.9;2.9
35;2021-03-07;1;40;63888;31545;5.9;2.9
35;2021-03-08;1473;584;65361;32129;6.0;3.0
35;2021-03-09;3233;609;68594;32738;6.3;3.0
35;2021-03-10;2905;562;71499;33300;6.6;3.1
35;2021-03-11;4198;717;75697;34017;7.0;3.1
35;2021-03-12;6047;601;81744;34618;7.6;3.2
35;2021-03-13;2426;135;84170;34753;7.8;3.2
35;2021-03-14;18;25;84188;34778;7.8;3.2
35;2021-03-15;1966;669;86154;35447;8.0;3.3
35;2021-03-16;2503;728;88657;36175;8.2;3.3
35;2021-03-17;2398;608;91055;36783;8.4;3.4
35;2021-03-18;2334;596;93389;37379;8.6;3.5
35;2021-03-19;3546;510;96935;37889;9.0;3.5
35;2021-03-20;1541;111;98476;38000;9.1;3.5
35;2021-03-21;38;1;98514;38001;9.1;3.5
35;2021-03-22;1750;842;100264;38843;9.3;3.6
35;2021-03-23;3625;1184;103889;40027;9.6;3.7
35;2021-03-24;3732;994;107621;41021;9.9;3.8
35;2021-03-25;5330;1000;112951;42021;10.4;3.9
35;2021-03-26;5848;813;118799;42834;11.0;4.0
35;2021-03-27;1416;211;120215;43045;11.1;4.0
35;2021-03-28;4;0;120219;43045;11.1;4.0
35;2021-03-29;2780;910;122999;43955;11.4;4.1
35;2021-03-30;4291;1332;127290;45287;11.8;4.2
35;2021-03-31;3471;1337;130761;46624;12.1;4.3
35;2021-04-01;4250;1240;135011;47864;12.5;4.4
35;2021-04-02;4864;1207;139875;49071;12.9;4.5
35;2021-04-03;763;213;140638;49284;13.0;4.6
35;2021-04-04;6;0;140644;49284;13.0;4.6
35;2021-04-05;21;1;140665;49285;13.0;4.6
35;2021-04-06;3281;2033;143946;51318;13.3;4.7
35;2021-04-07;3963;1844;147909;53162;13.7;4.9
35;2021-04-08;5804;1594;153713;54756;14.2;5.1
35;2021-04-09;7426;1413;161139;56169;14.9;5.2
35;2021-04-10;1861;252;163000;56421;15.1;5.2
35;2021-04-11;35;23;163035;56444;15.1;5.2
35;2021-04-12;5137;1600;168172;58044;15.5;5.4
35;2021-04-13;7623;2786;175795;60830;16.2;5.6
35;2021-04-14;6312;2298;182107;63128;16.8;5.8
35;2021-04-15;7565;2177;189672;65305;17.5;6.0
35;2021-04-16;8080;1761;197752;67066;18.3;6.2
35;2021-04-17;1571;222;199323;67288;18.4;6.2
35;2021-04-18;10;4;199333;67292;18.4;6.2
35;2021-04-19;4819;1673;204152;68965;18.9;6.4
35;2021-04-20;5162;2641;209314;71606;19.3;6.6
35;2021-04-21;5130;2208;214444;73814;19.8;6.8
35;2021-04-22;6428;2325;220872;76139;20.4;7.0
35;2021-04-23;6822;2363;227694;78502;21.0;7.3
35;2021-04-24;1131;262;228825;78764;21.1;7.3
35;2021-04-25;8;16;228833;78780;21.1;7.3
35;2021-04-26;5101;2156;233934;80936;21.6;7.5
35;2021-04-27;6089;3206;240023;84142;22.2;7.8
35;2021-04-28;6174;2567;246197;86709;22.8;8.0
35;2021-04-29;7116;2760;253313;89469;23.4;8.3
35;2021-04-30;7562;2541;260875;92010;24.1;8.5
35;2021-05-01;618;239;261493;92249;24.2;8.5
35;2021-05-02;15;21;261508;92270;24.2;8.5
35;2021-05-03;5308;2332;266816;94602;24.7;8.7
35;2021-05-04;5073;5339;271889;99941;25.1;9.2
35;2021-05-05;4883;4450;276772;104391;25.6;9.6
35;2021-05-06;6175;5274;282947;109665;26.1;10.1
35;2021-05-07;5619;5256;288566;114921;26.7;10.6
35;2021-05-08;1720;135;290286;115056;26.8;10.6
35;2021-05-09;698;75;290984;115131;26.9;10.6
35;2021-05-10;3725;4958;294709;120089;27.2;11.1
35;2021-05-11;4777;5808;299486;125897;27.7;11.6
35;2021-05-12;5290;5499;304776;131396;28.2;12.1
35;2021-05-13;2700;1427;307476;132823;28.4;12.3
35;2021-05-14;5458;4282;312934;137105;28.9;12.7
35;2021-05-15;2930;718;315864;137823;29.2;12.7
35;2021-05-16;999;61;316863;137884;29.3;12.7
35;2021-05-17;4475;3886;321338;141770;29.7;13.1
35;2021-05-18;5837;4326;327175;146096;30.2;13.5
35;2021-05-19;5868;3636;333043;149732;30.8;13.8
35;2021-05-20;6447;4013;339490;153745;31.4;14.2
35;2021-05-21;6140;4771;345630;158516;31.9;14.6
35;2021-05-22;2118;740;347748;159256;32.1;14.7
35;2021-05-23;688;46;348436;159302;32.2;14.7
35;2021-05-24;3207;1297;351643;160599;32.5;14.8
35;2021-05-25;5543;4277;357186;164876;33.0;15.2
35;2021-05-26;5726;4166;362912;169042;33.5;15.6
35;2021-05-27;6528;4782;369440;173824;34.1;16.1
35;2021-05-28;6333;5578;375773;179402;34.7;16.6
35;2021-05-29;2875;1148;378648;180550;35.0;16.7
35;2021-05-30;877;39;379525;180589;35.1;16.7
35;2021-05-31;6310;4392;385835;184981;35.7;17.1
35;2021-06-01;7364;5125;393199;190106;36.3;17.6
35;2021-06-02;7222;3799;400421;193905;37.0;17.9
35;2021-06-03;8155;4997;408576;198902;37.8;18.4
35;2021-06-04;7275;7461;415851;206363;38.4;19.1
35;2021-06-05;4139;1584;419990;207947;38.8;19.2
35;2021-06-06;3055;147;423045;208094;39.1;19.2
35;2021-06-07;5781;5777;428826;213871;39.6;19.8
35;2021-06-08;7600;5956;436426;219827;40.3;20.3
35;2021-06-09;8464;4818;444890;224645;41.1;20.8
35;2021-06-10;9345;4751;454235;229396;42.0;21.2
35;2021-06-11;8637;7475;462872;236871;42.8;21.9
35;2021-06-12;4688;1209;467560;238080;43.2;22.0
35;2021-06-13;3386;225;470946;238305;43.5;22.0
35;2021-06-14;6233;6519;477179;244824;44.1;22.6
35;2021-06-15;7505;6967;484684;251791;44.8;23.3
35;2021-06-16;8322;5624;493006;257415;45.6;23.8
35;2021-06-17;8895;5906;501901;263321;46.4;24.3
35;2021-06-18;8718;8103;510619;271424;47.2;25.1
35;2021-06-19;1504;2510;512123;273934;47.3;25.3
35;2021-06-20;2955;883;515078;274817;47.6;25.4
35;2021-06-21;5933;6378;521011;281195;48.1;26.0
35;2021-06-22;6840;7499;527851;288694;48.8;26.7
35;2021-06-23;7252;6146;535103;294840;49.5;27.2
35;2021-06-24;8371;5926;543474;300766;50.2;27.8
35;2021-06-25;6630;8483;550104;309249;50.8;28.6
35;2021-06-26;1107;3077;551211;312326;50.9;28.9
35;2021-06-27;2637;1030;553848;313356;51.2;29.0
35;2021-06-28;4295;7760;558143;321116;51.6;29.7
35;2021-06-29;5091;7972;563234;329088;52.1;30.4
35;2021-06-30;5604;7895;568838;336983;52.6;31.1
35;2021-07-01;6586;7549;575424;344532;53.2;31.8
35;2021-07-02;5331;9858;580755;354390;53.7;32.8
35;2021-07-03;1083;2839;581838;357229;53.8;33.0
35;2021-07-04;2149;1555;583987;358784;54.0;33.2
35;2021-07-05;3735;8206;587722;366990;54.3;33.9
35;2021-07-06;4788;9477;592510;376467;54.8;34.8
35;2021-07-07;5056;8321;597566;384788;55.2;35.6
35;2021-07-08;5383;8487;602949;393275;55.7;36.3
35;2021-07-09;3906;11546;606855;404821;56.1;37.4
35;2021-07-10;890;3148;607745;407969;56.2;37.7
35;2021-07-11;1301;2356;609046;410325;56.3;37.9
35;2021-07-12;3117;9144;612163;419469;56.6;38.8
35;2021-07-13;3980;10748;616143;430217;56.9;39.8
35;2021-07-14;2150;4449;618293;434666;57.1;40.2
35;2021-07-15;4292;10180;622585;444846;57.5;41.1
35;2021-07-16;4798;11012;627383;455858;58.0;42.1
35;2021-07-17;1985;4065;629368;459923;58.2;42.5
35;2021-07-18;844;2569;630212;462492;58.2;42.7
35;2021-07-19;3253;8974;633465;471466;58.5;43.6
35;2021-07-20;4242;10594;637707;482060;58.9;44.5
35;2021-07-21;4362;9389;642069;491449;59.3;45.4
35;2021-07-22;4846;9662;646915;501111;59.8;46.3
35;2021-07-23;4561;11015;651476;512126;60.2;47.3
35;2021-07-24;1587;4272;653063;516398;60.4;47.7
35;2021-07-25;815;2846;653878;519244;60.4;48.0
35;2021-07-26;3888;8736;657766;527980;60.8;48.8
35;2021-07-27;5268;9653;663034;537633;61.3;49.7
35;2021-07-28;5311;8674;668345;546307;61.8;50.5
35;2021-07-29;6101;8339;674446;554646;62.3;51.3
35;2021-07-30;5889;9089;680335;563735;62.9;52.1
35;2021-07-31;2313;3655;682648;567390;63.1;52.4
35;2021-08-01;1523;2414;684171;569804;63.2;52.7
35;2021-08-02;4742;6951;688913;576755;63.7;53.3
35;2021-08-03;6701;7584;695614;584339;64.3;54.0
35;2021-08-04;6691;6594;702305;590933;64.9;54.6
35;2021-08-05;6664;6977;708969;597910;65.5;55.3
35;2021-08-06;6014;7319;714983;605229;66.1;55.9
35;2021-08-07;2101;3150;717084;608379;66.3;56.2
35;2021-08-08;1524;2254;718608;610633;66.4;56.4
35;2021-08-09;4584;5536;723192;616169;66.8;56.9
35;2021-08-10;6521;6365;729713;622534;67.4;57.5
35;2021-08-11;6429;5861;736142;628395;68.0;58.1
35;2021-08-12;6940;5580;743082;633975;68.7;58.6
35;2021-08-13;6593;5057;749675;639032;69.3;59.1
35;2021-08-14;3037;1981;752712;641013;69.6;59.2
35;2021-08-15;2466;1255;755178;642268;69.8;59.4
35;2021-08-16;4834;5288;760012;647556;70.2;59.8
35;2021-08-17;6343;6068;766355;653624;70.8;60.4
35;2021-08-18;6441;5623;772796;659247;71.4;60.9
35;2021-08-19;6250;5750;779046;664997;72.0;61.5
35;2021-08-20;5100;6341;784146;671338;72.5;62.0
35;2021-08-21;2376;2626;786522;673964;72.7;62.3
35;2021-08-22;1760;1789;788282;675753;72.8;62.4
35;2021-08-23;3087;6005;791369;681758;73.1;63.0
35;2021-08-24;3454;7219;794823;688977;73.5;63.7
35;2021-08-25;3269;6599;798092;695576;73.8;64.3
35;2021-08-26;2615;6883;800707;702459;74.0;64.9
35;2021-08-27;2726;7247;803433;709706;74.2;65.6
35;2021-08-28;1173;2948;804606;712654;74.4;65.9
35;2021-08-29;521;1757;805127;714411;74.4;66.0
35;2021-08-30;1943;5472;807070;719883;74.6;66.5
36;2020-12-27;0;0;0;0;0.0;0.0
36;2020-12-28;0;0;0;0;0.0;0.0
36;2020-12-29;0;0;0;0;0.0;0.0
36;2020-12-30;0;0;0;0;0.0;0.0
36;2020-12-31;0;0;0;0;0.0;0.0
36;2021-01-01;0;0;0;0;0.0;0.0
36;2021-01-02;0;0;0;0;0.0;0.0
36;2021-01-03;0;0;0;0;0.0;0.0
36;2021-01-04;2;0;2;0;0.0;0.0
36;2021-01-05;0;0;2;0;0.0;0.0
36;2021-01-06;24;0;26;0;0.0;0.0
36;2021-01-07;51;0;77;0;0.0;0.0
36;2021-01-08;111;0;188;0;0.1;0.0
36;2021-01-09;83;0;271;0;0.1;0.0
36;2021-01-10;142;0;413;0;0.2;0.0
36;2021-01-11;239;1;652;1;0.3;0.0
36;2021-01-12;282;0;934;1;0.4;0.0
36;2021-01-13;198;1;1132;2;0.5;0.0
36;2021-01-14;505;4;1637;6;0.8;0.0
36;2021-01-15;179;1;1816;7;0.8;0.0
36;2021-01-16;24;1;1840;8;0.8;0.0
36;2021-01-17;19;1;1859;9;0.9;0.0
36;2021-01-18;613;4;2472;13;1.1;0.0
36;2021-01-19;1175;2;3647;15;1.7;0.0
36;2021-01-20;1102;4;4749;19;2.2;0.0
36;2021-01-21;721;0;5470;19;2.5;0.0
36;2021-01-22;857;2;6327;21;2.9;0.0
36;2021-01-23;295;0;6622;21;3.0;0.0
36;2021-01-24;185;1;6807;22;3.1;0.0
36;2021-01-25;640;4;7447;26;3.4;0.0
36;2021-01-26;610;1;8057;27;3.7;0.0
36;2021-01-27;848;19;8905;46;4.1;0.0
36;2021-01-28;477;43;9382;89;4.3;0.0
36;2021-01-29;573;95;9955;184;4.6;0.1
36;2021-01-30;288;71;10243;255;4.7;0.1
36;2021-01-31;115;130;10358;385;4.8;0.2
36;2021-02-01;378;100;10736;485;4.9;0.2
36;2021-02-02;410;174;11146;659;5.1;0.3
36;2021-02-03;473;264;11619;923;5.4;0.4
36;2021-02-04;275;272;11894;1195;5.5;0.6
36;2021-02-05;302;164;12196;1359;5.6;0.6
36;2021-02-06;1;0;12197;1359;5.6;0.6
36;2021-02-07;1;0;12198;1359;5.6;0.6
36;2021-02-08;280;258;12478;1617;5.7;0.7
36;2021-02-09;328;605;12806;2222;5.9;1.0
36;2021-02-10;490;655;13296;2877;6.1;1.3
36;2021-02-11;384;593;13680;3470;6.3;1.6
36;2021-02-12;303;458;13983;3928;6.4;1.8
36;2021-02-13;126;81;14109;4009;6.5;1.8
36;2021-02-14;22;43;14131;4052;6.5;1.9
36;2021-02-15;42;571;14173;4623;6.5;2.1
36;2021-02-16;107;412;14280;5035;6.6;2.3
36;2021-02-17;117;620;14397;5655;6.6;2.6
36;2021-02-18;161;613;14558;6268;6.7;2.9
36;2021-02-19;181;540;14739;6808;6.8;3.1
36;2021-02-20;86;238;14825;7046;6.8;3.2
36;2021-02-21;87;155;14912;7201;6.9;3.3
36;2021-02-22;162;509;15074;7710;6.9;3.6
36;2021-02-23;62;575;15136;8285;7.0;3.8
36;2021-02-24;112;680;15248;8965;7.0;4.1
36;2021-02-25;251;280;15499;9245;7.1;4.3
36;2021-02-26;339;469;15838;9714;7.3;4.5
36;2021-02-27;73;277;15911;9991;7.3;4.6
36;2021-02-28;13;97;15924;10088;7.3;4.6
36;2021-03-01;218;341;16142;10429;7.4;4.8
36;2021-03-02;352;365;16494;10794;7.6;5.0
36;2021-03-03;394;531;16888;11325;7.8;5.2
36;2021-03-04;663;356;17551;11681;8.1;5.4
36;2021-03-05;799;297;18350;11978;8.5;5.5
36;2021-03-06;410;17;18760;11995;8.6;5.5
36;2021-03-07;339;7;19099;12002;8.8;5.5
36;2021-03-08;251;316;19350;12318;8.9;5.7
36;2021-03-09;449;269;19799;12587;9.1;5.8
36;2021-03-10;724;408;20523;12995;9.5;6.0
36;2021-03-11;839;245;21362;13240;9.8;6.1
36;2021-03-12;1446;298;22808;13538;10.5;6.2
36;2021-03-13;575;129;23383;13667;10.8;6.3
36;2021-03-14;113;1;23496;13668;10.8;6.3
36;2021-03-15;648;157;24144;13825;11.1;6.4
36;2021-03-16;447;67;24591;13892;11.3;6.4
36;2021-03-17;765;91;25356;13983;11.7;6.4
36;2021-03-18;414;72;25770;14055;11.9;6.5
36;2021-03-19;738;40;26508;14095;12.2;6.5
36;2021-03-20;451;27;26959;14122;12.4;6.5
36;2021-03-21;0;0;26959;14122;12.4;6.5
36;2021-03-22;497;60;27456;14182;12.6;6.5
36;2021-03-23;777;58;28233;14240;13.0;6.6
36;2021-03-24;1089;75;29322;14315;13.5;6.6
36;2021-03-25;1337;89;30659;14404;14.1;6.6
36;2021-03-26;1419;158;32078;14562;14.8;6.7
36;2021-03-27;475;43;32553;14605;15.0;6.7
36;2021-03-28;68;57;32621;14662;15.0;6.8
36;2021-03-29;462;186;33083;14848;15.2;6.8
36;2021-03-30;584;264;33667;15112;15.5;7.0
36;2021-03-31;1263;171;34930;15283;16.1;7.0
36;2021-04-01;1086;431;36016;15714;16.6;7.2
36;2021-04-02;965;140;36981;15854;17.0;7.3
36;2021-04-03;282;182;37263;16036;17.2;7.4
36;2021-04-04;42;2;37305;16038;17.2;7.4
36;2021-04-05;15;46;37320;16084;17.2;7.4
36;2021-04-06;821;362;38141;16446;17.6;7.6
36;2021-04-07;1073;541;39214;16987;18.1;7.8
36;2021-04-08;1347;479;40561;17466;18.7;8.0
36;2021-04-09;1939;405;42500;17871;19.6;8.2
36;2021-04-10;592;243;43092;18114;19.8;8.3
36;2021-04-11;256;90;43348;18204;20.0;8.4
36;2021-04-12;848;561;44196;18765;20.4;8.6
36;2021-04-13;1140;517;45336;19282;20.9;8.9
36;2021-04-14;1582;864;46918;20146;21.6;9.3
36;2021-04-15;1654;473;48572;20619;22.4;9.5
36;2021-04-16;1488;466;50060;21085;23.1;9.7
36;2021-04-17;893;250;50953;21335;23.5;9.8
36;2021-04-18;383;7;51336;21342;23.6;9.8
36;2021-04-19;874;444;52210;21786;24.0;10.0
36;2021-04-20;1145;522;53355;22308;24.6;10.3
36;2021-04-21;1240;878;54595;23186;25.1;10.7
36;2021-04-22;1593;872;56188;24058;25.9;11.1
36;2021-04-23;1327;616;57515;24674;26.5;11.4
36;2021-04-24;678;381;58193;25055;26.8;11.5
36;2021-04-25;413;95;58606;25150;27.0;11.6
36;2021-04-26;1134;450;59740;25600;27.5;11.8
36;2021-04-27;1278;553;61018;26153;28.1;12.0
36;2021-04-28;1488;1064;62506;27217;28.8;12.5
36;2021-04-29;2016;709;64522;27926;29.7;12.9
36;2021-04-30;1553;457;66075;28383;30.4;13.1
36;2021-05-01;724;64;66799;28447;30.8;13.1
36;2021-05-02;498;64;67297;28511;31.0;13.1
36;2021-05-03;1292;315;68589;28826;31.6;13.3
36;2021-05-04;780;806;69369;29632;31.9;13.6
36;2021-05-05;1283;1307;70652;30939;32.5;14.2
36;2021-05-06;2138;795;72790;31734;33.5;14.6
36;2021-05-07;1469;770;74259;32504;34.2;15.0
36;2021-05-08;306;105;74565;32609;34.3;15.0
36;2021-05-09;174;343;74739;32952;34.4;15.2
36;2021-05-10;1216;817;75955;33769;35.0;15.6
36;2021-05-11;1725;1250;77680;35019;35.8;16.1
36;2021-05-12;1827;1485;79507;36504;36.6;16.8
36;2021-05-13;548;306;80055;36810;36.9;17.0
36;2021-05-14;701;1039;80756;37849;37.2;17.4
36;2021-05-15;635;591;81391;38440;37.5;17.7
36;2021-05-16;337;377;81728;38817;37.6;17.9
36;2021-05-17;615;943;82343;39760;37.9;18.3
36;2021-05-18;874;938;83217;40698;38.3;18.7
36;2021-05-19;1333;845;84550;41543;38.9;19.1
36;2021-05-20;1611;1209;86161;42752;39.7;19.7
36;2021-05-21;1107;1069;87268;43821;40.2;20.2
36;2021-05-22;678;342;87946;44163;40.5;20.3
36;2021-05-23;428;296;88374;44459;40.7;20.5
36;2021-05-24;505;469;88879;44928;40.9;20.7
36;2021-05-25;1045;685;89924;45613;41.4;21.0
36;2021-05-26;1473;1166;91397;46779;42.1;21.5
36;2021-05-27;1397;978;92794;47757;42.7;22.0
36;2021-05-28;921;1482;93715;49239;43.2;22.7
36;2021-05-29;700;507;94415;49746;43.5;22.9
36;2021-05-30;111;573;94526;50319;43.5;23.2
36;2021-05-31;1138;764;95664;51083;44.1;23.5
36;2021-06-01;1412;828;97076;51911;44.7;23.9
36;2021-06-02;2062;614;99138;52525;45.7;24.2
36;2021-06-03;1902;1200;101040;53725;46.5;24.7
36;2021-06-04;1774;1046;102814;54771;47.3;25.2
36;2021-06-05;692;658;103506;55429;47.7;25.5
36;2021-06-06;336;273;103842;55702;47.8;25.7
36;2021-06-07;983;808;104825;56510;48.3;26.0
36;2021-06-08;958;981;105783;57491;48.7;26.5
36;2021-06-09;1674;1070;107457;58561;49.5;27.0
36;2021-06-10;1532;1382;108989;59943;50.2;27.6
36;2021-06-11;1289;1500;110278;61443;50.8;28.3
36;2021-06-12;920;783;111198;62226;51.2;28.7
36;2021-06-13;343;269;111541;62495;51.4;28.8
36;2021-06-14;606;1269;112147;63764;51.6;29.4
36;2021-06-15;734;1215;112881;64979;52.0;29.9
36;2021-06-16;902;1519;113783;66498;52.4;30.6
36;2021-06-17;750;1904;114533;68402;52.7;31.5
36;2021-06-18;706;1881;115239;70283;53.1;32.4
36;2021-06-19;295;395;115534;70678;53.2;32.5
36;2021-06-20;235;327;115769;71005;53.3;32.7
36;2021-06-21;686;1449;116455;72454;53.6;33.4
36;2021-06-22;841;1551;117296;74005;54.0;34.1
36;2021-06-23;773;1792;118069;75797;54.4;34.9
36;2021-06-24;855;1524;118924;77321;54.8;35.6
36;2021-06-25;943;1222;119867;78543;55.2;36.2
36;2021-06-26;325;602;120192;79145;55.4;36.4
36;2021-06-27;105;267;120297;79412;55.4;36.6
36;2021-06-28;697;925;120994;80337;55.7;37.0
36;2021-06-29;688;1460;121682;81797;56.0;37.7
36;2021-06-30;837;2149;122519;83946;56.4;38.7
36;2021-07-01;351;1081;122870;85027;56.6;39.2
36;2021-07-02;747;1845;123617;86872;56.9;40.0
36;2021-07-03;466;885;124083;87757;57.1;40.4
36;2021-07-04;185;325;124268;88082;57.2;40.6
36;2021-07-05;494;1335;124762;89417;57.5;41.2
36;2021-07-06;491;1221;125253;90638;57.7;41.7
36;2021-07-07;586;1793;125839;92431;58.0;42.6
36;2021-07-08;550;1706;126389;94137;58.2;43.4
36;2021-07-09;786;1654;127175;95791;58.6;44.1
36;2021-07-10;470;1119;127645;96910;58.8;44.6
36;2021-07-11;257;154;127902;97064;58.9;44.7
36;2021-07-12;332;1627;128234;98691;59.1;45.5
36;2021-07-13;312;1936;128546;100627;59.2;46.3
36;2021-07-14;376;763;128922;101390;59.4;46.7
36;2021-07-15;915;2167;129837;103557;59.8;47.7
36;2021-07-16;627;1874;130464;105431;60.1;48.6
36;2021-07-17;400;859;130864;106290;60.3;49.0
36;2021-07-18;199;408;131063;106698;60.4;49.1
36;2021-07-19;552;1457;131615;108155;60.6;49.8
36;2021-07-20;776;1410;132391;109565;61.0;50.5
36;2021-07-21;712;1983;133103;111548;61.3;51.4
36;2021-07-22;1139;1686;134242;113234;61.8;52.1
36;2021-07-23;968;1746;135210;114980;62.3;53.0
36;2021-07-24;606;802;135816;115782;62.5;53.3
36;2021-07-25;148;403;135964;116185;62.6;53.5
36;2021-07-26;950;1085;136914;117270;63.1;54.0
36;2021-07-27;814;1355;137728;118625;63.4;54.6
36;2021-07-28;1384;1400;139112;120025;64.1;55.3
36;2021-07-29;1707;1310;140819;121335;64.9;55.9
36;2021-07-30;1447;1324;142266;122659;65.5;56.5
36;2021-07-31;932;535;143198;123194;65.9;56.7
36;2021-08-01;207;239;143405;123433;66.0;56.8
36;2021-08-02;1114;893;144519;124326;66.6;57.3
36;2021-08-03;1271;996;145790;125322;67.1;57.7
36;2021-08-04;1692;938;147482;126260;67.9;58.1
36;2021-08-05;1820;910;149302;127170;68.8;58.6
36;2021-08-06;1417;874;150719;128044;69.4;59.0
36;2021-08-07;538;528;151257;128572;69.7;59.2
36;2021-08-08;292;154;151549;128726;69.8;59.3
36;2021-08-09;818;846;152367;129572;70.2;59.7
36;2021-08-10;1064;1013;153431;130585;70.7;60.1
36;2021-08-11;1346;856;154777;131441;71.3;60.5
36;2021-08-12;1155;853;155932;132294;71.8;60.9
36;2021-08-13;1182;777;157114;133071;72.4;61.3
36;2021-08-14;424;837;157538;133908;72.6;61.7
36;2021-08-15;363;113;157901;134021;72.7;61.7
36;2021-08-16;605;957;158506;134978;73.0;62.2
36;2021-08-17;766;1000;159272;135978;73.4;62.6
36;2021-08-18;1035;1163;160307;137141;73.8;63.2
36;2021-08-19;834;1180;161141;138321;74.2;63.7
36;2021-08-20;483;1477;161624;139798;74.4;64.4
36;2021-08-21;309;466;161933;140264;74.6;64.6
36;2021-08-22;27;64;161960;140328;74.6;64.6
36;2021-08-23;549;1177;162509;141505;74.8;65.2
36;2021-08-24;588;1203;163097;142708;75.1;65.7
36;2021-08-25;459;1092;163556;143800;75.3;66.2
36;2021-08-26;660;1477;164216;145277;75.6;66.9
36;2021-08-27;527;1407;164743;146684;75.9;67.6
36;2021-08-28;368;580;165111;147264;76.0;67.8
36;2021-08-29;220;239;165331;147503;76.1;67.9
36;2021-08-30;246;749;165577;148252;76.3;68.3
37;2020-12-27;0;0;0;0;0.0;0.0
37;2020-12-28;17;0;17;0;0.0;0.0
37;2020-12-29;10;0;27;0;0.0;0.0
37;2020-12-30;0;0;27;0;0.0;0.0
37;2020-12-31;0;0;27;0;0.0;0.0
37;2021-01-01;0;0;27;0;0.0;0.0
37;2021-01-02;0;0;27;0;0.0;0.0
37;2021-01-03;0;0;27;0;0.0;0.0
37;2021-01-04;21;0;48;0;0.0;0.0
37;2021-01-05;47;0;95;0;0.0;0.0
37;2021-01-06;79;0;174;0;0.0;0.0
37;2021-01-07;115;0;289;0;0.0;0.0
37;2021-01-08;442;1;731;1;0.1;0.0
37;2021-01-09;80;0;811;1;0.1;0.0
37;2021-01-10;83;0;894;1;0.1;0.0
37;2021-01-11;280;0;1174;1;0.2;0.0
37;2021-01-12;659;4;1833;5;0.3;0.0
37;2021-01-13;560;1;2393;6;0.4;0.0
37;2021-01-14;522;3;2915;9;0.5;0.0
37;2021-01-15;628;1;3543;10;0.6;0.0
37;2021-01-16;304;2;3847;12;0.6;0.0
37;2021-01-17;262;1;4109;13;0.7;0.0
37;2021-01-18;734;9;4843;22;0.8;0.0
37;2021-01-19;1244;10;6087;32;1.0;0.0
37;2021-01-20;1038;3;7125;35;1.2;0.0
37;2021-01-21;856;1;7981;36;1.3;0.0
37;2021-01-22;767;2;8748;38;1.4;0.0
37;2021-01-23;173;0;8921;38;1.5;0.0
37;2021-01-24;0;0;8921;38;1.5;0.0
37;2021-01-25;538;15;9459;53;1.6;0.0
37;2021-01-26;1814;69;11273;122;1.9;0.0
37;2021-01-27;1523;75;12796;197;2.1;0.0
37;2021-01-28;1530;94;14326;291;2.4;0.0
37;2021-01-29;633;309;14959;600;2.5;0.1
37;2021-01-30;202;61;15161;661;2.5;0.1
37;2021-01-31;15;64;15176;725;2.5;0.1
37;2021-02-01;332;198;15508;923;2.6;0.2
37;2021-02-02;523;526;16031;1449;2.6;0.2
37;2021-02-03;659;349;16690;1798;2.8;0.3
37;2021-02-04;548;408;17238;2206;2.8;0.4
37;2021-02-05;465;440;17703;2646;2.9;0.4
37;2021-02-06;189;2;17892;2648;3.0;0.4
37;2021-02-07;20;1;17912;2649;3.0;0.4
37;2021-02-08;331;322;18243;2971;3.0;0.5
37;2021-02-09;625;709;18868;3680;3.1;0.6
37;2021-02-10;662;510;19530;4190;3.2;0.7
37;2021-02-11;612;558;20142;4748;3.3;0.8
37;2021-02-12;489;552;20631;5300;3.4;0.9
37;2021-02-13;155;203;20786;5503;3.4;0.9
37;2021-02-14;1;71;20787;5574;3.4;0.9
37;2021-02-15;425;473;21212;6047;3.5;1.0
37;2021-02-16;841;1441;22053;7488;3.6;1.2
37;2021-02-17;635;1365;22688;8853;3.7;1.5
37;2021-02-18;910;1412;23598;10265;3.9;1.7
37;2021-02-19;795;832;24393;11097;4.0;1.8
37;2021-02-20;245;208;24638;11305;4.1;1.9
37;2021-02-21;5;1;24643;11306;4.1;1.9
37;2021-02-22;336;575;24979;11881;4.1;2.0
37;2021-02-23;606;630;25585;12511;4.2;2.1
37;2021-02-24;572;617;26157;13128;4.3;2.2
37;2021-02-25;875;606;27032;13734;4.5;2.3
37;2021-02-26;1116;573;28148;14307;4.6;2.4
37;2021-02-27;584;187;28732;14494;4.7;2.4
37;2021-02-28;23;0;28755;14494;4.7;2.4
37;2021-03-01;603;360;29358;14854;4.8;2.5
37;2021-03-02;1090;544;30448;15398;5.0;2.5
37;2021-03-03;973;548;31421;15946;5.2;2.6
37;2021-03-04;1607;478;33028;16424;5.5;2.7
37;2021-03-05;2129;560;35157;16984;5.8;2.8
37;2021-03-06;1165;212;36322;17196;6.0;2.8
37;2021-03-07;472;66;36794;17262;6.1;2.9
37;2021-03-08;666;399;37460;17661;6.2;2.9
37;2021-03-09;1652;697;39112;18358;6.5;3.0
37;2021-03-10;1607;751;40719;19109;6.7;3.2
37;2021-03-11;2048;698;42767;19807;7.1;3.3
37;2021-03-12;3207;476;45974;20283;7.6;3.4
37;2021-03-13;1947;192;47921;20475;7.9;3.4
37;2021-03-14;206;4;48127;20479;7.9;3.4
37;2021-03-15;1069;250;49196;20729;8.1;3.4
37;2021-03-16;1048;531;50244;21260;8.3;3.5
37;2021-03-17;934;280;51178;21540;8.5;3.6
37;2021-03-18;1034;525;52212;22065;8.6;3.6
37;2021-03-19;2218;341;54430;22406;9.0;3.7
37;2021-03-20;1334;141;55764;22547;9.2;3.7
37;2021-03-21;204;4;55968;22551;9.2;3.7
37;2021-03-22;1287;242;57255;22793;9.5;3.8
37;2021-03-23;2256;570;59511;23363;9.8;3.9
37;2021-03-24;2246;464;61757;23827;10.2;3.9
37;2021-03-25;2982;445;64739;24272;10.7;4.0
37;2021-03-26;3524;410;68263;24682;11.3;4.1
37;2021-03-27;1175;127;69438;24809;11.5;4.1
37;2021-03-28;139;1;69577;24810;11.5;4.1
37;2021-03-29;1604;347;71181;25157;11.8;4.2
37;2021-03-30;2524;623;73705;25780;12.2;4.3
37;2021-03-31;2047;484;75752;26264;12.5;4.3
37;2021-04-01;2600;966;78352;27230;12.9;4.5
37;2021-04-02;2812;670;81164;27900;13.4;4.6
37;2021-04-03;817;223;81981;28123;13.5;4.6
37;2021-04-04;104;1;82085;28124;13.6;4.6
37;2021-04-05;4;0;82089;28124;13.6;4.6
37;2021-04-06;2240;779;84329;28903;13.9;4.8
37;2021-04-07;3171;872;87500;29775;14.5;4.9
37;2021-04-08;4041;967;91541;30742;15.1;5.1
37;2021-04-09;4543;947;96084;31689;15.9;5.2
37;2021-04-10;1328;433;97412;32122;16.1;5.3
37;2021-04-11;104;1;97516;32123;16.1;5.3
37;2021-04-12;2643;676;100159;32799;16.5;5.4
37;2021-04-13;4113;1163;104272;33962;17.2;5.6
37;2021-04-14;3044;895;107316;34857;17.7;5.8
37;2021-04-15;3759;1020;111075;35877;18.3;5.9
37;2021-04-16;4359;1226;115434;37103;19.1;6.1
37;2021-04-17;1147;223;116581;37326;19.3;6.2
37;2021-04-18;97;3;116678;37329;19.3;6.2
37;2021-04-19;2482;850;119160;38179;19.7;6.3
37;2021-04-20;3232;1338;122392;39517;20.2;6.5
37;2021-04-21;2930;1157;125322;40674;20.7;6.7
37;2021-04-22;3455;1401;128777;42075;21.3;7.0
37;2021-04-23;3691;1811;132468;43886;21.9;7.2
37;2021-04-24;1007;387;133475;44273;22.0;7.3
37;2021-04-25;46;2;133521;44275;22.1;7.3
37;2021-04-26;2971;1346;136492;45621;22.5;7.5
37;2021-04-27;4185;1813;140677;47434;23.2;7.8
37;2021-04-28;3462;1949;144139;49383;23.8;8.2
37;2021-04-29;4583;2020;148722;51403;24.6;8.5
37;2021-04-30;5055;1990;153777;53393;25.4;8.8
37;2021-05-01;637;212;154414;53605;25.5;8.9
37;2021-05-02;104;15;154518;53620;25.5;8.9
37;2021-05-03;2670;1955;157188;55575;26.0;9.2
37;2021-05-04;3732;2719;160920;58294;26.6;9.6
37;2021-05-05;3499;2088;164419;60382;27.2;10.0
37;2021-05-06;4994;1947;169413;62329;28.0;10.3
37;2021-05-07;4685;2885;174098;65214;28.8;10.8
37;2021-05-08;538;312;174636;65526;28.8;10.8
37;2021-05-09;63;41;174699;65567;28.9;10.8
37;2021-05-10;2160;3486;176859;69053;29.2;11.4
37;2021-05-11;3867;3882;180726;72935;29.9;12.0
37;2021-05-12;4039;2546;184765;75481;30.5;12.5
37;2021-05-13;1138;516;185903;75997;30.7;12.6
37;2021-05-14;4045;2684;189948;78681;31.4;13.0
37;2021-05-15;2323;744;192271;79425;31.8;13.1
37;2021-05-16;22;71;192293;79496;31.8;13.1
37;2021-05-17;2765;2053;195058;81549;32.2;13.5
37;2021-05-18;3874;2362;198932;83911;32.9;13.9
37;2021-05-19;3495;1806;202427;85717;33.4;14.2
37;2021-05-20;4752;1778;207179;87495;34.2;14.5
37;2021-05-21;4525;2573;211704;90068;35.0;14.9
37;2021-05-22;1078;752;212782;90820;35.1;15.0
37;2021-05-23;73;89;212855;90909;35.2;15.0
37;2021-05-24;513;106;213368;91015;35.2;15.0
37;2021-05-25;5124;2177;218492;93192;36.1;15.4
37;2021-05-26;4930;2098;223422;95290;36.9;15.7
37;2021-05-27;5986;2365;229408;97655;37.9;16.1
37;2021-05-28;6023;3266;235431;100921;38.9;16.7
37;2021-05-29;1521;1167;236952;102088;39.1;16.9
37;2021-05-30;55;160;237007;102248;39.2;16.9
37;2021-05-31;3648;2528;240655;104776;39.8;17.3
37;2021-06-01;5846;3622;246501;108398;40.7;17.9
37;2021-06-02;5077;2457;251578;110855;41.6;18.3
37;2021-06-03;6087;2884;257665;113739;42.6;18.8
37;2021-06-04;5511;4206;263176;117945;43.5;19.5
37;2021-06-05;1855;1305;265031;119250;43.8;19.7
37;2021-06-06;49;197;265080;119447;43.8;19.7
37;2021-06-07;3022;4168;268102;123615;44.3;20.4
37;2021-06-08;4202;4655;272304;128270;45.0;21.2
37;2021-06-09;3883;3571;276187;131841;45.6;21.8
37;2021-06-10;5269;3623;281456;135464;46.5;22.4
37;2021-06-11;4977;4838;286433;140302;47.3;23.2
37;2021-06-12;3553;1350;289986;141652;47.9;23.4
37;2021-06-13;15;164;290001;141816;47.9;23.4
37;2021-06-14;2667;4039;292668;145855;48.3;24.1
37;2021-06-15;3900;4781;296568;150636;49.0;24.9
37;2021-06-16;3258;3604;299826;154240;49.5;25.5
37;2021-06-17;4010;4495;303836;158735;50.2;26.2
37;2021-06-18;4705;5072;308541;163807;51.0;27.1
37;2021-06-19;2520;1103;311061;164910;51.4;27.2
37;2021-06-20;9;183;311070;165093;51.4;27.3
37;2021-06-21;2419;3827;313489;168920;51.8;27.9
37;2021-06-22;2969;5011;316458;173931;52.3;28.7
37;2021-06-23;2627;3646;319085;177577;52.7;29.3
37;2021-06-24;2865;3545;321950;181122;53.2;29.9
37;2021-06-25;3309;4883;325259;186005;53.7;30.7
37;2021-06-26;1240;3087;326499;189092;53.9;31.2
37;2021-06-27;23;142;326522;189234;53.9;31.3
37;2021-06-28;1702;4511;328224;193745;54.2;32.0
37;2021-06-29;1903;6223;330127;199968;54.5;33.0
37;2021-06-30;1871;4441;331998;204409;54.8;33.8
37;2021-07-01;2125;4794;334123;209203;55.2;34.6
37;2021-07-02;2680;5594;336803;214797;55.6;35.5
37;2021-07-03;945;2138;337748;216935;55.8;35.8
37;2021-07-04;5;105;337753;217040;55.8;35.9
37;2021-07-05;1708;5142;339461;222182;56.1;36.7
37;2021-07-06;2005;6763;341466;228945;56.4;37.8
37;2021-07-07;1945;5462;343411;234407;56.7;38.7
37;2021-07-08;2464;6664;345875;241071;57.1;39.8
37;2021-07-09;1987;7641;347862;248712;57.5;41.1
37;2021-07-10;1013;2615;348875;251327;57.6;41.5
37;2021-07-11;26;96;348901;251423;57.6;41.5
37;2021-07-12;1132;5985;350033;257408;57.8;42.5
37;2021-07-13;1616;7821;351649;265229;58.1;43.8
37;2021-07-14;524;406;352173;265635;58.2;43.9
37;2021-07-15;2624;7500;354797;273135;58.6;45.1
37;2021-07-16;2759;7805;357556;280940;59.1;46.4
37;2021-07-17;1202;2447;358758;283387;59.3;46.8
37;2021-07-18;50;53;358808;283440;59.3;46.8
37;2021-07-19;1651;6129;360459;289569;59.5;47.8
37;2021-07-20;2909;7069;363368;296638;60.0;49.0
37;2021-07-21;2984;5784;366352;302422;60.5;50.0
37;2021-07-22;4056;6533;370408;308955;61.2;51.0
37;2021-07-23;3810;7102;374218;316057;61.8;52.2
37;2021-07-24;1777;3308;375995;319365;62.1;52.8
37;2021-07-25;66;77;376061;319442;62.1;52.8
37;2021-07-26;3241;4322;379302;323764;62.7;53.5
37;2021-07-27;4433;4964;383735;328728;63.4;54.3
37;2021-07-28;4138;3660;387873;332388;64.1;54.9
37;2021-07-29;5084;4194;392957;336582;64.9;55.6
37;2021-07-30;5237;4930;398194;341512;65.8;56.4
37;2021-07-31;1922;1847;400116;343359;66.1;56.7
37;2021-08-01;31;52;400147;343411;66.1;56.7
37;2021-08-02;3289;3289;403436;346700;66.6;57.3
37;2021-08-03;5258;3144;408694;349844;67.5;57.8
37;2021-08-04;4551;1930;413245;351774;68.3;58.1
37;2021-08-05;4780;2600;418025;354374;69.1;58.5
37;2021-08-06;4847;3310;422872;357684;69.9;59.1
37;2021-08-07;1623;1122;424495;358806;70.1;59.3
37;2021-08-08;33;175;424528;358981;70.1;59.3
37;2021-08-09;2428;2256;426956;361237;70.5;59.7
37;2021-08-10;3022;2634;429978;363871;71.0;60.1
37;2021-08-11;2094;2106;432072;365977;71.4;60.5
37;2021-08-12;2611;2687;434683;368664;71.8;60.9
37;2021-08-13;2453;2771;437136;371435;72.2;61.4
37;2021-08-14;751;812;437887;372247;72.3;61.5
37;2021-08-15;12;57;437899;372304;72.3;61.5
37;2021-08-16;1459;3161;439358;375465;72.6;62.0
37;2021-08-17;1789;3971;441147;379436;72.9;62.7
37;2021-08-18;1390;3138;442537;382574;73.1;63.2
37;2021-08-19;1590;3841;444127;386415;73.4;63.8
37;2021-08-20;1588;4542;445715;390957;73.6;64.6
37;2021-08-21;610;1202;446325;392159;73.7;64.8
37;2021-08-22;3;31;446328;392190;73.7;64.8
37;2021-08-23;1280;3982;447608;396172;73.9;65.4
37;2021-08-24;1538;4844;449146;401016;74.2;66.2
37;2021-08-25;1053;4219;450199;405235;74.4;66.9
37;2021-08-26;1270;4511;451469;409746;74.6;67.7
37;2021-08-27;1423;5657;452892;415403;74.8;68.6
37;2021-08-28;404;1459;453296;416862;74.9;68.9
37;2021-08-29;1;18;453297;416880;74.9;68.9
37;2021-08-30;1063;3939;454360;420819;75.1;69.5
38;2020-12-27;1;0;1;0;0.0;0.0
38;2020-12-28;1;0;2;0;0.0;0.0
38;2020-12-29;0;0;2;0;0.0;0.0
38;2020-12-30;2;0;4;0;0.0;0.0
38;2020-12-31;5;0;9;0;0.0;0.0
38;2021-01-01;2;0;11;0;0.0;0.0
38;2021-01-02;1;0;12;0;0.0;0.0
38;2021-01-03;2;0;14;0;0.0;0.0
38;2021-01-04;162;0;176;0;0.0;0.0
38;2021-01-05;258;1;434;1;0.0;0.0
38;2021-01-06;364;0;798;1;0.1;0.0
38;2021-01-07;636;1;1434;2;0.1;0.0
38;2021-01-08;695;0;2129;2;0.2;0.0
38;2021-01-09;30;0;2159;2;0.2;0.0
38;2021-01-10;2;0;2161;2;0.2;0.0
38;2021-01-11;801;2;2962;4;0.2;0.0
38;2021-01-12;1470;4;4432;8;0.4;0.0
38;2021-01-13;1083;5;5515;13;0.4;0.0
38;2021-01-14;1681;15;7196;28;0.6;0.0
38;2021-01-15;1676;7;8872;35;0.7;0.0
38;2021-01-16;307;2;9179;37;0.7;0.0
38;2021-01-17;3;0;9182;37;0.7;0.0
38;2021-01-18;1178;4;10360;41;0.8;0.0
38;2021-01-19;2239;6;12599;47;1.0;0.0
38;2021-01-20;1883;4;14482;51;1.1;0.0
38;2021-01-21;1640;7;16122;58;1.3;0.0
38;2021-01-22;1401;9;17523;67;1.4;0.0
38;2021-01-23;379;3;17902;70;1.4;0.0
38;2021-01-24;1;0;17903;70;1.4;0.0
38;2021-01-25;790;105;18693;175;1.5;0.0
38;2021-01-26;855;180;19548;355;1.5;0.0
38;2021-01-27;1091;278;20639;633;1.6;0.1
38;2021-01-28;1173;474;21812;1107;1.7;0.1
38;2021-01-29;952;375;22764;1482;1.8;0.1
38;2021-01-30;304;0;23068;1482;1.8;0.1
38;2021-01-31;0;0;23068;1482;1.8;0.1
38;2021-02-01;702;597;23770;2079;1.9;0.2
38;2021-02-02;966;953;24736;3032;2.0;0.2
38;2021-02-03;1229;690;25965;3722;2.1;0.3
38;2021-02-04;1278;964;27243;4686;2.2;0.4
38;2021-02-05;1400;841;28643;5527;2.3;0.4
38;2021-02-06;187;95;28830;5622;2.3;0.4
38;2021-02-07;3;48;28833;5670;2.3;0.4
38;2021-02-08;861;784;29694;6454;2.3;0.5
38;2021-02-09;1537;1306;31231;7760;2.5;0.6
38;2021-02-10;1581;1281;32812;9041;2.6;0.7
38;2021-02-11;1871;1147;34683;10188;2.7;0.8
38;2021-02-12;1508;1124;36191;11312;2.9;0.9
38;2021-02-13;466;189;36657;11501;2.9;0.9
38;2021-02-14;1;7;36658;11508;2.9;0.9
38;2021-02-15;977;935;37635;12443;3.0;1.0
38;2021-02-16;1378;967;39013;13410;3.1;1.1
38;2021-02-17;1376;1060;40389;14470;3.2;1.1
38;2021-02-18;1789;1057;42178;15527;3.3;1.2
38;2021-02-19;1256;866;43434;16393;3.4;1.3
38;2021-02-20;469;308;43903;16701;3.5;1.3
38;2021-02-21;0;0;43903;16701;3.5;1.3
38;2021-02-22;1074;897;44977;17598;3.6;1.4
38;2021-02-23;1540;945;46517;18543;3.7;1.5
38;2021-02-24;1733;1132;48250;19675;3.8;1.6
38;2021-02-25;2500;1053;50750;20728;4.0;1.6
38;2021-02-26;3311;982;54061;21710;4.3;1.7
38;2021-02-27;1510;433;55571;22143;4.4;1.8
38;2021-02-28;33;2;55604;22145;4.4;1.8
38;2021-03-01;2508;789;58112;22934;4.6;1.8
38;2021-03-02;4047;1057;62159;23991;4.9;1.9
38;2021-03-03;3368;1247;65527;25238;5.2;2.0
38;2021-03-04;4485;1386;70012;26624;5.5;2.1
38;2021-03-05;5231;1208;75243;27832;5.9;2.2
38;2021-03-06;3042;273;78285;28105;6.2;2.2
38;2021-03-07;115;2;78400;28107;6.2;2.2
38;2021-03-08;2441;906;80841;29013;6.4;2.3
38;2021-03-09;4025;1311;84866;30324;6.7;2.4
38;2021-03-10;3507;1086;88373;31410;7.0;2.5
38;2021-03-11;5141;1527;93514;32937;7.4;2.6
38;2021-03-12;7091;1179;100605;34116;8.0;2.7
38;2021-03-13;3772;222;104377;34338;8.3;2.7
38;2021-03-14;544;15;104921;34353;8.3;2.7
38;2021-03-15;2701;1010;107622;35363;8.5;2.8
38;2021-03-16;2082;1353;109704;36716;8.7;2.9
38;2021-03-17;2025;1210;111729;37926;8.8;3.0
38;2021-03-18;2641;1366;114370;39292;9.0;3.1
38;2021-03-19;4010;1064;118380;40356;9.4;3.2
38;2021-03-20;1824;248;120204;40604;9.5;3.2
38;2021-03-21;130;8;120334;40612;9.5;3.2
38;2021-03-22;2867;1004;123201;41616;9.7;3.3
38;2021-03-23;4781;1495;127982;43111;10.1;3.4
38;2021-03-24;3711;1581;131693;44692;10.4;3.5
38;2021-03-25;5791;1539;137484;46231;10.9;3.7
38;2021-03-26;6600;1740;144084;47971;11.4;3.8
38;2021-03-27;2512;762;146596;48733;11.6;3.9
38;2021-03-28;926;47;147522;48780;11.7;3.9
38;2021-03-29;2679;1848;150201;50628;11.9;4.0
38;2021-03-30;4566;2540;154767;53168;12.2;4.2
38;2021-03-31;3664;2225;158431;55393;12.5;4.4
38;2021-04-01;5131;2521;163562;57914;12.9;4.6
38;2021-04-02;3874;2528;167436;60442;13.2;4.8
38;2021-04-03;1418;944;168854;61386;13.3;4.9
38;2021-04-04;430;45;169284;61431;13.4;4.9
38;2021-04-05;2174;350;171458;61781;13.6;4.9
38;2021-04-06;4345;2397;175803;64178;13.9;5.1
38;2021-04-07;4415;2738;180218;66916;14.2;5.3
38;2021-04-08;5650;2667;185868;69583;14.7;5.5
38;2021-04-09;8562;2733;194430;72316;15.4;5.7
38;2021-04-10;3599;1477;198029;73793;15.7;5.8
38;2021-04-11;1048;100;199077;73893;15.7;5.8
38;2021-04-12;4197;2254;203274;76147;16.1;6.0
38;2021-04-13;6124;2470;209398;78617;16.6;6.2
38;2021-04-14;5120;2462;214518;81079;17.0;6.4
38;2021-04-15;6363;2768;220881;83847;17.5;6.6
38;2021-04-16;6216;2729;227097;86576;18.0;6.8
38;2021-04-17;2587;995;229684;87571;18.2;6.9
38;2021-04-18;1333;72;231017;87643;18.3;6.9
38;2021-04-19;3946;2839;234963;90482;18.6;7.2
38;2021-04-20;5424;2857;240387;93339;19.0;7.4
38;2021-04-21;4979;2707;245366;96046;19.4;7.6
38;2021-04-22;5783;2837;251149;98883;19.9;7.8
38;2021-04-23;6037;2819;257186;101702;20.3;8.0
38;2021-04-24;2665;1348;259851;103050;20.5;8.1
38;2021-04-25;803;590;260654;103640;20.6;8.2
38;2021-04-26;4486;2473;265140;106113;21.0;8.4
38;2021-04-27;6044;2733;271184;108846;21.4;8.6
38;2021-04-28;6197;2509;277381;111355;21.9;8.8
38;2021-04-29;8331;3069;285712;114424;22.6;9.0
38;2021-04-30;7673;4060;293385;118484;23.2;9.4
38;2021-05-01;1543;199;294928;118683;23.3;9.4
38;2021-05-02;846;72;295774;118755;23.4;9.4
38;2021-05-03;5300;3588;301074;122343;23.8;9.7
38;2021-05-04;6201;5079;307275;127422;24.3;10.1
38;2021-05-05;6068;4610;313343;132032;24.8;10.4
38;2021-05-06;6714;5332;320057;137364;25.3;10.9
38;2021-05-07;7282;6446;327339;143810;25.9;11.4
38;2021-05-08;3772;719;331111;144529;26.2;11.4
38;2021-05-09;2851;1930;333962;146459;26.4;11.6
38;2021-05-10;6152;5310;340114;151769;26.9;12.0
38;2021-05-11;8223;6029;348337;157798;27.5;12.5
38;2021-05-12;9049;4705;357386;162503;28.3;12.8
38;2021-05-13;6635;1415;364021;163918;28.8;13.0
38;2021-05-14;9564;3426;373585;167344;29.5;13.2
38;2021-05-15;6863;1454;380448;168798;30.1;13.3
38;2021-05-16;5474;652;385922;169450;30.5;13.4
38;2021-05-17;7672;3008;393594;172458;31.1;13.6
38;2021-05-18;8623;4036;402217;176494;31.8;14.0
38;2021-05-19;8158;3345;410375;179839;32.4;14.2
38;2021-05-20;8976;4496;419351;184335;33.2;14.6
38;2021-05-21;9960;4585;429311;188920;33.9;14.9
38;2021-05-22;7456;1907;436767;190827;34.5;15.1
38;2021-05-23;5589;579;442356;191406;35.0;15.1
38;2021-05-24;7501;1625;449857;193031;35.6;15.3
38;2021-05-25;9541;4855;459398;197886;36.3;15.6
38;2021-05-26;8121;4726;467519;202612;37.0;16.0
38;2021-05-27;9133;5658;476652;208270;37.7;16.5
38;2021-05-28;8787;6501;485439;214771;38.4;17.0
38;2021-05-29;5821;3261;491260;218032;38.8;17.2
38;2021-05-30;2692;1594;493952;219626;39.0;17.4
38;2021-05-31;8271;5136;502223;224762;39.7;17.8
38;2021-06-01;7964;6438;510187;231200;40.3;18.3
38;2021-06-02;7141;5625;517328;236825;40.9;18.7
38;2021-06-03;7397;6838;524725;243663;41.5;19.3
38;2021-06-04;8128;7617;532853;251280;42.1;19.9
38;2021-06-05;5795;3947;538648;255227;42.6;20.2
38;2021-06-06;2508;1462;541156;256689;42.8;20.3
38;2021-06-07;5553;6873;546709;263562;43.2;20.8
38;2021-06-08;5875;7534;552584;271096;43.7;21.4
38;2021-06-09;5050;6472;557634;277568;44.1;21.9
38;2021-06-10;5428;6792;563062;284360;44.5;22.5
38;2021-06-11;5887;7791;568949;292151;45.0;23.1
38;2021-06-12;3945;3259;572894;295410;45.3;23.4
38;2021-06-13;1256;1297;574150;296707;45.4;23.5
38;2021-06-14;3870;7665;578020;304372;45.7;24.1
38;2021-06-15;5234;8148;583254;312520;46.1;24.7
38;2021-06-16;5123;7410;588377;319930;46.5;25.3
38;2021-06-17;4522;7060;592899;326990;46.9;25.8
38;2021-06-18;6166;9230;599065;336220;47.4;26.6
38;2021-06-19;3596;4968;602661;341188;47.6;27.0
38;2021-06-20;1038;2901;603699;344089;47.7;27.2
38;2021-06-21;3748;8708;607447;352797;48.0;27.9
38;2021-06-22;3792;10105;611239;362902;48.3;28.7
38;2021-06-23;3154;9548;614393;372450;48.6;29.4
38;2021-06-24;3381;8589;617774;381039;48.8;30.1
38;2021-06-25;3782;11495;621556;392534;49.1;31.0
38;2021-06-26;2230;7853;623786;400387;49.3;31.7
38;2021-06-27;1098;4357;624884;404744;49.4;32.0
38;2021-06-28;2949;10305;627833;415049;49.6;32.8
38;2021-06-29;3786;10448;631619;425497;49.9;33.6
38;2021-06-30;4060;9939;635679;435436;50.3;34.4
38;2021-07-01;3545;9015;639224;444451;50.5;35.1
38;2021-07-02;3727;11616;642951;456067;50.8;36.1
38;2021-07-03;1737;8786;644688;464853;51.0;36.7
38;2021-07-04;1243;3207;645931;468060;51.1;37.0
38;2021-07-05;3061;10547;648992;478607;51.3;37.8
38;2021-07-06;3458;10240;652450;488847;51.6;38.6
38;2021-07-07;3567;9399;656017;498246;51.9;39.4
38;2021-07-08;3496;8225;659513;506471;52.1;40.0
38;2021-07-09;3893;10740;663406;517211;52.4;40.9
38;2021-07-10;2403;7807;665809;525018;52.6;41.5
38;2021-07-11;778;2027;666587;527045;52.7;41.7
38;2021-07-12;3477;10677;670064;537722;53.0;42.5
38;2021-07-13;6596;10934;676660;548656;53.5;43.4
38;2021-07-14;4675;3337;681335;551993;53.9;43.6
38;2021-07-15;8736;9674;690071;561667;54.6;44.4
38;2021-07-16;8756;10698;698827;572365;55.2;45.2
38;2021-07-17;4738;7482;703565;579847;55.6;45.8
38;2021-07-18;2573;2489;706138;582336;55.8;46.0
38;2021-07-19;5825;9222;711963;591558;56.3;46.8
38;2021-07-20;6286;8304;718249;599862;56.8;47.4
38;2021-07-21;7859;8025;726108;607887;57.4;48.1
38;2021-07-22;7596;6993;733704;614880;58.0;48.6
38;2021-07-23;8944;9036;742648;623916;58.7;49.3
38;2021-07-24;5574;5529;748222;629445;59.1;49.8
38;2021-07-25;2868;1651;751090;631096;59.4;49.9
38;2021-07-26;7868;7498;758958;638594;60.0;50.5
38;2021-07-27;7624;6268;766582;644862;60.6;51.0
38;2021-07-28;8623;5712;775205;650574;61.3;51.4
38;2021-07-29;7671;4680;782876;655254;61.9;51.8
38;2021-07-30;7750;6652;790626;661906;62.5;52.3
38;2021-07-31;4340;3603;794966;665509;62.8;52.6
38;2021-08-01;1296;1084;796262;666593;62.9;52.7
38;2021-08-02;3919;4447;800181;671040;63.3;53.0
38;2021-08-03;4569;4555;804750;675595;63.6;53.4
38;2021-08-04;4621;4353;809371;679948;64.0;53.8
38;2021-08-05;3712;4641;813083;684589;64.3;54.1
38;2021-08-06;4118;5945;817201;690534;64.6;54.6
38;2021-08-07;2302;3529;819503;694063;64.8;54.9
38;2021-08-08;787;2016;820290;696079;64.8;55.0
38;2021-08-09;3593;5573;823883;701652;65.1;55.5
38;2021-08-10;4820;6246;828703;707898;65.5;56.0
38;2021-08-11;3911;4660;832614;712558;65.8;56.3
38;2021-08-12;3343;4604;835957;717162;66.1;56.7
38;2021-08-13;4080;6031;840037;723193;66.4;57.2
38;2021-08-14;1735;4023;841772;727216;66.5;57.5
38;2021-08-15;527;1919;842299;729135;66.6;57.6
38;2021-08-16;2943;7920;845242;737055;66.8;58.3
38;2021-08-17;3393;5953;848635;743008;67.1;58.7
38;2021-08-18;2952;7143;851587;750151;67.3;59.3
38;2021-08-19;2552;4823;854139;754974;67.5;59.7
38;2021-08-20;2846;8414;856985;763388;67.7;60.3
38;2021-08-21;1181;5013;858166;768401;67.8;60.7
38;2021-08-22;493;1509;858659;769910;67.9;60.9
38;2021-08-23;2566;7617;861225;777527;68.1;61.5
38;2021-08-24;2551;5325;863776;782852;68.3;61.9
38;2021-08-25;2546;5860;866322;788712;68.5;62.3
38;2021-08-26;2235;4235;868557;792947;68.7;62.7
38;2021-08-27;2492;5913;871049;798860;68.9;63.2
38;2021-08-28;1405;3669;872454;802529;69.0;63.4
38;2021-08-29;371;1082;872825;803611;69.0;63.5
38;2021-08-30;2303;5768;875128;809379;69.2;64.0
39;2020-12-27;0;0;0;0;0.0;0.0
39;2020-12-28;0;0;0;0;0.0;0.0
39;2020-12-29;0;0;0;0;0.0;0.0
39;2020-12-30;0;0;0;0;0.0;0.0
39;2020-12-31;0;0;0;0;0.0;0.0
39;2021-01-01;0;0;0;0;0.0;0.0
39;2021-01-02;0;0;0;0;0.0;0.0
39;2021-01-03;0;0;0;0;0.0;0.0
39;2021-01-04;3;0;3;0;0.0;0.0
39;2021-01-05;3;0;6;0;0.0;0.0
39;2021-01-06;57;3;63;3;0.0;0.0
39;2021-01-07;332;2;395;5;0.2;0.0
39;2021-01-08;657;2;1052;7;0.4;0.0
39;2021-01-09;169;0;1221;7;0.5;0.0
39;2021-01-10;1;0;1222;7;0.5;0.0
39;2021-01-11;476;1;1698;8;0.7;0.0
39;2021-01-12;431;1;2129;9;0.8;0.0
39;2021-01-13;408;2;2537;11;1.0;0.0
39;2021-01-14;574;3;3111;14;1.2;0.0
39;2021-01-15;471;1;3582;15;1.4;0.0
39;2021-01-16;141;1;3723;16;1.4;0.0
39;2021-01-17;0;1;3723;17;1.4;0.0
39;2021-01-18;924;7;4647;24;1.8;0.0
39;2021-01-19;1181;6;5828;30;2.3;0.0
39;2021-01-20;906;4;6734;34;2.6;0.0
39;2021-01-21;1178;2;7912;36;3.1;0.0
39;2021-01-22;985;2;8897;38;3.5;0.0
39;2021-01-23;383;1;9280;39;3.6;0.0
39;2021-01-24;0;0;9280;39;3.6;0.0
39;2021-01-25;642;2;9922;41;3.8;0.0
39;2021-01-26;1121;12;11043;53;4.3;0.0
39;2021-01-27;925;17;11968;70;4.6;0.0
39;2021-01-28;740;242;12708;312;4.9;0.1
39;2021-01-29;582;422;13290;734;5.2;0.3
39;2021-01-30;265;109;13555;843;5.3;0.3
39;2021-01-31;1;0;13556;843;5.3;0.3
39;2021-02-01;562;262;14118;1105;5.5;0.4
39;2021-02-02;754;323;14872;1428;5.8;0.6
39;2021-02-03;531;516;15403;1944;6.0;0.8
39;2021-02-04;554;460;15957;2404;6.2;0.9
39;2021-02-05;439;430;16396;2834;6.4;1.1
39;2021-02-06;265;110;16661;2944;6.5;1.1
39;2021-02-07;0;1;16661;2945;6.5;1.1
39;2021-02-08;321;371;16982;3316;6.6;1.3
39;2021-02-09;383;483;17365;3799;6.7;1.5
39;2021-02-10;253;336;17618;4135;6.8;1.6
39;2021-02-11;586;512;18204;4647;7.1;1.8
39;2021-02-12;386;417;18590;5064;7.2;2.0
39;2021-02-13;99;69;18689;5133;7.2;2.0
39;2021-02-14;0;0;18689;5133;7.2;2.0
39;2021-02-15;99;754;18788;5887;7.3;2.3
39;2021-02-16;99;910;18887;6797;7.3;2.6
39;2021-02-17;58;691;18945;7488;7.3;2.9
39;2021-02-18;109;857;19054;8345;7.4;3.2
39;2021-02-19;100;485;19154;8830;7.4;3.4
39;2021-02-20;18;364;19172;9194;7.4;3.6
39;2021-02-21;0;0;19172;9194;7.4;3.6
39;2021-02-22;100;730;19272;9924;7.5;3.8
39;2021-02-23;4;764;19276;10688;7.5;4.1
39;2021-02-24;125;870;19401;11558;7.5;4.5
39;2021-02-25;214;746;19615;12304;7.6;4.8
39;2021-02-26;218;469;19833;12773;7.7;5.0
39;2021-02-27;169;298;20002;13071;7.8;5.1
39;2021-02-28;1;0;20003;13071;7.8;5.1
39;2021-03-01;218;639;20221;13710;7.8;5.3
39;2021-03-02;329;827;20550;14537;8.0;5.6
39;2021-03-03;601;530;21151;15067;8.2;5.8
39;2021-03-04;658;476;21809;15543;8.5;6.0
39;2021-03-05;670;331;22479;15874;8.7;6.2
39;2021-03-06;777;250;23256;16124;9.0;6.3
39;2021-03-07;242;84;23498;16208;9.1;6.3
39;2021-03-08;286;446;23784;16654;9.2;6.5
39;2021-03-09;843;462;24627;17116;9.6;6.6
39;2021-03-10;984;340;25611;17456;9.9;6.8
39;2021-03-11;829;462;26440;17918;10.3;6.9
39;2021-03-12;806;292;27246;18210;10.6;7.1
39;2021-03-13;788;104;28034;18314;10.9;7.1
39;2021-03-14;35;10;28069;18324;10.9;7.1
39;2021-03-15;513;106;28582;18430;11.1;7.1
39;2021-03-16;555;69;29137;18499;11.3;7.2
39;2021-03-17;612;57;29749;18556;11.5;7.2
39;2021-03-18;597;72;30346;18628;11.8;7.2
39;2021-03-19;393;72;30739;18700;11.9;7.3
39;2021-03-20;312;10;31051;18710;12.0;7.3
39;2021-03-21;3;0;31054;18710;12.0;7.3
39;2021-03-22;754;117;31808;18827;12.3;7.3
39;2021-03-23;1130;44;32938;18871;12.8;7.3
39;2021-03-24;1178;97;34116;18968;13.2;7.4
39;2021-03-25;2042;130;36158;19098;14.0;7.4
39;2021-03-26;797;116;36955;19214;14.3;7.5
39;2021-03-27;345;6;37300;19220;14.5;7.5
39;2021-03-28;36;4;37336;19224;14.5;7.5
39;2021-03-29;1037;195;38373;19419;14.9;7.5
39;2021-03-30;1400;269;39773;19688;15.4;7.6
39;2021-03-31;657;527;40430;20215;15.7;7.8
39;2021-04-01;1310;316;41740;20531;16.2;8.0
39;2021-04-02;626;130;42366;20661;16.4;8.0
39;2021-04-03;180;8;42546;20669;16.5;8.0
39;2021-04-04;4;1;42550;20670;16.5;8.0
39;2021-04-05;1;0;42551;20670;16.5;8.0
39;2021-04-06;824;632;43375;21302;16.8;8.3
39;2021-04-07;1133;678;44508;21980;17.3;8.5
39;2021-04-08;1790;582;46298;22562;18.0;8.8
39;2021-04-09;1676;292;47974;22854;18.6;8.9
39;2021-04-10;346;183;48320;23037;18.7;8.9
39;2021-04-11;2;0;48322;23037;18.7;8.9
39;2021-04-12;680;397;49002;23434;19.0;9.1
39;2021-04-13;1200;581;50202;24015;19.5;9.3
39;2021-04-14;845;641;51047;24656;19.8;9.6
39;2021-04-15;1481;717;52528;25373;20.4;9.8
39;2021-04-16;1090;175;53618;25548;20.8;9.9
39;2021-04-17;197;61;53815;25609;20.9;9.9
39;2021-04-18;0;0;53815;25609;20.9;9.9
39;2021-04-19;524;699;54339;26308;21.1;10.2
39;2021-04-20;766;545;55105;26853;21.4;10.4
39;2021-04-21;1142;722;56247;27575;21.8;10.7
39;2021-04-22;1012;1132;57259;28707;22.2;11.1
39;2021-04-23;457;361;57716;29068;22.4;11.3
39;2021-04-24;276;149;57992;29217;22.5;11.3
39;2021-04-25;12;3;58004;29220;22.5;11.3
39;2021-04-26;568;1039;58572;30259;22.7;11.7
39;2021-04-27;788;982;59360;31241;23.0;12.1
39;2021-04-28;1719;417;61079;31658;23.7;12.3
39;2021-04-29;2571;973;63650;32631;24.7;12.7
39;2021-04-30;2475;393;66125;33024;25.6;12.8
39;2021-05-01;41;53;66166;33077;25.7;12.8
39;2021-05-02;0;0;66166;33077;25.7;12.8
39;2021-05-03;917;807;67083;33884;26.0;13.1
39;2021-05-04;949;1128;68032;35012;26.4;13.6
39;2021-05-05;1954;889;69986;35901;27.1;13.9
39;2021-05-06;2424;1346;72410;37247;28.1;14.4
39;2021-05-07;1286;575;73696;37822;28.6;14.7
39;2021-05-08;179;55;73875;37877;28.7;14.7
39;2021-05-09;10;8;73885;37885;28.7;14.7
39;2021-05-10;1761;849;75646;38734;29.3;15.0
39;2021-05-11;1775;1515;77421;40249;30.0;15.6
39;2021-05-12;1809;1496;79230;41745;30.7;16.2
39;2021-05-13;246;23;79476;41768;30.8;16.2
39;2021-05-14;2392;336;81868;42104;31.8;16.3
39;2021-05-15;1849;257;83717;42361;32.5;16.4
39;2021-05-16;0;0;83717;42361;32.5;16.4
39;2021-05-17;1988;729;85705;43090;33.2;16.7
39;2021-05-18;1692;1183;87397;44273;33.9;17.2
39;2021-05-19;2496;557;89893;44830;34.9;17.4
39;2021-05-20;2465;756;92358;45586;35.8;17.7
39;2021-05-21;1800;565;94158;46151;36.5;17.9
39;2021-05-22;322;218;94480;46369;36.6;18.0
39;2021-05-23;7;36;94487;46405;36.6;18.0
39;2021-05-24;8;28;94495;46433;36.6;18.0
39;2021-05-25;1725;1205;96220;47638;37.3;18.5
39;2021-05-26;1644;1380;97864;49018;38.0;19.0
39;2021-05-27;1486;1623;99350;50641;38.5;19.6
39;2021-05-28;856;1219;100206;51860;38.9;20.1
39;2021-05-29;261;276;100467;52136;39.0;20.2
39;2021-05-30;2;40;100469;52176;39.0;20.2
39;2021-05-31;1626;1248;102095;53424;39.6;20.7
39;2021-06-01;1895;1321;103990;54745;40.3;21.2
39;2021-06-02;1707;1174;105697;55919;41.0;21.7
39;2021-06-03;1326;1159;107023;57078;41.5;22.1
39;2021-06-04;941;1071;107964;58149;41.9;22.6
39;2021-06-05;766;516;108730;58665;42.2;22.8
39;2021-06-06;1;36;108731;58701;42.2;22.8
39;2021-06-07;2104;916;110835;59617;43.0;23.1
39;2021-06-08;2211;1155;113046;60772;43.8;23.6
39;2021-06-09;1732;1244;114778;62016;44.5;24.1
39;2021-06-10;1617;2082;116395;64098;45.1;24.9
39;2021-06-11;1569;1271;117964;65369;45.7;25.4
39;2021-06-12;1263;348;119227;65717;46.2;25.5
39;2021-06-13;11;18;119238;65735;46.2;25.5
39;2021-06-14;1337;1895;120575;67630;46.8;26.2
39;2021-06-15;1388;1257;121963;68887;47.3;26.7
39;2021-06-16;1171;1538;123134;70425;47.8;27.3
39;2021-06-17;1043;1715;124177;72140;48.2;28.0
39;2021-06-18;1638;1179;125815;73319;48.8;28.4
39;2021-06-19;249;412;126064;73731;48.9;28.6
39;2021-06-20;2;18;126066;73749;48.9;28.6
39;2021-06-21;351;2494;126417;76243;49.0;29.6
39;2021-06-22;814;2294;127231;78537;49.3;30.5
39;2021-06-23;1200;1302;128431;79839;49.8;31.0
39;2021-06-24;736;1048;129167;80887;50.1;31.4
39;2021-06-25;680;2963;129847;83850;50.4;32.5
39;2021-06-26;207;1564;130054;85414;50.4;33.1
39;2021-06-27;0;0;130054;85414;50.4;33.1
39;2021-06-28;305;2745;130359;88159;50.6;34.2
39;2021-06-29;498;2697;130857;90856;50.7;35.2
39;2021-06-30;898;2422;131755;93278;51.1;36.2
39;2021-07-01;644;1938;132399;95216;51.3;36.9
39;2021-07-02;1112;1406;133511;96622;51.8;37.5
39;2021-07-03;554;524;134065;97146;52.0;37.7
39;2021-07-04;1;1;134066;97147;52.0;37.7
39;2021-07-05;602;2589;134668;99736;52.2;38.7
39;2021-07-06;836;1888;135504;101624;52.6;39.4
39;2021-07-07;591;1388;136095;103012;52.8;40.0
39;2021-07-08;697;906;136792;103918;53.1;40.3
39;2021-07-09;1080;1585;137872;105503;53.5;40.9
39;2021-07-10;739;476;138611;105979;53.8;41.1
39;2021-07-11;28;8;138639;105987;53.8;41.1
39;2021-07-12;577;2596;139216;108583;54.0;42.1
39;2021-07-13;1636;2657;140852;111240;54.6;43.1
39;2021-07-14;17;21;140869;111261;54.6;43.1
39;2021-07-15;1904;1836;142773;113097;55.4;43.9
39;2021-07-16;3226;2044;145999;115141;56.6;44.7
39;2021-07-17;2226;1162;148225;116303;57.5;45.1
39;2021-07-18;164;52;148389;116355;57.5;45.1
39;2021-07-19;1402;2959;149791;119314;58.1;46.3
39;2021-07-20;1841;2810;151632;122124;58.8;47.4
39;2021-07-21;2587;2582;154219;124706;59.8;48.4
39;2021-07-22;1934;1841;156153;126547;60.6;49.1
39;2021-07-23;1813;1928;157966;128475;61.3;49.8
39;2021-07-24;1400;1427;159366;129902;61.8;50.4
39;2021-07-25;0;1;159366;129903;61.8;50.4
39;2021-07-26;1320;2000;160686;131903;62.3;51.2
39;2021-07-27;2344;1901;163030;133804;63.2;51.9
39;2021-07-28;2686;1475;165716;135279;64.3;52.5
39;2021-07-29;2200;1739;167916;137018;65.1;53.1
39;2021-07-30;2041;1465;169957;138483;65.9;53.7
39;2021-07-31;1366;655;171323;139138;66.4;54.0
39;2021-08-01;10;18;171333;139156;66.4;54.0
39;2021-08-02;1203;1400;172536;140556;66.9;54.5
39;2021-08-03;1918;1486;174454;142042;67.7;55.1
39;2021-08-04;1044;660;175498;142702;68.1;55.3
39;2021-08-05;1233;737;176731;143439;68.5;55.6
39;2021-08-06;1376;2291;178107;145730;69.1;56.5
39;2021-08-07;1065;1211;179172;146941;69.5;57.0
39;2021-08-08;26;10;179198;146951;69.5;57.0
39;2021-08-09;436;303;179634;147254;69.7;57.1
39;2021-08-10;1227;930;180861;148184;70.1;57.5
39;2021-08-11;894;1530;181755;149714;70.5;58.1
39;2021-08-12;1584;2166;183339;151880;71.1;58.9
39;2021-08-13;1326;2118;184665;153998;71.6;59.7
39;2021-08-14;356;1104;185021;155102;71.8;60.2
39;2021-08-15;0;1;185021;155103;71.8;60.2
39;2021-08-16;486;735;185507;155838;71.9;60.4
39;2021-08-17;569;1438;186076;157276;72.2;61.0
39;2021-08-18;858;1728;186934;159004;72.5;61.7
39;2021-08-19;905;1594;187839;160598;72.8;62.3
39;2021-08-20;637;2501;188476;163099;73.1;63.3
39;2021-08-21;468;1290;188944;164389;73.3;63.8
39;2021-08-22;6;11;188950;164400;73.3;63.8
39;2021-08-23;263;972;189213;165372;73.4;64.1
39;2021-08-24;452;1609;189665;166981;73.6;64.8
39;2021-08-25;623;1602;190288;168583;73.8;65.4
39;2021-08-26;708;1858;190996;170441;74.1;66.1
39;2021-08-27;404;2058;191400;172499;74.2;66.9
39;2021-08-28;322;1360;191722;173859;74.4;67.4
39;2021-08-29;0;1;191722;173860;74.4;67.4
39;2021-08-30;345;1014;192067;174874;74.5;67.8
40;2020-12-27;0;0;0;0;0.0;0.0
40;2020-12-28;0;0;0;0;0.0;0.0
40;2020-12-29;0;0;0;0;0.0;0.0
40;2020-12-30;0;0;0;0;0.0;0.0
40;2020-12-31;1;0;1;0;0.0;0.0
40;2021-01-01;0;0;1;0;0.0;0.0
40;2021-01-02;0;0;1;0;0.0;0.0
40;2021-01-03;0;0;1;0;0.0;0.0
40;2021-01-04;0;0;1;0;0.0;0.0
40;2021-01-05;0;0;1;0;0.0;0.0
40;2021-01-06;1;0;2;0;0.0;0.0
40;2021-01-07;212;0;214;0;0.1;0.0
40;2021-01-08;392;2;606;2;0.1;0.0
40;2021-01-09;0;0;606;2;0.1;0.0
40;2021-01-10;1;0;607;2;0.1;0.0
40;2021-01-11;111;0;718;2;0.2;0.0
40;2021-01-12;0;0;718;2;0.2;0.0
40;2021-01-13;681;1;1399;3;0.3;0.0
40;2021-01-14;901;5;2300;8;0.6;0.0
40;2021-01-15;811;3;3111;11;0.8;0.0
40;2021-01-16;157;0;3268;11;0.8;0.0
40;2021-01-17;1;1;3269;12;0.8;0.0
40;2021-01-18;402;0;3671;12;0.9;0.0
40;2021-01-19;1204;3;4875;15;1.2;0.0
40;2021-01-20;879;2;5754;17;1.4;0.0
40;2021-01-21;1266;5;7020;22;1.7;0.0
40;2021-01-22;809;2;7829;24;1.9;0.0
40;2021-01-23;288;0;8117;24;2.0;0.0
40;2021-01-24;2;0;8119;24;2.0;0.0
40;2021-01-25;393;2;8512;26;2.1;0.0
40;2021-01-26;803;6;9315;32;2.3;0.0
40;2021-01-27;1118;12;10433;44;2.5;0.0
40;2021-01-28;708;112;11141;156;2.7;0.0
40;2021-01-29;600;228;11741;384;2.8;0.1
40;2021-01-30;235;3;11976;387;2.9;0.1
40;2021-01-31;1;0;11977;387;2.9;0.1
40;2021-02-01;358;131;12335;518;3.0;0.1
40;2021-02-02;923;52;13258;570;3.2;0.1
40;2021-02-03;894;299;14152;869;3.4;0.2
40;2021-02-04;1059;602;15211;1471;3.7;0.4
40;2021-02-05;793;421;16004;1892;3.9;0.5
40;2021-02-06;380;84;16384;1976;4.0;0.5
40;2021-02-07;10;0;16394;1976;4.0;0.5
40;2021-02-08;372;120;16766;2096;4.1;0.5
40;2021-02-09;809;539;17575;2635;4.3;0.6
40;2021-02-10;749;467;18324;3102;4.4;0.8
40;2021-02-11;739;681;19063;3783;4.6;0.9
40;2021-02-12;628;640;19691;4423;4.8;1.1
40;2021-02-13;400;94;20091;4517;4.9;1.1
40;2021-02-14;0;0;20091;4517;4.9;1.1
40;2021-02-15;48;386;20139;4903;4.9;1.2
40;2021-02-16;285;598;20424;5501;5.0;1.3
40;2021-02-17;360;889;20784;6390;5.0;1.6
40;2021-02-18;382;694;21166;7084;5.1;1.7
40;2021-02-19;144;641;21310;7725;5.2;1.9
40;2021-02-20;39;95;21349;7820;5.2;1.9
40;2021-02-21;1;66;21350;7886;5.2;1.9
40;2021-02-22;53;561;21403;8447;5.2;2.1
40;2021-02-23;179;834;21582;9281;5.2;2.3
40;2021-02-24;283;685;21865;9966;5.3;2.4
40;2021-02-25;727;983;22592;10949;5.5;2.7
40;2021-02-26;656;630;23248;11579;5.6;2.8
40;2021-02-27;384;101;23632;11680;5.7;2.8
40;2021-02-28;2;0;23634;11680;5.7;2.8
40;2021-03-01;418;506;24052;12186;5.8;3.0
40;2021-03-02;734;1038;24786;13224;6.0;3.2
40;2021-03-03;934;909;25720;14133;6.2;3.4
40;2021-03-04;1320;823;27040;14956;6.6;3.6
40;2021-03-05;1231;739;28271;15695;6.9;3.8
40;2021-03-06;866;390;29137;16085;7.1;3.9
40;2021-03-07;92;9;29229;16094;7.1;3.9
40;2021-03-08;838;500;30067;16594;7.3;4.0
40;2021-03-09;1505;642;31572;17236;7.7;4.2
40;2021-03-10;1749;713;33321;17949;8.1;4.4
40;2021-03-11;1985;694;35306;18643;8.6;4.5
40;2021-03-12;2049;548;37355;19191;9.1;4.7
40;2021-03-13;972;255;38327;19446;9.3;4.7
40;2021-03-14;98;0;38425;19446;9.3;4.7
40;2021-03-15;924;88;39349;19534;9.6;4.7
40;2021-03-16;987;271;40336;19805;9.8;4.8
40;2021-03-17;1576;346;41912;20151;10.2;4.9
40;2021-03-18;1560;339;43472;20490;10.6;5.0
40;2021-03-19;1808;143;45280;20633;11.0;5.0
40;2021-03-20;706;14;45986;20647;11.2;5.0
40;2021-03-21;52;1;46038;20648;11.2;5.0
40;2021-03-22;1174;35;47212;20683;11.5;5.0
40;2021-03-23;2324;166;49536;20849;12.0;5.1
40;2021-03-24;2326;231;51862;21080;12.6;5.1
40;2021-03-25;2767;381;54629;21461;13.3;5.2
40;2021-03-26;3122;209;57751;21670;14.0;5.3
40;2021-03-27;923;48;58674;21718;14.2;5.3
40;2021-03-28;178;47;58852;21765;14.3;5.3
40;2021-03-29;1153;381;60005;22146;14.6;5.4
40;2021-03-30;2298;390;62303;22536;15.1;5.5
40;2021-03-31;1999;303;64302;22839;15.6;5.5
40;2021-04-01;2410;330;66712;23169;16.2;5.6
40;2021-04-02;2362;219;69074;23388;16.8;5.7
40;2021-04-03;743;121;69817;23509;16.9;5.7
40;2021-04-04;362;8;70179;23517;17.0;5.7
40;2021-04-05;523;40;70702;23557;17.2;5.7
40;2021-04-06;2096;809;72798;24366;17.7;5.9
40;2021-04-07;2665;872;75463;25238;18.3;6.1
40;2021-04-08;3061;896;78524;26134;19.1;6.3
40;2021-04-09;3826;605;82350;26739;20.0;6.5
40;2021-04-10;1599;342;83949;27081;20.4;6.6
40;2021-04-11;51;6;84000;27087;20.4;6.6
40;2021-04-12;2177;734;86177;27821;20.9;6.8
40;2021-04-13;2567;1089;88744;28910;21.5;7.0
40;2021-04-14;2571;1375;91315;30285;22.2;7.4
40;2021-04-15;2987;1505;94302;31790;22.9;7.7
40;2021-04-16;2878;1185;97180;32975;23.6;8.0
40;2021-04-17;1464;349;98644;33324;23.9;8.1
40;2021-04-18;57;24;98701;33348;24.0;8.1
40;2021-04-19;1058;1022;99759;34370;24.2;8.3
40;2021-04-20;1622;1744;101381;36114;24.6;8.8
40;2021-04-21;1777;1739;103158;37853;25.0;9.2
40;2021-04-22;2113;1775;105271;39628;25.6;9.6
40;2021-04-23;2163;1398;107434;41026;26.1;10.0
40;2021-04-24;1328;624;108762;41650;26.4;10.1
40;2021-04-25;37;57;108799;41707;26.4;10.1
40;2021-04-26;1251;1137;110050;42844;26.7;10.4
40;2021-04-27;1487;2033;111537;44877;27.1;10.9
40;2021-04-28;2051;1370;113588;46247;27.6;11.2
40;2021-04-29;2608;1899;116196;48146;28.2;11.7
40;2021-04-30;2701;1616;118897;49762;28.9;12.1
40;2021-05-01;1229;783;120126;50545;29.2;12.3
40;2021-05-02;143;322;120269;50867;29.2;12.3
40;2021-05-03;1857;1501;122126;52368;29.6;12.7
40;2021-05-04;1883;2467;124009;54835;30.1;13.3
40;2021-05-05;2188;2668;126197;57503;30.6;14.0
40;2021-05-06;2237;2866;128434;60369;31.2;14.7
40;2021-05-07;1904;3004;130338;63373;31.6;15.4
40;2021-05-08;674;468;131012;63841;31.8;15.5
40;2021-05-09;316;21;131328;63862;31.9;15.5
40;2021-05-10;1399;2055;132727;65917;32.2;16.0
40;2021-05-11;2197;2510;134924;68427;32.8;16.6
40;2021-05-12;2731;1944;137655;70371;33.4;17.1
40;2021-05-13;1984;515;139639;70886;33.9;17.2
40;2021-05-14;2324;1657;141963;72543;34.5;17.6
40;2021-05-15;1340;963;143303;73506;34.8;17.8
40;2021-05-16;434;24;143737;73530;34.9;17.8
40;2021-05-17;2120;1312;145857;74842;35.4;18.2
40;2021-05-18;2509;1416;148366;76258;36.0;18.5
40;2021-05-19;2957;1106;151323;77364;36.7;18.8
40;2021-05-20;3586;1164;154909;78528;37.6;19.1
40;2021-05-21;2925;1330;157834;79858;38.3;19.4
40;2021-05-22;1146;796;158980;80654;38.6;19.6
40;2021-05-23;631;29;159611;80683;38.7;19.6
40;2021-05-24;1212;332;160823;81015;39.0;19.7
40;2021-05-25;2168;1308;162991;82323;39.6;20.0
40;2021-05-26;2615;1562;165606;83885;40.2;20.4
40;2021-05-27;2733;2012;168339;85897;40.9;20.8
40;2021-05-28;2569;2275;170908;88172;41.5;21.4
40;2021-05-29;1558;1257;172466;89429;41.9;21.7
40;2021-05-30;4;52;172470;89481;41.9;21.7
40;2021-05-31;2566;1209;175036;90690;42.5;22.0
40;2021-06-01;3011;1771;178047;92461;43.2;22.4
40;2021-06-02;3173;1990;181220;94451;44.0;22.9
40;2021-06-03;3592;2335;184812;96786;44.9;23.5
40;2021-06-04;3016;2803;187828;99589;45.6;24.2
40;2021-06-05;1780;1395;189608;100984;46.0;24.5
40;2021-06-06;459;79;190067;101063;46.1;24.5
40;2021-06-07;2185;2025;192252;103088;46.7;25.0
40;2021-06-08;2954;2102;195206;105190;47.4;25.5
40;2021-06-09;3215;2267;198421;107457;48.2;26.1
40;2021-06-10;2996;2097;201417;109554;48.9;26.6
40;2021-06-11;3139;2797;204556;112351;49.7;27.3
40;2021-06-12;1964;1636;206520;113987;50.1;27.7
40;2021-06-13;644;161;207164;114148;50.3;27.7
40;2021-06-14;1458;2497;208622;116645;50.6;28.3
40;2021-06-15;2237;2821;210859;119466;51.2;29.0
40;2021-06-16;2608;2457;213467;121923;51.8;29.6
40;2021-06-17;2432;2437;215899;124360;52.4;30.2
40;2021-06-18;2325;2904;218224;127264;53.0;30.9
40;2021-06-19;1798;1231;220022;128495;53.4;31.2
40;2021-06-20;345;276;220367;128771;53.5;31.3
40;2021-06-21;1395;2319;221762;131090;53.8;31.8
40;2021-06-22;1688;2996;223450;134086;54.2;32.5
40;2021-06-23;1606;3346;225056;137432;54.6;33.4
40;2021-06-24;1735;2385;226791;139817;55.0;33.9
40;2021-06-25;1760;3264;228551;143081;55.5;34.7
40;2021-06-26;1328;1713;229879;144794;55.8;35.1
40;2021-06-27;263;354;230142;145148;55.9;35.2
40;2021-06-28;1334;2821;231476;147969;56.2;35.9
40;2021-06-29;1711;3392;233187;151361;56.6;36.7
40;2021-06-30;1777;3644;234964;155005;57.0;37.6
40;2021-07-01;1714;3953;236678;158958;57.4;38.6
40;2021-07-02;1562;3808;238240;162766;57.8;39.5
40;2021-07-03;678;1922;238918;164688;58.0;40.0
40;2021-07-04;219;483;239137;165171;58.0;40.1
40;2021-07-05;1476;3020;240613;168191;58.4;40.8
40;2021-07-06;1769;3613;242382;171804;58.8;41.7
40;2021-07-07;1975;3846;244357;175650;59.3;42.6
40;2021-07-08;2102;3409;246459;179059;59.8;43.5
40;2021-07-09;2110;3948;248569;183007;60.3;44.4
40;2021-07-10;1005;2157;249574;185164;60.6;44.9
40;2021-07-11;207;294;249781;185458;60.6;45.0
40;2021-07-12;1313;4044;251094;189502;60.9;46.0
40;2021-07-13;2427;4698;253521;194200;61.5;47.1
40;2021-07-14;2198;2057;255719;196257;62.1;47.6
40;2021-07-15;2844;4859;258563;201116;62.8;48.8
40;2021-07-16;3316;3944;261879;205060;63.6;49.8
40;2021-07-17;2110;2593;263989;207653;64.1;50.4
40;2021-07-18;472;542;264461;208195;64.2;50.5
40;2021-07-19;2568;3701;267029;211896;64.8;51.4
40;2021-07-20;3061;4055;270090;215951;65.6;52.4
40;2021-07-21;3205;3886;273295;219837;66.3;53.4
40;2021-07-22;3853;3928;277148;223765;67.3;54.3
40;2021-07-23;4090;4109;281238;227874;68.3;55.3
40;2021-07-24;2793;2110;284031;229984;68.9;55.8
40;2021-07-25;954;489;284985;230473;69.2;55.9
40;2021-07-26;2941;3082;287926;233555;69.9;56.7
40;2021-07-27;3520;3601;291446;237156;70.7;57.6
40;2021-07-28;3379;3396;294825;240552;71.6;58.4
40;2021-07-29;3542;3432;298367;243984;72.4;59.2
40;2021-07-30;3129;3403;301496;247387;73.2;60.0
40;2021-07-31;1781;1909;303277;249296;73.6;60.5
40;2021-08-01;343;287;303620;249583;73.7;60.6
40;2021-08-02;2002;2379;305622;251962;74.2;61.2
40;2021-08-03;2327;2691;307949;254653;74.7;61.8
40;2021-08-04;2089;2322;310038;256975;75.3;62.4
40;2021-08-05;1966;2666;312004;259641;75.7;63.0
40;2021-08-06;1880;3068;313884;262709;76.2;63.8
40;2021-08-07;1217;1744;315101;264453;76.5;64.2
40;2021-08-08;84;154;315185;264607;76.5;64.2
40;2021-08-09;1598;3124;316783;267731;76.9;65.0
40;2021-08-10;1419;3164;318202;270895;77.2;65.8
40;2021-08-11;1414;2847;319616;273742;77.6;66.4
40;2021-08-12;1272;3102;320888;276844;77.9;67.2
40;2021-08-13;1128;2978;322016;279822;78.2;67.9
40;2021-08-14;617;2037;322633;281859;78.3;68.4
40;2021-08-15;5;172;322638;282031;78.3;68.5
40;2021-08-16;1102;3387;323740;285418;78.6;69.3
40;2021-08-17;1154;3420;324894;288838;78.9;70.1
40;2021-08-18;981;3261;325875;292099;79.1;70.9
40;2021-08-19;847;2970;326722;295069;79.3;71.6
40;2021-08-20;800;3033;327522;298102;79.5;72.4
40;2021-08-21;522;1899;328044;300001;79.6;72.8
40;2021-08-22;71;463;328115;300464;79.6;72.9
40;2021-08-23;726;2816;328841;303280;79.8;73.6
40;2021-08-24;692;2541;329533;305821;80.0;74.2
40;2021-08-25;669;2003;330202;307824;80.2;74.7
40;2021-08-26;486;1674;330688;309498;80.3;75.1
40;2021-08-27;635;2468;331323;311966;80.4;75.7
40;2021-08-28;324;1218;331647;313184;80.5;76.0
40;2021-08-29;1;9;331648;313193;80.5;76.0
40;2021-08-30;598;2157;332246;315350;80.6;76.5
41;2020-12-27;0;0;0;0;0.0;0.0
41;2020-12-28;0;0;0;0;0.0;0.0
41;2020-12-29;0;0;0;0;0.0;0.0
41;2020-12-30;0;0;0;0;0.0;0.0
41;2020-12-31;0;0;0;0;0.0;0.0
41;2021-01-01;0;0;0;0;0.0;0.0
41;2021-01-02;2;0;2;0;0.0;0.0
41;2021-01-03;0;0;2;0;0.0;0.0
41;2021-01-04;0;0;2;0;0.0;0.0
41;2021-01-05;35;0;37;0;0.0;0.0
41;2021-01-06;72;0;109;0;0.0;0.0
41;2021-01-07;21;0;130;0;0.0;0.0
41;2021-01-08;1;0;131;0;0.0;0.0
41;2021-01-09;0;0;131;0;0.0;0.0
41;2021-01-10;0;0;131;0;0.0;0.0
41;2021-01-11;133;0;264;0;0.1;0.0
41;2021-01-12;321;1;585;1;0.2;0.0
41;2021-01-13;271;0;856;1;0.3;0.0
41;2021-01-14;283;1;1139;2;0.3;0.0
41;2021-01-15;215;1;1354;3;0.4;0.0
41;2021-01-16;0;0;1354;3;0.4;0.0
41;2021-01-17;0;0;1354;3;0.4;0.0
41;2021-01-18;397;2;1751;5;0.5;0.0
41;2021-01-19;857;2;2608;7;0.8;0.0
41;2021-01-20;1056;3;3664;10;1.1;0.0
41;2021-01-21;1567;8;5231;18;1.6;0.0
41;2021-01-22;836;0;6067;18;1.9;0.0
41;2021-01-23;92;0;6159;18;1.9;0.0
41;2021-01-24;0;0;6159;18;1.9;0.0
41;2021-01-25;421;1;6580;19;2.0;0.0
41;2021-01-26;473;2;7053;21;2.2;0.0
41;2021-01-27;441;2;7494;23;2.3;0.0
41;2021-01-28;604;56;8098;79;2.5;0.0
41;2021-01-29;260;30;8358;109;2.5;0.0
41;2021-01-30;0;0;8358;109;2.5;0.0
41;2021-01-31;0;0;8358;109;2.5;0.0
41;2021-02-01;349;148;8707;257;2.7;0.1
41;2021-02-02;471;230;9178;487;2.8;0.1
41;2021-02-03;341;202;9519;689;2.9;0.2
41;2021-02-04;559;154;10078;843;3.1;0.3
41;2021-02-05;329;187;10407;1030;3.2;0.3
41;2021-02-06;4;0;10411;1030;3.2;0.3
41;2021-02-07;2;0;10413;1030;3.2;0.3
41;2021-02-08;306;306;10719;1336;3.3;0.4
41;2021-02-09;599;453;11318;1789;3.5;0.5
41;2021-02-10;486;692;11804;2481;3.6;0.8
41;2021-02-11;1066;1157;12870;3638;3.9;1.1
41;2021-02-12;688;359;13558;3997;4.1;1.2
41;2021-02-13;9;5;13567;4002;4.1;1.2
41;2021-02-14;3;27;13570;4029;4.1;1.2
41;2021-02-15;314;306;13884;4335;4.2;1.3
41;2021-02-16;354;566;14238;4901;4.3;1.5
41;2021-02-17;317;457;14555;5358;4.4;1.6
41;2021-02-18;617;325;15172;5683;4.6;1.7
41;2021-02-19;456;337;15628;6020;4.8;1.8
41;2021-02-20;69;58;15697;6078;4.8;1.9
41;2021-02-21;0;0;15697;6078;4.8;1.9
41;2021-02-22;310;414;16007;6492;4.9;2.0
41;2021-02-23;454;346;16461;6838;5.0;2.1
41;2021-02-24;281;442;16742;7280;5.1;2.2
41;2021-02-25;675;459;17417;7739;5.3;2.4
41;2021-02-26;630;250;18047;7989;5.5;2.4
41;2021-02-27;161;4;18208;7993;5.6;2.4
41;2021-02-28;4;31;18212;8024;5.6;2.4
41;2021-03-01;310;314;18522;8338;5.6;2.5
41;2021-03-02;649;411;19171;8749;5.8;2.7
41;2021-03-03;497;409;19668;9158;6.0;2.8
41;2021-03-04;784;836;20452;9994;6.2;3.0
41;2021-03-05;840;674;21292;10668;6.5;3.3
41;2021-03-06;715;22;22007;10690;6.7;3.3
41;2021-03-07;498;19;22505;10709;6.9;3.3
41;2021-03-08;300;376;22805;11085;7.0;3.4
41;2021-03-09;1042;453;23847;11538;7.3;3.5
41;2021-03-10;721;456;24568;11994;7.5;3.7
41;2021-03-11;1182;681;25750;12675;7.9;3.9
41;2021-03-12;1116;412;26866;13087;8.2;4.0
41;2021-03-13;1224;18;28090;13105;8.6;4.0
41;2021-03-14;392;6;28482;13111;8.7;4.0
41;2021-03-15;797;352;29279;13463;8.9;4.1
41;2021-03-16;1061;411;30340;13874;9.3;4.2
41;2021-03-17;587;240;30927;14114;9.4;4.3
41;2021-03-18;926;400;31853;14514;9.7;4.4
41;2021-03-19;911;335;32764;14849;10.0;4.5
41;2021-03-20;541;19;33305;14868;10.2;4.5
41;2021-03-21;1;0;33306;14868;10.2;4.5
41;2021-03-22;809;273;34115;15141;10.4;4.6
41;2021-03-23;1309;491;35424;15632;10.8;4.8
41;2021-03-24;1231;367;36655;15999;11.2;4.9
41;2021-03-25;2026;438;38681;16437;11.8;5.0
41;2021-03-26;1655;325;40336;16762;12.3;5.1
41;2021-03-27;452;58;40788;16820;12.4;5.1
41;2021-03-28;1;0;40789;16820;12.4;5.1
41;2021-03-29;938;308;41727;17128;12.7;5.2
41;2021-03-30;1496;595;43223;17723;13.2;5.4
41;2021-03-31;1147;493;44370;18216;13.5;5.6
41;2021-04-01;2253;565;46623;18781;14.2;5.7
41;2021-04-02;1242;475;47865;19256;14.6;5.9
41;2021-04-03;321;5;48186;19261;14.7;5.9
41;2021-04-04;39;0;48225;19261;14.7;5.9
41;2021-04-05;140;2;48365;19263;14.8;5.9
41;2021-04-06;1302;626;49667;19889;15.1;6.1
41;2021-04-07;1851;705;51518;20594;15.7;6.3
41;2021-04-08;2294;920;53812;21514;16.4;6.6
41;2021-04-09;2569;609;56381;22123;17.2;6.7
41;2021-04-10;954;497;57335;22620;17.5;6.9
41;2021-04-11;279;376;57614;22996;17.6;7.0
41;2021-04-12;1689;653;59303;23649;18.1;7.2
41;2021-04-13;2262;985;61565;24634;18.8;7.5
41;2021-04-14;1793;549;63358;25183;19.3;7.7
41;2021-04-15;2385;978;65743;26161;20.1;8.0
41;2021-04-16;1931;626;67674;26787;20.6;8.2
41;2021-04-17;647;137;68321;26924;20.8;8.2
41;2021-04-18;5;0;68326;26924;20.8;8.2
41;2021-04-19;1262;743;69588;27667;21.2;8.4
41;2021-04-20;2004;1202;71592;28869;21.8;8.8
41;2021-04-21;1503;918;73095;29787;22.3;9.1
41;2021-04-22;2236;1600;75331;31387;23.0;9.6
41;2021-04-23;1736;1080;77067;32467;23.5;9.9
41;2021-04-24;1544;282;78611;32749;24.0;10.0
41;2021-04-25;1007;19;79618;32768;24.3;10.0
41;2021-04-26;1356;625;80974;33393;24.7;10.2
41;2021-04-27;2094;1039;83068;34432;25.3;10.5
41;2021-04-28;1561;860;84629;35292;25.8;10.8
41;2021-04-29;2211;1377;86840;36669;26.5;11.2
41;2021-04-30;1963;870;88803;37539;27.1;11.5
41;2021-05-01;189;12;88992;37551;27.1;11.5
41;2021-05-02;107;17;89099;37568;27.2;11.5
41;2021-05-03;1866;894;90965;38462;27.7;11.7
41;2021-05-04;2095;1544;93060;40006;28.4;12.2
41;2021-05-05;1881;1190;94941;41196;29.0;12.6
41;2021-05-06;2448;1696;97389;42892;29.7;13.1
41;2021-05-07;2018;1802;99407;44694;30.3;13.6
41;2021-05-08;203;154;99610;44848;30.4;13.7
41;2021-05-09;11;354;99621;45202;30.4;13.8
41;2021-05-10;1590;1556;101211;46758;30.9;14.3
41;2021-05-11;2087;2102;103298;48860;31.5;14.9
41;2021-05-12;1952;1677;105250;50537;32.1;15.4
41;2021-05-13;1486;948;106736;51485;32.6;15.7
41;2021-05-14;1577;1303;108313;52788;33.0;16.1
41;2021-05-15;206;294;108519;53082;33.1;16.2
41;2021-05-16;4;0;108523;53082;33.1;16.2
41;2021-05-17;2483;564;111006;53646;33.9;16.4
41;2021-05-18;3137;1032;114143;54678;34.8;16.7
41;2021-05-19;2553;675;116696;55353;35.6;16.9
41;2021-05-20;3349;1154;120045;56507;36.6;17.2
41;2021-05-21;2727;967;122772;57474;37.4;17.5
41;2021-05-22;397;237;123169;57711;37.6;17.6
41;2021-05-23;6;2;123175;57713;37.6;17.6
41;2021-05-24;2605;149;125780;57862;38.4;17.6
41;2021-05-25;2991;576;128771;58438;39.3;17.8
41;2021-05-26;3038;651;131809;59089;40.2;18.0
41;2021-05-27;3296;1111;135105;60200;41.2;18.4
41;2021-05-28;3143;977;138248;61177;42.2;18.7
41;2021-05-29;2074;429;140322;61606;42.8;18.8
41;2021-05-30;344;22;140666;61628;42.9;18.8
41;2021-05-31;1711;1505;142377;63133;43.4;19.3
41;2021-06-01;2262;2013;144639;65146;44.1;19.9
41;2021-06-02;1832;1289;146471;66435;44.7;20.3
41;2021-06-03;2597;1943;149068;68378;45.5;20.9
41;2021-06-04;2303;1965;151371;70343;46.2;21.5
41;2021-06-05;611;1583;151982;71926;46.4;21.9
41;2021-06-06;109;927;152091;72853;46.4;22.2
41;2021-06-07;1516;1532;153607;74385;46.9;22.7
41;2021-06-08;1713;2414;155320;76799;47.4;23.4
41;2021-06-09;1615;1641;156935;78440;47.9;23.9
41;2021-06-10;1917;1817;158852;80257;48.5;24.5
41;2021-06-11;1572;1795;160424;82052;48.9;25.0
41;2021-06-12;663;649;161087;82701;49.1;25.2
41;2021-06-13;12;77;161099;82778;49.1;25.2
41;2021-06-14;1269;1963;162368;84741;49.5;25.8
41;2021-06-15;1835;2762;164203;87503;50.1;26.7
41;2021-06-16;1725;2310;165928;89813;50.6;27.4
41;2021-06-17;1811;2576;167739;92389;51.2;28.2
41;2021-06-18;1665;2401;169404;94790;51.7;28.9
41;2021-06-19;412;532;169816;95322;51.8;29.1
41;2021-06-20;11;32;169827;95354;51.8;29.1
41;2021-06-21;1325;1781;171152;97135;52.2;29.6
41;2021-06-22;1619;2564;172771;99699;52.7;30.4
41;2021-06-23;1375;2045;174146;101744;53.1;31.0
41;2021-06-24;1483;2309;175629;104053;53.6;31.7
41;2021-06-25;1294;2617;176923;106670;54.0;32.5
41;2021-06-26;435;614;177358;107284;54.1;32.7
41;2021-06-27;1;4;177359;107288;54.1;32.7
41;2021-06-28;404;2697;177763;109985;54.2;33.5
41;2021-06-29;666;3441;178429;113426;54.4;34.6
41;2021-06-30;552;3068;178981;116494;54.6;35.5
41;2021-07-01;767;3106;179748;119600;54.8;36.5
41;2021-07-02;590;3499;180338;123099;55.0;37.5
41;2021-07-03;158;647;180496;123746;55.1;37.7
41;2021-07-04;2;2;180498;123748;55.1;37.7
41;2021-07-05;287;2819;180785;126567;55.1;38.6
41;2021-07-06;666;3635;181451;130202;55.3;39.7
41;2021-07-07;479;3140;181930;133342;55.5;40.7
41;2021-07-08;941;3369;182871;136711;55.8;41.7
41;2021-07-09;540;3640;183411;140351;55.9;42.8
41;2021-07-10;247;2088;183658;142439;56.0;43.4
41;2021-07-11;5;281;183663;142720;56.0;43.5
41;2021-07-12;862;2292;184525;145012;56.3;44.2
41;2021-07-13;1198;3288;185723;148300;56.7;45.2
41;2021-07-14;140;1080;185863;149380;56.7;45.6
41;2021-07-15;1335;3322;187198;152702;57.1;46.6
41;2021-07-16;1091;3391;188289;156093;57.4;47.6
41;2021-07-17;342;807;188631;156900;57.5;47.9
41;2021-07-18;24;32;188655;156932;57.5;47.9
41;2021-07-19;1189;2320;189844;159252;57.9;48.6
41;2021-07-20;1640;2744;191484;161996;58.4;49.4
41;2021-07-21;1708;2085;193192;164081;58.9;50.0
41;2021-07-22;2261;2299;195453;166380;59.6;50.8
41;2021-07-23;2103;2468;197556;168848;60.3;51.5
41;2021-07-24;329;841;197885;169689;60.4;51.8
41;2021-07-25;18;23;197903;169712;60.4;51.8
41;2021-07-26;1902;1679;199805;171391;60.9;52.3
41;2021-07-27;2534;2342;202339;173733;61.7;53.0
41;2021-07-28;2161;1830;204500;175563;62.4;53.6
41;2021-07-29;2344;2025;206844;177588;63.1;54.2
41;2021-07-30;2152;2086;208996;179674;63.8;54.8
41;2021-07-31;378;579;209374;180253;63.9;55.0
41;2021-08-01;19;7;209393;180260;63.9;55.0
41;2021-08-02;1546;1606;210939;181866;64.3;55.5
41;2021-08-03;2512;1859;213451;183725;65.1;56.0
41;2021-08-04;2295;1198;215746;184923;65.8;56.4
41;2021-08-05;3043;1261;218789;186184;66.7;56.8
41;2021-08-06;2210;1302;220999;187486;67.4;57.2
41;2021-08-07;509;347;221508;187833;67.6;57.3
41;2021-08-08;13;20;221521;187853;67.6;57.3
41;2021-08-09;1687;1355;223208;189208;68.1;57.7
41;2021-08-10;2560;1417;225768;190625;68.9;58.1
41;2021-08-11;1591;1438;227359;192063;69.4;58.6
41;2021-08-12;1935;1335;229294;193398;69.9;59.0
41;2021-08-13;1457;1693;230751;195091;70.4;59.5
41;2021-08-14;362;205;231113;195296;70.5;59.6
41;2021-08-15;0;16;231113;195312;70.5;59.6
41;2021-08-16;865;2069;231978;197381;70.8;60.2
41;2021-08-17;1498;1640;233476;199021;71.2;60.7
41;2021-08-18;1132;1968;234608;200989;71.6;61.3
41;2021-08-19;1308;1555;235916;202544;72.0;61.8
41;2021-08-20;915;2308;236831;204852;72.2;62.5
41;2021-08-21;120;227;236951;205079;72.3;62.6
41;2021-08-22;1;32;236952;205111;72.3;62.6
41;2021-08-23;691;2295;237643;207406;72.5;63.3
41;2021-08-24;1409;2304;239052;209710;72.9;64.0
41;2021-08-25;618;2200;239670;211910;73.1;64.6
41;2021-08-26;842;2819;240512;214729;73.4;65.5
41;2021-08-27;617;2759;241129;217488;73.6;66.3
41;2021-08-28;93;618;241222;218106;73.6;66.5
41;2021-08-29;46;23;241268;218129;73.6;66.5
41;2021-08-30;665;2113;241933;220242;73.8;67.2
42;2020-12-27;2;0;2;0;0.0;0.0
42;2020-12-28;0;0;2;0;0.0;0.0
42;2020-12-29;0;0;2;0;0.0;0.0
42;2020-12-30;0;0;2;0;0.0;0.0
42;2020-12-31;0;0;2;0;0.0;0.0
42;2021-01-01;0;0;2;0;0.0;0.0
42;2021-01-02;0;0;2;0;0.0;0.0
42;2021-01-03;0;0;2;0;0.0;0.0
42;2021-01-04;1;0;3;0;0.0;0.0
42;2021-01-05;1;0;4;0;0.0;0.0
42;2021-01-06;178;1;182;1;0.0;0.0
42;2021-01-07;256;0;438;1;0.1;0.0
42;2021-01-08;264;1;702;2;0.1;0.0
42;2021-01-09;136;0;838;2;0.1;0.0
42;2021-01-10;0;0;838;2;0.1;0.0
42;2021-01-11;293;2;1131;4;0.1;0.0
42;2021-01-12;412;1;1543;5;0.2;0.0
42;2021-01-13;527;2;2070;7;0.3;0.0
42;2021-01-14;773;4;2843;11;0.4;0.0
42;2021-01-15;705;4;3548;15;0.5;0.0
42;2021-01-16;298;2;3846;17;0.5;0.0
42;2021-01-17;219;0;4065;17;0.5;0.0
42;2021-01-18;969;1;5034;18;0.7;0.0
42;2021-01-19;1329;10;6363;28;0.8;0.0
42;2021-01-20;956;4;7319;32;1.0;0.0
42;2021-01-21;1020;6;8339;38;1.1;0.0
42;2021-01-22;992;6;9331;44;1.2;0.0
42;2021-01-23;401;0;9732;44;1.3;0.0
42;2021-01-24;358;0;10090;44;1.3;0.0
42;2021-01-25;1099;13;11189;57;1.5;0.0
42;2021-01-26;1746;19;12935;76;1.7;0.0
42;2021-01-27;1458;123;14393;199;1.9;0.0
42;2021-01-28;1667;143;16060;342;2.1;0.0
42;2021-01-29;946;118;17006;460;2.2;0.1
42;2021-01-30;257;109;17263;569;2.3;0.1
42;2021-01-31;258;2;17521;571;2.3;0.1
42;2021-02-01;736;62;18257;633;2.4;0.1
42;2021-02-02;1806;296;20063;929;2.6;0.1
42;2021-02-03;1517;487;21580;1416;2.8;0.2
42;2021-02-04;1282;610;22862;2026;3.0;0.3
42;2021-02-05;684;526;23546;2552;3.1;0.3
42;2021-02-06;303;148;23849;2700;3.1;0.4
42;2021-02-07;275;152;24124;2852;3.2;0.4
42;2021-02-08;508;614;24632;3466;3.2;0.5
42;2021-02-09;703;799;25335;4265;3.3;0.6
42;2021-02-10;741;685;26076;4950;3.4;0.6
42;2021-02-11;772;678;26848;5628;3.5;0.7
42;2021-02-12;675;751;27523;6379;3.6;0.8
42;2021-02-13;427;301;27950;6680;3.7;0.9
42;2021-02-14;186;222;28136;6902;3.7;0.9
42;2021-02-15;521;816;28657;7718;3.7;1.0
42;2021-02-16;490;1241;29147;8959;3.8;1.2
42;2021-02-17;518;1527;29665;10486;3.9;1.4
42;2021-02-18;755;1384;30420;11870;4.0;1.6
42;2021-02-19;767;1022;31187;12892;4.1;1.7
42;2021-02-20;248;423;31435;13315;4.1;1.7
42;2021-02-21;63;326;31498;13641;4.1;1.8
42;2021-02-22;575;962;32073;14603;4.2;1.9
42;2021-02-23;1209;1433;33282;16036;4.4;2.1
42;2021-02-24;1246;1224;34528;17260;4.5;2.3
42;2021-02-25;1666;1419;36194;18679;4.7;2.4
42;2021-02-26;1647;926;37841;19605;4.9;2.6
42;2021-02-27;580;293;38421;19898;5.0;2.6
42;2021-02-28;166;125;38587;20023;5.0;2.6
42;2021-03-01;807;847;39394;20870;5.2;2.7
42;2021-03-02;1276;816;40670;21686;5.3;2.8
42;2021-03-03;1366;801;42036;22487;5.5;2.9
42;2021-03-04;1705;722;43741;23209;5.7;3.0
42;2021-03-05;2625;673;46366;23882;6.1;3.1
42;2021-03-06;1932;268;48298;24150;6.3;3.2
42;2021-03-07;1491;93;49789;24243;6.5;3.2
42;2021-03-08;1405;515;51194;24758;6.7;3.2
42;2021-03-09;1984;458;53178;25216;7.0;3.3
42;2021-03-10;2053;503;55231;25719;7.2;3.4
42;2021-03-11;3048;617;58279;26336;7.6;3.4
42;2021-03-12;3008;832;61287;27168;8.0;3.6
42;2021-03-13;1479;367;62766;27535;8.2;3.6
42;2021-03-14;472;176;63238;27711;8.3;3.6
42;2021-03-15;1571;602;64809;28313;8.5;3.7
42;2021-03-16;1474;780;66283;29093;8.7;3.8
42;2021-03-17;1721;1081;68004;30174;8.9;3.9
42;2021-03-18;1804;1029;69808;31203;9.1;4.1
42;2021-03-19;2567;678;72375;31881;9.5;4.2
42;2021-03-20;1672;232;74047;32113;9.7;4.2
42;2021-03-21;526;99;74573;32212;9.8;4.2
42;2021-03-22;1426;736;75999;32948;9.9;4.3
42;2021-03-23;2507;867;78506;33815;10.3;4.4
42;2021-03-24;2783;787;81289;34602;10.6;4.5
42;2021-03-25;3720;938;85009;35540;11.1;4.6
42;2021-03-26;3760;790;88769;36330;11.6;4.8
42;2021-03-27;1806;451;90575;36781;11.8;4.8
42;2021-03-28;1040;216;91615;36997;12.0;4.8
42;2021-03-29;2062;926;93677;37923;12.2;5.0
42;2021-03-30;3144;868;96821;38791;12.7;5.1
42;2021-03-31;2443;1073;99264;39864;13.0;5.2
42;2021-04-01;3392;1050;102656;40914;13.4;5.4
42;2021-04-02;2849;1228;105505;42142;13.8;5.5
42;2021-04-03;1418;610;106923;42752;14.0;5.6
42;2021-04-04;1404;396;108327;43148;14.2;5.6
42;2021-04-05;1900;297;110227;43445;14.4;5.7
42;2021-04-06;2292;1416;112519;44861;14.7;5.9
42;2021-04-07;2760;1832;115279;46693;15.1;6.1
42;2021-04-08;4022;1596;119301;48289;15.6;6.3
42;2021-04-09;5135;1553;124436;49842;16.3;6.5
42;2021-04-10;2591;767;127027;50609;16.6;6.6
42;2021-04-11;1956;429;128983;51038;16.9;6.7
42;2021-04-12;3699;1551;132682;52589;17.4;6.9
42;2021-04-13;4659;1810;137341;54399;18.0;7.1
42;2021-04-14;4310;1903;141651;56302;18.5;7.4
42;2021-04-15;4810;1829;146461;58131;19.2;7.6
42;2021-04-16;4618;1889;151079;60020;19.8;7.8
42;2021-04-17;2982;1073;154061;61093;20.1;8.0
42;2021-04-18;1884;414;155945;61507;20.4;8.0
42;2021-04-19;3090;1537;159035;63044;20.8;8.2
42;2021-04-20;3468;1954;162503;64998;21.2;8.5
42;2021-04-21;3478;1747;165981;66745;21.7;8.7
42;2021-04-22;3769;1953;169750;68698;22.2;9.0
42;2021-04-23;3838;2013;173588;70711;22.7;9.2
42;2021-04-24;2363;1517;175951;72228;23.0;9.4
42;2021-04-25;1659;943;177610;73171;23.2;9.6
42;2021-04-26;3279;1734;180889;74905;23.7;9.8
42;2021-04-27;3257;2212;184146;77117;24.1;10.1
42;2021-04-28;3464;2626;187610;79743;24.5;10.4
42;2021-04-29;3770;2809;191380;82552;25.0;10.8
42;2021-04-30;3361;3035;194741;85587;25.5;11.2
42;2021-05-01;2969;1050;197710;86637;25.9;11.3
42;2021-05-02;1935;1260;199645;87897;26.1;11.5
42;2021-05-03;2869;2768;202514;90665;26.5;11.9
42;2021-05-04;3418;3131;205932;93796;26.9;12.3
42;2021-05-05;3327;3400;209259;97196;27.4;12.7
42;2021-05-06;3888;3770;213147;100966;27.9;13.2
42;2021-05-07;3729;4037;216876;105003;28.4;13.7
42;2021-05-08;3165;1071;220041;106074;28.8;13.9
42;2021-05-09;1505;2214;221546;108288;29.0;14.2
42;2021-05-10;3250;3827;224796;112115;29.4;14.7
42;2021-05-11;5575;3916;230371;116031;30.1;15.2
42;2021-05-12;5342;3567;235713;119598;30.8;15.6
42;2021-05-13;5454;1145;241167;120743;31.5;15.8
42;2021-05-14;5241;2927;246408;123670;32.2;16.2
42;2021-05-15;4881;2125;251289;125795;32.9;16.4
42;2021-05-16;2873;1037;254162;126832;33.2;16.6
42;2021-05-17;5888;2839;260050;129671;34.0;17.0
42;2021-05-18;6252;2981;266302;132652;34.8;17.3
42;2021-05-19;6524;2751;272826;135403;35.7;17.7
42;2021-05-20;7105;2898;279931;138301;36.6;18.1
42;2021-05-21;6351;3273;286282;141574;37.4;18.5
42;2021-05-22;5836;2132;292118;143706;38.2;18.8
42;2021-05-23;2835;873;294953;144579;38.6;18.9
42;2021-05-24;5252;1428;300205;146007;39.3;19.1
42;2021-05-25;5154;3945;305359;149952;39.9;19.6
42;2021-05-26;5162;3461;310521;153413;40.6;20.1
42;2021-05-27;5368;3637;315889;157050;41.3;20.5
42;2021-05-28;5041;4208;320930;161258;42.0;21.1
42;2021-05-29;4343;2985;325273;164243;42.5;21.5
42;2021-05-30;1981;1212;327254;165455;42.8;21.6
42;2021-05-31;4242;3427;331496;168882;43.3;22.1
42;2021-06-01;4593;3568;336089;172450;43.9;22.6
42;2021-06-02;4478;3019;340567;175469;44.5;22.9
42;2021-06-03;4930;3841;345497;179310;45.2;23.4
42;2021-06-04;4767;4220;350264;183530;45.8;24.0
42;2021-06-05;3689;2426;353953;185956;46.3;24.3
42;2021-06-06;1446;1295;355399;187251;46.5;24.5
42;2021-06-07;3991;3376;359390;190627;47.0;24.9
42;2021-06-08;3465;3248;362855;193875;47.4;25.4
42;2021-06-09;2963;3204;365818;197079;47.8;25.8
42;2021-06-10;3242;2938;369060;200017;48.3;26.2
42;2021-06-11;3588;4117;372648;204134;48.7;26.7
42;2021-06-12;2863;2881;375511;207015;49.1;27.1
42;2021-06-13;944;1278;376455;208293;49.2;27.2
42;2021-06-14;2314;4064;378769;212357;49.5;27.8
42;2021-06-15;2831;4071;381600;216428;49.9;28.3
42;2021-06-16;2924;3551;384524;219979;50.3;28.8
42;2021-06-17;2639;3742;387163;223721;50.6;29.3
42;2021-06-18;3093;5149;390256;228870;51.0;29.9
42;2021-06-19;2849;4244;393105;233114;51.4;30.5
42;2021-06-20;857;1844;393962;234958;51.5;30.7
42;2021-06-21;1907;6278;395869;241236;51.8;31.5
42;2021-06-22;1876;5893;397745;247129;52.0;32.3
42;2021-06-23;1845;5321;399590;252450;52.3;33.0
42;2021-06-24;1787;4685;401377;257135;52.5;33.6
42;2021-06-25;2039;6950;403416;264085;52.8;34.5
42;2021-06-26;1409;5820;404825;269905;52.9;35.3
42;2021-06-27;756;2856;405581;272761;53.0;35.7
42;2021-06-28;1744;7059;407325;279820;53.3;36.6
42;2021-06-29;1528;6566;408853;286386;53.5;37.4
42;2021-06-30;1967;5763;410820;292149;53.7;38.2
42;2021-07-01;1779;5119;412599;297268;54.0;38.9
42;2021-07-02;2049;6747;414648;304015;54.2;39.8
42;2021-07-03;1760;5978;416408;309993;54.5;40.5
42;2021-07-04;854;2513;417262;312506;54.6;40.9
42;2021-07-05;1716;6286;418978;318792;54.8;41.7
42;2021-07-06;2104;5576;421082;324368;55.1;42.4
42;2021-07-07;2337;4659;423419;329027;55.4;43.0
42;2021-07-08;2273;3959;425692;332986;55.7;43.5
42;2021-07-09;2416;6099;428108;339085;56.0;44.3
42;2021-07-10;1694;5582;429802;344667;56.2;45.1
42;2021-07-11;921;2304;430723;346971;56.3;45.4
42;2021-07-12;1777;6290;432500;353261;56.6;46.2
42;2021-07-13;3612;6285;436112;359546;57.0;47.0
42;2021-07-14;4479;2050;440591;361596;57.6;47.3
42;2021-07-15;4559;5629;445150;367225;58.2;48.0
42;2021-07-16;4442;6193;449592;373418;58.8;48.8
42;2021-07-17;3221;4702;452813;378120;59.2;49.4
42;2021-07-18;1839;1743;454652;379863;59.5;49.7
42;2021-07-19;3805;5078;458457;384941;59.9;50.3
42;2021-07-20;4718;4862;463175;389803;60.6;51.0
42;2021-07-21;5176;4717;468351;394520;61.2;51.6
42;2021-07-22;5498;3937;473849;398457;62.0;52.1
42;2021-07-23;5497;5113;479346;403570;62.7;52.8
42;2021-07-24;4036;3829;483382;407399;63.2;53.3
42;2021-07-25;1656;1387;485038;408786;63.4;53.5
42;2021-07-26;4732;4325;489770;413111;64.0;54.0
42;2021-07-27;5330;3960;495100;417071;64.7;54.5
42;2021-07-28;5782;3671;500882;420742;65.5;55.0
42;2021-07-29;5677;3432;506559;424174;66.2;55.5
42;2021-07-30;5129;3773;511688;427947;66.9;56.0
42;2021-07-31;4756;3053;516444;431000;67.5;56.4
42;2021-08-01;2498;1312;518942;432312;67.9;56.5
42;2021-08-02;4356;3113;523298;435425;68.4;56.9
42;2021-08-03;3817;3275;527115;438700;68.9;57.4
42;2021-08-04;3465;3223;530580;441923;69.4;57.8
42;2021-08-05;3400;3315;533980;445238;69.8;58.2
42;2021-08-06;3615;3994;537595;449232;70.3;58.7
42;2021-08-07;3017;3063;540612;452295;70.7;59.1
42;2021-08-08;1196;1713;541808;454008;70.8;59.4
42;2021-08-09;2798;3848;544606;457856;71.2;59.9
42;2021-08-10;3249;3904;547855;461760;71.6;60.4
42;2021-08-11;2578;3519;550433;465279;72.0;60.8
42;2021-08-12;2504;3562;552937;468841;72.3;61.3
42;2021-08-13;2306;3902;555243;472743;72.6;61.8
42;2021-08-14;1636;3263;556879;476006;72.8;62.2
42;2021-08-15;596;1027;557475;477033;72.9;62.4
42;2021-08-16;2059;4563;559534;481596;73.2;63.0
42;2021-08-17;2234;4171;561768;485767;73.5;63.5
42;2021-08-18;2029;4141;563797;489908;73.7;64.1
42;2021-08-19;1920;3368;565717;493276;74.0;64.5
42;2021-08-20;2263;4594;567980;497870;74.3;65.1
42;2021-08-21;1079;3860;569059;501730;74.4;65.6
42;2021-08-22;494;2019;569553;503749;74.5;65.9
42;2021-08-23;1618;4662;571171;508411;74.7;66.5
42;2021-08-24;1725;4030;572896;512441;74.9;67.0
42;2021-08-25;1738;3879;574634;516320;75.1;67.5
42;2021-08-26;1434;3032;576068;519352;75.3;67.9
42;2021-08-27;1768;4547;577836;523899;75.6;68.5
42;2021-08-28;1299;3697;579135;527596;75.7;69.0
42;2021-08-29;376;1425;579511;529021;75.8;69.2
42;2021-08-30;1258;3404;580769;532425;75.9;69.6
43;2020-12-27;0;0;0;0;0.0;0.0
43;2020-12-28;0;0;0;0;0.0;0.0
43;2020-12-29;0;0;0;0;0.0;0.0
43;2020-12-30;0;0;0;0;0.0;0.0
43;2020-12-31;0;0;0;0;0.0;0.0
43;2021-01-01;0;0;0;0;0.0;0.0
43;2021-01-02;0;0;0;0;0.0;0.0
43;2021-01-03;0;0;0;0;0.0;0.0
43;2021-01-04;2;0;2;0;0.0;0.0
43;2021-01-05;0;0;2;0;0.0;0.0
43;2021-01-06;0;0;2;0;0.0;0.0
43;2021-01-07;167;0;169;0;0.1;0.0
43;2021-01-08;151;1;320;1;0.1;0.0
43;2021-01-09;0;0;320;1;0.1;0.0
43;2021-01-10;0;0;320;1;0.1;0.0
43;2021-01-11;137;0;457;1;0.2;0.0
43;2021-01-12;244;1;701;2;0.3;0.0
43;2021-01-13;244;2;945;4;0.4;0.0
43;2021-01-14;294;2;1239;6;0.5;0.0
43;2021-01-15;303;2;1542;8;0.7;0.0
43;2021-01-16;32;0;1574;8;0.7;0.0
43;2021-01-17;0;0;1574;8;0.7;0.0
43;2021-01-18;761;5;2335;13;1.0;0.0
43;2021-01-19;776;7;3111;20;1.4;0.0
43;2021-01-20;519;1;3630;21;1.6;0.0
43;2021-01-21;446;2;4076;23;1.8;0.0
43;2021-01-22;465;7;4541;30;2.0;0.0
43;2021-01-23;1;0;4542;30;2.0;0.0
43;2021-01-24;1;0;4543;30;2.0;0.0
43;2021-01-25;539;0;5082;30;2.2;0.0
43;2021-01-26;615;5;5697;35;2.5;0.0
43;2021-01-27;740;0;6437;35;2.8;0.0
43;2021-01-28;747;31;7184;66;3.2;0.0
43;2021-01-29;720;84;7904;150;3.5;0.1
43;2021-01-30;109;0;8013;150;3.5;0.1
43;2021-01-31;0;0;8013;150;3.5;0.1
43;2021-02-01;404;101;8417;251;3.7;0.1
43;2021-02-02;716;149;9133;400;4.0;0.2
43;2021-02-03;690;43;9823;443;4.3;0.2
43;2021-02-04;524;168;10347;611;4.6;0.3
43;2021-02-05;544;170;10891;781;4.8;0.3
43;2021-02-06;165;19;11056;800;4.9;0.4
43;2021-02-07;0;0;11056;800;4.9;0.4
43;2021-02-08;411;304;11467;1104;5.1;0.5
43;2021-02-09;369;432;11836;1536;5.2;0.7
43;2021-02-10;400;362;12236;1898;5.4;0.8
43;2021-02-11;388;396;12624;2294;5.6;1.0
43;2021-02-12;425;201;13049;2495;5.8;1.1
43;2021-02-13;570;42;13619;2537;6.0;1.1
43;2021-02-14;0;0;13619;2537;6.0;1.1
43;2021-02-15;68;474;13687;3011;6.0;1.3
43;2021-02-16;41;373;13728;3384;6.1;1.5
43;2021-02-17;87;484;13815;3868;6.1;1.7
43;2021-02-18;147;379;13962;4247;6.2;1.9
43;2021-02-19;278;511;14240;4758;6.3;2.1
43;2021-02-20;22;4;14262;4762;6.3;2.1
43;2021-02-21;0;0;14262;4762;6.3;2.1
43;2021-02-22;16;498;14278;5260;6.3;2.3
43;2021-02-23;202;795;14480;6055;6.4;2.7
43;2021-02-24;147;728;14627;6783;6.4;3.0
43;2021-02-25;227;695;14854;7478;6.5;3.3
43;2021-02-26;222;673;15076;8151;6.6;3.6
43;2021-02-27;138;76;15214;8227;6.7;3.6
43;2021-02-28;1;0;15215;8227;6.7;3.6
43;2021-03-01;210;481;15425;8708;6.8;3.8
43;2021-03-02;342;579;15767;9287;6.9;4.1
43;2021-03-03;338;588;16105;9875;7.1;4.4
43;2021-03-04;551;466;16656;10341;7.3;4.6
43;2021-03-05;566;453;17222;10794;7.6;4.8
43;2021-03-06;489;179;17711;10973;7.8;4.8
43;2021-03-07;12;0;17723;10973;7.8;4.8
43;2021-03-08;446;445;18169;11418;8.0;5.0
43;2021-03-09;621;359;18790;11777;8.3;5.2
43;2021-03-10;674;503;19464;12280;8.6;5.4
43;2021-03-11;953;442;20417;12722;9.0;5.6
43;2021-03-12;945;427;21362;13149;9.4;5.8
43;2021-03-13;792;118;22154;13267;9.8;5.8
43;2021-03-14;2;0;22156;13267;9.8;5.8
43;2021-03-15;706;142;22862;13409;10.1;5.9
43;2021-03-16;848;287;23710;13696;10.4;6.0
43;2021-03-17;638;136;24348;13832;10.7;6.1
43;2021-03-18;676;138;25024;13970;11.0;6.2
43;2021-03-19;839;108;25863;14078;11.4;6.2
43;2021-03-20;450;60;26313;14138;11.6;6.2
43;2021-03-21;0;0;26313;14138;11.6;6.2
43;2021-03-22;744;41;27057;14179;11.9;6.2
43;2021-03-23;872;47;27929;14226;12.3;6.3
43;2021-03-24;1174;94;29103;14320;12.8;6.3
43;2021-03-25;1594;153;30697;14473;13.5;6.4
43;2021-03-26;1609;187;32306;14660;14.2;6.5
43;2021-03-27;1449;75;33755;14735;14.9;6.5
43;2021-03-28;420;20;34175;14755;15.1;6.5
43;2021-03-29;1095;171;35270;14926;15.5;6.6
43;2021-03-30;1313;242;36583;15168;16.1;6.7
43;2021-03-31;1305;263;37888;15431;16.7;6.8
43;2021-04-01;1346;341;39234;15772;17.3;7.0
43;2021-04-02;1052;354;40286;16126;17.8;7.1
43;2021-04-03;340;198;40626;16324;17.9;7.2
43;2021-04-04;0;0;40626;16324;17.9;7.2
43;2021-04-05;3;0;40629;16324;17.9;7.2
43;2021-04-06;688;604;41317;16928;18.2;7.5
43;2021-04-07;868;574;42185;17502;18.6;7.7
43;2021-04-08;1087;462;43272;17964;19.1;7.9
43;2021-04-09;1148;660;44420;18624;19.6;8.2
43;2021-04-10;626;262;45046;18886;19.9;8.3
43;2021-04-11;0;0;45046;18886;19.9;8.3
43;2021-04-12;682;651;45728;19537;20.2;8.6
43;2021-04-13;917;725;46645;20262;20.6;8.9
43;2021-04-14;725;668;47370;20930;20.9;9.2
43;2021-04-15;959;699;48329;21629;21.3;9.5
43;2021-04-16;1009;693;49338;22322;21.7;9.8
43;2021-04-17;423;302;49761;22624;21.9;10.0
43;2021-04-18;3;5;49764;22629;21.9;10.0
43;2021-04-19;629;568;50393;23197;22.2;10.2
43;2021-04-20;840;675;51233;23872;22.6;10.5
43;2021-04-21;320;986;51553;24858;22.7;11.0
43;2021-04-22;680;1015;52233;25873;23.0;11.4
43;2021-04-23;401;1102;52634;26975;23.2;11.9
43;2021-04-24;347;1040;52981;28015;23.3;12.3
43;2021-04-25;23;403;53004;28418;23.4;12.5
43;2021-04-26;386;965;53390;29383;23.5;12.9
43;2021-04-27;825;987;54215;30370;23.9;13.4
43;2021-04-28;794;1106;55009;31476;24.2;13.9
43;2021-04-29;1238;1141;56247;32617;24.8;14.4
43;2021-04-30;1199;1066;57446;33683;25.3;14.8
43;2021-05-01;400;27;57846;33710;25.5;14.9
43;2021-05-02;1;0;57847;33710;25.5;14.9
43;2021-05-03;1218;407;59065;34117;26.0;15.0
43;2021-05-04;1236;953;60301;35070;26.6;15.5
43;2021-05-05;1144;848;61445;35918;27.1;15.8
43;2021-05-06;1404;937;62849;36855;27.7;16.2
43;2021-05-07;1088;1172;63937;38027;28.2;16.8
43;2021-05-08;520;136;64457;38163;28.4;16.8
43;2021-05-09;0;2;64457;38165;28.4;16.8
43;2021-05-10;1085;725;65542;38890;28.9;17.1
43;2021-05-11;1554;1008;67096;39898;29.6;17.6
43;2021-05-12;1481;808;68577;40706;30.2;17.9
43;2021-05-13;936;379;69513;41085;30.6;18.1
43;2021-05-14;2204;1110;71717;42195;31.6;18.6
43;2021-05-15;1271;316;72988;42511;32.2;18.7
43;2021-05-16;272;47;73260;42558;32.3;18.8
43;2021-05-17;1625;630;74885;43188;33.0;19.0
43;2021-05-18;1966;675;76851;43863;33.9;19.3
43;2021-05-19;2065;574;78916;44437;34.8;19.6
43;2021-05-20;2338;806;81254;45243;35.8;19.9
43;2021-05-21;2385;708;83639;45951;36.9;20.3
43;2021-05-22;1209;341;84848;46292;37.4;20.4
43;2021-05-23;1;0;84849;46292;37.4;20.4
43;2021-05-24;382;99;85231;46391;37.6;20.4
43;2021-05-25;1408;653;86639;47044;38.2;20.7
43;2021-05-26;1349;560;87988;47604;38.8;21.0
43;2021-05-27;1390;714;89378;48318;39.4;21.3
43;2021-05-28;1348;734;90726;49052;40.0;21.6
43;2021-05-29;1135;604;91861;49656;40.5;21.9
43;2021-05-30;149;17;92010;49673;40.6;21.9
43;2021-05-31;1208;442;93218;50115;41.1;22.1
43;2021-06-01;1279;985;94497;51100;41.6;22.5
43;2021-06-02;1086;700;95583;51800;42.1;22.8
43;2021-06-03;1193;857;96776;52657;42.7;23.2
43;2021-06-04;1351;858;98127;53515;43.2;23.6
43;2021-06-05;824;454;98951;53969;43.6;23.8
43;2021-06-06;10;5;98961;53974;43.6;23.8
43;2021-06-07;748;518;99709;54492;43.9;24.0
43;2021-06-08;664;704;100373;55196;44.2;24.3
43;2021-06-09;539;761;100912;55957;44.5;24.7
43;2021-06-10;808;1120;101720;57077;44.8;25.2
43;2021-06-11;760;1348;102480;58425;45.2;25.7
43;2021-06-12;914;514;103394;58939;45.6;26.0
43;2021-06-13;3;27;103397;58966;45.6;26.0
43;2021-06-14;446;1088;103843;60054;45.8;26.5
43;2021-06-15;630;1195;104473;61249;46.0;27.0
43;2021-06-16;549;975;105022;62224;46.3;27.4
43;2021-06-17;602;1503;105624;63727;46.6;28.1
43;2021-06-18;899;1464;106523;65191;46.9;28.7
43;2021-06-19;448;782;106971;65973;47.1;29.1
43;2021-06-20;0;12;106971;65985;47.1;29.1
43;2021-06-21;424;1307;107395;67292;47.3;29.7
43;2021-06-22;533;1960;107928;69252;47.6;30.5
43;2021-06-23;343;1743;108271;70995;47.7;31.3
43;2021-06-24;512;1494;108783;72489;47.9;31.9
43;2021-06-25;597;2345;109380;74834;48.2;33.0
43;2021-06-26;505;1245;109885;76079;48.4;33.5
43;2021-06-27;10;20;109895;76099;48.4;33.5
43;2021-06-28;341;1785;110236;77884;48.6;34.3
43;2021-06-29;524;2382;110760;80266;48.8;35.4
43;2021-06-30;460;2275;111220;82541;49.0;36.4
43;2021-07-01;473;1910;111693;84451;49.2;37.2
43;2021-07-02;499;1964;112192;86415;49.4;38.1
43;2021-07-03;258;1108;112450;87523;49.6;38.6
43;2021-07-04;1;0;112451;87523;49.6;38.6
43;2021-07-05;526;1202;112977;88725;49.8;39.1
43;2021-07-06;633;1679;113610;90404;50.1;39.8
43;2021-07-07;524;1423;114134;91827;50.3;40.5
43;2021-07-08;838;1418;114972;93245;50.7;41.1
43;2021-07-09;550;1500;115522;94745;50.9;41.8
43;2021-07-10;401;1337;115923;96082;51.1;42.3
43;2021-07-11;23;99;115946;96181;51.1;42.4
43;2021-07-12;602;1685;116548;97866;51.4;43.1
43;2021-07-13;1186;1848;117734;99714;51.9;43.9
43;2021-07-14;848;159;118582;99873;52.3;44.0
43;2021-07-15;1932;1841;120514;101714;53.1;44.8
43;2021-07-16;1752;1617;122266;103331;53.9;45.5
43;2021-07-17;1545;1198;123811;104529;54.6;46.1
43;2021-07-18;4;19;123815;104548;54.6;46.1
43;2021-07-19;1439;1257;125254;105805;55.2;46.6
43;2021-07-20;1894;1451;127148;107256;56.0;47.3
43;2021-07-21;1850;1110;128998;108366;56.9;47.8
43;2021-07-22;2109;1331;131107;109697;57.8;48.3
43;2021-07-23;1618;1324;132725;111021;58.5;48.9
43;2021-07-24;577;998;133302;112019;58.7;49.4
43;2021-07-25;0;1;133302;112020;58.7;49.4
43;2021-07-26;1642;1071;134944;113091;59.5;49.8
43;2021-07-27;2282;1223;137226;114314;60.5;50.4
43;2021-07-28;1952;1089;139178;115403;61.3;50.9
43;2021-07-29;1988;1017;141166;116420;62.2;51.3
43;2021-07-30;1866;1338;143032;117758;63.0;51.9
43;2021-07-31;704;609;143736;118367;63.3;52.2
43;2021-08-01;13;20;143749;118387;63.4;52.2
43;2021-08-02;1539;970;145288;119357;64.0;52.6
43;2021-08-03;1401;1163;146689;120520;64.6;53.1
43;2021-08-04;1259;1107;147948;121627;65.2;53.6
43;2021-08-05;1252;1284;149200;122911;65.8;54.2
43;2021-08-06;1128;1471;150328;124382;66.3;54.8
43;2021-08-07;495;751;150823;125133;66.5;55.1
43;2021-08-08;5;0;150828;125133;66.5;55.1
43;2021-08-09;819;1636;151647;126769;66.8;55.9
43;2021-08-10;1018;1588;152665;128357;67.3;56.6
43;2021-08-11;678;1343;153343;129700;67.6;57.2
43;2021-08-12;871;1601;154214;131301;68.0;57.9
43;2021-08-13;629;1179;154843;132480;68.2;58.4
43;2021-08-14;332;546;155175;133026;68.4;58.6
43;2021-08-15;3;9;155178;133035;68.4;58.6
43;2021-08-16;681;1674;155859;134709;68.7;59.4
43;2021-08-17;711;1507;156570;136216;69.0;60.0
43;2021-08-18;556;1512;157126;137728;69.2;60.7
43;2021-08-19;642;1611;157768;139339;69.5;61.4
43;2021-08-20;516;1594;158284;140933;69.8;62.1
43;2021-08-21;237;555;158521;141488;69.9;62.4
43;2021-08-22;6;7;158527;141495;69.9;62.4
43;2021-08-23;499;1586;159026;143081;70.1;63.1
43;2021-08-24;514;1391;159540;144472;70.3;63.7
43;2021-08-25;510;1294;160050;145766;70.5;64.2
43;2021-08-26;473;1137;160523;146903;70.7;64.7
43;2021-08-27;528;1356;161051;148259;71.0;65.3
43;2021-08-28;176;497;161227;148756;71.1;65.6
43;2021-08-29;0;1;161227;148757;71.1;65.6
43;2021-08-30;484;1060;161711;149817;71.3;66.0
44;2020-12-27;1;0;1;0;0.0;0.0
44;2020-12-28;1;0;2;0;0.0;0.0
44;2020-12-29;1;0;3;0;0.0;0.0
44;2020-12-30;1;0;4;0;0.0;0.0
44;2020-12-31;1;0;5;0;0.0;0.0
44;2021-01-01;0;0;5;0;0.0;0.0
44;2021-01-02;0;0;5;0;0.0;0.0
44;2021-01-03;3;0;8;0;0.0;0.0
44;2021-01-04;0;0;8;0;0.0;0.0
44;2021-01-05;1;0;9;0;0.0;0.0
44;2021-01-06;20;1;29;1;0.0;0.0
44;2021-01-07;187;0;216;1;0.0;0.0
44;2021-01-08;528;0;744;1;0.1;0.0
44;2021-01-09;473;0;1217;1;0.1;0.0
44;2021-01-10;455;1;1672;2;0.1;0.0
44;2021-01-11;802;1;2474;3;0.2;0.0
44;2021-01-12;906;1;3380;4;0.2;0.0
44;2021-01-13;1087;1;4467;5;0.3;0.0
44;2021-01-14;1115;7;5582;12;0.4;0.0
44;2021-01-15;987;1;6569;13;0.5;0.0
44;2021-01-16;335;2;6904;15;0.5;0.0
44;2021-01-17;328;1;7232;16;0.5;0.0
44;2021-01-18;856;3;8088;19;0.6;0.0
44;2021-01-19;2622;4;10710;23;0.7;0.0
44;2021-01-20;2740;4;13450;27;0.9;0.0
44;2021-01-21;4532;8;17982;35;1.3;0.0
44;2021-01-22;2416;6;20398;41;1.4;0.0
44;2021-01-23;767;1;21165;42;1.5;0.0
44;2021-01-24;119;0;21284;42;1.5;0.0
44;2021-01-25;832;0;22116;42;1.5;0.0
44;2021-01-26;2563;19;24679;61;1.7;0.0
44;2021-01-27;2097;63;26776;124;1.9;0.0
44;2021-01-28;3733;193;30509;317;2.1;0.0
44;2021-01-29;2370;488;32879;805;2.3;0.1
44;2021-01-30;628;212;33507;1017;2.3;0.1
44;2021-01-31;14;210;33521;1227;2.3;0.1
44;2021-02-01;593;541;34114;1768;2.4;0.1
44;2021-02-02;878;756;34992;2524;2.4;0.2
44;2021-02-03;890;891;35882;3415;2.5;0.2
44;2021-02-04;937;721;36819;4136;2.6;0.3
44;2021-02-05;895;625;37714;4761;2.6;0.3
44;2021-02-06;467;266;38181;5027;2.7;0.3
44;2021-02-07;72;203;38253;5230;2.7;0.4
44;2021-02-08;521;458;38774;5688;2.7;0.4
44;2021-02-09;992;1253;39766;6941;2.8;0.5
44;2021-02-10;1142;1304;40908;8245;2.8;0.6
44;2021-02-11;2289;3049;43197;11294;3.0;0.8
44;2021-02-12;1663;1757;44860;13051;3.1;0.9
44;2021-02-13;433;505;45293;13556;3.2;0.9
44;2021-02-14;10;177;45303;13733;3.2;1.0
44;2021-02-15;505;1094;45808;14827;3.2;1.0
44;2021-02-16;1440;2555;47248;17382;3.3;1.2
44;2021-02-17;1104;2166;48352;19548;3.4;1.4
44;2021-02-18;1958;3716;50310;23264;3.5;1.6
44;2021-02-19;1579;2529;51889;25793;3.6;1.8
44;2021-02-20;408;641;52297;26434;3.6;1.8
44;2021-02-21;6;177;52303;26611;3.6;1.9
44;2021-02-22;717;834;53020;27445;3.7;1.9
44;2021-02-23;1246;1125;54266;28570;3.8;2.0
44;2021-02-24;1239;1096;55505;29666;3.9;2.1
44;2021-02-25;2443;1080;57948;30746;4.0;2.1
44;2021-02-26;2291;958;60239;31704;4.2;2.2
44;2021-02-27;976;451;61215;32155;4.3;2.2
44;2021-02-28;7;32;61222;32187;4.3;2.2
44;2021-03-01;989;561;62211;32748;4.3;2.3
44;2021-03-02;1804;1051;64015;33799;4.5;2.4
44;2021-03-03;1859;1135;65874;34934;4.6;2.4
44;2021-03-04;2881;1581;68755;36515;4.8;2.5
44;2021-03-05;3480;1333;72235;37848;5.0;2.6
44;2021-03-06;2508;495;74743;38343;5.2;2.7
44;2021-03-07;988;89;75731;38432;5.3;2.7
44;2021-03-08;1785;612;77516;39044;5.4;2.7
44;2021-03-09;3353;1151;80869;40195;5.6;2.8
44;2021-03-10;3079;1117;83948;41312;5.8;2.9
44;2021-03-11;4439;1794;88387;43106;6.2;3.0
44;2021-03-12;5893;1311;94280;44417;6.6;3.1
44;2021-03-13;3631;300;97911;44717;6.8;3.1
44;2021-03-14;431;63;98342;44780;6.8;3.1
44;2021-03-15;2688;373;101030;45153;7.0;3.1
44;2021-03-16;2149;631;103179;45784;7.2;3.2
44;2021-03-17;1966;678;105145;46462;7.3;3.2
44;2021-03-18;2169;643;107314;47105;7.5;3.3
44;2021-03-19;3787;367;111101;47472;7.7;3.3
44;2021-03-20;3212;294;114313;47766;8.0;3.3
44;2021-03-21;914;19;115227;47785;8.0;3.3
44;2021-03-22;2462;445;117689;48230;8.2;3.4
44;2021-03-23;3960;704;121649;48934;8.5;3.4
44;2021-03-24;4303;633;125952;49567;8.8;3.4
44;2021-03-25;5625;931;131577;50498;9.2;3.5
44;2021-03-26;6506;762;138083;51260;9.6;3.6
44;2021-03-27;3216;427;141299;51687;9.8;3.6
44;2021-03-28;1244;39;142543;51726;9.9;3.6
44;2021-03-29;3122;791;145665;52517;10.1;3.7
44;2021-03-30;5137;1117;150802;53634;10.5;3.7
44;2021-03-31;4613;1310;155415;54944;10.8;3.8
44;2021-04-01;6137;1008;161552;55952;11.2;3.9
44;2021-04-02;5795;959;167347;56911;11.6;4.0
44;2021-04-03;2435;651;169782;57562;11.8;4.0
44;2021-04-04;665;21;170447;57583;11.9;4.0
44;2021-04-05;692;286;171139;57869;11.9;4.0
44;2021-04-06;4211;1377;175350;59246;12.2;4.1
44;2021-04-07;5077;1654;180427;60900;12.6;4.2
44;2021-04-08;7179;1665;187606;62565;13.1;4.4
44;2021-04-09;10066;1816;197672;64381;13.8;4.5
44;2021-04-10;4563;1454;202235;65835;14.1;4.6
44;2021-04-11;2149;429;204384;66264;14.2;4.6
44;2021-04-12;5465;1589;209849;67853;14.6;4.7
44;2021-04-13;6729;2259;216578;70112;15.1;4.9
44;2021-04-14;5911;2237;222489;72349;15.5;5.0
44;2021-04-15;6702;2213;229191;74562;15.9;5.2
44;2021-04-16;7784;2046;236975;76608;16.5;5.3
44;2021-04-17;4301;1383;241276;77991;16.8;5.4
44;2021-04-18;2254;819;243530;78810;16.9;5.5
44;2021-04-19;5045;1908;248575;80718;17.3;5.6
44;2021-04-20;6281;2647;254856;83365;17.7;5.8
44;2021-04-21;6007;2785;260863;86150;18.2;6.0
44;2021-04-22;6960;2514;267823;88664;18.6;6.2
44;2021-04-23;7334;3179;275157;91843;19.1;6.4
44;2021-04-24;3971;2051;279128;93894;19.4;6.5
44;2021-04-25;2076;1058;281204;94952;19.6;6.6
44;2021-04-26;5652;2761;286856;97713;20.0;6.8
44;2021-04-27;7419;4110;294275;101823;20.5;7.1
44;2021-04-28;7608;3787;301883;105610;21.0;7.3
44;2021-04-29;8965;4281;310848;109891;21.6;7.6
44;2021-04-30;9568;4697;320416;114588;22.3;8.0
44;2021-05-01;2849;926;323265;115514;22.5;8.0
44;2021-05-02;1901;618;325166;116132;22.6;8.1
44;2021-05-03;5548;4075;330714;120207;23.0;8.4
44;2021-05-04;6331;5140;337045;125347;23.5;8.7
44;2021-05-05;6071;4626;343116;129973;23.9;9.0
44;2021-05-06;7256;4886;350372;134859;24.4;9.4
44;2021-05-07;7452;5720;357824;140579;24.9;9.8
44;2021-05-08;2583;1266;360407;141845;25.1;9.9
44;2021-05-09;1801;1814;362208;143659;25.2;10.0
44;2021-05-10;6574;5775;368782;149434;25.7;10.4
44;2021-05-11;7788;6271;376570;155705;26.2;10.8
44;2021-05-12;8195;5723;384765;161428;26.8;11.2
44;2021-05-13;5304;1190;390069;162618;27.1;11.3
44;2021-05-14;7587;3976;397656;166594;27.7;11.6
44;2021-05-15;5008;2234;402664;168828;28.0;11.7
44;2021-05-16;2795;742;405459;169570;28.2;11.8
44;2021-05-17;6745;5151;412204;174721;28.7;12.2
44;2021-05-18;7966;5237;420170;179958;29.2;12.5
44;2021-05-19;8167;4291;428337;184249;29.8;12.8
44;2021-05-20;8366;4652;436703;188901;30.4;13.1
44;2021-05-21;8837;5220;445540;194121;31.0;13.5
44;2021-05-22;5099;2234;450639;196355;31.4;13.7
44;2021-05-23;1759;824;452398;197179;31.5;13.7
44;2021-05-24;4887;1619;457285;198798;31.8;13.8
44;2021-05-25;7741;5547;465026;204345;32.4;14.2
44;2021-05-26;8183;5045;473209;209390;32.9;14.6
44;2021-05-27;9660;5357;482869;214747;33.6;14.9
44;2021-05-28;9187;6914;492056;221661;34.2;15.4
44;2021-05-29;5886;3334;497942;224995;34.6;15.7
44;2021-05-30;1775;705;499717;225700;34.8;15.7
44;2021-05-31;8062;6188;507779;231888;35.3;16.1
44;2021-06-01;9906;6559;517685;238447;36.0;16.6
44;2021-06-02;9527;5696;527212;244143;36.7;17.0
44;2021-06-03;10864;5890;538076;250033;37.4;17.4
44;2021-06-04;9962;8073;548038;258106;38.1;18.0
44;2021-06-05;5782;4344;553820;262450;38.5;18.3
44;2021-06-06;2363;1130;556183;263580;38.7;18.3
44;2021-06-07;9554;6937;565737;270517;39.4;18.8
44;2021-06-08;10913;7503;576650;278020;40.1;19.3
44;2021-06-09;10556;6330;587206;284350;40.9;19.8
44;2021-06-10;11428;6042;598634;290392;41.7;20.2
44;2021-06-11;11958;8647;610592;299039;42.5;20.8
44;2021-06-12;7767;4093;618359;303132;43.0;21.1
44;2021-06-13;2793;1007;621152;304139;43.2;21.2
44;2021-06-14;8767;8410;629919;312549;43.8;21.7
44;2021-06-15;11710;8258;641629;320807;44.6;22.3
44;2021-06-16;10979;7655;652608;328462;45.4;22.9
44;2021-06-17;11733;8684;664341;337146;46.2;23.5
44;2021-06-18;10902;10111;675243;347257;47.0;24.2
44;2021-06-19;5884;4325;681127;351582;47.4;24.5
44;2021-06-20;2534;1340;683661;352922;47.6;24.6
44;2021-06-21;7354;10013;691015;362935;48.1;25.3
44;2021-06-22;8467;10631;699482;373566;48.7;26.0
44;2021-06-23;8555;9135;708037;382701;49.3;26.6
44;2021-06-24;9125;8569;717162;391270;49.9;27.2
44;2021-06-25;7647;10819;724809;402089;50.4;28.0
44;2021-06-26;2961;6471;727770;408560;50.6;28.4
44;2021-06-27;817;2406;728587;410966;50.7;28.6
44;2021-06-28;5229;10056;733816;421022;51.1;29.3
44;2021-06-29;6183;12086;739999;433108;51.5;30.1
44;2021-06-30;6182;10451;746181;443559;51.9;30.9
44;2021-07-01;6931;10488;753112;454047;52.4;31.6
44;2021-07-02;6693;12555;759805;466602;52.9;32.5
44;2021-07-03;2583;7003;762388;473605;53.0;33.0
44;2021-07-04;995;2236;763383;475841;53.1;33.1
44;2021-07-05;5320;11873;768703;487714;53.5;33.9
44;2021-07-06;6058;12600;774761;500314;53.9;34.8
44;2021-07-07;6493;11099;781254;511413;54.4;35.6
44;2021-07-08;7386;11960;788640;523373;54.9;36.4
44;2021-07-09;6257;14255;794897;537628;55.3;37.4
44;2021-07-10;2439;7008;797336;544636;55.5;37.9
44;2021-07-11;730;2262;798066;546898;55.5;38.1
44;2021-07-12;4393;14055;802459;560953;55.8;39.0
44;2021-07-13;5747;14850;808206;575803;56.2;40.1
44;2021-07-14;3665;5808;811871;581611;56.5;40.5
44;2021-07-15;7217;14289;819088;595900;57.0;41.5
44;2021-07-16;8203;14993;827291;610893;57.6;42.5
44;2021-07-17;3372;7576;830663;618469;57.8;43.0
44;2021-07-18;1434;2548;832097;621017;57.9;43.2
44;2021-07-19;4859;14692;836956;635709;58.2;44.2
44;2021-07-20;6010;15676;842966;651385;58.7;45.3
44;2021-07-21;5841;13987;848807;665372;59.1;46.3
44;2021-07-22;6716;13749;855523;679121;59.5;47.3
44;2021-07-23;6156;15639;861679;694760;60.0;48.3
44;2021-07-24;2847;8719;864526;703479;60.2;49.0
44;2021-07-25;945;3089;865471;706568;60.2;49.2
44;2021-07-26;6069;12690;871540;719258;60.6;50.0
44;2021-07-27;9687;12189;881227;731447;61.3;50.9
44;2021-07-28;9235;10846;890462;742293;62.0;51.7
44;2021-07-29;10265;10838;900727;753131;62.7;52.4
44;2021-07-30;9148;10930;909875;764061;63.3;53.2
44;2021-07-31;4767;5646;914642;769707;63.6;53.6
44;2021-08-01;2563;1409;917205;771116;63.8;53.7
44;2021-08-02;6339;9475;923544;780591;64.3;54.3
44;2021-08-03;8369;8546;931913;789137;64.8;54.9
44;2021-08-04;9051;6981;940964;796118;65.5;55.4
44;2021-08-05;11498;7516;952462;803634;66.3;55.9
44;2021-08-06;9636;8206;962098;811840;66.9;56.5
44;2021-08-07;4556;3701;966654;815541;67.3;56.7
44;2021-08-08;2532;1727;969186;817268;67.4;56.9
44;2021-08-09;8853;7976;978039;825244;68.1;57.4
44;2021-08-10;10189;7611;988228;832855;68.8;58.0
44;2021-08-11;10325;6786;998553;839641;69.5;58.4
44;2021-08-12;10292;7347;1008845;846988;70.2;58.9
44;2021-08-13;8308;6149;1017153;853137;70.8;59.4
44;2021-08-14;3189;3224;1020342;856361;71.0;59.6
44;2021-08-15;708;929;1021050;857290;71.0;59.7
44;2021-08-16;5830;8297;1026880;865587;71.5;60.2
44;2021-08-17;5563;8179;1032443;873766;71.8;60.8
44;2021-08-18;4796;7608;1037239;881374;72.2;61.3
44;2021-08-19;4932;8343;1042171;889717;72.5;61.9
44;2021-08-20;4474;8911;1046645;898628;72.8;62.5
44;2021-08-21;1943;4611;1048588;903239;73.0;62.8
44;2021-08-22;697;2441;1049285;905680;73.0;63.0
44;2021-08-23;3636;9423;1052921;915103;73.3;63.7
44;2021-08-24;3612;8696;1056533;923799;73.5;64.3
44;2021-08-25;3121;8577;1059654;932376;73.7;64.9
44;2021-08-26;2922;10331;1062576;942707;73.9;65.6
44;2021-08-27;3052;10445;1065628;953152;74.1;66.3
44;2021-08-28;1367;5847;1066995;958999;74.2;66.7
44;2021-08-29;561;2708;1067556;961707;74.3;66.9
44;2021-08-30;2610;10951;1070166;972658;74.5;67.7
45;2020-12-27;0;0;0;0;0.0;0.0
45;2020-12-28;1;0;1;0;0.0;0.0
45;2020-12-29;0;0;1;0;0.0;0.0
45;2020-12-30;0;0;1;0;0.0;0.0
45;2020-12-31;1;0;2;0;0.0;0.0
45;2021-01-01;0;0;2;0;0.0;0.0
45;2021-01-02;0;0;2;0;0.0;0.0
45;2021-01-03;0;0;2;0;0.0;0.0
45;2021-01-04;0;0;2;0;0.0;0.0
45;2021-01-05;76;0;78;0;0.0;0.0
45;2021-01-06;68;0;146;0;0.0;0.0
45;2021-01-07;207;0;353;0;0.1;0.0
45;2021-01-08;199;1;552;1;0.1;0.0
45;2021-01-09;42;0;594;1;0.1;0.0
45;2021-01-10;23;0;617;1;0.1;0.0
45;2021-01-11;254;0;871;1;0.1;0.0
45;2021-01-12;680;3;1551;4;0.2;0.0
45;2021-01-13;496;2;2047;6;0.3;0.0
45;2021-01-14;491;39;2538;45;0.4;0.0
45;2021-01-15;391;3;2929;48;0.4;0.0
45;2021-01-16;39;0;2968;48;0.4;0.0
45;2021-01-17;24;0;2992;48;0.4;0.0
45;2021-01-18;814;1;3806;49;0.6;0.0
45;2021-01-19;1196;6;5002;55;0.7;0.0
45;2021-01-20;2118;12;7120;67;1.0;0.0
45;2021-01-21;2523;6;9643;73;1.4;0.0
45;2021-01-22;1409;4;11052;77;1.6;0.0
45;2021-01-23;124;0;11176;77;1.6;0.0
45;2021-01-24;39;0;11215;77;1.6;0.0
45;2021-01-25;557;3;11772;80;1.7;0.0
45;2021-01-26;870;18;12642;98;1.9;0.0
45;2021-01-27;650;45;13292;143;1.9;0.0
45;2021-01-28;882;210;14174;353;2.1;0.1
45;2021-01-29;578;123;14752;476;2.2;0.1
45;2021-01-30;40;41;14792;517;2.2;0.1
45;2021-01-31;37;23;14829;540;2.2;0.1
45;2021-02-01;462;206;15291;746;2.2;0.1
45;2021-02-02;759;467;16050;1213;2.4;0.2
45;2021-02-03;773;479;16823;1692;2.5;0.2
45;2021-02-04;709;268;17532;1960;2.6;0.3
45;2021-02-05;417;151;17949;2111;2.6;0.3
45;2021-02-06;36;28;17985;2139;2.6;0.3
45;2021-02-07;7;31;17992;2170;2.6;0.3
45;2021-02-08;455;194;18447;2364;2.7;0.3
45;2021-02-09;1006;411;19453;2775;2.8;0.4
45;2021-02-10;1280;803;20733;3578;3.0;0.5
45;2021-02-11;1385;1525;22118;5103;3.2;0.7
45;2021-02-12;1052;1138;23170;6241;3.4;0.9
45;2021-02-13;85;158;23255;6399;3.4;0.9
45;2021-02-14;39;11;23294;6410;3.4;0.9
45;2021-02-15;523;602;23817;7012;3.5;1.0
45;2021-02-16;756;932;24573;7944;3.6;1.2
45;2021-02-17;642;1037;25215;8981;3.7;1.3
45;2021-02-18;841;845;26056;9826;3.8;1.4
45;2021-02-19;828;762;26884;10588;3.9;1.6
45;2021-02-20;59;94;26943;10682;3.9;1.6
45;2021-02-21;17;44;26960;10726;3.9;1.6
45;2021-02-22;408;629;27368;11355;4.0;1.7
45;2021-02-23;815;788;28183;12143;4.1;1.8
45;2021-02-24;651;914;28834;13057;4.2;1.9
45;2021-02-25;962;775;29796;13832;4.4;2.0
45;2021-02-26;1044;683;30840;14515;4.5;2.1
45;2021-02-27;290;52;31130;14567;4.6;2.1
45;2021-02-28;28;5;31158;14572;4.6;2.1
45;2021-03-01;534;335;31692;14907;4.6;2.2
45;2021-03-02;671;723;32363;15630;4.7;2.3
45;2021-03-03;982;893;33345;16523;4.9;2.4
45;2021-03-04;1108;990;34453;17513;5.0;2.6
45;2021-03-05;1444;865;35897;18378;5.3;2.7
45;2021-03-06;2019;133;37916;18511;5.6;2.7
45;2021-03-07;143;59;38059;18570;5.6;2.7
45;2021-03-08;752;848;38811;19418;5.7;2.8
45;2021-03-09;1256;717;40067;20135;5.9;2.9
45;2021-03-10;1592;904;41659;21039;6.1;3.1
45;2021-03-11;1721;753;43380;21792;6.4;3.2
45;2021-03-12;2074;610;45454;22402;6.7;3.3
45;2021-03-13;988;47;46442;22449;6.8;3.3
45;2021-03-14;24;43;46466;22492;6.8;3.3
45;2021-03-15;810;596;47276;23088;6.9;3.4
45;2021-03-16;942;837;48218;23925;7.1;3.5
45;2021-03-17;1053;688;49271;24613;7.2;3.6
45;2021-03-18;998;583;50269;25196;7.4;3.7
45;2021-03-19;1619;429;51888;25625;7.6;3.8
45;2021-03-20;498;82;52386;25707;7.7;3.8
45;2021-03-21;20;35;52406;25742;7.7;3.8
45;2021-03-22;914;530;53320;26272;7.8;3.8
45;2021-03-23;1984;724;55304;26996;8.1;4.0
45;2021-03-24;1897;552;57201;27548;8.4;4.0
45;2021-03-25;2983;453;60184;28001;8.8;4.1
45;2021-03-26;3389;484;63573;28485;9.3;4.2
45;2021-03-27;1796;123;65369;28608;9.6;4.2
45;2021-03-28;89;40;65458;28648;9.6;4.2
45;2021-03-29;1529;540;66987;29188;9.8;4.3
45;2021-03-30;2784;785;69771;29973;10.2;4.4
45;2021-03-31;2134;581;71905;30554;10.5;4.5
45;2021-04-01;2973;568;74878;31122;11.0;4.6
45;2021-04-02;2827;515;77705;31637;11.4;4.6
45;2021-04-03;810;73;78515;31710;11.5;4.6
45;2021-04-04;113;33;78628;31743;11.5;4.6
45;2021-04-05;14;2;78642;31745;11.5;4.6
45;2021-04-06;1735;794;80377;32539;11.8;4.8
45;2021-04-07;1774;1113;82151;33652;12.0;4.9
45;2021-04-08;2773;1021;84924;34673;12.4;5.1
45;2021-04-09;3675;646;88599;35319;13.0;5.2
45;2021-04-10;2323;111;90922;35430;13.3;5.2
45;2021-04-11;153;24;91075;35454;13.3;5.2
45;2021-04-12;2607;668;93682;36122;13.7;5.3
45;2021-04-13;3848;1091;97530;37213;14.3;5.4
45;2021-04-14;2930;1224;100460;38437;14.7;5.6
45;2021-04-15;3519;1037;103979;39474;15.2;5.8
45;2021-04-16;3775;686;107754;40160;15.8;5.9
45;2021-04-17;1614;113;109368;40273;16.0;5.9
45;2021-04-18;200;42;109568;40315;16.0;5.9
45;2021-04-19;1937;948;111505;41263;16.3;6.0
45;2021-04-20;3076;1700;114581;42963;16.8;6.3
45;2021-04-21;2722;1305;117303;44268;17.2;6.5
45;2021-04-22;3423;1841;120726;46109;17.7;6.8
45;2021-04-23;3279;1786;124005;47895;18.2;7.0
45;2021-04-24;2023;868;126028;48763;18.5;7.1
45;2021-04-25;291;86;126319;48849;18.5;7.2
45;2021-04-26;2230;1164;128549;50013;18.8;7.3
45;2021-04-27;3352;2352;131901;52365;19.3;7.7
45;2021-04-28;2803;1948;134704;54313;19.7;8.0
45;2021-04-29;3854;2339;138558;56652;20.3;8.3
45;2021-04-30;4391;1810;142949;58462;20.9;8.6
45;2021-05-01;451;61;143400;58523;21.0;8.6
45;2021-05-02;627;122;144027;58645;21.1;8.6
45;2021-05-03;2821;991;146848;59636;21.5;8.7
45;2021-05-04;3160;2349;150008;61985;22.0;9.1
45;2021-05-05;2716;2164;152724;64149;22.4;9.4
45;2021-05-06;3330;2541;156054;66690;22.9;9.8
45;2021-05-07;2873;3197;158927;69887;23.3;10.2
45;2021-05-08;611;249;159538;70136;23.4;10.3
45;2021-05-09;1498;127;161036;70263;23.6;10.3
45;2021-05-10;4142;2977;165178;73240;24.2;10.7
45;2021-05-11;5030;2970;170208;76210;24.9;11.2
45;2021-05-12;6078;2781;176286;78991;25.8;11.6
45;2021-05-13;2450;597;178736;79588;26.2;11.7
45;2021-05-14;4968;1633;183704;81221;26.9;11.9
45;2021-05-15;4066;616;187770;81837;27.5;12.0
45;2021-05-16;289;33;188059;81870;27.5;12.0
45;2021-05-17;3360;1539;191419;83409;28.0;12.2
45;2021-05-18;5118;1681;196537;85090;28.8;12.5
45;2021-05-19;4495;2063;201032;87153;29.4;12.8
45;2021-05-20;5268;2140;206300;89293;30.2;13.1
45;2021-05-21;5144;2228;211444;91521;31.0;13.4
45;2021-05-22;3042;632;214486;92153;31.4;13.5
45;2021-05-23;15;94;214501;92247;31.4;13.5
45;2021-05-24;2827;210;217328;92457;31.8;13.5
45;2021-05-25;4962;3033;222290;95490;32.6;14.0
45;2021-05-26;5115;2337;227405;97827;33.3;14.3
45;2021-05-27;5310;3238;232715;101065;34.1;14.8
45;2021-05-28;5663;3592;238378;104657;34.9;15.3
45;2021-05-29;3671;1290;242049;105947;35.4;15.5
45;2021-05-30;33;182;242082;106129;35.4;15.5
45;2021-05-31;4329;2520;246411;108649;36.1;15.9
45;2021-06-01;6092;3004;252503;111653;37.0;16.4
45;2021-06-02;4945;3109;257448;114762;37.7;16.8
45;2021-06-03;5620;3209;263068;117971;38.5;17.3
45;2021-06-04;5896;3188;268964;121159;39.4;17.7
45;2021-06-05;2033;1337;270997;122496;39.7;17.9
45;2021-06-06;88;198;271085;122694;39.7;18.0
45;2021-06-07;4080;2724;275165;125418;40.3;18.4
45;2021-06-08;4644;4077;279809;129495;41.0;19.0
45;2021-06-09;4359;3344;284168;132839;41.6;19.5
45;2021-06-10;4649;2686;288817;135525;42.3;19.8
45;2021-06-11;4119;3667;292936;139192;42.9;20.4
45;2021-06-12;2440;1508;295376;140700;43.3;20.6
45;2021-06-13;21;424;295397;141124;43.3;20.7
45;2021-06-14;3140;4154;298537;145278;43.7;21.3
45;2021-06-15;3388;4327;301925;149605;44.2;21.9
45;2021-06-16;3903;3455;305828;153060;44.8;22.4
45;2021-06-17;3525;3538;309353;156598;45.3;22.9
45;2021-06-18;3799;5031;313152;161629;45.9;23.7
45;2021-06-19;2395;1761;315547;163390;46.2;23.9
45;2021-06-20;48;142;315595;163532;46.2;23.9
45;2021-06-21;2162;5850;317757;169382;46.5;24.8
45;2021-06-22;2420;6531;320177;175913;46.9;25.8
45;2021-06-23;2284;5602;322461;181515;47.2;26.6
45;2021-06-24;2136;3532;324597;185047;47.5;27.1
45;2021-06-25;2444;6448;327041;191495;47.9;28.0
45;2021-06-26;1947;3094;328988;194589;48.2;28.5
45;2021-06-27;53;138;329041;194727;48.2;28.5
45;2021-06-28;2080;4835;331121;199562;48.5;29.2
45;2021-06-29;2847;6816;333968;206378;48.9;30.2
45;2021-06-30;2887;5852;336855;212230;49.3;31.1
45;2021-07-01;2399;5038;339254;217268;49.7;31.8
45;2021-07-02;2369;6283;341623;223551;50.0;32.7
45;2021-07-03;755;2542;342378;226093;50.1;33.1
45;2021-07-04;6;12;342384;226105;50.1;33.1
45;2021-07-05;2140;4989;344524;231094;50.5;33.8
45;2021-07-06;2805;6780;347329;237874;50.9;34.8
45;2021-07-07;2449;6060;349778;243934;51.2;35.7
45;2021-07-08;2825;5382;352603;249316;51.6;36.5
45;2021-07-09;2148;6987;354751;256303;51.9;37.5
45;2021-07-10;1547;3863;356298;260166;52.2;38.1
45;2021-07-11;24;31;356322;260197;52.2;38.1
45;2021-07-12;1589;5997;357911;266194;52.4;39.0
45;2021-07-13;3002;8234;360913;274428;52.9;40.2
45;2021-07-14;1474;1520;362387;275948;53.1;40.4
45;2021-07-15;3732;7290;366119;283238;53.6;41.5
45;2021-07-16;3256;7443;369375;290681;54.1;42.6
45;2021-07-17;1285;2333;370660;293014;54.3;42.9
45;2021-07-18;15;19;370675;293033;54.3;42.9
45;2021-07-19;1868;5941;372543;298974;54.6;43.8
45;2021-07-20;4758;6906;377301;305880;55.3;44.8
45;2021-07-21;5177;5477;382478;311357;56.0;45.6
45;2021-07-22;6179;4904;388657;316261;56.9;46.3
45;2021-07-23;4257;5482;392914;321743;57.5;47.1
45;2021-07-24;1859;2822;394773;324565;57.8;47.5
45;2021-07-25;5;14;394778;324579;57.8;47.5
45;2021-07-26;2912;4981;397690;329560;58.2;48.3
45;2021-07-27;5459;5079;403149;334639;59.0;49.0
45;2021-07-28;4988;4174;408137;338813;59.8;49.6
45;2021-07-29;5277;3254;413414;342067;60.5;50.1
45;2021-07-30;4757;4708;418171;346775;61.2;50.8
45;2021-07-31;848;1949;419019;348724;61.4;51.1
45;2021-08-01;2;4;419021;348728;61.4;51.1
45;2021-08-02;3612;3247;422633;351975;61.9;51.5
45;2021-08-03;4872;3013;427505;354988;62.6;52.0
45;2021-08-04;3734;2232;431239;357220;63.1;52.3
45;2021-08-05;3307;2637;434546;359857;63.6;52.7
45;2021-08-06;3745;3264;438291;363121;64.2;53.2
45;2021-08-07;1679;1048;439970;364169;64.4;53.3
45;2021-08-08;6;18;439976;364187;64.4;53.3
45;2021-08-09;2594;3016;442570;367203;64.8;53.8
45;2021-08-10;3495;3808;446065;371011;65.3;54.3
45;2021-08-11;2692;3717;448757;374728;65.7;54.9
45;2021-08-12;2089;3447;450846;378175;66.0;55.4
45;2021-08-13;1733;4221;452579;382396;66.3;56.0
45;2021-08-14;678;955;453257;383351;66.4;56.1
45;2021-08-15;58;30;453315;383381;66.4;56.1
45;2021-08-16;1148;2315;454463;385696;66.5;56.5
45;2021-08-17;1852;3446;456315;389142;66.8;57.0
45;2021-08-18;1774;4046;458089;393188;67.1;57.6
45;2021-08-19;1432;4269;459521;397457;67.3;58.2
45;2021-08-20;1389;3680;460910;401137;67.5;58.7
45;2021-08-21;900;1149;461810;402286;67.6;58.9
45;2021-08-22;4;8;461814;402294;67.6;58.9
45;2021-08-23;1324;4238;463138;406532;67.8;59.5
45;2021-08-24;1731;4513;464869;411045;68.1;60.2
45;2021-08-25;1577;3718;466446;414763;68.3;60.7
45;2021-08-26;1000;3443;467446;418206;68.5;61.2
45;2021-08-27;1384;4973;468830;423179;68.7;62.0
45;2021-08-28;862;2022;469692;425201;68.8;62.3
45;2021-08-29;98;36;469790;425237;68.8;62.3
45;2021-08-30;1211;4076;471001;429313;69.0;62.9
46;2020-12-27;4;0;4;0;0.0;0.0
46;2020-12-28;0;0;4;0;0.0;0.0
46;2020-12-29;0;0;4;0;0.0;0.0
46;2020-12-30;0;0;4;0;0.0;0.0
46;2020-12-31;0;0;4;0;0.0;0.0
46;2021-01-01;0;0;4;0;0.0;0.0
46;2021-01-02;0;0;4;0;0.0;0.0
46;2021-01-03;1;0;5;0;0.0;0.0
46;2021-01-04;0;0;5;0;0.0;0.0
46;2021-01-05;0;0;5;0;0.0;0.0
46;2021-01-06;3;0;8;0;0.0;0.0
46;2021-01-07;135;0;143;0;0.1;0.0
46;2021-01-08;181;0;324;0;0.2;0.0
46;2021-01-09;1;0;325;0;0.2;0.0
46;2021-01-10;2;0;327;0;0.2;0.0
46;2021-01-11;118;0;445;0;0.3;0.0
46;2021-01-12;140;0;585;0;0.3;0.0
46;2021-01-13;234;0;819;0;0.5;0.0
46;2021-01-14;239;2;1058;2;0.6;0.0
46;2021-01-15;305;2;1363;4;0.8;0.0
46;2021-01-16;18;0;1381;4;0.8;0.0
46;2021-01-17;0;0;1381;4;0.8;0.0
46;2021-01-18;274;2;1655;6;1.0;0.0
46;2021-01-19;389;0;2044;6;1.2;0.0
46;2021-01-20;937;2;2981;8;1.7;0.0
46;2021-01-21;996;0;3977;8;2.3;0.0
46;2021-01-22;390;2;4367;10;2.5;0.0
46;2021-01-23;0;0;4367;10;2.5;0.0
46;2021-01-24;0;0;4367;10;2.5;0.0
46;2021-01-25;203;1;4570;11;2.6;0.0
46;2021-01-26;262;1;4832;12;2.8;0.0
46;2021-01-27;277;0;5109;12;3.0;0.0
46;2021-01-28;278;43;5387;55;3.1;0.0
46;2021-01-29;233;92;5620;147;3.2;0.1
46;2021-01-30;1;0;5621;147;3.2;0.1
46;2021-01-31;1;0;5622;147;3.2;0.1
46;2021-02-01;234;173;5856;320;3.4;0.2
46;2021-02-02;210;238;6066;558;3.5;0.3
46;2021-02-03;227;97;6293;655;3.6;0.4
46;2021-02-04;372;86;6665;741;3.8;0.4
46;2021-02-05;226;177;6891;918;4.0;0.5
46;2021-02-06;9;0;6900;918;4.0;0.5
46;2021-02-07;43;0;6943;918;4.0;0.5
46;2021-02-08;197;156;7140;1074;4.1;0.6
46;2021-02-09;271;226;7411;1300;4.3;0.8
46;2021-02-10;280;543;7691;1843;4.4;1.1
46;2021-02-11;655;558;8346;2401;4.8;1.4
46;2021-02-12;322;341;8668;2742;5.0;1.6
46;2021-02-13;2;0;8670;2742;5.0;1.6
46;2021-02-14;0;62;8670;2804;5.0;1.6
46;2021-02-15;195;293;8865;3097;5.1;1.8
46;2021-02-16;218;282;9083;3379;5.2;2.0
46;2021-02-17;200;328;9283;3707;5.4;2.1
46;2021-02-18;336;267;9619;3974;5.6;2.3
46;2021-02-19;277;234;9896;4208;5.7;2.4
46;2021-02-20;0;0;9896;4208;5.7;2.4
46;2021-02-21;1;0;9897;4208;5.7;2.4
46;2021-02-22;132;193;10029;4401;5.8;2.5
46;2021-02-23;225;168;10254;4569;5.9;2.6
46;2021-02-24;179;325;10433;4894;6.0;2.8
46;2021-02-25;247;339;10680;5233;6.2;3.0
46;2021-02-26;401;344;11081;5577;6.4;3.2
46;2021-02-27;120;1;11201;5578;6.5;3.2
46;2021-02-28;0;3;11201;5581;6.5;3.2
46;2021-03-01;169;180;11370;5761;6.6;3.3
46;2021-03-02;406;231;11776;5992;6.8;3.5
46;2021-03-03;458;331;12234;6323;7.1;3.7
46;2021-03-04;607;455;12841;6778;7.4;3.9
46;2021-03-05;809;364;13650;7142;7.9;4.1
46;2021-03-06;476;17;14126;7159;8.2;4.1
46;2021-03-07;101;19;14227;7178;8.2;4.1
46;2021-03-08;349;249;14576;7427;8.4;4.3
46;2021-03-09;746;270;15322;7697;8.8;4.4
46;2021-03-10;686;248;16008;7945;9.2;4.6
46;2021-03-11;851;255;16859;8200;9.7;4.7
46;2021-03-12;927;228;17786;8428;10.3;4.9
46;2021-03-13;512;3;18298;8431;10.6;4.9
46;2021-03-14;0;0;18298;8431;10.6;4.9
46;2021-03-15;505;166;18803;8597;10.9;5.0
46;2021-03-16;752;175;19555;8772;11.3;5.1
46;2021-03-17;671;203;20226;8975;11.7;5.2
46;2021-03-18;758;214;20984;9189;12.1;5.3
46;2021-03-19;810;149;21794;9338;12.6;5.4
46;2021-03-20;292;3;22086;9341;12.8;5.4
46;2021-03-21;2;0;22088;9341;12.8;5.4
46;2021-03-22;555;241;22643;9582;13.1;5.5
46;2021-03-23;702;212;23345;9794;13.5;5.7
46;2021-03-24;674;240;24019;10034;13.9;5.8
46;2021-03-25;1134;183;25153;10217;14.5;5.9
46;2021-03-26;1025;341;26178;10558;15.1;6.1
46;2021-03-27;420;72;26598;10630;15.4;6.1
46;2021-03-28;127;1;26725;10631;15.4;6.1
46;2021-03-29;733;253;27458;10884;15.9;6.3
46;2021-03-30;767;365;28225;11249;16.3;6.5
46;2021-03-31;865;421;29090;11670;16.8;6.7
46;2021-04-01;1171;344;30261;12014;17.5;6.9
46;2021-04-02;924;396;31185;12410;18.0;7.2
46;2021-04-03;167;166;31352;12576;18.1;7.3
46;2021-04-04;0;71;31352;12647;18.1;7.3
46;2021-04-05;3;0;31355;12647;18.1;7.3
46;2021-04-06;545;518;31900;13165;18.4;7.6
46;2021-04-07;785;645;32685;13810;18.9;8.0
46;2021-04-08;962;541;33647;14351;19.4;8.3
46;2021-04-09;1018;506;34665;14857;20.0;8.6
46;2021-04-10;504;208;35169;15065;20.3;8.7
46;2021-04-11;232;1;35401;15066;20.4;8.7
46;2021-04-12;845;546;36246;15612;20.9;9.0
46;2021-04-13;1187;718;37433;16330;21.6;9.4
46;2021-04-14;1535;614;38968;16944;22.5;9.8
46;2021-04-15;1501;664;40469;17608;23.4;10.2
46;2021-04-16;1585;567;42054;18175;24.3;10.5
46;2021-04-17;994;135;43048;18310;24.9;10.6
46;2021-04-18;516;9;43564;18319;25.2;10.6
46;2021-04-19;1070;573;44634;18892;25.8;10.9
46;2021-04-20;1229;727;45863;19619;26.5;11.3
46;2021-04-21;1230;713;47093;20332;27.2;11.7
46;2021-04-22;1392;728;48485;21060;28.0;12.2
46;2021-04-23;1132;731;49617;21791;28.7;12.6
46;2021-04-24;472;19;50089;21810;28.9;12.6
46;2021-04-25;351;11;50440;21821;29.1;12.6
46;2021-04-26;852;730;51292;22551;29.6;13.0
46;2021-04-27;1221;665;52513;23216;30.3;13.4
46;2021-04-28;1289;668;53802;23884;31.1;13.8
46;2021-04-29;1416;524;55218;24408;31.9;14.1
46;2021-04-30;1438;565;56656;24973;32.7;14.4
46;2021-05-01;697;73;57353;25046;33.1;14.5
46;2021-05-02;346;4;57699;25050;33.3;14.5
46;2021-05-03;853;569;58552;25619;33.8;14.8
46;2021-05-04;1037;1063;59589;26682;34.4;15.4
46;2021-05-05;1374;788;60963;27470;35.2;15.9
46;2021-05-06;1376;742;62339;28212;36.0;16.3
46;2021-05-07;1398;792;63737;29004;36.8;16.7
46;2021-05-08;280;411;64017;29415;37.0;17.0
46;2021-05-09;23;225;64040;29640;37.0;17.1
46;2021-05-10;517;1139;64557;30779;37.3;17.8
46;2021-05-11;1034;1256;65591;32035;37.9;18.5
46;2021-05-12;994;1564;66585;33599;38.5;19.4
46;2021-05-13;600;144;67185;33743;38.8;19.5
46;2021-05-14;959;1097;68144;34840;39.4;20.1
46;2021-05-15;254;654;68398;35494;39.5;20.5
46;2021-05-16;78;297;68476;35791;39.5;20.7
46;2021-05-17;653;959;69129;36750;39.9;21.2
46;2021-05-18;1404;1024;70533;37774;40.7;21.8
46;2021-05-19;1306;904;71839;38678;41.5;22.3
46;2021-05-20;1453;815;73292;39493;42.3;22.8
46;2021-05-21;997;1158;74289;40651;42.9;23.5
46;2021-05-22;147;369;74436;41020;43.0;23.7
46;2021-05-23;450;25;74886;41045;43.2;23.7
46;2021-05-24;411;113;75297;41158;43.5;23.8
46;2021-05-25;961;1332;76258;42490;44.0;24.5
46;2021-05-26;1238;1150;77496;43640;44.8;25.2
46;2021-05-27;1432;1194;78928;44834;45.6;25.9
46;2021-05-28;1430;1211;80358;46045;46.4;26.6
46;2021-05-29;1052;399;81410;46444;47.0;26.8
46;2021-05-30;409;40;81819;46484;47.2;26.8
46;2021-05-31;970;976;82789;47460;47.8;27.4
46;2021-06-01;1277;999;84066;48459;48.5;28.0
46;2021-06-02;1321;1117;85387;49576;49.3;28.6
46;2021-06-03;1418;1011;86805;50587;50.1;29.2
46;2021-06-04;1332;978;88137;51565;50.9;29.8
46;2021-06-05;381;414;88518;51979;51.1;30.0
46;2021-06-06;209;96;88727;52075;51.2;30.1
46;2021-06-07;814;617;89541;52692;51.7;30.4
46;2021-06-08;1020;896;90561;53588;52.3;30.9
46;2021-06-09;1504;974;92065;54562;53.2;31.5
46;2021-06-10;982;852;93047;55414;53.7;32.0
46;2021-06-11;970;1322;94017;56736;54.3;32.8
46;2021-06-12;459;549;94476;57285;54.6;33.1
46;2021-06-13;27;86;94503;57371;54.6;33.1
46;2021-06-14;593;1137;95096;58508;54.9;33.8
46;2021-06-15;751;1248;95847;59756;55.3;34.5
46;2021-06-16;1001;1112;96848;60868;55.9;35.2
46;2021-06-17;527;897;97375;61765;56.2;35.7
46;2021-06-18;658;1255;98033;63020;56.6;36.4
46;2021-06-19;457;313;98490;63333;56.9;36.6
46;2021-06-20;39;161;98529;63494;56.9;36.7
46;2021-06-21;428;945;98957;64439;57.1;37.2
46;2021-06-22;350;1178;99307;65617;57.3;37.9
46;2021-06-23;520;1075;99827;66692;57.6;38.5
46;2021-06-24;251;821;100078;67513;57.8;39.0
46;2021-06-25;491;1117;100569;68630;58.1;39.6
46;2021-06-26;397;552;100966;69182;58.3;40.0
46;2021-06-27;3;4;100969;69186;58.3;40.0
46;2021-06-28;315;1337;101284;70523;58.5;40.7
46;2021-06-29;376;1682;101660;72205;58.7;41.7
46;2021-06-30;512;1578;102172;73783;59.0;42.6
46;2021-07-01;487;1153;102659;74936;59.3;43.3
46;2021-07-02;468;1085;103127;76021;59.6;43.9
46;2021-07-03;124;455;103251;76476;59.6;44.2
46;2021-07-04;58;127;103309;76603;59.7;44.2
46;2021-07-05;346;1188;103655;77791;59.9;44.9
46;2021-07-06;448;1458;104103;79249;60.1;45.8
46;2021-07-07;583;1729;104686;80978;60.5;46.8
46;2021-07-08;339;1165;105025;82143;60.6;47.4
46;2021-07-09;395;1707;105420;83850;60.9;48.4
46;2021-07-10;285;1040;105705;84890;61.0;49.0
46;2021-07-11;15;375;105720;85265;61.1;49.2
46;2021-07-12;248;1261;105968;86526;61.2;50.0
46;2021-07-13;626;1672;106594;88198;61.6;50.9
46;2021-07-14;73;144;106667;88342;61.6;51.0
46;2021-07-15;916;1467;107583;89809;62.1;51.9
46;2021-07-16;766;1396;108349;91205;62.6;52.7
46;2021-07-17;363;539;108712;91744;62.8;53.0
46;2021-07-18;2;0;108714;91744;62.8;53.0
46;2021-07-19;731;1189;109445;92933;63.2;53.7
46;2021-07-20;983;1436;110428;94369;63.8;54.5
46;2021-07-21;1003;1379;111431;95748;64.3;55.3
46;2021-07-22;1404;1117;112835;96865;65.2;55.9
46;2021-07-23;767;1322;113602;98187;65.6;56.7
46;2021-07-24;956;664;114558;98851;66.2;57.1
46;2021-07-25;136;17;114694;98868;66.2;57.1
46;2021-07-26;881;879;115575;99747;66.7;57.6
46;2021-07-27;1218;978;116793;100725;67.4;58.2
46;2021-07-28;1283;1113;118076;101838;68.2;58.8
46;2021-07-29;1578;849;119654;102687;69.1;59.3
46;2021-07-30;1926;953;121580;103640;70.2;59.9
46;2021-07-31;950;656;122530;104296;70.8;60.2
46;2021-08-01;11;3;122541;104299;70.8;60.2
46;2021-08-02;973;589;123514;104888;71.3;60.6
46;2021-08-03;1360;679;124874;105567;72.1;61.0
46;2021-08-04;1738;605;126612;106172;73.1;61.3
46;2021-08-05;1383;846;127995;107018;73.9;61.8
46;2021-08-06;1418;846;129413;107864;74.7;62.3
46;2021-08-07;707;542;130120;108406;75.1;62.6
46;2021-08-08;120;66;130240;108472;75.2;62.6
46;2021-08-09;1013;693;131253;109165;75.8;63.0
46;2021-08-10;1190;890;132443;110055;76.5;63.6
46;2021-08-11;1240;1069;133683;111124;77.2;64.2
46;2021-08-12;988;799;134671;111923;77.8;64.6
46;2021-08-13;945;1000;135616;112923;78.3;65.2
46;2021-08-14;584;777;136200;113700;78.7;65.7
46;2021-08-15;8;27;136208;113727;78.7;65.7
46;2021-08-16;793;804;137001;114531;79.1;66.1
46;2021-08-17;880;1289;137881;115820;79.6;66.9
46;2021-08-18;771;1050;138652;116870;80.1;67.5
46;2021-08-19;668;1360;139320;118230;80.5;68.3
46;2021-08-20;520;1553;139840;119783;80.8;69.2
46;2021-08-21;374;649;140214;120432;81.0;69.5
46;2021-08-22;2;31;140216;120463;81.0;69.6
46;2021-08-23;419;1205;140635;121668;81.2;70.3
46;2021-08-24;548;1337;141183;123005;81.5;71.0
46;2021-08-25;519;1399;141702;124404;81.8;71.8
46;2021-08-26;377;1097;142079;125501;82.0;72.5
46;2021-08-27;432;1914;142511;127415;82.3;73.6
46;2021-08-28;270;650;142781;128065;82.5;74.0
46;2021-08-29;5;11;142786;128076;82.5;74.0
46;2021-08-30;281;1132;143067;129208;82.6;74.6
47;2020-12-27;0;0;0;0;0.0;0.0
47;2020-12-28;0;0;0;0;0.0;0.0
47;2020-12-29;0;0;0;0;0.0;0.0
47;2020-12-30;0;0;0;0;0.0;0.0
47;2020-12-31;0;0;0;0;0.0;0.0
47;2021-01-01;4;0;4;0;0.0;0.0
47;2021-01-02;0;0;4;0;0.0;0.0
47;2021-01-03;0;0;4;0;0.0;0.0
47;2021-01-04;0;0;4;0;0.0;0.0
47;2021-01-05;0;0;4;0;0.0;0.0
47;2021-01-06;0;0;4;0;0.0;0.0
47;2021-01-07;71;1;75;1;0.0;0.0
47;2021-01-08;314;0;389;1;0.1;0.0
47;2021-01-09;113;0;502;1;0.2;0.0
47;2021-01-10;0;0;502;1;0.2;0.0
47;2021-01-11;249;1;751;2;0.2;0.0
47;2021-01-12;327;0;1078;2;0.3;0.0
47;2021-01-13;349;0;1427;2;0.4;0.0
47;2021-01-14;364;4;1791;6;0.5;0.0
47;2021-01-15;287;1;2078;7;0.6;0.0
47;2021-01-16;176;4;2254;11;0.7;0.0
47;2021-01-17;0;0;2254;11;0.7;0.0
47;2021-01-18;485;1;2739;12;0.8;0.0
47;2021-01-19;469;2;3208;14;1.0;0.0
47;2021-01-20;514;0;3722;14;1.1;0.0
47;2021-01-21;585;0;4307;14;1.3;0.0
47;2021-01-22;470;0;4777;14;1.4;0.0
47;2021-01-23;390;0;5167;14;1.6;0.0
47;2021-01-24;0;0;5167;14;1.6;0.0
47;2021-01-25;426;0;5593;14;1.7;0.0
47;2021-01-26;790;4;6383;18;1.9;0.0
47;2021-01-27;732;0;7115;18;2.2;0.0
47;2021-01-28;575;66;7690;84;2.3;0.0
47;2021-01-29;461;170;8151;254;2.5;0.1
47;2021-01-30;301;39;8452;293;2.6;0.1
47;2021-01-31;0;0;8452;293;2.6;0.1
47;2021-02-01;374;116;8826;409;2.7;0.1
47;2021-02-02;759;317;9585;726;2.9;0.2
47;2021-02-03;425;162;10010;888;3.0;0.3
47;2021-02-04;370;317;10380;1205;3.1;0.4
47;2021-02-05;300;309;10680;1514;3.2;0.5
47;2021-02-06;297;96;10977;1610;3.3;0.5
47;2021-02-07;0;0;10977;1610;3.3;0.5
47;2021-02-08;184;284;11161;1894;3.4;0.6
47;2021-02-09;231;258;11392;2152;3.4;0.7
47;2021-02-10;254;245;11646;2397;3.5;0.7
47;2021-02-11;356;378;12002;2775;3.6;0.8
47;2021-02-12;243;411;12245;3186;3.7;1.0
47;2021-02-13;226;111;12471;3297;3.8;1.0
47;2021-02-14;0;0;12471;3297;3.8;1.0
47;2021-02-15;194;382;12665;3679;3.8;1.1
47;2021-02-16;303;588;12968;4267;3.9;1.3
47;2021-02-17;326;455;13294;4722;4.0;1.4
47;2021-02-18;200;596;13494;5318;4.1;1.6
47;2021-02-19;193;365;13687;5683;4.1;1.7
47;2021-02-20;117;269;13804;5952;4.2;1.8
47;2021-02-21;0;0;13804;5952;4.2;1.8
47;2021-02-22;75;406;13879;6358;4.2;1.9
47;2021-02-23;150;649;14029;7007;4.2;2.1
47;2021-02-24;261;561;14290;7568;4.3;2.3
47;2021-02-25;304;412;14594;7980;4.4;2.4
47;2021-02-26;468;321;15062;8301;4.6;2.5
47;2021-02-27;324;213;15386;8514;4.7;2.6
47;2021-02-28;0;0;15386;8514;4.7;2.6
47;2021-03-01;124;397;15510;8911;4.7;2.7
47;2021-03-02;200;364;15710;9275;4.8;2.8
47;2021-03-03;244;349;15954;9624;4.8;2.9
47;2021-03-04;593;332;16547;9956;5.0;3.0
47;2021-03-05;844;287;17391;10243;5.3;3.1
47;2021-03-06;507;193;17898;10436;5.4;3.2
47;2021-03-07;331;6;18229;10442;5.5;3.2
47;2021-03-08;458;227;18687;10669;5.7;3.2
47;2021-03-09;508;492;19195;11161;5.8;3.4
47;2021-03-10;666;300;19861;11461;6.0;3.5
47;2021-03-11;938;379;20799;11840;6.3;3.6
47;2021-03-12;1371;297;22170;12137;6.7;3.7
47;2021-03-13;950;109;23120;12246;7.0;3.7
47;2021-03-14;51;0;23171;12246;7.0;3.7
47;2021-03-15;592;162;23763;12408;7.2;3.8
47;2021-03-16;750;177;24513;12585;7.4;3.8
47;2021-03-17;860;209;25373;12794;7.7;3.9
47;2021-03-18;917;178;26290;12972;8.0;3.9
47;2021-03-19;1272;129;27562;13101;8.3;4.0
47;2021-03-20;1087;58;28649;13159;8.7;4.0
47;2021-03-21;344;1;28993;13160;8.8;4.0
47;2021-03-22;1012;95;30005;13255;9.1;4.0
47;2021-03-23;1146;148;31151;13403;9.4;4.1
47;2021-03-24;1212;131;32363;13534;9.8;4.1
47;2021-03-25;1565;151;33928;13685;10.3;4.1
47;2021-03-26;1882;199;35810;13884;10.8;4.2
47;2021-03-27;980;129;36790;14013;11.1;4.2
47;2021-03-28;700;5;37490;14018;11.3;4.2
47;2021-03-29;1512;80;39002;14098;11.8;4.3
47;2021-03-30;1644;127;40646;14225;12.3;4.3
47;2021-03-31;1605;152;42251;14377;12.8;4.4
47;2021-04-01;1682;269;43933;14646;13.3;4.4
47;2021-04-02;1934;456;45867;15102;13.9;4.6
47;2021-04-03;1202;183;47069;15285;14.2;4.6
47;2021-04-04;475;13;47544;15298;14.4;4.6
47;2021-04-05;1296;58;48840;15356;14.8;4.6
47;2021-04-06;1386;387;50226;15743;15.2;4.8
47;2021-04-07;1695;593;51921;16336;15.7;4.9
47;2021-04-08;1834;478;53755;16814;16.3;5.1
47;2021-04-09;2083;544;55838;17358;16.9;5.3
47;2021-04-10;1564;326;57402;17684;17.4;5.4
47;2021-04-11;530;9;57932;17693;17.5;5.4
47;2021-04-12;1437;613;59369;18306;18.0;5.5
47;2021-04-13;1816;766;61185;19072;18.5;5.8
47;2021-04-14;1749;720;62934;19792;19.1;6.0
47;2021-04-15;2012;848;64946;20640;19.7;6.2
47;2021-04-16;1767;892;66713;21532;20.2;6.5
47;2021-04-17;1472;969;68185;22501;20.6;6.8
47;2021-04-18;23;0;68208;22501;20.6;6.8
47;2021-04-19;1332;933;69540;23434;21.1;7.1
47;2021-04-20;1626;909;71166;24343;21.5;7.4
47;2021-04-21;1626;773;72792;25116;22.0;7.6
47;2021-04-22;1872;1059;74664;26175;22.6;7.9
47;2021-04-23;1726;1070;76390;27245;23.1;8.2
47;2021-04-24;1549;803;77939;28048;23.6;8.5
47;2021-04-25;242;345;78181;28393;23.7;8.6
47;2021-04-26;1488;1363;79669;29756;24.1;9.0
47;2021-04-27;1922;1473;81591;31229;24.7;9.5
47;2021-04-28;2090;1591;83681;32820;25.3;9.9
47;2021-04-29;2533;1513;86214;34333;26.1;10.4
47;2021-04-30;2044;1781;88258;36114;26.7;10.9
47;2021-05-01;2263;983;90521;37097;27.4;11.2
47;2021-05-02;21;357;90542;37454;27.4;11.3
47;2021-05-03;1596;1418;92138;38872;27.9;11.8
47;2021-05-04;1647;1730;93785;40602;28.4;12.3
47;2021-05-05;1927;1641;95712;42243;29.0;12.8
47;2021-05-06;2106;1509;97818;43752;29.6;13.2
47;2021-05-07;2001;1624;99819;45376;30.2;13.7
47;2021-05-08;2098;464;101917;45840;30.9;13.9
47;2021-05-09;24;359;101941;46199;30.9;14.0
47;2021-05-10;1202;1671;103143;47870;31.2;14.5
47;2021-05-11;2174;1991;105317;49861;31.9;15.1
47;2021-05-12;2626;1452;107943;51313;32.7;15.5
47;2021-05-13;2382;658;110325;51971;33.4;15.7
47;2021-05-14;2062;859;112387;52830;34.0;16.0
47;2021-05-15;1935;863;114322;53693;34.6;16.3
47;2021-05-16;367;9;114689;53702;34.7;16.3
47;2021-05-17;1885;1123;116574;54825;35.3;16.6
47;2021-05-18;2358;1139;118932;55964;36.0;16.9
47;2021-05-19;2345;760;121277;56724;36.7;17.2
47;2021-05-20;2588;970;123865;57694;37.5;17.5
47;2021-05-21;1538;1135;125403;58829;38.0;17.8
47;2021-05-22;2369;838;127772;59667;38.7;18.1
47;2021-05-23;25;186;127797;59853;38.7;18.1
47;2021-05-24;1549;236;129346;60089;39.2;18.2
47;2021-05-25;1485;1323;130831;61412;39.6;18.6
47;2021-05-26;1599;1088;132430;62500;40.1;18.9
47;2021-05-27;1944;1270;134374;63770;40.7;19.3
47;2021-05-28;1458;1536;135832;65306;41.1;19.8
47;2021-05-29;1153;1126;136985;66432;41.5;20.1
47;2021-05-30;12;45;136997;66477;41.5;20.1
47;2021-05-31;1868;1422;138865;67899;42.0;20.6
47;2021-06-01;1922;1342;140787;69241;42.6;21.0
47;2021-06-02;2101;1333;142888;70574;43.3;21.4
47;2021-06-03;2486;1612;145374;72186;44.0;21.9
47;2021-06-04;1967;2116;147341;74302;44.6;22.5
47;2021-06-05;1640;1476;148981;75778;45.1;22.9
47;2021-06-06;212;70;149193;75848;45.2;23.0
47;2021-06-07;1663;2244;150856;78092;45.7;23.6
47;2021-06-08;1630;1904;152486;79996;46.2;24.2
47;2021-06-09;1823;2126;154309;82122;46.7;24.9
47;2021-06-10;2376;1620;156685;83742;47.4;25.4
47;2021-06-11;1827;2101;158512;85843;48.0;26.0
47;2021-06-12;1351;2102;159863;87945;48.4;26.6
47;2021-06-13;4;10;159867;87955;48.4;26.6
47;2021-06-14;1281;2447;161148;90402;48.8;27.4
47;2021-06-15;1465;2034;162613;92436;49.2;28.0
47;2021-06-16;1206;2188;163819;94624;49.6;28.6
47;2021-06-17;1656;1525;165475;96149;50.1;29.1
47;2021-06-18;1439;2497;166914;98646;50.5;29.9
47;2021-06-19;1540;2457;168454;101103;51.0;30.6
47;2021-06-20;4;33;168458;101136;51.0;30.6
47;2021-06-21;1137;2514;169595;103650;51.3;31.4
47;2021-06-22;760;2504;170355;106154;51.6;32.1
47;2021-06-23;998;2016;171353;108170;51.9;32.7
47;2021-06-24;1211;1936;172564;110106;52.2;33.3
47;2021-06-25;1006;2608;173570;112714;52.5;34.1
47;2021-06-26;988;2789;174558;115503;52.8;35.0
47;2021-06-27;16;349;174574;115852;52.8;35.1
47;2021-06-28;875;2406;175449;118258;53.1;35.8
47;2021-06-29;798;2316;176247;120574;53.4;36.5
47;2021-06-30;730;2307;176977;122881;53.6;37.2
47;2021-07-01;920;2107;177897;124988;53.9;37.8
47;2021-07-02;885;2276;178782;127264;54.1;38.5
47;2021-07-03;727;3042;179509;130306;54.3;39.4
47;2021-07-04;34;12;179543;130318;54.4;39.5
47;2021-07-05;979;2146;180522;132464;54.6;40.1
47;2021-07-06;1007;1958;181529;134422;55.0;40.7
47;2021-07-07;1301;2065;182830;136487;55.3;41.3
47;2021-07-08;1144;2195;183974;138682;55.7;42.0
47;2021-07-09;1049;2406;185023;141088;56.0;42.7
47;2021-07-10;952;2131;185975;143219;56.3;43.4
47;2021-07-11;1;6;185976;143225;56.3;43.4
47;2021-07-12;557;2581;186533;145806;56.5;44.1
47;2021-07-13;1095;2592;187628;148398;56.8;44.9
47;2021-07-14;1166;1577;188794;149975;57.2;45.4
47;2021-07-15;1717;3137;190511;153112;57.7;46.4
47;2021-07-16;1723;2680;192234;155792;58.2;47.2
47;2021-07-17;1202;2458;193436;158250;58.6;47.9
47;2021-07-18;36;188;193472;158438;58.6;48.0
47;2021-07-19;1115;2562;194587;161000;58.9;48.7
47;2021-07-20;1638;2341;196225;163341;59.4;49.4
47;2021-07-21;2190;2242;198415;165583;60.1;50.1
47;2021-07-22;2157;2299;200572;167882;60.7;50.8
47;2021-07-23;2120;2250;202692;170132;61.4;51.5
47;2021-07-24;1114;1912;203806;172044;61.7;52.1
47;2021-07-25;20;1;203826;172045;61.7;52.1
47;2021-07-26;1233;1943;205059;173988;62.1;52.7
47;2021-07-27;2119;1633;207178;175621;62.7;53.2
47;2021-07-28;1879;1606;209057;177227;63.3;53.7
47;2021-07-29;2322;1598;211379;178825;64.0;54.1
47;2021-07-30;1864;1623;213243;180448;64.6;54.6
47;2021-07-31;1482;1668;214725;182116;65.0;55.1
47;2021-08-01;17;8;214742;182124;65.0;55.1
47;2021-08-02;2029;1218;216771;183342;65.6;55.5
47;2021-08-03;2150;1104;218921;184446;66.3;55.8
47;2021-08-04;2172;1526;221093;185972;66.9;56.3
47;2021-08-05;2401;1444;223494;187416;67.7;56.7
47;2021-08-06;1999;1842;225493;189258;68.3;57.3
47;2021-08-07;1623;1416;227116;190674;68.8;57.7
47;2021-08-08;24;22;227140;190696;68.8;57.7
47;2021-08-09;1872;1209;229012;191905;69.3;58.1
47;2021-08-10;1905;1295;230917;193200;69.9;58.5
47;2021-08-11;1799;1401;232716;194601;70.4;58.9
47;2021-08-12;2043;1339;234759;195940;71.1;59.3
47;2021-08-13;1413;1664;236172;197604;71.5;59.8
47;2021-08-14;1348;1443;237520;199047;71.9;60.3
47;2021-08-15;11;18;237531;199065;71.9;60.3
47;2021-08-16;1434;1452;238965;200517;72.3;60.7
47;2021-08-17;1119;1697;240084;202214;72.7;61.2
47;2021-08-18;1168;1711;241252;203925;73.0;61.7
47;2021-08-19;1033;1812;242285;205737;73.3;62.3
47;2021-08-20;960;1707;243245;207444;73.6;62.8
47;2021-08-21;820;1273;244065;208717;73.9;63.2
47;2021-08-22;19;31;244084;208748;73.9;63.2
47;2021-08-23;608;1826;244692;210574;74.1;63.7
47;2021-08-24;810;1615;245502;212189;74.3;64.2
47;2021-08-25;802;1786;246304;213975;74.6;64.8
47;2021-08-26;729;2080;247033;216055;74.8;65.4
47;2021-08-27;697;1976;247730;218031;75.0;66.0
47;2021-08-28;546;1660;248276;219691;75.2;66.5
47;2021-08-29;2;16;248278;219707;75.2;66.5
47;2021-08-30;453;1922;248731;221629;75.3;67.1
48;2020-12-27;0;0;0;0;0.0;0.0
48;2020-12-28;0;0;0;0;0.0;0.0
48;2020-12-29;0;0;0;0;0.0;0.0
48;2020-12-30;0;0;0;0;0.0;0.0
48;2020-12-31;0;0;0;0;0.0;0.0
48;2021-01-01;0;0;0;0;0.0;0.0
48;2021-01-02;0;0;0;0;0.0;0.0
48;2021-01-03;0;0;0;0;0.0;0.0
48;2021-01-04;0;0;0;0;0.0;0.0
48;2021-01-05;0;0;0;0;0.0;0.0
48;2021-01-06;0;0;0;0;0.0;0.0
48;2021-01-07;56;0;56;0;0.1;0.0
48;2021-01-08;87;0;143;0;0.2;0.0
48;2021-01-09;1;0;144;0;0.2;0.0
48;2021-01-10;0;0;144;0;0.2;0.0
48;2021-01-11;13;0;157;0;0.2;0.0
48;2021-01-12;19;1;176;1;0.2;0.0
48;2021-01-13;104;0;280;1;0.4;0.0
48;2021-01-14;90;1;370;2;0.5;0.0
48;2021-01-15;63;0;433;2;0.6;0.0
48;2021-01-16;0;0;433;2;0.6;0.0
48;2021-01-17;0;0;433;2;0.6;0.0
48;2021-01-18;117;0;550;2;0.7;0.0
48;2021-01-19;345;2;895;4;1.2;0.0
48;2021-01-20;364;0;1259;4;1.7;0.0
48;2021-01-21;465;1;1724;5;2.3;0.0
48;2021-01-22;269;0;1993;5;2.6;0.0
48;2021-01-23;36;0;2029;5;2.7;0.0
48;2021-01-24;0;0;2029;5;2.7;0.0
48;2021-01-25;109;2;2138;7;2.8;0.0
48;2021-01-26;261;0;2399;7;3.1;0.0
48;2021-01-27;257;2;2656;9;3.5;0.0
48;2021-01-28;270;10;2926;19;3.8;0.0
48;2021-01-29;175;60;3101;79;4.1;0.1
48;2021-01-30;1;7;3102;86;4.1;0.1
48;2021-01-31;0;6;3102;92;4.1;0.1
48;2021-02-01;98;47;3200;139;4.2;0.2
48;2021-02-02;191;36;3391;175;4.4;0.2
48;2021-02-03;177;82;3568;257;4.7;0.3
48;2021-02-04;234;14;3802;271;5.0;0.4
48;2021-02-05;144;36;3946;307;5.2;0.4
48;2021-02-06;34;1;3980;308;5.2;0.4
48;2021-02-07;0;0;3980;308;5.2;0.4
48;2021-02-08;50;60;4030;368;5.3;0.5
48;2021-02-09;66;167;4096;535;5.4;0.7
48;2021-02-10;65;303;4161;838;5.5;1.1
48;2021-02-11;165;407;4326;1245;5.7;1.6
48;2021-02-12;120;155;4446;1400;5.8;1.8
48;2021-02-13;8;55;4454;1455;5.8;1.9
48;2021-02-14;0;0;4454;1455;5.8;1.9
48;2021-02-15;51;106;4505;1561;5.9;2.0
48;2021-02-16;43;173;4548;1734;6.0;2.3
48;2021-02-17;35;284;4583;2018;6.0;2.6
48;2021-02-18;252;107;4835;2125;6.3;2.8
48;2021-02-19;60;183;4895;2308;6.4;3.0
48;2021-02-20;0;1;4895;2309;6.4;3.0
48;2021-02-21;0;14;4895;2323;6.4;3.0
48;2021-02-22;24;129;4919;2452;6.4;3.2
48;2021-02-23;74;221;4993;2673;6.5;3.5
48;2021-02-24;68;265;5061;2938;6.6;3.9
48;2021-02-25;148;263;5209;3201;6.8;4.2
48;2021-02-26;51;228;5260;3429;6.9;4.5
48;2021-02-27;28;1;5288;3430;6.9;4.5
48;2021-02-28;3;14;5291;3444;6.9;4.5
48;2021-03-01;102;97;5393;3541;7.1;4.6
48;2021-03-02;199;88;5592;3629;7.3;4.8
48;2021-03-03;155;108;5747;3737;7.5;4.9
48;2021-03-04;194;183;5941;3920;7.8;5.1
48;2021-03-05;136;141;6077;4061;8.0;5.3
48;2021-03-06;180;53;6257;4114;8.2;5.4
48;2021-03-07;75;2;6332;4116;8.3;5.4
48;2021-03-08;352;125;6684;4241;8.8;5.6
48;2021-03-09;377;87;7061;4328;9.3;5.7
48;2021-03-10;263;61;7324;4389;9.6;5.8
48;2021-03-11;334;91;7658;4480;10.0;5.9
48;2021-03-12;255;153;7913;4633;10.4;6.1
48;2021-03-13;301;5;8214;4638;10.8;6.1
48;2021-03-14;8;0;8222;4638;10.8;6.1
48;2021-03-15;174;63;8396;4701;11.0;6.2
48;2021-03-16;167;66;8563;4767;11.2;6.2
48;2021-03-17;156;110;8719;4877;11.4;6.4
48;2021-03-18;190;104;8909;4981;11.7;6.5
48;2021-03-19;116;96;9025;5077;11.8;6.7
48;2021-03-20;101;0;9126;5077;12.0;6.7
48;2021-03-21;0;0;9126;5077;12.0;6.7
48;2021-03-22;160;22;9286;5099;12.2;6.7
48;2021-03-23;329;103;9615;5202;12.6;6.8
48;2021-03-24;284;99;9899;5301;13.0;6.9
48;2021-03-25;757;121;10656;5422;14.0;7.1
48;2021-03-26;269;61;10925;5483;14.3;7.2
48;2021-03-27;104;1;11029;5484;14.5;7.2
48;2021-03-28;80;20;11109;5504;14.6;7.2
48;2021-03-29;304;80;11413;5584;15.0;7.3
48;2021-03-30;364;131;11777;5715;15.4;7.5
48;2021-03-31;448;86;12225;5801;16.0;7.6
48;2021-04-01;729;72;12954;5873;17.0;7.7
48;2021-04-02;487;132;13441;6005;17.6;7.9
48;2021-04-03;140;83;13581;6088;17.8;8.0
48;2021-04-04;0;0;13581;6088;17.8;8.0
48;2021-04-05;43;1;13624;6089;17.9;8.0
48;2021-04-06;465;160;14089;6249;18.5;8.2
48;2021-04-07;465;140;14554;6389;19.1;8.4
48;2021-04-08;620;187;15174;6576;19.9;8.6
48;2021-04-09;446;121;15620;6697;20.5;8.8
48;2021-04-10;95;60;15715;6757;20.6;8.9
48;2021-04-11;2;0;15717;6757;20.6;8.9
48;2021-04-12;364;71;16081;6828;21.1;9.0
48;2021-04-13;361;92;16442;6920;21.6;9.1
48;2021-04-14;624;186;17066;7106;22.4;9.3
48;2021-04-15;702;360;17768;7466;23.3;9.8
48;2021-04-16;538;226;18306;7692;24.0;10.1
48;2021-04-17;89;72;18395;7764;24.1;10.2
48;2021-04-18;0;0;18395;7764;24.1;10.2
48;2021-04-19;197;106;18592;7870;24.4;10.3
48;2021-04-20;216;181;18808;8051;24.7;10.6
48;2021-04-21;284;208;19092;8259;25.0;10.8
48;2021-04-22;307;481;19399;8740;25.4;11.5
48;2021-04-23;255;242;19654;8982;25.8;11.8
48;2021-04-24;97;94;19751;9076;25.9;11.9
48;2021-04-25;1;9;19752;9085;25.9;11.9
48;2021-04-26;87;211;19839;9296;26.0;12.2
48;2021-04-27;172;292;20011;9588;26.2;12.6
48;2021-04-28;149;414;20160;10002;26.4;13.1
48;2021-04-29;204;490;20364;10492;26.7;13.8
48;2021-04-30;172;226;20536;10718;26.9;14.0
48;2021-05-01;0;0;20536;10718;26.9;14.0
48;2021-05-02;0;0;20536;10718;26.9;14.0
48;2021-05-03;106;386;20642;11104;27.1;14.6
48;2021-05-04;227;421;20869;11525;27.4;15.1
48;2021-05-05;84;485;20953;12010;27.5;15.7
48;2021-05-06;774;640;21727;12650;28.5;16.6
48;2021-05-07;96;503;21823;13153;28.6;17.2
48;2021-05-08;309;43;22132;13196;29.0;17.3
48;2021-05-09;285;9;22417;13205;29.4;17.3
48;2021-05-10;55;325;22472;13530;29.5;17.7
48;2021-05-11;221;290;22693;13820;29.7;18.1
48;2021-05-12;249;313;22942;14133;30.1;18.5
48;2021-05-13;472;158;23414;14291;30.7;18.7
48;2021-05-14;244;222;23658;14513;31.0;19.0
48;2021-05-15;84;47;23742;14560;31.1;19.1
48;2021-05-16;1;8;23743;14568;31.1;19.1
48;2021-05-17;474;266;24217;14834;31.7;19.4
48;2021-05-18;263;229;24480;15063;32.1;19.7
48;2021-05-19;207;278;24687;15341;32.4;20.1
48;2021-05-20;318;256;25005;15597;32.8;20.4
48;2021-05-21;174;266;25179;15863;33.0;20.8
48;2021-05-22;25;50;25204;15913;33.0;20.9
48;2021-05-23;0;6;25204;15919;33.0;20.9
48;2021-05-24;0;14;25204;15933;33.0;20.9
48;2021-05-25;180;266;25384;16199;33.3;21.2
48;2021-05-26;416;298;25800;16497;33.8;21.6
48;2021-05-27;1178;379;26978;16876;35.4;22.1
48;2021-05-28;316;349;27294;17225;35.8;22.6
48;2021-05-29;79;50;27373;17275;35.9;22.6
48;2021-05-30;0;1;27373;17276;35.9;22.6
48;2021-05-31;625;263;27998;17539;36.7;23.0
48;2021-06-01;272;305;28270;17844;37.1;23.4
48;2021-06-02;407;424;28677;18268;37.6;23.9
48;2021-06-03;629;432;29306;18700;38.4;24.5
48;2021-06-04;291;282;29597;18982;38.8;24.9
48;2021-06-05;121;77;29718;19059;39.0;25.0
48;2021-06-06;1;1;29719;19060;39.0;25.0
48;2021-06-07;440;161;30159;19221;39.5;25.2
48;2021-06-08;614;307;30773;19528;40.3;25.6
48;2021-06-09;379;190;31152;19718;40.8;25.8
48;2021-06-10;1002;241;32154;19959;42.1;26.2
48;2021-06-11;372;160;32526;20119;42.6;26.4
48;2021-06-12;74;56;32600;20175;42.7;26.4
48;2021-06-13;0;2;32600;20177;42.7;26.4
48;2021-06-14;124;115;32724;20292;42.9;26.6
48;2021-06-15;407;385;33131;20677;43.4;27.1
48;2021-06-16;260;144;33391;20821;43.8;27.3
48;2021-06-17;486;575;33877;21396;44.4;28.0
48;2021-06-18;254;315;34131;21711;44.7;28.5
48;2021-06-19;35;291;34166;22002;44.8;28.8
48;2021-06-20;123;224;34289;22226;44.9;29.1
48;2021-06-21;125;132;34414;22358;45.1;29.3
48;2021-06-22;258;334;34672;22692;45.5;29.7
48;2021-06-23;111;546;34783;23238;45.6;30.5
48;2021-06-24;364;610;35147;23848;46.1;31.3
48;2021-06-25;154;276;35301;24124;46.3;31.6
48;2021-06-26;15;45;35316;24169;46.3;31.7
48;2021-06-27;1;1;35317;24170;46.3;31.7
48;2021-06-28;81;177;35398;24347;46.4;31.9
48;2021-06-29;297;413;35695;24760;46.8;32.5
48;2021-06-30;97;465;35792;25225;46.9;33.1
48;2021-07-01;194;668;35986;25893;47.2;33.9
48;2021-07-02;148;369;36134;26262;47.4;34.4
48;2021-07-03;42;89;36176;26351;47.4;34.5
48;2021-07-04;7;0;36183;26351;47.4;34.5
48;2021-07-05;40;116;36223;26467;47.5;34.7
48;2021-07-06;277;598;36500;27065;47.8;35.5
48;2021-07-07;201;486;36701;27551;48.1;36.1
48;2021-07-08;224;1191;36925;28742;48.4;37.7
48;2021-07-09;157;552;37082;29294;48.6;38.4
48;2021-07-10;95;147;37177;29441;48.7;38.6
48;2021-07-11;0;4;37177;29445;48.7;38.6
48;2021-07-12;140;674;37317;30119;48.9;39.5
48;2021-07-13;212;431;37529;30550;49.2;40.0
48;2021-07-14;179;145;37708;30695;49.4;40.2
48;2021-07-15;187;459;37895;31154;49.7;40.8
48;2021-07-16;234;315;38129;31469;50.0;41.3
48;2021-07-17;129;118;38258;31587;50.2;41.4
48;2021-07-18;4;5;38262;31592;50.2;41.4
48;2021-07-19;105;306;38367;31898;50.3;41.8
48;2021-07-20;675;992;39042;32890;51.2;43.1
48;2021-07-21;69;371;39111;33261;51.3;43.6
48;2021-07-22;779;1124;39890;34385;52.3;45.1
48;2021-07-23;365;437;40255;34822;52.8;45.6
48;2021-07-24;509;170;40764;34992;53.4;45.9
48;2021-07-25;138;46;40902;35038;53.6;45.9
48;2021-07-26;101;198;41003;35236;53.7;46.2
48;2021-07-27;1195;643;42198;35879;55.3;47.0
48;2021-07-28;176;317;42374;36196;55.5;47.4
48;2021-07-29;709;641;43083;36837;56.5;48.3
48;2021-07-30;200;292;43283;37129;56.7;48.7
48;2021-07-31;337;180;43620;37309;57.2;48.9
48;2021-08-01;18;55;43638;37364;57.2;49.0
48;2021-08-02;228;162;43866;37526;57.5;49.2
48;2021-08-03;917;569;44783;38095;58.7;49.9
48;2021-08-04;326;221;45109;38316;59.1;50.2
48;2021-08-05;675;470;45784;38786;60.0;50.8
48;2021-08-06;440;275;46224;39061;60.6;51.2
48;2021-08-07;249;124;46473;39185;60.9;51.4
48;2021-08-08;2;5;46475;39190;60.9;51.4
48;2021-08-09;170;140;46645;39330;61.1;51.6
48;2021-08-10;721;553;47366;39883;62.1;52.3
48;2021-08-11;296;238;47662;40121;62.5;52.6
48;2021-08-12;418;411;48080;40532;63.0;53.1
48;2021-08-13;218;212;48298;40744;63.3;53.4
48;2021-08-14;134;165;48432;40909;63.5;53.6
48;2021-08-15;131;81;48563;40990;63.7;53.7
48;2021-08-16;121;191;48684;41181;63.8;54.0
48;2021-08-17;364;1188;49048;42369;64.3;55.5
48;2021-08-18;209;201;49257;42570;64.6;55.8
48;2021-08-19;240;324;49497;42894;64.9;56.2
48;2021-08-20;213;285;49710;43179;65.2;56.6
48;2021-08-21;85;233;49795;43412;65.3;56.9
48;2021-08-22;0;0;49795;43412;65.3;56.9
48;2021-08-23;65;153;49860;43565;65.4;57.1
48;2021-08-24;307;950;50167;44515;65.8;58.4
48;2021-08-25;156;349;50323;44864;66.0;58.8
48;2021-08-26;178;497;50501;45361;66.2;59.5
48;2021-08-27;151;336;50652;45697;66.4;59.9
48;2021-08-28;126;301;50778;45998;66.6;60.3
48;2021-08-29;0;1;50778;45999;66.6;60.3
48;2021-08-30;53;145;50831;46144;66.6;60.5
49;2020-12-27;0;0;0;0;0.0;0.0
49;2020-12-28;2;0;2;0;0.0;0.0
49;2020-12-29;0;0;2;0;0.0;0.0
49;2020-12-30;0;0;2;0;0.0;0.0
49;2020-12-31;0;0;2;0;0.0;0.0
49;2021-01-01;2;0;4;0;0.0;0.0
49;2021-01-02;1;1;5;1;0.0;0.0
49;2021-01-03;0;0;5;1;0.0;0.0
49;2021-01-04;10;0;15;1;0.0;0.0
49;2021-01-05;92;0;107;1;0.0;0.0
49;2021-01-06;232;0;339;1;0.0;0.0
49;2021-01-07;366;0;705;1;0.1;0.0
49;2021-01-08;329;1;1034;2;0.1;0.0
49;2021-01-09;118;0;1152;2;0.1;0.0
49;2021-01-10;114;0;1266;2;0.2;0.0
49;2021-01-11;287;0;1553;2;0.2;0.0
49;2021-01-12;623;0;2176;2;0.3;0.0
49;2021-01-13;602;2;2778;4;0.3;0.0
49;2021-01-14;590;6;3368;10;0.4;0.0
49;2021-01-15;775;1;4143;11;0.5;0.0
49;2021-01-16;147;0;4290;11;0.5;0.0
49;2021-01-17;111;2;4401;13;0.5;0.0
49;2021-01-18;691;0;5092;13;0.6;0.0
49;2021-01-19;1204;1;6296;14;0.8;0.0
49;2021-01-20;1511;3;7807;17;1.0;0.0
49;2021-01-21;1940;4;9747;21;1.2;0.0
49;2021-01-22;1319;5;11066;26;1.4;0.0
49;2021-01-23;263;1;11329;27;1.4;0.0
49;2021-01-24;1;0;11330;27;1.4;0.0
49;2021-01-25;553;4;11883;31;1.5;0.0
49;2021-01-26;987;74;12870;105;1.6;0.0
49;2021-01-27;1856;37;14726;142;1.8;0.0
49;2021-01-28;2877;88;17603;230;2.2;0.0
49;2021-01-29;1589;92;19192;322;2.4;0.0
49;2021-01-30;300;46;19492;368;2.4;0.0
49;2021-01-31;62;51;19554;419;2.4;0.1
49;2021-02-01;662;164;20216;583;2.5;0.1
49;2021-02-02;743;384;20959;967;2.6;0.1
49;2021-02-03;675;379;21634;1346;2.7;0.2
49;2021-02-04;758;446;22392;1792;2.7;0.2
49;2021-02-05;707;598;23099;2390;2.8;0.3
49;2021-02-06;229;111;23328;2501;2.9;0.3
49;2021-02-07;59;83;23387;2584;2.9;0.3
49;2021-02-08;549;479;23936;3063;2.9;0.4
49;2021-02-09;714;647;24650;3710;3.0;0.5
49;2021-02-10;806;949;25456;4659;3.1;0.6
49;2021-02-11;1028;1406;26484;6065;3.2;0.7
49;2021-02-12;870;976;27354;7041;3.4;0.9
49;2021-02-13;266;118;27620;7159;3.4;0.9
49;2021-02-14;9;106;27629;7265;3.4;0.9
49;2021-02-15;731;662;28360;7927;3.5;1.0
49;2021-02-16;1106;1121;29466;9048;3.6;1.1
49;2021-02-17;1159;1873;30625;10921;3.8;1.3
49;2021-02-18;1811;2435;32436;13356;4.0;1.6
49;2021-02-19;1395;1106;33831;14462;4.1;1.8
49;2021-02-20;233;382;34064;14844;4.2;1.8
49;2021-02-21;0;64;34064;14908;4.2;1.8
49;2021-02-22;646;572;34710;15480;4.3;1.9
49;2021-02-23;734;854;35444;16334;4.3;2.0
49;2021-02-24;822;638;36266;16972;4.4;2.1
49;2021-02-25;1208;809;37474;17781;4.6;2.2
49;2021-02-26;1678;847;39152;18628;4.8;2.3
49;2021-02-27;435;283;39587;18911;4.9;2.3
49;2021-02-28;49;37;39636;18948;4.9;2.3
49;2021-03-01;766;584;40402;19532;5.0;2.4
49;2021-03-02;1082;700;41484;20232;5.1;2.5
49;2021-03-03;1559;673;43043;20905;5.3;2.6
49;2021-03-04;1768;937;44811;21842;5.5;2.7
49;2021-03-05;2213;693;47024;22535;5.8;2.8
49;2021-03-06;717;188;47741;22723;5.9;2.8
49;2021-03-07;627;12;48368;22735;5.9;2.8
49;2021-03-08;1397;717;49765;23452;6.1;2.9
49;2021-03-09;2051;737;51816;24189;6.4;3.0
49;2021-03-10;2528;869;54344;25058;6.7;3.1
49;2021-03-11;3195;1471;57539;26529;7.1;3.3
49;2021-03-12;3766;1005;61305;27534;7.5;3.4
49;2021-03-13;1501;219;62806;27753;7.7;3.4
49;2021-03-14;6;0;62812;27753;7.7;3.4
49;2021-03-15;2084;532;64896;28285;8.0;3.5
49;2021-03-16;1733;962;66629;29247;8.2;3.6
49;2021-03-17;1811;673;68440;29920;8.4;3.7
49;2021-03-18;2204;731;70644;30651;8.7;3.8
49;2021-03-19;3333;563;73977;31214;9.1;3.8
49;2021-03-20;1743;204;75720;31418;9.3;3.9
49;2021-03-21;499;22;76219;31440;9.3;3.9
49;2021-03-22;2247;549;78466;31989;9.6;3.9
49;2021-03-23;3405;681;81871;32670;10.0;4.0
49;2021-03-24;3602;499;85473;33169;10.5;4.1
49;2021-03-25;4226;651;89699;33820;11.0;4.1
49;2021-03-26;4885;507;94584;34327;11.6;4.2
49;2021-03-27;1674;98;96258;34425;11.8;4.2
49;2021-03-28;400;28;96658;34453;11.8;4.2
49;2021-03-29;2371;611;99029;35064;12.1;4.3
49;2021-03-30;3267;940;102296;36004;12.5;4.4
49;2021-03-31;2980;750;105276;36754;12.9;4.5
49;2021-04-01;4121;870;109397;37624;13.4;4.6
49;2021-04-02;4295;949;113692;38573;13.9;4.7
49;2021-04-03;971;193;114663;38766;14.1;4.8
49;2021-04-04;315;3;114978;38769;14.1;4.8
49;2021-04-05;943;22;115921;38791;14.2;4.8
49;2021-04-06;2331;1318;118252;40109;14.5;4.9
49;2021-04-07;3308;1365;121560;41474;14.9;5.1
49;2021-04-08;5183;1428;126743;42902;15.5;5.3
49;2021-04-09;6208;1433;132951;44335;16.3;5.4
49;2021-04-10;2068;499;135019;44834;16.5;5.5
49;2021-04-11;390;8;135409;44842;16.6;5.5
49;2021-04-12;4074;1571;139483;46413;17.1;5.7
49;2021-04-13;5380;1911;144863;48324;17.8;5.9
49;2021-04-14;4542;1879;149405;50203;18.3;6.2
49;2021-04-15;5378;1885;154783;52088;19.0;6.4
49;2021-04-16;5761;2140;160544;54228;19.7;6.6
49;2021-04-17;3336;849;163880;55077;20.1;6.8
49;2021-04-18;381;477;164261;55554;20.1;6.8
49;2021-04-19;3710;2056;167971;57610;20.6;7.1
49;2021-04-20;4375;2111;172346;59721;21.1;7.3
49;2021-04-21;3954;2206;176300;61927;21.6;7.6
49;2021-04-22;4834;2109;181134;64036;22.2;7.8
49;2021-04-23;4812;2331;185946;66367;22.8;8.1
49;2021-04-24;2939;1156;188885;67523;23.2;8.3
49;2021-04-25;40;282;188925;67805;23.2;8.3
49;2021-04-26;3743;2112;192668;69917;23.6;8.6
49;2021-04-27;4473;2509;197141;72426;24.2;8.9
49;2021-04-28;4617;2497;201758;74923;24.7;9.2
49;2021-04-29;5207;3023;206965;77946;25.4;9.6
49;2021-04-30;5556;3205;212521;81151;26.0;9.9
49;2021-05-01;2364;666;214885;81817;26.3;10.0
49;2021-05-02;5;40;214890;81857;26.3;10.0
49;2021-05-03;5012;2411;219902;84268;27.0;10.3
49;2021-05-04;4971;3045;224873;87313;27.6;10.7
49;2021-05-05;4787;3006;229660;90319;28.1;11.1
49;2021-05-06;5330;3094;234990;93413;28.8;11.4
49;2021-05-07;4281;5035;239271;98448;29.3;12.1
49;2021-05-08;3576;437;242847;98885;29.8;12.1
49;2021-05-09;10;41;242857;98926;29.8;12.1
49;2021-05-10;4831;4279;247688;103205;30.4;12.6
49;2021-05-11;5397;5091;253085;108296;31.0;13.3
49;2021-05-12;4799;4594;257884;112890;31.6;13.8
49;2021-05-13;4779;688;262663;113578;32.2;13.9
49;2021-05-14;5172;3272;267835;116850;32.8;14.3
49;2021-05-15;4155;1807;271990;118657;33.3;14.5
49;2021-05-16;2788;119;274778;118776;33.7;14.6
49;2021-05-17;4834;3691;279612;122467;34.3;15.0
49;2021-05-18;5473;3771;285085;126238;34.9;15.5
49;2021-05-19;5917;3233;291002;129471;35.7;15.9
49;2021-05-20;6809;2966;297811;132437;36.5;16.2
49;2021-05-21;6452;3744;304263;136181;37.3;16.7
49;2021-05-22;5186;1195;309449;137376;37.9;16.8
49;2021-05-23;1;12;309450;137388;37.9;16.8
49;2021-05-24;4216;449;313666;137837;38.4;16.9
49;2021-05-25;6331;3310;319997;141147;39.2;17.3
49;2021-05-26;6274;2668;326271;143815;40.0;17.6
49;2021-05-27;7111;2725;333382;146540;40.9;18.0
49;2021-05-28;6876;4026;340258;150566;41.7;18.5
49;2021-05-29;5024;1898;345282;152464;42.3;18.7
49;2021-05-30;20;13;345302;152477;42.3;18.7
49;2021-05-31;6038;3222;351340;155699;43.1;19.1
49;2021-06-01;6591;3989;357931;159688;43.9;19.6
49;2021-06-02;5794;3743;363725;163431;44.6;20.0
49;2021-06-03;6605;3424;370330;166855;45.4;20.5
49;2021-06-04;6471;4865;376801;171720;46.2;21.0
49;2021-06-05;4386;2696;381187;174416;46.7;21.4
49;2021-06-06;37;52;381224;174468;46.7;21.4
49;2021-06-07;4632;4760;385856;179228;47.3;22.0
49;2021-06-08;5186;5102;391042;184330;47.9;22.6
49;2021-06-09;5322;4504;396364;188834;48.6;23.1
49;2021-06-10;6001;3782;402365;192616;49.3;23.6
49;2021-06-11;4868;6038;407233;198654;49.9;24.3
49;2021-06-12;4100;3202;411333;201856;50.4;24.7
49;2021-06-13;19;989;411352;202845;50.4;24.9
49;2021-06-14;3411;6017;414763;208862;50.8;25.6
49;2021-06-15;4243;6400;419006;215262;51.4;26.4
49;2021-06-16;4152;5682;423158;220944;51.9;27.1
49;2021-06-17;5068;5079;428226;226023;52.5;27.7
49;2021-06-18;4133;6889;432359;232912;53.0;28.5
49;2021-06-19;3525;3973;435884;236885;53.4;29.0
49;2021-06-20;33;25;435917;236910;53.4;29.0
49;2021-06-21;2829;6512;438746;243422;53.8;29.8
49;2021-06-22;3206;7008;441952;250430;54.2;30.7
49;2021-06-23;3254;6314;445206;256744;54.6;31.5
49;2021-06-24;4318;4980;449524;261724;55.1;32.1
49;2021-06-25;3324;7451;452848;269175;55.5;33.0
49;2021-06-26;2570;4627;455418;273802;55.8;33.6
49;2021-06-27;15;1544;455433;275346;55.8;33.7
49;2021-06-28;2234;7187;457667;282533;56.1;34.6
49;2021-06-29;3029;7275;460696;289808;56.5;35.5
49;2021-06-30;2827;6805;463523;296613;56.8;36.4
49;2021-07-01;3390;6273;466913;302886;57.2;37.1
49;2021-07-02;3068;8072;469981;310958;57.6;38.1
49;2021-07-03;2007;5484;471988;316442;57.9;38.8
49;2021-07-04;7;53;471995;316495;57.9;38.8
49;2021-07-05;1742;7081;473737;323576;58.1;39.7
49;2021-07-06;1897;7552;475634;331128;58.3;40.6
49;2021-07-07;2100;6626;477734;337754;58.6;41.4
49;2021-07-08;2693;6358;480427;344112;58.9;42.2
49;2021-07-09;2361;8251;482788;352363;59.2;43.2
49;2021-07-10;1795;5344;484583;357707;59.4;43.8
49;2021-07-11;11;35;484594;357742;59.4;43.8
49;2021-07-12;1942;7715;486536;365457;59.6;44.8
49;2021-07-13;2568;8309;489104;373766;59.9;45.8
49;2021-07-14;2891;3374;491995;377140;60.3;46.2
49;2021-07-15;3157;7555;495152;384695;60.7;47.2
49;2021-07-16;3388;8302;498540;392997;61.1;48.2
49;2021-07-17;2097;5483;500637;398480;61.4;48.8
49;2021-07-18;3750;581;504387;399061;61.8;48.9
49;2021-07-19;2636;7449;507023;406510;62.1;49.8
49;2021-07-20;3576;7481;510599;413991;62.6;50.7
49;2021-07-21;4212;6466;514811;420457;63.1;51.5
49;2021-07-22;4786;5862;519597;426319;63.7;52.3
49;2021-07-23;5101;6626;524698;432945;64.3;53.1
49;2021-07-24;3685;4999;528383;437944;64.8;53.7
49;2021-07-25;67;33;528450;437977;64.8;53.7
49;2021-07-26;4501;5899;532951;443876;65.3;54.4
49;2021-07-27;5737;5448;538688;449324;66.0;55.1
49;2021-07-28;6000;4358;544688;453682;66.8;55.6
49;2021-07-29;6673;4151;551361;457833;67.6;56.1
49;2021-07-30;6057;4786;557418;462619;68.3;56.7
49;2021-07-31;3953;3422;561371;466041;68.8;57.1
49;2021-08-01;19;22;561390;466063;68.8;57.1
49;2021-08-02;4267;4656;565657;470719;69.3;57.7
49;2021-08-03;5428;3806;571085;474525;70.0;58.2
49;2021-08-04;5230;3713;576315;478238;70.6;58.6
49;2021-08-05;5241;3288;581556;481526;71.3;59.0
49;2021-08-06;5708;4278;587264;485804;72.0;59.5
49;2021-08-07;3911;3039;591175;488843;72.5;59.9
49;2021-08-08;23;36;591198;488879;72.5;59.9
49;2021-08-09;3489;4676;594687;493555;72.9;60.5
49;2021-08-10;4170;3893;598857;497448;73.4;61.0
49;2021-08-11;3916;3645;602773;501093;73.9;61.4
49;2021-08-12;2632;3052;605405;504145;74.2;61.8
49;2021-08-13;3811;4262;609216;508407;74.7;62.3
49;2021-08-14;2267;3147;611483;511554;74.9;62.7
49;2021-08-15;29;26;611512;511580;75.0;62.7
49;2021-08-16;2716;5060;614228;516640;75.3;63.3
49;2021-08-17;3259;4909;617487;521549;75.7;63.9
49;2021-08-18;2967;4113;620454;525662;76.0;64.4
49;2021-08-19;1536;3656;621990;529318;76.2;64.9
49;2021-08-20;2725;5775;624715;535093;76.6;65.6
49;2021-08-21;1378;4150;626093;539243;76.7;66.1
49;2021-08-22;6;41;626099;539284;76.7;66.1
49;2021-08-23;2248;5624;628347;544908;77.0;66.8
49;2021-08-24;2732;5776;631079;550684;77.3;67.5
49;2021-08-25;2325;5424;633404;556108;77.6;68.2
49;2021-08-26;1704;4827;635108;560935;77.8;68.8
49;2021-08-27;2414;6803;637522;567738;78.1;69.6
49;2021-08-28;900;4302;638422;572040;78.2;70.1
49;2021-08-29;4;94;638426;572134;78.2;70.1
49;2021-08-30;1139;4288;639565;576422;78.4;70.7
50;2020-12-27;0;0;0;0;0.0;0.0
50;2020-12-28;0;0;0;0;0.0;0.0
50;2020-12-29;1;0;1;0;0.0;0.0
50;2020-12-30;0;0;1;0;0.0;0.0
50;2020-12-31;0;0;1;0;0.0;0.0
50;2021-01-01;0;0;1;0;0.0;0.0
50;2021-01-02;0;0;1;0;0.0;0.0
50;2021-01-03;0;0;1;0;0.0;0.0
50;2021-01-04;1;0;2;0;0.0;0.0
50;2021-01-05;0;0;2;0;0.0;0.0
50;2021-01-06;126;0;128;0;0.0;0.0
50;2021-01-07;323;0;451;0;0.1;0.0
50;2021-01-08;436;2;887;2;0.2;0.0
50;2021-01-09;236;0;1123;2;0.2;0.0
50;2021-01-10;23;0;1146;2;0.2;0.0
50;2021-01-11;391;1;1537;3;0.3;0.0
50;2021-01-12;600;0;2137;3;0.4;0.0
50;2021-01-13;694;4;2831;7;0.6;0.0
50;2021-01-14;1046;5;3877;12;0.8;0.0
50;2021-01-15;709;2;4586;14;0.9;0.0
50;2021-01-16;215;3;4801;17;1.0;0.0
50;2021-01-17;1;0;4802;17;1.0;0.0
50;2021-01-18;619;1;5421;18;1.1;0.0
50;2021-01-19;897;3;6318;21;1.3;0.0
50;2021-01-20;965;0;7283;21;1.5;0.0
50;2021-01-21;917;4;8200;25;1.7;0.0
50;2021-01-22;713;2;8913;27;1.8;0.0
50;2021-01-23;667;4;9580;31;2.0;0.0
50;2021-01-24;880;3;10460;34;2.1;0.0
50;2021-01-25;2711;10;13171;44;2.7;0.0
50;2021-01-26;1336;15;14507;59;3.0;0.0
50;2021-01-27;766;56;15273;115;3.1;0.0
50;2021-01-28;718;170;15991;285;3.3;0.1
50;2021-01-29;580;303;16571;588;3.4;0.1
50;2021-01-30;381;164;16952;752;3.5;0.2
50;2021-01-31;0;0;16952;752;3.5;0.2
50;2021-02-01;449;224;17401;976;3.5;0.2
50;2021-02-02;416;232;17817;1208;3.6;0.2
50;2021-02-03;390;376;18207;1584;3.7;0.3
50;2021-02-04;485;446;18692;2030;3.8;0.4
50;2021-02-05;423;447;19115;2477;3.9;0.5
50;2021-02-06;179;114;19294;2591;3.9;0.5
50;2021-02-07;0;0;19294;2591;3.9;0.5
50;2021-02-08;255;503;19549;3094;4.0;0.6
50;2021-02-09;246;640;19795;3734;4.0;0.8
50;2021-02-10;570;554;20365;4288;4.2;0.9
50;2021-02-11;438;915;20803;5203;4.2;1.1
50;2021-02-12;329;669;21132;5872;4.3;1.2
50;2021-02-13;306;487;21438;6359;4.4;1.3
50;2021-02-14;185;826;21623;7185;4.4;1.5
50;2021-02-15;663;2027;22286;9212;4.5;1.9
50;2021-02-16;746;1618;23032;10830;4.7;2.2
50;2021-02-17;632;818;23664;11648;4.8;2.4
50;2021-02-18;569;808;24233;12456;4.9;2.5
50;2021-02-19;630;511;24863;12967;5.1;2.6
50;2021-02-20;423;190;25286;13157;5.2;2.7
50;2021-02-21;85;29;25371;13186;5.2;2.7
50;2021-02-22;291;714;25662;13900;5.2;2.8
50;2021-02-23;502;561;26164;14461;5.3;2.9
50;2021-02-24;624;571;26788;15032;5.5;3.1
50;2021-02-25;778;591;27566;15623;5.6;3.2
50;2021-02-26;999;394;28565;16017;5.8;3.3
50;2021-02-27;887;114;29452;16131;6.0;3.3
50;2021-02-28;111;0;29563;16131;6.0;3.3
50;2021-03-01;488;559;30051;16690;6.1;3.4
50;2021-03-02;651;518;30702;17208;6.3;3.5
50;2021-03-03;797;456;31499;17664;6.4;3.6
50;2021-03-04;1248;341;32747;18005;6.7;3.7
50;2021-03-05;1553;350;34300;18355;7.0;3.7
50;2021-03-06;1319;160;35619;18515;7.3;3.8
50;2021-03-07;550;42;36169;18557;7.4;3.8
50;2021-03-08;1025;625;37194;19182;7.6;3.9
50;2021-03-09;1558;579;38752;19761;7.9;4.0
50;2021-03-10;1608;322;40360;20083;8.2;4.1
50;2021-03-11;2352;360;42712;20443;8.7;4.2
50;2021-03-12;2866;249;45578;20692;9.3;4.2
50;2021-03-13;1993;138;47571;20830;9.7;4.2
50;2021-03-14;280;41;47851;20871;9.8;4.3
50;2021-03-15;1378;298;49229;21169;10.0;4.3
50;2021-03-16;1341;284;50570;21453;10.3;4.4
50;2021-03-17;1295;412;51865;21865;10.6;4.5
50;2021-03-18;1162;431;53027;22296;10.8;4.5
50;2021-03-19;1734;592;54761;22888;11.2;4.7
50;2021-03-20;1686;232;56447;23120;11.5;4.7
50;2021-03-21;794;12;57241;23132;11.7;4.7
50;2021-03-22;1508;337;58749;23469;12.0;4.8
50;2021-03-23;2076;398;60825;23867;12.4;4.9
50;2021-03-24;2281;556;63106;24423;12.9;5.0
50;2021-03-25;2812;472;65918;24895;13.4;5.1
50;2021-03-26;3206;470;69124;25365;14.1;5.2
50;2021-03-27;1823;376;70947;25741;14.5;5.2
50;2021-03-28;403;20;71350;25761;14.5;5.3
50;2021-03-29;2139;721;73489;26482;15.0;5.4
50;2021-03-30;2283;648;75772;27130;15.4;5.5
50;2021-03-31;2478;572;78250;27702;15.9;5.6
50;2021-04-01;3105;865;81355;28567;16.6;5.8
50;2021-04-02;2963;935;84318;29502;17.2;6.0
50;2021-04-03;1245;687;85563;30189;17.4;6.2
50;2021-04-04;321;136;85884;30325;17.5;6.2
50;2021-04-05;400;27;86284;30352;17.6;6.2
50;2021-04-06;2129;1224;88413;31576;18.0;6.4
50;2021-04-07;2559;1177;90972;32753;18.5;6.7
50;2021-04-08;3597;1216;94569;33969;19.3;6.9
50;2021-04-09;3936;1300;98505;35269;20.1;7.2
50;2021-04-10;2533;877;101038;36146;20.6;7.4
50;2021-04-11;411;145;101449;36291;20.7;7.4
50;2021-04-12;2439;1380;103888;37671;21.2;7.7
50;2021-04-13;2677;1526;106565;39197;21.7;8.0
50;2021-04-14;2608;1356;109173;40553;22.2;8.3
50;2021-04-15;3162;1118;112335;41671;22.9;8.5
50;2021-04-16;3365;1103;115700;42774;23.6;8.7
50;2021-04-17;2399;1185;118099;43959;24.1;9.0
50;2021-04-18;425;664;118524;44623;24.2;9.1
50;2021-04-19;1998;1472;120522;46095;24.6;9.4
50;2021-04-20;2276;1591;122798;47686;25.0;9.7
50;2021-04-21;2552;1760;125350;49446;25.5;10.1
50;2021-04-22;3079;1826;128429;51272;26.2;10.4
50;2021-04-23;2757;1918;131186;53190;26.7;10.8
50;2021-04-24;1900;1435;133086;54625;27.1;11.1
50;2021-04-25;470;273;133556;54898;27.2;11.2
50;2021-04-26;2120;1889;135676;56787;27.7;11.6
50;2021-04-27;2413;2003;138089;58790;28.1;12.0
50;2021-04-28;2707;1976;140796;60766;28.7;12.4
50;2021-04-29;3285;2044;144081;62810;29.4;12.8
50;2021-04-30;3000;1933;147081;64743;30.0;13.2
50;2021-05-01;1015;596;148096;65339;30.2;13.3
50;2021-05-02;523;448;148619;65787;30.3;13.4
50;2021-05-03;1771;1804;150390;67591;30.6;13.8
50;2021-05-04;1771;2333;152161;69924;31.0;14.3
50;2021-05-05;1661;2954;153822;72878;31.3;14.9
50;2021-05-06;2532;2585;156354;75463;31.9;15.4
50;2021-05-07;2149;2861;158503;78324;32.3;16.0
50;2021-05-08;1171;792;159674;79116;32.5;16.1
50;2021-05-09;624;363;160298;79479;32.7;16.2
50;2021-05-10;1705;2605;162003;82084;33.0;16.7
50;2021-05-11;2543;2848;164546;84932;33.5;17.3
50;2021-05-12;3180;2437;167726;87369;34.2;17.8
50;2021-05-13;3382;610;171108;87979;34.9;17.9
50;2021-05-14;3571;2279;174679;90258;35.6;18.4
50;2021-05-15;4000;1872;178679;92130;36.4;18.8
50;2021-05-16;947;267;179626;92397;36.6;18.8
50;2021-05-17;2140;1878;181766;94275;37.0;19.2
50;2021-05-18;2524;1619;184290;95894;37.6;19.5
50;2021-05-19;2503;1446;186793;97340;38.1;19.8
50;2021-05-20;3261;1624;190054;98964;38.7;20.2
50;2021-05-21;3158;1912;193212;100876;39.4;20.6
50;2021-05-22;2651;1329;195863;102205;39.9;20.8
50;2021-05-23;603;284;196466;102489;40.0;20.9
50;2021-05-24;1527;490;197993;102979;40.4;21.0
50;2021-05-25;2450;1672;200443;104651;40.9;21.3
50;2021-05-26;3000;1456;203443;106107;41.5;21.6
50;2021-05-27;3034;1976;206477;108083;42.1;22.0
50;2021-05-28;2946;2126;209423;110209;42.7;22.5
50;2021-05-29;2760;1404;212183;111613;43.2;22.7
50;2021-05-30;812;327;212995;111940;43.4;22.8
50;2021-05-31;2652;1818;215647;113758;43.9;23.2
50;2021-06-01;3332;2067;218979;115825;44.6;23.6
50;2021-06-02;3260;1792;222239;117617;45.3;24.0
50;2021-06-03;3914;2064;226153;119681;46.1;24.4
50;2021-06-04;3823;2887;229976;122568;46.9;25.0
50;2021-06-05;2961;1847;232937;124415;47.5;25.4
50;2021-06-06;813;443;233750;124858;47.6;25.4
50;2021-06-07;3513;2084;237263;126942;48.4;25.9
50;2021-06-08;4071;2228;241334;129170;49.2;26.3
50;2021-06-09;4255;1998;245589;131168;50.1;26.7
50;2021-06-10;4198;2119;249787;133287;50.9;27.2
50;2021-06-11;4226;2715;254013;136002;51.8;27.7
50;2021-06-12;3738;1610;257751;137612;52.5;28.0
50;2021-06-13;1143;451;258894;138063;52.8;28.1
50;2021-06-14;2693;2966;261587;141029;53.3;28.7
50;2021-06-15;3020;2604;264607;143633;53.9;29.3
50;2021-06-16;3096;1975;267703;145608;54.6;29.7
50;2021-06-17;2796;2488;270499;148096;55.1;30.2
50;2021-06-18;3240;3053;273739;151149;55.8;30.8
50;2021-06-19;3178;1925;276917;153074;56.4;31.2
50;2021-06-20;731;710;277648;153784;56.6;31.3
50;2021-06-21;1819;3133;279467;156917;57.0;32.0
50;2021-06-22;2064;3393;281531;160310;57.4;32.7
50;2021-06-23;1873;3875;283404;164185;57.8;33.5
50;2021-06-24;1713;4010;285117;168195;58.1;34.3
50;2021-06-25;2135;4010;287252;172205;58.5;35.1
50;2021-06-26;2145;3697;289397;175902;59.0;35.8
50;2021-06-27;616;895;290013;176797;59.1;36.0
50;2021-06-28;1926;3349;291939;180146;59.5;36.7
50;2021-06-29;1882;3407;293821;183553;59.9;37.4
50;2021-06-30;2183;3408;296004;186961;60.3;38.1
50;2021-07-01;1948;3285;297952;190246;60.7;38.8
50;2021-07-02;1899;3932;299851;194178;61.1;39.6
50;2021-07-03;1447;3447;301298;197625;61.4;40.3
50;2021-07-04;445;1066;301743;198691;61.5;40.5
50;2021-07-05;1263;3410;303006;202101;61.8;41.2
50;2021-07-06;1576;3894;304582;205995;62.1;42.0
50;2021-07-07;1803;3618;306385;209613;62.4;42.7
50;2021-07-08;1378;4106;307763;213719;62.7;43.6
50;2021-07-09;1394;4573;309157;218292;63.0;44.5
50;2021-07-10;1025;3599;310182;221891;63.2;45.2
50;2021-07-11;372;1018;310554;222909;63.3;45.4
50;2021-07-12;1316;4625;311870;227534;63.6;46.4
50;2021-07-13;1626;4859;313496;232393;63.9;47.4
50;2021-07-14;1476;2358;314972;234751;64.2;47.8
50;2021-07-15;1684;5055;316656;239806;64.5;48.9
50;2021-07-16;2989;5245;319645;245051;65.1;49.9
50;2021-07-17;2148;3730;321793;248781;65.6;50.7
50;2021-07-18;402;1092;322195;249873;65.7;50.9
50;2021-07-19;1573;5183;323768;255056;66.0;52.0
50;2021-07-20;1930;5413;325698;260469;66.4;53.1
50;2021-07-21;1799;5259;327497;265728;66.7;54.2
50;2021-07-22;1948;5007;329445;270735;67.1;55.2
50;2021-07-23;2070;5384;331515;276119;67.6;56.3
50;2021-07-24;1310;3834;332825;279953;67.8;57.1
50;2021-07-25;274;1037;333099;280990;67.9;57.3
50;2021-07-26;2289;3489;335388;284479;68.4;58.0
50;2021-07-27;2895;3347;338283;287826;68.9;58.7
50;2021-07-28;2990;3691;341273;291517;69.6;59.4
50;2021-07-29;3578;3232;344851;294749;70.3;60.1
50;2021-07-30;3073;3008;347924;297757;70.9;60.7
50;2021-07-31;2403;2673;350327;300430;71.4;61.2
50;2021-08-01;481;685;350808;301115;71.5;61.4
50;2021-08-02;2462;2740;353270;303855;72.0;61.9
50;2021-08-03;3387;2468;356657;306323;72.7;62.4
50;2021-08-04;3593;2327;360250;308650;73.4;62.9
50;2021-08-05;3170;2162;363420;310812;74.1;63.3
50;2021-08-06;3629;2799;367049;313611;74.8;63.9
50;2021-08-07;2443;2163;369492;315774;75.3;64.4
50;2021-08-08;510;714;370002;316488;75.4;64.5
50;2021-08-09;2480;2132;372482;318620;75.9;64.9
50;2021-08-10;2934;1989;375416;320609;76.5;65.3
50;2021-08-11;2813;2021;378229;322630;77.1;65.8
50;2021-08-12;2558;2440;380787;325070;77.6;66.3
50;2021-08-13;2447;1984;383234;327054;78.1;66.7
50;2021-08-14;1800;1747;385034;328801;78.5;67.0
50;2021-08-15;399;334;385433;329135;78.6;67.1
50;2021-08-16;1691;2233;387124;331368;78.9;67.5
50;2021-08-17;1946;2694;389070;334062;79.3;68.1
50;2021-08-18;1807;2387;390877;336449;79.7;68.6
50;2021-08-19;1686;2569;392563;339018;80.0;69.1
50;2021-08-20;1594;2740;394157;341758;80.3;69.7
50;2021-08-21;1005;2727;395162;344485;80.5;70.2
50;2021-08-22;384;518;395546;345003;80.6;70.3
50;2021-08-23;1135;2899;396681;347902;80.8;70.9
50;2021-08-24;1236;3219;397917;351121;81.1;71.6
50;2021-08-25;1073;2648;398990;353769;81.3;72.1
50;2021-08-26;855;3154;399845;356923;81.5;72.7
50;2021-08-27;929;3179;400774;360102;81.7;73.4
50;2021-08-28;788;2887;401562;362989;81.8;74.0
50;2021-08-29;282;573;401844;363562;81.9;74.1
50;2021-08-30;765;2940;402609;366502;82.1;74.7
51;2020-12-27;0;0;0;0;0.0;0.0
51;2020-12-28;0;0;0;0;0.0;0.0
51;2020-12-29;0;0;0;0;0.0;0.0
51;2020-12-30;0;0;0;0;0.0;0.0
51;2020-12-31;1;0;1;0;0.0;0.0
51;2021-01-01;0;0;1;0;0.0;0.0
51;2021-01-02;0;0;1;0;0.0;0.0
51;2021-01-03;0;0;1;0;0.0;0.0
51;2021-01-04;1;0;2;0;0.0;0.0
51;2021-01-05;1;0;3;0;0.0;0.0
51;2021-01-06;6;0;9;0;0.0;0.0
51;2021-01-07;262;1;271;1;0.0;0.0
51;2021-01-08;507;1;778;2;0.1;0.0
51;2021-01-09;91;0;869;2;0.2;0.0
51;2021-01-10;0;0;869;2;0.2;0.0
51;2021-01-11;545;2;1414;4;0.3;0.0
51;2021-01-12;1539;4;2953;8;0.5;0.0
51;2021-01-13;1290;5;4243;13;0.8;0.0
51;2021-01-14;1475;6;5718;19;1.0;0.0
51;2021-01-15;607;3;6325;22;1.1;0.0
51;2021-01-16;177;1;6502;23;1.2;0.0
51;2021-01-17;102;0;6604;23;1.2;0.0
51;2021-01-18;845;3;7449;26;1.3;0.0
51;2021-01-19;998;4;8447;30;1.5;0.0
51;2021-01-20;943;9;9390;39;1.7;0.0
51;2021-01-21;790;3;10180;42;1.8;0.0
51;2021-01-22;391;2;10571;44;1.9;0.0
51;2021-01-23;294;0;10865;44;1.9;0.0
51;2021-01-24;130;1;10995;45;2.0;0.0
51;2021-01-25;712;3;11707;48;2.1;0.0
51;2021-01-26;780;5;12487;53;2.2;0.0
51;2021-01-27;656;4;13143;57;2.3;0.0
51;2021-01-28;646;68;13789;125;2.4;0.0
51;2021-01-29;474;142;14263;267;2.5;0.0
51;2021-01-30;126;5;14389;272;2.6;0.0
51;2021-01-31;83;0;14472;272;2.6;0.0
51;2021-02-01;275;58;14747;330;2.6;0.1
51;2021-02-02;738;721;15485;1051;2.7;0.2
51;2021-02-03;642;469;16127;1520;2.9;0.3
51;2021-02-04;968;815;17095;2335;3.0;0.4
51;2021-02-05;973;513;18068;2848;3.2;0.5
51;2021-02-06;30;146;18098;2994;3.2;0.5
51;2021-02-07;0;18;18098;3012;3.2;0.5
51;2021-02-08;115;413;18213;3425;3.2;0.6
51;2021-02-09;222;471;18435;3896;3.3;0.7
51;2021-02-10;219;639;18654;4535;3.3;0.8
51;2021-02-11;299;527;18953;5062;3.4;0.9
51;2021-02-12;341;563;19294;5625;3.4;1.0
51;2021-02-13;8;113;19302;5738;3.4;1.0
51;2021-02-14;8;169;19310;5907;3.4;1.0
51;2021-02-15;266;849;19576;6756;3.5;1.2
51;2021-02-16;401;968;19977;7724;3.5;1.4
51;2021-02-17;367;873;20344;8597;3.6;1.5
51;2021-02-18;437;593;20781;9190;3.7;1.6
51;2021-02-19;530;424;21311;9614;3.8;1.7
51;2021-02-20;205;293;21516;9907;3.8;1.8
51;2021-02-21;10;101;21526;10008;3.8;1.8
51;2021-02-22;195;687;21721;10695;3.9;1.9
51;2021-02-23;262;1095;21983;11790;3.9;2.1
51;2021-02-24;413;687;22396;12477;4.0;2.2
51;2021-02-25;1050;888;23446;13365;4.2;2.4
51;2021-02-26;1227;666;24673;14031;4.4;2.5
51;2021-02-27;590;124;25263;14155;4.5;2.5
51;2021-02-28;7;71;25270;14226;4.5;2.5
51;2021-03-01;767;311;26037;14537;4.6;2.6
51;2021-03-02;1128;463;27165;15000;4.8;2.7
51;2021-03-03;1193;467;28358;15467;5.0;2.7
51;2021-03-04;1060;700;29418;16167;5.2;2.9
51;2021-03-05;1559;670;30977;16837;5.5;3.0
51;2021-03-06;1433;59;32410;16896;5.7;3.0
51;2021-03-07;250;6;32660;16902;5.8;3.0
51;2021-03-08;992;100;33652;17002;6.0;3.0
51;2021-03-09;1664;191;35316;17193;6.3;3.0
51;2021-03-10;1994;104;37310;17297;6.6;3.1
51;2021-03-11;2370;167;39680;17464;7.0;3.1
51;2021-03-12;3251;159;42931;17623;7.6;3.1
51;2021-03-13;2550;52;45481;17675;8.1;3.1
51;2021-03-14;190;5;45671;17680;8.1;3.1
51;2021-03-15;1580;148;47251;17828;8.4;3.2
51;2021-03-16;1479;185;48730;18013;8.6;3.2
51;2021-03-17;1497;207;50227;18220;8.9;3.2
51;2021-03-18;1615;286;51842;18506;9.2;3.3
51;2021-03-19;2310;301;54152;18807;9.6;3.3
51;2021-03-20;1662;216;55814;19023;9.9;3.4
51;2021-03-21;133;4;55947;19027;9.9;3.4
51;2021-03-22;1417;122;57364;19149;10.2;3.4
51;2021-03-23;2467;164;59831;19313;10.6;3.4
51;2021-03-24;2844;133;62675;19446;11.1;3.4
51;2021-03-25;3254;337;65929;19783;11.7;3.5
51;2021-03-26;3412;504;69341;20287;12.3;3.6
51;2021-03-27;1843;253;71184;20540;12.6;3.6
51;2021-03-28;213;3;71397;20543;12.7;3.6
51;2021-03-29;991;639;72388;21182;12.8;3.8
51;2021-03-30;1748;857;74136;22039;13.1;3.9
51;2021-03-31;1738;760;75874;22799;13.5;4.0
51;2021-04-01;2282;448;78156;23247;13.9;4.1
51;2021-04-02;2425;641;80581;23888;14.3;4.2
51;2021-04-03;1304;412;81885;24300;14.5;4.3
51;2021-04-04;106;2;81991;24302;14.5;4.3
51;2021-04-05;72;141;82063;24443;14.6;4.3
51;2021-04-06;763;1234;82826;25677;14.7;4.6
51;2021-04-07;1313;1411;84139;27088;14.9;4.8
51;2021-04-08;2206;1771;86345;28859;15.3;5.1
51;2021-04-09;2863;1733;89208;30592;15.8;5.4
51;2021-04-10;2218;500;91426;31092;16.2;5.5
51;2021-04-11;105;85;91531;31177;16.2;5.5
51;2021-04-12;1450;1343;92981;32520;16.5;5.8
51;2021-04-13;1936;1682;94917;34202;16.8;6.1
51;2021-04-14;2459;1555;97376;35757;17.3;6.3
51;2021-04-15;2855;1671;100231;37428;17.8;6.6
51;2021-04-16;3215;1599;103446;39027;18.3;6.9
51;2021-04-17;1965;774;105411;39801;18.7;7.1
51;2021-04-18;296;113;105707;39914;18.7;7.1
51;2021-04-19;1561;1163;107268;41077;19.0;7.3
51;2021-04-20;1794;1664;109062;42741;19.3;7.6
51;2021-04-21;2006;1744;111068;44485;19.7;7.9
51;2021-04-22;2406;1657;113474;46142;20.1;8.2
51;2021-04-23;2982;1829;116456;47971;20.7;8.5
51;2021-04-24;1750;953;118206;48924;21.0;8.7
51;2021-04-25;123;161;118329;49085;21.0;8.7
51;2021-04-26;1851;761;120180;49846;21.3;8.8
51;2021-04-27;2442;1235;122622;51081;21.7;9.1
51;2021-04-28;2552;1310;125174;52391;22.2;9.3
51;2021-04-29;2674;1464;127848;53855;22.7;9.6
51;2021-04-30;2976;1676;130824;55531;23.2;9.8
51;2021-05-01;1454;413;132278;55944;23.5;9.9
51;2021-05-02;107;99;132385;56043;23.5;9.9
51;2021-05-03;2484;765;134869;56808;23.9;10.1
51;2021-05-04;2788;1355;137657;58163;24.4;10.3
51;2021-05-05;2860;1641;140517;59804;24.9;10.6
51;2021-05-06;5344;1950;145861;61754;25.9;11.0
51;2021-05-07;3704;1938;149565;63692;26.5;11.3
51;2021-05-08;2861;819;152426;64511;27.0;11.4
51;2021-05-09;211;92;152637;64603;27.1;11.5
51;2021-05-10;3215;1867;155852;66470;27.6;11.8
51;2021-05-11;3640;2042;159492;68512;28.3;12.2
51;2021-05-12;4184;2239;163676;70751;29.0;12.5
51;2021-05-13;1776;503;165452;71254;29.3;12.6
51;2021-05-14;5402;1750;170854;73004;30.3;12.9
51;2021-05-15;4228;1355;175082;74359;31.1;13.2
51;2021-05-16;284;46;175366;74405;31.1;13.2
51;2021-05-17;3132;1528;178498;75933;31.7;13.5
51;2021-05-18;3917;1772;182415;77705;32.4;13.8
51;2021-05-19;4031;1734;186446;79439;33.1;14.1
51;2021-05-20;4650;1969;191096;81408;33.9;14.4
51;2021-05-21;3597;2484;194693;83892;34.5;14.9
51;2021-05-22;2076;1548;196769;85440;34.9;15.2
51;2021-05-23;308;210;197077;85650;35.0;15.2
51;2021-05-24;2019;717;199096;86367;35.3;15.3
51;2021-05-25;3130;1828;202226;88195;35.9;15.6
51;2021-05-26;3298;1716;205524;89911;36.5;15.9
51;2021-05-27;3268;2063;208792;91974;37.0;16.3
51;2021-05-28;3607;2825;212399;94799;37.7;16.8
51;2021-05-29;2402;1996;214801;96795;38.1;17.2
51;2021-05-30;401;133;215202;96928;38.2;17.2
51;2021-05-31;3350;1785;218552;98713;38.8;17.5
51;2021-06-01;3855;2334;222407;101047;39.4;17.9
51;2021-06-02;6098;2328;228505;103375;40.5;18.3
51;2021-06-03;3581;2430;232086;105805;41.2;18.8
51;2021-06-04;6346;2946;238432;108751;42.3;19.3
51;2021-06-05;2599;1818;241031;110569;42.7;19.6
51;2021-06-06;172;157;241203;110726;42.8;19.6
51;2021-06-07;4303;2165;245506;112891;43.5;20.0
51;2021-06-08;3925;2534;249431;115425;44.2;20.5
51;2021-06-09;4018;2750;253449;118175;45.0;21.0
51;2021-06-10;3206;2487;256655;120662;45.5;21.4
51;2021-06-11;3358;3429;260013;124091;46.1;22.0
51;2021-06-12;2166;2171;262179;126262;46.5;22.4
51;2021-06-13;191;149;262370;126411;46.5;22.4
51;2021-06-14;1627;3334;263997;129745;46.8;23.0
51;2021-06-15;3191;3576;267188;133321;47.4;23.6
51;2021-06-16;2208;3685;269396;137006;47.8;24.3
51;2021-06-17;2609;5406;272005;142412;48.2;25.3
51;2021-06-18;2357;5211;274362;147623;48.7;26.2
51;2021-06-19;1683;4427;276045;152050;49.0;27.0
51;2021-06-20;184;228;276229;152278;49.0;27.0
51;2021-06-21;1231;4441;277460;156719;49.2;27.8
51;2021-06-22;1558;4043;279018;160762;49.5;28.5
51;2021-06-23;3670;4239;282688;165001;50.1;29.3
51;2021-06-24;2246;3227;284934;168228;50.5;29.8
51;2021-06-25;1907;6525;286841;174753;50.9;31.0
51;2021-06-26;1204;5067;288045;179820;51.1;31.9
51;2021-06-27;103;336;288148;180156;51.1;32.0
51;2021-06-28;1401;4414;289549;184570;51.4;32.7
51;2021-06-29;1173;4463;290722;189033;51.6;33.5
51;2021-06-30;1687;6044;292409;195077;51.9;34.6
51;2021-07-01;1978;3767;294387;198844;52.2;35.3
51;2021-07-02;1836;6891;296223;205735;52.5;36.5
51;2021-07-03;1003;3198;297226;208933;52.7;37.1
51;2021-07-04;171;254;297397;209187;52.7;37.1
51;2021-07-05;768;5528;298165;214715;52.9;38.1
51;2021-07-06;1247;4782;299412;219497;53.1;38.9
51;2021-07-07;1615;4939;301027;224436;53.4;39.8
51;2021-07-08;2069;3432;303096;227868;53.8;40.4
51;2021-07-09;1854;5056;304950;232924;54.1;41.3
51;2021-07-10;1235;3205;306185;236129;54.3;41.9
51;2021-07-11;191;281;306376;236410;54.3;41.9
51;2021-07-12;994;4377;307370;240787;54.5;42.7
51;2021-07-13;1476;4773;308846;245560;54.8;43.6
51;2021-07-14;1070;1689;309916;247249;55.0;43.9
51;2021-07-15;2937;4913;312853;252162;55.5;44.7
51;2021-07-16;2362;5274;315215;257436;55.9;45.7
51;2021-07-17;1820;3483;317035;260919;56.2;46.3
51;2021-07-18;163;330;317198;261249;56.3;46.3
51;2021-07-19;1892;3979;319090;265228;56.6;47.0
51;2021-07-20;2584;5139;321674;270367;57.1;48.0
51;2021-07-21;3615;4066;325289;274433;57.7;48.7
51;2021-07-22;4412;3757;329701;278190;58.5;49.3
51;2021-07-23;3643;4382;333344;282572;59.1;50.1
51;2021-07-24;2085;2722;335429;285294;59.5;50.6
51;2021-07-25;356;257;335785;285551;59.6;50.6
51;2021-07-26;3115;2811;338900;288362;60.1;51.1
51;2021-07-27;5846;3271;344746;291633;61.1;51.7
51;2021-07-28;4135;4319;348881;295952;61.9;52.5
51;2021-07-29;4694;2722;353575;298674;62.7;53.0
51;2021-07-30;3619;3157;357194;301831;63.4;53.5
51;2021-07-31;2528;2131;359722;303962;63.8;53.9
51;2021-08-01;375;235;360097;304197;63.9;54.0
51;2021-08-02;3282;2310;363379;306507;64.4;54.4
51;2021-08-03;3775;1912;367154;308419;65.1;54.7
51;2021-08-04;4452;2124;371606;310543;65.9;55.1
51;2021-08-05;2648;1539;374254;312082;66.4;55.4
51;2021-08-06;3040;2553;377294;314635;66.9;55.8
51;2021-08-07;2160;1693;379454;316328;67.3;56.1
51;2021-08-08;366;209;379820;316537;67.4;56.1
51;2021-08-09;2599;1847;382419;318384;67.8;56.5
51;2021-08-10;2361;1983;384780;320367;68.2;56.8
51;2021-08-11;2906;2335;387686;322702;68.8;57.2
51;2021-08-12;1746;1946;389432;324648;69.1;57.6
51;2021-08-13;2029;2670;391461;327318;69.4;58.1
51;2021-08-14;1578;2037;393039;329355;69.7;58.4
51;2021-08-15;147;148;393186;329503;69.7;58.4
51;2021-08-16;1346;3020;394532;332523;70.0;59.0
51;2021-08-17;1536;3278;396068;335801;70.2;59.6
51;2021-08-18;1894;3680;397962;339481;70.6;60.2
51;2021-08-19;1399;2545;399361;342026;70.8;60.7
51;2021-08-20;1695;3965;401056;345991;71.1;61.4
51;2021-08-21;984;2494;402040;348485;71.3;61.8
51;2021-08-22;101;342;402141;348827;71.3;61.9
51;2021-08-23;1105;3600;403246;352427;71.5;62.5
51;2021-08-24;1165;3640;404411;356067;71.7;63.2
51;2021-08-25;1305;4482;405716;360549;72.0;63.9
51;2021-08-26;1051;2542;406767;363091;72.1;64.4
51;2021-08-27;1208;4175;407975;367266;72.4;65.1
51;2021-08-28;643;2626;408618;369892;72.5;65.6
51;2021-08-29;81;358;408699;370250;72.5;65.7
51;2021-08-30;1328;4821;410027;375071;72.7;66.5
52;2020-12-27;0;0;0;0;0.0;0.0
52;2020-12-28;1;0;1;0;0.0;0.0
52;2020-12-29;0;0;1;0;0.0;0.0
52;2020-12-30;0;0;1;0;0.0;0.0
52;2020-12-31;0;0;1;0;0.0;0.0
52;2021-01-01;0;0;1;0;0.0;0.0
52;2021-01-02;1;0;2;0;0.0;0.0
52;2021-01-03;0;0;2;0;0.0;0.0
52;2021-01-04;0;0;2;0;0.0;0.0
52;2021-01-05;0;0;2;0;0.0;0.0
52;2021-01-06;2;0;4;0;0.0;0.0
52;2021-01-07;0;0;4;0;0.0;0.0
52;2021-01-08;201;1;205;1;0.1;0.0
52;2021-01-09;93;0;298;1;0.2;0.0
52;2021-01-10;0;0;298;1;0.2;0.0
52;2021-01-11;207;0;505;1;0.3;0.0
52;2021-01-12;171;0;676;1;0.4;0.0
52;2021-01-13;562;2;1238;3;0.7;0.0
52;2021-01-14;677;10;1915;13;1.1;0.0
52;2021-01-15;411;1;2326;14;1.4;0.0
52;2021-01-16;16;1;2342;15;1.4;0.0
52;2021-01-17;0;0;2342;15;1.4;0.0
52;2021-01-18;427;0;2769;15;1.6;0.0
52;2021-01-19;439;0;3208;15;1.9;0.0
52;2021-01-20;420;0;3628;15;2.1;0.0
52;2021-01-21;424;1;4052;16;2.4;0.0
52;2021-01-22;321;2;4373;18;2.6;0.0
52;2021-01-23;73;1;4446;19;2.6;0.0
52;2021-01-24;0;0;4446;19;2.6;0.0
52;2021-01-25;235;0;4681;19;2.8;0.0
52;2021-01-26;307;0;4988;19;2.9;0.0
52;2021-01-27;238;1;5226;20;3.1;0.0
52;2021-01-28;174;4;5400;24;3.2;0.0
52;2021-01-29;74;124;5474;148;3.2;0.1
52;2021-01-30;91;95;5565;243;3.3;0.1
52;2021-01-31;0;0;5565;243;3.3;0.1
52;2021-02-01;117;189;5682;432;3.4;0.3
52;2021-02-02;61;176;5743;608;3.4;0.4
52;2021-02-03;90;410;5833;1018;3.4;0.6
52;2021-02-04;231;592;6064;1610;3.6;1.0
52;2021-02-05;113;504;6177;2114;3.6;1.2
52;2021-02-06;22;0;6199;2114;3.7;1.2
52;2021-02-07;0;1;6199;2115;3.7;1.2
52;2021-02-08;34;207;6233;2322;3.7;1.4
52;2021-02-09;47;211;6280;2533;3.7;1.5
52;2021-02-10;88;186;6368;2719;3.8;1.6
52;2021-02-11;129;148;6497;2867;3.8;1.7
52;2021-02-12;187;128;6684;2995;3.9;1.8
52;2021-02-13;5;1;6689;2996;4.0;1.8
52;2021-02-14;0;16;6689;3012;4.0;1.8
52;2021-02-15;79;277;6768;3289;4.0;1.9
52;2021-02-16;50;357;6818;3646;4.0;2.2
52;2021-02-17;37;313;6855;3959;4.1;2.3
52;2021-02-18;82;278;6937;4237;4.1;2.5
52;2021-02-19;51;191;6988;4428;4.1;2.6
52;2021-02-20;14;105;7002;4533;4.1;2.7
52;2021-02-21;0;0;7002;4533;4.1;2.7
52;2021-02-22;42;382;7044;4915;4.2;2.9
52;2021-02-23;57;278;7101;5193;4.2;3.1
52;2021-02-24;81;246;7182;5439;4.2;3.2
52;2021-02-25;161;237;7343;5676;4.3;3.4
52;2021-02-26;296;182;7639;5858;4.5;3.5
52;2021-02-27;149;49;7788;5907;4.6;3.5
52;2021-02-28;0;0;7788;5907;4.6;3.5
52;2021-03-01;163;14;7951;5921;4.7;3.5
52;2021-03-02;198;50;8149;5971;4.8;3.5
52;2021-03-03;356;36;8505;6007;5.0;3.5
52;2021-03-04;379;58;8884;6065;5.2;3.6
52;2021-03-05;531;53;9415;6118;5.6;3.6
52;2021-03-06;409;36;9824;6154;5.8;3.6
52;2021-03-07;0;0;9824;6154;5.8;3.6
52;2021-03-08;398;111;10222;6265;6.0;3.7
52;2021-03-09;549;108;10771;6373;6.4;3.8
52;2021-03-10;308;109;11079;6482;6.5;3.8
52;2021-03-11;587;35;11666;6517;6.9;3.9
52;2021-03-12;584;67;12250;6584;7.2;3.9
52;2021-03-13;492;9;12742;6593;7.5;3.9
52;2021-03-14;15;3;12757;6596;7.5;3.9
52;2021-03-15;318;27;13075;6623;7.7;3.9
52;2021-03-16;203;15;13278;6638;7.8;3.9
52;2021-03-17;366;13;13644;6651;8.1;3.9
52;2021-03-18;442;9;14086;6660;8.3;3.9
52;2021-03-19;452;54;14538;6714;8.6;4.0
52;2021-03-20;259;12;14797;6726;8.7;4.0
52;2021-03-21;15;1;14812;6727;8.8;4.0
52;2021-03-22;375;49;15187;6776;9.0;4.0
52;2021-03-23;685;89;15872;6865;9.4;4.1
52;2021-03-24;771;71;16643;6936;9.8;4.1
52;2021-03-25;1141;88;17784;7024;10.5;4.2
52;2021-03-26;1037;139;18821;7163;11.1;4.2
52;2021-03-27;477;76;19298;7239;11.4;4.3
52;2021-03-28;53;0;19351;7239;11.4;4.3
52;2021-03-29;506;184;19857;7423;11.7;4.4
52;2021-03-30;870;295;20727;7718;12.2;4.6
52;2021-03-31;956;292;21683;8010;12.8;4.7
52;2021-04-01;1145;184;22828;8194;13.5;4.8
52;2021-04-02;958;107;23786;8301;14.1;4.9
52;2021-04-03;461;3;24247;8304;14.3;4.9
52;2021-04-04;1;1;24248;8305;14.3;4.9
52;2021-04-05;1;0;24249;8305;14.3;4.9
52;2021-04-06;433;296;24682;8601;14.6;5.1
52;2021-04-07;505;450;25187;9051;14.9;5.3
52;2021-04-08;860;211;26047;9262;15.4;5.5
52;2021-04-09;1059;130;27106;9392;16.0;5.5
52;2021-04-10;852;102;27958;9494;16.5;5.6
52;2021-04-11;96;1;28054;9495;16.6;5.6
52;2021-04-12;932;277;28986;9772;17.1;5.8
52;2021-04-13;1251;378;30237;10150;17.9;6.0
52;2021-04-14;1345;456;31582;10606;18.7;6.3
52;2021-04-15;1507;439;33089;11045;19.6;6.5
52;2021-04-16;1574;364;34663;11409;20.5;6.7
52;2021-04-17;1310;131;35973;11540;21.3;6.8
52;2021-04-18;510;29;36483;11569;21.6;6.8
52;2021-04-19;697;611;37180;12180;22.0;7.2
52;2021-04-20;1080;677;38260;12857;22.6;7.6
52;2021-04-21;1060;675;39320;13532;23.2;8.0
52;2021-04-22;1468;734;40788;14266;24.1;8.4
52;2021-04-23;1253;667;42041;14933;24.8;8.8
52;2021-04-24;477;293;42518;15226;25.1;9.0
52;2021-04-25;3;77;42521;15303;25.1;9.0
52;2021-04-26;632;560;43153;15863;25.5;9.4
52;2021-04-27;933;671;44086;16534;26.0;9.8
52;2021-04-28;1441;564;45527;17098;26.9;10.1
52;2021-04-29;1452;581;46979;17679;27.8;10.4
52;2021-04-30;1316;611;48295;18290;28.5;10.8
52;2021-05-01;8;232;48303;18522;28.5;10.9
52;2021-05-02;0;1;48303;18523;28.5;10.9
52;2021-05-03;1159;628;49462;19151;29.2;11.3
52;2021-05-04;1445;720;50907;19871;30.1;11.7
52;2021-05-05;1768;647;52675;20518;31.1;12.1
52;2021-05-06;1962;535;54637;21053;32.3;12.4
52;2021-05-07;1442;1170;56079;22223;33.1;13.1
52;2021-05-08;589;318;56668;22541;33.5;13.3
52;2021-05-09;1;47;56669;22588;33.5;13.3
52;2021-05-10;793;1101;57462;23689;34.0;14.0
52;2021-05-11;868;1394;58330;25083;34.5;14.8
52;2021-05-12;1207;1382;59537;26465;35.2;15.6
52;2021-05-13;67;184;59604;26649;35.2;15.7
52;2021-05-14;1185;1364;60789;28013;35.9;16.6
52;2021-05-15;491;929;61280;28942;36.2;17.1
52;2021-05-16;8;43;61288;28985;36.2;17.1
52;2021-05-17;1144;704;62432;29689;36.9;17.5
52;2021-05-18;1217;677;63649;30366;37.6;17.9
52;2021-05-19;1542;414;65191;30780;38.5;18.2
52;2021-05-20;1546;421;66737;31201;39.4;18.4
52;2021-05-21;1625;614;68362;31815;40.4;18.8
52;2021-05-22;1089;209;69451;32024;41.0;18.9
52;2021-05-23;1;0;69452;32024;41.0;18.9
52;2021-05-24;405;33;69857;32057;41.3;18.9
52;2021-05-25;1351;385;71208;32442;42.1;19.2
52;2021-05-26;1479;672;72687;33114;42.9;19.6
52;2021-05-27;1565;788;74252;33902;43.9;20.0
52;2021-05-28;1493;672;75745;34574;44.8;20.4
52;2021-05-29;696;834;76441;35408;45.2;20.9
52;2021-05-30;16;550;76457;35958;45.2;21.2
52;2021-05-31;824;830;77281;36788;45.7;21.7
52;2021-06-01;956;816;78237;37604;46.2;22.2
52;2021-06-02;895;754;79132;38358;46.8;22.7
52;2021-06-03;825;824;79957;39182;47.2;23.2
52;2021-06-04;883;1340;80840;40522;47.8;23.9
52;2021-06-05;581;637;81421;41159;48.1;24.3
52;2021-06-06;27;55;81448;41214;48.1;24.4
52;2021-06-07;359;931;81807;42145;48.3;24.9
52;2021-06-08;556;1469;82363;43614;48.7;25.8
52;2021-06-09;612;1474;82975;45088;49.0;26.6
52;2021-06-10;794;1158;83769;46246;49.5;27.3
52;2021-06-11;830;1349;84599;47595;50.0;28.1
52;2021-06-12;422;586;85021;48181;50.2;28.5
52;2021-06-13;2;6;85023;48187;50.2;28.5
52;2021-06-14;171;1413;85194;49600;50.3;29.3
52;2021-06-15;221;1809;85415;51409;50.5;30.4
52;2021-06-16;353;1996;85768;53405;50.7;31.6
52;2021-06-17;265;1155;86033;54560;50.8;32.2
52;2021-06-18;308;1553;86341;56113;51.0;33.2
52;2021-06-19;502;690;86843;56803;51.3;33.6
52;2021-06-20;1;17;86844;56820;51.3;33.6
52;2021-06-21;522;897;87366;57717;51.6;34.1
52;2021-06-22;503;1048;87869;58765;51.9;34.7
52;2021-06-23;563;1043;88432;59808;52.2;35.3
52;2021-06-24;609;718;89041;60526;52.6;35.8
52;2021-06-25;661;1313;89702;61839;53.0;36.5
52;2021-06-26;264;722;89966;62561;53.2;37.0
52;2021-06-27;1;8;89967;62569;53.2;37.0
52;2021-06-28;185;1443;90152;64012;53.3;37.8
52;2021-06-29;164;1414;90316;65426;53.4;38.7
52;2021-06-30;219;1468;90535;66894;53.5;39.5
52;2021-07-01;320;1022;90855;67916;53.7;40.1
52;2021-07-02;430;1455;91285;69371;53.9;41.0
52;2021-07-03;302;1147;91587;70518;54.1;41.7
52;2021-07-04;0;11;91587;70529;54.1;41.7
52;2021-07-05;173;1448;91760;71977;54.2;42.5
52;2021-07-06;284;1449;92044;73426;54.4;43.4
52;2021-07-07;309;1165;92353;74591;54.6;44.1
52;2021-07-08;472;1164;92825;75755;54.8;44.8
52;2021-07-09;288;1619;93113;77374;55.0;45.7
52;2021-07-10;155;822;93268;78196;55.1;46.2
52;2021-07-11;13;12;93281;78208;55.1;46.2
52;2021-07-12;300;1466;93581;79674;55.3;47.1
52;2021-07-13;590;1369;94171;81043;55.6;47.9
52;2021-07-14;437;152;94608;81195;55.9;48.0
52;2021-07-15;614;1429;95222;82624;56.3;48.8
52;2021-07-16;900;1338;96122;83962;56.8;49.6
52;2021-07-17;530;342;96652;84304;57.1;49.8
52;2021-07-18;3;12;96655;84316;57.1;49.8
52;2021-07-19;690;985;97345;85301;57.5;50.4
52;2021-07-20;1109;832;98454;86133;58.2;50.9
52;2021-07-21;1161;737;99615;86870;58.9;51.3
52;2021-07-22;1443;866;101058;87736;59.7;51.8
52;2021-07-23;1395;957;102453;88693;60.5;52.4
52;2021-07-24;873;487;103326;89180;61.0;52.7
52;2021-07-25;22;21;103348;89201;61.1;52.7
52;2021-07-26;1009;614;104357;89815;61.7;53.1
52;2021-07-27;1341;655;105698;90470;62.5;53.5
52;2021-07-28;1379;642;107077;91112;63.3;53.8
52;2021-07-29;1261;621;108338;91733;64.0;54.2
52;2021-07-30;1363;709;109701;92442;64.8;54.6
52;2021-07-31;873;549;110574;92991;65.3;54.9
52;2021-08-01;1;14;110575;93005;65.3;55.0
52;2021-08-02;1177;563;111752;93568;66.0;55.3
52;2021-08-03;1354;538;113106;94106;66.8;55.6
52;2021-08-04;1146;581;114252;94687;67.5;55.9
52;2021-08-05;1018;576;115270;95263;68.1;56.3
52;2021-08-06;1051;700;116321;95963;68.7;56.7
52;2021-08-07;517;420;116838;96383;69.0;56.9
52;2021-08-08;0;6;116838;96389;69.0;57.0
52;2021-08-09;460;870;117298;97259;69.3;57.5
52;2021-08-10;707;749;118005;98008;69.7;57.9
52;2021-08-11;524;836;118529;98844;70.0;58.4
52;2021-08-12;615;749;119144;99593;70.4;58.8
52;2021-08-13;404;1027;119548;100620;70.6;59.5
52;2021-08-14;417;360;119965;100980;70.9;59.7
52;2021-08-15;8;13;119973;100993;70.9;59.7
52;2021-08-16;325;938;120298;101931;71.1;60.2
52;2021-08-17;402;912;120700;102843;71.3;60.8
52;2021-08-18;474;944;121174;103787;71.6;61.3
52;2021-08-19;456;835;121630;104622;71.9;61.8
52;2021-08-20;385;1210;122015;105832;72.1;62.5
52;2021-08-21;394;603;122409;106435;72.3;62.9
52;2021-08-22;4;11;122413;106446;72.3;62.9
52;2021-08-23;426;1056;122839;107502;72.6;63.5
52;2021-08-24;297;1077;123136;108579;72.8;64.2
52;2021-08-25;250;1059;123386;109638;72.9;64.8
52;2021-08-26;296;915;123682;110553;73.1;65.3
52;2021-08-27;425;1276;124107;111829;73.3;66.1
52;2021-08-28;241;488;124348;112317;73.5;66.4
52;2021-08-29;3;25;124351;112342;73.5;66.4
52;2021-08-30;201;998;124552;113340;73.6;67.0
53;2020-12-27;0;0;0;0;0.0;0.0
53;2020-12-28;0;0;0;0;0.0;0.0
53;2020-12-29;0;0;0;0;0.0;0.0
53;2020-12-30;0;0;0;0;0.0;0.0
53;2020-12-31;0;0;0;0;0.0;0.0
53;2021-01-01;0;0;0;0;0.0;0.0
53;2021-01-02;0;0;0;0;0.0;0.0
53;2021-01-03;0;0;0;0;0.0;0.0
53;2021-01-04;1;0;1;0;0.0;0.0
53;2021-01-05;0;0;1;0;0.0;0.0
53;2021-01-06;0;0;1;0;0.0;0.0
53;2021-01-07;102;0;103;0;0.0;0.0
53;2021-01-08;284;1;387;1;0.1;0.0
53;2021-01-09;134;1;521;2;0.2;0.0
53;2021-01-10;15;0;536;2;0.2;0.0
53;2021-01-11;176;0;712;2;0.2;0.0
53;2021-01-12;454;1;1166;3;0.4;0.0
53;2021-01-13;253;0;1419;3;0.5;0.0
53;2021-01-14;290;7;1709;10;0.6;0.0
53;2021-01-15;343;4;2052;14;0.7;0.0
53;2021-01-16;61;0;2113;14;0.7;0.0
53;2021-01-17;24;1;2137;15;0.7;0.0
53;2021-01-18;364;0;2501;15;0.8;0.0
53;2021-01-19;594;0;3095;15;1.0;0.0
53;2021-01-20;742;0;3837;15;1.3;0.0
53;2021-01-21;769;2;4606;17;1.5;0.0
53;2021-01-22;705;2;5311;19;1.7;0.0
53;2021-01-23;160;0;5471;19;1.8;0.0
53;2021-01-24;6;0;5477;19;1.8;0.0
53;2021-01-25;550;0;6027;19;2.0;0.0
53;2021-01-26;1198;6;7225;25;2.4;0.0
53;2021-01-27;696;6;7921;31;2.6;0.0
53;2021-01-28;737;95;8658;126;2.8;0.0
53;2021-01-29;422;186;9080;312;3.0;0.1
53;2021-01-30;129;0;9209;312;3.0;0.1
53;2021-01-31;0;0;9209;312;3.0;0.1
53;2021-02-01;298;149;9507;461;3.1;0.2
53;2021-02-02;309;231;9816;692;3.2;0.2
53;2021-02-03;227;375;10043;1067;3.3;0.3
53;2021-02-04;184;331;10227;1398;3.3;0.5
53;2021-02-05;234;303;10461;1701;3.4;0.6
53;2021-02-06;153;23;10614;1724;3.5;0.6
53;2021-02-07;0;0;10614;1724;3.5;0.6
53;2021-02-08;168;106;10782;1830;3.5;0.6
53;2021-02-09;369;215;11151;2045;3.7;0.7
53;2021-02-10;266;433;11417;2478;3.7;0.8
53;2021-02-11;432;492;11849;2970;3.9;1.0
53;2021-02-12;318;571;12167;3541;4.0;1.2
53;2021-02-13;96;66;12263;3607;4.0;1.2
53;2021-02-14;0;99;12263;3706;4.0;1.2
53;2021-02-15;239;430;12502;4136;4.1;1.4
53;2021-02-16;528;840;13030;4976;4.3;1.6
53;2021-02-17;391;614;13421;5590;4.4;1.8
53;2021-02-18;546;578;13967;6168;4.6;2.0
53;2021-02-19;895;426;14862;6594;4.9;2.2
53;2021-02-20;139;113;15001;6707;4.9;2.2
53;2021-02-21;1;20;15002;6727;4.9;2.2
53;2021-02-22;161;581;15163;7308;5.0;2.4
53;2021-02-23;59;653;15222;7961;5.0;2.6
53;2021-02-24;137;516;15359;8477;5.0;2.8
53;2021-02-25;457;359;15816;8836;5.2;2.9
53;2021-02-26;438;262;16254;9098;5.3;3.0
53;2021-02-27;86;115;16340;9213;5.4;3.0
53;2021-02-28;0;0;16340;9213;5.4;3.0
53;2021-03-01;230;277;16570;9490;5.4;3.1
53;2021-03-02;246;255;16816;9745;5.5;3.2
53;2021-03-03;321;391;17137;10136;5.6;3.3
53;2021-03-04;859;343;17996;10479;5.9;3.4
53;2021-03-05;659;280;18655;10759;6.1;3.5
53;2021-03-06;447;212;19102;10971;6.3;3.6
53;2021-03-07;276;5;19378;10976;6.3;3.6
53;2021-03-08;375;179;19753;11155;6.5;3.7
53;2021-03-09;878;247;20631;11402;6.8;3.7
53;2021-03-10;807;109;21438;11511;7.0;3.8
53;2021-03-11;1247;227;22685;11738;7.4;3.8
53;2021-03-12;1603;146;24288;11884;8.0;3.9
53;2021-03-13;824;12;25112;11896;8.2;3.9
53;2021-03-14;1;0;25113;11896;8.2;3.9
53;2021-03-15;1002;299;26115;12195;8.6;4.0
53;2021-03-16;1035;331;27150;12526;8.9;4.1
53;2021-03-17;685;259;27835;12785;9.1;4.2
53;2021-03-18;972;345;28807;13130;9.4;4.3
53;2021-03-19;1344;599;30151;13729;9.9;4.5
53;2021-03-20;592;17;30743;13746;10.1;4.5
53;2021-03-21;2;0;30745;13746;10.1;4.5
53;2021-03-22;1212;157;31957;13903;10.5;4.6
53;2021-03-23;1698;71;33655;13974;11.0;4.6
53;2021-03-24;1323;117;34978;14091;11.5;4.6
53;2021-03-25;2323;235;37301;14326;12.2;4.7
53;2021-03-26;1884;150;39185;14476;12.8;4.7
53;2021-03-27;339;3;39524;14479;12.9;4.7
53;2021-03-28;2;0;39526;14479;12.9;4.7
53;2021-03-29;1474;213;41000;14692;13.4;4.8
53;2021-03-30;1944;201;42944;14893;14.1;4.9
53;2021-03-31;1791;222;44735;15115;14.6;4.9
53;2021-04-01;1947;673;46682;15788;15.3;5.2
53;2021-04-02;2076;227;48758;16015;16.0;5.2
53;2021-04-03;414;1;49172;16016;16.1;5.2
53;2021-04-04;10;0;49182;16016;16.1;5.2
53;2021-04-05;9;15;49191;16031;16.1;5.2
53;2021-04-06;1304;502;50495;16533;16.5;5.4
53;2021-04-07;1176;925;51671;17458;16.9;5.7
53;2021-04-08;1663;1006;53334;18464;17.5;6.0
53;2021-04-09;1958;405;55292;18869;18.1;6.2
53;2021-04-10;543;13;55835;18882;18.3;6.2
53;2021-04-11;12;0;55847;18882;18.3;6.2
53;2021-04-12;694;1067;56541;19949;18.5;6.5
53;2021-04-13;1470;1109;58011;21058;19.0;6.9
53;2021-04-14;1024;736;59035;21794;19.3;7.1
53;2021-04-15;1158;1107;60193;22901;19.7;7.5
53;2021-04-16;1272;816;61465;23717;20.1;7.8
53;2021-04-17;281;274;61746;23991;20.2;7.9
53;2021-04-18;0;0;61746;23991;20.2;7.9
53;2021-04-19;681;1068;62427;25059;20.4;8.2
53;2021-04-20;936;1451;63363;26510;20.7;8.7
53;2021-04-21;851;1011;64214;27521;21.0;9.0
53;2021-04-22;1046;1613;65260;29134;21.4;9.5
53;2021-04-23;1328;1053;66588;30187;21.8;9.9
53;2021-04-24;68;7;66656;30194;21.8;9.9
53;2021-04-25;6;39;66662;30233;21.8;9.9
53;2021-04-26;368;1238;67030;31471;22.0;10.3
53;2021-04-27;724;1973;67754;33444;22.2;11.0
53;2021-04-28;978;1394;68732;34838;22.5;11.4
53;2021-04-29;1051;1713;69783;36551;22.9;12.0
53;2021-04-30;1367;1313;71150;37864;23.3;12.4
53;2021-05-01;36;50;71186;37914;23.3;12.4
53;2021-05-02;0;0;71186;37914;23.3;12.4
53;2021-05-03;1570;706;72756;38620;23.8;12.6
53;2021-05-04;1304;1443;74060;40063;24.3;13.1
53;2021-05-05;1611;827;75671;40890;24.8;13.4
53;2021-05-06;1391;1400;77062;42290;25.2;13.8
53;2021-05-07;1538;1303;78600;43593;25.7;14.3
53;2021-05-08;939;36;79539;43629;26.0;14.3
53;2021-05-09;11;2;79550;43631;26.1;14.3
53;2021-05-10;2416;815;81966;44446;26.8;14.6
53;2021-05-11;3097;1287;85063;45733;27.9;15.0
53;2021-05-12;2750;1094;87813;46827;28.8;15.3
53;2021-05-13;350;28;88163;46855;28.9;15.3
53;2021-05-14;2021;679;90184;47534;29.5;15.6
53;2021-05-15;1058;64;91242;47598;29.9;15.6
53;2021-05-16;3;0;91245;47598;29.9;15.6
53;2021-05-17;1701;1196;92946;48794;30.4;16.0
53;2021-05-18;1881;1550;94827;50344;31.1;16.5
53;2021-05-19;2303;745;97130;51089;31.8;16.7
53;2021-05-20;3217;867;100347;51956;32.9;17.0
53;2021-05-21;2798;830;103145;52786;33.8;17.3
53;2021-05-22;21;60;103166;52846;33.8;17.3
53;2021-05-23;0;0;103166;52846;33.8;17.3
53;2021-05-24;8;6;103174;52852;33.8;17.3
53;2021-05-25;1819;802;104993;53654;34.4;17.6
53;2021-05-26;1852;905;106845;54559;35.0;17.9
53;2021-05-27;3073;1078;109918;55637;36.0;18.2
53;2021-05-28;2562;878;112480;56515;36.8;18.5
53;2021-05-29;846;244;113326;56759;37.1;18.6
53;2021-05-30;18;6;113344;56765;37.1;18.6
53;2021-05-31;2564;803;115908;57568;38.0;18.9
53;2021-06-01;3490;1259;119398;58827;39.1;19.3
53;2021-06-02;3183;526;122581;59353;40.1;19.4
53;2021-06-03;4198;788;126779;60141;41.5;19.7
53;2021-06-04;3180;1266;129959;61407;42.6;20.1
53;2021-06-05;137;245;130096;61652;42.6;20.2
53;2021-06-06;1;4;130097;61656;42.6;20.2
53;2021-06-07;2629;922;132726;62578;43.5;20.5
53;2021-06-08;3589;1130;136315;63708;44.6;20.9
53;2021-06-09;2454;942;138769;64650;45.4;21.2
53;2021-06-10;3521;849;142290;65499;46.6;21.4
53;2021-06-11;2966;1214;145256;66713;47.6;21.8
53;2021-06-12;108;138;145364;66851;47.6;21.9
53;2021-06-13;10;2;145374;66853;47.6;21.9
53;2021-06-14;1600;1789;146974;68642;48.1;22.5
53;2021-06-15;1899;2264;148873;70906;48.8;23.2
53;2021-06-16;1826;1733;150699;72639;49.4;23.8
53;2021-06-17;3012;1649;153711;74288;50.3;24.3
53;2021-06-18;2702;1809;156413;76097;51.2;24.9
53;2021-06-19;762;1166;157175;77263;51.5;25.3
53;2021-06-20;3;479;157178;77742;51.5;25.5
53;2021-06-21;918;2526;158096;80268;51.8;26.3
53;2021-06-22;1299;3452;159395;83720;52.2;27.4
53;2021-06-23;1363;2892;160758;86612;52.6;28.4
53;2021-06-24;1802;2032;162560;88644;53.2;29.0
53;2021-06-25;1784;2045;164344;90689;53.8;29.7
53;2021-06-26;977;350;165321;91039;54.1;29.8
53;2021-06-27;8;8;165329;91047;54.1;29.8
53;2021-06-28;662;2899;165991;93946;54.4;30.8
53;2021-06-29;858;3648;166849;97594;54.6;32.0
53;2021-06-30;748;1519;167597;99113;54.9;32.5
53;2021-07-01;1507;2633;169104;101746;55.4;33.3
53;2021-07-02;1528;2026;170632;103772;55.9;34.0
53;2021-07-03;857;572;171489;104344;56.2;34.2
53;2021-07-04;0;4;171489;104348;56.2;34.2
53;2021-07-05;542;2060;172031;106408;56.3;34.8
53;2021-07-06;861;3616;172892;110024;56.6;36.0
53;2021-07-07;1024;2652;173916;112676;57.0;36.9
53;2021-07-08;1313;3118;175229;115794;57.4;37.9
53;2021-07-09;1131;3396;176360;119190;57.8;39.0
53;2021-07-10;422;1000;176782;120190;57.9;39.4
53;2021-07-11;12;20;176794;120210;57.9;39.4
53;2021-07-12;503;3708;177297;123918;58.1;40.6
53;2021-07-13;893;4764;178190;128682;58.4;42.1
53;2021-07-14;104;284;178294;128966;58.4;42.2
53;2021-07-15;1112;4348;179406;133314;58.8;43.7
53;2021-07-16;1248;3849;180654;137163;59.2;44.9
53;2021-07-17;1316;299;181970;137462;59.6;45.0
53;2021-07-18;27;20;181997;137482;59.6;45.0
53;2021-07-19;733;3428;182730;140910;59.8;46.1
53;2021-07-20;985;4124;183715;145034;60.2;47.5
53;2021-07-21;683;3276;184398;148310;60.4;48.6
53;2021-07-22;1512;3523;185910;151833;60.9;49.7
53;2021-07-23;1604;3759;187514;155592;61.4;51.0
53;2021-07-24;956;281;188470;155873;61.7;51.0
53;2021-07-25;60;24;188530;155897;61.7;51.1
53;2021-07-26;1727;1942;190257;157839;62.3;51.7
53;2021-07-27;2357;2823;192614;160662;63.1;52.6
53;2021-07-28;2145;2813;194759;163475;63.8;53.5
53;2021-07-29;2493;2546;197252;166021;64.6;54.4
53;2021-07-30;1827;2647;199079;168668;65.2;55.2
53;2021-07-31;626;232;199705;168900;65.4;55.3
53;2021-08-01;37;25;199742;168925;65.4;55.3
53;2021-08-02;2083;1731;201825;170656;66.1;55.9
53;2021-08-03;2410;1905;204235;172561;66.9;56.5
53;2021-08-04;2478;1858;206713;174419;67.7;57.1
53;2021-08-05;2864;1537;209577;175956;68.6;57.6
53;2021-08-06;2514;1715;212091;177671;69.5;58.2
53;2021-08-07;480;269;212571;177940;69.6;58.3
53;2021-08-08;6;19;212577;177959;69.6;58.3
53;2021-08-09;1837;1649;214414;179608;70.2;58.8
53;2021-08-10;2316;1747;216730;181355;71.0;59.4
53;2021-08-11;1678;862;218408;182217;71.5;59.7
53;2021-08-12;1998;983;220406;183200;72.2;60.0
53;2021-08-13;2037;1303;222443;184503;72.8;60.4
53;2021-08-14;66;63;222509;184566;72.9;60.4
53;2021-08-15;1;2;222510;184568;72.9;60.4
53;2021-08-16;1327;1596;223837;186164;73.3;61.0
53;2021-08-17;1546;1655;225383;187819;73.8;61.5
53;2021-08-18;1515;1602;226898;189421;74.3;62.0
53;2021-08-19;1372;1973;228270;191394;74.8;62.7
53;2021-08-20;1093;2079;229363;193473;75.1;63.4
53;2021-08-21;189;342;229552;193815;75.2;63.5
53;2021-08-22;0;0;229552;193815;75.2;63.5
53;2021-08-23;842;1910;230394;195725;75.4;64.1
53;2021-08-24;901;2114;231295;197839;75.7;64.8
53;2021-08-25;908;2271;232203;200110;76.0;65.5
53;2021-08-26;666;2610;232869;202720;76.3;66.4
53;2021-08-27;751;2641;233620;205361;76.5;67.3
53;2021-08-28;48;133;233668;205494;76.5;67.3
53;2021-08-29;11;31;233679;205525;76.5;67.3
53;2021-08-30;617;2102;234296;207627;76.7;68.0
54;2020-12-27;0;0;0;0;0.0;0.0
54;2020-12-28;1;0;1;0;0.0;0.0
54;2020-12-29;0;0;1;0;0.0;0.0
54;2020-12-30;0;0;1;0;0.0;0.0
54;2020-12-31;10;0;11;0;0.0;0.0
54;2021-01-01;0;0;11;0;0.0;0.0
54;2021-01-02;0;0;11;0;0.0;0.0
54;2021-01-03;1;0;12;0;0.0;0.0
54;2021-01-04;163;0;175;0;0.0;0.0
54;2021-01-05;395;0;570;0;0.1;0.0
54;2021-01-06;650;1;1220;1;0.2;0.0
54;2021-01-07;817;2;2037;3;0.3;0.0
54;2021-01-08;706;3;2743;6;0.4;0.0
54;2021-01-09;81;0;2824;6;0.4;0.0
54;2021-01-10;78;0;2902;6;0.4;0.0
54;2021-01-11;974;3;3876;9;0.5;0.0
54;2021-01-12;1181;1;5057;10;0.7;0.0
54;2021-01-13;2424;8;7481;18;1.0;0.0
54;2021-01-14;3400;30;10881;48;1.5;0.0
54;2021-01-15;2720;14;13601;62;1.9;0.0
54;2021-01-16;815;3;14416;65;2.0;0.0
54;2021-01-17;209;0;14625;65;2.0;0.0
54;2021-01-18;1557;6;16182;71;2.2;0.0
54;2021-01-19;1705;0;17887;71;2.4;0.0
54;2021-01-20;1524;4;19411;75;2.7;0.0
54;2021-01-21;1371;4;20782;79;2.8;0.0
54;2021-01-22;1092;8;21874;87;3.0;0.0
54;2021-01-23;478;1;22352;88;3.1;0.0
54;2021-01-24;66;0;22418;88;3.1;0.0
54;2021-01-25;940;30;23358;118;3.2;0.0
54;2021-01-26;142;5;23500;123;3.2;0.0
54;2021-01-27;12;165;23512;288;3.2;0.0
54;2021-01-28;32;229;23544;517;3.2;0.1
54;2021-01-29;18;275;23562;792;3.2;0.1
54;2021-01-30;7;0;23569;792;3.2;0.1
54;2021-01-31;1;0;23570;792;3.2;0.1
54;2021-02-01;13;782;23583;1574;3.2;0.2
54;2021-02-02;22;965;23605;2539;3.2;0.3
54;2021-02-03;364;1526;23969;4065;3.3;0.6
54;2021-02-04;738;2448;24707;6513;3.4;0.9
54;2021-02-05;797;1887;25504;8400;3.5;1.2
54;2021-02-06;204;332;25708;8732;3.5;1.2
54;2021-02-07;4;125;25712;8857;3.5;1.2
54;2021-02-08;117;989;25829;9846;3.5;1.3
54;2021-02-09;305;1067;26134;10913;3.6;1.5
54;2021-02-10;385;794;26519;11707;3.6;1.6
54;2021-02-11;294;812;26813;12519;3.7;1.7
54;2021-02-12;447;1292;27260;13811;3.7;1.9
54;2021-02-13;148;236;27408;14047;3.8;1.9
54;2021-02-14;9;11;27417;14058;3.8;1.9
54;2021-02-15;434;1126;27851;15184;3.8;2.1
54;2021-02-16;401;1222;28252;16406;3.9;2.2
54;2021-02-17;518;955;28770;17361;3.9;2.4
54;2021-02-18;595;778;29365;18139;4.0;2.5
54;2021-02-19;520;773;29885;18912;4.1;2.6
54;2021-02-20;33;283;29918;19195;4.1;2.6
54;2021-02-21;3;25;29921;19220;4.1;2.6
54;2021-02-22;484;601;30405;19821;4.2;2.7
54;2021-02-23;679;556;31084;20377;4.3;2.8
54;2021-02-24;728;353;31812;20730;4.4;2.8
54;2021-02-25;1475;719;33287;21449;4.6;2.9
54;2021-02-26;1773;788;35060;22237;4.8;3.0
54;2021-02-27;698;110;35758;22347;4.9;3.1
54;2021-02-28;11;28;35769;22375;4.9;3.1
54;2021-03-01;651;218;36420;22593;5.0;3.1
54;2021-03-02;1505;145;37925;22738;5.2;3.1
54;2021-03-03;1763;62;39688;22800;5.4;3.1
54;2021-03-04;2028;100;41716;22900;5.7;3.1
54;2021-03-05;2796;144;44512;23044;6.1;3.2
54;2021-03-06;4045;113;48557;23157;6.6;3.2
54;2021-03-07;2626;70;51183;23227;7.0;3.2
54;2021-03-08;1337;67;52520;23294;7.2;3.2
54;2021-03-09;2646;105;55166;23399;7.6;3.2
54;2021-03-10;3195;109;58361;23508;8.0;3.2
54;2021-03-11;3392;102;61753;23610;8.5;3.2
54;2021-03-12;4981;185;66734;23795;9.1;3.3
54;2021-03-13;4206;124;70940;23919;9.7;3.3
54;2021-03-14;543;39;71483;23958;9.8;3.3
54;2021-03-15;1719;104;73202;24062;10.0;3.3
54;2021-03-16;1735;176;74937;24238;10.3;3.3
54;2021-03-17;2082;151;77019;24389;10.5;3.3
54;2021-03-18;2060;171;79079;24560;10.8;3.4
54;2021-03-19;3319;275;82398;24835;11.3;3.4
54;2021-03-20;2311;77;84709;24912;11.6;3.4
54;2021-03-21;295;15;85004;24927;11.6;3.4
54;2021-03-22;1034;332;86038;25259;11.8;3.5
54;2021-03-23;1935;524;87973;25783;12.0;3.5
54;2021-03-24;2195;714;90168;26497;12.3;3.6
54;2021-03-25;3177;730;93345;27227;12.8;3.7
54;2021-03-26;3517;822;96862;28049;13.3;3.8
54;2021-03-27;2419;287;99281;28336;13.6;3.9
54;2021-03-28;278;6;99559;28342;13.6;3.9
54;2021-03-29;1669;387;101228;28729;13.9;3.9
54;2021-03-30;2558;983;103786;29712;14.2;4.1
54;2021-03-31;2598;1155;106384;30867;14.6;4.2
54;2021-04-01;3238;1283;109622;32150;15.0;4.4
54;2021-04-02;2964;1686;112586;33836;15.4;4.6
54;2021-04-03;1263;1308;113849;35144;15.6;4.8
54;2021-04-04;137;422;113986;35566;15.6;4.9
54;2021-04-05;145;574;114131;36140;15.6;4.9
54;2021-04-06;1268;1667;115399;37807;15.8;5.2
54;2021-04-07;924;2267;116323;40074;15.9;5.5
54;2021-04-08;2326;2445;118649;42519;16.2;5.8
54;2021-04-09;4126;3156;122775;45675;16.8;6.3
54;2021-04-10;3208;1682;125983;47357;17.2;6.5
54;2021-04-11;207;1002;126190;48359;17.3;6.6
54;2021-04-12;2198;1535;128388;49894;17.6;6.8
54;2021-04-13;3002;1981;131390;51875;18.0;7.1
54;2021-04-14;3262;1871;134652;53746;18.4;7.4
54;2021-04-15;2877;2297;137529;56043;18.8;7.7
54;2021-04-16;3142;2601;140671;58644;19.3;8.0
54;2021-04-17;3475;1489;144146;60133;19.7;8.2
54;2021-04-18;64;245;144210;60378;19.7;8.3
54;2021-04-19;2462;1081;146672;61459;20.1;8.4
54;2021-04-20;3011;1254;149683;62713;20.5;8.6
54;2021-04-21;4403;1635;154086;64348;21.1;8.8
54;2021-04-22;3721;2387;157807;66735;21.6;9.1
54;2021-04-23;3866;2077;161673;68812;22.1;9.4
54;2021-04-24;2345;1037;164018;69849;22.5;9.6
54;2021-04-25;283;276;164301;70125;22.5;9.6
54;2021-04-26;2305;1272;166606;71397;22.8;9.8
54;2021-04-27;3288;1438;169894;72835;23.3;10.0
54;2021-04-28;2978;1954;172872;74789;23.7;10.2
54;2021-04-29;3795;2082;176667;76871;24.2;10.5
54;2021-04-30;4491;1978;181158;78849;24.8;10.8
54;2021-05-01;2264;802;183422;79651;25.1;10.9
54;2021-05-02;229;68;183651;79719;25.1;10.9
54;2021-05-03;3094;943;186745;80662;25.6;11.0
54;2021-05-04;3517;1451;190262;82113;26.0;11.2
54;2021-05-05;4896;1414;195158;83527;26.7;11.4
54;2021-05-06;4437;2802;199595;86329;27.3;11.8
54;2021-05-07;4824;3413;204419;89742;28.0;12.3
54;2021-05-08;2030;644;206449;90386;28.3;12.4
54;2021-05-09;375;136;206824;90522;28.3;12.4
54;2021-05-10;3207;2242;210031;92764;28.8;12.7
54;2021-05-11;5491;2937;215522;95701;29.5;13.1
54;2021-05-12;4146;3390;219668;99091;30.1;13.6
54;2021-05-13;2646;491;222314;99582;30.4;13.6
54;2021-05-14;6884;1998;229198;101580;31.4;13.9
54;2021-05-15;5484;1318;234682;102898;32.1;14.1
54;2021-05-16;946;109;235628;103007;32.3;14.1
54;2021-05-17;3797;828;239425;103835;32.8;14.2
54;2021-05-18;3289;1103;242714;104938;33.2;14.4
54;2021-05-19;3466;1513;246180;106451;33.7;14.6
54;2021-05-20;4538;1624;250718;108075;34.3;14.8
54;2021-05-21;6752;2518;257470;110593;35.3;15.1
54;2021-05-22;5659;1367;263129;111960;36.0;15.3
54;2021-05-23;504;54;263633;112014;36.1;15.3
54;2021-05-24;1444;344;265077;112358;36.3;15.4
54;2021-05-25;4195;1541;269272;113899;36.9;15.6
54;2021-05-26;3535;2217;272807;116116;37.4;15.9
54;2021-05-27;4182;2440;276989;118556;37.9;16.2
54;2021-05-28;4980;3568;281969;122124;38.6;16.7
54;2021-05-29;3847;3989;285816;126113;39.1;17.3
54;2021-05-30;127;83;285943;126196;39.1;17.3
54;2021-05-31;2939;3069;288882;129265;39.6;17.7
54;2021-06-01;2620;4204;291502;133469;39.9;18.3
54;2021-06-02;2164;4098;293666;137567;40.2;18.8
54;2021-06-03;3145;5662;296811;143229;40.6;19.6
54;2021-06-04;5100;5488;301911;148717;41.3;20.4
54;2021-06-05;2342;3284;304253;152001;41.7;20.8
54;2021-06-06;71;236;304324;152237;41.7;20.8
54;2021-06-07;3705;2933;308029;155170;42.2;21.2
54;2021-06-08;4543;4271;312572;159441;42.8;21.8
54;2021-06-09;6003;3315;318575;162756;43.6;22.3
54;2021-06-10;5299;4450;323874;167206;44.3;22.9
54;2021-06-11;5021;4920;328895;172126;45.0;23.6
54;2021-06-12;4244;3230;333139;175356;45.6;24.0
54;2021-06-13;54;210;333193;175566;45.6;24.0
54;2021-06-14;2331;3594;335524;179160;45.9;24.5
54;2021-06-15;2825;4736;338349;183896;46.3;25.2
54;2021-06-16;3489;5659;341838;189555;46.8;26.0
54;2021-06-17;3137;5224;344975;194779;47.2;26.7
54;2021-06-18;4156;6241;349131;201020;47.8;27.5
54;2021-06-19;2646;3127;351777;204147;48.2;28.0
54;2021-06-20;101;339;351878;204486;48.2;28.0
54;2021-06-21;2558;4769;354436;209255;48.5;28.6
54;2021-06-22;2042;6226;356478;215481;48.8;29.5
54;2021-06-23;2245;5591;358723;221072;49.1;30.3
54;2021-06-24;2093;3458;360816;224530;49.4;30.7
54;2021-06-25;2200;7057;363016;231587;49.7;31.7
54;2021-06-26;2380;5669;365396;237256;50.0;32.5
54;2021-06-27;134;608;365530;237864;50.0;32.6
54;2021-06-28;1959;4352;367489;242216;50.3;33.2
54;2021-06-29;1936;5207;369425;247423;50.6;33.9
54;2021-06-30;1982;5121;371407;252544;50.8;34.6
54;2021-07-01;2138;5984;373545;258528;51.1;35.4
54;2021-07-02;2816;7563;376361;266091;51.5;36.4
54;2021-07-03;2833;4097;379194;270188;51.9;37.0
54;2021-07-04;195;498;379389;270686;51.9;37.1
54;2021-07-05;1671;4256;381060;274942;52.2;37.6
54;2021-07-06;2003;5076;383063;280018;52.4;38.3
54;2021-07-07;1904;4839;384967;284857;52.7;39.0
54;2021-07-08;1679;4114;386646;288971;52.9;39.6
54;2021-07-09;3203;6024;389849;294995;53.4;40.4
54;2021-07-10;2542;4372;392391;299367;53.7;41.0
54;2021-07-11;8;103;392399;299470;53.7;41.0
54;2021-07-12;2100;4684;394499;304154;54.0;41.6
54;2021-07-13;2621;4973;397120;309127;54.4;42.3
54;2021-07-14;1535;1504;398655;310631;54.6;42.5
54;2021-07-15;3176;4839;401831;315470;55.0;43.2
54;2021-07-16;4664;6227;406495;321697;55.7;44.0
54;2021-07-17;4007;4769;410502;326466;56.2;44.7
54;2021-07-18;1805;1681;412307;328147;56.4;44.9
54;2021-07-19;2589;4043;414896;332190;56.8;45.5
54;2021-07-20;2905;4814;417801;337004;57.2;46.1
54;2021-07-21;3133;6337;420934;343341;57.6;47.0
54;2021-07-22;3274;5737;424208;349078;58.1;47.8
54;2021-07-23;3981;6992;428189;356070;58.6;48.8
54;2021-07-24;2942;5324;431131;361394;59.0;49.5
54;2021-07-25;71;50;431202;361444;59.0;49.5
54;2021-07-26;2982;4175;434184;365619;59.4;50.1
54;2021-07-27;3712;4006;437896;369625;60.0;50.6
54;2021-07-28;5201;3863;443097;373488;60.7;51.1
54;2021-07-29;5147;3212;448244;376700;61.4;51.6
54;2021-07-30;5125;4997;453369;381697;62.1;52.3
54;2021-07-31;4522;3230;457891;384927;62.7;52.7
54;2021-08-01;256;73;458147;385000;62.7;52.7
54;2021-08-02;3070;3707;461217;388707;63.1;53.2
54;2021-08-03;4085;2928;465302;391635;63.7;53.6
54;2021-08-04;4395;2698;469697;394333;64.3;54.0
54;2021-08-05;4592;2431;474289;396764;64.9;54.3
54;2021-08-06;5410;3999;479699;400763;65.7;54.9
54;2021-08-07;3640;2829;483339;403592;66.2;55.3
54;2021-08-08;247;114;483586;403706;66.2;55.3
54;2021-08-09;2964;2694;486550;406400;66.6;55.6
54;2021-08-10;2504;3767;489054;410167;67.0;56.2
54;2021-08-11;2310;2566;491364;412733;67.3;56.5
54;2021-08-12;2148;3012;493512;415745;67.6;56.9
54;2021-08-13;2586;4448;496098;420193;67.9;57.5
54;2021-08-14;1410;2076;497508;422269;68.1;57.8
54;2021-08-15;30;43;497538;422312;68.1;57.8
54;2021-08-16;1824;3428;499362;425740;68.4;58.3
54;2021-08-17;1926;3312;501288;429052;68.6;58.7
54;2021-08-18;1484;4098;502772;433150;68.8;59.3
54;2021-08-19;1239;2786;504011;435936;69.0;59.7
54;2021-08-20;1840;4930;505851;440866;69.3;60.4
54;2021-08-21;1454;4014;507305;444880;69.5;60.9
54;2021-08-22;58;27;507363;444907;69.5;60.9
54;2021-08-23;1200;3841;508563;448748;69.6;61.4
54;2021-08-24;1116;3154;509679;451902;69.8;61.9
54;2021-08-25;1400;4371;511079;456273;70.0;62.5
54;2021-08-26;978;3104;512057;459377;70.1;62.9
54;2021-08-27;1491;5312;513548;464689;70.3;63.6
54;2021-08-28;1041;4242;514589;468931;70.5;64.2
54;2021-08-29;14;50;514603;468981;70.5;64.2
54;2021-08-30;1088;4172;515691;473153;70.6;64.8
55;2020-12-27;0;0;0;0;0.0;0.0
55;2020-12-28;0;0;0;0;0.0;0.0
55;2020-12-29;0;0;0;0;0.0;0.0
55;2020-12-30;0;0;0;0;0.0;0.0
55;2020-12-31;0;0;0;0;0.0;0.0
55;2021-01-01;0;0;0;0;0.0;0.0
55;2021-01-02;0;0;0;0;0.0;0.0
55;2021-01-03;0;0;0;0;0.0;0.0
55;2021-01-04;1;0;1;0;0.0;0.0
55;2021-01-05;0;0;1;0;0.0;0.0
55;2021-01-06;0;0;1;0;0.0;0.0
55;2021-01-07;122;0;123;0;0.1;0.0
55;2021-01-08;127;0;250;0;0.1;0.0
55;2021-01-09;52;0;302;0;0.2;0.0
55;2021-01-10;0;0;302;0;0.2;0.0
55;2021-01-11;128;1;430;1;0.2;0.0
55;2021-01-12;119;0;549;1;0.3;0.0
55;2021-01-13;135;0;684;1;0.4;0.0
55;2021-01-14;644;6;1328;7;0.7;0.0
55;2021-01-15;237;0;1565;7;0.9;0.0
55;2021-01-16;62;0;1627;7;0.9;0.0
55;2021-01-17;1;0;1628;7;0.9;0.0
55;2021-01-18;413;1;2041;8;1.1;0.0
55;2021-01-19;352;3;2393;11;1.3;0.0
55;2021-01-20;453;2;2846;13;1.6;0.0
55;2021-01-21;430;0;3276;13;1.8;0.0
55;2021-01-22;391;0;3667;13;2.0;0.0
55;2021-01-23;49;0;3716;13;2.0;0.0
55;2021-01-24;0;0;3716;13;2.0;0.0
55;2021-01-25;436;0;4152;13;2.3;0.0
55;2021-01-26;431;0;4583;13;2.5;0.0
55;2021-01-27;424;0;5007;13;2.8;0.0
55;2021-01-28;485;97;5492;110;3.0;0.1
55;2021-01-29;159;54;5651;164;3.1;0.1
55;2021-01-30;92;28;5743;192;3.2;0.1
55;2021-01-31;0;0;5743;192;3.2;0.1
55;2021-02-01;153;176;5896;368;3.2;0.2
55;2021-02-02;159;146;6055;514;3.3;0.3
55;2021-02-03;53;157;6108;671;3.4;0.4
55;2021-02-04;234;398;6342;1069;3.5;0.6
55;2021-02-05;174;139;6516;1208;3.6;0.7
55;2021-02-06;62;56;6578;1264;3.6;0.7
55;2021-02-07;2;53;6580;1317;3.6;0.7
55;2021-02-08;0;18;6580;1335;3.6;0.7
55;2021-02-09;92;116;6672;1451;3.7;0.8
55;2021-02-10;65;23;6737;1474;3.7;0.8
55;2021-02-11;175;99;6912;1573;3.8;0.9
55;2021-02-12;94;28;7006;1601;3.9;0.9
55;2021-02-13;0;0;7006;1601;3.9;0.9
55;2021-02-14;0;0;7006;1601;3.9;0.9
55;2021-02-15;15;415;7021;2016;3.9;1.1
55;2021-02-16;143;394;7164;2410;3.9;1.3
55;2021-02-17;26;489;7190;2899;4.0;1.6
55;2021-02-18;20;341;7210;3240;4.0;1.8
55;2021-02-19;125;288;7335;3528;4.0;1.9
55;2021-02-20;11;0;7346;3528;4.0;1.9
55;2021-02-21;0;0;7346;3528;4.0;1.9
55;2021-02-22;55;457;7401;3985;4.1;2.2
55;2021-02-23;85;440;7486;4425;4.1;2.4
55;2021-02-24;72;415;7558;4840;4.2;2.7
55;2021-02-25;270;682;7828;5522;4.3;3.0
55;2021-02-26;324;235;8152;5757;4.5;3.2
55;2021-02-27;125;87;8277;5844;4.6;3.2
55;2021-02-28;2;8;8279;5852;4.6;3.2
55;2021-03-01;77;141;8356;5993;4.6;3.3
55;2021-03-02;124;170;8480;6163;4.7;3.4
55;2021-03-03;198;3;8678;6166;4.8;3.4
55;2021-03-04;238;43;8916;6209;4.9;3.4
55;2021-03-05;362;47;9278;6256;5.1;3.4
55;2021-03-06;224;6;9502;6262;5.2;3.4
55;2021-03-07;70;1;9572;6263;5.3;3.4
55;2021-03-08;329;49;9901;6312;5.5;3.5
55;2021-03-09;635;50;10536;6362;5.8;3.5
55;2021-03-10;396;24;10932;6386;6.0;3.5
55;2021-03-11;597;145;11529;6531;6.3;3.6
55;2021-03-12;815;93;12344;6624;6.8;3.6
55;2021-03-13;523;12;12867;6636;7.1;3.7
55;2021-03-14;14;0;12881;6636;7.1;3.7
55;2021-03-15;393;24;13274;6660;7.3;3.7
55;2021-03-16;568;109;13842;6769;7.6;3.7
55;2021-03-17;683;20;14525;6789;8.0;3.7
55;2021-03-18;323;23;14848;6812;8.2;3.8
55;2021-03-19;471;59;15319;6871;8.4;3.8
55;2021-03-20;254;15;15573;6886;8.6;3.8
55;2021-03-21;1;1;15574;6887;8.6;3.8
55;2021-03-22;474;20;16048;6907;8.8;3.8
55;2021-03-23;972;64;17020;6971;9.4;3.8
55;2021-03-24;802;41;17822;7012;9.8;3.9
55;2021-03-25;1098;81;18920;7093;10.4;3.9
55;2021-03-26;602;35;19522;7128;10.7;3.9
55;2021-03-27;256;23;19778;7151;10.9;3.9
55;2021-03-28;0;0;19778;7151;10.9;3.9
55;2021-03-29;944;39;20722;7190;11.4;4.0
55;2021-03-30;1425;72;22147;7262;12.2;4.0
55;2021-03-31;1484;69;23631;7331;13.0;4.0
55;2021-04-01;1206;127;24837;7458;13.7;4.1
55;2021-04-02;902;75;25739;7533;14.2;4.1
55;2021-04-03;93;12;25832;7545;14.2;4.2
55;2021-04-04;2;0;25834;7545;14.2;4.2
55;2021-04-05;6;12;25840;7557;14.2;4.2
55;2021-04-06;933;277;26773;7834;14.7;4.3
55;2021-04-07;993;237;27766;8071;15.3;4.4
55;2021-04-08;1649;421;29415;8492;16.2;4.7
55;2021-04-09;1430;262;30845;8754;17.0;4.8
55;2021-04-10;242;174;31087;8928;17.1;4.9
55;2021-04-11;452;21;31539;8949;17.4;4.9
55;2021-04-12;855;329;32394;9278;17.8;5.1
55;2021-04-13;1355;528;33749;9806;18.6;5.4
55;2021-04-14;1372;728;35121;10534;19.3;5.8
55;2021-04-15;1636;459;36757;10993;20.2;6.1
55;2021-04-16;705;378;37462;11371;20.6;6.3
55;2021-04-17;677;30;38139;11401;21.0;6.3
55;2021-04-18;38;18;38177;11419;21.0;6.3
55;2021-04-19;961;347;39138;11766;21.5;6.5
55;2021-04-20;1173;775;40311;12541;22.2;6.9
55;2021-04-21;991;640;41302;13181;22.7;7.3
55;2021-04-22;1099;679;42401;13860;23.3;7.6
55;2021-04-23;1424;596;43825;14456;24.1;8.0
55;2021-04-24;313;124;44138;14580;24.3;8.0
55;2021-04-25;384;51;44522;14631;24.5;8.1
55;2021-04-26;478;816;45000;15447;24.8;8.5
55;2021-04-27;570;995;45570;16442;25.1;9.1
55;2021-04-28;931;816;46501;17258;25.6;9.5
55;2021-04-29;1118;857;47619;18115;26.2;10.0
55;2021-04-30;1280;623;48899;18738;26.9;10.3
55;2021-05-01;153;132;49052;18870;27.0;10.4
55;2021-05-02;2;3;49054;18873;27.0;10.4
55;2021-05-03;1208;629;50262;19502;27.7;10.7
55;2021-05-04;683;1179;50945;20681;28.0;11.4
55;2021-05-05;658;1074;51603;21755;28.4;12.0
55;2021-05-06;1347;1160;52950;22915;29.2;12.6
55;2021-05-07;1433;554;54383;23469;29.9;12.9
55;2021-05-08;156;77;54539;23546;30.0;13.0
55;2021-05-09;62;523;54601;24069;30.1;13.3
55;2021-05-10;860;1030;55461;25099;30.5;13.8
55;2021-05-11;1071;1378;56532;26477;31.1;14.6
55;2021-05-12;1031;1766;57563;28243;31.7;15.5
55;2021-05-13;99;75;57662;28318;31.7;15.6
55;2021-05-14;352;558;58014;28876;31.9;15.9
55;2021-05-15;292;492;58306;29368;32.1;16.2
55;2021-05-16;3;10;58309;29378;32.1;16.2
55;2021-05-17;1028;841;59337;30219;32.7;16.6
55;2021-05-18;1567;892;60904;31111;33.5;17.1
55;2021-05-19;1810;782;62714;31893;34.5;17.6
55;2021-05-20;2215;730;64929;32623;35.7;18.0
55;2021-05-21;2011;801;66940;33424;36.9;18.4
55;2021-05-22;198;166;67138;33590;37.0;18.5
55;2021-05-23;23;120;67161;33710;37.0;18.6
55;2021-05-24;0;0;67161;33710;37.0;18.6
55;2021-05-25;1347;653;68508;34363;37.7;18.9
55;2021-05-26;1674;1018;70182;35381;38.6;19.5
55;2021-05-27;1320;981;71502;36362;39.4;20.0
55;2021-05-28;1521;932;73023;37294;40.2;20.5
55;2021-05-29;1402;697;74425;37991;41.0;20.9
55;2021-05-30;15;206;74440;38197;41.0;21.0
55;2021-05-31;1049;1130;75489;39327;41.6;21.7
55;2021-06-01;918;957;76407;40284;42.1;22.2
55;2021-06-02;1163;986;77570;41270;42.7;22.7
55;2021-06-03;703;545;78273;41815;43.1;23.0
55;2021-06-04;1389;1101;79662;42916;43.9;23.6
55;2021-06-05;1366;277;81028;43193;44.6;23.8
55;2021-06-06;0;2;81028;43195;44.6;23.8
55;2021-06-07;790;714;81818;43909;45.0;24.2
55;2021-06-08;699;1075;82517;44984;45.4;24.8
55;2021-06-09;852;871;83369;45855;45.9;25.2
55;2021-06-10;379;275;83748;46130;46.1;25.4
55;2021-06-11;528;1287;84276;47417;46.4;26.1
55;2021-06-12;761;519;85037;47936;46.8;26.4
55;2021-06-13;265;33;85302;47969;47.0;26.4
55;2021-06-14;390;1363;85692;49332;47.2;27.2
55;2021-06-15;574;1212;86266;50544;47.5;27.8
55;2021-06-16;735;832;87001;51376;47.9;28.3
55;2021-06-17;425;859;87426;52235;48.1;28.8
55;2021-06-18;668;1475;88094;53710;48.5;29.6
55;2021-06-19;593;457;88687;54167;48.8;29.8
55;2021-06-20;0;0;88687;54167;48.8;29.8
55;2021-06-21;437;1023;89124;55190;49.1;30.4
55;2021-06-22;335;1014;89459;56204;49.3;30.9
55;2021-06-23;626;1211;90085;57415;49.6;31.6
55;2021-06-24;163;433;90248;57848;49.7;31.8
55;2021-06-25;642;1227;90890;59075;50.0;32.5
55;2021-06-26;418;339;91308;59414;50.3;32.7
55;2021-06-27;1;2;91309;59416;50.3;32.7
55;2021-06-28;149;1380;91458;60796;50.4;33.5
55;2021-06-29;202;1289;91660;62085;50.5;34.2
55;2021-06-30;272;1932;91932;64017;50.6;35.2
55;2021-07-01;387;1978;92319;65995;50.8;36.3
55;2021-07-02;391;1719;92710;67714;51.0;37.3
55;2021-07-03;108;262;92818;67976;51.1;37.4
55;2021-07-04;12;19;92830;67995;51.1;37.4
55;2021-07-05;222;1508;93052;69503;51.2;38.3
55;2021-07-06;327;900;93379;70403;51.4;38.8
55;2021-07-07;388;1801;93767;72204;51.6;39.8
55;2021-07-08;535;1594;94302;73798;51.9;40.6
55;2021-07-09;455;1479;94757;75277;52.2;41.4
55;2021-07-10;356;1112;95113;76389;52.4;42.1
55;2021-07-11;0;9;95113;76398;52.4;42.1
55;2021-07-12;608;1166;95721;77564;52.7;42.7
55;2021-07-13;599;1488;96320;79052;53.0;43.5
55;2021-07-14;0;13;96320;79065;53.0;43.5
55;2021-07-15;782;1646;97102;80711;53.5;44.4
55;2021-07-16;1254;1811;98356;82522;54.1;45.4
55;2021-07-17;1283;820;99639;83342;54.9;45.9
55;2021-07-18;1;2;99640;83344;54.9;45.9
55;2021-07-19;597;785;100237;84129;55.2;46.3
55;2021-07-20;995;1026;101232;85155;55.7;46.9
55;2021-07-21;1483;1368;102715;86523;56.5;47.6
55;2021-07-22;1170;566;103885;87089;57.2;47.9
55;2021-07-23;1107;1353;104992;88442;57.8;48.7
55;2021-07-24;817;762;105809;89204;58.3;49.1
55;2021-07-25;119;229;105928;89433;58.3;49.2
55;2021-07-26;669;444;106597;89877;58.7;49.5
55;2021-07-27;1156;479;107753;90356;59.3;49.7
55;2021-07-28;1038;1065;108791;91421;59.9;50.3
55;2021-07-29;670;447;109461;91868;60.3;50.6
55;2021-07-30;1271;964;110732;92832;61.0;51.1
55;2021-07-31;711;613;111443;93445;61.4;51.4
55;2021-08-01;9;5;111452;93450;61.4;51.4
55;2021-08-02;625;443;112077;93893;61.7;51.7
55;2021-08-03;640;419;112717;94312;62.1;51.9
55;2021-08-04;1246;956;113963;95268;62.7;52.4
55;2021-08-05;999;321;114962;95589;63.3;52.6
55;2021-08-06;811;1098;115773;96687;63.7;53.2
55;2021-08-07;596;336;116369;97023;64.1;53.4
55;2021-08-08;0;0;116369;97023;64.1;53.4
55;2021-08-09;398;306;116767;97329;64.3;53.6
55;2021-08-10;434;775;117201;98104;64.5;54.0
55;2021-08-11;590;644;117791;98748;64.8;54.4
55;2021-08-12;322;488;118113;99236;65.0;54.6
55;2021-08-13;426;1109;118539;100345;65.3;55.2
55;2021-08-14;135;192;118674;100537;65.3;55.3
55;2021-08-15;11;5;118685;100542;65.3;55.4
55;2021-08-16;245;739;118930;101281;65.5;55.8
55;2021-08-17;254;291;119184;101572;65.6;55.9
55;2021-08-18;540;1241;119724;102813;65.9;56.6
55;2021-08-19;449;960;120173;103773;66.2;57.1
55;2021-08-20;562;1013;120735;104786;66.5;57.7
55;2021-08-21;292;771;121027;105557;66.6;58.1
55;2021-08-22;8;6;121035;105563;66.6;58.1
55;2021-08-23;340;610;121375;106173;66.8;58.5
55;2021-08-24;301;831;121676;107004;67.0;58.9
55;2021-08-25;663;1171;122339;108175;67.4;59.6
55;2021-08-26;448;1250;122787;109425;67.6;60.2
55;2021-08-27;311;1246;123098;110671;67.8;60.9
55;2021-08-28;375;576;123473;111247;68.0;61.2
55;2021-08-29;209;50;123682;111297;68.1;61.3
55;2021-08-30;128;677;123810;111974;68.2;61.6
56;2020-12-27;0;0;0;0;0.0;0.0
56;2020-12-28;1;0;1;0;0.0;0.0
56;2020-12-29;0;0;1;0;0.0;0.0
56;2020-12-30;0;0;1;0;0.0;0.0
56;2020-12-31;0;0;1;0;0.0;0.0
56;2021-01-01;0;0;1;0;0.0;0.0
56;2021-01-02;1;0;2;0;0.0;0.0
56;2021-01-03;0;0;2;0;0.0;0.0
56;2021-01-04;1;0;3;0;0.0;0.0
56;2021-01-05;1;0;4;0;0.0;0.0
56;2021-01-06;2;0;6;0;0.0;0.0
56;2021-01-07;198;0;204;0;0.0;0.0
56;2021-01-08;119;0;323;0;0.0;0.0
56;2021-01-09;1;0;324;0;0.0;0.0
56;2021-01-10;1;0;325;0;0.0;0.0
56;2021-01-11;242;0;567;0;0.1;0.0
56;2021-01-12;754;0;1321;0;0.2;0.0
56;2021-01-13;638;1;1959;1;0.3;0.0
56;2021-01-14;970;2;2929;3;0.4;0.0
56;2021-01-15;843;5;3772;8;0.5;0.0
56;2021-01-16;234;3;4006;11;0.5;0.0
56;2021-01-17;27;0;4033;11;0.5;0.0
56;2021-01-18;1005;1;5038;12;0.7;0.0
56;2021-01-19;864;1;5902;13;0.8;0.0
56;2021-01-20;884;1;6786;14;0.9;0.0
56;2021-01-21;1449;2;8235;16;1.1;0.0
56;2021-01-22;1181;3;9416;19;1.2;0.0
56;2021-01-23;319;2;9735;21;1.3;0.0
56;2021-01-24;6;0;9741;21;1.3;0.0
56;2021-01-25;830;0;10571;21;1.4;0.0
56;2021-01-26;1034;4;11605;25;1.5;0.0
56;2021-01-27;1082;62;12687;87;1.7;0.0
56;2021-01-28;975;123;13662;210;1.8;0.0
56;2021-01-29;873;107;14535;317;1.9;0.0
56;2021-01-30;139;19;14674;336;1.9;0.0
56;2021-01-31;0;0;14674;336;1.9;0.0
56;2021-02-01;479;155;15153;491;2.0;0.1
56;2021-02-02;941;257;16094;748;2.1;0.1
56;2021-02-03;1023;270;17117;1018;2.3;0.1
56;2021-02-04;4700;351;21817;1369;2.9;0.2
56;2021-02-05;3592;433;25409;1802;3.4;0.2
56;2021-02-06;550;170;25959;1972;3.4;0.3
56;2021-02-07;136;26;26095;1998;3.5;0.3
56;2021-02-08;296;290;26391;2288;3.5;0.3
56;2021-02-09;795;504;27186;2792;3.6;0.4
56;2021-02-10;865;699;28051;3491;3.7;0.5
56;2021-02-11;973;1075;29024;4566;3.8;0.6
56;2021-02-12;1151;640;30175;5206;4.0;0.7
56;2021-02-13;220;103;30395;5309;4.0;0.7
56;2021-02-14;6;46;30401;5355;4.0;0.7
56;2021-02-15;622;1084;31023;6439;4.1;0.9
56;2021-02-16;1220;736;32243;7175;4.3;0.9
56;2021-02-17;1189;955;33432;8130;4.4;1.1
56;2021-02-18;1352;881;34784;9011;4.6;1.2
56;2021-02-19;1322;913;36106;9924;4.8;1.3
56;2021-02-20;365;258;36471;10182;4.8;1.3
56;2021-02-21;1;0;36472;10182;4.8;1.3
56;2021-02-22;374;694;36846;10876;4.9;1.4
56;2021-02-23;741;951;37587;11827;5.0;1.6
56;2021-02-24;915;1184;38502;13011;5.1;1.7
56;2021-02-25;2031;4255;40533;17266;5.4;2.3
56;2021-02-26;2356;2255;42889;19521;5.7;2.6
56;2021-02-27;745;446;43634;19967;5.8;2.6
56;2021-02-28;15;114;43649;20081;5.8;2.7
56;2021-03-01;647;557;44296;20638;5.9;2.7
56;2021-03-02;979;788;45275;21426;6.0;2.8
56;2021-03-03;1150;910;46425;22336;6.1;3.0
56;2021-03-04;1966;1037;48391;23373;6.4;3.1
56;2021-03-05;2582;1431;50973;24804;6.7;3.3
56;2021-03-06;1207;219;52180;25023;6.9;3.3
56;2021-03-07;282;24;52462;25047;6.9;3.3
56;2021-03-08;1140;392;53602;25439;7.1;3.4
56;2021-03-09;2041;631;55643;26070;7.4;3.5
56;2021-03-10;2001;937;57644;27007;7.6;3.6
56;2021-03-11;3253;737;60897;27744;8.1;3.7
56;2021-03-12;4208;826;65105;28570;8.6;3.8
56;2021-03-13;1882;148;66987;28718;8.9;3.8
56;2021-03-14;195;2;67182;28720;8.9;3.8
56;2021-03-15;1283;529;68465;29249;9.1;3.9
56;2021-03-16;1089;1029;69554;30278;9.2;4.0
56;2021-03-17;1370;773;70924;31051;9.4;4.1
56;2021-03-18;2000;1873;72924;32924;9.7;4.4
56;2021-03-19;2943;1398;75867;34322;10.0;4.5
56;2021-03-20;1493;207;77360;34529;10.2;4.6
56;2021-03-21;208;22;77568;34551;10.3;4.6
56;2021-03-22;1610;405;79178;34956;10.5;4.6
56;2021-03-23;2806;687;81984;35643;10.9;4.7
56;2021-03-24;3450;525;85434;36168;11.3;4.8
56;2021-03-25;4239;725;89673;36893;11.9;4.9
56;2021-03-26;5092;782;94765;37675;12.5;5.0
56;2021-03-27;1501;294;96266;37969;12.7;5.0
56;2021-03-28;264;11;96530;37980;12.8;5.0
56;2021-03-29;2235;505;98765;38485;13.1;5.1
56;2021-03-30;3519;784;102284;39269;13.5;5.2
56;2021-03-31;3116;720;105400;39989;13.9;5.3
56;2021-04-01;4077;819;109477;40808;14.5;5.4
56;2021-04-02;3927;951;113404;41759;15.0;5.5
56;2021-04-03;1186;270;114590;42029;15.2;5.6
56;2021-04-04;232;3;114822;42032;15.2;5.6
56;2021-04-05;244;8;115066;42040;15.2;5.6
56;2021-04-06;2824;1233;117890;43273;15.6;5.7
56;2021-04-07;4024;1191;121914;44464;16.1;5.9
56;2021-04-08;5298;1164;127212;45628;16.8;6.0
56;2021-04-09;7390;1282;134602;46910;17.8;6.2
56;2021-04-10;2578;427;137180;47337;18.2;6.3
56;2021-04-11;193;101;137373;47438;18.2;6.3
56;2021-04-12;3933;837;141306;48275;18.7;6.4
56;2021-04-13;5966;1265;147272;49540;19.5;6.6
56;2021-04-14;5167;1430;152439;50970;20.2;6.7
56;2021-04-15;7154;1773;159593;52743;21.1;7.0
56;2021-04-16;7843;2014;167436;54757;22.2;7.2
56;2021-04-17;3132;646;170568;55403;22.6;7.3
56;2021-04-18;528;108;171096;55511;22.6;7.3
56;2021-04-19;3719;1263;174815;56774;23.1;7.5
56;2021-04-20;4107;1978;178922;58752;23.7;7.8
56;2021-04-21;4061;2322;182983;61074;24.2;8.1
56;2021-04-22;5174;1925;188157;62999;24.9;8.3
56;2021-04-23;5171;2417;193328;65416;25.6;8.7
56;2021-04-24;2900;643;196228;66059;26.0;8.7
56;2021-04-25;465;150;196693;66209;26.0;8.8
56;2021-04-26;4708;1669;201401;67878;26.7;9.0
56;2021-04-27;5098;2550;206499;70428;27.3;9.3
56;2021-04-28;4968;2243;211467;72671;28.0;9.6
56;2021-04-29;5842;2941;217309;75612;28.8;10.0
56;2021-04-30;6246;2809;223555;78421;29.6;10.4
56;2021-05-01;2489;362;226044;78783;29.9;10.4
56;2021-05-02;307;254;226351;79037;30.0;10.5
56;2021-05-03;3865;2069;230216;81106;30.5;10.7
56;2021-05-04;4383;3906;234599;85012;31.0;11.3
56;2021-05-05;3523;3876;238122;88888;31.5;11.8
56;2021-05-06;4375;5442;242497;94330;32.1;12.5
56;2021-05-07;4268;5012;246765;99342;32.7;13.1
56;2021-05-08;1644;319;248409;99661;32.9;13.2
56;2021-05-09;495;227;248904;99888;32.9;13.2
56;2021-05-10;3750;3811;252654;103699;33.4;13.7
56;2021-05-11;4170;5052;256824;108751;34.0;14.4
56;2021-05-12;4342;4777;261166;113528;34.6;15.0
56;2021-05-13;2397;1012;263563;114540;34.9;15.2
56;2021-05-14;4228;4361;267791;118901;35.4;15.7
56;2021-05-15;2487;1894;270278;120795;35.8;16.0
56;2021-05-16;237;488;270515;121283;35.8;16.1
56;2021-05-17;2512;3668;273027;124951;36.1;16.5
56;2021-05-18;3520;4085;276547;129036;36.6;17.1
56;2021-05-19;3528;3390;280075;132426;37.1;17.5
56;2021-05-20;3803;4820;283878;137246;37.6;18.2
56;2021-05-21;3746;5229;287624;142475;38.1;18.9
56;2021-05-22;1698;2208;289322;144683;38.3;19.1
56;2021-05-23;284;197;289606;144880;38.3;19.2
56;2021-05-24;2058;498;291664;145378;38.6;19.2
56;2021-05-25;3139;4468;294803;149846;39.0;19.8
56;2021-05-26;3735;3899;298538;153745;39.5;20.3
56;2021-05-27;4361;4869;302899;158614;40.1;21.0
56;2021-05-28;4637;5961;307536;164575;40.7;21.8
56;2021-05-29;1886;1635;309422;166210;41.0;22.0
56;2021-05-30;318;67;309740;166277;41.0;22.0
56;2021-05-31;4502;3223;314242;169500;41.6;22.4
56;2021-06-01;5665;3384;319907;172884;42.3;22.9
56;2021-06-02;5637;2954;325544;175838;43.1;23.3
56;2021-06-03;6188;3308;331732;179146;43.9;23.7
56;2021-06-04;5814;4411;337546;183557;44.7;24.3
56;2021-06-05;4346;2384;341892;185941;45.2;24.6
56;2021-06-06;496;616;342388;186557;45.3;24.7
56;2021-06-07;5104;3173;347492;189730;46.0;25.1
56;2021-06-08;6069;3377;353561;193107;46.8;25.6
56;2021-06-09;6433;2813;359994;195920;47.6;25.9
56;2021-06-10;7479;2874;367473;198794;48.6;26.3
56;2021-06-11;6765;3869;374238;202663;49.5;26.8
56;2021-06-12;5102;2065;379340;204728;50.2;27.1
56;2021-06-13;1980;439;381320;205167;50.5;27.2
56;2021-06-14;3311;4593;384631;209760;50.9;27.8
56;2021-06-15;4204;4898;388835;214658;51.5;28.4
56;2021-06-16;4497;4503;393332;219161;52.1;29.0
56;2021-06-17;4258;4753;397590;223914;52.6;29.6
56;2021-06-18;4517;5975;402107;229889;53.2;30.4
56;2021-06-19;3837;2144;405944;232033;53.7;30.7
56;2021-06-20;1504;340;407448;232373;53.9;30.8
56;2021-06-21;3309;4462;410757;236835;54.4;31.3
56;2021-06-22;3485;5446;414242;242281;54.8;32.1
56;2021-06-23;3764;5062;418006;247343;55.3;32.7
56;2021-06-24;3477;5320;421483;252663;55.8;33.4
56;2021-06-25;3883;6279;425366;258942;56.3;34.3
56;2021-06-26;3203;2916;428569;261858;56.7;34.7
56;2021-06-27;305;162;428874;262020;56.8;34.7
56;2021-06-28;1576;3982;430450;266002;57.0;35.2
56;2021-06-29;2435;5771;432885;271773;57.3;36.0
56;2021-06-30;2498;5560;435383;277333;57.6;36.7
56;2021-07-01;2734;4958;438117;282291;58.0;37.4
56;2021-07-02;2657;6206;440774;288497;58.3;38.2
56;2021-07-03;2205;2683;442979;291180;58.6;38.5
56;2021-07-04;779;811;443758;291991;58.7;38.6
56;2021-07-05;1872;5443;445630;297434;59.0;39.4
56;2021-07-06;2190;5933;447820;303367;59.3;40.2
56;2021-07-07;2845;5643;450665;309010;59.6;40.9
56;2021-07-08;3085;6037;453750;315047;60.1;41.7
56;2021-07-09;2218;7100;455968;322147;60.3;42.6
56;2021-07-10;1127;3004;457095;325151;60.5;43.0
56;2021-07-11;256;344;457351;325495;60.5;43.1
56;2021-07-12;2181;6606;459532;332101;60.8;44.0
56;2021-07-13;3260;7465;462792;339566;61.3;44.9
56;2021-07-14;1784;2589;464576;342155;61.5;45.3
56;2021-07-15;3820;7067;468396;349222;62.0;46.2
56;2021-07-16;4077;8097;472473;357319;62.5;47.3
56;2021-07-17;2319;3521;474792;360840;62.8;47.8
56;2021-07-18;256;478;475048;361318;62.9;47.8
56;2021-07-19;2865;6358;477913;367676;63.3;48.7
56;2021-07-20;3723;7916;481636;375592;63.7;49.7
56;2021-07-21;3094;7520;484730;383112;64.2;50.7
56;2021-07-22;4391;8033;489121;391145;64.7;51.8
56;2021-07-23;4389;8410;493510;399555;65.3;52.9
56;2021-07-24;1686;4600;495196;404155;65.5;53.5
56;2021-07-25;551;1919;495747;406074;65.6;53.7
56;2021-07-26;3683;5465;499430;411539;66.1;54.5
56;2021-07-27;5373;6202;504803;417741;66.8;55.3
56;2021-07-28;4688;5464;509491;423205;67.4;56.0
56;2021-07-29;5379;5626;514870;428831;68.1;56.8
56;2021-07-30;5382;5856;520252;434687;68.9;57.5
56;2021-07-31;2152;2694;522404;437381;69.1;57.9
56;2021-08-01;1227;976;523631;438357;69.3;58.0
56;2021-08-02;4510;4603;528141;442960;69.9;58.6
56;2021-08-03;6372;4959;534513;447919;70.7;59.3
56;2021-08-04;5939;4354;540452;452273;71.5;59.9
56;2021-08-05;6080;4608;546532;456881;72.3;60.5
56;2021-08-06;5821;4915;552353;461796;73.1;61.1
56;2021-08-07;2845;2226;555198;464022;73.5;61.4
56;2021-08-08;1821;561;557019;464583;73.7;61.5
56;2021-08-09;3905;4267;560924;468850;74.2;62.1
56;2021-08-10;4919;4609;565843;473459;74.9;62.7
56;2021-08-11;4540;4143;570383;477602;75.5;63.2
56;2021-08-12;4463;4539;574846;482141;76.1;63.8
56;2021-08-13;4197;4808;579043;486949;76.6;64.4
56;2021-08-14;1770;2137;580813;489086;76.9;64.7
56;2021-08-15;349;485;581162;489571;76.9;64.8
56;2021-08-16;3049;4518;584211;494089;77.3;65.4
56;2021-08-17;3742;5049;587953;499138;77.8;66.1
56;2021-08-18;3724;4604;591677;503742;78.3;66.7
56;2021-08-19;3053;4986;594730;508728;78.7;67.3
56;2021-08-20;2889;5260;597619;513988;79.1;68.0
56;2021-08-21;1152;2397;598771;516385;79.2;68.3
56;2021-08-22;129;503;598900;516888;79.3;68.4
56;2021-08-23;1920;4961;600820;521849;79.5;69.1
56;2021-08-24;1922;5514;602742;527363;79.8;69.8
56;2021-08-25;1701;5057;604443;532420;80.0;70.5
56;2021-08-26;1391;5318;605834;537738;80.2;71.2
56;2021-08-27;1725;5868;607559;543606;80.4;71.9
56;2021-08-28;591;2809;608150;546415;80.5;72.3
56;2021-08-29;79;477;608229;546892;80.5;72.4
56;2021-08-30;1371;4745;609600;551637;80.7;73.0
57;2020-12-27;2;0;2;0;0.0;0.0
57;2020-12-28;0;0;2;0;0.0;0.0
57;2020-12-29;1;0;3;0;0.0;0.0
57;2020-12-30;1;0;4;0;0.0;0.0
57;2020-12-31;0;0;4;0;0.0;0.0
57;2021-01-01;0;0;4;0;0.0;0.0
57;2021-01-02;3;0;7;0;0.0;0.0
57;2021-01-03;0;0;7;0;0.0;0.0
57;2021-01-04;16;0;23;0;0.0;0.0
57;2021-01-05;199;0;222;0;0.0;0.0
57;2021-01-06;226;1;448;1;0.0;0.0
57;2021-01-07;584;2;1032;3;0.1;0.0
57;2021-01-08;509;2;1541;5;0.1;0.0
57;2021-01-09;202;0;1743;5;0.2;0.0
57;2021-01-10;108;1;1851;6;0.2;0.0
57;2021-01-11;470;1;2321;7;0.2;0.0
57;2021-01-12;613;6;2934;13;0.3;0.0
57;2021-01-13;695;2;3629;15;0.4;0.0
57;2021-01-14;707;6;4336;21;0.4;0.0
57;2021-01-15;636;5;4972;26;0.5;0.0
57;2021-01-16;452;1;5424;27;0.5;0.0
57;2021-01-17;493;1;5917;28;0.6;0.0
57;2021-01-18;2715;20;8632;48;0.8;0.0
57;2021-01-19;2567;19;11199;67;1.1;0.0
57;2021-01-20;2763;20;13962;87;1.3;0.0
57;2021-01-21;1794;5;15756;92;1.5;0.0
57;2021-01-22;1325;8;17081;100;1.6;0.0
57;2021-01-23;543;15;17624;115;1.7;0.0
57;2021-01-24;1;0;17625;115;1.7;0.0
57;2021-01-25;870;186;18495;301;1.8;0.0
57;2021-01-26;1112;213;19607;514;1.9;0.0
57;2021-01-27;1070;183;20677;697;2.0;0.1
57;2021-01-28;1040;296;21717;993;2.1;0.1
57;2021-01-29;982;391;22699;1384;2.2;0.1
57;2021-01-30;440;92;23139;1476;2.2;0.1
57;2021-01-31;11;27;23150;1503;2.2;0.1
57;2021-02-01;826;350;23976;1853;2.3;0.2
57;2021-02-02;989;363;24965;2216;2.4;0.2
57;2021-02-03;986;318;25951;2534;2.5;0.2
57;2021-02-04;1138;801;27089;3335;2.6;0.3
57;2021-02-05;930;354;28019;3689;2.7;0.4
57;2021-02-06;481;345;28500;4034;2.8;0.4
57;2021-02-07;103;335;28603;4369;2.8;0.4
57;2021-02-08;1258;1556;29861;5925;2.9;0.6
57;2021-02-09;1762;1673;31623;7598;3.1;0.7
57;2021-02-10;1712;2071;33335;9669;3.2;0.9
57;2021-02-11;1486;1327;34821;10996;3.4;1.1
57;2021-02-12;1227;677;36048;11673;3.5;1.1
57;2021-02-13;1152;178;37200;11851;3.6;1.1
57;2021-02-14;1210;28;38410;11879;3.7;1.1
57;2021-02-15;766;857;39176;12736;3.8;1.2
57;2021-02-16;1073;796;40249;13532;3.9;1.3
57;2021-02-17;1009;956;41258;14488;4.0;1.4
57;2021-02-18;974;1157;42232;15645;4.1;1.5
57;2021-02-19;956;933;43188;16578;4.2;1.6
57;2021-02-20;1173;614;44361;17192;4.3;1.7
57;2021-02-21;323;13;44684;17205;4.3;1.7
57;2021-02-22;1230;907;45914;18112;4.4;1.7
57;2021-02-23;2235;1083;48149;19195;4.6;1.9
57;2021-02-24;2286;1001;50435;20196;4.9;1.9
57;2021-02-25;3298;1117;53733;21313;5.2;2.1
57;2021-02-26;3590;957;57323;22270;5.5;2.1
57;2021-02-27;3696;535;61019;22805;5.9;2.2
57;2021-02-28;1896;60;62915;22865;6.1;2.2
57;2021-03-01;2050;1339;64965;24204;6.3;2.3
57;2021-03-02;2858;1609;67823;25813;6.5;2.5
57;2021-03-03;2806;1616;70629;27429;6.8;2.6
57;2021-03-04;3274;1306;73903;28735;7.1;2.8
57;2021-03-05;4456;1250;78359;29985;7.6;2.9
57;2021-03-06;7246;796;85605;30781;8.3;3.0
57;2021-03-07;6071;279;91676;31060;8.9;3.0
57;2021-03-08;2298;1011;93974;32071;9.1;3.1
57;2021-03-09;3386;1306;97360;33377;9.4;3.2
57;2021-03-10;3582;975;100942;34352;9.7;3.3
57;2021-03-11;4037;1257;104979;35609;10.1;3.4
57;2021-03-12;5106;1216;110085;36825;10.6;3.6
57;2021-03-13;6283;988;116368;37813;11.2;3.7
57;2021-03-14;2425;429;118793;38242;11.5;3.7
57;2021-03-15;2962;883;121755;39125;11.8;3.8
57;2021-03-16;3061;1281;124816;40406;12.0;3.9
57;2021-03-17;3051;1143;127867;41549;12.3;4.0
57;2021-03-18;3401;1078;131268;42627;12.7;4.1
57;2021-03-19;4626;1042;135894;43669;13.1;4.2
57;2021-03-20;4702;1032;140596;44701;13.6;4.3
57;2021-03-21;1895;256;142491;44957;13.8;4.3
57;2021-03-22;2480;1475;144971;46432;14.0;4.5
57;2021-03-23;3442;2342;148413;48774;14.3;4.7
57;2021-03-24;3896;2149;152309;50923;14.7;4.9
57;2021-03-25;4739;2595;157048;53518;15.2;5.2
57;2021-03-26;4842;2261;161890;55779;15.6;5.4
57;2021-03-27;3710;3156;165600;58935;16.0;5.7
57;2021-03-28;1401;1849;167001;60784;16.1;5.9
57;2021-03-29;1935;2175;168936;62959;16.3;6.1
57;2021-03-30;3300;2488;172236;65447;16.6;6.3
57;2021-03-31;2824;2304;175060;67751;16.9;6.5
57;2021-04-01;3223;3169;178283;70920;17.2;6.8
57;2021-04-02;2392;2580;180675;73500;17.4;7.1
57;2021-04-03;2567;2666;183242;76166;17.7;7.4
57;2021-04-04;593;969;183835;77135;17.7;7.4
57;2021-04-05;1922;670;185757;77805;17.9;7.5
57;2021-04-06;2452;2831;188209;80636;18.2;7.8
57;2021-04-07;3812;3095;192021;83731;18.5;8.1
57;2021-04-08;5612;2908;197633;86639;19.1;8.4
57;2021-04-09;5012;2729;202645;89368;19.6;8.6
57;2021-04-10;2352;3641;204997;93009;19.8;9.0
57;2021-04-11;1099;1890;206096;94899;19.9;9.2
57;2021-04-12;1793;2753;207889;97652;20.1;9.4
57;2021-04-13;1976;3030;209865;100682;20.3;9.7
57;2021-04-14;1919;2992;211784;103674;20.4;10.0
57;2021-04-15;2367;3431;214151;107105;20.7;10.3
57;2021-04-16;2701;3293;216852;110398;20.9;10.7
57;2021-04-17;2473;3182;219325;113580;21.2;11.0
57;2021-04-18;1244;1775;220569;115355;21.3;11.1
57;2021-04-19;2141;2260;222710;117615;21.5;11.4
57;2021-04-20;2514;2784;225224;120399;21.7;11.6
57;2021-04-21;2569;2379;227793;122778;22.0;11.9
57;2021-04-22;3207;2252;231000;125030;22.3;12.1
57;2021-04-23;4055;2578;235055;127608;22.7;12.3
57;2021-04-24;3394;2562;238449;130170;23.0;12.6
57;2021-04-25;757;1127;239206;131297;23.1;12.7
57;2021-04-26;2971;1998;242177;133295;23.4;12.9
57;2021-04-27;3899;2377;246076;135672;23.8;13.1
57;2021-04-28;4212;2592;250288;138264;24.2;13.3
57;2021-04-29;5259;3453;255547;141717;24.7;13.7
57;2021-04-30;4730;3552;260277;145269;25.1;14.0
57;2021-05-01;2352;1685;262629;146954;25.4;14.2
57;2021-05-02;790;913;263419;147867;25.4;14.3
57;2021-05-03;3565;2995;266984;150862;25.8;14.6
57;2021-05-04;4871;3165;271855;154027;26.2;14.9
57;2021-05-05;6123;3171;277978;157198;26.8;15.2
57;2021-05-06;5991;3284;283969;160482;27.4;15.5
57;2021-05-07;6852;3445;290821;163927;28.1;15.8
57;2021-05-08;4052;1607;294873;165534;28.5;16.0
57;2021-05-09;2048;1114;296921;166648;28.7;16.1
57;2021-05-10;5129;3071;302050;169719;29.2;16.4
57;2021-05-11;7449;2851;309499;172570;29.9;16.7
57;2021-05-12;7848;3248;317347;175818;30.6;17.0
57;2021-05-13;4511;913;321858;176731;31.1;17.1
57;2021-05-14;7838;2633;329696;179364;31.8;17.3
57;2021-05-15;5967;2055;335663;181419;32.4;17.5
57;2021-05-16;3309;577;338972;181996;32.7;17.6
57;2021-05-17;3866;2067;342838;184063;33.1;17.8
57;2021-05-18;6292;2104;349130;186167;33.7;18.0
57;2021-05-19;7020;2330;356150;188497;34.4;18.2
57;2021-05-20;6051;2183;362201;190680;35.0;18.4
57;2021-05-21;7564;2922;369765;193602;35.7;18.7
57;2021-05-22;4894;2169;374659;195771;36.2;18.9
57;2021-05-23;1964;431;376623;196202;36.4;18.9
57;2021-05-24;3032;1065;379655;197267;36.7;19.0
57;2021-05-25;5577;2803;385232;200070;37.2;19.3
57;2021-05-26;6377;3183;391609;203253;37.8;19.6
57;2021-05-27;5795;3123;397404;206376;38.4;19.9
57;2021-05-28;7026;4749;404430;211125;39.0;20.4
57;2021-05-29;5224;4251;409654;215376;39.5;20.8
57;2021-05-30;1967;1742;411621;217118;39.7;21.0
57;2021-05-31;4319;3340;415940;220458;40.2;21.3
57;2021-06-01;5935;3714;421875;224172;40.7;21.6
57;2021-06-02;6341;3907;428216;228079;41.3;22.0
57;2021-06-03;6214;3701;434430;231780;41.9;22.4
57;2021-06-04;7569;4992;441999;236772;42.7;22.9
57;2021-06-05;4769;4032;446768;240804;43.1;23.2
57;2021-06-06;1993;890;448761;241694;43.3;23.3
57;2021-06-07;4325;4038;453086;245732;43.7;23.7
57;2021-06-08;6718;4317;459804;250049;44.4;24.1
57;2021-06-09;6884;4158;466688;254207;45.1;24.5
57;2021-06-10;6220;4594;472908;258801;45.7;25.0
57;2021-06-11;5367;5367;478275;264168;46.2;25.5
57;2021-06-12;5742;4451;484017;268619;46.7;25.9
57;2021-06-13;1500;1142;485517;269761;46.9;26.0
57;2021-06-14;3383;4705;488900;274466;47.2;26.5
57;2021-06-15;3817;6021;492717;280487;47.6;27.1
57;2021-06-16;4402;6596;497119;287083;48.0;27.7
57;2021-06-17;4198;6071;501317;293154;48.4;28.3
57;2021-06-18;4275;7306;505592;300460;48.8;29.0
57;2021-06-19;4157;6292;509749;306752;49.2;29.6
57;2021-06-20;987;1667;510736;308419;49.3;29.8
57;2021-06-21;2067;5969;512803;314388;49.5;30.4
57;2021-06-22;2640;7986;515443;322374;49.8;31.1
57;2021-06-23;3074;8389;518517;330763;50.1;31.9
57;2021-06-24;2456;5292;520973;336055;50.3;32.4
57;2021-06-25;2856;7828;523829;343883;50.6;33.2
57;2021-06-26;2870;7260;526699;351143;50.8;33.9
57;2021-06-27;754;2987;527453;354130;50.9;34.2
57;2021-06-28;1590;5078;529043;359208;51.1;34.7
57;2021-06-29;2086;6832;531129;366040;51.3;35.3
57;2021-06-30;3067;7324;534196;373364;51.6;36.0
57;2021-07-01;2695;5959;536891;379323;51.8;36.6
57;2021-07-02;2691;8080;539582;387403;52.1;37.4
57;2021-07-03;3238;6527;542820;393930;52.4;38.0
57;2021-07-04;946;2468;543766;396398;52.5;38.3
57;2021-07-05;1709;4608;545475;401006;52.7;38.7
57;2021-07-06;2425;6480;547900;407486;52.9;39.3
57;2021-07-07;2729;7089;550629;414575;53.2;40.0
57;2021-07-08;2494;5878;553123;420453;53.4;40.6
57;2021-07-09;3428;8417;556551;428870;53.7;41.4
57;2021-07-10;3094;6939;559645;435809;54.0;42.1
57;2021-07-11;855;2232;560500;438041;54.1;42.3
57;2021-07-12;2437;6438;562937;444479;54.3;42.9
57;2021-07-13;4414;7506;567351;451985;54.8;43.6
57;2021-07-14;2824;3843;570175;455828;55.0;44.0
57;2021-07-15;3954;7784;574129;463612;55.4;44.8
57;2021-07-16;5643;9829;579772;473441;56.0;45.7
57;2021-07-17;5825;7288;585597;480729;56.5;46.4
57;2021-07-18;1492;2661;587089;483390;56.7;46.7
57;2021-07-19;2366;6206;589455;489596;56.9;47.3
57;2021-07-20;4324;6913;593779;496509;57.3;47.9
57;2021-07-21;5299;6902;599078;503411;57.8;48.6
57;2021-07-22;5953;5959;605031;509370;58.4;49.2
57;2021-07-23;7020;6398;612051;515768;59.1;49.8
57;2021-07-24;4531;7036;616582;522804;59.5;50.5
57;2021-07-25;1335;1768;617917;524572;59.7;50.6
57;2021-07-26;3721;4494;621638;529066;60.0;51.1
57;2021-07-27;6866;4932;628504;533998;60.7;51.6
57;2021-07-28;7480;4561;635984;538559;61.4;52.0
57;2021-07-29;7617;4587;643601;543146;62.1;52.4
57;2021-07-30;6867;4892;650468;548038;62.8;52.9
57;2021-07-31;5708;5016;656176;553054;63.3;53.4
57;2021-08-01;2023;1115;658199;554169;63.5;53.5
57;2021-08-02;3520;3179;661719;557348;63.9;53.8
57;2021-08-03;5491;4281;667210;561629;64.4;54.2
57;2021-08-04;5219;3464;672429;565093;64.9;54.6
57;2021-08-05;5372;3772;677801;568865;65.4;54.9
57;2021-08-06;5611;4845;683412;573710;66.0;55.4
57;2021-08-07;4568;5152;687980;578862;66.4;55.9
57;2021-08-08;1472;1503;689452;580365;66.6;56.0
57;2021-08-09;2610;3170;692062;583535;66.8;56.3
57;2021-08-10;3490;3786;695552;587321;67.1;56.7
57;2021-08-11;3690;4023;699242;591344;67.5;57.1
57;2021-08-12;3132;5218;702374;596562;67.8;57.6
57;2021-08-13;3454;4724;705828;601286;68.1;58.0
57;2021-08-14;2145;5182;707973;606468;68.3;58.5
57;2021-08-15;528;1091;708501;607559;68.4;58.7
57;2021-08-16;1777;3563;710278;611122;68.6;59.0
57;2021-08-17;2361;5355;712639;616477;68.8;59.5
57;2021-08-18;2432;5371;715071;621848;69.0;60.0
57;2021-08-19;2201;5481;717272;627329;69.2;60.6
57;2021-08-20;2042;6016;719314;633345;69.4;61.1
57;2021-08-21;1860;5379;721174;638724;69.6;61.7
57;2021-08-22;453;1528;721627;640252;69.7;61.8
57;2021-08-23;1141;3712;722768;643964;69.8;62.2
57;2021-08-24;1804;5607;724572;649571;69.9;62.7
57;2021-08-25;1599;5311;726171;654882;70.1;63.2
57;2021-08-26;1560;4660;727731;659542;70.3;63.7
57;2021-08-27;1756;5872;729487;665414;70.4;64.2
57;2021-08-28;1999;5365;731486;670779;70.6;64.8
57;2021-08-29;339;1087;731825;671866;70.6;64.9
57;2021-08-30;1019;3249;732844;675115;70.7;65.2
58;2020-12-27;0;0;0;0;0.0;0.0
58;2020-12-28;0;0;0;0;0.0;0.0
58;2020-12-29;1;0;1;0;0.0;0.0
58;2020-12-30;0;0;1;0;0.0;0.0
58;2020-12-31;0;0;1;0;0.0;0.0
58;2021-01-01;0;0;1;0;0.0;0.0
58;2021-01-02;0;0;1;0;0.0;0.0
58;2021-01-03;1;0;2;0;0.0;0.0
58;2021-01-04;0;0;2;0;0.0;0.0
58;2021-01-05;2;0;4;0;0.0;0.0
58;2021-01-06;145;0;149;0;0.1;0.0
58;2021-01-07;241;0;390;0;0.2;0.0
58;2021-01-08;63;0;453;0;0.2;0.0
58;2021-01-09;1;0;454;0;0.2;0.0
58;2021-01-10;0;0;454;0;0.2;0.0
58;2021-01-11;54;0;508;0;0.3;0.0
58;2021-01-12;258;0;766;0;0.4;0.0
58;2021-01-13;406;0;1172;0;0.6;0.0
58;2021-01-14;291;1;1463;1;0.7;0.0
58;2021-01-15;141;0;1604;1;0.8;0.0
58;2021-01-16;10;1;1614;2;0.8;0.0
58;2021-01-17;0;0;1614;2;0.8;0.0
58;2021-01-18;413;1;2027;3;1.0;0.0
58;2021-01-19;986;2;3013;5;1.5;0.0
58;2021-01-20;1206;2;4219;7;2.1;0.0
58;2021-01-21;962;4;5181;11;2.6;0.0
58;2021-01-22;779;3;5960;14;3.0;0.0
58;2021-01-23;251;0;6211;14;3.1;0.0
58;2021-01-24;2;0;6213;14;3.1;0.0
58;2021-01-25;439;0;6652;14;3.3;0.0
58;2021-01-26;650;4;7302;18;3.7;0.0
58;2021-01-27;604;44;7906;62;4.0;0.0
58;2021-01-28;756;66;8662;128;4.3;0.1
58;2021-01-29;837;7;9499;135;4.8;0.1
58;2021-01-30;281;0;9780;135;4.9;0.1
58;2021-01-31;10;0;9790;135;4.9;0.1
58;2021-02-01;200;71;9990;206;5.0;0.1
58;2021-02-02;566;82;10556;288;5.3;0.1
58;2021-02-03;279;147;10835;435;5.4;0.2
58;2021-02-04;285;93;11120;528;5.6;0.3
58;2021-02-05;184;93;11304;621;5.7;0.3
58;2021-02-06;89;0;11393;621;5.7;0.3
58;2021-02-07;0;0;11393;621;5.7;0.3
58;2021-02-08;306;71;11699;692;5.9;0.3
58;2021-02-09;503;313;12202;1005;6.1;0.5
58;2021-02-10;350;377;12552;1382;6.3;0.7
58;2021-02-11;287;379;12839;1761;6.4;0.9
58;2021-02-12;243;202;13082;1963;6.6;1.0
58;2021-02-13;83;29;13165;1992;6.6;1.0
58;2021-02-14;0;3;13165;1995;6.6;1.0
58;2021-02-15;114;523;13279;2518;6.7;1.3
58;2021-02-16;209;935;13488;3453;6.8;1.7
58;2021-02-17;221;758;13709;4211;6.9;2.1
58;2021-02-18;187;787;13896;4998;7.0;2.5
58;2021-02-19;241;720;14137;5718;7.1;2.9
58;2021-02-20;62;228;14199;5946;7.1;3.0
58;2021-02-21;0;30;14199;5976;7.1;3.0
58;2021-02-22;78;401;14277;6377;7.2;3.2
58;2021-02-23;49;617;14326;6994;7.2;3.5
58;2021-02-24;39;628;14365;7622;7.2;3.8
58;2021-02-25;252;701;14617;8323;7.3;4.2
58;2021-02-26;246;621;14863;8944;7.4;4.5
58;2021-02-27;104;189;14967;9133;7.5;4.6
58;2021-02-28;11;8;14978;9141;7.5;4.6
58;2021-03-01;145;246;15123;9387;7.6;4.7
58;2021-03-02;416;641;15539;10028;7.8;5.0
58;2021-03-03;524;293;16063;10321;8.0;5.2
58;2021-03-04;725;277;16788;10598;8.4;5.3
58;2021-03-05;867;206;17655;10804;8.8;5.4
58;2021-03-06;574;87;18229;10891;9.1;5.5
58;2021-03-07;63;12;18292;10903;9.2;5.5
58;2021-03-08;154;299;18446;11202;9.2;5.6
58;2021-03-09;544;547;18990;11749;9.5;5.9
58;2021-03-10;838;242;19828;11991;9.9;6.0
58;2021-03-11;857;274;20685;12265;10.4;6.1
58;2021-03-12;862;200;21547;12465;10.8;6.2
58;2021-03-13;506;66;22053;12531;11.0;6.3
58;2021-03-14;34;0;22087;12531;11.1;6.3
58;2021-03-15;528;109;22615;12640;11.3;6.3
58;2021-03-16;726;223;23341;12863;11.7;6.4
58;2021-03-17;756;195;24097;13058;12.1;6.5
58;2021-03-18;584;178;24681;13236;12.4;6.6
58;2021-03-19;537;104;25218;13340;12.6;6.7
58;2021-03-20;322;64;25540;13404;12.8;6.7
58;2021-03-21;17;0;25557;13404;12.8;6.7
58;2021-03-22;795;25;26352;13429;13.2;6.7
58;2021-03-23;1636;44;27988;13473;14.0;6.8
58;2021-03-24;1367;74;29355;13547;14.7;6.8
58;2021-03-25;1840;44;31195;13591;15.6;6.8
58;2021-03-26;1414;54;32609;13645;16.3;6.8
58;2021-03-27;358;7;32967;13652;16.5;6.8
58;2021-03-28;20;0;32987;13652;16.5;6.8
58;2021-03-29;638;155;33625;13807;16.8;6.9
58;2021-03-30;1186;255;34811;14062;17.4;7.0
58;2021-03-31;1116;395;35927;14457;18.0;7.2
58;2021-04-01;1547;403;37474;14860;18.8;7.4
58;2021-04-02;1464;368;38938;15228;19.5;7.6
58;2021-04-03;567;150;39505;15378;19.8;7.7
58;2021-04-04;1;1;39506;15379;19.8;7.7
58;2021-04-05;47;0;39553;15379;19.8;7.7
58;2021-04-06;822;344;40375;15723;20.2;7.9
58;2021-04-07;695;552;41070;16275;20.6;8.2
58;2021-04-08;1493;427;42563;16702;21.3;8.4
58;2021-04-09;1774;485;44337;17187;22.2;8.6
58;2021-04-10;652;200;44989;17387;22.5;8.7
58;2021-04-11;17;3;45006;17390;22.5;8.7
58;2021-04-12;1117;502;46123;17892;23.1;9.0
58;2021-04-13;1436;628;47559;18520;23.8;9.3
58;2021-04-14;1339;678;48898;19198;24.5;9.6
58;2021-04-15;1433;602;50331;19800;25.2;9.9
58;2021-04-16;1734;512;52065;20312;26.1;10.2
58;2021-04-17;721;232;52786;20544;26.4;10.3
58;2021-04-18;20;7;52806;20551;26.5;10.3
58;2021-04-19;531;605;53337;21156;26.7;10.6
58;2021-04-20;486;1120;53823;22276;27.0;11.2
58;2021-04-21;626;967;54449;23243;27.3;11.6
58;2021-04-22;767;1524;55216;24767;27.7;12.4
58;2021-04-23;919;785;56135;25552;28.1;12.8
58;2021-04-24;211;206;56346;25758;28.2;12.9
58;2021-04-25;109;9;56455;25767;28.3;12.9
58;2021-04-26;762;247;57217;26014;28.7;13.0
58;2021-04-27;1499;1114;58716;27128;29.4;13.6
58;2021-04-28;1536;1053;60252;28181;30.2;14.1
58;2021-04-29;1442;1045;61694;29226;30.9;14.6
58;2021-04-30;1257;940;62951;30166;31.5;15.1
58;2021-05-01;6;17;62957;30183;31.5;15.1
58;2021-05-02;4;2;62961;30185;31.5;15.1
58;2021-05-03;1043;405;64004;30590;32.1;15.3
58;2021-05-04;1075;1348;65079;31938;32.6;16.0
58;2021-05-05;952;1093;66031;33031;33.1;16.5
58;2021-05-06;1363;1060;67394;34091;33.8;17.1
58;2021-05-07;1111;1091;68505;35182;34.3;17.6
58;2021-05-08;59;60;68564;35242;34.4;17.7
58;2021-05-09;7;21;68571;35263;34.4;17.7
58;2021-05-10;875;993;69446;36256;34.8;18.2
58;2021-05-11;1186;1984;70632;38240;35.4;19.2
58;2021-05-12;1662;1557;72294;39797;36.2;19.9
58;2021-05-13;49;183;72343;39980;36.2;20.0
58;2021-05-14;2311;909;74654;40889;37.4;20.5
58;2021-05-15;1725;456;76379;41345;38.3;20.7
58;2021-05-16;118;33;76497;41378;38.3;20.7
58;2021-05-17;792;610;77289;41988;38.7;21.0
58;2021-05-18;1332;1182;78621;43170;39.4;21.6
58;2021-05-19;1737;549;80358;43719;40.3;21.9
58;2021-05-20;1701;671;82059;44390;41.1;22.2
58;2021-05-21;854;728;82913;45118;41.5;22.6
58;2021-05-22;304;240;83217;45358;41.7;22.7
58;2021-05-23;2;21;83219;45379;41.7;22.7
58;2021-05-24;21;42;83240;45421;41.7;22.8
58;2021-05-25;1388;1154;84628;46575;42.4;23.3
58;2021-05-26;845;841;85473;47416;42.8;23.8
58;2021-05-27;753;944;86226;48360;43.2;24.2
58;2021-05-28;430;910;86656;49270;43.4;24.7
58;2021-05-29;151;212;86807;49482;43.5;24.8
58;2021-05-30;21;19;86828;49501;43.5;24.8
58;2021-05-31;757;399;87585;49900;43.9;25.0
58;2021-06-01;1373;1658;88958;51558;44.6;25.8
58;2021-06-02;1465;1047;90423;52605;45.3;26.4
58;2021-06-03;1026;960;91449;53565;45.8;26.8
58;2021-06-04;843;910;92292;54475;46.2;27.3
58;2021-06-05;272;263;92564;54738;46.4;27.4
58;2021-06-06;24;49;92588;54787;46.4;27.4
58;2021-06-07;712;793;93300;55580;46.7;27.8
58;2021-06-08;1324;1758;94624;57338;47.4;28.7
58;2021-06-09;1419;1008;96043;58346;48.1;29.2
58;2021-06-10;1108;981;97151;59327;48.7;29.7
58;2021-06-11;1031;906;98182;60233;49.2;30.2
58;2021-06-12;1055;415;99237;60648;49.7;30.4
58;2021-06-13;36;33;99273;60681;49.7;30.4
58;2021-06-14;516;1016;99789;61697;50.0;30.9
58;2021-06-15;1595;1757;101384;63454;50.8;31.8
58;2021-06-16;1806;994;103190;64448;51.7;32.3
58;2021-06-17;2024;1112;105214;65560;52.7;32.8
58;2021-06-18;987;1063;106201;66623;53.2;33.4
58;2021-06-19;581;319;106782;66942;53.5;33.5
58;2021-06-20;9;2;106791;66944;53.5;33.5
58;2021-06-21;472;553;107263;67497;53.7;33.8
58;2021-06-22;1028;1966;108291;69463;54.3;34.8
58;2021-06-23;1479;1512;109770;70975;55.0;35.6
58;2021-06-24;728;1025;110498;72000;55.4;36.1
58;2021-06-25;825;1718;111323;73718;55.8;36.9
58;2021-06-26;554;1229;111877;74947;56.1;37.5
58;2021-06-27;18;26;111895;74973;56.1;37.6
58;2021-06-28;463;987;112358;75960;56.3;38.1
58;2021-06-29;623;2160;112981;78120;56.6;39.1
58;2021-06-30;998;1625;113979;79745;57.1;40.0
58;2021-07-01;760;1674;114739;81419;57.5;40.8
58;2021-07-02;444;851;115183;82270;57.7;41.2
58;2021-07-03;249;512;115432;82782;57.8;41.5
58;2021-07-04;12;30;115444;82812;57.8;41.5
58;2021-07-05;511;771;115955;83583;58.1;41.9
58;2021-07-06;695;2121;116650;85704;58.4;42.9
58;2021-07-07;389;954;117039;86658;58.6;43.4
58;2021-07-08;399;1020;117438;87678;58.8;43.9
58;2021-07-09;709;1418;118147;89096;59.2;44.6
58;2021-07-10;260;412;118407;89508;59.3;44.8
58;2021-07-11;175;53;118582;89561;59.4;44.9
58;2021-07-12;197;968;118779;90529;59.5;45.4
58;2021-07-13;932;2501;119711;93030;60.0;46.6
58;2021-07-14;27;60;119738;93090;60.0;46.6
58;2021-07-15;1136;1938;120874;95028;60.6;47.6
58;2021-07-16;1411;1449;122285;96477;61.3;48.3
58;2021-07-17;463;288;122748;96765;61.5;48.5
58;2021-07-18;102;21;122850;96786;61.5;48.5
58;2021-07-19;1651;986;124501;97772;62.4;49.0
58;2021-07-20;1406;2455;125907;100227;63.1;50.2
58;2021-07-21;1177;2009;127084;102236;63.7;51.2
58;2021-07-22;1143;1667;128227;103903;64.2;52.1
58;2021-07-23;1265;1444;129492;105347;64.9;52.8
58;2021-07-24;1000;1272;130492;106619;65.4;53.4
58;2021-07-25;89;39;130581;106658;65.4;53.4
58;2021-07-26;981;862;131562;107520;65.9;53.9
58;2021-07-27;1567;2577;133129;110097;66.7;55.2
58;2021-07-28;1574;1971;134703;112068;67.5;56.1
58;2021-07-29;1578;1626;136281;113694;68.3;57.0
58;2021-07-30;1465;1427;137746;115121;69.0;57.7
58;2021-07-31;567;525;138313;115646;69.3;57.9
58;2021-08-01;35;13;138348;115659;69.3;57.9
58;2021-08-02;1588;862;139936;116521;70.1;58.4
58;2021-08-03;2047;1784;141983;118305;71.1;59.3
58;2021-08-04;1307;1184;143290;119489;71.8;59.9
58;2021-08-05;1621;1180;144911;120669;72.6;60.5
58;2021-08-06;1357;1032;146268;121701;73.3;61.0
58;2021-08-07;312;400;146580;122101;73.4;61.2
58;2021-08-08;30;58;146610;122159;73.5;61.2
58;2021-08-09;1080;1387;147690;123546;74.0;61.9
58;2021-08-10;1778;1391;149468;124937;74.9;62.6
58;2021-08-11;1127;783;150595;125720;75.4;63.0
58;2021-08-12;1062;1112;151657;126832;76.0;63.5
58;2021-08-13;923;953;152580;127785;76.4;64.0
58;2021-08-14;231;316;152811;128101;76.6;64.2
58;2021-08-15;13;27;152824;128128;76.6;64.2
58;2021-08-16;308;1403;153132;129531;76.7;64.9
58;2021-08-17;797;1336;153929;130867;77.1;65.6
58;2021-08-18;763;1173;154692;132040;77.5;66.2
58;2021-08-19;721;1342;155413;133382;77.9;66.8
58;2021-08-20;703;1295;156116;134677;78.2;67.5
58;2021-08-21;248;476;156364;135153;78.3;67.7
58;2021-08-22;9;86;156373;135239;78.3;67.8
58;2021-08-23;416;814;156789;136053;78.6;68.2
58;2021-08-24;510;1480;157299;137533;78.8;68.9
58;2021-08-25;435;1543;157734;139076;79.0;69.7
58;2021-08-26;551;1732;158285;140808;79.3;70.5
58;2021-08-27;489;1562;158774;142370;79.5;71.3
58;2021-08-28;240;635;159014;143005;79.7;71.6
58;2021-08-29;9;42;159023;143047;79.7;71.7
58;2021-08-30;350;808;159373;143855;79.8;72.1
59;2020-12-27;1;0;1;0;0.0;0.0
59;2020-12-28;27;0;28;0;0.0;0.0
59;2020-12-29;0;0;28;0;0.0;0.0
59;2020-12-30;0;0;28;0;0.0;0.0
59;2020-12-31;1;0;29;0;0.0;0.0
59;2021-01-01;3;0;32;0;0.0;0.0
59;2021-01-02;1;0;33;0;0.0;0.0
59;2021-01-03;4;0;37;0;0.0;0.0
59;2021-01-04;79;0;116;0;0.0;0.0
59;2021-01-05;217;0;333;0;0.0;0.0
59;2021-01-06;430;2;763;2;0.0;0.0
59;2021-01-07;1314;0;2077;2;0.1;0.0
59;2021-01-08;1262;4;3339;6;0.1;0.0
59;2021-01-09;609;3;3948;9;0.2;0.0
59;2021-01-10;427;0;4375;9;0.2;0.0
59;2021-01-11;1846;5;6221;14;0.2;0.0
59;2021-01-12;2471;2;8692;16;0.3;0.0
59;2021-01-13;2367;3;11059;19;0.4;0.0
59;2021-01-14;2757;22;13816;41;0.5;0.0
59;2021-01-15;2275;16;16091;57;0.6;0.0
59;2021-01-16;770;1;16861;58;0.7;0.0
59;2021-01-17;560;1;17421;59;0.7;0.0
59;2021-01-18;3509;15;20930;74;0.8;0.0
59;2021-01-19;4754;10;25684;84;1.0;0.0
59;2021-01-20;4135;12;29819;96;1.2;0.0
59;2021-01-21;4730;40;34549;136;1.3;0.0
59;2021-01-22;4023;11;38572;147;1.5;0.0
59;2021-01-23;1214;3;39786;150;1.5;0.0
59;2021-01-24;168;0;39954;150;1.5;0.0
59;2021-01-25;2729;59;42683;209;1.6;0.0
59;2021-01-26;2807;137;45490;346;1.8;0.0
59;2021-01-27;1736;305;47226;651;1.8;0.0
59;2021-01-28;3399;763;50625;1414;2.0;0.1
59;2021-01-29;2541;795;53166;2209;2.1;0.1
59;2021-01-30;288;175;53454;2384;2.1;0.1
59;2021-01-31;24;0;53478;2384;2.1;0.1
59;2021-02-01;78;861;53556;3245;2.1;0.1
59;2021-02-02;686;1429;54242;4674;2.1;0.2
59;2021-02-03;3749;1439;57991;6113;2.2;0.2
59;2021-02-04;2965;1733;60956;7846;2.4;0.3
59;2021-02-05;1052;1405;62008;9251;2.4;0.4
59;2021-02-06;206;351;62214;9602;2.4;0.4
59;2021-02-07;268;49;62482;9651;2.4;0.4
59;2021-02-08;683;1604;63165;11255;2.4;0.4
59;2021-02-09;1012;1823;64177;13078;2.5;0.5
59;2021-02-10;975;1622;65152;14700;2.5;0.6
59;2021-02-11;1347;1807;66499;16507;2.6;0.6
59;2021-02-12;1413;1642;67912;18149;2.6;0.7
59;2021-02-13;207;739;68119;18888;2.6;0.7
59;2021-02-14;13;42;68132;18930;2.6;0.7
59;2021-02-15;1394;3065;69526;21995;2.7;0.8
59;2021-02-16;1436;3738;70962;25733;2.7;1.0
59;2021-02-17;1620;3795;72582;29528;2.8;1.1
59;2021-02-18;3105;5175;75687;34703;2.9;1.3
59;2021-02-19;3211;3604;78898;38307;3.0;1.5
59;2021-02-20;1414;1582;80312;39889;3.1;1.5
59;2021-02-21;242;263;80554;40152;3.1;1.6
59;2021-02-22;1431;2564;81985;42716;3.2;1.6
59;2021-02-23;2659;2856;84644;45572;3.3;1.8
59;2021-02-24;4107;4057;88751;49629;3.4;1.9
59;2021-02-25;6916;3721;95667;53350;3.7;2.1
59;2021-02-26;6494;1887;102161;55237;3.9;2.1
59;2021-02-27;3095;191;105256;55428;4.1;2.1
59;2021-02-28;208;60;105464;55488;4.1;2.1
59;2021-03-01;3693;667;109157;56155;4.2;2.2
59;2021-03-02;4794;573;113951;56728;4.4;2.2
59;2021-03-03;5747;996;119698;57724;4.6;2.2
59;2021-03-04;7085;949;126783;58673;4.9;2.3
59;2021-03-05;7832;987;134615;59660;5.2;2.3
59;2021-03-06;11558;531;146173;60191;5.6;2.3
59;2021-03-07;7586;352;153759;60543;5.9;2.3
59;2021-03-08;4496;1100;158255;61643;6.1;2.4
59;2021-03-09;6581;1426;164836;63069;6.4;2.4
59;2021-03-10;7025;1198;171861;64267;6.6;2.5
59;2021-03-11;9474;1883;181335;66150;7.0;2.6
59;2021-03-12;12154;1556;193489;67706;7.5;2.6
59;2021-03-13;16553;1092;210042;68798;8.1;2.7
59;2021-03-14;6961;324;217003;69122;8.4;2.7
59;2021-03-15;5616;1498;222619;70620;8.6;2.7
59;2021-03-16;3738;1330;226357;71950;8.7;2.8
59;2021-03-17;3855;2099;230212;74049;8.9;2.9
59;2021-03-18;3957;2494;234169;76543;9.0;3.0
59;2021-03-19;7742;1834;241911;78377;9.3;3.0
59;2021-03-20;16024;1281;257935;79658;10.0;3.1
59;2021-03-21;6315;447;264250;80105;10.2;3.1
59;2021-03-22;5447;1770;269697;81875;10.4;3.2
59;2021-03-23;7767;2818;277464;84693;10.7;3.3
59;2021-03-24;6861;2974;284325;87667;11.0;3.4
59;2021-03-25;10532;2559;294857;90226;11.4;3.5
59;2021-03-26;12251;2842;307108;93068;11.9;3.6
59;2021-03-27;15277;1142;322385;94210;12.5;3.6
59;2021-03-28;7983;359;330368;94569;12.8;3.7
59;2021-03-29;5495;3203;335863;97772;13.0;3.8
59;2021-03-30;7540;3755;343403;101527;13.3;3.9
59;2021-03-31;6153;4101;349556;105628;13.5;4.1
59;2021-04-01;7488;4921;357044;110549;13.8;4.3
59;2021-04-02;7646;5522;364690;116071;14.1;4.5
59;2021-04-03;13019;4302;377709;120373;14.6;4.6
59;2021-04-04;5347;2183;383056;122556;14.8;4.7
59;2021-04-05;6015;1536;389071;124092;15.0;4.8
59;2021-04-06;5404;4495;394475;128587;15.2;5.0
59;2021-04-07;7625;5441;402100;134028;15.5;5.2
59;2021-04-08;10391;5764;412491;139792;15.9;5.4
59;2021-04-09;13419;5931;425910;145723;16.5;5.6
59;2021-04-10;11479;6143;437389;151866;16.9;5.9
59;2021-04-11;4637;3564;442026;155430;17.1;6.0
59;2021-04-12;6305;4348;448331;159778;17.3;6.2
59;2021-04-13;8935;4792;457266;164570;17.7;6.4
59;2021-04-14;8788;4343;466054;168913;18.0;6.5
59;2021-04-15;10310;4849;476364;173762;18.4;6.7
59;2021-04-16;10881;5504;487245;179266;18.8;6.9
59;2021-04-17;7299;9084;494544;188350;19.1;7.3
59;2021-04-18;3230;4168;497774;192518;19.2;7.4
59;2021-04-19;5045;4301;502819;196819;19.4;7.6
59;2021-04-20;6896;4209;509715;201028;19.7;7.8
59;2021-04-21;6274;4431;515989;205459;19.9;7.9
59;2021-04-22;8613;5516;524602;210975;20.3;8.1
59;2021-04-23;8455;5692;533057;216667;20.6;8.4
59;2021-04-24;5538;8063;538595;224730;20.8;8.7
59;2021-04-25;3244;6079;541839;230809;20.9;8.9
59;2021-04-26;6492;3801;548331;234610;21.2;9.1
59;2021-04-27;8366;5198;556697;239808;21.5;9.3
59;2021-04-28;8771;6582;565468;246390;21.8;9.5
59;2021-04-29;9414;8573;574882;254963;22.2;9.8
59;2021-04-30;10605;8553;585487;263516;22.6;10.2
59;2021-05-01;11999;7593;597486;271109;23.1;10.5
59;2021-05-02;8645;5988;606131;277097;23.4;10.7
59;2021-05-03;9555;5068;615686;282165;23.8;10.9
59;2021-05-04;11425;6012;627111;288177;24.2;11.1
59;2021-05-05;10296;6222;637407;294399;24.6;11.4
59;2021-05-06;11196;8464;648603;302863;25.1;11.7
59;2021-05-07;13299;9629;661902;312492;25.6;12.1
59;2021-05-08;14745;4165;676647;316657;26.1;12.2
59;2021-05-09;11491;3338;688138;319995;26.6;12.4
59;2021-05-10;12746;6649;700884;326644;27.1;12.6
59;2021-05-11;15112;8338;715996;334982;27.7;12.9
59;2021-05-12;16630;8649;732626;343631;28.3;13.3
59;2021-05-13;18442;3458;751068;347089;29.0;13.4
59;2021-05-14;15781;6976;766849;354065;29.6;13.7
59;2021-05-15;23448;5299;790297;359364;30.5;13.9
59;2021-05-16;21184;2413;811481;361777;31.3;14.0
59;2021-05-17;15072;5276;826553;367053;31.9;14.2
59;2021-05-18;16927;5680;843480;372733;32.6;14.4
59;2021-05-19;18320;5114;861800;377847;33.3;14.6
59;2021-05-20;17931;7019;879731;384866;34.0;14.9
59;2021-05-21;18372;8303;898103;393169;34.7;15.2
59;2021-05-22;23814;5691;921917;398860;35.6;15.4
59;2021-05-23;17923;2273;939840;401133;36.3;15.5
59;2021-05-24;16688;2133;956528;403266;36.9;15.6
59;2021-05-25;14990;6680;971518;409946;37.5;15.8
59;2021-05-26;15891;7053;987409;416999;38.1;16.1
59;2021-05-27;16149;9177;1003558;426176;38.8;16.5
59;2021-05-28;15888;11474;1019446;437650;39.4;16.9
59;2021-05-29;14373;8725;1033819;446375;39.9;17.2
59;2021-05-30;8407;1846;1042226;448221;40.3;17.3
59;2021-05-31;14210;7980;1056436;456201;40.8;17.6
59;2021-06-01;15092;10425;1071528;466626;41.4;18.0
59;2021-06-02;14768;9942;1086296;476568;42.0;18.4
59;2021-06-03;15629;12145;1101925;488713;42.6;18.9
59;2021-06-04;15609;13496;1117534;502209;43.2;19.4
59;2021-06-05;14982;9343;1132516;511552;43.7;19.8
59;2021-06-06;8831;3207;1141347;514759;44.1;19.9
59;2021-06-07;10526;9443;1151873;524202;44.5;20.2
59;2021-06-08;11763;11092;1163636;535294;44.9;20.7
59;2021-06-09;10763;11921;1174399;547215;45.4;21.1
59;2021-06-10;11500;12350;1185899;559565;45.8;21.6
59;2021-06-11;10978;16013;1196877;575578;46.2;22.2
59;2021-06-12;11075;13682;1207952;589260;46.7;22.8
59;2021-06-13;6344;7031;1214296;596291;46.9;23.0
59;2021-06-14;6509;12697;1220805;608988;47.2;23.5
59;2021-06-15;8237;15957;1229042;624945;47.5;24.1
59;2021-06-16;9205;13552;1238247;638497;47.8;24.7
59;2021-06-17;9190;15662;1247437;654159;48.2;25.3
59;2021-06-18;9086;20063;1256523;674222;48.5;26.0
59;2021-06-19;8956;17493;1265479;691715;48.9;26.7
59;2021-06-20;4899;10191;1270378;701906;49.1;27.1
59;2021-06-21;5280;15971;1275658;717877;49.3;27.7
59;2021-06-22;6334;18688;1281992;736565;49.5;28.4
59;2021-06-23;6168;19088;1288160;755653;49.8;29.2
59;2021-06-24;7336;20535;1295496;776188;50.0;30.0
59;2021-06-25;6508;21208;1302004;797396;50.3;30.8
59;2021-06-26;6487;23753;1308491;821149;50.5;31.7
59;2021-06-27;4755;17078;1313246;838227;50.7;32.4
59;2021-06-28;5004;19826;1318250;858053;50.9;33.1
59;2021-06-29;5553;20378;1323803;878431;51.1;33.9
59;2021-06-30;6134;20102;1329937;898533;51.4;34.7
59;2021-07-01;6791;20842;1336728;919375;51.6;35.5
59;2021-07-02;6838;23249;1343566;942624;51.9;36.4
59;2021-07-03;5563;24623;1349129;967247;52.1;37.4
59;2021-07-04;4416;15978;1353545;983225;52.3;38.0
59;2021-07-05;5670;17491;1359215;1000716;52.5;38.7
59;2021-07-06;6602;18805;1365817;1019521;52.8;39.4
59;2021-07-07;6944;17457;1372761;1036978;53.0;40.1
59;2021-07-08;8024;17701;1380785;1054679;53.3;40.7
59;2021-07-09;7706;20303;1388491;1074982;53.6;41.5
59;2021-07-10;7448;18538;1395939;1093520;53.9;42.2
59;2021-07-11;4452;10231;1400391;1103751;54.1;42.6
59;2021-07-12;5912;18045;1406303;1121796;54.3;43.3
59;2021-07-13;9908;20768;1416211;1142564;54.7;44.1
59;2021-07-14;9782;8455;1425993;1151019;55.1;44.5
59;2021-07-15;11632;20416;1437625;1171435;55.5;45.2
59;2021-07-16;13220;20518;1450845;1191953;56.0;46.0
59;2021-07-17;12395;17468;1463240;1209421;56.5;46.7
59;2021-07-18;7964;8681;1471204;1218102;56.8;47.0
59;2021-07-19;10400;16459;1481604;1234561;57.2;47.7
59;2021-07-20;13413;17126;1495017;1251687;57.7;48.3
59;2021-07-21;14523;15597;1509540;1267284;58.3;48.9
59;2021-07-22;17067;15211;1526607;1282495;59.0;49.5
59;2021-07-23;15727;15844;1542334;1298339;59.6;50.1
59;2021-07-24;16351;12293;1558685;1310632;60.2;50.6
59;2021-07-25;11920;7329;1570605;1317961;60.7;50.9
59;2021-07-26;13039;12614;1583644;1330575;61.2;51.4
59;2021-07-27;16227;11983;1599871;1342558;61.8;51.9
59;2021-07-28;17449;11662;1617320;1354220;62.5;52.3
59;2021-07-29;17411;11666;1634731;1365886;63.1;52.8
59;2021-07-30;15910;11603;1650641;1377489;63.8;53.2
59;2021-07-31;14003;9189;1664644;1386678;64.3;53.6
59;2021-08-01;9949;4560;1674593;1391238;64.7;53.7
59;2021-08-02;12160;10020;1686753;1401258;65.2;54.1
59;2021-08-03;13395;10055;1700148;1411313;65.7;54.5
59;2021-08-04;11212;8285;1711360;1419598;66.1;54.8
59;2021-08-05;12693;9789;1724053;1429387;66.6;55.2
59;2021-08-06;12518;11030;1736571;1440417;67.1;55.6
59;2021-08-07;9719;9295;1746290;1449712;67.5;56.0
59;2021-08-08;6945;5250;1753235;1454962;67.7;56.2
59;2021-08-09;8374;10815;1761609;1465777;68.0;56.6
59;2021-08-10;10352;10779;1771961;1476556;68.4;57.0
59;2021-08-11;8629;9310;1780590;1485866;68.8;57.4
59;2021-08-12;8961;12066;1789551;1497932;69.1;57.9
59;2021-08-13;8443;11738;1797994;1509670;69.4;58.3
59;2021-08-14;5927;10382;1803921;1520052;69.7;58.7
59;2021-08-15;3367;4662;1807288;1524714;69.8;58.9
59;2021-08-16;5836;13853;1813124;1538567;70.0;59.4
59;2021-08-17;6919;12758;1820043;1551325;70.3;59.9
59;2021-08-18;5875;11459;1825918;1562784;70.5;60.4
59;2021-08-19;6297;13844;1832215;1576628;70.8;60.9
59;2021-08-20;5788;14561;1838003;1591189;71.0;61.5
59;2021-08-21;4155;10266;1842158;1601455;71.2;61.9
59;2021-08-22;2831;7637;1844989;1609092;71.3;62.2
59;2021-08-23;4753;15707;1849742;1624799;71.4;62.8
59;2021-08-24;5257;15175;1854999;1639974;71.6;63.3
59;2021-08-25;4624;13062;1859623;1653036;71.8;63.8
59;2021-08-26;5173;14320;1864796;1667356;72.0;64.4
59;2021-08-27;4918;15380;1869714;1682736;72.2;65.0
59;2021-08-28;3775;12333;1873489;1695069;72.4;65.5
59;2021-08-29;1925;8416;1875414;1703485;72.4;65.8
59;2021-08-30;3806;12859;1879220;1716344;72.6;66.3
60;2020-12-27;0;0;0;0;0.0;0.0
60;2020-12-28;0;0;0;0;0.0;0.0
60;2020-12-29;1;0;1;0;0.0;0.0
60;2020-12-30;0;0;1;0;0.0;0.0
60;2020-12-31;0;0;1;0;0.0;0.0
60;2021-01-01;0;0;1;0;0.0;0.0
60;2021-01-02;5;0;6;0;0.0;0.0
60;2021-01-03;1;0;7;0;0.0;0.0
60;2021-01-04;1;0;8;0;0.0;0.0
60;2021-01-05;37;0;45;0;0.0;0.0
60;2021-01-06;188;4;233;4;0.0;0.0
60;2021-01-07;236;4;469;8;0.1;0.0
60;2021-01-08;380;3;849;11;0.1;0.0
60;2021-01-09;3;0;852;11;0.1;0.0
60;2021-01-10;60;0;912;11;0.1;0.0
60;2021-01-11;342;2;1254;13;0.2;0.0
60;2021-01-12;535;2;1789;15;0.2;0.0
60;2021-01-13;476;5;2265;20;0.3;0.0
60;2021-01-14;507;6;2772;26;0.3;0.0
60;2021-01-15;702;7;3474;33;0.4;0.0
60;2021-01-16;124;1;3598;34;0.4;0.0
60;2021-01-17;32;0;3630;34;0.4;0.0
60;2021-01-18;859;7;4489;41;0.5;0.0
60;2021-01-19;1201;10;5690;51;0.7;0.0
60;2021-01-20;1716;13;7406;64;0.9;0.0
60;2021-01-21;2261;10;9667;74;1.2;0.0
60;2021-01-22;1543;15;11210;89;1.4;0.0
60;2021-01-23;499;4;11709;93;1.4;0.0
60;2021-01-24;61;1;11770;94;1.4;0.0
60;2021-01-25;897;14;12667;108;1.5;0.0
60;2021-01-26;950;14;13617;122;1.7;0.0
60;2021-01-27;646;8;14263;130;1.7;0.0
60;2021-01-28;395;168;14658;298;1.8;0.0
60;2021-01-29;77;105;14735;403;1.8;0.0
60;2021-01-30;0;1;14735;404;1.8;0.0
60;2021-01-31;22;60;14757;464;1.8;0.1
60;2021-02-01;39;105;14796;569;1.8;0.1
60;2021-02-02;26;158;14822;727;1.8;0.1
60;2021-02-03;164;237;14986;964;1.8;0.1
60;2021-02-04;170;339;15156;1303;1.8;0.2
60;2021-02-05;315;476;15471;1779;1.9;0.2
60;2021-02-06;64;79;15535;1858;1.9;0.2
60;2021-02-07;31;32;15566;1890;1.9;0.2
60;2021-02-08;328;515;15894;2405;1.9;0.3
60;2021-02-09;319;467;16213;2872;2.0;0.3
60;2021-02-10;554;990;16767;3862;2.0;0.5
60;2021-02-11;937;1127;17704;4989;2.1;0.6
60;2021-02-12;913;857;18617;5846;2.3;0.7
60;2021-02-13;91;309;18708;6155;2.3;0.7
60;2021-02-14;24;87;18732;6242;2.3;0.8
60;2021-02-15;612;803;19344;7045;2.3;0.9
60;2021-02-16;580;923;19924;7968;2.4;1.0
60;2021-02-17;633;929;20557;8897;2.5;1.1
60;2021-02-18;684;826;21241;9723;2.6;1.2
60;2021-02-19;641;764;21882;10487;2.7;1.3
60;2021-02-20;104;187;21986;10674;2.7;1.3
60;2021-02-21;23;121;22009;10795;2.7;1.3
60;2021-02-22;461;872;22470;11667;2.7;1.4
60;2021-02-23;533;779;23003;12446;2.8;1.5
60;2021-02-24;794;554;23797;13000;2.9;1.6
60;2021-02-25;1095;305;24892;13305;3.0;1.6
60;2021-02-26;1298;193;26190;13498;3.2;1.6
60;2021-02-27;666;35;26856;13533;3.3;1.6
60;2021-02-28;7;10;26863;13543;3.3;1.6
60;2021-03-01;894;50;27757;13593;3.4;1.6
60;2021-03-02;1013;168;28770;13761;3.5;1.7
60;2021-03-03;1321;450;30091;14211;3.6;1.7
60;2021-03-04;1725;520;31816;14731;3.9;1.8
60;2021-03-05;1821;290;33637;15021;4.1;1.8
60;2021-03-06;1920;143;35557;15164;4.3;1.8
60;2021-03-07;886;32;36443;15196;4.4;1.8
60;2021-03-08;978;317;37421;15513;4.5;1.9
60;2021-03-09;1642;360;39063;15873;4.7;1.9
60;2021-03-10;1939;433;41002;16306;5.0;2.0
60;2021-03-11;2325;386;43327;16692;5.3;2.0
60;2021-03-12;2595;545;45922;17237;5.6;2.1
60;2021-03-13;3839;214;49761;17451;6.0;2.1
60;2021-03-14;1782;58;51543;17509;6.2;2.1
60;2021-03-15;2090;502;53633;18011;6.5;2.2
60;2021-03-16;1583;625;55216;18636;6.7;2.3
60;2021-03-17;1658;621;56874;19257;6.9;2.3
60;2021-03-18;1759;739;58633;19996;7.1;2.4
60;2021-03-19;2591;532;61224;20528;7.4;2.5
60;2021-03-20;3241;193;64465;20721;7.8;2.5
60;2021-03-21;2125;99;66590;20820;8.1;2.5
60;2021-03-22;2133;714;68723;21534;8.3;2.6
60;2021-03-23;3308;728;72031;22262;8.7;2.7
60;2021-03-24;3070;878;75101;23140;9.1;2.8
60;2021-03-25;3849;854;78950;23994;9.6;2.9
60;2021-03-26;4217;877;83167;24871;10.1;3.0
60;2021-03-27;4142;317;87309;25188;10.6;3.1
60;2021-03-28;2448;82;89757;25270;10.9;3.1
60;2021-03-29;2610;1088;92367;26358;11.2;3.2
60;2021-03-30;3285;1081;95652;27439;11.6;3.3
60;2021-03-31;2669;1147;98321;28586;11.9;3.5
60;2021-04-01;2562;1104;100883;29690;12.2;3.6
60;2021-04-02;3307;1107;104190;30797;12.6;3.7
60;2021-04-03;3171;1014;107361;31811;13.0;3.9
60;2021-04-04;875;485;108236;32296;13.1;3.9
60;2021-04-05;458;82;108694;32378;13.2;3.9
60;2021-04-06;1966;1624;110660;34002;13.4;4.1
60;2021-04-07;1984;1751;112644;35753;13.7;4.3
60;2021-04-08;2612;1496;115256;37249;14.0;4.5
60;2021-04-09;2998;1523;118254;38772;14.3;4.7
60;2021-04-10;2928;1587;121182;40359;14.7;4.9
60;2021-04-11;1046;1000;122228;41359;14.8;5.0
60;2021-04-12;2045;1723;124273;43082;15.1;5.2
60;2021-04-13;2749;1786;127022;44868;15.4;5.4
60;2021-04-14;3144;1823;130166;46691;15.8;5.7
60;2021-04-15;3561;1895;133727;48586;16.2;5.9
60;2021-04-16;3289;1950;137016;50536;16.6;6.1
60;2021-04-17;2848;2173;139864;52709;17.0;6.4
60;2021-04-18;573;1833;140437;54542;17.0;6.6
60;2021-04-19;1742;2215;142179;56757;17.2;6.9
60;2021-04-20;2129;2680;144308;59437;17.5;7.2
60;2021-04-21;2653;2210;146961;61647;17.8;7.5
60;2021-04-22;2631;2513;149592;64160;18.1;7.8
60;2021-04-23;2650;2503;152242;66663;18.5;8.1
60;2021-04-24;2471;3457;154713;70120;18.8;8.5
60;2021-04-25;1161;1963;155874;72083;18.9;8.7
60;2021-04-26;1890;2532;157764;74615;19.1;9.0
60;2021-04-27;2310;2847;160074;77462;19.4;9.4
60;2021-04-28;3061;2399;163135;79861;19.8;9.7
60;2021-04-29;3154;2627;166289;82488;20.2;10.0
60;2021-04-30;3459;2966;169748;85454;20.6;10.4
60;2021-05-01;2355;1123;172103;86577;20.9;10.5
60;2021-05-02;2148;845;174251;87422;21.1;10.6
60;2021-05-03;2955;1854;177206;89276;21.5;10.8
60;2021-05-04;3018;2359;180224;91635;21.8;11.1
60;2021-05-05;3259;2810;183483;94445;22.2;11.4
60;2021-05-06;3649;2482;187132;96927;22.7;11.7
60;2021-05-07;3985;2523;191117;99450;23.2;12.1
60;2021-05-08;3583;974;194700;100424;23.6;12.2
60;2021-05-09;3459;956;198159;101380;24.0;12.3
60;2021-05-10;2391;2294;200550;103674;24.3;12.6
60;2021-05-11;3670;2470;204220;106144;24.8;12.9
60;2021-05-12;4718;2551;208938;108695;25.3;13.2
60;2021-05-13;5292;1129;214230;109824;26.0;13.3
60;2021-05-14;5603;1809;219833;111633;26.6;13.5
60;2021-05-15;6173;1719;226006;113352;27.4;13.7
60;2021-05-16;4861;691;230867;114043;28.0;13.8
60;2021-05-17;3716;1677;234583;115720;28.4;14.0
60;2021-05-18;4049;2081;238632;117801;28.9;14.3
60;2021-05-19;5098;1856;243730;119657;29.5;14.5
60;2021-05-20;5458;1799;249188;121456;30.2;14.7
60;2021-05-21;5974;1979;255162;123435;30.9;15.0
60;2021-05-22;5355;1980;260517;125415;31.6;15.2
60;2021-05-23;4267;659;264784;126074;32.1;15.3
60;2021-05-24;2951;535;267735;126609;32.4;15.3
60;2021-05-25;4139;2004;271874;128613;33.0;15.6
60;2021-05-26;4466;1834;276340;130447;33.5;15.8
60;2021-05-27;4613;1997;280953;132444;34.1;16.1
60;2021-05-28;4628;2509;285581;134953;34.6;16.4
60;2021-05-29;4612;2275;290193;137228;35.2;16.6
60;2021-05-30;1086;348;291279;137576;35.3;16.7
60;2021-05-31;3830;2083;295109;139659;35.8;16.9
60;2021-06-01;4444;2855;299553;142514;36.3;17.3
60;2021-06-02;3915;2452;303468;144966;36.8;17.6
60;2021-06-03;3905;2379;307373;147345;37.3;17.9
60;2021-06-04;4653;2907;312026;150252;37.8;18.2
60;2021-06-05;4303;3422;316329;153674;38.3;18.6
60;2021-06-06;2158;794;318487;154468;38.6;18.7
60;2021-06-07;2777;2761;321264;157229;38.9;19.1
60;2021-06-08;3802;3016;325066;160245;39.4;19.4
60;2021-06-09;3245;3401;328311;163646;39.8;19.8
60;2021-06-10;3456;3371;331767;167017;40.2;20.2
60;2021-06-11;3881;4195;335648;171212;40.7;20.8
60;2021-06-12;3779;4280;339427;175492;41.1;21.3
60;2021-06-13;1156;2225;340583;177717;41.3;21.5
60;2021-06-14;1910;3304;342493;181021;41.5;21.9
60;2021-06-15;3014;4165;345507;185186;41.9;22.4
60;2021-06-16;3252;4490;348759;189676;42.3;23.0
60;2021-06-17;2977;4786;351736;194462;42.6;23.6
60;2021-06-18;2984;4604;354720;199066;43.0;24.1
60;2021-06-19;3144;4727;357864;203793;43.4;24.7
60;2021-06-20;1430;1934;359294;205727;43.5;24.9
60;2021-06-21;1408;4041;360702;209768;43.7;25.4
60;2021-06-22;1759;5295;362461;215063;43.9;26.1
60;2021-06-23;1862;5241;364323;220304;44.2;26.7
60;2021-06-24;1804;5604;366127;225908;44.4;27.4
60;2021-06-25;1903;5730;368030;231638;44.6;28.1
60;2021-06-26;1858;6979;369888;238617;44.8;28.9
60;2021-06-27;715;2594;370603;241211;44.9;29.2
60;2021-06-28;1782;4142;372385;245353;45.1;29.7
60;2021-06-29;2014;5470;374399;250823;45.4;30.4
60;2021-06-30;2298;5359;376697;256182;45.7;31.0
60;2021-07-01;1891;4917;378588;261099;45.9;31.6
60;2021-07-02;2370;5882;380958;266981;46.2;32.4
60;2021-07-03;2402;6163;383360;273144;46.5;33.1
60;2021-07-04;792;2726;384152;275870;46.6;33.4
60;2021-07-05;1657;4401;385809;280271;46.8;34.0
60;2021-07-06;2146;4503;387955;284774;47.0;34.5
60;2021-07-07;2172;5121;390127;289895;47.3;35.1
60;2021-07-08;2673;4693;392800;294588;47.6;35.7
60;2021-07-09;2641;5564;395441;300152;47.9;36.4
60;2021-07-10;2581;5876;398022;306028;48.2;37.1
60;2021-07-11;1215;1942;399237;307970;48.4;37.3
60;2021-07-12;1444;4739;400681;312709;48.6;37.9
60;2021-07-13;2912;5025;403593;317734;48.9;38.5
60;2021-07-14;2582;1409;406175;319143;49.2;38.7
60;2021-07-15;3430;4871;409605;324014;49.6;39.3
60;2021-07-16;3700;5242;413305;329256;50.1;39.9
60;2021-07-17;4079;5136;417384;334392;50.6;40.5
60;2021-07-18;2186;2130;419570;336522;50.9;40.8
60;2021-07-19;2542;3893;422112;340415;51.2;41.3
60;2021-07-20;4191;4904;426303;345319;51.7;41.9
60;2021-07-21;4350;4277;430653;349596;52.2;42.4
60;2021-07-22;4628;4331;435281;353927;52.8;42.9
60;2021-07-23;4982;4905;440263;358832;53.4;43.5
60;2021-07-24;4316;4672;444579;363504;53.9;44.1
60;2021-07-25;2602;1828;447181;365332;54.2;44.3
60;2021-07-26;3378;3762;450559;369094;54.6;44.7
60;2021-07-27;4436;4632;454995;373726;55.1;45.3
60;2021-07-28;4547;3765;459542;377491;55.7;45.8
60;2021-07-29;4896;3710;464438;381201;56.3;46.2
60;2021-07-30;5024;4255;469462;385456;56.9;46.7
60;2021-07-31;4057;3968;473519;389424;57.4;47.2
60;2021-08-01;1683;862;475202;390286;57.6;47.3
60;2021-08-02;3168;2751;478370;393037;58.0;47.6
60;2021-08-03;3581;2895;481951;395932;58.4;48.0
60;2021-08-04;3299;2799;485250;398731;58.8;48.3
60;2021-08-05;3023;2256;488273;400987;59.2;48.6
60;2021-08-06;3824;3063;492097;404050;59.6;49.0
60;2021-08-07;3364;3075;495461;407125;60.1;49.3
60;2021-08-08;1533;907;496994;408032;60.2;49.5
60;2021-08-09;2193;2867;499187;410899;60.5;49.8
60;2021-08-10;3265;3307;502452;414206;60.9;50.2
60;2021-08-11;2781;3231;505233;417437;61.2;50.6
60;2021-08-12;2350;2659;507583;420096;61.5;50.9
60;2021-08-13;2737;2999;510320;423095;61.9;51.3
60;2021-08-14;2535;2727;512855;425822;62.2;51.6
60;2021-08-15;1358;548;514213;426370;62.3;51.7
60;2021-08-16;2036;3776;516249;430146;62.6;52.1
60;2021-08-17;2337;3822;518586;433968;62.9;52.6
60;2021-08-18;1934;3288;520520;437256;63.1;53.0
60;2021-08-19;1639;3089;522159;440345;63.3;53.4
60;2021-08-20;1851;3995;524010;444340;63.5;53.9
60;2021-08-21;1598;3487;525608;447827;63.7;54.3
60;2021-08-22;571;1334;526179;449161;63.8;54.4
60;2021-08-23;1097;3234;527276;452395;63.9;54.8
60;2021-08-24;1365;4487;528641;456882;64.1;55.4
60;2021-08-25;1432;3574;530073;460456;64.2;55.8
60;2021-08-26;1424;3446;531497;463902;64.4;56.2
60;2021-08-27;1421;4162;532918;468064;64.6;56.7
60;2021-08-28;1364;4465;534282;472529;64.8;57.3
60;2021-08-29;547;2032;534829;474561;64.8;57.5
60;2021-08-30;1201;2990;536030;477551;65.0;57.9
61;2020-12-27;0;0;0;0;0.0;0.0
61;2020-12-28;0;0;0;0;0.0;0.0
61;2020-12-29;0;0;0;0;0.0;0.0
61;2020-12-30;0;0;0;0;0.0;0.0
61;2020-12-31;0;0;0;0;0.0;0.0
61;2021-01-01;1;0;1;0;0.0;0.0
61;2021-01-02;1;0;2;0;0.0;0.0
61;2021-01-03;0;0;2;0;0.0;0.0
61;2021-01-04;1;0;3;0;0.0;0.0
61;2021-01-05;3;0;6;0;0.0;0.0
61;2021-01-06;76;0;82;0;0.0;0.0
61;2021-01-07;175;2;257;2;0.1;0.0
61;2021-01-08;406;1;663;3;0.2;0.0
61;2021-01-09;165;1;828;4;0.3;0.0
61;2021-01-10;49;0;877;4;0.3;0.0
61;2021-01-11;396;1;1273;5;0.5;0.0
61;2021-01-12;681;2;1954;7;0.7;0.0
61;2021-01-13;739;1;2693;8;1.0;0.0
61;2021-01-14;530;8;3223;16;1.2;0.0
61;2021-01-15;537;4;3760;20;1.4;0.0
61;2021-01-16;289;1;4049;21;1.5;0.0
61;2021-01-17;856;7;4905;28;1.8;0.0
61;2021-01-18;1913;3;6818;31;2.5;0.0
61;2021-01-19;1323;4;8141;35;2.9;0.0
61;2021-01-20;683;0;8824;35;3.2;0.0
61;2021-01-21;847;1;9671;36;3.5;0.0
61;2021-01-22;764;1;10435;37;3.8;0.0
61;2021-01-23;257;2;10692;39;3.9;0.0
61;2021-01-24;228;0;10920;39;3.9;0.0
61;2021-01-25;578;1;11498;40;4.2;0.0
61;2021-01-26;559;0;12057;40;4.4;0.0
61;2021-01-27;569;14;12626;54;4.6;0.0
61;2021-01-28;464;53;13090;107;4.7;0.0
61;2021-01-29;479;204;13569;311;4.9;0.1
61;2021-01-30;212;3;13781;314;5.0;0.1
61;2021-01-31;106;0;13887;314;5.0;0.1
61;2021-02-01;430;190;14317;504;5.2;0.2
61;2021-02-02;387;424;14704;928;5.3;0.3
61;2021-02-03;413;490;15117;1418;5.5;0.5
61;2021-02-04;390;338;15507;1756;5.6;0.6
61;2021-02-05;538;360;16045;2116;5.8;0.8
61;2021-02-06;200;92;16245;2208;5.9;0.8
61;2021-02-07;45;199;16290;2407;5.9;0.9
61;2021-02-08;540;1405;16830;3812;6.1;1.4
61;2021-02-09;405;809;17235;4621;6.2;1.7
61;2021-02-10;277;559;17512;5180;6.3;1.9
61;2021-02-11;432;560;17944;5740;6.5;2.1
61;2021-02-12;402;735;18346;6475;6.6;2.3
61;2021-02-13;132;431;18478;6906;6.7;2.5
61;2021-02-14;2;314;18480;7220;6.7;2.6
61;2021-02-15;172;839;18652;8059;6.7;2.9
61;2021-02-16;203;679;18855;8738;6.8;3.2
61;2021-02-17;44;636;18899;9374;6.8;3.4
61;2021-02-18;161;524;19060;9898;6.9;3.6
61;2021-02-19;101;390;19161;10288;6.9;3.7
61;2021-02-20;40;236;19201;10524;6.9;3.8
61;2021-02-21;2;155;19203;10679;6.9;3.9
61;2021-02-22;88;566;19291;11245;7.0;4.1
61;2021-02-23;111;494;19402;11739;7.0;4.2
61;2021-02-24;173;570;19575;12309;7.1;4.4
61;2021-02-25;265;445;19840;12754;7.2;4.6
61;2021-02-26;266;464;20106;13218;7.3;4.8
61;2021-02-27;109;227;20215;13445;7.3;4.9
61;2021-02-28;4;121;20219;13566;7.3;4.9
61;2021-03-01;217;611;20436;14177;7.4;5.1
61;2021-03-02;148;700;20584;14877;7.4;5.4
61;2021-03-03;142;447;20726;15324;7.5;5.5
61;2021-03-04;431;444;21157;15768;7.6;5.7
61;2021-03-05;701;297;21858;16065;7.9;5.8
61;2021-03-06;436;231;22294;16296;8.1;5.9
61;2021-03-07;155;2;22449;16298;8.1;5.9
61;2021-03-08;298;314;22747;16612;8.2;6.0
61;2021-03-09;622;185;23369;16797;8.4;6.1
61;2021-03-10;672;189;24041;16986;8.7;6.1
61;2021-03-11;1121;130;25162;17116;9.1;6.2
61;2021-03-12;1467;102;26629;17218;9.6;6.2
61;2021-03-13;775;53;27404;17271;9.9;6.2
61;2021-03-14;226;5;27630;17276;10.0;6.2
61;2021-03-15;814;35;28444;17311;10.3;6.3
61;2021-03-16;720;22;29164;17333;10.5;6.3
61;2021-03-17;761;13;29925;17346;10.8;6.3
61;2021-03-18;858;28;30783;17374;11.1;6.3
61;2021-03-19;1027;49;31810;17423;11.5;6.3
61;2021-03-20;471;14;32281;17437;11.7;6.3
61;2021-03-21;71;2;32352;17439;11.7;6.3
61;2021-03-22;796;89;33148;17528;12.0;6.3
61;2021-03-23;920;39;34068;17567;12.3;6.3
61;2021-03-24;1372;68;35440;17635;12.8;6.4
61;2021-03-25;1876;65;37316;17700;13.5;6.4
61;2021-03-26;1799;44;39115;17744;14.1;6.4
61;2021-03-27;1083;18;40198;17762;14.5;6.4
61;2021-03-28;359;9;40557;17771;14.6;6.4
61;2021-03-29;1271;183;41828;17954;15.1;6.5
61;2021-03-30;1471;96;43299;18050;15.6;6.5
61;2021-03-31;1686;51;44985;18101;16.2;6.5
61;2021-04-01;2051;229;47036;18330;17.0;6.6
61;2021-04-02;1519;434;48555;18764;17.5;6.8
61;2021-04-03;640;288;49195;19052;17.8;6.9
61;2021-04-04;193;1;49388;19053;17.8;6.9
61;2021-04-05;532;8;49920;19061;18.0;6.9
61;2021-04-06;1354;620;51274;19681;18.5;7.1
61;2021-04-07;1699;663;52973;20344;19.1;7.3
61;2021-04-08;2268;832;55241;21176;19.9;7.6
61;2021-04-09;2138;839;57379;22015;20.7;8.0
61;2021-04-10;1534;488;58913;22503;21.3;8.1
61;2021-04-11;238;199;59151;22702;21.4;8.2
61;2021-04-12;1289;736;60440;23438;21.8;8.5
61;2021-04-13;1741;706;62181;24144;22.5;8.7
61;2021-04-14;1734;786;63915;24930;23.1;9.0
61;2021-04-15;2268;781;66183;25711;23.9;9.3
61;2021-04-16;2223;685;68406;26396;24.7;9.5
61;2021-04-17;1487;324;69893;26720;25.2;9.6
61;2021-04-18;538;99;70431;26819;25.4;9.7
61;2021-04-19;938;748;71369;27567;25.8;10.0
61;2021-04-20;1524;786;72893;28353;26.3;10.2
61;2021-04-21;1352;1041;74245;29394;26.8;10.6
61;2021-04-22;1293;1220;75538;30614;27.3;11.1
61;2021-04-23;1217;1151;76755;31765;27.7;11.5
61;2021-04-24;1437;818;78192;32583;28.2;11.8
61;2021-04-25;361;333;78553;32916;28.4;11.9
61;2021-04-26;670;1144;79223;34060;28.6;12.3
61;2021-04-27;1464;1145;80687;35205;29.1;12.7
61;2021-04-28;1386;1390;82073;36595;29.6;13.2
61;2021-04-29;1248;1861;83321;38456;30.1;13.9
61;2021-04-30;1721;1171;85042;39627;30.7;14.3
61;2021-05-01;788;321;85830;39948;31.0;14.4
61;2021-05-02;438;225;86268;40173;31.2;14.5
61;2021-05-03;844;1250;87112;41423;31.5;15.0
61;2021-05-04;1326;1754;88438;43177;31.9;15.6
61;2021-05-05;1009;2030;89447;45207;32.3;16.3
61;2021-05-06;1772;2211;91219;47418;32.9;17.1
61;2021-05-07;1376;1971;92595;49389;33.4;17.8
61;2021-05-08;929;472;93524;49861;33.8;18.0
61;2021-05-09;394;293;93918;50154;33.9;18.1
61;2021-05-10;988;1755;94906;51909;34.3;18.7
61;2021-05-11;1375;1516;96281;53425;34.8;19.3
61;2021-05-12;1869;1593;98150;55018;35.4;19.9
61;2021-05-13;889;491;99039;55509;35.8;20.0
61;2021-05-14;1852;1192;100891;56701;36.4;20.5
61;2021-05-15;2103;1119;102994;57820;37.2;20.9
61;2021-05-16;984;300;103978;58120;37.6;21.0
61;2021-05-17;1312;915;105290;59035;38.0;21.3
61;2021-05-18;2424;894;107714;59929;38.9;21.6
61;2021-05-19;2401;804;110115;60733;39.8;21.9
61;2021-05-20;2214;818;112329;61551;40.6;22.2
61;2021-05-21;2150;860;114479;62411;41.3;22.5
61;2021-05-22;1780;717;116259;63128;42.0;22.8
61;2021-05-23;714;53;116973;63181;42.2;22.8
61;2021-05-24;913;110;117886;63291;42.6;22.9
61;2021-05-25;1992;923;119878;64214;43.3;23.2
61;2021-05-26;2043;930;121921;65144;44.0;23.5
61;2021-05-27;2040;1096;123961;66240;44.8;23.9
61;2021-05-28;2052;1380;126013;67620;45.5;24.4
61;2021-05-29;1464;556;127477;68176;46.0;24.6
61;2021-05-30;450;44;127927;68220;46.2;24.6
61;2021-05-31;1561;939;129488;69159;46.8;25.0
61;2021-06-01;1876;1389;131364;70548;47.4;25.5
61;2021-06-02;1675;1137;133039;71685;48.0;25.9
61;2021-06-03;2250;1111;135289;72796;48.9;26.3
61;2021-06-04;1894;1346;137183;74142;49.5;26.8
61;2021-06-05;1668;1240;138851;75382;50.1;27.2
61;2021-06-06;318;230;139169;75612;50.3;27.3
61;2021-06-07;2189;868;141358;76480;51.0;27.6
61;2021-06-08;1847;1570;143205;78050;51.7;28.2
61;2021-06-09;1975;1185;145180;79235;52.4;28.6
61;2021-06-10;1974;1192;147154;80427;53.1;29.0
61;2021-06-11;1821;1580;148975;82007;53.8;29.6
61;2021-06-12;1423;998;150398;83005;54.3;30.0
61;2021-06-13;340;377;150738;83382;54.4;30.1
61;2021-06-14;1107;1189;151845;84571;54.8;30.5
61;2021-06-15;1213;1695;153058;86266;55.3;31.2
61;2021-06-16;1113;1363;154171;87629;55.7;31.6
61;2021-06-17;1019;1730;155190;89359;56.0;32.3
61;2021-06-18;1522;1670;156712;91029;56.6;32.9
61;2021-06-19;1245;1303;157957;92332;57.0;33.3
61;2021-06-20;289;345;158246;92677;57.1;33.5
61;2021-06-21;808;1630;159054;94307;57.4;34.1
61;2021-06-22;1023;1683;160077;95990;57.8;34.7
61;2021-06-23;967;2437;161044;98427;58.2;35.5
61;2021-06-24;650;1359;161694;99786;58.4;36.0
61;2021-06-25;839;2168;162533;101954;58.7;36.8
61;2021-06-26;624;1953;163157;103907;58.9;37.5
61;2021-06-27;139;799;163296;104706;59.0;37.8
61;2021-06-28;478;2248;163774;106954;59.1;38.6
61;2021-06-29;699;2858;164473;109812;59.4;39.7
61;2021-06-30;771;2463;165244;112275;59.7;40.5
61;2021-07-01;633;1696;165877;113971;59.9;41.2
61;2021-07-02;842;2499;166719;116470;60.2;42.1
61;2021-07-03;417;1912;167136;118382;60.4;42.8
61;2021-07-04;75;638;167211;119020;60.4;43.0
61;2021-07-05;684;1774;167895;120794;60.6;43.6
61;2021-07-06;990;2796;168885;123590;61.0;44.6
61;2021-07-07;734;2362;169619;125952;61.3;45.5
61;2021-07-08;842;1945;170461;127897;61.6;46.2
61;2021-07-09;723;2375;171184;130272;61.8;47.0
61;2021-07-10;464;1771;171648;132043;62.0;47.7
61;2021-07-11;244;489;171892;132532;62.1;47.9
61;2021-07-12;438;2290;172330;134822;62.2;48.7
61;2021-07-13;646;2489;172976;137311;62.5;49.6
61;2021-07-14;149;334;173125;137645;62.5;49.7
61;2021-07-15;815;2813;173940;140458;62.8;50.7
61;2021-07-16;968;2574;174908;143032;63.2;51.7
61;2021-07-17;704;2231;175612;145263;63.4;52.5
61;2021-07-18;339;368;175951;145631;63.5;52.6
61;2021-07-19;935;2403;176886;148034;63.9;53.5
61;2021-07-20;1327;2357;178213;150391;64.4;54.3
61;2021-07-21;1503;2182;179716;152573;64.9;55.1
61;2021-07-22;1751;2187;181467;154760;65.5;55.9
61;2021-07-23;1793;2306;183260;157066;66.2;56.7
61;2021-07-24;1455;2003;184715;159069;66.7;57.4
61;2021-07-25;324;393;185039;159462;66.8;57.6
61;2021-07-26;1251;1931;186290;161393;67.3;58.3
61;2021-07-27;2418;1585;188708;162978;68.1;58.9
61;2021-07-28;2456;1354;191164;164332;69.0;59.3
61;2021-07-29;2561;1575;193725;165907;70.0;59.9
61;2021-07-30;2397;1391;196122;167298;70.8;60.4
61;2021-07-31;1281;1298;197403;168596;71.3;60.9
61;2021-08-01;503;260;197906;168856;71.5;61.0
61;2021-08-02;1911;1119;199817;169975;72.2;61.4
61;2021-08-03;2450;913;202267;170888;73.0;61.7
61;2021-08-04;2342;783;204609;171671;73.9;62.0
61;2021-08-05;1898;989;206507;172660;74.6;62.4
61;2021-08-06;2159;1162;208666;173822;75.4;62.8
61;2021-08-07;1421;797;210087;174619;75.9;63.1
61;2021-08-08;447;263;210534;174882;76.0;63.2
61;2021-08-09;1302;1110;211836;175992;76.5;63.6
61;2021-08-10;1314;1107;213150;177099;77.0;64.0
61;2021-08-11;1116;1257;214266;178356;77.4;64.4
61;2021-08-12;1024;1321;215290;179677;77.7;64.9
61;2021-08-13;867;1608;216157;181285;78.1;65.5
61;2021-08-14;711;859;216868;182144;78.3;65.8
61;2021-08-15;93;184;216961;182328;78.4;65.8
61;2021-08-16;907;1541;217868;183869;78.7;66.4
61;2021-08-17;1145;1696;219013;185565;79.1;67.0
61;2021-08-18;806;1479;219819;187044;79.4;67.5
61;2021-08-19;734;1569;220553;188613;79.6;68.1
61;2021-08-20;800;2130;221353;190743;79.9;68.9
61;2021-08-21;490;1339;221843;192082;80.1;69.4
61;2021-08-22;137;446;221980;192528;80.2;69.5
61;2021-08-23;413;1704;222393;194232;80.3;70.1
61;2021-08-24;522;1895;222915;196127;80.5;70.8
61;2021-08-25;408;1733;223323;197860;80.7;71.5
61;2021-08-26;426;1597;223749;199457;80.8;72.0
61;2021-08-27;499;1884;224248;201341;81.0;72.7
61;2021-08-28;284;1366;224532;202707;81.1;73.2
61;2021-08-29;50;417;224582;203124;81.1;73.4
61;2021-08-30;381;1621;224963;204745;81.2;73.9
62;2020-12-27;2;0;2;0;0.0;0.0
62;2020-12-28;2;0;4;0;0.0;0.0
62;2020-12-29;0;0;4;0;0.0;0.0
62;2020-12-30;0;0;4;0;0.0;0.0
62;2020-12-31;0;0;4;0;0.0;0.0
62;2021-01-01;0;0;4;0;0.0;0.0
62;2021-01-02;0;0;4;0;0.0;0.0
62;2021-01-03;0;0;4;0;0.0;0.0
62;2021-01-04;2;0;6;0;0.0;0.0
62;2021-01-05;47;0;53;0;0.0;0.0
62;2021-01-06;123;0;176;0;0.0;0.0
62;2021-01-07;351;0;527;0;0.0;0.0
62;2021-01-08;712;6;1239;6;0.1;0.0
62;2021-01-09;164;1;1403;7;0.1;0.0
62;2021-01-10;84;0;1487;7;0.1;0.0
62;2021-01-11;555;1;2042;8;0.1;0.0
62;2021-01-12;1257;3;3299;11;0.2;0.0
62;2021-01-13;1139;6;4438;17;0.3;0.0
62;2021-01-14;1387;8;5825;25;0.4;0.0
62;2021-01-15;1296;8;7121;33;0.5;0.0
62;2021-01-16;308;3;7429;36;0.5;0.0
62;2021-01-17;107;1;7536;37;0.5;0.0
62;2021-01-18;1666;10;9202;47;0.6;0.0
62;2021-01-19;2103;5;11305;52;0.8;0.0
62;2021-01-20;2055;7;13360;59;0.9;0.0
62;2021-01-21;2238;5;15598;64;1.1;0.0
62;2021-01-22;1835;7;17433;71;1.2;0.0
62;2021-01-23;512;1;17945;72;1.2;0.0
62;2021-01-24;0;0;17945;72;1.2;0.0
62;2021-01-25;1282;7;19227;79;1.3;0.0
62;2021-01-26;1544;14;20771;93;1.4;0.0
62;2021-01-27;1500;173;22271;266;1.5;0.0
62;2021-01-28;4162;385;26433;651;1.8;0.0
62;2021-01-29;2033;330;28466;981;2.0;0.1
62;2021-01-30;159;151;28625;1132;2.0;0.1
62;2021-01-31;22;3;28647;1135;2.0;0.1
62;2021-02-01;46;355;28693;1490;2.0;0.1
62;2021-02-02;59;784;28752;2274;2.0;0.2
62;2021-02-03;44;628;28796;2902;2.0;0.2
62;2021-02-04;81;801;28877;3703;2.0;0.3
62;2021-02-05;80;749;28957;4452;2.0;0.3
62;2021-02-06;27;192;28984;4644;2.0;0.3
62;2021-02-07;237;30;29221;4674;2.0;0.3
62;2021-02-08;130;837;29351;5511;2.0;0.4
62;2021-02-09;227;1088;29578;6599;2.0;0.5
62;2021-02-10;385;1161;29963;7760;2.1;0.5
62;2021-02-11;724;994;30687;8754;2.1;0.6
62;2021-02-12;966;774;31653;9528;2.2;0.7
62;2021-02-13;159;265;31812;9793;2.2;0.7
62;2021-02-14;0;0;31812;9793;2.2;0.7
62;2021-02-15;665;1258;32477;11051;2.2;0.8
62;2021-02-16;922;1769;33399;12820;2.3;0.9
62;2021-02-17;1074;2100;34473;14920;2.4;1.0
62;2021-02-18;2220;3786;36693;18706;2.5;1.3
62;2021-02-19;2310;2538;39003;21244;2.7;1.5
62;2021-02-20;616;477;39619;21721;2.7;1.5
62;2021-02-21;87;50;39706;21771;2.7;1.5
62;2021-02-22;848;961;40554;22732;2.8;1.6
62;2021-02-23;1419;1212;41973;23944;2.9;1.6
62;2021-02-24;1547;646;43520;24590;3.0;1.7
62;2021-02-25;3169;421;46689;25011;3.2;1.7
62;2021-02-26;2910;346;49599;25357;3.4;1.7
62;2021-02-27;1830;97;51429;25454;3.5;1.8
62;2021-02-28;52;42;51481;25496;3.5;1.8
62;2021-03-01;1322;122;52803;25618;3.6;1.8
62;2021-03-02;3156;178;55959;25796;3.9;1.8
62;2021-03-03;3270;129;59229;25925;4.1;1.8
62;2021-03-04;3810;219;63039;26144;4.3;1.8
62;2021-03-05;4644;235;67683;26379;4.7;1.8
62;2021-03-06;9621;269;77304;26648;5.3;1.8
62;2021-03-07;8075;236;85379;26884;5.9;1.9
62;2021-03-08;2195;265;87574;27149;6.0;1.9
62;2021-03-09;3808;386;91382;27535;6.3;1.9
62;2021-03-10;4232;619;95614;28154;6.6;1.9
62;2021-03-11;5994;1539;101608;29693;7.0;2.0
62;2021-03-12;6636;1427;108244;31120;7.5;2.1
62;2021-03-13;14722;812;122966;31932;8.5;2.2
62;2021-03-14;9585;414;132551;32346;9.1;2.2
62;2021-03-15;3764;1021;136315;33367;9.4;2.3
62;2021-03-16;2736;859;139051;34226;9.6;2.4
62;2021-03-17;2805;735;141856;34961;9.8;2.4
62;2021-03-18;2725;943;144581;35904;10.0;2.5
62;2021-03-19;4780;933;149361;36837;10.3;2.5
62;2021-03-20;11067;617;160428;37454;11.0;2.6
62;2021-03-21;9448;372;169876;37826;11.7;2.6
62;2021-03-22;2942;1112;172818;38938;11.9;2.7
62;2021-03-23;4995;1501;177813;40439;12.2;2.8
62;2021-03-24;4694;1407;182507;41846;12.6;2.9
62;2021-03-25;6555;1480;189062;43326;13.0;3.0
62;2021-03-26;7052;1506;196114;44832;13.5;3.1
62;2021-03-27;12591;749;208705;45581;14.4;3.1
62;2021-03-28;6941;286;215646;45867;14.8;3.2
62;2021-03-29;3472;1216;219118;47083;15.1;3.2
62;2021-03-30;4549;2216;223667;49299;15.4;3.4
62;2021-03-31;4224;2479;227891;51778;15.7;3.6
62;2021-04-01;4975;2766;232866;54544;16.0;3.8
62;2021-04-02;5067;3242;237933;57786;16.4;4.0
62;2021-04-03;8210;3362;246143;61148;16.9;4.2
62;2021-04-04;4582;1936;250725;63084;17.3;4.3
62;2021-04-05;944;467;251669;63551;17.3;4.4
62;2021-04-06;4124;3008;255793;66559;17.6;4.6
62;2021-04-07;5060;3514;260853;70073;18.0;4.8
62;2021-04-08;6489;4001;267342;74074;18.4;5.1
62;2021-04-09;7627;3479;274969;77553;18.9;5.3
62;2021-04-10;6634;8080;281603;85633;19.4;5.9
62;2021-04-11;2809;6903;284412;92536;19.6;6.4
62;2021-04-12;3423;2382;287835;94918;19.8;6.5
62;2021-04-13;6172;3166;294007;98084;20.2;6.8
62;2021-04-14;5306;3068;299313;101152;20.6;7.0
62;2021-04-15;5736;2989;305049;104141;21.0;7.2
62;2021-04-16;5418;3199;310467;107340;21.4;7.4
62;2021-04-17;4357;7364;314824;114704;21.7;7.9
62;2021-04-18;1955;6850;316779;121554;21.8;8.4
62;2021-04-19;2779;1927;319558;123481;22.0;8.5
62;2021-04-20;4150;3888;323708;127369;22.3;8.8
62;2021-04-21;3747;3984;327455;131353;22.5;9.0
62;2021-04-22;3949;5195;331404;136548;22.8;9.4
62;2021-04-23;4059;5319;335463;141867;23.1;9.8
62;2021-04-24;4404;6734;339867;148601;23.4;10.2
62;2021-04-25;1910;3502;341777;152103;23.5;10.5
62;2021-04-26;2224;2433;344001;154536;23.7;10.6
62;2021-04-27;4410;3711;348411;158247;24.0;10.9
62;2021-04-28;4588;4383;352999;162630;24.3;11.2
62;2021-04-29;4790;5900;357789;168530;24.6;11.6
62;2021-04-30;5214;5721;363003;174251;25.0;12.0
62;2021-05-01;5727;3474;368730;177725;25.4;12.2
62;2021-05-02;7826;3155;376556;180880;25.9;12.5
62;2021-05-03;4508;2346;381064;183226;26.2;12.6
62;2021-05-04;5397;4982;386461;188208;26.6;13.0
62;2021-05-05;4732;4838;391193;193046;26.9;13.3
62;2021-05-06;5619;4948;396812;197994;27.3;13.6
62;2021-05-07;7686;4683;404498;202677;27.8;14.0
62;2021-05-08;10651;2325;415149;205002;28.6;14.1
62;2021-05-09;8627;1636;423776;206638;29.2;14.2
62;2021-05-10;4866;4026;428642;210664;29.5;14.5
62;2021-05-11;6415;5054;435057;215718;29.9;14.8
62;2021-05-12;8623;4608;443680;220326;30.5;15.2
62;2021-05-13;9998;1491;453678;221817;31.2;15.3
62;2021-05-14;11881;3415;465559;225232;32.0;15.5
62;2021-05-15;19784;3296;485343;228528;33.4;15.7
62;2021-05-16;16397;1415;501740;229943;34.5;15.8
62;2021-05-17;8181;2664;509921;232607;35.1;16.0
62;2021-05-18;9327;3136;519248;235743;35.7;16.2
62;2021-05-19;8614;2929;527862;238672;36.3;16.4
62;2021-05-20;8342;3847;536204;242519;36.9;16.7
62;2021-05-21;9397;4223;545601;246742;37.6;17.0
62;2021-05-22;17876;3538;563477;250280;38.8;17.2
62;2021-05-23;12377;1161;575854;251441;39.6;17.3
62;2021-05-24;3910;585;579764;252026;39.9;17.3
62;2021-05-25;7225;4095;586989;256121;40.4;17.6
62;2021-05-26;6779;4916;593768;261037;40.9;18.0
62;2021-05-27;6384;5696;600152;266733;41.3;18.4
62;2021-05-28;6520;6771;606672;273504;41.8;18.8
62;2021-05-29;10852;5549;617524;279053;42.5;19.2
62;2021-05-30;4037;983;621561;280036;42.8;19.3
62;2021-05-31;4795;3975;626356;284011;43.1;19.5
62;2021-06-01;6520;6538;632876;290549;43.6;20.0
62;2021-06-02;7440;5819;640316;296368;44.1;20.4
62;2021-06-03;7859;5895;648175;302263;44.6;20.8
62;2021-06-04;7905;6263;656080;308526;45.2;21.2
62;2021-06-05;8275;6238;664355;314764;45.7;21.7
62;2021-06-06;3129;1290;667484;316054;45.9;21.8
62;2021-06-07;4621;3770;672105;319824;46.3;22.0
62;2021-06-08;6208;5907;678313;325731;46.7;22.4
62;2021-06-09;5496;4770;683809;330501;47.1;22.7
62;2021-06-10;5206;5887;689015;336388;47.4;23.2
62;2021-06-11;6212;8874;695227;345262;47.9;23.8
62;2021-06-12;5935;8645;701162;353907;48.3;24.4
62;2021-06-13;3230;3801;704392;357708;48.5;24.6
62;2021-06-14;2610;6780;707002;364488;48.7;25.1
62;2021-06-15;4675;8545;711677;373033;49.0;25.7
62;2021-06-16;5084;7433;716761;380466;49.3;26.2
62;2021-06-17;5234;8042;721995;388508;49.7;26.7
62;2021-06-18;4823;10490;726818;398998;50.0;27.5
62;2021-06-19;5799;13442;732617;412440;50.4;28.4
62;2021-06-20;2100;4370;734717;416810;50.6;28.7
62;2021-06-21;2972;8931;737689;425741;50.8;29.3
62;2021-06-22;3430;10177;741119;435918;51.0;30.0
62;2021-06-23;3388;10322;744507;446240;51.2;30.7
62;2021-06-24;3345;11782;747852;458022;51.5;31.5
62;2021-06-25;3726;15770;751578;473792;51.7;32.6
62;2021-06-26;3550;18424;755128;492216;52.0;33.9
62;2021-06-27;1121;9816;756249;502032;52.1;34.6
62;2021-06-28;1926;8869;758175;510901;52.2;35.2
62;2021-06-29;2974;11466;761149;522367;52.4;36.0
62;2021-06-30;4143;10817;765292;533184;52.7;36.7
62;2021-07-01;4482;10486;769774;543670;53.0;37.4
62;2021-07-02;4166;11984;773940;555654;53.3;38.2
62;2021-07-03;2996;18056;776936;573710;53.5;39.5
62;2021-07-04;1450;9196;778386;582906;53.6;40.1
62;2021-07-05;2417;6920;780803;589826;53.7;40.6
62;2021-07-06;3824;10018;784627;599844;54.0;41.3
62;2021-07-07;3916;8914;788543;608758;54.3;41.9
62;2021-07-08;5243;9093;793786;617851;54.6;42.5
62;2021-07-09;4464;10852;798250;628703;54.9;43.3
62;2021-07-10;4969;11891;803219;640594;55.3;44.1
62;2021-07-11;1337;2092;804556;642686;55.4;44.2
62;2021-07-12;2328;7134;806884;649820;55.5;44.7
62;2021-07-13;5174;12161;812058;661981;55.9;45.6
62;2021-07-14;3636;3161;815694;665142;56.1;45.8
62;2021-07-15;7585;11503;823279;676645;56.7;46.6
62;2021-07-16;7625;11045;830904;687690;57.2;47.3
62;2021-07-17;9718;10325;840622;698015;57.9;48.0
62;2021-07-18;2714;3459;843336;701474;58.0;48.3
62;2021-07-19;6012;7020;849348;708494;58.5;48.8
62;2021-07-20;7937;10725;857285;719219;59.0;49.5
62;2021-07-21;9772;9412;867057;728631;59.7;50.2
62;2021-07-22;9798;9022;876855;737653;60.4;50.8
62;2021-07-23;10621;8418;887476;746071;61.1;51.4
62;2021-07-24;9661;10313;897137;756384;61.8;52.1
62;2021-07-25;5548;1870;902685;758254;62.1;52.2
62;2021-07-26;6240;5389;908925;763643;62.6;52.6
62;2021-07-27;9828;8124;918753;771767;63.2;53.1
62;2021-07-28;10378;7486;929131;779253;64.0;53.6
62;2021-07-29;11987;7652;941118;786905;64.8;54.2
62;2021-07-30;9069;6293;950187;793198;65.4;54.6
62;2021-07-31;6634;4023;956821;797221;65.9;54.9
62;2021-08-01;2340;1103;959161;798324;66.0;55.0
62;2021-08-02;6856;4756;966017;803080;66.5;55.3
62;2021-08-03;8602;7484;974619;810564;67.1;55.8
62;2021-08-04;9460;5481;984079;816045;67.7;56.2
62;2021-08-05;8346;5627;992425;821672;68.3;56.6
62;2021-08-06;7306;5947;999731;827619;68.8;57.0
62;2021-08-07;5484;4957;1005215;832576;69.2;57.3
62;2021-08-08;1872;1300;1007087;833876;69.3;57.4
62;2021-08-09;5236;5041;1012323;838917;69.7;57.7
62;2021-08-10;6195;7368;1018518;846285;70.1;58.3
62;2021-08-11;5393;7400;1023911;853685;70.5;58.8
62;2021-08-12;5980;7030;1029891;860715;70.9;59.2
62;2021-08-13;4455;6057;1034346;866772;71.2;59.7
62;2021-08-14;3809;6867;1038155;873639;71.5;60.1
62;2021-08-15;1138;1208;1039293;874847;71.5;60.2
62;2021-08-16;3163;5874;1042456;880721;71.8;60.6
62;2021-08-17;4152;7350;1046608;888071;72.0;61.1
62;2021-08-18;4331;7246;1050939;895317;72.3;61.6
62;2021-08-19;4335;8613;1055274;903930;72.6;62.2
62;2021-08-20;3364;8468;1058638;912398;72.9;62.8
62;2021-08-21;2448;9760;1061086;922158;73.0;63.5
62;2021-08-22;386;2816;1061472;924974;73.1;63.7
62;2021-08-23;2716;7827;1064188;932801;73.3;64.2
62;2021-08-24;3815;10390;1068003;943191;73.5;64.9
62;2021-08-25;3495;9190;1071498;952381;73.8;65.6
62;2021-08-26;3167;9764;1074665;962145;74.0;66.2
62;2021-08-27;2556;8803;1077221;970948;74.1;66.8
62;2021-08-28;2012;7975;1079233;978923;74.3;67.4
62;2021-08-29;861;2243;1080094;981166;74.3;67.5
62;2021-08-30;2013;7372;1082107;988538;74.5;68.0
63;2020-12-27;0;0;0;0;0.0;0.0
63;2020-12-28;1;0;1;0;0.0;0.0
63;2020-12-29;0;0;1;0;0.0;0.0
63;2020-12-30;0;0;1;0;0.0;0.0
63;2020-12-31;0;0;1;0;0.0;0.0
63;2021-01-01;1;0;2;0;0.0;0.0
63;2021-01-02;0;0;2;0;0.0;0.0
63;2021-01-03;1;0;3;0;0.0;0.0
63;2021-01-04;0;0;3;0;0.0;0.0
63;2021-01-05;1;0;4;0;0.0;0.0
63;2021-01-06;4;1;8;1;0.0;0.0
63;2021-01-07;310;0;318;1;0.0;0.0
63;2021-01-08;214;0;532;1;0.1;0.0
63;2021-01-09;91;0;623;1;0.1;0.0
63;2021-01-10;82;0;705;1;0.1;0.0
63;2021-01-11;430;2;1135;3;0.2;0.0
63;2021-01-12;661;1;1796;4;0.3;0.0
63;2021-01-13;873;2;2669;6;0.4;0.0
63;2021-01-14;544;8;3213;14;0.5;0.0
63;2021-01-15;431;3;3644;17;0.6;0.0
63;2021-01-16;157;0;3801;17;0.6;0.0
63;2021-01-17;133;0;3934;17;0.6;0.0
63;2021-01-18;631;2;4565;19;0.7;0.0
63;2021-01-19;866;1;5431;20;0.8;0.0
63;2021-01-20;1062;2;6493;22;1.0;0.0
63;2021-01-21;1012;3;7505;25;1.1;0.0
63;2021-01-22;968;3;8473;28;1.3;0.0
63;2021-01-23;192;0;8665;28;1.3;0.0
63;2021-01-24;164;1;8829;29;1.3;0.0
63;2021-01-25;827;1;9656;30;1.5;0.0
63;2021-01-26;972;2;10628;32;1.6;0.0
63;2021-01-27;1001;5;11629;37;1.8;0.0
63;2021-01-28;1320;67;12949;104;2.0;0.0
63;2021-01-29;1066;66;14015;170;2.1;0.0
63;2021-01-30;68;0;14083;170;2.1;0.0
63;2021-01-31;6;0;14089;170;2.1;0.0
63;2021-02-01;574;180;14663;350;2.2;0.1
63;2021-02-02;885;233;15548;583;2.4;0.1
63;2021-02-03;1473;284;17021;867;2.6;0.1
63;2021-02-04;2118;515;19139;1382;2.9;0.2
63;2021-02-05;1145;272;20284;1654;3.1;0.3
63;2021-02-06;117;0;20401;1654;3.1;0.3
63;2021-02-07;9;1;20410;1655;3.1;0.3
63;2021-02-08;538;405;20948;2060;3.2;0.3
63;2021-02-09;671;432;21619;2492;3.3;0.4
63;2021-02-10;608;601;22227;3093;3.4;0.5
63;2021-02-11;751;472;22978;3565;3.5;0.5
63;2021-02-12;820;805;23798;4370;3.6;0.7
63;2021-02-13;82;1;23880;4371;3.6;0.7
63;2021-02-14;0;65;23880;4436;3.6;0.7
63;2021-02-15;202;781;24082;5217;3.6;0.8
63;2021-02-16;412;1136;24494;6353;3.7;1.0
63;2021-02-17;348;869;24842;7222;3.8;1.1
63;2021-02-18;607;823;25449;8045;3.9;1.2
63;2021-02-19;449;970;25898;9015;3.9;1.4
63;2021-02-20;35;32;25933;9047;3.9;1.4
63;2021-02-21;2;17;25935;9064;3.9;1.4
63;2021-02-22;291;930;26226;9994;4.0;1.5
63;2021-02-23;580;1131;26806;11125;4.1;1.7
63;2021-02-24;697;1418;27503;12543;4.2;1.9
63;2021-02-25;1603;1662;29106;14205;4.4;2.2
63;2021-02-26;1625;1366;30731;15571;4.7;2.4
63;2021-02-27;642;70;31373;15641;4.8;2.4
63;2021-02-28;4;178;31377;15819;4.8;2.4
63;2021-03-01;586;517;31963;16336;4.8;2.5
63;2021-03-02;906;801;32869;17137;5.0;2.6
63;2021-03-03;1036;725;33905;17862;5.1;2.7
63;2021-03-04;1752;497;35657;18359;5.4;2.8
63;2021-03-05;2612;693;38269;19052;5.8;2.9
63;2021-03-06;1550;53;39819;19105;6.0;2.9
63;2021-03-07;511;19;40330;19124;6.1;2.9
63;2021-03-08;967;649;41297;19773;6.3;3.0
63;2021-03-09;1538;1062;42835;20835;6.5;3.2
63;2021-03-10;1653;615;44488;21450;6.7;3.2
63;2021-03-11;3052;891;47540;22341;7.2;3.4
63;2021-03-12;3514;387;51054;22728;7.7;3.4
63;2021-03-13;2049;84;53103;22812;8.0;3.5
63;2021-03-14;61;22;53164;22834;8.1;3.5
63;2021-03-15;1765;368;54929;23202;8.3;3.5
63;2021-03-16;1746;414;56675;23616;8.6;3.6
63;2021-03-17;1639;684;58314;24300;8.8;3.7
63;2021-03-18;1941;748;60255;25048;9.1;3.8
63;2021-03-19;2740;495;62995;25543;9.5;3.9
63;2021-03-20;1121;70;64116;25613;9.7;3.9
63;2021-03-21;50;45;64166;25658;9.7;3.9
63;2021-03-22;1983;257;66149;25915;10.0;3.9
63;2021-03-23;2886;348;69035;26263;10.5;4.0
63;2021-03-24;3221;344;72256;26607;10.9;4.0
63;2021-03-25;4596;389;76852;26996;11.6;4.1
63;2021-03-26;4691;570;81543;27566;12.4;4.2
63;2021-03-27;2454;232;83997;27798;12.7;4.2
63;2021-03-28;1047;83;85044;27881;12.9;4.2
63;2021-03-29;2480;521;87524;28402;13.3;4.3
63;2021-03-30;3283;629;90807;29031;13.8;4.4
63;2021-03-31;2967;752;93774;29783;14.2;4.5
63;2021-04-01;3839;531;97613;30314;14.8;4.6
63;2021-04-02;3483;710;101096;31024;15.3;4.7
63;2021-04-03;1174;180;102270;31204;15.5;4.7
63;2021-04-04;877;27;103147;31231;15.6;4.7
63;2021-04-05;803;85;103950;31316;15.7;4.7
63;2021-04-06;2477;939;106427;32255;16.1;4.9
63;2021-04-07;3207;870;109634;33125;16.6;5.0
63;2021-04-08;4722;1223;114356;34348;17.3;5.2
63;2021-04-09;5314;1003;119670;35351;18.1;5.4
63;2021-04-10;2221;481;121891;35832;18.5;5.4
63;2021-04-11;834;38;122725;35870;18.6;5.4
63;2021-04-12;1597;1312;124322;37182;18.8;5.6
63;2021-04-13;1986;1967;126308;39149;19.1;5.9
63;2021-04-14;2629;1438;128937;40587;19.5;6.1
63;2021-04-15;3809;1541;132746;42128;20.1;6.4
63;2021-04-16;2841;2158;135587;44286;20.5;6.7
63;2021-04-17;1233;673;136820;44959;20.7;6.8
63;2021-04-18;802;61;137622;45020;20.8;6.8
63;2021-04-19;1656;2104;139278;47124;21.1;7.1
63;2021-04-20;1701;2299;140979;49423;21.4;7.5
63;2021-04-21;1517;2406;142496;51829;21.6;7.9
63;2021-04-22;1914;2263;144410;54092;21.9;8.2
63;2021-04-23;2018;3115;146428;57207;22.2;8.7
63;2021-04-24;1192;1127;147620;58334;22.4;8.8
63;2021-04-25;554;412;148174;58746;22.4;8.9
63;2021-04-26;1438;2241;149612;60987;22.7;9.2
63;2021-04-27;2327;2614;151939;63601;23.0;9.6
63;2021-04-28;2345;3163;154284;66764;23.4;10.1
63;2021-04-29;2881;2840;157165;69604;23.8;10.5
63;2021-04-30;2862;2820;160027;72424;24.2;11.0
63;2021-05-01;1127;1050;161154;73474;24.4;11.1
63;2021-05-02;897;640;162051;74114;24.5;11.2
63;2021-05-03;2685;2251;164736;76365;25.0;11.6
63;2021-05-04;2879;2697;167615;79062;25.4;12.0
63;2021-05-05;2935;3122;170550;82184;25.8;12.4
63;2021-05-06;3671;3059;174221;85243;26.4;12.9
63;2021-05-07;4034;3540;178255;88783;27.0;13.4
63;2021-05-08;2000;653;180255;89436;27.3;13.5
63;2021-05-09;1802;608;182057;90044;27.6;13.6
63;2021-05-10;4196;2765;186253;92809;28.2;14.1
63;2021-05-11;5339;2767;191592;95576;29.0;14.5
63;2021-05-12;5269;2909;196861;98485;29.8;14.9
63;2021-05-13;4131;698;200992;99183;30.4;15.0
63;2021-05-14;4771;1513;205763;100696;31.2;15.3
63;2021-05-15;3722;986;209485;101682;31.7;15.4
63;2021-05-16;3521;447;213006;102129;32.3;15.5
63;2021-05-17;3898;1991;216904;104120;32.9;15.8
63;2021-05-18;5120;1615;222024;105735;33.6;16.0
63;2021-05-19;5221;1626;227245;107361;34.4;16.3
63;2021-05-20;6800;2091;234045;109452;35.4;16.6
63;2021-05-21;6254;2332;240299;111784;36.4;16.9
63;2021-05-22;3353;850;243652;112634;36.9;17.1
63;2021-05-23;2385;245;246037;112879;37.3;17.1
63;2021-05-24;2639;580;248676;113459;37.7;17.2
63;2021-05-25;4269;2644;252945;116103;38.3;17.6
63;2021-05-26;5451;2417;258396;118520;39.1;18.0
63;2021-05-27;6502;2802;264898;121322;40.1;18.4
63;2021-05-28;5420;3899;270318;125221;40.9;19.0
63;2021-05-29;3360;1503;273678;126724;41.5;19.2
63;2021-05-30;1579;217;275257;126941;41.7;19.2
63;2021-05-31;4151;2287;279408;129228;42.3;19.6
63;2021-06-01;3804;2962;283212;132190;42.9;20.0
63;2021-06-02;3888;2527;287100;134717;43.5;20.4
63;2021-06-03;4902;3143;292002;137860;44.2;20.9
63;2021-06-04;5097;3622;297099;141482;45.0;21.4
63;2021-06-05;2812;1746;299911;143228;45.4;21.7
63;2021-06-06;1308;697;301219;143925;45.6;21.8
63;2021-06-07;3165;2517;304384;146442;46.1;22.2
63;2021-06-08;2879;2756;307263;149198;46.5;22.6
63;2021-06-09;3022;2274;310285;151472;47.0;22.9
63;2021-06-10;3222;2689;313507;154161;47.5;23.3
63;2021-06-11;3100;4048;316607;158209;48.0;24.0
63;2021-06-12;1638;1969;318245;160178;48.2;24.3
63;2021-06-13;480;1098;318725;161276;48.3;24.4
63;2021-06-14;1825;3474;320550;164750;48.6;25.0
63;2021-06-15;2211;3480;322761;168230;48.9;25.5
63;2021-06-16;2573;3312;325334;171542;49.3;26.0
63;2021-06-17;2400;4316;327734;175858;49.6;26.6
63;2021-06-18;2477;5831;330211;181689;50.0;27.5
63;2021-06-19;1638;2834;331849;184523;50.3;27.9
63;2021-06-20;676;2441;332525;186964;50.4;28.3
63;2021-06-21;1272;5390;333797;192354;50.6;29.1
63;2021-06-22;1233;5540;335030;197894;50.7;30.0
63;2021-06-23;1528;4761;336558;202655;51.0;30.7
63;2021-06-24;1926;5382;338484;208037;51.3;31.5
63;2021-06-25;1749;5898;340233;213935;51.5;32.4
63;2021-06-26;1072;3351;341305;217286;51.7;32.9
63;2021-06-27;713;3487;342018;220773;51.8;33.4
63;2021-06-28;1136;5664;343154;226437;52.0;34.3
63;2021-06-29;1225;5161;344379;231598;52.2;35.1
63;2021-06-30;1602;5294;345981;236892;52.4;35.9
63;2021-07-01;1912;8065;347893;244957;52.7;37.1
63;2021-07-02;2060;6544;349953;251501;53.0;38.1
63;2021-07-03;963;2927;350916;254428;53.1;38.5
63;2021-07-04;1063;1884;351979;256312;53.3;38.8
63;2021-07-05;1538;6279;353517;262591;53.5;39.8
63;2021-07-06;1601;4804;355118;267395;53.8;40.5
63;2021-07-07;1972;4087;357090;271482;54.1;41.1
63;2021-07-08;2207;4590;359297;276072;54.4;41.8
63;2021-07-09;1923;5719;361220;281791;54.7;42.7
63;2021-07-10;1533;3413;362753;285204;54.9;43.2
63;2021-07-11;909;1534;363662;286738;55.1;43.4
63;2021-07-12;1594;8704;365256;295442;55.3;44.7
63;2021-07-13;3601;6140;368857;301582;55.9;45.7
63;2021-07-14;3618;1789;372475;303371;56.4;45.9
63;2021-07-15;4413;5035;376888;308406;57.1;46.7
63;2021-07-16;4692;5784;381580;314190;57.8;47.6
63;2021-07-17;3013;2474;384593;316664;58.3;48.0
63;2021-07-18;2826;1088;387419;317752;58.7;48.1
63;2021-07-19;4002;4853;391421;322605;59.3;48.9
63;2021-07-20;4736;5455;396157;328060;60.0;49.7
63;2021-07-21;4792;3981;400949;332041;60.7;50.3
63;2021-07-22;5509;4403;406458;336444;61.6;51.0
63;2021-07-23;5157;4648;411615;341092;62.3;51.7
63;2021-07-24;3674;1951;415289;343043;62.9;52.0
63;2021-07-25;3065;1438;418354;344481;63.4;52.2
63;2021-07-26;4038;3229;422392;347710;64.0;52.7
63;2021-07-27;3933;3157;426325;350867;64.6;53.1
63;2021-07-28;3850;2715;430175;353582;65.2;53.6
63;2021-07-29;4450;3160;434625;356742;65.8;54.0
63;2021-07-30;3808;3576;438433;360318;66.4;54.6
63;2021-07-31;2161;1719;440594;362037;66.7;54.8
63;2021-08-01;1195;835;441789;362872;66.9;55.0
63;2021-08-02;2225;3069;444014;365941;67.3;55.4
63;2021-08-03;2723;3264;446737;369205;67.7;55.9
63;2021-08-04;2805;3242;449542;372447;68.1;56.4
63;2021-08-05;2432;3477;451974;375924;68.5;56.9
63;2021-08-06;2350;4155;454324;380079;68.8;57.6
63;2021-08-07;1301;2799;455625;382878;69.0;58.0
63;2021-08-08;322;1205;455947;384083;69.1;58.2
63;2021-08-09;1841;4227;457788;388310;69.3;58.8
63;2021-08-10;2214;3995;460002;392305;69.7;59.4
63;2021-08-11;2093;3628;462095;395933;70.0;60.0
63;2021-08-12;1843;4622;463938;400555;70.3;60.7
63;2021-08-13;1660;4009;465598;404564;70.5;61.3
63;2021-08-14;834;3236;466432;407800;70.6;61.8
63;2021-08-15;183;1450;466615;409250;70.7;62.0
63;2021-08-16;1163;4390;467778;413640;70.8;62.6
63;2021-08-17;1593;4046;469371;417686;71.1;63.3
63;2021-08-18;1438;3301;470809;420987;71.3;63.8
63;2021-08-19;1323;3447;472132;424434;71.5;64.3
63;2021-08-20;1372;3711;473504;428145;71.7;64.8
63;2021-08-21;672;2163;474176;430308;71.8;65.2
63;2021-08-22;212;1092;474388;431400;71.9;65.3
63;2021-08-23;1055;3588;475443;434988;72.0;65.9
63;2021-08-24;1081;2984;476524;437972;72.2;66.3
63;2021-08-25;1000;2785;477524;440757;72.3;66.8
63;2021-08-26;1124;2702;478648;443459;72.5;67.2
63;2021-08-27;1140;3150;479788;446609;72.7;67.6
63;2021-08-28;695;1704;480483;448313;72.8;67.9
63;2021-08-29;107;577;480590;448890;72.8;68.0
63;2021-08-30;783;2439;481373;451329;72.9;68.4
64;2020-12-27;1;0;1;0;0.0;0.0
64;2020-12-28;2;0;3;0;0.0;0.0
64;2020-12-29;0;0;3;0;0.0;0.0
64;2020-12-30;0;0;3;0;0.0;0.0
64;2020-12-31;0;0;3;0;0.0;0.0
64;2021-01-01;0;0;3;0;0.0;0.0
64;2021-01-02;0;0;3;0;0.0;0.0
64;2021-01-03;0;0;3;0;0.0;0.0
64;2021-01-04;29;0;32;0;0.0;0.0
64;2021-01-05;25;0;57;0;0.0;0.0
64;2021-01-06;188;0;245;0;0.0;0.0
64;2021-01-07;842;1;1087;1;0.2;0.0
64;2021-01-08;879;2;1966;3;0.3;0.0
64;2021-01-09;54;0;2020;3;0.3;0.0
64;2021-01-10;2;0;2022;3;0.3;0.0
64;2021-01-11;543;0;2565;3;0.4;0.0
64;2021-01-12;760;3;3325;6;0.5;0.0
64;2021-01-13;865;2;4190;8;0.6;0.0
64;2021-01-14;1045;3;5235;11;0.8;0.0
64;2021-01-15;929;4;6164;15;0.9;0.0
64;2021-01-16;70;0;6234;15;0.9;0.0
64;2021-01-17;5;0;6239;15;0.9;0.0
64;2021-01-18;942;8;7181;23;1.1;0.0
64;2021-01-19;1447;4;8628;27;1.3;0.0
64;2021-01-20;1617;3;10245;30;1.5;0.0
64;2021-01-21;2602;2;12847;32;1.9;0.0
64;2021-01-22;1649;3;14496;35;2.1;0.0
64;2021-01-23;524;1;15020;36;2.2;0.0
64;2021-01-24;89;0;15109;36;2.2;0.0
64;2021-01-25;973;8;16082;44;2.4;0.0
64;2021-01-26;1357;21;17439;65;2.6;0.0
64;2021-01-27;1242;118;18681;183;2.7;0.0
64;2021-01-28;1648;629;20329;812;3.0;0.1
64;2021-01-29;973;650;21302;1462;3.1;0.2
64;2021-01-30;468;59;21770;1521;3.2;0.2
64;2021-01-31;92;0;21862;1521;3.2;0.2
64;2021-02-01;674;311;22536;1832;3.3;0.3
64;2021-02-02;1134;552;23670;2384;3.5;0.3
64;2021-02-03;1042;636;24712;3020;3.6;0.4
64;2021-02-04;1027;535;25739;3555;3.8;0.5
64;2021-02-05;867;455;26606;4010;3.9;0.6
64;2021-02-06;501;33;27107;4043;4.0;0.6
64;2021-02-07;131;4;27238;4047;4.0;0.6
64;2021-02-08;769;308;28007;4355;4.1;0.6
64;2021-02-09;946;708;28953;5063;4.2;0.7
64;2021-02-10;915;789;29868;5852;4.4;0.9
64;2021-02-11;1200;1488;31068;7340;4.5;1.1
64;2021-02-12;1076;1062;32144;8402;4.7;1.2
64;2021-02-13;225;315;32369;8717;4.7;1.3
64;2021-02-14;37;47;32406;8764;4.7;1.3
64;2021-02-15;221;1122;32627;9886;4.8;1.4
64;2021-02-16;258;1402;32885;11288;4.8;1.7
64;2021-02-17;290;1237;33175;12525;4.9;1.8
64;2021-02-18;508;1702;33683;14227;4.9;2.1
64;2021-02-19;415;1285;34098;15512;5.0;2.3
64;2021-02-20;119;434;34217;15946;5.0;2.3
64;2021-02-21;20;82;34237;16028;5.0;2.3
64;2021-02-22;477;981;34714;17009;5.1;2.5
64;2021-02-23;720;1139;35434;18148;5.2;2.7
64;2021-02-24;732;1010;36166;19158;5.3;2.8
64;2021-02-25;1094;949;37260;20107;5.5;2.9
64;2021-02-26;1216;908;38476;21015;5.6;3.1
64;2021-02-27;864;404;39340;21419;5.8;3.1
64;2021-02-28;42;82;39382;21501;5.8;3.1
64;2021-03-01;765;794;40147;22295;5.9;3.3
64;2021-03-02;1078;917;41225;23212;6.0;3.4
64;2021-03-03;1251;1001;42476;24213;6.2;3.5
64;2021-03-04;1879;1181;44355;25394;6.5;3.7
64;2021-03-05;2196;1073;46551;26467;6.8;3.9
64;2021-03-06;1543;517;48094;26984;7.0;3.9
64;2021-03-07;594;110;48688;27094;7.1;4.0
64;2021-03-08;1535;763;50223;27857;7.4;4.1
64;2021-03-09;2069;844;52292;28701;7.7;4.2
64;2021-03-10;2081;762;54373;29463;8.0;4.3
64;2021-03-11;2972;1069;57345;30532;8.4;4.5
64;2021-03-12;3486;603;60831;31135;8.9;4.6
64;2021-03-13;2257;167;63088;31302;9.2;4.6
64;2021-03-14;233;15;63321;31317;9.3;4.6
64;2021-03-15;2334;226;65655;31543;9.6;4.6
64;2021-03-16;1993;267;67648;31810;9.9;4.7
64;2021-03-17;2072;237;69720;32047;10.2;4.7
64;2021-03-18;2464;206;72184;32253;10.6;4.7
64;2021-03-19;3014;286;75198;32539;11.0;4.8
64;2021-03-20;2467;90;77665;32629;11.4;4.8
64;2021-03-21;1280;26;78945;32655;11.6;4.8
64;2021-03-22;2589;551;81534;33206;11.9;4.9
64;2021-03-23;3198;652;84732;33858;12.4;5.0
64;2021-03-24;3563;701;88295;34559;12.9;5.1
64;2021-03-25;4351;804;92646;35363;13.6;5.2
64;2021-03-26;4428;701;97074;36064;14.2;5.3
64;2021-03-27;2971;431;100045;36495;14.6;5.3
64;2021-03-28;521;56;100566;36551;14.7;5.4
64;2021-03-29;3028;887;103594;37438;15.2;5.5
64;2021-03-30;4137;871;107731;38309;15.8;5.6
64;2021-03-31;3593;790;111324;39099;16.3;5.7
64;2021-04-01;4782;934;116106;40033;17.0;5.9
64;2021-04-02;4445;745;120551;40778;17.6;6.0
64;2021-04-03;2059;585;122610;41363;17.9;6.1
64;2021-04-04;308;49;122918;41412;18.0;6.1
64;2021-04-05;1689;142;124607;41554;18.2;6.1
64;2021-04-06;3653;1389;128260;42943;18.8;6.3
64;2021-04-07;3949;1515;132209;44458;19.4;6.5
64;2021-04-08;5195;1600;137404;46058;20.1;6.7
64;2021-04-09;5899;1638;143303;47696;21.0;7.0
64;2021-04-10;3222;1050;146525;48746;21.4;7.1
64;2021-04-11;446;251;146971;48997;21.5;7.2
64;2021-04-12;4047;1864;151018;50861;22.1;7.4
64;2021-04-13;4463;2165;155481;53026;22.8;7.8
64;2021-04-14;4089;2139;159570;55165;23.4;8.1
64;2021-04-15;4395;2296;163965;57461;24.0;8.4
64;2021-04-16;4297;2256;168262;59717;24.6;8.7
64;2021-04-17;2480;1499;170742;61216;25.0;9.0
64;2021-04-18;1096;1181;171838;62397;25.2;9.1
64;2021-04-19;2733;2446;174571;64843;25.6;9.5
64;2021-04-20;3208;2429;177779;67272;26.0;9.8
64;2021-04-21;3224;2565;181003;69837;26.5;10.2
64;2021-04-22;3388;2784;184391;72621;27.0;10.6
64;2021-04-23;3434;2612;187825;75233;27.5;11.0
64;2021-04-24;2067;1589;189892;76822;27.8;11.2
64;2021-04-25;290;237;190182;77059;27.8;11.3
64;2021-04-26;2659;2650;192841;79709;28.2;11.7
64;2021-04-27;3061;3131;195902;82840;28.7;12.1
64;2021-04-28;3604;3061;199506;85901;29.2;12.6
64;2021-04-29;4653;3460;204159;89361;29.9;13.1
64;2021-04-30;4084;3611;208243;92972;30.5;13.6
64;2021-05-01;1481;1030;209724;94002;30.7;13.8
64;2021-05-02;446;325;210170;94327;30.8;13.8
64;2021-05-03;2909;3522;213079;97849;31.2;14.3
64;2021-05-04;3646;3993;216725;101842;31.7;14.9
64;2021-05-05;3360;4014;220085;105856;32.2;15.5
64;2021-05-06;4109;3989;224194;109845;32.8;16.1
64;2021-05-07;3922;4195;228116;114040;33.4;16.7
64;2021-05-08;2620;1237;230736;115277;33.8;16.9
64;2021-05-09;720;306;231456;115583;33.9;16.9
64;2021-05-10;2862;4237;234318;119820;34.3;17.5
64;2021-05-11;4186;4153;238504;123973;34.9;18.1
64;2021-05-12;4485;3946;242989;127919;35.6;18.7
64;2021-05-13;3198;886;246187;128805;36.0;18.9
64;2021-05-14;5153;3151;251340;131956;36.8;19.3
64;2021-05-15;3526;1868;254866;133824;37.3;19.6
64;2021-05-16;498;225;255364;134049;37.4;19.6
64;2021-05-17;4191;2384;259555;136433;38.0;20.0
64;2021-05-18;5166;2306;264721;138739;38.7;20.3
64;2021-05-19;4977;2166;269698;140905;39.5;20.6
64;2021-05-20;5570;2160;275268;143065;40.3;20.9
64;2021-05-21;5273;2248;280541;145313;41.1;21.3
64;2021-05-22;3582;1511;284123;146824;41.6;21.5
64;2021-05-23;431;206;284554;147030;41.7;21.5
64;2021-05-24;2997;1232;287551;148262;42.1;21.7
64;2021-05-25;4334;2851;291885;151113;42.7;22.1
64;2021-05-26;4356;2718;296241;153831;43.4;22.5
64;2021-05-27;5284;3158;301525;156989;44.1;23.0
64;2021-05-28;4618;3437;306143;160426;44.8;23.5
64;2021-05-29;2810;2116;308953;162542;45.2;23.8
64;2021-05-30;439;204;309392;162746;45.3;23.8
64;2021-05-31;3891;3674;313283;166420;45.9;24.4
64;2021-06-01;5336;3571;318619;169991;46.6;24.9
64;2021-06-02;4934;3179;323553;173170;47.4;25.3
64;2021-06-03;6367;3269;329920;176439;48.3;25.8
64;2021-06-04;5147;4555;335067;180994;49.0;26.5
64;2021-06-05;3485;2526;338552;183520;49.6;26.9
64;2021-06-06;2014;330;340566;183850;49.9;26.9
64;2021-06-07;4129;4330;344695;188180;50.5;27.5
64;2021-06-08;5155;4129;349850;192309;51.2;28.1
64;2021-06-09;5154;3657;355004;195966;52.0;28.7
64;2021-06-10;6180;3144;361184;199110;52.9;29.1
64;2021-06-11;5590;4874;366774;203984;53.7;29.9
64;2021-06-12;3951;2330;370725;206314;54.3;30.2
64;2021-06-13;1556;392;372281;206706;54.5;30.3
64;2021-06-14;3671;4792;375952;211498;55.0;31.0
64;2021-06-15;4576;4708;380528;216206;55.7;31.6
64;2021-06-16;4471;4666;384999;220872;56.4;32.3
64;2021-06-17;3641;4304;388640;225176;56.9;33.0
64;2021-06-18;4424;5173;393064;230349;57.5;33.7
64;2021-06-19;2985;3284;396049;233633;58.0;34.2
64;2021-06-20;881;539;396930;234172;58.1;34.3
64;2021-06-21;2314;5126;399244;239298;58.4;35.0
64;2021-06-22;2559;5731;401803;245029;58.8;35.9
64;2021-06-23;3105;5485;404908;250514;59.3;36.7
64;2021-06-24;2720;3808;407628;254322;59.7;37.2
64;2021-06-25;2901;6439;410529;260761;60.1;38.2
64;2021-06-26;1799;3838;412328;264599;60.4;38.7
64;2021-06-27;492;713;412820;265312;60.4;38.8
64;2021-06-28;1933;6067;414753;271379;60.7;39.7
64;2021-06-29;1965;6267;416718;277646;61.0;40.6
64;2021-06-30;2254;6002;418972;283648;61.3;41.5
64;2021-07-01;2412;5343;421384;288991;61.7;42.3
64;2021-07-02;2302;6409;423686;295400;62.0;43.2
64;2021-07-03;1263;3784;424949;299184;62.2;43.8
64;2021-07-04;411;847;425360;300031;62.3;43.9
64;2021-07-05;1379;5411;426739;305442;62.5;44.7
64;2021-07-06;1995;6151;428734;311593;62.8;45.6
64;2021-07-07;2065;5752;430799;317345;63.1;46.5
64;2021-07-08;1801;4397;432600;321742;63.3;47.1
64;2021-07-09;1822;6539;434422;328281;63.6;48.1
64;2021-07-10;1170;3881;435592;332162;63.8;48.6
64;2021-07-11;253;860;435845;333022;63.8;48.7
64;2021-07-12;1502;6087;437347;339109;64.0;49.6
64;2021-07-13;2364;7250;439711;346359;64.4;50.7
64;2021-07-14;2372;3406;442083;349765;64.7;51.2
64;2021-07-15;2104;5481;444187;355246;65.0;52.0
64;2021-07-16;2847;6779;447034;362025;65.4;53.0
64;2021-07-17;2338;4591;449372;366616;65.8;53.7
64;2021-07-18;716;2050;450088;368666;65.9;54.0
64;2021-07-19;2349;6122;452437;374788;66.2;54.9
64;2021-07-20;3125;6552;455562;381340;66.7;55.8
64;2021-07-21;3343;6046;458905;387386;67.2;56.7
64;2021-07-22;3814;5717;462719;393103;67.7;57.5
64;2021-07-23;3727;5614;466446;398717;68.3;58.4
64;2021-07-24;2545;4429;468991;403146;68.6;59.0
64;2021-07-25;753;1060;469744;404206;68.8;59.2
64;2021-07-26;3087;5135;472831;409341;69.2;59.9
64;2021-07-27;4264;5143;477095;414484;69.8;60.7
64;2021-07-28;4313;4595;481408;419079;70.5;61.3
64;2021-07-29;5517;3901;486925;422980;71.3;61.9
64;2021-07-30;5142;4221;492067;427201;72.0;62.5
64;2021-07-31;3169;3345;495236;430546;72.5;63.0
64;2021-08-01;1145;584;496381;431130;72.7;63.1
64;2021-08-02;4350;2649;500731;433779;73.3;63.5
64;2021-08-03;4536;3173;505267;436952;74.0;64.0
64;2021-08-04;4121;2998;509388;439950;74.6;64.4
64;2021-08-05;4008;2618;513396;442568;75.1;64.8
64;2021-08-06;3830;3340;517226;445908;75.7;65.3
64;2021-08-07;2478;2702;519704;448610;76.1;65.7
64;2021-08-08;488;609;520192;449219;76.1;65.8
64;2021-08-09;2732;3198;522924;452417;76.5;66.2
64;2021-08-10;3276;3433;526200;455850;77.0;66.7
64;2021-08-11;3051;3261;529251;459111;77.5;67.2
64;2021-08-12;3172;3301;532423;462412;77.9;67.7
64;2021-08-13;2540;3653;534963;466065;78.3;68.2
64;2021-08-14;1625;2676;536588;468741;78.5;68.6
64;2021-08-15;202;691;536790;469432;78.6;68.7
64;2021-08-16;2095;3231;538885;472663;78.9;69.2
64;2021-08-17;2266;3699;541151;476362;79.2;69.7
64;2021-08-18;2022;3520;543173;479882;79.5;70.2
64;2021-08-19;1929;3526;545102;483408;79.8;70.8
64;2021-08-20;1575;3978;546677;487386;80.0;71.3
64;2021-08-21;969;2882;547646;490268;80.2;71.8
64;2021-08-22;160;893;547806;491161;80.2;71.9
64;2021-08-23;1254;3238;549060;494399;80.4;72.4
64;2021-08-24;1372;4592;550432;498991;80.6;73.0
64;2021-08-25;1251;3738;551683;502729;80.8;73.6
64;2021-08-26;1099;3532;552782;506261;80.9;74.1
64;2021-08-27;1189;4224;553971;510485;81.1;74.7
64;2021-08-28;731;2495;554702;512980;81.2;75.1
64;2021-08-29;91;532;554793;513512;81.2;75.2
64;2021-08-30;969;3600;555762;517112;81.4;75.7
65;2020-12-27;0;0;0;0;0.0;0.0
65;2020-12-28;0;0;0;0;0.0;0.0
65;2020-12-29;0;0;0;0;0.0;0.0
65;2020-12-30;0;0;0;0;0.0;0.0
65;2020-12-31;0;0;0;0;0.0;0.0
65;2021-01-01;0;0;0;0;0.0;0.0
65;2021-01-02;0;0;0;0;0.0;0.0
65;2021-01-03;0;0;0;0;0.0;0.0
65;2021-01-04;0;0;0;0;0.0;0.0
65;2021-01-05;1;0;1;0;0.0;0.0
65;2021-01-06;3;0;4;0;0.0;0.0
65;2021-01-07;167;0;171;0;0.1;0.0
65;2021-01-08;253;1;424;1;0.2;0.0
65;2021-01-09;176;1;600;2;0.3;0.0
65;2021-01-10;1;0;601;2;0.3;0.0
65;2021-01-11;275;3;876;5;0.4;0.0
65;2021-01-12;272;1;1148;6;0.5;0.0
65;2021-01-13;587;1;1735;7;0.8;0.0
65;2021-01-14;579;5;2314;12;1.0;0.0
65;2021-01-15;527;2;2841;14;1.3;0.0
65;2021-01-16;221;2;3062;16;1.3;0.0
65;2021-01-17;1;0;3063;16;1.4;0.0
65;2021-01-18;553;5;3616;21;1.6;0.0
65;2021-01-19;570;2;4186;23;1.8;0.0
65;2021-01-20;584;5;4770;28;2.1;0.0
65;2021-01-21;584;0;5354;28;2.4;0.0
65;2021-01-22;597;0;5951;28;2.6;0.0
65;2021-01-23;174;1;6125;29;2.7;0.0
65;2021-01-24;3;1;6128;30;2.7;0.0
65;2021-01-25;551;4;6679;34;2.9;0.0
65;2021-01-26;881;2;7560;36;3.3;0.0
65;2021-01-27;588;11;8148;47;3.6;0.0
65;2021-01-28;507;71;8655;118;3.8;0.1
65;2021-01-29;426;137;9081;255;4.0;0.1
65;2021-01-30;183;74;9264;329;4.1;0.1
65;2021-01-31;15;0;9279;329;4.1;0.1
65;2021-02-01;321;90;9600;419;4.2;0.2
65;2021-02-02;418;189;10018;608;4.4;0.3
65;2021-02-03;463;244;10481;852;4.6;0.4
65;2021-02-04;307;329;10788;1181;4.8;0.5
65;2021-02-05;285;360;11073;1541;4.9;0.7
65;2021-02-06;99;99;11172;1640;4.9;0.7
65;2021-02-07;10;0;11182;1640;4.9;0.7
65;2021-02-08;425;219;11607;1859;5.1;0.8
65;2021-02-09;272;379;11879;2238;5.2;1.0
65;2021-02-10;296;267;12175;2505;5.4;1.1
65;2021-02-11;320;274;12495;2779;5.5;1.2
65;2021-02-12;277;229;12772;3008;5.6;1.3
65;2021-02-13;125;97;12897;3105;5.7;1.4
65;2021-02-14;3;16;12900;3121;5.7;1.4
65;2021-02-15;202;410;13102;3531;5.8;1.6
65;2021-02-16;489;576;13591;4107;6.0;1.8
65;2021-02-17;230;498;13821;4605;6.1;2.0
65;2021-02-18;285;582;14106;5187;6.2;2.3
65;2021-02-19;156;478;14262;5665;6.3;2.5
65;2021-02-20;53;158;14315;5823;6.3;2.6
65;2021-02-21;3;48;14318;5871;6.3;2.6
65;2021-02-22;166;538;14484;6409;6.4;2.8
65;2021-02-23;248;526;14732;6935;6.5;3.1
65;2021-02-24;232;635;14964;7570;6.6;3.3
65;2021-02-25;212;181;15176;7751;6.7;3.4
65;2021-02-26;350;774;15526;8525;6.8;3.8
65;2021-02-27;109;201;15635;8726;6.9;3.8
65;2021-02-28;1;0;15636;8726;6.9;3.8
65;2021-03-01;378;373;16014;9099;7.1;4.0
65;2021-03-02;454;361;16468;9460;7.3;4.2
65;2021-03-03;381;390;16849;9850;7.4;4.3
65;2021-03-04;695;330;17544;10180;7.7;4.5
65;2021-03-05;678;286;18222;10466;8.0;4.6
65;2021-03-06;1187;86;19409;10552;8.6;4.7
65;2021-03-07;258;12;19667;10564;8.7;4.7
65;2021-03-08;412;343;20079;10907;8.9;4.8
65;2021-03-09;668;336;20747;11243;9.1;5.0
65;2021-03-10;625;371;21372;11614;9.4;5.1
65;2021-03-11;778;357;22150;11971;9.8;5.3
65;2021-03-12;1058;190;23208;12161;10.2;5.4
65;2021-03-13;354;93;23562;12254;10.4;5.4
65;2021-03-14;3;30;23565;12284;10.4;5.4
65;2021-03-15;816;185;24381;12469;10.7;5.5
65;2021-03-16;692;219;25073;12688;11.1;5.6
65;2021-03-17;711;208;25784;12896;11.4;5.7
65;2021-03-18;536;233;26320;13129;11.6;5.8
65;2021-03-19;878;164;27198;13293;12.0;5.9
65;2021-03-20;244;45;27442;13338;12.1;5.9
65;2021-03-21;12;2;27454;13340;12.1;5.9
65;2021-03-22;735;154;28189;13494;12.4;5.9
65;2021-03-23;837;368;29026;13862;12.8;6.1
65;2021-03-24;868;254;29894;14116;13.2;6.2
65;2021-03-25;1251;190;31145;14306;13.7;6.3
65;2021-03-26;1225;140;32370;14446;14.3;6.4
65;2021-03-27;1357;92;33727;14538;14.9;6.4
65;2021-03-28;1;2;33728;14540;14.9;6.4
65;2021-03-29;1492;359;35220;14899;15.5;6.6
65;2021-03-30;1357;406;36577;15305;16.1;6.7
65;2021-03-31;1208;372;37785;15677;16.7;6.9
65;2021-04-01;1510;397;39295;16074;17.3;7.1
65;2021-04-02;1684;288;40979;16362;18.1;7.2
65;2021-04-03;247;45;41226;16407;18.2;7.2
65;2021-04-04;4;2;41230;16409;18.2;7.2
65;2021-04-05;158;44;41388;16453;18.2;7.3
65;2021-04-06;1295;492;42683;16945;18.8;7.5
65;2021-04-07;1958;459;44641;17404;19.7;7.7
65;2021-04-08;1640;414;46281;17818;20.4;7.9
65;2021-04-09;1644;471;47925;18289;21.1;8.1
65;2021-04-10;1591;151;49516;18440;21.8;8.1
65;2021-04-11;3;0;49519;18440;21.8;8.1
65;2021-04-12;1349;737;50868;19177;22.4;8.5
65;2021-04-13;1572;590;52440;19767;23.1;8.7
65;2021-04-14;1904;745;54344;20512;24.0;9.0
65;2021-04-15;1699;671;56043;21183;24.7;9.3
65;2021-04-16;1824;529;57867;21712;25.5;9.6
65;2021-04-17;2156;132;60023;21844;26.5;9.6
65;2021-04-18;7;27;60030;21871;26.5;9.6
65;2021-04-19;1337;773;61367;22644;27.1;10.0
65;2021-04-20;1529;708;62896;23352;27.7;10.3
65;2021-04-21;1053;1047;63949;24399;28.2;10.8
65;2021-04-22;1645;726;65594;25125;28.9;11.1
65;2021-04-23;1160;1148;66754;26273;29.4;11.6
65;2021-04-24;1264;610;68018;26883;30.0;11.9
65;2021-04-25;31;15;68049;26898;30.0;11.9
65;2021-04-26;1608;1296;69657;28194;30.7;12.4
65;2021-04-27;1423;1339;71080;29533;31.3;13.0
65;2021-04-28;1730;1023;72810;30556;32.1;13.5
65;2021-04-29;1959;1035;74769;31591;33.0;13.9
65;2021-04-30;1782;924;76551;32515;33.7;14.3
65;2021-05-01;1574;229;78125;32744;34.4;14.4
65;2021-05-02;671;24;78796;32768;34.7;14.4
65;2021-05-03;1280;1620;80076;34388;35.3;15.2
65;2021-05-04;1535;1244;81611;35632;36.0;15.7
65;2021-05-05;1373;1646;82984;37278;36.6;16.4
65;2021-05-06;1556;1178;84540;38456;37.3;17.0
65;2021-05-07;1274;1569;85814;40025;37.8;17.6
65;2021-05-08;1647;443;87461;40468;38.6;17.8
65;2021-05-09;0;89;87461;40557;38.6;17.9
65;2021-05-10;953;1883;88414;42440;39.0;18.7
65;2021-05-11;1059;1811;89473;44251;39.4;19.5
65;2021-05-12;1238;1635;90711;45886;40.0;20.2
65;2021-05-13;1345;170;92056;46056;40.6;20.3
65;2021-05-14;1575;1095;93631;47151;41.3;20.8
65;2021-05-15;1401;511;95032;47662;41.9;21.0
65;2021-05-16;1444;70;96476;47732;42.5;21.0
65;2021-05-17;1036;1615;97512;49347;43.0;21.8
65;2021-05-18;1612;1209;99124;50556;43.7;22.3
65;2021-05-19;1684;1009;100808;51565;44.4;22.7
65;2021-05-20;1844;1052;102652;52617;45.3;23.2
65;2021-05-21;1791;1234;104443;53851;46.0;23.7
65;2021-05-22;1287;638;105730;54489;46.6;24.0
65;2021-05-23;689;32;106419;54521;46.9;24.0
65;2021-05-24;703;77;107122;54598;47.2;24.1
65;2021-05-25;1358;1548;108480;56146;47.8;24.8
65;2021-05-26;1472;1356;109952;57502;48.5;25.3
65;2021-05-27;1622;1464;111574;58966;49.2;26.0
65;2021-05-28;1601;1672;113175;60638;49.9;26.7
65;2021-05-29;1186;1514;114361;62152;50.4;27.4
65;2021-05-30;6;10;114367;62162;50.4;27.4
65;2021-05-31;1324;1300;115691;63462;51.0;28.0
65;2021-06-01;1833;936;117524;64398;51.8;28.4
65;2021-06-02;1575;951;119099;65349;52.5;28.8
65;2021-06-03;1341;1103;120440;66452;53.1;29.3
65;2021-06-04;1791;1560;122231;68012;53.9;30.0
65;2021-06-05;433;1240;122664;69252;54.1;30.5
65;2021-06-06;3;13;122667;69265;54.1;30.5
65;2021-06-07;674;1984;123341;71249;54.4;31.4
65;2021-06-08;956;1538;124297;72787;54.8;32.1
65;2021-06-09;827;1548;125124;74335;55.2;32.8
65;2021-06-10;740;1155;125864;75490;55.5;33.3
65;2021-06-11;911;1808;126775;77298;55.9;34.1
65;2021-06-12;150;639;126925;77937;56.0;34.4
65;2021-06-13;5;7;126930;77944;56.0;34.4
65;2021-06-14;503;2423;127433;80367;56.2;35.4
65;2021-06-15;941;1804;128374;82171;56.6;36.2
65;2021-06-16;1065;1366;129439;83537;57.1;36.8
65;2021-06-17;814;1048;130253;84585;57.4;37.3
65;2021-06-18;1018;1632;131271;86217;57.9;38.0
65;2021-06-19;691;1688;131962;87905;58.2;38.8
65;2021-06-20;2;2;131964;87907;58.2;38.8
65;2021-06-21;736;1940;132700;89847;58.5;39.6
65;2021-06-22;1046;1479;133746;91326;59.0;40.3
65;2021-06-23;1064;1233;134810;92559;59.4;40.8
65;2021-06-24;959;1144;135769;93703;59.9;41.3
65;2021-06-25;831;1967;136600;95670;60.2;42.2
65;2021-06-26;168;1658;136768;97328;60.3;42.9
65;2021-06-27;15;1101;136783;98429;60.3;43.4
65;2021-06-28;444;2301;137227;100730;60.5;44.4
65;2021-06-29;684;1919;137911;102649;60.8;45.3
65;2021-06-30;932;1679;138843;104328;61.2;46.0
65;2021-07-01;605;752;139448;105080;61.5;46.3
65;2021-07-02;1167;1733;140615;106813;62.0;47.1
65;2021-07-03;196;1916;140811;108729;62.1;47.9
65;2021-07-04;416;185;141227;108914;62.3;48.0
65;2021-07-05;640;1994;141867;110908;62.5;48.9
65;2021-07-06;897;2126;142764;113034;62.9;49.8
65;2021-07-07;973;1516;143737;114550;63.4;50.5
65;2021-07-08;326;662;144063;115212;63.5;50.8
65;2021-07-09;550;1594;144613;116806;63.8;51.5
65;2021-07-10;297;956;144910;117762;63.9;51.9
65;2021-07-11;0;0;144910;117762;63.9;51.9
65;2021-07-12;479;2221;145389;119983;64.1;52.9
65;2021-07-13;698;2148;146087;122131;64.4;53.8
65;2021-07-14;213;52;146300;122183;64.5;53.9
65;2021-07-15;1048;1661;147348;123844;65.0;54.6
65;2021-07-16;1186;1883;148534;125727;65.5;55.4
65;2021-07-17;431;543;148965;126270;65.7;55.7
65;2021-07-18;22;11;148987;126281;65.7;55.7
65;2021-07-19;631;1495;149618;127776;66.0;56.3
65;2021-07-20;1445;1705;151063;129481;66.6;57.1
65;2021-07-21;1417;1660;152480;131141;67.2;57.8
65;2021-07-22;2195;1292;154675;132433;68.2;58.4
65;2021-07-23;1621;1791;156296;134224;68.9;59.2
65;2021-07-24;1043;649;157339;134873;69.4;59.5
65;2021-07-25;22;21;157361;134894;69.4;59.5
65;2021-07-26;1141;1244;158502;136138;69.9;60.0
65;2021-07-27;1787;1955;160289;138093;70.7;60.9
65;2021-07-28;1597;1322;161886;139415;71.4;61.5
65;2021-07-29;2879;1136;164765;140551;72.6;62.0
65;2021-07-30;2447;1397;167212;141948;73.7;62.6
65;2021-07-31;2293;352;169505;142300;74.7;62.7
65;2021-08-01;14;16;169519;142316;74.7;62.7
65;2021-08-02;984;833;170503;143149;75.2;63.1
65;2021-08-03;2082;1066;172585;144215;76.1;63.6
65;2021-08-04;1791;639;174376;144854;76.9;63.9
65;2021-08-05;1809;838;176185;145692;77.7;64.2
65;2021-08-06;1657;967;177842;146659;78.4;64.7
65;2021-08-07;721;484;178563;147143;78.7;64.9
65;2021-08-08;2;9;178565;147152;78.7;64.9
65;2021-08-09;689;943;179254;148095;79.0;65.3
65;2021-08-10;1163;1547;180417;149642;79.5;66.0
65;2021-08-11;726;1262;181143;150904;79.9;66.5
65;2021-08-12;764;1081;181907;151985;80.2;67.0
65;2021-08-13;411;1008;182318;152993;80.4;67.4
65;2021-08-14;592;565;182910;153558;80.6;67.7
65;2021-08-15;7;19;182917;153577;80.6;67.7
65;2021-08-16;394;1537;183311;155114;80.8;68.4
65;2021-08-17;718;2177;184029;157291;81.1;69.3
65;2021-08-18;587;1543;184616;158834;81.4;70.0
65;2021-08-19;719;1309;185335;160143;81.7;70.6
65;2021-08-20;447;1335;185782;161478;81.9;71.2
65;2021-08-21;37;105;185819;161583;81.9;71.2
65;2021-08-22;11;13;185830;161596;81.9;71.2
65;2021-08-23;263;1682;186093;163278;82.0;72.0
65;2021-08-24;543;2443;186636;165721;82.3;73.1
65;2021-08-25;414;1958;187050;167679;82.5;73.9
65;2021-08-26;450;2306;187500;169985;82.7;74.9
65;2021-08-27;424;1945;187924;171930;82.8;75.8
65;2021-08-28;156;191;188080;172121;82.9;75.9
65;2021-08-29;8;17;188088;172138;82.9;75.9
65;2021-08-30;254;1055;188342;173193;83.0;76.4
66;2020-12-27;0;0;0;0;0.0;0.0
66;2020-12-28;2;0;2;0;0.0;0.0
66;2020-12-29;0;0;2;0;0.0;0.0
66;2020-12-30;0;0;2;0;0.0;0.0
66;2020-12-31;1;0;3;0;0.0;0.0
66;2021-01-01;1;0;4;0;0.0;0.0
66;2021-01-02;0;0;4;0;0.0;0.0
66;2021-01-03;0;0;4;0;0.0;0.0
66;2021-01-04;30;0;34;0;0.0;0.0
66;2021-01-05;135;0;169;0;0.0;0.0
66;2021-01-06;195;0;364;0;0.1;0.0
66;2021-01-07;182;0;546;0;0.1;0.0
66;2021-01-08;212;0;758;0;0.2;0.0
66;2021-01-09;232;0;990;0;0.2;0.0
66;2021-01-10;11;0;1001;0;0.2;0.0
66;2021-01-11;404;3;1405;3;0.3;0.0
66;2021-01-12;587;2;1992;5;0.4;0.0
66;2021-01-13;877;7;2869;12;0.6;0.0
66;2021-01-14;892;12;3761;24;0.8;0.0
66;2021-01-15;587;1;4348;25;0.9;0.0
66;2021-01-16;106;2;4454;27;0.9;0.0
66;2021-01-17;46;1;4500;28;0.9;0.0
66;2021-01-18;655;3;5155;31;1.1;0.0
66;2021-01-19;717;3;5872;34;1.2;0.0
66;2021-01-20;1169;3;7041;37;1.5;0.0
66;2021-01-21;2402;4;9443;41;2.0;0.0
66;2021-01-22;1439;9;10882;50;2.3;0.0
66;2021-01-23;399;3;11281;53;2.4;0.0
66;2021-01-24;226;9;11507;62;2.4;0.0
66;2021-01-25;738;40;12245;102;2.6;0.0
66;2021-01-26;787;66;13032;168;2.7;0.0
66;2021-01-27;867;103;13899;271;2.9;0.1
66;2021-01-28;876;128;14775;399;3.1;0.1
66;2021-01-29;817;127;15592;526;3.3;0.1
66;2021-01-30;480;68;16072;594;3.4;0.1
66;2021-01-31;202;27;16274;621;3.4;0.1
66;2021-02-01;562;188;16836;809;3.5;0.2
66;2021-02-02;621;288;17457;1097;3.6;0.2
66;2021-02-03;737;626;18194;1723;3.8;0.4
66;2021-02-04;688;618;18882;2341;3.9;0.5
66;2021-02-05;778;414;19660;2755;4.1;0.6
66;2021-02-06;418;146;20078;2901;4.2;0.6
66;2021-02-07;169;139;20247;3040;4.2;0.6
66;2021-02-08;501;390;20748;3430;4.3;0.7
66;2021-02-09;533;397;21281;3827;4.4;0.8
66;2021-02-10;616;768;21897;4595;4.6;1.0
66;2021-02-11;1104;1570;23001;6165;4.8;1.3
66;2021-02-12;1121;1199;24122;7364;5.0;1.5
66;2021-02-13;366;302;24488;7666;5.1;1.6
66;2021-02-14;111;196;24599;7862;5.1;1.6
66;2021-02-15;425;694;25024;8556;5.2;1.8
66;2021-02-16;304;785;25328;9341;5.3;2.0
66;2021-02-17;379;696;25707;10037;5.4;2.1
66;2021-02-18;366;766;26073;10803;5.4;2.3
66;2021-02-19;400;700;26473;11503;5.5;2.4
66;2021-02-20;184;407;26657;11910;5.6;2.5
66;2021-02-21;41;169;26698;12079;5.6;2.5
66;2021-02-22;416;636;27114;12715;5.7;2.7
66;2021-02-23;508;663;27622;13378;5.8;2.8
66;2021-02-24;342;747;27964;14125;5.8;2.9
66;2021-02-25;717;712;28681;14837;6.0;3.1
66;2021-02-26;954;743;29635;15580;6.2;3.3
66;2021-02-27;363;428;29998;16008;6.3;3.3
66;2021-02-28;59;171;30057;16179;6.3;3.4
66;2021-03-01;378;650;30435;16829;6.4;3.5
66;2021-03-02;334;657;30769;17486;6.4;3.7
66;2021-03-03;528;642;31297;18128;6.5;3.8
66;2021-03-04;991;1057;32288;19185;6.7;4.0
66;2021-03-05;1525;796;33813;19981;7.1;4.2
66;2021-03-06;1146;345;34959;20326;7.3;4.2
66;2021-03-07;1097;97;36056;20423;7.5;4.3
66;2021-03-08;696;542;36752;20965;7.7;4.4
66;2021-03-09;1224;593;37976;21558;7.9;4.5
66;2021-03-10;1301;504;39277;22062;8.2;4.6
66;2021-03-11;1474;593;40751;22655;8.5;4.7
66;2021-03-12;2395;579;43146;23234;9.0;4.9
66;2021-03-13;1081;306;44227;23540;9.2;4.9
66;2021-03-14;192;84;44419;23624;9.3;4.9
66;2021-03-15;1109;395;45528;24019;9.5;5.0
66;2021-03-16;952;259;46480;24278;9.7;5.1
66;2021-03-17;866;397;47346;24675;9.9;5.2
66;2021-03-18;969;345;48315;25020;10.1;5.2
66;2021-03-19;1292;318;49607;25338;10.4;5.3
66;2021-03-20;837;122;50444;25460;10.5;5.3
66;2021-03-21;185;44;50629;25504;10.6;5.3
66;2021-03-22;1114;393;51743;25897;10.8;5.4
66;2021-03-23;1757;387;53500;26284;11.2;5.5
66;2021-03-24;1796;519;55296;26803;11.5;5.6
66;2021-03-25;2536;470;57832;27273;12.1;5.7
66;2021-03-26;2577;365;60409;27638;12.6;5.8
66;2021-03-27;1210;299;61619;27937;12.9;5.8
66;2021-03-28;321;3;61940;27940;12.9;5.8
66;2021-03-29;1830;257;63770;28197;13.3;5.9
66;2021-03-30;2240;174;66010;28371;13.8;5.9
66;2021-03-31;1987;250;67997;28621;14.2;6.0
66;2021-04-01;2672;303;70669;28924;14.8;6.0
66;2021-04-02;2421;255;73090;29179;15.3;6.1
66;2021-04-03;1148;335;74238;29514;15.5;6.2
66;2021-04-04;107;125;74345;29639;15.5;6.2
66;2021-04-05;196;142;74541;29781;15.6;6.2
66;2021-04-06;1334;649;75875;30430;15.8;6.4
66;2021-04-07;1397;598;77272;31028;16.1;6.5
66;2021-04-08;2072;548;79344;31576;16.6;6.6
66;2021-04-09;3481;660;82825;32236;17.3;6.7
66;2021-04-10;2307;525;85132;32761;17.8;6.8
66;2021-04-11;1200;168;86332;32929;18.0;6.9
66;2021-04-12;2703;1022;89035;33951;18.6;7.1
66;2021-04-13;3609;1064;92644;35015;19.3;7.3
66;2021-04-14;3292;923;95936;35938;20.0;7.5
66;2021-04-15;3555;1048;99491;36986;20.8;7.7
66;2021-04-16;3591;1034;103082;38020;21.5;7.9
66;2021-04-17;2263;592;105345;38612;22.0;8.1
66;2021-04-18;1445;132;106790;38744;22.3;8.1
66;2021-04-19;2256;1122;109046;39866;22.8;8.3
66;2021-04-20;2373;1078;111419;40944;23.3;8.5
66;2021-04-21;2870;1179;114289;42123;23.9;8.8
66;2021-04-22;2659;1231;116948;43354;24.4;9.1
66;2021-04-23;2380;1237;119328;44591;24.9;9.3
66;2021-04-24;2744;882;122072;45473;25.5;9.5
66;2021-04-25;1207;266;123279;45739;25.7;9.5
66;2021-04-26;1998;1255;125277;46994;26.2;9.8
66;2021-04-27;2748;1304;128025;48298;26.7;10.1
66;2021-04-28;2421;1658;130446;49956;27.2;10.4
66;2021-04-29;2704;2129;133150;52085;27.8;10.9
66;2021-04-30;3055;1559;136205;53644;28.4;11.2
66;2021-05-01;2001;470;138206;54114;28.9;11.3
66;2021-05-02;1529;264;139735;54378;29.2;11.4
66;2021-05-03;2939;1111;142674;55489;29.8;11.6
66;2021-05-04;3169;1343;145843;56832;30.4;11.9
66;2021-05-05;3052;1543;148895;58375;31.1;12.2
66;2021-05-06;3753;2083;152648;60458;31.9;12.6
66;2021-05-07;2968;3080;155616;63538;32.5;13.3
66;2021-05-08;1731;1171;157347;64709;32.8;13.5
66;2021-05-09;887;1369;158234;66078;33.0;13.8
66;2021-05-10;1805;2973;160039;69051;33.4;14.4
66;2021-05-11;2740;3128;162779;72179;34.0;15.1
66;2021-05-12;2430;2568;165209;74747;34.5;15.6
66;2021-05-13;2260;1385;167469;76132;35.0;15.9
66;2021-05-14;2772;2118;170241;78250;35.5;16.3
66;2021-05-15;2330;1577;172571;79827;36.0;16.7
66;2021-05-16;2286;1250;174857;81077;36.5;16.9
66;2021-05-17;2051;1824;176908;82901;36.9;17.3
66;2021-05-18;3237;1808;180145;84709;37.6;17.7
66;2021-05-19;2878;1341;183023;86050;38.2;18.0
66;2021-05-20;4375;1447;187398;87497;39.1;18.3
66;2021-05-21;3268;1462;190666;88959;39.8;18.6
66;2021-05-22;3066;781;193732;89740;40.4;18.7
66;2021-05-23;1510;238;195242;89978;40.8;18.8
66;2021-05-24;1955;429;197197;90407;41.2;18.9
66;2021-05-25;2796;1690;199993;92097;41.8;19.2
66;2021-05-26;2780;1494;202773;93591;42.3;19.5
66;2021-05-27;3385;2257;206158;95848;43.0;20.0
66;2021-05-28;2686;3049;208844;98897;43.6;20.6
66;2021-05-29;2147;1518;210991;100415;44.0;21.0
66;2021-05-30;786;989;211777;101404;44.2;21.2
66;2021-05-31;2120;1779;213897;103183;44.7;21.5
66;2021-06-01;2633;2004;216530;105187;45.2;22.0
66;2021-06-02;2809;2339;219339;107526;45.8;22.4
66;2021-06-03;2479;2967;221818;110493;46.3;23.1
66;2021-06-04;1952;3357;223770;113850;46.7;23.8
66;2021-06-05;1411;2601;225181;116451;47.0;24.3
66;2021-06-06;294;1228;225475;117679;47.1;24.6
66;2021-06-07;1343;2959;226818;120638;47.4;25.2
66;2021-06-08;1739;3021;228557;123659;47.7;25.8
66;2021-06-09;2068;2788;230625;126447;48.1;26.4
66;2021-06-10;2080;2961;232705;129408;48.6;27.0
66;2021-06-11;2103;3861;234808;133269;49.0;27.8
66;2021-06-12;872;2411;235680;135680;49.2;28.3
66;2021-06-13;517;1334;236197;137014;49.3;28.6
66;2021-06-14;1360;3496;237557;140510;49.6;29.3
66;2021-06-15;2130;3573;239687;144083;50.0;30.1
66;2021-06-16;1790;3568;241477;147651;50.4;30.8
66;2021-06-17;2436;3606;243913;151257;50.9;31.6
66;2021-06-18;2227;3823;246140;155080;51.4;32.4
66;2021-06-19;1542;2321;247682;157401;51.7;32.9
66;2021-06-20;998;1266;248680;158667;51.9;33.1
66;2021-06-21;1163;2879;249843;161546;52.2;33.7
66;2021-06-22;1510;3763;251353;165309;52.5;34.5
66;2021-06-23;1325;3027;252678;168336;52.8;35.1
66;2021-06-24;1515;3230;254193;171566;53.1;35.8
66;2021-06-25;1400;3536;255593;175102;53.4;36.6
66;2021-06-26;963;2680;256556;177782;53.6;37.1
66;2021-06-27;679;1557;257235;179339;53.7;37.4
66;2021-06-28;977;2977;258212;182316;53.9;38.1
66;2021-06-29;1147;3797;259359;186113;54.1;38.9
66;2021-06-30;1277;3306;260636;189419;54.4;39.5
66;2021-07-01;1373;4045;262009;193464;54.7;40.4
66;2021-07-02;1342;3603;263351;197067;55.0;41.1
66;2021-07-03;1153;3903;264504;200970;55.2;42.0
66;2021-07-04;717;1791;265221;202761;55.4;42.3
66;2021-07-05;1256;3006;266477;205767;55.6;43.0
66;2021-07-06;1452;3786;267929;209553;55.9;43.7
66;2021-07-07;1431;3247;269360;212800;56.2;44.4
66;2021-07-08;1275;3384;270635;216184;56.5;45.1
66;2021-07-09;1423;3462;272058;219646;56.8;45.9
66;2021-07-10;1004;2402;273062;222048;57.0;46.4
66;2021-07-11;540;1540;273602;223588;57.1;46.7
66;2021-07-12;995;3641;274597;227229;57.3;47.4
66;2021-07-13;2227;4272;276824;231501;57.8;48.3
66;2021-07-14;1950;1234;278774;232735;58.2;48.6
66;2021-07-15;2781;3114;281555;235849;58.8;49.2
66;2021-07-16;3338;3208;284893;239057;59.5;49.9
66;2021-07-17;2121;2037;287014;241094;59.9;50.3
66;2021-07-18;1198;1062;288212;242156;60.2;50.6
66;2021-07-19;2793;3086;291005;245242;60.8;51.2
66;2021-07-20;3656;2884;294661;248126;61.5;51.8
66;2021-07-21;3962;2948;298623;251074;62.3;52.4
66;2021-07-22;3912;2819;302535;253893;63.2;53.0
66;2021-07-23;3894;3032;306429;256925;64.0;53.6
66;2021-07-24;2584;1922;309013;258847;64.5;54.0
66;2021-07-25;2021;1238;311034;260085;64.9;54.3
66;2021-07-26;2864;2625;313898;262710;65.5;54.8
66;2021-07-27;3230;2886;317128;265596;66.2;55.4
66;2021-07-28;3353;2572;320481;268168;66.9;56.0
66;2021-07-29;3856;2538;324337;270706;67.7;56.5
66;2021-07-30;4189;2465;328526;273171;68.6;57.0
66;2021-07-31;2230;1715;330756;274886;69.1;57.4
66;2021-08-01;1820;897;332576;275783;69.4;57.6
66;2021-08-02;2281;1919;334857;277702;69.9;58.0
66;2021-08-03;2613;2070;337470;279772;70.5;58.4
66;2021-08-04;2583;1998;340053;281770;71.0;58.8
66;2021-08-05;2432;2505;342485;284275;71.5;59.3
66;2021-08-06;2313;2645;344798;286920;72.0;59.9
66;2021-08-07;1500;2089;346298;289009;72.3;60.3
66;2021-08-08;612;1455;346910;290464;72.4;60.6
66;2021-08-09;1335;2801;348245;293265;72.7;61.2
66;2021-08-10;1635;3070;349880;296335;73.0;61.9
66;2021-08-11;1609;3016;351489;299351;73.4;62.5
66;2021-08-12;1634;2994;353123;302345;73.7;63.1
66;2021-08-13;1389;2972;354512;305317;74.0;63.7
66;2021-08-14;655;2508;355167;307825;74.1;64.3
66;2021-08-15;136;1629;355303;309454;74.2;64.6
66;2021-08-16;1267;2593;356570;312047;74.4;65.1
66;2021-08-17;1475;2979;358045;315026;74.7;65.8
66;2021-08-18;1331;3070;359376;318096;75.0;66.4
66;2021-08-19;1100;2918;360476;321014;75.3;67.0
66;2021-08-20;976;3314;361452;324328;75.5;67.7
66;2021-08-21;561;2010;362013;326338;75.6;68.1
66;2021-08-22;232;1352;362245;327690;75.6;68.4
66;2021-08-23;1134;2759;363379;330449;75.9;69.0
66;2021-08-24;1043;2944;364422;333393;76.1;69.6
66;2021-08-25;900;2303;365322;335696;76.3;70.1
66;2021-08-26;944;2172;366266;337868;76.5;70.5
66;2021-08-27;904;2363;367170;340231;76.7;71.0
66;2021-08-28;512;1136;367682;341367;76.8;71.3
66;2021-08-29;242;332;367924;341699;76.8;71.3
66;2021-08-30;826;2592;368750;344291;77.0;71.9
67;2020-12-27;7;0;7;0;0.0;0.0
67;2020-12-28;4;0;11;0;0.0;0.0
67;2020-12-29;2;0;13;0;0.0;0.0
67;2020-12-30;0;0;13;0;0.0;0.0
67;2020-12-31;0;0;13;0;0.0;0.0
67;2021-01-01;4;0;17;0;0.0;0.0
67;2021-01-02;1;0;18;0;0.0;0.0
67;2021-01-03;1;0;19;0;0.0;0.0
67;2021-01-04;41;0;60;0;0.0;0.0
67;2021-01-05;167;0;227;0;0.0;0.0
67;2021-01-06;121;0;348;0;0.0;0.0
67;2021-01-07;235;1;583;1;0.1;0.0
67;2021-01-08;233;1;816;2;0.1;0.0
67;2021-01-09;113;1;929;3;0.1;0.0
67;2021-01-10;67;0;996;3;0.1;0.0
67;2021-01-11;182;1;1178;4;0.1;0.0
67;2021-01-12;511;1;1689;5;0.1;0.0
67;2021-01-13;654;2;2343;7;0.2;0.0
67;2021-01-14;1080;7;3423;14;0.3;0.0
67;2021-01-15;938;7;4361;21;0.4;0.0
67;2021-01-16;196;3;4557;24;0.4;0.0
67;2021-01-17;99;0;4656;24;0.4;0.0
67;2021-01-18;899;3;5555;27;0.5;0.0
67;2021-01-19;1424;5;6979;32;0.6;0.0
67;2021-01-20;1854;12;8833;44;0.8;0.0
67;2021-01-21;2208;9;11041;53;1.0;0.0
67;2021-01-22;1987;8;13028;61;1.2;0.0
67;2021-01-23;813;6;13841;67;1.2;0.0
67;2021-01-24;380;1;14221;68;1.3;0.0
67;2021-01-25;526;30;14747;98;1.3;0.0
67;2021-01-26;159;108;14906;206;1.3;0.0
67;2021-01-27;1394;92;16300;298;1.4;0.0
67;2021-01-28;3052;222;19352;520;1.7;0.0
67;2021-01-29;2029;158;21381;678;1.9;0.1
67;2021-01-30;1094;81;22475;759;2.0;0.1
67;2021-01-31;1162;29;23637;788;2.1;0.1
67;2021-02-01;3392;251;27029;1039;2.4;0.1
67;2021-02-02;2691;428;29720;1467;2.6;0.1
67;2021-02-03;1573;399;31293;1866;2.8;0.2
67;2021-02-04;1193;754;32486;2620;2.9;0.2
67;2021-02-05;1193;638;33679;3258;3.0;0.3
67;2021-02-06;791;144;34470;3402;3.0;0.3
67;2021-02-07;291;42;34761;3444;3.1;0.3
67;2021-02-08;839;449;35600;3893;3.1;0.3
67;2021-02-09;958;726;36558;4619;3.2;0.4
67;2021-02-10;930;784;37488;5403;3.3;0.5
67;2021-02-11;1151;1121;38639;6524;3.4;0.6
67;2021-02-12;1245;774;39884;7298;3.5;0.6
67;2021-02-13;765;277;40649;7575;3.6;0.7
67;2021-02-14;244;94;40893;7669;3.6;0.7
67;2021-02-15;780;834;41673;8503;3.7;0.8
67;2021-02-16;929;1128;42602;9631;3.8;0.9
67;2021-02-17;784;1180;43386;10811;3.8;1.0
67;2021-02-18;1400;2560;44786;13371;4.0;1.2
67;2021-02-19;1374;2088;46160;15459;4.1;1.4
67;2021-02-20;632;892;46792;16351;4.1;1.4
67;2021-02-21;209;1189;47001;17540;4.1;1.5
67;2021-02-22;1404;2162;48405;19702;4.3;1.7
67;2021-02-23;1462;1557;49867;21259;4.4;1.9
67;2021-02-24;1435;1045;51302;22304;4.5;2.0
67;2021-02-25;1615;1458;52917;23762;4.7;2.1
67;2021-02-26;2225;1403;55142;25165;4.9;2.2
67;2021-02-27;1257;779;56399;25944;5.0;2.3
67;2021-02-28;147;361;56546;26305;5.0;2.3
67;2021-03-01;640;993;57186;27298;5.0;2.4
67;2021-03-02;893;1192;58079;28490;5.1;2.5
67;2021-03-03;1410;1277;59489;29767;5.3;2.6
67;2021-03-04;1961;1057;61450;30824;5.4;2.7
67;2021-03-05;3256;1104;64706;31928;5.7;2.8
67;2021-03-06;2335;772;67041;32700;5.9;2.9
67;2021-03-07;466;282;67507;32982;6.0;2.9
67;2021-03-08;1187;790;68694;33772;6.1;3.0
67;2021-03-09;2223;902;70917;34674;6.3;3.1
67;2021-03-10;2448;1187;73365;35861;6.5;3.2
67;2021-03-11;3206;1359;76571;37220;6.8;3.3
67;2021-03-12;5257;1371;81828;38591;7.2;3.4
67;2021-03-13;3997;884;85825;39475;7.6;3.5
67;2021-03-14;483;389;86308;39864;7.6;3.5
67;2021-03-15;2188;1157;88496;41021;7.8;3.6
67;2021-03-16;1550;1232;90046;42253;8.0;3.7
67;2021-03-17;2067;920;92113;43173;8.1;3.8
67;2021-03-18;2386;733;94499;43906;8.3;3.9
67;2021-03-19;3671;749;98170;44655;8.7;3.9
67;2021-03-20;3062;509;101232;45164;8.9;4.0
67;2021-03-21;335;17;101567;45181;9.0;4.0
67;2021-03-22;2331;776;103898;45957;9.2;4.1
67;2021-03-23;3399;776;107297;46733;9.5;4.1
67;2021-03-24;3909;810;111206;47543;9.8;4.2
67;2021-03-25;5313;538;116519;48081;10.3;4.2
67;2021-03-26;6867;477;123386;48558;10.9;4.3
67;2021-03-27;3925;343;127311;48901;11.2;4.3
67;2021-03-28;580;100;127891;49001;11.3;4.3
67;2021-03-29;3819;426;131710;49427;11.6;4.4
67;2021-03-30;4843;667;136553;50094;12.1;4.4
67;2021-03-31;4842;693;141395;50787;12.5;4.5
67;2021-04-01;5147;930;146542;51717;12.9;4.6
67;2021-04-02;1007;174;147549;51891;13.0;4.6
67;2021-04-03;1689;286;149238;52177;13.2;4.6
67;2021-04-04;327;5;149565;52182;13.2;4.6
67;2021-04-05;371;3;149936;52185;13.2;4.6
67;2021-04-06;3478;1180;153414;53365;13.5;4.7
67;2021-04-07;4531;1282;157945;54647;13.9;4.8
67;2021-04-08;5660;1406;163605;56053;14.4;4.9
67;2021-04-09;7109;1353;170714;57406;15.1;5.1
67;2021-04-10;4333;889;175047;58295;15.5;5.1
67;2021-04-11;855;427;175902;58722;15.5;5.2
67;2021-04-12;3883;1403;179785;60125;15.9;5.3
67;2021-04-13;4892;1579;184677;61704;16.3;5.4
67;2021-04-14;5284;1898;189961;63602;16.8;5.6
67;2021-04-15;6079;2106;196040;65708;17.3;5.8
67;2021-04-16;7836;2423;203876;68131;18.0;6.0
67;2021-04-17;4007;1578;207883;69709;18.4;6.2
67;2021-04-18;1111;646;208994;70355;18.5;6.2
67;2021-04-19;3630;2140;212624;72495;18.8;6.4
67;2021-04-20;4256;1921;216880;74416;19.1;6.6
67;2021-04-21;4068;2513;220948;76929;19.5;6.8
67;2021-04-22;4476;2916;225424;79845;19.9;7.0
67;2021-04-23;5243;3002;230667;82847;20.4;7.3
67;2021-04-24;3100;2024;233767;84871;20.6;7.5
67;2021-04-25;1028;452;234795;85323;20.7;7.5
67;2021-04-26;3191;2617;237986;87940;21.0;7.8
67;2021-04-27;4021;2921;242007;90861;21.4;8.0
67;2021-04-28;4252;3432;246259;94293;21.7;8.3
67;2021-04-29;5125;3512;251384;97805;22.2;8.6
67;2021-04-30;7179;2492;258563;100297;22.8;8.9
67;2021-05-01;2684;785;261247;101082;23.1;8.9
67;2021-05-02;2181;677;263428;101759;23.3;9.0
67;2021-05-03;5561;2615;268989;104374;23.7;9.2
67;2021-05-04;5853;3607;274842;107981;24.3;9.5
67;2021-05-05;5217;4200;280059;112181;24.7;9.9
67;2021-05-06;6714;4926;286773;117107;25.3;10.3
67;2021-05-07;6434;6915;293207;124022;25.9;11.0
67;2021-05-08;3575;1021;296782;125043;26.2;11.0
67;2021-05-09;3371;594;300153;125637;26.5;11.1
67;2021-05-10;4696;4531;304849;130168;26.9;11.5
67;2021-05-11;5649;4931;310498;135099;27.4;11.9
67;2021-05-12;6599;4850;317097;139949;28.0;12.4
67;2021-05-13;7312;1676;324409;141625;28.6;12.5
67;2021-05-14;8880;5361;333289;146986;29.4;13.0
67;2021-05-15;8194;3659;341483;150645;30.2;13.3
67;2021-05-16;6178;970;347661;151615;30.7;13.4
67;2021-05-17;5695;3888;353356;155503;31.2;13.7
67;2021-05-18;6901;3983;360257;159486;31.8;14.1
67;2021-05-19;7376;4174;367633;163660;32.5;14.4
67;2021-05-20;8693;4236;376326;167896;33.2;14.8
67;2021-05-21;8165;5864;384491;173760;33.9;15.3
67;2021-05-22;5937;3424;390428;177184;34.5;15.6
67;2021-05-23;2659;593;393087;177777;34.7;15.7
67;2021-05-24;4417;865;397504;178642;35.1;15.8
67;2021-05-25;5417;4774;402921;183416;35.6;16.2
67;2021-05-26;6061;4883;408982;188299;36.1;16.6
67;2021-05-27;7314;4910;416296;193209;36.8;17.1
67;2021-05-28;7968;6507;424264;199716;37.5;17.6
67;2021-05-29;6651;3876;430915;203592;38.0;18.0
67;2021-05-30;1147;809;432062;204401;38.1;18.0
67;2021-05-31;6408;4059;438470;208460;38.7;18.4
67;2021-06-01;7329;4406;445799;212866;39.4;18.8
67;2021-06-02;8066;4180;453865;217046;40.1;19.2
67;2021-06-03;8842;4869;462707;221915;40.9;19.6
67;2021-06-04;8594;6138;471301;228053;41.6;20.1
67;2021-06-05;6554;3983;477855;232036;42.2;20.5
67;2021-06-06;3478;874;481333;232910;42.5;20.6
67;2021-06-07;7415;4260;488748;237170;43.2;20.9
67;2021-06-08;8631;4926;497379;242096;43.9;21.4
67;2021-06-09;9261;4801;506640;246897;44.7;21.8
67;2021-06-10;9774;5016;516414;251913;45.6;22.2
67;2021-06-11;8072;8334;524486;260247;46.3;23.0
67;2021-06-12;6791;5206;531277;265453;46.9;23.4
67;2021-06-13;3108;1044;534385;266497;47.2;23.5
67;2021-06-14;5510;6460;539895;272957;47.7;24.1
67;2021-06-15;6687;6752;546582;279709;48.3;24.7
67;2021-06-16;6952;6706;553534;286415;48.9;25.3
67;2021-06-17;7274;9057;560808;295472;49.5;26.1
67;2021-06-18;7604;8511;568412;303983;50.2;26.8
67;2021-06-19;6385;5962;574797;309945;50.7;27.4
67;2021-06-20;1450;1412;576247;311357;50.9;27.5
67;2021-06-21;4267;6774;580514;318131;51.3;28.1
67;2021-06-22;4243;9098;584757;327229;51.6;28.9
67;2021-06-23;5291;8190;590048;335419;52.1;29.6
67;2021-06-24;4518;9098;594566;344517;52.5;30.4
67;2021-06-25;5341;9955;599907;354472;53.0;31.3
67;2021-06-26;3467;9108;603374;363580;53.3;32.1
67;2021-06-27;1023;3523;604397;367103;53.4;32.4
67;2021-06-28;2847;8735;607244;375838;53.6;33.2
67;2021-06-29;2897;8611;610141;384449;53.9;33.9
67;2021-06-30;3381;8746;613522;393195;54.2;34.7
67;2021-07-01;3605;8432;617127;401627;54.5;35.5
67;2021-07-02;3736;10938;620863;412565;54.8;36.4
67;2021-07-03;2977;7747;623840;420312;55.1;37.1
67;2021-07-04;763;1870;624603;422182;55.1;37.3
67;2021-07-05;2622;8254;627225;430436;55.4;38.0
67;2021-07-06;3100;8444;630325;438880;55.7;38.7
67;2021-07-07;3922;8738;634247;447618;56.0;39.5
67;2021-07-08;4192;7786;638439;455404;56.4;40.2
67;2021-07-09;3761;11374;642200;466778;56.7;41.2
67;2021-07-10;2859;8208;645059;474986;57.0;41.9
67;2021-07-11;944;1995;646003;476981;57.0;42.1
67;2021-07-12;2476;9722;648479;486703;57.3;43.0
67;2021-07-13;4105;9890;652584;496593;57.6;43.8
67;2021-07-14;3488;4407;656072;501000;57.9;44.2
67;2021-07-15;5128;12230;661200;513230;58.4;45.3
67;2021-07-16;4854;12292;666054;525522;58.8;46.4
67;2021-07-17;3734;8828;669788;534350;59.1;47.2
67;2021-07-18;1463;2550;671251;536900;59.3;47.4
67;2021-07-19;4641;9744;675892;546644;59.7;48.3
67;2021-07-20;5772;9822;681664;556466;60.2;49.1
67;2021-07-21;5867;10651;687531;567117;60.7;50.1
67;2021-07-22;6430;10229;693961;577346;61.3;51.0
67;2021-07-23;7394;11192;701355;588538;61.9;52.0
67;2021-07-24;5423;7578;706778;596116;62.4;52.6
67;2021-07-25;2316;1969;709094;598085;62.6;52.8
67;2021-07-26;5002;7250;714096;605335;63.0;53.4
67;2021-07-27;6624;7320;720720;612655;63.6;54.1
67;2021-07-28;7538;7208;728258;619863;64.3;54.7
67;2021-07-29;8388;6435;736646;626298;65.0;55.3
67;2021-07-30;8652;7306;745298;633604;65.8;55.9
67;2021-07-31;5105;4874;750403;638478;66.3;56.4
67;2021-08-01;2477;1430;752880;639908;66.5;56.5
67;2021-08-02;6324;5090;759204;644998;67.0;56.9
67;2021-08-03;7291;4715;766495;649713;67.7;57.4
67;2021-08-04;6878;4599;773373;654312;68.3;57.8
67;2021-08-05;5733;4220;779106;658532;68.8;58.1
67;2021-08-06;6317;5426;785423;663958;69.3;58.6
67;2021-08-07;4653;4273;790076;668231;69.8;59.0
67;2021-08-08;1304;1434;791380;669665;69.9;59.1
67;2021-08-09;3117;4486;794497;674151;70.1;59.5
67;2021-08-10;3176;4781;797673;678932;70.4;59.9
67;2021-08-11;3400;4676;801073;683608;70.7;60.4
67;2021-08-12;3106;4886;804179;688494;71.0;60.8
67;2021-08-13;3145;5386;807324;693880;71.3;61.3
67;2021-08-14;2187;5077;809511;698957;71.5;61.7
67;2021-08-15;706;1601;810217;700558;71.5;61.9
67;2021-08-16;2063;5230;812280;705788;71.7;62.3
67;2021-08-17;2071;5270;814351;711058;71.9;62.8
67;2021-08-18;2345;6339;816696;717397;72.1;63.3
67;2021-08-19;1876;6148;818572;723545;72.3;63.9
67;2021-08-20;2299;7446;820871;730991;72.5;64.5
67;2021-08-21;1515;5560;822386;736551;72.6;65.0
67;2021-08-22;377;2049;822763;738600;72.6;65.2
67;2021-08-23;1902;6839;824665;745439;72.8;65.8
67;2021-08-24;1975;6610;826640;752049;73.0;66.4
67;2021-08-25;2086;7206;828726;759255;73.2;67.0
67;2021-08-26;1829;5540;830555;764795;73.3;67.5
67;2021-08-27;2180;7027;832735;771822;73.5;68.1
67;2021-08-28;1695;6083;834430;777905;73.7;68.7
67;2021-08-29;439;1593;834869;779498;73.7;68.8
67;2021-08-30;1375;4410;836244;783908;73.8;69.2
68;2020-12-27;0;0;0;0;0.0;0.0
68;2020-12-28;0;0;0;0;0.0;0.0
68;2020-12-29;0;0;0;0;0.0;0.0
68;2020-12-30;1;0;1;0;0.0;0.0
68;2020-12-31;0;0;1;0;0.0;0.0
68;2021-01-01;0;0;1;0;0.0;0.0
68;2021-01-02;0;0;1;0;0.0;0.0
68;2021-01-03;0;0;1;0;0.0;0.0
68;2021-01-04;1;0;2;0;0.0;0.0
68;2021-01-05;11;0;13;0;0.0;0.0
68;2021-01-06;245;1;258;1;0.0;0.0
68;2021-01-07;75;0;333;1;0.0;0.0
68;2021-01-08;118;1;451;2;0.1;0.0
68;2021-01-09;20;0;471;2;0.1;0.0
68;2021-01-10;1;0;472;2;0.1;0.0
68;2021-01-11;82;0;554;2;0.1;0.0
68;2021-01-12;386;1;940;3;0.1;0.0
68;2021-01-13;703;2;1643;5;0.2;0.0
68;2021-01-14;372;2;2015;7;0.3;0.0
68;2021-01-15;204;1;2219;8;0.3;0.0
68;2021-01-16;1;0;2220;8;0.3;0.0
68;2021-01-17;0;0;2220;8;0.3;0.0
68;2021-01-18;379;5;2599;13;0.3;0.0
68;2021-01-19;559;5;3158;18;0.4;0.0
68;2021-01-20;707;10;3865;28;0.5;0.0
68;2021-01-21;1393;12;5258;40;0.7;0.0
68;2021-01-22;1499;11;6757;51;0.9;0.0
68;2021-01-23;215;3;6972;54;0.9;0.0
68;2021-01-24;698;1;7670;55;1.0;0.0
68;2021-01-25;1390;45;9060;100;1.2;0.0
68;2021-01-26;1554;80;10614;180;1.4;0.0
68;2021-01-27;2768;153;13382;333;1.8;0.0
68;2021-01-28;2354;60;15736;393;2.1;0.1
68;2021-01-29;1509;116;17245;509;2.3;0.1
68;2021-01-30;165;3;17410;512;2.3;0.1
68;2021-01-31;0;0;17410;512;2.3;0.1
68;2021-02-01;737;117;18147;629;2.4;0.1
68;2021-02-02;869;304;19016;933;2.5;0.1
68;2021-02-03;1000;617;20016;1550;2.6;0.2
68;2021-02-04;1000;322;21016;1872;2.8;0.2
68;2021-02-05;948;234;21964;2106;2.9;0.3
68;2021-02-06;140;2;22104;2108;2.9;0.3
68;2021-02-07;1;16;22105;2124;2.9;0.3
68;2021-02-08;893;23;22998;2147;3.0;0.3
68;2021-02-09;1359;46;24357;2193;3.2;0.3
68;2021-02-10;1453;63;25810;2256;3.4;0.3
68;2021-02-11;1486;469;27296;2725;3.6;0.4
68;2021-02-12;1549;445;28845;3170;3.8;0.4
68;2021-02-13;132;1;28977;3171;3.8;0.4
68;2021-02-14;58;232;29035;3403;3.8;0.4
68;2021-02-15;662;1083;29697;4486;3.9;0.6
68;2021-02-16;863;1366;30560;5852;4.0;0.8
68;2021-02-17;1285;2130;31845;7982;4.2;1.0
68;2021-02-18;1658;2059;33503;10041;4.4;1.3
68;2021-02-19;987;1364;34490;11405;4.5;1.5
68;2021-02-20;93;125;34583;11530;4.5;1.5
68;2021-02-21;1;40;34584;11570;4.5;1.5
68;2021-02-22;446;795;35030;12365;4.6;1.6
68;2021-02-23;639;1062;35669;13427;4.7;1.8
68;2021-02-24;854;1152;36523;14579;4.8;1.9
68;2021-02-25;1209;1247;37732;15826;4.9;2.1
68;2021-02-26;1200;987;38932;16813;5.1;2.2
68;2021-02-27;549;176;39481;16989;5.2;2.2
68;2021-02-28;12;1;39493;16990;5.2;2.2
68;2021-03-01;941;766;40434;17756;5.3;2.3
68;2021-03-02;1216;926;41650;18682;5.5;2.4
68;2021-03-03;1592;966;43242;19648;5.7;2.6
68;2021-03-04;1992;1048;45234;20696;5.9;2.7
68;2021-03-05;2356;1048;47590;21744;6.2;2.8
68;2021-03-06;2286;246;49876;21990;6.5;2.9
68;2021-03-07;839;108;50715;22098;6.6;2.9
68;2021-03-08;1474;976;52189;23074;6.8;3.0
68;2021-03-09;1698;1331;53887;24405;7.1;3.2
68;2021-03-10;1964;1801;55851;26206;7.3;3.4
68;2021-03-11;2639;1912;58490;28118;7.7;3.7
68;2021-03-12;2629;1422;61119;29540;8.0;3.9
68;2021-03-13;3342;259;64461;29799;8.4;3.9
68;2021-03-14;1543;67;66004;29866;8.6;3.9
68;2021-03-15;1794;625;67798;30491;8.9;4.0
68;2021-03-16;2001;604;69799;31095;9.1;4.1
68;2021-03-17;1957;729;71756;31824;9.4;4.2
68;2021-03-18;2220;951;73976;32775;9.7;4.3
68;2021-03-19;3084;738;77060;33513;10.1;4.4
68;2021-03-20;973;123;78033;33636;10.2;4.4
68;2021-03-21;68;2;78101;33638;10.2;4.4
68;2021-03-22;1965;595;80066;34233;10.5;4.5
68;2021-03-23;2860;620;82926;34853;10.9;4.6
68;2021-03-24;3178;815;86104;35668;11.3;4.7
68;2021-03-25;3502;789;89606;36457;11.7;4.8
68;2021-03-26;3893;728;93499;37185;12.3;4.9
68;2021-03-27;1102;167;94601;37352;12.4;4.9
68;2021-03-28;56;3;94657;37355;12.4;4.9
68;2021-03-29;2263;1369;96920;38724;12.7;5.1
68;2021-03-30;2934;1304;99854;40028;13.1;5.2
68;2021-03-31;2642;1364;102496;41392;13.4;5.4
68;2021-04-01;2747;1549;105243;42941;13.8;5.6
68;2021-04-02;244;88;105487;43029;13.8;5.6
68;2021-04-03;240;124;105727;43153;13.9;5.7
68;2021-04-04;5;0;105732;43153;13.9;5.7
68;2021-04-05;49;3;105781;43156;13.9;5.7
68;2021-04-06;1792;1327;107573;44483;14.1;5.8
68;2021-04-07;2585;1536;110158;46019;14.4;6.0
68;2021-04-08;3234;1502;113392;47521;14.9;6.2
68;2021-04-09;4200;1525;117592;49046;15.4;6.4
68;2021-04-10;1205;1976;118797;51022;15.6;6.7
68;2021-04-11;126;1318;118923;52340;15.6;6.9
68;2021-04-12;2667;1636;121590;53976;15.9;7.1
68;2021-04-13;2760;2110;124350;56086;16.3;7.3
68;2021-04-14;3606;2266;127956;58352;16.8;7.6
68;2021-04-15;4051;2160;132007;60512;17.3;7.9
68;2021-04-16;3943;2081;135950;62593;17.8;8.2
68;2021-04-17;1075;442;137025;63035;18.0;8.3
68;2021-04-18;85;9;137110;63044;18.0;8.3
68;2021-04-19;2358;1834;139468;64878;18.3;8.5
68;2021-04-20;2442;2327;141910;67205;18.6;8.8
68;2021-04-21;2831;2477;144741;69682;19.0;9.1
68;2021-04-22;3287;1976;148028;71658;19.4;9.4
68;2021-04-23;3413;2074;151441;73732;19.8;9.7
68;2021-04-24;842;488;152283;74220;20.0;9.7
68;2021-04-25;214;20;152497;74240;20.0;9.7
68;2021-04-26;2329;2105;154826;76345;20.3;10.0
68;2021-04-27;2600;2216;157426;78561;20.6;10.3
68;2021-04-28;3573;1763;160999;80324;21.1;10.5
68;2021-04-29;4167;1749;165166;82073;21.6;10.8
68;2021-04-30;4833;1369;169999;83442;22.3;10.9
68;2021-05-01;947;121;170946;83563;22.4;10.9
68;2021-05-02;732;70;171678;83633;22.5;11.0
68;2021-05-03;3623;1817;175301;85450;23.0;11.2
68;2021-05-04;3936;2363;179237;87813;23.5;11.5
68;2021-05-05;3632;3246;182869;91059;24.0;11.9
68;2021-05-06;4808;2865;187677;93924;24.6;12.3
68;2021-05-07;4522;2910;192199;96834;25.2;12.7
68;2021-05-08;1671;211;193870;97045;25.4;12.7
68;2021-05-09;1077;107;194947;97152;25.5;12.7
68;2021-05-10;3158;3720;198105;100872;26.0;13.2
68;2021-05-11;4717;3619;202822;104491;26.6;13.7
68;2021-05-12;5789;3295;208611;107786;27.3;14.1
68;2021-05-13;4763;840;213374;108626;28.0;14.2
68;2021-05-14;5962;2136;219336;110762;28.7;14.5
68;2021-05-15;3560;910;222896;111672;29.2;14.6
68;2021-05-16;669;120;223565;111792;29.3;14.6
68;2021-05-17;4449;2498;228014;114290;29.9;15.0
68;2021-05-18;6140;2307;234154;116597;30.7;15.3
68;2021-05-19;5871;2888;240025;119485;31.4;15.7
68;2021-05-20;5930;2417;245955;121902;32.2;16.0
68;2021-05-21;5778;2869;251733;124771;33.0;16.3
68;2021-05-22;2578;926;254311;125697;33.3;16.5
68;2021-05-23;15;17;254326;125714;33.3;16.5
68;2021-05-24;2307;970;256633;126684;33.6;16.6
68;2021-05-25;4347;3438;260980;130122;34.2;17.0
68;2021-05-26;4882;3382;265862;133504;34.8;17.5
68;2021-05-27;5408;3407;271270;136911;35.5;17.9
68;2021-05-28;5621;3731;276891;140642;36.3;18.4
68;2021-05-29;1539;1187;278430;141829;36.5;18.6
68;2021-05-30;41;46;278471;141875;36.5;18.6
68;2021-05-31;5160;2364;283631;144239;37.2;18.9
68;2021-06-01;5989;2800;289620;147039;37.9;19.3
68;2021-06-02;4887;3012;294507;150051;38.6;19.7
68;2021-06-03;5942;3100;300449;153151;39.4;20.1
68;2021-06-04;4897;3305;305346;156456;40.0;20.5
68;2021-06-05;780;1169;306126;157625;40.1;20.7
68;2021-06-06;69;115;306195;157740;40.1;20.7
68;2021-06-07;4758;3036;310953;160776;40.7;21.1
68;2021-06-08;4940;3557;315893;164333;41.4;21.5
68;2021-06-09;4993;3445;320886;167778;42.0;22.0
68;2021-06-10;5202;3149;326088;170927;42.7;22.4
68;2021-06-11;5059;4154;331147;175081;43.4;22.9
68;2021-06-12;3035;1769;334182;176850;43.8;23.2
68;2021-06-13;515;682;334697;177532;43.9;23.3
68;2021-06-14;2517;4391;337214;181923;44.2;23.8
68;2021-06-15;3112;4723;340326;186646;44.6;24.5
68;2021-06-16;3389;4442;343715;191088;45.0;25.0
68;2021-06-17;2361;4459;346076;195547;45.3;25.6
68;2021-06-18;3356;5178;349432;200725;45.8;26.3
68;2021-06-19;2255;2170;351687;202895;46.1;26.6
68;2021-06-20;258;893;351945;203788;46.1;26.7
68;2021-06-21;2062;5154;354007;208942;46.4;27.4
68;2021-06-22;1901;5176;355908;214118;46.6;28.1
68;2021-06-23;2317;5744;358225;219862;46.9;28.8
68;2021-06-24;2155;4898;360380;224760;47.2;29.4
68;2021-06-25;2287;6660;362667;231420;47.5;30.3
68;2021-06-26;1304;2610;363971;234030;47.7;30.7
68;2021-06-27;151;880;364122;234910;47.7;30.8
68;2021-06-28;1601;6444;365723;241354;47.9;31.6
68;2021-06-29;1539;6634;367262;247988;48.1;32.5
68;2021-06-30;1799;6554;369061;254542;48.4;33.4
68;2021-07-01;2110;5353;371171;259895;48.6;34.1
68;2021-07-02;2101;6484;373272;266379;48.9;34.9
68;2021-07-03;988;1936;374260;268315;49.0;35.2
68;2021-07-04;242;201;374502;268516;49.1;35.2
68;2021-07-05;1458;5517;375960;274033;49.3;35.9
68;2021-07-06;2001;5885;377961;279918;49.5;36.7
68;2021-07-07;2457;4974;380418;284892;49.8;37.3
68;2021-07-08;2436;4753;382854;289645;50.2;38.0
68;2021-07-09;2091;7368;384945;297013;50.4;38.9
68;2021-07-10;1025;2004;385970;299017;50.6;39.2
68;2021-07-11;147;156;386117;299173;50.6;39.2
68;2021-07-12;1645;6773;387762;305946;50.8;40.1
68;2021-07-13;2909;6549;390671;312495;51.2;40.9
68;2021-07-14;1842;983;392513;313478;51.4;41.1
68;2021-07-15;3188;6656;395701;320134;51.8;41.9
68;2021-07-16;3818;6761;399519;326895;52.3;42.8
68;2021-07-17;3364;2298;402883;329193;52.8;43.1
68;2021-07-18;1054;230;403937;329423;52.9;43.2
68;2021-07-19;3048;6086;406985;335509;53.3;44.0
68;2021-07-20;4003;5676;410988;341185;53.9;44.7
68;2021-07-21;4338;5822;415326;347007;54.4;45.5
68;2021-07-22;4188;4842;419514;351849;55.0;46.1
68;2021-07-23;5040;5759;424554;357608;55.6;46.9
68;2021-07-24;3349;2128;427903;359736;56.1;47.1
68;2021-07-25;826;536;428729;360272;56.2;47.2
68;2021-07-26;4835;4445;433564;364717;56.8;47.8
68;2021-07-27;6370;3753;439934;368470;57.6;48.3
68;2021-07-28;6848;3879;446782;372349;58.5;48.8
68;2021-07-29;6396;3416;453178;375765;59.4;49.2
68;2021-07-30;6336;4373;459514;380138;60.2;49.8
68;2021-07-31;3917;1424;463431;381562;60.7;50.0
68;2021-08-01;1651;490;465082;382052;60.9;50.1
68;2021-08-02;4600;3146;469682;385198;61.5;50.5
68;2021-08-03;3532;2440;473214;387638;62.0;50.8
68;2021-08-04;3139;2685;476353;390323;62.4;51.1
68;2021-08-05;2735;2638;479088;392961;62.8;51.5
68;2021-08-06;3989;4321;483077;397282;63.3;52.1
68;2021-08-07;1224;1305;484301;398587;63.5;52.2
68;2021-08-08;362;812;484663;399399;63.5;52.3
68;2021-08-09;2565;3683;487228;403082;63.8;52.8
68;2021-08-10;2205;2782;489433;405864;64.1;53.2
68;2021-08-11;1896;2728;491329;408592;64.4;53.5
68;2021-08-12;1739;2661;493068;411253;64.6;53.9
68;2021-08-13;2695;4760;495763;416013;65.0;54.5
68;2021-08-14;707;1437;496470;417450;65.1;54.7
68;2021-08-15;45;446;496515;417896;65.1;54.8
68;2021-08-16;1991;5057;498506;422953;65.3;55.4
68;2021-08-17;1788;4844;500294;427797;65.6;56.1
68;2021-08-18;1172;3686;501466;431483;65.7;56.5
68;2021-08-19;1357;3741;502823;435224;65.9;57.0
68;2021-08-20;2219;6060;505042;441284;66.2;57.8
68;2021-08-21;491;1378;505533;442662;66.2;58.0
68;2021-08-22;112;454;505645;443116;66.3;58.1
68;2021-08-23;1186;5421;506831;448537;66.4;58.8
68;2021-08-24;1397;5941;508228;454478;66.6;59.5
68;2021-08-25;1654;3746;509882;458224;66.8;60.0
68;2021-08-26;1980;4492;511862;462716;67.1;60.6
68;2021-08-27;1835;6276;513697;468992;67.3;61.5
68;2021-08-28;419;1068;514116;470060;67.4;61.6
68;2021-08-29;36;418;514152;470478;67.4;61.6
68;2021-08-30;1341;4544;515493;475022;67.5;62.2
69;2020-12-27;3;0;3;0;0.0;0.0
69;2020-12-28;8;0;11;0;0.0;0.0
69;2020-12-29;5;0;16;0;0.0;0.0
69;2020-12-30;7;0;23;0;0.0;0.0
69;2020-12-31;11;0;34;0;0.0;0.0
69;2021-01-01;2;0;36;0;0.0;0.0
69;2021-01-02;1;0;37;0;0.0;0.0
69;2021-01-03;1;0;38;0;0.0;0.0
69;2021-01-04;11;0;49;0;0.0;0.0
69;2021-01-05;215;0;264;0;0.0;0.0
69;2021-01-06;516;0;780;0;0.0;0.0
69;2021-01-07;812;0;1592;0;0.1;0.0
69;2021-01-08;826;0;2418;0;0.1;0.0
69;2021-01-09;39;1;2457;1;0.1;0.0
69;2021-01-10;3;1;2460;2;0.1;0.0
69;2021-01-11;1135;2;3595;4;0.2;0.0
69;2021-01-12;1396;7;4991;11;0.3;0.0
69;2021-01-13;1392;3;6383;14;0.3;0.0
69;2021-01-14;2279;20;8662;34;0.5;0.0
69;2021-01-15;1826;8;10488;42;0.6;0.0
69;2021-01-16;929;4;11417;46;0.6;0.0
69;2021-01-17;260;2;11677;48;0.6;0.0
69;2021-01-18;1694;18;13371;66;0.7;0.0
69;2021-01-19;3511;35;16882;101;0.9;0.0
69;2021-01-20;4455;30;21337;131;1.1;0.0
69;2021-01-21;4073;28;25410;159;1.4;0.0
69;2021-01-22;3167;20;28577;179;1.5;0.0
69;2021-01-23;1285;5;29862;184;1.6;0.0
69;2021-01-24;101;1;29963;185;1.6;0.0
69;2021-01-25;2240;43;32203;228;1.7;0.0
69;2021-01-26;2563;89;34766;317;1.9;0.0
69;2021-01-27;2355;176;37121;493;2.0;0.0
69;2021-01-28;2237;373;39358;866;2.1;0.0
69;2021-01-29;2113;287;41471;1153;2.2;0.1
69;2021-01-30;889;3;42360;1156;2.3;0.1
69;2021-01-31;65;0;42425;1156;2.3;0.1
69;2021-02-01;1112;400;43537;1556;2.3;0.1
69;2021-02-02;1553;412;45090;1968;2.4;0.1
69;2021-02-03;1443;537;46533;2505;2.5;0.1
69;2021-02-04;1794;950;48327;3455;2.6;0.2
69;2021-02-05;820;822;49147;4277;2.6;0.2
69;2021-02-06;369;53;49516;4330;2.6;0.2
69;2021-02-07;0;0;49516;4330;2.6;0.2
69;2021-02-08;1133;1071;50649;5401;2.7;0.3
69;2021-02-09;2048;2108;52697;7509;2.8;0.4
69;2021-02-10;1855;2646;54552;10155;2.9;0.5
69;2021-02-11;1864;3291;56416;13446;3.0;0.7
69;2021-02-12;1902;2098;58318;15544;3.1;0.8
69;2021-02-13;458;792;58776;16336;3.1;0.9
69;2021-02-14;89;39;58865;16375;3.1;0.9
69;2021-02-15;1014;1764;59879;18139;3.2;1.0
69;2021-02-16;984;2434;60863;20573;3.2;1.1
69;2021-02-17;1028;2386;61891;22959;3.3;1.2
69;2021-02-18;967;2300;62858;25259;3.4;1.3
69;2021-02-19;891;1872;63749;27131;3.4;1.4
69;2021-02-20;321;911;64070;28042;3.4;1.5
69;2021-02-21;53;68;64123;28110;3.4;1.5
69;2021-02-22;610;2095;64733;30205;3.5;1.6
69;2021-02-23;740;2219;65473;32424;3.5;1.7
69;2021-02-24;972;2246;66445;34670;3.5;1.8
69;2021-02-25;2217;2678;68662;37348;3.7;2.0
69;2021-02-26;2776;1922;71438;39270;3.8;2.1
69;2021-02-27;925;574;72363;39844;3.9;2.1
69;2021-02-28;148;102;72511;39946;3.9;2.1
69;2021-03-01;2165;913;74676;40859;4.0;2.2
69;2021-03-02;3297;1408;77973;42267;4.2;2.3
69;2021-03-03;3670;1236;81643;43503;4.4;2.3
69;2021-03-04;4884;1297;86527;44800;4.6;2.4
69;2021-03-05;5875;1264;92402;46064;4.9;2.5
69;2021-03-06;3417;424;95819;46488;5.1;2.5
69;2021-03-07;641;42;96460;46530;5.1;2.5
69;2021-03-08;2960;1122;99420;47652;5.3;2.5
69;2021-03-09;4609;1272;104029;48924;5.5;2.6
69;2021-03-10;5067;1058;109096;49982;5.8;2.7
69;2021-03-11;6601;1055;115697;51037;6.2;2.7
69;2021-03-12;8858;1224;124555;52261;6.6;2.8
69;2021-03-13;4928;244;129483;52505;6.9;2.8
69;2021-03-14;2742;152;132225;52657;7.0;2.8
69;2021-03-15;4806;722;137031;53379;7.3;2.8
69;2021-03-16;3819;662;140850;54041;7.5;2.9
69;2021-03-17;3952;895;144802;54936;7.7;2.9
69;2021-03-18;4966;1619;149768;56555;8.0;3.0
69;2021-03-19;6688;1071;156456;57626;8.3;3.1
69;2021-03-20;3593;274;160049;57900;8.5;3.1
69;2021-03-21;1977;97;162026;57997;8.6;3.1
69;2021-03-22;4548;816;166574;58813;8.9;3.1
69;2021-03-23;7365;834;173939;59647;9.3;3.2
69;2021-03-24;6456;1013;180395;60660;9.6;3.2
69;2021-03-25;8589;1122;188984;61782;10.1;3.3
69;2021-03-26;8813;1255;197797;63037;10.5;3.4
69;2021-03-27;3157;798;200954;63835;10.7;3.4
69;2021-03-28;2219;192;203173;64027;10.8;3.4
69;2021-03-29;4098;2196;207271;66223;11.0;3.5
69;2021-03-30;7642;2553;214913;68776;11.5;3.7
69;2021-03-31;6357;3182;221270;71958;11.8;3.8
69;2021-04-01;8456;2743;229726;74701;12.2;4.0
69;2021-04-02;8311;3139;238037;77840;12.7;4.1
69;2021-04-03;5425;2168;243462;80008;13.0;4.3
69;2021-04-04;6611;550;250073;80558;13.3;4.3
69;2021-04-05;6193;817;256266;81375;13.7;4.3
69;2021-04-06;5116;3484;261382;84859;13.9;4.5
69;2021-04-07;5169;3898;266551;88757;14.2;4.7
69;2021-04-08;6426;4057;272977;92814;14.6;4.9
69;2021-04-09;9165;3787;282142;96601;15.0;5.1
69;2021-04-10;3053;2503;285195;99104;15.2;5.3
69;2021-04-11;2039;1903;287234;101007;15.3;5.4
69;2021-04-12;5472;3583;292706;104590;15.6;5.6
69;2021-04-13;7069;4127;299775;108717;16.0;5.8
69;2021-04-14;6718;4155;306493;112872;16.3;6.0
69;2021-04-15;7943;4605;314436;117477;16.8;6.3
69;2021-04-16;7864;4507;322300;121984;17.2;6.5
69;2021-04-17;5038;2317;327338;124301;17.4;6.6
69;2021-04-18;1715;1795;329053;126096;17.5;6.7
69;2021-04-19;7020;3778;336073;129874;17.9;6.9
69;2021-04-20;6487;4764;342560;134638;18.3;7.2
69;2021-04-21;5688;4417;348248;139055;18.6;7.4
69;2021-04-22;6427;5444;354675;144499;18.9;7.7
69;2021-04-23;6737;4901;361412;149400;19.3;8.0
69;2021-04-24;3157;2031;364569;151431;19.4;8.1
69;2021-04-25;2119;1545;366688;152976;19.5;8.2
69;2021-04-26;4498;3881;371186;156857;19.8;8.4
69;2021-04-27;6516;5333;377702;162190;20.1;8.6
69;2021-04-28;6274;4869;383976;167059;20.5;8.9
69;2021-04-29;6701;5397;390677;172456;20.8;9.2
69;2021-04-30;6933;6181;397610;178637;21.2;9.5
69;2021-05-01;3302;642;400912;179279;21.4;9.6
69;2021-05-02;1627;5885;402539;185164;21.5;9.9
69;2021-05-03;5857;8250;408396;193414;21.8;10.3
69;2021-05-04;7608;8168;416004;201582;22.2;10.7
69;2021-05-05;11214;5648;427218;207230;22.8;11.0
69;2021-05-06;12475;6300;439693;213530;23.4;11.4
69;2021-05-07;11689;7167;451382;220697;24.1;11.8
69;2021-05-08;4305;1656;455687;222353;24.3;11.9
69;2021-05-09;6635;2684;462322;225037;24.6;12.0
69;2021-05-10;6938;6072;469260;231109;25.0;12.3
69;2021-05-11;9831;7046;479091;238155;25.5;12.7
69;2021-05-12;12462;6816;491553;244971;26.2;13.1
69;2021-05-13;10843;2562;502396;247533;26.8;13.2
69;2021-05-14;12592;5224;514988;252757;27.5;13.5
69;2021-05-15;9141;2595;524129;255352;27.9;13.6
69;2021-05-16;8408;1878;532537;257230;28.4;13.7
69;2021-05-17;11307;5656;543844;262886;29.0;14.0
69;2021-05-18;13228;6408;557072;269294;29.7;14.4
69;2021-05-19;13702;5899;570774;275193;30.4;14.7
69;2021-05-20;11387;6092;582161;281285;31.0;15.0
69;2021-05-21;11043;6571;593204;287856;31.6;15.3
69;2021-05-22;5580;2576;598784;290432;31.9;15.5
69;2021-05-23;4570;1548;603354;291980;32.2;15.6
69;2021-05-24;8431;1863;611785;293843;32.6;15.7
69;2021-05-25;9747;6180;621532;300023;33.1;16.0
69;2021-05-26;10286;6118;631818;306141;33.7;16.3
69;2021-05-27;10439;6792;642257;312933;34.2;16.7
69;2021-05-28;11622;8754;653879;321687;34.9;17.1
69;2021-05-29;7393;6046;661272;327733;35.2;17.5
69;2021-05-30;7385;3170;668657;330903;35.6;17.6
69;2021-05-31;10966;6382;679623;337285;36.2;18.0
69;2021-06-01;12850;7522;692473;344807;36.9;18.4
69;2021-06-02;14899;6723;707372;351530;37.7;18.7
69;2021-06-03;16647;7433;724019;358963;38.6;19.1
69;2021-06-04;16210;8567;740229;367530;39.5;19.6
69;2021-06-05;10109;3416;750338;370946;40.0;19.8
69;2021-06-06;7490;1719;757828;372665;40.4;19.9
69;2021-06-07;12825;7038;770653;379703;41.1;20.2
69;2021-06-08;16378;8286;787031;387989;42.0;20.7
69;2021-06-09;15221;7366;802252;395355;42.8;21.1
69;2021-06-10;16282;7340;818534;402695;43.6;21.5
69;2021-06-11;16654;9695;835188;412390;44.5;22.0
69;2021-06-12;8540;4189;843728;416579;45.0;22.2
69;2021-06-13;5624;2147;849352;418726;45.3;22.3
69;2021-06-14;8586;9101;857938;427827;45.7;22.8
69;2021-06-15;10946;11026;868884;438853;46.3;23.4
69;2021-06-16;11353;12330;880237;451183;46.9;24.0
69;2021-06-17;11475;13257;891712;464440;47.5;24.8
69;2021-06-18;12077;14783;903789;479223;48.2;25.5
69;2021-06-19;6835;8359;910624;487582;48.5;26.0
69;2021-06-20;5276;4769;915900;492351;48.8;26.2
69;2021-06-21;6556;12126;922456;504477;49.2;26.9
69;2021-06-22;7220;13842;929676;518319;49.6;27.6
69;2021-06-23;8359;13039;938035;531358;50.0;28.3
69;2021-06-24;9306;13745;947341;545103;50.5;29.1
69;2021-06-25;7077;16317;954418;561420;50.9;29.9
69;2021-06-26;3953;9078;958371;570498;51.1;30.4
69;2021-06-27;3293;7422;961664;577920;51.3;30.8
69;2021-06-28;4550;14891;966214;592811;51.5;31.6
69;2021-06-29;5373;15665;971587;608476;51.8;32.4
69;2021-06-30;6393;14456;977980;622932;52.1;33.2
69;2021-07-01;8567;11974;986547;634906;52.6;33.8
69;2021-07-02;10527;14134;997074;649040;53.1;34.6
69;2021-07-03;5997;7772;1003071;656812;53.5;35.0
69;2021-07-04;4151;5552;1007222;662364;53.7;35.3
69;2021-07-05;6225;13025;1013447;675389;54.0;36.0
69;2021-07-06;5562;14291;1019009;689680;54.3;36.8
69;2021-07-07;7319;13565;1026328;703245;54.7;37.5
69;2021-07-08;7563;13419;1033891;716664;55.1;38.2
69;2021-07-09;7586;16478;1041477;733142;55.5;39.1
69;2021-07-10;3122;10319;1044599;743461;55.7;39.6
69;2021-07-11;4332;5833;1048931;749294;55.9;39.9
69;2021-07-12;4205;16972;1053136;766266;56.1;40.8
69;2021-07-13;6221;20733;1059357;786999;56.5;41.9
69;2021-07-14;5051;8493;1064408;795492;56.7;42.4
69;2021-07-15;7485;22604;1071893;818096;57.1;43.6
69;2021-07-16;9840;20142;1081733;838238;57.7;44.7
69;2021-07-17;4879;12236;1086612;850474;57.9;45.3
69;2021-07-18;3414;8904;1090026;859378;58.1;45.8
69;2021-07-19;7012;16475;1097038;875853;58.5;46.7
69;2021-07-20;9402;19316;1106440;895169;59.0;47.7
69;2021-07-21;9369;17410;1115809;912579;59.5;48.6
69;2021-07-22;11419;16461;1127228;929040;60.1;49.5
69;2021-07-23;11008;17684;1138236;946724;60.7;50.5
69;2021-07-24;5695;11057;1143931;957781;61.0;51.1
69;2021-07-25;4704;6632;1148635;964413;61.2;51.4
69;2021-07-26;8895;12961;1157530;977374;61.7;52.1
69;2021-07-27;12898;12167;1170428;989541;62.4;52.7
69;2021-07-28;12073;12154;1182501;1001695;63.0;53.4
69;2021-07-29;14716;12331;1197217;1014026;63.8;54.1
69;2021-07-30;13819;12249;1211036;1026275;64.6;54.7
69;2021-07-31;8172;7239;1219208;1033514;65.0;55.1
69;2021-08-01;5027;5867;1224235;1039381;65.3;55.4
69;2021-08-02;10697;9590;1234932;1048971;65.8;55.9
69;2021-08-03;12923;8994;1247855;1057965;66.5;56.4
69;2021-08-04;12601;8152;1260456;1066117;67.2;56.8
69;2021-08-05;11160;7521;1271616;1073638;67.8;57.2
69;2021-08-06;9782;7783;1281398;1081421;68.3;57.6
69;2021-08-07;4859;4811;1286257;1086232;68.6;57.9
69;2021-08-08;4297;3556;1290554;1089788;68.8;58.1
69;2021-08-09;7204;9214;1297758;1099002;69.2;58.6
69;2021-08-10;7695;7017;1305453;1106019;69.6;59.0
69;2021-08-11;7513;8100;1312966;1114119;70.0;59.4
69;2021-08-12;6956;7326;1319922;1121445;70.4;59.8
69;2021-08-13;6249;8346;1326171;1129791;70.7;60.2
69;2021-08-14;4159;5364;1330330;1135155;70.9;60.5
69;2021-08-15;2337;2521;1332667;1137676;71.0;60.6
69;2021-08-16;4864;8877;1337531;1146553;71.3;61.1
69;2021-08-17;6125;8269;1343656;1154822;71.6;61.6
69;2021-08-18;5979;9449;1349635;1164271;71.9;62.1
69;2021-08-19;6017;9308;1355652;1173579;72.3;62.6
69;2021-08-20;5731;8811;1361383;1182390;72.6;63.0
69;2021-08-21;2692;3951;1364075;1186341;72.7;63.2
69;2021-08-22;1850;2416;1365925;1188757;72.8;63.4
69;2021-08-23;3506;12364;1369431;1201121;73.0;64.0
69;2021-08-24;4981;13592;1374412;1214713;73.3;64.7
69;2021-08-25;4292;12870;1378704;1227583;73.5;65.4
69;2021-08-26;4405;11701;1383109;1239284;73.7;66.1
69;2021-08-27;4221;14441;1387330;1253725;73.9;66.8
69;2021-08-28;1833;8615;1389163;1262340;74.0;67.3
69;2021-08-29;1286;6516;1390449;1268856;74.1;67.6
69;2021-08-30;3105;11776;1393554;1280632;74.3;68.3
70;2020-12-27;0;0;0;0;0.0;0.0
70;2020-12-28;0;0;0;0;0.0;0.0
70;2020-12-29;0;0;0;0;0.0;0.0
70;2020-12-30;0;0;0;0;0.0;0.0
70;2020-12-31;0;0;0;0;0.0;0.0
70;2021-01-01;0;0;0;0;0.0;0.0
70;2021-01-02;0;0;0;0;0.0;0.0
70;2021-01-03;0;0;0;0;0.0;0.0
70;2021-01-04;0;0;0;0;0.0;0.0
70;2021-01-05;0;0;0;0;0.0;0.0
70;2021-01-06;24;0;24;0;0.0;0.0
70;2021-01-07;121;0;145;0;0.1;0.0
70;2021-01-08;22;0;167;0;0.1;0.0
70;2021-01-09;0;0;167;0;0.1;0.0
70;2021-01-10;0;0;167;0;0.1;0.0
70;2021-01-11;148;1;315;1;0.1;0.0
70;2021-01-12;201;1;516;2;0.2;0.0
70;2021-01-13;172;2;688;4;0.3;0.0
70;2021-01-14;149;6;837;10;0.4;0.0
70;2021-01-15;153;1;990;11;0.4;0.0
70;2021-01-16;65;0;1055;11;0.5;0.0
70;2021-01-17;0;0;1055;11;0.5;0.0
70;2021-01-18;394;0;1449;11;0.6;0.0
70;2021-01-19;503;2;1952;13;0.8;0.0
70;2021-01-20;494;2;2446;15;1.0;0.0
70;2021-01-21;673;2;3119;17;1.3;0.0
70;2021-01-22;458;3;3577;20;1.5;0.0
70;2021-01-23;261;2;3838;22;1.6;0.0
70;2021-01-24;4;0;3842;22;1.6;0.0
70;2021-01-25;371;1;4213;23;1.8;0.0
70;2021-01-26;335;1;4548;24;2.0;0.0
70;2021-01-27;329;10;4877;34;2.1;0.0
70;2021-01-28;365;36;5242;70;2.2;0.0
70;2021-01-29;329;52;5571;122;2.4;0.1
70;2021-01-30;228;1;5799;123;2.5;0.1
70;2021-01-31;0;0;5799;123;2.5;0.1
70;2021-02-01;260;52;6059;175;2.6;0.1
70;2021-02-02;272;98;6331;273;2.7;0.1
70;2021-02-03;251;59;6582;332;2.8;0.1
70;2021-02-04;264;124;6846;456;2.9;0.2
70;2021-02-05;254;75;7100;531;3.0;0.2
70;2021-02-06;209;38;7309;569;3.1;0.2
70;2021-02-07;0;0;7309;569;3.1;0.2
70;2021-02-08;178;232;7487;801;3.2;0.3
70;2021-02-09;205;229;7692;1030;3.3;0.4
70;2021-02-10;196;303;7888;1333;3.4;0.6
70;2021-02-11;351;332;8239;1665;3.5;0.7
70;2021-02-12;239;492;8478;2157;3.6;0.9
70;2021-02-13;75;210;8553;2367;3.7;1.0
70;2021-02-14;0;29;8553;2396;3.7;1.0
70;2021-02-15;70;339;8623;2735;3.7;1.2
70;2021-02-16;113;362;8736;3097;3.7;1.3
70;2021-02-17;167;305;8903;3402;3.8;1.5
70;2021-02-18;205;258;9108;3660;3.9;1.6
70;2021-02-19;197;206;9305;3866;4.0;1.7
70;2021-02-20;192;69;9497;3935;4.1;1.7
70;2021-02-21;1;0;9498;3935;4.1;1.7
70;2021-02-22;106;237;9604;4172;4.1;1.8
70;2021-02-23;125;261;9729;4433;4.2;1.9
70;2021-02-24;131;233;9860;4666;4.2;2.0
70;2021-02-25;315;257;10175;4923;4.4;2.1
70;2021-02-26;395;150;10570;5073;4.5;2.2
70;2021-02-27;147;202;10717;5275;4.6;2.3
70;2021-02-28;0;0;10717;5275;4.6;2.3
70;2021-03-01;249;242;10966;5517;4.7;2.4
70;2021-03-02;487;276;11453;5793;4.9;2.5
70;2021-03-03;467;259;11920;6052;5.1;2.6
70;2021-03-04;693;272;12613;6324;5.4;2.7
70;2021-03-05;767;261;13380;6585;5.7;2.8
70;2021-03-06;540;116;13920;6701;6.0;2.9
70;2021-03-07;216;23;14136;6724;6.1;2.9
70;2021-03-08;554;211;14690;6935;6.3;3.0
70;2021-03-09;866;176;15556;7111;6.7;3.0
70;2021-03-10;659;178;16215;7289;7.0;3.1
70;2021-03-11;698;256;16913;7545;7.3;3.2
70;2021-03-12;985;179;17898;7724;7.7;3.3
70;2021-03-13;582;122;18480;7846;7.9;3.4
70;2021-03-14;20;1;18500;7847;7.9;3.4
70;2021-03-15;774;111;19274;7958;8.3;3.4
70;2021-03-16;655;99;19929;8057;8.5;3.5
70;2021-03-17;595;183;20524;8240;8.8;3.5
70;2021-03-18;633;141;21157;8381;9.1;3.6
70;2021-03-19;1019;142;22176;8523;9.5;3.7
70;2021-03-20;641;186;22817;8709;9.8;3.7
70;2021-03-21;9;0;22826;8709;9.8;3.7
70;2021-03-22;757;98;23583;8807;10.1;3.8
70;2021-03-23;1309;159;24892;8966;10.7;3.8
70;2021-03-24;1270;108;26162;9074;11.2;3.9
70;2021-03-25;1246;199;27408;9273;11.8;4.0
70;2021-03-26;1487;298;28895;9571;12.4;4.1
70;2021-03-27;957;129;29852;9700;12.8;4.2
70;2021-03-28;0;10;29852;9710;12.8;4.2
70;2021-03-29;720;414;30572;10124;13.1;4.3
70;2021-03-30;1093;316;31665;10440;13.6;4.5
70;2021-03-31;878;318;32543;10758;14.0;4.6
70;2021-04-01;1154;427;33697;11185;14.5;4.8
70;2021-04-02;1310;347;35007;11532;15.0;4.9
70;2021-04-03;639;322;35646;11854;15.3;5.1
70;2021-04-04;11;0;35657;11854;15.3;5.1
70;2021-04-05;4;2;35661;11856;15.3;5.1
70;2021-04-06;831;555;36492;12411;15.6;5.3
70;2021-04-07;858;588;37350;12999;16.0;5.6
70;2021-04-08;1320;563;38670;13562;16.6;5.8
70;2021-04-09;1403;534;40073;14096;17.2;6.0
70;2021-04-10;859;347;40932;14443;17.6;6.2
70;2021-04-11;23;1;40955;14444;17.6;6.2
70;2021-04-12;696;662;41651;15106;17.9;6.5
70;2021-04-13;921;770;42572;15876;18.3;6.8
70;2021-04-14;815;577;43387;16453;18.6;7.1
70;2021-04-15;1079;605;44466;17058;19.1;7.3
70;2021-04-16;1243;554;45709;17612;19.6;7.6
70;2021-04-17;689;468;46398;18080;19.9;7.8
70;2021-04-18;62;4;46460;18084;19.9;7.8
70;2021-04-19;540;807;47000;18891;20.2;8.1
70;2021-04-20;664;852;47664;19743;20.4;8.5
70;2021-04-21;483;930;48147;20673;20.6;8.9
70;2021-04-22;775;799;48922;21472;21.0;9.2
70;2021-04-23;875;743;49797;22215;21.4;9.5
70;2021-04-24;432;642;50229;22857;21.5;9.8
70;2021-04-25;11;0;50240;22857;21.5;9.8
70;2021-04-26;925;603;51165;23460;21.9;10.1
70;2021-04-27;1209;753;52374;24213;22.5;10.4
70;2021-04-28;889;811;53263;25024;22.8;10.7
70;2021-04-29;1343;930;54606;25954;23.4;11.1
70;2021-04-30;1533;876;56139;26830;24.1;11.5
70;2021-05-01;1694;120;57833;26950;24.8;11.6
70;2021-05-02;2;0;57835;26950;24.8;11.6
70;2021-05-03;1191;580;59026;27530;25.3;11.8
70;2021-05-04;1354;755;60380;28285;25.9;12.1
70;2021-05-05;1190;878;61570;29163;26.4;12.5
70;2021-05-06;1846;1269;63416;30432;27.2;13.1
70;2021-05-07;2127;1245;65543;31677;28.1;13.6
70;2021-05-08;1341;192;66884;31869;28.7;13.7
70;2021-05-09;9;58;66893;31927;28.7;13.7
70;2021-05-10;960;946;67853;32873;29.1;14.1
70;2021-05-11;1240;1075;69093;33948;29.6;14.6
70;2021-05-12;1176;867;70269;34815;30.1;14.9
70;2021-05-13;1544;148;71813;34963;30.8;15.0
70;2021-05-14;2062;758;73875;35721;31.7;15.3
70;2021-05-15;2657;532;76532;36253;32.8;15.5
70;2021-05-16;999;72;77531;36325;33.2;15.6
70;2021-05-17;1238;386;78769;36711;33.8;15.7
70;2021-05-18;1296;591;80065;37302;34.3;16.0
70;2021-05-19;1476;480;81541;37782;35.0;16.2
70;2021-05-20;1780;633;83321;38415;35.7;16.5
70;2021-05-21;1693;823;85014;39238;36.5;16.8
70;2021-05-22;1221;665;86235;39903;37.0;17.1
70;2021-05-23;8;14;86243;39917;37.0;17.1
70;2021-05-24;227;26;86470;39943;37.1;17.1
70;2021-05-25;837;926;87307;40869;37.4;17.5
70;2021-05-26;1048;948;88355;41817;37.9;17.9
70;2021-05-27;1263;997;89618;42814;38.4;18.4
70;2021-05-28;1546;1161;91164;43975;39.1;18.9
70;2021-05-29;1371;588;92535;44563;39.7;19.1
70;2021-05-30;1;8;92536;44571;39.7;19.1
70;2021-05-31;969;679;93505;45250;40.1;19.4
70;2021-06-01;1213;848;94718;46098;40.6;19.8
70;2021-06-02;1265;680;95983;46778;41.2;20.1
70;2021-06-03;1430;839;97413;47617;41.8;20.4
70;2021-06-04;1335;1111;98748;48728;42.3;20.9
70;2021-06-05;1024;664;99772;49392;42.8;21.2
70;2021-06-06;599;79;100371;49471;43.0;21.2
70;2021-06-07;941;850;101312;50321;43.4;21.6
70;2021-06-08;1216;1185;102528;51506;44.0;22.1
70;2021-06-09;1156;988;103684;52494;44.5;22.5
70;2021-06-10;1569;831;105253;53325;45.1;22.9
70;2021-06-11;1587;1956;106840;55281;45.8;23.7
70;2021-06-12;829;1972;107669;57253;46.2;24.6
70;2021-06-13;143;15;107812;57268;46.2;24.6
70;2021-06-14;558;1245;108370;58513;46.5;25.1
70;2021-06-15;451;1506;108821;60019;46.7;25.7
70;2021-06-16;800;1393;109621;61412;47.0;26.3
70;2021-06-17;1150;2097;110771;63509;47.5;27.2
70;2021-06-18;997;2255;111768;65764;47.9;28.2
70;2021-06-19;1091;1640;112859;67404;48.4;28.9
70;2021-06-20;1;3;112860;67407;48.4;28.9
70;2021-06-21;693;1453;113553;68860;48.7;29.5
70;2021-06-22;654;1511;114207;70371;49.0;30.2
70;2021-06-23;662;1570;114869;71941;49.3;30.9
70;2021-06-24;877;2050;115746;73991;49.6;31.7
70;2021-06-25;682;2646;116428;76637;49.9;32.9
70;2021-06-26;943;2136;117371;78773;50.3;33.8
70;2021-06-27;141;762;117512;79535;50.4;34.1
70;2021-06-28;336;1350;117848;80885;50.5;34.7
70;2021-06-29;411;1611;118259;82496;50.7;35.4
70;2021-06-30;390;1635;118649;84131;50.9;36.1
70;2021-07-01;640;1752;119289;85883;51.2;36.8
70;2021-07-02;815;1578;120104;87461;51.5;37.5
70;2021-07-03;841;1082;120945;88543;51.9;38.0
70;2021-07-04;29;70;120974;88613;51.9;38.0
70;2021-07-05;610;1037;121584;89650;52.1;38.4
70;2021-07-06;681;1275;122265;90925;52.4;39.0
70;2021-07-07;508;1424;122773;92349;52.6;39.6
70;2021-07-08;816;1573;123589;93922;53.0;40.3
70;2021-07-09;871;1663;124460;95585;53.4;41.0
70;2021-07-10;831;1032;125291;96617;53.7;41.4
70;2021-07-11;7;20;125298;96637;53.7;41.4
70;2021-07-12;431;1391;125729;98028;53.9;42.0
70;2021-07-13;906;1868;126635;99896;54.3;42.8
70;2021-07-14;33;6;126668;99902;54.3;42.8
70;2021-07-15;1383;1694;128051;101596;54.9;43.6
70;2021-07-16;1627;2065;129678;103661;55.6;44.5
70;2021-07-17;1501;1454;131179;105115;56.3;45.1
70;2021-07-18;1145;640;132324;105755;56.7;45.4
70;2021-07-19;883;974;133207;106729;57.1;45.8
70;2021-07-20;1350;1352;134557;108081;57.7;46.3
70;2021-07-21;1288;1404;135845;109485;58.3;47.0
70;2021-07-22;1869;1823;137714;111308;59.1;47.7
70;2021-07-23;1828;2492;139542;113800;59.8;48.8
70;2021-07-24;1364;1805;140906;115605;60.4;49.6
70;2021-07-25;27;3;140933;115608;60.4;49.6
70;2021-07-26;1055;975;141988;116583;60.9;50.0
70;2021-07-27;1404;974;143392;117557;61.5;50.4
70;2021-07-28;1404;1162;144796;118719;62.1;50.9
70;2021-07-29;1873;1386;146669;120105;62.9;51.5
70;2021-07-30;1971;1346;148640;121451;63.7;52.1
70;2021-07-31;1750;1163;150390;122614;64.5;52.6
70;2021-08-01;2;4;150392;122618;64.5;52.6
70;2021-08-02;775;738;151167;123356;64.8;52.9
70;2021-08-03;1295;1039;152462;124395;65.4;53.3
70;2021-08-04;1211;918;153673;125313;65.9;53.7
70;2021-08-05;1658;1189;155331;126502;66.6;54.2
70;2021-08-06;1795;1331;157126;127833;67.4;54.8
70;2021-08-07;1190;1030;158316;128863;67.9;55.3
70;2021-08-08;35;28;158351;128891;67.9;55.3
70;2021-08-09;527;704;158878;129595;68.1;55.6
70;2021-08-10;896;1133;159774;130728;68.5;56.1
70;2021-08-11;806;723;160580;131451;68.9;56.4
70;2021-08-12;902;1274;161482;132725;69.2;56.9
70;2021-08-13;1039;1624;162521;134349;69.7;57.6
70;2021-08-14;771;974;163292;135323;70.0;58.0
70;2021-08-15;36;28;163328;135351;70.0;58.0
70;2021-08-16;544;907;163872;136258;70.3;58.4
70;2021-08-17;675;1196;164547;137454;70.6;58.9
70;2021-08-18;536;939;165083;138393;70.8;59.3
70;2021-08-19;565;1386;165648;139779;71.0;59.9
70;2021-08-20;511;1900;166159;141679;71.3;60.8
70;2021-08-21;446;1158;166605;142837;71.4;61.3
70;2021-08-22;2;6;166607;142843;71.4;61.3
70;2021-08-23;280;879;166887;143722;71.6;61.6
70;2021-08-24;387;1374;167274;145096;71.7;62.2
70;2021-08-25;354;1341;167628;146437;71.9;62.8
70;2021-08-26;435;1560;168063;147997;72.1;63.5
70;2021-08-27;384;2126;168447;150123;72.2;64.4
70;2021-08-28;359;1701;168806;151824;72.4;65.1
70;2021-08-29;11;6;168817;151830;72.4;65.1
70;2021-08-30;296;834;169113;152664;72.5;65.5
71;2020-12-27;0;0;0;0;0.0;0.0
71;2020-12-28;0;0;0;0;0.0;0.0
71;2020-12-29;0;0;0;0;0.0;0.0
71;2020-12-30;0;0;0;0;0.0;0.0
71;2020-12-31;0;0;0;0;0.0;0.0
71;2021-01-01;1;0;1;0;0.0;0.0
71;2021-01-02;0;0;1;0;0.0;0.0
71;2021-01-03;1;0;2;0;0.0;0.0
71;2021-01-04;1;0;3;0;0.0;0.0
71;2021-01-05;12;0;15;0;0.0;0.0
71;2021-01-06;72;0;87;0;0.0;0.0
71;2021-01-07;66;0;153;0;0.0;0.0
71;2021-01-08;146;0;299;0;0.1;0.0
71;2021-01-09;117;0;416;0;0.1;0.0
71;2021-01-10;1;0;417;0;0.1;0.0
71;2021-01-11;245;1;662;1;0.1;0.0
71;2021-01-12;846;1;1508;2;0.3;0.0
71;2021-01-13;563;2;2071;4;0.4;0.0
71;2021-01-14;581;10;2652;14;0.5;0.0
71;2021-01-15;666;2;3318;16;0.6;0.0
71;2021-01-16;9;0;3327;16;0.6;0.0
71;2021-01-17;0;0;3327;16;0.6;0.0
71;2021-01-18;1094;8;4421;24;0.8;0.0
71;2021-01-19;1694;7;6115;31;1.1;0.0
71;2021-01-20;1515;6;7630;37;1.4;0.0
71;2021-01-21;2058;17;9688;54;1.8;0.0
71;2021-01-22;1413;6;11101;60;2.0;0.0
71;2021-01-23;815;6;11916;66;2.2;0.0
71;2021-01-24;0;0;11916;66;2.2;0.0
71;2021-01-25;1065;6;12981;72;2.4;0.0
71;2021-01-26;1505;25;14486;97;2.6;0.0
71;2021-01-27;1248;34;15734;131;2.9;0.0
71;2021-01-28;1082;96;16816;227;3.1;0.0
71;2021-01-29;1014;143;17830;370;3.3;0.1
71;2021-01-30;605;2;18435;372;3.4;0.1
71;2021-01-31;1;15;18436;387;3.4;0.1
71;2021-02-01;751;237;19187;624;3.5;0.1
71;2021-02-02;754;357;19941;981;3.6;0.2
71;2021-02-03;817;421;20758;1402;3.8;0.3
71;2021-02-04;780;571;21538;1973;3.9;0.4
71;2021-02-05;705;522;22243;2495;4.1;0.5
71;2021-02-06;535;9;22778;2504;4.2;0.5
71;2021-02-07;4;50;22782;2554;4.2;0.5
71;2021-02-08;603;695;23385;3249;4.3;0.6
71;2021-02-09;369;1009;23754;4258;4.3;0.8
71;2021-02-10;412;986;24166;5244;4.4;1.0
71;2021-02-11;472;1173;24638;6417;4.5;1.2
71;2021-02-12;535;1037;25173;7454;4.6;1.4
71;2021-02-13;124;498;25297;7952;4.6;1.5
71;2021-02-14;2;7;25299;7959;4.6;1.5
71;2021-02-15;323;908;25622;8867;4.7;1.6
71;2021-02-16;442;1350;26064;10217;4.8;1.9
71;2021-02-17;427;1122;26491;11339;4.8;2.1
71;2021-02-18;548;933;27039;12272;4.9;2.2
71;2021-02-19;573;844;27612;13116;5.0;2.4
71;2021-02-20;224;379;27836;13495;5.1;2.5
71;2021-02-21;4;13;27840;13508;5.1;2.5
71;2021-02-22;237;870;28077;14378;5.1;2.6
71;2021-02-23;452;924;28529;15302;5.2;2.8
71;2021-02-24;445;715;28974;16017;5.3;2.9
71;2021-02-25;533;725;29507;16742;5.4;3.1
71;2021-02-26;830;535;30337;17277;5.5;3.2
71;2021-02-27;457;336;30794;17613;5.6;3.2
71;2021-02-28;54;14;30848;17627;5.6;3.2
71;2021-03-01;1187;678;32035;18305;5.8;3.3
71;2021-03-02;1574;644;33609;18949;6.1;3.5
71;2021-03-03;1820;770;35429;19719;6.5;3.6
71;2021-03-04;2003;816;37432;20535;6.8;3.7
71;2021-03-05;2289;696;39721;21231;7.3;3.9
71;2021-03-06;754;65;40475;21296;7.4;3.9
71;2021-03-07;40;21;40515;21317;7.4;3.9
71;2021-03-08;1452;783;41967;22100;7.7;4.0
71;2021-03-09;2160;532;44127;22632;8.1;4.1
71;2021-03-10;2172;472;46299;23104;8.5;4.2
71;2021-03-11;2629;673;48928;23777;8.9;4.3
71;2021-03-12;2606;628;51534;24405;9.4;4.5
71;2021-03-13;995;101;52529;24506;9.6;4.5
71;2021-03-14;36;0;52565;24506;9.6;4.5
71;2021-03-15;1798;499;54363;25005;9.9;4.6
71;2021-03-16;1821;201;56184;25206;10.3;4.6
71;2021-03-17;2134;251;58318;25457;10.6;4.6
71;2021-03-18;1953;438;60271;25895;11.0;4.7
71;2021-03-19;2370;335;62641;26230;11.4;4.8
71;2021-03-20;1084;40;63725;26270;11.6;4.8
71;2021-03-21;17;5;63742;26275;11.6;4.8
71;2021-03-22;2576;382;66318;26657;12.1;4.9
71;2021-03-23;3346;509;69664;27166;12.7;5.0
71;2021-03-24;3349;467;73013;27633;13.3;5.0
71;2021-03-25;4028;590;77041;28223;14.1;5.2
71;2021-03-26;4058;340;81099;28563;14.8;5.2
71;2021-03-27;997;106;82096;28669;15.0;5.2
71;2021-03-28;57;8;82153;28677;15.0;5.2
71;2021-03-29;2409;1174;84562;29851;15.4;5.4
71;2021-03-30;2952;1362;87514;31213;16.0;5.7
71;2021-03-31;2549;1528;90063;32741;16.4;6.0
71;2021-04-01;2717;1299;92780;34040;16.9;6.2
71;2021-04-02;2503;1422;95283;35462;17.4;6.5
71;2021-04-03;268;34;95551;35496;17.4;6.5
71;2021-04-04;6;0;95557;35496;17.4;6.5
71;2021-04-05;61;0;95618;35496;17.5;6.5
71;2021-04-06;2259;1879;97877;37375;17.9;6.8
71;2021-04-07;2391;1794;100268;39169;18.3;7.1
71;2021-04-08;3283;1807;103551;40976;18.9;7.5
71;2021-04-09;4042;1671;107593;42647;19.6;7.8
71;2021-04-10;769;47;108362;42694;19.8;7.8
71;2021-04-11;100;4;108462;42698;19.8;7.8
71;2021-04-12;2355;1703;110817;44401;20.2;8.1
71;2021-04-13;2584;1889;113401;46290;20.7;8.4
71;2021-04-14;2374;1926;115775;48216;21.1;8.8
71;2021-04-15;2778;1692;118553;49908;21.6;9.1
71;2021-04-16;2628;1650;121181;51558;22.1;9.4
71;2021-04-17;952;344;122133;51902;22.3;9.5
71;2021-04-18;106;6;122239;51908;22.3;9.5
71;2021-04-19;1759;2573;123998;54481;22.6;9.9
71;2021-04-20;2222;2600;126220;57081;23.0;10.4
71;2021-04-21;2125;2594;128345;59675;23.4;10.9
71;2021-04-22;2511;2446;130856;62121;23.9;11.3
71;2021-04-23;2923;2270;133779;64391;24.4;11.8
71;2021-04-24;517;53;134296;64444;24.5;11.8
71;2021-04-25;26;0;134322;64444;24.5;11.8
71;2021-04-26;2568;2138;136890;66582;25.0;12.2
71;2021-04-27;2989;2270;139879;68852;25.5;12.6
71;2021-04-28;3074;2130;142953;70982;26.1;13.0
71;2021-04-29;3780;2237;146733;73219;26.8;13.4
71;2021-04-30;3928;1729;150661;74948;27.5;13.7
71;2021-05-01;39;53;150700;75001;27.5;13.7
71;2021-05-02;23;18;150723;75019;27.5;13.7
71;2021-05-03;4289;1386;155012;76405;28.3;13.9
71;2021-05-04;2956;2359;157968;78764;28.8;14.4
71;2021-05-05;3427;2094;161395;80858;29.5;14.8
71;2021-05-06;3466;2371;164861;83229;30.1;15.2
71;2021-05-07;3678;2814;168539;86043;30.8;15.7
71;2021-05-08;180;183;168719;86226;30.8;15.7
71;2021-05-09;44;47;168763;86273;30.8;15.7
71;2021-05-10;3700;2292;172463;88565;31.5;16.2
71;2021-05-11;4664;2361;177127;90926;32.3;16.6
71;2021-05-12;3976;2604;181103;93530;33.1;17.1
71;2021-05-13;1576;155;182679;93685;33.3;17.1
71;2021-05-14;3765;2194;186444;95879;34.0;17.5
71;2021-05-15;242;329;186686;96208;34.1;17.6
71;2021-05-16;2;0;186688;96208;34.1;17.6
71;2021-05-17;3864;1886;190552;98094;34.8;17.9
71;2021-05-18;3496;2427;194048;100521;35.4;18.3
71;2021-05-19;3720;2281;197768;102802;36.1;18.8
71;2021-05-20;4183;2300;201951;105102;36.9;19.2
71;2021-05-21;3724;2577;205675;107679;37.5;19.7
71;2021-05-22;168;306;205843;107985;37.6;19.7
71;2021-05-23;14;55;205857;108040;37.6;19.7
71;2021-05-24;19;96;205876;108136;37.6;19.7
71;2021-05-25;2690;3007;208566;111143;38.1;20.3
71;2021-05-26;2973;2432;211539;113575;38.6;20.7
71;2021-05-27;3387;2589;214926;116164;39.2;21.2
71;2021-05-28;2920;3164;217846;119328;39.8;21.8
71;2021-05-29;482;661;218328;119989;39.9;21.9
71;2021-05-30;75;57;218403;120046;39.9;21.9
71;2021-05-31;2776;3458;221179;123504;40.4;22.5
71;2021-06-01;3674;3542;224853;127046;41.0;23.2
71;2021-06-02;3998;2627;228851;129673;41.8;23.7
71;2021-06-03;4436;2528;233287;132201;42.6;24.1
71;2021-06-04;3717;3714;237004;135915;43.3;24.8
71;2021-06-05;683;646;237687;136561;43.4;24.9
71;2021-06-06;57;91;237744;136652;43.4;24.9
71;2021-06-07;3283;4149;241027;140801;44.0;25.7
71;2021-06-08;3899;4014;244926;144815;44.7;26.4
71;2021-06-09;4694;2750;249620;147565;45.6;26.9
71;2021-06-10;5268;2747;254888;150312;46.5;27.4
71;2021-06-11;4435;3724;259323;154036;47.3;28.1
71;2021-06-12;716;596;260039;154632;47.5;28.2
71;2021-06-13;104;187;260143;154819;47.5;28.3
71;2021-06-14;3512;3785;263655;158604;48.1;29.0
71;2021-06-15;4207;3558;267862;162162;48.9;29.6
71;2021-06-16;4596;2729;272458;164891;49.7;30.1
71;2021-06-17;4269;3001;276727;167892;50.5;30.6
71;2021-06-18;4325;3772;281052;171664;51.3;31.3
71;2021-06-19;1269;654;282321;172318;51.5;31.5
71;2021-06-20;37;27;282358;172345;51.5;31.5
71;2021-06-21;2270;4283;284628;176628;52.0;32.2
71;2021-06-22;2687;4355;287315;180983;52.4;33.0
71;2021-06-23;3061;3420;290376;184403;53.0;33.7
71;2021-06-24;3328;3022;293704;187425;53.6;34.2
71;2021-06-25;2654;4472;296358;191897;54.1;35.0
71;2021-06-26;372;551;296730;192448;54.2;35.1
71;2021-06-27;29;68;296759;192516;54.2;35.1
71;2021-06-28;1535;4623;298294;197139;54.5;36.0
71;2021-06-29;1992;4825;300286;201964;54.8;36.9
71;2021-06-30;2505;3938;302791;205902;55.3;37.6
71;2021-07-01;2826;3907;305617;209809;55.8;38.3
71;2021-07-02;3031;3985;308648;213794;56.3;39.0
71;2021-07-03;318;711;308966;214505;56.4;39.2
71;2021-07-04;28;132;308994;214637;56.4;39.2
71;2021-07-05;2478;4321;311472;218958;56.9;40.0
71;2021-07-06;2462;4565;313934;223523;57.3;40.8
71;2021-07-07;2984;3724;316918;227247;57.9;41.5
71;2021-07-08;2768;4112;319686;231359;58.4;42.2
71;2021-07-09;2381;5023;322067;236382;58.8;43.1
71;2021-07-10;212;656;322279;237038;58.8;43.3
71;2021-07-11;15;65;322294;237103;58.8;43.3
71;2021-07-12;1913;5309;324207;242412;59.2;44.2
71;2021-07-13;2541;5864;326748;248276;59.6;45.3
71;2021-07-14;950;400;327698;248676;59.8;45.4
71;2021-07-15;3021;5738;330719;254414;60.4;46.4
71;2021-07-16;3296;6011;334015;260425;61.0;47.5
71;2021-07-17;505;781;334520;261206;61.1;47.7
71;2021-07-18;89;93;334609;261299;61.1;47.7
71;2021-07-19;2864;5559;337473;266858;61.6;48.7
71;2021-07-20;3368;5917;340841;272775;62.2;49.8
71;2021-07-21;3411;5469;344252;278244;62.8;50.8
71;2021-07-22;3944;5336;348196;283580;63.6;51.8
71;2021-07-23;3235;6001;351431;289581;64.2;52.9
71;2021-07-24;713;596;352144;290177;64.3;53.0
71;2021-07-25;148;82;352292;290259;64.3;53.0
71;2021-07-26;3591;4894;355883;295153;65.0;53.9
71;2021-07-27;4088;5125;359971;300278;65.7;54.8
71;2021-07-28;4248;4818;364219;305096;66.5;55.7
71;2021-07-29;4206;4642;368425;309738;67.3;56.5
71;2021-07-30;4240;4923;372665;314661;68.0;57.4
71;2021-07-31;722;725;373387;315386;68.2;57.6
71;2021-08-01;104;35;373491;315421;68.2;57.6
71;2021-08-02;3966;3761;377457;319182;68.9;58.3
71;2021-08-03;4403;3819;381860;323001;69.7;59.0
71;2021-08-04;4379;2987;386239;325988;70.5;59.5
71;2021-08-05;4174;3261;390413;329249;71.3;60.1
71;2021-08-06;3683;4008;394096;333257;71.9;60.8
71;2021-08-07;494;329;394590;333586;72.0;60.9
71;2021-08-08;51;65;394641;333651;72.0;60.9
71;2021-08-09;3045;3421;397686;337072;72.6;61.5
71;2021-08-10;3059;3392;400745;340464;73.2;62.1
71;2021-08-11;3172;3076;403917;343540;73.7;62.7
71;2021-08-12;2997;3104;406914;346644;74.3;63.3
71;2021-08-13;2641;3334;409555;349978;74.8;63.9
71;2021-08-14;278;521;409833;350499;74.8;64.0
71;2021-08-15;49;109;409882;350608;74.8;64.0
71;2021-08-16;1702;3528;411584;354136;75.1;64.6
71;2021-08-17;1733;3436;413317;357572;75.4;65.3
71;2021-08-18;1447;3168;414764;360740;75.7;65.8
71;2021-08-19;1266;3116;416030;363856;75.9;66.4
71;2021-08-20;1279;3698;417309;367554;76.2;67.1
71;2021-08-21;145;413;417454;367967;76.2;67.2
71;2021-08-22;40;99;417494;368066;76.2;67.2
71;2021-08-23;1422;4541;418916;372607;76.5;68.0
71;2021-08-24;1327;3796;420243;376403;76.7;68.7
71;2021-08-25;947;3770;421190;380173;76.9;69.4
71;2021-08-26;955;3391;422145;383564;77.1;70.0
71;2021-08-27;1147;4459;423292;388023;77.3;70.8
71;2021-08-28;193;413;423485;388436;77.3;70.9
71;2021-08-29;28;106;423513;388542;77.3;70.9
71;2021-08-30;1247;3933;424760;392475;77.5;71.6
72;2020-12-27;0;0;0;0;0.0;0.0
72;2020-12-28;0;0;0;0;0.0;0.0
72;2020-12-29;0;0;0;0;0.0;0.0
72;2020-12-30;0;0;0;0;0.0;0.0
72;2020-12-31;0;0;0;0;0.0;0.0
72;2021-01-01;2;0;2;0;0.0;0.0
72;2021-01-02;0;0;2;0;0.0;0.0
72;2021-01-03;0;0;2;0;0.0;0.0
72;2021-01-04;0;0;2;0;0.0;0.0
72;2021-01-05;14;0;16;0;0.0;0.0
72;2021-01-06;27;0;43;0;0.0;0.0
72;2021-01-07;110;0;153;0;0.0;0.0
72;2021-01-08;232;0;385;0;0.1;0.0
72;2021-01-09;36;0;421;0;0.1;0.0
72;2021-01-10;0;0;421;0;0.1;0.0
72;2021-01-11;485;1;906;1;0.2;0.0
72;2021-01-12;615;1;1521;2;0.3;0.0
72;2021-01-13;500;1;2021;3;0.4;0.0
72;2021-01-14;644;3;2665;6;0.5;0.0
72;2021-01-15;478;1;3143;7;0.6;0.0
72;2021-01-16;94;0;3237;7;0.6;0.0
72;2021-01-17;0;0;3237;7;0.6;0.0
72;2021-01-18;293;0;3530;7;0.6;0.0
72;2021-01-19;777;3;4307;10;0.8;0.0
72;2021-01-20;1538;6;5845;16;1.0;0.0
72;2021-01-21;1776;5;7621;21;1.4;0.0
72;2021-01-22;1149;6;8770;27;1.6;0.0
72;2021-01-23;32;0;8802;27;1.6;0.0
72;2021-01-24;0;0;8802;27;1.6;0.0
72;2021-01-25;503;7;9305;34;1.7;0.0
72;2021-01-26;1164;21;10469;55;1.9;0.0
72;2021-01-27;882;20;11351;75;2.0;0.0
72;2021-01-28;777;68;12128;143;2.2;0.0
72;2021-01-29;712;68;12840;211;2.3;0.0
72;2021-01-30;58;0;12898;211;2.3;0.0
72;2021-01-31;1;0;12899;211;2.3;0.0
72;2021-02-01;499;228;13398;439;2.4;0.1
72;2021-02-02;507;295;13905;734;2.5;0.1
72;2021-02-03;487;229;14392;963;2.6;0.2
72;2021-02-04;476;341;14868;1304;2.7;0.2
72;2021-02-05;514;407;15382;1711;2.7;0.3
72;2021-02-06;83;14;15465;1725;2.8;0.3
72;2021-02-07;19;3;15484;1728;2.8;0.3
72;2021-02-08;310;400;15794;2128;2.8;0.4
72;2021-02-09;489;528;16283;2656;2.9;0.5
72;2021-02-10;565;927;16848;3583;3.0;0.6
72;2021-02-11;861;1343;17709;4926;3.2;0.9
72;2021-02-12;851;594;18560;5520;3.3;1.0
72;2021-02-13;108;38;18668;5558;3.3;1.0
72;2021-02-14;1;22;18669;5580;3.3;1.0
72;2021-02-15;220;496;18889;6076;3.4;1.1
72;2021-02-16;502;1027;19391;7103;3.5;1.3
72;2021-02-17;463;714;19854;7817;3.5;1.4
72;2021-02-18;594;637;20448;8454;3.6;1.5
72;2021-02-19;521;597;20969;9051;3.7;1.6
72;2021-02-20;79;57;21048;9108;3.8;1.6
72;2021-02-21;0;0;21048;9108;3.8;1.6
72;2021-02-22;328;576;21376;9684;3.8;1.7
72;2021-02-23;568;523;21944;10207;3.9;1.8
72;2021-02-24;435;470;22379;10677;4.0;1.9
72;2021-02-25;922;564;23301;11241;4.2;2.0
72;2021-02-26;600;508;23901;11749;4.3;2.1
72;2021-02-27;322;66;24223;11815;4.3;2.1
72;2021-02-28;15;17;24238;11832;4.3;2.1
72;2021-03-01;378;480;24616;12312;4.4;2.2
72;2021-03-02;503;604;25119;12916;4.5;2.3
72;2021-03-03;732;651;25851;13567;4.6;2.4
72;2021-03-04;739;784;26590;14351;4.7;2.6
72;2021-03-05;935;771;27525;15122;4.9;2.7
72;2021-03-06;761;135;28286;15257;5.0;2.7
72;2021-03-07;448;26;28734;15283;5.1;2.7
72;2021-03-08;560;446;29294;15729;5.2;2.8
72;2021-03-09;1046;645;30340;16374;5.4;2.9
72;2021-03-10;1137;658;31477;17032;5.6;3.0
72;2021-03-11;1611;494;33088;17526;5.9;3.1
72;2021-03-12;1364;518;34452;18044;6.1;3.2
72;2021-03-13;983;119;35435;18163;6.3;3.2
72;2021-03-14;14;10;35449;18173;6.3;3.2
72;2021-03-15;1159;224;36608;18397;6.5;3.3
72;2021-03-16;1052;188;37660;18585;6.7;3.3
72;2021-03-17;1035;261;38695;18846;6.9;3.4
72;2021-03-18;1087;368;39782;19214;7.1;3.4
72;2021-03-19;1275;292;41057;19506;7.3;3.5
72;2021-03-20;487;91;41544;19597;7.4;3.5
72;2021-03-21;19;0;41563;19597;7.4;3.5
72;2021-03-22;1347;342;42910;19939;7.7;3.6
72;2021-03-23;1725;480;44635;20419;8.0;3.6
72;2021-03-24;1840;302;46475;20721;8.3;3.7
72;2021-03-25;2445;465;48920;21186;8.7;3.8
72;2021-03-26;2336;373;51256;21559;9.1;3.8
72;2021-03-27;614;30;51870;21589;9.3;3.9
72;2021-03-28;22;0;51892;21589;9.3;3.9
72;2021-03-29;1616;382;53508;21971;9.6;3.9
72;2021-03-30;2496;388;56004;22359;10.0;4.0
72;2021-03-31;2141;366;58145;22725;10.4;4.1
72;2021-04-01;2855;350;61000;23075;10.9;4.1
72;2021-04-02;2249;401;63249;23476;11.3;4.2
72;2021-04-03;292;39;63541;23515;11.3;4.2
72;2021-04-04;14;3;63555;23518;11.3;4.2
72;2021-04-05;51;49;63606;23567;11.4;4.2
72;2021-04-06;1759;469;65365;24036;11.7;4.3
72;2021-04-07;2575;598;67940;24634;12.1;4.4
72;2021-04-08;2724;781;70664;25415;12.6;4.5
72;2021-04-09;3862;584;74526;25999;13.3;4.6
72;2021-04-10;1111;49;75637;26048;13.5;4.6
72;2021-04-11;8;1;75645;26049;13.5;4.6
72;2021-04-12;1850;900;77495;26949;13.8;4.8
72;2021-04-13;2370;1076;79865;28025;14.3;5.0
72;2021-04-14;2250;1096;82115;29121;14.7;5.2
72;2021-04-15;2422;1115;84537;30236;15.1;5.4
72;2021-04-16;2562;962;87099;31198;15.5;5.6
72;2021-04-17;707;144;87806;31342;15.7;5.6
72;2021-04-18;57;2;87863;31344;15.7;5.6
72;2021-04-19;1396;1094;89259;32438;15.9;5.8
72;2021-04-20;2997;1302;92256;33740;16.5;6.0
72;2021-04-21;2517;1564;94773;35304;16.9;6.3
72;2021-04-22;2815;1794;97588;37098;17.4;6.6
72;2021-04-23;3212;1453;100800;38551;18.0;6.9
72;2021-04-24;1400;267;102200;38818;18.2;6.9
72;2021-04-25;881;18;103081;38836;18.4;6.9
72;2021-04-26;3514;1481;106595;40317;19.0;7.2
72;2021-04-27;4091;1862;110686;42179;19.8;7.5
72;2021-04-28;3835;1870;114521;44049;20.4;7.9
72;2021-04-29;4160;1812;118681;45861;21.2;8.2
72;2021-04-30;3615;1712;122296;47573;21.8;8.5
72;2021-05-01;1642;226;123938;47799;22.1;8.5
72;2021-05-02;1533;161;125471;47960;22.4;8.6
72;2021-05-03;3456;1153;128927;49113;23.0;8.8
72;2021-05-04;4012;1801;132939;50914;23.7;9.1
72;2021-05-05;3868;2178;136807;53092;24.4;9.5
72;2021-05-06;3597;1945;140404;55037;25.1;9.8
72;2021-05-07;3545;2146;143949;57183;25.7;10.2
72;2021-05-08;1899;154;145848;57337;26.0;10.2
72;2021-05-09;2082;211;147930;57548;26.4;10.3
72;2021-05-10;3770;1522;151700;59070;27.1;10.5
72;2021-05-11;4598;1993;156298;61063;27.9;10.9
72;2021-05-12;4081;1821;160379;62884;28.6;11.2
72;2021-05-13;3031;272;163410;63156;29.2;11.3
72;2021-05-14;3663;1393;167073;64549;29.8;11.5
72;2021-05-15;3121;366;170194;64915;30.4;11.6
72;2021-05-16;2502;153;172696;65068;30.8;11.6
72;2021-05-17;3724;1286;176420;66354;31.5;11.8
72;2021-05-18;4331;1687;180751;68041;32.3;12.1
72;2021-05-19;3977;1510;184728;69551;33.0;12.4
72;2021-05-20;4262;1452;188990;71003;33.7;12.7
72;2021-05-21;3788;1390;192778;72393;34.4;12.9
72;2021-05-22;2561;506;195339;72899;34.9;13.0
72;2021-05-23;1391;164;196730;73063;35.1;13.0
72;2021-05-24;2353;295;199083;73358;35.5;13.1
72;2021-05-25;4075;1411;203158;74769;36.3;13.3
72;2021-05-26;4096;1414;207254;76183;37.0;13.6
72;2021-05-27;4346;2047;211600;78230;37.8;14.0
72;2021-05-28;4106;2018;215706;80248;38.5;14.3
72;2021-05-29;2668;810;218374;81058;39.0;14.5
72;2021-05-30;1142;870;219516;81928;39.2;14.6
72;2021-05-31;3121;2329;222637;84257;39.7;15.0
72;2021-06-01;3567;2669;226204;86926;40.4;15.5
72;2021-06-02;3613;2782;229817;89708;41.0;16.0
72;2021-06-03;4242;2997;234059;92705;41.8;16.5
72;2021-06-04;3892;2752;237951;95457;42.5;17.0
72;2021-06-05;1440;2568;239391;98025;42.7;17.5
72;2021-06-06;908;1542;240299;99567;42.9;17.8
72;2021-06-07;1746;3422;242045;102989;43.2;18.4
72;2021-06-08;2929;3833;244974;106822;43.7;19.1
72;2021-06-09;2648;3370;247622;110192;44.2;19.7
72;2021-06-10;2826;3316;250448;113508;44.7;20.3
72;2021-06-11;2841;3772;253289;117280;45.2;20.9
72;2021-06-12;1244;2600;254533;119880;45.4;21.4
72;2021-06-13;388;1860;254921;121740;45.5;21.7
72;2021-06-14;1336;4127;256257;125867;45.7;22.5
72;2021-06-15;2755;3513;259012;129380;46.2;23.1
72;2021-06-16;2428;3577;261440;132957;46.7;23.7
72;2021-06-17;2320;3875;263760;136832;47.1;24.4
72;2021-06-18;2308;4312;266068;141144;47.5;25.2
72;2021-06-19;1127;2763;267195;143907;47.7;25.7
72;2021-06-20;339;2057;267534;145964;47.8;26.1
72;2021-06-21;1564;4032;269098;149996;48.0;26.8
72;2021-06-22;1712;4993;270810;154989;48.3;27.7
72;2021-06-23;2006;4220;272816;159209;48.7;28.4
72;2021-06-24;2233;4013;275049;163222;49.1;29.1
72;2021-06-25;1774;4837;276823;168059;49.4;30.0
72;2021-06-26;1190;2879;278013;170938;49.6;30.5
72;2021-06-27;392;2111;278405;173049;49.7;30.9
72;2021-06-28;1440;4293;279845;177342;50.0;31.7
72;2021-06-29;1769;4743;281614;182085;50.3;32.5
72;2021-06-30;1980;4167;283594;186252;50.6;33.2
72;2021-07-01;1950;4415;285544;190667;51.0;34.0
72;2021-07-02;1852;4715;287396;195382;51.3;34.9
72;2021-07-03;1293;3123;288689;198505;51.5;35.4
72;2021-07-04;584;1949;289273;200454;51.6;35.8
72;2021-07-05;1192;4165;290465;204619;51.8;36.5
72;2021-07-06;1462;5163;291927;209782;52.1;37.4
72;2021-07-07;1582;4611;293509;214393;52.4;38.3
72;2021-07-08;1646;4326;295155;218719;52.7;39.0
72;2021-07-09;2106;4607;297261;223326;53.1;39.9
72;2021-07-10;1595;2690;298856;226016;53.3;40.3
72;2021-07-11;949;1587;299805;227603;53.5;40.6
72;2021-07-12;1592;3758;301397;231361;53.8;41.3
72;2021-07-13;2087;4774;303484;236135;54.2;42.1
72;2021-07-14;1327;2366;304811;238501;54.4;42.6
72;2021-07-15;3489;3424;308300;241925;55.0;43.2
72;2021-07-16;3173;4124;311473;246049;55.6;43.9
72;2021-07-17;2644;1759;314117;247808;56.1;44.2
72;2021-07-18;1710;823;315827;248631;56.4;44.4
72;2021-07-19;2919;3506;318746;252137;56.9;45.0
72;2021-07-20;3037;4285;321783;256422;57.4;45.8
72;2021-07-21;2881;3590;324664;260012;58.0;46.4
72;2021-07-22;3766;2916;328430;262928;58.6;46.9
72;2021-07-23;3476;3790;331906;266718;59.2;47.6
72;2021-07-24;2819;1460;334725;268178;59.7;47.9
72;2021-07-25;1451;1079;336176;269257;60.0;48.1
72;2021-07-26;2722;2917;338898;272174;60.5;48.6
72;2021-07-27;3849;3818;342747;275992;61.2;49.3
72;2021-07-28;3567;3120;346314;279112;61.8;49.8
72;2021-07-29;3564;2711;349878;281823;62.5;50.3
72;2021-07-30;3780;3382;353658;285205;63.1;50.9
72;2021-07-31;2547;1744;356205;286949;63.6;51.2
72;2021-08-01;1828;432;358033;287381;63.9;51.3
72;2021-08-02;3211;2285;361244;289666;64.5;51.7
72;2021-08-03;3230;3302;364474;292968;65.1;52.3
72;2021-08-04;3760;2552;368234;295520;65.7;52.8
72;2021-08-05;3764;2458;371998;297978;66.4;53.2
72;2021-08-06;3334;2693;375332;300671;67.0;53.7
72;2021-08-07;2346;1613;377678;302284;67.4;54.0
72;2021-08-08;1618;696;379296;302980;67.7;54.1
72;2021-08-09;2692;2667;381988;305647;68.2;54.6
72;2021-08-10;2912;2748;384900;308395;68.7;55.0
72;2021-08-11;2362;2203;387262;310598;69.1;55.4
72;2021-08-12;2370;2597;389632;313195;69.5;55.9
72;2021-08-13;2136;2287;391768;315482;69.9;56.3
72;2021-08-14;1158;1547;392926;317029;70.1;56.6
72;2021-08-15;622;613;393548;317642;70.2;56.7
72;2021-08-16;1651;2377;395199;320019;70.5;57.1
72;2021-08-17;1710;2887;396909;322906;70.8;57.6
72;2021-08-18;1706;2874;398615;325780;71.2;58.2
72;2021-08-19;1245;2915;399860;328695;71.4;58.7
72;2021-08-20;1647;3170;401507;331865;71.7;59.2
72;2021-08-21;698;2030;402205;333895;71.8;59.6
72;2021-08-22;256;1150;402461;335045;71.8;59.8
72;2021-08-23;1735;3420;404196;338465;72.1;60.4
72;2021-08-24;1522;4125;405718;342590;72.4;61.2
72;2021-08-25;1593;3447;407311;346037;72.7;61.8
72;2021-08-26;1262;4442;408573;350479;72.9;62.6
72;2021-08-27;1185;4105;409758;354584;73.1;63.3
72;2021-08-28;873;2649;410631;357233;73.3;63.8
72;2021-08-29;355;1683;410986;358916;73.4;64.1
72;2021-08-30;1131;3461;412117;362377;73.6;64.7
73;2020-12-27;0;0;0;0;0.0;0.0
73;2020-12-28;1;0;1;0;0.0;0.0
73;2020-12-29;0;0;1;0;0.0;0.0
73;2020-12-30;0;0;1;0;0.0;0.0
73;2020-12-31;0;0;1;0;0.0;0.0
73;2021-01-01;0;0;1;0;0.0;0.0
73;2021-01-02;0;0;1;0;0.0;0.0
73;2021-01-03;0;0;1;0;0.0;0.0
73;2021-01-04;1;0;2;0;0.0;0.0
73;2021-01-05;0;0;2;0;0.0;0.0
73;2021-01-06;1;0;3;0;0.0;0.0
73;2021-01-07;30;0;33;0;0.0;0.0
73;2021-01-08;81;0;114;0;0.0;0.0
73;2021-01-09;0;0;114;0;0.0;0.0
73;2021-01-10;0;0;114;0;0.0;0.0
73;2021-01-11;100;0;214;0;0.0;0.0
73;2021-01-12;303;1;517;1;0.1;0.0
73;2021-01-13;360;1;877;2;0.2;0.0
73;2021-01-14;514;2;1391;4;0.3;0.0
73;2021-01-15;617;1;2008;5;0.5;0.0
73;2021-01-16;128;0;2136;5;0.5;0.0
73;2021-01-17;0;0;2136;5;0.5;0.0
73;2021-01-18;624;0;2760;5;0.6;0.0
73;2021-01-19;1239;2;3999;7;0.9;0.0
73;2021-01-20;951;2;4950;9;1.1;0.0
73;2021-01-21;983;4;5933;13;1.4;0.0
73;2021-01-22;947;0;6880;13;1.6;0.0
73;2021-01-23;387;0;7267;13;1.7;0.0
73;2021-01-24;0;0;7267;13;1.7;0.0
73;2021-01-25;656;6;7923;19;1.8;0.0
73;2021-01-26;761;2;8684;21;2.0;0.0
73;2021-01-27;1105;5;9789;26;2.3;0.0
73;2021-01-28;961;5;10750;31;2.5;0.0
73;2021-01-29;683;5;11433;36;2.6;0.0
73;2021-01-30;345;3;11778;39;2.7;0.0
73;2021-01-31;0;0;11778;39;2.7;0.0
73;2021-02-01;607;41;12385;80;2.9;0.0
73;2021-02-02;752;334;13137;414;3.0;0.1
73;2021-02-03;650;349;13787;763;3.2;0.2
73;2021-02-04;625;234;14412;997;3.3;0.2
73;2021-02-05;680;407;15092;1404;3.5;0.3
73;2021-02-06;261;38;15353;1442;3.5;0.3
73;2021-02-07;1;0;15354;1442;3.5;0.3
73;2021-02-08;522;252;15876;1694;3.7;0.4
73;2021-02-09;793;452;16669;2146;3.9;0.5
73;2021-02-10;899;394;17568;2540;4.1;0.6
73;2021-02-11;960;713;18528;3253;4.3;0.8
73;2021-02-12;810;508;19338;3761;4.5;0.9
73;2021-02-13;263;59;19601;3820;4.5;0.9
73;2021-02-14;1;0;19602;3820;4.5;0.9
73;2021-02-15;347;527;19949;4347;4.6;1.0
73;2021-02-16;453;761;20402;5108;4.7;1.2
73;2021-02-17;451;965;20853;6073;4.8;1.4
73;2021-02-18;469;556;21322;6629;4.9;1.5
73;2021-02-19;445;637;21767;7266;5.0;1.7
73;2021-02-20;69;247;21836;7513;5.0;1.7
73;2021-02-21;0;0;21836;7513;5.0;1.7
73;2021-02-22;240;443;22076;7956;5.1;1.8
73;2021-02-23;326;521;22402;8477;5.2;2.0
73;2021-02-24;487;748;22889;9225;5.3;2.1
73;2021-02-25;503;511;23392;9736;5.4;2.3
73;2021-02-26;730;568;24122;10304;5.6;2.4
73;2021-02-27;330;236;24452;10540;5.7;2.4
73;2021-02-28;1;1;24453;10541;5.7;2.4
73;2021-03-01;557;508;25010;11049;5.8;2.6
73;2021-03-02;668;901;25678;11950;5.9;2.8
73;2021-03-03;642;1193;26320;13143;6.1;3.0
73;2021-03-04;1039;899;27359;14042;6.3;3.2
73;2021-03-05;1240;608;28599;14650;6.6;3.4
73;2021-03-06;1091;335;29690;14985;6.9;3.5
73;2021-03-07;455;93;30145;15078;7.0;3.5
73;2021-03-08;606;426;30751;15504;7.1;3.6
73;2021-03-09;983;536;31734;16040;7.3;3.7
73;2021-03-10;1035;870;32769;16910;7.6;3.9
73;2021-03-11;1556;658;34325;17568;7.9;4.1
73;2021-03-12;2017;534;36342;18102;8.4;4.2
73;2021-03-13;1179;205;37521;18307;8.7;4.2
73;2021-03-14;66;3;37587;18310;8.7;4.2
73;2021-03-15;1185;398;38772;18708;9.0;4.3
73;2021-03-16;796;400;39568;19108;9.1;4.4
73;2021-03-17;877;480;40445;19588;9.4;4.5
73;2021-03-18;1351;257;41796;19845;9.7;4.6
73;2021-03-19;1765;396;43561;20241;10.1;4.7
73;2021-03-20;886;128;44447;20369;10.3;4.7
73;2021-03-21;123;2;44570;20371;10.3;4.7
73;2021-03-22;1183;395;45753;20766;10.6;4.8
73;2021-03-23;1447;237;47200;21003;10.9;4.9
73;2021-03-24;1594;345;48794;21348;11.3;4.9
73;2021-03-25;2062;383;50856;21731;11.8;5.0
73;2021-03-26;2472;365;53328;22096;12.3;5.1
73;2021-03-27;885;145;54213;22241;12.5;5.1
73;2021-03-28;312;14;54525;22255;12.6;5.1
73;2021-03-29;1508;238;56033;22493;13.0;5.2
73;2021-03-30;2088;485;58121;22978;13.4;5.3
73;2021-03-31;2089;402;60210;23380;13.9;5.4
73;2021-04-01;2086;332;62296;23712;14.4;5.5
73;2021-04-02;2361;228;64657;23940;14.9;5.5
73;2021-04-03;848;147;65505;24087;15.1;5.6
73;2021-04-04;188;18;65693;24105;15.2;5.6
73;2021-04-05;212;26;65905;24131;15.2;5.6
73;2021-04-06;1509;507;67414;24638;15.6;5.7
73;2021-04-07;1947;651;69361;25289;16.0;5.8
73;2021-04-08;2491;822;71852;26111;16.6;6.0
73;2021-04-09;3060;523;74912;26634;17.3;6.2
73;2021-04-10;1135;318;76047;26952;17.6;6.2
73;2021-04-11;163;10;76210;26962;17.6;6.2
73;2021-04-12;1694;977;77904;27939;18.0;6.5
73;2021-04-13;1892;1129;79796;29068;18.4;6.7
73;2021-04-14;2018;1091;81814;30159;18.9;7.0
73;2021-04-15;2416;1189;84230;31348;19.5;7.2
73;2021-04-16;1894;930;86124;32278;19.9;7.5
73;2021-04-17;1176;557;87300;32835;20.2;7.6
73;2021-04-18;155;76;87455;32911;20.2;7.6
73;2021-04-19;1382;1060;88837;33971;20.5;7.9
73;2021-04-20;1790;1323;90627;35294;21.0;8.2
73;2021-04-21;1573;1301;92200;36595;21.3;8.5
73;2021-04-22;1813;1225;94013;37820;21.7;8.7
73;2021-04-23;1896;1253;95909;39073;22.2;9.0
73;2021-04-24;980;674;96889;39747;22.4;9.2
73;2021-04-25;79;97;96968;39844;22.4;9.2
73;2021-04-26;1164;1320;98132;41164;22.7;9.5
73;2021-04-27;1441;1471;99573;42635;23.0;9.9
73;2021-04-28;1732;1460;101305;44095;23.4;10.2
73;2021-04-29;2413;1564;103718;45659;24.0;10.6
73;2021-04-30;2396;1441;106114;47100;24.5;10.9
73;2021-05-01;1068;309;107182;47409;24.8;11.0
73;2021-05-02;34;165;107216;47574;24.8;11.0
73;2021-05-03;1392;1594;108608;49168;25.1;11.4
73;2021-05-04;1711;1830;110319;50998;25.5;11.8
73;2021-05-05;1975;1687;112294;52685;26.0;12.2
73;2021-05-06;2430;1700;114724;54385;26.5;12.6
73;2021-05-07;2261;1848;116985;56233;27.0;13.0
73;2021-05-08;1836;377;118821;56610;27.5;13.1
73;2021-05-09;127;125;118948;56735;27.5;13.1
73;2021-05-10;1608;1893;120556;58628;27.9;13.6
73;2021-05-11;2379;2368;122935;60996;28.4;14.1
73;2021-05-12;3555;2095;126490;63091;29.2;14.6
73;2021-05-13;1554;276;128044;63367;29.6;14.6
73;2021-05-14;1588;1494;129632;64861;30.0;15.0
73;2021-05-15;1448;944;131080;65805;30.3;15.2
73;2021-05-16;131;62;131211;65867;30.3;15.2
73;2021-05-17;1710;1952;132921;67819;30.7;15.7
73;2021-05-18;2495;1735;135416;69554;31.3;16.1
73;2021-05-19;2539;1624;137955;71178;31.9;16.5
73;2021-05-20;3162;1502;141117;72680;32.6;16.8
73;2021-05-21;2473;1850;143590;74530;33.2;17.2
73;2021-05-22;1989;922;145579;75452;33.7;17.4
73;2021-05-23;212;14;145791;75466;33.7;17.4
73;2021-05-24;2565;328;148356;75794;34.3;17.5
73;2021-05-25;2138;1741;150494;77535;34.8;17.9
73;2021-05-26;2342;2001;152836;79536;35.3;18.4
73;2021-05-27;3082;1714;155918;81250;36.0;18.8
73;2021-05-28;2919;2375;158837;83625;36.7;19.3
73;2021-05-29;2316;1320;161153;84945;37.3;19.6
73;2021-05-30;187;14;161340;84959;37.3;19.6
73;2021-05-31;2410;1629;163750;86588;37.9;20.0
73;2021-06-01;3178;1791;166928;88379;38.6;20.4
73;2021-06-02;3106;1458;170034;89837;39.3;20.8
73;2021-06-03;4424;1743;174458;91580;40.3;21.2
73;2021-06-04;4277;2184;178735;93764;41.3;21.7
73;2021-06-05;3159;1281;181894;95045;42.1;22.0
73;2021-06-06;1882;298;183776;95343;42.5;22.0
73;2021-06-07;2758;2146;186534;97489;43.1;22.5
73;2021-06-08;2685;1873;189219;99362;43.7;23.0
73;2021-06-09;2365;1790;191584;101152;44.3;23.4
73;2021-06-10;2005;1649;193589;102801;44.8;23.8
73;2021-06-11;2191;2442;195780;105243;45.3;24.3
73;2021-06-12;2246;1332;198026;106575;45.8;24.6
73;2021-06-13;44;82;198070;106657;45.8;24.7
73;2021-06-14;1347;2930;199417;109587;46.1;25.3
73;2021-06-15;1592;2755;201009;112342;46.5;26.0
73;2021-06-16;1467;2569;202476;114911;46.8;26.6
73;2021-06-17;945;1728;203421;116639;47.0;27.0
73;2021-06-18;1883;2932;205304;119571;47.5;27.6
73;2021-06-19;1422;1986;206726;121557;47.8;28.1
73;2021-06-20;448;306;207174;121863;47.9;28.2
73;2021-06-21;1110;2938;208284;124801;48.2;28.9
73;2021-06-22;1093;2871;209377;127672;48.4;29.5
73;2021-06-23;1085;3136;210462;130808;48.7;30.2
73;2021-06-24;883;1795;211345;132603;48.9;30.7
73;2021-06-25;1325;2798;212670;135401;49.2;31.3
73;2021-06-26;967;2396;213637;137797;49.4;31.9
73;2021-06-27;328;549;213965;138346;49.5;32.0
73;2021-06-28;969;3557;214934;141903;49.7;32.8
73;2021-06-29;1075;3338;216009;145241;49.9;33.6
73;2021-06-30;1239;3120;217248;148361;50.2;34.3
73;2021-07-01;1137;2365;218385;150726;50.5;34.8
73;2021-07-02;1206;3618;219591;154344;50.8;35.7
73;2021-07-03;961;2794;220552;157138;51.0;36.3
73;2021-07-04;301;619;220853;157757;51.1;36.5
73;2021-07-05;1156;3684;222009;161441;51.3;37.3
73;2021-07-06;1251;2949;223260;164390;51.6;38.0
73;2021-07-07;1444;2951;224704;167341;51.9;38.7
73;2021-07-08;1369;2300;226073;169641;52.3;39.2
73;2021-07-09;1430;4025;227503;173666;52.6;40.1
73;2021-07-10;890;3011;228393;176677;52.8;40.8
73;2021-07-11;561;1469;228954;178146;52.9;41.2
73;2021-07-12;1060;4197;230014;182343;53.2;42.2
73;2021-07-13;1729;4227;231743;186570;53.6;43.1
73;2021-07-14;1844;1919;233587;188489;54.0;43.6
73;2021-07-15;2747;3793;236334;192282;54.6;44.5
73;2021-07-16;2416;4017;238750;196299;55.2;45.4
73;2021-07-17;1513;2606;240263;198905;55.5;46.0
73;2021-07-18;1176;1217;241439;200122;55.8;46.3
73;2021-07-19;2450;3246;243889;203368;56.4;47.0
73;2021-07-20;3368;2858;247257;206226;57.2;47.7
73;2021-07-21;3382;2788;250639;209014;57.9;48.3
73;2021-07-22;2731;2213;253370;211227;58.6;48.8
73;2021-07-23;3414;2901;256784;214128;59.4;49.5
73;2021-07-24;2057;2277;258841;216405;59.8;50.0
73;2021-07-25;624;795;259465;217200;60.0;50.2
73;2021-07-26;2631;2492;262096;219692;60.6;50.8
73;2021-07-27;3812;2274;265908;221966;61.5;51.3
73;2021-07-28;3534;2092;269442;224058;62.3;51.8
73;2021-07-29;3978;2151;273420;226209;63.2;52.3
73;2021-07-30;3560;2471;276980;228680;64.0;52.9
73;2021-07-31;2476;1591;279456;230271;64.6;53.2
73;2021-08-01;833;621;280289;230892;64.8;53.4
73;2021-08-02;3089;2104;283378;232996;65.5;53.9
73;2021-08-03;3484;1998;286862;234994;66.3;54.3
73;2021-08-04;3296;2021;290158;237015;67.1;54.8
73;2021-08-05;2867;2230;293025;239245;67.7;55.3
73;2021-08-06;2507;2381;295532;241626;68.3;55.9
73;2021-08-07;1398;1484;296930;243110;68.6;56.2
73;2021-08-08;426;619;297356;243729;68.7;56.3
73;2021-08-09;1772;2391;299128;246120;69.2;56.9
73;2021-08-10;1864;2490;300992;248610;69.6;57.5
73;2021-08-11;1795;2535;302787;251145;70.0;58.1
73;2021-08-12;1665;2502;304452;253647;70.4;58.6
73;2021-08-13;1441;2841;305893;256488;70.7;59.3
73;2021-08-14;981;1530;306874;258018;70.9;59.7
73;2021-08-15;92;160;306966;258178;71.0;59.7
73;2021-08-16;934;1396;307900;259574;71.2;60.0
73;2021-08-17;951;1961;308851;261535;71.4;60.5
73;2021-08-18;936;2835;309787;264370;71.6;61.1
73;2021-08-19;953;3051;310740;267421;71.8;61.8
73;2021-08-20;785;3143;311525;270564;72.0;62.6
73;2021-08-21;412;1833;311937;272397;72.1;63.0
73;2021-08-22;268;935;312205;273332;72.2;63.2
73;2021-08-23;650;2966;312855;276298;72.3;63.9
73;2021-08-24;891;3152;313746;279450;72.5;64.6
73;2021-08-25;707;2902;314453;282352;72.7;65.3
73;2021-08-26;678;2420;315131;284772;72.9;65.8
73;2021-08-27;785;2743;315916;287515;73.0;66.5
73;2021-08-28;453;1739;316369;289254;73.1;66.9
73;2021-08-29;300;1012;316669;290266;73.2;67.1
73;2021-08-30;812;2582;317481;292848;73.4;67.7
74;2020-12-27;4;0;4;0;0.0;0.0
74;2020-12-28;2;0;6;0;0.0;0.0
74;2020-12-29;0;0;6;0;0.0;0.0
74;2020-12-30;0;0;6;0;0.0;0.0
74;2020-12-31;0;0;6;0;0.0;0.0
74;2021-01-01;0;0;6;0;0.0;0.0
74;2021-01-02;1;1;7;1;0.0;0.0
74;2021-01-03;0;0;7;1;0.0;0.0
74;2021-01-04;1;0;8;1;0.0;0.0
74;2021-01-05;2;0;10;1;0.0;0.0
74;2021-01-06;44;0;54;1;0.0;0.0
74;2021-01-07;219;1;273;2;0.0;0.0
74;2021-01-08;291;2;564;4;0.1;0.0
74;2021-01-09;78;0;642;4;0.1;0.0
74;2021-01-10;74;0;716;4;0.1;0.0
74;2021-01-11;374;0;1090;4;0.1;0.0
74;2021-01-12;405;3;1495;7;0.2;0.0
74;2021-01-13;396;0;1891;7;0.2;0.0
74;2021-01-14;476;1;2367;8;0.3;0.0
74;2021-01-15;644;4;3011;12;0.4;0.0
74;2021-01-16;252;1;3263;13;0.4;0.0
74;2021-01-17;131;1;3394;14;0.4;0.0
74;2021-01-18;521;0;3915;14;0.5;0.0
74;2021-01-19;808;2;4723;16;0.6;0.0
74;2021-01-20;1277;4;6000;20;0.7;0.0
74;2021-01-21;1567;2;7567;22;0.9;0.0
74;2021-01-22;1242;6;8809;28;1.1;0.0
74;2021-01-23;344;1;9153;29;1.1;0.0
74;2021-01-24;90;0;9243;29;1.1;0.0
74;2021-01-25;797;2;10040;31;1.2;0.0
74;2021-01-26;1362;14;11402;45;1.4;0.0
74;2021-01-27;1081;11;12483;56;1.5;0.0
74;2021-01-28;999;29;13482;85;1.6;0.0
74;2021-01-29;879;42;14361;127;1.7;0.0
74;2021-01-30;305;1;14666;128;1.8;0.0
74;2021-01-31;84;1;14750;129;1.8;0.0
74;2021-02-01;630;44;15380;173;1.9;0.0
74;2021-02-02;645;154;16025;327;1.9;0.0
74;2021-02-03;604;121;16629;448;2.0;0.1
74;2021-02-04;613;135;17242;583;2.1;0.1
74;2021-02-05;548;222;17790;805;2.1;0.1
74;2021-02-06;272;133;18062;938;2.2;0.1
74;2021-02-07;94;122;18156;1060;2.2;0.1
74;2021-02-08;618;347;18774;1407;2.3;0.2
74;2021-02-09;537;531;19311;1938;2.3;0.2
74;2021-02-10;688;516;19999;2454;2.4;0.3
74;2021-02-11;1068;1012;21067;3466;2.5;0.4
74;2021-02-12;911;613;21978;4079;2.7;0.5
74;2021-02-13;405;238;22383;4317;2.7;0.5
74;2021-02-14;316;111;22699;4428;2.7;0.5
74;2021-02-15;275;837;22974;5265;2.8;0.6
74;2021-02-16;487;1055;23461;6320;2.8;0.8
74;2021-02-17;530;1100;23991;7420;2.9;0.9
74;2021-02-18;470;986;24461;8406;3.0;1.0
74;2021-02-19;617;655;25078;9061;3.0;1.1
74;2021-02-20;114;187;25192;9248;3.0;1.1
74;2021-02-21;47;61;25239;9309;3.0;1.1
74;2021-02-22;319;779;25558;10088;3.1;1.2
74;2021-02-23;303;818;25861;10906;3.1;1.3
74;2021-02-24;240;678;26101;11584;3.2;1.4
74;2021-02-25;521;745;26622;12329;3.2;1.5
74;2021-02-26;973;702;27595;13031;3.3;1.6
74;2021-02-27;254;180;27849;13211;3.4;1.6
74;2021-02-28;125;71;27974;13282;3.4;1.6
74;2021-03-01;721;634;28695;13916;3.5;1.7
74;2021-03-02;1091;688;29786;14604;3.6;1.8
74;2021-03-03;1017;636;30803;15240;3.7;1.8
74;2021-03-04;1611;1020;32414;16260;3.9;2.0
74;2021-03-05;2089;896;34503;17156;4.2;2.1
74;2021-03-06;1759;324;36262;17480;4.4;2.1
74;2021-03-07;1386;108;37648;17588;4.5;2.1
74;2021-03-08;1197;960;38845;18548;4.7;2.2
74;2021-03-09;1951;668;40796;19216;4.9;2.3
74;2021-03-10;1747;911;42543;20127;5.1;2.4
74;2021-03-11;2446;727;44989;20854;5.4;2.5
74;2021-03-12;3243;1023;48232;21877;5.8;2.6
74;2021-03-13;2000;281;50232;22158;6.1;2.7
74;2021-03-14;608;103;50840;22261;6.1;2.7
74;2021-03-15;2127;562;52967;22823;6.4;2.8
74;2021-03-16;1959;415;54926;23238;6.6;2.8
74;2021-03-17;1973;321;56899;23559;6.9;2.8
74;2021-03-18;2134;290;59033;23849;7.1;2.9
74;2021-03-19;2633;297;61666;24146;7.4;2.9
74;2021-03-20;1374;102;63040;24248;7.6;2.9
74;2021-03-21;289;32;63329;24280;7.6;2.9
74;2021-03-22;2053;330;65382;24610;7.9;3.0
74;2021-03-23;2720;335;68102;24945;8.2;3.0
74;2021-03-24;2945;304;71047;25249;8.6;3.0
74;2021-03-25;3871;307;74918;25556;9.0;3.1
74;2021-03-26;4093;385;79011;25941;9.5;3.1
74;2021-03-27;1940;262;80951;26203;9.8;3.2
74;2021-03-28;437;78;81388;26281;9.8;3.2
74;2021-03-29;3031;719;84419;27000;10.2;3.3
74;2021-03-30;3542;775;87961;27775;10.6;3.4
74;2021-03-31;3143;733;91104;28508;11.0;3.4
74;2021-04-01;4236;899;95340;29407;11.5;3.5
74;2021-04-02;3703;789;99043;30196;12.0;3.6
74;2021-04-03;1697;542;100740;30738;12.2;3.7
74;2021-04-04;236;122;100976;30860;12.2;3.7
74;2021-04-05;432;16;101408;30876;12.2;3.7
74;2021-04-06;2625;1216;104033;32092;12.6;3.9
74;2021-04-07;3193;1251;107226;33343;12.9;4.0
74;2021-04-08;3864;1187;111090;34530;13.4;4.2
74;2021-04-09;4105;1179;115195;35709;13.9;4.3
74;2021-04-10;1946;1036;117141;36745;14.1;4.4
74;2021-04-11;254;184;117395;36929;14.2;4.5
74;2021-04-12;2721;1779;120116;38708;14.5;4.7
74;2021-04-13;3124;2103;123240;40811;14.9;4.9
74;2021-04-14;2901;1977;126141;42788;15.2;5.2
74;2021-04-15;3456;1916;129597;44704;15.6;5.4
74;2021-04-16;3385;1785;132982;46489;16.1;5.6
74;2021-04-17;1936;1038;134918;47527;16.3;5.7
74;2021-04-18;218;209;135136;47736;16.3;5.8
74;2021-04-19;2098;2102;137234;49838;16.6;6.0
74;2021-04-20;3069;2428;140303;52266;16.9;6.3
74;2021-04-21;2465;2379;142768;54645;17.2;6.6
74;2021-04-22;2629;2337;145397;56982;17.6;6.9
74;2021-04-23;2567;2253;147964;59235;17.9;7.2
74;2021-04-24;1485;1543;149449;60778;18.0;7.3
74;2021-04-25;227;150;149676;60928;18.1;7.4
74;2021-04-26;2395;2465;152071;63393;18.4;7.7
74;2021-04-27;3274;2912;155345;66305;18.8;8.0
74;2021-04-28;3462;2637;158807;68942;19.2;8.3
74;2021-04-29;3913;2697;162720;71639;19.6;8.6
74;2021-04-30;4075;2228;166795;73867;20.1;8.9
74;2021-05-01;2121;389;168916;74256;20.4;9.0
74;2021-05-02;205;235;169121;74491;20.4;9.0
74;2021-05-03;2593;3020;171714;77511;20.7;9.4
74;2021-05-04;3219;3108;174933;80619;21.1;9.7
74;2021-05-05;3392;3017;178325;83636;21.5;10.1
74;2021-05-06;3859;2635;182184;86271;22.0;10.4
74;2021-05-07;3595;3554;185779;89825;22.4;10.8
74;2021-05-08;1147;825;186926;90650;22.6;10.9
74;2021-05-09;194;248;187120;90898;22.6;11.0
74;2021-05-10;3469;3146;190589;94044;23.0;11.4
74;2021-05-11;4318;3426;194907;97470;23.5;11.8
74;2021-05-12;5305;2967;200212;100437;24.2;12.1
74;2021-05-13;2362;950;202574;101387;24.5;12.2
74;2021-05-14;5953;2408;208527;103795;25.2;12.5
74;2021-05-15;4517;1853;213044;105648;25.7;12.8
74;2021-05-16;3009;334;216053;105982;26.1;12.8
74;2021-05-17;5398;2890;221451;108872;26.7;13.1
74;2021-05-18;6789;2812;228240;111684;27.6;13.5
74;2021-05-19;6233;2297;234473;113981;28.3;13.8
74;2021-05-20;6644;2556;241117;116537;29.1;14.1
74;2021-05-21;6525;2993;247642;119530;29.9;14.4
74;2021-05-22;5294;1566;252936;121096;30.5;14.6
74;2021-05-23;2052;282;254988;121378;30.8;14.7
74;2021-05-24;2363;662;257351;122040;31.1;14.7
74;2021-05-25;5070;3334;262421;125374;31.7;15.1
74;2021-05-26;5255;2567;267676;127941;32.3;15.4
74;2021-05-27;6003;2982;273679;130923;33.0;15.8
74;2021-05-28;5659;3587;279338;134510;33.7;16.2
74;2021-05-29;3799;2154;283137;136664;34.2;16.5
74;2021-05-30;488;309;283625;136973;34.2;16.5
74;2021-05-31;5070;3555;288695;140528;34.8;17.0
74;2021-06-01;4936;3730;293631;144258;35.4;17.4
74;2021-06-02;5271;3209;298902;147467;36.1;17.8
74;2021-06-03;6897;3254;305799;150721;36.9;18.2
74;2021-06-04;6913;4433;312712;155154;37.7;18.7
74;2021-06-05;4611;2707;317323;157861;38.3;19.1
74;2021-06-06;123;112;317446;157973;38.3;19.1
74;2021-06-07;5032;4150;322478;162123;38.9;19.6
74;2021-06-08;5028;3948;327506;166071;39.5;20.0
74;2021-06-09;5080;3486;332586;169557;40.1;20.5
74;2021-06-10;5126;2877;337712;172434;40.8;20.8
74;2021-06-11;5214;3814;342926;176248;41.4;21.3
74;2021-06-12;3573;2388;346499;178636;41.8;21.6
74;2021-06-13;120;89;346619;178725;41.8;21.6
74;2021-06-14;3599;4483;350218;183208;42.3;22.1
74;2021-06-15;3669;3897;353887;187105;42.7;22.6
74;2021-06-16;4828;3125;358715;190230;43.3;23.0
74;2021-06-17;3820;2956;362535;193186;43.8;23.3
74;2021-06-18;4116;4666;366651;197852;44.3;23.9
74;2021-06-19;2997;3101;369648;200953;44.6;24.3
74;2021-06-20;125;97;369773;201050;44.6;24.3
74;2021-06-21;2387;5422;372160;206472;44.9;24.9
74;2021-06-22;2492;5316;374652;211788;45.2;25.6
74;2021-06-23;2977;4620;377629;216408;45.6;26.1
74;2021-06-24;2864;4627;380493;221035;45.9;26.7
74;2021-06-25;2930;6768;383423;227803;46.3;27.5
74;2021-06-26;1709;5400;385132;233203;46.5;28.2
74;2021-06-27;65;1663;385197;234866;46.5;28.4
74;2021-06-28;1916;7219;387113;242085;46.7;29.2
74;2021-06-29;2302;7427;389415;249512;47.0;30.1
74;2021-06-30;2747;6543;392162;256055;47.3;30.9
74;2021-07-01;3423;5424;395585;261479;47.8;31.6
74;2021-07-02;3018;6639;398603;268118;48.1;32.4
74;2021-07-03;1699;5083;400302;273201;48.3;33.0
74;2021-07-04;82;1022;400384;274223;48.3;33.1
74;2021-07-05;2070;6839;402454;281062;48.6;33.9
74;2021-07-06;2803;6494;405257;287556;48.9;34.7
74;2021-07-07;3097;5449;408354;293005;49.3;35.4
74;2021-07-08;3860;4914;412214;297919;49.8;36.0
74;2021-07-09;2672;6979;414886;304898;50.1;36.8
74;2021-07-10;1623;5131;416509;310029;50.3;37.4
74;2021-07-11;76;142;416585;310171;50.3;37.4
74;2021-07-12;2092;7897;418677;318068;50.5;38.4
74;2021-07-13;3966;7587;422643;325655;51.0;39.3
74;2021-07-14;1967;2238;424610;327893;51.3;39.6
74;2021-07-15;3591;6869;428201;334762;51.7;40.4
74;2021-07-16;4243;7744;432444;342506;52.2;41.3
74;2021-07-17;3003;5329;435447;347835;52.6;42.0
74;2021-07-18;155;155;435602;347990;52.6;42.0
74;2021-07-19;4288;7350;439890;355340;53.1;42.9
74;2021-07-20;5868;6468;445758;361808;53.8;43.7
74;2021-07-21;5626;6671;451384;368479;54.5;44.5
74;2021-07-22;4771;5325;456155;373804;55.1;45.1
74;2021-07-23;6221;6983;462376;380787;55.8;46.0
74;2021-07-24;3152;4315;465528;385102;56.2;46.5
74;2021-07-25;161;172;465689;385274;56.2;46.5
74;2021-07-26;5616;6130;471305;391404;56.9;47.2
74;2021-07-27;6831;5173;478136;396577;57.7;47.9
74;2021-07-28;6531;5103;484667;401680;58.5;48.5
74;2021-07-29;5270;3927;489937;405607;59.1;49.0
74;2021-07-30;6673;5499;496610;411106;59.9;49.6
74;2021-07-31;4368;3120;500978;414226;60.5;50.0
74;2021-08-01;180;148;501158;414374;60.5;50.0
74;2021-08-02;5917;4401;507075;418775;61.2;50.6
74;2021-08-03;5919;3855;512994;422630;61.9;51.0
74;2021-08-04;6255;3502;519249;426132;62.7;51.4
74;2021-08-05;4898;3267;524147;429399;63.3;51.8
74;2021-08-06;4981;4176;529128;433575;63.9;52.3
74;2021-08-07;3198;2895;532326;436470;64.3;52.7
74;2021-08-08;152;134;532478;436604;64.3;52.7
74;2021-08-09;4903;4822;537381;441426;64.9;53.3
74;2021-08-10;4869;4673;542250;446099;65.5;53.9
74;2021-08-11;4283;4892;546533;450991;66.0;54.4
74;2021-08-12;3551;3608;550084;454599;66.4;54.9
74;2021-08-13;3625;4607;553709;459206;66.8;55.4
74;2021-08-14;2157;3341;555866;462547;67.1;55.8
74;2021-08-15;59;101;555925;462648;67.1;55.8
74;2021-08-16;3142;5860;559067;468508;67.5;56.6
74;2021-08-17;2967;5484;562034;473992;67.8;57.2
74;2021-08-18;2940;5442;564974;479434;68.2;57.9
74;2021-08-19;2316;3894;567290;483328;68.5;58.3
74;2021-08-20;2504;5685;569794;489013;68.8;59.0
74;2021-08-21;1193;4266;570987;493279;68.9;59.5
74;2021-08-22;56;136;571043;493415;68.9;59.6
74;2021-08-23;1908;6686;572951;500101;69.2;60.4
74;2021-08-24;2073;5930;575024;506031;69.4;61.1
74;2021-08-25;1883;6286;576907;512317;69.6;61.8
74;2021-08-26;1516;3778;578423;516095;69.8;62.3
74;2021-08-27;1807;5496;580230;521591;70.0;63.0
74;2021-08-28;893;4024;581123;525615;70.1;63.4
74;2021-08-29;53;183;581176;525798;70.2;63.5
74;2021-08-30;1682;5468;582858;531266;70.4;64.1
75;2020-12-27;55;1;55;1;0.0;0.0
75;2020-12-28;55;0;110;1;0.0;0.0
75;2020-12-29;24;0;134;1;0.0;0.0
75;2020-12-30;79;0;213;1;0.0;0.0
75;2020-12-31;35;0;248;1;0.0;0.0
75;2021-01-01;52;3;300;4;0.0;0.0
75;2021-01-02;61;1;361;5;0.0;0.0
75;2021-01-03;99;1;460;6;0.0;0.0
75;2021-01-04;302;1;762;7;0.0;0.0
75;2021-01-05;873;12;1635;19;0.1;0.0
75;2021-01-06;1359;16;2994;35;0.1;0.0
75;2021-01-07;2060;18;5054;53;0.2;0.0
75;2021-01-08;2870;31;7924;84;0.4;0.0
75;2021-01-09;1096;2;9020;86;0.4;0.0
75;2021-01-10;1097;4;10117;90;0.5;0.0
75;2021-01-11;3082;47;13199;137;0.6;0.0
75;2021-01-12;3480;53;16679;190;0.8;0.0
75;2021-01-13;3558;42;20237;232;0.9;0.0
75;2021-01-14;3727;63;23964;295;1.1;0.0
75;2021-01-15;3314;46;27278;341;1.3;0.0
75;2021-01-16;1134;16;28412;357;1.3;0.0
75;2021-01-17;555;14;28967;371;1.3;0.0
75;2021-01-18;3270;73;32237;444;1.5;0.0
75;2021-01-19;3853;48;36090;492;1.7;0.0
75;2021-01-20;4410;63;40500;555;1.9;0.0
75;2021-01-21;4913;78;45413;633;2.1;0.0
75;2021-01-22;4581;81;49994;714;2.3;0.0
75;2021-01-23;1757;15;51751;729;2.4;0.0
75;2021-01-24;748;7;52499;736;2.4;0.0
75;2021-01-25;1718;27;54217;763;2.5;0.0
75;2021-01-26;2547;88;56764;851;2.6;0.0
75;2021-01-27;3150;171;59914;1022;2.8;0.0
75;2021-01-28;4772;257;64686;1279;3.0;0.1
75;2021-01-29;4049;266;68735;1545;3.2;0.1
75;2021-01-30;1354;30;70089;1575;3.3;0.1
75;2021-01-31;221;3;70310;1578;3.3;0.1
75;2021-02-01;1617;378;71927;1956;3.3;0.1
75;2021-02-02;2133;644;74060;2600;3.4;0.1
75;2021-02-03;1877;683;75937;3283;3.5;0.2
75;2021-02-04;2138;1117;78075;4400;3.6;0.2
75;2021-02-05;2210;859;80285;5259;3.7;0.2
75;2021-02-06;1107;90;81392;5349;3.8;0.2
75;2021-02-07;175;6;81567;5355;3.8;0.2
75;2021-02-08;1256;1458;82823;6813;3.9;0.3
75;2021-02-09;1784;2366;84607;9179;3.9;0.4
75;2021-02-10;2416;2384;87023;11563;4.1;0.5
75;2021-02-11;2933;6229;89956;17792;4.2;0.8
75;2021-02-12;3121;2391;93077;20183;4.3;0.9
75;2021-02-13;849;1029;93926;21212;4.4;1.0
75;2021-02-14;206;41;94132;21253;4.4;1.0
75;2021-02-15;1001;2420;95133;23673;4.4;1.1
75;2021-02-16;1445;6448;96578;30121;4.5;1.4
75;2021-02-17;1324;3192;97902;33313;4.6;1.6
75;2021-02-18;1759;5766;99661;39079;4.6;1.8
75;2021-02-19;2215;4094;101876;43173;4.7;2.0
75;2021-02-20;475;1663;102351;44836;4.8;2.1
75;2021-02-21;193;160;102544;44996;4.8;2.1
75;2021-02-22;1219;1911;103763;46907;4.8;2.2
75;2021-02-23;1446;2687;105209;49594;4.9;2.3
75;2021-02-24;1689;2315;106898;51909;5.0;2.4
75;2021-02-25;2767;5261;109665;57170;5.1;2.7
75;2021-02-26;3368;2693;113033;59863;5.3;2.8
75;2021-02-27;1399;928;114432;60791;5.3;2.8
75;2021-02-28;322;141;114754;60932;5.3;2.8
75;2021-03-01;2590;1674;117344;62606;5.5;2.9
75;2021-03-02;4171;2202;121515;64808;5.7;3.0
75;2021-03-03;5420;2349;126935;67157;5.9;3.1
75;2021-03-04;8040;2603;134975;69760;6.3;3.2
75;2021-03-05;10554;2761;145529;72521;6.8;3.4
75;2021-03-06;11072;1112;156601;73633;7.3;3.4
75;2021-03-07;9502;1532;166103;75165;7.7;3.5
75;2021-03-08;5891;1572;171994;76737;8.0;3.6
75;2021-03-09;7511;2144;179505;78881;8.4;3.7
75;2021-03-10;7495;2144;187000;81025;8.7;3.8
75;2021-03-11;10331;2555;197331;83580;9.2;3.9
75;2021-03-12;12060;2591;209391;86171;9.7;4.0
75;2021-03-13;8543;786;217934;86957;10.1;4.0
75;2021-03-14;4166;256;222100;87213;10.3;4.1
75;2021-03-15;7452;991;229552;88204;10.7;4.1
75;2021-03-16;5145;695;234697;88899;10.9;4.1
75;2021-03-17;5425;849;240122;89748;11.2;4.2
75;2021-03-18;6612;886;246734;90634;11.5;4.2
75;2021-03-19;9742;1005;256476;91639;11.9;4.3
75;2021-03-20;5936;613;262412;92252;12.2;4.3
75;2021-03-21;1589;434;264001;92686;12.3;4.3
75;2021-03-22;8640;1031;272641;93717;12.7;4.4
75;2021-03-23;10946;1274;283587;94991;13.2;4.4
75;2021-03-24;10990;1339;294577;96330;13.7;4.5
75;2021-03-25;14201;1554;308778;97884;14.4;4.6
75;2021-03-26;13964;1710;322742;99594;15.0;4.6
75;2021-03-27;7274;783;330016;100377;15.4;4.7
75;2021-03-28;1776;152;331792;100529;15.4;4.7
75;2021-03-29;7965;2215;339757;102744;15.8;4.8
75;2021-03-30;10931;3252;350688;105996;16.3;4.9
75;2021-03-31;9733;3619;360421;109615;16.8;5.1
75;2021-04-01;10679;5217;371100;114832;17.3;5.3
75;2021-04-02;9040;5588;380140;120420;17.7;5.6
75;2021-04-03;4110;4900;384250;125320;17.9;5.8
75;2021-04-04;1413;1491;385663;126811;18.0;5.9
75;2021-04-05;2240;1429;387903;128240;18.1;6.0
75;2021-04-06;6891;4310;394794;132550;18.4;6.2
75;2021-04-07;8074;4419;402868;136969;18.8;6.4
75;2021-04-08;11070;4177;413938;141146;19.3;6.6
75;2021-04-09;12197;4632;426135;145778;19.8;6.8
75;2021-04-10;5830;4273;431965;150051;20.1;7.0
75;2021-04-11;1932;1793;433897;151844;20.2;7.1
75;2021-04-12;7474;3794;441371;155638;20.5;7.2
75;2021-04-13;8559;6841;449930;162479;20.9;7.6
75;2021-04-14;8281;5225;458211;167704;21.3;7.8
75;2021-04-15;8893;6134;467104;173838;21.7;8.1
75;2021-04-16;9378;6114;476482;179952;22.2;8.4
75;2021-04-17;4816;3649;481298;183601;22.4;8.5
75;2021-04-18;1663;878;482961;184479;22.5;8.6
75;2021-04-19;5573;4950;488534;189429;22.7;8.8
75;2021-04-20;6457;5962;494991;195391;23.0;9.1
75;2021-04-21;6863;5576;501854;200967;23.4;9.4
75;2021-04-22;7538;5919;509392;206886;23.7;9.6
75;2021-04-23;8579;6374;517971;213260;24.1;9.9
75;2021-04-24;6167;3352;524138;216612;24.4;10.1
75;2021-04-25;2962;761;527100;217373;24.5;10.1
75;2021-04-26;7027;4724;534127;222097;24.9;10.3
75;2021-04-27;10589;6427;544716;228524;25.4;10.6
75;2021-04-28;12194;6030;556910;234554;25.9;10.9
75;2021-04-29;13752;6343;570662;240897;26.6;11.2
75;2021-04-30;13662;6186;584324;247083;27.2;11.5
75;2021-05-01;5073;1326;589397;248409;27.4;11.6
75;2021-05-02;2380;795;591777;249204;27.5;11.6
75;2021-05-03;10280;13496;602057;262700;28.0;12.2
75;2021-05-04;11176;8080;613233;270780;28.5;12.6
75;2021-05-05;13555;6714;626788;277494;29.2;12.9
75;2021-05-06;13994;8197;640782;285691;29.8;13.3
75;2021-05-07;13970;8592;654752;294283;30.5;13.7
75;2021-05-08;10079;5518;664831;299801;30.9;14.0
75;2021-05-09;3816;3193;668647;302994;31.1;14.1
75;2021-05-10;14295;6730;682942;309724;31.8;14.4
75;2021-05-11;16839;8422;699781;318146;32.6;14.8
75;2021-05-12;17957;8164;717738;326310;33.4;15.2
75;2021-05-13;13633;2506;731371;328816;34.0;15.3
75;2021-05-14;18386;5146;749757;333962;34.9;15.5
75;2021-05-15;12310;2650;762067;336612;35.5;15.7
75;2021-05-16;3850;762;765917;337374;35.7;15.7
75;2021-05-17;15999;4656;781916;342030;36.4;15.9
75;2021-05-18;19152;5333;801068;347363;37.3;16.2
75;2021-05-19;20718;10733;821786;358096;38.3;16.7
75;2021-05-20;21581;8678;843367;366774;39.3;17.1
75;2021-05-21;21028;6556;864395;373330;40.2;17.4
75;2021-05-22;15921;3316;880316;376646;41.0;17.5
75;2021-05-23;5632;1340;885948;377986;41.2;17.6
75;2021-05-24;15637;2566;901585;380552;42.0;17.7
75;2021-05-25;18024;9595;919609;390147;42.8;18.2
75;2021-05-26;18878;8223;938487;398370;43.7;18.5
75;2021-05-27;20140;9820;958627;408190;44.6;19.0
75;2021-05-28;19343;10871;977970;419061;45.5;19.5
75;2021-05-29;16122;5854;994092;424915;46.3;19.8
75;2021-05-30;7037;2162;1001129;427077;46.6;19.9
75;2021-05-31;18102;9463;1019231;436540;47.4;20.3
75;2021-06-01;18679;12986;1037910;449526;48.3;20.9
75;2021-06-02;18116;10308;1056026;459834;49.2;21.4
75;2021-06-03;20256;11981;1076282;471815;50.1;22.0
75;2021-06-04;18121;12866;1094403;484681;50.9;22.6
75;2021-06-05;11989;9628;1106392;494309;51.5;23.0
75;2021-06-06;6726;3157;1113118;497466;51.8;23.2
75;2021-06-07;13904;11843;1127022;509309;52.5;23.7
75;2021-06-08;14807;13985;1141829;523294;53.2;24.4
75;2021-06-09;16512;15259;1158341;538553;53.9;25.1
75;2021-06-10;18370;26323;1176711;564876;54.8;26.3
75;2021-06-11;15321;16478;1192032;581354;55.5;27.1
75;2021-06-12;13288;10001;1205320;591355;56.1;27.5
75;2021-06-13;6275;3798;1211595;595153;56.4;27.7
75;2021-06-14;11837;15427;1223432;610580;56.9;28.4
75;2021-06-15;12745;19563;1236177;630143;57.5;29.3
75;2021-06-16;12207;17252;1248384;647395;58.1;30.1
75;2021-06-17;12655;17693;1261039;665088;58.7;31.0
75;2021-06-18;11285;22628;1272324;687716;59.2;32.0
75;2021-06-19;7532;11830;1279856;699546;59.6;32.6
75;2021-06-20;2818;5485;1282674;705031;59.7;32.8
75;2021-06-21;8509;16345;1291183;721376;60.1;33.6
75;2021-06-22;8803;21812;1299986;743188;60.5;34.6
75;2021-06-23;10303;21439;1310289;764627;61.0;35.6
75;2021-06-24;11306;20650;1321595;785277;61.5;36.6
75;2021-06-25;9868;24703;1331463;809980;62.0;37.7
75;2021-06-26;7946;15426;1339409;825406;62.3;38.4
75;2021-06-27;2699;6330;1342108;831736;62.5;38.7
75;2021-06-28;8473;20157;1350581;851893;62.9;39.7
75;2021-06-29;9340;23851;1359921;875744;63.3;40.8
75;2021-06-30;10197;23629;1370118;899373;63.8;41.9
75;2021-07-01;11413;23525;1381531;922898;64.3;43.0
75;2021-07-02;10865;24789;1392396;947687;64.8;44.1
75;2021-07-03;7819;19816;1400215;967503;65.2;45.0
75;2021-07-04;3908;9556;1404123;977059;65.4;45.5
75;2021-07-05;9299;21583;1413422;998642;65.8;46.5
75;2021-07-06;10145;24019;1423567;1022661;66.3;47.6
75;2021-07-07;10118;25100;1433685;1047761;66.7;48.8
75;2021-07-08;10639;25020;1444324;1072781;67.2;49.9
75;2021-07-09;10759;24040;1455083;1096821;67.7;51.1
75;2021-07-10;7933;18513;1463016;1115334;68.1;51.9
75;2021-07-11;4347;8534;1467363;1123868;68.3;52.3
75;2021-07-12;9790;23098;1477153;1146966;68.8;53.4
75;2021-07-13;14304;24831;1491457;1171797;69.4;54.5
75;2021-07-14;8267;9723;1499724;1181520;69.8;55.0
75;2021-07-15;15225;25680;1514949;1207200;70.5;56.2
75;2021-07-16;15697;22164;1530646;1229364;71.3;57.2
75;2021-07-17;11615;16902;1542261;1246266;71.8;58.0
75;2021-07-18;6278;6833;1548539;1253099;72.1;58.3
75;2021-07-19;14341;21314;1562880;1274413;72.8;59.3
75;2021-07-20;16041;21889;1578921;1296302;73.5;60.3
75;2021-07-21;15664;20728;1594585;1317030;74.2;61.3
75;2021-07-22;17115;20092;1611700;1337122;75.0;62.2
75;2021-07-23;16996;19109;1628696;1356231;75.8;63.1
75;2021-07-24;11179;14072;1639875;1370303;76.3;63.8
75;2021-07-25;5005;5081;1644880;1375384;76.6;64.0
75;2021-07-26;15149;16885;1660029;1392269;77.3;64.8
75;2021-07-27;18075;16655;1678104;1408924;78.1;65.6
75;2021-07-28;17084;15479;1695188;1424403;78.9;66.3
75;2021-07-29;16715;15080;1711903;1439483;79.7;67.0
75;2021-07-30;16230;14309;1728133;1453792;80.4;67.7
75;2021-07-31;9319;9856;1737452;1463648;80.9;68.1
75;2021-08-01;3531;3294;1740983;1466942;81.0;68.3
75;2021-08-02;10518;11995;1751501;1478937;81.5;68.8
75;2021-08-03;10941;10825;1762442;1489762;82.0;69.3
75;2021-08-04;9427;9495;1771869;1499257;82.5;69.8
75;2021-08-05;8566;9533;1780435;1508790;82.9;70.2
75;2021-08-06;8082;9967;1788517;1518757;83.3;70.7
75;2021-08-07;5649;7135;1794166;1525892;83.5;71.0
75;2021-08-08;1926;3274;1796092;1529166;83.6;71.2
75;2021-08-09;8396;11456;1804488;1540622;84.0;71.7
75;2021-08-10;8913;11573;1813401;1552195;84.4;72.3
75;2021-08-11;7571;10114;1820972;1562309;84.8;72.7
75;2021-08-12;6751;10619;1827723;1572928;85.1;73.2
75;2021-08-13;6032;8904;1833755;1581832;85.4;73.6
75;2021-08-14;4014;7191;1837769;1589023;85.5;74.0
75;2021-08-15;923;1928;1838692;1590951;85.6;74.1
75;2021-08-16;5974;14017;1844666;1604968;85.9;74.7
75;2021-08-17;5674;13576;1850340;1618544;86.1;75.3
75;2021-08-18;4890;11982;1855230;1630526;86.4;75.9
75;2021-08-19;4613;12674;1859843;1643200;86.6;76.5
75;2021-08-20;4389;11758;1864232;1654958;86.8;77.0
75;2021-08-21;3108;8793;1867340;1663751;86.9;77.4
75;2021-08-22;979;3163;1868319;1666914;87.0;77.6
75;2021-08-23;4767;15278;1873086;1682192;87.2;78.3
75;2021-08-24;4648;14504;1877734;1696696;87.4;79.0
75;2021-08-25;4355;12273;1882089;1708969;87.6;79.6
75;2021-08-26;3921;10225;1886010;1719194;87.8;80.0
75;2021-08-27;4315;11611;1890325;1730805;88.0;80.6
75;2021-08-28;2968;8270;1893293;1739075;88.1;81.0
75;2021-08-29;741;2001;1894034;1741076;88.2;81.0
75;2021-08-30;4365;14590;1898399;1755666;88.4;81.7
76;2020-12-27;0;0;0;0;0.0;0.0
76;2020-12-28;0;0;0;0;0.0;0.0
76;2020-12-29;0;0;0;0;0.0;0.0
76;2020-12-30;0;0;0;0;0.0;0.0
76;2020-12-31;0;0;0;0;0.0;0.0
76;2021-01-01;0;0;0;0;0.0;0.0
76;2021-01-02;0;0;0;0;0.0;0.0
76;2021-01-03;0;0;0;0;0.0;0.0
76;2021-01-04;17;0;17;0;0.0;0.0
76;2021-01-05;138;0;155;0;0.0;0.0
76;2021-01-06;681;2;836;2;0.1;0.0
76;2021-01-07;1355;7;2191;9;0.2;0.0
76;2021-01-08;1536;2;3727;11;0.3;0.0
76;2021-01-09;736;2;4463;13;0.4;0.0
76;2021-01-10;492;1;4955;14;0.4;0.0
76;2021-01-11;1358;2;6313;16;0.5;0.0
76;2021-01-12;1358;2;7671;18;0.6;0.0
76;2021-01-13;1187;4;8858;22;0.7;0.0
76;2021-01-14;2175;24;11033;46;0.9;0.0
76;2021-01-15;1911;9;12944;55;1.0;0.0
76;2021-01-16;990;7;13934;62;1.1;0.0
76;2021-01-17;2897;20;16831;82;1.4;0.0
76;2021-01-18;4396;16;21227;98;1.7;0.0
76;2021-01-19;3014;8;24241;106;1.9;0.0
76;2021-01-20;2069;7;26310;113;2.1;0.0
76;2021-01-21;1773;4;28083;117;2.3;0.0
76;2021-01-22;1706;4;29789;121;2.4;0.0
76;2021-01-23;449;1;30238;122;2.4;0.0
76;2021-01-24;99;0;30337;122;2.4;0.0
76;2021-01-25;1474;139;31811;261;2.6;0.0
76;2021-01-26;1391;334;33202;595;2.7;0.0
76;2021-01-27;1342;431;34544;1026;2.8;0.1
76;2021-01-28;1283;383;35827;1409;2.9;0.1
76;2021-01-29;1153;457;36980;1866;3.0;0.2
76;2021-01-30;283;302;37263;2168;3.0;0.2
76;2021-01-31;4;98;37267;2266;3.0;0.2
76;2021-02-01;840;808;38107;3074;3.1;0.2
76;2021-02-02;1057;1017;39164;4091;3.1;0.3
76;2021-02-03;919;997;40083;5088;3.2;0.4
76;2021-02-04;976;1452;41059;6540;3.3;0.5
76;2021-02-05;974;1100;42033;7640;3.4;0.6
76;2021-02-06;262;879;42295;8519;3.4;0.7
76;2021-02-07;468;1655;42763;10174;3.4;0.8
76;2021-02-08;1924;3734;44687;13908;3.6;1.1
76;2021-02-09;1757;2985;46444;16893;3.7;1.4
76;2021-02-10;1489;1808;47933;18701;3.9;1.5
76;2021-02-11;1677;1523;49610;20224;4.0;1.6
76;2021-02-12;1707;1572;51317;21796;4.1;1.8
76;2021-02-13;230;337;51547;22133;4.1;1.8
76;2021-02-14;9;82;51556;22215;4.1;1.8
76;2021-02-15;554;1711;52110;23926;4.2;1.9
76;2021-02-16;741;1637;52851;25563;4.2;2.1
76;2021-02-17;625;1441;53476;27004;4.3;2.2
76;2021-02-18;780;1386;54256;28390;4.4;2.3
76;2021-02-19;869;1342;55125;29732;4.4;2.4
76;2021-02-20;270;285;55395;30017;4.5;2.4
76;2021-02-21;0;0;55395;30017;4.5;2.4
76;2021-02-22;371;1306;55766;31323;4.5;2.5
76;2021-02-23;575;1236;56341;32559;4.5;2.6
76;2021-02-24;599;1196;56940;33755;4.6;2.7
76;2021-02-25;1664;1261;58604;35016;4.7;2.8
76;2021-02-26;2171;1048;60775;36064;4.9;2.9
76;2021-02-27;1108;274;61883;36338;5.0;2.9
76;2021-02-28;27;196;61910;36534;5.0;2.9
76;2021-03-01;828;2106;62738;38640;5.0;3.1
76;2021-03-02;1381;1718;64119;40358;5.2;3.2
76;2021-03-03;1942;1391;66061;41749;5.3;3.4
76;2021-03-04;2818;1108;68879;42857;5.5;3.4
76;2021-03-05;4180;813;73059;43670;5.9;3.5
76;2021-03-06;3365;167;76424;43837;6.1;3.5
76;2021-03-07;1257;35;77681;43872;6.2;3.5
76;2021-03-08;2102;1256;79783;45128;6.4;3.6
76;2021-03-09;3575;1170;83358;46298;6.7;3.7
76;2021-03-10;3593;1068;86951;47366;7.0;3.8
76;2021-03-11;5633;951;92584;48317;7.4;3.9
76;2021-03-12;6828;602;99412;48919;8.0;3.9
76;2021-03-13;4647;149;104059;49068;8.4;3.9
76;2021-03-14;1068;28;105127;49096;8.5;3.9
76;2021-03-15;2918;235;108045;49331;8.7;4.0
76;2021-03-16;2557;403;110602;49734;8.9;4.0
76;2021-03-17;2696;313;113298;50047;9.1;4.0
76;2021-03-18;3002;311;116300;50358;9.4;4.0
76;2021-03-19;4396;432;120696;50790;9.7;4.1
76;2021-03-20;3974;288;124670;51078;10.0;4.1
76;2021-03-21;838;15;125508;51093;10.1;4.1
76;2021-03-22;3992;347;129500;51440;10.4;4.1
76;2021-03-23;5711;361;135211;51801;10.9;4.2
76;2021-03-24;5701;397;140912;52198;11.3;4.2
76;2021-03-25;7508;575;148420;52773;11.9;4.2
76;2021-03-26;8721;587;157141;53360;12.6;4.3
76;2021-03-27;4810;389;161951;53749;13.0;4.3
76;2021-03-28;1021;32;162972;53781;13.1;4.3
76;2021-03-29;5390;826;168362;54607;13.5;4.4
76;2021-03-30;6585;1061;174947;55668;14.1;4.5
76;2021-03-31;6448;1258;181395;56926;14.6;4.6
76;2021-04-01;6785;2034;188180;58960;15.1;4.7
76;2021-04-02;6488;2680;194668;61640;15.7;5.0
76;2021-04-03;2442;1081;197110;62721;15.8;5.0
76;2021-04-04;264;11;197374;62732;15.9;5.0
76;2021-04-05;868;379;198242;63111;15.9;5.1
76;2021-04-06;3558;2793;201800;65904;16.2;5.3
76;2021-04-07;4417;2406;206217;68310;16.6;5.5
76;2021-04-08;5841;2785;212058;71095;17.0;5.7
76;2021-04-09;8806;3073;220864;74168;17.8;6.0
76;2021-04-10;4877;1422;225741;75590;18.1;6.1
76;2021-04-11;814;531;226555;76121;18.2;6.1
76;2021-04-12;4726;2847;231281;78968;18.6;6.3
76;2021-04-13;5928;2865;237209;81833;19.1;6.6
76;2021-04-14;4804;3128;242013;84961;19.5;6.8
76;2021-04-15;5564;3360;247577;88321;19.9;7.1
76;2021-04-16;7353;3437;254930;91758;20.5;7.4
76;2021-04-17;4388;1429;259318;93187;20.8;7.5
76;2021-04-18;339;140;259657;93327;20.9;7.5
76;2021-04-19;3478;3775;263135;97102;21.2;7.8
76;2021-04-20;4343;4278;267478;101380;21.5;8.2
76;2021-04-21;4192;4691;271670;106071;21.8;8.5
76;2021-04-22;4562;5438;276232;111509;22.2;9.0
76;2021-04-23;5439;5963;281671;117472;22.6;9.4
76;2021-04-24;4165;2194;285836;119666;23.0;9.6
76;2021-04-25;893;268;286729;119934;23.1;9.6
76;2021-04-26;4483;4477;291212;124411;23.4;10.0
76;2021-04-27;4998;5007;296210;129418;23.8;10.4
76;2021-04-28;5348;4169;301558;133587;24.2;10.7
76;2021-04-29;6926;4171;308484;137758;24.8;11.1
76;2021-04-30;8219;4652;316703;142410;25.5;11.4
76;2021-05-01;4828;1014;321531;143424;25.9;11.5
76;2021-05-02;1843;264;323374;143688;26.0;11.6
76;2021-05-03;4704;3315;328078;147003;26.4;11.8
76;2021-05-04;4823;4561;332901;151564;26.8;12.2
76;2021-05-05;4784;5176;337685;156740;27.1;12.6
76;2021-05-06;5923;5588;343608;162328;27.6;13.1
76;2021-05-07;6138;6766;349746;169094;28.1;13.6
76;2021-05-08;5056;906;354802;170000;28.5;13.7
76;2021-05-09;2539;235;357341;170235;28.7;13.7
76;2021-05-10;4947;5060;362288;175295;29.1;14.1
76;2021-05-11;6518;5680;368806;180975;29.7;14.6
76;2021-05-12;6264;5079;375070;186054;30.2;15.0
76;2021-05-13;8846;1282;383916;187336;30.9;15.1
76;2021-05-14;10417;4665;394333;192001;31.7;15.4
76;2021-05-15;9119;2454;403452;194455;32.4;15.6
76;2021-05-16;6234;480;409686;194935;32.9;15.7
76;2021-05-17;7226;3275;416912;198210;33.5;15.9
76;2021-05-18;8304;2812;425216;201022;34.2;16.2
76;2021-05-19;8403;3191;433619;204213;34.9;16.4
76;2021-05-20;9649;3420;443268;207633;35.6;16.7
76;2021-05-21;8367;4096;451635;211729;36.3;17.0
76;2021-05-22;7165;2362;458800;214091;36.9;17.2
76;2021-05-23;6390;416;465190;214507;37.4;17.2
76;2021-05-24;6865;1531;472055;216038;38.0;17.4
76;2021-05-25;8025;4085;480080;220123;38.6;17.7
76;2021-05-26;7574;3611;487654;223734;39.2;18.0
76;2021-05-27;8346;4709;496000;228443;39.9;18.4
76;2021-05-28;8233;6573;504233;235016;40.5;18.9
76;2021-05-29;6223;3520;510456;238536;41.0;19.2
76;2021-05-30;3147;431;513603;238967;41.3;19.2
76;2021-05-31;8169;3973;521772;242940;42.0;19.5
76;2021-06-01;9212;5036;530984;247976;42.7;19.9
76;2021-06-02;7932;4447;538916;252423;43.3;20.3
76;2021-06-03;9539;5411;548455;257834;44.1;20.7
76;2021-06-04;9244;6695;557699;264529;44.8;21.3
76;2021-06-05;6289;3816;563988;268345;45.3;21.6
76;2021-06-06;2554;649;566542;268994;45.5;21.6
76;2021-06-07;6982;5453;573524;274447;46.1;22.1
76;2021-06-08;8655;6287;582179;280734;46.8;22.6
76;2021-06-09;7212;6085;589391;286819;47.4;23.1
76;2021-06-10;7995;6569;597386;293388;48.0;23.6
76;2021-06-11;7581;8239;604967;301627;48.6;24.3
76;2021-06-12;7167;5877;612134;307504;49.2;24.7
76;2021-06-13;2962;1295;615096;308799;49.5;24.8
76;2021-06-14;6490;6740;621586;315539;50.0;25.4
76;2021-06-15;6298;7475;627884;323014;50.5;26.0
76;2021-06-16;6655;7483;634539;330497;51.0;26.6
76;2021-06-17;7011;7760;641550;338257;51.6;27.2
76;2021-06-18;7689;9240;649239;347497;52.2;27.9
76;2021-06-19;5986;6264;655225;353761;52.7;28.4
76;2021-06-20;2811;1816;658036;355577;52.9;28.6
76;2021-06-21;5588;8174;663624;363751;53.4;29.2
76;2021-06-22;4926;9881;668550;373632;53.8;30.0
76;2021-06-23;4729;9435;673279;383067;54.1;30.8
76;2021-06-24;4798;9922;678077;392989;54.5;31.6
76;2021-06-25;5226;11579;683303;404568;54.9;32.5
76;2021-06-26;3454;7878;686757;412446;55.2;33.2
76;2021-06-27;1367;5164;688124;417610;55.3;33.6
76;2021-06-28;3614;9949;691738;427559;55.6;34.4
76;2021-06-29;3875;10233;695613;437792;55.9;35.2
76;2021-06-30;4272;9844;699885;447636;56.3;36.0
76;2021-07-01;4593;9912;704478;457548;56.6;36.8
76;2021-07-02;4370;12008;708848;469556;57.0;37.8
76;2021-07-03;3586;8451;712434;478007;57.3;38.4
76;2021-07-04;1487;5306;713921;483313;57.4;38.9
76;2021-07-05;3954;9333;717875;492646;57.7;39.6
76;2021-07-06;4055;10077;721930;502723;58.0;40.4
76;2021-07-07;4014;9329;725944;512052;58.4;41.2
76;2021-07-08;4466;9455;730410;521507;58.7;41.9
76;2021-07-09;4366;12410;734776;533917;59.1;42.9
76;2021-07-10;3138;8554;737914;542471;59.3;43.6
76;2021-07-11;1777;2820;739691;545291;59.5;43.8
76;2021-07-12;3156;11151;742847;556442;59.7;44.7
76;2021-07-13;4937;12260;747784;568702;60.1;45.7
76;2021-07-14;4803;5543;752587;574245;60.5;46.2
76;2021-07-15;5914;11790;758501;586035;61.0;47.1
76;2021-07-16;6721;12015;765222;598050;61.5;48.1
76;2021-07-17;5279;8706;770501;606756;61.9;48.8
76;2021-07-18;2258;3357;772759;610113;62.1;49.1
76;2021-07-19;5161;11150;777920;621263;62.5;49.9
76;2021-07-20;6278;11627;784198;632890;63.0;50.9
76;2021-07-21;6341;10564;790539;643454;63.6;51.7
76;2021-07-22;8240;9655;798779;653109;64.2;52.5
76;2021-07-23;7639;11997;806418;665106;64.8;53.5
76;2021-07-24;4993;7716;811411;672822;65.2;54.1
76;2021-07-25;2873;3142;814284;675964;65.5;54.3
76;2021-07-26;5440;10150;819724;686114;65.9;55.2
76;2021-07-27;8333;9556;828057;695670;66.6;55.9
76;2021-07-28;8246;7819;836303;703489;67.2;56.6
76;2021-07-29;9578;6976;845881;710465;68.0;57.1
76;2021-07-30;8007;7833;853888;718298;68.7;57.8
76;2021-07-31;6599;5325;860487;723623;69.2;58.2
76;2021-08-01;3862;2083;864349;725706;69.5;58.3
76;2021-08-02;6555;7096;870904;732802;70.0;58.9
76;2021-08-03;7967;6352;878871;739154;70.7;59.4
76;2021-08-04;7233;5848;886104;745002;71.2;59.9
76;2021-08-05;8071;5717;894175;750719;71.9;60.4
76;2021-08-06;6790;6867;900965;757586;72.4;60.9
76;2021-08-07;4775;4379;905740;761965;72.8;61.3
76;2021-08-08;2405;2158;908145;764123;73.0;61.4
76;2021-08-09;5619;6739;913764;770862;73.5;62.0
76;2021-08-10;6328;6554;920092;777416;74.0;62.5
76;2021-08-11;6437;5488;926529;782904;74.5;62.9
76;2021-08-12;6011;6058;932540;788962;75.0;63.4
76;2021-08-13;5029;6208;937569;795170;75.4;63.9
76;2021-08-14;3823;4599;941392;799769;75.7;64.3
76;2021-08-15;1573;2352;942965;802121;75.8;64.5
76;2021-08-16;3611;6718;946576;808839;76.1;65.0
76;2021-08-17;3889;6942;950465;815781;76.4;65.6
76;2021-08-18;3728;6738;954193;822519;76.7;66.1
76;2021-08-19;3360;7166;957553;829685;77.0;66.7
76;2021-08-20;3419;7825;960972;837510;77.3;67.3
76;2021-08-21;1814;4215;962786;841725;77.4;67.7
76;2021-08-22;865;3290;963651;845015;77.5;67.9
76;2021-08-23;2614;7753;966265;852768;77.7;68.6
76;2021-08-24;2814;7576;969079;860344;77.9;69.2
76;2021-08-25;2612;7071;971691;867415;78.1;69.7
76;2021-08-26;2068;5793;973759;873208;78.3;70.2
76;2021-08-27;2678;7939;976437;881147;78.5;70.8
76;2021-08-28;2132;6056;978569;887203;78.7;71.3
76;2021-08-29;691;3006;979260;890209;78.7;71.6
76;2021-08-30;2090;7408;981350;897617;78.9;72.2
77;2020-12-27;1;0;1;0;0.0;0.0
77;2020-12-28;1;0;2;0;0.0;0.0
77;2020-12-29;0;0;2;0;0.0;0.0
77;2020-12-30;0;0;2;0;0.0;0.0
77;2020-12-31;0;0;2;0;0.0;0.0
77;2021-01-01;4;0;6;0;0.0;0.0
77;2021-01-02;0;0;6;0;0.0;0.0
77;2021-01-03;0;0;6;0;0.0;0.0
77;2021-01-04;7;0;13;0;0.0;0.0
77;2021-01-05;199;0;212;0;0.0;0.0
77;2021-01-06;235;2;447;2;0.0;0.0
77;2021-01-07;521;3;968;5;0.1;0.0
77;2021-01-08;621;0;1589;5;0.1;0.0
77;2021-01-09;273;1;1862;6;0.1;0.0
77;2021-01-10;235;2;2097;8;0.1;0.0
77;2021-01-11;783;2;2880;10;0.2;0.0
77;2021-01-12;884;1;3764;11;0.3;0.0
77;2021-01-13;941;2;4705;13;0.3;0.0
77;2021-01-14;848;7;5553;20;0.4;0.0
77;2021-01-15;859;11;6412;31;0.5;0.0
77;2021-01-16;168;1;6580;32;0.5;0.0
77;2021-01-17;132;2;6712;34;0.5;0.0
77;2021-01-18;1194;5;7906;39;0.6;0.0
77;2021-01-19;1722;22;9628;61;0.7;0.0
77;2021-01-20;2541;5;12169;66;0.9;0.0
77;2021-01-21;2054;24;14223;90;1.0;0.0
77;2021-01-22;1147;8;15370;98;1.1;0.0
77;2021-01-23;350;0;15720;98;1.1;0.0
77;2021-01-24;44;0;15764;98;1.1;0.0
77;2021-01-25;941;24;16705;122;1.2;0.0
77;2021-01-26;1712;23;18417;145;1.3;0.0
77;2021-01-27;1363;28;19780;173;1.4;0.0
77;2021-01-28;1698;96;21478;269;1.5;0.0
77;2021-01-29;1285;146;22763;415;1.6;0.0
77;2021-01-30;211;2;22974;417;1.6;0.0
77;2021-01-31;1;0;22975;417;1.6;0.0
77;2021-02-01;569;209;23544;626;1.7;0.0
77;2021-02-02;871;266;24415;892;1.7;0.1
77;2021-02-03;795;524;25210;1416;1.8;0.1
77;2021-02-04;789;806;25999;2222;1.8;0.2
77;2021-02-05;857;847;26856;3069;1.9;0.2
77;2021-02-06;165;101;27021;3170;1.9;0.2
77;2021-02-07;16;92;27037;3262;1.9;0.2
77;2021-02-08;496;931;27533;4193;1.9;0.3
77;2021-02-09;590;1462;28123;5655;2.0;0.4
77;2021-02-10;1029;1829;29152;7484;2.0;0.5
77;2021-02-11;1059;1648;30211;9132;2.1;0.6
77;2021-02-12;1098;1172;31309;10304;2.2;0.7
77;2021-02-13;187;175;31496;10479;2.2;0.7
77;2021-02-14;12;56;31508;10535;2.2;0.7
77;2021-02-15;555;1020;32063;11555;2.3;0.8
77;2021-02-16;599;1529;32662;13084;2.3;0.9
77;2021-02-17;515;1182;33177;14266;2.3;1.0
77;2021-02-18;840;1614;34017;15880;2.4;1.1
77;2021-02-19;777;1128;34794;17008;2.4;1.2
77;2021-02-20;54;176;34848;17184;2.4;1.2
77;2021-02-21;7;31;34855;17215;2.4;1.2
77;2021-02-22;303;765;35158;17980;2.5;1.3
77;2021-02-23;360;1125;35518;19105;2.5;1.3
77;2021-02-24;513;887;36031;19992;2.5;1.4
77;2021-02-25;794;966;36825;20958;2.6;1.5
77;2021-02-26;841;831;37666;21789;2.6;1.5
77;2021-02-27;460;169;38126;21958;2.7;1.5
77;2021-02-28;33;5;38159;21963;2.7;1.5
77;2021-03-01;676;712;38835;22675;2.7;1.6
77;2021-03-02;1093;1025;39928;23700;2.8;1.7
77;2021-03-03;1956;1183;41884;24883;2.9;1.7
77;2021-03-04;2799;1136;44683;26019;3.1;1.8
77;2021-03-05;3380;1049;48063;27068;3.4;1.9
77;2021-03-06;4824;267;52887;27335;3.7;1.9
77;2021-03-07;3194;115;56081;27450;3.9;1.9
77;2021-03-08;1230;506;57311;27956;4.0;2.0
77;2021-03-09;2503;632;59814;28588;4.2;2.0
77;2021-03-10;2398;579;62212;29167;4.4;2.0
77;2021-03-11;3500;789;65712;29956;4.6;2.1
77;2021-03-12;3889;687;69601;30643;4.9;2.2
77;2021-03-13;4481;204;74082;30847;5.2;2.2
77;2021-03-14;2153;123;76235;30970;5.4;2.2
77;2021-03-15;2509;277;78744;31247;5.5;2.2
77;2021-03-16;2444;374;81188;31621;5.7;2.2
77;2021-03-17;2552;427;83740;32048;5.9;2.3
77;2021-03-18;3010;399;86750;32447;6.1;2.3
77;2021-03-19;3357;438;90107;32885;6.3;2.3
77;2021-03-20;1966;77;92073;32962;6.5;2.3
77;2021-03-21;243;14;92316;32976;6.5;2.3
77;2021-03-22;3021;406;95337;33382;6.7;2.3
77;2021-03-23;4520;530;99857;33912;7.0;2.4
77;2021-03-24;4154;616;104011;34528;7.3;2.4
77;2021-03-25;5908;404;109919;34932;7.7;2.5
77;2021-03-26;6269;450;116188;35382;8.2;2.5
77;2021-03-27;3321;122;119509;35504;8.4;2.5
77;2021-03-28;1730;46;121239;35550;8.5;2.5
77;2021-03-29;2654;689;123893;36239;8.7;2.5
77;2021-03-30;3995;1192;127888;37431;9.0;2.6
77;2021-03-31;3753;1220;131641;38651;9.2;2.7
77;2021-04-01;4142;1821;135783;40472;9.5;2.8
77;2021-04-02;3991;2010;139774;42482;9.8;3.0
77;2021-04-03;1745;2280;141519;44762;9.9;3.1
77;2021-04-04;423;1427;141942;46189;10.0;3.2
77;2021-04-05;162;164;142104;46353;10.0;3.3
77;2021-04-06;2720;1924;144824;48277;10.2;3.4
77;2021-04-07;3319;2086;148143;50363;10.4;3.5
77;2021-04-08;4535;2364;152678;52727;10.7;3.7
77;2021-04-09;4850;2090;157528;54817;11.1;3.9
77;2021-04-10;3074;2750;160602;57567;11.3;4.0
77;2021-04-11;586;717;161188;58284;11.3;4.1
77;2021-04-12;2232;1827;163420;60111;11.5;4.2
77;2021-04-13;3357;2635;166777;62746;11.7;4.4
77;2021-04-14;2522;2647;169299;65393;11.9;4.6
77;2021-04-15;3323;3117;172622;68510;12.1;4.8
77;2021-04-16;3576;2721;176198;71231;12.4;5.0
77;2021-04-17;1386;475;177584;71706;12.5;5.0
77;2021-04-18;150;11;177734;71717;12.5;5.0
77;2021-04-19;2084;2508;179818;74225;12.6;5.2
77;2021-04-20;2572;3381;182390;77606;12.8;5.5
77;2021-04-21;2195;3476;184585;81082;13.0;5.7
77;2021-04-22;3003;3856;187588;84938;13.2;6.0
77;2021-04-23;3532;3639;191120;88577;13.4;6.2
77;2021-04-24;4901;2515;196021;91092;13.8;6.4
77;2021-04-25;4080;1239;200101;92331;14.1;6.5
77;2021-04-26;3226;2041;203327;94372;14.3;6.6
77;2021-04-27;3996;2515;207323;96887;14.6;6.8
77;2021-04-28;4069;2617;211392;99504;14.8;7.0
77;2021-04-29;4483;3084;215875;102588;15.2;7.2
77;2021-04-30;4908;3336;220783;105924;15.5;7.4
77;2021-05-01;2465;594;223248;106518;15.7;7.5
77;2021-05-02;3142;275;226390;106793;15.9;7.5
77;2021-05-03;5989;2069;232379;108862;16.3;7.6
77;2021-05-04;6441;2992;238820;111854;16.8;7.9
77;2021-05-05;6020;3026;244840;114880;17.2;8.1
77;2021-05-06;6887;3597;251727;118477;17.7;8.3
77;2021-05-07;8205;3265;259932;121742;18.3;8.6
77;2021-05-08;5712;810;265644;122552;18.7;8.6
77;2021-05-09;4907;482;270551;123034;19.0;8.6
77;2021-05-10;8089;2328;278640;125362;19.6;8.8
77;2021-05-11;9581;2918;288221;128280;20.2;9.0
77;2021-05-12;8979;2287;297200;130567;20.9;9.2
77;2021-05-13;9305;883;306505;131450;21.5;9.2
77;2021-05-14;10436;1669;316941;133119;22.3;9.4
77;2021-05-15;8993;1251;325934;134370;22.9;9.4
77;2021-05-16;5152;468;331086;134838;23.3;9.5
77;2021-05-17;10373;1476;341459;136314;24.0;9.6
77;2021-05-18;11784;1808;353243;138122;24.8;9.7
77;2021-05-19;10914;1608;364157;139730;25.6;9.8
77;2021-05-20;12212;2158;376369;141888;26.4;10.0
77;2021-05-21;11655;2700;388024;144588;27.3;10.2
77;2021-05-22;9822;1740;397846;146328;27.9;10.3
77;2021-05-23;6987;809;404833;147137;28.4;10.3
77;2021-05-24;6765;777;411598;147914;28.9;10.4
77;2021-05-25;8315;2818;419913;150732;29.5;10.6
77;2021-05-26;7564;2981;427477;153713;30.0;10.8
77;2021-05-27;7552;3965;435029;157678;30.6;11.1
77;2021-05-28;7637;4012;442666;161690;31.1;11.4
77;2021-05-29;7356;2334;450022;164024;31.6;11.5
77;2021-05-30;4361;895;454383;164919;31.9;11.6
77;2021-05-31;8383;3833;462766;168752;32.5;11.9
77;2021-06-01;9646;4384;472412;173136;33.2;12.2
77;2021-06-02;9004;3925;481416;177061;33.8;12.4
77;2021-06-03;9004;5275;490420;182336;34.4;12.8
77;2021-06-04;9119;5491;499539;187827;35.1;13.2
77;2021-06-05;6663;4988;506202;192815;35.6;13.5
77;2021-06-06;4910;3210;511112;196025;35.9;13.8
77;2021-06-07;6420;4543;517532;200568;36.4;14.1
77;2021-06-08;5725;5227;523257;205795;36.8;14.5
77;2021-06-09;5057;4963;528314;210758;37.1;14.8
77;2021-06-10;5015;5462;533329;216220;37.5;15.2
77;2021-06-11;5756;6036;539085;222256;37.9;15.6
77;2021-06-12;6545;4752;545630;227008;38.3;15.9
77;2021-06-13;3507;3050;549137;230058;38.6;16.2
77;2021-06-14;3219;7931;552356;237989;38.8;16.7
77;2021-06-15;4125;8482;556481;246471;39.1;17.3
77;2021-06-16;4807;8378;561288;254849;39.4;17.9
77;2021-06-17;4472;9026;565760;263875;39.7;18.5
77;2021-06-18;4364;9790;570124;273665;40.0;19.2
77;2021-06-19;5306;6931;575430;280596;40.4;19.7
77;2021-06-20;2094;3799;577524;284395;40.6;20.0
77;2021-06-21;3228;9581;580752;293976;40.8;20.7
77;2021-06-22;3668;11373;584420;305349;41.1;21.4
77;2021-06-23;3440;10054;587860;315403;41.3;22.2
77;2021-06-24;3362;10915;591222;326318;41.5;22.9
77;2021-06-25;3625;10805;594847;337123;41.8;23.7
77;2021-06-26;4089;10071;598936;347194;42.1;24.4
77;2021-06-27;2123;6427;601059;353621;42.2;24.8
77;2021-06-28;2801;10832;603860;364453;42.4;25.6
77;2021-06-29;3418;12529;607278;376982;42.7;26.5
77;2021-06-30;3288;11451;610566;388433;42.9;27.3
77;2021-07-01;3292;11661;613858;400094;43.1;28.1
77;2021-07-02;3453;12254;617311;412348;43.4;29.0
77;2021-07-03;3184;10798;620495;423146;43.6;29.7
77;2021-07-04;1995;6494;622490;429640;43.7;30.2
77;2021-07-05;3591;9545;626081;439185;44.0;30.9
77;2021-07-06;3738;9531;629819;448716;44.2;31.5
77;2021-07-07;4060;8956;633879;457672;44.5;32.1
77;2021-07-08;3922;8760;637801;466432;44.8;32.8
77;2021-07-09;4702;10341;642503;476773;45.1;33.5
77;2021-07-10;4047;9842;646550;486615;45.4;34.2
77;2021-07-11;3090;5094;649640;491709;45.6;34.5
77;2021-07-12;3285;10864;652925;502573;45.9;35.3
77;2021-07-13;6115;12030;659040;514603;46.3;36.1
77;2021-07-14;3549;6440;662589;521043;46.5;36.6
77;2021-07-15;7171;11968;669760;533011;47.0;37.4
77;2021-07-16;7828;9896;677588;542907;47.6;38.1
77;2021-07-17;5793;9455;683381;552362;48.0;38.8
77;2021-07-18;4140;5330;687521;557692;48.3;39.2
77;2021-07-19;7513;8941;695034;566633;48.8;39.8
77;2021-07-20;9595;8031;704629;574664;49.5;40.4
77;2021-07-21;9517;7472;714146;582136;50.2;40.9
77;2021-07-22;10522;7538;724668;589674;50.9;41.4
77;2021-07-23;9861;8195;734529;597869;51.6;42.0
77;2021-07-24;7207;7870;741736;605739;52.1;42.5
77;2021-07-25;5887;4026;747623;609765;52.5;42.8
77;2021-07-26;9198;5970;756821;615735;53.2;43.3
77;2021-07-27;10914;6038;767735;621773;53.9;43.7
77;2021-07-28;9449;6416;777184;628189;54.6;44.1
77;2021-07-29;9529;5500;786713;633689;55.3;44.5
77;2021-07-30;9717;6351;796430;640040;55.9;45.0
77;2021-07-31;7256;6629;803686;646669;56.5;45.4
77;2021-08-01;2953;1213;806639;647882;56.7;45.5
77;2021-08-02;7063;5734;813702;653616;57.2;45.9
77;2021-08-03;5787;4506;819489;658122;57.6;46.2
77;2021-08-04;4706;4385;824195;662507;57.9;46.5
77;2021-08-05;3232;2967;827427;665474;58.1;46.7
77;2021-08-06;5868;5256;833295;670730;58.5;47.1
77;2021-08-07;5276;6791;838571;677521;58.9;47.6
77;2021-08-08;1967;1862;840538;679383;59.0;47.7
77;2021-08-09;5041;6588;845579;685971;59.4;48.2
77;2021-08-10;2653;3567;848232;689538;59.6;48.4
77;2021-08-11;3090;6188;851322;695726;59.8;48.9
77;2021-08-12;2237;3566;853559;699292;60.0;49.1
77;2021-08-13;2691;4895;856250;704187;60.1;49.5
77;2021-08-14;2908;7327;859158;711514;60.4;50.0
77;2021-08-15;786;773;859944;712287;60.4;50.0
77;2021-08-16;2358;6979;862302;719266;60.6;50.5
77;2021-08-17;2865;7197;865167;726463;60.8;51.0
77;2021-08-18;2658;6554;867825;733017;61.0;51.5
77;2021-08-19;2619;5102;870444;738119;61.1;51.8
77;2021-08-20;2658;5683;873102;743802;61.3;52.2
77;2021-08-21;2710;7323;875812;751125;61.5;52.8
77;2021-08-22;1729;5337;877541;756462;61.6;53.1
77;2021-08-23;2422;9609;879963;766071;61.8;53.8
77;2021-08-24;3044;9227;883007;775298;62.0;54.5
77;2021-08-25;2531;6523;885538;781821;62.2;54.9
77;2021-08-26;2541;6239;888079;788060;62.4;55.4
77;2021-08-27;2709;6982;890788;795042;62.6;55.8
77;2021-08-28;1957;7236;892745;802278;62.7;56.4
77;2021-08-29;1480;5140;894225;807418;62.8;56.7
77;2021-08-30;2502;8137;896727;815555;63.0;57.3
78;2020-12-27;2;0;2;0;0.0;0.0
78;2020-12-28;0;0;2;0;0.0;0.0
78;2020-12-29;0;0;2;0;0.0;0.0
78;2020-12-30;0;0;2;0;0.0;0.0
78;2020-12-31;15;0;17;0;0.0;0.0
78;2021-01-01;1;0;18;0;0.0;0.0
78;2021-01-02;1;0;19;0;0.0;0.0
78;2021-01-03;2;0;21;0;0.0;0.0
78;2021-01-04;145;3;166;3;0.0;0.0
78;2021-01-05;175;1;341;4;0.0;0.0
78;2021-01-06;208;3;549;7;0.0;0.0
78;2021-01-07;469;2;1018;9;0.1;0.0
78;2021-01-08;651;3;1669;12;0.1;0.0
78;2021-01-09;22;0;1691;12;0.1;0.0
78;2021-01-10;2;0;1693;12;0.1;0.0
78;2021-01-11;792;3;2485;15;0.2;0.0
78;2021-01-12;945;5;3430;20;0.2;0.0
78;2021-01-13;740;8;4170;28;0.3;0.0
78;2021-01-14;811;9;4981;37;0.3;0.0
78;2021-01-15;847;10;5828;47;0.4;0.0
78;2021-01-16;32;1;5860;48;0.4;0.0
78;2021-01-17;0;0;5860;48;0.4;0.0
78;2021-01-18;1382;21;7242;69;0.5;0.0
78;2021-01-19;1841;27;9083;96;0.6;0.0
78;2021-01-20;1657;15;10740;111;0.7;0.0
78;2021-01-21;3253;14;13993;125;1.0;0.0
78;2021-01-22;2217;17;16210;142;1.1;0.0
78;2021-01-23;279;0;16489;142;1.1;0.0
78;2021-01-24;5;0;16494;142;1.1;0.0
78;2021-01-25;959;30;17453;172;1.2;0.0
78;2021-01-26;1560;20;19013;192;1.3;0.0
78;2021-01-27;2060;49;21073;241;1.5;0.0
78;2021-01-28;2436;108;23509;349;1.6;0.0
78;2021-01-29;1490;61;24999;410;1.7;0.0
78;2021-01-30;210;3;25209;413;1.7;0.0
78;2021-01-31;3;0;25212;413;1.7;0.0
78;2021-02-01;786;225;25998;638;1.8;0.0
78;2021-02-02;968;345;26966;983;1.9;0.1
78;2021-02-03;975;240;27941;1223;1.9;0.1
78;2021-02-04;1117;444;29058;1667;2.0;0.1
78;2021-02-05;1190;500;30248;2167;2.1;0.1
78;2021-02-06;198;44;30446;2211;2.1;0.2
78;2021-02-07;139;14;30585;2225;2.1;0.2
78;2021-02-08;760;603;31345;2828;2.2;0.2
78;2021-02-09;1122;943;32467;3771;2.2;0.3
78;2021-02-10;1248;1177;33715;4948;2.3;0.3
78;2021-02-11;1820;1891;35535;6839;2.5;0.5
78;2021-02-12;1820;1387;37355;8226;2.6;0.6
78;2021-02-13;173;76;37528;8302;2.6;0.6
78;2021-02-14;26;25;37554;8327;2.6;0.6
78;2021-02-15;447;1426;38001;9753;2.6;0.7
78;2021-02-16;627;1552;38628;11305;2.7;0.8
78;2021-02-17;587;2216;39215;13521;2.7;0.9
78;2021-02-18;997;2272;40212;15793;2.8;1.1
78;2021-02-19;820;1719;41032;17512;2.8;1.2
78;2021-02-20;148;121;41180;17633;2.8;1.2
78;2021-02-21;0;12;41180;17645;2.8;1.2
78;2021-02-22;501;1049;41681;18694;2.9;1.3
78;2021-02-23;540;1120;42221;19814;2.9;1.4
78;2021-02-24;619;1239;42840;21053;3.0;1.5
78;2021-02-25;866;1148;43706;22201;3.0;1.5
78;2021-02-26;1132;1239;44838;23440;3.1;1.6
78;2021-02-27;740;151;45578;23591;3.1;1.6
78;2021-02-28;68;18;45646;23609;3.2;1.6
78;2021-03-01;965;903;46611;24512;3.2;1.7
78;2021-03-02;1727;1056;48338;25568;3.3;1.8
78;2021-03-03;1964;1234;50302;26802;3.5;1.9
78;2021-03-04;2947;1588;53249;28390;3.7;2.0
78;2021-03-05;3254;1662;56503;30052;3.9;2.1
78;2021-03-06;6242;296;62745;30348;4.3;2.1
78;2021-03-07;3444;102;66189;30450;4.6;2.1
78;2021-03-08;1458;762;67647;31212;4.7;2.2
78;2021-03-09;2942;909;70589;32121;4.9;2.2
78;2021-03-10;3075;1118;73664;33239;5.1;2.3
78;2021-03-11;4176;1314;77840;34553;5.4;2.4
78;2021-03-12;5370;1346;83210;35899;5.7;2.5
78;2021-03-13;4655;197;87865;36096;6.1;2.5
78;2021-03-14;1036;41;88901;36137;6.1;2.5
78;2021-03-15;3621;267;92522;36404;6.4;2.5
78;2021-03-16;2566;568;95088;36972;6.6;2.6
78;2021-03-17;2967;441;98055;37413;6.8;2.6
78;2021-03-18;3780;447;101835;37860;7.0;2.6
78;2021-03-19;5317;487;107152;38347;7.4;2.6
78;2021-03-20;2258;127;109410;38474;7.6;2.7
78;2021-03-21;165;7;109575;38481;7.6;2.7
78;2021-03-22;3532;380;113107;38861;7.8;2.7
78;2021-03-23;5230;544;118337;39405;8.2;2.7
78;2021-03-24;4893;552;123230;39957;8.5;2.8
78;2021-03-25;6941;562;130171;40519;9.0;2.8
78;2021-03-26;6940;717;137111;41236;9.5;2.8
78;2021-03-27;3745;194;140856;41430;9.7;2.9
78;2021-03-28;1919;52;142775;41482;9.9;2.9
78;2021-03-29;3865;763;146640;42245;10.1;2.9
78;2021-03-30;5524;1060;152164;43305;10.5;3.0
78;2021-03-31;5329;1291;157493;44596;10.9;3.1
78;2021-04-01;5594;2352;163087;46948;11.3;3.2
78;2021-04-02;5195;2628;168282;49576;11.6;3.4
78;2021-04-03;2198;2564;170480;52140;11.8;3.6
78;2021-04-04;173;14;170653;52154;11.8;3.6
78;2021-04-05;199;19;170852;52173;11.8;3.6
78;2021-04-06;3618;2309;174470;54482;12.0;3.8
78;2021-04-07;4356;2585;178826;57067;12.3;3.9
78;2021-04-08;5525;2676;184351;59743;12.7;4.1
78;2021-04-09;6909;2453;191260;62196;13.2;4.3
78;2021-04-10;3994;1901;195254;64097;13.5;4.4
78;2021-04-11;374;607;195628;64704;13.5;4.5
78;2021-04-12;3532;2368;199160;67072;13.7;4.6
78;2021-04-13;5459;2497;204619;69569;14.1;4.8
78;2021-04-14;4956;3395;209575;72964;14.5;5.0
78;2021-04-15;4616;3849;214191;76813;14.8;5.3
78;2021-04-16;5626;4020;219817;80833;15.2;5.6
78;2021-04-17;3615;715;223432;81548;15.4;5.6
78;2021-04-18;272;42;223704;81590;15.4;5.6
78;2021-04-19;3242;2814;226946;84404;15.7;5.8
78;2021-04-20;4709;3686;231655;88090;16.0;6.1
78;2021-04-21;4534;3510;236189;91600;16.3;6.3
78;2021-04-22;4565;4692;240754;96292;16.6;6.6
78;2021-04-23;5059;4432;245813;100724;17.0;7.0
78;2021-04-24;4865;2621;250678;103345;17.3;7.1
78;2021-04-25;3047;1731;253725;105076;17.5;7.3
78;2021-04-26;4769;3320;258494;108396;17.8;7.5
78;2021-04-27;5471;4312;263965;112708;18.2;7.8
78;2021-04-28;5651;4785;269616;117493;18.6;8.1
78;2021-04-29;6259;4071;275875;121564;19.0;8.4
78;2021-04-30;7208;4463;283083;126027;19.5;8.7
78;2021-05-01;612;255;283695;126282;19.6;8.7
78;2021-05-02;2008;166;285703;126448;19.7;8.7
78;2021-05-03;7460;1278;293163;127726;20.2;8.8
78;2021-05-04;6077;3980;299240;131706;20.7;9.1
78;2021-05-05;7298;4556;306538;136262;21.2;9.4
78;2021-05-06;6480;5178;313018;141440;21.6;9.8
78;2021-05-07;8312;5143;321330;146583;22.2;10.1
78;2021-05-08;2917;1451;324247;148034;22.4;10.2
78;2021-05-09;2819;354;327066;148388;22.6;10.2
78;2021-05-10;7343;4451;334409;152839;23.1;10.6
78;2021-05-11;8142;5418;342551;158257;23.6;10.9
78;2021-05-12;8732;3922;351283;162179;24.2;11.2
78;2021-05-13;6631;600;357914;162779;24.7;11.2
78;2021-05-14;10217;2217;368131;164996;25.4;11.4
78;2021-05-15;4934;2363;373065;167359;25.8;11.6
78;2021-05-16;3697;792;376762;168151;26.0;11.6
78;2021-05-17;8745;1348;385507;169499;26.6;11.7
78;2021-05-18;9886;1888;395393;171387;27.3;11.8
78;2021-05-19;11650;1711;407043;173098;28.1;11.9
78;2021-05-20;11595;2269;418638;175367;28.9;12.1
78;2021-05-21;12130;2637;430768;178004;29.7;12.3
78;2021-05-22;6546;1372;437314;179376;30.2;12.4
78;2021-05-23;3126;390;440440;179766;30.4;12.4
78;2021-05-24;3523;416;443963;180182;30.6;12.4
78;2021-05-25;9988;2504;453951;182686;31.3;12.6
78;2021-05-26;10166;3780;464117;186466;32.0;12.9
78;2021-05-27;10959;4643;475076;191109;32.8;13.2
78;2021-05-28;11415;6034;486491;197143;33.6;13.6
78;2021-05-29;4228;3387;490719;200530;33.9;13.8
78;2021-05-30;136;347;490855;200877;33.9;13.9
78;2021-05-31;7971;5363;498826;206240;34.4;14.2
78;2021-06-01;10031;6531;508857;212771;35.1;14.7
78;2021-06-02;8586;6213;517443;218984;35.7;15.1
78;2021-06-03;9899;6477;527342;225461;36.4;15.6
78;2021-06-04;9794;8148;537136;233609;37.1;16.1
78;2021-06-05;5520;6139;542656;239748;37.5;16.6
78;2021-06-06;2150;2010;544806;241758;37.6;16.7
78;2021-06-07;8123;6522;552929;248280;38.2;17.1
78;2021-06-08;8065;7321;560994;255601;38.7;17.6
78;2021-06-09;7325;6731;568319;262332;39.2;18.1
78;2021-06-10;7111;7108;575430;269440;39.7;18.6
78;2021-06-11;7583;8186;583013;277626;40.2;19.2
78;2021-06-12;6375;2920;589388;280546;40.7;19.4
78;2021-06-13;946;2458;590334;283004;40.8;19.5
78;2021-06-14;3416;9815;593750;292819;41.0;20.2
78;2021-06-15;5802;8293;599552;301112;41.4;20.8
78;2021-06-16;5432;8632;604984;309744;41.8;21.4
78;2021-06-17;5486;8537;610470;318281;42.1;22.0
78;2021-06-18;6167;9797;616637;328078;42.6;22.6
78;2021-06-19;5221;4820;621858;332898;42.9;23.0
78;2021-06-20;624;2838;622482;335736;43.0;23.2
78;2021-06-21;4099;9469;626581;345205;43.3;23.8
78;2021-06-22;3349;10317;629930;355522;43.5;24.5
78;2021-06-23;3838;10393;633768;365915;43.7;25.3
78;2021-06-24;3799;9980;637567;375895;44.0;25.9
78;2021-06-25;4002;13153;641569;389048;44.3;26.9
78;2021-06-26;4211;7956;645780;397004;44.6;27.4
78;2021-06-27;1040;2542;646820;399546;44.7;27.6
78;2021-06-28;3294;10903;650114;410449;44.9;28.3
78;2021-06-29;3539;11253;653653;421702;45.1;29.1
78;2021-06-30;4113;13224;657766;434926;45.4;30.0
78;2021-07-01;4108;12701;661874;447627;45.7;30.9
78;2021-07-02;4259;13938;666133;461565;46.0;31.9
78;2021-07-03;3161;8624;669294;470189;46.2;32.5
78;2021-07-04;777;1743;670071;471932;46.3;32.6
78;2021-07-05;3383;9694;673454;481626;46.5;33.2
78;2021-07-06;3526;12043;676980;493669;46.7;34.1
78;2021-07-07;3761;11606;680741;505275;47.0;34.9
78;2021-07-08;3866;11677;684607;516952;47.3;35.7
78;2021-07-09;4776;12743;689383;529695;47.6;36.6
78;2021-07-10;2626;6611;692009;536306;47.8;37.0
78;2021-07-11;748;2045;692757;538351;47.8;37.2
78;2021-07-12;2999;11744;695756;550095;48.0;38.0
78;2021-07-13;5342;11976;701098;562071;48.4;38.8
78;2021-07-14;2533;4989;703631;567060;48.6;39.1
78;2021-07-15;5667;11958;709298;579018;49.0;40.0
78;2021-07-16;7262;10783;716560;589801;49.5;40.7
78;2021-07-17;4726;4896;721286;594697;49.8;41.1
78;2021-07-18;1123;468;722409;595165;49.9;41.1
78;2021-07-19;3841;10345;726250;605510;50.1;41.8
78;2021-07-20;5608;9925;731858;615435;50.5;42.5
78;2021-07-21;5902;9857;737760;625292;50.9;43.2
78;2021-07-22;5946;9287;743706;634579;51.3;43.8
78;2021-07-23;6221;9220;749927;643799;51.8;44.4
78;2021-07-24;2938;4970;752865;648769;52.0;44.8
78;2021-07-25;987;373;753852;649142;52.0;44.8
78;2021-07-26;4857;6987;758709;656129;52.4;45.3
78;2021-07-27;7582;6903;766291;663032;52.9;45.8
78;2021-07-28;6941;5929;773232;668961;53.4;46.2
78;2021-07-29;7902;5993;781134;674954;53.9;46.6
78;2021-07-30;7683;7040;788817;681994;54.5;47.1
78;2021-07-31;2646;2733;791463;684727;54.6;47.3
78;2021-08-01;104;71;791567;684798;54.6;47.3
78;2021-08-02;2381;2118;793948;686916;54.8;47.4
78;2021-08-03;4224;4248;798172;691164;55.1;47.7
78;2021-08-04;4359;2808;802531;693972;55.4;47.9
78;2021-08-05;3858;3161;806389;697133;55.7;48.1
78;2021-08-06;3860;3714;810249;700847;55.9;48.4
78;2021-08-07;2810;3436;813059;704283;56.1;48.6
78;2021-08-08;475;342;813534;704625;56.2;48.6
78;2021-08-09;1864;1653;815398;706278;56.3;48.8
78;2021-08-10;3381;3969;818779;710247;56.5;49.0
78;2021-08-11;2960;3378;821739;713625;56.7;49.3
78;2021-08-12;2721;3535;824460;717160;56.9;49.5
78;2021-08-13;2834;3176;827294;720336;57.1;49.7
78;2021-08-14;2292;3082;829586;723418;57.3;49.9
78;2021-08-15;273;375;829859;723793;57.3;50.0
78;2021-08-16;901;2340;830760;726133;57.3;50.1
78;2021-08-17;2770;4417;833530;730550;57.5;50.4
78;2021-08-18;2450;3811;835980;734361;57.7;50.7
78;2021-08-19;2225;3577;838205;737938;57.9;50.9
78;2021-08-20;2084;4000;840289;741938;58.0;51.2
78;2021-08-21;1882;3575;842171;745513;58.1;51.5
78;2021-08-22;85;147;842256;745660;58.1;51.5
78;2021-08-23;2145;4238;844401;749898;58.3;51.8
78;2021-08-24;3617;6966;848018;756864;58.5;52.2
78;2021-08-25;3271;6574;851289;763438;58.8;52.7
78;2021-08-26;2966;7219;854255;770657;59.0;53.2
78;2021-08-27;2831;7345;857086;778002;59.2;53.7
78;2021-08-28;2414;5259;859500;783261;59.3;54.1
78;2021-08-29;370;348;859870;783609;59.4;54.1
78;2021-08-30;2823;5050;862693;788659;59.6;54.4
79;2020-12-27;0;0;0;0;0.0;0.0
79;2020-12-28;3;0;3;0;0.0;0.0
79;2020-12-29;0;0;3;0;0.0;0.0
79;2020-12-30;0;0;3;0;0.0;0.0
79;2020-12-31;0;0;3;0;0.0;0.0
79;2021-01-01;0;0;3;0;0.0;0.0
79;2021-01-02;0;0;3;0;0.0;0.0
79;2021-01-03;0;0;3;0;0.0;0.0
79;2021-01-04;1;0;4;0;0.0;0.0
79;2021-01-05;0;0;4;0;0.0;0.0
79;2021-01-06;0;0;4;0;0.0;0.0
79;2021-01-07;158;0;162;0;0.0;0.0
79;2021-01-08;165;0;327;0;0.1;0.0
79;2021-01-09;98;0;425;0;0.1;0.0
79;2021-01-10;3;0;428;0;0.1;0.0
79;2021-01-11;184;1;612;1;0.2;0.0
79;2021-01-12;245;1;857;2;0.2;0.0
79;2021-01-13;258;0;1115;2;0.3;0.0
79;2021-01-14;505;7;1620;9;0.4;0.0
79;2021-01-15;616;6;2236;15;0.6;0.0
79;2021-01-16;66;0;2302;15;0.6;0.0
79;2021-01-17;0;0;2302;15;0.6;0.0
79;2021-01-18;477;2;2779;17;0.7;0.0
79;2021-01-19;1360;1;4139;18;1.1;0.0
79;2021-01-20;1677;1;5816;19;1.6;0.0
79;2021-01-21;1998;7;7814;26;2.1;0.0
79;2021-01-22;874;4;8688;30;2.3;0.0
79;2021-01-23;65;0;8753;30;2.3;0.0
79;2021-01-24;0;0;8753;30;2.3;0.0
79;2021-01-25;645;7;9398;37;2.5;0.0
79;2021-01-26;592;13;9990;50;2.7;0.0
79;2021-01-27;741;84;10731;134;2.9;0.0
79;2021-01-28;733;150;11464;284;3.1;0.1
79;2021-01-29;492;88;11956;372;3.2;0.1
79;2021-01-30;0;0;11956;372;3.2;0.1
79;2021-01-31;0;0;11956;372;3.2;0.1
79;2021-02-01;207;111;12163;483;3.3;0.1
79;2021-02-02;334;73;12497;556;3.4;0.1
79;2021-02-03;390;60;12887;616;3.5;0.2
79;2021-02-04;324;109;13211;725;3.5;0.2
79;2021-02-05;360;275;13571;1000;3.6;0.3
79;2021-02-06;3;0;13574;1000;3.6;0.3
79;2021-02-07;22;0;13596;1000;3.6;0.3
79;2021-02-08;283;168;13879;1168;3.7;0.3
79;2021-02-09;457;783;14336;1951;3.8;0.5
79;2021-02-10;618;1195;14954;3146;4.0;0.8
79;2021-02-11;777;1233;15731;4379;4.2;1.2
79;2021-02-12;467;765;16198;5144;4.3;1.4
79;2021-02-13;53;73;16251;5217;4.4;1.4
79;2021-02-14;0;0;16251;5217;4.4;1.4
79;2021-02-15;186;503;16437;5720;4.4;1.5
79;2021-02-16;333;732;16770;6452;4.5;1.7
79;2021-02-17;249;877;17019;7329;4.6;2.0
79;2021-02-18;353;943;17372;8272;4.7;2.2
79;2021-02-19;267;561;17639;8833;4.7;2.4
79;2021-02-20;4;22;17643;8855;4.7;2.4
79;2021-02-21;1;0;17644;8855;4.7;2.4
79;2021-02-22;136;462;17780;9317;4.8;2.5
79;2021-02-23;248;564;18028;9881;4.8;2.7
79;2021-02-24;245;542;18273;10423;4.9;2.8
79;2021-02-25;517;468;18790;10891;5.0;2.9
79;2021-02-26;599;398;19389;11289;5.2;3.0
79;2021-02-27;407;5;19796;11294;5.3;3.0
79;2021-02-28;35;0;19831;11294;5.3;3.0
79;2021-03-01;89;362;19920;11656;5.3;3.1
79;2021-03-02;302;507;20222;12163;5.4;3.3
79;2021-03-03;661;544;20883;12707;5.6;3.4
79;2021-03-04;904;571;21787;13278;5.8;3.6
79;2021-03-05;1217;449;23004;13727;6.2;3.7
79;2021-03-06;611;6;23615;13733;6.3;3.7
79;2021-03-07;77;1;23692;13734;6.4;3.7
79;2021-03-08;344;309;24036;14043;6.5;3.8
79;2021-03-09;841;343;24877;14386;6.7;3.9
79;2021-03-10;1146;406;26023;14792;7.0;4.0
79;2021-03-11;1640;326;27663;15118;7.4;4.1
79;2021-03-12;1720;119;29383;15237;7.9;4.1
79;2021-03-13;1136;12;30519;15249;8.2;4.1
79;2021-03-14;50;0;30569;15249;8.2;4.1
79;2021-03-15;497;158;31066;15407;8.3;4.1
79;2021-03-16;735;146;31801;15553;8.5;4.2
79;2021-03-17;577;107;32378;15660;8.7;4.2
79;2021-03-18;553;202;32931;15862;8.8;4.3
79;2021-03-19;662;258;33593;16120;9.0;4.3
79;2021-03-20;1007;14;34600;16134;9.3;4.3
79;2021-03-21;3;0;34603;16134;9.3;4.3
79;2021-03-22;955;207;35558;16341;9.5;4.4
79;2021-03-23;1592;170;37150;16511;10.0;4.4
79;2021-03-24;1829;162;38979;16673;10.5;4.5
79;2021-03-25;2499;190;41478;16863;11.1;4.5
79;2021-03-26;2406;136;43884;16999;11.8;4.6
79;2021-03-27;769;18;44653;17017;12.0;4.6
79;2021-03-28;1;0;44654;17017;12.0;4.6
79;2021-03-29;2148;114;46802;17131;12.6;4.6
79;2021-03-30;2816;62;49618;17193;13.3;4.6
79;2021-03-31;2777;381;52395;17574;14.1;4.7
79;2021-04-01;2697;382;55092;17956;14.8;4.8
79;2021-04-02;2822;393;57914;18349;15.5;4.9
79;2021-04-03;634;54;58548;18403;15.7;4.9
79;2021-04-04;3;0;58551;18403;15.7;4.9
79;2021-04-05;380;4;58931;18407;15.8;4.9
79;2021-04-06;1794;584;60725;18991;16.3;5.1
79;2021-04-07;3117;736;63842;19727;17.1;5.3
79;2021-04-08;2630;694;66472;20421;17.8;5.5
79;2021-04-09;3738;547;70210;20968;18.8;5.6
79;2021-04-10;1466;385;71676;21353;19.2;5.7
79;2021-04-11;4;0;71680;21353;19.2;5.7
79;2021-04-12;1753;354;73433;21707;19.7;5.8
79;2021-04-13;2174;750;75607;22457;20.3;6.0
79;2021-04-14;2481;674;78088;23131;21.0;6.2
79;2021-04-15;2215;667;80303;23798;21.6;6.4
79;2021-04-16;1414;441;81717;24239;21.9;6.5
79;2021-04-17;581;352;82298;24591;22.1;6.6
79;2021-04-18;1;14;82299;24605;22.1;6.6
79;2021-04-19;1089;841;83388;25446;22.4;6.8
79;2021-04-20;1507;1229;84895;26675;22.8;7.2
79;2021-04-21;1419;1440;86314;28115;23.2;7.5
79;2021-04-22;1572;1084;87886;29199;23.6;7.8
79;2021-04-23;1317;1188;89203;30387;23.9;8.2
79;2021-04-24;653;462;89856;30849;24.1;8.3
79;2021-04-25;1;0;89857;30849;24.1;8.3
79;2021-04-26;1343;1813;91200;32662;24.5;8.8
79;2021-04-27;1898;2352;93098;35014;25.0;9.4
79;2021-04-28;1456;2868;94554;37882;25.4;10.2
79;2021-04-29;2105;2255;96659;40137;25.9;10.8
79;2021-04-30;2114;2461;98773;42598;26.5;11.4
79;2021-05-01;521;379;99294;42977;26.6;11.5
79;2021-05-02;1;11;99295;42988;26.6;11.5
79;2021-05-03;1182;1292;100477;44280;27.0;11.9
79;2021-05-04;1733;2331;102210;46611;27.4;12.5
79;2021-05-05;1695;2483;103905;49094;27.9;13.2
79;2021-05-06;2328;2223;106233;51317;28.5;13.8
79;2021-05-07;2087;2804;108320;54121;29.1;14.5
79;2021-05-08;199;506;108519;54627;29.1;14.7
79;2021-05-09;0;0;108519;54627;29.1;14.7
79;2021-05-10;1584;1788;110103;56415;29.5;15.1
79;2021-05-11;2310;1650;112413;58065;30.2;15.6
79;2021-05-12;1999;2678;114412;60743;30.7;16.3
79;2021-05-13;640;290;115052;61033;30.9;16.4
79;2021-05-14;2100;673;117152;61706;31.4;16.6
79;2021-05-15;1399;499;118551;62205;31.8;16.7
79;2021-05-16;1;22;118552;62227;31.8;16.7
79;2021-05-17;1876;1087;120428;63314;32.3;17.0
79;2021-05-18;2971;1272;123399;64586;33.1;17.3
79;2021-05-19;2897;968;126296;65554;33.9;17.6
79;2021-05-20;3106;1247;129402;66801;34.7;17.9
79;2021-05-21;2768;1066;132170;67867;35.5;18.2
79;2021-05-22;1084;261;133254;68128;35.8;18.3
79;2021-05-23;1;0;133255;68128;35.8;18.3
79;2021-05-24;161;20;133416;68148;35.8;18.3
79;2021-05-25;3199;990;136615;69138;36.7;18.6
79;2021-05-26;3314;853;139929;69991;37.6;18.8
79;2021-05-27;3590;1719;143519;71710;38.5;19.2
79;2021-05-28;3330;1823;146849;73533;39.4;19.7
79;2021-05-29;1073;451;147922;73984;39.7;19.9
79;2021-05-30;3;1;147925;73985;39.7;19.9
79;2021-05-31;2382;733;150307;74718;40.3;20.1
79;2021-06-01;3021;1576;153328;76294;41.1;20.5
79;2021-06-02;4065;1167;157393;77461;42.2;20.8
79;2021-06-03;4089;1756;161482;79217;43.3;21.3
79;2021-06-04;4144;2033;165626;81250;44.4;21.8
79;2021-06-05;2802;758;168428;82008;45.2;22.0
79;2021-06-06;696;39;169124;82047;45.4;22.0
79;2021-06-07;2809;1413;171933;83460;46.1;22.4
79;2021-06-08;2982;2068;174915;85528;46.9;23.0
79;2021-06-09;3631;1938;178546;87466;47.9;23.5
79;2021-06-10;3020;1976;181566;89442;48.7;24.0
79;2021-06-11;3767;2316;185333;91758;49.7;24.6
79;2021-06-12;1704;610;187037;92368;50.2;24.8
79;2021-06-13;214;24;187251;92392;50.3;24.8
79;2021-06-14;1247;1692;188498;94084;50.6;25.2
79;2021-06-15;1881;2362;190379;96446;51.1;25.9
79;2021-06-16;2206;2248;192585;98694;51.7;26.5
79;2021-06-17;2238;2617;194823;101311;52.3;27.2
79;2021-06-18;2413;2324;197236;103635;52.9;27.8
79;2021-06-19;1246;581;198482;104216;53.3;28.0
79;2021-06-20;3;2;198485;104218;53.3;28.0
79;2021-06-21;1233;2282;199718;106500;53.6;28.6
79;2021-06-22;1548;2875;201266;109375;54.0;29.4
79;2021-06-23;1771;2548;203037;111923;54.5;30.0
79;2021-06-24;2107;2004;205144;113927;55.1;30.6
79;2021-06-25;1488;2843;206632;116770;55.5;31.3
79;2021-06-26;870;808;207502;117578;55.7;31.6
79;2021-06-27;13;6;207515;117584;55.7;31.6
79;2021-06-28;1056;2622;208571;120206;56.0;32.3
79;2021-06-29;1474;3550;210045;123756;56.4;33.2
79;2021-06-30;1355;3448;211400;127204;56.7;34.1
79;2021-07-01;1203;3785;212603;130989;57.1;35.2
79;2021-07-02;1490;3347;214093;134336;57.5;36.1
79;2021-07-03;399;1504;214492;135840;57.6;36.5
79;2021-07-04;2;9;214494;135849;57.6;36.5
79;2021-07-05;751;2118;215245;137967;57.8;37.0
79;2021-07-06;947;3666;216192;141633;58.0;38.0
79;2021-07-07;1332;4308;217524;145941;58.4;39.2
79;2021-07-08;1102;4045;218626;149986;58.7;40.3
79;2021-07-09;837;3719;219463;153705;58.9;41.2
79;2021-07-10;515;1316;219978;155021;59.0;41.6
79;2021-07-11;2;12;219980;155033;59.0;41.6
79;2021-07-12;545;3694;220525;158727;59.2;42.6
79;2021-07-13;999;5188;221524;163915;59.4;44.0
79;2021-07-14;133;874;221657;164789;59.5;44.2
79;2021-07-15;1234;4684;222891;169473;59.8;45.5
79;2021-07-16;1333;4364;224224;173837;60.2;46.7
79;2021-07-17;576;2425;224800;176262;60.3;47.3
79;2021-07-18;44;498;224844;176760;60.3;47.4
79;2021-07-19;735;3317;225579;180077;60.5;48.3
79;2021-07-20;1226;3948;226805;184025;60.9;49.4
79;2021-07-21;1179;4199;227984;188224;61.2;50.5
79;2021-07-22;1355;3978;229339;192202;61.5;51.6
79;2021-07-23;1350;4556;230689;196758;61.9;52.8
79;2021-07-24;865;1498;231554;198256;62.1;53.2
79;2021-07-25;55;326;231609;198582;62.2;53.3
79;2021-07-26;1374;2598;232983;201180;62.5;54.0
79;2021-07-27;2084;2997;235067;204177;63.1;54.8
79;2021-07-28;2496;2494;237563;206671;63.8;55.5
79;2021-07-29;3006;2859;240569;209530;64.6;56.2
79;2021-07-30;2138;2823;242707;212353;65.1;57.0
79;2021-07-31;887;1157;243594;213510;65.4;57.3
79;2021-08-01;3;3;243597;213513;65.4;57.3
79;2021-08-02;1795;1545;245392;215058;65.9;57.7
79;2021-08-03;2817;2052;248209;217110;66.6;58.3
79;2021-08-04;2985;1746;251194;218856;67.4;58.7
79;2021-08-05;2895;2214;254089;221070;68.2;59.3
79;2021-08-06;2524;1641;256613;222711;68.9;59.8
79;2021-08-07;870;814;257483;223525;69.1;60.0
79;2021-08-08;1;3;257484;223528;69.1;60.0
79;2021-08-09;2485;1083;259969;224611;69.8;60.3
79;2021-08-10;2970;1542;262939;226153;70.6;60.7
79;2021-08-11;2572;1663;265511;227816;71.3;61.1
79;2021-08-12;2760;1425;268271;229241;72.0;61.5
79;2021-08-13;2841;1061;271112;230302;72.8;61.8
79;2021-08-14;517;391;271629;230693;72.9;61.9
79;2021-08-15;6;5;271635;230698;72.9;61.9
79;2021-08-16;1762;1197;273397;231895;73.4;62.2
79;2021-08-17;2099;1591;275496;233486;73.9;62.7
79;2021-08-18;1919;1914;277415;235400;74.4;63.2
79;2021-08-19;1612;1710;279027;237110;74.9;63.6
79;2021-08-20;1507;2158;280534;239268;75.3;64.2
79;2021-08-21;236;542;280770;239810;75.3;64.4
79;2021-08-22;1;21;280771;239831;75.3;64.4
79;2021-08-23;858;2175;281629;242006;75.6;64.9
79;2021-08-24;1065;2483;282694;244489;75.9;65.6
79;2021-08-25;1044;2755;283738;247244;76.1;66.4
79;2021-08-26;1015;2329;284753;249573;76.4;67.0
79;2021-08-27;609;2056;285362;251629;76.6;67.5
79;2021-08-28;293;839;285655;252468;76.7;67.8
79;2021-08-29;7;5;285662;252473;76.7;67.8
79;2021-08-30;554;2365;286216;254838;76.8;68.4
80;2020-12-27;0;0;0;0;0.0;0.0
80;2020-12-28;0;0;0;0;0.0;0.0
80;2020-12-29;11;0;11;0;0.0;0.0
80;2020-12-30;0;0;11;0;0.0;0.0
80;2020-12-31;0;0;11;0;0.0;0.0
80;2021-01-01;0;0;11;0;0.0;0.0
80;2021-01-02;0;0;11;0;0.0;0.0
80;2021-01-03;1;0;12;0;0.0;0.0
80;2021-01-04;0;0;12;0;0.0;0.0
80;2021-01-05;0;0;12;0;0.0;0.0
80;2021-01-06;30;0;42;0;0.0;0.0
80;2021-01-07;276;2;318;2;0.1;0.0
80;2021-01-08;330;0;648;2;0.1;0.0
80;2021-01-09;108;0;756;2;0.1;0.0
80;2021-01-10;21;0;777;2;0.1;0.0
80;2021-01-11;276;0;1053;2;0.2;0.0
80;2021-01-12;428;1;1481;3;0.3;0.0
80;2021-01-13;514;3;1995;6;0.4;0.0
80;2021-01-14;453;4;2448;10;0.4;0.0
80;2021-01-15;330;1;2778;11;0.5;0.0
80;2021-01-16;103;1;2881;12;0.5;0.0
80;2021-01-17;102;1;2983;13;0.5;0.0
80;2021-01-18;412;2;3395;15;0.6;0.0
80;2021-01-19;962;16;4357;31;0.8;0.0
80;2021-01-20;1086;9;5443;40;1.0;0.0
80;2021-01-21;1010;9;6453;49;1.1;0.0
80;2021-01-22;1113;4;7566;53;1.3;0.0
80;2021-01-23;908;2;8474;55;1.5;0.0
80;2021-01-24;824;5;9298;60;1.6;0.0
80;2021-01-25;1541;9;10839;69;1.9;0.0
80;2021-01-26;1480;11;12319;80;2.2;0.0
80;2021-01-27;822;26;13141;106;2.3;0.0
80;2021-01-28;623;172;13764;278;2.4;0.0
80;2021-01-29;637;215;14401;493;2.5;0.1
80;2021-01-30;85;59;14486;552;2.5;0.1
80;2021-01-31;0;0;14486;552;2.5;0.1
80;2021-02-01;26;254;14512;806;2.5;0.1
80;2021-02-02;21;442;14533;1248;2.6;0.2
80;2021-02-03;29;540;14562;1788;2.6;0.3
80;2021-02-04;278;348;14840;2136;2.6;0.4
80;2021-02-05;347;211;15187;2347;2.7;0.4
80;2021-02-06;168;68;15355;2415;2.7;0.4
80;2021-02-07;1;0;15356;2415;2.7;0.4
80;2021-02-08;426;241;15782;2656;2.8;0.5
80;2021-02-09;686;244;16468;2900;2.9;0.5
80;2021-02-10;606;495;17074;3395;3.0;0.6
80;2021-02-11;861;352;17935;3747;3.1;0.7
80;2021-02-12;944;316;18879;4063;3.3;0.7
80;2021-02-13;196;427;19075;4490;3.3;0.8
80;2021-02-14;78;572;19153;5062;3.4;0.9
80;2021-02-15;606;1017;19759;6079;3.5;1.1
80;2021-02-16;688;1131;20447;7210;3.6;1.3
80;2021-02-17;485;1170;20932;8380;3.7;1.5
80;2021-02-18;569;1137;21501;9517;3.8;1.7
80;2021-02-19;503;848;22004;10365;3.9;1.8
80;2021-02-20;22;511;22026;10876;3.9;1.9
80;2021-02-21;47;45;22073;10921;3.9;1.9
80;2021-02-22;149;573;22222;11494;3.9;2.0
80;2021-02-23;471;688;22693;12182;4.0;2.1
80;2021-02-24;431;675;23124;12857;4.1;2.3
80;2021-02-25;815;533;23939;13390;4.2;2.4
80;2021-02-26;1063;521;25002;13911;4.4;2.4
80;2021-02-27;476;70;25478;13981;4.5;2.5
80;2021-02-28;49;24;25527;14005;4.5;2.5
80;2021-03-01;728;68;26255;14073;4.6;2.5
80;2021-03-02;1014;92;27269;14165;4.8;2.5
80;2021-03-03;982;57;28251;14222;5.0;2.5
80;2021-03-04;1391;238;29642;14460;5.2;2.5
80;2021-03-05;1874;332;31516;14792;5.5;2.6
80;2021-03-06;2918;333;34434;15125;6.0;2.7
80;2021-03-07;1843;82;36277;15207;6.4;2.7
80;2021-03-08;715;605;36992;15812;6.5;2.8
80;2021-03-09;1310;907;38302;16719;6.7;2.9
80;2021-03-10;1724;754;40026;17473;7.0;3.1
80;2021-03-11;1910;821;41936;18294;7.4;3.2
80;2021-03-12;3138;747;45074;19041;7.9;3.3
80;2021-03-13;4007;206;49081;19247;8.6;3.4
80;2021-03-14;350;14;49431;19261;8.7;3.4
80;2021-03-15;1014;248;50445;19509;8.9;3.4
80;2021-03-16;882;345;51327;19854;9.0;3.5
80;2021-03-17;665;278;51992;20132;9.1;3.5
80;2021-03-18;1002;297;52994;20429;9.3;3.6
80;2021-03-19;1738;383;54732;20812;9.6;3.7
80;2021-03-20;3822;115;58554;20927;10.3;3.7
80;2021-03-21;486;31;59040;20958;10.4;3.7
80;2021-03-22;903;292;59943;21250;10.5;3.7
80;2021-03-23;1713;417;61656;21667;10.8;3.8
80;2021-03-24;1755;466;63411;22133;11.1;3.9
80;2021-03-25;2714;450;66125;22583;11.6;4.0
80;2021-03-26;3105;422;69230;23005;12.2;4.0
80;2021-03-27;2235;226;71465;23231;12.5;4.1
80;2021-03-28;676;95;72141;23326;12.7;4.1
80;2021-03-29;1980;753;74121;24079;13.0;4.2
80;2021-03-30;1969;870;76090;24949;13.4;4.4
80;2021-03-31;1495;982;77585;25931;13.6;4.6
80;2021-04-01;1951;1489;79536;27420;14.0;4.8
80;2021-04-02;2811;1573;82347;28993;14.5;5.1
80;2021-04-03;3046;856;85393;29849;15.0;5.2
80;2021-04-04;134;8;85527;29857;15.0;5.2
80;2021-04-05;684;199;86211;30056;15.1;5.3
80;2021-04-06;1280;965;87491;31021;15.4;5.4
80;2021-04-07;1624;1200;89115;32221;15.6;5.7
80;2021-04-08;2154;841;91269;33062;16.0;5.8
80;2021-04-09;3529;1349;94798;34411;16.6;6.0
80;2021-04-10;2738;1945;97536;36356;17.1;6.4
80;2021-04-11;189;176;97725;36532;17.2;6.4
80;2021-04-12;1814;486;99539;37018;17.5;6.5
80;2021-04-13;2385;1035;101924;38053;17.9;6.7
80;2021-04-14;2769;1147;104693;39200;18.4;6.9
80;2021-04-15;3730;870;108423;40070;19.0;7.0
80;2021-04-16;3337;872;111760;40942;19.6;7.2
80;2021-04-17;1653;2298;113413;43240;19.9;7.6
80;2021-04-18;372;390;113785;43630;20.0;7.7
80;2021-04-19;951;773;114736;44403;20.1;7.8
80;2021-04-20;1612;818;116348;45221;20.4;7.9
80;2021-04-21;1612;998;117960;46219;20.7;8.1
80;2021-04-22;2167;1251;120127;47470;21.1;8.3
80;2021-04-23;2638;1246;122765;48716;21.5;8.6
80;2021-04-24;1357;1191;124122;49907;21.8;8.8
80;2021-04-25;209;531;124331;50438;21.8;8.9
80;2021-04-26;1295;1444;125626;51882;22.0;9.1
80;2021-04-27;2024;1396;127650;53278;22.4;9.4
80;2021-04-28;2199;1394;129849;54672;22.8;9.6
80;2021-04-29;3219;1881;133068;56553;23.4;9.9
80;2021-04-30;3081;2856;136149;59409;23.9;10.4
80;2021-05-01;987;660;137136;60069;24.1;10.5
80;2021-05-02;371;53;137507;60122;24.1;10.6
80;2021-05-03;2722;1186;140229;61308;24.6;10.8
80;2021-05-04;2495;1707;142724;63015;25.0;11.1
80;2021-05-05;3365;1896;146089;64911;25.6;11.4
80;2021-05-06;3172;2556;149261;67467;26.2;11.8
80;2021-05-07;3455;2696;152716;70163;26.8;12.3
80;2021-05-08;2782;927;155498;71090;27.3;12.5
80;2021-05-09;1408;268;156906;71358;27.5;12.5
80;2021-05-10;1881;1833;158787;73191;27.9;12.8
80;2021-05-11;3276;1803;162063;74994;28.4;13.2
80;2021-05-12;4703;1576;166766;76570;29.3;13.4
80;2021-05-13;3836;368;170602;76938;29.9;13.5
80;2021-05-14;5189;1404;175791;78342;30.9;13.7
80;2021-05-15;5918;1055;181709;79397;31.9;13.9
80;2021-05-16;2678;309;184387;79706;32.4;14.0
80;2021-05-17;2372;818;186759;80524;32.8;14.1
80;2021-05-18;3948;856;190707;81380;33.5;14.3
80;2021-05-19;4020;945;194727;82325;34.2;14.4
80;2021-05-20;4569;1221;199296;83546;35.0;14.7
80;2021-05-21;4892;1672;204188;85218;35.8;15.0
80;2021-05-22;5032;1157;209220;86375;36.7;15.2
80;2021-05-23;1783;241;211003;86616;37.0;15.2
80;2021-05-24;1469;159;212472;86775;37.3;15.2
80;2021-05-25;2622;1135;215094;87910;37.8;15.4
80;2021-05-26;4252;1703;219346;89613;38.5;15.7
80;2021-05-27;3978;2471;223324;92084;39.2;16.2
80;2021-05-28;3867;2980;227191;95064;39.9;16.7
80;2021-05-29;3699;1634;230890;96698;40.5;17.0
80;2021-05-30;1182;198;232072;96896;40.7;17.0
80;2021-05-31;2605;1373;234677;98269;41.2;17.2
80;2021-06-01;4032;2435;238709;100704;41.9;17.7
80;2021-06-02;3336;2009;242045;102713;42.5;18.0
80;2021-06-03;4267;2931;246312;105644;43.2;18.5
80;2021-06-04;4794;3085;251106;108729;44.1;19.1
80;2021-06-05;3561;2071;254667;110800;44.7;19.4
80;2021-06-06;802;211;255469;111011;44.8;19.5
80;2021-06-07;1752;1945;257221;112956;45.1;19.8
80;2021-06-08;2746;2559;259967;115515;45.6;20.3
80;2021-06-09;3010;2733;262977;118248;46.2;20.8
80;2021-06-10;3168;3171;266145;121419;46.7;21.3
80;2021-06-11;3224;3895;269369;125314;47.3;22.0
80;2021-06-12;3043;2327;272412;127641;47.8;22.4
80;2021-06-13;473;405;272885;128046;47.9;22.5
80;2021-06-14;1265;2851;274150;130897;48.1;23.0
80;2021-06-15;2315;3422;276465;134319;48.5;23.6
80;2021-06-16;1563;4214;278028;138533;48.8;24.3
80;2021-06-17;2362;3625;280390;142158;49.2;25.0
80;2021-06-18;2554;3905;282944;146063;49.7;25.6
80;2021-06-19;2989;4341;285933;150404;50.2;26.4
80;2021-06-20;203;1077;286136;151481;50.2;26.6
80;2021-06-21;1017;2618;287153;154099;50.4;27.0
80;2021-06-22;1151;3935;288304;158034;50.6;27.7
80;2021-06-23;1855;5292;290159;163326;50.9;28.7
80;2021-06-24;1701;4686;291860;168012;51.2;29.5
80;2021-06-25;1375;6124;293235;174136;51.5;30.6
80;2021-06-26;1936;6181;295171;180317;51.8;31.6
80;2021-06-27;332;2031;295503;182348;51.9;32.0
80;2021-06-28;909;3169;296412;185517;52.0;32.6
80;2021-06-29;1923;4620;298335;190137;52.4;33.4
80;2021-06-30;1251;4784;299586;194921;52.6;34.2
80;2021-07-01;1631;4998;301217;199919;52.9;35.1
80;2021-07-02;1881;5987;303098;205906;53.2;36.1
80;2021-07-03;1331;5268;304429;211174;53.4;37.1
80;2021-07-04;692;1469;305121;212643;53.6;37.3
80;2021-07-05;907;2963;306028;215606;53.7;37.8
80;2021-07-06;1873;3986;307901;219592;54.0;38.5
80;2021-07-07;1577;4508;309478;224100;54.3;39.3
80;2021-07-08;2097;5004;311575;229104;54.7;40.2
80;2021-07-09;2619;5472;314194;234576;55.1;41.2
80;2021-07-10;1634;4018;315828;238594;55.4;41.9
80;2021-07-11;406;804;316234;239398;55.5;42.0
80;2021-07-12;882;3379;317116;242777;55.7;42.6
80;2021-07-13;2101;5087;319217;247864;56.0;43.5
80;2021-07-14;2803;1745;322020;249609;56.5;43.8
80;2021-07-15;2810;5297;324830;254906;57.0;44.7
80;2021-07-16;3897;5890;328727;260796;57.7;45.8
80;2021-07-17;3385;4463;332112;265259;58.3;46.6
80;2021-07-18;875;895;332987;266154;58.4;46.7
80;2021-07-19;2162;2884;335149;269038;58.8;47.2
80;2021-07-20;3330;4903;338479;273941;59.4;48.1
80;2021-07-21;3509;4491;341988;278432;60.0;48.9
80;2021-07-22;4374;4571;346362;283003;60.8;49.7
80;2021-07-23;5405;4827;351767;287830;61.7;50.5
80;2021-07-24;4374;4343;356141;292173;62.5;51.3
80;2021-07-25;1185;648;357326;292821;62.7;51.4
80;2021-07-26;2681;2335;360007;295156;63.2;51.8
80;2021-07-27;4368;3709;364375;298865;64.0;52.5
80;2021-07-28;5101;2796;369476;301661;64.8;52.9
80;2021-07-29;4990;3227;374466;304888;65.7;53.5
80;2021-07-30;5028;3640;379494;308528;66.6;54.1
80;2021-07-31;4153;2926;383647;311454;67.3;54.7
80;2021-08-01;1288;362;384935;311816;67.6;54.7
80;2021-08-02;2057;1759;386992;313575;67.9;55.0
80;2021-08-03;3716;2364;390708;315939;68.6;55.5
80;2021-08-04;3366;2488;394074;318427;69.2;55.9
80;2021-08-05;3129;2568;397203;320995;69.7;56.3
80;2021-08-06;3237;2907;400440;323902;70.3;56.8
80;2021-08-07;2419;2659;402859;326561;70.7;57.3
80;2021-08-08;615;722;403474;327283;70.8;57.4
80;2021-08-09;1382;2121;404856;329404;71.1;57.8
80;2021-08-10;2335;2848;407191;332252;71.5;58.3
80;2021-08-11;1933;2483;409124;334735;71.8;58.7
80;2021-08-12;2236;2675;411360;337410;72.2;59.2
80;2021-08-13;1879;3156;413239;340566;72.5;59.8
80;2021-08-14;1410;2142;414649;342708;72.8;60.1
80;2021-08-15;318;672;414967;343380;72.8;60.3
80;2021-08-16;894;2521;415861;345901;73.0;60.7
80;2021-08-17;1703;3547;417564;349448;73.3;61.3
80;2021-08-18;1232;3710;418796;353158;73.5;62.0
80;2021-08-19;1558;3819;420354;356977;73.8;62.7
80;2021-08-20;1257;4427;421611;361404;74.0;63.4
80;2021-08-21;1068;2681;422679;364085;74.2;63.9
80;2021-08-22;145;678;422824;364763;74.2;64.0
80;2021-08-23;576;2995;423400;367758;74.3;64.5
80;2021-08-24;1089;4362;424489;372120;74.5;65.3
80;2021-08-25;970;3672;425459;375792;74.7;66.0
80;2021-08-26;954;3813;426413;379605;74.8;66.6
80;2021-08-27;1011;4447;427424;384052;75.0;67.4
80;2021-08-28;710;3346;428134;387398;75.1;68.0
80;2021-08-29;197;554;428331;387952;75.2;68.1
80;2021-08-30;478;2342;428809;390294;75.3;68.5
81;2020-12-27;0;0;0;0;0.0;0.0
81;2020-12-28;0;0;0;0;0.0;0.0
81;2020-12-29;0;0;0;0;0.0;0.0
81;2020-12-30;0;0;0;0;0.0;0.0
81;2020-12-31;0;0;0;0;0.0;0.0
81;2021-01-01;0;0;0;0;0.0;0.0
81;2021-01-02;0;0;0;0;0.0;0.0
81;2021-01-03;0;0;0;0;0.0;0.0
81;2021-01-04;1;0;1;0;0.0;0.0
81;2021-01-05;0;0;1;0;0.0;0.0
81;2021-01-06;5;0;6;0;0.0;0.0
81;2021-01-07;266;0;272;0;0.1;0.0
81;2021-01-08;312;1;584;1;0.2;0.0
81;2021-01-09;74;1;658;2;0.2;0.0
81;2021-01-10;1;0;659;2;0.2;0.0
81;2021-01-11;133;0;792;2;0.2;0.0
81;2021-01-12;167;0;959;2;0.2;0.0
81;2021-01-13;233;1;1192;3;0.3;0.0
81;2021-01-14;963;8;2155;11;0.6;0.0
81;2021-01-15;524;3;2679;14;0.7;0.0
81;2021-01-16;72;0;2751;14;0.7;0.0
81;2021-01-17;0;0;2751;14;0.7;0.0
81;2021-01-18;580;3;3331;17;0.9;0.0
81;2021-01-19;662;4;3993;21;1.0;0.0
81;2021-01-20;752;2;4745;23;1.2;0.0
81;2021-01-21;1179;5;5924;28;1.5;0.0
81;2021-01-22;855;2;6779;30;1.7;0.0
81;2021-01-23;221;2;7000;32;1.8;0.0
81;2021-01-24;102;0;7102;32;1.8;0.0
81;2021-01-25;568;3;7670;35;2.0;0.0
81;2021-01-26;634;5;8304;40;2.1;0.0
81;2021-01-27;551;3;8855;43;2.3;0.0
81;2021-01-28;700;209;9555;252;2.5;0.1
81;2021-01-29;302;183;9857;435;2.5;0.1
81;2021-01-30;204;37;10061;472;2.6;0.1
81;2021-01-31;104;1;10165;473;2.6;0.1
81;2021-02-01;320;128;10485;601;2.7;0.2
81;2021-02-02;446;142;10931;743;2.8;0.2
81;2021-02-03;476;220;11407;963;2.9;0.2
81;2021-02-04;1414;689;12821;1652;3.3;0.4
81;2021-02-05;869;315;13690;1967;3.5;0.5
81;2021-02-06;274;19;13964;1986;3.6;0.5
81;2021-02-07;103;0;14067;1986;3.6;0.5
81;2021-02-08;275;216;14342;2202;3.7;0.6
81;2021-02-09;419;219;14761;2421;3.8;0.6
81;2021-02-10;371;286;15132;2707;3.9;0.7
81;2021-02-11;651;388;15783;3095;4.1;0.8
81;2021-02-12;579;545;16362;3640;4.2;0.9
81;2021-02-13;188;155;16550;3795;4.3;1.0
81;2021-02-14;100;1;16650;3796;4.3;1.0
81;2021-02-15;234;481;16884;4277;4.4;1.1
81;2021-02-16;281;617;17165;4894;4.4;1.3
81;2021-02-17;242;516;17407;5410;4.5;1.4
81;2021-02-18;482;670;17889;6080;4.6;1.6
81;2021-02-19;567;409;18456;6489;4.8;1.7
81;2021-02-20;322;280;18778;6769;4.8;1.7
81;2021-02-21;23;80;18801;6849;4.8;1.8
81;2021-02-22;232;535;19033;7384;4.9;1.9
81;2021-02-23;168;592;19201;7976;5.0;2.1
81;2021-02-24;291;629;19492;8605;5.0;2.2
81;2021-02-25;716;1054;20208;9659;5.2;2.5
81;2021-02-26;909;955;21117;10614;5.4;2.7
81;2021-02-27;275;242;21392;10856;5.5;2.8
81;2021-02-28;21;88;21413;10944;5.5;2.8
81;2021-03-01;208;410;21621;11354;5.6;2.9
81;2021-03-02;364;544;21985;11898;5.7;3.1
81;2021-03-03;462;422;22447;12320;5.8;3.2
81;2021-03-04;1061;460;23508;12780;6.1;3.3
81;2021-03-05;1407;396;24915;13176;6.4;3.4
81;2021-03-06;981;167;25896;13343;6.7;3.4
81;2021-03-07;154;102;26050;13445;6.7;3.5
81;2021-03-08;465;359;26515;13804;6.8;3.6
81;2021-03-09;813;364;27328;14168;7.0;3.7
81;2021-03-10;899;393;28227;14561;7.3;3.8
81;2021-03-11;1352;359;29579;14920;7.6;3.8
81;2021-03-12;1690;303;31269;15223;8.1;3.9
81;2021-03-13;1030;188;32299;15411;8.3;4.0
81;2021-03-14;66;82;32365;15493;8.3;4.0
81;2021-03-15;1093;225;33458;15718;8.6;4.1
81;2021-03-16;724;227;34182;15945;8.8;4.1
81;2021-03-17;893;280;35075;16225;9.0;4.2
81;2021-03-18;969;577;36044;16802;9.3;4.3
81;2021-03-19;1271;459;37315;17261;9.6;4.4
81;2021-03-20;677;285;37992;17546;9.8;4.5
81;2021-03-21;139;22;38131;17568;9.8;4.5
81;2021-03-22;933;279;39064;17847;10.1;4.6
81;2021-03-23;1421;223;40485;18070;10.4;4.7
81;2021-03-24;1606;264;42091;18334;10.9;4.7
81;2021-03-25;2028;326;44119;18660;11.4;4.8
81;2021-03-26;2102;283;46221;18943;11.9;4.9
81;2021-03-27;1092;37;47313;18980;12.2;4.9
81;2021-03-28;734;40;48047;19020;12.4;4.9
81;2021-03-29;2867;185;50914;19205;13.1;5.0
81;2021-03-30;3055;211;53969;19416;13.9;5.0
81;2021-03-31;2690;299;56659;19715;14.6;5.1
81;2021-04-01;3313;563;59972;20278;15.5;5.2
81;2021-04-02;2612;370;62584;20648;16.1;5.3
81;2021-04-03;1147;304;63731;20952;16.4;5.4
81;2021-04-04;1403;24;65134;20976;16.8;5.4
81;2021-04-05;718;18;65852;20994;17.0;5.4
81;2021-04-06;1597;511;67449;21505;17.4;5.5
81;2021-04-07;1815;584;69264;22089;17.9;5.7
81;2021-04-08;2615;821;71879;22910;18.5;5.9
81;2021-04-09;3051;475;74930;23385;19.3;6.0
81;2021-04-10;1476;513;76406;23898;19.7;6.2
81;2021-04-11;1298;68;77704;23966;20.0;6.2
81;2021-04-12;1220;685;78924;24651;20.3;6.4
81;2021-04-13;2529;792;81453;25443;21.0;6.6
81;2021-04-14;2507;835;83960;26278;21.6;6.8
81;2021-04-15;3098;1201;87058;27479;22.4;7.1
81;2021-04-16;2821;1089;89879;28568;23.2;7.4
81;2021-04-17;1145;296;91024;28864;23.5;7.4
81;2021-04-18;519;146;91543;29010;23.6;7.5
81;2021-04-19;913;822;92456;29832;23.8;7.7
81;2021-04-20;2270;1171;94726;31003;24.4;8.0
81;2021-04-21;2224;1006;96950;32009;25.0;8.3
81;2021-04-22;2817;1059;99767;33068;25.7;8.5
81;2021-04-23;2883;969;102650;34037;26.5;8.8
81;2021-04-24;1327;743;103977;34780;26.8;9.0
81;2021-04-25;454;716;104431;35496;26.9;9.2
81;2021-04-26;1060;2422;105491;37918;27.2;9.8
81;2021-04-27;1597;2352;107088;40270;27.6;10.4
81;2021-04-28;1427;2398;108515;42668;28.0;11.0
81;2021-04-29;1818;2745;110333;45413;28.4;11.7
81;2021-04-30;2014;2351;112347;47764;29.0;12.3
81;2021-05-01;362;685;112709;48449;29.1;12.5
81;2021-05-02;291;1379;113000;49828;29.1;12.8
81;2021-05-03;1116;1170;114116;50998;29.4;13.1
81;2021-05-04;2623;1911;116739;52909;30.1;13.6
81;2021-05-05;2015;1932;118754;54841;30.6;14.1
81;2021-05-06;2748;3457;121502;58298;31.3;15.0
81;2021-05-07;2128;2882;123630;61180;31.9;15.8
81;2021-05-08;963;878;124593;62058;32.1;16.0
81;2021-05-09;534;1351;125127;63409;32.3;16.3
81;2021-05-10;825;1601;125952;65010;32.5;16.8
81;2021-05-11;1661;2575;127613;67585;32.9;17.4
81;2021-05-12;1640;2466;129253;70051;33.3;18.1
81;2021-05-13;1216;564;130469;70615;33.6;18.2
81;2021-05-14;1890;1725;132359;72340;34.1;18.6
81;2021-05-15;1511;621;133870;72961;34.5;18.8
81;2021-05-16;1368;415;135238;73376;34.9;18.9
81;2021-05-17;1167;864;136405;74240;35.2;19.1
81;2021-05-18;1701;1429;138106;75669;35.6;19.5
81;2021-05-19;2643;1244;140749;76913;36.3;19.8
81;2021-05-20;2968;1351;143717;78264;37.1;20.2
81;2021-05-21;2739;1117;146456;79381;37.8;20.5
81;2021-05-22;2815;520;149271;79901;38.5;20.6
81;2021-05-23;1178;74;150449;79975;38.8;20.6
81;2021-05-24;837;81;151286;80056;39.0;20.6
81;2021-05-25;2493;1107;153779;81163;39.6;20.9
81;2021-05-26;1891;800;155670;81963;40.1;21.1
81;2021-05-27;2555;1547;158225;83510;40.8;21.5
81;2021-05-28;2566;1665;160791;85175;41.5;22.0
81;2021-05-29;1400;542;162191;85717;41.8;22.1
81;2021-05-30;935;219;163126;85936;42.1;22.2
81;2021-05-31;1183;1340;164309;87276;42.4;22.5
81;2021-06-01;1781;2696;166090;89972;42.8;23.2
81;2021-06-02;2006;2448;168096;92420;43.3;23.8
81;2021-06-03;2004;2534;170100;94954;43.9;24.5
81;2021-06-04;1845;2948;171945;97902;44.3;25.2
81;2021-06-05;1757;1307;173702;99209;44.8;25.6
81;2021-06-06;370;366;174072;99575;44.9;25.7
81;2021-06-07;1209;1541;175281;101116;45.2;26.1
81;2021-06-08;2371;2388;177652;103504;45.8;26.7
81;2021-06-09;2440;1869;180092;105373;46.4;27.2
81;2021-06-10;1279;1564;181371;106937;46.8;27.6
81;2021-06-11;2655;2202;184026;109139;47.4;28.1
81;2021-06-12;1659;1038;185685;110177;47.9;28.4
81;2021-06-13;444;475;186129;110652;48.0;28.5
81;2021-06-14;774;1420;186903;112072;48.2;28.9
81;2021-06-15;1678;3501;188581;115573;48.6;29.8
81;2021-06-16;1269;3013;189850;118586;48.9;30.6
81;2021-06-17;1344;2525;191194;121111;49.3;31.2
81;2021-06-18;1837;2772;193031;123883;49.8;31.9
81;2021-06-19;825;949;193856;124832;50.0;32.2
81;2021-06-20;405;536;194261;125368;50.1;32.3
81;2021-06-21;426;1040;194687;126408;50.2;32.6
81;2021-06-22;1061;2566;195748;128974;50.5;33.2
81;2021-06-23;1142;2158;196890;131132;50.8;33.8
81;2021-06-24;1115;1938;198005;133070;51.0;34.3
81;2021-06-25;1241;2868;199246;135938;51.4;35.0
81;2021-06-26;722;1712;199968;137650;51.6;35.5
81;2021-06-27;526;1646;200494;139296;51.7;35.9
81;2021-06-28;476;1541;200970;140837;51.8;36.3
81;2021-06-29;1083;2638;202053;143475;52.1;37.0
81;2021-06-30;1042;3155;203095;146630;52.4;37.8
81;2021-07-01;952;2628;204047;149258;52.6;38.5
81;2021-07-02;998;2860;205045;152118;52.9;39.2
81;2021-07-03;732;2829;205777;154947;53.0;39.9
81;2021-07-04;268;1010;206045;155957;53.1;40.2
81;2021-07-05;703;1624;206748;157581;53.3;40.6
81;2021-07-06;975;3177;207723;160758;53.6;41.4
81;2021-07-07;1059;2441;208782;163199;53.8;42.1
81;2021-07-08;1030;2234;209812;165433;54.1;42.6
81;2021-07-09;1147;2704;210959;168137;54.4;43.3
81;2021-07-10;807;1523;211766;169660;54.6;43.7
81;2021-07-11;436;1012;212202;170672;54.7;44.0
81;2021-07-12;737;1726;212939;172398;54.9;44.4
81;2021-07-13;2066;3143;215005;175541;55.4;45.3
81;2021-07-14;1443;1572;216448;177113;55.8;45.7
81;2021-07-15;2546;2764;218994;179877;56.5;46.4
81;2021-07-16;2027;3031;221021;182908;57.0;47.2
81;2021-07-17;1219;2455;222240;185363;57.3;47.8
81;2021-07-18;672;1130;222912;186493;57.5;48.1
81;2021-07-19;1254;1733;224166;188226;57.8;48.5
81;2021-07-20;3065;2808;227231;191034;58.6;49.2
81;2021-07-21;3492;2345;230723;193379;59.5;49.9
81;2021-07-22;3556;2096;234279;195475;60.4;50.4
81;2021-07-23;3173;3248;237452;198723;61.2;51.2
81;2021-07-24;2519;1722;239971;200445;61.9;51.7
81;2021-07-25;1685;710;241656;201155;62.3;51.9
81;2021-07-26;2014;1545;243670;202700;62.8;52.3
81;2021-07-27;3616;2541;247286;205241;63.8;52.9
81;2021-07-28;3049;2200;250335;207441;64.5;53.5
81;2021-07-29;3353;1778;253688;209219;65.4;53.9
81;2021-07-30;2828;2261;256516;211480;66.1;54.5
81;2021-07-31;1948;1010;258464;212490;66.6;54.8
81;2021-08-01;836;636;259300;213126;66.8;54.9
81;2021-08-02;1075;990;260375;214116;67.1;55.2
81;2021-08-03;2315;2115;262690;216231;67.7;55.7
81;2021-08-04;2025;1535;264715;217766;68.2;56.1
81;2021-08-05;1528;1875;266243;219641;68.6;56.6
81;2021-08-06;1726;1975;267969;221616;69.1;57.1
81;2021-08-07;982;1042;268951;222658;69.3;57.4
81;2021-08-08;437;710;269388;223368;69.4;57.6
81;2021-08-09;803;658;270191;224026;69.7;57.8
81;2021-08-10;1599;2756;271790;226782;70.1;58.5
81;2021-08-11;1107;2406;272897;229188;70.4;59.1
81;2021-08-12;1037;2249;273934;231437;70.6;59.7
81;2021-08-13;871;2470;274805;233907;70.8;60.3
81;2021-08-14;493;1873;275298;235780;71.0;60.8
81;2021-08-15;141;1100;275439;236880;71.0;61.1
81;2021-08-16;625;1820;276064;238700;71.2;61.5
81;2021-08-17;1335;3099;277399;241799;71.5;62.3
81;2021-08-18;1057;2359;278456;244158;71.8;62.9
81;2021-08-19;937;2264;279393;246422;72.0;63.5
81;2021-08-20;914;2351;280307;248773;72.3;64.1
81;2021-08-21;465;1534;280772;250307;72.4;64.5
81;2021-08-22;184;929;280956;251236;72.4;64.8
81;2021-08-23;482;1264;281438;252500;72.6;65.1
81;2021-08-24;837;2534;282275;255034;72.8;65.7
81;2021-08-25;699;2052;282974;257086;73.0;66.3
81;2021-08-26;851;2106;283825;259192;73.2;66.8
81;2021-08-27;829;2173;284654;261365;73.4;67.4
81;2021-08-28;472;1410;285126;262775;73.5;67.7
81;2021-08-29;163;829;285289;263604;73.5;68.0
81;2021-08-30;410;1206;285699;264810;73.7;68.3
82;2020-12-27;0;0;0;0;0.0;0.0
82;2020-12-28;2;0;2;0;0.0;0.0
82;2020-12-29;0;0;2;0;0.0;0.0
82;2020-12-30;0;0;2;0;0.0;0.0
82;2020-12-31;0;0;2;0;0.0;0.0
82;2021-01-01;0;0;2;0;0.0;0.0
82;2021-01-02;0;0;2;0;0.0;0.0
82;2021-01-03;0;0;2;0;0.0;0.0
82;2021-01-04;0;0;2;0;0.0;0.0
82;2021-01-05;86;0;88;0;0.0;0.0
82;2021-01-06;1;0;89;0;0.0;0.0
82;2021-01-07;75;0;164;0;0.1;0.0
82;2021-01-08;46;0;210;0;0.1;0.0
82;2021-01-09;77;0;287;0;0.1;0.0
82;2021-01-10;0;0;287;0;0.1;0.0
82;2021-01-11;94;0;381;0;0.1;0.0
82;2021-01-12;284;0;665;0;0.3;0.0
82;2021-01-13;336;1;1001;1;0.4;0.0
82;2021-01-14;442;3;1443;4;0.5;0.0
82;2021-01-15;612;2;2055;6;0.8;0.0
82;2021-01-16;230;3;2285;9;0.9;0.0
82;2021-01-17;89;0;2374;9;0.9;0.0
82;2021-01-18;433;0;2807;9;1.1;0.0
82;2021-01-19;482;1;3289;10;1.3;0.0
82;2021-01-20;663;2;3952;12;1.5;0.0
82;2021-01-21;447;1;4399;13;1.7;0.0
82;2021-01-22;483;2;4882;15;1.9;0.0
82;2021-01-23;151;0;5033;15;1.9;0.0
82;2021-01-24;0;0;5033;15;1.9;0.0
82;2021-01-25;376;0;5409;15;2.1;0.0
82;2021-01-26;468;0;5877;15;2.2;0.0
82;2021-01-27;519;0;6396;15;2.4;0.0
82;2021-01-28;586;34;6982;49;2.7;0.0
82;2021-01-29;405;108;7387;157;2.8;0.1
82;2021-01-30;44;22;7431;179;2.8;0.1
82;2021-01-31;0;0;7431;179;2.8;0.1
82;2021-02-01;294;55;7725;234;2.9;0.1
82;2021-02-02;344;100;8069;334;3.1;0.1
82;2021-02-03;462;66;8531;400;3.2;0.2
82;2021-02-04;765;218;9296;618;3.5;0.2
82;2021-02-05;480;147;9776;765;3.7;0.3
82;2021-02-06;93;39;9869;804;3.8;0.3
82;2021-02-07;29;79;9898;883;3.8;0.3
82;2021-02-08;149;224;10047;1107;3.8;0.4
82;2021-02-09;238;393;10285;1500;3.9;0.6
82;2021-02-10;271;599;10556;2099;4.0;0.8
82;2021-02-11;225;401;10781;2500;4.1;1.0
82;2021-02-12;190;609;10971;3109;4.2;1.2
82;2021-02-13;60;117;11031;3226;4.2;1.2
82;2021-02-14;4;80;11035;3306;4.2;1.3
82;2021-02-15;217;305;11252;3611;4.3;1.4
82;2021-02-16;280;388;11532;3999;4.4;1.5
82;2021-02-17;359;523;11891;4522;4.5;1.7
82;2021-02-18;507;505;12398;5027;4.7;1.9
82;2021-02-19;490;540;12888;5567;4.9;2.1
82;2021-02-20;78;139;12966;5706;4.9;2.2
82;2021-02-21;0;0;12966;5706;4.9;2.2
82;2021-02-22;200;408;13166;6114;5.0;2.3
82;2021-02-23;277;469;13443;6583;5.1;2.5
82;2021-02-24;283;455;13726;7038;5.2;2.7
82;2021-02-25;637;507;14363;7545;5.5;2.9
82;2021-02-26;648;397;15011;7942;5.7;3.0
82;2021-02-27;214;74;15225;8016;5.8;3.1
82;2021-02-28;30;7;15255;8023;5.8;3.1
82;2021-03-01;291;229;15546;8252;5.9;3.1
82;2021-03-02;495;403;16041;8655;6.1;3.3
82;2021-03-03;440;387;16481;9042;6.3;3.4
82;2021-03-04;600;300;17081;9342;6.5;3.6
82;2021-03-05;680;381;17761;9723;6.8;3.7
82;2021-03-06;693;43;18454;9766;7.0;3.7
82;2021-03-07;302;3;18756;9769;7.1;3.7
82;2021-03-08;603;154;19359;9923;7.4;3.8
82;2021-03-09;582;258;19941;10181;7.6;3.9
82;2021-03-10;779;248;20720;10429;7.9;4.0
82;2021-03-11;975;284;21695;10713;8.3;4.1
82;2021-03-12;992;103;22687;10816;8.6;4.1
82;2021-03-13;564;53;23251;10869;8.9;4.1
82;2021-03-14;61;5;23312;10874;8.9;4.1
82;2021-03-15;485;326;23797;11200;9.1;4.3
82;2021-03-16;197;332;23994;11532;9.1;4.4
82;2021-03-17;191;294;24185;11826;9.2;4.5
82;2021-03-18;279;350;24464;12176;9.3;4.6
82;2021-03-19;533;313;24997;12489;9.5;4.8
82;2021-03-20;251;58;25248;12547;9.6;4.8
82;2021-03-21;23;0;25271;12547;9.6;4.8
82;2021-03-22;406;320;25677;12867;9.8;4.9
82;2021-03-23;601;314;26278;13181;10.0;5.0
82;2021-03-24;620;334;26898;13515;10.2;5.1
82;2021-03-25;928;244;27826;13759;10.6;5.2
82;2021-03-26;1216;270;29042;14029;11.1;5.3
82;2021-03-27;479;77;29521;14106;11.2;5.4
82;2021-03-28;136;2;29657;14108;11.3;5.4
82;2021-03-29;925;379;30582;14487;11.6;5.5
82;2021-03-30;1188;280;31770;14767;12.1;5.6
82;2021-03-31;1019;262;32789;15029;12.5;5.7
82;2021-04-01;1072;198;33861;15227;12.9;5.8
82;2021-04-02;1212;286;35073;15513;13.4;5.9
82;2021-04-03;715;132;35788;15645;13.6;6.0
82;2021-04-04;276;14;36064;15659;13.7;6.0
82;2021-04-05;388;20;36452;15679;13.9;6.0
82;2021-04-06;953;511;37405;16190;14.2;6.2
82;2021-04-07;1017;498;38422;16688;14.6;6.4
82;2021-04-08;1454;418;39876;17106;15.2;6.5
82;2021-04-09;1656;472;41532;17578;15.8;6.7
82;2021-04-10;1716;102;43248;17680;16.5;6.7
82;2021-04-11;559;19;43807;17699;16.7;6.7
82;2021-04-12;1348;293;45155;17992;17.2;6.9
82;2021-04-13;1626;272;46781;18264;17.8;7.0
82;2021-04-14;1410;297;48191;18561;18.4;7.1
82;2021-04-15;1781;324;49972;18885;19.0;7.2
82;2021-04-16;1541;333;51513;19218;19.6;7.3
82;2021-04-17;1243;70;52756;19288;20.1;7.3
82;2021-04-18;561;15;53317;19303;20.3;7.4
82;2021-04-19;958;359;54275;19662;20.7;7.5
82;2021-04-20;1268;403;55543;20065;21.1;7.6
82;2021-04-21;1219;374;56762;20439;21.6;7.8
82;2021-04-22;1452;294;58214;20733;22.2;7.9
82;2021-04-23;1076;683;59290;21416;22.6;8.2
82;2021-04-24;1188;264;60478;21680;23.0;8.3
82;2021-04-25;736;48;61214;21728;23.3;8.3
82;2021-04-26;748;809;61962;22537;23.6;8.6
82;2021-04-27;905;924;62867;23461;23.9;8.9
82;2021-04-28;921;899;63788;24360;24.3;9.3
82;2021-04-29;1107;911;64895;25271;24.7;9.6
82;2021-04-30;1041;888;65936;26159;25.1;10.0
82;2021-05-01;1143;258;67079;26417;25.5;10.1
82;2021-05-02;697;145;67776;26562;25.8;10.1
82;2021-05-03;410;1215;68186;27777;26.0;10.6
82;2021-05-04;864;1170;69050;28947;26.3;11.0
82;2021-05-05;568;1173;69618;30120;26.5;11.5
82;2021-05-06;848;1420;70466;31540;26.8;12.0
82;2021-05-07;734;1456;71200;32996;27.1;12.6
82;2021-05-08;935;520;72135;33516;27.5;12.8
82;2021-05-09;753;579;72888;34095;27.8;13.0
82;2021-05-10;850;1365;73738;35460;28.1;13.5
82;2021-05-11;1158;1348;74896;36808;28.5;14.0
82;2021-05-12;1016;1345;75912;38153;28.9;14.5
82;2021-05-13;1454;432;77366;38585;29.5;14.7
82;2021-05-14;1691;1238;79057;39823;30.1;15.2
82;2021-05-15;1935;698;80992;40521;30.8;15.4
82;2021-05-16;558;115;81550;40636;31.1;15.5
82;2021-05-17;1090;1173;82640;41809;31.5;15.9
82;2021-05-18;1466;1190;84106;42999;32.0;16.4
82;2021-05-19;1271;978;85377;43977;32.5;16.7
82;2021-05-20;1408;1161;86785;45138;33.0;17.2
82;2021-05-21;1411;1218;88196;46356;33.6;17.7
82;2021-05-22;2069;631;90265;46987;34.4;17.9
82;2021-05-23;705;117;90970;47104;34.6;17.9
82;2021-05-24;1441;265;92411;47369;35.2;18.0
82;2021-05-25;1445;964;93856;48333;35.7;18.4
82;2021-05-26;1413;921;95269;49254;36.3;18.8
82;2021-05-27;1460;1025;96729;50279;36.8;19.1
82;2021-05-28;1540;1145;98269;51424;37.4;19.6
82;2021-05-29;1496;546;99765;51970;38.0;19.8
82;2021-05-30;402;101;100167;52071;38.1;19.8
82;2021-05-31;1491;991;101658;53062;38.7;20.2
82;2021-06-01;1751;1052;103409;54114;39.4;20.6
82;2021-06-02;1476;1008;104885;55122;39.9;21.0
82;2021-06-03;1490;1184;106375;56306;40.5;21.4
82;2021-06-04;2250;1307;108625;57613;41.4;21.9
82;2021-06-05;2271;987;110896;58600;42.2;22.3
82;2021-06-06;329;133;111225;58733;42.4;22.4
82;2021-06-07;958;1275;112183;60008;42.7;22.8
82;2021-06-08;1445;1141;113628;61149;43.3;23.3
82;2021-06-09;1709;1143;115337;62292;43.9;23.7
82;2021-06-10;1441;1208;116778;63500;44.5;24.2
82;2021-06-11;1922;1125;118700;64625;45.2;24.6
82;2021-06-12;2392;1396;121092;66021;46.1;25.1
82;2021-06-13;379;113;121471;66134;46.3;25.2
82;2021-06-14;1212;1082;122683;67216;46.7;25.6
82;2021-06-15;1462;1245;124145;68461;47.3;26.1
82;2021-06-16;1751;1168;125896;69629;47.9;26.5
82;2021-06-17;1219;1472;127115;71101;48.4;27.1
82;2021-06-18;1469;1439;128584;72540;49.0;27.6
82;2021-06-19;2271;982;130855;73522;49.8;28.0
82;2021-06-20;268;174;131123;73696;49.9;28.1
82;2021-06-21;483;1360;131606;75056;50.1;28.6
82;2021-06-22;892;1709;132498;76765;50.5;29.2
82;2021-06-23;1238;1588;133736;78353;50.9;29.8
82;2021-06-24;757;1905;134493;80258;51.2;30.6
82;2021-06-25;741;1938;135234;82196;51.5;31.3
82;2021-06-26;1240;2144;136474;84340;52.0;32.1
82;2021-06-27;195;438;136669;84778;52.0;32.3
82;2021-06-28;330;1412;136999;86190;52.2;32.8
82;2021-06-29;518;1842;137517;88032;52.4;33.5
82;2021-06-30;948;1912;138465;89944;52.7;34.2
82;2021-07-01;659;1633;139124;91577;53.0;34.9
82;2021-07-02;931;2296;140055;93873;53.3;35.7
82;2021-07-03;859;2340;140914;96213;53.7;36.6
82;2021-07-04;120;439;141034;96652;53.7;36.8
82;2021-07-05;444;1561;141478;98213;53.9;37.4
82;2021-07-06;512;1866;141990;100079;54.1;38.1
82;2021-07-07;791;1777;142781;101856;54.4;38.8
82;2021-07-08;505;1503;143286;103359;54.6;39.4
82;2021-07-09;781;2154;144067;105513;54.9;40.2
82;2021-07-10;706;2216;144773;107729;55.1;41.0
82;2021-07-11;38;380;144811;108109;55.1;41.2
82;2021-07-12;579;1884;145390;109993;55.4;41.9
82;2021-07-13;714;2004;146104;111997;55.6;42.6
82;2021-07-14;617;741;146721;112738;55.9;42.9
82;2021-07-15;858;1752;147579;114490;56.2;43.6
82;2021-07-16;1438;2639;149017;117129;56.7;44.6
82;2021-07-17;561;2185;149578;119314;57.0;45.4
82;2021-07-18;14;41;149592;119355;57.0;45.4
82;2021-07-19;737;2070;150329;121425;57.2;46.2
82;2021-07-20;920;1884;151249;123309;57.6;47.0
82;2021-07-21;1289;1764;152538;125073;58.1;47.6
82;2021-07-22;1081;1764;153619;126837;58.5;48.3
82;2021-07-23;1052;2984;154671;129821;58.9;49.4
82;2021-07-24;1103;1491;155774;131312;59.3;50.0
82;2021-07-25;303;73;156077;131385;59.4;50.0
82;2021-07-26;951;1898;157028;133283;59.8;50.8
82;2021-07-27;1341;1641;158369;134924;60.3;51.4
82;2021-07-28;1468;1499;159837;136423;60.9;51.9
82;2021-07-29;1327;1533;161164;137956;61.4;52.5
82;2021-07-30;1536;2474;162700;140430;62.0;53.5
82;2021-07-31;459;294;163159;140724;62.1;53.6
82;2021-08-01;272;50;163431;140774;62.2;53.6
82;2021-08-02;1272;877;164703;141651;62.7;53.9
82;2021-08-03;1430;830;166133;142481;63.3;54.3
82;2021-08-04;1364;1028;167497;143509;63.8;54.6
82;2021-08-05;1488;599;168985;144108;64.3;54.9
82;2021-08-06;994;647;169979;144755;64.7;55.1
82;2021-08-07;921;1193;170900;145948;65.1;55.6
82;2021-08-08;155;65;171055;146013;65.1;55.6
82;2021-08-09;1072;894;172127;146907;65.5;55.9
82;2021-08-10;1287;915;173414;147822;66.0;56.3
82;2021-08-11;1260;1125;174674;148947;66.5;56.7
82;2021-08-12;1469;945;176143;149892;67.1;57.1
82;2021-08-13;1406;997;177549;150889;67.6;57.5
82;2021-08-14;311;483;177860;151372;67.7;57.6
82;2021-08-15;61;34;177921;151406;67.7;57.7
82;2021-08-16;781;1460;178702;152866;68.0;58.2
82;2021-08-17;1059;1234;179761;154100;68.4;58.7
82;2021-08-18;611;849;180372;154949;68.7;59.0
82;2021-08-19;1003;1146;181375;156095;69.1;59.4
82;2021-08-20;1032;1898;182407;157993;69.5;60.2
82;2021-08-21;495;989;182902;158982;69.6;60.5
82;2021-08-22;21;55;182923;159037;69.7;60.6
82;2021-08-23;741;1294;183664;160331;69.9;61.1
82;2021-08-24;856;1115;184520;161446;70.3;61.5
82;2021-08-25;847;1534;185367;162980;70.6;62.1
82;2021-08-26;594;1096;185961;164076;70.8;62.5
82;2021-08-27;891;1673;186852;165749;71.1;63.1
82;2021-08-28;209;615;187061;166364;71.2;63.3
82;2021-08-29;37;49;187098;166413;71.2;63.4
82;2021-08-30;407;1021;187505;167434;71.4;63.8
83;2020-12-27;1;0;1;0;0.0;0.0
83;2020-12-28;0;0;1;0;0.0;0.0
83;2020-12-29;1;0;2;0;0.0;0.0
83;2020-12-30;1;0;3;0;0.0;0.0
83;2020-12-31;0;0;3;0;0.0;0.0
83;2021-01-01;1;0;4;0;0.0;0.0
83;2021-01-02;0;0;4;0;0.0;0.0
83;2021-01-03;1;0;5;0;0.0;0.0
83;2021-01-04;1;0;6;0;0.0;0.0
83;2021-01-05;3;0;9;0;0.0;0.0
83;2021-01-06;69;0;78;0;0.0;0.0
83;2021-01-07;324;0;402;0;0.0;0.0
83;2021-01-08;421;0;823;0;0.1;0.0
83;2021-01-09;48;0;871;0;0.1;0.0
83;2021-01-10;1;0;872;0;0.1;0.0
83;2021-01-11;475;0;1347;0;0.1;0.0
83;2021-01-12;1002;4;2349;4;0.2;0.0
83;2021-01-13;961;7;3310;11;0.3;0.0
83;2021-01-14;842;5;4152;16;0.4;0.0
83;2021-01-15;701;1;4853;17;0.5;0.0
83;2021-01-16;41;1;4894;18;0.5;0.0
83;2021-01-17;1;0;4895;18;0.5;0.0
83;2021-01-18;1222;4;6117;22;0.6;0.0
83;2021-01-19;2016;7;8133;29;0.8;0.0
83;2021-01-20;1659;10;9792;39;0.9;0.0
83;2021-01-21;2101;8;11893;47;1.1;0.0
83;2021-01-22;1658;5;13551;52;1.3;0.0
83;2021-01-23;244;0;13795;52;1.3;0.0
83;2021-01-24;21;1;13816;53;1.3;0.0
83;2021-01-25;1554;7;15370;60;1.4;0.0
83;2021-01-26;1757;15;17127;75;1.6;0.0
83;2021-01-27;2153;83;19280;158;1.8;0.0
83;2021-01-28;5083;358;24363;516;2.3;0.0
83;2021-01-29;2947;349;27310;865;2.5;0.1
83;2021-01-30;234;45;27544;910;2.6;0.1
83;2021-01-31;46;0;27590;910;2.6;0.1
83;2021-02-01;1278;409;28868;1319;2.7;0.1
83;2021-02-02;1438;719;30306;2038;2.8;0.2
83;2021-02-03;1526;632;31832;2670;3.0;0.2
83;2021-02-04;1483;740;33315;3410;3.1;0.3
83;2021-02-05;1219;673;34534;4083;3.2;0.4
83;2021-02-06;22;14;34556;4097;3.2;0.4
83;2021-02-07;1;0;34557;4097;3.2;0.4
83;2021-02-08;1089;623;35646;4720;3.3;0.4
83;2021-02-09;1324;910;36970;5630;3.4;0.5
83;2021-02-10;1531;797;38501;6427;3.6;0.6
83;2021-02-11;1605;1025;40106;7452;3.7;0.7
83;2021-02-12;1347;825;41453;8277;3.9;0.8
83;2021-02-13;54;25;41507;8302;3.9;0.8
83;2021-02-14;0;0;41507;8302;3.9;0.8
83;2021-02-15;671;1045;42178;9347;3.9;0.9
83;2021-02-16;542;1373;42720;10720;4.0;1.0
83;2021-02-17;804;1824;43524;12544;4.1;1.2
83;2021-02-18;1625;3863;45149;16407;4.2;1.5
83;2021-02-19;1476;2327;46625;18734;4.3;1.7
83;2021-02-20;63;169;46688;18903;4.3;1.8
83;2021-02-21;25;35;46713;18938;4.4;1.8
83;2021-02-22;503;1742;47216;20680;4.4;1.9
83;2021-02-23;671;1438;47887;22118;4.5;2.1
83;2021-02-24;723;1480;48610;23598;4.5;2.2
83;2021-02-25;1248;1400;49858;24998;4.6;2.3
83;2021-02-26;1298;1251;51156;26249;4.8;2.4
83;2021-02-27;552;55;51708;26304;4.8;2.4
83;2021-02-28;10;13;51718;26317;4.8;2.5
83;2021-03-01;811;1238;52529;27555;4.9;2.6
83;2021-03-02;989;1309;53518;28864;5.0;2.7
83;2021-03-03;1437;1526;54955;30390;5.1;2.8
83;2021-03-04;1889;1385;56844;31775;5.3;3.0
83;2021-03-05;2218;1237;59062;33012;5.5;3.1
83;2021-03-06;3009;113;62071;33125;5.8;3.1
83;2021-03-07;2226;42;64297;33167;6.0;3.1
83;2021-03-08;850;1316;65147;34483;6.1;3.2
83;2021-03-09;1931;1226;67078;35709;6.2;3.3
83;2021-03-10;2376;1366;69454;37075;6.5;3.5
83;2021-03-11;3673;2201;73127;39276;6.8;3.7
83;2021-03-12;3645;1512;76772;40788;7.1;3.8
83;2021-03-13;4607;177;81379;40965;7.6;3.8
83;2021-03-14;2336;53;83715;41018;7.8;3.8
83;2021-03-15;3337;670;87052;41688;8.1;3.9
83;2021-03-16;2600;698;89652;42386;8.3;3.9
83;2021-03-17;2847;785;92499;43171;8.6;4.0
83;2021-03-18;3549;796;96048;43967;8.9;4.1
83;2021-03-19;4174;586;100222;44553;9.3;4.1
83;2021-03-20;3476;73;103698;44626;9.7;4.2
83;2021-03-21;2011;30;105709;44656;9.8;4.2
83;2021-03-22;3967;893;109676;45549;10.2;4.2
83;2021-03-23;4753;593;114429;46142;10.7;4.3
83;2021-03-24;5051;723;119480;46865;11.1;4.4
83;2021-03-25;6533;852;126013;47717;11.7;4.4
83;2021-03-26;7176;748;133189;48465;12.4;4.5
83;2021-03-27;3968;387;137157;48852;12.8;4.5
83;2021-03-28;2183;34;139340;48886;13.0;4.6
83;2021-03-29;4555;765;143895;49651;13.4;4.6
83;2021-03-30;5966;952;149861;50603;14.0;4.7
83;2021-03-31;5552;1077;155413;51680;14.5;4.8
83;2021-04-01;5979;1261;161392;52941;15.0;4.9
83;2021-04-02;5763;1073;167155;54014;15.6;5.0
83;2021-04-03;1801;633;168956;54647;15.7;5.1
83;2021-04-04;855;346;169811;54993;15.8;5.1
83;2021-04-05;190;66;170001;55059;15.8;5.1
83;2021-04-06;4730;1403;174731;56462;16.3;5.3
83;2021-04-07;5831;1662;180562;58124;16.8;5.4
83;2021-04-08;7884;2001;188446;60125;17.5;5.6
83;2021-04-09;7598;2200;196044;62325;18.3;5.8
83;2021-04-10;2947;2654;198991;64979;18.5;6.1
83;2021-04-11;1718;2135;200709;67114;18.7;6.2
83;2021-04-12;4952;2877;205661;69991;19.2;6.5
83;2021-04-13;5408;3004;211069;72995;19.7;6.8
83;2021-04-14;5896;2944;216965;75939;20.2;7.1
83;2021-04-15;6776;3040;223741;78979;20.8;7.4
83;2021-04-16;6125;3517;229866;82496;21.4;7.7
83;2021-04-17;3511;2191;233377;84687;21.7;7.9
83;2021-04-18;2176;1295;235553;85982;21.9;8.0
83;2021-04-19;4106;3904;239659;89886;22.3;8.4
83;2021-04-20;4358;3874;244017;93760;22.7;8.7
83;2021-04-21;4302;4155;248319;97915;23.1;9.1
83;2021-04-22;5008;4303;253327;102218;23.6;9.5
83;2021-04-23;4530;4566;257857;106784;24.0;9.9
83;2021-04-24;2630;2712;260487;109496;24.3;10.2
83;2021-04-25;1925;1571;262412;111067;24.4;10.3
83;2021-04-26;3568;3851;265980;114918;24.8;10.7
83;2021-04-27;4138;4555;270118;119473;25.2;11.1
83;2021-04-28;4315;4367;274433;123840;25.6;11.5
83;2021-04-29;5815;5121;280248;128961;26.1;12.0
83;2021-04-30;5787;4307;286035;133268;26.6;12.4
83;2021-05-01;1692;428;287727;133696;26.8;12.5
83;2021-05-02;1237;756;288964;134452;26.9;12.5
83;2021-05-03;3751;4282;292715;138734;27.3;12.9
83;2021-05-04;3344;5101;296059;143835;27.6;13.4
83;2021-05-05;3642;4968;299701;148803;27.9;13.9
83;2021-05-06;4673;4957;304374;153760;28.3;14.3
83;2021-05-07;4168;5317;308542;159077;28.7;14.8
83;2021-05-08;2761;1014;311303;160091;29.0;14.9
83;2021-05-09;2153;1236;313456;161327;29.2;15.0
83;2021-05-10;3202;5426;316658;166753;29.5;15.5
83;2021-05-11;5128;5687;321786;172440;30.0;16.1
83;2021-05-12;6292;4846;328078;177286;30.6;16.5
83;2021-05-13;6582;1347;334660;178633;31.2;16.6
83;2021-05-14;7422;4117;342082;182750;31.9;17.0
83;2021-05-15;7754;2203;349836;184953;32.6;17.2
83;2021-05-16;6628;1251;356464;186204;33.2;17.3
83;2021-05-17;4894;4216;361358;190420;33.7;17.7
83;2021-05-18;5538;3867;366896;194287;34.2;18.1
83;2021-05-19;6209;3411;373105;197698;34.7;18.4
83;2021-05-20;6755;3796;379860;201494;35.4;18.8
83;2021-05-21;7908;3873;387768;205367;36.1;19.1
83;2021-05-22;6091;1721;393859;207088;36.7;19.3
83;2021-05-23;4686;714;398545;207802;37.1;19.4
83;2021-05-24;5810;974;404355;208776;37.7;19.4
83;2021-05-25;5513;4755;409868;213531;38.2;19.9
83;2021-05-26;4859;4441;414727;217972;38.6;20.3
83;2021-05-27;5071;5265;419798;223237;39.1;20.8
83;2021-05-28;4507;5771;424305;229008;39.5;21.3
83;2021-05-29;2707;4274;427012;233282;39.8;21.7
83;2021-05-30;1257;1376;428269;234658;39.9;21.9
83;2021-05-31;5488;4767;433757;239425;40.4;22.3
83;2021-06-01;5729;5308;439486;244733;40.9;22.8
83;2021-06-02;5261;4591;444747;249324;41.4;23.2
83;2021-06-03;5744;5132;450491;254456;42.0;23.7
83;2021-06-04;5447;6051;455938;260507;42.5;24.3
83;2021-06-05;3925;3200;459863;263707;42.8;24.6
83;2021-06-06;1936;1383;461799;265090;43.0;24.7
83;2021-06-07;3918;5095;465717;270185;43.4;25.2
83;2021-06-08;4175;4827;469892;275012;43.8;25.6
83;2021-06-09;4007;4701;473899;279713;44.1;26.0
83;2021-06-10;3997;4261;477896;283974;44.5;26.4
83;2021-06-11;3657;5446;481553;289420;44.8;27.0
83;2021-06-12;2913;2983;484466;292403;45.1;27.2
83;2021-06-13;995;1391;485461;293794;45.2;27.4
83;2021-06-14;2857;5658;488318;299452;45.5;27.9
83;2021-06-15;3167;4861;491485;304313;45.8;28.3
83;2021-06-16;2964;4508;494449;308821;46.0;28.8
83;2021-06-17;2778;5285;497227;314106;46.3;29.3
83;2021-06-18;3159;5962;500386;320068;46.6;29.8
83;2021-06-19;2321;4098;502707;324166;46.8;30.2
83;2021-06-20;674;1888;503381;326054;46.9;30.4
83;2021-06-21;2111;7587;505492;333641;47.1;31.1
83;2021-06-22;2102;7165;507594;340806;47.3;31.7
83;2021-06-23;1935;6927;509529;347733;47.4;32.4
83;2021-06-24;1960;7369;511489;355102;47.6;33.1
83;2021-06-25;2112;8399;513601;363501;47.8;33.9
83;2021-06-26;1463;6808;515064;370309;48.0;34.5
83;2021-06-27;692;3186;515756;373495;48.0;34.8
83;2021-06-28;1571;7890;517327;381385;48.2;35.5
83;2021-06-29;1908;7811;519235;389196;48.4;36.2
83;2021-06-30;2240;7272;521475;396468;48.6;36.9
83;2021-07-01;2554;6568;524029;403036;48.8;37.5
83;2021-07-02;2265;7801;526294;410837;49.0;38.3
83;2021-07-03;1510;5686;527804;416523;49.2;38.8
83;2021-07-04;572;2751;528376;419274;49.2;39.0
83;2021-07-05;1924;7532;530300;426806;49.4;39.7
83;2021-07-06;2573;5939;532873;432745;49.6;40.3
83;2021-07-07;2683;4674;535556;437419;49.9;40.7
83;2021-07-08;3247;4473;538803;441892;50.2;41.2
83;2021-07-09;3041;6961;541844;448853;50.5;41.8
83;2021-07-10;1577;4930;543421;453783;50.6;42.3
83;2021-07-11;1009;1765;544430;455548;50.7;42.4
83;2021-07-12;2139;7684;546569;463232;50.9;43.1
83;2021-07-13;4036;7084;550605;470316;51.3;43.8
83;2021-07-14;2095;1323;552700;471639;51.5;43.9
83;2021-07-15;4584;6846;557284;478485;51.9;44.6
83;2021-07-16;5271;7124;562555;485609;52.4;45.2
83;2021-07-17;3652;5000;566207;490609;52.7;45.7
83;2021-07-18;1605;1312;567812;491921;52.9;45.8
83;2021-07-19;3953;6315;571765;498236;53.2;46.4
83;2021-07-20;5987;6180;577752;504416;53.8;47.0
83;2021-07-21;6028;5206;583780;509622;54.4;47.5
83;2021-07-22;7116;5541;590896;515163;55.0;48.0
83;2021-07-23;7101;5898;597997;521061;55.7;48.5
83;2021-07-24;4646;4561;602643;525622;56.1;48.9
83;2021-07-25;1328;733;603971;526355;56.2;49.0
83;2021-07-26;5548;4935;609519;531290;56.8;49.5
83;2021-07-27;6829;4892;616348;536182;57.4;49.9
83;2021-07-28;6588;4410;622936;540592;58.0;50.3
83;2021-07-29;7489;4845;630425;545437;58.7;50.8
83;2021-07-30;6955;4751;637380;550188;59.4;51.2
83;2021-07-31;4666;3213;642046;553401;59.8;51.5
83;2021-08-01;1064;849;643110;554250;59.9;51.6
83;2021-08-02;5750;3693;648860;557943;60.4;52.0
83;2021-08-03;6372;3987;655232;561930;61.0;52.3
83;2021-08-04;5892;3701;661124;565631;61.6;52.7
83;2021-08-05;6152;4070;667276;569701;62.1;53.1
83;2021-08-06;6138;4903;673414;574604;62.7;53.5
83;2021-08-07;3747;3543;677161;578147;63.1;53.8
83;2021-08-08;1063;820;678224;578967;63.2;53.9
83;2021-08-09;4702;4634;682926;583601;63.6;54.3
83;2021-08-10;5216;5139;688142;588740;64.1;54.8
83;2021-08-11;4570;5065;692712;593805;64.5;55.3
83;2021-08-12;4894;5551;697606;599356;65.0;55.8
83;2021-08-13;4905;5743;702511;605099;65.4;56.3
83;2021-08-14;3194;3882;705705;608981;65.7;56.7
83;2021-08-15;202;391;705907;609372;65.7;56.7
83;2021-08-16;3618;5463;709525;614835;66.1;57.3
83;2021-08-17;3553;5263;713078;620098;66.4;57.7
83;2021-08-18;3571;4988;716649;625086;66.7;58.2
83;2021-08-19;4158;6241;720807;631327;67.1;58.8
83;2021-08-20;3598;6498;724405;637825;67.5;59.4
83;2021-08-21;2335;4481;726740;642306;67.7;59.8
83;2021-08-22;630;1026;727370;643332;67.7;59.9
83;2021-08-23;2493;5775;729863;649107;68.0;60.4
83;2021-08-24;2869;5899;732732;655006;68.2;61.0
83;2021-08-25;2558;5261;735290;660267;68.5;61.5
83;2021-08-26;2758;5819;738048;666086;68.7;62.0
83;2021-08-27;2872;5899;740920;671985;69.0;62.6
83;2021-08-28;1912;4517;742832;676502;69.2;63.0
83;2021-08-29;472;1159;743304;677661;69.2;63.1
83;2021-08-30;2334;4939;745638;682600;69.4;63.6
84;2020-12-27;0;0;0;0;0.0;0.0
84;2020-12-28;0;0;0;0;0.0;0.0
84;2020-12-29;0;0;0;0;0.0;0.0
84;2020-12-30;0;0;0;0;0.0;0.0
84;2020-12-31;0;0;0;0;0.0;0.0
84;2021-01-01;0;0;0;0;0.0;0.0
84;2021-01-02;0;0;0;0;0.0;0.0
84;2021-01-03;0;0;0;0;0.0;0.0
84;2021-01-04;0;0;0;0;0.0;0.0
84;2021-01-05;0;0;0;0;0.0;0.0
84;2021-01-06;0;0;0;0;0.0;0.0
84;2021-01-07;69;0;69;0;0.0;0.0
84;2021-01-08;81;0;150;0;0.0;0.0
84;2021-01-09;30;0;180;0;0.0;0.0
84;2021-01-10;0;0;180;0;0.0;0.0
84;2021-01-11;219;0;399;0;0.1;0.0
84;2021-01-12;623;2;1022;2;0.2;0.0
84;2021-01-13;358;0;1380;2;0.2;0.0
84;2021-01-14;946;12;2326;14;0.4;0.0
84;2021-01-15;617;10;2943;24;0.5;0.0
84;2021-01-16;166;0;3109;24;0.6;0.0
84;2021-01-17;29;1;3138;25;0.6;0.0
84;2021-01-18;696;3;3834;28;0.7;0.0
84;2021-01-19;877;2;4711;30;0.8;0.0
84;2021-01-20;1018;4;5729;34;1.0;0.0
84;2021-01-21;1048;5;6777;39;1.2;0.0
84;2021-01-22;1134;1;7911;40;1.4;0.0
84;2021-01-23;248;0;8159;40;1.5;0.0
84;2021-01-24;3;0;8162;40;1.5;0.0
84;2021-01-25;806;0;8968;40;1.6;0.0
84;2021-01-26;938;5;9906;45;1.8;0.0
84;2021-01-27;1071;2;10977;47;2.0;0.0
84;2021-01-28;1621;18;12598;65;2.2;0.0
84;2021-01-29;1201;63;13799;128;2.5;0.0
84;2021-01-30;171;20;13970;148;2.5;0.0
84;2021-01-31;7;0;13977;148;2.5;0.0
84;2021-02-01;658;146;14635;294;2.6;0.1
84;2021-02-02;787;267;15422;561;2.7;0.1
84;2021-02-03;759;242;16181;803;2.9;0.1
84;2021-02-04;911;397;17092;1200;3.0;0.2
84;2021-02-05;727;414;17819;1614;3.2;0.3
84;2021-02-06;127;49;17946;1663;3.2;0.3
84;2021-02-07;0;0;17946;1663;3.2;0.3
84;2021-02-08;568;273;18514;1936;3.3;0.3
84;2021-02-09;692;716;19206;2652;3.4;0.5
84;2021-02-10;557;568;19763;3220;3.5;0.6
84;2021-02-11;546;584;20309;3804;3.6;0.7
84;2021-02-12;562;678;20871;4482;3.7;0.8
84;2021-02-13;46;168;20917;4650;3.7;0.8
84;2021-02-14;3;0;20920;4650;3.7;0.8
84;2021-02-15;209;889;21129;5539;3.8;1.0
84;2021-02-16;222;823;21351;6362;3.8;1.1
84;2021-02-17;447;779;21798;7141;3.9;1.3
84;2021-02-18;557;1099;22355;8240;4.0;1.5
84;2021-02-19;737;1181;23092;9421;4.1;1.7
84;2021-02-20;65;152;23157;9573;4.1;1.7
84;2021-02-21;6;37;23163;9610;4.1;1.7
84;2021-02-22;369;744;23532;10354;4.2;1.8
84;2021-02-23;271;700;23803;11054;4.2;2.0
84;2021-02-24;393;733;24196;11787;4.3;2.1
84;2021-02-25;713;851;24909;12638;4.4;2.3
84;2021-02-26;823;679;25732;13317;4.6;2.4
84;2021-02-27;133;126;25865;13443;4.6;2.4
84;2021-02-28;17;0;25882;13443;4.6;2.4
84;2021-03-01;456;665;26338;14108;4.7;2.5
84;2021-03-02;631;809;26969;14917;4.8;2.7
84;2021-03-03;820;948;27789;15865;5.0;2.8
84;2021-03-04;1097;689;28886;16554;5.1;3.0
84;2021-03-05;1311;520;30197;17074;5.4;3.0
84;2021-03-06;1460;65;31657;17139;5.6;3.1
84;2021-03-07;481;16;32138;17155;5.7;3.1
84;2021-03-08;812;611;32950;17766;5.9;3.2
84;2021-03-09;1387;781;34337;18547;6.1;3.3
84;2021-03-10;1473;669;35810;19216;6.4;3.4
84;2021-03-11;1984;644;37794;19860;6.7;3.5
84;2021-03-12;2079;633;39873;20493;7.1;3.7
84;2021-03-13;746;36;40619;20529;7.2;3.7
84;2021-03-14;247;53;40866;20582;7.3;3.7
84;2021-03-15;1069;310;41935;20892;7.5;3.7
84;2021-03-16;1180;333;43115;21225;7.7;3.8
84;2021-03-17;1146;442;44261;21667;7.9;3.9
84;2021-03-18;1457;399;45718;22066;8.1;3.9
84;2021-03-19;2175;458;47893;22524;8.5;4.0
84;2021-03-20;839;25;48732;22549;8.7;4.0
84;2021-03-21;150;11;48882;22560;8.7;4.0
84;2021-03-22;1158;462;50040;23022;8.9;4.1
84;2021-03-23;1915;465;51955;23487;9.3;4.2
84;2021-03-24;2178;401;54133;23888;9.6;4.3
84;2021-03-25;3656;401;57789;24289;10.3;4.3
84;2021-03-26;3318;488;61107;24777;10.9;4.4
84;2021-03-27;914;57;62021;24834;11.1;4.4
84;2021-03-28;73;2;62094;24836;11.1;4.4
84;2021-03-29;1717;531;63811;25367;11.4;4.5
84;2021-03-30;2668;684;66479;26051;11.9;4.6
84;2021-03-31;2405;648;68884;26699;12.3;4.8
84;2021-04-01;3021;577;71905;27276;12.8;4.9
84;2021-04-02;2451;530;74356;27806;13.3;5.0
84;2021-04-03;510;28;74866;27834;13.3;5.0
84;2021-04-04;12;0;74878;27834;13.3;5.0
84;2021-04-05;812;103;75690;27937;13.5;5.0
84;2021-04-06;2143;845;77833;28782;13.9;5.1
84;2021-04-07;2403;866;80236;29648;14.3;5.3
84;2021-04-08;3653;1036;83889;30684;15.0;5.5
84;2021-04-09;4118;948;88007;31632;15.7;5.6
84;2021-04-10;1308;132;89315;31764;15.9;5.7
84;2021-04-11;37;12;89352;31776;15.9;5.7
84;2021-04-12;2091;805;91443;32581;16.3;5.8
84;2021-04-13;2942;1371;94385;33952;16.8;6.1
84;2021-04-14;2811;1357;97196;35309;17.3;6.3
84;2021-04-15;3274;1422;100470;36731;17.9;6.5
84;2021-04-16;3430;1548;103900;38279;18.5;6.8
84;2021-04-17;1666;198;105566;38477;18.8;6.9
84;2021-04-18;38;1;105604;38478;18.8;6.9
84;2021-04-19;2505;921;108109;39399;19.3;7.0
84;2021-04-20;2626;1531;110735;40930;19.7;7.3
84;2021-04-21;2651;1489;113386;42419;20.2;7.6
84;2021-04-22;3011;1736;116397;44155;20.7;7.9
84;2021-04-23;3036;1897;119433;46052;21.3;8.2
84;2021-04-24;1531;288;120964;46340;21.6;8.3
84;2021-04-25;27;2;120991;46342;21.6;8.3
84;2021-04-26;2196;1369;123187;47711;22.0;8.5
84;2021-04-27;2553;1986;125740;49697;22.4;8.9
84;2021-04-28;2817;1843;128557;51540;22.9;9.2
84;2021-04-29;3420;2033;131977;53573;23.5;9.5
84;2021-04-30;3133;2425;135110;55998;24.1;10.0
84;2021-05-01;457;258;135567;56256;24.2;10.0
84;2021-05-02;2;0;135569;56256;24.2;10.0
84;2021-05-03;2164;1632;137733;57888;24.6;10.3
84;2021-05-04;2489;2536;140222;60424;25.0;10.8
84;2021-05-05;2352;2221;142574;62645;25.4;11.2
84;2021-05-06;3223;2258;145797;64903;26.0;11.6
84;2021-05-07;2767;2562;148564;67465;26.5;12.0
84;2021-05-08;1158;527;149722;67992;26.7;12.1
84;2021-05-09;6;52;149728;68044;26.7;12.1
84;2021-05-10;2158;2461;151886;70505;27.1;12.6
84;2021-05-11;2907;3156;154793;73661;27.6;13.1
84;2021-05-12;2848;2925;157641;76586;28.1;13.7
84;2021-05-13;2160;847;159801;77433;28.5;13.8
84;2021-05-14;2728;2038;162529;79471;29.0;14.2
84;2021-05-15;2001;985;164530;80456;29.3;14.3
84;2021-05-16;1341;186;165871;80642;29.6;14.4
84;2021-05-17;2223;2156;168094;82798;30.0;14.8
84;2021-05-18;2904;2118;170998;84916;30.5;15.1
84;2021-05-19;3230;1667;174228;86583;31.1;15.4
84;2021-05-20;3699;2210;177927;88793;31.7;15.8
84;2021-05-21;3470;2337;181397;91130;32.3;16.2
84;2021-05-22;1584;680;182981;91810;32.6;16.4
84;2021-05-23;6;9;182987;91819;32.6;16.4
84;2021-05-24;1840;425;184827;92244;32.9;16.4
84;2021-05-25;2984;2183;187811;94427;33.5;16.8
84;2021-05-26;3076;2089;190887;96516;34.0;17.2
84;2021-05-27;3858;2319;194745;98835;34.7;17.6
84;2021-05-28;3183;3307;197928;102142;35.3;18.2
84;2021-05-29;1093;1653;199021;103795;35.5;18.5
84;2021-05-30;8;85;199029;103880;35.5;18.5
84;2021-05-31;2190;2636;201219;106516;35.9;19.0
84;2021-06-01;3145;3161;204364;109677;36.4;19.6
84;2021-06-02;3173;2631;207537;112308;37.0;20.0
84;2021-06-03;4113;2989;211650;115297;37.7;20.6
84;2021-06-04;3616;3037;215266;118334;38.4;21.1
84;2021-06-05;1782;1499;217048;119833;38.7;21.4
84;2021-06-06;989;207;218037;120040;38.9;21.4
84;2021-06-07;2453;2759;220490;122799;39.3;21.9
84;2021-06-08;3319;3055;223809;125854;39.9;22.4
84;2021-06-09;3032;2687;226841;128541;40.4;22.9
84;2021-06-10;3515;2793;230356;131334;41.1;23.4
84;2021-06-11;3026;3068;233382;134402;41.6;24.0
84;2021-06-12;1965;1312;235347;135714;42.0;24.2
84;2021-06-13;414;213;235761;135927;42.0;24.2
84;2021-06-14;1929;3158;237690;139085;42.4;24.8
84;2021-06-15;2575;3458;240265;142543;42.8;25.4
84;2021-06-16;2527;2959;242792;145502;43.3;25.9
84;2021-06-17;2997;3481;245789;148983;43.8;26.6
84;2021-06-18;2425;3550;248214;152533;44.2;27.2
84;2021-06-19;1288;1547;249502;154080;44.5;27.5
84;2021-06-20;549;354;250051;154434;44.6;27.5
84;2021-06-21;1570;3134;251621;157568;44.9;28.1
84;2021-06-22;2164;4013;253785;161581;45.2;28.8
84;2021-06-23;2117;3309;255902;164890;45.6;29.4
84;2021-06-24;2203;3484;258105;168374;46.0;30.0
84;2021-06-25;1836;3887;259941;172261;46.3;30.7
84;2021-06-26;1132;1816;261073;174077;46.5;31.0
84;2021-06-27;297;345;261370;174422;46.6;31.1
84;2021-06-28;1210;3224;262580;177646;46.8;31.7
84;2021-06-29;1482;4052;264062;181698;47.1;32.4
84;2021-06-30;1716;3967;265778;185665;47.4;33.1
84;2021-07-01;1815;3952;267593;189617;47.7;33.8
84;2021-07-02;1752;3898;269345;193515;48.0;34.5
84;2021-07-03;1103;2030;270448;195545;48.2;34.9
84;2021-07-04;395;416;270843;195961;48.3;34.9
84;2021-07-05;1544;3540;272387;199501;48.6;35.6
84;2021-07-06;1637;4167;274024;203668;48.8;36.3
84;2021-07-07;1675;3103;275699;206771;49.1;36.9
84;2021-07-08;2161;3749;277860;210520;49.5;37.5
84;2021-07-09;1874;3969;279734;214489;49.9;38.2
84;2021-07-10;1255;2159;280989;216648;50.1;38.6
84;2021-07-11;357;303;281346;216951;50.2;38.7
84;2021-07-12;1413;3840;282759;220791;50.4;39.4
84;2021-07-13;2336;5012;285095;225803;50.8;40.3
84;2021-07-14;1887;1249;286982;227052;51.2;40.5
84;2021-07-15;2705;4554;289687;231606;51.6;41.3
84;2021-07-16;2781;4604;292468;236210;52.1;42.1
84;2021-07-17;1587;2448;294055;238658;52.4;42.5
84;2021-07-18;1018;551;295073;239209;52.6;42.6
84;2021-07-19;2415;3741;297488;242950;53.0;43.3
84;2021-07-20;2955;4168;300443;247118;53.6;44.0
84;2021-07-21;3185;3656;303628;250774;54.1;44.7
84;2021-07-22;3788;3791;307416;254565;54.8;45.4
84;2021-07-23;3521;3676;310937;258241;55.4;46.0
84;2021-07-24;1470;2247;312407;260488;55.7;46.4
84;2021-07-25;1033;509;313440;260997;55.9;46.5
84;2021-07-26;2721;3033;316161;264030;56.4;47.1
84;2021-07-27;3443;3565;319604;267595;57.0;47.7
84;2021-07-28;3863;3308;323467;270903;57.7;48.3
84;2021-07-29;4225;3151;327692;274054;58.4;48.9
84;2021-07-30;4018;3324;331710;277378;59.1;49.4
84;2021-07-31;1998;1684;333708;279062;59.5;49.7
84;2021-08-01;818;427;334526;279489;59.6;49.8
84;2021-08-02;2950;2690;337476;282179;60.2;50.3
84;2021-08-03;4100;2791;341576;284970;60.9;50.8
84;2021-08-04;3867;2600;345443;287570;61.6;51.3
84;2021-08-05;3861;2578;349304;290148;62.3;51.7
84;2021-08-06;3683;2865;352987;293013;62.9;52.2
84;2021-08-07;2051;1737;355038;294750;63.3;52.5
84;2021-08-08;385;734;355423;295484;63.4;52.7
84;2021-08-09;2871;2587;358294;298071;63.9;53.1
84;2021-08-10;3717;2943;362011;301014;64.5;53.7
84;2021-08-11;3259;2667;365270;303681;65.1;54.1
84;2021-08-12;3148;2980;368418;306661;65.7;54.7
84;2021-08-13;2877;2689;371295;309350;66.2;55.1
84;2021-08-14;1675;1742;372970;311092;66.5;55.5
84;2021-08-15;286;228;373256;311320;66.5;55.5
84;2021-08-16;2335;3073;375591;314393;67.0;56.0
84;2021-08-17;2693;3253;378284;317646;67.4;56.6
84;2021-08-18;2397;2793;380681;320439;67.9;57.1
84;2021-08-19;2265;3114;382946;323553;68.3;57.7
84;2021-08-20;2159;3296;385105;326849;68.6;58.3
84;2021-08-21;1223;1879;386328;328728;68.9;58.6
84;2021-08-22;168;739;386496;329467;68.9;58.7
84;2021-08-23;1731;3282;388227;332749;69.2;59.3
84;2021-08-24;1899;3459;390126;336208;69.5;59.9
84;2021-08-25;1835;3345;391961;339553;69.9;60.5
84;2021-08-26;1629;3623;393590;343176;70.2;61.2
84;2021-08-27;1595;3810;395185;346986;70.4;61.9
84;2021-08-28;906;2173;396091;349159;70.6;62.2
84;2021-08-29;174;605;396265;349764;70.6;62.3
84;2021-08-30;1284;3243;397549;353007;70.9;62.9
85;2020-12-27;1;0;1;0;0.0;0.0
85;2020-12-28;0;0;1;0;0.0;0.0
85;2020-12-29;0;0;1;0;0.0;0.0
85;2020-12-30;0;0;1;0;0.0;0.0
85;2020-12-31;0;0;1;0;0.0;0.0
85;2021-01-01;0;0;1;0;0.0;0.0
85;2021-01-02;0;0;1;0;0.0;0.0
85;2021-01-03;1;0;2;0;0.0;0.0
85;2021-01-04;26;0;28;0;0.0;0.0
85;2021-01-05;62;0;90;0;0.0;0.0
85;2021-01-06;107;1;197;1;0.0;0.0
85;2021-01-07;203;0;400;1;0.1;0.0
85;2021-01-08;293;2;693;3;0.1;0.0
85;2021-01-09;288;1;981;4;0.1;0.0
85;2021-01-10;59;0;1040;4;0.2;0.0
85;2021-01-11;453;0;1493;4;0.2;0.0
85;2021-01-12;586;1;2079;5;0.3;0.0
85;2021-01-13;544;2;2623;7;0.4;0.0
85;2021-01-14;682;4;3305;11;0.5;0.0
85;2021-01-15;438;3;3743;14;0.5;0.0
85;2021-01-16;264;3;4007;17;0.6;0.0
85;2021-01-17;37;0;4044;17;0.6;0.0
85;2021-01-18;999;3;5043;20;0.7;0.0
85;2021-01-19;1428;14;6471;34;0.9;0.0
85;2021-01-20;1874;3;8345;37;1.2;0.0
85;2021-01-21;3222;10;11567;47;1.7;0.0
85;2021-01-22;1698;19;13265;66;1.9;0.0
85;2021-01-23;466;2;13731;68;2.0;0.0
85;2021-01-24;50;0;13781;68;2.0;0.0
85;2021-01-25;577;1;14358;69;2.1;0.0
85;2021-01-26;877;34;15235;103;2.2;0.0
85;2021-01-27;1809;32;17044;135;2.5;0.0
85;2021-01-28;1635;38;18679;173;2.7;0.0
85;2021-01-29;875;63;19554;236;2.9;0.0
85;2021-01-30;149;5;19703;241;2.9;0.0
85;2021-01-31;2;45;19705;286;2.9;0.0
85;2021-02-01;483;103;20188;389;3.0;0.1
85;2021-02-02;537;175;20725;564;3.0;0.1
85;2021-02-03;415;259;21140;823;3.1;0.1
85;2021-02-04;621;264;21761;1087;3.2;0.2
85;2021-02-05;624;265;22385;1352;3.3;0.2
85;2021-02-06;158;244;22543;1596;3.3;0.2
85;2021-02-07;1;0;22544;1596;3.3;0.2
85;2021-02-08;388;650;22932;2246;3.4;0.3
85;2021-02-09;663;1059;23595;3305;3.5;0.5
85;2021-02-10;583;1125;24178;4430;3.5;0.6
85;2021-02-11;1543;3042;25721;7472;3.8;1.1
85;2021-02-12;1013;1261;26734;8733;3.9;1.3
85;2021-02-13;251;498;26985;9231;3.9;1.4
85;2021-02-14;2;128;26987;9359;4.0;1.4
85;2021-02-15;337;810;27324;10169;4.0;1.5
85;2021-02-16;569;1183;27893;11352;4.1;1.7
85;2021-02-17;786;1571;28679;12923;4.2;1.9
85;2021-02-18;1277;1937;29956;14860;4.4;2.2
85;2021-02-19;957;1207;30913;16067;4.5;2.4
85;2021-02-20;174;262;31087;16329;4.6;2.4
85;2021-02-21;1;11;31088;16340;4.6;2.4
85;2021-02-22;814;885;31902;17225;4.7;2.5
85;2021-02-23;828;486;32730;17711;4.8;2.6
85;2021-02-24;756;312;33486;18023;4.9;2.6
85;2021-02-25;1336;401;34822;18424;5.1;2.7
85;2021-02-26;1228;330;36050;18754;5.3;2.7
85;2021-02-27;400;100;36450;18854;5.3;2.8
85;2021-02-28;7;1;36457;18855;5.3;2.8
85;2021-03-01;765;431;37222;19286;5.4;2.8
85;2021-03-02;1100;791;38322;20077;5.6;2.9
85;2021-03-03;844;515;39166;20592;5.7;3.0
85;2021-03-04;1576;1176;40742;21768;6.0;3.2
85;2021-03-05;1741;853;42483;22621;6.2;3.3
85;2021-03-06;1227;131;43710;22752;6.4;3.3
85;2021-03-07;333;35;44043;22787;6.4;3.3
85;2021-03-08;1741;464;45784;23251;6.7;3.4
85;2021-03-09;2239;576;48023;23827;7.0;3.5
85;2021-03-10;1863;653;49886;24480;7.3;3.6
85;2021-03-11;3119;1095;53005;25575;7.8;3.7
85;2021-03-12;2728;869;55733;26444;8.2;3.9
85;2021-03-13;1372;162;57105;26606;8.4;3.9
85;2021-03-14;182;3;57287;26609;8.4;3.9
85;2021-03-15;1919;517;59206;27126;8.7;4.0
85;2021-03-16;1630;520;60836;27646;8.9;4.0
85;2021-03-17;980;526;61816;28172;9.0;4.1
85;2021-03-18;1904;455;63720;28627;9.3;4.2
85;2021-03-19;2200;373;65920;29000;9.6;4.2
85;2021-03-20;1069;179;66989;29179;9.8;4.3
85;2021-03-21;272;5;67261;29184;9.8;4.3
85;2021-03-22;1764;558;69025;29742;10.1;4.4
85;2021-03-23;2421;735;71446;30477;10.5;4.5
85;2021-03-24;2207;531;73653;31008;10.8;4.5
85;2021-03-25;3649;597;77302;31605;11.3;4.6
85;2021-03-26;3358;653;80660;32258;11.8;4.7
85;2021-03-27;1729;123;82389;32381;12.1;4.7
85;2021-03-28;539;4;82928;32385;12.1;4.7
85;2021-03-29;2412;759;85340;33144;12.5;4.9
85;2021-03-30;2863;1025;88203;34169;12.9;5.0
85;2021-03-31;2199;676;90402;34845;13.2;5.1
85;2021-04-01;3878;913;94280;35758;13.8;5.2
85;2021-04-02;2707;1105;96987;36863;14.2;5.4
85;2021-04-03;1413;324;98400;37187;14.4;5.4
85;2021-04-04;324;29;98724;37216;14.5;5.4
85;2021-04-05;104;175;98828;37391;14.5;5.5
85;2021-04-06;2200;1598;101028;38989;14.8;5.7
85;2021-04-07;3093;1190;104121;40179;15.2;5.9
85;2021-04-08;4544;1603;108665;41782;15.9;6.1
85;2021-04-09;4602;1226;113267;43008;16.6;6.3
85;2021-04-10;1867;400;115134;43408;16.9;6.4
85;2021-04-11;27;10;115161;43418;16.9;6.4
85;2021-04-12;4285;1490;119446;44908;17.5;6.6
85;2021-04-13;4834;1874;124280;46782;18.2;6.8
85;2021-04-14;3962;1011;128242;47793;18.8;7.0
85;2021-04-15;5518;1743;133760;49536;19.6;7.3
85;2021-04-16;5241;1543;139001;51079;20.3;7.5
85;2021-04-17;1382;436;140383;51515;20.5;7.5
85;2021-04-18;351;12;140734;51527;20.6;7.5
85;2021-04-19;3367;1702;144101;53229;21.1;7.8
85;2021-04-20;3694;1928;147795;55157;21.6;8.1
85;2021-04-21;2693;1693;150488;56850;22.0;8.3
85;2021-04-22;3805;2233;154293;59083;22.6;8.6
85;2021-04-23;3902;2092;158195;61175;23.2;9.0
85;2021-04-24;1662;1535;159857;62710;23.4;9.2
85;2021-04-25;981;563;160838;63273;23.5;9.3
85;2021-04-26;3590;2351;164428;65624;24.1;9.6
85;2021-04-27;4394;2166;168822;67790;24.7;9.9
85;2021-04-28;5747;1258;174569;69048;25.6;10.1
85;2021-04-29;5635;2005;180204;71053;26.4;10.4
85;2021-04-30;5576;1678;185780;72731;27.2;10.6
85;2021-05-01;1736;637;187516;73368;27.4;10.7
85;2021-05-02;873;471;188389;73839;27.6;10.8
85;2021-05-03;3493;2385;191882;76224;28.1;11.2
85;2021-05-04;3488;3088;195370;79312;28.6;11.6
85;2021-05-05;4532;2168;199902;81480;29.3;11.9
85;2021-05-06;4920;2602;204822;84082;30.0;12.3
85;2021-05-07;3933;3862;208755;87944;30.6;12.9
85;2021-05-08;2246;230;211001;88174;30.9;12.9
85;2021-05-09;1509;183;212510;88357;31.1;12.9
85;2021-05-10;3212;4929;215722;93286;31.6;13.7
85;2021-05-11;4028;4978;219750;98264;32.2;14.4
85;2021-05-12;5019;3938;224769;102202;32.9;15.0
85;2021-05-13;5146;613;229915;102815;33.7;15.0
85;2021-05-14;4358;3166;234273;105981;34.3;15.5
85;2021-05-15;2327;776;236600;106757;34.6;15.6
85;2021-05-16;2213;162;238813;106919;35.0;15.7
85;2021-05-17;4146;3377;242959;110296;35.6;16.1
85;2021-05-18;5215;2856;248174;113152;36.3;16.6
85;2021-05-19;6493;1768;254667;114920;37.3;16.8
85;2021-05-20;6775;2177;261442;117097;38.3;17.1
85;2021-05-21;5499;2744;266941;119841;39.1;17.5
85;2021-05-22;2584;754;269525;120595;39.5;17.7
85;2021-05-23;1329;161;270854;120756;39.6;17.7
85;2021-05-24;4573;435;275427;121191;40.3;17.7
85;2021-05-25;4517;3568;279944;124759;41.0;18.3
85;2021-05-26;4946;2681;284890;127440;41.7;18.7
85;2021-05-27;4960;3696;289850;131136;42.4;19.2
85;2021-05-28;5253;4064;295103;135200;43.2;19.8
85;2021-05-29;3962;1529;299065;136729;43.8;20.0
85;2021-05-30;1292;125;300357;136854;44.0;20.0
85;2021-05-31;4689;3380;305046;140234;44.7;20.5
85;2021-06-01;5406;3398;310452;143632;45.4;21.0
85;2021-06-02;5557;2521;316009;146153;46.3;21.4
85;2021-06-03;5917;3235;321926;149388;47.1;21.9
85;2021-06-04;5841;3821;327767;153209;48.0;22.4
85;2021-06-05;2848;1942;330615;155151;48.4;22.7
85;2021-06-06;1511;803;332126;155954;48.6;22.8
85;2021-06-07;3237;4860;335363;160814;49.1;23.5
85;2021-06-08;4092;4529;339455;165343;49.7;24.2
85;2021-06-09;4848;3516;344303;168859;50.4;24.7
85;2021-06-10;5199;3703;349502;172562;51.2;25.3
85;2021-06-11;4507;4663;354009;177225;51.8;25.9
85;2021-06-12;1492;1800;355501;179025;52.0;26.2
85;2021-06-13;1220;673;356721;179698;52.2;26.3
85;2021-06-14;2681;5094;359402;184792;52.6;27.0
85;2021-06-15;3714;4937;363116;189729;53.2;27.8
85;2021-06-16;4083;3907;367199;193636;53.7;28.3
85;2021-06-17;3940;3898;371139;197534;54.3;28.9
85;2021-06-18;3626;5684;374765;203218;54.9;29.7
85;2021-06-19;1214;2030;375979;205248;55.0;30.0
85;2021-06-20;140;521;376119;205769;55.1;30.1
85;2021-06-21;2376;5813;378495;211582;55.4;31.0
85;2021-06-22;2848;5735;381343;217317;55.8;31.8
85;2021-06-23;3391;4500;384734;221817;56.3;32.5
85;2021-06-24;3641;4559;388375;226376;56.8;33.1
85;2021-06-25;2289;6178;390664;232554;57.2;34.0
85;2021-06-26;791;3761;391455;236315;57.3;34.6
85;2021-06-27;125;1370;391580;237685;57.3;34.8
85;2021-06-28;1186;6715;392766;244400;57.5;35.8
85;2021-06-29;1756;6876;394522;251276;57.7;36.8
85;2021-06-30;2213;6206;396735;257482;58.1;37.7
85;2021-07-01;2843;6059;399578;263541;58.5;38.6
85;2021-07-02;2269;7018;401847;270559;58.8;39.6
85;2021-07-03;618;3165;402465;273724;58.9;40.1
85;2021-07-04;145;1086;402610;274810;58.9;40.2
85;2021-07-05;1083;6652;403693;281462;59.1;41.2
85;2021-07-06;1581;6457;405274;287919;59.3;42.1
85;2021-07-07;1650;5864;406924;293783;59.6;43.0
85;2021-07-08;2166;5443;409090;299226;59.9;43.8
85;2021-07-09;1648;7098;410738;306324;60.1;44.8
85;2021-07-10;565;2837;411303;309161;60.2;45.3
85;2021-07-11;529;1288;411832;310449;60.3;45.4
85;2021-07-12;1409;7049;413241;317498;60.5;46.5
85;2021-07-13;2061;7391;415302;324889;60.8;47.6
85;2021-07-14;1453;2047;416755;326936;61.0;47.9
85;2021-07-15;2680;6941;419435;333877;61.4;48.9
85;2021-07-16;3431;6835;422866;340712;61.9;49.9
85;2021-07-17;1565;2152;424431;342864;62.1;50.2
85;2021-07-18;1150;1154;425581;344018;62.3;50.4
85;2021-07-19;3557;6233;429138;350251;62.8;51.3
85;2021-07-20;4302;6214;433440;356465;63.4;52.2
85;2021-07-21;3998;6199;437438;362664;64.0;53.1
85;2021-07-22;3906;6186;441344;368850;64.6;54.0
85;2021-07-23;4531;6711;445875;375561;65.3;55.0
85;2021-07-24;1046;2295;446921;377856;65.4;55.3
85;2021-07-25;491;304;447412;378160;65.5;55.4
85;2021-07-26;4509;5358;451921;383518;66.1;56.1
85;2021-07-27;5320;5393;457241;388911;66.9;56.9
85;2021-07-28;4963;4971;462204;393882;67.7;57.7
85;2021-07-29;5876;4736;468080;398618;68.5;58.3
85;2021-07-30;6026;4950;474106;403568;69.4;59.1
85;2021-07-31;1232;1577;475338;405145;69.6;59.3
85;2021-08-01;470;195;475808;405340;69.6;59.3
85;2021-08-02;4944;3958;480752;409298;70.4;59.9
85;2021-08-03;6513;3353;487265;412651;71.3;60.4
85;2021-08-04;6617;3425;493882;416076;72.3;60.9
85;2021-08-05;6183;3604;500065;419680;73.2;61.4
85;2021-08-06;5798;4516;505863;424196;74.0;62.1
85;2021-08-07;1504;1180;507367;425376;74.3;62.3
85;2021-08-08;329;231;507696;425607;74.3;62.3
85;2021-08-09;4132;3279;511828;428886;74.9;62.8
85;2021-08-10;4781;3418;516609;432304;75.6;63.3
85;2021-08-11;4651;4210;521260;436514;76.3;63.9
85;2021-08-12;4451;4297;525711;440811;76.9;64.5
85;2021-08-13;3824;3645;529535;444456;77.5;65.1
85;2021-08-14;1016;1091;530551;445547;77.7;65.2
85;2021-08-15;160;239;530711;445786;77.7;65.3
85;2021-08-16;2835;4774;533546;450560;78.1;65.9
85;2021-08-17;2960;4351;536506;454911;78.5;66.6
85;2021-08-18;3139;4097;539645;459008;79.0;67.2
85;2021-08-19;2725;4272;542370;463280;79.4;67.8
85;2021-08-20;2472;5223;544842;468503;79.8;68.6
85;2021-08-21;690;1393;545532;469896;79.9;68.8
85;2021-08-22;343;1018;545875;470914;79.9;68.9
85;2021-08-23;1869;5370;547744;476284;80.2;69.7
85;2021-08-24;1820;4864;549564;481148;80.4;70.4
85;2021-08-25;1641;4827;551205;485975;80.7;71.1
85;2021-08-26;1535;4759;552740;490734;80.9;71.8
85;2021-08-27;1690;5514;554430;496248;81.2;72.6
85;2021-08-28;567;1340;554997;497588;81.2;72.8
85;2021-08-29;127;988;555124;498576;81.3;73.0
85;2021-08-30;1119;4971;556243;503547;81.4;73.7
86;2020-12-27;0;0;0;0;0.0;0.0
86;2020-12-28;1;0;1;0;0.0;0.0
86;2020-12-29;1;0;2;0;0.0;0.0
86;2020-12-30;0;0;2;0;0.0;0.0
86;2020-12-31;0;0;2;0;0.0;0.0
86;2021-01-01;0;0;2;0;0.0;0.0
86;2021-01-02;0;0;2;0;0.0;0.0
86;2021-01-03;2;0;4;0;0.0;0.0
86;2021-01-04;0;0;4;0;0.0;0.0
86;2021-01-05;1;0;5;0;0.0;0.0
86;2021-01-06;178;0;183;0;0.0;0.0
86;2021-01-07;673;0;856;0;0.2;0.0
86;2021-01-08;609;3;1465;3;0.3;0.0
86;2021-01-09;0;0;1465;3;0.3;0.0
86;2021-01-10;173;0;1638;3;0.4;0.0
86;2021-01-11;305;0;1943;3;0.4;0.0
86;2021-01-12;459;0;2402;3;0.5;0.0
86;2021-01-13;336;0;2738;3;0.6;0.0
86;2021-01-14;551;1;3289;4;0.8;0.0
86;2021-01-15;542;1;3831;5;0.9;0.0
86;2021-01-16;2;0;3833;5;0.9;0.0
86;2021-01-17;0;0;3833;5;0.9;0.0
86;2021-01-18;564;0;4397;5;1.0;0.0
86;2021-01-19;1914;1;6311;6;1.4;0.0
86;2021-01-20;1460;20;7771;26;1.8;0.0
86;2021-01-21;1292;0;9063;26;2.1;0.0
86;2021-01-22;833;0;9896;26;2.3;0.0
86;2021-01-23;313;0;10209;26;2.3;0.0
86;2021-01-24;0;0;10209;26;2.3;0.0
86;2021-01-25;583;108;10792;134;2.5;0.0
86;2021-01-26;749;121;11541;255;2.6;0.1
86;2021-01-27;764;156;12305;411;2.8;0.1
86;2021-01-28;1048;426;13353;837;3.1;0.2
86;2021-01-29;880;218;14233;1055;3.3;0.2
86;2021-01-30;275;103;14508;1158;3.3;0.3
86;2021-01-31;57;157;14565;1315;3.3;0.3
86;2021-02-01;433;208;14998;1523;3.4;0.3
86;2021-02-02;573;385;15571;1908;3.6;0.4
86;2021-02-03;525;224;16096;2132;3.7;0.5
86;2021-02-04;478;364;16574;2496;3.8;0.6
86;2021-02-05;438;736;17012;3232;3.9;0.7
86;2021-02-06;148;204;17160;3436;3.9;0.8
86;2021-02-07;120;8;17280;3444;4.0;0.8
86;2021-02-08;361;324;17641;3768;4.0;0.9
86;2021-02-09;752;1122;18393;4890;4.2;1.1
86;2021-02-10;977;939;19370;5829;4.4;1.3
86;2021-02-11;1007;976;20377;6805;4.7;1.6
86;2021-02-12;746;379;21123;7184;4.8;1.6
86;2021-02-13;192;95;21315;7279;4.9;1.7
86;2021-02-14;1;34;21316;7313;4.9;1.7
86;2021-02-15;244;507;21560;7820;4.9;1.8
86;2021-02-16;384;865;21944;8685;5.0;2.0
86;2021-02-17;453;895;22397;9580;5.1;2.2
86;2021-02-18;422;868;22819;10448;5.2;2.4
86;2021-02-19;601;641;23420;11089;5.4;2.5
86;2021-02-20;115;176;23535;11265;5.4;2.6
86;2021-02-21;1;0;23536;11265;5.4;2.6
86;2021-02-22;240;426;23776;11691;5.4;2.7
86;2021-02-23;370;604;24146;12295;5.5;2.8
86;2021-02-24;409;585;24555;12880;5.6;2.9
86;2021-02-25;902;667;25457;13547;5.8;3.1
86;2021-02-26;1030;539;26487;14086;6.1;3.2
86;2021-02-27;460;149;26947;14235;6.2;3.3
86;2021-02-28;3;2;26950;14237;6.2;3.3
86;2021-03-01;232;526;27182;14763;6.2;3.4
86;2021-03-02;1142;852;28324;15615;6.5;3.6
86;2021-03-03;793;628;29117;16243;6.7;3.7
86;2021-03-04;1496;621;30613;16864;7.0;3.9
86;2021-03-05;1578;314;32191;17178;7.4;3.9
86;2021-03-06;995;168;33186;17346;7.6;4.0
86;2021-03-07;371;32;33557;17378;7.7;4.0
86;2021-03-08;472;541;34029;17919;7.8;4.1
86;2021-03-09;1368;530;35397;18449;8.1;4.2
86;2021-03-10;948;610;36345;19059;8.3;4.4
86;2021-03-11;1799;476;38144;19535;8.7;4.5
86;2021-03-12;2207;439;40351;19974;9.2;4.6
86;2021-03-13;1444;100;41795;20074;9.6;4.6
86;2021-03-14;133;16;41928;20090;9.6;4.6
86;2021-03-15;784;159;42712;20249;9.8;4.6
86;2021-03-16;848;203;43560;20452;10.0;4.7
86;2021-03-17;786;205;44346;20657;10.1;4.7
86;2021-03-18;1005;102;45351;20759;10.4;4.7
86;2021-03-19;2142;323;47493;21082;10.9;4.8
86;2021-03-20;592;132;48085;21214;11.0;4.9
86;2021-03-21;10;0;48095;21214;11.0;4.9
86;2021-03-22;852;277;48947;21491;11.2;4.9
86;2021-03-23;2015;328;50962;21819;11.7;5.0
86;2021-03-24;1557;291;52519;22110;12.0;5.1
86;2021-03-25;2488;352;55007;22462;12.6;5.1
86;2021-03-26;3042;361;58049;22823;13.3;5.2
86;2021-03-27;733;143;58782;22966;13.4;5.3
86;2021-03-28;5;128;58787;23094;13.4;5.3
86;2021-03-29;1259;393;60046;23487;13.7;5.4
86;2021-03-30;2403;821;62449;24308;14.3;5.6
86;2021-03-31;1511;625;63960;24933;14.6;5.7
86;2021-04-01;2244;943;66204;25876;15.1;5.9
86;2021-04-02;1902;555;68106;26431;15.6;6.0
86;2021-04-03;825;322;68931;26753;15.8;6.1
86;2021-04-04;83;109;69014;26862;15.8;6.1
86;2021-04-05;314;5;69328;26867;15.9;6.1
86;2021-04-06;1534;960;70862;27827;16.2;6.4
86;2021-04-07;1634;628;72496;28455;16.6;6.5
86;2021-04-08;2567;760;75063;29215;17.2;6.7
86;2021-04-09;3251;651;78314;29866;17.9;6.8
86;2021-04-10;1663;192;79977;30058;18.3;6.9
86;2021-04-11;442;10;80419;30068;18.4;6.9
86;2021-04-12;821;766;81240;30834;18.6;7.0
86;2021-04-13;2452;939;83692;31773;19.1;7.3
86;2021-04-14;1871;879;85563;32652;19.6;7.5
86;2021-04-15;2276;728;87839;33380;20.1;7.6
86;2021-04-16;2471;1231;90310;34611;20.6;7.9
86;2021-04-17;1039;264;91349;34875;20.9;8.0
86;2021-04-18;119;4;91468;34879;20.9;8.0
86;2021-04-19;745;795;92213;35674;21.1;8.2
86;2021-04-20;2301;1501;94514;37175;21.6;8.5
86;2021-04-21;2107;1126;96621;38301;22.1;8.8
86;2021-04-22;2331;1442;98952;39743;22.6;9.1
86;2021-04-23;2393;1578;101345;41321;23.2;9.4
86;2021-04-24;1300;512;102645;41833;23.5;9.6
86;2021-04-25;825;26;103470;41859;23.7;9.6
86;2021-04-26;2080;894;105550;42753;24.1;9.8
86;2021-04-27;3156;1671;108706;44424;24.9;10.2
86;2021-04-28;3004;1522;111710;45946;25.5;10.5
86;2021-04-29;3557;1833;115267;47779;26.4;10.9
86;2021-04-30;2970;1485;118237;49264;27.0;11.3
86;2021-05-01;1580;198;119817;49462;27.4;11.3
86;2021-05-02;1280;45;121097;49507;27.7;11.3
86;2021-05-03;2562;1005;123659;50512;28.3;11.5
86;2021-05-04;3509;1902;127168;52414;29.1;12.0
86;2021-05-05;3990;1486;131158;53900;30.0;12.3
86;2021-05-06;4291;1656;135449;55556;31.0;12.7
86;2021-05-07;4047;1828;139496;57384;31.9;13.1
86;2021-05-08;1976;398;141472;57782;32.3;13.2
86;2021-05-09;1641;203;143113;57985;32.7;13.3
86;2021-05-10;1958;1176;145071;59161;33.2;13.5
86;2021-05-11;3605;2688;148676;61849;34.0;14.1
86;2021-05-12;2251;1652;150927;63501;34.5;14.5
86;2021-05-13;1687;298;152614;63799;34.9;14.6
86;2021-05-14;2098;789;154712;64588;35.4;14.8
86;2021-05-15;1467;503;156179;65091;35.7;14.9
86;2021-05-16;778;164;156957;65255;35.9;14.9
86;2021-05-17;3220;1062;160177;66317;36.6;15.2
86;2021-05-18;4307;1667;164484;67984;37.6;15.5
86;2021-05-19;3591;1437;168075;69421;38.4;15.9
86;2021-05-20;4376;1624;172451;71045;39.4;16.2
86;2021-05-21;3438;1773;175889;72818;40.2;16.6
86;2021-05-22;2076;664;177965;73482;40.7;16.8
86;2021-05-23;1439;183;179404;73665;41.0;16.8
86;2021-05-24;1848;203;181252;73868;41.4;16.9
86;2021-05-25;2849;1642;184101;75510;42.1;17.3
86;2021-05-26;2727;1526;186828;77036;42.7;17.6
86;2021-05-27;3547;1852;190375;78888;43.5;18.0
86;2021-05-28;2163;2538;192538;81426;44.0;18.6
86;2021-05-29;1527;1288;194065;82714;44.4;18.9
86;2021-05-30;934;133;194999;82847;44.6;18.9
86;2021-05-31;1922;1821;196921;84668;45.0;19.4
86;2021-06-01;2664;2593;199585;87261;45.6;20.0
86;2021-06-02;2305;2669;201890;89930;46.2;20.6
86;2021-06-03;3336;2415;205226;92345;46.9;21.1
86;2021-06-04;2239;2863;207465;95208;47.4;21.8
86;2021-06-05;1502;1579;208967;96787;47.8;22.1
86;2021-06-06;819;900;209786;97687;48.0;22.3
86;2021-06-07;1118;2466;210904;100153;48.2;22.9
86;2021-06-08;1990;3698;212894;103851;48.7;23.7
86;2021-06-09;1902;3321;214796;107172;49.1;24.5
86;2021-06-10;2352;3241;217148;110413;49.6;25.2
86;2021-06-11;1517;2793;218665;113206;50.0;25.9
86;2021-06-12;746;2245;219411;115451;50.2;26.4
86;2021-06-13;214;1477;219625;116928;50.2;26.7
86;2021-06-14;1159;2904;220784;119832;50.5;27.4
86;2021-06-15;1688;4261;222472;124093;50.9;28.4
86;2021-06-16;1809;3135;224281;127228;51.3;29.1
86;2021-06-17;1776;4447;226057;131675;51.7;30.1
86;2021-06-18;1884;4591;227941;136266;52.1;31.2
86;2021-06-19;636;2101;228577;138367;52.3;31.6
86;2021-06-20;174;1319;228751;139686;52.3;31.9
86;2021-06-21;1106;2237;229857;141923;52.6;32.4
86;2021-06-22;1298;3459;231155;145382;52.8;33.2
86;2021-06-23;1364;2401;232519;147783;53.2;33.8
86;2021-06-24;1590;2725;234109;150508;53.5;34.4
86;2021-06-25;1193;3553;235302;154061;53.8;35.2
86;2021-06-26;391;2652;235693;156713;53.9;35.8
86;2021-06-27;138;1633;235831;158346;53.9;36.2
86;2021-06-28;271;3342;236102;161688;54.0;37.0
86;2021-06-29;857;4605;236959;166293;54.2;38.0
86;2021-06-30;1051;2974;238010;169267;54.4;38.7
86;2021-07-01;1541;3005;239551;172272;54.8;39.4
86;2021-07-02;1108;3644;240659;175916;55.0;40.2
86;2021-07-03;517;2394;241176;178310;55.1;40.8
86;2021-07-04;116;1347;241292;179657;55.2;41.1
86;2021-07-05;469;2832;241761;182489;55.3;41.7
86;2021-07-06;989;4103;242750;186592;55.5;42.7
86;2021-07-07;1261;2629;244011;189221;55.8;43.3
86;2021-07-08;1618;3150;245629;192371;56.2;44.0
86;2021-07-09;1745;3085;247374;195456;56.6;44.7
86;2021-07-10;1303;1953;248677;197409;56.9;45.1
86;2021-07-11;482;839;249159;198248;57.0;45.3
86;2021-07-12;850;2405;250009;200653;57.2;45.9
86;2021-07-13;1781;3367;251790;204020;57.6;46.6
86;2021-07-14;785;1232;252575;205252;57.7;46.9
86;2021-07-15;1886;3293;254461;208545;58.2;47.7
86;2021-07-16;1672;2664;256133;211209;58.6;48.3
86;2021-07-17;1350;1598;257483;212807;58.9;48.7
86;2021-07-18;380;906;257863;213713;59.0;48.9
86;2021-07-19;1376;1887;259239;215600;59.3;49.3
86;2021-07-20;2348;2734;261587;218334;59.8;49.9
86;2021-07-21;2304;2164;263891;220498;60.3;50.4
86;2021-07-22;2902;2796;266793;223294;61.0;51.1
86;2021-07-23;2466;2167;269259;225461;61.6;51.5
86;2021-07-24;1543;1225;270802;226686;61.9;51.8
86;2021-07-25;714;322;271516;227008;62.1;51.9
86;2021-07-26;1588;2106;273104;229114;62.4;52.4
86;2021-07-27;3551;2755;276655;231869;63.3;53.0
86;2021-07-28;3279;2137;279934;234006;64.0;53.5
86;2021-07-29;3262;2543;283196;236549;64.7;54.1
86;2021-07-30;2243;2379;285439;238928;65.3;54.6
86;2021-07-31;1426;1058;286865;239986;65.6;54.9
86;2021-08-01;649;338;287514;240324;65.7;54.9
86;2021-08-02;1935;1681;289449;242005;66.2;55.3
86;2021-08-03;3277;1993;292726;243998;66.9;55.8
86;2021-08-04;2737;1784;295463;245782;67.6;56.2
86;2021-08-05;3565;2057;299028;247839;68.4;56.7
86;2021-08-06;2368;1763;301396;249602;68.9;57.1
86;2021-08-07;1572;998;302968;250600;69.3;57.3
86;2021-08-08;947;552;303915;251152;69.5;57.4
86;2021-08-09;1881;1299;305796;252451;69.9;57.7
86;2021-08-10;2673;1783;308469;254234;70.5;58.1
86;2021-08-11;2350;1438;310819;255672;71.1;58.5
86;2021-08-12;2473;1834;313292;257506;71.6;58.9
86;2021-08-13;1826;1489;315118;258995;72.0;59.2
86;2021-08-14;1327;1151;316445;260146;72.3;59.5
86;2021-08-15;561;622;317006;260768;72.5;59.6
86;2021-08-16;1137;1790;318143;262558;72.7;60.0
86;2021-08-17;1552;2218;319695;264776;73.1;60.5
86;2021-08-18;1250;1857;320945;266633;73.4;61.0
86;2021-08-19;1497;2631;322442;269264;73.7;61.6
86;2021-08-20;1254;2599;323696;271863;74.0;62.2
86;2021-08-21;883;2007;324579;273870;74.2;62.6
86;2021-08-22;350;721;324929;274591;74.3;62.8
86;2021-08-23;722;1820;325651;276411;74.5;63.2
86;2021-08-24;1076;2752;326727;279163;74.7;63.8
86;2021-08-25;930;2066;327657;281229;74.9;64.3
86;2021-08-26;912;2811;328569;284040;75.1;64.9
86;2021-08-27;858;2168;329427;286208;75.3;65.4
86;2021-08-28;545;1773;329972;287981;75.4;65.8
86;2021-08-29;112;827;330084;288808;75.5;66.0
86;2021-08-30;671;2114;330755;290922;75.6;66.5
87;2020-12-27;0;0;0;0;0.0;0.0
87;2020-12-28;1;0;1;0;0.0;0.0
87;2020-12-29;0;0;1;0;0.0;0.0
87;2020-12-30;0;0;1;0;0.0;0.0
87;2020-12-31;0;0;1;0;0.0;0.0
87;2021-01-01;0;0;1;0;0.0;0.0
87;2021-01-02;0;0;1;0;0.0;0.0
87;2021-01-03;0;0;1;0;0.0;0.0
87;2021-01-04;1;0;2;0;0.0;0.0
87;2021-01-05;1;0;3;0;0.0;0.0
87;2021-01-06;10;0;13;0;0.0;0.0
87;2021-01-07;301;0;314;0;0.1;0.0
87;2021-01-08;407;0;721;0;0.2;0.0
87;2021-01-09;64;0;785;0;0.2;0.0
87;2021-01-10;35;0;820;0;0.2;0.0
87;2021-01-11;424;0;1244;0;0.3;0.0
87;2021-01-12;652;0;1896;0;0.5;0.0
87;2021-01-13;660;3;2556;3;0.7;0.0
87;2021-01-14;517;11;3073;14;0.8;0.0
87;2021-01-15;533;3;3606;17;1.0;0.0
87;2021-01-16;204;1;3810;18;1.0;0.0
87;2021-01-17;1;0;3811;18;1.0;0.0
87;2021-01-18;646;5;4457;23;1.2;0.0
87;2021-01-19;656;1;5113;24;1.4;0.0
87;2021-01-20;674;3;5787;27;1.6;0.0
87;2021-01-21;717;1;6504;28;1.8;0.0
87;2021-01-22;758;4;7262;32;2.0;0.0
87;2021-01-23;286;0;7548;32;2.0;0.0
87;2021-01-24;0;0;7548;32;2.0;0.0
87;2021-01-25;620;10;8168;42;2.2;0.0
87;2021-01-26;570;52;8738;94;2.4;0.0
87;2021-01-27;572;40;9310;134;2.5;0.0
87;2021-01-28;857;110;10167;244;2.7;0.1
87;2021-01-29;740;272;10907;516;2.9;0.1
87;2021-01-30;327;72;11234;588;3.0;0.2
87;2021-01-31;34;71;11268;659;3.0;0.2
87;2021-02-01;413;310;11681;969;3.2;0.3
87;2021-02-02;453;481;12134;1450;3.3;0.4
87;2021-02-03;540;421;12674;1871;3.4;0.5
87;2021-02-04;613;594;13287;2465;3.6;0.7
87;2021-02-05;342;382;13629;2847;3.7;0.8
87;2021-02-06;53;154;13682;3001;3.7;0.8
87;2021-02-07;20;0;13702;3001;3.7;0.8
87;2021-02-08;245;444;13947;3445;3.8;0.9
87;2021-02-09;217;541;14164;3986;3.8;1.1
87;2021-02-10;262;624;14426;4610;3.9;1.2
87;2021-02-11;286;537;14712;5147;4.0;1.4
87;2021-02-12;287;556;14999;5703;4.0;1.5
87;2021-02-13;25;169;15024;5872;4.1;1.6
87;2021-02-14;0;3;15024;5875;4.1;1.6
87;2021-02-15;237;388;15261;6263;4.1;1.7
87;2021-02-16;330;330;15591;6593;4.2;1.8
87;2021-02-17;330;379;15921;6972;4.3;1.9
87;2021-02-18;478;645;16399;7617;4.4;2.1
87;2021-02-19;403;480;16802;8097;4.5;2.2
87;2021-02-20;123;195;16925;8292;4.6;2.2
87;2021-02-21;2;9;16927;8301;4.6;2.2
87;2021-02-22;438;575;17365;8876;4.7;2.4
87;2021-02-23;557;633;17922;9509;4.8;2.6
87;2021-02-24;450;597;18372;10106;5.0;2.7
87;2021-02-25;790;708;19162;10814;5.2;2.9
87;2021-02-26;840;476;20002;11290;5.4;3.0
87;2021-02-27;405;211;20407;11501;5.5;3.1
87;2021-02-28;3;0;20410;11501;5.5;3.1
87;2021-03-01;518;368;20928;11869;5.6;3.2
87;2021-03-02;1031;386;21959;12255;5.9;3.3
87;2021-03-03;1174;352;23133;12607;6.2;3.4
87;2021-03-04;1406;339;24539;12946;6.6;3.5
87;2021-03-05;1770;285;26309;13231;7.1;3.6
87;2021-03-06;1047;40;27356;13271;7.4;3.6
87;2021-03-07;257;6;27613;13277;7.4;3.6
87;2021-03-08;864;246;28477;13523;7.7;3.6
87;2021-03-09;1288;232;29765;13755;8.0;3.7
87;2021-03-10;1299;234;31064;13989;8.4;3.8
87;2021-03-11;1754;254;32818;14243;8.9;3.8
87;2021-03-12;2129;290;34947;14533;9.4;3.9
87;2021-03-13;1308;20;36255;14553;9.8;3.9
87;2021-03-14;80;1;36335;14554;9.8;3.9
87;2021-03-15;989;357;37324;14911;10.1;4.0
87;2021-03-16;1061;243;38385;15154;10.4;4.1
87;2021-03-17;1070;220;39455;15374;10.6;4.1
87;2021-03-18;1185;343;40640;15717;11.0;4.2
87;2021-03-19;1683;279;42323;15996;11.4;4.3
87;2021-03-20;923;86;43246;16082;11.7;4.3
87;2021-03-21;32;0;43278;16082;11.7;4.3
87;2021-03-22;1049;382;44327;16464;12.0;4.4
87;2021-03-23;1386;431;45713;16895;12.3;4.6
87;2021-03-24;1508;367;47221;17262;12.7;4.7
87;2021-03-25;2500;395;49721;17657;13.4;4.8
87;2021-03-26;2531;455;52252;18112;14.1;4.9
87;2021-03-27;890;125;53142;18237;14.3;4.9
87;2021-03-28;269;18;53411;18255;14.4;4.9
87;2021-03-29;1118;418;54529;18673;14.7;5.0
87;2021-03-30;1908;666;56437;19339;15.2;5.2
87;2021-03-31;1660;694;58097;20033;15.7;5.4
87;2021-04-01;2239;572;60336;20605;16.3;5.6
87;2021-04-02;1842;634;62178;21239;16.8;5.7
87;2021-04-03;455;266;62633;21505;16.9;5.8
87;2021-04-04;2;0;62635;21505;16.9;5.8
87;2021-04-05;82;1;62717;21506;16.9;5.8
87;2021-04-06;1000;906;63717;22412;17.2;6.0
87;2021-04-07;1486;926;65203;23338;17.6;6.3
87;2021-04-08;1785;1034;66988;24372;18.1;6.6
87;2021-04-09;2647;737;69635;25109;18.8;6.8
87;2021-04-10;1190;306;70825;25415;19.1;6.9
87;2021-04-11;69;0;70894;25415;19.1;6.9
87;2021-04-12;1619;826;72513;26241;19.6;7.1
87;2021-04-13;2289;1061;74802;27302;20.2;7.4
87;2021-04-14;2528;1186;77330;28488;20.9;7.7
87;2021-04-15;2223;1076;79553;29564;21.5;8.0
87;2021-04-16;2736;1072;82289;30636;22.2;8.3
87;2021-04-17;731;387;83020;31023;22.4;8.4
87;2021-04-18;111;141;83131;31164;22.4;8.4
87;2021-04-19;1659;838;84790;32002;22.9;8.6
87;2021-04-20;2085;881;86875;32883;23.4;8.9
87;2021-04-21;2297;992;89172;33875;24.1;9.1
87;2021-04-22;2564;1162;91736;35037;24.7;9.4
87;2021-04-23;1997;1181;93733;36218;25.3;9.8
87;2021-04-24;825;621;94558;36839;25.5;9.9
87;2021-04-25;64;103;94622;36942;25.5;10.0
87;2021-04-26;1356;915;95978;37857;25.9;10.2
87;2021-04-27;2398;1207;98376;39064;26.5;10.5
87;2021-04-28;3867;1444;102243;40508;27.6;10.9
87;2021-04-29;3077;1844;105320;42352;28.4;11.4
87;2021-04-30;3175;1361;108495;43713;29.3;11.8
87;2021-05-01;614;58;109109;43771;29.4;11.8
87;2021-05-02;361;5;109470;43776;29.5;11.8
87;2021-05-03;2322;939;111792;44715;30.2;12.1
87;2021-05-04;2906;1070;114698;45785;30.9;12.3
87;2021-05-05;2989;1512;117687;47297;31.7;12.8
87;2021-05-06;2531;1724;120218;49021;32.4;13.2
87;2021-05-07;2944;1722;123162;50743;33.2;13.7
87;2021-05-08;772;295;123934;51038;33.4;13.8
87;2021-05-09;19;133;123953;51171;33.4;13.8
87;2021-05-10;1937;1603;125890;52774;34.0;14.2
87;2021-05-11;2466;1909;128356;54683;34.6;14.7
87;2021-05-12;2622;2065;130978;56748;35.3;15.3
87;2021-05-13;1085;292;132063;57040;35.6;15.4
87;2021-05-14;2244;1772;134307;58812;36.2;15.9
87;2021-05-15;950;409;135257;59221;36.5;16.0
87;2021-05-16;141;74;135398;59295;36.5;16.0
87;2021-05-17;1628;1762;137026;61057;37.0;16.5
87;2021-05-18;2634;1818;139660;62875;37.7;17.0
87;2021-05-19;2822;1553;142482;64428;38.4;17.4
87;2021-05-20;3303;1724;145785;66152;39.3;17.8
87;2021-05-21;2765;1841;148550;67993;40.1;18.3
87;2021-05-22;1458;628;150008;68621;40.5;18.5
87;2021-05-23;211;92;150219;68713;40.5;18.5
87;2021-05-24;1055;142;151274;68855;40.8;18.6
87;2021-05-25;2117;1810;153391;70665;41.4;19.1
87;2021-05-26;3221;2477;156612;73142;42.2;19.7
87;2021-05-27;3023;2357;159635;75499;43.1;20.4
87;2021-05-28;2673;2524;162308;78023;43.8;21.0
87;2021-05-29;1061;1314;163369;79337;44.1;21.4
87;2021-05-30;258;60;163627;79397;44.1;21.4
87;2021-05-31;2286;1359;165913;80756;44.7;21.8
87;2021-06-01;2548;1865;168461;82621;45.4;22.3
87;2021-06-02;2525;1857;170986;84478;46.1;22.8
87;2021-06-03;3211;2528;174197;87006;47.0;23.5
87;2021-06-04;2839;2060;177036;89066;47.7;24.0
87;2021-06-05;1311;576;178347;89642;48.1;24.2
87;2021-06-06;262;95;178609;89737;48.2;24.2
87;2021-06-07;2100;1901;180709;91638;48.7;24.7
87;2021-06-08;2960;2602;183669;94240;49.5;25.4
87;2021-06-09;2304;2813;185973;97053;50.2;26.2
87;2021-06-10;2974;2554;188947;99607;51.0;26.9
87;2021-06-11;2364;3075;191311;102682;51.6;27.7
87;2021-06-12;1220;1104;192531;103786;51.9;28.0
87;2021-06-13;293;484;192824;104270;52.0;28.1
87;2021-06-14;980;2730;193804;107000;52.3;28.9
87;2021-06-15;1361;3321;195165;110321;52.6;29.8
87;2021-06-16;1650;3422;196815;113743;53.1;30.7
87;2021-06-17;2437;2316;199252;116059;53.7;31.3
87;2021-06-18;1790;3018;201042;119077;54.2;32.1
87;2021-06-19;1047;1177;202089;120254;54.5;32.4
87;2021-06-20;205;206;202294;120460;54.6;32.5
87;2021-06-21;1041;2643;203335;123103;54.8;33.2
87;2021-06-22;1029;2882;204364;125985;55.1;34.0
87;2021-06-23;1257;3081;205621;129066;55.5;34.8
87;2021-06-24;1620;2559;207241;131625;55.9;35.5
87;2021-06-25;1450;2713;208691;134338;56.3;36.2
87;2021-06-26;529;1200;209220;135538;56.4;36.6
87;2021-06-27;26;212;209246;135750;56.4;36.6
87;2021-06-28;717;2573;209963;138323;56.6;37.3
87;2021-06-29;1156;3417;211119;141740;56.9;38.2
87;2021-06-30;1124;2651;212243;144391;57.2;38.9
87;2021-07-01;1481;2549;213724;146940;57.6;39.6
87;2021-07-02;1200;3462;214924;150402;58.0;40.6
87;2021-07-03;413;1511;215337;151913;58.1;41.0
87;2021-07-04;24;384;215361;152297;58.1;41.1
87;2021-07-05;686;2395;216047;154692;58.3;41.7
87;2021-07-06;583;3221;216630;157913;58.4;42.6
87;2021-07-07;863;3345;217493;161258;58.7;43.5
87;2021-07-08;1119;3672;218612;164930;59.0;44.5
87;2021-07-09;1110;3701;219722;168631;59.3;45.5
87;2021-07-10;290;1360;220012;169991;59.3;45.8
87;2021-07-11;49;284;220061;170275;59.4;45.9
87;2021-07-12;559;3191;220620;173466;59.5;46.8
87;2021-07-13;833;3513;221453;176979;59.7;47.7
87;2021-07-14;518;540;221971;177519;59.9;47.9
87;2021-07-15;1361;3461;223332;180980;60.2;48.8
87;2021-07-16;1731;3600;225063;184580;60.7;49.8
87;2021-07-17;655;1373;225718;185953;60.9;50.2
87;2021-07-18;81;285;225799;186238;60.9;50.2
87;2021-07-19;1433;3401;227232;189639;61.3;51.1
87;2021-07-20;1806;3594;229038;193233;61.8;52.1
87;2021-07-21;1451;3151;230489;196384;62.2;53.0
87;2021-07-22;1878;3252;232367;199636;62.7;53.8
87;2021-07-23;1871;3172;234238;202808;63.2;54.7
87;2021-07-24;814;1283;235052;204091;63.4;55.0
87;2021-07-25;106;241;235158;204332;63.4;55.1
87;2021-07-26;1542;2331;236700;206663;63.8;55.7
87;2021-07-27;2552;2060;239252;208723;64.5;56.3
87;2021-07-28;2389;2007;241641;210730;65.2;56.8
87;2021-07-29;3003;1995;244644;212725;66.0;57.4
87;2021-07-30;2541;2075;247185;214800;66.7;57.9
87;2021-07-31;1104;837;248289;215637;67.0;58.2
87;2021-08-01;284;151;248573;215788;67.0;58.2
87;2021-08-02;2115;1514;250688;217302;67.6;58.6
87;2021-08-03;2494;1333;253182;218635;68.3;59.0
87;2021-08-04;2314;1063;255496;219698;68.9;59.3
87;2021-08-05;2518;1408;258014;221106;69.6;59.6
87;2021-08-06;2137;1658;260151;222764;70.2;60.1
87;2021-08-07;1104;781;261255;223545;70.5;60.3
87;2021-08-08;207;123;261462;223668;70.5;60.3
87;2021-08-09;1818;1531;263280;225199;71.0;60.7
87;2021-08-10;2192;1537;265472;226736;71.6;61.2
87;2021-08-11;1905;1271;267377;228007;72.1;61.5
87;2021-08-12;2089;1478;269466;229485;72.7;61.9
87;2021-08-13;1717;1634;271183;231119;73.1;62.3
87;2021-08-14;668;731;271851;231850;73.3;62.5
87;2021-08-15;72;104;271923;231954;73.3;62.6
87;2021-08-16;1499;1747;273422;233701;73.7;63.0
87;2021-08-17;1343;1667;274765;235368;74.1;63.5
87;2021-08-18;1241;1996;276006;237364;74.4;64.0
87;2021-08-19;1219;1799;277225;239163;74.8;64.5
87;2021-08-20;913;2202;278138;241365;75.0;65.1
87;2021-08-21;317;964;278455;242329;75.1;65.4
87;2021-08-22;92;235;278547;242564;75.1;65.4
87;2021-08-23;742;2391;279289;244955;75.3;66.1
87;2021-08-24;758;2134;280047;247089;75.5;66.6
87;2021-08-25;708;2061;280755;249150;75.7;67.2
87;2021-08-26;855;2155;281610;251305;76.0;67.8
87;2021-08-27;780;2664;282390;253969;76.2;68.5
87;2021-08-28;322;1293;282712;255262;76.2;68.8
87;2021-08-29;65;244;282777;255506;76.3;68.9
87;2021-08-30;468;2212;283245;257718;76.4;69.5
88;2020-12-27;0;0;0;0;0.0;0.0
88;2020-12-28;0;0;0;0;0.0;0.0
88;2020-12-29;0;0;0;0;0.0;0.0
88;2020-12-30;0;0;0;0;0.0;0.0
88;2020-12-31;0;0;0;0;0.0;0.0
88;2021-01-01;2;0;2;0;0.0;0.0
88;2021-01-02;0;0;2;0;0.0;0.0
88;2021-01-03;0;0;2;0;0.0;0.0
88;2021-01-04;0;0;2;0;0.0;0.0
88;2021-01-05;1;0;3;0;0.0;0.0
88;2021-01-06;3;0;6;0;0.0;0.0
88;2021-01-07;71;1;77;1;0.0;0.0
88;2021-01-08;189;2;266;3;0.1;0.0
88;2021-01-09;190;0;456;3;0.1;0.0
88;2021-01-10;0;0;456;3;0.1;0.0
88;2021-01-11;227;0;683;3;0.2;0.0
88;2021-01-12;422;0;1105;3;0.3;0.0
88;2021-01-13;491;2;1596;5;0.4;0.0
88;2021-01-14;346;2;1942;7;0.5;0.0
88;2021-01-15;380;2;2322;9;0.6;0.0
88;2021-01-16;62;0;2384;9;0.7;0.0
88;2021-01-17;1;0;2385;9;0.7;0.0
88;2021-01-18;461;0;2846;9;0.8;0.0
88;2021-01-19;451;0;3297;9;0.9;0.0
88;2021-01-20;460;1;3757;10;1.0;0.0
88;2021-01-21;1545;5;5302;15;1.5;0.0
88;2021-01-22;1181;2;6483;17;1.8;0.0
88;2021-01-23;284;0;6767;17;1.9;0.0
88;2021-01-24;298;2;7065;19;2.0;0.0
88;2021-01-25;938;3;8003;22;2.2;0.0
88;2021-01-26;388;5;8391;27;2.3;0.0
88;2021-01-27;4;0;8395;27;2.3;0.0
88;2021-01-28;162;37;8557;64;2.4;0.0
88;2021-01-29;526;160;9083;224;2.5;0.1
88;2021-01-30;288;127;9371;351;2.6;0.1
88;2021-01-31;0;0;9371;351;2.6;0.1
88;2021-02-01;406;281;9777;632;2.7;0.2
88;2021-02-02;333;364;10110;996;2.8;0.3
88;2021-02-03;437;241;10547;1237;2.9;0.3
88;2021-02-04;315;227;10862;1464;3.0;0.4
88;2021-02-05;457;252;11319;1716;3.1;0.5
88;2021-02-06;110;56;11429;1772;3.2;0.5
88;2021-02-07;0;0;11429;1772;3.2;0.5
88;2021-02-08;359;201;11788;1973;3.3;0.5
88;2021-02-09;291;287;12079;2260;3.4;0.6
88;2021-02-10;416;344;12495;2604;3.5;0.7
88;2021-02-11;851;1095;13346;3699;3.7;1.0
88;2021-02-12;938;704;14284;4403;4.0;1.2
88;2021-02-13;162;211;14446;4614;4.0;1.3
88;2021-02-14;81;216;14527;4830;4.0;1.3
88;2021-02-15;641;1073;15168;5903;4.2;1.6
88;2021-02-16;472;723;15640;6626;4.4;1.8
88;2021-02-17;456;437;16096;7063;4.5;2.0
88;2021-02-18;516;385;16612;7448;4.6;2.1
88;2021-02-19;536;460;17148;7908;4.8;2.2
88;2021-02-20;156;100;17304;8008;4.8;2.2
88;2021-02-21;1;25;17305;8033;4.8;2.2
88;2021-02-22;425;339;17730;8372;4.9;2.3
88;2021-02-23;403;232;18133;8604;5.0;2.4
88;2021-02-24;506;210;18639;8814;5.2;2.5
88;2021-02-25;675;285;19314;9099;5.4;2.5
88;2021-02-26;863;277;20177;9376;5.6;2.6
88;2021-02-27;269;34;20446;9410;5.7;2.6
88;2021-02-28;30;1;20476;9411;5.7;2.6
88;2021-03-01;359;464;20835;9875;5.8;2.7
88;2021-03-02;431;497;21266;10372;5.9;2.9
88;2021-03-03;649;462;21915;10834;6.1;3.0
88;2021-03-04;1039;754;22954;11588;6.4;3.2
88;2021-03-05;934;704;23888;12292;6.6;3.4
88;2021-03-06;1874;119;25762;12411;7.2;3.5
88;2021-03-07;1058;79;26820;12490;7.5;3.5
88;2021-03-08;727;689;27547;13179;7.7;3.7
88;2021-03-09;1095;535;28642;13714;8.0;3.8
88;2021-03-10;1083;494;29725;14208;8.3;4.0
88;2021-03-11;1441;401;31166;14609;8.7;4.1
88;2021-03-12;1309;489;32475;15098;9.0;4.2
88;2021-03-13;1210;128;33685;15226;9.4;4.2
88;2021-03-14;166;5;33851;15231;9.4;4.2
88;2021-03-15;929;447;34780;15678;9.7;4.4
88;2021-03-16;1024;346;35804;16024;10.0;4.5
88;2021-03-17;904;424;36708;16448;10.2;4.6
88;2021-03-18;1301;400;38009;16848;10.6;4.7
88;2021-03-19;1465;502;39474;17350;11.0;4.8
88;2021-03-20;1317;53;40791;17403;11.3;4.8
88;2021-03-21;37;0;40828;17403;11.4;4.8
88;2021-03-22;1232;544;42060;17947;11.7;5.0
88;2021-03-23;1780;443;43840;18390;12.2;5.1
88;2021-03-24;1876;472;45716;18862;12.7;5.2
88;2021-03-25;2499;495;48215;19357;13.4;5.4
88;2021-03-26;2480;457;50695;19814;14.1;5.5
88;2021-03-27;883;299;51578;20113;14.3;5.6
88;2021-03-28;61;4;51639;20117;14.4;5.6
88;2021-03-29;1305;446;52944;20563;14.7;5.7
88;2021-03-30;2062;393;55006;20956;15.3;5.8
88;2021-03-31;1619;578;56625;21534;15.8;6.0
88;2021-04-01;2118;716;58743;22250;16.3;6.2
88;2021-04-02;2816;645;61559;22895;17.1;6.4
88;2021-04-03;745;215;62304;23110;17.3;6.4
88;2021-04-04;16;1;62320;23111;17.3;6.4
88;2021-04-05;23;2;62343;23113;17.3;6.4
88;2021-04-06;1140;679;63483;23792;17.7;6.6
88;2021-04-07;1600;715;65083;24507;18.1;6.8
88;2021-04-08;1859;790;66942;25297;18.6;7.0
88;2021-04-09;3080;742;70022;26039;19.5;7.2
88;2021-04-10;724;649;70746;26688;19.7;7.4
88;2021-04-11;33;1;70779;26689;19.7;7.4
88;2021-04-12;1538;985;72317;27674;20.1;7.7
88;2021-04-13;2037;1092;74354;28766;20.7;8.0
88;2021-04-14;1911;949;76265;29715;21.2;8.3
88;2021-04-15;1968;1245;78233;30960;21.8;8.6
88;2021-04-16;2109;1050;80342;32010;22.3;8.9
88;2021-04-17;1429;766;81771;32776;22.7;9.1
88;2021-04-18;268;23;82039;32799;22.8;9.1
88;2021-04-19;1173;1237;83212;34036;23.1;9.5
88;2021-04-20;1190;1398;84402;35434;23.5;9.9
88;2021-04-21;1503;1297;85905;36731;23.9;10.2
88;2021-04-22;1899;1631;87804;38362;24.4;10.7
88;2021-04-23;1825;2047;89629;40409;24.9;11.2
88;2021-04-24;1184;782;90813;41191;25.3;11.5
88;2021-04-25;34;2;90847;41193;25.3;11.5
88;2021-04-26;1180;1173;92027;42366;25.6;11.8
88;2021-04-27;1278;1734;93305;44100;26.0;12.3
88;2021-04-28;1634;1497;94939;45597;26.4;12.7
88;2021-04-29;2082;1465;97021;47062;27.0;13.1
88;2021-04-30;2450;1631;99471;48693;27.7;13.5
88;2021-05-01;2008;286;101479;48979;28.2;13.6
88;2021-05-02;1301;120;102780;49099;28.6;13.7
88;2021-05-03;1558;1218;104338;50317;29.0;14.0
88;2021-05-04;1444;1468;105782;51785;29.4;14.4
88;2021-05-05;2427;1599;108209;53384;30.1;14.8
88;2021-05-06;3210;1211;111419;54595;31.0;15.2
88;2021-05-07;2938;1356;114357;55951;31.8;15.6
88;2021-05-08;1533;469;115890;56420;32.2;15.7
88;2021-05-09;1734;156;117624;56576;32.7;15.7
88;2021-05-10;1764;1571;119388;58147;33.2;16.2
88;2021-05-11;2657;1912;122045;60059;33.9;16.7
88;2021-05-12;2531;1854;124576;61913;34.7;17.2
88;2021-05-13;3258;681;127834;62594;35.6;17.4
88;2021-05-14;2501;1543;130335;64137;36.3;17.8
88;2021-05-15;1625;742;131960;64879;36.7;18.0
88;2021-05-16;1333;104;133293;64983;37.1;18.1
88;2021-05-17;1988;947;135281;65930;37.6;18.3
88;2021-05-18;2256;1115;137537;67045;38.3;18.6
88;2021-05-19;2723;1149;140260;68194;39.0;19.0
88;2021-05-20;3347;1238;143607;69432;39.9;19.3
88;2021-05-21;2875;1150;146482;70582;40.7;19.6
88;2021-05-22;1432;713;147914;71295;41.1;19.8
88;2021-05-23;557;74;148471;71369;41.3;19.9
88;2021-05-24;1675;434;150146;71803;41.8;20.0
88;2021-05-25;1647;1174;151793;72977;42.2;20.3
88;2021-05-26;2368;1141;154161;74118;42.9;20.6
88;2021-05-27;2201;1362;156362;75480;43.5;21.0
88;2021-05-28;1892;1989;158254;77469;44.0;21.5
88;2021-05-29;1231;1754;159485;79223;44.4;22.0
88;2021-05-30;587;418;160072;79641;44.5;22.2
88;2021-05-31;1327;1854;161399;81495;44.9;22.7
88;2021-06-01;1720;1988;163119;83483;45.4;23.2
88;2021-06-02;2076;1872;165195;85355;45.9;23.7
88;2021-06-03;2739;1621;167934;86976;46.7;24.2
88;2021-06-04;2043;1935;169977;88911;47.3;24.7
88;2021-06-05;1531;1139;171508;90050;47.7;25.0
88;2021-06-06;693;156;172201;90206;47.9;25.1
88;2021-06-07;1292;1709;173493;91915;48.3;25.6
88;2021-06-08;1666;1934;175159;93849;48.7;26.1
88;2021-06-09;1618;1910;176777;95759;49.2;26.6
88;2021-06-10;1781;2048;178558;97807;49.7;27.2
88;2021-06-11;1549;2217;180107;100024;50.1;27.8
88;2021-06-12;669;1656;180776;101680;50.3;28.3
88;2021-06-13;464;377;181240;102057;50.4;28.4
88;2021-06-14;1030;2249;182270;104306;50.7;29.0
88;2021-06-15;1929;2459;184199;106765;51.2;29.7
88;2021-06-16;1484;2870;185683;109635;51.6;30.5
88;2021-06-17;1600;2729;187283;112364;52.1;31.3
88;2021-06-18;1356;2461;188639;114825;52.5;31.9
88;2021-06-19;701;1090;189340;115915;52.7;32.2
88;2021-06-20;78;79;189418;115994;52.7;32.3
88;2021-06-21;672;2581;190090;118575;52.9;33.0
88;2021-06-22;869;3432;190959;122007;53.1;33.9
88;2021-06-23;1143;2878;192102;124885;53.4;34.7
88;2021-06-24;703;2603;192805;127488;53.6;35.5
88;2021-06-25;1436;3180;194241;130668;54.0;36.3
88;2021-06-26;903;2071;195144;132739;54.3;36.9
88;2021-06-27;543;635;195687;133374;54.4;37.1
88;2021-06-28;759;2515;196446;135889;54.6;37.8
88;2021-06-29;961;3355;197407;139244;54.9;38.7
88;2021-06-30;1136;3114;198543;142358;55.2;39.6
88;2021-07-01;1057;2687;199600;145045;55.5;40.3
88;2021-07-02;988;3147;200588;148192;55.8;41.2
88;2021-07-03;694;1699;201282;149891;56.0;41.7
88;2021-07-04;258;815;201540;150706;56.1;41.9
88;2021-07-05;993;2021;202533;152727;56.3;42.5
88;2021-07-06;1020;2415;203553;155142;56.6;43.2
88;2021-07-07;1179;2586;204732;157728;56.9;43.9
88;2021-07-08;1085;2064;205817;159792;57.2;44.4
88;2021-07-09;1583;2706;207400;162498;57.7;45.2
88;2021-07-10;720;1818;208120;164316;57.9;45.7
88;2021-07-11;468;696;208588;165012;58.0;45.9
88;2021-07-12;1055;2521;209643;167533;58.3;46.6
88;2021-07-13;1313;2654;210956;170187;58.7;47.3
88;2021-07-14;1206;801;212162;170988;59.0;47.6
88;2021-07-15;1744;3315;213906;174303;59.5;48.5
88;2021-07-16;1470;2964;215376;177267;59.9;49.3
88;2021-07-17;802;1589;216178;178856;60.1;49.7
88;2021-07-18;180;679;216358;179535;60.2;49.9
88;2021-07-19;1563;2232;217921;181767;60.6;50.6
88;2021-07-20;2143;2390;220064;184157;61.2;51.2
88;2021-07-21;1938;2219;222002;186376;61.7;51.8
88;2021-07-22;1698;2111;223700;188487;62.2;52.4
88;2021-07-23;2508;2784;226208;191271;62.9;53.2
88;2021-07-24;1059;1186;227267;192457;63.2;53.5
88;2021-07-25;432;608;227699;193065;63.3;53.7
88;2021-07-26;1715;2074;229414;195139;63.8;54.3
88;2021-07-27;2349;2060;231763;197199;64.5;54.9
88;2021-07-28;2211;2248;233974;199447;65.1;55.5
88;2021-07-29;3029;1635;237003;201082;65.9;55.9
88;2021-07-30;2273;2295;239276;203377;66.6;56.6
88;2021-07-31;1105;1037;240381;204414;66.9;56.9
88;2021-08-01;443;462;240824;204876;67.0;57.0
88;2021-08-02;2375;1767;243199;206643;67.6;57.5
88;2021-08-03;2869;1590;246068;208233;68.4;57.9
88;2021-08-04;2517;1529;248585;209762;69.1;58.3
88;2021-08-05;1992;1378;250577;211140;69.7;58.7
88;2021-08-06;2918;2012;253495;213152;70.5;59.3
88;2021-08-07;1171;913;254666;214065;70.8;59.5
88;2021-08-08;750;319;255416;214384;71.0;59.6
88;2021-08-09;1545;1647;256961;216031;71.5;60.1
88;2021-08-10;1935;2059;258896;218090;72.0;60.7
88;2021-08-11;1862;1749;260758;219839;72.5;61.1
88;2021-08-12;1658;1347;262416;221186;73.0;61.5
88;2021-08-13;1923;2121;264339;223307;73.5;62.1
88;2021-08-14;576;910;264915;224217;73.7;62.4
88;2021-08-15;336;522;265251;224739;73.8;62.5
88;2021-08-16;1145;1987;266396;226726;74.1;63.1
88;2021-08-17;1266;2054;267662;228780;74.4;63.6
88;2021-08-18;1202;1920;268864;230700;74.8;64.2
88;2021-08-19;1037;1582;269901;232282;75.1;64.6
88;2021-08-20;1015;2328;270916;234610;75.4;65.3
88;2021-08-21;402;1141;271318;235751;75.5;65.6
88;2021-08-22;99;477;271417;236228;75.5;65.7
88;2021-08-23;730;1640;272147;237868;75.7;66.2
88;2021-08-24;913;1970;273060;239838;76.0;66.7
88;2021-08-25;889;2456;273949;242294;76.2;67.4
88;2021-08-26;863;2044;274812;244338;76.4;68.0
88;2021-08-27;843;2707;275655;247045;76.7;68.7
88;2021-08-28;484;1343;276139;248388;76.8;69.1
88;2021-08-29;130;694;276269;249082;76.8;69.3
88;2021-08-30;676;2360;276945;251442;77.0;69.9
89;2020-12-27;0;0;0;0;0.0;0.0
89;2020-12-28;1;0;1;0;0.0;0.0
89;2020-12-29;0;0;1;0;0.0;0.0
89;2020-12-30;0;0;1;0;0.0;0.0
89;2020-12-31;0;0;1;0;0.0;0.0
89;2021-01-01;0;0;1;0;0.0;0.0
89;2021-01-02;0;0;1;0;0.0;0.0
89;2021-01-03;0;0;1;0;0.0;0.0
89;2021-01-04;0;0;1;0;0.0;0.0
89;2021-01-05;0;0;1;0;0.0;0.0
89;2021-01-06;48;0;49;0;0.0;0.0
89;2021-01-07;201;0;250;0;0.1;0.0
89;2021-01-08;48;0;298;0;0.1;0.0
89;2021-01-09;1;0;299;0;0.1;0.0
89;2021-01-10;0;0;299;0;0.1;0.0
89;2021-01-11;220;0;519;0;0.2;0.0
89;2021-01-12;349;0;868;0;0.3;0.0
89;2021-01-13;533;3;1401;3;0.4;0.0
89;2021-01-14;710;7;2111;10;0.6;0.0
89;2021-01-15;275;2;2386;12;0.7;0.0
89;2021-01-16;90;3;2476;15;0.7;0.0
89;2021-01-17;0;0;2476;15;0.7;0.0
89;2021-01-18;503;1;2979;16;0.9;0.0
89;2021-01-19;840;3;3819;19;1.1;0.0
89;2021-01-20;760;1;4579;20;1.4;0.0
89;2021-01-21;939;4;5518;24;1.7;0.0
89;2021-01-22;1020;1;6538;25;2.0;0.0
89;2021-01-23;200;0;6738;25;2.0;0.0
89;2021-01-24;107;0;6845;25;2.1;0.0
89;2021-01-25;482;4;7327;29;2.2;0.0
89;2021-01-26;582;13;7909;42;2.4;0.0
89;2021-01-27;473;38;8382;80;2.5;0.0
89;2021-01-28;550;126;8932;206;2.7;0.1
89;2021-01-29;958;42;9890;248;3.0;0.1
89;2021-01-30;184;67;10074;315;3.0;0.1
89;2021-01-31;24;2;10098;317;3.0;0.1
89;2021-02-01;255;152;10353;469;3.1;0.1
89;2021-02-02;282;332;10635;801;3.2;0.2
89;2021-02-03;292;344;10927;1145;3.3;0.3
89;2021-02-04;432;593;11359;1738;3.4;0.5
89;2021-02-05;387;201;11746;1939;3.5;0.6
89;2021-02-06;77;66;11823;2005;3.6;0.6
89;2021-02-07;0;0;11823;2005;3.6;0.6
89;2021-02-08;288;186;12111;2191;3.6;0.7
89;2021-02-09;285;440;12396;2631;3.7;0.8
89;2021-02-10;396;314;12792;2945;3.9;0.9
89;2021-02-11;332;549;13124;3494;4.0;1.1
89;2021-02-12;433;599;13557;4093;4.1;1.2
89;2021-02-13;52;131;13609;4224;4.1;1.3
89;2021-02-14;21;116;13630;4340;4.1;1.3
89;2021-02-15;218;404;13848;4744;4.2;1.4
89;2021-02-16;134;534;13982;5278;4.2;1.6
89;2021-02-17;263;434;14245;5712;4.3;1.7
89;2021-02-18;225;544;14470;6256;4.4;1.9
89;2021-02-19;244;652;14714;6908;4.4;2.1
89;2021-02-20;33;140;14747;7048;4.4;2.1
89;2021-02-21;0;10;14747;7058;4.4;2.1
89;2021-02-22;233;449;14980;7507;4.5;2.3
89;2021-02-23;171;491;15151;7998;4.6;2.4
89;2021-02-24;343;389;15494;8387;4.7;2.5
89;2021-02-25;370;464;15864;8851;4.8;2.7
89;2021-02-26;385;335;16249;9186;4.9;2.8
89;2021-02-27;138;82;16387;9268;4.9;2.8
89;2021-02-28;6;13;16393;9281;4.9;2.8
89;2021-03-01;541;237;16934;9518;5.1;2.9
89;2021-03-02;754;355;17688;9873;5.3;3.0
89;2021-03-03;647;276;18335;10149;5.5;3.1
89;2021-03-04;633;379;18968;10528;5.7;3.2
89;2021-03-05;728;504;19696;11032;5.9;3.3
89;2021-03-06;549;130;20245;11162;6.1;3.4
89;2021-03-07;288;40;20533;11202;6.2;3.4
89;2021-03-08;558;328;21091;11530;6.4;3.5
89;2021-03-09;1000;276;22091;11806;6.7;3.6
89;2021-03-10;984;256;23075;12062;6.9;3.6
89;2021-03-11;1074;301;24149;12363;7.3;3.7
89;2021-03-12;1281;337;25430;12700;7.7;3.8
89;2021-03-13;636;44;26066;12744;7.8;3.8
89;2021-03-14;1;0;26067;12744;7.8;3.8
89;2021-03-15;815;312;26882;13056;8.1;3.9
89;2021-03-16;948;226;27830;13282;8.4;4.0
89;2021-03-17;919;268;28749;13550;8.7;4.1
89;2021-03-18;884;255;29633;13805;8.9;4.2
89;2021-03-19;1149;197;30782;14002;9.3;4.2
89;2021-03-20;844;28;31626;14030;9.5;4.2
89;2021-03-21;173;6;31799;14036;9.6;4.2
89;2021-03-22;1044;225;32843;14261;9.9;4.3
89;2021-03-23;1742;258;34585;14519;10.4;4.4
89;2021-03-24;1967;326;36552;14845;11.0;4.5
89;2021-03-25;1820;171;38372;15016;11.6;4.5
89;2021-03-26;2627;184;40999;15200;12.3;4.6
89;2021-03-27;1774;48;42773;15248;12.9;4.6
89;2021-03-28;32;3;42805;15251;12.9;4.6
89;2021-03-29;965;578;43770;15829;13.2;4.8
89;2021-03-30;1153;569;44923;16398;13.5;4.9
89;2021-03-31;2005;474;46928;16872;14.1;5.1
89;2021-04-01;2120;460;49048;17332;14.8;5.2
89;2021-04-02;2139;446;51187;17778;15.4;5.4
89;2021-04-03;1004;243;52191;18021;15.7;5.4
89;2021-04-04;16;1;52207;18022;15.7;5.4
89;2021-04-05;92;2;52299;18024;15.7;5.4
89;2021-04-06;1035;757;53334;18781;16.1;5.7
89;2021-04-07;1030;804;54364;19585;16.4;5.9
89;2021-04-08;1729;726;56093;20311;16.9;6.1
89;2021-04-09;2162;768;58255;21079;17.5;6.3
89;2021-04-10;892;181;59147;21260;17.8;6.4
89;2021-04-11;38;51;59185;21311;17.8;6.4
89;2021-04-12;1013;793;60198;22104;18.1;6.7
89;2021-04-13;1357;1079;61555;23183;18.5;7.0
89;2021-04-14;1211;1038;62766;24221;18.9;7.3
89;2021-04-15;1415;944;64181;25165;19.3;7.6
89;2021-04-16;1329;940;65510;26105;19.7;7.9
89;2021-04-17;1068;455;66578;26560;20.0;8.0
89;2021-04-18;27;154;66605;26714;20.1;8.0
89;2021-04-19;749;1039;67354;27753;20.3;8.4
89;2021-04-20;1017;1535;68371;29288;20.6;8.8
89;2021-04-21;814;1106;69185;30394;20.8;9.2
89;2021-04-22;1108;1167;70293;31561;21.2;9.5
89;2021-04-23;1823;1966;72116;33527;21.7;10.1
89;2021-04-24;1174;1174;73290;34701;22.1;10.4
89;2021-04-25;139;6;73429;34707;22.1;10.5
89;2021-04-26;1503;774;74932;35481;22.6;10.7
89;2021-04-27;1733;1053;76665;36534;23.1;11.0
89;2021-04-28;1594;1855;78259;38389;23.6;11.6
89;2021-04-29;1968;1925;80227;40314;24.2;12.1
89;2021-04-30;1804;1769;82031;42083;24.7;12.7
89;2021-05-01;846;722;82877;42805;25.0;12.9
89;2021-05-02;134;31;83011;42836;25.0;12.9
89;2021-05-03;1606;765;84617;43601;25.5;13.1
89;2021-05-04;1622;1129;86239;44730;26.0;13.5
89;2021-05-05;2319;1265;88558;45995;26.7;13.8
89;2021-05-06;2413;1380;90971;47375;27.4;14.3
89;2021-05-07;2719;1318;93690;48693;28.2;14.7
89;2021-05-08;1787;534;95477;49227;28.7;14.8
89;2021-05-09;196;18;95673;49245;28.8;14.8
89;2021-05-10;1201;962;96874;50207;29.2;15.1
89;2021-05-11;2489;1463;99363;51670;29.9;15.6
89;2021-05-12;2059;1218;101422;52888;30.5;15.9
89;2021-05-13;414;332;101836;53220;30.7;16.0
89;2021-05-14;1878;1095;103714;54315;31.2;16.4
89;2021-05-15;2248;394;105962;54709;31.9;16.5
89;2021-05-16;10;35;105972;54744;31.9;16.5
89;2021-05-17;2091;637;108063;55381;32.5;16.7
89;2021-05-18;2324;829;110387;56210;33.2;16.9
89;2021-05-19;2861;883;113248;57093;34.1;17.2
89;2021-05-20;2927;890;116175;57983;35.0;17.5
89;2021-05-21;2481;879;118656;58862;35.7;17.7
89;2021-05-22;1430;568;120086;59430;36.2;17.9
89;2021-05-23;108;10;120194;59440;36.2;17.9
89;2021-05-24;286;224;120480;59664;36.3;18.0
89;2021-05-25;1559;984;122039;60648;36.7;18.3
89;2021-05-26;1817;1022;123856;61670;37.3;18.6
89;2021-05-27;2118;1359;125974;63029;37.9;19.0
89;2021-05-28;2143;1422;128117;64451;38.6;19.4
89;2021-05-29;540;658;128657;65109;38.7;19.6
89;2021-05-30;25;22;128682;65131;38.7;19.6
89;2021-05-31;1248;971;129930;66102;39.1;19.9
89;2021-06-01;1506;983;131436;67085;39.6;20.2
89;2021-06-02;1945;1279;133381;68364;40.2;20.6
89;2021-06-03;2428;1522;135809;69886;40.9;21.0
89;2021-06-04;2140;1889;137949;71775;41.5;21.6
89;2021-06-05;1186;1225;139135;73000;41.9;22.0
89;2021-06-06;23;37;139158;73037;41.9;22.0
89;2021-06-07;2110;1451;141268;74488;42.5;22.4
89;2021-06-08;2196;1457;143464;75945;43.2;22.9
89;2021-06-09;2321;1509;145785;77454;43.9;23.3
89;2021-06-10;2791;1601;148576;79055;44.7;23.8
89;2021-06-11;1948;1750;150524;80805;45.3;24.3
89;2021-06-12;1103;759;151627;81564;45.7;24.6
89;2021-06-13;156;424;151783;81988;45.7;24.7
89;2021-06-14;1311;1824;153094;83812;46.1;25.2
89;2021-06-15;1401;2013;154495;85825;46.5;25.8
89;2021-06-16;1128;2583;155623;88408;46.9;26.6
89;2021-06-17;1430;2337;157053;90745;47.3;27.3
89;2021-06-18;1623;2879;158676;93624;47.8;28.2
89;2021-06-19;687;1661;159363;95285;48.0;28.7
89;2021-06-20;55;127;159418;95412;48.0;28.7
89;2021-06-21;759;1528;160177;96940;48.2;29.2
89;2021-06-22;1048;2679;161225;99619;48.5;30.0
89;2021-06-23;1156;1796;162381;101415;48.9;30.5
89;2021-06-24;1077;1497;163458;102912;49.2;31.0
89;2021-06-25;1008;2428;164466;105340;49.5;31.7
89;2021-06-26;560;2483;165026;107823;49.7;32.5
89;2021-06-27;14;28;165040;107851;49.7;32.5
89;2021-06-28;1033;2494;166073;110345;50.0;33.2
89;2021-06-29;692;2404;166765;112749;50.2;34.0
89;2021-06-30;1083;3182;167848;115931;50.5;34.9
89;2021-07-01;1022;2988;168870;118919;50.8;35.8
89;2021-07-02;1106;2749;169976;121668;51.2;36.6
89;2021-07-03;554;1574;170530;123242;51.3;37.1
89;2021-07-04;11;36;170541;123278;51.4;37.1
89;2021-07-05;1296;1840;171837;125118;51.7;37.7
89;2021-07-06;1050;2309;172887;127427;52.1;38.4
89;2021-07-07;669;1788;173556;129215;52.3;38.9
89;2021-07-08;792;1871;174348;131086;52.5;39.5
89;2021-07-09;1140;2606;175488;133692;52.8;40.3
89;2021-07-10;718;816;176206;134508;53.1;40.5
89;2021-07-11;26;39;176232;134547;53.1;40.5
89;2021-07-12;1423;1900;177655;136447;53.5;41.1
89;2021-07-13;2136;2742;179791;139189;54.1;41.9
89;2021-07-14;314;326;180105;139515;54.2;42.0
89;2021-07-15;2243;3157;182348;142672;54.9;43.0
89;2021-07-16;2390;2860;184738;145532;55.6;43.8
89;2021-07-17;1233;1226;185971;146758;56.0;44.2
89;2021-07-18;276;97;186247;146855;56.1;44.2
89;2021-07-19;1566;2812;187813;149667;56.6;45.1
89;2021-07-20;1929;3283;189742;152950;57.1;46.1
89;2021-07-21;2079;2725;191821;155675;57.8;46.9
89;2021-07-22;2474;2992;194295;158667;58.5;47.8
89;2021-07-23;2477;3103;196772;161770;59.3;48.7
89;2021-07-24;1240;1247;198012;163017;59.6;49.1
89;2021-07-25;69;186;198081;163203;59.6;49.1
89;2021-07-26;1719;2320;199800;165523;60.2;49.8
89;2021-07-27;2344;1910;202144;167433;60.9;50.4
89;2021-07-28;2533;1335;204677;168768;61.6;50.8
89;2021-07-29;2524;1619;207201;170387;62.4;51.3
89;2021-07-30;2676;1622;209877;172009;63.2;51.8
89;2021-07-31;1122;1071;210999;173080;63.5;52.1
89;2021-08-01;69;33;211068;173113;63.6;52.1
89;2021-08-02;1782;1283;212850;174396;64.1;52.5
89;2021-08-03;2462;1255;215312;175651;64.8;52.9
89;2021-08-04;1526;1643;216838;177294;65.3;53.4
89;2021-08-05;1529;1691;218367;178985;65.8;53.9
89;2021-08-06;2162;1648;220529;180633;66.4;54.4
89;2021-08-07;924;1093;221453;181726;66.7;54.7
89;2021-08-08;56;48;221509;181774;66.7;54.7
89;2021-08-09;1087;1173;222596;182947;67.0;55.1
89;2021-08-10;1773;1814;224369;184761;67.6;55.6
89;2021-08-11;1511;1579;225880;186340;68.0;56.1
89;2021-08-12;1348;1388;227228;187728;68.4;56.5
89;2021-08-13;1244;1951;228472;189679;68.8;57.1
89;2021-08-14;514;1016;228986;190695;69.0;57.4
89;2021-08-15;19;43;229005;190738;69.0;57.4
89;2021-08-16;985;1965;229990;192703;69.3;58.0
89;2021-08-17;827;1569;230817;194272;69.5;58.5
89;2021-08-18;605;1898;231422;196170;69.7;59.1
89;2021-08-19;654;1390;232076;197560;69.9;59.5
89;2021-08-20;1003;2261;233079;199821;70.2;60.2
89;2021-08-21;291;1003;233370;200824;70.3;60.5
89;2021-08-22;32;34;233402;200858;70.3;60.5
89;2021-08-23;752;2247;234154;203105;70.5;61.2
89;2021-08-24;829;2366;234983;205471;70.8;61.9
89;2021-08-25;553;1429;235536;206900;70.9;62.3
89;2021-08-26;574;2050;236110;208950;71.1;62.9
89;2021-08-27;776;2260;236886;211210;71.3;63.6
89;2021-08-28;338;1299;237224;212509;71.4;64.0
89;2021-08-29;30;70;237254;212579;71.4;64.0
89;2021-08-30;622;2226;237876;214805;71.6;64.7
90;2020-12-27;0;0;0;0;0.0;0.0
90;2020-12-28;0;0;0;0;0.0;0.0
90;2020-12-29;0;0;0;0;0.0;0.0
90;2020-12-30;1;0;1;0;0.0;0.0
90;2020-12-31;0;0;1;0;0.0;0.0
90;2021-01-01;0;0;1;0;0.0;0.0
90;2021-01-02;1;0;2;0;0.0;0.0
90;2021-01-03;0;0;2;0;0.0;0.0
90;2021-01-04;2;0;4;0;0.0;0.0
90;2021-01-05;0;0;4;0;0.0;0.0
90;2021-01-06;0;0;4;0;0.0;0.0
90;2021-01-07;1;0;5;0;0.0;0.0
90;2021-01-08;170;0;175;0;0.1;0.0
90;2021-01-09;46;0;221;0;0.2;0.0
90;2021-01-10;0;0;221;0;0.2;0.0
90;2021-01-11;200;0;421;0;0.3;0.0
90;2021-01-12;430;1;851;1;0.6;0.0
90;2021-01-13;468;3;1319;4;0.9;0.0
90;2021-01-14;414;2;1733;6;1.2;0.0
90;2021-01-15;405;10;2138;16;1.5;0.0
90;2021-01-16;111;2;2249;18;1.6;0.0
90;2021-01-17;1;0;2250;18;1.6;0.0
90;2021-01-18;364;2;2614;20;1.9;0.0
90;2021-01-19;462;5;3076;25;2.2;0.0
90;2021-01-20;392;2;3468;27;2.5;0.0
90;2021-01-21;351;1;3819;28;2.7;0.0
90;2021-01-22;346;2;4165;30;3.0;0.0
90;2021-01-23;98;0;4263;30;3.0;0.0
90;2021-01-24;0;0;4263;30;3.0;0.0
90;2021-01-25;322;3;4585;33;3.3;0.0
90;2021-01-26;224;0;4809;33;3.4;0.0
90;2021-01-27;255;0;5064;33;3.6;0.0
90;2021-01-28;328;32;5392;65;3.8;0.0
90;2021-01-29;291;163;5683;228;4.1;0.2
90;2021-01-30;176;45;5859;273;4.2;0.2
90;2021-01-31;118;0;5977;273;4.3;0.2
90;2021-02-01;275;112;6252;385;4.5;0.3
90;2021-02-02;290;161;6542;546;4.7;0.4
90;2021-02-03;256;368;6798;914;4.9;0.7
90;2021-02-04;257;304;7055;1218;5.0;0.9
90;2021-02-05;266;271;7321;1489;5.2;1.1
90;2021-02-06;89;68;7410;1557;5.3;1.1
90;2021-02-07;0;0;7410;1557;5.3;1.1
90;2021-02-08;170;218;7580;1775;5.4;1.3
90;2021-02-09;139;166;7719;1941;5.5;1.4
90;2021-02-10;182;31;7901;1972;5.6;1.4
90;2021-02-11;229;108;8130;2080;5.8;1.5
90;2021-02-12;126;239;8256;2319;5.9;1.7
90;2021-02-13;96;46;8352;2365;6.0;1.7
90;2021-02-14;0;0;8352;2365;6.0;1.7
90;2021-02-15;113;280;8465;2645;6.0;1.9
90;2021-02-16;92;275;8557;2920;6.1;2.1
90;2021-02-17;178;205;8735;3125;6.2;2.2
90;2021-02-18;128;242;8863;3367;6.3;2.4
90;2021-02-19;64;271;8927;3638;6.4;2.6
90;2021-02-20;40;72;8967;3710;6.4;2.6
90;2021-02-21;0;0;8967;3710;6.4;2.6
90;2021-02-22;77;333;9044;4043;6.5;2.9
90;2021-02-23;40;258;9084;4301;6.5;3.1
90;2021-02-24;109;290;9193;4591;6.6;3.3
90;2021-02-25;89;313;9282;4904;6.6;3.5
90;2021-02-26;89;394;9371;5298;6.7;3.8
90;2021-02-27;140;176;9511;5474;6.8;3.9
90;2021-02-28;8;113;9519;5587;6.8;4.0
90;2021-03-01;212;233;9731;5820;6.9;4.2
90;2021-03-02;178;284;9909;6104;7.1;4.4
90;2021-03-03;239;354;10148;6458;7.2;4.6
90;2021-03-04;260;278;10408;6736;7.4;4.8
90;2021-03-05;359;270;10767;7006;7.7;5.0
90;2021-03-06;291;104;11058;7110;7.9;5.1
90;2021-03-07;18;1;11076;7111;7.9;5.1
90;2021-03-08;246;248;11322;7359;8.1;5.3
90;2021-03-09;430;165;11752;7524;8.4;5.4
90;2021-03-10;348;196;12100;7720;8.6;5.5
90;2021-03-11;348;120;12448;7840;8.9;5.6
90;2021-03-12;519;129;12967;7969;9.3;5.7
90;2021-03-13;539;47;13506;8016;9.6;5.7
90;2021-03-14;21;0;13527;8016;9.7;5.7
90;2021-03-15;387;117;13914;8133;9.9;5.8
90;2021-03-16;401;99;14315;8232;10.2;5.9
90;2021-03-17;323;76;14638;8308;10.4;5.9
90;2021-03-18;348;80;14986;8388;10.7;6.0
90;2021-03-19;468;79;15454;8467;11.0;6.0
90;2021-03-20;427;48;15881;8515;11.3;6.1
90;2021-03-21;7;1;15888;8516;11.3;6.1
90;2021-03-22;399;30;16287;8546;11.6;6.1
90;2021-03-23;739;76;17026;8622;12.1;6.2
90;2021-03-24;817;45;17843;8667;12.7;6.2
90;2021-03-25;948;75;18791;8742;13.4;6.2
90;2021-03-26;1227;61;20018;8803;14.3;6.3
90;2021-03-27;439;34;20457;8837;14.6;6.3
90;2021-03-28;34;0;20491;8837;14.6;6.3
90;2021-03-29;712;144;21203;8981;15.1;6.4
90;2021-03-30;674;155;21877;9136;15.6;6.5
90;2021-03-31;728;84;22605;9220;16.1;6.6
90;2021-04-01;602;123;23207;9343;16.6;6.7
90;2021-04-02;657;98;23864;9441;17.0;6.7
90;2021-04-03;370;40;24234;9481;17.3;6.8
90;2021-04-04;1;0;24235;9481;17.3;6.8
90;2021-04-05;0;0;24235;9481;17.3;6.8
90;2021-04-06;528;252;24763;9733;17.7;6.9
90;2021-04-07;485;265;25248;9998;18.0;7.1
90;2021-04-08;510;245;25758;10243;18.4;7.3
90;2021-04-09;752;268;26510;10511;18.9;7.5
90;2021-04-10;224;8;26734;10519;19.1;7.5
90;2021-04-11;7;0;26741;10519;19.1;7.5
90;2021-04-12;557;480;27298;10999;19.5;7.8
90;2021-04-13;631;530;27929;11529;19.9;8.2
90;2021-04-14;527;351;28456;11880;20.3;8.5
90;2021-04-15;905;291;29361;12171;21.0;8.7
90;2021-04-16;370;404;29731;12575;21.2;9.0
90;2021-04-17;189;128;29920;12703;21.3;9.1
90;2021-04-18;21;0;29941;12703;21.4;9.1
90;2021-04-19;435;571;30376;13274;21.7;9.5
90;2021-04-20;494;618;30870;13892;22.0;9.9
90;2021-04-21;353;497;31223;14389;22.3;10.3
90;2021-04-22;569;602;31792;14991;22.7;10.7
90;2021-04-23;504;742;32296;15733;23.0;11.2
90;2021-04-24;305;202;32601;15935;23.3;11.4
90;2021-04-25;1;0;32602;15935;23.3;11.4
90;2021-04-26;509;750;33111;16685;23.6;11.9
90;2021-04-27;641;679;33752;17364;24.1;12.4
90;2021-04-28;765;445;34517;17809;24.6;12.7
90;2021-04-29;1003;452;35520;18261;25.3;13.0
90;2021-04-30;1120;459;36640;18720;26.1;13.4
90;2021-05-01;60;42;36700;18762;26.2;13.4
90;2021-05-02;4;0;36704;18762;26.2;13.4
90;2021-05-03;904;286;37608;19048;26.8;13.6
90;2021-05-04;784;637;38392;19685;27.4;14.0
90;2021-05-05;892;504;39284;20189;28.0;14.4
90;2021-05-06;852;626;40136;20815;28.6;14.9
90;2021-05-07;440;510;40576;21325;29.0;15.2
90;2021-05-08;26;27;40602;21352;29.0;15.2
90;2021-05-09;5;33;40607;21385;29.0;15.3
90;2021-05-10;506;585;41113;21970;29.3;15.7
90;2021-05-11;778;637;41891;22607;29.9;16.1
90;2021-05-12;531;598;42422;23205;30.3;16.6
90;2021-05-13;1113;264;43535;23469;31.1;16.7
90;2021-05-14;865;403;44400;23872;31.7;17.0
90;2021-05-15;14;125;44414;23997;31.7;17.1
90;2021-05-16;2;7;44416;24004;31.7;17.1
90;2021-05-17;793;290;45209;24294;32.3;17.3
90;2021-05-18;1024;472;46233;24766;33.0;17.7
90;2021-05-19;1265;384;47498;25150;33.9;17.9
90;2021-05-20;1200;270;48698;25420;34.7;18.1
90;2021-05-21;1265;432;49963;25852;35.7;18.4
90;2021-05-22;9;131;49972;25983;35.7;18.5
90;2021-05-23;4;0;49976;25983;35.7;18.5
90;2021-05-24;368;266;50344;26249;35.9;18.7
90;2021-05-25;636;792;50980;27041;36.4;19.3
90;2021-05-26;630;568;51610;27609;36.8;19.7
90;2021-05-27;963;383;52573;27992;37.5;20.0
90;2021-05-28;668;827;53241;28819;38.0;20.6
90;2021-05-29;93;296;53334;29115;38.1;20.8
90;2021-05-30;4;1;53338;29116;38.1;20.8
90;2021-05-31;809;714;54147;29830;38.6;21.3
90;2021-06-01;968;740;55115;30570;39.3;21.8
90;2021-06-02;760;676;55875;31246;39.9;22.3
90;2021-06-03;758;743;56633;31989;40.4;22.8
90;2021-06-04;833;973;57466;32962;41.0;23.5
90;2021-06-05;54;427;57520;33389;41.0;23.8
90;2021-06-06;1;16;57521;33405;41.0;23.8
90;2021-06-07;1265;1081;58786;34486;41.9;24.6
90;2021-06-08;1481;936;60267;35422;43.0;25.3
90;2021-06-09;965;659;61232;36081;43.7;25.7
90;2021-06-10;626;498;61858;36579;44.1;26.1
90;2021-06-11;787;1127;62645;37706;44.7;26.9
90;2021-06-12;806;298;63451;38004;45.3;27.1
90;2021-06-13;10;12;63461;38016;45.3;27.1
90;2021-06-14;265;975;63726;38991;45.5;27.8
90;2021-06-15;567;880;64293;39871;45.9;28.4
90;2021-06-16;510;548;64803;40419;46.2;28.8
90;2021-06-17;444;638;65247;41057;46.6;29.3
90;2021-06-18;624;997;65871;42054;47.0;30.0
90;2021-06-19;450;171;66321;42225;47.3;30.1
90;2021-06-20;0;28;66321;42253;47.3;30.1
90;2021-06-21;257;1178;66578;43431;47.5;31.0
90;2021-06-22;384;950;66962;44381;47.8;31.7
90;2021-06-23;415;633;67377;45014;48.1;32.1
90;2021-06-24;319;603;67696;45617;48.3;32.5
90;2021-06-25;431;1273;68127;46890;48.6;33.5
90;2021-06-26;420;561;68547;47451;48.9;33.9
90;2021-06-27;2;6;68549;47457;48.9;33.9
90;2021-06-28;378;1299;68927;48756;49.2;34.8
90;2021-06-29;305;1307;69232;50063;49.4;35.7
90;2021-06-30;485;1228;69717;51291;49.7;36.6
90;2021-07-01;355;919;70072;52210;50.0;37.3
90;2021-07-02;507;1206;70579;53416;50.4;38.1
90;2021-07-03;52;129;70631;53545;50.4;38.2
90;2021-07-04;0;21;70631;53566;50.4;38.2
90;2021-07-05;401;1014;71032;54580;50.7;38.9
90;2021-07-06;514;972;71546;55552;51.1;39.6
90;2021-07-07;381;994;71927;56546;51.3;40.3
90;2021-07-08;304;608;72231;57154;51.5;40.8
90;2021-07-09;440;951;72671;58105;51.9;41.5
90;2021-07-10;32;91;72703;58196;51.9;41.5
90;2021-07-11;7;17;72710;58213;51.9;41.5
90;2021-07-12;244;1076;72954;59289;52.1;42.3
90;2021-07-13;474;1162;73428;60451;52.4;43.1
90;2021-07-14;3;9;73431;60460;52.4;43.1
90;2021-07-15;791;1454;74222;61914;53.0;44.2
90;2021-07-16;827;1682;75049;63596;53.6;45.4
90;2021-07-17;484;954;75533;64550;53.9;46.1
90;2021-07-18;4;2;75537;64552;53.9;46.1
90;2021-07-19;1187;1462;76724;66014;54.7;47.1
90;2021-07-20;1336;1137;78060;67151;55.7;47.9
90;2021-07-21;1398;983;79458;68134;56.7;48.6
90;2021-07-22;1126;698;80584;68832;57.5;49.1
90;2021-07-23;968;1023;81552;69855;58.2;49.8
90;2021-07-24;120;65;81672;69920;58.3;49.9
90;2021-07-25;2;1;81674;69921;58.3;49.9
90;2021-07-26;1071;804;82745;70725;59.0;50.5
90;2021-07-27;1081;746;83826;71471;59.8;51.0
90;2021-07-28;823;711;84649;72182;60.4;51.5
90;2021-07-29;837;440;85486;72622;61.0;51.8
90;2021-07-30;780;503;86266;73125;61.6;52.2
90;2021-07-31;485;313;86751;73438;61.9;52.4
90;2021-08-01;0;3;86751;73441;61.9;52.4
90;2021-08-02;835;511;87586;73952;62.5;52.8
90;2021-08-03;911;491;88497;74443;63.1;53.1
90;2021-08-04;1064;458;89561;74901;63.9;53.4
90;2021-08-05;520;221;90081;75122;64.3;53.6
90;2021-08-06;638;391;90719;75513;64.7;53.9
90;2021-08-07;35;63;90754;75576;64.8;53.9
90;2021-08-08;18;3;90772;75579;64.8;53.9
90;2021-08-09;721;946;91493;76525;65.3;54.6
90;2021-08-10;533;1151;92026;77676;65.7;55.4
90;2021-08-11;534;947;92560;78623;66.0;56.1
90;2021-08-12;444;817;93004;79440;66.4;56.7
90;2021-08-13;525;895;93529;80335;66.7;57.3
90;2021-08-14;30;99;93559;80434;66.8;57.4
90;2021-08-15;2;8;93561;80442;66.8;57.4
90;2021-08-16;445;633;94006;81075;67.1;57.9
90;2021-08-17;342;1166;94348;82241;67.3;58.7
90;2021-08-18;267;878;94615;83119;67.5;59.3
90;2021-08-19;239;627;94854;83746;67.7;59.8
90;2021-08-20;354;770;95208;84516;67.9;60.3
90;2021-08-21;32;69;95240;84585;68.0;60.4
90;2021-08-22;0;7;95240;84592;68.0;60.4
90;2021-08-23;301;489;95541;85081;68.2;60.7
90;2021-08-24;332;957;95873;86038;68.4;61.4
90;2021-08-25;249;915;96122;86953;68.6;62.0
90;2021-08-26;240;670;96362;87623;68.8;62.5
90;2021-08-27;268;736;96630;88359;69.0;63.0
90;2021-08-28;19;64;96649;88423;69.0;63.1
90;2021-08-29;2;6;96651;88429;69.0;63.1
90;2021-08-30;319;639;96970;89068;69.2;63.6
91;2020-12-27;0;0;0;0;0.0;0.0
91;2020-12-28;0;0;0;0;0.0;0.0
91;2020-12-29;1;0;1;0;0.0;0.0
91;2020-12-30;1;0;2;0;0.0;0.0
91;2020-12-31;0;0;2;0;0.0;0.0
91;2021-01-01;5;0;7;0;0.0;0.0
91;2021-01-02;0;0;7;0;0.0;0.0
91;2021-01-03;0;0;7;0;0.0;0.0
91;2021-01-04;1;0;8;0;0.0;0.0
91;2021-01-05;71;0;79;0;0.0;0.0
91;2021-01-06;188;2;267;2;0.0;0.0
91;2021-01-07;523;6;790;8;0.1;0.0
91;2021-01-08;394;1;1184;9;0.1;0.0
91;2021-01-09;89;3;1273;12;0.1;0.0
91;2021-01-10;1;0;1274;12;0.1;0.0
91;2021-01-11;595;2;1869;14;0.1;0.0
91;2021-01-12;899;8;2768;22;0.2;0.0
91;2021-01-13;702;7;3470;29;0.3;0.0
91;2021-01-14;721;11;4191;40;0.3;0.0
91;2021-01-15;569;4;4760;44;0.4;0.0
91;2021-01-16;316;7;5076;51;0.4;0.0
91;2021-01-17;116;1;5192;52;0.4;0.0
91;2021-01-18;992;3;6184;55;0.5;0.0
91;2021-01-19;1868;16;8052;71;0.6;0.0
91;2021-01-20;2370;17;10422;88;0.8;0.0
91;2021-01-21;2096;15;12518;103;0.9;0.0
91;2021-01-22;1861;10;14379;113;1.1;0.0
91;2021-01-23;413;1;14792;114;1.1;0.0
91;2021-01-24;53;0;14845;114;1.1;0.0
91;2021-01-25;1049;4;15894;118;1.2;0.0
91;2021-01-26;1578;37;17472;155;1.3;0.0
91;2021-01-27;2415;99;19887;254;1.5;0.0
91;2021-01-28;1983;227;21870;481;1.7;0.0
91;2021-01-29;1749;68;23619;549;1.8;0.0
91;2021-01-30;422;7;24041;556;1.8;0.0
91;2021-01-31;54;0;24095;556;1.8;0.0
91;2021-02-01;965;218;25060;774;1.9;0.1
91;2021-02-02;857;363;25917;1137;2.0;0.1
91;2021-02-03;937;568;26854;1705;2.0;0.1
91;2021-02-04;885;280;27739;1985;2.1;0.2
91;2021-02-05;1035;359;28774;2344;2.2;0.2
91;2021-02-06;337;91;29111;2435;2.2;0.2
91;2021-02-07;13;0;29124;2435;2.2;0.2
91;2021-02-08;905;606;30029;3041;2.3;0.2
91;2021-02-09;963;857;30992;3898;2.3;0.3
91;2021-02-10;1065;993;32057;4891;2.4;0.4
91;2021-02-11;1122;1020;33179;5911;2.5;0.4
91;2021-02-12;1063;833;34242;6744;2.6;0.5
91;2021-02-13;330;357;34572;7101;2.6;0.5
91;2021-02-14;18;112;34590;7213;2.6;0.5
91;2021-02-15;368;1250;34958;8463;2.6;0.6
91;2021-02-16;554;1744;35512;10207;2.7;0.8
91;2021-02-17;812;2671;36324;12878;2.8;1.0
91;2021-02-18;941;2007;37265;14885;2.8;1.1
91;2021-02-19;864;1366;38129;16251;2.9;1.2
91;2021-02-20;167;356;38296;16607;2.9;1.3
91;2021-02-21;13;49;38309;16656;2.9;1.3
91;2021-02-22;334;1192;38643;17848;2.9;1.4
91;2021-02-23;397;1065;39040;18913;3.0;1.4
91;2021-02-24;473;1054;39513;19967;3.0;1.5
91;2021-02-25;734;1013;40247;20980;3.1;1.6
91;2021-02-26;1096;1055;41343;22035;3.1;1.7
91;2021-02-27;610;328;41953;22363;3.2;1.7
91;2021-02-28;65;66;42018;22429;3.2;1.7
91;2021-03-01;931;1067;42949;23496;3.3;1.8
91;2021-03-02;1261;1092;44210;24588;3.4;1.9
91;2021-03-03;1469;1277;45679;25865;3.5;2.0
91;2021-03-04;2432;1131;48111;26996;3.6;2.0
91;2021-03-05;3350;1165;51461;28161;3.9;2.1
91;2021-03-06;4910;461;56371;28622;4.3;2.2
91;2021-03-07;3208;116;59579;28738;4.5;2.2
91;2021-03-08;1474;1067;61053;29805;4.6;2.3
91;2021-03-09;2623;997;63676;30802;4.8;2.3
91;2021-03-10;2620;1039;66296;31841;5.0;2.4
91;2021-03-11;3786;1135;70082;32976;5.3;2.5
91;2021-03-12;4789;1056;74871;34032;5.7;2.6
91;2021-03-13;5259;344;80130;34376;6.1;2.6
91;2021-03-14;304;28;80434;34404;6.1;2.6
91;2021-03-15;2984;434;83418;34838;6.3;2.6
91;2021-03-16;2617;388;86035;35226;6.5;2.7
91;2021-03-17;2229;350;88264;35576;6.7;2.7
91;2021-03-18;2391;411;90655;35987;6.9;2.7
91;2021-03-19;4094;385;94749;36372;7.2;2.8
91;2021-03-20;3609;182;98358;36554;7.5;2.8
91;2021-03-21;138;30;98496;36584;7.5;2.8
91;2021-03-22;3149;606;101645;37190;7.7;2.8
91;2021-03-23;4139;700;105784;37890;8.0;2.9
91;2021-03-24;3936;499;109720;38389;8.3;2.9
91;2021-03-25;5059;531;114779;38920;8.7;2.9
91;2021-03-26;5551;553;120330;39473;9.1;3.0
91;2021-03-27;4984;347;125314;39820;9.5;3.0
91;2021-03-28;282;59;125596;39879;9.5;3.0
91;2021-03-29;3304;1043;128900;40922;9.8;3.1
91;2021-03-30;4424;1228;133324;42150;10.1;3.2
91;2021-03-31;3367;1341;136691;43491;10.4;3.3
91;2021-04-01;3739;1690;140430;45181;10.6;3.4
91;2021-04-02;3890;2316;144320;47497;10.9;3.6
91;2021-04-03;1871;2875;146191;50372;11.1;3.8
91;2021-04-04;648;1320;146839;51692;11.1;3.9
91;2021-04-05;562;132;147401;51824;11.2;3.9
91;2021-04-06;3402;1788;150803;53612;11.4;4.1
91;2021-04-07;3420;1933;154223;55545;11.7;4.2
91;2021-04-08;4663;2165;158886;57710;12.0;4.4
91;2021-04-09;5348;2157;164234;59867;12.4;4.5
91;2021-04-10;2730;2818;166964;62685;12.7;4.8
91;2021-04-11;191;141;167155;62826;12.7;4.8
91;2021-04-12;2854;2280;170009;65106;12.9;4.9
91;2021-04-13;3757;2651;173766;67757;13.2;5.1
91;2021-04-14;3707;2324;177473;70081;13.5;5.3
91;2021-04-15;4478;2513;181951;72594;13.8;5.5
91;2021-04-16;4549;2807;186500;75401;14.1;5.7
91;2021-04-17;2983;2079;189483;77480;14.4;5.9
91;2021-04-18;269;72;189752;77552;14.4;5.9
91;2021-04-19;2305;2731;192057;80283;14.6;6.1
91;2021-04-20;3179;2987;195236;83270;14.8;6.3
91;2021-04-21;2989;2901;198225;86171;15.0;6.5
91;2021-04-22;3168;3366;201393;89537;15.3;6.8
91;2021-04-23;3717;3357;205110;92894;15.5;7.0
91;2021-04-24;3482;3731;208592;96625;15.8;7.3
91;2021-04-25;2616;642;211208;97267;16.0;7.4
91;2021-04-26;3488;2801;214696;100068;16.3;7.6
91;2021-04-27;4486;2922;219182;102990;16.6;7.8
91;2021-04-28;4567;2706;223749;105696;17.0;8.0
91;2021-04-29;5746;3062;229495;108758;17.4;8.2
91;2021-04-30;5388;2851;234883;111609;17.8;8.5
91;2021-05-01;3517;522;238400;112131;18.1;8.5
91;2021-05-02;625;132;239025;112263;18.1;8.5
91;2021-05-03;5203;2291;244228;114554;18.5;8.7
91;2021-05-04;5591;3179;249819;117733;18.9;8.9
91;2021-05-05;4851;2872;254670;120605;19.3;9.1
91;2021-05-06;5247;3376;259917;123981;19.7;9.4
91;2021-05-07;6120;3745;266037;127726;20.2;9.7
91;2021-05-08;6520;964;272557;128690;20.7;9.8
91;2021-05-09;4803;562;277360;129252;21.0;9.8
91;2021-05-10;5902;3010;283262;132262;21.5;10.0
91;2021-05-11;6831;3839;290093;136101;22.0;10.3
91;2021-05-12;5897;3442;295990;139543;22.4;10.6
91;2021-05-13;4826;1081;300816;140624;22.8;10.7
91;2021-05-14;6548;2397;307364;143021;23.3;10.8
91;2021-05-15;7798;1929;315162;144950;23.9;11.0
91;2021-05-16;4584;372;319746;145322;24.2;11.0
91;2021-05-17;6952;1710;326698;147032;24.8;11.1
91;2021-05-18;8121;1739;334819;148771;25.4;11.3
91;2021-05-19;7098;1700;341917;150471;25.9;11.4
91;2021-05-20;8202;2144;350119;152615;26.5;11.6
91;2021-05-21;8145;2582;358264;155197;27.2;11.8
91;2021-05-22;7664;1541;365928;156738;27.7;11.9
91;2021-05-23;4799;532;370727;157270;28.1;11.9
91;2021-05-24;5017;602;375744;157872;28.5;12.0
91;2021-05-25;7626;2649;383370;160521;29.1;12.2
91;2021-05-26;6873;2939;390243;163460;29.6;12.4
91;2021-05-27;7974;3447;398217;166907;30.2;12.7
91;2021-05-28;7538;4321;405755;171228;30.8;13.0
91;2021-05-29;9302;3512;415057;174740;31.5;13.2
91;2021-05-30;5954;962;421011;175702;31.9;13.3
91;2021-05-31;6742;3699;427753;179401;32.4;13.6
91;2021-06-01;7787;4780;435540;184181;33.0;14.0
91;2021-06-02;7452;3960;442992;188141;33.6;14.3
91;2021-06-03;7860;4782;450852;192923;34.2;14.6
91;2021-06-04;7186;5721;458038;198644;34.7;15.1
91;2021-06-05;6385;5817;464423;204461;35.2;15.5
91;2021-06-06;4089;2511;468512;206972;35.5;15.7
91;2021-06-07;5880;5481;474392;212453;36.0;16.1
91;2021-06-08;7041;5795;481433;218248;36.5;16.5
91;2021-06-09;6472;5149;487905;223397;37.0;16.9
91;2021-06-10;7179;5775;495084;229172;37.5;17.4
91;2021-06-11;6545;7111;501629;236283;38.0;17.9
91;2021-06-12;6221;7363;507850;243646;38.5;18.5
91;2021-06-13;2852;2317;510702;245963;38.7;18.6
91;2021-06-14;4225;7199;514927;253162;39.0;19.2
91;2021-06-15;5576;7259;520503;260421;39.4;19.7
91;2021-06-16;5303;6444;525806;266865;39.9;20.2
91;2021-06-17;6247;7136;532053;274001;40.3;20.8
91;2021-06-18;4635;8739;536688;282740;40.7;21.4
91;2021-06-19;4193;7152;540881;289892;41.0;22.0
91;2021-06-20;1007;4212;541888;294104;41.1;22.3
91;2021-06-21;3230;7238;545118;301342;41.3;22.8
91;2021-06-22;4161;9229;549279;310571;41.6;23.5
91;2021-06-23;4316;7963;553595;318534;42.0;24.1
91;2021-06-24;4909;8478;558504;327012;42.3;24.8
91;2021-06-25;3475;9174;561979;336186;42.6;25.5
91;2021-06-26;2988;8035;564967;344221;42.8;26.1
91;2021-06-27;549;2996;565516;347217;42.9;26.3
91;2021-06-28;3129;8239;568645;355456;43.1;26.9
91;2021-06-29;3586;9639;572231;365095;43.4;27.7
91;2021-06-30;3956;8701;576187;373796;43.7;28.3
91;2021-07-01;4098;8877;580285;382673;44.0;29.0
91;2021-07-02;3769;9318;584054;391991;44.3;29.7
91;2021-07-03;2880;9791;586934;401782;44.5;30.5
91;2021-07-04;850;4724;587784;406506;44.5;30.8
91;2021-07-05;2660;7257;590444;413763;44.8;31.4
91;2021-07-06;3754;9429;594198;423192;45.0;32.1
91;2021-07-07;3810;8591;598008;431783;45.3;32.7
91;2021-07-08;4359;8990;602367;440773;45.7;33.4
91;2021-07-09;3964;9958;606331;450731;46.0;34.2
91;2021-07-10;3400;10232;609731;460963;46.2;34.9
91;2021-07-11;985;4803;610716;465766;46.3;35.3
91;2021-07-12;2801;8891;613517;474657;46.5;36.0
91;2021-07-13;4463;10388;617980;485045;46.8;36.8
91;2021-07-14;2302;3583;620282;488628;47.0;37.0
91;2021-07-15;4539;9822;624821;498450;47.4;37.8
91;2021-07-16;6289;9761;631110;508211;47.8;38.5
91;2021-07-17;5751;9064;636861;517275;48.3;39.2
91;2021-07-18;3399;3680;640260;520955;48.5;39.5
91;2021-07-19;3775;7531;644035;528486;48.8;40.1
91;2021-07-20;6067;9299;650102;537785;49.3;40.8
91;2021-07-21;6247;7725;656349;545510;49.7;41.3
91;2021-07-22;6490;8399;662839;553909;50.2;42.0
91;2021-07-23;6915;8276;669754;562185;50.8;42.6
91;2021-07-24;5013;6476;674767;568661;51.1;43.1
91;2021-07-25;3260;1399;678027;570060;51.4;43.2
91;2021-07-26;4931;6589;682958;576649;51.8;43.7
91;2021-07-27;7558;7074;690516;583723;52.3;44.2
91;2021-07-28;7289;5906;697805;589629;52.9;44.7
91;2021-07-29;7387;5907;705192;595536;53.4;45.1
91;2021-07-30;6897;5769;712089;601305;54.0;45.6
91;2021-07-31;4871;4779;716960;606084;54.3;45.9
91;2021-08-01;2620;1337;719580;607421;54.5;46.0
91;2021-08-02;4676;4229;724256;611650;54.9;46.4
91;2021-08-03;5780;4689;730036;616339;55.3;46.7
91;2021-08-04;5680;4126;735716;620465;55.8;47.0
91;2021-08-05;5582;4260;741298;624725;56.2;47.3
91;2021-08-06;5672;5623;746970;630348;56.6;47.8
91;2021-08-07;3055;2418;750025;632766;56.8;48.0
91;2021-08-08;595;1100;750620;633866;56.9;48.0
91;2021-08-09;3769;3968;754389;637834;57.2;48.3
91;2021-08-10;4500;4540;758889;642374;57.5;48.7
91;2021-08-11;4075;4481;762964;646855;57.8;49.0
91;2021-08-12;3999;4765;766963;651620;58.1;49.4
91;2021-08-13;4251;4843;771214;656463;58.5;49.8
91;2021-08-14;2207;2395;773421;658858;58.6;49.9
91;2021-08-15;92;170;773513;659028;58.6;49.9
91;2021-08-16;2908;4650;776421;663678;58.8;50.3
91;2021-08-17;3589;5806;780010;669484;59.1;50.7
91;2021-08-18;2997;5779;783007;675263;59.3;51.2
91;2021-08-19;3436;5762;786443;681025;59.6;51.6
91;2021-08-20;3174;6948;789617;687973;59.8;52.1
91;2021-08-21;2438;3340;792055;691313;60.0;52.4
91;2021-08-22;732;1301;792787;692614;60.1;52.5
91;2021-08-23;2380;5300;795167;697914;60.3;52.9
91;2021-08-24;2955;6951;798122;704865;60.5;53.4
91;2021-08-25;3389;6699;801511;711564;60.7;53.9
91;2021-08-26;2723;5935;804234;717499;61.0;54.4
91;2021-08-27;2812;7482;807046;724981;61.2;54.9
91;2021-08-28;2356;4807;809402;729788;61.3;55.3
91;2021-08-29;1752;2748;811154;732536;61.5;55.5
91;2021-08-30;1740;5597;812894;738133;61.6;55.9
92;2020-12-27;24;0;24;0;0.0;0.0
92;2020-12-28;16;0;40;0;0.0;0.0
92;2020-12-29;58;0;98;0;0.0;0.0
92;2020-12-30;40;0;138;0;0.0;0.0
92;2020-12-31;5;0;143;0;0.0;0.0
92;2021-01-01;23;0;166;0;0.0;0.0
92;2021-01-02;5;0;171;0;0.0;0.0
92;2021-01-03;9;0;180;0;0.0;0.0
92;2021-01-04;65;1;245;1;0.0;0.0
92;2021-01-05;228;1;473;2;0.0;0.0
92;2021-01-06;415;3;888;5;0.1;0.0
92;2021-01-07;665;4;1553;9;0.1;0.0
92;2021-01-08;840;4;2393;13;0.1;0.0
92;2021-01-09;123;1;2516;14;0.2;0.0
92;2021-01-10;45;0;2561;14;0.2;0.0
92;2021-01-11;848;5;3409;19;0.2;0.0
92;2021-01-12;1298;9;4707;28;0.3;0.0
92;2021-01-13;1241;14;5948;42;0.4;0.0
92;2021-01-14;1207;17;7155;59;0.4;0.0
92;2021-01-15;979;7;8134;66;0.5;0.0
92;2021-01-16;181;1;8315;67;0.5;0.0
92;2021-01-17;25;0;8340;67;0.5;0.0
92;2021-01-18;1543;22;9883;89;0.6;0.0
92;2021-01-19;1557;20;11440;109;0.7;0.0
92;2021-01-20;1809;14;13249;123;0.8;0.0
92;2021-01-21;3438;21;16687;144;1.0;0.0
92;2021-01-22;2611;42;19298;186;1.2;0.0
92;2021-01-23;137;0;19435;186;1.2;0.0
92;2021-01-24;24;0;19459;186;1.2;0.0
92;2021-01-25;847;14;20306;200;1.3;0.0
92;2021-01-26;1215;12;21521;212;1.3;0.0
92;2021-01-27;2215;96;23736;308;1.5;0.0
92;2021-01-28;4181;188;27917;496;1.7;0.0
92;2021-01-29;2710;263;30627;759;1.9;0.0
92;2021-01-30;322;13;30949;772;1.9;0.0
92;2021-01-31;22;2;30971;774;1.9;0.0
92;2021-02-01;865;318;31836;1092;2.0;0.1
92;2021-02-02;1048;347;32884;1439;2.0;0.1
92;2021-02-03;999;444;33883;1883;2.1;0.1
92;2021-02-04;1042;542;34925;2425;2.2;0.2
92;2021-02-05;1330;499;36255;2924;2.2;0.2
92;2021-02-06;111;17;36366;2941;2.3;0.2
92;2021-02-07;13;14;36379;2955;2.3;0.2
92;2021-02-08;573;727;36952;3682;2.3;0.2
92;2021-02-09;1064;1298;38016;4980;2.4;0.3
92;2021-02-10;1067;1300;39083;6280;2.4;0.4
92;2021-02-11;1497;1919;40580;8199;2.5;0.5
92;2021-02-12;1415;1477;41995;9676;2.6;0.6
92;2021-02-13;73;60;42068;9736;2.6;0.6
92;2021-02-14;22;0;42090;9736;2.6;0.6
92;2021-02-15;568;1644;42658;11380;2.6;0.7
92;2021-02-16;786;2023;43444;13403;2.7;0.8
92;2021-02-17;619;1747;44063;15150;2.7;0.9
92;2021-02-18;1569;3643;45632;18793;2.8;1.2
92;2021-02-19;1728;2654;47360;21447;2.9;1.3
92;2021-02-20;144;397;47504;21844;2.9;1.4
92;2021-02-21;35;53;47539;21897;2.9;1.4
92;2021-02-22;493;1201;48032;23098;3.0;1.4
92;2021-02-23;729;1353;48761;24451;3.0;1.5
92;2021-02-24;609;1282;49370;25733;3.1;1.6
92;2021-02-25;918;1779;50288;27512;3.1;1.7
92;2021-02-26;1455;1364;51743;28876;3.2;1.8
92;2021-02-27;503;187;52246;29063;3.2;1.8
92;2021-02-28;66;56;52312;29119;3.2;1.8
92;2021-03-01;1102;1046;53414;30165;3.3;1.9
92;2021-03-02;1968;1368;55382;31533;3.4;2.0
92;2021-03-03;2791;1097;58173;32630;3.6;2.0
92;2021-03-04;3590;1531;61763;34161;3.8;2.1
92;2021-03-05;4975;1727;66738;35888;4.1;2.2
92;2021-03-06;5718;336;72456;36224;4.5;2.2
92;2021-03-07;2900;237;75356;36461;4.7;2.3
92;2021-03-08;2418;825;77774;37286;4.8;2.3
92;2021-03-09;3438;1028;81212;38314;5.0;2.4
92;2021-03-10;3939;955;85151;39269;5.3;2.4
92;2021-03-11;5012;1405;90163;40674;5.6;2.5
92;2021-03-12;6767;1566;96930;42240;6.0;2.6
92;2021-03-13;5158;240;102088;42480;6.3;2.6
92;2021-03-14;1739;75;103827;42555;6.4;2.6
92;2021-03-15;3799;603;107626;43158;6.7;2.7
92;2021-03-16;3694;599;111320;43757;6.9;2.7
92;2021-03-17;3873;420;115193;44177;7.1;2.7
92;2021-03-18;4128;759;119321;44936;7.4;2.8
92;2021-03-19;5919;735;125240;45671;7.8;2.8
92;2021-03-20;2536;75;127776;45746;7.9;2.8
92;2021-03-21;149;29;127925;45775;7.9;2.8
92;2021-03-22;4114;485;132039;46260;8.2;2.9
92;2021-03-23;6101;880;138140;47140;8.6;2.9
92;2021-03-24;6378;653;144518;47793;9.0;3.0
92;2021-03-25;8437;646;152955;48439;9.5;3.0
92;2021-03-26;8354;903;161309;49342;10.0;3.1
92;2021-03-27;2836;274;164145;49616;10.2;3.1
92;2021-03-28;543;38;164688;49654;10.2;3.1
92;2021-03-29;4658;1059;169346;50713;10.5;3.1
92;2021-03-30;6388;1553;175734;52266;10.9;3.2
92;2021-03-31;5544;2264;181278;54530;11.2;3.4
92;2021-04-01;6264;3680;187542;58210;11.6;3.6
92;2021-04-02;5630;3424;193172;61634;12.0;3.8
92;2021-04-03;870;1419;194042;63053;12.0;3.9
92;2021-04-04;488;1062;194530;64115;12.1;4.0
92;2021-04-05;812;159;195342;64274;12.1;4.0
92;2021-04-06;3654;1956;198996;66230;12.3;4.1
92;2021-04-07;4992;2892;203988;69122;12.6;4.3
92;2021-04-08;5978;3181;209966;72303;13.0;4.5
92;2021-04-09;8031;3061;217997;75364;13.5;4.7
92;2021-04-10;2633;1295;220630;76659;13.7;4.8
92;2021-04-11;157;807;220787;77466;13.7;4.8
92;2021-04-12;3686;2520;224473;79986;13.9;5.0
92;2021-04-13;4380;4429;228853;84415;14.2;5.2
92;2021-04-14;4867;4045;233720;88460;14.5;5.5
92;2021-04-15;5298;3954;239018;92414;14.8;5.7
92;2021-04-16;5074;3866;244092;96280;15.1;6.0
92;2021-04-17;1801;1192;245893;97472;15.2;6.0
92;2021-04-18;348;94;246241;97566;15.3;6.0
92;2021-04-19;2811;2841;249052;100407;15.4;6.2
92;2021-04-20;4191;3754;253243;104161;15.7;6.5
92;2021-04-21;4615;4522;257858;108683;16.0;6.7
92;2021-04-22;4660;5125;262518;113808;16.3;7.1
92;2021-04-23;5238;4704;267756;118512;16.6;7.3
92;2021-04-24;4941;1910;272697;120422;16.9;7.5
92;2021-04-25;1790;150;274487;120572;17.0;7.5
92;2021-04-26;4000;3626;278487;124198;17.3;7.7
92;2021-04-27;6043;5265;284530;129463;17.6;8.0
92;2021-04-28;7381;4502;291911;133965;18.1;8.3
92;2021-04-29;7988;4791;299899;138756;18.6;8.6
92;2021-04-30;8842;4850;308741;143606;19.1;8.9
92;2021-05-01;1200;407;309941;144013;19.2;8.9
92;2021-05-02;663;140;310604;144153;19.2;8.9
92;2021-05-03;6779;3893;317383;148046;19.7;9.2
92;2021-05-04;10421;4369;327804;152415;20.3;9.4
92;2021-05-05;10075;5263;337879;157678;20.9;9.8
92;2021-05-06;11424;4906;349303;162584;21.6;10.1
92;2021-05-07;9863;5298;359166;167882;22.3;10.4
92;2021-05-08;7215;1925;366381;169807;22.7;10.5
92;2021-05-09;3788;599;370169;170406;22.9;10.6
92;2021-05-10;9533;4001;379702;174407;23.5;10.8
92;2021-05-11;13980;5696;393682;180103;24.4;11.2
92;2021-05-12;14286;4587;407968;184690;25.3;11.4
92;2021-05-13;9165;912;417133;185602;25.8;11.5
92;2021-05-14;12031;2314;429164;187916;26.6;11.6
92;2021-05-15;8392;1229;437556;189145;27.1;11.7
92;2021-05-16;4139;452;441695;189597;27.4;11.7
92;2021-05-17;10648;2220;452343;191817;28.0;11.9
92;2021-05-18;16411;3130;468754;194947;29.0;12.1
92;2021-05-19;16035;3719;484789;198666;30.0;12.3
92;2021-05-20;16833;3986;501622;202652;31.1;12.6
92;2021-05-21;14077;3632;515699;206284;32.0;12.8
92;2021-05-22;8316;1516;524015;207800;32.5;12.9
92;2021-05-23;4085;455;528100;208255;32.7;12.9
92;2021-05-24;6122;854;534222;209109;33.1;13.0
92;2021-05-25;13109;4561;547331;213670;33.9;13.2
92;2021-05-26;11932;5041;559263;218711;34.7;13.6
92;2021-05-27;12735;6327;571998;225038;35.4;13.9
92;2021-05-28;11230;6285;583228;231323;36.1;14.3
92;2021-05-29;5454;2301;588682;233624;36.5;14.5
92;2021-05-30;2249;390;590931;234014;36.6;14.5
92;2021-05-31;12057;5308;602988;239322;37.4;14.8
92;2021-06-01;12610;7642;615598;246964;38.1;15.3
92;2021-06-02;14381;7214;629979;254178;39.0;15.8
92;2021-06-03;14591;8033;644570;262211;39.9;16.2
92;2021-06-04;12226;8225;656796;270436;40.7;16.8
92;2021-06-05;7384;6241;664180;276677;41.2;17.1
92;2021-06-06;3593;1674;667773;278351;41.4;17.2
92;2021-06-07;11443;7633;679216;285984;42.1;17.7
92;2021-06-08;12760;9606;691976;295590;42.9;18.3
92;2021-06-09;11661;9478;703637;305068;43.6;18.9
92;2021-06-10;11967;10570;715604;315638;44.3;19.6
92;2021-06-11;8147;11042;723751;326680;44.8;20.2
92;2021-06-12;6364;5100;730115;331780;45.2;20.6
92;2021-06-13;3965;2720;734080;334500;45.5;20.7
92;2021-06-14;5217;11171;739297;345671;45.8;21.4
92;2021-06-15;6534;13132;745831;358803;46.2;22.2
92;2021-06-16;6955;12991;752786;371794;46.6;23.0
92;2021-06-17;7425;14015;760211;385809;47.1;23.9
92;2021-06-18;6898;14394;767109;400203;47.5;24.8
92;2021-06-19;3960;9112;771069;409315;47.8;25.4
92;2021-06-20;1965;5610;773034;414925;47.9;25.7
92;2021-06-21;4839;12277;777873;427202;48.2;26.5
92;2021-06-22;5881;17547;783754;444749;48.6;27.6
92;2021-06-23;5484;15994;789238;460743;48.9;28.6
92;2021-06-24;6204;15125;795442;475868;49.3;29.5
92;2021-06-25;5120;16102;800562;491970;49.6;30.5
92;2021-06-26;4067;10458;804629;502428;49.9;31.1
92;2021-06-27;1860;6051;806489;508479;50.0;31.5
92;2021-06-28;3675;12049;810164;520528;50.2;32.3
92;2021-06-29;4687;18160;814851;538688;50.5;33.4
92;2021-06-30;4450;16233;819301;554921;50.8;34.4
92;2021-07-01;5548;16312;824849;571233;51.1;35.4
92;2021-07-02;4921;15286;829770;586519;51.4;36.3
92;2021-07-03;3302;10184;833072;596703;51.6;37.0
92;2021-07-04;1122;4207;834194;600910;51.7;37.2
92;2021-07-05;4823;12331;839017;613241;52.0;38.0
92;2021-07-06;5285;15817;844302;629058;52.3;39.0
92;2021-07-07;4256;11456;848558;640514;52.6;39.7
92;2021-07-08;5410;14639;853968;655153;52.9;40.6
92;2021-07-09;5878;14209;859846;669362;53.3;41.5
92;2021-07-10;4377;8458;864223;677820;53.6;42.0
92;2021-07-11;1481;2618;865704;680438;53.6;42.2
92;2021-07-12;4414;14636;870118;695074;53.9;43.1
92;2021-07-13;7876;17453;877994;712527;54.4;44.2
92;2021-07-14;5110;5739;883104;718266;54.7;44.5
92;2021-07-15;9575;16247;892679;734513;55.3;45.5
92;2021-07-16;9055;14181;901734;748694;55.9;46.4
92;2021-07-17;6577;7608;908311;756302;56.3;46.9
92;2021-07-18;1839;2479;910150;758781;56.4;47.0
92;2021-07-19;6468;13212;916618;771993;56.8;47.8
92;2021-07-20;10085;14097;926703;786090;57.4;48.7
92;2021-07-21;10461;12120;937164;798210;58.1;49.5
92;2021-07-22;12051;12981;949215;811191;58.8;50.3
92;2021-07-23;11590;11358;960805;822549;59.5;51.0
92;2021-07-24;6728;6257;967533;828806;60.0;51.4
92;2021-07-25;2777;2321;970310;831127;60.1;51.5
92;2021-07-26;9482;9175;979792;840302;60.7;52.1
92;2021-07-27;11474;9597;991266;849899;61.4;52.7
92;2021-07-28;11511;8166;1002777;858065;62.1;53.2
92;2021-07-29;10416;8620;1013193;866685;62.8;53.7
92;2021-07-30;9050;8333;1022243;875018;63.3;54.2
92;2021-07-31;5700;4809;1027943;879827;63.7;54.5
92;2021-08-01;2192;1296;1030135;881123;63.8;54.6
92;2021-08-02;4650;4929;1034785;886052;64.1;54.9
92;2021-08-03;5107;6137;1039892;892189;64.4;55.3
92;2021-08-04;4688;4859;1044580;897048;64.7;55.6
92;2021-08-05;4437;5673;1049017;902721;65.0;55.9
92;2021-08-06;4503;5960;1053520;908681;65.3;56.3
92;2021-08-07;2801;4225;1056321;912906;65.5;56.6
92;2021-08-08;953;1079;1057274;913985;65.5;56.6
92;2021-08-09;3163;4244;1060437;918229;65.7;56.9
92;2021-08-10;3762;5607;1064199;923836;65.9;57.2
92;2021-08-11;3167;4432;1067366;928268;66.1;57.5
92;2021-08-12;3350;5588;1070716;933856;66.3;57.9
92;2021-08-13;2935;5129;1073651;938985;66.5;58.2
92;2021-08-14;1866;3930;1075517;942915;66.6;58.4
92;2021-08-15;572;839;1076089;943754;66.7;58.5
92;2021-08-16;2349;5309;1078438;949063;66.8;58.8
92;2021-08-17;2602;6973;1081040;956036;67.0;59.2
92;2021-08-18;2388;5253;1083428;961289;67.1;59.6
92;2021-08-19;2483;5730;1085911;967019;67.3;59.9
92;2021-08-20;2236;5172;1088147;972191;67.4;60.2
92;2021-08-21;1378;4215;1089525;976406;67.5;60.5
92;2021-08-22;420;1592;1089945;977998;67.5;60.6
92;2021-08-23;2411;6583;1092356;984581;67.7;61.0
92;2021-08-24;3123;8336;1095479;992917;67.9;61.5
92;2021-08-25;2834;7563;1098313;1000480;68.1;62.0
92;2021-08-26;2942;7562;1101255;1008042;68.2;62.5
92;2021-08-27;3020;6988;1104275;1015030;68.4;62.9
92;2021-08-28;1608;4505;1105883;1019535;68.5;63.2
92;2021-08-29;334;780;1106217;1020315;68.5;63.2
92;2021-08-30;2192;4865;1108409;1025180;68.7;63.5
93;2020-12-27;11;3;11;3;0.0;0.0
93;2020-12-28;4;0;15;3;0.0;0.0
93;2020-12-29;0;0;15;3;0.0;0.0
93;2020-12-30;44;1;59;4;0.0;0.0
93;2020-12-31;9;0;68;4;0.0;0.0
93;2021-01-01;5;0;73;4;0.0;0.0
93;2021-01-02;0;0;73;4;0.0;0.0
93;2021-01-03;3;0;76;4;0.0;0.0
93;2021-01-04;2;0;78;4;0.0;0.0
93;2021-01-05;63;1;141;5;0.0;0.0
93;2021-01-06;179;0;320;5;0.0;0.0
93;2021-01-07;380;3;700;8;0.0;0.0
93;2021-01-08;631;1;1331;9;0.1;0.0
93;2021-01-09;21;0;1352;9;0.1;0.0
93;2021-01-10;2;0;1354;9;0.1;0.0
93;2021-01-11;503;4;1857;13;0.1;0.0
93;2021-01-12;753;7;2610;20;0.2;0.0
93;2021-01-13;750;6;3360;26;0.2;0.0
93;2021-01-14;688;18;4048;44;0.2;0.0
93;2021-01-15;516;3;4564;47;0.3;0.0
93;2021-01-16;139;3;4703;50;0.3;0.0
93;2021-01-17;6;1;4709;51;0.3;0.0
93;2021-01-18;1198;10;5907;61;0.4;0.0
93;2021-01-19;1613;17;7520;78;0.5;0.0
93;2021-01-20;1557;19;9077;97;0.5;0.0
93;2021-01-21;1918;36;10995;133;0.7;0.0
93;2021-01-22;1387;15;12382;148;0.7;0.0
93;2021-01-23;712;8;13094;156;0.8;0.0
93;2021-01-24;0;0;13094;156;0.8;0.0
93;2021-01-25;1209;14;14303;170;0.9;0.0
93;2021-01-26;1291;35;15594;205;0.9;0.0
93;2021-01-27;2156;72;17750;277;1.1;0.0
93;2021-01-28;2264;206;20014;483;1.2;0.0
93;2021-01-29;1620;229;21634;712;1.3;0.0
93;2021-01-30;927;46;22561;758;1.4;0.0
93;2021-01-31;8;7;22569;765;1.4;0.0
93;2021-02-01;1184;168;23753;933;1.4;0.1
93;2021-02-02;1167;302;24920;1235;1.5;0.1
93;2021-02-03;1231;395;26151;1630;1.6;0.1
93;2021-02-04;923;562;27074;2192;1.6;0.1
93;2021-02-05;797;431;27871;2623;1.7;0.2
93;2021-02-06;694;69;28565;2692;1.7;0.2
93;2021-02-07;6;0;28571;2692;1.7;0.2
93;2021-02-08;912;644;29483;3336;1.8;0.2
93;2021-02-09;851;599;30334;3935;1.8;0.2
93;2021-02-10;881;676;31215;4611;1.9;0.3
93;2021-02-11;1242;831;32457;5442;1.9;0.3
93;2021-02-12;1041;635;33498;6077;2.0;0.4
93;2021-02-13;395;258;33893;6335;2.0;0.4
93;2021-02-14;13;59;33906;6394;2.0;0.4
93;2021-02-15;412;1251;34318;7645;2.1;0.5
93;2021-02-16;549;1233;34867;8878;2.1;0.5
93;2021-02-17;541;1751;35408;10629;2.1;0.6
93;2021-02-18;1133;1867;36541;12496;2.2;0.7
93;2021-02-19;992;1534;37533;14030;2.2;0.8
93;2021-02-20;304;666;37837;14696;2.3;0.9
93;2021-02-21;9;23;37846;14719;2.3;0.9
93;2021-02-22;602;1280;38448;15999;2.3;1.0
93;2021-02-23;563;1115;39011;17114;2.3;1.0
93;2021-02-24;643;1212;39654;18326;2.4;1.1
93;2021-02-25;902;1066;40556;19392;2.4;1.2
93;2021-02-26;1121;977;41677;20369;2.5;1.2
93;2021-02-27;543;621;42220;20990;2.5;1.3
93;2021-02-28;87;57;42307;21047;2.5;1.3
93;2021-03-01;1082;1069;43389;22116;2.6;1.3
93;2021-03-02;1443;1145;44832;23261;2.7;1.4
93;2021-03-03;1741;1189;46573;24450;2.8;1.5
93;2021-03-04;2717;1135;49290;25585;3.0;1.5
93;2021-03-05;3821;900;53111;26485;3.2;1.6
93;2021-03-06;5049;573;58160;27058;3.5;1.6
93;2021-03-07;4301;233;62461;27291;3.7;1.6
93;2021-03-08;2035;1257;64496;28548;3.9;1.7
93;2021-03-09;2915;973;67411;29521;4.0;1.8
93;2021-03-10;2858;1113;70269;30634;4.2;1.8
93;2021-03-11;3566;1255;73835;31889;4.4;1.9
93;2021-03-12;4126;1306;77961;33195;4.7;2.0
93;2021-03-13;4289;641;82250;33836;4.9;2.0
93;2021-03-14;882;73;83132;33909;5.0;2.0
93;2021-03-15;3552;689;86684;34598;5.2;2.1
93;2021-03-16;3161;620;89845;35218;5.4;2.1
93;2021-03-17;2657;605;92502;35823;5.5;2.1
93;2021-03-18;3314;728;95816;36551;5.7;2.2
93;2021-03-19;3765;649;99581;37200;6.0;2.2
93;2021-03-20;3462;305;103043;37505;6.2;2.2
93;2021-03-21;813;272;103856;37777;6.2;2.3
93;2021-03-22;3847;623;107703;38400;6.4;2.3
93;2021-03-23;4764;813;112467;39213;6.7;2.3
93;2021-03-24;4113;687;116580;39900;7.0;2.4
93;2021-03-25;5583;867;122163;40767;7.3;2.4
93;2021-03-26;5549;897;127712;41664;7.6;2.5
93;2021-03-27;4281;315;131993;41979;7.9;2.5
93;2021-03-28;613;41;132606;42020;7.9;2.5
93;2021-03-29;3853;969;136459;42989;8.2;2.6
93;2021-03-30;4725;1271;141184;44260;8.5;2.7
93;2021-03-31;3914;1246;145098;45506;8.7;2.7
93;2021-04-01;4056;3151;149154;48657;8.9;2.9
93;2021-04-02;3225;3561;152379;52218;9.1;3.1
93;2021-04-03;2520;2264;154899;54482;9.3;3.3
93;2021-04-04;764;160;155663;54642;9.3;3.3
93;2021-04-05;708;90;156371;54732;9.4;3.3
93;2021-04-06;4561;2353;160932;57085;9.6;3.4
93;2021-04-07;4904;2099;165836;59184;9.9;3.5
93;2021-04-08;5813;2688;171649;61872;10.3;3.7
93;2021-04-09;6093;3187;177742;65059;10.6;3.9
93;2021-04-10;4197;2494;181939;67553;10.9;4.0
93;2021-04-11;575;434;182514;67987;10.9;4.1
93;2021-04-12;4099;2924;186613;70911;11.2;4.2
93;2021-04-13;4601;3662;191214;74573;11.4;4.5
93;2021-04-14;4363;2481;195577;77054;11.7;4.6
93;2021-04-15;4560;3038;200137;80092;12.0;4.8
93;2021-04-16;4440;2995;204577;83087;12.2;5.0
93;2021-04-17;3517;2505;208094;85592;12.5;5.1
93;2021-04-18;291;434;208385;86026;12.5;5.2
93;2021-04-19;3778;2865;212163;88891;12.7;5.3
93;2021-04-20;4308;3276;216471;92167;13.0;5.5
93;2021-04-21;4142;2772;220613;94939;13.2;5.7
93;2021-04-22;4511;4018;225124;98957;13.5;5.9
93;2021-04-23;5625;3242;230749;102199;13.8;6.1
93;2021-04-24;5924;3328;236673;105527;14.2;6.3
93;2021-04-25;1732;595;238405;106122;14.3;6.4
93;2021-04-26;4859;3085;243264;109207;14.6;6.5
93;2021-04-27;6458;3628;249722;112835;15.0;6.8
93;2021-04-28;6077;3435;255799;116270;15.3;7.0
93;2021-04-29;7301;3248;263100;119518;15.8;7.2
93;2021-04-30;8262;3120;271362;122638;16.2;7.3
93;2021-05-01;4949;1191;276311;123829;16.5;7.4
93;2021-05-02;418;647;276729;124476;16.6;7.5
93;2021-05-03;8173;5124;284902;129600;17.1;7.8
93;2021-05-04;7825;5408;292727;135008;17.5;8.1
93;2021-05-05;7578;4812;300305;139820;18.0;8.4
93;2021-05-06;8251;4781;308556;144601;18.5;8.7
93;2021-05-07;7013;5431;315569;150032;18.9;9.0
93;2021-05-08;8363;2394;323932;152426;19.4;9.1
93;2021-05-09;6123;1366;330055;153792;19.8;9.2
93;2021-05-10;8257;4079;338312;157871;20.3;9.5
93;2021-05-11;9309;4815;347621;162686;20.8;9.7
93;2021-05-12;9190;3655;356811;166341;21.4;10.0
93;2021-05-13;8298;1655;365109;167996;21.9;10.1
93;2021-05-14;10425;3535;375534;171531;22.5;10.3
93;2021-05-15;11128;3012;386662;174543;23.2;10.5
93;2021-05-16;5557;728;392219;175271;23.5;10.5
93;2021-05-17;11896;2264;404115;177535;24.2;10.6
93;2021-05-18;14101;2397;418216;179932;25.0;10.8
93;2021-05-19;11435;2950;429651;182882;25.7;11.0
93;2021-05-20;12622;3481;442273;186363;26.5;11.2
93;2021-05-21;13016;2888;455289;189251;27.3;11.3
93;2021-05-22;12386;2204;467675;191455;28.0;11.5
93;2021-05-23;8480;1104;476155;192559;28.5;11.5
93;2021-05-24;11201;1940;487356;194499;29.2;11.6
93;2021-05-25;12294;4316;499650;198815;29.9;11.9
93;2021-05-26;11075;3754;510725;202569;30.6;12.1
93;2021-05-27;12709;3893;523434;206462;31.3;12.4
93;2021-05-28;12653;5262;536087;211724;32.1;12.7
93;2021-05-29;11395;4271;547482;215995;32.8;12.9
93;2021-05-30;8215;1379;555697;217374;33.3;13.0
93;2021-05-31;9182;5183;564879;222557;33.8;13.3
93;2021-06-01;11390;6281;576269;228838;34.5;13.7
93;2021-06-02;10711;5198;586980;234036;35.1;14.0
93;2021-06-03;10816;5520;597796;239556;35.8;14.3
93;2021-06-04;10609;7804;608405;247360;36.4;14.8
93;2021-06-05;9020;7354;617425;254714;37.0;15.3
93;2021-06-06;8407;1748;625832;256462;37.5;15.4
93;2021-06-07;10071;7531;635903;263993;38.1;15.8
93;2021-06-08;10382;7380;646285;271373;38.7;16.2
93;2021-06-09;10240;7295;656525;278668;39.3;16.7
93;2021-06-10;9005;8196;665530;286864;39.8;17.2
93;2021-06-11;8838;8822;674368;295686;40.4;17.7
93;2021-06-12;9869;6659;684237;302345;41.0;18.1
93;2021-06-13;7170;2127;691407;304472;41.4;18.2
93;2021-06-14;5400;9735;696807;314207;41.7;18.8
93;2021-06-15;6241;9662;703048;323869;42.1;19.4
93;2021-06-16;6645;9058;709693;332927;42.5;19.9
93;2021-06-17;5751;8475;715444;341402;42.8;20.4
93;2021-06-18;7223;11126;722667;352528;43.3;21.1
93;2021-06-19;7078;11096;729745;363624;43.7;21.8
93;2021-06-20;4953;6877;734698;370501;44.0;22.2
93;2021-06-21;4071;10733;738769;381234;44.2;22.8
93;2021-06-22;4691;11313;743460;392547;44.5;23.5
93;2021-06-23;4540;10600;748000;403147;44.8;24.1
93;2021-06-24;4207;10301;752207;413448;45.0;24.8
93;2021-06-25;5185;13054;757392;426502;45.3;25.5
93;2021-06-26;5298;13922;762690;440424;45.7;26.4
93;2021-06-27;3290;7109;765980;447533;45.9;26.8
93;2021-06-28;3697;12512;769677;460045;46.1;27.5
93;2021-06-29;4016;12352;773693;472397;46.3;28.3
93;2021-06-30;4136;11306;777829;483703;46.6;29.0
93;2021-07-01;5945;11158;783774;494861;46.9;29.6
93;2021-07-02;5742;12378;789516;507239;47.3;30.4
93;2021-07-03;5370;13447;794886;520686;47.6;31.2
93;2021-07-04;3083;7887;797969;528573;47.8;31.6
93;2021-07-05;4561;10846;802530;539419;48.1;32.3
93;2021-07-06;4805;11759;807335;551178;48.3;33.0
93;2021-07-07;5068;11410;812403;562588;48.6;33.7
93;2021-07-08;5028;10262;817431;572850;48.9;34.3
93;2021-07-09;5912;13031;823343;585881;49.3;35.1
93;2021-07-10;5900;14288;829243;600169;49.7;35.9
93;2021-07-11;3692;9090;832935;609259;49.9;36.5
93;2021-07-12;5568;12074;838503;621333;50.2;37.2
93;2021-07-13;11119;13290;849622;634623;50.9;38.0
93;2021-07-14;10636;6795;860258;641418;51.5;38.4
93;2021-07-15;12495;14131;872753;655549;52.3;39.3
93;2021-07-16;13155;13692;885908;669241;53.0;40.1
93;2021-07-17;11380;13913;897288;683154;53.7;40.9
93;2021-07-18;7405;8951;904693;692105;54.2;41.4
93;2021-07-19;9621;10921;914314;703026;54.7;42.1
93;2021-07-20;12608;10684;926922;713710;55.5;42.7
93;2021-07-21;14215;10945;941137;724655;56.4;43.4
93;2021-07-22;14134;9467;955271;734122;57.2;44.0
93;2021-07-23;14565;10649;969836;744771;58.1;44.6
93;2021-07-24;13919;10627;983755;755398;58.9;45.2
93;2021-07-25;9038;6353;992793;761751;59.4;45.6
93;2021-07-26;12619;7785;1005412;769536;60.2;46.1
93;2021-07-27;15052;7415;1020464;776951;61.1;46.5
93;2021-07-28;14868;8264;1035332;785215;62.0;47.0
93;2021-07-29;13515;7037;1048847;792252;62.8;47.4
93;2021-07-30;13847;7840;1062694;800092;63.6;47.9
93;2021-07-31;12201;7706;1074895;807798;64.4;48.4
93;2021-08-01;7305;4589;1082200;812387;64.8;48.6
93;2021-08-02;7693;5686;1089893;818073;65.3;49.0
93;2021-08-03;7230;6853;1097123;824926;65.7;49.4
93;2021-08-04;7550;7979;1104673;832905;66.1;49.9
93;2021-08-05;5753;6848;1110426;839753;66.5;50.3
93;2021-08-06;6831;8323;1117257;848076;66.9;50.8
93;2021-08-07;7280;9045;1124537;857121;67.3;51.3
93;2021-08-08;4394;5542;1128931;862663;67.6;51.7
93;2021-08-09;6618;8067;1135549;870730;68.0;52.1
93;2021-08-10;7099;8835;1142648;879565;68.4;52.7
93;2021-08-11;7284;9676;1149932;889241;68.9;53.2
93;2021-08-12;6181;9017;1156113;898258;69.2;53.8
93;2021-08-13;6234;9005;1162347;907263;69.6;54.3
93;2021-08-14;5769;10473;1168116;917736;69.9;54.9
93;2021-08-15;2651;3611;1170767;921347;70.1;55.2
93;2021-08-16;5390;11189;1176157;932536;70.4;55.8
93;2021-08-17;5764;10897;1181921;943433;70.8;56.5
93;2021-08-18;5348;11140;1187269;954573;71.1;57.2
93;2021-08-19;4417;9647;1191686;964220;71.4;57.7
93;2021-08-20;4717;11203;1196403;975423;71.6;58.4
93;2021-08-21;4189;11924;1200592;987347;71.9;59.1
93;2021-08-22;2164;7045;1202756;994392;72.0;59.5
93;2021-08-23;4265;9300;1207021;1003692;72.3;60.1
93;2021-08-24;4266;8393;1211287;1012085;72.5;60.6
93;2021-08-25;4110;8574;1215397;1020659;72.8;61.1
93;2021-08-26;3562;7060;1218959;1027719;73.0;61.5
93;2021-08-27;3795;8487;1222754;1036206;73.2;62.0
93;2021-08-28;3720;9530;1226474;1045736;73.4;62.6
93;2021-08-29;1717;4792;1228191;1050528;73.5;62.9
93;2021-08-30;2893;7563;1231084;1058091;73.7;63.4
94;2020-12-27;6;0;6;0;0.0;0.0
94;2020-12-28;10;0;16;0;0.0;0.0
94;2020-12-29;0;0;16;0;0.0;0.0
94;2020-12-30;1;0;17;0;0.0;0.0
94;2020-12-31;4;0;21;0;0.0;0.0
94;2021-01-01;4;0;25;0;0.0;0.0
94;2021-01-02;0;0;25;0;0.0;0.0
94;2021-01-03;2;0;27;0;0.0;0.0
94;2021-01-04;37;2;64;2;0.0;0.0
94;2021-01-05;231;2;295;4;0.0;0.0
94;2021-01-06;332;4;627;8;0.0;0.0
94;2021-01-07;691;11;1318;19;0.1;0.0
94;2021-01-08;922;10;2240;29;0.2;0.0
94;2021-01-09;47;0;2287;29;0.2;0.0
94;2021-01-10;18;0;2305;29;0.2;0.0
94;2021-01-11;1013;9;3318;38;0.2;0.0
94;2021-01-12;1345;26;4663;64;0.3;0.0
94;2021-01-13;1407;24;6070;88;0.4;0.0
94;2021-01-14;1542;28;7612;116;0.5;0.0
94;2021-01-15;1220;23;8832;139;0.6;0.0
94;2021-01-16;197;1;9029;140;0.6;0.0
94;2021-01-17;96;0;9125;140;0.6;0.0
94;2021-01-18;1497;27;10622;167;0.8;0.0
94;2021-01-19;1951;28;12573;195;0.9;0.0
94;2021-01-20;2182;22;14755;217;1.0;0.0
94;2021-01-21;3002;17;17757;234;1.3;0.0
94;2021-01-22;2188;18;19945;252;1.4;0.0
94;2021-01-23;732;3;20677;255;1.5;0.0
94;2021-01-24;284;0;20961;255;1.5;0.0
94;2021-01-25;1467;23;22428;278;1.6;0.0
94;2021-01-26;1575;20;24003;298;1.7;0.0
94;2021-01-27;1835;31;25838;329;1.8;0.0
94;2021-01-28;1537;133;27375;462;1.9;0.0
94;2021-01-29;1380;148;28755;610;2.0;0.0
94;2021-01-30;580;4;29335;614;2.1;0.0
94;2021-01-31;120;8;29455;622;2.1;0.0
94;2021-02-01;929;152;30384;774;2.2;0.1
94;2021-02-02;852;252;31236;1026;2.2;0.1
94;2021-02-03;762;368;31998;1394;2.3;0.1
94;2021-02-04;901;429;32899;1823;2.3;0.1
94;2021-02-05;873;574;33772;2397;2.4;0.2
94;2021-02-06;405;74;34177;2471;2.4;0.2
94;2021-02-07;122;0;34299;2471;2.4;0.2
94;2021-02-08;634;549;34933;3020;2.5;0.2
94;2021-02-09;1036;987;35969;4007;2.6;0.3
94;2021-02-10;1101;1363;37070;5370;2.6;0.4
94;2021-02-11;1429;1555;38499;6925;2.7;0.5
94;2021-02-12;1390;1650;39889;8575;2.8;0.6
94;2021-02-13;300;261;40189;8836;2.9;0.6
94;2021-02-14;30;72;40219;8908;2.9;0.6
94;2021-02-15;752;1759;40971;10667;2.9;0.8
94;2021-02-16;702;2736;41673;13403;3.0;1.0
94;2021-02-17;716;1579;42389;14982;3.0;1.1
94;2021-02-18;787;1699;43176;16681;3.1;1.2
94;2021-02-19;966;1457;44142;18138;3.1;1.3
94;2021-02-20;133;918;44275;19056;3.1;1.4
94;2021-02-21;21;181;44296;19237;3.2;1.4
94;2021-02-22;523;1345;44819;20582;3.2;1.5
94;2021-02-23;624;1274;45443;21856;3.2;1.6
94;2021-02-24;693;921;46136;22777;3.3;1.6
94;2021-02-25;1070;1559;47206;24336;3.4;1.7
94;2021-02-26;1324;1073;48530;25409;3.5;1.8
94;2021-02-27;515;554;49045;25963;3.5;1.8
94;2021-02-28;91;84;49136;26047;3.5;1.9
94;2021-03-01;883;941;50019;26988;3.6;1.9
94;2021-03-02;1567;997;51586;27985;3.7;2.0
94;2021-03-03;1948;1026;53534;29011;3.8;2.1
94;2021-03-04;2861;1193;56395;30204;4.0;2.1
94;2021-03-05;3835;1360;60230;31564;4.3;2.2
94;2021-03-06;4817;595;65047;32159;4.6;2.3
94;2021-03-07;3689;570;68736;32729;4.9;2.3
94;2021-03-08;1916;809;70652;33538;5.0;2.4
94;2021-03-09;2555;938;73207;34476;5.2;2.5
94;2021-03-10;3200;1050;76407;35526;5.4;2.5
94;2021-03-11;3839;949;80246;36475;5.7;2.6
94;2021-03-12;4581;837;84827;37312;6.0;2.7
94;2021-03-13;4131;405;88958;37717;6.3;2.7
94;2021-03-14;2115;160;91073;37877;6.5;2.7
94;2021-03-15;3170;802;94243;38679;6.7;2.8
94;2021-03-16;2775;450;97018;39129;6.9;2.8
94;2021-03-17;2859;468;99877;39597;7.1;2.8
94;2021-03-18;3263;448;103140;40045;7.3;2.8
94;2021-03-19;4272;719;107412;40764;7.6;2.9
94;2021-03-20;3692;302;111104;41066;7.9;2.9
94;2021-03-21;1464;391;112568;41457;8.0;2.9
94;2021-03-22;3218;678;115786;42135;8.2;3.0
94;2021-03-23;4512;744;120298;42879;8.6;3.0
94;2021-03-24;4628;634;124926;43513;8.9;3.1
94;2021-03-25;6323;681;131249;44194;9.3;3.1
94;2021-03-26;6088;847;137337;45041;9.8;3.2
94;2021-03-27;4472;280;141809;45321;10.1;3.2
94;2021-03-28;1889;108;143698;45429;10.2;3.2
94;2021-03-29;4124;1237;147822;46666;10.5;3.3
94;2021-03-30;5300;1361;153122;48027;10.9;3.4
94;2021-03-31;4904;1822;158026;49849;11.2;3.5
94;2021-04-01;5829;2322;163855;52171;11.7;3.7
94;2021-04-02;5247;2334;169102;54505;12.0;3.9
94;2021-04-03;3088;2530;172190;57035;12.2;4.1
94;2021-04-04;1052;780;173242;57815;12.3;4.1
94;2021-04-05;837;163;174079;57978;12.4;4.1
94;2021-04-06;3578;2605;177657;60583;12.6;4.3
94;2021-04-07;3867;2277;181524;62860;12.9;4.5
94;2021-04-08;4625;2068;186149;64928;13.2;4.6
94;2021-04-09;5362;2485;191511;67413;13.6;4.8
94;2021-04-10;2960;3009;194471;70422;13.8;5.0
94;2021-04-11;1268;1769;195739;72191;13.9;5.1
94;2021-04-12;3440;2293;199179;74484;14.2;5.3
94;2021-04-13;4314;3428;203493;77912;14.5;5.5
94;2021-04-14;3906;2705;207399;80617;14.8;5.7
94;2021-04-15;4444;3000;211843;83617;15.1;5.9
94;2021-04-16;4705;2848;216548;86465;15.4;6.1
94;2021-04-17;2462;2770;219010;89235;15.6;6.3
94;2021-04-18;921;1245;219931;90480;15.6;6.4
94;2021-04-19;2975;2447;222906;92927;15.9;6.6
94;2021-04-20;3272;2714;226178;95641;16.1;6.8
94;2021-04-21;3218;3167;229396;98808;16.3;7.0
94;2021-04-22;3913;3654;233309;102462;16.6;7.3
94;2021-04-23;4116;3995;237425;106457;16.9;7.6
94;2021-04-24;4264;3410;241689;109867;17.2;7.8
94;2021-04-25;2409;1506;244098;111373;17.4;7.9
94;2021-04-26;4012;3284;248110;114657;17.6;8.2
94;2021-04-27;5095;3381;253205;118038;18.0;8.4
94;2021-04-28;4831;3640;258036;121678;18.4;8.7
94;2021-04-29;6419;3822;264455;125500;18.8;8.9
94;2021-04-30;6487;3947;270942;129447;19.3;9.2
94;2021-05-01;4057;1064;274999;130511;19.6;9.3
94;2021-05-02;3053;1473;278052;131984;19.8;9.4
94;2021-05-03;5737;5347;283789;137331;20.2;9.8
94;2021-05-04;6100;3577;289889;140908;20.6;10.0
94;2021-05-05;6185;3432;296074;144340;21.1;10.3
94;2021-05-06;7157;3542;303231;147882;21.6;10.5
94;2021-05-07;6675;4125;309906;152007;22.0;10.8
94;2021-05-08;4901;2555;314807;154562;22.4;11.0
94;2021-05-09;4226;2255;319033;156817;22.7;11.2
94;2021-05-10;7718;3136;326751;159953;23.2;11.4
94;2021-05-11;8975;3935;335726;163888;23.9;11.7
94;2021-05-12;9576;3606;345302;167494;24.6;11.9
94;2021-05-13;8677;1370;353979;168864;25.2;12.0
94;2021-05-14;9874;3321;363853;172185;25.9;12.2
94;2021-05-15;8942;2169;372795;174354;26.5;12.4
94;2021-05-16;5069;913;377864;175267;26.9;12.5
94;2021-05-17;10838;2258;388702;177525;27.6;12.6
94;2021-05-18;11297;2457;399999;179982;28.4;12.8
94;2021-05-19;11671;3604;411670;183586;29.3;13.1
94;2021-05-20;12153;4362;423823;187948;30.1;13.4
94;2021-05-21;11880;3161;435703;191109;31.0;13.6
94;2021-05-22;10290;1971;445993;193080;31.7;13.7
94;2021-05-23;5003;711;450996;193791;32.1;13.8
94;2021-05-24;9665;1347;460661;195138;32.8;13.9
94;2021-05-25;10002;4266;470663;199404;33.5;14.2
94;2021-05-26;10282;3317;480945;202721;34.2;14.4
94;2021-05-27;10869;4590;491814;207311;35.0;14.7
94;2021-05-28;10450;4956;502264;212267;35.7;15.1
94;2021-05-29;9874;3461;512138;215728;36.4;15.3
94;2021-05-30;4789;931;516927;216659;36.8;15.4
94;2021-05-31;9989;4238;526916;220897;37.5;15.7
94;2021-06-01;10320;5109;537236;226006;38.2;16.1
94;2021-06-02;9365;4594;546601;230600;38.9;16.4
94;2021-06-03;9566;5601;556167;236201;39.6;16.8
94;2021-06-04;10415;6541;566582;242742;40.3;17.3
94;2021-06-05;9201;6263;575783;249005;41.0;17.7
94;2021-06-06;3984;1849;579767;250854;41.2;17.8
94;2021-06-07;8677;5983;588444;256837;41.9;18.3
94;2021-06-08;9013;7535;597457;264372;42.5;18.8
94;2021-06-09;8953;8165;606410;272537;43.1;19.4
94;2021-06-10;8808;10985;615218;283522;43.8;20.2
94;2021-06-11;7854;8395;623072;291917;44.3;20.8
94;2021-06-12;10264;6853;633336;298770;45.0;21.2
94;2021-06-13;3470;3260;636806;302030;45.3;21.5
94;2021-06-14;6966;8216;643772;310246;45.8;22.1
94;2021-06-15;7735;8817;651507;319063;46.3;22.7
94;2021-06-16;7242;8276;658749;327339;46.9;23.3
94;2021-06-17;6706;9073;665455;336412;47.3;23.9
94;2021-06-18;6583;11961;672038;348373;47.8;24.8
94;2021-06-19;6012;9596;678050;357969;48.2;25.5
94;2021-06-20;1889;4010;679939;361979;48.4;25.7
94;2021-06-21;4532;11185;684471;373164;48.7;26.5
94;2021-06-22;4843;10811;689314;383975;49.0;27.3
94;2021-06-23;4174;11160;693488;395135;49.3;28.1
94;2021-06-24;4972;10336;698460;405471;49.7;28.8
94;2021-06-25;4293;13741;702753;419212;50.0;29.8
94;2021-06-26;3141;12001;705894;431213;50.2;30.7
94;2021-06-27;1059;4997;706953;436210;50.3;31.0
94;2021-06-28;3501;12079;710454;448289;50.5;31.9
94;2021-06-29;4049;12186;714503;460475;50.8;32.7
94;2021-06-30;4454;11649;718957;472124;51.1;33.6
94;2021-07-01;5558;11119;724515;483243;51.5;34.4
94;2021-07-02;5654;12202;730169;495445;51.9;35.2
94;2021-07-03;3719;11806;733888;507251;52.2;36.1
94;2021-07-04;1515;5087;735403;512338;52.3;36.4
94;2021-07-05;4537;11438;739940;523776;52.6;37.3
94;2021-07-06;4631;10900;744571;534676;53.0;38.0
94;2021-07-07;5033;11081;749604;545757;53.3;38.8
94;2021-07-08;5138;10030;754742;555787;53.7;39.5
94;2021-07-09;6082;11871;760824;567658;54.1;40.4
94;2021-07-10;4116;11368;764940;579026;54.4;41.2
94;2021-07-11;1555;4717;766495;583743;54.5;41.5
94;2021-07-12;4326;11971;770821;595714;54.8;42.4
94;2021-07-13;6423;12044;777244;607758;55.3;43.2
94;2021-07-14;4195;5294;781439;613052;55.6;43.6
94;2021-07-15;7255;12370;788694;625422;56.1;44.5
94;2021-07-16;7726;11309;796420;636731;56.6;45.3
94;2021-07-17;6098;11324;802518;648055;57.1;46.1
94;2021-07-18;2628;4023;805146;652078;57.3;46.4
94;2021-07-19;6928;10443;812074;662521;57.8;47.1
94;2021-07-20;8506;10387;820580;672908;58.4;47.9
94;2021-07-21;8755;9584;829335;682492;59.0;48.5
94;2021-07-22;9754;9424;839089;691916;59.7;49.2
94;2021-07-23;9275;9415;848364;701331;60.3;49.9
94;2021-07-24;7197;8879;855561;710210;60.8;50.5
94;2021-07-25;2191;2738;857752;712948;61.0;50.7
94;2021-07-26;8017;8089;865769;721037;61.6;51.3
94;2021-07-27;8756;7134;874525;728171;62.2;51.8
94;2021-07-28;9044;6570;883569;734741;62.8;52.3
94;2021-07-29;9021;6351;892590;741092;63.5;52.7
94;2021-07-30;7922;6583;900512;747675;64.0;53.2
94;2021-07-31;7209;6305;907721;753980;64.6;53.6
94;2021-08-01;3194;1786;910915;755766;64.8;53.8
94;2021-08-02;6348;5481;917263;761247;65.2;54.1
94;2021-08-03;6223;5199;923486;766446;65.7;54.5
94;2021-08-04;6160;5127;929646;771573;66.1;54.9
94;2021-08-05;5753;5456;935399;777029;66.5;55.3
94;2021-08-06;5537;5828;940936;782857;66.9;55.7
94;2021-08-07;4218;4471;945154;787328;67.2;56.0
94;2021-08-08;1356;1710;946510;789038;67.3;56.1
94;2021-08-09;4838;6801;951348;795839;67.7;56.6
94;2021-08-10;5291;6532;956639;802371;68.0;57.1
94;2021-08-11;4194;5912;960833;808283;68.3;57.5
94;2021-08-12;4306;6495;965139;814778;68.6;57.9
94;2021-08-13;3665;5787;968804;820565;68.9;58.4
94;2021-08-14;2854;5737;971658;826302;69.1;58.8
94;2021-08-15;448;734;972106;827036;69.1;58.8
94;2021-08-16;3454;8280;975560;835316;69.4;59.4
94;2021-08-17;3329;8130;978889;843446;69.6;60.0
94;2021-08-18;3224;8606;982113;852052;69.8;60.6
94;2021-08-19;3258;6890;985371;858942;70.1;61.1
94;2021-08-20;2927;7736;988298;866678;70.3;61.6
94;2021-08-21;2515;7155;990813;873833;70.5;62.1
94;2021-08-22;888;2733;991701;876566;70.5;62.3
94;2021-08-23;2785;8446;994486;885012;70.7;62.9
94;2021-08-24;3060;7489;997546;892501;70.9;63.5
94;2021-08-25;2696;6718;1000242;899219;71.1;64.0
94;2021-08-26;2520;6108;1002762;905327;71.3;64.4
94;2021-08-27;2569;6532;1005331;911859;71.5;64.9
94;2021-08-28;2533;6478;1007864;918337;71.7;65.3
94;2021-08-29;862;2334;1008726;920671;71.7;65.5
94;2021-08-30;2563;7808;1011289;928479;71.9;66.0
95;2020-12-27;3;0;3;0;0.0;0.0
95;2020-12-28;4;0;7;0;0.0;0.0
95;2020-12-29;0;0;7;0;0.0;0.0
95;2020-12-30;0;0;7;0;0.0;0.0
95;2020-12-31;2;0;9;0;0.0;0.0
95;2021-01-01;0;0;9;0;0.0;0.0
95;2021-01-02;13;0;22;0;0.0;0.0
95;2021-01-03;1;0;23;0;0.0;0.0
95;2021-01-04;49;0;72;0;0.0;0.0
95;2021-01-05;312;0;384;0;0.0;0.0
95;2021-01-06;192;0;576;0;0.0;0.0
95;2021-01-07;130;1;706;1;0.1;0.0
95;2021-01-08;277;2;983;3;0.1;0.0
95;2021-01-09;251;0;1234;3;0.1;0.0
95;2021-01-10;383;1;1617;4;0.1;0.0
95;2021-01-11;490;1;2107;5;0.2;0.0
95;2021-01-12;862;1;2969;6;0.2;0.0
95;2021-01-13;781;12;3750;18;0.3;0.0
95;2021-01-14;887;12;4637;30;0.4;0.0
95;2021-01-15;758;5;5395;35;0.4;0.0
95;2021-01-16;298;3;5693;38;0.5;0.0
95;2021-01-17;221;1;5914;39;0.5;0.0
95;2021-01-18;1338;6;7252;45;0.6;0.0
95;2021-01-19;1574;6;8826;51;0.7;0.0
95;2021-01-20;2039;5;10865;56;0.9;0.0
95;2021-01-21;1853;5;12718;61;1.0;0.0
95;2021-01-22;1326;5;14044;66;1.1;0.0
95;2021-01-23;648;0;14692;66;1.2;0.0
95;2021-01-24;181;0;14873;66;1.2;0.0
95;2021-01-25;796;37;15669;103;1.3;0.0
95;2021-01-26;987;160;16656;263;1.3;0.0
95;2021-01-27;1250;190;17906;453;1.4;0.0
95;2021-01-28;1720;36;19626;489;1.6;0.0
95;2021-01-29;1248;210;20874;699;1.7;0.1
95;2021-01-30;477;5;21351;704;1.7;0.1
95;2021-01-31;212;2;21563;706;1.7;0.1
95;2021-02-01;566;273;22129;979;1.8;0.1
95;2021-02-02;527;270;22656;1249;1.8;0.1
95;2021-02-03;613;519;23269;1768;1.9;0.1
95;2021-02-04;1065;368;24334;2136;1.9;0.2
95;2021-02-05;733;307;25067;2443;2.0;0.2
95;2021-02-06;335;253;25402;2696;2.0;0.2
95;2021-02-07;141;407;25543;3103;2.0;0.2
95;2021-02-08;765;339;26308;3442;2.1;0.3
95;2021-02-09;1131;1092;27439;4534;2.2;0.4
95;2021-02-10;1262;1412;28701;5946;2.3;0.5
95;2021-02-11;1387;1146;30088;7092;2.4;0.6
95;2021-02-12;1032;986;31120;8078;2.5;0.6
95;2021-02-13;329;318;31449;8396;2.5;0.7
95;2021-02-14;41;183;31490;8579;2.5;0.7
95;2021-02-15;427;1055;31917;9634;2.6;0.8
95;2021-02-16;493;913;32410;10547;2.6;0.8
95;2021-02-17;654;1130;33064;11677;2.6;0.9
95;2021-02-18;724;1679;33788;13356;2.7;1.1
95;2021-02-19;783;1299;34571;14655;2.8;1.2
95;2021-02-20;305;490;34876;15145;2.8;1.2
95;2021-02-21;165;313;35041;15458;2.8;1.2
95;2021-02-22;327;1021;35368;16479;2.8;1.3
95;2021-02-23;368;725;35736;17204;2.9;1.4
95;2021-02-24;309;879;36045;18083;2.9;1.4
95;2021-02-25;723;1130;36768;19213;2.9;1.5
95;2021-02-26;989;880;37757;20093;3.0;1.6
95;2021-02-27;365;432;38122;20525;3.1;1.6
95;2021-02-28;61;233;38183;20758;3.1;1.7
95;2021-03-01;770;591;38953;21349;3.1;1.7
95;2021-03-02;1321;856;40274;22205;3.2;1.8
95;2021-03-03;1597;983;41871;23188;3.4;1.9
95;2021-03-04;3192;1204;45063;24392;3.6;2.0
95;2021-03-05;3651;1099;48714;25491;3.9;2.0
95;2021-03-06;4005;504;52719;25995;4.2;2.1
95;2021-03-07;4222;322;56941;26317;4.6;2.1
95;2021-03-08;1541;872;58482;27189;4.7;2.2
95;2021-03-09;2621;507;61103;27696;4.9;2.2
95;2021-03-10;2341;856;63444;28552;5.1;2.3
95;2021-03-11;3137;1155;66581;29707;5.3;2.4
95;2021-03-12;3520;805;70101;30512;5.6;2.4
95;2021-03-13;3519;420;73620;30932;5.9;2.5
95;2021-03-14;1983;305;75603;31237;6.1;2.5
95;2021-03-15;2373;321;77976;31558;6.2;2.5
95;2021-03-16;1574;421;79550;31979;6.4;2.6
95;2021-03-17;2104;419;81654;32398;6.5;2.6
95;2021-03-18;2798;371;84452;32769;6.8;2.6
95;2021-03-19;3476;367;87928;33136;7.0;2.7
95;2021-03-20;2592;207;90520;33343;7.3;2.7
95;2021-03-21;1202;250;91722;33593;7.3;2.7
95;2021-03-22;2938;370;94660;33963;7.6;2.7
95;2021-03-23;3437;462;98097;34425;7.9;2.8
95;2021-03-24;3944;518;102041;34943;8.2;2.8
95;2021-03-25;5859;656;107900;35599;8.6;2.9
95;2021-03-26;5430;687;113330;36286;9.1;2.9
95;2021-03-27;3749;221;117079;36507;9.4;2.9
95;2021-03-28;1533;119;118612;36626;9.5;2.9
95;2021-03-29;2894;578;121506;37204;9.7;3.0
95;2021-03-30;3887;1246;125393;38450;10.0;3.1
95;2021-03-31;3658;1668;129051;40118;10.3;3.2
95;2021-04-01;5484;2279;134535;42397;10.8;3.4
95;2021-04-02;3561;2768;138096;45165;11.1;3.6
95;2021-04-03;2095;2490;140191;47655;11.2;3.8
95;2021-04-04;1247;1202;141438;48857;11.3;3.9
95;2021-04-05;596;64;142034;48921;11.4;3.9
95;2021-04-06;1857;1539;143891;50460;11.5;4.0
95;2021-04-07;4951;2193;148842;52653;11.9;4.2
95;2021-04-08;4898;2464;153740;55117;12.3;4.4
95;2021-04-09;5435;2339;159175;57456;12.8;4.6
95;2021-04-10;3709;1434;162884;58890;13.0;4.7
95;2021-04-11;1567;1037;164451;59927;13.2;4.8
95;2021-04-12;3251;1621;167702;61548;13.4;4.9
95;2021-04-13;3141;1688;170843;63236;13.7;5.1
95;2021-04-14;2751;1995;173594;65231;13.9;5.2
95;2021-04-15;3901;3346;177495;68577;14.2;5.5
95;2021-04-16;4064;3037;181559;71614;14.5;5.7
95;2021-04-17;2375;1757;183934;73371;14.7;5.9
95;2021-04-18;1510;1018;185444;74389;14.9;6.0
95;2021-04-19;2569;2370;188013;76759;15.1;6.1
95;2021-04-20;2121;2457;190134;79216;15.2;6.3
95;2021-04-21;3931;2635;194065;81851;15.5;6.6
95;2021-04-22;3411;4632;197476;86483;15.8;6.9
95;2021-04-23;2767;3561;200243;90044;16.0;7.2
95;2021-04-24;3572;2590;203815;92634;16.3;7.4
95;2021-04-25;1961;1550;205776;94184;16.5;7.5
95;2021-04-26;2751;2703;208527;96887;16.7;7.8
95;2021-04-27;3851;2177;212378;99064;17.0;7.9
95;2021-04-28;3889;2674;216267;101738;17.3;8.1
95;2021-04-29;6142;4555;222409;106293;17.8;8.5
95;2021-04-30;6903;2940;229312;109233;18.4;8.8
95;2021-05-01;2368;919;231680;110152;18.6;8.8
95;2021-05-02;2448;1502;234128;111654;18.8;8.9
95;2021-05-03;5126;1929;239254;113583;19.2;9.1
95;2021-05-04;6354;2724;245608;116307;19.7;9.3
95;2021-05-05;5146;3808;250754;120115;20.1;9.6
95;2021-05-06;8202;4932;258956;125047;20.7;10.0
95;2021-05-07;5776;4755;264732;129802;21.2;10.4
95;2021-05-08;5742;1530;270474;131332;21.7;10.5
95;2021-05-09;2827;1587;273301;132919;21.9;10.6
95;2021-05-10;9965;3191;283266;136110;22.7;10.9
95;2021-05-11;8448;3464;291714;139574;23.4;11.2
95;2021-05-12;9465;3222;301179;142796;24.1;11.4
95;2021-05-13;7956;1203;309135;143999;24.8;11.5
95;2021-05-14;7015;1908;316150;145907;25.3;11.7
95;2021-05-15;4514;1073;320664;146980;25.7;11.8
95;2021-05-16;4825;838;325489;147818;26.1;11.8
95;2021-05-17;7743;1352;333232;149170;26.7;11.9
95;2021-05-18;9468;1860;342700;151030;27.5;12.1
95;2021-05-19;9244;2507;351944;153537;28.2;12.3
95;2021-05-20;12586;2452;364530;155989;29.2;12.5
95;2021-05-21;10178;2537;374708;158526;30.0;12.7
95;2021-05-22;9398;1565;384106;160091;30.8;12.8
95;2021-05-23;4142;958;388248;161049;31.1;12.9
95;2021-05-24;2398;538;390646;161587;31.3;12.9
95;2021-05-25;7209;2081;397855;163668;31.9;13.1
95;2021-05-26;8850;3126;406705;166794;32.6;13.4
95;2021-05-27;10365;4438;417070;171232;33.4;13.7
95;2021-05-28;7687;4425;424757;175657;34.0;14.1
95;2021-05-29;5266;2764;430023;178421;34.4;14.3
95;2021-05-30;3730;1701;433753;180122;34.7;14.4
95;2021-05-31;6429;3331;440182;183453;35.3;14.7
95;2021-06-01;8784;3811;448966;187264;36.0;15.0
95;2021-06-02;8799;4745;457765;192009;36.7;15.4
95;2021-06-03;8529;6562;466294;198571;37.4;15.9
95;2021-06-04;8887;4403;475181;202974;38.1;16.3
95;2021-06-05;8342;3745;483523;206719;38.7;16.6
95;2021-06-06;4836;1616;488359;208335;39.1;16.7
95;2021-06-07;6060;4546;494419;212881;39.6;17.1
95;2021-06-08;6555;5518;500974;218399;40.1;17.5
95;2021-06-09;6266;6471;507240;224870;40.6;18.0
95;2021-06-10;6433;6816;513673;231686;41.1;18.6
95;2021-06-11;7235;6443;520908;238129;41.7;19.1
95;2021-06-12;6006;4375;526914;242504;42.2;19.4
95;2021-06-13;2084;3284;528998;245788;42.4;19.7
95;2021-06-14;5372;5990;534370;251778;42.8;20.2
95;2021-06-15;5744;8074;540114;259852;43.3;20.8
95;2021-06-16;5491;7534;545605;267386;43.7;21.4
95;2021-06-17;6607;8163;552212;275549;44.2;22.1
95;2021-06-18;5833;7856;558045;283405;44.7;22.7
95;2021-06-19;4969;8925;563014;292330;45.1;23.4
95;2021-06-20;1430;3312;564444;295642;45.2;23.7
95;2021-06-21;3542;7717;567986;303359;45.5;24.3
95;2021-06-22;5071;9049;573057;312408;45.9;25.0
95;2021-06-23;4782;10877;577839;323285;46.3;25.9
95;2021-06-24;4942;10722;582781;334007;46.7;26.8
95;2021-06-25;4890;10359;587671;344366;47.1;27.6
95;2021-06-26;4325;8485;591996;352851;47.4;28.3
95;2021-06-27;1035;3995;593031;356846;47.5;28.6
95;2021-06-28;2742;9491;595773;366337;47.7;29.3
95;2021-06-29;2537;8788;598310;375125;47.9;30.0
95;2021-06-30;3954;9995;602264;385120;48.2;30.9
95;2021-07-01;4749;11163;607013;396283;48.6;31.7
95;2021-07-02;4276;10550;611289;406833;49.0;32.6
95;2021-07-03;3538;9157;614827;415990;49.3;33.3
95;2021-07-04;1274;3403;616101;419393;49.4;33.6
95;2021-07-05;2355;4376;618456;423769;49.5;33.9
95;2021-07-06;2684;7750;621140;431519;49.8;34.6
95;2021-07-07;3961;9621;625101;441140;50.1;35.3
95;2021-07-08;5317;9819;630418;450959;50.5;36.1
95;2021-07-09;4555;10077;634973;461036;50.9;36.9
95;2021-07-10;3397;7390;638370;468426;51.1;37.5
95;2021-07-11;1527;3602;639897;472028;51.3;37.8
95;2021-07-12;2987;9688;642884;481716;51.5;38.6
95;2021-07-13;5059;10070;647943;491786;51.9;39.4
95;2021-07-14;4428;5734;652371;497520;52.3;39.9
95;2021-07-15;7398;12355;659769;509875;52.9;40.8
95;2021-07-16;7979;11990;667748;521865;53.5;41.8
95;2021-07-17;5057;7821;672805;529686;53.9;42.4
95;2021-07-18;3489;2905;676294;532591;54.2;42.7
95;2021-07-19;4837;6863;681131;539454;54.6;43.2
95;2021-07-20;6951;8376;688082;547830;55.1;43.9
95;2021-07-21;9258;9442;697340;557272;55.9;44.6
95;2021-07-22;10142;9712;707482;566984;56.7;45.4
95;2021-07-23;10906;10201;718388;577185;57.5;46.2
95;2021-07-24;5259;6234;723647;583419;58.0;46.7
95;2021-07-25;2242;2283;725889;585702;58.1;46.9
95;2021-07-26;4507;4016;730396;589718;58.5;47.2
95;2021-07-27;8496;7040;738892;596758;59.2;47.8
95;2021-07-28;9704;7553;748596;604311;60.0;48.4
95;2021-07-29;8421;5465;757017;609776;60.6;48.8
95;2021-07-30;8490;7770;765507;617546;61.3;49.5
95;2021-07-31;4234;4115;769741;621661;61.7;49.8
95;2021-08-01;2322;1372;772063;623033;61.8;49.9
95;2021-08-02;4135;3907;776198;626940;62.2;50.2
95;2021-08-03;6128;5530;782326;632470;62.7;50.7
95;2021-08-04;6475;6080;788801;638550;63.2;51.2
95;2021-08-05;6853;5720;795654;644270;63.7;51.6
95;2021-08-06;6490;7079;802144;651349;64.3;52.2
95;2021-08-07;2830;3203;804974;654552;64.5;52.4
95;2021-08-08;1362;1889;806336;656441;64.6;52.6
95;2021-08-09;3891;5039;810227;661480;64.9;53.0
95;2021-08-10;5186;5846;815413;667326;65.3;53.5
95;2021-08-11;5315;6552;820728;673878;65.7;54.0
95;2021-08-12;5185;6349;825913;680227;66.2;54.5
95;2021-08-13;3796;5464;829709;685691;66.5;54.9
95;2021-08-14;3543;3315;833252;689006;66.7;55.2
95;2021-08-15;270;351;833522;689357;66.8;55.2
95;2021-08-16;2796;6043;836318;695400;67.0;55.7
95;2021-08-17;3549;7256;839867;702656;67.3;56.3
95;2021-08-18;4222;8069;844089;710725;67.6;56.9
95;2021-08-19;3705;6578;847794;717303;67.9;57.5
95;2021-08-20;3752;7919;851546;725222;68.2;58.1
95;2021-08-21;2701;4292;854247;729514;68.4;58.4
95;2021-08-22;826;2388;855073;731902;68.5;58.6
95;2021-08-23;2451;5640;857524;737542;68.7;59.1
95;2021-08-24;2907;6447;860431;743989;68.9;59.6
95;2021-08-25;3737;8268;864168;752257;69.2;60.3
95;2021-08-26;3119;7524;867287;759781;69.5;60.9
95;2021-08-27;3419;8705;870706;768486;69.7;61.6
95;2021-08-28;2767;5468;873473;773954;70.0;62.0
95;2021-08-29;618;1701;874091;775655;70.0;62.1
95;2021-08-30;2721;6167;876812;781822;70.2;62.6
971;2020-12-27;0;0;0;0;0.0;0.0
971;2020-12-28;0;0;0;0;0.0;0.0
971;2020-12-29;0;0;0;0;0.0;0.0
971;2020-12-30;0;0;0;0;0.0;0.0
971;2020-12-31;0;0;0;0;0.0;0.0
971;2021-01-01;1;0;1;0;0.0;0.0
971;2021-01-02;0;0;1;0;0.0;0.0
971;2021-01-03;0;0;1;0;0.0;0.0
971;2021-01-04;1;0;2;0;0.0;0.0
971;2021-01-05;0;0;2;0;0.0;0.0
971;2021-01-06;1;0;3;0;0.0;0.0
971;2021-01-07;0;0;3;0;0.0;0.0
971;2021-01-08;56;1;59;1;0.0;0.0
971;2021-01-09;20;0;79;1;0.0;0.0
971;2021-01-10;0;0;79;1;0.0;0.0
971;2021-01-11;60;0;139;1;0.0;0.0
971;2021-01-12;45;0;184;1;0.0;0.0
971;2021-01-13;47;1;231;2;0.1;0.0
971;2021-01-14;63;0;294;2;0.1;0.0
971;2021-01-15;77;0;371;2;0.1;0.0
971;2021-01-16;0;0;371;2;0.1;0.0
971;2021-01-17;0;0;371;2;0.1;0.0
971;2021-01-18;81;1;452;3;0.1;0.0
971;2021-01-19;145;0;597;3;0.2;0.0
971;2021-01-20;135;0;732;3;0.2;0.0
971;2021-01-21;154;1;886;4;0.2;0.0
971;2021-01-22;135;0;1021;4;0.3;0.0
971;2021-01-23;1;0;1022;4;0.3;0.0
971;2021-01-24;0;0;1022;4;0.3;0.0
971;2021-01-25;202;1;1224;5;0.3;0.0
971;2021-01-26;217;1;1441;6;0.4;0.0
971;2021-01-27;236;0;1677;6;0.4;0.0
971;2021-01-28;242;4;1919;10;0.5;0.0
971;2021-01-29;197;2;2116;12;0.6;0.0
971;2021-01-30;25;0;2141;12;0.6;0.0
971;2021-01-31;1;0;2142;12;0.6;0.0
971;2021-02-01;229;4;2371;16;0.6;0.0
971;2021-02-02;244;21;2615;37;0.7;0.0
971;2021-02-03;225;3;2840;40;0.8;0.0
971;2021-02-04;304;24;3144;64;0.8;0.0
971;2021-02-05;279;33;3423;97;0.9;0.0
971;2021-02-06;49;1;3472;98;0.9;0.0
971;2021-02-07;0;0;3472;98;0.9;0.0
971;2021-02-08;257;22;3729;120;1.0;0.0
971;2021-02-09;316;26;4045;146;1.1;0.0
971;2021-02-10;248;28;4293;174;1.1;0.0
971;2021-02-11;297;112;4590;286;1.2;0.1
971;2021-02-12;290;28;4880;314;1.3;0.1
971;2021-02-13;50;7;4930;321;1.3;0.1
971;2021-02-14;19;36;4949;357;1.3;0.1
971;2021-02-15;85;46;5034;403;1.3;0.1
971;2021-02-16;16;1;5050;404;1.3;0.1
971;2021-02-17;17;1;5067;405;1.3;0.1
971;2021-02-18;248;15;5315;420;1.4;0.1
971;2021-02-19;248;20;5563;440;1.5;0.1
971;2021-02-20;49;0;5612;440;1.5;0.1
971;2021-02-21;1;0;5613;440;1.5;0.1
971;2021-02-22;192;64;5805;504;1.5;0.1
971;2021-02-23;204;74;6009;578;1.6;0.2
971;2021-02-24;343;125;6352;703;1.7;0.2
971;2021-02-25;386;79;6738;782;1.8;0.2
971;2021-02-26;232;84;6970;866;1.8;0.2
971;2021-02-27;65;0;7035;866;1.9;0.2
971;2021-02-28;1;0;7036;866;1.9;0.2
971;2021-03-01;179;82;7215;948;1.9;0.3
971;2021-03-02;278;133;7493;1081;2.0;0.3
971;2021-03-03;244;119;7737;1200;2.1;0.3
971;2021-03-04;335;85;8072;1285;2.1;0.3
971;2021-03-05;375;151;8447;1436;2.2;0.4
971;2021-03-06;599;10;9046;1446;2.4;0.4
971;2021-03-07;1;0;9047;1446;2.4;0.4
971;2021-03-08;324;140;9371;1586;2.5;0.4
971;2021-03-09;388;156;9759;1742;2.6;0.5
971;2021-03-10;425;163;10184;1905;2.7;0.5
971;2021-03-11;123;46;10307;1951;2.7;0.5
971;2021-03-12;506;226;10813;2177;2.9;0.6
971;2021-03-13;137;3;10950;2180;2.9;0.6
971;2021-03-14;14;23;10964;2203;2.9;0.6
971;2021-03-15;424;46;11388;2249;3.0;0.6
971;2021-03-16;485;84;11873;2333;3.2;0.6
971;2021-03-17;470;73;12343;2406;3.3;0.6
971;2021-03-18;586;86;12929;2492;3.4;0.7
971;2021-03-19;584;91;13513;2583;3.6;0.7
971;2021-03-20;177;19;13690;2602;3.6;0.7
971;2021-03-21;8;0;13698;2602;3.6;0.7
971;2021-03-22;359;89;14057;2691;3.7;0.7
971;2021-03-23;539;157;14596;2848;3.9;0.8
971;2021-03-24;474;110;15070;2958;4.0;0.8
971;2021-03-25;760;183;15830;3141;4.2;0.8
971;2021-03-26;644;123;16474;3264;4.4;0.9
971;2021-03-27;291;35;16765;3299;4.4;0.9
971;2021-03-28;24;2;16789;3301;4.5;0.9
971;2021-03-29;383;83;17172;3384;4.6;0.9
971;2021-03-30;625;164;17797;3548;4.7;0.9
971;2021-03-31;546;133;18343;3681;4.9;1.0
971;2021-04-01;661;197;19004;3878;5.0;1.0
971;2021-04-02;38;35;19042;3913;5.1;1.0
971;2021-04-03;59;2;19101;3915;5.1;1.0
971;2021-04-04;4;18;19105;3933;5.1;1.0
971;2021-04-05;13;0;19118;3933;5.1;1.0
971;2021-04-06;482;193;19600;4126;5.2;1.1
971;2021-04-07;579;118;20179;4244;5.4;1.1
971;2021-04-08;516;158;20695;4402;5.5;1.2
971;2021-04-09;490;210;21185;4612;5.6;1.2
971;2021-04-10;101;5;21286;4617;5.6;1.2
971;2021-04-11;8;12;21294;4629;5.7;1.2
971;2021-04-12;304;262;21598;4891;5.7;1.3
971;2021-04-13;556;325;22154;5216;5.9;1.4
971;2021-04-14;440;227;22594;5443;6.0;1.4
971;2021-04-15;553;313;23147;5756;6.1;1.5
971;2021-04-16;564;273;23711;6029;6.3;1.6
971;2021-04-17;216;4;23927;6033;6.3;1.6
971;2021-04-18;6;14;23933;6047;6.4;1.6
971;2021-04-19;404;243;24337;6290;6.5;1.7
971;2021-04-20;724;347;25061;6637;6.6;1.8
971;2021-04-21;625;316;25686;6953;6.8;1.8
971;2021-04-22;813;335;26499;7288;7.0;1.9
971;2021-04-23;844;248;27343;7536;7.3;2.0
971;2021-04-24;392;75;27735;7611;7.4;2.0
971;2021-04-25;602;64;28337;7675;7.5;2.0
971;2021-04-26;969;218;29306;7893;7.8;2.1
971;2021-04-27;709;236;30015;8129;8.0;2.2
971;2021-04-28;864;267;30879;8396;8.2;2.2
971;2021-04-29;1202;207;32081;8603;8.5;2.3
971;2021-04-30;1269;186;33350;8789;8.8;2.3
971;2021-05-01;606;42;33956;8831;9.0;2.3
971;2021-05-02;355;18;34311;8849;9.1;2.3
971;2021-05-03;922;189;35233;9038;9.3;2.4
971;2021-05-04;962;207;36195;9245;9.6;2.5
971;2021-05-05;1026;253;37221;9498;9.9;2.5
971;2021-05-06;1146;177;38367;9675;10.2;2.6
971;2021-05-07;1264;273;39631;9948;10.5;2.6
971;2021-05-08;323;36;39954;9984;10.6;2.6
971;2021-05-09;183;10;40137;9994;10.6;2.7
971;2021-05-10;840;217;40977;10211;10.9;2.7
971;2021-05-11;964;317;41941;10528;11.1;2.8
971;2021-05-12;907;325;42848;10853;11.4;2.9
971;2021-05-13;211;79;43059;10932;11.4;2.9
971;2021-05-14;862;275;43921;11207;11.7;3.0
971;2021-05-15;487;15;44408;11222;11.8;3.0
971;2021-05-16;182;36;44590;11258;11.8;3.0
971;2021-05-17;720;277;45310;11535;12.0;3.1
971;2021-05-18;742;390;46052;11925;12.2;3.2
971;2021-05-19;701;531;46753;12456;12.4;3.3
971;2021-05-20;809;378;47562;12834;12.6;3.4
971;2021-05-21;825;412;48387;13246;12.8;3.5
971;2021-05-22;506;216;48893;13462;13.0;3.6
971;2021-05-23;201;114;49094;13576;13.0;3.6
971;2021-05-24;201;174;49295;13750;13.1;3.6
971;2021-05-25;548;664;49843;14414;13.2;3.8
971;2021-05-26;595;493;50438;14907;13.4;4.0
971;2021-05-27;133;182;50571;15089;13.4;4.0
971;2021-05-28;518;526;51089;15615;13.6;4.1
971;2021-05-29;238;140;51327;15755;13.6;4.2
971;2021-05-30;75;112;51402;15867;13.6;4.2
971;2021-05-31;449;537;51851;16404;13.8;4.4
971;2021-06-01;592;710;52443;17114;13.9;4.5
971;2021-06-02;577;707;53020;17821;14.1;4.7
971;2021-06-03;508;563;53528;18384;14.2;4.9
971;2021-06-04;834;803;54362;19187;14.4;5.1
971;2021-06-05;317;644;54679;19831;14.5;5.3
971;2021-06-06;139;529;54818;20360;14.5;5.4
971;2021-06-07;420;782;55238;21142;14.7;5.6
971;2021-06-08;496;894;55734;22036;14.8;5.8
971;2021-06-09;503;860;56237;22896;14.9;6.1
971;2021-06-10;537;848;56774;23744;15.1;6.3
971;2021-06-11;468;1243;57242;24987;15.2;6.6
971;2021-06-12;301;659;57543;25646;15.3;6.8
971;2021-06-13;128;313;57671;25959;15.3;6.9
971;2021-06-14;372;3781;58043;29740;15.4;7.9
971;2021-06-15;483;2000;58526;31740;15.5;8.4
971;2021-06-16;478;1475;59004;33215;15.7;8.8
971;2021-06-17;433;1014;59437;34229;15.8;9.1
971;2021-06-18;481;1020;59918;35249;15.9;9.4
971;2021-06-19;316;509;60234;35758;16.0;9.5
971;2021-06-20;111;231;60345;35989;16.0;9.5
971;2021-06-21;336;678;60681;36667;16.1;9.7
971;2021-06-22;333;873;61014;37540;16.2;10.0
971;2021-06-23;369;890;61383;38430;16.3;10.2
971;2021-06-24;416;734;61799;39164;16.4;10.4
971;2021-06-25;454;761;62253;39925;16.5;10.6
971;2021-06-26;301;515;62554;40440;16.6;10.7
971;2021-06-27;116;148;62670;40588;16.6;10.8
971;2021-06-28;303;688;62973;41276;16.7;11.0
971;2021-06-29;385;784;63358;42060;16.8;11.2
971;2021-06-30;439;924;63797;42984;16.9;11.4
971;2021-07-01;364;651;64161;43635;17.0;11.6
971;2021-07-02;429;693;64590;44328;17.1;11.8
971;2021-07-03;275;466;64865;44794;17.2;11.9
971;2021-07-04;112;239;64977;45033;17.2;11.9
971;2021-07-05;329;509;65306;45542;17.3;12.1
971;2021-07-06;383;769;65689;46311;17.4;12.3
971;2021-07-07;377;844;66066;47155;17.5;12.5
971;2021-07-08;413;790;66479;47945;17.6;12.7
971;2021-07-09;431;795;66910;48740;17.8;12.9
971;2021-07-10;245;294;67155;49034;17.8;13.0
971;2021-07-11;170;137;67325;49171;17.9;13.0
971;2021-07-12;477;607;67802;49778;18.0;13.2
971;2021-07-13;868;1010;68670;50788;18.2;13.5
971;2021-07-14;474;283;69144;51071;18.3;13.6
971;2021-07-15;875;845;70019;51916;18.6;13.8
971;2021-07-16;1089;1042;71108;52958;18.9;14.1
971;2021-07-17;648;443;71756;53401;19.0;14.2
971;2021-07-18;400;217;72156;53618;19.1;14.2
971;2021-07-19;574;581;72730;54199;19.3;14.4
971;2021-07-20;830;732;73560;54931;19.5;14.6
971;2021-07-21;764;498;74324;55429;19.7;14.7
971;2021-07-22;982;870;75306;56299;20.0;14.9
971;2021-07-23;1023;758;76329;57057;20.3;15.1
971;2021-07-24;416;383;76745;57440;20.4;15.2
971;2021-07-25;248;260;76993;57700;20.4;15.3
971;2021-07-26;636;559;77629;58259;20.6;15.5
971;2021-07-27;835;582;78464;58841;20.8;15.6
971;2021-07-28;793;651;79257;59492;21.0;15.8
971;2021-07-29;920;663;80177;60155;21.3;16.0
971;2021-07-30;1309;751;81486;60906;21.6;16.2
971;2021-07-31;557;411;82043;61317;21.8;16.3
971;2021-08-01;312;248;82355;61565;21.9;16.3
971;2021-08-02;755;418;83110;61983;22.1;16.4
971;2021-08-03;744;673;83854;62656;22.2;16.6
971;2021-08-04;664;667;84518;63323;22.4;16.8
971;2021-08-05;665;584;85183;63907;22.6;17.0
971;2021-08-06;921;635;86104;64542;22.8;17.1
971;2021-08-07;450;391;86554;64933;23.0;17.2
971;2021-08-08;272;313;86826;65246;23.0;17.3
971;2021-08-09;584;586;87410;65832;23.2;17.5
971;2021-08-10;739;799;88149;66631;23.4;17.7
971;2021-08-11;918;791;89067;67422;23.6;17.9
971;2021-08-12;937;792;90004;68214;23.9;18.1
971;2021-08-13;911;439;90915;68653;24.1;18.2
971;2021-08-14;622;700;91537;69353;24.3;18.4
971;2021-08-15;435;410;91972;69763;24.4;18.5
971;2021-08-16;754;735;92726;70498;24.6;18.7
971;2021-08-17;865;869;93591;71367;24.8;18.9
971;2021-08-18;1222;959;94813;72326;25.2;19.2
971;2021-08-19;1272;921;96085;73247;25.5;19.4
971;2021-08-20;1479;1041;97564;74288;25.9;19.7
971;2021-08-21;703;508;98267;74796;26.1;19.8
971;2021-08-22;349;270;98616;75066;26.2;19.9
971;2021-08-23;853;623;99469;75689;26.4;20.1
971;2021-08-24;1211;792;100680;76481;26.7;20.3
971;2021-08-25;1349;797;102029;77278;27.1;20.5
971;2021-08-26;1346;765;103375;78043;27.4;20.7
971;2021-08-27;1425;1090;104800;79133;27.8;21.0
971;2021-08-28;876;575;105676;79708;28.0;21.1
971;2021-08-29;208;238;105884;79946;28.1;21.2
971;2021-08-30;832;741;106716;80687;28.3;21.4
972;2020-12-27;0;0;0;0;0.0;0.0
972;2020-12-28;0;0;0;0;0.0;0.0
972;2020-12-29;0;0;0;0;0.0;0.0
972;2020-12-30;0;0;0;0;0.0;0.0
972;2020-12-31;0;0;0;0;0.0;0.0
972;2021-01-01;0;0;0;0;0.0;0.0
972;2021-01-02;0;0;0;0;0.0;0.0
972;2021-01-03;0;0;0;0;0.0;0.0
972;2021-01-04;0;0;0;0;0.0;0.0
972;2021-01-05;0;0;0;0;0.0;0.0
972;2021-01-06;5;0;5;0;0.0;0.0
972;2021-01-07;31;0;36;0;0.0;0.0
972;2021-01-08;90;1;126;1;0.0;0.0
972;2021-01-09;20;0;146;1;0.0;0.0
972;2021-01-10;0;0;146;1;0.0;0.0
972;2021-01-11;122;0;268;1;0.1;0.0
972;2021-01-12;79;0;347;1;0.1;0.0
972;2021-01-13;65;0;412;1;0.1;0.0
972;2021-01-14;88;1;500;2;0.1;0.0
972;2021-01-15;164;0;664;2;0.2;0.0
972;2021-01-16;51;0;715;2;0.2;0.0
972;2021-01-17;0;0;715;2;0.2;0.0
972;2021-01-18;158;0;873;2;0.2;0.0
972;2021-01-19;168;1;1041;3;0.3;0.0
972;2021-01-20;170;0;1211;3;0.3;0.0
972;2021-01-21;181;2;1392;5;0.4;0.0
972;2021-01-22;173;0;1565;5;0.4;0.0
972;2021-01-23;58;0;1623;5;0.5;0.0
972;2021-01-24;0;0;1623;5;0.5;0.0
972;2021-01-25;161;0;1784;5;0.5;0.0
972;2021-01-26;138;1;1922;6;0.5;0.0
972;2021-01-27;163;5;2085;11;0.6;0.0
972;2021-01-28;152;12;2237;23;0.6;0.0
972;2021-01-29;143;41;2380;64;0.7;0.0
972;2021-01-30;96;16;2476;80;0.7;0.0
972;2021-01-31;0;0;2476;80;0.7;0.0
972;2021-02-01;119;73;2595;153;0.7;0.0
972;2021-02-02;184;94;2779;247;0.8;0.1
972;2021-02-03;132;76;2911;323;0.8;0.1
972;2021-02-04;160;71;3071;394;0.9;0.1
972;2021-02-05;123;92;3194;486;0.9;0.1
972;2021-02-06;62;26;3256;512;0.9;0.1
972;2021-02-07;1;0;3257;512;0.9;0.1
972;2021-02-08;137;79;3394;591;0.9;0.2
972;2021-02-09;177;77;3571;668;1.0;0.2
972;2021-02-10;153;90;3724;758;1.0;0.2
972;2021-02-11;150;99;3874;857;1.1;0.2
972;2021-02-12;148;127;4022;984;1.1;0.3
972;2021-02-13;47;37;4069;1021;1.1;0.3
972;2021-02-14;0;0;4069;1021;1.1;0.3
972;2021-02-15;51;66;4120;1087;1.1;0.3
972;2021-02-16;0;0;4120;1087;1.1;0.3
972;2021-02-17;1;3;4121;1090;1.1;0.3
972;2021-02-18;69;125;4190;1215;1.2;0.3
972;2021-02-19;69;126;4259;1341;1.2;0.4
972;2021-02-20;48;68;4307;1409;1.2;0.4
972;2021-02-21;0;0;4307;1409;1.2;0.4
972;2021-02-22;102;60;4409;1469;1.2;0.4
972;2021-02-23;113;235;4522;1704;1.3;0.5
972;2021-02-24;106;218;4628;1922;1.3;0.5
972;2021-02-25;93;150;4721;2072;1.3;0.6
972;2021-02-26;132;168;4853;2240;1.4;0.6
972;2021-02-27;69;52;4922;2292;1.4;0.6
972;2021-02-28;0;0;4922;2292;1.4;0.6
972;2021-03-01;137;144;5059;2436;1.4;0.7
972;2021-03-02;158;79;5217;2515;1.5;0.7
972;2021-03-03;179;145;5396;2660;1.5;0.7
972;2021-03-04;152;135;5548;2795;1.5;0.8
972;2021-03-05;238;128;5786;2923;1.6;0.8
972;2021-03-06;119;58;5905;2981;1.6;0.8
972;2021-03-07;100;3;6005;2984;1.7;0.8
972;2021-03-08;196;132;6201;3116;1.7;0.9
972;2021-03-09;283;101;6484;3217;1.8;0.9
972;2021-03-10;322;134;6806;3351;1.9;0.9
972;2021-03-11;336;81;7142;3432;2.0;1.0
972;2021-03-12;413;55;7555;3487;2.1;1.0
972;2021-03-13;155;21;7710;3508;2.1;1.0
972;2021-03-14;4;1;7714;3509;2.2;1.0
972;2021-03-15;277;90;7991;3599;2.2;1.0
972;2021-03-16;305;56;8296;3655;2.3;1.0
972;2021-03-17;388;46;8684;3701;2.4;1.0
972;2021-03-18;435;44;9119;3745;2.5;1.0
972;2021-03-19;401;63;9520;3808;2.7;1.1
972;2021-03-20;149;48;9669;3856;2.7;1.1
972;2021-03-21;25;1;9694;3857;2.7;1.1
972;2021-03-22;362;118;10056;3975;2.8;1.1
972;2021-03-23;403;122;10459;4097;2.9;1.1
972;2021-03-24;429;108;10888;4205;3.0;1.2
972;2021-03-25;485;97;11373;4302;3.2;1.2
972;2021-03-26;634;103;12007;4405;3.3;1.2
972;2021-03-27;154;71;12161;4476;3.4;1.2
972;2021-03-28;81;2;12242;4478;3.4;1.2
972;2021-03-29;422;164;12664;4642;3.5;1.3
972;2021-03-30;469;244;13133;4886;3.7;1.4
972;2021-03-31;1150;191;14283;5077;4.0;1.4
972;2021-04-01;955;172;15238;5249;4.2;1.5
972;2021-04-02;896;15;16134;5264;4.5;1.5
972;2021-04-03;788;55;16922;5319;4.7;1.5
972;2021-04-04;751;13;17673;5332;4.9;1.5
972;2021-04-05;829;44;18502;5376;5.2;1.5
972;2021-04-06;885;136;19387;5512;5.4;1.5
972;2021-04-07;1436;326;20823;5838;5.8;1.6
972;2021-04-08;1308;271;22131;6109;6.2;1.7
972;2021-04-09;1240;315;23371;6424;6.5;1.8
972;2021-04-10;838;164;24209;6588;6.7;1.8
972;2021-04-11;620;14;24829;6602;6.9;1.8
972;2021-04-12;868;317;25697;6919;7.2;1.9
972;2021-04-13;881;328;26578;7247;7.4;2.0
972;2021-04-14;960;321;27538;7568;7.7;2.1
972;2021-04-15;959;300;28497;7868;7.9;2.2
972;2021-04-16;996;300;29493;8168;8.2;2.3
972;2021-04-17;530;161;30023;8329;8.4;2.3
972;2021-04-18;339;56;30362;8385;8.5;2.3
972;2021-04-19;668;342;31030;8727;8.6;2.4
972;2021-04-20;868;309;31898;9036;8.9;2.5
972;2021-04-21;1002;354;32900;9390;9.2;2.6
972;2021-04-22;605;312;33505;9702;9.3;2.7
972;2021-04-23;614;465;34119;10167;9.5;2.8
972;2021-04-24;363;197;34482;10364;9.6;2.9
972;2021-04-25;168;199;34650;10563;9.7;2.9
972;2021-04-26;516;541;35166;11104;9.8;3.1
972;2021-04-27;568;607;35734;11711;10.0;3.3
972;2021-04-28;448;690;36182;12401;10.1;3.5
972;2021-04-29;653;642;36835;13043;10.3;3.6
972;2021-04-30;771;686;37606;13729;10.5;3.8
972;2021-05-01;244;246;37850;13975;10.6;3.9
972;2021-05-02;227;513;38077;14488;10.6;4.0
972;2021-05-03;569;771;38646;15259;10.8;4.3
972;2021-05-04;526;678;39172;15937;10.9;4.4
972;2021-05-05;548;896;39720;16833;11.1;4.7
972;2021-05-06;546;785;40266;17618;11.2;4.9
972;2021-05-07;629;1014;40895;18632;11.4;5.2
972;2021-05-08;226;526;41121;19158;11.5;5.3
972;2021-05-09;172;506;41293;19664;11.5;5.5
972;2021-05-10;519;856;41812;20520;11.7;5.7
972;2021-05-11;476;871;42288;21391;11.8;6.0
972;2021-05-12;560;910;42848;22301;11.9;6.2
972;2021-05-13;274;533;43122;22834;12.0;6.4
972;2021-05-14;388;752;43510;23586;12.1;6.6
972;2021-05-15;233;577;43743;24163;12.2;6.7
972;2021-05-16;155;442;43898;24605;12.2;6.9
972;2021-05-17;474;754;44372;25359;12.4;7.1
972;2021-05-18;446;680;44818;26039;12.5;7.3
972;2021-05-19;453;743;45271;26782;12.6;7.5
972;2021-05-20;595;500;45866;27282;12.8;7.6
972;2021-05-21;545;704;46411;27986;12.9;7.8
972;2021-05-22;186;363;46597;28349;13.0;7.9
972;2021-05-23;111;182;46708;28531;13.0;8.0
972;2021-05-24;136;241;46844;28772;13.1;8.0
972;2021-05-25;351;698;47195;29470;13.2;8.2
972;2021-05-26;382;714;47577;30184;13.3;8.4
972;2021-05-27;270;647;47847;30831;13.3;8.6
972;2021-05-28;279;816;48126;31647;13.4;8.8
972;2021-05-29;154;513;48280;32160;13.5;9.0
972;2021-05-30;17;33;48297;32193;13.5;9.0
972;2021-05-31;347;681;48644;32874;13.6;9.2
972;2021-06-01;300;547;48944;33421;13.6;9.3
972;2021-06-02;325;575;49269;33996;13.7;9.5
972;2021-06-03;247;425;49516;34421;13.8;9.6
972;2021-06-04;350;643;49866;35064;13.9;9.8
972;2021-06-05;260;373;50126;35437;14.0;9.9
972;2021-06-06;25;32;50151;35469;14.0;9.9
972;2021-06-07;260;736;50411;36205;14.1;10.1
972;2021-06-08;256;589;50667;36794;14.1;10.3
972;2021-06-09;303;698;50970;37492;14.2;10.5
972;2021-06-10;308;453;51278;37945;14.3;10.6
972;2021-06-11;361;534;51639;38479;14.4;10.7
972;2021-06-12;246;321;51885;38800;14.5;10.8
972;2021-06-13;32;29;51917;38829;14.5;10.8
972;2021-06-14;367;551;52284;39380;14.6;11.0
972;2021-06-15;410;488;52694;39868;14.7;11.1
972;2021-06-16;436;436;53130;40304;14.8;11.2
972;2021-06-17;355;576;53485;40880;14.9;11.4
972;2021-06-18;458;538;53943;41418;15.0;11.5
972;2021-06-19;225;196;54168;41614;15.1;11.6
972;2021-06-20;25;17;54193;41631;15.1;11.6
972;2021-06-21;332;580;54525;42211;15.2;11.8
972;2021-06-22;297;462;54822;42673;15.3;11.9
972;2021-06-23;425;562;55247;43235;15.4;12.1
972;2021-06-24;328;437;55575;43672;15.5;12.2
972;2021-06-25;313;387;55888;44059;15.6;12.3
972;2021-06-26;221;201;56109;44260;15.6;12.3
972;2021-06-27;16;23;56125;44283;15.6;12.3
972;2021-06-28;337;425;56462;44708;15.7;12.5
972;2021-06-29;329;431;56791;45139;15.8;12.6
972;2021-06-30;441;421;57232;45560;16.0;12.7
972;2021-07-01;350;393;57582;45953;16.1;12.8
972;2021-07-02;124;201;57706;46154;16.1;12.9
972;2021-07-03;100;118;57806;46272;16.1;12.9
972;2021-07-04;24;36;57830;46308;16.1;12.9
972;2021-07-05;494;580;58324;46888;16.3;13.1
972;2021-07-06;487;428;58811;47316;16.4;13.2
972;2021-07-07;611;492;59422;47808;16.6;13.3
972;2021-07-08;494;422;59916;48230;16.7;13.4
972;2021-07-09;628;582;60544;48812;16.9;13.6
972;2021-07-10;405;309;60949;49121;17.0;13.7
972;2021-07-11;52;38;61001;49159;17.0;13.7
972;2021-07-12;847;698;61848;49857;17.2;13.9
972;2021-07-13;1473;707;63321;50564;17.7;14.1
972;2021-07-14;133;64;63454;50628;17.7;14.1
972;2021-07-15;1604;680;65058;51308;18.1;14.3
972;2021-07-16;1638;658;66696;51966;18.6;14.5
972;2021-07-17;1096;368;67792;52334;18.9;14.6
972;2021-07-18;56;39;67848;52373;18.9;14.6
972;2021-07-19;1144;654;68992;53027;19.2;14.8
972;2021-07-20;1131;578;70123;53605;19.5;14.9
972;2021-07-21;1093;597;71216;54202;19.9;15.1
972;2021-07-22;905;519;72121;54721;20.1;15.3
972;2021-07-23;963;481;73084;55202;20.4;15.4
972;2021-07-24;505;223;73589;55425;20.5;15.4
972;2021-07-25;51;63;73640;55488;20.5;15.5
972;2021-07-26;685;521;74325;56009;20.7;15.6
972;2021-07-27;1027;513;75352;56522;21.0;15.8
972;2021-07-28;636;562;75988;57084;21.2;15.9
972;2021-07-29;838;546;76826;57630;21.4;16.1
972;2021-07-30;901;616;77727;58246;21.7;16.2
972;2021-07-31;559;274;78286;58520;21.8;16.3
972;2021-08-01;82;33;78368;58553;21.8;16.3
972;2021-08-02;811;813;79179;59366;22.1;16.5
972;2021-08-03;730;740;79909;60106;22.3;16.8
972;2021-08-04;769;567;80678;60673;22.5;16.9
972;2021-08-05;911;588;81589;61261;22.7;17.1
972;2021-08-06;1187;893;82776;62154;23.1;17.3
972;2021-08-07;667;570;83443;62724;23.3;17.5
972;2021-08-08;85;83;83528;62807;23.3;17.5
972;2021-08-09;1123;1063;84651;63870;23.6;17.8
972;2021-08-10;1188;1041;85839;64911;23.9;18.1
972;2021-08-11;1231;921;87070;65832;24.3;18.4
972;2021-08-12;1445;931;88515;66763;24.7;18.6
972;2021-08-13;1279;637;89794;67400;25.0;18.8
972;2021-08-14;772;315;90566;67715;25.2;18.9
972;2021-08-15;70;55;90636;67770;25.3;18.9
972;2021-08-16;1265;1041;91901;68811;25.6;19.2
972;2021-08-17;1166;1186;93067;69997;25.9;19.5
972;2021-08-18;1227;1174;94294;71171;26.3;19.8
972;2021-08-19;1247;889;95541;72060;26.6;20.1
972;2021-08-20;1322;891;96863;72951;27.0;20.3
972;2021-08-21;756;622;97619;73573;27.2;20.5
972;2021-08-22;46;81;97665;73654;27.2;20.5
972;2021-08-23;1173;856;98838;74510;27.6;20.8
972;2021-08-24;1362;875;100200;75385;27.9;21.0
972;2021-08-25;1062;767;101262;76152;28.2;21.2
972;2021-08-26;1263;798;102525;76950;28.6;21.4
972;2021-08-27;1252;1075;103777;78025;28.9;21.7
972;2021-08-28;736;746;104513;78771;29.1;22.0
972;2021-08-29;95;63;104608;78834;29.2;22.0
972;2021-08-30;1081;1111;105689;79945;29.5;22.3
973;2020-12-27;0;0;0;0;0.0;0.0
973;2020-12-28;0;0;0;0;0.0;0.0
973;2020-12-29;0;0;0;0;0.0;0.0
973;2020-12-30;0;0;0;0;0.0;0.0
973;2020-12-31;0;0;0;0;0.0;0.0
973;2021-01-01;0;0;0;0;0.0;0.0
973;2021-01-02;1;1;1;1;0.0;0.0
973;2021-01-03;0;0;1;1;0.0;0.0
973;2021-01-04;0;0;1;1;0.0;0.0
973;2021-01-05;0;0;1;1;0.0;0.0
973;2021-01-06;0;0;1;1;0.0;0.0
973;2021-01-07;0;0;1;1;0.0;0.0
973;2021-01-08;0;0;1;1;0.0;0.0
973;2021-01-09;0;0;1;1;0.0;0.0
973;2021-01-10;0;0;1;1;0.0;0.0
973;2021-01-11;0;0;1;1;0.0;0.0
973;2021-01-12;0;0;1;1;0.0;0.0
973;2021-01-13;30;0;31;1;0.0;0.0
973;2021-01-14;46;0;77;1;0.0;0.0
973;2021-01-15;35;0;112;1;0.0;0.0
973;2021-01-16;18;1;130;2;0.0;0.0
973;2021-01-17;0;0;130;2;0.0;0.0
973;2021-01-18;63;0;193;2;0.1;0.0
973;2021-01-19;150;1;343;3;0.1;0.0
973;2021-01-20;134;0;477;3;0.2;0.0
973;2021-01-21;118;0;595;3;0.2;0.0
973;2021-01-22;76;0;671;3;0.2;0.0
973;2021-01-23;0;0;671;3;0.2;0.0
973;2021-01-24;0;0;671;3;0.2;0.0
973;2021-01-25;56;0;727;3;0.3;0.0
973;2021-01-26;100;2;827;5;0.3;0.0
973;2021-01-27;109;1;936;6;0.3;0.0
973;2021-01-28;96;3;1032;9;0.4;0.0
973;2021-01-29;104;3;1136;12;0.4;0.0
973;2021-01-30;0;0;1136;12;0.4;0.0
973;2021-01-31;0;0;1136;12;0.4;0.0
973;2021-02-01;54;0;1190;12;0.4;0.0
973;2021-02-02;122;4;1312;16;0.5;0.0
973;2021-02-03;119;7;1431;23;0.5;0.0
973;2021-02-04;79;25;1510;48;0.5;0.0
973;2021-02-05;66;8;1576;56;0.5;0.0
973;2021-02-06;0;0;1576;56;0.5;0.0
973;2021-02-07;0;0;1576;56;0.5;0.0
973;2021-02-08;52;12;1628;68;0.6;0.0
973;2021-02-09;92;39;1720;107;0.6;0.0
973;2021-02-10;101;41;1821;148;0.6;0.1
973;2021-02-11;105;93;1926;241;0.7;0.1
973;2021-02-12;89;63;2015;304;0.7;0.1
973;2021-02-13;0;0;2015;304;0.7;0.1
973;2021-02-14;0;0;2015;304;0.7;0.1
973;2021-02-15;27;64;2042;368;0.7;0.1
973;2021-02-16;123;52;2165;420;0.7;0.1
973;2021-02-17;145;118;2310;538;0.8;0.2
973;2021-02-18;103;138;2413;676;0.8;0.2
973;2021-02-19;122;72;2535;748;0.9;0.3
973;2021-02-20;0;0;2535;748;0.9;0.3
973;2021-02-21;0;0;2535;748;0.9;0.3
973;2021-02-22;78;48;2613;796;0.9;0.3
973;2021-02-23;158;102;2771;898;1.0;0.3
973;2021-02-24;190;123;2961;1021;1.0;0.4
973;2021-02-25;259;92;3220;1113;1.1;0.4
973;2021-02-26;264;69;3484;1182;1.2;0.4
973;2021-02-27;120;1;3604;1183;1.2;0.4
973;2021-02-28;0;0;3604;1183;1.2;0.4
973;2021-03-01;182;87;3786;1270;1.3;0.4
973;2021-03-02;256;107;4042;1377;1.4;0.5
973;2021-03-03;255;131;4297;1508;1.5;0.5
973;2021-03-04;281;84;4578;1592;1.6;0.5
973;2021-03-05;274;48;4852;1640;1.7;0.6
973;2021-03-06;118;2;4970;1642;1.7;0.6
973;2021-03-07;0;0;4970;1642;1.7;0.6
973;2021-03-08;188;41;5158;1683;1.8;0.6
973;2021-03-09;351;93;5509;1776;1.9;0.6
973;2021-03-10;359;105;5868;1881;2.0;0.6
973;2021-03-11;270;111;6138;1992;2.1;0.7
973;2021-03-12;288;92;6426;2084;2.2;0.7
973;2021-03-13;112;4;6538;2088;2.2;0.7
973;2021-03-14;0;0;6538;2088;2.2;0.7
973;2021-03-15;181;27;6719;2115;2.3;0.7
973;2021-03-16;243;139;6962;2254;2.4;0.8
973;2021-03-17;274;128;7236;2382;2.5;0.8
973;2021-03-18;249;155;7485;2537;2.6;0.9
973;2021-03-19;283;129;7768;2666;2.7;0.9
973;2021-03-20;259;18;8027;2684;2.8;0.9
973;2021-03-21;119;2;8146;2686;2.8;0.9
973;2021-03-22;219;109;8365;2795;2.9;1.0
973;2021-03-23;275;194;8640;2989;3.0;1.0
973;2021-03-24;235;215;8875;3204;3.1;1.1
973;2021-03-25;168;180;9043;3384;3.1;1.2
973;2021-03-26;190;307;9233;3691;3.2;1.3
973;2021-03-27;58;94;9291;3785;3.2;1.3
973;2021-03-28;0;0;9291;3785;3.2;1.3
973;2021-03-29;175;247;9466;4032;3.3;1.4
973;2021-03-30;445;237;9911;4269;3.4;1.5
973;2021-03-31;319;293;10230;4562;3.5;1.6
973;2021-04-01;446;260;10676;4822;3.7;1.7
973;2021-04-02;307;278;10983;5100;3.8;1.8
973;2021-04-03;153;121;11136;5221;3.8;1.8
973;2021-04-04;1;0;11137;5221;3.8;1.8
973;2021-04-05;118;14;11255;5235;3.9;1.8
973;2021-04-06;438;335;11693;5570;4.0;1.9
973;2021-04-07;503;345;12196;5915;4.2;2.0
973;2021-04-08;514;269;12710;6184;4.4;2.1
973;2021-04-09;497;226;13207;6410;4.5;2.2
973;2021-04-10;146;90;13353;6500;4.6;2.2
973;2021-04-11;2;0;13355;6500;4.6;2.2
973;2021-04-12;551;268;13906;6768;4.8;2.3
973;2021-04-13;673;244;14579;7012;5.0;2.4
973;2021-04-14;721;314;15300;7326;5.3;2.5
973;2021-04-15;777;247;16077;7573;5.5;2.6
973;2021-04-16;760;302;16837;7875;5.8;2.7
973;2021-04-17;499;136;17336;8011;6.0;2.8
973;2021-04-18;499;46;17835;8057;6.1;2.8
973;2021-04-19;715;252;18550;8309;6.4;2.9
973;2021-04-20;607;280;19157;8589;6.6;3.0
973;2021-04-21;874;251;20031;8840;6.9;3.0
973;2021-04-22;727;231;20758;9071;7.1;3.1
973;2021-04-23;705;231;21463;9302;7.4;3.2
973;2021-04-24;524;97;21987;9399;7.6;3.2
973;2021-04-25;611;50;22598;9449;7.8;3.3
973;2021-04-26;780;232;23378;9681;8.0;3.3
973;2021-04-27;819;344;24197;10025;8.3;3.4
973;2021-04-28;746;332;24943;10357;8.6;3.6
973;2021-04-29;665;285;25608;10642;8.8;3.7
973;2021-04-30;710;260;26318;10902;9.1;3.8
973;2021-05-01;211;27;26529;10929;9.1;3.8
973;2021-05-02;602;85;27131;11014;9.3;3.8
973;2021-05-03;556;391;27687;11405;9.5;3.9
973;2021-05-04;665;326;28352;11731;9.8;4.0
973;2021-05-05;701;451;29053;12182;10.0;4.2
973;2021-05-06;694;476;29747;12658;10.2;4.4
973;2021-05-07;595;473;30342;13131;10.4;4.5
973;2021-05-08;343;59;30685;13190;10.6;4.5
973;2021-05-09;263;72;30948;13262;10.6;4.6
973;2021-05-10;439;612;31387;13874;10.8;4.8
973;2021-05-11;398;497;31785;14371;10.9;4.9
973;2021-05-12;513;647;32298;15018;11.1;5.2
973;2021-05-13;334;99;32632;15117;11.2;5.2
973;2021-05-14;486;555;33118;15672;11.4;5.4
973;2021-05-15;258;348;33376;16020;11.5;5.5
973;2021-05-16;207;210;33583;16230;11.6;5.6
973;2021-05-17;447;599;34030;16829;11.7;5.8
973;2021-05-18;563;568;34593;17397;11.9;6.0
973;2021-05-19;534;553;35127;17950;12.1;6.2
973;2021-05-20;643;452;35770;18402;12.3;6.3
973;2021-05-21;502;609;36272;19011;12.5;6.5
973;2021-05-22;167;500;36439;19511;12.5;6.7
973;2021-05-23;271;474;36710;19985;12.6;6.9
973;2021-05-24;562;248;37272;20233;12.8;7.0
973;2021-05-25;500;744;37772;20977;13.0;7.2
973;2021-05-26;452;683;38224;21660;13.1;7.5
973;2021-05-27;707;526;38931;22186;13.4;7.6
973;2021-05-28;580;553;39511;22739;13.6;7.8
973;2021-05-29;258;360;39769;23099;13.7;7.9
973;2021-05-30;151;399;39920;23498;13.7;8.1
973;2021-05-31;356;574;40276;24072;13.9;8.3
973;2021-06-01;421;467;40697;24539;14.0;8.4
973;2021-06-02;564;555;41261;25094;14.2;8.6
973;2021-06-03;526;470;41787;25564;14.4;8.8
973;2021-06-04;601;495;42388;26059;14.6;9.0
973;2021-06-05;273;292;42661;26351;14.7;9.1
973;2021-06-06;211;301;42872;26652;14.7;9.2
973;2021-06-07;488;452;43360;27104;14.9;9.3
973;2021-06-08;547;314;43907;27418;15.1;9.4
973;2021-06-09;520;389;44427;27807;15.3;9.6
973;2021-06-10;357;291;44784;28098;15.4;9.7
973;2021-06-11;434;467;45218;28565;15.6;9.8
973;2021-06-12;170;283;45388;28848;15.6;9.9
973;2021-06-13;214;268;45602;29116;15.7;10.0
973;2021-06-14;377;549;45979;29665;15.8;10.2
973;2021-06-15;376;445;46355;30110;15.9;10.4
973;2021-06-16;487;459;46842;30569;16.1;10.5
973;2021-06-17;437;579;47279;31148;16.3;10.7
973;2021-06-18;394;562;47673;31710;16.4;10.9
973;2021-06-19;235;260;47908;31970;16.5;11.0
973;2021-06-20;127;270;48035;32240;16.5;11.1
973;2021-06-21;331;603;48366;32843;16.6;11.3
973;2021-06-22;371;463;48737;33306;16.8;11.5
973;2021-06-23;344;539;49081;33845;16.9;11.6
973;2021-06-24;443;500;49524;34345;17.0;11.8
973;2021-06-25;444;557;49968;34902;17.2;12.0
973;2021-06-26;172;320;50140;35222;17.2;12.1
973;2021-06-27;121;170;50261;35392;17.3;12.2
973;2021-06-28;316;593;50577;35985;17.4;12.4
973;2021-06-29;379;507;50956;36492;17.5;12.6
973;2021-06-30;411;680;51367;37172;17.7;12.8
973;2021-07-01;424;399;51791;37571;17.8;12.9
973;2021-07-02;503;524;52294;38095;18.0;13.1
973;2021-07-03;209;274;52503;38369;18.1;13.2
973;2021-07-04;86;243;52589;38612;18.1;13.3
973;2021-07-05;360;547;52949;39159;18.2;13.5
973;2021-07-06;349;473;53298;39632;18.3;13.6
973;2021-07-07;361;415;53659;40047;18.5;13.8
973;2021-07-08;298;329;53957;40376;18.6;13.9
973;2021-07-09;389;435;54346;40811;18.7;14.0
973;2021-07-10;167;277;54513;41088;18.8;14.1
973;2021-07-11;102;163;54615;41251;18.8;14.2
973;2021-07-12;400;497;55015;41748;18.9;14.4
973;2021-07-13;668;559;55683;42307;19.2;14.6
973;2021-07-14;389;161;56072;42468;19.3;14.6
973;2021-07-15;648;527;56720;42995;19.5;14.8
973;2021-07-16;592;486;57312;43481;19.7;15.0
973;2021-07-17;345;284;57657;43765;19.8;15.1
973;2021-07-18;252;123;57909;43888;19.9;15.1
973;2021-07-19;518;457;58427;44345;20.1;15.3
973;2021-07-20;557;493;58984;44838;20.3;15.4
973;2021-07-21;667;398;59651;45236;20.5;15.6
973;2021-07-22;653;451;60304;45687;20.7;15.7
973;2021-07-23;593;368;60897;46055;20.9;15.8
973;2021-07-24;327;240;61224;46295;21.1;15.9
973;2021-07-25;165;111;61389;46406;21.1;16.0
973;2021-07-26;442;345;61831;46751;21.3;16.1
973;2021-07-27;531;357;62362;47108;21.5;16.2
973;2021-07-28;442;371;62804;47479;21.6;16.3
973;2021-07-29;531;430;63335;47909;21.8;16.5
973;2021-07-30;506;407;63841;48316;22.0;16.6
973;2021-07-31;204;163;64045;48479;22.0;16.7
973;2021-08-01;139;132;64184;48611;22.1;16.7
973;2021-08-02;391;431;64575;49042;22.2;16.9
973;2021-08-03;423;402;64998;49444;22.4;17.0
973;2021-08-04;305;372;65303;49816;22.5;17.1
973;2021-08-05;335;359;65638;50175;22.6;17.3
973;2021-08-06;360;522;65998;50697;22.7;17.4
973;2021-08-07;163;267;66161;50964;22.8;17.5
973;2021-08-08;116;177;66277;51141;22.8;17.6
973;2021-08-09;328;473;66605;51614;22.9;17.8
973;2021-08-10;354;514;66959;52128;23.0;17.9
973;2021-08-11;519;510;67478;52638;23.2;18.1
973;2021-08-12;529;580;68007;53218;23.4;18.3
973;2021-08-13;350;234;68357;53452;23.5;18.4
973;2021-08-14;254;401;68611;53853;23.6;18.5
973;2021-08-15;121;139;68732;53992;23.6;18.6
973;2021-08-16;303;470;69035;54462;23.7;18.7
973;2021-08-17;351;396;69386;54858;23.9;18.9
973;2021-08-18;293;440;69679;55298;24.0;19.0
973;2021-08-19;317;478;69996;55776;24.1;19.2
973;2021-08-20;305;401;70301;56177;24.2;19.3
973;2021-08-21;159;256;70460;56433;24.2;19.4
973;2021-08-22;114;183;70574;56616;24.3;19.5
973;2021-08-23;279;380;70853;56996;24.4;19.6
973;2021-08-24;307;465;71160;57461;24.5;19.8
973;2021-08-25;274;342;71434;57803;24.6;19.9
973;2021-08-26;308;399;71742;58202;24.7;20.0
973;2021-08-27;348;425;72090;58627;24.8;20.2
973;2021-08-28;140;265;72230;58892;24.8;20.3
973;2021-08-29;83;184;72313;59076;24.9;20.3
973;2021-08-30;186;334;72499;59410;24.9;20.4
974;2020-12-27;0;0;0;0;0.0;0.0
974;2020-12-28;0;0;0;0;0.0;0.0
974;2020-12-29;0;0;0;0;0.0;0.0
974;2020-12-30;0;0;0;0;0.0;0.0
974;2020-12-31;0;0;0;0;0.0;0.0
974;2021-01-01;1;0;1;0;0.0;0.0
974;2021-01-02;0;0;1;0;0.0;0.0
974;2021-01-03;0;0;1;0;0.0;0.0
974;2021-01-04;0;0;1;0;0.0;0.0
974;2021-01-05;2;0;3;0;0.0;0.0
974;2021-01-06;0;0;3;0;0.0;0.0
974;2021-01-07;0;0;3;0;0.0;0.0
974;2021-01-08;0;0;3;0;0.0;0.0
974;2021-01-09;1;0;4;0;0.0;0.0
974;2021-01-10;0;0;4;0;0.0;0.0
974;2021-01-11;0;0;4;0;0.0;0.0
974;2021-01-12;0;0;4;0;0.0;0.0
974;2021-01-13;0;0;4;0;0.0;0.0
974;2021-01-14;0;0;4;0;0.0;0.0
974;2021-01-15;333;0;337;0;0.0;0.0
974;2021-01-16;27;0;364;0;0.0;0.0
974;2021-01-17;0;0;364;0;0.0;0.0
974;2021-01-18;49;1;413;1;0.0;0.0
974;2021-01-19;394;0;807;1;0.1;0.0
974;2021-01-20;482;1;1289;2;0.1;0.0
974;2021-01-21;614;2;1903;4;0.2;0.0
974;2021-01-22;414;1;2317;5;0.3;0.0
974;2021-01-23;75;0;2392;5;0.3;0.0
974;2021-01-24;0;0;2392;5;0.3;0.0
974;2021-01-25;273;2;2665;7;0.3;0.0
974;2021-01-26;429;0;3094;7;0.4;0.0
974;2021-01-27;316;0;3410;7;0.4;0.0
974;2021-01-28;409;0;3819;7;0.4;0.0
974;2021-01-29;422;3;4241;10;0.5;0.0
974;2021-01-30;421;1;4662;11;0.5;0.0
974;2021-01-31;0;0;4662;11;0.5;0.0
974;2021-02-01;373;4;5035;15;0.6;0.0
974;2021-02-02;500;4;5535;19;0.6;0.0
974;2021-02-03;602;14;6137;33;0.7;0.0
974;2021-02-04;629;21;6766;54;0.8;0.0
974;2021-02-05;564;97;7330;151;0.9;0.0
974;2021-02-06;501;5;7831;156;0.9;0.0
974;2021-02-07;0;8;7831;164;0.9;0.0
974;2021-02-08;470;34;8301;198;1.0;0.0
974;2021-02-09;787;93;9088;291;1.1;0.0
974;2021-02-10;820;87;9908;378;1.2;0.0
974;2021-02-11;796;88;10704;466;1.2;0.1
974;2021-02-12;638;93;11342;559;1.3;0.1
974;2021-02-13;653;75;11995;634;1.4;0.1
974;2021-02-14;1;0;11996;634;1.4;0.1
974;2021-02-15;526;127;12522;761;1.5;0.1
974;2021-02-16;651;533;13173;1294;1.5;0.2
974;2021-02-17;592;325;13765;1619;1.6;0.2
974;2021-02-18;494;406;14259;2025;1.7;0.2
974;2021-02-19;497;318;14756;2343;1.7;0.3
974;2021-02-20;577;117;15333;2460;1.8;0.3
974;2021-02-21;0;0;15333;2460;1.8;0.3
974;2021-02-22;403;236;15736;2696;1.8;0.3
974;2021-02-23;607;238;16343;2934;1.9;0.3
974;2021-02-24;584;251;16927;3185;2.0;0.4
974;2021-02-25;649;296;17576;3481;2.0;0.4
974;2021-02-26;485;466;18061;3947;2.1;0.5
974;2021-02-27;384;466;18445;4413;2.1;0.5
974;2021-02-28;0;0;18445;4413;2.1;0.5
974;2021-03-01;293;384;18738;4797;2.2;0.6
974;2021-03-02;486;500;19224;5297;2.2;0.6
974;2021-03-03;757;537;19981;5834;2.3;0.7
974;2021-03-04;777;492;20758;6326;2.4;0.7
974;2021-03-05;729;522;21487;6848;2.5;0.8
974;2021-03-06;812;524;22299;7372;2.6;0.9
974;2021-03-07;0;0;22299;7372;2.6;0.9
974;2021-03-08;436;553;22735;7925;2.6;0.9
974;2021-03-09;671;770;23406;8695;2.7;1.0
974;2021-03-10;643;835;24049;9530;2.8;1.1
974;2021-03-11;701;626;24750;10156;2.9;1.2
974;2021-03-12;731;654;25481;10810;3.0;1.3
974;2021-03-13;669;600;26150;11410;3.0;1.3
974;2021-03-14;2;0;26152;11410;3.0;1.3
974;2021-03-15;509;492;26661;11902;3.1;1.4
974;2021-03-16;681;690;27342;12592;3.2;1.5
974;2021-03-17;848;520;28190;13112;3.3;1.5
974;2021-03-18;1021;504;29211;13616;3.4;1.6
974;2021-03-19;786;528;29997;14144;3.5;1.6
974;2021-03-20;578;592;30575;14736;3.6;1.7
974;2021-03-21;0;0;30575;14736;3.6;1.7
974;2021-03-22;566;467;31141;15203;3.6;1.8
974;2021-03-23;780;636;31921;15839;3.7;1.8
974;2021-03-24;792;643;32713;16482;3.8;1.9
974;2021-03-25;933;539;33646;17021;3.9;2.0
974;2021-03-26;922;451;34568;17472;4.0;2.0
974;2021-03-27;782;336;35350;17808;4.1;2.1
974;2021-03-28;1;0;35351;17808;4.1;2.1
974;2021-03-29;961;270;36312;18078;4.2;2.1
974;2021-03-30;884;495;37196;18573;4.3;2.2
974;2021-03-31;739;660;37935;19233;4.4;2.2
974;2021-04-01;718;705;38653;19938;4.5;2.3
974;2021-04-02;688;756;39341;20694;4.6;2.4
974;2021-04-03;699;698;40040;21392;4.7;2.5
974;2021-04-04;0;0;40040;21392;4.7;2.5
974;2021-04-05;0;0;40040;21392;4.7;2.5
974;2021-04-06;796;635;40836;22027;4.7;2.6
974;2021-04-07;1368;782;42204;22809;4.9;2.7
974;2021-04-08;1792;769;43996;23578;5.1;2.7
974;2021-04-09;1509;775;45505;24353;5.3;2.8
974;2021-04-10;1137;646;46642;24999;5.4;2.9
974;2021-04-11;2;0;46644;24999;5.4;2.9
974;2021-04-12;1238;546;47882;25545;5.6;3.0
974;2021-04-13;1439;751;49321;26296;5.7;3.1
974;2021-04-14;2070;765;51391;27061;6.0;3.1
974;2021-04-15;2506;954;53897;28015;6.3;3.3
974;2021-04-16;1935;783;55832;28798;6.5;3.3
974;2021-04-17;1290;603;57122;29401;6.6;3.4
974;2021-04-18;0;0;57122;29401;6.6;3.4
974;2021-04-19;1374;563;58496;29964;6.8;3.5
974;2021-04-20;1651;805;60147;30769;7.0;3.6
974;2021-04-21;2126;626;62273;31395;7.2;3.7
974;2021-04-22;2953;821;65226;32216;7.6;3.7
974;2021-04-23;2312;818;67538;33034;7.9;3.8
974;2021-04-24;1110;804;68648;33838;8.0;3.9
974;2021-04-25;3;0;68651;33838;8.0;3.9
974;2021-04-26;1173;913;69824;34751;8.1;4.0
974;2021-04-27;1686;1027;71510;35778;8.3;4.2
974;2021-04-28;2900;750;74410;36528;8.7;4.2
974;2021-04-29;3950;816;78360;37344;9.1;4.3
974;2021-04-30;3448;905;81808;38249;9.5;4.4
974;2021-05-01;2106;226;83914;38475;9.8;4.5
974;2021-05-02;1;0;83915;38475;9.8;4.5
974;2021-05-03;1865;575;85780;39050;10.0;4.5
974;2021-05-04;2127;1094;87907;40144;10.2;4.7
974;2021-05-05;3121;1644;91028;41788;10.6;4.9
974;2021-05-06;4004;1586;95032;43374;11.1;5.0
974;2021-05-07;3229;1524;98261;44898;11.4;5.2
974;2021-05-08;1575;503;99836;45401;11.6;5.3
974;2021-05-09;2;1;99838;45402;11.6;5.3
974;2021-05-10;2413;1000;102251;46402;11.9;5.4
974;2021-05-11;3652;1640;105903;48042;12.3;5.6
974;2021-05-12;4724;2405;110627;50447;12.9;5.9
974;2021-05-13;3556;598;114183;51045;13.3;5.9
974;2021-05-14;5277;2515;119460;53560;13.9;6.2
974;2021-05-15;3158;1536;122618;55096;14.3;6.4
974;2021-05-16;16;19;122634;55115;14.3;6.4
974;2021-05-17;2998;1498;125632;56613;14.6;6.6
974;2021-05-18;3765;1801;129397;58414;15.0;6.8
974;2021-05-19;4692;2434;134089;60848;15.6;7.1
974;2021-05-20;5139;2853;139228;63701;16.2;7.4
974;2021-05-21;4995;2633;144223;66334;16.8;7.7
974;2021-05-22;3371;1256;147594;67590;17.2;7.9
974;2021-05-23;5;3;147599;67593;17.2;7.9
974;2021-05-24;3644;1078;151243;68671;17.6;8.0
974;2021-05-25;4247;1913;155490;70584;18.1;8.2
974;2021-05-26;4992;2993;160482;73577;18.7;8.6
974;2021-05-27;4620;4099;165102;77676;19.2;9.0
974;2021-05-28;4386;3835;169488;81511;19.7;9.5
974;2021-05-29;2555;2455;172043;83966;20.0;9.8
974;2021-05-30;8;14;172051;83980;20.0;9.8
974;2021-05-31;2348;2254;174399;86234;20.3;10.0
974;2021-06-01;3302;2760;177701;88994;20.7;10.3
974;2021-06-02;3971;3364;181672;92358;21.1;10.7
974;2021-06-03;4044;3649;185716;96007;21.6;11.2
974;2021-06-04;3850;3757;189566;99764;22.0;11.6
974;2021-06-05;2214;1925;191780;101689;22.3;11.8
974;2021-06-06;1073;134;192853;101823;22.4;11.8
974;2021-06-07;2013;2527;194866;104350;22.7;12.1
974;2021-06-08;2558;3338;197424;107688;23.0;12.5
974;2021-06-09;2984;4838;200408;112526;23.3;13.1
974;2021-06-10;3413;4465;203821;116991;23.7;13.6
974;2021-06-11;2842;4622;206663;121613;24.0;14.1
974;2021-06-12;1727;3379;208390;124992;24.2;14.5
974;2021-06-13;1324;246;209714;125238;24.4;14.6
974;2021-06-14;1490;3183;211204;128421;24.6;14.9
974;2021-06-15;2059;3614;213263;132035;24.8;15.4
974;2021-06-16;2752;4656;216015;136691;25.1;15.9
974;2021-06-17;2522;4895;218537;141586;25.4;16.5
974;2021-06-18;2598;4891;221135;146477;25.7;17.0
974;2021-06-19;1304;3517;222439;149994;25.9;17.4
974;2021-06-20;632;289;223071;150283;25.9;17.5
974;2021-06-21;1265;3234;224336;153517;26.1;17.9
974;2021-06-22;1623;3763;225959;157280;26.3;18.3
974;2021-06-23;2258;4995;228217;162275;26.5;18.9
974;2021-06-24;2283;4069;230500;166344;26.8;19.3
974;2021-06-25;2188;4105;232688;170449;27.1;19.8
974;2021-06-26;1401;2710;234089;173159;27.2;20.1
974;2021-06-27;665;268;234754;173427;27.3;20.2
974;2021-06-28;1306;2478;236060;175905;27.5;20.5
974;2021-06-29;1758;2847;237818;178752;27.7;20.8
974;2021-06-30;2563;3846;240381;182598;28.0;21.2
974;2021-07-01;2699;3826;243080;186424;28.3;21.7
974;2021-07-02;2513;3716;245593;190140;28.6;22.1
974;2021-07-03;1614;2460;247207;192600;28.7;22.4
974;2021-07-04;881;1039;248088;193639;28.8;22.5
974;2021-07-05;1696;2222;249784;195861;29.0;22.8
974;2021-07-06;2575;2542;252359;198403;29.3;23.1
974;2021-07-07;2663;3135;255022;201538;29.7;23.4
974;2021-07-08;2416;3173;257438;204711;29.9;23.8
974;2021-07-09;2762;3427;260200;208138;30.3;24.2
974;2021-07-10;1619;2192;261819;210330;30.4;24.5
974;2021-07-11;729;1016;262548;211346;30.5;24.6
974;2021-07-12;1747;2603;264295;213949;30.7;24.9
974;2021-07-13;4430;3340;268725;217289;31.2;25.3
974;2021-07-14;3295;605;272020;217894;31.6;25.3
974;2021-07-15;5557;4016;277577;221910;32.3;25.8
974;2021-07-16;6237;3297;283814;225207;33.0;26.2
974;2021-07-17;4374;1912;288188;227119;33.5;26.4
974;2021-07-18;2673;764;290861;227883;33.8;26.5
974;2021-07-19;4650;2030;295511;229913;34.4;26.7
974;2021-07-20;6232;2426;301743;232339;35.1;27.0
974;2021-07-21;6741;2855;308484;235194;35.9;27.3
974;2021-07-22;7141;2812;315625;238006;36.7;27.7
974;2021-07-23;6638;2980;322263;240986;37.5;28.0
974;2021-07-24;3800;2060;326063;243046;37.9;28.3
974;2021-07-25;2521;756;328584;243802;38.2;28.4
974;2021-07-26;4374;2090;332958;245892;38.7;28.6
974;2021-07-27;5437;2559;338395;248451;39.4;28.9
974;2021-07-28;5391;2903;343786;251354;40.0;29.2
974;2021-07-29;5742;2804;349528;254158;40.6;29.6
974;2021-07-30;5870;2576;355398;256734;41.3;29.9
974;2021-07-31;3939;1643;359337;258377;41.8;30.0
974;2021-08-01;1899;713;361236;259090;42.0;30.1
974;2021-08-02;3393;1868;364629;260958;42.4;30.3
974;2021-08-03;4289;4077;368918;265035;42.9;30.8
974;2021-08-04;4863;4228;373781;269263;43.5;31.3
974;2021-08-05;4427;4675;378208;273938;44.0;31.9
974;2021-08-06;4069;5098;382277;279036;44.5;32.4
974;2021-08-07;2743;4041;385020;283077;44.8;32.9
974;2021-08-08;1476;2263;386496;285340;44.9;33.2
974;2021-08-09;2559;4526;389055;289866;45.2;33.7
974;2021-08-10;3750;4965;392805;294831;45.7;34.3
974;2021-08-11;4580;5434;397385;300265;46.2;34.9
974;2021-08-12;4682;5923;402067;306188;46.8;35.6
974;2021-08-13;4440;5834;406507;312022;47.3;36.3
974;2021-08-14;2569;4326;409076;316348;47.6;36.8
974;2021-08-15;1566;2177;410642;318525;47.8;37.0
974;2021-08-16;2329;4176;412971;322701;48.0;37.5
974;2021-08-17;3136;4530;416107;327231;48.4;38.1
974;2021-08-18;3307;5894;419414;333125;48.8;38.7
974;2021-08-19;3270;4894;422684;338019;49.2;39.3
974;2021-08-20;3408;5269;426092;343288;49.5;39.9
974;2021-08-21;1803;4618;427895;347906;49.8;40.5
974;2021-08-22;1016;1941;428911;349847;49.9;40.7
974;2021-08-23;1790;3325;430701;353172;50.1;41.1
974;2021-08-24;2427;3769;433128;356941;50.4;41.5
974;2021-08-25;2856;5192;435984;362133;50.7;42.1
974;2021-08-26;2651;3860;438635;365993;51.0;42.6
974;2021-08-27;2748;3990;441383;369983;51.3;43.0
974;2021-08-28;1819;3864;443202;373847;51.5;43.5
974;2021-08-29;735;1573;443937;375420;51.6;43.7
974;2021-08-30;1538;2530;445475;377950;51.8;43.9
975;2020-12-27;0;0;0;0;0.0;0.0
975;2020-12-28;0;0;0;0;0.0;0.0
975;2020-12-29;0;0;0;0;0.0;0.0
975;2020-12-30;0;0;0;0;0.0;0.0
975;2020-12-31;0;0;0;0;0.0;0.0
975;2021-01-01;0;0;0;0;0.0;0.0
975;2021-01-02;0;0;0;0;0.0;0.0
975;2021-01-03;0;0;0;0;0.0;0.0
975;2021-01-04;0;0;0;0;0.0;0.0
975;2021-01-05;0;0;0;0;0.0;0.0
975;2021-01-06;0;0;0;0;0.0;0.0
975;2021-01-07;0;0;0;0;0.0;0.0
975;2021-01-08;0;0;0;0;0.0;0.0
975;2021-01-09;0;0;0;0;0.0;0.0
975;2021-01-10;0;0;0;0;0.0;0.0
975;2021-01-11;0;0;0;0;0.0;0.0
975;2021-01-12;0;0;0;0;0.0;0.0
975;2021-01-13;0;0;0;0;0.0;0.0
975;2021-01-14;0;0;0;0;0.0;0.0
975;2021-01-15;0;0;0;0;0.0;0.0
975;2021-01-16;0;0;0;0;0.0;0.0
975;2021-01-17;0;0;0;0;0.0;0.0
975;2021-01-18;0;0;0;0;0.0;0.0
975;2021-01-19;0;0;0;0;0.0;0.0
975;2021-01-20;0;0;0;0;0.0;0.0
975;2021-01-21;0;0;0;0;0.0;0.0
975;2021-01-22;0;0;0;0;0.0;0.0
975;2021-01-23;0;0;0;0;0.0;0.0
975;2021-01-24;0;0;0;0;0.0;0.0
975;2021-01-25;0;0;0;0;0.0;0.0
975;2021-01-26;0;0;0;0;0.0;0.0
975;2021-01-27;0;0;0;0;0.0;0.0
975;2021-01-28;0;0;0;0;0.0;0.0
975;2021-01-29;0;0;0;0;0.0;0.0
975;2021-01-30;0;0;0;0;0.0;0.0
975;2021-01-31;0;0;0;0;0.0;0.0
975;2021-02-01;0;0;0;0;0.0;0.0
975;2021-02-02;0;0;0;0;0.0;0.0
975;2021-02-03;0;0;0;0;0.0;0.0
975;2021-02-04;0;0;0;0;0.0;0.0
975;2021-02-05;0;0;0;0;0.0;0.0
975;2021-02-06;0;0;0;0;0.0;0.0
975;2021-02-07;0;0;0;0;0.0;0.0
975;2021-02-08;0;0;0;0;0.0;0.0
975;2021-02-09;0;0;0;0;0.0;0.0
975;2021-02-10;0;0;0;0;0.0;0.0
975;2021-02-11;0;0;0;0;0.0;0.0
975;2021-02-12;0;0;0;0;0.0;0.0
975;2021-02-13;0;0;0;0;0.0;0.0
975;2021-02-14;0;0;0;0;0.0;0.0
975;2021-02-15;0;0;0;0;0.0;0.0
975;2021-02-16;0;0;0;0;0.0;0.0
975;2021-02-17;0;0;0;0;0.0;0.0
975;2021-02-18;0;0;0;0;0.0;0.0
975;2021-02-19;0;0;0;0;0.0;0.0
975;2021-02-20;0;0;0;0;0.0;0.0
975;2021-02-21;0;0;0;0;0.0;0.0
975;2021-02-22;0;0;0;0;0.0;0.0
975;2021-02-23;0;0;0;0;0.0;0.0
975;2021-02-24;0;0;0;0;0.0;0.0
975;2021-02-25;0;0;0;0;0.0;0.0
975;2021-02-26;0;0;0;0;0.0;0.0
975;2021-02-27;0;0;0;0;0.0;0.0
975;2021-02-28;0;0;0;0;0.0;0.0
975;2021-03-01;0;0;0;0;0.0;0.0
975;2021-03-02;0;0;0;0;0.0;0.0
975;2021-03-03;0;0;0;0;0.0;0.0
975;2021-03-04;0;0;0;0;0.0;0.0
975;2021-03-05;0;0;0;0;0.0;0.0
975;2021-03-06;0;0;0;0;0.0;0.0
975;2021-03-07;0;0;0;0;0.0;0.0
975;2021-03-08;0;0;0;0;0.0;0.0
975;2021-03-09;0;0;0;0;0.0;0.0
975;2021-03-10;0;0;0;0;0.0;0.0
975;2021-03-11;0;0;0;0;0.0;0.0
975;2021-03-12;0;0;0;0;0.0;0.0
975;2021-03-13;0;0;0;0;0.0;0.0
975;2021-03-14;0;0;0;0;0.0;0.0
975;2021-03-15;0;0;0;0;0.0;0.0
975;2021-03-16;0;0;0;0;0.0;0.0
975;2021-03-17;0;0;0;0;0.0;0.0
975;2021-03-18;0;0;0;0;0.0;0.0
975;2021-03-19;0;0;0;0;0.0;0.0
975;2021-03-20;0;0;0;0;0.0;0.0
975;2021-03-21;0;0;0;0;0.0;0.0
975;2021-03-22;0;0;0;0;0.0;0.0
975;2021-03-23;0;0;0;0;0.0;0.0
975;2021-03-24;0;0;0;0;0.0;0.0
975;2021-03-25;0;0;0;0;0.0;0.0
975;2021-03-26;0;0;0;0;0.0;0.0
975;2021-03-27;0;0;0;0;0.0;0.0
975;2021-03-28;0;0;0;0;0.0;0.0
975;2021-03-29;2;0;2;0;0.0;0.0
975;2021-03-30;0;0;2;0;0.0;0.0
975;2021-03-31;0;0;2;0;0.0;0.0
975;2021-04-01;0;0;2;0;0.0;0.0
975;2021-04-02;0;0;2;0;0.0;0.0
975;2021-04-03;0;0;2;0;0.0;0.0
975;2021-04-04;0;0;2;0;0.0;0.0
975;2021-04-05;0;0;2;0;0.0;0.0
975;2021-04-06;0;0;2;0;0.0;0.0
975;2021-04-07;0;0;2;0;0.0;0.0
975;2021-04-08;1;0;3;0;0.1;0.0
975;2021-04-09;0;0;3;0;0.1;0.0
975;2021-04-10;0;0;3;0;0.1;0.0
975;2021-04-11;0;0;3;0;0.1;0.0
975;2021-04-12;0;0;3;0;0.1;0.0
975;2021-04-13;0;0;3;0;0.1;0.0
975;2021-04-14;0;0;3;0;0.1;0.0
975;2021-04-15;0;0;3;0;0.1;0.0
975;2021-04-16;0;0;3;0;0.1;0.0
975;2021-04-17;0;0;3;0;0.1;0.0
975;2021-04-18;0;0;3;0;0.1;0.0
975;2021-04-19;0;0;3;0;0.1;0.0
975;2021-04-20;0;0;3;0;0.1;0.0
975;2021-04-21;0;0;3;0;0.1;0.0
975;2021-04-22;0;0;3;0;0.1;0.0
975;2021-04-23;0;0;3;0;0.1;0.0
975;2021-04-24;0;0;3;0;0.1;0.0
975;2021-04-25;0;0;3;0;0.1;0.0
975;2021-04-26;0;0;3;0;0.1;0.0
975;2021-04-27;0;0;3;0;0.1;0.0
975;2021-04-28;0;0;3;0;0.1;0.0
975;2021-04-29;0;0;3;0;0.1;0.0
975;2021-04-30;0;0;3;0;0.1;0.0
975;2021-05-01;0;0;3;0;0.1;0.0
975;2021-05-02;0;0;3;0;0.1;0.0
975;2021-05-03;0;0;3;0;0.1;0.0
975;2021-05-04;0;0;3;0;0.1;0.0
975;2021-05-05;0;0;3;0;0.1;0.0
975;2021-05-06;0;0;3;0;0.1;0.0
975;2021-05-07;0;0;3;0;0.1;0.0
975;2021-05-08;0;0;3;0;0.1;0.0
975;2021-05-09;0;0;3;0;0.1;0.0
975;2021-05-10;0;0;3;0;0.1;0.0
975;2021-05-11;0;0;3;0;0.1;0.0
975;2021-05-12;0;0;3;0;0.1;0.0
975;2021-05-13;0;0;3;0;0.1;0.0
975;2021-05-14;0;0;3;0;0.1;0.0
975;2021-05-15;0;0;3;0;0.1;0.0
975;2021-05-16;0;0;3;0;0.1;0.0
975;2021-05-17;0;0;3;0;0.1;0.0
975;2021-05-18;0;0;3;0;0.1;0.0
975;2021-05-19;0;0;3;0;0.1;0.0
975;2021-05-20;0;0;3;0;0.1;0.0
975;2021-05-21;0;0;3;0;0.1;0.0
975;2021-05-22;0;0;3;0;0.1;0.0
975;2021-05-23;0;0;3;0;0.1;0.0
975;2021-05-24;0;0;3;0;0.1;0.0
975;2021-05-25;0;0;3;0;0.1;0.0
975;2021-05-26;0;0;3;0;0.1;0.0
975;2021-05-27;0;0;3;0;0.1;0.0
975;2021-05-28;0;0;3;0;0.1;0.0
975;2021-05-29;0;2;3;2;0.1;0.0
975;2021-05-30;0;0;3;2;0.1;0.0
975;2021-05-31;0;0;3;2;0.1;0.0
975;2021-06-01;0;0;3;2;0.1;0.0
975;2021-06-02;0;0;3;2;0.1;0.0
975;2021-06-03;0;0;3;2;0.1;0.0
975;2021-06-04;0;0;3;2;0.1;0.0
975;2021-06-05;0;0;3;2;0.1;0.0
975;2021-06-06;0;0;3;2;0.1;0.0
975;2021-06-07;0;0;3;2;0.1;0.0
975;2021-06-08;0;0;3;2;0.1;0.0
975;2021-06-09;0;0;3;2;0.1;0.0
975;2021-06-10;0;0;3;2;0.1;0.0
975;2021-06-11;0;0;3;2;0.1;0.0
975;2021-06-12;0;0;3;2;0.1;0.0
975;2021-06-13;0;0;3;2;0.1;0.0
975;2021-06-14;0;0;3;2;0.1;0.0
975;2021-06-15;0;0;3;2;0.1;0.0
975;2021-06-16;0;0;3;2;0.1;0.0
975;2021-06-17;0;0;3;2;0.1;0.0
975;2021-06-18;0;0;3;2;0.1;0.0
975;2021-06-19;0;0;3;2;0.1;0.0
975;2021-06-20;0;0;3;2;0.1;0.0
975;2021-06-21;1;0;4;2;0.1;0.0
975;2021-06-22;0;0;4;2;0.1;0.0
975;2021-06-23;0;0;4;2;0.1;0.0
975;2021-06-24;0;0;4;2;0.1;0.0
975;2021-06-25;0;0;4;2;0.1;0.0
975;2021-06-26;0;0;4;2;0.1;0.0
975;2021-06-27;0;0;4;2;0.1;0.0
975;2021-06-28;0;0;4;2;0.1;0.0
975;2021-06-29;0;0;4;2;0.1;0.0
975;2021-06-30;0;0;4;2;0.1;0.0
975;2021-07-01;0;0;4;2;0.1;0.0
975;2021-07-02;0;0;4;2;0.1;0.0
975;2021-07-03;0;0;4;2;0.1;0.0
975;2021-07-04;0;0;4;2;0.1;0.0
975;2021-07-05;0;0;4;2;0.1;0.0
975;2021-07-06;1;0;5;2;0.1;0.0
975;2021-07-07;7;0;12;2;0.2;0.0
975;2021-07-08;0;0;12;2;0.2;0.0
975;2021-07-09;1;0;13;2;0.2;0.0
975;2021-07-10;0;0;13;2;0.2;0.0
975;2021-07-11;0;0;13;2;0.2;0.0
975;2021-07-12;1;0;14;2;0.2;0.0
975;2021-07-13;0;0;14;2;0.2;0.0
975;2021-07-14;0;0;14;2;0.2;0.0
975;2021-07-15;0;0;14;2;0.2;0.0
975;2021-07-16;0;0;14;2;0.2;0.0
975;2021-07-17;0;0;14;2;0.2;0.0
975;2021-07-18;0;0;14;2;0.2;0.0
975;2021-07-19;0;0;14;2;0.2;0.0
975;2021-07-20;0;0;14;2;0.2;0.0
975;2021-07-21;0;0;14;2;0.2;0.0
975;2021-07-22;0;0;14;2;0.2;0.0
975;2021-07-23;0;0;14;2;0.2;0.0
975;2021-07-24;0;0;14;2;0.2;0.0
975;2021-07-25;0;0;14;2;0.2;0.0
975;2021-07-26;0;0;14;2;0.2;0.0
975;2021-07-27;0;0;14;2;0.2;0.0
975;2021-07-28;0;0;14;2;0.2;0.0
975;2021-07-29;0;0;14;2;0.2;0.0
975;2021-07-30;0;0;14;2;0.2;0.0
975;2021-07-31;0;0;14;2;0.2;0.0
975;2021-08-01;0;0;14;2;0.2;0.0
975;2021-08-02;1;0;15;2;0.3;0.0
975;2021-08-03;0;0;15;2;0.3;0.0
975;2021-08-04;0;0;15;2;0.3;0.0
975;2021-08-05;0;0;15;2;0.3;0.0
975;2021-08-06;0;0;15;2;0.3;0.0
975;2021-08-07;0;0;15;2;0.3;0.0
975;2021-08-08;0;0;15;2;0.3;0.0
975;2021-08-09;0;0;15;2;0.3;0.0
975;2021-08-10;0;0;15;2;0.3;0.0
975;2021-08-11;0;0;15;2;0.3;0.0
975;2021-08-12;0;0;15;2;0.3;0.0
975;2021-08-13;0;0;15;2;0.3;0.0
975;2021-08-14;0;0;15;2;0.3;0.0
975;2021-08-15;0;0;15;2;0.3;0.0
975;2021-08-16;0;0;15;2;0.3;0.0
975;2021-08-17;0;0;15;2;0.3;0.0
975;2021-08-18;0;0;15;2;0.3;0.0
975;2021-08-19;0;1;15;3;0.3;0.1
975;2021-08-20;0;0;15;3;0.3;0.1
975;2021-08-21;0;0;15;3;0.3;0.1
975;2021-08-22;0;0;15;3;0.3;0.1
975;2021-08-23;0;0;15;3;0.3;0.1
975;2021-08-24;0;0;15;3;0.3;0.1
975;2021-08-25;0;0;15;3;0.3;0.1
975;2021-08-26;0;0;15;3;0.3;0.1
975;2021-08-27;0;0;15;3;0.3;0.1
975;2021-08-28;0;0;15;3;0.3;0.1
975;2021-08-29;0;0;15;3;0.3;0.1
975;2021-08-30;0;0;15;3;0.3;0.1
976;2020-12-27;0;0;0;0;0.0;0.0
976;2020-12-28;0;0;0;0;0.0;0.0
976;2020-12-29;0;0;0;0;0.0;0.0
976;2020-12-30;0;0;0;0;0.0;0.0
976;2020-12-31;0;0;0;0;0.0;0.0
976;2021-01-01;0;0;0;0;0.0;0.0
976;2021-01-02;0;0;0;0;0.0;0.0
976;2021-01-03;0;0;0;0;0.0;0.0
976;2021-01-04;0;0;0;0;0.0;0.0
976;2021-01-05;0;0;0;0;0.0;0.0
976;2021-01-06;0;0;0;0;0.0;0.0
976;2021-01-07;0;0;0;0;0.0;0.0
976;2021-01-08;0;0;0;0;0.0;0.0
976;2021-01-09;0;0;0;0;0.0;0.0
976;2021-01-10;0;0;0;0;0.0;0.0
976;2021-01-11;9;0;9;0;0.0;0.0
976;2021-01-12;0;0;9;0;0.0;0.0
976;2021-01-13;0;0;9;0;0.0;0.0
976;2021-01-14;0;0;9;0;0.0;0.0
976;2021-01-15;1;0;10;0;0.0;0.0
976;2021-01-16;1;0;11;0;0.0;0.0
976;2021-01-17;0;0;11;0;0.0;0.0
976;2021-01-18;1;0;12;0;0.0;0.0
976;2021-01-19;0;0;12;0;0.0;0.0
976;2021-01-20;0;0;12;0;0.0;0.0
976;2021-01-21;1;1;13;1;0.0;0.0
976;2021-01-22;0;0;13;1;0.0;0.0
976;2021-01-23;1;0;14;1;0.0;0.0
976;2021-01-24;0;0;14;1;0.0;0.0
976;2021-01-25;143;3;157;4;0.1;0.0
976;2021-01-26;167;3;324;7;0.1;0.0
976;2021-01-27;250;3;574;10;0.2;0.0
976;2021-01-28;102;8;676;18;0.2;0.0
976;2021-01-29;231;2;907;20;0.3;0.0
976;2021-01-30;285;11;1192;31;0.4;0.0
976;2021-01-31;1;0;1193;31;0.4;0.0
976;2021-02-01;161;1;1354;32;0.5;0.0
976;2021-02-02;330;9;1684;41;0.6;0.0
976;2021-02-03;228;3;1912;44;0.7;0.0
976;2021-02-04;216;9;2128;53;0.8;0.0
976;2021-02-05;213;0;2341;53;0.8;0.0
976;2021-02-06;83;10;2424;63;0.9;0.0
976;2021-02-07;0;0;2424;63;0.9;0.0
976;2021-02-08;82;4;2506;67;0.9;0.0
976;2021-02-09;194;1;2700;68;1.0;0.0
976;2021-02-10;187;5;2887;73;1.0;0.0
976;2021-02-11;236;4;3123;77;1.1;0.0
976;2021-02-12;289;4;3412;81;1.2;0.0
976;2021-02-13;56;0;3468;81;1.2;0.0
976;2021-02-14;1;0;3469;81;1.2;0.0
976;2021-02-15;359;7;3828;88;1.4;0.0
976;2021-02-16;266;9;4094;97;1.5;0.0
976;2021-02-17;167;8;4261;105;1.5;0.0
976;2021-02-18;218;12;4479;117;1.6;0.0
976;2021-02-19;237;24;4716;141;1.7;0.1
976;2021-02-20;139;9;4855;150;1.7;0.1
976;2021-02-21;0;0;4855;150;1.7;0.1
976;2021-02-22;130;121;4985;271;1.8;0.1
976;2021-02-23;185;156;5170;427;1.8;0.2
976;2021-02-24;176;145;5346;572;1.9;0.2
976;2021-02-25;227;277;5573;849;2.0;0.3
976;2021-02-26;242;244;5815;1093;2.1;0.4
976;2021-02-27;0;0;5815;1093;2.1;0.4
976;2021-02-28;0;0;5815;1093;2.1;0.4
976;2021-03-01;146;259;5961;1352;2.1;0.5
976;2021-03-02;228;261;6189;1613;2.2;0.6
976;2021-03-03;202;189;6391;1802;2.3;0.6
976;2021-03-04;205;144;6596;1946;2.4;0.7
976;2021-03-05;224;116;6820;2062;2.4;0.7
976;2021-03-06;1;0;6821;2062;2.4;0.7
976;2021-03-07;1;0;6822;2062;2.4;0.7
976;2021-03-08;189;111;7011;2173;2.5;0.8
976;2021-03-09;391;162;7402;2335;2.6;0.8
976;2021-03-10;180;178;7582;2513;2.7;0.9
976;2021-03-11;167;207;7749;2720;2.8;1.0
976;2021-03-12;237;294;7986;3014;2.9;1.1
976;2021-03-13;2;0;7988;3014;2.9;1.1
976;2021-03-14;0;0;7988;3014;2.9;1.1
976;2021-03-15;157;294;8145;3308;2.9;1.2
976;2021-03-16;238;226;8383;3534;3.0;1.3
976;2021-03-17;264;145;8647;3679;3.1;1.3
976;2021-03-18;174;236;8821;3915;3.2;1.4
976;2021-03-19;173;298;8994;4213;3.2;1.5
976;2021-03-20;0;0;8994;4213;3.2;1.5
976;2021-03-21;0;0;8994;4213;3.2;1.5
976;2021-03-22;97;136;9091;4349;3.3;1.6
976;2021-03-23;136;239;9227;4588;3.3;1.6
976;2021-03-24;160;147;9387;4735;3.4;1.7
976;2021-03-25;185;206;9572;4941;3.4;1.8
976;2021-03-26;160;212;9732;5153;3.5;1.8
976;2021-03-27;18;0;9750;5153;3.5;1.8
976;2021-03-28;1;0;9751;5153;3.5;1.8
976;2021-03-29;0;2;9751;5155;3.5;1.8
976;2021-03-30;273;336;10024;5491;3.6;2.0
976;2021-03-31;225;125;10249;5616;3.7;2.0
976;2021-04-01;245;103;10494;5719;3.8;2.0
976;2021-04-02;289;262;10783;5981;3.9;2.1
976;2021-04-03;905;310;11688;6291;4.2;2.3
976;2021-04-04;2;0;11690;6291;4.2;2.3
976;2021-04-05;1;0;11691;6291;4.2;2.3
976;2021-04-06;162;277;11853;6568;4.2;2.4
976;2021-04-07;237;266;12090;6834;4.3;2.4
976;2021-04-08;285;140;12375;6974;4.4;2.5
976;2021-04-09;249;171;12624;7145;4.5;2.6
976;2021-04-10;181;114;12805;7259;4.6;2.6
976;2021-04-11;7;0;12812;7259;4.6;2.6
976;2021-04-12;0;19;12812;7278;4.6;2.6
976;2021-04-13;394;345;13206;7623;4.7;2.7
976;2021-04-14;239;205;13445;7828;4.8;2.8
976;2021-04-15;209;117;13654;7945;4.9;2.8
976;2021-04-16;214;127;13868;8072;5.0;2.9
976;2021-04-17;226;131;14094;8203;5.0;2.9
976;2021-04-18;1;0;14095;8203;5.0;2.9
976;2021-04-19;7;1;14102;8204;5.0;2.9
976;2021-04-20;369;222;14471;8426;5.2;3.0
976;2021-04-21;413;149;14884;8575;5.3;3.1
976;2021-04-22;410;150;15294;8725;5.5;3.1
976;2021-04-23;367;166;15661;8891;5.6;3.2
976;2021-04-24;413;128;16074;9019;5.8;3.2
976;2021-04-25;2;0;16076;9019;5.8;3.2
976;2021-04-26;55;8;16131;9027;5.8;3.2
976;2021-04-27;351;293;16482;9320;5.9;3.3
976;2021-04-28;357;513;16839;9833;6.0;3.5
976;2021-04-29;559;344;17398;10177;6.2;3.6
976;2021-04-30;408;238;17806;10415;6.4;3.7
976;2021-05-01;673;286;18479;10701;6.6;3.8
976;2021-05-02;0;0;18479;10701;6.6;3.8
976;2021-05-03;141;6;18620;10707;6.7;3.8
976;2021-05-04;353;426;18973;11133;6.8;4.0
976;2021-05-05;448;318;19421;11451;6.9;4.1
976;2021-05-06;320;202;19741;11653;7.1;4.2
976;2021-05-07;341;133;20082;11786;7.2;4.2
976;2021-05-08;305;139;20387;11925;7.3;4.3
976;2021-05-09;0;0;20387;11925;7.3;4.3
976;2021-05-10;9;9;20396;11934;7.3;4.3
976;2021-05-11;363;490;20759;12424;7.4;4.4
976;2021-05-12;334;310;21093;12734;7.5;4.6
976;2021-05-13;126;96;21219;12830;7.6;4.6
976;2021-05-14;0;0;21219;12830;7.6;4.6
976;2021-05-15;486;283;21705;13113;7.8;4.7
976;2021-05-16;1;0;21706;13113;7.8;4.7
976;2021-05-17;124;51;21830;13164;7.8;4.7
976;2021-05-18;517;430;22347;13594;8.0;4.9
976;2021-05-19;653;663;23000;14257;8.2;5.1
976;2021-05-20;1059;498;24059;14755;8.6;5.3
976;2021-05-21;1046;313;25105;15068;9.0;5.4
976;2021-05-22;1243;299;26348;15367;9.4;5.5
976;2021-05-23;0;0;26348;15367;9.4;5.5
976;2021-05-24;1;0;26349;15367;9.4;5.5
976;2021-05-25;890;623;27239;15990;9.7;5.7
976;2021-05-26;1036;842;28275;16832;10.1;6.0
976;2021-05-27;1325;512;29600;17344;10.6;6.2
976;2021-05-28;957;375;30557;17719;10.9;6.3
976;2021-05-29;1131;392;31688;18111;11.3;6.5
976;2021-05-30;1;1;31689;18112;11.3;6.5
976;2021-05-31;105;6;31794;18118;11.4;6.5
976;2021-06-01;1153;652;32947;18770;11.8;6.7
976;2021-06-02;1241;530;34188;19300;12.2;6.9
976;2021-06-03;810;353;34998;19653;12.5;7.0
976;2021-06-04;1003;323;36001;19976;12.9;7.1
976;2021-06-05;680;299;36681;20275;13.1;7.3
976;2021-06-06;1;0;36682;20275;13.1;7.3
976;2021-06-07;91;12;36773;20287;13.2;7.3
976;2021-06-08;961;444;37734;20731;13.5;7.4
976;2021-06-09;972;550;38706;21281;13.8;7.6
976;2021-06-10;703;232;39409;21513;14.1;7.7
976;2021-06-11;849;366;40258;21879;14.4;7.8
976;2021-06-12;585;276;40843;22155;14.6;7.9
976;2021-06-13;2;0;40845;22155;14.6;7.9
976;2021-06-14;187;112;41032;22267;14.7;8.0
976;2021-06-15;415;839;41447;23106;14.8;8.3
976;2021-06-16;892;1442;42339;24548;15.1;8.8
976;2021-06-17;802;660;43141;25208;15.4;9.0
976;2021-06-18;710;621;43851;25829;15.7;9.2
976;2021-06-19;538;643;44389;26472;15.9;9.5
976;2021-06-20;1;0;44390;26472;15.9;9.5
976;2021-06-21;128;132;44518;26604;15.9;9.5
976;2021-06-22;431;1150;44949;27754;16.1;9.9
976;2021-06-23;664;1186;45613;28940;16.3;10.4
976;2021-06-24;470;546;46083;29486;16.5;10.6
976;2021-06-25;544;479;46627;29965;16.7;10.7
976;2021-06-26;388;692;47015;30657;16.8;11.0
976;2021-06-27;1;0;47016;30657;16.8;11.0
976;2021-06-28;107;191;47123;30848;16.9;11.0
976;2021-06-29;738;974;47861;31822;17.1;11.4
976;2021-06-30;700;947;48561;32769;17.4;11.7
976;2021-07-01;581;546;49142;33315;17.6;11.9
976;2021-07-02;454;431;49596;33746;17.7;12.1
976;2021-07-03;446;423;50042;34169;17.9;12.2
976;2021-07-04;2;0;50044;34169;17.9;12.2
976;2021-07-05;121;224;50165;34393;17.9;12.3
976;2021-07-06;503;865;50668;35258;18.1;12.6
976;2021-07-07;771;1013;51439;36271;18.4;13.0
976;2021-07-08;813;634;52252;36905;18.7;13.2
976;2021-07-09;791;519;53043;37424;19.0;13.4
976;2021-07-10;441;320;53484;37744;19.1;13.5
976;2021-07-11;0;0;53484;37744;19.1;13.5
976;2021-07-12;164;172;53648;37916;19.2;13.6
976;2021-07-13;857;1001;54505;38917;19.5;13.9
976;2021-07-14;0;5;54505;38922;19.5;13.9
976;2021-07-15;1229;816;55734;39738;19.9;14.2
976;2021-07-16;1310;659;57044;40397;20.4;14.5
976;2021-07-17;1049;377;58093;40774;20.8;14.6
976;2021-07-18;0;0;58093;40774;20.8;14.6
976;2021-07-19;205;134;58298;40908;20.9;14.6
976;2021-07-20;1160;879;59458;41787;21.3;15.0
976;2021-07-21;35;29;59493;41816;21.3;15.0
976;2021-07-22;1127;664;60620;42480;21.7;15.2
976;2021-07-23;1209;546;61829;43026;22.1;15.4
976;2021-07-24;863;439;62692;43465;22.4;15.6
976;2021-07-25;2;0;62694;43465;22.4;15.6
976;2021-07-26;181;36;62875;43501;22.5;15.6
976;2021-07-27;1143;822;64018;44323;22.9;15.9
976;2021-07-28;1040;635;65058;44958;23.3;16.1
976;2021-07-29;1240;567;66298;45525;23.7;16.3
976;2021-07-30;1216;411;67514;45936;24.2;16.4
976;2021-07-31;767;277;68281;46213;24.4;16.5
976;2021-08-01;0;0;68281;46213;24.4;16.5
976;2021-08-02;314;177;68595;46390;24.5;16.6
976;2021-08-03;1506;936;70101;47326;25.1;16.9
976;2021-08-04;1825;811;71926;48137;25.7;17.2
976;2021-08-05;1462;501;73388;48638;26.3;17.4
976;2021-08-06;1676;501;75064;49139;26.9;17.6
976;2021-08-07;912;355;75976;49494;27.2;17.7
976;2021-08-08;6;1;75982;49495;27.2;17.7
976;2021-08-09;519;235;76501;49730;27.4;17.8
976;2021-08-10;1620;1378;78121;51108;28.0;18.3
976;2021-08-11;2023;1239;80144;52347;28.7;18.7
976;2021-08-12;1692;611;81836;52958;29.3;18.9
976;2021-08-13;1530;531;83366;53489;29.8;19.1
976;2021-08-14;827;451;84193;53940;30.1;19.3
976;2021-08-15;0;0;84193;53940;30.1;19.3
976;2021-08-16;537;287;84730;54227;30.3;19.4
976;2021-08-17;1793;1300;86523;55527;31.0;19.9
976;2021-08-18;2191;1216;88714;56743;31.7;20.3
976;2021-08-19;1940;542;90654;57285;32.4;20.5
976;2021-08-20;1725;540;92379;57825;33.1;20.7
976;2021-08-21;1026;518;93405;58343;33.4;20.9
976;2021-08-22;7;0;93412;58343;33.4;20.9
976;2021-08-23;510;270;93922;58613;33.6;21.0
976;2021-08-24;1029;1003;94951;59616;34.0;21.3
976;2021-08-25;1056;1289;96007;60905;34.4;21.8
976;2021-08-26;883;570;96890;61475;34.7;22.0
976;2021-08-27;725;559;97615;62034;34.9;22.2
976;2021-08-28;466;853;98081;62887;35.1;22.5
976;2021-08-29;0;12;98081;62899;35.1;22.5
976;2021-08-30;140;255;98221;63154;35.1;22.6
977;2020-12-27;0;0;0;0;0.0;0.0
977;2020-12-28;0;0;0;0;0.0;0.0
977;2020-12-29;0;0;0;0;0.0;0.0
977;2020-12-30;0;0;0;0;0.0;0.0
977;2020-12-31;0;0;0;0;0.0;0.0
977;2021-01-01;0;0;0;0;0.0;0.0
977;2021-01-02;0;0;0;0;0.0;0.0
977;2021-01-03;0;0;0;0;0.0;0.0
977;2021-01-04;0;0;0;0;0.0;0.0
977;2021-01-05;0;0;0;0;0.0;0.0
977;2021-01-06;0;0;0;0;0.0;0.0
977;2021-01-07;0;0;0;0;0.0;0.0
977;2021-01-08;0;0;0;0;0.0;0.0
977;2021-01-09;0;0;0;0;0.0;0.0
977;2021-01-10;0;0;0;0;0.0;0.0
977;2021-01-11;0;0;0;0;0.0;0.0
977;2021-01-12;0;0;0;0;0.0;0.0
977;2021-01-13;0;0;0;0;0.0;0.0
977;2021-01-14;0;0;0;0;0.0;0.0
977;2021-01-15;0;0;0;0;0.0;0.0
977;2021-01-16;0;0;0;0;0.0;0.0
977;2021-01-17;0;0;0;0;0.0;0.0
977;2021-01-18;1;0;1;0;0.0;0.0
977;2021-01-19;0;0;1;0;0.0;0.0
977;2021-01-20;0;0;1;0;0.0;0.0
977;2021-01-21;12;0;13;0;0.1;0.0
977;2021-01-22;12;0;25;0;0.3;0.0
977;2021-01-23;0;0;25;0;0.3;0.0
977;2021-01-24;0;0;25;0;0.3;0.0
977;2021-01-25;0;0;25;0;0.3;0.0
977;2021-01-26;0;0;25;0;0.3;0.0
977;2021-01-27;12;0;37;0;0.4;0.0
977;2021-01-28;1;0;38;0;0.4;0.0
977;2021-01-29;6;0;44;0;0.4;0.0
977;2021-01-30;0;0;44;0;0.4;0.0
977;2021-01-31;0;0;44;0;0.4;0.0
977;2021-02-01;0;0;44;0;0.4;0.0
977;2021-02-02;0;0;44;0;0.4;0.0
977;2021-02-03;11;0;55;0;0.6;0.0
977;2021-02-04;12;0;67;0;0.7;0.0
977;2021-02-05;11;0;78;0;0.8;0.0
977;2021-02-06;0;0;78;0;0.8;0.0
977;2021-02-07;0;0;78;0;0.8;0.0
977;2021-02-08;0;0;78;0;0.8;0.0
977;2021-02-09;14;0;92;0;0.9;0.0
977;2021-02-10;0;0;92;0;0.9;0.0
977;2021-02-11;17;0;109;0;1.1;0.0
977;2021-02-12;45;0;154;0;1.5;0.0
977;2021-02-13;0;0;154;0;1.5;0.0
977;2021-02-14;0;0;154;0;1.5;0.0
977;2021-02-15;0;0;154;0;1.5;0.0
977;2021-02-16;0;0;154;0;1.5;0.0
977;2021-02-17;0;0;154;0;1.5;0.0
977;2021-02-18;18;0;172;0;1.7;0.0
977;2021-02-19;35;0;207;0;2.1;0.0
977;2021-02-20;0;0;207;0;2.1;0.0
977;2021-02-21;0;0;207;0;2.1;0.0
977;2021-02-22;0;0;207;0;2.1;0.0
977;2021-02-23;0;21;207;21;2.1;0.2
977;2021-02-24;0;0;207;21;2.1;0.2
977;2021-02-25;15;9;222;30;2.2;0.3
977;2021-02-26;33;18;255;48;2.6;0.5
977;2021-02-27;0;0;255;48;2.6;0.5
977;2021-02-28;0;0;255;48;2.6;0.5
977;2021-03-01;0;0;255;48;2.6;0.5
977;2021-03-02;19;11;274;59;2.8;0.6
977;2021-03-03;0;0;274;59;2.8;0.6
977;2021-03-04;16;12;290;71;2.9;0.7
977;2021-03-05;35;18;325;89;3.3;0.9
977;2021-03-06;0;0;325;89;3.3;0.9
977;2021-03-07;0;0;325;89;3.3;0.9
977;2021-03-08;0;0;325;89;3.3;0.9
977;2021-03-09;1;0;326;89;3.3;0.9
977;2021-03-10;0;0;326;89;3.3;0.9
977;2021-03-11;20;30;346;119;3.5;1.2
977;2021-03-12;62;41;408;160;4.1;1.6
977;2021-03-13;0;0;408;160;4.1;1.6
977;2021-03-14;0;0;408;160;4.1;1.6
977;2021-03-15;0;0;408;160;4.1;1.6
977;2021-03-16;30;10;438;170;4.4;1.7
977;2021-03-17;0;0;438;170;4.4;1.7
977;2021-03-18;30;16;468;186;4.7;1.9
977;2021-03-19;57;27;525;213;5.3;2.1
977;2021-03-20;0;0;525;213;5.3;2.1
977;2021-03-21;0;0;525;213;5.3;2.1
977;2021-03-22;0;0;525;213;5.3;2.1
977;2021-03-23;0;0;525;213;5.3;2.1
977;2021-03-24;0;0;525;213;5.3;2.1
977;2021-03-25;65;17;590;230;5.9;2.3
977;2021-03-26;73;26;663;256;6.7;2.6
977;2021-03-27;0;0;663;256;6.7;2.6
977;2021-03-28;0;0;663;256;6.7;2.6
977;2021-03-29;0;0;663;256;6.7;2.6
977;2021-03-30;40;18;703;274;7.1;2.8
977;2021-03-31;26;15;729;289;7.3;2.9
977;2021-04-01;25;32;754;321;7.6;3.2
977;2021-04-02;0;0;754;321;7.6;3.2
977;2021-04-03;0;0;754;321;7.6;3.2
977;2021-04-04;0;0;754;321;7.6;3.2
977;2021-04-05;9;0;763;321;7.7;3.2
977;2021-04-06;0;0;763;321;7.7;3.2
977;2021-04-07;0;0;763;321;7.7;3.2
977;2021-04-08;57;46;820;367;8.2;3.7
977;2021-04-09;58;31;878;398;8.8;4.0
977;2021-04-10;0;0;878;398;8.8;4.0
977;2021-04-11;0;0;878;398;8.8;4.0
977;2021-04-12;0;0;878;398;8.8;4.0
977;2021-04-13;0;0;878;398;8.8;4.0
977;2021-04-14;5;5;883;403;8.9;4.0
977;2021-04-15;57;70;940;473;9.4;4.7
977;2021-04-16;90;35;1030;508;10.3;5.1
977;2021-04-17;0;1;1030;509;10.3;5.1
977;2021-04-18;0;0;1030;509;10.3;5.1
977;2021-04-19;1;0;1031;509;10.4;5.1
977;2021-04-20;335;62;1366;571;13.7;5.7
977;2021-04-21;337;30;1703;601;17.1;6.0
977;2021-04-22;284;48;1987;649;19.9;6.5
977;2021-04-23;260;42;2247;691;22.6;6.9
977;2021-04-24;231;1;2478;692;24.9;6.9
977;2021-04-25;0;0;2478;692;24.9;6.9
977;2021-04-26;283;19;2761;711;27.7;7.1
977;2021-04-27;224;68;2985;779;30.0;7.8
977;2021-04-28;192;26;3177;805;31.9;8.1
977;2021-04-29;170;23;3347;828;33.6;8.3
977;2021-04-30;172;17;3519;845;35.3;8.5
977;2021-05-01;203;11;3722;856;37.4;8.6
977;2021-05-02;0;0;3722;856;37.4;8.6
977;2021-05-03;135;9;3857;865;38.7;8.7
977;2021-05-04;161;53;4018;918;40.3;9.2
977;2021-05-05;221;28;4239;946;42.6;9.5
977;2021-05-06;175;33;4414;979;44.3;9.8
977;2021-05-07;149;31;4563;1010;45.8;10.1
977;2021-05-08;1;0;4564;1010;45.8;10.1
977;2021-05-09;0;0;4564;1010;45.8;10.1
977;2021-05-10;0;0;4564;1010;45.8;10.1
977;2021-05-11;3;41;4567;1051;45.8;10.6
977;2021-05-12;6;36;4573;1087;45.9;10.9
977;2021-05-13;0;0;4573;1087;45.9;10.9
977;2021-05-14;28;98;4601;1185;46.2;11.9
977;2021-05-15;0;0;4601;1185;46.2;11.9
977;2021-05-16;1;0;4602;1185;46.2;11.9
977;2021-05-17;1;14;4603;1199;46.2;12.0
977;2021-05-18;17;32;4620;1231;46.4;12.4
977;2021-05-19;0;1;4620;1232;46.4;12.4
977;2021-05-20;0;8;4620;1240;46.4;12.4
977;2021-05-21;12;31;4632;1271;46.5;12.8
977;2021-05-22;0;0;4632;1271;46.5;12.8
977;2021-05-23;0;0;4632;1271;46.5;12.8
977;2021-05-24;0;0;4632;1271;46.5;12.8
977;2021-05-25;50;331;4682;1602;47.0;16.1
977;2021-05-26;54;360;4736;1962;47.5;19.7
977;2021-05-27;34;317;4770;2279;47.9;22.9
977;2021-05-28;27;256;4797;2535;48.2;25.4
977;2021-05-29;35;375;4832;2910;48.5;29.2
977;2021-05-30;1;0;4833;2910;48.5;29.2
977;2021-05-31;45;216;4878;3126;49.0;31.4
977;2021-06-01;48;227;4926;3353;49.5;33.7
977;2021-06-02;69;273;4995;3626;50.1;36.4
977;2021-06-03;42;252;5037;3878;50.6;38.9
977;2021-06-04;81;270;5118;4148;51.4;41.6
977;2021-06-05;1;0;5119;4148;51.4;41.6
977;2021-06-06;0;0;5119;4148;51.4;41.6
977;2021-06-07;1;1;5120;4149;51.4;41.7
977;2021-06-08;8;2;5128;4151;51.5;41.7
977;2021-06-09;0;3;5128;4154;51.5;41.7
977;2021-06-10;8;4;5136;4158;51.6;41.7
977;2021-06-11;4;8;5140;4166;51.6;41.8
977;2021-06-12;16;59;5156;4225;51.8;42.4
977;2021-06-13;0;0;5156;4225;51.8;42.4
977;2021-06-14;0;0;5156;4225;51.8;42.4
977;2021-06-15;0;1;5156;4226;51.8;42.4
977;2021-06-16;0;0;5156;4226;51.8;42.4
977;2021-06-17;2;6;5158;4232;51.8;42.5
977;2021-06-18;0;2;5158;4234;51.8;42.5
977;2021-06-19;25;49;5183;4283;52.0;43.0
977;2021-06-20;0;0;5183;4283;52.0;43.0
977;2021-06-21;1;2;5184;4285;52.0;43.0
977;2021-06-22;9;0;5193;4285;52.1;43.0
977;2021-06-23;15;9;5208;4294;52.3;43.1
977;2021-06-24;10;5;5218;4299;52.4;43.2
977;2021-06-25;0;0;5218;4299;52.4;43.2
977;2021-06-26;25;45;5243;4344;52.6;43.6
977;2021-06-27;0;0;5243;4344;52.6;43.6
977;2021-06-28;0;0;5243;4344;52.6;43.6
977;2021-06-29;0;0;5243;4344;52.6;43.6
977;2021-06-30;0;0;5243;4344;52.6;43.6
977;2021-07-01;28;36;5271;4380;52.9;44.0
977;2021-07-02;26;31;5297;4411;53.2;44.3
977;2021-07-03;29;215;5326;4626;53.5;46.4
977;2021-07-04;0;0;5326;4626;53.5;46.4
977;2021-07-05;4;8;5330;4634;53.5;46.5
977;2021-07-06;0;0;5330;4634;53.5;46.5
977;2021-07-07;8;0;5338;4634;53.6;46.5
977;2021-07-08;33;23;5371;4657;53.9;46.8
977;2021-07-09;23;31;5394;4688;54.2;47.1
977;2021-07-10;33;45;5427;4733;54.5;47.5
977;2021-07-11;0;0;5427;4733;54.5;47.5
977;2021-07-12;0;1;5427;4734;54.5;47.5
977;2021-07-13;10;10;5437;4744;54.6;47.6
977;2021-07-14;0;0;5437;4744;54.6;47.6
977;2021-07-15;1;11;5438;4755;54.6;47.7
977;2021-07-16;44;51;5482;4806;55.0;48.2
977;2021-07-17;34;39;5516;4845;55.4;48.6
977;2021-07-18;1;0;5517;4845;55.4;48.6
977;2021-07-19;3;2;5520;4847;55.4;48.7
977;2021-07-20;3;1;5523;4848;55.4;48.7
977;2021-07-21;33;16;5556;4864;55.8;48.8
977;2021-07-22;36;33;5592;4897;56.1;49.2
977;2021-07-23;32;29;5624;4926;56.5;49.5
977;2021-07-24;43;26;5667;4952;56.9;49.7
977;2021-07-25;0;0;5667;4952;56.9;49.7
977;2021-07-26;13;9;5680;4961;57.0;49.8
977;2021-07-27;0;10;5680;4971;57.0;49.9
977;2021-07-28;31;14;5711;4985;57.3;50.0
977;2021-07-29;33;32;5744;5017;57.7;50.4
977;2021-07-30;31;28;5775;5045;58.0;50.6
977;2021-07-31;53;24;5828;5069;58.5;50.9
977;2021-08-01;0;0;5828;5069;58.5;50.9
977;2021-08-02;11;1;5839;5070;58.6;50.9
977;2021-08-03;0;0;5839;5070;58.6;50.9
977;2021-08-04;41;14;5880;5084;59.0;51.0
977;2021-08-05;28;30;5908;5114;59.3;51.3
977;2021-08-06;35;35;5943;5149;59.7;51.7
977;2021-08-07;56;27;5999;5176;60.2;52.0
977;2021-08-08;0;0;5999;5176;60.2;52.0
977;2021-08-09;7;5;6006;5181;60.3;52.0
977;2021-08-10;14;9;6020;5190;60.4;52.1
977;2021-08-11;36;18;6056;5208;60.8;52.3
977;2021-08-12;24;30;6080;5238;61.0;52.6
977;2021-08-13;32;14;6112;5252;61.4;52.7
977;2021-08-14;20;27;6132;5279;61.6;53.0
977;2021-08-15;0;0;6132;5279;61.6;53.0
977;2021-08-16;14;31;6146;5310;61.7;53.3
977;2021-08-17;15;8;6161;5318;61.9;53.4
977;2021-08-18;24;28;6185;5346;62.1;53.7
977;2021-08-19;31;35;6216;5381;62.4;54.0
977;2021-08-20;27;41;6243;5422;62.7;54.4
977;2021-08-21;34;39;6277;5461;63.0;54.8
977;2021-08-22;6;0;6283;5461;63.1;54.8
977;2021-08-23;3;11;6286;5472;63.1;54.9
977;2021-08-24;8;3;6294;5475;63.2;55.0
977;2021-08-25;20;37;6314;5512;63.4;55.3
977;2021-08-26;27;39;6341;5551;63.7;55.7
977;2021-08-27;27;34;6368;5585;63.9;56.1
977;2021-08-28;27;56;6395;5641;64.2;56.6
977;2021-08-29;0;0;6395;5641;64.2;56.6
977;2021-08-30;1;4;6396;5645;64.2;56.7
978;2020-12-27;0;0;0;0;0.0;0.0
978;2020-12-28;0;0;0;0;0.0;0.0
978;2020-12-29;0;0;0;0;0.0;0.0
978;2020-12-30;0;0;0;0;0.0;0.0
978;2020-12-31;0;0;0;0;0.0;0.0
978;2021-01-01;0;0;0;0;0.0;0.0
978;2021-01-02;0;0;0;0;0.0;0.0
978;2021-01-03;0;0;0;0;0.0;0.0
978;2021-01-04;0;0;0;0;0.0;0.0
978;2021-01-05;0;0;0;0;0.0;0.0
978;2021-01-06;0;0;0;0;0.0;0.0
978;2021-01-07;0;0;0;0;0.0;0.0
978;2021-01-08;0;0;0;0;0.0;0.0
978;2021-01-09;0;0;0;0;0.0;0.0
978;2021-01-10;0;0;0;0;0.0;0.0
978;2021-01-11;0;0;0;0;0.0;0.0
978;2021-01-12;0;0;0;0;0.0;0.0
978;2021-01-13;10;0;10;0;0.0;0.0
978;2021-01-14;12;0;22;0;0.1;0.0
978;2021-01-15;9;0;31;0;0.1;0.0
978;2021-01-16;0;0;31;0;0.1;0.0
978;2021-01-17;0;0;31;0;0.1;0.0
978;2021-01-18;0;0;31;0;0.1;0.0
978;2021-01-19;12;0;43;0;0.1;0.0
978;2021-01-20;13;0;56;0;0.2;0.0
978;2021-01-21;6;0;62;0;0.2;0.0
978;2021-01-22;0;0;62;0;0.2;0.0
978;2021-01-23;0;0;62;0;0.2;0.0
978;2021-01-24;0;0;62;0;0.2;0.0
978;2021-01-25;0;0;62;0;0.2;0.0
978;2021-01-26;9;0;71;0;0.2;0.0
978;2021-01-27;10;0;81;0;0.2;0.0
978;2021-01-28;6;1;87;1;0.2;0.0
978;2021-01-29;0;0;87;1;0.2;0.0
978;2021-01-30;0;0;87;1;0.2;0.0
978;2021-01-31;0;0;87;1;0.2;0.0
978;2021-02-01;1;0;88;1;0.2;0.0
978;2021-02-02;39;0;127;1;0.4;0.0
978;2021-02-03;11;0;138;1;0.4;0.0
978;2021-02-04;31;0;169;1;0.5;0.0
978;2021-02-05;6;0;175;1;0.5;0.0
978;2021-02-06;0;0;175;1;0.5;0.0
978;2021-02-07;0;0;175;1;0.5;0.0
978;2021-02-08;0;0;175;1;0.5;0.0
978;2021-02-09;38;0;213;1;0.6;0.0
978;2021-02-10;27;1;240;2;0.7;0.0
978;2021-02-11;0;0;240;2;0.7;0.0
978;2021-02-12;36;0;276;2;0.8;0.0
978;2021-02-13;0;0;276;2;0.8;0.0
978;2021-02-14;0;0;276;2;0.8;0.0
978;2021-02-15;50;1;326;3;0.9;0.0
978;2021-02-16;0;0;326;3;0.9;0.0
978;2021-02-17;0;0;326;3;0.9;0.0
978;2021-02-18;28;0;354;3;1.0;0.0
978;2021-02-19;44;0;398;3;1.1;0.0
978;2021-02-20;0;0;398;3;1.1;0.0
978;2021-02-21;0;0;398;3;1.1;0.0
978;2021-02-22;45;4;443;7;1.3;0.0
978;2021-02-23;41;29;484;36;1.4;0.1
978;2021-02-24;35;1;519;37;1.5;0.1
978;2021-02-25;55;36;574;73;1.6;0.2
978;2021-02-26;39;5;613;78;1.7;0.2
978;2021-02-27;0;0;613;78;1.7;0.2
978;2021-02-28;0;0;613;78;1.7;0.2
978;2021-03-01;49;5;662;83;1.9;0.2
978;2021-03-02;7;27;669;110;1.9;0.3
978;2021-03-03;52;28;721;138;2.0;0.4
978;2021-03-04;31;26;752;164;2.1;0.5
978;2021-03-05;46;10;798;174;2.3;0.5
978;2021-03-06;0;0;798;174;2.3;0.5
978;2021-03-07;0;0;798;174;2.3;0.5
978;2021-03-08;32;7;830;181;2.3;0.5
978;2021-03-09;21;27;851;208;2.4;0.6
978;2021-03-10;35;28;886;236;2.5;0.7
978;2021-03-11;2;0;888;236;2.5;0.7
978;2021-03-12;52;21;940;257;2.7;0.7
978;2021-03-13;13;0;953;257;2.7;0.7
978;2021-03-14;0;0;953;257;2.7;0.7
978;2021-03-15;31;41;984;298;2.8;0.8
978;2021-03-16;73;6;1057;304;3.0;0.9
978;2021-03-17;67;13;1124;317;3.2;0.9
978;2021-03-18;82;39;1206;356;3.4;1.0
978;2021-03-19;32;50;1238;406;3.5;1.1
978;2021-03-20;0;0;1238;406;3.5;1.1
978;2021-03-21;0;0;1238;406;3.5;1.1
978;2021-03-22;35;45;1273;451;3.6;1.3
978;2021-03-23;30;43;1303;494;3.7;1.4
978;2021-03-24;38;42;1341;536;3.8;1.5
978;2021-03-25;97;34;1438;570;4.1;1.6
978;2021-03-26;45;33;1483;603;4.2;1.7
978;2021-03-27;94;3;1577;606;4.5;1.7
978;2021-03-28;0;0;1577;606;4.5;1.7
978;2021-03-29;69;48;1646;654;4.7;1.9
978;2021-03-30;98;24;1744;678;4.9;1.9
978;2021-03-31;90;49;1834;727;5.2;2.1
978;2021-04-01;57;48;1891;775;5.4;2.2
978;2021-04-02;0;0;1891;775;5.4;2.2
978;2021-04-03;1;0;1892;775;5.4;2.2
978;2021-04-04;0;0;1892;775;5.4;2.2
978;2021-04-05;2;0;1894;775;5.4;2.2
978;2021-04-06;49;63;1943;838;5.5;2.4
978;2021-04-07;93;33;2036;871;5.8;2.5
978;2021-04-08;121;7;2157;878;6.1;2.5
978;2021-04-09;90;39;2247;917;6.4;2.6
978;2021-04-10;170;13;2417;930;6.8;2.6
978;2021-04-11;0;0;2417;930;6.8;2.6
978;2021-04-12;42;75;2459;1005;7.0;2.8
978;2021-04-13;49;71;2508;1076;7.1;3.0
978;2021-04-14;82;45;2590;1121;7.3;3.2
978;2021-04-15;92;22;2682;1143;7.6;3.2
978;2021-04-16;77;42;2759;1185;7.8;3.4
978;2021-04-17;165;4;2924;1189;8.3;3.4
978;2021-04-18;0;0;2924;1189;8.3;3.4
978;2021-04-19;52;67;2976;1256;8.4;3.6
978;2021-04-20;83;27;3059;1283;8.7;3.6
978;2021-04-21;91;29;3150;1312;8.9;3.7
978;2021-04-22;101;20;3251;1332;9.2;3.8
978;2021-04-23;45;66;3296;1398;9.3;4.0
978;2021-04-24;99;78;3395;1476;9.6;4.2
978;2021-04-25;0;0;3395;1476;9.6;4.2
978;2021-04-26;29;91;3424;1567;9.7;4.4
978;2021-04-27;59;63;3483;1630;9.9;4.6
978;2021-04-28;93;39;3576;1669;10.1;4.7
978;2021-04-29;89;31;3665;1700;10.4;4.8
978;2021-04-30;103;14;3768;1714;10.7;4.9
978;2021-05-01;0;8;3768;1722;10.7;4.9
978;2021-05-02;0;0;3768;1722;10.7;4.9
978;2021-05-03;25;99;3793;1821;10.7;5.2
978;2021-05-04;159;102;3952;1923;11.2;5.4
978;2021-05-05;142;59;4094;1982;11.6;5.6
978;2021-05-06;199;49;4293;2031;12.1;5.7
978;2021-05-07;127;71;4420;2102;12.5;5.9
978;2021-05-08;69;122;4489;2224;12.7;6.3
978;2021-05-09;0;0;4489;2224;12.7;6.3
978;2021-05-10;124;99;4613;2323;13.1;6.6
978;2021-05-11;132;72;4745;2395;13.4;6.8
978;2021-05-12;156;78;4901;2473;13.9;7.0
978;2021-05-13;83;6;4984;2479;14.1;7.0
978;2021-05-14;130;62;5114;2541;14.5;7.2
978;2021-05-15;87;4;5201;2545;14.7;7.2
978;2021-05-16;0;0;5201;2545;14.7;7.2
978;2021-05-17;146;115;5347;2660;15.1;7.5
978;2021-05-18;151;94;5498;2754;15.6;7.8
978;2021-05-19;84;69;5582;2823;15.8;8.0
978;2021-05-20;104;26;5686;2849;16.1;8.1
978;2021-05-21;98;52;5784;2901;16.4;8.2
978;2021-05-22;100;11;5884;2912;16.7;8.2
978;2021-05-23;0;0;5884;2912;16.7;8.2
978;2021-05-24;33;7;5917;2919;16.7;8.3
978;2021-05-25;119;78;6036;2997;17.1;8.5
978;2021-05-26;109;49;6145;3046;17.4;8.6
978;2021-05-27;112;42;6257;3088;17.7;8.7
978;2021-05-28;33;1;6290;3089;17.8;8.7
978;2021-05-29;60;213;6350;3302;18.0;9.3
978;2021-05-30;0;0;6350;3302;18.0;9.3
978;2021-05-31;112;63;6462;3365;18.3;9.5
978;2021-06-01;116;62;6578;3427;18.6;9.7
978;2021-06-02;131;33;6709;3460;19.0;9.8
978;2021-06-03;102;38;6811;3498;19.3;9.9
978;2021-06-04;128;70;6939;3568;19.6;10.1
978;2021-06-05;83;21;7022;3589;19.9;10.2
978;2021-06-06;0;0;7022;3589;19.9;10.2
978;2021-06-07;96;96;7118;3685;20.1;10.4
978;2021-06-08;82;89;7200;3774;20.4;10.7
978;2021-06-09;99;73;7299;3847;20.7;10.9
978;2021-06-10;112;63;7411;3910;21.0;11.1
978;2021-06-11;116;106;7527;4016;21.3;11.4
978;2021-06-12;57;30;7584;4046;21.5;11.5
978;2021-06-13;0;0;7584;4046;21.5;11.5
978;2021-06-14;106;127;7690;4173;21.8;11.8
978;2021-06-15;88;120;7778;4293;22.0;12.1
978;2021-06-16;105;148;7883;4441;22.3;12.6
978;2021-06-17;85;72;7968;4513;22.6;12.8
978;2021-06-18;67;99;8035;4612;22.7;13.1
978;2021-06-19;65;79;8100;4691;22.9;13.3
978;2021-06-20;0;0;8100;4691;22.9;13.3
978;2021-06-21;78;150;8178;4841;23.1;13.7
978;2021-06-22;71;103;8249;4944;23.3;14.0
978;2021-06-23;68;115;8317;5059;23.5;14.3
978;2021-06-24;44;75;8361;5134;23.7;14.5
978;2021-06-25;63;100;8424;5234;23.8;14.8
978;2021-06-26;35;61;8459;5295;23.9;15.0
978;2021-06-27;0;0;8459;5295;23.9;15.0
978;2021-06-28;74;131;8533;5426;24.1;15.4
978;2021-06-29;62;104;8595;5530;24.3;15.7
978;2021-06-30;56;110;8651;5640;24.5;16.0
978;2021-07-01;42;87;8693;5727;24.6;16.2
978;2021-07-02;52;90;8745;5817;24.7;16.5
978;2021-07-03;40;90;8785;5907;24.9;16.7
978;2021-07-04;0;1;8785;5908;24.9;16.7
978;2021-07-05;67;93;8852;6001;25.1;17.0
978;2021-07-06;55;75;8907;6076;25.2;17.2
978;2021-07-07;55;123;8962;6199;25.4;17.5
978;2021-07-08;54;107;9016;6306;25.5;17.8
978;2021-07-09;46;92;9062;6398;25.6;18.1
978;2021-07-10;38;85;9100;6483;25.8;18.3
978;2021-07-11;0;4;9100;6487;25.8;18.4
978;2021-07-12;71;130;9171;6617;26.0;18.7
978;2021-07-13;146;162;9317;6779;26.4;19.2
978;2021-07-14;3;0;9320;6779;26.4;19.2
978;2021-07-15;162;195;9482;6974;26.8;19.7
978;2021-07-16;113;113;9595;7087;27.2;20.1
978;2021-07-17;52;100;9647;7187;27.3;20.3
978;2021-07-18;0;0;9647;7187;27.3;20.3
978;2021-07-19;99;133;9746;7320;27.6;20.7
978;2021-07-20;80;74;9826;7394;27.8;20.9
978;2021-07-21;63;50;9889;7444;28.0;21.1
978;2021-07-22;99;115;9988;7559;28.3;21.4
978;2021-07-23;67;98;10055;7657;28.5;21.7
978;2021-07-24;20;35;10075;7692;28.5;21.8
978;2021-07-25;0;0;10075;7692;28.5;21.8
978;2021-07-26;99;116;10174;7808;28.8;22.1
978;2021-07-27;69;144;10243;7952;29.0;22.5
978;2021-07-28;72;127;10315;8079;29.2;22.9
978;2021-07-29;80;98;10395;8177;29.4;23.1
978;2021-07-30;82;116;10477;8293;29.7;23.5
978;2021-07-31;49;67;10526;8360;29.8;23.7
978;2021-08-01;0;0;10526;8360;29.8;23.7
978;2021-08-02;65;95;10591;8455;30.0;23.9
978;2021-08-03;60;94;10651;8549;30.1;24.2
978;2021-08-04;64;55;10715;8604;30.3;24.4
978;2021-08-05;48;70;10763;8674;30.5;24.5
978;2021-08-06;74;128;10837;8802;30.7;24.9
978;2021-08-07;44;45;10881;8847;30.8;25.0
978;2021-08-08;0;0;10881;8847;30.8;25.0
978;2021-08-09;138;150;11019;8997;31.2;25.5
978;2021-08-10;82;93;11101;9090;31.4;25.7
978;2021-08-11;106;100;11207;9190;31.7;26.0
978;2021-08-12;99;99;11306;9289;32.0;26.3
978;2021-08-13;131;74;11437;9363;32.4;26.5
978;2021-08-14;74;99;11511;9462;32.6;26.8
978;2021-08-15;0;0;11511;9462;32.6;26.8
978;2021-08-16;45;70;11556;9532;32.7;27.0
978;2021-08-17;32;33;11588;9565;32.8;27.1
978;2021-08-18;35;55;11623;9620;32.9;27.2
978;2021-08-19;34;25;11657;9645;33.0;27.3
978;2021-08-20;46;60;11703;9705;33.1;27.5
978;2021-08-21;0;0;11703;9705;33.1;27.5
978;2021-08-22;0;0;11703;9705;33.1;27.5
978;2021-08-23;51;86;11754;9791;33.3;27.7
978;2021-08-24;31;51;11785;9842;33.4;27.9
978;2021-08-25;26;51;11811;9893;33.4;28.0
978;2021-08-26;30;26;11841;9919;33.5;28.1
978;2021-08-27;46;87;11887;10006;33.6;28.3
978;2021-08-28;0;0;11887;10006;33.6;28.3
978;2021-08-29;0;0;11887;10006;33.6;28.3
978;2021-08-30;39;113;11926;10119;33.8;28.6
