dep;jour;n_dose1;n_complet;n_cum_dose1;n_cum_complet;couv_dose1;couv_complet
01;2020-12-27;1;0;1;0;0.0;0.0
01;2020-12-28;0;0;1;0;0.0;0.0
01;2020-12-29;0;0;1;0;0.0;0.0
01;2020-12-30;0;0;1;0;0.0;0.0
01;2020-12-31;0;0;1;0;0.0;0.0
01;2021-01-01;2;0;3;0;0.0;0.0
01;2021-01-02;0;0;3;0;0.0;0.0
01;2021-01-03;0;0;3;0;0.0;0.0
01;2021-01-04;2;0;5;0;0.0;0.0
01;2021-01-05;2;0;7;0;0.0;0.0
01;2021-01-06;1;0;8;0;0.0;0.0
01;2021-01-07;67;0;75;0;0.0;0.0
01;2021-01-08;159;0;234;0;0.0;0.0
01;2021-01-09;2;1;236;1;0.0;0.0
01;2021-01-10;0;0;236;1;0.0;0.0
01;2021-01-11;148;0;384;1;0.1;0.0
01;2021-01-12;317;2;701;3;0.1;0.0
01;2021-01-13;444;1;1145;4;0.2;0.0
01;2021-01-14;529;3;1674;7;0.3;0.0
01;2021-01-15;397;3;2071;10;0.3;0.0
01;2021-01-16;202;0;2273;10;0.3;0.0
01;2021-01-17;128;0;2401;10;0.4;0.0
01;2021-01-18;379;1;2780;11;0.4;0.0
01;2021-01-19;1041;1;3821;12;0.6;0.0
01;2021-01-20;1262;2;5083;14;0.8;0.0
01;2021-01-21;1098;4;6181;18;0.9;0.0
01;2021-01-22;647;0;6828;18;1.0;0.0
01;2021-01-23;222;0;7050;18;1.1;0.0
01;2021-01-24;71;1;7121;19;1.1;0.0
01;2021-01-25;485;1;7606;20;1.2;0.0
01;2021-01-26;740;3;8346;23;1.3;0.0
01;2021-01-27;517;3;8863;26;1.3;0.0
01;2021-01-28;682;52;9545;78;1.5;0.0
01;2021-01-29;637;100;10182;178;1.5;0.0
01;2021-01-30;237;15;10419;193;1.6;0.0
01;2021-01-31;62;0;10481;193;1.6;0.0
01;2021-02-01;458;71;10939;264;1.7;0.0
01;2021-02-02;516;173;11455;437;1.7;0.1
01;2021-02-03;374;242;11829;679;1.8;0.1
01;2021-02-04;478;381;12307;1060;1.9;0.2
01;2021-02-05;441;255;12748;1315;1.9;0.2
01;2021-02-06;261;116;13009;1431;2.0;0.2
01;2021-02-07;2;97;13011;1528;2.0;0.2
01;2021-02-08;505;353;13516;1881;2.1;0.3
01;2021-02-09;775;792;14291;2673;2.2;0.4
01;2021-02-10;952;668;15243;3341;2.3;0.5
01;2021-02-11;792;720;16035;4061;2.4;0.6
01;2021-02-12;638;498;16673;4559;2.5;0.7
01;2021-02-13;161;110;16834;4669;2.6;0.7
01;2021-02-14;0;9;16834;4678;2.6;0.7
01;2021-02-15;437;397;17271;5075;2.6;0.8
01;2021-02-16;659;357;17930;5432;2.7;0.8
01;2021-02-17;520;234;18450;5666;2.8;0.9
01;2021-02-18;589;521;19039;6187;2.9;0.9
01;2021-02-19;580;212;19619;6399;3.0;1.0
01;2021-02-20;201;137;19820;6536;3.0;1.0
01;2021-02-21;0;1;19820;6537;3.0;1.0
01;2021-02-22;428;466;20248;7003;3.1;1.1
01;2021-02-23;482;453;20730;7456;3.2;1.1
01;2021-02-24;433;405;21163;7861;3.2;1.2
01;2021-02-25;827;559;21990;8420;3.3;1.3
01;2021-02-26;874;468;22864;8888;3.5;1.4
01;2021-02-27;480;106;23344;8994;3.6;1.4
01;2021-02-28;20;3;23364;8997;3.6;1.4
01;2021-03-01;630;413;23994;9410;3.7;1.4
01;2021-03-02;963;506;24957;9916;3.8;1.5
01;2021-03-03;939;635;25896;10551;3.9;1.6
01;2021-03-04;1198;599;27094;11150;4.1;1.7
01;2021-03-05;1354;461;28448;11611;4.3;1.8
01;2021-03-06;781;93;29229;11704;4.4;1.8
01;2021-03-07;43;1;29272;11705;4.5;1.8
01;2021-03-08;669;607;29941;12312;4.6;1.9
01;2021-03-09;1339;592;31280;12904;4.8;2.0
01;2021-03-10;1160;553;32440;13457;4.9;2.0
01;2021-03-11;1685;639;34125;14096;5.2;2.1
01;2021-03-12;2004;638;36129;14734;5.5;2.2
01;2021-03-13;1501;98;37630;14832;5.7;2.3
01;2021-03-14;132;59;37762;14891;5.7;2.3
01;2021-03-15;1157;397;38919;15288;5.9;2.3
01;2021-03-16;1012;563;39931;15851;6.1;2.4
01;2021-03-17;839;340;40770;16191;6.2;2.5
01;2021-03-18;1294;466;42064;16657;6.4;2.5
01;2021-03-19;1747;531;43811;17188;6.7;2.6
01;2021-03-20;1445;133;45256;17321;6.9;2.6
01;2021-03-21;97;11;45353;17332;6.9;2.6
01;2021-03-22;1575;490;46928;17822;7.1;2.7
01;2021-03-23;2197;645;49125;18467;7.5;2.8
01;2021-03-24;1615;412;50740;18879;7.7;2.9
01;2021-03-25;2910;633;53650;19512;8.2;3.0
01;2021-03-26;2872;614;56522;20126;8.6;3.1
01;2021-03-27;1311;161;57833;20287;8.8;3.1
01;2021-03-28;22;1;57855;20288;8.8;3.1
01;2021-03-29;1930;541;59785;20829;9.1;3.2
01;2021-03-30;2515;763;62300;21592;9.5;3.3
01;2021-03-31;1868;627;64168;22219;9.8;3.4
01;2021-04-01;2571;856;66739;23075;10.2;3.5
01;2021-04-02;2818;724;69557;23799;10.6;3.6
01;2021-04-03;1256;134;70813;23933;10.8;3.6
01;2021-04-04;2;0;70815;23933;10.8;3.6
01;2021-04-05;1261;65;72076;23998;11.0;3.7
01;2021-04-06;2823;792;74899;24790;11.4;3.8
01;2021-04-07;2740;706;77639;25496;11.8;3.9
01;2021-04-08;3243;995;80882;26491;12.3;4.0
01;2021-04-09;3988;1334;84870;27825;12.9;4.2
01;2021-04-10;1824;304;86694;28129;13.2;4.3
01;2021-04-11;44;22;86738;28151;13.2;4.3
01;2021-04-12;2717;1222;89455;29373;13.6;4.5
01;2021-04-13;2944;1322;92399;30695;14.1;4.7
01;2021-04-14;3127;1083;95526;31778;14.5;4.8
01;2021-04-15;3073;1476;98599;33254;15.0;5.1
01;2021-04-16;2861;1579;101460;34833;15.4;5.3
01;2021-04-17;1654;682;103114;35515;15.7;5.4
01;2021-04-18;13;0;103127;35515;15.7;5.4
01;2021-04-19;2040;1520;105167;37035;16.0;5.6
01;2021-04-20;2664;1573;107831;38608;16.4;5.9
01;2021-04-21;2686;1349;110517;39957;16.8;6.1
01;2021-04-22;2835;1532;113352;41489;17.3;6.3
01;2021-04-23;2764;1530;116116;43019;17.7;6.5
01;2021-04-24;1447;652;117563;43671;17.9;6.6
01;2021-04-25;9;0;117572;43671;17.9;6.6
01;2021-04-26;1970;1730;119542;45401;18.2;6.9
01;2021-04-27;2573;1554;122115;46955;18.6;7.1
01;2021-04-28;2500;1568;124615;48523;19.0;7.4
01;2021-04-29;2715;1771;127330;50294;19.4;7.7
01;2021-04-30;2983;2244;130313;52538;19.8;8.0
01;2021-05-01;1473;855;131786;53393;20.1;8.1
01;2021-05-02;546;76;132332;53469;20.1;8.1
01;2021-05-03;2294;2478;134626;55947;20.5;8.5
01;2021-05-04;2540;2634;137166;58581;20.9;8.9
01;2021-05-05;2528;2499;139694;61080;21.3;9.3
01;2021-05-06;2996;2528;142690;63608;21.7;9.7
01;2021-05-07;3218;2778;145908;66386;22.2;10.1
01;2021-05-08;1646;923;147554;67309;22.5;10.2
01;2021-05-09;1023;162;148577;67471;22.6;10.3
01;2021-05-10;2501;3066;151078;70537;23.0;10.7
01;2021-05-11;3581;3063;154659;73600;23.5;11.2
01;2021-05-12;3651;3003;158310;76603;24.1;11.7
01;2021-05-13;4087;1501;162397;78104;24.7;11.9
01;2021-05-14;4270;2344;166667;80448;25.4;12.2
01;2021-05-15;3157;1435;169824;81883;25.9;12.5
01;2021-05-16;1413;150;171237;82033;26.1;12.5
01;2021-05-17;3446;2469;174683;84502;26.6;12.9
01;2021-05-18;4074;1958;178757;86460;27.2;13.2
01;2021-05-19;3974;1901;182731;88361;27.8;13.5
01;2021-05-20;4530;2013;187261;90374;28.5;13.8
01;2021-05-21;4621;2194;191882;92568;29.2;14.1
01;2021-05-22;3368;952;195250;93520;29.7;14.2
01;2021-05-23;834;83;196084;93603;29.8;14.2
01;2021-05-24;2765;500;198849;94103;30.3;14.3
01;2021-05-25;3558;2428;202407;96531;30.8;14.7
01;2021-05-26;3571;2246;205978;98777;31.4;15.0
01;2021-05-27;3854;2098;209832;100875;31.9;15.4
01;2021-05-28;3665;2631;213497;103506;32.5;15.8
01;2021-05-29;3060;1304;216557;104810;33.0;16.0
01;2021-05-30;613;88;217170;104898;33.1;16.0
01;2021-05-31;2405;2515;219575;107413;33.4;16.4
01;2021-06-01;2769;2583;222344;109996;33.8;16.7
01;2021-06-02;2882;2200;225226;112196;34.3;17.1
01;2021-06-03;3365;2437;228591;114633;34.8;17.4
01;2021-06-04;4500;3371;233091;118004;35.5;18.0
01;2021-06-05;3253;1732;236344;119736;36.0;18.2
01;2021-06-06;670;78;237014;119814;36.1;18.2
01;2021-06-07;3389;2874;240403;122688;36.6;18.7
01;2021-06-08;3650;2719;244053;125407;37.1;19.1
01;2021-06-09;2949;2637;247002;128044;37.6;19.5
01;2021-06-10;2768;2039;249770;130083;38.0;19.8
01;2021-06-11;3071;3364;252841;133447;38.5;20.3
01;2021-06-12;2404;2199;255245;135646;38.9;20.6
01;2021-06-13;200;479;255445;136125;38.9;20.7
01;2021-06-14;2122;3166;257567;139291;39.2;21.2
01;2021-06-15;2004;3369;259571;142660;39.5;21.7
01;2021-06-16;2180;3291;261751;145951;39.8;22.2
01;2021-06-17;1958;3175;263709;149126;40.1;22.7
01;2021-06-18;2645;4165;266354;153291;40.5;23.3
01;2021-06-19;1728;2559;268082;155850;40.8;23.7
01;2021-06-20;159;498;268241;156348;40.8;23.8
01;2021-06-21;1800;3704;270041;160052;41.1;24.4
01;2021-06-22;1551;4000;271592;164052;41.3;25.0
01;2021-06-23;1584;3756;273176;167808;41.6;25.5
01;2021-06-24;1471;3567;274647;171375;41.8;26.1
01;2021-06-25;1889;4563;276536;175938;42.1;26.8
01;2021-06-26;1210;2946;277746;178884;42.3;27.2
01;2021-06-27;170;339;277916;179223;42.3;27.3
01;2021-06-28;1385;4024;279301;183247;42.5;27.9
01;2021-06-29;1412;3848;280713;187095;42.7;28.5
01;2021-06-30;1378;4159;282091;191254;42.9;29.1
01;2021-07-01;1432;4091;283523;195345;43.2;29.7
01;2021-07-02;1589;4987;285112;200332;43.4;30.5
01;2021-07-03;858;3376;285970;203708;43.5;31.0
01;2021-07-04;105;499;286075;204207;43.5;31.1
01;2021-07-05;1488;4083;287563;208290;43.8;31.7
01;2021-07-06;1105;4277;288668;212567;43.9;32.4
01;2021-07-07;1756;3697;290424;216264;44.2;32.9
01;2021-07-08;1475;3677;291899;219941;44.4;33.5
01;2021-07-09;1885;4362;293784;224303;44.7;34.1
01;2021-07-10;1120;3439;294904;227742;44.9;34.7
01;2021-07-11;105;418;295009;228160;44.9;34.7
01;2021-07-12;1422;3841;296431;232001;45.1;35.3
01;2021-07-13;2058;4117;298489;236118;45.4;35.9
01;2021-07-14;148;179;298637;236297;45.5;36.0
01;2021-07-15;3090;4190;301727;240487;45.9;36.6
01;2021-07-16;3747;4840;305474;245327;46.5;37.3
01;2021-07-17;2204;3049;307678;248376;46.8;37.8
01;2021-07-18;289;551;307967;248927;46.9;37.9
01;2021-07-19;2915;3868;310882;252795;47.3;38.5
01;2021-07-20;3299;3691;314181;256486;47.8;39.0
01;2021-07-21;3936;3563;318117;260049;48.4;39.6
01;2021-07-22;4219;3494;322336;263543;49.1;40.1
01;2021-07-23;3940;4218;326276;267761;49.7;40.8
01;2021-07-24;2732;2714;329008;270475;50.1;41.2
01;2021-07-25;61;59;329069;270534;50.1;41.2
01;2021-07-26;3348;3241;332417;273775;50.6;41.7
01;2021-07-27;4103;2787;336520;276562;51.2;42.1
01;2021-07-28;3988;2651;340508;279213;51.8;42.5
01;2021-07-29;4697;2438;345205;281651;52.5;42.9
01;2021-07-30;4453;3432;349658;285083;53.2;43.4
01;2021-07-31;3642;1778;353300;286861;53.8;43.7
01;2021-08-01;397;74;353697;286935;53.8;43.7
01;2021-08-02;3070;2453;356767;289388;54.3;44.0
01;2021-08-03;3071;2451;359838;291839;54.8;44.4
01;2021-08-04;2542;1735;362380;293574;55.2;44.7
01;2021-08-05;2243;2361;364623;295935;55.5;45.0
01;2021-08-06;2748;3112;367371;299047;55.9;45.5
01;2021-08-07;2069;1837;369440;300884;56.2;45.8
01;2021-08-08;246;261;369686;301145;56.3;45.8
01;2021-08-09;1133;2633;370819;303778;56.4;46.2
01;2021-08-10;1449;2417;372268;306195;56.7;46.6
01;2021-08-11;1470;2593;373738;308788;56.9;47.0
01;2021-08-12;1622;2825;375360;311613;57.1;47.4
01;2021-08-13;1809;2725;377169;314338;57.4;47.8
01;2021-08-14;1393;2234;378562;316572;57.6;48.2
01;2021-08-15;14;21;378576;316593;57.6;48.2
01;2021-08-16;978;3012;379554;319605;57.8;48.6
01;2021-08-17;1350;2757;380904;322362;58.0;49.1
01;2021-08-18;1254;2904;382158;325266;58.2;49.5
01;2021-08-19;1298;2424;383456;327690;58.4;49.9
01;2021-08-20;1449;3952;384905;331642;58.6;50.5
01;2021-08-21;880;2846;385785;334488;58.7;50.9
01;2021-08-22;19;20;385804;334508;58.7;50.9
01;2021-08-23;1113;3021;386917;337529;58.9;51.4
01;2021-08-24;1222;3148;388139;340677;59.1;51.9
01;2021-08-25;1121;2986;389260;343663;59.3;52.3
01;2021-08-26;1640;2734;390900;346397;59.5;52.7
01;2021-08-27;1635;3646;392535;350043;59.8;53.3
01;2021-08-28;1040;2589;393575;352632;59.9;53.7
01;2021-08-29;16;31;393591;352663;59.9;53.7
01;2021-08-30;1178;2730;394769;355393;60.1;54.1
01;2021-08-31;1088;1943;395857;357336;60.3;54.4
01;2021-09-01;908;1868;396765;359204;60.4;54.7
01;2021-09-02;796;1754;397561;360958;60.5;54.9
01;2021-09-03;1129;2398;398690;363356;60.7;55.3
01;2021-09-04;792;2001;399482;365357;60.8;55.6
01;2021-09-05;95;81;399577;365438;60.8;55.6
01;2021-09-06;647;1398;400224;366836;60.9;55.8
01;2021-09-07;575;1201;400799;368037;61.0;56.0
01;2021-09-08;790;1564;401589;369601;61.1;56.3
01;2021-09-09;733;1267;402322;370868;61.2;56.5
02;2020-12-27;0;0;0;0;0.0;0.0
02;2020-12-28;0;0;0;0;0.0;0.0
02;2020-12-29;0;0;0;0;0.0;0.0
02;2020-12-30;0;0;0;0;0.0;0.0
02;2020-12-31;0;0;0;0;0.0;0.0
02;2021-01-01;0;0;0;0;0.0;0.0
02;2021-01-02;0;0;0;0;0.0;0.0
02;2021-01-03;0;0;0;0;0.0;0.0
02;2021-01-04;0;0;0;0;0.0;0.0
02;2021-01-05;0;0;0;0;0.0;0.0
02;2021-01-06;22;0;22;0;0.0;0.0
02;2021-01-07;261;2;283;2;0.1;0.0
02;2021-01-08;489;3;772;5;0.1;0.0
02;2021-01-09;74;0;846;5;0.2;0.0
02;2021-01-10;49;0;895;5;0.2;0.0
02;2021-01-11;267;0;1162;5;0.2;0.0
02;2021-01-12;355;1;1517;6;0.3;0.0
02;2021-01-13;468;4;1985;10;0.4;0.0
02;2021-01-14;651;11;2636;21;0.5;0.0
02;2021-01-15;631;6;3267;27;0.6;0.0
02;2021-01-16;333;4;3600;31;0.7;0.0
02;2021-01-17;62;0;3662;31;0.7;0.0
02;2021-01-18;811;8;4473;39;0.9;0.0
02;2021-01-19;942;5;5415;44;1.0;0.0
02;2021-01-20;1430;5;6845;49;1.3;0.0
02;2021-01-21;2602;5;9447;54;1.8;0.0
02;2021-01-22;1421;5;10868;59;2.1;0.0
02;2021-01-23;291;1;11159;60;2.1;0.0
02;2021-01-24;67;0;11226;60;2.1;0.0
02;2021-01-25;432;8;11658;68;2.2;0.0
02;2021-01-26;704;14;12362;82;2.3;0.0
02;2021-01-27;162;2;12524;84;2.4;0.0
02;2021-01-28;69;231;12593;315;2.4;0.1
02;2021-01-29;119;401;12712;716;2.4;0.1
02;2021-01-30;4;13;12716;729;2.4;0.1
02;2021-01-31;0;10;12716;739;2.4;0.1
02;2021-02-01;11;201;12727;940;2.4;0.2
02;2021-02-02;45;315;12772;1255;2.4;0.2
02;2021-02-03;124;313;12896;1568;2.5;0.3
02;2021-02-04;227;330;13123;1898;2.5;0.4
02;2021-02-05;178;378;13301;2276;2.5;0.4
02;2021-02-06;68;155;13369;2431;2.5;0.5
02;2021-02-07;9;0;13378;2431;2.5;0.5
02;2021-02-08;305;403;13683;2834;2.6;0.5
02;2021-02-09;322;625;14005;3459;2.7;0.7
02;2021-02-10;485;986;14490;4445;2.8;0.8
02;2021-02-11;936;1800;15426;6245;2.9;1.2
02;2021-02-12;885;1045;16311;7290;3.1;1.4
02;2021-02-13;290;122;16601;7412;3.2;1.4
02;2021-02-14;1;5;16602;7417;3.2;1.4
02;2021-02-15;344;579;16946;7996;3.2;1.5
02;2021-02-16;413;473;17359;8469;3.3;1.6
02;2021-02-17;498;536;17857;9005;3.4;1.7
02;2021-02-18;507;381;18364;9386;3.5;1.8
02;2021-02-19;444;504;18808;9890;3.6;1.9
02;2021-02-20;372;208;19180;10098;3.6;1.9
02;2021-02-21;39;17;19219;10115;3.7;1.9
02;2021-02-22;377;279;19596;10394;3.7;2.0
02;2021-02-23;432;325;20028;10719;3.8;2.0
02;2021-02-24;600;137;20628;10856;3.9;2.1
02;2021-02-25;870;129;21498;10985;4.1;2.1
02;2021-02-26;808;73;22306;11058;4.2;2.1
02;2021-02-27;445;14;22751;11072;4.3;2.1
02;2021-02-28;55;2;22806;11074;4.3;2.1
02;2021-03-01;638;24;23444;11098;4.5;2.1
02;2021-03-02;1032;128;24476;11226;4.7;2.1
02;2021-03-03;754;203;25230;11429;4.8;2.2
02;2021-03-04;1162;627;26392;12056;5.0;2.3
02;2021-03-05;1048;506;27440;12562;5.2;2.4
02;2021-03-06;2139;95;29579;12657;5.6;2.4
02;2021-03-07;1505;49;31084;12706;5.9;2.4
02;2021-03-08;574;352;31658;13058;6.0;2.5
02;2021-03-09;998;388;32656;13446;6.2;2.6
02;2021-03-10;895;461;33551;13907;6.4;2.6
02;2021-03-11;1294;386;34845;14293;6.6;2.7
02;2021-03-12;1705;413;36550;14706;6.9;2.8
02;2021-03-13;2592;238;39142;14944;7.4;2.8
02;2021-03-14;1457;43;40599;14987;7.7;2.8
02;2021-03-15;612;450;41211;15437;7.8;2.9
02;2021-03-16;863;401;42074;15838;8.0;3.0
02;2021-03-17;759;441;42833;16279;8.1;3.1
02;2021-03-18;608;611;43441;16890;8.3;3.2
02;2021-03-19;1172;298;44613;17188;8.5;3.3
02;2021-03-20;2430;159;47043;17347;8.9;3.3
02;2021-03-21;1488;82;48531;17429;9.2;3.3
02;2021-03-22;762;490;49293;17919;9.4;3.4
02;2021-03-23;1194;543;50487;18462;9.6;3.5
02;2021-03-24;1582;501;52069;18963;9.9;3.6
02;2021-03-25;1694;593;53763;19556;10.2;3.7
02;2021-03-26;2412;492;56175;20048;10.7;3.8
02;2021-03-27;2495;137;58670;20185;11.2;3.8
02;2021-03-28;638;14;59308;20199;11.3;3.8
02;2021-03-29;1038;855;60346;21054;11.5;4.0
02;2021-03-30;1554;841;61900;21895;11.8;4.2
02;2021-03-31;1299;712;63199;22607;12.0;4.3
02;2021-04-01;1290;861;64489;23468;12.3;4.5
02;2021-04-02;1184;1228;65673;24696;12.5;4.7
02;2021-04-03;2647;849;68320;25545;13.0;4.9
02;2021-04-04;727;240;69047;25785;13.1;4.9
02;2021-04-05;1509;133;70556;25918;13.4;4.9
02;2021-04-06;1540;852;72096;26770;13.7;5.1
02;2021-04-07;1871;778;73967;27548;14.1;5.2
02;2021-04-08;1919;1104;75886;28652;14.4;5.4
02;2021-04-09;2433;1093;78319;29745;14.9;5.7
02;2021-04-10;2430;1211;80749;30956;15.4;5.9
02;2021-04-11;476;416;81225;31372;15.4;6.0
02;2021-04-12;1824;623;83049;31995;15.8;6.1
02;2021-04-13;1601;924;84650;32919;16.1;6.3
02;2021-04-14;2584;976;87234;33895;16.6;6.4
02;2021-04-15;2496;777;89730;34672;17.1;6.6
02;2021-04-16;2439;1131;92169;35803;17.5;6.8
02;2021-04-17;1890;2142;94059;37945;17.9;7.2
02;2021-04-18;270;812;94329;38757;17.9;7.4
02;2021-04-19;1158;633;95487;39390;18.2;7.5
02;2021-04-20;1676;765;97163;40155;18.5;7.6
02;2021-04-21;1550;994;98713;41149;18.8;7.8
02;2021-04-22;1748;704;100461;41853;19.1;8.0
02;2021-04-23;1930;1410;102391;43263;19.5;8.2
02;2021-04-24;1714;1641;104105;44904;19.8;8.5
02;2021-04-25;462;235;104567;45139;19.9;8.6
02;2021-04-26;1339;561;105906;45700;20.1;8.7
02;2021-04-27;1627;1092;107533;46792;20.4;8.9
02;2021-04-28;1592;1429;109125;48221;20.7;9.2
02;2021-04-29;1885;1170;111010;49391;21.1;9.4
02;2021-04-30;2717;1652;113727;51043;21.6;9.7
02;2021-05-01;1991;1231;115718;52274;22.0;9.9
02;2021-05-02;1982;420;117700;52694;22.4;10.0
02;2021-05-03;2225;984;119925;53678;22.8;10.2
02;2021-05-04;1523;1309;121448;54987;23.1;10.5
02;2021-05-05;2330;1842;123778;56829;23.5;10.8
02;2021-05-06;2123;1737;125901;58566;23.9;11.1
02;2021-05-07;2357;2173;128258;60739;24.4;11.5
02;2021-05-08;2920;950;131178;61689;24.9;11.7
02;2021-05-09;1822;421;133000;62110;25.3;11.8
02;2021-05-10;2375;1480;135375;63590;25.7;12.1
02;2021-05-11;2878;1576;138253;65166;26.3;12.4
02;2021-05-12;2675;1619;140928;66785;26.8;12.7
02;2021-05-13;2991;1038;143919;67823;27.4;12.9
02;2021-05-14;3382;1204;147301;69027;28.0;13.1
02;2021-05-15;4374;1087;151675;70114;28.8;13.3
02;2021-05-16;2797;213;154472;70327;29.4;13.4
02;2021-05-17;2147;664;156619;70991;29.8;13.5
02;2021-05-18;2635;973;159254;71964;30.3;13.7
02;2021-05-19;2852;999;162106;72963;30.8;13.9
02;2021-05-20;3554;1232;165660;74195;31.5;14.1
02;2021-05-21;3819;1071;169479;75266;32.2;14.3
02;2021-05-22;5847;969;175326;76235;33.3;14.5
02;2021-05-23;2659;239;177985;76474;33.8;14.5
02;2021-05-24;3542;541;181527;77015;34.5;14.6
02;2021-05-25;2260;1163;183787;78178;34.9;14.9
02;2021-05-26;3080;1498;186867;79676;35.5;15.1
02;2021-05-27;3651;1488;190518;81164;36.2;15.4
02;2021-05-28;3514;1578;194032;82742;36.9;15.7
02;2021-05-29;4081;1566;198113;84308;37.7;16.0
02;2021-05-30;1449;187;199562;84495;37.9;16.1
02;2021-05-31;2575;1192;202137;85687;38.4;16.3
02;2021-06-01;2870;1870;205007;87557;39.0;16.6
02;2021-06-02;3160;1651;208167;89208;39.6;17.0
02;2021-06-03;2857;1833;211024;91041;40.1;17.3
02;2021-06-04;3142;2060;214166;93101;40.7;17.7
02;2021-06-05;3441;1735;217607;94836;41.4;18.0
02;2021-06-06;1738;259;219345;95095;41.7;18.1
02;2021-06-07;1613;1500;220958;96595;42.0;18.4
02;2021-06-08;2063;1840;223021;98435;42.4;18.7
02;2021-06-09;2057;1646;225078;100081;42.8;19.0
02;2021-06-10;2013;1837;227091;101918;43.2;19.4
02;2021-06-11;2194;3071;229285;104989;43.6;20.0
02;2021-06-12;2312;2595;231597;107584;44.0;20.5
02;2021-06-13;684;1387;232281;108971;44.2;20.7
02;2021-06-14;1049;2393;233330;111364;44.4;21.2
02;2021-06-15;1519;2462;234849;113826;44.6;21.6
02;2021-06-16;1534;2750;236383;116576;44.9;22.2
02;2021-06-17;1782;2857;238165;119433;45.3;22.7
02;2021-06-18;2312;3571;240477;123004;45.7;23.4
02;2021-06-19;1841;3822;242318;126826;46.1;24.1
02;2021-06-20;644;1522;242962;128348;46.2;24.4
02;2021-06-21;808;3193;243770;131541;46.3;25.0
02;2021-06-22;1155;3668;244925;135209;46.6;25.7
02;2021-06-23;1227;3588;246152;138797;46.8;26.4
02;2021-06-24;1327;3149;247479;141946;47.0;27.0
02;2021-06-25;1400;4544;248879;146490;47.3;27.8
02;2021-06-26;1346;4228;250225;150718;47.6;28.7
02;2021-06-27;600;2334;250825;153052;47.7;29.1
02;2021-06-28;877;3021;251702;156073;47.8;29.7
02;2021-06-29;919;2929;252621;159002;48.0;30.2
02;2021-06-30;1510;3162;254131;162164;48.3;30.8
02;2021-07-01;1196;3592;255327;165756;48.5;31.5
02;2021-07-02;1360;5135;256687;170891;48.8;32.5
02;2021-07-03;999;5989;257686;176880;49.0;33.6
02;2021-07-04;509;2370;258195;179250;49.1;34.1
02;2021-07-05;661;3937;258856;183187;49.2;34.8
02;2021-07-06;674;3047;259530;186234;49.3;35.4
02;2021-07-07;1322;3723;260852;189957;49.6;36.1
02;2021-07-08;1394;3871;262246;193828;49.9;36.8
02;2021-07-09;1281;4216;263527;198044;50.1;37.6
02;2021-07-10;1332;4608;264859;202652;50.3;38.5
02;2021-07-11;481;1968;265340;204620;50.4;38.9
02;2021-07-12;1416;3729;266756;208349;50.7;39.6
02;2021-07-13;2067;3662;268823;212011;51.1;40.3
02;2021-07-14;1755;1600;270578;213611;51.4;40.6
02;2021-07-15;2726;3560;273304;217171;52.0;41.3
02;2021-07-16;3166;4218;276470;221389;52.6;42.1
02;2021-07-17;3562;4229;280032;225618;53.2;42.9
02;2021-07-18;2038;1614;282070;227232;53.6;43.2
02;2021-07-19;3440;3037;285510;230269;54.3;43.8
02;2021-07-20;3500;3300;289010;233569;54.9;44.4
02;2021-07-21;3910;2953;292920;236522;55.7;45.0
02;2021-07-22;3323;2805;296243;239327;56.3;45.5
02;2021-07-23;3208;3560;299451;242887;56.9;46.2
02;2021-07-24;4448;3723;303899;246610;57.8;46.9
02;2021-07-25;2192;1090;306091;247700;58.2;47.1
02;2021-07-26;3878;2253;309969;249953;58.9;47.5
02;2021-07-27;3662;2148;313631;252101;59.6;47.9
02;2021-07-28;3282;2096;316913;254197;60.2;48.3
02;2021-07-29;2583;2224;319496;256421;60.7;48.7
02;2021-07-30;3315;2307;322811;258728;61.4;49.2
02;2021-07-31;4186;2277;326997;261005;62.2;49.6
02;2021-08-01;1474;692;328471;261697;62.4;49.7
02;2021-08-02;2037;1601;330508;263298;62.8;50.1
02;2021-08-03;2534;1900;333042;265198;63.3;50.4
02;2021-08-04;2568;1707;335610;266905;63.8;50.7
02;2021-08-05;1849;2268;337459;269173;64.1;51.2
02;2021-08-06;2096;2743;339555;271916;64.5;51.7
02;2021-08-07;2521;2787;342076;274703;65.0;52.2
02;2021-08-08;1027;1571;343103;276274;65.2;52.5
02;2021-08-09;1898;2748;345001;279022;65.6;53.0
02;2021-08-10;1766;2459;346767;281481;65.9;53.5
02;2021-08-11;1481;2109;348248;283590;66.2;53.9
02;2021-08-12;1208;2333;349456;285923;66.4;54.4
02;2021-08-13;1610;2914;351066;288837;66.7;54.9
02;2021-08-14;1661;3695;352727;292532;67.1;55.6
02;2021-08-15;160;572;352887;293104;67.1;55.7
02;2021-08-16;1270;3759;354157;296863;67.3;56.4
02;2021-08-17;1416;2840;355573;299703;67.6;57.0
02;2021-08-18;1575;3182;357148;302885;67.9;57.6
02;2021-08-19;1134;3219;358282;306104;68.1;58.2
02;2021-08-20;1190;2948;359472;309052;68.3;58.7
02;2021-08-21;1442;4081;360914;313133;68.6;59.5
02;2021-08-22;406;1655;361320;314788;68.7;59.8
02;2021-08-23;1151;3075;362471;317863;68.9;60.4
02;2021-08-24;902;2184;363373;320047;69.1;60.8
02;2021-08-25;1019;2593;364392;322640;69.3;61.3
02;2021-08-26;910;2333;365302;324973;69.4;61.8
02;2021-08-27;964;2615;366266;327588;69.6;62.3
02;2021-08-28;1299;3424;367565;331012;69.9;62.9
02;2021-08-29;328;1170;367893;332182;69.9;63.1
02;2021-08-30;993;2470;368886;334652;70.1;63.6
02;2021-08-31;858;2255;369744;336907;70.3;64.0
02;2021-09-01;699;1545;370443;338452;70.4;64.3
02;2021-09-02;647;1760;371090;340212;70.5;64.7
02;2021-09-03;690;1955;371780;342167;70.7;65.0
02;2021-09-04;846;2835;372626;345002;70.8;65.6
02;2021-09-05;226;531;372852;345533;70.9;65.7
02;2021-09-06;402;1035;373254;346568;71.0;65.9
02;2021-09-07;450;1399;373704;347967;71.0;66.1
02;2021-09-08;507;1874;374211;349841;71.1;66.5
02;2021-09-09;427;1323;374638;351164;71.2;66.8
03;2020-12-27;0;0;0;0;0.0;0.0
03;2020-12-28;1;0;1;0;0.0;0.0
03;2020-12-29;0;0;1;0;0.0;0.0
03;2020-12-30;1;0;2;0;0.0;0.0
03;2020-12-31;0;0;2;0;0.0;0.0
03;2021-01-01;0;0;2;0;0.0;0.0
03;2021-01-02;0;0;2;0;0.0;0.0
03;2021-01-03;0;0;2;0;0.0;0.0
03;2021-01-04;0;0;2;0;0.0;0.0
03;2021-01-05;0;0;2;0;0.0;0.0
03;2021-01-06;10;0;12;0;0.0;0.0
03;2021-01-07;61;0;73;0;0.0;0.0
03;2021-01-08;146;1;219;1;0.1;0.0
03;2021-01-09;122;0;341;1;0.1;0.0
03;2021-01-10;6;0;347;1;0.1;0.0
03;2021-01-11;412;1;759;2;0.2;0.0
03;2021-01-12;631;0;1390;2;0.4;0.0
03;2021-01-13;669;2;2059;4;0.6;0.0
03;2021-01-14;861;4;2920;8;0.9;0.0
03;2021-01-15;387;3;3307;11;1.0;0.0
03;2021-01-16;278;0;3585;11;1.1;0.0
03;2021-01-17;42;0;3627;11;1.1;0.0
03;2021-01-18;878;0;4505;11;1.4;0.0
03;2021-01-19;1150;2;5655;13;1.7;0.0
03;2021-01-20;1290;3;6945;16;2.1;0.0
03;2021-01-21;1200;5;8145;21;2.5;0.0
03;2021-01-22;1117;4;9262;25;2.8;0.0
03;2021-01-23;466;0;9728;25;2.9;0.0
03;2021-01-24;0;0;9728;25;2.9;0.0
03;2021-01-25;187;0;9915;25;3.0;0.0
03;2021-01-26;679;7;10594;32;3.2;0.0
03;2021-01-27;695;10;11289;42;3.4;0.0
03;2021-01-28;1020;40;12309;82;3.7;0.0
03;2021-01-29;856;78;13165;160;4.0;0.0
03;2021-01-30;600;2;13765;162;4.2;0.0
03;2021-01-31;0;0;13765;162;4.2;0.0
03;2021-02-01;160;69;13925;231;4.2;0.1
03;2021-02-02;767;236;14692;467;4.4;0.1
03;2021-02-03;1056;428;15748;895;4.8;0.3
03;2021-02-04;1551;603;17299;1498;5.2;0.5
03;2021-02-05;948;300;18247;1798;5.5;0.5
03;2021-02-06;152;13;18399;1811;5.6;0.5
03;2021-02-07;5;0;18404;1811;5.6;0.5
03;2021-02-08;128;51;18532;1862;5.6;0.6
03;2021-02-09;612;438;19144;2300;5.8;0.7
03;2021-02-10;485;336;19629;2636;5.9;0.8
03;2021-02-11;1026;559;20655;3195;6.2;1.0
03;2021-02-12;1078;526;21733;3721;6.6;1.1
03;2021-02-13;126;157;21859;3878;6.6;1.2
03;2021-02-14;0;1;21859;3879;6.6;1.2
03;2021-02-15;309;682;22168;4561;6.7;1.4
03;2021-02-16;548;1024;22716;5585;6.9;1.7
03;2021-02-17;453;1154;23169;6739;7.0;2.0
03;2021-02-18;368;1089;23537;7828;7.1;2.4
03;2021-02-19;496;705;24033;8533;7.3;2.6
03;2021-02-20;128;155;24161;8688;7.3;2.6
03;2021-02-21;2;1;24163;8689;7.3;2.6
03;2021-02-22;158;184;24321;8873;7.3;2.7
03;2021-02-23;720;860;25041;9733;7.6;2.9
03;2021-02-24;609;907;25650;10640;7.7;3.2
03;2021-02-25;1092;1640;26742;12280;8.1;3.7
03;2021-02-26;821;1267;27563;13547;8.3;4.1
03;2021-02-27;96;227;27659;13774;8.3;4.2
03;2021-02-28;0;14;27659;13788;8.3;4.2
03;2021-03-01;178;227;27837;14015;8.4;4.2
03;2021-03-02;818;628;28655;14643;8.6;4.4
03;2021-03-03;903;417;29558;15060;8.9;4.5
03;2021-03-04;1540;553;31098;15613;9.4;4.7
03;2021-03-05;1121;694;32219;16307;9.7;4.9
03;2021-03-06;915;110;33134;16417;10.0;5.0
03;2021-03-07;2;0;33136;16417;10.0;5.0
03;2021-03-08;239;239;33375;16656;10.1;5.0
03;2021-03-09;1016;424;34391;17080;10.4;5.2
03;2021-03-10;941;538;35332;17618;10.7;5.3
03;2021-03-11;1676;644;37008;18262;11.2;5.5
03;2021-03-12;1302;857;38310;19119;11.6;5.8
03;2021-03-13;863;113;39173;19232;11.8;5.8
03;2021-03-14;2;5;39175;19237;11.8;5.8
03;2021-03-15;250;198;39425;19435;11.9;5.9
03;2021-03-16;650;402;40075;19837;12.1;6.0
03;2021-03-17;1303;434;41378;20271;12.5;6.1
03;2021-03-18;1720;392;43098;20663;13.0;6.2
03;2021-03-19;1728;363;44826;21026;13.5;6.3
03;2021-03-20;301;26;45127;21052;13.6;6.4
03;2021-03-21;1;0;45128;21052;13.6;6.4
03;2021-03-22;222;393;45350;21445;13.7;6.5
03;2021-03-23;1355;355;46705;21800;14.1;6.6
03;2021-03-24;1824;349;48529;22149;14.6;6.7
03;2021-03-25;2368;567;50897;22716;15.4;6.9
03;2021-03-26;2239;446;53136;23162;16.0;7.0
03;2021-03-27;816;21;53952;23183;16.3;7.0
03;2021-03-28;1;39;53953;23222;16.3;7.0
03;2021-03-29;659;175;54612;23397;16.5;7.1
03;2021-03-30;1908;449;56520;23846;17.1;7.2
03;2021-03-31;1014;984;57534;24830;17.4;7.5
03;2021-04-01;1375;1094;58909;25924;17.8;7.8
03;2021-04-02;1706;614;60615;26538;18.3;8.0
03;2021-04-03;366;99;60981;26637;18.4;8.0
03;2021-04-04;3;0;60984;26637;18.4;8.0
03;2021-04-05;18;14;61002;26651;18.4;8.0
03;2021-04-06;1073;410;62075;27061;18.7;8.2
03;2021-04-07;1562;522;63637;27583;19.2;8.3
03;2021-04-08;2120;481;65757;28064;19.8;8.5
03;2021-04-09;2057;1161;67814;29225;20.5;8.8
03;2021-04-10;1013;73;68827;29298;20.8;8.8
03;2021-04-11;478;9;69305;29307;20.9;8.8
03;2021-04-12;985;226;70290;29533;21.2;8.9
03;2021-04-13;1873;988;72163;30521;21.8;9.2
03;2021-04-14;2337;1222;74500;31743;22.5;9.6
03;2021-04-15;2621;1402;77121;33145;23.3;10.0
03;2021-04-16;2835;1179;79956;34324;24.1;10.4
03;2021-04-17;1082;441;81038;34765;24.5;10.5
03;2021-04-18;0;0;81038;34765;24.5;10.5
03;2021-04-19;1191;586;82229;35351;24.8;10.7
03;2021-04-20;1748;1274;83977;36625;25.3;11.1
03;2021-04-21;1122;1293;85099;37918;25.7;11.4
03;2021-04-22;1675;998;86774;38916;26.2;11.7
03;2021-04-23;2479;1272;89253;40188;26.9;12.1
03;2021-04-24;1301;920;90554;41108;27.3;12.4
03;2021-04-25;350;16;90904;41124;27.4;12.4
03;2021-04-26;1332;464;92236;41588;27.8;12.6
03;2021-04-27;1767;1524;94003;43112;28.4;13.0
03;2021-04-28;1930;1120;95933;44232;29.0;13.4
03;2021-04-29;2371;1239;98304;45471;29.7;13.7
03;2021-04-30;1931;806;100235;46277;30.3;14.0
03;2021-05-01;437;491;100672;46768;30.4;14.1
03;2021-05-02;2;1;100674;46769;30.4;14.1
03;2021-05-03;1912;774;102586;47543;31.0;14.3
03;2021-05-04;2845;1631;105431;49174;31.8;14.8
03;2021-05-05;2603;1325;108034;50499;32.6;15.2
03;2021-05-06;3097;2008;111131;52507;33.5;15.8
03;2021-05-07;4729;1792;115860;54299;35.0;16.4
03;2021-05-08;661;381;116521;54680;35.2;16.5
03;2021-05-09;49;511;116570;55191;35.2;16.7
03;2021-05-10;1892;1481;118462;56672;35.8;17.1
03;2021-05-11;3900;1840;122362;58512;36.9;17.7
03;2021-05-12;2971;1522;125333;60034;37.8;18.1
03;2021-05-13;4383;409;129716;60443;39.2;18.2
03;2021-05-14;3655;1697;133371;62140;40.3;18.8
03;2021-05-15;1942;490;135313;62630;40.8;18.9
03;2021-05-16;517;57;135830;62687;41.0;18.9
03;2021-05-17;1277;863;137107;63550;41.4;19.2
03;2021-05-18;3070;1505;140177;65055;42.3;19.6
03;2021-05-19;2623;968;142800;66023;43.1;19.9
03;2021-05-20;3336;1141;146136;67164;44.1;20.3
03;2021-05-21;4195;1281;150331;68445;45.4;20.7
03;2021-05-22;2012;359;152343;68804;46.0;20.8
03;2021-05-23;641;73;152984;68877;46.2;20.8
03;2021-05-24;2655;216;155639;69093;47.0;20.9
03;2021-05-25;3070;1689;158709;70782;47.9;21.4
03;2021-05-26;2338;1043;161047;71825;48.6;21.7
03;2021-05-27;2947;1127;163994;72952;49.5;22.0
03;2021-05-28;3849;2287;167843;75239;50.7;22.7
03;2021-05-29;1748;603;169591;75842;51.2;22.9
03;2021-05-30;242;23;169833;75865;51.3;22.9
03;2021-05-31;697;569;170530;76434;51.5;23.1
03;2021-06-01;2303;2346;172833;78780;52.2;23.8
03;2021-06-02;1535;1749;174368;80529;52.6;24.3
03;2021-06-03;2060;2754;176428;83283;53.3;25.1
03;2021-06-04;1699;2506;178127;85789;53.8;25.9
03;2021-06-05;1076;1143;179203;86932;54.1;26.2
03;2021-06-06;59;7;179262;86939;54.1;26.2
03;2021-06-07;785;1815;180047;88754;54.3;26.8
03;2021-06-08;1457;2556;181504;91310;54.8;27.6
03;2021-06-09;1267;1876;182771;93186;55.2;28.1
03;2021-06-10;1381;2124;184152;95310;55.6;28.8
03;2021-06-11;1503;3449;185655;98759;56.0;29.8
03;2021-06-12;831;823;186486;99582;56.3;30.1
03;2021-06-13;20;10;186506;99592;56.3;30.1
03;2021-06-14;381;2175;186887;101767;56.4;30.7
03;2021-06-15;1316;3834;188203;105601;56.8;31.9
03;2021-06-16;788;2888;188991;108489;57.0;32.7
03;2021-06-17;1083;3333;190074;111822;57.4;33.8
03;2021-06-18;1109;3978;191183;115800;57.7;35.0
03;2021-06-19;641;1618;191824;117418;57.9;35.4
03;2021-06-20;20;8;191844;117426;57.9;35.4
03;2021-06-21;462;2636;192306;120062;58.0;36.2
03;2021-06-22;1026;4004;193332;124066;58.4;37.4
03;2021-06-23;716;3285;194048;127351;58.6;38.4
03;2021-06-24;984;3862;195032;131213;58.9;39.6
03;2021-06-25;1019;3893;196051;135106;59.2;40.8
03;2021-06-26;513;2040;196564;137146;59.3;41.4
03;2021-06-27;65;486;196629;137632;59.3;41.5
03;2021-06-28;640;2097;197269;139729;59.5;42.2
03;2021-06-29;1029;3331;198298;143060;59.9;43.2
03;2021-06-30;831;3119;199129;146179;60.1;44.1
03;2021-07-01;986;2937;200115;149116;60.4;45.0
03;2021-07-02;920;4095;201035;153211;60.7;46.2
03;2021-07-03;487;1884;201522;155095;60.8;46.8
03;2021-07-04;20;332;201542;155427;60.8;46.9
03;2021-07-05;817;2381;202359;157808;61.1;47.6
03;2021-07-06;1171;3462;203530;161270;61.4;48.7
03;2021-07-07;805;2619;204335;163889;61.7;49.5
03;2021-07-08;1060;3042;205395;166931;62.0;50.4
03;2021-07-09;1471;3627;206866;170558;62.4;51.5
03;2021-07-10;509;1926;207375;172484;62.6;52.1
03;2021-07-11;61;492;207436;172976;62.6;52.2
03;2021-07-12;939;1149;208375;174125;62.9;52.6
03;2021-07-13;2613;3151;210988;177276;63.7;53.5
03;2021-07-14;195;25;211183;177301;63.7;53.5
03;2021-07-15;2613;2455;213796;179756;64.5;54.3
03;2021-07-16;2736;2277;216532;182033;65.4;54.9
03;2021-07-17;1033;1626;217565;183659;65.7;55.4
03;2021-07-18;31;6;217596;183665;65.7;55.4
03;2021-07-19;2392;1276;219988;184941;66.4;55.8
03;2021-07-20;3076;3032;223064;187973;67.3;56.7
03;2021-07-21;3213;1438;226277;189411;68.3;57.2
03;2021-07-22;2853;1887;229130;191298;69.2;57.7
03;2021-07-23;3206;1306;232336;192604;70.1;58.1
03;2021-07-24;588;581;232924;193185;70.3;58.3
03;2021-07-25;18;5;232942;193190;70.3;58.3
03;2021-07-26;2045;1578;234987;194768;70.9;58.8
03;2021-07-27;3325;2233;238312;197001;71.9;59.5
03;2021-07-28;2715;1116;241027;198117;72.7;59.8
03;2021-07-29;2548;1662;243575;199779;73.5;60.3
03;2021-07-30;2134;1453;245709;201232;74.2;60.7
03;2021-07-31;964;893;246673;202125;74.5;61.0
03;2021-08-01;13;20;246686;202145;74.5;61.0
03;2021-08-02;1679;1605;248365;203750;75.0;61.5
03;2021-08-03;2224;2774;250589;206524;75.6;62.3
03;2021-08-04;2195;889;252784;207413;76.3;62.6
03;2021-08-05;1265;1940;254049;209353;76.7;63.2
03;2021-08-06;1281;1023;255330;210376;77.1;63.5
03;2021-08-07;606;494;255936;210870;77.2;63.6
03;2021-08-08;66;29;256002;210899;77.3;63.7
03;2021-08-09;598;1305;256600;212204;77.4;64.0
03;2021-08-10;1677;3469;258277;215673;78.0;65.1
03;2021-08-11;1336;2529;259613;218202;78.4;65.9
03;2021-08-12;1138;3513;260751;221715;78.7;66.9
03;2021-08-13;769;1051;261520;222766;78.9;67.2
03;2021-08-14;379;567;261899;223333;79.0;67.4
03;2021-08-15;9;61;261908;223394;79.1;67.4
03;2021-08-16;723;2694;262631;226088;79.3;68.2
03;2021-08-17;1077;3220;263708;229308;79.6;69.2
03;2021-08-18;1162;2156;264870;231464;79.9;69.9
03;2021-08-19;1006;3050;265876;234514;80.2;70.8
03;2021-08-20;718;1139;266594;235653;80.5;71.1
03;2021-08-21;419;722;267013;236375;80.6;71.3
03;2021-08-22;8;6;267021;236381;80.6;71.3
03;2021-08-23;775;2286;267796;238667;80.8;72.0
03;2021-08-24;891;2408;268687;241075;81.1;72.8
03;2021-08-25;927;2025;269614;243100;81.4;73.4
03;2021-08-26;570;1435;270184;244535;81.5;73.8
03;2021-08-27;456;1580;270640;246115;81.7;74.3
03;2021-08-28;218;674;270858;246789;81.8;74.5
03;2021-08-29;4;0;270862;246789;81.8;74.5
03;2021-08-30;766;1469;271628;248258;82.0;74.9
03;2021-08-31;692;2052;272320;250310;82.2;75.6
03;2021-09-01;598;1512;272918;251822;82.4;76.0
03;2021-09-02;477;1234;273395;253056;82.5;76.4
03;2021-09-03;489;1186;273884;254242;82.7;76.7
03;2021-09-04;251;628;274135;254870;82.7;76.9
03;2021-09-05;5;11;274140;254881;82.7;76.9
03;2021-09-06;320;1098;274460;255979;82.8;77.3
03;2021-09-07;566;1592;275026;257571;83.0;77.7
03;2021-09-08;422;1538;275448;259109;83.1;78.2
03;2021-09-09;266;944;275714;260053;83.2;78.5
04;2020-12-27;0;0;0;0;0.0;0.0
04;2020-12-28;1;0;1;0;0.0;0.0
04;2020-12-29;0;0;1;0;0.0;0.0
04;2020-12-30;0;0;1;0;0.0;0.0
04;2020-12-31;0;0;1;0;0.0;0.0
04;2021-01-01;0;0;1;0;0.0;0.0
04;2021-01-02;0;0;1;0;0.0;0.0
04;2021-01-03;0;0;1;0;0.0;0.0
04;2021-01-04;0;0;1;0;0.0;0.0
04;2021-01-05;4;0;5;0;0.0;0.0
04;2021-01-06;0;0;5;0;0.0;0.0
04;2021-01-07;61;0;66;0;0.0;0.0
04;2021-01-08;88;0;154;0;0.1;0.0
04;2021-01-09;57;0;211;0;0.1;0.0
04;2021-01-10;0;0;211;0;0.1;0.0
04;2021-01-11;77;0;288;0;0.2;0.0
04;2021-01-12;421;0;709;0;0.4;0.0
04;2021-01-13;245;2;954;2;0.6;0.0
04;2021-01-14;90;2;1044;4;0.6;0.0
04;2021-01-15;164;4;1208;8;0.7;0.0
04;2021-01-16;106;2;1314;10;0.8;0.0
04;2021-01-17;14;0;1328;10;0.8;0.0
04;2021-01-18;236;9;1564;19;0.9;0.0
04;2021-01-19;468;3;2032;22;1.2;0.0
04;2021-01-20;574;9;2606;31;1.6;0.0
04;2021-01-21;614;5;3220;36;1.9;0.0
04;2021-01-22;638;1;3858;37;2.3;0.0
04;2021-01-23;111;0;3969;37;2.4;0.0
04;2021-01-24;0;0;3969;37;2.4;0.0
04;2021-01-25;240;0;4209;37;2.5;0.0
04;2021-01-26;656;1;4865;38;2.9;0.0
04;2021-01-27;480;0;5345;38;3.2;0.0
04;2021-01-28;665;20;6010;58;3.6;0.0
04;2021-01-29;368;41;6378;99;3.9;0.1
04;2021-01-30;65;41;6443;140;3.9;0.1
04;2021-01-31;1;5;6444;145;3.9;0.1
04;2021-02-01;269;145;6713;290;4.1;0.2
04;2021-02-02;560;220;7273;510;4.4;0.3
04;2021-02-03;367;159;7640;669;4.6;0.4
04;2021-02-04;357;52;7997;721;4.8;0.4
04;2021-02-05;379;217;8376;938;5.1;0.6
04;2021-02-06;50;87;8426;1025;5.1;0.6
04;2021-02-07;2;22;8428;1047;5.1;0.6
04;2021-02-08;163;66;8591;1113;5.2;0.7
04;2021-02-09;194;120;8785;1233;5.3;0.7
04;2021-02-10;252;158;9037;1391;5.5;0.8
04;2021-02-11;364;261;9401;1652;5.7;1.0
04;2021-02-12;293;299;9694;1951;5.9;1.2
04;2021-02-13;26;93;9720;2044;5.9;1.2
04;2021-02-14;0;0;9720;2044;5.9;1.2
04;2021-02-15;31;143;9751;2187;5.9;1.3
04;2021-02-16;81;445;9832;2632;6.0;1.6
04;2021-02-17;67;385;9899;3017;6.0;1.8
04;2021-02-18;45;550;9944;3567;6.0;2.2
04;2021-02-19;52;328;9996;3895;6.1;2.4
04;2021-02-20;5;68;10001;3963;6.1;2.4
04;2021-02-21;0;0;10001;3963;6.1;2.4
04;2021-02-22;7;267;10008;4230;6.1;2.6
04;2021-02-23;19;526;10027;4756;6.1;2.9
04;2021-02-24;38;381;10065;5137;6.1;3.1
04;2021-02-25;72;335;10137;5472;6.1;3.3
04;2021-02-26;216;292;10353;5764;6.3;3.5
04;2021-02-27;179;69;10532;5833;6.4;3.5
04;2021-02-28;1;0;10533;5833;6.4;3.5
04;2021-03-01;18;67;10551;5900;6.4;3.6
04;2021-03-02;135;38;10686;5938;6.5;3.6
04;2021-03-03;375;595;11061;6533;6.7;4.0
04;2021-03-04;207;449;11268;6982;6.8;4.2
04;2021-03-05;236;335;11504;7317;7.0;4.4
04;2021-03-06;912;73;12416;7390;7.5;4.5
04;2021-03-07;498;25;12914;7415;7.8;4.5
04;2021-03-08;45;77;12959;7492;7.8;4.5
04;2021-03-09;215;245;13174;7737;8.0;4.7
04;2021-03-10;401;359;13575;8096;8.2;4.9
04;2021-03-11;495;336;14070;8432;8.5;5.1
04;2021-03-12;699;207;14769;8639;8.9;5.2
04;2021-03-13;1088;63;15857;8702;9.6;5.3
04;2021-03-14;460;3;16317;8705;9.9;5.3
04;2021-03-15;93;14;16410;8719;9.9;5.3
04;2021-03-16;74;8;16484;8727;10.0;5.3
04;2021-03-17;535;81;17019;8808;10.3;5.3
04;2021-03-18;815;25;17834;8833;10.8;5.3
04;2021-03-19;724;33;18558;8866;11.2;5.4
04;2021-03-20;159;3;18717;8869;11.3;5.4
04;2021-03-21;0;0;18717;8869;11.3;5.4
04;2021-03-22;105;13;18822;8882;11.4;5.4
04;2021-03-23;244;7;19066;8889;11.5;5.4
04;2021-03-24;1024;52;20090;8941;12.2;5.4
04;2021-03-25;1325;46;21415;8987;13.0;5.4
04;2021-03-26;1449;66;22864;9053;13.8;5.5
04;2021-03-27;266;20;23130;9073;14.0;5.5
04;2021-03-28;2;0;23132;9073;14.0;5.5
04;2021-03-29;681;13;23813;9086;14.4;5.5
04;2021-03-30;1086;147;24899;9233;15.1;5.6
04;2021-03-31;1327;107;26226;9340;15.9;5.7
04;2021-04-01;1133;133;27359;9473;16.6;5.7
04;2021-04-02;1185;111;28544;9584;17.3;5.8
04;2021-04-03;250;20;28794;9604;17.4;5.8
04;2021-04-04;1;0;28795;9604;17.4;5.8
04;2021-04-05;36;1;28831;9605;17.5;5.8
04;2021-04-06;928;148;29759;9753;18.0;5.9
04;2021-04-07;881;435;30640;10188;18.5;6.2
04;2021-04-08;926;698;31566;10886;19.1;6.6
04;2021-04-09;678;421;32244;11307;19.5;6.8
04;2021-04-10;231;191;32475;11498;19.7;7.0
04;2021-04-11;153;65;32628;11563;19.8;7.0
04;2021-04-12;593;101;33221;11664;20.1;7.1
04;2021-04-13;1190;240;34411;11904;20.8;7.2
04;2021-04-14;994;499;35405;12403;21.4;7.5
04;2021-04-15;921;672;36326;13075;22.0;7.9
04;2021-04-16;819;456;37145;13531;22.5;8.2
04;2021-04-17;211;69;37356;13600;22.6;8.2
04;2021-04-18;0;13;37356;13613;22.6;8.2
04;2021-04-19;338;288;37694;13901;22.8;8.4
04;2021-04-20;1005;444;38699;14345;23.4;8.7
04;2021-04-21;656;744;39355;15089;23.8;9.1
04;2021-04-22;759;853;40114;15942;24.3;9.7
04;2021-04-23;695;537;40809;16479;24.7;10.0
04;2021-04-24;165;65;40974;16544;24.8;10.0
04;2021-04-25;0;0;40974;16544;24.8;10.0
04;2021-04-26;172;611;41146;17155;24.9;10.4
04;2021-04-27;395;966;41541;18121;25.1;11.0
04;2021-04-28;432;1088;41973;19209;25.4;11.6
04;2021-04-29;687;1126;42660;20335;25.8;12.3
04;2021-04-30;436;848;43096;21183;26.1;12.8
04;2021-05-01;104;22;43200;21205;26.2;12.8
04;2021-05-02;8;131;43208;21336;26.2;12.9
04;2021-05-03;151;551;43359;21887;26.2;13.2
04;2021-05-04;564;837;43923;22724;26.6;13.8
04;2021-05-05;514;926;44437;23650;26.9;14.3
04;2021-05-06;1162;592;45599;24242;27.6;14.7
04;2021-05-07;657;756;46256;24998;28.0;15.1
04;2021-05-08;48;98;46304;25096;28.0;15.2
04;2021-05-09;0;0;46304;25096;28.0;15.2
04;2021-05-10;466;295;46770;25391;28.3;15.4
04;2021-05-11;1200;905;47970;26296;29.0;15.9
04;2021-05-12;1389;741;49359;27037;29.9;16.4
04;2021-05-13;378;131;49737;27168;30.1;16.4
04;2021-05-14;440;296;50177;27464;30.4;16.6
04;2021-05-15;99;162;50276;27626;30.4;16.7
04;2021-05-16;4;6;50280;27632;30.4;16.7
04;2021-05-17;155;298;50435;27930;30.5;16.9
04;2021-05-18;392;975;50827;28905;30.8;17.5
04;2021-05-19;773;688;51600;29593;31.2;17.9
04;2021-05-20;1258;551;52858;30144;32.0;18.2
04;2021-05-21;853;787;53711;30931;32.5;18.7
04;2021-05-22;105;146;53816;31077;32.6;18.8
04;2021-05-23;1;1;53817;31078;32.6;18.8
04;2021-05-24;2;36;53819;31114;32.6;18.8
04;2021-05-25;868;593;54687;31707;33.1;19.2
04;2021-05-26;1048;788;55735;32495;33.7;19.7
04;2021-05-27;1357;633;57092;33128;34.6;20.1
04;2021-05-28;1119;653;58211;33781;35.2;20.4
04;2021-05-29;90;398;58301;34179;35.3;20.7
04;2021-05-30;3;1;58304;34180;35.3;20.7
04;2021-05-31;421;417;58725;34597;35.5;20.9
04;2021-06-01;643;640;59368;35237;35.9;21.3
04;2021-06-02;871;1063;60239;36300;36.5;22.0
04;2021-06-03;1196;851;61435;37151;37.2;22.5
04;2021-06-04;977;778;62412;37929;37.8;23.0
04;2021-06-05;142;202;62554;38131;37.9;23.1
04;2021-06-06;7;13;62561;38144;37.9;23.1
04;2021-06-07;563;316;63124;38460;38.2;23.3
04;2021-06-08;843;595;63967;39055;38.7;23.6
04;2021-06-09;1148;685;65115;39740;39.4;24.1
04;2021-06-10;1147;585;66262;40325;40.1;24.4
04;2021-06-11;945;614;67207;40939;40.7;24.8
04;2021-06-12;212;145;67419;41084;40.8;24.9
04;2021-06-13;1;1;67420;41085;40.8;24.9
04;2021-06-14;478;303;67898;41388;41.1;25.1
04;2021-06-15;645;1003;68543;42391;41.5;25.7
04;2021-06-16;1022;786;69565;43177;42.1;26.1
04;2021-06-17;1001;960;70566;44137;42.7;26.7
04;2021-06-18;765;886;71331;45023;43.2;27.3
04;2021-06-19;40;85;71371;45108;43.2;27.3
04;2021-06-20;7;9;71378;45117;43.2;27.3
04;2021-06-21;306;615;71684;45732;43.4;27.7
04;2021-06-22;361;1310;72045;47042;43.6;28.5
04;2021-06-23;476;1313;72521;48355;43.9;29.3
04;2021-06-24;852;816;73373;49171;44.4;29.8
04;2021-06-25;462;639;73835;49810;44.7;30.2
04;2021-06-26;57;130;73892;49940;44.7;30.2
04;2021-06-27;4;4;73896;49944;44.7;30.2
04;2021-06-28;158;341;74054;50285;44.8;30.4
04;2021-06-29;371;838;74425;51123;45.1;30.9
04;2021-06-30;541;1121;74966;52244;45.4;31.6
04;2021-07-01;579;1219;75545;53463;45.7;32.4
04;2021-07-02;557;1090;76102;54553;46.1;33.0
04;2021-07-03;65;162;76167;54715;46.1;33.1
04;2021-07-04;6;6;76173;54721;46.1;33.1
04;2021-07-05;106;297;76279;55018;46.2;33.3
04;2021-07-06;505;1382;76784;56400;46.5;34.1
04;2021-07-07;495;1342;77279;57742;46.8;35.0
04;2021-07-08;726;1363;78005;59105;47.2;35.8
04;2021-07-09;581;1061;78586;60166;47.6;36.4
04;2021-07-10;92;177;78678;60343;47.6;36.5
04;2021-07-11;0;21;78678;60364;47.6;36.5
04;2021-07-12;128;653;78806;61017;47.7;36.9
04;2021-07-13;882;1541;79688;62558;48.2;37.9
04;2021-07-14;26;43;79714;62601;48.3;37.9
04;2021-07-15;1220;1737;80934;64338;49.0;38.9
04;2021-07-16;1082;1119;82016;65457;49.6;39.6
04;2021-07-17;446;234;82462;65691;49.9;39.8
04;2021-07-18;114;18;82576;65709;50.0;39.8
04;2021-07-19;484;655;83060;66364;50.3;40.2
04;2021-07-20;1314;1467;84374;67831;51.1;41.1
04;2021-07-21;1127;1165;85501;68996;51.8;41.8
04;2021-07-22;1500;1372;87001;70368;52.7;42.6
04;2021-07-23;1151;1141;88152;71509;53.4;43.3
04;2021-07-24;685;213;88837;71722;53.8;43.4
04;2021-07-25;42;20;88879;71742;53.8;43.4
04;2021-07-26;445;639;89324;72381;54.1;43.8
04;2021-07-27;1372;1045;90696;73426;54.9;44.4
04;2021-07-28;1074;1038;91770;74464;55.6;45.1
04;2021-07-29;1560;1299;93330;75763;56.5;45.9
04;2021-07-30;1246;925;94576;76688;57.3;46.4
04;2021-07-31;252;176;94828;76864;57.4;46.5
04;2021-08-01;48;19;94876;76883;57.4;46.5
04;2021-08-02;139;110;95015;76993;57.5;46.6
04;2021-08-03;1347;1115;96362;78108;58.3;47.3
04;2021-08-04;1178;862;97540;78970;59.0;47.8
04;2021-08-05;1191;736;98731;79706;59.8;48.2
04;2021-08-06;519;397;99250;80103;60.1;48.5
04;2021-08-07;161;162;99411;80265;60.2;48.6
04;2021-08-08;25;12;99436;80277;60.2;48.6
04;2021-08-09;104;120;99540;80397;60.3;48.7
04;2021-08-10;656;980;100196;81377;60.7;49.3
04;2021-08-11;1147;1020;101343;82397;61.3;49.9
04;2021-08-12;1126;1302;102469;83699;62.0;50.7
04;2021-08-13;443;384;102912;84083;62.3;50.9
04;2021-08-14;100;73;103012;84156;62.4;50.9
04;2021-08-15;0;0;103012;84156;62.4;50.9
04;2021-08-16;103;138;103115;84294;62.4;51.0
04;2021-08-17;497;1014;103612;85308;62.7;51.6
04;2021-08-18;718;1319;104330;86627;63.2;52.4
04;2021-08-19;740;1410;105070;88037;63.6;53.3
04;2021-08-20;746;1364;105816;89401;64.1;54.1
04;2021-08-21;65;111;105881;89512;64.1;54.2
04;2021-08-22;15;45;105896;89557;64.1;54.2
04;2021-08-23;54;109;105950;89666;64.1;54.3
04;2021-08-24;680;1492;106630;91158;64.5;55.2
04;2021-08-25;656;1183;107286;92341;64.9;55.9
04;2021-08-26;488;1213;107774;93554;65.2;56.6
04;2021-08-27;450;931;108224;94485;65.5;57.2
04;2021-08-28;123;244;108347;94729;65.6;57.3
04;2021-08-29;27;23;108374;94752;65.6;57.4
04;2021-08-30;122;245;108496;94997;65.7;57.5
04;2021-08-31;510;1007;109006;96004;66.0;58.1
04;2021-09-01;507;1253;109513;97257;66.3;58.9
04;2021-09-02;333;930;109846;98187;66.5;59.4
04;2021-09-03;287;819;110133;99006;66.7;59.9
04;2021-09-04;139;236;110272;99242;66.8;60.1
04;2021-09-05;14;9;110286;99251;66.8;60.1
04;2021-09-06;57;106;110343;99357;66.8;60.1
04;2021-09-07;370;1037;110713;100394;67.0;60.8
04;2021-09-08;321;888;111034;101282;67.2;61.3
04;2021-09-09;334;957;111368;102239;67.4;61.9
05;2020-12-27;0;0;0;0;0.0;0.0
05;2020-12-28;1;0;1;0;0.0;0.0
05;2020-12-29;1;0;2;0;0.0;0.0
05;2020-12-30;2;0;4;0;0.0;0.0
05;2020-12-31;0;0;4;0;0.0;0.0
05;2021-01-01;2;0;6;0;0.0;0.0
05;2021-01-02;2;0;8;0;0.0;0.0
05;2021-01-03;1;0;9;0;0.0;0.0
05;2021-01-04;2;0;11;0;0.0;0.0
05;2021-01-05;0;0;11;0;0.0;0.0
05;2021-01-06;21;0;32;0;0.0;0.0
05;2021-01-07;128;0;160;0;0.1;0.0
05;2021-01-08;146;0;306;0;0.2;0.0
05;2021-01-09;11;0;317;0;0.2;0.0
05;2021-01-10;0;0;317;0;0.2;0.0
05;2021-01-11;44;0;361;0;0.3;0.0
05;2021-01-12;105;0;466;0;0.3;0.0
05;2021-01-13;140;0;606;0;0.4;0.0
05;2021-01-14;167;0;773;0;0.5;0.0
05;2021-01-15;128;1;901;1;0.6;0.0
05;2021-01-16;14;0;915;1;0.6;0.0
05;2021-01-17;0;0;915;1;0.6;0.0
05;2021-01-18;226;1;1141;2;0.8;0.0
05;2021-01-19;228;0;1369;2;1.0;0.0
05;2021-01-20;213;0;1582;2;1.1;0.0
05;2021-01-21;255;0;1837;2;1.3;0.0
05;2021-01-22;195;1;2032;3;1.4;0.0
05;2021-01-23;112;0;2144;3;1.5;0.0
05;2021-01-24;0;0;2144;3;1.5;0.0
05;2021-01-25;317;0;2461;3;1.7;0.0
05;2021-01-26;486;0;2947;3;2.1;0.0
05;2021-01-27;389;3;3336;6;2.4;0.0
05;2021-01-28;363;43;3699;49;2.6;0.0
05;2021-01-29;364;110;4063;159;2.9;0.1
05;2021-01-30;97;9;4160;168;2.9;0.1
05;2021-01-31;4;0;4164;168;2.9;0.1
05;2021-02-01;177;20;4341;188;3.1;0.1
05;2021-02-02;187;112;4528;300;3.2;0.2
05;2021-02-03;207;60;4735;360;3.3;0.3
05;2021-02-04;197;122;4932;482;3.5;0.3
05;2021-02-05;183;111;5115;593;3.6;0.4
05;2021-02-06;76;24;5191;617;3.7;0.4
05;2021-02-07;0;5;5191;622;3.7;0.4
05;2021-02-08;84;98;5275;720;3.7;0.5
05;2021-02-09;97;99;5372;819;3.8;0.6
05;2021-02-10;81;158;5453;977;3.8;0.7
05;2021-02-11;87;114;5540;1091;3.9;0.8
05;2021-02-12;84;124;5624;1215;4.0;0.9
05;2021-02-13;75;31;5699;1246;4.0;0.9
05;2021-02-14;0;0;5699;1246;4.0;0.9
05;2021-02-15;97;160;5796;1406;4.1;1.0
05;2021-02-16;111;238;5907;1644;4.2;1.2
05;2021-02-17;136;205;6043;1849;4.3;1.3
05;2021-02-18;154;270;6197;2119;4.4;1.5
05;2021-02-19;158;299;6355;2418;4.5;1.7
05;2021-02-20;31;77;6386;2495;4.5;1.8
05;2021-02-21;0;0;6386;2495;4.5;1.8
05;2021-02-22;70;215;6456;2710;4.6;1.9
05;2021-02-23;18;196;6474;2906;4.6;2.1
05;2021-02-24;20;152;6494;3058;4.6;2.2
05;2021-02-25;56;130;6550;3188;4.6;2.2
05;2021-02-26;145;182;6695;3370;4.7;2.4
05;2021-02-27;65;154;6760;3524;4.8;2.5
05;2021-02-28;11;0;6771;3524;4.8;2.5
05;2021-03-01;92;148;6863;3672;4.8;2.6
05;2021-03-02;92;171;6955;3843;4.9;2.7
05;2021-03-03;112;206;7067;4049;5.0;2.9
05;2021-03-04;242;145;7309;4194;5.2;3.0
05;2021-03-05;578;174;7887;4368;5.6;3.1
05;2021-03-06;668;52;8555;4420;6.0;3.1
05;2021-03-07;516;19;9071;4439;6.4;3.1
05;2021-03-08;556;128;9627;4567;6.8;3.2
05;2021-03-09;520;156;10147;4723;7.2;3.3
05;2021-03-10;498;139;10645;4862;7.5;3.4
05;2021-03-11;376;137;11021;4999;7.8;3.5
05;2021-03-12;435;90;11456;5089;8.1;3.6
05;2021-03-13;796;95;12252;5184;8.6;3.7
05;2021-03-14;670;11;12922;5195;9.1;3.7
05;2021-03-15;354;124;13276;5319;9.4;3.8
05;2021-03-16;149;141;13425;5460;9.5;3.9
05;2021-03-17;262;120;13687;5580;9.7;3.9
05;2021-03-18;364;35;14051;5615;9.9;4.0
05;2021-03-19;450;59;14501;5674;10.2;4.0
05;2021-03-20;167;32;14668;5706;10.3;4.0
05;2021-03-21;1;0;14669;5706;10.3;4.0
05;2021-03-22;717;36;15386;5742;10.9;4.1
05;2021-03-23;805;14;16191;5756;11.4;4.1
05;2021-03-24;790;77;16981;5833;12.0;4.1
05;2021-03-25;901;59;17882;5892;12.6;4.2
05;2021-03-26;1023;49;18905;5941;13.3;4.2
05;2021-03-27;467;33;19372;5974;13.7;4.2
05;2021-03-28;10;0;19382;5974;13.7;4.2
05;2021-03-29;905;63;20287;6037;14.3;4.3
05;2021-03-30;1142;78;21429;6115;15.1;4.3
05;2021-03-31;823;253;22252;6368;15.7;4.5
05;2021-04-01;900;242;23152;6610;16.3;4.7
05;2021-04-02;665;378;23817;6988;16.8;4.9
05;2021-04-03;550;183;24367;7171;17.2;5.1
05;2021-04-04;350;63;24717;7234;17.4;5.1
05;2021-04-05;158;12;24875;7246;17.5;5.1
05;2021-04-06;646;274;25521;7520;18.0;5.3
05;2021-04-07;773;323;26294;7843;18.5;5.5
05;2021-04-08;734;335;27028;8178;19.1;5.8
05;2021-04-09;882;411;27910;8589;19.7;6.1
05;2021-04-10;714;387;28624;8976;20.2;6.3
05;2021-04-11;191;174;28815;9150;20.3;6.5
05;2021-04-12;732;264;29547;9414;20.8;6.6
05;2021-04-13;921;248;30468;9662;21.5;6.8
05;2021-04-14;668;326;31136;9988;22.0;7.0
05;2021-04-15;768;398;31904;10386;22.5;7.3
05;2021-04-16;731;411;32635;10797;23.0;7.6
05;2021-04-17;671;239;33306;11036;23.5;7.8
05;2021-04-18;305;23;33611;11059;23.7;7.8
05;2021-04-19;363;536;33974;11595;24.0;8.2
05;2021-04-20;482;629;34456;12224;24.3;8.6
05;2021-04-21;494;628;34950;12852;24.7;9.1
05;2021-04-22;385;548;35335;13400;24.9;9.5
05;2021-04-23;523;656;35858;14056;25.3;9.9
05;2021-04-24;347;384;36205;14440;25.5;10.2
05;2021-04-25;288;23;36493;14463;25.7;10.2
05;2021-04-26;367;704;36860;15167;26.0;10.7
05;2021-04-27;657;748;37517;15915;26.5;11.2
05;2021-04-28;468;721;37985;16636;26.8;11.7
05;2021-04-29;703;748;38688;17384;27.3;12.3
05;2021-04-30;509;755;39197;18139;27.7;12.8
05;2021-05-01;138;110;39335;18249;27.7;12.9
05;2021-05-02;267;115;39602;18364;27.9;13.0
05;2021-05-03;457;493;40059;18857;28.3;13.3
05;2021-05-04;384;503;40443;19360;28.5;13.7
05;2021-05-05;462;670;40905;20030;28.9;14.1
05;2021-05-06;646;725;41551;20755;29.3;14.6
05;2021-05-07;596;800;42147;21555;29.7;15.2
05;2021-05-08;481;177;42628;21732;30.1;15.3
05;2021-05-09;208;57;42836;21789;30.2;15.4
05;2021-05-10;500;697;43336;22486;30.6;15.9
05;2021-05-11;669;908;44005;23394;31.0;16.5
05;2021-05-12;647;733;44652;24127;31.5;17.0
05;2021-05-13;960;116;45612;24243;32.2;17.1
05;2021-05-14;826;495;46438;24738;32.8;17.5
05;2021-05-15;1043;354;47481;25092;33.5;17.7
05;2021-05-16;235;52;47716;25144;33.7;17.7
05;2021-05-17;484;430;48200;25574;34.0;18.0
05;2021-05-18;519;419;48719;25993;34.4;18.3
05;2021-05-19;727;460;49446;26453;34.9;18.7
05;2021-05-20;747;434;50193;26887;35.4;19.0
05;2021-05-21;705;511;50898;27398;35.9;19.3
05;2021-05-22;607;239;51505;27637;36.3;19.5
05;2021-05-23;277;59;51782;27696;36.5;19.5
05;2021-05-24;509;157;52291;27853;36.9;19.6
05;2021-05-25;515;483;52806;28336;37.3;20.0
05;2021-05-26;696;363;53502;28699;37.7;20.2
05;2021-05-27;799;572;54301;29271;38.3;20.6
05;2021-05-28;666;648;54967;29919;38.8;21.1
05;2021-05-29;566;544;55533;30463;39.2;21.5
05;2021-05-30;212;82;55745;30545;39.3;21.5
05;2021-05-31;575;495;56320;31040;39.7;21.9
05;2021-06-01;589;585;56909;31625;40.1;22.3
05;2021-06-02;685;703;57594;32328;40.6;22.8
05;2021-06-03;716;650;58310;32978;41.1;23.3
05;2021-06-04;1018;819;59328;33797;41.9;23.8
05;2021-06-05;807;508;60135;34305;42.4;24.2
05;2021-06-06;202;89;60337;34394;42.6;24.3
05;2021-06-07;605;833;60942;35227;43.0;24.9
05;2021-06-08;702;659;61644;35886;43.5;25.3
05;2021-06-09;648;783;62292;36669;43.9;25.9
05;2021-06-10;544;718;62836;37387;44.3;26.4
05;2021-06-11;766;723;63602;38110;44.9;26.9
05;2021-06-12;593;484;64195;38594;45.3;27.2
05;2021-06-13;112;91;64307;38685;45.4;27.3
05;2021-06-14;403;669;64710;39354;45.6;27.8
05;2021-06-15;543;910;65253;40264;46.0;28.4
05;2021-06-16;433;671;65686;40935;46.3;28.9
05;2021-06-17;361;805;66047;41740;46.6;29.4
05;2021-06-18;398;724;66445;42464;46.9;30.0
05;2021-06-19;421;570;66866;43034;47.2;30.4
05;2021-06-20;64;77;66930;43111;47.2;30.4
05;2021-06-21;319;641;67249;43752;47.4;30.9
05;2021-06-22;356;829;67605;44581;47.7;31.4
05;2021-06-23;354;764;67959;45345;47.9;32.0
05;2021-06-24;388;1022;68347;46367;48.2;32.7
05;2021-06-25;229;892;68576;47259;48.4;33.3
05;2021-06-26;292;1074;68868;48333;48.6;34.1
05;2021-06-27;128;170;68996;48503;48.7;34.2
05;2021-06-28;254;792;69250;49295;48.9;34.8
05;2021-06-29;250;785;69500;50080;49.0;35.3
05;2021-06-30;329;788;69829;50868;49.3;35.9
05;2021-07-01;383;789;70212;51657;49.5;36.4
05;2021-07-02;370;871;70582;52528;49.8;37.1
05;2021-07-03;305;741;70887;53269;50.0;37.6
05;2021-07-04;179;177;71066;53446;50.1;37.7
05;2021-07-05;264;781;71330;54227;50.3;38.3
05;2021-07-06;336;858;71666;55085;50.6;38.9
05;2021-07-07;401;782;72067;55867;50.8;39.4
05;2021-07-08;431;848;72498;56715;51.1;40.0
05;2021-07-09;422;994;72920;57709;51.4;40.7
05;2021-07-10;314;729;73234;58438;51.7;41.2
05;2021-07-11;176;119;73410;58557;51.8;41.3
05;2021-07-12;416;1014;73826;59571;52.1;42.0
05;2021-07-13;483;870;74309;60441;52.4;42.6
05;2021-07-14;838;299;75147;60740;53.0;42.8
05;2021-07-15;709;993;75856;61733;53.5;43.5
05;2021-07-16;1027;1457;76883;63190;54.2;44.6
05;2021-07-17;674;1306;77557;64496;54.7;45.5
05;2021-07-18;285;131;77842;64627;54.9;45.6
05;2021-07-19;572;792;78414;65419;55.3;46.1
05;2021-07-20;763;801;79177;66220;55.9;46.7
05;2021-07-21;883;841;80060;67061;56.5;47.3
05;2021-07-22;814;870;80874;67931;57.1;47.9
05;2021-07-23;1447;1239;82321;69170;58.1;48.8
05;2021-07-24;864;836;83185;70006;58.7;49.4
05;2021-07-25;305;160;83490;70166;58.9;49.5
05;2021-07-26;779;561;84269;70727;59.4;49.9
05;2021-07-27;1261;755;85530;71482;60.3;50.4
05;2021-07-28;1523;720;87053;72202;61.4;50.9
05;2021-07-29;1346;724;88399;72926;62.4;51.4
05;2021-07-30;961;594;89360;73520;63.0;51.9
05;2021-07-31;782;525;90142;74045;63.6;52.2
05;2021-08-01;192;178;90334;74223;63.7;52.4
05;2021-08-02;836;549;91170;74772;64.3;52.7
05;2021-08-03;827;608;91997;75380;64.9;53.2
05;2021-08-04;990;757;92987;76137;65.6;53.7
05;2021-08-05;982;724;93969;76861;66.3;54.2
05;2021-08-06;875;793;94844;77654;66.9;54.8
05;2021-08-07;631;642;95475;78296;67.4;55.2
05;2021-08-08;196;270;95671;78566;67.5;55.4
05;2021-08-09;773;846;96444;79412;68.0;56.0
05;2021-08-10;652;697;97096;80109;68.5;56.5
05;2021-08-11;742;857;97838;80966;69.0;57.1
05;2021-08-12;793;784;98631;81750;69.6;57.7
05;2021-08-13;626;893;99257;82643;70.0;58.3
05;2021-08-14;408;783;99665;83426;70.3;58.9
05;2021-08-15;189;224;99854;83650;70.4;59.0
05;2021-08-16;488;1084;100342;84734;70.8;59.8
05;2021-08-17;433;882;100775;85616;71.1;60.4
05;2021-08-18;435;972;101210;86588;71.4;61.1
05;2021-08-19;500;962;101710;87550;71.8;61.8
05;2021-08-20;477;1113;102187;88663;72.1;62.5
05;2021-08-21;356;851;102543;89514;72.3;63.1
05;2021-08-22;117;254;102660;89768;72.4;63.3
05;2021-08-23;321;828;102981;90596;72.6;63.9
05;2021-08-24;401;779;103382;91375;72.9;64.5
05;2021-08-25;407;923;103789;92298;73.2;65.1
05;2021-08-26;304;813;104093;93111;73.4;65.7
05;2021-08-27;334;921;104427;94032;73.7;66.3
05;2021-08-28;244;655;104671;94687;73.8;66.8
05;2021-08-29;66;255;104737;94942;73.9;67.0
05;2021-08-30;268;803;105005;95745;74.1;67.5
05;2021-08-31;252;713;105257;96458;74.3;68.0
05;2021-09-01;268;655;105525;97113;74.4;68.5
05;2021-09-02;250;705;105775;97818;74.6;69.0
05;2021-09-03;251;616;106026;98434;74.8;69.4
05;2021-09-04;202;668;106228;99102;74.9;69.9
05;2021-09-05;55;178;106283;99280;75.0;70.0
05;2021-09-06;161;421;106444;99701;75.1;70.3
05;2021-09-07;213;613;106657;100314;75.2;70.8
05;2021-09-08;175;591;106832;100905;75.4;71.2
05;2021-09-09;190;519;107022;101424;75.5;71.5
06;2020-12-27;13;0;13;0;0.0;0.0
06;2020-12-28;24;0;37;0;0.0;0.0
06;2020-12-29;11;0;48;0;0.0;0.0
06;2020-12-30;9;0;57;0;0.0;0.0
06;2020-12-31;30;0;87;0;0.0;0.0
06;2021-01-01;24;0;111;0;0.0;0.0
06;2021-01-02;7;0;118;0;0.0;0.0
06;2021-01-03;9;0;127;0;0.0;0.0
06;2021-01-04;154;1;281;1;0.0;0.0
06;2021-01-05;190;2;471;3;0.0;0.0
06;2021-01-06;242;1;713;4;0.1;0.0
06;2021-01-07;521;2;1234;6;0.1;0.0
06;2021-01-08;690;2;1924;8;0.2;0.0
06;2021-01-09;393;3;2317;11;0.2;0.0
06;2021-01-10;82;0;2399;11;0.2;0.0
06;2021-01-11;1155;1;3554;12;0.3;0.0
06;2021-01-12;2246;5;5800;17;0.5;0.0
06;2021-01-13;1743;5;7543;22;0.7;0.0
06;2021-01-14;2163;18;9706;40;0.9;0.0
06;2021-01-15;1890;5;11596;45;1.1;0.0
06;2021-01-16;992;4;12588;49;1.2;0.0
06;2021-01-17;243;0;12831;49;1.2;0.0
06;2021-01-18;2499;7;15330;56;1.4;0.0
06;2021-01-19;2777;12;18107;68;1.7;0.0
06;2021-01-20;3372;12;21479;80;2.0;0.0
06;2021-01-21;3045;23;24524;103;2.3;0.0
06;2021-01-22;2984;18;27508;121;2.5;0.0
06;2021-01-23;1307;3;28815;124;2.7;0.0
06;2021-01-24;34;0;28849;124;2.7;0.0
06;2021-01-25;2079;13;30928;137;2.9;0.0
06;2021-01-26;3408;45;34336;182;3.2;0.0
06;2021-01-27;2572;96;36908;278;3.4;0.0
06;2021-01-28;2821;188;39729;466;3.7;0.0
06;2021-01-29;2522;293;42251;759;3.9;0.1
06;2021-01-30;674;40;42925;799;4.0;0.1
06;2021-01-31;4;1;42929;800;4.0;0.1
06;2021-02-01;1028;428;43957;1228;4.1;0.1
06;2021-02-02;1506;374;45463;1602;4.2;0.1
06;2021-02-03;335;130;45798;1732;4.2;0.2
06;2021-02-04;721;808;46519;2540;4.3;0.2
06;2021-02-05;1015;1017;47534;3557;4.4;0.3
06;2021-02-06;169;401;47703;3958;4.4;0.4
06;2021-02-07;14;49;47717;4007;4.4;0.4
06;2021-02-08;542;958;48259;4965;4.5;0.5
06;2021-02-09;323;696;48582;5661;4.5;0.5
06;2021-02-10;382;578;48964;6239;4.5;0.6
06;2021-02-11;481;930;49445;7169;4.6;0.7
06;2021-02-12;659;1114;50104;8283;4.6;0.8
06;2021-02-13;206;300;50310;8583;4.7;0.8
06;2021-02-14;17;1;50327;8584;4.7;0.8
06;2021-02-15;471;1023;50798;9607;4.7;0.9
06;2021-02-16;873;1835;51671;11442;4.8;1.1
06;2021-02-17;838;1867;52509;13309;4.9;1.2
06;2021-02-18;1818;2333;54327;15642;5.0;1.4
06;2021-02-19;1769;1879;56096;17521;5.2;1.6
06;2021-02-20;287;452;56383;17973;5.2;1.7
06;2021-02-21;24;55;56407;18028;5.2;1.7
06;2021-02-22;1087;1324;57494;19352;5.3;1.8
06;2021-02-23;1760;1281;59254;20633;5.5;1.9
06;2021-02-24;2122;1076;61376;21709;5.7;2.0
06;2021-02-25;3861;1437;65237;23146;6.0;2.1
06;2021-02-26;3406;1394;68643;24540;6.4;2.3
06;2021-02-27;1441;313;70084;24853;6.5;2.3
06;2021-02-28;98;24;70182;24877;6.5;2.3
06;2021-03-01;2422;694;72604;25571;6.7;2.4
06;2021-03-02;2466;836;75070;26407;7.0;2.4
06;2021-03-03;2867;475;77937;26882;7.2;2.5
06;2021-03-04;4633;509;82570;27391;7.6;2.5
06;2021-03-05;3917;949;86487;28340;8.0;2.6
06;2021-03-06;11968;343;98455;28683;9.1;2.7
06;2021-03-07;10218;319;108673;29002;10.1;2.7
06;2021-03-08;4177;1039;112850;30041;10.5;2.8
06;2021-03-09;5013;822;117863;30863;10.9;2.9
06;2021-03-10;4735;672;122598;31535;11.4;2.9
06;2021-03-11;6740;859;129338;32394;12.0;3.0
06;2021-03-12;6888;994;136226;33388;12.6;3.1
06;2021-03-13;11263;352;147489;33740;13.7;3.1
06;2021-03-14;514;47;148003;33787;13.7;3.1
06;2021-03-15;4843;742;152846;34529;14.2;3.2
06;2021-03-16;3780;1045;156626;35574;14.5;3.3
06;2021-03-17;6210;1788;162836;37362;15.1;3.5
06;2021-03-18;5134;1794;167970;39156;15.6;3.6
06;2021-03-19;6833;1986;174803;41142;16.2;3.8
06;2021-03-20;2375;551;177178;41693;16.4;3.9
06;2021-03-21;413;23;177591;41716;16.5;3.9
06;2021-03-22;3992;695;181583;42411;16.8;3.9
06;2021-03-23;5993;1206;187576;43617;17.4;4.0
06;2021-03-24;4230;3105;191806;46722;17.8;4.3
06;2021-03-25;5880;3143;197686;49865;18.3;4.6
06;2021-03-26;6371;1990;204057;51855;18.9;4.8
06;2021-03-27;2041;364;206098;52219;19.1;4.8
06;2021-03-28;215;5;206313;52224;19.1;4.8
06;2021-03-29;3211;2087;209524;54311;19.4;5.0
06;2021-03-30;5199;2502;214723;56813;19.9;5.3
06;2021-03-31;8063;1659;222786;58472;20.6;5.4
06;2021-04-01;7669;2464;230455;60936;21.4;5.6
06;2021-04-02;7252;2707;237707;63643;22.0;5.9
06;2021-04-03;2726;1374;240433;65017;22.3;6.0
06;2021-04-04;302;548;240735;65565;22.3;6.1
06;2021-04-05;1413;696;242148;66261;22.4;6.1
06;2021-04-06;6676;3307;248824;69568;23.1;6.4
06;2021-04-07;6235;3890;255059;73458;23.6;6.8
06;2021-04-08;5751;5651;260810;79109;24.2;7.3
06;2021-04-09;9397;5859;270207;84968;25.0;7.9
06;2021-04-10;2397;2780;272604;87748;25.3;8.1
06;2021-04-11;189;58;272793;87806;25.3;8.1
06;2021-04-12;4391;3509;277184;91315;25.7;8.5
06;2021-04-13;6389;5049;283573;96364;26.3;8.9
06;2021-04-14;5474;4455;289047;100819;26.8;9.3
06;2021-04-15;5556;4386;294603;105205;27.3;9.7
06;2021-04-16;7092;5194;301695;110399;28.0;10.2
06;2021-04-17;2787;3053;304482;113452;28.2;10.5
06;2021-04-18;267;224;304749;113676;28.2;10.5
06;2021-04-19;5501;4042;310250;117718;28.7;10.9
06;2021-04-20;5668;4874;315918;122592;29.3;11.4
06;2021-04-21;8331;4172;324249;126764;30.0;11.7
06;2021-04-22;8580;4195;332829;130959;30.8;12.1
06;2021-04-23;8840;4280;341669;135239;31.7;12.5
06;2021-04-24;2357;1498;344026;136737;31.9;12.7
06;2021-04-25;122;29;344148;136766;31.9;12.7
06;2021-04-26;4158;2317;348306;139083;32.3;12.9
06;2021-04-27;4589;4041;352895;143124;32.7;13.3
06;2021-04-28;4155;4579;357050;147703;33.1;13.7
06;2021-04-29;6094;5457;363144;153160;33.6;14.2
06;2021-04-30;6782;5169;369926;158329;34.3;14.7
06;2021-05-01;4169;835;374095;159164;34.7;14.7
06;2021-05-02;494;157;374589;159321;34.7;14.8
06;2021-05-03;6925;3558;381514;162879;35.3;15.1
06;2021-05-04;5760;5386;387274;168265;35.9;15.6
06;2021-05-05;4550;3907;391824;172172;36.3;16.0
06;2021-05-06;5233;4737;397057;176909;36.8;16.4
06;2021-05-07;5663;5676;402720;182585;37.3;16.9
06;2021-05-08;4874;1329;407594;183914;37.8;17.0
06;2021-05-09;206;308;407800;184222;37.8;17.1
06;2021-05-10;4831;5046;412631;189268;38.2;17.5
06;2021-05-11;4947;5563;417578;194831;38.7;18.1
06;2021-05-12;9112;4899;426690;199730;39.5;18.5
06;2021-05-13;9282;2143;435972;201873;40.4;18.7
06;2021-05-14;10857;3363;446829;205236;41.4;19.0
06;2021-05-15;9306;2222;456135;207458;42.3;19.2
06;2021-05-16;1504;287;457639;207745;42.4;19.2
06;2021-05-17;7518;3752;465157;211497;43.1;19.6
06;2021-05-18;9745;3224;474902;214721;44.0;19.9
06;2021-05-19;7713;2984;482615;217705;44.7;20.2
06;2021-05-20;7969;3667;490584;221372;45.4;20.5
06;2021-05-21;8823;3947;499407;225319;46.3;20.9
06;2021-05-22;3035;1326;502442;226645;46.5;21.0
06;2021-05-23;132;628;502574;227273;46.6;21.1
06;2021-05-24;3200;998;505774;228271;46.9;21.1
06;2021-05-25;4768;4933;510542;233204;47.3;21.6
06;2021-05-26;5698;6630;516240;239834;47.8;22.2
06;2021-05-27;5591;6278;521831;246112;48.3;22.8
06;2021-05-28;4991;7290;526822;253402;48.8;23.5
06;2021-05-29;1644;2931;528466;256333;49.0;23.7
06;2021-05-30;258;1122;528724;257455;49.0;23.9
06;2021-05-31;4421;5124;533145;262579;49.4;24.3
06;2021-06-01;5755;7427;538900;270006;49.9;25.0
06;2021-06-02;3323;8548;542223;278554;50.2;25.8
06;2021-06-03;4553;8305;546776;286859;50.7;26.6
06;2021-06-04;5499;7737;552275;294596;51.2;27.3
06;2021-06-05;2466;3347;554741;297943;51.4;27.6
06;2021-06-06;181;234;554922;298177;51.4;27.6
06;2021-06-07;4150;5586;559072;303763;51.8;28.1
06;2021-06-08;4481;5211;563553;308974;52.2;28.6
06;2021-06-09;4129;7361;567682;316335;52.6;29.3
06;2021-06-10;4800;6867;572482;323202;53.0;29.9
06;2021-06-11;3925;8363;576407;331565;53.4;30.7
06;2021-06-12;1749;3751;578156;335316;53.6;31.1
06;2021-06-13;150;439;578306;335755;53.6;31.1
06;2021-06-14;2742;8604;581048;344359;53.8;31.9
06;2021-06-15;3293;9493;584341;353852;54.1;32.8
06;2021-06-16;3518;7014;587859;360866;54.5;33.4
06;2021-06-17;3691;7192;591550;368058;54.8;34.1
06;2021-06-18;2648;5930;594198;373988;55.0;34.6
06;2021-06-19;1317;1685;595515;375673;55.2;34.8
06;2021-06-20;210;348;595725;376021;55.2;34.8
06;2021-06-21;1732;6303;597457;382324;55.4;35.4
06;2021-06-22;2366;7363;599823;389687;55.6;36.1
06;2021-06-23;2096;6545;601919;396232;55.8;36.7
06;2021-06-24;3493;8975;605412;405207;56.1;37.5
06;2021-06-25;2307;9607;607719;414814;56.3;38.4
06;2021-06-26;895;2288;608614;417102;56.4;38.6
06;2021-06-27;379;1189;608993;418291;56.4;38.8
06;2021-06-28;2499;8129;611492;426420;56.7;39.5
06;2021-06-29;2393;7724;613885;434144;56.9;40.2
06;2021-06-30;1525;7694;615410;441838;57.0;40.9
06;2021-07-01;3498;7487;618908;449325;57.3;41.6
06;2021-07-02;4478;8279;623386;457604;57.8;42.4
06;2021-07-03;1244;4308;624630;461912;57.9;42.8
06;2021-07-04;318;303;624948;462215;57.9;42.8
06;2021-07-05;4074;5147;629022;467362;58.3;43.3
06;2021-07-06;2142;5819;631164;473181;58.5;43.8
06;2021-07-07;4198;5979;635362;479160;58.9;44.4
06;2021-07-08;3725;6332;639087;485492;59.2;45.0
06;2021-07-09;4864;6236;643951;491728;59.7;45.6
06;2021-07-10;1773;2333;645724;494061;59.8;45.8
06;2021-07-11;331;322;646055;494383;59.9;45.8
06;2021-07-12;4204;7156;650259;501539;60.2;46.5
06;2021-07-13;6130;9026;656389;510565;60.8;47.3
06;2021-07-14;1236;441;657625;511006;60.9;47.3
06;2021-07-15;6833;8047;664458;519053;61.6;48.1
06;2021-07-16;8536;9023;672994;528076;62.3;48.9
06;2021-07-17;3174;5473;676168;533549;62.6;49.4
06;2021-07-18;1080;5334;677248;538883;62.7;49.9
06;2021-07-19;6169;8032;683417;546915;63.3;50.7
06;2021-07-20;7599;10256;691016;557171;64.0;51.6
06;2021-07-21;8478;8712;699494;565883;64.8;52.4
06;2021-07-22;10445;7876;709939;573759;65.8;53.2
06;2021-07-23;9568;6937;719507;580696;66.7;53.8
06;2021-07-24;3303;3110;722810;583806;67.0;54.1
06;2021-07-25;1002;478;723812;584284;67.1;54.1
06;2021-07-26;7665;6892;731477;591176;67.8;54.8
06;2021-07-27;9269;5594;740746;596770;68.6;55.3
06;2021-07-28;7477;5415;748223;602185;69.3;55.8
06;2021-07-29;8881;5779;757104;607964;70.1;56.3
06;2021-07-30;8553;5552;765657;613516;70.9;56.8
06;2021-07-31;3822;3083;769479;616599;71.3;57.1
06;2021-08-01;898;435;770377;617034;71.4;57.2
06;2021-08-02;7071;4623;777448;621657;72.0;57.6
06;2021-08-03;6828;5490;784276;627147;72.7;58.1
06;2021-08-04;5816;3514;790092;630661;73.2;58.4
06;2021-08-05;6733;4465;796825;635126;73.8;58.8
06;2021-08-06;6088;6127;802913;641253;74.4;59.4
06;2021-08-07;2314;2472;805227;643725;74.6;59.6
06;2021-08-08;608;633;805835;644358;74.7;59.7
06;2021-08-09;4822;6018;810657;650376;75.1;60.3
06;2021-08-10;5485;6912;816142;657288;75.6;60.9
06;2021-08-11;4416;6211;820558;663499;76.0;61.5
06;2021-08-12;4664;6743;825222;670242;76.5;62.1
06;2021-08-13;3816;6447;829038;676689;76.8;62.7
06;2021-08-14;1561;2280;830599;678969;77.0;62.9
06;2021-08-15;403;635;831002;679604;77.0;63.0
06;2021-08-16;3194;6889;834196;686493;77.3;63.6
06;2021-08-17;3798;7773;837994;694266;77.6;64.3
06;2021-08-18;2965;6410;840959;700676;77.9;64.9
06;2021-08-19;3955;8118;844914;708794;78.3;65.7
06;2021-08-20;3154;6511;848068;715305;78.6;66.3
06;2021-08-21;1792;3590;849860;718895;78.7;66.6
06;2021-08-22;365;707;850225;719602;78.8;66.7
06;2021-08-23;2371;6524;852596;726126;79.0;67.3
06;2021-08-24;2798;6466;855394;732592;79.2;67.9
06;2021-08-25;2550;5666;857944;738258;79.5;68.4
06;2021-08-26;2639;6872;860583;745130;79.7;69.0
06;2021-08-27;2446;7073;863029;752203;80.0;69.7
06;2021-08-28;1280;3332;864309;755535;80.1;70.0
06;2021-08-29;285;820;864594;756355;80.1;70.1
06;2021-08-30;2360;6363;866954;762718;80.3;70.7
06;2021-08-31;2693;7124;869647;769842;80.6;71.3
06;2021-09-01;2234;5805;871881;775647;80.8;71.9
06;2021-09-02;2378;6417;874259;782064;81.0;72.5
06;2021-09-03;2081;6866;876340;788930;81.2;73.1
06;2021-09-04;1305;3641;877645;792571;81.3;73.4
06;2021-09-05;263;521;877908;793092;81.3;73.5
06;2021-09-06;1368;4889;879276;797981;81.5;73.9
06;2021-09-07;1567;5254;880843;803235;81.6;74.4
06;2021-09-08;1506;4447;882349;807682;81.7;74.8
06;2021-09-09;1333;4093;883682;811775;81.9;75.2
07;2020-12-27;0;0;0;0;0.0;0.0
07;2020-12-28;0;0;0;0;0.0;0.0
07;2020-12-29;0;0;0;0;0.0;0.0
07;2020-12-30;0;0;0;0;0.0;0.0
07;2020-12-31;0;0;0;0;0.0;0.0
07;2021-01-01;7;0;7;0;0.0;0.0
07;2021-01-02;0;0;7;0;0.0;0.0
07;2021-01-03;0;0;7;0;0.0;0.0
07;2021-01-04;0;0;7;0;0.0;0.0
07;2021-01-05;0;0;7;0;0.0;0.0
07;2021-01-06;31;0;38;0;0.0;0.0
07;2021-01-07;130;1;168;1;0.1;0.0
07;2021-01-08;45;1;213;2;0.1;0.0
07;2021-01-09;17;0;230;2;0.1;0.0
07;2021-01-10;0;0;230;2;0.1;0.0
07;2021-01-11;157;1;387;3;0.1;0.0
07;2021-01-12;310;0;697;3;0.2;0.0
07;2021-01-13;309;1;1006;4;0.3;0.0
07;2021-01-14;476;0;1482;4;0.5;0.0
07;2021-01-15;188;0;1670;4;0.5;0.0
07;2021-01-16;17;0;1687;4;0.5;0.0
07;2021-01-17;2;0;1689;4;0.5;0.0
07;2021-01-18;363;4;2052;8;0.6;0.0
07;2021-01-19;831;2;2883;10;0.9;0.0
07;2021-01-20;605;2;3488;12;1.1;0.0
07;2021-01-21;452;3;3940;15;1.2;0.0
07;2021-01-22;291;0;4231;15;1.3;0.0
07;2021-01-23;107;0;4338;15;1.3;0.0
07;2021-01-24;0;0;4338;15;1.3;0.0
07;2021-01-25;164;0;4502;15;1.4;0.0
07;2021-01-26;491;4;4993;19;1.5;0.0
07;2021-01-27;556;7;5549;26;1.7;0.0
07;2021-01-28;1207;101;6756;127;2.1;0.0
07;2021-01-29;707;17;7463;144;2.3;0.0
07;2021-01-30;213;4;7676;148;2.3;0.0
07;2021-01-31;7;0;7683;148;2.4;0.0
07;2021-02-01;267;17;7950;165;2.4;0.1
07;2021-02-02;664;204;8614;369;2.6;0.1
07;2021-02-03;1046;207;9660;576;3.0;0.2
07;2021-02-04;722;253;10382;829;3.2;0.3
07;2021-02-05;484;245;10866;1074;3.3;0.3
07;2021-02-06;98;3;10964;1077;3.4;0.3
07;2021-02-07;12;1;10976;1078;3.4;0.3
07;2021-02-08;239;148;11215;1226;3.4;0.4
07;2021-02-09;488;310;11703;1536;3.6;0.5
07;2021-02-10;538;368;12241;1904;3.7;0.6
07;2021-02-11;400;252;12641;2156;3.9;0.7
07;2021-02-12;267;149;12908;2305;3.9;0.7
07;2021-02-13;69;16;12977;2321;4.0;0.7
07;2021-02-14;0;0;12977;2321;4.0;0.7
07;2021-02-15;270;107;13247;2428;4.1;0.7
07;2021-02-16;348;318;13595;2746;4.2;0.8
07;2021-02-17;466;305;14061;3051;4.3;0.9
07;2021-02-18;562;733;14623;3784;4.5;1.2
07;2021-02-19;457;485;15080;4269;4.6;1.3
07;2021-02-20;109;58;15189;4327;4.6;1.3
07;2021-02-21;15;0;15204;4327;4.7;1.3
07;2021-02-22;425;191;15629;4518;4.8;1.4
07;2021-02-23;646;594;16275;5112;5.0;1.6
07;2021-02-24;928;668;17203;5780;5.3;1.8
07;2021-02-25;710;490;17913;6270;5.5;1.9
07;2021-02-26;845;252;18758;6522;5.7;2.0
07;2021-02-27;190;140;18948;6662;5.8;2.0
07;2021-02-28;1;0;18949;6662;5.8;2.0
07;2021-03-01;438;187;19387;6849;5.9;2.1
07;2021-03-02;655;543;20042;7392;6.1;2.3
07;2021-03-03;693;499;20735;7891;6.3;2.4
07;2021-03-04;1100;327;21835;8218;6.7;2.5
07;2021-03-05;1084;355;22919;8573;7.0;2.6
07;2021-03-06;1125;98;24044;8671;7.4;2.7
07;2021-03-07;717;20;24761;8691;7.6;2.7
07;2021-03-08;352;302;25113;8993;7.7;2.8
07;2021-03-09;1088;418;26201;9411;8.0;2.9
07;2021-03-10;867;514;27068;9925;8.3;3.0
07;2021-03-11;1373;461;28441;10386;8.7;3.2
07;2021-03-12;1618;559;30059;10945;9.2;3.3
07;2021-03-13;682;98;30741;11043;9.4;3.4
07;2021-03-14;4;0;30745;11043;9.4;3.4
07;2021-03-15;527;284;31272;11327;9.6;3.5
07;2021-03-16;1209;482;32481;11809;9.9;3.6
07;2021-03-17;1188;771;33669;12580;10.3;3.8
07;2021-03-18;1219;408;34888;12988;10.7;4.0
07;2021-03-19;1268;421;36156;13409;11.1;4.1
07;2021-03-20;467;107;36623;13516;11.2;4.1
07;2021-03-21;3;1;36626;13517;11.2;4.1
07;2021-03-22;790;532;37416;14049;11.4;4.3
07;2021-03-23;1518;716;38934;14765;11.9;4.5
07;2021-03-24;1278;662;40212;15427;12.3;4.7
07;2021-03-25;1852;515;42064;15942;12.9;4.9
07;2021-03-26;1834;439;43898;16381;13.4;5.0
07;2021-03-27;385;100;44283;16481;13.5;5.0
07;2021-03-28;6;1;44289;16482;13.5;5.0
07;2021-03-29;789;357;45078;16839;13.8;5.2
07;2021-03-30;1526;506;46604;17345;14.3;5.3
07;2021-03-31;1660;507;48264;17852;14.8;5.5
07;2021-04-01;1588;660;49852;18512;15.3;5.7
07;2021-04-02;1523;439;51375;18951;15.7;5.8
07;2021-04-03;230;106;51605;19057;15.8;5.8
07;2021-04-04;3;1;51608;19058;15.8;5.8
07;2021-04-05;0;66;51608;19124;15.8;5.9
07;2021-04-06;1160;760;52768;19884;16.1;6.1
07;2021-04-07;1317;901;54085;20785;16.5;6.4
07;2021-04-08;1969;1178;56054;21963;17.1;6.7
07;2021-04-09;2425;567;58479;22530;17.9;6.9
07;2021-04-10;808;162;59287;22692;18.1;6.9
07;2021-04-11;339;12;59626;22704;18.2;6.9
07;2021-04-12;1287;599;60913;23303;18.6;7.1
07;2021-04-13;1768;1337;62681;24640;19.2;7.5
07;2021-04-14;1678;1009;64359;25649;19.7;7.8
07;2021-04-15;1443;844;65802;26493;20.1;8.1
07;2021-04-16;1505;906;67307;27399;20.6;8.4
07;2021-04-17;870;216;68177;27615;20.9;8.4
07;2021-04-18;701;38;68878;27653;21.1;8.5
07;2021-04-19;1161;574;70039;28227;21.4;8.6
07;2021-04-20;1441;1319;71480;29546;21.9;9.0
07;2021-04-21;1718;918;73198;30464;22.4;9.3
07;2021-04-22;1817;965;75015;31429;22.9;9.6
07;2021-04-23;1411;970;76426;32399;23.4;9.9
07;2021-04-24;962;252;77388;32651;23.7;10.0
07;2021-04-25;717;69;78105;32720;23.9;10.0
07;2021-04-26;1138;677;79243;33397;24.2;10.2
07;2021-04-27;1396;1565;80639;34962;24.7;10.7
07;2021-04-28;1636;1755;82275;36717;25.2;11.2
07;2021-04-29;1938;1531;84213;38248;25.8;11.7
07;2021-04-30;1661;1480;85874;39728;26.3;12.2
07;2021-05-01;960;118;86834;39846;26.6;12.2
07;2021-05-02;844;155;87678;40001;26.8;12.2
07;2021-05-03;1280;435;88958;40436;27.2;12.4
07;2021-05-04;2171;1566;91129;42002;27.9;12.8
07;2021-05-05;1745;1386;92874;43388;28.4;13.3
07;2021-05-06;2105;1587;94979;44975;29.1;13.8
07;2021-05-07;1597;1554;96576;46529;29.5;14.2
07;2021-05-08;1228;405;97804;46934;29.9;14.4
07;2021-05-09;1030;327;98834;47261;30.2;14.5
07;2021-05-10;1406;1177;100240;48438;30.7;14.8
07;2021-05-11;2472;1696;102712;50134;31.4;15.3
07;2021-05-12;2164;1277;104876;51411;32.1;15.7
07;2021-05-13;1712;273;106588;51684;32.6;15.8
07;2021-05-14;1735;996;108323;52680;33.1;16.1
07;2021-05-15;1627;500;109950;53180;33.6;16.3
07;2021-05-16;1444;213;111394;53393;34.1;16.3
07;2021-05-17;1772;859;113166;54252;34.6;16.6
07;2021-05-18;2296;1303;115462;55555;35.3;17.0
07;2021-05-19;2375;999;117837;56554;36.0;17.3
07;2021-05-20;2165;1309;120002;57863;36.7;17.7
07;2021-05-21;1758;1312;121760;59175;37.2;18.1
07;2021-05-22;935;542;122695;59717;37.5;18.3
07;2021-05-23;857;157;123552;59874;37.8;18.3
07;2021-05-24;1650;339;125202;60213;38.3;18.4
07;2021-05-25;2185;1476;127387;61689;39.0;18.9
07;2021-05-26;1529;1381;128916;63070;39.4;19.3
07;2021-05-27;2018;1411;130934;64481;40.1;19.7
07;2021-05-28;1770;2078;132704;66559;40.6;20.4
07;2021-05-29;943;684;133647;67243;40.9;20.6
07;2021-05-30;622;570;134269;67813;41.1;20.7
07;2021-05-31;1133;1281;135402;69094;41.4;21.1
07;2021-06-01;2153;2001;137555;71095;42.1;21.7
07;2021-06-02;1530;1654;139085;72749;42.5;22.3
07;2021-06-03;1712;1254;140797;74003;43.1;22.6
07;2021-06-04;1676;1594;142473;75597;43.6;23.1
07;2021-06-05;987;955;143460;76552;43.9;23.4
07;2021-06-06;598;623;144058;77175;44.1;23.6
07;2021-06-07;962;1193;145020;78368;44.4;24.0
07;2021-06-08;1549;1772;146569;80140;44.8;24.5
07;2021-06-09;1030;1420;147599;81560;45.2;25.0
07;2021-06-10;788;1389;148387;82949;45.4;25.4
07;2021-06-11;1154;2033;149541;84982;45.7;26.0
07;2021-06-12;643;1217;150184;86199;45.9;26.4
07;2021-06-13;395;444;150579;86643;46.1;26.5
07;2021-06-14;566;1959;151145;88602;46.2;27.1
07;2021-06-15;936;2552;152081;91154;46.5;27.9
07;2021-06-16;1024;1852;153105;93006;46.8;28.5
07;2021-06-17;885;1950;153990;94956;47.1;29.0
07;2021-06-18;872;2283;154862;97239;47.4;29.7
07;2021-06-19;604;1453;155466;98692;47.6;30.2
07;2021-06-20;369;727;155835;99419;47.7;30.4
07;2021-06-21;517;2144;156352;101563;47.8;31.1
07;2021-06-22;655;2662;157007;104225;48.0;31.9
07;2021-06-23;680;1961;157687;106186;48.2;32.5
07;2021-06-24;646;1849;158333;108035;48.4;33.1
07;2021-06-25;701;2177;159034;110212;48.7;33.7
07;2021-06-26;362;1431;159396;111643;48.8;34.2
07;2021-06-27;285;1073;159681;112716;48.9;34.5
07;2021-06-28;506;2242;160187;114958;49.0;35.2
07;2021-06-29;540;2988;160727;117946;49.2;36.1
07;2021-06-30;822;2282;161549;120228;49.4;36.8
07;2021-07-01;776;1961;162325;122189;49.7;37.4
07;2021-07-02;882;2297;163207;124486;49.9;38.1
07;2021-07-03;421;1139;163628;125625;50.1;38.4
07;2021-07-04;211;852;163839;126477;50.1;38.7
07;2021-07-05;670;1686;164509;128163;50.3;39.2
07;2021-07-06;880;2632;165389;130795;50.6;40.0
07;2021-07-07;970;1947;166359;132742;50.9;40.6
07;2021-07-08;928;1964;167287;134706;51.2;41.2
07;2021-07-09;996;2262;168283;136968;51.5;41.9
07;2021-07-10;598;1101;168881;138069;51.7;42.2
07;2021-07-11;239;614;169120;138683;51.7;42.4
07;2021-07-12;809;1769;169929;140452;52.0;43.0
07;2021-07-13;1771;3176;171700;143628;52.5;43.9
07;2021-07-14;167;133;171867;143761;52.6;44.0
07;2021-07-15;1961;2464;173828;146225;53.2;44.7
07;2021-07-16;2055;1986;175883;148211;53.8;45.3
07;2021-07-17;1484;1251;177367;149462;54.3;45.7
07;2021-07-18;771;482;178138;149944;54.5;45.9
07;2021-07-19;1514;1688;179652;151632;55.0;46.4
07;2021-07-20;2523;2683;182175;154315;55.7;47.2
07;2021-07-21;1855;1916;184030;156231;56.3;47.8
07;2021-07-22;1918;1373;185948;157604;56.9;48.2
07;2021-07-23;2267;1687;188215;159291;57.6;48.7
07;2021-07-24;1643;1111;189858;160402;58.1;49.1
07;2021-07-25;34;22;189892;160424;58.1;49.1
07;2021-07-26;2197;1537;192089;161961;58.8;49.5
07;2021-07-27;3012;1911;195101;163872;59.7;50.1
07;2021-07-28;1644;1307;196745;165179;60.2;50.5
07;2021-07-29;2541;1274;199286;166453;61.0;50.9
07;2021-07-30;1355;1416;200641;167869;61.4;51.4
07;2021-07-31;1506;922;202147;168791;61.8;51.6
07;2021-08-01;74;26;202221;168817;61.9;51.6
07;2021-08-02;1514;1133;203735;169950;62.3;52.0
07;2021-08-03;2416;1913;206151;171863;63.1;52.6
07;2021-08-04;1947;1031;208098;172894;63.7;52.9
07;2021-08-05;1890;1293;209988;174187;64.2;53.3
07;2021-08-06;2031;1709;212019;175896;64.9;53.8
07;2021-08-07;997;554;213016;176450;65.2;54.0
07;2021-08-08;12;23;213028;176473;65.2;54.0
07;2021-08-09;1257;1382;214285;177855;65.6;54.4
07;2021-08-10;1600;2259;215885;180114;66.0;55.1
07;2021-08-11;1399;1601;217284;181715;66.5;55.6
07;2021-08-12;1100;1483;218384;183198;66.8;56.0
07;2021-08-13;1180;1787;219564;184985;67.2;56.6
07;2021-08-14;511;765;220075;185750;67.3;56.8
07;2021-08-15;9;28;220084;185778;67.3;56.8
07;2021-08-16;754;1328;220838;187106;67.6;57.2
07;2021-08-17;1329;2277;222167;189383;68.0;57.9
07;2021-08-18;873;1514;223040;190897;68.2;58.4
07;2021-08-19;1145;1695;224185;192592;68.6;58.9
07;2021-08-20;893;2087;225078;194679;68.9;59.6
07;2021-08-21;361;547;225439;195226;69.0;59.7
07;2021-08-22;7;23;225446;195249;69.0;59.7
07;2021-08-23;466;1306;225912;196555;69.1;60.1
07;2021-08-24;1121;2308;227033;198863;69.5;60.8
07;2021-08-25;683;1834;227716;200697;69.7;61.4
07;2021-08-26;683;2017;228399;202714;69.9;62.0
07;2021-08-27;779;1820;229178;204534;70.1;62.6
07;2021-08-28;335;606;229513;205140;70.2;62.8
07;2021-08-29;1;33;229514;205173;70.2;62.8
07;2021-08-30;426;1325;229940;206498;70.3;63.2
07;2021-08-31;1091;2279;231031;208777;70.7;63.9
07;2021-09-01;535;1395;231566;210172;70.8;64.3
07;2021-09-02;601;1539;232167;211711;71.0;64.8
07;2021-09-03;734;1887;232901;213598;71.3;65.3
07;2021-09-04;308;715;233209;214313;71.3;65.6
07;2021-09-05;26;22;233235;214335;71.4;65.6
07;2021-09-06;400;1028;233635;215363;71.5;65.9
07;2021-09-07;513;1462;234148;216825;71.6;66.3
07;2021-09-08;438;1159;234586;217984;71.8;66.7
07;2021-09-09;471;1050;235057;219034;71.9;67.0
08;2020-12-27;1;0;1;0;0.0;0.0
08;2020-12-28;0;0;1;0;0.0;0.0
08;2020-12-29;0;0;1;0;0.0;0.0
08;2020-12-30;0;0;1;0;0.0;0.0
08;2020-12-31;0;0;1;0;0.0;0.0
08;2021-01-01;0;0;1;0;0.0;0.0
08;2021-01-02;0;0;1;0;0.0;0.0
08;2021-01-03;2;0;3;0;0.0;0.0
08;2021-01-04;24;0;27;0;0.0;0.0
08;2021-01-05;1;0;28;0;0.0;0.0
08;2021-01-06;0;0;28;0;0.0;0.0
08;2021-01-07;188;0;216;0;0.1;0.0
08;2021-01-08;314;0;530;0;0.2;0.0
08;2021-01-09;113;0;643;0;0.2;0.0
08;2021-01-10;1;0;644;0;0.2;0.0
08;2021-01-11;67;0;711;0;0.3;0.0
08;2021-01-12;157;0;868;0;0.3;0.0
08;2021-01-13;480;1;1348;1;0.5;0.0
08;2021-01-14;537;9;1885;10;0.7;0.0
08;2021-01-15;287;2;2172;12;0.8;0.0
08;2021-01-16;107;0;2279;12;0.9;0.0
08;2021-01-17;2;0;2281;12;0.9;0.0
08;2021-01-18;371;2;2652;14;1.0;0.0
08;2021-01-19;873;1;3525;15;1.3;0.0
08;2021-01-20;910;4;4435;19;1.7;0.0
08;2021-01-21;743;1;5178;20;2.0;0.0
08;2021-01-22;677;1;5855;21;2.2;0.0
08;2021-01-23;237;0;6092;21;2.3;0.0
08;2021-01-24;0;0;6092;21;2.3;0.0
08;2021-01-25;207;0;6299;21;2.4;0.0
08;2021-01-26;303;1;6602;22;2.5;0.0
08;2021-01-27;410;1;7012;23;2.6;0.0
08;2021-01-28;565;176;7577;199;2.9;0.1
08;2021-01-29;588;178;8165;377;3.1;0.1
08;2021-01-30;222;63;8387;440;3.2;0.2
08;2021-01-31;0;0;8387;440;3.2;0.2
08;2021-02-01;80;44;8467;484;3.2;0.2
08;2021-02-02;192;164;8659;648;3.3;0.2
08;2021-02-03;141;164;8800;812;3.3;0.3
08;2021-02-04;309;280;9109;1092;3.4;0.4
08;2021-02-05;499;344;9608;1436;3.6;0.5
08;2021-02-06;149;69;9757;1505;3.7;0.6
08;2021-02-07;8;0;9765;1505;3.7;0.6
08;2021-02-08;40;159;9805;1664;3.7;0.6
08;2021-02-09;220;622;10025;2286;3.8;0.9
08;2021-02-10;334;611;10359;2897;3.9;1.1
08;2021-02-11;466;332;10825;3229;4.1;1.2
08;2021-02-12;676;357;11501;3586;4.3;1.4
08;2021-02-13;140;98;11641;3684;4.4;1.4
08;2021-02-14;3;60;11644;3744;4.4;1.4
08;2021-02-15;227;175;11871;3919;4.5;1.5
08;2021-02-16;130;329;12001;4248;4.5;1.6
08;2021-02-17;112;353;12113;4601;4.6;1.7
08;2021-02-18;215;452;12328;5053;4.6;1.9
08;2021-02-19;305;361;12633;5414;4.8;2.0
08;2021-02-20;7;191;12640;5605;4.8;2.1
08;2021-02-21;0;0;12640;5605;4.8;2.1
08;2021-02-22;132;154;12772;5759;4.8;2.2
08;2021-02-23;150;278;12922;6037;4.9;2.3
08;2021-02-24;163;353;13085;6390;4.9;2.4
08;2021-02-25;500;465;13585;6855;5.1;2.6
08;2021-02-26;603;585;14188;7440;5.3;2.8
08;2021-02-27;318;179;14506;7619;5.5;2.9
08;2021-02-28;19;1;14525;7620;5.5;2.9
08;2021-03-01;200;97;14725;7717;5.5;2.9
08;2021-03-02;654;266;15379;7983;5.8;3.0
08;2021-03-03;897;193;16276;8176;6.1;3.1
08;2021-03-04;734;307;17010;8483;6.4;3.2
08;2021-03-05;1022;508;18032;8991;6.8;3.4
08;2021-03-06;695;139;18727;9130;7.1;3.4
08;2021-03-07;75;2;18802;9132;7.1;3.4
08;2021-03-08;217;125;19019;9257;7.2;3.5
08;2021-03-09;687;151;19706;9408;7.4;3.5
08;2021-03-10;1038;114;20744;9522;7.8;3.6
08;2021-03-11;982;246;21726;9768;8.2;3.7
08;2021-03-12;1631;514;23357;10282;8.8;3.9
08;2021-03-13;798;123;24155;10405;9.1;3.9
08;2021-03-14;22;0;24177;10405;9.1;3.9
08;2021-03-15;291;73;24468;10478;9.2;3.9
08;2021-03-16;563;39;25031;10517;9.4;4.0
08;2021-03-17;804;64;25835;10581;9.7;4.0
08;2021-03-18;816;157;26651;10738;10.0;4.0
08;2021-03-19;1135;282;27786;11020;10.5;4.2
08;2021-03-20;511;16;28297;11036;10.7;4.2
08;2021-03-21;13;1;28310;11037;10.7;4.2
08;2021-03-22;367;45;28677;11082;10.8;4.2
08;2021-03-23;733;63;29410;11145;11.1;4.2
08;2021-03-24;1327;69;30737;11214;11.6;4.2
08;2021-03-25;1905;96;32642;11310;12.3;4.3
08;2021-03-26;2570;169;35212;11479;13.3;4.3
08;2021-03-27;898;124;36110;11603;13.6;4.4
08;2021-03-28;228;6;36338;11609;13.7;4.4
08;2021-03-29;261;183;36599;11792;13.8;4.4
08;2021-03-30;832;484;37431;12276;14.1;4.6
08;2021-03-31;852;531;38283;12807;14.4;4.8
08;2021-04-01;1685;447;39968;13254;15.1;5.0
08;2021-04-02;1499;517;41467;13771;15.6;5.2
08;2021-04-03;1329;203;42796;13974;16.1;5.3
08;2021-04-04;134;4;42930;13978;16.2;5.3
08;2021-04-05;17;0;42947;13978;16.2;5.3
08;2021-04-06;703;481;43650;14459;16.4;5.4
08;2021-04-07;910;702;44560;15161;16.8;5.7
08;2021-04-08;1743;521;46303;15682;17.4;5.9
08;2021-04-09;2348;727;48651;16409;18.3;6.2
08;2021-04-10;1448;226;50099;16635;18.9;6.3
08;2021-04-11;10;6;50109;16641;18.9;6.3
08;2021-04-12;671;211;50780;16852;19.1;6.3
08;2021-04-13;1310;610;52090;17462;19.6;6.6
08;2021-04-14;1280;867;53370;18329;20.1;6.9
08;2021-04-15;1606;805;54976;19134;20.7;7.2
08;2021-04-16;1873;880;56849;20014;21.4;7.5
08;2021-04-17;1112;402;57961;20416;21.8;7.7
08;2021-04-18;23;14;57984;20430;21.8;7.7
08;2021-04-19;1151;298;59135;20728;22.3;7.8
08;2021-04-20;1120;542;60255;21270;22.7;8.0
08;2021-04-21;1139;744;61394;22014;23.1;8.3
08;2021-04-22;1327;880;62721;22894;23.6;8.6
08;2021-04-23;1676;1172;64397;24066;24.3;9.1
08;2021-04-24;1325;647;65722;24713;24.8;9.3
08;2021-04-25;26;198;65748;24911;24.8;9.4
08;2021-04-26;1040;156;66788;25067;25.2;9.4
08;2021-04-27;1338;593;68126;25660;25.7;9.7
08;2021-04-28;1453;672;69579;26332;26.2;9.9
08;2021-04-29;1173;1313;70752;27645;26.6;10.4
08;2021-04-30;1769;1611;72521;29256;27.3;11.0
08;2021-05-01;1049;493;73570;29749;27.7;11.2
08;2021-05-02;627;183;74197;29932;27.9;11.3
08;2021-05-03;1169;372;75366;30304;28.4;11.4
08;2021-05-04;1328;874;76694;31178;28.9;11.7
08;2021-05-05;1567;1336;78261;32514;29.5;12.2
08;2021-05-06;1971;1650;80232;34164;30.2;12.9
08;2021-05-07;1861;2100;82093;36264;30.9;13.7
08;2021-05-08;923;767;83016;37031;31.3;13.9
08;2021-05-09;443;71;83459;37102;31.4;14.0
08;2021-05-10;1192;657;84651;37759;31.9;14.2
08;2021-05-11;1910;940;86561;38699;32.6;14.6
08;2021-05-12;1810;1239;88371;39938;33.3;15.0
08;2021-05-13;1306;619;89677;40557;33.8;15.3
08;2021-05-14;2535;1035;92212;41592;34.7;15.7
08;2021-05-15;1821;712;94033;42304;35.4;15.9
08;2021-05-16;820;102;94853;42406;35.7;16.0
08;2021-05-17;700;905;95553;43311;36.0;16.3
08;2021-05-18;1251;838;96804;44149;36.5;16.6
08;2021-05-19;1610;960;98414;45109;37.1;17.0
08;2021-05-20;2147;955;100561;46064;37.9;17.3
08;2021-05-21;2338;1273;102899;47337;38.8;17.8
08;2021-05-22;1817;762;104716;48099;39.4;18.1
08;2021-05-23;864;90;105580;48189;39.8;18.1
08;2021-05-24;715;105;106295;48294;40.0;18.2
08;2021-05-25;1456;669;107751;48963;40.6;18.4
08;2021-05-26;1526;1010;109277;49973;41.2;18.8
08;2021-05-27;2005;1144;111282;51117;41.9;19.3
08;2021-05-28;1973;1819;113255;52936;42.7;19.9
08;2021-05-29;1768;965;115023;53901;43.3;20.3
08;2021-05-30;836;102;115859;54003;43.6;20.3
08;2021-05-31;755;569;116614;54572;43.9;20.6
08;2021-06-01;1350;876;117964;55448;44.4;20.9
08;2021-06-02;1295;1195;119259;56643;44.9;21.3
08;2021-06-03;1386;1521;120645;58164;45.4;21.9
08;2021-06-04;1777;2419;122422;60583;46.1;22.8
08;2021-06-05;1177;1379;123599;61962;46.5;23.3
08;2021-06-06;907;107;124506;62069;46.9;23.4
08;2021-06-07;661;1174;125167;63243;47.1;23.8
08;2021-06-08;931;1496;126098;64739;47.5;24.4
08;2021-06-09;841;1386;126939;66125;47.8;24.9
08;2021-06-10;1718;1559;128657;67684;48.5;25.5
08;2021-06-11;1721;2207;130378;69891;49.1;26.3
08;2021-06-12;1418;1527;131796;71418;49.6;26.9
08;2021-06-13;386;598;132182;72016;49.8;27.1
08;2021-06-14;380;1304;132562;73320;49.9;27.6
08;2021-06-15;741;1550;133303;74870;50.2;28.2
08;2021-06-16;809;2055;134112;76925;50.5;29.0
08;2021-06-17;1285;1851;135397;78776;51.0;29.7
08;2021-06-18;1609;2592;137006;81368;51.6;30.6
08;2021-06-19;1325;1407;138331;82775;52.1;31.2
08;2021-06-20;117;422;138448;83197;52.1;31.3
08;2021-06-21;494;1397;138942;84594;52.3;31.9
08;2021-06-22;809;2023;139751;86617;52.6;32.6
08;2021-06-23;860;1673;140611;88290;53.0;33.3
08;2021-06-24;1038;1923;141649;90213;53.3;34.0
08;2021-06-25;1084;2729;142733;92942;53.8;35.0
08;2021-06-26;1011;1784;143744;94726;54.1;35.7
08;2021-06-27;351;642;144095;95368;54.3;35.9
08;2021-06-28;397;1324;144492;96692;54.4;36.4
08;2021-06-29;628;1472;145120;98164;54.7;37.0
08;2021-06-30;856;1690;145976;99854;55.0;37.6
08;2021-07-01;887;2194;146863;102048;55.3;38.4
08;2021-07-02;939;2642;147802;104690;55.7;39.4
08;2021-07-03;784;2145;148586;106835;56.0;40.2
08;2021-07-04;128;861;148714;107696;56.0;40.6
08;2021-07-05;104;1195;148818;108891;56.0;41.0
08;2021-07-06;425;1835;149243;110726;56.2;41.7
08;2021-07-07;364;1781;149607;112507;56.3;42.4
08;2021-07-08;717;2016;150324;114523;56.6;43.1
08;2021-07-09;734;2434;151058;116957;56.9;44.0
08;2021-07-10;653;1998;151711;118955;57.1;44.8
08;2021-07-11;238;726;151949;119681;57.2;45.1
08;2021-07-12;312;1192;152261;120873;57.3;45.5
08;2021-07-13;946;1787;153207;122660;57.7;46.2
08;2021-07-14;178;329;153385;122989;57.8;46.3
08;2021-07-15;760;2448;154145;125437;58.1;47.2
08;2021-07-16;1084;2404;155229;127841;58.5;48.1
08;2021-07-17;993;2107;156222;129948;58.8;48.9
08;2021-07-18;346;741;156568;130689;59.0;49.2
08;2021-07-19;457;920;157025;131609;59.1;49.6
08;2021-07-20;878;1435;157903;133044;59.5;50.1
08;2021-07-21;1235;1716;159138;134760;59.9;50.8
08;2021-07-22;1151;2168;160289;136928;60.4;51.6
08;2021-07-23;1586;2441;161875;139369;61.0;52.5
08;2021-07-24;1310;1923;163185;141292;61.5;53.2
08;2021-07-25;774;445;163959;141737;61.7;53.4
08;2021-07-26;1323;843;165282;142580;62.2;53.7
08;2021-07-27;2188;1406;167470;143986;63.1;54.2
08;2021-07-28;2414;1452;169884;145438;64.0;54.8
08;2021-07-29;2605;1346;172489;146784;65.0;55.3
08;2021-07-30;2601;1589;175090;148373;65.9;55.9
08;2021-07-31;1974;1076;177064;149449;66.7;56.3
08;2021-08-01;935;300;177999;149749;67.0;56.4
08;2021-08-02;1255;682;179254;150431;67.5;56.7
08;2021-08-03;1633;823;180887;151254;68.1;57.0
08;2021-08-04;1492;664;182379;151918;68.7;57.2
08;2021-08-05;1905;976;184284;152894;69.4;57.6
08;2021-08-06;2589;1100;186873;153994;70.4;58.0
08;2021-08-07;1673;1162;188546;155156;71.0;58.4
08;2021-08-08;585;373;189131;155529;71.2;58.6
08;2021-08-09;672;535;189803;156064;71.5;58.8
08;2021-08-10;879;749;190682;156813;71.8;59.1
08;2021-08-11;524;791;191206;157604;72.0;59.4
08;2021-08-12;1160;1079;192366;158683;72.4;59.8
08;2021-08-13;1155;1015;193521;159698;72.9;60.1
08;2021-08-14;587;913;194108;160611;73.1;60.5
08;2021-08-15;137;274;194245;160885;73.2;60.6
08;2021-08-16;219;1180;194464;162065;73.2;61.0
08;2021-08-17;514;1210;194978;163275;73.4;61.5
08;2021-08-18;278;1264;195256;164539;73.5;62.0
08;2021-08-19;605;1888;195861;166427;73.8;62.7
08;2021-08-20;681;2177;196542;168604;74.0;63.5
08;2021-08-21;273;1339;196815;169943;74.1;64.0
08;2021-08-22;105;899;196920;170842;74.2;64.3
08;2021-08-23;160;1448;197080;172290;74.2;64.9
08;2021-08-24;361;1753;197441;174043;74.4;65.5
08;2021-08-25;320;1248;197761;175291;74.5;66.0
08;2021-08-26;500;2063;198261;177354;74.7;66.8
08;2021-08-27;449;2324;198710;179678;74.8;67.7
08;2021-08-28;260;1285;198970;180963;74.9;68.2
08;2021-08-29;167;561;199137;181524;75.0;68.4
08;2021-08-30;302;1167;199439;182691;75.1;68.8
08;2021-08-31;360;1284;199799;183975;75.2;69.3
08;2021-09-01;413;1352;200212;185327;75.4;69.8
08;2021-09-02;463;1289;200675;186616;75.6;70.3
08;2021-09-03;461;1691;201136;188307;75.7;70.9
08;2021-09-04;348;1463;201484;189770;75.9;71.5
08;2021-09-05;106;205;201590;189975;75.9;71.5
08;2021-09-06;195;513;201785;190488;76.0;71.7
08;2021-09-07;204;611;201989;191099;76.1;72.0
08;2021-09-08;277;595;202266;191694;76.2;72.2
08;2021-09-09;342;737;202608;192431;76.3;72.5
09;2020-12-27;0;0;0;0;0.0;0.0
09;2020-12-28;1;0;1;0;0.0;0.0
09;2020-12-29;0;0;1;0;0.0;0.0
09;2020-12-30;0;0;1;0;0.0;0.0
09;2020-12-31;0;0;1;0;0.0;0.0
09;2021-01-01;0;0;1;0;0.0;0.0
09;2021-01-02;0;0;1;0;0.0;0.0
09;2021-01-03;0;0;1;0;0.0;0.0
09;2021-01-04;2;1;3;1;0.0;0.0
09;2021-01-05;0;0;3;1;0.0;0.0
09;2021-01-06;3;0;6;1;0.0;0.0
09;2021-01-07;257;2;263;3;0.2;0.0
09;2021-01-08;228;0;491;3;0.3;0.0
09;2021-01-09;103;0;594;3;0.4;0.0
09;2021-01-10;59;0;653;3;0.4;0.0
09;2021-01-11;175;0;828;3;0.5;0.0
09;2021-01-12;303;0;1131;3;0.7;0.0
09;2021-01-13;196;0;1327;3;0.9;0.0
09;2021-01-14;432;8;1759;11;1.2;0.0
09;2021-01-15;223;1;1982;12;1.3;0.0
09;2021-01-16;192;1;2174;13;1.4;0.0
09;2021-01-17;123;0;2297;13;1.5;0.0
09;2021-01-18;265;1;2562;14;1.7;0.0
09;2021-01-19;256;1;2818;15;1.8;0.0
09;2021-01-20;346;1;3164;16;2.1;0.0
09;2021-01-21;331;1;3495;17;2.3;0.0
09;2021-01-22;330;1;3825;18;2.5;0.0
09;2021-01-23;237;0;4062;18;2.7;0.0
09;2021-01-24;85;1;4147;19;2.7;0.0
09;2021-01-25;206;11;4353;30;2.9;0.0
09;2021-01-26;632;25;4985;55;3.3;0.0
09;2021-01-27;472;46;5457;101;3.6;0.1
09;2021-01-28;286;140;5743;241;3.8;0.2
09;2021-01-29;251;121;5994;362;3.9;0.2
09;2021-01-30;143;51;6137;413;4.0;0.3
09;2021-01-31;56;10;6193;423;4.1;0.3
09;2021-02-01;82;128;6275;551;4.1;0.4
09;2021-02-02;57;281;6332;832;4.2;0.5
09;2021-02-03;87;189;6419;1021;4.2;0.7
09;2021-02-04;49;266;6468;1287;4.2;0.8
09;2021-02-05;89;123;6557;1410;4.3;0.9
09;2021-02-06;68;36;6625;1446;4.3;0.9
09;2021-02-07;6;50;6631;1496;4.4;1.0
09;2021-02-08;22;149;6653;1645;4.4;1.1
09;2021-02-09;55;235;6708;1880;4.4;1.2
09;2021-02-10;14;141;6722;2021;4.4;1.3
09;2021-02-11;6;174;6728;2195;4.4;1.4
09;2021-02-12;148;116;6876;2311;4.5;1.5
09;2021-02-13;7;120;6883;2431;4.5;1.6
09;2021-02-14;0;43;6883;2474;4.5;1.6
09;2021-02-15;75;113;6958;2587;4.6;1.7
09;2021-02-16;227;467;7185;3054;4.7;2.0
09;2021-02-17;83;338;7268;3392;4.8;2.2
09;2021-02-18;87;376;7355;3768;4.8;2.5
09;2021-02-19;63;219;7418;3987;4.9;2.6
09;2021-02-20;59;160;7477;4147;4.9;2.7
09;2021-02-21;0;40;7477;4187;4.9;2.7
09;2021-02-22;127;178;7604;4365;5.0;2.9
09;2021-02-23;161;117;7765;4482;5.1;2.9
09;2021-02-24;74;154;7839;4636;5.1;3.0
09;2021-02-25;211;146;8050;4782;5.3;3.1
09;2021-02-26;162;146;8212;4928;5.4;3.2
09;2021-02-27;65;56;8277;4984;5.4;3.3
09;2021-02-28;44;15;8321;4999;5.5;3.3
09;2021-03-01;247;86;8568;5085;5.6;3.3
09;2021-03-02;284;69;8852;5154;5.8;3.4
09;2021-03-03;252;124;9104;5278;6.0;3.5
09;2021-03-04;413;29;9517;5307;6.2;3.5
09;2021-03-05;331;54;9848;5361;6.5;3.5
09;2021-03-06;397;41;10245;5402;6.7;3.5
09;2021-03-07;124;4;10369;5406;6.8;3.5
09;2021-03-08;380;62;10749;5468;7.1;3.6
09;2021-03-09;437;134;11186;5602;7.3;3.7
09;2021-03-10;561;71;11747;5673;7.7;3.7
09;2021-03-11;695;78;12442;5751;8.2;3.8
09;2021-03-12;660;32;13102;5783;8.6;3.8
09;2021-03-13;385;3;13487;5786;8.8;3.8
09;2021-03-14;120;3;13607;5789;8.9;3.8
09;2021-03-15;467;51;14074;5840;9.2;3.8
09;2021-03-16;370;78;14444;5918;9.5;3.9
09;2021-03-17;399;72;14843;5990;9.7;3.9
09;2021-03-18;454;43;15297;6033;10.0;4.0
09;2021-03-19;525;56;15822;6089;10.4;4.0
09;2021-03-20;314;39;16136;6128;10.6;4.0
09;2021-03-21;105;0;16241;6128;10.7;4.0
09;2021-03-22;424;117;16665;6245;10.9;4.1
09;2021-03-23;566;167;17231;6412;11.3;4.2
09;2021-03-24;711;43;17942;6455;11.8;4.2
09;2021-03-25;869;134;18811;6589;12.3;4.3
09;2021-03-26;751;47;19562;6636;12.8;4.4
09;2021-03-27;622;70;20184;6706;13.2;4.4
09;2021-03-28;132;24;20316;6730;13.3;4.4
09;2021-03-29;498;275;20814;7005;13.7;4.6
09;2021-03-30;729;154;21543;7159;14.1;4.7
09;2021-03-31;803;182;22346;7341;14.7;4.8
09;2021-04-01;734;253;23080;7594;15.1;5.0
09;2021-04-02;694;267;23774;7861;15.6;5.2
09;2021-04-03;771;116;24545;7977;16.1;5.2
09;2021-04-04;122;57;24667;8034;16.2;5.3
09;2021-04-05;237;61;24904;8095;16.3;5.3
09;2021-04-06;1057;394;25961;8489;17.0;5.6
09;2021-04-07;1209;360;27170;8849;17.8;5.8
09;2021-04-08;1470;405;28640;9254;18.8;6.1
09;2021-04-09;1138;414;29778;9668;19.5;6.3
09;2021-04-10;1349;196;31127;9864;20.4;6.5
09;2021-04-11;173;101;31300;9965;20.5;6.5
09;2021-04-12;737;346;32037;10311;21.0;6.8
09;2021-04-13;1047;414;33084;10725;21.7;7.0
09;2021-04-14;1332;510;34416;11235;22.6;7.4
09;2021-04-15;1147;504;35563;11739;23.3;7.7
09;2021-04-16;1032;410;36595;12149;24.0;8.0
09;2021-04-17;1193;356;37788;12505;24.8;8.2
09;2021-04-18;102;96;37890;12601;24.9;8.3
09;2021-04-19;697;406;38587;13007;25.3;8.5
09;2021-04-20;766;531;39353;13538;25.8;8.9
09;2021-04-21;939;589;40292;14127;26.4;9.3
09;2021-04-22;666;605;40958;14732;26.9;9.7
09;2021-04-23;774;430;41732;15162;27.4;9.9
09;2021-04-24;741;671;42473;15833;27.9;10.4
09;2021-04-25;75;112;42548;15945;27.9;10.5
09;2021-04-26;382;532;42930;16477;28.2;10.8
09;2021-04-27;444;721;43374;17198;28.5;11.3
09;2021-04-28;806;794;44180;17992;29.0;11.8
09;2021-04-29;550;776;44730;18768;29.4;12.3
09;2021-04-30;621;723;45351;19491;29.8;12.8
09;2021-05-01;478;455;45829;19946;30.1;13.1
09;2021-05-02;51;100;45880;20046;30.1;13.2
09;2021-05-03;521;662;46401;20708;30.4;13.6
09;2021-05-04;555;1348;46956;22056;30.8;14.5
09;2021-05-05;822;1348;47778;23404;31.4;15.4
09;2021-05-06;849;1032;48627;24436;31.9;16.0
09;2021-05-07;977;822;49604;25258;32.5;16.6
09;2021-05-08;395;461;49999;25719;32.8;16.9
09;2021-05-09;264;84;50263;25803;33.0;16.9
09;2021-05-10;504;966;50767;26769;33.3;17.6
09;2021-05-11;741;1049;51508;27818;33.8;18.3
09;2021-05-12;1535;1402;53043;29220;34.8;19.2
09;2021-05-13;1383;425;54426;29645;35.7;19.5
09;2021-05-14;986;654;55412;30299;36.4;19.9
09;2021-05-15;1236;789;56648;31088;37.2;20.4
09;2021-05-16;296;48;56944;31136;37.4;20.4
09;2021-05-17;873;413;57817;31549;37.9;20.7
09;2021-05-18;1291;396;59108;31945;38.8;21.0
09;2021-05-19;1496;371;60604;32316;39.8;21.2
09;2021-05-20;1380;404;61984;32720;40.7;21.5
09;2021-05-21;1164;496;63148;33216;41.4;21.8
09;2021-05-22;1546;365;64694;33581;42.5;22.0
09;2021-05-23;273;25;64967;33606;42.6;22.1
09;2021-05-24;177;100;65144;33706;42.7;22.1
09;2021-05-25;998;500;66142;34206;43.4;22.4
09;2021-05-26;1285;447;67427;34653;44.2;22.7
09;2021-05-27;966;403;68393;35056;44.9;23.0
09;2021-05-28;958;511;69351;35567;45.5;23.3
09;2021-05-29;1796;600;71147;36167;46.7;23.7
09;2021-05-30;541;197;71688;36364;47.0;23.9
09;2021-05-31;717;592;72405;36956;47.5;24.2
09;2021-06-01;970;638;73375;37594;48.1;24.7
09;2021-06-02;1009;896;74384;38490;48.8;25.3
09;2021-06-03;810;682;75194;39172;49.3;25.7
09;2021-06-04;877;799;76071;39971;49.9;26.2
09;2021-06-05;1320;874;77391;40845;50.8;26.8
09;2021-06-06;304;108;77695;40953;51.0;26.9
09;2021-06-07;623;518;78318;41471;51.4;27.2
09;2021-06-08;823;488;79141;41959;51.9;27.5
09;2021-06-09;805;835;79946;42794;52.5;28.1
09;2021-06-10;642;534;80588;43328;52.9;28.4
09;2021-06-11;831;762;81419;44090;53.4;28.9
09;2021-06-12;636;809;82055;44899;53.8;29.5
09;2021-06-13;94;130;82149;45029;53.9;29.5
09;2021-06-14;630;708;82779;45737;54.3;30.0
09;2021-06-15;824;889;83603;46626;54.9;30.6
09;2021-06-16;627;1079;84230;47705;55.3;31.3
09;2021-06-17;780;853;85010;48558;55.8;31.9
09;2021-06-18;635;1150;85645;49708;56.2;32.6
09;2021-06-19;517;1580;86162;51288;56.5;33.7
09;2021-06-20;8;279;86170;51567;56.5;33.8
09;2021-06-21;473;698;86643;52265;56.9;34.3
09;2021-06-22;463;1066;87106;53331;57.2;35.0
09;2021-06-23;435;1224;87541;54555;57.4;35.8
09;2021-06-24;581;771;88122;55326;57.8;36.3
09;2021-06-25;411;1063;88533;56389;58.1;37.0
09;2021-06-26;443;1087;88976;57476;58.4;37.7
09;2021-06-27;2;275;88978;57751;58.4;37.9
09;2021-06-28;239;1046;89217;58797;58.5;38.6
09;2021-06-29;314;1228;89531;60025;58.7;39.4
09;2021-06-30;457;1492;89988;61517;59.0;40.4
09;2021-07-01;384;1430;90372;62947;59.3;41.3
09;2021-07-02;308;1162;90680;64109;59.5;42.1
09;2021-07-03;210;1619;90890;65728;59.6;43.1
09;2021-07-04;4;254;90894;65982;59.6;43.3
09;2021-07-05;189;713;91083;66695;59.8;43.8
09;2021-07-06;293;1221;91376;67916;60.0;44.6
09;2021-07-07;419;1399;91795;69315;60.2;45.5
09;2021-07-08;325;1058;92120;70373;60.4;46.2
09;2021-07-09;293;1154;92413;71527;60.6;46.9
09;2021-07-10;345;1727;92758;73254;60.9;48.1
09;2021-07-11;147;392;92905;73646;61.0;48.3
09;2021-07-12;187;1074;93092;74720;61.1;49.0
09;2021-07-13;642;1308;93734;76028;61.5;49.9
09;2021-07-14;490;220;94224;76248;61.8;50.0
09;2021-07-15;819;1165;95043;77413;62.4;50.8
09;2021-07-16;610;1190;95653;78603;62.8;51.6
09;2021-07-17;1016;1444;96669;80047;63.4;52.5
09;2021-07-18;302;221;96971;80268;63.6;52.7
09;2021-07-19;483;973;97454;81241;63.9;53.3
09;2021-07-20;830;1260;98284;82501;64.5;54.1
09;2021-07-21;1017;1167;99301;83668;65.2;54.9
09;2021-07-22;847;908;100148;84576;65.7;55.5
09;2021-07-23;724;910;100872;85486;66.2;56.1
09;2021-07-24;928;464;101800;85950;66.8;56.4
09;2021-07-25;559;134;102359;86084;67.2;56.5
09;2021-07-26;647;767;103006;86851;67.6;57.0
09;2021-07-27;1179;947;104185;87798;68.4;57.6
09;2021-07-28;1196;987;105381;88785;69.1;58.3
09;2021-07-29;1042;737;106423;89522;69.8;58.7
09;2021-07-30;779;625;107202;90147;70.3;59.2
09;2021-07-31;1378;417;108580;90564;71.2;59.4
09;2021-08-01;141;125;108721;90689;71.3;59.5
09;2021-08-02;614;479;109335;91168;71.7;59.8
09;2021-08-03;1254;767;110589;91935;72.6;60.3
09;2021-08-04;1398;654;111987;92589;73.5;60.8
09;2021-08-05;998;676;112985;93265;74.1;61.2
09;2021-08-06;1015;638;114000;93903;74.8;61.6
09;2021-08-07;827;429;114827;94332;75.3;61.9
09;2021-08-08;129;131;114956;94463;75.4;62.0
09;2021-08-09;690;648;115646;95111;75.9;62.4
09;2021-08-10;941;694;116587;95805;76.5;62.9
09;2021-08-11;894;867;117481;96672;77.1;63.4
09;2021-08-12;631;730;118112;97402;77.5;63.9
09;2021-08-13;465;646;118577;98048;77.8;64.3
09;2021-08-14;311;828;118888;98876;78.0;64.9
09;2021-08-15;67;138;118955;99014;78.1;65.0
09;2021-08-16;546;619;119501;99633;78.4;65.4
09;2021-08-17;673;776;120174;100409;78.9;65.9
09;2021-08-18;619;930;120793;101339;79.3;66.5
09;2021-08-19;431;722;121224;102061;79.5;67.0
09;2021-08-20;363;750;121587;102811;79.8;67.5
09;2021-08-21;343;1383;121930;104194;80.0;68.4
09;2021-08-22;67;168;121997;104362;80.1;68.5
09;2021-08-23;336;759;122333;105121;80.3;69.0
09;2021-08-24;402;955;122735;106076;80.5;69.6
09;2021-08-25;283;1004;123018;107080;80.7;70.3
09;2021-08-26;315;927;123333;108007;80.9;70.9
09;2021-08-27;223;740;123556;108747;81.1;71.4
09;2021-08-28;256;969;123812;109716;81.2;72.0
09;2021-08-29;15;144;123827;109860;81.3;72.1
09;2021-08-30;275;748;124102;110608;81.4;72.6
09;2021-08-31;316;1148;124418;111756;81.6;73.3
09;2021-09-01;360;977;124778;112733;81.9;74.0
09;2021-09-02;159;601;124937;113334;82.0;74.4
09;2021-09-03;223;879;125160;114213;82.1;74.9
09;2021-09-04;161;536;125321;114749;82.2;75.3
09;2021-09-05;25;104;125346;114853;82.2;75.4
09;2021-09-06;183;653;125529;115506;82.4;75.8
09;2021-09-07;154;694;125683;116200;82.5;76.2
09;2021-09-08;199;917;125882;117117;82.6;76.8
09;2021-09-09;159;555;126041;117672;82.7;77.2
10;2020-12-27;0;0;0;0;0.0;0.0
10;2020-12-28;0;0;0;0;0.0;0.0
10;2020-12-29;0;0;0;0;0.0;0.0
10;2020-12-30;0;0;0;0;0.0;0.0
10;2020-12-31;0;0;0;0;0.0;0.0
10;2021-01-01;0;0;0;0;0.0;0.0
10;2021-01-02;1;0;1;0;0.0;0.0
10;2021-01-03;0;0;1;0;0.0;0.0
10;2021-01-04;0;0;1;0;0.0;0.0
10;2021-01-05;1;0;2;0;0.0;0.0
10;2021-01-06;0;0;2;0;0.0;0.0
10;2021-01-07;84;0;86;0;0.0;0.0
10;2021-01-08;255;0;341;0;0.1;0.0
10;2021-01-09;0;0;341;0;0.1;0.0
10;2021-01-10;0;0;341;0;0.1;0.0
10;2021-01-11;118;0;459;0;0.1;0.0
10;2021-01-12;195;0;654;0;0.2;0.0
10;2021-01-13;313;0;967;0;0.3;0.0
10;2021-01-14;391;7;1358;7;0.4;0.0
10;2021-01-15;359;3;1717;10;0.6;0.0
10;2021-01-16;56;0;1773;10;0.6;0.0
10;2021-01-17;0;0;1773;10;0.6;0.0
10;2021-01-18;702;0;2475;10;0.8;0.0
10;2021-01-19;1391;2;3866;12;1.2;0.0
10;2021-01-20;1079;9;4945;21;1.6;0.0
10;2021-01-21;1152;2;6097;23;2.0;0.0
10;2021-01-22;819;2;6916;25;2.2;0.0
10;2021-01-23;309;0;7225;25;2.3;0.0
10;2021-01-24;0;0;7225;25;2.3;0.0
10;2021-01-25;445;8;7670;33;2.5;0.0
10;2021-01-26;487;17;8157;50;2.6;0.0
10;2021-01-27;459;14;8616;64;2.8;0.0
10;2021-01-28;358;37;8974;101;2.9;0.0
10;2021-01-29;430;170;9404;271;3.0;0.1
10;2021-01-30;30;0;9434;271;3.0;0.1
10;2021-01-31;0;0;9434;271;3.0;0.1
10;2021-02-01;405;120;9839;391;3.2;0.1
10;2021-02-02;182;140;10021;531;3.2;0.2
10;2021-02-03;361;213;10382;744;3.4;0.2
10;2021-02-04;342;242;10724;986;3.5;0.3
10;2021-02-05;327;285;11051;1271;3.6;0.4
10;2021-02-06;3;35;11054;1306;3.6;0.4
10;2021-02-07;0;0;11054;1306;3.6;0.4
10;2021-02-08;190;326;11244;1632;3.6;0.5
10;2021-02-09;486;546;11730;2178;3.8;0.7
10;2021-02-10;667;469;12397;2647;4.0;0.9
10;2021-02-11;781;579;13178;3226;4.3;1.0
10;2021-02-12;580;516;13758;3742;4.4;1.2
10;2021-02-13;37;98;13795;3840;4.5;1.2
10;2021-02-14;0;0;13795;3840;4.5;1.2
10;2021-02-15;142;344;13937;4184;4.5;1.4
10;2021-02-16;116;448;14053;4632;4.5;1.5
10;2021-02-17;129;501;14182;5133;4.6;1.7
10;2021-02-18;216;458;14398;5591;4.6;1.8
10;2021-02-19;188;421;14586;6012;4.7;1.9
10;2021-02-20;24;160;14610;6172;4.7;2.0
10;2021-02-21;0;0;14610;6172;4.7;2.0
10;2021-02-22;77;369;14687;6541;4.7;2.1
10;2021-02-23;76;495;14763;7036;4.8;2.3
10;2021-02-24;113;328;14876;7364;4.8;2.4
10;2021-02-25;324;338;15200;7702;4.9;2.5
10;2021-02-26;351;263;15551;7965;5.0;2.6
10;2021-02-27;275;116;15826;8081;5.1;2.6
10;2021-02-28;0;0;15826;8081;5.1;2.6
10;2021-03-01;257;295;16083;8376;5.2;2.7
10;2021-03-02;435;358;16518;8734;5.3;2.8
10;2021-03-03;454;543;16972;9277;5.5;3.0
10;2021-03-04;636;475;17608;9752;5.7;3.1
10;2021-03-05;677;241;18285;9993;5.9;3.2
10;2021-03-06;950;43;19235;10036;6.2;3.2
10;2021-03-07;769;6;20004;10042;6.5;3.2
10;2021-03-08;502;418;20506;10460;6.6;3.4
10;2021-03-09;673;421;21179;10881;6.8;3.5
10;2021-03-10;660;355;21839;11236;7.0;3.6
10;2021-03-11;1174;236;23013;11472;7.4;3.7
10;2021-03-12;1338;243;24351;11715;7.9;3.8
10;2021-03-13;891;38;25242;11753;8.1;3.8
10;2021-03-14;1381;16;26623;11769;8.6;3.8
10;2021-03-15;821;78;27444;11847;8.9;3.8
10;2021-03-16;688;61;28132;11908;9.1;3.8
10;2021-03-17;831;67;28963;11975;9.3;3.9
10;2021-03-18;885;79;29848;12054;9.6;3.9
10;2021-03-19;951;70;30799;12124;9.9;3.9
10;2021-03-20;552;18;31351;12142;10.1;3.9
10;2021-03-21;1849;42;33200;12184;10.7;3.9
10;2021-03-22;879;73;34079;12257;11.0;4.0
10;2021-03-23;1244;92;35323;12349;11.4;4.0
10;2021-03-24;1311;59;36634;12408;11.8;4.0
10;2021-03-25;1676;228;38310;12636;12.4;4.1
10;2021-03-26;1431;116;39741;12752;12.8;4.1
10;2021-03-27;762;79;40503;12831;13.1;4.1
10;2021-03-28;1221;29;41724;12860;13.5;4.1
10;2021-03-29;648;303;42372;13163;13.7;4.2
10;2021-03-30;927;375;43299;13538;14.0;4.4
10;2021-03-31;617;359;43916;13897;14.2;4.5
10;2021-04-01;884;685;44800;14582;14.5;4.7
10;2021-04-02;1069;586;45869;15168;14.8;4.9
10;2021-04-03;540;603;46409;15771;15.0;5.1
10;2021-04-04;1826;260;48235;16031;15.6;5.2
10;2021-04-05;1843;43;50078;16074;16.2;5.2
10;2021-04-06;514;650;50592;16724;16.3;5.4
10;2021-04-07;590;540;51182;17264;16.5;5.6
10;2021-04-08;1057;606;52239;17870;16.9;5.8
10;2021-04-09;1130;612;53369;18482;17.2;6.0
10;2021-04-10;1770;349;55139;18831;17.8;6.1
10;2021-04-11;55;1220;55194;20051;17.8;6.5
10;2021-04-12;1003;807;56197;20858;18.1;6.7
10;2021-04-13;1506;894;57703;21752;18.6;7.0
10;2021-04-14;820;601;58523;22353;18.9;7.2
10;2021-04-15;1454;892;59977;23245;19.4;7.5
10;2021-04-16;1109;697;61086;23942;19.7;7.7
10;2021-04-17;2391;361;63477;24303;20.5;7.8
10;2021-04-18;1422;1785;64899;26088;20.9;8.4
10;2021-04-19;838;833;65737;26921;21.2;8.7
10;2021-04-20;546;1034;66283;27955;21.4;9.0
10;2021-04-21;636;974;66919;28929;21.6;9.3
10;2021-04-22;932;963;67851;29892;21.9;9.6
10;2021-04-23;2173;776;70024;30668;22.6;9.9
10;2021-04-24;2296;374;72320;31042;23.3;10.0
10;2021-04-25;1991;1215;74311;32257;24.0;10.4
10;2021-04-26;773;621;75084;32878;24.2;10.6
10;2021-04-27;895;537;75979;33415;24.5;10.8
10;2021-04-28;873;404;76852;33819;24.8;10.9
10;2021-04-29;1433;671;78285;34490;25.3;11.1
10;2021-04-30;2173;768;80458;35258;26.0;11.4
10;2021-05-01;1988;2168;82446;37426;26.6;12.1
10;2021-05-02;1948;1896;84394;39322;27.2;12.7
10;2021-05-03;622;447;85016;39769;27.4;12.8
10;2021-05-04;1145;1247;86161;41016;27.8;13.2
10;2021-05-05;1755;1021;87916;42037;28.4;13.6
10;2021-05-06;2257;948;90173;42985;29.1;13.9
10;2021-05-07;2218;1138;92391;44123;29.8;14.2
10;2021-05-08;2272;860;94663;44983;30.5;14.5
10;2021-05-09;2005;100;96668;45083;31.2;14.5
10;2021-05-10;530;1092;97198;46175;31.4;14.9
10;2021-05-11;1052;1027;98250;47202;31.7;15.2
10;2021-05-12;2062;883;100312;48085;32.4;15.5
10;2021-05-13;2180;435;102492;48520;33.1;15.7
10;2021-05-14;2729;673;105221;49193;34.0;15.9
10;2021-05-15;2426;2050;107647;51243;34.7;16.5
10;2021-05-16;2081;1448;109728;52691;35.4;17.0
10;2021-05-17;1451;443;111179;53134;35.9;17.1
10;2021-05-18;2510;640;113689;53774;36.7;17.4
10;2021-05-19;1553;638;115242;54412;37.2;17.6
10;2021-05-20;1892;846;117134;55258;37.8;17.8
10;2021-05-21;2318;618;119452;55876;38.5;18.0
10;2021-05-22;2180;423;121632;56299;39.2;18.2
10;2021-05-23;1817;139;123449;56438;39.8;18.2
10;2021-05-24;1968;177;125417;56615;40.5;18.3
10;2021-05-25;2195;491;127612;57106;41.2;18.4
10;2021-05-26;1677;419;129289;57525;41.7;18.6
10;2021-05-27;1660;755;130949;58280;42.3;18.8
10;2021-05-28;1719;1182;132668;59462;42.8;19.2
10;2021-05-29;2170;643;134838;60105;43.5;19.4
10;2021-05-30;1029;135;135867;60240;43.8;19.4
10;2021-05-31;1040;749;136907;60989;44.2;19.7
10;2021-06-01;1134;884;138041;61873;44.5;20.0
10;2021-06-02;1033;720;139074;62593;44.9;20.2
10;2021-06-03;1473;1068;140547;63661;45.4;20.5
10;2021-06-04;1768;2598;142315;66259;45.9;21.4
10;2021-06-05;1519;2450;143834;68709;46.4;22.2
10;2021-06-06;1005;1876;144839;70585;46.7;22.8
10;2021-06-07;698;1112;145537;71697;47.0;23.1
10;2021-06-08;896;1171;146433;72868;47.3;23.5
10;2021-06-09;877;912;147310;73780;47.5;23.8
10;2021-06-10;678;1072;147988;74852;47.8;24.2
10;2021-06-11;1199;2201;149187;77053;48.1;24.9
10;2021-06-12;855;2388;150042;79441;48.4;25.6
10;2021-06-13;401;1834;150443;81275;48.5;26.2
10;2021-06-14;535;743;150978;82018;48.7;26.5
10;2021-06-15;740;2133;151718;84151;49.0;27.2
10;2021-06-16;741;1860;152459;86011;49.2;27.8
10;2021-06-17;850;2458;153309;88469;49.5;28.5
10;2021-06-18;1031;2473;154340;90942;49.8;29.3
10;2021-06-19;981;2595;155321;93537;50.1;30.2
10;2021-06-20;549;1598;155870;95135;50.3;30.7
10;2021-06-21;682;1045;156552;96180;50.5;31.0
10;2021-06-22;744;1525;157296;97705;50.8;31.5
10;2021-06-23;653;2408;157949;100113;51.0;32.3
10;2021-06-24;784;2618;158733;102731;51.2;33.1
10;2021-06-25;730;3046;159463;105777;51.5;34.1
10;2021-06-26;513;2746;159976;108523;51.6;35.0
10;2021-06-27;403;1939;160379;110462;51.8;35.6
10;2021-06-28;685;1787;161064;112249;52.0;36.2
10;2021-06-29;617;2695;161681;114944;52.2;37.1
10;2021-06-30;534;1523;162215;116467;52.3;37.6
10;2021-07-01;553;2172;162768;118639;52.5;38.3
10;2021-07-02;668;2727;163436;121366;52.7;39.2
10;2021-07-03;529;2600;163965;123966;52.9;40.0
10;2021-07-04;411;1727;164376;125693;53.0;40.6
10;2021-07-05;668;2222;165044;127915;53.3;41.3
10;2021-07-06;652;2189;165696;130104;53.5;42.0
10;2021-07-07;636;1703;166332;131807;53.7;42.5
10;2021-07-08;749;1458;167081;133265;53.9;43.0
10;2021-07-09;815;1947;167896;135212;54.2;43.6
10;2021-07-10;633;2096;168529;137308;54.4;44.3
10;2021-07-11;500;1383;169029;138691;54.5;44.8
10;2021-07-12;780;1623;169809;140314;54.8;45.3
10;2021-07-13;1125;1873;170934;142187;55.2;45.9
10;2021-07-14;1170;1056;172104;143243;55.5;46.2
10;2021-07-15;1474;1979;173578;145222;56.0;46.9
10;2021-07-16;1240;2274;174818;147496;56.4;47.6
10;2021-07-17;1288;1739;176106;149235;56.8;48.2
10;2021-07-18;942;1225;177048;150460;57.1;48.6
10;2021-07-19;1360;1620;178408;152080;57.6;49.1
10;2021-07-20;1687;1432;180095;153512;58.1;49.5
10;2021-07-21;1395;1486;181490;154998;58.6;50.0
10;2021-07-22;1936;1598;183426;156596;59.2;50.5
10;2021-07-23;1596;1544;185022;158140;59.7;51.0
10;2021-07-24;1389;1228;186411;159368;60.2;51.4
10;2021-07-25;1251;788;187662;160156;60.6;51.7
10;2021-07-26;1913;1314;189575;161470;61.2;52.1
10;2021-07-27;2138;1090;191713;162560;61.9;52.5
10;2021-07-28;2095;1016;193808;163576;62.5;52.8
10;2021-07-29;2438;1204;196246;164780;63.3;53.2
10;2021-07-30;2162;1310;198408;166090;64.0;53.6
10;2021-07-31;1677;937;200085;167027;64.6;53.9
10;2021-08-01;1236;570;201321;167597;65.0;54.1
10;2021-08-02;1337;1336;202658;168933;65.4;54.5
10;2021-08-03;1567;895;204225;169828;65.9;54.8
10;2021-08-04;1318;1066;205543;170894;66.3;55.1
10;2021-08-05;1628;1347;207171;172241;66.8;55.6
10;2021-08-06;1804;1333;208975;173574;67.4;56.0
10;2021-08-07;1151;1133;210126;174707;67.8;56.4
10;2021-08-08;660;751;210786;175458;68.0;56.6
10;2021-08-09;1305;1543;212091;177001;68.4;57.1
10;2021-08-10;1632;1350;213723;178351;69.0;57.5
10;2021-08-11;836;1106;214559;179457;69.2;57.9
10;2021-08-12;1026;1226;215585;180683;69.6;58.3
10;2021-08-13;729;1075;216314;181758;69.8;58.6
10;2021-08-14;571;1238;216885;182996;70.0;59.0
10;2021-08-15;303;780;217188;183776;70.1;59.3
10;2021-08-16;701;1618;217889;185394;70.3;59.8
10;2021-08-17;861;1777;218750;187171;70.6;60.4
10;2021-08-18;695;1619;219445;188790;70.8;60.9
10;2021-08-19;538;1568;219983;190358;71.0;61.4
10;2021-08-20;602;1736;220585;192094;71.2;62.0
10;2021-08-21;419;1424;221004;193518;71.3;62.4
10;2021-08-22;187;1061;221191;194579;71.4;62.8
10;2021-08-23;478;1558;221669;196137;71.5;63.3
10;2021-08-24;664;1770;222333;197907;71.7;63.9
10;2021-08-25;453;1376;222786;199283;71.9;64.3
10;2021-08-26;427;1485;223213;200768;72.0;64.8
10;2021-08-27;620;1586;223833;202354;72.2;65.3
10;2021-08-28;390;1332;224223;203686;72.4;65.7
10;2021-08-29;225;946;224448;204632;72.4;66.0
10;2021-08-30;432;1395;224880;206027;72.6;66.5
10;2021-08-31;467;1450;225347;207477;72.7;66.9
10;2021-09-01;295;1200;225642;208677;72.8;67.3
10;2021-09-02;259;1144;225901;209821;72.9;67.7
10;2021-09-03;399;1217;226300;211038;73.0;68.1
10;2021-09-04;335;1094;226635;212132;73.1;68.5
10;2021-09-05;171;467;226806;212599;73.2;68.6
10;2021-09-06;266;750;227072;213349;73.3;68.8
10;2021-09-07;302;759;227374;214108;73.4;69.1
10;2021-09-08;253;761;227627;214869;73.5;69.3
10;2021-09-09;325;962;227952;215831;73.6;69.6
11;2020-12-27;0;0;0;0;0.0;0.0
11;2020-12-28;1;0;1;0;0.0;0.0
11;2020-12-29;1;0;2;0;0.0;0.0
11;2020-12-30;0;0;2;0;0.0;0.0
11;2020-12-31;0;0;2;0;0.0;0.0
11;2021-01-01;0;0;2;0;0.0;0.0
11;2021-01-02;5;0;7;0;0.0;0.0
11;2021-01-03;0;0;7;0;0.0;0.0
11;2021-01-04;1;0;8;0;0.0;0.0
11;2021-01-05;95;0;103;0;0.0;0.0
11;2021-01-06;25;0;128;0;0.0;0.0
11;2021-01-07;119;0;247;0;0.1;0.0
11;2021-01-08;91;1;338;1;0.1;0.0
11;2021-01-09;86;0;424;1;0.1;0.0
11;2021-01-10;67;0;491;1;0.1;0.0
11;2021-01-11;136;0;627;1;0.2;0.0
11;2021-01-12;545;3;1172;4;0.3;0.0
11;2021-01-13;410;1;1582;5;0.4;0.0
11;2021-01-14;646;8;2228;13;0.6;0.0
11;2021-01-15;342;3;2570;16;0.7;0.0
11;2021-01-16;77;1;2647;17;0.7;0.0
11;2021-01-17;47;1;2694;18;0.7;0.0
11;2021-01-18;388;0;3082;18;0.8;0.0
11;2021-01-19;538;4;3620;22;1.0;0.0
11;2021-01-20;693;7;4313;29;1.2;0.0
11;2021-01-21;648;4;4961;33;1.3;0.0
11;2021-01-22;524;2;5485;35;1.5;0.0
11;2021-01-23;160;0;5645;35;1.5;0.0
11;2021-01-24;139;0;5784;35;1.6;0.0
11;2021-01-25;375;19;6159;54;1.7;0.0
11;2021-01-26;846;85;7005;139;1.9;0.0
11;2021-01-27;801;24;7806;163;2.1;0.0
11;2021-01-28;650;61;8456;224;2.3;0.1
11;2021-01-29;441;121;8897;345;2.4;0.1
11;2021-01-30;135;0;9032;345;2.4;0.1
11;2021-01-31;82;0;9114;345;2.4;0.1
11;2021-02-01;344;190;9458;535;2.5;0.1
11;2021-02-02;412;397;9870;932;2.6;0.3
11;2021-02-03;391;347;10261;1279;2.8;0.3
11;2021-02-04;376;491;10637;1770;2.9;0.5
11;2021-02-05;317;327;10954;2097;2.9;0.6
11;2021-02-06;209;59;11163;2156;3.0;0.6
11;2021-02-07;108;12;11271;2168;3.0;0.6
11;2021-02-08;316;132;11587;2300;3.1;0.6
11;2021-02-09;299;251;11886;2551;3.2;0.7
11;2021-02-10;342;401;12228;2952;3.3;0.8
11;2021-02-11;610;605;12838;3557;3.4;1.0
11;2021-02-12;404;355;13242;3912;3.6;1.0
11;2021-02-13;194;97;13436;4009;3.6;1.1
11;2021-02-14;72;22;13508;4031;3.6;1.1
11;2021-02-15;241;184;13749;4215;3.7;1.1
11;2021-02-16;265;478;14014;4693;3.8;1.3
11;2021-02-17;453;586;14467;5279;3.9;1.4
11;2021-02-18;456;533;14923;5812;4.0;1.6
11;2021-02-19;300;464;15223;6276;4.1;1.7
11;2021-02-20;147;63;15370;6339;4.1;1.7
11;2021-02-21;59;35;15429;6374;4.1;1.7
11;2021-02-22;124;287;15553;6661;4.2;1.8
11;2021-02-23;283;277;15836;6938;4.2;1.9
11;2021-02-24;251;332;16087;7270;4.3;2.0
11;2021-02-25;563;292;16650;7562;4.5;2.0
11;2021-02-26;523;280;17173;7842;4.6;2.1
11;2021-02-27;319;94;17492;7936;4.7;2.1
11;2021-02-28;95;22;17587;7958;4.7;2.1
11;2021-03-01;339;277;17926;8235;4.8;2.2
11;2021-03-02;562;355;18488;8590;5.0;2.3
11;2021-03-03;600;400;19088;8990;5.1;2.4
11;2021-03-04;1078;383;20166;9373;5.4;2.5
11;2021-03-05;1003;389;21169;9762;5.7;2.6
11;2021-03-06;1094;182;22263;9944;6.0;2.7
11;2021-03-07;658;32;22921;9976;6.1;2.7
11;2021-03-08;370;328;23291;10304;6.2;2.8
11;2021-03-09;997;385;24288;10689;6.5;2.9
11;2021-03-10;1174;530;25462;11219;6.8;3.0
11;2021-03-11;1571;435;27033;11654;7.3;3.1
11;2021-03-12;1456;432;28489;12086;7.6;3.2
11;2021-03-13;1160;231;29649;12317;8.0;3.3
11;2021-03-14;523;52;30172;12369;8.1;3.3
11;2021-03-15;651;230;30823;12599;8.3;3.4
11;2021-03-16;853;198;31676;12797;8.5;3.4
11;2021-03-17;907;211;32583;13008;8.7;3.5
11;2021-03-18;1172;282;33755;13290;9.1;3.6
11;2021-03-19;1372;242;35127;13532;9.4;3.6
11;2021-03-20;790;172;35917;13704;9.6;3.7
11;2021-03-21;225;65;36142;13769;9.7;3.7
11;2021-03-22;808;219;36950;13988;9.9;3.8
11;2021-03-23;1806;389;38756;14377;10.4;3.9
11;2021-03-24;1846;314;40602;14691;10.9;3.9
11;2021-03-25;2192;373;42794;15064;11.5;4.0
11;2021-03-26;2125;443;44919;15507;12.1;4.2
11;2021-03-27;1178;145;46097;15652;12.4;4.2
11;2021-03-28;265;43;46362;15695;12.4;4.2
11;2021-03-29;1182;223;47544;15918;12.8;4.3
11;2021-03-30;1993;325;49537;16243;13.3;4.4
11;2021-03-31;1614;386;51151;16629;13.7;4.5
11;2021-04-01;2145;424;53296;17053;14.3;4.6
11;2021-04-02;1643;429;54939;17482;14.7;4.7
11;2021-04-03;720;146;55659;17628;14.9;4.7
11;2021-04-04;198;75;55857;17703;15.0;4.7
11;2021-04-05;257;4;56114;17707;15.1;4.8
11;2021-04-06;1574;551;57688;18258;15.5;4.9
11;2021-04-07;1778;573;59466;18831;16.0;5.1
11;2021-04-08;1784;682;61250;19513;16.4;5.2
11;2021-04-09;2263;601;63513;20114;17.0;5.4
11;2021-04-10;1169;179;64682;20293;17.4;5.4
11;2021-04-11;549;105;65231;20398;17.5;5.5
11;2021-04-12;1616;539;66847;20937;17.9;5.6
11;2021-04-13;2261;883;69108;21820;18.5;5.9
11;2021-04-14;1661;1018;70769;22838;19.0;6.1
11;2021-04-15;1844;1130;72613;23968;19.5;6.4
11;2021-04-16;1836;849;74449;24817;20.0;6.7
11;2021-04-17;1773;561;76222;25378;20.5;6.8
11;2021-04-18;114;155;76336;25533;20.5;6.9
11;2021-04-19;1384;736;77720;26269;20.9;7.0
11;2021-04-20;1729;1281;79449;27550;21.3;7.4
11;2021-04-21;1779;1323;81228;28873;21.8;7.7
11;2021-04-22;1751;1322;82979;30195;22.3;8.1
11;2021-04-23;2012;1234;84991;31429;22.8;8.4
11;2021-04-24;1735;468;86726;31897;23.3;8.6
11;2021-04-25;661;179;87387;32076;23.4;8.6
11;2021-04-26;1380;839;88767;32915;23.8;8.8
11;2021-04-27;1840;1551;90607;34466;24.3;9.2
11;2021-04-28;2009;1465;92616;35931;24.8;9.6
11;2021-04-29;2248;1638;94864;37569;25.5;10.1
11;2021-04-30;2158;1427;97022;38996;26.0;10.5
11;2021-05-01;1338;341;98360;39337;26.4;10.6
11;2021-05-02;588;336;98948;39673;26.5;10.6
11;2021-05-03;1487;736;100435;40409;26.9;10.8
11;2021-05-04;1879;1429;102314;41838;27.5;11.2
11;2021-05-05;1895;1439;104209;43277;28.0;11.6
11;2021-05-06;2192;1477;106401;44754;28.5;12.0
11;2021-05-07;2106;1555;108507;46309;29.1;12.4
11;2021-05-08;898;727;109405;47036;29.4;12.6
11;2021-05-09;628;543;110033;47579;29.5;12.8
11;2021-05-10;1328;1652;111361;49231;29.9;13.2
11;2021-05-11;2041;1869;113402;51100;30.4;13.7
11;2021-05-12;1848;1650;115250;52750;30.9;14.2
11;2021-05-13;1406;414;116656;53164;31.3;14.3
11;2021-05-14;1716;1185;118372;54349;31.8;14.6
11;2021-05-15;1157;897;119529;55246;32.1;14.8
11;2021-05-16;808;164;120337;55410;32.3;14.9
11;2021-05-17;1471;1047;121808;56457;32.7;15.1
11;2021-05-18;1898;1195;123706;57652;33.2;15.5
11;2021-05-19;1847;1123;125553;58775;33.7;15.8
11;2021-05-20;1970;1091;127523;59866;34.2;16.1
11;2021-05-21;2275;1091;129798;60957;34.8;16.4
11;2021-05-22;1485;727;131283;61684;35.2;16.6
11;2021-05-23;768;71;132051;61755;35.4;16.6
11;2021-05-24;1411;225;133462;61980;35.8;16.6
11;2021-05-25;1811;1353;135273;63333;36.3;17.0
11;2021-05-26;1934;1301;137207;64634;36.8;17.3
11;2021-05-27;1988;1723;139195;66357;37.3;17.8
11;2021-05-28;1758;1899;140953;68256;37.8;18.3
11;2021-05-29;1427;1599;142380;69855;38.2;18.7
11;2021-05-30;486;395;142866;70250;38.3;18.8
11;2021-05-31;1261;1615;144127;71865;38.7;19.3
11;2021-06-01;1857;1903;145984;73768;39.2;19.8
11;2021-06-02;1761;2068;147745;75836;39.6;20.3
11;2021-06-03;2599;2412;150344;78248;40.3;21.0
11;2021-06-04;2146;2668;152490;80916;40.9;21.7
11;2021-06-05;1590;1904;154080;82820;41.3;22.2
11;2021-06-06;877;859;154957;83679;41.6;22.5
11;2021-06-07;1527;1710;156484;85389;42.0;22.9
11;2021-06-08;2038;1991;158522;87380;42.5;23.4
11;2021-06-09;1789;2182;160311;89562;43.0;24.0
11;2021-06-10;1806;2427;162117;91989;43.5;24.7
11;2021-06-11;1864;2493;163981;94482;44.0;25.4
11;2021-06-12;1457;1625;165438;96107;44.4;25.8
11;2021-06-13;713;723;166151;96830;44.6;26.0
11;2021-06-14;1033;1969;167184;98799;44.9;26.5
11;2021-06-15;1395;2687;168579;101486;45.2;27.2
11;2021-06-16;1337;2529;169916;104015;45.6;27.9
11;2021-06-17;1474;2538;171390;106553;46.0;28.6
11;2021-06-18;1520;2487;172910;109040;46.4;29.3
11;2021-06-19;1237;1411;174147;110451;46.7;29.6
11;2021-06-20;299;599;174446;111050;46.8;29.8
11;2021-06-21;838;2123;175284;113173;47.0;30.4
11;2021-06-22;1016;2606;176300;115779;47.3;31.1
11;2021-06-23;1097;2089;177397;117868;47.6;31.6
11;2021-06-24;907;2246;178304;120114;47.8;32.2
11;2021-06-25;993;2546;179297;122660;48.1;32.9
11;2021-06-26;776;1656;180073;124316;48.3;33.4
11;2021-06-27;210;688;180283;125004;48.4;33.5
11;2021-06-28;697;2298;180980;127302;48.6;34.2
11;2021-06-29;964;2599;181944;129901;48.8;34.9
11;2021-06-30;905;2521;182849;132422;49.1;35.5
11;2021-07-01;1004;1888;183853;134310;49.3;36.0
11;2021-07-02;968;2541;184821;136851;49.6;36.7
11;2021-07-03;728;1806;185549;138657;49.8;37.2
11;2021-07-04;340;1109;185889;139766;49.9;37.5
11;2021-07-05;696;2133;186585;141899;50.1;38.1
11;2021-07-06;973;2518;187558;144417;50.3;38.7
11;2021-07-07;946;2511;188504;146928;50.6;39.4
11;2021-07-08;1191;1911;189695;148839;50.9;39.9
11;2021-07-09;823;1794;190518;150633;51.1;40.4
11;2021-07-10;369;1301;190887;151934;51.2;40.8
11;2021-07-11;313;564;191200;152498;51.3;40.9
11;2021-07-12;505;2670;191705;155168;51.4;41.6
11;2021-07-13;1305;3065;193010;158233;51.8;42.5
11;2021-07-14;211;233;193221;158466;51.8;42.5
11;2021-07-15;1451;2965;194672;161431;52.2;43.3
11;2021-07-16;1875;2732;196547;164163;52.7;44.0
11;2021-07-17;1075;2165;197622;166328;53.0;44.6
11;2021-07-18;653;946;198275;167274;53.2;44.9
11;2021-07-19;1355;2092;199630;169366;53.6;45.4
11;2021-07-20;1998;2405;201628;171771;54.1;46.1
11;2021-07-21;2015;2440;203643;174211;54.6;46.7
11;2021-07-22;2415;1884;206058;176095;55.3;47.2
11;2021-07-23;2230;2280;208288;178375;55.9;47.9
11;2021-07-24;1274;1628;209562;180003;56.2;48.3
11;2021-07-25;750;692;210312;180695;56.4;48.5
11;2021-07-26;1667;1427;211979;182122;56.9;48.9
11;2021-07-27;2342;2001;214321;184123;57.5;49.4
11;2021-07-28;2482;1987;216803;186110;58.2;49.9
11;2021-07-29;2772;1794;219575;187904;58.9;50.4
11;2021-07-30;2575;1802;222150;189706;59.6;50.9
11;2021-07-31;2008;1139;224158;190845;60.1;51.2
11;2021-08-01;1012;482;225170;191327;60.4;51.3
11;2021-08-02;1927;1153;227097;192480;60.9;51.6
11;2021-08-03;2439;1597;229536;194077;61.6;52.1
11;2021-08-04;2557;1267;232093;195344;62.3;52.4
11;2021-08-05;2383;1337;234476;196681;62.9;52.8
11;2021-08-06;2253;1663;236729;198344;63.5;53.2
11;2021-08-07;1666;1170;238395;199514;64.0;53.5
11;2021-08-08;599;210;238994;199724;64.1;53.6
11;2021-08-09;1032;1432;240026;201156;64.4;54.0
11;2021-08-10;1742;1989;241768;203145;64.9;54.5
11;2021-08-11;1716;1688;243484;204833;65.3;55.0
11;2021-08-12;1708;1856;245192;206689;65.8;55.5
11;2021-08-13;1348;1657;246540;208346;66.1;55.9
11;2021-08-14;982;1593;247522;209939;66.4;56.3
11;2021-08-15;138;126;247660;210065;66.4;56.4
11;2021-08-16;728;1914;248388;211979;66.6;56.9
11;2021-08-17;1046;2393;249434;214372;66.9;57.5
11;2021-08-18;1106;2030;250540;216402;67.2;58.1
11;2021-08-19;996;2292;251536;218694;67.5;58.7
11;2021-08-20;965;2289;252501;220983;67.7;59.3
11;2021-08-21;574;1838;253075;222821;67.9;59.8
11;2021-08-22;190;512;253265;223333;68.0;59.9
11;2021-08-23;522;1816;253787;225149;68.1;60.4
11;2021-08-24;794;2254;254581;227403;68.3;61.0
11;2021-08-25;788;2152;255369;229555;68.5;61.6
11;2021-08-26;746;2003;256115;231558;68.7;62.1
11;2021-08-27;702;2223;256817;233781;68.9;62.7
11;2021-08-28;435;1743;257252;235524;69.0;63.2
11;2021-08-29;143;514;257395;236038;69.1;63.3
11;2021-08-30;449;1344;257844;237382;69.2;63.7
11;2021-08-31;569;1945;258413;239327;69.3;64.2
11;2021-09-01;598;1809;259011;241136;69.5;64.7
11;2021-09-02;549;1702;259560;242838;69.6;65.2
11;2021-09-03;532;1711;260092;244549;69.8;65.6
11;2021-09-04;487;1553;260579;246102;69.9;66.0
11;2021-09-05;153;271;260732;246373;70.0;66.1
11;2021-09-06;298;856;261030;247229;70.0;66.3
11;2021-09-07;353;1120;261383;248349;70.1;66.6
11;2021-09-08;475;1307;261858;249656;70.3;67.0
11;2021-09-09;389;1010;262247;250666;70.4;67.3
12;2020-12-27;0;0;0;0;0.0;0.0
12;2020-12-28;0;0;0;0;0.0;0.0
12;2020-12-29;0;0;0;0;0.0;0.0
12;2020-12-30;0;0;0;0;0.0;0.0
12;2020-12-31;0;0;0;0;0.0;0.0
12;2021-01-01;0;0;0;0;0.0;0.0
12;2021-01-02;0;0;0;0;0.0;0.0
12;2021-01-03;2;0;2;0;0.0;0.0
12;2021-01-04;1;0;3;0;0.0;0.0
12;2021-01-05;1;0;4;0;0.0;0.0
12;2021-01-06;12;0;16;0;0.0;0.0
12;2021-01-07;202;0;218;0;0.1;0.0
12;2021-01-08;65;0;283;0;0.1;0.0
12;2021-01-09;0;0;283;0;0.1;0.0
12;2021-01-10;1;0;284;0;0.1;0.0
12;2021-01-11;100;0;384;0;0.1;0.0
12;2021-01-12;361;1;745;1;0.3;0.0
12;2021-01-13;285;0;1030;1;0.4;0.0
12;2021-01-14;600;12;1630;13;0.6;0.0
12;2021-01-15;367;8;1997;21;0.7;0.0
12;2021-01-16;138;1;2135;22;0.8;0.0
12;2021-01-17;0;0;2135;22;0.8;0.0
12;2021-01-18;453;0;2588;22;0.9;0.0
12;2021-01-19;606;3;3194;25;1.1;0.0
12;2021-01-20;879;2;4073;27;1.5;0.0
12;2021-01-21;736;0;4809;27;1.7;0.0
12;2021-01-22;798;1;5607;28;2.0;0.0
12;2021-01-23;382;0;5989;28;2.2;0.0
12;2021-01-24;0;0;5989;28;2.2;0.0
12;2021-01-25;453;0;6442;28;2.3;0.0
12;2021-01-26;650;0;7092;28;2.5;0.0
12;2021-01-27;1886;31;8978;59;3.2;0.0
12;2021-01-28;1886;221;10864;280;3.9;0.1
12;2021-01-29;1332;42;12196;322;4.4;0.1
12;2021-01-30;359;2;12555;324;4.5;0.1
12;2021-01-31;0;0;12555;324;4.5;0.1
12;2021-02-01;333;85;12888;409;4.6;0.1
12;2021-02-02;457;235;13345;644;4.8;0.2
12;2021-02-03;457;166;13802;810;5.0;0.3
12;2021-02-04;459;514;14261;1324;5.1;0.5
12;2021-02-05;449;174;14710;1498;5.3;0.5
12;2021-02-06;220;49;14930;1547;5.4;0.6
12;2021-02-07;8;0;14938;1547;5.4;0.6
12;2021-02-08;104;289;15042;1836;5.4;0.7
12;2021-02-09;208;302;15250;2138;5.5;0.8
12;2021-02-10;464;427;15714;2565;5.6;0.9
12;2021-02-11;539;304;16253;2869;5.8;1.0
12;2021-02-12;570;287;16823;3156;6.0;1.1
12;2021-02-13;175;116;16998;3272;6.1;1.2
12;2021-02-14;1;0;16999;3272;6.1;1.2
12;2021-02-15;175;317;17174;3589;6.2;1.3
12;2021-02-16;171;456;17345;4045;6.2;1.5
12;2021-02-17;366;1370;17711;5415;6.4;1.9
12;2021-02-18;676;1584;18387;6999;6.6;2.5
12;2021-02-19;594;934;18981;7933;6.8;2.8
12;2021-02-20;103;366;19084;8299;6.9;3.0
12;2021-02-21;0;0;19084;8299;6.9;3.0
12;2021-02-22;150;350;19234;8649;6.9;3.1
12;2021-02-23;157;494;19391;9143;7.0;3.3
12;2021-02-24;156;591;19547;9734;7.0;3.5
12;2021-02-25;201;694;19748;10428;7.1;3.7
12;2021-02-26;320;595;20068;11023;7.2;4.0
12;2021-02-27;190;326;20258;11349;7.3;4.1
12;2021-02-28;13;0;20271;11349;7.3;4.1
12;2021-03-01;51;333;20322;11682;7.3;4.2
12;2021-03-02;190;474;20512;12156;7.4;4.4
12;2021-03-03;244;361;20756;12517;7.5;4.5
12;2021-03-04;278;349;21034;12866;7.6;4.6
12;2021-03-05;421;347;21455;13213;7.7;4.7
12;2021-03-06;793;127;22248;13340;8.0;4.8
12;2021-03-07;140;32;22388;13372;8.0;4.8
12;2021-03-08;234;201;22622;13573;8.1;4.9
12;2021-03-09;716;227;23338;13800;8.4;5.0
12;2021-03-10;784;731;24122;14531;8.7;5.2
12;2021-03-11;919;658;25041;15189;9.0;5.5
12;2021-03-12;1260;523;26301;15712;9.4;5.6
12;2021-03-13;896;140;27197;15852;9.8;5.7
12;2021-03-14;45;2;27242;15854;9.8;5.7
12;2021-03-15;559;154;27801;16008;10.0;5.8
12;2021-03-16;818;161;28619;16169;10.3;5.8
12;2021-03-17;1504;165;30123;16334;10.8;5.9
12;2021-03-18;996;251;31119;16585;11.2;6.0
12;2021-03-19;1383;281;32502;16866;11.7;6.1
12;2021-03-20;725;79;33227;16945;11.9;6.1
12;2021-03-21;264;10;33491;16955;12.0;6.1
12;2021-03-22;606;175;34097;17130;12.2;6.2
12;2021-03-23;1214;175;35311;17305;12.7;6.2
12;2021-03-24;1422;206;36733;17511;13.2;6.3
12;2021-03-25;1846;206;38579;17717;13.9;6.4
12;2021-03-26;1978;227;40557;17944;14.6;6.4
12;2021-03-27;981;67;41538;18011;14.9;6.5
12;2021-03-28;60;1;41598;18012;14.9;6.5
12;2021-03-29;963;84;42561;18096;15.3;6.5
12;2021-03-30;1737;123;44298;18219;15.9;6.5
12;2021-03-31;1461;107;45759;18326;16.4;6.6
12;2021-04-01;1958;164;47717;18490;17.1;6.6
12;2021-04-02;1615;343;49332;18833;17.7;6.8
12;2021-04-03;882;95;50214;18928;18.0;6.8
12;2021-04-04;1;0;50215;18928;18.0;6.8
12;2021-04-05;645;14;50860;18942;18.3;6.8
12;2021-04-06;1154;536;52014;19478;18.7;7.0
12;2021-04-07;1651;638;53665;20116;19.3;7.2
12;2021-04-08;2098;566;55763;20682;20.0;7.4
12;2021-04-09;2112;651;57875;21333;20.8;7.7
12;2021-04-10;1427;219;59302;21552;21.3;7.7
12;2021-04-11;120;1;59422;21553;21.3;7.7
12;2021-04-12;1837;504;61259;22057;22.0;7.9
12;2021-04-13;1907;777;63166;22834;22.7;8.2
12;2021-04-14;1832;1319;64998;24153;23.4;8.7
12;2021-04-15;1938;897;66936;25050;24.0;9.0
12;2021-04-16;1676;1205;68612;26255;24.6;9.4
12;2021-04-17;1554;568;70166;26823;25.2;9.6
12;2021-04-18;0;0;70166;26823;25.2;9.6
12;2021-04-19;1688;549;71854;27372;25.8;9.8
12;2021-04-20;1546;983;73400;28355;26.4;10.2
12;2021-04-21;1693;1183;75093;29538;27.0;10.6
12;2021-04-22;1691;1096;76784;30634;27.6;11.0
12;2021-04-23;1383;1335;78167;31969;28.1;11.5
12;2021-04-24;1451;720;79618;32689;28.6;11.7
12;2021-04-25;60;0;79678;32689;28.6;11.7
12;2021-04-26;1459;897;81137;33586;29.1;12.1
12;2021-04-27;1320;1279;82457;34865;29.6;12.5
12;2021-04-28;1113;1870;83570;36735;30.0;13.2
12;2021-04-29;1571;1910;85141;38645;30.6;13.9
12;2021-04-30;1812;1837;86953;40482;31.2;14.5
12;2021-05-01;1616;260;88569;40742;31.8;14.6
12;2021-05-02;8;0;88577;40742;31.8;14.6
12;2021-05-03;1713;1251;90290;41993;32.4;15.1
12;2021-05-04;1483;1394;91773;43387;33.0;15.6
12;2021-05-05;1296;1673;93069;45060;33.4;16.2
12;2021-05-06;1753;1377;94822;46437;34.1;16.7
12;2021-05-07;1485;1777;96307;48214;34.6;17.3
12;2021-05-08;1330;461;97637;48675;35.1;17.5
12;2021-05-09;13;34;97650;48709;35.1;17.5
12;2021-05-10;828;2213;98478;50922;35.4;18.3
12;2021-05-11;930;1848;99408;52770;35.7;19.0
12;2021-05-12;948;1820;100356;54590;36.1;19.6
12;2021-05-13;1588;810;101944;55400;36.6;19.9
12;2021-05-14;1235;1533;103179;56933;37.1;20.5
12;2021-05-15;1068;1115;104247;58048;37.5;20.9
12;2021-05-16;2;19;104249;58067;37.5;20.9
12;2021-05-17;1082;1810;105331;59877;37.8;21.5
12;2021-05-18;1427;1533;106758;61410;38.4;22.1
12;2021-05-19;1915;1331;108673;62741;39.0;22.5
12;2021-05-20;2119;876;110792;63617;39.8;22.9
12;2021-05-21;1821;1253;112613;64870;40.5;23.3
12;2021-05-22;1206;1015;113819;65885;40.9;23.7
12;2021-05-23;7;12;113826;65897;40.9;23.7
12;2021-05-24;1956;537;115782;66434;41.6;23.9
12;2021-05-25;1744;1159;117526;67593;42.2;24.3
12;2021-05-26;1998;779;119524;68372;42.9;24.6
12;2021-05-27;2165;744;121689;69116;43.7;24.8
12;2021-05-28;1928;1030;123617;70146;44.4;25.2
12;2021-05-29;1637;805;125254;70951;45.0;25.5
12;2021-05-30;9;43;125263;70994;45.0;25.5
12;2021-05-31;1699;815;126962;71809;45.6;25.8
12;2021-06-01;1889;1026;128851;72835;46.3;26.2
12;2021-06-02;1979;1053;130830;73888;47.0;26.5
12;2021-06-03;2121;825;132951;74713;47.8;26.8
12;2021-06-04;1967;1418;134918;76131;48.5;27.3
12;2021-06-05;1739;985;136657;77116;49.1;27.7
12;2021-06-06;6;6;136663;77122;49.1;27.7
12;2021-06-07;1091;1809;137754;78931;49.5;28.4
12;2021-06-08;1333;1201;139087;80132;50.0;28.8
12;2021-06-09;896;1291;139983;81423;50.3;29.3
12;2021-06-10;1022;920;141005;82343;50.7;29.6
12;2021-06-11;1204;2081;142209;84424;51.1;30.3
12;2021-06-12;1033;1321;143242;85745;51.5;30.8
12;2021-06-13;6;47;143248;85792;51.5;30.8
12;2021-06-14;662;1830;143910;87622;51.7;31.5
12;2021-06-15;744;1876;144654;89498;52.0;32.2
12;2021-06-16;821;1818;145475;91316;52.3;32.8
12;2021-06-17;678;995;146153;92311;52.5;33.2
12;2021-06-18;1134;1840;147287;94151;52.9;33.8
12;2021-06-19;914;1406;148201;95557;53.2;34.3
12;2021-06-20;4;10;148205;95567;53.2;34.3
12;2021-06-21;512;1738;148717;97305;53.4;35.0
12;2021-06-22;503;1475;149220;98780;53.6;35.5
12;2021-06-23;578;1307;149798;100087;53.8;36.0
12;2021-06-24;249;545;150047;100632;53.9;36.2
12;2021-06-25;876;1840;150923;102472;54.2;36.8
12;2021-06-26;674;1527;151597;103999;54.5;37.4
12;2021-06-27;1;9;151598;104008;54.5;37.4
12;2021-06-28;468;2453;152066;106461;54.6;38.2
12;2021-06-29;565;1956;152631;108417;54.8;38.9
12;2021-06-30;829;2133;153460;110550;55.1;39.7
12;2021-07-01;344;1087;153804;111637;55.3;40.1
12;2021-07-02;796;2627;154600;114264;55.5;41.0
12;2021-07-03;565;1873;155165;116137;55.7;41.7
12;2021-07-04;1;0;155166;116137;55.7;41.7
12;2021-07-05;440;2407;155606;118544;55.9;42.6
12;2021-07-06;640;2496;156246;121040;56.1;43.5
12;2021-07-07;688;2117;156934;123157;56.4;44.2
12;2021-07-08;294;912;157228;124069;56.5;44.6
12;2021-07-09;724;2588;157952;126657;56.7;45.5
12;2021-07-10;445;2077;158397;128734;56.9;46.2
12;2021-07-11;0;0;158397;128734;56.9;46.2
12;2021-07-12;586;2437;158983;131171;57.1;47.1
12;2021-07-13;842;2593;159825;133764;57.4;48.1
12;2021-07-14;44;25;159869;133789;57.4;48.1
12;2021-07-15;792;2107;160661;135896;57.7;48.8
12;2021-07-16;1248;2556;161909;138452;58.2;49.7
12;2021-07-17;790;2007;162699;140459;58.4;50.5
12;2021-07-18;25;11;162724;140470;58.5;50.5
12;2021-07-19;1319;2004;164043;142474;58.9;51.2
12;2021-07-20;1421;1474;165464;143948;59.4;51.7
12;2021-07-21;1022;941;166486;144889;59.8;52.1
12;2021-07-22;2235;1308;168721;146197;60.6;52.5
12;2021-07-23;1866;2063;170587;148260;61.3;53.3
12;2021-07-24;1604;1564;172191;149824;61.9;53.8
12;2021-07-25;98;28;172289;149852;61.9;53.8
12;2021-07-26;1931;1436;174220;151288;62.6;54.3
12;2021-07-27;2237;1006;176457;152294;63.4;54.7
12;2021-07-28;1716;676;178173;152970;64.0;55.0
12;2021-07-29;1192;807;179365;153777;64.4;55.2
12;2021-07-30;2508;1282;181873;155059;65.3;55.7
12;2021-07-31;1965;1003;183838;156062;66.0;56.1
12;2021-08-01;225;38;184063;156100;66.1;56.1
12;2021-08-02;1814;832;185877;156932;66.8;56.4
12;2021-08-03;1959;774;187836;157706;67.5;56.7
12;2021-08-04;1691;832;189527;158538;68.1;57.0
12;2021-08-05;1636;684;191163;159222;68.7;57.2
12;2021-08-06;1706;1314;192869;160536;69.3;57.7
12;2021-08-07;1447;744;194316;161280;69.8;57.9
12;2021-08-08;0;3;194316;161283;69.8;57.9
12;2021-08-09;1351;1416;195667;162699;70.3;58.4
12;2021-08-10;1341;1255;197008;163954;70.8;58.9
12;2021-08-11;818;1194;197826;165148;71.1;59.3
12;2021-08-12;730;1070;198556;166218;71.3;59.7
12;2021-08-13;1053;1336;199609;167554;71.7;60.2
12;2021-08-14;736;1353;200345;168907;72.0;60.7
12;2021-08-15;255;75;200600;168982;72.1;60.7
12;2021-08-16;669;1818;201269;170800;72.3;61.4
12;2021-08-17;904;1991;202173;172791;72.6;62.1
12;2021-08-18;449;1520;202622;174311;72.8;62.6
12;2021-08-19;637;1116;203259;175427;73.0;63.0
12;2021-08-20;792;1888;204051;177315;73.3;63.7
12;2021-08-21;472;1525;204523;178840;73.5;64.2
12;2021-08-22;93;27;204616;178867;73.5;64.3
12;2021-08-23;452;1920;205068;180787;73.7;64.9
12;2021-08-24;485;1916;205553;182703;73.8;65.6
12;2021-08-25;329;1580;205882;184283;74.0;66.2
12;2021-08-26;481;1608;206363;185891;74.1;66.8
12;2021-08-27;600;1697;206963;187588;74.4;67.4
12;2021-08-28;332;1550;207295;189138;74.5;67.9
12;2021-08-29;175;140;207470;189278;74.5;68.0
12;2021-08-30;560;1909;208030;191187;74.7;68.7
12;2021-08-31;414;1392;208444;192579;74.9;69.2
12;2021-09-01;424;1017;208868;193596;75.0;69.5
12;2021-09-02;266;821;209134;194417;75.1;69.8
12;2021-09-03;485;1374;209619;195791;75.3;70.3
12;2021-09-04;428;1207;210047;196998;75.5;70.8
12;2021-09-05;52;205;210099;197203;75.5;70.8
12;2021-09-06;215;805;210314;198008;75.6;71.1
12;2021-09-07;270;670;210584;198678;75.7;71.4
12;2021-09-08;238;614;210822;199292;75.7;71.6
12;2021-09-09;172;446;210994;199738;75.8;71.8
13;2020-12-27;4;0;4;0;0.0;0.0
13;2020-12-28;4;0;8;0;0.0;0.0
13;2020-12-29;0;0;8;0;0.0;0.0
13;2020-12-30;2;0;10;0;0.0;0.0
13;2020-12-31;6;0;16;0;0.0;0.0
13;2021-01-01;4;0;20;0;0.0;0.0
13;2021-01-02;4;0;24;0;0.0;0.0
13;2021-01-03;11;0;35;0;0.0;0.0
13;2021-01-04;0;0;35;0;0.0;0.0
13;2021-01-05;78;1;113;1;0.0;0.0
13;2021-01-06;122;0;235;1;0.0;0.0
13;2021-01-07;174;1;409;2;0.0;0.0
13;2021-01-08;188;0;597;2;0.0;0.0
13;2021-01-09;13;0;610;2;0.0;0.0
13;2021-01-10;3;0;613;2;0.0;0.0
13;2021-01-11;481;1;1094;3;0.1;0.0
13;2021-01-12;814;1;1908;4;0.1;0.0
13;2021-01-13;1086;1;2994;5;0.1;0.0
13;2021-01-14;1578;17;4572;22;0.2;0.0
13;2021-01-15;1539;7;6111;29;0.3;0.0
13;2021-01-16;407;2;6518;31;0.3;0.0
13;2021-01-17;44;0;6562;31;0.3;0.0
13;2021-01-18;2383;9;8945;40;0.4;0.0
13;2021-01-19;7411;38;16356;78;0.8;0.0
13;2021-01-20;5562;16;21918;94;1.1;0.0
13;2021-01-21;5365;28;27283;122;1.3;0.0
13;2021-01-22;4001;23;31284;145;1.5;0.0
13;2021-01-23;1349;6;32633;151;1.6;0.0
13;2021-01-24;490;5;33123;156;1.6;0.0
13;2021-01-25;2340;29;35463;185;1.7;0.0
13;2021-01-26;2950;86;38413;271;1.9;0.0
13;2021-01-27;3119;122;41532;393;2.0;0.0
13;2021-01-28;3246;180;44778;573;2.2;0.0
13;2021-01-29;2511;126;47289;699;2.3;0.0
13;2021-01-30;1025;10;48314;709;2.4;0.0
13;2021-01-31;249;0;48563;709;2.4;0.0
13;2021-02-01;1862;274;50425;983;2.5;0.0
13;2021-02-02;2254;576;52679;1559;2.6;0.1
13;2021-02-03;1864;549;54543;2108;2.7;0.1
13;2021-02-04;1907;894;56450;3002;2.8;0.1
13;2021-02-05;2625;1493;59075;4495;2.9;0.2
13;2021-02-06;855;289;59930;4784;2.9;0.2
13;2021-02-07;277;5;60207;4789;3.0;0.2
13;2021-02-08;1903;1468;62110;6257;3.1;0.3
13;2021-02-09;3315;4278;65425;10535;3.2;0.5
13;2021-02-10;3235;3257;68660;13792;3.4;0.7
13;2021-02-11;3581;3365;72241;17157;3.6;0.8
13;2021-02-12;2838;2890;75079;20047;3.7;1.0
13;2021-02-13;733;547;75812;20594;3.7;1.0
13;2021-02-14;72;351;75884;20945;3.7;1.0
13;2021-02-15;969;1857;76853;22802;3.8;1.1
13;2021-02-16;1392;2417;78245;25219;3.8;1.2
13;2021-02-17;1346;2734;79591;27953;3.9;1.4
13;2021-02-18;1903;2459;81494;30412;4.0;1.5
13;2021-02-19;1515;2006;83009;32418;4.1;1.6
13;2021-02-20;458;698;83467;33116;4.1;1.6
13;2021-02-21;33;249;83500;33365;4.1;1.6
13;2021-02-22;1024;2059;84524;35424;4.2;1.7
13;2021-02-23;1287;2381;85811;37805;4.2;1.9
13;2021-02-24;1518;2406;87329;40211;4.3;2.0
13;2021-02-25;2383;1961;89712;42172;4.4;2.1
13;2021-02-26;2457;1978;92169;44150;4.5;2.2
13;2021-02-27;982;692;93151;44842;4.6;2.2
13;2021-02-28;193;191;93344;45033;4.6;2.2
13;2021-03-01;1924;1433;95268;46466;4.7;2.3
13;2021-03-02;3012;2487;98280;48953;4.8;2.4
13;2021-03-03;3486;2464;101766;51417;5.0;2.5
13;2021-03-04;4207;2971;105973;54388;5.2;2.7
13;2021-03-05;4046;2637;110019;57025;5.4;2.8
13;2021-03-06;5302;773;115321;57798;5.7;2.8
13;2021-03-07;4292;373;119613;58171;5.9;2.9
13;2021-03-08;3929;1903;123542;60074;6.1;3.0
13;2021-03-09;5074;2209;128616;62283;6.3;3.1
13;2021-03-10;5180;1948;133796;64231;6.6;3.2
13;2021-03-11;7308;2112;141104;66343;6.9;3.3
13;2021-03-12;8329;2089;149433;68432;7.3;3.4
13;2021-03-13;6377;724;155810;69156;7.7;3.4
13;2021-03-14;2312;166;158122;69322;7.8;3.4
13;2021-03-15;6358;1302;164480;70624;8.1;3.5
13;2021-03-16;5080;1523;169560;72147;8.3;3.5
13;2021-03-17;5176;1414;174736;73561;8.6;3.6
13;2021-03-18;5818;1865;180554;75426;8.9;3.7
13;2021-03-19;6810;1603;187364;77029;9.2;3.8
13;2021-03-20;4043;696;191407;77725;9.4;3.8
13;2021-03-21;724;84;192131;77809;9.4;3.8
13;2021-03-22;7299;1544;199430;79353;9.8;3.9
13;2021-03-23;9128;1746;208558;81099;10.3;4.0
13;2021-03-24;8866;2188;217424;83287;10.7;4.1
13;2021-03-25;10914;2111;228338;85398;11.2;4.2
13;2021-03-26;10715;1906;239053;87304;11.8;4.3
13;2021-03-27;4867;827;243920;88131;12.0;4.3
13;2021-03-28;1119;80;245039;88211;12.0;4.3
13;2021-03-29;7579;1998;252618;90209;12.4;4.4
13;2021-03-30;12621;2525;265239;92734;13.0;4.6
13;2021-03-31;10818;3157;276057;95891;13.6;4.7
13;2021-04-01;12277;3078;288334;98969;14.2;4.9
13;2021-04-02;9792;3896;298126;102865;14.7;5.1
13;2021-04-03;4011;2804;302137;105669;14.9;5.2
13;2021-04-04;630;305;302767;105974;14.9;5.2
13;2021-04-05;3533;730;306300;106704;15.1;5.2
13;2021-04-06;8521;4248;314821;110952;15.5;5.5
13;2021-04-07;10082;4688;324903;115640;16.0;5.7
13;2021-04-08;10118;5462;335021;121102;16.5;6.0
13;2021-04-09;11277;5112;346298;126214;17.0;6.2
13;2021-04-10;7301;2093;353599;128307;17.4;6.3
13;2021-04-11;1379;533;354978;128840;17.4;6.3
13;2021-04-12;7982;4785;362960;133625;17.8;6.6
13;2021-04-13;9147;5498;372107;139123;18.3;6.8
13;2021-04-14;9536;5817;381643;144940;18.8;7.1
13;2021-04-15;9879;5957;391522;150897;19.2;7.4
13;2021-04-16;9968;5564;401490;156461;19.7;7.7
13;2021-04-17;4081;2020;405571;158481;19.9;7.8
13;2021-04-18;2523;1423;408094;159904;20.1;7.9
13;2021-04-19;6454;6406;414548;166310;20.4;8.2
13;2021-04-20;7407;7599;421955;173909;20.7;8.5
13;2021-04-21;7774;7382;429729;181291;21.1;8.9
13;2021-04-22;8468;7919;438197;189210;21.5;9.3
13;2021-04-23;8394;6820;446591;196030;22.0;9.6
13;2021-04-24;4625;3818;451216;199848;22.2;9.8
13;2021-04-25;876;520;452092;200368;22.2;9.8
13;2021-04-26;6171;7115;458263;207483;22.5;10.2
13;2021-04-27;7263;8027;465526;215510;22.9;10.6
13;2021-04-28;9453;7710;474979;223220;23.3;11.0
13;2021-04-29;11407;7600;486386;230820;23.9;11.3
13;2021-04-30;10920;7377;497306;238197;24.4;11.7
13;2021-05-01;5366;3793;502672;241990;24.7;11.9
13;2021-05-02;2100;748;504772;242738;24.8;11.9
13;2021-05-03;7301;7865;512073;250603;25.2;12.3
13;2021-05-04;8455;8514;520528;259117;25.6;12.7
13;2021-05-05;8230;8965;528758;268082;26.0;13.2
13;2021-05-06;10144;8583;538902;276665;26.5;13.6
13;2021-05-07;8856;10039;547758;286704;26.9;14.1
13;2021-05-08;4572;3935;552330;290639;27.1;14.3
13;2021-05-09;938;685;553268;291324;27.2;14.3
13;2021-05-10;7714;8759;560982;300083;27.6;14.7
13;2021-05-11;10983;9567;571965;309650;28.1;15.2
13;2021-05-12;12846;8730;584811;318380;28.7;15.6
13;2021-05-13;9511;3639;594322;322019;29.2;15.8
13;2021-05-14;13659;6450;607981;328469;29.9;16.1
13;2021-05-15;10200;4537;618181;333006;30.4;16.4
13;2021-05-16;3125;789;621306;333795;30.5;16.4
13;2021-05-17;10848;6808;632154;340603;31.1;16.7
13;2021-05-18;11919;6485;644073;347088;31.7;17.1
13;2021-05-19;12160;6358;656233;353446;32.3;17.4
13;2021-05-20;13450;6465;669683;359911;32.9;17.7
13;2021-05-21;13002;6780;682685;366691;33.6;18.0
13;2021-05-22;7523;3637;690208;370328;33.9;18.2
13;2021-05-23;862;638;691070;370966;34.0;18.2
13;2021-05-24;6770;2474;697840;373440;34.3;18.4
13;2021-05-25;9272;7598;707112;381038;34.8;18.7
13;2021-05-26;10143;7842;717255;388880;35.3;19.1
13;2021-05-27;10351;8421;727606;397301;35.8;19.5
13;2021-05-28;9009;9172;736615;406473;36.2;20.0
13;2021-05-29;7178;4623;743793;411096;36.6;20.2
13;2021-05-30;891;527;744684;411623;36.6;20.2
13;2021-05-31;8196;8026;752880;419649;37.0;20.6
13;2021-06-01;9592;9297;762472;428946;37.5;21.1
13;2021-06-02;10091;8786;772563;437732;38.0;21.5
13;2021-06-03;12300;9485;784863;447217;38.6;22.0
13;2021-06-04;12038;10041;796901;457258;39.2;22.5
13;2021-06-05;7832;5590;804733;462848;39.6;22.8
13;2021-06-06;1671;886;806404;463734;39.6;22.8
13;2021-06-07;6688;9876;813092;473610;40.0;23.3
13;2021-06-08;8319;9992;821411;483602;40.4;23.8
13;2021-06-09;8404;9734;829815;493336;40.8;24.2
13;2021-06-10;8949;9772;838764;503108;41.2;24.7
13;2021-06-11;8238;12710;847002;515818;41.6;25.4
13;2021-06-12;5788;6708;852790;522526;41.9;25.7
13;2021-06-13;953;1217;853743;523743;42.0;25.7
13;2021-06-14;6008;11145;859751;534888;42.3;26.3
13;2021-06-15;7293;11407;867044;546295;42.6;26.9
13;2021-06-16;7349;9877;874393;556172;43.0;27.3
13;2021-06-17;7444;10713;881837;566885;43.3;27.9
13;2021-06-18;7549;11076;889386;577961;43.7;28.4
13;2021-06-19;4619;7498;894005;585459;43.9;28.8
13;2021-06-20;970;1045;894975;586504;44.0;28.8
13;2021-06-21;4470;12266;899445;598770;44.2;29.4
13;2021-06-22;4942;13876;904387;612646;44.5;30.1
13;2021-06-23;5155;13577;909542;626223;44.7;30.8
13;2021-06-24;5340;12856;914882;639079;45.0;31.4
13;2021-06-25;5267;14687;920149;653766;45.2;32.1
13;2021-06-26;3022;9683;923171;663449;45.4;32.6
13;2021-06-27;535;931;923706;664380;45.4;32.7
13;2021-06-28;3737;12563;927443;676943;45.6;33.3
13;2021-06-29;4503;12907;931946;689850;45.8;33.9
13;2021-06-30;4905;12695;936851;702545;46.0;34.5
13;2021-07-01;5594;11503;942445;714048;46.3;35.1
13;2021-07-02;5584;12402;948029;726450;46.6;35.7
13;2021-07-03;3515;9165;951544;735615;46.8;36.2
13;2021-07-04;476;867;952020;736482;46.8;36.2
13;2021-07-05;3873;11776;955893;748258;47.0;36.8
13;2021-07-06;5466;11682;961359;759940;47.3;37.4
13;2021-07-07;5827;10708;967186;770648;47.5;37.9
13;2021-07-08;6231;10328;973417;780976;47.8;38.4
13;2021-07-09;5936;11929;979353;792905;48.1;39.0
13;2021-07-10;3169;8638;982522;801543;48.3;39.4
13;2021-07-11;437;1014;982959;802557;48.3;39.4
13;2021-07-12;4495;10952;987454;813509;48.5;40.0
13;2021-07-13;8978;13182;996432;826691;49.0;40.6
13;2021-07-14;5617;4863;1002049;831554;49.3;40.9
13;2021-07-15;11453;12951;1013502;844505;49.8;41.5
13;2021-07-16;12204;12920;1025706;857425;50.4;42.1
13;2021-07-17;6590;8494;1032296;865919;50.7;42.6
13;2021-07-18;726;1059;1033022;866978;50.8;42.6
13;2021-07-19;9809;11152;1042831;878130;51.3;43.2
13;2021-07-20;12277;11660;1055108;889790;51.9;43.7
13;2021-07-21;12694;10352;1067802;900142;52.5;44.2
13;2021-07-22;14563;10455;1082365;910597;53.2;44.8
13;2021-07-23;14487;10965;1096852;921562;53.9;45.3
13;2021-07-24;8343;7993;1105195;929555;54.3;45.7
13;2021-07-25;1017;785;1106212;930340;54.4;45.7
13;2021-07-26;11668;9114;1117880;939454;54.9;46.2
13;2021-07-27;13626;9422;1131506;948876;55.6;46.6
13;2021-07-28;12350;8179;1143856;957055;56.2;47.0
13;2021-07-29;13851;8164;1157707;965219;56.9;47.4
13;2021-07-30;13746;8667;1171453;973886;57.6;47.9
13;2021-07-31;8708;5857;1180161;979743;58.0;48.2
13;2021-08-01;1106;729;1181267;980472;58.1;48.2
13;2021-08-02;10052;6722;1191319;987194;58.6;48.5
13;2021-08-03;11087;7309;1202406;994503;59.1;48.9
13;2021-08-04;9434;6562;1211840;1001065;59.6;49.2
13;2021-08-05;9444;7563;1221284;1008628;60.0;49.6
13;2021-08-06;9155;9016;1230439;1017644;60.5;50.0
13;2021-08-07;5432;5572;1235871;1023216;60.7;50.3
13;2021-08-08;906;804;1236777;1024020;60.8;50.3
13;2021-08-09;8298;9065;1245075;1033085;61.2;50.8
13;2021-08-10;9028;8896;1254103;1041981;61.6;51.2
13;2021-08-11;7789;8532;1261892;1050513;62.0;51.6
13;2021-08-12;7631;9652;1269523;1060165;62.4;52.1
13;2021-08-13;6916;9183;1276439;1069348;62.7;52.6
13;2021-08-14;3686;6452;1280125;1075800;62.9;52.9
13;2021-08-15;477;731;1280602;1076531;62.9;52.9
13;2021-08-16;6426;11075;1287028;1087606;63.3;53.5
13;2021-08-17;6630;10608;1293658;1098214;63.6;54.0
13;2021-08-18;6303;10159;1299961;1108373;63.9;54.5
13;2021-08-19;6646;10584;1306607;1118957;64.2;55.0
13;2021-08-20;5765;11225;1312372;1130182;64.5;55.6
13;2021-08-21;2602;7559;1314974;1137741;64.6;55.9
13;2021-08-22;368;1090;1315342;1138831;64.7;56.0
13;2021-08-23;4908;11199;1320250;1150030;64.9;56.5
13;2021-08-24;5402;10894;1325652;1160924;65.2;57.1
13;2021-08-25;5154;10074;1330806;1170998;65.4;57.6
13;2021-08-26;5084;9754;1335890;1180752;65.7;58.0
13;2021-08-27;4981;10608;1340871;1191360;65.9;58.6
13;2021-08-28;2327;6448;1343198;1197808;66.0;58.9
13;2021-08-29;335;1135;1343533;1198943;66.0;58.9
13;2021-08-30;4189;9840;1347722;1208783;66.2;59.4
13;2021-08-31;4466;10091;1352188;1218874;66.5;59.9
13;2021-09-01;4160;8557;1356348;1227431;66.7;60.3
13;2021-09-02;4175;8446;1360523;1235877;66.9;60.7
13;2021-09-03;4219;9271;1364742;1245148;67.1;61.2
13;2021-09-04;2138;5534;1366880;1250682;67.2;61.5
13;2021-09-05;182;390;1367062;1251072;67.2;61.5
13;2021-09-06;3067;6681;1370129;1257753;67.3;61.8
13;2021-09-07;3155;7247;1373284;1265000;67.5;62.2
13;2021-09-08;3339;7114;1376623;1272114;67.7;62.5
13;2021-09-09;3065;6641;1379688;1278755;67.8;62.9
14;2020-12-27;0;0;0;0;0.0;0.0
14;2020-12-28;1;1;1;1;0.0;0.0
14;2020-12-29;0;0;1;1;0.0;0.0
14;2020-12-30;0;0;1;1;0.0;0.0
14;2020-12-31;3;0;4;1;0.0;0.0
14;2021-01-01;1;0;5;1;0.0;0.0
14;2021-01-02;1;0;6;1;0.0;0.0
14;2021-01-03;0;0;6;1;0.0;0.0
14;2021-01-04;10;0;16;1;0.0;0.0
14;2021-01-05;24;0;40;1;0.0;0.0
14;2021-01-06;349;0;389;1;0.1;0.0
14;2021-01-07;402;2;791;3;0.1;0.0
14;2021-01-08;631;2;1422;5;0.2;0.0
14;2021-01-09;127;0;1549;5;0.2;0.0
14;2021-01-10;41;0;1590;5;0.2;0.0
14;2021-01-11;673;1;2263;6;0.3;0.0
14;2021-01-12;953;2;3216;8;0.5;0.0
14;2021-01-13;849;1;4065;9;0.6;0.0
14;2021-01-14;2838;17;6903;26;1.0;0.0
14;2021-01-15;1896;18;8799;44;1.3;0.0
14;2021-01-16;271;2;9070;46;1.3;0.0
14;2021-01-17;145;7;9215;53;1.3;0.0
14;2021-01-18;1085;5;10300;58;1.5;0.0
14;2021-01-19;1154;2;11454;60;1.7;0.0
14;2021-01-20;1988;3;13442;63;1.9;0.0
14;2021-01-21;1815;6;15257;69;2.2;0.0
14;2021-01-22;1494;5;16751;74;2.4;0.0
14;2021-01-23;297;1;17048;75;2.5;0.0
14;2021-01-24;72;0;17120;75;2.5;0.0
14;2021-01-25;911;10;18031;85;2.6;0.0
14;2021-01-26;848;35;18879;120;2.7;0.0
14;2021-01-27;884;157;19763;277;2.9;0.0
14;2021-01-28;782;145;20545;422;3.0;0.1
14;2021-01-29;786;223;21331;645;3.1;0.1
14;2021-01-30;270;11;21601;656;3.1;0.1
14;2021-01-31;58;1;21659;657;3.1;0.1
14;2021-02-01;727;219;22386;876;3.2;0.1
14;2021-02-02;828;416;23214;1292;3.4;0.2
14;2021-02-03;761;372;23975;1664;3.5;0.2
14;2021-02-04;1170;2020;25145;3684;3.6;0.5
14;2021-02-05;1295;1289;26440;4973;3.8;0.7
14;2021-02-06;396;216;26836;5189;3.9;0.8
14;2021-02-07;179;62;27015;5251;3.9;0.8
14;2021-02-08;774;706;27789;5957;4.0;0.9
14;2021-02-09;722;920;28511;6877;4.1;1.0
14;2021-02-10;825;1463;29336;8340;4.2;1.2
14;2021-02-11;1351;1377;30687;9717;4.4;1.4
14;2021-02-12;1382;995;32069;10712;4.6;1.5
14;2021-02-13;308;160;32377;10872;4.7;1.6
14;2021-02-14;84;49;32461;10921;4.7;1.6
14;2021-02-15;441;906;32902;11827;4.8;1.7
14;2021-02-16;679;776;33581;12603;4.9;1.8
14;2021-02-17;406;825;33987;13428;4.9;1.9
14;2021-02-18;706;747;34693;14175;5.0;2.1
14;2021-02-19;733;684;35426;14859;5.1;2.1
14;2021-02-20;88;227;35514;15086;5.1;2.2
14;2021-02-21;6;79;35520;15165;5.1;2.2
14;2021-02-22;431;883;35951;16048;5.2;2.3
14;2021-02-23;486;750;36437;16798;5.3;2.4
14;2021-02-24;438;766;36875;17564;5.3;2.5
14;2021-02-25;1224;1064;38099;18628;5.5;2.7
14;2021-02-26;1576;1076;39675;19704;5.7;2.8
14;2021-02-27;507;239;40182;19943;5.8;2.9
14;2021-02-28;27;34;40209;19977;5.8;2.9
14;2021-03-01;522;794;40731;20771;5.9;3.0
14;2021-03-02;966;707;41697;21478;6.0;3.1
14;2021-03-03;1080;750;42777;22228;6.2;3.2
14;2021-03-04;1949;748;44726;22976;6.5;3.3
14;2021-03-05;2433;821;47159;23797;6.8;3.4
14;2021-03-06;3076;186;50235;23983;7.3;3.5
14;2021-03-07;1196;61;51431;24044;7.4;3.5
14;2021-03-08;1252;752;52683;24796;7.6;3.6
14;2021-03-09;1741;677;54424;25473;7.9;3.7
14;2021-03-10;1835;573;56259;26046;8.1;3.8
14;2021-03-11;2757;461;59016;26507;8.5;3.8
14;2021-03-12;4045;567;63061;27074;9.1;3.9
14;2021-03-13;1853;176;64914;27250;9.4;3.9
14;2021-03-14;31;39;64945;27289;9.4;3.9
14;2021-03-15;2005;143;66950;27432;9.7;4.0
14;2021-03-16;1401;268;68351;27700;9.9;4.0
14;2021-03-17;1155;193;69506;27893;10.1;4.0
14;2021-03-18;1481;297;70987;28190;10.3;4.1
14;2021-03-19;2608;266;73595;28456;10.6;4.1
14;2021-03-20;2659;41;76254;28497;11.0;4.1
14;2021-03-21;454;8;76708;28505;11.1;4.1
14;2021-03-22;1872;363;78580;28868;11.4;4.2
14;2021-03-23;2177;318;80757;29186;11.7;4.2
14;2021-03-24;2432;194;83189;29380;12.0;4.2
14;2021-03-25;3292;320;86481;29700;12.5;4.3
14;2021-03-26;4607;475;91088;30175;13.2;4.4
14;2021-03-27;2231;228;93319;30403;13.5;4.4
14;2021-03-28;36;1;93355;30404;13.5;4.4
14;2021-03-29;1614;479;94969;30883;13.7;4.5
14;2021-03-30;2722;517;97691;31400;14.1;4.5
14;2021-03-31;2326;924;100017;32324;14.5;4.7
14;2021-04-01;4174;1680;104191;34004;15.1;4.9
14;2021-04-02;3867;1268;108058;35272;15.6;5.1
14;2021-04-03;1128;1198;109186;36470;15.8;5.3
14;2021-04-04;25;482;109211;36952;15.8;5.3
14;2021-04-05;1219;324;110430;37276;16.0;5.4
14;2021-04-06;2383;999;112813;38275;16.3;5.5
14;2021-04-07;2729;1031;115542;39306;16.7;5.7
14;2021-04-08;4301;1118;119843;40424;17.3;5.8
14;2021-04-09;6030;1185;125873;41609;18.2;6.0
14;2021-04-10;2896;439;128769;42048;18.6;6.1
14;2021-04-11;628;121;129397;42169;18.7;6.1
14;2021-04-12;2915;1585;132312;43754;19.1;6.3
14;2021-04-13;3471;1444;135783;45198;19.6;6.5
14;2021-04-14;3122;1165;138905;46363;20.1;6.7
14;2021-04-15;4400;1501;143305;47864;20.7;6.9
14;2021-04-16;4600;1563;147905;49427;21.4;7.1
14;2021-04-17;2312;1668;150217;51095;21.7;7.4
14;2021-04-18;539;327;150756;51422;21.8;7.4
14;2021-04-19;2759;1686;153515;53108;22.2;7.7
14;2021-04-20;3390;1817;156905;54925;22.7;7.9
14;2021-04-21;3015;1469;159920;56394;23.1;8.2
14;2021-04-22;4228;2088;164148;58482;23.7;8.5
14;2021-04-23;4650;2302;168798;60784;24.4;8.8
14;2021-04-24;1852;1753;170650;62537;24.7;9.0
14;2021-04-25;456;28;171106;62565;24.7;9.0
14;2021-04-26;3378;1570;174484;64135;25.2;9.3
14;2021-04-27;3504;2571;177988;66706;25.7;9.6
14;2021-04-28;3245;1897;181233;68603;26.2;9.9
14;2021-04-29;4545;2309;185778;70912;26.9;10.3
14;2021-04-30;5125;2634;190903;73546;27.6;10.6
14;2021-05-01;3554;200;194457;73746;28.1;10.7
14;2021-05-02;1237;55;195694;73801;28.3;10.7
14;2021-05-03;2483;2767;198177;76568;28.7;11.1
14;2021-05-04;3128;2899;201305;79467;29.1;11.5
14;2021-05-05;3688;2744;204993;82211;29.6;11.9
14;2021-05-06;4930;3479;209923;85690;30.4;12.4
14;2021-05-07;4868;3839;214791;89529;31.1;12.9
14;2021-05-08;2728;1263;217519;90792;31.5;13.1
14;2021-05-09;1915;670;219434;91462;31.7;13.2
14;2021-05-10;3635;3148;223069;94610;32.3;13.7
14;2021-05-11;4346;3604;227415;98214;32.9;14.2
14;2021-05-12;4051;3216;231466;101430;33.5;14.7
14;2021-05-13;4690;1131;236156;102561;34.2;14.8
14;2021-05-14;6675;2627;242831;105188;35.1;15.2
14;2021-05-15;5150;778;247981;105966;35.9;15.3
14;2021-05-16;2319;120;250300;106086;36.2;15.3
14;2021-05-17;2820;2259;253120;108345;36.6;15.7
14;2021-05-18;4090;2237;257210;110582;37.2;16.0
14;2021-05-19;3752;2021;260962;112603;37.7;16.3
14;2021-05-20;4482;2765;265444;115368;38.4;16.7
14;2021-05-21;4277;3522;269721;118890;39.0;17.2
14;2021-05-22;1670;863;271391;119753;39.2;17.3
14;2021-05-23;649;71;272040;119824;39.3;17.3
14;2021-05-24;2845;750;274885;120574;39.8;17.4
14;2021-05-25;3636;3384;278521;123958;40.3;17.9
14;2021-05-26;3439;2408;281960;126366;40.8;18.3
14;2021-05-27;4771;3238;286731;129604;41.5;18.7
14;2021-05-28;5093;3881;291824;133485;42.2;19.3
14;2021-05-29;2341;2457;294165;135942;42.5;19.7
14;2021-05-30;760;237;294925;136179;42.7;19.7
14;2021-05-31;4092;2964;299017;139143;43.2;20.1
14;2021-06-01;5741;3215;304758;142358;44.1;20.6
14;2021-06-02;5028;2859;309786;145217;44.8;21.0
14;2021-06-03;6661;4016;316447;149233;45.8;21.6
14;2021-06-04;6446;5133;322893;154366;46.7;22.3
14;2021-06-05;4360;1861;327253;156227;47.3;22.6
14;2021-06-06;2045;83;329298;156310;47.6;22.6
14;2021-06-07;4251;3450;333549;159760;48.2;23.1
14;2021-06-08;5238;3134;338787;162894;49.0;23.6
14;2021-06-09;4272;2966;343059;165860;49.6;24.0
14;2021-06-10;5083;2971;348142;168831;50.3;24.4
14;2021-06-11;4843;4877;352985;173708;51.0;25.1
14;2021-06-12;3679;4519;356664;178227;51.6;25.8
14;2021-06-13;849;1089;357513;179316;51.7;25.9
14;2021-06-14;2186;3793;359699;183109;52.0;26.5
14;2021-06-15;3316;3971;363015;187080;52.5;27.1
14;2021-06-16;3449;4554;366464;191634;53.0;27.7
14;2021-06-17;4234;5269;370698;196903;53.6;28.5
14;2021-06-18;3734;6118;374432;203021;54.2;29.4
14;2021-06-19;2591;2952;377023;205973;54.5;29.8
14;2021-06-20;580;1556;377603;207529;54.6;30.0
14;2021-06-21;2123;4360;379726;211889;54.9;30.6
14;2021-06-22;2583;5176;382309;217065;55.3;31.4
14;2021-06-23;2502;4348;384811;221413;55.7;32.0
14;2021-06-24;3450;5810;388261;227223;56.2;32.9
14;2021-06-25;2751;7276;391012;234499;56.5;33.9
14;2021-06-26;2176;4540;393188;239039;56.9;34.6
14;2021-06-27;440;1828;393628;240867;56.9;34.8
14;2021-06-28;1311;3965;394939;244832;57.1;35.4
14;2021-06-29;1791;5365;396730;250197;57.4;36.2
14;2021-06-30;2024;4618;398754;254815;57.7;36.9
14;2021-07-01;2932;5064;401686;259879;58.1;37.6
14;2021-07-02;2601;6668;404287;266547;58.5;38.5
14;2021-07-03;1430;2646;405717;269193;58.7;38.9
14;2021-07-04;422;713;406139;269906;58.7;39.0
14;2021-07-05;1191;4780;407330;274686;58.9;39.7
14;2021-07-06;2092;6002;409422;280688;59.2;40.6
14;2021-07-07;2259;4576;411681;285264;59.5;41.3
14;2021-07-08;2912;5525;414593;290789;60.0;42.1
14;2021-07-09;2770;6431;417363;297220;60.4;43.0
14;2021-07-10;2041;3203;419404;300423;60.7;43.4
14;2021-07-11;900;872;420304;301295;60.8;43.6
14;2021-07-12;1635;5903;421939;307198;61.0;44.4
14;2021-07-13;3085;7343;425024;314541;61.5;45.5
14;2021-07-14;2259;3061;427283;317602;61.8;45.9
14;2021-07-15;4174;7653;431457;325255;62.4;47.0
14;2021-07-16;4710;7692;436167;332947;63.1;48.2
14;2021-07-17;2117;4209;438284;337156;63.4;48.8
14;2021-07-18;822;1870;439106;339026;63.5;49.0
14;2021-07-19;2600;6126;441706;345152;63.9;49.9
14;2021-07-20;3248;7255;444954;352407;64.4;51.0
14;2021-07-21;4107;5842;449061;358249;64.9;51.8
14;2021-07-22;4855;6604;453916;364853;65.6;52.8
14;2021-07-23;5384;6767;459300;371620;66.4;53.7
14;2021-07-24;3085;3794;462385;375414;66.9;54.3
14;2021-07-25;1506;1248;463891;376662;67.1;54.5
14;2021-07-26;4684;4186;468575;380848;67.8;55.1
14;2021-07-27;5404;4362;473979;385210;68.5;55.7
14;2021-07-28;5117;3971;479096;389181;69.3;56.3
14;2021-07-29;6445;4883;485541;394064;70.2;57.0
14;2021-07-30;5841;5168;491382;399232;71.1;57.7
14;2021-07-31;2774;2509;494156;401741;71.5;58.1
14;2021-08-01;1895;933;496051;402674;71.7;58.2
14;2021-08-02;3948;4290;499999;406964;72.3;58.9
14;2021-08-03;4480;4170;504479;411134;73.0;59.5
14;2021-08-04;4646;3537;509125;414671;73.6;60.0
14;2021-08-05;4657;4033;513782;418704;74.3;60.6
14;2021-08-06;4428;4806;518210;423510;74.9;61.2
14;2021-08-07;2132;2296;520342;425806;75.3;61.6
14;2021-08-08;638;853;520980;426659;75.3;61.7
14;2021-08-09;2128;2877;523108;429536;75.7;62.1
14;2021-08-10;3657;4172;526765;433708;76.2;62.7
14;2021-08-11;3072;3459;529837;437167;76.6;63.2
14;2021-08-12;3482;4347;533319;441514;77.1;63.9
14;2021-08-13;2634;4140;535953;445654;77.5;64.5
14;2021-08-14;1422;2008;537375;447662;77.7;64.7
14;2021-08-15;391;1483;537766;449145;77.8;65.0
14;2021-08-16;1828;2782;539594;451927;78.0;65.4
14;2021-08-17;2262;4565;541856;456492;78.4;66.0
14;2021-08-18;2062;4523;543918;461015;78.7;66.7
14;2021-08-19;2331;5085;546249;466100;79.0;67.4
14;2021-08-20;2182;5405;548431;471505;79.3;68.2
14;2021-08-21;1012;2836;549443;474341;79.5;68.6
14;2021-08-22;170;1564;549613;475905;79.5;68.8
14;2021-08-23;1261;4169;550874;480074;79.7;69.4
14;2021-08-24;1325;4304;552199;484378;79.9;70.1
14;2021-08-25;1391;4399;553590;488777;80.1;70.7
14;2021-08-26;1421;5078;555011;493855;80.3;71.4
14;2021-08-27;1465;5289;556476;499144;80.5;72.2
14;2021-08-28;729;3000;557205;502144;80.6;72.6
14;2021-08-29;183;1013;557388;503157;80.6;72.8
14;2021-08-30;1011;3630;558399;506787;80.8;73.3
14;2021-08-31;1321;4802;559720;511589;80.9;74.0
14;2021-09-01;1064;3983;560784;515572;81.1;74.6
14;2021-09-02;857;3349;561641;518921;81.2;75.0
14;2021-09-03;1173;4355;562814;523276;81.4;75.7
14;2021-09-04;661;2369;563475;525645;81.5;76.0
14;2021-09-05;126;413;563601;526058;81.5;76.1
14;2021-09-06;461;2219;564062;528277;81.6;76.4
14;2021-09-07;495;2199;564557;530476;81.6;76.7
14;2021-09-08;677;3169;565234;533645;81.7;77.2
14;2021-09-09;589;2210;565823;535855;81.8;77.5
15;2020-12-27;2;0;2;0;0.0;0.0
15;2020-12-28;0;0;2;0;0.0;0.0
15;2020-12-29;0;0;2;0;0.0;0.0
15;2020-12-30;0;0;2;0;0.0;0.0
15;2020-12-31;0;0;2;0;0.0;0.0
15;2021-01-01;1;0;3;0;0.0;0.0
15;2021-01-02;0;0;3;0;0.0;0.0
15;2021-01-03;0;0;3;0;0.0;0.0
15;2021-01-04;0;0;3;0;0.0;0.0
15;2021-01-05;0;0;3;0;0.0;0.0
15;2021-01-06;0;0;3;0;0.0;0.0
15;2021-01-07;72;0;75;0;0.1;0.0
15;2021-01-08;110;0;185;0;0.1;0.0
15;2021-01-09;0;0;185;0;0.1;0.0
15;2021-01-10;2;0;187;0;0.1;0.0
15;2021-01-11;99;0;286;0;0.2;0.0
15;2021-01-12;94;0;380;0;0.3;0.0
15;2021-01-13;230;0;610;0;0.4;0.0
15;2021-01-14;313;1;923;1;0.6;0.0
15;2021-01-15;138;0;1061;1;0.7;0.0
15;2021-01-16;90;0;1151;1;0.8;0.0
15;2021-01-17;0;0;1151;1;0.8;0.0
15;2021-01-18;404;2;1555;3;1.1;0.0
15;2021-01-19;550;0;2105;3;1.5;0.0
15;2021-01-20;629;1;2734;4;1.9;0.0
15;2021-01-21;577;4;3311;8;2.3;0.0
15;2021-01-22;503;1;3814;9;2.7;0.0
15;2021-01-23;432;1;4246;10;3.0;0.0
15;2021-01-24;6;0;4252;10;3.0;0.0
15;2021-01-25;401;0;4653;10;3.3;0.0
15;2021-01-26;437;0;5090;10;3.6;0.0
15;2021-01-27;735;7;5825;17;4.1;0.0
15;2021-01-28;624;51;6449;68;4.5;0.0
15;2021-01-29;336;80;6785;148;4.8;0.1
15;2021-01-30;218;3;7003;151;4.9;0.1
15;2021-01-31;1;1;7004;152;4.9;0.1
15;2021-02-01;239;85;7243;237;5.1;0.2
15;2021-02-02;188;86;7431;323;5.2;0.2
15;2021-02-03;267;150;7698;473;5.4;0.3
15;2021-02-04;663;201;8361;674;5.9;0.5
15;2021-02-05;296;209;8657;883;6.1;0.6
15;2021-02-06;98;64;8755;947;6.1;0.7
15;2021-02-07;0;0;8755;947;6.1;0.7
15;2021-02-08;233;89;8988;1036;6.3;0.7
15;2021-02-09;205;106;9193;1142;6.4;0.8
15;2021-02-10;338;288;9531;1430;6.7;1.0
15;2021-02-11;117;226;9648;1656;6.8;1.2
15;2021-02-12;136;146;9784;1802;6.9;1.3
15;2021-02-13;92;77;9876;1879;6.9;1.3
15;2021-02-14;0;0;9876;1879;6.9;1.3
15;2021-02-15;63;181;9939;2060;7.0;1.4
15;2021-02-16;52;259;9991;2319;7.0;1.6
15;2021-02-17;134;436;10125;2755;7.1;1.9
15;2021-02-18;87;704;10212;3459;7.2;2.4
15;2021-02-19;90;390;10302;3849;7.2;2.7
15;2021-02-20;20;225;10322;4074;7.2;2.9
15;2021-02-21;0;0;10322;4074;7.2;2.9
15;2021-02-22;23;438;10345;4512;7.2;3.2
15;2021-02-23;180;412;10525;4924;7.4;3.4
15;2021-02-24;31;422;10556;5346;7.4;3.7
15;2021-02-25;228;944;10784;6290;7.6;4.4
15;2021-02-26;186;444;10970;6734;7.7;4.7
15;2021-02-27;145;77;11115;6811;7.8;4.8
15;2021-02-28;1;0;11116;6811;7.8;4.8
15;2021-03-01;121;210;11237;7021;7.9;4.9
15;2021-03-02;250;289;11487;7310;8.0;5.1
15;2021-03-03;207;27;11694;7337;8.2;5.1
15;2021-03-04;246;229;11940;7566;8.4;5.3
15;2021-03-05;348;169;12288;7735;8.6;5.4
15;2021-03-06;680;11;12968;7746;9.1;5.4
15;2021-03-07;81;2;13049;7748;9.1;5.4
15;2021-03-08;93;97;13142;7845;9.2;5.5
15;2021-03-09;281;281;13423;8126;9.4;5.7
15;2021-03-10;417;176;13840;8302;9.7;5.8
15;2021-03-11;434;295;14274;8597;10.0;6.0
15;2021-03-12;525;93;14799;8690;10.4;6.1
15;2021-03-13;355;7;15154;8697;10.6;6.1
15;2021-03-14;18;0;15172;8697;10.6;6.1
15;2021-03-15;542;64;15714;8761;11.0;6.1
15;2021-03-16;328;21;16042;8782;11.2;6.1
15;2021-03-17;130;53;16172;8835;11.3;6.2
15;2021-03-18;250;94;16422;8929;11.5;6.3
15;2021-03-19;669;32;17091;8961;12.0;6.3
15;2021-03-20;148;36;17239;8997;12.1;6.3
15;2021-03-21;6;0;17245;8997;12.1;6.3
15;2021-03-22;575;79;17820;9076;12.5;6.4
15;2021-03-23;776;98;18596;9174;13.0;6.4
15;2021-03-24;937;35;19533;9209;13.7;6.4
15;2021-03-25;1282;33;20815;9242;14.6;6.5
15;2021-03-26;1009;61;21824;9303;15.3;6.5
15;2021-03-27;301;7;22125;9310;15.5;6.5
15;2021-03-28;20;0;22145;9310;15.5;6.5
15;2021-03-29;782;18;22927;9328;16.1;6.5
15;2021-03-30;1136;202;24063;9530;16.8;6.7
15;2021-03-31;941;23;25004;9553;17.5;6.7
15;2021-04-01;1233;60;26237;9613;18.4;6.7
15;2021-04-02;1142;61;27379;9674;19.2;6.8
15;2021-04-03;120;18;27499;9692;19.3;6.8
15;2021-04-04;0;0;27499;9692;19.3;6.8
15;2021-04-05;33;3;27532;9695;19.3;6.8
15;2021-04-06;834;86;28366;9781;19.9;6.8
15;2021-04-07;663;107;29029;9888;20.3;6.9
15;2021-04-08;1247;150;30276;10038;21.2;7.0
15;2021-04-09;1277;104;31553;10142;22.1;7.1
15;2021-04-10;364;20;31917;10162;22.3;7.1
15;2021-04-11;14;0;31931;10162;22.4;7.1
15;2021-04-12;644;457;32575;10619;22.8;7.4
15;2021-04-13;1124;323;33699;10942;23.6;7.7
15;2021-04-14;1039;199;34738;11141;24.3;7.8
15;2021-04-15;1183;310;35921;11451;25.2;8.0
15;2021-04-16;1038;554;36959;12005;25.9;8.4
15;2021-04-17;445;14;37404;12019;26.2;8.4
15;2021-04-18;0;10;37404;12029;26.2;8.4
15;2021-04-19;539;514;37943;12543;26.6;8.8
15;2021-04-20;847;615;38790;13158;27.2;9.2
15;2021-04-21;594;651;39384;13809;27.6;9.7
15;2021-04-22;728;776;40112;14585;28.1;10.2
15;2021-04-23;731;679;40843;15264;28.6;10.7
15;2021-04-24;363;123;41206;15387;28.9;10.8
15;2021-04-25;1;3;41207;15390;28.9;10.8
15;2021-04-26;325;632;41532;16022;29.1;11.2
15;2021-04-27;469;940;42001;16962;29.4;11.9
15;2021-04-28;383;787;42384;17749;29.7;12.4
15;2021-04-29;587;1009;42971;18758;30.1;13.1
15;2021-04-30;547;1073;43518;19831;30.5;13.9
15;2021-05-01;283;30;43801;19861;30.7;13.9
15;2021-05-02;0;0;43801;19861;30.7;13.9
15;2021-05-03;881;331;44682;20192;31.3;14.1
15;2021-05-04;802;855;45484;21047;31.8;14.7
15;2021-05-05;676;680;46160;21727;32.3;15.2
15;2021-05-06;827;967;46987;22694;32.9;15.9
15;2021-05-07;1154;904;48141;23598;33.7;16.5
15;2021-05-08;491;55;48632;23653;34.1;16.6
15;2021-05-09;24;9;48656;23662;34.1;16.6
15;2021-05-10;705;913;49361;24575;34.6;17.2
15;2021-05-11;1186;1185;50547;25760;35.4;18.0
15;2021-05-12;1147;836;51694;26596;36.2;18.6
15;2021-05-13;1165;440;52859;27036;37.0;18.9
15;2021-05-14;1504;583;54363;27619;38.1;19.3
15;2021-05-15;1410;418;55773;28037;39.1;19.6
15;2021-05-16;1;10;55774;28047;39.1;19.6
15;2021-05-17;999;606;56773;28653;39.8;20.1
15;2021-05-18;1222;970;57995;29623;40.6;20.7
15;2021-05-19;1020;459;59015;30082;41.3;21.1
15;2021-05-20;1239;782;60254;30864;42.2;21.6
15;2021-05-21;1349;748;61603;31612;43.1;22.1
15;2021-05-22;527;188;62130;31800;43.5;22.3
15;2021-05-23;2;11;62132;31811;43.5;22.3
15;2021-05-24;693;257;62825;32068;44.0;22.5
15;2021-05-25;1151;620;63976;32688;44.8;22.9
15;2021-05-26;1095;459;65071;33147;45.6;23.2
15;2021-05-27;1270;660;66341;33807;46.5;23.7
15;2021-05-28;1509;886;67850;34693;47.5;24.3
15;2021-05-29;984;361;68834;35054;48.2;24.5
15;2021-05-30;14;25;68848;35079;48.2;24.6
15;2021-05-31;1201;480;70049;35559;49.1;24.9
15;2021-06-01;1400;570;71449;36129;50.0;25.3
15;2021-06-02;865;418;72314;36547;50.6;25.6
15;2021-06-03;932;707;73246;37254;51.3;26.1
15;2021-06-04;1076;715;74322;37969;52.0;26.6
15;2021-06-05;651;263;74973;38232;52.5;26.8
15;2021-06-06;16;20;74989;38252;52.5;26.8
15;2021-06-07;797;349;75786;38601;53.1;27.0
15;2021-06-08;477;393;76263;38994;53.4;27.3
15;2021-06-09;377;377;76640;39371;53.7;27.6
15;2021-06-10;275;423;76915;39794;53.9;27.9
15;2021-06-11;661;1100;77576;40894;54.3;28.6
15;2021-06-12;377;467;77953;41361;54.6;29.0
15;2021-06-13;11;6;77964;41367;54.6;29.0
15;2021-06-14;542;977;78506;42344;55.0;29.7
15;2021-06-15;450;1164;78956;43508;55.3;30.5
15;2021-06-16;543;899;79499;44407;55.7;31.1
15;2021-06-17;290;934;79789;45341;55.9;31.7
15;2021-06-18;741;1205;80530;46546;56.4;32.6
15;2021-06-19;543;705;81073;47251;56.8;33.1
15;2021-06-20;11;1;81084;47252;56.8;33.1
15;2021-06-21;280;1042;81364;48294;57.0;33.8
15;2021-06-22;232;1479;81596;49773;57.1;34.9
15;2021-06-23;346;1445;81942;51218;57.4;35.9
15;2021-06-24;292;1094;82234;52312;57.6;36.6
15;2021-06-25;379;1642;82613;53954;57.8;37.8
15;2021-06-26;165;908;82778;54862;58.0;38.4
15;2021-06-27;0;0;82778;54862;58.0;38.4
15;2021-06-28;176;1227;82954;56089;58.1;39.3
15;2021-06-29;303;1264;83257;57353;58.3;40.2
15;2021-06-30;268;982;83525;58335;58.5;40.8
15;2021-07-01;381;1220;83906;59555;58.8;41.7
15;2021-07-02;410;1348;84316;60903;59.0;42.6
15;2021-07-03;251;708;84567;61611;59.2;43.1
15;2021-07-04;1;1;84568;61612;59.2;43.1
15;2021-07-05;248;1257;84816;62869;59.4;44.0
15;2021-07-06;274;1467;85090;64336;59.6;45.0
15;2021-07-07;256;1345;85346;65681;59.8;46.0
15;2021-07-08;489;1353;85835;67034;60.1;46.9
15;2021-07-09;488;1784;86323;68818;60.4;48.2
15;2021-07-10;215;862;86538;69680;60.6;48.8
15;2021-07-11;9;5;86547;69685;60.6;48.8
15;2021-07-12;277;1484;86824;71169;60.8;49.8
15;2021-07-13;587;1769;87411;72938;61.2;51.1
15;2021-07-14;16;130;87427;73068;61.2;51.2
15;2021-07-15;1132;729;88559;73797;62.0;51.7
15;2021-07-16;1141;1337;89700;75134;62.8;52.6
15;2021-07-17;820;953;90520;76087;63.4;53.3
15;2021-07-18;0;3;90520;76090;63.4;53.3
15;2021-07-19;1075;1270;91595;77360;64.1;54.2
15;2021-07-20;1614;569;93209;77929;65.3;54.6
15;2021-07-21;1189;603;94398;78532;66.1;55.0
15;2021-07-22;894;513;95292;79045;66.7;55.3
15;2021-07-23;1341;1065;96633;80110;67.7;56.1
15;2021-07-24;628;769;97261;80879;68.1;56.6
15;2021-07-25;1;24;97262;80903;68.1;56.7
15;2021-07-26;1248;595;98510;81498;69.0;57.1
15;2021-07-27;1692;574;100202;82072;70.2;57.5
15;2021-07-28;1239;584;101441;82656;71.0;57.9
15;2021-07-29;837;400;102278;83056;71.6;58.2
15;2021-07-30;1008;1132;103286;84188;72.3;59.0
15;2021-07-31;604;637;103890;84825;72.7;59.4
15;2021-08-01;21;12;103911;84837;72.8;59.4
15;2021-08-02;1143;542;105054;85379;73.6;59.8
15;2021-08-03;1165;382;106219;85761;74.4;60.1
15;2021-08-04;789;408;107008;86169;74.9;60.3
15;2021-08-05;383;284;107391;86453;75.2;60.5
15;2021-08-06;790;1241;108181;87694;75.8;61.4
15;2021-08-07;264;1162;108445;88856;75.9;62.2
15;2021-08-08;3;6;108448;88862;75.9;62.2
15;2021-08-09;512;1165;108960;90027;76.3;63.0
15;2021-08-10;434;724;109394;90751;76.6;63.5
15;2021-08-11;411;1006;109805;91757;76.9;64.3
15;2021-08-12;523;1184;110328;92941;77.3;65.1
15;2021-08-13;679;1139;111007;94080;77.7;65.9
15;2021-08-14;179;552;111186;94632;77.9;66.3
15;2021-08-15;17;9;111203;94641;77.9;66.3
15;2021-08-16;387;1134;111590;95775;78.1;67.1
15;2021-08-17;398;1141;111988;96916;78.4;67.9
15;2021-08-18;368;803;112356;97719;78.7;68.4
15;2021-08-19;298;879;112654;98598;78.9;69.0
15;2021-08-20;601;1214;113255;99812;79.3;69.9
15;2021-08-21;217;866;113472;100678;79.5;70.5
15;2021-08-22;12;26;113484;100704;79.5;70.5
15;2021-08-23;227;611;113711;101315;79.6;70.9
15;2021-08-24;245;589;113956;101904;79.8;71.4
15;2021-08-25;150;492;114106;102396;79.9;71.7
15;2021-08-26;136;362;114242;102758;80.0;72.0
15;2021-08-27;365;1337;114607;104095;80.3;72.9
15;2021-08-28;213;857;114820;104952;80.4;73.5
15;2021-08-29;7;13;114827;104965;80.4;73.5
15;2021-08-30;223;1062;115050;106027;80.6;74.2
15;2021-08-31;402;664;115452;106691;80.8;74.7
15;2021-09-01;181;445;115633;107136;81.0;75.0
15;2021-09-02;91;275;115724;107411;81.0;75.2
15;2021-09-03;201;1006;115925;108417;81.2;75.9
15;2021-09-04;150;422;116075;108839;81.3;76.2
15;2021-09-05;0;2;116075;108841;81.3;76.2
15;2021-09-06;98;491;116173;109332;81.3;76.6
15;2021-09-07;98;269;116271;109601;81.4;76.7
15;2021-09-08;196;612;116467;110213;81.6;77.2
15;2021-09-09;89;351;116556;110564;81.6;77.4
16;2020-12-27;0;0;0;0;0.0;0.0
16;2020-12-28;2;0;2;0;0.0;0.0
16;2020-12-29;0;0;2;0;0.0;0.0
16;2020-12-30;1;0;3;0;0.0;0.0
16;2020-12-31;0;0;3;0;0.0;0.0
16;2021-01-01;0;0;3;0;0.0;0.0
16;2021-01-02;0;0;3;0;0.0;0.0
16;2021-01-03;0;0;3;0;0.0;0.0
16;2021-01-04;1;0;4;0;0.0;0.0
16;2021-01-05;1;0;5;0;0.0;0.0
16;2021-01-06;88;0;93;0;0.0;0.0
16;2021-01-07;240;0;333;0;0.1;0.0
16;2021-01-08;465;2;798;2;0.2;0.0
16;2021-01-09;1;0;799;2;0.2;0.0
16;2021-01-10;1;0;800;2;0.2;0.0
16;2021-01-11;304;0;1104;2;0.3;0.0
16;2021-01-12;437;1;1541;3;0.4;0.0
16;2021-01-13;480;0;2021;3;0.6;0.0
16;2021-01-14;600;6;2621;9;0.8;0.0
16;2021-01-15;504;3;3125;12;0.9;0.0
16;2021-01-16;0;0;3125;12;0.9;0.0
16;2021-01-17;0;0;3125;12;0.9;0.0
16;2021-01-18;431;4;3556;16;1.0;0.0
16;2021-01-19;833;2;4389;18;1.3;0.0
16;2021-01-20;1185;2;5574;20;1.6;0.0
16;2021-01-21;1375;3;6949;23;2.0;0.0
16;2021-01-22;1114;0;8063;23;2.3;0.0
16;2021-01-23;183;0;8246;23;2.4;0.0
16;2021-01-24;0;0;8246;23;2.4;0.0
16;2021-01-25;641;2;8887;25;2.6;0.0
16;2021-01-26;1026;1;9913;26;2.8;0.0
16;2021-01-27;1406;105;11319;131;3.3;0.0
16;2021-01-28;1275;54;12594;185;3.6;0.1
16;2021-01-29;742;134;13336;319;3.8;0.1
16;2021-01-30;36;0;13372;319;3.8;0.1
16;2021-01-31;0;0;13372;319;3.8;0.1
16;2021-02-01;394;199;13766;518;4.0;0.1
16;2021-02-02;576;172;14342;690;4.1;0.2
16;2021-02-03;621;343;14963;1033;4.3;0.3
16;2021-02-04;464;257;15427;1290;4.4;0.4
16;2021-02-05;505;263;15932;1553;4.6;0.4
16;2021-02-06;3;80;15935;1633;4.6;0.5
16;2021-02-07;41;3;15976;1636;4.6;0.5
16;2021-02-08;356;189;16332;1825;4.7;0.5
16;2021-02-09;649;262;16981;2087;4.9;0.6
16;2021-02-10;693;666;17674;2753;5.1;0.8
16;2021-02-11;802;570;18476;3323;5.3;1.0
16;2021-02-12;623;800;19099;4123;5.5;1.2
16;2021-02-13;43;78;19142;4201;5.5;1.2
16;2021-02-14;2;7;19144;4208;5.5;1.2
16;2021-02-15;216;601;19360;4809;5.6;1.4
16;2021-02-16;374;833;19734;5642;5.7;1.6
16;2021-02-17;347;1193;20081;6835;5.8;2.0
16;2021-02-18;512;1112;20593;7947;5.9;2.3
16;2021-02-19;389;677;20982;8624;6.0;2.5
16;2021-02-20;2;8;20984;8632;6.0;2.5
16;2021-02-21;2;0;20986;8632;6.0;2.5
16;2021-02-22;136;443;21122;9075;6.1;2.6
16;2021-02-23;206;741;21328;9816;6.1;2.8
16;2021-02-24;274;813;21602;10629;6.2;3.1
16;2021-02-25;395;588;21997;11217;6.3;3.2
16;2021-02-26;479;439;22476;11656;6.5;3.3
16;2021-02-27;249;1;22725;11657;6.5;3.3
16;2021-02-28;5;5;22730;11662;6.5;3.3
16;2021-03-01;152;268;22882;11930;6.6;3.4
16;2021-03-02;272;574;23154;12504;6.7;3.6
16;2021-03-03;391;658;23545;13162;6.8;3.8
16;2021-03-04;804;526;24349;13688;7.0;3.9
16;2021-03-05;1143;504;25492;14192;7.3;4.1
16;2021-03-06;753;14;26245;14206;7.5;4.1
16;2021-03-07;94;18;26339;14224;7.6;4.1
16;2021-03-08;438;293;26777;14517;7.7;4.2
16;2021-03-09;774;646;27551;15163;7.9;4.4
16;2021-03-10;606;644;28157;15807;8.1;4.5
16;2021-03-11;1447;528;29604;16335;8.5;4.7
16;2021-03-12;1164;455;30768;16790;8.8;4.8
16;2021-03-13;765;14;31533;16804;9.1;4.8
16;2021-03-14;1;0;31534;16804;9.1;4.8
16;2021-03-15;462;180;31996;16984;9.2;4.9
16;2021-03-16;860;412;32856;17396;9.4;5.0
16;2021-03-17;590;280;33446;17676;9.6;5.1
16;2021-03-18;1033;273;34479;17949;9.9;5.2
16;2021-03-19;1101;247;35580;18196;10.2;5.2
16;2021-03-20;396;5;35976;18201;10.3;5.2
16;2021-03-21;9;0;35985;18201;10.3;5.2
16;2021-03-22;728;100;36713;18301;10.5;5.3
16;2021-03-23;1464;102;38177;18403;11.0;5.3
16;2021-03-24;1119;183;39296;18586;11.3;5.3
16;2021-03-25;2047;89;41343;18675;11.9;5.4
16;2021-03-26;1916;98;43259;18773;12.4;5.4
16;2021-03-27;433;21;43692;18794;12.5;5.4
16;2021-03-28;0;0;43692;18794;12.5;5.4
16;2021-03-29;925;60;44617;18854;12.8;5.4
16;2021-03-30;1884;180;46501;19034;13.4;5.5
16;2021-03-31;1514;134;48015;19168;13.8;5.5
16;2021-04-01;2009;399;50024;19567;14.4;5.6
16;2021-04-02;1442;378;51466;19945;14.8;5.7
16;2021-04-03;288;5;51754;19950;14.9;5.7
16;2021-04-04;1;0;51755;19950;14.9;5.7
16;2021-04-05;2;0;51757;19950;14.9;5.7
16;2021-04-06;2013;545;53770;20495;15.4;5.9
16;2021-04-07;1954;406;55724;20901;16.0;6.0
16;2021-04-08;2823;583;58547;21484;16.8;6.2
16;2021-04-09;2695;553;61242;22037;17.6;6.3
16;2021-04-10;1291;37;62533;22074;18.0;6.3
16;2021-04-11;2;0;62535;22074;18.0;6.3
16;2021-04-12;1431;316;63966;22390;18.4;6.4
16;2021-04-13;2124;838;66090;23228;19.0;6.7
16;2021-04-14;1951;631;68041;23859;19.5;6.9
16;2021-04-15;2103;983;70144;24842;20.1;7.1
16;2021-04-16;2045;788;72189;25630;20.7;7.4
16;2021-04-17;1507;92;73696;25722;21.2;7.4
16;2021-04-18;197;3;73893;25725;21.2;7.4
16;2021-04-19;1440;524;75333;26249;21.6;7.5
16;2021-04-20;2055;1231;77388;27480;22.2;7.9
16;2021-04-21;1777;750;79165;28230;22.7;8.1
16;2021-04-22;2291;1006;81456;29236;23.4;8.4
16;2021-04-23;2364;1170;83820;30406;24.1;8.7
16;2021-04-24;829;38;84649;30444;24.3;8.7
16;2021-04-25;117;5;84766;30449;24.3;8.7
16;2021-04-26;1400;808;86166;31257;24.7;9.0
16;2021-04-27;2057;1414;88223;32671;25.3;9.4
16;2021-04-28;1591;1127;89814;33798;25.8;9.7
16;2021-04-29;2250;1484;92064;35282;26.4;10.1
16;2021-04-30;2856;1339;94920;36621;27.3;10.5
16;2021-05-01;353;60;95273;36681;27.4;10.5
16;2021-05-02;155;13;95428;36694;27.4;10.5
16;2021-05-03;2610;534;98038;37228;28.2;10.7
16;2021-05-04;2061;2045;100099;39273;28.7;11.3
16;2021-05-05;1688;1829;101787;41102;29.2;11.8
16;2021-05-06;1888;2239;103675;43341;29.8;12.4
16;2021-05-07;3071;2117;106746;45458;30.7;13.1
16;2021-05-08;1197;468;107943;45926;31.0;13.2
16;2021-05-09;530;27;108473;45953;31.2;13.2
16;2021-05-10;1930;1625;110403;47578;31.7;13.7
16;2021-05-11;2354;1963;112757;49541;32.4;14.2
16;2021-05-12;1734;1799;114491;51340;32.9;14.7
16;2021-05-13;1461;355;115952;51695;33.3;14.8
16;2021-05-14;1989;1555;117941;53250;33.9;15.3
16;2021-05-15;596;896;118537;54146;34.0;15.6
16;2021-05-16;132;6;118669;54152;34.1;15.6
16;2021-05-17;1609;1286;120278;55438;34.5;15.9
16;2021-05-18;2759;1422;123037;56860;35.3;16.3
16;2021-05-19;2006;1240;125043;58100;35.9;16.7
16;2021-05-20;2833;1389;127876;59489;36.7;17.1
16;2021-05-21;2944;1396;130820;60885;37.6;17.5
16;2021-05-22;412;711;131232;61596;37.7;17.7
16;2021-05-23;210;11;131442;61607;37.8;17.7
16;2021-05-24;1263;234;132705;61841;38.1;17.8
16;2021-05-25;2759;1461;135464;63302;38.9;18.2
16;2021-05-26;1835;1186;137299;64488;39.4;18.5
16;2021-05-27;2418;1581;139717;66069;40.1;19.0
16;2021-05-28;2899;1562;142616;67631;41.0;19.4
16;2021-05-29;814;883;143430;68514;41.2;19.7
16;2021-05-30;1;4;143431;68518;41.2;19.7
16;2021-05-31;1984;1102;145415;69620;41.8;20.0
16;2021-06-01;2344;1706;147759;71326;42.4;20.5
16;2021-06-02;1821;1503;149580;72829;43.0;20.9
16;2021-06-03;2623;1758;152203;74587;43.7;21.4
16;2021-06-04;2834;2028;155037;76615;44.5;22.0
16;2021-06-05;1006;549;156043;77164;44.8;22.2
16;2021-06-06;161;29;156204;77193;44.9;22.2
16;2021-06-07;1991;1281;158195;78474;45.4;22.5
16;2021-06-08;2395;1995;160590;80469;46.1;23.1
16;2021-06-09;2529;1616;163119;82085;46.8;23.6
16;2021-06-10;2571;2001;165690;84086;47.6;24.2
16;2021-06-11;2152;2731;167842;86817;48.2;24.9
16;2021-06-12;1614;517;169456;87334;48.7;25.1
16;2021-06-13;261;72;169717;87406;48.7;25.1
16;2021-06-14;797;2794;170514;90200;49.0;25.9
16;2021-06-15;1866;2623;172380;92823;49.5;26.7
16;2021-06-16;1576;2086;173956;94909;50.0;27.3
16;2021-06-17;2041;2499;175997;97408;50.5;28.0
16;2021-06-18;2061;3218;178058;100626;51.1;28.9
16;2021-06-19;1352;1311;179410;101937;51.5;29.3
16;2021-06-20;243;28;179653;101965;51.6;29.3
16;2021-06-21;1411;2170;181064;104135;52.0;29.9
16;2021-06-22;1675;2943;182739;107078;52.5;30.8
16;2021-06-23;1565;2018;184304;109096;52.9;31.3
16;2021-06-24;1927;2167;186231;111263;53.5;32.0
16;2021-06-25;1983;2725;188214;113988;54.1;32.7
16;2021-06-26;1061;725;189275;114713;54.4;32.9
16;2021-06-27;132;25;189407;114738;54.4;33.0
16;2021-06-28;1164;1965;190571;116703;54.7;33.5
16;2021-06-29;1282;3357;191853;120060;55.1;34.5
16;2021-06-30;1337;2713;193190;122773;55.5;35.3
16;2021-07-01;1863;3155;195053;125928;56.0;36.2
16;2021-07-02;1424;3580;196477;129508;56.4;37.2
16;2021-07-03;694;1111;197171;130619;56.6;37.5
16;2021-07-04;3;15;197174;130634;56.6;37.5
16;2021-07-05;815;2298;197989;132932;56.9;38.2
16;2021-07-06;1278;3364;199267;136296;57.2;39.1
16;2021-07-07;871;2274;200138;138570;57.5;39.8
16;2021-07-08;1234;2732;201372;141302;57.8;40.6
16;2021-07-09;1111;3706;202483;145008;58.2;41.6
16;2021-07-10;338;1338;202821;146346;58.3;42.0
16;2021-07-11;2;13;202823;146359;58.3;42.0
16;2021-07-12;634;2436;203457;148795;58.4;42.7
16;2021-07-13;1392;3530;204849;152325;58.8;43.7
16;2021-07-14;799;877;205648;153202;59.1;44.0
16;2021-07-15;1250;3407;206898;156609;59.4;45.0
16;2021-07-16;1498;3380;208396;159989;59.9;46.0
16;2021-07-17;538;1188;208934;161177;60.0;46.3
16;2021-07-18;14;6;208948;161183;60.0;46.3
16;2021-07-19;618;2855;209566;164038;60.2;47.1
16;2021-07-20;1125;3283;210691;167321;60.5;48.1
16;2021-07-21;1118;2619;211809;169940;60.8;48.8
16;2021-07-22;1871;2854;213680;172794;61.4;49.6
16;2021-07-23;1553;3544;215233;176338;61.8;50.6
16;2021-07-24;639;1208;215872;177546;62.0;51.0
16;2021-07-25;11;11;215883;177557;62.0;51.0
16;2021-07-26;1530;2129;217413;179686;62.4;51.6
16;2021-07-27;1868;2818;219281;182504;63.0;52.4
16;2021-07-28;1863;2315;221144;184819;63.5;53.1
16;2021-07-29;2244;2474;223388;187293;64.2;53.8
16;2021-07-30;2356;3104;225744;190397;64.8;54.7
16;2021-07-31;960;1354;226704;191751;65.1;55.1
16;2021-08-01;192;22;226896;191773;65.2;55.1
16;2021-08-02;2121;1828;229017;193601;65.8;55.6
16;2021-08-03;2124;2327;231141;195928;66.4;56.3
16;2021-08-04;2120;1885;233261;197813;67.0;56.8
16;2021-08-05;2776;1654;236037;199467;67.8;57.3
16;2021-08-06;2508;2367;238545;201834;68.5;58.0
16;2021-08-07;831;562;239376;202396;68.8;58.1
16;2021-08-08;36;34;239412;202430;68.8;58.1
16;2021-08-09;2181;1062;241593;203492;69.4;58.4
16;2021-08-10;2887;1586;244480;205078;70.2;58.9
16;2021-08-11;2604;1230;247084;206308;71.0;59.3
16;2021-08-12;1999;1738;249083;208046;71.5;59.8
16;2021-08-13;2687;1467;251770;209513;72.3;60.2
16;2021-08-14;757;453;252527;209966;72.5;60.3
16;2021-08-15;27;4;252554;209970;72.5;60.3
16;2021-08-16;1338;1581;253892;211551;72.9;60.8
16;2021-08-17;1826;1627;255718;213178;73.4;61.2
16;2021-08-18;1591;1471;257309;214649;73.9;61.6
16;2021-08-19;1513;1776;258822;216425;74.3;62.2
16;2021-08-20;1600;1902;260422;218327;74.8;62.7
16;2021-08-21;560;829;260982;219156;75.0;62.9
16;2021-08-22;4;5;260986;219161;75.0;62.9
16;2021-08-23;989;2065;261975;221226;75.2;63.5
16;2021-08-24;1038;2375;263013;223601;75.5;64.2
16;2021-08-25;882;1780;263895;225381;75.8;64.7
16;2021-08-26;871;2530;264766;227911;76.0;65.5
16;2021-08-27;851;2407;265617;230318;76.3;66.1
16;2021-08-28;260;770;265877;231088;76.4;66.4
16;2021-08-29;2;16;265879;231104;76.4;66.4
16;2021-08-30;639;2396;266518;233500;76.5;67.1
16;2021-08-31;667;2632;267185;236132;76.7;67.8
16;2021-09-01;467;2540;267652;238672;76.9;68.5
16;2021-09-02;539;2365;268191;241037;77.0;69.2
16;2021-09-03;539;2812;268730;243849;77.2;70.0
16;2021-09-04;361;964;269091;244813;77.3;70.3
16;2021-09-05;5;29;269096;244842;77.3;70.3
16;2021-09-06;315;1759;269411;246601;77.4;70.8
16;2021-09-07;352;1989;269763;248590;77.5;71.4
16;2021-09-08;388;2212;270151;250802;77.6;72.0
16;2021-09-09;337;1709;270488;252511;77.7;72.5
17;2020-12-27;0;0;0;0;0.0;0.0
17;2020-12-28;0;0;0;0;0.0;0.0
17;2020-12-29;0;0;0;0;0.0;0.0
17;2020-12-30;1;0;1;0;0.0;0.0
17;2020-12-31;0;0;1;0;0.0;0.0
17;2021-01-01;1;0;2;0;0.0;0.0
17;2021-01-02;1;0;3;0;0.0;0.0
17;2021-01-03;0;0;3;0;0.0;0.0
17;2021-01-04;56;0;59;0;0.0;0.0
17;2021-01-05;98;0;157;0;0.0;0.0
17;2021-01-06;132;0;289;0;0.0;0.0
17;2021-01-07;485;1;774;1;0.1;0.0
17;2021-01-08;418;0;1192;1;0.2;0.0
17;2021-01-09;0;0;1192;1;0.2;0.0
17;2021-01-10;1;0;1193;1;0.2;0.0
17;2021-01-11;381;1;1574;2;0.2;0.0
17;2021-01-12;749;1;2323;3;0.4;0.0
17;2021-01-13;654;2;2977;5;0.5;0.0
17;2021-01-14;617;9;3594;14;0.6;0.0
17;2021-01-15;681;1;4275;15;0.7;0.0
17;2021-01-16;129;2;4404;17;0.7;0.0
17;2021-01-17;19;0;4423;17;0.7;0.0
17;2021-01-18;886;2;5309;19;0.8;0.0
17;2021-01-19;1910;3;7219;22;1.1;0.0
17;2021-01-20;2394;2;9613;24;1.5;0.0
17;2021-01-21;2499;3;12112;27;1.9;0.0
17;2021-01-22;1892;6;14004;33;2.2;0.0
17;2021-01-23;738;1;14742;34;2.3;0.0
17;2021-01-24;48;0;14790;34;2.3;0.0
17;2021-01-25;1383;5;16173;39;2.5;0.0
17;2021-01-26;2110;3;18283;42;2.8;0.0
17;2021-01-27;1675;32;19958;74;3.1;0.0
17;2021-01-28;2474;224;22432;298;3.5;0.0
17;2021-01-29;1739;217;24171;515;3.7;0.1
17;2021-01-30;528;3;24699;518;3.8;0.1
17;2021-01-31;37;2;24736;520;3.8;0.1
17;2021-02-01;740;189;25476;709;3.9;0.1
17;2021-02-02;1202;333;26678;1042;4.1;0.2
17;2021-02-03;1296;387;27974;1429;4.3;0.2
17;2021-02-04;1162;440;29136;1869;4.5;0.3
17;2021-02-05;603;702;29739;2571;4.6;0.4
17;2021-02-06;23;40;29762;2611;4.6;0.4
17;2021-02-07;31;13;29793;2624;4.6;0.4
17;2021-02-08;706;367;30499;2991;4.7;0.5
17;2021-02-09;1101;1177;31600;4168;4.9;0.6
17;2021-02-10;865;1240;32465;5408;5.0;0.8
17;2021-02-11;1242;1317;33707;6725;5.2;1.0
17;2021-02-12;771;902;34478;7627;5.3;1.2
17;2021-02-13;43;97;34521;7724;5.3;1.2
17;2021-02-14;1;10;34522;7734;5.3;1.2
17;2021-02-15;621;997;35143;8731;5.4;1.3
17;2021-02-16;749;1587;35892;10318;5.5;1.6
17;2021-02-17;795;1109;36687;11427;5.7;1.8
17;2021-02-18;965;1958;37652;13385;5.8;2.1
17;2021-02-19;1067;1365;38719;14750;6.0;2.3
17;2021-02-20;105;271;38824;15021;6.0;2.3
17;2021-02-21;9;2;38833;15023;6.0;2.3
17;2021-02-22;647;1428;39480;16451;6.1;2.5
17;2021-02-23;781;1341;40261;17792;6.2;2.7
17;2021-02-24;1080;1416;41341;19208;6.4;3.0
17;2021-02-25;1087;1542;42428;20750;6.6;3.2
17;2021-02-26;1307;1141;43735;21891;6.8;3.4
17;2021-02-27;527;224;44262;22115;6.8;3.4
17;2021-02-28;19;9;44281;22124;6.8;3.4
17;2021-03-01;634;955;44915;23079;6.9;3.6
17;2021-03-02;1094;791;46009;23870;7.1;3.7
17;2021-03-03;1618;727;47627;24597;7.4;3.8
17;2021-03-04;2426;1047;50053;25644;7.7;4.0
17;2021-03-05;2662;610;52715;26254;8.1;4.1
17;2021-03-06;1029;28;53744;26282;8.3;4.1
17;2021-03-07;183;47;53927;26329;8.3;4.1
17;2021-03-08;1017;798;54944;27127;8.5;4.2
17;2021-03-09;1745;582;56689;27709;8.8;4.3
17;2021-03-10;2047;629;58736;28338;9.1;4.4
17;2021-03-11;3226;980;61962;29318;9.6;4.5
17;2021-03-12;3356;616;65318;29934;10.1;4.6
17;2021-03-13;1202;11;66520;29945;10.3;4.6
17;2021-03-14;32;0;66552;29945;10.3;4.6
17;2021-03-15;1242;983;67794;30928;10.5;4.8
17;2021-03-16;893;528;68687;31456;10.6;4.9
17;2021-03-17;1460;700;70147;32156;10.8;5.0
17;2021-03-18;1683;762;71830;32918;11.1;5.1
17;2021-03-19;2096;542;73926;33460;11.4;5.2
17;2021-03-20;1084;57;75010;33517;11.6;5.2
17;2021-03-21;37;41;75047;33558;11.6;5.2
17;2021-03-22;1578;685;76625;34243;11.8;5.3
17;2021-03-23;2491;577;79116;34820;12.2;5.4
17;2021-03-24;3545;850;82661;35670;12.8;5.5
17;2021-03-25;4712;639;87373;36309;13.5;5.6
17;2021-03-26;4944;471;92317;36780;14.3;5.7
17;2021-03-27;1737;68;94054;36848;14.5;5.7
17;2021-03-28;369;45;94423;36893;14.6;5.7
17;2021-03-29;2361;565;96784;37458;15.0;5.8
17;2021-03-30;2655;977;99439;38435;15.4;5.9
17;2021-03-31;3844;904;103283;39339;16.0;6.1
17;2021-04-01;4014;1162;107297;40501;16.6;6.3
17;2021-04-02;3709;835;111006;41336;17.2;6.4
17;2021-04-03;1152;187;112158;41523;17.3;6.4
17;2021-04-04;501;6;112659;41529;17.4;6.4
17;2021-04-05;445;128;113104;41657;17.5;6.4
17;2021-04-06;3481;1026;116585;42683;18.0;6.6
17;2021-04-07;4130;1154;120715;43837;18.7;6.8
17;2021-04-08;4570;1478;125285;45315;19.4;7.0
17;2021-04-09;6497;843;131782;46158;20.4;7.1
17;2021-04-10;2583;68;134365;46226;20.8;7.1
17;2021-04-11;790;16;135155;46242;20.9;7.1
17;2021-04-12;2889;1611;138044;47853;21.3;7.4
17;2021-04-13;4151;1286;142195;49139;22.0;7.6
17;2021-04-14;4419;1205;146614;50344;22.7;7.8
17;2021-04-15;4600;1136;151214;51480;23.4;8.0
17;2021-04-16;4298;1154;155512;52634;24.0;8.1
17;2021-04-17;1682;382;157194;53016;24.3;8.2
17;2021-04-18;472;81;157666;53097;24.4;8.2
17;2021-04-19;2339;2056;160005;55153;24.7;8.5
17;2021-04-20;2928;2550;162933;57703;25.2;8.9
17;2021-04-21;2973;1940;165906;59643;25.6;9.2
17;2021-04-22;3122;2361;169028;62004;26.1;9.6
17;2021-04-23;2447;2726;171475;64730;26.5;10.0
17;2021-04-24;1669;925;173144;65655;26.8;10.1
17;2021-04-25;665;246;173809;65901;26.9;10.2
17;2021-04-26;2578;2620;176387;68521;27.3;10.6
17;2021-04-27;3151;2663;179538;71184;27.7;11.0
17;2021-04-28;3103;2927;182641;74111;28.2;11.5
17;2021-04-29;4149;2845;186790;76956;28.9;11.9
17;2021-04-30;4356;2630;191146;79586;29.5;12.3
17;2021-05-01;849;541;191995;80127;29.7;12.4
17;2021-05-02;553;839;192548;80966;29.8;12.5
17;2021-05-03;2542;2956;195090;83922;30.1;13.0
17;2021-05-04;2317;3721;197407;87643;30.5;13.5
17;2021-05-05;2909;3697;200316;91340;31.0;14.1
17;2021-05-06;4121;3401;204437;94741;31.6;14.6
17;2021-05-07;4357;3620;208794;98361;32.3;15.2
17;2021-05-08;1306;752;210100;99113;32.5;15.3
17;2021-05-09;1310;705;211410;99818;32.7;15.4
17;2021-05-10;2726;3684;214136;103502;33.1;16.0
17;2021-05-11;3499;3990;217635;107492;33.6;16.6
17;2021-05-12;3532;3803;221167;111295;34.2;17.2
17;2021-05-13;2545;693;223712;111988;34.6;17.3
17;2021-05-14;3032;2394;226744;114382;35.0;17.7
17;2021-05-15;2128;657;228872;115039;35.4;17.8
17;2021-05-16;1734;317;230606;115356;35.6;17.8
17;2021-05-17;4288;1998;234894;117354;36.3;18.1
17;2021-05-18;4746;1634;239640;118988;37.0;18.4
17;2021-05-19;5070;1281;244710;120269;37.8;18.6
17;2021-05-20;4943;1945;249653;122214;38.6;18.9
17;2021-05-21;4998;1947;254651;124161;39.4;19.2
17;2021-05-22;2392;532;257043;124693;39.7;19.3
17;2021-05-23;1899;128;258942;124821;40.0;19.3
17;2021-05-24;1426;210;260368;125031;40.2;19.3
17;2021-05-25;4030;1769;264398;126800;40.9;19.6
17;2021-05-26;4367;2037;268765;128837;41.5;19.9
17;2021-05-27;5216;2136;273981;130973;42.3;20.2
17;2021-05-28;4468;3427;278449;134400;43.0;20.8
17;2021-05-29;1561;1701;280010;136101;43.3;21.0
17;2021-05-30;857;411;280867;136512;43.4;21.1
17;2021-05-31;2946;3011;283813;139523;43.9;21.6
17;2021-06-01;4296;2923;288109;142446;44.5;22.0
17;2021-06-02;4203;3171;292312;145617;45.2;22.5
17;2021-06-03;5055;3154;297367;148771;46.0;23.0
17;2021-06-04;4516;3850;301883;152621;46.7;23.6
17;2021-06-05;1991;1597;303874;154218;47.0;23.8
17;2021-06-06;851;733;304725;154951;47.1;23.9
17;2021-06-07;3139;4339;307864;159290;47.6;24.6
17;2021-06-08;3790;4495;311654;163785;48.2;25.3
17;2021-06-09;4346;3051;316000;166836;48.8;25.8
17;2021-06-10;4929;2789;320929;169625;49.6;26.2
17;2021-06-11;4794;3682;325723;173307;50.3;26.8
17;2021-06-12;1812;1389;327535;174696;50.6;27.0
17;2021-06-13;612;415;328147;175111;50.7;27.1
17;2021-06-14;2834;4537;330981;179648;51.1;27.8
17;2021-06-15;3624;4377;334605;184025;51.7;28.4
17;2021-06-16;4132;3691;338737;187716;52.3;29.0
17;2021-06-17;4368;4113;343105;191829;53.0;29.6
17;2021-06-18;4055;4441;347160;196270;53.7;30.3
17;2021-06-19;1450;1988;348610;198258;53.9;30.6
17;2021-06-20;595;1035;349205;199293;54.0;30.8
17;2021-06-21;2562;4373;351767;203666;54.4;31.5
17;2021-06-22;3530;4452;355297;208118;54.9;32.2
17;2021-06-23;3796;3993;359093;212111;55.5;32.8
17;2021-06-24;3600;3954;362693;216065;56.1;33.4
17;2021-06-25;2719;4989;365412;221054;56.5;34.2
17;2021-06-26;906;2335;366318;223389;56.6;34.5
17;2021-06-27;396;1902;366714;225291;56.7;34.8
17;2021-06-28;1523;5414;368237;230705;56.9;35.7
17;2021-06-29;1684;5893;369921;236598;57.2;36.6
17;2021-06-30;2029;5547;371950;242145;57.5;37.4
17;2021-07-01;2266;5558;374216;247703;57.8;38.3
17;2021-07-02;2487;5982;376703;253685;58.2;39.2
17;2021-07-03;627;2545;377330;256230;58.3;39.6
17;2021-07-04;155;1250;377485;257480;58.3;39.8
17;2021-07-05;1891;5179;379376;262659;58.6;40.6
17;2021-07-06;2133;5598;381509;268257;59.0;41.5
17;2021-07-07;2408;5499;383917;273756;59.3;42.3
17;2021-07-08;2915;5441;386832;279197;59.8;43.1
17;2021-07-09;2526;6072;389358;285269;60.2;44.1
17;2021-07-10;828;2473;390186;287742;60.3;44.5
17;2021-07-11;380;907;390566;288649;60.4;44.6
17;2021-07-12;2007;5619;392573;294268;60.7;45.5
17;2021-07-13;2373;6716;394946;300984;61.0;46.5
17;2021-07-14;71;71;395017;301055;61.0;46.5
17;2021-07-15;2191;6861;397208;307916;61.4;47.6
17;2021-07-16;2779;6968;399987;314884;61.8;48.7
17;2021-07-17;1051;2275;401038;317159;62.0;49.0
17;2021-07-18;313;1037;401351;318196;62.0;49.2
17;2021-07-19;2635;5909;403986;324105;62.4;50.1
17;2021-07-20;3319;6314;407305;330419;62.9;51.1
17;2021-07-21;3802;6026;411107;336445;63.5;52.0
17;2021-07-22;4251;6272;415358;342717;64.2;53.0
17;2021-07-23;3899;6568;419257;349285;64.8;54.0
17;2021-07-24;2068;1400;421325;350685;65.1;54.2
17;2021-07-25;1043;416;422368;351101;65.3;54.3
17;2021-07-26;3740;5424;426108;356525;65.9;55.1
17;2021-07-27;4730;5439;430838;361964;66.6;55.9
17;2021-07-28;5218;5172;436056;367136;67.4;56.7
17;2021-07-29;5167;5342;441223;372478;68.2;57.6
17;2021-07-30;5508;5568;446731;378046;69.0;58.4
17;2021-07-31;2119;1213;448850;379259;69.4;58.6
17;2021-08-01;1095;359;449945;379618;69.5;58.7
17;2021-08-02;4621;4392;454566;384010;70.2;59.3
17;2021-08-03;5764;4163;460330;388173;71.1;60.0
17;2021-08-04;6196;3376;466526;391549;72.1;60.5
17;2021-08-05;6386;3149;472912;394698;73.1;61.0
17;2021-08-06;5890;3603;478802;398301;74.0;61.6
17;2021-08-07;1987;868;480789;399169;74.3;61.7
17;2021-08-08;977;219;481766;399388;74.5;61.7
17;2021-08-09;3921;3695;485687;403083;75.1;62.3
17;2021-08-10;5079;3493;490766;406576;75.8;62.8
17;2021-08-11;4912;3810;495678;410386;76.6;63.4
17;2021-08-12;4892;3958;500570;414344;77.4;64.0
17;2021-08-13;4515;4145;505085;418489;78.1;64.7
17;2021-08-14;1239;1385;506324;419874;78.2;64.9
17;2021-08-15;406;376;506730;420250;78.3;64.9
17;2021-08-16;2838;4066;509568;424316;78.7;65.6
17;2021-08-17;3044;4287;512612;428603;79.2;66.2
17;2021-08-18;2618;4549;515230;433152;79.6;66.9
17;2021-08-19;2720;4376;517950;437528;80.0;67.6
17;2021-08-20;2479;5027;520429;442555;80.4;68.4
17;2021-08-21;683;1354;521112;443909;80.5;68.6
17;2021-08-22;215;457;521327;444366;80.6;68.7
17;2021-08-23;1976;4953;523303;449319;80.9;69.4
17;2021-08-24;1936;5091;525239;454410;81.2;70.2
17;2021-08-25;1656;5504;526895;459914;81.4;71.1
17;2021-08-26;1599;5762;528494;465676;81.7;72.0
17;2021-08-27;1544;5951;530038;471627;81.9;72.9
17;2021-08-28;517;1453;530555;473080;82.0;73.1
17;2021-08-29;87;575;530642;473655;82.0;73.2
17;2021-08-30;1425;5110;532067;478765;82.2;74.0
17;2021-08-31;1325;5348;533392;484113;82.4;74.8
17;2021-09-01;1193;5113;534585;489226;82.6;75.6
17;2021-09-02;1134;4549;535719;493775;82.8;76.3
17;2021-09-03;1159;5333;536878;499108;83.0;77.1
17;2021-09-04;281;972;537159;500080;83.0;77.3
17;2021-09-05;53;138;537212;500218;83.0;77.3
17;2021-09-06;720;3727;537932;503945;83.1;77.9
17;2021-09-07;709;3268;538641;507213;83.2;78.4
17;2021-09-08;821;4146;539462;511359;83.4;79.0
17;2021-09-09;792;3158;540254;514517;83.5;79.5
18;2020-12-27;0;0;0;0;0.0;0.0
18;2020-12-28;0;0;0;0;0.0;0.0
18;2020-12-29;0;0;0;0;0.0;0.0
18;2020-12-30;1;0;1;0;0.0;0.0
18;2020-12-31;0;0;1;0;0.0;0.0
18;2021-01-01;0;0;1;0;0.0;0.0
18;2021-01-02;0;0;1;0;0.0;0.0
18;2021-01-03;0;0;1;0;0.0;0.0
18;2021-01-04;3;0;4;0;0.0;0.0
18;2021-01-05;0;0;4;0;0.0;0.0
18;2021-01-06;1;0;5;0;0.0;0.0
18;2021-01-07;30;1;35;1;0.0;0.0
18;2021-01-08;65;0;100;1;0.0;0.0
18;2021-01-09;225;0;325;1;0.1;0.0
18;2021-01-10;146;0;471;1;0.2;0.0
18;2021-01-11;170;1;641;2;0.2;0.0
18;2021-01-12;372;0;1013;2;0.3;0.0
18;2021-01-13;270;1;1283;3;0.4;0.0
18;2021-01-14;269;2;1552;5;0.5;0.0
18;2021-01-15;332;2;1884;7;0.6;0.0
18;2021-01-16;288;3;2172;10;0.7;0.0
18;2021-01-17;1;0;2173;10;0.7;0.0
18;2021-01-18;291;0;2464;10;0.8;0.0
18;2021-01-19;1374;2;3838;12;1.3;0.0
18;2021-01-20;1239;2;5077;14;1.7;0.0
18;2021-01-21;965;0;6042;14;2.0;0.0
18;2021-01-22;780;2;6822;16;2.3;0.0
18;2021-01-23;249;2;7071;18;2.4;0.0
18;2021-01-24;0;0;7071;18;2.4;0.0
18;2021-01-25;509;0;7580;18;2.6;0.0
18;2021-01-26;395;1;7975;19;2.7;0.0
18;2021-01-27;390;2;8365;21;2.8;0.0
18;2021-01-28;566;8;8931;29;3.0;0.0
18;2021-01-29;491;72;9422;101;3.2;0.0
18;2021-01-30;432;138;9854;239;3.3;0.1
18;2021-01-31;82;102;9936;341;3.4;0.1
18;2021-02-01;328;123;10264;464;3.5;0.2
18;2021-02-02;507;230;10771;694;3.6;0.2
18;2021-02-03;398;203;11169;897;3.8;0.3
18;2021-02-04;630;226;11799;1123;4.0;0.4
18;2021-02-05;448;185;12247;1308;4.1;0.4
18;2021-02-06;283;91;12530;1399;4.2;0.5
18;2021-02-07;108;1;12638;1400;4.3;0.5
18;2021-02-08;268;195;12906;1595;4.4;0.5
18;2021-02-09;583;766;13489;2361;4.6;0.8
18;2021-02-10;741;672;14230;3033;4.8;1.0
18;2021-02-11;655;428;14885;3461;5.0;1.2
18;2021-02-12;502;310;15387;3771;5.2;1.3
18;2021-02-13;286;109;15673;3880;5.3;1.3
18;2021-02-14;364;97;16037;3977;5.4;1.3
18;2021-02-15;378;325;16415;4302;5.5;1.5
18;2021-02-16;399;344;16814;4646;5.7;1.6
18;2021-02-17;403;400;17217;5046;5.8;1.7
18;2021-02-18;344;474;17561;5520;5.9;1.9
18;2021-02-19;472;259;18033;5779;6.1;1.9
18;2021-02-20;721;204;18754;5983;6.3;2.0
18;2021-02-21;316;4;19070;5987;6.4;2.0
18;2021-02-22;217;310;19287;6297;6.5;2.1
18;2021-02-23;204;288;19491;6585;6.6;2.2
18;2021-02-24;241;217;19732;6802;6.7;2.3
18;2021-02-25;293;466;20025;7268;6.8;2.5
18;2021-02-26;582;204;20607;7472;7.0;2.5
18;2021-02-27;510;358;21117;7830;7.1;2.6
18;2021-02-28;7;68;21124;7898;7.1;2.7
18;2021-03-01;236;361;21360;8259;7.2;2.8
18;2021-03-02;284;482;21644;8741;7.3;2.9
18;2021-03-03;346;549;21990;9290;7.4;3.1
18;2021-03-04;475;539;22465;9829;7.6;3.3
18;2021-03-05;524;344;22989;10173;7.8;3.4
18;2021-03-06;1071;327;24060;10500;8.1;3.5
18;2021-03-07;7;139;24067;10639;8.1;3.6
18;2021-03-08;335;333;24402;10972;8.2;3.7
18;2021-03-09;410;347;24812;11319;8.4;3.8
18;2021-03-10;422;442;25234;11761;8.5;4.0
18;2021-03-11;518;408;25752;12169;8.7;4.1
18;2021-03-12;704;297;26456;12466;8.9;4.2
18;2021-03-13;1164;243;27620;12709;9.3;4.3
18;2021-03-14;301;214;27921;12923;9.4;4.4
18;2021-03-15;492;372;28413;13295;9.6;4.5
18;2021-03-16;392;310;28805;13605;9.7;4.6
18;2021-03-17;383;409;29188;14014;9.8;4.7
18;2021-03-18;512;223;29700;14237;10.0;4.8
18;2021-03-19;755;223;30455;14460;10.3;4.9
18;2021-03-20;986;617;31441;15077;10.6;5.1
18;2021-03-21;308;305;31749;15382;10.7;5.2
18;2021-03-22;603;293;32352;15675;10.9;5.3
18;2021-03-23;706;290;33058;15965;11.2;5.4
18;2021-03-24;1051;297;34109;16262;11.5;5.5
18;2021-03-25;1049;301;35158;16563;11.9;5.6
18;2021-03-26;1210;349;36368;16912;12.3;5.7
18;2021-03-27;1489;320;37857;17232;12.8;5.8
18;2021-03-28;215;0;38072;17232;12.8;5.8
18;2021-03-29;1102;198;39174;17430;13.2;5.9
18;2021-03-30;1084;302;40258;17732;13.6;6.0
18;2021-03-31;1305;253;41563;17985;14.0;6.1
18;2021-04-01;1377;347;42940;18332;14.5;6.2
18;2021-04-02;1229;311;44169;18643;14.9;6.3
18;2021-04-03;581;181;44750;18824;15.1;6.4
18;2021-04-04;71;5;44821;18829;15.1;6.4
18;2021-04-05;199;0;45020;18829;15.2;6.4
18;2021-04-06;1027;352;46047;19181;15.5;6.5
18;2021-04-07;1322;363;47369;19544;16.0;6.6
18;2021-04-08;1692;347;49061;19891;16.6;6.7
18;2021-04-09;1833;281;50894;20172;17.2;6.8
18;2021-04-10;2633;652;53527;20824;18.1;7.0
18;2021-04-11;1986;316;55513;21140;18.7;7.1
18;2021-04-12;1401;404;56914;21544;19.2;7.3
18;2021-04-13;1784;469;58698;22013;19.8;7.4
18;2021-04-14;1378;517;60076;22530;20.3;7.6
18;2021-04-15;1532;528;61608;23058;20.8;7.8
18;2021-04-16;1614;593;63222;23651;21.3;8.0
18;2021-04-17;1599;518;64821;24169;21.9;8.2
18;2021-04-18;377;232;65198;24401;22.0;8.2
18;2021-04-19;1317;594;66515;24995;22.4;8.4
18;2021-04-20;1446;712;67961;25707;22.9;8.7
18;2021-04-21;1271;909;69232;26616;23.4;9.0
18;2021-04-22;1402;702;70634;27318;23.8;9.2
18;2021-04-23;1387;734;72021;28052;24.3;9.5
18;2021-04-24;1355;1273;73376;29325;24.8;9.9
18;2021-04-25;288;217;73664;29542;24.9;10.0
18;2021-04-26;1204;955;74868;30497;25.3;10.3
18;2021-04-27;1545;764;76413;31261;25.8;10.5
18;2021-04-28;1358;876;77771;32137;26.2;10.8
18;2021-04-29;1850;734;79621;32871;26.9;11.1
18;2021-04-30;1570;996;81191;33867;27.4;11.4
18;2021-05-01;788;211;81979;34078;27.7;11.5
18;2021-05-02;806;60;82785;34138;27.9;11.5
18;2021-05-03;1627;1012;84412;35150;28.5;11.9
18;2021-05-04;1730;1283;86142;36433;29.1;12.3
18;2021-05-05;1735;1216;87877;37649;29.6;12.7
18;2021-05-06;2163;1362;90040;39011;30.4;13.2
18;2021-05-07;1234;1401;91274;40412;30.8;13.6
18;2021-05-08;994;1469;92268;41881;31.1;14.1
18;2021-05-09;500;2260;92768;44141;31.3;14.9
18;2021-05-10;1157;1508;93925;45649;31.7;15.4
18;2021-05-11;1696;1748;95621;47397;32.3;16.0
18;2021-05-12;1808;1496;97429;48893;32.9;16.5
18;2021-05-13;1061;370;98490;49263;33.2;16.6
18;2021-05-14;1346;944;99836;50207;33.7;16.9
18;2021-05-15;1809;1164;101645;51371;34.3;17.3
18;2021-05-16;538;581;102183;51952;34.5;17.5
18;2021-05-17;1245;1091;103428;53043;34.9;17.9
18;2021-05-18;2147;934;105575;53977;35.6;18.2
18;2021-05-19;2162;919;107737;54896;36.3;18.5
18;2021-05-20;2277;984;110014;55880;37.1;18.9
18;2021-05-21;1497;765;111511;56645;37.6;19.1
18;2021-05-22;1724;1075;113235;57720;38.2;19.5
18;2021-05-23;485;335;113720;58055;38.4;19.6
18;2021-05-24;462;292;114182;58347;38.5;19.7
18;2021-05-25;1842;1061;116024;59408;39.1;20.0
18;2021-05-26;2154;844;118178;60252;39.9;20.3
18;2021-05-27;2209;1231;120387;61483;40.6;20.7
18;2021-05-28;1713;1306;122100;62789;41.2;21.2
18;2021-05-29;2621;1660;124721;64449;42.1;21.7
18;2021-05-30;1484;504;126205;64953;42.6;21.9
18;2021-05-31;1786;692;127991;65645;43.2;22.1
18;2021-06-01;2040;949;130031;66594;43.9;22.5
18;2021-06-02;2010;1017;132041;67611;44.5;22.8
18;2021-06-03;2283;1200;134324;68811;45.3;23.2
18;2021-06-04;1909;1122;136233;69933;46.0;23.6
18;2021-06-05;2802;1449;139035;71382;46.9;24.1
18;2021-06-06;365;381;139400;71763;47.0;24.2
18;2021-06-07;1296;1233;140696;72996;47.5;24.6
18;2021-06-08;1491;1394;142187;74390;48.0;25.1
18;2021-06-09;1329;1067;143516;75457;48.4;25.5
18;2021-06-10;1631;1407;145147;76864;49.0;25.9
18;2021-06-11;1496;1404;146643;78268;49.5;26.4
18;2021-06-12;1245;2511;147888;80779;49.9;27.3
18;2021-06-13;126;262;148014;81041;49.9;27.3
18;2021-06-14;656;1828;148670;82869;50.2;28.0
18;2021-06-15;1093;1822;149763;84691;50.5;28.6
18;2021-06-16;1258;1441;151021;86132;51.0;29.1
18;2021-06-17;1205;1671;152226;87803;51.4;29.6
18;2021-06-18;1292;1665;153518;89468;51.8;30.2
18;2021-06-19;1564;1251;155082;90719;52.3;30.6
18;2021-06-20;246;159;155328;90878;52.4;30.7
18;2021-06-21;665;1602;155993;92480;52.6;31.2
18;2021-06-22;1068;1644;157061;94124;53.0;31.8
18;2021-06-23;944;1642;158005;95766;53.3;32.3
18;2021-06-24;1032;1062;159037;96828;53.7;32.7
18;2021-06-25;893;1745;159930;98573;54.0;33.3
18;2021-06-26;1098;1473;161028;100046;54.3;33.8
18;2021-06-27;31;372;161059;100418;54.3;33.9
18;2021-06-28;423;1923;161482;102341;54.5;34.5
18;2021-06-29;595;2377;162077;104718;54.7;35.3
18;2021-06-30;600;2544;162677;107262;54.9;36.2
18;2021-07-01;962;2155;163639;109417;55.2;36.9
18;2021-07-02;615;1686;164254;111103;55.4;37.5
18;2021-07-03;755;2576;165009;113679;55.7;38.4
18;2021-07-04;164;1033;165173;114712;55.7;38.7
18;2021-07-05;765;1877;165938;116589;56.0;39.3
18;2021-07-06;561;2302;166499;118891;56.2;40.1
18;2021-07-07;767;2115;167266;121006;56.4;40.8
18;2021-07-08;1031;1984;168297;122990;56.8;41.5
18;2021-07-09;704;2309;169001;125299;57.0;42.3
18;2021-07-10;781;3174;169782;128473;57.3;43.3
18;2021-07-11;82;665;169864;129138;57.3;43.6
18;2021-07-12;223;2253;170087;131391;57.4;44.3
18;2021-07-13;619;2905;170706;134296;57.6;45.3
18;2021-07-14;194;936;170900;135232;57.7;45.6
18;2021-07-15;1396;2816;172296;138048;58.1;46.6
18;2021-07-16;1185;2122;173481;140170;58.5;47.3
18;2021-07-17;1130;2472;174611;142642;58.9;48.1
18;2021-07-18;229;332;174840;142974;59.0;48.2
18;2021-07-19;1056;1658;175896;144632;59.3;48.8
18;2021-07-20;1625;2268;177521;146900;59.9;49.6
18;2021-07-21;1902;2063;179423;148963;60.5;50.3
18;2021-07-22;2214;1900;181637;150863;61.3;50.9
18;2021-07-23;1399;1612;183036;152475;61.8;51.4
18;2021-07-24;891;1533;183927;154008;62.1;52.0
18;2021-07-25;192;396;184119;154404;62.1;52.1
18;2021-07-26;1399;1503;185518;155907;62.6;52.6
18;2021-07-27;1825;1535;187343;157442;63.2;53.1
18;2021-07-28;2199;1796;189542;159238;63.9;53.7
18;2021-07-29;2142;1817;191684;161055;64.7;54.3
18;2021-07-30;1586;1343;193270;162398;65.2;54.8
18;2021-07-31;1237;1282;194507;163680;65.6;55.2
18;2021-08-01;90;34;194597;163714;65.7;55.2
18;2021-08-02;1410;766;196007;164480;66.1;55.5
18;2021-08-03;1719;1627;197726;166107;66.7;56.0
18;2021-08-04;2439;1101;200165;167208;67.5;56.4
18;2021-08-05;1529;1248;201694;168456;68.0;56.8
18;2021-08-06;1582;1142;203276;169598;68.6;57.2
18;2021-08-07;609;763;203885;170361;68.8;57.5
18;2021-08-08;49;60;203934;170421;68.8;57.5
18;2021-08-09;1105;876;205039;171297;69.2;57.8
18;2021-08-10;1206;1511;206245;172808;69.6;58.3
18;2021-08-11;1608;1504;207853;174312;70.1;58.8
18;2021-08-12;1553;1595;209406;175907;70.6;59.3
18;2021-08-13;1086;1171;210492;177078;71.0;59.7
18;2021-08-14;759;604;211251;177682;71.3;59.9
18;2021-08-15;35;17;211286;177699;71.3;60.0
18;2021-08-16;829;1202;212115;178901;71.6;60.4
18;2021-08-17;979;1997;213094;180898;71.9;61.0
18;2021-08-18;1155;1959;214249;182857;72.3;61.7
18;2021-08-19;1096;1612;215345;184469;72.7;62.2
18;2021-08-20;910;1756;216255;186225;73.0;62.8
18;2021-08-21;419;705;216674;186930;73.1;63.1
18;2021-08-22;21;73;216695;187003;73.1;63.1
18;2021-08-23;484;1681;217179;188684;73.3;63.7
18;2021-08-24;900;1493;218079;190177;73.6;64.2
18;2021-08-25;838;1864;218917;192041;73.9;64.8
18;2021-08-26;769;1530;219686;193571;74.1;65.3
18;2021-08-27;572;1995;220258;195566;74.3;66.0
18;2021-08-28;501;870;220759;196436;74.5;66.3
18;2021-08-29;91;176;220850;196612;74.5;66.3
18;2021-08-30;526;1442;221376;198054;74.7;66.8
18;2021-08-31;503;1441;221879;199495;74.9;67.3
18;2021-09-01;577;1643;222456;201138;75.1;67.9
18;2021-09-02;397;1267;222853;202405;75.2;68.3
18;2021-09-03;452;1304;223305;203709;75.3;68.7
18;2021-09-04;356;807;223661;204516;75.5;69.0
18;2021-09-05;29;80;223690;204596;75.5;69.0
18;2021-09-06;278;1090;223968;205686;75.6;69.4
18;2021-09-07;279;988;224247;206674;75.7;69.7
18;2021-09-08;400;1137;224647;207811;75.8;70.1
18;2021-09-09;350;1144;224997;208955;75.9;70.5
19;2020-12-27;0;0;0;0;0.0;0.0
19;2020-12-28;0;0;0;0;0.0;0.0
19;2020-12-29;1;0;1;0;0.0;0.0
19;2020-12-30;0;0;1;0;0.0;0.0
19;2020-12-31;0;0;1;0;0.0;0.0
19;2021-01-01;0;0;1;0;0.0;0.0
19;2021-01-02;0;0;1;0;0.0;0.0
19;2021-01-03;0;0;1;0;0.0;0.0
19;2021-01-04;0;0;1;0;0.0;0.0
19;2021-01-05;0;0;1;0;0.0;0.0
19;2021-01-06;0;0;1;0;0.0;0.0
19;2021-01-07;344;1;345;1;0.1;0.0
19;2021-01-08;247;1;592;2;0.2;0.0
19;2021-01-09;1;0;593;2;0.2;0.0
19;2021-01-10;1;0;594;2;0.2;0.0
19;2021-01-11;38;0;632;2;0.3;0.0
19;2021-01-12;415;1;1047;3;0.4;0.0
19;2021-01-13;425;3;1472;6;0.6;0.0
19;2021-01-14;475;1;1947;7;0.8;0.0
19;2021-01-15;226;0;2173;7;0.9;0.0
19;2021-01-16;0;0;2173;7;0.9;0.0
19;2021-01-17;1;0;2174;7;0.9;0.0
19;2021-01-18;251;2;2425;9;1.0;0.0
19;2021-01-19;519;0;2944;9;1.2;0.0
19;2021-01-20;922;4;3866;13;1.6;0.0
19;2021-01-21;507;4;4373;17;1.8;0.0
19;2021-01-22;1315;4;5688;21;2.4;0.0
19;2021-01-23;281;0;5969;21;2.5;0.0
19;2021-01-24;37;0;6006;21;2.5;0.0
19;2021-01-25;233;0;6239;21;2.6;0.0
19;2021-01-26;607;3;6846;24;2.8;0.0
19;2021-01-27;334;3;7180;27;3.0;0.0
19;2021-01-28;297;155;7477;182;3.1;0.1
19;2021-01-29;348;54;7825;236;3.3;0.1
19;2021-01-30;130;24;7955;260;3.3;0.1
19;2021-01-31;42;0;7997;260;3.3;0.1
19;2021-02-01;158;94;8155;354;3.4;0.1
19;2021-02-02;303;425;8458;779;3.5;0.3
19;2021-02-03;285;237;8743;1016;3.6;0.4
19;2021-02-04;255;368;8998;1384;3.7;0.6
19;2021-02-05;311;75;9309;1459;3.9;0.6
19;2021-02-06;213;2;9522;1461;4.0;0.6
19;2021-02-07;48;2;9570;1463;4.0;0.6
19;2021-02-08;177;141;9747;1604;4.1;0.7
19;2021-02-09;333;260;10080;1864;4.2;0.8
19;2021-02-10;517;282;10597;2146;4.4;0.9
19;2021-02-11;412;307;11009;2453;4.6;1.0
19;2021-02-12;798;1148;11807;3601;4.9;1.5
19;2021-02-13;352;143;12159;3744;5.1;1.6
19;2021-02-14;98;8;12257;3752;5.1;1.6
19;2021-02-15;200;222;12457;3974;5.2;1.7
19;2021-02-16;386;157;12843;4131;5.3;1.7
19;2021-02-17;306;416;13149;4547;5.5;1.9
19;2021-02-18;174;444;13323;4991;5.5;2.1
19;2021-02-19;469;276;13792;5267;5.7;2.2
19;2021-02-20;133;180;13925;5447;5.8;2.3
19;2021-02-21;20;38;13945;5485;5.8;2.3
19;2021-02-22;221;197;14166;5682;5.9;2.4
19;2021-02-23;268;323;14434;6005;6.0;2.5
19;2021-02-24;361;188;14795;6193;6.2;2.6
19;2021-02-25;519;347;15314;6540;6.4;2.7
19;2021-02-26;395;282;15709;6822;6.5;2.8
19;2021-02-27;348;142;16057;6964;6.7;2.9
19;2021-02-28;68;33;16125;6997;6.7;2.9
19;2021-03-01;266;209;16391;7206;6.8;3.0
19;2021-03-02;428;238;16819;7444;7.0;3.1
19;2021-03-03;692;320;17511;7764;7.3;3.2
19;2021-03-04;826;331;18337;8095;7.6;3.4
19;2021-03-05;891;699;19228;8794;8.0;3.7
19;2021-03-06;1073;185;20301;8979;8.4;3.7
19;2021-03-07;463;36;20764;9015;8.6;3.8
19;2021-03-08;638;151;21402;9166;8.9;3.8
19;2021-03-09;836;242;22238;9408;9.3;3.9
19;2021-03-10;1155;310;23393;9718;9.7;4.0
19;2021-03-11;1274;306;24667;10024;10.3;4.2
19;2021-03-12;1136;394;25803;10418;10.7;4.3
19;2021-03-13;1111;163;26914;10581;11.2;4.4
19;2021-03-14;160;84;27074;10665;11.3;4.4
19;2021-03-15;699;133;27773;10798;11.6;4.5
19;2021-03-16;688;300;28461;11098;11.8;4.6
19;2021-03-17;839;279;29300;11377;12.2;4.7
19;2021-03-18;767;282;30067;11659;12.5;4.9
19;2021-03-19;1014;483;31081;12142;12.9;5.1
19;2021-03-20;783;131;31864;12273;13.3;5.1
19;2021-03-21;128;4;31992;12277;13.3;5.1
19;2021-03-22;548;175;32540;12452;13.5;5.2
19;2021-03-23;1045;231;33585;12683;14.0;5.3
19;2021-03-24;1171;373;34756;13056;14.5;5.4
19;2021-03-25;1189;413;35945;13469;15.0;5.6
19;2021-03-26;1323;276;37268;13745;15.5;5.7
19;2021-03-27;854;188;38122;13933;15.9;5.8
19;2021-03-28;63;60;38185;13993;15.9;5.8
19;2021-03-29;612;177;38797;14170;16.1;5.9
19;2021-03-30;971;344;39768;14514;16.5;6.0
19;2021-03-31;1157;493;40925;15007;17.0;6.2
19;2021-04-01;1491;426;42416;15433;17.6;6.4
19;2021-04-02;1007;523;43423;15956;18.1;6.6
19;2021-04-03;597;283;44020;16239;18.3;6.8
19;2021-04-04;130;3;44150;16242;18.4;6.8
19;2021-04-05;40;75;44190;16317;18.4;6.8
19;2021-04-06;735;603;44925;16920;18.7;7.0
19;2021-04-07;978;732;45903;17652;19.1;7.3
19;2021-04-08;1116;1016;47019;18668;19.6;7.8
19;2021-04-09;1643;615;48662;19283;20.2;8.0
19;2021-04-10;946;558;49608;19841;20.6;8.3
19;2021-04-11;558;74;50166;19915;20.9;8.3
19;2021-04-12;681;521;50847;20436;21.2;8.5
19;2021-04-13;915;575;51762;21011;21.5;8.7
19;2021-04-14;1333;848;53095;21859;22.1;9.1
19;2021-04-15;1229;873;54324;22732;22.6;9.5
19;2021-04-16;1505;820;55829;23552;23.2;9.8
19;2021-04-17;762;478;56591;24030;23.5;10.0
19;2021-04-18;661;69;57252;24099;23.8;10.0
19;2021-04-19;730;440;57982;24539;24.1;10.2
19;2021-04-20;979;748;58961;25287;24.5;10.5
19;2021-04-21;1271;700;60232;25987;25.1;10.8
19;2021-04-22;1189;898;61421;26885;25.6;11.2
19;2021-04-23;1129;1020;62550;27905;26.0;11.6
19;2021-04-24;679;676;63229;28581;26.3;11.9
19;2021-04-25;675;69;63904;28650;26.6;11.9
19;2021-04-26;1056;331;64960;28981;27.0;12.1
19;2021-04-27;1028;568;65988;29549;27.5;12.3
19;2021-04-28;1553;555;67541;30104;28.1;12.5
19;2021-04-29;1453;1181;68994;31285;28.7;13.0
19;2021-04-30;1876;1060;70870;32345;29.5;13.5
19;2021-05-01;671;170;71541;32515;29.8;13.5
19;2021-05-02;550;152;72091;32667;30.0;13.6
19;2021-05-03;854;547;72945;33214;30.4;13.8
19;2021-05-04;1025;707;73970;33921;30.8;14.1
19;2021-05-05;1255;741;75225;34662;31.3;14.4
19;2021-05-06;1127;1198;76352;35860;31.8;14.9
19;2021-05-07;1664;1189;78016;37049;32.5;15.4
19;2021-05-08;712;206;78728;37255;32.8;15.5
19;2021-05-09;487;546;79215;37801;33.0;15.7
19;2021-05-10;1164;668;80379;38469;33.4;16.0
19;2021-05-11;1640;857;82019;39326;34.1;16.4
19;2021-05-12;1945;1315;83964;40641;34.9;16.9
19;2021-05-13;571;242;84535;40883;35.2;17.0
19;2021-05-14;1646;988;86181;41871;35.9;17.4
19;2021-05-15;1443;592;87624;42463;36.5;17.7
19;2021-05-16;350;82;87974;42545;36.6;17.7
19;2021-05-17;1498;559;89472;43104;37.2;17.9
19;2021-05-18;1670;497;91142;43601;37.9;18.1
19;2021-05-19;2009;825;93151;44426;38.8;18.5
19;2021-05-20;1722;890;94873;45316;39.5;18.9
19;2021-05-21;1965;814;96838;46130;40.3;19.2
19;2021-05-22;1272;652;98110;46782;40.8;19.5
19;2021-05-23;324;131;98434;46913;41.0;19.5
19;2021-05-24;139;46;98573;46959;41.0;19.5
19;2021-05-25;1502;492;100075;47451;41.6;19.7
19;2021-05-26;1926;666;102001;48117;42.4;20.0
19;2021-05-27;1786;834;103787;48951;43.2;20.4
19;2021-05-28;1937;991;105724;49942;44.0;20.8
19;2021-05-29;1375;705;107099;50647;44.6;21.1
19;2021-05-30;191;497;107290;51144;44.6;21.3
19;2021-05-31;1199;537;108489;51681;45.1;21.5
19;2021-06-01;1285;886;109774;52567;45.7;21.9
19;2021-06-02;1817;952;111591;53519;46.4;22.3
19;2021-06-03;1447;1249;113038;54768;47.0;22.8
19;2021-06-04;1848;1354;114886;56122;47.8;23.4
19;2021-06-05;1210;815;116096;56937;48.3;23.7
19;2021-06-06;87;648;116183;57585;48.3;24.0
19;2021-06-07;922;934;117105;58519;48.7;24.3
19;2021-06-08;1104;907;118209;59426;49.2;24.7
19;2021-06-09;1330;1462;119539;60888;49.7;25.3
19;2021-06-10;1284;1581;120823;62469;50.3;26.0
19;2021-06-11;1315;1917;122138;64386;50.8;26.8
19;2021-06-12;1357;1317;123495;65703;51.4;27.3
19;2021-06-13;543;424;124038;66127;51.6;27.5
19;2021-06-14;736;1016;124774;67143;51.9;27.9
19;2021-06-15;979;1143;125753;68286;52.3;28.4
19;2021-06-16;1222;1364;126975;69650;52.8;29.0
19;2021-06-17;869;1789;127844;71439;53.2;29.7
19;2021-06-18;1057;2137;128901;73576;53.6;30.6
19;2021-06-19;919;1302;129820;74878;54.0;31.2
19;2021-06-20;395;327;130215;75205;54.2;31.3
19;2021-06-21;500;1075;130715;76280;54.4;31.7
19;2021-06-22;698;1490;131413;77770;54.7;32.4
19;2021-06-23;745;1988;132158;79758;55.0;33.2
19;2021-06-24;687;1663;132845;81421;55.3;33.9
19;2021-06-25;562;2216;133407;83637;55.5;34.8
19;2021-06-26;472;1741;133879;85378;55.7;35.5
19;2021-06-27;289;445;134168;85823;55.8;35.7
19;2021-06-28;315;1499;134483;87322;56.0;36.3
19;2021-06-29;354;1894;134837;89216;56.1;37.1
19;2021-06-30;795;2153;135632;91369;56.4;38.0
19;2021-07-01;361;2321;135993;93690;56.6;39.0
19;2021-07-02;781;2317;136774;96007;56.9;39.9
19;2021-07-03;513;1744;137287;97751;57.1;40.7
19;2021-07-04;1;73;137288;97824;57.1;40.7
19;2021-07-05;600;1015;137888;98839;57.4;41.1
19;2021-07-06;505;1540;138393;100379;57.6;41.8
19;2021-07-07;706;2046;139099;102425;57.9;42.6
19;2021-07-08;770;2149;139869;104574;58.2;43.5
19;2021-07-09;716;2659;140585;107233;58.5;44.6
19;2021-07-10;587;1709;141172;108942;58.7;45.3
19;2021-07-11;45;212;141217;109154;58.8;45.4
19;2021-07-12;447;1489;141664;110643;58.9;46.0
19;2021-07-13;685;1829;142349;112472;59.2;46.8
19;2021-07-14;202;273;142551;112745;59.3;46.9
19;2021-07-15;871;2051;143422;114796;59.7;47.8
19;2021-07-16;1230;2445;144652;117241;60.2;48.8
19;2021-07-17;703;1718;145355;118959;60.5;49.5
19;2021-07-18;365;673;145720;119632;60.6;49.8
19;2021-07-19;969;1402;146689;121034;61.0;50.4
19;2021-07-20;967;1674;147656;122708;61.4;51.1
19;2021-07-21;1084;1713;148740;124421;61.9;51.8
19;2021-07-22;1393;1855;150133;126276;62.5;52.5
19;2021-07-23;1785;1995;151918;128271;63.2;53.4
19;2021-07-24;908;1755;152826;130026;63.6;54.1
19;2021-07-25;165;513;152991;130539;63.7;54.3
19;2021-07-26;911;911;153902;131450;64.0;54.7
19;2021-07-27;1424;1117;155326;132567;64.6;55.2
19;2021-07-28;2047;1222;157373;133789;65.5;55.7
19;2021-07-29;1623;1203;158996;134992;66.2;56.2
19;2021-07-30;1910;1025;160906;136017;67.0;56.6
19;2021-07-31;1129;1017;162035;137034;67.4;57.0
19;2021-08-01;347;372;162382;137406;67.6;57.2
19;2021-08-02;1147;809;163529;138215;68.0;57.5
19;2021-08-03;1450;1053;164979;139268;68.6;57.9
19;2021-08-04;1987;762;166966;140030;69.5;58.3
19;2021-08-05;1628;954;168594;140984;70.1;58.7
19;2021-08-06;1960;1215;170554;142199;71.0;59.2
19;2021-08-07;1334;998;171888;143197;71.5;59.6
19;2021-08-08;186;234;172074;143431;71.6;59.7
19;2021-08-09;1009;785;173083;144216;72.0;60.0
19;2021-08-10;1280;1012;174363;145228;72.5;60.4
19;2021-08-11;1356;1006;175719;146234;73.1;60.8
19;2021-08-12;1016;1276;176735;147510;73.5;61.4
19;2021-08-13;1176;1276;177911;148786;74.0;61.9
19;2021-08-14;980;1163;178891;149949;74.4;62.4
19;2021-08-15;30;54;178921;150003;74.4;62.4
19;2021-08-16;591;1029;179512;151032;74.7;62.8
19;2021-08-17;630;1167;180142;152199;75.0;63.3
19;2021-08-18;652;981;180794;153180;75.2;63.7
19;2021-08-19;436;1259;181230;154439;75.4;64.3
19;2021-08-20;861;1927;182091;156366;75.8;65.1
19;2021-08-21;489;1374;182580;157740;76.0;65.6
19;2021-08-22;52;93;182632;157833;76.0;65.7
19;2021-08-23;222;1157;182854;158990;76.1;66.2
19;2021-08-24;535;1318;183389;160308;76.3;66.7
19;2021-08-25;643;1557;184032;161865;76.6;67.3
19;2021-08-26;475;1463;184507;163328;76.8;68.0
19;2021-08-27;500;1689;185007;165017;77.0;68.7
19;2021-08-28;360;1277;185367;166294;77.1;69.2
19;2021-08-29;60;182;185427;166476;77.2;69.3
19;2021-08-30;224;1094;185651;167570;77.2;69.7
19;2021-08-31;322;1451;185973;169021;77.4;70.3
19;2021-09-01;355;1479;186328;170500;77.5;70.9
19;2021-09-02;345;1318;186673;171818;77.7;71.5
19;2021-09-03;407;1518;187080;173336;77.8;72.1
19;2021-09-04;301;1392;187381;174728;78.0;72.7
19;2021-09-05;32;245;187413;174973;78.0;72.8
19;2021-09-06;196;697;187609;175670;78.1;73.1
19;2021-09-07;228;821;187837;176491;78.2;73.4
19;2021-09-08;278;933;188115;177424;78.3;73.8
19;2021-09-09;247;610;188362;178034;78.4;74.1
21;2020-12-27;4;0;4;0;0.0;0.0
21;2020-12-28;2;0;6;0;0.0;0.0
21;2020-12-29;19;0;25;0;0.0;0.0
21;2020-12-30;22;0;47;0;0.0;0.0
21;2020-12-31;0;0;47;0;0.0;0.0
21;2021-01-01;0;0;47;0;0.0;0.0
21;2021-01-02;1;0;48;0;0.0;0.0
21;2021-01-03;1;0;49;0;0.0;0.0
21;2021-01-04;22;0;71;0;0.0;0.0
21;2021-01-05;250;2;321;2;0.1;0.0
21;2021-01-06;300;0;621;2;0.1;0.0
21;2021-01-07;387;0;1008;2;0.2;0.0
21;2021-01-08;455;2;1463;4;0.3;0.0
21;2021-01-09;252;0;1715;4;0.3;0.0
21;2021-01-10;2;0;1717;4;0.3;0.0
21;2021-01-11;624;1;2341;5;0.4;0.0
21;2021-01-12;655;0;2996;5;0.6;0.0
21;2021-01-13;703;2;3699;7;0.7;0.0
21;2021-01-14;1192;6;4891;13;0.9;0.0
21;2021-01-15;717;5;5608;18;1.1;0.0
21;2021-01-16;162;0;5770;18;1.1;0.0
21;2021-01-17;5;0;5775;18;1.1;0.0
21;2021-01-18;1318;4;7093;22;1.3;0.0
21;2021-01-19;1371;2;8464;24;1.6;0.0
21;2021-01-20;1297;45;9761;69;1.8;0.0
21;2021-01-21;1541;3;11302;72;2.1;0.0
21;2021-01-22;1245;5;12547;77;2.4;0.0
21;2021-01-23;487;0;13034;77;2.4;0.0
21;2021-01-24;124;0;13158;77;2.5;0.0
21;2021-01-25;927;18;14085;95;2.6;0.0
21;2021-01-26;1542;135;15627;230;2.9;0.0
21;2021-01-27;2058;147;17685;377;3.3;0.1
21;2021-01-28;1461;217;19146;594;3.6;0.1
21;2021-01-29;1023;209;20169;803;3.8;0.2
21;2021-01-30;470;29;20639;832;3.9;0.2
21;2021-01-31;97;3;20736;835;3.9;0.2
21;2021-02-01;453;281;21189;1116;4.0;0.2
21;2021-02-02;456;429;21645;1545;4.1;0.3
21;2021-02-03;443;275;22088;1820;4.1;0.3
21;2021-02-04;417;528;22505;2348;4.2;0.4
21;2021-02-05;490;451;22995;2799;4.3;0.5
21;2021-02-06;158;218;23153;3017;4.3;0.6
21;2021-02-07;2;2;23155;3019;4.3;0.6
21;2021-02-08;433;372;23588;3391;4.4;0.6
21;2021-02-09;514;479;24102;3870;4.5;0.7
21;2021-02-10;461;551;24563;4421;4.6;0.8
21;2021-02-11;485;722;25048;5143;4.7;1.0
21;2021-02-12;356;847;25404;5990;4.8;1.1
21;2021-02-13;361;267;25765;6257;4.8;1.2
21;2021-02-14;239;131;26004;6388;4.9;1.2
21;2021-02-15;120;1162;26124;7550;4.9;1.4
21;2021-02-16;207;1368;26331;8918;4.9;1.7
21;2021-02-17;402;1825;26733;10743;5.0;2.0
21;2021-02-18;604;1246;27337;11989;5.1;2.2
21;2021-02-19;217;1042;27554;13031;5.2;2.4
21;2021-02-20;121;360;27675;13391;5.2;2.5
21;2021-02-21;1;83;27676;13474;5.2;2.5
21;2021-02-22;83;694;27759;14168;5.2;2.7
21;2021-02-23;170;928;27929;15096;5.2;2.8
21;2021-02-24;225;636;28154;15732;5.3;3.0
21;2021-02-25;647;749;28801;16481;5.4;3.1
21;2021-02-26;926;654;29727;17135;5.6;3.2
21;2021-02-27;533;258;30260;17393;5.7;3.3
21;2021-02-28;24;120;30284;17513;5.7;3.3
21;2021-03-01;679;581;30963;18094;5.8;3.4
21;2021-03-02;1054;510;32017;18604;6.0;3.5
21;2021-03-03;1168;402;33185;19006;6.2;3.6
21;2021-03-04;1685;490;34870;19496;6.5;3.7
21;2021-03-05;2196;643;37066;20139;7.0;3.8
21;2021-03-06;1593;192;38659;20331;7.3;3.8
21;2021-03-07;4;15;38663;20346;7.3;3.8
21;2021-03-08;772;432;39435;20778;7.4;3.9
21;2021-03-09;1571;552;41006;21330;7.7;4.0
21;2021-03-10;1627;549;42633;21879;8.0;4.1
21;2021-03-11;2196;683;44829;22562;8.4;4.2
21;2021-03-12;2906;433;47735;22995;9.0;4.3
21;2021-03-13;1932;171;49667;23166;9.3;4.3
21;2021-03-14;38;45;49705;23211;9.3;4.4
21;2021-03-15;1414;86;51119;23297;9.6;4.4
21;2021-03-16;1885;151;53004;23448;9.9;4.4
21;2021-03-17;1809;113;54813;23561;10.3;4.4
21;2021-03-18;2128;261;56941;23822;10.7;4.5
21;2021-03-19;1963;149;58904;23971;11.1;4.5
21;2021-03-20;1228;37;60132;24008;11.3;4.5
21;2021-03-21;2;0;60134;24008;11.3;4.5
21;2021-03-22;1556;92;61690;24100;11.6;4.5
21;2021-03-23;2695;106;64385;24206;12.1;4.5
21;2021-03-24;2892;163;67277;24369;12.6;4.6
21;2021-03-25;3731;246;71008;24615;13.3;4.6
21;2021-03-26;3655;196;74663;24811;14.0;4.7
21;2021-03-27;1732;59;76395;24870;14.3;4.7
21;2021-03-28;200;38;76595;24908;14.4;4.7
21;2021-03-29;1789;515;78384;25423;14.7;4.8
21;2021-03-30;2348;799;80732;26222;15.1;4.9
21;2021-03-31;2717;650;83449;26872;15.7;5.0
21;2021-04-01;2693;719;86142;27591;16.2;5.2
21;2021-04-02;2248;741;88390;28332;16.6;5.3
21;2021-04-03;1018;281;89408;28613;16.8;5.4
21;2021-04-04;2;12;89410;28625;16.8;5.4
21;2021-04-05;9;0;89419;28625;16.8;5.4
21;2021-04-06;1360;1136;90779;29761;17.0;5.6
21;2021-04-07;1751;969;92530;30730;17.4;5.8
21;2021-04-08;3218;1143;95748;31873;18.0;6.0
21;2021-04-09;3481;1184;99229;33057;18.6;6.2
21;2021-04-10;1376;736;100605;33793;18.9;6.3
21;2021-04-11;145;3;100750;33796;18.9;6.3
21;2021-04-12;1117;1347;101867;35143;19.1;6.6
21;2021-04-13;1656;1782;103523;36925;19.4;6.9
21;2021-04-14;1484;1469;105007;38394;19.7;7.2
21;2021-04-15;1902;1592;106909;39986;20.1;7.5
21;2021-04-16;2322;1310;109231;41296;20.5;7.7
21;2021-04-17;1019;972;110250;42268;20.7;7.9
21;2021-04-18;15;4;110265;42272;20.7;7.9
21;2021-04-19;1110;1319;111375;43591;20.9;8.2
21;2021-04-20;1241;1834;112616;45425;21.1;8.5
21;2021-04-21;1095;1722;113711;47147;21.3;8.8
21;2021-04-22;1275;2212;114986;49359;21.6;9.3
21;2021-04-23;1984;1729;116970;51088;22.0;9.6
21;2021-04-24;1001;872;117971;51960;22.1;9.8
21;2021-04-25;9;168;117980;52128;22.1;9.8
21;2021-04-26;1013;1592;118993;53720;22.3;10.1
21;2021-04-27;1841;1934;120834;55654;22.7;10.4
21;2021-04-28;2230;2223;123064;57877;23.1;10.9
21;2021-04-29;3136;2257;126200;60134;23.7;11.3
21;2021-04-30;3561;1846;129761;61980;24.4;11.6
21;2021-05-01;962;227;130723;62207;24.5;11.7
21;2021-05-02;2;5;130725;62212;24.5;11.7
21;2021-05-03;2081;1349;132806;63561;24.9;11.9
21;2021-05-04;2577;1643;135383;65204;25.4;12.2
21;2021-05-05;2248;1691;137631;66895;25.8;12.6
21;2021-05-06;3015;2246;140646;69141;26.4;13.0
21;2021-05-07;2804;2176;143450;71317;26.9;13.4
21;2021-05-08;1068;271;144518;71588;27.1;13.4
21;2021-05-09;26;177;144544;71765;27.1;13.5
21;2021-05-10;3170;1730;147714;73495;27.7;13.8
21;2021-05-11;4923;2004;152637;75499;28.6;14.2
21;2021-05-12;4805;1746;157442;77245;29.5;14.5
21;2021-05-13;3846;369;161288;77614;30.3;14.6
21;2021-05-14;5202;1471;166490;79085;31.2;14.8
21;2021-05-15;3428;647;169918;79732;31.9;15.0
21;2021-05-16;49;4;169967;79736;31.9;15.0
21;2021-05-17;4128;1256;174095;80992;32.7;15.2
21;2021-05-18;4359;1503;178454;82495;33.5;15.5
21;2021-05-19;3470;1125;181924;83620;34.1;15.7
21;2021-05-20;3900;1357;185824;84977;34.9;15.9
21;2021-05-21;3626;2159;189450;87136;35.6;16.4
21;2021-05-22;1669;769;191119;87905;35.9;16.5
21;2021-05-23;4;17;191123;87922;35.9;16.5
21;2021-05-24;1816;266;192939;88188;36.2;16.5
21;2021-05-25;2649;1968;195588;90156;36.7;16.9
21;2021-05-26;2604;1997;198192;92153;37.2;17.3
21;2021-05-27;4014;2099;202206;94252;37.9;17.7
21;2021-05-28;3572;2821;205778;97073;38.6;18.2
21;2021-05-29;1932;1469;207710;98542;39.0;18.5
21;2021-05-30;98;13;207808;98555;39.0;18.5
21;2021-05-31;2503;1777;210311;100332;39.5;18.8
21;2021-06-01;3454;2253;213765;102585;40.1;19.3
21;2021-06-02;2618;1761;216383;104346;40.6;19.6
21;2021-06-03;3145;2075;219528;106421;41.2;20.0
21;2021-06-04;3284;2586;222812;109007;41.8;20.5
21;2021-06-05;2925;1654;225737;110661;42.4;20.8
21;2021-06-06;51;85;225788;110746;42.4;20.8
21;2021-06-07;4317;1345;230105;112091;43.2;21.0
21;2021-06-08;4941;2143;235046;114234;44.1;21.4
21;2021-06-09;4503;1626;239549;115860;45.0;21.7
21;2021-06-10;3935;2596;243484;118456;45.7;22.2
21;2021-06-11;4169;3099;247653;121555;46.5;22.8
21;2021-06-12;2198;1608;249851;123163;46.9;23.1
21;2021-06-13;29;11;249880;123174;46.9;23.1
21;2021-06-14;2199;2563;252079;125737;47.3;23.6
21;2021-06-15;2959;3090;255038;128827;47.9;24.2
21;2021-06-16;2854;2611;257892;131438;48.4;24.7
21;2021-06-17;3422;3043;261314;134481;49.0;25.2
21;2021-06-18;2427;3796;263741;138277;49.5;25.9
21;2021-06-19;2045;1864;265786;140141;49.9;26.3
21;2021-06-20;26;13;265812;140154;49.9;26.3
21;2021-06-21;1843;3408;267655;143562;50.2;26.9
21;2021-06-22;1884;5829;269539;149391;50.6;28.0
21;2021-06-23;2029;5013;271568;154404;51.0;29.0
21;2021-06-24;2367;4665;273935;159069;51.4;29.9
21;2021-06-25;1532;5897;275467;164966;51.7;31.0
21;2021-06-26;1441;3900;276908;168866;52.0;31.7
21;2021-06-27;18;125;276926;168991;52.0;31.7
21;2021-06-28;1397;4016;278323;173007;52.2;32.5
21;2021-06-29;1636;4179;279959;177186;52.5;33.3
21;2021-06-30;1569;3376;281528;180562;52.8;33.9
21;2021-07-01;1666;4151;283194;184713;53.1;34.7
21;2021-07-02;2179;4232;285373;188945;53.6;35.5
21;2021-07-03;1095;2101;286468;191046;53.8;35.9
21;2021-07-04;37;55;286505;191101;53.8;35.9
21;2021-07-05;1609;3626;288114;194727;54.1;36.5
21;2021-07-06;1348;3585;289462;198312;54.3;37.2
21;2021-07-07;1455;3241;290917;201553;54.6;37.8
21;2021-07-08;1881;4156;292798;205709;54.9;38.6
21;2021-07-09;2084;4349;294882;210058;55.3;39.4
21;2021-07-10;1089;2546;295971;212604;55.5;39.9
21;2021-07-11;21;74;295992;212678;55.5;39.9
21;2021-07-12;1658;3729;297650;216407;55.9;40.6
21;2021-07-13;2346;4892;299996;221299;56.3;41.5
21;2021-07-14;2873;2017;302869;223316;56.8;41.9
21;2021-07-15;3816;4553;306685;227869;57.6;42.8
21;2021-07-16;3889;5258;310574;233127;58.3;43.7
21;2021-07-17;2774;4170;313348;237297;58.8;44.5
21;2021-07-18;157;82;313505;237379;58.8;44.5
21;2021-07-19;2377;4626;315882;242005;59.3;45.4
21;2021-07-20;2759;5486;318641;247491;59.8;46.4
21;2021-07-21;2910;4789;321551;252280;60.3;47.3
21;2021-07-22;3025;4723;324576;257003;60.9;48.2
21;2021-07-23;4354;4895;328930;261898;61.7;49.1
21;2021-07-24;3037;3019;331967;264917;62.3;49.7
21;2021-07-25;68;40;332035;264957;62.3;49.7
21;2021-07-26;2664;3589;334699;268546;62.8;50.4
21;2021-07-27;3412;3776;338111;272322;63.4;51.1
21;2021-07-28;3576;3352;341687;275674;64.1;51.7
21;2021-07-29;4134;3365;345821;279039;64.9;52.4
21;2021-07-30;4616;3343;350437;282382;65.8;53.0
21;2021-07-31;3426;2376;353863;284758;66.4;53.4
21;2021-08-01;330;57;354193;284815;66.5;53.4
21;2021-08-02;2535;3164;356728;287979;66.9;54.0
21;2021-08-03;2619;2762;359347;290741;67.4;54.6
21;2021-08-04;2367;2486;361714;293227;67.9;55.0
21;2021-08-05;2215;3078;363929;296305;68.3;55.6
21;2021-08-06;2587;3310;366516;299615;68.8;56.2
21;2021-08-07;1903;2660;368419;302275;69.1;56.7
21;2021-08-08;74;69;368493;302344;69.2;56.7
21;2021-08-09;1650;2930;370143;305274;69.5;57.3
21;2021-08-10;1409;2715;371552;307989;69.7;57.8
21;2021-08-11;1665;2445;373217;310434;70.0;58.3
21;2021-08-12;1163;2417;374380;312851;70.3;58.7
21;2021-08-13;1512;2747;375892;315598;70.5;59.2
21;2021-08-14;852;2438;376744;318036;70.7;59.7
21;2021-08-15;51;64;376795;318100;70.7;59.7
21;2021-08-16;1390;2819;378185;320919;71.0;60.2
21;2021-08-17;1202;2776;379387;323695;71.2;60.7
21;2021-08-18;1025;2872;380412;326567;71.4;61.3
21;2021-08-19;953;3068;381365;329635;71.6;61.9
21;2021-08-20;1050;4191;382415;333826;71.8;62.6
21;2021-08-21;834;3140;383249;336966;71.9;63.2
21;2021-08-22;32;116;383281;337082;71.9;63.3
21;2021-08-23;908;3214;384189;340296;72.1;63.9
21;2021-08-24;963;2875;385152;343171;72.3;64.4
21;2021-08-25;860;2548;386012;345719;72.4;64.9
21;2021-08-26;711;2420;386723;348139;72.6;65.3
21;2021-08-27;1025;3384;387748;351523;72.8;66.0
21;2021-08-28;704;2753;388452;354276;72.9;66.5
21;2021-08-29;43;215;388495;354491;72.9;66.5
21;2021-08-30;772;2257;389267;356748;73.0;66.9
21;2021-08-31;935;2099;390202;358847;73.2;67.3
21;2021-09-01;611;1771;390813;360618;73.3;67.7
21;2021-09-02;539;1448;391352;362066;73.4;67.9
21;2021-09-03;769;2023;392121;364089;73.6;68.3
21;2021-09-04;749;1671;392870;365760;73.7;68.6
21;2021-09-05;69;107;392939;365867;73.7;68.7
21;2021-09-06;400;1469;393339;367336;73.8;68.9
21;2021-09-07;382;1297;393721;368633;73.9;69.2
21;2021-09-08;541;1597;394262;370230;74.0;69.5
21;2021-09-09;391;1369;394653;371599;74.1;69.7
22;2020-12-27;0;0;0;0;0.0;0.0
22;2020-12-28;0;0;0;0;0.0;0.0
22;2020-12-29;0;0;0;0;0.0;0.0
22;2020-12-30;0;0;0;0;0.0;0.0
22;2020-12-31;0;0;0;0;0.0;0.0
22;2021-01-01;0;0;0;0;0.0;0.0
22;2021-01-02;2;0;2;0;0.0;0.0
22;2021-01-03;0;0;2;0;0.0;0.0
22;2021-01-04;5;0;7;0;0.0;0.0
22;2021-01-05;61;0;68;0;0.0;0.0
22;2021-01-06;114;1;182;1;0.0;0.0
22;2021-01-07;67;0;249;1;0.0;0.0
22;2021-01-08;174;0;423;1;0.1;0.0
22;2021-01-09;1;0;424;1;0.1;0.0
22;2021-01-10;0;0;424;1;0.1;0.0
22;2021-01-11;234;3;658;4;0.1;0.0
22;2021-01-12;627;0;1285;4;0.2;0.0
22;2021-01-13;676;1;1961;5;0.3;0.0
22;2021-01-14;716;8;2677;13;0.4;0.0
22;2021-01-15;529;2;3206;15;0.5;0.0
22;2021-01-16;96;0;3302;15;0.6;0.0
22;2021-01-17;1;0;3303;15;0.6;0.0
22;2021-01-18;311;1;3614;16;0.6;0.0
22;2021-01-19;687;1;4301;17;0.7;0.0
22;2021-01-20;598;1;4899;18;0.8;0.0
22;2021-01-21;947;1;5846;19;1.0;0.0
22;2021-01-22;840;2;6686;21;1.1;0.0
22;2021-01-23;219;0;6905;21;1.2;0.0
22;2021-01-24;1;0;6906;21;1.2;0.0
22;2021-01-25;750;9;7656;30;1.3;0.0
22;2021-01-26;1017;59;8673;89;1.5;0.0
22;2021-01-27;3859;109;12532;198;2.1;0.0
22;2021-01-28;4511;83;17043;281;2.9;0.0
22;2021-01-29;1898;121;18941;402;3.2;0.1
22;2021-01-30;287;0;19228;402;3.2;0.1
22;2021-01-31;3;0;19231;402;3.2;0.1
22;2021-02-01;641;75;19872;477;3.3;0.1
22;2021-02-02;903;430;20775;907;3.5;0.2
22;2021-02-03;690;490;21465;1397;3.6;0.2
22;2021-02-04;965;617;22430;2014;3.8;0.3
22;2021-02-05;721;552;23151;2566;3.9;0.4
22;2021-02-06;253;0;23404;2566;3.9;0.4
22;2021-02-07;0;0;23404;2566;3.9;0.4
22;2021-02-08;531;119;23935;2685;4.0;0.5
22;2021-02-09;614;278;24549;2963;4.1;0.5
22;2021-02-10;425;188;24974;3151;4.2;0.5
22;2021-02-11;1086;311;26060;3462;4.4;0.6
22;2021-02-12;594;302;26654;3764;4.5;0.6
22;2021-02-13;319;72;26973;3836;4.5;0.6
22;2021-02-14;0;4;26973;3840;4.5;0.6
22;2021-02-15;672;376;27645;4216;4.6;0.7
22;2021-02-16;1042;630;28687;4846;4.8;0.8
22;2021-02-17;1202;2400;29889;7246;5.0;1.2
22;2021-02-18;2142;2919;32031;10165;5.4;1.7
22;2021-02-19;1637;1855;33668;12020;5.6;2.0
22;2021-02-20;480;180;34148;12200;5.7;2.0
22;2021-02-21;6;49;34154;12249;5.7;2.1
22;2021-02-22;403;615;34557;12864;5.8;2.2
22;2021-02-23;665;834;35222;13698;5.9;2.3
22;2021-02-24;695;829;35917;14527;6.0;2.4
22;2021-02-25;1200;1074;37117;15601;6.2;2.6
22;2021-02-26;1067;630;38184;16231;6.4;2.7
22;2021-02-27;564;245;38748;16476;6.5;2.8
22;2021-02-28;16;8;38764;16484;6.5;2.8
22;2021-03-01;958;474;39722;16958;6.7;2.8
22;2021-03-02;1206;784;40928;17742;6.9;3.0
22;2021-03-03;1325;790;42253;18532;7.1;3.1
22;2021-03-04;1600;842;43853;19374;7.4;3.2
22;2021-03-05;2108;741;45961;20115;7.7;3.4
22;2021-03-06;1114;270;47075;20385;7.9;3.4
22;2021-03-07;219;1;47294;20386;7.9;3.4
22;2021-03-08;1291;626;48585;21012;8.1;3.5
22;2021-03-09;1824;723;50409;21735;8.5;3.6
22;2021-03-10;1987;987;52396;22722;8.8;3.8
22;2021-03-11;2377;1635;54773;24357;9.2;4.1
22;2021-03-12;3102;952;57875;25309;9.7;4.2
22;2021-03-13;1720;286;59595;25595;10.0;4.3
22;2021-03-14;245;23;59840;25618;10.0;4.3
22;2021-03-15;1620;558;61460;26176;10.3;4.4
22;2021-03-16;1603;846;63063;27022;10.6;4.5
22;2021-03-17;2650;697;65713;27719;11.0;4.6
22;2021-03-18;2552;1105;68265;28824;11.5;4.8
22;2021-03-19;3282;794;71547;29618;12.0;5.0
22;2021-03-20;2208;283;73755;29901;12.4;5.0
22;2021-03-21;16;0;73771;29901;12.4;5.0
22;2021-03-22;2364;362;76135;30263;12.8;5.1
22;2021-03-23;3142;783;79277;31046;13.3;5.2
22;2021-03-24;3485;683;82762;31729;13.9;5.3
22;2021-03-25;3962;606;86724;32335;14.5;5.4
22;2021-03-26;4003;484;90727;32819;15.2;5.5
22;2021-03-27;2088;180;92815;32999;15.6;5.5
22;2021-03-28;67;1;92882;33000;15.6;5.5
22;2021-03-29;2766;908;95648;33908;16.0;5.7
22;2021-03-30;3568;1153;99216;35061;16.6;5.9
22;2021-03-31;3676;1083;102892;36144;17.3;6.1
22;2021-04-01;4944;1130;107836;37274;18.1;6.3
22;2021-04-02;4391;1034;112227;38308;18.8;6.4
22;2021-04-03;1997;403;114224;38711;19.2;6.5
22;2021-04-04;37;0;114261;38711;19.2;6.5
22;2021-04-05;15;0;114276;38711;19.2;6.5
22;2021-04-06;3291;1137;117567;39848;19.7;6.7
22;2021-04-07;3431;1367;120998;41215;20.3;6.9
22;2021-04-08;4448;1322;125446;42537;21.0;7.1
22;2021-04-09;5184;1359;130630;43896;21.9;7.4
22;2021-04-10;2446;365;133076;44261;22.3;7.4
22;2021-04-11;485;10;133561;44271;22.4;7.4
22;2021-04-12;2987;1006;136548;45277;22.9;7.6
22;2021-04-13;3320;1518;139868;46795;23.5;7.8
22;2021-04-14;3169;2483;143037;49278;24.0;8.3
22;2021-04-15;3600;2431;146637;51709;24.6;8.7
22;2021-04-16;3632;2485;150269;54194;25.2;9.1
22;2021-04-17;1920;1792;152189;55986;25.5;9.4
22;2021-04-18;17;0;152206;55986;25.5;9.4
22;2021-04-19;3022;2148;155228;58134;26.0;9.8
22;2021-04-20;3312;2796;158540;60930;26.6;10.2
22;2021-04-21;3223;2733;161763;63663;27.1;10.7
22;2021-04-22;3593;3132;165356;66795;27.7;11.2
22;2021-04-23;3729;3173;169085;69968;28.4;11.7
22;2021-04-24;2006;1962;171091;71930;28.7;12.1
22;2021-04-25;17;0;171108;71930;28.7;12.1
22;2021-04-26;3213;2854;174321;74784;29.2;12.5
22;2021-04-27;3373;3134;177694;77918;29.8;13.1
22;2021-04-28;3489;3154;181183;81072;30.4;13.6
22;2021-04-29;4081;3251;185264;84323;31.1;14.1
22;2021-04-30;3905;3222;189169;87545;31.7;14.7
22;2021-05-01;60;69;189229;87614;31.7;14.7
22;2021-05-02;1237;60;190466;87674;31.9;14.7
22;2021-05-03;2030;2711;192496;90385;32.3;15.2
22;2021-05-04;2154;2898;194650;93283;32.6;15.6
22;2021-05-05;2050;3005;196700;96288;33.0;16.2
22;2021-05-06;2509;3492;199209;99780;33.4;16.7
22;2021-05-07;2831;3401;202040;103181;33.9;17.3
22;2021-05-08;45;120;202085;103301;33.9;17.3
22;2021-05-09;602;438;202687;103739;34.0;17.4
22;2021-05-10;4474;2730;207161;106469;34.7;17.9
22;2021-05-11;5107;2894;212268;109363;35.6;18.3
22;2021-05-12;6600;1018;218868;110381;36.7;18.5
22;2021-05-13;528;35;219396;110416;36.8;18.5
22;2021-05-14;6408;1080;225804;111496;37.9;18.7
22;2021-05-15;3988;419;229792;111915;38.5;18.8
22;2021-05-16;419;37;230211;111952;38.6;18.8
22;2021-05-17;5669;519;235880;112471;39.6;18.9
22;2021-05-18;6010;947;241890;113418;40.6;19.0
22;2021-05-19;6131;704;248021;114122;41.6;19.1
22;2021-05-20;6586;1370;254607;115492;42.7;19.4
22;2021-05-21;5897;1452;260504;116944;43.7;19.6
22;2021-05-22;4092;773;264596;117717;44.4;19.7
22;2021-05-23;407;17;265003;117734;44.4;19.7
22;2021-05-24;5313;225;270316;117959;45.3;19.8
22;2021-05-25;5637;1173;275953;119132;46.3;20.0
22;2021-05-26;4222;2807;280175;121939;47.0;20.5
22;2021-05-27;4506;3833;284681;125772;47.8;21.1
22;2021-05-28;4384;4421;289065;130193;48.5;21.8
22;2021-05-29;3046;1770;292111;131963;49.0;22.1
22;2021-05-30;19;7;292130;131970;49.0;22.1
22;2021-05-31;3654;3151;295784;135121;49.6;22.7
22;2021-06-01;3523;3686;299307;138807;50.2;23.3
22;2021-06-02;3086;3382;302393;142189;50.7;23.8
22;2021-06-03;3197;4094;305590;146283;51.3;24.5
22;2021-06-04;3373;4542;308963;150825;51.8;25.3
22;2021-06-05;3543;2026;312506;152851;52.4;25.6
22;2021-06-06;214;30;312720;152881;52.5;25.6
22;2021-06-07;3046;3253;315766;156134;53.0;26.2
22;2021-06-08;2800;3528;318566;159662;53.4;26.8
22;2021-06-09;2543;3507;321109;163169;53.9;27.4
22;2021-06-10;2517;4250;323626;167419;54.3;28.1
22;2021-06-11;2552;4228;326178;171647;54.7;28.8
22;2021-06-12;2414;1455;328592;173102;55.1;29.0
22;2021-06-13;133;1093;328725;174195;55.1;29.2
22;2021-06-14;2644;2464;331369;176659;55.6;29.6
22;2021-06-15;3096;2996;334465;179655;56.1;30.1
22;2021-06-16;3008;2805;337473;182460;56.6;30.6
22;2021-06-17;2563;3174;340036;185634;57.0;31.1
22;2021-06-18;3099;4114;343135;189748;57.6;31.8
22;2021-06-19;2986;1455;346121;191203;58.1;32.1
22;2021-06-20;155;8;346276;191211;58.1;32.1
22;2021-06-21;1782;5021;348058;196232;58.4;32.9
22;2021-06-22;2403;5554;350461;201786;58.8;33.8
22;2021-06-23;1284;6204;351745;207990;59.0;34.9
22;2021-06-24;2578;3912;354323;211902;59.4;35.5
22;2021-06-25;1568;6811;355891;218713;59.7;36.7
22;2021-06-26;783;3855;356674;222568;59.8;37.3
22;2021-06-27;4;511;356678;223079;59.8;37.4
22;2021-06-28;1051;5585;357729;228664;60.0;38.4
22;2021-06-29;1375;5952;359104;234616;60.2;39.4
22;2021-06-30;1130;5737;360234;240353;60.4;40.3
22;2021-07-01;1383;6035;361617;246388;60.7;41.3
22;2021-07-02;1712;6091;363329;252479;60.9;42.3
22;2021-07-03;1008;3819;364337;256298;61.1;43.0
22;2021-07-04;149;365;364486;256663;61.1;43.1
22;2021-07-05;1597;5803;366083;262466;61.4;44.0
22;2021-07-06;2315;5994;368398;268460;61.8;45.0
22;2021-07-07;2294;4933;370692;273393;62.2;45.9
22;2021-07-08;2503;5098;373195;278491;62.6;46.7
22;2021-07-09;2498;5385;375693;283876;63.0;47.6
22;2021-07-10;1808;3357;377501;287233;63.3;48.2
22;2021-07-11;484;74;377985;287307;63.4;48.2
22;2021-07-12;2333;4731;380318;292038;63.8;49.0
22;2021-07-13;3783;5056;384101;297094;64.4;49.8
22;2021-07-14;700;2495;384801;299589;64.5;50.3
22;2021-07-15;3869;4620;388670;304209;65.2;51.0
22;2021-07-16;3835;5288;392505;309497;65.8;51.9
22;2021-07-17;2555;3411;395060;312908;66.3;52.5
22;2021-07-18;570;87;395630;312995;66.4;52.5
22;2021-07-19;2771;4105;398401;317100;66.8;53.2
22;2021-07-20;3922;4132;402323;321232;67.5;53.9
22;2021-07-21;3997;3411;406320;324643;68.2;54.5
22;2021-07-22;4858;3704;411178;328347;69.0;55.1
22;2021-07-23;4452;4218;415630;332565;69.7;55.8
22;2021-07-24;2261;2616;417891;335181;70.1;56.2
22;2021-07-25;118;149;418009;335330;70.1;56.2
22;2021-07-26;3023;3920;421032;339250;70.6;56.9
22;2021-07-27;3722;4913;424754;344163;71.2;57.7
22;2021-07-28;3706;3657;428460;347820;71.9;58.3
22;2021-07-29;4291;3779;432751;351599;72.6;59.0
22;2021-07-30;4036;3975;436787;355574;73.3;59.6
22;2021-07-31;2402;2805;439189;358379;73.7;60.1
22;2021-08-01;117;151;439306;358530;73.7;60.1
22;2021-08-02;4664;2548;443970;361078;74.5;60.6
22;2021-08-03;4781;3426;448751;364504;75.3;61.1
22;2021-08-04;5758;2498;454509;367002;76.2;61.6
22;2021-08-05;4118;3806;458627;370808;76.9;62.2
22;2021-08-06;3646;3813;462273;374621;77.5;62.8
22;2021-08-07;2348;2264;464621;376885;77.9;63.2
22;2021-08-08;423;71;465044;376956;78.0;63.2
22;2021-08-09;2715;2704;467759;379660;78.5;63.7
22;2021-08-10;2709;3510;470468;383170;78.9;64.3
22;2021-08-11;2401;3115;472869;386285;79.3;64.8
22;2021-08-12;2184;3479;475053;389764;79.7;65.4
22;2021-08-13;1895;2973;476948;392737;80.0;65.9
22;2021-08-14;1322;1913;478270;394650;80.2;66.2
22;2021-08-15;85;198;478355;394848;80.2;66.2
22;2021-08-16;1460;3181;479815;398029;80.5;66.8
22;2021-08-17;1742;3460;481557;401489;80.8;67.3
22;2021-08-18;1399;3305;482956;404794;81.0;67.9
22;2021-08-19;1312;3607;484268;408401;81.2;68.5
22;2021-08-20;1443;3599;485711;412000;81.5;69.1
22;2021-08-21;804;2259;486515;414259;81.6;69.5
22;2021-08-22;151;308;486666;414567;81.6;69.5
22;2021-08-23;1951;3611;488617;418178;82.0;70.1
22;2021-08-24;1420;3247;490037;421425;82.2;70.7
22;2021-08-25;838;2508;490875;423933;82.3;71.1
22;2021-08-26;1052;4292;491927;428225;82.5;71.8
22;2021-08-27;1308;4601;493235;432826;82.7;72.6
22;2021-08-28;727;2518;493962;435344;82.9;73.0
22;2021-08-29;35;26;493997;435370;82.9;73.0
22;2021-08-30;919;2965;494916;438335;83.0;73.5
22;2021-08-31;963;3796;495879;442131;83.2;74.2
22;2021-09-01;953;3409;496832;445540;83.3;74.7
22;2021-09-02;827;3036;497659;448576;83.5;75.2
22;2021-09-03;931;3047;498590;451623;83.6;75.8
22;2021-09-04;778;2720;499368;454343;83.8;76.2
22;2021-09-05;95;47;499463;454390;83.8;76.2
22;2021-09-06;486;2153;499949;456543;83.9;76.6
22;2021-09-07;507;2273;500456;458816;83.9;77.0
22;2021-09-08;614;2172;501070;460988;84.0;77.3
22;2021-09-09;676;2292;501746;463280;84.2;77.7
23;2020-12-27;0;0;0;0;0.0;0.0
23;2020-12-28;1;0;1;0;0.0;0.0
23;2020-12-29;0;0;1;0;0.0;0.0
23;2020-12-30;0;0;1;0;0.0;0.0
23;2020-12-31;0;0;1;0;0.0;0.0
23;2021-01-01;0;0;1;0;0.0;0.0
23;2021-01-02;1;0;2;0;0.0;0.0
23;2021-01-03;0;0;2;0;0.0;0.0
23;2021-01-04;1;0;3;0;0.0;0.0
23;2021-01-05;3;0;6;0;0.0;0.0
23;2021-01-06;10;0;16;0;0.0;0.0
23;2021-01-07;116;1;132;1;0.1;0.0
23;2021-01-08;117;0;249;1;0.2;0.0
23;2021-01-09;36;0;285;1;0.2;0.0
23;2021-01-10;1;0;286;1;0.2;0.0
23;2021-01-11;176;1;462;2;0.4;0.0
23;2021-01-12;238;3;700;5;0.6;0.0
23;2021-01-13;308;0;1008;5;0.9;0.0
23;2021-01-14;293;4;1301;9;1.1;0.0
23;2021-01-15;334;5;1635;14;1.4;0.0
23;2021-01-16;163;1;1798;15;1.5;0.0
23;2021-01-17;0;0;1798;15;1.5;0.0
23;2021-01-18;342;3;2140;18;1.8;0.0
23;2021-01-19;498;2;2638;20;2.3;0.0
23;2021-01-20;362;1;3000;21;2.6;0.0
23;2021-01-21;698;1;3698;22;3.2;0.0
23;2021-01-22;479;0;4177;22;3.6;0.0
23;2021-01-23;368;1;4545;23;3.9;0.0
23;2021-01-24;0;0;4545;23;3.9;0.0
23;2021-01-25;382;17;4927;40;4.2;0.0
23;2021-01-26;301;5;5228;45;4.5;0.0
23;2021-01-27;228;2;5456;47;4.7;0.0
23;2021-01-28;232;35;5688;82;4.9;0.1
23;2021-01-29;303;100;5991;182;5.2;0.2
23;2021-01-30;100;25;6091;207;5.2;0.2
23;2021-01-31;2;33;6093;240;5.2;0.2
23;2021-02-01;148;83;6241;323;5.4;0.3
23;2021-02-02;157;111;6398;434;5.5;0.4
23;2021-02-03;105;183;6503;617;5.6;0.5
23;2021-02-04;78;253;6581;870;5.7;0.7
23;2021-02-05;117;283;6698;1153;5.8;1.0
23;2021-02-06;14;147;6712;1300;5.8;1.1
23;2021-02-07;1;0;6713;1300;5.8;1.1
23;2021-02-08;124;181;6837;1481;5.9;1.3
23;2021-02-09;89;271;6926;1752;6.0;1.5
23;2021-02-10;92;249;7018;2001;6.0;1.7
23;2021-02-11;245;576;7263;2577;6.2;2.2
23;2021-02-12;174;266;7437;2843;6.4;2.4
23;2021-02-13;8;183;7445;3026;6.4;2.6
23;2021-02-14;8;0;7453;3026;6.4;2.6
23;2021-02-15;157;326;7610;3352;6.5;2.9
23;2021-02-16;103;392;7713;3744;6.6;3.2
23;2021-02-17;65;424;7778;4168;6.7;3.6
23;2021-02-18;142;326;7920;4494;6.8;3.9
23;2021-02-19;109;222;8029;4716;6.9;4.1
23;2021-02-20;2;86;8031;4802;6.9;4.1
23;2021-02-21;0;0;8031;4802;6.9;4.1
23;2021-02-22;104;188;8135;4990;7.0;4.3
23;2021-02-23;109;183;8244;5173;7.1;4.4
23;2021-02-24;176;147;8420;5320;7.2;4.6
23;2021-02-25;184;95;8604;5415;7.4;4.7
23;2021-02-26;287;159;8891;5574;7.6;4.8
23;2021-02-27;112;11;9003;5585;7.7;4.8
23;2021-02-28;1;31;9004;5616;7.7;4.8
23;2021-03-01;88;184;9092;5800;7.8;5.0
23;2021-03-02;229;119;9321;5919;8.0;5.1
23;2021-03-03;133;80;9454;5999;8.1;5.2
23;2021-03-04;307;136;9761;6135;8.4;5.3
23;2021-03-05;517;105;10278;6240;8.8;5.4
23;2021-03-06;494;7;10772;6247;9.3;5.4
23;2021-03-07;313;3;11085;6250;9.5;5.4
23;2021-03-08;197;71;11282;6321;9.7;5.4
23;2021-03-09;421;102;11703;6423;10.1;5.5
23;2021-03-10;348;38;12051;6461;10.4;5.6
23;2021-03-11;324;44;12375;6505;10.6;5.6
23;2021-03-12;618;35;12993;6540;11.2;5.6
23;2021-03-13;287;12;13280;6552;11.4;5.6
23;2021-03-14;47;34;13327;6586;11.5;5.7
23;2021-03-15;220;125;13547;6711;11.7;5.8
23;2021-03-16;192;86;13739;6797;11.8;5.8
23;2021-03-17;131;99;13870;6896;11.9;5.9
23;2021-03-18;193;95;14063;6991;12.1;6.0
23;2021-03-19;207;120;14270;7111;12.3;6.1
23;2021-03-20;631;37;14901;7148;12.8;6.1
23;2021-03-21;128;0;15029;7148;12.9;6.1
23;2021-03-22;274;157;15303;7305;13.2;6.3
23;2021-03-23;504;103;15807;7408;13.6;6.4
23;2021-03-24;423;124;16230;7532;14.0;6.5
23;2021-03-25;820;188;17050;7720;14.7;6.6
23;2021-03-26;735;194;17785;7914;15.3;6.8
23;2021-03-27;505;50;18290;7964;15.7;6.8
23;2021-03-28;3;9;18293;7973;15.7;6.9
23;2021-03-29;358;108;18651;8081;16.0;7.0
23;2021-03-30;537;178;19188;8259;16.5;7.1
23;2021-03-31;411;173;19599;8432;16.9;7.3
23;2021-04-01;600;171;20199;8603;17.4;7.4
23;2021-04-02;498;298;20697;8901;17.8;7.7
23;2021-04-03;715;44;21412;8945;18.4;7.7
23;2021-04-04;4;0;21416;8945;18.4;7.7
23;2021-04-05;2;3;21418;8948;18.4;7.7
23;2021-04-06;382;293;21800;9241;18.7;7.9
23;2021-04-07;707;309;22507;9550;19.4;8.2
23;2021-04-08;805;236;23312;9786;20.0;8.4
23;2021-04-09;940;368;24252;10154;20.9;8.7
23;2021-04-10;1097;111;25349;10265;21.8;8.8
23;2021-04-11;21;2;25370;10267;21.8;8.8
23;2021-04-12;692;236;26062;10503;22.4;9.0
23;2021-04-13;669;302;26731;10805;23.0;9.3
23;2021-04-14;586;178;27317;10983;23.5;9.4
23;2021-04-15;930;185;28247;11168;24.3;9.6
23;2021-04-16;902;212;29149;11380;25.1;9.8
23;2021-04-17;996;553;30145;11933;25.9;10.3
23;2021-04-18;3;136;30148;12069;25.9;10.4
23;2021-04-19;613;297;30761;12366;26.5;10.6
23;2021-04-20;721;292;31482;12658;27.1;10.9
23;2021-04-21;733;397;32215;13055;27.7;11.2
23;2021-04-22;657;472;32872;13527;28.3;11.6
23;2021-04-23;596;345;33468;13872;28.8;11.9
23;2021-04-24;855;448;34323;14320;29.5;12.3
23;2021-04-25;0;0;34323;14320;29.5;12.3
23;2021-04-26;616;252;34939;14572;30.0;12.5
23;2021-04-27;675;424;35614;14996;30.6;12.9
23;2021-04-28;628;277;36242;15273;31.2;13.1
23;2021-04-29;883;379;37125;15652;31.9;13.5
23;2021-04-30;719;784;37844;16436;32.5;14.1
23;2021-05-01;1229;42;39073;16478;33.6;14.2
23;2021-05-02;14;0;39087;16478;33.6;14.2
23;2021-05-03;434;520;39521;16998;34.0;14.6
23;2021-05-04;617;513;40138;17511;34.5;15.1
23;2021-05-05;540;713;40678;18224;35.0;15.7
23;2021-05-06;728;699;41406;18923;35.6;16.3
23;2021-05-07;685;643;42091;19566;36.2;16.8
23;2021-05-08;1411;588;43502;20154;37.4;17.3
23;2021-05-09;4;0;43506;20154;37.4;17.3
23;2021-05-10;555;656;44061;20810;37.9;17.9
23;2021-05-11;560;764;44621;21574;38.4;18.6
23;2021-05-12;720;662;45341;22236;39.0;19.1
23;2021-05-13;537;56;45878;22292;39.5;19.2
23;2021-05-14;788;458;46666;22750;40.1;19.6
23;2021-05-15;995;235;47661;22985;41.0;19.8
23;2021-05-16;0;0;47661;22985;41.0;19.8
23;2021-05-17;568;448;48229;23433;41.5;20.2
23;2021-05-18;777;292;49006;23725;42.1;20.4
23;2021-05-19;1051;259;50057;23984;43.1;20.6
23;2021-05-20;837;315;50894;24299;43.8;20.9
23;2021-05-21;1108;311;52002;24610;44.7;21.2
23;2021-05-22;740;125;52742;24735;45.4;21.3
23;2021-05-23;3;20;52745;24755;45.4;21.3
23;2021-05-24;363;166;53108;24921;45.7;21.4
23;2021-05-25;908;336;54016;25257;46.5;21.7
23;2021-05-26;1078;227;55094;25484;47.4;21.9
23;2021-05-27;932;438;56026;25922;48.2;22.3
23;2021-05-28;781;743;56807;26665;48.9;22.9
23;2021-05-29;638;1101;57445;27766;49.4;23.9
23;2021-05-30;6;63;57451;27829;49.4;23.9
23;2021-05-31;433;539;57884;28368;49.8;24.4
23;2021-06-01;583;827;58467;29195;50.3;25.1
23;2021-06-02;625;520;59092;29715;50.8;25.6
23;2021-06-03;709;552;59801;30267;51.4;26.0
23;2021-06-04;779;614;60580;30881;52.1;26.6
23;2021-06-05;545;777;61125;31658;52.6;27.2
23;2021-06-06;0;0;61125;31658;52.6;27.2
23;2021-06-07;393;697;61518;32355;52.9;27.8
23;2021-06-08;323;777;61841;33132;53.2;28.5
23;2021-06-09;287;649;62128;33781;53.4;29.1
23;2021-06-10;374;689;62502;34470;53.8;29.6
23;2021-06-11;384;808;62886;35278;54.1;30.3
23;2021-06-12;377;1266;63263;36544;54.4;31.4
23;2021-06-13;13;5;63276;36549;54.4;31.4
23;2021-06-14;235;590;63511;37139;54.6;31.9
23;2021-06-15;231;860;63742;37999;54.8;32.7
23;2021-06-16;362;579;64104;38578;55.1;33.2
23;2021-06-17;339;810;64443;39388;55.4;33.9
23;2021-06-18;356;767;64799;40155;55.7;34.5
23;2021-06-19;492;1523;65291;41678;56.2;35.8
23;2021-06-20;2;11;65293;41689;56.2;35.9
23;2021-06-21;205;620;65498;42309;56.3;36.4
23;2021-06-22;216;687;65714;42996;56.5;37.0
23;2021-06-23;221;750;65935;43746;56.7;37.6
23;2021-06-24;200;606;66135;44352;56.9;38.1
23;2021-06-25;302;815;66437;45167;57.1;38.8
23;2021-06-26;221;999;66658;46166;57.3;39.7
23;2021-06-27;3;0;66661;46166;57.3;39.7
23;2021-06-28;115;693;66776;46859;57.4;40.3
23;2021-06-29;189;823;66965;47682;57.6;41.0
23;2021-06-30;169;944;67134;48626;57.7;41.8
23;2021-07-01;168;870;67302;49496;57.9;42.6
23;2021-07-02;192;1069;67494;50565;58.0;43.5
23;2021-07-03;250;979;67744;51544;58.3;44.3
23;2021-07-04;1;0;67745;51544;58.3;44.3
23;2021-07-05;160;805;67905;52349;58.4;45.0
23;2021-07-06;214;1043;68119;53392;58.6;45.9
23;2021-07-07;210;850;68329;54242;58.8;46.7
23;2021-07-08;254;740;68583;54982;59.0;47.3
23;2021-07-09;275;1012;68858;55994;59.2;48.2
23;2021-07-10;234;644;69092;56638;59.4;48.7
23;2021-07-11;0;0;69092;56638;59.4;48.7
23;2021-07-12;232;702;69324;57340;59.6;49.3
23;2021-07-13;471;917;69795;58257;60.0;50.1
23;2021-07-14;212;320;70007;58577;60.2;50.4
23;2021-07-15;481;810;70488;59387;60.6;51.1
23;2021-07-16;765;568;71253;59955;61.3;51.6
23;2021-07-17;220;478;71473;60433;61.5;52.0
23;2021-07-18;0;1;71473;60434;61.5;52.0
23;2021-07-19;704;630;72177;61064;62.1;52.5
23;2021-07-20;633;568;72810;61632;62.6;53.0
23;2021-07-21;702;635;73512;62267;63.2;53.6
23;2021-07-22;945;437;74457;62704;64.0;53.9
23;2021-07-23;842;508;75299;63212;64.8;54.4
23;2021-07-24;1013;439;76312;63651;65.6;54.7
23;2021-07-25;13;16;76325;63667;65.6;54.8
23;2021-07-26;787;566;77112;64233;66.3;55.2
23;2021-07-27;929;436;78041;64669;67.1;55.6
23;2021-07-28;878;412;78919;65081;67.9;56.0
23;2021-07-29;1050;400;79969;65481;68.8;56.3
23;2021-07-30;947;522;80916;66003;69.6;56.8
23;2021-07-31;1166;306;82082;66309;70.6;57.0
23;2021-08-01;19;8;82101;66317;70.6;57.0
23;2021-08-02;673;506;82774;66823;71.2;57.5
23;2021-08-03;767;459;83541;67282;71.9;57.9
23;2021-08-04;612;297;84153;67579;72.4;58.1
23;2021-08-05;692;364;84845;67943;73.0;58.4
23;2021-08-06;422;483;85267;68426;73.3;58.9
23;2021-08-07;299;189;85566;68615;73.6;59.0
23;2021-08-08;146;38;85712;68653;73.7;59.0
23;2021-08-09;493;492;86205;69145;74.1;59.5
23;2021-08-10;467;608;86672;69753;74.5;60.0
23;2021-08-11;426;488;87098;70241;74.9;60.4
23;2021-08-12;513;567;87611;70808;75.4;60.9
23;2021-08-13;418;578;88029;71386;75.7;61.4
23;2021-08-14;287;390;88316;71776;76.0;61.7
23;2021-08-15;27;9;88343;71785;76.0;61.7
23;2021-08-16;277;711;88620;72496;76.2;62.4
23;2021-08-17;278;730;88898;73226;76.5;63.0
23;2021-08-18;179;635;89077;73861;76.6;63.5
23;2021-08-19;257;727;89334;74588;76.8;64.2
23;2021-08-20;213;682;89547;75270;77.0;64.7
23;2021-08-21;140;499;89687;75769;77.1;65.2
23;2021-08-22;54;48;89741;75817;77.2;65.2
23;2021-08-23;149;818;89890;76635;77.3;65.9
23;2021-08-24;262;911;90152;77546;77.5;66.7
23;2021-08-25;185;791;90337;78337;77.7;67.4
23;2021-08-26;215;744;90552;79081;77.9;68.0
23;2021-08-27;213;641;90765;79722;78.1;68.6
23;2021-08-28;219;454;90984;80176;78.3;69.0
23;2021-08-29;15;88;90999;80264;78.3;69.0
23;2021-08-30;187;665;91186;80929;78.4;69.6
23;2021-08-31;228;671;91414;81600;78.6;70.2
23;2021-09-01;160;427;91574;82027;78.8;70.5
23;2021-09-02;117;346;91691;82373;78.9;70.8
23;2021-09-03;207;583;91898;82956;79.0;71.3
23;2021-09-04;179;846;92077;83802;79.2;72.1
23;2021-09-05;5;7;92082;83809;79.2;72.1
23;2021-09-06;131;489;92213;84298;79.3;72.5
23;2021-09-07;96;526;92309;84824;79.4;73.0
23;2021-09-08;120;487;92429;85311;79.5;73.4
23;2021-09-09;114;392;92543;85703;79.6;73.7
24;2020-12-27;0;0;0;0;0.0;0.0
24;2020-12-28;1;0;1;0;0.0;0.0
24;2020-12-29;2;0;3;0;0.0;0.0
24;2020-12-30;1;0;4;0;0.0;0.0
24;2020-12-31;1;0;5;0;0.0;0.0
24;2021-01-01;1;0;6;0;0.0;0.0
24;2021-01-02;0;0;6;0;0.0;0.0
24;2021-01-03;0;0;6;0;0.0;0.0
24;2021-01-04;1;0;7;0;0.0;0.0
24;2021-01-05;1;0;8;0;0.0;0.0
24;2021-01-06;2;0;10;0;0.0;0.0
24;2021-01-07;190;0;200;0;0.0;0.0
24;2021-01-08;282;0;482;0;0.1;0.0
24;2021-01-09;185;13;667;13;0.2;0.0
24;2021-01-10;35;0;702;13;0.2;0.0
24;2021-01-11;269;0;971;13;0.2;0.0
24;2021-01-12;280;0;1251;13;0.3;0.0
24;2021-01-13;233;0;1484;13;0.4;0.0
24;2021-01-14;1018;22;2502;35;0.6;0.0
24;2021-01-15;605;4;3107;39;0.8;0.0
24;2021-01-16;87;0;3194;39;0.8;0.0
24;2021-01-17;2;1;3196;40;0.8;0.0
24;2021-01-18;300;0;3496;40;0.9;0.0
24;2021-01-19;468;1;3964;41;1.0;0.0
24;2021-01-20;555;0;4519;41;1.1;0.0
24;2021-01-21;645;6;5164;47;1.3;0.0
24;2021-01-22;514;1;5678;48;1.4;0.0
24;2021-01-23;152;1;5830;49;1.4;0.0
24;2021-01-24;3;0;5833;49;1.4;0.0
24;2021-01-25;442;0;6275;49;1.5;0.0
24;2021-01-26;638;66;6913;115;1.7;0.0
24;2021-01-27;1267;12;8180;127;2.0;0.0
24;2021-01-28;983;127;9163;254;2.2;0.1
24;2021-01-29;932;138;10095;392;2.5;0.1
24;2021-01-30;282;1;10377;393;2.5;0.1
24;2021-01-31;0;0;10377;393;2.5;0.1
24;2021-02-01;377;164;10754;557;2.6;0.1
24;2021-02-02;616;290;11370;847;2.8;0.2
24;2021-02-03;653;443;12023;1290;2.9;0.3
24;2021-02-04;978;384;13001;1674;3.2;0.4
24;2021-02-05;690;369;13691;2043;3.4;0.5
24;2021-02-06;141;35;13832;2078;3.4;0.5
24;2021-02-07;33;1;13865;2079;3.4;0.5
24;2021-02-08;309;227;14174;2306;3.5;0.6
24;2021-02-09;454;230;14628;2536;3.6;0.6
24;2021-02-10;378;102;15006;2638;3.7;0.6
24;2021-02-11;561;490;15567;3128;3.8;0.8
24;2021-02-12;495;378;16062;3506;3.9;0.9
24;2021-02-13;202;43;16264;3549;4.0;0.9
24;2021-02-14;89;0;16353;3549;4.0;0.9
24;2021-02-15;187;206;16540;3755;4.1;0.9
24;2021-02-16;336;472;16876;4227;4.1;1.0
24;2021-02-17;584;797;17460;5024;4.3;1.2
24;2021-02-18;443;668;17903;5692;4.4;1.4
24;2021-02-19;462;654;18365;6346;4.5;1.6
24;2021-02-20;163;114;18528;6460;4.5;1.6
24;2021-02-21;109;0;18637;6460;4.6;1.6
24;2021-02-22;426;475;19063;6935;4.7;1.7
24;2021-02-23;562;617;19625;7552;4.8;1.8
24;2021-02-24;538;763;20163;8315;4.9;2.0
24;2021-02-25;728;803;20891;9118;5.1;2.2
24;2021-02-26;977;889;21868;10007;5.4;2.5
24;2021-02-27;363;251;22231;10258;5.4;2.5
24;2021-02-28;25;4;22256;10262;5.4;2.5
24;2021-03-01;292;334;22548;10596;5.5;2.6
24;2021-03-02;539;389;23087;10985;5.7;2.7
24;2021-03-03;681;309;23768;11294;5.8;2.8
24;2021-03-04;914;480;24682;11774;6.0;2.9
24;2021-03-05;1067;537;25749;12311;6.3;3.0
24;2021-03-06;1127;136;26876;12447;6.6;3.0
24;2021-03-07;232;63;27108;12510;6.6;3.1
24;2021-03-08;531;246;27639;12756;6.8;3.1
24;2021-03-09;1173;427;28812;13183;7.1;3.2
24;2021-03-10;1142;440;29954;13623;7.3;3.3
24;2021-03-11;1605;458;31559;14081;7.7;3.4
24;2021-03-12;2052;438;33611;14519;8.2;3.6
24;2021-03-13;1348;193;34959;14712;8.6;3.6
24;2021-03-14;141;93;35100;14805;8.6;3.6
24;2021-03-15;954;168;36054;14973;8.8;3.7
24;2021-03-16;1143;229;37197;15202;9.1;3.7
24;2021-03-17;1218;281;38415;15483;9.4;3.8
24;2021-03-18;1055;556;39470;16039;9.7;3.9
24;2021-03-19;1252;533;40722;16572;10.0;4.1
24;2021-03-20;1055;144;41777;16716;10.2;4.1
24;2021-03-21;25;11;41802;16727;10.2;4.1
24;2021-03-22;1224;423;43026;17150;10.5;4.2
24;2021-03-23;1881;398;44907;17548;11.0;4.3
24;2021-03-24;1891;382;46798;17930;11.5;4.4
24;2021-03-25;1991;471;48789;18401;11.9;4.5
24;2021-03-26;2374;282;51163;18683;12.5;4.6
24;2021-03-27;1349;42;52512;18725;12.9;4.6
24;2021-03-28;63;9;52575;18734;12.9;4.6
24;2021-03-29;1673;327;54248;19061;13.3;4.7
24;2021-03-30;2410;390;56658;19451;13.9;4.8
24;2021-03-31;2183;308;58841;19759;14.4;4.8
24;2021-04-01;2197;308;61038;20067;14.9;4.9
24;2021-04-02;2071;395;63109;20462;15.5;5.0
24;2021-04-03;1376;122;64485;20584;15.8;5.0
24;2021-04-04;74;1;64559;20585;15.8;5.0
24;2021-04-05;947;59;65506;20644;16.0;5.1
24;2021-04-06;2354;701;67860;21345;16.6;5.2
24;2021-04-07;2717;692;70577;22037;17.3;5.4
24;2021-04-08;3007;959;73584;22996;18.0;5.6
24;2021-04-09;3488;1008;77072;24004;18.9;5.9
24;2021-04-10;2595;314;79667;24318;19.5;6.0
24;2021-04-11;1103;20;80770;24338;19.8;6.0
24;2021-04-12;2498;813;83268;25151;20.4;6.2
24;2021-04-13;2903;1201;86171;26352;21.1;6.5
24;2021-04-14;2939;1196;89110;27548;21.8;6.7
24;2021-04-15;2792;1102;91902;28650;22.5;7.0
24;2021-04-16;3266;973;95168;29623;23.3;7.3
24;2021-04-17;2273;501;97441;30124;23.9;7.4
24;2021-04-18;424;6;97865;30130;24.0;7.4
24;2021-04-19;1599;1013;99464;31143;24.4;7.6
24;2021-04-20;2269;1433;101733;32576;24.9;8.0
24;2021-04-21;2146;1443;103879;34019;25.4;8.3
24;2021-04-22;2060;1257;105939;35276;25.9;8.6
24;2021-04-23;1958;1335;107897;36611;26.4;9.0
24;2021-04-24;863;724;108760;37335;26.6;9.1
24;2021-04-25;54;4;108814;37339;26.6;9.1
24;2021-04-26;1296;1477;110110;38816;27.0;9.5
24;2021-04-27;1851;1880;111961;40696;27.4;10.0
24;2021-04-28;1507;1948;113468;42644;27.8;10.4
24;2021-04-29;1730;1886;115198;44530;28.2;10.9
24;2021-04-30;2272;1774;117470;46304;28.8;11.3
24;2021-05-01;2059;1066;119529;47370;29.3;11.6
24;2021-05-02;1924;215;121453;47585;29.7;11.7
24;2021-05-03;1474;1832;122927;49417;30.1;12.1
24;2021-05-04;2227;2298;125154;51715;30.6;12.7
24;2021-05-05;1891;2717;127045;54432;31.1;13.3
24;2021-05-06;1889;2797;128934;57229;31.6;14.0
24;2021-05-07;2267;2789;131201;60018;32.1;14.7
24;2021-05-08;1285;1152;132486;61170;32.4;15.0
24;2021-05-09;1169;903;133655;62073;32.7;15.2
24;2021-05-10;1098;2625;134753;64698;33.0;15.8
24;2021-05-11;2039;2782;136792;67480;33.5;16.5
24;2021-05-12;1924;2251;138716;69731;34.0;17.1
24;2021-05-13;1465;1216;140181;70947;34.3;17.4
24;2021-05-14;2378;1332;142559;72279;34.9;17.7
24;2021-05-15;2047;816;144606;73095;35.4;17.9
24;2021-05-16;1171;347;145777;73442;35.7;18.0
24;2021-05-17;2242;1252;148019;74694;36.2;18.3
24;2021-05-18;2484;1820;150503;76514;36.9;18.7
24;2021-05-19;2284;1376;152787;77890;37.4;19.1
24;2021-05-20;2375;1572;155162;79462;38.0;19.5
24;2021-05-21;2433;1415;157595;80877;38.6;19.8
24;2021-05-22;1719;411;159314;81288;39.0;19.9
24;2021-05-23;952;72;160266;81360;39.2;19.9
24;2021-05-24;1516;334;161782;81694;39.6;20.0
24;2021-05-25;2298;1384;164080;83078;40.2;20.3
24;2021-05-26;2149;1318;166229;84396;40.7;20.7
24;2021-05-27;1748;2194;167977;86590;41.1;21.2
24;2021-05-28;2145;2003;170122;88593;41.7;21.7
24;2021-05-29;1154;2083;171276;90676;41.9;22.2
24;2021-05-30;1418;171;172694;90847;42.3;22.2
24;2021-05-31;1744;1364;174438;92211;42.7;22.6
24;2021-06-01;2583;1979;177021;94190;43.3;23.1
24;2021-06-02;2654;1783;179675;95973;44.0;23.5
24;2021-06-03;2291;1460;181966;97433;44.6;23.9
24;2021-06-04;2381;1900;184347;99333;45.1;24.3
24;2021-06-05;2007;1415;186354;100748;45.6;24.7
24;2021-06-06;767;223;187121;100971;45.8;24.7
24;2021-06-07;1432;1497;188553;102468;46.2;25.1
24;2021-06-08;1678;1905;190231;104373;46.6;25.6
24;2021-06-09;1323;1596;191554;105969;46.9;25.9
24;2021-06-10;1577;1910;193131;107879;47.3;26.4
24;2021-06-11;1335;2079;194466;109958;47.6;26.9
24;2021-06-12;1120;2545;195586;112503;47.9;27.5
24;2021-06-13;1238;921;196824;113424;48.2;27.8
24;2021-06-14;1166;1858;197990;115282;48.5;28.2
24;2021-06-15;1486;2989;199476;118271;48.8;29.0
24;2021-06-16;1670;2732;201146;121003;49.3;29.6
24;2021-06-17;1544;2176;202690;123179;49.6;30.2
24;2021-06-18;1400;2859;204090;126038;50.0;30.9
24;2021-06-19;1274;1522;205364;127560;50.3;31.2
24;2021-06-20;514;501;205878;128061;50.4;31.4
24;2021-06-21;932;1834;206810;129895;50.6;31.8
24;2021-06-22;1452;2592;208262;132487;51.0;32.4
24;2021-06-23;1427;2421;209689;134908;51.3;33.0
24;2021-06-24;1138;1917;210827;136825;51.6;33.5
24;2021-06-25;968;2818;211795;139643;51.9;34.2
24;2021-06-26;866;2106;212661;141749;52.1;34.7
24;2021-06-27;402;979;213063;142728;52.2;34.9
24;2021-06-28;818;2482;213881;145210;52.4;35.6
24;2021-06-29;939;2868;214820;148078;52.6;36.3
24;2021-06-30;1113;2459;215933;150537;52.9;36.9
24;2021-07-01;1132;2303;217065;152840;53.2;37.4
24;2021-07-02;1099;2743;218164;155583;53.4;38.1
24;2021-07-03;811;1903;218975;157486;53.6;38.6
24;2021-07-04;410;1014;219385;158500;53.7;38.8
24;2021-07-05;795;2316;220180;160816;53.9;39.4
24;2021-07-06;880;3354;221060;164170;54.1;40.2
24;2021-07-07;1084;3043;222144;167213;54.4;40.9
24;2021-07-08;1342;2119;223486;169332;54.7;41.5
24;2021-07-09;1178;3218;224664;172550;55.0;42.3
24;2021-07-10;480;1963;225144;174513;55.1;42.7
24;2021-07-11;587;1189;225731;175702;55.3;43.0
24;2021-07-12;907;2518;226638;178220;55.5;43.6
24;2021-07-13;1324;3214;227962;181434;55.8;44.4
24;2021-07-14;618;1188;228580;182622;56.0;44.7
24;2021-07-15;1697;2777;230277;185399;56.4;45.4
24;2021-07-16;2149;2598;232426;187997;56.9;46.0
24;2021-07-17;1529;2236;233955;190233;57.3;46.6
24;2021-07-18;709;887;234664;191120;57.5;46.8
24;2021-07-19;1580;2188;236244;193308;57.8;47.3
24;2021-07-20;2020;2440;238264;195748;58.3;47.9
24;2021-07-21;1875;2329;240139;198077;58.8;48.5
24;2021-07-22;2351;2441;242490;200518;59.4;49.1
24;2021-07-23;2304;2623;244794;203141;59.9;49.7
24;2021-07-24;1808;1546;246602;204687;60.4;50.1
24;2021-07-25;816;874;247418;205561;60.6;50.3
24;2021-07-26;1573;2016;248991;207577;61.0;50.8
24;2021-07-27;2853;2291;251844;209868;61.7;51.4
24;2021-07-28;2764;1935;254608;211803;62.3;51.9
24;2021-07-29;3069;2238;257677;214041;63.1;52.4
24;2021-07-30;2467;1920;260144;215961;63.7;52.9
24;2021-07-31;1652;1565;261796;217526;64.1;53.3
24;2021-08-01;1118;654;262914;218180;64.4;53.4
24;2021-08-02;1943;1619;264857;219799;64.9;53.8
24;2021-08-03;2889;1905;267746;221704;65.6;54.3
24;2021-08-04;3080;1628;270826;223332;66.3;54.7
24;2021-08-05;3048;1437;273874;224769;67.1;55.0
24;2021-08-06;2536;1537;276410;226306;67.7;55.4
24;2021-08-07;1789;1118;278199;227424;68.1;55.7
24;2021-08-08;1105;684;279304;228108;68.4;55.9
24;2021-08-09;1741;1383;281045;229491;68.8;56.2
24;2021-08-10;2267;1781;283312;231272;69.4;56.6
24;2021-08-11;2275;1693;285587;232965;69.9;57.0
24;2021-08-12;1913;1958;287500;234923;70.4;57.5
24;2021-08-13;1530;1625;289030;236548;70.8;57.9
24;2021-08-14;1165;1241;290195;237789;71.1;58.2
24;2021-08-15;740;582;290935;238371;71.2;58.4
24;2021-08-16;1117;1705;292052;240076;71.5;58.8
24;2021-08-17;1628;2107;293680;242183;71.9;59.3
24;2021-08-18;1562;1919;295242;244102;72.3;59.8
24;2021-08-19;1122;2634;296364;246736;72.6;60.4
24;2021-08-20;1098;2427;297462;249163;72.8;61.0
24;2021-08-21;873;1630;298335;250793;73.1;61.4
24;2021-08-22;349;1101;298684;251894;73.1;61.7
24;2021-08-23;664;2036;299348;253930;73.3;62.2
24;2021-08-24;811;2393;300159;256323;73.5;62.8
24;2021-08-25;808;2319;300967;258642;73.7;63.3
24;2021-08-26;742;2839;301709;261481;73.9;64.0
24;2021-08-27;799;2761;302508;264242;74.1;64.7
24;2021-08-28;516;1911;303024;266153;74.2;65.2
24;2021-08-29;170;1029;303194;267182;74.2;65.4
24;2021-08-30;368;1966;303562;269148;74.3;65.9
24;2021-08-31;587;2489;304149;271637;74.5;66.5
24;2021-09-01;619;2476;304768;274113;74.6;67.1
24;2021-09-02;463;1899;305231;276012;74.7;67.6
24;2021-09-03;537;2231;305768;278243;74.9;68.1
24;2021-09-04;348;1995;306116;280238;75.0;68.6
24;2021-09-05;240;970;306356;281208;75.0;68.9
24;2021-09-06;344;1622;306700;282830;75.1;69.3
24;2021-09-07;470;1892;307170;284722;75.2;69.7
24;2021-09-08;394;1924;307564;286646;75.3;70.2
24;2021-09-09;333;1341;307897;287987;75.4;70.5
25;2020-12-27;0;0;0;0;0.0;0.0
25;2020-12-28;1;0;1;0;0.0;0.0
25;2020-12-29;0;0;1;0;0.0;0.0
25;2020-12-30;0;0;1;0;0.0;0.0
25;2020-12-31;3;0;4;0;0.0;0.0
25;2021-01-01;0;0;4;0;0.0;0.0
25;2021-01-02;1;0;5;0;0.0;0.0
25;2021-01-03;0;0;5;0;0.0;0.0
25;2021-01-04;1;0;6;0;0.0;0.0
25;2021-01-05;1;0;7;0;0.0;0.0
25;2021-01-06;75;1;82;1;0.0;0.0
25;2021-01-07;236;1;318;2;0.1;0.0
25;2021-01-08;345;1;663;3;0.1;0.0
25;2021-01-09;102;0;765;3;0.1;0.0
25;2021-01-10;0;0;765;3;0.1;0.0
25;2021-01-11;502;5;1267;8;0.2;0.0
25;2021-01-12;683;2;1950;10;0.4;0.0
25;2021-01-13;627;2;2577;12;0.5;0.0
25;2021-01-14;898;15;3475;27;0.6;0.0
25;2021-01-15;786;9;4261;36;0.8;0.0
25;2021-01-16;206;1;4467;37;0.8;0.0
25;2021-01-17;112;0;4579;37;0.8;0.0
25;2021-01-18;1297;6;5876;43;1.1;0.0
25;2021-01-19;1412;5;7288;48;1.4;0.0
25;2021-01-20;1422;4;8710;52;1.6;0.0
25;2021-01-21;1842;3;10552;55;2.0;0.0
25;2021-01-22;1508;4;12060;59;2.2;0.0
25;2021-01-23;499;0;12559;59;2.3;0.0
25;2021-01-24;119;0;12678;59;2.4;0.0
25;2021-01-25;991;0;13669;59;2.5;0.0
25;2021-01-26;1487;41;15156;100;2.8;0.0
25;2021-01-27;1248;69;16404;169;3.0;0.0
25;2021-01-28;1090;74;17494;243;3.2;0.0
25;2021-01-29;906;228;18400;471;3.4;0.1
25;2021-01-30;293;82;18693;553;3.5;0.1
25;2021-01-31;2;0;18695;553;3.5;0.1
25;2021-02-01;612;204;19307;757;3.6;0.1
25;2021-02-02;674;388;19981;1145;3.7;0.2
25;2021-02-03;758;225;20739;1370;3.8;0.3
25;2021-02-04;715;394;21454;1764;4.0;0.3
25;2021-02-05;519;435;21973;2199;4.1;0.4
25;2021-02-06;197;138;22170;2337;4.1;0.4
25;2021-02-07;2;34;22172;2371;4.1;0.4
25;2021-02-08;612;474;22784;2845;4.2;0.5
25;2021-02-09;615;453;23399;3298;4.3;0.6
25;2021-02-10;817;424;24216;3722;4.5;0.7
25;2021-02-11;589;780;24805;4502;4.6;0.8
25;2021-02-12;413;491;25218;4993;4.7;0.9
25;2021-02-13;97;119;25315;5112;4.7;0.9
25;2021-02-14;0;0;25315;5112;4.7;0.9
25;2021-02-15;186;866;25501;5978;4.7;1.1
25;2021-02-16;213;1241;25714;7219;4.8;1.3
25;2021-02-17;108;1123;25822;8342;4.8;1.5
25;2021-02-18;147;1272;25969;9614;4.8;1.8
25;2021-02-19;102;1071;26071;10685;4.8;2.0
25;2021-02-20;27;410;26098;11095;4.8;2.1
25;2021-02-21;1;110;26099;11205;4.8;2.1
25;2021-02-22;83;933;26182;12138;4.9;2.3
25;2021-02-23;195;935;26377;13073;4.9;2.4
25;2021-02-24;104;853;26481;13926;4.9;2.6
25;2021-02-25;522;853;27003;14779;5.0;2.7
25;2021-02-26;607;865;27610;15644;5.1;2.9
25;2021-02-27;228;332;27838;15976;5.2;3.0
25;2021-02-28;5;1;27843;15977;5.2;3.0
25;2021-03-01;443;564;28286;16541;5.2;3.1
25;2021-03-02;654;761;28940;17302;5.4;3.2
25;2021-03-03;542;682;29482;17984;5.5;3.3
25;2021-03-04;1157;626;30639;18610;5.7;3.4
25;2021-03-05;1855;363;32494;18973;6.0;3.5
25;2021-03-06;1170;218;33664;19191;6.2;3.6
25;2021-03-07;9;7;33673;19198;6.2;3.6
25;2021-03-08;548;658;34221;19856;6.3;3.7
25;2021-03-09;1040;751;35261;20607;6.5;3.8
25;2021-03-10;1151;627;36412;21234;6.7;3.9
25;2021-03-11;1658;580;38070;21814;7.1;4.0
25;2021-03-12;1996;456;40066;22270;7.4;4.1
25;2021-03-13;1120;99;41186;22369;7.6;4.1
25;2021-03-14;35;0;41221;22369;7.6;4.1
25;2021-03-15;1126;139;42347;22508;7.9;4.2
25;2021-03-16;1286;122;43633;22630;8.1;4.2
25;2021-03-17;1414;137;45047;22767;8.4;4.2
25;2021-03-18;1529;85;46576;22852;8.6;4.2
25;2021-03-19;1595;127;48171;22979;8.9;4.3
25;2021-03-20;822;41;48993;23020;9.1;4.3
25;2021-03-21;24;0;49017;23020;9.1;4.3
25;2021-03-22;1485;87;50502;23107;9.4;4.3
25;2021-03-23;2162;145;52664;23252;9.8;4.3
25;2021-03-24;2419;95;55083;23347;10.2;4.3
25;2021-03-25;2838;195;57921;23542;10.7;4.4
25;2021-03-26;3160;180;61081;23722;11.3;4.4
25;2021-03-27;1111;89;62192;23811;11.5;4.4
25;2021-03-28;121;64;62313;23875;11.6;4.4
25;2021-03-29;1789;278;64102;24153;11.9;4.5
25;2021-03-30;2214;395;66316;24548;12.3;4.6
25;2021-03-31;2221;360;68537;24908;12.7;4.6
25;2021-04-01;2450;522;70987;25430;13.2;4.7
25;2021-04-02;2027;601;73014;26031;13.5;4.8
25;2021-04-03;447;110;73461;26141;13.6;4.8
25;2021-04-04;39;19;73500;26160;13.6;4.8
25;2021-04-05;145;4;73645;26164;13.7;4.9
25;2021-04-06;1937;686;75582;26850;14.0;5.0
25;2021-04-07;1878;848;77460;27698;14.4;5.1
25;2021-04-08;2435;824;79895;28522;14.8;5.3
25;2021-04-09;2597;998;82492;29520;15.3;5.5
25;2021-04-10;977;288;83469;29808;15.5;5.5
25;2021-04-11;105;28;83574;29836;15.5;5.5
25;2021-04-12;1558;966;85132;30802;15.8;5.7
25;2021-04-13;1989;1321;87121;32123;16.1;6.0
25;2021-04-14;1750;1218;88871;33341;16.5;6.2
25;2021-04-15;1998;1330;90869;34671;16.8;6.4
25;2021-04-16;2084;1005;92953;35676;17.2;6.6
25;2021-04-17;1105;414;94058;36090;17.4;6.7
25;2021-04-18;118;18;94176;36108;17.5;6.7
25;2021-04-19;1327;1242;95503;37350;17.7;6.9
25;2021-04-20;1615;1461;97118;38811;18.0;7.2
25;2021-04-21;1717;1630;98835;40441;18.3;7.5
25;2021-04-22;1858;1709;100693;42150;18.7;7.8
25;2021-04-23;1903;1768;102596;43918;19.0;8.1
25;2021-04-24;1280;702;103876;44620;19.3;8.3
25;2021-04-25;140;114;104016;44734;19.3;8.3
25;2021-04-26;1722;1685;105738;46419;19.6;8.6
25;2021-04-27;2804;1522;108542;47941;20.1;8.9
25;2021-04-28;2426;1555;110968;49496;20.6;9.2
25;2021-04-29;2649;1829;113617;51325;21.1;9.5
25;2021-04-30;3109;1572;116726;52897;21.6;9.8
25;2021-05-01;1789;334;118515;53231;22.0;9.9
25;2021-05-02;442;22;118957;53253;22.1;9.9
25;2021-05-03;2902;842;121859;54095;22.6;10.0
25;2021-05-04;2640;1885;124499;55980;23.1;10.4
25;2021-05-05;2598;1667;127097;57647;23.6;10.7
25;2021-05-06;2927;2165;130024;59812;24.1;11.1
25;2021-05-07;3063;2120;133087;61932;24.7;11.5
25;2021-05-08;1334;229;134421;62161;24.9;11.5
25;2021-05-09;244;87;134665;62248;25.0;11.5
25;2021-05-10;3130;1636;137795;63884;25.5;11.8
25;2021-05-11;3748;2040;141543;65924;26.2;12.2
25;2021-05-12;3688;1789;145231;67713;26.9;12.6
25;2021-05-13;3523;598;148754;68311;27.6;12.7
25;2021-05-14;4484;1307;153238;69618;28.4;12.9
25;2021-05-15;3282;710;156520;70328;29.0;13.0
25;2021-05-16;723;93;157243;70421;29.1;13.1
25;2021-05-17;4090;1096;161333;71517;29.9;13.3
25;2021-05-18;5205;1192;166538;72709;30.9;13.5
25;2021-05-19;5248;1132;171786;73841;31.8;13.7
25;2021-05-20;5135;1450;176921;75291;32.8;14.0
25;2021-05-21;5764;1981;182685;77272;33.9;14.3
25;2021-05-22;3177;722;185862;77994;34.5;14.5
25;2021-05-23;781;156;186643;78150;34.6;14.5
25;2021-05-24;1528;152;188171;78302;34.9;14.5
25;2021-05-25;3515;1647;191686;79949;35.5;14.8
25;2021-05-26;3977;1555;195663;81504;36.3;15.1
25;2021-05-27;4518;1899;200181;83403;37.1;15.5
25;2021-05-28;3994;2652;204175;86055;37.8;16.0
25;2021-05-29;2016;1021;206191;87076;38.2;16.1
25;2021-05-30;175;96;206366;87172;38.3;16.2
25;2021-05-31;2673;1708;209039;88880;38.8;16.5
25;2021-06-01;2729;2158;211768;91038;39.3;16.9
25;2021-06-02;2609;2251;214377;93289;39.7;17.3
25;2021-06-03;3274;2044;217651;95333;40.3;17.7
25;2021-06-04;3210;2407;220861;97740;40.9;18.1
25;2021-06-05;1492;1402;222353;99142;41.2;18.4
25;2021-06-06;987;259;223340;99401;41.4;18.4
25;2021-06-07;2782;2575;226122;101976;41.9;18.9
25;2021-06-08;2605;2760;228727;104736;42.4;19.4
25;2021-06-09;2382;2764;231109;107500;42.8;19.9
25;2021-06-10;2323;2654;233432;110154;43.3;20.4
25;2021-06-11;2709;3301;236141;113455;43.8;21.0
25;2021-06-12;1572;1861;237713;115316;44.1;21.4
25;2021-06-13;496;257;238209;115573;44.2;21.4
25;2021-06-14;1422;3755;239631;119328;44.4;22.1
25;2021-06-15;1643;3567;241274;122895;44.7;22.8
25;2021-06-16;1954;3273;243228;126168;45.1;23.4
25;2021-06-17;1474;3324;244702;129492;45.4;24.0
25;2021-06-18;2289;4297;246991;133789;45.8;24.8
25;2021-06-19;1351;1976;248342;135765;46.0;25.2
25;2021-06-20;59;239;248401;136004;46.0;25.2
25;2021-06-21;1139;4139;249540;140143;46.3;26.0
25;2021-06-22;1150;4676;250690;144819;46.5;26.8
25;2021-06-23;1405;4073;252095;148892;46.7;27.6
25;2021-06-24;1194;4085;253289;152977;47.0;28.4
25;2021-06-25;1641;5605;254930;158582;47.3;29.4
25;2021-06-26;626;3384;255556;161966;47.4;30.0
25;2021-06-27;451;878;256007;162844;47.5;30.2
25;2021-06-28;907;4475;256914;167319;47.6;31.0
25;2021-06-29;1132;5471;258046;172790;47.8;32.0
25;2021-06-30;1311;5369;259357;178159;48.1;33.0
25;2021-07-01;1709;5230;261066;183389;48.4;34.0
25;2021-07-02;1751;5061;262817;188450;48.7;34.9
25;2021-07-03;1042;2694;263859;191144;48.9;35.4
25;2021-07-04;409;722;264268;191866;49.0;35.6
25;2021-07-05;1300;2579;265568;194445;49.2;36.0
25;2021-07-06;1571;4747;267139;199192;49.5;36.9
25;2021-07-07;1600;4504;268739;203696;49.8;37.8
25;2021-07-08;1555;3933;270294;207629;50.1;38.5
25;2021-07-09;1800;4587;272094;212216;50.4;39.3
25;2021-07-10;781;2372;272875;214588;50.6;39.8
25;2021-07-11;127;307;273002;214895;50.6;39.8
25;2021-07-12;1405;3860;274407;218755;50.9;40.6
25;2021-07-13;2473;4769;276880;223524;51.3;41.4
25;2021-07-14;379;561;277259;224085;51.4;41.5
25;2021-07-15;2403;3654;279662;227739;51.8;42.2
25;2021-07-16;3486;3832;283148;231571;52.5;42.9
25;2021-07-17;2208;2038;285356;233609;52.9;43.3
25;2021-07-18;807;1300;286163;234909;53.0;43.5
25;2021-07-19;2545;4209;288708;239118;53.5;44.3
25;2021-07-20;3383;3713;292091;242831;54.1;45.0
25;2021-07-21;3301;3369;295392;246200;54.8;45.6
25;2021-07-22;3350;2986;298742;249186;55.4;46.2
25;2021-07-23;3567;3353;302309;252539;56.0;46.8
25;2021-07-24;1414;2270;303723;254809;56.3;47.2
25;2021-07-25;679;709;304402;255518;56.4;47.4
25;2021-07-26;3057;3010;307459;258528;57.0;47.9
25;2021-07-27;3835;2125;311294;260653;57.7;48.3
25;2021-07-28;3694;2119;314988;262772;58.4;48.7
25;2021-07-29;4320;2091;319308;264863;59.2;49.1
25;2021-07-30;4292;2487;323600;267350;60.0;49.6
25;2021-07-31;1820;1469;325420;268819;60.3;49.8
25;2021-08-01;1352;199;326772;269018;60.6;49.9
25;2021-08-02;2734;2212;329506;271230;61.1;50.3
25;2021-08-03;2838;2204;332344;273434;61.6;50.7
25;2021-08-04;2939;1430;335283;274864;62.2;51.0
25;2021-08-05;2199;1732;337482;276596;62.6;51.3
25;2021-08-06;2280;2348;339762;278944;63.0;51.7
25;2021-08-07;1292;1205;341054;280149;63.2;51.9
25;2021-08-08;326;477;341380;280626;63.3;52.0
25;2021-08-09;2025;2230;343405;282856;63.7;52.4
25;2021-08-10;1968;2520;345373;285376;64.0;52.9
25;2021-08-11;1832;2031;347205;287407;64.4;53.3
25;2021-08-12;2144;2502;349349;289909;64.8;53.7
25;2021-08-13;1702;2024;351051;291933;65.1;54.1
25;2021-08-14;966;1787;352017;293720;65.3;54.4
25;2021-08-15;9;45;352026;293765;65.3;54.5
25;2021-08-16;1255;3260;353281;297025;65.5;55.1
25;2021-08-17;1453;3285;354734;300310;65.8;55.7
25;2021-08-18;1232;2802;355966;303112;66.0;56.2
25;2021-08-19;985;2865;356951;305977;66.2;56.7
25;2021-08-20;1416;3694;358367;309671;66.4;57.4
25;2021-08-21;565;1782;358932;311453;66.5;57.7
25;2021-08-22;212;1272;359144;312725;66.6;58.0
25;2021-08-23;1100;3333;360244;316058;66.8;58.6
25;2021-08-24;1064;3230;361308;319288;67.0;59.2
25;2021-08-25;1016;3058;362324;322346;67.2;59.8
25;2021-08-26;1136;3002;363460;325348;67.4;60.3
25;2021-08-27;1197;3060;364657;328408;67.6;60.9
25;2021-08-28;589;1785;365246;330193;67.7;61.2
25;2021-08-29;158;511;365404;330704;67.7;61.3
25;2021-08-30;935;2821;366339;333525;67.9;61.8
25;2021-08-31;962;2417;367301;335942;68.1;62.3
25;2021-09-01;837;2574;368138;338516;68.2;62.8
25;2021-09-02;766;1946;368904;340462;68.4;63.1
25;2021-09-03;791;2214;369695;342676;68.5;63.5
25;2021-09-04;685;1548;370380;344224;68.7;63.8
25;2021-09-05;127;234;370507;344458;68.7;63.9
25;2021-09-06;622;1842;371129;346300;68.8;64.2
25;2021-09-07;488;1412;371617;347712;68.9;64.5
25;2021-09-08;621;1995;372238;349707;69.0;64.8
25;2021-09-09;424;1312;372662;351019;69.1;65.1
26;2020-12-27;0;0;0;0;0.0;0.0
26;2020-12-28;0;0;0;0;0.0;0.0
26;2020-12-29;0;0;0;0;0.0;0.0
26;2020-12-30;0;0;0;0;0.0;0.0
26;2020-12-31;0;0;0;0;0.0;0.0
26;2021-01-01;1;0;1;0;0.0;0.0
26;2021-01-02;0;0;1;0;0.0;0.0
26;2021-01-03;0;0;1;0;0.0;0.0
26;2021-01-04;0;0;1;0;0.0;0.0
26;2021-01-05;0;0;1;0;0.0;0.0
26;2021-01-06;0;0;1;0;0.0;0.0
26;2021-01-07;168;0;169;0;0.0;0.0
26;2021-01-08;125;0;294;0;0.1;0.0
26;2021-01-09;2;0;296;0;0.1;0.0
26;2021-01-10;0;0;296;0;0.1;0.0
26;2021-01-11;266;1;562;1;0.1;0.0
26;2021-01-12;176;1;738;2;0.1;0.0
26;2021-01-13;417;1;1155;3;0.2;0.0
26;2021-01-14;488;0;1643;3;0.3;0.0
26;2021-01-15;563;1;2206;4;0.4;0.0
26;2021-01-16;250;1;2456;5;0.5;0.0
26;2021-01-17;0;0;2456;5;0.5;0.0
26;2021-01-18;637;1;3093;6;0.6;0.0
26;2021-01-19;785;3;3878;9;0.7;0.0
26;2021-01-20;742;0;4620;9;0.9;0.0
26;2021-01-21;807;3;5427;12;1.0;0.0
26;2021-01-22;787;4;6214;16;1.2;0.0
26;2021-01-23;563;3;6777;19;1.3;0.0
26;2021-01-24;24;0;6801;19;1.3;0.0
26;2021-01-25;697;3;7498;22;1.4;0.0
26;2021-01-26;801;4;8299;26;1.6;0.0
26;2021-01-27;822;6;9121;32;1.8;0.0
26;2021-01-28;1329;105;10450;137;2.0;0.0
26;2021-01-29;970;63;11420;200;2.2;0.0
26;2021-01-30;606;5;12026;205;2.3;0.0
26;2021-01-31;24;0;12050;205;2.3;0.0
26;2021-02-01;709;180;12759;385;2.5;0.1
26;2021-02-02;1274;202;14033;587;2.7;0.1
26;2021-02-03;1256;247;15289;834;2.9;0.2
26;2021-02-04;986;409;16275;1243;3.1;0.2
26;2021-02-05;673;301;16948;1544;3.3;0.3
26;2021-02-06;407;190;17355;1734;3.3;0.3
26;2021-02-07;57;2;17412;1736;3.3;0.3
26;2021-02-08;545;370;17957;2106;3.4;0.4
26;2021-02-09;616;432;18573;2538;3.6;0.5
26;2021-02-10;665;305;19238;2843;3.7;0.5
26;2021-02-11;753;266;19991;3109;3.8;0.6
26;2021-02-12;590;407;20581;3516;4.0;0.7
26;2021-02-13;388;253;20969;3769;4.0;0.7
26;2021-02-14;36;0;21005;3769;4.0;0.7
26;2021-02-15;414;437;21419;4206;4.1;0.8
26;2021-02-16;294;464;21713;4670;4.2;0.9
26;2021-02-17;196;641;21909;5311;4.2;1.0
26;2021-02-18;337;799;22246;6110;4.3;1.2
26;2021-02-19;341;743;22587;6853;4.3;1.3
26;2021-02-20;95;415;22682;7268;4.4;1.4
26;2021-02-21;3;17;22685;7285;4.4;1.4
26;2021-02-22;144;593;22829;7878;4.4;1.5
26;2021-02-23;398;921;23227;8799;4.5;1.7
26;2021-02-24;344;1133;23571;9932;4.5;1.9
26;2021-02-25;740;970;24311;10902;4.7;2.1
26;2021-02-26;926;578;25237;11480;4.8;2.2
26;2021-02-27;278;453;25515;11933;4.9;2.3
26;2021-02-28;3;29;25518;11962;4.9;2.3
26;2021-03-01;458;602;25976;12564;5.0;2.4
26;2021-03-02;742;569;26718;13133;5.1;2.5
26;2021-03-03;730;635;27448;13768;5.3;2.6
26;2021-03-04;1045;543;28493;14311;5.5;2.7
26;2021-03-05;1710;497;30203;14808;5.8;2.8
26;2021-03-06;2773;456;32976;15264;6.3;2.9
26;2021-03-07;2989;219;35965;15483;6.9;3.0
26;2021-03-08;910;622;36875;16105;7.1;3.1
26;2021-03-09;1325;542;38200;16647;7.3;3.2
26;2021-03-10;1219;498;39419;17145;7.6;3.3
26;2021-03-11;1609;645;41028;17790;7.9;3.4
26;2021-03-12;2215;472;43243;18262;8.3;3.5
26;2021-03-13;1886;337;45129;18599;8.7;3.6
26;2021-03-14;69;39;45198;18638;8.7;3.6
26;2021-03-15;1652;249;46850;18887;9.0;3.6
26;2021-03-16;1232;516;48082;19403;9.2;3.7
26;2021-03-17;1369;302;49451;19705;9.5;3.8
26;2021-03-18;1587;279;51038;19984;9.8;3.8
26;2021-03-19;2444;344;53482;20328;10.3;3.9
26;2021-03-20;1289;151;54771;20479;10.5;3.9
26;2021-03-21;61;20;54832;20499;10.5;3.9
26;2021-03-22;1847;195;56679;20694;10.9;4.0
26;2021-03-23;2475;276;59154;20970;11.4;4.0
26;2021-03-24;2551;245;61705;21215;11.9;4.1
26;2021-03-25;3043;339;64748;21554;12.4;4.1
26;2021-03-26;3050;355;67798;21909;13.0;4.2
26;2021-03-27;1245;160;69043;22069;13.3;4.2
26;2021-03-28;94;7;69137;22076;13.3;4.2
26;2021-03-29;1908;407;71045;22483;13.6;4.3
26;2021-03-30;2383;550;73428;23033;14.1;4.4
26;2021-03-31;2229;581;75657;23614;14.5;4.5
26;2021-04-01;2278;778;77935;24392;15.0;4.7
26;2021-04-02;2214;988;80149;25380;15.4;4.9
26;2021-04-03;552;1200;80701;26580;15.5;5.1
26;2021-04-04;215;886;80916;27466;15.5;5.3
26;2021-04-05;556;53;81472;27519;15.7;5.3
26;2021-04-06;1486;832;82958;28351;15.9;5.4
26;2021-04-07;1792;895;84750;29246;16.3;5.6
26;2021-04-08;3007;936;87757;30182;16.9;5.8
26;2021-04-09;3416;1008;91173;31190;17.5;6.0
26;2021-04-10;1356;925;92529;32115;17.8;6.2
26;2021-04-11;88;35;92617;32150;17.8;6.2
26;2021-04-12;1714;1125;94331;33275;18.1;6.4
26;2021-04-13;2797;1453;97128;34728;18.7;6.7
26;2021-04-14;2207;1484;99335;36212;19.1;7.0
26;2021-04-15;2281;1588;101616;37800;19.5;7.3
26;2021-04-16;2271;1592;103887;39392;20.0;7.6
26;2021-04-17;1096;840;104983;40232;20.2;7.7
26;2021-04-18;35;52;105018;40284;20.2;7.7
26;2021-04-19;1547;1571;106565;41855;20.5;8.0
26;2021-04-20;1799;1726;108364;43581;20.8;8.4
26;2021-04-21;2012;1508;110376;45089;21.2;8.7
26;2021-04-22;2291;1600;112667;46689;21.6;9.0
26;2021-04-23;2011;1635;114678;48324;22.0;9.3
26;2021-04-24;1655;845;116333;49169;22.3;9.4
26;2021-04-25;629;97;116962;49266;22.5;9.5
26;2021-04-26;1377;1595;118339;50861;22.7;9.8
26;2021-04-27;1986;1685;120325;52546;23.1;10.1
26;2021-04-28;1867;1544;122192;54090;23.5;10.4
26;2021-04-29;2866;1894;125058;55984;24.0;10.8
26;2021-04-30;2627;1764;127685;57748;24.5;11.1
26;2021-05-01;1538;378;129223;58126;24.8;11.2
26;2021-05-02;1086;118;130309;58244;25.0;11.2
26;2021-05-03;2201;1788;132510;60032;25.5;11.5
26;2021-05-04;2614;2359;135124;62391;26.0;12.0
26;2021-05-05;2772;2199;137896;64590;26.5;12.4
26;2021-05-06;3321;2223;141217;66813;27.1;12.8
26;2021-05-07;2860;2255;144077;69068;27.7;13.3
26;2021-05-08;1960;621;146037;69689;28.1;13.4
26;2021-05-09;713;123;146750;69812;28.2;13.4
26;2021-05-10;3022;1827;149772;71639;28.8;13.8
26;2021-05-11;4445;2183;154217;73822;29.6;14.2
26;2021-05-12;4828;1694;159045;75516;30.6;14.5
26;2021-05-13;4363;616;163408;76132;31.4;14.6
26;2021-05-14;4642;1549;168050;77681;32.3;14.9
26;2021-05-15;4469;625;172519;78306;33.1;15.0
26;2021-05-16;3631;344;176150;78650;33.8;15.1
26;2021-05-17;3657;1488;179807;80138;34.5;15.4
26;2021-05-18;4476;1742;184283;81880;35.4;15.7
26;2021-05-19;4486;1453;188769;83333;36.3;16.0
26;2021-05-20;4685;1766;193454;85099;37.2;16.3
26;2021-05-21;4731;1802;198185;86901;38.1;16.7
26;2021-05-22;3189;690;201374;87591;38.7;16.8
26;2021-05-23;1598;183;202972;87774;39.0;16.9
26;2021-05-24;3791;743;206763;88517;39.7;17.0
26;2021-05-25;3593;2347;210356;90864;40.4;17.5
26;2021-05-26;4179;2272;214535;93136;41.2;17.9
26;2021-05-27;4215;2461;218750;95597;42.0;18.4
26;2021-05-28;3777;2768;222527;98365;42.7;18.9
26;2021-05-29;3088;1653;225615;100018;43.3;19.2
26;2021-05-30;322;71;225937;100089;43.4;19.2
26;2021-05-31;3081;1854;229018;101943;44.0;19.6
26;2021-06-01;3112;2308;232130;104251;44.6;20.0
26;2021-06-02;2871;2218;235001;106469;45.1;20.5
26;2021-06-03;2851;2490;237852;108959;45.7;20.9
26;2021-06-04;2660;2908;240512;111867;46.2;21.5
26;2021-06-05;1805;1694;242317;113561;46.5;21.8
26;2021-06-06;9;0;242326;113561;46.6;21.8
26;2021-06-07;2348;2430;244674;115991;47.0;22.3
26;2021-06-08;2453;2293;247127;118284;47.5;22.7
26;2021-06-09;2095;2389;249222;120673;47.9;23.2
26;2021-06-10;1981;2763;251203;123436;48.3;23.7
26;2021-06-11;1896;3274;253099;126710;48.6;24.3
26;2021-06-12;1219;1790;254318;128500;48.9;24.7
26;2021-06-13;97;214;254415;128714;48.9;24.7
26;2021-06-14;1416;3497;255831;132211;49.1;25.4
26;2021-06-15;1585;3964;257416;136175;49.4;26.2
26;2021-06-16;1785;3469;259201;139644;49.8;26.8
26;2021-06-17;1510;3167;260711;142811;50.1;27.4
26;2021-06-18;1796;4369;262507;147180;50.4;28.3
26;2021-06-19;933;3181;263440;150361;50.6;28.9
26;2021-06-20;264;876;263704;151237;50.7;29.1
26;2021-06-21;1005;4557;264709;155794;50.9;29.9
26;2021-06-22;1061;5120;265770;160914;51.1;30.9
26;2021-06-23;1167;5072;266937;165986;51.3;31.9
26;2021-06-24;1260;4543;268197;170529;51.5;32.8
26;2021-06-25;1014;5541;269211;176070;51.7;33.8
26;2021-06-26;662;3825;269873;179895;51.8;34.6
26;2021-06-27;300;1273;270173;181168;51.9;34.8
26;2021-06-28;778;4757;270951;185925;52.0;35.7
26;2021-06-29;1099;4961;272050;190886;52.3;36.7
26;2021-06-30;1412;4892;273462;195778;52.5;37.6
26;2021-07-01;1651;4392;275113;200170;52.8;38.5
26;2021-07-02;1334;5165;276447;205335;53.1;39.4
26;2021-07-03;771;3322;277218;208657;53.3;40.1
26;2021-07-04;332;633;277550;209290;53.3;40.2
26;2021-07-05;889;4677;278439;213967;53.5;41.1
26;2021-07-06;1266;4201;279705;218168;53.7;41.9
26;2021-07-07;1442;3797;281147;221965;54.0;42.6
26;2021-07-08;2388;3332;283535;225297;54.5;43.3
26;2021-07-09;1559;4790;285094;230087;54.8;44.2
26;2021-07-10;910;2914;286004;233001;54.9;44.8
26;2021-07-11;333;348;286337;233349;55.0;44.8
26;2021-07-12;1113;4219;287450;237568;55.2;45.6
26;2021-07-13;2303;4342;289753;241910;55.7;46.5
26;2021-07-14;1060;813;290813;242723;55.9;46.6
26;2021-07-15;3169;3655;293982;246378;56.5;47.3
26;2021-07-16;3004;3690;296986;250068;57.1;48.0
26;2021-07-17;1877;1814;298863;251882;57.4;48.4
26;2021-07-18;20;24;298883;251906;57.4;48.4
26;2021-07-19;2727;3266;301610;255172;57.9;49.0
26;2021-07-20;3706;3370;305316;258542;58.7;49.7
26;2021-07-21;3589;3085;308905;261627;59.3;50.3
26;2021-07-22;4122;2970;313027;264597;60.1;50.8
26;2021-07-23;3862;3401;316889;267998;60.9;51.5
26;2021-07-24;2344;1363;319233;269361;61.3;51.7
26;2021-07-25;608;96;319841;269457;61.4;51.8
26;2021-07-26;3428;2581;323269;272038;62.1;52.3
26;2021-07-27;4845;2622;328114;274660;63.0;52.8
26;2021-07-28;4537;2392;332651;277052;63.9;53.2
26;2021-07-29;3904;2896;336555;279948;64.7;53.8
26;2021-07-30;3487;2673;340042;282621;65.3;54.3
26;2021-07-31;1144;1009;341186;283630;65.5;54.5
26;2021-08-01;417;108;341603;283738;65.6;54.5
26;2021-08-02;2945;2363;344548;286101;66.2;55.0
26;2021-08-03;3297;2295;347845;288396;66.8;55.4
26;2021-08-04;3995;2016;351840;290412;67.6;55.8
26;2021-08-05;3145;2201;354985;292613;68.2;56.2
26;2021-08-06;3140;2639;358125;295252;68.8;56.7
26;2021-08-07;640;844;358765;296096;68.9;56.9
26;2021-08-08;29;13;358794;296109;68.9;56.9
26;2021-08-09;2190;3061;360984;299170;69.3;57.5
26;2021-08-10;2339;3045;363323;302215;69.8;58.1
26;2021-08-11;2079;2720;365402;304935;70.2;58.6
26;2021-08-12;1773;2586;367175;307521;70.5;59.1
26;2021-08-13;1730;2424;368905;309945;70.9;59.5
26;2021-08-14;272;872;369177;310817;70.9;59.7
26;2021-08-15;6;8;369183;310825;70.9;59.7
26;2021-08-16;1184;3289;370367;314114;71.1;60.3
26;2021-08-17;1515;3152;371882;317266;71.4;60.9
26;2021-08-18;1628;3377;373510;320643;71.8;61.6
26;2021-08-19;1554;3070;375064;323713;72.1;62.2
26;2021-08-20;1422;2978;376486;326691;72.3;62.8
26;2021-08-21;592;1090;377078;327781;72.4;63.0
26;2021-08-22;59;379;377137;328160;72.4;63.0
26;2021-08-23;1590;3618;378727;331778;72.8;63.7
26;2021-08-24;1727;3590;380454;335368;73.1;64.4
26;2021-08-25;1603;3660;382057;339028;73.4;65.1
26;2021-08-26;1485;3154;383542;342182;73.7;65.7
26;2021-08-27;1557;3606;385099;345788;74.0;66.4
26;2021-08-28;395;1101;385494;346889;74.1;66.6
26;2021-08-29;10;25;385504;346914;74.1;66.6
26;2021-08-30;1460;3438;386964;350352;74.3;67.3
26;2021-08-31;1280;3427;388244;353779;74.6;68.0
26;2021-09-01;1366;2812;389610;356591;74.8;68.5
26;2021-09-02;1112;2149;390722;358740;75.1;68.9
26;2021-09-03;1103;2752;391825;361492;75.3;69.4
26;2021-09-04;426;738;392251;362230;75.4;69.6
26;2021-09-05;25;24;392276;362254;75.4;69.6
26;2021-09-06;723;1776;392999;364030;75.5;69.9
26;2021-09-07;753;1691;393752;365721;75.6;70.3
26;2021-09-08;836;1922;394588;367643;75.8;70.6
26;2021-09-09;498;1605;395086;369248;75.9;70.9
27;2020-12-27;1;0;1;0;0.0;0.0
27;2020-12-28;1;0;2;0;0.0;0.0
27;2020-12-29;2;0;4;0;0.0;0.0
27;2020-12-30;0;0;4;0;0.0;0.0
27;2020-12-31;0;0;4;0;0.0;0.0
27;2021-01-01;0;0;4;0;0.0;0.0
27;2021-01-02;0;0;4;0;0.0;0.0
27;2021-01-03;2;0;6;0;0.0;0.0
27;2021-01-04;0;0;6;0;0.0;0.0
27;2021-01-05;15;0;21;0;0.0;0.0
27;2021-01-06;161;0;182;0;0.0;0.0
27;2021-01-07;372;1;554;1;0.1;0.0
27;2021-01-08;443;0;997;1;0.2;0.0
27;2021-01-09;72;1;1069;2;0.2;0.0
27;2021-01-10;100;0;1169;2;0.2;0.0
27;2021-01-11;383;0;1552;2;0.3;0.0
27;2021-01-12;409;2;1961;4;0.3;0.0
27;2021-01-13;840;1;2801;5;0.5;0.0
27;2021-01-14;1630;26;4431;31;0.7;0.0
27;2021-01-15;1222;4;5653;35;0.9;0.0
27;2021-01-16;333;1;5986;36;1.0;0.0
27;2021-01-17;205;0;6191;36;1.0;0.0
27;2021-01-18;799;2;6990;38;1.2;0.0
27;2021-01-19;773;3;7763;41;1.3;0.0
27;2021-01-20;871;1;8634;42;1.4;0.0
27;2021-01-21;655;4;9289;46;1.5;0.0
27;2021-01-22;780;4;10069;50;1.7;0.0
27;2021-01-23;350;0;10419;50;1.7;0.0
27;2021-01-24;169;2;10588;52;1.8;0.0
27;2021-01-25;635;14;11223;66;1.9;0.0
27;2021-01-26;462;16;11685;82;1.9;0.0
27;2021-01-27;506;98;12191;180;2.0;0.0
27;2021-01-28;517;236;12708;416;2.1;0.1
27;2021-01-29;509;100;13217;516;2.2;0.1
27;2021-01-30;242;23;13459;539;2.2;0.1
27;2021-01-31;27;19;13486;558;2.2;0.1
27;2021-02-01;348;184;13834;742;2.3;0.1
27;2021-02-02;307;267;14141;1009;2.4;0.2
27;2021-02-03;487;379;14628;1388;2.4;0.2
27;2021-02-04;716;857;15344;2245;2.6;0.4
27;2021-02-05;663;1101;16007;3346;2.7;0.6
27;2021-02-06;126;198;16133;3544;2.7;0.6
27;2021-02-07;25;37;16158;3581;2.7;0.6
27;2021-02-08;312;323;16470;3904;2.7;0.6
27;2021-02-09;341;495;16811;4399;2.8;0.7
27;2021-02-10;303;462;17114;4861;2.8;0.8
27;2021-02-11;318;382;17432;5243;2.9;0.9
27;2021-02-12;230;452;17662;5695;2.9;0.9
27;2021-02-13;151;113;17813;5808;3.0;1.0
27;2021-02-14;6;72;17819;5880;3.0;1.0
27;2021-02-15;390;481;18209;6361;3.0;1.1
27;2021-02-16;295;579;18504;6940;3.1;1.2
27;2021-02-17;247;503;18751;7443;3.1;1.2
27;2021-02-18;363;546;19114;7989;3.2;1.3
27;2021-02-19;218;562;19332;8551;3.2;1.4
27;2021-02-20;129;214;19461;8765;3.2;1.5
27;2021-02-21;12;101;19473;8866;3.2;1.5
27;2021-02-22;482;478;19955;9344;3.3;1.6
27;2021-02-23;495;550;20450;9894;3.4;1.6
27;2021-02-24;543;575;20993;10469;3.5;1.7
27;2021-02-25;847;675;21840;11144;3.6;1.9
27;2021-02-26;953;623;22793;11767;3.8;2.0
27;2021-02-27;408;140;23201;11907;3.9;2.0
27;2021-02-28;173;26;23374;11933;3.9;2.0
27;2021-03-01;488;397;23862;12330;4.0;2.1
27;2021-03-02;765;321;24627;12651;4.1;2.1
27;2021-03-03;852;310;25479;12961;4.2;2.2
27;2021-03-04;887;217;26366;13178;4.4;2.2
27;2021-03-05;1304;221;27670;13399;4.6;2.2
27;2021-03-06;1637;105;29307;13504;4.9;2.2
27;2021-03-07;620;16;29927;13520;5.0;2.3
27;2021-03-08;1204;281;31131;13801;5.2;2.3
27;2021-03-09;1827;250;32958;14051;5.5;2.3
27;2021-03-10;2116;331;35074;14382;5.8;2.4
27;2021-03-11;2162;213;37236;14595;6.2;2.4
27;2021-03-12;2818;196;40054;14791;6.7;2.5
27;2021-03-13;1919;124;41973;14915;7.0;2.5
27;2021-03-14;655;15;42628;14930;7.1;2.5
27;2021-03-15;1556;216;44184;15146;7.4;2.5
27;2021-03-16;1489;238;45673;15384;7.6;2.6
27;2021-03-17;1854;341;47527;15725;7.9;2.6
27;2021-03-18;1688;346;49215;16071;8.2;2.7
27;2021-03-19;1833;166;51048;16237;8.5;2.7
27;2021-03-20;905;41;51953;16278;8.6;2.7
27;2021-03-21;258;3;52211;16281;8.7;2.7
27;2021-03-22;1235;539;53446;16820;8.9;2.8
27;2021-03-23;1627;456;55073;17276;9.2;2.9
27;2021-03-24;1523;470;56596;17746;9.4;3.0
27;2021-03-25;2165;509;58761;18255;9.8;3.0
27;2021-03-26;2531;435;61292;18690;10.2;3.1
27;2021-03-27;1568;199;62860;18889;10.5;3.1
27;2021-03-28;1149;49;64009;18938;10.7;3.2
27;2021-03-29;1375;824;65384;19762;10.9;3.3
27;2021-03-30;1391;842;66775;20604;11.1;3.4
27;2021-03-31;1487;873;68262;21477;11.4;3.6
27;2021-04-01;1956;811;70218;22288;11.7;3.7
27;2021-04-02;2000;1179;72218;23467;12.0;3.9
27;2021-04-03;1563;731;73781;24198;12.3;4.0
27;2021-04-04;978;175;74759;24373;12.4;4.1
27;2021-04-05;283;6;75042;24379;12.5;4.1
27;2021-04-06;1416;1795;76458;26174;12.7;4.4
27;2021-04-07;1323;1743;77781;27917;12.9;4.6
27;2021-04-08;1684;1679;79465;29596;13.2;4.9
27;2021-04-09;2949;1560;82414;31156;13.7;5.2
27;2021-04-10;2033;986;84447;32142;14.1;5.4
27;2021-04-11;946;211;85393;32353;14.2;5.4
27;2021-04-12;2435;1510;87828;33863;14.6;5.6
27;2021-04-13;2393;1548;90221;35411;15.0;5.9
27;2021-04-14;2085;1625;92306;37036;15.4;6.2
27;2021-04-15;1874;1659;94180;38695;15.7;6.4
27;2021-04-16;2753;1110;96933;39805;16.1;6.6
27;2021-04-17;2169;498;99102;40303;16.5;6.7
27;2021-04-18;453;16;99555;40319;16.6;6.7
27;2021-04-19;1713;1175;101268;41494;16.9;6.9
27;2021-04-20;2386;1304;103654;42798;17.3;7.1
27;2021-04-21;2210;1082;105864;43880;17.6;7.3
27;2021-04-22;2179;1419;108043;45299;18.0;7.5
27;2021-04-23;2447;1180;110490;46479;18.4;7.7
27;2021-04-24;3258;1146;113748;47625;18.9;7.9
27;2021-04-25;1130;1052;114878;48677;19.1;8.1
27;2021-04-26;1924;1147;116802;49824;19.4;8.3
27;2021-04-27;2529;1088;119331;50912;19.9;8.5
27;2021-04-28;2394;1312;121725;52224;20.3;8.7
27;2021-04-29;2491;1471;124216;53695;20.7;8.9
27;2021-04-30;2371;1613;126587;55308;21.1;9.2
27;2021-05-01;2638;889;129225;56197;21.5;9.4
27;2021-05-02;1953;896;131178;57093;21.8;9.5
27;2021-05-03;3064;873;134242;57966;22.3;9.6
27;2021-05-04;2781;1648;137023;59614;22.8;9.9
27;2021-05-05;2816;1648;139839;61262;23.3;10.2
27;2021-05-06;3184;1288;143023;62550;23.8;10.4
27;2021-05-07;3322;1992;146345;64542;24.4;10.7
27;2021-05-08;2804;1329;149149;65871;24.8;11.0
27;2021-05-09;1697;296;150846;66167;25.1;11.0
27;2021-05-10;2950;2269;153796;68436;25.6;11.4
27;2021-05-11;3358;1756;157154;70192;26.2;11.7
27;2021-05-12;3463;1728;160617;71920;26.7;12.0
27;2021-05-13;1892;254;162509;72174;27.1;12.0
27;2021-05-14;3884;1787;166393;73961;27.7;12.3
27;2021-05-15;6602;952;172995;74913;28.8;12.5
27;2021-05-16;3668;436;176663;75349;29.4;12.5
27;2021-05-17;2776;1160;179439;76509;29.9;12.7
27;2021-05-18;3845;1294;183284;77803;30.5;13.0
27;2021-05-19;3967;1154;187251;78957;31.2;13.1
27;2021-05-20;3874;1169;191125;80126;31.8;13.3
27;2021-05-21;3968;1790;195093;81916;32.5;13.6
27;2021-05-22;4369;802;199462;82718;33.2;13.8
27;2021-05-23;799;173;200261;82891;33.3;13.8
27;2021-05-24;1490;342;201751;83233;33.6;13.9
27;2021-05-25;3512;1607;205263;84840;34.2;14.1
27;2021-05-26;3857;1741;209120;86581;34.8;14.4
27;2021-05-27;3789;1485;212909;88066;35.4;14.7
27;2021-05-28;3401;2622;216310;90688;36.0;15.1
27;2021-05-29;4823;2301;221133;92989;36.8;15.5
27;2021-05-30;1118;248;222251;93237;37.0;15.5
27;2021-05-31;3467;2272;225718;95509;37.6;15.9
27;2021-06-01;3816;2243;229534;97752;38.2;16.3
27;2021-06-02;3341;2180;232875;99932;38.8;16.6
27;2021-06-03;4430;2118;237305;102050;39.5;17.0
27;2021-06-04;3603;2968;240908;105018;40.1;17.5
27;2021-06-05;3208;3351;244116;108369;40.6;18.0
27;2021-06-06;2005;1007;246121;109376;41.0;18.2
27;2021-06-07;2570;2358;248691;111734;41.4;18.6
27;2021-06-08;3127;2377;251818;114111;41.9;19.0
27;2021-06-09;2304;2470;254122;116581;42.3;19.4
27;2021-06-10;2431;2037;256553;118618;42.7;19.7
27;2021-06-11;2890;3771;259443;122389;43.2;20.4
27;2021-06-12;1982;4192;261425;126581;43.5;21.1
27;2021-06-13;1084;2686;262509;129267;43.7;21.5
27;2021-06-14;1995;3109;264504;132376;44.0;22.0
27;2021-06-15;2688;3019;267192;135395;44.5;22.5
27;2021-06-16;2502;3258;269694;138653;44.9;23.1
27;2021-06-17;2296;3288;271990;141941;45.3;23.6
27;2021-06-18;2746;4418;274736;146359;45.7;24.4
27;2021-06-19;1863;3393;276599;149752;46.0;24.9
27;2021-06-20;607;711;277206;150463;46.1;25.0
27;2021-06-21;1703;3495;278909;153958;46.4;25.6
27;2021-06-22;2385;3717;281294;157675;46.8;26.2
27;2021-06-23;2075;3568;283369;161243;47.2;26.8
27;2021-06-24;2256;3411;285625;164654;47.5;27.4
27;2021-06-25;1936;4457;287561;169111;47.9;28.2
27;2021-06-26;884;5353;288445;174464;48.0;29.0
27;2021-06-27;377;1427;288822;175891;48.1;29.3
27;2021-06-28;1128;3403;289950;179294;48.3;29.8
27;2021-06-29;1702;4366;291652;183660;48.6;30.6
27;2021-06-30;2117;4095;293769;187755;48.9;31.3
27;2021-07-01;2225;3909;295994;191664;49.3;31.9
27;2021-07-02;1590;4618;297584;196282;49.5;32.7
27;2021-07-03;1308;4774;298892;201056;49.8;33.5
27;2021-07-04;504;1405;299396;202461;49.8;33.7
27;2021-07-05;1419;3529;300815;205990;50.1;34.3
27;2021-07-06;1369;4181;302184;210171;50.3;35.0
27;2021-07-07;1759;4903;303943;215074;50.6;35.8
27;2021-07-08;2089;4349;306032;219423;50.9;36.5
27;2021-07-09;1985;5289;308017;224712;51.3;37.4
27;2021-07-10;1167;4178;309184;228890;51.5;38.1
27;2021-07-11;426;1139;309610;230029;51.5;38.3
27;2021-07-12;1254;4374;310864;234403;51.8;39.0
27;2021-07-13;2760;5353;313624;239756;52.2;39.9
27;2021-07-14;1519;1752;315143;241508;52.5;40.2
27;2021-07-15;3035;5467;318178;246975;53.0;41.1
27;2021-07-16;3821;5285;321999;252260;53.6;42.0
27;2021-07-17;2734;3878;324733;256138;54.1;42.6
27;2021-07-18;552;1265;325285;257403;54.2;42.9
27;2021-07-19;3688;3787;328973;261190;54.8;43.5
27;2021-07-20;3460;3589;332433;264779;55.3;44.1
27;2021-07-21;4254;3901;336687;268680;56.1;44.7
27;2021-07-22;4752;3712;341439;272392;56.8;45.3
27;2021-07-23;3592;3395;345031;275787;57.4;45.9
27;2021-07-24;3115;2325;348146;278112;58.0;46.3
27;2021-07-25;493;545;348639;278657;58.0;46.4
27;2021-07-26;3071;3177;351710;281834;58.6;46.9
27;2021-07-27;3598;3101;355308;284935;59.2;47.4
27;2021-07-28;3592;3241;358900;288176;59.7;48.0
27;2021-07-29;4589;3510;363489;291686;60.5;48.6
27;2021-07-30;3816;3142;367305;294828;61.1;49.1
27;2021-07-31;3066;2580;370371;297408;61.7;49.5
27;2021-08-01;538;498;370909;297906;61.7;49.6
27;2021-08-02;3321;2583;374230;300489;62.3;50.0
27;2021-08-03;3429;2770;377659;303259;62.9;50.5
27;2021-08-04;3038;2333;380697;305592;63.4;50.9
27;2021-08-05;2679;2357;383376;307949;63.8;51.3
27;2021-08-06;3270;3247;386646;311196;64.4;51.8
27;2021-08-07;1800;2558;388446;313754;64.7;52.2
27;2021-08-08;219;197;388665;313951;64.7;52.3
27;2021-08-09;2210;2808;390875;316759;65.1;52.7
27;2021-08-10;2812;3508;393687;320267;65.5;53.3
27;2021-08-11;2629;3101;396316;323368;66.0;53.8
27;2021-08-12;2352;3905;398668;327273;66.4;54.5
27;2021-08-13;1742;2568;400410;329841;66.7;54.9
27;2021-08-14;1162;2892;401572;332733;66.9;55.4
27;2021-08-15;18;23;401590;332756;66.9;55.4
27;2021-08-16;1809;3812;403399;336568;67.2;56.0
27;2021-08-17;2041;3438;405440;340006;67.5;56.6
27;2021-08-18;1452;2983;406892;342989;67.7;57.1
27;2021-08-19;1705;3357;408597;346346;68.0;57.7
27;2021-08-20;1628;3440;410225;349786;68.3;58.2
27;2021-08-21;981;2846;411206;352632;68.5;58.7
27;2021-08-22;184;157;411390;352789;68.5;58.7
27;2021-08-23;1076;4006;412466;356795;68.7;59.4
27;2021-08-24;1433;3968;413899;360763;68.9;60.1
27;2021-08-25;1715;3412;415614;364175;69.2;60.6
27;2021-08-26;1146;2922;416760;367097;69.4;61.1
27;2021-08-27;1263;3217;418023;370314;69.6;61.6
27;2021-08-28;907;2865;418930;373179;69.7;62.1
27;2021-08-29;86;136;419016;373315;69.8;62.1
27;2021-08-30;904;3312;419920;376627;69.9;62.7
27;2021-08-31;1221;3206;421141;379833;70.1;63.2
27;2021-09-01;992;3173;422133;383006;70.3;63.8
27;2021-09-02;871;2489;423004;385495;70.4;64.2
27;2021-09-03;850;2467;423854;387962;70.6;64.6
27;2021-09-04;724;2087;424578;390049;70.7;64.9
27;2021-09-05;36;162;424614;390211;70.7;65.0
27;2021-09-06;536;1805;425150;392016;70.8;65.3
27;2021-09-07;692;2363;425842;394379;70.9;65.7
27;2021-09-08;759;2404;426601;396783;71.0;66.1
27;2021-09-09;660;1930;427261;398713;71.1;66.4
28;2020-12-27;0;0;0;0;0.0;0.0
28;2020-12-28;0;0;0;0;0.0;0.0
28;2020-12-29;0;0;0;0;0.0;0.0
28;2020-12-30;0;0;0;0;0.0;0.0
28;2020-12-31;0;0;0;0;0.0;0.0
28;2021-01-01;1;0;1;0;0.0;0.0
28;2021-01-02;0;0;1;0;0.0;0.0
28;2021-01-03;0;0;1;0;0.0;0.0
28;2021-01-04;0;0;1;0;0.0;0.0
28;2021-01-05;5;0;6;0;0.0;0.0
28;2021-01-06;84;0;90;0;0.0;0.0
28;2021-01-07;102;0;192;0;0.0;0.0
28;2021-01-08;134;2;326;2;0.1;0.0
28;2021-01-09;78;0;404;2;0.1;0.0
28;2021-01-10;1;0;405;2;0.1;0.0
28;2021-01-11;205;0;610;2;0.1;0.0
28;2021-01-12;265;1;875;3;0.2;0.0
28;2021-01-13;397;3;1272;6;0.3;0.0
28;2021-01-14;449;5;1721;11;0.4;0.0
28;2021-01-15;374;3;2095;14;0.5;0.0
28;2021-01-16;206;2;2301;16;0.5;0.0
28;2021-01-17;21;0;2322;16;0.5;0.0
28;2021-01-18;372;2;2694;18;0.6;0.0
28;2021-01-19;503;4;3197;22;0.7;0.0
28;2021-01-20;637;1;3834;23;0.9;0.0
28;2021-01-21;797;3;4631;26;1.1;0.0
28;2021-01-22;479;1;5110;27;1.2;0.0
28;2021-01-23;354;0;5464;27;1.3;0.0
28;2021-01-24;1;0;5465;27;1.3;0.0
28;2021-01-25;456;4;5921;31;1.4;0.0
28;2021-01-26;719;4;6640;35;1.5;0.0
28;2021-01-27;1213;50;7853;85;1.8;0.0
28;2021-01-28;1587;92;9440;177;2.2;0.0
28;2021-01-29;897;90;10337;267;2.4;0.1
28;2021-01-30;248;49;10585;316;2.5;0.1
28;2021-01-31;2;22;10587;338;2.5;0.1
28;2021-02-01;325;116;10912;454;2.5;0.1
28;2021-02-02;370;229;11282;683;2.6;0.2
28;2021-02-03;473;249;11755;932;2.7;0.2
28;2021-02-04;525;267;12280;1199;2.9;0.3
28;2021-02-05;436;212;12716;1411;3.0;0.3
28;2021-02-06;200;128;12916;1539;3.0;0.4
28;2021-02-07;0;0;12916;1539;3.0;0.4
28;2021-02-08;331;214;13247;1753;3.1;0.4
28;2021-02-09;281;287;13528;2040;3.2;0.5
28;2021-02-10;443;343;13971;2383;3.3;0.6
28;2021-02-11;562;435;14533;2818;3.4;0.7
28;2021-02-12;453;353;14986;3171;3.5;0.7
28;2021-02-13;181;163;15167;3334;3.5;0.8
28;2021-02-14;0;2;15167;3336;3.5;0.8
28;2021-02-15;280;375;15447;3711;3.6;0.9
28;2021-02-16;394;646;15841;4357;3.7;1.0
28;2021-02-17;585;1071;16426;5428;3.8;1.3
28;2021-02-18;666;1344;17092;6772;4.0;1.6
28;2021-02-19;548;713;17640;7485;4.1;1.7
28;2021-02-20;114;124;17754;7609;4.1;1.8
28;2021-02-21;7;32;17761;7641;4.1;1.8
28;2021-02-22;223;452;17984;8093;4.2;1.9
28;2021-02-23;203;333;18187;8426;4.2;2.0
28;2021-02-24;244;406;18431;8832;4.3;2.1
28;2021-02-25;574;382;19005;9214;4.4;2.1
28;2021-02-26;764;339;19769;9553;4.6;2.2
28;2021-02-27;265;77;20034;9630;4.7;2.2
28;2021-02-28;23;17;20057;9647;4.7;2.2
28;2021-03-01;292;193;20349;9840;4.7;2.3
28;2021-03-02;397;258;20746;10098;4.8;2.4
28;2021-03-03;369;367;21115;10465;4.9;2.4
28;2021-03-04;720;444;21835;10909;5.1;2.5
28;2021-03-05;1319;383;23154;11292;5.4;2.6
28;2021-03-06;1998;82;25152;11374;5.9;2.6
28;2021-03-07;974;30;26126;11404;6.1;2.7
28;2021-03-08;398;275;26524;11679;6.2;2.7
28;2021-03-09;981;351;27505;12030;6.4;2.8
28;2021-03-10;1357;530;28862;12560;6.7;2.9
28;2021-03-11;1536;688;30398;13248;7.1;3.1
28;2021-03-12;2258;631;32656;13879;7.6;3.2
28;2021-03-13;1235;131;33891;14010;7.9;3.3
28;2021-03-14;518;17;34409;14027;8.0;3.3
28;2021-03-15;755;232;35164;14259;8.2;3.3
28;2021-03-16;716;222;35880;14481;8.4;3.4
28;2021-03-17;746;286;36626;14767;8.5;3.4
28;2021-03-18;1203;274;37829;15041;8.8;3.5
28;2021-03-19;1558;328;39387;15369;9.2;3.6
28;2021-03-20;639;21;40026;15390;9.3;3.6
28;2021-03-21;29;8;40055;15398;9.3;3.6
28;2021-03-22;767;320;40822;15718;9.5;3.7
28;2021-03-23;1027;191;41849;15909;9.7;3.7
28;2021-03-24;1312;275;43161;16184;10.1;3.8
28;2021-03-25;1797;286;44958;16470;10.5;3.8
28;2021-03-26;2084;346;47042;16816;11.0;3.9
28;2021-03-27;402;38;47444;16854;11.0;3.9
28;2021-03-28;12;0;47456;16854;11.1;3.9
28;2021-03-29;1140;354;48596;17208;11.3;4.0
28;2021-03-30;1711;251;50307;17459;11.7;4.1
28;2021-03-31;2018;480;52325;17939;12.2;4.2
28;2021-04-01;1796;588;54121;18527;12.6;4.3
28;2021-04-02;1585;1316;55706;19843;13.0;4.6
28;2021-04-03;607;1071;56313;20914;13.1;4.9
28;2021-04-04;33;300;56346;21214;13.1;4.9
28;2021-04-05;40;3;56386;21217;13.1;4.9
28;2021-04-06;1225;461;57611;21678;13.4;5.0
28;2021-04-07;1890;1006;59501;22684;13.9;5.3
28;2021-04-08;2086;1069;61587;23753;14.3;5.5
28;2021-04-09;3235;919;64822;24672;15.1;5.7
28;2021-04-10;1581;199;66403;24871;15.5;5.8
28;2021-04-11;141;451;66544;25322;15.5;5.9
28;2021-04-12;1674;560;68218;25882;15.9;6.0
28;2021-04-13;1875;673;70093;26555;16.3;6.2
28;2021-04-14;2771;902;72864;27457;17.0;6.4
28;2021-04-15;2556;1146;75420;28603;17.6;6.7
28;2021-04-16;2553;805;77973;29408;18.2;6.8
28;2021-04-17;2309;133;80282;29541;18.7;6.9
28;2021-04-18;45;8;80327;29549;18.7;6.9
28;2021-04-19;1577;649;81904;30198;19.1;7.0
28;2021-04-20;1841;598;83745;30796;19.5;7.2
28;2021-04-21;2679;963;86424;31759;20.1;7.4
28;2021-04-22;1783;1216;88207;32975;20.5;7.7
28;2021-04-23;2325;1103;90532;34078;21.1;7.9
28;2021-04-24;3657;138;94189;34216;21.9;8.0
28;2021-04-25;1012;38;95201;34254;22.2;8.0
28;2021-04-26;1331;927;96532;35181;22.5;8.2
28;2021-04-27;1436;1274;97968;36455;22.8;8.5
28;2021-04-28;2374;1832;100342;38287;23.4;8.9
28;2021-04-29;2130;1506;102472;39793;23.9;9.3
28;2021-04-30;2974;1226;105446;41019;24.6;9.6
28;2021-05-01;127;118;105573;41137;24.6;9.6
28;2021-05-02;2;65;105575;41202;24.6;9.6
28;2021-05-03;1047;1017;106622;42219;24.8;9.8
28;2021-05-04;1360;1670;107982;43889;25.1;10.2
28;2021-05-05;2830;1652;110812;45541;25.8;10.6
28;2021-05-06;2457;1473;113269;47014;26.4;10.9
28;2021-05-07;2310;1925;115579;48939;26.9;11.4
28;2021-05-08;1078;112;116657;49051;27.2;11.4
28;2021-05-09;105;610;116762;49661;27.2;11.6
28;2021-05-10;1308;1893;118070;51554;27.5;12.0
28;2021-05-11;2028;2332;120098;53886;28.0;12.5
28;2021-05-12;2619;3229;122717;57115;28.6;13.3
28;2021-05-13;290;451;123007;57566;28.6;13.4
28;2021-05-14;1899;1615;124906;59181;29.1;13.8
28;2021-05-15;1436;1674;126342;60855;29.4;14.2
28;2021-05-16;1987;131;128329;60986;29.9;14.2
28;2021-05-17;2876;1487;131205;62473;30.6;14.5
28;2021-05-18;3382;1380;134587;63853;31.3;14.9
28;2021-05-19;5092;1282;139679;65135;32.5;15.2
28;2021-05-20;4150;1231;143829;66366;33.5;15.5
28;2021-05-21;3465;1579;147294;67945;34.3;15.8
28;2021-05-22;729;1161;148023;69106;34.5;16.1
28;2021-05-23;1957;138;149980;69244;34.9;16.1
28;2021-05-24;1429;395;151409;69639;35.3;16.2
28;2021-05-25;1877;1406;153286;71045;35.7;16.5
28;2021-05-26;2767;1341;156053;72386;36.3;16.9
28;2021-05-27;2756;1234;158809;73620;37.0;17.1
28;2021-05-28;3081;1731;161890;75351;37.7;17.5
28;2021-05-29;1869;874;163759;76225;38.1;17.8
28;2021-05-30;16;47;163775;76272;38.1;17.8
28;2021-05-31;2014;936;165789;77208;38.6;18.0
28;2021-06-01;2133;1660;167922;78868;39.1;18.4
28;2021-06-02;2077;2458;169999;81326;39.6;18.9
28;2021-06-03;2498;1560;172497;82886;40.2;19.3
28;2021-06-04;2608;2357;175105;85243;40.8;19.9
28;2021-06-05;1909;2527;177014;87770;41.2;20.4
28;2021-06-06;1059;1046;178073;88816;41.5;20.7
28;2021-06-07;3577;1575;181650;90391;42.3;21.0
28;2021-06-08;3198;1517;184848;91908;43.0;21.4
28;2021-06-09;3676;2125;188524;94033;43.9;21.9
28;2021-06-10;3142;1257;191666;95290;44.6;22.2
28;2021-06-11;3792;2131;195458;97421;45.5;22.7
28;2021-06-12;1305;561;196763;97982;45.8;22.8
28;2021-06-13;385;108;197148;98090;45.9;22.8
28;2021-06-14;2208;1998;199356;100088;46.4;23.3
28;2021-06-15;2092;2225;201448;102313;46.9;23.8
28;2021-06-16;2510;3973;203958;106286;47.5;24.8
28;2021-06-17;1932;3135;205890;109421;47.9;25.5
28;2021-06-18;2474;3785;208364;113206;48.5;26.4
28;2021-06-19;776;1612;209140;114818;48.7;26.7
28;2021-06-20;23;24;209163;114842;48.7;26.7
28;2021-06-21;1685;1990;210848;116832;49.1;27.2
28;2021-06-22;1372;2106;212220;118938;49.4;27.7
28;2021-06-23;1782;3164;214002;122102;49.8;28.4
28;2021-06-24;733;929;214735;123031;50.0;28.7
28;2021-06-25;1890;3028;216625;126059;50.4;29.4
28;2021-06-26;310;2111;216935;128170;50.5;29.8
28;2021-06-27;588;1284;217523;129454;50.7;30.1
28;2021-06-28;1226;3655;218749;133109;50.9;31.0
28;2021-06-29;1342;3794;220091;136903;51.3;31.9
28;2021-06-30;1495;4259;221586;141162;51.6;32.9
28;2021-07-01;1277;3500;222863;144662;51.9;33.7
28;2021-07-02;1313;4653;224176;149315;52.2;34.8
28;2021-07-03;1132;2370;225308;151685;52.5;35.3
28;2021-07-04;146;1326;225454;153011;52.5;35.6
28;2021-07-05;1362;2513;226816;155524;52.8;36.2
28;2021-07-06;1510;2871;228326;158395;53.2;36.9
28;2021-07-07;1636;4144;229962;162539;53.6;37.9
28;2021-07-08;1470;3239;231432;165778;53.9;38.6
28;2021-07-09;1394;4518;232826;170296;54.2;39.7
28;2021-07-10;528;2207;233354;172503;54.3;40.2
28;2021-07-11;2;1;233356;172504;54.3;40.2
28;2021-07-12;1527;3930;234883;176434;54.7;41.1
28;2021-07-13;2264;4142;237147;180576;55.2;42.1
28;2021-07-14;1329;1396;238476;181972;55.5;42.4
28;2021-07-15;2986;3976;241462;185948;56.2;43.3
28;2021-07-16;2444;4751;243906;190699;56.8;44.4
28;2021-07-17;1263;2428;245169;193127;57.1;45.0
28;2021-07-18;369;944;245538;194071;57.2;45.2
28;2021-07-19;1809;4339;247347;198410;57.6;46.2
28;2021-07-20;2477;4090;249824;202500;58.2;47.2
28;2021-07-21;2965;4287;252789;206787;58.9;48.2
28;2021-07-22;3668;3428;256457;210215;59.7;49.0
28;2021-07-23;2963;3999;259420;214214;60.4;49.9
28;2021-07-24;1713;1484;261133;215698;60.8;50.2
28;2021-07-25;67;60;261200;215758;60.8;50.2
28;2021-07-26;2932;3386;264132;219144;61.5;51.0
28;2021-07-27;3885;2621;268017;221765;62.4;51.6
28;2021-07-28;3949;2742;271966;224507;63.3;52.3
28;2021-07-29;4467;2090;276433;226597;64.4;52.8
28;2021-07-30;3820;2841;280253;229438;65.3;53.4
28;2021-07-31;763;825;281016;230263;65.4;53.6
28;2021-08-01;378;65;281394;230328;65.5;53.6
28;2021-08-02;1793;1519;283187;231847;65.9;54.0
28;2021-08-03;2686;2163;285873;234010;66.6;54.5
28;2021-08-04;1934;2299;287807;236309;67.0;55.0
28;2021-08-05;1665;1731;289472;238040;67.4;55.4
28;2021-08-06;1614;1970;291086;240010;67.8;55.9
28;2021-08-07;800;1001;291886;241011;68.0;56.1
28;2021-08-08;22;33;291908;241044;68.0;56.1
28;2021-08-09;1389;1100;293297;242144;68.3;56.4
28;2021-08-10;1712;2027;295009;244171;68.7;56.9
28;2021-08-11;1272;1571;296281;245742;69.0;57.2
28;2021-08-12;1165;1882;297446;247624;69.3;57.7
28;2021-08-13;1316;1648;298762;249272;69.6;58.0
28;2021-08-14;656;843;299418;250115;69.7;58.2
28;2021-08-15;265;60;299683;250175;69.8;58.3
28;2021-08-16;859;2142;300542;252317;70.0;58.8
28;2021-08-17;1124;2798;301666;255115;70.2;59.4
28;2021-08-18;890;2411;302556;257526;70.5;60.0
28;2021-08-19;884;2617;303440;260143;70.7;60.6
28;2021-08-20;936;2752;304376;262895;70.9;61.2
28;2021-08-21;378;1001;304754;263896;71.0;61.5
28;2021-08-22;8;31;304762;263927;71.0;61.5
28;2021-08-23;1040;2146;305802;266073;71.2;62.0
28;2021-08-24;860;2583;306662;268656;71.4;62.6
28;2021-08-25;1068;2207;307730;270863;71.7;63.1
28;2021-08-26;692;1814;308422;272677;71.8;63.5
28;2021-08-27;749;2365;309171;275042;72.0;64.0
28;2021-08-28;523;1094;309694;276136;72.1;64.3
28;2021-08-29;7;23;309701;276159;72.1;64.3
28;2021-08-30;992;2183;310693;278342;72.4;64.8
28;2021-08-31;797;2247;311490;280589;72.5;65.3
28;2021-09-01;744;2603;312234;283192;72.7;65.9
28;2021-09-02;541;2111;312775;285303;72.8;66.4
28;2021-09-03;659;2560;313434;287863;73.0;67.0
28;2021-09-04;584;2601;314018;290464;73.1;67.6
28;2021-09-05;209;247;314227;290711;73.2;67.7
28;2021-09-06;403;1618;314630;292329;73.3;68.1
28;2021-09-07;351;1450;314981;293779;73.3;68.4
28;2021-09-08;539;1586;315520;295365;73.5;68.8
28;2021-09-09;315;1137;315835;296502;73.5;69.0
29;2020-12-27;0;0;0;0;0.0;0.0
29;2020-12-28;1;0;1;0;0.0;0.0
29;2020-12-29;0;0;1;0;0.0;0.0
29;2020-12-30;0;0;1;0;0.0;0.0
29;2020-12-31;0;0;1;0;0.0;0.0
29;2021-01-01;2;0;3;0;0.0;0.0
29;2021-01-02;0;0;3;0;0.0;0.0
29;2021-01-03;1;0;4;0;0.0;0.0
29;2021-01-04;32;0;36;0;0.0;0.0
29;2021-01-05;31;0;67;0;0.0;0.0
29;2021-01-06;43;0;110;0;0.0;0.0
29;2021-01-07;137;0;247;0;0.0;0.0
29;2021-01-08;408;0;655;0;0.1;0.0
29;2021-01-09;2;0;657;0;0.1;0.0
29;2021-01-10;2;0;659;0;0.1;0.0
29;2021-01-11;667;0;1326;0;0.1;0.0
29;2021-01-12;1120;0;2446;0;0.3;0.0
29;2021-01-13;1101;1;3547;1;0.4;0.0
29;2021-01-14;894;4;4441;5;0.5;0.0
29;2021-01-15;1221;7;5662;12;0.6;0.0
29;2021-01-16;168;1;5830;13;0.6;0.0
29;2021-01-17;112;1;5942;14;0.7;0.0
29;2021-01-18;841;3;6783;17;0.7;0.0
29;2021-01-19;1313;1;8096;18;0.9;0.0
29;2021-01-20;2396;2;10492;20;1.2;0.0
29;2021-01-21;5658;7;16150;27;1.8;0.0
29;2021-01-22;3775;5;19925;32;2.2;0.0
29;2021-01-23;538;0;20463;32;2.3;0.0
29;2021-01-24;200;1;20663;33;2.3;0.0
29;2021-01-25;575;7;21238;40;2.3;0.0
29;2021-01-26;951;34;22189;74;2.4;0.0
29;2021-01-27;1286;52;23475;126;2.6;0.0
29;2021-01-28;803;136;24278;262;2.7;0.0
29;2021-01-29;780;199;25058;461;2.8;0.1
29;2021-01-30;281;4;25339;465;2.8;0.1
29;2021-01-31;80;5;25419;470;2.8;0.1
29;2021-02-01;429;436;25848;906;2.9;0.1
29;2021-02-02;878;727;26726;1633;2.9;0.2
29;2021-02-03;812;874;27538;2507;3.0;0.3
29;2021-02-04;867;625;28405;3132;3.1;0.3
29;2021-02-05;675;564;29080;3696;3.2;0.4
29;2021-02-06;249;92;29329;3788;3.2;0.4
29;2021-02-07;78;95;29407;3883;3.2;0.4
29;2021-02-08;383;427;29790;4310;3.3;0.5
29;2021-02-09;863;829;30653;5139;3.4;0.6
29;2021-02-10;1150;1000;31803;6139;3.5;0.7
29;2021-02-11;1796;4132;33599;10271;3.7;1.1
29;2021-02-12;2326;2477;35925;12748;4.0;1.4
29;2021-02-13;638;400;36563;13148;4.0;1.5
29;2021-02-14;12;214;36575;13362;4.0;1.5
29;2021-02-15;266;835;36841;14197;4.1;1.6
29;2021-02-16;887;938;37728;15135;4.2;1.7
29;2021-02-17;801;708;38529;15843;4.3;1.7
29;2021-02-18;1530;736;40059;16579;4.4;1.8
29;2021-02-19;1416;849;41475;17428;4.6;1.9
29;2021-02-20;204;297;41679;17725;4.6;2.0
29;2021-02-21;162;156;41841;17881;4.6;2.0
29;2021-02-22;773;489;42614;18370;4.7;2.0
29;2021-02-23;1271;775;43885;19145;4.8;2.1
29;2021-02-24;1471;688;45356;19833;5.0;2.2
29;2021-02-25;2510;768;47866;20601;5.3;2.3
29;2021-02-26;2676;615;50542;21216;5.6;2.3
29;2021-02-27;1284;234;51826;21450;5.7;2.4
29;2021-02-28;200;69;52026;21519;5.7;2.4
29;2021-03-01;945;423;52971;21942;5.8;2.4
29;2021-03-02;1817;714;54788;22656;6.0;2.5
29;2021-03-03;2095;918;56883;23574;6.3;2.6
29;2021-03-04;2844;1457;59727;25031;6.6;2.8
29;2021-03-05;3540;1607;63267;26638;7.0;2.9
29;2021-03-06;2000;411;65267;27049;7.2;3.0
29;2021-03-07;412;77;65679;27126;7.2;3.0
29;2021-03-08;1274;564;66953;27690;7.4;3.1
29;2021-03-09;2605;943;69558;28633;7.7;3.2
29;2021-03-10;2427;849;71985;29482;7.9;3.3
29;2021-03-11;4519;980;76504;30462;8.4;3.4
29;2021-03-12;5270;950;81774;31412;9.0;3.5
29;2021-03-13;2826;404;84600;31816;9.3;3.5
29;2021-03-14;365;3;84965;31819;9.4;3.5
29;2021-03-15;2050;268;87015;32087;9.6;3.5
29;2021-03-16;1823;735;88838;32822;9.8;3.6
29;2021-03-17;1861;703;90699;33525;10.0;3.7
29;2021-03-18;1865;1037;92564;34562;10.2;3.8
29;2021-03-19;3270;877;95834;35439;10.6;3.9
29;2021-03-20;1914;222;97748;35661;10.8;3.9
29;2021-03-21;132;11;97880;35672;10.8;3.9
29;2021-03-22;1647;555;99527;36227;11.0;4.0
29;2021-03-23;3442;1030;102969;37257;11.4;4.1
29;2021-03-24;3781;1020;106750;38277;11.8;4.2
29;2021-03-25;4820;1067;111570;39344;12.3;4.3
29;2021-03-26;5423;1161;116993;40505;12.9;4.5
29;2021-03-27;2429;331;119422;40836;13.2;4.5
29;2021-03-28;198;50;119620;40886;13.2;4.5
29;2021-03-29;2041;817;121661;41703;13.4;4.6
29;2021-03-30;3977;1327;125638;43030;13.9;4.7
29;2021-03-31;3935;1153;129573;44183;14.3;4.9
29;2021-04-01;5028;1141;134601;45324;14.8;5.0
29;2021-04-02;4766;1166;139367;46490;15.4;5.1
29;2021-04-03;2500;535;141867;47025;15.6;5.2
29;2021-04-04;146;33;142013;47058;15.7;5.2
29;2021-04-05;972;330;142985;47388;15.8;5.2
29;2021-04-06;3200;1232;146185;48620;16.1;5.4
29;2021-04-07;3654;942;149839;49562;16.5;5.5
29;2021-04-08;5287;2056;155126;51618;17.1;5.7
29;2021-04-09;6753;1563;161879;53181;17.9;5.9
29;2021-04-10;3501;709;165380;53890;18.2;5.9
29;2021-04-11;120;80;165500;53970;18.3;6.0
29;2021-04-12;3855;1480;169355;55450;18.7;6.1
29;2021-04-13;5863;1760;175218;57210;19.3;6.3
29;2021-04-14;4762;1745;179980;58955;19.9;6.5
29;2021-04-15;7176;1730;187156;60685;20.6;6.7
29;2021-04-16;6704;1354;193860;62039;21.4;6.8
29;2021-04-17;3829;970;197689;63009;21.8;7.0
29;2021-04-18;489;40;198178;63049;21.9;7.0
29;2021-04-19;3881;1464;202059;64513;22.3;7.1
29;2021-04-20;4397;2134;206456;66647;22.8;7.4
29;2021-04-21;4375;2199;210831;68846;23.3;7.6
29;2021-04-22;6643;2852;217474;71698;24.0;7.9
29;2021-04-23;6049;2194;223523;73892;24.7;8.2
29;2021-04-24;4008;1310;227531;75202;25.1;8.3
29;2021-04-25;434;169;227965;75371;25.1;8.3
29;2021-04-26;5261;1868;233226;77239;25.7;8.5
29;2021-04-27;5335;3184;238561;80423;26.3;8.9
29;2021-04-28;5362;2898;243923;83321;26.9;9.2
29;2021-04-29;6595;3319;250518;86640;27.6;9.6
29;2021-04-30;6268;3885;256786;90525;28.3;10.0
29;2021-05-01;1987;977;258773;91502;28.5;10.1
29;2021-05-02;1249;193;260022;91695;28.7;10.1
29;2021-05-03;4541;2283;264563;93978;29.2;10.4
29;2021-05-04;4111;3740;268674;97718;29.6;10.8
29;2021-05-05;4518;3403;273192;101121;30.1;11.2
29;2021-05-06;6237;3710;279429;104831;30.8;11.6
29;2021-05-07;5985;4594;285414;109425;31.5;12.1
29;2021-05-08;2096;560;287510;109985;31.7;12.1
29;2021-05-09;1729;136;289239;110121;31.9;12.1
29;2021-05-10;4760;3756;293999;113877;32.4;12.6
29;2021-05-11;4710;4977;298709;118854;32.9;13.1
29;2021-05-12;5025;4373;303734;123227;33.5;13.6
29;2021-05-13;3441;1498;307175;124725;33.9;13.8
29;2021-05-14;5650;3997;312825;128722;34.5;14.2
29;2021-05-15;4048;2304;316873;131026;35.0;14.5
29;2021-05-16;1588;294;318461;131320;35.1;14.5
29;2021-05-17;5563;3128;324024;134448;35.7;14.8
29;2021-05-18;5732;3079;329756;137527;36.4;15.2
29;2021-05-19;6214;2961;335970;140488;37.1;15.5
29;2021-05-20;7176;4553;343146;145041;37.9;16.0
29;2021-05-21;7216;3804;350362;148845;38.6;16.4
29;2021-05-22;5343;2126;355705;150971;39.2;16.7
29;2021-05-23;1631;65;357336;151036;39.4;16.7
29;2021-05-24;3485;533;360821;151569;39.8;16.7
29;2021-05-25;5836;3035;366657;154604;40.4;17.1
29;2021-05-26;5894;2991;372551;157595;41.1;17.4
29;2021-05-27;6827;3961;379378;161556;41.8;17.8
29;2021-05-28;6547;4429;385925;165985;42.6;18.3
29;2021-05-29;4382;2805;390307;168790;43.1;18.6
29;2021-05-30;1114;360;391421;169150;43.2;18.7
29;2021-05-31;6384;3441;397805;172591;43.9;19.0
29;2021-06-01;6605;4324;404410;176915;44.6;19.5
29;2021-06-02;6166;4131;410576;181046;45.3;20.0
29;2021-06-03;7696;4503;418272;185549;46.1;20.5
29;2021-06-04;6814;6153;425086;191702;46.9;21.1
29;2021-06-05;5351;3030;430437;194732;47.5;21.5
29;2021-06-06;1285;538;431722;195270;47.6;21.5
29;2021-06-07;4660;5562;436382;200832;48.1;22.2
29;2021-06-08;7175;5194;443557;206026;48.9;22.7
29;2021-06-09;6408;4750;449965;210776;49.6;23.3
29;2021-06-10;7777;5052;457742;215828;50.5;23.8
29;2021-06-11;8479;5869;466221;221697;51.4;24.5
29;2021-06-12;6567;2811;472788;224508;52.2;24.8
29;2021-06-13;2352;1372;475140;225880;52.4;24.9
29;2021-06-14;4035;6317;479175;232197;52.9;25.6
29;2021-06-15;5479;6188;484654;238385;53.5;26.3
29;2021-06-16;5571;5623;490225;244008;54.1;26.9
29;2021-06-17;6369;6305;496594;250313;54.8;27.6
29;2021-06-18;6116;7488;502710;257801;55.5;28.4
29;2021-06-19;4623;3528;507333;261329;56.0;28.8
29;2021-06-20;891;1452;508224;262781;56.1;29.0
29;2021-06-21;3761;6496;511985;269277;56.5;29.7
29;2021-06-22;4490;6423;516475;275700;57.0;30.4
29;2021-06-23;4675;6130;521150;281830;57.5;31.1
29;2021-06-24;4809;6747;525959;288577;58.0;31.8
29;2021-06-25;3598;7530;529557;296107;58.4;32.7
29;2021-06-26;2131;4093;531688;300200;58.6;33.1
29;2021-06-27;967;1632;532655;301832;58.8;33.3
29;2021-06-28;2843;6862;535498;308694;59.1;34.1
29;2021-06-29;2816;7727;538314;316421;59.4;34.9
29;2021-06-30;3048;7507;541362;323928;59.7;35.7
29;2021-07-01;3790;8417;545152;332345;60.1;36.7
29;2021-07-02;3607;9659;548759;342004;60.5;37.7
29;2021-07-03;2328;6053;551087;348057;60.8;38.4
29;2021-07-04;816;1771;551903;349828;60.9;38.6
29;2021-07-05;1916;7158;553819;356986;61.1;39.4
29;2021-07-06;1540;8009;555359;364995;61.3;40.3
29;2021-07-07;1707;7038;557066;372033;61.4;41.0
29;2021-07-08;2453;8202;559519;380235;61.7;41.9
29;2021-07-09;2632;9071;562151;389306;62.0;42.9
29;2021-07-10;1919;6104;564070;395410;62.2;43.6
29;2021-07-11;449;1064;564519;396474;62.3;43.7
29;2021-07-12;1983;8379;566502;404853;62.5;44.7
29;2021-07-13;2755;8662;569257;413515;62.8;45.6
29;2021-07-14;2087;3373;571344;416888;63.0;46.0
29;2021-07-15;3861;9724;575205;426612;63.4;47.1
29;2021-07-16;4619;9191;579824;435803;64.0;48.1
29;2021-07-17;3224;6112;583048;441915;64.3;48.7
29;2021-07-18;669;1080;583717;442995;64.4;48.9
29;2021-07-19;3158;7545;586875;450540;64.7;49.7
29;2021-07-20;3559;9434;590434;459974;65.1;50.7
29;2021-07-21;3662;7723;594096;467697;65.5;51.6
29;2021-07-22;3428;8533;597524;476230;65.9;52.5
29;2021-07-23;4066;10704;601590;486934;66.4;53.7
29;2021-07-24;2536;5959;604126;492893;66.6;54.4
29;2021-07-25;656;2360;604782;495253;66.7;54.6
29;2021-07-26;3399;7277;608181;502530;67.1;55.4
29;2021-07-27;3726;7111;611907;509641;67.5;56.2
29;2021-07-28;4212;6032;616119;515673;68.0;56.9
29;2021-07-29;5697;6360;621816;522033;68.6;57.6
29;2021-07-30;5467;6535;627283;528568;69.2;58.3
29;2021-07-31;2938;4932;630221;533500;69.5;58.8
29;2021-08-01;658;921;630879;534421;69.6;59.0
29;2021-08-02;4292;5216;635171;539637;70.1;59.5
29;2021-08-03;5490;4407;640661;544044;70.7;60.0
29;2021-08-04;5740;3608;646401;547652;71.3;60.4
29;2021-08-05;6652;4109;653053;551761;72.0;60.9
29;2021-08-06;6203;4333;659256;556094;72.7;61.3
29;2021-08-07;4286;2956;663542;559050;73.2;61.7
29;2021-08-08;847;752;664389;559802;73.3;61.8
29;2021-08-09;3084;4739;667473;564541;73.6;62.3
29;2021-08-10;4491;3866;671964;568407;74.1;62.7
29;2021-08-11;3957;3187;675921;571594;74.6;63.1
29;2021-08-12;4643;4498;680564;576092;75.1;63.5
29;2021-08-13;4174;3723;684738;579815;75.5;64.0
29;2021-08-14;2961;2845;687699;582660;75.9;64.3
29;2021-08-15;337;404;688036;583064;75.9;64.3
29;2021-08-16;3277;4380;691313;587444;76.3;64.8
29;2021-08-17;4405;3418;695718;590862;76.7;65.2
29;2021-08-18;3668;3616;699386;594478;77.1;65.6
29;2021-08-19;3902;4718;703288;599196;77.6;66.1
29;2021-08-20;3500;4601;706788;603797;78.0;66.6
29;2021-08-21;2265;3167;709053;606964;78.2;67.0
29;2021-08-22;214;416;709267;607380;78.2;67.0
29;2021-08-23;2494;4628;711761;612008;78.5;67.5
29;2021-08-24;2439;4952;714200;616960;78.8;68.1
29;2021-08-25;2150;4229;716350;621189;79.0;68.5
29;2021-08-26;2340;5337;718690;626526;79.3;69.1
29;2021-08-27;2044;5917;720734;632443;79.5;69.8
29;2021-08-28;1468;3996;722202;636439;79.7;70.2
29;2021-08-29;449;1318;722651;637757;79.7;70.3
29;2021-08-30;1453;4231;724104;641988;79.9;70.8
29;2021-08-31;1593;4532;725697;646520;80.1;71.3
29;2021-09-01;1342;4002;727039;650522;80.2;71.8
29;2021-09-02;1172;4410;728211;654932;80.3;72.2
29;2021-09-03;1417;5237;729628;660169;80.5;72.8
29;2021-09-04;1417;4063;731045;664232;80.6;73.3
29;2021-09-05;225;740;731270;664972;80.7;73.4
29;2021-09-06;735;3748;732005;668720;80.7;73.8
29;2021-09-07;923;3982;732928;672702;80.8;74.2
29;2021-09-08;904;3859;733832;676561;80.9;74.6
29;2021-09-09;945;3889;734777;680450;81.1;75.1
2A;2020-12-27;0;0;0;0;0.0;0.0
2A;2020-12-28;0;0;0;0;0.0;0.0
2A;2020-12-29;0;0;0;0;0.0;0.0
2A;2020-12-30;0;0;0;0;0.0;0.0
2A;2020-12-31;0;0;0;0;0.0;0.0
2A;2021-01-01;0;0;0;0;0.0;0.0
2A;2021-01-02;1;0;1;0;0.0;0.0
2A;2021-01-03;0;0;1;0;0.0;0.0
2A;2021-01-04;0;0;1;0;0.0;0.0
2A;2021-01-05;0;0;1;0;0.0;0.0
2A;2021-01-06;6;0;7;0;0.0;0.0
2A;2021-01-07;122;1;129;1;0.1;0.0
2A;2021-01-08;114;0;243;1;0.1;0.0
2A;2021-01-09;39;0;282;1;0.2;0.0
2A;2021-01-10;33;0;315;1;0.2;0.0
2A;2021-01-11;76;0;391;1;0.2;0.0
2A;2021-01-12;85;0;476;1;0.3;0.0
2A;2021-01-13;112;0;588;1;0.4;0.0
2A;2021-01-14;191;1;779;2;0.5;0.0
2A;2021-01-15;149;0;928;2;0.6;0.0
2A;2021-01-16;160;1;1088;3;0.7;0.0
2A;2021-01-17;85;1;1173;4;0.7;0.0
2A;2021-01-18;201;2;1374;6;0.8;0.0
2A;2021-01-19;488;1;1862;7;1.1;0.0
2A;2021-01-20;356;0;2218;7;1.4;0.0
2A;2021-01-21;453;1;2671;8;1.6;0.0
2A;2021-01-22;367;0;3038;8;1.9;0.0
2A;2021-01-23;183;0;3221;8;2.0;0.0
2A;2021-01-24;118;1;3339;9;2.1;0.0
2A;2021-01-25;215;0;3554;9;2.2;0.0
2A;2021-01-26;402;7;3956;16;2.4;0.0
2A;2021-01-27;324;5;4280;21;2.6;0.0
2A;2021-01-28;335;77;4615;98;2.8;0.1
2A;2021-01-29;341;61;4956;159;3.1;0.1
2A;2021-01-30;127;34;5083;193;3.1;0.1
2A;2021-01-31;92;12;5175;205;3.2;0.1
2A;2021-02-01;231;46;5406;251;3.3;0.2
2A;2021-02-02;289;111;5695;362;3.5;0.2
2A;2021-02-03;265;73;5960;435;3.7;0.3
2A;2021-02-04;256;119;6216;554;3.8;0.3
2A;2021-02-05;267;100;6483;654;4.0;0.4
2A;2021-02-06;121;54;6604;708;4.1;0.4
2A;2021-02-07;68;42;6672;750;4.1;0.5
2A;2021-02-08;91;186;6763;936;4.2;0.6
2A;2021-02-09;128;280;6891;1216;4.2;0.7
2A;2021-02-10;163;222;7054;1438;4.3;0.9
2A;2021-02-11;296;329;7350;1767;4.5;1.1
2A;2021-02-12;345;263;7695;2030;4.7;1.2
2A;2021-02-13;225;50;7920;2080;4.9;1.3
2A;2021-02-14;135;67;8055;2147;5.0;1.3
2A;2021-02-15;198;163;8253;2310;5.1;1.4
2A;2021-02-16;384;282;8637;2592;5.3;1.6
2A;2021-02-17;289;153;8926;2745;5.5;1.7
2A;2021-02-18;340;182;9266;2927;5.7;1.8
2A;2021-02-19;145;272;9411;3199;5.8;2.0
2A;2021-02-20;243;114;9654;3313;5.9;2.0
2A;2021-02-21;58;47;9712;3360;6.0;2.1
2A;2021-02-22;77;201;9789;3561;6.0;2.2
2A;2021-02-23;122;261;9911;3822;6.1;2.4
2A;2021-02-24;82;262;9993;4084;6.2;2.5
2A;2021-02-25;105;237;10098;4321;6.2;2.7
2A;2021-02-26;123;246;10221;4567;6.3;2.8
2A;2021-02-27;308;61;10529;4628;6.5;2.8
2A;2021-02-28;69;59;10598;4687;6.5;2.9
2A;2021-03-01;116;138;10714;4825;6.6;3.0
2A;2021-03-02;199;249;10913;5074;6.7;3.1
2A;2021-03-03;244;244;11157;5318;6.9;3.3
2A;2021-03-04;508;221;11665;5539;7.2;3.4
2A;2021-03-05;973;280;12638;5819;7.8;3.6
2A;2021-03-06;1166;75;13804;5894;8.5;3.6
2A;2021-03-07;1020;44;14824;5938;9.1;3.7
2A;2021-03-08;933;81;15757;6019;9.7;3.7
2A;2021-03-09;937;151;16694;6170;10.3;3.8
2A;2021-03-10;632;139;17326;6309;10.7;3.9
2A;2021-03-11;723;278;18049;6587;11.1;4.1
2A;2021-03-12;561;317;18610;6904;11.5;4.3
2A;2021-03-13;613;197;19223;7101;11.8;4.4
2A;2021-03-14;312;126;19535;7227;12.0;4.4
2A;2021-03-15;377;203;19912;7430;12.3;4.6
2A;2021-03-16;498;367;20410;7797;12.6;4.8
2A;2021-03-17;702;275;21112;8072;13.0;5.0
2A;2021-03-18;447;303;21559;8375;13.3;5.2
2A;2021-03-19;489;156;22048;8531;13.6;5.3
2A;2021-03-20;1079;261;23127;8792;14.2;5.4
2A;2021-03-21;695;54;23822;8846;14.7;5.4
2A;2021-03-22;347;67;24169;8913;14.9;5.5
2A;2021-03-23;518;58;24687;8971;15.2;5.5
2A;2021-03-24;864;92;25551;9063;15.7;5.6
2A;2021-03-25;930;142;26481;9205;16.3;5.7
2A;2021-03-26;1080;164;27561;9369;17.0;5.8
2A;2021-03-27;1189;199;28750;9568;17.7;5.9
2A;2021-03-28;241;97;28991;9665;17.8;6.0
2A;2021-03-29;283;138;29274;9803;18.0;6.0
2A;2021-03-30;383;233;29657;10036;18.3;6.2
2A;2021-03-31;446;226;30103;10262;18.5;6.3
2A;2021-04-01;638;452;30741;10714;18.9;6.6
2A;2021-04-02;904;784;31645;11498;19.5;7.1
2A;2021-04-03;646;982;32291;12480;19.9;7.7
2A;2021-04-04;579;784;32870;13264;20.2;8.2
2A;2021-04-05;525;695;33395;13959;20.6;8.6
2A;2021-04-06;550;558;33945;14517;20.9;8.9
2A;2021-04-07;791;428;34736;14945;21.4;9.2
2A;2021-04-08;1049;358;35785;15303;22.0;9.4
2A;2021-04-09;935;391;36720;15694;22.6;9.7
2A;2021-04-10;1059;382;37779;16076;23.3;9.9
2A;2021-04-11;362;256;38141;16332;23.5;10.1
2A;2021-04-12;669;340;38810;16672;23.9;10.3
2A;2021-04-13;329;379;39139;17051;24.1;10.5
2A;2021-04-14;1046;588;40185;17639;24.7;10.9
2A;2021-04-15;1044;526;41229;18165;25.4;11.2
2A;2021-04-16;873;392;42102;18557;25.9;11.4
2A;2021-04-17;1369;938;43471;19495;26.8;12.0
2A;2021-04-18;982;948;44453;20443;27.4;12.6
2A;2021-04-19;270;343;44723;20786;27.5;12.8
2A;2021-04-20;354;344;45077;21130;27.8;13.0
2A;2021-04-21;729;734;45806;21864;28.2;13.5
2A;2021-04-22;897;647;46703;22511;28.8;13.9
2A;2021-04-23;986;776;47689;23287;29.4;14.3
2A;2021-04-24;1751;984;49440;24271;30.4;14.9
2A;2021-04-25;975;305;50415;24576;31.0;15.1
2A;2021-04-26;308;226;50723;24802;31.2;15.3
2A;2021-04-27;344;347;51067;25149;31.4;15.5
2A;2021-04-28;1676;424;52743;25573;32.5;15.7
2A;2021-04-29;1054;361;53797;25934;33.1;16.0
2A;2021-04-30;1131;1062;54928;26996;33.8;16.6
2A;2021-05-01;971;575;55899;27571;34.4;17.0
2A;2021-05-02;675;708;56574;28279;34.8;17.4
2A;2021-05-03;583;576;57157;28855;35.2;17.8
2A;2021-05-04;752;535;57909;29390;35.7;18.1
2A;2021-05-05;1009;984;58918;30374;36.3;18.7
2A;2021-05-06;905;912;59823;31286;36.8;19.3
2A;2021-05-07;1156;835;60979;32121;37.5;19.8
2A;2021-05-08;422;500;61401;32621;37.8;20.1
2A;2021-05-09;783;638;62184;33259;38.3;20.5
2A;2021-05-10;454;741;62638;34000;38.6;20.9
2A;2021-05-11;652;415;63290;34415;39.0;21.2
2A;2021-05-12;924;490;64214;34905;39.5;21.5
2A;2021-05-13;920;138;65134;35043;40.1;21.6
2A;2021-05-14;797;679;65931;35722;40.6;22.0
2A;2021-05-15;780;649;66711;36371;41.1;22.4
2A;2021-05-16;739;500;67450;36871;41.5;22.7
2A;2021-05-17;583;559;68033;37430;41.9;23.0
2A;2021-05-18;614;475;68647;37905;42.3;23.3
2A;2021-05-19;787;481;69434;38386;42.7;23.6
2A;2021-05-20;692;540;70126;38926;43.2;24.0
2A;2021-05-21;536;483;70662;39409;43.5;24.3
2A;2021-05-22;441;309;71103;39718;43.8;24.5
2A;2021-05-23;533;282;71636;40000;44.1;24.6
2A;2021-05-24;125;33;71761;40033;44.2;24.6
2A;2021-05-25;420;503;72181;40536;44.4;25.0
2A;2021-05-26;425;1166;72606;41702;44.7;25.7
2A;2021-05-27;435;1111;73041;42813;45.0;26.4
2A;2021-05-28;298;916;73339;43729;45.2;26.9
2A;2021-05-29;334;900;73673;44629;45.4;27.5
2A;2021-05-30;182;507;73855;45136;45.5;27.8
2A;2021-05-31;191;413;74046;45549;45.6;28.0
2A;2021-06-01;342;727;74388;46276;45.8;28.5
2A;2021-06-02;285;940;74673;47216;46.0;29.1
2A;2021-06-03;306;852;74979;48068;46.2;29.6
2A;2021-06-04;271;1091;75250;49159;46.3;30.3
2A;2021-06-05;319;1442;75569;50601;46.5;31.2
2A;2021-06-06;173;907;75742;51508;46.6;31.7
2A;2021-06-07;170;660;75912;52168;46.7;32.1
2A;2021-06-08;324;707;76236;52875;46.9;32.6
2A;2021-06-09;300;1316;76536;54191;47.1;33.4
2A;2021-06-10;329;857;76865;55048;47.3;33.9
2A;2021-06-11;277;1019;77142;56067;47.5;34.5
2A;2021-06-12;232;657;77374;56724;47.6;34.9
2A;2021-06-13;189;797;77563;57521;47.8;35.4
2A;2021-06-14;251;922;77814;58443;47.9;36.0
2A;2021-06-15;217;507;78031;58950;48.0;36.3
2A;2021-06-16;213;776;78244;59726;48.2;36.8
2A;2021-06-17;235;591;78479;60317;48.3;37.1
2A;2021-06-18;246;914;78725;61231;48.5;37.7
2A;2021-06-19;208;690;78933;61921;48.6;38.1
2A;2021-06-20;150;692;79083;62613;48.7;38.5
2A;2021-06-21;181;792;79264;63405;48.8;39.0
2A;2021-06-22;236;841;79500;64246;48.9;39.6
2A;2021-06-23;217;568;79717;64814;49.1;39.9
2A;2021-06-24;149;369;79866;65183;49.2;40.1
2A;2021-06-25;167;471;80033;65654;49.3;40.4
2A;2021-06-26;203;873;80236;66527;49.4;41.0
2A;2021-06-27;175;794;80411;67321;49.5;41.4
2A;2021-06-28;194;704;80605;68025;49.6;41.9
2A;2021-06-29;215;689;80820;68714;49.8;42.3
2A;2021-06-30;242;491;81062;69205;49.9;42.6
2A;2021-07-01;212;485;81274;69690;50.0;42.9
2A;2021-07-02;295;370;81569;70060;50.2;43.1
2A;2021-07-03;211;617;81780;70677;50.4;43.5
2A;2021-07-04;178;664;81958;71341;50.5;43.9
2A;2021-07-05;163;235;82121;71576;50.6;44.1
2A;2021-07-06;252;389;82373;71965;50.7;44.3
2A;2021-07-07;433;610;82806;72575;51.0;44.7
2A;2021-07-08;593;705;83399;73280;51.3;45.1
2A;2021-07-09;384;421;83783;73701;51.6;45.4
2A;2021-07-10;281;346;84064;74047;51.8;45.6
2A;2021-07-11;92;159;84156;74206;51.8;45.7
2A;2021-07-12;316;349;84472;74555;52.0;45.9
2A;2021-07-13;1179;533;85651;75088;52.7;46.2
2A;2021-07-14;1624;341;87275;75429;53.7;46.4
2A;2021-07-15;1437;836;88712;76265;54.6;47.0
2A;2021-07-16;1169;467;89881;76732;55.3;47.2
2A;2021-07-17;1096;345;90977;77077;56.0;47.5
2A;2021-07-18;635;134;91612;77211;56.4;47.5
2A;2021-07-19;918;431;92530;77642;57.0;47.8
2A;2021-07-20;1284;475;93814;78117;57.8;48.1
2A;2021-07-21;1428;726;95242;78843;58.6;48.5
2A;2021-07-22;1399;766;96641;79609;59.5;49.0
2A;2021-07-23;1440;465;98081;80074;60.4;49.3
2A;2021-07-24;896;289;98977;80363;60.9;49.5
2A;2021-07-25;450;80;99427;80443;61.2;49.5
2A;2021-07-26;1199;507;100626;80950;62.0;49.8
2A;2021-07-27;1300;517;101926;81467;62.8;50.2
2A;2021-07-28;1200;592;103126;82059;63.5;50.5
2A;2021-07-29;1228;655;104354;82714;64.2;50.9
2A;2021-07-30;960;611;105314;83325;64.8;51.3
2A;2021-07-31;543;340;105857;83665;65.2;51.5
2A;2021-08-01;570;122;106427;83787;65.5;51.6
2A;2021-08-02;450;492;106877;84279;65.8;51.9
2A;2021-08-03;814;882;107691;85161;66.3;52.4
2A;2021-08-04;725;1161;108416;86322;66.7;53.1
2A;2021-08-05;957;1347;109373;87669;67.3;54.0
2A;2021-08-06;388;814;109761;88483;67.6;54.5
2A;2021-08-07;353;888;110114;89371;67.8;55.0
2A;2021-08-08;78;185;110192;89556;67.8;55.1
2A;2021-08-09;662;1141;110854;90697;68.3;55.8
2A;2021-08-10;640;1209;111494;91906;68.6;56.6
2A;2021-08-11;591;1059;112085;92965;69.0;57.2
2A;2021-08-12;739;1490;112824;94455;69.5;58.2
2A;2021-08-13;480;1067;113304;95522;69.8;58.8
2A;2021-08-14;411;765;113715;96287;70.0;59.3
2A;2021-08-15;21;26;113736;96313;70.0;59.3
2A;2021-08-16;483;1292;114219;97605;70.3;60.1
2A;2021-08-17;936;1557;115155;99162;70.9;61.1
2A;2021-08-18;524;1124;115679;100286;71.2;61.7
2A;2021-08-19;428;1009;116107;101295;71.5;62.4
2A;2021-08-20;326;574;116433;101869;71.7;62.7
2A;2021-08-21;228;536;116661;102405;71.8;63.0
2A;2021-08-22;193;618;116854;103023;71.9;63.4
2A;2021-08-23;323;745;117177;103768;72.1;63.9
2A;2021-08-24;323;857;117500;104625;72.3;64.4
2A;2021-08-25;393;879;117893;105504;72.6;65.0
2A;2021-08-26;337;769;118230;106273;72.8;65.4
2A;2021-08-27;242;711;118472;106984;72.9;65.9
2A;2021-08-28;254;352;118726;107336;73.1;66.1
2A;2021-08-29;97;115;118823;107451;73.2;66.2
2A;2021-08-30;243;653;119066;108104;73.3;66.6
2A;2021-08-31;169;520;119235;108624;73.4;66.9
2A;2021-09-01;337;822;119572;109446;73.6;67.4
2A;2021-09-02;293;698;119865;110144;73.8;67.8
2A;2021-09-03;239;616;120104;110760;73.9;68.2
2A;2021-09-04;147;449;120251;111209;74.0;68.5
2A;2021-09-05;25;23;120276;111232;74.1;68.5
2A;2021-09-06;111;400;120387;111632;74.1;68.7
2A;2021-09-07;188;751;120575;112383;74.2;69.2
2A;2021-09-08;219;770;120794;113153;74.4;69.7
2A;2021-09-09;192;556;120986;113709;74.5;70.0
2B;2020-12-27;0;0;0;0;0.0;0.0
2B;2020-12-28;0;0;0;0;0.0;0.0
2B;2020-12-29;0;0;0;0;0.0;0.0
2B;2020-12-30;0;0;0;0;0.0;0.0
2B;2020-12-31;0;0;0;0;0.0;0.0
2B;2021-01-01;0;0;0;0;0.0;0.0
2B;2021-01-02;0;0;0;0;0.0;0.0
2B;2021-01-03;0;0;0;0;0.0;0.0
2B;2021-01-04;2;0;2;0;0.0;0.0
2B;2021-01-05;0;0;2;0;0.0;0.0
2B;2021-01-06;48;1;50;1;0.0;0.0
2B;2021-01-07;210;0;260;1;0.1;0.0
2B;2021-01-08;197;1;457;2;0.3;0.0
2B;2021-01-09;40;0;497;2;0.3;0.0
2B;2021-01-10;1;0;498;2;0.3;0.0
2B;2021-01-11;74;0;572;2;0.3;0.0
2B;2021-01-12;128;1;700;3;0.4;0.0
2B;2021-01-13;93;0;793;3;0.4;0.0
2B;2021-01-14;72;0;865;3;0.5;0.0
2B;2021-01-15;259;0;1124;3;0.6;0.0
2B;2021-01-16;43;0;1167;3;0.6;0.0
2B;2021-01-17;8;0;1175;3;0.6;0.0
2B;2021-01-18;271;0;1446;3;0.8;0.0
2B;2021-01-19;502;0;1948;3;1.1;0.0
2B;2021-01-20;462;2;2410;5;1.3;0.0
2B;2021-01-21;358;0;2768;5;1.5;0.0
2B;2021-01-22;380;0;3148;5;1.7;0.0
2B;2021-01-23;61;0;3209;5;1.8;0.0
2B;2021-01-24;29;0;3238;5;1.8;0.0
2B;2021-01-25;210;2;3448;7;1.9;0.0
2B;2021-01-26;391;1;3839;8;2.1;0.0
2B;2021-01-27;342;46;4181;54;2.3;0.0
2B;2021-01-28;365;144;4546;198;2.5;0.1
2B;2021-01-29;293;156;4839;354;2.7;0.2
2B;2021-01-30;80;33;4919;387;2.7;0.2
2B;2021-01-31;60;0;4979;387;2.7;0.2
2B;2021-02-01;232;87;5211;474;2.9;0.3
2B;2021-02-02;357;75;5568;549;3.1;0.3
2B;2021-02-03;520;87;6088;636;3.3;0.3
2B;2021-02-04;458;118;6546;754;3.6;0.4
2B;2021-02-05;395;91;6941;845;3.8;0.5
2B;2021-02-06;87;11;7028;856;3.9;0.5
2B;2021-02-07;60;0;7088;856;3.9;0.5
2B;2021-02-08;231;130;7319;986;4.0;0.5
2B;2021-02-09;586;302;7905;1288;4.3;0.7
2B;2021-02-10;485;179;8390;1467;4.6;0.8
2B;2021-02-11;382;111;8772;1578;4.8;0.9
2B;2021-02-12;298;112;9070;1690;5.0;0.9
2B;2021-02-13;77;11;9147;1701;5.0;0.9
2B;2021-02-14;62;1;9209;1702;5.1;0.9
2B;2021-02-15;190;106;9399;1808;5.2;1.0
2B;2021-02-16;253;236;9652;2044;5.3;1.1
2B;2021-02-17;312;270;9964;2314;5.5;1.3
2B;2021-02-18;215;298;10179;2612;5.6;1.4
2B;2021-02-19;163;280;10342;2892;5.7;1.6
2B;2021-02-20;32;44;10374;2936;5.7;1.6
2B;2021-02-21;28;26;10402;2962;5.7;1.6
2B;2021-02-22;133;170;10535;3132;5.8;1.7
2B;2021-02-23;231;322;10766;3454;5.9;1.9
2B;2021-02-24;229;284;10995;3738;6.0;2.1
2B;2021-02-25;245;297;11240;4035;6.2;2.2
2B;2021-02-26;300;257;11540;4292;6.3;2.4
2B;2021-02-27;60;73;11600;4365;6.4;2.4
2B;2021-02-28;1;47;11601;4412;6.4;2.4
2B;2021-03-01;246;252;11847;4664;6.5;2.6
2B;2021-03-02;352;370;12199;5034;6.7;2.8
2B;2021-03-03;299;406;12498;5440;6.9;3.0
2B;2021-03-04;447;385;12945;5825;7.1;3.2
2B;2021-03-05;619;362;13564;6187;7.4;3.4
2B;2021-03-06;682;95;14246;6282;7.8;3.4
2B;2021-03-07;361;59;14607;6341;8.0;3.5
2B;2021-03-08;301;231;14908;6572;8.2;3.6
2B;2021-03-09;383;490;15291;7062;8.4;3.9
2B;2021-03-10;631;433;15922;7495;8.7;4.1
2B;2021-03-11;584;350;16506;7845;9.1;4.3
2B;2021-03-12;966;222;17472;8067;9.6;4.4
2B;2021-03-13;511;107;17983;8174;9.9;4.5
2B;2021-03-14;226;63;18209;8237;10.0;4.5
2B;2021-03-15;515;202;18724;8439;10.3;4.6
2B;2021-03-16;571;273;19295;8712;10.6;4.8
2B;2021-03-17;530;260;19825;8972;10.9;4.9
2B;2021-03-18;551;223;20376;9195;11.2;5.0
2B;2021-03-19;804;194;21180;9389;11.6;5.2
2B;2021-03-20;656;37;21836;9426;12.0;5.2
2B;2021-03-21;428;36;22264;9462;12.2;5.2
2B;2021-03-22;546;126;22810;9588;12.5;5.3
2B;2021-03-23;789;256;23599;9844;12.9;5.4
2B;2021-03-24;831;215;24430;10059;13.4;5.5
2B;2021-03-25;824;163;25254;10222;13.9;5.6
2B;2021-03-26;958;190;26212;10412;14.4;5.7
2B;2021-03-27;1092;36;27304;10448;15.0;5.7
2B;2021-03-28;830;122;28134;10570;15.4;5.8
2B;2021-03-29;745;177;28879;10747;15.8;5.9
2B;2021-03-30;972;328;29851;11075;16.4;6.1
2B;2021-03-31;981;265;30832;11340;16.9;6.2
2B;2021-04-01;1003;226;31835;11566;17.5;6.3
2B;2021-04-02;966;410;32801;11976;18.0;6.6
2B;2021-04-03;1247;153;34048;12129;18.7;6.7
2B;2021-04-04;197;60;34245;12189;18.8;6.7
2B;2021-04-05;109;113;34354;12302;18.8;6.7
2B;2021-04-06;1033;360;35387;12662;19.4;6.9
2B;2021-04-07;1230;428;36617;13090;20.1;7.2
2B;2021-04-08;1129;408;37746;13498;20.7;7.4
2B;2021-04-09;1168;568;38914;14066;21.4;7.7
2B;2021-04-10;1353;267;40267;14333;22.1;7.9
2B;2021-04-11;815;65;41082;14398;22.5;7.9
2B;2021-04-12;853;559;41935;14957;23.0;8.2
2B;2021-04-13;1063;631;42998;15588;23.6;8.6
2B;2021-04-14;1046;494;44044;16082;24.2;8.8
2B;2021-04-15;886;518;44930;16600;24.7;9.1
2B;2021-04-16;910;648;45840;17248;25.2;9.5
2B;2021-04-17;386;447;46226;17695;25.4;9.7
2B;2021-04-18;253;342;46479;18037;25.5;9.9
2B;2021-04-19;822;436;47301;18473;26.0;10.1
2B;2021-04-20;898;844;48199;19317;26.4;10.6
2B;2021-04-21;1056;608;49255;19925;27.0;10.9
2B;2021-04-22;938;732;50193;20657;27.5;11.3
2B;2021-04-23;662;629;50855;21286;27.9;11.7
2B;2021-04-24;287;772;51142;22058;28.1;12.1
2B;2021-04-25;285;477;51427;22535;28.2;12.4
2B;2021-04-26;708;919;52135;23454;28.6;12.9
2B;2021-04-27;965;875;53100;24329;29.1;13.3
2B;2021-04-28;919;861;54019;25190;29.6;13.8
2B;2021-04-29;925;867;54944;26057;30.1;14.3
2B;2021-04-30;1133;832;56077;26889;30.8;14.8
2B;2021-05-01;460;1116;56537;28005;31.0;15.4
2B;2021-05-02;335;245;56872;28250;31.2;15.5
2B;2021-05-03;1017;496;57889;28746;31.8;15.8
2B;2021-05-04;811;1151;58700;29897;32.2;16.4
2B;2021-05-05;801;1377;59501;31274;32.6;17.2
2B;2021-05-06;1287;905;60788;32179;33.4;17.7
2B;2021-05-07;1062;987;61850;33166;33.9;18.2
2B;2021-05-08;459;854;62309;34020;34.2;18.7
2B;2021-05-09;394;683;62703;34703;34.4;19.0
2B;2021-05-10;926;799;63629;35502;34.9;19.5
2B;2021-05-11;933;1162;64562;36664;35.4;20.1
2B;2021-05-12;861;893;65423;37557;35.9;20.6
2B;2021-05-13;1028;376;66451;37933;36.5;20.8
2B;2021-05-14;719;578;67170;38511;36.9;21.1
2B;2021-05-15;702;353;67872;38864;37.2;21.3
2B;2021-05-16;300;180;68172;39044;37.4;21.4
2B;2021-05-17;1003;405;69175;39449;38.0;21.6
2B;2021-05-18;991;383;70166;39832;38.5;21.9
2B;2021-05-19;771;416;70937;40248;38.9;22.1
2B;2021-05-20;673;359;71610;40607;39.3;22.3
2B;2021-05-21;706;502;72316;41109;39.7;22.6
2B;2021-05-22;574;392;72890;41501;40.0;22.8
2B;2021-05-23;170;46;73060;41547;40.1;22.8
2B;2021-05-24;40;115;73100;41662;40.1;22.9
2B;2021-05-25;549;350;73649;42012;40.4;23.1
2B;2021-05-26;544;787;74193;42799;40.7;23.5
2B;2021-05-27;407;1131;74600;43930;40.9;24.1
2B;2021-05-28;553;906;75153;44836;41.2;24.6
2B;2021-05-29;311;353;75464;45189;41.4;24.8
2B;2021-05-30;46;45;75510;45234;41.4;24.8
2B;2021-05-31;376;831;75886;46065;41.6;25.3
2B;2021-06-01;414;1037;76300;47102;41.9;25.8
2B;2021-06-02;364;990;76664;48092;42.1;26.4
2B;2021-06-03;499;807;77163;48899;42.3;26.8
2B;2021-06-04;344;1253;77507;50152;42.5;27.5
2B;2021-06-05;257;491;77764;50643;42.7;27.8
2B;2021-06-06;51;129;77815;50772;42.7;27.9
2B;2021-06-07;283;948;78098;51720;42.9;28.4
2B;2021-06-08;399;1170;78497;52890;43.1;29.0
2B;2021-06-09;519;1177;79016;54067;43.4;29.7
2B;2021-06-10;368;939;79384;55006;43.6;30.2
2B;2021-06-11;432;1273;79816;56279;43.8;30.9
2B;2021-06-12;151;544;79967;56823;43.9;31.2
2B;2021-06-13;27;59;79994;56882;43.9;31.2
2B;2021-06-14;195;1115;80189;57997;44.0;31.8
2B;2021-06-15;345;1219;80534;59216;44.2;32.5
2B;2021-06-16;383;937;80917;60153;44.4;33.0
2B;2021-06-17;403;1047;81320;61200;44.6;33.6
2B;2021-06-18;348;960;81668;62160;44.8;34.1
2B;2021-06-19;144;330;81812;62490;44.9;34.3
2B;2021-06-20;44;194;81856;62684;44.9;34.4
2B;2021-06-21;265;962;82121;63646;45.1;34.9
2B;2021-06-22;317;1115;82438;64761;45.2;35.5
2B;2021-06-23;209;872;82647;65633;45.3;36.0
2B;2021-06-24;337;757;82984;66390;45.5;36.4
2B;2021-06-25;212;1074;83196;67464;45.6;37.0
2B;2021-06-26;105;550;83301;68014;45.7;37.3
2B;2021-06-27;32;215;83333;68229;45.7;37.4
2B;2021-06-28;329;954;83662;69183;45.9;38.0
2B;2021-06-29;270;988;83932;70171;46.1;38.5
2B;2021-06-30;381;950;84313;71121;46.3;39.0
2B;2021-07-01;226;509;84539;71630;46.4;39.3
2B;2021-07-02;219;557;84758;72187;46.5;39.6
2B;2021-07-03;91;397;84849;72584;46.6;39.8
2B;2021-07-04;2;0;84851;72584;46.6;39.8
2B;2021-07-05;264;666;85115;73250;46.7;40.2
2B;2021-07-06;450;707;85565;73957;46.9;40.6
2B;2021-07-07;376;908;85941;74865;47.2;41.1
2B;2021-07-08;183;348;86124;75213;47.3;41.3
2B;2021-07-09;250;375;86374;75588;47.4;41.5
2B;2021-07-10;197;199;86571;75787;47.5;41.6
2B;2021-07-11;13;14;86584;75801;47.5;41.6
2B;2021-07-12;497;747;87081;76548;47.8;42.0
2B;2021-07-13;822;1017;87903;77565;48.2;42.6
2B;2021-07-14;344;100;88247;77665;48.4;42.6
2B;2021-07-15;1272;589;89519;78254;49.1;42.9
2B;2021-07-16;1121;564;90640;78818;49.7;43.2
2B;2021-07-17;711;318;91351;79136;50.1;43.4
2B;2021-07-18;179;49;91530;79185;50.2;43.4
2B;2021-07-19;858;709;92388;79894;50.7;43.8
2B;2021-07-20;1212;682;93600;80576;51.4;44.2
2B;2021-07-21;1396;725;94996;81301;52.1;44.6
2B;2021-07-22;1330;605;96326;81906;52.9;44.9
2B;2021-07-23;1325;501;97651;82407;53.6;45.2
2B;2021-07-24;536;316;98187;82723;53.9;45.4
2B;2021-07-25;203;71;98390;82794;54.0;45.4
2B;2021-07-26;913;632;99303;83426;54.5;45.8
2B;2021-07-27;1579;704;100882;84130;55.4;46.2
2B;2021-07-28;1174;634;102056;84764;56.0;46.5
2B;2021-07-29;1145;449;103201;85213;56.6;46.8
2B;2021-07-30;765;349;103966;85562;57.0;46.9
2B;2021-07-31;539;233;104505;85795;57.3;47.1
2B;2021-08-01;230;57;104735;85852;57.5;47.1
2B;2021-08-02;802;471;105537;86323;57.9;47.4
2B;2021-08-03;1137;785;106674;87108;58.5;47.8
2B;2021-08-04;811;454;107485;87562;59.0;48.0
2B;2021-08-05;1024;558;108509;88120;59.5;48.3
2B;2021-08-06;701;524;109210;88644;59.9;48.6
2B;2021-08-07;306;406;109516;89050;60.1;48.9
2B;2021-08-08;93;142;109609;89192;60.1;48.9
2B;2021-08-09;536;746;110145;89938;60.4;49.3
2B;2021-08-10;737;1133;110882;91071;60.8;50.0
2B;2021-08-11;750;899;111632;91970;61.2;50.5
2B;2021-08-12;691;1046;112323;93016;61.6;51.0
2B;2021-08-13;490;950;112813;93966;61.9;51.6
2B;2021-08-14;199;439;113012;94405;62.0;51.8
2B;2021-08-15;117;173;113129;94578;62.1;51.9
2B;2021-08-16;509;1065;113638;95643;62.4;52.5
2B;2021-08-17;585;1306;114223;96949;62.7;53.2
2B;2021-08-18;509;1194;114732;98143;63.0;53.8
2B;2021-08-19;424;897;115156;99040;63.2;54.3
2B;2021-08-20;363;809;115519;99849;63.4;54.8
2B;2021-08-21;157;475;115676;100324;63.5;55.0
2B;2021-08-22;79;208;115755;100532;63.5;55.2
2B;2021-08-23;371;943;116126;101475;63.7;55.7
2B;2021-08-24;495;1212;116621;102687;64.0;56.3
2B;2021-08-25;342;967;116963;103654;64.2;56.9
2B;2021-08-26;396;816;117359;104470;64.4;57.3
2B;2021-08-27;258;572;117617;105042;64.5;57.6
2B;2021-08-28;166;439;117783;105481;64.6;57.9
2B;2021-08-29;52;126;117835;105607;64.7;57.9
2B;2021-08-30;363;851;118198;106458;64.9;58.4
2B;2021-08-31;377;919;118575;107377;65.1;58.9
2B;2021-09-01;365;984;118940;108361;65.3;59.5
2B;2021-09-02;301;734;119241;109095;65.4;59.9
2B;2021-09-03;214;500;119455;109595;65.5;60.1
2B;2021-09-04;120;342;119575;109937;65.6;60.3
2B;2021-09-05;17;137;119592;110074;65.6;60.4
2B;2021-09-06;161;654;119753;110728;65.7;60.8
2B;2021-09-07;254;963;120007;111691;65.8;61.3
2B;2021-09-08;199;736;120206;112427;66.0;61.7
2B;2021-09-09;178;520;120384;112947;66.1;62.0
30;2020-12-27;1;0;1;0;0.0;0.0
30;2020-12-28;1;0;2;0;0.0;0.0
30;2020-12-29;0;0;2;0;0.0;0.0
30;2020-12-30;0;0;2;0;0.0;0.0
30;2020-12-31;0;0;2;0;0.0;0.0
30;2021-01-01;0;0;2;0;0.0;0.0
30;2021-01-02;0;0;2;0;0.0;0.0
30;2021-01-03;0;0;2;0;0.0;0.0
30;2021-01-04;1;0;3;0;0.0;0.0
30;2021-01-05;3;0;6;0;0.0;0.0
30;2021-01-06;128;0;134;0;0.0;0.0
30;2021-01-07;313;0;447;0;0.1;0.0
30;2021-01-08;532;0;979;0;0.1;0.0
30;2021-01-09;270;0;1249;0;0.2;0.0
30;2021-01-10;0;0;1249;0;0.2;0.0
30;2021-01-11;537;0;1786;0;0.2;0.0
30;2021-01-12;800;3;2586;3;0.3;0.0
30;2021-01-13;640;0;3226;3;0.4;0.0
30;2021-01-14;652;5;3878;8;0.5;0.0
30;2021-01-15;756;2;4634;10;0.6;0.0
30;2021-01-16;313;0;4947;10;0.7;0.0
30;2021-01-17;3;0;4950;10;0.7;0.0
30;2021-01-18;941;5;5891;15;0.8;0.0
30;2021-01-19;1735;6;7626;21;1.0;0.0
30;2021-01-20;1304;2;8930;23;1.2;0.0
30;2021-01-21;1229;2;10159;25;1.4;0.0
30;2021-01-22;1078;6;11237;31;1.5;0.0
30;2021-01-23;634;2;11871;33;1.6;0.0
30;2021-01-24;0;0;11871;33;1.6;0.0
30;2021-01-25;831;4;12702;37;1.7;0.0
30;2021-01-26;1058;15;13760;52;1.8;0.0
30;2021-01-27;982;107;14742;159;2.0;0.0
30;2021-01-28;712;255;15454;414;2.1;0.1
30;2021-01-29;669;427;16123;841;2.2;0.1
30;2021-01-30;472;267;16595;1108;2.2;0.1
30;2021-01-31;3;6;16598;1114;2.2;0.1
30;2021-02-01;816;412;17414;1526;2.3;0.2
30;2021-02-02;1875;667;19289;2193;2.6;0.3
30;2021-02-03;1185;469;20474;2662;2.7;0.4
30;2021-02-04;968;614;21442;3276;2.9;0.4
30;2021-02-05;599;715;22041;3991;2.9;0.5
30;2021-02-06;294;223;22335;4214;3.0;0.6
30;2021-02-07;2;8;22337;4222;3.0;0.6
30;2021-02-08;574;646;22911;4868;3.1;0.7
30;2021-02-09;984;950;23895;5818;3.2;0.8
30;2021-02-10;986;1019;24881;6837;3.3;0.9
30;2021-02-11;929;969;25810;7806;3.4;1.0
30;2021-02-12;619;907;26429;8713;3.5;1.2
30;2021-02-13;436;324;26865;9037;3.6;1.2
30;2021-02-14;1;21;26866;9058;3.6;1.2
30;2021-02-15;450;520;27316;9578;3.6;1.3
30;2021-02-16;460;757;27776;10335;3.7;1.4
30;2021-02-17;682;546;28458;10881;3.8;1.5
30;2021-02-18;796;460;29254;11341;3.9;1.5
30;2021-02-19;574;603;29828;11944;4.0;1.6
30;2021-02-20;223;190;30051;12134;4.0;1.6
30;2021-02-21;5;3;30056;12137;4.0;1.6
30;2021-02-22;501;694;30557;12831;4.1;1.7
30;2021-02-23;974;1399;31531;14230;4.2;1.9
30;2021-02-24;929;1101;32460;15331;4.3;2.0
30;2021-02-25;1208;813;33668;16144;4.5;2.2
30;2021-02-26;1337;517;35005;16661;4.7;2.2
30;2021-02-27;564;494;35569;17155;4.8;2.3
30;2021-02-28;3;7;35572;17162;4.8;2.3
30;2021-03-01;1339;771;36911;17933;4.9;2.4
30;2021-03-02;1712;847;38623;18780;5.2;2.5
30;2021-03-03;2310;723;40933;19503;5.5;2.6
30;2021-03-04;2638;825;43571;20328;5.8;2.7
30;2021-03-05;2765;583;46336;20911;6.2;2.8
30;2021-03-06;2997;342;49333;21253;6.6;2.8
30;2021-03-07;1862;47;51195;21300;6.8;2.8
30;2021-03-08;1554;746;52749;22046;7.0;2.9
30;2021-03-09;2276;837;55025;22883;7.4;3.1
30;2021-03-10;2359;637;57384;23520;7.7;3.1
30;2021-03-11;3056;692;60440;24212;8.1;3.2
30;2021-03-12;3115;381;63555;24593;8.5;3.3
30;2021-03-13;2227;288;65782;24881;8.8;3.3
30;2021-03-14;83;3;65865;24884;8.8;3.3
30;2021-03-15;1579;553;67444;25437;9.0;3.4
30;2021-03-16;1299;1061;68743;26498;9.2;3.5
30;2021-03-17;1456;636;70199;27134;9.4;3.6
30;2021-03-18;1649;711;71848;27845;9.6;3.7
30;2021-03-19;2250;543;74098;28388;9.9;3.8
30;2021-03-20;1401;142;75499;28530;10.1;3.8
30;2021-03-21;58;8;75557;28538;10.1;3.8
30;2021-03-22;2397;717;77954;29255;10.4;3.9
30;2021-03-23;3512;802;81466;30057;10.9;4.0
30;2021-03-24;3638;819;85104;30876;11.4;4.1
30;2021-03-25;4406;843;89510;31719;12.0;4.2
30;2021-03-26;4363;642;93873;32361;12.5;4.3
30;2021-03-27;1971;378;95844;32739;12.8;4.4
30;2021-03-28;35;29;95879;32768;12.8;4.4
30;2021-03-29;2818;1649;98697;34417;13.2;4.6
30;2021-03-30;3778;1876;102475;36293;13.7;4.8
30;2021-03-31;3507;1643;105982;37936;14.2;5.1
30;2021-04-01;4016;1468;109998;39404;14.7;5.3
30;2021-04-02;3604;1225;113602;40629;15.2;5.4
30;2021-04-03;1062;1223;114664;41852;15.3;5.6
30;2021-04-04;30;188;114694;42040;15.3;5.6
30;2021-04-05;766;289;115460;42329;15.4;5.7
30;2021-04-06;3044;1580;118504;43909;15.8;5.9
30;2021-04-07;2720;1631;121224;45540;16.2;6.1
30;2021-04-08;3922;1488;125146;47028;16.7;6.3
30;2021-04-09;4889;1518;130035;48546;17.4;6.5
30;2021-04-10;2427;1177;132462;49723;17.7;6.6
30;2021-04-11;950;59;133412;49782;17.8;6.7
30;2021-04-12;3146;1490;136558;51272;18.2;6.9
30;2021-04-13;4019;1933;140577;53205;18.8;7.1
30;2021-04-14;3386;1542;143963;54747;19.2;7.3
30;2021-04-15;3830;1468;147793;56215;19.7;7.5
30;2021-04-16;3703;1545;151496;57760;20.2;7.7
30;2021-04-17;1493;952;152989;58712;20.4;7.8
30;2021-04-18;961;67;153950;58779;20.6;7.9
30;2021-04-19;2450;2296;156400;61075;20.9;8.2
30;2021-04-20;2816;2829;159216;63904;21.3;8.5
30;2021-04-21;2603;2568;161819;66472;21.6;8.9
30;2021-04-22;3526;2316;165345;68788;22.1;9.2
30;2021-04-23;3582;2301;168927;71089;22.6;9.5
30;2021-04-24;1347;1228;170274;72317;22.7;9.7
30;2021-04-25;748;90;171022;72407;22.8;9.7
30;2021-04-26;2017;2388;173039;74795;23.1;10.0
30;2021-04-27;2952;2597;175991;77392;23.5;10.3
30;2021-04-28;2838;2487;178829;79879;23.9;10.7
30;2021-04-29;3620;2320;182449;82199;24.4;11.0
30;2021-04-30;3408;2018;185857;84217;24.8;11.3
30;2021-05-01;1749;603;187606;84820;25.1;11.3
30;2021-05-02;665;245;188271;85065;25.2;11.4
30;2021-05-03;3759;2502;192030;87567;25.7;11.7
30;2021-05-04;3985;3536;196015;91103;26.2;12.2
30;2021-05-05;3947;3121;199962;94224;26.7;12.6
30;2021-05-06;4205;3362;204167;97586;27.3;13.0
30;2021-05-07;4079;3064;208246;100650;27.8;13.4
30;2021-05-08;1605;720;209851;101370;28.0;13.5
30;2021-05-09;372;613;210223;101983;28.1;13.6
30;2021-05-10;2921;3116;213144;105099;28.5;14.0
30;2021-05-11;5388;3648;218532;108747;29.2;14.5
30;2021-05-12;5303;3217;223835;111964;29.9;15.0
30;2021-05-13;3232;1027;227067;112991;30.3;15.1
30;2021-05-14;4892;2460;231959;115451;31.0;15.4
30;2021-05-15;3408;1206;235367;116657;31.4;15.6
30;2021-05-16;397;338;235764;116995;31.5;15.6
30;2021-05-17;3798;3033;239562;120028;32.0;16.0
30;2021-05-18;4828;3034;244390;123062;32.7;16.4
30;2021-05-19;4775;2547;249165;125609;33.3;16.8
30;2021-05-20;5015;2576;254180;128185;34.0;17.1
30;2021-05-21;4888;2472;259068;130657;34.6;17.5
30;2021-05-22;3158;1287;262226;131944;35.0;17.6
30;2021-05-23;288;344;262514;132288;35.1;17.7
30;2021-05-24;786;767;263300;133055;35.2;17.8
30;2021-05-25;2657;3157;265957;136212;35.5;18.2
30;2021-05-26;2889;2569;268846;138781;35.9;18.5
30;2021-05-27;3761;2711;272607;141492;36.4;18.9
30;2021-05-28;3326;3264;275933;144756;36.9;19.3
30;2021-05-29;1687;1797;277620;146553;37.1;19.6
30;2021-05-30;360;584;277980;147137;37.1;19.7
30;2021-05-31;2830;2295;280810;149432;37.5;20.0
30;2021-06-01;3659;2792;284469;152224;38.0;20.3
30;2021-06-02;3320;2453;287789;154677;38.5;20.7
30;2021-06-03;4132;3351;291921;158028;39.0;21.1
30;2021-06-04;3904;3398;295825;161426;39.5;21.6
30;2021-06-05;1907;1315;297732;162741;39.8;21.7
30;2021-06-06;684;264;298416;163005;39.9;21.8
30;2021-06-07;4725;2526;303141;165531;40.5;22.1
30;2021-06-08;4832;3326;307973;168857;41.1;22.6
30;2021-06-09;4155;2990;312128;171847;41.7;23.0
30;2021-06-10;4612;3356;316740;175203;42.3;23.4
30;2021-06-11;4587;3811;321327;179014;42.9;23.9
30;2021-06-12;2485;1710;323812;180724;43.3;24.1
30;2021-06-13;494;344;324306;181068;43.3;24.2
30;2021-06-14;2470;4710;326776;185778;43.7;24.8
30;2021-06-15;3199;5309;329975;191087;44.1;25.5
30;2021-06-16;3108;4645;333083;195732;44.5;26.2
30;2021-06-17;3924;4371;337007;200103;45.0;26.7
30;2021-06-18;3714;4698;340721;204801;45.5;27.4
30;2021-06-19;1441;2005;342162;206806;45.7;27.6
30;2021-06-20;357;490;342519;207296;45.8;27.7
30;2021-06-21;2380;4910;344899;212206;46.1;28.4
30;2021-06-22;2365;5741;347264;217947;46.4;29.1
30;2021-06-23;2529;5346;349793;223293;46.7;29.8
30;2021-06-24;2339;4709;352132;228002;47.0;30.5
30;2021-06-25;2611;5603;354743;233605;47.4;31.2
30;2021-06-26;910;2940;355653;236545;47.5;31.6
30;2021-06-27;222;527;355875;237072;47.5;31.7
30;2021-06-28;1670;6028;357545;243100;47.8;32.5
30;2021-06-29;1837;6025;359382;249125;48.0;33.3
30;2021-06-30;2003;5256;361385;254381;48.3;34.0
30;2021-07-01;2988;4720;364373;259101;48.7;34.6
30;2021-07-02;2836;4628;367209;263729;49.1;35.2
30;2021-07-03;1155;3047;368364;266776;49.2;35.6
30;2021-07-04;116;393;368480;267169;49.2;35.7
30;2021-07-05;2027;4030;370507;271199;49.5;36.2
30;2021-07-06;2666;4972;373173;276171;49.9;36.9
30;2021-07-07;2539;4221;375712;280392;50.2;37.5
30;2021-07-08;2016;3420;377728;283812;50.5;37.9
30;2021-07-09;2410;5315;380138;289127;50.8;38.6
30;2021-07-10;1505;2157;381643;291284;51.0;38.9
30;2021-07-11;48;415;381691;291699;51.0;39.0
30;2021-07-12;2528;5150;384219;296849;51.3;39.7
30;2021-07-13;3301;6036;387520;302885;51.8;40.5
30;2021-07-14;500;550;388020;303435;51.8;40.5
30;2021-07-15;4137;5479;392157;308914;52.4;41.3
30;2021-07-16;4987;5727;397144;314641;53.1;42.0
30;2021-07-17;1705;2467;398849;317108;53.3;42.4
30;2021-07-18;146;601;398995;317709;53.3;42.4
30;2021-07-19;3374;6307;402369;324016;53.8;43.3
30;2021-07-20;4642;6519;407011;330535;54.4;44.2
30;2021-07-21;4063;5415;411074;335950;54.9;44.9
30;2021-07-22;4900;5741;415974;341691;55.6;45.7
30;2021-07-23;5001;5867;420975;347558;56.2;46.4
30;2021-07-24;2241;3260;423216;350818;56.5;46.9
30;2021-07-25;137;309;423353;351127;56.6;46.9
30;2021-07-26;4417;4129;427770;355256;57.2;47.5
30;2021-07-27;4859;4649;432629;359905;57.8;48.1
30;2021-07-28;4879;4020;437508;363925;58.5;48.6
30;2021-07-29;5926;4136;443434;368061;59.2;49.2
30;2021-07-30;5345;4389;448779;372450;60.0;49.8
30;2021-07-31;2653;1964;451432;374414;60.3;50.0
30;2021-08-01;734;311;452166;374725;60.4;50.1
30;2021-08-02;3684;4016;455850;378741;60.9;50.6
30;2021-08-03;4886;3949;460736;382690;61.6;51.1
30;2021-08-04;5279;3057;466015;385747;62.3;51.5
30;2021-08-05;4617;3787;470632;389534;62.9;52.0
30;2021-08-06;4290;4055;474922;393589;63.5;52.6
30;2021-08-07;1841;1951;476763;395540;63.7;52.8
30;2021-08-08;619;280;477382;395820;63.8;52.9
30;2021-08-09;3342;3758;480724;399578;64.2;53.4
30;2021-08-10;3926;4404;484650;403982;64.8;54.0
30;2021-08-11;3401;3481;488051;407463;65.2;54.4
30;2021-08-12;3757;4216;491808;411679;65.7;55.0
30;2021-08-13;3303;3338;495111;415017;66.1;55.4
30;2021-08-14;1126;2049;496237;417066;66.3;55.7
30;2021-08-15;270;175;496507;417241;66.3;55.7
30;2021-08-16;2160;4866;498667;422107;66.6;56.4
30;2021-08-17;2731;4193;501398;426300;67.0;57.0
30;2021-08-18;2807;3835;504205;430135;67.4;57.5
30;2021-08-19;2849;4317;507054;434452;67.7;58.0
30;2021-08-20;2587;4462;509641;438914;68.1;58.6
30;2021-08-21;1012;2884;510653;441798;68.2;59.0
30;2021-08-22;226;516;510879;442314;68.3;59.1
30;2021-08-23;1681;4474;512560;446788;68.5;59.7
30;2021-08-24;1943;4520;514503;451308;68.7;60.3
30;2021-08-25;1683;4344;516186;455652;69.0;60.9
30;2021-08-26;1843;4253;518029;459905;69.2;61.4
30;2021-08-27;1761;4354;519790;464259;69.4;62.0
30;2021-08-28;679;2472;520469;466731;69.5;62.4
30;2021-08-29;181;613;520650;467344;69.6;62.4
30;2021-08-30;1404;4302;522054;471646;69.7;63.0
30;2021-08-31;1324;4186;523378;475832;69.9;63.6
30;2021-09-01;1236;3624;524614;479456;70.1;64.1
30;2021-09-02;1340;3582;525954;483038;70.3;64.5
30;2021-09-03;1498;4145;527452;487183;70.5;65.1
30;2021-09-04;681;1927;528133;489110;70.6;65.3
30;2021-09-05;135;495;528268;489605;70.6;65.4
30;2021-09-06;730;2683;528998;492288;70.7;65.8
30;2021-09-07;692;2594;529690;494882;70.8;66.1
30;2021-09-08;851;2800;530541;497682;70.9;66.5
30;2021-09-09;878;2482;531419;500164;71.0;66.8
31;2020-12-27;0;0;0;0;0.0;0.0
31;2020-12-28;1;0;1;0;0.0;0.0
31;2020-12-29;0;0;1;0;0.0;0.0
31;2020-12-30;0;0;1;0;0.0;0.0
31;2020-12-31;1;0;2;0;0.0;0.0
31;2021-01-01;4;0;6;0;0.0;0.0
31;2021-01-02;0;0;6;0;0.0;0.0
31;2021-01-03;2;0;8;0;0.0;0.0
31;2021-01-04;3;0;11;0;0.0;0.0
31;2021-01-05;50;0;61;0;0.0;0.0
31;2021-01-06;211;1;272;1;0.0;0.0
31;2021-01-07;284;1;556;2;0.0;0.0
31;2021-01-08;546;1;1102;3;0.1;0.0
31;2021-01-09;275;0;1377;3;0.1;0.0
31;2021-01-10;286;0;1663;3;0.1;0.0
31;2021-01-11;982;3;2645;6;0.2;0.0
31;2021-01-12;1192;1;3837;7;0.3;0.0
31;2021-01-13;1158;3;4995;10;0.4;0.0
31;2021-01-14;1179;18;6174;28;0.4;0.0
31;2021-01-15;1047;3;7221;31;0.5;0.0
31;2021-01-16;243;1;7464;32;0.5;0.0
31;2021-01-17;176;0;7640;32;0.5;0.0
31;2021-01-18;1615;5;9255;37;0.7;0.0
31;2021-01-19;2935;10;12190;47;0.9;0.0
31;2021-01-20;3669;12;15859;59;1.1;0.0
31;2021-01-21;2993;7;18852;66;1.3;0.0
31;2021-01-22;2274;5;21126;71;1.5;0.0
31;2021-01-23;728;2;21854;73;1.6;0.0
31;2021-01-24;212;1;22066;74;1.6;0.0
31;2021-01-25;1744;9;23810;83;1.7;0.0
31;2021-01-26;1838;39;25648;122;1.8;0.0
31;2021-01-27;1575;140;27223;262;1.9;0.0
31;2021-01-28;1385;285;28608;547;2.0;0.0
31;2021-01-29;1359;324;29967;871;2.1;0.1
31;2021-01-30;446;171;30413;1042;2.2;0.1
31;2021-01-31;61;193;30474;1235;2.2;0.1
31;2021-02-01;1167;696;31641;1931;2.3;0.1
31;2021-02-02;3042;770;34683;2701;2.5;0.2
31;2021-02-03;1922;747;36605;3448;2.6;0.2
31;2021-02-04;1811;819;38416;4267;2.7;0.3
31;2021-02-05;1342;552;39758;4819;2.8;0.3
31;2021-02-06;383;53;40141;4872;2.9;0.3
31;2021-02-07;37;39;40178;4911;2.9;0.4
31;2021-02-08;1115;626;41293;5537;2.9;0.4
31;2021-02-09;1680;1537;42973;7074;3.1;0.5
31;2021-02-10;1961;2379;44934;9453;3.2;0.7
31;2021-02-11;1815;1784;46749;11237;3.3;0.8
31;2021-02-12;1539;762;48288;11999;3.4;0.9
31;2021-02-13;504;217;48792;12216;3.5;0.9
31;2021-02-14;56;201;48848;12417;3.5;0.9
31;2021-02-15;443;1123;49291;13540;3.5;1.0
31;2021-02-16;464;1331;49755;14871;3.6;1.1
31;2021-02-17;471;1401;50226;16272;3.6;1.2
31;2021-02-18;476;1490;50702;17762;3.6;1.3
31;2021-02-19;393;1350;51095;19112;3.6;1.4
31;2021-02-20;69;435;51164;19547;3.7;1.4
31;2021-02-21;77;152;51241;19699;3.7;1.4
31;2021-02-22;433;1539;51674;21238;3.7;1.5
31;2021-02-23;865;2814;52539;24052;3.8;1.7
31;2021-02-24;652;1983;53191;26035;3.8;1.9
31;2021-02-25;1433;1692;54624;27727;3.9;2.0
31;2021-02-26;1711;1048;56335;28775;4.0;2.1
31;2021-02-27;638;326;56973;29101;4.1;2.1
31;2021-02-28;78;54;57051;29155;4.1;2.1
31;2021-03-01;874;999;57925;30154;4.1;2.2
31;2021-03-02;1239;1510;59164;31664;4.2;2.3
31;2021-03-03;1354;1681;60518;33345;4.3;2.4
31;2021-03-04;2424;1379;62942;34724;4.5;2.5
31;2021-03-05;3054;1490;65996;36214;4.7;2.6
31;2021-03-06;2835;362;68831;36576;4.9;2.6
31;2021-03-07;5368;110;74199;36686;5.3;2.6
31;2021-03-08;1599;1026;75798;37712;5.4;2.7
31;2021-03-09;2792;1133;78590;38845;5.6;2.8
31;2021-03-10;2574;1065;81164;39910;5.8;2.8
31;2021-03-11;4380;1139;85544;41049;6.1;2.9
31;2021-03-12;5315;1178;90859;42227;6.5;3.0
31;2021-03-13;2838;502;93697;42729;6.7;3.1
31;2021-03-14;235;49;93932;42778;6.7;3.1
31;2021-03-15;2583;424;96515;43202;6.9;3.1
31;2021-03-16;1747;803;98262;44005;7.0;3.1
31;2021-03-17;1657;552;99919;44557;7.1;3.2
31;2021-03-18;1988;703;101907;45260;7.3;3.2
31;2021-03-19;3187;518;105094;45778;7.5;3.3
31;2021-03-20;1797;136;106891;45914;7.6;3.3
31;2021-03-21;210;35;107101;45949;7.6;3.3
31;2021-03-22;2580;367;109681;46316;7.8;3.3
31;2021-03-23;4056;320;113737;46636;8.1;3.3
31;2021-03-24;4357;291;118094;46927;8.4;3.3
31;2021-03-25;6040;523;124134;47450;8.9;3.4
31;2021-03-26;5466;511;129600;47961;9.3;3.4
31;2021-03-27;4350;207;133950;48168;9.6;3.4
31;2021-03-28;2291;48;136241;48216;9.7;3.4
31;2021-03-29;4207;430;140448;48646;10.0;3.5
31;2021-03-30;6597;554;147045;49200;10.5;3.5
31;2021-03-31;5650;381;152695;49581;10.9;3.5
31;2021-04-01;6966;554;159661;50135;11.4;3.6
31;2021-04-02;6102;581;165763;50716;11.8;3.6
31;2021-04-03;3929;152;169692;50868;12.1;3.6
31;2021-04-04;2060;115;171752;50983;12.3;3.6
31;2021-04-05;481;70;172233;51053;12.3;3.6
31;2021-04-06;4166;1148;176399;52201;12.6;3.7
31;2021-04-07;5986;982;182385;53183;13.0;3.8
31;2021-04-08;7568;1039;189953;54222;13.6;3.9
31;2021-04-09;8387;1258;198340;55480;14.2;4.0
31;2021-04-10;4717;544;203057;56024;14.5;4.0
31;2021-04-11;2068;137;205125;56161;14.6;4.0
31;2021-04-12;6000;1836;211125;57997;15.1;4.1
31;2021-04-13;8035;2020;219160;60017;15.6;4.3
31;2021-04-14;6653;1915;225813;61932;16.1;4.4
31;2021-04-15;7773;2236;233586;64168;16.7;4.6
31;2021-04-16;7182;2098;240768;66266;17.2;4.7
31;2021-04-17;4414;908;245182;67174;17.5;4.8
31;2021-04-18;2513;354;247695;67528;17.7;4.8
31;2021-04-19;5220;2029;252915;69557;18.1;5.0
31;2021-04-20;6073;2843;258988;72400;18.5;5.2
31;2021-04-21;5974;2788;264962;75188;18.9;5.4
31;2021-04-22;6381;3247;271343;78435;19.4;5.6
31;2021-04-23;6283;2556;277626;80991;19.8;5.8
31;2021-04-24;1615;3140;279241;84131;19.9;6.0
31;2021-04-25;688;2094;279929;86225;20.0;6.2
31;2021-04-26;3793;3221;283722;89446;20.3;6.4
31;2021-04-27;4517;3890;288239;93336;20.6;6.7
31;2021-04-28;4545;3563;292784;96899;20.9;6.9
31;2021-04-29;5184;4064;297968;100963;21.3;7.2
31;2021-04-30;5037;4128;303005;105091;21.6;7.5
31;2021-05-01;1487;3117;304492;108208;21.7;7.7
31;2021-05-02;1414;1980;305906;110188;21.8;7.9
31;2021-05-03;5657;2419;311563;112607;22.2;8.0
31;2021-05-04;4779;4739;316342;117346;22.6;8.4
31;2021-05-05;2996;5717;319338;123063;22.8;8.8
31;2021-05-06;3636;7376;322974;130439;23.1;9.3
31;2021-05-07;5258;7153;328232;137592;23.4;9.8
31;2021-05-08;3634;3104;331866;140696;23.7;10.0
31;2021-05-09;3760;2308;335626;143004;24.0;10.2
31;2021-05-10;5685;5476;341311;148480;24.4;10.6
31;2021-05-11;6653;6692;347964;155172;24.8;11.1
31;2021-05-12;6172;5932;354136;161104;25.3;11.5
31;2021-05-13;4643;2064;358779;163168;25.6;11.6
31;2021-05-14;6912;3978;365691;167146;26.1;11.9
31;2021-05-15;5144;1755;370835;168901;26.5;12.1
31;2021-05-16;3301;633;374136;169534;26.7;12.1
31;2021-05-17;5143;4149;379279;173683;27.1;12.4
31;2021-05-18;5589;4270;384868;177953;27.5;12.7
31;2021-05-19;5783;3761;390651;181714;27.9;13.0
31;2021-05-20;6475;4791;397126;186505;28.3;13.3
31;2021-05-21;5985;4605;403111;191110;28.8;13.6
31;2021-05-22;4085;1629;407196;192739;29.1;13.8
31;2021-05-23;3585;342;410781;193081;29.3;13.8
31;2021-05-24;3880;707;414661;193788;29.6;13.8
31;2021-05-25;6191;3606;420852;197394;30.0;14.1
31;2021-05-26;5611;4643;426463;202037;30.4;14.4
31;2021-05-27;4788;6187;431251;208224;30.8;14.9
31;2021-05-28;4118;6352;435369;214576;31.1;15.3
31;2021-05-29;1918;4028;437287;218604;31.2;15.6
31;2021-05-30;751;2361;438038;220965;31.3;15.8
31;2021-05-31;4399;5078;442437;226043;31.6;16.1
31;2021-06-01;5955;6560;448392;232603;32.0;16.6
31;2021-06-02;5801;6302;454193;238905;32.4;17.1
31;2021-06-03;7308;8137;461501;247042;32.9;17.6
31;2021-06-04;7545;7157;469046;254199;33.5;18.1
31;2021-06-05;9079;2771;478125;256970;34.1;18.3
31;2021-06-06;8115;1582;486240;258552;34.7;18.5
31;2021-06-07;7989;5471;494229;264023;35.3;18.8
31;2021-06-08;9109;6048;503338;270071;35.9;19.3
31;2021-06-09;8920;5553;512258;275624;36.6;19.7
31;2021-06-10;9784;6352;522042;281976;37.3;20.1
31;2021-06-11;10050;6634;532092;288610;38.0;20.6
31;2021-06-12;8792;3021;540884;291631;38.6;20.8
31;2021-06-13;8376;2018;549260;293649;39.2;21.0
31;2021-06-14;8432;6730;557692;300379;39.8;21.4
31;2021-06-15;9780;7447;567472;307826;40.5;22.0
31;2021-06-16;8739;5256;576211;313082;41.1;22.3
31;2021-06-17;8279;6604;584490;319686;41.7;22.8
31;2021-06-18;8554;7751;593044;327437;42.3;23.4
31;2021-06-19;7367;5437;600411;332874;42.9;23.8
31;2021-06-20;5574;3725;605985;336599;43.3;24.0
31;2021-06-21;5377;6917;611362;343516;43.6;24.5
31;2021-06-22;4989;8227;616351;351743;44.0;25.1
31;2021-06-23;5111;7282;621462;359025;44.4;25.6
31;2021-06-24;4635;8324;626097;367349;44.7;26.2
31;2021-06-25;5018;9313;631115;376662;45.0;26.9
31;2021-06-26;4283;6399;635398;383061;45.4;27.3
31;2021-06-27;3598;4107;638996;387168;45.6;27.6
31;2021-06-28;4101;6646;643097;393814;45.9;28.1
31;2021-06-29;3799;7562;646896;401376;46.2;28.7
31;2021-06-30;4280;7812;651176;409188;46.5;29.2
31;2021-07-01;4094;8464;655270;417652;46.8;29.8
31;2021-07-02;4109;9328;659379;426980;47.1;30.5
31;2021-07-03;4101;6110;663480;433090;47.4;30.9
31;2021-07-04;3206;4811;666686;437901;47.6;31.3
31;2021-07-05;4055;7098;670741;444999;47.9;31.8
31;2021-07-06;3889;8363;674630;453362;48.2;32.4
31;2021-07-07;3963;7964;678593;461326;48.4;32.9
31;2021-07-08;4055;8538;682648;469864;48.7;33.5
31;2021-07-09;4464;8802;687112;478666;49.0;34.2
31;2021-07-10;3919;5494;691031;484160;49.3;34.6
31;2021-07-11;3138;4138;694169;488298;49.6;34.9
31;2021-07-12;3826;8633;697995;496931;49.8;35.5
31;2021-07-13;6922;9441;704917;506372;50.3;36.1
31;2021-07-14;6167;3934;711084;510306;50.8;36.4
31;2021-07-15;8522;9448;719606;519754;51.4;37.1
31;2021-07-16;7779;9916;727385;529670;51.9;37.8
31;2021-07-17;8367;10555;735752;540225;52.5;38.6
31;2021-07-18;6628;9470;742380;549695;53.0;39.2
31;2021-07-19;4793;10772;747173;560467;53.3;40.0
31;2021-07-20;7164;11481;754337;571948;53.8;40.8
31;2021-07-21;7044;11529;761381;583477;54.3;41.6
31;2021-07-22;8165;11757;769546;595234;54.9;42.5
31;2021-07-23;7472;11810;777018;607044;55.5;43.3
31;2021-07-24;10317;10566;787335;617610;56.2;44.1
31;2021-07-25;7567;8802;794902;626412;56.7;44.7
31;2021-07-26;5520;9542;800422;635954;57.1;45.4
31;2021-07-27;7966;9199;808388;645153;57.7;46.1
31;2021-07-28;8684;8278;817072;653431;58.3;46.6
31;2021-07-29;8854;8048;825926;661479;59.0;47.2
31;2021-07-30;7670;7987;833596;669466;59.5;47.8
31;2021-07-31;6017;7391;839613;676857;59.9;48.3
31;2021-08-01;4434;4303;844047;681160;60.2;48.6
31;2021-08-02;5486;5417;849533;686577;60.6;49.0
31;2021-08-03;5857;5186;855390;691763;61.1;49.4
31;2021-08-04;5922;4801;861312;696564;61.5;49.7
31;2021-08-05;5580;7228;866892;703792;61.9;50.2
31;2021-08-06;5296;7343;872188;711135;62.3;50.8
31;2021-08-07;4597;6644;876785;717779;62.6;51.2
31;2021-08-08;3386;5577;880171;723356;62.8;51.6
31;2021-08-09;4390;7007;884561;730363;63.1;52.1
31;2021-08-10;4666;6280;889227;736643;63.5;52.6
31;2021-08-11;4518;5860;893745;742503;63.8;53.0
31;2021-08-12;4519;6751;898264;749254;64.1;53.5
31;2021-08-13;4151;6193;902415;755447;64.4;53.9
31;2021-08-14;3032;6461;905447;761908;64.6;54.4
31;2021-08-15;1294;4094;906741;766002;64.7;54.7
31;2021-08-16;3214;8125;909955;774127;65.0;55.3
31;2021-08-17;3424;7098;913379;781225;65.2;55.8
31;2021-08-18;3307;7000;916686;788225;65.4;56.3
31;2021-08-19;2969;6987;919655;795212;65.6;56.8
31;2021-08-20;2957;7389;922612;802601;65.9;57.3
31;2021-08-21;1966;6792;924578;809393;66.0;57.8
31;2021-08-22;1483;5634;926061;815027;66.1;58.2
31;2021-08-23;2320;7722;928381;822749;66.3;58.7
31;2021-08-24;2542;6168;930923;828917;66.5;59.2
31;2021-08-25;2356;5727;933279;834644;66.6;59.6
31;2021-08-26;2261;5794;935540;840438;66.8;60.0
31;2021-08-27;2348;6661;937888;847099;66.9;60.5
31;2021-08-28;1826;6786;939714;853885;67.1;61.0
31;2021-08-29;1270;5064;940984;858949;67.2;61.3
31;2021-08-30;2113;6628;943097;865577;67.3;61.8
31;2021-08-31;2246;5564;945343;871141;67.5;62.2
31;2021-09-01;1678;5054;947021;876195;67.6;62.5
31;2021-09-02;1741;4522;948762;880717;67.7;62.9
31;2021-09-03;1764;5206;950526;885923;67.8;63.2
31;2021-09-04;1990;5929;952516;891852;68.0;63.7
31;2021-09-05;1124;2402;953640;894254;68.1;63.8
31;2021-09-06;1352;3602;954992;897856;68.2;64.1
31;2021-09-07;1237;3348;956229;901204;68.3;64.3
31;2021-09-08;1399;3948;957628;905152;68.4;64.6
31;2021-09-09;1056;3093;958684;908245;68.4;64.8
32;2020-12-27;0;0;0;0;0.0;0.0
32;2020-12-28;0;0;0;0;0.0;0.0
32;2020-12-29;0;0;0;0;0.0;0.0
32;2020-12-30;0;0;0;0;0.0;0.0
32;2020-12-31;0;0;0;0;0.0;0.0
32;2021-01-01;0;0;0;0;0.0;0.0
32;2021-01-02;0;0;0;0;0.0;0.0
32;2021-01-03;1;0;1;0;0.0;0.0
32;2021-01-04;3;0;4;0;0.0;0.0
32;2021-01-05;1;0;5;0;0.0;0.0
32;2021-01-06;2;0;7;0;0.0;0.0
32;2021-01-07;155;0;162;0;0.1;0.0
32;2021-01-08;70;0;232;0;0.1;0.0
32;2021-01-09;5;0;237;0;0.1;0.0
32;2021-01-10;1;0;238;0;0.1;0.0
32;2021-01-11;11;0;249;0;0.1;0.0
32;2021-01-12;96;0;345;0;0.2;0.0
32;2021-01-13;325;1;670;1;0.4;0.0
32;2021-01-14;378;3;1048;4;0.6;0.0
32;2021-01-15;448;2;1496;6;0.8;0.0
32;2021-01-16;16;2;1512;8;0.8;0.0
32;2021-01-17;1;0;1513;8;0.8;0.0
32;2021-01-18;345;1;1858;9;1.0;0.0
32;2021-01-19;418;0;2276;9;1.2;0.0
32;2021-01-20;358;0;2634;9;1.4;0.0
32;2021-01-21;582;0;3216;9;1.7;0.0
32;2021-01-22;372;0;3588;9;1.9;0.0
32;2021-01-23;180;0;3768;9;2.0;0.0
32;2021-01-24;5;0;3773;9;2.0;0.0
32;2021-01-25;468;1;4241;10;2.2;0.0
32;2021-01-26;608;0;4849;10;2.6;0.0
32;2021-01-27;702;4;5551;14;2.9;0.0
32;2021-01-28;687;14;6238;28;3.3;0.0
32;2021-01-29;460;50;6698;78;3.5;0.0
32;2021-01-30;260;0;6958;78;3.7;0.0
32;2021-01-31;4;5;6962;83;3.7;0.0
32;2021-02-01;289;57;7251;140;3.8;0.1
32;2021-02-02;638;136;7889;276;4.2;0.1
32;2021-02-03;338;197;8227;473;4.3;0.2
32;2021-02-04;426;273;8653;746;4.6;0.4
32;2021-02-05;348;354;9001;1100;4.7;0.6
32;2021-02-06;147;0;9148;1100;4.8;0.6
32;2021-02-07;0;36;9148;1136;4.8;0.6
32;2021-02-08;278;111;9426;1247;5.0;0.7
32;2021-02-09;310;226;9736;1473;5.1;0.8
32;2021-02-10;271;245;10007;1718;5.3;0.9
32;2021-02-11;382;306;10389;2024;5.5;1.1
32;2021-02-12;297;275;10686;2299;5.6;1.2
32;2021-02-13;249;1;10935;2300;5.8;1.2
32;2021-02-14;0;28;10935;2328;5.8;1.2
32;2021-02-15;25;188;10960;2516;5.8;1.3
32;2021-02-16;393;343;11353;2859;6.0;1.5
32;2021-02-17;192;442;11545;3301;6.1;1.7
32;2021-02-18;331;469;11876;3770;6.2;2.0
32;2021-02-19;184;270;12060;4040;6.3;2.1
32;2021-02-20;1;80;12061;4120;6.3;2.2
32;2021-02-21;0;0;12061;4120;6.3;2.2
32;2021-02-22;158;345;12219;4465;6.4;2.3
32;2021-02-23;431;543;12650;5008;6.7;2.6
32;2021-02-24;277;340;12927;5348;6.8;2.8
32;2021-02-25;481;476;13408;5824;7.1;3.1
32;2021-02-26;444;368;13852;6192;7.3;3.3
32;2021-02-27;157;220;14009;6412;7.4;3.4
32;2021-02-28;4;0;14013;6412;7.4;3.4
32;2021-03-01;51;284;14064;6696;7.4;3.5
32;2021-03-02;415;415;14479;7111;7.6;3.7
32;2021-03-03;276;274;14755;7385;7.8;3.9
32;2021-03-04;541;329;15296;7714;8.0;4.1
32;2021-03-05;437;238;15733;7952;8.3;4.2
32;2021-03-06;522;150;16255;8102;8.6;4.3
32;2021-03-07;25;5;16280;8107;8.6;4.3
32;2021-03-08;234;286;16514;8393;8.7;4.4
32;2021-03-09;644;319;17158;8712;9.0;4.6
32;2021-03-10;482;322;17640;9034;9.3;4.8
32;2021-03-11;854;286;18494;9320;9.7;4.9
32;2021-03-12;882;339;19376;9659;10.2;5.1
32;2021-03-13;492;245;19868;9904;10.5;5.2
32;2021-03-14;1;0;19869;9904;10.5;5.2
32;2021-03-15;267;25;20136;9929;10.6;5.2
32;2021-03-16;314;306;20450;10235;10.8;5.4
32;2021-03-17;150;154;20600;10389;10.8;5.5
32;2021-03-18;375;305;20975;10694;11.0;5.6
32;2021-03-19;404;179;21379;10873;11.2;5.7
32;2021-03-20;136;33;21515;10906;11.3;5.7
32;2021-03-21;0;0;21515;10906;11.3;5.7
32;2021-03-22;340;170;21855;11076;11.5;5.8
32;2021-03-23;560;398;22415;11474;11.8;6.0
32;2021-03-24;643;267;23058;11741;12.1;6.2
32;2021-03-25;899;414;23957;12155;12.6;6.4
32;2021-03-26;657;294;24614;12449;13.0;6.6
32;2021-03-27;165;3;24779;12452;13.0;6.6
32;2021-03-28;1;1;24780;12453;13.0;6.6
32;2021-03-29;371;48;25151;12501;13.2;6.6
32;2021-03-30;766;289;25917;12790;13.6;6.7
32;2021-03-31;654;170;26571;12960;14.0;6.8
32;2021-04-01;1237;318;27808;13278;14.6;7.0
32;2021-04-02;575;167;28383;13445;14.9;7.1
32;2021-04-03;114;0;28497;13445;15.0;7.1
32;2021-04-04;0;0;28497;13445;15.0;7.1
32;2021-04-05;0;0;28497;13445;15.0;7.1
32;2021-04-06;2649;311;31146;13756;16.4;7.2
32;2021-04-07;1178;202;32324;13958;17.0;7.3
32;2021-04-08;1736;405;34060;14363;17.9;7.6
32;2021-04-09;883;218;34943;14581;18.4;7.7
32;2021-04-10;809;29;35752;14610;18.8;7.7
32;2021-04-11;14;0;35766;14610;18.8;7.7
32;2021-04-12;477;23;36243;14633;19.1;7.7
32;2021-04-13;2469;388;38712;15021;20.4;7.9
32;2021-04-14;1227;263;39939;15284;21.0;8.0
32;2021-04-15;1704;392;41643;15676;21.9;8.2
32;2021-04-16;638;282;42281;15958;22.2;8.4
32;2021-04-17;783;39;43064;15997;22.7;8.4
32;2021-04-18;13;1;43077;15998;22.7;8.4
32;2021-04-19;502;45;43579;16043;22.9;8.4
32;2021-04-20;2472;392;46051;16435;24.2;8.6
32;2021-04-21;1010;303;47061;16738;24.8;8.8
32;2021-04-22;1662;319;48723;17057;25.6;9.0
32;2021-04-23;549;159;49272;17216;25.9;9.1
32;2021-04-24;1392;55;50664;17271;26.7;9.1
32;2021-04-25;0;11;50664;17282;26.7;9.1
32;2021-04-26;387;359;51051;17641;26.9;9.3
32;2021-04-27;2552;555;53603;18196;28.2;9.6
32;2021-04-28;972;355;54575;18551;28.7;9.8
32;2021-04-29;1009;883;55584;19434;29.2;10.2
32;2021-04-30;453;363;56037;19797;29.5;10.4
32;2021-05-01;2607;97;58644;19894;30.9;10.5
32;2021-05-02;0;0;58644;19894;30.9;10.5
32;2021-05-03;171;321;58815;20215;30.9;10.6
32;2021-05-04;788;2496;59603;22711;31.4;12.0
32;2021-05-05;2361;1097;61964;23808;32.6;12.5
32;2021-05-06;516;1657;62480;25465;32.9;13.4
32;2021-05-07;2286;538;64766;26003;34.1;13.7
32;2021-05-08;71;516;64837;26519;34.1;14.0
32;2021-05-09;21;179;64858;26698;34.1;14.0
32;2021-05-10;1994;547;66852;27245;35.2;14.3
32;2021-05-11;651;2275;67503;29520;35.5;15.5
32;2021-05-12;2313;1138;69816;30658;36.7;16.1
32;2021-05-13;281;1417;70097;32075;36.9;16.9
32;2021-05-14;2222;327;72319;32402;38.1;17.1
32;2021-05-15;134;712;72453;33114;38.1;17.4
32;2021-05-16;2;0;72455;33114;38.1;17.4
32;2021-05-17;353;169;72808;33283;38.3;17.5
32;2021-05-18;1642;297;74450;33580;39.2;17.7
32;2021-05-19;2475;272;76925;33852;40.5;17.8
32;2021-05-20;2887;470;79812;34322;42.0;18.1
32;2021-05-21;2535;500;82347;34822;43.3;18.3
32;2021-05-22;334;110;82681;34932;43.5;18.4
32;2021-05-23;2;13;82683;34945;43.5;18.4
32;2021-05-24;3;0;82686;34945;43.5;18.4
32;2021-05-25;1983;372;84669;35317;44.6;18.6
32;2021-05-26;2548;556;87217;35873;45.9;18.9
32;2021-05-27;2878;626;90095;36499;47.4;19.2
32;2021-05-28;2312;766;92407;37265;48.6;19.6
32;2021-05-29;372;311;92779;37576;48.8;19.8
32;2021-05-30;4;6;92783;37582;48.8;19.8
32;2021-05-31;1414;625;94197;38207;49.6;20.1
32;2021-06-01;566;2888;94763;41095;49.9;21.6
32;2021-06-02;1580;1351;96343;42446;50.7;22.3
32;2021-06-03;395;2087;96738;44533;50.9;23.4
32;2021-06-04;1837;830;98575;45363;51.9;23.9
32;2021-06-05;206;1660;98781;47023;52.0;24.7
32;2021-06-06;8;14;98789;47037;52.0;24.8
32;2021-06-07;103;418;98892;47455;52.0;25.0
32;2021-06-08;664;2540;99556;49995;52.4;26.3
32;2021-06-09;1191;1055;100747;51050;53.0;26.9
32;2021-06-10;686;1225;101433;52275;53.4;27.5
32;2021-06-11;926;662;102359;52937;53.9;27.9
32;2021-06-12;150;2679;102509;55616;53.9;29.3
32;2021-06-13;1;1;102510;55617;53.9;29.3
32;2021-06-14;529;210;103039;55827;54.2;29.4
32;2021-06-15;1735;1025;104774;56852;55.1;29.9
32;2021-06-16;850;2777;105624;59629;55.6;31.4
32;2021-06-17;860;829;106484;60458;56.0;31.8
32;2021-06-18;315;2724;106799;63182;56.2;33.2
32;2021-06-19;914;436;107713;63618;56.7;33.5
32;2021-06-20;5;13;107718;63631;56.7;33.5
32;2021-06-21;67;1994;107785;65625;56.7;34.5
32;2021-06-22;1043;970;108828;66595;57.3;35.0
32;2021-06-23;516;2184;109344;68779;57.5;36.2
32;2021-06-24;528;518;109872;69297;57.8;36.5
32;2021-06-25;500;2359;110372;71656;58.1;37.7
32;2021-06-26;108;171;110480;71827;58.1;37.8
32;2021-06-27;2;5;110482;71832;58.1;37.8
32;2021-06-28;630;603;111112;72435;58.5;38.1
32;2021-06-29;800;1984;111912;74419;58.9;39.2
32;2021-06-30;757;2727;112669;77146;59.3;40.6
32;2021-07-01;540;2641;113209;79787;59.6;42.0
32;2021-07-02;641;2335;113850;82122;59.9;43.2
32;2021-07-03;482;506;114332;82628;60.2;43.5
32;2021-07-04;1;12;114333;82640;60.2;43.5
32;2021-07-05;76;390;114409;83030;60.2;43.7
32;2021-07-06;880;2083;115289;85113;60.7;44.8
32;2021-07-07;781;2757;116070;87870;61.1;46.2
32;2021-07-08;478;2268;116548;90138;61.3;47.4
32;2021-07-09;615;2226;117163;92364;61.7;48.6
32;2021-07-10;537;521;117700;92885;61.9;48.9
32;2021-07-11;0;5;117700;92890;61.9;48.9
32;2021-07-12;525;1243;118225;94133;62.2;49.5
32;2021-07-13;1697;1818;119922;95951;63.1;50.5
32;2021-07-14;492;35;120414;95986;63.4;50.5
32;2021-07-15;2095;891;122509;96877;64.5;51.0
32;2021-07-16;1170;1913;123679;98790;65.1;52.0
32;2021-07-17;78;129;123757;98919;65.1;52.1
32;2021-07-18;2;5;123759;98924;65.1;52.1
32;2021-07-19;1996;147;125755;99071;66.2;52.1
32;2021-07-20;2039;1271;127794;100342;67.2;52.8
32;2021-07-21;1616;1691;129410;102033;68.1;53.7
32;2021-07-22;1948;512;131358;102545;69.1;54.0
32;2021-07-23;1407;1731;132765;104276;69.9;54.9
32;2021-07-24;139;118;132904;104394;69.9;54.9
32;2021-07-25;34;10;132938;104404;70.0;54.9
32;2021-07-26;1071;1071;134009;105475;70.5;55.5
32;2021-07-27;1731;2098;135740;107573;71.4;56.6
32;2021-07-28;694;974;136434;108547;71.8;57.1
32;2021-07-29;1694;1610;138128;110157;72.7;58.0
32;2021-07-30;363;349;138491;110506;72.9;58.1
32;2021-07-31;187;351;138678;110857;73.0;58.3
32;2021-08-01;18;4;138696;110861;73.0;58.3
32;2021-08-02;82;76;138778;110937;73.0;58.4
32;2021-08-03;1177;1790;139955;112727;73.6;59.3
32;2021-08-04;633;652;140588;113379;74.0;59.7
32;2021-08-05;1109;1941;141697;115320;74.6;60.7
32;2021-08-06;561;495;142258;115815;74.9;60.9
32;2021-08-07;148;93;142406;115908;74.9;61.0
32;2021-08-08;0;0;142406;115908;74.9;61.0
32;2021-08-09;262;1826;142668;117734;75.1;62.0
32;2021-08-10;716;2078;143384;119812;75.4;63.0
32;2021-08-11;581;447;143965;120259;75.8;63.3
32;2021-08-12;933;2101;144898;122360;76.2;64.4
32;2021-08-13;177;251;145075;122611;76.3;64.5
32;2021-08-14;113;118;145188;122729;76.4;64.6
32;2021-08-15;13;21;145201;122750;76.4;64.6
32;2021-08-16;41;39;145242;122789;76.4;64.6
32;2021-08-17;573;2301;145815;125090;76.7;65.8
32;2021-08-18;310;559;146125;125649;76.9;66.1
32;2021-08-19;951;1408;147076;127057;77.4;66.9
32;2021-08-20;154;165;147230;127222;77.5;66.9
32;2021-08-21;149;191;147379;127413;77.6;67.0
32;2021-08-22;8;3;147387;127416;77.6;67.0
32;2021-08-23;42;101;147429;127517;77.6;67.1
32;2021-08-24;582;1450;148011;128967;77.9;67.9
32;2021-08-25;92;191;148103;129158;77.9;68.0
32;2021-08-26;321;2260;148424;131418;78.1;69.2
32;2021-08-27;271;552;148695;131970;78.2;69.4
32;2021-08-28;70;109;148765;132079;78.3;69.5
32;2021-08-29;1;8;148766;132087;78.3;69.5
32;2021-08-30;19;50;148785;132137;78.3;69.5
32;2021-08-31;195;1535;148980;133672;78.4;70.3
32;2021-09-01;651;828;149631;134500;78.7;70.8
32;2021-09-02;315;1733;149946;136233;78.9;71.7
32;2021-09-03;186;313;150132;136546;79.0;71.9
32;2021-09-04;49;104;150181;136650;79.0;71.9
32;2021-09-05;11;15;150192;136665;79.0;71.9
32;2021-09-06;38;103;150230;136768;79.1;72.0
32;2021-09-07;436;946;150666;137714;79.3;72.5
32;2021-09-08;253;554;150919;138268;79.4;72.8
32;2021-09-09;225;1061;151144;139329;79.5;73.3
33;2020-12-27;2;0;2;0;0.0;0.0
33;2020-12-28;3;0;5;0;0.0;0.0
33;2020-12-29;0;0;5;0;0.0;0.0
33;2020-12-30;0;0;5;0;0.0;0.0
33;2020-12-31;0;0;5;0;0.0;0.0
33;2021-01-01;0;0;5;0;0.0;0.0
33;2021-01-02;2;0;7;0;0.0;0.0
33;2021-01-03;1;0;8;0;0.0;0.0
33;2021-01-04;2;0;10;0;0.0;0.0
33;2021-01-05;2;0;12;0;0.0;0.0
33;2021-01-06;134;0;146;0;0.0;0.0
33;2021-01-07;1309;1;1455;1;0.1;0.0
33;2021-01-08;1200;2;2655;3;0.2;0.0
33;2021-01-09;298;0;2953;3;0.2;0.0
33;2021-01-10;229;0;3182;3;0.2;0.0
33;2021-01-11;627;0;3809;3;0.2;0.0
33;2021-01-12;1417;2;5226;5;0.3;0.0
33;2021-01-13;1313;9;6539;14;0.4;0.0
33;2021-01-14;1289;13;7828;27;0.5;0.0
33;2021-01-15;1607;11;9435;38;0.6;0.0
33;2021-01-16;568;7;10003;45;0.6;0.0
33;2021-01-17;406;3;10409;48;0.6;0.0
33;2021-01-18;1223;9;11632;57;0.7;0.0
33;2021-01-19;2926;4;14558;61;0.9;0.0
33;2021-01-20;3405;9;17963;70;1.1;0.0
33;2021-01-21;2862;5;20825;75;1.3;0.0
33;2021-01-22;2326;7;23151;82;1.4;0.0
33;2021-01-23;852;2;24003;84;1.5;0.0
33;2021-01-24;529;2;24532;86;1.5;0.0
33;2021-01-25;2172;56;26704;142;1.6;0.0
33;2021-01-26;2244;144;28948;286;1.8;0.0
33;2021-01-27;2260;191;31208;477;1.9;0.0
33;2021-01-28;2157;421;33365;898;2.0;0.1
33;2021-01-29;1821;646;35186;1544;2.2;0.1
33;2021-01-30;704;159;35890;1703;2.2;0.1
33;2021-01-31;390;136;36280;1839;2.2;0.1
33;2021-02-01;1456;619;37736;2458;2.3;0.2
33;2021-02-02;2645;1053;40381;3511;2.5;0.2
33;2021-02-03;2923;841;43304;4352;2.7;0.3
33;2021-02-04;4030;1296;47334;5648;2.9;0.3
33;2021-02-05;2191;1118;49525;6766;3.0;0.4
33;2021-02-06;645;176;50170;6942;3.1;0.4
33;2021-02-07;218;199;50388;7141;3.1;0.4
33;2021-02-08;1262;707;51650;7848;3.2;0.5
33;2021-02-09;1324;1602;52974;9450;3.2;0.6
33;2021-02-10;1264;1668;54238;11118;3.3;0.7
33;2021-02-11;1301;1341;55539;12459;3.4;0.8
33;2021-02-12;1115;1142;56654;13601;3.5;0.8
33;2021-02-13;203;251;56857;13852;3.5;0.8
33;2021-02-14;47;208;56904;14060;3.5;0.9
33;2021-02-15;684;1446;57588;15506;3.5;0.9
33;2021-02-16;814;1805;58402;17311;3.6;1.1
33;2021-02-17;667;1790;59069;19101;3.6;1.2
33;2021-02-18;899;1977;59968;21078;3.7;1.3
33;2021-02-19;916;1795;60884;22873;3.7;1.4
33;2021-02-20;77;527;60961;23400;3.7;1.4
33;2021-02-21;38;395;60999;23795;3.7;1.5
33;2021-02-22;706;1622;61705;25417;3.8;1.6
33;2021-02-23;1234;2455;62939;27872;3.9;1.7
33;2021-02-24;1399;2246;64338;30118;3.9;1.8
33;2021-02-25;2830;3483;67168;33601;4.1;2.1
33;2021-02-26;4056;2110;71224;35711;4.4;2.2
33;2021-02-27;1360;619;72584;36330;4.4;2.2
33;2021-02-28;126;463;72710;36793;4.5;2.3
33;2021-03-01;1534;1707;74244;38500;4.5;2.4
33;2021-03-02;2323;1580;76567;40080;4.7;2.5
33;2021-03-03;2310;1561;78877;41641;4.8;2.5
33;2021-03-04;3934;1532;82811;43173;5.1;2.6
33;2021-03-05;5761;1602;88572;44775;5.4;2.7
33;2021-03-06;3414;530;91986;45305;5.6;2.8
33;2021-03-07;741;145;92727;45450;5.7;2.8
33;2021-03-08;2714;1067;95441;46517;5.8;2.8
33;2021-03-09;4402;1273;99843;47790;6.1;2.9
33;2021-03-10;5121;1210;104964;49000;6.4;3.0
33;2021-03-11;7543;1202;112507;50202;6.9;3.1
33;2021-03-12;10121;1143;122628;51345;7.5;3.1
33;2021-03-13;5156;212;127784;51557;7.8;3.2
33;2021-03-14;715;28;128499;51585;7.9;3.2
33;2021-03-15;4442;668;132941;52253;8.1;3.2
33;2021-03-16;3579;862;136520;53115;8.4;3.3
33;2021-03-17;3638;942;140158;54057;8.6;3.3
33;2021-03-18;4038;1406;144196;55463;8.8;3.4
33;2021-03-19;6270;1026;150466;56489;9.2;3.5
33;2021-03-20;3368;104;153834;56593;9.4;3.5
33;2021-03-21;462;29;154296;56622;9.4;3.5
33;2021-03-22;4901;445;159197;57067;9.7;3.5
33;2021-03-23;6322;603;165519;57670;10.1;3.5
33;2021-03-24;7077;527;172596;58197;10.6;3.6
33;2021-03-25;8841;655;181437;58852;11.1;3.6
33;2021-03-26;10038;846;191475;59698;11.7;3.7
33;2021-03-27;3619;83;195094;59781;11.9;3.7
33;2021-03-28;577;33;195671;59814;12.0;3.7
33;2021-03-29;6769;700;202440;60514;12.4;3.7
33;2021-03-30;8101;1037;210541;61551;12.9;3.8
33;2021-03-31;7579;1061;218120;62612;13.4;3.8
33;2021-04-01;8822;1192;226942;63804;13.9;3.9
33;2021-04-02;8405;1551;235347;65355;14.4;4.0
33;2021-04-03;2832;523;238179;65878;14.6;4.0
33;2021-04-04;218;160;238397;66038;14.6;4.0
33;2021-04-05;693;123;239090;66161;14.6;4.1
33;2021-04-06;6050;2699;245140;68860;15.0;4.2
33;2021-04-07;7425;2548;252565;71408;15.5;4.4
33;2021-04-08;10325;2773;262890;74181;16.1;4.5
33;2021-04-09;12688;3086;275578;77267;16.9;4.7
33;2021-04-10;5357;1393;280935;78660;17.2;4.8
33;2021-04-11;1002;352;281937;79012;17.3;4.8
33;2021-04-12;7422;3275;289359;82287;17.7;5.0
33;2021-04-13;9320;3476;298679;85763;18.3;5.3
33;2021-04-14;9042;3653;307721;89416;18.8;5.5
33;2021-04-15;10111;3878;317832;93294;19.5;5.7
33;2021-04-16;9720;4223;327552;97517;20.1;6.0
33;2021-04-17;4652;1659;332204;99176;20.3;6.1
33;2021-04-18;929;413;333133;99589;20.4;6.1
33;2021-04-19;5617;3835;338750;103424;20.7;6.3
33;2021-04-20;7295;4266;346045;107690;21.2;6.6
33;2021-04-21;6595;4347;352640;112037;21.6;6.9
33;2021-04-22;7350;4478;359990;116515;22.0;7.1
33;2021-04-23;7707;4820;367697;121335;22.5;7.4
33;2021-04-24;4503;1797;372200;123132;22.8;7.5
33;2021-04-25;1651;418;373851;123550;22.9;7.6
33;2021-04-26;5267;5077;379118;128627;23.2;7.9
33;2021-04-27;6579;5598;385697;134225;23.6;8.2
33;2021-04-28;6782;5560;392479;139785;24.0;8.6
33;2021-04-29;8425;6219;400904;146004;24.5;8.9
33;2021-04-30;8739;6106;409643;152110;25.1;9.3
33;2021-05-01;2901;513;412544;152623;25.3;9.3
33;2021-05-02;1835;346;414379;152969;25.4;9.4
33;2021-05-03;7018;5215;421397;158184;25.8;9.7
33;2021-05-04;6828;6660;428225;164844;26.2;10.1
33;2021-05-05;7143;7568;435368;172412;26.7;10.6
33;2021-05-06;8705;8229;444073;180641;27.2;11.1
33;2021-05-07;8608;8879;452681;189520;27.7;11.6
33;2021-05-08;3542;1599;456223;191119;27.9;11.7
33;2021-05-09;1118;969;457341;192088;28.0;11.8
33;2021-05-10;6878;7295;464219;199383;28.4;12.2
33;2021-05-11;8637;7826;472856;207209;28.9;12.7
33;2021-05-12;9176;6690;482032;213899;29.5;13.1
33;2021-05-13;5209;2113;487241;216012;29.8;13.2
33;2021-05-14;8130;5354;495371;221366;30.3;13.6
33;2021-05-15;5184;2874;500555;224240;30.6;13.7
33;2021-05-16;1842;804;502397;225044;30.8;13.8
33;2021-05-17;8860;5109;511257;230153;31.3;14.1
33;2021-05-18;10625;4876;521882;235029;31.9;14.4
33;2021-05-19;10903;4776;532785;239805;32.6;14.7
33;2021-05-20;10912;5583;543697;245388;33.3;15.0
33;2021-05-21;10919;6243;554616;251631;34.0;15.4
33;2021-05-22;5122;2750;559738;254381;34.3;15.6
33;2021-05-23;1750;385;561488;254766;34.4;15.6
33;2021-05-24;5413;1000;566901;255766;34.7;15.7
33;2021-05-25;9391;5766;576292;261532;35.3;16.0
33;2021-05-26;9679;6029;585971;267561;35.9;16.4
33;2021-05-27;10908;7723;596879;275284;36.5;16.9
33;2021-05-28;10066;9493;606945;284777;37.2;17.4
33;2021-05-29;5043;4116;611988;288893;37.5;17.7
33;2021-05-30;1703;667;613691;289560;37.6;17.7
33;2021-05-31;8556;6413;622247;295973;38.1;18.1
33;2021-06-01;11807;8714;634054;304687;38.8;18.7
33;2021-06-02;11713;8202;645767;312889;39.5;19.2
33;2021-06-03;12717;9187;658484;322076;40.3;19.7
33;2021-06-04;12939;10949;671423;333025;41.1;20.4
33;2021-06-05;5277;5055;676700;338080;41.4;20.7
33;2021-06-06;2526;1193;679226;339273;41.6;20.8
33;2021-06-07;9761;8495;688987;347768;42.2;21.3
33;2021-06-08;11938;9446;700925;357214;42.9;21.9
33;2021-06-09;11777;8526;712702;365740;43.6;22.4
33;2021-06-10;12954;8385;725656;374125;44.4;22.9
33;2021-06-11;12521;11156;738177;385281;45.2;23.6
33;2021-06-12;6189;4476;744366;389757;45.6;23.9
33;2021-06-13;2614;1283;746980;391040;45.7;23.9
33;2021-06-14;8583;10152;755563;401192;46.3;24.6
33;2021-06-15;12060;10263;767623;411455;47.0;25.2
33;2021-06-16;12056;8860;779679;420315;47.7;25.7
33;2021-06-17;13117;9609;792796;429924;48.5;26.3
33;2021-06-18;11800;11435;804596;441359;49.3;27.0
33;2021-06-19;5612;4815;810208;446174;49.6;27.3
33;2021-06-20;2947;1475;813155;447649;49.8;27.4
33;2021-06-21;7876;10165;821031;457814;50.3;28.0
33;2021-06-22;9064;11082;830095;468896;50.8;28.7
33;2021-06-23;8666;10845;838761;479741;51.3;29.4
33;2021-06-24;9747;9986;848508;489727;51.9;30.0
33;2021-06-25;8050;13712;856558;503439;52.4;30.8
33;2021-06-26;4343;5917;860901;509356;52.7;31.2
33;2021-06-27;2468;1961;863369;511317;52.9;31.3
33;2021-06-28;4875;12765;868244;524082;53.2;32.1
33;2021-06-29;6444;13653;874688;537735;53.5;32.9
33;2021-06-30;6684;13389;881372;551124;54.0;33.7
33;2021-07-01;8053;11816;889425;562940;54.5;34.5
33;2021-07-02;6849;15111;896274;578051;54.9;35.4
33;2021-07-03;3229;6783;899503;584834;55.1;35.8
33;2021-07-04;2068;2379;901571;587213;55.2;35.9
33;2021-07-05;4401;12906;905972;600119;55.5;36.7
33;2021-07-06;6150;14592;912122;614711;55.8;37.6
33;2021-07-07;6896;13047;919018;627758;56.3;38.4
33;2021-07-08;7974;12752;926992;640510;56.8;39.2
33;2021-07-09;6472;15111;933464;655621;57.1;40.1
33;2021-07-10;3114;7160;936578;662781;57.3;40.6
33;2021-07-11;1844;2301;938422;665082;57.5;40.7
33;2021-07-12;3950;14704;942372;679786;57.7;41.6
33;2021-07-13;7164;16104;949536;695890;58.1;42.6
33;2021-07-14;3687;5318;953223;701208;58.4;42.9
33;2021-07-15;7625;15972;960848;717180;58.8;43.9
33;2021-07-16;8590;15146;969438;732326;59.3;44.8
33;2021-07-17;3157;6427;972595;738753;59.5;45.2
33;2021-07-18;1703;3206;974298;741959;59.6;45.4
33;2021-07-19;5871;15093;980169;757052;60.0;46.3
33;2021-07-20;7428;16124;987597;773176;60.5;47.3
33;2021-07-21;8376;14541;995973;787717;61.0;48.2
33;2021-07-22;9369;15099;1005342;802816;61.5;49.1
33;2021-07-23;9668;16352;1015010;819168;62.1;50.1
33;2021-07-24;3837;7551;1018847;826719;62.4;50.6
33;2021-07-25;2093;2667;1020940;829386;62.5;50.8
33;2021-07-26;6966;13416;1027906;842802;62.9;51.6
33;2021-07-27;10094;13397;1038000;856199;63.5;52.4
33;2021-07-28;10935;11968;1048935;868167;64.2;53.1
33;2021-07-29;11678;11908;1060613;880075;64.9;53.9
33;2021-07-30;11397;12215;1072010;892290;65.6;54.6
33;2021-07-31;4761;5649;1076771;897939;65.9;55.0
33;2021-08-01;2485;1951;1079256;899890;66.1;55.1
33;2021-08-02;8412;9889;1087668;909779;66.6;55.7
33;2021-08-03;11527;9017;1099195;918796;67.3;56.2
33;2021-08-04;11923;7356;1111118;926152;68.0;56.7
33;2021-08-05;11911;8035;1123029;934187;68.8;57.2
33;2021-08-06;11199;9054;1134228;943241;69.4;57.7
33;2021-08-07;5933;4518;1140161;947759;69.8;58.0
33;2021-08-08;3200;1820;1143361;949579;70.0;58.1
33;2021-08-09;8648;8720;1152009;958299;70.5;58.7
33;2021-08-10;9341;8446;1161350;966745;71.1;59.2
33;2021-08-11;8100;7577;1169450;974322;71.6;59.6
33;2021-08-12;7962;8017;1177412;982339;72.1;60.1
33;2021-08-13;7826;7688;1185238;990027;72.6;60.6
33;2021-08-14;3513;4331;1188751;994358;72.8;60.9
33;2021-08-15;1207;1879;1189958;996237;72.8;61.0
33;2021-08-16;6416;8635;1196374;1004872;73.2;61.5
33;2021-08-17;6603;9064;1202977;1013936;73.6;62.1
33;2021-08-18;5595;8769;1208572;1022705;74.0;62.6
33;2021-08-19;5476;9114;1214048;1031819;74.3;63.2
33;2021-08-20;4895;9831;1218943;1041650;74.6;63.8
33;2021-08-21;2180;5033;1221123;1046683;74.8;64.1
33;2021-08-22;562;2368;1221685;1049051;74.8;64.2
33;2021-08-23;3884;10291;1225569;1059342;75.0;64.9
33;2021-08-24;4104;11093;1229673;1070435;75.3;65.5
33;2021-08-25;3695;10480;1233368;1080915;75.5;66.2
33;2021-08-26;3608;11043;1236976;1091958;75.7;66.9
33;2021-08-27;3765;12586;1240741;1104544;76.0;67.6
33;2021-08-28;1559;6634;1242300;1111178;76.1;68.0
33;2021-08-29;453;2429;1242753;1113607;76.1;68.2
33;2021-08-30;2319;10533;1245072;1124140;76.2;68.8
33;2021-08-31;3217;11069;1248289;1135209;76.4;69.5
33;2021-09-01;2794;8814;1251083;1144023;76.6;70.0
33;2021-09-02;2670;8385;1253753;1152408;76.8;70.6
33;2021-09-03;3076;10129;1256829;1162537;76.9;71.2
33;2021-09-04;1626;6076;1258455;1168613;77.0;71.5
33;2021-09-05;410;1515;1258865;1170128;77.1;71.6
33;2021-09-06;1583;7174;1260448;1177302;77.2;72.1
33;2021-09-07;2046;6575;1262494;1183877;77.3;72.5
33;2021-09-08;1729;6589;1264223;1190466;77.4;72.9
33;2021-09-09;1807;6690;1266030;1197156;77.5;73.3
34;2020-12-27;1;0;1;0;0.0;0.0
34;2020-12-28;1;0;2;0;0.0;0.0
34;2020-12-29;0;0;2;0;0.0;0.0
34;2020-12-30;0;0;2;0;0.0;0.0
34;2020-12-31;0;0;2;0;0.0;0.0
34;2021-01-01;1;0;3;0;0.0;0.0
34;2021-01-02;2;0;5;0;0.0;0.0
34;2021-01-03;0;0;5;0;0.0;0.0
34;2021-01-04;23;0;28;0;0.0;0.0
34;2021-01-05;106;2;134;2;0.0;0.0
34;2021-01-06;198;1;332;3;0.0;0.0
34;2021-01-07;364;0;696;3;0.1;0.0
34;2021-01-08;606;0;1302;3;0.1;0.0
34;2021-01-09;244;0;1546;3;0.1;0.0
34;2021-01-10;95;1;1641;4;0.1;0.0
34;2021-01-11;567;2;2208;6;0.2;0.0
34;2021-01-12;1007;1;3215;7;0.3;0.0
34;2021-01-13;1098;5;4313;12;0.4;0.0
34;2021-01-14;1958;12;6271;24;0.5;0.0
34;2021-01-15;1470;5;7741;29;0.7;0.0
34;2021-01-16;331;7;8072;36;0.7;0.0
34;2021-01-17;233;1;8305;37;0.7;0.0
34;2021-01-18;1126;4;9431;41;0.8;0.0
34;2021-01-19;1610;8;11041;49;0.9;0.0
34;2021-01-20;2088;8;13129;57;1.1;0.0
34;2021-01-21;4234;10;17363;67;1.5;0.0
34;2021-01-22;2554;8;19917;75;1.7;0.0
34;2021-01-23;600;2;20517;77;1.7;0.0
34;2021-01-24;2;0;20519;77;1.7;0.0
34;2021-01-25;1243;5;21762;82;1.9;0.0
34;2021-01-26;1460;19;23222;101;2.0;0.0
34;2021-01-27;1470;23;24692;124;2.1;0.0
34;2021-01-28;1392;121;26084;245;2.2;0.0
34;2021-01-29;1260;128;27344;373;2.3;0.0
34;2021-01-30;479;13;27823;386;2.4;0.0
34;2021-01-31;4;0;27827;386;2.4;0.0
34;2021-02-01;1028;223;28855;609;2.5;0.1
34;2021-02-02;1459;409;30314;1018;2.6;0.1
34;2021-02-03;2656;495;32970;1513;2.8;0.1
34;2021-02-04;2313;848;35283;2361;3.0;0.2
34;2021-02-05;1888;1137;37171;3498;3.2;0.3
34;2021-02-06;499;215;37670;3713;3.2;0.3
34;2021-02-07;32;97;37702;3810;3.2;0.3
34;2021-02-08;860;985;38562;4795;3.3;0.4
34;2021-02-09;1033;1211;39595;6006;3.4;0.5
34;2021-02-10;1296;1385;40891;7391;3.5;0.6
34;2021-02-11;1791;2573;42682;9964;3.6;0.8
34;2021-02-12;1923;1522;44605;11486;3.8;1.0
34;2021-02-13;357;455;44962;11941;3.8;1.0
34;2021-02-14;22;279;44984;12220;3.8;1.0
34;2021-02-15;673;941;45657;13161;3.9;1.1
34;2021-02-16;665;1210;46322;14371;3.9;1.2
34;2021-02-17;714;1252;47036;15623;4.0;1.3
34;2021-02-18;836;1196;47872;16819;4.1;1.4
34;2021-02-19;815;981;48687;17800;4.1;1.5
34;2021-02-20;301;368;48988;18168;4.2;1.5
34;2021-02-21;64;18;49052;18186;4.2;1.5
34;2021-02-22;630;1060;49682;19246;4.2;1.6
34;2021-02-23;562;1193;50244;20439;4.3;1.7
34;2021-02-24;938;2042;51182;22481;4.4;1.9
34;2021-02-25;1607;2013;52789;24494;4.5;2.1
34;2021-02-26;1849;1414;54638;25908;4.6;2.2
34;2021-02-27;701;336;55339;26244;4.7;2.2
34;2021-02-28;86;64;55425;26308;4.7;2.2
34;2021-03-01;929;1019;56354;27327;4.8;2.3
34;2021-03-02;1591;1102;57945;28429;4.9;2.4
34;2021-03-03;1834;1210;59779;29639;5.1;2.5
34;2021-03-04;2866;1482;62645;31121;5.3;2.6
34;2021-03-05;3686;1420;66331;32541;5.6;2.8
34;2021-03-06;2644;184;68975;32725;5.9;2.8
34;2021-03-07;1243;72;70218;32797;6.0;2.8
34;2021-03-08;2781;916;72999;33713;6.2;2.9
34;2021-03-09;4019;1356;77018;35069;6.5;3.0
34;2021-03-10;3992;1278;81010;36347;6.9;3.1
34;2021-03-11;5437;1277;86447;37624;7.4;3.2
34;2021-03-12;6495;909;92942;38533;7.9;3.3
34;2021-03-13;3136;172;96078;38705;8.2;3.3
34;2021-03-14;1003;54;97081;38759;8.3;3.3
34;2021-03-15;3306;555;100387;39314;8.5;3.3
34;2021-03-16;2913;652;103300;39966;8.8;3.4
34;2021-03-17;3305;737;106605;40703;9.1;3.5
34;2021-03-18;3449;912;110054;41615;9.4;3.5
34;2021-03-19;4694;795;114748;42410;9.8;3.6
34;2021-03-20;3148;65;117896;42475;10.0;3.6
34;2021-03-21;1997;60;119893;42535;10.2;3.6
34;2021-03-22;3683;461;123576;42996;10.5;3.7
34;2021-03-23;4962;538;128538;43534;10.9;3.7
34;2021-03-24;5219;641;133757;44175;11.4;3.8
34;2021-03-25;7198;716;140955;44891;12.0;3.8
34;2021-03-26;7169;571;148124;45462;12.6;3.9
34;2021-03-27;2373;82;150497;45544;12.8;3.9
34;2021-03-28;699;21;151196;45565;12.9;3.9
34;2021-03-29;4186;751;155382;46316;13.2;3.9
34;2021-03-30;5222;965;160604;47281;13.7;4.0
34;2021-03-31;5068;1211;165672;48492;14.1;4.1
34;2021-04-01;7034;1036;172706;49528;14.7;4.2
34;2021-04-02;5823;1189;178529;50717;15.2;4.3
34;2021-04-03;1137;87;179666;50804;15.3;4.3
34;2021-04-04;166;5;179832;50809;15.3;4.3
34;2021-04-05;432;26;180264;50835;15.3;4.3
34;2021-04-06;3136;2451;183400;53286;15.6;4.5
34;2021-04-07;3385;2635;186785;55921;15.9;4.8
34;2021-04-08;5253;2806;192038;58727;16.3;5.0
34;2021-04-09;8074;2493;200112;61220;17.0;5.2
34;2021-04-10;3166;1373;203278;62593;17.3;5.3
34;2021-04-11;1715;806;204993;63399;17.4;5.4
34;2021-04-12;4496;2519;209489;65918;17.8;5.6
34;2021-04-13;5240;3053;214729;68971;18.3;5.9
34;2021-04-14;5619;3239;220348;72210;18.7;6.1
34;2021-04-15;6998;3169;227346;75379;19.3;6.4
34;2021-04-16;6576;3158;233922;78537;19.9;6.7
34;2021-04-17;2378;2069;236300;80606;20.1;6.9
34;2021-04-18;989;1719;237289;82325;20.2;7.0
34;2021-04-19;3421;3119;240710;85444;20.5;7.3
34;2021-04-20;3767;3661;244477;89105;20.8;7.6
34;2021-04-21;4243;3719;248720;92824;21.1;7.9
34;2021-04-22;4489;4614;253209;97438;21.5;8.3
34;2021-04-23;5377;3516;258586;100954;22.0;8.6
34;2021-04-24;3164;1582;261750;102536;22.3;8.7
34;2021-04-25;1919;646;263669;103182;22.4;8.8
34;2021-04-26;4224;3475;267893;106657;22.8;9.1
34;2021-04-27;5128;4013;273021;110670;23.2;9.4
34;2021-04-28;5769;3544;278790;114214;23.7;9.7
34;2021-04-29;6421;3934;285211;118148;24.2;10.0
34;2021-04-30;7874;3284;293085;121432;24.9;10.3
34;2021-05-01;2405;501;295490;121933;25.1;10.4
34;2021-05-02;3261;323;298751;122256;25.4;10.4
34;2021-05-03;6577;2903;305328;125159;26.0;10.6
34;2021-05-04;7111;3796;312439;128955;26.6;11.0
34;2021-05-05;6498;4528;318937;133483;27.1;11.3
34;2021-05-06;6945;5199;325882;138682;27.7;11.8
34;2021-05-07;6928;5674;332810;144356;28.3;12.3
34;2021-05-08;3609;1174;336419;145530;28.6;12.4
34;2021-05-09;2178;1288;338597;146818;28.8;12.5
34;2021-05-10;5855;4803;344452;151621;29.3;12.9
34;2021-05-11;7414;5310;351866;156931;29.9;13.3
34;2021-05-12;7756;4457;359622;161388;30.6;13.7
34;2021-05-13;6127;780;365749;162168;31.1;13.8
34;2021-05-14;7492;3741;373241;165909;31.7;14.1
34;2021-05-15;4865;1688;378106;167597;32.1;14.2
34;2021-05-16;4952;460;383058;168057;32.6;14.3
34;2021-05-17;8695;1983;391753;170040;33.3;14.5
34;2021-05-18;9143;1978;400896;172018;34.1;14.6
34;2021-05-19;8626;1811;409522;173829;34.8;14.8
34;2021-05-20;8869;2513;418391;176342;35.6;15.0
34;2021-05-21;8785;3232;427176;179574;36.3;15.3
34;2021-05-22;5788;1155;432964;180729;36.8;15.4
34;2021-05-23;3884;549;436848;181278;37.1;15.4
34;2021-05-24;1897;853;438745;182131;37.3;15.5
34;2021-05-25;7142;3812;445887;185943;37.9;15.8
34;2021-05-26;8325;3034;454212;188977;38.6;16.1
34;2021-05-27;8321;4307;462533;193284;39.3;16.4
34;2021-05-28;8053;5451;470586;198735;40.0;16.9
34;2021-05-29;4008;3104;474594;201839;40.4;17.2
34;2021-05-30;1988;1389;476582;203228;40.5;17.3
34;2021-05-31;5876;5251;482458;208479;41.0;17.7
34;2021-06-01;6954;6103;489412;214582;41.6;18.2
34;2021-06-02;6137;5807;495549;220389;42.1;18.7
34;2021-06-03;7715;6485;503264;226874;42.8;19.3
34;2021-06-04;7660;7585;510924;234459;43.4;19.9
34;2021-06-05;4142;3678;515066;238137;43.8;20.2
34;2021-06-06;3270;1865;518336;240002;44.1;20.4
34;2021-06-07;4422;6761;522758;246763;44.4;21.0
34;2021-06-08;5858;6828;528616;253591;44.9;21.6
34;2021-06-09;5830;6841;534446;260432;45.4;22.1
34;2021-06-10;6324;6867;540770;267299;46.0;22.7
34;2021-06-11;5401;9278;546171;276577;46.4;23.5
34;2021-06-12;3168;4726;549339;281303;46.7;23.9
34;2021-06-13;1081;1907;550420;283210;46.8;24.1
34;2021-06-14;3447;7815;553867;291025;47.1;24.7
34;2021-06-15;3955;8791;557822;299816;47.4;25.5
34;2021-06-16;4619;7855;562441;307671;47.8;26.2
34;2021-06-17;4225;7951;566666;315622;48.2;26.8
34;2021-06-18;4350;9330;571016;324952;48.5;27.6
34;2021-06-19;2734;4403;573750;329355;48.8;28.0
34;2021-06-20;891;2873;574641;332228;48.9;28.2
34;2021-06-21;2180;8556;576821;340784;49.0;29.0
34;2021-06-22;2977;9409;579798;350193;49.3;29.8
34;2021-06-23;3528;8970;583326;359163;49.6;30.5
34;2021-06-24;3561;8678;586887;367841;49.9;31.3
34;2021-06-25;3376;10437;590263;378278;50.2;32.2
34;2021-06-26;1643;6189;591906;384467;50.3;32.7
34;2021-06-27;308;4270;592214;388737;50.4;33.1
34;2021-06-28;2267;9432;594481;398169;50.5;33.9
34;2021-06-29;2686;10300;597167;408469;50.8;34.7
34;2021-06-30;3357;9548;600524;418017;51.1;35.5
34;2021-07-01;3527;9444;604051;427461;51.4;36.3
34;2021-07-02;3433;9741;607484;437202;51.7;37.2
34;2021-07-03;1682;6158;609166;443360;51.8;37.7
34;2021-07-04;312;2763;609478;446123;51.8;37.9
34;2021-07-05;3233;7998;612711;454121;52.1;38.6
34;2021-07-06;3538;9178;616249;463299;52.4;39.4
34;2021-07-07;3276;8649;619525;471948;52.7;40.1
34;2021-07-08;4302;8867;623827;480815;53.0;40.9
34;2021-07-09;4008;9345;627835;490160;53.4;41.7
34;2021-07-10;2142;5718;629977;495878;53.6;42.2
34;2021-07-11;924;2578;630901;498456;53.6;42.4
34;2021-07-12;2930;8967;633831;507423;53.9;43.1
34;2021-07-13;4657;10044;638488;517467;54.3;44.0
34;2021-07-14;782;357;639270;517824;54.4;44.0
34;2021-07-15;5911;10394;645181;528218;54.9;44.9
34;2021-07-16;5861;10729;651042;538947;55.4;45.8
34;2021-07-17;4497;4412;655539;543359;55.7;46.2
34;2021-07-18;233;195;655772;543554;55.8;46.2
34;2021-07-19;5120;8328;660892;551882;56.2;46.9
34;2021-07-20;6903;8384;667795;560266;56.8;47.6
34;2021-07-21;7657;7821;675452;568087;57.4;48.3
34;2021-07-22;7441;8172;682893;576259;58.1;49.0
34;2021-07-23;7839;8161;690732;584420;58.7;49.7
34;2021-07-24;6153;3058;696885;587478;59.3;49.9
34;2021-07-25;3214;546;700099;588024;59.5;50.0
34;2021-07-26;6244;6430;706343;594454;60.1;50.5
34;2021-07-27;8755;6053;715098;600507;60.8;51.1
34;2021-07-28;9706;5914;724804;606421;61.6;51.6
34;2021-07-29;11328;6049;736132;612470;62.6;52.1
34;2021-07-30;9847;6533;745979;619003;63.4;52.6
34;2021-07-31;6446;2189;752425;621192;64.0;52.8
34;2021-08-01;3321;617;755746;621809;64.3;52.9
34;2021-08-02;7359;5065;763105;626874;64.9;53.3
34;2021-08-03;8134;5390;771239;632264;65.6;53.8
34;2021-08-04;8436;4559;779675;636823;66.3;54.1
34;2021-08-05;7107;5020;786782;641843;66.9;54.6
34;2021-08-06;5883;5222;792665;647065;67.4;55.0
34;2021-08-07;3099;2431;795764;649496;67.7;55.2
34;2021-08-08;200;204;795964;649700;67.7;55.2
34;2021-08-09;4776;6166;800740;655866;68.1;55.8
34;2021-08-10;5394;6481;806134;662347;68.5;56.3
34;2021-08-11;4831;6539;810965;668886;69.0;56.9
34;2021-08-12;4564;6200;815529;675086;69.3;57.4
34;2021-08-13;4104;5734;819633;680820;69.7;57.9
34;2021-08-14;1796;2880;821429;683700;69.8;58.1
34;2021-08-15;202;190;821631;683890;69.9;58.1
34;2021-08-16;2858;7545;824489;691435;70.1;58.8
34;2021-08-17;3565;8279;828054;699714;70.4;59.5
34;2021-08-18;3192;7554;831246;707268;70.7;60.1
34;2021-08-19;3255;7775;834501;715043;71.0;60.8
34;2021-08-20;2708;7716;837209;722759;71.2;61.5
34;2021-08-21;1381;3559;838590;726318;71.3;61.8
34;2021-08-22;160;310;838750;726628;71.3;61.8
34;2021-08-23;2321;8651;841071;735279;71.5;62.5
34;2021-08-24;2715;8958;843786;744237;71.7;63.3
34;2021-08-25;2332;8539;846118;752776;71.9;64.0
34;2021-08-26;2577;7884;848695;760660;72.2;64.7
34;2021-08-27;2184;7564;850879;768224;72.3;65.3
34;2021-08-28;1106;3558;851985;771782;72.4;65.6
34;2021-08-29;358;1358;852343;773140;72.5;65.7
34;2021-08-30;2040;6877;854383;780017;72.6;66.3
34;2021-08-31;2108;6821;856491;786838;72.8;66.9
34;2021-09-01;2037;6404;858528;793242;73.0;67.4
34;2021-09-02;1643;4853;860171;798095;73.1;67.9
34;2021-09-03;1752;5557;861923;803652;73.3;68.3
34;2021-09-04;1351;3375;863274;807027;73.4;68.6
34;2021-09-05;139;237;863413;807264;73.4;68.6
34;2021-09-06;1144;4049;864557;811313;73.5;69.0
34;2021-09-07;1346;4121;865903;815434;73.6;69.3
34;2021-09-08;1601;4757;867504;820191;73.8;69.7
34;2021-09-09;1159;3834;868663;824025;73.9;70.1
35;2020-12-27;0;0;0;0;0.0;0.0
35;2020-12-28;0;0;0;0;0.0;0.0
35;2020-12-29;2;0;2;0;0.0;0.0
35;2020-12-30;0;0;2;0;0.0;0.0
35;2020-12-31;1;0;3;0;0.0;0.0
35;2021-01-01;3;0;6;0;0.0;0.0
35;2021-01-02;1;0;7;0;0.0;0.0
35;2021-01-03;0;0;7;0;0.0;0.0
35;2021-01-04;10;0;17;0;0.0;0.0
35;2021-01-05;110;0;127;0;0.0;0.0
35;2021-01-06;175;0;302;0;0.0;0.0
35;2021-01-07;440;1;742;1;0.1;0.0
35;2021-01-08;513;1;1255;2;0.1;0.0
35;2021-01-09;31;0;1286;2;0.1;0.0
35;2021-01-10;2;0;1288;2;0.1;0.0
35;2021-01-11;538;0;1826;2;0.2;0.0
35;2021-01-12;886;2;2712;4;0.3;0.0
35;2021-01-13;969;1;3681;5;0.3;0.0
35;2021-01-14;1261;19;4942;24;0.5;0.0
35;2021-01-15;729;2;5671;26;0.5;0.0
35;2021-01-16;189;2;5860;28;0.5;0.0
35;2021-01-17;43;0;5903;28;0.5;0.0
35;2021-01-18;1222;2;7125;30;0.7;0.0
35;2021-01-19;5407;14;12532;44;1.2;0.0
35;2021-01-20;3236;8;15768;52;1.5;0.0
35;2021-01-21;3638;5;19406;57;1.8;0.0
35;2021-01-22;2088;10;21494;67;2.0;0.0
35;2021-01-23;421;1;21915;68;2.0;0.0
35;2021-01-24;50;0;21965;68;2.0;0.0
35;2021-01-25;917;16;22882;84;2.1;0.0
35;2021-01-26;1130;129;24012;213;2.2;0.0
35;2021-01-27;1031;115;25043;328;2.3;0.0
35;2021-01-28;915;275;25958;603;2.4;0.1
35;2021-01-29;724;267;26682;870;2.5;0.1
35;2021-01-30;139;17;26821;887;2.5;0.1
35;2021-01-31;0;0;26821;887;2.5;0.1
35;2021-02-01;670;284;27491;1171;2.5;0.1
35;2021-02-02;726;418;28217;1589;2.6;0.1
35;2021-02-03;661;481;28878;2070;2.7;0.2
35;2021-02-04;591;601;29469;2671;2.7;0.2
35;2021-02-05;624;529;30093;3200;2.8;0.3
35;2021-02-06;175;4;30268;3204;2.8;0.3
35;2021-02-07;1;0;30269;3204;2.8;0.3
35;2021-02-08;446;574;30715;3778;2.8;0.3
35;2021-02-09;1715;3486;32430;7264;3.0;0.7
35;2021-02-10;1368;2652;33798;9916;3.1;0.9
35;2021-02-11;1946;3107;35744;13023;3.3;1.2
35;2021-02-12;1662;1605;37406;14628;3.5;1.4
35;2021-02-13;58;239;37464;14867;3.5;1.4
35;2021-02-14;8;68;37472;14935;3.5;1.4
35;2021-02-15;771;882;38243;15817;3.5;1.5
35;2021-02-16;920;864;39163;16681;3.6;1.5
35;2021-02-17;892;950;40055;17631;3.7;1.6
35;2021-02-18;1015;860;41070;18491;3.8;1.7
35;2021-02-19;1012;817;42082;19308;3.9;1.8
35;2021-02-20;143;40;42225;19348;3.9;1.8
35;2021-02-21;5;0;42230;19348;3.9;1.8
35;2021-02-22;777;697;43007;20045;4.0;1.9
35;2021-02-23;1288;736;44295;20781;4.1;1.9
35;2021-02-24;1404;713;45699;21494;4.2;2.0
35;2021-02-25;2249;700;47948;22194;4.4;2.1
35;2021-02-26;2601;641;50549;22835;4.7;2.1
35;2021-02-27;869;87;51418;22922;4.8;2.1
35;2021-02-28;10;0;51428;22922;4.8;2.1
35;2021-03-01;962;624;52390;23546;4.8;2.2
35;2021-03-02;1634;1890;54024;25436;5.0;2.4
35;2021-03-03;1913;907;55937;26343;5.2;2.4
35;2021-03-04;2918;1352;58855;27695;5.4;2.6
35;2021-03-05;3717;1300;62572;28995;5.8;2.7
35;2021-03-06;1339;86;63911;29081;5.9;2.7
35;2021-03-07;1;40;63912;29121;5.9;2.7
35;2021-03-08;1474;561;65386;29682;6.0;2.7
35;2021-03-09;3234;583;68620;30265;6.3;2.8
35;2021-03-10;2905;550;71525;30815;6.6;2.8
35;2021-03-11;4199;690;75724;31505;7.0;2.9
35;2021-03-12;6048;588;81772;32093;7.6;3.0
35;2021-03-13;2427;133;84199;32226;7.8;3.0
35;2021-03-14;18;25;84217;32251;7.8;3.0
35;2021-03-15;1966;668;86183;32919;8.0;3.0
35;2021-03-16;2505;718;88688;33637;8.2;3.1
35;2021-03-17;2397;598;91085;34235;8.4;3.2
35;2021-03-18;2336;585;93421;34820;8.6;3.2
35;2021-03-19;3546;505;96967;35325;9.0;3.3
35;2021-03-20;1542;109;98509;35434;9.1;3.3
35;2021-03-21;38;1;98547;35435;9.1;3.3
35;2021-03-22;1750;837;100297;36272;9.3;3.4
35;2021-03-23;3626;1173;103923;37445;9.6;3.5
35;2021-03-24;3732;986;107655;38431;9.9;3.6
35;2021-03-25;5328;988;112983;39419;10.4;3.6
35;2021-03-26;5850;803;118833;40222;11.0;3.7
35;2021-03-27;1416;208;120249;40430;11.1;3.7
35;2021-03-28;4;0;120253;40430;11.1;3.7
35;2021-03-29;2780;907;123033;41337;11.4;3.8
35;2021-03-30;4291;1326;127324;42663;11.8;3.9
35;2021-03-31;3471;1336;130795;43999;12.1;4.1
35;2021-04-01;4252;1240;135047;45239;12.5;4.2
35;2021-04-02;4863;1207;139910;46446;12.9;4.3
35;2021-04-03;764;213;140674;46659;13.0;4.3
35;2021-04-04;6;0;140680;46659;13.0;4.3
35;2021-04-05;22;1;140702;46660;13.0;4.3
35;2021-04-06;3282;2028;143984;48688;13.3;4.5
35;2021-04-07;3966;1843;147950;50531;13.7;4.7
35;2021-04-08;5803;1590;153753;52121;14.2;4.8
35;2021-04-09;7427;1414;161180;53535;14.9;4.9
35;2021-04-10;1861;252;163041;53787;15.1;5.0
35;2021-04-11;35;23;163076;53810;15.1;5.0
35;2021-04-12;5137;1596;168213;55406;15.5;5.1
35;2021-04-13;7625;2785;175838;58191;16.3;5.4
35;2021-04-14;6312;2299;182150;60490;16.8;5.6
35;2021-04-15;7566;2176;189716;62666;17.5;5.8
35;2021-04-16;8081;1761;197797;64427;18.3;6.0
35;2021-04-17;1571;223;199368;64650;18.4;6.0
35;2021-04-18;10;4;199378;64654;18.4;6.0
35;2021-04-19;4820;1669;204198;66323;18.9;6.1
35;2021-04-20;5163;2638;209361;68961;19.3;6.4
35;2021-04-21;5134;2209;214495;71170;19.8;6.6
35;2021-04-22;6430;2326;220925;73496;20.4;6.8
35;2021-04-23;6822;2362;227747;75858;21.0;7.0
35;2021-04-24;1131;262;228878;76120;21.2;7.0
35;2021-04-25;8;16;228886;76136;21.2;7.0
35;2021-04-26;5101;2152;233987;78288;21.6;7.2
35;2021-04-27;6091;3200;240078;81488;22.2;7.5
35;2021-04-28;6173;2557;246251;84045;22.8;7.8
35;2021-04-29;7116;2739;253367;86784;23.4;8.0
35;2021-04-30;7562;2532;260929;89316;24.1;8.3
35;2021-05-01;618;239;261547;89555;24.2;8.3
35;2021-05-02;15;21;261562;89576;24.2;8.3
35;2021-05-03;5308;2326;266870;91902;24.7;8.5
35;2021-05-04;5072;5323;271942;97225;25.1;9.0
35;2021-05-05;4883;4444;276825;101669;25.6;9.4
35;2021-05-06;6176;5263;283001;106932;26.2;9.9
35;2021-05-07;5619;5244;288620;112176;26.7;10.4
35;2021-05-08;1720;135;290340;112311;26.8;10.4
35;2021-05-09;698;75;291038;112386;26.9;10.4
35;2021-05-10;3724;4955;294762;117341;27.2;10.8
35;2021-05-11;4777;5803;299539;123144;27.7;11.4
35;2021-05-12;5289;5492;304828;128636;28.2;11.9
35;2021-05-13;2702;1428;307530;130064;28.4;12.0
35;2021-05-14;5460;4280;312990;134344;28.9;12.4
35;2021-05-15;2930;718;315920;135062;29.2;12.5
35;2021-05-16;999;61;316919;135123;29.3;12.5
35;2021-05-17;4475;3882;321394;139005;29.7;12.8
35;2021-05-18;5838;4324;327232;143329;30.2;13.2
35;2021-05-19;5867;3634;333099;146963;30.8;13.6
35;2021-05-20;6448;4002;339547;150965;31.4;14.0
35;2021-05-21;6141;4765;345688;155730;31.9;14.4
35;2021-05-22;2118;731;347806;156461;32.1;14.5
35;2021-05-23;688;46;348494;156507;32.2;14.5
35;2021-05-24;3207;1297;351701;157804;32.5;14.6
35;2021-05-25;5544;4271;357245;162075;33.0;15.0
35;2021-05-26;5726;4159;362971;166234;33.5;15.4
35;2021-05-27;6528;4763;369499;170997;34.1;15.8
35;2021-05-28;6332;5564;375831;176561;34.7;16.3
35;2021-05-29;2875;1143;378706;177704;35.0;16.4
35;2021-05-30;877;39;379583;177743;35.1;16.4
35;2021-05-31;6312;4385;385895;182128;35.7;16.8
35;2021-06-01;7366;5111;393261;187239;36.3;17.3
35;2021-06-02;7221;3797;400482;191036;37.0;17.7
35;2021-06-03;8155;4992;408637;196028;37.8;18.1
35;2021-06-04;7274;7451;415911;203479;38.4;18.8
35;2021-06-05;4139;1581;420050;205060;38.8;19.0
35;2021-06-06;3055;146;423105;205206;39.1;19.0
35;2021-06-07;5782;5775;428887;210981;39.6;19.5
35;2021-06-08;7601;5952;436488;216933;40.3;20.0
35;2021-06-09;8464;4808;444952;221741;41.1;20.5
35;2021-06-10;9347;4745;454299;226486;42.0;20.9
35;2021-06-11;8636;7470;462935;233956;42.8;21.6
35;2021-06-12;4688;1208;467623;235164;43.2;21.7
35;2021-06-13;3386;226;471009;235390;43.5;21.8
35;2021-06-14;6233;6519;477242;241909;44.1;22.4
35;2021-06-15;7506;6961;484748;248870;44.8;23.0
35;2021-06-16;8326;5624;493074;254494;45.6;23.5
35;2021-06-17;8895;5904;501969;260398;46.4;24.1
35;2021-06-18;8718;8099;510687;268497;47.2;24.8
35;2021-06-19;1504;2511;512191;271008;47.3;25.0
35;2021-06-20;2955;883;515146;271891;47.6;25.1
35;2021-06-21;5932;6378;521078;278269;48.2;25.7
35;2021-06-22;6843;7499;527921;285768;48.8;26.4
35;2021-06-23;7252;6146;535173;291914;49.5;27.0
35;2021-06-24;8371;5923;543544;297837;50.2;27.5
35;2021-06-25;6631;8477;550175;306314;50.8;28.3
35;2021-06-26;1107;3077;551282;309391;50.9;28.6
35;2021-06-27;2637;1031;553919;310422;51.2;28.7
35;2021-06-28;4296;7758;558215;318180;51.6;29.4
35;2021-06-29;5091;7972;563306;326152;52.1;30.1
35;2021-06-30;5603;7890;568909;334042;52.6;30.9
35;2021-07-01;6586;7544;575495;341586;53.2;31.6
35;2021-07-02;5334;9859;580829;351445;53.7;32.5
35;2021-07-03;1084;2838;581913;354283;53.8;32.7
35;2021-07-04;2149;1554;584062;355837;54.0;32.9
35;2021-07-05;3735;8205;587797;364042;54.3;33.6
35;2021-07-06;4789;9473;592586;373515;54.8;34.5
35;2021-07-07;5059;8322;597645;381837;55.2;35.3
35;2021-07-08;5387;8487;603032;390324;55.7;36.1
35;2021-07-09;3907;11546;606939;401870;56.1;37.1
35;2021-07-10;892;3149;607831;405019;56.2;37.4
35;2021-07-11;1301;2355;609132;407374;56.3;37.6
35;2021-07-12;3121;9145;612253;416519;56.6;38.5
35;2021-07-13;3981;10749;616234;427268;56.9;39.5
35;2021-07-14;2152;4449;618386;431717;57.1;39.9
35;2021-07-15;4293;10182;622679;441899;57.5;40.8
35;2021-07-16;4800;11006;627479;452905;58.0;41.9
35;2021-07-17;1985;4065;629464;456970;58.2;42.2
35;2021-07-18;844;2570;630308;459540;58.3;42.5
35;2021-07-19;3254;8970;633562;468510;58.6;43.3
35;2021-07-20;4243;10588;637805;479098;58.9;44.3
35;2021-07-21;4370;9384;642175;488482;59.3;45.1
35;2021-07-22;4848;9660;647023;498142;59.8;46.0
35;2021-07-23;4563;11013;651586;509155;60.2;47.1
35;2021-07-24;1587;4268;653173;513423;60.4;47.4
35;2021-07-25;816;2845;653989;516268;60.4;47.7
35;2021-07-26;3893;8736;657882;525004;60.8;48.5
35;2021-07-27;5282;9651;663164;534655;61.3;49.4
35;2021-07-28;5319;8671;668483;543326;61.8;50.2
35;2021-07-29;6112;8337;674595;551663;62.3;51.0
35;2021-07-30;5901;9087;680496;560750;62.9;51.8
35;2021-07-31;2318;3655;682814;564405;63.1;52.2
35;2021-08-01;1525;2411;684339;566816;63.2;52.4
35;2021-08-02;4755;6951;689094;573767;63.7;53.0
35;2021-08-03;6712;7581;695806;581348;64.3;53.7
35;2021-08-04;6707;6590;702513;587938;64.9;54.3
35;2021-08-05;6681;6981;709194;594919;65.5;55.0
35;2021-08-06;6061;7324;715255;602243;66.1;55.7
35;2021-08-07;2108;3149;717363;605392;66.3;55.9
35;2021-08-08;1525;2256;718888;607648;66.4;56.2
35;2021-08-09;4616;5537;723504;613185;66.9;56.7
35;2021-08-10;6558;6380;730062;619565;67.5;57.3
35;2021-08-11;6469;5862;736531;625427;68.1;57.8
35;2021-08-12;6996;5582;743527;631009;68.7;58.3
35;2021-08-13;6660;5063;750187;636072;69.3;58.8
35;2021-08-14;3047;1982;753234;638054;69.6;59.0
35;2021-08-15;2472;1256;755706;639310;69.8;59.1
35;2021-08-16;4849;5295;760555;644605;70.3;59.6
35;2021-08-17;6374;6076;766929;650681;70.9;60.1
35;2021-08-18;6450;5622;773379;656303;71.5;60.7
35;2021-08-19;6259;5754;779638;662057;72.1;61.2
35;2021-08-20;5102;6345;784740;668402;72.5;61.8
35;2021-08-21;2377;2631;787117;671033;72.7;62.0
35;2021-08-22;1760;1792;788877;672825;72.9;62.2
35;2021-08-23;3084;6008;791961;678833;73.2;62.7
35;2021-08-24;3465;7221;795426;686054;73.5;63.4
35;2021-08-25;3287;6614;798713;692668;73.8;64.0
35;2021-08-26;2615;6887;801328;699555;74.1;64.6
35;2021-08-27;2751;7258;804079;706813;74.3;65.3
35;2021-08-28;1172;2952;805251;709765;74.4;65.6
35;2021-08-29;519;1758;805770;711523;74.5;65.8
35;2021-08-30;1956;5481;807726;717004;74.6;66.3
35;2021-08-31;2337;6504;810063;723508;74.9;66.9
35;2021-09-01;1911;6087;811974;729595;75.0;67.4
35;2021-09-02;1829;6169;813803;735764;75.2;68.0
35;2021-09-03;2014;7044;815817;742808;75.4;68.6
35;2021-09-04;1118;4095;816935;746903;75.5;69.0
35;2021-09-05;517;2074;817452;748977;75.5;69.2
35;2021-09-06;1124;5006;818576;753983;75.6;69.7
35;2021-09-07;1305;5407;819881;759390;75.8;70.2
35;2021-09-08;1329;6241;821210;765631;75.9;70.8
35;2021-09-09;1231;5306;822441;770937;76.0;71.2
36;2020-12-27;0;0;0;0;0.0;0.0
36;2020-12-28;0;0;0;0;0.0;0.0
36;2020-12-29;0;0;0;0;0.0;0.0
36;2020-12-30;0;0;0;0;0.0;0.0
36;2020-12-31;0;0;0;0;0.0;0.0
36;2021-01-01;0;0;0;0;0.0;0.0
36;2021-01-02;0;0;0;0;0.0;0.0
36;2021-01-03;0;0;0;0;0.0;0.0
36;2021-01-04;2;0;2;0;0.0;0.0
36;2021-01-05;0;0;2;0;0.0;0.0
36;2021-01-06;24;0;26;0;0.0;0.0
36;2021-01-07;51;0;77;0;0.0;0.0
36;2021-01-08;111;0;188;0;0.1;0.0
36;2021-01-09;84;0;272;0;0.1;0.0
36;2021-01-10;142;0;414;0;0.2;0.0
36;2021-01-11;239;1;653;1;0.3;0.0
36;2021-01-12;282;0;935;1;0.4;0.0
36;2021-01-13;198;1;1133;2;0.5;0.0
36;2021-01-14;505;3;1638;5;0.8;0.0
36;2021-01-15;179;1;1817;6;0.8;0.0
36;2021-01-16;24;1;1841;7;0.8;0.0
36;2021-01-17;19;1;1860;8;0.9;0.0
36;2021-01-18;613;3;2473;11;1.1;0.0
36;2021-01-19;1174;2;3647;13;1.7;0.0
36;2021-01-20;1102;2;4749;15;2.2;0.0
36;2021-01-21;721;0;5470;15;2.5;0.0
36;2021-01-22;857;2;6327;17;2.9;0.0
36;2021-01-23;295;0;6622;17;3.0;0.0
36;2021-01-24;185;0;6807;17;3.1;0.0
36;2021-01-25;640;4;7447;21;3.4;0.0
36;2021-01-26;610;1;8057;22;3.7;0.0
36;2021-01-27;851;19;8908;41;4.1;0.0
36;2021-01-28;478;35;9386;76;4.3;0.0
36;2021-01-29;573;90;9959;166;4.6;0.1
36;2021-01-30;288;64;10247;230;4.7;0.1
36;2021-01-31;115;118;10362;348;4.8;0.2
36;2021-02-01;378;99;10740;447;4.9;0.2
36;2021-02-02;410;168;11150;615;5.1;0.3
36;2021-02-03;473;257;11623;872;5.4;0.4
36;2021-02-04;275;250;11898;1122;5.5;0.5
36;2021-02-05;302;157;12200;1279;5.6;0.6
36;2021-02-06;1;0;12201;1279;5.6;0.6
36;2021-02-07;1;0;12202;1279;5.6;0.6
36;2021-02-08;280;221;12482;1500;5.7;0.7
36;2021-02-09;328;587;12810;2087;5.9;1.0
36;2021-02-10;490;627;13300;2714;6.1;1.2
36;2021-02-11;384;575;13684;3289;6.3;1.5
36;2021-02-12;303;425;13987;3714;6.4;1.7
36;2021-02-13;126;57;14113;3771;6.5;1.7
36;2021-02-14;22;23;14135;3794;6.5;1.7
36;2021-02-15;42;484;14177;4278;6.5;2.0
36;2021-02-16;107;344;14284;4622;6.6;2.1
36;2021-02-17;117;525;14401;5147;6.6;2.4
36;2021-02-18;161;544;14562;5691;6.7;2.6
36;2021-02-19;181;450;14743;6141;6.8;2.8
36;2021-02-20;86;204;14829;6345;6.8;2.9
36;2021-02-21;87;135;14916;6480;6.9;3.0
36;2021-02-22;162;433;15078;6913;6.9;3.2
36;2021-02-23;62;523;15140;7436;7.0;3.4
36;2021-02-24;110;587;15250;8023;7.0;3.7
36;2021-02-25;251;241;15501;8264;7.1;3.8
36;2021-02-26;339;424;15840;8688;7.3;4.0
36;2021-02-27;73;229;15913;8917;7.3;4.1
36;2021-02-28;13;83;15926;9000;7.3;4.1
36;2021-03-01;218;315;16144;9315;7.4;4.3
36;2021-03-02;352;336;16496;9651;7.6;4.4
36;2021-03-03;394;504;16890;10155;7.8;4.7
36;2021-03-04;663;332;17553;10487;8.1;4.8
36;2021-03-05;799;283;18352;10770;8.5;5.0
36;2021-03-06;410;17;18762;10787;8.6;5.0
36;2021-03-07;339;7;19101;10794;8.8;5.0
36;2021-03-08;251;302;19352;11096;8.9;5.1
36;2021-03-09;449;257;19801;11353;9.1;5.2
36;2021-03-10;724;404;20525;11757;9.5;5.4
36;2021-03-11;840;242;21365;11999;9.8;5.5
36;2021-03-12;1446;295;22811;12294;10.5;5.7
36;2021-03-13;575;126;23386;12420;10.8;5.7
36;2021-03-14;113;1;23499;12421;10.8;5.7
36;2021-03-15;648;156;24147;12577;11.1;5.8
36;2021-03-16;447;67;24594;12644;11.3;5.8
36;2021-03-17;765;90;25359;12734;11.7;5.9
36;2021-03-18;414;72;25773;12806;11.9;5.9
36;2021-03-19;738;40;26511;12846;12.2;5.9
36;2021-03-20;451;26;26962;12872;12.4;5.9
36;2021-03-21;0;0;26962;12872;12.4;5.9
36;2021-03-22;497;59;27459;12931;12.6;6.0
36;2021-03-23;777;58;28236;12989;13.0;6.0
36;2021-03-24;1090;77;29326;13066;13.5;6.0
36;2021-03-25;1337;89;30663;13155;14.1;6.1
36;2021-03-26;1419;158;32082;13313;14.8;6.1
36;2021-03-27;475;43;32557;13356;15.0;6.2
36;2021-03-28;68;57;32625;13413;15.0;6.2
36;2021-03-29;462;184;33087;13597;15.2;6.3
36;2021-03-30;584;263;33671;13860;15.5;6.4
36;2021-03-31;1263;172;34934;14032;16.1;6.5
36;2021-04-01;1086;430;36020;14462;16.6;6.7
36;2021-04-02;966;143;36986;14605;17.0;6.7
36;2021-04-03;282;176;37268;14781;17.2;6.8
36;2021-04-04;42;2;37310;14783;17.2;6.8
36;2021-04-05;15;46;37325;14829;17.2;6.8
36;2021-04-06;821;362;38146;15191;17.6;7.0
36;2021-04-07;1073;540;39219;15731;18.1;7.2
36;2021-04-08;1347;480;40566;16211;18.7;7.5
36;2021-04-09;1939;403;42505;16614;19.6;7.7
36;2021-04-10;592;243;43097;16857;19.8;7.8
36;2021-04-11;256;90;43353;16947;20.0;7.8
36;2021-04-12;848;561;44201;17508;20.4;8.1
36;2021-04-13;1140;518;45341;18026;20.9;8.3
36;2021-04-14;1582;864;46923;18890;21.6;8.7
36;2021-04-15;1654;473;48577;19363;22.4;8.9
36;2021-04-16;1488;466;50065;19829;23.1;9.1
36;2021-04-17;893;250;50958;20079;23.5;9.2
36;2021-04-18;383;7;51341;20086;23.6;9.3
36;2021-04-19;874;443;52215;20529;24.0;9.5
36;2021-04-20;1145;521;53360;21050;24.6;9.7
36;2021-04-21;1240;878;54600;21928;25.1;10.1
36;2021-04-22;1593;872;56193;22800;25.9;10.5
36;2021-04-23;1327;616;57520;23416;26.5;10.8
36;2021-04-24;678;381;58198;23797;26.8;11.0
36;2021-04-25;413;94;58611;23891;27.0;11.0
36;2021-04-26;1134;448;59745;24339;27.5;11.2
36;2021-04-27;1278;552;61023;24891;28.1;11.5
36;2021-04-28;1488;1064;62511;25955;28.8;12.0
36;2021-04-29;2016;703;64527;26658;29.7;12.3
36;2021-04-30;1553;457;66080;27115;30.4;12.5
36;2021-05-01;724;64;66804;27179;30.8;12.5
36;2021-05-02;498;64;67302;27243;31.0;12.5
36;2021-05-03;1292;315;68594;27558;31.6;12.7
36;2021-05-04;780;805;69374;28363;31.9;13.1
36;2021-05-05;1283;1306;70657;29669;32.5;13.7
36;2021-05-06;2138;795;72795;30464;33.5;14.0
36;2021-05-07;1469;767;74264;31231;34.2;14.4
36;2021-05-08;306;105;74570;31336;34.3;14.4
36;2021-05-09;174;343;74744;31679;34.4;14.6
36;2021-05-10;1216;816;75960;32495;35.0;15.0
36;2021-05-11;1725;1249;77685;33744;35.8;15.5
36;2021-05-12;1827;1484;79512;35228;36.6;16.2
36;2021-05-13;548;304;80060;35532;36.9;16.4
36;2021-05-14;701;1037;80761;36569;37.2;16.8
36;2021-05-15;635;591;81396;37160;37.5;17.1
36;2021-05-16;337;377;81733;37537;37.6;17.3
36;2021-05-17;615;943;82348;38480;37.9;17.7
36;2021-05-18;874;937;83222;39417;38.3;18.2
36;2021-05-19;1333;846;84555;40263;38.9;18.5
36;2021-05-20;1611;1205;86166;41468;39.7;19.1
36;2021-05-21;1107;1064;87273;42532;40.2;19.6
36;2021-05-22;678;342;87951;42874;40.5;19.7
36;2021-05-23;429;297;88380;43171;40.7;19.9
36;2021-05-24;505;469;88885;43640;40.9;20.1
36;2021-05-25;1046;684;89931;44324;41.4;20.4
36;2021-05-26;1473;1159;91404;45483;42.1;20.9
36;2021-05-27;1397;977;92801;46460;42.7;21.4
36;2021-05-28;921;1482;93722;47942;43.2;22.1
36;2021-05-29;700;507;94422;48449;43.5;22.3
36;2021-05-30;111;573;94533;49022;43.5;22.6
36;2021-05-31;1137;763;95670;49785;44.1;22.9
36;2021-06-01;1412;829;97082;50614;44.7;23.3
36;2021-06-02;2062;614;99144;51228;45.7;23.6
36;2021-06-03;1902;1202;101046;52430;46.5;24.1
36;2021-06-04;1774;1039;102820;53469;47.4;24.6
36;2021-06-05;692;657;103512;54126;47.7;24.9
36;2021-06-06;336;272;103848;54398;47.8;25.1
36;2021-06-07;983;808;104831;55206;48.3;25.4
36;2021-06-08;958;981;105789;56187;48.7;25.9
36;2021-06-09;1675;1064;107464;57251;49.5;26.4
36;2021-06-10;1530;1382;108994;58633;50.2;27.0
36;2021-06-11;1289;1496;110283;60129;50.8;27.7
36;2021-06-12;920;779;111203;60908;51.2;28.1
36;2021-06-13;343;269;111546;61177;51.4;28.2
36;2021-06-14;606;1269;112152;62446;51.6;28.8
36;2021-06-15;734;1215;112886;63661;52.0;29.3
36;2021-06-16;903;1519;113789;65180;52.4;30.0
36;2021-06-17;750;1902;114539;67082;52.7;30.9
36;2021-06-18;706;1881;115245;68963;53.1;31.8
36;2021-06-19;295;395;115540;69358;53.2;31.9
36;2021-06-20;235;327;115775;69685;53.3;32.1
36;2021-06-21;686;1449;116461;71134;53.6;32.8
36;2021-06-22;841;1552;117302;72686;54.0;33.5
36;2021-06-23;773;1788;118075;74474;54.4;34.3
36;2021-06-24;855;1523;118930;75997;54.8;35.0
36;2021-06-25;942;1220;119872;77217;55.2;35.6
36;2021-06-26;325;602;120197;77819;55.4;35.8
36;2021-06-27;105;267;120302;78086;55.4;36.0
36;2021-06-28;697;925;120999;79011;55.7;36.4
36;2021-06-29;688;1459;121687;80470;56.0;37.1
36;2021-06-30;837;2149;122524;82619;56.4;38.0
36;2021-07-01;351;1081;122875;83700;56.6;38.5
36;2021-07-02;747;1844;123622;85544;56.9;39.4
36;2021-07-03;466;885;124088;86429;57.1;39.8
36;2021-07-04;185;325;124273;86754;57.2;40.0
36;2021-07-05;494;1335;124767;88089;57.5;40.6
36;2021-07-06;491;1221;125258;89310;57.7;41.1
36;2021-07-07;586;1792;125844;91102;58.0;42.0
36;2021-07-08;550;1706;126394;92808;58.2;42.7
36;2021-07-09;786;1654;127180;94462;58.6;43.5
36;2021-07-10;470;1119;127650;95581;58.8;44.0
36;2021-07-11;257;154;127907;95735;58.9;44.1
36;2021-07-12;332;1628;128239;97363;59.1;44.8
36;2021-07-13;312;1937;128551;99300;59.2;45.7
36;2021-07-14;376;763;128927;100063;59.4;46.1
36;2021-07-15;917;2164;129844;102227;59.8;47.1
36;2021-07-16;628;1872;130472;104099;60.1;47.9
36;2021-07-17;400;859;130872;104958;60.3;48.3
36;2021-07-18;199;408;131071;105366;60.4;48.5
36;2021-07-19;552;1455;131623;106821;60.6;49.2
36;2021-07-20;776;1406;132399;108227;61.0;49.8
36;2021-07-21;712;1983;133111;110210;61.3;50.8
36;2021-07-22;1139;1687;134250;111897;61.8;51.5
36;2021-07-23;969;1745;135219;113642;62.3;52.3
36;2021-07-24;606;801;135825;114443;62.6;52.7
36;2021-07-25;148;404;135973;114847;62.6;52.9
36;2021-07-26;949;1085;136922;115932;63.1;53.4
36;2021-07-27;816;1354;137738;117286;63.4;54.0
36;2021-07-28;1385;1401;139123;118687;64.1;54.7
36;2021-07-29;1707;1308;140830;119995;64.9;55.3
36;2021-07-30;1448;1324;142278;121319;65.5;55.9
36;2021-07-31;932;536;143210;121855;66.0;56.1
36;2021-08-01;209;239;143419;122094;66.0;56.2
36;2021-08-02;1116;895;144535;122989;66.6;56.6
36;2021-08-03;1272;995;145807;123984;67.1;57.1
36;2021-08-04;1692;938;147499;124922;67.9;57.5
36;2021-08-05;1823;910;149322;125832;68.8;57.9
36;2021-08-06;1419;877;150741;126709;69.4;58.4
36;2021-08-07;541;527;151282;127236;69.7;58.6
36;2021-08-08;292;154;151574;127390;69.8;58.7
36;2021-08-09;818;846;152392;128236;70.2;59.1
36;2021-08-10;1067;1014;153459;129250;70.7;59.5
36;2021-08-11;1354;857;154813;130107;71.3;59.9
36;2021-08-12;1159;854;155972;130961;71.8;60.3
36;2021-08-13;1185;778;157157;131739;72.4;60.7
36;2021-08-14;426;837;157583;132576;72.6;61.1
36;2021-08-15;363;113;157946;132689;72.7;61.1
36;2021-08-16;605;957;158551;133646;73.0;61.5
36;2021-08-17;766;1001;159317;134647;73.4;62.0
36;2021-08-18;1037;1162;160354;135809;73.8;62.5
36;2021-08-19;836;1182;161190;136991;74.2;63.1
36;2021-08-20;483;1479;161673;138470;74.5;63.8
36;2021-08-21;309;466;161982;138936;74.6;64.0
36;2021-08-22;27;65;162009;139001;74.6;64.0
36;2021-08-23;549;1178;162558;140179;74.9;64.6
36;2021-08-24;588;1205;163146;141384;75.1;65.1
36;2021-08-25;461;1092;163607;142476;75.3;65.6
36;2021-08-26;666;1479;164273;143955;75.7;66.3
36;2021-08-27;528;1409;164801;145364;75.9;66.9
36;2021-08-28;368;580;165169;145944;76.1;67.2
36;2021-08-29;220;239;165389;146183;76.2;67.3
36;2021-08-30;246;748;165635;146931;76.3;67.7
36;2021-08-31;387;932;166022;147863;76.5;68.1
36;2021-09-01;385;1219;166407;149082;76.6;68.7
36;2021-09-02;323;1054;166730;150136;76.8;69.1
36;2021-09-03;296;1493;167026;151629;76.9;69.8
36;2021-09-04;248;867;167274;152496;77.0;70.2
36;2021-09-05;119;382;167393;152878;77.1;70.4
36;2021-09-06;149;1040;167542;153918;77.2;70.9
36;2021-09-07;190;852;167732;154770;77.2;71.3
36;2021-09-08;227;1300;167959;156070;77.4;71.9
36;2021-09-09;257;1002;168216;157072;77.5;72.3
37;2020-12-27;0;0;0;0;0.0;0.0
37;2020-12-28;17;0;17;0;0.0;0.0
37;2020-12-29;10;0;27;0;0.0;0.0
37;2020-12-30;0;0;27;0;0.0;0.0
37;2020-12-31;0;0;27;0;0.0;0.0
37;2021-01-01;0;0;27;0;0.0;0.0
37;2021-01-02;0;0;27;0;0.0;0.0
37;2021-01-03;0;0;27;0;0.0;0.0
37;2021-01-04;21;0;48;0;0.0;0.0
37;2021-01-05;47;0;95;0;0.0;0.0
37;2021-01-06;79;0;174;0;0.0;0.0
37;2021-01-07;116;0;290;0;0.0;0.0
37;2021-01-08;442;1;732;1;0.1;0.0
37;2021-01-09;80;1;812;2;0.1;0.0
37;2021-01-10;83;0;895;2;0.1;0.0
37;2021-01-11;280;0;1175;2;0.2;0.0
37;2021-01-12;658;4;1833;6;0.3;0.0
37;2021-01-13;560;1;2393;7;0.4;0.0
37;2021-01-14;523;3;2916;10;0.5;0.0
37;2021-01-15;628;1;3544;11;0.6;0.0
37;2021-01-16;304;2;3848;13;0.6;0.0
37;2021-01-17;262;1;4110;14;0.7;0.0
37;2021-01-18;734;10;4844;24;0.8;0.0
37;2021-01-19;1243;10;6087;34;1.0;0.0
37;2021-01-20;1038;3;7125;37;1.2;0.0
37;2021-01-21;856;1;7981;38;1.3;0.0
37;2021-01-22;767;2;8748;40;1.4;0.0
37;2021-01-23;173;0;8921;40;1.5;0.0
37;2021-01-24;0;0;8921;40;1.5;0.0
37;2021-01-25;541;15;9462;55;1.6;0.0
37;2021-01-26;1814;64;11276;119;1.9;0.0
37;2021-01-27;1524;68;12800;187;2.1;0.0
37;2021-01-28;1530;88;14330;275;2.4;0.0
37;2021-01-29;633;306;14963;581;2.5;0.1
37;2021-01-30;202;54;15165;635;2.5;0.1
37;2021-01-31;15;54;15180;689;2.5;0.1
37;2021-02-01;332;182;15512;871;2.6;0.1
37;2021-02-02;523;501;16035;1372;2.6;0.2
37;2021-02-03;659;334;16694;1706;2.8;0.3
37;2021-02-04;548;393;17242;2099;2.8;0.3
37;2021-02-05;466;416;17708;2515;2.9;0.4
37;2021-02-06;189;2;17897;2517;3.0;0.4
37;2021-02-07;20;1;17917;2518;3.0;0.4
37;2021-02-08;332;290;18249;2808;3.0;0.5
37;2021-02-09;625;667;18874;3475;3.1;0.6
37;2021-02-10;663;488;19537;3963;3.2;0.7
37;2021-02-11;612;529;20149;4492;3.3;0.7
37;2021-02-12;489;529;20638;5021;3.4;0.8
37;2021-02-13;156;172;20794;5193;3.4;0.9
37;2021-02-14;2;70;20796;5263;3.4;0.9
37;2021-02-15;425;405;21221;5668;3.5;0.9
37;2021-02-16;841;1344;22062;7012;3.6;1.2
37;2021-02-17;635;1264;22697;8276;3.7;1.4
37;2021-02-18;912;1344;23609;9620;3.9;1.6
37;2021-02-19;795;782;24404;10402;4.0;1.7
37;2021-02-20;245;166;24649;10568;4.1;1.7
37;2021-02-21;5;1;24654;10569;4.1;1.7
37;2021-02-22;334;519;24988;11088;4.1;1.8
37;2021-02-23;606;532;25594;11620;4.2;1.9
37;2021-02-24;572;515;26166;12135;4.3;2.0
37;2021-02-25;875;511;27041;12646;4.5;2.1
37;2021-02-26;1116;506;28157;13152;4.7;2.2
37;2021-02-27;585;150;28742;13302;4.7;2.2
37;2021-02-28;23;0;28765;13302;4.8;2.2
37;2021-03-01;603;326;29368;13628;4.9;2.3
37;2021-03-02;1090;480;30458;14108;5.0;2.3
37;2021-03-03;973;461;31431;14569;5.2;2.4
37;2021-03-04;1607;432;33038;15001;5.5;2.5
37;2021-03-05;2129;505;35167;15506;5.8;2.6
37;2021-03-06;1165;191;36332;15697;6.0;2.6
37;2021-03-07;472;67;36804;15764;6.1;2.6
37;2021-03-08;668;384;37472;16148;6.2;2.7
37;2021-03-09;1652;673;39124;16821;6.5;2.8
37;2021-03-10;1606;733;40730;17554;6.7;2.9
37;2021-03-11;2048;677;42778;18231;7.1;3.0
37;2021-03-12;3209;471;45987;18702;7.6;3.1
37;2021-03-13;1947;189;47934;18891;7.9;3.1
37;2021-03-14;206;4;48140;18895;8.0;3.1
37;2021-03-15;1069;246;49209;19141;8.1;3.2
37;2021-03-16;1048;529;50257;19670;8.3;3.2
37;2021-03-17;934;278;51191;19948;8.5;3.3
37;2021-03-18;1035;521;52226;20469;8.6;3.4
37;2021-03-19;2218;340;54444;20809;9.0;3.4
37;2021-03-20;1334;141;55778;20950;9.2;3.5
37;2021-03-21;204;4;55982;20954;9.2;3.5
37;2021-03-22;1287;240;57269;21194;9.5;3.5
37;2021-03-23;2257;565;59526;21759;9.8;3.6
37;2021-03-24;2246;464;61772;22223;10.2;3.7
37;2021-03-25;2984;442;64756;22665;10.7;3.7
37;2021-03-26;3524;402;68280;23067;11.3;3.8
37;2021-03-27;1175;126;69455;23193;11.5;3.8
37;2021-03-28;139;1;69594;23194;11.5;3.8
37;2021-03-29;1605;346;71199;23540;11.8;3.9
37;2021-03-30;2524;622;73723;24162;12.2;4.0
37;2021-03-31;2048;483;75771;24645;12.5;4.1
37;2021-04-01;2601;965;78372;25610;12.9;4.2
37;2021-04-02;2811;669;81183;26279;13.4;4.3
37;2021-04-03;817;224;82000;26503;13.5;4.4
37;2021-04-04;104;1;82104;26504;13.6;4.4
37;2021-04-05;4;0;82108;26504;13.6;4.4
37;2021-04-06;2241;781;84349;27285;13.9;4.5
37;2021-04-07;3173;873;87522;28158;14.5;4.7
37;2021-04-08;4045;966;91567;29124;15.1;4.8
37;2021-04-09;4546;949;96113;30073;15.9;5.0
37;2021-04-10;1328;430;97441;30503;16.1;5.0
37;2021-04-11;104;1;97545;30504;16.1;5.0
37;2021-04-12;2644;674;100189;31178;16.5;5.2
37;2021-04-13;4114;1162;104303;32340;17.2;5.3
37;2021-04-14;3044;896;107347;33236;17.7;5.5
37;2021-04-15;3759;1018;111106;34254;18.4;5.7
37;2021-04-16;4359;1228;115465;35482;19.1;5.9
37;2021-04-17;1147;222;116612;35704;19.3;5.9
37;2021-04-18;97;3;116709;35707;19.3;5.9
37;2021-04-19;2482;849;119191;36556;19.7;6.0
37;2021-04-20;3234;1338;122425;37894;20.2;6.3
37;2021-04-21;2930;1156;125355;39050;20.7;6.5
37;2021-04-22;3456;1400;128811;40450;21.3;6.7
37;2021-04-23;3692;1813;132503;42263;21.9;7.0
37;2021-04-24;1007;387;133510;42650;22.1;7.0
37;2021-04-25;46;2;133556;42652;22.1;7.0
37;2021-04-26;2971;1338;136527;43990;22.6;7.3
37;2021-04-27;4185;1805;140712;45795;23.2;7.6
37;2021-04-28;3464;1951;144176;47746;23.8;7.9
37;2021-04-29;4585;2009;148761;49755;24.6;8.2
37;2021-04-30;5056;1973;153817;51728;25.4;8.5
37;2021-05-01;638;209;154455;51937;25.5;8.6
37;2021-05-02;104;15;154559;51952;25.5;8.6
37;2021-05-03;2672;1957;157231;53909;26.0;8.9
37;2021-05-04;3731;2709;160962;56618;26.6;9.4
37;2021-05-05;3498;2079;164460;58697;27.2;9.7
37;2021-05-06;4994;1941;169454;60638;28.0;10.0
37;2021-05-07;4684;2878;174138;63516;28.8;10.5
37;2021-05-08;538;312;174676;63828;28.9;10.5
37;2021-05-09;63;41;174739;63869;28.9;10.6
37;2021-05-10;2159;3481;176898;67350;29.2;11.1
37;2021-05-11;3868;3875;180766;71225;29.9;11.8
37;2021-05-12;4041;2541;184807;73766;30.5;12.2
37;2021-05-13;1138;516;185945;74282;30.7;12.3
37;2021-05-14;4045;2678;189990;76960;31.4;12.7
37;2021-05-15;2323;743;192313;77703;31.8;12.8
37;2021-05-16;22;71;192335;77774;31.8;12.8
37;2021-05-17;2765;2041;195100;79815;32.2;13.2
37;2021-05-18;3875;2359;198975;82174;32.9;13.6
37;2021-05-19;3495;1808;202470;83982;33.4;13.9
37;2021-05-20;4752;1773;207222;85755;34.2;14.2
37;2021-05-21;4526;2573;211748;88328;35.0;14.6
37;2021-05-22;1078;752;212826;89080;35.2;14.7
37;2021-05-23;73;89;212899;89169;35.2;14.7
37;2021-05-24;513;106;213412;89275;35.3;14.7
37;2021-05-25;5125;2176;218537;91451;36.1;15.1
37;2021-05-26;4929;2099;223466;93550;36.9;15.5
37;2021-05-27;5988;2360;229454;95910;37.9;15.8
37;2021-05-28;6023;3253;235477;99163;38.9;16.4
37;2021-05-29;1520;1166;236997;100329;39.1;16.6
37;2021-05-30;55;160;237052;100489;39.2;16.6
37;2021-05-31;3648;2523;240700;103012;39.8;17.0
37;2021-06-01;5846;3618;246546;106630;40.7;17.6
37;2021-06-02;5077;2454;251623;109084;41.6;18.0
37;2021-06-03;6087;2879;257710;111963;42.6;18.5
37;2021-06-04;5511;4204;263221;116167;43.5;19.2
37;2021-06-05;1855;1304;265076;117471;43.8;19.4
37;2021-06-06;49;197;265125;117668;43.8;19.4
37;2021-06-07;3022;4167;268147;121835;44.3;20.1
37;2021-06-08;4202;4647;272349;126482;45.0;20.9
37;2021-06-09;3883;3570;276232;130052;45.6;21.5
37;2021-06-10;5270;3622;281502;133674;46.5;22.1
37;2021-06-11;4977;4835;286479;138509;47.3;22.9
37;2021-06-12;3553;1349;290032;139858;47.9;23.1
37;2021-06-13;15;164;290047;140022;47.9;23.1
37;2021-06-14;2667;4034;292714;144056;48.4;23.8
37;2021-06-15;3900;4782;296614;148838;49.0;24.6
37;2021-06-16;3259;3603;299873;152441;49.5;25.2
37;2021-06-17;4012;4496;303885;156937;50.2;25.9
37;2021-06-18;4705;5071;308590;162008;51.0;26.8
37;2021-06-19;2520;1102;311110;163110;51.4;26.9
37;2021-06-20;9;183;311119;163293;51.4;27.0
37;2021-06-21;2419;3827;313538;167120;51.8;27.6
37;2021-06-22;2970;5008;316508;172128;52.3;28.4
37;2021-06-23;2626;3643;319134;175771;52.7;29.0
37;2021-06-24;2874;3540;322008;179311;53.2;29.6
37;2021-06-25;3309;4877;325317;184188;53.7;30.4
37;2021-06-26;1240;3084;326557;187272;53.9;30.9
37;2021-06-27;23;142;326580;187414;53.9;31.0
37;2021-06-28;1703;4510;328283;191924;54.2;31.7
37;2021-06-29;1904;6220;330187;198144;54.5;32.7
37;2021-06-30;1871;4441;332058;202585;54.9;33.5
37;2021-07-01;2126;4794;334184;207379;55.2;34.3
37;2021-07-02;2680;5589;336864;212968;55.6;35.2
37;2021-07-03;945;2138;337809;215106;55.8;35.5
37;2021-07-04;5;105;337814;215211;55.8;35.5
37;2021-07-05;1709;5138;339523;220349;56.1;36.4
37;2021-07-06;2005;6761;341528;227110;56.4;37.5
37;2021-07-07;1945;5462;343473;232572;56.7;38.4
37;2021-07-08;2465;6664;345938;239236;57.1;39.5
37;2021-07-09;1988;7643;347926;246879;57.5;40.8
37;2021-07-10;1013;2616;348939;249495;57.6;41.2
37;2021-07-11;26;96;348965;249591;57.6;41.2
37;2021-07-12;1132;5984;350097;255575;57.8;42.2
37;2021-07-13;1616;7818;351713;263393;58.1;43.5
37;2021-07-14;524;407;352237;263800;58.2;43.6
37;2021-07-15;2625;7499;354862;271299;58.6;44.8
37;2021-07-16;2760;7800;357622;279099;59.1;46.1
37;2021-07-17;1202;2444;358824;281543;59.3;46.5
37;2021-07-18;50;53;358874;281596;59.3;46.5
37;2021-07-19;1652;6128;360526;287724;59.6;47.5
37;2021-07-20;2909;7068;363435;294792;60.0;48.7
37;2021-07-21;2983;5784;366418;300576;60.5;49.7
37;2021-07-22;4060;6533;370478;307109;61.2;50.7
37;2021-07-23;3810;7103;374288;314212;61.8;51.9
37;2021-07-24;1777;3306;376065;317518;62.1;52.4
37;2021-07-25;66;77;376131;317595;62.1;52.5
37;2021-07-26;3241;4322;379372;321917;62.7;53.2
37;2021-07-27;4433;4960;383805;326877;63.4;54.0
37;2021-07-28;4142;3658;387947;330535;64.1;54.6
37;2021-07-29;5088;4194;393035;334729;64.9;55.3
37;2021-07-30;5246;4933;398281;339662;65.8;56.1
37;2021-07-31;1923;1846;400204;341508;66.1;56.4
37;2021-08-01;31;52;400235;341560;66.1;56.4
37;2021-08-02;3294;3295;403529;344855;66.7;57.0
37;2021-08-03;5263;3142;408792;347997;67.5;57.5
37;2021-08-04;4557;1924;413349;349921;68.3;57.8
37;2021-08-05;4785;2600;418134;352521;69.1;58.2
37;2021-08-06;4853;3308;422987;355829;69.9;58.8
37;2021-08-07;1623;1121;424610;356950;70.1;59.0
37;2021-08-08;34;176;424644;357126;70.1;59.0
37;2021-08-09;2434;2259;427078;359385;70.5;59.4
37;2021-08-10;3026;2639;430104;362024;71.0;59.8
37;2021-08-11;2099;2107;432203;364131;71.4;60.1
37;2021-08-12;2614;2687;434817;366818;71.8;60.6
37;2021-08-13;2484;2771;437301;369589;72.2;61.1
37;2021-08-14;755;813;438056;370402;72.4;61.2
37;2021-08-15;12;57;438068;370459;72.4;61.2
37;2021-08-16;1464;3160;439532;373619;72.6;61.7
37;2021-08-17;1792;3974;441324;377593;72.9;62.4
37;2021-08-18;1395;3141;442719;380734;73.1;62.9
37;2021-08-19;1591;3842;444310;384576;73.4;63.5
37;2021-08-20;1590;4545;445900;389121;73.7;64.3
37;2021-08-21;610;1202;446510;390323;73.8;64.5
37;2021-08-22;4;31;446514;390354;73.8;64.5
37;2021-08-23;1283;3984;447797;394338;74.0;65.1
37;2021-08-24;1540;4847;449337;399185;74.2;65.9
37;2021-08-25;1053;4221;450390;403406;74.4;66.6
37;2021-08-26;1276;4513;451666;407919;74.6;67.4
37;2021-08-27;1446;5660;453112;413579;74.8;68.3
37;2021-08-28;404;1462;453516;415041;74.9;68.6
37;2021-08-29;1;18;453517;415059;74.9;68.6
37;2021-08-30;1070;3943;454587;419002;75.1;69.2
37;2021-08-31;1276;3825;455863;422827;75.3;69.8
37;2021-09-01;975;2687;456838;425514;75.5;70.3
37;2021-09-02;890;2807;457728;428321;75.6;70.8
37;2021-09-03;1041;3957;458769;432278;75.8;71.4
37;2021-09-04;665;1464;459434;433742;75.9;71.6
37;2021-09-05;1;30;459435;433772;75.9;71.7
37;2021-09-06;374;1313;459809;435085;76.0;71.9
37;2021-09-07;528;1507;460337;436592;76.0;72.1
37;2021-09-08;808;2063;461145;438655;76.2;72.5
37;2021-09-09;540;1501;461685;440156;76.3;72.7
38;2020-12-27;1;0;1;0;0.0;0.0
38;2020-12-28;1;0;2;0;0.0;0.0
38;2020-12-29;0;0;2;0;0.0;0.0
38;2020-12-30;2;0;4;0;0.0;0.0
38;2020-12-31;5;0;9;0;0.0;0.0
38;2021-01-01;2;0;11;0;0.0;0.0
38;2021-01-02;1;0;12;0;0.0;0.0
38;2021-01-03;3;0;15;0;0.0;0.0
38;2021-01-04;163;0;178;0;0.0;0.0
38;2021-01-05;258;1;436;1;0.0;0.0
38;2021-01-06;364;0;800;1;0.1;0.0
38;2021-01-07;636;1;1436;2;0.1;0.0
38;2021-01-08;695;0;2131;2;0.2;0.0
38;2021-01-09;30;0;2161;2;0.2;0.0
38;2021-01-10;2;0;2163;2;0.2;0.0
38;2021-01-11;801;2;2964;4;0.2;0.0
38;2021-01-12;1471;4;4435;8;0.4;0.0
38;2021-01-13;1083;5;5518;13;0.4;0.0
38;2021-01-14;1682;13;7200;26;0.6;0.0
38;2021-01-15;1676;8;8876;34;0.7;0.0
38;2021-01-16;307;1;9183;35;0.7;0.0
38;2021-01-17;3;0;9186;35;0.7;0.0
38;2021-01-18;1178;3;10364;38;0.8;0.0
38;2021-01-19;2241;6;12605;44;1.0;0.0
38;2021-01-20;1883;4;14488;48;1.1;0.0
38;2021-01-21;1643;7;16131;55;1.3;0.0
38;2021-01-22;1400;8;17531;63;1.4;0.0
38;2021-01-23;379;3;17910;66;1.4;0.0
38;2021-01-24;1;0;17911;66;1.4;0.0
38;2021-01-25;791;90;18702;156;1.5;0.0
38;2021-01-26;855;156;19557;312;1.5;0.0
38;2021-01-27;1093;242;20650;554;1.6;0.0
38;2021-01-28;1173;442;21823;996;1.7;0.1
38;2021-01-29;952;352;22775;1348;1.8;0.1
38;2021-01-30;304;0;23079;1348;1.8;0.1
38;2021-01-31;0;0;23079;1348;1.8;0.1
38;2021-02-01;702;562;23781;1910;1.9;0.2
38;2021-02-02;966;921;24747;2831;2.0;0.2
38;2021-02-03;1230;676;25977;3507;2.1;0.3
38;2021-02-04;1278;917;27255;4424;2.2;0.3
38;2021-02-05;1399;823;28654;5247;2.3;0.4
38;2021-02-06;187;84;28841;5331;2.3;0.4
38;2021-02-07;3;47;28844;5378;2.3;0.4
38;2021-02-08;862;684;29706;6062;2.3;0.5
38;2021-02-09;1537;1204;31243;7266;2.5;0.6
38;2021-02-10;1581;1205;32824;8471;2.6;0.7
38;2021-02-11;1871;1060;34695;9531;2.7;0.8
38;2021-02-12;1509;1030;36204;10561;2.9;0.8
38;2021-02-13;466;174;36670;10735;2.9;0.8
38;2021-02-14;1;3;36671;10738;2.9;0.8
38;2021-02-15;977;799;37648;11537;3.0;0.9
38;2021-02-16;1379;859;39027;12396;3.1;1.0
38;2021-02-17;1376;916;40403;13312;3.2;1.1
38;2021-02-18;1791;967;42194;14279;3.3;1.1
38;2021-02-19;1256;752;43450;15031;3.4;1.2
38;2021-02-20;471;261;43921;15292;3.5;1.2
38;2021-02-21;0;0;43921;15292;3.5;1.2
38;2021-02-22;1075;782;44996;16074;3.6;1.3
38;2021-02-23;1540;851;46536;16925;3.7;1.3
38;2021-02-24;1736;1043;48272;17968;3.8;1.4
38;2021-02-25;2501;965;50773;18933;4.0;1.5
38;2021-02-26;3311;880;54084;19813;4.3;1.6
38;2021-02-27;1511;391;55595;20204;4.4;1.6
38;2021-02-28;33;2;55628;20206;4.4;1.6
38;2021-03-01;2509;722;58137;20928;4.6;1.7
38;2021-03-02;4048;1007;62185;21935;4.9;1.7
38;2021-03-03;3368;1190;65553;23125;5.2;1.8
38;2021-03-04;4486;1329;70039;24454;5.5;1.9
38;2021-03-05;5233;1137;75272;25591;6.0;2.0
38;2021-03-06;3042;266;78314;25857;6.2;2.0
38;2021-03-07;115;2;78429;25859;6.2;2.0
38;2021-03-08;2442;859;80871;26718;6.4;2.1
38;2021-03-09;4025;1285;84896;28003;6.7;2.2
38;2021-03-10;3508;1066;88404;29069;7.0;2.3
38;2021-03-11;5141;1511;93545;30580;7.4;2.4
38;2021-03-12;7094;1169;100639;31749;8.0;2.5
38;2021-03-13;3772;223;104411;31972;8.3;2.5
38;2021-03-14;544;15;104955;31987;8.3;2.5
38;2021-03-15;2701;996;107656;32983;8.5;2.6
38;2021-03-16;2081;1348;109737;34331;8.7;2.7
38;2021-03-17;2025;1198;111762;35529;8.8;2.8
38;2021-03-18;2641;1353;114403;36882;9.0;2.9
38;2021-03-19;4010;1052;118413;37934;9.4;3.0
38;2021-03-20;1826;246;120239;38180;9.5;3.0
38;2021-03-21;130;8;120369;38188;9.5;3.0
38;2021-03-22;2867;997;123236;39185;9.7;3.1
38;2021-03-23;4782;1488;128018;40673;10.1;3.2
38;2021-03-24;3708;1569;131726;42242;10.4;3.3
38;2021-03-25;5792;1540;137518;43782;10.9;3.5
38;2021-03-26;6599;1738;144117;45520;11.4;3.6
38;2021-03-27;2512;758;146629;46278;11.6;3.7
38;2021-03-28;926;48;147555;46326;11.7;3.7
38;2021-03-29;2678;1841;150233;48167;11.9;3.8
38;2021-03-30;4564;2534;154797;50701;12.2;4.0
38;2021-03-31;3665;2222;158462;52923;12.5;4.2
38;2021-04-01;5133;2525;163595;55448;12.9;4.4
38;2021-04-02;3874;2522;167469;57970;13.2;4.6
38;2021-04-03;1418;939;168887;58909;13.4;4.7
38;2021-04-04;430;45;169317;58954;13.4;4.7
38;2021-04-05;2177;349;171494;59303;13.6;4.7
38;2021-04-06;4346;2398;175840;61701;13.9;4.9
38;2021-04-07;4415;2733;180255;64434;14.2;5.1
38;2021-04-08;5650;2670;185905;67104;14.7;5.3
38;2021-04-09;8563;2729;194468;69833;15.4;5.5
38;2021-04-10;3600;1477;198068;71310;15.7;5.6
38;2021-04-11;1048;100;199116;71410;15.7;5.6
38;2021-04-12;4199;2250;203315;73660;16.1;5.8
38;2021-04-13;6125;2472;209440;76132;16.6;6.0
38;2021-04-14;5120;2461;214560;78593;17.0;6.2
38;2021-04-15;6363;2771;220923;81364;17.5;6.4
38;2021-04-16;6216;2727;227139;84091;18.0;6.6
38;2021-04-17;2588;993;229727;85084;18.2;6.7
38;2021-04-18;1333;72;231060;85156;18.3;6.7
38;2021-04-19;3946;2838;235006;87994;18.6;7.0
38;2021-04-20;5425;2856;240431;90850;19.0;7.2
38;2021-04-21;4979;2707;245410;93557;19.4;7.4
38;2021-04-22;5786;2836;251196;96393;19.9;7.6
38;2021-04-23;6038;2820;257234;99213;20.3;7.8
38;2021-04-24;2665;1350;259899;100563;20.5;7.9
38;2021-04-25;805;590;260704;101153;20.6;8.0
38;2021-04-26;4488;2475;265192;103628;21.0;8.2
38;2021-04-27;6044;2720;271236;106348;21.4;8.4
38;2021-04-28;6199;2509;277435;108857;21.9;8.6
38;2021-04-29;8331;3063;285766;111920;22.6;8.8
38;2021-04-30;7673;4050;293439;115970;23.2;9.2
38;2021-05-01;1546;197;294985;116167;23.3;9.2
38;2021-05-02;846;73;295831;116240;23.4;9.2
38;2021-05-03;5299;3590;301130;119830;23.8;9.5
38;2021-05-04;6201;5084;307331;124914;24.3;9.9
38;2021-05-05;6068;4607;313399;129521;24.8;10.2
38;2021-05-06;6715;5330;320114;134851;25.3;10.7
38;2021-05-07;7285;6444;327399;141295;25.9;11.2
38;2021-05-08;3778;719;331177;142014;26.2;11.2
38;2021-05-09;2852;1930;334029;143944;26.4;11.4
38;2021-05-10;6157;5309;340186;149253;26.9;11.8
38;2021-05-11;8225;6020;348411;155273;27.5;12.3
38;2021-05-12;9049;4706;357460;159979;28.3;12.6
38;2021-05-13;6635;1416;364095;161395;28.8;12.8
38;2021-05-14;9565;3424;373660;164819;29.5;13.0
38;2021-05-15;6865;1452;380525;166271;30.1;13.1
38;2021-05-16;5474;650;385999;166921;30.5;13.2
38;2021-05-17;7672;3000;393671;169921;31.1;13.4
38;2021-05-18;8624;4034;402295;173955;31.8;13.8
38;2021-05-19;8159;3351;410454;177306;32.4;14.0
38;2021-05-20;8978;4491;419432;181797;33.2;14.4
38;2021-05-21;9960;4587;429392;186384;33.9;14.7
38;2021-05-22;7457;1906;436849;188290;34.5;14.9
38;2021-05-23;5590;580;442439;188870;35.0;14.9
38;2021-05-24;7502;1626;449941;190496;35.6;15.1
38;2021-05-25;9542;4852;459483;195348;36.3;15.4
38;2021-05-26;8126;4725;467609;200073;37.0;15.8
38;2021-05-27;9135;5654;476744;205727;37.7;16.3
38;2021-05-28;8788;6492;485532;212219;38.4;16.8
38;2021-05-29;5822;3251;491354;215470;38.8;17.0
38;2021-05-30;2695;1593;494049;217063;39.1;17.2
38;2021-05-31;8273;5135;502322;222198;39.7;17.6
38;2021-06-01;7964;6427;510286;228625;40.3;18.1
38;2021-06-02;7144;5617;517430;234242;40.9;18.5
38;2021-06-03;7397;6825;524827;241067;41.5;19.1
38;2021-06-04;8130;7615;532957;248682;42.1;19.7
38;2021-06-05;5798;3946;538755;252628;42.6;20.0
38;2021-06-06;2508;1463;541263;254091;42.8;20.1
38;2021-06-07;5554;6867;546817;260958;43.2;20.6
38;2021-06-08;5878;7530;552695;268488;43.7;21.2
38;2021-06-09;5052;6469;557747;274957;44.1;21.7
38;2021-06-10;5428;6789;563175;281746;44.5;22.3
38;2021-06-11;5889;7788;569064;289534;45.0;22.9
38;2021-06-12;3945;3259;573009;292793;45.3;23.1
38;2021-06-13;1258;1297;574267;294090;45.4;23.2
38;2021-06-14;3870;7664;578137;301754;45.7;23.9
38;2021-06-15;5236;8147;583373;309901;46.1;24.5
38;2021-06-16;5125;7407;588498;317308;46.5;25.1
38;2021-06-17;4524;7060;593022;324368;46.9;25.6
38;2021-06-18;6166;9232;599188;333600;47.4;26.4
38;2021-06-19;3595;4968;602783;338568;47.7;26.8
38;2021-06-20;1038;2901;603821;341469;47.7;27.0
38;2021-06-21;3750;8710;607571;350179;48.0;27.7
38;2021-06-22;3793;10104;611364;360283;48.3;28.5
38;2021-06-23;3156;9549;614520;369832;48.6;29.2
38;2021-06-24;3381;8587;617901;378419;48.8;29.9
38;2021-06-25;3786;11490;621687;389909;49.1;30.8
38;2021-06-26;2230;7853;623917;397762;49.3;31.4
38;2021-06-27;1099;4355;625016;402117;49.4;31.8
38;2021-06-28;2953;10303;627969;412420;49.6;32.6
38;2021-06-29;3786;10450;631755;422870;49.9;33.4
38;2021-06-30;4061;9938;635816;432808;50.3;34.2
38;2021-07-01;3548;9009;639364;441817;50.5;34.9
38;2021-07-02;3729;11615;643093;453432;50.8;35.8
38;2021-07-03;1740;8787;644833;462219;51.0;36.5
38;2021-07-04;1243;3209;646076;465428;51.1;36.8
38;2021-07-05;3062;10544;649138;475972;51.3;37.6
38;2021-07-06;3462;10240;652600;486212;51.6;38.4
38;2021-07-07;3570;9401;656170;495613;51.9;39.2
38;2021-07-08;3501;8221;659671;503834;52.1;39.8
38;2021-07-09;3895;10739;663566;514573;52.5;40.7
38;2021-07-10;2404;7803;665970;522376;52.6;41.3
38;2021-07-11;778;2029;666748;524405;52.7;41.5
38;2021-07-12;3482;10676;670230;535081;53.0;42.3
38;2021-07-13;6598;10932;676828;546013;53.5;43.2
38;2021-07-14;4676;3338;681504;549351;53.9;43.4
38;2021-07-15;8737;9674;690241;559025;54.6;44.2
38;2021-07-16;8762;10700;699003;569725;55.3;45.0
38;2021-07-17;4742;7482;703745;577207;55.6;45.6
38;2021-07-18;2573;2490;706318;579697;55.8;45.8
38;2021-07-19;5827;9225;712145;588922;56.3;46.6
38;2021-07-20;6290;8307;718435;597229;56.8;47.2
38;2021-07-21;7865;8031;726300;605260;57.4;47.8
38;2021-07-22;7601;6999;733901;612259;58.0;48.4
38;2021-07-23;8947;9040;742848;621299;58.7;49.1
38;2021-07-24;5576;5534;748424;626833;59.2;49.6
38;2021-07-25;2872;1652;751296;628485;59.4;49.7
38;2021-07-26;7874;7502;759170;635987;60.0;50.3
38;2021-07-27;7628;6274;766798;642261;60.6;50.8
38;2021-07-28;8628;5716;775426;647977;61.3;51.2
38;2021-07-29;7685;4679;783111;652656;61.9;51.6
38;2021-07-30;7807;6656;790918;659312;62.5;52.1
38;2021-07-31;4354;3601;795272;662913;62.9;52.4
38;2021-08-01;1300;1085;796572;663998;63.0;52.5
38;2021-08-02;3924;4449;800496;668447;63.3;52.8
38;2021-08-03;4584;4556;805080;673003;63.6;53.2
38;2021-08-04;4636;4357;809716;677360;64.0;53.5
38;2021-08-05;3722;4644;813438;682004;64.3;53.9
38;2021-08-06;4156;5945;817594;687949;64.6;54.4
38;2021-08-07;2308;3532;819902;691481;64.8;54.7
38;2021-08-08;793;2017;820695;693498;64.9;54.8
38;2021-08-09;3605;5576;824300;699074;65.2;55.3
38;2021-08-10;4882;6255;829182;705329;65.5;55.8
38;2021-08-11;3956;4660;833138;709989;65.9;56.1
38;2021-08-12;3386;4609;836524;714598;66.1;56.5
38;2021-08-13;4188;6032;840712;720630;66.5;57.0
38;2021-08-14;1774;4019;842486;724649;66.6;57.3
38;2021-08-15;532;1919;843018;726568;66.6;57.4
38;2021-08-16;2973;7924;845991;734492;66.9;58.1
38;2021-08-17;3431;5960;849422;740452;67.1;58.5
38;2021-08-18;2968;7150;852390;747602;67.4;59.1
38;2021-08-19;2576;4826;854966;752428;67.6;59.5
38;2021-08-20;2847;8421;857813;760849;67.8;60.1
38;2021-08-21;1182;5015;858995;765864;67.9;60.5
38;2021-08-22;495;1510;859490;767374;67.9;60.7
38;2021-08-23;2569;7622;862059;774996;68.1;61.3
38;2021-08-24;2550;5331;864609;780327;68.3;61.7
38;2021-08-25;2545;5868;867154;786195;68.6;62.2
38;2021-08-26;2247;4241;869401;790436;68.7;62.5
38;2021-08-27;2494;5924;871895;796360;68.9;63.0
38;2021-08-28;1410;3684;873305;800044;69.0;63.2
38;2021-08-29;374;1084;873679;801128;69.1;63.3
38;2021-08-30;2311;5780;875990;806908;69.2;63.8
38;2021-08-31;2196;4715;878186;811623;69.4;64.2
38;2021-09-01;2166;4350;880352;815973;69.6;64.5
38;2021-09-02;1653;3358;882005;819331;69.7;64.8
38;2021-09-03;1995;5037;884000;824368;69.9;65.2
38;2021-09-04;1134;2807;885134;827175;70.0;65.4
38;2021-09-05;385;724;885519;827899;70.0;65.4
38;2021-09-06;1182;3391;886701;831290;70.1;65.7
38;2021-09-07;1287;3330;887988;834620;70.2;66.0
38;2021-09-08;1712;3622;889700;838242;70.3;66.3
38;2021-09-09;1086;2322;890786;840564;70.4;66.4
39;2020-12-27;0;0;0;0;0.0;0.0
39;2020-12-28;0;0;0;0;0.0;0.0
39;2020-12-29;0;0;0;0;0.0;0.0
39;2020-12-30;0;0;0;0;0.0;0.0
39;2020-12-31;0;0;0;0;0.0;0.0
39;2021-01-01;0;0;0;0;0.0;0.0
39;2021-01-02;0;0;0;0;0.0;0.0
39;2021-01-03;0;0;0;0;0.0;0.0
39;2021-01-04;3;0;3;0;0.0;0.0
39;2021-01-05;3;0;6;0;0.0;0.0
39;2021-01-06;57;3;63;3;0.0;0.0
39;2021-01-07;333;2;396;5;0.2;0.0
39;2021-01-08;657;2;1053;7;0.4;0.0
39;2021-01-09;169;0;1222;7;0.5;0.0
39;2021-01-10;1;0;1223;7;0.5;0.0
39;2021-01-11;474;1;1697;8;0.7;0.0
39;2021-01-12;431;1;2128;9;0.8;0.0
39;2021-01-13;408;2;2536;11;1.0;0.0
39;2021-01-14;574;3;3110;14;1.2;0.0
39;2021-01-15;471;1;3581;15;1.4;0.0
39;2021-01-16;141;1;3722;16;1.4;0.0
39;2021-01-17;0;1;3722;17;1.4;0.0
39;2021-01-18;924;7;4646;24;1.8;0.0
39;2021-01-19;1181;6;5827;30;2.3;0.0
39;2021-01-20;906;4;6733;34;2.6;0.0
39;2021-01-21;1178;2;7911;36;3.1;0.0
39;2021-01-22;985;1;8896;37;3.5;0.0
39;2021-01-23;383;1;9279;38;3.6;0.0
39;2021-01-24;0;0;9279;38;3.6;0.0
39;2021-01-25;642;2;9921;40;3.8;0.0
39;2021-01-26;1121;11;11042;51;4.3;0.0
39;2021-01-27;925;17;11967;68;4.6;0.0
39;2021-01-28;740;235;12707;303;4.9;0.1
39;2021-01-29;582;401;13289;704;5.2;0.3
39;2021-01-30;265;101;13554;805;5.3;0.3
39;2021-01-31;1;0;13555;805;5.3;0.3
39;2021-02-01;562;246;14117;1051;5.5;0.4
39;2021-02-02;754;313;14871;1364;5.8;0.5
39;2021-02-03;531;508;15402;1872;6.0;0.7
39;2021-02-04;554;435;15956;2307;6.2;0.9
39;2021-02-05;439;410;16395;2717;6.4;1.1
39;2021-02-06;265;107;16660;2824;6.5;1.1
39;2021-02-07;0;1;16660;2825;6.5;1.1
39;2021-02-08;321;298;16981;3123;6.6;1.2
39;2021-02-09;383;456;17364;3579;6.7;1.4
39;2021-02-10;253;304;17617;3883;6.8;1.5
39;2021-02-11;587;489;18204;4372;7.1;1.7
39;2021-02-12;386;404;18590;4776;7.2;1.9
39;2021-02-13;99;58;18689;4834;7.2;1.9
39;2021-02-14;0;0;18689;4834;7.2;1.9
39;2021-02-15;99;629;18788;5463;7.3;2.1
39;2021-02-16;99;835;18887;6298;7.3;2.4
39;2021-02-17;58;620;18945;6918;7.3;2.7
39;2021-02-18;109;782;19054;7700;7.4;3.0
39;2021-02-19;100;452;19154;8152;7.4;3.2
39;2021-02-20;18;345;19172;8497;7.4;3.3
39;2021-02-21;0;0;19172;8497;7.4;3.3
39;2021-02-22;100;654;19272;9151;7.5;3.5
39;2021-02-23;4;707;19276;9858;7.5;3.8
39;2021-02-24;125;802;19401;10660;7.5;4.1
39;2021-02-25;214;693;19615;11353;7.6;4.4
39;2021-02-26;218;448;19833;11801;7.7;4.6
39;2021-02-27;169;278;20002;12079;7.8;4.7
39;2021-02-28;1;0;20003;12079;7.8;4.7
39;2021-03-01;218;611;20221;12690;7.8;4.9
39;2021-03-02;329;793;20550;13483;8.0;5.2
39;2021-03-03;602;514;21152;13997;8.2;5.4
39;2021-03-04;658;458;21810;14455;8.5;5.6
39;2021-03-05;670;315;22480;14770;8.7;5.7
39;2021-03-06;777;236;23257;15006;9.0;5.8
39;2021-03-07;242;84;23499;15090;9.1;5.9
39;2021-03-08;286;437;23785;15527;9.2;6.0
39;2021-03-09;843;457;24628;15984;9.6;6.2
39;2021-03-10;984;336;25612;16320;9.9;6.3
39;2021-03-11;829;460;26441;16780;10.3;6.5
39;2021-03-12;805;289;27246;17069;10.6;6.6
39;2021-03-13;788;104;28034;17173;10.9;6.7
39;2021-03-14;35;10;28069;17183;10.9;6.7
39;2021-03-15;513;107;28582;17290;11.1;6.7
39;2021-03-16;555;68;29137;17358;11.3;6.7
39;2021-03-17;612;57;29749;17415;11.5;6.8
39;2021-03-18;597;71;30346;17486;11.8;6.8
39;2021-03-19;393;68;30739;17554;11.9;6.8
39;2021-03-20;312;12;31051;17566;12.0;6.8
39;2021-03-21;3;0;31054;17566;12.0;6.8
39;2021-03-22;754;116;31808;17682;12.3;6.9
39;2021-03-23;1130;44;32938;17726;12.8;6.9
39;2021-03-24;1179;97;34117;17823;13.2;6.9
39;2021-03-25;2042;131;36159;17954;14.0;7.0
39;2021-03-26;797;116;36956;18070;14.3;7.0
39;2021-03-27;345;7;37301;18077;14.5;7.0
39;2021-03-28;36;4;37337;18081;14.5;7.0
39;2021-03-29;1037;194;38374;18275;14.9;7.1
39;2021-03-30;1400;269;39774;18544;15.4;7.2
39;2021-03-31;658;526;40432;19070;15.7;7.4
39;2021-04-01;1310;316;41742;19386;16.2;7.5
39;2021-04-02;626;130;42368;19516;16.4;7.6
39;2021-04-03;180;8;42548;19524;16.5;7.6
39;2021-04-04;4;1;42552;19525;16.5;7.6
39;2021-04-05;1;0;42553;19525;16.5;7.6
39;2021-04-06;824;633;43377;20158;16.8;7.8
39;2021-04-07;1133;679;44510;20837;17.3;8.1
39;2021-04-08;1790;580;46300;21417;18.0;8.3
39;2021-04-09;1676;293;47976;21710;18.6;8.4
39;2021-04-10;346;187;48322;21897;18.7;8.5
39;2021-04-11;2;0;48324;21897;18.7;8.5
39;2021-04-12;680;398;49004;22295;19.0;8.6
39;2021-04-13;1200;579;50204;22874;19.5;8.9
39;2021-04-14;845;640;51049;23514;19.8;9.1
39;2021-04-15;1481;720;52530;24234;20.4;9.4
39;2021-04-16;1090;176;53620;24410;20.8;9.5
39;2021-04-17;197;61;53817;24471;20.9;9.5
39;2021-04-18;0;0;53817;24471;20.9;9.5
39;2021-04-19;524;697;54341;25168;21.1;9.8
39;2021-04-20;766;546;55107;25714;21.4;10.0
39;2021-04-21;1142;722;56249;26436;21.8;10.3
39;2021-04-22;1012;1130;57261;27566;22.2;10.7
39;2021-04-23;457;363;57718;27929;22.4;10.8
39;2021-04-24;276;149;57994;28078;22.5;10.9
39;2021-04-25;12;3;58006;28081;22.5;10.9
39;2021-04-26;568;1040;58574;29121;22.7;11.3
39;2021-04-27;788;982;59362;30103;23.0;11.7
39;2021-04-28;1720;418;61082;30521;23.7;11.8
39;2021-04-29;2571;972;63653;31493;24.7;12.2
39;2021-04-30;2475;392;66128;31885;25.6;12.4
39;2021-05-01;41;53;66169;31938;25.7;12.4
39;2021-05-02;0;0;66169;31938;25.7;12.4
39;2021-05-03;917;807;67086;32745;26.0;12.7
39;2021-05-04;949;1126;68035;33871;26.4;13.1
39;2021-05-05;1954;885;69989;34756;27.1;13.5
39;2021-05-06;2424;1346;72413;36102;28.1;14.0
39;2021-05-07;1286;573;73699;36675;28.6;14.2
39;2021-05-08;179;55;73878;36730;28.7;14.2
39;2021-05-09;10;8;73888;36738;28.7;14.2
39;2021-05-10;1761;850;75649;37588;29.3;14.6
39;2021-05-11;1775;1515;77424;39103;30.0;15.2
39;2021-05-12;1810;1498;79234;40601;30.7;15.7
39;2021-05-13;246;23;79480;40624;30.8;15.8
39;2021-05-14;2392;337;81872;40961;31.8;15.9
39;2021-05-15;1849;255;83721;41216;32.5;16.0
39;2021-05-16;0;0;83721;41216;32.5;16.0
39;2021-05-17;1988;727;85709;41943;33.2;16.3
39;2021-05-18;1693;1181;87402;43124;33.9;16.7
39;2021-05-19;2496;556;89898;43680;34.9;16.9
39;2021-05-20;2465;756;92363;44436;35.8;17.2
39;2021-05-21;1800;562;94163;44998;36.5;17.5
39;2021-05-22;322;218;94485;45216;36.6;17.5
39;2021-05-23;7;36;94492;45252;36.6;17.5
39;2021-05-24;8;28;94500;45280;36.6;17.6
39;2021-05-25;1725;1196;96225;46476;37.3;18.0
39;2021-05-26;1643;1377;97868;47853;38.0;18.6
39;2021-05-27;1486;1623;99354;49476;38.5;19.2
39;2021-05-28;856;1220;100210;50696;38.9;19.7
39;2021-05-29;261;276;100471;50972;39.0;19.8
39;2021-05-30;2;40;100473;51012;39.0;19.8
39;2021-05-31;1626;1246;102099;52258;39.6;20.3
39;2021-06-01;1894;1322;103993;53580;40.3;20.8
39;2021-06-02;1707;1168;105700;54748;41.0;21.2
39;2021-06-03;1326;1160;107026;55908;41.5;21.7
39;2021-06-04;941;1072;107967;56980;41.9;22.1
39;2021-06-05;766;515;108733;57495;42.2;22.3
39;2021-06-06;1;36;108734;57531;42.2;22.3
39;2021-06-07;2104;918;110838;58449;43.0;22.7
39;2021-06-08;2211;1155;113049;59604;43.8;23.1
39;2021-06-09;1733;1243;114782;60847;44.5;23.6
39;2021-06-10;1617;2081;116399;62928;45.1;24.4
39;2021-06-11;1569;1271;117968;64199;45.8;24.9
39;2021-06-12;1263;348;119231;64547;46.2;25.0
39;2021-06-13;11;18;119242;64565;46.2;25.0
39;2021-06-14;1337;1895;120579;66460;46.8;25.8
39;2021-06-15;1388;1258;121967;67718;47.3;26.3
39;2021-06-16;1171;1534;123138;69252;47.8;26.9
39;2021-06-17;1043;1715;124181;70967;48.2;27.5
39;2021-06-18;1638;1180;125819;72147;48.8;28.0
39;2021-06-19;249;411;126068;72558;48.9;28.1
39;2021-06-20;2;18;126070;72576;48.9;28.1
39;2021-06-21;351;2495;126421;75071;49.0;29.1
39;2021-06-22;814;2294;127235;77365;49.3;30.0
39;2021-06-23;1200;1301;128435;78666;49.8;30.5
39;2021-06-24;736;1044;129171;79710;50.1;30.9
39;2021-06-25;680;2961;129851;82671;50.4;32.1
39;2021-06-26;207;1564;130058;84235;50.4;32.7
39;2021-06-27;0;0;130058;84235;50.4;32.7
39;2021-06-28;305;2744;130363;86979;50.6;33.7
39;2021-06-29;498;2698;130861;89677;50.8;34.8
39;2021-06-30;898;2424;131759;92101;51.1;35.7
39;2021-07-01;645;1938;132404;94039;51.3;36.5
39;2021-07-02;1113;1407;133517;95446;51.8;37.0
39;2021-07-03;554;524;134071;95970;52.0;37.2
39;2021-07-04;2;1;134073;95971;52.0;37.2
39;2021-07-05;602;2589;134675;98560;52.2;38.2
39;2021-07-06;836;1888;135511;100448;52.6;39.0
39;2021-07-07;591;1389;136102;101837;52.8;39.5
39;2021-07-08;699;906;136801;102743;53.1;39.8
39;2021-07-09;1080;1585;137881;104328;53.5;40.5
39;2021-07-10;739;476;138620;104804;53.8;40.6
39;2021-07-11;28;8;138648;104812;53.8;40.6
39;2021-07-12;577;2596;139225;107408;54.0;41.7
39;2021-07-13;1637;2659;140862;110067;54.6;42.7
39;2021-07-14;17;21;140879;110088;54.6;42.7
39;2021-07-15;1905;1837;142784;111925;55.4;43.4
39;2021-07-16;3227;2050;146011;113975;56.6;44.2
39;2021-07-17;2225;1162;148236;115137;57.5;44.7
39;2021-07-18;164;52;148400;115189;57.6;44.7
39;2021-07-19;1402;2953;149802;118142;58.1;45.8
39;2021-07-20;1842;2810;151644;120952;58.8;46.9
39;2021-07-21;2588;2584;154232;123536;59.8;47.9
39;2021-07-22;1935;1842;156167;125378;60.6;48.6
39;2021-07-23;1815;1933;157982;127311;61.3;49.4
39;2021-07-24;1400;1429;159382;128740;61.8;49.9
39;2021-07-25;0;1;159382;128741;61.8;49.9
39;2021-07-26;1320;1999;160702;130740;62.3;50.7
39;2021-07-27;2344;1902;163046;132642;63.2;51.4
39;2021-07-28;2687;1475;165733;134117;64.3;52.0
39;2021-07-29;2200;1742;167933;135859;65.1;52.7
39;2021-07-30;2046;1467;169979;137326;65.9;53.3
39;2021-07-31;1367;656;171346;137982;66.5;53.5
39;2021-08-01;10;18;171356;138000;66.5;53.5
39;2021-08-02;1203;1399;172559;139399;66.9;54.1
39;2021-08-03;1920;1486;174479;140885;67.7;54.6
39;2021-08-04;1046;661;175525;141546;68.1;54.9
39;2021-08-05;1236;736;176761;142282;68.6;55.2
39;2021-08-06;1376;2291;178137;144573;69.1;56.1
39;2021-08-07;1067;1213;179204;145786;69.5;56.5
39;2021-08-08;26;10;179230;145796;69.5;56.5
39;2021-08-09;436;302;179666;146098;69.7;56.7
39;2021-08-10;1229;932;180895;147030;70.2;57.0
39;2021-08-11;894;1532;181789;148562;70.5;57.6
39;2021-08-12;1596;2169;183385;150731;71.1;58.5
39;2021-08-13;1331;2120;184716;152851;71.6;59.3
39;2021-08-14;360;1106;185076;153957;71.8;59.7
39;2021-08-15;0;1;185076;153958;71.8;59.7
39;2021-08-16;487;735;185563;154693;72.0;60.0
39;2021-08-17;571;1441;186134;156134;72.2;60.6
39;2021-08-18;859;1727;186993;157861;72.5;61.2
39;2021-08-19;906;1593;187899;159454;72.9;61.8
39;2021-08-20;637;2501;188536;161955;73.1;62.8
39;2021-08-21;468;1292;189004;163247;73.3;63.3
39;2021-08-22;6;11;189010;163258;73.3;63.3
39;2021-08-23;263;972;189273;164230;73.4;63.7
39;2021-08-24;452;1609;189725;165839;73.6;64.3
39;2021-08-25;624;1603;190349;167442;73.8;64.9
39;2021-08-26;708;1860;191057;169302;74.1;65.7
39;2021-08-27;405;2062;191462;171364;74.3;66.5
39;2021-08-28;323;1367;191785;172731;74.4;67.0
39;2021-08-29;0;1;191785;172732;74.4;67.0
39;2021-08-30;345;1016;192130;173748;74.5;67.4
39;2021-08-31;395;1034;192525;174782;74.7;67.8
39;2021-09-01;507;1576;193032;176358;74.9;68.4
39;2021-09-02;331;1479;193363;177837;75.0;69.0
39;2021-09-03;467;2386;193830;180223;75.2;69.9
39;2021-09-04;147;212;193977;180435;75.2;70.0
39;2021-09-05;0;1;193977;180436;75.2;70.0
39;2021-09-06;238;551;194215;180987;75.3;70.2
39;2021-09-07;225;319;194440;181306;75.4;70.3
39;2021-09-08;439;915;194879;182221;75.6;70.7
39;2021-09-09;413;1185;195292;183406;75.7;71.1
40;2020-12-27;0;0;0;0;0.0;0.0
40;2020-12-28;0;0;0;0;0.0;0.0
40;2020-12-29;0;0;0;0;0.0;0.0
40;2020-12-30;0;0;0;0;0.0;0.0
40;2020-12-31;1;0;1;0;0.0;0.0
40;2021-01-01;0;0;1;0;0.0;0.0
40;2021-01-02;0;0;1;0;0.0;0.0
40;2021-01-03;0;0;1;0;0.0;0.0
40;2021-01-04;0;0;1;0;0.0;0.0
40;2021-01-05;0;0;1;0;0.0;0.0
40;2021-01-06;1;0;2;0;0.0;0.0
40;2021-01-07;212;0;214;0;0.1;0.0
40;2021-01-08;391;2;605;2;0.1;0.0
40;2021-01-09;0;0;605;2;0.1;0.0
40;2021-01-10;1;0;606;2;0.1;0.0
40;2021-01-11;111;0;717;2;0.2;0.0
40;2021-01-12;0;0;717;2;0.2;0.0
40;2021-01-13;681;5;1398;7;0.3;0.0
40;2021-01-14;901;7;2299;14;0.6;0.0
40;2021-01-15;811;3;3110;17;0.8;0.0
40;2021-01-16;157;0;3267;17;0.8;0.0
40;2021-01-17;1;1;3268;18;0.8;0.0
40;2021-01-18;402;0;3670;18;0.9;0.0
40;2021-01-19;1205;3;4875;21;1.2;0.0
40;2021-01-20;879;2;5754;23;1.4;0.0
40;2021-01-21;1266;5;7020;28;1.7;0.0
40;2021-01-22;809;2;7829;30;1.9;0.0
40;2021-01-23;288;0;8117;30;2.0;0.0
40;2021-01-24;2;0;8119;30;2.0;0.0
40;2021-01-25;393;2;8512;32;2.1;0.0
40;2021-01-26;803;5;9315;37;2.3;0.0
40;2021-01-27;1118;11;10433;48;2.5;0.0
40;2021-01-28;708;109;11141;157;2.7;0.0
40;2021-01-29;601;227;11742;384;2.9;0.1
40;2021-01-30;237;3;11979;387;2.9;0.1
40;2021-01-31;1;0;11980;387;2.9;0.1
40;2021-02-01;358;129;12338;516;3.0;0.1
40;2021-02-02;923;51;13261;567;3.2;0.1
40;2021-02-03;895;297;14156;864;3.4;0.2
40;2021-02-04;1059;593;15215;1457;3.7;0.4
40;2021-02-05;794;411;16009;1868;3.9;0.5
40;2021-02-06;380;81;16389;1949;4.0;0.5
40;2021-02-07;10;0;16399;1949;4.0;0.5
40;2021-02-08;372;107;16771;2056;4.1;0.5
40;2021-02-09;810;522;17581;2578;4.3;0.6
40;2021-02-10;749;427;18330;3005;4.4;0.7
40;2021-02-11;739;621;19069;3626;4.6;0.9
40;2021-02-12;628;621;19697;4247;4.8;1.0
40;2021-02-13;400;85;20097;4332;4.9;1.1
40;2021-02-14;0;0;20097;4332;4.9;1.1
40;2021-02-15;48;340;20145;4672;4.9;1.1
40;2021-02-16;285;514;20430;5186;5.0;1.3
40;2021-02-17;360;835;20790;6021;5.0;1.5
40;2021-02-18;382;642;21172;6663;5.1;1.6
40;2021-02-19;143;598;21315;7261;5.2;1.8
40;2021-02-20;39;88;21354;7349;5.2;1.8
40;2021-02-21;1;63;21355;7412;5.2;1.8
40;2021-02-22;53;516;21408;7928;5.2;1.9
40;2021-02-23;179;741;21587;8669;5.2;2.1
40;2021-02-24;283;629;21870;9298;5.3;2.3
40;2021-02-25;727;911;22597;10209;5.5;2.5
40;2021-02-26;656;579;23253;10788;5.6;2.6
40;2021-02-27;384;94;23637;10882;5.7;2.6
40;2021-02-28;2;0;23639;10882;5.7;2.6
40;2021-03-01;418;461;24057;11343;5.8;2.8
40;2021-03-02;734;959;24791;12302;6.0;3.0
40;2021-03-03;934;836;25725;13138;6.2;3.2
40;2021-03-04;1320;762;27045;13900;6.6;3.4
40;2021-03-05;1231;692;28276;14592;6.9;3.5
40;2021-03-06;866;357;29142;14949;7.1;3.6
40;2021-03-07;92;9;29234;14958;7.1;3.6
40;2021-03-08;838;479;30072;15437;7.3;3.7
40;2021-03-09;1505;609;31577;16046;7.7;3.9
40;2021-03-10;1753;699;33330;16745;8.1;4.1
40;2021-03-11;1985;668;35315;17413;8.6;4.2
40;2021-03-12;2049;542;37364;17955;9.1;4.4
40;2021-03-13;972;252;38336;18207;9.3;4.4
40;2021-03-14;98;0;38434;18207;9.3;4.4
40;2021-03-15;924;88;39358;18295;9.6;4.4
40;2021-03-16;987;266;40345;18561;9.8;4.5
40;2021-03-17;1576;340;41921;18901;10.2;4.6
40;2021-03-18;1560;337;43481;19238;10.6;4.7
40;2021-03-19;1808;144;45289;19382;11.0;4.7
40;2021-03-20;706;14;45995;19396;11.2;4.7
40;2021-03-21;52;1;46047;19397;11.2;4.7
40;2021-03-22;1174;35;47221;19432;11.5;4.7
40;2021-03-23;2325;166;49546;19598;12.0;4.8
40;2021-03-24;2326;231;51872;19829;12.6;4.8
40;2021-03-25;2768;381;54640;20210;13.3;4.9
40;2021-03-26;3122;210;57762;20420;14.0;5.0
40;2021-03-27;923;48;58685;20468;14.2;5.0
40;2021-03-28;178;47;58863;20515;14.3;5.0
40;2021-03-29;1153;379;60016;20894;14.6;5.1
40;2021-03-30;2298;389;62314;21283;15.1;5.2
40;2021-03-31;1995;302;64309;21585;15.6;5.2
40;2021-04-01;2413;330;66722;21915;16.2;5.3
40;2021-04-02;2362;219;69084;22134;16.8;5.4
40;2021-04-03;743;121;69827;22255;16.9;5.4
40;2021-04-04;362;8;70189;22263;17.0;5.4
40;2021-04-05;523;40;70712;22303;17.2;5.4
40;2021-04-06;2096;803;72808;23106;17.7;5.6
40;2021-04-07;2666;869;75474;23975;18.3;5.8
40;2021-04-08;3061;896;78535;24871;19.1;6.0
40;2021-04-09;3826;605;82361;25476;20.0;6.2
40;2021-04-10;1599;341;83960;25817;20.4;6.3
40;2021-04-11;51;6;84011;25823;20.4;6.3
40;2021-04-12;2178;732;86189;26555;20.9;6.4
40;2021-04-13;2567;1088;88756;27643;21.5;6.7
40;2021-04-14;2571;1375;91327;29018;22.2;7.0
40;2021-04-15;2987;1504;94314;30522;22.9;7.4
40;2021-04-16;2878;1182;97192;31704;23.6;7.7
40;2021-04-17;1464;347;98656;32051;23.9;7.8
40;2021-04-18;57;24;98713;32075;24.0;7.8
40;2021-04-19;1058;1019;99771;33094;24.2;8.0
40;2021-04-20;1622;1745;101393;34839;24.6;8.5
40;2021-04-21;1777;1734;103170;36573;25.0;8.9
40;2021-04-22;2112;1774;105282;38347;25.6;9.3
40;2021-04-23;2163;1395;107445;39742;26.1;9.6
40;2021-04-24;1328;623;108773;40365;26.4;9.8
40;2021-04-25;37;57;108810;40422;26.4;9.8
40;2021-04-26;1251;1134;110061;41556;26.7;10.1
40;2021-04-27;1487;2033;111548;43589;27.1;10.6
40;2021-04-28;2052;1368;113600;44957;27.6;10.9
40;2021-04-29;2608;1894;116208;46851;28.2;11.4
40;2021-04-30;2702;1616;118910;48467;28.9;11.8
40;2021-05-01;1229;783;120139;49250;29.2;12.0
40;2021-05-02;143;322;120282;49572;29.2;12.0
40;2021-05-03;1857;1500;122139;51072;29.6;12.4
40;2021-05-04;1882;2465;124021;53537;30.1;13.0
40;2021-05-05;2188;2669;126209;56206;30.6;13.6
40;2021-05-06;2238;2864;128447;59070;31.2;14.3
40;2021-05-07;1904;3003;130351;62073;31.6;15.1
40;2021-05-08;674;469;131025;62542;31.8;15.2
40;2021-05-09;316;21;131341;62563;31.9;15.2
40;2021-05-10;1400;2049;132741;64612;32.2;15.7
40;2021-05-11;2197;2511;134938;67123;32.8;16.3
40;2021-05-12;2730;1944;137668;69067;33.4;16.8
40;2021-05-13;1984;512;139652;69579;33.9;16.9
40;2021-05-14;2325;1658;141977;71237;34.5;17.3
40;2021-05-15;1340;962;143317;72199;34.8;17.5
40;2021-05-16;434;24;143751;72223;34.9;17.5
40;2021-05-17;2120;1310;145871;73533;35.4;17.8
40;2021-05-18;2509;1412;148380;74945;36.0;18.2
40;2021-05-19;2956;1106;151336;76051;36.7;18.5
40;2021-05-20;3586;1159;154922;77210;37.6;18.7
40;2021-05-21;2926;1322;157848;78532;38.3;19.1
40;2021-05-22;1146;794;158994;79326;38.6;19.3
40;2021-05-23;631;29;159625;79355;38.7;19.3
40;2021-05-24;1212;332;160837;79687;39.0;19.3
40;2021-05-25;2168;1310;163005;80997;39.6;19.7
40;2021-05-26;2615;1562;165620;82559;40.2;20.0
40;2021-05-27;2733;2009;168353;84568;40.9;20.5
40;2021-05-28;2569;2271;170922;86839;41.5;21.1
40;2021-05-29;1559;1253;172481;88092;41.9;21.4
40;2021-05-30;4;52;172485;88144;41.9;21.4
40;2021-05-31;2566;1208;175051;89352;42.5;21.7
40;2021-06-01;3012;1767;178063;91119;43.2;22.1
40;2021-06-02;3173;1991;181236;93110;44.0;22.6
40;2021-06-03;3592;2332;184828;95442;44.9;23.2
40;2021-06-04;3015;2801;187843;98243;45.6;23.8
40;2021-06-05;1780;1395;189623;99638;46.0;24.2
40;2021-06-06;459;79;190082;99717;46.1;24.2
40;2021-06-07;2186;2025;192268;101742;46.7;24.7
40;2021-06-08;2955;2098;195223;103840;47.4;25.2
40;2021-06-09;3216;2266;198439;106106;48.2;25.8
40;2021-06-10;2996;2097;201435;108203;48.9;26.3
40;2021-06-11;3139;2797;204574;111000;49.7;26.9
40;2021-06-12;1964;1636;206538;112636;50.1;27.3
40;2021-06-13;645;162;207183;112798;50.3;27.4
40;2021-06-14;1458;2497;208641;115295;50.6;28.0
40;2021-06-15;2236;2820;210877;118115;51.2;28.7
40;2021-06-16;2608;2458;213485;120573;51.8;29.3
40;2021-06-17;2432;2438;215917;123011;52.4;29.9
40;2021-06-18;2326;2902;218243;125913;53.0;30.6
40;2021-06-19;1798;1227;220041;127140;53.4;30.9
40;2021-06-20;345;276;220386;127416;53.5;30.9
40;2021-06-21;1395;2318;221781;129734;53.8;31.5
40;2021-06-22;1688;2996;223469;132730;54.2;32.2
40;2021-06-23;1606;3346;225075;136076;54.6;33.0
40;2021-06-24;1735;2384;226810;138460;55.1;33.6
40;2021-06-25;1760;3263;228570;141723;55.5;34.4
40;2021-06-26;1328;1713;229898;143436;55.8;34.8
40;2021-06-27;263;354;230161;143790;55.9;34.9
40;2021-06-28;1334;2819;231495;146609;56.2;35.6
40;2021-06-29;1711;3391;233206;150000;56.6;36.4
40;2021-06-30;1777;3645;234983;153645;57.0;37.3
40;2021-07-01;1714;3953;236697;157598;57.5;38.3
40;2021-07-02;1562;3810;238259;161408;57.8;39.2
40;2021-07-03;678;1918;238937;163326;58.0;39.6
40;2021-07-04;219;483;239156;163809;58.1;39.8
40;2021-07-05;1476;3020;240632;166829;58.4;40.5
40;2021-07-06;1769;3613;242401;170442;58.8;41.4
40;2021-07-07;1975;3845;244376;174287;59.3;42.3
40;2021-07-08;2102;3409;246478;177696;59.8;43.1
40;2021-07-09;2111;3947;248589;181643;60.3;44.1
40;2021-07-10;1005;2157;249594;183800;60.6;44.6
40;2021-07-11;207;294;249801;184094;60.6;44.7
40;2021-07-12;1313;4045;251114;188139;61.0;45.7
40;2021-07-13;2428;4697;253542;192836;61.5;46.8
40;2021-07-14;2199;2059;255741;194895;62.1;47.3
40;2021-07-15;2845;4858;258586;199753;62.8;48.5
40;2021-07-16;3315;3947;261901;203700;63.6;49.4
40;2021-07-17;2111;2594;264012;206294;64.1;50.1
40;2021-07-18;472;542;264484;206836;64.2;50.2
40;2021-07-19;2569;3701;267053;210537;64.8;51.1
40;2021-07-20;3064;4053;270117;214590;65.6;52.1
40;2021-07-21;3207;3888;273324;218478;66.3;53.0
40;2021-07-22;3856;3931;277180;222409;67.3;54.0
40;2021-07-23;4091;4111;281271;226520;68.3;55.0
40;2021-07-24;2796;2113;284067;228633;69.0;55.5
40;2021-07-25;955;489;285022;229122;69.2;55.6
40;2021-07-26;2941;3083;287963;232205;69.9;56.4
40;2021-07-27;3527;3603;291490;235808;70.8;57.2
40;2021-07-28;3380;3398;294870;239206;71.6;58.1
40;2021-07-29;3544;3431;298414;242637;72.4;58.9
40;2021-07-30;3135;3405;301549;246042;73.2;59.7
40;2021-07-31;1782;1908;303331;247950;73.6;60.2
40;2021-08-01;343;287;303674;248237;73.7;60.3
40;2021-08-02;2003;2379;305677;250616;74.2;60.8
40;2021-08-03;2333;2692;308010;253308;74.8;61.5
40;2021-08-04;2092;2321;310102;255629;75.3;62.0
40;2021-08-05;1970;2670;312072;258299;75.7;62.7
40;2021-08-06;1884;3067;313956;261366;76.2;63.4
40;2021-08-07;1218;1746;315174;263112;76.5;63.9
40;2021-08-08;84;154;315258;263266;76.5;63.9
40;2021-08-09;1599;3124;316857;266390;76.9;64.7
40;2021-08-10;1430;3163;318287;269553;77.3;65.4
40;2021-08-11;1422;2847;319709;272400;77.6;66.1
40;2021-08-12;1277;3101;320986;275501;77.9;66.9
40;2021-08-13;1136;2980;322122;278481;78.2;67.6
40;2021-08-14;619;2037;322741;280518;78.3;68.1
40;2021-08-15;5;172;322746;280690;78.3;68.1
40;2021-08-16;1106;3386;323852;284076;78.6;69.0
40;2021-08-17;1158;3421;325010;287497;78.9;69.8
40;2021-08-18;985;3260;325995;290757;79.1;70.6
40;2021-08-19;851;2971;326846;293728;79.3;71.3
40;2021-08-20;803;3033;327649;296761;79.5;72.0
40;2021-08-21;521;1899;328170;298660;79.7;72.5
40;2021-08-22;71;463;328241;299123;79.7;72.6
40;2021-08-23;727;2818;328968;301941;79.9;73.3
40;2021-08-24;692;2541;329660;304482;80.0;73.9
40;2021-08-25;673;2003;330333;306485;80.2;74.4
40;2021-08-26;488;1675;330821;308160;80.3;74.8
40;2021-08-27;636;2469;331457;310629;80.5;75.4
40;2021-08-28;324;1218;331781;311847;80.5;75.7
40;2021-08-29;1;9;331782;311856;80.5;75.7
40;2021-08-30;599;2160;332381;314016;80.7;76.2
40;2021-08-31;470;1466;332851;315482;80.8;76.6
40;2021-09-01;449;1544;333300;317026;80.9;77.0
40;2021-09-02;402;1493;333702;318519;81.0;77.3
40;2021-09-03;436;1620;334138;320139;81.1;77.7
40;2021-09-04;369;1182;334507;321321;81.2;78.0
40;2021-09-05;2;26;334509;321347;81.2;78.0
40;2021-09-06;240;847;334749;322194;81.3;78.2
40;2021-09-07;290;966;335039;323160;81.3;78.4
40;2021-09-08;402;1084;335441;324244;81.4;78.7
40;2021-09-09;254;1008;335695;325252;81.5;78.9
41;2020-12-27;0;0;0;0;0.0;0.0
41;2020-12-28;0;0;0;0;0.0;0.0
41;2020-12-29;0;0;0;0;0.0;0.0
41;2020-12-30;0;0;0;0;0.0;0.0
41;2020-12-31;0;0;0;0;0.0;0.0
41;2021-01-01;0;0;0;0;0.0;0.0
41;2021-01-02;2;0;2;0;0.0;0.0
41;2021-01-03;0;0;2;0;0.0;0.0
41;2021-01-04;0;0;2;0;0.0;0.0
41;2021-01-05;35;0;37;0;0.0;0.0
41;2021-01-06;72;0;109;0;0.0;0.0
41;2021-01-07;21;0;130;0;0.0;0.0
41;2021-01-08;1;0;131;0;0.0;0.0
41;2021-01-09;0;0;131;0;0.0;0.0
41;2021-01-10;0;0;131;0;0.0;0.0
41;2021-01-11;133;0;264;0;0.1;0.0
41;2021-01-12;321;1;585;1;0.2;0.0
41;2021-01-13;271;0;856;1;0.3;0.0
41;2021-01-14;283;1;1139;2;0.3;0.0
41;2021-01-15;215;1;1354;3;0.4;0.0
41;2021-01-16;0;0;1354;3;0.4;0.0
41;2021-01-17;0;0;1354;3;0.4;0.0
41;2021-01-18;397;2;1751;5;0.5;0.0
41;2021-01-19;857;2;2608;7;0.8;0.0
41;2021-01-20;1059;3;3667;10;1.1;0.0
41;2021-01-21;1568;4;5235;14;1.6;0.0
41;2021-01-22;838;1;6073;15;1.9;0.0
41;2021-01-23;92;0;6165;15;1.9;0.0
41;2021-01-24;0;0;6165;15;1.9;0.0
41;2021-01-25;421;1;6586;16;2.0;0.0
41;2021-01-26;473;2;7059;18;2.2;0.0
41;2021-01-27;441;2;7500;20;2.3;0.0
41;2021-01-28;604;57;8104;77;2.5;0.0
41;2021-01-29;260;30;8364;107;2.6;0.0
41;2021-01-30;0;0;8364;107;2.6;0.0
41;2021-01-31;0;0;8364;107;2.6;0.0
41;2021-02-01;349;147;8713;254;2.7;0.1
41;2021-02-02;471;226;9184;480;2.8;0.1
41;2021-02-03;341;199;9525;679;2.9;0.2
41;2021-02-04;559;143;10084;822;3.1;0.3
41;2021-02-05;329;172;10413;994;3.2;0.3
41;2021-02-06;4;0;10417;994;3.2;0.3
41;2021-02-07;2;0;10419;994;3.2;0.3
41;2021-02-08;306;299;10725;1293;3.3;0.4
41;2021-02-09;599;445;11324;1738;3.5;0.5
41;2021-02-10;486;677;11810;2415;3.6;0.7
41;2021-02-11;1066;1154;12876;3569;3.9;1.1
41;2021-02-12;687;355;13563;3924;4.1;1.2
41;2021-02-13;9;5;13572;3929;4.1;1.2
41;2021-02-14;3;27;13575;3956;4.1;1.2
41;2021-02-15;314;272;13889;4228;4.2;1.3
41;2021-02-16;354;503;14243;4731;4.3;1.4
41;2021-02-17;317;418;14560;5149;4.4;1.6
41;2021-02-18;617;291;15177;5440;4.6;1.7
41;2021-02-19;456;289;15633;5729;4.8;1.7
41;2021-02-20;68;42;15701;5771;4.8;1.8
41;2021-02-21;0;0;15701;5771;4.8;1.8
41;2021-02-22;310;360;16011;6131;4.9;1.9
41;2021-02-23;454;292;16465;6423;5.0;2.0
41;2021-02-24;281;390;16746;6813;5.1;2.1
41;2021-02-25;676;407;17422;7220;5.3;2.2
41;2021-02-26;630;227;18052;7447;5.5;2.3
41;2021-02-27;161;4;18213;7451;5.6;2.3
41;2021-02-28;4;31;18217;7482;5.6;2.3
41;2021-03-01;311;282;18528;7764;5.7;2.4
41;2021-03-02;649;363;19177;8127;5.8;2.5
41;2021-03-03;497;391;19674;8518;6.0;2.6
41;2021-03-04;786;793;20460;9311;6.2;2.8
41;2021-03-05;840;653;21300;9964;6.5;3.0
41;2021-03-06;715;22;22015;9986;6.7;3.0
41;2021-03-07;498;20;22513;10006;6.9;3.1
41;2021-03-08;301;353;22814;10359;7.0;3.2
41;2021-03-09;1042;431;23856;10790;7.3;3.3
41;2021-03-10;721;454;24577;11244;7.5;3.4
41;2021-03-11;1182;663;25759;11907;7.9;3.6
41;2021-03-12;1116;407;26875;12314;8.2;3.8
41;2021-03-13;1224;18;28099;12332;8.6;3.8
41;2021-03-14;392;6;28491;12338;8.7;3.8
41;2021-03-15;797;346;29288;12684;8.9;3.9
41;2021-03-16;1061;404;30349;13088;9.3;4.0
41;2021-03-17;587;239;30936;13327;9.4;4.1
41;2021-03-18;926;399;31862;13726;9.7;4.2
41;2021-03-19;911;331;32773;14057;10.0;4.3
41;2021-03-20;541;16;33314;14073;10.2;4.3
41;2021-03-21;1;0;33315;14073;10.2;4.3
41;2021-03-22;810;273;34125;14346;10.4;4.4
41;2021-03-23;1309;489;35434;14835;10.8;4.5
41;2021-03-24;1231;365;36665;15200;11.2;4.6
41;2021-03-25;2026;437;38691;15637;11.8;4.8
41;2021-03-26;1655;325;40346;15962;12.3;4.9
41;2021-03-27;452;58;40798;16020;12.4;4.9
41;2021-03-28;1;0;40799;16020;12.4;4.9
41;2021-03-29;938;306;41737;16326;12.7;5.0
41;2021-03-30;1496;592;43233;16918;13.2;5.2
41;2021-03-31;1148;492;44381;17410;13.5;5.3
41;2021-04-01;2252;564;46633;17974;14.2;5.5
41;2021-04-02;1242;474;47875;18448;14.6;5.6
41;2021-04-03;321;5;48196;18453;14.7;5.6
41;2021-04-04;39;0;48235;18453;14.7;5.6
41;2021-04-05;140;2;48375;18455;14.8;5.6
41;2021-04-06;1302;626;49677;19081;15.2;5.8
41;2021-04-07;1852;703;51529;19784;15.7;6.0
41;2021-04-08;2294;920;53823;20704;16.4;6.3
41;2021-04-09;2570;611;56393;21315;17.2;6.5
41;2021-04-10;954;497;57347;21812;17.5;6.7
41;2021-04-11;279;376;57626;22188;17.6;6.8
41;2021-04-12;1689;653;59315;22841;18.1;7.0
41;2021-04-13;2262;987;61577;23828;18.8;7.3
41;2021-04-14;1794;548;63371;24376;19.3;7.4
41;2021-04-15;2385;975;65756;25351;20.1;7.7
41;2021-04-16;1931;625;67687;25976;20.6;7.9
41;2021-04-17;647;138;68334;26114;20.8;8.0
41;2021-04-18;5;0;68339;26114;20.8;8.0
41;2021-04-19;1262;744;69601;26858;21.2;8.2
41;2021-04-20;2004;1200;71605;28058;21.8;8.6
41;2021-04-21;1503;919;73108;28977;22.3;8.8
41;2021-04-22;2236;1599;75344;30576;23.0;9.3
41;2021-04-23;1736;1080;77080;31656;23.5;9.7
41;2021-04-24;1544;283;78624;31939;24.0;9.7
41;2021-04-25;1007;20;79631;31959;24.3;9.7
41;2021-04-26;1356;625;80987;32584;24.7;9.9
41;2021-04-27;2094;1039;83081;33623;25.3;10.3
41;2021-04-28;1562;860;84643;34483;25.8;10.5
41;2021-04-29;2211;1378;86854;35861;26.5;10.9
41;2021-04-30;1963;864;88817;36725;27.1;11.2
41;2021-05-01;189;12;89006;36737;27.1;11.2
41;2021-05-02;107;17;89113;36754;27.2;11.2
41;2021-05-03;1866;893;90979;37647;27.8;11.5
41;2021-05-04;2094;1544;93073;39191;28.4;12.0
41;2021-05-05;1881;1190;94954;40381;29.0;12.3
41;2021-05-06;2448;1693;97402;42074;29.7;12.8
41;2021-05-07;2017;1801;99419;43875;30.3;13.4
41;2021-05-08;203;155;99622;44030;30.4;13.4
41;2021-05-09;11;354;99633;44384;30.4;13.5
41;2021-05-10;1590;1556;101223;45940;30.9;14.0
41;2021-05-11;2087;2102;103310;48042;31.5;14.7
41;2021-05-12;1951;1678;105261;49720;32.1;15.2
41;2021-05-13;1486;947;106747;50667;32.6;15.5
41;2021-05-14;1576;1305;108323;51972;33.0;15.9
41;2021-05-15;206;294;108529;52266;33.1;15.9
41;2021-05-16;4;0;108533;52266;33.1;15.9
41;2021-05-17;2483;564;111016;52830;33.9;16.1
41;2021-05-18;3138;1030;114154;53860;34.8;16.4
41;2021-05-19;2553;674;116707;54534;35.6;16.6
41;2021-05-20;3349;1149;120056;55683;36.6;17.0
41;2021-05-21;2727;968;122783;56651;37.5;17.3
41;2021-05-22;397;237;123180;56888;37.6;17.4
41;2021-05-23;6;2;123186;56890;37.6;17.4
41;2021-05-24;2605;149;125791;57039;38.4;17.4
41;2021-05-25;2992;577;128783;57616;39.3;17.6
41;2021-05-26;3038;652;131821;58268;40.2;17.8
41;2021-05-27;3296;1110;135117;59378;41.2;18.1
41;2021-05-28;3144;973;138261;60351;42.2;18.4
41;2021-05-29;2074;429;140335;60780;42.8;18.5
41;2021-05-30;344;22;140679;60802;42.9;18.5
41;2021-05-31;1711;1501;142390;62303;43.4;19.0
41;2021-06-01;2262;2010;144652;64313;44.1;19.6
41;2021-06-02;1832;1289;146484;65602;44.7;20.0
41;2021-06-03;2597;1942;149081;67544;45.5;20.6
41;2021-06-04;2304;1959;151385;69503;46.2;21.2
41;2021-06-05;611;1583;151996;71086;46.4;21.7
41;2021-06-06;109;927;152105;72013;46.4;22.0
41;2021-06-07;1515;1530;153620;73543;46.9;22.4
41;2021-06-08;1713;2410;155333;75953;47.4;23.2
41;2021-06-09;1615;1639;156948;77592;47.9;23.7
41;2021-06-10;1917;1817;158865;79409;48.5;24.2
41;2021-06-11;1572;1793;160437;81202;48.9;24.8
41;2021-06-12;663;649;161100;81851;49.1;25.0
41;2021-06-13;13;77;161113;81928;49.1;25.0
41;2021-06-14;1269;1963;162382;83891;49.5;25.6
41;2021-06-15;1835;2758;164217;86649;50.1;26.4
41;2021-06-16;1725;2309;165942;88958;50.6;27.1
41;2021-06-17;1811;2574;167753;91532;51.2;27.9
41;2021-06-18;1665;2400;169418;93932;51.7;28.7
41;2021-06-19;412;530;169830;94462;51.8;28.8
41;2021-06-20;11;32;169841;94494;51.8;28.8
41;2021-06-21;1325;1779;171166;96273;52.2;29.4
41;2021-06-22;1619;2564;172785;98837;52.7;30.1
41;2021-06-23;1375;2045;174160;100882;53.1;30.8
41;2021-06-24;1483;2307;175643;103189;53.6;31.5
41;2021-06-25;1293;2617;176936;105806;54.0;32.3
41;2021-06-26;434;614;177370;106420;54.1;32.5
41;2021-06-27;1;4;177371;106424;54.1;32.5
41;2021-06-28;404;2696;177775;109120;54.2;33.3
41;2021-06-29;666;3441;178441;112561;54.4;34.3
41;2021-06-30;552;3068;178993;115629;54.6;35.3
41;2021-07-01;767;3101;179760;118730;54.8;36.2
41;2021-07-02;590;3499;180350;122229;55.0;37.3
41;2021-07-03;158;646;180508;122875;55.1;37.5
41;2021-07-04;2;2;180510;122877;55.1;37.5
41;2021-07-05;287;2818;180797;125695;55.1;38.3
41;2021-07-06;666;3634;181463;129329;55.4;39.4
41;2021-07-07;479;3140;181942;132469;55.5;40.4
41;2021-07-08;941;3368;182883;135837;55.8;41.4
41;2021-07-09;540;3641;183423;139478;55.9;42.5
41;2021-07-10;247;2087;183670;141565;56.0;43.2
41;2021-07-11;5;280;183675;141845;56.0;43.3
41;2021-07-12;862;2292;184537;144137;56.3;44.0
41;2021-07-13;1198;3286;185735;147423;56.7;45.0
41;2021-07-14;141;1080;185876;148503;56.7;45.3
41;2021-07-15;1334;3321;187210;151824;57.1;46.3
41;2021-07-16;1091;3390;188301;155214;57.4;47.3
41;2021-07-17;344;807;188645;156021;57.5;47.6
41;2021-07-18;24;32;188669;156053;57.5;47.6
41;2021-07-19;1190;2319;189859;158372;57.9;48.3
41;2021-07-20;1641;2744;191500;161116;58.4;49.1
41;2021-07-21;1708;2083;193208;163199;58.9;49.8
41;2021-07-22;2262;2290;195470;165489;59.6;50.5
41;2021-07-23;2103;2469;197573;167958;60.3;51.2
41;2021-07-24;329;840;197902;168798;60.4;51.5
41;2021-07-25;19;23;197921;168821;60.4;51.5
41;2021-07-26;1903;1679;199824;170500;61.0;52.0
41;2021-07-27;2536;2342;202360;172842;61.7;52.7
41;2021-07-28;2161;1830;204521;174672;62.4;53.3
41;2021-07-29;2345;2025;206866;176697;63.1;53.9
41;2021-07-30;2152;2085;209018;178782;63.8;54.5
41;2021-07-31;378;580;209396;179362;63.9;54.7
41;2021-08-01;21;7;209417;179369;63.9;54.7
41;2021-08-02;1549;1605;210966;180974;64.4;55.2
41;2021-08-03;2515;1855;213481;182829;65.1;55.8
41;2021-08-04;2301;1199;215782;184028;65.8;56.1
41;2021-08-05;3046;1263;218828;185291;66.7;56.5
41;2021-08-06;2213;1303;221041;186594;67.4;56.9
41;2021-08-07;511;347;221552;186941;67.6;57.0
41;2021-08-08;13;20;221565;186961;67.6;57.0
41;2021-08-09;1689;1356;223254;188317;68.1;57.4
41;2021-08-10;2563;1419;225817;189736;68.9;57.9
41;2021-08-11;1594;1440;227411;191176;69.4;58.3
41;2021-08-12;1943;1339;229354;192515;70.0;58.7
41;2021-08-13;1471;1698;230825;194213;70.4;59.2
41;2021-08-14;364;205;231189;194418;70.5;59.3
41;2021-08-15;0;16;231189;194434;70.5;59.3
41;2021-08-16;866;2070;232055;196504;70.8;59.9
41;2021-08-17;1498;1639;233553;198143;71.2;60.4
41;2021-08-18;1134;1970;234687;200113;71.6;61.0
41;2021-08-19;1309;1555;235996;201668;72.0;61.5
41;2021-08-20;915;2308;236911;203976;72.3;62.2
41;2021-08-21;120;227;237031;204203;72.3;62.3
41;2021-08-22;1;32;237032;204235;72.3;62.3
41;2021-08-23;691;2295;237723;206530;72.5;63.0
41;2021-08-24;1409;2305;239132;208835;72.9;63.7
41;2021-08-25;618;2201;239750;211036;73.1;64.4
41;2021-08-26;842;2820;240592;213856;73.4;65.2
41;2021-08-27;617;2760;241209;216616;73.6;66.1
41;2021-08-28;98;622;241307;217238;73.6;66.3
41;2021-08-29;46;23;241353;217261;73.6;66.3
41;2021-08-30;667;2116;242020;219377;73.8;66.9
41;2021-08-31;765;2596;242785;221973;74.1;67.7
41;2021-09-01;497;1828;243282;223801;74.2;68.3
41;2021-09-02;625;2145;243907;225946;74.4;68.9
41;2021-09-03;652;2227;244559;228173;74.6;69.6
41;2021-09-04;193;592;244752;228765;74.7;69.8
41;2021-09-05;3;1;244755;228766;74.7;69.8
41;2021-09-06;291;1095;245046;229861;74.7;70.1
41;2021-09-07;415;1339;245461;231200;74.9;70.5
41;2021-09-08;314;1276;245775;232476;75.0;70.9
41;2021-09-09;284;1283;246059;233759;75.1;71.3
42;2020-12-27;2;0;2;0;0.0;0.0
42;2020-12-28;0;0;2;0;0.0;0.0
42;2020-12-29;0;0;2;0;0.0;0.0
42;2020-12-30;0;0;2;0;0.0;0.0
42;2020-12-31;0;0;2;0;0.0;0.0
42;2021-01-01;0;0;2;0;0.0;0.0
42;2021-01-02;0;0;2;0;0.0;0.0
42;2021-01-03;0;0;2;0;0.0;0.0
42;2021-01-04;1;0;3;0;0.0;0.0
42;2021-01-05;1;0;4;0;0.0;0.0
42;2021-01-06;178;1;182;1;0.0;0.0
42;2021-01-07;256;0;438;1;0.1;0.0
42;2021-01-08;264;1;702;2;0.1;0.0
42;2021-01-09;136;0;838;2;0.1;0.0
42;2021-01-10;0;0;838;2;0.1;0.0
42;2021-01-11;293;2;1131;4;0.1;0.0
42;2021-01-12;412;1;1543;5;0.2;0.0
42;2021-01-13;527;2;2070;7;0.3;0.0
42;2021-01-14;774;2;2844;9;0.4;0.0
42;2021-01-15;705;4;3549;13;0.5;0.0
42;2021-01-16;298;2;3847;15;0.5;0.0
42;2021-01-17;219;0;4066;15;0.5;0.0
42;2021-01-18;968;1;5034;16;0.7;0.0
42;2021-01-19;1329;10;6363;26;0.8;0.0
42;2021-01-20;956;4;7319;30;1.0;0.0
42;2021-01-21;1021;6;8340;36;1.1;0.0
42;2021-01-22;992;6;9332;42;1.2;0.0
42;2021-01-23;401;0;9733;42;1.3;0.0
42;2021-01-24;358;0;10091;42;1.3;0.0
42;2021-01-25;1099;12;11190;54;1.5;0.0
42;2021-01-26;1746;17;12936;71;1.7;0.0
42;2021-01-27;1458;121;14394;192;1.9;0.0
42;2021-01-28;1668;133;16062;325;2.1;0.0
42;2021-01-29;946;114;17008;439;2.2;0.1
42;2021-01-30;257;100;17265;539;2.3;0.1
42;2021-01-31;258;2;17523;541;2.3;0.1
42;2021-02-01;736;60;18259;601;2.4;0.1
42;2021-02-02;1824;268;20083;869;2.6;0.1
42;2021-02-03;1517;463;21600;1332;2.8;0.2
42;2021-02-04;1282;578;22882;1910;3.0;0.2
42;2021-02-05;685;496;23567;2406;3.1;0.3
42;2021-02-06;304;133;23871;2539;3.1;0.3
42;2021-02-07;276;139;24147;2678;3.2;0.4
42;2021-02-08;508;529;24655;3207;3.2;0.4
42;2021-02-09;703;709;25358;3916;3.3;0.5
42;2021-02-10;742;605;26100;4521;3.4;0.6
42;2021-02-11;772;594;26872;5115;3.5;0.7
42;2021-02-12;675;650;27547;5765;3.6;0.8
42;2021-02-13;428;259;27975;6024;3.7;0.8
42;2021-02-14;186;180;28161;6204;3.7;0.8
42;2021-02-15;521;672;28682;6876;3.8;0.9
42;2021-02-16;490;1099;29172;7975;3.8;1.0
42;2021-02-17;518;1409;29690;9384;3.9;1.2
42;2021-02-18;756;1230;30446;10614;4.0;1.4
42;2021-02-19;769;909;31215;11523;4.1;1.5
42;2021-02-20;248;363;31463;11886;4.1;1.6
42;2021-02-21;63;279;31526;12165;4.1;1.6
42;2021-02-22;574;861;32100;13026;4.2;1.7
42;2021-02-23;1210;1359;33310;14385;4.4;1.9
42;2021-02-24;1245;1166;34555;15551;4.5;2.0
42;2021-02-25;1666;1354;36221;16905;4.7;2.2
42;2021-02-26;1648;885;37869;17790;5.0;2.3
42;2021-02-27;580;261;38449;18051;5.0;2.4
42;2021-02-28;167;106;38616;18157;5.0;2.4
42;2021-03-01;807;780;39423;18937;5.2;2.5
42;2021-03-02;1276;760;40699;19697;5.3;2.6
42;2021-03-03;1368;753;42067;20450;5.5;2.7
42;2021-03-04;1705;686;43772;21136;5.7;2.8
42;2021-03-05;2625;630;46397;21766;6.1;2.8
42;2021-03-06;1932;250;48329;22016;6.3;2.9
42;2021-03-07;1491;95;49820;22111;6.5;2.9
42;2021-03-08;1405;500;51225;22611;6.7;3.0
42;2021-03-09;1984;448;53209;23059;7.0;3.0
42;2021-03-10;2053;504;55262;23563;7.2;3.1
42;2021-03-11;3047;617;58309;24180;7.6;3.2
42;2021-03-12;3008;832;61317;25012;8.0;3.3
42;2021-03-13;1479;361;62796;25373;8.2;3.3
42;2021-03-14;472;166;63268;25539;8.3;3.3
42;2021-03-15;1571;597;64839;26136;8.5;3.4
42;2021-03-16;1472;769;66311;26905;8.7;3.5
42;2021-03-17;1724;1077;68035;27982;8.9;3.7
42;2021-03-18;1804;1028;69839;29010;9.1;3.8
42;2021-03-19;2567;683;72406;29693;9.5;3.9
42;2021-03-20;1672;233;74078;29926;9.7;3.9
42;2021-03-21;526;99;74604;30025;9.8;3.9
42;2021-03-22;1427;730;76031;30755;9.9;4.0
42;2021-03-23;2507;859;78538;31614;10.3;4.1
42;2021-03-24;2783;782;81321;32396;10.6;4.2
42;2021-03-25;3720;935;85041;33331;11.1;4.4
42;2021-03-26;3759;788;88800;34119;11.6;4.5
42;2021-03-27;1806;452;90606;34571;11.8;4.5
42;2021-03-28;1040;216;91646;34787;12.0;4.5
42;2021-03-29;2062;926;93708;35713;12.3;4.7
42;2021-03-30;3146;863;96854;36576;12.7;4.8
42;2021-03-31;2443;1071;99297;37647;13.0;4.9
42;2021-04-01;3392;1051;102689;38698;13.4;5.1
42;2021-04-02;2850;1228;105539;39926;13.8;5.2
42;2021-04-03;1418;609;106957;40535;14.0;5.3
42;2021-04-04;1404;395;108361;40930;14.2;5.4
42;2021-04-05;1901;297;110262;41227;14.4;5.4
42;2021-04-06;2292;1411;112554;42638;14.7;5.6
42;2021-04-07;2761;1830;115315;44468;15.1;5.8
42;2021-04-08;4025;1596;119340;46064;15.6;6.0
42;2021-04-09;5135;1558;124475;47622;16.3;6.2
42;2021-04-10;2591;767;127066;48389;16.6;6.3
42;2021-04-11;1956;431;129022;48820;16.9;6.4
42;2021-04-12;3699;1551;132721;50371;17.4;6.6
42;2021-04-13;4658;1810;137379;52181;18.0;6.8
42;2021-04-14;4311;1904;141690;54085;18.5;7.1
42;2021-04-15;4810;1838;146500;55923;19.2;7.3
42;2021-04-16;4620;1892;151120;57815;19.8;7.6
42;2021-04-17;2983;1074;154103;58889;20.2;7.7
42;2021-04-18;1884;414;155987;59303;20.4;7.8
42;2021-04-19;3090;1538;159077;60841;20.8;8.0
42;2021-04-20;3468;1955;162545;62796;21.3;8.2
42;2021-04-21;3479;1747;166024;64543;21.7;8.4
42;2021-04-22;3769;1952;169793;66495;22.2;8.7
42;2021-04-23;3840;2018;173633;68513;22.7;9.0
42;2021-04-24;2363;1518;175996;70031;23.0;9.2
42;2021-04-25;1658;942;177654;70973;23.2;9.3
42;2021-04-26;3280;1733;180934;72706;23.7;9.5
42;2021-04-27;3256;2207;184190;74913;24.1;9.8
42;2021-04-28;3464;2621;187654;77534;24.5;10.1
42;2021-04-29;3770;2802;191424;80336;25.0;10.5
42;2021-04-30;3361;3031;194785;83367;25.5;10.9
42;2021-05-01;2969;1051;197754;84418;25.9;11.0
42;2021-05-02;1935;1259;199689;85677;26.1;11.2
42;2021-05-03;2868;2767;202557;88444;26.5;11.6
42;2021-05-04;3417;3129;205974;91573;26.9;12.0
42;2021-05-05;3327;3400;209301;94973;27.4;12.4
42;2021-05-06;3888;3768;213189;98741;27.9;12.9
42;2021-05-07;3731;4036;216920;102777;28.4;13.4
42;2021-05-08;3165;1070;220085;103847;28.8;13.6
42;2021-05-09;1505;2213;221590;106060;29.0;13.9
42;2021-05-10;3250;3827;224840;109887;29.4;14.4
42;2021-05-11;5575;3902;230415;113789;30.1;14.9
42;2021-05-12;5342;3569;235757;117358;30.8;15.3
42;2021-05-13;5453;1150;241210;118508;31.5;15.5
42;2021-05-14;5240;2927;246450;121435;32.2;15.9
42;2021-05-15;4881;2125;251331;123560;32.9;16.2
42;2021-05-16;2873;1037;254204;124597;33.2;16.3
42;2021-05-17;5887;2839;260091;127436;34.0;16.7
42;2021-05-18;6252;2980;266343;130416;34.8;17.1
42;2021-05-19;6524;2750;272867;133166;35.7;17.4
42;2021-05-20;7104;2895;279971;136061;36.6;17.8
42;2021-05-21;6351;3273;286322;139334;37.4;18.2
42;2021-05-22;5836;2132;292158;141466;38.2;18.5
42;2021-05-23;2835;874;294993;142340;38.6;18.6
42;2021-05-24;5251;1433;300244;143773;39.3;18.8
42;2021-05-25;5155;3940;305399;147713;39.9;19.3
42;2021-05-26;5162;3458;310561;151171;40.6;19.8
42;2021-05-27;5369;3635;315930;154806;41.3;20.2
42;2021-05-28;5043;4198;320973;159004;42.0;20.8
42;2021-05-29;4344;2986;325317;161990;42.5;21.2
42;2021-05-30;1981;1210;327298;163200;42.8;21.3
42;2021-05-31;4243;3422;331541;166622;43.4;21.8
42;2021-06-01;4592;3566;336133;170188;44.0;22.3
42;2021-06-02;4479;3008;340612;173196;44.5;22.6
42;2021-06-03;4930;3841;345542;177037;45.2;23.2
42;2021-06-04;4767;4219;350309;181256;45.8;23.7
42;2021-06-05;3689;2427;353998;183683;46.3;24.0
42;2021-06-06;1446;1295;355444;184978;46.5;24.2
42;2021-06-07;3991;3379;359435;188357;47.0;24.6
42;2021-06-08;3467;3248;362902;191605;47.5;25.1
42;2021-06-09;2964;3206;365866;194811;47.8;25.5
42;2021-06-10;3243;2937;369109;197748;48.3;25.9
42;2021-06-11;3589;4117;372698;201865;48.7;26.4
42;2021-06-12;2863;2880;375561;204745;49.1;26.8
42;2021-06-13;944;1278;376505;206023;49.2;26.9
42;2021-06-14;2313;4062;378818;210085;49.5;27.5
42;2021-06-15;2831;4071;381649;214156;49.9;28.0
42;2021-06-16;2923;3551;384572;217707;50.3;28.5
42;2021-06-17;2638;3736;387210;221443;50.6;29.0
42;2021-06-18;3093;5147;390303;226590;51.0;29.6
42;2021-06-19;2849;4245;393152;230835;51.4;30.2
42;2021-06-20;857;1845;394009;232680;51.5;30.4
42;2021-06-21;1908;6278;395917;238958;51.8;31.2
42;2021-06-22;1877;5893;397794;244851;52.0;32.0
42;2021-06-23;1845;5323;399639;250174;52.3;32.7
42;2021-06-24;1787;4685;401426;254859;52.5;33.3
42;2021-06-25;2039;6951;403465;261810;52.8;34.2
42;2021-06-26;1409;5822;404874;267632;52.9;35.0
42;2021-06-27;756;2858;405630;270490;53.0;35.4
42;2021-06-28;1744;7061;407374;277551;53.3;36.3
42;2021-06-29;1527;6566;408901;284117;53.5;37.2
42;2021-06-30;1968;5764;410869;289881;53.7;37.9
42;2021-07-01;1779;5121;412648;295002;54.0;38.6
42;2021-07-02;2049;6743;414697;301745;54.2;39.5
42;2021-07-03;1760;5979;416457;307724;54.5;40.2
42;2021-07-04;854;2513;417311;310237;54.6;40.6
42;2021-07-05;1716;6284;419027;316521;54.8;41.4
42;2021-07-06;2106;5577;421133;322098;55.1;42.1
42;2021-07-07;2337;4661;423470;326759;55.4;42.7
42;2021-07-08;2273;3956;425743;330715;55.7;43.2
42;2021-07-09;2415;6097;428158;336812;56.0;44.0
42;2021-07-10;1694;5582;429852;342394;56.2;44.8
42;2021-07-11;921;2304;430773;344698;56.3;45.1
42;2021-07-12;1777;6289;432550;350987;56.6;45.9
42;2021-07-13;3613;6290;436163;357277;57.0;46.7
42;2021-07-14;4479;2054;440642;359331;57.6;47.0
42;2021-07-15;4560;5628;445202;364959;58.2;47.7
42;2021-07-16;4445;6194;449647;371153;58.8;48.5
42;2021-07-17;3221;4706;452868;375859;59.2;49.1
42;2021-07-18;1839;1743;454707;377602;59.5;49.4
42;2021-07-19;3806;5078;458513;382680;60.0;50.0
42;2021-07-20;4719;4863;463232;387543;60.6;50.7
42;2021-07-21;5176;4717;468408;392260;61.3;51.3
42;2021-07-22;5499;3936;473907;396196;62.0;51.8
42;2021-07-23;5500;5114;479407;401310;62.7;52.5
42;2021-07-24;4036;3833;483443;405143;63.2;53.0
42;2021-07-25;1656;1387;485099;406530;63.4;53.2
42;2021-07-26;4733;4326;489832;410856;64.1;53.7
42;2021-07-27;5330;3964;495162;414820;64.7;54.2
42;2021-07-28;5785;3676;500947;418496;65.5;54.7
42;2021-07-29;5679;3429;506626;421925;66.2;55.2
42;2021-07-30;5138;3774;511764;425699;66.9;55.7
42;2021-07-31;4759;3056;516523;428755;67.5;56.1
42;2021-08-01;2499;1313;519022;430068;67.9;56.2
42;2021-08-02;4363;3113;523385;433181;68.4;56.6
42;2021-08-03;3818;3281;527203;436462;68.9;57.1
42;2021-08-04;3473;3222;530676;439684;69.4;57.5
42;2021-08-05;3403;3313;534079;442997;69.8;57.9
42;2021-08-06;3632;3995;537711;446992;70.3;58.5
42;2021-08-07;3022;3066;540733;450058;70.7;58.9
42;2021-08-08;1198;1715;541931;451773;70.9;59.1
42;2021-08-09;2808;3859;544739;455632;71.2;59.6
42;2021-08-10;3274;3907;548013;459539;71.7;60.1
42;2021-08-11;2591;3519;550604;463058;72.0;60.6
42;2021-08-12;2514;3566;553118;466624;72.3;61.0
42;2021-08-13;2328;3905;555446;470529;72.6;61.5
42;2021-08-14;1648;3267;557094;473796;72.8;62.0
42;2021-08-15;599;1027;557693;474823;72.9;62.1
42;2021-08-16;2069;4569;559762;479392;73.2;62.7
42;2021-08-17;2243;4174;562005;483566;73.5;63.2
42;2021-08-18;2046;4146;564051;487712;73.8;63.8
42;2021-08-19;1924;3369;565975;491081;74.0;64.2
42;2021-08-20;2263;4600;568238;495681;74.3;64.8
42;2021-08-21;1078;3861;569316;499542;74.4;65.3
42;2021-08-22;494;2020;569810;501562;74.5;65.6
42;2021-08-23;1618;4665;571428;506227;74.7;66.2
42;2021-08-24;1729;4039;573157;510266;74.9;66.7
42;2021-08-25;1738;3888;574895;514154;75.2;67.2
42;2021-08-26;1438;3038;576333;517192;75.4;67.6
42;2021-08-27;1772;4560;578105;521752;75.6;68.2
42;2021-08-28;1300;3705;579405;525457;75.8;68.7
42;2021-08-29;377;1427;579782;526884;75.8;68.9
42;2021-08-30;1276;3419;581058;530303;76.0;69.3
42;2021-08-31;1234;2842;582292;533145;76.1;69.7
42;2021-09-01;1242;2987;583534;536132;76.3;70.1
42;2021-09-02;1309;2915;584843;539047;76.5;70.5
42;2021-09-03;1559;3269;586402;542316;76.7;70.9
42;2021-09-04;1039;2985;587441;545301;76.8;71.3
42;2021-09-05;378;873;587819;546174;76.9;71.4
42;2021-09-06;757;2139;588576;548313;77.0;71.7
42;2021-09-07;814;1913;589390;550226;77.1;71.9
42;2021-09-08;907;2200;590297;552426;77.2;72.2
42;2021-09-09;644;1758;590941;554184;77.3;72.5
43;2020-12-27;0;0;0;0;0.0;0.0
43;2020-12-28;0;0;0;0;0.0;0.0
43;2020-12-29;0;0;0;0;0.0;0.0
43;2020-12-30;0;0;0;0;0.0;0.0
43;2020-12-31;0;0;0;0;0.0;0.0
43;2021-01-01;0;0;0;0;0.0;0.0
43;2021-01-02;0;0;0;0;0.0;0.0
43;2021-01-03;0;0;0;0;0.0;0.0
43;2021-01-04;2;0;2;0;0.0;0.0
43;2021-01-05;0;0;2;0;0.0;0.0
43;2021-01-06;0;0;2;0;0.0;0.0
43;2021-01-07;167;0;169;0;0.1;0.0
43;2021-01-08;151;1;320;1;0.1;0.0
43;2021-01-09;0;0;320;1;0.1;0.0
43;2021-01-10;0;0;320;1;0.1;0.0
43;2021-01-11;137;0;457;1;0.2;0.0
43;2021-01-12;244;0;701;1;0.3;0.0
43;2021-01-13;244;2;945;3;0.4;0.0
43;2021-01-14;294;2;1239;5;0.5;0.0
43;2021-01-15;303;2;1542;7;0.7;0.0
43;2021-01-16;32;0;1574;7;0.7;0.0
43;2021-01-17;0;0;1574;7;0.7;0.0
43;2021-01-18;761;5;2335;12;1.0;0.0
43;2021-01-19;776;7;3111;19;1.4;0.0
43;2021-01-20;519;2;3630;21;1.6;0.0
43;2021-01-21;446;2;4076;23;1.8;0.0
43;2021-01-22;465;6;4541;29;2.0;0.0
43;2021-01-23;1;0;4542;29;2.0;0.0
43;2021-01-24;2;0;4544;29;2.0;0.0
43;2021-01-25;539;0;5083;29;2.2;0.0
43;2021-01-26;615;5;5698;34;2.5;0.0
43;2021-01-27;740;0;6438;34;2.8;0.0
43;2021-01-28;747;30;7185;64;3.2;0.0
43;2021-01-29;721;83;7906;147;3.5;0.1
43;2021-01-30;109;0;8015;147;3.5;0.1
43;2021-01-31;0;0;8015;147;3.5;0.1
43;2021-02-01;404;99;8419;246;3.7;0.1
43;2021-02-02;716;145;9135;391;4.0;0.2
43;2021-02-03;690;41;9825;432;4.3;0.2
43;2021-02-04;524;157;10349;589;4.6;0.3
43;2021-02-05;544;169;10893;758;4.8;0.3
43;2021-02-06;165;16;11058;774;4.9;0.3
43;2021-02-07;0;0;11058;774;4.9;0.3
43;2021-02-08;411;285;11469;1059;5.1;0.5
43;2021-02-09;369;416;11838;1475;5.2;0.7
43;2021-02-10;400;348;12238;1823;5.4;0.8
43;2021-02-11;388;374;12626;2197;5.6;1.0
43;2021-02-12;425;189;13051;2386;5.8;1.1
43;2021-02-13;570;41;13621;2427;6.0;1.1
43;2021-02-14;0;0;13621;2427;6.0;1.1
43;2021-02-15;68;405;13689;2832;6.0;1.2
43;2021-02-16;41;328;13730;3160;6.1;1.4
43;2021-02-17;87;451;13817;3611;6.1;1.6
43;2021-02-18;147;340;13964;3951;6.2;1.7
43;2021-02-19;278;478;14242;4429;6.3;2.0
43;2021-02-20;22;4;14264;4433;6.3;2.0
43;2021-02-21;0;0;14264;4433;6.3;2.0
43;2021-02-22;16;452;14280;4885;6.3;2.2
43;2021-02-23;202;751;14482;5636;6.4;2.5
43;2021-02-24;147;703;14629;6339;6.4;2.8
43;2021-02-25;227;650;14856;6989;6.5;3.1
43;2021-02-26;222;606;15078;7595;6.6;3.3
43;2021-02-27;138;70;15216;7665;6.7;3.4
43;2021-02-28;1;0;15217;7665;6.7;3.4
43;2021-03-01;210;458;15427;8123;6.8;3.6
43;2021-03-02;342;557;15769;8680;6.9;3.8
43;2021-03-03;338;562;16107;9242;7.1;4.1
43;2021-03-04;551;446;16658;9688;7.3;4.3
43;2021-03-05;566;443;17224;10131;7.6;4.5
43;2021-03-06;489;176;17713;10307;7.8;4.5
43;2021-03-07;12;0;17725;10307;7.8;4.5
43;2021-03-08;446;427;18171;10734;8.0;4.7
43;2021-03-09;621;356;18792;11090;8.3;4.9
43;2021-03-10;674;497;19466;11587;8.6;5.1
43;2021-03-11;953;440;20419;12027;9.0;5.3
43;2021-03-12;945;426;21364;12453;9.4;5.5
43;2021-03-13;792;117;22156;12570;9.8;5.5
43;2021-03-14;2;0;22158;12570;9.8;5.5
43;2021-03-15;706;142;22864;12712;10.1;5.6
43;2021-03-16;848;286;23712;12998;10.5;5.7
43;2021-03-17;638;137;24350;13135;10.7;5.8
43;2021-03-18;676;138;25026;13273;11.0;5.8
43;2021-03-19;839;108;25865;13381;11.4;5.9
43;2021-03-20;450;60;26315;13441;11.6;5.9
43;2021-03-21;0;0;26315;13441;11.6;5.9
43;2021-03-22;744;39;27059;13480;11.9;5.9
43;2021-03-23;872;49;27931;13529;12.3;6.0
43;2021-03-24;1174;95;29105;13624;12.8;6.0
43;2021-03-25;1594;155;30699;13779;13.5;6.1
43;2021-03-26;1609;191;32308;13970;14.2;6.2
43;2021-03-27;1449;78;33757;14048;14.9;6.2
43;2021-03-28;420;20;34177;14068;15.1;6.2
43;2021-03-29;1096;171;35273;14239;15.5;6.3
43;2021-03-30;1313;240;36586;14479;16.1;6.4
43;2021-03-31;1305;264;37891;14743;16.7;6.5
43;2021-04-01;1347;341;39238;15084;17.3;6.6
43;2021-04-02;1052;354;40290;15438;17.8;6.8
43;2021-04-03;340;198;40630;15636;17.9;6.9
43;2021-04-04;0;0;40630;15636;17.9;6.9
43;2021-04-05;3;0;40633;15636;17.9;6.9
43;2021-04-06;688;607;41321;16243;18.2;7.2
43;2021-04-07;868;572;42189;16815;18.6;7.4
43;2021-04-08;1087;463;43276;17278;19.1;7.6
43;2021-04-09;1148;662;44424;17940;19.6;7.9
43;2021-04-10;626;264;45050;18204;19.9;8.0
43;2021-04-11;0;0;45050;18204;19.9;8.0
43;2021-04-12;682;651;45732;18855;20.2;8.3
43;2021-04-13;917;725;46649;19580;20.6;8.6
43;2021-04-14;725;667;47374;20247;20.9;8.9
43;2021-04-15;959;700;48333;20947;21.3;9.2
43;2021-04-16;1009;694;49342;21641;21.7;9.5
43;2021-04-17;423;302;49765;21943;21.9;9.7
43;2021-04-18;3;5;49768;21948;21.9;9.7
43;2021-04-19;629;568;50397;22516;22.2;9.9
43;2021-04-20;840;676;51237;23192;22.6;10.2
43;2021-04-21;320;987;51557;24179;22.7;10.7
43;2021-04-22;680;1016;52237;25195;23.0;11.1
43;2021-04-23;401;1102;52638;26297;23.2;11.6
43;2021-04-24;347;1039;52985;27336;23.4;12.0
43;2021-04-25;23;403;53008;27739;23.4;12.2
43;2021-04-26;385;964;53393;28703;23.5;12.7
43;2021-04-27;825;984;54218;29687;23.9;13.1
43;2021-04-28;794;1108;55012;30795;24.2;13.6
43;2021-04-29;1238;1139;56250;31934;24.8;14.1
43;2021-04-30;1199;1068;57449;33002;25.3;14.5
43;2021-05-01;400;27;57849;33029;25.5;14.6
43;2021-05-02;1;0;57850;33029;25.5;14.6
43;2021-05-03;1218;408;59068;33437;26.0;14.7
43;2021-05-04;1237;954;60305;34391;26.6;15.2
43;2021-05-05;1143;848;61448;35239;27.1;15.5
43;2021-05-06;1405;939;62853;36178;27.7;15.9
43;2021-05-07;1089;1172;63942;37350;28.2;16.5
43;2021-05-08;521;136;64463;37486;28.4;16.5
43;2021-05-09;0;2;64463;37488;28.4;16.5
43;2021-05-10;1084;724;65547;38212;28.9;16.8
43;2021-05-11;1554;1010;67101;39222;29.6;17.3
43;2021-05-12;1482;808;68583;40030;30.2;17.6
43;2021-05-13;936;378;69519;40408;30.6;17.8
43;2021-05-14;2204;1110;71723;41518;31.6;18.3
43;2021-05-15;1271;315;72994;41833;32.2;18.4
43;2021-05-16;272;47;73266;41880;32.3;18.5
43;2021-05-17;1625;631;74891;42511;33.0;18.7
43;2021-05-18;1966;676;76857;43187;33.9;19.0
43;2021-05-19;2065;572;78922;43759;34.8;19.3
43;2021-05-20;2338;805;81260;44564;35.8;19.6
43;2021-05-21;2385;709;83645;45273;36.9;20.0
43;2021-05-22;1209;341;84854;45614;37.4;20.1
43;2021-05-23;1;0;84855;45614;37.4;20.1
43;2021-05-24;382;99;85237;45713;37.6;20.1
43;2021-05-25;1408;653;86645;46366;38.2;20.4
43;2021-05-26;1349;560;87994;46926;38.8;20.7
43;2021-05-27;1390;714;89384;47640;39.4;21.0
43;2021-05-28;1348;729;90732;48369;40.0;21.3
43;2021-05-29;1135;604;91867;48973;40.5;21.6
43;2021-05-30;149;17;92016;48990;40.6;21.6
43;2021-05-31;1208;442;93224;49432;41.1;21.8
43;2021-06-01;1280;985;94504;50417;41.6;22.2
43;2021-06-02;1086;700;95590;51117;42.1;22.5
43;2021-06-03;1193;858;96783;51975;42.7;22.9
43;2021-06-04;1351;859;98134;52834;43.2;23.3
43;2021-06-05;824;452;98958;53286;43.6;23.5
43;2021-06-06;10;5;98968;53291;43.6;23.5
43;2021-06-07;748;516;99716;53807;43.9;23.7
43;2021-06-08;664;705;100380;54512;44.2;24.0
43;2021-06-09;539;761;100919;55273;44.5;24.4
43;2021-06-10;808;1120;101727;56393;44.8;24.9
43;2021-06-11;761;1348;102488;57741;45.2;25.4
43;2021-06-12;914;514;103402;58255;45.6;25.7
43;2021-06-13;3;27;103405;58282;45.6;25.7
43;2021-06-14;446;1088;103851;59370;45.8;26.2
43;2021-06-15;630;1195;104481;60565;46.0;26.7
43;2021-06-16;549;974;105030;61539;46.3;27.1
43;2021-06-17;602;1501;105632;63040;46.6;27.8
43;2021-06-18;899;1464;106531;64504;47.0;28.4
43;2021-06-19;447;782;106978;65286;47.1;28.8
43;2021-06-20;0;12;106978;65298;47.1;28.8
43;2021-06-21;424;1306;107402;66604;47.3;29.4
43;2021-06-22;533;1959;107935;68563;47.6;30.2
43;2021-06-23;343;1743;108278;70306;47.7;31.0
43;2021-06-24;512;1494;108790;71800;47.9;31.6
43;2021-06-25;597;2345;109387;74145;48.2;32.7
43;2021-06-26;505;1245;109892;75390;48.4;33.2
43;2021-06-27;10;20;109902;75410;48.4;33.2
43;2021-06-28;341;1785;110243;77195;48.6;34.0
43;2021-06-29;525;2381;110768;79576;48.8;35.1
43;2021-06-30;460;2276;111228;81852;49.0;36.1
43;2021-07-01;473;1910;111701;83762;49.2;36.9
43;2021-07-02;500;1964;112201;85726;49.4;37.8
43;2021-07-03;258;1108;112459;86834;49.6;38.3
43;2021-07-04;1;0;112460;86834;49.6;38.3
43;2021-07-05;526;1202;112986;88036;49.8;38.8
43;2021-07-06;633;1680;113619;89716;50.1;39.5
43;2021-07-07;525;1423;114144;91139;50.3;40.2
43;2021-07-08;837;1418;114981;92557;50.7;40.8
43;2021-07-09;550;1500;115531;94057;50.9;41.5
43;2021-07-10;401;1337;115932;95394;51.1;42.0
43;2021-07-11;23;99;115955;95493;51.1;42.1
43;2021-07-12;603;1685;116558;97178;51.4;42.8
43;2021-07-13;1186;1849;117744;99027;51.9;43.6
43;2021-07-14;848;159;118592;99186;52.3;43.7
43;2021-07-15;1932;1840;120524;101026;53.1;44.5
43;2021-07-16;1752;1616;122276;102642;53.9;45.2
43;2021-07-17;1545;1201;123821;103843;54.6;45.8
43;2021-07-18;4;19;123825;103862;54.6;45.8
43;2021-07-19;1441;1257;125266;105119;55.2;46.3
43;2021-07-20;1897;1451;127163;106570;56.0;47.0
43;2021-07-21;1852;1111;129015;107681;56.9;47.5
43;2021-07-22;2110;1334;131125;109015;57.8;48.0
43;2021-07-23;1619;1325;132744;110340;58.5;48.6
43;2021-07-24;577;1000;133321;111340;58.8;49.1
43;2021-07-25;0;1;133321;111341;58.8;49.1
43;2021-07-26;1642;1072;134963;112413;59.5;49.5
43;2021-07-27;2283;1225;137246;113638;60.5;50.1
43;2021-07-28;1953;1093;139199;114731;61.3;50.6
43;2021-07-29;1987;1015;141186;115746;62.2;51.0
43;2021-07-30;1870;1336;143056;117082;63.0;51.6
43;2021-07-31;706;609;143762;117691;63.4;51.9
43;2021-08-01;13;21;143775;117712;63.4;51.9
43;2021-08-02;1540;969;145315;118681;64.0;52.3
43;2021-08-03;1405;1167;146720;119848;64.7;52.8
43;2021-08-04;1261;1108;147981;120956;65.2;53.3
43;2021-08-05;1255;1282;149236;122238;65.8;53.9
43;2021-08-06;1129;1466;150365;123704;66.3;54.5
43;2021-08-07;759;756;151124;124460;66.6;54.9
43;2021-08-08;5;0;151129;124460;66.6;54.9
43;2021-08-09;820;1636;151949;126096;67.0;55.6
43;2021-08-10;1024;1584;152973;127680;67.4;56.3
43;2021-08-11;681;1344;153654;129024;67.7;56.9
43;2021-08-12;875;1605;154529;130629;68.1;57.6
43;2021-08-13;676;1179;155205;131808;68.4;58.1
43;2021-08-14;351;552;155556;132360;68.6;58.3
43;2021-08-15;3;9;155559;132369;68.6;58.3
43;2021-08-16;684;1675;156243;134044;68.9;59.1
43;2021-08-17;711;1510;156954;135554;69.2;59.7
43;2021-08-18;560;1512;157514;137066;69.4;60.4
43;2021-08-19;642;1610;158156;138676;69.7;61.1
43;2021-08-20;517;1595;158673;140271;69.9;61.8
43;2021-08-21;238;556;158911;140827;70.0;62.1
43;2021-08-22;7;7;158918;140834;70.0;62.1
43;2021-08-23;499;1587;159417;142421;70.3;62.8
43;2021-08-24;513;1395;159930;143816;70.5;63.4
43;2021-08-25;511;1298;160441;145114;70.7;64.0
43;2021-08-26;473;1138;160914;146252;70.9;64.5
43;2021-08-27;528;1358;161442;147610;71.2;65.1
43;2021-08-28;176;499;161618;148109;71.2;65.3
43;2021-08-29;0;1;161618;148110;71.2;65.3
43;2021-08-30;484;1060;162102;149170;71.4;65.7
43;2021-08-31;381;888;162483;150058;71.6;66.1
43;2021-09-01;306;960;162789;151018;71.7;66.6
43;2021-09-02;308;965;163097;151983;71.9;67.0
43;2021-09-03;502;1017;163599;153000;72.1;67.4
43;2021-09-04;317;569;163916;153569;72.2;67.7
43;2021-09-05;39;23;163955;153592;72.3;67.7
43;2021-09-06;247;760;164202;154352;72.4;68.0
43;2021-09-07;234;710;164436;155062;72.5;68.3
43;2021-09-08;209;806;164645;155868;72.6;68.7
43;2021-09-09;265;805;164910;156673;72.7;69.0
44;2020-12-27;1;0;1;0;0.0;0.0
44;2020-12-28;1;0;2;0;0.0;0.0
44;2020-12-29;1;0;3;0;0.0;0.0
44;2020-12-30;1;0;4;0;0.0;0.0
44;2020-12-31;1;0;5;0;0.0;0.0
44;2021-01-01;2;0;7;0;0.0;0.0
44;2021-01-02;0;0;7;0;0.0;0.0
44;2021-01-03;3;0;10;0;0.0;0.0
44;2021-01-04;0;0;10;0;0.0;0.0
44;2021-01-05;1;0;11;0;0.0;0.0
44;2021-01-06;20;1;31;1;0.0;0.0
44;2021-01-07;187;0;218;1;0.0;0.0
44;2021-01-08;528;0;746;1;0.1;0.0
44;2021-01-09;473;0;1219;1;0.1;0.0
44;2021-01-10;455;1;1674;2;0.1;0.0
44;2021-01-11;801;1;2475;3;0.2;0.0
44;2021-01-12;906;1;3381;4;0.2;0.0
44;2021-01-13;1086;1;4467;5;0.3;0.0
44;2021-01-14;1115;6;5582;11;0.4;0.0
44;2021-01-15;988;1;6570;12;0.5;0.0
44;2021-01-16;336;2;6906;14;0.5;0.0
44;2021-01-17;328;1;7234;15;0.5;0.0
44;2021-01-18;856;3;8090;18;0.6;0.0
44;2021-01-19;2622;5;10712;23;0.7;0.0
44;2021-01-20;2741;3;13453;26;0.9;0.0
44;2021-01-21;4534;8;17987;34;1.3;0.0
44;2021-01-22;2416;7;20403;41;1.4;0.0
44;2021-01-23;767;1;21170;42;1.5;0.0
44;2021-01-24;119;0;21289;42;1.5;0.0
44;2021-01-25;833;0;22122;42;1.5;0.0
44;2021-01-26;2563;16;24685;58;1.7;0.0
44;2021-01-27;2097;56;26782;114;1.9;0.0
44;2021-01-28;3733;189;30515;303;2.1;0.0
44;2021-01-29;2370;455;32885;758;2.3;0.1
44;2021-01-30;627;197;33512;955;2.3;0.1
44;2021-01-31;14;181;33526;1136;2.3;0.1
44;2021-02-01;593;513;34119;1649;2.4;0.1
44;2021-02-02;879;711;34998;2360;2.4;0.2
44;2021-02-03;890;833;35888;3193;2.5;0.2
44;2021-02-04;938;678;36826;3871;2.6;0.3
44;2021-02-05;896;588;37722;4459;2.6;0.3
44;2021-02-06;471;240;38193;4699;2.7;0.3
44;2021-02-07;72;181;38265;4880;2.7;0.3
44;2021-02-08;521;404;38786;5284;2.7;0.4
44;2021-02-09;993;1189;39779;6473;2.8;0.5
44;2021-02-10;1141;1242;40920;7715;2.8;0.5
44;2021-02-11;2289;2996;43209;10711;3.0;0.7
44;2021-02-12;1663;1682;44872;12393;3.1;0.9
44;2021-02-13;433;439;45305;12832;3.2;0.9
44;2021-02-14;10;161;45315;12993;3.2;0.9
44;2021-02-15;505;922;45820;13915;3.2;1.0
44;2021-02-16;1440;2335;47260;16250;3.3;1.1
44;2021-02-17;1105;1942;48365;18192;3.4;1.3
44;2021-02-18;1959;3508;50324;21700;3.5;1.5
44;2021-02-19;1579;2388;51903;24088;3.6;1.7
44;2021-02-20;409;533;52312;24621;3.6;1.7
44;2021-02-21;6;174;52318;24795;3.6;1.7
44;2021-02-22;717;724;53035;25519;3.7;1.8
44;2021-02-23;1246;950;54281;26469;3.8;1.8
44;2021-02-24;1238;953;55519;27422;3.9;1.9
44;2021-02-25;2445;899;57964;28321;4.0;2.0
44;2021-02-26;2292;827;60256;29148;4.2;2.0
44;2021-02-27;976;375;61232;29523;4.3;2.1
44;2021-02-28;7;32;61239;29555;4.3;2.1
44;2021-03-01;989;494;62228;30049;4.3;2.1
44;2021-03-02;1807;936;64035;30985;4.5;2.2
44;2021-03-03;1861;1037;65896;32022;4.6;2.2
44;2021-03-04;2881;1483;68777;33505;4.8;2.3
44;2021-03-05;3482;1269;72259;34774;5.0;2.4
44;2021-03-06;2508;447;74767;35221;5.2;2.5
44;2021-03-07;988;87;75755;35308;5.3;2.5
44;2021-03-08;1785;576;77540;35884;5.4;2.5
44;2021-03-09;3351;1095;80891;36979;5.6;2.6
44;2021-03-10;3079;1087;83970;38066;5.8;2.6
44;2021-03-11;4439;1763;88409;39829;6.2;2.8
44;2021-03-12;5893;1307;94302;41136;6.6;2.9
44;2021-03-13;3632;293;97934;41429;6.8;2.9
44;2021-03-14;431;62;98365;41491;6.8;2.9
44;2021-03-15;2688;367;101053;41858;7.0;2.9
44;2021-03-16;2149;624;103202;42482;7.2;3.0
44;2021-03-17;1966;665;105168;43147;7.3;3.0
44;2021-03-18;2169;640;107337;43787;7.5;3.0
44;2021-03-19;3787;365;111124;44152;7.7;3.1
44;2021-03-20;3212;297;114336;44449;8.0;3.1
44;2021-03-21;914;19;115250;44468;8.0;3.1
44;2021-03-22;2462;440;117712;44908;8.2;3.1
44;2021-03-23;3960;703;121672;45611;8.5;3.2
44;2021-03-24;4303;628;125975;46239;8.8;3.2
44;2021-03-25;5625;927;131600;47166;9.2;3.3
44;2021-03-26;6508;755;138108;47921;9.6;3.3
44;2021-03-27;3216;405;141324;48326;9.8;3.4
44;2021-03-28;1244;27;142568;48353;9.9;3.4
44;2021-03-29;3122;786;145690;49139;10.1;3.4
44;2021-03-30;5138;1107;150828;50246;10.5;3.5
44;2021-03-31;4613;1302;155441;51548;10.8;3.6
44;2021-04-01;6139;1006;161580;52554;11.2;3.7
44;2021-04-02;5796;951;167376;53505;11.6;3.7
44;2021-04-03;2435;649;169811;54154;11.8;3.8
44;2021-04-04;665;21;170476;54175;11.9;3.8
44;2021-04-05;692;287;171168;54462;11.9;3.8
44;2021-04-06;4213;1374;175381;55836;12.2;3.9
44;2021-04-07;5077;1651;180458;57487;12.6;4.0
44;2021-04-08;7180;1664;187638;59151;13.1;4.1
44;2021-04-09;10066;1817;197704;60968;13.8;4.2
44;2021-04-10;4563;1455;202267;62423;14.1;4.3
44;2021-04-11;2149;423;204416;62846;14.2;4.4
44;2021-04-12;5466;1587;209882;64433;14.6;4.5
44;2021-04-13;6729;2258;216611;66691;15.1;4.6
44;2021-04-14;5911;2234;222522;68925;15.5;4.8
44;2021-04-15;6702;2205;229224;71130;16.0;4.9
44;2021-04-16;7784;2046;237008;73176;16.5;5.1
44;2021-04-17;4301;1382;241309;74558;16.8;5.2
44;2021-04-18;2254;820;243563;75378;16.9;5.2
44;2021-04-19;5046;1905;248609;77283;17.3;5.4
44;2021-04-20;6282;2645;254891;79928;17.7;5.6
44;2021-04-21;6007;2786;260898;82714;18.2;5.8
44;2021-04-22;6961;2509;267859;85223;18.6;5.9
44;2021-04-23;7336;3179;275195;88402;19.1;6.2
44;2021-04-24;3971;2047;279166;90449;19.4;6.3
44;2021-04-25;2076;1056;281242;91505;19.6;6.4
44;2021-04-26;5653;2753;286895;94258;20.0;6.6
44;2021-04-27;7420;4083;294315;98341;20.5;6.8
44;2021-04-28;7608;3780;301923;102121;21.0;7.1
44;2021-04-29;8966;4274;310889;106395;21.6;7.4
44;2021-04-30;9568;4692;320457;111087;22.3;7.7
44;2021-05-01;2849;923;323306;112010;22.5;7.8
44;2021-05-02;1901;619;325207;112629;22.6;7.8
44;2021-05-03;5548;4072;330755;116701;23.0;8.1
44;2021-05-04;6330;5122;337085;121823;23.5;8.5
44;2021-05-05;6073;4610;343158;126433;23.9;8.8
44;2021-05-06;7256;4876;350414;131309;24.4;9.1
44;2021-05-07;7452;5698;357866;137007;24.9;9.5
44;2021-05-08;2583;1265;360449;138272;25.1;9.6
44;2021-05-09;1801;1813;362250;140085;25.2;9.7
44;2021-05-10;6574;5767;368824;145852;25.7;10.1
44;2021-05-11;7788;6263;376612;152115;26.2;10.6
44;2021-05-12;8196;5716;384808;157831;26.8;11.0
44;2021-05-13;5305;1191;390113;159022;27.1;11.1
44;2021-05-14;7587;3973;397700;162995;27.7;11.3
44;2021-05-15;5008;2233;402708;165228;28.0;11.5
44;2021-05-16;2795;741;405503;165969;28.2;11.5
44;2021-05-17;6744;5146;412247;171115;28.7;11.9
44;2021-05-18;7966;5222;420213;176337;29.2;12.3
44;2021-05-19;8168;4280;428381;180617;29.8;12.6
44;2021-05-20;8367;4647;436748;185264;30.4;12.9
44;2021-05-21;8840;5200;445588;190464;31.0;13.3
44;2021-05-22;5099;2231;450687;192695;31.4;13.4
44;2021-05-23;1759;824;452446;193519;31.5;13.5
44;2021-05-24;4887;1616;457333;195135;31.8;13.6
44;2021-05-25;7741;5550;465074;200685;32.4;14.0
44;2021-05-26;8182;5044;473256;205729;32.9;14.3
44;2021-05-27;9660;5349;482916;211078;33.6;14.7
44;2021-05-28;9187;6901;492103;217979;34.2;15.2
44;2021-05-29;5886;3319;497989;221298;34.7;15.4
44;2021-05-30;1775;705;499764;222003;34.8;15.4
44;2021-05-31;8063;6180;507827;228183;35.3;15.9
44;2021-06-01;9908;6551;517735;234734;36.0;16.3
44;2021-06-02;9527;5686;527262;240420;36.7;16.7
44;2021-06-03;10864;5879;538126;246299;37.4;17.1
44;2021-06-04;9961;8070;548087;254369;38.1;17.7
44;2021-06-05;5781;4336;553868;258705;38.5;18.0
44;2021-06-06;2363;1130;556231;259835;38.7;18.1
44;2021-06-07;9554;6931;565785;266766;39.4;18.6
44;2021-06-08;10913;7505;576698;274271;40.1;19.1
44;2021-06-09;10558;6315;587256;280586;40.9;19.5
44;2021-06-10;11428;6040;598684;286626;41.7;19.9
44;2021-06-11;11959;8637;610643;295263;42.5;20.5
44;2021-06-12;7767;4092;618410;299355;43.0;20.8
44;2021-06-13;2793;1006;621203;300361;43.2;20.9
44;2021-06-14;8768;8411;629971;308772;43.8;21.5
44;2021-06-15;11709;8259;641680;317031;44.6;22.1
44;2021-06-16;10978;7656;652658;324687;45.4;22.6
44;2021-06-17;11732;8686;664390;333373;46.2;23.2
44;2021-06-18;10902;10115;675292;343488;47.0;23.9
44;2021-06-19;5884;4323;681176;347811;47.4;24.2
44;2021-06-20;2535;1340;683711;349151;47.6;24.3
44;2021-06-21;7353;10016;691064;359167;48.1;25.0
44;2021-06-22;8469;10628;699533;369795;48.7;25.7
44;2021-06-23;8556;9141;708089;378936;49.3;26.4
44;2021-06-24;9125;8568;717214;387504;49.9;27.0
44;2021-06-25;7648;10820;724862;398324;50.4;27.7
44;2021-06-26;2959;6471;727821;404795;50.6;28.2
44;2021-06-27;817;2406;728638;407201;50.7;28.3
44;2021-06-28;5229;10058;733867;417259;51.1;29.0
44;2021-06-29;6181;12084;740048;429343;51.5;29.9
44;2021-06-30;6184;10448;746232;439791;51.9;30.6
44;2021-07-01;6934;10481;753166;450272;52.4;31.3
44;2021-07-02;6696;12555;759862;462827;52.9;32.2
44;2021-07-03;2583;7001;762445;469828;53.1;32.7
44;2021-07-04;995;2236;763440;472064;53.1;32.8
44;2021-07-05;5322;11871;768762;483935;53.5;33.7
44;2021-07-06;6062;12600;774824;496535;53.9;34.6
44;2021-07-07;6509;11098;781333;507633;54.4;35.3
44;2021-07-08;7397;11958;788730;519591;54.9;36.2
44;2021-07-09;6263;14254;794993;533845;55.3;37.1
44;2021-07-10;2447;7008;797440;540853;55.5;37.6
44;2021-07-11;731;2262;798171;543115;55.5;37.8
44;2021-07-12;4400;14055;802571;557170;55.8;38.8
44;2021-07-13;5773;14850;808344;572020;56.2;39.8
44;2021-07-14;3690;5810;812034;577830;56.5;40.2
44;2021-07-15;7233;14290;819267;592120;57.0;41.2
44;2021-07-16;8236;14993;827503;607113;57.6;42.2
44;2021-07-17;3372;7576;830875;614689;57.8;42.8
44;2021-07-18;1434;2548;832309;617237;57.9;42.9
44;2021-07-19;4867;14696;837176;631933;58.3;44.0
44;2021-07-20;6038;15674;843214;647607;58.7;45.1
44;2021-07-21;5847;13987;849061;661594;59.1;46.0
44;2021-07-22;6725;13746;855786;675340;59.5;47.0
44;2021-07-23;6161;15629;861947;690969;60.0;48.1
44;2021-07-24;2848;8717;864795;699686;60.2;48.7
44;2021-07-25;945;3089;865740;702775;60.2;48.9
44;2021-07-26;6080;12685;871820;715460;60.7;49.8
44;2021-07-27;9710;12185;881530;727645;61.3;50.6
44;2021-07-28;9250;10844;890780;738489;62.0;51.4
44;2021-07-29;10281;10838;901061;749327;62.7;52.1
44;2021-07-30;9169;10928;910230;760255;63.3;52.9
44;2021-07-31;4783;5646;915013;765901;63.7;53.3
44;2021-08-01;2572;1409;917585;767310;63.8;53.4
44;2021-08-02;6595;9478;924180;776788;64.3;54.1
44;2021-08-03;8440;8538;932620;785326;64.9;54.6
44;2021-08-04;9107;6984;941727;792310;65.5;55.1
44;2021-08-05;11545;7521;953272;799831;66.3;55.7
44;2021-08-06;9664;8199;962936;808030;67.0;56.2
44;2021-08-07;4573;3703;967509;811733;67.3;56.5
44;2021-08-08;2538;1728;970047;813461;67.5;56.6
44;2021-08-09;8882;7974;978929;821435;68.1;57.2
44;2021-08-10;10244;7617;989173;829052;68.8;57.7
44;2021-08-11;10382;6784;999555;835836;69.6;58.2
44;2021-08-12;10348;7343;1009903;843179;70.3;58.7
44;2021-08-13;8399;6157;1018302;849336;70.9;59.1
44;2021-08-14;3220;3223;1021522;852559;71.1;59.3
44;2021-08-15;714;930;1022236;853489;71.1;59.4
44;2021-08-16;5843;8303;1028079;861792;71.5;60.0
44;2021-08-17;5595;8178;1033674;869970;71.9;60.5
44;2021-08-18;4815;7614;1038489;877584;72.3;61.1
44;2021-08-19;4952;8347;1043441;885931;72.6;61.6
44;2021-08-20;4476;8924;1047917;894855;72.9;62.3
44;2021-08-21;1943;4614;1049860;899469;73.1;62.6
44;2021-08-22;697;2440;1050557;901909;73.1;62.8
44;2021-08-23;3643;9427;1054200;911336;73.4;63.4
44;2021-08-24;3620;8700;1057820;920036;73.6;64.0
44;2021-08-25;3132;8584;1060952;928620;73.8;64.6
44;2021-08-26;2930;10339;1063882;938959;74.0;65.3
44;2021-08-27;3062;10455;1066944;949414;74.2;66.1
44;2021-08-28;1366;5853;1068310;955267;74.3;66.5
44;2021-08-29;561;2706;1068871;957973;74.4;66.7
44;2021-08-30;2653;10967;1071524;968940;74.6;67.4
44;2021-08-31;2805;11222;1074329;980162;74.8;68.2
44;2021-09-01;2666;9928;1076995;990090;74.9;68.9
44;2021-09-02;2249;8745;1079244;998835;75.1;69.5
44;2021-09-03;2118;10199;1081362;1009034;75.2;70.2
44;2021-09-04;1446;6020;1082808;1015054;75.3;70.6
44;2021-09-05;436;1435;1083244;1016489;75.4;70.7
44;2021-09-06;1616;6617;1084860;1023106;75.5;71.2
44;2021-09-07;1469;5774;1086329;1028880;75.6;71.6
44;2021-09-08;1877;6511;1088206;1035391;75.7;72.0
44;2021-09-09;1475;5128;1089681;1040519;75.8;72.4
45;2020-12-27;0;0;0;0;0.0;0.0
45;2020-12-28;1;0;1;0;0.0;0.0
45;2020-12-29;0;0;1;0;0.0;0.0
45;2020-12-30;0;0;1;0;0.0;0.0
45;2020-12-31;1;0;2;0;0.0;0.0
45;2021-01-01;0;0;2;0;0.0;0.0
45;2021-01-02;0;0;2;0;0.0;0.0
45;2021-01-03;0;0;2;0;0.0;0.0
45;2021-01-04;0;0;2;0;0.0;0.0
45;2021-01-05;76;0;78;0;0.0;0.0
45;2021-01-06;68;0;146;0;0.0;0.0
45;2021-01-07;207;0;353;0;0.1;0.0
45;2021-01-08;199;1;552;1;0.1;0.0
45;2021-01-09;42;0;594;1;0.1;0.0
45;2021-01-10;23;0;617;1;0.1;0.0
45;2021-01-11;254;0;871;1;0.1;0.0
45;2021-01-12;680;3;1551;4;0.2;0.0
45;2021-01-13;496;1;2047;5;0.3;0.0
45;2021-01-14;491;39;2538;44;0.4;0.0
45;2021-01-15;391;3;2929;47;0.4;0.0
45;2021-01-16;39;0;2968;47;0.4;0.0
45;2021-01-17;24;0;2992;47;0.4;0.0
45;2021-01-18;815;1;3807;48;0.6;0.0
45;2021-01-19;1197;5;5004;53;0.7;0.0
45;2021-01-20;2118;12;7122;65;1.0;0.0
45;2021-01-21;2523;6;9645;71;1.4;0.0
45;2021-01-22;1409;4;11054;75;1.6;0.0
45;2021-01-23;124;0;11178;75;1.6;0.0
45;2021-01-24;39;0;11217;75;1.6;0.0
45;2021-01-25;557;3;11774;78;1.7;0.0
45;2021-01-26;870;18;12644;96;1.9;0.0
45;2021-01-27;650;42;13294;138;1.9;0.0
45;2021-01-28;881;202;14175;340;2.1;0.0
45;2021-01-29;578;113;14753;453;2.2;0.1
45;2021-01-30;40;39;14793;492;2.2;0.1
45;2021-01-31;37;22;14830;514;2.2;0.1
45;2021-02-01;462;198;15292;712;2.2;0.1
45;2021-02-02;759;445;16051;1157;2.4;0.2
45;2021-02-03;773;456;16824;1613;2.5;0.2
45;2021-02-04;709;261;17533;1874;2.6;0.3
45;2021-02-05;418;149;17951;2023;2.6;0.3
45;2021-02-06;36;28;17987;2051;2.6;0.3
45;2021-02-07;7;29;17994;2080;2.6;0.3
45;2021-02-08;455;190;18449;2270;2.7;0.3
45;2021-02-09;1006;398;19455;2668;2.8;0.4
45;2021-02-10;1280;791;20735;3459;3.0;0.5
45;2021-02-11;1386;1512;22121;4971;3.2;0.7
45;2021-02-12;1052;1099;23173;6070;3.4;0.9
45;2021-02-13;85;153;23258;6223;3.4;0.9
45;2021-02-14;39;11;23297;6234;3.4;0.9
45;2021-02-15;523;491;23820;6725;3.5;1.0
45;2021-02-16;757;802;24577;7527;3.6;1.1
45;2021-02-17;642;868;25219;8395;3.7;1.2
45;2021-02-18;841;689;26060;9084;3.8;1.3
45;2021-02-19;827;684;26887;9768;3.9;1.4
45;2021-02-20;59;89;26946;9857;3.9;1.4
45;2021-02-21;17;38;26963;9895;3.9;1.4
45;2021-02-22;409;524;27372;10419;4.0;1.5
45;2021-02-23;816;625;28188;11044;4.1;1.6
45;2021-02-24;651;750;28839;11794;4.2;1.7
45;2021-02-25;962;642;29801;12436;4.4;1.8
45;2021-02-26;1044;568;30845;13004;4.5;1.9
45;2021-02-27;290;44;31135;13048;4.6;1.9
45;2021-02-28;28;5;31163;13053;4.6;1.9
45;2021-03-01;534;271;31697;13324;4.6;2.0
45;2021-03-02;671;616;32368;13940;4.7;2.0
45;2021-03-03;982;806;33350;14746;4.9;2.2
45;2021-03-04;1108;939;34458;15685;5.0;2.3
45;2021-03-05;1445;810;35903;16495;5.3;2.4
45;2021-03-06;2021;132;37924;16627;5.6;2.4
45;2021-03-07;143;54;38067;16681;5.6;2.4
45;2021-03-08;753;804;38820;17485;5.7;2.6
45;2021-03-09;1256;654;40076;18139;5.9;2.7
45;2021-03-10;1591;861;41667;19000;6.1;2.8
45;2021-03-11;1721;733;43388;19733;6.4;2.9
45;2021-03-12;2073;597;45461;20330;6.7;3.0
45;2021-03-13;988;46;46449;20376;6.8;3.0
45;2021-03-14;24;43;46473;20419;6.8;3.0
45;2021-03-15;810;584;47283;21003;6.9;3.1
45;2021-03-16;942;820;48225;21823;7.1;3.2
45;2021-03-17;1053;680;49278;22503;7.2;3.3
45;2021-03-18;998;581;50276;23084;7.4;3.4
45;2021-03-19;1619;427;51895;23511;7.6;3.4
45;2021-03-20;498;80;52393;23591;7.7;3.5
45;2021-03-21;20;35;52413;23626;7.7;3.5
45;2021-03-22;914;522;53327;24148;7.8;3.5
45;2021-03-23;1985;713;55312;24861;8.1;3.6
45;2021-03-24;1897;548;57209;25409;8.4;3.7
45;2021-03-25;2983;453;60192;25862;8.8;3.8
45;2021-03-26;3390;486;63582;26348;9.3;3.9
45;2021-03-27;1796;126;65378;26474;9.6;3.9
45;2021-03-28;89;40;65467;26514;9.6;3.9
45;2021-03-29;1531;538;66998;27052;9.8;4.0
45;2021-03-30;2785;778;69783;27830;10.2;4.1
45;2021-03-31;2134;579;71917;28409;10.5;4.2
45;2021-04-01;2973;564;74890;28973;11.0;4.2
45;2021-04-02;2827;511;77717;29484;11.4;4.3
45;2021-04-03;810;72;78527;29556;11.5;4.3
45;2021-04-04;113;33;78640;29589;11.5;4.3
45;2021-04-05;14;2;78654;29591;11.5;4.3
45;2021-04-06;1736;791;80390;30382;11.8;4.4
45;2021-04-07;1775;1113;82165;31495;12.0;4.6
45;2021-04-08;2772;1021;84937;32516;12.4;4.8
45;2021-04-09;3675;646;88612;33162;13.0;4.9
45;2021-04-10;2323;115;90935;33277;13.3;4.9
45;2021-04-11;153;24;91088;33301;13.3;4.9
45;2021-04-12;2608;668;93696;33969;13.7;5.0
45;2021-04-13;3849;1093;97545;35062;14.3;5.1
45;2021-04-14;2930;1222;100475;36284;14.7;5.3
45;2021-04-15;3519;1035;103994;37319;15.2;5.5
45;2021-04-16;3775;686;107769;38005;15.8;5.6
45;2021-04-17;1614;112;109383;38117;16.0;5.6
45;2021-04-18;200;42;109583;38159;16.0;5.6
45;2021-04-19;1938;946;111521;39105;16.3;5.7
45;2021-04-20;3075;1695;114596;40800;16.8;6.0
45;2021-04-21;2723;1304;117319;42104;17.2;6.2
45;2021-04-22;3422;1843;120741;43947;17.7;6.4
45;2021-04-23;3279;1785;124020;45732;18.2;6.7
45;2021-04-24;2023;869;126043;46601;18.5;6.8
45;2021-04-25;291;86;126334;46687;18.5;6.8
45;2021-04-26;2230;1162;128564;47849;18.8;7.0
45;2021-04-27;3353;2352;131917;50201;19.3;7.4
45;2021-04-28;2803;1941;134720;52142;19.7;7.6
45;2021-04-29;3854;2330;138574;54472;20.3;8.0
45;2021-04-30;4391;1801;142965;56273;20.9;8.2
45;2021-05-01;451;61;143416;56334;21.0;8.2
45;2021-05-02;627;122;144043;56456;21.1;8.3
45;2021-05-03;2821;991;146864;57447;21.5;8.4
45;2021-05-04;3160;2349;150024;59796;22.0;8.8
45;2021-05-05;2716;2162;152740;61958;22.4;9.1
45;2021-05-06;3329;2540;156069;64498;22.9;9.4
45;2021-05-07;2873;3185;158942;67683;23.3;9.9
45;2021-05-08;612;249;159554;67932;23.4;9.9
45;2021-05-09;1498;128;161052;68060;23.6;10.0
45;2021-05-10;4142;2974;165194;71034;24.2;10.4
45;2021-05-11;5030;2967;170224;74001;24.9;10.8
45;2021-05-12;6078;2775;176302;76776;25.8;11.2
45;2021-05-13;2450;598;178752;77374;26.2;11.3
45;2021-05-14;4968;1630;183720;79004;26.9;11.6
45;2021-05-15;4066;617;187786;79621;27.5;11.7
45;2021-05-16;289;33;188075;79654;27.5;11.7
45;2021-05-17;3360;1534;191435;81188;28.0;11.9
45;2021-05-18;5117;1680;196552;82868;28.8;12.1
45;2021-05-19;4495;2063;201047;84931;29.4;12.4
45;2021-05-20;5268;2139;206315;87070;30.2;12.8
45;2021-05-21;5143;2225;211458;89295;31.0;13.1
45;2021-05-22;3042;632;214500;89927;31.4;13.2
45;2021-05-23;15;94;214515;90021;31.4;13.2
45;2021-05-24;2827;214;217342;90235;31.8;13.2
45;2021-05-25;4962;3029;222304;93264;32.6;13.7
45;2021-05-26;5112;2337;227416;95601;33.3;14.0
45;2021-05-27;5310;3236;232726;98837;34.1;14.5
45;2021-05-28;5664;3594;238390;102431;34.9;15.0
45;2021-05-29;3671;1289;242061;103720;35.4;15.2
45;2021-05-30;33;182;242094;103902;35.5;15.2
45;2021-05-31;4330;2516;246424;106418;36.1;15.6
45;2021-06-01;6091;3001;252515;109419;37.0;16.0
45;2021-06-02;4945;3107;257460;112526;37.7;16.5
45;2021-06-03;5621;3202;263081;115728;38.5;16.9
45;2021-06-04;5896;3184;268977;118912;39.4;17.4
45;2021-06-05;2034;1335;271011;120247;39.7;17.6
45;2021-06-06;88;198;271099;120445;39.7;17.6
45;2021-06-07;4080;2722;275179;123167;40.3;18.0
45;2021-06-08;4643;4074;279822;127241;41.0;18.6
45;2021-06-09;4358;3342;284180;130583;41.6;19.1
45;2021-06-10;4649;2686;288829;133269;42.3;19.5
45;2021-06-11;4120;3668;292949;136937;42.9;20.1
45;2021-06-12;2440;1506;295389;138443;43.3;20.3
45;2021-06-13;21;424;295410;138867;43.3;20.3
45;2021-06-14;3140;4155;298550;143022;43.7;20.9
45;2021-06-15;3389;4324;301939;147346;44.2;21.6
45;2021-06-16;3904;3453;305843;150799;44.8;22.1
45;2021-06-17;3525;3537;309368;154336;45.3;22.6
45;2021-06-18;3800;5030;313168;159366;45.9;23.3
45;2021-06-19;2395;1761;315563;161127;46.2;23.6
45;2021-06-20;48;142;315611;161269;46.2;23.6
45;2021-06-21;2163;5850;317774;167119;46.5;24.5
45;2021-06-22;2419;6530;320193;173649;46.9;25.4
45;2021-06-23;2283;5600;322476;179249;47.2;26.2
45;2021-06-24;2136;3532;324612;182781;47.5;26.8
45;2021-06-25;2444;6447;327056;189228;47.9;27.7
45;2021-06-26;1947;3092;329003;192320;48.2;28.2
45;2021-06-27;53;138;329056;192458;48.2;28.2
45;2021-06-28;2076;4834;331132;197292;48.5;28.9
45;2021-06-29;2847;6816;333979;204108;48.9;29.9
45;2021-06-30;2887;5852;336866;209960;49.3;30.7
45;2021-07-01;2401;5039;339267;214999;49.7;31.5
45;2021-07-02;2370;6284;341637;221283;50.0;32.4
45;2021-07-03;755;2542;342392;223825;50.1;32.8
45;2021-07-04;6;12;342398;223837;50.1;32.8
45;2021-07-05;2139;4989;344537;228826;50.5;33.5
45;2021-07-06;2805;6780;347342;235606;50.9;34.5
45;2021-07-07;2449;6059;349791;241665;51.2;35.4
45;2021-07-08;2828;5380;352619;247045;51.6;36.2
45;2021-07-09;2148;6984;354767;254029;52.0;37.2
45;2021-07-10;1547;3862;356314;257891;52.2;37.8
45;2021-07-11;24;31;356338;257922;52.2;37.8
45;2021-07-12;1591;5998;357929;263920;52.4;38.6
45;2021-07-13;3033;8238;360962;272158;52.9;39.9
45;2021-07-14;1474;1519;362436;273677;53.1;40.1
45;2021-07-15;3733;7290;366169;280967;53.6;41.1
45;2021-07-16;3259;7444;369428;288411;54.1;42.2
45;2021-07-17;1285;2333;370713;290744;54.3;42.6
45;2021-07-18;15;19;370728;290763;54.3;42.6
45;2021-07-19;1868;5938;372596;296701;54.6;43.4
45;2021-07-20;4760;6906;377356;303607;55.3;44.5
45;2021-07-21;5177;5478;382533;309085;56.0;45.3
45;2021-07-22;6182;4906;388715;313991;56.9;46.0
45;2021-07-23;4261;5481;392976;319472;57.5;46.8
45;2021-07-24;1862;2823;394838;322295;57.8;47.2
45;2021-07-25;5;14;394843;322309;57.8;47.2
45;2021-07-26;2918;4979;397761;327288;58.2;47.9
45;2021-07-27;5467;5080;403228;332368;59.0;48.7
45;2021-07-28;4990;4176;408218;336544;59.8;49.3
45;2021-07-29;5281;3251;413499;339795;60.6;49.8
45;2021-07-30;4761;4712;418260;344507;61.2;50.4
45;2021-07-31;849;1950;419109;346457;61.4;50.7
45;2021-08-01;2;4;419111;346461;61.4;50.7
45;2021-08-02;3618;3246;422729;349707;61.9;51.2
45;2021-08-03;4876;3009;427605;352716;62.6;51.7
45;2021-08-04;3741;2232;431346;354948;63.2;52.0
45;2021-08-05;3312;2635;434658;357583;63.6;52.4
45;2021-08-06;3750;3264;438408;360847;64.2;52.8
45;2021-08-07;1682;1048;440090;361895;64.4;53.0
45;2021-08-08;9;18;440099;361913;64.4;53.0
45;2021-08-09;2599;3013;442698;364926;64.8;53.4
45;2021-08-10;3509;3803;446207;368729;65.3;54.0
45;2021-08-11;2701;3721;448908;372450;65.7;54.5
45;2021-08-12;2094;3437;451002;375887;66.0;55.0
45;2021-08-13;1743;4223;452745;380110;66.3;55.7
45;2021-08-14;680;956;453425;381066;66.4;55.8
45;2021-08-15;58;31;453483;381097;66.4;55.8
45;2021-08-16;1157;2315;454640;383412;66.6;56.1
45;2021-08-17;1855;3447;456495;386859;66.8;56.7
45;2021-08-18;1781;4051;458276;390910;67.1;57.2
45;2021-08-19;1438;4273;459714;395183;67.3;57.9
45;2021-08-20;1417;3682;461131;398865;67.5;58.4
45;2021-08-21;900;1152;462031;400017;67.7;58.6
45;2021-08-22;4;8;462035;400025;67.7;58.6
45;2021-08-23;1324;4241;463359;404266;67.9;59.2
45;2021-08-24;1730;4516;465089;408782;68.1;59.9
45;2021-08-25;1577;3723;466666;412505;68.3;60.4
45;2021-08-26;1003;3448;467669;415953;68.5;60.9
45;2021-08-27;1384;4978;469053;420931;68.7;61.6
45;2021-08-28;877;2026;469930;422957;68.8;61.9
45;2021-08-29;100;38;470030;422995;68.8;61.9
45;2021-08-30;1214;4114;471244;427109;69.0;62.5
45;2021-08-31;1074;4507;472318;431616;69.2;63.2
45;2021-09-01;1096;3547;473414;435163;69.3;63.7
45;2021-09-02;920;3354;474334;438517;69.5;64.2
45;2021-09-03;1085;3842;475419;442359;69.6;64.8
45;2021-09-04;491;1308;475910;443667;69.7;65.0
45;2021-09-05;1;16;475911;443683;69.7;65.0
45;2021-09-06;875;2821;476786;446504;69.8;65.4
45;2021-09-07;702;2226;477488;448730;69.9;65.7
45;2021-09-08;845;2612;478333;451342;70.0;66.1
45;2021-09-09;777;1675;479110;453017;70.2;66.3
46;2020-12-27;4;0;4;0;0.0;0.0
46;2020-12-28;0;0;4;0;0.0;0.0
46;2020-12-29;0;0;4;0;0.0;0.0
46;2020-12-30;0;0;4;0;0.0;0.0
46;2020-12-31;0;0;4;0;0.0;0.0
46;2021-01-01;0;0;4;0;0.0;0.0
46;2021-01-02;0;0;4;0;0.0;0.0
46;2021-01-03;1;0;5;0;0.0;0.0
46;2021-01-04;0;0;5;0;0.0;0.0
46;2021-01-05;0;0;5;0;0.0;0.0
46;2021-01-06;3;0;8;0;0.0;0.0
46;2021-01-07;136;0;144;0;0.1;0.0
46;2021-01-08;181;0;325;0;0.2;0.0
46;2021-01-09;1;0;326;0;0.2;0.0
46;2021-01-10;2;0;328;0;0.2;0.0
46;2021-01-11;118;0;446;0;0.3;0.0
46;2021-01-12;140;0;586;0;0.3;0.0
46;2021-01-13;235;0;821;0;0.5;0.0
46;2021-01-14;243;2;1064;2;0.6;0.0
46;2021-01-15;306;2;1370;4;0.8;0.0
46;2021-01-16;18;0;1388;4;0.8;0.0
46;2021-01-17;0;0;1388;4;0.8;0.0
46;2021-01-18;276;2;1664;6;1.0;0.0
46;2021-01-19;390;0;2054;6;1.2;0.0
46;2021-01-20;937;2;2991;8;1.7;0.0
46;2021-01-21;997;0;3988;8;2.3;0.0
46;2021-01-22;390;2;4378;10;2.5;0.0
46;2021-01-23;0;0;4378;10;2.5;0.0
46;2021-01-24;0;0;4378;10;2.5;0.0
46;2021-01-25;204;1;4582;11;2.6;0.0
46;2021-01-26;264;1;4846;12;2.8;0.0
46;2021-01-27;277;0;5123;12;3.0;0.0
46;2021-01-28;278;43;5401;55;3.1;0.0
46;2021-01-29;233;91;5634;146;3.3;0.1
46;2021-01-30;1;0;5635;146;3.3;0.1
46;2021-01-31;1;0;5636;146;3.3;0.1
46;2021-02-01;234;167;5870;313;3.4;0.2
46;2021-02-02;210;224;6080;537;3.5;0.3
46;2021-02-03;227;91;6307;628;3.6;0.4
46;2021-02-04;372;76;6679;704;3.9;0.4
46;2021-02-05;226;161;6905;865;4.0;0.5
46;2021-02-06;9;0;6914;865;4.0;0.5
46;2021-02-07;43;0;6957;865;4.0;0.5
46;2021-02-08;197;136;7154;1001;4.1;0.6
46;2021-02-09;271;213;7425;1214;4.3;0.7
46;2021-02-10;280;520;7705;1734;4.4;1.0
46;2021-02-11;655;542;8360;2276;4.8;1.3
46;2021-02-12;322;324;8682;2600;5.0;1.5
46;2021-02-13;2;0;8684;2600;5.0;1.5
46;2021-02-14;0;62;8684;2662;5.0;1.5
46;2021-02-15;195;262;8879;2924;5.1;1.7
46;2021-02-16;218;253;9097;3177;5.3;1.8
46;2021-02-17;200;300;9297;3477;5.4;2.0
46;2021-02-18;336;250;9633;3727;5.6;2.2
46;2021-02-19;277;221;9910;3948;5.7;2.3
46;2021-02-20;0;0;9910;3948;5.7;2.3
46;2021-02-21;1;0;9911;3948;5.7;2.3
46;2021-02-22;131;166;10042;4114;5.8;2.4
46;2021-02-23;225;142;10267;4256;5.9;2.5
46;2021-02-24;179;283;10446;4539;6.0;2.6
46;2021-02-25;248;311;10694;4850;6.2;2.8
46;2021-02-26;401;325;11095;5175;6.4;3.0
46;2021-02-27;120;1;11215;5176;6.5;3.0
46;2021-02-28;0;3;11215;5179;6.5;3.0
46;2021-03-01;169;166;11384;5345;6.6;3.1
46;2021-03-02;406;209;11790;5554;6.8;3.2
46;2021-03-03;458;318;12248;5872;7.1;3.4
46;2021-03-04;607;430;12855;6302;7.4;3.6
46;2021-03-05;809;350;13664;6652;7.9;3.8
46;2021-03-06;476;17;14140;6669;8.2;3.9
46;2021-03-07;101;19;14241;6688;8.2;3.9
46;2021-03-08;349;234;14590;6922;8.4;4.0
46;2021-03-09;746;267;15336;7189;8.9;4.2
46;2021-03-10;685;245;16021;7434;9.3;4.3
46;2021-03-11;852;254;16873;7688;9.7;4.4
46;2021-03-12;927;222;17800;7910;10.3;4.6
46;2021-03-13;512;3;18312;7913;10.6;4.6
46;2021-03-14;0;0;18312;7913;10.6;4.6
46;2021-03-15;505;162;18817;8075;10.9;4.7
46;2021-03-16;752;174;19569;8249;11.3;4.8
46;2021-03-17;674;196;20243;8445;11.7;4.9
46;2021-03-18;758;211;21001;8656;12.1;5.0
46;2021-03-19;810;148;21811;8804;12.6;5.1
46;2021-03-20;293;3;22104;8807;12.8;5.1
46;2021-03-21;2;0;22106;8807;12.8;5.1
46;2021-03-22;555;240;22661;9047;13.1;5.2
46;2021-03-23;702;211;23363;9258;13.5;5.3
46;2021-03-24;674;237;24037;9495;13.9;5.5
46;2021-03-25;1135;178;25172;9673;14.5;5.6
46;2021-03-26;1025;340;26197;10013;15.1;5.8
46;2021-03-27;420;72;26617;10085;15.4;5.8
46;2021-03-28;127;1;26744;10086;15.4;5.8
46;2021-03-29;733;251;27477;10337;15.9;6.0
46;2021-03-30;767;364;28244;10701;16.3;6.2
46;2021-03-31;865;417;29109;11118;16.8;6.4
46;2021-04-01;1172;346;30281;11464;17.5;6.6
46;2021-04-02;924;394;31205;11858;18.0;6.8
46;2021-04-03;167;165;31372;12023;18.1;6.9
46;2021-04-04;0;71;31372;12094;18.1;7.0
46;2021-04-05;3;0;31375;12094;18.1;7.0
46;2021-04-06;545;518;31920;12612;18.4;7.3
46;2021-04-07;785;644;32705;13256;18.9;7.7
46;2021-04-08;961;540;33666;13796;19.4;8.0
46;2021-04-09;1018;506;34684;14302;20.0;8.3
46;2021-04-10;506;208;35190;14510;20.3;8.4
46;2021-04-11;232;1;35422;14511;20.5;8.4
46;2021-04-12;845;546;36267;15057;20.9;8.7
46;2021-04-13;1187;719;37454;15776;21.6;9.1
46;2021-04-14;1533;613;38987;16389;22.5;9.5
46;2021-04-15;1502;663;40489;17052;23.4;9.8
46;2021-04-16;1585;567;42074;17619;24.3;10.2
46;2021-04-17;994;135;43068;17754;24.9;10.3
46;2021-04-18;517;9;43585;17763;25.2;10.3
46;2021-04-19;1070;571;44655;18334;25.8;10.6
46;2021-04-20;1229;728;45884;19062;26.5;11.0
46;2021-04-21;1230;712;47114;19774;27.2;11.4
46;2021-04-22;1391;728;48505;20502;28.0;11.8
46;2021-04-23;1132;731;49637;21233;28.7;12.3
46;2021-04-24;472;19;50109;21252;28.9;12.3
46;2021-04-25;351;11;50460;21263;29.1;12.3
46;2021-04-26;852;730;51312;21993;29.6;12.7
46;2021-04-27;1221;664;52533;22657;30.3;13.1
46;2021-04-28;1289;668;53822;23325;31.1;13.5
46;2021-04-29;1416;523;55238;23848;31.9;13.8
46;2021-04-30;1438;563;56676;24411;32.7;14.1
46;2021-05-01;697;72;57373;24483;33.1;14.1
46;2021-05-02;346;4;57719;24487;33.3;14.1
46;2021-05-03;853;569;58572;25056;33.8;14.5
46;2021-05-04;1037;1063;59609;26119;34.4;15.1
46;2021-05-05;1374;789;60983;26908;35.2;15.5
46;2021-05-06;1376;742;62359;27650;36.0;16.0
46;2021-05-07;1398;792;63757;28442;36.8;16.4
46;2021-05-08;280;409;64037;28851;37.0;16.7
46;2021-05-09;23;225;64060;29076;37.0;16.8
46;2021-05-10;517;1137;64577;30213;37.3;17.4
46;2021-05-11;1034;1255;65611;31468;37.9;18.2
46;2021-05-12;993;1558;66604;33026;38.5;19.1
46;2021-05-13;600;144;67204;33170;38.8;19.2
46;2021-05-14;959;1097;68163;34267;39.4;19.8
46;2021-05-15;254;654;68417;34921;39.5;20.2
46;2021-05-16;77;297;68494;35218;39.6;20.3
46;2021-05-17;653;961;69147;36179;39.9;20.9
46;2021-05-18;1404;1024;70551;37203;40.7;21.5
46;2021-05-19;1306;904;71857;38107;41.5;22.0
46;2021-05-20;1453;810;73310;38917;42.3;22.5
46;2021-05-21;997;1158;74307;40075;42.9;23.1
46;2021-05-22;147;369;74454;40444;43.0;23.4
46;2021-05-23;451;25;74905;40469;43.3;23.4
46;2021-05-24;411;113;75316;40582;43.5;23.4
46;2021-05-25;961;1332;76277;41914;44.0;24.2
46;2021-05-26;1239;1149;77516;43063;44.8;24.9
46;2021-05-27;1433;1193;78949;44256;45.6;25.6
46;2021-05-28;1428;1211;80377;45467;46.4;26.3
46;2021-05-29;1052;399;81429;45866;47.0;26.5
46;2021-05-30;409;40;81838;45906;47.3;26.5
46;2021-05-31;970;976;82808;46882;47.8;27.1
46;2021-06-01;1277;998;84085;47880;48.6;27.6
46;2021-06-02;1321;1117;85406;48997;49.3;28.3
46;2021-06-03;1418;1010;86824;50007;50.1;28.9
46;2021-06-04;1332;978;88156;50985;50.9;29.4
46;2021-06-05;381;414;88537;51399;51.1;29.7
46;2021-06-06;209;96;88746;51495;51.2;29.7
46;2021-06-07;814;617;89560;52112;51.7;30.1
46;2021-06-08;1020;896;90580;53008;52.3;30.6
46;2021-06-09;1504;974;92084;53982;53.2;31.2
46;2021-06-10;982;852;93066;54834;53.7;31.7
46;2021-06-11;970;1322;94036;56156;54.3;32.4
46;2021-06-12;459;547;94495;56703;54.6;32.7
46;2021-06-13;27;86;94522;56789;54.6;32.8
46;2021-06-14;593;1138;95115;57927;54.9;33.5
46;2021-06-15;751;1247;95866;59174;55.4;34.2
46;2021-06-16;1001;1112;96867;60286;55.9;34.8
46;2021-06-17;527;895;97394;61181;56.2;35.3
46;2021-06-18;658;1255;98052;62436;56.6;36.1
46;2021-06-19;457;313;98509;62749;56.9;36.2
46;2021-06-20;39;161;98548;62910;56.9;36.3
46;2021-06-21;429;946;98977;63856;57.2;36.9
46;2021-06-22;350;1178;99327;65034;57.4;37.6
46;2021-06-23;520;1075;99847;66109;57.7;38.2
46;2021-06-24;251;821;100098;66930;57.8;38.7
46;2021-06-25;491;1118;100589;68048;58.1;39.3
46;2021-06-26;397;553;100986;68601;58.3;39.6
46;2021-06-27;3;4;100989;68605;58.3;39.6
46;2021-06-28;315;1338;101304;69943;58.5;40.4
46;2021-06-29;376;1682;101680;71625;58.7;41.4
46;2021-06-30;512;1578;102192;73203;59.0;42.3
46;2021-07-01;486;1153;102678;74356;59.3;42.9
46;2021-07-02;469;1086;103147;75442;59.6;43.6
46;2021-07-03;124;455;103271;75897;59.6;43.8
46;2021-07-04;57;127;103328;76024;59.7;43.9
46;2021-07-05;347;1188;103675;77212;59.9;44.6
46;2021-07-06;449;1458;104124;78670;60.1;45.4
46;2021-07-07;583;1727;104707;80397;60.5;46.4
46;2021-07-08;341;1165;105048;81562;60.7;47.1
46;2021-07-09;396;1707;105444;83269;60.9;48.1
46;2021-07-10;285;1040;105729;84309;61.1;48.7
46;2021-07-11;15;375;105744;84684;61.1;48.9
46;2021-07-12;248;1261;105992;85945;61.2;49.6
46;2021-07-13;626;1671;106618;87616;61.6;50.6
46;2021-07-14;73;144;106691;87760;61.6;50.7
46;2021-07-15;917;1466;107608;89226;62.1;51.5
46;2021-07-16;766;1395;108374;90621;62.6;52.3
46;2021-07-17;363;539;108737;91160;62.8;52.6
46;2021-07-18;2;0;108739;91160;62.8;52.6
46;2021-07-19;730;1189;109469;92349;63.2;53.3
46;2021-07-20;983;1436;110452;93785;63.8;54.2
46;2021-07-21;1002;1379;111454;95164;64.4;55.0
46;2021-07-22;1404;1117;112858;96281;65.2;55.6
46;2021-07-23;768;1322;113626;97603;65.6;56.4
46;2021-07-24;957;662;114583;98265;66.2;56.7
46;2021-07-25;136;17;114719;98282;66.2;56.8
46;2021-07-26;881;879;115600;99161;66.8;57.3
46;2021-07-27;1220;978;116820;100139;67.5;57.8
46;2021-07-28;1284;1113;118104;101252;68.2;58.5
46;2021-07-29;1580;849;119684;102101;69.1;59.0
46;2021-07-30;1931;957;121615;103058;70.2;59.5
46;2021-07-31;958;660;122573;103718;70.8;59.9
46;2021-08-01;12;3;122585;103721;70.8;59.9
46;2021-08-02;974;591;123559;104312;71.4;60.2
46;2021-08-03;1363;678;124922;104990;72.1;60.6
46;2021-08-04;1738;608;126660;105598;73.1;61.0
46;2021-08-05;1383;847;128043;106445;73.9;61.5
46;2021-08-06;1421;846;129464;107291;74.8;62.0
46;2021-08-07;707;542;130171;107833;75.2;62.3
46;2021-08-08;143;66;130314;107899;75.3;62.3
46;2021-08-09;1017;694;131331;108593;75.8;62.7
46;2021-08-10;1201;893;132532;109486;76.5;63.2
46;2021-08-11;1261;1067;133793;110553;77.3;63.8
46;2021-08-12;989;799;134782;111352;77.8;64.3
46;2021-08-13;951;1003;135733;112355;78.4;64.9
46;2021-08-14;584;776;136317;113131;78.7;65.3
46;2021-08-15;8;27;136325;113158;78.7;65.3
46;2021-08-16;794;807;137119;113965;79.2;65.8
46;2021-08-17;884;1288;138003;115253;79.7;66.6
46;2021-08-18;770;1050;138773;116303;80.1;67.2
46;2021-08-19;670;1362;139443;117665;80.5;67.9
46;2021-08-20;520;1553;139963;119218;80.8;68.8
46;2021-08-21;375;649;140338;119867;81.0;69.2
46;2021-08-22;2;31;140340;119898;81.0;69.2
46;2021-08-23;418;1204;140758;121102;81.3;69.9
46;2021-08-24;550;1337;141308;122439;81.6;70.7
46;2021-08-25;525;1398;141833;123837;81.9;71.5
46;2021-08-26;386;1096;142219;124933;82.1;72.1
46;2021-08-27;433;1912;142652;126845;82.4;73.3
46;2021-08-28;270;651;142922;127496;82.5;73.6
46;2021-08-29;5;11;142927;127507;82.5;73.6
46;2021-08-30;284;1133;143211;128640;82.7;74.3
46;2021-08-31;332;1278;143543;129918;82.9;75.0
46;2021-09-01;393;1146;143936;131064;83.1;75.7
46;2021-09-02;267;1018;144203;132082;83.3;76.3
46;2021-09-03;321;1293;144524;133375;83.5;77.0
46;2021-09-04;188;663;144712;134038;83.6;77.4
46;2021-09-05;8;16;144720;134054;83.6;77.4
46;2021-09-06;217;756;144937;134810;83.7;77.9
46;2021-09-07;252;815;145189;135625;83.8;78.3
46;2021-09-08;277;890;145466;136515;84.0;78.8
46;2021-09-09;193;638;145659;137153;84.1;79.2
47;2020-12-27;0;0;0;0;0.0;0.0
47;2020-12-28;0;0;0;0;0.0;0.0
47;2020-12-29;0;0;0;0;0.0;0.0
47;2020-12-30;0;0;0;0;0.0;0.0
47;2020-12-31;0;0;0;0;0.0;0.0
47;2021-01-01;4;0;4;0;0.0;0.0
47;2021-01-02;0;0;4;0;0.0;0.0
47;2021-01-03;0;0;4;0;0.0;0.0
47;2021-01-04;0;0;4;0;0.0;0.0
47;2021-01-05;0;0;4;0;0.0;0.0
47;2021-01-06;0;0;4;0;0.0;0.0
47;2021-01-07;71;0;75;0;0.0;0.0
47;2021-01-08;314;0;389;0;0.1;0.0
47;2021-01-09;113;0;502;0;0.2;0.0
47;2021-01-10;0;0;502;0;0.2;0.0
47;2021-01-11;249;1;751;1;0.2;0.0
47;2021-01-12;327;0;1078;1;0.3;0.0
47;2021-01-13;349;0;1427;1;0.4;0.0
47;2021-01-14;364;4;1791;5;0.5;0.0
47;2021-01-15;287;1;2078;6;0.6;0.0
47;2021-01-16;176;3;2254;9;0.7;0.0
47;2021-01-17;0;0;2254;9;0.7;0.0
47;2021-01-18;486;1;2740;10;0.8;0.0
47;2021-01-19;469;2;3209;12;1.0;0.0
47;2021-01-20;516;0;3725;12;1.1;0.0
47;2021-01-21;585;0;4310;12;1.3;0.0
47;2021-01-22;470;0;4780;12;1.4;0.0
47;2021-01-23;391;0;5171;12;1.6;0.0
47;2021-01-24;0;0;5171;12;1.6;0.0
47;2021-01-25;426;0;5597;12;1.7;0.0
47;2021-01-26;791;4;6388;16;1.9;0.0
47;2021-01-27;732;0;7120;16;2.2;0.0
47;2021-01-28;576;62;7696;78;2.3;0.0
47;2021-01-29;461;164;8157;242;2.5;0.1
47;2021-01-30;302;37;8459;279;2.6;0.1
47;2021-01-31;0;0;8459;279;2.6;0.1
47;2021-02-01;373;114;8832;393;2.7;0.1
47;2021-02-02;759;308;9591;701;2.9;0.2
47;2021-02-03;425;150;10016;851;3.0;0.3
47;2021-02-04;370;305;10386;1156;3.1;0.3
47;2021-02-05;300;304;10686;1460;3.2;0.4
47;2021-02-06;297;88;10983;1548;3.3;0.5
47;2021-02-07;0;0;10983;1548;3.3;0.5
47;2021-02-08;183;227;11166;1775;3.4;0.5
47;2021-02-09;231;221;11397;1996;3.5;0.6
47;2021-02-10;254;217;11651;2213;3.5;0.7
47;2021-02-11;356;338;12007;2551;3.6;0.8
47;2021-02-12;243;384;12250;2935;3.7;0.9
47;2021-02-13;226;98;12476;3033;3.8;0.9
47;2021-02-14;0;0;12476;3033;3.8;0.9
47;2021-02-15;194;326;12670;3359;3.8;1.0
47;2021-02-16;303;551;12973;3910;3.9;1.2
47;2021-02-17;326;418;13299;4328;4.0;1.3
47;2021-02-18;200;541;13499;4869;4.1;1.5
47;2021-02-19;193;333;13692;5202;4.1;1.6
47;2021-02-20;117;235;13809;5437;4.2;1.6
47;2021-02-21;0;0;13809;5437;4.2;1.6
47;2021-02-22;75;347;13884;5784;4.2;1.8
47;2021-02-23;149;607;14033;6391;4.2;1.9
47;2021-02-24;261;516;14294;6907;4.3;2.1
47;2021-02-25;304;383;14598;7290;4.4;2.2
47;2021-02-26;468;297;15066;7587;4.6;2.3
47;2021-02-27;324;189;15390;7776;4.7;2.4
47;2021-02-28;0;0;15390;7776;4.7;2.4
47;2021-03-01;124;377;15514;8153;4.7;2.5
47;2021-03-02;200;336;15714;8489;4.8;2.6
47;2021-03-03;244;323;15958;8812;4.8;2.7
47;2021-03-04;593;311;16551;9123;5.0;2.8
47;2021-03-05;844;263;17395;9386;5.3;2.8
47;2021-03-06;507;177;17902;9563;5.4;2.9
47;2021-03-07;331;6;18233;9569;5.5;2.9
47;2021-03-08;458;210;18691;9779;5.7;3.0
47;2021-03-09;508;487;19199;10266;5.8;3.1
47;2021-03-10;666;292;19865;10558;6.0;3.2
47;2021-03-11;938;375;20803;10933;6.3;3.3
47;2021-03-12;1374;297;22177;11230;6.7;3.4
47;2021-03-13;950;110;23127;11340;7.0;3.4
47;2021-03-14;51;0;23178;11340;7.0;3.4
47;2021-03-15;592;163;23770;11503;7.2;3.5
47;2021-03-16;750;177;24520;11680;7.4;3.5
47;2021-03-17;860;210;25380;11890;7.7;3.6
47;2021-03-18;917;178;26297;12068;8.0;3.7
47;2021-03-19;1272;128;27569;12196;8.3;3.7
47;2021-03-20;1088;59;28657;12255;8.7;3.7
47;2021-03-21;344;1;29001;12256;8.8;3.7
47;2021-03-22;1012;95;30013;12351;9.1;3.7
47;2021-03-23;1146;147;31159;12498;9.4;3.8
47;2021-03-24;1212;130;32371;12628;9.8;3.8
47;2021-03-25;1566;151;33937;12779;10.3;3.9
47;2021-03-26;1882;199;35819;12978;10.8;3.9
47;2021-03-27;980;130;36799;13108;11.1;4.0
47;2021-03-28;700;5;37499;13113;11.4;4.0
47;2021-03-29;1512;80;39011;13193;11.8;4.0
47;2021-03-30;1644;127;40655;13320;12.3;4.0
47;2021-03-31;1605;153;42260;13473;12.8;4.1
47;2021-04-01;1682;269;43942;13742;13.3;4.2
47;2021-04-02;1934;454;45876;14196;13.9;4.3
47;2021-04-03;1202;183;47078;14379;14.3;4.4
47;2021-04-04;475;13;47553;14392;14.4;4.4
47;2021-04-05;1297;58;48850;14450;14.8;4.4
47;2021-04-06;1386;389;50236;14839;15.2;4.5
47;2021-04-07;1697;592;51933;15431;15.7;4.7
47;2021-04-08;1834;478;53767;15909;16.3;4.8
47;2021-04-09;2084;544;55851;16453;16.9;5.0
47;2021-04-10;1564;325;57415;16778;17.4;5.1
47;2021-04-11;530;9;57945;16787;17.5;5.1
47;2021-04-12;1438;613;59383;17400;18.0;5.3
47;2021-04-13;1816;763;61199;18163;18.5;5.5
47;2021-04-14;1749;719;62948;18882;19.1;5.7
47;2021-04-15;2012;844;64960;19726;19.7;6.0
47;2021-04-16;1767;890;66727;20616;20.2;6.2
47;2021-04-17;1472;969;68199;21585;20.6;6.5
47;2021-04-18;23;0;68222;21585;20.7;6.5
47;2021-04-19;1331;933;69553;22518;21.1;6.8
47;2021-04-20;1626;909;71179;23427;21.5;7.1
47;2021-04-21;1626;774;72805;24201;22.0;7.3
47;2021-04-22;1872;1058;74677;25259;22.6;7.6
47;2021-04-23;1726;1071;76403;26330;23.1;8.0
47;2021-04-24;1549;802;77952;27132;23.6;8.2
47;2021-04-25;242;345;78194;27477;23.7;8.3
47;2021-04-26;1490;1361;79684;28838;24.1;8.7
47;2021-04-27;1922;1471;81606;30309;24.7;9.2
47;2021-04-28;2090;1589;83696;31898;25.3;9.7
47;2021-04-29;2533;1506;86229;33404;26.1;10.1
47;2021-04-30;2044;1780;88273;35184;26.7;10.7
47;2021-05-01;2263;985;90536;36169;27.4;10.9
47;2021-05-02;21;357;90557;36526;27.4;11.1
47;2021-05-03;1596;1419;92153;37945;27.9;11.5
47;2021-05-04;1646;1731;93799;39676;28.4;12.0
47;2021-05-05;1927;1641;95726;41317;29.0;12.5
47;2021-05-06;2106;1507;97832;42824;29.6;13.0
47;2021-05-07;2001;1622;99833;44446;30.2;13.5
47;2021-05-08;2098;464;101931;44910;30.9;13.6
47;2021-05-09;24;359;101955;45269;30.9;13.7
47;2021-05-10;1202;1670;103157;46939;31.2;14.2
47;2021-05-11;2173;1986;105330;48925;31.9;14.8
47;2021-05-12;2626;1447;107956;50372;32.7;15.2
47;2021-05-13;2381;657;110337;51029;33.4;15.4
47;2021-05-14;2062;859;112399;51888;34.0;15.7
47;2021-05-15;1935;863;114334;52751;34.6;16.0
47;2021-05-16;367;9;114701;52760;34.7;16.0
47;2021-05-17;1885;1124;116586;53884;35.3;16.3
47;2021-05-18;2358;1140;118944;55024;36.0;16.7
47;2021-05-19;2345;760;121289;55784;36.7;16.9
47;2021-05-20;2589;967;123878;56751;37.5;17.2
47;2021-05-21;1538;1135;125416;57886;38.0;17.5
47;2021-05-22;2369;838;127785;58724;38.7;17.8
47;2021-05-23;25;186;127810;58910;38.7;17.8
47;2021-05-24;1549;237;129359;59147;39.2;17.9
47;2021-05-25;1485;1320;130844;60467;39.6;18.3
47;2021-05-26;1599;1090;132443;61557;40.1;18.6
47;2021-05-27;1942;1270;134385;62827;40.7;19.0
47;2021-05-28;1458;1536;135843;64363;41.1;19.5
47;2021-05-29;1153;1122;136996;65485;41.5;19.8
47;2021-05-30;12;45;137008;65530;41.5;19.8
47;2021-05-31;1868;1416;138876;66946;42.0;20.3
47;2021-06-01;1922;1341;140798;68287;42.6;20.7
47;2021-06-02;2101;1333;142899;69620;43.3;21.1
47;2021-06-03;2486;1613;145385;71233;44.0;21.6
47;2021-06-04;1967;2116;147352;73349;44.6;22.2
47;2021-06-05;1640;1475;148992;74824;45.1;22.7
47;2021-06-06;212;70;149204;74894;45.2;22.7
47;2021-06-07;1661;2240;150865;77134;45.7;23.4
47;2021-06-08;1631;1903;152496;79037;46.2;23.9
47;2021-06-09;1824;2123;154320;81160;46.7;24.6
47;2021-06-10;2377;1621;156697;82781;47.4;25.1
47;2021-06-11;1827;2101;158524;84882;48.0;25.7
47;2021-06-12;1351;2102;159875;86984;48.4;26.3
47;2021-06-13;4;10;159879;86994;48.4;26.3
47;2021-06-14;1281;2441;161160;89435;48.8;27.1
47;2021-06-15;1465;2033;162625;91468;49.2;27.7
47;2021-06-16;1206;2182;163831;93650;49.6;28.3
47;2021-06-17;1656;1522;165487;95172;50.1;28.8
47;2021-06-18;1440;2496;166927;97668;50.5;29.6
47;2021-06-19;1540;2456;168467;100124;51.0;30.3
47;2021-06-20;5;33;168472;100157;51.0;30.3
47;2021-06-21;1136;2513;169608;102670;51.3;31.1
47;2021-06-22;761;2505;170369;105175;51.6;31.8
47;2021-06-23;999;2016;171368;107191;51.9;32.4
47;2021-06-24;1212;1936;172580;109127;52.2;33.0
47;2021-06-25;1006;2608;173586;111735;52.5;33.8
47;2021-06-26;988;2790;174574;114525;52.8;34.7
47;2021-06-27;16;349;174590;114874;52.9;34.8
47;2021-06-28;875;2407;175465;117281;53.1;35.5
47;2021-06-29;798;2316;176263;119597;53.4;36.2
47;2021-06-30;730;2304;176993;121901;53.6;36.9
47;2021-07-01;922;2106;177915;124007;53.9;37.5
47;2021-07-02;885;2275;178800;126282;54.1;38.2
47;2021-07-03;727;3044;179527;129326;54.3;39.1
47;2021-07-04;34;12;179561;129338;54.4;39.2
47;2021-07-05;980;2148;180541;131486;54.7;39.8
47;2021-07-06;1007;1957;181548;133443;55.0;40.4
47;2021-07-07;1300;2065;182848;135508;55.4;41.0
47;2021-07-08;1144;2194;183992;137702;55.7;41.7
47;2021-07-09;1049;2406;185041;140108;56.0;42.4
47;2021-07-10;952;2131;185993;142239;56.3;43.1
47;2021-07-11;1;6;185994;142245;56.3;43.1
47;2021-07-12;557;2582;186551;144827;56.5;43.8
47;2021-07-13;1094;2588;187645;147415;56.8;44.6
47;2021-07-14;1166;1577;188811;148992;57.2;45.1
47;2021-07-15;1717;3136;190528;152128;57.7;46.1
47;2021-07-16;1723;2679;192251;154807;58.2;46.9
47;2021-07-17;1202;2459;193453;157266;58.6;47.6
47;2021-07-18;36;188;193489;157454;58.6;47.7
47;2021-07-19;1115;2558;194604;160012;58.9;48.4
47;2021-07-20;1639;2342;196243;162354;59.4;49.1
47;2021-07-21;2193;2239;198436;164593;60.1;49.8
47;2021-07-22;2159;2299;200595;166892;60.7;50.5
47;2021-07-23;2124;2249;202719;169141;61.4;51.2
47;2021-07-24;1114;1912;203833;171053;61.7;51.8
47;2021-07-25;20;1;203853;171054;61.7;51.8
47;2021-07-26;1235;1945;205088;172999;62.1;52.4
47;2021-07-27;2121;1634;207209;174633;62.7;52.9
47;2021-07-28;1882;1607;209091;176240;63.3;53.4
47;2021-07-29;2326;1598;211417;177838;64.0;53.8
47;2021-07-30;1865;1626;213282;179464;64.6;54.3
47;2021-07-31;1485;1667;214767;181131;65.0;54.8
47;2021-08-01;18;8;214785;181139;65.0;54.8
47;2021-08-02;2057;1217;216842;182356;65.6;55.2
47;2021-08-03;2160;1104;219002;183460;66.3;55.5
47;2021-08-04;2193;1526;221195;184986;67.0;56.0
47;2021-08-05;2406;1447;223601;186433;67.7;56.4
47;2021-08-06;2002;1840;225603;188273;68.3;57.0
47;2021-08-07;1628;1418;227231;189691;68.8;57.4
47;2021-08-08;24;22;227255;189713;68.8;57.4
47;2021-08-09;1884;1211;229139;190924;69.4;57.8
47;2021-08-10;1922;1297;231061;192221;69.9;58.2
47;2021-08-11;1804;1402;232865;193623;70.5;58.6
47;2021-08-12;2055;1334;234920;194957;71.1;59.0
47;2021-08-13;1417;1669;236337;196626;71.5;59.5
47;2021-08-14;1350;1442;237687;198068;72.0;60.0
47;2021-08-15;11;18;237698;198086;72.0;60.0
47;2021-08-16;1436;1448;239134;199534;72.4;60.4
47;2021-08-17;1121;1695;240255;201229;72.7;60.9
47;2021-08-18;1170;1713;241425;202942;73.1;61.4
47;2021-08-19;1033;1810;242458;204752;73.4;62.0
47;2021-08-20;960;1707;243418;206459;73.7;62.5
47;2021-08-21;820;1274;244238;207733;73.9;62.9
47;2021-08-22;19;31;244257;207764;73.9;62.9
47;2021-08-23;607;1826;244864;209590;74.1;63.4
47;2021-08-24;811;1619;245675;211209;74.4;63.9
47;2021-08-25;804;1787;246479;212996;74.6;64.5
47;2021-08-26;730;2080;247209;215076;74.8;65.1
47;2021-08-27;698;1977;247907;217053;75.0;65.7
47;2021-08-28;549;1667;248456;218720;75.2;66.2
47;2021-08-29;2;16;248458;218736;75.2;66.2
47;2021-08-30;458;1925;248916;220661;75.4;66.8
47;2021-08-31;580;1817;249496;222478;75.5;67.3
47;2021-09-01;413;2021;249909;224499;75.7;68.0
47;2021-09-02;435;2017;250344;226516;75.8;68.6
47;2021-09-03;500;1952;250844;228468;75.9;69.2
47;2021-09-04;471;1819;251315;230287;76.1;69.7
47;2021-09-05;7;36;251322;230323;76.1;69.7
47;2021-09-06;338;1406;251660;231729;76.2;70.1
47;2021-09-07;472;1267;252132;232996;76.3;70.5
47;2021-09-08;415;1619;252547;234615;76.5;71.0
47;2021-09-09;396;1295;252943;235910;76.6;71.4
48;2020-12-27;0;0;0;0;0.0;0.0
48;2020-12-28;0;0;0;0;0.0;0.0
48;2020-12-29;0;0;0;0;0.0;0.0
48;2020-12-30;0;0;0;0;0.0;0.0
48;2020-12-31;0;0;0;0;0.0;0.0
48;2021-01-01;0;0;0;0;0.0;0.0
48;2021-01-02;0;0;0;0;0.0;0.0
48;2021-01-03;0;0;0;0;0.0;0.0
48;2021-01-04;0;0;0;0;0.0;0.0
48;2021-01-05;0;0;0;0;0.0;0.0
48;2021-01-06;0;0;0;0;0.0;0.0
48;2021-01-07;56;0;56;0;0.1;0.0
48;2021-01-08;88;0;144;0;0.2;0.0
48;2021-01-09;1;0;145;0;0.2;0.0
48;2021-01-10;0;0;145;0;0.2;0.0
48;2021-01-11;13;0;158;0;0.2;0.0
48;2021-01-12;19;1;177;1;0.2;0.0
48;2021-01-13;104;0;281;1;0.4;0.0
48;2021-01-14;90;1;371;2;0.5;0.0
48;2021-01-15;63;0;434;2;0.6;0.0
48;2021-01-16;0;0;434;2;0.6;0.0
48;2021-01-17;0;0;434;2;0.6;0.0
48;2021-01-18;117;0;551;2;0.7;0.0
48;2021-01-19;345;2;896;4;1.2;0.0
48;2021-01-20;364;0;1260;4;1.7;0.0
48;2021-01-21;466;1;1726;5;2.3;0.0
48;2021-01-22;269;0;1995;5;2.6;0.0
48;2021-01-23;36;0;2031;5;2.7;0.0
48;2021-01-24;0;0;2031;5;2.7;0.0
48;2021-01-25;109;2;2140;7;2.8;0.0
48;2021-01-26;261;0;2401;7;3.1;0.0
48;2021-01-27;257;1;2658;8;3.5;0.0
48;2021-01-28;271;10;2929;18;3.8;0.0
48;2021-01-29;175;60;3104;78;4.1;0.1
48;2021-01-30;1;7;3105;85;4.1;0.1
48;2021-01-31;0;6;3105;91;4.1;0.1
48;2021-02-01;98;45;3203;136;4.2;0.2
48;2021-02-02;191;34;3394;170;4.4;0.2
48;2021-02-03;177;82;3571;252;4.7;0.3
48;2021-02-04;234;13;3805;265;5.0;0.3
48;2021-02-05;144;34;3949;299;5.2;0.4
48;2021-02-06;34;1;3983;300;5.2;0.4
48;2021-02-07;0;0;3983;300;5.2;0.4
48;2021-02-08;50;59;4033;359;5.3;0.5
48;2021-02-09;66;151;4099;510;5.4;0.7
48;2021-02-10;65;297;4164;807;5.5;1.1
48;2021-02-11;165;382;4329;1189;5.7;1.6
48;2021-02-12;120;147;4449;1336;5.8;1.8
48;2021-02-13;8;55;4457;1391;5.8;1.8
48;2021-02-14;0;0;4457;1391;5.8;1.8
48;2021-02-15;51;93;4508;1484;5.9;1.9
48;2021-02-16;43;150;4551;1634;6.0;2.1
48;2021-02-17;35;276;4586;1910;6.0;2.5
48;2021-02-18;252;102;4838;2012;6.3;2.6
48;2021-02-19;60;174;4898;2186;6.4;2.9
48;2021-02-20;0;1;4898;2187;6.4;2.9
48;2021-02-21;0;14;4898;2201;6.4;2.9
48;2021-02-22;24;109;4922;2310;6.5;3.0
48;2021-02-23;74;209;4996;2519;6.5;3.3
48;2021-02-24;68;254;5064;2773;6.6;3.6
48;2021-02-25;148;256;5212;3029;6.8;4.0
48;2021-02-26;51;214;5263;3243;6.9;4.3
48;2021-02-27;28;1;5291;3244;6.9;4.3
48;2021-02-28;3;14;5294;3258;6.9;4.3
48;2021-03-01;102;92;5396;3350;7.1;4.4
48;2021-03-02;199;81;5595;3431;7.3;4.5
48;2021-03-03;155;98;5750;3529;7.5;4.6
48;2021-03-04;194;176;5944;3705;7.8;4.9
48;2021-03-05;136;136;6080;3841;8.0;5.0
48;2021-03-06;180;53;6260;3894;8.2;5.1
48;2021-03-07;75;2;6335;3896;8.3;5.1
48;2021-03-08;352;138;6687;4034;8.8;5.3
48;2021-03-09;377;97;7064;4131;9.3;5.4
48;2021-03-10;263;61;7327;4192;9.6;5.5
48;2021-03-11;334;88;7661;4280;10.0;5.6
48;2021-03-12;255;152;7916;4432;10.4;5.8
48;2021-03-13;301;5;8217;4437;10.8;5.8
48;2021-03-14;8;0;8225;4437;10.8;5.8
48;2021-03-15;174;63;8399;4500;11.0;5.9
48;2021-03-16;167;66;8566;4566;11.2;6.0
48;2021-03-17;156;110;8722;4676;11.4;6.1
48;2021-03-18;190;104;8912;4780;11.7;6.3
48;2021-03-19;116;95;9028;4875;11.8;6.4
48;2021-03-20;101;0;9129;4875;12.0;6.4
48;2021-03-21;0;0;9129;4875;12.0;6.4
48;2021-03-22;160;19;9289;4894;12.2;6.4
48;2021-03-23;329;103;9618;4997;12.6;6.6
48;2021-03-24;284;99;9902;5096;13.0;6.7
48;2021-03-25;757;120;10659;5216;14.0;6.8
48;2021-03-26;269;59;10928;5275;14.3;6.9
48;2021-03-27;104;1;11032;5276;14.5;6.9
48;2021-03-28;80;20;11112;5296;14.6;6.9
48;2021-03-29;305;79;11417;5375;15.0;7.0
48;2021-03-30;364;131;11781;5506;15.4;7.2
48;2021-03-31;448;86;12229;5592;16.0;7.3
48;2021-04-01;729;72;12958;5664;17.0;7.4
48;2021-04-02;487;134;13445;5798;17.6;7.6
48;2021-04-03;140;83;13585;5881;17.8;7.7
48;2021-04-04;0;0;13585;5881;17.8;7.7
48;2021-04-05;43;1;13628;5882;17.9;7.7
48;2021-04-06;465;160;14093;6042;18.5;7.9
48;2021-04-07;465;141;14558;6183;19.1;8.1
48;2021-04-08;620;188;15178;6371;19.9;8.4
48;2021-04-09;446;122;15624;6493;20.5;8.5
48;2021-04-10;95;60;15719;6553;20.6;8.6
48;2021-04-11;2;0;15721;6553;20.6;8.6
48;2021-04-12;364;71;16085;6624;21.1;8.7
48;2021-04-13;361;92;16446;6716;21.6;8.8
48;2021-04-14;624;187;17070;6903;22.4;9.0
48;2021-04-15;702;357;17772;7260;23.3;9.5
48;2021-04-16;538;225;18310;7485;24.0;9.8
48;2021-04-17;89;72;18399;7557;24.1;9.9
48;2021-04-18;0;0;18399;7557;24.1;9.9
48;2021-04-19;197;106;18596;7663;24.4;10.0
48;2021-04-20;216;181;18812;7844;24.7;10.3
48;2021-04-21;284;208;19096;8052;25.0;10.6
48;2021-04-22;307;480;19403;8532;25.4;11.2
48;2021-04-23;255;242;19658;8774;25.8;11.5
48;2021-04-24;97;94;19755;8868;25.9;11.6
48;2021-04-25;1;9;19756;8877;25.9;11.6
48;2021-04-26;87;210;19843;9087;26.0;11.9
48;2021-04-27;172;292;20015;9379;26.2;12.3
48;2021-04-28;149;415;20164;9794;26.4;12.8
48;2021-04-29;204;488;20368;10282;26.7;13.5
48;2021-04-30;172;224;20540;10506;26.9;13.8
48;2021-05-01;0;0;20540;10506;26.9;13.8
48;2021-05-02;0;0;20540;10506;26.9;13.8
48;2021-05-03;106;386;20646;10892;27.1;14.3
48;2021-05-04;227;421;20873;11313;27.4;14.8
48;2021-05-05;84;486;20957;11799;27.5;15.5
48;2021-05-06;774;640;21731;12439;28.5;16.3
48;2021-05-07;96;503;21827;12942;28.6;17.0
48;2021-05-08;309;43;22136;12985;29.0;17.0
48;2021-05-09;285;9;22421;12994;29.4;17.0
48;2021-05-10;55;325;22476;13319;29.5;17.5
48;2021-05-11;221;289;22697;13608;29.8;17.8
48;2021-05-12;249;313;22946;13921;30.1;18.2
48;2021-05-13;472;158;23418;14079;30.7;18.5
48;2021-05-14;244;222;23662;14301;31.0;18.7
48;2021-05-15;84;46;23746;14347;31.1;18.8
48;2021-05-16;1;8;23747;14355;31.1;18.8
48;2021-05-17;474;267;24221;14622;31.8;19.2
48;2021-05-18;263;229;24484;14851;32.1;19.5
48;2021-05-19;207;278;24691;15129;32.4;19.8
48;2021-05-20;318;256;25009;15385;32.8;20.2
48;2021-05-21;174;267;25183;15652;33.0;20.5
48;2021-05-22;25;50;25208;15702;33.0;20.6
48;2021-05-23;0;6;25208;15708;33.0;20.6
48;2021-05-24;0;14;25208;15722;33.0;20.6
48;2021-05-25;180;264;25388;15986;33.3;21.0
48;2021-05-26;416;298;25804;16284;33.8;21.3
48;2021-05-27;1179;379;26983;16663;35.4;21.8
48;2021-05-28;316;349;27299;17012;35.8;22.3
48;2021-05-29;79;50;27378;17062;35.9;22.4
48;2021-05-30;0;1;27378;17063;35.9;22.4
48;2021-05-31;625;263;28003;17326;36.7;22.7
48;2021-06-01;272;305;28275;17631;37.1;23.1
48;2021-06-02;407;425;28682;18056;37.6;23.7
48;2021-06-03;629;432;29311;18488;38.4;24.2
48;2021-06-04;291;282;29602;18770;38.8;24.6
48;2021-06-05;121;77;29723;18847;39.0;24.7
48;2021-06-06;1;1;29724;18848;39.0;24.7
48;2021-06-07;440;161;30164;19009;39.5;24.9
48;2021-06-08;615;309;30779;19318;40.3;25.3
48;2021-06-09;379;190;31158;19508;40.8;25.6
48;2021-06-10;1002;241;32160;19749;42.2;25.9
48;2021-06-11;372;161;32532;19910;42.6;26.1
48;2021-06-12;74;57;32606;19967;42.7;26.2
48;2021-06-13;0;2;32606;19969;42.7;26.2
48;2021-06-14;124;115;32730;20084;42.9;26.3
48;2021-06-15;407;386;33137;20470;43.4;26.8
48;2021-06-16;260;144;33397;20614;43.8;27.0
48;2021-06-17;486;575;33883;21189;44.4;27.8
48;2021-06-18;254;314;34137;21503;44.7;28.2
48;2021-06-19;35;291;34172;21794;44.8;28.6
48;2021-06-20;123;224;34295;22018;45.0;28.9
48;2021-06-21;125;132;34420;22150;45.1;29.0
48;2021-06-22;258;334;34678;22484;45.5;29.5
48;2021-06-23;111;546;34789;23030;45.6;30.2
48;2021-06-24;364;610;35153;23640;46.1;31.0
48;2021-06-25;154;276;35307;23916;46.3;31.4
48;2021-06-26;15;45;35322;23961;46.3;31.4
48;2021-06-27;1;1;35323;23962;46.3;31.4
48;2021-06-28;81;177;35404;24139;46.4;31.6
48;2021-06-29;297;413;35701;24552;46.8;32.2
48;2021-06-30;97;465;35798;25017;46.9;32.8
48;2021-07-01;194;669;35992;25686;47.2;33.7
48;2021-07-02;148;369;36140;26055;47.4;34.2
48;2021-07-03;42;89;36182;26144;47.4;34.3
48;2021-07-04;7;0;36189;26144;47.4;34.3
48;2021-07-05;40;116;36229;26260;47.5;34.4
48;2021-07-06;277;597;36506;26857;47.9;35.2
48;2021-07-07;201;488;36707;27345;48.1;35.8
48;2021-07-08;224;1191;36931;28536;48.4;37.4
48;2021-07-09;159;553;37090;29089;48.6;38.1
48;2021-07-10;95;147;37185;29236;48.7;38.3
48;2021-07-11;0;4;37185;29240;48.7;38.3
48;2021-07-12;140;674;37325;29914;48.9;39.2
48;2021-07-13;212;431;37537;30345;49.2;39.8
48;2021-07-14;179;145;37716;30490;49.4;40.0
48;2021-07-15;187;459;37903;30949;49.7;40.6
48;2021-07-16;234;314;38137;31263;50.0;41.0
48;2021-07-17;129;118;38266;31381;50.2;41.1
48;2021-07-18;4;5;38270;31386;50.2;41.1
48;2021-07-19;105;306;38375;31692;50.3;41.5
48;2021-07-20;677;992;39052;32684;51.2;42.8
48;2021-07-21;69;371;39121;33055;51.3;43.3
48;2021-07-22;779;1124;39900;34179;52.3;44.8
48;2021-07-23;367;437;40267;34616;52.8;45.4
48;2021-07-24;509;170;40776;34786;53.5;45.6
48;2021-07-25;138;46;40914;34832;53.6;45.7
48;2021-07-26;101;198;41015;35030;53.8;45.9
48;2021-07-27;1194;644;42209;35674;55.3;46.8
48;2021-07-28;177;316;42386;35990;55.6;47.2
48;2021-07-29;715;646;43101;36636;56.5;48.0
48;2021-07-30;200;292;43301;36928;56.8;48.4
48;2021-07-31;337;178;43638;37106;57.2;48.6
48;2021-08-01;18;55;43656;37161;57.2;48.7
48;2021-08-02;228;164;43884;37325;57.5;48.9
48;2021-08-03;924;570;44808;37895;58.7;49.7
48;2021-08-04;328;220;45136;38115;59.2;50.0
48;2021-08-05;675;474;45811;38589;60.1;50.6
48;2021-08-06;442;275;46253;38864;60.6;50.9
48;2021-08-07;249;125;46502;38989;61.0;51.1
48;2021-08-08;2;5;46504;38994;61.0;51.1
48;2021-08-09;170;140;46674;39134;61.2;51.3
48;2021-08-10;726;555;47400;39689;62.1;52.0
48;2021-08-11;296;237;47696;39926;62.5;52.3
48;2021-08-12;418;414;48114;40340;63.1;52.9
48;2021-08-13;227;212;48341;40552;63.4;53.2
48;2021-08-14;138;165;48479;40717;63.5;53.4
48;2021-08-15;131;81;48610;40798;63.7;53.5
48;2021-08-16;121;191;48731;40989;63.9;53.7
48;2021-08-17;365;1188;49096;42177;64.4;55.3
48;2021-08-18;208;202;49304;42379;64.6;55.6
48;2021-08-19;240;325;49544;42704;64.9;56.0
48;2021-08-20;214;285;49758;42989;65.2;56.4
48;2021-08-21;85;233;49843;43222;65.3;56.7
48;2021-08-22;0;0;49843;43222;65.3;56.7
48;2021-08-23;65;153;49908;43375;65.4;56.9
48;2021-08-24;308;952;50216;44327;65.8;58.1
48;2021-08-25;156;349;50372;44676;66.0;58.6
48;2021-08-26;180;501;50552;45177;66.3;59.2
48;2021-08-27;152;337;50704;45514;66.5;59.7
48;2021-08-28;126;302;50830;45816;66.6;60.1
48;2021-08-29;0;1;50830;45817;66.6;60.1
48;2021-08-30;54;146;50884;45963;66.7;60.3
48;2021-08-31;258;1070;51142;47033;67.0;61.7
48;2021-09-01;123;346;51265;47379;67.2;62.1
48;2021-09-02;131;404;51396;47783;67.4;62.6
48;2021-09-03;134;328;51530;48111;67.5;63.1
48;2021-09-04;121;242;51651;48353;67.7;63.4
48;2021-09-05;3;26;51654;48379;67.7;63.4
48;2021-09-06;34;189;51688;48568;67.8;63.7
48;2021-09-07;158;392;51846;48960;68.0;64.2
48;2021-09-08;96;225;51942;49185;68.1;64.5
48;2021-09-09;83;296;52025;49481;68.2;64.9
49;2020-12-27;0;0;0;0;0.0;0.0
49;2020-12-28;2;0;2;0;0.0;0.0
49;2020-12-29;0;0;2;0;0.0;0.0
49;2020-12-30;0;0;2;0;0.0;0.0
49;2020-12-31;0;0;2;0;0.0;0.0
49;2021-01-01;2;0;4;0;0.0;0.0
49;2021-01-02;1;1;5;1;0.0;0.0
49;2021-01-03;0;0;5;1;0.0;0.0
49;2021-01-04;10;0;15;1;0.0;0.0
49;2021-01-05;92;0;107;1;0.0;0.0
49;2021-01-06;232;0;339;1;0.0;0.0
49;2021-01-07;366;0;705;1;0.1;0.0
49;2021-01-08;329;1;1034;2;0.1;0.0
49;2021-01-09;118;0;1152;2;0.1;0.0
49;2021-01-10;114;0;1266;2;0.2;0.0
49;2021-01-11;287;0;1553;2;0.2;0.0
49;2021-01-12;623;0;2176;2;0.3;0.0
49;2021-01-13;602;2;2778;4;0.3;0.0
49;2021-01-14;590;5;3368;9;0.4;0.0
49;2021-01-15;775;1;4143;10;0.5;0.0
49;2021-01-16;147;0;4290;10;0.5;0.0
49;2021-01-17;111;2;4401;12;0.5;0.0
49;2021-01-18;691;0;5092;12;0.6;0.0
49;2021-01-19;1204;1;6296;13;0.8;0.0
49;2021-01-20;1511;3;7807;16;1.0;0.0
49;2021-01-21;1942;4;9749;20;1.2;0.0
49;2021-01-22;1319;4;11068;24;1.4;0.0
49;2021-01-23;263;1;11331;25;1.4;0.0
49;2021-01-24;1;0;11332;25;1.4;0.0
49;2021-01-25;552;3;11884;28;1.5;0.0
49;2021-01-26;987;74;12871;102;1.6;0.0
49;2021-01-27;1859;36;14730;138;1.8;0.0
49;2021-01-28;2878;80;17608;218;2.2;0.0
49;2021-01-29;1589;84;19197;302;2.4;0.0
49;2021-01-30;300;43;19497;345;2.4;0.0
49;2021-01-31;62;47;19559;392;2.4;0.0
49;2021-02-01;662;151;20221;543;2.5;0.1
49;2021-02-02;743;368;20964;911;2.6;0.1
49;2021-02-03;677;369;21641;1280;2.7;0.2
49;2021-02-04;758;430;22399;1710;2.7;0.2
49;2021-02-05;708;588;23107;2298;2.8;0.3
49;2021-02-06;229;102;23336;2400;2.9;0.3
49;2021-02-07;59;74;23395;2474;2.9;0.3
49;2021-02-08;549;437;23944;2911;2.9;0.4
49;2021-02-09;714;577;24658;3488;3.0;0.4
49;2021-02-10;806;875;25464;4363;3.1;0.5
49;2021-02-11;1029;1357;26493;5720;3.2;0.7
49;2021-02-12;871;917;27364;6637;3.4;0.8
49;2021-02-13;266;108;27630;6745;3.4;0.8
49;2021-02-14;9;97;27639;6842;3.4;0.8
49;2021-02-15;731;618;28370;7460;3.5;0.9
49;2021-02-16;1106;1073;29476;8533;3.6;1.0
49;2021-02-17;1159;1808;30635;10341;3.8;1.3
49;2021-02-18;1811;2376;32446;12717;4.0;1.6
49;2021-02-19;1395;1060;33841;13777;4.1;1.7
49;2021-02-20;233;347;34074;14124;4.2;1.7
49;2021-02-21;0;64;34074;14188;4.2;1.7
49;2021-02-22;646;507;34720;14695;4.3;1.8
49;2021-02-23;734;792;35454;15487;4.3;1.9
49;2021-02-24;822;561;36276;16048;4.4;2.0
49;2021-02-25;1208;730;37484;16778;4.6;2.1
49;2021-02-26;1678;763;39162;17541;4.8;2.1
49;2021-02-27;435;246;39597;17787;4.9;2.2
49;2021-02-28;49;34;39646;17821;4.9;2.2
49;2021-03-01;767;523;40413;18344;5.0;2.2
49;2021-03-02;1082;640;41495;18984;5.1;2.3
49;2021-03-03;1559;625;43054;19609;5.3;2.4
49;2021-03-04;1768;889;44822;20498;5.5;2.5
49;2021-03-05;2214;666;47036;21164;5.8;2.6
49;2021-03-06;717;171;47753;21335;5.9;2.6
49;2021-03-07;627;12;48380;21347;5.9;2.6
49;2021-03-08;1397;688;49777;22035;6.1;2.7
49;2021-03-09;2051;719;51828;22754;6.4;2.8
49;2021-03-10;2530;862;54358;23616;6.7;2.9
49;2021-03-11;3195;1460;57553;25076;7.1;3.1
49;2021-03-12;3766;1005;61319;26081;7.5;3.2
49;2021-03-13;1501;211;62820;26292;7.7;3.2
49;2021-03-14;6;0;62826;26292;7.7;3.2
49;2021-03-15;2084;529;64910;26821;8.0;3.3
49;2021-03-16;1733;957;66643;27778;8.2;3.4
49;2021-03-17;1811;675;68454;28453;8.4;3.5
49;2021-03-18;2204;725;70658;29178;8.7;3.6
49;2021-03-19;3334;563;73992;29741;9.1;3.6
49;2021-03-20;1743;203;75735;29944;9.3;3.7
49;2021-03-21;499;22;76234;29966;9.3;3.7
49;2021-03-22;2247;548;78481;30514;9.6;3.7
49;2021-03-23;3406;676;81887;31190;10.0;3.8
49;2021-03-24;3602;500;85489;31690;10.5;3.9
49;2021-03-25;4226;654;89715;32344;11.0;4.0
49;2021-03-26;4885;501;94600;32845;11.6;4.0
49;2021-03-27;1674;99;96274;32944;11.8;4.0
49;2021-03-28;400;27;96674;32971;11.8;4.0
49;2021-03-29;2371;605;99045;33576;12.1;4.1
49;2021-03-30;3267;936;102312;34512;12.5;4.2
49;2021-03-31;2980;749;105292;35261;12.9;4.3
49;2021-04-01;4122;867;109414;36128;13.4;4.4
49;2021-04-02;4297;953;113711;37081;13.9;4.5
49;2021-04-03;971;193;114682;37274;14.1;4.6
49;2021-04-04;315;3;114997;37277;14.1;4.6
49;2021-04-05;944;22;115941;37299;14.2;4.6
49;2021-04-06;2331;1319;118272;38618;14.5;4.7
49;2021-04-07;3308;1363;121580;39981;14.9;4.9
49;2021-04-08;5184;1424;126764;41405;15.5;5.1
49;2021-04-09;6207;1436;132971;42841;16.3;5.3
49;2021-04-10;2067;499;135038;43340;16.6;5.3
49;2021-04-11;390;9;135428;43349;16.6;5.3
49;2021-04-12;4075;1572;139503;44921;17.1;5.5
49;2021-04-13;5381;1913;144884;46834;17.8;5.7
49;2021-04-14;4542;1876;149426;48710;18.3;6.0
49;2021-04-15;5380;1885;154806;50595;19.0;6.2
49;2021-04-16;5762;2141;160568;52736;19.7;6.5
49;2021-04-17;3336;853;163904;53589;20.1;6.6
49;2021-04-18;381;476;164285;54065;20.1;6.6
49;2021-04-19;3710;2056;167995;56121;20.6;6.9
49;2021-04-20;4375;2110;172370;58231;21.1;7.1
49;2021-04-21;3954;2204;176324;60435;21.6;7.4
49;2021-04-22;4836;2108;181160;62543;22.2;7.7
49;2021-04-23;4814;2334;185974;64877;22.8;8.0
49;2021-04-24;2939;1155;188913;66032;23.2;8.1
49;2021-04-25;40;282;188953;66314;23.2;8.1
49;2021-04-26;3743;2112;192696;68426;23.6;8.4
49;2021-04-27;4473;2505;197169;70931;24.2;8.7
49;2021-04-28;4617;2497;201786;73428;24.7;9.0
49;2021-04-29;5206;3023;206992;76451;25.4;9.4
49;2021-04-30;5556;3205;212548;79656;26.1;9.8
49;2021-05-01;2364;666;214912;80322;26.3;9.8
49;2021-05-02;5;40;214917;80362;26.3;9.8
49;2021-05-03;5012;2409;219929;82771;27.0;10.1
49;2021-05-04;4972;3039;224901;85810;27.6;10.5
49;2021-05-05;4789;3006;229690;88816;28.2;10.9
49;2021-05-06;5330;3093;235020;91909;28.8;11.3
49;2021-05-07;4281;5017;239301;96926;29.3;11.9
49;2021-05-08;3577;437;242878;97363;29.8;11.9
49;2021-05-09;10;41;242888;97404;29.8;11.9
49;2021-05-10;4830;4275;247718;101679;30.4;12.5
49;2021-05-11;5397;5087;253115;106766;31.0;13.1
49;2021-05-12;4800;4594;257915;111360;31.6;13.6
49;2021-05-13;4779;690;262694;112050;32.2;13.7
49;2021-05-14;5172;3267;267866;115317;32.8;14.1
49;2021-05-15;4157;1806;272023;117123;33.3;14.4
49;2021-05-16;2788;119;274811;117242;33.7;14.4
49;2021-05-17;4834;3684;279645;120926;34.3;14.8
49;2021-05-18;5474;3770;285119;124696;34.9;15.3
49;2021-05-19;5918;3231;291037;127927;35.7;15.7
49;2021-05-20;6809;2965;297846;130892;36.5;16.0
49;2021-05-21;6452;3745;304298;134637;37.3;16.5
49;2021-05-22;5186;1190;309484;135827;37.9;16.6
49;2021-05-23;1;12;309485;135839;37.9;16.6
49;2021-05-24;4215;448;313700;136287;38.4;16.7
49;2021-05-25;6330;3306;320030;139593;39.2;17.1
49;2021-05-26;6274;2666;326304;142259;40.0;17.4
49;2021-05-27;7111;2723;333415;144982;40.9;17.8
49;2021-05-28;6877;4012;340292;148994;41.7;18.3
49;2021-05-29;5024;1894;345316;150888;42.3;18.5
49;2021-05-30;21;14;345337;150902;42.3;18.5
49;2021-05-31;6038;3220;351375;154122;43.1;18.9
49;2021-06-01;6591;3986;357966;158108;43.9;19.4
49;2021-06-02;5795;3741;363761;161849;44.6;19.8
49;2021-06-03;6605;3421;370366;165270;45.4;20.3
49;2021-06-04;6471;4862;376837;170132;46.2;20.9
49;2021-06-05;4387;2695;381224;172827;46.7;21.2
49;2021-06-06;38;52;381262;172879;46.7;21.2
49;2021-06-07;4634;4761;385896;177640;47.3;21.8
49;2021-06-08;5188;5103;391084;182743;47.9;22.4
49;2021-06-09;5325;4502;396409;187245;48.6;23.0
49;2021-06-10;6006;3781;402415;191026;49.3;23.4
49;2021-06-11;4872;6036;407287;197062;49.9;24.2
49;2021-06-12;4098;3203;411385;200265;50.4;24.5
49;2021-06-13;20;989;411405;201254;50.4;24.7
49;2021-06-14;3412;6016;414817;207270;50.8;25.4
49;2021-06-15;4243;6396;419060;213666;51.4;26.2
49;2021-06-16;4152;5681;423212;219347;51.9;26.9
49;2021-06-17;5068;5077;428280;224424;52.5;27.5
49;2021-06-18;4134;6889;432414;231313;53.0;28.4
49;2021-06-19;3525;3973;435939;235286;53.4;28.8
49;2021-06-20;33;25;435972;235311;53.4;28.8
49;2021-06-21;2829;6511;438801;241822;53.8;29.6
49;2021-06-22;3208;7004;442009;248826;54.2;30.5
49;2021-06-23;3254;6315;445263;255141;54.6;31.3
49;2021-06-24;4318;4979;449581;260120;55.1;31.9
49;2021-06-25;3326;7450;452907;267570;55.5;32.8
49;2021-06-26;2570;4626;455477;272196;55.8;33.4
49;2021-06-27;15;1544;455492;273740;55.8;33.6
49;2021-06-28;2234;7185;457726;280925;56.1;34.4
49;2021-06-29;3029;7271;460755;288196;56.5;35.3
49;2021-06-30;2826;6804;463581;295000;56.8;36.2
49;2021-07-01;3395;6276;466976;301276;57.2;36.9
49;2021-07-02;3069;8070;470045;309346;57.6;37.9
49;2021-07-03;2008;5486;472053;314832;57.9;38.6
49;2021-07-04;7;53;472060;314885;57.9;38.6
49;2021-07-05;1742;7081;473802;321966;58.1;39.5
49;2021-07-06;1895;7552;475697;329518;58.3;40.4
49;2021-07-07;2102;6626;477799;336144;58.6;41.2
49;2021-07-08;2691;6357;480490;342501;58.9;42.0
49;2021-07-09;2362;8248;482852;350749;59.2;43.0
49;2021-07-10;1804;5344;484656;356093;59.4;43.6
49;2021-07-11;11;35;484667;356128;59.4;43.6
49;2021-07-12;1948;7713;486615;363841;59.6;44.6
49;2021-07-13;2573;8305;489188;372146;60.0;45.6
49;2021-07-14;2893;3374;492081;375520;60.3;46.0
49;2021-07-15;3168;7555;495249;383075;60.7;47.0
49;2021-07-16;3398;8299;498647;391374;61.1;48.0
49;2021-07-17;2103;5479;500750;396853;61.4;48.6
49;2021-07-18;3750;582;504500;397435;61.8;48.7
49;2021-07-19;2668;7452;507168;404887;62.2;49.6
49;2021-07-20;3588;7479;510756;412366;62.6;50.5
49;2021-07-21;4230;6464;514986;418830;63.1;51.3
49;2021-07-22;4816;5863;519802;424693;63.7;52.1
49;2021-07-23;5116;6625;524918;431318;64.3;52.9
49;2021-07-24;3688;5003;528606;436321;64.8;53.5
49;2021-07-25;67;33;528673;436354;64.8;53.5
49;2021-07-26;4517;5901;533190;442255;65.4;54.2
49;2021-07-27;5754;5444;538944;447699;66.1;54.9
49;2021-07-28;6019;4364;544963;452063;66.8;55.4
49;2021-07-29;6704;4155;551667;456218;67.6;55.9
49;2021-07-30;6176;4790;557843;461008;68.4;56.5
49;2021-07-31;3958;3422;561801;464430;68.9;56.9
49;2021-08-01;21;22;561822;464452;68.9;56.9
49;2021-08-02;4271;4654;566093;469106;69.4;57.5
49;2021-08-03;5433;3804;571526;472910;70.1;58.0
49;2021-08-04;5274;3717;576800;476627;70.7;58.4
49;2021-08-05;5305;3289;582105;479916;71.3;58.8
49;2021-08-06;5715;4281;587820;484197;72.0;59.3
49;2021-08-07;3915;3044;591735;487241;72.5;59.7
49;2021-08-08;24;36;591759;487277;72.5;59.7
49;2021-08-09;3497;4681;595256;491958;73.0;60.3
49;2021-08-10;4222;3902;599478;495860;73.5;60.8
49;2021-08-11;3985;3649;603463;499509;74.0;61.2
49;2021-08-12;2637;3055;606100;502564;74.3;61.6
49;2021-08-13;3869;4267;609969;506831;74.8;62.1
49;2021-08-14;2274;3151;612243;509982;75.0;62.5
49;2021-08-15;29;26;612272;510008;75.0;62.5
49;2021-08-16;2723;5063;614995;515071;75.4;63.1
49;2021-08-17;3273;4914;618268;519985;75.8;63.7
49;2021-08-18;2969;4115;621237;524100;76.1;64.2
49;2021-08-19;1537;3661;622774;527761;76.3;64.7
49;2021-08-20;2726;5775;625500;533536;76.7;65.4
49;2021-08-21;1377;4149;626877;537685;76.8;65.9
49;2021-08-22;6;41;626883;537726;76.8;65.9
49;2021-08-23;2247;5626;629130;543352;77.1;66.6
49;2021-08-24;2733;5783;631863;549135;77.4;67.3
49;2021-08-25;2325;5431;634188;554566;77.7;68.0
49;2021-08-26;1704;4827;635892;559393;77.9;68.6
49;2021-08-27;2440;6809;638332;566202;78.2;69.4
49;2021-08-28;901;4304;639233;570506;78.3;69.9
49;2021-08-29;4;94;639237;570600;78.3;69.9
49;2021-08-30;1151;4295;640388;574895;78.5;70.5
49;2021-08-31;2232;6001;642620;580896;78.8;71.2
49;2021-09-01;1678;4424;644298;585320;79.0;71.7
49;2021-09-02;1049;2803;645347;588123;79.1;72.1
49;2021-09-03;1455;4182;646802;592305;79.3;72.6
49;2021-09-04;1207;3567;648009;595872;79.4;73.0
49;2021-09-05;4;9;648013;595881;79.4;73.0
49;2021-09-06;1092;2914;649105;598795;79.6;73.4
49;2021-09-07;1173;2867;650278;601662;79.7;73.7
49;2021-09-08;972;3305;651250;604967;79.8;74.1
49;2021-09-09;751;1766;652001;606733;79.9;74.4
50;2020-12-27;0;0;0;0;0.0;0.0
50;2020-12-28;0;0;0;0;0.0;0.0
50;2020-12-29;1;0;1;0;0.0;0.0
50;2020-12-30;0;0;1;0;0.0;0.0
50;2020-12-31;0;0;1;0;0.0;0.0
50;2021-01-01;0;0;1;0;0.0;0.0
50;2021-01-02;0;0;1;0;0.0;0.0
50;2021-01-03;0;0;1;0;0.0;0.0
50;2021-01-04;1;0;2;0;0.0;0.0
50;2021-01-05;0;0;2;0;0.0;0.0
50;2021-01-06;126;0;128;0;0.0;0.0
50;2021-01-07;323;0;451;0;0.1;0.0
50;2021-01-08;436;2;887;2;0.2;0.0
50;2021-01-09;236;0;1123;2;0.2;0.0
50;2021-01-10;23;0;1146;2;0.2;0.0
50;2021-01-11;391;1;1537;3;0.3;0.0
50;2021-01-12;600;0;2137;3;0.4;0.0
50;2021-01-13;694;4;2831;7;0.6;0.0
50;2021-01-14;1046;5;3877;12;0.8;0.0
50;2021-01-15;710;2;4587;14;0.9;0.0
50;2021-01-16;215;3;4802;17;1.0;0.0
50;2021-01-17;1;0;4803;17;1.0;0.0
50;2021-01-18;620;1;5423;18;1.1;0.0
50;2021-01-19;901;3;6324;21;1.3;0.0
50;2021-01-20;965;0;7289;21;1.5;0.0
50;2021-01-21;917;4;8206;25;1.7;0.0
50;2021-01-22;713;2;8919;27;1.8;0.0
50;2021-01-23;667;4;9586;31;2.0;0.0
50;2021-01-24;880;3;10466;34;2.1;0.0
50;2021-01-25;2711;9;13177;43;2.7;0.0
50;2021-01-26;1336;14;14513;57;3.0;0.0
50;2021-01-27;766;56;15279;113;3.1;0.0
50;2021-01-28;718;163;15997;276;3.3;0.1
50;2021-01-29;581;293;16578;569;3.4;0.1
50;2021-01-30;381;161;16959;730;3.5;0.1
50;2021-01-31;0;0;16959;730;3.5;0.1
50;2021-02-01;450;213;17409;943;3.5;0.2
50;2021-02-02;417;226;17826;1169;3.6;0.2
50;2021-02-03;391;368;18217;1537;3.7;0.3
50;2021-02-04;486;432;18703;1969;3.8;0.4
50;2021-02-05;424;433;19127;2402;3.9;0.5
50;2021-02-06;179;107;19306;2509;3.9;0.5
50;2021-02-07;0;0;19306;2509;3.9;0.5
50;2021-02-08;254;461;19560;2970;4.0;0.6
50;2021-02-09;246;570;19806;3540;4.0;0.7
50;2021-02-10;571;489;20377;4029;4.2;0.8
50;2021-02-11;437;862;20814;4891;4.2;1.0
50;2021-02-12;329;608;21143;5499;4.3;1.1
50;2021-02-13;306;451;21449;5950;4.4;1.2
50;2021-02-14;185;819;21634;6769;4.4;1.4
50;2021-02-15;663;1930;22297;8699;4.5;1.8
50;2021-02-16;746;1521;23043;10220;4.7;2.1
50;2021-02-17;632;718;23675;10938;4.8;2.2
50;2021-02-18;569;728;24244;11666;4.9;2.4
50;2021-02-19;631;436;24875;12102;5.1;2.5
50;2021-02-20;423;151;25298;12253;5.2;2.5
50;2021-02-21;85;22;25383;12275;5.2;2.5
50;2021-02-22;291;632;25674;12907;5.2;2.6
50;2021-02-23;502;477;26176;13384;5.3;2.7
50;2021-02-24;624;520;26800;13904;5.5;2.8
50;2021-02-25;779;516;27579;14420;5.6;2.9
50;2021-02-26;999;346;28578;14766;5.8;3.0
50;2021-02-27;887;106;29465;14872;6.0;3.0
50;2021-02-28;111;0;29576;14872;6.0;3.0
50;2021-03-01;488;484;30064;15356;6.1;3.1
50;2021-03-02;651;481;30715;15837;6.3;3.2
50;2021-03-03;797;409;31512;16246;6.4;3.3
50;2021-03-04;1248;307;32760;16553;6.7;3.4
50;2021-03-05;1554;320;34314;16873;7.0;3.4
50;2021-03-06;1319;148;35633;17021;7.3;3.5
50;2021-03-07;550;42;36183;17063;7.4;3.5
50;2021-03-08;1025;609;37208;17672;7.6;3.6
50;2021-03-09;1559;573;38767;18245;7.9;3.7
50;2021-03-10;1609;317;40376;18562;8.2;3.8
50;2021-03-11;2352;350;42728;18912;8.7;3.9
50;2021-03-12;2866;250;45594;19162;9.3;3.9
50;2021-03-13;1994;135;47588;19297;9.7;3.9
50;2021-03-14;280;41;47868;19338;9.8;3.9
50;2021-03-15;1378;296;49246;19634;10.0;4.0
50;2021-03-16;1341;279;50587;19913;10.3;4.1
50;2021-03-17;1296;409;51883;20322;10.6;4.1
50;2021-03-18;1162;427;53045;20749;10.8;4.2
50;2021-03-19;1733;578;54778;21327;11.2;4.3
50;2021-03-20;1688;230;56466;21557;11.5;4.4
50;2021-03-21;794;12;57260;21569;11.7;4.4
50;2021-03-22;1509;334;58769;21903;12.0;4.5
50;2021-03-23;2077;397;60846;22300;12.4;4.5
50;2021-03-24;2281;551;63127;22851;12.9;4.7
50;2021-03-25;2812;471;65939;23322;13.4;4.8
50;2021-03-26;3206;471;69145;23793;14.1;4.8
50;2021-03-27;1823;373;70968;24166;14.5;4.9
50;2021-03-28;403;20;71371;24186;14.5;4.9
50;2021-03-29;2139;721;73510;24907;15.0;5.1
50;2021-03-30;2283;644;75793;25551;15.4;5.2
50;2021-03-31;2478;571;78271;26122;16.0;5.3
50;2021-04-01;3106;866;81377;26988;16.6;5.5
50;2021-04-02;2963;930;84340;27918;17.2;5.7
50;2021-04-03;1245;680;85585;28598;17.4;5.8
50;2021-04-04;321;136;85906;28734;17.5;5.9
50;2021-04-05;400;27;86306;28761;17.6;5.9
50;2021-04-06;2129;1224;88435;29985;18.0;6.1
50;2021-04-07;2559;1175;90994;31160;18.5;6.4
50;2021-04-08;3597;1210;94591;32370;19.3;6.6
50;2021-04-09;3936;1299;98527;33669;20.1;6.9
50;2021-04-10;2533;875;101060;34544;20.6;7.0
50;2021-04-11;411;144;101471;34688;20.7;7.1
50;2021-04-12;2438;1376;103909;36064;21.2;7.3
50;2021-04-13;2677;1518;106586;37582;21.7;7.7
50;2021-04-14;2608;1352;109194;38934;22.3;7.9
50;2021-04-15;3162;1118;112356;40052;22.9;8.2
50;2021-04-16;3365;1102;115721;41154;23.6;8.4
50;2021-04-17;2398;1184;118119;42338;24.1;8.6
50;2021-04-18;425;664;118544;43002;24.2;8.8
50;2021-04-19;1997;1473;120541;44475;24.6;9.1
50;2021-04-20;2275;1587;122816;46062;25.0;9.4
50;2021-04-21;2552;1760;125368;47822;25.6;9.7
50;2021-04-22;3078;1827;128446;49649;26.2;10.1
50;2021-04-23;2758;1916;131204;51565;26.7;10.5
50;2021-04-24;1901;1430;133105;52995;27.1;10.8
50;2021-04-25;470;272;133575;53267;27.2;10.9
50;2021-04-26;2120;1884;135695;55151;27.7;11.2
50;2021-04-27;2413;2002;138108;57153;28.1;11.6
50;2021-04-28;2708;1974;140816;59127;28.7;12.1
50;2021-04-29;3286;2044;144102;61171;29.4;12.5
50;2021-04-30;3000;1930;147102;63101;30.0;12.9
50;2021-05-01;1015;596;148117;63697;30.2;13.0
50;2021-05-02;523;448;148640;64145;30.3;13.1
50;2021-05-03;1771;1804;150411;65949;30.7;13.4
50;2021-05-04;1771;2330;152182;68279;31.0;13.9
50;2021-05-05;1661;2950;153843;71229;31.4;14.5
50;2021-05-06;2531;2582;156374;73811;31.9;15.0
50;2021-05-07;2150;2853;158524;76664;32.3;15.6
50;2021-05-08;1171;791;159695;77455;32.5;15.8
50;2021-05-09;624;361;160319;77816;32.7;15.9
50;2021-05-10;1705;2605;162024;80421;33.0;16.4
50;2021-05-11;2543;2844;164567;83265;33.5;17.0
50;2021-05-12;3180;2437;167747;85702;34.2;17.5
50;2021-05-13;3383;611;171130;86313;34.9;17.6
50;2021-05-14;3571;2275;174701;88588;35.6;18.1
50;2021-05-15;4003;1875;178704;90463;36.4;18.4
50;2021-05-16;947;267;179651;90730;36.6;18.5
50;2021-05-17;2140;1877;181791;92607;37.0;18.9
50;2021-05-18;2523;1619;184314;94226;37.6;19.2
50;2021-05-19;2503;1447;186817;95673;38.1;19.5
50;2021-05-20;3261;1624;190078;97297;38.7;19.8
50;2021-05-21;3158;1909;193236;99206;39.4;20.2
50;2021-05-22;2651;1324;195887;100530;39.9;20.5
50;2021-05-23;604;284;196491;100814;40.0;20.5
50;2021-05-24;1527;490;198018;101304;40.4;20.6
50;2021-05-25;2450;1670;200468;102974;40.9;21.0
50;2021-05-26;3000;1458;203468;104432;41.5;21.3
50;2021-05-27;3034;1975;206502;106407;42.1;21.7
50;2021-05-28;2945;2118;209447;108525;42.7;22.1
50;2021-05-29;2760;1403;212207;109928;43.2;22.4
50;2021-05-30;812;328;213019;110256;43.4;22.5
50;2021-05-31;2652;1816;215671;112072;44.0;22.8
50;2021-06-01;3332;2066;219003;114138;44.6;23.3
50;2021-06-02;3260;1789;222263;115927;45.3;23.6
50;2021-06-03;3914;2062;226177;117989;46.1;24.0
50;2021-06-04;3824;2879;230001;120868;46.9;24.6
50;2021-06-05;2960;1840;232961;122708;47.5;25.0
50;2021-06-06;813;443;233774;123151;47.6;25.1
50;2021-06-07;3513;2079;237287;125230;48.4;25.5
50;2021-06-08;4072;2228;241359;127458;49.2;26.0
50;2021-06-09;4255;1990;245614;129448;50.1;26.4
50;2021-06-10;4198;2118;249812;131566;50.9;26.8
50;2021-06-11;4226;2714;254038;134280;51.8;27.4
50;2021-06-12;3738;1614;257776;135894;52.5;27.7
50;2021-06-13;1143;451;258919;136345;52.8;27.8
50;2021-06-14;2694;2966;261613;139311;53.3;28.4
50;2021-06-15;3020;2600;264633;141911;53.9;28.9
50;2021-06-16;3096;1974;267729;143885;54.6;29.3
50;2021-06-17;2798;2487;270527;146372;55.1;29.8
50;2021-06-18;3240;3052;273767;149424;55.8;30.5
50;2021-06-19;3178;1925;276945;151349;56.4;30.8
50;2021-06-20;731;710;277676;152059;56.6;31.0
50;2021-06-21;1819;3130;279495;155189;57.0;31.6
50;2021-06-22;2064;3392;281559;158581;57.4;32.3
50;2021-06-23;1873;3875;283432;162456;57.8;33.1
50;2021-06-24;1714;4008;285146;166464;58.1;33.9
50;2021-06-25;2135;4010;287281;170474;58.5;34.7
50;2021-06-26;2146;3693;289427;174167;59.0;35.5
50;2021-06-27;616;895;290043;175062;59.1;35.7
50;2021-06-28;1926;3349;291969;178411;59.5;36.4
50;2021-06-29;1882;3406;293851;181817;59.9;37.1
50;2021-06-30;2183;3407;296034;185224;60.3;37.7
50;2021-07-01;1947;3281;297981;188505;60.7;38.4
50;2021-07-02;1899;3931;299880;192436;61.1;39.2
50;2021-07-03;1447;3445;301327;195881;61.4;39.9
50;2021-07-04;445;1066;301772;196947;61.5;40.1
50;2021-07-05;1262;3412;303034;200359;61.8;40.8
50;2021-07-06;1576;3894;304610;204253;62.1;41.6
50;2021-07-07;1803;3618;306413;207871;62.4;42.4
50;2021-07-08;1377;4106;307790;211977;62.7;43.2
50;2021-07-09;1395;4572;309185;216549;63.0;44.1
50;2021-07-10;1025;3599;310210;220148;63.2;44.9
50;2021-07-11;373;1018;310583;221166;63.3;45.1
50;2021-07-12;1319;4624;311902;225790;63.6;46.0
50;2021-07-13;1626;4858;313528;230648;63.9;47.0
50;2021-07-14;1476;2359;315004;233007;64.2;47.5
50;2021-07-15;1687;5055;316691;238062;64.5;48.5
50;2021-07-16;2994;5243;319685;243305;65.2;49.6
50;2021-07-17;2149;3731;321834;247036;65.6;50.3
50;2021-07-18;402;1089;322236;248125;65.7;50.6
50;2021-07-19;1574;5183;323810;253308;66.0;51.6
50;2021-07-20;1929;5412;325739;258720;66.4;52.7
50;2021-07-21;1803;5257;327542;263977;66.8;53.8
50;2021-07-22;1949;5006;329491;268983;67.2;54.8
50;2021-07-23;2072;5373;331563;274356;67.6;55.9
50;2021-07-24;1310;3837;332873;278193;67.8;56.7
50;2021-07-25;274;1037;333147;279230;67.9;56.9
50;2021-07-26;2289;3486;335436;282716;68.4;57.6
50;2021-07-27;2897;3345;338333;286061;69.0;58.3
50;2021-07-28;2994;3688;341327;289749;69.6;59.1
50;2021-07-29;3580;3231;344907;292980;70.3;59.7
50;2021-07-30;3073;3004;347980;295984;70.9;60.3
50;2021-07-31;2406;2672;350386;298656;71.4;60.9
50;2021-08-01;483;685;350869;299341;71.5;61.0
50;2021-08-02;2468;2739;353337;302080;72.0;61.6
50;2021-08-03;3398;2469;356735;304549;72.7;62.1
50;2021-08-04;3595;2322;360330;306871;73.4;62.5
50;2021-08-05;3174;2159;363504;309030;74.1;63.0
50;2021-08-06;3643;2799;367147;311829;74.8;63.6
50;2021-08-07;2458;2156;369605;313985;75.3;64.0
50;2021-08-08;511;712;370116;314697;75.4;64.1
50;2021-08-09;2482;2133;372598;316830;75.9;64.6
50;2021-08-10;2964;1985;375562;318815;76.5;65.0
50;2021-08-11;2824;2017;378386;320832;77.1;65.4
50;2021-08-12;2568;2439;380954;323271;77.6;65.9
50;2021-08-13;2460;1985;383414;325256;78.1;66.3
50;2021-08-14;1806;1746;385220;327002;78.5;66.6
50;2021-08-15;399;334;385619;327336;78.6;66.7
50;2021-08-16;1692;2228;387311;329564;78.9;67.2
50;2021-08-17;1949;2703;389260;332267;79.3;67.7
50;2021-08-18;1814;2388;391074;334655;79.7;68.2
50;2021-08-19;1696;2574;392770;337229;80.0;68.7
50;2021-08-20;1596;2744;394366;339973;80.4;69.3
50;2021-08-21;1004;2727;395370;342700;80.6;69.8
50;2021-08-22;384;519;395754;343219;80.7;69.9
50;2021-08-23;1135;2902;396889;346121;80.9;70.5
50;2021-08-24;1236;3222;398125;349343;81.1;71.2
50;2021-08-25;1084;2650;399209;351993;81.4;71.7
50;2021-08-26;856;3155;400065;355148;81.5;72.4
50;2021-08-27;929;3180;400994;358328;81.7;73.0
50;2021-08-28;789;2888;401783;361216;81.9;73.6
50;2021-08-29;282;574;402065;361790;81.9;73.7
50;2021-08-30;767;2945;402832;364735;82.1;74.3
50;2021-08-31;816;3032;403648;367767;82.3;75.0
50;2021-09-01;627;2885;404275;370652;82.4;75.5
50;2021-09-02;499;2536;404774;373188;82.5;76.1
50;2021-09-03;652;2836;405426;376024;82.6;76.6
50;2021-09-04;619;2981;406045;379005;82.8;77.2
50;2021-09-05;194;741;406239;379746;82.8;77.4
50;2021-09-06;372;2163;406611;381909;82.9;77.8
50;2021-09-07;292;1701;406903;383610;82.9;78.2
50;2021-09-08;457;2113;407360;385723;83.0;78.6
50;2021-09-09;375;1476;407735;387199;83.1;78.9
51;2020-12-27;0;0;0;0;0.0;0.0
51;2020-12-28;0;0;0;0;0.0;0.0
51;2020-12-29;0;0;0;0;0.0;0.0
51;2020-12-30;0;0;0;0;0.0;0.0
51;2020-12-31;1;0;1;0;0.0;0.0
51;2021-01-01;0;0;1;0;0.0;0.0
51;2021-01-02;0;0;1;0;0.0;0.0
51;2021-01-03;0;0;1;0;0.0;0.0
51;2021-01-04;1;0;2;0;0.0;0.0
51;2021-01-05;1;0;3;0;0.0;0.0
51;2021-01-06;6;0;9;0;0.0;0.0
51;2021-01-07;262;1;271;1;0.0;0.0
51;2021-01-08;507;1;778;2;0.1;0.0
51;2021-01-09;91;0;869;2;0.2;0.0
51;2021-01-10;0;0;869;2;0.2;0.0
51;2021-01-11;545;2;1414;4;0.3;0.0
51;2021-01-12;1539;4;2953;8;0.5;0.0
51;2021-01-13;1291;5;4244;13;0.8;0.0
51;2021-01-14;1476;6;5720;19;1.0;0.0
51;2021-01-15;607;3;6327;22;1.1;0.0
51;2021-01-16;177;1;6504;23;1.2;0.0
51;2021-01-17;102;0;6606;23;1.2;0.0
51;2021-01-18;846;3;7452;26;1.3;0.0
51;2021-01-19;999;2;8451;28;1.5;0.0
51;2021-01-20;944;8;9395;36;1.7;0.0
51;2021-01-21;790;2;10185;38;1.8;0.0
51;2021-01-22;392;2;10577;40;1.9;0.0
51;2021-01-23;294;0;10871;40;1.9;0.0
51;2021-01-24;130;1;11001;41;2.0;0.0
51;2021-01-25;712;3;11713;44;2.1;0.0
51;2021-01-26;780;5;12493;49;2.2;0.0
51;2021-01-27;655;2;13148;51;2.3;0.0
51;2021-01-28;646;57;13794;108;2.4;0.0
51;2021-01-29;474;142;14268;250;2.5;0.0
51;2021-01-30;126;5;14394;255;2.6;0.0
51;2021-01-31;83;0;14477;255;2.6;0.0
51;2021-02-01;275;58;14752;313;2.6;0.1
51;2021-02-02;738;710;15490;1023;2.7;0.2
51;2021-02-03;642;454;16132;1477;2.9;0.3
51;2021-02-04;968;789;17100;2266;3.0;0.4
51;2021-02-05;973;507;18073;2773;3.2;0.5
51;2021-02-06;30;139;18103;2912;3.2;0.5
51;2021-02-07;0;18;18103;2930;3.2;0.5
51;2021-02-08;115;394;18218;3324;3.2;0.6
51;2021-02-09;222;456;18440;3780;3.3;0.7
51;2021-02-10;219;609;18659;4389;3.3;0.8
51;2021-02-11;299;502;18958;4891;3.4;0.9
51;2021-02-12;341;512;19299;5403;3.4;1.0
51;2021-02-13;8;100;19307;5503;3.4;1.0
51;2021-02-14;8;128;19315;5631;3.4;1.0
51;2021-02-15;265;663;19580;6294;3.5;1.1
51;2021-02-16;400;815;19980;7109;3.5;1.3
51;2021-02-17;367;747;20347;7856;3.6;1.4
51;2021-02-18;437;515;20784;8371;3.7;1.5
51;2021-02-19;529;396;21313;8767;3.8;1.6
51;2021-02-20;205;278;21518;9045;3.8;1.6
51;2021-02-21;10;93;21528;9138;3.8;1.6
51;2021-02-22;195;594;21723;9732;3.9;1.7
51;2021-02-23;262;992;21985;10724;3.9;1.9
51;2021-02-24;414;595;22399;11319;4.0;2.0
51;2021-02-25;1050;809;23449;12128;4.2;2.2
51;2021-02-26;1227;620;24676;12748;4.4;2.3
51;2021-02-27;590;104;25266;12852;4.5;2.3
51;2021-02-28;7;57;25273;12909;4.5;2.3
51;2021-03-01;767;288;26040;13197;4.6;2.3
51;2021-03-02;1128;424;27168;13621;4.8;2.4
51;2021-03-03;1193;430;28361;14051;5.0;2.5
51;2021-03-04;1061;657;29422;14708;5.2;2.6
51;2021-03-05;1560;603;30982;15311;5.5;2.7
51;2021-03-06;1433;58;32415;15369;5.7;2.7
51;2021-03-07;250;6;32665;15375;5.8;2.7
51;2021-03-08;992;100;33657;15475;6.0;2.7
51;2021-03-09;1664;189;35321;15664;6.3;2.8
51;2021-03-10;1993;101;37314;15765;6.6;2.8
51;2021-03-11;2372;169;39686;15934;7.0;2.8
51;2021-03-12;3253;155;42939;16089;7.6;2.9
51;2021-03-13;2550;51;45489;16140;8.1;2.9
51;2021-03-14;190;5;45679;16145;8.1;2.9
51;2021-03-15;1580;150;47259;16295;8.4;2.9
51;2021-03-16;1479;183;48738;16478;8.6;2.9
51;2021-03-17;1497;206;50235;16684;8.9;3.0
51;2021-03-18;1615;287;51850;16971;9.2;3.0
51;2021-03-19;2311;300;54161;17271;9.6;3.1
51;2021-03-20;1662;217;55823;17488;9.9;3.1
51;2021-03-21;133;4;55956;17492;9.9;3.1
51;2021-03-22;1417;122;57373;17614;10.2;3.1
51;2021-03-23;2468;165;59841;17779;10.6;3.2
51;2021-03-24;2844;131;62685;17910;11.1;3.2
51;2021-03-25;3254;335;65939;18245;11.7;3.2
51;2021-03-26;3413;499;69352;18744;12.3;3.3
51;2021-03-27;1842;251;71194;18995;12.6;3.4
51;2021-03-28;213;3;71407;18998;12.7;3.4
51;2021-03-29;991;635;72398;19633;12.8;3.5
51;2021-03-30;1748;852;74146;20485;13.2;3.6
51;2021-03-31;1738;757;75884;21242;13.5;3.8
51;2021-04-01;2283;447;78167;21689;13.9;3.8
51;2021-04-02;2425;641;80592;22330;14.3;4.0
51;2021-04-03;1304;411;81896;22741;14.5;4.0
51;2021-04-04;106;2;82002;22743;14.5;4.0
51;2021-04-05;72;140;82074;22883;14.6;4.1
51;2021-04-06;763;1233;82837;24116;14.7;4.3
51;2021-04-07;1313;1409;84150;25525;14.9;4.5
51;2021-04-08;2206;1768;86356;27293;15.3;4.8
51;2021-04-09;2862;1730;89218;29023;15.8;5.1
51;2021-04-10;2219;497;91437;29520;16.2;5.2
51;2021-04-11;105;85;91542;29605;16.2;5.3
51;2021-04-12;1450;1340;92992;30945;16.5;5.5
51;2021-04-13;1936;1679;94928;32624;16.8;5.8
51;2021-04-14;2461;1555;97389;34179;17.3;6.1
51;2021-04-15;2855;1671;100244;35850;17.8;6.4
51;2021-04-16;3215;1596;103459;37446;18.3;6.6
51;2021-04-17;1966;775;105425;38221;18.7;6.8
51;2021-04-18;296;114;105721;38335;18.8;6.8
51;2021-04-19;1561;1159;107282;39494;19.0;7.0
51;2021-04-20;1794;1662;109076;41156;19.3;7.3
51;2021-04-21;2005;1740;111081;42896;19.7;7.6
51;2021-04-22;2407;1660;113488;44556;20.1;7.9
51;2021-04-23;2982;1829;116470;46385;20.7;8.2
51;2021-04-24;1750;951;118220;47336;21.0;8.4
51;2021-04-25;123;161;118343;47497;21.0;8.4
51;2021-04-26;1851;761;120194;48258;21.3;8.6
51;2021-04-27;2442;1232;122636;49490;21.8;8.8
51;2021-04-28;2552;1293;125188;50783;22.2;9.0
51;2021-04-29;2674;1462;127862;52245;22.7;9.3
51;2021-04-30;2976;1672;130838;53917;23.2;9.6
51;2021-05-01;1454;413;132292;54330;23.5;9.6
51;2021-05-02;107;99;132399;54429;23.5;9.7
51;2021-05-03;2484;763;134883;55192;23.9;9.8
51;2021-05-04;2788;1353;137671;56545;24.4;10.0
51;2021-05-05;2860;1639;140531;58184;24.9;10.3
51;2021-05-06;5344;1951;145875;60135;25.9;10.7
51;2021-05-07;3705;1919;149580;62054;26.5;11.0
51;2021-05-08;2861;819;152441;62873;27.0;11.2
51;2021-05-09;211;92;152652;62965;27.1;11.2
51;2021-05-10;3215;1867;155867;64832;27.6;11.5
51;2021-05-11;3643;2034;159510;66866;28.3;11.9
51;2021-05-12;4182;2232;163692;69098;29.0;12.3
51;2021-05-13;1778;505;165470;69603;29.3;12.3
51;2021-05-14;5402;1743;170872;71346;30.3;12.7
51;2021-05-15;4229;1353;175101;72699;31.1;12.9
51;2021-05-16;284;46;175385;72745;31.1;12.9
51;2021-05-17;3133;1525;178518;74270;31.7;13.2
51;2021-05-18;3918;1769;182436;76039;32.4;13.5
51;2021-05-19;4031;1723;186467;77762;33.1;13.8
51;2021-05-20;4650;1967;191117;79729;33.9;14.1
51;2021-05-21;3597;2472;194714;82201;34.5;14.6
51;2021-05-22;2076;1548;196790;83749;34.9;14.9
51;2021-05-23;308;210;197098;83959;35.0;14.9
51;2021-05-24;2019;718;199117;84677;35.3;15.0
51;2021-05-25;3130;1830;202247;86507;35.9;15.3
51;2021-05-26;3298;1716;205545;88223;36.5;15.6
51;2021-05-27;3267;2060;208812;90283;37.0;16.0
51;2021-05-28;3606;2814;212418;93097;37.7;16.5
51;2021-05-29;2402;1992;214820;95089;38.1;16.9
51;2021-05-30;401;133;215221;95222;38.2;16.9
51;2021-05-31;3350;1777;218571;96999;38.8;17.2
51;2021-06-01;3855;2329;222426;99328;39.4;17.6
51;2021-06-02;6098;2327;228524;101655;40.5;18.0
51;2021-06-03;3582;2425;232106;104080;41.2;18.5
51;2021-06-04;6345;2939;238451;107019;42.3;19.0
51;2021-06-05;2599;1816;241050;108835;42.8;19.3
51;2021-06-06;172;157;241222;108992;42.8;19.3
51;2021-06-07;4303;2164;245525;111156;43.5;19.7
51;2021-06-08;3925;2531;249450;113687;44.2;20.2
51;2021-06-09;4018;2747;253468;116434;45.0;20.7
51;2021-06-10;3208;2487;256676;118921;45.5;21.1
51;2021-06-11;3358;3427;260034;122348;46.1;21.7
51;2021-06-12;2166;2171;262200;124519;46.5;22.1
51;2021-06-13;191;149;262391;124668;46.5;22.1
51;2021-06-14;1627;3330;264018;127998;46.8;22.7
51;2021-06-15;3191;3577;267209;131575;47.4;23.3
51;2021-06-16;2208;3683;269417;135258;47.8;24.0
51;2021-06-17;2609;5401;272026;140659;48.2;24.9
51;2021-06-18;2357;5210;274383;145869;48.7;25.9
51;2021-06-19;1683;4425;276066;150294;49.0;26.7
51;2021-06-20;184;228;276250;150522;49.0;26.7
51;2021-06-21;1231;4438;277481;154960;49.2;27.5
51;2021-06-22;1558;4044;279039;159004;49.5;28.2
51;2021-06-23;3670;4239;282709;163243;50.1;29.0
51;2021-06-24;2247;3228;284956;166471;50.5;29.5
51;2021-06-25;1907;6525;286863;172996;50.9;30.7
51;2021-06-26;1203;5067;288066;178063;51.1;31.6
51;2021-06-27;103;336;288169;178399;51.1;31.6
51;2021-06-28;1401;4414;289570;182813;51.4;32.4
51;2021-06-29;1175;4463;290745;187276;51.6;33.2
51;2021-06-30;1687;6045;292432;193321;51.9;34.3
51;2021-07-01;1978;3766;294410;197087;52.2;35.0
51;2021-07-02;1836;6890;296246;203977;52.5;36.2
51;2021-07-03;1004;3197;297250;207174;52.7;36.7
51;2021-07-04;171;254;297421;207428;52.8;36.8
51;2021-07-05;768;5529;298189;212957;52.9;37.8
51;2021-07-06;1248;4779;299437;217736;53.1;38.6
51;2021-07-07;1615;4935;301052;222671;53.4;39.5
51;2021-07-08;2068;3431;303120;226102;53.8;40.1
51;2021-07-09;1855;5054;304975;231156;54.1;41.0
51;2021-07-10;1236;3205;306211;234361;54.3;41.6
51;2021-07-11;191;281;306402;234642;54.3;41.6
51;2021-07-12;995;4379;307397;239021;54.5;42.4
51;2021-07-13;1481;4773;308878;243794;54.8;43.2
51;2021-07-14;1071;1690;309949;245484;55.0;43.5
51;2021-07-15;2937;4910;312886;250394;55.5;44.4
51;2021-07-16;2364;5275;315250;255669;55.9;45.3
51;2021-07-17;1821;3478;317071;259147;56.2;46.0
51;2021-07-18;163;330;317234;259477;56.3;46.0
51;2021-07-19;1892;3979;319126;263456;56.6;46.7
51;2021-07-20;2585;5140;321711;268596;57.1;47.6
51;2021-07-21;3614;4066;325325;272662;57.7;48.4
51;2021-07-22;4413;3758;329738;276420;58.5;49.0
51;2021-07-23;3643;4380;333381;280800;59.1;49.8
51;2021-07-24;2086;2722;335467;283522;59.5;50.3
51;2021-07-25;356;258;335823;283780;59.6;50.3
51;2021-07-26;3115;2811;338938;286591;60.1;50.8
51;2021-07-27;5857;3272;344795;289863;61.2;51.4
51;2021-07-28;4137;4319;348932;294182;61.9;52.2
51;2021-07-29;4701;2722;353633;296904;62.7;52.7
51;2021-07-30;3625;3159;357258;300063;63.4;53.2
51;2021-07-31;2528;2131;359786;302194;63.8;53.6
51;2021-08-01;375;236;360161;302430;63.9;53.6
51;2021-08-02;3284;2309;363445;304739;64.5;54.0
51;2021-08-03;3774;1910;367219;306649;65.1;54.4
51;2021-08-04;4456;2123;371675;308772;65.9;54.8
51;2021-08-05;2656;1537;374331;310309;66.4;55.0
51;2021-08-06;3044;2551;377375;312860;66.9;55.5
51;2021-08-07;2163;1695;379538;314555;67.3;55.8
51;2021-08-08;366;208;379904;314763;67.4;55.8
51;2021-08-09;2603;1853;382507;316616;67.8;56.2
51;2021-08-10;2371;1981;384878;318597;68.3;56.5
51;2021-08-11;2915;2339;387793;320936;68.8;56.9
51;2021-08-12;1752;1948;389545;322884;69.1;57.3
51;2021-08-13;2060;2672;391605;325556;69.5;57.7
51;2021-08-14;1581;2040;393186;327596;69.7;58.1
51;2021-08-15;149;148;393335;327744;69.8;58.1
51;2021-08-16;1352;3017;394687;330761;70.0;58.7
51;2021-08-17;1550;3281;396237;334042;70.3;59.2
51;2021-08-18;1896;3688;398133;337730;70.6;59.9
51;2021-08-19;1402;2546;399535;340276;70.9;60.4
51;2021-08-20;1695;3969;401230;344245;71.2;61.1
51;2021-08-21;983;2496;402213;346741;71.3;61.5
51;2021-08-22;101;342;402314;347083;71.4;61.6
51;2021-08-23;1105;3605;403419;350688;71.6;62.2
51;2021-08-24;1166;3640;404585;354328;71.8;62.8
51;2021-08-25;1308;4486;405893;358814;72.0;63.6
51;2021-08-26;1052;2545;406945;361359;72.2;64.1
51;2021-08-27;1210;4178;408155;365537;72.4;64.8
51;2021-08-28;649;2628;408804;368165;72.5;65.3
51;2021-08-29;83;360;408887;368525;72.5;65.4
51;2021-08-30;1330;4826;410217;373351;72.8;66.2
51;2021-08-31;777;3012;410994;376363;72.9;66.8
51;2021-09-01;739;3369;411733;379732;73.0;67.3
51;2021-09-02;794;2215;412527;381947;73.2;67.7
51;2021-09-03;901;2906;413428;384853;73.3;68.3
51;2021-09-04;611;2803;414039;387656;73.4;68.8
51;2021-09-05;122;225;414161;387881;73.5;68.8
51;2021-09-06;432;1786;414593;389667;73.5;69.1
51;2021-09-07;517;1576;415110;391243;73.6;69.4
51;2021-09-08;623;2171;415733;393414;73.7;69.8
51;2021-09-09;456;1345;416189;394759;73.8;70.0
52;2020-12-27;0;0;0;0;0.0;0.0
52;2020-12-28;1;0;1;0;0.0;0.0
52;2020-12-29;0;0;1;0;0.0;0.0
52;2020-12-30;0;0;1;0;0.0;0.0
52;2020-12-31;0;0;1;0;0.0;0.0
52;2021-01-01;0;0;1;0;0.0;0.0
52;2021-01-02;1;0;2;0;0.0;0.0
52;2021-01-03;0;0;2;0;0.0;0.0
52;2021-01-04;0;0;2;0;0.0;0.0
52;2021-01-05;0;0;2;0;0.0;0.0
52;2021-01-06;2;0;4;0;0.0;0.0
52;2021-01-07;0;0;4;0;0.0;0.0
52;2021-01-08;201;1;205;1;0.1;0.0
52;2021-01-09;93;0;298;1;0.2;0.0
52;2021-01-10;0;0;298;1;0.2;0.0
52;2021-01-11;207;0;505;1;0.3;0.0
52;2021-01-12;171;0;676;1;0.4;0.0
52;2021-01-13;563;2;1239;3;0.7;0.0
52;2021-01-14;677;10;1916;13;1.1;0.0
52;2021-01-15;411;1;2327;14;1.4;0.0
52;2021-01-16;16;1;2343;15;1.4;0.0
52;2021-01-17;0;0;2343;15;1.4;0.0
52;2021-01-18;427;0;2770;15;1.6;0.0
52;2021-01-19;440;0;3210;15;1.9;0.0
52;2021-01-20;420;0;3630;15;2.1;0.0
52;2021-01-21;424;1;4054;16;2.4;0.0
52;2021-01-22;321;2;4375;18;2.6;0.0
52;2021-01-23;73;1;4448;19;2.6;0.0
52;2021-01-24;0;0;4448;19;2.6;0.0
52;2021-01-25;235;0;4683;19;2.8;0.0
52;2021-01-26;307;0;4990;19;2.9;0.0
52;2021-01-27;238;1;5228;20;3.1;0.0
52;2021-01-28;174;4;5402;24;3.2;0.0
52;2021-01-29;74;119;5476;143;3.2;0.1
52;2021-01-30;91;94;5567;237;3.3;0.1
52;2021-01-31;0;0;5567;237;3.3;0.1
52;2021-02-01;117;183;5684;420;3.4;0.2
52;2021-02-02;61;170;5745;590;3.4;0.3
52;2021-02-03;89;399;5834;989;3.4;0.6
52;2021-02-04;231;574;6065;1563;3.6;0.9
52;2021-02-05;113;461;6178;2024;3.7;1.2
52;2021-02-06;22;0;6200;2024;3.7;1.2
52;2021-02-07;0;1;6200;2025;3.7;1.2
52;2021-02-08;34;188;6234;2213;3.7;1.3
52;2021-02-09;47;184;6281;2397;3.7;1.4
52;2021-02-10;88;169;6369;2566;3.8;1.5
52;2021-02-11;129;132;6498;2698;3.8;1.6
52;2021-02-12;187;115;6685;2813;3.9;1.7
52;2021-02-13;5;1;6690;2814;4.0;1.7
52;2021-02-14;0;16;6690;2830;4.0;1.7
52;2021-02-15;79;246;6769;3076;4.0;1.8
52;2021-02-16;50;312;6819;3388;4.0;2.0
52;2021-02-17;38;283;6857;3671;4.1;2.2
52;2021-02-18;82;256;6939;3927;4.1;2.3
52;2021-02-19;51;169;6990;4096;4.1;2.4
52;2021-02-20;14;97;7004;4193;4.1;2.5
52;2021-02-21;0;0;7004;4193;4.1;2.5
52;2021-02-22;42;348;7046;4541;4.2;2.7
52;2021-02-23;57;253;7103;4794;4.2;2.8
52;2021-02-24;81;226;7184;5020;4.2;3.0
52;2021-02-25;161;230;7345;5250;4.3;3.1
52;2021-02-26;296;179;7641;5429;4.5;3.2
52;2021-02-27;149;49;7790;5478;4.6;3.2
52;2021-02-28;0;0;7790;5478;4.6;3.2
52;2021-03-01;163;13;7953;5491;4.7;3.2
52;2021-03-02;199;45;8152;5536;4.8;3.3
52;2021-03-03;356;36;8508;5572;5.0;3.3
52;2021-03-04;379;58;8887;5630;5.3;3.3
52;2021-03-05;531;53;9418;5683;5.6;3.4
52;2021-03-06;409;35;9827;5718;5.8;3.4
52;2021-03-07;0;0;9827;5718;5.8;3.4
52;2021-03-08;397;108;10224;5826;6.0;3.4
52;2021-03-09;549;107;10773;5933;6.4;3.5
52;2021-03-10;308;107;11081;6040;6.5;3.6
52;2021-03-11;586;34;11667;6074;6.9;3.6
52;2021-03-12;584;67;12251;6141;7.2;3.6
52;2021-03-13;492;10;12743;6151;7.5;3.6
52;2021-03-14;15;3;12758;6154;7.5;3.6
52;2021-03-15;318;27;13076;6181;7.7;3.7
52;2021-03-16;203;15;13279;6196;7.8;3.7
52;2021-03-17;367;13;13646;6209;8.1;3.7
52;2021-03-18;442;10;14088;6219;8.3;3.7
52;2021-03-19;452;53;14540;6272;8.6;3.7
52;2021-03-20;259;12;14799;6284;8.7;3.7
52;2021-03-21;15;1;14814;6285;8.8;3.7
52;2021-03-22;375;49;15189;6334;9.0;3.7
52;2021-03-23;686;88;15875;6422;9.4;3.8
52;2021-03-24;771;71;16646;6493;9.8;3.8
52;2021-03-25;1141;88;17787;6581;10.5;3.9
52;2021-03-26;1037;136;18824;6717;11.1;4.0
52;2021-03-27;477;75;19301;6792;11.4;4.0
52;2021-03-28;53;0;19354;6792;11.4;4.0
52;2021-03-29;507;183;19861;6975;11.7;4.1
52;2021-03-30;870;296;20731;7271;12.2;4.3
52;2021-03-31;956;292;21687;7563;12.8;4.5
52;2021-04-01;1145;184;22832;7747;13.5;4.6
52;2021-04-02;958;109;23790;7856;14.1;4.6
52;2021-04-03;461;3;24251;7859;14.3;4.6
52;2021-04-04;1;1;24252;7860;14.3;4.6
52;2021-04-05;1;0;24253;7860;14.3;4.6
52;2021-04-06;433;294;24686;8154;14.6;4.8
52;2021-04-07;506;450;25192;8604;14.9;5.1
52;2021-04-08;860;209;26052;8813;15.4;5.2
52;2021-04-09;1059;130;27111;8943;16.0;5.3
52;2021-04-10;852;102;27963;9045;16.5;5.3
52;2021-04-11;96;1;28059;9046;16.6;5.3
52;2021-04-12;932;276;28991;9322;17.1;5.5
52;2021-04-13;1251;378;30242;9700;17.9;5.7
52;2021-04-14;1346;456;31588;10156;18.7;6.0
52;2021-04-15;1506;439;33094;10595;19.6;6.3
52;2021-04-16;1573;357;34667;10952;20.5;6.5
52;2021-04-17;1311;134;35978;11086;21.3;6.6
52;2021-04-18;510;29;36488;11115;21.6;6.6
52;2021-04-19;697;609;37185;11724;22.0;6.9
52;2021-04-20;1080;678;38265;12402;22.6;7.3
52;2021-04-21;1060;674;39325;13076;23.2;7.7
52;2021-04-22;1468;733;40793;13809;24.1;8.2
52;2021-04-23;1251;667;42044;14476;24.8;8.6
52;2021-04-24;477;293;42521;14769;25.1;8.7
52;2021-04-25;3;77;42524;14846;25.1;8.8
52;2021-04-26;632;559;43156;15405;25.5;9.1
52;2021-04-27;933;671;44089;16076;26.0;9.5
52;2021-04-28;1442;567;45531;16643;26.9;9.8
52;2021-04-29;1452;583;46983;17226;27.8;10.2
52;2021-04-30;1316;609;48299;17835;28.5;10.5
52;2021-05-01;8;232;48307;18067;28.5;10.7
52;2021-05-02;0;1;48307;18068;28.5;10.7
52;2021-05-03;1159;629;49466;18697;29.2;11.0
52;2021-05-04;1445;720;50911;19417;30.1;11.5
52;2021-05-05;1768;647;52679;20064;31.1;11.9
52;2021-05-06;1963;537;54642;20601;32.3;12.2
52;2021-05-07;1442;1168;56084;21769;33.1;12.9
52;2021-05-08;589;318;56673;22087;33.5;13.0
52;2021-05-09;1;47;56674;22134;33.5;13.1
52;2021-05-10;793;1101;57467;23235;34.0;13.7
52;2021-05-11;868;1391;58335;24626;34.5;14.6
52;2021-05-12;1206;1382;59541;26008;35.2;15.4
52;2021-05-13;67;184;59608;26192;35.2;15.5
52;2021-05-14;1185;1366;60793;27558;35.9;16.3
52;2021-05-15;491;929;61284;28487;36.2;16.8
52;2021-05-16;8;43;61292;28530;36.2;16.9
52;2021-05-17;1144;705;62436;29235;36.9;17.3
52;2021-05-18;1218;677;63654;29912;37.6;17.7
52;2021-05-19;1542;415;65196;30327;38.5;17.9
52;2021-05-20;1546;420;66742;30747;39.4;18.2
52;2021-05-21;1625;614;68367;31361;40.4;18.5
52;2021-05-22;1089;210;69456;31571;41.0;18.7
52;2021-05-23;1;0;69457;31571;41.0;18.7
52;2021-05-24;405;33;69862;31604;41.3;18.7
52;2021-05-25;1351;385;71213;31989;42.1;18.9
52;2021-05-26;1479;672;72692;32661;42.9;19.3
52;2021-05-27;1565;788;74257;33449;43.9;19.8
52;2021-05-28;1493;668;75750;34117;44.8;20.2
52;2021-05-29;696;834;76446;34951;45.2;20.7
52;2021-05-30;16;550;76462;35501;45.2;21.0
52;2021-05-31;824;830;77286;36331;45.7;21.5
52;2021-06-01;956;816;78242;37147;46.2;21.9
52;2021-06-02;896;754;79138;37901;46.8;22.4
52;2021-06-03;825;825;79963;38726;47.2;22.9
52;2021-06-04;883;1340;80846;40066;47.8;23.7
52;2021-06-05;581;637;81427;40703;48.1;24.0
52;2021-06-06;27;55;81454;40758;48.1;24.1
52;2021-06-07;359;931;81813;41689;48.3;24.6
52;2021-06-08;556;1469;82369;43158;48.7;25.5
52;2021-06-09;612;1474;82981;44632;49.0;26.4
52;2021-06-10;794;1157;83775;45789;49.5;27.1
52;2021-06-11;830;1349;84605;47138;50.0;27.9
52;2021-06-12;422;586;85027;47724;50.2;28.2
52;2021-06-13;2;6;85029;47730;50.2;28.2
52;2021-06-14;171;1413;85200;49143;50.3;29.0
52;2021-06-15;221;1807;85421;50950;50.5;30.1
52;2021-06-16;351;1996;85772;52946;50.7;31.3
52;2021-06-17;265;1156;86037;54102;50.8;32.0
52;2021-06-18;308;1553;86345;55655;51.0;32.9
52;2021-06-19;502;686;86847;56341;51.3;33.3
52;2021-06-20;1;17;86848;56358;51.3;33.3
52;2021-06-21;523;897;87371;57255;51.6;33.8
52;2021-06-22;503;1048;87874;58303;51.9;34.4
52;2021-06-23;563;1043;88437;59346;52.3;35.1
52;2021-06-24;610;715;89047;60061;52.6;35.5
52;2021-06-25;661;1313;89708;61374;53.0;36.3
52;2021-06-26;264;722;89972;62096;53.2;36.7
52;2021-06-27;1;8;89973;62104;53.2;36.7
52;2021-06-28;185;1443;90158;63547;53.3;37.5
52;2021-06-29;163;1414;90321;64961;53.4;38.4
52;2021-06-30;219;1467;90540;66428;53.5;39.2
52;2021-07-01;320;1022;90860;67450;53.7;39.9
52;2021-07-02;430;1455;91290;68905;53.9;40.7
52;2021-07-03;302;1148;91592;70053;54.1;41.4
52;2021-07-04;0;11;91592;70064;54.1;41.4
52;2021-07-05;173;1448;91765;71512;54.2;42.3
52;2021-07-06;284;1449;92049;72961;54.4;43.1
52;2021-07-07;309;1165;92358;74126;54.6;43.8
52;2021-07-08;473;1166;92831;75292;54.8;44.5
52;2021-07-09;288;1620;93119;76912;55.0;45.4
52;2021-07-10;155;822;93274;77734;55.1;45.9
52;2021-07-11;13;12;93287;77746;55.1;45.9
52;2021-07-12;300;1466;93587;79212;55.3;46.8
52;2021-07-13;590;1368;94177;80580;55.6;47.6
52;2021-07-14;437;153;94614;80733;55.9;47.7
52;2021-07-15;614;1429;95228;82162;56.3;48.5
52;2021-07-16;900;1336;96128;83498;56.8;49.3
52;2021-07-17;530;343;96658;83841;57.1;49.5
52;2021-07-18;3;12;96661;83853;57.1;49.5
52;2021-07-19;691;986;97352;84839;57.5;50.1
52;2021-07-20;1110;831;98462;85670;58.2;50.6
52;2021-07-21;1161;737;99623;86407;58.9;51.1
52;2021-07-22;1448;862;101071;87269;59.7;51.6
52;2021-07-23;1400;956;102471;88225;60.5;52.1
52;2021-07-24;874;487;103345;88712;61.1;52.4
52;2021-07-25;22;21;103367;88733;61.1;52.4
52;2021-07-26;1010;613;104377;89346;61.7;52.8
52;2021-07-27;1343;656;105720;90002;62.5;53.2
52;2021-07-28;1380;642;107100;90644;63.3;53.6
52;2021-07-29;1263;622;108363;91266;64.0;53.9
52;2021-07-30;1366;709;109729;91975;64.8;54.3
52;2021-07-31;873;549;110602;92524;65.3;54.7
52;2021-08-01;1;14;110603;92538;65.3;54.7
52;2021-08-02;1183;562;111786;93100;66.0;55.0
52;2021-08-03;1361;539;113147;93639;66.9;55.3
52;2021-08-04;1153;581;114300;94220;67.5;55.7
52;2021-08-05;1025;575;115325;94795;68.1;56.0
52;2021-08-06;1055;699;116380;95494;68.8;56.4
52;2021-08-07;518;421;116898;95915;69.1;56.7
52;2021-08-08;0;6;116898;95921;69.1;56.7
52;2021-08-09;468;870;117366;96791;69.3;57.2
52;2021-08-10;717;748;118083;97539;69.8;57.6
52;2021-08-11;534;836;118617;98375;70.1;58.1
52;2021-08-12;621;751;119238;99126;70.5;58.6
52;2021-08-13;415;1026;119653;100152;70.7;59.2
52;2021-08-14;419;360;120072;100512;70.9;59.4
52;2021-08-15;13;13;120085;100525;71.0;59.4
52;2021-08-16;327;934;120412;101459;71.1;59.9
52;2021-08-17;412;909;120824;102368;71.4;60.5
52;2021-08-18;480;943;121304;103311;71.7;61.0
52;2021-08-19;459;836;121763;104147;71.9;61.5
52;2021-08-20;383;1210;122146;105357;72.2;62.2
52;2021-08-21;394;604;122540;105961;72.4;62.6
52;2021-08-22;4;11;122544;105972;72.4;62.6
52;2021-08-23;426;1057;122970;107029;72.7;63.2
52;2021-08-24;297;1078;123267;108107;72.8;63.9
52;2021-08-25;250;1061;123517;109168;73.0;64.5
52;2021-08-26;296;913;123813;110081;73.2;65.0
52;2021-08-27;426;1276;124239;111357;73.4;65.8
52;2021-08-28;243;495;124482;111852;73.5;66.1
52;2021-08-29;3;25;124485;111877;73.6;66.1
52;2021-08-30;203;998;124688;112875;73.7;66.7
52;2021-08-31;205;1055;124893;113930;73.8;67.3
52;2021-09-01;180;1067;125073;114997;73.9;67.9
52;2021-09-02;194;762;125267;115759;74.0;68.4
52;2021-09-03;241;936;125508;116695;74.2;68.9
52;2021-09-04;189;556;125697;117251;74.3;69.3
52;2021-09-05;2;14;125699;117265;74.3;69.3
52;2021-09-06;121;541;125820;117806;74.3;69.6
52;2021-09-07;160;519;125980;118325;74.4;69.9
52;2021-09-08;136;613;126116;118938;74.5;70.3
52;2021-09-09;137;432;126253;119370;74.6;70.5
53;2020-12-27;0;0;0;0;0.0;0.0
53;2020-12-28;0;0;0;0;0.0;0.0
53;2020-12-29;0;0;0;0;0.0;0.0
53;2020-12-30;0;0;0;0;0.0;0.0
53;2020-12-31;0;0;0;0;0.0;0.0
53;2021-01-01;0;0;0;0;0.0;0.0
53;2021-01-02;1;0;1;0;0.0;0.0
53;2021-01-03;0;0;1;0;0.0;0.0
53;2021-01-04;1;0;2;0;0.0;0.0
53;2021-01-05;0;0;2;0;0.0;0.0
53;2021-01-06;0;0;2;0;0.0;0.0
53;2021-01-07;102;0;104;0;0.0;0.0
53;2021-01-08;284;1;388;1;0.1;0.0
53;2021-01-09;134;1;522;2;0.2;0.0
53;2021-01-10;15;0;537;2;0.2;0.0
53;2021-01-11;176;0;713;2;0.2;0.0
53;2021-01-12;454;0;1167;2;0.4;0.0
53;2021-01-13;253;0;1420;2;0.5;0.0
53;2021-01-14;290;7;1710;9;0.6;0.0
53;2021-01-15;343;4;2053;13;0.7;0.0
53;2021-01-16;61;0;2114;13;0.7;0.0
53;2021-01-17;24;0;2138;13;0.7;0.0
53;2021-01-18;364;0;2502;13;0.8;0.0
53;2021-01-19;594;0;3096;13;1.0;0.0
53;2021-01-20;742;0;3838;13;1.3;0.0
53;2021-01-21;769;2;4607;15;1.5;0.0
53;2021-01-22;705;5;5312;20;1.7;0.0
53;2021-01-23;160;0;5472;20;1.8;0.0
53;2021-01-24;6;0;5478;20;1.8;0.0
53;2021-01-25;550;0;6028;20;2.0;0.0
53;2021-01-26;1198;6;7226;26;2.4;0.0
53;2021-01-27;696;5;7922;31;2.6;0.0
53;2021-01-28;738;94;8660;125;2.8;0.0
53;2021-01-29;422;178;9082;303;3.0;0.1
53;2021-01-30;129;0;9211;303;3.0;0.1
53;2021-01-31;0;0;9211;303;3.0;0.1
53;2021-02-01;298;145;9509;448;3.1;0.1
53;2021-02-02;309;226;9818;674;3.2;0.2
53;2021-02-03;227;366;10045;1040;3.3;0.3
53;2021-02-04;184;319;10229;1359;3.3;0.4
53;2021-02-05;234;294;10463;1653;3.4;0.5
53;2021-02-06;153;23;10616;1676;3.5;0.5
53;2021-02-07;0;0;10616;1676;3.5;0.5
53;2021-02-08;168;92;10784;1768;3.5;0.6
53;2021-02-09;369;212;11153;1980;3.7;0.6
53;2021-02-10;266;408;11419;2388;3.7;0.8
53;2021-02-11;432;472;11851;2860;3.9;0.9
53;2021-02-12;318;530;12169;3390;4.0;1.1
53;2021-02-13;96;55;12265;3445;4.0;1.1
53;2021-02-14;0;99;12265;3544;4.0;1.2
53;2021-02-15;239;357;12504;3901;4.1;1.3
53;2021-02-16;528;762;13032;4663;4.3;1.5
53;2021-02-17;391;552;13423;5215;4.4;1.7
53;2021-02-18;547;532;13970;5747;4.6;1.9
53;2021-02-19;895;376;14865;6123;4.9;2.0
53;2021-02-20;139;88;15004;6211;4.9;2.0
53;2021-02-21;1;20;15005;6231;4.9;2.0
53;2021-02-22;161;477;15166;6708;5.0;2.2
53;2021-02-23;59;558;15225;7266;5.0;2.4
53;2021-02-24;137;446;15362;7712;5.0;2.5
53;2021-02-25;457;308;15819;8020;5.2;2.6
53;2021-02-26;438;229;16257;8249;5.3;2.7
53;2021-02-27;86;95;16343;8344;5.4;2.7
53;2021-02-28;0;0;16343;8344;5.4;2.7
53;2021-03-01;231;243;16574;8587;5.4;2.8
53;2021-03-02;246;228;16820;8815;5.5;2.9
53;2021-03-03;321;376;17141;9191;5.6;3.0
53;2021-03-04;860;338;18001;9529;5.9;3.1
53;2021-03-05;659;273;18660;9802;6.1;3.2
53;2021-03-06;447;197;19107;9999;6.3;3.3
53;2021-03-07;276;5;19383;10004;6.3;3.3
53;2021-03-08;375;169;19758;10173;6.5;3.3
53;2021-03-09;878;245;20636;10418;6.8;3.4
53;2021-03-10;807;109;21443;10527;7.0;3.4
53;2021-03-11;1247;228;22690;10755;7.4;3.5
53;2021-03-12;1603;147;24293;10902;8.0;3.6
53;2021-03-13;824;13;25117;10915;8.2;3.6
53;2021-03-14;1;0;25118;10915;8.2;3.6
53;2021-03-15;1002;297;26120;11212;8.6;3.7
53;2021-03-16;1035;332;27155;11544;8.9;3.8
53;2021-03-17;685;259;27840;11803;9.1;3.9
53;2021-03-18;972;345;28812;12148;9.4;4.0
53;2021-03-19;1344;597;30156;12745;9.9;4.2
53;2021-03-20;592;17;30748;12762;10.1;4.2
53;2021-03-21;3;0;30751;12762;10.1;4.2
53;2021-03-22;1213;157;31964;12919;10.5;4.2
53;2021-03-23;1699;71;33663;12990;11.0;4.3
53;2021-03-24;1323;118;34986;13108;11.5;4.3
53;2021-03-25;2323;240;37309;13348;12.2;4.4
53;2021-03-26;1884;151;39193;13499;12.8;4.4
53;2021-03-27;339;3;39532;13502;12.9;4.4
53;2021-03-28;2;0;39534;13502;12.9;4.4
53;2021-03-29;1474;213;41008;13715;13.4;4.5
53;2021-03-30;1944;201;42952;13916;14.1;4.6
53;2021-03-31;1792;223;44744;14139;14.7;4.6
53;2021-04-01;1948;670;46692;14809;15.3;4.8
53;2021-04-02;2075;227;48767;15036;16.0;4.9
53;2021-04-03;414;1;49181;15037;16.1;4.9
53;2021-04-04;10;0;49191;15037;16.1;4.9
53;2021-04-05;9;15;49200;15052;16.1;4.9
53;2021-04-06;1304;503;50504;15555;16.5;5.1
53;2021-04-07;1175;925;51679;16480;16.9;5.4
53;2021-04-08;1663;1005;53342;17485;17.5;5.7
53;2021-04-09;1958;407;55300;17892;18.1;5.9
53;2021-04-10;543;13;55843;17905;18.3;5.9
53;2021-04-11;12;0;55855;17905;18.3;5.9
53;2021-04-12;694;1067;56549;18972;18.5;6.2
53;2021-04-13;1470;1107;58019;20079;19.0;6.6
53;2021-04-14;1024;736;59043;20815;19.3;6.8
53;2021-04-15;1158;1106;60201;21921;19.7;7.2
53;2021-04-16;1271;816;61472;22737;20.1;7.4
53;2021-04-17;281;274;61753;23011;20.2;7.5
53;2021-04-18;0;0;61753;23011;20.2;7.5
53;2021-04-19;681;1066;62434;24077;20.4;7.9
53;2021-04-20;936;1452;63370;25529;20.8;8.4
53;2021-04-21;851;1011;64221;26540;21.0;8.7
53;2021-04-22;1046;1614;65267;28154;21.4;9.2
53;2021-04-23;1328;1053;66595;29207;21.8;9.6
53;2021-04-24;68;7;66663;29214;21.8;9.6
53;2021-04-25;6;39;66669;29253;21.8;9.6
53;2021-04-26;368;1231;67037;30484;22.0;10.0
53;2021-04-27;723;1970;67760;32454;22.2;10.6
53;2021-04-28;978;1394;68738;33848;22.5;11.1
53;2021-04-29;1051;1711;69789;35559;22.9;11.6
53;2021-04-30;1367;1315;71156;36874;23.3;12.1
53;2021-05-01;36;50;71192;36924;23.3;12.1
53;2021-05-02;0;0;71192;36924;23.3;12.1
53;2021-05-03;1570;703;72762;37627;23.8;12.3
53;2021-05-04;1304;1442;74066;39069;24.3;12.8
53;2021-05-05;1611;827;75677;39896;24.8;13.1
53;2021-05-06;1391;1400;77068;41296;25.2;13.5
53;2021-05-07;1538;1300;78606;42596;25.7;13.9
53;2021-05-08;939;36;79545;42632;26.0;14.0
53;2021-05-09;11;2;79556;42634;26.1;14.0
53;2021-05-10;2416;815;81972;43449;26.8;14.2
53;2021-05-11;3097;1282;85069;44731;27.9;14.6
53;2021-05-12;2751;1092;87820;45823;28.8;15.0
53;2021-05-13;350;27;88170;45850;28.9;15.0
53;2021-05-14;2021;678;90191;46528;29.5;15.2
53;2021-05-15;1058;64;91249;46592;29.9;15.3
53;2021-05-16;3;0;91252;46592;29.9;15.3
53;2021-05-17;1701;1196;92953;47788;30.4;15.6
53;2021-05-18;1881;1551;94834;49339;31.1;16.2
53;2021-05-19;2303;745;97137;50084;31.8;16.4
53;2021-05-20;3216;868;100353;50952;32.9;16.7
53;2021-05-21;2798;829;103151;51781;33.8;17.0
53;2021-05-22;21;59;103172;51840;33.8;17.0
53;2021-05-23;0;0;103172;51840;33.8;17.0
53;2021-05-24;8;6;103180;51846;33.8;17.0
53;2021-05-25;1819;802;104999;52648;34.4;17.2
53;2021-05-26;1852;906;106851;53554;35.0;17.5
53;2021-05-27;3073;1080;109924;54634;36.0;17.9
53;2021-05-28;2562;875;112486;55509;36.8;18.2
53;2021-05-29;846;240;113332;55749;37.1;18.3
53;2021-05-30;18;6;113350;55755;37.1;18.3
53;2021-05-31;2565;803;115915;56558;38.0;18.5
53;2021-06-01;3490;1258;119405;57816;39.1;18.9
53;2021-06-02;3184;521;122589;58337;40.1;19.1
53;2021-06-03;4198;785;126787;59122;41.5;19.4
53;2021-06-04;3180;1266;129967;60388;42.6;19.8
53;2021-06-05;137;245;130104;60633;42.6;19.9
53;2021-06-06;1;4;130105;60637;42.6;19.9
53;2021-06-07;2629;924;132734;61561;43.5;20.2
53;2021-06-08;3589;1129;136323;62690;44.6;20.5
53;2021-06-09;2454;944;138777;63634;45.4;20.8
53;2021-06-10;3521;846;142298;64480;46.6;21.1
53;2021-06-11;2966;1214;145264;65694;47.6;21.5
53;2021-06-12;108;138;145372;65832;47.6;21.6
53;2021-06-13;10;2;145382;65834;47.6;21.6
53;2021-06-14;1600;1789;146982;67623;48.1;22.1
53;2021-06-15;1899;2264;148881;69887;48.8;22.9
53;2021-06-16;1826;1733;150707;71620;49.4;23.5
53;2021-06-17;3013;1651;153720;73271;50.3;24.0
53;2021-06-18;2704;1808;156424;75079;51.2;24.6
53;2021-06-19;762;1166;157186;76245;51.5;25.0
53;2021-06-20;3;479;157189;76724;51.5;25.1
53;2021-06-21;918;2526;158107;79250;51.8;26.0
53;2021-06-22;1299;3452;159406;82702;52.2;27.1
53;2021-06-23;1362;2891;160768;85593;52.6;28.0
53;2021-06-24;1802;2033;162570;87626;53.2;28.7
53;2021-06-25;1785;2044;164355;89670;53.8;29.4
53;2021-06-26;977;350;165332;90020;54.1;29.5
53;2021-06-27;8;8;165340;90028;54.1;29.5
53;2021-06-28;662;2900;166002;92928;54.4;30.4
53;2021-06-29;858;3645;166860;96573;54.6;31.6
53;2021-06-30;748;1518;167608;98091;54.9;32.1
53;2021-07-01;1507;2630;169115;100721;55.4;33.0
53;2021-07-02;1528;2025;170643;102746;55.9;33.6
53;2021-07-03;857;574;171500;103320;56.2;33.8
53;2021-07-04;0;4;171500;103324;56.2;33.8
53;2021-07-05;542;2060;172042;105384;56.3;34.5
53;2021-07-06;860;3616;172902;109000;56.6;35.7
53;2021-07-07;1024;2652;173926;111652;57.0;36.6
53;2021-07-08;1313;3116;175239;114768;57.4;37.6
53;2021-07-09;1131;3397;176370;118165;57.8;38.7
53;2021-07-10;422;1000;176792;119165;57.9;39.0
53;2021-07-11;12;20;176804;119185;57.9;39.0
53;2021-07-12;503;3706;177307;122891;58.1;40.2
53;2021-07-13;895;4763;178202;127654;58.4;41.8
53;2021-07-14;104;284;178306;127938;58.4;41.9
53;2021-07-15;1112;4344;179418;132282;58.8;43.3
53;2021-07-16;1248;3847;180666;136129;59.2;44.6
53;2021-07-17;1317;299;181983;136428;59.6;44.7
53;2021-07-18;27;20;182010;136448;59.6;44.7
53;2021-07-19;734;3429;182744;139877;59.8;45.8
53;2021-07-20;985;4123;183729;144000;60.2;47.2
53;2021-07-21;686;3275;184415;147275;60.4;48.2
53;2021-07-22;1513;3524;185928;150799;60.9;49.4
53;2021-07-23;1604;3762;187532;154561;61.4;50.6
53;2021-07-24;956;280;188488;154841;61.7;50.7
53;2021-07-25;60;24;188548;154865;61.7;50.7
53;2021-07-26;1727;1941;190275;156806;62.3;51.4
53;2021-07-27;2357;2822;192632;159628;63.1;52.3
53;2021-07-28;2145;2813;194777;162441;63.8;53.2
53;2021-07-29;2493;2545;197270;164986;64.6;54.0
53;2021-07-30;1829;2647;199099;167633;65.2;54.9
53;2021-07-31;626;230;199725;167863;65.4;55.0
53;2021-08-01;37;25;199762;167888;65.4;55.0
53;2021-08-02;2084;1729;201846;169617;66.1;55.5
53;2021-08-03;2414;1905;204260;171522;66.9;56.2
53;2021-08-04;2478;1863;206738;173385;67.7;56.8
53;2021-08-05;2870;1539;209608;174924;68.6;57.3
53;2021-08-06;2517;1718;212125;176642;69.5;57.8
53;2021-08-07;483;272;212608;176914;69.6;57.9
53;2021-08-08;6;19;212614;176933;69.6;57.9
53;2021-08-09;1839;1649;214453;178582;70.2;58.5
53;2021-08-10;2324;1748;216777;180330;71.0;59.1
53;2021-08-11;1682;865;218459;181195;71.5;59.3
53;2021-08-12;2004;984;220463;182179;72.2;59.7
53;2021-08-13;2039;1313;222502;183492;72.9;60.1
53;2021-08-14;66;63;222568;183555;72.9;60.1
53;2021-08-15;1;2;222569;183557;72.9;60.1
53;2021-08-16;1333;1595;223902;185152;73.3;60.6
53;2021-08-17;1548;1656;225450;186808;73.8;61.2
53;2021-08-18;1515;1603;226965;188411;74.3;61.7
53;2021-08-19;1372;1971;228337;190382;74.8;62.3
53;2021-08-20;1093;2082;229430;192464;75.1;63.0
53;2021-08-21;189;342;229619;192806;75.2;63.1
53;2021-08-22;0;0;229619;192806;75.2;63.1
53;2021-08-23;842;1912;230461;194718;75.5;63.8
53;2021-08-24;901;2114;231362;196832;75.8;64.5
53;2021-08-25;908;2272;232270;199104;76.1;65.2
53;2021-08-26;666;2611;232936;201715;76.3;66.1
53;2021-08-27;753;2642;233689;204357;76.5;66.9
53;2021-08-28;48;133;233737;204490;76.5;67.0
53;2021-08-29;11;31;233748;204521;76.5;67.0
53;2021-08-30;618;2106;234366;206627;76.7;67.7
53;2021-08-31;759;2919;235125;209546;77.0;68.6
53;2021-09-01;339;1637;235464;211183;77.1;69.2
53;2021-09-02;441;1823;235905;213006;77.3;69.8
53;2021-09-03;446;2494;236351;215500;77.4;70.6
53;2021-09-04;115;211;236466;215711;77.4;70.6
53;2021-09-05;1;12;236467;215723;77.4;70.6
53;2021-09-06;300;1662;236767;217385;77.5;71.2
53;2021-09-07;285;1941;237052;219326;77.6;71.8
53;2021-09-08;420;2157;237472;221483;77.8;72.5
53;2021-09-09;234;1459;237706;222942;77.8;73.0
54;2020-12-27;0;0;0;0;0.0;0.0
54;2020-12-28;1;0;1;0;0.0;0.0
54;2020-12-29;0;0;1;0;0.0;0.0
54;2020-12-30;0;0;1;0;0.0;0.0
54;2020-12-31;10;0;11;0;0.0;0.0
54;2021-01-01;0;0;11;0;0.0;0.0
54;2021-01-02;0;0;11;0;0.0;0.0
54;2021-01-03;1;0;12;0;0.0;0.0
54;2021-01-04;163;0;175;0;0.0;0.0
54;2021-01-05;395;0;570;0;0.1;0.0
54;2021-01-06;650;1;1220;1;0.2;0.0
54;2021-01-07;817;2;2037;3;0.3;0.0
54;2021-01-08;706;3;2743;6;0.4;0.0
54;2021-01-09;81;0;2824;6;0.4;0.0
54;2021-01-10;78;0;2902;6;0.4;0.0
54;2021-01-11;974;3;3876;9;0.5;0.0
54;2021-01-12;1181;1;5057;10;0.7;0.0
54;2021-01-13;2425;8;7482;18;1.0;0.0
54;2021-01-14;3401;26;10883;44;1.5;0.0
54;2021-01-15;2720;13;13603;57;1.9;0.0
54;2021-01-16;815;3;14418;60;2.0;0.0
54;2021-01-17;209;0;14627;60;2.0;0.0
54;2021-01-18;1557;5;16184;65;2.2;0.0
54;2021-01-19;1705;0;17889;65;2.4;0.0
54;2021-01-20;1525;4;19414;69;2.7;0.0
54;2021-01-21;1372;4;20786;73;2.8;0.0
54;2021-01-22;1092;8;21878;81;3.0;0.0
54;2021-01-23;478;1;22356;82;3.1;0.0
54;2021-01-24;66;0;22422;82;3.1;0.0
54;2021-01-25;946;28;23368;110;3.2;0.0
54;2021-01-26;142;5;23510;115;3.2;0.0
54;2021-01-27;12;151;23522;266;3.2;0.0
54;2021-01-28;32;216;23554;482;3.2;0.1
54;2021-01-29;18;255;23572;737;3.2;0.1
54;2021-01-30;7;0;23579;737;3.2;0.1
54;2021-01-31;1;0;23580;737;3.2;0.1
54;2021-02-01;13;747;23593;1484;3.2;0.2
54;2021-02-02;22;931;23615;2415;3.2;0.3
54;2021-02-03;363;1453;23978;3868;3.3;0.5
54;2021-02-04;740;2302;24718;6170;3.4;0.8
54;2021-02-05;797;1795;25515;7965;3.5;1.1
54;2021-02-06;204;294;25719;8259;3.5;1.1
54;2021-02-07;4;108;25723;8367;3.5;1.1
54;2021-02-08;117;911;25840;9278;3.5;1.3
54;2021-02-09;305;993;26145;10271;3.6;1.4
54;2021-02-10;385;714;26530;10985;3.6;1.5
54;2021-02-11;294;755;26824;11740;3.7;1.6
54;2021-02-12;446;1173;27270;12913;3.7;1.8
54;2021-02-13;148;227;27418;13140;3.8;1.8
54;2021-02-14;9;11;27427;13151;3.8;1.8
54;2021-02-15;428;1018;27855;14169;3.8;1.9
54;2021-02-16;401;1104;28256;15273;3.9;2.1
54;2021-02-17;518;874;28774;16147;3.9;2.2
54;2021-02-18;595;714;29369;16861;4.0;2.3
54;2021-02-19;520;678;29889;17539;4.1;2.4
54;2021-02-20;33;261;29922;17800;4.1;2.4
54;2021-02-21;3;22;29925;17822;4.1;2.4
54;2021-02-22;484;541;30409;18363;4.2;2.5
54;2021-02-23;679;530;31088;18893;4.3;2.6
54;2021-02-24;728;347;31816;19240;4.4;2.6
54;2021-02-25;1475;691;33291;19931;4.6;2.7
54;2021-02-26;1775;771;35066;20702;4.8;2.8
54;2021-02-27;698;109;35764;20811;4.9;2.8
54;2021-02-28;11;28;35775;20839;4.9;2.9
54;2021-03-01;651;212;36426;21051;5.0;2.9
54;2021-03-02;1505;144;37931;21195;5.2;2.9
54;2021-03-03;1763;62;39694;21257;5.4;2.9
54;2021-03-04;2028;97;41722;21354;5.7;2.9
54;2021-03-05;2797;143;44519;21497;6.1;2.9
54;2021-03-06;4045;112;48564;21609;6.6;3.0
54;2021-03-07;2626;69;51190;21678;7.0;3.0
54;2021-03-08;1337;64;52527;21742;7.2;3.0
54;2021-03-09;2647;105;55174;21847;7.6;3.0
54;2021-03-10;3195;108;58369;21955;8.0;3.0
54;2021-03-11;3391;99;61760;22054;8.5;3.0
54;2021-03-12;4981;182;66741;22236;9.1;3.0
54;2021-03-13;4206;114;70947;22350;9.7;3.1
54;2021-03-14;543;40;71490;22390;9.8;3.1
54;2021-03-15;1719;104;73209;22494;10.0;3.1
54;2021-03-16;1735;172;74944;22666;10.3;3.1
54;2021-03-17;2082;151;77026;22817;10.5;3.1
54;2021-03-18;2060;171;79086;22988;10.8;3.1
54;2021-03-19;3320;273;82406;23261;11.3;3.2
54;2021-03-20;2312;75;84718;23336;11.6;3.2
54;2021-03-21;295;15;85013;23351;11.6;3.2
54;2021-03-22;1034;328;86047;23679;11.8;3.2
54;2021-03-23;1937;510;87984;24189;12.0;3.3
54;2021-03-24;2195;710;90179;24899;12.3;3.4
54;2021-03-25;3177;722;93356;25621;12.8;3.5
54;2021-03-26;3516;815;96872;26436;13.3;3.6
54;2021-03-27;2419;290;99291;26726;13.6;3.7
54;2021-03-28;278;6;99569;26732;13.6;3.7
54;2021-03-29;1669;385;101238;27117;13.9;3.7
54;2021-03-30;2559;974;103797;28091;14.2;3.8
54;2021-03-31;2598;1140;106395;29231;14.6;4.0
54;2021-04-01;3238;1285;109633;30516;15.0;4.2
54;2021-04-02;2963;1678;112596;32194;15.4;4.4
54;2021-04-03;1264;1306;113860;33500;15.6;4.6
54;2021-04-04;137;419;113997;33919;15.6;4.6
54;2021-04-05;145;573;114142;34492;15.6;4.7
54;2021-04-06;1269;1648;115411;36140;15.8;4.9
54;2021-04-07;926;2256;116337;38396;15.9;5.3
54;2021-04-08;2326;2424;118663;40820;16.2;5.6
54;2021-04-09;4121;3133;122784;43953;16.8;6.0
54;2021-04-10;3207;1679;125991;45632;17.2;6.2
54;2021-04-11;206;947;126197;46579;17.3;6.4
54;2021-04-12;2199;1531;128396;48110;17.6;6.6
54;2021-04-13;3002;1973;131398;50083;18.0;6.9
54;2021-04-14;3261;1862;134659;51945;18.4;7.1
54;2021-04-15;2877;2296;137536;54241;18.8;7.4
54;2021-04-16;3142;2602;140678;56843;19.3;7.8
54;2021-04-17;3475;1490;144153;58333;19.7;8.0
54;2021-04-18;64;245;144217;58578;19.7;8.0
54;2021-04-19;2462;1082;146679;59660;20.1;8.2
54;2021-04-20;3011;1247;149690;60907;20.5;8.3
54;2021-04-21;4403;1635;154093;62542;21.1;8.6
54;2021-04-22;3721;2387;157814;64929;21.6;8.9
54;2021-04-23;3866;2080;161680;67009;22.1;9.2
54;2021-04-24;2346;1040;164026;68049;22.5;9.3
54;2021-04-25;283;276;164309;68325;22.5;9.4
54;2021-04-26;2306;1271;166615;69596;22.8;9.5
54;2021-04-27;3288;1439;169903;71035;23.3;9.7
54;2021-04-28;2974;1946;172877;72981;23.7;10.0
54;2021-04-29;3795;2077;176672;75058;24.2;10.3
54;2021-04-30;4491;1962;181163;77020;24.8;10.5
54;2021-05-01;2264;803;183427;77823;25.1;10.7
54;2021-05-02;229;68;183656;77891;25.1;10.7
54;2021-05-03;3097;941;186753;78832;25.6;10.8
54;2021-05-04;3517;1454;190270;80286;26.1;11.0
54;2021-05-05;4896;1416;195166;81702;26.7;11.2
54;2021-05-06;4437;2801;199603;84503;27.3;11.6
54;2021-05-07;4825;3399;204428;87902;28.0;12.0
54;2021-05-08;2030;645;206458;88547;28.3;12.1
54;2021-05-09;375;136;206833;88683;28.3;12.1
54;2021-05-10;3208;2240;210041;90923;28.8;12.4
54;2021-05-11;5491;2932;215532;93855;29.5;12.8
54;2021-05-12;4146;3389;219678;97244;30.1;13.3
54;2021-05-13;2647;493;222325;97737;30.4;13.4
54;2021-05-14;6886;1999;229211;99736;31.4;13.7
54;2021-05-15;5484;1320;234695;101056;32.1;13.8
54;2021-05-16;946;111;235641;101167;32.3;13.9
54;2021-05-17;3798;827;239439;101994;32.8;14.0
54;2021-05-18;3289;1104;242728;103098;33.2;14.1
54;2021-05-19;3465;1514;246193;104612;33.7;14.3
54;2021-05-20;4538;1617;250731;106229;34.3;14.5
54;2021-05-21;6755;2504;257486;108733;35.3;14.9
54;2021-05-22;5662;1373;263148;110106;36.0;15.1
54;2021-05-23;504;54;263652;110160;36.1;15.1
54;2021-05-24;1444;344;265096;110504;36.3;15.1
54;2021-05-25;4199;1534;269295;112038;36.9;15.3
54;2021-05-26;3535;2213;272830;114251;37.4;15.6
54;2021-05-27;4182;2430;277012;116681;37.9;16.0
54;2021-05-28;4983;3557;281995;120238;38.6;16.5
54;2021-05-29;3847;3991;285842;124229;39.1;17.0
54;2021-05-30;127;83;285969;124312;39.2;17.0
54;2021-05-31;2939;3061;288908;127373;39.6;17.4
54;2021-06-01;2621;4196;291529;131569;39.9;18.0
54;2021-06-02;2165;4094;293694;135663;40.2;18.6
54;2021-06-03;3146;5652;296840;141315;40.6;19.3
54;2021-06-04;5101;5473;301941;146788;41.3;20.1
54;2021-06-05;2342;3280;304283;150068;41.7;20.5
54;2021-06-06;71;236;304354;150304;41.7;20.6
54;2021-06-07;3706;2935;308060;153239;42.2;21.0
54;2021-06-08;4545;4268;312605;157507;42.8;21.6
54;2021-06-09;6004;3313;318609;160820;43.6;22.0
54;2021-06-10;5299;4453;323908;165273;44.3;22.6
54;2021-06-11;5021;4915;328929;170188;45.0;23.3
54;2021-06-12;4244;3228;333173;173416;45.6;23.7
54;2021-06-13;54;210;333227;173626;45.6;23.8
54;2021-06-14;2331;3593;335558;177219;45.9;24.3
54;2021-06-15;2831;4731;338389;181950;46.3;24.9
54;2021-06-16;3489;5657;341878;187607;46.8;25.7
54;2021-06-17;3138;5219;345016;192826;47.2;26.4
54;2021-06-18;4156;6238;349172;199064;47.8;27.3
54;2021-06-19;2647;3128;351819;202192;48.2;27.7
54;2021-06-20;101;339;351920;202531;48.2;27.7
54;2021-06-21;2558;4769;354478;207300;48.5;28.4
54;2021-06-22;2046;6225;356524;213525;48.8;29.2
54;2021-06-23;2245;5589;358769;219114;49.1;30.0
54;2021-06-24;2093;3456;360862;222570;49.4;30.5
54;2021-06-25;2202;7055;363064;229625;49.7;31.4
54;2021-06-26;2383;5670;365447;235295;50.0;32.2
54;2021-06-27;134;607;365581;235902;50.1;32.3
54;2021-06-28;1962;4352;367543;240254;50.3;32.9
54;2021-06-29;1941;5204;369484;245458;50.6;33.6
54;2021-06-30;1982;5122;371466;250580;50.9;34.3
54;2021-07-01;2140;5984;373606;256564;51.2;35.1
54;2021-07-02;2817;7565;376423;264129;51.5;36.2
54;2021-07-03;2837;4097;379260;268226;51.9;36.7
54;2021-07-04;195;498;379455;268724;52.0;36.8
54;2021-07-05;1669;4254;381124;272978;52.2;37.4
54;2021-07-06;2001;5078;383125;278056;52.5;38.1
54;2021-07-07;1906;4843;385031;282899;52.7;38.7
54;2021-07-08;1680;4111;386711;287010;52.9;39.3
54;2021-07-09;3206;6026;389917;293036;53.4;40.1
54;2021-07-10;2543;4375;392460;297411;53.7;40.7
54;2021-07-11;9;103;392469;297514;53.7;40.7
54;2021-07-12;2101;4693;394570;302207;54.0;41.4
54;2021-07-13;2620;4973;397190;307180;54.4;42.1
54;2021-07-14;1536;1506;398726;308686;54.6;42.3
54;2021-07-15;3174;4836;401900;313522;55.0;42.9
54;2021-07-16;4666;6223;406566;319745;55.7;43.8
54;2021-07-17;4007;4768;410573;324513;56.2;44.4
54;2021-07-18;1804;1682;412377;326195;56.5;44.7
54;2021-07-19;2591;4048;414968;330243;56.8;45.2
54;2021-07-20;2907;4814;417875;335057;57.2;45.9
54;2021-07-21;3132;6335;421007;341392;57.6;46.7
54;2021-07-22;3278;5732;424285;347124;58.1;47.5
54;2021-07-23;3983;6979;428268;354103;58.6;48.5
54;2021-07-24;2948;5324;431216;359427;59.0;49.2
54;2021-07-25;71;50;431287;359477;59.0;49.2
54;2021-07-26;2983;4172;434270;363649;59.5;49.8
54;2021-07-27;3719;4009;437989;367658;60.0;50.3
54;2021-07-28;5206;3867;443195;371525;60.7;50.9
54;2021-07-29;5157;3202;448352;374727;61.4;51.3
54;2021-07-30;5137;5000;453489;379727;62.1;52.0
54;2021-07-31;4532;3227;458021;382954;62.7;52.4
54;2021-08-01;257;73;458278;383027;62.7;52.4
54;2021-08-02;3094;3705;461372;386732;63.2;52.9
54;2021-08-03;4104;2916;465476;389648;63.7;53.3
54;2021-08-04;4419;2697;469895;392345;64.3;53.7
54;2021-08-05;4617;2433;474512;394778;65.0;54.0
54;2021-08-06;5446;3994;479958;398772;65.7;54.6
54;2021-08-07;3666;2831;483624;401603;66.2;55.0
54;2021-08-08;247;114;483871;401717;66.2;55.0
54;2021-08-09;2977;2694;486848;404411;66.7;55.4
54;2021-08-10;2556;3769;489404;408180;67.0;55.9
54;2021-08-11;2331;2567;491735;410747;67.3;56.2
54;2021-08-12;2174;3010;493909;413757;67.6;56.6
54;2021-08-13;2615;4451;496524;418208;68.0;57.3
54;2021-08-14;1427;2076;497951;420284;68.2;57.5
54;2021-08-15;30;43;497981;420327;68.2;57.5
54;2021-08-16;1841;3429;499822;423756;68.4;58.0
54;2021-08-17;1937;3314;501759;427070;68.7;58.5
54;2021-08-18;1490;4102;503249;431172;68.9;59.0
54;2021-08-19;1248;2791;504497;433963;69.1;59.4
54;2021-08-20;1843;4934;506340;438897;69.3;60.1
54;2021-08-21;1452;4015;507792;442912;69.5;60.6
54;2021-08-22;58;27;507850;442939;69.5;60.6
54;2021-08-23;1198;3851;509048;446790;69.7;61.2
54;2021-08-24;1115;3154;510163;449944;69.8;61.6
54;2021-08-25;1401;4379;511564;454323;70.0;62.2
54;2021-08-26;993;3109;512557;457432;70.2;62.6
54;2021-08-27;1494;5322;514051;462754;70.4;63.4
54;2021-08-28;1123;4274;515174;467028;70.5;63.9
54;2021-08-29;15;50;515189;467078;70.5;63.9
54;2021-08-30;1176;4191;516365;471269;70.7;64.5
54;2021-08-31;1043;4697;517408;475966;70.8;65.2
54;2021-09-01;1091;3752;518499;479718;71.0;65.7
54;2021-09-02;716;2165;519215;481883;71.1;66.0
54;2021-09-03;966;3207;520181;485090;71.2;66.4
54;2021-09-04;1140;3420;521321;488510;71.4;66.9
54;2021-09-05;24;31;521345;488541;71.4;66.9
54;2021-09-06;484;1463;521829;490004;71.4;67.1
54;2021-09-07;563;1594;522392;491598;71.5;67.3
54;2021-09-08;586;1889;522978;493487;71.6;67.6
54;2021-09-09;912;2101;523890;495588;71.7;67.9
55;2020-12-27;0;0;0;0;0.0;0.0
55;2020-12-28;0;0;0;0;0.0;0.0
55;2020-12-29;0;0;0;0;0.0;0.0
55;2020-12-30;0;0;0;0;0.0;0.0
55;2020-12-31;0;0;0;0;0.0;0.0
55;2021-01-01;0;0;0;0;0.0;0.0
55;2021-01-02;0;0;0;0;0.0;0.0
55;2021-01-03;0;0;0;0;0.0;0.0
55;2021-01-04;1;0;1;0;0.0;0.0
55;2021-01-05;0;0;1;0;0.0;0.0
55;2021-01-06;0;0;1;0;0.0;0.0
55;2021-01-07;122;0;123;0;0.1;0.0
55;2021-01-08;127;0;250;0;0.1;0.0
55;2021-01-09;52;0;302;0;0.2;0.0
55;2021-01-10;0;0;302;0;0.2;0.0
55;2021-01-11;128;1;430;1;0.2;0.0
55;2021-01-12;119;0;549;1;0.3;0.0
55;2021-01-13;135;0;684;1;0.4;0.0
55;2021-01-14;644;7;1328;8;0.7;0.0
55;2021-01-15;237;0;1565;8;0.9;0.0
55;2021-01-16;62;0;1627;8;0.9;0.0
55;2021-01-17;1;0;1628;8;0.9;0.0
55;2021-01-18;413;1;2041;9;1.1;0.0
55;2021-01-19;352;3;2393;12;1.3;0.0
55;2021-01-20;455;2;2848;14;1.6;0.0
55;2021-01-21;430;0;3278;14;1.8;0.0
55;2021-01-22;391;0;3669;14;2.0;0.0
55;2021-01-23;49;0;3718;14;2.0;0.0
55;2021-01-24;0;0;3718;14;2.0;0.0
55;2021-01-25;436;0;4154;14;2.3;0.0
55;2021-01-26;431;0;4585;14;2.5;0.0
55;2021-01-27;424;0;5009;14;2.8;0.0
55;2021-01-28;485;97;5494;111;3.0;0.1
55;2021-01-29;159;54;5653;165;3.1;0.1
55;2021-01-30;92;27;5745;192;3.2;0.1
55;2021-01-31;0;0;5745;192;3.2;0.1
55;2021-02-01;153;169;5898;361;3.2;0.2
55;2021-02-02;159;144;6057;505;3.3;0.3
55;2021-02-03;53;147;6110;652;3.4;0.4
55;2021-02-04;234;391;6344;1043;3.5;0.6
55;2021-02-05;174;139;6518;1182;3.6;0.7
55;2021-02-06;62;56;6580;1238;3.6;0.7
55;2021-02-07;2;53;6582;1291;3.6;0.7
55;2021-02-08;0;17;6582;1308;3.6;0.7
55;2021-02-09;92;116;6674;1424;3.7;0.8
55;2021-02-10;65;23;6739;1447;3.7;0.8
55;2021-02-11;175;95;6914;1542;3.8;0.8
55;2021-02-12;94;28;7008;1570;3.9;0.9
55;2021-02-13;0;0;7008;1570;3.9;0.9
55;2021-02-14;0;0;7008;1570;3.9;0.9
55;2021-02-15;15;329;7023;1899;3.9;1.0
55;2021-02-16;143;309;7166;2208;3.9;1.2
55;2021-02-17;26;412;7192;2620;4.0;1.4
55;2021-02-18;20;280;7212;2900;4.0;1.6
55;2021-02-19;125;257;7337;3157;4.0;1.7
55;2021-02-20;11;0;7348;3157;4.0;1.7
55;2021-02-21;0;0;7348;3157;4.0;1.7
55;2021-02-22;55;395;7403;3552;4.1;2.0
55;2021-02-23;85;390;7488;3942;4.1;2.2
55;2021-02-24;72;363;7560;4305;4.2;2.4
55;2021-02-25;270;645;7830;4950;4.3;2.7
55;2021-02-26;324;211;8154;5161;4.5;2.8
55;2021-02-27;125;85;8279;5246;4.6;2.9
55;2021-02-28;2;8;8281;5254;4.6;2.9
55;2021-03-01;77;124;8358;5378;4.6;3.0
55;2021-03-02;124;144;8482;5522;4.7;3.0
55;2021-03-03;198;3;8680;5525;4.8;3.0
55;2021-03-04;238;41;8918;5566;4.9;3.1
55;2021-03-05;362;47;9280;5613;5.1;3.1
55;2021-03-06;224;6;9504;5619;5.2;3.1
55;2021-03-07;74;1;9578;5620;5.3;3.1
55;2021-03-08;329;49;9907;5669;5.5;3.1
55;2021-03-09;635;50;10542;5719;5.8;3.1
55;2021-03-10;397;25;10939;5744;6.0;3.2
55;2021-03-11;597;144;11536;5888;6.4;3.2
55;2021-03-12;816;91;12352;5979;6.8;3.3
55;2021-03-13;523;12;12875;5991;7.1;3.3
55;2021-03-14;14;0;12889;5991;7.1;3.3
55;2021-03-15;393;24;13282;6015;7.3;3.3
55;2021-03-16;568;105;13850;6120;7.6;3.4
55;2021-03-17;683;21;14533;6141;8.0;3.4
55;2021-03-18;323;23;14856;6164;8.2;3.4
55;2021-03-19;471;59;15327;6223;8.4;3.4
55;2021-03-20;254;15;15581;6238;8.6;3.4
55;2021-03-21;1;1;15582;6239;8.6;3.4
55;2021-03-22;474;20;16056;6259;8.8;3.4
55;2021-03-23;972;65;17028;6324;9.4;3.5
55;2021-03-24;802;43;17830;6367;9.8;3.5
55;2021-03-25;1098;81;18928;6448;10.4;3.5
55;2021-03-26;602;36;19530;6484;10.8;3.6
55;2021-03-27;256;23;19786;6507;10.9;3.6
55;2021-03-28;0;0;19786;6507;10.9;3.6
55;2021-03-29;944;39;20730;6546;11.4;3.6
55;2021-03-30;1425;72;22155;6618;12.2;3.6
55;2021-03-31;1484;69;23639;6687;13.0;3.7
55;2021-04-01;1207;127;24846;6814;13.7;3.8
55;2021-04-02;902;74;25748;6888;14.2;3.8
55;2021-04-03;93;12;25841;6900;14.2;3.8
55;2021-04-04;2;0;25843;6900;14.2;3.8
55;2021-04-05;6;12;25849;6912;14.2;3.8
55;2021-04-06;933;277;26782;7189;14.7;4.0
55;2021-04-07;993;237;27775;7426;15.3;4.1
55;2021-04-08;1649;420;29424;7846;16.2;4.3
55;2021-04-09;1430;261;30854;8107;17.0;4.5
55;2021-04-10;242;174;31096;8281;17.1;4.6
55;2021-04-11;452;21;31548;8302;17.4;4.6
55;2021-04-12;855;327;32403;8629;17.8;4.8
55;2021-04-13;1355;527;33758;9156;18.6;5.0
55;2021-04-14;1372;728;35130;9884;19.3;5.4
55;2021-04-15;1636;458;36766;10342;20.2;5.7
55;2021-04-16;705;379;37471;10721;20.6;5.9
55;2021-04-17;677;31;38148;10752;21.0;5.9
55;2021-04-18;38;18;38186;10770;21.0;5.9
55;2021-04-19;961;347;39147;11117;21.6;6.1
55;2021-04-20;1173;772;40320;11889;22.2;6.5
55;2021-04-21;991;640;41311;12529;22.7;6.9
55;2021-04-22;1099;677;42410;13206;23.3;7.3
55;2021-04-23;1424;596;43834;13802;24.1;7.6
55;2021-04-24;313;124;44147;13926;24.3;7.7
55;2021-04-25;384;51;44531;13977;24.5;7.7
55;2021-04-26;478;816;45009;14793;24.8;8.1
55;2021-04-27;570;995;45579;15788;25.1;8.7
55;2021-04-28;931;816;46510;16604;25.6;9.1
55;2021-04-29;1118;858;47628;17462;26.2;9.6
55;2021-04-30;1280;622;48908;18084;26.9;10.0
55;2021-05-01;153;131;49061;18215;27.0;10.0
55;2021-05-02;2;3;49063;18218;27.0;10.0
55;2021-05-03;1208;630;50271;18848;27.7;10.4
55;2021-05-04;683;1177;50954;20025;28.1;11.0
55;2021-05-05;658;1074;51612;21099;28.4;11.6
55;2021-05-06;1349;1160;52961;22259;29.2;12.3
55;2021-05-07;1433;554;54394;22813;29.9;12.6
55;2021-05-08;156;77;54550;22890;30.0;12.6
55;2021-05-09;62;522;54612;23412;30.1;12.9
55;2021-05-10;860;1030;55472;24442;30.5;13.5
55;2021-05-11;1070;1375;56542;25817;31.1;14.2
55;2021-05-12;1031;1766;57573;27583;31.7;15.2
55;2021-05-13;99;75;57672;27658;31.8;15.2
55;2021-05-14;352;558;58024;28216;31.9;15.5
55;2021-05-15;292;492;58316;28708;32.1;15.8
55;2021-05-16;3;10;58319;28718;32.1;15.8
55;2021-05-17;1028;841;59347;29559;32.7;16.3
55;2021-05-18;1568;888;60915;30447;33.5;16.8
55;2021-05-19;1809;780;62724;31227;34.5;17.2
55;2021-05-20;2215;730;64939;31957;35.8;17.6
55;2021-05-21;2011;800;66950;32757;36.9;18.0
55;2021-05-22;198;166;67148;32923;37.0;18.1
55;2021-05-23;23;120;67171;33043;37.0;18.2
55;2021-05-24;0;0;67171;33043;37.0;18.2
55;2021-05-25;1347;653;68518;33696;37.7;18.6
55;2021-05-26;1674;1016;70192;34712;38.6;19.1
55;2021-05-27;1321;982;71513;35694;39.4;19.7
55;2021-05-28;1521;929;73034;36623;40.2;20.2
55;2021-05-29;1403;697;74437;37320;41.0;20.5
55;2021-05-30;15;206;74452;37526;41.0;20.7
55;2021-05-31;1049;1130;75501;38656;41.6;21.3
55;2021-06-01;918;957;76419;39613;42.1;21.8
55;2021-06-02;1163;986;77582;40599;42.7;22.4
55;2021-06-03;703;545;78285;41144;43.1;22.7
55;2021-06-04;1389;1101;79674;42245;43.9;23.3
55;2021-06-05;1366;277;81040;42522;44.6;23.4
55;2021-06-06;0;2;81040;42524;44.6;23.4
55;2021-06-07;790;714;81830;43238;45.1;23.8
55;2021-06-08;699;1074;82529;44312;45.4;24.4
55;2021-06-09;852;868;83381;45180;45.9;24.9
55;2021-06-10;379;275;83760;45455;46.1;25.0
55;2021-06-11;528;1285;84288;46740;46.4;25.7
55;2021-06-12;761;519;85049;47259;46.8;26.0
55;2021-06-13;265;33;85314;47292;47.0;26.0
55;2021-06-14;391;1363;85705;48655;47.2;26.8
55;2021-06-15;574;1212;86279;49867;47.5;27.5
55;2021-06-16;735;832;87014;50699;47.9;27.9
55;2021-06-17;425;858;87439;51557;48.1;28.4
55;2021-06-18;668;1475;88107;53032;48.5;29.2
55;2021-06-19;593;455;88700;53487;48.8;29.4
55;2021-06-20;0;0;88700;53487;48.8;29.4
55;2021-06-21;439;1023;89139;54510;49.1;30.0
55;2021-06-22;335;1013;89474;55523;49.3;30.6
55;2021-06-23;626;1210;90100;56733;49.6;31.2
55;2021-06-24;163;433;90263;57166;49.7;31.5
55;2021-06-25;642;1227;90905;58393;50.0;32.1
55;2021-06-26;418;341;91323;58734;50.3;32.3
55;2021-06-27;1;2;91324;58736;50.3;32.3
55;2021-06-28;149;1380;91473;60116;50.4;33.1
55;2021-06-29;201;1288;91674;61404;50.5;33.8
55;2021-06-30;272;1932;91946;63336;50.6;34.9
55;2021-07-01;388;1978;92334;65314;50.8;36.0
55;2021-07-02;391;1719;92725;67033;51.0;36.9
55;2021-07-03;108;262;92833;67295;51.1;37.0
55;2021-07-04;12;19;92845;67314;51.1;37.1
55;2021-07-05;222;1508;93067;68822;51.2;37.9
55;2021-07-06;327;899;93394;69721;51.4;38.4
55;2021-07-07;388;1801;93782;71522;51.6;39.4
55;2021-07-08;534;1594;94316;73116;51.9;40.3
55;2021-07-09;456;1479;94772;74595;52.2;41.1
55;2021-07-10;356;1112;95128;75707;52.4;41.7
55;2021-07-11;0;9;95128;75716;52.4;41.7
55;2021-07-12;608;1166;95736;76882;52.7;42.3
55;2021-07-13;599;1487;96335;78369;53.0;43.1
55;2021-07-14;1;13;96336;78382;53.0;43.2
55;2021-07-15;782;1645;97118;80027;53.5;44.1
55;2021-07-16;1255;1808;98373;81835;54.2;45.1
55;2021-07-17;1283;821;99656;82656;54.9;45.5
55;2021-07-18;1;2;99657;82658;54.9;45.5
55;2021-07-19;597;785;100254;83443;55.2;45.9
55;2021-07-20;1001;1019;101255;84462;55.7;46.5
55;2021-07-21;1484;1369;102739;85831;56.6;47.3
55;2021-07-22;1175;565;103914;86396;57.2;47.6
55;2021-07-23;1113;1356;105027;87752;57.8;48.3
55;2021-07-24;819;762;105846;88514;58.3;48.7
55;2021-07-25;120;229;105966;88743;58.3;48.9
55;2021-07-26;669;444;106635;89187;58.7;49.1
55;2021-07-27;1168;479;107803;89666;59.3;49.4
55;2021-07-28;1040;1064;108843;90730;59.9;50.0
55;2021-07-29;670;446;109513;91176;60.3;50.2
55;2021-07-30;1271;966;110784;92142;61.0;50.7
55;2021-07-31;713;613;111497;92755;61.4;51.1
55;2021-08-01;9;5;111506;92760;61.4;51.1
55;2021-08-02;628;443;112134;93203;61.7;51.3
55;2021-08-03;642;419;112776;93622;62.1;51.5
55;2021-08-04;1248;953;114024;94575;62.8;52.1
55;2021-08-05;1002;323;115026;94898;63.3;52.2
55;2021-08-06;816;1095;115842;95993;63.8;52.8
55;2021-08-07;596;336;116438;96329;64.1;53.0
55;2021-08-08;0;0;116438;96329;64.1;53.0
55;2021-08-09;402;306;116840;96635;64.3;53.2
55;2021-08-10;435;775;117275;97410;64.6;53.6
55;2021-08-11;593;642;117868;98052;64.9;54.0
55;2021-08-12;325;488;118193;98540;65.1;54.2
55;2021-08-13;427;1110;118620;99650;65.3;54.9
55;2021-08-14;137;192;118757;99842;65.4;55.0
55;2021-08-15;11;5;118768;99847;65.4;55.0
55;2021-08-16;245;739;119013;100586;65.5;55.4
55;2021-08-17;255;291;119268;100877;65.7;55.5
55;2021-08-18;542;1241;119810;102118;66.0;56.2
55;2021-08-19;450;960;120260;103078;66.2;56.7
55;2021-08-20;563;1012;120823;104090;66.5;57.3
55;2021-08-21;292;771;121115;104861;66.7;57.7
55;2021-08-22;8;6;121123;104867;66.7;57.7
55;2021-08-23;353;611;121476;105478;66.9;58.1
55;2021-08-24;303;833;121779;106311;67.0;58.5
55;2021-08-25;665;1172;122444;107483;67.4;59.2
55;2021-08-26;448;1252;122892;108735;67.7;59.9
55;2021-08-27;314;1246;123206;109981;67.8;60.5
55;2021-08-28;382;579;123588;110560;68.0;60.9
55;2021-08-29;216;57;123804;110617;68.2;60.9
55;2021-08-30;129;677;123933;111294;68.2;61.3
55;2021-08-31;282;823;124215;112117;68.4;61.7
55;2021-09-01;542;1269;124757;113386;68.7;62.4
55;2021-09-02;201;893;124958;114279;68.8;62.9
55;2021-09-03;405;1273;125363;115552;69.0;63.6
55;2021-09-04;287;599;125650;116151;69.2;63.9
55;2021-09-05;16;89;125666;116240;69.2;64.0
55;2021-09-06;59;126;125725;116366;69.2;64.1
55;2021-09-07;265;593;125990;116959;69.4;64.4
55;2021-09-08;215;334;126205;117293;69.5;64.6
55;2021-09-09;180;594;126385;117887;69.6;64.9
56;2020-12-27;0;0;0;0;0.0;0.0
56;2020-12-28;1;0;1;0;0.0;0.0
56;2020-12-29;0;0;1;0;0.0;0.0
56;2020-12-30;0;0;1;0;0.0;0.0
56;2020-12-31;0;0;1;0;0.0;0.0
56;2021-01-01;0;0;1;0;0.0;0.0
56;2021-01-02;1;0;2;0;0.0;0.0
56;2021-01-03;2;0;4;0;0.0;0.0
56;2021-01-04;2;0;6;0;0.0;0.0
56;2021-01-05;1;0;7;0;0.0;0.0
56;2021-01-06;2;0;9;0;0.0;0.0
56;2021-01-07;198;0;207;0;0.0;0.0
56;2021-01-08;119;0;326;0;0.0;0.0
56;2021-01-09;1;0;327;0;0.0;0.0
56;2021-01-10;1;0;328;0;0.0;0.0
56;2021-01-11;242;0;570;0;0.1;0.0
56;2021-01-12;754;0;1324;0;0.2;0.0
56;2021-01-13;638;1;1962;1;0.3;0.0
56;2021-01-14;970;2;2932;3;0.4;0.0
56;2021-01-15;843;5;3775;8;0.5;0.0
56;2021-01-16;234;3;4009;11;0.5;0.0
56;2021-01-17;27;0;4036;11;0.5;0.0
56;2021-01-18;1005;1;5041;12;0.7;0.0
56;2021-01-19;866;0;5907;12;0.8;0.0
56;2021-01-20;884;1;6791;13;0.9;0.0
56;2021-01-21;1450;2;8241;15;1.1;0.0
56;2021-01-22;1182;3;9423;18;1.2;0.0
56;2021-01-23;319;2;9742;20;1.3;0.0
56;2021-01-24;6;0;9748;20;1.3;0.0
56;2021-01-25;830;0;10578;20;1.4;0.0
56;2021-01-26;1034;4;11612;24;1.5;0.0
56;2021-01-27;1082;59;12694;83;1.7;0.0
56;2021-01-28;975;120;13669;203;1.8;0.0
56;2021-01-29;873;101;14542;304;1.9;0.0
56;2021-01-30;139;18;14681;322;1.9;0.0
56;2021-01-31;0;0;14681;322;1.9;0.0
56;2021-02-01;479;153;15160;475;2.0;0.1
56;2021-02-02;941;255;16101;730;2.1;0.1
56;2021-02-03;1023;264;17124;994;2.3;0.1
56;2021-02-04;4701;345;21825;1339;2.9;0.2
56;2021-02-05;3591;423;25416;1762;3.4;0.2
56;2021-02-06;550;167;25966;1929;3.4;0.3
56;2021-02-07;136;26;26102;1955;3.5;0.3
56;2021-02-08;297;269;26399;2224;3.5;0.3
56;2021-02-09;794;470;27193;2694;3.6;0.4
56;2021-02-10;866;679;28059;3373;3.7;0.4
56;2021-02-11;973;1030;29032;4403;3.8;0.6
56;2021-02-12;1151;597;30183;5000;4.0;0.7
56;2021-02-13;220;86;30403;5086;4.0;0.7
56;2021-02-14;6;45;30409;5131;4.0;0.7
56;2021-02-15;622;890;31031;6021;4.1;0.8
56;2021-02-16;1220;630;32251;6651;4.3;0.9
56;2021-02-17;1189;830;33440;7481;4.4;1.0
56;2021-02-18;1352;749;34792;8230;4.6;1.1
56;2021-02-19;1322;760;36114;8990;4.8;1.2
56;2021-02-20;365;205;36479;9195;4.8;1.2
56;2021-02-21;1;0;36480;9195;4.8;1.2
56;2021-02-22;376;615;36856;9810;4.9;1.3
56;2021-02-23;741;796;37597;10606;5.0;1.4
56;2021-02-24;916;1009;38513;11615;5.1;1.5
56;2021-02-25;2032;4113;40545;15728;5.4;2.1
56;2021-02-26;2356;2161;42901;17889;5.7;2.4
56;2021-02-27;745;427;43646;18316;5.8;2.4
56;2021-02-28;15;113;43661;18429;5.8;2.4
56;2021-03-01;648;481;44309;18910;5.9;2.5
56;2021-03-02;979;695;45288;19605;6.0;2.6
56;2021-03-03;1150;805;46438;20410;6.1;2.7
56;2021-03-04;1967;965;48405;21375;6.4;2.8
56;2021-03-05;2582;1366;50987;22741;6.7;3.0
56;2021-03-06;1207;205;52194;22946;6.9;3.0
56;2021-03-07;282;24;52476;22970;6.9;3.0
56;2021-03-08;1141;368;53617;23338;7.1;3.1
56;2021-03-09;2042;597;55659;23935;7.4;3.2
56;2021-03-10;2000;912;57659;24847;7.6;3.3
56;2021-03-11;3252;725;60911;25572;8.1;3.4
56;2021-03-12;4208;812;65119;26384;8.6;3.5
56;2021-03-13;1885;147;67004;26531;8.9;3.5
56;2021-03-14;195;4;67199;26535;8.9;3.5
56;2021-03-15;1285;529;68484;27064;9.1;3.6
56;2021-03-16;1089;1015;69573;28079;9.2;3.7
56;2021-03-17;1371;763;70944;28842;9.4;3.8
56;2021-03-18;2001;1854;72945;30696;9.7;4.1
56;2021-03-19;2943;1374;75888;32070;10.0;4.2
56;2021-03-20;1493;207;77381;32277;10.2;4.3
56;2021-03-21;208;22;77589;32299;10.3;4.3
56;2021-03-22;1611;400;79200;32699;10.5;4.3
56;2021-03-23;2807;679;82007;33378;10.9;4.4
56;2021-03-24;3450;521;85457;33899;11.3;4.5
56;2021-03-25;4240;719;89697;34618;11.9;4.6
56;2021-03-26;5092;762;94789;35380;12.5;4.7
56;2021-03-27;1501;291;96290;35671;12.7;4.7
56;2021-03-28;264;11;96554;35682;12.8;4.7
56;2021-03-29;2236;504;98790;36186;13.1;4.8
56;2021-03-30;3519;784;102309;36970;13.5;4.9
56;2021-03-31;3116;716;105425;37686;14.0;5.0
56;2021-04-01;4078;820;109503;38506;14.5;5.1
56;2021-04-02;3928;943;113431;39449;15.0;5.2
56;2021-04-03;1186;270;114617;39719;15.2;5.3
56;2021-04-04;232;4;114849;39723;15.2;5.3
56;2021-04-05;244;8;115093;39731;15.2;5.3
56;2021-04-06;2827;1233;117920;40964;15.6;5.4
56;2021-04-07;4026;1190;121946;42154;16.1;5.6
56;2021-04-08;5298;1165;127244;43319;16.8;5.7
56;2021-04-09;7392;1281;134636;44600;17.8;5.9
56;2021-04-10;2576;427;137212;45027;18.2;6.0
56;2021-04-11;194;101;137406;45128;18.2;6.0
56;2021-04-12;3933;835;141339;45963;18.7;6.1
56;2021-04-13;5966;1263;147305;47226;19.5;6.3
56;2021-04-14;5167;1431;152472;48657;20.2;6.4
56;2021-04-15;7154;1773;159626;50430;21.1;6.7
56;2021-04-16;7843;2011;167469;52441;22.2;6.9
56;2021-04-17;3132;647;170601;53088;22.6;7.0
56;2021-04-18;528;110;171129;53198;22.6;7.0
56;2021-04-19;3719;1264;174848;54462;23.1;7.2
56;2021-04-20;4106;1979;178954;56441;23.7;7.5
56;2021-04-21;4060;2324;183014;58765;24.2;7.8
56;2021-04-22;5175;1919;188189;60684;24.9;8.0
56;2021-04-23;5171;2417;193360;63101;25.6;8.4
56;2021-04-24;2901;643;196261;63744;26.0;8.4
56;2021-04-25;465;150;196726;63894;26.0;8.5
56;2021-04-26;4710;1666;201436;65560;26.7;8.7
56;2021-04-27;5098;2547;206534;68107;27.3;9.0
56;2021-04-28;4969;2242;211503;70349;28.0;9.3
56;2021-04-29;5842;2937;217345;73286;28.8;9.7
56;2021-04-30;6246;2794;223591;76080;29.6;10.1
56;2021-05-01;2489;362;226080;76442;29.9;10.1
56;2021-05-02;307;254;226387;76696;30.0;10.2
56;2021-05-03;3865;2060;230252;78756;30.5;10.4
56;2021-05-04;4379;3904;234631;82660;31.1;10.9
56;2021-05-05;3523;3873;238154;86533;31.5;11.5
56;2021-05-06;4377;5432;242531;91965;32.1;12.2
56;2021-05-07;4268;4993;246799;96958;32.7;12.8
56;2021-05-08;1644;320;248443;97278;32.9;12.9
56;2021-05-09;495;227;248938;97505;32.9;12.9
56;2021-05-10;3751;3808;252689;101313;33.4;13.4
56;2021-05-11;4170;5046;256859;106359;34.0;14.1
56;2021-05-12;4342;4772;261201;111131;34.6;14.7
56;2021-05-13;2397;1015;263598;112146;34.9;14.8
56;2021-05-14;4228;4353;267826;116499;35.4;15.4
56;2021-05-15;2487;1895;270313;118394;35.8;15.7
56;2021-05-16;237;488;270550;118882;35.8;15.7
56;2021-05-17;2513;3666;273063;122548;36.1;16.2
56;2021-05-18;3520;4093;276583;126641;36.6;16.8
56;2021-05-19;3528;3397;280111;130038;37.1;17.2
56;2021-05-20;3804;4810;283915;134848;37.6;17.8
56;2021-05-21;3746;5225;287661;140073;38.1;18.5
56;2021-05-22;1698;2207;289359;142280;38.3;18.8
56;2021-05-23;284;197;289643;142477;38.3;18.9
56;2021-05-24;2058;498;291701;142975;38.6;18.9
56;2021-05-25;3140;4470;294841;147445;39.0;19.5
56;2021-05-26;3735;3935;298576;151380;39.5;20.0
56;2021-05-27;4362;4867;302938;156247;40.1;20.7
56;2021-05-28;4639;5951;307577;162198;40.7;21.5
56;2021-05-29;1886;1635;309463;163833;41.0;21.7
56;2021-05-30;318;67;309781;163900;41.0;21.7
56;2021-05-31;4502;3215;314283;167115;41.6;22.1
56;2021-06-01;5664;3383;319947;170498;42.3;22.6
56;2021-06-02;5638;2949;325585;173447;43.1;23.0
56;2021-06-03;6188;3293;331773;176740;43.9;23.4
56;2021-06-04;5814;4406;337587;181146;44.7;24.0
56;2021-06-05;4346;2380;341933;183526;45.3;24.3
56;2021-06-06;496;616;342429;184142;45.3;24.4
56;2021-06-07;5103;3169;347532;187311;46.0;24.8
56;2021-06-08;6071;3371;353603;190682;46.8;25.2
56;2021-06-09;6433;2812;360036;193494;47.7;25.6
56;2021-06-10;7480;2873;367516;196367;48.6;26.0
56;2021-06-11;6765;3867;374281;200234;49.5;26.5
56;2021-06-12;5102;2065;379383;202299;50.2;26.8
56;2021-06-13;1980;439;381363;202738;50.5;26.8
56;2021-06-14;3311;4591;384674;207329;50.9;27.4
56;2021-06-15;4202;4891;388876;212220;51.5;28.1
56;2021-06-16;4496;4503;393372;216723;52.1;28.7
56;2021-06-17;4258;4747;397630;221470;52.6;29.3
56;2021-06-18;4517;5973;402147;227443;53.2;30.1
56;2021-06-19;3837;2143;405984;229586;53.7;30.4
56;2021-06-20;1504;340;407488;229926;53.9;30.4
56;2021-06-21;3308;4462;410796;234388;54.4;31.0
56;2021-06-22;3485;5437;414281;239825;54.8;31.7
56;2021-06-23;3765;5062;418046;244887;55.3;32.4
56;2021-06-24;3477;5320;421523;250207;55.8;33.1
56;2021-06-25;3884;6281;425407;256488;56.3;33.9
56;2021-06-26;3204;2916;428611;259404;56.7;34.3
56;2021-06-27;305;163;428916;259567;56.8;34.4
56;2021-06-28;1575;3982;430491;263549;57.0;34.9
56;2021-06-29;2436;5761;432927;269310;57.3;35.6
56;2021-06-30;2498;5559;435425;274869;57.6;36.4
56;2021-07-01;2734;4955;438159;279824;58.0;37.0
56;2021-07-02;2657;6204;440816;286028;58.3;37.9
56;2021-07-03;2205;2683;443021;288711;58.6;38.2
56;2021-07-04;779;811;443800;289522;58.7;38.3
56;2021-07-05;1872;5442;445672;294964;59.0;39.0
56;2021-07-06;2190;5932;447862;300896;59.3;39.8
56;2021-07-07;2845;5645;450707;306541;59.7;40.6
56;2021-07-08;3087;6036;453794;312577;60.1;41.4
56;2021-07-09;2217;7098;456011;319675;60.4;42.3
56;2021-07-10;1127;3004;457138;322679;60.5;42.7
56;2021-07-11;256;344;457394;323023;60.5;42.8
56;2021-07-12;2183;6607;459577;329630;60.8;43.6
56;2021-07-13;3261;7468;462838;337098;61.3;44.6
56;2021-07-14;1784;2591;464622;339689;61.5;45.0
56;2021-07-15;3821;7066;468443;346755;62.0;45.9
56;2021-07-16;4078;8087;472521;354842;62.5;47.0
56;2021-07-17;2321;3522;474842;358364;62.8;47.4
56;2021-07-18;256;478;475098;358842;62.9;47.5
56;2021-07-19;2866;6356;477964;365198;63.3;48.3
56;2021-07-20;3725;7915;481689;373113;63.8;49.4
56;2021-07-21;3095;7519;484784;380632;64.2;50.4
56;2021-07-22;4393;8033;489177;388665;64.7;51.4
56;2021-07-23;4392;8406;493569;397071;65.3;52.6
56;2021-07-24;1688;4601;495257;401672;65.5;53.2
56;2021-07-25;552;1918;495809;403590;65.6;53.4
56;2021-07-26;3681;5462;499490;409052;66.1;54.1
56;2021-07-27;5375;6199;504865;415251;66.8;55.0
56;2021-07-28;4689;5462;509554;420713;67.4;55.7
56;2021-07-29;5381;5628;514935;426341;68.2;56.4
56;2021-07-30;5385;5859;520320;432200;68.9;57.2
56;2021-07-31;2157;2693;522477;434893;69.2;57.6
56;2021-08-01;1248;977;523725;435870;69.3;57.7
56;2021-08-02;4513;4602;528238;440472;69.9;58.3
56;2021-08-03;6380;4957;534618;445429;70.8;59.0
56;2021-08-04;5952;4361;540570;449790;71.5;59.5
56;2021-08-05;6100;4605;546670;454395;72.4;60.1
56;2021-08-06;5847;4917;552517;459312;73.1;60.8
56;2021-08-07;2853;2224;555370;461536;73.5;61.1
56;2021-08-08;1827;562;557197;462098;73.7;61.2
56;2021-08-09;3925;4266;561122;466364;74.3;61.7
56;2021-08-10;4928;4608;566050;470972;74.9;62.3
56;2021-08-11;4558;4144;570608;475116;75.5;62.9
56;2021-08-12;4481;4544;575089;479660;76.1;63.5
56;2021-08-13;4212;4807;579301;484467;76.7;64.1
56;2021-08-14;1780;2140;581081;486607;76.9;64.4
56;2021-08-15;349;485;581430;487092;77.0;64.5
56;2021-08-16;3054;4517;584484;491609;77.4;65.1
56;2021-08-17;3754;5052;588238;496661;77.9;65.7
56;2021-08-18;3732;4607;591970;501268;78.3;66.3
56;2021-08-19;3055;4990;595025;506258;78.8;67.0
56;2021-08-20;2890;5261;597915;511519;79.1;67.7
56;2021-08-21;1152;2399;599067;513918;79.3;68.0
56;2021-08-22;129;503;599196;514421;79.3;68.1
56;2021-08-23;1917;4968;601113;519389;79.6;68.7
56;2021-08-24;1918;5515;603031;524904;79.8;69.5
56;2021-08-25;1699;5057;604730;529961;80.0;70.1
56;2021-08-26;1396;5322;606126;535283;80.2;70.8
56;2021-08-27;1735;5874;607861;541157;80.5;71.6
56;2021-08-28;591;2801;608452;543958;80.5;72.0
56;2021-08-29;79;477;608531;544435;80.5;72.1
56;2021-08-30;1375;4743;609906;549178;80.7;72.7
56;2021-08-31;1472;4791;611378;553969;80.9;73.3
56;2021-09-01;1315;4196;612693;558165;81.1;73.9
56;2021-09-02;1077;4037;613770;562202;81.2;74.4
56;2021-09-03;1089;4596;614859;566798;81.4;75.0
56;2021-09-04;751;2442;615610;569240;81.5;75.3
56;2021-09-05;121;371;615731;569611;81.5;75.4
56;2021-09-06;876;3621;616607;573232;81.6;75.9
56;2021-09-07;811;3467;617418;576699;81.7;76.3
56;2021-09-08;917;3466;618335;580165;81.8;76.8
56;2021-09-09;791;3018;619126;583183;81.9;77.2
57;2020-12-27;2;0;2;0;0.0;0.0
57;2020-12-28;0;0;2;0;0.0;0.0
57;2020-12-29;1;0;3;0;0.0;0.0
57;2020-12-30;1;0;4;0;0.0;0.0
57;2020-12-31;0;0;4;0;0.0;0.0
57;2021-01-01;1;0;5;0;0.0;0.0
57;2021-01-02;3;0;8;0;0.0;0.0
57;2021-01-03;0;0;8;0;0.0;0.0
57;2021-01-04;17;0;25;0;0.0;0.0
57;2021-01-05;199;0;224;0;0.0;0.0
57;2021-01-06;226;1;450;1;0.0;0.0
57;2021-01-07;586;2;1036;3;0.1;0.0
57;2021-01-08;509;2;1545;5;0.1;0.0
57;2021-01-09;202;0;1747;5;0.2;0.0
57;2021-01-10;108;1;1855;6;0.2;0.0
57;2021-01-11;470;1;2325;7;0.2;0.0
57;2021-01-12;613;6;2938;13;0.3;0.0
57;2021-01-13;695;2;3633;15;0.4;0.0
57;2021-01-14;707;6;4340;21;0.4;0.0
57;2021-01-15;636;5;4976;26;0.5;0.0
57;2021-01-16;452;1;5428;27;0.5;0.0
57;2021-01-17;493;1;5921;28;0.6;0.0
57;2021-01-18;2715;20;8636;48;0.8;0.0
57;2021-01-19;2567;20;11203;68;1.1;0.0
57;2021-01-20;2763;22;13966;90;1.3;0.0
57;2021-01-21;1797;5;15763;95;1.5;0.0
57;2021-01-22;1325;7;17088;102;1.6;0.0
57;2021-01-23;543;15;17631;117;1.7;0.0
57;2021-01-24;1;0;17632;117;1.7;0.0
57;2021-01-25;869;176;18501;293;1.8;0.0
57;2021-01-26;1112;203;19613;496;1.9;0.0
57;2021-01-27;1070;170;20683;666;2.0;0.1
57;2021-01-28;1040;249;21723;915;2.1;0.1
57;2021-01-29;982;375;22705;1290;2.2;0.1
57;2021-01-30;440;84;23145;1374;2.2;0.1
57;2021-01-31;11;20;23156;1394;2.2;0.1
57;2021-02-01;827;324;23983;1718;2.3;0.2
57;2021-02-02;989;345;24972;2063;2.4;0.2
57;2021-02-03;986;298;25958;2361;2.5;0.2
57;2021-02-04;1138;778;27096;3139;2.6;0.3
57;2021-02-05;929;330;28025;3469;2.7;0.3
57;2021-02-06;481;322;28506;3791;2.8;0.4
57;2021-02-07;103;333;28609;4124;2.8;0.4
57;2021-02-08;1258;1511;29867;5635;2.9;0.5
57;2021-02-09;1764;1626;31631;7261;3.1;0.7
57;2021-02-10;1712;2003;33343;9264;3.2;0.9
57;2021-02-11;1486;1273;34829;10537;3.4;1.0
57;2021-02-12;1227;639;36056;11176;3.5;1.1
57;2021-02-13;1152;140;37208;11316;3.6;1.1
57;2021-02-14;1210;28;38418;11344;3.7;1.1
57;2021-02-15;766;772;39184;12116;3.8;1.2
57;2021-02-16;1074;706;40258;12822;3.9;1.2
57;2021-02-17;1009;842;41267;13664;4.0;1.3
57;2021-02-18;974;1033;42241;14697;4.1;1.4
57;2021-02-19;956;796;43197;15493;4.2;1.5
57;2021-02-20;1173;532;44370;16025;4.3;1.5
57;2021-02-21;323;13;44693;16038;4.3;1.5
57;2021-02-22;1230;782;45923;16820;4.4;1.6
57;2021-02-23;2235;970;48158;17790;4.6;1.7
57;2021-02-24;2287;878;50445;18668;4.9;1.8
57;2021-02-25;3298;988;53743;19656;5.2;1.9
57;2021-02-26;3590;858;57333;20514;5.5;2.0
57;2021-02-27;3697;500;61030;21014;5.9;2.0
57;2021-02-28;1896;60;62926;21074;6.1;2.0
57;2021-03-01;2053;1250;64979;22324;6.3;2.2
57;2021-03-02;2858;1488;67837;23812;6.5;2.3
57;2021-03-03;2807;1519;70644;25331;6.8;2.4
57;2021-03-04;3274;1241;73918;26572;7.1;2.6
57;2021-03-05;4457;1187;78375;27759;7.6;2.7
57;2021-03-06;7245;736;85620;28495;8.3;2.8
57;2021-03-07;6071;272;91691;28767;8.9;2.8
57;2021-03-08;2298;961;93989;29728;9.1;2.9
57;2021-03-09;3386;1267;97375;30995;9.4;3.0
57;2021-03-10;3582;954;100957;31949;9.7;3.1
57;2021-03-11;4038;1226;104995;33175;10.1;3.2
57;2021-03-12;5109;1185;110104;34360;10.6;3.3
57;2021-03-13;6284;976;116388;35336;11.2;3.4
57;2021-03-14;2425;426;118813;35762;11.5;3.5
57;2021-03-15;2962;869;121775;36631;11.8;3.5
57;2021-03-16;3061;1268;124836;37899;12.1;3.7
57;2021-03-17;3050;1141;127886;39040;12.3;3.8
57;2021-03-18;3402;1064;131288;40104;12.7;3.9
57;2021-03-19;4627;1034;135915;41138;13.1;4.0
57;2021-03-20;4702;1025;140617;42163;13.6;4.1
57;2021-03-21;1895;254;142512;42417;13.8;4.1
57;2021-03-22;2480;1465;144992;43882;14.0;4.2
57;2021-03-23;3443;2328;148435;46210;14.3;4.5
57;2021-03-24;3896;2140;152331;48350;14.7;4.7
57;2021-03-25;4741;2589;157072;50939;15.2;4.9
57;2021-03-26;4842;2256;161914;53195;15.6;5.1
57;2021-03-27;3710;3140;165624;56335;16.0;5.4
57;2021-03-28;1401;1838;167025;58173;16.1;5.6
57;2021-03-29;1934;2159;168959;60332;16.3;5.8
57;2021-03-30;3300;2471;172259;62803;16.6;6.1
57;2021-03-31;2824;2289;175083;65092;16.9;6.3
57;2021-04-01;3222;3162;178305;68254;17.2;6.6
57;2021-04-02;2393;2568;180698;70822;17.4;6.8
57;2021-04-03;2566;2657;183264;73479;17.7;7.1
57;2021-04-04;594;968;183858;74447;17.7;7.2
57;2021-04-05;1922;673;185780;75120;17.9;7.3
57;2021-04-06;2452;2828;188232;77948;18.2;7.5
57;2021-04-07;3813;3096;192045;81044;18.5;7.8
57;2021-04-08;5613;2904;197658;83948;19.1;8.1
57;2021-04-09;5014;2730;202672;86678;19.6;8.4
57;2021-04-10;2353;3641;205025;90319;19.8;8.7
57;2021-04-11;1099;1891;206124;92210;19.9;8.9
57;2021-04-12;1795;2747;207919;94957;20.1;9.2
57;2021-04-13;1976;3030;209895;97987;20.3;9.5
57;2021-04-14;1920;2986;211815;100973;20.4;9.7
57;2021-04-15;2366;3425;214181;104398;20.7;10.1
57;2021-04-16;2701;3290;216882;107688;20.9;10.4
57;2021-04-17;2473;3179;219355;110867;21.2;10.7
57;2021-04-18;1244;1772;220599;112639;21.3;10.9
57;2021-04-19;2141;2257;222740;114896;21.5;11.1
57;2021-04-20;2514;2782;225254;117678;21.7;11.4
57;2021-04-21;2570;2379;227824;120057;22.0;11.6
57;2021-04-22;3207;2251;231031;122308;22.3;11.8
57;2021-04-23;4055;2572;235086;124880;22.7;12.1
57;2021-04-24;3395;2561;238481;127441;23.0;12.3
57;2021-04-25;757;1126;239238;128567;23.1;12.4
57;2021-04-26;2971;1992;242209;130559;23.4;12.6
57;2021-04-27;3900;2374;246109;132933;23.8;12.8
57;2021-04-28;4212;2588;250321;135521;24.2;13.1
57;2021-04-29;5260;3448;255581;138969;24.7;13.4
57;2021-04-30;4730;3546;260311;142515;25.1;13.8
57;2021-05-01;2353;1686;262664;144201;25.4;13.9
57;2021-05-02;790;912;263454;145113;25.4;14.0
57;2021-05-03;3565;2993;267019;148106;25.8;14.3
57;2021-05-04;4871;3158;271890;151264;26.2;14.6
57;2021-05-05;6122;3162;278012;154426;26.8;14.9
57;2021-05-06;5992;3277;284004;157703;27.4;15.2
57;2021-05-07;6853;3437;290857;161140;28.1;15.6
57;2021-05-08;4053;1604;294910;162744;28.5;15.7
57;2021-05-09;2049;1114;296959;163858;28.7;15.8
57;2021-05-10;5129;3069;302088;166927;29.2;16.1
57;2021-05-11;7450;2848;309538;169775;29.9;16.4
57;2021-05-12;7847;3244;317385;173019;30.6;16.7
57;2021-05-13;4511;915;321896;173934;31.1;16.8
57;2021-05-14;7838;2629;329734;176563;31.8;17.0
57;2021-05-15;5967;2045;335701;178608;32.4;17.2
57;2021-05-16;3308;577;339009;179185;32.7;17.3
57;2021-05-17;3866;2068;342875;181253;33.1;17.5
57;2021-05-18;6292;2106;349167;183359;33.7;17.7
57;2021-05-19;7023;2329;356190;185688;34.4;17.9
57;2021-05-20;6052;2179;362242;187867;35.0;18.1
57;2021-05-21;7565;2922;369807;190789;35.7;18.4
57;2021-05-22;4894;2171;374701;192960;36.2;18.6
57;2021-05-23;1964;431;376665;193391;36.4;18.7
57;2021-05-24;3032;1057;379697;194448;36.7;18.8
57;2021-05-25;5576;2806;385273;197254;37.2;19.0
57;2021-05-26;6377;3179;391650;200433;37.8;19.3
57;2021-05-27;5795;3121;397445;203554;38.4;19.7
57;2021-05-28;7026;4739;404471;208293;39.0;20.1
57;2021-05-29;5224;4246;409695;212539;39.6;20.5
57;2021-05-30;1967;1743;411662;214282;39.7;20.7
57;2021-05-31;4319;3338;415981;217620;40.2;21.0
57;2021-06-01;5936;3713;421917;221333;40.7;21.4
57;2021-06-02;6342;3900;428259;225233;41.3;21.7
57;2021-06-03;6215;3700;434474;228933;41.9;22.1
57;2021-06-04;7570;4989;442044;233922;42.7;22.6
57;2021-06-05;4768;4030;446812;237952;43.1;23.0
57;2021-06-06;1993;890;448805;238842;43.3;23.1
57;2021-06-07;4325;4034;453130;242876;43.7;23.4
57;2021-06-08;6720;4317;459850;247193;44.4;23.9
57;2021-06-09;6884;4158;466734;251351;45.1;24.3
57;2021-06-10;6221;4597;472955;255948;45.7;24.7
57;2021-06-11;5368;5366;478323;261314;46.2;25.2
57;2021-06-12;5743;4450;484066;265764;46.7;25.7
57;2021-06-13;1500;1142;485566;266906;46.9;25.8
57;2021-06-14;3384;4703;488950;271609;47.2;26.2
57;2021-06-15;3818;6022;492768;277631;47.6;26.8
57;2021-06-16;4402;6597;497170;284228;48.0;27.4
57;2021-06-17;4200;6073;501370;290301;48.4;28.0
57;2021-06-18;4275;7305;505645;297606;48.8;28.7
57;2021-06-19;4157;6291;509802;303897;49.2;29.3
57;2021-06-20;987;1667;510789;305564;49.3;29.5
57;2021-06-21;2069;5970;512858;311534;49.5;30.1
57;2021-06-22;2644;7991;515502;319525;49.8;30.8
57;2021-06-23;3076;8387;518578;327912;50.1;31.7
57;2021-06-24;2457;5289;521035;333201;50.3;32.2
57;2021-06-25;2857;7826;523892;341027;50.6;32.9
57;2021-06-26;2871;7259;526763;348286;50.9;33.6
57;2021-06-27;754;2987;527517;351273;50.9;33.9
57;2021-06-28;1591;5078;529108;356351;51.1;34.4
57;2021-06-29;2086;6831;531194;363182;51.3;35.1
57;2021-06-30;3066;7326;534260;370508;51.6;35.8
57;2021-07-01;2698;5960;536958;376468;51.8;36.3
57;2021-07-02;2700;8081;539658;384549;52.1;37.1
57;2021-07-03;3240;6530;542898;391079;52.4;37.8
57;2021-07-04;946;2467;543844;393546;52.5;38.0
57;2021-07-05;1712;4607;545556;398153;52.7;38.4
57;2021-07-06;2427;6480;547983;404633;52.9;39.1
57;2021-07-07;2731;7091;550714;411724;53.2;39.7
57;2021-07-08;2495;5876;553209;417600;53.4;40.3
57;2021-07-09;3430;8417;556639;426017;53.7;41.1
57;2021-07-10;3097;6939;559736;432956;54.0;41.8
57;2021-07-11;855;2232;560591;435188;54.1;42.0
57;2021-07-12;2441;6436;563032;441624;54.4;42.6
57;2021-07-13;4415;7506;567447;449130;54.8;43.4
57;2021-07-14;2825;3842;570272;452972;55.1;43.7
57;2021-07-15;3957;7790;574229;460762;55.4;44.5
57;2021-07-16;5642;9833;579871;470595;56.0;45.4
57;2021-07-17;5829;7286;585700;477881;56.5;46.1
57;2021-07-18;1493;2661;587193;480542;56.7;46.4
57;2021-07-19;2372;6205;589565;486747;56.9;47.0
57;2021-07-20;4325;6912;593890;493659;57.3;47.7
57;2021-07-21;5301;6905;599191;500564;57.8;48.3
57;2021-07-22;5956;5960;605147;506524;58.4;48.9
57;2021-07-23;7021;6408;612168;512932;59.1;49.5
57;2021-07-24;4536;7038;616704;519970;59.5;50.2
57;2021-07-25;1335;1769;618039;521739;59.7;50.4
57;2021-07-26;3725;4492;621764;526231;60.0;50.8
57;2021-07-27;6869;4947;628633;531178;60.7;51.3
57;2021-07-28;7484;4563;636117;535741;61.4;51.7
57;2021-07-29;7627;4593;643744;540334;62.1;52.2
57;2021-07-30;6875;4898;650619;545232;62.8;52.6
57;2021-07-31;5708;5018;656327;550250;63.4;53.1
57;2021-08-01;2025;1115;658352;551365;63.6;53.2
57;2021-08-02;3523;3180;661875;554545;63.9;53.5
57;2021-08-03;5502;4281;667377;558826;64.4;53.9
57;2021-08-04;5229;3458;672606;562284;64.9;54.3
57;2021-08-05;5376;3777;677982;566061;65.5;54.6
57;2021-08-06;5623;4851;683605;570912;66.0;55.1
57;2021-08-07;4579;5160;688184;576072;66.4;55.6
57;2021-08-08;1476;1506;689660;577578;66.6;55.8
57;2021-08-09;2618;3171;692278;580749;66.8;56.1
57;2021-08-10;3517;3790;695795;584539;67.2;56.4
57;2021-08-11;3714;4021;699509;588560;67.5;56.8
57;2021-08-12;3152;5215;702661;593775;67.8;57.3
57;2021-08-13;3483;4732;706144;598507;68.2;57.8
57;2021-08-14;2159;5183;708303;603690;68.4;58.3
57;2021-08-15;529;1092;708832;604782;68.4;58.4
57;2021-08-16;1783;3565;710615;608347;68.6;58.7
57;2021-08-17;2368;5358;712983;613705;68.8;59.2
57;2021-08-18;2446;5374;715429;619079;69.1;59.8
57;2021-08-19;2204;5484;717633;624563;69.3;60.3
57;2021-08-20;2045;6020;719678;630583;69.5;60.9
57;2021-08-21;1860;5384;721538;635967;69.7;61.4
57;2021-08-22;455;1528;721993;637495;69.7;61.5
57;2021-08-23;1143;3716;723136;641211;69.8;61.9
57;2021-08-24;1802;5612;724938;646823;70.0;62.4
57;2021-08-25;1600;5315;726538;652138;70.1;63.0
57;2021-08-26;1591;4666;728129;656804;70.3;63.4
57;2021-08-27;1761;5890;729890;662694;70.5;64.0
57;2021-08-28;2001;5377;731891;668071;70.7;64.5
57;2021-08-29;340;1088;732231;669159;70.7;64.6
57;2021-08-30;1028;3260;733259;672419;70.8;64.9
57;2021-08-31;1528;4419;734787;676838;70.9;65.3
57;2021-09-01;1424;4145;736211;680983;71.1;65.7
57;2021-09-02;1156;3393;737367;684376;71.2;66.1
57;2021-09-03;1550;4332;738917;688708;71.3;66.5
57;2021-09-04;1672;3985;740589;692693;71.5;66.9
57;2021-09-05;379;923;740968;693616;71.5;67.0
57;2021-09-06;748;2128;741716;695744;71.6;67.2
57;2021-09-07;680;2228;742396;697972;71.7;67.4
57;2021-09-08;891;2899;743287;700871;71.8;67.7
57;2021-09-09;579;2335;743866;703206;71.8;67.9
58;2020-12-27;0;0;0;0;0.0;0.0
58;2020-12-28;0;0;0;0;0.0;0.0
58;2020-12-29;1;0;1;0;0.0;0.0
58;2020-12-30;0;0;1;0;0.0;0.0
58;2020-12-31;0;0;1;0;0.0;0.0
58;2021-01-01;0;0;1;0;0.0;0.0
58;2021-01-02;0;0;1;0;0.0;0.0
58;2021-01-03;1;0;2;0;0.0;0.0
58;2021-01-04;0;0;2;0;0.0;0.0
58;2021-01-05;2;0;4;0;0.0;0.0
58;2021-01-06;145;0;149;0;0.1;0.0
58;2021-01-07;241;0;390;0;0.2;0.0
58;2021-01-08;63;0;453;0;0.2;0.0
58;2021-01-09;1;0;454;0;0.2;0.0
58;2021-01-10;0;0;454;0;0.2;0.0
58;2021-01-11;54;0;508;0;0.3;0.0
58;2021-01-12;258;0;766;0;0.4;0.0
58;2021-01-13;406;0;1172;0;0.6;0.0
58;2021-01-14;291;1;1463;1;0.7;0.0
58;2021-01-15;141;0;1604;1;0.8;0.0
58;2021-01-16;10;1;1614;2;0.8;0.0
58;2021-01-17;0;0;1614;2;0.8;0.0
58;2021-01-18;413;1;2027;3;1.0;0.0
58;2021-01-19;987;2;3014;5;1.5;0.0
58;2021-01-20;1206;2;4220;7;2.1;0.0
58;2021-01-21;962;4;5182;11;2.6;0.0
58;2021-01-22;779;3;5961;14;3.0;0.0
58;2021-01-23;251;0;6212;14;3.1;0.0
58;2021-01-24;2;0;6214;14;3.1;0.0
58;2021-01-25;439;0;6653;14;3.3;0.0
58;2021-01-26;650;3;7303;17;3.7;0.0
58;2021-01-27;604;44;7907;61;4.0;0.0
58;2021-01-28;756;66;8663;127;4.3;0.1
58;2021-01-29;837;5;9500;132;4.8;0.1
58;2021-01-30;281;0;9781;132;4.9;0.1
58;2021-01-31;10;0;9791;132;4.9;0.1
58;2021-02-01;200;71;9991;203;5.0;0.1
58;2021-02-02;566;80;10557;283;5.3;0.1
58;2021-02-03;279;141;10836;424;5.4;0.2
58;2021-02-04;285;90;11121;514;5.6;0.3
58;2021-02-05;184;89;11305;603;5.7;0.3
58;2021-02-06;89;0;11394;603;5.7;0.3
58;2021-02-07;0;0;11394;603;5.7;0.3
58;2021-02-08;306;61;11700;664;5.9;0.3
58;2021-02-09;503;304;12203;968;6.1;0.5
58;2021-02-10;350;361;12553;1329;6.3;0.7
58;2021-02-11;287;367;12840;1696;6.4;0.8
58;2021-02-12;243;197;13083;1893;6.6;0.9
58;2021-02-13;83;29;13166;1922;6.6;1.0
58;2021-02-14;0;3;13166;1925;6.6;1.0
58;2021-02-15;114;413;13280;2338;6.7;1.2
58;2021-02-16;208;786;13488;3124;6.8;1.6
58;2021-02-17;221;643;13709;3767;6.9;1.9
58;2021-02-18;187;662;13896;4429;7.0;2.2
58;2021-02-19;241;632;14137;5061;7.1;2.5
58;2021-02-20;62;195;14199;5256;7.1;2.6
58;2021-02-21;0;30;14199;5286;7.1;2.6
58;2021-02-22;78;338;14277;5624;7.2;2.8
58;2021-02-23;49;523;14326;6147;7.2;3.1
58;2021-02-24;39;529;14365;6676;7.2;3.3
58;2021-02-25;252;619;14617;7295;7.3;3.7
58;2021-02-26;246;536;14863;7831;7.4;3.9
58;2021-02-27;104;166;14967;7997;7.5;4.0
58;2021-02-28;11;8;14978;8005;7.5;4.0
58;2021-03-01;145;201;15123;8206;7.6;4.1
58;2021-03-02;416;579;15539;8785;7.8;4.4
58;2021-03-03;524;269;16063;9054;8.0;4.5
58;2021-03-04;725;267;16788;9321;8.4;4.7
58;2021-03-05;867;196;17655;9517;8.8;4.8
58;2021-03-06;578;84;18233;9601;9.1;4.8
58;2021-03-07;63;10;18296;9611;9.2;4.8
58;2021-03-08;156;289;18452;9900;9.2;5.0
58;2021-03-09;544;526;18996;10426;9.5;5.2
58;2021-03-10;838;235;19834;10661;9.9;5.3
58;2021-03-11;857;270;20691;10931;10.4;5.5
58;2021-03-12;862;197;21553;11128;10.8;5.6
58;2021-03-13;506;66;22059;11194;11.1;5.6
58;2021-03-14;34;1;22093;11195;11.1;5.6
58;2021-03-15;528;108;22621;11303;11.3;5.7
58;2021-03-16;726;223;23347;11526;11.7;5.8
58;2021-03-17;756;192;24103;11718;12.1;5.9
58;2021-03-18;584;172;24687;11890;12.4;6.0
58;2021-03-19;539;100;25226;11990;12.6;6.0
58;2021-03-20;322;64;25548;12054;12.8;6.0
58;2021-03-21;17;0;25565;12054;12.8;6.0
58;2021-03-22;795;25;26360;12079;13.2;6.1
58;2021-03-23;1636;43;27996;12122;14.0;6.1
58;2021-03-24;1369;75;29365;12197;14.7;6.1
58;2021-03-25;1840;45;31205;12242;15.6;6.1
58;2021-03-26;1414;55;32619;12297;16.3;6.2
58;2021-03-27;358;7;32977;12304;16.5;6.2
58;2021-03-28;20;0;32997;12304;16.5;6.2
58;2021-03-29;638;152;33635;12456;16.9;6.2
58;2021-03-30;1186;255;34821;12711;17.4;6.4
58;2021-03-31;1116;394;35937;13105;18.0;6.6
58;2021-04-01;1548;402;37485;13507;18.8;6.8
58;2021-04-02;1464;362;38949;13869;19.5;6.9
58;2021-04-03;568;149;39517;14018;19.8;7.0
58;2021-04-04;1;1;39518;14019;19.8;7.0
58;2021-04-05;47;0;39565;14019;19.8;7.0
58;2021-04-06;823;343;40388;14362;20.2;7.2
58;2021-04-07;695;550;41083;14912;20.6;7.5
58;2021-04-08;1493;427;42576;15339;21.3;7.7
58;2021-04-09;1774;486;44350;15825;22.2;7.9
58;2021-04-10;652;201;45002;16026;22.5;8.0
58;2021-04-11;17;3;45019;16029;22.6;8.0
58;2021-04-12;1117;504;46136;16533;23.1;8.3
58;2021-04-13;1436;630;47572;17163;23.8;8.6
58;2021-04-14;1339;677;48911;17840;24.5;8.9
58;2021-04-15;1433;602;50344;18442;25.2;9.2
58;2021-04-16;1734;513;52078;18955;26.1;9.5
58;2021-04-17;721;232;52799;19187;26.5;9.6
58;2021-04-18;20;7;52819;19194;26.5;9.6
58;2021-04-19;531;603;53350;19797;26.7;9.9
58;2021-04-20;486;1120;53836;20917;27.0;10.5
58;2021-04-21;629;969;54465;21886;27.3;11.0
58;2021-04-22;767;1522;55232;23408;27.7;11.7
58;2021-04-23;919;784;56151;24192;28.1;12.1
58;2021-04-24;211;206;56362;24398;28.2;12.2
58;2021-04-25;109;9;56471;24407;28.3;12.2
58;2021-04-26;762;247;57233;24654;28.7;12.4
58;2021-04-27;1499;1109;58732;25763;29.4;12.9
58;2021-04-28;1536;1044;60268;26807;30.2;13.4
58;2021-04-29;1442;1046;61710;27853;30.9;14.0
58;2021-04-30;1257;940;62967;28793;31.5;14.4
58;2021-05-01;6;17;62973;28810;31.6;14.4
58;2021-05-02;4;2;62977;28812;31.6;14.4
58;2021-05-03;1042;407;64019;29219;32.1;14.6
58;2021-05-04;1075;1346;65094;30565;32.6;15.3
58;2021-05-05;955;1092;66049;31657;33.1;15.9
58;2021-05-06;1363;1057;67412;32714;33.8;16.4
58;2021-05-07;1111;1089;68523;33803;34.3;16.9
58;2021-05-08;59;60;68582;33863;34.4;17.0
58;2021-05-09;7;21;68589;33884;34.4;17.0
58;2021-05-10;875;992;69464;34876;34.8;17.5
58;2021-05-11;1185;1982;70649;36858;35.4;18.5
58;2021-05-12;1661;1557;72310;38415;36.2;19.2
58;2021-05-13;49;183;72359;38598;36.3;19.3
58;2021-05-14;2311;907;74670;39505;37.4;19.8
58;2021-05-15;1726;456;76396;39961;38.3;20.0
58;2021-05-16;118;33;76514;39994;38.3;20.0
58;2021-05-17;793;611;77307;40605;38.7;20.3
58;2021-05-18;1332;1180;78639;41785;39.4;20.9
58;2021-05-19;1737;548;80376;42333;40.3;21.2
58;2021-05-20;1701;673;82077;43006;41.1;21.5
58;2021-05-21;854;720;82931;43726;41.5;21.9
58;2021-05-22;304;237;83235;43963;41.7;22.0
58;2021-05-23;2;21;83237;43984;41.7;22.0
58;2021-05-24;21;42;83258;44026;41.7;22.1
58;2021-05-25;1386;1156;84644;45182;42.4;22.6
58;2021-05-26;845;837;85489;46019;42.8;23.1
58;2021-05-27;753;935;86242;46954;43.2;23.5
58;2021-05-28;429;909;86671;47863;43.4;24.0
58;2021-05-29;151;209;86822;48072;43.5;24.1
58;2021-05-30;21;19;86843;48091;43.5;24.1
58;2021-05-31;757;395;87600;48486;43.9;24.3
58;2021-06-01;1373;1652;88973;50138;44.6;25.1
58;2021-06-02;1468;1050;90441;51188;45.3;25.6
58;2021-06-03;1026;958;91467;52146;45.8;26.1
58;2021-06-04;843;905;92310;53051;46.2;26.6
58;2021-06-05;272;263;92582;53314;46.4;26.7
58;2021-06-06;24;49;92606;53363;46.4;26.7
58;2021-06-07;712;792;93318;54155;46.8;27.1
58;2021-06-08;1324;1758;94642;55913;47.4;28.0
58;2021-06-09;1419;1007;96061;56920;48.1;28.5
58;2021-06-10;1109;975;97170;57895;48.7;29.0
58;2021-06-11;1030;907;98200;58802;49.2;29.5
58;2021-06-12;1056;415;99256;59217;49.7;29.7
58;2021-06-13;36;33;99292;59250;49.7;29.7
58;2021-06-14;516;1016;99808;60266;50.0;30.2
58;2021-06-15;1595;1757;101403;62023;50.8;31.1
58;2021-06-16;1806;994;103209;63017;51.7;31.6
58;2021-06-17;2024;1105;105233;64122;52.7;32.1
58;2021-06-18;987;1063;106220;65185;53.2;32.7
58;2021-06-19;581;319;106801;65504;53.5;32.8
58;2021-06-20;9;2;106810;65506;53.5;32.8
58;2021-06-21;472;553;107282;66059;53.7;33.1
58;2021-06-22;1028;1966;108310;68025;54.3;34.1
58;2021-06-23;1478;1511;109788;69536;55.0;34.8
58;2021-06-24;728;1025;110516;70561;55.4;35.4
58;2021-06-25;826;1719;111342;72280;55.8;36.2
58;2021-06-26;554;1229;111896;73509;56.1;36.8
58;2021-06-27;18;26;111914;73535;56.1;36.8
58;2021-06-28;463;987;112377;74522;56.3;37.3
58;2021-06-29;623;2161;113000;76683;56.6;38.4
58;2021-06-30;998;1624;113998;78307;57.1;39.2
58;2021-07-01;760;1671;114758;79978;57.5;40.1
58;2021-07-02;444;850;115202;80828;57.7;40.5
58;2021-07-03;249;512;115451;81340;57.8;40.8
58;2021-07-04;12;30;115463;81370;57.8;40.8
58;2021-07-05;511;766;115974;82136;58.1;41.2
58;2021-07-06;695;2121;116669;84257;58.5;42.2
58;2021-07-07;389;949;117058;85206;58.6;42.7
58;2021-07-08;399;1018;117457;86224;58.8;43.2
58;2021-07-09;709;1417;118166;87641;59.2;43.9
58;2021-07-10;260;412;118426;88053;59.3;44.1
58;2021-07-11;175;53;118601;88106;59.4;44.1
58;2021-07-12;197;965;118798;89071;59.5;44.6
58;2021-07-13;932;2502;119730;91573;60.0;45.9
58;2021-07-14;27;60;119757;91633;60.0;45.9
58;2021-07-15;1135;1936;120892;93569;60.6;46.9
58;2021-07-16;1412;1443;122304;95012;61.3;47.6
58;2021-07-17;463;288;122767;95300;61.5;47.7
58;2021-07-18;102;21;122869;95321;61.6;47.8
58;2021-07-19;1654;987;124523;96308;62.4;48.3
58;2021-07-20;1407;2454;125930;98762;63.1;49.5
58;2021-07-21;1177;2008;127107;100770;63.7;50.5
58;2021-07-22;1144;1670;128251;102440;64.3;51.3
58;2021-07-23;1265;1446;129516;103886;64.9;52.0
58;2021-07-24;1001;1271;130517;105157;65.4;52.7
58;2021-07-25;89;39;130606;105196;65.4;52.7
58;2021-07-26;981;862;131587;106058;65.9;53.1
58;2021-07-27;1568;2574;133155;108632;66.7;54.4
58;2021-07-28;1574;1972;134729;110604;67.5;55.4
58;2021-07-29;1582;1620;136311;112224;68.3;56.2
58;2021-07-30;1465;1427;137776;113651;69.0;56.9
58;2021-07-31;569;525;138345;114176;69.3;57.2
58;2021-08-01;35;13;138380;114189;69.3;57.2
58;2021-08-02;1588;863;139968;115052;70.1;57.6
58;2021-08-03;2050;1778;142018;116830;71.2;58.5
58;2021-08-04;1309;1184;143327;118014;71.8;59.1
58;2021-08-05;1621;1175;144948;119189;72.6;59.7
58;2021-08-06;1359;1032;146307;120221;73.3;60.2
58;2021-08-07;318;400;146625;120621;73.5;60.4
58;2021-08-08;30;58;146655;120679;73.5;60.5
58;2021-08-09;1084;1386;147739;122065;74.0;61.2
58;2021-08-10;1779;1387;149518;123452;74.9;61.9
58;2021-08-11;1128;780;150646;124232;75.5;62.2
58;2021-08-12;1067;1109;151713;125341;76.0;62.8
58;2021-08-13;931;956;152644;126297;76.5;63.3
58;2021-08-14;233;317;152877;126614;76.6;63.4
58;2021-08-15;13;27;152890;126641;76.6;63.4
58;2021-08-16;309;1404;153199;128045;76.8;64.2
58;2021-08-17;803;1337;154002;129382;77.2;64.8
58;2021-08-18;764;1172;154766;130554;77.5;65.4
58;2021-08-19;726;1342;155492;131896;77.9;66.1
58;2021-08-20;705;1295;156197;133191;78.3;66.7
58;2021-08-21;249;476;156446;133667;78.4;67.0
58;2021-08-22;9;86;156455;133753;78.4;67.0
58;2021-08-23;417;814;156872;134567;78.6;67.4
58;2021-08-24;512;1480;157384;136047;78.9;68.2
58;2021-08-25;435;1543;157819;137590;79.1;68.9
58;2021-08-26;551;1732;158370;139322;79.3;69.8
58;2021-08-27;491;1564;158861;140886;79.6;70.6
58;2021-08-28;241;640;159102;141526;79.7;70.9
58;2021-08-29;9;42;159111;141568;79.7;70.9
58;2021-08-30;357;808;159468;142376;79.9;71.3
58;2021-08-31;483;1608;159951;143984;80.1;72.1
58;2021-09-01;419;1675;160370;145659;80.3;73.0
58;2021-09-02;288;1361;160658;147020;80.5;73.7
58;2021-09-03;363;1564;161021;148584;80.7;74.4
58;2021-09-04;206;700;161227;149284;80.8;74.8
58;2021-09-05;3;27;161230;149311;80.8;74.8
58;2021-09-06;116;560;161346;149871;80.8;75.1
58;2021-09-07;314;987;161660;150858;81.0;75.6
58;2021-09-08;237;1326;161897;152184;81.1;76.2
58;2021-09-09;238;697;162135;152881;81.2;76.6
59;2020-12-27;1;0;1;0;0.0;0.0
59;2020-12-28;27;0;28;0;0.0;0.0
59;2020-12-29;0;0;28;0;0.0;0.0
59;2020-12-30;0;0;28;0;0.0;0.0
59;2020-12-31;1;0;29;0;0.0;0.0
59;2021-01-01;3;0;32;0;0.0;0.0
59;2021-01-02;3;0;35;0;0.0;0.0
59;2021-01-03;4;0;39;0;0.0;0.0
59;2021-01-04;79;0;118;0;0.0;0.0
59;2021-01-05;217;0;335;0;0.0;0.0
59;2021-01-06;429;1;764;1;0.0;0.0
59;2021-01-07;1314;0;2078;1;0.1;0.0
59;2021-01-08;1262;5;3340;6;0.1;0.0
59;2021-01-09;609;3;3949;9;0.2;0.0
59;2021-01-10;428;0;4377;9;0.2;0.0
59;2021-01-11;1847;5;6224;14;0.2;0.0
59;2021-01-12;2471;2;8695;16;0.3;0.0
59;2021-01-13;2367;3;11062;19;0.4;0.0
59;2021-01-14;2758;21;13820;40;0.5;0.0
59;2021-01-15;2275;15;16095;55;0.6;0.0
59;2021-01-16;771;1;16866;56;0.7;0.0
59;2021-01-17;560;1;17426;57;0.7;0.0
59;2021-01-18;3511;13;20937;70;0.8;0.0
59;2021-01-19;4756;7;25693;77;1.0;0.0
59;2021-01-20;4134;12;29827;89;1.2;0.0
59;2021-01-21;4730;33;34557;122;1.3;0.0
59;2021-01-22;4024;10;38581;132;1.5;0.0
59;2021-01-23;1215;3;39796;135;1.5;0.0
59;2021-01-24;170;0;39966;135;1.5;0.0
59;2021-01-25;2729;54;42695;189;1.6;0.0
59;2021-01-26;2811;131;45506;320;1.8;0.0
59;2021-01-27;1736;292;47242;612;1.8;0.0
59;2021-01-28;3399;731;50641;1343;2.0;0.1
59;2021-01-29;2541;756;53182;2099;2.1;0.1
59;2021-01-30;288;158;53470;2257;2.1;0.1
59;2021-01-31;24;0;53494;2257;2.1;0.1
59;2021-02-01;79;821;53573;3078;2.1;0.1
59;2021-02-02;686;1377;54259;4455;2.1;0.2
59;2021-02-03;3749;1378;58008;5833;2.2;0.2
59;2021-02-04;2965;1650;60973;7483;2.4;0.3
59;2021-02-05;1053;1319;62026;8802;2.4;0.3
59;2021-02-06;206;314;62232;9116;2.4;0.4
59;2021-02-07;268;49;62500;9165;2.4;0.4
59;2021-02-08;683;1410;63183;10575;2.4;0.4
59;2021-02-09;1014;1609;64197;12184;2.5;0.5
59;2021-02-10;976;1443;65173;13627;2.5;0.5
59;2021-02-11;1347;1654;66520;15281;2.6;0.6
59;2021-02-12;1414;1478;67934;16759;2.6;0.6
59;2021-02-13;207;628;68141;17387;2.6;0.7
59;2021-02-14;13;42;68154;17429;2.6;0.7
59;2021-02-15;1394;2384;69548;19813;2.7;0.8
59;2021-02-16;1436;2925;70984;22738;2.7;0.9
59;2021-02-17;1622;3040;72606;25778;2.8;1.0
59;2021-02-18;3106;4530;75712;30308;2.9;1.2
59;2021-02-19;3211;3232;78923;33540;3.0;1.3
59;2021-02-20;1414;1348;80337;34888;3.1;1.3
59;2021-02-21;242;243;80579;35131;3.1;1.4
59;2021-02-22;1429;2138;82008;37269;3.2;1.4
59;2021-02-23;2659;2506;84667;39775;3.3;1.5
59;2021-02-24;4108;3869;88775;43644;3.4;1.7
59;2021-02-25;6916;3582;95691;47226;3.7;1.8
59;2021-02-26;6496;1754;102187;48980;3.9;1.9
59;2021-02-27;3096;185;105283;49165;4.1;1.9
59;2021-02-28;208;60;105491;49225;4.1;1.9
59;2021-03-01;3693;604;109184;49829;4.2;1.9
59;2021-03-02;4794;534;113978;50363;4.4;1.9
59;2021-03-03;5748;959;119726;51322;4.6;2.0
59;2021-03-04;7084;903;126810;52225;4.9;2.0
59;2021-03-05;7834;917;134644;53142;5.2;2.1
59;2021-03-06;11560;490;146204;53632;5.6;2.1
59;2021-03-07;7586;328;153790;53960;5.9;2.1
59;2021-03-08;4497;1054;158287;55014;6.1;2.1
59;2021-03-09;6581;1353;164868;56367;6.4;2.2
59;2021-03-10;7027;1169;171895;57536;6.6;2.2
59;2021-03-11;9476;1866;181371;59402;7.0;2.3
59;2021-03-12;12159;1541;193530;60943;7.5;2.4
59;2021-03-13;16554;1079;210084;62022;8.1;2.4
59;2021-03-14;6965;327;217049;62349;8.4;2.4
59;2021-03-15;5616;1465;222665;63814;8.6;2.5
59;2021-03-16;3738;1317;226403;65131;8.7;2.5
59;2021-03-17;3856;2066;230259;67197;8.9;2.6
59;2021-03-18;3958;2450;234217;69647;9.0;2.7
59;2021-03-19;7742;1805;241959;71452;9.3;2.8
59;2021-03-20;16025;1270;257984;72722;10.0;2.8
59;2021-03-21;6315;446;264299;73168;10.2;2.8
59;2021-03-22;5448;1745;269747;74913;10.4;2.9
59;2021-03-23;7773;2793;277520;77706;10.7;3.0
59;2021-03-24;6860;2948;284380;80654;11.0;3.1
59;2021-03-25;10532;2544;294912;83198;11.4;3.2
59;2021-03-26;12253;2821;307165;86019;11.9;3.3
59;2021-03-27;15277;1142;322442;87161;12.5;3.4
59;2021-03-28;7985;361;330427;87522;12.8;3.4
59;2021-03-29;5495;3180;335922;90702;13.0;3.5
59;2021-03-30;7540;3744;343462;94446;13.3;3.6
59;2021-03-31;6157;4083;349619;98529;13.5;3.8
59;2021-04-01;7490;4907;357109;103436;13.8;4.0
59;2021-04-02;7647;5502;364756;108938;14.1;4.2
59;2021-04-03;13018;4298;377774;113236;14.6;4.4
59;2021-04-04;5349;2175;383123;115411;14.8;4.5
59;2021-04-05;6016;1530;389139;116941;15.0;4.5
59;2021-04-06;5406;4483;394545;121424;15.2;4.7
59;2021-04-07;7625;5419;402170;126843;15.5;4.9
59;2021-04-08;10395;5749;412565;132592;15.9;5.1
59;2021-04-09;13419;5926;425984;138518;16.5;5.4
59;2021-04-10;11479;6131;437463;144649;16.9;5.6
59;2021-04-11;4636;3559;442099;148208;17.1;5.7
59;2021-04-12;6305;4346;448404;152554;17.3;5.9
59;2021-04-13;8934;4789;457338;157343;17.7;6.1
59;2021-04-14;8789;4341;466127;161684;18.0;6.2
59;2021-04-15;10310;4850;476437;166534;18.4;6.4
59;2021-04-16;10880;5501;487317;172035;18.8;6.6
59;2021-04-17;7299;9075;494616;181110;19.1;7.0
59;2021-04-18;3230;4161;497846;185271;19.2;7.2
59;2021-04-19;5043;4290;502889;189561;19.4;7.3
59;2021-04-20;6897;4210;509786;193771;19.7;7.5
59;2021-04-21;6275;4423;516061;198194;19.9;7.7
59;2021-04-22;8613;5516;524674;203710;20.3;7.9
59;2021-04-23;8459;5686;533133;209396;20.6;8.1
59;2021-04-24;5538;8047;538671;217443;20.8;8.4
59;2021-04-25;3243;6076;541914;223519;20.9;8.6
59;2021-04-26;6492;3787;548406;227306;21.2;8.8
59;2021-04-27;8366;5164;556772;232470;21.5;9.0
59;2021-04-28;8770;6553;565542;239023;21.8;9.2
59;2021-04-29;9418;8527;574960;247550;22.2;9.6
59;2021-04-30;10605;8512;585565;256062;22.6;9.9
59;2021-05-01;12000;7592;597565;263654;23.1;10.2
59;2021-05-02;8646;5989;606211;269643;23.4;10.4
59;2021-05-03;9555;5058;615766;274701;23.8;10.6
59;2021-05-04;11424;5979;627190;280680;24.2;10.8
59;2021-05-05;10297;6206;637487;286886;24.6;11.1
59;2021-05-06;11197;8444;648684;295330;25.1;11.4
59;2021-05-07;13299;9591;661983;304921;25.6;11.8
59;2021-05-08;14746;4169;676729;309090;26.1;11.9
59;2021-05-09;11492;3330;688221;312420;26.6;12.1
59;2021-05-10;12746;6633;700967;319053;27.1;12.3
59;2021-05-11;15112;8323;716079;327376;27.7;12.6
59;2021-05-12;16630;8639;732709;336015;28.3;13.0
59;2021-05-13;18443;3460;751152;339475;29.0;13.1
59;2021-05-14;15781;6963;766933;346438;29.6;13.4
59;2021-05-15;23450;5285;790383;351723;30.5;13.6
59;2021-05-16;21184;2413;811567;354136;31.3;13.7
59;2021-05-17;15073;5269;826640;359405;31.9;13.9
59;2021-05-18;16928;5673;843568;365078;32.6;14.1
59;2021-05-19;18324;5108;861892;370186;33.3;14.3
59;2021-05-20;17934;6990;879826;377176;34.0;14.6
59;2021-05-21;18371;8283;898197;385459;34.7;14.9
59;2021-05-22;23816;5680;922013;391139;35.6;15.1
59;2021-05-23;17922;2273;939935;393412;36.3;15.2
59;2021-05-24;16691;2137;956626;395549;36.9;15.3
59;2021-05-25;14990;6660;971616;402209;37.5;15.5
59;2021-05-26;15895;7039;987511;409248;38.1;15.8
59;2021-05-27;16153;9166;1003664;418414;38.8;16.2
59;2021-05-28;15888;11449;1019552;429863;39.4;16.6
59;2021-05-29;14376;8705;1033928;438568;39.9;16.9
59;2021-05-30;8407;1842;1042335;440410;40.3;17.0
59;2021-05-31;14211;7964;1056546;448374;40.8;17.3
59;2021-06-01;15096;10381;1071642;458755;41.4;17.7
59;2021-06-02;14770;9915;1086412;468670;42.0;18.1
59;2021-06-03;15633;12110;1102045;480780;42.6;18.6
59;2021-06-04;15615;13463;1117660;494243;43.2;19.1
59;2021-06-05;14984;9342;1132644;503585;43.7;19.5
59;2021-06-06;8832;3205;1141476;506790;44.1;19.6
59;2021-06-07;10529;9423;1152005;516213;44.5;19.9
59;2021-06-08;11765;11083;1163770;527296;45.0;20.4
59;2021-06-09;10764;11895;1174534;539191;45.4;20.8
59;2021-06-10;11503;12323;1186037;551514;45.8;21.3
59;2021-06-11;10979;15989;1197016;567503;46.2;21.9
59;2021-06-12;11075;13680;1208091;581183;46.7;22.4
59;2021-06-13;6345;7032;1214436;588215;46.9;22.7
59;2021-06-14;6510;12685;1220946;600900;47.2;23.2
59;2021-06-15;8237;15947;1229183;616847;47.5;23.8
59;2021-06-16;9205;13549;1238388;630396;47.8;24.3
59;2021-06-17;9191;15652;1247579;646048;48.2;25.0
59;2021-06-18;9089;20069;1256668;666117;48.5;25.7
59;2021-06-19;8957;17493;1265625;683610;48.9;26.4
59;2021-06-20;4901;10189;1270526;693799;49.1;26.8
59;2021-06-21;5280;15967;1275806;709766;49.3;27.4
59;2021-06-22;6334;18676;1282140;728442;49.5;28.1
59;2021-06-23;6168;19084;1288308;747526;49.8;28.9
59;2021-06-24;7340;20527;1295648;768053;50.0;29.7
59;2021-06-25;6509;21201;1302157;789254;50.3;30.5
59;2021-06-26;6488;23749;1308645;813003;50.5;31.4
59;2021-06-27;4755;17077;1313400;830080;50.7;32.1
59;2021-06-28;5006;19819;1318406;849899;50.9;32.8
59;2021-06-29;5553;20377;1323959;870276;51.1;33.6
59;2021-06-30;6134;20099;1330093;890375;51.4;34.4
59;2021-07-01;6795;20838;1336888;911213;51.6;35.2
59;2021-07-02;6841;23247;1343729;934460;51.9;36.1
59;2021-07-03;5564;24619;1349293;959079;52.1;37.0
59;2021-07-04;4416;15978;1353709;975057;52.3;37.7
59;2021-07-05;5674;17488;1359383;992545;52.5;38.3
59;2021-07-06;6611;18801;1365994;1011346;52.8;39.1
59;2021-07-07;6946;17454;1372940;1028800;53.0;39.7
59;2021-07-08;8027;17693;1380967;1046493;53.3;40.4
59;2021-07-09;7706;20303;1388673;1066796;53.6;41.2
59;2021-07-10;7450;18542;1396123;1085338;53.9;41.9
59;2021-07-11;4451;10233;1400574;1095571;54.1;42.3
59;2021-07-12;5915;18046;1406489;1113617;54.3;43.0
59;2021-07-13;9912;20764;1416401;1134381;54.7;43.8
59;2021-07-14;9785;8457;1426186;1142838;55.1;44.1
59;2021-07-15;11636;20397;1437822;1163235;55.5;44.9
59;2021-07-16;13224;20497;1451046;1183732;56.0;45.7
59;2021-07-17;12400;17467;1463446;1201199;56.5;46.4
59;2021-07-18;7965;8684;1471411;1209883;56.8;46.7
59;2021-07-19;10404;16454;1481815;1226337;57.2;47.4
59;2021-07-20;13417;17124;1495232;1243461;57.8;48.0
59;2021-07-21;14529;15598;1509761;1259059;58.3;48.6
59;2021-07-22;17070;15207;1526831;1274266;59.0;49.2
59;2021-07-23;15733;15839;1542564;1290105;59.6;49.8
59;2021-07-24;16356;12300;1558920;1302405;60.2;50.3
59;2021-07-25;11920;7333;1570840;1309738;60.7;50.6
59;2021-07-26;13046;12614;1583886;1322352;61.2;51.1
59;2021-07-27;16247;11975;1600133;1334327;61.8;51.5
59;2021-07-28;17455;11661;1617588;1345988;62.5;52.0
59;2021-07-29;17425;11666;1635013;1357654;63.2;52.4
59;2021-07-30;15920;11612;1650933;1369266;63.8;52.9
59;2021-07-31;14018;9202;1664951;1378468;64.3;53.2
59;2021-08-01;9959;4567;1674910;1383035;64.7;53.4
59;2021-08-02;12189;10022;1687099;1393057;65.2;53.8
59;2021-08-03;13442;10047;1700541;1403104;65.7;54.2
59;2021-08-04;11229;8281;1711770;1411385;66.1;54.5
59;2021-08-05;12713;9781;1724483;1421166;66.6;54.9
59;2021-08-06;12553;11036;1737036;1432202;67.1;55.3
59;2021-08-07;9737;9296;1746773;1441498;67.5;55.7
59;2021-08-08;6958;5259;1753731;1446757;67.7;55.9
59;2021-08-09;8400;10818;1762131;1457575;68.1;56.3
59;2021-08-10;10394;10773;1772525;1468348;68.5;56.7
59;2021-08-11;8654;9316;1781179;1477664;68.8;57.1
59;2021-08-12;8991;12066;1790170;1489730;69.1;57.5
59;2021-08-13;8596;11749;1798766;1501479;69.5;58.0
59;2021-08-14;5943;10391;1804709;1511870;69.7;58.4
59;2021-08-15;3371;4663;1808080;1516533;69.8;58.6
59;2021-08-16;5850;13866;1813930;1530399;70.1;59.1
59;2021-08-17;6942;12758;1820872;1543157;70.3;59.6
59;2021-08-18;5892;11466;1826764;1554623;70.6;60.0
59;2021-08-19;6321;13862;1833085;1568485;70.8;60.6
59;2021-08-20;5801;14571;1838886;1583056;71.0;61.1
59;2021-08-21;4160;10281;1843046;1593337;71.2;61.5
59;2021-08-22;2831;7645;1845877;1600982;71.3;61.8
59;2021-08-23;4756;15718;1850633;1616700;71.5;62.4
59;2021-08-24;5272;15178;1855905;1631878;71.7;63.0
59;2021-08-25;4644;13075;1860549;1644953;71.9;63.5
59;2021-08-26;5178;14331;1865727;1659284;72.1;64.1
59;2021-08-27;4958;15405;1870685;1674689;72.3;64.7
59;2021-08-28;3789;12361;1874474;1687050;72.4;65.2
59;2021-08-29;1930;8429;1876404;1695479;72.5;65.5
59;2021-08-30;3829;12922;1880233;1708401;72.6;66.0
59;2021-08-31;3791;12930;1884024;1721331;72.8;66.5
59;2021-09-01;3265;10696;1887289;1732027;72.9;66.9
59;2021-09-02;3168;10934;1890457;1742961;73.0;67.3
59;2021-09-03;3768;12105;1894225;1755066;73.2;67.8
59;2021-09-04;3375;9950;1897600;1765016;73.3;68.2
59;2021-09-05;1202;3635;1898802;1768651;73.3;68.3
59;2021-09-06;2132;7326;1900934;1775977;73.4;68.6
59;2021-09-07;2219;7020;1903153;1782997;73.5;68.9
59;2021-09-08;2541;7480;1905694;1790477;73.6;69.2
59;2021-09-09;2378;6654;1908072;1797131;73.7;69.4
60;2020-12-27;0;0;0;0;0.0;0.0
60;2020-12-28;0;0;0;0;0.0;0.0
60;2020-12-29;1;0;1;0;0.0;0.0
60;2020-12-30;0;0;1;0;0.0;0.0
60;2020-12-31;0;0;1;0;0.0;0.0
60;2021-01-01;0;0;1;0;0.0;0.0
60;2021-01-02;5;0;6;0;0.0;0.0
60;2021-01-03;1;0;7;0;0.0;0.0
60;2021-01-04;1;0;8;0;0.0;0.0
60;2021-01-05;37;0;45;0;0.0;0.0
60;2021-01-06;188;3;233;3;0.0;0.0
60;2021-01-07;236;4;469;7;0.1;0.0
60;2021-01-08;380;3;849;10;0.1;0.0
60;2021-01-09;3;0;852;10;0.1;0.0
60;2021-01-10;60;0;912;10;0.1;0.0
60;2021-01-11;345;2;1257;12;0.2;0.0
60;2021-01-12;535;2;1792;14;0.2;0.0
60;2021-01-13;476;5;2268;19;0.3;0.0
60;2021-01-14;507;6;2775;25;0.3;0.0
60;2021-01-15;702;7;3477;32;0.4;0.0
60;2021-01-16;124;1;3601;33;0.4;0.0
60;2021-01-17;32;0;3633;33;0.4;0.0
60;2021-01-18;859;7;4492;40;0.5;0.0
60;2021-01-19;1202;11;5694;51;0.7;0.0
60;2021-01-20;1717;11;7411;62;0.9;0.0
60;2021-01-21;2264;8;9675;70;1.2;0.0
60;2021-01-22;1543;15;11218;85;1.4;0.0
60;2021-01-23;499;4;11717;89;1.4;0.0
60;2021-01-24;61;1;11778;90;1.4;0.0
60;2021-01-25;897;14;12675;104;1.5;0.0
60;2021-01-26;950;14;13625;118;1.7;0.0
60;2021-01-27;646;6;14271;124;1.7;0.0
60;2021-01-28;395;164;14666;288;1.8;0.0
60;2021-01-29;77;103;14743;391;1.8;0.0
60;2021-01-30;0;1;14743;392;1.8;0.0
60;2021-01-31;22;59;14765;451;1.8;0.1
60;2021-02-01;39;104;14804;555;1.8;0.1
60;2021-02-02;26;149;14830;704;1.8;0.1
60;2021-02-03;165;231;14995;935;1.8;0.1
60;2021-02-04;170;333;15165;1268;1.8;0.2
60;2021-02-05;315;470;15480;1738;1.9;0.2
60;2021-02-06;65;77;15545;1815;1.9;0.2
60;2021-02-07;31;31;15576;1846;1.9;0.2
60;2021-02-08;329;495;15905;2341;1.9;0.3
60;2021-02-09;319;449;16224;2790;2.0;0.3
60;2021-02-10;555;974;16779;3764;2.0;0.5
60;2021-02-11;942;1092;17721;4856;2.1;0.6
60;2021-02-12;914;838;18635;5694;2.3;0.7
60;2021-02-13;91;295;18726;5989;2.3;0.7
60;2021-02-14;24;85;18750;6074;2.3;0.7
60;2021-02-15;612;678;19362;6752;2.3;0.8
60;2021-02-16;580;826;19942;7578;2.4;0.9
60;2021-02-17;633;830;20575;8408;2.5;1.0
60;2021-02-18;684;732;21259;9140;2.6;1.1
60;2021-02-19;641;678;21900;9818;2.7;1.2
60;2021-02-20;104;172;22004;9990;2.7;1.2
60;2021-02-21;23;104;22027;10094;2.7;1.2
60;2021-02-22;461;777;22488;10871;2.7;1.3
60;2021-02-23;535;703;23023;11574;2.8;1.4
60;2021-02-24;794;505;23817;12079;2.9;1.5
60;2021-02-25;1095;278;24912;12357;3.0;1.5
60;2021-02-26;1300;177;26212;12534;3.2;1.5
60;2021-02-27;666;35;26878;12569;3.3;1.5
60;2021-02-28;7;10;26885;12579;3.3;1.5
60;2021-03-01;894;47;27779;12626;3.4;1.5
60;2021-03-02;1013;168;28792;12794;3.5;1.6
60;2021-03-03;1322;446;30114;13240;3.6;1.6
60;2021-03-04;1725;502;31839;13742;3.9;1.7
60;2021-03-05;1822;279;33661;14021;4.1;1.7
60;2021-03-06;1920;140;35581;14161;4.3;1.7
60;2021-03-07;885;31;36466;14192;4.4;1.7
60;2021-03-08;978;303;37444;14495;4.5;1.8
60;2021-03-09;1642;347;39086;14842;4.7;1.8
60;2021-03-10;1938;424;41024;15266;5.0;1.9
60;2021-03-11;2325;378;43349;15644;5.3;1.9
60;2021-03-12;2596;541;45945;16185;5.6;2.0
60;2021-03-13;3839;213;49784;16398;6.0;2.0
60;2021-03-14;1782;59;51566;16457;6.2;2.0
60;2021-03-15;2090;495;53656;16952;6.5;2.1
60;2021-03-16;1583;623;55239;17575;6.7;2.1
60;2021-03-17;1658;613;56897;18188;6.9;2.2
60;2021-03-18;1759;736;58656;18924;7.1;2.3
60;2021-03-19;2591;526;61247;19450;7.4;2.4
60;2021-03-20;3241;193;64488;19643;7.8;2.4
60;2021-03-21;2125;98;66613;19741;8.1;2.4
60;2021-03-22;2133;708;68746;20449;8.3;2.5
60;2021-03-23;3308;719;72054;21168;8.7;2.6
60;2021-03-24;3070;868;75124;22036;9.1;2.7
60;2021-03-25;3849;846;78973;22882;9.6;2.8
60;2021-03-26;4217;873;83190;23755;10.1;2.9
60;2021-03-27;4142;321;87332;24076;10.6;2.9
60;2021-03-28;2450;84;89782;24160;10.9;2.9
60;2021-03-29;2610;1084;92392;25244;11.2;3.1
60;2021-03-30;3285;1074;95677;26318;11.6;3.2
60;2021-03-31;2668;1141;98345;27459;11.9;3.3
60;2021-04-01;2562;1103;100907;28562;12.2;3.5
60;2021-04-02;3308;1110;104215;29672;12.6;3.6
60;2021-04-03;3171;1011;107386;30683;13.0;3.7
60;2021-04-04;876;487;108262;31170;13.1;3.8
60;2021-04-05;459;84;108721;31254;13.2;3.8
60;2021-04-06;1966;1621;110687;32875;13.4;4.0
60;2021-04-07;1984;1747;112671;34622;13.7;4.2
60;2021-04-08;2612;1498;115283;36120;14.0;4.4
60;2021-04-09;2999;1522;118282;37642;14.3;4.6
60;2021-04-10;2928;1583;121210;39225;14.7;4.8
60;2021-04-11;1046;998;122256;40223;14.8;4.9
60;2021-04-12;2045;1721;124301;41944;15.1;5.1
60;2021-04-13;2749;1786;127050;43730;15.4;5.3
60;2021-04-14;3144;1822;130194;45552;15.8;5.5
60;2021-04-15;3560;1894;133754;47446;16.2;5.8
60;2021-04-16;3292;1951;137046;49397;16.6;6.0
60;2021-04-17;2849;2171;139895;51568;17.0;6.3
60;2021-04-18;573;1833;140468;53401;17.0;6.5
60;2021-04-19;1742;2212;142210;55613;17.2;6.7
60;2021-04-20;2129;2679;144339;58292;17.5;7.1
60;2021-04-21;2653;2208;146992;60500;17.8;7.3
60;2021-04-22;2631;2509;149623;63009;18.1;7.6
60;2021-04-23;2650;2501;152273;65510;18.5;7.9
60;2021-04-24;2471;3457;154744;68967;18.8;8.4
60;2021-04-25;1162;1962;155906;70929;18.9;8.6
60;2021-04-26;1890;2529;157796;73458;19.1;8.9
60;2021-04-27;2311;2841;160107;76299;19.4;9.2
60;2021-04-28;3061;2396;163168;78695;19.8;9.5
60;2021-04-29;3154;2622;166322;81317;20.2;9.9
60;2021-04-30;3459;2961;169781;84278;20.6;10.2
60;2021-05-01;2355;1123;172136;85401;20.9;10.4
60;2021-05-02;2148;845;174284;86246;21.1;10.5
60;2021-05-03;2956;1854;177240;88100;21.5;10.7
60;2021-05-04;3018;2358;180258;90458;21.8;11.0
60;2021-05-05;3260;2810;183518;93268;22.2;11.3
60;2021-05-06;3648;2481;187166;95749;22.7;11.6
60;2021-05-07;3985;2516;191151;98265;23.2;11.9
60;2021-05-08;3583;972;194734;99237;23.6;12.0
60;2021-05-09;3460;956;198194;100193;24.0;12.1
60;2021-05-10;2392;2294;200586;102487;24.3;12.4
60;2021-05-11;3670;2469;204256;104956;24.8;12.7
60;2021-05-12;4718;2550;208974;107506;25.3;13.0
60;2021-05-13;5292;1129;214266;108635;26.0;13.2
60;2021-05-14;5603;1804;219869;110439;26.6;13.4
60;2021-05-15;6173;1718;226042;112157;27.4;13.6
60;2021-05-16;4861;691;230903;112848;28.0;13.7
60;2021-05-17;3716;1678;234619;114526;28.4;13.9
60;2021-05-18;4048;2081;238667;116607;28.9;14.1
60;2021-05-19;5097;1857;243764;118464;29.5;14.4
60;2021-05-20;5459;1793;249223;120257;30.2;14.6
60;2021-05-21;5974;1978;255197;122235;30.9;14.8
60;2021-05-22;5356;1979;260553;124214;31.6;15.1
60;2021-05-23;4267;658;264820;124872;32.1;15.1
60;2021-05-24;2951;534;267771;125406;32.5;15.2
60;2021-05-25;4139;2004;271910;127410;33.0;15.4
60;2021-05-26;4467;1835;276377;129245;33.5;15.7
60;2021-05-27;4613;1996;280990;131241;34.1;15.9
60;2021-05-28;4628;2500;285618;133741;34.6;16.2
60;2021-05-29;4612;2269;290230;136010;35.2;16.5
60;2021-05-30;1086;347;291316;136357;35.3;16.5
60;2021-05-31;3831;2084;295147;138441;35.8;16.8
60;2021-06-01;4445;2849;299592;141290;36.3;17.1
60;2021-06-02;3915;2445;303507;143735;36.8;17.4
60;2021-06-03;3905;2374;307412;146109;37.3;17.7
60;2021-06-04;4652;2904;312064;149013;37.8;18.1
60;2021-06-05;4302;3421;316366;152434;38.3;18.5
60;2021-06-06;2159;794;318525;153228;38.6;18.6
60;2021-06-07;2777;2761;321302;155989;38.9;18.9
60;2021-06-08;3802;3007;325104;158996;39.4;19.3
60;2021-06-09;3248;3399;328352;162395;39.8;19.7
60;2021-06-10;3456;3370;331808;165765;40.2;20.1
60;2021-06-11;3882;4192;335690;169957;40.7;20.6
60;2021-06-12;3782;4279;339472;174236;41.1;21.1
60;2021-06-13;1156;2225;340628;176461;41.3;21.4
60;2021-06-14;1910;3305;342538;179766;41.5;21.8
60;2021-06-15;3016;4162;345554;183928;41.9;22.3
60;2021-06-16;3252;4487;348806;188415;42.3;22.8
60;2021-06-17;2978;4784;351784;193199;42.6;23.4
60;2021-06-18;2984;4605;354768;197804;43.0;24.0
60;2021-06-19;3145;4723;357913;202527;43.4;24.5
60;2021-06-20;1430;1935;359343;204462;43.6;24.8
60;2021-06-21;1408;4041;360751;208503;43.7;25.3
60;2021-06-22;1759;5292;362510;213795;43.9;25.9
60;2021-06-23;1862;5239;364372;219034;44.2;26.5
60;2021-06-24;1804;5603;366176;224637;44.4;27.2
60;2021-06-25;1905;5730;368081;230367;44.6;27.9
60;2021-06-26;1863;6978;369944;237345;44.8;28.8
60;2021-06-27;715;2594;370659;239939;44.9;29.1
60;2021-06-28;1782;4143;372441;244082;45.1;29.6
60;2021-06-29;2014;5465;374455;249547;45.4;30.2
60;2021-06-30;2298;5358;376753;254905;45.7;30.9
60;2021-07-01;1891;4916;378644;259821;45.9;31.5
60;2021-07-02;2370;5882;381014;265703;46.2;32.2
60;2021-07-03;2403;6161;383417;271864;46.5;33.0
60;2021-07-04;792;2725;384209;274589;46.6;33.3
60;2021-07-05;1658;4403;385867;278992;46.8;33.8
60;2021-07-06;2147;4500;388014;283492;47.0;34.4
60;2021-07-07;2174;5116;390188;288608;47.3;35.0
60;2021-07-08;2672;4688;392860;293296;47.6;35.5
60;2021-07-09;2642;5562;395502;298858;47.9;36.2
60;2021-07-10;2581;5875;398083;304733;48.2;36.9
60;2021-07-11;1215;1942;399298;306675;48.4;37.2
60;2021-07-12;1445;4738;400743;311413;48.6;37.7
60;2021-07-13;2912;5023;403655;316436;48.9;38.4
60;2021-07-14;2586;1408;406241;317844;49.2;38.5
60;2021-07-15;3433;4876;409674;322720;49.7;39.1
60;2021-07-16;3700;5242;413374;327962;50.1;39.7
60;2021-07-17;4080;5133;417454;333095;50.6;40.4
60;2021-07-18;2186;2129;419640;335224;50.9;40.6
60;2021-07-19;2542;3890;422182;339114;51.2;41.1
60;2021-07-20;4198;4898;426380;344012;51.7;41.7
60;2021-07-21;4355;4283;430735;348295;52.2;42.2
60;2021-07-22;4628;4331;435363;352626;52.8;42.7
60;2021-07-23;4984;4904;440347;357530;53.4;43.3
60;2021-07-24;4317;4673;444664;362203;53.9;43.9
60;2021-07-25;2603;1829;447267;364032;54.2;44.1
60;2021-07-26;3379;3760;450646;367792;54.6;44.6
60;2021-07-27;4437;4628;455083;372420;55.2;45.1
60;2021-07-28;4548;3771;459631;376191;55.7;45.6
60;2021-07-29;4898;3708;464529;379899;56.3;46.0
60;2021-07-30;5029;4255;469558;384154;56.9;46.6
60;2021-07-31;4063;3972;473621;388126;57.4;47.0
60;2021-08-01;1685;862;475306;388988;57.6;47.1
60;2021-08-02;3175;2755;478481;391743;58.0;47.5
60;2021-08-03;3585;2893;482066;394636;58.4;47.8
60;2021-08-04;3311;2797;485377;397433;58.8;48.2
60;2021-08-05;3028;2256;488405;399689;59.2;48.4
60;2021-08-06;3826;3059;492231;402748;59.7;48.8
60;2021-08-07;3370;3072;495601;405820;60.1;49.2
60;2021-08-08;1534;910;497135;406730;60.3;49.3
60;2021-08-09;2202;2869;499337;409599;60.5;49.6
60;2021-08-10;3277;3312;502614;412911;60.9;50.0
60;2021-08-11;2812;3231;505426;416142;61.3;50.4
60;2021-08-12;2356;2664;507782;418806;61.5;50.8
60;2021-08-13;2746;2998;510528;421804;61.9;51.1
60;2021-08-14;2540;2731;513068;424535;62.2;51.5
60;2021-08-15;1361;551;514429;425086;62.3;51.5
60;2021-08-16;2037;3781;516466;428867;62.6;52.0
60;2021-08-17;2338;3828;518804;432695;62.9;52.4
60;2021-08-18;1936;3293;520740;435988;63.1;52.8
60;2021-08-19;1639;3090;522379;439078;63.3;53.2
60;2021-08-20;1852;3997;524231;443075;63.5;53.7
60;2021-08-21;1598;3490;525829;446565;63.7;54.1
60;2021-08-22;571;1337;526400;447902;63.8;54.3
60;2021-08-23;1098;3237;527498;451139;63.9;54.7
60;2021-08-24;1367;4490;528865;455629;64.1;55.2
60;2021-08-25;1431;3579;530296;459208;64.3;55.7
60;2021-08-26;1424;3458;531720;462666;64.4;56.1
60;2021-08-27;1432;4168;533152;466834;64.6;56.6
60;2021-08-28;1373;4475;534525;471309;64.8;57.1
60;2021-08-29;547;2033;535072;473342;64.9;57.4
60;2021-08-30;1226;2997;536298;476339;65.0;57.7
60;2021-08-31;1632;3848;537930;480187;65.2;58.2
60;2021-09-01;1224;2790;539154;482977;65.3;58.5
60;2021-09-02;1052;2708;540206;485685;65.5;58.9
60;2021-09-03;1019;3150;541225;488835;65.6;59.2
60;2021-09-04;1503;3707;542728;492542;65.8;59.7
60;2021-09-05;364;1352;543092;493894;65.8;59.9
60;2021-09-06;793;2526;543885;496420;65.9;60.2
60;2021-09-07;829;2968;544714;499388;66.0;60.5
60;2021-09-08;882;2974;545596;502362;66.1;60.9
60;2021-09-09;671;2336;546267;504698;66.2;61.2
61;2020-12-27;0;0;0;0;0.0;0.0
61;2020-12-28;0;0;0;0;0.0;0.0
61;2020-12-29;0;0;0;0;0.0;0.0
61;2020-12-30;0;0;0;0;0.0;0.0
61;2020-12-31;0;0;0;0;0.0;0.0
61;2021-01-01;1;0;1;0;0.0;0.0
61;2021-01-02;1;0;2;0;0.0;0.0
61;2021-01-03;0;0;2;0;0.0;0.0
61;2021-01-04;1;0;3;0;0.0;0.0
61;2021-01-05;3;0;6;0;0.0;0.0
61;2021-01-06;77;0;83;0;0.0;0.0
61;2021-01-07;175;2;258;2;0.1;0.0
61;2021-01-08;406;1;664;3;0.2;0.0
61;2021-01-09;165;1;829;4;0.3;0.0
61;2021-01-10;49;0;878;4;0.3;0.0
61;2021-01-11;396;1;1274;5;0.5;0.0
61;2021-01-12;681;2;1955;7;0.7;0.0
61;2021-01-13;740;1;2695;8;1.0;0.0
61;2021-01-14;530;7;3225;15;1.2;0.0
61;2021-01-15;537;4;3762;19;1.4;0.0
61;2021-01-16;289;1;4051;20;1.5;0.0
61;2021-01-17;857;6;4908;26;1.8;0.0
61;2021-01-18;1913;2;6821;28;2.5;0.0
61;2021-01-19;1323;3;8144;31;2.9;0.0
61;2021-01-20;683;0;8827;31;3.2;0.0
61;2021-01-21;848;1;9675;32;3.5;0.0
61;2021-01-22;764;0;10439;32;3.8;0.0
61;2021-01-23;257;2;10696;34;3.9;0.0
61;2021-01-24;229;0;10925;34;3.9;0.0
61;2021-01-25;578;1;11503;35;4.2;0.0
61;2021-01-26;561;0;12064;35;4.4;0.0
61;2021-01-27;569;13;12633;48;4.6;0.0
61;2021-01-28;464;50;13097;98;4.7;0.0
61;2021-01-29;479;197;13576;295;4.9;0.1
61;2021-01-30;212;3;13788;298;5.0;0.1
61;2021-01-31;109;0;13897;298;5.0;0.1
61;2021-02-01;430;179;14327;477;5.2;0.2
61;2021-02-02;387;380;14714;857;5.3;0.3
61;2021-02-03;412;448;15126;1305;5.5;0.5
61;2021-02-04;390;302;15516;1607;5.6;0.6
61;2021-02-05;538;343;16054;1950;5.8;0.7
61;2021-02-06;201;81;16255;2031;5.9;0.7
61;2021-02-07;45;199;16300;2230;5.9;0.8
61;2021-02-08;541;1318;16841;3548;6.1;1.3
61;2021-02-09;405;755;17246;4303;6.2;1.6
61;2021-02-10;277;521;17523;4824;6.3;1.7
61;2021-02-11;432;479;17955;5303;6.5;1.9
61;2021-02-12;402;655;18357;5958;6.6;2.2
61;2021-02-13;133;353;18490;6311;6.7;2.3
61;2021-02-14;3;267;18493;6578;6.7;2.4
61;2021-02-15;172;665;18665;7243;6.7;2.6
61;2021-02-16;203;564;18868;7807;6.8;2.8
61;2021-02-17;44;511;18912;8318;6.8;3.0
61;2021-02-18;161;428;19073;8746;6.9;3.2
61;2021-02-19;101;329;19174;9075;6.9;3.3
61;2021-02-20;40;209;19214;9284;6.9;3.4
61;2021-02-21;2;127;19216;9411;6.9;3.4
61;2021-02-22;88;481;19304;9892;7.0;3.6
61;2021-02-23;109;413;19413;10305;7.0;3.7
61;2021-02-24;173;466;19586;10771;7.1;3.9
61;2021-02-25;265;362;19851;11133;7.2;4.0
61;2021-02-26;266;402;20117;11535;7.3;4.2
61;2021-02-27;110;195;20227;11730;7.3;4.2
61;2021-02-28;4;118;20231;11848;7.3;4.3
61;2021-03-01;217;558;20448;12406;7.4;4.5
61;2021-03-02;148;652;20596;13058;7.4;4.7
61;2021-03-03;142;401;20738;13459;7.5;4.9
61;2021-03-04;431;408;21169;13867;7.6;5.0
61;2021-03-05;701;278;21870;14145;7.9;5.1
61;2021-03-06;437;218;22307;14363;8.1;5.2
61;2021-03-07;155;2;22462;14365;8.1;5.2
61;2021-03-08;298;300;22760;14665;8.2;5.3
61;2021-03-09;622;175;23382;14840;8.4;5.4
61;2021-03-10;672;183;24054;15023;8.7;5.4
61;2021-03-11;1120;122;25174;15145;9.1;5.5
61;2021-03-12;1467;97;26641;15242;9.6;5.5
61;2021-03-13;775;54;27416;15296;9.9;5.5
61;2021-03-14;226;6;27642;15302;10.0;5.5
61;2021-03-15;814;34;28456;15336;10.3;5.5
61;2021-03-16;720;21;29176;15357;10.5;5.5
61;2021-03-17;761;13;29937;15370;10.8;5.6
61;2021-03-18;858;28;30795;15398;11.1;5.6
61;2021-03-19;1027;50;31822;15448;11.5;5.6
61;2021-03-20;471;14;32293;15462;11.7;5.6
61;2021-03-21;71;2;32364;15464;11.7;5.6
61;2021-03-22;796;90;33160;15554;12.0;5.6
61;2021-03-23;920;39;34080;15593;12.3;5.6
61;2021-03-24;1372;70;35452;15663;12.8;5.7
61;2021-03-25;1876;68;37328;15731;13.5;5.7
61;2021-03-26;1799;46;39127;15777;14.1;5.7
61;2021-03-27;1083;18;40210;15795;14.5;5.7
61;2021-03-28;359;9;40569;15804;14.7;5.7
61;2021-03-29;1271;182;41840;15986;15.1;5.8
61;2021-03-30;1471;96;43311;16082;15.6;5.8
61;2021-03-31;1686;51;44997;16133;16.3;5.8
61;2021-04-01;2051;230;47048;16363;17.0;5.9
61;2021-04-02;1520;433;48568;16796;17.5;6.1
61;2021-04-03;640;287;49208;17083;17.8;6.2
61;2021-04-04;193;1;49401;17084;17.8;6.2
61;2021-04-05;532;8;49933;17092;18.0;6.2
61;2021-04-06;1354;618;51287;17710;18.5;6.4
61;2021-04-07;1699;658;52986;18368;19.1;6.6
61;2021-04-08;2268;832;55254;19200;20.0;6.9
61;2021-04-09;2138;837;57392;20037;20.7;7.2
61;2021-04-10;1534;486;58926;20523;21.3;7.4
61;2021-04-11;238;199;59164;20722;21.4;7.5
61;2021-04-12;1289;736;60453;21458;21.8;7.7
61;2021-04-13;1740;706;62193;22164;22.5;8.0
61;2021-04-14;1735;784;63928;22948;23.1;8.3
61;2021-04-15;2268;782;66196;23730;23.9;8.6
61;2021-04-16;2223;688;68419;24418;24.7;8.8
61;2021-04-17;1487;324;69906;24742;25.2;8.9
61;2021-04-18;538;99;70444;24841;25.4;9.0
61;2021-04-19;938;749;71382;25590;25.8;9.2
61;2021-04-20;1523;786;72905;26376;26.3;9.5
61;2021-04-21;1352;1040;74257;27416;26.8;9.9
61;2021-04-22;1293;1216;75550;28632;27.3;10.3
61;2021-04-23;1216;1147;76766;29779;27.7;10.8
61;2021-04-24;1437;818;78203;30597;28.2;11.0
61;2021-04-25;361;331;78564;30928;28.4;11.2
61;2021-04-26;670;1143;79234;32071;28.6;11.6
61;2021-04-27;1465;1138;80699;33209;29.1;12.0
61;2021-04-28;1386;1390;82085;34599;29.6;12.5
61;2021-04-29;1247;1860;83332;36459;30.1;13.2
61;2021-04-30;1721;1173;85053;37632;30.7;13.6
61;2021-05-01;788;321;85841;37953;31.0;13.7
61;2021-05-02;439;225;86280;38178;31.2;13.8
61;2021-05-03;844;1249;87124;39427;31.5;14.2
61;2021-05-04;1326;1752;88450;41179;31.9;14.9
61;2021-05-05;1009;2027;89459;43206;32.3;15.6
61;2021-05-06;1772;2213;91231;45419;32.9;16.4
61;2021-05-07;1376;1972;92607;47391;33.4;17.1
61;2021-05-08;930;473;93537;47864;33.8;17.3
61;2021-05-09;394;293;93931;48157;33.9;17.4
61;2021-05-10;988;1749;94919;49906;34.3;18.0
61;2021-05-11;1376;1516;96295;51422;34.8;18.6
61;2021-05-12;1870;1593;98165;53015;35.5;19.1
61;2021-05-13;889;491;99054;53506;35.8;19.3
61;2021-05-14;1852;1190;100906;54696;36.4;19.8
61;2021-05-15;2104;1119;103010;55815;37.2;20.2
61;2021-05-16;984;300;103994;56115;37.6;20.3
61;2021-05-17;1312;913;105306;57028;38.0;20.6
61;2021-05-18;2424;893;107730;57921;38.9;20.9
61;2021-05-19;2401;804;110131;58725;39.8;21.2
61;2021-05-20;2213;816;112344;59541;40.6;21.5
61;2021-05-21;2150;861;114494;60402;41.3;21.8
61;2021-05-22;1781;718;116275;61120;42.0;22.1
61;2021-05-23;714;54;116989;61174;42.2;22.1
61;2021-05-24;913;110;117902;61284;42.6;22.1
61;2021-05-25;1991;920;119893;62204;43.3;22.5
61;2021-05-26;2044;931;121937;63135;44.0;22.8
61;2021-05-27;2040;1090;123977;64225;44.8;23.2
61;2021-05-28;2052;1378;126029;65603;45.5;23.7
61;2021-05-29;1464;556;127493;66159;46.0;23.9
61;2021-05-30;450;44;127943;66203;46.2;23.9
61;2021-05-31;1561;937;129504;67140;46.8;24.2
61;2021-06-01;1876;1389;131380;68529;47.4;24.7
61;2021-06-02;1675;1135;133055;69664;48.1;25.2
61;2021-06-03;2250;1111;135305;70775;48.9;25.6
61;2021-06-04;1894;1345;137199;72120;49.5;26.0
61;2021-06-05;1669;1240;138868;73360;50.2;26.5
61;2021-06-06;318;230;139186;73590;50.3;26.6
61;2021-06-07;2189;867;141375;74457;51.1;26.9
61;2021-06-08;1847;1567;143222;76024;51.7;27.5
61;2021-06-09;1975;1185;145197;77209;52.4;27.9
61;2021-06-10;1974;1192;147171;78401;53.1;28.3
61;2021-06-11;1822;1581;148993;79982;53.8;28.9
61;2021-06-12;1424;999;150417;80981;54.3;29.2
61;2021-06-13;340;377;150757;81358;54.4;29.4
61;2021-06-14;1107;1188;151864;82546;54.8;29.8
61;2021-06-15;1213;1693;153077;84239;55.3;30.4
61;2021-06-16;1112;1364;154189;85603;55.7;30.9
61;2021-06-17;1020;1730;155209;87333;56.1;31.5
61;2021-06-18;1522;1670;156731;89003;56.6;32.1
61;2021-06-19;1245;1303;157976;90306;57.1;32.6
61;2021-06-20;289;345;158265;90651;57.2;32.7
61;2021-06-21;807;1627;159072;92278;57.4;33.3
61;2021-06-22;1024;1682;160096;93960;57.8;33.9
61;2021-06-23;967;2436;161063;96396;58.2;34.8
61;2021-06-24;650;1359;161713;97755;58.4;35.3
61;2021-06-25;840;2167;162553;99922;58.7;36.1
61;2021-06-26;624;1953;163177;101875;58.9;36.8
61;2021-06-27;139;799;163316;102674;59.0;37.1
61;2021-06-28;478;2248;163794;104922;59.2;37.9
61;2021-06-29;699;2859;164493;107781;59.4;38.9
61;2021-06-30;771;2463;165264;110244;59.7;39.8
61;2021-07-01;633;1696;165897;111940;59.9;40.4
61;2021-07-02;842;2497;166739;114437;60.2;41.3
61;2021-07-03;417;1912;167156;116349;60.4;42.0
61;2021-07-04;75;638;167231;116987;60.4;42.2
61;2021-07-05;683;1774;167914;118761;60.6;42.9
61;2021-07-06;990;2792;168904;121553;61.0;43.9
61;2021-07-07;734;2361;169638;123914;61.3;44.7
61;2021-07-08;842;1945;170480;125859;61.6;45.5
61;2021-07-09;723;2375;171203;128234;61.8;46.3
61;2021-07-10;464;1769;171667;130003;62.0;46.9
61;2021-07-11;244;489;171911;130492;62.1;47.1
61;2021-07-12;438;2290;172349;132782;62.2;48.0
61;2021-07-13;645;2486;172994;135268;62.5;48.9
61;2021-07-14;149;334;173143;135602;62.5;49.0
61;2021-07-15;815;2813;173958;138415;62.8;50.0
61;2021-07-16;968;2572;174926;140987;63.2;50.9
61;2021-07-17;707;2232;175633;143219;63.4;51.7
61;2021-07-18;339;368;175972;143587;63.6;51.9
61;2021-07-19;935;2405;176907;145992;63.9;52.7
61;2021-07-20;1327;2356;178234;148348;64.4;53.6
61;2021-07-21;1503;2182;179737;150530;64.9;54.4
61;2021-07-22;1751;2189;181488;152719;65.5;55.2
61;2021-07-23;1793;2305;183281;155024;66.2;56.0
61;2021-07-24;1456;2006;184737;157030;66.7;56.7
61;2021-07-25;324;393;185061;157423;66.8;56.9
61;2021-07-26;1252;1929;186313;159352;67.3;57.5
61;2021-07-27;2419;1584;188732;160936;68.2;58.1
61;2021-07-28;2458;1354;191190;162290;69.0;58.6
61;2021-07-29;2563;1576;193753;163866;70.0;59.2
61;2021-07-30;2398;1387;196151;165253;70.8;59.7
61;2021-07-31;1282;1300;197433;166553;71.3;60.1
61;2021-08-01;503;259;197936;166812;71.5;60.2
61;2021-08-02;1913;1121;199849;167933;72.2;60.6
61;2021-08-03;2451;913;202300;168846;73.1;61.0
61;2021-08-04;2346;781;204646;169627;73.9;61.3
61;2021-08-05;1899;992;206545;170619;74.6;61.6
61;2021-08-06;2164;1162;208709;171781;75.4;62.0
61;2021-08-07;1422;800;210131;172581;75.9;62.3
61;2021-08-08;447;263;210578;172844;76.0;62.4
61;2021-08-09;1309;1114;211887;173958;76.5;62.8
61;2021-08-10;1315;1107;213202;175065;77.0;63.2
61;2021-08-11;1117;1259;214319;176324;77.4;63.7
61;2021-08-12;1033;1321;215352;177645;77.8;64.2
61;2021-08-13;877;1609;216229;179254;78.1;64.7
61;2021-08-14;717;862;216946;180116;78.3;65.0
61;2021-08-15;93;184;217039;180300;78.4;65.1
61;2021-08-16;912;1542;217951;181842;78.7;65.7
61;2021-08-17;1151;1698;219102;183540;79.1;66.3
61;2021-08-18;809;1480;219911;185020;79.4;66.8
61;2021-08-19;738;1570;220649;186590;79.7;67.4
61;2021-08-20;801;2132;221450;188722;80.0;68.2
61;2021-08-21;490;1343;221940;190065;80.2;68.6
61;2021-08-22;137;446;222077;190511;80.2;68.8
61;2021-08-23;413;1703;222490;192214;80.3;69.4
61;2021-08-24;522;1897;223012;194111;80.5;70.1
61;2021-08-25;411;1734;223423;195845;80.7;70.7
61;2021-08-26;425;1598;223848;197443;80.8;71.3
61;2021-08-27;514;1886;224362;199329;81.0;72.0
61;2021-08-28;284;1367;224646;200696;81.1;72.5
61;2021-08-29;50;417;224696;201113;81.1;72.6
61;2021-08-30;382;1624;225078;202737;81.3;73.2
61;2021-08-31;505;1712;225583;204449;81.5;73.8
61;2021-09-01;451;1499;226034;205948;81.6;74.4
61;2021-09-02;419;1341;226453;207289;81.8;74.9
61;2021-09-03;474;1578;226927;208867;82.0;75.4
61;2021-09-04;343;1337;227270;210204;82.1;75.9
61;2021-09-05;76;225;227346;210429;82.1;76.0
61;2021-09-06;279;1230;227625;211659;82.2;76.4
61;2021-09-07;332;1564;227957;213223;82.3;77.0
61;2021-09-08;272;1416;228229;214639;82.4;77.5
61;2021-09-09;273;1149;228502;215788;82.5;77.9
62;2020-12-27;2;0;2;0;0.0;0.0
62;2020-12-28;2;0;4;0;0.0;0.0
62;2020-12-29;0;0;4;0;0.0;0.0
62;2020-12-30;0;0;4;0;0.0;0.0
62;2020-12-31;0;0;4;0;0.0;0.0
62;2021-01-01;0;0;4;0;0.0;0.0
62;2021-01-02;2;0;6;0;0.0;0.0
62;2021-01-03;0;0;6;0;0.0;0.0
62;2021-01-04;2;0;8;0;0.0;0.0
62;2021-01-05;47;0;55;0;0.0;0.0
62;2021-01-06;123;0;178;0;0.0;0.0
62;2021-01-07;351;0;529;0;0.0;0.0
62;2021-01-08;713;6;1242;6;0.1;0.0
62;2021-01-09;164;1;1406;7;0.1;0.0
62;2021-01-10;84;0;1490;7;0.1;0.0
62;2021-01-11;555;1;2045;8;0.1;0.0
62;2021-01-12;1260;3;3305;11;0.2;0.0
62;2021-01-13;1139;6;4444;17;0.3;0.0
62;2021-01-14;1387;8;5831;25;0.4;0.0
62;2021-01-15;1299;8;7130;33;0.5;0.0
62;2021-01-16;308;2;7438;35;0.5;0.0
62;2021-01-17;107;0;7545;35;0.5;0.0
62;2021-01-18;1666;9;9211;44;0.6;0.0
62;2021-01-19;2103;4;11314;48;0.8;0.0
62;2021-01-20;2055;5;13369;53;0.9;0.0
62;2021-01-21;2243;5;15612;58;1.1;0.0
62;2021-01-22;1835;7;17447;65;1.2;0.0
62;2021-01-23;512;1;17959;66;1.2;0.0
62;2021-01-24;0;0;17959;66;1.2;0.0
62;2021-01-25;1284;6;19243;72;1.3;0.0
62;2021-01-26;1544;13;20787;85;1.4;0.0
62;2021-01-27;1501;163;22288;248;1.5;0.0
62;2021-01-28;4168;377;26456;625;1.8;0.0
62;2021-01-29;2035;319;28491;944;2.0;0.1
62;2021-01-30;159;137;28650;1081;2.0;0.1
62;2021-01-31;22;3;28672;1084;2.0;0.1
62;2021-02-01;46;323;28718;1407;2.0;0.1
62;2021-02-02;59;753;28777;2160;2.0;0.1
62;2021-02-03;44;596;28821;2756;2.0;0.2
62;2021-02-04;81;772;28902;3528;2.0;0.2
62;2021-02-05;80;705;28982;4233;2.0;0.3
62;2021-02-06;30;176;29012;4409;2.0;0.3
62;2021-02-07;237;30;29249;4439;2.0;0.3
62;2021-02-08;132;742;29381;5181;2.0;0.4
62;2021-02-09;227;982;29608;6163;2.0;0.4
62;2021-02-10;385;1065;29993;7228;2.1;0.5
62;2021-02-11;725;900;30718;8128;2.1;0.6
62;2021-02-12;966;700;31684;8828;2.2;0.6
62;2021-02-13;159;229;31843;9057;2.2;0.6
62;2021-02-14;0;0;31843;9057;2.2;0.6
62;2021-02-15;665;1031;32508;10088;2.2;0.7
62;2021-02-16;923;1492;33431;11580;2.3;0.8
62;2021-02-17;1075;1769;34506;13349;2.4;0.9
62;2021-02-18;2227;3565;36733;16914;2.5;1.2
62;2021-02-19;2311;2410;39044;19324;2.7;1.3
62;2021-02-20;616;419;39660;19743;2.7;1.4
62;2021-02-21;87;43;39747;19786;2.7;1.4
62;2021-02-22;848;817;40595;20603;2.8;1.4
62;2021-02-23;1420;1061;42015;21664;2.9;1.5
62;2021-02-24;1547;559;43562;22223;3.0;1.5
62;2021-02-25;3169;379;46731;22602;3.2;1.6
62;2021-02-26;2910;308;49641;22910;3.4;1.6
62;2021-02-27;1830;91;51471;23001;3.5;1.6
62;2021-02-28;52;42;51523;23043;3.5;1.6
62;2021-03-01;1322;107;52845;23150;3.6;1.6
62;2021-03-02;3157;162;56002;23312;3.9;1.6
62;2021-03-03;3270;132;59272;23444;4.1;1.6
62;2021-03-04;3811;220;63083;23664;4.3;1.6
62;2021-03-05;4646;228;67729;23892;4.7;1.6
62;2021-03-06;9621;268;77350;24160;5.3;1.7
62;2021-03-07;8075;226;85425;24386;5.9;1.7
62;2021-03-08;2196;248;87621;24634;6.0;1.7
62;2021-03-09;3808;373;91429;25007;6.3;1.7
62;2021-03-10;4234;608;95663;25615;6.6;1.8
62;2021-03-11;5994;1529;101657;27144;7.0;1.9
62;2021-03-12;6637;1428;108294;28572;7.5;2.0
62;2021-03-13;14723;808;123017;29380;8.5;2.0
62;2021-03-14;9586;417;132603;29797;9.1;2.1
62;2021-03-15;3763;1009;136366;30806;9.4;2.1
62;2021-03-16;2737;845;139103;31651;9.6;2.2
62;2021-03-17;2805;728;141908;32379;9.8;2.2
62;2021-03-18;2724;939;144632;33318;10.0;2.3
62;2021-03-19;4783;927;149415;34245;10.3;2.4
62;2021-03-20;11067;622;160482;34867;11.0;2.4
62;2021-03-21;9449;376;169931;35243;11.7;2.4
62;2021-03-22;2943;1107;172874;36350;11.9;2.5
62;2021-03-23;4996;1482;177870;37832;12.2;2.6
62;2021-03-24;4696;1366;182566;39198;12.6;2.7
62;2021-03-25;6555;1467;189121;40665;13.0;2.8
62;2021-03-26;7051;1493;196172;42158;13.5;2.9
62;2021-03-27;12592;750;208764;42908;14.4;3.0
62;2021-03-28;6941;288;215705;43196;14.8;3.0
62;2021-03-29;3472;1208;219177;44404;15.1;3.1
62;2021-03-30;4549;2205;223726;46609;15.4;3.2
62;2021-03-31;4224;2466;227950;49075;15.7;3.4
62;2021-04-01;4975;2762;232925;51837;16.0;3.6
62;2021-04-02;5067;3235;237992;55072;16.4;3.8
62;2021-04-03;8210;3353;246202;58425;16.9;4.0
62;2021-04-04;4582;1928;250784;60353;17.3;4.2
62;2021-04-05;944;465;251728;60818;17.3;4.2
62;2021-04-06;4125;3008;255853;63826;17.6;4.4
62;2021-04-07;5060;3502;260913;67328;18.0;4.6
62;2021-04-08;6489;3996;267402;71324;18.4;4.9
62;2021-04-09;7629;3481;275031;74805;18.9;5.1
62;2021-04-10;6634;8072;281665;82877;19.4;5.7
62;2021-04-11;2808;6885;284473;89762;19.6;6.2
62;2021-04-12;3423;2381;287896;92143;19.8;6.3
62;2021-04-13;6172;3164;294068;95307;20.2;6.6
62;2021-04-14;5306;3064;299374;98371;20.6;6.8
62;2021-04-15;5735;2985;305109;101356;21.0;7.0
62;2021-04-16;5420;3200;310529;104556;21.4;7.2
62;2021-04-17;4359;7360;314888;111916;21.7;7.7
62;2021-04-18;1956;6849;316844;118765;21.8;8.2
62;2021-04-19;2779;1930;319623;120695;22.0;8.3
62;2021-04-20;4150;3884;323773;124579;22.3;8.6
62;2021-04-21;3747;3984;327520;128563;22.5;8.8
62;2021-04-22;3949;5195;331469;133758;22.8;9.2
62;2021-04-23;4062;5319;335531;139077;23.1;9.6
62;2021-04-24;4403;6732;339934;145809;23.4;10.0
62;2021-04-25;1910;3499;341844;149308;23.5;10.3
62;2021-04-26;2224;2426;344068;151734;23.7;10.4
62;2021-04-27;4409;3742;348477;155476;24.0;10.7
62;2021-04-28;4588;4406;353065;159882;24.3;11.0
62;2021-04-29;4790;5888;357855;165770;24.6;11.4
62;2021-04-30;5214;5710;363069;171480;25.0;11.8
62;2021-05-01;5726;3473;368795;174953;25.4;12.0
62;2021-05-02;7828;3151;376623;178104;25.9;12.3
62;2021-05-03;4508;2348;381131;180452;26.2;12.4
62;2021-05-04;5396;4970;386527;185422;26.6;12.8
62;2021-05-05;4735;4837;391262;190259;26.9;13.1
62;2021-05-06;5622;4940;396884;195199;27.3;13.4
62;2021-05-07;7690;4667;404574;199866;27.8;13.8
62;2021-05-08;10656;2327;415230;202193;28.6;13.9
62;2021-05-09;8626;1639;423856;203832;29.2;14.0
62;2021-05-10;4867;4025;428723;207857;29.5;14.3
62;2021-05-11;6415;5047;435138;212904;30.0;14.7
62;2021-05-12;8623;4592;443761;217496;30.5;15.0
62;2021-05-13;9999;1492;453760;218988;31.2;15.1
62;2021-05-14;11881;3403;465641;222391;32.1;15.3
62;2021-05-15;19785;3298;485426;225689;33.4;15.5
62;2021-05-16;16396;1415;501822;227104;34.5;15.6
62;2021-05-17;8183;2664;510005;229768;35.1;15.8
62;2021-05-18;9325;3131;519330;232899;35.7;16.0
62;2021-05-19;8614;2933;527944;235832;36.3;16.2
62;2021-05-20;8342;3845;536286;239677;36.9;16.5
62;2021-05-21;9398;4218;545684;243895;37.6;16.8
62;2021-05-22;17876;3531;563560;247426;38.8;17.0
62;2021-05-23;12377;1161;575937;248587;39.6;17.1
62;2021-05-24;3910;587;579847;249174;39.9;17.2
62;2021-05-25;7221;4096;587068;253270;40.4;17.4
62;2021-05-26;6782;4912;593850;258182;40.9;17.8
62;2021-05-27;6383;5695;600233;263877;41.3;18.2
62;2021-05-28;6519;6753;606752;270630;41.8;18.6
62;2021-05-29;10852;5541;617604;276171;42.5;19.0
62;2021-05-30;4037;981;621641;277152;42.8;19.1
62;2021-05-31;4796;3959;626437;281111;43.1;19.3
62;2021-06-01;6521;6529;632958;287640;43.6;19.8
62;2021-06-02;7443;5818;640401;293458;44.1;20.2
62;2021-06-03;7859;5886;648260;299344;44.6;20.6
62;2021-06-04;7905;6250;656165;305594;45.2;21.0
62;2021-06-05;8275;6231;664440;311825;45.7;21.5
62;2021-06-06;3129;1291;667569;313116;46.0;21.6
62;2021-06-07;4621;3763;672190;316879;46.3;21.8
62;2021-06-08;6209;5906;678399;322785;46.7;22.2
62;2021-06-09;5498;4767;683897;327552;47.1;22.5
62;2021-06-10;5207;5879;689104;333431;47.4;23.0
62;2021-06-11;6212;8866;695316;342297;47.9;23.6
62;2021-06-12;5935;8644;701251;350941;48.3;24.2
62;2021-06-13;3228;3797;704479;354738;48.5;24.4
62;2021-06-14;2610;6782;707089;361520;48.7;24.9
62;2021-06-15;4675;8537;711764;370057;49.0;25.5
62;2021-06-16;5082;7429;716846;377486;49.3;26.0
62;2021-06-17;5234;8042;722080;385528;49.7;26.5
62;2021-06-18;4825;10491;726905;396019;50.0;27.3
62;2021-06-19;5798;13442;732703;409461;50.4;28.2
62;2021-06-20;2101;4369;734804;413830;50.6;28.5
62;2021-06-21;2975;8927;737779;422757;50.8;29.1
62;2021-06-22;3430;10173;741209;432930;51.0;29.8
62;2021-06-23;3388;10318;744597;443248;51.3;30.5
62;2021-06-24;3346;11783;747943;455031;51.5;31.3
62;2021-06-25;3726;15765;751669;470796;51.7;32.4
62;2021-06-26;3550;18427;755219;489223;52.0;33.7
62;2021-06-27;1121;9813;756340;499036;52.1;34.4
62;2021-06-28;1926;8868;758266;507904;52.2;35.0
62;2021-06-29;2974;11464;761240;519368;52.4;35.7
62;2021-06-30;4144;10819;765384;530187;52.7;36.5
62;2021-07-01;4483;10487;769867;540674;53.0;37.2
62;2021-07-02;4168;11984;774035;552658;53.3;38.0
62;2021-07-03;2996;18055;777031;570713;53.5;39.3
62;2021-07-04;1450;9196;778481;579909;53.6;39.9
62;2021-07-05;2416;6915;780897;586824;53.8;40.4
62;2021-07-06;3823;10016;784720;596840;54.0;41.1
62;2021-07-07;3915;8910;788635;605750;54.3;41.7
62;2021-07-08;5245;9089;793880;614839;54.6;42.3
62;2021-07-09;4470;10848;798350;625687;55.0;43.1
62;2021-07-10;4978;11894;803328;637581;55.3;43.9
62;2021-07-11;1337;2091;804665;639672;55.4;44.0
62;2021-07-12;2327;7134;806992;646806;55.5;44.5
62;2021-07-13;5177;12158;812169;658964;55.9;45.4
62;2021-07-14;3636;3163;815805;662127;56.2;45.6
62;2021-07-15;7586;11496;823391;673623;56.7;46.4
62;2021-07-16;7626;11044;831017;684667;57.2;47.1
62;2021-07-17;9729;10330;840746;694997;57.9;47.8
62;2021-07-18;2715;3458;843461;698455;58.1;48.1
62;2021-07-19;6014;7018;849475;705473;58.5;48.6
62;2021-07-20;7940;10723;857415;716196;59.0;49.3
62;2021-07-21;9777;9407;867192;725603;59.7;49.9
62;2021-07-22;9801;9021;876993;734624;60.4;50.6
62;2021-07-23;10633;8414;887626;743038;61.1;51.1
62;2021-07-24;9665;10314;897291;753352;61.8;51.9
62;2021-07-25;5549;1872;902840;755224;62.1;52.0
62;2021-07-26;6240;5388;909080;760612;62.6;52.4
62;2021-07-27;9850;8125;918930;768737;63.3;52.9
62;2021-07-28;10400;7491;929330;776228;64.0;53.4
62;2021-07-29;12005;7658;941335;783886;64.8;54.0
62;2021-07-30;9092;6292;950427;790178;65.4;54.4
62;2021-07-31;6634;4022;957061;794200;65.9;54.7
62;2021-08-01;2342;1103;959403;795303;66.0;54.7
62;2021-08-02;6866;4760;966269;800063;66.5;55.1
62;2021-08-03;8625;7473;974894;807536;67.1;55.6
62;2021-08-04;9493;5481;984387;813017;67.8;56.0
62;2021-08-05;8361;5623;992748;818640;68.3;56.3
62;2021-08-06;7319;5931;1000067;824571;68.8;56.8
62;2021-08-07;5494;4959;1005561;829530;69.2;57.1
62;2021-08-08;1875;1301;1007436;830831;69.3;57.2
62;2021-08-09;5257;5030;1012693;835861;69.7;57.5
62;2021-08-10;6219;7361;1018912;843222;70.1;58.0
62;2021-08-11;5411;7388;1024323;850610;70.5;58.6
62;2021-08-12;5997;7004;1030320;857614;70.9;59.0
62;2021-08-13;4494;6059;1034814;863673;71.2;59.4
62;2021-08-14;3824;6867;1038638;870540;71.5;59.9
62;2021-08-15;1138;1212;1039776;871752;71.6;60.0
62;2021-08-16;3179;5873;1042955;877625;71.8;60.4
62;2021-08-17;4165;7349;1047120;884974;72.1;60.9
62;2021-08-18;4345;7238;1051465;892212;72.4;61.4
62;2021-08-19;4346;8597;1055811;900809;72.7;62.0
62;2021-08-20;3360;8476;1059171;909285;72.9;62.6
62;2021-08-21;2447;9764;1061618;919049;73.1;63.3
62;2021-08-22;389;2816;1062007;921865;73.1;63.5
62;2021-08-23;2717;7834;1064724;929699;73.3;64.0
62;2021-08-24;3821;10411;1068545;940110;73.6;64.7
62;2021-08-25;3496;9199;1072041;949309;73.8;65.3
62;2021-08-26;3175;9770;1075216;959079;74.0;66.0
62;2021-08-27;2566;8819;1077782;967898;74.2;66.6
62;2021-08-28;2021;7993;1079803;975891;74.3;67.2
62;2021-08-29;861;2251;1080664;978142;74.4;67.3
62;2021-08-30;2032;7377;1082696;985519;74.5;67.8
62;2021-08-31;2123;8010;1084819;993529;74.7;68.4
62;2021-09-01;1806;6162;1086625;999691;74.8;68.8
62;2021-09-02;1836;6847;1088461;1006538;74.9;69.3
62;2021-09-03;2051;7357;1090512;1013895;75.1;69.8
62;2021-09-04;2109;6666;1092621;1020561;75.2;70.2
62;2021-09-05;311;1263;1092932;1021824;75.2;70.3
62;2021-09-06;1011;3792;1093943;1025616;75.3;70.6
62;2021-09-07;1223;4346;1095166;1029962;75.4;70.9
62;2021-09-08;1266;4527;1096432;1034489;75.5;71.2
62;2021-09-09;1251;4589;1097683;1039078;75.6;71.5
63;2020-12-27;0;0;0;0;0.0;0.0
63;2020-12-28;1;0;1;0;0.0;0.0
63;2020-12-29;0;0;1;0;0.0;0.0
63;2020-12-30;0;0;1;0;0.0;0.0
63;2020-12-31;0;0;1;0;0.0;0.0
63;2021-01-01;1;0;2;0;0.0;0.0
63;2021-01-02;0;0;2;0;0.0;0.0
63;2021-01-03;1;0;3;0;0.0;0.0
63;2021-01-04;0;0;3;0;0.0;0.0
63;2021-01-05;1;0;4;0;0.0;0.0
63;2021-01-06;4;1;8;1;0.0;0.0
63;2021-01-07;310;0;318;1;0.0;0.0
63;2021-01-08;214;0;532;1;0.1;0.0
63;2021-01-09;91;0;623;1;0.1;0.0
63;2021-01-10;82;0;705;1;0.1;0.0
63;2021-01-11;431;2;1136;3;0.2;0.0
63;2021-01-12;661;1;1797;4;0.3;0.0
63;2021-01-13;873;2;2670;6;0.4;0.0
63;2021-01-14;545;8;3215;14;0.5;0.0
63;2021-01-15;431;3;3646;17;0.6;0.0
63;2021-01-16;157;0;3803;17;0.6;0.0
63;2021-01-17;133;0;3936;17;0.6;0.0
63;2021-01-18;632;2;4568;19;0.7;0.0
63;2021-01-19;866;1;5434;20;0.8;0.0
63;2021-01-20;1069;2;6503;22;1.0;0.0
63;2021-01-21;1015;3;7518;25;1.1;0.0
63;2021-01-22;968;3;8486;28;1.3;0.0
63;2021-01-23;192;0;8678;28;1.3;0.0
63;2021-01-24;164;1;8842;29;1.3;0.0
63;2021-01-25;829;0;9671;29;1.5;0.0
63;2021-01-26;972;2;10643;31;1.6;0.0
63;2021-01-27;1003;5;11646;36;1.8;0.0
63;2021-01-28;1320;67;12966;103;2.0;0.0
63;2021-01-29;1067;65;14033;168;2.1;0.0
63;2021-01-30;68;0;14101;168;2.1;0.0
63;2021-01-31;6;0;14107;168;2.1;0.0
63;2021-02-01;575;165;14682;333;2.2;0.1
63;2021-02-02;885;221;15567;554;2.4;0.1
63;2021-02-03;1474;273;17041;827;2.6;0.1
63;2021-02-04;2119;493;19160;1320;2.9;0.2
63;2021-02-05;1145;259;20305;1579;3.1;0.2
63;2021-02-06;117;0;20422;1579;3.1;0.2
63;2021-02-07;9;1;20431;1580;3.1;0.2
63;2021-02-08;538;359;20969;1939;3.2;0.3
63;2021-02-09;671;375;21640;2314;3.3;0.4
63;2021-02-10;608;548;22248;2862;3.4;0.4
63;2021-02-11;751;429;22999;3291;3.5;0.5
63;2021-02-12;820;756;23819;4047;3.6;0.6
63;2021-02-13;82;1;23901;4048;3.6;0.6
63;2021-02-14;0;65;23901;4113;3.6;0.6
63;2021-02-15;202;669;24103;4782;3.7;0.7
63;2021-02-16;409;1000;24512;5782;3.7;0.9
63;2021-02-17;352;726;24864;6508;3.8;1.0
63;2021-02-18;607;709;25471;7217;3.9;1.1
63;2021-02-19;449;847;25920;8064;3.9;1.2
63;2021-02-20;35;32;25955;8096;3.9;1.2
63;2021-02-21;2;17;25957;8113;3.9;1.2
63;2021-02-22;291;758;26248;8871;4.0;1.3
63;2021-02-23;580;962;26828;9833;4.1;1.5
63;2021-02-24;696;1287;27524;11120;4.2;1.7
63;2021-02-25;1603;1552;29127;12672;4.4;1.9
63;2021-02-26;1625;1258;30752;13930;4.7;2.1
63;2021-02-27;642;70;31394;14000;4.8;2.1
63;2021-02-28;4;177;31398;14177;4.8;2.1
63;2021-03-01;586;443;31984;14620;4.8;2.2
63;2021-03-02;906;720;32890;15340;5.0;2.3
63;2021-03-03;1036;645;33926;15985;5.1;2.4
63;2021-03-04;1753;458;35679;16443;5.4;2.5
63;2021-03-05;2612;655;38291;17098;5.8;2.6
63;2021-03-06;1551;54;39842;17152;6.0;2.6
63;2021-03-07;513;19;40355;17171;6.1;2.6
63;2021-03-08;967;608;41322;17779;6.3;2.7
63;2021-03-09;1538;983;42860;18762;6.5;2.8
63;2021-03-10;1653;587;44513;19349;6.7;2.9
63;2021-03-11;3052;877;47565;20226;7.2;3.1
63;2021-03-12;3514;388;51079;20614;7.7;3.1
63;2021-03-13;2049;84;53128;20698;8.0;3.1
63;2021-03-14;61;22;53189;20720;8.1;3.1
63;2021-03-15;1766;366;54955;21086;8.3;3.2
63;2021-03-16;1746;407;56701;21493;8.6;3.3
63;2021-03-17;1642;675;58343;22168;8.8;3.4
63;2021-03-18;1941;738;60284;22906;9.1;3.5
63;2021-03-19;2742;492;63026;23398;9.5;3.5
63;2021-03-20;1121;71;64147;23469;9.7;3.6
63;2021-03-21;50;45;64197;23514;9.7;3.6
63;2021-03-22;1985;259;66182;23773;10.0;3.6
63;2021-03-23;2886;345;69068;24118;10.5;3.7
63;2021-03-24;3221;343;72289;24461;10.9;3.7
63;2021-03-25;4598;389;76887;24850;11.6;3.8
63;2021-03-26;4691;566;81578;25416;12.4;3.8
63;2021-03-27;2455;232;84033;25648;12.7;3.9
63;2021-03-28;1047;83;85080;25731;12.9;3.9
63;2021-03-29;2480;520;87560;26251;13.3;4.0
63;2021-03-30;3284;628;90844;26879;13.8;4.1
63;2021-03-31;2968;751;93812;27630;14.2;4.2
63;2021-04-01;3842;521;97654;28151;14.8;4.3
63;2021-04-02;3483;710;101137;28861;15.3;4.4
63;2021-04-03;1174;181;102311;29042;15.5;4.4
63;2021-04-04;877;27;103188;29069;15.6;4.4
63;2021-04-05;802;85;103990;29154;15.8;4.4
63;2021-04-06;2477;940;106467;30094;16.1;4.6
63;2021-04-07;3209;872;109676;30966;16.6;4.7
63;2021-04-08;4722;1221;114398;32187;17.3;4.9
63;2021-04-09;5314;1003;119712;33190;18.1;5.0
63;2021-04-10;2221;481;121933;33671;18.5;5.1
63;2021-04-11;834;39;122767;33710;18.6;5.1
63;2021-04-12;1597;1311;124364;35021;18.8;5.3
63;2021-04-13;1986;1962;126350;36983;19.1;5.6
63;2021-04-14;2630;1437;128980;38420;19.5;5.8
63;2021-04-15;3809;1543;132789;39963;20.1;6.1
63;2021-04-16;2841;2158;135630;42121;20.5;6.4
63;2021-04-17;1233;673;136863;42794;20.7;6.5
63;2021-04-18;803;61;137666;42855;20.9;6.5
63;2021-04-19;1656;2101;139322;44956;21.1;6.8
63;2021-04-20;1702;2299;141024;47255;21.4;7.2
63;2021-04-21;1518;2406;142542;49661;21.6;7.5
63;2021-04-22;1915;2261;144457;51922;21.9;7.9
63;2021-04-23;2018;3111;146475;55033;22.2;8.3
63;2021-04-24;1192;1126;147667;56159;22.4;8.5
63;2021-04-25;554;412;148221;56571;22.4;8.6
63;2021-04-26;1438;2241;149659;58812;22.7;8.9
63;2021-04-27;2327;2608;151986;61420;23.0;9.3
63;2021-04-28;2347;3163;154333;64583;23.4;9.8
63;2021-04-29;2882;2820;157215;67403;23.8;10.2
63;2021-04-30;2862;2809;160077;70212;24.2;10.6
63;2021-05-01;1128;1051;161205;71263;24.4;10.8
63;2021-05-02;897;640;162102;71903;24.6;10.9
63;2021-05-03;2685;2235;164787;74138;25.0;11.2
63;2021-05-04;2879;2694;167666;76832;25.4;11.6
63;2021-05-05;2935;3117;170601;79949;25.8;12.1
63;2021-05-06;3671;3051;174272;83000;26.4;12.6
63;2021-05-07;4033;3536;178305;86536;27.0;13.1
63;2021-05-08;2000;653;180305;87189;27.3;13.2
63;2021-05-09;1802;606;182107;87795;27.6;13.3
63;2021-05-10;4196;2761;186303;90556;28.2;13.7
63;2021-05-11;5338;2759;191641;93315;29.0;14.1
63;2021-05-12;5270;2908;196911;96223;29.8;14.6
63;2021-05-13;4132;699;201043;96922;30.4;14.7
63;2021-05-14;4772;1512;205815;98434;31.2;14.9
63;2021-05-15;3724;986;209539;99420;31.7;15.1
63;2021-05-16;3521;447;213060;99867;32.3;15.1
63;2021-05-17;3899;1990;216959;101857;32.9;15.4
63;2021-05-18;5120;1614;222079;103471;33.6;15.7
63;2021-05-19;5222;1626;227301;105097;34.4;15.9
63;2021-05-20;6801;2089;234102;107186;35.5;16.2
63;2021-05-21;6254;2330;240356;109516;36.4;16.6
63;2021-05-22;3353;849;243709;110365;36.9;16.7
63;2021-05-23;2385;244;246094;110609;37.3;16.8
63;2021-05-24;2639;580;248733;111189;37.7;16.8
63;2021-05-25;4269;2642;253002;113831;38.3;17.2
63;2021-05-26;5451;2417;258453;116248;39.1;17.6
63;2021-05-27;6503;2800;264956;119048;40.1;18.0
63;2021-05-28;5420;3879;270376;122927;41.0;18.6
63;2021-05-29;3360;1503;273736;124430;41.5;18.8
63;2021-05-30;1579;217;275315;124647;41.7;18.9
63;2021-05-31;4154;2282;279469;126929;42.3;19.2
63;2021-06-01;3806;2960;283275;129889;42.9;19.7
63;2021-06-02;3888;2524;287163;132413;43.5;20.1
63;2021-06-03;4903;3139;292066;135552;44.2;20.5
63;2021-06-04;5099;3620;297165;139172;45.0;21.1
63;2021-06-05;2814;1743;299979;140915;45.4;21.3
63;2021-06-06;1308;697;301287;141612;45.6;21.4
63;2021-06-07;3165;2514;304452;144126;46.1;21.8
63;2021-06-08;2880;2752;307332;146878;46.5;22.2
63;2021-06-09;3024;2274;310356;149152;47.0;22.6
63;2021-06-10;3226;2690;313582;151842;47.5;23.0
63;2021-06-11;3100;4047;316682;155889;48.0;23.6
63;2021-06-12;1637;1969;318319;157858;48.2;23.9
63;2021-06-13;482;1098;318801;158956;48.3;24.1
63;2021-06-14;1825;3472;320626;162428;48.6;24.6
63;2021-06-15;2210;3479;322836;165907;48.9;25.1
63;2021-06-16;2575;3313;325411;169220;49.3;25.6
63;2021-06-17;2400;4314;327811;173534;49.7;26.3
63;2021-06-18;2479;5828;330290;179362;50.0;27.2
63;2021-06-19;1640;2834;331930;182196;50.3;27.6
63;2021-06-20;677;2441;332607;184637;50.4;28.0
63;2021-06-21;1272;5387;333879;190024;50.6;28.8
63;2021-06-22;1233;5537;335112;195561;50.8;29.6
63;2021-06-23;1529;4764;336641;200325;51.0;30.3
63;2021-06-24;1926;5383;338567;205708;51.3;31.2
63;2021-06-25;1752;5898;340319;211606;51.5;32.0
63;2021-06-26;1073;3351;341392;214957;51.7;32.6
63;2021-06-27;713;3487;342105;218444;51.8;33.1
63;2021-06-28;1137;5663;343242;224107;52.0;33.9
63;2021-06-29;1225;5159;344467;229266;52.2;34.7
63;2021-06-30;1603;5292;346070;234558;52.4;35.5
63;2021-07-01;1915;8065;347985;242623;52.7;36.7
63;2021-07-02;2060;6542;350045;249165;53.0;37.7
63;2021-07-03;963;2928;351008;252093;53.2;38.2
63;2021-07-04;1066;1885;352074;253978;53.3;38.5
63;2021-07-05;1539;6281;353613;260259;53.6;39.4
63;2021-07-06;1603;4804;355216;265063;53.8;40.1
63;2021-07-07;1976;4086;357192;269149;54.1;40.8
63;2021-07-08;2207;4581;359399;273730;54.4;41.5
63;2021-07-09;1926;5721;361325;279451;54.7;42.3
63;2021-07-10;1536;3415;362861;282866;55.0;42.8
63;2021-07-11;910;1537;363771;284403;55.1;43.1
63;2021-07-12;1595;8704;365366;293107;55.3;44.4
63;2021-07-13;3601;6136;368967;299243;55.9;45.3
63;2021-07-14;3618;1790;372585;301033;56.4;45.6
63;2021-07-15;4414;5032;376999;306065;57.1;46.4
63;2021-07-16;4693;5785;381692;311850;57.8;47.2
63;2021-07-17;3013;2473;384705;314323;58.3;47.6
63;2021-07-18;2826;1089;387531;315412;58.7;47.8
63;2021-07-19;4002;4845;391533;320257;59.3;48.5
63;2021-07-20;4739;5456;396272;325713;60.0;49.3
63;2021-07-21;4792;3977;401064;329690;60.7;49.9
63;2021-07-22;5510;4401;406574;334091;61.6;50.6
63;2021-07-23;5160;4649;411734;338740;62.4;51.3
63;2021-07-24;3676;1951;415410;340691;62.9;51.6
63;2021-07-25;3065;1438;418475;342129;63.4;51.8
63;2021-07-26;4040;3228;422515;345357;64.0;52.3
63;2021-07-27;3934;3161;426449;348518;64.6;52.8
63;2021-07-28;3856;2716;430305;351234;65.2;53.2
63;2021-07-29;4455;3160;434760;354394;65.8;53.7
63;2021-07-30;3817;3574;438577;357968;66.4;54.2
63;2021-07-31;2161;1721;440738;359689;66.8;54.5
63;2021-08-01;1197;836;441935;360525;66.9;54.6
63;2021-08-02;2232;3066;444167;363591;67.3;55.1
63;2021-08-03;2739;3266;446906;366857;67.7;55.6
63;2021-08-04;2818;3243;449724;370100;68.1;56.1
63;2021-08-05;2443;3472;452167;373572;68.5;56.6
63;2021-08-06;2356;4153;454523;377725;68.8;57.2
63;2021-08-07;1307;2805;455830;380530;69.0;57.6
63;2021-08-08;324;1205;456154;381735;69.1;57.8
63;2021-08-09;1894;4223;458048;385958;69.4;58.5
63;2021-08-10;2297;3995;460345;389953;69.7;59.1
63;2021-08-11;2104;3629;462449;393582;70.0;59.6
63;2021-08-12;1948;4623;464397;398205;70.3;60.3
63;2021-08-13;1680;4010;466077;402215;70.6;60.9
63;2021-08-14;841;3236;466918;405451;70.7;61.4
63;2021-08-15;183;1450;467101;406901;70.7;61.6
63;2021-08-16;1229;4394;468330;411295;70.9;62.3
63;2021-08-17;1626;4052;469956;415347;71.2;62.9
63;2021-08-18;1467;3304;471423;418651;71.4;63.4
63;2021-08-19;1365;3446;472788;422097;71.6;63.9
63;2021-08-20;1372;3712;474160;425809;71.8;64.5
63;2021-08-21;674;2166;474834;427975;71.9;64.8
63;2021-08-22;212;1092;475046;429067;72.0;65.0
63;2021-08-23;1055;3589;476101;432656;72.1;65.5
63;2021-08-24;1083;2985;477184;435641;72.3;66.0
63;2021-08-25;1001;2790;478185;438431;72.4;66.4
63;2021-08-26;1126;2705;479311;441136;72.6;66.8
63;2021-08-27;1143;3159;480454;444295;72.8;67.3
63;2021-08-28;695;1707;481149;446002;72.9;67.6
63;2021-08-29;107;577;481256;446579;72.9;67.6
63;2021-08-30;786;2442;482042;449021;73.0;68.0
63;2021-08-31;984;2565;483026;451586;73.2;68.4
63;2021-09-01;914;2134;483940;453720;73.3;68.7
63;2021-09-02;812;2196;484752;455916;73.4;69.1
63;2021-09-03;903;2661;485655;458577;73.6;69.5
63;2021-09-04;707;1536;486362;460113;73.7;69.7
63;2021-09-05;80;273;486442;460386;73.7;69.7
63;2021-09-06;553;1605;486995;461991;73.8;70.0
63;2021-09-07;654;1737;487649;463728;73.9;70.2
63;2021-09-08;701;1784;488350;465512;74.0;70.5
63;2021-09-09;572;1645;488922;467157;74.1;70.8
64;2020-12-27;1;0;1;0;0.0;0.0
64;2020-12-28;2;0;3;0;0.0;0.0
64;2020-12-29;0;0;3;0;0.0;0.0
64;2020-12-30;0;0;3;0;0.0;0.0
64;2020-12-31;0;0;3;0;0.0;0.0
64;2021-01-01;0;0;3;0;0.0;0.0
64;2021-01-02;0;0;3;0;0.0;0.0
64;2021-01-03;0;0;3;0;0.0;0.0
64;2021-01-04;29;0;32;0;0.0;0.0
64;2021-01-05;25;0;57;0;0.0;0.0
64;2021-01-06;188;0;245;0;0.0;0.0
64;2021-01-07;842;1;1087;1;0.2;0.0
64;2021-01-08;880;2;1967;3;0.3;0.0
64;2021-01-09;54;0;2021;3;0.3;0.0
64;2021-01-10;2;0;2023;3;0.3;0.0
64;2021-01-11;543;0;2566;3;0.4;0.0
64;2021-01-12;760;3;3326;6;0.5;0.0
64;2021-01-13;865;2;4191;8;0.6;0.0
64;2021-01-14;1045;3;5236;11;0.8;0.0
64;2021-01-15;929;3;6165;14;0.9;0.0
64;2021-01-16;70;0;6235;14;0.9;0.0
64;2021-01-17;5;0;6240;14;0.9;0.0
64;2021-01-18;942;5;7182;19;1.1;0.0
64;2021-01-19;1448;3;8630;22;1.3;0.0
64;2021-01-20;1617;3;10247;25;1.5;0.0
64;2021-01-21;2604;1;12851;26;1.9;0.0
64;2021-01-22;1651;3;14502;29;2.1;0.0
64;2021-01-23;524;1;15026;30;2.2;0.0
64;2021-01-24;89;0;15115;30;2.2;0.0
64;2021-01-25;974;7;16089;37;2.4;0.0
64;2021-01-26;1358;21;17447;58;2.6;0.0
64;2021-01-27;1243;116;18690;174;2.7;0.0
64;2021-01-28;1649;616;20339;790;3.0;0.1
64;2021-01-29;973;634;21312;1424;3.1;0.2
64;2021-01-30;468;54;21780;1478;3.2;0.2
64;2021-01-31;92;0;21872;1478;3.2;0.2
64;2021-02-01;674;295;22546;1773;3.3;0.3
64;2021-02-02;1134;531;23680;2304;3.5;0.3
64;2021-02-03;1042;621;24722;2925;3.6;0.4
64;2021-02-04;1027;520;25749;3445;3.8;0.5
64;2021-02-05;867;449;26616;3894;3.9;0.6
64;2021-02-06;501;32;27117;3926;4.0;0.6
64;2021-02-07;131;3;27248;3929;4.0;0.6
64;2021-02-08;769;282;28017;4211;4.1;0.6
64;2021-02-09;947;680;28964;4891;4.2;0.7
64;2021-02-10;916;759;29880;5650;4.4;0.8
64;2021-02-11;1200;1454;31080;7104;4.5;1.0
64;2021-02-12;1076;1003;32156;8107;4.7;1.2
64;2021-02-13;225;237;32381;8344;4.7;1.2
64;2021-02-14;37;32;32418;8376;4.7;1.2
64;2021-02-15;221;937;32639;9313;4.8;1.4
64;2021-02-16;260;1250;32899;10563;4.8;1.5
64;2021-02-17;290;1072;33189;11635;4.9;1.7
64;2021-02-18;508;1524;33697;13159;4.9;1.9
64;2021-02-19;415;1095;34112;14254;5.0;2.1
64;2021-02-20;119;348;34231;14602;5.0;2.1
64;2021-02-21;20;73;34251;14675;5.0;2.1
64;2021-02-22;477;824;34728;15499;5.1;2.3
64;2021-02-23;720;978;35448;16477;5.2;2.4
64;2021-02-24;732;884;36180;17361;5.3;2.5
64;2021-02-25;1094;822;37274;18183;5.5;2.7
64;2021-02-26;1216;791;38490;18974;5.6;2.8
64;2021-02-27;864;333;39354;19307;5.8;2.8
64;2021-02-28;42;66;39396;19373;5.8;2.8
64;2021-03-01;766;689;40162;20062;5.9;2.9
64;2021-03-02;1079;806;41241;20868;6.0;3.1
64;2021-03-03;1251;905;42492;21773;6.2;3.2
64;2021-03-04;1879;1121;44371;22894;6.5;3.4
64;2021-03-05;2197;1000;46568;23894;6.8;3.5
64;2021-03-06;1543;475;48111;24369;7.0;3.6
64;2021-03-07;596;99;48707;24468;7.1;3.6
64;2021-03-08;1535;716;50242;25184;7.4;3.7
64;2021-03-09;2069;802;52311;25986;7.7;3.8
64;2021-03-10;2082;737;54393;26723;8.0;3.9
64;2021-03-11;2972;1040;57365;27763;8.4;4.1
64;2021-03-12;3486;586;60851;28349;8.9;4.1
64;2021-03-13;2258;162;63109;28511;9.2;4.2
64;2021-03-14;233;15;63342;28526;9.3;4.2
64;2021-03-15;2334;221;65676;28747;9.6;4.2
64;2021-03-16;1993;263;67669;29010;9.9;4.2
64;2021-03-17;2072;236;69741;29246;10.2;4.3
64;2021-03-18;2464;207;72205;29453;10.6;4.3
64;2021-03-19;3013;285;75218;29738;11.0;4.4
64;2021-03-20;2468;91;77686;29829;11.4;4.4
64;2021-03-21;1280;27;78966;29856;11.6;4.4
64;2021-03-22;2589;541;81555;30397;11.9;4.4
64;2021-03-23;3198;645;84753;31042;12.4;4.5
64;2021-03-24;3564;697;88317;31739;12.9;4.6
64;2021-03-25;4351;800;92668;32539;13.6;4.8
64;2021-03-26;4429;697;97097;33236;14.2;4.9
64;2021-03-27;2973;432;100070;33668;14.6;4.9
64;2021-03-28;521;56;100591;33724;14.7;4.9
64;2021-03-29;3028;877;103619;34601;15.2;5.1
64;2021-03-30;4137;866;107756;35467;15.8;5.2
64;2021-03-31;3593;788;111349;36255;16.3;5.3
64;2021-04-01;4783;938;116132;37193;17.0;5.4
64;2021-04-02;4446;744;120578;37937;17.6;5.6
64;2021-04-03;2060;585;122638;38522;18.0;5.6
64;2021-04-04;309;49;122947;38571;18.0;5.6
64;2021-04-05;1689;142;124636;38713;18.2;5.7
64;2021-04-06;3654;1388;128290;40101;18.8;5.9
64;2021-04-07;3949;1510;132239;41611;19.4;6.1
64;2021-04-08;5195;1592;137434;43203;20.1;6.3
64;2021-04-09;5900;1639;143334;44842;21.0;6.6
64;2021-04-10;3222;1049;146556;45891;21.5;6.7
64;2021-04-11;447;251;147003;46142;21.5;6.8
64;2021-04-12;4047;1863;151050;48005;22.1;7.0
64;2021-04-13;4464;2165;155514;50170;22.8;7.3
64;2021-04-14;4089;2135;159603;52305;23.4;7.7
64;2021-04-15;4395;2293;163998;54598;24.0;8.0
64;2021-04-16;4298;2256;168296;56854;24.6;8.3
64;2021-04-17;2480;1496;170776;58350;25.0;8.5
64;2021-04-18;1096;1181;171872;59531;25.2;8.7
64;2021-04-19;2734;2439;174606;61970;25.6;9.1
64;2021-04-20;3209;2426;177815;64396;26.0;9.4
64;2021-04-21;3225;2562;181040;66958;26.5;9.8
64;2021-04-22;3389;2781;184429;69739;27.0;10.2
64;2021-04-23;3433;2612;187862;72351;27.5;10.6
64;2021-04-24;2067;1588;189929;73939;27.8;10.8
64;2021-04-25;290;237;190219;74176;27.8;10.9
64;2021-04-26;2659;2645;192878;76821;28.2;11.2
64;2021-04-27;3061;3130;195939;79951;28.7;11.7
64;2021-04-28;3605;3056;199544;83007;29.2;12.2
64;2021-04-29;4653;3457;204197;86464;29.9;12.7
64;2021-04-30;4086;3606;208283;90070;30.5;13.2
64;2021-05-01;1485;1030;209768;91100;30.7;13.3
64;2021-05-02;446;325;210214;91425;30.8;13.4
64;2021-05-03;2909;3520;213123;94945;31.2;13.9
64;2021-05-04;3645;3985;216768;98930;31.7;14.5
64;2021-05-05;3360;4011;220128;102941;32.2;15.1
64;2021-05-06;4109;3989;224237;106930;32.8;15.7
64;2021-05-07;3922;4189;228159;111119;33.4;16.3
64;2021-05-08;2621;1236;230780;112355;33.8;16.4
64;2021-05-09;720;305;231500;112660;33.9;16.5
64;2021-05-10;2862;4235;234362;116895;34.3;17.1
64;2021-05-11;4186;4141;238548;121036;34.9;17.7
64;2021-05-12;4486;3941;243034;124977;35.6;18.3
64;2021-05-13;3199;886;246233;125863;36.0;18.4
64;2021-05-14;5153;3149;251386;129012;36.8;18.9
64;2021-05-15;3526;1866;254912;130878;37.3;19.2
64;2021-05-16;498;225;255410;131103;37.4;19.2
64;2021-05-17;4193;2387;259603;133490;38.0;19.5
64;2021-05-18;5166;2305;264769;135795;38.8;19.9
64;2021-05-19;4978;2163;269747;137958;39.5;20.2
64;2021-05-20;5571;2159;275318;140117;40.3;20.5
64;2021-05-21;5273;2247;280591;142364;41.1;20.8
64;2021-05-22;3582;1508;284173;143872;41.6;21.1
64;2021-05-23;431;206;284604;144078;41.7;21.1
64;2021-05-24;2997;1231;287601;145309;42.1;21.3
64;2021-05-25;4334;2850;291935;148159;42.7;21.7
64;2021-05-26;4356;2714;296291;150873;43.4;22.1
64;2021-05-27;5285;3157;301576;154030;44.1;22.5
64;2021-05-28;4620;3432;306196;157462;44.8;23.0
64;2021-05-29;2811;2113;309007;159575;45.2;23.4
64;2021-05-30;439;203;309446;159778;45.3;23.4
64;2021-05-31;3891;3671;313337;163449;45.9;23.9
64;2021-06-01;5339;3567;318676;167016;46.6;24.4
64;2021-06-02;4934;3176;323610;170192;47.4;24.9
64;2021-06-03;6367;3259;329977;173451;48.3;25.4
64;2021-06-04;5151;4555;335128;178006;49.1;26.1
64;2021-06-05;3485;2524;338613;180530;49.6;26.4
64;2021-06-06;2014;328;340627;180858;49.9;26.5
64;2021-06-07;4130;4332;344757;185190;50.5;27.1
64;2021-06-08;5155;4120;349912;189310;51.2;27.7
64;2021-06-09;5153;3657;355065;192967;52.0;28.2
64;2021-06-10;6181;3145;361246;196112;52.9;28.7
64;2021-06-11;5590;4875;366836;200987;53.7;29.4
64;2021-06-12;3951;2329;370787;203316;54.3;29.8
64;2021-06-13;1556;392;372343;203708;54.5;29.8
64;2021-06-14;3671;4794;376014;208502;55.0;30.5
64;2021-06-15;4575;4708;380589;213210;55.7;31.2
64;2021-06-16;4471;4666;385060;217876;56.4;31.9
64;2021-06-17;3643;4305;388703;222181;56.9;32.5
64;2021-06-18;4424;5170;393127;227351;57.5;33.3
64;2021-06-19;2985;3284;396112;230635;58.0;33.8
64;2021-06-20;881;539;396993;231174;58.1;33.8
64;2021-06-21;2315;5124;399308;236298;58.4;34.6
64;2021-06-22;2559;5729;401867;242027;58.8;35.4
64;2021-06-23;3105;5483;404972;247510;59.3;36.2
64;2021-06-24;2720;3808;407692;251318;59.7;36.8
64;2021-06-25;2902;6436;410594;257754;60.1;37.7
64;2021-06-26;1799;3838;412393;261592;60.4;38.3
64;2021-06-27;492;713;412885;262305;60.4;38.4
64;2021-06-28;1935;6069;414820;268374;60.7;39.3
64;2021-06-29;1965;6268;416785;274642;61.0;40.2
64;2021-06-30;2255;6001;419040;280643;61.3;41.1
64;2021-07-01;2413;5344;421453;285987;61.7;41.9
64;2021-07-02;2305;6406;423758;292393;62.0;42.8
64;2021-07-03;1263;3783;425021;296176;62.2;43.4
64;2021-07-04;411;847;425432;297023;62.3;43.5
64;2021-07-05;1379;5410;426811;302433;62.5;44.3
64;2021-07-06;1997;6151;428808;308584;62.8;45.2
64;2021-07-07;2065;5752;430873;314336;63.1;46.0
64;2021-07-08;1802;4397;432675;318733;63.3;46.7
64;2021-07-09;1824;6540;434499;325273;63.6;47.6
64;2021-07-10;1171;3882;435670;329155;63.8;48.2
64;2021-07-11;253;860;435923;330015;63.8;48.3
64;2021-07-12;1502;6089;437425;336104;64.0;49.2
64;2021-07-13;2365;7251;439790;343355;64.4;50.3
64;2021-07-14;2372;3406;442162;346761;64.7;50.8
64;2021-07-15;2104;5482;444266;352243;65.0;51.6
64;2021-07-16;2848;6773;447114;359016;65.4;52.6
64;2021-07-17;2338;4586;449452;363602;65.8;53.2
64;2021-07-18;716;2050;450168;365652;65.9;53.5
64;2021-07-19;2351;6122;452519;371774;66.2;54.4
64;2021-07-20;3127;6553;455646;378327;66.7;55.4
64;2021-07-21;3346;6048;458992;384375;67.2;56.3
64;2021-07-22;3816;5719;462808;390094;67.7;57.1
64;2021-07-23;3726;5621;466534;395715;68.3;57.9
64;2021-07-24;2548;4430;469082;400145;68.7;58.6
64;2021-07-25;753;1062;469835;401207;68.8;58.7
64;2021-07-26;3089;5134;472924;406341;69.2;59.5
64;2021-07-27;4264;5144;477188;411485;69.8;60.2
64;2021-07-28;4316;4595;481504;416080;70.5;60.9
64;2021-07-29;5521;3902;487025;419982;71.3;61.5
64;2021-07-30;5149;4222;492174;424204;72.0;62.1
64;2021-07-31;3172;3347;495346;427551;72.5;62.6
64;2021-08-01;1145;586;496491;428137;72.7;62.7
64;2021-08-02;4357;2651;500848;430788;73.3;63.1
64;2021-08-03;4550;3174;505398;433962;74.0;63.5
64;2021-08-04;4130;2997;509528;436959;74.6;64.0
64;2021-08-05;4020;2613;513548;439572;75.2;64.3
64;2021-08-06;3840;3338;517388;442910;75.7;64.8
64;2021-08-07;2481;2700;519869;445610;76.1;65.2
64;2021-08-08;489;609;520358;446219;76.2;65.3
64;2021-08-09;2736;3200;523094;449419;76.6;65.8
64;2021-08-10;3348;3434;526442;452853;77.1;66.3
64;2021-08-11;3063;3264;529505;456117;77.5;66.8
64;2021-08-12;3185;3302;532690;459419;78.0;67.2
64;2021-08-13;2562;3657;535252;463076;78.3;67.8
64;2021-08-14;1628;2681;536880;465757;78.6;68.2
64;2021-08-15;204;691;537084;466448;78.6;68.3
64;2021-08-16;2101;3233;539185;469681;78.9;68.8
64;2021-08-17;2286;3703;541471;473384;79.3;69.3
64;2021-08-18;2035;3517;543506;476901;79.6;69.8
64;2021-08-19;1931;3527;545437;480428;79.8;70.3
64;2021-08-20;1574;3975;547011;484403;80.1;70.9
64;2021-08-21;969;2882;547980;487285;80.2;71.3
64;2021-08-22;160;893;548140;488178;80.2;71.5
64;2021-08-23;1255;3238;549395;491416;80.4;71.9
64;2021-08-24;1369;4593;550764;496009;80.6;72.6
64;2021-08-25;1253;3744;552017;499753;80.8;73.2
64;2021-08-26;1100;3533;553117;503286;81.0;73.7
64;2021-08-27;1187;4226;554304;507512;81.1;74.3
64;2021-08-28;731;2497;555035;510009;81.2;74.7
64;2021-08-29;90;533;555125;510542;81.3;74.7
64;2021-08-30;984;3608;556109;514150;81.4;75.3
64;2021-08-31;989;3972;557098;518122;81.5;75.8
64;2021-09-01;913;3192;558011;521314;81.7;76.3
64;2021-09-02;892;3261;558903;524575;81.8;76.8
64;2021-09-03;867;3200;559770;527775;81.9;77.3
64;2021-09-04;694;2241;560464;530016;82.0;77.6
64;2021-09-05;74;267;560538;530283;82.0;77.6
64;2021-09-06;527;2583;561065;532866;82.1;78.0
64;2021-09-07;709;2337;561774;535203;82.2;78.3
64;2021-09-08;728;2831;562502;538034;82.3;78.8
64;2021-09-09;472;2160;562974;540194;82.4;79.1
65;2020-12-27;0;0;0;0;0.0;0.0
65;2020-12-28;1;0;1;0;0.0;0.0
65;2020-12-29;0;0;1;0;0.0;0.0
65;2020-12-30;0;0;1;0;0.0;0.0
65;2020-12-31;0;0;1;0;0.0;0.0
65;2021-01-01;1;0;2;0;0.0;0.0
65;2021-01-02;0;0;2;0;0.0;0.0
65;2021-01-03;0;0;2;0;0.0;0.0
65;2021-01-04;0;0;2;0;0.0;0.0
65;2021-01-05;1;0;3;0;0.0;0.0
65;2021-01-06;3;0;6;0;0.0;0.0
65;2021-01-07;167;0;173;0;0.1;0.0
65;2021-01-08;253;1;426;1;0.2;0.0
65;2021-01-09;177;1;603;2;0.3;0.0
65;2021-01-10;1;0;604;2;0.3;0.0
65;2021-01-11;275;3;879;5;0.4;0.0
65;2021-01-12;272;1;1151;6;0.5;0.0
65;2021-01-13;587;1;1738;7;0.8;0.0
65;2021-01-14;579;5;2317;12;1.0;0.0
65;2021-01-15;527;2;2844;14;1.3;0.0
65;2021-01-16;221;2;3065;16;1.4;0.0
65;2021-01-17;1;0;3066;16;1.4;0.0
65;2021-01-18;554;4;3620;20;1.6;0.0
65;2021-01-19;570;2;4190;22;1.8;0.0
65;2021-01-20;585;5;4775;27;2.1;0.0
65;2021-01-21;584;0;5359;27;2.4;0.0
65;2021-01-22;598;0;5957;27;2.6;0.0
65;2021-01-23;174;1;6131;28;2.7;0.0
65;2021-01-24;3;1;6134;29;2.7;0.0
65;2021-01-25;551;4;6685;33;2.9;0.0
65;2021-01-26;882;2;7567;35;3.3;0.0
65;2021-01-27;588;11;8155;46;3.6;0.0
65;2021-01-28;508;70;8663;116;3.8;0.1
65;2021-01-29;426;135;9089;251;4.0;0.1
65;2021-01-30;183;71;9272;322;4.1;0.1
65;2021-01-31;15;0;9287;322;4.1;0.1
65;2021-02-01;337;79;9624;401;4.2;0.2
65;2021-02-02;419;155;10043;556;4.4;0.2
65;2021-02-03;463;231;10506;787;4.6;0.3
65;2021-02-04;310;280;10816;1067;4.8;0.5
65;2021-02-05;284;335;11100;1402;4.9;0.6
65;2021-02-06;99;75;11199;1477;4.9;0.7
65;2021-02-07;10;0;11209;1477;4.9;0.7
65;2021-02-08;427;196;11636;1673;5.1;0.7
65;2021-02-09;272;323;11908;1996;5.2;0.9
65;2021-02-10;298;224;12206;2220;5.4;1.0
65;2021-02-11;320;234;12526;2454;5.5;1.1
65;2021-02-12;277;190;12803;2644;5.6;1.2
65;2021-02-13;125;82;12928;2726;5.7;1.2
65;2021-02-14;3;15;12931;2741;5.7;1.2
65;2021-02-15;202;335;13133;3076;5.8;1.4
65;2021-02-16;489;478;13622;3554;6.0;1.6
65;2021-02-17;231;419;13853;3973;6.1;1.8
65;2021-02-18;284;501;14137;4474;6.2;2.0
65;2021-02-19;156;396;14293;4870;6.3;2.1
65;2021-02-20;53;144;14346;5014;6.3;2.2
65;2021-02-21;3;48;14349;5062;6.3;2.2
65;2021-02-22;166;453;14515;5515;6.4;2.4
65;2021-02-23;249;454;14764;5969;6.5;2.6
65;2021-02-24;232;553;14996;6522;6.6;2.9
65;2021-02-25;214;163;15210;6685;6.7;2.9
65;2021-02-26;350;680;15560;7365;6.9;3.2
65;2021-02-27;109;180;15669;7545;6.9;3.3
65;2021-02-28;1;0;15670;7545;6.9;3.3
65;2021-03-01;378;350;16048;7895;7.1;3.5
65;2021-03-02;454;317;16502;8212;7.3;3.6
65;2021-03-03;381;352;16883;8564;7.4;3.8
65;2021-03-04;695;298;17578;8862;7.7;3.9
65;2021-03-05;678;265;18256;9127;8.0;4.0
65;2021-03-06;1187;81;19443;9208;8.6;4.1
65;2021-03-07;258;12;19701;9220;8.7;4.1
65;2021-03-08;412;325;20113;9545;8.9;4.2
65;2021-03-09;669;325;20782;9870;9.2;4.4
65;2021-03-10;625;359;21407;10229;9.4;4.5
65;2021-03-11;778;350;22185;10579;9.8;4.7
65;2021-03-12;1058;186;23243;10765;10.2;4.7
65;2021-03-13;354;91;23597;10856;10.4;4.8
65;2021-03-14;3;30;23600;10886;10.4;4.8
65;2021-03-15;816;183;24416;11069;10.8;4.9
65;2021-03-16;692;213;25108;11282;11.1;5.0
65;2021-03-17;711;201;25819;11483;11.4;5.1
65;2021-03-18;536;231;26355;11714;11.6;5.2
65;2021-03-19;878;160;27233;11874;12.0;5.2
65;2021-03-20;245;43;27478;11917;12.1;5.3
65;2021-03-21;12;2;27490;11919;12.1;5.3
65;2021-03-22;735;149;28225;12068;12.4;5.3
65;2021-03-23;837;360;29062;12428;12.8;5.5
65;2021-03-24;867;251;29929;12679;13.2;5.6
65;2021-03-25;1253;188;31182;12867;13.7;5.7
65;2021-03-26;1225;139;32407;13006;14.3;5.7
65;2021-03-27;1357;93;33764;13099;14.9;5.8
65;2021-03-28;1;1;33765;13100;14.9;5.8
65;2021-03-29;1492;358;35257;13458;15.5;5.9
65;2021-03-30;1357;406;36614;13864;16.1;6.1
65;2021-03-31;1208;368;37822;14232;16.7;6.3
65;2021-04-01;1510;394;39332;14626;17.3;6.4
65;2021-04-02;1684;286;41016;14912;18.1;6.6
65;2021-04-03;247;45;41263;14957;18.2;6.6
65;2021-04-04;4;2;41267;14959;18.2;6.6
65;2021-04-05;158;44;41425;15003;18.3;6.6
65;2021-04-06;1295;492;42720;15495;18.8;6.8
65;2021-04-07;1959;459;44679;15954;19.7;7.0
65;2021-04-08;1642;414;46321;16368;20.4;7.2
65;2021-04-09;1644;471;47965;16839;21.1;7.4
65;2021-04-10;1591;149;49556;16988;21.8;7.5
65;2021-04-11;3;0;49559;16988;21.8;7.5
65;2021-04-12;1350;735;50909;17723;22.4;7.8
65;2021-04-13;1576;589;52485;18312;23.1;8.1
65;2021-04-14;1904;744;54389;19056;24.0;8.4
65;2021-04-15;1701;671;56090;19727;24.7;8.7
65;2021-04-16;1824;527;57914;20254;25.5;8.9
65;2021-04-17;2156;132;60070;20386;26.5;9.0
65;2021-04-18;7;27;60077;20413;26.5;9.0
65;2021-04-19;1337;766;61414;21179;27.1;9.3
65;2021-04-20;1530;707;62944;21886;27.7;9.6
65;2021-04-21;1054;1044;63998;22930;28.2;10.1
65;2021-04-22;1646;724;65644;23654;28.9;10.4
65;2021-04-23;1160;1146;66804;24800;29.4;10.9
65;2021-04-24;1264;610;68068;25410;30.0;11.2
65;2021-04-25;31;15;68099;25425;30.0;11.2
65;2021-04-26;1609;1295;69708;26720;30.7;11.8
65;2021-04-27;1423;1337;71131;28057;31.4;12.4
65;2021-04-28;1731;1021;72862;29078;32.1;12.8
65;2021-04-29;1959;1030;74821;30108;33.0;13.3
65;2021-04-30;1782;922;76603;31030;33.8;13.7
65;2021-05-01;1574;229;78177;31259;34.5;13.8
65;2021-05-02;671;25;78848;31284;34.8;13.8
65;2021-05-03;1280;1619;80128;32903;35.3;14.5
65;2021-05-04;1535;1242;81663;34145;36.0;15.1
65;2021-05-05;1374;1641;83037;35786;36.6;15.8
65;2021-05-06;1558;1173;84595;36959;37.3;16.3
65;2021-05-07;1274;1568;85869;38527;37.9;17.0
65;2021-05-08;1647;443;87516;38970;38.6;17.2
65;2021-05-09;0;89;87516;39059;38.6;17.2
65;2021-05-10;954;1883;88470;40942;39.0;18.0
65;2021-05-11;1059;1808;89529;42750;39.5;18.8
65;2021-05-12;1236;1636;90765;44386;40.0;19.6
65;2021-05-13;1345;170;92110;44556;40.6;19.6
65;2021-05-14;1575;1094;93685;45650;41.3;20.1
65;2021-05-15;1401;509;95086;46159;41.9;20.3
65;2021-05-16;1444;70;96530;46229;42.6;20.4
65;2021-05-17;1036;1616;97566;47845;43.0;21.1
65;2021-05-18;1613;1207;99179;49052;43.7;21.6
65;2021-05-19;1685;1009;100864;50061;44.5;22.1
65;2021-05-20;1845;1054;102709;51115;45.3;22.5
65;2021-05-21;1791;1230;104500;52345;46.1;23.1
65;2021-05-22;1287;638;105787;52983;46.6;23.4
65;2021-05-23;689;32;106476;53015;46.9;23.4
65;2021-05-24;703;77;107179;53092;47.2;23.4
65;2021-05-25;1358;1548;108537;54640;47.8;24.1
65;2021-05-26;1472;1353;110009;55993;48.5;24.7
65;2021-05-27;1622;1461;111631;57454;49.2;25.3
65;2021-05-28;1600;1671;113231;59125;49.9;26.1
65;2021-05-29;1188;1515;114419;60640;50.4;26.7
65;2021-05-30;7;10;114426;60650;50.4;26.7
65;2021-05-31;1325;1299;115751;61949;51.0;27.3
65;2021-06-01;1833;936;117584;62885;51.8;27.7
65;2021-06-02;1575;950;119159;63835;52.5;28.1
65;2021-06-03;1342;1104;120501;64939;53.1;28.6
65;2021-06-04;1791;1560;122292;66499;53.9;29.3
65;2021-06-05;433;1240;122725;67739;54.1;29.9
65;2021-06-06;3;13;122728;67752;54.1;29.9
65;2021-06-07;674;1984;123402;69736;54.4;30.7
65;2021-06-08;956;1533;124358;71269;54.8;31.4
65;2021-06-09;827;1548;125185;72817;55.2;32.1
65;2021-06-10;740;1154;125925;73971;55.5;32.6
65;2021-06-11;911;1802;126836;75773;55.9;33.4
65;2021-06-12;150;640;126986;76413;56.0;33.7
65;2021-06-13;5;7;126991;76420;56.0;33.7
65;2021-06-14;502;2422;127493;78842;56.2;34.8
65;2021-06-15;942;1803;128435;80645;56.6;35.6
65;2021-06-16;1065;1366;129500;82011;57.1;36.2
65;2021-06-17;814;1048;130314;83059;57.4;36.6
65;2021-06-18;1017;1632;131331;84691;57.9;37.3
65;2021-06-19;691;1689;132022;86380;58.2;38.1
65;2021-06-20;2;2;132024;86382;58.2;38.1
65;2021-06-21;735;1940;132759;88322;58.5;38.9
65;2021-06-22;1046;1479;133805;89801;59.0;39.6
65;2021-06-23;1064;1232;134869;91033;59.5;40.1
65;2021-06-24;959;1144;135828;92177;59.9;40.6
65;2021-06-25;831;1968;136659;94145;60.2;41.5
65;2021-06-26;168;1658;136827;95803;60.3;42.2
65;2021-06-27;15;1100;136842;96903;60.3;42.7
65;2021-06-28;444;2301;137286;99204;60.5;43.7
65;2021-06-29;685;1920;137971;101124;60.8;44.6
65;2021-06-30;933;1679;138904;102803;61.2;45.3
65;2021-07-01;606;752;139510;103555;61.5;45.7
65;2021-07-02;1167;1734;140677;105289;62.0;46.4
65;2021-07-03;197;1916;140874;107205;62.1;47.3
65;2021-07-04;416;186;141290;107391;62.3;47.3
65;2021-07-05;640;1992;141930;109383;62.6;48.2
65;2021-07-06;897;2127;142827;111510;63.0;49.2
65;2021-07-07;976;1516;143803;113026;63.4;49.8
65;2021-07-08;326;663;144129;113689;63.5;50.1
65;2021-07-09;550;1594;144679;115283;63.8;50.8
65;2021-07-10;302;956;144981;116239;63.9;51.2
65;2021-07-11;0;0;144981;116239;63.9;51.2
65;2021-07-12;480;2222;145461;118461;64.1;52.2
65;2021-07-13;700;2148;146161;120609;64.4;53.2
65;2021-07-14;214;52;146375;120661;64.5;53.2
65;2021-07-15;1048;1662;147423;122323;65.0;53.9
65;2021-07-16;1186;1883;148609;124206;65.5;54.8
65;2021-07-17;431;542;149040;124748;65.7;55.0
65;2021-07-18;22;11;149062;124759;65.7;55.0
65;2021-07-19;634;1495;149696;126254;66.0;55.7
65;2021-07-20;1447;1705;151143;127959;66.6;56.4
65;2021-07-21;1419;1661;152562;129620;67.3;57.1
65;2021-07-22;2197;1291;154759;130911;68.2;57.7
65;2021-07-23;1623;1789;156382;132700;68.9;58.5
65;2021-07-24;1043;649;157425;133349;69.4;58.8
65;2021-07-25;24;21;157449;133370;69.4;58.8
65;2021-07-26;1143;1245;158592;134615;69.9;59.3
65;2021-07-27;1793;1954;160385;136569;70.7;60.2
65;2021-07-28;1602;1322;161987;137891;71.4;60.8
65;2021-07-29;2895;1138;164882;139029;72.7;61.3
65;2021-07-30;2450;1397;167332;140426;73.8;61.9
65;2021-07-31;2304;356;169636;140782;74.8;62.1
65;2021-08-01;14;16;169650;140798;74.8;62.1
65;2021-08-02;991;834;170641;141632;75.2;62.4
65;2021-08-03;2103;1069;172744;142701;76.2;62.9
65;2021-08-04;1801;640;174545;143341;76.9;63.2
65;2021-08-05;1822;833;176367;144174;77.7;63.6
65;2021-08-06;1666;970;178033;145144;78.5;64.0
65;2021-08-07;729;486;178762;145630;78.8;64.2
65;2021-08-08;2;9;178764;145639;78.8;64.2
65;2021-08-09;699;943;179463;146582;79.1;64.6
65;2021-08-10;1192;1543;180655;148125;79.6;65.3
65;2021-08-11;729;1265;181384;149390;80.0;65.9
65;2021-08-12;778;1082;182162;150472;80.3;66.3
65;2021-08-13;423;1009;182585;151481;80.5;66.8
65;2021-08-14;600;568;183185;152049;80.8;67.0
65;2021-08-15;7;19;183192;152068;80.8;67.0
65;2021-08-16;402;1535;183594;153603;80.9;67.7
65;2021-08-17;733;2176;184327;155779;81.3;68.7
65;2021-08-18;595;1544;184922;157323;81.5;69.4
65;2021-08-19;725;1314;185647;158637;81.8;69.9
65;2021-08-20;446;1337;186093;159974;82.0;70.5
65;2021-08-21;39;105;186132;160079;82.1;70.6
65;2021-08-22;11;13;186143;160092;82.1;70.6
65;2021-08-23;262;1682;186405;161774;82.2;71.3
65;2021-08-24;544;2445;186949;164219;82.4;72.4
65;2021-08-25;413;1958;187362;166177;82.6;73.3
65;2021-08-26;453;2306;187815;168483;82.8;74.3
65;2021-08-27;434;1945;188249;170428;83.0;75.1
65;2021-08-28;160;194;188409;170622;83.1;75.2
65;2021-08-29;9;18;188418;170640;83.1;75.2
65;2021-08-30;257;1055;188675;171695;83.2;75.7
65;2021-08-31;460;1589;189135;173284;83.4;76.4
65;2021-09-01;453;1163;189588;174447;83.6;76.9
65;2021-09-02;354;1009;189942;175456;83.7;77.3
65;2021-09-03;441;1246;190383;176702;83.9;77.9
65;2021-09-04;164;909;190547;177611;84.0;78.3
65;2021-09-05;12;35;190559;177646;84.0;78.3
65;2021-09-06;275;760;190834;178406;84.1;78.6
65;2021-09-07;315;1192;191149;179598;84.3;79.2
65;2021-09-08;343;1034;191492;180632;84.4;79.6
65;2021-09-09;234;781;191726;181413;84.5;80.0
66;2020-12-27;0;0;0;0;0.0;0.0
66;2020-12-28;2;0;2;0;0.0;0.0
66;2020-12-29;0;0;2;0;0.0;0.0
66;2020-12-30;0;0;2;0;0.0;0.0
66;2020-12-31;1;0;3;0;0.0;0.0
66;2021-01-01;3;0;6;0;0.0;0.0
66;2021-01-02;0;0;6;0;0.0;0.0
66;2021-01-03;0;0;6;0;0.0;0.0
66;2021-01-04;30;0;36;0;0.0;0.0
66;2021-01-05;135;0;171;0;0.0;0.0
66;2021-01-06;195;0;366;0;0.1;0.0
66;2021-01-07;182;0;548;0;0.1;0.0
66;2021-01-08;212;0;760;0;0.2;0.0
66;2021-01-09;232;0;992;0;0.2;0.0
66;2021-01-10;11;0;1003;0;0.2;0.0
66;2021-01-11;404;3;1407;3;0.3;0.0
66;2021-01-12;587;2;1994;5;0.4;0.0
66;2021-01-13;877;7;2871;12;0.6;0.0
66;2021-01-14;892;12;3763;24;0.8;0.0
66;2021-01-15;588;1;4351;25;0.9;0.0
66;2021-01-16;106;2;4457;27;0.9;0.0
66;2021-01-17;46;1;4503;28;0.9;0.0
66;2021-01-18;655;3;5158;31;1.1;0.0
66;2021-01-19;717;3;5875;34;1.2;0.0
66;2021-01-20;1169;3;7044;37;1.5;0.0
66;2021-01-21;2402;4;9446;41;2.0;0.0
66;2021-01-22;1439;7;10885;48;2.3;0.0
66;2021-01-23;399;4;11284;52;2.4;0.0
66;2021-01-24;226;9;11510;61;2.4;0.0
66;2021-01-25;739;31;12249;92;2.6;0.0
66;2021-01-26;787;60;13036;152;2.7;0.0
66;2021-01-27;867;103;13903;255;2.9;0.1
66;2021-01-28;877;120;14780;375;3.1;0.1
66;2021-01-29;819;116;15599;491;3.3;0.1
66;2021-01-30;480;50;16079;541;3.4;0.1
66;2021-01-31;202;25;16281;566;3.4;0.1
66;2021-02-01;562;164;16843;730;3.5;0.2
66;2021-02-02;621;272;17464;1002;3.6;0.2
66;2021-02-03;736;568;18200;1570;3.8;0.3
66;2021-02-04;688;520;18888;2090;3.9;0.4
66;2021-02-05;778;385;19666;2475;4.1;0.5
66;2021-02-06;420;137;20086;2612;4.2;0.5
66;2021-02-07;169;134;20255;2746;4.2;0.6
66;2021-02-08;501;322;20756;3068;4.3;0.6
66;2021-02-09;533;328;21289;3396;4.4;0.7
66;2021-02-10;618;663;21907;4059;4.6;0.8
66;2021-02-11;1105;1501;23012;5560;4.8;1.2
66;2021-02-12;1122;1142;24134;6702;5.0;1.4
66;2021-02-13;366;246;24500;6948;5.1;1.5
66;2021-02-14;111;177;24611;7125;5.1;1.5
66;2021-02-15;425;570;25036;7695;5.2;1.6
66;2021-02-16;303;661;25339;8356;5.3;1.7
66;2021-02-17;379;605;25718;8961;5.4;1.9
66;2021-02-18;366;667;26084;9628;5.4;2.0
66;2021-02-19;400;607;26484;10235;5.5;2.1
66;2021-02-20;184;346;26668;10581;5.6;2.2
66;2021-02-21;41;135;26709;10716;5.6;2.2
66;2021-02-22;416;522;27125;11238;5.7;2.3
66;2021-02-23;508;547;27633;11785;5.8;2.5
66;2021-02-24;345;646;27978;12431;5.8;2.6
66;2021-02-25;717;589;28695;13020;6.0;2.7
66;2021-02-26;954;648;29649;13668;6.2;2.9
66;2021-02-27;363;350;30012;14018;6.3;2.9
66;2021-02-28;59;138;30071;14156;6.3;3.0
66;2021-03-01;378;572;30449;14728;6.4;3.1
66;2021-03-02;335;582;30784;15310;6.4;3.2
66;2021-03-03;529;558;31313;15868;6.5;3.3
66;2021-03-04;991;981;32304;16849;6.7;3.5
66;2021-03-05;1528;739;33832;17588;7.1;3.7
66;2021-03-06;1146;322;34978;17910;7.3;3.7
66;2021-03-07;1097;89;36075;17999;7.5;3.8
66;2021-03-08;696;501;36771;18500;7.7;3.9
66;2021-03-09;1225;559;37996;19059;7.9;4.0
66;2021-03-10;1301;489;39297;19548;8.2;4.1
66;2021-03-11;1474;575;40771;20123;8.5;4.2
66;2021-03-12;2395;569;43166;20692;9.0;4.3
66;2021-03-13;1081;298;44247;20990;9.2;4.4
66;2021-03-14;192;83;44439;21073;9.3;4.4
66;2021-03-15;1109;391;45548;21464;9.5;4.5
66;2021-03-16;952;258;46500;21722;9.7;4.5
66;2021-03-17;866;390;47366;22112;9.9;4.6
66;2021-03-18;969;343;48335;22455;10.1;4.7
66;2021-03-19;1293;317;49628;22772;10.4;4.8
66;2021-03-20;837;122;50465;22894;10.5;4.8
66;2021-03-21;186;44;50651;22938;10.6;4.8
66;2021-03-22;1114;384;51765;23322;10.8;4.9
66;2021-03-23;1757;388;53522;23710;11.2;4.9
66;2021-03-24;1796;515;55318;24225;11.5;5.1
66;2021-03-25;2537;466;57855;24691;12.1;5.2
66;2021-03-26;2577;365;60432;25056;12.6;5.2
66;2021-03-27;1211;295;61643;25351;12.9;5.3
66;2021-03-28;321;3;61964;25354;12.9;5.3
66;2021-03-29;1831;252;63795;25606;13.3;5.3
66;2021-03-30;2241;172;66036;25778;13.8;5.4
66;2021-03-31;1987;249;68023;26027;14.2;5.4
66;2021-04-01;2673;302;70696;26329;14.8;5.5
66;2021-04-02;2422;256;73118;26585;15.3;5.6
66;2021-04-03;1148;332;74266;26917;15.5;5.6
66;2021-04-04;107;124;74373;27041;15.5;5.6
66;2021-04-05;196;141;74569;27182;15.6;5.7
66;2021-04-06;1334;648;75903;27830;15.8;5.8
66;2021-04-07;1397;598;77300;28428;16.1;5.9
66;2021-04-08;2071;547;79371;28975;16.6;6.0
66;2021-04-09;3503;662;82874;29637;17.3;6.2
66;2021-04-10;2308;525;85182;30162;17.8;6.3
66;2021-04-11;1200;168;86382;30330;18.0;6.3
66;2021-04-12;2702;1021;89084;31351;18.6;6.5
66;2021-04-13;3609;1055;92693;32406;19.4;6.8
66;2021-04-14;3293;921;95986;33327;20.0;7.0
66;2021-04-15;3557;1049;99543;34376;20.8;7.2
66;2021-04-16;3592;1035;103135;35411;21.5;7.4
66;2021-04-17;2263;592;105398;36003;22.0;7.5
66;2021-04-18;1445;132;106843;36135;22.3;7.5
66;2021-04-19;2256;1120;109099;37255;22.8;7.8
66;2021-04-20;2374;1077;111473;38332;23.3;8.0
66;2021-04-21;2870;1178;114343;39510;23.9;8.2
66;2021-04-22;2662;1232;117005;40742;24.4;8.5
66;2021-04-23;2380;1234;119385;41976;24.9;8.8
66;2021-04-24;2744;882;122129;42858;25.5;8.9
66;2021-04-25;1207;266;123336;43124;25.7;9.0
66;2021-04-26;1998;1254;125334;44378;26.2;9.3
66;2021-04-27;2748;1301;128082;45679;26.7;9.5
66;2021-04-28;2421;1655;130503;47334;27.2;9.9
66;2021-04-29;2704;2129;133207;49463;27.8;10.3
66;2021-04-30;3054;1554;136261;51017;28.4;10.7
66;2021-05-01;2001;470;138262;51487;28.9;10.7
66;2021-05-02;1529;264;139791;51751;29.2;10.8
66;2021-05-03;2939;1109;142730;52860;29.8;11.0
66;2021-05-04;3169;1343;145899;54203;30.5;11.3
66;2021-05-05;3054;1548;148953;55751;31.1;11.6
66;2021-05-06;3754;2084;152707;57835;31.9;12.1
66;2021-05-07;2968;3072;155675;60907;32.5;12.7
66;2021-05-08;1730;1170;157405;62077;32.9;13.0
66;2021-05-09;887;1369;158292;63446;33.0;13.2
66;2021-05-10;1805;2969;160097;66415;33.4;13.9
66;2021-05-11;2741;3126;162838;69541;34.0;14.5
66;2021-05-12;2432;2569;165270;72110;34.5;15.1
66;2021-05-13;2260;1386;167530;73496;35.0;15.3
66;2021-05-14;2772;2118;170302;75614;35.6;15.8
66;2021-05-15;2329;1575;172631;77189;36.0;16.1
66;2021-05-16;2286;1248;174917;78437;36.5;16.4
66;2021-05-17;2051;1826;176968;80263;36.9;16.8
66;2021-05-18;3237;1808;180205;82071;37.6;17.1
66;2021-05-19;2878;1341;183083;83412;38.2;17.4
66;2021-05-20;4375;1447;187458;84859;39.1;17.7
66;2021-05-21;3268;1460;190726;86319;39.8;18.0
66;2021-05-22;3066;780;193792;87099;40.5;18.2
66;2021-05-23;1510;236;195302;87335;40.8;18.2
66;2021-05-24;1954;427;197256;87762;41.2;18.3
66;2021-05-25;2797;1688;200053;89450;41.8;18.7
66;2021-05-26;2780;1492;202833;90942;42.3;19.0
66;2021-05-27;3386;2248;206219;93190;43.1;19.5
66;2021-05-28;2686;3038;208905;96228;43.6;20.1
66;2021-05-29;2147;1516;211052;97744;44.1;20.4
66;2021-05-30;786;989;211838;98733;44.2;20.6
66;2021-05-31;2126;1774;213964;100507;44.7;21.0
66;2021-06-01;2637;2002;216601;102509;45.2;21.4
66;2021-06-02;2811;2334;219412;104843;45.8;21.9
66;2021-06-03;2493;2962;221905;107805;46.3;22.5
66;2021-06-04;1961;3354;223866;111159;46.7;23.2
66;2021-06-05;1411;2599;225277;113758;47.0;23.7
66;2021-06-06;294;1228;225571;114986;47.1;24.0
66;2021-06-07;1343;2958;226914;117944;47.4;24.6
66;2021-06-08;1738;3021;228652;120965;47.7;25.3
66;2021-06-09;2068;2788;230720;123753;48.2;25.8
66;2021-06-10;2091;2961;232811;126714;48.6;26.5
66;2021-06-11;2103;3860;234914;130574;49.0;27.3
66;2021-06-12;872;2411;235786;132985;49.2;27.8
66;2021-06-13;517;1334;236303;134319;49.3;28.0
66;2021-06-14;1360;3496;237663;137815;49.6;28.8
66;2021-06-15;2131;3572;239794;141387;50.1;29.5
66;2021-06-16;1790;3567;241584;144954;50.4;30.3
66;2021-06-17;2441;3607;244025;148561;50.9;31.0
66;2021-06-18;2228;3822;246253;152383;51.4;31.8
66;2021-06-19;1542;2321;247795;154704;51.7;32.3
66;2021-06-20;998;1266;248793;155970;51.9;32.6
66;2021-06-21;1164;2879;249957;158849;52.2;33.2
66;2021-06-22;1510;3763;251467;162612;52.5;33.9
66;2021-06-23;1326;3027;252793;165639;52.8;34.6
66;2021-06-24;1519;3230;254312;168869;53.1;35.3
66;2021-06-25;1402;3536;255714;172405;53.4;36.0
66;2021-06-26;963;2680;256677;175085;53.6;36.6
66;2021-06-27;679;1557;257356;176642;53.7;36.9
66;2021-06-28;979;2975;258335;179617;53.9;37.5
66;2021-06-29;1149;3797;259484;183414;54.2;38.3
66;2021-06-30;1280;3307;260764;186721;54.4;39.0
66;2021-07-01;1484;4048;262248;190769;54.7;39.8
66;2021-07-02;1516;3603;263764;194372;55.1;40.6
66;2021-07-03;1154;3902;264918;198274;55.3;41.4
66;2021-07-04;717;1790;265635;200064;55.5;41.8
66;2021-07-05;1294;3007;266929;203071;55.7;42.4
66;2021-07-06;1456;3787;268385;206858;56.0;43.2
66;2021-07-07;1434;3248;269819;210106;56.3;43.9
66;2021-07-08;1378;3384;271197;213490;56.6;44.6
66;2021-07-09;1520;3466;272717;216956;56.9;45.3
66;2021-07-10;1004;2403;273721;219359;57.1;45.8
66;2021-07-11;540;1540;274261;220899;57.3;46.1
66;2021-07-12;1023;3642;275284;224541;57.5;46.9
66;2021-07-13;2356;4268;277640;228809;58.0;47.8
66;2021-07-14;1988;1240;279628;230049;58.4;48.0
66;2021-07-15;2835;3114;282463;233163;59.0;48.7
66;2021-07-16;3372;3210;285835;236373;59.7;49.3
66;2021-07-17;2126;2036;287961;238409;60.1;49.8
66;2021-07-18;1198;1062;289159;239471;60.4;50.0
66;2021-07-19;2794;3085;291953;242556;61.0;50.6
66;2021-07-20;3658;2881;295611;245437;61.7;51.2
66;2021-07-21;4099;2954;299710;248391;62.6;51.9
66;2021-07-22;3912;2819;303622;251210;63.4;52.4
66;2021-07-23;3897;3032;307519;254242;64.2;53.1
66;2021-07-24;2584;1922;310103;256164;64.7;53.5
66;2021-07-25;2023;1241;312126;257405;65.2;53.7
66;2021-07-26;2866;2626;314992;260031;65.8;54.3
66;2021-07-27;3231;2888;318223;262919;66.4;54.9
66;2021-07-28;3355;2574;321578;265493;67.1;55.4
66;2021-07-29;3856;2537;325434;268030;67.9;56.0
66;2021-07-30;4237;2471;329671;270501;68.8;56.5
66;2021-07-31;2233;1716;331904;272217;69.3;56.8
66;2021-08-01;1821;899;333725;273116;69.7;57.0
66;2021-08-02;2379;1927;336104;275043;70.2;57.4
66;2021-08-03;2622;2070;338726;277113;70.7;57.9
66;2021-08-04;2631;1996;341357;279109;71.3;58.3
66;2021-08-05;2440;2507;343797;281616;71.8;58.8
66;2021-08-06;2319;2647;346116;284263;72.3;59.3
66;2021-08-07;1505;2095;347621;286358;72.6;59.8
66;2021-08-08;614;1458;348235;287816;72.7;60.1
66;2021-08-09;1357;2799;349592;290615;73.0;60.7
66;2021-08-10;1645;3077;351237;293692;73.3;61.3
66;2021-08-11;1679;3018;352916;296710;73.7;61.9
66;2021-08-12;1671;2993;354587;299703;74.0;62.6
66;2021-08-13;1397;2978;355984;302681;74.3;63.2
66;2021-08-14;656;2509;356640;305190;74.5;63.7
66;2021-08-15;136;1629;356776;306819;74.5;64.1
66;2021-08-16;1276;2595;358052;309414;74.7;64.6
66;2021-08-17;1488;2978;359540;312392;75.1;65.2
66;2021-08-18;1333;3068;360873;315460;75.3;65.9
66;2021-08-19;1104;2919;361977;318379;75.6;66.5
66;2021-08-20;981;3318;362958;321697;75.8;67.2
66;2021-08-21;561;2012;363519;323709;75.9;67.6
66;2021-08-22;232;1352;363751;325061;75.9;67.9
66;2021-08-23;1143;2762;364894;327823;76.2;68.4
66;2021-08-24;1049;2948;365943;330771;76.4;69.1
66;2021-08-25;902;2307;366845;333078;76.6;69.5
66;2021-08-26;957;2184;367802;335262;76.8;70.0
66;2021-08-27;919;2369;368721;337631;77.0;70.5
66;2021-08-28;515;1138;369236;338769;77.1;70.7
66;2021-08-29;244;333;369480;339102;77.1;70.8
66;2021-08-30;835;2597;370315;341699;77.3;71.3
66;2021-08-31;824;2724;371139;344423;77.5;71.9
66;2021-09-01;728;2160;371867;346583;77.6;72.4
66;2021-09-02;665;1904;372532;348487;77.8;72.8
66;2021-09-03;704;2190;373236;350677;77.9;73.2
66;2021-09-04;699;1786;373935;352463;78.1;73.6
66;2021-09-05;203;311;374138;352774;78.1;73.6
66;2021-09-06;422;2118;374560;354892;78.2;74.1
66;2021-09-07;376;1688;374936;356580;78.3;74.4
66;2021-09-08;535;1836;375471;358416;78.4;74.8
66;2021-09-09;452;1550;375923;359966;78.5;75.1
67;2020-12-27;8;0;8;0;0.0;0.0
67;2020-12-28;4;0;12;0;0.0;0.0
67;2020-12-29;2;0;14;0;0.0;0.0
67;2020-12-30;0;0;14;0;0.0;0.0
67;2020-12-31;0;0;14;0;0.0;0.0
67;2021-01-01;4;0;18;0;0.0;0.0
67;2021-01-02;1;0;19;0;0.0;0.0
67;2021-01-03;1;0;20;0;0.0;0.0
67;2021-01-04;41;0;61;0;0.0;0.0
67;2021-01-05;167;0;228;0;0.0;0.0
67;2021-01-06;121;0;349;0;0.0;0.0
67;2021-01-07;235;1;584;1;0.1;0.0
67;2021-01-08;233;1;817;2;0.1;0.0
67;2021-01-09;113;1;930;3;0.1;0.0
67;2021-01-10;67;0;997;3;0.1;0.0
67;2021-01-11;182;1;1179;4;0.1;0.0
67;2021-01-12;511;1;1690;5;0.1;0.0
67;2021-01-13;655;2;2345;7;0.2;0.0
67;2021-01-14;1086;7;3431;14;0.3;0.0
67;2021-01-15;939;6;4370;20;0.4;0.0
67;2021-01-16;196;3;4566;23;0.4;0.0
67;2021-01-17;101;0;4667;23;0.4;0.0
67;2021-01-18;899;3;5566;26;0.5;0.0
67;2021-01-19;1424;5;6990;31;0.6;0.0
67;2021-01-20;1854;12;8844;43;0.8;0.0
67;2021-01-21;2211;9;11055;52;1.0;0.0
67;2021-01-22;1991;7;13046;59;1.2;0.0
67;2021-01-23;813;5;13859;64;1.2;0.0
67;2021-01-24;380;1;14239;65;1.3;0.0
67;2021-01-25;527;30;14766;95;1.3;0.0
67;2021-01-26;160;102;14926;197;1.3;0.0
67;2021-01-27;1397;85;16323;282;1.4;0.0
67;2021-01-28;3056;211;19379;493;1.7;0.0
67;2021-01-29;2030;153;21409;646;1.9;0.1
67;2021-01-30;1096;73;22505;719;2.0;0.1
67;2021-01-31;1163;26;23668;745;2.1;0.1
67;2021-02-01;3393;242;27061;987;2.4;0.1
67;2021-02-02;2693;406;29754;1393;2.6;0.1
67;2021-02-03;1573;382;31327;1775;2.8;0.2
67;2021-02-04;1193;727;32520;2502;2.9;0.2
67;2021-02-05;1194;607;33714;3109;3.0;0.3
67;2021-02-06;795;129;34509;3238;3.0;0.3
67;2021-02-07;291;37;34800;3275;3.1;0.3
67;2021-02-08;839;395;35639;3670;3.1;0.3
67;2021-02-09;958;671;36597;4341;3.2;0.4
67;2021-02-10;932;718;37529;5059;3.3;0.4
67;2021-02-11;1151;1077;38680;6136;3.4;0.5
67;2021-02-12;1245;698;39925;6834;3.5;0.6
67;2021-02-13;765;257;40690;7091;3.6;0.6
67;2021-02-14;244;91;40934;7182;3.6;0.6
67;2021-02-15;780;690;41714;7872;3.7;0.7
67;2021-02-16;930;928;42644;8800;3.8;0.8
67;2021-02-17;783;1017;43427;9817;3.8;0.9
67;2021-02-18;1401;2374;44828;12191;4.0;1.1
67;2021-02-19;1377;1869;46205;14060;4.1;1.2
67;2021-02-20;632;784;46837;14844;4.1;1.3
67;2021-02-21;209;1106;47046;15950;4.2;1.4
67;2021-02-22;1404;2093;48450;18043;4.3;1.6
67;2021-02-23;1462;1377;49912;19420;4.4;1.7
67;2021-02-24;1437;933;51349;20353;4.5;1.8
67;2021-02-25;1617;1319;52966;21672;4.7;1.9
67;2021-02-26;2227;1260;55193;22932;4.9;2.0
67;2021-02-27;1257;670;56450;23602;5.0;2.1
67;2021-02-28;147;280;56597;23882;5.0;2.1
67;2021-03-01;640;887;57237;24769;5.1;2.2
67;2021-03-02;896;1082;58133;25851;5.1;2.3
67;2021-03-03;1409;1173;59542;27024;5.3;2.4
67;2021-03-04;1961;973;61503;27997;5.4;2.5
67;2021-03-05;3258;1036;64761;29033;5.7;2.6
67;2021-03-06;2334;713;67095;29746;5.9;2.6
67;2021-03-07;467;259;67562;30005;6.0;2.6
67;2021-03-08;1188;748;68750;30753;6.1;2.7
67;2021-03-09;2225;858;70975;31611;6.3;2.8
67;2021-03-10;2449;1157;73424;32768;6.5;2.9
67;2021-03-11;3207;1340;76631;34108;6.8;3.0
67;2021-03-12;5260;1344;81891;35452;7.2;3.1
67;2021-03-13;3997;869;85888;36321;7.6;3.2
67;2021-03-14;483;380;86371;36701;7.6;3.2
67;2021-03-15;2188;1148;88559;37849;7.8;3.3
67;2021-03-16;1552;1216;90111;39065;8.0;3.4
67;2021-03-17;2069;908;92180;39973;8.1;3.5
67;2021-03-18;2389;729;94569;40702;8.3;3.6
67;2021-03-19;3671;744;98240;41446;8.7;3.7
67;2021-03-20;3062;507;101302;41953;8.9;3.7
67;2021-03-21;335;17;101637;41970;9.0;3.7
67;2021-03-22;2332;767;103969;42737;9.2;3.8
67;2021-03-23;3401;770;107370;43507;9.5;3.8
67;2021-03-24;3909;805;111279;44312;9.8;3.9
67;2021-03-25;5314;537;116593;44849;10.3;4.0
67;2021-03-26;6869;474;123462;45323;10.9;4.0
67;2021-03-27;3926;344;127388;45667;11.2;4.0
67;2021-03-28;580;100;127968;45767;11.3;4.0
67;2021-03-29;3820;427;131788;46194;11.6;4.1
67;2021-03-30;4845;665;136633;46859;12.1;4.1
67;2021-03-31;4848;694;141481;47553;12.5;4.2
67;2021-04-01;5147;926;146628;48479;12.9;4.3
67;2021-04-02;1008;174;147636;48653;13.0;4.3
67;2021-04-03;1689;284;149325;48937;13.2;4.3
67;2021-04-04;327;5;149652;48942;13.2;4.3
67;2021-04-05;371;4;150023;48946;13.2;4.3
67;2021-04-06;3482;1176;153505;50122;13.6;4.4
67;2021-04-07;4531;1280;158036;51402;14.0;4.5
67;2021-04-08;5660;1406;163696;52808;14.5;4.7
67;2021-04-09;7110;1351;170806;54159;15.1;4.8
67;2021-04-10;4333;888;175139;55047;15.5;4.9
67;2021-04-11;855;426;175994;55473;15.5;4.9
67;2021-04-12;3887;1402;179881;56875;15.9;5.0
67;2021-04-13;4892;1574;184773;58449;16.3;5.2
67;2021-04-14;5289;1898;190062;60347;16.8;5.3
67;2021-04-15;6080;2107;196142;62454;17.3;5.5
67;2021-04-16;7837;2418;203979;64872;18.0;5.7
67;2021-04-17;4008;1576;207987;66448;18.4;5.9
67;2021-04-18;1112;646;209099;67094;18.5;5.9
67;2021-04-19;3632;2139;212731;69233;18.8;6.1
67;2021-04-20;4258;1917;216989;71150;19.2;6.3
67;2021-04-21;4069;2512;221058;73662;19.5;6.5
67;2021-04-22;4479;2915;225537;76577;19.9;6.8
67;2021-04-23;5246;3002;230783;79579;20.4;7.0
67;2021-04-24;3101;2023;233884;81602;20.7;7.2
67;2021-04-25;1028;451;234912;82053;20.7;7.2
67;2021-04-26;3191;2617;238103;84670;21.0;7.5
67;2021-04-27;4024;2913;242127;87583;21.4;7.7
67;2021-04-28;4253;3417;246380;91000;21.8;8.0
67;2021-04-29;5126;3496;251506;94496;22.2;8.3
67;2021-04-30;7180;2475;258686;96971;22.8;8.6
67;2021-05-01;2686;784;261372;97755;23.1;8.6
67;2021-05-02;2182;676;263554;98431;23.3;8.7
67;2021-05-03;5562;2613;269116;101044;23.8;8.9
67;2021-05-04;5854;3603;274970;104647;24.3;9.2
67;2021-05-05;5219;4193;280189;108840;24.7;9.6
67;2021-05-06;6714;4920;286903;113760;25.3;10.0
67;2021-05-07;6435;6903;293338;120663;25.9;10.7
67;2021-05-08;3575;1022;296913;121685;26.2;10.7
67;2021-05-09;3371;592;300284;122277;26.5;10.8
67;2021-05-10;4697;4529;304981;126806;26.9;11.2
67;2021-05-11;5650;4918;310631;131724;27.4;11.6
67;2021-05-12;6599;4842;317230;136566;28.0;12.1
67;2021-05-13;7313;1676;324543;138242;28.7;12.2
67;2021-05-14;8880;5356;333423;143598;29.4;12.7
67;2021-05-15;8197;3658;341620;147256;30.2;13.0
67;2021-05-16;6178;969;347798;148225;30.7;13.1
67;2021-05-17;5695;3887;353493;152112;31.2;13.4
67;2021-05-18;6900;3982;360393;156094;31.8;13.8
67;2021-05-19;7378;4170;367771;160264;32.5;14.2
67;2021-05-20;8694;4234;376465;164498;33.2;14.5
67;2021-05-21;8165;5860;384630;170358;34.0;15.0
67;2021-05-22;5937;3418;390567;173776;34.5;15.3
67;2021-05-23;2660;593;393227;174369;34.7;15.4
67;2021-05-24;4418;865;397645;175234;35.1;15.5
67;2021-05-25;5415;4771;403060;180005;35.6;15.9
67;2021-05-26;6065;4872;409125;184877;36.1;16.3
67;2021-05-27;7315;4894;416440;189771;36.8;16.8
67;2021-05-28;7967;6498;424407;196269;37.5;17.3
67;2021-05-29;6652;3871;431059;200140;38.1;17.7
67;2021-05-30;1147;809;432206;200949;38.2;17.7
67;2021-05-31;6408;4059;438614;205008;38.7;18.1
67;2021-06-01;7328;4401;445942;209409;39.4;18.5
67;2021-06-02;8066;4176;454008;213585;40.1;18.9
67;2021-06-03;8843;4860;462851;218445;40.9;19.3
67;2021-06-04;8596;6128;471447;224573;41.6;19.8
67;2021-06-05;6554;3980;478001;228553;42.2;20.2
67;2021-06-06;3478;874;481479;229427;42.5;20.3
67;2021-06-07;7415;4252;488894;233679;43.2;20.6
67;2021-06-08;8630;4925;497524;238604;43.9;21.1
67;2021-06-09;9264;4796;506788;243400;44.7;21.5
67;2021-06-10;9776;5009;516564;248409;45.6;21.9
67;2021-06-11;8070;8316;524634;256725;46.3;22.7
67;2021-06-12;6791;5202;531425;261927;46.9;23.1
67;2021-06-13;3108;1044;534533;262971;47.2;23.2
67;2021-06-14;5512;6457;540045;269428;47.7;23.8
67;2021-06-15;6688;6750;546733;276178;48.3;24.4
67;2021-06-16;6953;6702;553686;282880;48.9;25.0
67;2021-06-17;7276;9051;560962;291931;49.5;25.8
67;2021-06-18;7606;8510;568568;300441;50.2;26.5
67;2021-06-19;6390;5966;574958;306407;50.8;27.1
67;2021-06-20;1451;1411;576409;307818;50.9;27.2
67;2021-06-21;4267;6773;580676;314591;51.3;27.8
67;2021-06-22;4243;9097;584919;323688;51.6;28.6
67;2021-06-23;5294;8187;590213;331875;52.1;29.3
67;2021-06-24;4523;9099;594736;340974;52.5;30.1
67;2021-06-25;5342;9954;600078;350928;53.0;31.0
67;2021-06-26;3466;9103;603544;360031;53.3;31.8
67;2021-06-27;1024;3523;604568;363554;53.4;32.1
67;2021-06-28;2848;8731;607416;372285;53.6;32.9
67;2021-06-29;2899;8614;610315;380899;53.9;33.6
67;2021-06-30;3383;8743;613698;389642;54.2;34.4
67;2021-07-01;3615;8423;617313;398065;54.5;35.1
67;2021-07-02;3737;10933;621050;408998;54.8;36.1
67;2021-07-03;2980;7747;624030;416745;55.1;36.8
67;2021-07-04;764;1871;624794;418616;55.2;37.0
67;2021-07-05;2624;8253;627418;426869;55.4;37.7
67;2021-07-06;3103;8439;630521;435308;55.7;38.4
67;2021-07-07;3927;8742;634448;444050;56.0;39.2
67;2021-07-08;4202;7787;638650;451837;56.4;39.9
67;2021-07-09;3768;11373;642418;463210;56.7;40.9
67;2021-07-10;2862;8208;645280;471418;57.0;41.6
67;2021-07-11;944;1995;646224;473413;57.1;41.8
67;2021-07-12;2479;9724;648703;483137;57.3;42.7
67;2021-07-13;4121;9891;652824;493028;57.6;43.5
67;2021-07-14;3490;4407;656314;497435;57.9;43.9
67;2021-07-15;5142;12228;661456;509663;58.4;45.0
67;2021-07-16;4870;12296;666326;521959;58.8;46.1
67;2021-07-17;3737;8826;670063;530785;59.2;46.9
67;2021-07-18;1464;2550;671527;533335;59.3;47.1
67;2021-07-19;4648;9743;676175;543078;59.7;47.9
67;2021-07-20;5777;9824;681952;552902;60.2;48.8
67;2021-07-21;5869;10652;687821;563554;60.7;49.8
67;2021-07-22;6440;10226;694261;573780;61.3;50.7
67;2021-07-23;7401;11188;701662;584968;62.0;51.6
67;2021-07-24;5424;7579;707086;592547;62.4;52.3
67;2021-07-25;2317;1969;709403;594516;62.6;52.5
67;2021-07-26;5010;7247;714413;601763;63.1;53.1
67;2021-07-27;6633;7323;721046;609086;63.7;53.8
67;2021-07-28;7545;7208;728591;616294;64.3;54.4
67;2021-07-29;8400;6432;736991;622726;65.1;55.0
67;2021-07-30;8668;7309;745659;630035;65.8;55.6
67;2021-07-31;5111;4877;750770;634912;66.3;56.1
67;2021-08-01;2485;1431;753255;636343;66.5;56.2
67;2021-08-02;6358;5091;759613;641434;67.1;56.6
67;2021-08-03;7299;4711;766912;646145;67.7;57.0
67;2021-08-04;6891;4599;773803;650744;68.3;57.5
67;2021-08-05;5747;4227;779550;654971;68.8;57.8
67;2021-08-06;6331;5422;785881;660393;69.4;58.3
67;2021-08-07;4681;4275;790562;664668;69.8;58.7
67;2021-08-08;1307;1436;791869;666104;69.9;58.8
67;2021-08-09;3127;4482;794996;670586;70.2;59.2
67;2021-08-10;3218;4787;798214;675373;70.5;59.6
67;2021-08-11;3416;4676;801630;680049;70.8;60.0
67;2021-08-12;3130;4884;804760;684933;71.1;60.5
67;2021-08-13;3195;5387;807955;690320;71.3;60.9
67;2021-08-14;2197;5082;810152;695402;71.5;61.4
67;2021-08-15;713;1601;810865;697003;71.6;61.5
67;2021-08-16;2069;5236;812934;702239;71.8;62.0
67;2021-08-17;2081;5273;815015;707512;72.0;62.5
67;2021-08-18;2356;6345;817371;713857;72.2;63.0
67;2021-08-19;1885;6151;819256;720008;72.3;63.6
67;2021-08-20;2300;7451;821556;727459;72.5;64.2
67;2021-08-21;1522;5568;823078;733027;72.7;64.7
67;2021-08-22;377;2049;823455;735076;72.7;64.9
67;2021-08-23;1906;6844;825361;741920;72.9;65.5
67;2021-08-24;1978;6615;827339;748535;73.0;66.1
67;2021-08-25;2087;7212;829426;755747;73.2;66.7
67;2021-08-26;1832;5542;831258;761289;73.4;67.2
67;2021-08-27;2188;7044;833446;768333;73.6;67.8
67;2021-08-28;1696;6096;835142;774429;73.7;68.4
67;2021-08-29;438;1599;835580;776028;73.8;68.5
67;2021-08-30;1407;4439;836987;780467;73.9;68.9
67;2021-08-31;1416;4206;838403;784673;74.0;69.3
67;2021-09-01;1772;4536;840175;789209;74.2;69.7
67;2021-09-02;1049;3133;841224;792342;74.3;70.0
67;2021-09-03;1535;4430;842759;796772;74.4;70.3
67;2021-09-04;1462;4091;844221;800863;74.5;70.7
67;2021-09-05;258;935;844479;801798;74.6;70.8
67;2021-09-06;950;2332;845429;804130;74.6;71.0
67;2021-09-07;874;2228;846303;806358;74.7;71.2
67;2021-09-08;1189;2982;847492;809340;74.8;71.5
67;2021-09-09;1090;2257;848582;811597;74.9;71.7
68;2020-12-27;0;0;0;0;0.0;0.0
68;2020-12-28;0;0;0;0;0.0;0.0
68;2020-12-29;0;0;0;0;0.0;0.0
68;2020-12-30;2;0;2;0;0.0;0.0
68;2020-12-31;0;0;2;0;0.0;0.0
68;2021-01-01;0;0;2;0;0.0;0.0
68;2021-01-02;0;0;2;0;0.0;0.0
68;2021-01-03;1;0;3;0;0.0;0.0
68;2021-01-04;2;0;5;0;0.0;0.0
68;2021-01-05;11;0;16;0;0.0;0.0
68;2021-01-06;245;1;261;1;0.0;0.0
68;2021-01-07;75;0;336;1;0.0;0.0
68;2021-01-08;118;1;454;2;0.1;0.0
68;2021-01-09;20;0;474;2;0.1;0.0
68;2021-01-10;1;0;475;2;0.1;0.0
68;2021-01-11;82;0;557;2;0.1;0.0
68;2021-01-12;386;1;943;3;0.1;0.0
68;2021-01-13;703;2;1646;5;0.2;0.0
68;2021-01-14;372;2;2018;7;0.3;0.0
68;2021-01-15;204;1;2222;8;0.3;0.0
68;2021-01-16;1;0;2223;8;0.3;0.0
68;2021-01-17;0;0;2223;8;0.3;0.0
68;2021-01-18;379;5;2602;13;0.3;0.0
68;2021-01-19;559;5;3161;18;0.4;0.0
68;2021-01-20;707;10;3868;28;0.5;0.0
68;2021-01-21;1394;13;5262;41;0.7;0.0
68;2021-01-22;1499;12;6761;53;0.9;0.0
68;2021-01-23;215;3;6976;56;0.9;0.0
68;2021-01-24;698;1;7674;57;1.0;0.0
68;2021-01-25;1390;41;9064;98;1.2;0.0
68;2021-01-26;1555;79;10619;177;1.4;0.0
68;2021-01-27;2768;150;13387;327;1.8;0.0
68;2021-01-28;2355;59;15742;386;2.1;0.1
68;2021-01-29;1509;115;17251;501;2.3;0.1
68;2021-01-30;165;3;17416;504;2.3;0.1
68;2021-01-31;0;0;17416;504;2.3;0.1
68;2021-02-01;737;107;18153;611;2.4;0.1
68;2021-02-02;869;298;19022;909;2.5;0.1
68;2021-02-03;1000;605;20022;1514;2.6;0.2
68;2021-02-04;1001;313;21023;1827;2.8;0.2
68;2021-02-05;948;222;21971;2049;2.9;0.3
68;2021-02-06;140;2;22111;2051;2.9;0.3
68;2021-02-07;1;16;22112;2067;2.9;0.3
68;2021-02-08;893;23;23005;2090;3.0;0.3
68;2021-02-09;1359;44;24364;2134;3.2;0.3
68;2021-02-10;1453;63;25817;2197;3.4;0.3
68;2021-02-11;1486;463;27303;2660;3.6;0.3
68;2021-02-12;1550;442;28853;3102;3.8;0.4
68;2021-02-13;132;1;28985;3103;3.8;0.4
68;2021-02-14;58;232;29043;3335;3.8;0.4
68;2021-02-15;663;993;29706;4328;3.9;0.6
68;2021-02-16;863;1262;30569;5590;4.0;0.7
68;2021-02-17;1284;2051;31853;7641;4.2;1.0
68;2021-02-18;1662;1972;33515;9613;4.4;1.3
68;2021-02-19;987;1277;34502;10890;4.5;1.4
68;2021-02-20;93;121;34595;11011;4.5;1.4
68;2021-02-21;1;40;34596;11051;4.5;1.4
68;2021-02-22;446;711;35042;11762;4.6;1.5
68;2021-02-23;639;997;35681;12759;4.7;1.7
68;2021-02-24;854;1072;36535;13831;4.8;1.8
68;2021-02-25;1208;1176;37743;15007;4.9;2.0
68;2021-02-26;1200;893;38943;15900;5.1;2.1
68;2021-02-27;549;165;39492;16065;5.2;2.1
68;2021-02-28;12;1;39504;16066;5.2;2.1
68;2021-03-01;942;714;40446;16780;5.3;2.2
68;2021-03-02;1216;876;41662;17656;5.5;2.3
68;2021-03-03;1593;921;43255;18577;5.7;2.4
68;2021-03-04;1995;976;45250;19553;5.9;2.6
68;2021-03-05;2356;984;47606;20537;6.2;2.7
68;2021-03-06;2287;238;49893;20775;6.5;2.7
68;2021-03-07;839;106;50732;20881;6.6;2.7
68;2021-03-08;1474;926;52206;21807;6.8;2.9
68;2021-03-09;1698;1268;53904;23075;7.1;3.0
68;2021-03-10;1964;1779;55868;24854;7.3;3.3
68;2021-03-11;2639;1883;58507;26737;7.7;3.5
68;2021-03-12;2628;1392;61135;28129;8.0;3.7
68;2021-03-13;3342;259;64477;28388;8.4;3.7
68;2021-03-14;1543;66;66020;28454;8.7;3.7
68;2021-03-15;1795;612;67815;29066;8.9;3.8
68;2021-03-16;2001;596;69816;29662;9.1;3.9
68;2021-03-17;1957;723;71773;30385;9.4;4.0
68;2021-03-18;2220;940;73993;31325;9.7;4.1
68;2021-03-19;3085;726;77078;32051;10.1;4.2
68;2021-03-20;973;122;78051;32173;10.2;4.2
68;2021-03-21;68;2;78119;32175;10.2;4.2
68;2021-03-22;1965;590;80084;32765;10.5;4.3
68;2021-03-23;2860;616;82944;33381;10.9;4.4
68;2021-03-24;3178;810;86122;34191;11.3;4.5
68;2021-03-25;3501;787;89623;34978;11.7;4.6
68;2021-03-26;3894;724;93517;35702;12.3;4.7
68;2021-03-27;1102;167;94619;35869;12.4;4.7
68;2021-03-28;56;3;94675;35872;12.4;4.7
68;2021-03-29;2262;1362;96937;37234;12.7;4.9
68;2021-03-30;2934;1294;99871;38528;13.1;5.0
68;2021-03-31;2642;1350;102513;39878;13.4;5.2
68;2021-04-01;2748;1546;105261;41424;13.8;5.4
68;2021-04-02;244;88;105505;41512;13.8;5.4
68;2021-04-03;240;124;105745;41636;13.9;5.5
68;2021-04-04;5;0;105750;41636;13.9;5.5
68;2021-04-05;49;3;105799;41639;13.9;5.5
68;2021-04-06;1792;1321;107591;42960;14.1;5.6
68;2021-04-07;2585;1536;110176;44496;14.4;5.8
68;2021-04-08;3234;1501;113410;45997;14.9;6.0
68;2021-04-09;4201;1526;117611;47523;15.4;6.2
68;2021-04-10;1204;1969;118815;49492;15.6;6.5
68;2021-04-11;126;1318;118941;50810;15.6;6.7
68;2021-04-12;2668;1633;121609;52443;15.9;6.9
68;2021-04-13;2760;2109;124369;54552;16.3;7.1
68;2021-04-14;3607;2266;127976;56818;16.8;7.4
68;2021-04-15;4053;2159;132029;58977;17.3;7.7
68;2021-04-16;3943;2079;135972;61056;17.8;8.0
68;2021-04-17;1075;441;137047;61497;18.0;8.1
68;2021-04-18;85;9;137132;61506;18.0;8.1
68;2021-04-19;2358;1830;139490;63336;18.3;8.3
68;2021-04-20;2442;2325;141932;65661;18.6;8.6
68;2021-04-21;2831;2474;144763;68135;19.0;8.9
68;2021-04-22;3287;1974;148050;70109;19.4;9.2
68;2021-04-23;3414;2074;151464;72183;19.8;9.5
68;2021-04-24;842;488;152306;72671;20.0;9.5
68;2021-04-25;214;20;152520;72691;20.0;9.5
68;2021-04-26;2330;2105;154850;74796;20.3;9.8
68;2021-04-27;2600;2214;157450;77010;20.6;10.1
68;2021-04-28;3573;1763;161023;78773;21.1;10.3
68;2021-04-29;4166;1747;165189;80520;21.6;10.6
68;2021-04-30;4833;1368;170022;81888;22.3;10.7
68;2021-05-01;947;120;170969;82008;22.4;10.7
68;2021-05-02;732;69;171701;82077;22.5;10.8
68;2021-05-03;3624;1819;175325;83896;23.0;11.0
68;2021-05-04;3937;2360;179262;86256;23.5;11.3
68;2021-05-05;3632;3241;182894;89497;24.0;11.7
68;2021-05-06;4809;2859;187703;92356;24.6;12.1
68;2021-05-07;4522;2907;192225;95263;25.2;12.5
68;2021-05-08;1671;210;193896;95473;25.4;12.5
68;2021-05-09;1077;107;194973;95580;25.5;12.5
68;2021-05-10;3159;3720;198132;99300;26.0;13.0
68;2021-05-11;4718;3615;202850;102915;26.6;13.5
68;2021-05-12;5789;3293;208639;106208;27.3;13.9
68;2021-05-13;4764;839;213403;107047;28.0;14.0
68;2021-05-14;5962;2134;219365;109181;28.7;14.3
68;2021-05-15;3560;910;222925;110091;29.2;14.4
68;2021-05-16;669;120;223594;110211;29.3;14.4
68;2021-05-17;4449;2500;228043;112711;29.9;14.8
68;2021-05-18;6141;2307;234184;115018;30.7;15.1
68;2021-05-19;5871;2886;240055;117904;31.5;15.4
68;2021-05-20;5930;2412;245985;120316;32.2;15.8
68;2021-05-21;5778;2869;251763;123185;33.0;16.1
68;2021-05-22;2578;926;254341;124111;33.3;16.3
68;2021-05-23;15;17;254356;124128;33.3;16.3
68;2021-05-24;2307;970;256663;125098;33.6;16.4
68;2021-05-25;4347;3438;261010;128536;34.2;16.8
68;2021-05-26;4882;3382;265892;131918;34.8;17.3
68;2021-05-27;5408;3405;271300;135323;35.5;17.7
68;2021-05-28;5621;3724;276921;139047;36.3;18.2
68;2021-05-29;1541;1186;278462;140233;36.5;18.4
68;2021-05-30;41;46;278503;140279;36.5;18.4
68;2021-05-31;5160;2363;283663;142642;37.2;18.7
68;2021-06-01;5989;2792;289652;145434;38.0;19.1
68;2021-06-02;4886;3008;294538;148442;38.6;19.4
68;2021-06-03;5943;3098;300481;151540;39.4;19.9
68;2021-06-04;4897;3300;305378;154840;40.0;20.3
68;2021-06-05;780;1168;306158;156008;40.1;20.4
68;2021-06-06;69;115;306227;156123;40.1;20.5
68;2021-06-07;4758;3035;310985;159158;40.7;20.9
68;2021-06-08;4941;3554;315926;162712;41.4;21.3
68;2021-06-09;4995;3447;320921;166159;42.0;21.8
68;2021-06-10;5202;3147;326123;169306;42.7;22.2
68;2021-06-11;5059;4153;331182;173459;43.4;22.7
68;2021-06-12;3036;1769;334218;175228;43.8;23.0
68;2021-06-13;515;682;334733;175910;43.9;23.0
68;2021-06-14;2517;4392;337250;180302;44.2;23.6
68;2021-06-15;3112;4717;340362;185019;44.6;24.2
68;2021-06-16;3390;4443;343752;189462;45.0;24.8
68;2021-06-17;2361;4456;346113;193918;45.3;25.4
68;2021-06-18;3359;5177;349472;199095;45.8;26.1
68;2021-06-19;2256;2170;351728;201265;46.1;26.4
68;2021-06-20;259;893;351987;202158;46.1;26.5
68;2021-06-21;2061;5154;354048;207312;46.4;27.2
68;2021-06-22;1901;5177;355949;212489;46.6;27.8
68;2021-06-23;2317;5743;358266;218232;46.9;28.6
68;2021-06-24;2157;4897;360423;223129;47.2;29.2
68;2021-06-25;2287;6655;362710;229784;47.5;30.1
68;2021-06-26;1304;2609;364014;232393;47.7;30.4
68;2021-06-27;151;880;364165;233273;47.7;30.6
68;2021-06-28;1601;6445;365766;239718;47.9;31.4
68;2021-06-29;1539;6632;367305;246350;48.1;32.3
68;2021-06-30;1799;6555;369104;252905;48.4;33.1
68;2021-07-01;2110;5353;371214;258258;48.6;33.8
68;2021-07-02;2101;6483;373315;264741;48.9;34.7
68;2021-07-03;988;1935;374303;266676;49.0;34.9
68;2021-07-04;242;200;374545;266876;49.1;35.0
68;2021-07-05;1458;5516;376003;272392;49.3;35.7
68;2021-07-06;2002;5883;378005;278275;49.5;36.5
68;2021-07-07;2457;4974;380462;283249;49.9;37.1
68;2021-07-08;2436;4751;382898;288000;50.2;37.7
68;2021-07-09;2092;7367;384990;295367;50.4;38.7
68;2021-07-10;1026;2003;386016;297370;50.6;39.0
68;2021-07-11;147;156;386163;297526;50.6;39.0
68;2021-07-12;1646;6774;387809;304300;50.8;39.9
68;2021-07-13;2910;6550;390719;310850;51.2;40.7
68;2021-07-14;1841;983;392560;311833;51.4;40.9
68;2021-07-15;3189;6655;395749;318488;51.9;41.7
68;2021-07-16;3818;6766;399567;325254;52.4;42.6
68;2021-07-17;3363;2301;402930;327555;52.8;42.9
68;2021-07-18;1054;230;403984;327785;52.9;42.9
68;2021-07-19;3052;6082;407036;333867;53.3;43.7
68;2021-07-20;4002;5667;411038;339534;53.9;44.5
68;2021-07-21;4339;5828;415377;345362;54.4;45.3
68;2021-07-22;4192;4845;419569;350207;55.0;45.9
68;2021-07-23;5043;5760;424612;355967;55.6;46.6
68;2021-07-24;3351;2129;427963;358096;56.1;46.9
68;2021-07-25;826;537;428789;358633;56.2;47.0
68;2021-07-26;4837;4448;433626;363081;56.8;47.6
68;2021-07-27;6376;3755;440002;366836;57.7;48.1
68;2021-07-28;6853;3879;446855;370715;58.5;48.6
68;2021-07-29;6398;3420;453253;374135;59.4;49.0
68;2021-07-30;6347;4377;459600;378512;60.2;49.6
68;2021-07-31;3918;1426;463518;379938;60.7;49.8
68;2021-08-01;1653;494;465171;380432;60.9;49.8
68;2021-08-02;4600;3147;469771;383579;61.6;50.3
68;2021-08-03;3543;2443;473314;386022;62.0;50.6
68;2021-08-04;3141;2688;476455;388710;62.4;50.9
68;2021-08-05;2748;2638;479203;391348;62.8;51.3
68;2021-08-06;3997;4327;483200;395675;63.3;51.8
68;2021-08-07;1226;1304;484426;396979;63.5;52.0
68;2021-08-08;364;813;484790;397792;63.5;52.1
68;2021-08-09;2575;3684;487365;401476;63.9;52.6
68;2021-08-10;2215;2781;489580;404257;64.1;53.0
68;2021-08-11;1898;2729;491478;406986;64.4;53.3
68;2021-08-12;1750;2664;493228;409650;64.6;53.7
68;2021-08-13;2712;4759;495940;414409;65.0;54.3
68;2021-08-14;707;1438;496647;415847;65.1;54.5
68;2021-08-15;45;445;496692;416292;65.1;54.5
68;2021-08-16;2001;5062;498693;421354;65.3;55.2
68;2021-08-17;1794;4846;500487;426200;65.6;55.8
68;2021-08-18;1172;3689;501659;429889;65.7;56.3
68;2021-08-19;1361;3742;503020;433631;65.9;56.8
68;2021-08-20;2217;6062;505237;439693;66.2;57.6
68;2021-08-21;490;1379;505727;441072;66.3;57.8
68;2021-08-22;116;458;505843;441530;66.3;57.9
68;2021-08-23;1185;5424;507028;446954;66.4;58.6
68;2021-08-24;1399;5948;508427;452902;66.6;59.3
68;2021-08-25;1655;3750;510082;456652;66.8;59.8
68;2021-08-26;1984;4501;512066;461153;67.1;60.4
68;2021-08-27;1837;6277;513903;467430;67.3;61.2
68;2021-08-28;422;1070;514325;468500;67.4;61.4
68;2021-08-29;36;418;514361;468918;67.4;61.4
68;2021-08-30;1343;4554;515704;473472;67.6;62.0
68;2021-08-31;1292;4235;516996;477707;67.7;62.6
68;2021-09-01;879;2276;517875;479983;67.9;62.9
68;2021-09-02;875;1979;518750;481962;68.0;63.1
68;2021-09-03;1300;4609;520050;486571;68.1;63.8
68;2021-09-04;481;952;520531;487523;68.2;63.9
68;2021-09-05;209;174;520740;487697;68.2;63.9
68;2021-09-06;686;2386;521426;490083;68.3;64.2
68;2021-09-07;604;1449;522030;491532;68.4;64.4
68;2021-09-08;615;1482;522645;493014;68.5;64.6
68;2021-09-09;887;1530;523532;494544;68.6;64.8
69;2020-12-27;5;0;5;0;0.0;0.0
69;2020-12-28;10;0;15;0;0.0;0.0
69;2020-12-29;5;0;20;0;0.0;0.0
69;2020-12-30;6;0;26;0;0.0;0.0
69;2020-12-31;12;0;38;0;0.0;0.0
69;2021-01-01;2;0;40;0;0.0;0.0
69;2021-01-02;2;0;42;0;0.0;0.0
69;2021-01-03;3;0;45;0;0.0;0.0
69;2021-01-04;13;0;58;0;0.0;0.0
69;2021-01-05;217;0;275;0;0.0;0.0
69;2021-01-06;518;0;793;0;0.0;0.0
69;2021-01-07;812;0;1605;0;0.1;0.0
69;2021-01-08;828;0;2433;0;0.1;0.0
69;2021-01-09;41;1;2474;1;0.1;0.0
69;2021-01-10;3;1;2477;2;0.1;0.0
69;2021-01-11;1135;2;3612;4;0.2;0.0
69;2021-01-12;1397;7;5009;11;0.3;0.0
69;2021-01-13;1395;3;6404;14;0.3;0.0
69;2021-01-14;2282;18;8686;32;0.5;0.0
69;2021-01-15;1826;8;10512;40;0.6;0.0
69;2021-01-16;930;3;11442;43;0.6;0.0
69;2021-01-17;260;2;11702;45;0.6;0.0
69;2021-01-18;1694;18;13396;63;0.7;0.0
69;2021-01-19;3511;35;16907;98;0.9;0.0
69;2021-01-20;4456;29;21363;127;1.1;0.0
69;2021-01-21;4078;28;25441;155;1.4;0.0
69;2021-01-22;3170;19;28611;174;1.5;0.0
69;2021-01-23;1285;5;29896;179;1.6;0.0
69;2021-01-24;101;1;29997;180;1.6;0.0
69;2021-01-25;2244;38;32241;218;1.7;0.0
69;2021-01-26;2562;87;34803;305;1.9;0.0
69;2021-01-27;2355;170;37158;475;2.0;0.0
69;2021-01-28;2236;357;39394;832;2.1;0.0
69;2021-01-29;2112;276;41506;1108;2.2;0.1
69;2021-01-30;889;3;42395;1111;2.3;0.1
69;2021-01-31;65;0;42460;1111;2.3;0.1
69;2021-02-01;1112;384;43572;1495;2.3;0.1
69;2021-02-02;1558;390;45130;1885;2.4;0.1
69;2021-02-03;1442;526;46572;2411;2.5;0.1
69;2021-02-04;1794;930;48366;3341;2.6;0.2
69;2021-02-05;820;807;49186;4148;2.6;0.2
69;2021-02-06;369;43;49555;4191;2.6;0.2
69;2021-02-07;0;0;49555;4191;2.6;0.2
69;2021-02-08;1133;984;50688;5175;2.7;0.3
69;2021-02-09;2051;2027;52739;7202;2.8;0.4
69;2021-02-10;1856;2520;54595;9722;2.9;0.5
69;2021-02-11;1862;3074;56457;12796;3.0;0.7
69;2021-02-12;1903;1919;58360;14715;3.1;0.8
69;2021-02-13;458;621;58818;15336;3.1;0.8
69;2021-02-14;89;33;58907;15369;3.1;0.8
69;2021-02-15;1014;1523;59921;16892;3.2;0.9
69;2021-02-16;984;2049;60905;18941;3.2;1.0
69;2021-02-17;1027;2036;61932;20977;3.3;1.1
69;2021-02-18;967;1956;62899;22933;3.4;1.2
69;2021-02-19;891;1600;63790;24533;3.4;1.3
69;2021-02-20;321;743;64111;25276;3.4;1.3
69;2021-02-21;53;58;64164;25334;3.4;1.4
69;2021-02-22;610;1843;64774;27177;3.5;1.4
69;2021-02-23;740;1958;65514;29135;3.5;1.6
69;2021-02-24;972;1988;66486;31123;3.5;1.7
69;2021-02-25;2215;2421;68701;33544;3.7;1.8
69;2021-02-26;2775;1744;71476;35288;3.8;1.9
69;2021-02-27;925;524;72401;35812;3.9;1.9
69;2021-02-28;148;100;72549;35912;3.9;1.9
69;2021-03-01;2166;800;74715;36712;4.0;2.0
69;2021-03-02;3297;1294;78012;38006;4.2;2.0
69;2021-03-03;3670;1182;81682;39188;4.4;2.1
69;2021-03-04;4885;1259;86567;40447;4.6;2.2
69;2021-03-05;5875;1208;92442;41655;4.9;2.2
69;2021-03-06;3417;395;95859;42050;5.1;2.2
69;2021-03-07;641;43;96500;42093;5.1;2.2
69;2021-03-08;2960;1061;99460;43154;5.3;2.3
69;2021-03-09;4609;1201;104069;44355;5.5;2.4
69;2021-03-10;5069;1016;109138;45371;5.8;2.4
69;2021-03-11;6601;1013;115739;46384;6.2;2.5
69;2021-03-12;8859;1146;124598;47530;6.6;2.5
69;2021-03-13;4927;246;129525;47776;6.9;2.5
69;2021-03-14;2741;151;132266;47927;7.1;2.6
69;2021-03-15;4807;691;137073;48618;7.3;2.6
69;2021-03-16;3820;666;140893;49284;7.5;2.6
69;2021-03-17;3952;874;144845;50158;7.7;2.7
69;2021-03-18;4967;1558;149812;51716;8.0;2.8
69;2021-03-19;6687;998;156499;52714;8.3;2.8
69;2021-03-20;3594;276;160093;52990;8.5;2.8
69;2021-03-21;1977;102;162070;53092;8.6;2.8
69;2021-03-22;4549;764;166619;53856;8.9;2.9
69;2021-03-23;7366;818;173985;54674;9.3;2.9
69;2021-03-24;6456;1004;180441;55678;9.6;3.0
69;2021-03-25;8590;1120;189031;56798;10.1;3.0
69;2021-03-26;8814;1247;197845;58045;10.5;3.1
69;2021-03-27;3157;792;201002;58837;10.7;3.1
69;2021-03-28;2219;190;203221;59027;10.8;3.1
69;2021-03-29;4098;2171;207319;61198;11.1;3.3
69;2021-03-30;7642;2541;214961;63739;11.5;3.4
69;2021-03-31;6356;3118;221317;66857;11.8;3.6
69;2021-04-01;8463;2724;229780;69581;12.2;3.7
69;2021-04-02;8312;3114;238092;72695;12.7;3.9
69;2021-04-03;5425;2129;243517;74824;13.0;4.0
69;2021-04-04;6611;544;250128;75368;13.3;4.0
69;2021-04-05;6194;814;256322;76182;13.7;4.1
69;2021-04-06;5115;3472;261437;79654;13.9;4.2
69;2021-04-07;5169;3879;266606;83533;14.2;4.5
69;2021-04-08;6427;4014;273033;87547;14.6;4.7
69;2021-04-09;9166;3755;282199;91302;15.0;4.9
69;2021-04-10;3053;2494;285252;93796;15.2;5.0
69;2021-04-11;2039;1900;287291;95696;15.3;5.1
69;2021-04-12;5472;3567;292763;99263;15.6;5.3
69;2021-04-13;7069;4121;299832;103384;16.0;5.5
69;2021-04-14;6719;4154;306551;107538;16.3;5.7
69;2021-04-15;7944;4600;314495;112138;16.8;6.0
69;2021-04-16;7864;4498;322359;116636;17.2;6.2
69;2021-04-17;5038;2311;327397;118947;17.5;6.3
69;2021-04-18;1716;1791;329113;120738;17.5;6.4
69;2021-04-19;7019;3777;336132;124515;17.9;6.6
69;2021-04-20;6487;4765;342619;129280;18.3;6.9
69;2021-04-21;5688;4416;348307;133696;18.6;7.1
69;2021-04-22;6429;5439;354736;139135;18.9;7.4
69;2021-04-23;6738;4901;361474;144036;19.3;7.7
69;2021-04-24;3157;2029;364631;146065;19.4;7.8
69;2021-04-25;2119;1545;366750;147610;19.5;7.9
69;2021-04-26;4497;3875;371247;151485;19.8;8.1
69;2021-04-27;6516;5314;377763;156799;20.1;8.4
69;2021-04-28;6274;4858;384037;161657;20.5;8.6
69;2021-04-29;6702;5378;390739;167035;20.8;8.9
69;2021-04-30;6931;6154;397670;173189;21.2;9.2
69;2021-05-01;3303;644;400973;173833;21.4;9.3
69;2021-05-02;1628;5883;402601;179716;21.5;9.6
69;2021-05-03;5858;8244;408459;187960;21.8;10.0
69;2021-05-04;7608;8156;416067;196116;22.2;10.5
69;2021-05-05;11213;5662;427280;201778;22.8;10.8
69;2021-05-06;12475;6307;439755;208085;23.4;11.1
69;2021-05-07;11689;7143;451444;215228;24.1;11.5
69;2021-05-08;4306;1654;455750;216882;24.3;11.6
69;2021-05-09;6637;2682;462387;219564;24.6;11.7
69;2021-05-10;6939;6068;469326;225632;25.0;12.0
69;2021-05-11;9830;7036;479156;232668;25.5;12.4
69;2021-05-12;12462;6801;491618;239469;26.2;12.8
69;2021-05-13;10844;2562;502462;242031;26.8;12.9
69;2021-05-14;12595;5217;515057;247248;27.5;13.2
69;2021-05-15;9141;2593;524198;249841;27.9;13.3
69;2021-05-16;8408;1876;532606;251717;28.4;13.4
69;2021-05-17;11306;5650;543912;257367;29.0;13.7
69;2021-05-18;13229;6408;557141;263775;29.7;14.1
69;2021-05-19;13700;5896;570841;269671;30.4;14.4
69;2021-05-20;11390;6080;582231;275751;31.0;14.7
69;2021-05-21;11043;6554;593274;282305;31.6;15.0
69;2021-05-22;5579;2575;598853;284880;31.9;15.2
69;2021-05-23;4571;1543;603424;286423;32.2;15.3
69;2021-05-24;8429;1863;611853;288286;32.6;15.4
69;2021-05-25;9749;6176;621602;294462;33.1;15.7
69;2021-05-26;10287;6115;631889;300577;33.7;16.0
69;2021-05-27;10439;6789;642328;307366;34.2;16.4
69;2021-05-28;11622;8743;653950;316109;34.9;16.8
69;2021-05-29;7394;6045;661344;322154;35.3;17.2
69;2021-05-30;7385;3169;668729;325323;35.6;17.3
69;2021-05-31;10966;6378;679695;331701;36.2;17.7
69;2021-06-01;12853;7511;692548;339212;36.9;18.1
69;2021-06-02;14899;6722;707447;345934;37.7;18.4
69;2021-06-03;16649;7425;724096;353359;38.6;18.8
69;2021-06-04;16210;8561;740306;361920;39.5;19.3
69;2021-06-05;10110;3419;750416;365339;40.0;19.5
69;2021-06-06;7489;1719;757905;367058;40.4;19.6
69;2021-06-07;12827;7027;770732;374085;41.1;19.9
69;2021-06-08;16382;8278;787114;382363;42.0;20.4
69;2021-06-09;15223;7356;802337;389719;42.8;20.8
69;2021-06-10;16296;7334;818633;397053;43.6;21.2
69;2021-06-11;16653;9684;835286;406737;44.5;21.7
69;2021-06-12;8542;4189;843828;410926;45.0;21.9
69;2021-06-13;5624;2148;849452;413074;45.3;22.0
69;2021-06-14;8589;9088;858041;422162;45.7;22.5
69;2021-06-15;10948;11022;868989;433184;46.3;23.1
69;2021-06-16;11352;12327;880341;445511;46.9;23.7
69;2021-06-17;11477;13254;891818;458765;47.5;24.5
69;2021-06-18;12077;14777;903895;473542;48.2;25.2
69;2021-06-19;6834;8358;910729;481900;48.5;25.7
69;2021-06-20;5277;4767;916006;486667;48.8;25.9
69;2021-06-21;6557;12125;922563;498792;49.2;26.6
69;2021-06-22;7221;13835;929784;512627;49.6;27.3
69;2021-06-23;8360;13032;938144;525659;50.0;28.0
69;2021-06-24;9309;13744;947453;539403;50.5;28.8
69;2021-06-25;7077;16312;954530;555715;50.9;29.6
69;2021-06-26;3955;9080;958485;564795;51.1;30.1
69;2021-06-27;3293;7422;961778;572217;51.3;30.5
69;2021-06-28;4551;14892;966329;587109;51.5;31.3
69;2021-06-29;5373;15664;971702;602773;51.8;32.1
69;2021-06-30;6396;14457;978098;617230;52.1;32.9
69;2021-07-01;8820;11979;986918;629209;52.6;33.5
69;2021-07-02;10651;14130;997569;643339;53.2;34.3
69;2021-07-03;6001;7773;1003570;651112;53.5;34.7
69;2021-07-04;4153;5553;1007723;656665;53.7;35.0
69;2021-07-05;6233;13020;1013956;669685;54.0;35.7
69;2021-07-06;5893;14284;1019849;683969;54.4;36.5
69;2021-07-07;7320;13563;1027169;697532;54.8;37.2
69;2021-07-08;7569;13417;1034738;710949;55.2;37.9
69;2021-07-09;7591;16476;1042329;727425;55.6;38.8
69;2021-07-10;3124;10319;1045453;737744;55.7;39.3
69;2021-07-11;4332;5832;1049785;743576;56.0;39.6
69;2021-07-12;4215;16975;1054000;760551;56.2;40.5
69;2021-07-13;6229;20730;1060229;781281;56.5;41.6
69;2021-07-14;5061;8491;1065290;789772;56.8;42.1
69;2021-07-15;7498;22595;1072788;812367;57.2;43.3
69;2021-07-16;9847;20133;1082635;832500;57.7;44.4
69;2021-07-17;4885;12244;1087520;844744;58.0;45.0
69;2021-07-18;3414;8897;1090934;853641;58.2;45.5
69;2021-07-19;7083;16467;1098017;870108;58.5;46.4
69;2021-07-20;9584;19320;1107601;889428;59.0;47.4
69;2021-07-21;9387;17415;1116988;906843;59.5;48.3
69;2021-07-22;11467;16465;1128455;923308;60.2;49.2
69;2021-07-23;11133;17695;1139588;941003;60.7;50.2
69;2021-07-24;5698;11061;1145286;952064;61.0;50.7
69;2021-07-25;4707;6634;1149993;958698;61.3;51.1
69;2021-07-26;8930;12960;1158923;971658;61.8;51.8
69;2021-07-27;12946;12157;1171869;983815;62.5;52.4
69;2021-07-28;12096;12162;1183965;995977;63.1;53.1
69;2021-07-29;14768;12335;1198733;1008312;63.9;53.7
69;2021-07-30;14220;12260;1212953;1020572;64.7;54.4
69;2021-07-31;8263;7247;1221216;1027819;65.1;54.8
69;2021-08-01;5137;5872;1226353;1033691;65.4;55.1
69;2021-08-02;12228;9622;1238581;1043313;66.0;55.6
69;2021-08-03;13188;8995;1251769;1052308;66.7;56.1
69;2021-08-04;13409;8170;1265178;1060478;67.4;56.5
69;2021-08-05;11389;7530;1276567;1068008;68.0;56.9
69;2021-08-06;10342;7798;1286909;1075806;68.6;57.3
69;2021-08-07;4973;4816;1291882;1080622;68.9;57.6
69;2021-08-08;4330;3562;1296212;1084184;69.1;57.8
69;2021-08-09;7519;9219;1303731;1093403;69.5;58.3
69;2021-08-10;7936;7021;1311667;1100424;69.9;58.7
69;2021-08-11;7804;8119;1319471;1108543;70.3;59.1
69;2021-08-12;7188;7334;1326659;1115877;70.7;59.5
69;2021-08-13;6561;8363;1333220;1124240;71.1;59.9
69;2021-08-14;4367;5370;1337587;1129610;71.3;60.2
69;2021-08-15;2423;2520;1340010;1132130;71.4;60.3
69;2021-08-16;5267;8886;1345277;1141016;71.7;60.8
69;2021-08-17;6301;8275;1351578;1149291;72.0;61.3
69;2021-08-18;6169;9465;1357747;1158756;72.4;61.8
69;2021-08-19;6217;9330;1363964;1168086;72.7;62.3
69;2021-08-20;5754;8830;1369718;1176916;73.0;62.7
69;2021-08-21;2693;3953;1372411;1180869;73.2;62.9
69;2021-08-22;1849;2417;1374260;1183286;73.3;63.1
69;2021-08-23;3518;12378;1377778;1195664;73.4;63.7
69;2021-08-24;5001;13621;1382779;1209285;73.7;64.5
69;2021-08-25;4309;12890;1387088;1222175;73.9;65.1
69;2021-08-26;4417;11725;1391505;1233900;74.2;65.8
69;2021-08-27;4238;14465;1395743;1248365;74.4;66.5
69;2021-08-28;1844;8626;1397587;1256991;74.5;67.0
69;2021-08-29;1289;6523;1398876;1263514;74.6;67.3
69;2021-08-30;3139;11808;1402015;1275322;74.7;68.0
69;2021-08-31;4100;10184;1406115;1285506;75.0;68.5
69;2021-09-01;3506;9760;1409621;1295266;75.1;69.0
69;2021-09-02;4118;9198;1413739;1304464;75.4;69.5
69;2021-09-03;3844;11215;1417583;1315679;75.6;70.1
69;2021-09-04;2169;8695;1419752;1324374;75.7;70.6
69;2021-09-05;1411;3843;1421163;1328217;75.8;70.8
69;2021-09-06;2172;6889;1423335;1335106;75.9;71.2
69;2021-09-07;2269;6954;1425604;1342060;76.0;71.5
69;2021-09-08;2619;7491;1428223;1349551;76.1;71.9
69;2021-09-09;2293;6723;1430516;1356274;76.3;72.3
70;2020-12-27;0;0;0;0;0.0;0.0
70;2020-12-28;0;0;0;0;0.0;0.0
70;2020-12-29;0;0;0;0;0.0;0.0
70;2020-12-30;0;0;0;0;0.0;0.0
70;2020-12-31;0;0;0;0;0.0;0.0
70;2021-01-01;0;0;0;0;0.0;0.0
70;2021-01-02;0;0;0;0;0.0;0.0
70;2021-01-03;0;0;0;0;0.0;0.0
70;2021-01-04;0;0;0;0;0.0;0.0
70;2021-01-05;1;0;1;0;0.0;0.0
70;2021-01-06;24;0;25;0;0.0;0.0
70;2021-01-07;121;0;146;0;0.1;0.0
70;2021-01-08;22;0;168;0;0.1;0.0
70;2021-01-09;0;0;168;0;0.1;0.0
70;2021-01-10;0;0;168;0;0.1;0.0
70;2021-01-11;148;1;316;1;0.1;0.0
70;2021-01-12;201;1;517;2;0.2;0.0
70;2021-01-13;172;2;689;4;0.3;0.0
70;2021-01-14;148;5;837;9;0.4;0.0
70;2021-01-15;153;1;990;10;0.4;0.0
70;2021-01-16;65;0;1055;10;0.5;0.0
70;2021-01-17;0;0;1055;10;0.5;0.0
70;2021-01-18;396;0;1451;10;0.6;0.0
70;2021-01-19;503;2;1954;12;0.8;0.0
70;2021-01-20;494;2;2448;14;1.0;0.0
70;2021-01-21;674;2;3122;16;1.3;0.0
70;2021-01-22;458;2;3580;18;1.5;0.0
70;2021-01-23;261;2;3841;20;1.6;0.0
70;2021-01-24;4;0;3845;20;1.6;0.0
70;2021-01-25;371;1;4216;21;1.8;0.0
70;2021-01-26;335;1;4551;22;2.0;0.0
70;2021-01-27;331;10;4882;32;2.1;0.0
70;2021-01-28;365;35;5247;67;2.3;0.0
70;2021-01-29;329;52;5576;119;2.4;0.1
70;2021-01-30;228;0;5804;119;2.5;0.1
70;2021-01-31;0;0;5804;119;2.5;0.1
70;2021-02-01;261;42;6065;161;2.6;0.1
70;2021-02-02;272;96;6337;257;2.7;0.1
70;2021-02-03;251;53;6588;310;2.8;0.1
70;2021-02-04;264;120;6852;430;2.9;0.2
70;2021-02-05;254;72;7106;502;3.0;0.2
70;2021-02-06;209;37;7315;539;3.1;0.2
70;2021-02-07;0;0;7315;539;3.1;0.2
70;2021-02-08;179;165;7494;704;3.2;0.3
70;2021-02-09;204;156;7698;860;3.3;0.4
70;2021-02-10;196;226;7894;1086;3.4;0.5
70;2021-02-11;351;279;8245;1365;3.5;0.6
70;2021-02-12;239;417;8484;1782;3.6;0.8
70;2021-02-13;75;159;8559;1941;3.7;0.8
70;2021-02-14;0;29;8559;1970;3.7;0.8
70;2021-02-15;70;284;8629;2254;3.7;1.0
70;2021-02-16;113;298;8742;2552;3.7;1.1
70;2021-02-17;165;286;8907;2838;3.8;1.2
70;2021-02-18;205;231;9112;3069;3.9;1.3
70;2021-02-19;197;189;9309;3258;4.0;1.4
70;2021-02-20;192;59;9501;3317;4.1;1.4
70;2021-02-21;1;0;9502;3317;4.1;1.4
70;2021-02-22;106;193;9608;3510;4.1;1.5
70;2021-02-23;125;220;9733;3730;4.2;1.6
70;2021-02-24;132;188;9865;3918;4.2;1.7
70;2021-02-25;315;217;10180;4135;4.4;1.8
70;2021-02-26;395;128;10575;4263;4.5;1.8
70;2021-02-27;147;156;10722;4419;4.6;1.9
70;2021-02-28;0;0;10722;4419;4.6;1.9
70;2021-03-01;249;216;10971;4635;4.7;2.0
70;2021-03-02;487;240;11458;4875;4.9;2.1
70;2021-03-03;467;228;11925;5103;5.1;2.2
70;2021-03-04;694;251;12619;5354;5.4;2.3
70;2021-03-05;767;240;13386;5594;5.7;2.4
70;2021-03-06;540;105;13926;5699;6.0;2.4
70;2021-03-07;216;23;14142;5722;6.1;2.5
70;2021-03-08;554;203;14696;5925;6.3;2.5
70;2021-03-09;866;172;15562;6097;6.7;2.6
70;2021-03-10;659;176;16221;6273;7.0;2.7
70;2021-03-11;698;254;16919;6527;7.3;2.8
70;2021-03-12;985;177;17904;6704;7.7;2.9
70;2021-03-13;583;122;18487;6826;7.9;2.9
70;2021-03-14;20;1;18507;6827;7.9;2.9
70;2021-03-15;774;110;19281;6937;8.3;3.0
70;2021-03-16;655;97;19936;7034;8.5;3.0
70;2021-03-17;595;182;20531;7216;8.8;3.1
70;2021-03-18;633;140;21164;7356;9.1;3.2
70;2021-03-19;1019;143;22183;7499;9.5;3.2
70;2021-03-20;641;186;22824;7685;9.8;3.3
70;2021-03-21;9;0;22833;7685;9.8;3.3
70;2021-03-22;757;97;23590;7782;10.1;3.3
70;2021-03-23;1310;154;24900;7936;10.7;3.4
70;2021-03-24;1270;107;26170;8043;11.2;3.4
70;2021-03-25;1246;198;27416;8241;11.8;3.5
70;2021-03-26;1487;299;28903;8540;12.4;3.7
70;2021-03-27;957;129;29860;8669;12.8;3.7
70;2021-03-28;0;10;29860;8679;12.8;3.7
70;2021-03-29;721;415;30581;9094;13.1;3.9
70;2021-03-30;1093;316;31674;9410;13.6;4.0
70;2021-03-31;878;317;32552;9727;14.0;4.2
70;2021-04-01;1154;428;33706;10155;14.5;4.4
70;2021-04-02;1310;346;35016;10501;15.0;4.5
70;2021-04-03;639;320;35655;10821;15.3;4.6
70;2021-04-04;11;0;35666;10821;15.3;4.6
70;2021-04-05;4;2;35670;10823;15.3;4.6
70;2021-04-06;832;555;36502;11378;15.7;4.9
70;2021-04-07;858;590;37360;11968;16.0;5.1
70;2021-04-08;1320;564;38680;12532;16.6;5.4
70;2021-04-09;1404;537;40084;13069;17.2;5.6
70;2021-04-10;859;346;40943;13415;17.6;5.8
70;2021-04-11;23;1;40966;13416;17.6;5.8
70;2021-04-12;696;660;41662;14076;17.9;6.0
70;2021-04-13;921;769;42583;14845;18.3;6.4
70;2021-04-14;816;575;43399;15420;18.6;6.6
70;2021-04-15;1079;606;44478;16026;19.1;6.9
70;2021-04-16;1243;553;45721;16579;19.6;7.1
70;2021-04-17;689;469;46410;17048;19.9;7.3
70;2021-04-18;62;4;46472;17052;19.9;7.3
70;2021-04-19;540;809;47012;17861;20.2;7.7
70;2021-04-20;664;852;47676;18713;20.4;8.0
70;2021-04-21;483;928;48159;19641;20.7;8.4
70;2021-04-22;775;800;48934;20441;21.0;8.8
70;2021-04-23;875;742;49809;21183;21.4;9.1
70;2021-04-24;432;642;50241;21825;21.5;9.4
70;2021-04-25;11;0;50252;21825;21.5;9.4
70;2021-04-26;924;604;51176;22429;21.9;9.6
70;2021-04-27;1209;754;52385;23183;22.5;9.9
70;2021-04-28;889;811;53274;23994;22.8;10.3
70;2021-04-29;1343;928;54617;24922;23.4;10.7
70;2021-04-30;1533;873;56150;25795;24.1;11.1
70;2021-05-01;1694;120;57844;25915;24.8;11.1
70;2021-05-02;2;0;57846;25915;24.8;11.1
70;2021-05-03;1189;580;59035;26495;25.3;11.4
70;2021-05-04;1354;757;60389;27252;25.9;11.7
70;2021-05-05;1190;879;61579;28131;26.4;12.1
70;2021-05-06;1846;1271;63425;29402;27.2;12.6
70;2021-05-07;2127;1239;65552;30641;28.1;13.1
70;2021-05-08;1341;192;66893;30833;28.7;13.2
70;2021-05-09;9;58;66902;30891;28.7;13.2
70;2021-05-10;961;946;67863;31837;29.1;13.7
70;2021-05-11;1240;1076;69103;32913;29.6;14.1
70;2021-05-12;1176;865;70279;33778;30.1;14.5
70;2021-05-13;1544;147;71823;33925;30.8;14.5
70;2021-05-14;2062;756;73885;34681;31.7;14.9
70;2021-05-15;2657;532;76542;35213;32.8;15.1
70;2021-05-16;999;72;77541;35285;33.3;15.1
70;2021-05-17;1238;386;78779;35671;33.8;15.3
70;2021-05-18;1296;591;80075;36262;34.3;15.6
70;2021-05-19;1476;480;81551;36742;35.0;15.8
70;2021-05-20;1780;631;83331;37373;35.7;16.0
70;2021-05-21;1693;818;85024;38191;36.5;16.4
70;2021-05-22;1221;665;86245;38856;37.0;16.7
70;2021-05-23;8;14;86253;38870;37.0;16.7
70;2021-05-24;227;27;86480;38897;37.1;16.7
70;2021-05-25;837;926;87317;39823;37.4;17.1
70;2021-05-26;1048;946;88365;40769;37.9;17.5
70;2021-05-27;1263;994;89628;41763;38.4;17.9
70;2021-05-28;1546;1161;91174;42924;39.1;18.4
70;2021-05-29;1371;588;92545;43512;39.7;18.7
70;2021-05-30;1;8;92546;43520;39.7;18.7
70;2021-05-31;969;679;93515;44199;40.1;19.0
70;2021-06-01;1213;848;94728;45047;40.6;19.3
70;2021-06-02;1265;678;95993;45725;41.2;19.6
70;2021-06-03;1430;837;97423;46562;41.8;20.0
70;2021-06-04;1335;1111;98758;47673;42.4;20.4
70;2021-06-05;1024;663;99782;48336;42.8;20.7
70;2021-06-06;599;79;100381;48415;43.0;20.8
70;2021-06-07;941;849;101322;49264;43.4;21.1
70;2021-06-08;1216;1186;102538;50450;44.0;21.6
70;2021-06-09;1156;988;103694;51438;44.5;22.1
70;2021-06-10;1569;830;105263;52268;45.1;22.4
70;2021-06-11;1587;1956;106850;54224;45.8;23.3
70;2021-06-12;829;1971;107679;56195;46.2;24.1
70;2021-06-13;143;15;107822;56210;46.2;24.1
70;2021-06-14;559;1244;108381;57454;46.5;24.6
70;2021-06-15;451;1506;108832;58960;46.7;25.3
70;2021-06-16;800;1393;109632;60353;47.0;25.9
70;2021-06-17;1150;2097;110782;62450;47.5;26.8
70;2021-06-18;997;2255;111779;64705;47.9;27.7
70;2021-06-19;1091;1639;112870;66344;48.4;28.5
70;2021-06-20;1;3;112871;66347;48.4;28.5
70;2021-06-21;692;1452;113563;67799;48.7;29.1
70;2021-06-22;654;1512;114217;69311;49.0;29.7
70;2021-06-23;662;1570;114879;70881;49.3;30.4
70;2021-06-24;877;2049;115756;72930;49.6;31.3
70;2021-06-25;682;2647;116438;75577;49.9;32.4
70;2021-06-26;943;2135;117381;77712;50.3;33.3
70;2021-06-27;141;762;117522;78474;50.4;33.7
70;2021-06-28;336;1351;117858;79825;50.5;34.2
70;2021-06-29;411;1611;118269;81436;50.7;34.9
70;2021-06-30;391;1635;118660;83071;50.9;35.6
70;2021-07-01;642;1752;119302;84823;51.2;36.4
70;2021-07-02;815;1578;120117;86401;51.5;37.1
70;2021-07-03;841;1085;120958;87486;51.9;37.5
70;2021-07-04;29;70;120987;87556;51.9;37.5
70;2021-07-05;610;1037;121597;88593;52.1;38.0
70;2021-07-06;681;1275;122278;89868;52.4;38.5
70;2021-07-07;509;1425;122787;91293;52.7;39.1
70;2021-07-08;817;1573;123604;92866;53.0;39.8
70;2021-07-09;872;1662;124476;94528;53.4;40.5
70;2021-07-10;831;1032;125307;95560;53.7;41.0
70;2021-07-11;7;20;125314;95580;53.7;41.0
70;2021-07-12;431;1391;125745;96971;53.9;41.6
70;2021-07-13;907;1868;126652;98839;54.3;42.4
70;2021-07-14;33;6;126685;98845;54.3;42.4
70;2021-07-15;1383;1691;128068;100536;54.9;43.1
70;2021-07-16;1632;2062;129700;102598;55.6;44.0
70;2021-07-17;1501;1454;131201;104052;56.3;44.6
70;2021-07-18;1145;641;132346;104693;56.8;44.9
70;2021-07-19;883;974;133229;105667;57.1;45.3
70;2021-07-20;1350;1351;134579;107018;57.7;45.9
70;2021-07-21;1288;1402;135867;108420;58.3;46.5
70;2021-07-22;1869;1826;137736;110246;59.1;47.3
70;2021-07-23;1830;2493;139566;112739;59.8;48.3
70;2021-07-24;1364;1806;140930;114545;60.4;49.1
70;2021-07-25;27;3;140957;114548;60.4;49.1
70;2021-07-26;1056;975;142013;115523;60.9;49.5
70;2021-07-27;1405;975;143418;116498;61.5;50.0
70;2021-07-28;1405;1162;144823;117660;62.1;50.5
70;2021-07-29;1874;1387;146697;119047;62.9;51.1
70;2021-07-30;1973;1347;148670;120394;63.8;51.6
70;2021-07-31;1752;1165;150422;121559;64.5;52.1
70;2021-08-01;2;4;150424;121563;64.5;52.1
70;2021-08-02;776;737;151200;122300;64.8;52.4
70;2021-08-03;1296;1039;152496;123339;65.4;52.9
70;2021-08-04;1211;921;153707;124260;65.9;53.3
70;2021-08-05;1658;1189;155365;125449;66.6;53.8
70;2021-08-06;1796;1331;157161;126780;67.4;54.4
70;2021-08-07;1193;1028;158354;127808;67.9;54.8
70;2021-08-08;35;28;158389;127836;67.9;54.8
70;2021-08-09;533;704;158922;128540;68.2;55.1
70;2021-08-10;897;1133;159819;129673;68.5;55.6
70;2021-08-11;807;722;160626;130395;68.9;55.9
70;2021-08-12;906;1272;161532;131667;69.3;56.5
70;2021-08-13;1041;1624;162573;133291;69.7;57.2
70;2021-08-14;771;975;163344;134266;70.0;57.6
70;2021-08-15;36;28;163380;134294;70.1;57.6
70;2021-08-16;544;907;163924;135201;70.3;58.0
70;2021-08-17;677;1194;164601;136395;70.6;58.5
70;2021-08-18;536;939;165137;137334;70.8;58.9
70;2021-08-19;565;1386;165702;138720;71.1;59.5
70;2021-08-20;512;1902;166214;140622;71.3;60.3
70;2021-08-21;446;1160;166660;141782;71.5;60.8
70;2021-08-22;2;6;166662;141788;71.5;60.8
70;2021-08-23;281;879;166943;142667;71.6;61.2
70;2021-08-24;386;1374;167329;144041;71.8;61.8
70;2021-08-25;354;1341;167683;145382;71.9;62.3
70;2021-08-26;434;1560;168117;146942;72.1;63.0
70;2021-08-27;385;2126;168502;149068;72.3;63.9
70;2021-08-28;364;1705;168866;150773;72.4;64.7
70;2021-08-29;11;6;168877;150779;72.4;64.7
70;2021-08-30;296;835;169173;151614;72.5;65.0
70;2021-08-31;357;1126;169530;152740;72.7;65.5
70;2021-09-01;315;1195;169845;153935;72.8;66.0
70;2021-09-02;303;1296;170148;155231;73.0;66.6
70;2021-09-03;278;1244;170426;156475;73.1;67.1
70;2021-09-04;453;1259;170879;157734;73.3;67.6
70;2021-09-05;20;31;170899;157765;73.3;67.7
70;2021-09-06;167;700;171066;158465;73.4;68.0
70;2021-09-07;185;878;171251;159343;73.4;68.3
70;2021-09-08;195;875;171446;160218;73.5;68.7
70;2021-09-09;173;861;171619;161079;73.6;69.1
71;2020-12-27;0;0;0;0;0.0;0.0
71;2020-12-28;0;0;0;0;0.0;0.0
71;2020-12-29;0;0;0;0;0.0;0.0
71;2020-12-30;0;0;0;0;0.0;0.0
71;2020-12-31;0;0;0;0;0.0;0.0
71;2021-01-01;1;0;1;0;0.0;0.0
71;2021-01-02;0;0;1;0;0.0;0.0
71;2021-01-03;1;0;2;0;0.0;0.0
71;2021-01-04;1;0;3;0;0.0;0.0
71;2021-01-05;12;0;15;0;0.0;0.0
71;2021-01-06;72;0;87;0;0.0;0.0
71;2021-01-07;67;0;154;0;0.0;0.0
71;2021-01-08;146;0;300;0;0.1;0.0
71;2021-01-09;117;0;417;0;0.1;0.0
71;2021-01-10;1;0;418;0;0.1;0.0
71;2021-01-11;245;1;663;1;0.1;0.0
71;2021-01-12;846;1;1509;2;0.3;0.0
71;2021-01-13;563;2;2072;4;0.4;0.0
71;2021-01-14;581;10;2653;14;0.5;0.0
71;2021-01-15;667;2;3320;16;0.6;0.0
71;2021-01-16;9;0;3329;16;0.6;0.0
71;2021-01-17;0;0;3329;16;0.6;0.0
71;2021-01-18;1094;7;4423;23;0.8;0.0
71;2021-01-19;1696;7;6119;30;1.1;0.0
71;2021-01-20;1517;6;7636;36;1.4;0.0
71;2021-01-21;2060;17;9696;53;1.8;0.0
71;2021-01-22;1413;6;11109;59;2.0;0.0
71;2021-01-23;815;6;11924;65;2.2;0.0
71;2021-01-24;0;0;11924;65;2.2;0.0
71;2021-01-25;1065;5;12989;70;2.4;0.0
71;2021-01-26;1505;24;14494;94;2.6;0.0
71;2021-01-27;1248;34;15742;128;2.9;0.0
71;2021-01-28;1083;76;16825;204;3.1;0.0
71;2021-01-29;1015;136;17840;340;3.3;0.1
71;2021-01-30;605;1;18445;341;3.4;0.1
71;2021-01-31;1;14;18446;355;3.4;0.1
71;2021-02-01;751;231;19197;586;3.5;0.1
71;2021-02-02;753;348;19950;934;3.6;0.2
71;2021-02-03;817;396;20767;1330;3.8;0.2
71;2021-02-04;781;548;21548;1878;3.9;0.3
71;2021-02-05;704;504;22252;2382;4.1;0.4
71;2021-02-06;535;9;22787;2391;4.2;0.4
71;2021-02-07;4;49;22791;2440;4.2;0.4
71;2021-02-08;603;561;23394;3001;4.3;0.5
71;2021-02-09;368;875;23762;3876;4.3;0.7
71;2021-02-10;412;860;24174;4736;4.4;0.9
71;2021-02-11;472;1044;24646;5780;4.5;1.1
71;2021-02-12;535;919;25181;6699;4.6;1.2
71;2021-02-13;124;402;25305;7101;4.6;1.3
71;2021-02-14;2;7;25307;7108;4.6;1.3
71;2021-02-15;323;789;25630;7897;4.7;1.4
71;2021-02-16;442;1195;26072;9092;4.8;1.7
71;2021-02-17;427;1021;26499;10113;4.8;1.8
71;2021-02-18;548;829;27047;10942;4.9;2.0
71;2021-02-19;573;746;27620;11688;5.0;2.1
71;2021-02-20;224;309;27844;11997;5.1;2.2
71;2021-02-21;4;13;27848;12010;5.1;2.2
71;2021-02-22;237;770;28085;12780;5.1;2.3
71;2021-02-23;452;836;28537;13616;5.2;2.5
71;2021-02-24;445;635;28982;14251;5.3;2.6
71;2021-02-25;533;653;29515;14904;5.4;2.7
71;2021-02-26;830;494;30345;15398;5.5;2.8
71;2021-02-27;457;290;30802;15688;5.6;2.9
71;2021-02-28;54;14;30856;15702;5.6;2.9
71;2021-03-01;1187;614;32043;16316;5.8;3.0
71;2021-03-02;1574;598;33617;16914;6.1;3.1
71;2021-03-03;1819;733;35436;17647;6.5;3.2
71;2021-03-04;2003;768;37439;18415;6.8;3.4
71;2021-03-05;2290;656;39729;19071;7.3;3.5
71;2021-03-06;754;63;40483;19134;7.4;3.5
71;2021-03-07;40;21;40523;19155;7.4;3.5
71;2021-03-08;1452;749;41975;19904;7.7;3.6
71;2021-03-09;2160;518;44135;20422;8.1;3.7
71;2021-03-10;2173;466;46308;20888;8.5;3.8
71;2021-03-11;2629;658;48937;21546;8.9;3.9
71;2021-03-12;2606;619;51543;22165;9.4;4.0
71;2021-03-13;995;95;52538;22260;9.6;4.1
71;2021-03-14;36;0;52574;22260;9.6;4.1
71;2021-03-15;1798;496;54372;22756;9.9;4.2
71;2021-03-16;1822;200;56194;22956;10.3;4.2
71;2021-03-17;2134;250;58328;23206;10.6;4.2
71;2021-03-18;1953;435;60281;23641;11.0;4.3
71;2021-03-19;2370;335;62651;23976;11.4;4.4
71;2021-03-20;1084;41;63735;24017;11.6;4.4
71;2021-03-21;17;5;63752;24022;11.6;4.4
71;2021-03-22;2576;381;66328;24403;12.1;4.5
71;2021-03-23;3346;507;69674;24910;12.7;4.5
71;2021-03-24;3350;468;73024;25378;13.3;4.6
71;2021-03-25;4028;592;77052;25970;14.1;4.7
71;2021-03-26;4058;339;81110;26309;14.8;4.8
71;2021-03-27;997;106;82107;26415;15.0;4.8
71;2021-03-28;57;8;82164;26423;15.0;4.8
71;2021-03-29;2409;1163;84573;27586;15.4;5.0
71;2021-03-30;2952;1359;87525;28945;16.0;5.3
71;2021-03-31;2549;1524;90074;30469;16.4;5.6
71;2021-04-01;2717;1299;92791;31768;16.9;5.8
71;2021-04-02;2503;1419;95294;33187;17.4;6.1
71;2021-04-03;268;34;95562;33221;17.4;6.1
71;2021-04-04;6;0;95568;33221;17.4;6.1
71;2021-04-05;61;2;95629;33223;17.5;6.1
71;2021-04-06;2259;1876;97888;35099;17.9;6.4
71;2021-04-07;2390;1785;100278;36884;18.3;6.7
71;2021-04-08;3284;1802;103562;38686;18.9;7.1
71;2021-04-09;4043;1667;107605;40353;19.6;7.4
71;2021-04-10;769;47;108374;40400;19.8;7.4
71;2021-04-11;100;4;108474;40404;19.8;7.4
71;2021-04-12;2356;1696;110830;42100;20.2;7.7
71;2021-04-13;2585;1888;113415;43988;20.7;8.0
71;2021-04-14;2374;1923;115789;45911;21.1;8.4
71;2021-04-15;2780;1691;118569;47602;21.6;8.7
71;2021-04-16;2628;1648;121197;49250;22.1;9.0
71;2021-04-17;952;344;122149;49594;22.3;9.1
71;2021-04-18;106;6;122255;49600;22.3;9.1
71;2021-04-19;1761;2572;124016;52172;22.6;9.5
71;2021-04-20;2222;2600;126238;54772;23.0;10.0
71;2021-04-21;2124;2594;128362;57366;23.4;10.5
71;2021-04-22;2511;2442;130873;59808;23.9;10.9
71;2021-04-23;2923;2265;133796;62073;24.4;11.3
71;2021-04-24;517;53;134313;62126;24.5;11.3
71;2021-04-25;26;0;134339;62126;24.5;11.3
71;2021-04-26;2567;2137;136906;64263;25.0;11.7
71;2021-04-27;2990;2267;139896;66530;25.5;12.1
71;2021-04-28;3075;2126;142971;68656;26.1;12.5
71;2021-04-29;3781;2219;146752;70875;26.8;12.9
71;2021-04-30;3929;1718;150681;72593;27.5;13.3
71;2021-05-01;39;53;150720;72646;27.5;13.3
71;2021-05-02;23;18;150743;72664;27.5;13.3
71;2021-05-03;4289;1386;155032;74050;28.3;13.5
71;2021-05-04;2956;2360;157988;76410;28.8;13.9
71;2021-05-05;3427;2084;161415;78494;29.5;14.3
71;2021-05-06;3467;2365;164882;80859;30.1;14.8
71;2021-05-07;3679;2805;168561;83664;30.8;15.3
71;2021-05-08;180;183;168741;83847;30.8;15.3
71;2021-05-09;44;47;168785;83894;30.8;15.3
71;2021-05-10;3698;2288;172483;86182;31.5;15.7
71;2021-05-11;4664;2360;177147;88542;32.3;16.2
71;2021-05-12;3978;2596;181125;91138;33.1;16.6
71;2021-05-13;1576;155;182701;91293;33.4;16.7
71;2021-05-14;3766;2196;186467;93489;34.0;17.1
71;2021-05-15;242;330;186709;93819;34.1;17.1
71;2021-05-16;2;0;186711;93819;34.1;17.1
71;2021-05-17;3864;1888;190575;95707;34.8;17.5
71;2021-05-18;3497;2425;194072;98132;35.4;17.9
71;2021-05-19;3719;2279;197791;100411;36.1;18.3
71;2021-05-20;4183;2300;201974;102711;36.9;18.7
71;2021-05-21;3724;2571;205698;105282;37.5;19.2
71;2021-05-22;169;305;205867;105587;37.6;19.3
71;2021-05-23;14;55;205881;105642;37.6;19.3
71;2021-05-24;19;96;205900;105738;37.6;19.3
71;2021-05-25;2690;3007;208590;108745;38.1;19.9
71;2021-05-26;2973;2434;211563;111179;38.6;20.3
71;2021-05-27;3387;2589;214950;113768;39.2;20.8
71;2021-05-28;2920;3157;217870;116925;39.8;21.3
71;2021-05-29;482;660;218352;117585;39.9;21.5
71;2021-05-30;75;57;218427;117642;39.9;21.5
71;2021-05-31;2776;3455;221203;121097;40.4;22.1
71;2021-06-01;3675;3544;224878;124641;41.0;22.8
71;2021-06-02;3998;2633;228876;127274;41.8;23.2
71;2021-06-03;4436;2522;233312;129796;42.6;23.7
71;2021-06-04;3717;3709;237029;133505;43.3;24.4
71;2021-06-05;684;646;237713;134151;43.4;24.5
71;2021-06-06;57;91;237770;134242;43.4;24.5
71;2021-06-07;3282;4154;241052;138396;44.0;25.3
71;2021-06-08;3898;4012;244950;142408;44.7;26.0
71;2021-06-09;4694;2753;249644;145161;45.6;26.5
71;2021-06-10;5268;2745;254912;147906;46.5;27.0
71;2021-06-11;4435;3722;259347;151628;47.3;27.7
71;2021-06-12;716;596;260063;152224;47.5;27.8
71;2021-06-13;104;187;260167;152411;47.5;27.8
71;2021-06-14;3513;3785;263680;156196;48.1;28.5
71;2021-06-15;4207;3553;267887;159749;48.9;29.2
71;2021-06-16;4596;2729;272483;162478;49.7;29.7
71;2021-06-17;4268;2998;276751;165476;50.5;30.2
71;2021-06-18;4328;3772;281079;169248;51.3;30.9
71;2021-06-19;1269;654;282348;169902;51.5;31.0
71;2021-06-20;37;27;282385;169929;51.5;31.0
71;2021-06-21;2270;4281;284655;174210;52.0;31.8
71;2021-06-22;2687;4355;287342;178565;52.5;32.6
71;2021-06-23;3060;3422;290402;181987;53.0;33.2
71;2021-06-24;3329;3024;293731;185011;53.6;33.8
71;2021-06-25;2654;4471;296385;189482;54.1;34.6
71;2021-06-26;372;551;296757;190033;54.2;34.7
71;2021-06-27;29;68;296786;190101;54.2;34.7
71;2021-06-28;1535;4625;298321;194726;54.5;35.5
71;2021-06-29;1992;4826;300313;199552;54.8;36.4
71;2021-06-30;2505;3935;302818;203487;55.3;37.1
71;2021-07-01;2826;3904;305644;207391;55.8;37.9
71;2021-07-02;3031;3985;308675;211376;56.3;38.6
71;2021-07-03;318;711;308993;212087;56.4;38.7
71;2021-07-04;28;132;309021;212219;56.4;38.7
71;2021-07-05;2476;4321;311497;216540;56.9;39.5
71;2021-07-06;2462;4565;313959;221105;57.3;40.4
71;2021-07-07;2984;3725;316943;224830;57.9;41.0
71;2021-07-08;2769;4111;319712;228941;58.4;41.8
71;2021-07-09;2382;5021;322094;233962;58.8;42.7
71;2021-07-10;212;656;322306;234618;58.8;42.8
71;2021-07-11;15;65;322321;234683;58.8;42.8
71;2021-07-12;1913;5306;324234;239989;59.2;43.8
71;2021-07-13;2541;5865;326775;245854;59.6;44.9
71;2021-07-14;950;400;327725;246254;59.8;45.0
71;2021-07-15;3025;5736;330750;251990;60.4;46.0
71;2021-07-16;3296;6007;334046;257997;61.0;47.1
71;2021-07-17;505;781;334551;258778;61.1;47.2
71;2021-07-18;89;93;334640;258871;61.1;47.3
71;2021-07-19;2864;5555;337504;264426;61.6;48.3
71;2021-07-20;3371;5913;340875;270339;62.2;49.3
71;2021-07-21;3411;5469;344286;275808;62.8;50.3
71;2021-07-22;3945;5333;348231;281141;63.6;51.3
71;2021-07-23;3235;6004;351466;287145;64.2;52.4
71;2021-07-24;714;594;352180;287739;64.3;52.5
71;2021-07-25;148;82;352328;287821;64.3;52.5
71;2021-07-26;3595;4892;355923;292713;65.0;53.4
71;2021-07-27;4092;5124;360015;297837;65.7;54.4
71;2021-07-28;4248;4810;364263;302647;66.5;55.2
71;2021-07-29;4212;4644;368475;307291;67.3;56.1
71;2021-07-30;4242;4924;372717;312215;68.0;57.0
71;2021-07-31;722;724;373439;312939;68.2;57.1
71;2021-08-01;106;35;373545;312974;68.2;57.1
71;2021-08-02;3969;3760;377514;316734;68.9;57.8
71;2021-08-03;4406;3820;381920;320554;69.7;58.5
71;2021-08-04;4390;2986;386310;323540;70.5;59.1
71;2021-08-05;4190;3266;390500;326806;71.3;59.7
71;2021-08-06;3698;4007;394198;330813;72.0;60.4
71;2021-08-07;495;329;394693;331142;72.0;60.4
71;2021-08-08;50;65;394743;331207;72.1;60.5
71;2021-08-09;3046;3412;397789;334619;72.6;61.1
71;2021-08-10;3073;3388;400862;338007;73.2;61.7
71;2021-08-11;3185;3081;404047;341088;73.8;62.3
71;2021-08-12;3014;3108;407061;344196;74.3;62.8
71;2021-08-13;2686;3333;409747;347529;74.8;63.4
71;2021-08-14;282;521;410029;348050;74.8;63.5
71;2021-08-15;49;110;410078;348160;74.9;63.6
71;2021-08-16;1708;3528;411786;351688;75.2;64.2
71;2021-08-17;1738;3434;413524;355122;75.5;64.8
71;2021-08-18;1450;3166;414974;358288;75.7;65.4
71;2021-08-19;1271;3116;416245;361404;76.0;66.0
71;2021-08-20;1284;3699;417529;365103;76.2;66.6
71;2021-08-21;145;413;417674;365516;76.2;66.7
71;2021-08-22;40;99;417714;365615;76.2;66.7
71;2021-08-23;1419;4541;419133;370156;76.5;67.6
71;2021-08-24;1324;3798;420457;373954;76.8;68.3
71;2021-08-25;948;3773;421405;377727;76.9;69.0
71;2021-08-26;954;3392;422359;381119;77.1;69.6
71;2021-08-27;1147;4462;423506;385581;77.3;70.4
71;2021-08-28;195;413;423701;385994;77.3;70.5
71;2021-08-29;28;106;423729;386100;77.3;70.5
71;2021-08-30;1250;3939;424979;390039;77.6;71.2
71;2021-08-31;1014;3619;425993;393658;77.8;71.9
71;2021-09-01;930;3540;426923;397198;77.9;72.5
71;2021-09-02;599;3102;427522;400300;78.0;73.1
71;2021-09-03;834;4008;428356;404308;78.2;73.8
71;2021-09-04;256;584;428612;404892;78.2;73.9
71;2021-09-05;23;56;428635;404948;78.2;73.9
71;2021-09-06;634;2727;429269;407675;78.4;74.4
71;2021-09-07;515;2196;429784;409871;78.5;74.8
71;2021-09-08;705;2524;430489;412395;78.6;75.3
71;2021-09-09;453;1680;430942;414075;78.7;75.6
72;2020-12-27;0;0;0;0;0.0;0.0
72;2020-12-28;0;0;0;0;0.0;0.0
72;2020-12-29;0;0;0;0;0.0;0.0
72;2020-12-30;0;0;0;0;0.0;0.0
72;2020-12-31;0;0;0;0;0.0;0.0
72;2021-01-01;2;0;2;0;0.0;0.0
72;2021-01-02;0;0;2;0;0.0;0.0
72;2021-01-03;0;0;2;0;0.0;0.0
72;2021-01-04;0;0;2;0;0.0;0.0
72;2021-01-05;14;0;16;0;0.0;0.0
72;2021-01-06;27;0;43;0;0.0;0.0
72;2021-01-07;110;0;153;0;0.0;0.0
72;2021-01-08;232;0;385;0;0.1;0.0
72;2021-01-09;36;0;421;0;0.1;0.0
72;2021-01-10;0;0;421;0;0.1;0.0
72;2021-01-11;485;1;906;1;0.2;0.0
72;2021-01-12;615;1;1521;2;0.3;0.0
72;2021-01-13;500;1;2021;3;0.4;0.0
72;2021-01-14;644;3;2665;6;0.5;0.0
72;2021-01-15;478;1;3143;7;0.6;0.0
72;2021-01-16;94;0;3237;7;0.6;0.0
72;2021-01-17;0;0;3237;7;0.6;0.0
72;2021-01-18;293;0;3530;7;0.6;0.0
72;2021-01-19;777;4;4307;11;0.8;0.0
72;2021-01-20;1538;6;5845;17;1.0;0.0
72;2021-01-21;1776;5;7621;22;1.4;0.0
72;2021-01-22;1149;5;8770;27;1.6;0.0
72;2021-01-23;32;0;8802;27;1.6;0.0
72;2021-01-24;0;0;8802;27;1.6;0.0
72;2021-01-25;503;7;9305;34;1.7;0.0
72;2021-01-26;1164;21;10469;55;1.9;0.0
72;2021-01-27;884;20;11353;75;2.0;0.0
72;2021-01-28;777;68;12130;143;2.2;0.0
72;2021-01-29;712;62;12842;205;2.3;0.0
72;2021-01-30;58;0;12900;205;2.3;0.0
72;2021-01-31;1;0;12901;205;2.3;0.0
72;2021-02-01;499;209;13400;414;2.4;0.1
72;2021-02-02;507;290;13907;704;2.5;0.1
72;2021-02-03;487;216;14394;920;2.6;0.2
72;2021-02-04;476;334;14870;1254;2.7;0.2
72;2021-02-05;514;312;15384;1566;2.7;0.3
72;2021-02-06;83;8;15467;1574;2.8;0.3
72;2021-02-07;19;3;15486;1577;2.8;0.3
72;2021-02-08;310;358;15796;1935;2.8;0.3
72;2021-02-09;489;506;16285;2441;2.9;0.4
72;2021-02-10;567;850;16852;3291;3.0;0.6
72;2021-02-11;861;1315;17713;4606;3.2;0.8
72;2021-02-12;851;573;18564;5179;3.3;0.9
72;2021-02-13;109;35;18673;5214;3.3;0.9
72;2021-02-14;1;22;18674;5236;3.3;0.9
72;2021-02-15;220;416;18894;5652;3.4;1.0
72;2021-02-16;502;951;19396;6603;3.5;1.2
72;2021-02-17;463;636;19859;7239;3.5;1.3
72;2021-02-18;594;566;20453;7805;3.7;1.4
72;2021-02-19;521;520;20974;8325;3.7;1.5
72;2021-02-20;79;50;21053;8375;3.8;1.5
72;2021-02-21;0;0;21053;8375;3.8;1.5
72;2021-02-22;328;501;21381;8876;3.8;1.6
72;2021-02-23;569;409;21950;9285;3.9;1.7
72;2021-02-24;435;424;22385;9709;4.0;1.7
72;2021-02-25;922;495;23307;10204;4.2;1.8
72;2021-02-26;600;430;23907;10634;4.3;1.9
72;2021-02-27;322;38;24229;10672;4.3;1.9
72;2021-02-28;15;17;24244;10689;4.3;1.9
72;2021-03-01;378;412;24622;11101;4.4;2.0
72;2021-03-02;503;538;25125;11639;4.5;2.1
72;2021-03-03;733;574;25858;12213;4.6;2.2
72;2021-03-04;741;716;26599;12929;4.7;2.3
72;2021-03-05;935;728;27534;13657;4.9;2.4
72;2021-03-06;761;117;28295;13774;5.1;2.5
72;2021-03-07;448;26;28743;13800;5.1;2.5
72;2021-03-08;560;423;29303;14223;5.2;2.5
72;2021-03-09;1045;617;30348;14840;5.4;2.6
72;2021-03-10;1137;648;31485;15488;5.6;2.8
72;2021-03-11;1611;476;33096;15964;5.9;2.8
72;2021-03-12;1364;517;34460;16481;6.2;2.9
72;2021-03-13;983;119;35443;16600;6.3;3.0
72;2021-03-14;14;10;35457;16610;6.3;3.0
72;2021-03-15;1159;220;36616;16830;6.5;3.0
72;2021-03-16;1052;181;37668;17011;6.7;3.0
72;2021-03-17;1035;259;38703;17270;6.9;3.1
72;2021-03-18;1088;366;39791;17636;7.1;3.1
72;2021-03-19;1275;287;41066;17923;7.3;3.2
72;2021-03-20;489;89;41555;18012;7.4;3.2
72;2021-03-21;19;0;41574;18012;7.4;3.2
72;2021-03-22;1347;340;42921;18352;7.7;3.3
72;2021-03-23;1724;472;44645;18824;8.0;3.4
72;2021-03-24;1840;298;46485;19122;8.3;3.4
72;2021-03-25;2447;462;48932;19584;8.7;3.5
72;2021-03-26;2336;368;51268;19952;9.2;3.6
72;2021-03-27;614;31;51882;19983;9.3;3.6
72;2021-03-28;22;0;51904;19983;9.3;3.6
72;2021-03-29;1616;382;53520;20365;9.6;3.6
72;2021-03-30;2496;386;56016;20751;10.0;3.7
72;2021-03-31;2145;364;58161;21115;10.4;3.8
72;2021-04-01;2851;350;61012;21465;10.9;3.8
72;2021-04-02;2249;400;63261;21865;11.3;3.9
72;2021-04-03;292;39;63553;21904;11.3;3.9
72;2021-04-04;16;3;63569;21907;11.3;3.9
72;2021-04-05;51;49;63620;21956;11.4;3.9
72;2021-04-06;1759;469;65379;22425;11.7;4.0
72;2021-04-07;2575;599;67954;23024;12.1;4.1
72;2021-04-08;2724;781;70678;23805;12.6;4.2
72;2021-04-09;3864;582;74542;24387;13.3;4.4
72;2021-04-10;1112;52;75654;24439;13.5;4.4
72;2021-04-11;8;1;75662;24440;13.5;4.4
72;2021-04-12;1850;902;77512;25342;13.8;4.5
72;2021-04-13;2373;1075;79885;26417;14.3;4.7
72;2021-04-14;2250;1096;82135;27513;14.7;4.9
72;2021-04-15;2422;1119;84557;28632;15.1;5.1
72;2021-04-16;2563;958;87120;29590;15.6;5.3
72;2021-04-17;707;144;87827;29734;15.7;5.3
72;2021-04-18;57;2;87884;29736;15.7;5.3
72;2021-04-19;1396;1089;89280;30825;15.9;5.5
72;2021-04-20;2997;1305;92277;32130;16.5;5.7
72;2021-04-21;2517;1562;94794;33692;16.9;6.0
72;2021-04-22;2814;1794;97608;35486;17.4;6.3
72;2021-04-23;3215;1456;100823;36942;18.0;6.6
72;2021-04-24;1400;268;102223;37210;18.2;6.6
72;2021-04-25;881;18;103104;37228;18.4;6.6
72;2021-04-26;3514;1475;106618;38703;19.0;6.9
72;2021-04-27;4093;1855;110711;40558;19.8;7.2
72;2021-04-28;3834;1871;114545;42429;20.4;7.6
72;2021-04-29;4160;1786;118705;44215;21.2;7.9
72;2021-04-30;3615;1709;122320;45924;21.8;8.2
72;2021-05-01;1642;225;123962;46149;22.1;8.2
72;2021-05-02;1533;161;125495;46310;22.4;8.3
72;2021-05-03;3456;1154;128951;47464;23.0;8.5
72;2021-05-04;4012;1798;132963;49262;23.7;8.8
72;2021-05-05;3868;2178;136831;51440;24.4;9.2
72;2021-05-06;3597;1936;140428;53376;25.1;9.5
72;2021-05-07;3543;2145;143971;55521;25.7;9.9
72;2021-05-08;1899;152;145870;55673;26.0;9.9
72;2021-05-09;2082;214;147952;55887;26.4;10.0
72;2021-05-10;3770;1525;151722;57412;27.1;10.2
72;2021-05-11;4597;1992;156319;59404;27.9;10.6
72;2021-05-12;4081;1818;160400;61222;28.6;10.9
72;2021-05-13;3031;272;163431;61494;29.2;11.0
72;2021-05-14;3663;1396;167094;62890;29.8;11.2
72;2021-05-15;3121;366;170215;63256;30.4;11.3
72;2021-05-16;2502;153;172717;63409;30.8;11.3
72;2021-05-17;3725;1282;176442;64691;31.5;11.5
72;2021-05-18;4331;1687;180773;66378;32.3;11.8
72;2021-05-19;3977;1510;184750;67888;33.0;12.1
72;2021-05-20;4262;1453;189012;69341;33.7;12.4
72;2021-05-21;3789;1389;192801;70730;34.4;12.6
72;2021-05-22;2561;506;195362;71236;34.9;12.7
72;2021-05-23;1391;164;196753;71400;35.1;12.7
72;2021-05-24;2353;295;199106;71695;35.5;12.8
72;2021-05-25;4075;1412;203181;73107;36.3;13.0
72;2021-05-26;4097;1415;207278;74522;37.0;13.3
72;2021-05-27;4346;2049;211624;76571;37.8;13.7
72;2021-05-28;4106;2007;215730;78578;38.5;14.0
72;2021-05-29;2668;805;218398;79383;39.0;14.2
72;2021-05-30;1142;870;219540;80253;39.2;14.3
72;2021-05-31;3121;2330;222661;82583;39.7;14.7
72;2021-06-01;3568;2669;226229;85252;40.4;15.2
72;2021-06-02;3613;2782;229842;88034;41.0;15.7
72;2021-06-03;4242;2996;234084;91030;41.8;16.2
72;2021-06-04;3890;2750;237974;93780;42.5;16.7
72;2021-06-05;1440;2568;239414;96348;42.7;17.2
72;2021-06-06;908;1541;240322;97889;42.9;17.5
72;2021-06-07;1746;3424;242068;101313;43.2;18.1
72;2021-06-08;2931;3832;244999;105145;43.7;18.8
72;2021-06-09;2648;3370;247647;108515;44.2;19.4
72;2021-06-10;2825;3316;250472;111831;44.7;20.0
72;2021-06-11;2840;3774;253312;115605;45.2;20.6
72;2021-06-12;1242;2601;254554;118206;45.4;21.1
72;2021-06-13;388;1860;254942;120066;45.5;21.4
72;2021-06-14;1336;4128;256278;124194;45.7;22.2
72;2021-06-15;2755;3513;259033;127707;46.2;22.8
72;2021-06-16;2428;3579;261461;131286;46.7;23.4
72;2021-06-17;2320;3869;263781;135155;47.1;24.1
72;2021-06-18;2309;4314;266090;139469;47.5;24.9
72;2021-06-19;1128;2764;267218;142233;47.7;25.4
72;2021-06-20;339;2057;267557;144290;47.8;25.8
72;2021-06-21;1563;4028;269120;148318;48.0;26.5
72;2021-06-22;1712;4992;270832;153310;48.3;27.4
72;2021-06-23;2008;4221;272840;157531;48.7;28.1
72;2021-06-24;2233;4012;275073;161543;49.1;28.8
72;2021-06-25;1774;4839;276847;166382;49.4;29.7
72;2021-06-26;1190;2877;278037;169259;49.6;30.2
72;2021-06-27;392;2112;278429;171371;49.7;30.6
72;2021-06-28;1440;4293;279869;175664;50.0;31.4
72;2021-06-29;1770;4741;281639;180405;50.3;32.2
72;2021-06-30;1980;4170;283619;184575;50.6;32.9
72;2021-07-01;1953;4417;285572;188992;51.0;33.7
72;2021-07-02;1853;4715;287425;193707;51.3;34.6
72;2021-07-03;1294;3122;288719;196829;51.5;35.1
72;2021-07-04;584;1949;289303;198778;51.6;35.5
72;2021-07-05;1194;4165;290497;202943;51.9;36.2
72;2021-07-06;1462;5156;291959;208099;52.1;37.1
72;2021-07-07;1582;4611;293541;212710;52.4;38.0
72;2021-07-08;1648;4326;295189;217036;52.7;38.7
72;2021-07-09;2107;4604;297296;221640;53.1;39.6
72;2021-07-10;1595;2690;298891;224330;53.4;40.0
72;2021-07-11;948;1587;299839;225917;53.5;40.3
72;2021-07-12;1592;3753;301431;229670;53.8;41.0
72;2021-07-13;2091;4774;303522;234444;54.2;41.8
72;2021-07-14;1327;2365;304849;236809;54.4;42.3
72;2021-07-15;3488;3422;308337;240231;55.0;42.9
72;2021-07-16;3175;4124;311512;244355;55.6;43.6
72;2021-07-17;2646;1759;314158;246114;56.1;43.9
72;2021-07-18;1710;823;315868;246937;56.4;44.1
72;2021-07-19;2919;3507;318787;250444;56.9;44.7
72;2021-07-20;3038;4281;321825;254725;57.4;45.5
72;2021-07-21;2883;3585;324708;258310;58.0;46.1
72;2021-07-22;3772;2910;328480;261220;58.6;46.6
72;2021-07-23;3478;3789;331958;265009;59.3;47.3
72;2021-07-24;2820;1461;334778;266470;59.8;47.6
72;2021-07-25;1456;1080;336234;267550;60.0;47.8
72;2021-07-26;2725;2918;338959;270468;60.5;48.3
72;2021-07-27;3859;3817;342818;274285;61.2;49.0
72;2021-07-28;3571;3120;346389;277405;61.8;49.5
72;2021-07-29;3571;2711;349960;280116;62.5;50.0
72;2021-07-30;3786;3382;353746;283498;63.1;50.6
72;2021-07-31;2549;1747;356295;285245;63.6;50.9
72;2021-08-01;1836;432;358131;285677;63.9;51.0
72;2021-08-02;3213;2285;361344;287962;64.5;51.4
72;2021-08-03;3237;3298;364581;291260;65.1;52.0
72;2021-08-04;3769;2549;368350;293809;65.8;52.4
72;2021-08-05;3769;2459;372119;296268;66.4;52.9
72;2021-08-06;3338;2693;375457;298961;67.0;53.4
72;2021-08-07;2348;1612;377805;300573;67.4;53.7
72;2021-08-08;1623;697;379428;301270;67.7;53.8
72;2021-08-09;2699;2664;382127;303934;68.2;54.3
72;2021-08-10;2917;2748;385044;306682;68.7;54.7
72;2021-08-11;2368;2203;387412;308885;69.2;55.1
72;2021-08-12;2378;2597;389790;311482;69.6;55.6
72;2021-08-13;2155;2295;391945;313777;70.0;56.0
72;2021-08-14;1165;1548;393110;315325;70.2;56.3
72;2021-08-15;622;613;393732;315938;70.3;56.4
72;2021-08-16;1653;2375;395385;318313;70.6;56.8
72;2021-08-17;1713;2890;397098;321203;70.9;57.3
72;2021-08-18;1710;2874;398808;324077;71.2;57.8
72;2021-08-19;1246;2916;400054;326993;71.4;58.4
72;2021-08-20;1650;3170;401704;330163;71.7;58.9
72;2021-08-21;697;2030;402401;332193;71.8;59.3
72;2021-08-22;256;1150;402657;333343;71.9;59.5
72;2021-08-23;1733;3421;404390;336764;72.2;60.1
72;2021-08-24;1524;4127;405914;340891;72.5;60.8
72;2021-08-25;1593;3448;407507;344339;72.7;61.5
72;2021-08-26;1265;4443;408772;348782;73.0;62.3
72;2021-08-27;1185;4108;409957;352890;73.2;63.0
72;2021-08-28;877;2654;410834;355544;73.3;63.5
72;2021-08-29;356;1682;411190;357226;73.4;63.8
72;2021-08-30;1131;3465;412321;360691;73.6;64.4
72;2021-08-31;1216;4011;413537;364702;73.8;65.1
72;2021-09-01;1066;3308;414603;368010;74.0;65.7
72;2021-09-02;900;3457;415503;371467;74.2;66.3
72;2021-09-03;926;3299;416429;374766;74.3;66.9
72;2021-09-04;701;2658;417130;377424;74.5;67.4
72;2021-09-05;256;1553;417386;378977;74.5;67.6
72;2021-09-06;585;2811;417971;381788;74.6;68.1
72;2021-09-07;499;2949;418470;384737;74.7;68.7
72;2021-09-08;617;3167;419087;387904;74.8;69.2
72;2021-09-09;388;2077;419475;389981;74.9;69.6
73;2020-12-27;0;0;0;0;0.0;0.0
73;2020-12-28;1;0;1;0;0.0;0.0
73;2020-12-29;0;0;1;0;0.0;0.0
73;2020-12-30;0;0;1;0;0.0;0.0
73;2020-12-31;0;0;1;0;0.0;0.0
73;2021-01-01;0;0;1;0;0.0;0.0
73;2021-01-02;0;0;1;0;0.0;0.0
73;2021-01-03;0;0;1;0;0.0;0.0
73;2021-01-04;1;0;2;0;0.0;0.0
73;2021-01-05;0;0;2;0;0.0;0.0
73;2021-01-06;1;0;3;0;0.0;0.0
73;2021-01-07;30;0;33;0;0.0;0.0
73;2021-01-08;81;0;114;0;0.0;0.0
73;2021-01-09;0;0;114;0;0.0;0.0
73;2021-01-10;0;0;114;0;0.0;0.0
73;2021-01-11;100;0;214;0;0.0;0.0
73;2021-01-12;303;1;517;1;0.1;0.0
73;2021-01-13;360;1;877;2;0.2;0.0
73;2021-01-14;515;2;1392;4;0.3;0.0
73;2021-01-15;617;1;2009;5;0.5;0.0
73;2021-01-16;128;0;2137;5;0.5;0.0
73;2021-01-17;0;0;2137;5;0.5;0.0
73;2021-01-18;624;0;2761;5;0.6;0.0
73;2021-01-19;1241;2;4002;7;0.9;0.0
73;2021-01-20;951;2;4953;9;1.1;0.0
73;2021-01-21;984;4;5937;13;1.4;0.0
73;2021-01-22;947;0;6884;13;1.6;0.0
73;2021-01-23;387;0;7271;13;1.7;0.0
73;2021-01-24;0;0;7271;13;1.7;0.0
73;2021-01-25;656;6;7927;19;1.8;0.0
73;2021-01-26;761;2;8688;21;2.0;0.0
73;2021-01-27;1106;5;9794;26;2.3;0.0
73;2021-01-28;961;5;10755;31;2.5;0.0
73;2021-01-29;683;5;11438;36;2.6;0.0
73;2021-01-30;345;2;11783;38;2.7;0.0
73;2021-01-31;0;0;11783;38;2.7;0.0
73;2021-02-01;607;38;12390;76;2.9;0.0
73;2021-02-02;753;330;13143;406;3.0;0.1
73;2021-02-03;650;345;13793;751;3.2;0.2
73;2021-02-04;626;229;14419;980;3.3;0.2
73;2021-02-05;680;400;15099;1380;3.5;0.3
73;2021-02-06;262;38;15361;1418;3.6;0.3
73;2021-02-07;1;0;15362;1418;3.6;0.3
73;2021-02-08;523;244;15885;1662;3.7;0.4
73;2021-02-09;793;419;16678;2081;3.9;0.5
73;2021-02-10;900;379;17578;2460;4.1;0.6
73;2021-02-11;962;686;18540;3146;4.3;0.7
73;2021-02-12;810;477;19350;3623;4.5;0.8
73;2021-02-13;263;52;19613;3675;4.5;0.8
73;2021-02-14;1;0;19614;3675;4.5;0.8
73;2021-02-15;347;423;19961;4098;4.6;0.9
73;2021-02-16;454;660;20415;4758;4.7;1.1
73;2021-02-17;451;868;20866;5626;4.8;1.3
73;2021-02-18;468;463;21334;6089;4.9;1.4
73;2021-02-19;445;570;21779;6659;5.0;1.5
73;2021-02-20;69;204;21848;6863;5.1;1.6
73;2021-02-21;0;0;21848;6863;5.1;1.6
73;2021-02-22;240;380;22088;7243;5.1;1.7
73;2021-02-23;327;464;22415;7707;5.2;1.8
73;2021-02-24;487;646;22902;8353;5.3;1.9
73;2021-02-25;503;453;23405;8806;5.4;2.0
73;2021-02-26;730;524;24135;9330;5.6;2.2
73;2021-02-27;330;217;24465;9547;5.7;2.2
73;2021-02-28;1;1;24466;9548;5.7;2.2
73;2021-03-01;557;464;25023;10012;5.8;2.3
73;2021-03-02;667;821;25690;10833;5.9;2.5
73;2021-03-03;642;1087;26332;11920;6.1;2.8
73;2021-03-04;1039;845;27371;12765;6.3;3.0
73;2021-03-05;1240;567;28611;13332;6.6;3.1
73;2021-03-06;1091;312;29702;13644;6.9;3.2
73;2021-03-07;455;90;30157;13734;7.0;3.2
73;2021-03-08;606;413;30763;14147;7.1;3.3
73;2021-03-09;983;504;31746;14651;7.3;3.4
73;2021-03-10;1035;814;32781;15465;7.6;3.6
73;2021-03-11;1557;631;34338;16096;7.9;3.7
73;2021-03-12;2018;530;36356;16626;8.4;3.8
73;2021-03-13;1179;202;37535;16828;8.7;3.9
73;2021-03-14;66;3;37601;16831;8.7;3.9
73;2021-03-15;1185;391;38786;17222;9.0;4.0
73;2021-03-16;796;397;39582;17619;9.2;4.1
73;2021-03-17;877;475;40459;18094;9.4;4.2
73;2021-03-18;1351;257;41810;18351;9.7;4.2
73;2021-03-19;1765;392;43575;18743;10.1;4.3
73;2021-03-20;888;127;44463;18870;10.3;4.4
73;2021-03-21;123;2;44586;18872;10.3;4.4
73;2021-03-22;1183;397;45769;19269;10.6;4.5
73;2021-03-23;1447;237;47216;19506;10.9;4.5
73;2021-03-24;1593;343;48809;19849;11.3;4.6
73;2021-03-25;2063;386;50872;20235;11.8;4.7
73;2021-03-26;2472;365;53344;20600;12.3;4.8
73;2021-03-27;885;147;54229;20747;12.5;4.8
73;2021-03-28;312;14;54541;20761;12.6;4.8
73;2021-03-29;1509;238;56050;20999;13.0;4.9
73;2021-03-30;2088;485;58138;21484;13.4;5.0
73;2021-03-31;2089;400;60227;21884;13.9;5.1
73;2021-04-01;2087;334;62314;22218;14.4;5.1
73;2021-04-02;2363;227;64677;22445;15.0;5.2
73;2021-04-03;848;147;65525;22592;15.1;5.2
73;2021-04-04;188;17;65713;22609;15.2;5.2
73;2021-04-05;212;26;65925;22635;15.2;5.2
73;2021-04-06;1508;509;67433;23144;15.6;5.4
73;2021-04-07;1946;651;69379;23795;16.0;5.5
73;2021-04-08;2491;821;71870;24616;16.6;5.7
73;2021-04-09;3062;522;74932;25138;17.3;5.8
73;2021-04-10;1135;320;76067;25458;17.6;5.9
73;2021-04-11;163;10;76230;25468;17.6;5.9
73;2021-04-12;1694;981;77924;26449;18.0;6.1
73;2021-04-13;1892;1129;79816;27578;18.5;6.4
73;2021-04-14;2018;1093;81834;28671;18.9;6.6
73;2021-04-15;2416;1187;84250;29858;19.5;6.9
73;2021-04-16;1894;933;86144;30791;19.9;7.1
73;2021-04-17;1176;560;87320;31351;20.2;7.2
73;2021-04-18;155;76;87475;31427;20.2;7.3
73;2021-04-19;1383;1061;88858;32488;20.5;7.5
73;2021-04-20;1790;1319;90648;33807;21.0;7.8
73;2021-04-21;1576;1301;92224;35108;21.3;8.1
73;2021-04-22;1813;1226;94037;36334;21.7;8.4
73;2021-04-23;1896;1253;95933;37587;22.2;8.7
73;2021-04-24;980;673;96913;38260;22.4;8.8
73;2021-04-25;79;96;96992;38356;22.4;8.9
73;2021-04-26;1164;1319;98156;39675;22.7;9.2
73;2021-04-27;1441;1471;99597;41146;23.0;9.5
73;2021-04-28;1732;1460;101329;42606;23.4;9.9
73;2021-04-29;2413;1564;103742;44170;24.0;10.2
73;2021-04-30;2397;1438;106139;45608;24.5;10.5
73;2021-05-01;1068;309;107207;45917;24.8;10.6
73;2021-05-02;34;165;107241;46082;24.8;10.7
73;2021-05-03;1392;1594;108633;47676;25.1;11.0
73;2021-05-04;1712;1827;110345;49503;25.5;11.4
73;2021-05-05;1976;1685;112321;51188;26.0;11.8
73;2021-05-06;2431;1697;114752;52885;26.5;12.2
73;2021-05-07;2261;1843;117013;54728;27.1;12.7
73;2021-05-08;1837;377;118850;55105;27.5;12.7
73;2021-05-09;127;125;118977;55230;27.5;12.8
73;2021-05-10;1608;1891;120585;57121;27.9;13.2
73;2021-05-11;2379;2368;122964;59489;28.4;13.8
73;2021-05-12;3555;2095;126519;61584;29.2;14.2
73;2021-05-13;1554;277;128073;61861;29.6;14.3
73;2021-05-14;1588;1493;129661;63354;30.0;14.6
73;2021-05-15;1448;943;131109;64297;30.3;14.9
73;2021-05-16;131;62;131240;64359;30.3;14.9
73;2021-05-17;1711;1952;132951;66311;30.7;15.3
73;2021-05-18;2495;1735;135446;68046;31.3;15.7
73;2021-05-19;2539;1624;137985;69670;31.9;16.1
73;2021-05-20;3161;1502;141146;71172;32.6;16.5
73;2021-05-21;2473;1849;143619;73021;33.2;16.9
73;2021-05-22;1989;922;145608;73943;33.7;17.1
73;2021-05-23;212;15;145820;73958;33.7;17.1
73;2021-05-24;2565;326;148385;74284;34.3;17.2
73;2021-05-25;2139;1742;150524;76026;34.8;17.6
73;2021-05-26;2343;2000;152867;78026;35.3;18.0
73;2021-05-27;3082;1714;155949;79740;36.1;18.4
73;2021-05-28;2918;2371;158867;82111;36.7;19.0
73;2021-05-29;2316;1321;161183;83432;37.3;19.3
73;2021-05-30;187;14;161370;83446;37.3;19.3
73;2021-05-31;2410;1630;163780;85076;37.9;19.7
73;2021-06-01;3178;1790;166958;86866;38.6;20.1
73;2021-06-02;3107;1453;170065;88319;39.3;20.4
73;2021-06-03;4424;1741;174489;90060;40.3;20.8
73;2021-06-04;4277;2183;178766;92243;41.3;21.3
73;2021-06-05;3161;1280;181927;93523;42.1;21.6
73;2021-06-06;1881;298;183808;93821;42.5;21.7
73;2021-06-07;2760;2147;186568;95968;43.1;22.2
73;2021-06-08;2685;1873;189253;97841;43.8;22.6
73;2021-06-09;2366;1790;191619;99631;44.3;23.0
73;2021-06-10;2006;1643;193625;101274;44.8;23.4
73;2021-06-11;2191;2441;195816;103715;45.3;24.0
73;2021-06-12;2246;1333;198062;105048;45.8;24.3
73;2021-06-13;44;82;198106;105130;45.8;24.3
73;2021-06-14;1347;2928;199453;108058;46.1;25.0
73;2021-06-15;1592;2755;201045;110813;46.5;25.6
73;2021-06-16;1467;2565;202512;113378;46.8;26.2
73;2021-06-17;946;1728;203458;115106;47.0;26.6
73;2021-06-18;1884;2932;205342;118038;47.5;27.3
73;2021-06-19;1422;1986;206764;120024;47.8;27.7
73;2021-06-20;448;306;207212;120330;47.9;27.8
73;2021-06-21;1110;2938;208322;123268;48.2;28.5
73;2021-06-22;1093;2871;209415;126139;48.4;29.2
73;2021-06-23;1085;3136;210500;129275;48.7;29.9
73;2021-06-24;883;1795;211383;131070;48.9;30.3
73;2021-06-25;1325;2798;212708;133868;49.2;30.9
73;2021-06-26;967;2396;213675;136264;49.4;31.5
73;2021-06-27;328;549;214003;136813;49.5;31.6
73;2021-06-28;971;3556;214974;140369;49.7;32.5
73;2021-06-29;1075;3341;216049;143710;49.9;33.2
73;2021-06-30;1240;3118;217289;146828;50.2;33.9
73;2021-07-01;1137;2362;218426;149190;50.5;34.5
73;2021-07-02;1206;3618;219632;152808;50.8;35.3
73;2021-07-03;961;2794;220593;155602;51.0;36.0
73;2021-07-04;301;619;220894;156221;51.1;36.1
73;2021-07-05;1156;3683;222050;159904;51.3;37.0
73;2021-07-06;1251;2950;223301;162854;51.6;37.6
73;2021-07-07;1444;2949;224745;165803;52.0;38.3
73;2021-07-08;1370;2299;226115;168102;52.3;38.9
73;2021-07-09;1430;4026;227545;172128;52.6;39.8
73;2021-07-10;891;3012;228436;175140;52.8;40.5
73;2021-07-11;561;1470;228997;176610;52.9;40.8
73;2021-07-12;1060;4196;230057;180806;53.2;41.8
73;2021-07-13;1729;4227;231786;185033;53.6;42.8
73;2021-07-14;1844;1919;233630;186952;54.0;43.2
73;2021-07-15;2747;3795;236377;190747;54.6;44.1
73;2021-07-16;2416;4016;238793;194763;55.2;45.0
73;2021-07-17;1515;2606;240308;197369;55.6;45.6
73;2021-07-18;1176;1217;241484;198586;55.8;45.9
73;2021-07-19;2451;3249;243935;201835;56.4;46.7
73;2021-07-20;3368;2853;247303;204688;57.2;47.3
73;2021-07-21;3382;2790;250685;207478;58.0;48.0
73;2021-07-22;2733;2214;253418;209692;58.6;48.5
73;2021-07-23;3416;2902;256834;212594;59.4;49.1
73;2021-07-24;2059;2280;258893;214874;59.9;49.7
73;2021-07-25;625;797;259518;215671;60.0;49.9
73;2021-07-26;2634;2494;262152;218165;60.6;50.4
73;2021-07-27;3815;2274;265967;220439;61.5;51.0
73;2021-07-28;3536;2095;269503;222534;62.3;51.4
73;2021-07-29;3981;2154;273484;224688;63.2;51.9
73;2021-07-30;3564;2474;277048;227162;64.1;52.5
73;2021-07-31;2477;1592;279525;228754;64.6;52.9
73;2021-08-01;833;620;280358;229374;64.8;53.0
73;2021-08-02;3089;2101;283447;231475;65.5;53.5
73;2021-08-03;3492;1999;286939;233474;66.3;54.0
73;2021-08-04;3299;2023;290238;235497;67.1;54.4
73;2021-08-05;2872;2231;293110;237728;67.8;55.0
73;2021-08-06;2510;2380;295620;240108;68.3;55.5
73;2021-08-07;1408;1482;297028;241590;68.7;55.9
73;2021-08-08;434;619;297462;242209;68.8;56.0
73;2021-08-09;1785;2391;299247;244600;69.2;56.5
73;2021-08-10;1888;2490;301135;247090;69.6;57.1
73;2021-08-11;1805;2535;302940;249625;70.0;57.7
73;2021-08-12;1679;2502;304619;252127;70.4;58.3
73;2021-08-13;1454;2841;306073;254968;70.8;58.9
73;2021-08-14;984;1534;307057;256502;71.0;59.3
73;2021-08-15;92;160;307149;256662;71.0;59.3
73;2021-08-16;948;1395;308097;258057;71.2;59.7
73;2021-08-17;959;1960;309056;260017;71.5;60.1
73;2021-08-18;1031;2840;310087;262857;71.7;60.8
73;2021-08-19;1038;3053;311125;265910;71.9;61.5
73;2021-08-20;785;3144;311910;269054;72.1;62.2
73;2021-08-21;412;1835;312322;270889;72.2;62.6
73;2021-08-22;268;936;312590;271825;72.3;62.8
73;2021-08-23;651;2967;313241;274792;72.4;63.5
73;2021-08-24;891;3157;314132;277949;72.6;64.3
73;2021-08-25;709;2906;314841;280855;72.8;64.9
73;2021-08-26;684;2424;315525;283279;72.9;65.5
73;2021-08-27;787;2749;316312;286028;73.1;66.1
73;2021-08-28;456;1748;316768;287776;73.2;66.5
73;2021-08-29;302;1015;317070;288791;73.3;66.8
73;2021-08-30;816;2587;317886;291378;73.5;67.4
73;2021-08-31;808;2387;318694;293765;73.7;67.9
73;2021-09-01;739;2248;319433;296013;73.8;68.4
73;2021-09-02;617;2012;320050;298025;74.0;68.9
73;2021-09-03;691;2206;320741;300231;74.2;69.4
73;2021-09-04;527;1462;321268;301693;74.3;69.7
73;2021-09-05;226;751;321494;302444;74.3;69.9
73;2021-09-06;345;1287;321839;303731;74.4;70.2
73;2021-09-07;411;1090;322250;304821;74.5;70.5
73;2021-09-08;483;1179;322733;306000;74.6;70.7
73;2021-09-09;458;1282;323191;307282;74.7;71.0
74;2020-12-27;8;0;8;0;0.0;0.0
74;2020-12-28;3;0;11;0;0.0;0.0
74;2020-12-29;0;0;11;0;0.0;0.0
74;2020-12-30;2;0;13;0;0.0;0.0
74;2020-12-31;0;0;13;0;0.0;0.0
74;2021-01-01;0;0;13;0;0.0;0.0
74;2021-01-02;1;1;14;1;0.0;0.0
74;2021-01-03;0;0;14;1;0.0;0.0
74;2021-01-04;3;0;17;1;0.0;0.0
74;2021-01-05;2;0;19;1;0.0;0.0
74;2021-01-06;44;0;63;1;0.0;0.0
74;2021-01-07;219;1;282;2;0.0;0.0
74;2021-01-08;292;2;574;4;0.1;0.0
74;2021-01-09;78;0;652;4;0.1;0.0
74;2021-01-10;74;0;726;4;0.1;0.0
74;2021-01-11;375;0;1101;4;0.1;0.0
74;2021-01-12;406;3;1507;7;0.2;0.0
74;2021-01-13;396;0;1903;7;0.2;0.0
74;2021-01-14;479;1;2382;8;0.3;0.0
74;2021-01-15;645;4;3027;12;0.4;0.0
74;2021-01-16;252;1;3279;13;0.4;0.0
74;2021-01-17;133;1;3412;14;0.4;0.0
74;2021-01-18;524;0;3936;14;0.5;0.0
74;2021-01-19;808;2;4744;16;0.6;0.0
74;2021-01-20;1277;4;6021;20;0.7;0.0
74;2021-01-21;1567;2;7588;22;0.9;0.0
74;2021-01-22;1243;6;8831;28;1.1;0.0
74;2021-01-23;344;1;9175;29;1.1;0.0
74;2021-01-24;91;0;9266;29;1.1;0.0
74;2021-01-25;801;2;10067;31;1.2;0.0
74;2021-01-26;1365;14;11432;45;1.4;0.0
74;2021-01-27;1082;11;12514;56;1.5;0.0
74;2021-01-28;998;29;13512;85;1.6;0.0
74;2021-01-29;879;38;14391;123;1.7;0.0
74;2021-01-30;305;1;14696;124;1.8;0.0
74;2021-01-31;84;1;14780;125;1.8;0.0
74;2021-02-01;631;44;15411;169;1.9;0.0
74;2021-02-02;645;151;16056;320;1.9;0.0
74;2021-02-03;604;115;16660;435;2.0;0.1
74;2021-02-04;613;127;17273;562;2.1;0.1
74;2021-02-05;549;196;17822;758;2.2;0.1
74;2021-02-06;273;118;18095;876;2.2;0.1
74;2021-02-07;94;107;18189;983;2.2;0.1
74;2021-02-08;618;319;18807;1302;2.3;0.2
74;2021-02-09;537;462;19344;1764;2.3;0.2
74;2021-02-10;688;483;20032;2247;2.4;0.3
74;2021-02-11;1070;967;21102;3214;2.5;0.4
74;2021-02-12;911;581;22013;3795;2.7;0.5
74;2021-02-13;405;219;22418;4014;2.7;0.5
74;2021-02-14;317;101;22735;4115;2.7;0.5
74;2021-02-15;278;695;23013;4810;2.8;0.6
74;2021-02-16;488;922;23501;5732;2.8;0.7
74;2021-02-17;531;965;24032;6697;2.9;0.8
74;2021-02-18;470;893;24502;7590;3.0;0.9
74;2021-02-19;617;597;25119;8187;3.0;1.0
74;2021-02-20;114;160;25233;8347;3.0;1.0
74;2021-02-21;47;51;25280;8398;3.1;1.0
74;2021-02-22;319;652;25599;9050;3.1;1.1
74;2021-02-23;305;726;25904;9776;3.1;1.2
74;2021-02-24;241;589;26145;10365;3.2;1.3
74;2021-02-25;523;653;26668;11018;3.2;1.3
74;2021-02-26;973;608;27641;11626;3.3;1.4
74;2021-02-27;254;151;27895;11777;3.4;1.4
74;2021-02-28;125;67;28020;11844;3.4;1.4
74;2021-03-01;721;577;28741;12421;3.5;1.5
74;2021-03-02;1092;618;29833;13039;3.6;1.6
74;2021-03-03;1019;574;30852;13613;3.7;1.6
74;2021-03-04;1611;957;32463;14570;3.9;1.8
74;2021-03-05;2089;848;34552;15418;4.2;1.9
74;2021-03-06;1760;309;36312;15727;4.4;1.9
74;2021-03-07;1387;103;37699;15830;4.6;1.9
74;2021-03-08;1197;912;38896;16742;4.7;2.0
74;2021-03-09;1953;651;40849;17393;4.9;2.1
74;2021-03-10;1748;863;42597;18256;5.1;2.2
74;2021-03-11;2446;716;45043;18972;5.4;2.3
74;2021-03-12;3243;1008;48286;19980;5.8;2.4
74;2021-03-13;2000;275;50286;20255;6.1;2.4
74;2021-03-14;608;101;50894;20356;6.1;2.5
74;2021-03-15;2129;555;53023;20911;6.4;2.5
74;2021-03-16;1959;407;54982;21318;6.6;2.6
74;2021-03-17;1973;317;56955;21635;6.9;2.6
74;2021-03-18;2136;284;59091;21919;7.1;2.6
74;2021-03-19;2634;295;61725;22214;7.5;2.7
74;2021-03-20;1374;103;63099;22317;7.6;2.7
74;2021-03-21;290;33;63389;22350;7.7;2.7
74;2021-03-22;2055;322;65444;22672;7.9;2.7
74;2021-03-23;2722;337;68166;23009;8.2;2.8
74;2021-03-24;2945;306;71111;23315;8.6;2.8
74;2021-03-25;3873;307;74984;23622;9.1;2.9
74;2021-03-26;4096;385;79080;24007;9.5;2.9
74;2021-03-27;1941;262;81021;24269;9.8;2.9
74;2021-03-28;437;78;81458;24347;9.8;2.9
74;2021-03-29;3034;713;84492;25060;10.2;3.0
74;2021-03-30;3543;769;88035;25829;10.6;3.1
74;2021-03-31;3144;738;91179;26567;11.0;3.2
74;2021-04-01;4236;899;95415;27466;11.5;3.3
74;2021-04-02;3708;792;99123;28258;12.0;3.4
74;2021-04-03;1699;542;100822;28800;12.2;3.5
74;2021-04-04;236;122;101058;28922;12.2;3.5
74;2021-04-05;432;16;101490;28938;12.3;3.5
74;2021-04-06;2625;1212;104115;30150;12.6;3.6
74;2021-04-07;3195;1253;107310;31403;13.0;3.8
74;2021-04-08;3866;1189;111176;32592;13.4;3.9
74;2021-04-09;4109;1177;115285;33769;13.9;4.1
74;2021-04-10;1945;1036;117230;34805;14.2;4.2
74;2021-04-11;254;184;117484;34989;14.2;4.2
74;2021-04-12;2723;1779;120207;36768;14.5;4.4
74;2021-04-13;3126;2108;123333;38876;14.9;4.7
74;2021-04-14;2903;1975;126236;40851;15.2;4.9
74;2021-04-15;3458;1914;129694;42765;15.7;5.2
74;2021-04-16;3386;1788;133080;44553;16.1;5.4
74;2021-04-17;1935;1035;135015;45588;16.3;5.5
74;2021-04-18;218;211;135233;45799;16.3;5.5
74;2021-04-19;2100;2100;137333;47899;16.6;5.8
74;2021-04-20;3072;2424;140405;50323;16.9;6.1
74;2021-04-21;2463;2378;142868;52701;17.2;6.4
74;2021-04-22;2629;2336;145497;55037;17.6;6.6
74;2021-04-23;2570;2254;148067;57291;17.9;6.9
74;2021-04-24;1484;1542;149551;58833;18.1;7.1
74;2021-04-25;227;149;149778;58982;18.1;7.1
74;2021-04-26;2397;2463;152175;61445;18.4;7.4
74;2021-04-27;3273;2911;155448;64356;18.8;7.8
74;2021-04-28;3464;2637;158912;66993;19.2;8.1
74;2021-04-29;3910;2699;162822;69692;19.7;8.4
74;2021-04-30;4076;2225;166898;71917;20.1;8.7
74;2021-05-01;2122;393;169020;72310;20.4;8.7
74;2021-05-02;205;236;169225;72546;20.4;8.8
74;2021-05-03;2595;3021;171820;75567;20.7;9.1
74;2021-05-04;3218;3114;175038;78681;21.1;9.5
74;2021-05-05;3392;3018;178430;81699;21.5;9.9
74;2021-05-06;3858;2631;182288;84330;22.0;10.2
74;2021-05-07;3595;3546;185883;87876;22.4;10.6
74;2021-05-08;1147;826;187030;88702;22.6;10.7
74;2021-05-09;194;247;187224;88949;22.6;10.7
74;2021-05-10;3468;3146;190692;92095;23.0;11.1
74;2021-05-11;4318;3422;195010;95517;23.5;11.5
74;2021-05-12;5305;2967;200315;98484;24.2;11.9
74;2021-05-13;2362;950;202677;99434;24.5;12.0
74;2021-05-14;5954;2404;208631;101838;25.2;12.3
74;2021-05-15;4517;1853;213148;103691;25.7;12.5
74;2021-05-16;3011;336;216159;104027;26.1;12.6
74;2021-05-17;5398;2893;221557;106920;26.7;12.9
74;2021-05-18;6789;2814;228346;109734;27.6;13.2
74;2021-05-19;6234;2297;234580;112031;28.3;13.5
74;2021-05-20;6646;2557;241226;114588;29.1;13.8
74;2021-05-21;6527;2995;247753;117583;29.9;14.2
74;2021-05-22;5294;1569;253047;119152;30.5;14.4
74;2021-05-23;2052;282;255099;119434;30.8;14.4
74;2021-05-24;2363;661;257462;120095;31.1;14.5
74;2021-05-25;5071;3333;262533;123428;31.7;14.9
74;2021-05-26;5256;2566;267789;125994;32.3;15.2
74;2021-05-27;6004;2980;273793;128974;33.1;15.6
74;2021-05-28;5657;3583;279450;132557;33.7;16.0
74;2021-05-29;3798;2158;283248;134715;34.2;16.3
74;2021-05-30;488;309;283736;135024;34.3;16.3
74;2021-05-31;5073;3551;288809;138575;34.9;16.7
74;2021-06-01;4937;3727;293746;142302;35.5;17.2
74;2021-06-02;5271;3210;299017;145512;36.1;17.6
74;2021-06-03;6897;3248;305914;148760;36.9;18.0
74;2021-06-04;6913;4434;312827;153194;37.8;18.5
74;2021-06-05;4612;2707;317439;155901;38.3;18.8
74;2021-06-06;124;112;317563;156013;38.3;18.8
74;2021-06-07;5031;4145;322594;160158;38.9;19.3
74;2021-06-08;5027;3947;327621;164105;39.5;19.8
74;2021-06-09;5082;3485;332703;167590;40.2;20.2
74;2021-06-10;5125;2874;337828;170464;40.8;20.6
74;2021-06-11;5214;3812;343042;174276;41.4;21.0
74;2021-06-12;3573;2385;346615;176661;41.8;21.3
74;2021-06-13;120;89;346735;176750;41.9;21.3
74;2021-06-14;3599;4482;350334;181232;42.3;21.9
74;2021-06-15;3671;3894;354005;185126;42.7;22.3
74;2021-06-16;4829;3123;358834;188249;43.3;22.7
74;2021-06-17;3821;2952;362655;191201;43.8;23.1
74;2021-06-18;4116;4666;366771;195867;44.3;23.6
74;2021-06-19;2997;3101;369768;198968;44.6;24.0
74;2021-06-20;125;97;369893;199065;44.7;24.0
74;2021-06-21;2387;5423;372280;204488;44.9;24.7
74;2021-06-22;2493;5314;374773;209802;45.2;25.3
74;2021-06-23;2978;4620;377751;214422;45.6;25.9
74;2021-06-24;2866;4626;380617;219048;45.9;26.4
74;2021-06-25;2931;6769;383548;225817;46.3;27.3
74;2021-06-26;1709;5401;385257;231218;46.5;27.9
74;2021-06-27;66;1664;385323;232882;46.5;28.1
74;2021-06-28;1917;7220;387240;240102;46.7;29.0
74;2021-06-29;2301;7429;389541;247531;47.0;29.9
74;2021-06-30;2748;6545;392289;254076;47.4;30.7
74;2021-07-01;3442;5424;395731;259500;47.8;31.3
74;2021-07-02;3121;6640;398852;266140;48.1;32.1
74;2021-07-03;1699;5086;400551;271226;48.4;32.7
74;2021-07-04;82;1022;400633;272248;48.4;32.9
74;2021-07-05;2079;6836;402712;279084;48.6;33.7
74;2021-07-06;2804;6490;405516;285574;49.0;34.5
74;2021-07-07;3097;5448;408613;291022;49.3;35.1
74;2021-07-08;3864;4920;412477;295942;49.8;35.7
74;2021-07-09;2673;6978;415150;302920;50.1;36.6
74;2021-07-10;1626;5132;416776;308052;50.3;37.2
74;2021-07-11;76;142;416852;308194;50.3;37.2
74;2021-07-12;2095;7898;418947;316092;50.6;38.2
74;2021-07-13;3968;7589;422915;323681;51.1;39.1
74;2021-07-14;1968;2239;424883;325920;51.3;39.3
74;2021-07-15;3591;6870;428474;332790;51.7;40.2
74;2021-07-16;4244;7742;432718;340532;52.2;41.1
74;2021-07-17;3005;5330;435723;345862;52.6;41.8
74;2021-07-18;155;155;435878;346017;52.6;41.8
74;2021-07-19;4293;7355;440171;353372;53.1;42.7
74;2021-07-20;5873;6467;446044;359839;53.8;43.4
74;2021-07-21;5630;6673;451674;366512;54.5;44.2
74;2021-07-22;4778;5325;456452;371837;55.1;44.9
74;2021-07-23;6224;6993;462676;378830;55.9;45.7
74;2021-07-24;3156;4314;465832;383144;56.2;46.3
74;2021-07-25;181;171;466013;383315;56.3;46.3
74;2021-07-26;5622;6133;471635;389448;56.9;47.0
74;2021-07-27;6859;5176;478494;394624;57.8;47.6
74;2021-07-28;6666;5102;485160;399726;58.6;48.3
74;2021-07-29;5275;3928;490435;403654;59.2;48.7
74;2021-07-30;6702;5501;497137;409155;60.0;49.4
74;2021-07-31;4378;3123;501515;412278;60.5;49.8
74;2021-08-01;183;148;501698;412426;60.6;49.8
74;2021-08-02;6107;4410;507805;416836;61.3;50.3
74;2021-08-03;5971;3860;513776;420696;62.0;50.8
74;2021-08-04;6312;3506;520088;424202;62.8;51.2
74;2021-08-05;4920;3264;525008;427466;63.4;51.6
74;2021-08-06;5047;4180;530055;431646;64.0;52.1
74;2021-08-07;3204;2900;533259;434546;64.4;52.5
74;2021-08-08;155;134;533414;434680;64.4;52.5
74;2021-08-09;4926;4826;538340;439506;65.0;53.1
74;2021-08-10;4933;4682;543273;444188;65.6;53.6
74;2021-08-11;4376;4890;547649;449078;66.1;54.2
74;2021-08-12;3571;3607;551220;452685;66.5;54.6
74;2021-08-13;3751;4619;554971;457304;67.0;55.2
74;2021-08-14;2175;3342;557146;460646;67.3;55.6
74;2021-08-15;59;101;557205;460747;67.3;55.6
74;2021-08-16;3177;5869;560382;466616;67.6;56.3
74;2021-08-17;3012;5486;563394;472102;68.0;57.0
74;2021-08-18;2983;5455;566377;477557;68.4;57.6
74;2021-08-19;2322;3896;568699;481453;68.6;58.1
74;2021-08-20;2505;5690;571204;487143;69.0;58.8
74;2021-08-21;1195;4267;572399;491410;69.1;59.3
74;2021-08-22;56;136;572455;491546;69.1;59.3
74;2021-08-23;1914;6692;574369;498238;69.3;60.1
74;2021-08-24;2077;5937;576446;504175;69.6;60.9
74;2021-08-25;1882;6293;578328;510468;69.8;61.6
74;2021-08-26;1516;3783;579844;514251;70.0;62.1
74;2021-08-27;1809;5504;581653;519755;70.2;62.7
74;2021-08-28;903;4035;582556;523790;70.3;63.2
74;2021-08-29;54;185;582610;523975;70.3;63.3
74;2021-08-30;1696;5484;584306;529459;70.5;63.9
74;2021-08-31;1620;5117;585926;534576;70.7;64.5
74;2021-09-01;1609;4132;587535;538708;70.9;65.0
74;2021-09-02;1196;3025;588731;541733;71.1;65.4
74;2021-09-03;1449;4173;590180;545906;71.2;65.9
74;2021-09-04;1124;2831;591304;548737;71.4;66.2
74;2021-09-05;48;94;591352;548831;71.4;66.3
74;2021-09-06;1196;3370;592548;552201;71.5;66.7
74;2021-09-07;1010;3047;593558;555248;71.7;67.0
74;2021-09-08;1292;3167;594850;558415;71.8;67.4
74;2021-09-09;1200;2194;596050;560609;72.0;67.7
75;2020-12-27;61;1;61;1;0.0;0.0
75;2020-12-28;57;0;118;1;0.0;0.0
75;2020-12-29;27;0;145;1;0.0;0.0
75;2020-12-30;80;0;225;1;0.0;0.0
75;2020-12-31;40;0;265;1;0.0;0.0
75;2021-01-01;59;3;324;4;0.0;0.0
75;2021-01-02;64;1;388;5;0.0;0.0
75;2021-01-03;104;1;492;6;0.0;0.0
75;2021-01-04;310;1;802;7;0.0;0.0
75;2021-01-05;876;12;1678;19;0.1;0.0
75;2021-01-06;1368;16;3046;35;0.1;0.0
75;2021-01-07;2065;19;5111;54;0.2;0.0
75;2021-01-08;2877;30;7988;84;0.4;0.0
75;2021-01-09;1098;2;9086;86;0.4;0.0
75;2021-01-10;1099;4;10185;90;0.5;0.0
75;2021-01-11;3106;47;13291;137;0.6;0.0
75;2021-01-12;3486;51;16777;188;0.8;0.0
75;2021-01-13;3568;43;20345;231;0.9;0.0
75;2021-01-14;3757;60;24102;291;1.1;0.0
75;2021-01-15;3327;47;27429;338;1.3;0.0
75;2021-01-16;1141;15;28570;353;1.3;0.0
75;2021-01-17;558;14;29128;367;1.4;0.0
75;2021-01-18;3283;72;32411;439;1.5;0.0
75;2021-01-19;3867;47;36278;486;1.7;0.0
75;2021-01-20;4423;58;40701;544;1.9;0.0
75;2021-01-21;4933;72;45634;616;2.1;0.0
75;2021-01-22;4597;76;50231;692;2.3;0.0
75;2021-01-23;1760;12;51991;704;2.4;0.0
75;2021-01-24;753;7;52744;711;2.5;0.0
75;2021-01-25;1734;25;54478;736;2.5;0.0
75;2021-01-26;2560;82;57038;818;2.7;0.0
75;2021-01-27;3160;161;60198;979;2.8;0.0
75;2021-01-28;4776;251;64974;1230;3.0;0.1
75;2021-01-29;4054;246;69028;1476;3.2;0.1
75;2021-01-30;1355;25;70383;1501;3.3;0.1
75;2021-01-31;222;3;70605;1504;3.3;0.1
75;2021-02-01;1620;350;72225;1854;3.4;0.1
75;2021-02-02;2141;592;74366;2446;3.5;0.1
75;2021-02-03;1884;642;76250;3088;3.5;0.1
75;2021-02-04;2147;1057;78397;4145;3.6;0.2
75;2021-02-05;2220;786;80617;4931;3.8;0.2
75;2021-02-06;1122;74;81739;5005;3.8;0.2
75;2021-02-07;176;6;81915;5011;3.8;0.2
75;2021-02-08;1259;1314;83174;6325;3.9;0.3
75;2021-02-09;1791;2266;84965;8591;4.0;0.4
75;2021-02-10;2423;2277;87388;10868;4.1;0.5
75;2021-02-11;2941;5237;90329;16105;4.2;0.7
75;2021-02-12;3128;2277;93457;18382;4.4;0.9
75;2021-02-13;850;869;94307;19251;4.4;0.9
75;2021-02-14;207;39;94514;19290;4.4;0.9
75;2021-02-15;1006;2018;95520;21308;4.4;1.0
75;2021-02-16;1457;5429;96977;26737;4.5;1.2
75;2021-02-17;1330;2613;98307;29350;4.6;1.4
75;2021-02-18;1765;4940;100072;34290;4.7;1.6
75;2021-02-19;2221;3469;102293;37759;4.8;1.8
75;2021-02-20;479;1375;102772;39134;4.8;1.8
75;2021-02-21;199;128;102971;39262;4.8;1.8
75;2021-02-22;1224;1584;104195;40846;4.9;1.9
75;2021-02-23;1454;2155;105649;43001;4.9;2.0
75;2021-02-24;1689;1878;107338;44879;5.0;2.1
75;2021-02-25;2781;4540;110119;49419;5.1;2.3
75;2021-02-26;3376;2204;113495;51623;5.3;2.4
75;2021-02-27;1406;759;114901;52382;5.3;2.4
75;2021-02-28;324;107;115225;52489;5.4;2.4
75;2021-03-01;2594;1421;117819;53910;5.5;2.5
75;2021-03-02;4179;1846;121998;55756;5.7;2.6
75;2021-03-03;5432;2010;127430;57766;5.9;2.7
75;2021-03-04;8049;2293;135479;60059;6.3;2.8
75;2021-03-05;10569;2428;146048;62487;6.8;2.9
75;2021-03-06;11079;1004;157127;63491;7.3;3.0
75;2021-03-07;9512;1438;166639;64929;7.8;3.0
75;2021-03-08;5903;1470;172542;66399;8.0;3.1
75;2021-03-09;7520;2033;180062;68432;8.4;3.2
75;2021-03-10;7508;2081;187570;70513;8.7;3.3
75;2021-03-11;10341;2487;197911;73000;9.2;3.4
75;2021-03-12;12063;2531;209974;75531;9.8;3.5
75;2021-03-13;8550;773;218524;76304;10.2;3.6
75;2021-03-14;4166;257;222690;76561;10.4;3.6
75;2021-03-15;7461;974;230151;77535;10.7;3.6
75;2021-03-16;5149;684;235300;78219;11.0;3.6
75;2021-03-17;5428;831;240728;79050;11.2;3.7
75;2021-03-18;6620;857;247348;79907;11.5;3.7
75;2021-03-19;9756;990;257104;80897;12.0;3.8
75;2021-03-20;5942;606;263046;81503;12.2;3.8
75;2021-03-21;1590;431;264636;81934;12.3;3.8
75;2021-03-22;8649;1016;273285;82950;12.7;3.9
75;2021-03-23;10960;1261;284245;84211;13.2;3.9
75;2021-03-24;11001;1329;295246;85540;13.7;4.0
75;2021-03-25;14211;1537;309457;87077;14.4;4.1
75;2021-03-26;13976;1705;323433;88782;15.1;4.1
75;2021-03-27;7285;771;330718;89553;15.4;4.2
75;2021-03-28;1783;149;332501;89702;15.5;4.2
75;2021-03-29;7972;2187;340473;91889;15.8;4.3
75;2021-03-30;10940;3221;351413;95110;16.4;4.4
75;2021-03-31;9747;3587;361160;98697;16.8;4.6
75;2021-04-01;10699;5186;371859;103883;17.3;4.8
75;2021-04-02;9059;5550;380918;109433;17.7;5.1
75;2021-04-03;4119;4867;385037;114300;17.9;5.3
75;2021-04-04;1418;1463;386455;115763;18.0;5.4
75;2021-04-05;2247;1347;388702;117110;18.1;5.5
75;2021-04-06;6910;4268;395612;121378;18.4;5.7
75;2021-04-07;8089;4390;403701;125768;18.8;5.9
75;2021-04-08;11085;4175;414786;129943;19.3;6.0
75;2021-04-09;12209;4623;426995;134566;19.9;6.3
75;2021-04-10;5845;4246;432840;138812;20.1;6.5
75;2021-04-11;1943;1790;434783;140602;20.2;6.5
75;2021-04-12;7480;3791;442263;144393;20.6;6.7
75;2021-04-13;8571;6803;450834;151196;21.0;7.0
75;2021-04-14;8291;5214;459125;156410;21.4;7.3
75;2021-04-15;8906;6127;468031;162537;21.8;7.6
75;2021-04-16;9386;6106;477417;168643;22.2;7.9
75;2021-04-17;4820;3641;482237;172284;22.4;8.0
75;2021-04-18;1670;877;483907;173161;22.5;8.1
75;2021-04-19;5584;4944;489491;178105;22.8;8.3
75;2021-04-20;6471;5953;495962;184058;23.1;8.6
75;2021-04-21;6875;5571;502837;189629;23.4;8.8
75;2021-04-22;7545;5906;510382;195535;23.8;9.1
75;2021-04-23;8635;6401;519017;201936;24.2;9.4
75;2021-04-24;6177;3349;525194;205285;24.4;9.6
75;2021-04-25;2967;760;528161;206045;24.6;9.6
75;2021-04-26;7032;4715;535193;210760;24.9;9.8
75;2021-04-27;10600;6405;545793;217165;25.4;10.1
75;2021-04-28;12201;6004;557994;223169;26.0;10.4
75;2021-04-29;13764;6320;571758;229489;26.6;10.7
75;2021-04-30;13666;6167;585424;235656;27.3;11.0
75;2021-05-01;5078;1327;590502;236983;27.5;11.0
75;2021-05-02;2384;792;592886;237775;27.6;11.1
75;2021-05-03;10292;13459;603178;251234;28.1;11.7
75;2021-05-04;11189;8071;614367;259305;28.6;12.1
75;2021-05-05;13569;6702;627936;266007;29.2;12.4
75;2021-05-06;14006;8180;641942;274187;29.9;12.8
75;2021-05-07;13975;8575;655917;282762;30.5;13.2
75;2021-05-08;10086;5506;666003;288268;31.0;13.4
75;2021-05-09;3821;3185;669824;291453;31.2;13.6
75;2021-05-10;14298;6717;684122;298170;31.8;13.9
75;2021-05-11;16848;8405;700970;306575;32.6;14.3
75;2021-05-12;17960;8145;718930;314720;33.5;14.6
75;2021-05-13;13638;2495;732568;317215;34.1;14.8
75;2021-05-14;18392;5129;750960;322344;35.0;15.0
75;2021-05-15;12316;2650;763276;324994;35.5;15.1
75;2021-05-16;3857;759;767133;325753;35.7;15.2
75;2021-05-17;16006;4647;783139;330400;36.5;15.4
75;2021-05-18;19160;5322;802299;335722;37.3;15.6
75;2021-05-19;20728;10713;823027;346435;38.3;16.1
75;2021-05-20;21587;8666;844614;355101;39.3;16.5
75;2021-05-21;21037;6552;865651;361653;40.3;16.8
75;2021-05-22;15921;3304;881572;364957;41.0;17.0
75;2021-05-23;5635;1335;887207;366292;41.3;17.1
75;2021-05-24;15643;2558;902850;368850;42.0;17.2
75;2021-05-25;18034;9574;920884;378424;42.9;17.6
75;2021-05-26;18887;8194;939771;386618;43.7;18.0
75;2021-05-27;20151;9799;959922;396417;44.7;18.5
75;2021-05-28;19351;10836;979273;407253;45.6;19.0
75;2021-05-29;16122;5839;995395;413092;46.3;19.2
75;2021-05-30;7042;2160;1002437;415252;46.7;19.3
75;2021-05-31;18102;9445;1020539;424697;47.5;19.8
75;2021-06-01;18710;12971;1039249;437668;48.4;20.4
75;2021-06-02;18128;10298;1057377;447966;49.2;20.9
75;2021-06-03;20285;11966;1077662;459932;50.2;21.4
75;2021-06-04;18136;12844;1095798;472776;51.0;22.0
75;2021-06-05;11996;9614;1107794;482390;51.6;22.5
75;2021-06-06;6732;3157;1114526;485547;51.9;22.6
75;2021-06-07;13911;11829;1128437;497376;52.5;23.2
75;2021-06-08;14808;13970;1143245;511346;53.2;23.8
75;2021-06-09;16523;15234;1159768;526580;54.0;24.5
75;2021-06-10;18380;26305;1178148;552885;54.8;25.7
75;2021-06-11;15333;16470;1193481;569355;55.6;26.5
75;2021-06-12;13297;10002;1206778;579357;56.2;27.0
75;2021-06-13;6279;3795;1213057;583152;56.5;27.1
75;2021-06-14;11840;15401;1224897;598553;57.0;27.9
75;2021-06-15;12744;19554;1237641;618107;57.6;28.8
75;2021-06-16;12215;17245;1249856;635352;58.2;29.6
75;2021-06-17;12666;17681;1262522;653033;58.8;30.4
75;2021-06-18;11287;22612;1273809;675645;59.3;31.5
75;2021-06-19;7541;11825;1281350;687470;59.6;32.0
75;2021-06-20;2824;5480;1284174;692950;59.8;32.3
75;2021-06-21;8520;16337;1292694;709287;60.2;33.0
75;2021-06-22;8814;21801;1301508;731088;60.6;34.0
75;2021-06-23;10321;21436;1311829;752524;61.1;35.0
75;2021-06-24;11319;20642;1323148;773166;61.6;36.0
75;2021-06-25;9878;24692;1333026;797858;62.1;37.1
75;2021-06-26;7949;15428;1340975;813286;62.4;37.9
75;2021-06-27;2703;6329;1343678;819615;62.5;38.2
75;2021-06-28;8478;20149;1352156;839764;62.9;39.1
75;2021-06-29;9352;23834;1361508;863598;63.4;40.2
75;2021-06-30;10209;23628;1371717;887226;63.9;41.3
75;2021-07-01;11462;23521;1383179;910747;64.4;42.4
75;2021-07-02;10899;24781;1394078;935528;64.9;43.5
75;2021-07-03;7830;19813;1401908;955341;65.3;44.5
75;2021-07-04;3914;9557;1405822;964898;65.4;44.9
75;2021-07-05;9342;21586;1415164;986484;65.9;45.9
75;2021-07-06;10167;24011;1425331;1010495;66.3;47.0
75;2021-07-07;10155;25095;1435486;1035590;66.8;48.2
75;2021-07-08;10664;25015;1446150;1060605;67.3;49.4
75;2021-07-09;10796;24039;1456946;1084644;67.8;50.5
75;2021-07-10;7940;18509;1464886;1103153;68.2;51.4
75;2021-07-11;4352;8535;1469238;1111688;68.4;51.7
75;2021-07-12;9837;23090;1479075;1134778;68.8;52.8
75;2021-07-13;14350;24819;1493425;1159597;69.5;54.0
75;2021-07-14;8303;9724;1501728;1169321;69.9;54.4
75;2021-07-15;15255;25669;1516983;1194990;70.6;55.6
75;2021-07-16;15770;22156;1532753;1217146;71.3;56.7
75;2021-07-17;12057;16908;1544810;1234054;71.9;57.4
75;2021-07-18;6281;6842;1551091;1240896;72.2;57.8
75;2021-07-19;14398;21313;1565489;1262209;72.9;58.8
75;2021-07-20;16071;21900;1581560;1284109;73.6;59.8
75;2021-07-21;15692;20718;1597252;1304827;74.4;60.7
75;2021-07-22;17145;20088;1614397;1324915;75.1;61.7
75;2021-07-23;17115;19113;1631512;1344028;75.9;62.6
75;2021-07-24;11204;14076;1642716;1358104;76.5;63.2
75;2021-07-25;5012;5076;1647728;1363180;76.7;63.5
75;2021-07-26;15184;16888;1662912;1380068;77.4;64.2
75;2021-07-27;18127;16657;1681039;1396725;78.3;65.0
75;2021-07-28;17133;15488;1698172;1412213;79.0;65.7
75;2021-07-29;16758;15098;1714930;1427311;79.8;66.4
75;2021-07-30;16315;14339;1731245;1441650;80.6;67.1
75;2021-07-31;9343;9862;1740588;1451512;81.0;67.6
75;2021-08-01;3666;3304;1744254;1454816;81.2;67.7
75;2021-08-02;10763;11999;1755017;1466815;81.7;68.3
75;2021-08-03;11069;10832;1766086;1477647;82.2;68.8
75;2021-08-04;9635;9506;1775721;1487153;82.7;69.2
75;2021-08-05;8664;9544;1784385;1496697;83.1;69.7
75;2021-08-06;8155;9986;1792540;1506683;83.4;70.1
75;2021-08-07;5684;7148;1798224;1513831;83.7;70.5
75;2021-08-08;1938;3277;1800162;1517108;83.8;70.6
75;2021-08-09;8477;11468;1808639;1528576;84.2;71.2
75;2021-08-10;9042;11576;1817681;1540152;84.6;71.7
75;2021-08-11;7699;10136;1825380;1550288;85.0;72.2
75;2021-08-12;6830;10635;1832210;1560923;85.3;72.7
75;2021-08-13;6134;8921;1838344;1569844;85.6;73.1
75;2021-08-14;4083;7198;1842427;1577042;85.8;73.4
75;2021-08-15;972;1933;1843399;1578975;85.8;73.5
75;2021-08-16;6051;14037;1849450;1593012;86.1;74.2
75;2021-08-17;5751;13597;1855201;1606609;86.4;74.8
75;2021-08-18;4962;12003;1860163;1618612;86.6;75.3
75;2021-08-19;4711;12682;1864874;1631294;86.8;75.9
75;2021-08-20;4452;11776;1869326;1643070;87.0;76.5
75;2021-08-21;3141;8806;1872467;1651876;87.2;76.9
75;2021-08-22;984;3159;1873451;1655035;87.2;77.0
75;2021-08-23;4838;15305;1878289;1670340;87.4;77.8
75;2021-08-24;4745;14532;1883034;1684872;87.7;78.4
75;2021-08-25;4426;12315;1887460;1697187;87.9;79.0
75;2021-08-26;3994;10267;1891454;1707454;88.0;79.5
75;2021-08-27;4390;11657;1895844;1719111;88.2;80.0
75;2021-08-28;3009;8284;1898853;1727395;88.4;80.4
75;2021-08-29;747;2012;1899600;1729407;88.4;80.5
75;2021-08-30;4461;14653;1904061;1744060;88.6;81.2
75;2021-08-31;4318;13765;1908379;1757825;88.8;81.8
75;2021-09-01;3841;11366;1912220;1769191;89.0;82.4
75;2021-09-02;3163;9600;1915383;1778791;89.2;82.8
75;2021-09-03;3624;10388;1919007;1789179;89.3;83.3
75;2021-09-04;3521;8894;1922528;1798073;89.5;83.7
75;2021-09-05;683;1703;1923211;1799776;89.5;83.8
75;2021-09-06;2525;8072;1925736;1807848;89.6;84.2
75;2021-09-07;2268;7346;1928004;1815194;89.7;84.5
75;2021-09-08;2474;7291;1930478;1822485;89.9;84.8
75;2021-09-09;2282;6767;1932760;1829252;90.0;85.1
76;2020-12-27;0;0;0;0;0.0;0.0
76;2020-12-28;1;0;1;0;0.0;0.0
76;2020-12-29;0;0;1;0;0.0;0.0
76;2020-12-30;0;0;1;0;0.0;0.0
76;2020-12-31;0;0;1;0;0.0;0.0
76;2021-01-01;0;0;1;0;0.0;0.0
76;2021-01-02;0;0;1;0;0.0;0.0
76;2021-01-03;0;0;1;0;0.0;0.0
76;2021-01-04;17;0;18;0;0.0;0.0
76;2021-01-05;138;0;156;0;0.0;0.0
76;2021-01-06;682;2;838;2;0.1;0.0
76;2021-01-07;1354;7;2192;9;0.2;0.0
76;2021-01-08;1536;2;3728;11;0.3;0.0
76;2021-01-09;736;2;4464;13;0.4;0.0
76;2021-01-10;492;1;4956;14;0.4;0.0
76;2021-01-11;1359;2;6315;16;0.5;0.0
76;2021-01-12;1359;2;7674;18;0.6;0.0
76;2021-01-13;1187;4;8861;22;0.7;0.0
76;2021-01-14;2176;24;11037;46;0.9;0.0
76;2021-01-15;1911;9;12948;55;1.0;0.0
76;2021-01-16;990;7;13938;62;1.1;0.0
76;2021-01-17;2898;19;16836;81;1.4;0.0
76;2021-01-18;4399;16;21235;97;1.7;0.0
76;2021-01-19;3016;8;24251;105;1.9;0.0
76;2021-01-20;2071;7;26322;112;2.1;0.0
76;2021-01-21;1773;4;28095;116;2.3;0.0
76;2021-01-22;1706;4;29801;120;2.4;0.0
76;2021-01-23;450;2;30251;122;2.4;0.0
76;2021-01-24;99;0;30350;122;2.4;0.0
76;2021-01-25;1474;136;31824;258;2.6;0.0
76;2021-01-26;1392;327;33216;585;2.7;0.0
76;2021-01-27;1342;416;34558;1001;2.8;0.1
76;2021-01-28;1285;371;35843;1372;2.9;0.1
76;2021-01-29;1155;441;36998;1813;3.0;0.1
76;2021-01-30;283;283;37281;2096;3.0;0.2
76;2021-01-31;4;94;37285;2190;3.0;0.2
76;2021-02-01;841;769;38126;2959;3.1;0.2
76;2021-02-02;1056;970;39182;3929;3.2;0.3
76;2021-02-03;920;946;40102;4875;3.2;0.4
76;2021-02-04;976;1388;41078;6263;3.3;0.5
76;2021-02-05;975;1059;42053;7322;3.4;0.6
76;2021-02-06;261;840;42314;8162;3.4;0.7
76;2021-02-07;468;1621;42782;9783;3.4;0.8
76;2021-02-08;1923;3540;44705;13323;3.6;1.1
76;2021-02-09;1756;2797;46461;16120;3.7;1.3
76;2021-02-10;1489;1680;47950;17800;3.9;1.4
76;2021-02-11;1676;1397;49626;19197;4.0;1.5
76;2021-02-12;1704;1438;51330;20635;4.1;1.7
76;2021-02-13;230;298;51560;20933;4.1;1.7
76;2021-02-14;9;81;51569;21014;4.1;1.7
76;2021-02-15;554;1489;52123;22503;4.2;1.8
76;2021-02-16;741;1441;52864;23944;4.3;1.9
76;2021-02-17;625;1211;53489;25155;4.3;2.0
76;2021-02-18;780;1166;54269;26321;4.4;2.1
76;2021-02-19;869;1136;55138;27457;4.4;2.2
76;2021-02-20;270;256;55408;27713;4.5;2.2
76;2021-02-21;0;0;55408;27713;4.5;2.2
76;2021-02-22;371;1060;55779;28773;4.5;2.3
76;2021-02-23;575;1024;56354;29797;4.5;2.4
76;2021-02-24;599;1007;56953;30804;4.6;2.5
76;2021-02-25;1664;1078;58617;31882;4.7;2.6
76;2021-02-26;2171;902;60788;32784;4.9;2.6
76;2021-02-27;1108;256;61896;33040;5.0;2.7
76;2021-02-28;27;186;61923;33226;5.0;2.7
76;2021-03-01;828;1886;62751;35112;5.0;2.8
76;2021-03-02;1382;1550;64133;36662;5.2;2.9
76;2021-03-03;1942;1262;66075;37924;5.3;3.0
76;2021-03-04;2819;1009;68894;38933;5.5;3.1
76;2021-03-05;4183;769;73077;39702;5.9;3.2
76;2021-03-06;3365;156;76442;39858;6.1;3.2
76;2021-03-07;1257;33;77699;39891;6.2;3.2
76;2021-03-08;2102;1196;79801;41087;6.4;3.3
76;2021-03-09;3575;1111;83376;42198;6.7;3.4
76;2021-03-10;3593;1043;86969;43241;7.0;3.5
76;2021-03-11;5633;926;92602;44167;7.4;3.6
76;2021-03-12;6829;595;99431;44762;8.0;3.6
76;2021-03-13;4647;151;104078;44913;8.4;3.6
76;2021-03-14;1068;28;105146;44941;8.5;3.6
76;2021-03-15;2919;235;108065;45176;8.7;3.6
76;2021-03-16;2557;397;110622;45573;8.9;3.7
76;2021-03-17;2697;312;113319;45885;9.1;3.7
76;2021-03-18;3003;306;116322;46191;9.4;3.7
76;2021-03-19;4397;430;120719;46621;9.7;3.7
76;2021-03-20;3974;292;124693;46913;10.0;3.8
76;2021-03-21;838;16;125531;46929;10.1;3.8
76;2021-03-22;3992;347;129523;47276;10.4;3.8
76;2021-03-23;5711;353;135234;47629;10.9;3.8
76;2021-03-24;5701;395;140935;48024;11.3;3.9
76;2021-03-25;7508;574;148443;48598;11.9;3.9
76;2021-03-26;8722;591;157165;49189;12.6;4.0
76;2021-03-27;4810;387;161975;49576;13.0;4.0
76;2021-03-28;1021;32;162996;49608;13.1;4.0
76;2021-03-29;5390;827;168386;50435;13.5;4.1
76;2021-03-30;6586;1059;174972;51494;14.1;4.1
76;2021-03-31;6448;1258;181420;52752;14.6;4.2
76;2021-04-01;6787;2013;188207;54765;15.1;4.4
76;2021-04-02;6487;2678;194694;57443;15.7;4.6
76;2021-04-03;2442;1079;197136;58522;15.8;4.7
76;2021-04-04;264;10;197400;58532;15.9;4.7
76;2021-04-05;868;379;198268;58911;15.9;4.7
76;2021-04-06;3558;2786;201826;61697;16.2;5.0
76;2021-04-07;4417;2396;206243;64093;16.6;5.2
76;2021-04-08;5841;2786;212084;66879;17.1;5.4
76;2021-04-09;8806;3067;220890;69946;17.8;5.6
76;2021-04-10;4877;1422;225767;71368;18.2;5.7
76;2021-04-11;814;533;226581;71901;18.2;5.8
76;2021-04-12;4726;2844;231307;74745;18.6;6.0
76;2021-04-13;5929;2858;237236;77603;19.1;6.2
76;2021-04-14;4803;3128;242039;80731;19.5;6.5
76;2021-04-15;5564;3355;247603;84086;19.9;6.8
76;2021-04-16;7353;3442;254956;87528;20.5;7.0
76;2021-04-17;4388;1431;259344;88959;20.9;7.2
76;2021-04-18;339;140;259683;89099;20.9;7.2
76;2021-04-19;3478;3770;263161;92869;21.2;7.5
76;2021-04-20;4343;4277;267504;97146;21.5;7.8
76;2021-04-21;4193;4691;271697;101837;21.8;8.2
76;2021-04-22;4562;5438;276259;107275;22.2;8.6
76;2021-04-23;5440;5965;281699;113240;22.6;9.1
76;2021-04-24;4165;2196;285864;115436;23.0;9.3
76;2021-04-25;894;268;286758;115704;23.1;9.3
76;2021-04-26;4484;4473;291242;120177;23.4;9.7
76;2021-04-27;4998;4990;296240;125167;23.8;10.1
76;2021-04-28;5349;4163;301589;129330;24.2;10.4
76;2021-04-29;6926;4158;308515;133488;24.8;10.7
76;2021-04-30;8219;4627;316734;138115;25.5;11.1
76;2021-05-01;4828;1012;321562;139127;25.9;11.2
76;2021-05-02;1843;264;323405;139391;26.0;11.2
76;2021-05-03;4703;3306;328108;142697;26.4;11.5
76;2021-05-04;4823;4544;332931;147241;26.8;11.8
76;2021-05-05;4784;5176;337715;152417;27.2;12.3
76;2021-05-06;5923;5575;343638;157992;27.6;12.7
76;2021-05-07;6138;6757;349776;164749;28.1;13.2
76;2021-05-08;5056;909;354832;165658;28.5;13.3
76;2021-05-09;2539;235;357371;165893;28.7;13.3
76;2021-05-10;4947;5066;362318;170959;29.1;13.7
76;2021-05-11;6518;5676;368836;176635;29.7;14.2
76;2021-05-12;6264;5085;375100;181720;30.2;14.6
76;2021-05-13;8846;1284;383946;183004;30.9;14.7
76;2021-05-14;10418;4661;394364;187665;31.7;15.1
76;2021-05-15;9120;2454;403484;190119;32.4;15.3
76;2021-05-16;6234;479;409718;190598;32.9;15.3
76;2021-05-17;7227;3275;416945;193873;33.5;15.6
76;2021-05-18;8304;2817;425249;196690;34.2;15.8
76;2021-05-19;8403;3203;433652;199893;34.9;16.1
76;2021-05-20;9651;3431;443303;203324;35.6;16.3
76;2021-05-21;8369;4092;451672;207416;36.3;16.7
76;2021-05-22;7167;2360;458839;209776;36.9;16.9
76;2021-05-23;6390;415;465229;210191;37.4;16.9
76;2021-05-24;6865;1527;472094;211718;38.0;17.0
76;2021-05-25;8026;4087;480120;215805;38.6;17.4
76;2021-05-26;7574;3607;487694;219412;39.2;17.6
76;2021-05-27;8344;4704;496038;224116;39.9;18.0
76;2021-05-28;8233;6554;504271;230670;40.5;18.5
76;2021-05-29;6225;3513;510496;234183;41.0;18.8
76;2021-05-30;3148;430;513644;234613;41.3;18.9
76;2021-05-31;8169;3958;521813;238571;42.0;19.2
76;2021-06-01;9213;5023;531026;243594;42.7;19.6
76;2021-06-02;7933;4443;538959;248037;43.3;19.9
76;2021-06-03;9540;5403;548499;253440;44.1;20.4
76;2021-06-04;9245;6683;557744;260123;44.8;20.9
76;2021-06-05;6289;3809;564033;263932;45.3;21.2
76;2021-06-06;2555;649;566588;264581;45.6;21.3
76;2021-06-07;6982;5450;573570;270031;46.1;21.7
76;2021-06-08;8659;6276;582229;276307;46.8;22.2
76;2021-06-09;7212;6079;589441;282386;47.4;22.7
76;2021-06-10;7995;6563;597436;288949;48.0;23.2
76;2021-06-11;7581;8233;605017;297182;48.6;23.9
76;2021-06-12;7167;5878;612184;303060;49.2;24.4
76;2021-06-13;2963;1296;615147;304356;49.5;24.5
76;2021-06-14;6490;6728;621637;311084;50.0;25.0
76;2021-06-15;6298;7472;627935;318556;50.5;25.6
76;2021-06-16;6655;7483;634590;326039;51.0;26.2
76;2021-06-17;7012;7759;641602;333798;51.6;26.8
76;2021-06-18;7689;9239;649291;343037;52.2;27.6
76;2021-06-19;5986;6262;655277;349299;52.7;28.1
76;2021-06-20;2811;1817;658088;351116;52.9;28.2
76;2021-06-21;5591;8175;663679;359291;53.4;28.9
76;2021-06-22;4925;9875;668604;369166;53.8;29.7
76;2021-06-23;4731;9435;673335;378601;54.1;30.4
76;2021-06-24;4798;9922;678133;388523;54.5;31.2
76;2021-06-25;5225;11579;683358;400102;54.9;32.2
76;2021-06-26;3454;7877;686812;407979;55.2;32.8
76;2021-06-27;1367;5164;688179;413143;55.3;33.2
76;2021-06-28;3614;9946;691793;423089;55.6;34.0
76;2021-06-29;3876;10226;695669;433315;55.9;34.8
76;2021-06-30;4271;9843;699940;443158;56.3;35.6
76;2021-07-01;4598;9912;704538;453070;56.6;36.4
76;2021-07-02;4370;12006;708908;465076;57.0;37.4
76;2021-07-03;3586;8450;712494;473526;57.3;38.1
76;2021-07-04;1487;5306;713981;478832;57.4;38.5
76;2021-07-05;3957;9332;717938;488164;57.7;39.2
76;2021-07-06;4056;10075;721994;498239;58.0;40.1
76;2021-07-07;4014;9329;726008;507568;58.4;40.8
76;2021-07-08;4466;9454;730474;517022;58.7;41.6
76;2021-07-09;4367;12406;734841;529428;59.1;42.6
76;2021-07-10;3138;8548;737979;537976;59.3;43.3
76;2021-07-11;1777;2821;739756;540797;59.5;43.5
76;2021-07-12;3158;11149;742914;551946;59.7;44.4
76;2021-07-13;4935;12258;747849;564204;60.1;45.4
76;2021-07-14;4805;5544;752654;569748;60.5;45.8
76;2021-07-15;5915;11788;758569;581536;61.0;46.8
76;2021-07-16;6721;12014;765290;593550;61.5;47.7
76;2021-07-17;5280;8709;770570;602259;62.0;48.4
76;2021-07-18;2258;3358;772828;605617;62.1;48.7
76;2021-07-19;5162;11151;777990;616768;62.6;49.6
76;2021-07-20;6278;11621;784268;628389;63.1;50.5
76;2021-07-21;6343;10566;790611;638955;63.6;51.4
76;2021-07-22;8241;9653;798852;648608;64.2;52.1
76;2021-07-23;7644;11998;806496;660606;64.8;53.1
76;2021-07-24;4993;7719;811489;668325;65.2;53.7
76;2021-07-25;2873;3142;814362;671467;65.5;54.0
76;2021-07-26;5440;10148;819802;681615;65.9;54.8
76;2021-07-27;8341;9557;828143;691172;66.6;55.6
76;2021-07-28;8270;7824;836413;698996;67.2;56.2
76;2021-07-29;9590;6984;846003;705980;68.0;56.8
76;2021-07-30;8015;7843;854018;713823;68.7;57.4
76;2021-07-31;6616;5330;860634;719153;69.2;57.8
76;2021-08-01;3863;2084;864497;721237;69.5;58.0
76;2021-08-02;6561;7091;871058;728328;70.0;58.6
76;2021-08-03;7975;6359;879033;734687;70.7;59.1
76;2021-08-04;7253;5841;886286;740528;71.3;59.5
76;2021-08-05;8099;5724;894385;746252;71.9;60.0
76;2021-08-06;6809;6871;901194;753123;72.5;60.6
76;2021-08-07;4790;4382;905984;757505;72.8;60.9
76;2021-08-08;2408;2157;908392;759662;73.0;61.1
76;2021-08-09;5640;6741;914032;766403;73.5;61.6
76;2021-08-10;6347;6553;920379;772956;74.0;62.1
76;2021-08-11;6452;5495;926831;778451;74.5;62.6
76;2021-08-12;6036;6063;932867;784514;75.0;63.1
76;2021-08-13;5050;6204;937917;790718;75.4;63.6
76;2021-08-14;3835;4595;941752;795313;75.7;63.9
76;2021-08-15;1576;2353;943328;797666;75.8;64.1
76;2021-08-16;3619;6718;946947;804384;76.1;64.7
76;2021-08-17;3902;6942;950849;811326;76.4;65.2
76;2021-08-18;3730;6740;954579;818066;76.7;65.8
76;2021-08-19;3366;7169;957945;825235;77.0;66.3
76;2021-08-20;3418;7829;961363;833064;77.3;67.0
76;2021-08-21;1814;4216;963177;837280;77.4;67.3
76;2021-08-22;865;3293;964042;840573;77.5;67.6
76;2021-08-23;2613;7757;966655;848330;77.7;68.2
76;2021-08-24;2813;7584;969468;855914;77.9;68.8
76;2021-08-25;2619;7075;972087;862989;78.2;69.4
76;2021-08-26;2066;5796;974153;868785;78.3;69.8
76;2021-08-27;2683;7945;976836;876730;78.5;70.5
76;2021-08-28;2131;6061;978967;882791;78.7;71.0
76;2021-08-29;693;3007;979660;885798;78.8;71.2
76;2021-08-30;2161;7438;981821;893236;78.9;71.8
76;2021-08-31;1938;7331;983759;900567;79.1;72.4
76;2021-09-01;1712;6884;985471;907451;79.2;73.0
76;2021-09-02;1303;4929;986774;912380;79.3;73.4
76;2021-09-03;1587;7151;988361;919531;79.5;73.9
76;2021-09-04;1606;6315;989967;925846;79.6;74.4
76;2021-09-05;631;1929;990598;927775;79.6;74.6
76;2021-09-06;1259;5010;991857;932785;79.7;75.0
76;2021-09-07;1154;4344;993011;937129;79.8;75.3
76;2021-09-08;1260;5033;994271;942162;79.9;75.7
76;2021-09-09;1076;3506;995347;945668;80.0;76.0
77;2020-12-27;1;0;1;0;0.0;0.0
77;2020-12-28;1;0;2;0;0.0;0.0
77;2020-12-29;0;0;2;0;0.0;0.0
77;2020-12-30;0;0;2;0;0.0;0.0
77;2020-12-31;0;0;2;0;0.0;0.0
77;2021-01-01;4;0;6;0;0.0;0.0
77;2021-01-02;2;0;8;0;0.0;0.0
77;2021-01-03;0;0;8;0;0.0;0.0
77;2021-01-04;7;0;15;0;0.0;0.0
77;2021-01-05;199;0;214;0;0.0;0.0
77;2021-01-06;235;2;449;2;0.0;0.0
77;2021-01-07;521;4;970;6;0.1;0.0
77;2021-01-08;621;0;1591;6;0.1;0.0
77;2021-01-09;273;1;1864;7;0.1;0.0
77;2021-01-10;235;2;2099;9;0.1;0.0
77;2021-01-11;783;3;2882;12;0.2;0.0
77;2021-01-12;884;1;3766;13;0.3;0.0
77;2021-01-13;941;2;4707;15;0.3;0.0
77;2021-01-14;850;7;5557;22;0.4;0.0
77;2021-01-15;859;10;6416;32;0.5;0.0
77;2021-01-16;168;1;6584;33;0.5;0.0
77;2021-01-17;132;2;6716;35;0.5;0.0
77;2021-01-18;1194;4;7910;39;0.6;0.0
77;2021-01-19;1722;21;9632;60;0.7;0.0
77;2021-01-20;2541;7;12173;67;0.9;0.0
77;2021-01-21;2057;26;14230;93;1.0;0.0
77;2021-01-22;1148;8;15378;101;1.1;0.0
77;2021-01-23;350;0;15728;101;1.1;0.0
77;2021-01-24;44;0;15772;101;1.1;0.0
77;2021-01-25;941;22;16713;123;1.2;0.0
77;2021-01-26;1713;24;18426;147;1.3;0.0
77;2021-01-27;1363;23;19789;170;1.4;0.0
77;2021-01-28;1698;90;21487;260;1.5;0.0
77;2021-01-29;1289;139;22776;399;1.6;0.0
77;2021-01-30;211;2;22987;401;1.6;0.0
77;2021-01-31;1;0;22988;401;1.6;0.0
77;2021-02-01;569;198;23557;599;1.7;0.0
77;2021-02-02;871;250;24428;849;1.7;0.1
77;2021-02-03;795;502;25223;1351;1.8;0.1
77;2021-02-04;789;781;26012;2132;1.8;0.1
77;2021-02-05;857;785;26869;2917;1.9;0.2
77;2021-02-06;165;98;27034;3015;1.9;0.2
77;2021-02-07;17;89;27051;3104;1.9;0.2
77;2021-02-08;498;841;27549;3945;1.9;0.3
77;2021-02-09;590;1375;28139;5320;2.0;0.4
77;2021-02-10;1029;1746;29168;7066;2.0;0.5
77;2021-02-11;1060;1555;30228;8621;2.1;0.6
77;2021-02-12;1098;1095;31326;9716;2.2;0.7
77;2021-02-13;187;172;31513;9888;2.2;0.7
77;2021-02-14;12;56;31525;9944;2.2;0.7
77;2021-02-15;555;822;32080;10766;2.3;0.8
77;2021-02-16;599;1316;32679;12082;2.3;0.8
77;2021-02-17;514;995;33193;13077;2.3;0.9
77;2021-02-18;839;1406;34032;14483;2.4;1.0
77;2021-02-19;777;1001;34809;15484;2.4;1.1
77;2021-02-20;54;136;34863;15620;2.4;1.1
77;2021-02-21;7;31;34870;15651;2.4;1.1
77;2021-02-22;303;614;35173;16265;2.5;1.1
77;2021-02-23;360;915;35533;17180;2.5;1.2
77;2021-02-24;513;733;36046;17913;2.5;1.3
77;2021-02-25;794;822;36840;18735;2.6;1.3
77;2021-02-26;841;722;37681;19457;2.6;1.4
77;2021-02-27;459;148;38140;19605;2.7;1.4
77;2021-02-28;33;5;38173;19610;2.7;1.4
77;2021-03-01;677;614;38850;20224;2.7;1.4
77;2021-03-02;1093;933;39943;21157;2.8;1.5
77;2021-03-03;1957;1087;41900;22244;2.9;1.6
77;2021-03-04;2797;1070;44697;23314;3.1;1.6
77;2021-03-05;3380;968;48077;24282;3.4;1.7
77;2021-03-06;4825;254;52902;24536;3.7;1.7
77;2021-03-07;3194;112;56096;24648;3.9;1.7
77;2021-03-08;1230;485;57326;25133;4.0;1.8
77;2021-03-09;2505;612;59831;25745;4.2;1.8
77;2021-03-10;2399;566;62230;26311;4.4;1.8
77;2021-03-11;3500;778;65730;27089;4.6;1.9
77;2021-03-12;3891;683;69621;27772;4.9;2.0
77;2021-03-13;4481;202;74102;27974;5.2;2.0
77;2021-03-14;2153;120;76255;28094;5.4;2.0
77;2021-03-15;2511;273;78766;28367;5.5;2.0
77;2021-03-16;2444;371;81210;28738;5.7;2.0
77;2021-03-17;2554;425;83764;29163;5.9;2.0
77;2021-03-18;3010;395;86774;29558;6.1;2.1
77;2021-03-19;3358;438;90132;29996;6.3;2.1
77;2021-03-20;1967;77;92099;30073;6.5;2.1
77;2021-03-21;243;14;92342;30087;6.5;2.1
77;2021-03-22;3021;398;95363;30485;6.7;2.1
77;2021-03-23;4520;526;99883;31011;7.0;2.2
77;2021-03-24;4154;614;104037;31625;7.3;2.2
77;2021-03-25;5908;401;109945;32026;7.7;2.2
77;2021-03-26;6269;449;116214;32475;8.2;2.3
77;2021-03-27;3322;123;119536;32598;8.4;2.3
77;2021-03-28;1730;48;121266;32646;8.5;2.3
77;2021-03-29;2655;686;123921;33332;8.7;2.3
77;2021-03-30;3995;1186;127916;34518;9.0;2.4
77;2021-03-31;3755;1223;131671;35741;9.2;2.5
77;2021-04-01;4145;1815;135816;37556;9.5;2.6
77;2021-04-02;3994;2013;139810;39569;9.8;2.8
77;2021-04-03;1746;2276;141556;41845;9.9;2.9
77;2021-04-04;423;1426;141979;43271;10.0;3.0
77;2021-04-05;162;164;142141;43435;10.0;3.1
77;2021-04-06;2721;1926;144862;45361;10.2;3.2
77;2021-04-07;3319;2087;148181;47448;10.4;3.3
77;2021-04-08;4535;2359;152716;49807;10.7;3.5
77;2021-04-09;4852;2089;157568;51896;11.1;3.6
77;2021-04-10;3074;2751;160642;54647;11.3;3.8
77;2021-04-11;586;717;161228;55364;11.3;3.9
77;2021-04-12;2230;1824;163458;57188;11.5;4.0
77;2021-04-13;3358;2634;166816;59822;11.7;4.2
77;2021-04-14;2521;2650;169337;62472;11.9;4.4
77;2021-04-15;3323;3114;172660;65586;12.1;4.6
77;2021-04-16;3575;2720;176235;68306;12.4;4.8
77;2021-04-17;1386;476;177621;68782;12.5;4.8
77;2021-04-18;150;11;177771;68793;12.5;4.8
77;2021-04-19;2085;2509;179856;71302;12.6;5.0
77;2021-04-20;2573;3381;182429;74683;12.8;5.2
77;2021-04-21;2195;3474;184624;78157;13.0;5.5
77;2021-04-22;3003;3857;187627;82014;13.2;5.8
77;2021-04-23;3532;3638;191159;85652;13.4;6.0
77;2021-04-24;4901;2504;196060;88156;13.8;6.2
77;2021-04-25;4079;1237;200139;89393;14.1;6.3
77;2021-04-26;3226;2044;203365;91437;14.3;6.4
77;2021-04-27;3996;2505;207361;93942;14.6;6.6
77;2021-04-28;4068;2611;211429;96553;14.9;6.8
77;2021-04-29;4482;3069;215911;99622;15.2;7.0
77;2021-04-30;4911;3333;220822;102955;15.5;7.2
77;2021-05-01;2466;593;223288;103548;15.7;7.3
77;2021-05-02;3142;276;226430;103824;15.9;7.3
77;2021-05-03;5992;2069;232422;105893;16.3;7.4
77;2021-05-04;6440;2989;238862;108882;16.8;7.6
77;2021-05-05;6020;3025;244882;111907;17.2;7.9
77;2021-05-06;6888;3593;251770;115500;17.7;8.1
77;2021-05-07;8206;3256;259976;118756;18.3;8.3
77;2021-05-08;5715;810;265691;119566;18.7;8.4
77;2021-05-09;4908;484;270599;120050;19.0;8.4
77;2021-05-10;8090;2329;278689;122379;19.6;8.6
77;2021-05-11;9581;2914;288270;125293;20.2;8.8
77;2021-05-12;8980;2280;297250;127573;20.9;9.0
77;2021-05-13;9306;883;306556;128456;21.5;9.0
77;2021-05-14;10437;1671;316993;130127;22.3;9.1
77;2021-05-15;8993;1248;325986;131375;22.9;9.2
77;2021-05-16;5153;470;331139;131845;23.3;9.3
77;2021-05-17;10374;1478;341513;133323;24.0;9.4
77;2021-05-18;11784;1804;353297;135127;24.8;9.5
77;2021-05-19;10917;1600;364214;136727;25.6;9.6
77;2021-05-20;12214;2157;376428;138884;26.4;9.8
77;2021-05-21;11656;2701;388084;141585;27.3;9.9
77;2021-05-22;9820;1737;397904;143322;28.0;10.1
77;2021-05-23;6987;813;404891;144135;28.4;10.1
77;2021-05-24;6764;777;411655;144912;28.9;10.2
77;2021-05-25;8317;2816;419972;147728;29.5;10.4
77;2021-05-26;7564;2978;427536;150706;30.0;10.6
77;2021-05-27;7552;3966;435088;154672;30.6;10.9
77;2021-05-28;7637;4003;442725;158675;31.1;11.1
77;2021-05-29;7356;2327;450081;161002;31.6;11.3
77;2021-05-30;4359;891;454440;161893;31.9;11.4
77;2021-05-31;8383;3835;462823;165728;32.5;11.6
77;2021-06-01;9648;4375;472471;170103;33.2;11.9
77;2021-06-02;9007;3925;481478;174028;33.8;12.2
77;2021-06-03;9004;5260;490482;179288;34.5;12.6
77;2021-06-04;9119;5488;499601;184776;35.1;13.0
77;2021-06-05;6662;4987;506263;189763;35.6;13.3
77;2021-06-06;4911;3210;511174;192973;35.9;13.6
77;2021-06-07;6420;4538;517594;197511;36.4;13.9
77;2021-06-08;5730;5224;523324;202735;36.8;14.2
77;2021-06-09;5062;4954;528386;207689;37.1;14.6
77;2021-06-10;5015;5466;533401;213155;37.5;15.0
77;2021-06-11;5758;6032;539159;219187;37.9;15.4
77;2021-06-12;6545;4753;545704;223940;38.3;15.7
77;2021-06-13;3508;3053;549212;226993;38.6;15.9
77;2021-06-14;3219;7931;552431;234924;38.8;16.5
77;2021-06-15;4126;8477;556557;243401;39.1;17.1
77;2021-06-16;4809;8377;561366;251778;39.4;17.7
77;2021-06-17;4475;9029;565841;260807;39.7;18.3
77;2021-06-18;4366;9786;570207;270593;40.1;19.0
77;2021-06-19;5308;6930;575515;277523;40.4;19.5
77;2021-06-20;2096;3799;577611;281322;40.6;19.8
77;2021-06-21;3229;9583;580840;290905;40.8;20.4
77;2021-06-22;3669;11370;584509;302275;41.1;21.2
77;2021-06-23;3441;10054;587950;312329;41.3;21.9
77;2021-06-24;3362;10916;591312;323245;41.5;22.7
77;2021-06-25;3624;10805;594936;334050;41.8;23.5
77;2021-06-26;4090;10069;599026;344119;42.1;24.2
77;2021-06-27;2124;6427;601150;350546;42.2;24.6
77;2021-06-28;2799;10831;603949;361377;42.4;25.4
77;2021-06-29;3418;12527;607367;373904;42.7;26.3
77;2021-06-30;3293;11449;610660;385353;42.9;27.1
77;2021-07-01;3293;11652;613953;397005;43.1;27.9
77;2021-07-02;3466;12256;617419;409261;43.4;28.7
77;2021-07-03;3186;10802;620605;420063;43.6;29.5
77;2021-07-04;1997;6493;622602;426556;43.7;30.0
77;2021-07-05;3590;9546;626192;436102;44.0;30.6
77;2021-07-06;3743;9532;629935;445634;44.2;31.3
77;2021-07-07;4064;8962;633999;454596;44.5;31.9
77;2021-07-08;3935;8761;637934;463357;44.8;32.5
77;2021-07-09;4710;10340;642644;473697;45.1;33.3
77;2021-07-10;4047;9843;646691;483540;45.4;34.0
77;2021-07-11;3091;5093;649782;488633;45.6;34.3
77;2021-07-12;3286;10867;653068;499500;45.9;35.1
77;2021-07-13;6167;12032;659235;511532;46.3;35.9
77;2021-07-14;3604;6444;662839;517976;46.6;36.4
77;2021-07-15;7190;11969;670029;529945;47.1;37.2
77;2021-07-16;7831;9898;677860;539843;47.6;37.9
77;2021-07-17;5795;9467;683655;549310;48.0;38.6
77;2021-07-18;4140;5328;687795;554638;48.3;39.0
77;2021-07-19;7518;8951;695313;563589;48.8;39.6
77;2021-07-20;9630;8039;704943;571628;49.5;40.2
77;2021-07-21;9527;7482;714470;579110;50.2;40.7
77;2021-07-22;10564;7553;725034;586663;50.9;41.2
77;2021-07-23;9872;8200;734906;594863;51.6;41.8
77;2021-07-24;7217;7873;742123;602736;52.1;42.3
77;2021-07-25;5898;4031;748021;606767;52.5;42.6
77;2021-07-26;9219;5974;757240;612741;53.2;43.0
77;2021-07-27;10963;6043;768203;618784;54.0;43.5
77;2021-07-28;9494;6423;777697;625207;54.6;43.9
77;2021-07-29;9538;5509;787235;630716;55.3;44.3
77;2021-07-30;9734;6360;796969;637076;56.0;44.8
77;2021-07-31;7266;6632;804235;643708;56.5;45.2
77;2021-08-01;2955;1215;807190;644923;56.7;45.3
77;2021-08-02;7129;5734;814319;650657;57.2;45.7
77;2021-08-03;5856;4520;820175;655177;57.6;46.0
77;2021-08-04;4731;4387;824906;659564;57.9;46.3
77;2021-08-05;3253;2972;828159;662536;58.2;46.5
77;2021-08-06;5888;5260;834047;667796;58.6;46.9
77;2021-08-07;5293;6795;839340;674591;59.0;47.4
77;2021-08-08;1979;1864;841319;676455;59.1;47.5
77;2021-08-09;5062;6583;846381;683038;59.5;48.0
77;2021-08-10;2675;3579;849056;686617;59.6;48.2
77;2021-08-11;3118;6194;852174;692811;59.9;48.7
77;2021-08-12;2257;3574;854431;696385;60.0;48.9
77;2021-08-13;2717;4896;857148;701281;60.2;49.3
77;2021-08-14;2953;7331;860101;708612;60.4;49.8
77;2021-08-15;787;774;860888;709386;60.5;49.8
77;2021-08-16;2364;6982;863252;716368;60.6;50.3
77;2021-08-17;2881;7207;866133;723575;60.8;50.8
77;2021-08-18;2675;6557;868808;730132;61.0;51.3
77;2021-08-19;2628;5104;871436;735236;61.2;51.6
77;2021-08-20;2661;5691;874097;740927;61.4;52.0
77;2021-08-21;2708;7326;876805;748253;61.6;52.6
77;2021-08-22;1729;5337;878534;753590;61.7;52.9
77;2021-08-23;2424;9617;880958;763207;61.9;53.6
77;2021-08-24;3043;9238;884001;772445;62.1;54.3
77;2021-08-25;2532;6528;886533;778973;62.3;54.7
77;2021-08-26;2544;6251;889077;785224;62.5;55.2
77;2021-08-27;2710;6990;891787;792214;62.6;55.6
77;2021-08-28;1955;7247;893742;799461;62.8;56.2
77;2021-08-29;1481;5149;895223;804610;62.9;56.5
77;2021-08-30;2509;8148;897732;812758;63.1;57.1
77;2021-08-31;2822;5733;900554;818491;63.3;57.5
77;2021-09-01;2207;3837;902761;822328;63.4;57.8
77;2021-09-02;1596;3138;904357;825466;63.5;58.0
77;2021-09-03;2071;4551;906428;830017;63.7;58.3
77;2021-09-04;2394;5770;908822;835787;63.8;58.7
77;2021-09-05;893;1553;909715;837340;63.9;58.8
77;2021-09-06;1038;2306;910753;839646;64.0;59.0
77;2021-09-07;824;2282;911577;841928;64.0;59.1
77;2021-09-08;1688;3573;913265;845501;64.2;59.4
77;2021-09-09;931;2139;914196;847640;64.2;59.5
78;2020-12-27;2;0;2;0;0.0;0.0
78;2020-12-28;0;0;2;0;0.0;0.0
78;2020-12-29;0;0;2;0;0.0;0.0
78;2020-12-30;0;0;2;0;0.0;0.0
78;2020-12-31;15;0;17;0;0.0;0.0
78;2021-01-01;1;0;18;0;0.0;0.0
78;2021-01-02;1;0;19;0;0.0;0.0
78;2021-01-03;3;0;22;0;0.0;0.0
78;2021-01-04;145;3;167;3;0.0;0.0
78;2021-01-05;175;1;342;4;0.0;0.0
78;2021-01-06;208;4;550;8;0.0;0.0
78;2021-01-07;469;2;1019;10;0.1;0.0
78;2021-01-08;651;3;1670;13;0.1;0.0
78;2021-01-09;22;0;1692;13;0.1;0.0
78;2021-01-10;2;0;1694;13;0.1;0.0
78;2021-01-11;792;3;2486;16;0.2;0.0
78;2021-01-12;945;5;3431;21;0.2;0.0
78;2021-01-13;740;8;4171;29;0.3;0.0
78;2021-01-14;811;9;4982;38;0.3;0.0
78;2021-01-15;847;10;5829;48;0.4;0.0
78;2021-01-16;32;0;5861;48;0.4;0.0
78;2021-01-17;0;0;5861;48;0.4;0.0
78;2021-01-18;1382;21;7243;69;0.5;0.0
78;2021-01-19;1841;27;9084;96;0.6;0.0
78;2021-01-20;1659;15;10743;111;0.7;0.0
78;2021-01-21;3255;16;13998;127;1.0;0.0
78;2021-01-22;2217;16;16215;143;1.1;0.0
78;2021-01-23;279;0;16494;143;1.1;0.0
78;2021-01-24;5;0;16499;143;1.1;0.0
78;2021-01-25;959;29;17458;172;1.2;0.0
78;2021-01-26;1560;19;19018;191;1.3;0.0
78;2021-01-27;2061;42;21079;233;1.5;0.0
78;2021-01-28;2436;101;23515;334;1.6;0.0
78;2021-01-29;1490;58;25005;392;1.7;0.0
78;2021-01-30;210;3;25215;395;1.7;0.0
78;2021-01-31;3;0;25218;395;1.7;0.0
78;2021-02-01;786;214;26004;609;1.8;0.0
78;2021-02-02;968;325;26972;934;1.9;0.1
78;2021-02-03;975;225;27947;1159;1.9;0.1
78;2021-02-04;1117;420;29064;1579;2.0;0.1
78;2021-02-05;1191;467;30255;2046;2.1;0.1
78;2021-02-06;199;44;30454;2090;2.1;0.1
78;2021-02-07;139;13;30593;2103;2.1;0.1
78;2021-02-08;760;558;31353;2661;2.2;0.2
78;2021-02-09;1122;900;32475;3561;2.2;0.2
78;2021-02-10;1247;1137;33722;4698;2.3;0.3
78;2021-02-11;1820;1830;35542;6528;2.5;0.5
78;2021-02-12;1820;1314;37362;7842;2.6;0.5
78;2021-02-13;173;65;37535;7907;2.6;0.5
78;2021-02-14;27;23;37562;7930;2.6;0.5
78;2021-02-15;447;1212;38009;9142;2.6;0.6
78;2021-02-16;629;1368;38638;10510;2.7;0.7
78;2021-02-17;587;2015;39225;12525;2.7;0.9
78;2021-02-18;997;2062;40222;14587;2.8;1.0
78;2021-02-19;820;1550;41042;16137;2.8;1.1
78;2021-02-20;148;108;41190;16245;2.8;1.1
78;2021-02-21;0;12;41190;16257;2.8;1.1
78;2021-02-22;502;882;41692;17139;2.9;1.2
78;2021-02-23;540;981;42232;18120;2.9;1.3
78;2021-02-24;619;1085;42851;19205;3.0;1.3
78;2021-02-25;866;992;43717;20197;3.0;1.4
78;2021-02-26;1132;1091;44849;21288;3.1;1.5
78;2021-02-27;740;131;45589;21419;3.1;1.5
78;2021-02-28;68;18;45657;21437;3.2;1.5
78;2021-03-01;966;760;46623;22197;3.2;1.5
78;2021-03-02;1727;953;48350;23150;3.3;1.6
78;2021-03-03;1965;1096;50315;24246;3.5;1.7
78;2021-03-04;2949;1488;53264;25734;3.7;1.8
78;2021-03-05;3255;1543;56519;27277;3.9;1.9
78;2021-03-06;6246;292;62765;27569;4.3;1.9
78;2021-03-07;3444;104;66209;27673;4.6;1.9
78;2021-03-08;1459;715;67668;28388;4.7;2.0
78;2021-03-09;2942;873;70610;29261;4.9;2.0
78;2021-03-10;3078;1096;73688;30357;5.1;2.1
78;2021-03-11;4177;1292;77865;31649;5.4;2.2
78;2021-03-12;5372;1329;83237;32978;5.7;2.3
78;2021-03-13;4657;197;87894;33175;6.1;2.3
78;2021-03-14;1036;42;88930;33217;6.1;2.3
78;2021-03-15;3621;266;92551;33483;6.4;2.3
78;2021-03-16;2566;565;95117;34048;6.6;2.4
78;2021-03-17;2968;438;98085;34486;6.8;2.4
78;2021-03-18;3780;450;101865;34936;7.0;2.4
78;2021-03-19;5319;488;107184;35424;7.4;2.4
78;2021-03-20;2258;127;109442;35551;7.6;2.5
78;2021-03-21;165;7;109607;35558;7.6;2.5
78;2021-03-22;3532;378;113139;35936;7.8;2.5
78;2021-03-23;5231;541;118370;36477;8.2;2.5
78;2021-03-24;4893;552;123263;37029;8.5;2.6
78;2021-03-25;6941;566;130204;37595;9.0;2.6
78;2021-03-26;6941;709;137145;38304;9.5;2.6
78;2021-03-27;3746;197;140891;38501;9.7;2.7
78;2021-03-28;1919;55;142810;38556;9.9;2.7
78;2021-03-29;3865;761;146675;39317;10.1;2.7
78;2021-03-30;5526;1057;152201;40374;10.5;2.8
78;2021-03-31;5333;1290;157534;41664;10.9;2.9
78;2021-04-01;5594;2350;163128;44014;11.3;3.0
78;2021-04-02;5194;2625;168322;46639;11.6;3.2
78;2021-04-03;2198;2561;170520;49200;11.8;3.4
78;2021-04-04;173;14;170693;49214;11.8;3.4
78;2021-04-05;199;19;170892;49233;11.8;3.4
78;2021-04-06;3618;2306;174510;51539;12.0;3.6
78;2021-04-07;4357;2584;178867;54123;12.3;3.7
78;2021-04-08;5525;2673;184392;56796;12.7;3.9
78;2021-04-09;6909;2447;191301;59243;13.2;4.1
78;2021-04-10;3994;1901;195295;61144;13.5;4.2
78;2021-04-11;374;606;195669;61750;13.5;4.3
78;2021-04-12;3532;2358;199201;64108;13.8;4.4
78;2021-04-13;5460;2495;204661;66603;14.1;4.6
78;2021-04-14;4956;3386;209617;69989;14.5;4.8
78;2021-04-15;4616;3850;214233;73839;14.8;5.1
78;2021-04-16;5625;4018;219858;77857;15.2;5.4
78;2021-04-17;3615;716;223473;78573;15.4;5.4
78;2021-04-18;272;42;223745;78615;15.4;5.4
78;2021-04-19;3244;2813;226989;81428;15.7;5.6
78;2021-04-20;4710;3683;231699;85111;16.0;5.9
78;2021-04-21;4534;3508;236233;88619;16.3;6.1
78;2021-04-22;4565;4693;240798;93312;16.6;6.4
78;2021-04-23;5060;4432;245858;97744;17.0;6.7
78;2021-04-24;4866;2620;250724;100364;17.3;6.9
78;2021-04-25;3047;1733;253771;102097;17.5;7.0
78;2021-04-26;4770;3318;258541;105415;17.8;7.3
78;2021-04-27;5472;4301;264013;109716;18.2;7.6
78;2021-04-28;5651;4779;269664;114495;18.6;7.9
78;2021-04-29;6264;4064;275928;118559;19.0;8.2
78;2021-04-30;7208;4452;283136;123011;19.5;8.5
78;2021-05-01;612;254;283748;123265;19.6;8.5
78;2021-05-02;2008;166;285756;123431;19.7;8.5
78;2021-05-03;7462;1276;293218;124707;20.2;8.6
78;2021-05-04;6078;3979;299296;128686;20.7;8.9
78;2021-05-05;7300;4549;306596;133235;21.2;9.2
78;2021-05-06;6481;5172;313077;138407;21.6;9.6
78;2021-05-07;8313;5136;321390;143543;22.2;9.9
78;2021-05-08;2917;1448;324307;144991;22.4;10.0
78;2021-05-09;2819;351;327126;145342;22.6;10.0
78;2021-05-10;7343;4452;334469;149794;23.1;10.3
78;2021-05-11;8142;5414;342611;155208;23.7;10.7
78;2021-05-12;8734;3918;351345;159126;24.3;11.0
78;2021-05-13;6631;601;357976;159727;24.7;11.0
78;2021-05-14;10218;2215;368194;161942;25.4;11.2
78;2021-05-15;4936;2361;373130;164303;25.8;11.3
78;2021-05-16;3697;792;376827;165095;26.0;11.4
78;2021-05-17;8743;1350;385570;166445;26.6;11.5
78;2021-05-18;9887;1888;395457;168333;27.3;11.6
78;2021-05-19;11654;1710;407111;170043;28.1;11.7
78;2021-05-20;11599;2263;418710;172306;28.9;11.9
78;2021-05-21;12131;2634;430841;174940;29.7;12.1
78;2021-05-22;6547;1363;437388;176303;30.2;12.2
78;2021-05-23;3127;390;440515;176693;30.4;12.2
78;2021-05-24;3523;418;444038;177111;30.7;12.2
78;2021-05-25;9988;2504;454026;179615;31.3;12.4
78;2021-05-26;10166;3778;464192;183393;32.0;12.7
78;2021-05-27;10959;4643;475151;188036;32.8;13.0
78;2021-05-28;11413;6028;486564;194064;33.6;13.4
78;2021-05-29;4228;3384;490792;197448;33.9;13.6
78;2021-05-30;136;346;490928;197794;33.9;13.7
78;2021-05-31;7971;5359;498899;203153;34.4;14.0
78;2021-06-01;10028;6523;508927;209676;35.1;14.5
78;2021-06-02;8586;6201;517513;215877;35.7;14.9
78;2021-06-03;9897;6475;527410;222352;36.4;15.3
78;2021-06-04;9794;8146;537204;230498;37.1;15.9
78;2021-06-05;5522;6134;542726;236632;37.5;16.3
78;2021-06-06;2150;2009;544876;238641;37.6;16.5
78;2021-06-07;8124;6520;553000;245161;38.2;16.9
78;2021-06-08;8065;7321;561065;252482;38.7;17.4
78;2021-06-09;7327;6731;568392;259213;39.2;17.9
78;2021-06-10;7113;7102;575505;266315;39.7;18.4
78;2021-06-11;7585;8183;583090;274498;40.3;18.9
78;2021-06-12;6374;2919;589464;277417;40.7;19.2
78;2021-06-13;946;2458;590410;279875;40.8;19.3
78;2021-06-14;3414;9811;593824;289686;41.0;20.0
78;2021-06-15;5803;8289;599627;297975;41.4;20.6
78;2021-06-16;5433;8627;605060;306602;41.8;21.2
78;2021-06-17;5486;8537;610546;315139;42.1;21.8
78;2021-06-18;6168;9796;616714;324935;42.6;22.4
78;2021-06-19;5222;4816;621936;329751;42.9;22.8
78;2021-06-20;624;2838;622560;332589;43.0;23.0
78;2021-06-21;4100;9472;626660;342061;43.3;23.6
78;2021-06-22;3350;10318;630010;352379;43.5;24.3
78;2021-06-23;3842;10394;633852;362773;43.8;25.0
78;2021-06-24;3799;9977;637651;372750;44.0;25.7
78;2021-06-25;4003;13149;641654;385899;44.3;26.6
78;2021-06-26;4211;7955;645865;393854;44.6;27.2
78;2021-06-27;1040;2541;646905;396395;44.7;27.4
78;2021-06-28;3294;10902;650199;407297;44.9;28.1
78;2021-06-29;3540;11253;653739;418550;45.1;28.9
78;2021-06-30;4113;13225;657852;431775;45.4;29.8
78;2021-07-01;4107;12698;661959;444473;45.7;30.7
78;2021-07-02;4260;13940;666219;458413;46.0;31.6
78;2021-07-03;3161;8624;669380;467037;46.2;32.2
78;2021-07-04;777;1742;670157;468779;46.3;32.4
78;2021-07-05;3387;9693;673544;478472;46.5;33.0
78;2021-07-06;3530;12043;677074;490515;46.7;33.9
78;2021-07-07;3773;11604;680847;502119;47.0;34.7
78;2021-07-08;3871;11678;684718;513797;47.3;35.5
78;2021-07-09;4810;12742;689528;526539;47.6;36.3
78;2021-07-10;2627;6614;692155;533153;47.8;36.8
78;2021-07-11;748;2047;692903;535200;47.8;36.9
78;2021-07-12;3037;11744;695940;546944;48.0;37.8
78;2021-07-13;5354;11977;701294;558921;48.4;38.6
78;2021-07-14;2533;4993;703827;563914;48.6;38.9
78;2021-07-15;5669;11956;709496;575870;49.0;39.8
78;2021-07-16;7290;10783;716786;586653;49.5;40.5
78;2021-07-17;4728;4893;721514;591546;49.8;40.8
78;2021-07-18;1124;469;722638;592015;49.9;40.9
78;2021-07-19;3842;10349;726480;602364;50.1;41.6
78;2021-07-20;5618;9922;732098;612286;50.5;42.3
78;2021-07-21;5905;9861;738003;622147;50.9;42.9
78;2021-07-22;5951;9287;743954;631434;51.4;43.6
78;2021-07-23;6240;9228;750194;640662;51.8;44.2
78;2021-07-24;2938;4967;753132;645629;52.0;44.6
78;2021-07-25;987;375;754119;646004;52.1;44.6
78;2021-07-26;4865;6986;758984;652990;52.4;45.1
78;2021-07-27;7598;6915;766582;659905;52.9;45.6
78;2021-07-28;6949;5930;773531;665835;53.4;46.0
78;2021-07-29;7906;5999;781437;671834;53.9;46.4
78;2021-07-30;7741;7043;789178;678877;54.5;46.9
78;2021-07-31;2650;2732;791828;681609;54.7;47.1
78;2021-08-01;108;72;791936;681681;54.7;47.1
78;2021-08-02;2396;2122;794332;683803;54.8;47.2
78;2021-08-03;4264;4249;798596;688052;55.1;47.5
78;2021-08-04;4374;2807;802970;690859;55.4;47.7
78;2021-08-05;3875;3171;806845;694030;55.7;47.9
78;2021-08-06;3977;3718;810822;697748;56.0;48.2
78;2021-08-07;2816;3440;813638;701188;56.2;48.4
78;2021-08-08;479;343;814117;701531;56.2;48.4
78;2021-08-09;1868;1659;815985;703190;56.3;48.5
78;2021-08-10;3392;3979;819377;707169;56.6;48.8
78;2021-08-11;2966;3380;822343;710549;56.8;49.0
78;2021-08-12;2734;3542;825077;714091;57.0;49.3
78;2021-08-13;2853;3183;827930;717274;57.2;49.5
78;2021-08-14;2295;3085;830225;720359;57.3;49.7
78;2021-08-15;277;378;830502;720737;57.3;49.8
78;2021-08-16;906;2337;831408;723074;57.4;49.9
78;2021-08-17;2785;4421;834193;727495;57.6;50.2
78;2021-08-18;2453;3814;836646;731309;57.8;50.5
78;2021-08-19;2229;3581;838875;734890;57.9;50.7
78;2021-08-20;2087;4000;840962;738890;58.1;51.0
78;2021-08-21;1884;3581;842846;742471;58.2;51.3
78;2021-08-22;85;147;842931;742618;58.2;51.3
78;2021-08-23;2141;4242;845072;746860;58.3;51.6
78;2021-08-24;3619;6970;848691;753830;58.6;52.0
78;2021-08-25;3282;6587;851973;760417;58.8;52.5
78;2021-08-26;2969;7228;854942;767645;59.0;53.0
78;2021-08-27;2846;7367;857788;775012;59.2;53.5
78;2021-08-28;2421;5266;860209;780278;59.4;53.9
78;2021-08-29;369;350;860578;780628;59.4;53.9
78;2021-08-30;2856;5067;863434;785695;59.6;54.2
78;2021-08-31;3446;5807;866880;791502;59.8;54.6
78;2021-09-01;2706;5263;869586;796765;60.0;55.0
78;2021-09-02;2080;4398;871666;801163;60.2;55.3
78;2021-09-03;2240;4711;873906;805874;60.3;55.6
78;2021-09-04;2472;4241;876378;810115;60.5;55.9
78;2021-09-05;287;381;876665;810496;60.5;55.9
78;2021-09-06;1275;2988;877940;813484;60.6;56.2
78;2021-09-07;1345;3496;879285;816980;60.7;56.4
78;2021-09-08;1675;3787;880960;820767;60.8;56.7
78;2021-09-09;1054;3262;882014;824029;60.9;56.9
79;2020-12-27;0;0;0;0;0.0;0.0
79;2020-12-28;3;0;3;0;0.0;0.0
79;2020-12-29;0;0;3;0;0.0;0.0
79;2020-12-30;0;0;3;0;0.0;0.0
79;2020-12-31;0;0;3;0;0.0;0.0
79;2021-01-01;0;0;3;0;0.0;0.0
79;2021-01-02;0;0;3;0;0.0;0.0
79;2021-01-03;0;0;3;0;0.0;0.0
79;2021-01-04;1;0;4;0;0.0;0.0
79;2021-01-05;0;0;4;0;0.0;0.0
79;2021-01-06;0;0;4;0;0.0;0.0
79;2021-01-07;158;0;162;0;0.0;0.0
79;2021-01-08;165;0;327;0;0.1;0.0
79;2021-01-09;99;0;426;0;0.1;0.0
79;2021-01-10;3;0;429;0;0.1;0.0
79;2021-01-11;184;1;613;1;0.2;0.0
79;2021-01-12;245;1;858;2;0.2;0.0
79;2021-01-13;258;0;1116;2;0.3;0.0
79;2021-01-14;505;8;1621;10;0.4;0.0
79;2021-01-15;616;5;2237;15;0.6;0.0
79;2021-01-16;66;0;2303;15;0.6;0.0
79;2021-01-17;0;0;2303;15;0.6;0.0
79;2021-01-18;477;2;2780;17;0.7;0.0
79;2021-01-19;1361;1;4141;18;1.1;0.0
79;2021-01-20;1677;1;5818;19;1.6;0.0
79;2021-01-21;1998;7;7816;26;2.1;0.0
79;2021-01-22;874;4;8690;30;2.3;0.0
79;2021-01-23;65;0;8755;30;2.3;0.0
79;2021-01-24;0;0;8755;30;2.3;0.0
79;2021-01-25;645;7;9400;37;2.5;0.0
79;2021-01-26;593;13;9993;50;2.7;0.0
79;2021-01-27;740;83;10733;133;2.9;0.0
79;2021-01-28;733;149;11466;282;3.1;0.1
79;2021-01-29;492;85;11958;367;3.2;0.1
79;2021-01-30;0;0;11958;367;3.2;0.1
79;2021-01-31;0;0;11958;367;3.2;0.1
79;2021-02-01;207;108;12165;475;3.3;0.1
79;2021-02-02;335;73;12500;548;3.4;0.1
79;2021-02-03;390;58;12890;606;3.5;0.2
79;2021-02-04;324;107;13214;713;3.5;0.2
79;2021-02-05;360;275;13574;988;3.6;0.3
79;2021-02-06;4;0;13578;988;3.6;0.3
79;2021-02-07;22;0;13600;988;3.6;0.3
79;2021-02-08;283;164;13883;1152;3.7;0.3
79;2021-02-09;457;770;14340;1922;3.8;0.5
79;2021-02-10;619;1175;14959;3097;4.0;0.8
79;2021-02-11;777;1208;15736;4305;4.2;1.2
79;2021-02-12;467;733;16203;5038;4.3;1.4
79;2021-02-13;53;67;16256;5105;4.4;1.4
79;2021-02-14;0;0;16256;5105;4.4;1.4
79;2021-02-15;186;454;16442;5559;4.4;1.5
79;2021-02-16;333;698;16775;6257;4.5;1.7
79;2021-02-17;249;820;17024;7077;4.6;1.9
79;2021-02-18;353;892;17377;7969;4.7;2.1
79;2021-02-19;267;530;17644;8499;4.7;2.3
79;2021-02-20;4;19;17648;8518;4.7;2.3
79;2021-02-21;1;0;17649;8518;4.7;2.3
79;2021-02-22;136;426;17785;8944;4.8;2.4
79;2021-02-23;248;515;18033;9459;4.8;2.5
79;2021-02-24;245;486;18278;9945;4.9;2.7
79;2021-02-25;519;441;18797;10386;5.0;2.8
79;2021-02-26;599;369;19396;10755;5.2;2.9
79;2021-02-27;407;6;19803;10761;5.3;2.9
79;2021-02-28;35;0;19838;10761;5.3;2.9
79;2021-03-01;89;332;19927;11093;5.3;3.0
79;2021-03-02;302;483;20229;11576;5.4;3.1
79;2021-03-03;662;509;20891;12085;5.6;3.2
79;2021-03-04;904;547;21795;12632;5.8;3.4
79;2021-03-05;1217;437;23012;13069;6.2;3.5
79;2021-03-06;611;5;23623;13074;6.3;3.5
79;2021-03-07;77;1;23700;13075;6.4;3.5
79;2021-03-08;344;300;24044;13375;6.5;3.6
79;2021-03-09;841;337;24885;13712;6.7;3.7
79;2021-03-10;1146;399;26031;14111;7.0;3.8
79;2021-03-11;1640;322;27671;14433;7.4;3.9
79;2021-03-12;1721;118;29392;14551;7.9;3.9
79;2021-03-13;1136;13;30528;14564;8.2;3.9
79;2021-03-14;50;0;30578;14564;8.2;3.9
79;2021-03-15;497;157;31075;14721;8.3;4.0
79;2021-03-16;735;146;31810;14867;8.5;4.0
79;2021-03-17;578;107;32388;14974;8.7;4.0
79;2021-03-18;553;202;32941;15176;8.8;4.1
79;2021-03-19;662;258;33603;15434;9.0;4.1
79;2021-03-20;1007;14;34610;15448;9.3;4.1
79;2021-03-21;3;0;34613;15448;9.3;4.1
79;2021-03-22;957;206;35570;15654;9.5;4.2
79;2021-03-23;1595;170;37165;15824;10.0;4.2
79;2021-03-24;1832;163;38997;15987;10.5;4.3
79;2021-03-25;2499;190;41496;16177;11.1;4.3
79;2021-03-26;2406;137;43902;16314;11.8;4.4
79;2021-03-27;769;18;44671;16332;12.0;4.4
79;2021-03-28;1;0;44672;16332;12.0;4.4
79;2021-03-29;2148;115;46820;16447;12.6;4.4
79;2021-03-30;2817;64;49637;16511;13.3;4.4
79;2021-03-31;2777;380;52414;16891;14.1;4.5
79;2021-04-01;2697;382;55111;17273;14.8;4.6
79;2021-04-02;2823;394;57934;17667;15.5;4.7
79;2021-04-03;634;53;58568;17720;15.7;4.8
79;2021-04-04;3;0;58571;17720;15.7;4.8
79;2021-04-05;381;4;58952;17724;15.8;4.8
79;2021-04-06;1794;584;60746;18308;16.3;4.9
79;2021-04-07;3117;732;63863;19040;17.1;5.1
79;2021-04-08;2631;696;66494;19736;17.8;5.3
79;2021-04-09;3738;546;70232;20282;18.8;5.4
79;2021-04-10;1466;385;71698;20667;19.2;5.5
79;2021-04-11;4;0;71702;20667;19.2;5.5
79;2021-04-12;1753;355;73455;21022;19.7;5.6
79;2021-04-13;2174;750;75629;21772;20.3;5.8
79;2021-04-14;2480;677;78109;22449;21.0;6.0
79;2021-04-15;2215;667;80324;23116;21.6;6.2
79;2021-04-16;1414;442;81738;23558;21.9;6.3
79;2021-04-17;581;352;82319;23910;22.1;6.4
79;2021-04-18;1;14;82320;23924;22.1;6.4
79;2021-04-19;1088;842;83408;24766;22.4;6.6
79;2021-04-20;1507;1230;84915;25996;22.8;7.0
79;2021-04-21;1419;1439;86334;27435;23.2;7.4
79;2021-04-22;1572;1085;87906;28520;23.6;7.7
79;2021-04-23;1316;1187;89222;29707;23.9;8.0
79;2021-04-24;653;462;89875;30169;24.1;8.1
79;2021-04-25;1;0;89876;30169;24.1;8.1
79;2021-04-26;1343;1813;91219;31982;24.5;8.6
79;2021-04-27;1898;2350;93117;34332;25.0;9.2
79;2021-04-28;1457;2867;94574;37199;25.4;10.0
79;2021-04-29;2105;2252;96679;39451;25.9;10.6
79;2021-04-30;2114;2456;98793;41907;26.5;11.2
79;2021-05-01;521;379;99314;42286;26.7;11.3
79;2021-05-02;1;11;99315;42297;26.7;11.4
79;2021-05-03;1182;1292;100497;43589;27.0;11.7
79;2021-05-04;1733;2332;102230;45921;27.4;12.3
79;2021-05-05;1695;2481;103925;48402;27.9;13.0
79;2021-05-06;2328;2223;106253;50625;28.5;13.6
79;2021-05-07;2088;2802;108341;53427;29.1;14.3
79;2021-05-08;199;506;108540;53933;29.1;14.5
79;2021-05-09;0;0;108540;53933;29.1;14.5
79;2021-05-10;1584;1787;110124;55720;29.6;15.0
79;2021-05-11;2310;1650;112434;57370;30.2;15.4
79;2021-05-12;2001;2679;114435;60049;30.7;16.1
79;2021-05-13;640;290;115075;60339;30.9;16.2
79;2021-05-14;2100;673;117175;61012;31.4;16.4
79;2021-05-15;1399;498;118574;61510;31.8;16.5
79;2021-05-16;1;22;118575;61532;31.8;16.5
79;2021-05-17;1876;1086;120451;62618;32.3;16.8
79;2021-05-18;2971;1272;123422;63890;33.1;17.1
79;2021-05-19;2897;967;126319;64857;33.9;17.4
79;2021-05-20;3106;1246;129425;66103;34.7;17.7
79;2021-05-21;2768;1066;132193;67169;35.5;18.0
79;2021-05-22;1084;262;133277;67431;35.8;18.1
79;2021-05-23;1;0;133278;67431;35.8;18.1
79;2021-05-24;161;20;133439;67451;35.8;18.1
79;2021-05-25;3199;990;136638;68441;36.7;18.4
79;2021-05-26;3313;852;139951;69293;37.6;18.6
79;2021-05-27;3590;1718;143541;71011;38.5;19.1
79;2021-05-28;3330;1820;146871;72831;39.4;19.5
79;2021-05-29;1073;450;147944;73281;39.7;19.7
79;2021-05-30;3;1;147947;73282;39.7;19.7
79;2021-05-31;2382;733;150329;74015;40.3;19.9
79;2021-06-01;3021;1572;153350;75587;41.2;20.3
79;2021-06-02;4066;1167;157416;76754;42.2;20.6
79;2021-06-03;4090;1755;161506;78509;43.3;21.1
79;2021-06-04;4144;2034;165650;80543;44.5;21.6
79;2021-06-05;2802;758;168452;81301;45.2;21.8
79;2021-06-06;696;39;169148;81340;45.4;21.8
79;2021-06-07;2809;1412;171957;82752;46.1;22.2
79;2021-06-08;2983;2067;174940;84819;46.9;22.8
79;2021-06-09;3631;1934;178571;86753;47.9;23.3
79;2021-06-10;3020;1965;181591;88718;48.7;23.8
79;2021-06-11;3767;2315;185358;91033;49.7;24.4
79;2021-06-12;1707;610;187065;91643;50.2;24.6
79;2021-06-13;214;24;187279;91667;50.3;24.6
79;2021-06-14;1247;1691;188526;93358;50.6;25.1
79;2021-06-15;1881;2360;190407;95718;51.1;25.7
79;2021-06-16;2206;2247;192613;97965;51.7;26.3
79;2021-06-17;2238;2613;194851;100578;52.3;27.0
79;2021-06-18;2413;2323;197264;102901;52.9;27.6
79;2021-06-19;1246;580;198510;103481;53.3;27.8
79;2021-06-20;3;2;198513;103483;53.3;27.8
79;2021-06-21;1233;2282;199746;105765;53.6;28.4
79;2021-06-22;1548;2869;201294;108634;54.0;29.2
79;2021-06-23;1771;2549;203065;111183;54.5;29.8
79;2021-06-24;2107;2002;205172;113185;55.1;30.4
79;2021-06-25;1488;2838;206660;116023;55.5;31.1
79;2021-06-26;870;808;207530;116831;55.7;31.4
79;2021-06-27;13;6;207543;116837;55.7;31.4
79;2021-06-28;1056;2622;208599;119459;56.0;32.1
79;2021-06-29;1474;3551;210073;123010;56.4;33.0
79;2021-06-30;1355;3447;211428;126457;56.7;33.9
79;2021-07-01;1203;3784;212631;130241;57.1;35.0
79;2021-07-02;1489;3347;214120;133588;57.5;35.9
79;2021-07-03;399;1504;214519;135092;57.6;36.3
79;2021-07-04;2;9;214521;135101;57.6;36.3
79;2021-07-05;753;2119;215274;137220;57.8;36.8
79;2021-07-06;947;3665;216221;140885;58.0;37.8
79;2021-07-07;1333;4309;217554;145194;58.4;39.0
79;2021-07-08;1104;4044;218658;149238;58.7;40.1
79;2021-07-09;837;3719;219495;152957;58.9;41.0
79;2021-07-10;515;1316;220010;154273;59.0;41.4
79;2021-07-11;2;12;220012;154285;59.0;41.4
79;2021-07-12;545;3694;220557;157979;59.2;42.4
79;2021-07-13;999;5189;221556;163168;59.5;43.8
79;2021-07-14;134;874;221690;164042;59.5;44.0
79;2021-07-15;1235;4681;222925;168723;59.8;45.3
79;2021-07-16;1333;4364;224258;173087;60.2;46.5
79;2021-07-17;577;2427;224835;175514;60.3;47.1
79;2021-07-18;45;498;224880;176012;60.3;47.2
79;2021-07-19;736;3315;225616;179327;60.5;48.1
79;2021-07-20;1232;3947;226848;183274;60.9;49.2
79;2021-07-21;1179;4197;228027;187471;61.2;50.3
79;2021-07-22;1354;3973;229381;191444;61.6;51.4
79;2021-07-23;1350;4555;230731;195999;61.9;52.6
79;2021-07-24;865;1499;231596;197498;62.2;53.0
79;2021-07-25;55;326;231651;197824;62.2;53.1
79;2021-07-26;1374;2597;233025;200421;62.5;53.8
79;2021-07-27;2084;2997;235109;203418;63.1;54.6
79;2021-07-28;2498;2494;237607;205912;63.8;55.3
79;2021-07-29;3009;2863;240616;208775;64.6;56.0
79;2021-07-30;2138;2818;242754;211593;65.1;56.8
79;2021-07-31;888;1157;243642;212750;65.4;57.1
79;2021-08-01;5;3;243647;212753;65.4;57.1
79;2021-08-02;1796;1545;245443;214298;65.9;57.5
79;2021-08-03;2821;2051;248264;216349;66.6;58.1
79;2021-08-04;2987;1745;251251;218094;67.4;58.5
79;2021-08-05;2901;2212;254152;220306;68.2;59.1
79;2021-08-06;2529;1637;256681;221943;68.9;59.6
79;2021-08-07;872;812;257553;222755;69.1;59.8
79;2021-08-08;4;3;257557;222758;69.1;59.8
79;2021-08-09;2493;1085;260050;223843;69.8;60.1
79;2021-08-10;2975;1545;263025;225388;70.6;60.5
79;2021-08-11;2580;1661;265605;227049;71.3;60.9
79;2021-08-12;2766;1424;268371;228473;72.0;61.3
79;2021-08-13;2866;1060;271237;229533;72.8;61.6
79;2021-08-14;518;391;271755;229924;72.9;61.7
79;2021-08-15;7;5;271762;229929;72.9;61.7
79;2021-08-16;1762;1197;273524;231126;73.4;62.0
79;2021-08-17;2101;1590;275625;232716;74.0;62.5
79;2021-08-18;1919;1914;277544;234630;74.5;63.0
79;2021-08-19;1612;1708;279156;236338;74.9;63.4
79;2021-08-20;1508;2159;280664;238497;75.3;64.0
79;2021-08-21;237;542;280901;239039;75.4;64.1
79;2021-08-22;1;21;280902;239060;75.4;64.2
79;2021-08-23;858;2175;281760;241235;75.6;64.7
79;2021-08-24;1065;2483;282825;243718;75.9;65.4
79;2021-08-25;1044;2758;283869;246476;76.2;66.1
79;2021-08-26;1015;2329;284884;248805;76.5;66.8
79;2021-08-27;609;2057;285493;250862;76.6;67.3
79;2021-08-28;295;839;285788;251701;76.7;67.5
79;2021-08-29;7;5;285795;251706;76.7;67.5
79;2021-08-30;553;2366;286348;254072;76.8;68.2
79;2021-08-31;633;2537;286981;256609;77.0;68.9
79;2021-09-01;647;2691;287628;259300;77.2;69.6
79;2021-09-02;755;2509;288383;261809;77.4;70.3
79;2021-09-03;632;2790;289015;264599;77.6;71.0
79;2021-09-04;265;722;289280;265321;77.6;71.2
79;2021-09-05;12;24;289292;265345;77.6;71.2
79;2021-09-06;329;1900;289621;267245;77.7;71.7
79;2021-09-07;342;2139;289963;269384;77.8;72.3
79;2021-09-08;537;2233;290500;271617;78.0;72.9
79;2021-09-09;314;1761;290814;273378;78.0;73.4
80;2020-12-27;0;0;0;0;0.0;0.0
80;2020-12-28;0;0;0;0;0.0;0.0
80;2020-12-29;11;0;11;0;0.0;0.0
80;2020-12-30;0;0;11;0;0.0;0.0
80;2020-12-31;0;0;11;0;0.0;0.0
80;2021-01-01;0;0;11;0;0.0;0.0
80;2021-01-02;0;0;11;0;0.0;0.0
80;2021-01-03;1;0;12;0;0.0;0.0
80;2021-01-04;0;0;12;0;0.0;0.0
80;2021-01-05;0;0;12;0;0.0;0.0
80;2021-01-06;30;0;42;0;0.0;0.0
80;2021-01-07;276;2;318;2;0.1;0.0
80;2021-01-08;330;0;648;2;0.1;0.0
80;2021-01-09;108;0;756;2;0.1;0.0
80;2021-01-10;21;0;777;2;0.1;0.0
80;2021-01-11;276;0;1053;2;0.2;0.0
80;2021-01-12;428;1;1481;3;0.3;0.0
80;2021-01-13;514;4;1995;7;0.4;0.0
80;2021-01-14;453;4;2448;11;0.4;0.0
80;2021-01-15;331;1;2779;12;0.5;0.0
80;2021-01-16;103;1;2882;13;0.5;0.0
80;2021-01-17;102;1;2984;14;0.5;0.0
80;2021-01-18;412;2;3396;16;0.6;0.0
80;2021-01-19;962;16;4358;32;0.8;0.0
80;2021-01-20;1086;10;5444;42;1.0;0.0
80;2021-01-21;1011;9;6455;51;1.1;0.0
80;2021-01-22;1113;4;7568;55;1.3;0.0
80;2021-01-23;907;3;8475;58;1.5;0.0
80;2021-01-24;824;5;9299;63;1.6;0.0
80;2021-01-25;1542;10;10841;73;1.9;0.0
80;2021-01-26;1480;11;12321;84;2.2;0.0
80;2021-01-27;822;22;13143;106;2.3;0.0
80;2021-01-28;623;157;13766;263;2.4;0.0
80;2021-01-29;637;193;14403;456;2.5;0.1
80;2021-01-30;87;55;14490;511;2.5;0.1
80;2021-01-31;0;0;14490;511;2.5;0.1
80;2021-02-01;26;238;14516;749;2.5;0.1
80;2021-02-02;21;434;14537;1183;2.6;0.2
80;2021-02-03;29;502;14566;1685;2.6;0.3
80;2021-02-04;278;315;14844;2000;2.6;0.4
80;2021-02-05;347;201;15191;2201;2.7;0.4
80;2021-02-06;168;59;15359;2260;2.7;0.4
80;2021-02-07;1;0;15360;2260;2.7;0.4
80;2021-02-08;426;213;15786;2473;2.8;0.4
80;2021-02-09;686;236;16472;2709;2.9;0.5
80;2021-02-10;606;477;17078;3186;3.0;0.6
80;2021-02-11;862;315;17940;3501;3.1;0.6
80;2021-02-12;945;294;18885;3795;3.3;0.7
80;2021-02-13;197;405;19082;4200;3.3;0.7
80;2021-02-14;78;553;19160;4753;3.4;0.8
80;2021-02-15;606;966;19766;5719;3.5;1.0
80;2021-02-16;688;1027;20454;6746;3.6;1.2
80;2021-02-17;485;1044;20939;7790;3.7;1.4
80;2021-02-18;569;964;21508;8754;3.8;1.5
80;2021-02-19;503;710;22011;9464;3.9;1.7
80;2021-02-20;22;405;22033;9869;3.9;1.7
80;2021-02-21;47;42;22080;9911;3.9;1.7
80;2021-02-22;148;505;22228;10416;3.9;1.8
80;2021-02-23;471;608;22699;11024;4.0;1.9
80;2021-02-24;431;571;23130;11595;4.1;2.0
80;2021-02-25;815;454;23945;12049;4.2;2.1
80;2021-02-26;1063;448;25008;12497;4.4;2.2
80;2021-02-27;475;61;25483;12558;4.5;2.2
80;2021-02-28;49;22;25532;12580;4.5;2.2
80;2021-03-01;729;64;26261;12644;4.6;2.2
80;2021-03-02;1013;90;27274;12734;4.8;2.2
80;2021-03-03;982;54;28256;12788;5.0;2.2
80;2021-03-04;1391;216;29647;13004;5.2;2.3
80;2021-03-05;1874;318;31521;13322;5.5;2.3
80;2021-03-06;2918;331;34439;13653;6.0;2.4
80;2021-03-07;1843;76;36282;13729;6.4;2.4
80;2021-03-08;715;577;36997;14306;6.5;2.5
80;2021-03-09;1310;866;38307;15172;6.7;2.7
80;2021-03-10;1724;735;40031;15907;7.0;2.8
80;2021-03-11;1910;792;41941;16699;7.4;2.9
80;2021-03-12;3138;734;45079;17433;7.9;3.1
80;2021-03-13;4008;204;49087;17637;8.6;3.1
80;2021-03-14;350;13;49437;17650;8.7;3.1
80;2021-03-15;1014;243;50451;17893;8.9;3.1
80;2021-03-16;882;338;51333;18231;9.0;3.2
80;2021-03-17;665;274;51998;18505;9.1;3.2
80;2021-03-18;1002;293;53000;18798;9.3;3.3
80;2021-03-19;1739;376;54739;19174;9.6;3.4
80;2021-03-20;3822;117;58561;19291;10.3;3.4
80;2021-03-21;486;31;59047;19322;10.4;3.4
80;2021-03-22;903;287;59950;19609;10.5;3.4
80;2021-03-23;1713;415;61663;20024;10.8;3.5
80;2021-03-24;1755;465;63418;20489;11.1;3.6
80;2021-03-25;2715;446;66133;20935;11.6;3.7
80;2021-03-26;3105;416;69238;21351;12.2;3.7
80;2021-03-27;2237;226;71475;21577;12.5;3.8
80;2021-03-28;676;93;72151;21670;12.7;3.8
80;2021-03-29;1979;743;74130;22413;13.0;3.9
80;2021-03-30;1969;864;76099;23277;13.4;4.1
80;2021-03-31;1495;981;77594;24258;13.6;4.3
80;2021-04-01;1951;1485;79545;25743;14.0;4.5
80;2021-04-02;2811;1560;82356;27303;14.5;4.8
80;2021-04-03;3046;853;85402;28156;15.0;4.9
80;2021-04-04;134;8;85536;28164;15.0;4.9
80;2021-04-05;684;197;86220;28361;15.1;5.0
80;2021-04-06;1280;962;87500;29323;15.4;5.1
80;2021-04-07;1624;1195;89124;30518;15.6;5.4
80;2021-04-08;2154;841;91278;31359;16.0;5.5
80;2021-04-09;3530;1351;94808;32710;16.6;5.7
80;2021-04-10;2737;1945;97545;34655;17.1;6.1
80;2021-04-11;189;176;97734;34831;17.2;6.1
80;2021-04-12;1815;484;99549;35315;17.5;6.2
80;2021-04-13;2385;1031;101934;36346;17.9;6.4
80;2021-04-14;2770;1163;104704;37509;18.4;6.6
80;2021-04-15;3731;877;108435;38386;19.0;6.7
80;2021-04-16;3337;871;111772;39257;19.6;6.9
80;2021-04-17;1653;2295;113425;41552;19.9;7.3
80;2021-04-18;372;390;113797;41942;20.0;7.4
80;2021-04-19;951;773;114748;42715;20.1;7.5
80;2021-04-20;1612;819;116360;43534;20.4;7.6
80;2021-04-21;1612;995;117972;44529;20.7;7.8
80;2021-04-22;2167;1252;120139;45781;21.1;8.0
80;2021-04-23;2639;1245;122778;47026;21.5;8.3
80;2021-04-24;1356;1190;124134;48216;21.8;8.5
80;2021-04-25;209;531;124343;48747;21.8;8.6
80;2021-04-26;1295;1438;125638;50185;22.1;8.8
80;2021-04-27;2024;1396;127662;51581;22.4;9.1
80;2021-04-28;2199;1385;129861;52966;22.8;9.3
80;2021-04-29;3219;1874;133080;54840;23.4;9.6
80;2021-04-30;3081;2849;136161;57689;23.9;10.1
80;2021-05-01;987;658;137148;58347;24.1;10.2
80;2021-05-02;371;53;137519;58400;24.1;10.2
80;2021-05-03;2722;1186;140241;59586;24.6;10.5
80;2021-05-04;2495;1702;142736;61288;25.1;10.8
80;2021-05-05;3365;1895;146101;63183;25.6;11.1
80;2021-05-06;3172;2553;149273;65736;26.2;11.5
80;2021-05-07;3454;2689;152727;68425;26.8;12.0
80;2021-05-08;2782;925;155509;69350;27.3;12.2
80;2021-05-09;1408;268;156917;69618;27.5;12.2
80;2021-05-10;1880;1831;158797;71449;27.9;12.5
80;2021-05-11;3276;1803;162073;73252;28.4;12.9
80;2021-05-12;4703;1575;166776;74827;29.3;13.1
80;2021-05-13;3836;367;170612;75194;29.9;13.2
80;2021-05-14;5189;1394;175801;76588;30.9;13.4
80;2021-05-15;5918;1053;181719;77641;31.9;13.6
80;2021-05-16;2678;307;184397;77948;32.4;13.7
80;2021-05-17;2372;818;186769;78766;32.8;13.8
80;2021-05-18;3949;854;190718;79620;33.5;14.0
80;2021-05-19;4020;945;194738;80565;34.2;14.1
80;2021-05-20;4569;1220;199307;81785;35.0;14.4
80;2021-05-21;4892;1666;204199;83451;35.8;14.6
80;2021-05-22;5031;1159;209230;84610;36.7;14.8
80;2021-05-23;1783;237;211013;84847;37.0;14.9
80;2021-05-24;1469;159;212482;85006;37.3;14.9
80;2021-05-25;2622;1135;215104;86141;37.8;15.1
80;2021-05-26;4251;1703;219355;87844;38.5;15.4
80;2021-05-27;3977;2468;223332;90312;39.2;15.9
80;2021-05-28;3866;2976;227198;93288;39.9;16.4
80;2021-05-29;3699;1629;230897;94917;40.5;16.7
80;2021-05-30;1182;198;232079;95115;40.7;16.7
80;2021-05-31;2605;1373;234684;96488;41.2;16.9
80;2021-06-01;4032;2434;238716;98922;41.9;17.4
80;2021-06-02;3335;2004;242051;100926;42.5;17.7
80;2021-06-03;4268;2928;246319;103854;43.2;18.2
80;2021-06-04;4795;3083;251114;106937;44.1;18.8
80;2021-06-05;3561;2068;254675;109005;44.7;19.1
80;2021-06-06;802;211;255477;109216;44.8;19.2
80;2021-06-07;1753;1946;257230;111162;45.1;19.5
80;2021-06-08;2747;2553;259977;113715;45.6;20.0
80;2021-06-09;3010;2733;262987;116448;46.2;20.4
80;2021-06-10;3168;3169;266155;119617;46.7;21.0
80;2021-06-11;3223;3896;269378;123513;47.3;21.7
80;2021-06-12;3043;2326;272421;125839;47.8;22.1
80;2021-06-13;473;404;272894;126243;47.9;22.2
80;2021-06-14;1265;2851;274159;129094;48.1;22.7
80;2021-06-15;2315;3421;276474;132515;48.5;23.3
80;2021-06-16;1563;4213;278037;136728;48.8;24.0
80;2021-06-17;2362;3626;280399;140354;49.2;24.6
80;2021-06-18;2554;3900;282953;144254;49.7;25.3
80;2021-06-19;2989;4341;285942;148595;50.2;26.1
80;2021-06-20;203;1077;286145;149672;50.2;26.3
80;2021-06-21;1017;2619;287162;152291;50.4;26.7
80;2021-06-22;1152;3932;288314;156223;50.6;27.4
80;2021-06-23;1855;5290;290169;161513;50.9;28.3
80;2021-06-24;1701;4683;291870;166196;51.2;29.2
80;2021-06-25;1375;6123;293245;172319;51.5;30.2
80;2021-06-26;1936;6183;295181;178502;51.8;31.3
80;2021-06-27;332;2031;295513;180533;51.9;31.7
80;2021-06-28;909;3168;296422;183701;52.0;32.2
80;2021-06-29;1923;4619;298345;188320;52.4;33.1
80;2021-06-30;1252;4785;299597;193105;52.6;33.9
80;2021-07-01;1629;5000;301226;198105;52.9;34.8
80;2021-07-02;1880;5988;303106;204093;53.2;35.8
80;2021-07-03;1331;5267;304437;209360;53.4;36.7
80;2021-07-04;692;1471;305129;210831;53.6;37.0
80;2021-07-05;908;2963;306037;213794;53.7;37.5
80;2021-07-06;1873;3988;307910;217782;54.0;38.2
80;2021-07-07;1577;4507;309487;222289;54.3;39.0
80;2021-07-08;2097;5003;311584;227292;54.7;39.9
80;2021-07-09;2619;5471;314203;232763;55.1;40.9
80;2021-07-10;1635;4019;315838;236782;55.4;41.6
80;2021-07-11;406;804;316244;237586;55.5;41.7
80;2021-07-12;882;3379;317126;240965;55.7;42.3
80;2021-07-13;2102;5085;319228;246050;56.0;43.2
80;2021-07-14;2803;1748;322031;247798;56.5;43.5
80;2021-07-15;2808;5297;324839;253095;57.0;44.4
80;2021-07-16;3898;5892;328737;258987;57.7;45.5
80;2021-07-17;3384;4462;332121;263449;58.3;46.2
80;2021-07-18;875;896;332996;264345;58.4;46.4
80;2021-07-19;2163;2884;335159;267229;58.8;46.9
80;2021-07-20;3331;4903;338490;272132;59.4;47.8
80;2021-07-21;3510;4495;342000;276627;60.0;48.6
80;2021-07-22;4373;4572;346373;281199;60.8;49.4
80;2021-07-23;5407;4828;351780;286027;61.7;50.2
80;2021-07-24;4377;4345;356157;290372;62.5;51.0
80;2021-07-25;1186;650;357343;291022;62.7;51.1
80;2021-07-26;2682;2338;360025;293360;63.2;51.5
80;2021-07-27;4372;3708;364397;297068;64.0;52.1
80;2021-07-28;5102;2800;369499;299868;64.9;52.6
80;2021-07-29;4993;3229;374492;303097;65.7;53.2
80;2021-07-30;5028;3640;379520;306737;66.6;53.8
80;2021-07-31;4155;2929;383675;309666;67.3;54.3
80;2021-08-01;1288;362;384963;310028;67.6;54.4
80;2021-08-02;2058;1756;387021;311784;67.9;54.7
80;2021-08-03;3718;2363;390739;314147;68.6;55.1
80;2021-08-04;3368;2489;394107;316636;69.2;55.6
80;2021-08-05;3134;2572;397241;319208;69.7;56.0
80;2021-08-06;3248;2901;400489;322109;70.3;56.5
80;2021-08-07;2421;2667;402910;324776;70.7;57.0
80;2021-08-08;618;723;403528;325499;70.8;57.1
80;2021-08-09;1382;2120;404910;327619;71.1;57.5
80;2021-08-10;2348;2848;407258;330467;71.5;58.0
80;2021-08-11;1941;2481;409199;332948;71.8;58.4
80;2021-08-12;2236;2679;411435;335627;72.2;58.9
80;2021-08-13;1882;3156;413317;338783;72.5;59.5
80;2021-08-14;1411;2143;414728;340926;72.8;59.8
80;2021-08-15;318;673;415046;341599;72.8;60.0
80;2021-08-16;896;2517;415942;344116;73.0;60.4
80;2021-08-17;1709;3552;417651;347668;73.3;61.0
80;2021-08-18;1236;3713;418887;351381;73.5;61.7
80;2021-08-19;1562;3820;420449;355201;73.8;62.3
80;2021-08-20;1258;4430;421707;359631;74.0;63.1
80;2021-08-21;1068;2683;422775;362314;74.2;63.6
80;2021-08-22;145;679;422920;362993;74.2;63.7
80;2021-08-23;581;2997;423501;365990;74.3;64.2
80;2021-08-24;1091;4367;424592;370357;74.5;65.0
80;2021-08-25;970;3672;425562;374029;74.7;65.6
80;2021-08-26;955;3817;426517;377846;74.9;66.3
80;2021-08-27;1014;4454;427531;382300;75.0;67.1
80;2021-08-28;716;3348;428247;385648;75.2;67.7
80;2021-08-29;197;555;428444;386203;75.2;67.8
80;2021-08-30;499;2305;428943;388508;75.3;68.2
80;2021-08-31;748;3182;429691;391690;75.4;68.7
80;2021-09-01;675;2480;430366;394170;75.5;69.2
80;2021-09-02;525;2275;430891;396445;75.6;69.6
80;2021-09-03;755;3072;431646;399517;75.8;70.1
80;2021-09-04;951;2750;432597;402267;75.9;70.6
80;2021-09-05;165;372;432762;402639;76.0;70.7
80;2021-09-06;420;1555;433182;404194;76.0;70.9
80;2021-09-07;487;1832;433669;406026;76.1;71.3
80;2021-09-08;491;1871;434160;407897;76.2;71.6
80;2021-09-09;520;1753;434680;409650;76.3;71.9
81;2020-12-27;0;0;0;0;0.0;0.0
81;2020-12-28;0;0;0;0;0.0;0.0
81;2020-12-29;0;0;0;0;0.0;0.0
81;2020-12-30;0;0;0;0;0.0;0.0
81;2020-12-31;0;0;0;0;0.0;0.0
81;2021-01-01;0;0;0;0;0.0;0.0
81;2021-01-02;0;0;0;0;0.0;0.0
81;2021-01-03;0;0;0;0;0.0;0.0
81;2021-01-04;1;0;1;0;0.0;0.0
81;2021-01-05;0;0;1;0;0.0;0.0
81;2021-01-06;5;0;6;0;0.0;0.0
81;2021-01-07;266;0;272;0;0.1;0.0
81;2021-01-08;312;1;584;1;0.2;0.0
81;2021-01-09;74;1;658;2;0.2;0.0
81;2021-01-10;1;0;659;2;0.2;0.0
81;2021-01-11;133;0;792;2;0.2;0.0
81;2021-01-12;167;0;959;2;0.2;0.0
81;2021-01-13;233;1;1192;3;0.3;0.0
81;2021-01-14;963;7;2155;10;0.6;0.0
81;2021-01-15;524;3;2679;13;0.7;0.0
81;2021-01-16;72;0;2751;13;0.7;0.0
81;2021-01-17;0;0;2751;13;0.7;0.0
81;2021-01-18;581;2;3332;15;0.9;0.0
81;2021-01-19;662;4;3994;19;1.0;0.0
81;2021-01-20;752;2;4746;21;1.2;0.0
81;2021-01-21;1186;4;5932;25;1.5;0.0
81;2021-01-22;856;2;6788;27;1.7;0.0
81;2021-01-23;221;2;7009;29;1.8;0.0
81;2021-01-24;102;0;7111;29;1.8;0.0
81;2021-01-25;568;3;7679;32;2.0;0.0
81;2021-01-26;634;4;8313;36;2.1;0.0
81;2021-01-27;551;1;8864;37;2.3;0.0
81;2021-01-28;700;204;9564;241;2.5;0.1
81;2021-01-29;303;173;9867;414;2.5;0.1
81;2021-01-30;204;36;10071;450;2.6;0.1
81;2021-01-31;104;1;10175;451;2.6;0.1
81;2021-02-01;320;121;10495;572;2.7;0.1
81;2021-02-02;445;131;10940;703;2.8;0.2
81;2021-02-03;476;214;11416;917;2.9;0.2
81;2021-02-04;1446;682;12862;1599;3.3;0.4
81;2021-02-05;870;309;13732;1908;3.5;0.5
81;2021-02-06;274;18;14006;1926;3.6;0.5
81;2021-02-07;103;0;14109;1926;3.6;0.5
81;2021-02-08;275;199;14384;2125;3.7;0.5
81;2021-02-09;419;194;14803;2319;3.8;0.6
81;2021-02-10;371;271;15174;2590;3.9;0.7
81;2021-02-11;651;374;15825;2964;4.1;0.8
81;2021-02-12;579;523;16404;3487;4.2;0.9
81;2021-02-13;188;115;16592;3602;4.3;0.9
81;2021-02-14;100;1;16692;3603;4.3;0.9
81;2021-02-15;234;364;16926;3967;4.4;1.0
81;2021-02-16;281;501;17207;4468;4.4;1.2
81;2021-02-17;242;430;17449;4898;4.5;1.3
81;2021-02-18;482;593;17931;5491;4.6;1.4
81;2021-02-19;569;339;18500;5830;4.8;1.5
81;2021-02-20;322;235;18822;6065;4.9;1.6
81;2021-02-21;23;74;18845;6139;4.9;1.6
81;2021-02-22;232;456;19077;6595;4.9;1.7
81;2021-02-23;168;514;19245;7109;5.0;1.8
81;2021-02-24;291;544;19536;7653;5.0;2.0
81;2021-02-25;716;970;20252;8623;5.2;2.2
81;2021-02-26;909;916;21161;9539;5.5;2.5
81;2021-02-27;275;227;21436;9766;5.5;2.5
81;2021-02-28;21;73;21457;9839;5.5;2.5
81;2021-03-01;208;373;21665;10212;5.6;2.6
81;2021-03-02;364;499;22029;10711;5.7;2.8
81;2021-03-03;462;390;22491;11101;5.8;2.9
81;2021-03-04;1061;435;23552;11536;6.1;3.0
81;2021-03-05;1407;368;24959;11904;6.4;3.1
81;2021-03-06;982;161;25941;12065;6.7;3.1
81;2021-03-07;154;95;26095;12160;6.7;3.1
81;2021-03-08;466;334;26561;12494;6.8;3.2
81;2021-03-09;814;356;27375;12850;7.1;3.3
81;2021-03-10;899;382;28274;13232;7.3;3.4
81;2021-03-11;1352;353;29626;13585;7.6;3.5
81;2021-03-12;1690;300;31316;13885;8.1;3.6
81;2021-03-13;1030;185;32346;14070;8.3;3.6
81;2021-03-14;66;82;32412;14152;8.4;3.6
81;2021-03-15;1093;224;33505;14376;8.6;3.7
81;2021-03-16;724;225;34229;14601;8.8;3.8
81;2021-03-17;893;279;35122;14880;9.1;3.8
81;2021-03-18;970;575;36092;15455;9.3;4.0
81;2021-03-19;1271;456;37363;15911;9.6;4.1
81;2021-03-20;677;285;38040;16196;9.8;4.2
81;2021-03-21;139;22;38179;16218;9.8;4.2
81;2021-03-22;933;278;39112;16496;10.1;4.3
81;2021-03-23;1421;221;40533;16717;10.4;4.3
81;2021-03-24;1606;264;42139;16981;10.9;4.4
81;2021-03-25;2028;324;44167;17305;11.4;4.5
81;2021-03-26;2101;284;46268;17589;11.9;4.5
81;2021-03-27;1092;37;47360;17626;12.2;4.5
81;2021-03-28;734;38;48094;17664;12.4;4.6
81;2021-03-29;2867;190;50961;17854;13.1;4.6
81;2021-03-30;3055;211;54016;18065;13.9;4.7
81;2021-03-31;2691;300;56707;18365;14.6;4.7
81;2021-04-01;3314;563;60021;18928;15.5;4.9
81;2021-04-02;2615;368;62636;19296;16.1;5.0
81;2021-04-03;1147;305;63783;19601;16.4;5.1
81;2021-04-04;1403;24;65186;19625;16.8;5.1
81;2021-04-05;718;19;65904;19644;17.0;5.1
81;2021-04-06;1599;512;67503;20156;17.4;5.2
81;2021-04-07;1816;583;69319;20739;17.9;5.3
81;2021-04-08;2619;820;71938;21559;18.5;5.6
81;2021-04-09;3052;478;74990;22037;19.3;5.7
81;2021-04-10;1476;515;76466;22552;19.7;5.8
81;2021-04-11;1298;70;77764;22622;20.0;5.8
81;2021-04-12;1220;685;78984;23307;20.4;6.0
81;2021-04-13;2529;791;81513;24098;21.0;6.2
81;2021-04-14;2507;834;84020;24932;21.7;6.4
81;2021-04-15;3098;1200;87118;26132;22.5;6.7
81;2021-04-16;2822;1090;89940;27222;23.2;7.0
81;2021-04-17;1145;296;91085;27518;23.5;7.1
81;2021-04-18;519;145;91604;27663;23.6;7.1
81;2021-04-19;913;819;92517;28482;23.9;7.3
81;2021-04-20;2270;1168;94787;29650;24.4;7.6
81;2021-04-21;2224;1007;97011;30657;25.0;7.9
81;2021-04-22;2817;1061;99828;31718;25.7;8.2
81;2021-04-23;2886;969;102714;32687;26.5;8.4
81;2021-04-24;1327;742;104041;33429;26.8;8.6
81;2021-04-25;454;715;104495;34144;26.9;8.8
81;2021-04-26;1061;2421;105556;36565;27.2;9.4
81;2021-04-27;1597;2348;107153;38913;27.6;10.0
81;2021-04-28;1427;2395;108580;41308;28.0;10.6
81;2021-04-29;1818;2740;110398;44048;28.5;11.4
81;2021-04-30;2014;2349;112412;46397;29.0;12.0
81;2021-05-01;362;685;112774;47082;29.1;12.1
81;2021-05-02;291;1376;113065;48458;29.1;12.5
81;2021-05-03;1116;1168;114181;49626;29.4;12.8
81;2021-05-04;2619;1908;116800;51534;30.1;13.3
81;2021-05-05;2016;1931;118816;53465;30.6;13.8
81;2021-05-06;2748;3454;121564;56919;31.3;14.7
81;2021-05-07;2128;2881;123692;59800;31.9;15.4
81;2021-05-08;963;878;124655;60678;32.1;15.6
81;2021-05-09;534;1351;125189;62029;32.3;16.0
81;2021-05-10;825;1600;126014;63629;32.5;16.4
81;2021-05-11;1661;2573;127675;66202;32.9;17.1
81;2021-05-12;1640;2465;129315;68667;33.3;17.7
81;2021-05-13;1216;564;130531;69231;33.7;17.8
81;2021-05-14;1890;1724;132421;70955;34.1;18.3
81;2021-05-15;1511;618;133932;71573;34.5;18.5
81;2021-05-16;1368;417;135300;71990;34.9;18.6
81;2021-05-17;1167;864;136467;72854;35.2;18.8
81;2021-05-18;1702;1428;138169;74282;35.6;19.1
81;2021-05-19;2643;1245;140812;75527;36.3;19.5
81;2021-05-20;2968;1351;143780;76878;37.1;19.8
81;2021-05-21;2739;1115;146519;77993;37.8;20.1
81;2021-05-22;2815;517;149334;78510;38.5;20.2
81;2021-05-23;1178;74;150512;78584;38.8;20.3
81;2021-05-24;837;81;151349;78665;39.0;20.3
81;2021-05-25;2493;1104;153842;79769;39.7;20.6
81;2021-05-26;1892;800;155734;80569;40.1;20.8
81;2021-05-27;2556;1545;158290;82114;40.8;21.2
81;2021-05-28;2566;1661;160856;83775;41.5;21.6
81;2021-05-29;1400;542;162256;84317;41.8;21.7
81;2021-05-30;935;219;163191;84536;42.1;21.8
81;2021-05-31;1183;1336;164374;85872;42.4;22.1
81;2021-06-01;1781;2696;166155;88568;42.8;22.8
81;2021-06-02;2006;2445;168161;91013;43.4;23.5
81;2021-06-03;2004;2531;170165;93544;43.9;24.1
81;2021-06-04;1844;2943;172009;96487;44.3;24.9
81;2021-06-05;1758;1308;173767;97795;44.8;25.2
81;2021-06-06;370;366;174137;98161;44.9;25.3
81;2021-06-07;1209;1540;175346;99701;45.2;25.7
81;2021-06-08;2371;2384;177717;102085;45.8;26.3
81;2021-06-09;2440;1867;180157;103952;46.4;26.8
81;2021-06-10;1279;1563;181436;105515;46.8;27.2
81;2021-06-11;2658;2198;184094;107713;47.5;27.8
81;2021-06-12;1659;1037;185753;108750;47.9;28.0
81;2021-06-13;444;475;186197;109225;48.0;28.2
81;2021-06-14;772;1417;186969;110642;48.2;28.5
81;2021-06-15;1678;3500;188647;114142;48.6;29.4
81;2021-06-16;1269;3013;189916;117155;49.0;30.2
81;2021-06-17;1344;2525;191260;119680;49.3;30.9
81;2021-06-18;1837;2771;193097;122451;49.8;31.6
81;2021-06-19;825;950;193922;123401;50.0;31.8
81;2021-06-20;405;536;194327;123937;50.1;32.0
81;2021-06-21;426;1038;194753;124975;50.2;32.2
81;2021-06-22;1061;2568;195814;127543;50.5;32.9
81;2021-06-23;1142;2158;196956;129701;50.8;33.4
81;2021-06-24;1115;1937;198071;131638;51.1;33.9
81;2021-06-25;1239;2864;199310;134502;51.4;34.7
81;2021-06-26;722;1712;200032;136214;51.6;35.1
81;2021-06-27;526;1646;200558;137860;51.7;35.5
81;2021-06-28;476;1540;201034;139400;51.8;35.9
81;2021-06-29;1083;2637;202117;142037;52.1;36.6
81;2021-06-30;1042;3153;203159;145190;52.4;37.4
81;2021-07-01;951;2628;204110;147818;52.6;38.1
81;2021-07-02;1070;2860;205180;150678;52.9;38.8
81;2021-07-03;732;2829;205912;153507;53.1;39.6
81;2021-07-04;268;1010;206180;154517;53.2;39.8
81;2021-07-05;703;1623;206883;156140;53.3;40.3
81;2021-07-06;975;3176;207858;159316;53.6;41.1
81;2021-07-07;1059;2436;208917;161752;53.9;41.7
81;2021-07-08;1030;2233;209947;163985;54.1;42.3
81;2021-07-09;1147;2702;211094;166687;54.4;43.0
81;2021-07-10;807;1523;211901;168210;54.6;43.4
81;2021-07-11;436;1012;212337;169222;54.7;43.6
81;2021-07-12;737;1726;213074;170948;54.9;44.1
81;2021-07-13;2066;3144;215140;174092;55.5;44.9
81;2021-07-14;1443;1572;216583;175664;55.8;45.3
81;2021-07-15;2546;2761;219129;178425;56.5;46.0
81;2021-07-16;2035;3031;221164;181456;57.0;46.8
81;2021-07-17;1219;2452;222383;183908;57.3;47.4
81;2021-07-18;672;1130;223055;185038;57.5;47.7
81;2021-07-19;1256;1734;224311;186772;57.8;48.1
81;2021-07-20;3066;2807;227377;189579;58.6;48.9
81;2021-07-21;3492;2345;230869;191924;59.5;49.5
81;2021-07-22;3561;2097;234430;194021;60.4;50.0
81;2021-07-23;3174;3248;237604;197269;61.3;50.9
81;2021-07-24;2519;1722;240123;198991;61.9;51.3
81;2021-07-25;1685;711;241808;199702;62.3;51.5
81;2021-07-26;2015;1546;243823;201248;62.9;51.9
81;2021-07-27;3620;2543;247443;203791;63.8;52.5
81;2021-07-28;3052;2206;250495;205997;64.6;53.1
81;2021-07-29;3355;1779;253850;207776;65.4;53.6
81;2021-07-30;2829;2261;256679;210037;66.2;54.1
81;2021-07-31;1948;1015;258627;211052;66.7;54.4
81;2021-08-01;836;637;259463;211689;66.9;54.6
81;2021-08-02;1082;989;260545;212678;67.2;54.8
81;2021-08-03;2362;2115;262907;214793;67.8;55.4
81;2021-08-04;2030;1536;264937;216329;68.3;55.8
81;2021-08-05;1540;1873;266477;218202;68.7;56.3
81;2021-08-06;1729;1971;268206;220173;69.1;56.8
81;2021-08-07;983;1042;269189;221215;69.4;57.0
81;2021-08-08;437;708;269626;221923;69.5;57.2
81;2021-08-09;804;659;270430;222582;69.7;57.4
81;2021-08-10;1606;2754;272036;225336;70.1;58.1
81;2021-08-11;1109;2407;273145;227743;70.4;58.7
81;2021-08-12;1062;2249;274207;229992;70.7;59.3
81;2021-08-13;871;2471;275078;232463;70.9;59.9
81;2021-08-14;501;1874;275579;234337;71.0;60.4
81;2021-08-15;141;1100;275720;235437;71.1;60.7
81;2021-08-16;631;1820;276351;237257;71.2;61.2
81;2021-08-17;1347;3101;277698;240358;71.6;62.0
81;2021-08-18;1064;2360;278762;242718;71.9;62.6
81;2021-08-19;937;2265;279699;244983;72.1;63.2
81;2021-08-20;916;2353;280615;247336;72.3;63.8
81;2021-08-21;466;1535;281081;248871;72.5;64.2
81;2021-08-22;184;930;281265;249801;72.5;64.4
81;2021-08-23;482;1263;281747;251064;72.6;64.7
81;2021-08-24;838;2539;282585;253603;72.9;65.4
81;2021-08-25;699;2052;283284;255655;73.0;65.9
81;2021-08-26;851;2107;284135;257762;73.2;66.5
81;2021-08-27;845;2183;284980;259945;73.5;67.0
81;2021-08-28;472;1416;285452;261361;73.6;67.4
81;2021-08-29;163;829;285615;262190;73.6;67.6
81;2021-08-30;416;1210;286031;263400;73.7;67.9
81;2021-08-31;825;2114;286856;265514;74.0;68.4
81;2021-09-01;648;1409;287504;266923;74.1;68.8
81;2021-09-02;567;1305;288071;268228;74.3;69.1
81;2021-09-03;578;1462;288649;269690;74.4;69.5
81;2021-09-04;496;931;289145;270621;74.5;69.8
81;2021-09-05;98;245;289243;270866;74.6;69.8
81;2021-09-06;271;677;289514;271543;74.6;70.0
81;2021-09-07;379;1377;289893;272920;74.7;70.4
81;2021-09-08;431;1258;290324;274178;74.8;70.7
81;2021-09-09;354;1002;290678;275180;74.9;70.9
82;2020-12-27;0;0;0;0;0.0;0.0
82;2020-12-28;2;0;2;0;0.0;0.0
82;2020-12-29;0;0;2;0;0.0;0.0
82;2020-12-30;0;0;2;0;0.0;0.0
82;2020-12-31;0;0;2;0;0.0;0.0
82;2021-01-01;0;0;2;0;0.0;0.0
82;2021-01-02;0;0;2;0;0.0;0.0
82;2021-01-03;0;0;2;0;0.0;0.0
82;2021-01-04;0;0;2;0;0.0;0.0
82;2021-01-05;86;0;88;0;0.0;0.0
82;2021-01-06;1;0;89;0;0.0;0.0
82;2021-01-07;75;0;164;0;0.1;0.0
82;2021-01-08;46;0;210;0;0.1;0.0
82;2021-01-09;77;0;287;0;0.1;0.0
82;2021-01-10;0;0;287;0;0.1;0.0
82;2021-01-11;94;0;381;0;0.1;0.0
82;2021-01-12;284;0;665;0;0.3;0.0
82;2021-01-13;336;1;1001;1;0.4;0.0
82;2021-01-14;444;3;1445;4;0.6;0.0
82;2021-01-15;612;2;2057;6;0.8;0.0
82;2021-01-16;230;3;2287;9;0.9;0.0
82;2021-01-17;89;0;2376;9;0.9;0.0
82;2021-01-18;432;0;2808;9;1.1;0.0
82;2021-01-19;482;1;3290;10;1.3;0.0
82;2021-01-20;663;2;3953;12;1.5;0.0
82;2021-01-21;447;1;4400;13;1.7;0.0
82;2021-01-22;483;2;4883;15;1.9;0.0
82;2021-01-23;151;0;5034;15;1.9;0.0
82;2021-01-24;0;0;5034;15;1.9;0.0
82;2021-01-25;376;0;5410;15;2.1;0.0
82;2021-01-26;468;0;5878;15;2.2;0.0
82;2021-01-27;519;0;6397;15;2.4;0.0
82;2021-01-28;586;34;6983;49;2.7;0.0
82;2021-01-29;405;108;7388;157;2.8;0.1
82;2021-01-30;44;20;7432;177;2.8;0.1
82;2021-01-31;0;0;7432;177;2.8;0.1
82;2021-02-01;294;54;7726;231;2.9;0.1
82;2021-02-02;344;98;8070;329;3.1;0.1
82;2021-02-03;462;66;8532;395;3.2;0.2
82;2021-02-04;765;215;9297;610;3.5;0.2
82;2021-02-05;480;136;9777;746;3.7;0.3
82;2021-02-06;93;36;9870;782;3.8;0.3
82;2021-02-07;29;79;9899;861;3.8;0.3
82;2021-02-08;149;201;10048;1062;3.8;0.4
82;2021-02-09;238;357;10286;1419;3.9;0.5
82;2021-02-10;271;562;10557;1981;4.0;0.8
82;2021-02-11;225;369;10782;2350;4.1;0.9
82;2021-02-12;190;573;10972;2923;4.2;1.1
82;2021-02-13;60;109;11032;3032;4.2;1.2
82;2021-02-14;5;65;11037;3097;4.2;1.2
82;2021-02-15;217;274;11254;3371;4.3;1.3
82;2021-02-16;280;351;11534;3722;4.4;1.4
82;2021-02-17;359;485;11893;4207;4.5;1.6
82;2021-02-18;507;482;12400;4689;4.7;1.8
82;2021-02-19;490;517;12890;5206;4.9;2.0
82;2021-02-20;78;128;12968;5334;4.9;2.0
82;2021-02-21;0;0;12968;5334;4.9;2.0
82;2021-02-22;200;370;13168;5704;5.0;2.2
82;2021-02-23;277;434;13445;6138;5.1;2.3
82;2021-02-24;283;418;13728;6556;5.2;2.5
82;2021-02-25;639;481;14367;7037;5.5;2.7
82;2021-02-26;648;387;15015;7424;5.7;2.8
82;2021-02-27;214;64;15229;7488;5.8;2.9
82;2021-02-28;30;7;15259;7495;5.8;2.9
82;2021-03-01;291;212;15550;7707;5.9;2.9
82;2021-03-02;495;376;16045;8083;6.1;3.1
82;2021-03-03;440;363;16485;8446;6.3;3.2
82;2021-03-04;600;294;17085;8740;6.5;3.3
82;2021-03-05;680;369;17765;9109;6.8;3.5
82;2021-03-06;693;42;18458;9151;7.0;3.5
82;2021-03-07;302;3;18760;9154;7.1;3.5
82;2021-03-08;603;150;19363;9304;7.4;3.5
82;2021-03-09;582;248;19945;9552;7.6;3.6
82;2021-03-10;779;241;20724;9793;7.9;3.7
82;2021-03-11;976;283;21700;10076;8.3;3.8
82;2021-03-12;992;99;22692;10175;8.6;3.9
82;2021-03-13;564;54;23256;10229;8.9;3.9
82;2021-03-14;61;5;23317;10234;8.9;3.9
82;2021-03-15;485;320;23802;10554;9.1;4.0
82;2021-03-16;197;326;23999;10880;9.1;4.1
82;2021-03-17;191;291;24190;11171;9.2;4.3
82;2021-03-18;279;345;24469;11516;9.3;4.4
82;2021-03-19;533;310;25002;11826;9.5;4.5
82;2021-03-20;251;56;25253;11882;9.6;4.5
82;2021-03-21;23;0;25276;11882;9.6;4.5
82;2021-03-22;406;319;25682;12201;9.8;4.6
82;2021-03-23;601;312;26283;12513;10.0;4.8
82;2021-03-24;620;325;26903;12838;10.2;4.9
82;2021-03-25;928;245;27831;13083;10.6;5.0
82;2021-03-26;1216;266;29047;13349;11.1;5.1
82;2021-03-27;479;78;29526;13427;11.2;5.1
82;2021-03-28;136;2;29662;13429;11.3;5.1
82;2021-03-29;925;377;30587;13806;11.6;5.3
82;2021-03-30;1188;280;31775;14086;12.1;5.4
82;2021-03-31;1019;262;32794;14348;12.5;5.5
82;2021-04-01;1072;197;33866;14545;12.9;5.5
82;2021-04-02;1212;285;35078;14830;13.4;5.6
82;2021-04-03;715;131;35793;14961;13.6;5.7
82;2021-04-04;276;14;36069;14975;13.7;5.7
82;2021-04-05;388;20;36457;14995;13.9;5.7
82;2021-04-06;953;512;37410;15507;14.2;5.9
82;2021-04-07;1017;497;38427;16004;14.6;6.1
82;2021-04-08;1454;419;39881;16423;15.2;6.3
82;2021-04-09;1656;471;41537;16894;15.8;6.4
82;2021-04-10;1716;102;43253;16996;16.5;6.5
82;2021-04-11;559;19;43812;17015;16.7;6.5
82;2021-04-12;1348;293;45160;17308;17.2;6.6
82;2021-04-13;1626;271;46786;17579;17.8;6.7
82;2021-04-14;1411;296;48197;17875;18.4;6.8
82;2021-04-15;1782;324;49979;18199;19.0;6.9
82;2021-04-16;1542;335;51521;18534;19.6;7.1
82;2021-04-17;1243;70;52764;18604;20.1;7.1
82;2021-04-18;561;15;53325;18619;20.3;7.1
82;2021-04-19;958;358;54283;18977;20.7;7.2
82;2021-04-20;1268;401;55551;19378;21.2;7.4
82;2021-04-21;1219;373;56770;19751;21.6;7.5
82;2021-04-22;1452;294;58222;20045;22.2;7.6
82;2021-04-23;1076;682;59298;20727;22.6;7.9
82;2021-04-24;1188;264;60486;20991;23.0;8.0
82;2021-04-25;736;48;61222;21039;23.3;8.0
82;2021-04-26;748;808;61970;21847;23.6;8.3
82;2021-04-27;905;924;62875;22771;23.9;8.7
82;2021-04-28;921;899;63796;23670;24.3;9.0
82;2021-04-29;1107;912;64903;24582;24.7;9.4
82;2021-04-30;1042;885;65945;25467;25.1;9.7
82;2021-05-01;1143;258;67088;25725;25.5;9.8
82;2021-05-02;697;145;67785;25870;25.8;9.9
82;2021-05-03;410;1215;68195;27085;26.0;10.3
82;2021-05-04;864;1167;69059;28252;26.3;10.8
82;2021-05-05;568;1172;69627;29424;26.5;11.2
82;2021-05-06;848;1411;70475;30835;26.8;11.7
82;2021-05-07;734;1455;71209;32290;27.1;12.3
82;2021-05-08;935;520;72144;32810;27.5;12.5
82;2021-05-09;753;578;72897;33388;27.8;12.7
82;2021-05-10;850;1363;73747;34751;28.1;13.2
82;2021-05-11;1157;1348;74904;36099;28.5;13.7
82;2021-05-12;1016;1345;75920;37444;28.9;14.3
82;2021-05-13;1454;432;77374;37876;29.5;14.4
82;2021-05-14;1691;1240;79065;39116;30.1;14.9
82;2021-05-15;1935;697;81000;39813;30.8;15.2
82;2021-05-16;558;114;81558;39927;31.1;15.2
82;2021-05-17;1090;1172;82648;41099;31.5;15.6
82;2021-05-18;1466;1189;84114;42288;32.0;16.1
82;2021-05-19;1272;975;85386;43263;32.5;16.5
82;2021-05-20;1408;1161;86794;44424;33.0;16.9
82;2021-05-21;1411;1218;88205;45642;33.6;17.4
82;2021-05-22;2069;624;90274;46266;34.4;17.6
82;2021-05-23;705;117;90979;46383;34.6;17.7
82;2021-05-24;1441;265;92420;46648;35.2;17.8
82;2021-05-25;1445;964;93865;47612;35.7;18.1
82;2021-05-26;1413;919;95278;48531;36.3;18.5
82;2021-05-27;1460;1025;96738;49556;36.8;18.9
82;2021-05-28;1540;1139;98278;50695;37.4;19.3
82;2021-05-29;1496;543;99774;51238;38.0;19.5
82;2021-05-30;402;101;100176;51339;38.1;19.5
82;2021-05-31;1491;990;101667;52329;38.7;19.9
82;2021-06-01;1751;1048;103418;53377;39.4;20.3
82;2021-06-02;1478;1008;104896;54385;39.9;20.7
82;2021-06-03;1490;1181;106386;55566;40.5;21.2
82;2021-06-04;2250;1304;108636;56870;41.4;21.7
82;2021-06-05;2271;984;110907;57854;42.2;22.0
82;2021-06-06;329;133;111236;57987;42.4;22.1
82;2021-06-07;958;1275;112194;59262;42.7;22.6
82;2021-06-08;1445;1139;113639;60401;43.3;23.0
82;2021-06-09;1709;1143;115348;61544;43.9;23.4
82;2021-06-10;1441;1208;116789;62752;44.5;23.9
82;2021-06-11;1922;1126;118711;63878;45.2;24.3
82;2021-06-12;2392;1394;121103;65272;46.1;24.9
82;2021-06-13;379;113;121482;65385;46.3;24.9
82;2021-06-14;1213;1081;122695;66466;46.7;25.3
82;2021-06-15;1462;1245;124157;67711;47.3;25.8
82;2021-06-16;1751;1168;125908;68879;47.9;26.2
82;2021-06-17;1219;1471;127127;70350;48.4;26.8
82;2021-06-18;1469;1439;128596;71789;49.0;27.3
82;2021-06-19;2271;982;130867;72771;49.8;27.7
82;2021-06-20;268;173;131135;72944;49.9;27.8
82;2021-06-21;483;1360;131618;74304;50.1;28.3
82;2021-06-22;892;1709;132510;76013;50.5;28.9
82;2021-06-23;1238;1587;133748;77600;50.9;29.5
82;2021-06-24;757;1905;134505;79505;51.2;30.3
82;2021-06-25;741;1937;135246;81442;51.5;31.0
82;2021-06-26;1240;2144;136486;83586;52.0;31.8
82;2021-06-27;195;438;136681;84024;52.0;32.0
82;2021-06-28;329;1412;137010;85436;52.2;32.5
82;2021-06-29;518;1840;137528;87276;52.4;33.2
82;2021-06-30;948;1913;138476;89189;52.7;34.0
82;2021-07-01;659;1632;139135;90821;53.0;34.6
82;2021-07-02;931;2294;140066;93115;53.3;35.5
82;2021-07-03;859;2342;140925;95457;53.7;36.3
82;2021-07-04;120;439;141045;95896;53.7;36.5
82;2021-07-05;444;1561;141489;97457;53.9;37.1
82;2021-07-06;513;1866;142002;99323;54.1;37.8
82;2021-07-07;792;1772;142794;101095;54.4;38.5
82;2021-07-08;504;1504;143298;102599;54.6;39.1
82;2021-07-09;781;2153;144079;104752;54.9;39.9
82;2021-07-10;706;2215;144785;106967;55.1;40.7
82;2021-07-11;39;380;144824;107347;55.1;40.9
82;2021-07-12;578;1884;145402;109231;55.4;41.6
82;2021-07-13;715;2002;146117;111233;55.6;42.4
82;2021-07-14;617;741;146734;111974;55.9;42.6
82;2021-07-15;858;1751;147592;113725;56.2;43.3
82;2021-07-16;1438;2638;149030;116363;56.7;44.3
82;2021-07-17;561;2185;149591;118548;57.0;45.1
82;2021-07-18;14;41;149605;118589;57.0;45.2
82;2021-07-19;737;2071;150342;120660;57.2;45.9
82;2021-07-20;921;1884;151263;122544;57.6;46.7
82;2021-07-21;1289;1761;152552;124305;58.1;47.3
82;2021-07-22;1083;1765;153635;126070;58.5;48.0
82;2021-07-23;1054;2986;154689;129056;58.9;49.1
82;2021-07-24;1103;1490;155792;130546;59.3;49.7
82;2021-07-25;303;73;156095;130619;59.4;49.7
82;2021-07-26;952;1898;157047;132517;59.8;50.5
82;2021-07-27;1341;1640;158388;134157;60.3;51.1
82;2021-07-28;1468;1499;159856;135656;60.9;51.7
82;2021-07-29;1329;1534;161185;137190;61.4;52.2
82;2021-07-30;1539;2475;162724;139665;62.0;53.2
82;2021-07-31;459;295;163183;139960;62.1;53.3
82;2021-08-01;273;50;163456;140010;62.2;53.3
82;2021-08-02;1271;875;164727;140885;62.7;53.6
82;2021-08-03;1433;832;166160;141717;63.3;54.0
82;2021-08-04;1364;1031;167524;142748;63.8;54.4
82;2021-08-05;1490;600;169014;143348;64.4;54.6
82;2021-08-06;994;646;170008;143994;64.7;54.8
82;2021-08-07;923;1194;170931;145188;65.1;55.3
82;2021-08-08;155;65;171086;145253;65.1;55.3
82;2021-08-09;1072;899;172158;146152;65.6;55.7
82;2021-08-10;1289;915;173447;147067;66.0;56.0
82;2021-08-11;1263;1124;174710;148191;66.5;56.4
82;2021-08-12;1472;947;176182;149138;67.1;56.8
82;2021-08-13;1413;998;177595;150136;67.6;57.2
82;2021-08-14;312;483;177907;150619;67.7;57.4
82;2021-08-15;61;38;177968;150657;67.8;57.4
82;2021-08-16;781;1462;178749;152119;68.1;57.9
82;2021-08-17;1063;1237;179812;153356;68.5;58.4
82;2021-08-18;615;849;180427;154205;68.7;58.7
82;2021-08-19;1006;1146;181433;155351;69.1;59.2
82;2021-08-20;1032;1904;182465;157255;69.5;59.9
82;2021-08-21;495;989;182960;158244;69.7;60.3
82;2021-08-22;21;55;182981;158299;69.7;60.3
82;2021-08-23;742;1294;183723;159593;70.0;60.8
82;2021-08-24;858;1116;184581;160709;70.3;61.2
82;2021-08-25;848;1536;185429;162245;70.6;61.8
82;2021-08-26;594;1098;186023;163343;70.8;62.2
82;2021-08-27;897;1683;186920;165026;71.2;62.8
82;2021-08-28;211;616;187131;165642;71.3;63.1
82;2021-08-29;37;49;187168;165691;71.3;63.1
82;2021-08-30;429;1024;187597;166715;71.4;63.5
82;2021-08-31;338;1022;187935;167737;71.6;63.9
82;2021-09-01;719;1403;188654;169140;71.8;64.4
82;2021-09-02;400;1295;189054;170435;72.0;64.9
82;2021-09-03;498;1883;189552;172318;72.2;65.6
82;2021-09-04;423;734;189975;173052;72.3;65.9
82;2021-09-05;6;23;189981;173075;72.3;65.9
82;2021-09-06;372;1286;190353;174361;72.5;66.4
82;2021-09-07;209;959;190562;175320;72.6;66.8
82;2021-09-08;489;1254;191051;176574;72.7;67.2
82;2021-09-09;240;1040;191291;177614;72.8;67.6
83;2020-12-27;1;0;1;0;0.0;0.0
83;2020-12-28;0;0;1;0;0.0;0.0
83;2020-12-29;2;0;3;0;0.0;0.0
83;2020-12-30;1;0;4;0;0.0;0.0
83;2020-12-31;0;0;4;0;0.0;0.0
83;2021-01-01;1;0;5;0;0.0;0.0
83;2021-01-02;0;0;5;0;0.0;0.0
83;2021-01-03;1;0;6;0;0.0;0.0
83;2021-01-04;1;0;7;0;0.0;0.0
83;2021-01-05;4;0;11;0;0.0;0.0
83;2021-01-06;69;0;80;0;0.0;0.0
83;2021-01-07;324;0;404;0;0.0;0.0
83;2021-01-08;422;0;826;0;0.1;0.0
83;2021-01-09;48;0;874;0;0.1;0.0
83;2021-01-10;1;0;875;0;0.1;0.0
83;2021-01-11;475;0;1350;0;0.1;0.0
83;2021-01-12;1003;4;2353;4;0.2;0.0
83;2021-01-13;963;7;3316;11;0.3;0.0
83;2021-01-14;846;5;4162;16;0.4;0.0
83;2021-01-15;702;1;4864;17;0.5;0.0
83;2021-01-16;41;1;4905;18;0.5;0.0
83;2021-01-17;1;0;4906;18;0.5;0.0
83;2021-01-18;1224;4;6130;22;0.6;0.0
83;2021-01-19;2019;6;8149;28;0.8;0.0
83;2021-01-20;1659;10;9808;38;0.9;0.0
83;2021-01-21;2101;8;11909;46;1.1;0.0
83;2021-01-22;1658;6;13567;52;1.3;0.0
83;2021-01-23;245;0;13812;52;1.3;0.0
83;2021-01-24;21;1;13833;53;1.3;0.0
83;2021-01-25;1554;7;15387;60;1.4;0.0
83;2021-01-26;1758;14;17145;74;1.6;0.0
83;2021-01-27;2153;80;19298;154;1.8;0.0
83;2021-01-28;5089;357;24387;511;2.3;0.0
83;2021-01-29;2948;344;27335;855;2.5;0.1
83;2021-01-30;237;41;27572;896;2.6;0.1
83;2021-01-31;46;0;27618;896;2.6;0.1
83;2021-02-01;1281;392;28899;1288;2.7;0.1
83;2021-02-02;1439;701;30338;1989;2.8;0.2
83;2021-02-03;1527;596;31865;2585;3.0;0.2
83;2021-02-04;1483;715;33348;3300;3.1;0.3
83;2021-02-05;1224;647;34572;3947;3.2;0.4
83;2021-02-06;23;14;34595;3961;3.2;0.4
83;2021-02-07;1;0;34596;3961;3.2;0.4
83;2021-02-08;1090;568;35686;4529;3.3;0.4
83;2021-02-09;1324;869;37010;5398;3.4;0.5
83;2021-02-10;1533;763;38543;6161;3.6;0.6
83;2021-02-11;1606;986;40149;7147;3.7;0.7
83;2021-02-12;1347;775;41496;7922;3.9;0.7
83;2021-02-13;54;22;41550;7944;3.9;0.7
83;2021-02-14;0;0;41550;7944;3.9;0.7
83;2021-02-15;672;843;42222;8787;3.9;0.8
83;2021-02-16;541;1176;42763;9963;4.0;0.9
83;2021-02-17;804;1605;43567;11568;4.1;1.1
83;2021-02-18;1627;3577;45194;15145;4.2;1.4
83;2021-02-19;1478;2105;46672;17250;4.3;1.6
83;2021-02-20;63;160;46735;17410;4.4;1.6
83;2021-02-21;25;33;46760;17443;4.4;1.6
83;2021-02-22;505;1509;47265;18952;4.4;1.8
83;2021-02-23;671;1219;47936;20171;4.5;1.9
83;2021-02-24;723;1269;48659;21440;4.5;2.0
83;2021-02-25;1251;1180;49910;22620;4.6;2.1
83;2021-02-26;1299;1062;51209;23682;4.8;2.2
83;2021-02-27;552;54;51761;23736;4.8;2.2
83;2021-02-28;10;13;51771;23749;4.8;2.2
83;2021-03-01;810;1077;52581;24826;4.9;2.3
83;2021-03-02;987;1146;53568;25972;5.0;2.4
83;2021-03-03;1439;1371;55007;27343;5.1;2.5
83;2021-03-04;1890;1236;56897;28579;5.3;2.7
83;2021-03-05;2220;1125;59117;29704;5.5;2.8
83;2021-03-06;3010;113;62127;29817;5.8;2.8
83;2021-03-07;2227;44;64354;29861;6.0;2.8
83;2021-03-08;850;1190;65204;31051;6.1;2.9
83;2021-03-09;1932;1141;67136;32192;6.3;3.0
83;2021-03-10;2380;1319;69516;33511;6.5;3.1
83;2021-03-11;3675;2153;73191;35664;6.8;3.3
83;2021-03-12;3642;1462;76833;37126;7.2;3.5
83;2021-03-13;4609;175;81442;37301;7.6;3.5
83;2021-03-14;2340;53;83782;37354;7.8;3.5
83;2021-03-15;3337;658;87119;38012;8.1;3.5
83;2021-03-16;2600;688;89719;38700;8.4;3.6
83;2021-03-17;2847;768;92566;39468;8.6;3.7
83;2021-03-18;3549;788;96115;40256;9.0;3.7
83;2021-03-19;4176;582;100291;40838;9.3;3.8
83;2021-03-20;3476;72;103767;40910;9.7;3.8
83;2021-03-21;2011;30;105778;40940;9.9;3.8
83;2021-03-22;3966;889;109744;41829;10.2;3.9
83;2021-03-23;4755;582;114499;42411;10.7;3.9
83;2021-03-24;5051;715;119550;43126;11.1;4.0
83;2021-03-25;6533;850;126083;43976;11.7;4.1
83;2021-03-26;7177;749;133260;44725;12.4;4.2
83;2021-03-27;3969;386;137229;45111;12.8;4.2
83;2021-03-28;2183;33;139412;45144;13.0;4.2
83;2021-03-29;4558;763;143970;45907;13.4;4.3
83;2021-03-30;5966;948;149936;46855;14.0;4.4
83;2021-03-31;5553;1072;155489;47927;14.5;4.5
83;2021-04-01;5980;1254;161469;49181;15.0;4.6
83;2021-04-02;5762;1069;167231;50250;15.6;4.7
83;2021-04-03;1801;630;169032;50880;15.7;4.7
83;2021-04-04;855;346;169887;51226;15.8;4.8
83;2021-04-05;191;64;170078;51290;15.8;4.8
83;2021-04-06;4731;1400;174809;52690;16.3;4.9
83;2021-04-07;5832;1658;180641;54348;16.8;5.1
83;2021-04-08;7885;1996;188526;56344;17.6;5.2
83;2021-04-09;7597;2198;196123;58542;18.3;5.5
83;2021-04-10;2948;2644;199071;61186;18.5;5.7
83;2021-04-11;1716;2133;200787;63319;18.7;5.9
83;2021-04-12;4952;2874;205739;66193;19.2;6.2
83;2021-04-13;5409;2999;211148;69192;19.7;6.4
83;2021-04-14;5896;2932;217044;72124;20.2;6.7
83;2021-04-15;6776;3038;223820;75162;20.8;7.0
83;2021-04-16;6125;3519;229945;78681;21.4;7.3
83;2021-04-17;3511;2189;233456;80870;21.7;7.5
83;2021-04-18;2177;1295;235633;82165;21.9;7.7
83;2021-04-19;4106;3901;239739;86066;22.3;8.0
83;2021-04-20;4358;3869;244097;89935;22.7;8.4
83;2021-04-21;4303;4144;248400;94079;23.1;8.8
83;2021-04-22;5010;4299;253410;98378;23.6;9.2
83;2021-04-23;4528;4563;257938;102941;24.0;9.6
83;2021-04-24;2630;2711;260568;105652;24.3;9.8
83;2021-04-25;1925;1571;262493;107223;24.4;10.0
83;2021-04-26;3569;3848;266062;111071;24.8;10.3
83;2021-04-27;4140;4543;270202;115614;25.2;10.8
83;2021-04-28;4314;4362;274516;119976;25.6;11.2
83;2021-04-29;5818;5112;280334;125088;26.1;11.6
83;2021-04-30;5788;4295;286122;129383;26.6;12.0
83;2021-05-01;1691;428;287813;129811;26.8;12.1
83;2021-05-02;1237;757;289050;130568;26.9;12.2
83;2021-05-03;3750;4281;292800;134849;27.3;12.6
83;2021-05-04;3345;5097;296145;139946;27.6;13.0
83;2021-05-05;3642;4970;299787;144916;27.9;13.5
83;2021-05-06;4673;4949;304460;149865;28.4;14.0
83;2021-05-07;4167;5310;308627;155175;28.7;14.5
83;2021-05-08;2764;1011;311391;156186;29.0;14.5
83;2021-05-09;2153;1237;313544;157423;29.2;14.7
83;2021-05-10;3204;5422;316748;162845;29.5;15.2
83;2021-05-11;5129;5683;321877;168528;30.0;15.7
83;2021-05-12;6292;4846;328169;173374;30.6;16.1
83;2021-05-13;6582;1345;334751;174719;31.2;16.3
83;2021-05-14;7422;4119;342173;178838;31.9;16.7
83;2021-05-15;7754;2202;349927;181040;32.6;16.9
83;2021-05-16;6627;1251;356554;182291;33.2;17.0
83;2021-05-17;4894;4211;361448;186502;33.7;17.4
83;2021-05-18;5537;3866;366985;190368;34.2;17.7
83;2021-05-19;6209;3411;373194;193779;34.8;18.0
83;2021-05-20;6758;3799;379952;197578;35.4;18.4
83;2021-05-21;7908;3866;387860;201444;36.1;18.8
83;2021-05-22;6091;1719;393951;203163;36.7;18.9
83;2021-05-23;4685;712;398636;203875;37.1;19.0
83;2021-05-24;5810;972;404446;204847;37.7;19.1
83;2021-05-25;5515;4756;409961;209603;38.2;19.5
83;2021-05-26;4858;4447;414819;214050;38.6;19.9
83;2021-05-27;5070;5256;419889;219306;39.1;20.4
83;2021-05-28;4506;5765;424395;225071;39.5;21.0
83;2021-05-29;2707;4268;427102;229339;39.8;21.4
83;2021-05-30;1257;1374;428359;230713;39.9;21.5
83;2021-05-31;5488;4766;433847;235479;40.4;21.9
83;2021-06-01;5730;5296;439577;240775;40.9;22.4
83;2021-06-02;5262;4586;444839;245361;41.4;22.8
83;2021-06-03;5745;5128;450584;250489;42.0;23.3
83;2021-06-04;5446;6047;456030;256536;42.5;23.9
83;2021-06-05;3926;3198;459956;259734;42.8;24.2
83;2021-06-06;1936;1383;461892;261117;43.0;24.3
83;2021-06-07;3918;5089;465810;266206;43.4;24.8
83;2021-06-08;4178;4818;469988;271024;43.8;25.2
83;2021-06-09;4008;4700;473996;275724;44.1;25.7
83;2021-06-10;3998;4260;477994;279984;44.5;26.1
83;2021-06-11;3658;5447;481652;285431;44.9;26.6
83;2021-06-12;2913;2982;484565;288413;45.1;26.9
83;2021-06-13;995;1391;485560;289804;45.2;27.0
83;2021-06-14;2856;5652;488416;295456;45.5;27.5
83;2021-06-15;3170;4861;491586;300317;45.8;28.0
83;2021-06-16;2963;4508;494549;304825;46.1;28.4
83;2021-06-17;2779;5281;497328;310106;46.3;28.9
83;2021-06-18;3159;5962;500487;316068;46.6;29.4
83;2021-06-19;2322;4100;502809;320168;46.8;29.8
83;2021-06-20;676;1889;503485;322057;46.9;30.0
83;2021-06-21;2111;7587;505596;329644;47.1;30.7
83;2021-06-22;2103;7161;507699;336805;47.3;31.4
83;2021-06-23;1936;6928;509635;343733;47.5;32.0
83;2021-06-24;1964;7368;511599;351101;47.6;32.7
83;2021-06-25;2113;8399;513712;359500;47.8;33.5
83;2021-06-26;1464;6808;515176;366308;48.0;34.1
83;2021-06-27;692;3186;515868;369494;48.0;34.4
83;2021-06-28;1572;7886;517440;377380;48.2;35.1
83;2021-06-29;1911;7811;519351;385191;48.4;35.9
83;2021-06-30;2242;7275;521593;392466;48.6;36.5
83;2021-07-01;2560;6566;524153;399032;48.8;37.2
83;2021-07-02;2266;7800;526419;406832;49.0;37.9
83;2021-07-03;1510;5686;527929;412518;49.2;38.4
83;2021-07-04;573;2752;528502;415270;49.2;38.7
83;2021-07-05;1925;7535;530427;422805;49.4;39.4
83;2021-07-06;2573;5941;533000;428746;49.6;39.9
83;2021-07-07;2686;4673;535686;433419;49.9;40.4
83;2021-07-08;3247;4471;538933;437890;50.2;40.8
83;2021-07-09;3048;6963;541981;444853;50.5;41.4
83;2021-07-10;1577;4928;543558;449781;50.6;41.9
83;2021-07-11;1009;1766;544567;451547;50.7;42.0
83;2021-07-12;2140;7686;546707;459233;50.9;42.8
83;2021-07-13;4039;7091;550746;466324;51.3;43.4
83;2021-07-14;2096;1323;552842;467647;51.5;43.5
83;2021-07-15;4586;6845;557428;474492;51.9;44.2
83;2021-07-16;5274;7120;562702;481612;52.4;44.8
83;2021-07-17;3654;4998;566356;486610;52.7;45.3
83;2021-07-18;1605;1312;567961;487922;52.9;45.4
83;2021-07-19;3955;6314;571916;494236;53.3;46.0
83;2021-07-20;5989;6186;577905;500422;53.8;46.6
83;2021-07-21;6028;5207;583933;505629;54.4;47.1
83;2021-07-22;7119;5538;591052;511167;55.0;47.6
83;2021-07-23;7103;5912;598155;517079;55.7;48.2
83;2021-07-24;4648;4561;602803;521640;56.1;48.6
83;2021-07-25;1329;736;604132;522376;56.3;48.6
83;2021-07-26;5551;4937;609683;527313;56.8;49.1
83;2021-07-27;6838;4901;616521;532214;57.4;49.6
83;2021-07-28;6599;4420;623120;536634;58.0;50.0
83;2021-07-29;7500;4853;630620;541487;58.7;50.4
83;2021-07-30;6970;4759;637590;546246;59.4;50.9
83;2021-07-31;4669;3215;642259;549461;59.8;51.2
83;2021-08-01;1066;849;643325;550310;59.9;51.2
83;2021-08-02;5767;3701;649092;554011;60.4;51.6
83;2021-08-03;6384;3995;655476;558006;61.0;52.0
83;2021-08-04;5905;3707;661381;561713;61.6;52.3
83;2021-08-05;6177;4084;667558;565797;62.2;52.7
83;2021-08-06;6160;4911;673718;570708;62.7;53.1
83;2021-08-07;3753;3551;677471;574259;63.1;53.5
83;2021-08-08;1065;820;678536;575079;63.2;53.6
83;2021-08-09;4709;4638;683245;579717;63.6;54.0
83;2021-08-10;5237;5145;688482;584862;64.1;54.5
83;2021-08-11;4586;5069;693068;589931;64.5;54.9
83;2021-08-12;4921;5563;697989;595494;65.0;55.5
83;2021-08-13;4931;5742;702920;601236;65.5;56.0
83;2021-08-14;3216;3888;706136;605124;65.8;56.4
83;2021-08-15;205;391;706341;605515;65.8;56.4
83;2021-08-16;3631;5473;709972;610988;66.1;56.9
83;2021-08-17;3566;5271;713538;616259;66.4;57.4
83;2021-08-18;3581;4998;717119;621257;66.8;57.9
83;2021-08-19;4165;6255;721284;627512;67.2;58.4
83;2021-08-20;3614;6503;724898;634015;67.5;59.0
83;2021-08-21;2339;4487;727237;638502;67.7;59.5
83;2021-08-22;629;1027;727866;639529;67.8;59.6
83;2021-08-23;2494;5780;730360;645309;68.0;60.1
83;2021-08-24;2885;5912;733245;651221;68.3;60.6
83;2021-08-25;2564;5282;735809;656503;68.5;61.1
83;2021-08-26;2779;5833;738588;662336;68.8;61.7
83;2021-08-27;2899;5914;741487;668250;69.1;62.2
83;2021-08-28;1929;4532;743416;672782;69.2;62.7
83;2021-08-29;474;1162;743890;673944;69.3;62.8
83;2021-08-30;2360;4963;746250;678907;69.5;63.2
83;2021-08-31;2499;5470;748749;684377;69.7;63.7
83;2021-09-01;2521;5066;751270;689443;70.0;64.2
83;2021-09-02;2474;4952;753744;694395;70.2;64.7
83;2021-09-03;2305;5233;756049;699628;70.4;65.2
83;2021-09-04;1904;4630;757953;704258;70.6;65.6
83;2021-09-05;566;538;758519;704796;70.6;65.6
83;2021-09-06;1632;4090;760151;708886;70.8;66.0
83;2021-09-07;1625;3858;761776;712744;70.9;66.4
83;2021-09-08;1887;3847;763663;716591;71.1;66.7
83;2021-09-09;1452;3897;765115;720488;71.3;67.1
84;2020-12-27;0;0;0;0;0.0;0.0
84;2020-12-28;1;0;1;0;0.0;0.0
84;2020-12-29;1;0;2;0;0.0;0.0
84;2020-12-30;1;0;3;0;0.0;0.0
84;2020-12-31;0;0;3;0;0.0;0.0
84;2021-01-01;0;0;3;0;0.0;0.0
84;2021-01-02;0;0;3;0;0.0;0.0
84;2021-01-03;0;0;3;0;0.0;0.0
84;2021-01-04;0;0;3;0;0.0;0.0
84;2021-01-05;0;0;3;0;0.0;0.0
84;2021-01-06;0;0;3;0;0.0;0.0
84;2021-01-07;69;0;72;0;0.0;0.0
84;2021-01-08;81;0;153;0;0.0;0.0
84;2021-01-09;31;0;184;0;0.0;0.0
84;2021-01-10;0;0;184;0;0.0;0.0
84;2021-01-11;219;0;403;0;0.1;0.0
84;2021-01-12;624;2;1027;2;0.2;0.0
84;2021-01-13;359;0;1386;2;0.2;0.0
84;2021-01-14;951;12;2337;14;0.4;0.0
84;2021-01-15;618;10;2955;24;0.5;0.0
84;2021-01-16;166;0;3121;24;0.6;0.0
84;2021-01-17;29;1;3150;25;0.6;0.0
84;2021-01-18;696;2;3846;27;0.7;0.0
84;2021-01-19;879;2;4725;29;0.8;0.0
84;2021-01-20;1018;4;5743;33;1.0;0.0
84;2021-01-21;1049;5;6792;38;1.2;0.0
84;2021-01-22;1135;1;7927;39;1.4;0.0
84;2021-01-23;250;0;8177;39;1.5;0.0
84;2021-01-24;3;0;8180;39;1.5;0.0
84;2021-01-25;806;0;8986;39;1.6;0.0
84;2021-01-26;938;4;9924;43;1.8;0.0
84;2021-01-27;1072;2;10996;45;2.0;0.0
84;2021-01-28;1621;17;12617;62;2.2;0.0
84;2021-01-29;1201;61;13818;123;2.5;0.0
84;2021-01-30;171;17;13989;140;2.5;0.0
84;2021-01-31;7;0;13996;140;2.5;0.0
84;2021-02-01;657;137;14653;277;2.6;0.0
84;2021-02-02;788;253;15441;530;2.8;0.1
84;2021-02-03;760;232;16201;762;2.9;0.1
84;2021-02-04;914;379;17115;1141;3.1;0.2
84;2021-02-05;727;404;17842;1545;3.2;0.3
84;2021-02-06;127;41;17969;1586;3.2;0.3
84;2021-02-07;0;0;17969;1586;3.2;0.3
84;2021-02-08;568;240;18537;1826;3.3;0.3
84;2021-02-09;692;633;19229;2459;3.4;0.4
84;2021-02-10;557;520;19786;2979;3.5;0.5
84;2021-02-11;550;531;20336;3510;3.6;0.6
84;2021-02-12;562;614;20898;4124;3.7;0.7
84;2021-02-13;46;147;20944;4271;3.7;0.8
84;2021-02-14;3;0;20947;4271;3.7;0.8
84;2021-02-15;209;777;21156;5048;3.8;0.9
84;2021-02-16;222;710;21378;5758;3.8;1.0
84;2021-02-17;447;700;21825;6458;3.9;1.2
84;2021-02-18;557;995;22382;7453;4.0;1.3
84;2021-02-19;738;1054;23120;8507;4.1;1.5
84;2021-02-20;68;124;23188;8631;4.1;1.5
84;2021-02-21;6;36;23194;8667;4.1;1.5
84;2021-02-22;369;660;23563;9327;4.2;1.7
84;2021-02-23;273;648;23836;9975;4.2;1.8
84;2021-02-24;393;646;24229;10621;4.3;1.9
84;2021-02-25;713;763;24942;11384;4.4;2.0
84;2021-02-26;824;627;25766;12011;4.6;2.1
84;2021-02-27;133;105;25899;12116;4.6;2.2
84;2021-02-28;17;0;25916;12116;4.6;2.2
84;2021-03-01;457;606;26373;12722;4.7;2.3
84;2021-03-02;633;750;27006;13472;4.8;2.4
84;2021-03-03;820;868;27826;14340;5.0;2.6
84;2021-03-04;1098;642;28924;14982;5.2;2.7
84;2021-03-05;1314;491;30238;15473;5.4;2.8
84;2021-03-06;1460;64;31698;15537;5.7;2.8
84;2021-03-07;481;16;32179;15553;5.7;2.8
84;2021-03-08;812;570;32991;16123;5.9;2.9
84;2021-03-09;1388;736;34379;16859;6.1;3.0
84;2021-03-10;1474;650;35853;17509;6.4;3.1
84;2021-03-11;1984;633;37837;18142;6.7;3.2
84;2021-03-12;2080;627;39917;18769;7.1;3.3
84;2021-03-13;747;36;40664;18805;7.2;3.4
84;2021-03-14;247;53;40911;18858;7.3;3.4
84;2021-03-15;1069;304;41980;19162;7.5;3.4
84;2021-03-16;1180;316;43160;19478;7.7;3.5
84;2021-03-17;1146;433;44306;19911;7.9;3.5
84;2021-03-18;1458;392;45764;20303;8.2;3.6
84;2021-03-19;2175;454;47939;20757;8.5;3.7
84;2021-03-20;839;25;48778;20782;8.7;3.7
84;2021-03-21;150;11;48928;20793;8.7;3.7
84;2021-03-22;1159;459;50087;21252;8.9;3.8
84;2021-03-23;1914;441;52001;21693;9.3;3.9
84;2021-03-24;2178;399;54179;22092;9.7;3.9
84;2021-03-25;3655;392;57834;22484;10.3;4.0
84;2021-03-26;3319;481;61153;22965;10.9;4.1
84;2021-03-27;914;58;62067;23023;11.1;4.1
84;2021-03-28;73;2;62140;23025;11.1;4.1
84;2021-03-29;1717;529;63857;23554;11.4;4.2
84;2021-03-30;2669;685;66526;24239;11.9;4.3
84;2021-03-31;2405;645;68931;24884;12.3;4.4
84;2021-04-01;3024;575;71955;25459;12.8;4.5
84;2021-04-02;2451;528;74406;25987;13.3;4.6
84;2021-04-03;510;28;74916;26015;13.4;4.6
84;2021-04-04;13;0;74929;26015;13.4;4.6
84;2021-04-05;813;102;75742;26117;13.5;4.7
84;2021-04-06;2146;843;77888;26960;13.9;4.8
84;2021-04-07;2404;861;80292;27821;14.3;5.0
84;2021-04-08;3653;1042;83945;28863;15.0;5.1
84;2021-04-09;4118;950;88063;29813;15.7;5.3
84;2021-04-10;1308;133;89371;29946;15.9;5.3
84;2021-04-11;37;12;89408;29958;15.9;5.3
84;2021-04-12;2093;804;91501;30762;16.3;5.5
84;2021-04-13;2942;1366;94443;32128;16.8;5.7
84;2021-04-14;2811;1356;97254;33484;17.3;6.0
84;2021-04-15;3274;1422;100528;34906;17.9;6.2
84;2021-04-16;3431;1548;103959;36454;18.5;6.5
84;2021-04-17;1666;200;105625;36654;18.8;6.5
84;2021-04-18;38;1;105663;36655;18.8;6.5
84;2021-04-19;2507;919;108170;37574;19.3;6.7
84;2021-04-20;2626;1529;110796;39103;19.7;7.0
84;2021-04-21;2652;1486;113448;40589;20.2;7.2
84;2021-04-22;3012;1738;116460;42327;20.8;7.5
84;2021-04-23;3038;1903;119498;44230;21.3;7.9
84;2021-04-24;1531;288;121029;44518;21.6;7.9
84;2021-04-25;27;2;121056;44520;21.6;7.9
84;2021-04-26;2197;1364;123253;45884;22.0;8.2
84;2021-04-27;2553;1983;125806;47867;22.4;8.5
84;2021-04-28;2819;1848;128625;49715;22.9;8.9
84;2021-04-29;3420;2050;132045;51765;23.5;9.2
84;2021-04-30;3134;2421;135179;54186;24.1;9.7
84;2021-05-01;457;259;135636;54445;24.2;9.7
84;2021-05-02;2;0;135638;54445;24.2;9.7
84;2021-05-03;2164;1630;137802;56075;24.6;10.0
84;2021-05-04;2490;2533;140292;58608;25.0;10.4
84;2021-05-05;2352;2226;142644;60834;25.4;10.8
84;2021-05-06;3223;2263;145867;63097;26.0;11.2
84;2021-05-07;2766;2560;148633;65657;26.5;11.7
84;2021-05-08;1158;527;149791;66184;26.7;11.8
84;2021-05-09;7;52;149798;66236;26.7;11.8
84;2021-05-10;2159;2466;151957;68702;27.1;12.2
84;2021-05-11;2907;3158;154864;71860;27.6;12.8
84;2021-05-12;2848;2924;157712;74784;28.1;13.3
84;2021-05-13;2159;847;159871;75631;28.5;13.5
84;2021-05-14;2729;2037;162600;77668;29.0;13.8
84;2021-05-15;2001;986;164601;78654;29.3;14.0
84;2021-05-16;1341;186;165942;78840;29.6;14.1
84;2021-05-17;2223;2156;168165;80996;30.0;14.4
84;2021-05-18;2904;2115;171069;83111;30.5;14.8
84;2021-05-19;3231;1666;174300;84777;31.1;15.1
84;2021-05-20;3702;2207;178002;86984;31.7;15.5
84;2021-05-21;3472;2334;181474;89318;32.3;15.9
84;2021-05-22;1583;680;183057;89998;32.6;16.0
84;2021-05-23;6;9;183063;90007;32.6;16.0
84;2021-05-24;1840;425;184903;90432;33.0;16.1
84;2021-05-25;2984;2189;187887;92621;33.5;16.5
84;2021-05-26;3076;2094;190963;94715;34.0;16.9
84;2021-05-27;3859;2313;194822;97028;34.7;17.3
84;2021-05-28;3182;3306;198004;100334;35.3;17.9
84;2021-05-29;1093;1653;199097;101987;35.5;18.2
84;2021-05-30;8;85;199105;102072;35.5;18.2
84;2021-05-31;2190;2639;201295;104711;35.9;18.7
84;2021-06-01;3144;3162;204439;107873;36.4;19.2
84;2021-06-02;3173;2628;207612;110501;37.0;19.7
84;2021-06-03;4116;2989;211728;113490;37.7;20.2
84;2021-06-04;3616;3033;215344;116523;38.4;20.8
84;2021-06-05;1783;1501;217127;118024;38.7;21.0
84;2021-06-06;989;208;218116;118232;38.9;21.1
84;2021-06-07;2453;2759;220569;120991;39.3;21.6
84;2021-06-08;3319;3055;223888;124046;39.9;22.1
84;2021-06-09;3033;2687;226921;126733;40.4;22.6
84;2021-06-10;3514;2792;230435;129525;41.1;23.1
84;2021-06-11;3030;3069;233465;132594;41.6;23.6
84;2021-06-12;1965;1308;235430;133902;42.0;23.9
84;2021-06-13;414;213;235844;134115;42.0;23.9
84;2021-06-14;1929;3154;237773;137269;42.4;24.5
84;2021-06-15;2575;3455;240348;140724;42.8;25.1
84;2021-06-16;2527;2959;242875;143683;43.3;25.6
84;2021-06-17;2998;3482;245873;147165;43.8;26.2
84;2021-06-18;2425;3552;248298;150717;44.3;26.9
84;2021-06-19;1288;1551;249586;152268;44.5;27.1
84;2021-06-20;549;354;250135;152622;44.6;27.2
84;2021-06-21;1571;3135;251706;155757;44.9;27.8
84;2021-06-22;2164;4013;253870;159770;45.3;28.5
84;2021-06-23;2118;3308;255988;163078;45.6;29.1
84;2021-06-24;2202;3485;258190;166563;46.0;29.7
84;2021-06-25;1836;3887;260026;170450;46.4;30.4
84;2021-06-26;1132;1815;261158;172265;46.6;30.7
84;2021-06-27;297;345;261455;172610;46.6;30.8
84;2021-06-28;1207;3224;262662;175834;46.8;31.3
84;2021-06-29;1482;4052;264144;179886;47.1;32.1
84;2021-06-30;1716;3967;265860;183853;47.4;32.8
84;2021-07-01;1819;3957;267679;187810;47.7;33.5
84;2021-07-02;1752;3899;269431;191709;48.0;34.2
84;2021-07-03;1103;2030;270534;193739;48.2;34.5
84;2021-07-04;395;416;270929;194155;48.3;34.6
84;2021-07-05;1547;3542;272476;197697;48.6;35.2
84;2021-07-06;1639;4166;274115;201863;48.9;36.0
84;2021-07-07;1676;3102;275791;204965;49.2;36.5
84;2021-07-08;2159;3747;277950;208712;49.5;37.2
84;2021-07-09;1875;3971;279825;212683;49.9;37.9
84;2021-07-10;1256;2161;281081;214844;50.1;38.3
84;2021-07-11;357;303;281438;215147;50.2;38.4
84;2021-07-12;1411;3839;282849;218986;50.4;39.0
84;2021-07-13;2336;5012;285185;223998;50.8;39.9
84;2021-07-14;1886;1249;287071;225247;51.2;40.2
84;2021-07-15;2704;4554;289775;229801;51.7;41.0
84;2021-07-16;2781;4605;292556;234406;52.1;41.8
84;2021-07-17;1590;2449;294146;236855;52.4;42.2
84;2021-07-18;1018;551;295164;237406;52.6;42.3
84;2021-07-19;2417;3744;297581;241150;53.0;43.0
84;2021-07-20;2956;4168;300537;245318;53.6;43.7
84;2021-07-21;3187;3658;303724;248976;54.1;44.4
84;2021-07-22;3781;3792;307505;252768;54.8;45.1
84;2021-07-23;3523;3682;311028;256450;55.4;45.7
84;2021-07-24;1471;2248;312499;258698;55.7;46.1
84;2021-07-25;1034;512;313533;259210;55.9;46.2
84;2021-07-26;2724;3036;316257;262246;56.4;46.7
84;2021-07-27;3448;3569;319705;265815;57.0;47.4
84;2021-07-28;3870;3308;323575;269123;57.7;48.0
84;2021-07-29;4227;3156;327802;272279;58.4;48.5
84;2021-07-30;4030;3326;331832;275605;59.2;49.1
84;2021-07-31;2000;1690;333832;277295;59.5;49.4
84;2021-08-01;819;432;334651;277727;59.7;49.5
84;2021-08-02;2978;2693;337629;280420;60.2;50.0
84;2021-08-03;4110;2795;341739;283215;60.9;50.5
84;2021-08-04;3918;2605;345657;285820;61.6;50.9
84;2021-08-05;3885;2582;349542;288402;62.3;51.4
84;2021-08-06;3696;2869;353238;291271;63.0;51.9
84;2021-08-07;2079;1738;355317;293009;63.3;52.2
84;2021-08-08;386;735;355703;293744;63.4;52.4
84;2021-08-09;2928;2599;358631;296343;63.9;52.8
84;2021-08-10;3741;2952;362372;299295;64.6;53.4
84;2021-08-11;3271;2671;365643;301966;65.2;53.8
84;2021-08-12;3171;2981;368814;304947;65.7;54.4
84;2021-08-13;2918;2692;371732;307639;66.3;54.8
84;2021-08-14;1706;1746;373438;309385;66.6;55.1
84;2021-08-15;288;228;373726;309613;66.6;55.2
84;2021-08-16;2361;3079;376087;312692;67.0;55.7
84;2021-08-17;2702;3257;378789;315949;67.5;56.3
84;2021-08-18;2408;2798;381197;318747;67.9;56.8
84;2021-08-19;2272;3121;383469;321868;68.4;57.4
84;2021-08-20;2174;3301;385643;325169;68.7;58.0
84;2021-08-21;1222;1880;386865;327049;69.0;58.3
84;2021-08-22;166;739;387031;327788;69.0;58.4
84;2021-08-23;1737;3294;388768;331082;69.3;59.0
84;2021-08-24;1898;3461;390666;334543;69.6;59.6
84;2021-08-25;1835;3350;392501;337893;70.0;60.2
84;2021-08-26;1629;3626;394130;341519;70.3;60.9
84;2021-08-27;1596;3812;395726;345331;70.5;61.6
84;2021-08-28;912;2179;396638;347510;70.7;61.9
84;2021-08-29;174;607;396812;348117;70.7;62.1
84;2021-08-30;1371;3277;398183;351394;71.0;62.6
84;2021-08-31;1354;4150;399537;355544;71.2;63.4
84;2021-09-01;1232;3588;400769;359132;71.4;64.0
84;2021-09-02;1191;3200;401960;362332;71.7;64.6
84;2021-09-03;1264;3546;403224;365878;71.9;65.2
84;2021-09-04;743;2170;403967;368048;72.0;65.6
84;2021-09-05;124;474;404091;368522;72.0;65.7
84;2021-09-06;785;2477;404876;370999;72.2;66.1
84;2021-09-07;1008;2738;405884;373737;72.4;66.6
84;2021-09-08;901;2912;406785;376649;72.5;67.1
84;2021-09-09;871;2431;407656;379080;72.7;67.6
85;2020-12-27;1;0;1;0;0.0;0.0
85;2020-12-28;0;0;1;0;0.0;0.0
85;2020-12-29;0;0;1;0;0.0;0.0
85;2020-12-30;0;0;1;0;0.0;0.0
85;2020-12-31;0;0;1;0;0.0;0.0
85;2021-01-01;0;0;1;0;0.0;0.0
85;2021-01-02;0;0;1;0;0.0;0.0
85;2021-01-03;1;0;2;0;0.0;0.0
85;2021-01-04;26;0;28;0;0.0;0.0
85;2021-01-05;62;0;90;0;0.0;0.0
85;2021-01-06;107;1;197;1;0.0;0.0
85;2021-01-07;203;0;400;1;0.1;0.0
85;2021-01-08;293;2;693;3;0.1;0.0
85;2021-01-09;288;1;981;4;0.1;0.0
85;2021-01-10;59;0;1040;4;0.2;0.0
85;2021-01-11;453;0;1493;4;0.2;0.0
85;2021-01-12;586;1;2079;5;0.3;0.0
85;2021-01-13;544;2;2623;7;0.4;0.0
85;2021-01-14;683;4;3306;11;0.5;0.0
85;2021-01-15;439;3;3745;14;0.5;0.0
85;2021-01-16;264;3;4009;17;0.6;0.0
85;2021-01-17;37;0;4046;17;0.6;0.0
85;2021-01-18;999;1;5045;18;0.7;0.0
85;2021-01-19;1428;14;6473;32;0.9;0.0
85;2021-01-20;1874;2;8347;34;1.2;0.0
85;2021-01-21;3222;11;11569;45;1.7;0.0
85;2021-01-22;1699;19;13268;64;1.9;0.0
85;2021-01-23;466;1;13734;65;2.0;0.0
85;2021-01-24;50;0;13784;65;2.0;0.0
85;2021-01-25;577;0;14361;65;2.1;0.0
85;2021-01-26;877;34;15238;99;2.2;0.0
85;2021-01-27;1810;32;17048;131;2.5;0.0
85;2021-01-28;1637;38;18685;169;2.7;0.0
85;2021-01-29;875;63;19560;232;2.9;0.0
85;2021-01-30;149;5;19709;237;2.9;0.0
85;2021-01-31;2;43;19711;280;2.9;0.0
85;2021-02-01;483;101;20194;381;3.0;0.1
85;2021-02-02;537;175;20731;556;3.0;0.1
85;2021-02-03;415;253;21146;809;3.1;0.1
85;2021-02-04;621;260;21767;1069;3.2;0.2
85;2021-02-05;624;255;22391;1324;3.3;0.2
85;2021-02-06;158;227;22549;1551;3.3;0.2
85;2021-02-07;1;0;22550;1551;3.3;0.2
85;2021-02-08;388;565;22938;2116;3.4;0.3
85;2021-02-09;663;997;23601;3113;3.5;0.5
85;2021-02-10;583;1059;24184;4172;3.5;0.6
85;2021-02-11;1542;2955;25726;7127;3.8;1.0
85;2021-02-12;1013;1200;26739;8327;3.9;1.2
85;2021-02-13;251;450;26990;8777;4.0;1.3
85;2021-02-14;2;93;26992;8870;4.0;1.3
85;2021-02-15;337;693;27329;9563;4.0;1.4
85;2021-02-16;569;1052;27898;10615;4.1;1.6
85;2021-02-17;786;1478;28684;12093;4.2;1.8
85;2021-02-18;1277;1839;29961;13932;4.4;2.0
85;2021-02-19;956;1118;30917;15050;4.5;2.2
85;2021-02-20;174;206;31091;15256;4.6;2.2
85;2021-02-21;1;11;31092;15267;4.6;2.2
85;2021-02-22;814;795;31906;16062;4.7;2.4
85;2021-02-23;828;407;32734;16469;4.8;2.4
85;2021-02-24;757;259;33491;16728;4.9;2.4
85;2021-02-25;1336;335;34827;17063;5.1;2.5
85;2021-02-26;1229;269;36056;17332;5.3;2.5
85;2021-02-27;401;82;36457;17414;5.3;2.5
85;2021-02-28;7;1;36464;17415;5.3;2.5
85;2021-03-01;765;384;37229;17799;5.4;2.6
85;2021-03-02;1100;709;38329;18508;5.6;2.7
85;2021-03-03;844;464;39173;18972;5.7;2.8
85;2021-03-04;1577;1116;40750;20088;6.0;2.9
85;2021-03-05;1741;778;42491;20866;6.2;3.1
85;2021-03-06;1227;120;43718;20986;6.4;3.1
85;2021-03-07;333;35;44051;21021;6.4;3.1
85;2021-03-08;1741;430;45792;21451;6.7;3.1
85;2021-03-09;2239;564;48031;22015;7.0;3.2
85;2021-03-10;1862;646;49893;22661;7.3;3.3
85;2021-03-11;3119;1086;53012;23747;7.8;3.5
85;2021-03-12;2728;861;55740;24608;8.2;3.6
85;2021-03-13;1372;158;57112;24766;8.4;3.6
85;2021-03-14;182;3;57294;24769;8.4;3.6
85;2021-03-15;1919;513;59213;25282;8.7;3.7
85;2021-03-16;1630;513;60843;25795;8.9;3.8
85;2021-03-17;980;524;61823;26319;9.0;3.9
85;2021-03-18;1904;452;63727;26771;9.3;3.9
85;2021-03-19;2200;370;65927;27141;9.6;4.0
85;2021-03-20;1069;179;66996;27320;9.8;4.0
85;2021-03-21;272;5;67268;27325;9.8;4.0
85;2021-03-22;1764;555;69032;27880;10.1;4.1
85;2021-03-23;2421;733;71453;28613;10.5;4.2
85;2021-03-24;2207;528;73660;29141;10.8;4.3
85;2021-03-25;3649;596;77309;29737;11.3;4.4
85;2021-03-26;3358;650;80667;30387;11.8;4.4
85;2021-03-27;1729;124;82396;30511;12.1;4.5
85;2021-03-28;539;4;82935;30515;12.1;4.5
85;2021-03-29;2413;758;85348;31273;12.5;4.6
85;2021-03-30;2865;1023;88213;32296;12.9;4.7
85;2021-03-31;2200;676;90413;32972;13.2;4.8
85;2021-04-01;3879;915;94292;33887;13.8;5.0
85;2021-04-02;2708;1102;97000;34989;14.2;5.1
85;2021-04-03;1413;323;98413;35312;14.4;5.2
85;2021-04-04;324;29;98737;35341;14.5;5.2
85;2021-04-05;104;175;98841;35516;14.5;5.2
85;2021-04-06;2200;1593;101041;37109;14.8;5.4
85;2021-04-07;3094;1188;104135;38297;15.2;5.6
85;2021-04-08;4544;1601;108679;39898;15.9;5.8
85;2021-04-09;4604;1225;113283;41123;16.6;6.0
85;2021-04-10;1867;400;115150;41523;16.9;6.1
85;2021-04-11;27;10;115177;41533;16.9;6.1
85;2021-04-12;4286;1488;119463;43021;17.5;6.3
85;2021-04-13;4835;1868;124298;44889;18.2;6.6
85;2021-04-14;3962;1010;128260;45899;18.8;6.7
85;2021-04-15;5519;1741;133779;47640;19.6;7.0
85;2021-04-16;5241;1544;139020;49184;20.3;7.2
85;2021-04-17;1382;436;140402;49620;20.6;7.3
85;2021-04-18;351;12;140753;49632;20.6;7.3
85;2021-04-19;3368;1700;144121;51332;21.1;7.5
85;2021-04-20;3694;1928;147815;53260;21.6;7.8
85;2021-04-21;2693;1692;150508;54952;22.0;8.0
85;2021-04-22;3806;2230;154314;57182;22.6;8.4
85;2021-04-23;3902;2089;158216;59271;23.2;8.7
85;2021-04-24;1662;1533;159878;60804;23.4;8.9
85;2021-04-25;981;564;160859;61368;23.5;9.0
85;2021-04-26;3590;2352;164449;63720;24.1;9.3
85;2021-04-27;4393;2158;168842;65878;24.7;9.6
85;2021-04-28;5747;1256;174589;67134;25.6;9.8
85;2021-04-29;5635;1999;180224;69133;26.4;10.1
85;2021-04-30;5576;1673;185800;70806;27.2;10.4
85;2021-05-01;1736;638;187536;71444;27.5;10.5
85;2021-05-02;873;471;188409;71915;27.6;10.5
85;2021-05-03;3494;2387;191903;74302;28.1;10.9
85;2021-05-04;3487;3084;195390;77386;28.6;11.3
85;2021-05-05;4532;2167;199922;79553;29.3;11.6
85;2021-05-06;4921;2598;204843;82151;30.0;12.0
85;2021-05-07;3933;3855;208776;86006;30.6;12.6
85;2021-05-08;2246;232;211022;86238;30.9;12.6
85;2021-05-09;1509;183;212531;86421;31.1;12.6
85;2021-05-10;3212;4921;215743;91342;31.6;13.4
85;2021-05-11;4027;4973;219770;96315;32.2;14.1
85;2021-05-12;5020;3937;224790;100252;32.9;14.7
85;2021-05-13;5146;613;229936;100865;33.7;14.8
85;2021-05-14;4358;3166;234294;104031;34.3;15.2
85;2021-05-15;2327;776;236621;104807;34.6;15.3
85;2021-05-16;2213;162;238834;104969;35.0;15.4
85;2021-05-17;4145;3373;242979;108342;35.6;15.9
85;2021-05-18;5215;2852;248194;111194;36.3;16.3
85;2021-05-19;6493;1771;254687;112965;37.3;16.5
85;2021-05-20;6775;2177;261462;115142;38.3;16.9
85;2021-05-21;5499;2742;266961;117884;39.1;17.3
85;2021-05-22;2584;749;269545;118633;39.5;17.4
85;2021-05-23;1329;161;270874;118794;39.6;17.4
85;2021-05-24;4573;437;275447;119231;40.3;17.5
85;2021-05-25;4517;3567;279964;122798;41.0;18.0
85;2021-05-26;4946;2679;284910;125477;41.7;18.4
85;2021-05-27;4960;3695;289870;129172;42.4;18.9
85;2021-05-28;5253;4057;295123;133229;43.2;19.5
85;2021-05-29;3962;1529;299085;134758;43.8;19.7
85;2021-05-30;1292;125;300377;134883;44.0;19.7
85;2021-05-31;4689;3378;305066;138261;44.7;20.2
85;2021-06-01;5406;3396;310472;141657;45.4;20.7
85;2021-06-02;5557;2516;316029;144173;46.3;21.1
85;2021-06-03;5917;3233;321946;147406;47.1;21.6
85;2021-06-04;5841;3815;327787;151221;48.0;22.1
85;2021-06-05;2848;1938;330635;153159;48.4;22.4
85;2021-06-06;1511;803;332146;153962;48.6;22.5
85;2021-06-07;3237;4861;335383;158823;49.1;23.2
85;2021-06-08;4091;4527;339474;163350;49.7;23.9
85;2021-06-09;4848;3512;344322;166862;50.4;24.4
85;2021-06-10;5200;3702;349522;170564;51.2;25.0
85;2021-06-11;4507;4662;354029;175226;51.8;25.6
85;2021-06-12;1492;1799;355521;177025;52.0;25.9
85;2021-06-13;1220;673;356741;177698;52.2;26.0
85;2021-06-14;2682;5095;359423;182793;52.6;26.8
85;2021-06-15;3715;4930;363138;187723;53.2;27.5
85;2021-06-16;4083;3907;367221;191630;53.8;28.0
85;2021-06-17;3940;3898;371161;195528;54.3;28.6
85;2021-06-18;3626;5683;374787;201211;54.9;29.5
85;2021-06-19;1213;2029;376000;203240;55.0;29.7
85;2021-06-20;140;521;376140;203761;55.1;29.8
85;2021-06-21;2376;5813;378516;209574;55.4;30.7
85;2021-06-22;2849;5733;381365;215307;55.8;31.5
85;2021-06-23;3391;4500;384756;219807;56.3;32.2
85;2021-06-24;3642;4562;388398;224369;56.9;32.8
85;2021-06-25;2290;6180;390688;230549;57.2;33.7
85;2021-06-26;791;3759;391479;234308;57.3;34.3
85;2021-06-27;125;1370;391604;235678;57.3;34.5
85;2021-06-28;1186;6713;392790;242391;57.5;35.5
85;2021-06-29;1757;6873;394547;249264;57.8;36.5
85;2021-06-30;2213;6209;396760;255473;58.1;37.4
85;2021-07-01;2844;6059;399604;261532;58.5;38.3
85;2021-07-02;2332;7018;401936;268550;58.8;39.3
85;2021-07-03;618;3165;402554;271715;58.9;39.8
85;2021-07-04;145;1086;402699;272801;58.9;39.9
85;2021-07-05;1084;6653;403783;279454;59.1;40.9
85;2021-07-06;1582;6456;405365;285910;59.3;41.8
85;2021-07-07;1650;5863;407015;291773;59.6;42.7
85;2021-07-08;2166;5441;409181;297214;59.9;43.5
85;2021-07-09;1648;7096;410829;304310;60.1;44.5
85;2021-07-10;565;2836;411394;307146;60.2;45.0
85;2021-07-11;529;1288;411923;308434;60.3;45.1
85;2021-07-12;1409;7049;413332;315483;60.5;46.2
85;2021-07-13;2061;7390;415393;322873;60.8;47.3
85;2021-07-14;1453;2047;416846;324920;61.0;47.6
85;2021-07-15;2681;6939;419527;331859;61.4;48.6
85;2021-07-16;3431;6835;422958;338694;61.9;49.6
85;2021-07-17;1565;2152;424523;340846;62.1;49.9
85;2021-07-18;1150;1154;425673;342000;62.3;50.1
85;2021-07-19;3557;6231;429230;348231;62.8;51.0
85;2021-07-20;4301;6214;433531;354445;63.5;51.9
85;2021-07-21;3998;6195;437529;360640;64.0;52.8
85;2021-07-22;3907;6188;441436;366828;64.6;53.7
85;2021-07-23;4531;6708;445967;373536;65.3;54.7
85;2021-07-24;1047;2294;447014;375830;65.4;55.0
85;2021-07-25;491;304;447505;376134;65.5;55.1
85;2021-07-26;4514;5361;452019;381495;66.2;55.8
85;2021-07-27;5321;5398;457340;386893;66.9;56.6
85;2021-07-28;4964;4970;462304;391863;67.7;57.4
85;2021-07-29;5879;4733;468183;396596;68.5;58.1
85;2021-07-30;6029;4950;474212;401546;69.4;58.8
85;2021-07-31;1233;1575;475445;403121;69.6;59.0
85;2021-08-01;471;195;475916;403316;69.7;59.0
85;2021-08-02;4948;3953;480864;407269;70.4;59.6
85;2021-08-03;6525;3351;487389;410620;71.3;60.1
85;2021-08-04;6629;3423;494018;414043;72.3;60.6
85;2021-08-05;6192;3604;500210;417647;73.2;61.1
85;2021-08-06;5811;4516;506021;422163;74.1;61.8
85;2021-08-07;1506;1180;507527;423343;74.3;62.0
85;2021-08-08;331;231;507858;423574;74.3;62.0
85;2021-08-09;4146;3276;512004;426850;74.9;62.5
85;2021-08-10;4826;3420;516830;430270;75.6;63.0
85;2021-08-11;4667;4214;521497;434484;76.3;63.6
85;2021-08-12;4469;4299;525966;438783;77.0;64.2
85;2021-08-13;3863;3651;529829;442434;77.6;64.8
85;2021-08-14;1021;1090;530850;443524;77.7;64.9
85;2021-08-15;160;239;531010;443763;77.7;65.0
85;2021-08-16;2840;4773;533850;448536;78.1;65.7
85;2021-08-17;2968;4355;536818;452891;78.6;66.3
85;2021-08-18;3148;4104;539966;456995;79.0;66.9
85;2021-08-19;2727;4274;542693;461269;79.4;67.5
85;2021-08-20;2473;5227;545166;466496;79.8;68.3
85;2021-08-21;690;1394;545856;467890;79.9;68.5
85;2021-08-22;343;1018;546199;468908;79.9;68.6
85;2021-08-23;1870;5372;548069;474280;80.2;69.4
85;2021-08-24;1822;4866;549891;479146;80.5;70.1
85;2021-08-25;1643;4833;551534;483979;80.7;70.8
85;2021-08-26;1538;4764;553072;488743;81.0;71.5
85;2021-08-27;1691;5517;554763;494260;81.2;72.3
85;2021-08-28;569;1345;555332;495605;81.3;72.5
85;2021-08-29;127;988;555459;496593;81.3;72.7
85;2021-08-30;1120;4974;556579;501567;81.5;73.4
85;2021-08-31;1125;5450;557704;507017;81.6;74.2
85;2021-09-01;1135;5224;558839;512241;81.8;75.0
85;2021-09-02;988;4373;559827;516614;81.9;75.6
85;2021-09-03;1237;4536;561064;521150;82.1;76.3
85;2021-09-04;369;1385;561433;522535;82.2;76.5
85;2021-09-05;41;195;561474;522730;82.2;76.5
85;2021-09-06;849;3823;562323;526553;82.3;77.1
85;2021-09-07;841;3312;563164;529865;82.4;77.6
85;2021-09-08;859;3647;564023;533512;82.6;78.1
85;2021-09-09;636;2973;564659;536485;82.7;78.5
86;2020-12-27;0;0;0;0;0.0;0.0
86;2020-12-28;1;0;1;0;0.0;0.0
86;2020-12-29;1;0;2;0;0.0;0.0
86;2020-12-30;0;0;2;0;0.0;0.0
86;2020-12-31;0;0;2;0;0.0;0.0
86;2021-01-01;0;0;2;0;0.0;0.0
86;2021-01-02;0;0;2;0;0.0;0.0
86;2021-01-03;2;0;4;0;0.0;0.0
86;2021-01-04;0;0;4;0;0.0;0.0
86;2021-01-05;1;0;5;0;0.0;0.0
86;2021-01-06;178;0;183;0;0.0;0.0
86;2021-01-07;672;0;855;0;0.2;0.0
86;2021-01-08;610;2;1465;2;0.3;0.0
86;2021-01-09;0;0;1465;2;0.3;0.0
86;2021-01-10;173;0;1638;2;0.4;0.0
86;2021-01-11;305;0;1943;2;0.4;0.0
86;2021-01-12;460;0;2403;2;0.5;0.0
86;2021-01-13;336;0;2739;2;0.6;0.0
86;2021-01-14;551;1;3290;3;0.8;0.0
86;2021-01-15;543;0;3833;3;0.9;0.0
86;2021-01-16;2;0;3835;3;0.9;0.0
86;2021-01-17;0;0;3835;3;0.9;0.0
86;2021-01-18;563;0;4398;3;1.0;0.0
86;2021-01-19;1915;1;6313;4;1.4;0.0
86;2021-01-20;1463;20;7776;24;1.8;0.0
86;2021-01-21;1292;0;9068;24;2.1;0.0
86;2021-01-22;833;0;9901;24;2.3;0.0
86;2021-01-23;313;0;10214;24;2.3;0.0
86;2021-01-24;0;0;10214;24;2.3;0.0
86;2021-01-25;585;104;10799;128;2.5;0.0
86;2021-01-26;751;111;11550;239;2.6;0.1
86;2021-01-27;765;143;12315;382;2.8;0.1
86;2021-01-28;1048;416;13363;798;3.1;0.2
86;2021-01-29;880;205;14243;1003;3.3;0.2
86;2021-01-30;275;96;14518;1099;3.3;0.3
86;2021-01-31;57;157;14575;1256;3.3;0.3
86;2021-02-01;433;194;15008;1450;3.4;0.3
86;2021-02-02;574;374;15582;1824;3.6;0.4
86;2021-02-03;525;216;16107;2040;3.7;0.5
86;2021-02-04;478;352;16585;2392;3.8;0.5
86;2021-02-05;437;687;17022;3079;3.9;0.7
86;2021-02-06;148;182;17170;3261;3.9;0.7
86;2021-02-07;120;8;17290;3269;4.0;0.7
86;2021-02-08;361;259;17651;3528;4.0;0.8
86;2021-02-09;753;1079;18404;4607;4.2;1.1
86;2021-02-10;974;900;19378;5507;4.4;1.3
86;2021-02-11;1009;941;20387;6448;4.7;1.5
86;2021-02-12;747;330;21134;6778;4.8;1.5
86;2021-02-13;192;78;21326;6856;4.9;1.6
86;2021-02-14;1;34;21327;6890;4.9;1.6
86;2021-02-15;243;421;21570;7311;4.9;1.7
86;2021-02-16;384;754;21954;8065;5.0;1.8
86;2021-02-17;453;833;22407;8898;5.1;2.0
86;2021-02-18;422;803;22829;9701;5.2;2.2
86;2021-02-19;601;607;23430;10308;5.4;2.4
86;2021-02-20;115;146;23545;10454;5.4;2.4
86;2021-02-21;1;0;23546;10454;5.4;2.4
86;2021-02-22;241;364;23787;10818;5.4;2.5
86;2021-02-23;369;534;24156;11352;5.5;2.6
86;2021-02-24;409;531;24565;11883;5.6;2.7
86;2021-02-25;902;603;25467;12486;5.8;2.9
86;2021-02-26;1030;492;26497;12978;6.1;3.0
86;2021-02-27;460;135;26957;13113;6.2;3.0
86;2021-02-28;3;2;26960;13115;6.2;3.0
86;2021-03-01;232;472;27192;13587;6.2;3.1
86;2021-03-02;1142;796;28334;14383;6.5;3.3
86;2021-03-03;793;581;29127;14964;6.7;3.4
86;2021-03-04;1495;605;30622;15569;7.0;3.6
86;2021-03-05;1578;301;32200;15870;7.4;3.6
86;2021-03-06;995;160;33195;16030;7.6;3.7
86;2021-03-07;371;32;33566;16062;7.7;3.7
86;2021-03-08;472;515;34038;16577;7.8;3.8
86;2021-03-09;1368;516;35406;17093;8.1;3.9
86;2021-03-10;948;608;36354;17701;8.3;4.0
86;2021-03-11;1799;469;38153;18170;8.7;4.2
86;2021-03-12;2208;431;40361;18601;9.2;4.3
86;2021-03-13;1444;100;41805;18701;9.6;4.3
86;2021-03-14;133;16;41938;18717;9.6;4.3
86;2021-03-15;784;156;42722;18873;9.8;4.3
86;2021-03-16;848;203;43570;19076;10.0;4.4
86;2021-03-17;786;201;44356;19277;10.1;4.4
86;2021-03-18;1005;101;45361;19378;10.4;4.4
86;2021-03-19;2145;308;47506;19686;10.9;4.5
86;2021-03-20;592;130;48098;19816;11.0;4.5
86;2021-03-21;10;0;48108;19816;11.0;4.5
86;2021-03-22;852;274;48960;20090;11.2;4.6
86;2021-03-23;2015;326;50975;20416;11.7;4.7
86;2021-03-24;1557;290;52532;20706;12.0;4.7
86;2021-03-25;2488;342;55020;21048;12.6;4.8
86;2021-03-26;3043;359;58063;21407;13.3;4.9
86;2021-03-27;733;142;58796;21549;13.4;4.9
86;2021-03-28;5;127;58801;21676;13.4;5.0
86;2021-03-29;1259;391;60060;22067;13.7;5.0
86;2021-03-30;2403;822;62463;22889;14.3;5.2
86;2021-03-31;1511;625;63974;23514;14.6;5.4
86;2021-04-01;2245;942;66219;24456;15.1;5.6
86;2021-04-02;1902;551;68121;25007;15.6;5.7
86;2021-04-03;826;324;68947;25331;15.8;5.8
86;2021-04-04;83;109;69030;25440;15.8;5.8
86;2021-04-05;314;5;69344;25445;15.9;5.8
86;2021-04-06;1534;957;70878;26402;16.2;6.0
86;2021-04-07;1634;626;72512;27028;16.6;6.2
86;2021-04-08;2567;760;75079;27788;17.2;6.4
86;2021-04-09;3251;651;78330;28439;17.9;6.5
86;2021-04-10;1663;191;79993;28630;18.3;6.5
86;2021-04-11;442;11;80435;28641;18.4;6.5
86;2021-04-12;821;764;81256;29405;18.6;6.7
86;2021-04-13;2452;940;83708;30345;19.1;6.9
86;2021-04-14;1871;877;85579;31222;19.6;7.1
86;2021-04-15;2276;726;87855;31948;20.1;7.3
86;2021-04-16;2472;1228;90327;33176;20.7;7.6
86;2021-04-17;1039;264;91366;33440;20.9;7.6
86;2021-04-18;119;4;91485;33444;20.9;7.6
86;2021-04-19;745;797;92230;34241;21.1;7.8
86;2021-04-20;2302;1503;94532;35744;21.6;8.2
86;2021-04-21;2107;1126;96639;36870;22.1;8.4
86;2021-04-22;2331;1442;98970;38312;22.6;8.8
86;2021-04-23;2392;1577;101362;39889;23.2;9.1
86;2021-04-24;1300;512;102662;40401;23.5;9.2
86;2021-04-25;825;27;103487;40428;23.7;9.2
86;2021-04-26;2080;892;105567;41320;24.1;9.4
86;2021-04-27;3156;1670;108723;42990;24.9;9.8
86;2021-04-28;3004;1514;111727;44504;25.5;10.2
86;2021-04-29;3557;1829;115284;46333;26.4;10.6
86;2021-04-30;2970;1485;118254;47818;27.0;10.9
86;2021-05-01;1580;199;119834;48017;27.4;11.0
86;2021-05-02;1280;45;121114;48062;27.7;11.0
86;2021-05-03;2563;1004;123677;49066;28.3;11.2
86;2021-05-04;3509;1898;127186;50964;29.1;11.7
86;2021-05-05;3989;1485;131175;52449;30.0;12.0
86;2021-05-06;4291;1648;135466;54097;31.0;12.4
86;2021-05-07;4047;1825;139513;55922;31.9;12.8
86;2021-05-08;1976;397;141489;56319;32.3;12.9
86;2021-05-09;1641;203;143130;56522;32.7;12.9
86;2021-05-10;1958;1177;145088;57699;33.2;13.2
86;2021-05-11;3604;2686;148692;60385;34.0;13.8
86;2021-05-12;2252;1649;150944;62034;34.5;14.2
86;2021-05-13;1687;299;152631;62333;34.9;14.3
86;2021-05-14;2097;788;154728;63121;35.4;14.4
86;2021-05-15;1467;499;156195;63620;35.7;14.5
86;2021-05-16;778;164;156973;63784;35.9;14.6
86;2021-05-17;3221;1060;160194;64844;36.6;14.8
86;2021-05-18;4307;1665;164501;66509;37.6;15.2
86;2021-05-19;3592;1434;168093;67943;38.4;15.5
86;2021-05-20;4376;1618;172469;69561;39.4;15.9
86;2021-05-21;3438;1772;175907;71333;40.2;16.3
86;2021-05-22;2076;664;177983;71997;40.7;16.5
86;2021-05-23;1439;183;179422;72180;41.0;16.5
86;2021-05-24;1848;203;181270;72383;41.4;16.5
86;2021-05-25;2850;1639;184120;74022;42.1;16.9
86;2021-05-26;2727;1528;186847;75550;42.7;17.3
86;2021-05-27;3546;1850;190393;77400;43.5;17.7
86;2021-05-28;2164;2535;192557;79935;44.0;18.3
86;2021-05-29;1527;1286;194084;81221;44.4;18.6
86;2021-05-30;934;132;195018;81353;44.6;18.6
86;2021-05-31;1922;1820;196940;83173;45.0;19.0
86;2021-06-01;2664;2586;199604;85759;45.6;19.6
86;2021-06-02;2305;2665;201909;88424;46.2;20.2
86;2021-06-03;3337;2412;205246;90836;46.9;20.8
86;2021-06-04;2239;2860;207485;93696;47.4;21.4
86;2021-06-05;1502;1581;208987;95277;47.8;21.8
86;2021-06-06;819;900;209806;96177;48.0;22.0
86;2021-06-07;1118;2465;210924;98642;48.2;22.6
86;2021-06-08;1990;3697;212914;102339;48.7;23.4
86;2021-06-09;1902;3320;214816;105659;49.1;24.2
86;2021-06-10;2352;3241;217168;108900;49.6;24.9
86;2021-06-11;1517;2789;218685;111689;50.0;25.5
86;2021-06-12;746;2243;219431;113932;50.2;26.0
86;2021-06-13;214;1477;219645;115409;50.2;26.4
86;2021-06-14;1159;2903;220804;118312;50.5;27.0
86;2021-06-15;1688;4258;222492;122570;50.9;28.0
86;2021-06-16;1809;3136;224301;125706;51.3;28.7
86;2021-06-17;1777;4446;226078;130152;51.7;29.8
86;2021-06-18;1884;4588;227962;134740;52.1;30.8
86;2021-06-19;636;2101;228598;136841;52.3;31.3
86;2021-06-20;173;1319;228771;138160;52.3;31.6
86;2021-06-21;1106;2237;229877;140397;52.6;32.1
86;2021-06-22;1298;3458;231175;143855;52.9;32.9
86;2021-06-23;1364;2402;232539;146257;53.2;33.4
86;2021-06-24;1590;2725;234129;148982;53.5;34.1
86;2021-06-25;1193;3546;235322;152528;53.8;34.9
86;2021-06-26;391;2652;235713;155180;53.9;35.5
86;2021-06-27;138;1633;235851;156813;53.9;35.9
86;2021-06-28;271;3341;236122;160154;54.0;36.6
86;2021-06-29;858;4606;236980;164760;54.2;37.7
86;2021-06-30;1051;2974;238031;167734;54.4;38.3
86;2021-07-01;1541;3005;239572;170739;54.8;39.0
86;2021-07-02;1109;3643;240681;174382;55.0;39.9
86;2021-07-03;517;2394;241198;176776;55.1;40.4
86;2021-07-04;116;1347;241314;178123;55.2;40.7
86;2021-07-05;470;2832;241784;180955;55.3;41.4
86;2021-07-06;989;4107;242773;185062;55.5;42.3
86;2021-07-07;1261;2628;244034;187690;55.8;42.9
86;2021-07-08;1619;3149;245653;190839;56.2;43.6
86;2021-07-09;1747;3083;247400;193922;56.6;44.3
86;2021-07-10;1304;1954;248704;195876;56.9;44.8
86;2021-07-11;482;839;249186;196715;57.0;45.0
86;2021-07-12;850;2402;250036;199117;57.2;45.5
86;2021-07-13;1781;3365;251817;202482;57.6;46.3
86;2021-07-14;785;1232;252602;203714;57.8;46.6
86;2021-07-15;1886;3291;254488;207005;58.2;47.3
86;2021-07-16;1672;2662;256160;209667;58.6;47.9
86;2021-07-17;1351;1600;257511;211267;58.9;48.3
86;2021-07-18;381;907;257892;212174;59.0;48.5
86;2021-07-19;1377;1888;259269;214062;59.3;48.9
86;2021-07-20;2353;2733;261622;216795;59.8;49.6
86;2021-07-21;2306;2161;263928;218956;60.3;50.1
86;2021-07-22;2904;2798;266832;221754;61.0;50.7
86;2021-07-23;2468;2165;269300;223919;61.6;51.2
86;2021-07-24;1547;1226;270847;225145;61.9;51.5
86;2021-07-25;718;322;271565;225467;62.1;51.5
86;2021-07-26;1588;2104;273153;227571;62.4;52.0
86;2021-07-27;3558;2757;276711;230328;63.3;52.7
86;2021-07-28;3286;2140;279997;232468;64.0;53.1
86;2021-07-29;3265;2543;283262;235011;64.8;53.7
86;2021-07-30;2247;2376;285509;237387;65.3;54.3
86;2021-07-31;1427;1058;286936;238445;65.6;54.5
86;2021-08-01;651;338;287587;238783;65.7;54.6
86;2021-08-02;1941;1680;289528;240463;66.2;55.0
86;2021-08-03;3290;1990;292818;242453;66.9;55.4
86;2021-08-04;2740;1785;295558;244238;67.6;55.8
86;2021-08-05;3570;2057;299128;246295;68.4;56.3
86;2021-08-06;2398;1761;301526;248056;68.9;56.7
86;2021-08-07;1576;997;303102;249053;69.3;56.9
86;2021-08-08;953;552;304055;249605;69.5;57.1
86;2021-08-09;1883;1305;305938;250910;69.9;57.4
86;2021-08-10;2682;1782;308620;252692;70.6;57.8
86;2021-08-11;2362;1438;310982;254130;71.1;58.1
86;2021-08-12;2485;1831;313467;255961;71.7;58.5
86;2021-08-13;1836;1490;315303;257451;72.1;58.9
86;2021-08-14;1331;1153;316634;258604;72.4;59.1
86;2021-08-15;562;622;317196;259226;72.5;59.3
86;2021-08-16;1147;1788;318343;261014;72.8;59.7
86;2021-08-17;1556;2219;319899;263233;73.1;60.2
86;2021-08-18;1259;1859;321158;265092;73.4;60.6
86;2021-08-19;1502;2634;322660;267726;73.8;61.2
86;2021-08-20;1254;2609;323914;270335;74.1;61.8
86;2021-08-21;884;2007;324798;272342;74.3;62.3
86;2021-08-22;350;722;325148;273064;74.3;62.4
86;2021-08-23;722;1821;325870;274885;74.5;62.8
86;2021-08-24;1076;2752;326946;277637;74.7;63.5
86;2021-08-25;931;2067;327877;279704;75.0;63.9
86;2021-08-26;912;2813;328789;282517;75.2;64.6
86;2021-08-27;863;2172;329652;284689;75.4;65.1
86;2021-08-28;548;1773;330200;286462;75.5;65.5
86;2021-08-29;112;827;330312;287289;75.5;65.7
86;2021-08-30;684;2121;330996;289410;75.7;66.2
86;2021-08-31;958;3204;331954;292614;75.9;66.9
86;2021-09-01;569;2749;332523;295363;76.0;67.5
86;2021-09-02;745;2821;333268;298184;76.2;68.2
86;2021-09-03;751;2401;334019;300585;76.4;68.7
86;2021-09-04;365;2217;334384;302802;76.4;69.2
86;2021-09-05;27;918;334411;303720;76.5;69.4
86;2021-09-06;356;1752;334767;305472;76.5;69.8
86;2021-09-07;509;2200;335276;307672;76.7;70.3
86;2021-09-08;557;2387;335833;310059;76.8;70.9
86;2021-09-09;571;2000;336404;312059;76.9;71.3
87;2020-12-27;0;0;0;0;0.0;0.0
87;2020-12-28;1;0;1;0;0.0;0.0
87;2020-12-29;0;0;1;0;0.0;0.0
87;2020-12-30;0;0;1;0;0.0;0.0
87;2020-12-31;0;0;1;0;0.0;0.0
87;2021-01-01;0;0;1;0;0.0;0.0
87;2021-01-02;0;0;1;0;0.0;0.0
87;2021-01-03;0;0;1;0;0.0;0.0
87;2021-01-04;2;0;3;0;0.0;0.0
87;2021-01-05;1;0;4;0;0.0;0.0
87;2021-01-06;10;0;14;0;0.0;0.0
87;2021-01-07;301;0;315;0;0.1;0.0
87;2021-01-08;407;0;722;0;0.2;0.0
87;2021-01-09;64;0;786;0;0.2;0.0
87;2021-01-10;35;0;821;0;0.2;0.0
87;2021-01-11;424;0;1245;0;0.3;0.0
87;2021-01-12;653;0;1898;0;0.5;0.0
87;2021-01-13;660;3;2558;3;0.7;0.0
87;2021-01-14;517;10;3075;13;0.8;0.0
87;2021-01-15;533;3;3608;16;1.0;0.0
87;2021-01-16;204;1;3812;17;1.0;0.0
87;2021-01-17;1;0;3813;17;1.0;0.0
87;2021-01-18;646;5;4459;22;1.2;0.0
87;2021-01-19;656;1;5115;23;1.4;0.0
87;2021-01-20;674;3;5789;26;1.6;0.0
87;2021-01-21;717;0;6506;26;1.8;0.0
87;2021-01-22;758;4;7264;30;2.0;0.0
87;2021-01-23;286;0;7550;30;2.0;0.0
87;2021-01-24;0;0;7550;30;2.0;0.0
87;2021-01-25;620;10;8170;40;2.2;0.0
87;2021-01-26;570;49;8740;89;2.4;0.0
87;2021-01-27;572;37;9312;126;2.5;0.0
87;2021-01-28;857;93;10169;219;2.7;0.1
87;2021-01-29;740;254;10909;473;2.9;0.1
87;2021-01-30;327;67;11236;540;3.0;0.1
87;2021-01-31;34;71;11270;611;3.0;0.2
87;2021-02-01;413;285;11683;896;3.2;0.2
87;2021-02-02;453;437;12136;1333;3.3;0.4
87;2021-02-03;540;367;12676;1700;3.4;0.5
87;2021-02-04;612;566;13288;2266;3.6;0.6
87;2021-02-05;342;358;13630;2624;3.7;0.7
87;2021-02-06;55;123;13685;2747;3.7;0.7
87;2021-02-07;20;0;13705;2747;3.7;0.7
87;2021-02-08;245;400;13950;3147;3.8;0.8
87;2021-02-09;219;476;14169;3623;3.8;1.0
87;2021-02-10;262;535;14431;4158;3.9;1.1
87;2021-02-11;286;459;14717;4617;4.0;1.2
87;2021-02-12;287;436;15004;5053;4.0;1.4
87;2021-02-13;25;148;15029;5201;4.1;1.4
87;2021-02-14;0;3;15029;5204;4.1;1.4
87;2021-02-15;237;325;15266;5529;4.1;1.5
87;2021-02-16;330;255;15596;5784;4.2;1.6
87;2021-02-17;330;323;15926;6107;4.3;1.6
87;2021-02-18;478;566;16404;6673;4.4;1.8
87;2021-02-19;404;440;16808;7113;4.5;1.9
87;2021-02-20;123;156;16931;7269;4.6;2.0
87;2021-02-21;2;9;16933;7278;4.6;2.0
87;2021-02-22;440;482;17373;7760;4.7;2.1
87;2021-02-23;557;565;17930;8325;4.8;2.2
87;2021-02-24;451;530;18381;8855;5.0;2.4
87;2021-02-25;790;615;19171;9470;5.2;2.6
87;2021-02-26;841;416;20012;9886;5.4;2.7
87;2021-02-27;405;161;20417;10047;5.5;2.7
87;2021-02-28;3;0;20420;10047;5.5;2.7
87;2021-03-01;518;322;20938;10369;5.6;2.8
87;2021-03-02;1031;340;21969;10709;5.9;2.9
87;2021-03-03;1174;310;23143;11019;6.2;3.0
87;2021-03-04;1406;320;24549;11339;6.6;3.1
87;2021-03-05;1770;253;26319;11592;7.1;3.1
87;2021-03-06;1048;38;27367;11630;7.4;3.1
87;2021-03-07;257;6;27624;11636;7.5;3.1
87;2021-03-08;864;228;28488;11864;7.7;3.2
87;2021-03-09;1288;224;29776;12088;8.0;3.3
87;2021-03-10;1299;226;31075;12314;8.4;3.3
87;2021-03-11;1754;248;32829;12562;8.9;3.4
87;2021-03-12;2129;286;34958;12848;9.4;3.5
87;2021-03-13;1308;22;36266;12870;9.8;3.5
87;2021-03-14;80;1;36346;12871;9.8;3.5
87;2021-03-15;989;355;37335;13226;10.1;3.6
87;2021-03-16;1061;241;38396;13467;10.4;3.6
87;2021-03-17;1070;218;39466;13685;10.6;3.7
87;2021-03-18;1185;342;40651;14027;11.0;3.8
87;2021-03-19;1684;279;42335;14306;11.4;3.9
87;2021-03-20;925;85;43260;14391;11.7;3.9
87;2021-03-21;32;0;43292;14391;11.7;3.9
87;2021-03-22;1049;376;44341;14767;12.0;4.0
87;2021-03-23;1386;430;45727;15197;12.3;4.1
87;2021-03-24;1508;365;47235;15562;12.7;4.2
87;2021-03-25;2500;394;49735;15956;13.4;4.3
87;2021-03-26;2533;454;52268;16410;14.1;4.4
87;2021-03-27;891;123;53159;16533;14.3;4.5
87;2021-03-28;269;18;53428;16551;14.4;4.5
87;2021-03-29;1118;414;54546;16965;14.7;4.6
87;2021-03-30;1908;661;56454;17626;15.2;4.8
87;2021-03-31;1660;692;58114;18318;15.7;4.9
87;2021-04-01;2240;572;60354;18890;16.3;5.1
87;2021-04-02;1843;632;62197;19522;16.8;5.3
87;2021-04-03;455;266;62652;19788;16.9;5.3
87;2021-04-04;2;0;62654;19788;16.9;5.3
87;2021-04-05;82;1;62736;19789;16.9;5.3
87;2021-04-06;1000;903;63736;20692;17.2;5.6
87;2021-04-07;1487;925;65223;21617;17.6;5.8
87;2021-04-08;1785;1032;67008;22649;18.1;6.1
87;2021-04-09;2647;740;69655;23389;18.8;6.3
87;2021-04-10;1190;306;70845;23695;19.1;6.4
87;2021-04-11;69;0;70914;23695;19.1;6.4
87;2021-04-12;1619;826;72533;24521;19.6;6.6
87;2021-04-13;2289;1062;74822;25583;20.2;6.9
87;2021-04-14;2530;1186;77352;26769;20.9;7.2
87;2021-04-15;2224;1076;79576;27845;21.5;7.5
87;2021-04-16;2736;1071;82312;28916;22.2;7.8
87;2021-04-17;731;388;83043;29304;22.4;7.9
87;2021-04-18;111;141;83154;29445;22.4;7.9
87;2021-04-19;1659;839;84813;30284;22.9;8.2
87;2021-04-20;2085;883;86898;31167;23.4;8.4
87;2021-04-21;2296;993;89194;32160;24.1;8.7
87;2021-04-22;2565;1161;91759;33321;24.7;9.0
87;2021-04-23;1997;1183;93756;34504;25.3;9.3
87;2021-04-24;825;621;94581;35125;25.5;9.5
87;2021-04-25;64;103;94645;35228;25.5;9.5
87;2021-04-26;1356;910;96001;36138;25.9;9.7
87;2021-04-27;2399;1200;98400;37338;26.5;10.1
87;2021-04-28;3868;1433;102268;38771;27.6;10.5
87;2021-04-29;3078;1830;105346;40601;28.4;11.0
87;2021-04-30;3174;1357;108520;41958;29.3;11.3
87;2021-05-01;614;59;109134;42017;29.4;11.3
87;2021-05-02;361;5;109495;42022;29.5;11.3
87;2021-05-03;2322;934;111817;42956;30.2;11.6
87;2021-05-04;2906;1069;114723;44025;30.9;11.9
87;2021-05-05;2989;1506;117712;45531;31.7;12.3
87;2021-05-06;2531;1712;120243;47243;32.4;12.7
87;2021-05-07;2945;1716;123188;48959;33.2;13.2
87;2021-05-08;772;294;123960;49253;33.4;13.3
87;2021-05-09;18;133;123978;49386;33.4;13.3
87;2021-05-10;1938;1590;125916;50976;34.0;13.7
87;2021-05-11;2467;1905;128383;52881;34.6;14.3
87;2021-05-12;2624;2065;131007;54946;35.3;14.8
87;2021-05-13;1085;292;132092;55238;35.6;14.9
87;2021-05-14;2244;1772;134336;57010;36.2;15.4
87;2021-05-15;950;409;135286;57419;36.5;15.5
87;2021-05-16;141;74;135427;57493;36.5;15.5
87;2021-05-17;1628;1763;137055;59256;37.0;16.0
87;2021-05-18;2634;1815;139689;61071;37.7;16.5
87;2021-05-19;2822;1553;142511;62624;38.4;16.9
87;2021-05-20;3303;1724;145814;64348;39.3;17.4
87;2021-05-21;2765;1842;148579;66190;40.1;17.9
87;2021-05-22;1458;628;150037;66818;40.5;18.0
87;2021-05-23;211;92;150248;66910;40.5;18.0
87;2021-05-24;1055;141;151303;67051;40.8;18.1
87;2021-05-25;2117;1809;153420;68860;41.4;18.6
87;2021-05-26;3221;2475;156641;71335;42.2;19.2
87;2021-05-27;3022;2356;159663;73691;43.1;19.9
87;2021-05-28;2674;2521;162337;76212;43.8;20.6
87;2021-05-29;1061;1312;163398;77524;44.1;20.9
87;2021-05-30;258;60;163656;77584;44.1;20.9
87;2021-05-31;2287;1356;165943;78940;44.8;21.3
87;2021-06-01;2548;1859;168491;80799;45.4;21.8
87;2021-06-02;2524;1851;171015;82650;46.1;22.3
87;2021-06-03;3212;2526;174227;85176;47.0;23.0
87;2021-06-04;2839;2059;177066;87235;47.8;23.5
87;2021-06-05;1311;575;178377;87810;48.1;23.7
87;2021-06-06;262;95;178639;87905;48.2;23.7
87;2021-06-07;2101;1899;180740;89804;48.7;24.2
87;2021-06-08;2961;2598;183701;92402;49.5;24.9
87;2021-06-09;2304;2811;186005;95213;50.2;25.7
87;2021-06-10;2974;2554;188979;97767;51.0;26.4
87;2021-06-11;2364;3067;191343;100834;51.6;27.2
87;2021-06-12;1220;1102;192563;101936;51.9;27.5
87;2021-06-13;294;485;192857;102421;52.0;27.6
87;2021-06-14;980;2729;193837;105150;52.3;28.4
87;2021-06-15;1361;3319;195198;108469;52.6;29.3
87;2021-06-16;1650;3424;196848;111893;53.1;30.2
87;2021-06-17;2439;2316;199287;114209;53.7;30.8
87;2021-06-18;1790;3014;201077;117223;54.2;31.6
87;2021-06-19;1047;1177;202124;118400;54.5;31.9
87;2021-06-20;205;206;202329;118606;54.6;32.0
87;2021-06-21;1041;2643;203370;121249;54.9;32.7
87;2021-06-22;1029;2881;204399;124130;55.1;33.5
87;2021-06-23;1257;3081;205656;127211;55.5;34.3
87;2021-06-24;1620;2559;207276;129770;55.9;35.0
87;2021-06-25;1450;2709;208726;132479;56.3;35.7
87;2021-06-26;529;1201;209255;133680;56.4;36.1
87;2021-06-27;26;212;209281;133892;56.4;36.1
87;2021-06-28;717;2574;209998;136466;56.6;36.8
87;2021-06-29;1156;3414;211154;139880;56.9;37.7
87;2021-06-30;1125;2651;212279;142531;57.3;38.4
87;2021-07-01;1482;2549;213761;145080;57.7;39.1
87;2021-07-02;1200;3461;214961;148541;58.0;40.1
87;2021-07-03;414;1512;215375;150053;58.1;40.5
87;2021-07-04;24;384;215399;150437;58.1;40.6
87;2021-07-05;686;2392;216085;152829;58.3;41.2
87;2021-07-06;584;3222;216669;156051;58.4;42.1
87;2021-07-07;864;3344;217533;159395;58.7;43.0
87;2021-07-08;1119;3671;218652;163066;59.0;44.0
87;2021-07-09;1112;3701;219764;166767;59.3;45.0
87;2021-07-10;290;1361;220054;168128;59.3;45.3
87;2021-07-11;49;284;220103;168412;59.4;45.4
87;2021-07-12;559;3191;220662;171603;59.5;46.3
87;2021-07-13;833;3512;221495;175115;59.7;47.2
87;2021-07-14;518;538;222013;175653;59.9;47.4
87;2021-07-15;1361;3459;223374;179112;60.2;48.3
87;2021-07-16;1732;3599;225106;182711;60.7;49.3
87;2021-07-17;655;1373;225761;184084;60.9;49.6
87;2021-07-18;81;285;225842;184369;60.9;49.7
87;2021-07-19;1434;3401;227276;187770;61.3;50.6
87;2021-07-20;1806;3593;229082;191363;61.8;51.6
87;2021-07-21;1452;3150;230534;194513;62.2;52.5
87;2021-07-22;1878;3247;232412;197760;62.7;53.3
87;2021-07-23;1875;3171;234287;200931;63.2;54.2
87;2021-07-24;817;1285;235104;202216;63.4;54.5
87;2021-07-25;106;241;235210;202457;63.4;54.6
87;2021-07-26;1542;2328;236752;204785;63.9;55.2
87;2021-07-27;2556;2061;239308;206846;64.5;55.8
87;2021-07-28;2390;2005;241698;208851;65.2;56.3
87;2021-07-29;3010;1998;244708;210849;66.0;56.9
87;2021-07-30;2544;2077;247252;212926;66.7;57.4
87;2021-07-31;1105;837;248357;213763;67.0;57.7
87;2021-08-01;284;151;248641;213914;67.1;57.7
87;2021-08-02;2117;1516;250758;215430;67.6;58.1
87;2021-08-03;2494;1332;253252;216762;68.3;58.5
87;2021-08-04;2315;1063;255567;217825;68.9;58.7
87;2021-08-05;2529;1410;258096;219235;69.6;59.1
87;2021-08-06;2140;1658;260236;220893;70.2;59.6
87;2021-08-07;1109;782;261345;221675;70.5;59.8
87;2021-08-08;208;123;261553;221798;70.5;59.8
87;2021-08-09;1819;1525;263372;223323;71.0;60.2
87;2021-08-10;2200;1535;265572;224858;71.6;60.6
87;2021-08-11;1913;1275;267485;226133;72.1;61.0
87;2021-08-12;2104;1481;269589;227614;72.7;61.4
87;2021-08-13;1723;1619;271312;229233;73.2;61.8
87;2021-08-14;672;733;271984;229966;73.4;62.0
87;2021-08-15;72;104;272056;230070;73.4;62.1
87;2021-08-16;1503;1743;273559;231813;73.8;62.5
87;2021-08-17;1347;1666;274906;233479;74.1;63.0
87;2021-08-18;1243;1997;276149;235476;74.5;63.5
87;2021-08-19;1219;1798;277368;237274;74.8;64.0
87;2021-08-20;913;2204;278281;239478;75.1;64.6
87;2021-08-21;317;965;278598;240443;75.1;64.8
87;2021-08-22;92;235;278690;240678;75.2;64.9
87;2021-08-23;744;2392;279434;243070;75.4;65.6
87;2021-08-24;762;2134;280196;245204;75.6;66.1
87;2021-08-25;707;2062;280903;247266;75.8;66.7
87;2021-08-26;855;2155;281758;249421;76.0;67.3
87;2021-08-27;780;2665;282538;252086;76.2;68.0
87;2021-08-28;323;1295;282861;253381;76.3;68.3
87;2021-08-29;65;244;282926;253625;76.3;68.4
87;2021-08-30;471;2212;283397;255837;76.4;69.0
87;2021-08-31;606;1933;284003;257770;76.6;69.5
87;2021-09-01;743;2468;284746;260238;76.8;70.2
87;2021-09-02;551;2340;285297;262578;76.9;70.8
87;2021-09-03;644;2482;285941;265060;77.1;71.5
87;2021-09-04;274;1130;286215;266190;77.2;71.8
87;2021-09-05;2;7;286217;266197;77.2;71.8
87;2021-09-06;394;1986;286611;268183;77.3;72.3
87;2021-09-07;382;1505;286993;269688;77.4;72.7
87;2021-09-08;457;1809;287450;271497;77.5;73.2
87;2021-09-09;321;1225;287771;272722;77.6;73.6
88;2020-12-27;0;0;0;0;0.0;0.0
88;2020-12-28;0;0;0;0;0.0;0.0
88;2020-12-29;0;0;0;0;0.0;0.0
88;2020-12-30;0;0;0;0;0.0;0.0
88;2020-12-31;0;0;0;0;0.0;0.0
88;2021-01-01;2;0;2;0;0.0;0.0
88;2021-01-02;0;0;2;0;0.0;0.0
88;2021-01-03;0;0;2;0;0.0;0.0
88;2021-01-04;0;0;2;0;0.0;0.0
88;2021-01-05;1;0;3;0;0.0;0.0
88;2021-01-06;3;0;6;0;0.0;0.0
88;2021-01-07;71;1;77;1;0.0;0.0
88;2021-01-08;189;2;266;3;0.1;0.0
88;2021-01-09;190;2;456;5;0.1;0.0
88;2021-01-10;0;0;456;5;0.1;0.0
88;2021-01-11;227;0;683;5;0.2;0.0
88;2021-01-12;422;0;1105;5;0.3;0.0
88;2021-01-13;491;2;1596;7;0.4;0.0
88;2021-01-14;347;2;1943;9;0.5;0.0
88;2021-01-15;380;2;2323;11;0.6;0.0
88;2021-01-16;62;0;2385;11;0.7;0.0
88;2021-01-17;1;0;2386;11;0.7;0.0
88;2021-01-18;461;0;2847;11;0.8;0.0
88;2021-01-19;451;0;3298;11;0.9;0.0
88;2021-01-20;461;1;3759;12;1.0;0.0
88;2021-01-21;1545;5;5304;17;1.5;0.0
88;2021-01-22;1181;2;6485;19;1.8;0.0
88;2021-01-23;284;0;6769;19;1.9;0.0
88;2021-01-24;298;2;7067;21;2.0;0.0
88;2021-01-25;938;4;8005;25;2.2;0.0
88;2021-01-26;388;5;8393;30;2.3;0.0
88;2021-01-27;4;0;8397;30;2.3;0.0
88;2021-01-28;162;35;8559;65;2.4;0.0
88;2021-01-29;526;150;9085;215;2.5;0.1
88;2021-01-30;288;123;9373;338;2.6;0.1
88;2021-01-31;0;0;9373;338;2.6;0.1
88;2021-02-01;406;270;9779;608;2.7;0.2
88;2021-02-02;333;350;10112;958;2.8;0.3
88;2021-02-03;437;230;10549;1188;2.9;0.3
88;2021-02-04;315;216;10864;1404;3.0;0.4
88;2021-02-05;457;241;11321;1645;3.1;0.5
88;2021-02-06;110;49;11431;1694;3.2;0.5
88;2021-02-07;0;0;11431;1694;3.2;0.5
88;2021-02-08;360;169;11791;1863;3.3;0.5
88;2021-02-09;291;250;12082;2113;3.4;0.6
88;2021-02-10;416;308;12498;2421;3.5;0.7
88;2021-02-11;850;999;13348;3420;3.7;1.0
88;2021-02-12;937;676;14285;4096;4.0;1.1
88;2021-02-13;162;204;14447;4300;4.0;1.2
88;2021-02-14;81;216;14528;4516;4.0;1.3
88;2021-02-15;641;1008;15169;5524;4.2;1.5
88;2021-02-16;472;659;15641;6183;4.4;1.7
88;2021-02-17;456;366;16097;6549;4.5;1.8
88;2021-02-18;516;317;16613;6866;4.6;1.9
88;2021-02-19;536;404;17149;7270;4.8;2.0
88;2021-02-20;156;92;17305;7362;4.8;2.0
88;2021-02-21;1;25;17306;7387;4.8;2.1
88;2021-02-22;425;295;17731;7682;4.9;2.1
88;2021-02-23;403;193;18134;7875;5.0;2.2
88;2021-02-24;506;180;18640;8055;5.2;2.2
88;2021-02-25;675;240;19315;8295;5.4;2.3
88;2021-02-26;863;244;20178;8539;5.6;2.4
88;2021-02-27;269;32;20447;8571;5.7;2.4
88;2021-02-28;30;1;20477;8572;5.7;2.4
88;2021-03-01;359;413;20836;8985;5.8;2.5
88;2021-03-02;431;421;21267;9406;5.9;2.6
88;2021-03-03;650;416;21917;9822;6.1;2.7
88;2021-03-04;1039;711;22956;10533;6.4;2.9
88;2021-03-05;934;669;23890;11202;6.6;3.1
88;2021-03-06;1874;117;25764;11319;7.2;3.1
88;2021-03-07;1060;79;26824;11398;7.5;3.2
88;2021-03-08;727;668;27551;12066;7.7;3.4
88;2021-03-09;1094;519;28645;12585;8.0;3.5
88;2021-03-10;1084;487;29729;13072;8.3;3.6
88;2021-03-11;1441;397;31170;13469;8.7;3.7
88;2021-03-12;1309;483;32479;13952;9.0;3.9
88;2021-03-13;1210;128;33689;14080;9.4;3.9
88;2021-03-14;166;5;33855;14085;9.4;3.9
88;2021-03-15;929;443;34784;14528;9.7;4.0
88;2021-03-16;1024;343;35808;14871;10.0;4.1
88;2021-03-17;905;422;36713;15293;10.2;4.3
88;2021-03-18;1303;399;38016;15692;10.6;4.4
88;2021-03-19;1465;502;39481;16194;11.0;4.5
88;2021-03-20;1319;55;40800;16249;11.3;4.5
88;2021-03-21;37;0;40837;16249;11.4;4.5
88;2021-03-22;1232;543;42069;16792;11.7;4.7
88;2021-03-23;1780;443;43849;17235;12.2;4.8
88;2021-03-24;1876;469;45725;17704;12.7;4.9
88;2021-03-25;2499;493;48224;18197;13.4;5.1
88;2021-03-26;2480;455;50704;18652;14.1;5.2
88;2021-03-27;883;298;51587;18950;14.3;5.3
88;2021-03-28;61;3;51648;18953;14.4;5.3
88;2021-03-29;1305;442;52953;19395;14.7;5.4
88;2021-03-30;2062;392;55015;19787;15.3;5.5
88;2021-03-31;1619;576;56634;20363;15.8;5.7
88;2021-04-01;2118;716;58752;21079;16.3;5.9
88;2021-04-02;2816;647;61568;21726;17.1;6.0
88;2021-04-03;745;215;62313;21941;17.3;6.1
88;2021-04-04;16;1;62329;21942;17.3;6.1
88;2021-04-05;23;2;62352;21944;17.3;6.1
88;2021-04-06;1140;678;63492;22622;17.7;6.3
88;2021-04-07;1600;715;65092;23337;18.1;6.5
88;2021-04-08;1858;789;66950;24126;18.6;6.7
88;2021-04-09;3080;741;70030;24867;19.5;6.9
88;2021-04-10;724;650;70754;25517;19.7;7.1
88;2021-04-11;33;1;70787;25518;19.7;7.1
88;2021-04-12;1538;986;72325;26504;20.1;7.4
88;2021-04-13;2037;1092;74362;27596;20.7;7.7
88;2021-04-14;1911;950;76273;28546;21.2;7.9
88;2021-04-15;1967;1244;78240;29790;21.8;8.3
88;2021-04-16;2109;1049;80349;30839;22.3;8.6
88;2021-04-17;1429;765;81778;31604;22.7;8.8
88;2021-04-18;268;23;82046;31627;22.8;8.8
88;2021-04-19;1173;1237;83219;32864;23.1;9.1
88;2021-04-20;1190;1398;84409;34262;23.5;9.5
88;2021-04-21;1503;1295;85912;35557;23.9;9.9
88;2021-04-22;1899;1633;87811;37190;24.4;10.3
88;2021-04-23;1825;2047;89636;39237;24.9;10.9
88;2021-04-24;1185;783;90821;40020;25.3;11.1
88;2021-04-25;34;2;90855;40022;25.3;11.1
88;2021-04-26;1181;1173;92036;41195;25.6;11.5
88;2021-04-27;1278;1728;93314;42923;26.0;11.9
88;2021-04-28;1634;1495;94948;44418;26.4;12.4
88;2021-04-29;2082;1465;97030;45883;27.0;12.8
88;2021-04-30;2451;1629;99481;47512;27.7;13.2
88;2021-05-01;2008;287;101489;47799;28.2;13.3
88;2021-05-02;1301;120;102790;47919;28.6;13.3
88;2021-05-03;1558;1218;104348;49137;29.0;13.7
88;2021-05-04;1444;1467;105792;50604;29.4;14.1
88;2021-05-05;2427;1599;108219;52203;30.1;14.5
88;2021-05-06;3210;1204;111429;53407;31.0;14.9
88;2021-05-07;2938;1347;114367;54754;31.8;15.2
88;2021-05-08;1533;469;115900;55223;32.2;15.4
88;2021-05-09;1735;160;117635;55383;32.7;15.4
88;2021-05-10;1764;1568;119399;56951;33.2;15.8
88;2021-05-11;2657;1910;122056;58861;33.9;16.4
88;2021-05-12;2531;1853;124587;60714;34.7;16.9
88;2021-05-13;3258;683;127845;61397;35.6;17.1
88;2021-05-14;2501;1539;130346;62936;36.3;17.5
88;2021-05-15;1625;743;131971;63679;36.7;17.7
88;2021-05-16;1333;103;133304;63782;37.1;17.7
88;2021-05-17;1988;946;135292;64728;37.6;18.0
88;2021-05-18;2256;1115;137548;65843;38.3;18.3
88;2021-05-19;2722;1149;140270;66992;39.0;18.6
88;2021-05-20;3347;1238;143617;68230;39.9;19.0
88;2021-05-21;2876;1150;146493;69380;40.7;19.3
88;2021-05-22;1432;713;147925;70093;41.1;19.5
88;2021-05-23;558;74;148483;70167;41.3;19.5
88;2021-05-24;1675;435;150158;70602;41.8;19.6
88;2021-05-25;1648;1174;151806;71776;42.2;20.0
88;2021-05-26;2368;1140;154174;72916;42.9;20.3
88;2021-05-27;2201;1364;156375;74280;43.5;20.7
88;2021-05-28;1891;1976;158266;76256;44.0;21.2
88;2021-05-29;1230;1754;159496;78010;44.4;21.7
88;2021-05-30;587;418;160083;78428;44.5;21.8
88;2021-05-31;1327;1849;161410;80277;44.9;22.3
88;2021-06-01;1720;1986;163130;82263;45.4;22.9
88;2021-06-02;2076;1872;165206;84135;46.0;23.4
88;2021-06-03;2739;1618;167945;85753;46.7;23.9
88;2021-06-04;2043;1935;169988;87688;47.3;24.4
88;2021-06-05;1531;1137;171519;88825;47.7;24.7
88;2021-06-06;693;156;172212;88981;47.9;24.7
88;2021-06-07;1292;1710;173504;90691;48.3;25.2
88;2021-06-08;1666;1935;175170;92626;48.7;25.8
88;2021-06-09;1618;1908;176788;94534;49.2;26.3
88;2021-06-10;1781;2046;178569;96580;49.7;26.9
88;2021-06-11;1549;2214;180118;98794;50.1;27.5
88;2021-06-12;669;1657;180787;100451;50.3;27.9
88;2021-06-13;464;377;181251;100828;50.4;28.0
88;2021-06-14;1030;2249;182281;103077;50.7;28.7
88;2021-06-15;1929;2460;184210;105537;51.2;29.4
88;2021-06-16;1486;2872;185696;108409;51.7;30.2
88;2021-06-17;1599;2732;187295;111141;52.1;30.9
88;2021-06-18;1356;2460;188651;113601;52.5;31.6
88;2021-06-19;701;1090;189352;114691;52.7;31.9
88;2021-06-20;78;79;189430;114770;52.7;31.9
88;2021-06-21;672;2581;190102;117351;52.9;32.6
88;2021-06-22;869;3433;190971;120784;53.1;33.6
88;2021-06-23;1144;2877;192115;123661;53.4;34.4
88;2021-06-24;703;2604;192818;126265;53.6;35.1
88;2021-06-25;1436;3180;194254;129445;54.0;36.0
88;2021-06-26;903;2072;195157;131517;54.3;36.6
88;2021-06-27;543;635;195700;132152;54.4;36.8
88;2021-06-28;760;2515;196460;134667;54.6;37.5
88;2021-06-29;961;3355;197421;138022;54.9;38.4
88;2021-06-30;1136;3116;198557;141138;55.2;39.3
88;2021-07-01;1056;2686;199613;143824;55.5;40.0
88;2021-07-02;992;3150;200605;146974;55.8;40.9
88;2021-07-03;694;1699;201299;148673;56.0;41.4
88;2021-07-04;258;815;201557;149488;56.1;41.6
88;2021-07-05;993;2021;202550;151509;56.3;42.1
88;2021-07-06;1020;2416;203570;153925;56.6;42.8
88;2021-07-07;1179;2588;204749;156513;57.0;43.5
88;2021-07-08;1085;2064;205834;158577;57.3;44.1
88;2021-07-09;1583;2704;207417;161281;57.7;44.9
88;2021-07-10;723;1817;208140;163098;57.9;45.4
88;2021-07-11;468;696;208608;163794;58.0;45.6
88;2021-07-12;1055;2521;209663;166315;58.3;46.3
88;2021-07-13;1313;2654;210976;168969;58.7;47.0
88;2021-07-14;1206;801;212182;169770;59.0;47.2
88;2021-07-15;1744;3314;213926;173084;59.5;48.1
88;2021-07-16;1470;2964;215396;176048;59.9;49.0
88;2021-07-17;802;1588;216198;177636;60.1;49.4
88;2021-07-18;180;679;216378;178315;60.2;49.6
88;2021-07-19;1563;2231;217941;180546;60.6;50.2
88;2021-07-20;2143;2388;220084;182934;61.2;50.9
88;2021-07-21;1938;2218;222022;185152;61.8;51.5
88;2021-07-22;1699;2110;223721;187262;62.2;52.1
88;2021-07-23;2509;2784;226230;190046;62.9;52.9
88;2021-07-24;1059;1186;227289;191232;63.2;53.2
88;2021-07-25;432;608;227721;191840;63.3;53.4
88;2021-07-26;1715;2074;229436;193914;63.8;53.9
88;2021-07-27;2351;2060;231787;195974;64.5;54.5
88;2021-07-28;2212;2249;233999;198223;65.1;55.1
88;2021-07-29;3031;1634;237030;199857;65.9;55.6
88;2021-07-30;2274;2296;239304;202153;66.6;56.2
88;2021-07-31;1106;1037;240410;203190;66.9;56.5
88;2021-08-01;448;461;240858;203651;67.0;56.6
88;2021-08-02;2376;1768;243234;205419;67.7;57.1
88;2021-08-03;2875;1591;246109;207010;68.5;57.6
88;2021-08-04;2517;1529;248626;208539;69.2;58.0
88;2021-08-05;1995;1378;250621;209917;69.7;58.4
88;2021-08-06;2929;2012;253550;211929;70.5;58.9
88;2021-08-07;1173;912;254723;212841;70.9;59.2
88;2021-08-08;750;320;255473;213161;71.1;59.3
88;2021-08-09;1549;1650;257022;214811;71.5;59.7
88;2021-08-10;1938;2055;258960;216866;72.0;60.3
88;2021-08-11;1867;1750;260827;218616;72.5;60.8
88;2021-08-12;1667;1348;262494;219964;73.0;61.2
88;2021-08-13;1942;2128;264436;222092;73.6;61.8
88;2021-08-14;578;911;265014;223003;73.7;62.0
88;2021-08-15;336;521;265350;223524;73.8;62.2
88;2021-08-16;1149;1987;266499;225511;74.1;62.7
88;2021-08-17;1268;2056;267767;227567;74.5;63.3
88;2021-08-18;1206;1924;268973;229491;74.8;63.8
88;2021-08-19;1038;1582;270011;231073;75.1;64.3
88;2021-08-20;1014;2330;271025;233403;75.4;64.9
88;2021-08-21;402;1142;271427;234545;75.5;65.2
88;2021-08-22;100;479;271527;235024;75.5;65.4
88;2021-08-23;730;1641;272257;236665;75.7;65.8
88;2021-08-24;914;1973;273171;238638;76.0;66.4
88;2021-08-25;889;2459;274060;241097;76.2;67.1
88;2021-08-26;863;2047;274923;243144;76.5;67.6
88;2021-08-27;844;2710;275767;245854;76.7;68.4
88;2021-08-28;485;1351;276252;247205;76.8;68.8
88;2021-08-29;130;694;276382;247899;76.9;69.0
88;2021-08-30;697;2383;277079;250282;77.1;69.6
88;2021-08-31;779;2374;277858;252656;77.3;70.3
88;2021-09-01;680;2072;278538;254728;77.5;70.9
88;2021-09-02;659;1742;279197;256470;77.7;71.3
88;2021-09-03;727;2260;279924;258730;77.9;72.0
88;2021-09-04;418;1155;280342;259885;78.0;72.3
88;2021-09-05;188;424;280530;260309;78.0;72.4
88;2021-09-06;505;1358;281035;261667;78.2;72.8
88;2021-09-07;567;1407;281602;263074;78.3;73.2
88;2021-09-08;452;1492;282054;264566;78.5;73.6
88;2021-09-09;526;1067;282580;265633;78.6;73.9
89;2020-12-27;0;0;0;0;0.0;0.0
89;2020-12-28;2;0;2;0;0.0;0.0
89;2020-12-29;0;0;2;0;0.0;0.0
89;2020-12-30;0;0;2;0;0.0;0.0
89;2020-12-31;0;0;2;0;0.0;0.0
89;2021-01-01;0;0;2;0;0.0;0.0
89;2021-01-02;0;0;2;0;0.0;0.0
89;2021-01-03;0;0;2;0;0.0;0.0
89;2021-01-04;0;0;2;0;0.0;0.0
89;2021-01-05;0;0;2;0;0.0;0.0
89;2021-01-06;48;0;50;0;0.0;0.0
89;2021-01-07;201;0;251;0;0.1;0.0
89;2021-01-08;48;0;299;0;0.1;0.0
89;2021-01-09;1;0;300;0;0.1;0.0
89;2021-01-10;0;0;300;0;0.1;0.0
89;2021-01-11;221;0;521;0;0.2;0.0
89;2021-01-12;349;0;870;0;0.3;0.0
89;2021-01-13;533;3;1403;3;0.4;0.0
89;2021-01-14;711;7;2114;10;0.6;0.0
89;2021-01-15;275;2;2389;12;0.7;0.0
89;2021-01-16;90;3;2479;15;0.7;0.0
89;2021-01-17;0;0;2479;15;0.7;0.0
89;2021-01-18;503;1;2982;16;0.9;0.0
89;2021-01-19;841;3;3823;19;1.2;0.0
89;2021-01-20;760;0;4583;19;1.4;0.0
89;2021-01-21;940;4;5523;23;1.7;0.0
89;2021-01-22;1021;1;6544;24;2.0;0.0
89;2021-01-23;200;0;6744;24;2.0;0.0
89;2021-01-24;107;0;6851;24;2.1;0.0
89;2021-01-25;482;3;7333;27;2.2;0.0
89;2021-01-26;582;12;7915;39;2.4;0.0
89;2021-01-27;473;37;8388;76;2.5;0.0
89;2021-01-28;551;124;8939;200;2.7;0.1
89;2021-01-29;958;42;9897;242;3.0;0.1
89;2021-01-30;184;14;10081;256;3.0;0.1
89;2021-01-31;24;1;10105;257;3.0;0.1
89;2021-02-01;255;139;10360;396;3.1;0.1
89;2021-02-02;282;320;10642;716;3.2;0.2
89;2021-02-03;292;319;10934;1035;3.3;0.3
89;2021-02-04;432;588;11366;1623;3.4;0.5
89;2021-02-05;387;183;11753;1806;3.5;0.5
89;2021-02-06;77;66;11830;1872;3.6;0.6
89;2021-02-07;0;0;11830;1872;3.6;0.6
89;2021-02-08;288;167;12118;2039;3.6;0.6
89;2021-02-09;285;411;12403;2450;3.7;0.7
89;2021-02-10;396;289;12799;2739;3.9;0.8
89;2021-02-11;332;533;13131;3272;4.0;1.0
89;2021-02-12;433;573;13564;3845;4.1;1.2
89;2021-02-13;52;127;13616;3972;4.1;1.2
89;2021-02-14;21;116;13637;4088;4.1;1.2
89;2021-02-15;218;332;13855;4420;4.2;1.3
89;2021-02-16;134;452;13989;4872;4.2;1.5
89;2021-02-17;263;360;14252;5232;4.3;1.6
89;2021-02-18;225;452;14477;5684;4.4;1.7
89;2021-02-19;244;598;14721;6282;4.4;1.9
89;2021-02-20;33;128;14754;6410;4.4;1.9
89;2021-02-21;0;10;14754;6420;4.4;1.9
89;2021-02-22;233;388;14987;6808;4.5;2.1
89;2021-02-23;171;412;15158;7220;4.6;2.2
89;2021-02-24;343;314;15501;7534;4.7;2.3
89;2021-02-25;370;393;15871;7927;4.8;2.4
89;2021-02-26;385;294;16256;8221;4.9;2.5
89;2021-02-27;138;62;16394;8283;4.9;2.5
89;2021-02-28;6;13;16400;8296;4.9;2.5
89;2021-03-01;541;208;16941;8504;5.1;2.6
89;2021-03-02;754;327;17695;8831;5.3;2.7
89;2021-03-03;647;246;18342;9077;5.5;2.7
89;2021-03-04;633;356;18975;9433;5.7;2.8
89;2021-03-05;728;479;19703;9912;5.9;3.0
89;2021-03-06;549;122;20252;10034;6.1;3.0
89;2021-03-07;288;40;20540;10074;6.2;3.0
89;2021-03-08;559;315;21099;10389;6.4;3.1
89;2021-03-09;1001;259;22100;10648;6.7;3.2
89;2021-03-10;984;248;23084;10896;7.0;3.3
89;2021-03-11;1075;291;24159;11187;7.3;3.4
89;2021-03-12;1281;331;25440;11518;7.7;3.5
89;2021-03-13;637;44;26077;11562;7.9;3.5
89;2021-03-14;1;0;26078;11562;7.9;3.5
89;2021-03-15;816;311;26894;11873;8.1;3.6
89;2021-03-16;948;220;27842;12093;8.4;3.6
89;2021-03-17;920;269;28762;12362;8.7;3.7
89;2021-03-18;885;254;29647;12616;8.9;3.8
89;2021-03-19;1149;196;30796;12812;9.3;3.9
89;2021-03-20;844;28;31640;12840;9.5;3.9
89;2021-03-21;173;6;31813;12846;9.6;3.9
89;2021-03-22;1044;223;32857;13069;9.9;3.9
89;2021-03-23;1742;256;34599;13325;10.4;4.0
89;2021-03-24;1967;325;36566;13650;11.0;4.1
89;2021-03-25;1821;170;38387;13820;11.6;4.2
89;2021-03-26;2627;185;41014;14005;12.4;4.2
89;2021-03-27;1774;48;42788;14053;12.9;4.2
89;2021-03-28;32;3;42820;14056;12.9;4.2
89;2021-03-29;965;573;43785;14629;13.2;4.4
89;2021-03-30;1154;566;44939;15195;13.5;4.6
89;2021-03-31;2005;472;46944;15667;14.1;4.7
89;2021-04-01;2120;461;49064;16128;14.8;4.9
89;2021-04-02;2139;445;51203;16573;15.4;5.0
89;2021-04-03;1004;243;52207;16816;15.7;5.1
89;2021-04-04;16;1;52223;16817;15.7;5.1
89;2021-04-05;92;2;52315;16819;15.8;5.1
89;2021-04-06;1034;757;53349;17576;16.1;5.3
89;2021-04-07;1029;801;54378;18377;16.4;5.5
89;2021-04-08;1729;726;56107;19103;16.9;5.8
89;2021-04-09;2165;767;58272;19870;17.5;6.0
89;2021-04-10;892;181;59164;20051;17.8;6.0
89;2021-04-11;38;51;59202;20102;17.8;6.1
89;2021-04-12;1012;792;60214;20894;18.1;6.3
89;2021-04-13;1357;1082;61571;21976;18.5;6.6
89;2021-04-14;1213;1037;62784;23013;18.9;6.9
89;2021-04-15;1415;944;64199;23957;19.3;7.2
89;2021-04-16;1329;941;65528;24898;19.7;7.5
89;2021-04-17;1068;455;66596;25353;20.1;7.6
89;2021-04-18;27;154;66623;25507;20.1;7.7
89;2021-04-19;749;1039;67372;26546;20.3;8.0
89;2021-04-20;1017;1534;68389;28080;20.6;8.5
89;2021-04-21;814;1103;69203;29183;20.8;8.8
89;2021-04-22;1108;1165;70311;30348;21.2;9.1
89;2021-04-23;1823;1965;72134;32313;21.7;9.7
89;2021-04-24;1174;1174;73308;33487;22.1;10.1
89;2021-04-25;139;6;73447;33493;22.1;10.1
89;2021-04-26;1503;776;74950;34269;22.6;10.3
89;2021-04-27;1733;1053;76683;35322;23.1;10.6
89;2021-04-28;1596;1854;78279;37176;23.6;11.2
89;2021-04-29;1970;1924;80249;39100;24.2;11.8
89;2021-04-30;1804;1768;82053;40868;24.7;12.3
89;2021-05-01;846;721;82899;41589;25.0;12.5
89;2021-05-02;134;31;83033;41620;25.0;12.5
89;2021-05-03;1606;765;84639;42385;25.5;12.8
89;2021-05-04;1620;1127;86259;43512;26.0;13.1
89;2021-05-05;2319;1267;88578;44779;26.7;13.5
89;2021-05-06;2412;1381;90990;46160;27.4;13.9
89;2021-05-07;2719;1315;93709;47475;28.2;14.3
89;2021-05-08;1787;534;95496;48009;28.8;14.5
89;2021-05-09;196;18;95692;48027;28.8;14.5
89;2021-05-10;1201;963;96893;48990;29.2;14.8
89;2021-05-11;2489;1461;99382;50451;29.9;15.2
89;2021-05-12;2059;1215;101441;51666;30.5;15.6
89;2021-05-13;414;332;101855;51998;30.7;15.7
89;2021-05-14;1880;1095;103735;53093;31.2;16.0
89;2021-05-15;2247;394;105982;53487;31.9;16.1
89;2021-05-16;10;35;105992;53522;31.9;16.1
89;2021-05-17;2092;636;108084;54158;32.5;16.3
89;2021-05-18;2323;830;110407;54988;33.2;16.6
89;2021-05-19;2861;881;113268;55869;34.1;16.8
89;2021-05-20;2927;889;116195;56758;35.0;17.1
89;2021-05-21;2481;877;118676;57635;35.7;17.4
89;2021-05-22;1430;562;120106;58197;36.2;17.5
89;2021-05-23;108;10;120214;58207;36.2;17.5
89;2021-05-24;286;224;120500;58431;36.3;17.6
89;2021-05-25;1559;982;122059;59413;36.8;17.9
89;2021-05-26;1817;1023;123876;60436;37.3;18.2
89;2021-05-27;2118;1358;125994;61794;37.9;18.6
89;2021-05-28;2143;1421;128137;63215;38.6;19.0
89;2021-05-29;541;659;128678;63874;38.7;19.2
89;2021-05-30;25;22;128703;63896;38.8;19.2
89;2021-05-31;1248;970;129951;64866;39.1;19.5
89;2021-06-01;1506;981;131457;65847;39.6;19.8
89;2021-06-02;1946;1279;133403;67126;40.2;20.2
89;2021-06-03;2428;1523;135831;68649;40.9;20.7
89;2021-06-04;2140;1887;137971;70536;41.5;21.2
89;2021-06-05;1186;1224;139157;71760;41.9;21.6
89;2021-06-06;23;37;139180;71797;41.9;21.6
89;2021-06-07;2108;1451;141288;73248;42.5;22.1
89;2021-06-08;2195;1453;143483;74701;43.2;22.5
89;2021-06-09;2321;1511;145804;76212;43.9;22.9
89;2021-06-10;2791;1600;148595;77812;44.7;23.4
89;2021-06-11;1950;1749;150545;79561;45.3;24.0
89;2021-06-12;1103;759;151648;80320;45.7;24.2
89;2021-06-13;156;419;151804;80739;45.7;24.3
89;2021-06-14;1311;1825;153115;82564;46.1;24.9
89;2021-06-15;1401;2013;154516;84577;46.5;25.5
89;2021-06-16;1129;2583;155645;87160;46.9;26.2
89;2021-06-17;1431;2337;157076;89497;47.3;26.9
89;2021-06-18;1623;2878;158699;92375;47.8;27.8
89;2021-06-19;687;1660;159386;94035;48.0;28.3
89;2021-06-20;55;127;159441;94162;48.0;28.4
89;2021-06-21;759;1528;160200;95690;48.2;28.8
89;2021-06-22;1048;2679;161248;98369;48.6;29.6
89;2021-06-23;1156;1796;162404;100165;48.9;30.2
89;2021-06-24;1077;1497;163481;101662;49.2;30.6
89;2021-06-25;1008;2426;164489;104088;49.5;31.3
89;2021-06-26;560;2482;165049;106570;49.7;32.1
89;2021-06-27;14;28;165063;106598;49.7;32.1
89;2021-06-28;1033;2492;166096;109090;50.0;32.8
89;2021-06-29;692;2403;166788;111493;50.2;33.6
89;2021-06-30;1084;3182;167872;114675;50.5;34.5
89;2021-07-01;1022;2987;168894;117662;50.9;35.4
89;2021-07-02;1106;2747;170000;120409;51.2;36.3
89;2021-07-03;554;1574;170554;121983;51.4;36.7
89;2021-07-04;11;36;170565;122019;51.4;36.7
89;2021-07-05;1296;1840;171861;123859;51.8;37.3
89;2021-07-06;1050;2311;172911;126170;52.1;38.0
89;2021-07-07;669;1789;173580;127959;52.3;38.5
89;2021-07-08;793;1872;174373;129831;52.5;39.1
89;2021-07-09;1142;2606;175515;132437;52.9;39.9
89;2021-07-10;719;816;176234;133253;53.1;40.1
89;2021-07-11;26;39;176260;133292;53.1;40.1
89;2021-07-12;1423;1900;177683;135192;53.5;40.7
89;2021-07-13;2137;2742;179820;137934;54.1;41.5
89;2021-07-14;314;324;180134;138258;54.2;41.6
89;2021-07-15;2244;3157;182378;141415;54.9;42.6
89;2021-07-16;2391;2863;184769;144278;55.6;43.4
89;2021-07-17;1234;1227;186003;145505;56.0;43.8
89;2021-07-18;276;97;186279;145602;56.1;43.8
89;2021-07-19;1566;2811;187845;148413;56.6;44.7
89;2021-07-20;1929;3282;189774;151695;57.1;45.7
89;2021-07-21;2080;2725;191854;154420;57.8;46.5
89;2021-07-22;2476;2993;194330;157413;58.5;47.4
89;2021-07-23;2478;3106;196808;160519;59.3;48.3
89;2021-07-24;1241;1247;198049;161766;59.6;48.7
89;2021-07-25;69;185;198118;161951;59.7;48.8
89;2021-07-26;1720;2320;199838;164271;60.2;49.5
89;2021-07-27;2345;1911;202183;166182;60.9;50.0
89;2021-07-28;2537;1339;204720;167521;61.6;50.4
89;2021-07-29;2526;1621;207246;169142;62.4;50.9
89;2021-07-30;2678;1621;209924;170763;63.2;51.4
89;2021-07-31;1122;1072;211046;171835;63.5;51.7
89;2021-08-01;69;33;211115;171868;63.6;51.8
89;2021-08-02;1787;1284;212902;173152;64.1;52.1
89;2021-08-03;2489;1256;215391;174408;64.9;52.5
89;2021-08-04;1527;1641;216918;176049;65.3;53.0
89;2021-08-05;1530;1692;218448;177741;65.8;53.5
89;2021-08-06;2164;1650;220612;179391;66.4;54.0
89;2021-08-07;928;1093;221540;180484;66.7;54.3
89;2021-08-08;56;48;221596;180532;66.7;54.4
89;2021-08-09;1089;1174;222685;181706;67.1;54.7
89;2021-08-10;1777;1816;224462;183522;67.6;55.3
89;2021-08-11;1520;1580;225982;185102;68.0;55.7
89;2021-08-12;1351;1390;227333;186492;68.5;56.2
89;2021-08-13;1259;1950;228592;188442;68.8;56.7
89;2021-08-14;518;1021;229110;189463;69.0;57.1
89;2021-08-15;19;43;229129;189506;69.0;57.1
89;2021-08-16;986;1965;230115;191471;69.3;57.7
89;2021-08-17;830;1571;230945;193042;69.5;58.1
89;2021-08-18;609;1897;231554;194939;69.7;58.7
89;2021-08-19;656;1390;232210;196329;69.9;59.1
89;2021-08-20;1003;2262;233213;198591;70.2;59.8
89;2021-08-21;296;1003;233509;199594;70.3;60.1
89;2021-08-22;32;34;233541;199628;70.3;60.1
89;2021-08-23;752;2247;234293;201875;70.5;60.8
89;2021-08-24;833;2365;235126;204240;70.8;61.5
89;2021-08-25;559;1429;235685;205669;71.0;61.9
89;2021-08-26;577;2053;236262;207722;71.1;62.5
89;2021-08-27;777;2260;237039;209982;71.4;63.2
89;2021-08-28;353;1303;237392;211285;71.5;63.6
89;2021-08-29;30;70;237422;211355;71.5;63.6
89;2021-08-30;627;2230;238049;213585;71.7;64.3
89;2021-08-31;597;1624;238646;215209;71.9;64.8
89;2021-09-01;506;1370;239152;216579;72.0;65.2
89;2021-09-02;426;1457;239578;218036;72.1;65.7
89;2021-09-03;572;2087;240150;220123;72.3;66.3
89;2021-09-04;493;997;240643;221120;72.5;66.6
89;2021-09-05;14;17;240657;221137;72.5;66.6
89;2021-09-06;415;1854;241072;222991;72.6;67.1
89;2021-09-07;351;1144;241423;224135;72.7;67.5
89;2021-09-08;322;1011;241745;225146;72.8;67.8
89;2021-09-09;248;949;241993;226095;72.9;68.1
90;2020-12-27;0;0;0;0;0.0;0.0
90;2020-12-28;0;0;0;0;0.0;0.0
90;2020-12-29;0;0;0;0;0.0;0.0
90;2020-12-30;1;0;1;0;0.0;0.0
90;2020-12-31;0;0;1;0;0.0;0.0
90;2021-01-01;0;0;1;0;0.0;0.0
90;2021-01-02;1;0;2;0;0.0;0.0
90;2021-01-03;0;0;2;0;0.0;0.0
90;2021-01-04;2;0;4;0;0.0;0.0
90;2021-01-05;0;0;4;0;0.0;0.0
90;2021-01-06;0;0;4;0;0.0;0.0
90;2021-01-07;1;0;5;0;0.0;0.0
90;2021-01-08;170;0;175;0;0.1;0.0
90;2021-01-09;46;0;221;0;0.2;0.0
90;2021-01-10;0;0;221;0;0.2;0.0
90;2021-01-11;200;0;421;0;0.3;0.0
90;2021-01-12;430;1;851;1;0.6;0.0
90;2021-01-13;468;2;1319;3;0.9;0.0
90;2021-01-14;414;2;1733;5;1.2;0.0
90;2021-01-15;404;8;2137;13;1.5;0.0
90;2021-01-16;111;2;2248;15;1.6;0.0
90;2021-01-17;1;0;2249;15;1.6;0.0
90;2021-01-18;365;2;2614;17;1.9;0.0
90;2021-01-19;462;4;3076;21;2.2;0.0
90;2021-01-20;392;2;3468;23;2.5;0.0
90;2021-01-21;351;1;3819;24;2.7;0.0
90;2021-01-22;346;2;4165;26;3.0;0.0
90;2021-01-23;98;0;4263;26;3.0;0.0
90;2021-01-24;0;0;4263;26;3.0;0.0
90;2021-01-25;322;2;4585;28;3.3;0.0
90;2021-01-26;224;0;4809;28;3.4;0.0
90;2021-01-27;255;0;5064;28;3.6;0.0
90;2021-01-28;328;29;5392;57;3.8;0.0
90;2021-01-29;291;160;5683;217;4.1;0.2
90;2021-01-30;176;43;5859;260;4.2;0.2
90;2021-01-31;118;0;5977;260;4.3;0.2
90;2021-02-01;275;103;6252;363;4.5;0.3
90;2021-02-02;290;154;6542;517;4.7;0.4
90;2021-02-03;256;274;6798;791;4.9;0.6
90;2021-02-04;257;302;7055;1093;5.0;0.8
90;2021-02-05;266;263;7321;1356;5.2;1.0
90;2021-02-06;89;63;7410;1419;5.3;1.0
90;2021-02-07;0;0;7410;1419;5.3;1.0
90;2021-02-08;170;211;7580;1630;5.4;1.2
90;2021-02-09;139;159;7719;1789;5.5;1.3
90;2021-02-10;182;29;7901;1818;5.6;1.3
90;2021-02-11;229;96;8130;1914;5.8;1.4
90;2021-02-12;126;238;8256;2152;5.9;1.5
90;2021-02-13;96;41;8352;2193;6.0;1.6
90;2021-02-14;0;0;8352;2193;6.0;1.6
90;2021-02-15;113;254;8465;2447;6.0;1.7
90;2021-02-16;92;260;8557;2707;6.1;1.9
90;2021-02-17;178;185;8735;2892;6.2;2.1
90;2021-02-18;128;215;8863;3107;6.3;2.2
90;2021-02-19;64;238;8927;3345;6.4;2.4
90;2021-02-20;40;68;8967;3413;6.4;2.4
90;2021-02-21;0;0;8967;3413;6.4;2.4
90;2021-02-22;77;287;9044;3700;6.5;2.6
90;2021-02-23;40;231;9084;3931;6.5;2.8
90;2021-02-24;109;264;9193;4195;6.6;3.0
90;2021-02-25;89;275;9282;4470;6.6;3.2
90;2021-02-26;89;358;9371;4828;6.7;3.4
90;2021-02-27;140;155;9511;4983;6.8;3.6
90;2021-02-28;8;101;9519;5084;6.8;3.6
90;2021-03-01;211;216;9730;5300;6.9;3.8
90;2021-03-02;178;263;9908;5563;7.1;4.0
90;2021-03-03;239;332;10147;5895;7.2;4.2
90;2021-03-04;260;273;10407;6168;7.4;4.4
90;2021-03-05;359;262;10766;6430;7.7;4.6
90;2021-03-06;291;102;11057;6532;7.9;4.7
90;2021-03-07;18;1;11075;6533;7.9;4.7
90;2021-03-08;246;239;11321;6772;8.1;4.8
90;2021-03-09;430;162;11751;6934;8.4;4.9
90;2021-03-10;348;194;12099;7128;8.6;5.1
90;2021-03-11;348;120;12447;7248;8.9;5.2
90;2021-03-12;519;130;12966;7378;9.3;5.3
90;2021-03-13;539;48;13505;7426;9.6;5.3
90;2021-03-14;21;0;13526;7426;9.7;5.3
90;2021-03-15;388;118;13914;7544;9.9;5.4
90;2021-03-16;402;100;14316;7644;10.2;5.5
90;2021-03-17;323;76;14639;7720;10.4;5.5
90;2021-03-18;348;81;14987;7801;10.7;5.6
90;2021-03-19;468;79;15455;7880;11.0;5.6
90;2021-03-20;427;48;15882;7928;11.3;5.7
90;2021-03-21;7;1;15889;7929;11.3;5.7
90;2021-03-22;399;30;16288;7959;11.6;5.7
90;2021-03-23;740;76;17028;8035;12.2;5.7
90;2021-03-24;817;45;17845;8080;12.7;5.8
90;2021-03-25;949;75;18794;8155;13.4;5.8
90;2021-03-26;1227;61;20021;8216;14.3;5.9
90;2021-03-27;439;34;20460;8250;14.6;5.9
90;2021-03-28;34;0;20494;8250;14.6;5.9
90;2021-03-29;712;143;21206;8393;15.1;6.0
90;2021-03-30;675;155;21881;8548;15.6;6.1
90;2021-03-31;728;84;22609;8632;16.1;6.2
90;2021-04-01;602;123;23211;8755;16.6;6.2
90;2021-04-02;657;98;23868;8853;17.0;6.3
90;2021-04-03;370;41;24238;8894;17.3;6.3
90;2021-04-04;1;0;24239;8894;17.3;6.3
90;2021-04-05;0;0;24239;8894;17.3;6.3
90;2021-04-06;528;251;24767;9145;17.7;6.5
90;2021-04-07;485;266;25252;9411;18.0;6.7
90;2021-04-08;510;245;25762;9656;18.4;6.9
90;2021-04-09;752;267;26514;9923;18.9;7.1
90;2021-04-10;224;8;26738;9931;19.1;7.1
90;2021-04-11;7;0;26745;9931;19.1;7.1
90;2021-04-12;557;481;27302;10412;19.5;7.4
90;2021-04-13;632;531;27934;10943;19.9;7.8
90;2021-04-14;526;350;28460;11293;20.3;8.1
90;2021-04-15;905;291;29365;11584;21.0;8.3
90;2021-04-16;370;404;29735;11988;21.2;8.6
90;2021-04-17;189;128;29924;12116;21.4;8.6
90;2021-04-18;21;0;29945;12116;21.4;8.6
90;2021-04-19;435;571;30380;12687;21.7;9.1
90;2021-04-20;494;616;30874;13303;22.0;9.5
90;2021-04-21;353;497;31227;13800;22.3;9.8
90;2021-04-22;569;602;31796;14402;22.7;10.3
90;2021-04-23;504;742;32300;15144;23.0;10.8
90;2021-04-24;305;202;32605;15346;23.3;11.0
90;2021-04-25;1;0;32606;15346;23.3;11.0
90;2021-04-26;509;750;33115;16096;23.6;11.5
90;2021-04-27;641;679;33756;16775;24.1;12.0
90;2021-04-28;765;445;34521;17220;24.6;12.3
90;2021-04-29;1003;449;35524;17669;25.3;12.6
90;2021-04-30;1120;460;36644;18129;26.1;12.9
90;2021-05-01;60;42;36704;18171;26.2;13.0
90;2021-05-02;4;0;36708;18171;26.2;13.0
90;2021-05-03;904;285;37612;18456;26.8;13.2
90;2021-05-04;784;637;38396;19093;27.4;13.6
90;2021-05-05;892;504;39288;19597;28.0;14.0
90;2021-05-06;852;626;40140;20223;28.6;14.4
90;2021-05-07;440;508;40580;20731;29.0;14.8
90;2021-05-08;26;27;40606;20758;29.0;14.8
90;2021-05-09;5;33;40611;20791;29.0;14.8
90;2021-05-10;506;582;41117;21373;29.3;15.3
90;2021-05-11;778;638;41895;22011;29.9;15.7
90;2021-05-12;532;598;42427;22609;30.3;16.1
90;2021-05-13;1113;264;43540;22873;31.1;16.3
90;2021-05-14;865;403;44405;23276;31.7;16.6
90;2021-05-15;14;125;44419;23401;31.7;16.7
90;2021-05-16;2;7;44421;23408;31.7;16.7
90;2021-05-17;793;290;45214;23698;32.3;16.9
90;2021-05-18;1024;473;46238;24171;33.0;17.2
90;2021-05-19;1265;384;47503;24555;33.9;17.5
90;2021-05-20;1201;270;48704;24825;34.8;17.7
90;2021-05-21;1265;432;49969;25257;35.7;18.0
90;2021-05-22;9;131;49978;25388;35.7;18.1
90;2021-05-23;4;0;49982;25388;35.7;18.1
90;2021-05-24;368;265;50350;25653;35.9;18.3
90;2021-05-25;636;791;50986;26444;36.4;18.9
90;2021-05-26;630;568;51616;27012;36.8;19.3
90;2021-05-27;963;383;52579;27395;37.5;19.5
90;2021-05-28;668;827;53247;28222;38.0;20.1
90;2021-05-29;93;296;53340;28518;38.1;20.3
90;2021-05-30;4;1;53344;28519;38.1;20.3
90;2021-05-31;809;713;54153;29232;38.6;20.9
90;2021-06-01;969;740;55122;29972;39.3;21.4
90;2021-06-02;760;676;55882;30648;39.9;21.9
90;2021-06-03;758;743;56640;31391;40.4;22.4
90;2021-06-04;833;973;57473;32364;41.0;23.1
90;2021-06-05;54;427;57527;32791;41.0;23.4
90;2021-06-06;1;16;57528;32807;41.0;23.4
90;2021-06-07;1265;1081;58793;33888;42.0;24.2
90;2021-06-08;1481;936;60274;34824;43.0;24.8
90;2021-06-09;965;659;61239;35483;43.7;25.3
90;2021-06-10;626;498;61865;35981;44.1;25.7
90;2021-06-11;787;1127;62652;37108;44.7;26.5
90;2021-06-12;806;297;63458;37405;45.3;26.7
90;2021-06-13;10;12;63468;37417;45.3;26.7
90;2021-06-14;265;974;63733;38391;45.5;27.4
90;2021-06-15;567;882;64300;39273;45.9;28.0
90;2021-06-16;510;548;64810;39821;46.2;28.4
90;2021-06-17;444;638;65254;40459;46.6;28.9
90;2021-06-18;624;998;65878;41457;47.0;29.6
90;2021-06-19;450;170;66328;41627;47.3;29.7
90;2021-06-20;0;28;66328;41655;47.3;29.7
90;2021-06-21;257;1178;66585;42833;47.5;30.6
90;2021-06-22;384;950;66969;43783;47.8;31.2
90;2021-06-23;415;633;67384;44416;48.1;31.7
90;2021-06-24;318;603;67702;45019;48.3;32.1
90;2021-06-25;431;1270;68133;46289;48.6;33.0
90;2021-06-26;420;561;68553;46850;48.9;33.4
90;2021-06-27;2;6;68555;46856;48.9;33.4
90;2021-06-28;378;1299;68933;48155;49.2;34.4
90;2021-06-29;305;1307;69238;49462;49.4;35.3
90;2021-06-30;485;1228;69723;50690;49.8;36.2
90;2021-07-01;355;920;70078;51610;50.0;36.8
90;2021-07-02;507;1205;70585;52815;50.4;37.7
90;2021-07-03;52;129;70637;52944;50.4;37.8
90;2021-07-04;0;21;70637;52965;50.4;37.8
90;2021-07-05;401;1014;71038;53979;50.7;38.5
90;2021-07-06;514;972;71552;54951;51.1;39.2
90;2021-07-07;381;995;71933;55946;51.3;39.9
90;2021-07-08;304;607;72237;56553;51.5;40.4
90;2021-07-09;440;949;72677;57502;51.9;41.0
90;2021-07-10;32;91;72709;57593;51.9;41.1
90;2021-07-11;7;17;72716;57610;51.9;41.1
90;2021-07-12;245;1076;72961;58686;52.1;41.9
90;2021-07-13;474;1162;73435;59848;52.4;42.7
90;2021-07-14;4;9;73439;59857;52.4;42.7
90;2021-07-15;791;1455;74230;61312;53.0;43.7
90;2021-07-16;827;1681;75057;62993;53.6;44.9
90;2021-07-17;485;955;75542;63948;53.9;45.6
90;2021-07-18;4;2;75546;63950;53.9;45.6
90;2021-07-19;1187;1460;76733;65410;54.8;46.7
90;2021-07-20;1339;1135;78072;66545;55.7;47.5
90;2021-07-21;1398;983;79470;67528;56.7;48.2
90;2021-07-22;1126;697;80596;68225;57.5;48.7
90;2021-07-23;970;1022;81566;69247;58.2;49.4
90;2021-07-24;121;66;81687;69313;58.3;49.5
90;2021-07-25;2;1;81689;69314;58.3;49.5
90;2021-07-26;1072;803;82761;70117;59.1;50.0
90;2021-07-27;1085;746;83846;70863;59.8;50.6
90;2021-07-28;824;712;84670;71575;60.4;51.1
90;2021-07-29;839;441;85509;72016;61.0;51.4
90;2021-07-30;786;504;86295;72520;61.6;51.7
90;2021-07-31;486;313;86781;72833;61.9;52.0
90;2021-08-01;0;3;86781;72836;61.9;52.0
90;2021-08-02;836;510;87617;73346;62.5;52.3
90;2021-08-03;914;493;88531;73839;63.2;52.7
90;2021-08-04;1067;459;89598;74298;63.9;53.0
90;2021-08-05;520;221;90118;74519;64.3;53.2
90;2021-08-06;639;390;90757;74909;64.8;53.5
90;2021-08-07;36;63;90793;74972;64.8;53.5
90;2021-08-08;18;3;90811;74975;64.8;53.5
90;2021-08-09;722;946;91533;75921;65.3;54.2
90;2021-08-10;535;1152;92068;77073;65.7;55.0
90;2021-08-11;537;947;92605;78020;66.1;55.7
90;2021-08-12;445;817;93050;78837;66.4;56.3
90;2021-08-13;528;896;93578;79733;66.8;56.9
90;2021-08-14;30;99;93608;79832;66.8;57.0
90;2021-08-15;2;8;93610;79840;66.8;57.0
90;2021-08-16;448;633;94058;80473;67.1;57.4
90;2021-08-17;344;1167;94402;81640;67.4;58.3
90;2021-08-18;270;879;94672;82519;67.6;58.9
90;2021-08-19;239;627;94911;83146;67.7;59.3
90;2021-08-20;353;771;95264;83917;68.0;59.9
90;2021-08-21;32;70;95296;83987;68.0;59.9
90;2021-08-22;0;7;95296;83994;68.0;59.9
90;2021-08-23;301;489;95597;84483;68.2;60.3
90;2021-08-24;332;957;95929;85440;68.4;61.0
90;2021-08-25;249;915;96178;86355;68.6;61.6
90;2021-08-26;241;673;96419;87028;68.8;62.1
90;2021-08-27;270;737;96689;87765;69.0;62.6
90;2021-08-28;20;64;96709;87829;69.0;62.7
90;2021-08-29;2;6;96711;87835;69.0;62.7
90;2021-08-30;319;639;97030;88474;69.2;63.1
90;2021-08-31;274;1024;97304;89498;69.4;63.9
90;2021-09-01;264;785;97568;90283;69.6;64.4
90;2021-09-02;156;407;97724;90690;69.7;64.7
90;2021-09-03;222;530;97946;91220;69.9;65.1
90;2021-09-04;55;156;98001;91376;69.9;65.2
90;2021-09-05;9;25;98010;91401;69.9;65.2
90;2021-09-06;132;740;98142;92141;70.0;65.7
90;2021-09-07;219;667;98361;92808;70.2;66.2
90;2021-09-08;219;646;98580;93454;70.3;66.7
90;2021-09-09;186;313;98766;93767;70.5;66.9
91;2020-12-27;0;0;0;0;0.0;0.0
91;2020-12-28;0;0;0;0;0.0;0.0
91;2020-12-29;1;0;1;0;0.0;0.0
91;2020-12-30;1;0;2;0;0.0;0.0
91;2020-12-31;0;0;2;0;0.0;0.0
91;2021-01-01;5;0;7;0;0.0;0.0
91;2021-01-02;0;0;7;0;0.0;0.0
91;2021-01-03;0;0;7;0;0.0;0.0
91;2021-01-04;1;0;8;0;0.0;0.0
91;2021-01-05;71;0;79;0;0.0;0.0
91;2021-01-06;188;2;267;2;0.0;0.0
91;2021-01-07;523;6;790;8;0.1;0.0
91;2021-01-08;394;1;1184;9;0.1;0.0
91;2021-01-09;89;2;1273;11;0.1;0.0
91;2021-01-10;1;0;1274;11;0.1;0.0
91;2021-01-11;595;2;1869;13;0.1;0.0
91;2021-01-12;899;8;2768;21;0.2;0.0
91;2021-01-13;703;7;3471;28;0.3;0.0
91;2021-01-14;721;11;4192;39;0.3;0.0
91;2021-01-15;569;4;4761;43;0.4;0.0
91;2021-01-16;316;7;5077;50;0.4;0.0
91;2021-01-17;117;1;5194;51;0.4;0.0
91;2021-01-18;992;3;6186;54;0.5;0.0
91;2021-01-19;1870;14;8056;68;0.6;0.0
91;2021-01-20;2378;17;10434;85;0.8;0.0
91;2021-01-21;2098;15;12532;100;0.9;0.0
91;2021-01-22;1861;10;14393;110;1.1;0.0
91;2021-01-23;413;1;14806;111;1.1;0.0
91;2021-01-24;53;0;14859;111;1.1;0.0
91;2021-01-25;1049;3;15908;114;1.2;0.0
91;2021-01-26;1578;36;17486;150;1.3;0.0
91;2021-01-27;2423;95;19909;245;1.5;0.0
91;2021-01-28;1983;224;21892;469;1.7;0.0
91;2021-01-29;1749;61;23641;530;1.8;0.0
91;2021-01-30;422;6;24063;536;1.8;0.0
91;2021-01-31;54;0;24117;536;1.8;0.0
91;2021-02-01;965;217;25082;753;1.9;0.1
91;2021-02-02;857;353;25939;1106;2.0;0.1
91;2021-02-03;938;551;26877;1657;2.0;0.1
91;2021-02-04;884;273;27761;1930;2.1;0.1
91;2021-02-05;1036;344;28797;2274;2.2;0.2
91;2021-02-06;338;86;29135;2360;2.2;0.2
91;2021-02-07;14;0;29149;2360;2.2;0.2
91;2021-02-08;905;543;30054;2903;2.3;0.2
91;2021-02-09;963;814;31017;3717;2.4;0.3
91;2021-02-10;1065;964;32082;4681;2.4;0.4
91;2021-02-11;1123;964;33205;5645;2.5;0.4
91;2021-02-12;1063;804;34268;6449;2.6;0.5
91;2021-02-13;330;328;34598;6777;2.6;0.5
91;2021-02-14;18;102;34616;6879;2.6;0.5
91;2021-02-15;368;982;34984;7861;2.7;0.6
91;2021-02-16;555;1523;35539;9384;2.7;0.7
91;2021-02-17;813;2405;36352;11789;2.8;0.9
91;2021-02-18;941;1809;37293;13598;2.8;1.0
91;2021-02-19;868;1220;38161;14818;2.9;1.1
91;2021-02-20;167;288;38328;15106;2.9;1.1
91;2021-02-21;13;44;38341;15150;2.9;1.1
91;2021-02-22;334;990;38675;16140;2.9;1.2
91;2021-02-23;397;913;39072;17053;3.0;1.3
91;2021-02-24;473;894;39545;17947;3.0;1.4
91;2021-02-25;735;854;40280;18801;3.1;1.4
91;2021-02-26;1096;935;41376;19736;3.1;1.5
91;2021-02-27;611;273;41987;20009;3.2;1.5
91;2021-02-28;65;61;42052;20070;3.2;1.5
91;2021-03-01;931;924;42983;20994;3.3;1.6
91;2021-03-02;1261;989;44244;21983;3.4;1.7
91;2021-03-03;1468;1154;45712;23137;3.5;1.8
91;2021-03-04;2433;1054;48145;24191;3.6;1.8
91;2021-03-05;3353;1076;51498;25267;3.9;1.9
91;2021-03-06;4912;431;56410;25698;4.3;1.9
91;2021-03-07;3208;119;59618;25817;4.5;2.0
91;2021-03-08;1473;981;61091;26798;4.6;2.0
91;2021-03-09;2625;950;63716;27748;4.8;2.1
91;2021-03-10;2623;1017;66339;28765;5.0;2.2
91;2021-03-11;3786;1112;70125;29877;5.3;2.3
91;2021-03-12;4789;1034;74914;30911;5.7;2.3
91;2021-03-13;5259;343;80173;31254;6.1;2.4
91;2021-03-14;304;28;80477;31282;6.1;2.4
91;2021-03-15;2985;436;83462;31718;6.3;2.4
91;2021-03-16;2617;378;86079;32096;6.5;2.4
91;2021-03-17;2230;347;88309;32443;6.7;2.5
91;2021-03-18;2393;408;90702;32851;6.9;2.5
91;2021-03-19;4093;384;94795;33235;7.2;2.5
91;2021-03-20;3609;183;98404;33418;7.5;2.5
91;2021-03-21;138;30;98542;33448;7.5;2.5
91;2021-03-22;3149;598;101691;34046;7.7;2.6
91;2021-03-23;4140;692;105831;34738;8.0;2.6
91;2021-03-24;3936;500;109767;35238;8.3;2.7
91;2021-03-25;5062;526;114829;35764;8.7;2.7
91;2021-03-26;5551;554;120380;36318;9.1;2.8
91;2021-03-27;4983;346;125363;36664;9.5;2.8
91;2021-03-28;282;57;125645;36721;9.5;2.8
91;2021-03-29;3304;1032;128949;37753;9.8;2.9
91;2021-03-30;4426;1224;133375;38977;10.1;3.0
91;2021-03-31;3368;1329;136743;40306;10.4;3.1
91;2021-04-01;3740;1684;140483;41990;10.6;3.2
91;2021-04-02;3890;2311;144373;44301;10.9;3.4
91;2021-04-03;1873;2867;146246;47168;11.1;3.6
91;2021-04-04;648;1319;146894;48487;11.1;3.7
91;2021-04-05;562;130;147456;48617;11.2;3.7
91;2021-04-06;3401;1783;150857;50400;11.4;3.8
91;2021-04-07;3421;1930;154278;52330;11.7;4.0
91;2021-04-08;4664;2164;158942;54494;12.0;4.1
91;2021-04-09;5348;2159;164290;56653;12.5;4.3
91;2021-04-10;2732;2812;167022;59465;12.7;4.5
91;2021-04-11;191;141;167213;59606;12.7;4.5
91;2021-04-12;2854;2279;170067;61885;12.9;4.7
91;2021-04-13;3757;2645;173824;64530;13.2;4.9
91;2021-04-14;3708;2325;177532;66855;13.5;5.1
91;2021-04-15;4477;2513;182009;69368;13.8;5.3
91;2021-04-16;4550;2806;186559;72174;14.1;5.5
91;2021-04-17;2983;2080;189542;74254;14.4;5.6
91;2021-04-18;269;72;189811;74326;14.4;5.6
91;2021-04-19;2306;2735;192117;77061;14.6;5.8
91;2021-04-20;3179;2982;195296;80043;14.8;6.1
91;2021-04-21;2989;2894;198285;82937;15.0;6.3
91;2021-04-22;3169;3368;201454;86305;15.3;6.5
91;2021-04-23;3717;3354;205171;89659;15.6;6.8
91;2021-04-24;3482;3731;208653;93390;15.8;7.1
91;2021-04-25;2618;642;211271;94032;16.0;7.1
91;2021-04-26;3487;2797;214758;96829;16.3;7.3
91;2021-04-27;4488;2923;219246;99752;16.6;7.6
91;2021-04-28;4568;2702;223814;102454;17.0;7.8
91;2021-04-29;5746;3063;229560;105517;17.4;8.0
91;2021-04-30;5387;2852;234947;108369;17.8;8.2
91;2021-05-01;3517;521;238464;108890;18.1;8.3
91;2021-05-02;628;132;239092;109022;18.1;8.3
91;2021-05-03;5203;2291;244295;111313;18.5;8.4
91;2021-05-04;5590;3173;249885;114486;18.9;8.7
91;2021-05-05;4854;2872;254739;117358;19.3;8.9
91;2021-05-06;5250;3375;259989;120733;19.7;9.2
91;2021-05-07;6120;3744;266109;124477;20.2;9.4
91;2021-05-08;6520;965;272629;125442;20.7;9.5
91;2021-05-09;4804;562;277433;126004;21.0;9.6
91;2021-05-10;5904;3006;283337;129010;21.5;9.8
91;2021-05-11;6830;3836;290167;132846;22.0;10.1
91;2021-05-12;5898;3440;296065;136286;22.4;10.3
91;2021-05-13;4826;1082;300891;137368;22.8;10.4
91;2021-05-14;6548;2396;307439;139764;23.3;10.6
91;2021-05-15;7796;1927;315235;141691;23.9;10.7
91;2021-05-16;4584;371;319819;142062;24.2;10.8
91;2021-05-17;6952;1708;326771;143770;24.8;10.9
91;2021-05-18;8121;1742;334892;145512;25.4;11.0
91;2021-05-19;7097;1697;341989;147209;25.9;11.2
91;2021-05-20;8204;2141;350193;149350;26.5;11.3
91;2021-05-21;8145;2583;358338;151933;27.2;11.5
91;2021-05-22;7664;1539;366002;153472;27.7;11.6
91;2021-05-23;4799;533;370801;154005;28.1;11.7
91;2021-05-24;5018;600;375819;154605;28.5;11.7
91;2021-05-25;7628;2650;383447;157255;29.1;11.9
91;2021-05-26;6874;2940;390321;160195;29.6;12.1
91;2021-05-27;7974;3438;398295;163633;30.2;12.4
91;2021-05-28;7537;4322;405832;167955;30.8;12.7
91;2021-05-29;9303;3508;415135;171463;31.5;13.0
91;2021-05-30;5953;961;421088;172424;31.9;13.1
91;2021-05-31;6742;3700;427830;176124;32.4;13.3
91;2021-06-01;7787;4772;435617;180896;33.0;13.7
91;2021-06-02;7453;3956;443070;184852;33.6;14.0
91;2021-06-03;7861;4782;450931;189634;34.2;14.4
91;2021-06-04;7191;5720;458122;195354;34.7;14.8
91;2021-06-05;6388;5819;464510;201173;35.2;15.2
91;2021-06-06;4088;2512;468598;203685;35.5;15.4
91;2021-06-07;5882;5480;474480;209165;36.0;15.9
91;2021-06-08;7044;5796;481524;214961;36.5;16.3
91;2021-06-09;6473;5147;487997;220108;37.0;16.7
91;2021-06-10;7180;5778;495177;225886;37.5;17.1
91;2021-06-11;6545;7108;501722;232994;38.0;17.7
91;2021-06-12;6223;7367;507945;240361;38.5;18.2
91;2021-06-13;2852;2317;510797;242678;38.7;18.4
91;2021-06-14;4225;7198;515022;249876;39.0;18.9
91;2021-06-15;5576;7259;520598;257135;39.5;19.5
91;2021-06-16;5305;6446;525903;263581;39.9;20.0
91;2021-06-17;6250;7135;532153;270716;40.3;20.5
91;2021-06-18;4634;8737;536787;279453;40.7;21.2
91;2021-06-19;4191;7155;540978;286608;41.0;21.7
91;2021-06-20;1009;4212;541987;290820;41.1;22.0
91;2021-06-21;3231;7237;545218;298057;41.3;22.6
91;2021-06-22;4161;9231;549379;307288;41.6;23.3
91;2021-06-23;4318;7962;553697;315250;42.0;23.9
91;2021-06-24;4911;8482;558608;323732;42.3;24.5
91;2021-06-25;3477;9170;562085;332902;42.6;25.2
91;2021-06-26;2988;8033;565073;340935;42.8;25.8
91;2021-06-27;549;2996;565622;343931;42.9;26.1
91;2021-06-28;3129;8239;568751;352170;43.1;26.7
91;2021-06-29;3587;9634;572338;361804;43.4;27.4
91;2021-06-30;3956;8699;576294;370503;43.7;28.1
91;2021-07-01;4098;8874;580392;379377;44.0;28.8
91;2021-07-02;3777;9316;584169;388693;44.3;29.5
91;2021-07-03;2882;9791;587051;398484;44.5;30.2
91;2021-07-04;852;4725;587903;403209;44.6;30.6
91;2021-07-05;2663;7260;590566;410469;44.8;31.1
91;2021-07-06;3758;9431;594324;419900;45.0;31.8
91;2021-07-07;3811;8594;598135;428494;45.3;32.5
91;2021-07-08;4362;8995;602497;437489;45.7;33.2
91;2021-07-09;3967;9953;606464;447442;46.0;33.9
91;2021-07-10;3400;10237;609864;457679;46.2;34.7
91;2021-07-11;985;4803;610849;462482;46.3;35.1
91;2021-07-12;2804;8890;613653;471372;46.5;35.7
91;2021-07-13;4465;10391;618118;481763;46.8;36.5
91;2021-07-14;2302;3582;620420;485345;47.0;36.8
91;2021-07-15;4542;9825;624962;495170;47.4;37.5
91;2021-07-16;6289;9761;631251;504931;47.8;38.3
91;2021-07-17;5750;9066;637001;513997;48.3;39.0
91;2021-07-18;3399;3683;640400;517680;48.5;39.2
91;2021-07-19;3776;7533;644176;525213;48.8;39.8
91;2021-07-20;6073;9306;650249;534519;49.3;40.5
91;2021-07-21;6253;7725;656502;542244;49.8;41.1
91;2021-07-22;6502;8401;663004;550645;50.3;41.7
91;2021-07-23;6921;8279;669925;558924;50.8;42.4
91;2021-07-24;5022;6480;674947;565404;51.2;42.9
91;2021-07-25;3266;1403;678213;566807;51.4;43.0
91;2021-07-26;4937;6592;683150;573399;51.8;43.5
91;2021-07-27;7569;7080;690719;580479;52.4;44.0
91;2021-07-28;7366;5918;698085;586397;52.9;44.4
91;2021-07-29;7397;5910;705482;592307;53.5;44.9
91;2021-07-30;6911;5777;712393;598084;54.0;45.3
91;2021-07-31;4906;4782;717299;602866;54.4;45.7
91;2021-08-01;2656;1336;719955;604202;54.6;45.8
91;2021-08-02;4734;4231;724689;608433;54.9;46.1
91;2021-08-03;5798;4691;730487;613124;55.4;46.5
91;2021-08-04;5695;4138;736182;617262;55.8;46.8
91;2021-08-05;5598;4268;741780;621530;56.2;47.1
91;2021-08-06;5709;5626;747489;627156;56.7;47.5
91;2021-08-07;3074;2416;750563;629572;56.9;47.7
91;2021-08-08;599;1102;751162;630674;56.9;47.8
91;2021-08-09;3788;3973;754950;634647;57.2;48.1
91;2021-08-10;4581;4546;759531;639193;57.6;48.4
91;2021-08-11;4122;4480;763653;643673;57.9;48.8
91;2021-08-12;4042;4771;767695;648444;58.2;49.1
91;2021-08-13;4291;4854;771986;653298;58.5;49.5
91;2021-08-14;2234;2399;774220;655697;58.7;49.7
91;2021-08-15;94;170;774314;655867;58.7;49.7
91;2021-08-16;2927;4656;777241;660523;58.9;50.1
91;2021-08-17;3606;5811;780847;666334;59.2;50.5
91;2021-08-18;3008;5791;783855;672125;59.4;50.9
91;2021-08-19;3456;5769;787311;677894;59.7;51.4
91;2021-08-20;3176;6954;790487;684848;59.9;51.9
91;2021-08-21;2440;3344;792927;688192;60.1;52.2
91;2021-08-22;732;1302;793659;689494;60.2;52.3
91;2021-08-23;2384;5303;796043;694797;60.3;52.7
91;2021-08-24;2959;6955;799002;701752;60.6;53.2
91;2021-08-25;3393;6706;802395;708458;60.8;53.7
91;2021-08-26;2727;5941;805122;714399;61.0;54.1
91;2021-08-27;2814;7497;807936;721896;61.2;54.7
91;2021-08-28;2368;4824;810304;726720;61.4;55.1
91;2021-08-29;1758;2774;812062;729494;61.5;55.3
91;2021-08-30;1762;5607;813824;735101;61.7;55.7
91;2021-08-31;2229;6092;816053;741193;61.9;56.2
91;2021-09-01;2413;4594;818466;745787;62.0;56.5
91;2021-09-02;1889;3892;820355;749679;62.2;56.8
91;2021-09-03;2132;4960;822487;754639;62.3;57.2
91;2021-09-04;2057;4228;824544;758867;62.5;57.5
91;2021-09-05;732;940;825276;759807;62.5;57.6
91;2021-09-06;1655;3494;826931;763301;62.7;57.9
91;2021-09-07;1532;3271;828463;766572;62.8;58.1
91;2021-09-08;1764;3535;830227;770107;62.9;58.4
91;2021-09-09;1244;3337;831471;773444;63.0;58.6
92;2020-12-27;30;0;30;0;0.0;0.0
92;2020-12-28;20;0;50;0;0.0;0.0
92;2020-12-29;60;0;110;0;0.0;0.0
92;2020-12-30;44;0;154;0;0.0;0.0
92;2020-12-31;6;0;160;0;0.0;0.0
92;2021-01-01;25;0;185;0;0.0;0.0
92;2021-01-02;8;0;193;0;0.0;0.0
92;2021-01-03;10;0;203;0;0.0;0.0
92;2021-01-04;67;1;270;1;0.0;0.0
92;2021-01-05;234;1;504;2;0.0;0.0
92;2021-01-06;416;3;920;5;0.1;0.0
92;2021-01-07;668;4;1588;9;0.1;0.0
92;2021-01-08;843;5;2431;14;0.2;0.0
92;2021-01-09;126;1;2557;15;0.2;0.0
92;2021-01-10;47;0;2604;15;0.2;0.0
92;2021-01-11;849;5;3453;20;0.2;0.0
92;2021-01-12;1302;9;4755;29;0.3;0.0
92;2021-01-13;1244;13;5999;42;0.4;0.0
92;2021-01-14;1219;17;7218;59;0.4;0.0
92;2021-01-15;982;7;8200;66;0.5;0.0
92;2021-01-16;183;1;8383;67;0.5;0.0
92;2021-01-17;28;0;8411;67;0.5;0.0
92;2021-01-18;1547;20;9958;87;0.6;0.0
92;2021-01-19;1560;20;11518;107;0.7;0.0
92;2021-01-20;1813;12;13331;119;0.8;0.0
92;2021-01-21;3444;22;16775;141;1.0;0.0
92;2021-01-22;2613;40;19388;181;1.2;0.0
92;2021-01-23;141;0;19529;181;1.2;0.0
92;2021-01-24;26;0;19555;181;1.2;0.0
92;2021-01-25;852;13;20407;194;1.3;0.0
92;2021-01-26;1216;10;21623;204;1.3;0.0
92;2021-01-27;2219;89;23842;293;1.5;0.0
92;2021-01-28;4192;177;28034;470;1.7;0.0
92;2021-01-29;2719;236;30753;706;1.9;0.0
92;2021-01-30;325;12;31078;718;1.9;0.0
92;2021-01-31;26;2;31104;720;1.9;0.0
92;2021-02-01;866;297;31970;1017;2.0;0.1
92;2021-02-02;1053;325;33023;1342;2.0;0.1
92;2021-02-03;1002;412;34025;1754;2.1;0.1
92;2021-02-04;1046;502;35071;2256;2.2;0.1
92;2021-02-05;1335;465;36406;2721;2.3;0.2
92;2021-02-06;117;17;36523;2738;2.3;0.2
92;2021-02-07;18;13;36541;2751;2.3;0.2
92;2021-02-08;578;645;37119;3396;2.3;0.2
92;2021-02-09;1068;1206;38187;4602;2.4;0.3
92;2021-02-10;1075;1247;39262;5849;2.4;0.4
92;2021-02-11;1506;1821;40768;7670;2.5;0.5
92;2021-02-12;1417;1409;42185;9079;2.6;0.6
92;2021-02-13;75;59;42260;9138;2.6;0.6
92;2021-02-14;25;0;42285;9138;2.6;0.6
92;2021-02-15;573;1328;42858;10466;2.7;0.6
92;2021-02-16;787;1695;43645;12161;2.7;0.8
92;2021-02-17;622;1546;44267;13707;2.7;0.8
92;2021-02-18;1573;3311;45840;17018;2.8;1.1
92;2021-02-19;1733;2425;47573;19443;2.9;1.2
92;2021-02-20;145;355;47718;19798;3.0;1.2
92;2021-02-21;35;51;47753;19849;3.0;1.2
92;2021-02-22;496;1014;48249;20863;3.0;1.3
92;2021-02-23;732;1140;48981;22003;3.0;1.4
92;2021-02-24;611;1093;49592;23096;3.1;1.4
92;2021-02-25;923;1524;50515;24620;3.1;1.5
92;2021-02-26;1457;1187;51972;25807;3.2;1.6
92;2021-02-27;503;178;52475;25985;3.3;1.6
92;2021-02-28;67;56;52542;26041;3.3;1.6
92;2021-03-01;1102;859;53644;26900;3.3;1.7
92;2021-03-02;1975;1153;55619;28053;3.4;1.7
92;2021-03-03;2797;953;58416;29006;3.6;1.8
92;2021-03-04;3596;1342;62012;30348;3.8;1.9
92;2021-03-05;4979;1537;66991;31885;4.2;2.0
92;2021-03-06;5719;322;72710;32207;4.5;2.0
92;2021-03-07;2901;230;75611;32437;4.7;2.0
92;2021-03-08;2420;748;78031;33185;4.8;2.1
92;2021-03-09;3440;964;81471;34149;5.0;2.1
92;2021-03-10;3947;926;85418;35075;5.3;2.2
92;2021-03-11;5019;1369;90437;36444;5.6;2.3
92;2021-03-12;6769;1521;97206;37965;6.0;2.4
92;2021-03-13;5160;241;102366;38206;6.3;2.4
92;2021-03-14;1741;76;104107;38282;6.5;2.4
92;2021-03-15;3806;590;107913;38872;6.7;2.4
92;2021-03-16;3698;582;111611;39454;6.9;2.4
92;2021-03-17;3877;416;115488;39870;7.2;2.5
92;2021-03-18;4128;741;119616;40611;7.4;2.5
92;2021-03-19;5926;722;125542;41333;7.8;2.6
92;2021-03-20;2536;76;128078;41409;7.9;2.6
92;2021-03-21;152;29;128230;41438;7.9;2.6
92;2021-03-22;4115;480;132345;41918;8.2;2.6
92;2021-03-23;6103;869;138448;42787;8.6;2.7
92;2021-03-24;6379;653;144827;43440;9.0;2.7
92;2021-03-25;8440;643;153267;44083;9.5;2.7
92;2021-03-26;8356;894;161623;44977;10.0;2.8
92;2021-03-27;2836;277;164459;45254;10.2;2.8
92;2021-03-28;543;38;165002;45292;10.2;2.8
92;2021-03-29;4662;1060;169664;46352;10.5;2.9
92;2021-03-30;6394;1550;176058;47902;10.9;3.0
92;2021-03-31;5546;2253;181604;50155;11.3;3.1
92;2021-04-01;6269;3674;187873;53829;11.6;3.3
92;2021-04-02;5635;3414;193508;57243;12.0;3.5
92;2021-04-03;875;1415;194383;58658;12.0;3.6
92;2021-04-04;489;1058;194872;59716;12.1;3.7
92;2021-04-05;812;158;195684;59874;12.1;3.7
92;2021-04-06;3664;1952;199348;61826;12.4;3.8
92;2021-04-07;4996;2889;204344;64715;12.7;4.0
92;2021-04-08;5984;3186;210328;67901;13.0;4.2
92;2021-04-09;8038;3050;218366;70951;13.5;4.4
92;2021-04-10;2635;1289;221001;72240;13.7;4.5
92;2021-04-11;160;807;221161;73047;13.7;4.5
92;2021-04-12;3687;2520;224848;75567;13.9;4.7
92;2021-04-13;4382;4421;229230;79988;14.2;5.0
92;2021-04-14;4867;4043;234097;84031;14.5;5.2
92;2021-04-15;5301;3952;239398;87983;14.8;5.5
92;2021-04-16;5076;3858;244474;91841;15.1;5.7
92;2021-04-17;1805;1188;246279;93029;15.3;5.8
92;2021-04-18;348;94;246627;93123;15.3;5.8
92;2021-04-19;2815;2841;249442;95964;15.5;5.9
92;2021-04-20;4192;3755;253634;99719;15.7;6.2
92;2021-04-21;4616;4518;258250;104237;16.0;6.5
92;2021-04-22;4661;5124;262911;109361;16.3;6.8
92;2021-04-23;5245;4705;268156;114066;16.6;7.1
92;2021-04-24;4941;1907;273097;115973;16.9;7.2
92;2021-04-25;1792;148;274889;116121;17.0;7.2
92;2021-04-26;4001;3619;278890;119740;17.3;7.4
92;2021-04-27;6046;5261;284936;125001;17.7;7.7
92;2021-04-28;7382;4495;292318;129496;18.1;8.0
92;2021-04-29;7989;4781;300307;134277;18.6;8.3
92;2021-04-30;8847;4845;309154;139122;19.2;8.6
92;2021-05-01;1201;405;310355;139527;19.2;8.6
92;2021-05-02;664;139;311019;139666;19.3;8.7
92;2021-05-03;6780;3883;317799;143549;19.7;8.9
92;2021-05-04;10429;4362;328228;147911;20.3;9.2
92;2021-05-05;10074;5249;338302;153160;21.0;9.5
92;2021-05-06;11424;4896;349726;158056;21.7;9.8
92;2021-05-07;9870;5294;359596;163350;22.3;10.1
92;2021-05-08;7216;1923;366812;165273;22.7;10.2
92;2021-05-09;3788;600;370600;165873;23.0;10.3
92;2021-05-10;9542;3997;380142;169870;23.6;10.5
92;2021-05-11;13983;5689;394125;175559;24.4;10.9
92;2021-05-12;14288;4578;408413;180137;25.3;11.2
92;2021-05-13;9168;910;417581;181047;25.9;11.2
92;2021-05-14;12032;2310;429613;183357;26.6;11.4
92;2021-05-15;8392;1224;438005;184581;27.1;11.4
92;2021-05-16;4141;452;442146;185033;27.4;11.5
92;2021-05-17;10649;2219;452795;187252;28.1;11.6
92;2021-05-18;16415;3124;469210;190376;29.1;11.8
92;2021-05-19;16037;3717;485247;194093;30.1;12.0
92;2021-05-20;16840;3977;502087;198070;31.1;12.3
92;2021-05-21;14079;3623;516166;201693;32.0;12.5
92;2021-05-22;8318;1514;524484;203207;32.5;12.6
92;2021-05-23;4086;454;528570;203661;32.8;12.6
92;2021-05-24;6124;855;534694;204516;33.1;12.7
92;2021-05-25;13113;4562;547807;209078;33.9;13.0
92;2021-05-26;11932;5040;559739;214118;34.7;13.3
92;2021-05-27;12741;6326;572480;220444;35.5;13.7
92;2021-05-28;11234;6277;583714;226721;36.2;14.0
92;2021-05-29;5454;2304;589168;229025;36.5;14.2
92;2021-05-30;2250;389;591418;229414;36.6;14.2
92;2021-05-31;12057;5302;603475;234716;37.4;14.5
92;2021-06-01;12630;7638;616105;242354;38.2;15.0
92;2021-06-02;14384;7207;630489;249561;39.1;15.5
92;2021-06-03;14600;8025;645089;257586;40.0;16.0
92;2021-06-04;12232;8223;657321;265809;40.7;16.5
92;2021-06-05;7385;6236;664706;272045;41.2;16.9
92;2021-06-06;3598;1674;668304;273719;41.4;17.0
92;2021-06-07;11443;7634;679747;281353;42.1;17.4
92;2021-06-08;12765;9600;692512;290953;42.9;18.0
92;2021-06-09;11667;9478;704179;300431;43.6;18.6
92;2021-06-10;11975;10568;716154;310999;44.4;19.3
92;2021-06-11;8149;11038;724303;322037;44.9;20.0
92;2021-06-12;6369;5097;730672;327134;45.3;20.3
92;2021-06-13;3967;2721;734639;329855;45.5;20.4
92;2021-06-14;5217;11170;739856;341025;45.8;21.1
92;2021-06-15;6536;13122;746392;354147;46.3;21.9
92;2021-06-16;6959;12993;753351;367140;46.7;22.8
92;2021-06-17;7428;14005;760779;381145;47.1;23.6
92;2021-06-18;6902;14393;767681;395538;47.6;24.5
92;2021-06-19;3963;9108;771644;404646;47.8;25.1
92;2021-06-20;1966;5610;773610;410256;47.9;25.4
92;2021-06-21;4841;12278;778451;422534;48.2;26.2
92;2021-06-22;5884;17548;784335;440082;48.6;27.3
92;2021-06-23;5488;15994;789823;456076;48.9;28.3
92;2021-06-24;6207;15124;796030;471200;49.3;29.2
92;2021-06-25;5120;16101;801150;487301;49.6;30.2
92;2021-06-26;4073;10458;805223;497759;49.9;30.8
92;2021-06-27;1861;6051;807084;503810;50.0;31.2
92;2021-06-28;3678;12051;810762;515861;50.2;32.0
92;2021-06-29;4692;18157;815454;534018;50.5;33.1
92;2021-06-30;4461;16233;819915;550251;50.8;34.1
92;2021-07-01;5556;16310;825471;566561;51.2;35.1
92;2021-07-02;4951;15281;830422;581842;51.5;36.1
92;2021-07-03;3306;10185;833728;592027;51.7;36.7
92;2021-07-04;1123;4207;834851;596234;51.7;36.9
92;2021-07-05;4826;12333;839677;608567;52.0;37.7
92;2021-07-06;5289;15814;844966;624381;52.4;38.7
92;2021-07-07;4262;11452;849228;635833;52.6;39.4
92;2021-07-08;5413;14637;854641;650470;53.0;40.3
92;2021-07-09;5904;14211;860545;664681;53.3;41.2
92;2021-07-10;4381;8457;864926;673138;53.6;41.7
92;2021-07-11;1486;2617;866412;675755;53.7;41.9
92;2021-07-12;4418;14635;870830;690390;54.0;42.8
92;2021-07-13;7882;17458;878712;707848;54.5;43.9
92;2021-07-14;5113;5743;883825;713591;54.8;44.2
92;2021-07-15;9583;16255;893408;729846;55.4;45.2
92;2021-07-16;9067;14184;902475;744030;55.9;46.1
92;2021-07-17;6584;7608;909059;751638;56.3;46.6
92;2021-07-18;1839;2482;910898;754120;56.4;46.7
92;2021-07-19;6475;13202;917373;767322;56.8;47.5
92;2021-07-20;10094;14108;927467;781430;57.5;48.4
92;2021-07-21;10471;12122;937938;793552;58.1;49.2
92;2021-07-22;12060;12993;949998;806545;58.9;50.0
92;2021-07-23;11599;11362;961597;817907;59.6;50.7
92;2021-07-24;6735;6262;968332;824169;60.0;51.1
92;2021-07-25;2780;2326;971112;826495;60.2;51.2
92;2021-07-26;9499;9177;980611;835672;60.8;51.8
92;2021-07-27;11502;9607;992113;845279;61.5;52.4
92;2021-07-28;12957;8202;1005070;853481;62.3;52.9
92;2021-07-29;10448;8629;1015518;862110;62.9;53.4
92;2021-07-30;9132;8353;1024650;870463;63.5;53.9
92;2021-07-31;5704;4810;1030354;875273;63.8;54.2
92;2021-08-01;2207;1301;1032561;876574;64.0;54.3
92;2021-08-02;4670;4938;1037231;881512;64.3;54.6
92;2021-08-03;5135;6144;1042366;887656;64.6;55.0
92;2021-08-04;4766;4865;1047132;892521;64.9;55.3
92;2021-08-05;4520;5681;1051652;898202;65.2;55.7
92;2021-08-06;4543;5972;1056195;904174;65.4;56.0
92;2021-08-07;2825;4227;1059020;908401;65.6;56.3
92;2021-08-08;962;1080;1059982;909481;65.7;56.4
92;2021-08-09;3210;4254;1063192;913735;65.9;56.6
92;2021-08-10;3822;5610;1067014;919345;66.1;57.0
92;2021-08-11;3206;4432;1070220;923777;66.3;57.2
92;2021-08-12;3380;5594;1073600;929371;66.5;57.6
92;2021-08-13;2971;5140;1076571;934511;66.7;57.9
92;2021-08-14;1884;3933;1078455;938444;66.8;58.2
92;2021-08-15;580;841;1079035;939285;66.9;58.2
92;2021-08-16;2371;5322;1081406;944607;67.0;58.5
92;2021-08-17;2623;6986;1084029;951593;67.2;59.0
92;2021-08-18;2404;5255;1086433;956848;67.3;59.3
92;2021-08-19;2503;5742;1088936;962590;67.5;59.6
92;2021-08-20;2249;5185;1091185;967775;67.6;60.0
92;2021-08-21;1377;4220;1092562;971995;67.7;60.2
92;2021-08-22;421;1597;1092983;973592;67.7;60.3
92;2021-08-23;2426;6597;1095409;980189;67.9;60.7
92;2021-08-24;3128;8343;1098537;988532;68.1;61.3
92;2021-08-25;2836;7575;1101373;996107;68.2;61.7
92;2021-08-26;2949;7571;1104322;1003678;68.4;62.2
92;2021-08-27;3059;7014;1107381;1010692;68.6;62.6
92;2021-08-28;1612;4517;1108993;1015209;68.7;62.9
92;2021-08-29;343;789;1109336;1015998;68.7;63.0
92;2021-08-30;2208;4893;1111544;1020891;68.9;63.3
92;2021-08-31;3077;7028;1114621;1027919;69.1;63.7
92;2021-09-01;3259;7587;1117880;1035506;69.3;64.2
92;2021-09-02;2616;6823;1120496;1042329;69.4;64.6
92;2021-09-03;2628;6583;1123124;1048912;69.6;65.0
92;2021-09-04;2194;5045;1125318;1053957;69.7;65.3
92;2021-09-05;441;1048;1125759;1055005;69.8;65.4
92;2021-09-06;1292;3696;1127051;1058701;69.8;65.6
92;2021-09-07;1671;4177;1128722;1062878;69.9;65.9
92;2021-09-08;2168;4302;1130890;1067180;70.1;66.1
92;2021-09-09;1198;3248;1132088;1070428;70.2;66.3
93;2020-12-27;11;3;11;3;0.0;0.0
93;2020-12-28;5;0;16;3;0.0;0.0
93;2020-12-29;0;0;16;3;0.0;0.0
93;2020-12-30;44;1;60;4;0.0;0.0
93;2020-12-31;10;0;70;4;0.0;0.0
93;2021-01-01;5;0;75;4;0.0;0.0
93;2021-01-02;0;0;75;4;0.0;0.0
93;2021-01-03;3;0;78;4;0.0;0.0
93;2021-01-04;2;0;80;4;0.0;0.0
93;2021-01-05;64;1;144;5;0.0;0.0
93;2021-01-06;179;0;323;5;0.0;0.0
93;2021-01-07;381;3;704;8;0.0;0.0
93;2021-01-08;632;1;1336;9;0.1;0.0
93;2021-01-09;21;0;1357;9;0.1;0.0
93;2021-01-10;2;0;1359;9;0.1;0.0
93;2021-01-11;504;4;1863;13;0.1;0.0
93;2021-01-12;753;7;2616;20;0.2;0.0
93;2021-01-13;751;6;3367;26;0.2;0.0
93;2021-01-14;688;18;4055;44;0.2;0.0
93;2021-01-15;516;3;4571;47;0.3;0.0
93;2021-01-16;139;3;4710;50;0.3;0.0
93;2021-01-17;6;1;4716;51;0.3;0.0
93;2021-01-18;1199;9;5915;60;0.4;0.0
93;2021-01-19;1614;16;7529;76;0.5;0.0
93;2021-01-20;1557;19;9086;95;0.5;0.0
93;2021-01-21;1919;35;11005;130;0.7;0.0
93;2021-01-22;1390;15;12395;145;0.7;0.0
93;2021-01-23;712;4;13107;149;0.8;0.0
93;2021-01-24;0;0;13107;149;0.8;0.0
93;2021-01-25;1210;14;14317;163;0.9;0.0
93;2021-01-26;1291;27;15608;190;0.9;0.0
93;2021-01-27;2160;65;17768;255;1.1;0.0
93;2021-01-28;2266;174;20034;429;1.2;0.0
93;2021-01-29;1623;211;21657;640;1.3;0.0
93;2021-01-30;927;40;22584;680;1.4;0.0
93;2021-01-31;9;5;22593;685;1.4;0.0
93;2021-02-01;1184;153;23777;838;1.4;0.1
93;2021-02-02;1170;290;24947;1128;1.5;0.1
93;2021-02-03;1231;388;26178;1516;1.6;0.1
93;2021-02-04;924;545;27102;2061;1.6;0.1
93;2021-02-05;798;406;27900;2467;1.7;0.1
93;2021-02-06;694;64;28594;2531;1.7;0.2
93;2021-02-07;6;0;28600;2531;1.7;0.2
93;2021-02-08;912;591;29512;3122;1.8;0.2
93;2021-02-09;851;575;30363;3697;1.8;0.2
93;2021-02-10;882;629;31245;4326;1.9;0.3
93;2021-02-11;1244;803;32489;5129;1.9;0.3
93;2021-02-12;1042;583;33531;5712;2.0;0.3
93;2021-02-13;395;222;33926;5934;2.0;0.4
93;2021-02-14;13;59;33939;5993;2.0;0.4
93;2021-02-15;414;992;34353;6985;2.1;0.4
93;2021-02-16;549;1063;34902;8048;2.1;0.5
93;2021-02-17;541;1467;35443;9515;2.1;0.6
93;2021-02-18;1133;1685;36576;11200;2.2;0.7
93;2021-02-19;992;1393;37568;12593;2.2;0.8
93;2021-02-20;304;585;37872;13178;2.3;0.8
93;2021-02-21;9;23;37881;13201;2.3;0.8
93;2021-02-22;602;1067;38483;14268;2.3;0.9
93;2021-02-23;564;947;39047;15215;2.3;0.9
93;2021-02-24;643;1043;39690;16258;2.4;1.0
93;2021-02-25;901;921;40591;17179;2.4;1.0
93;2021-02-26;1122;882;41713;18061;2.5;1.1
93;2021-02-27;543;552;42256;18613;2.5;1.1
93;2021-02-28;87;57;42343;18670;2.5;1.1
93;2021-03-01;1084;916;43427;19586;2.6;1.2
93;2021-03-02;1443;1017;44870;20603;2.7;1.2
93;2021-03-03;1742;1086;46612;21689;2.8;1.3
93;2021-03-04;2717;1055;49329;22744;3.0;1.4
93;2021-03-05;3821;844;53150;23588;3.2;1.4
93;2021-03-06;5049;547;58199;24135;3.5;1.4
93;2021-03-07;4303;233;62502;24368;3.7;1.5
93;2021-03-08;2035;1172;64537;25540;3.9;1.5
93;2021-03-09;2917;930;67454;26470;4.0;1.6
93;2021-03-10;2860;1084;70314;27554;4.2;1.6
93;2021-03-11;3571;1235;73885;28789;4.4;1.7
93;2021-03-12;4125;1283;78010;30072;4.7;1.8
93;2021-03-13;4290;626;82300;30698;4.9;1.8
93;2021-03-14;883;74;83183;30772;5.0;1.8
93;2021-03-15;3555;678;86738;31450;5.2;1.9
93;2021-03-16;3160;613;89898;32063;5.4;1.9
93;2021-03-17;2657;598;92555;32661;5.5;2.0
93;2021-03-18;3315;714;95870;33375;5.7;2.0
93;2021-03-19;3767;643;99637;34018;6.0;2.0
93;2021-03-20;3462;304;103099;34322;6.2;2.1
93;2021-03-21;813;268;103912;34590;6.2;2.1
93;2021-03-22;3849;620;107761;35210;6.5;2.1
93;2021-03-23;4765;811;112526;36021;6.7;2.2
93;2021-03-24;4114;687;116640;36708;7.0;2.2
93;2021-03-25;5584;870;122224;37578;7.3;2.2
93;2021-03-26;5550;893;127774;38471;7.7;2.3
93;2021-03-27;4283;319;132057;38790;7.9;2.3
93;2021-03-28;613;42;132670;38832;7.9;2.3
93;2021-03-29;3853;967;136523;39799;8.2;2.4
93;2021-03-30;4726;1267;141249;41066;8.5;2.5
93;2021-03-31;3913;1249;145162;42315;8.7;2.5
93;2021-04-01;4059;3146;149221;45461;8.9;2.7
93;2021-04-02;3225;3552;152446;49013;9.1;2.9
93;2021-04-03;2520;2261;154966;51274;9.3;3.1
93;2021-04-04;764;160;155730;51434;9.3;3.1
93;2021-04-05;708;87;156438;51521;9.4;3.1
93;2021-04-06;4564;2350;161002;53871;9.6;3.2
93;2021-04-07;4905;2098;165907;55969;9.9;3.4
93;2021-04-08;5814;2684;171721;58653;10.3;3.5
93;2021-04-09;6095;3188;177816;61841;10.6;3.7
93;2021-04-10;4199;2489;182015;64330;10.9;3.9
93;2021-04-11;575;433;182590;64763;10.9;3.9
93;2021-04-12;4099;2920;186689;67683;11.2;4.1
93;2021-04-13;4601;3661;191290;71344;11.5;4.3
93;2021-04-14;4364;2475;195654;73819;11.7;4.4
93;2021-04-15;4559;3031;200213;76850;12.0;4.6
93;2021-04-16;4442;2993;204655;79843;12.3;4.8
93;2021-04-17;3518;2501;208173;82344;12.5;4.9
93;2021-04-18;292;434;208465;82778;12.5;5.0
93;2021-04-19;3778;2863;212243;85641;12.7;5.1
93;2021-04-20;4308;3263;216551;88904;13.0;5.3
93;2021-04-21;4145;2770;220696;91674;13.2;5.5
93;2021-04-22;4512;4018;225208;95692;13.5;5.7
93;2021-04-23;5626;3244;230834;98936;13.8;5.9
93;2021-04-24;5923;3326;236757;102262;14.2;6.1
93;2021-04-25;1732;598;238489;102860;14.3;6.2
93;2021-04-26;4861;3080;243350;105940;14.6;6.3
93;2021-04-27;6458;3624;249808;109564;15.0;6.6
93;2021-04-28;6077;3431;255885;112995;15.3;6.8
93;2021-04-29;7303;3250;263188;116245;15.8;7.0
93;2021-04-30;8263;3117;271451;119362;16.3;7.1
93;2021-05-01;4949;1194;276400;120556;16.5;7.2
93;2021-05-02;419;646;276819;121202;16.6;7.3
93;2021-05-03;8173;5117;284992;126319;17.1;7.6
93;2021-05-04;7824;5403;292816;131722;17.5;7.9
93;2021-05-05;7577;4807;300393;136529;18.0;8.2
93;2021-05-06;8253;4781;308646;141310;18.5;8.5
93;2021-05-07;7012;5427;315658;146737;18.9;8.8
93;2021-05-08;8362;2390;324020;149127;19.4;8.9
93;2021-05-09;6124;1368;330144;150495;19.8;9.0
93;2021-05-10;8255;4074;338399;154569;20.3;9.3
93;2021-05-11;9316;4809;347715;159378;20.8;9.5
93;2021-05-12;9193;3654;356908;163032;21.4;9.8
93;2021-05-13;8299;1652;365207;164684;21.9;9.9
93;2021-05-14;10425;3529;375632;168213;22.5;10.1
93;2021-05-15;11127;3011;386759;171224;23.2;10.3
93;2021-05-16;5559;728;392318;171952;23.5;10.3
93;2021-05-17;11902;2269;404220;174221;24.2;10.4
93;2021-05-18;14105;2395;418325;176616;25.0;10.6
93;2021-05-19;11433;2947;429758;179563;25.7;10.8
93;2021-05-20;12621;3484;442379;183047;26.5;11.0
93;2021-05-21;13020;2887;455399;185934;27.3;11.1
93;2021-05-22;12384;2199;467783;188133;28.0;11.3
93;2021-05-23;8480;1107;476263;189240;28.5;11.3
93;2021-05-24;11203;1941;487466;191181;29.2;11.4
93;2021-05-25;12298;4318;499764;195499;29.9;11.7
93;2021-05-26;11078;3755;510842;199254;30.6;11.9
93;2021-05-27;12712;3895;523554;203149;31.3;12.2
93;2021-05-28;12653;5254;536207;208403;32.1;12.5
93;2021-05-29;11396;4270;547603;212673;32.8;12.7
93;2021-05-30;8216;1379;555819;214052;33.3;12.8
93;2021-05-31;9183;5172;565002;219224;33.8;13.1
93;2021-06-01;11399;6279;576401;225503;34.5;13.5
93;2021-06-02;10721;5197;587122;230700;35.2;13.8
93;2021-06-03;10820;5519;597942;236219;35.8;14.1
93;2021-06-04;10612;7801;608554;244020;36.4;14.6
93;2021-06-05;9022;7355;617576;251375;37.0;15.1
93;2021-06-06;8408;1747;625984;253122;37.5;15.2
93;2021-06-07;10073;7522;636057;260644;38.1;15.6
93;2021-06-08;10383;7378;646440;268022;38.7;16.0
93;2021-06-09;10242;7291;656682;275313;39.3;16.5
93;2021-06-10;9012;8196;665694;283509;39.9;17.0
93;2021-06-11;8845;8815;674539;292324;40.4;17.5
93;2021-06-12;9869;6657;684408;298981;41.0;17.9
93;2021-06-13;7174;2129;691582;301110;41.4;18.0
93;2021-06-14;5400;9734;696982;310844;41.7;18.6
93;2021-06-15;6240;9660;703222;320504;42.1;19.2
93;2021-06-16;6646;9056;709868;329560;42.5;19.7
93;2021-06-17;5753;8465;715621;338025;42.8;20.2
93;2021-06-18;7228;11119;722849;349144;43.3;20.9
93;2021-06-19;7079;11098;729928;360242;43.7;21.6
93;2021-06-20;4955;6880;734883;367122;44.0;22.0
93;2021-06-21;4075;10730;738958;377852;44.2;22.6
93;2021-06-22;4694;11314;743652;389166;44.5;23.3
93;2021-06-23;4545;10599;748197;399765;44.8;23.9
93;2021-06-24;4209;10304;752406;410069;45.1;24.6
93;2021-06-25;5186;13058;757592;423127;45.4;25.3
93;2021-06-26;5299;13927;762891;437054;45.7;26.2
93;2021-06-27;3291;7106;766182;444160;45.9;26.6
93;2021-06-28;3702;12509;769884;456669;46.1;27.3
93;2021-06-29;4020;12354;773904;469023;46.3;28.1
93;2021-06-30;4141;11304;778045;480327;46.6;28.8
93;2021-07-01;6063;11162;784108;491489;46.9;29.4
93;2021-07-02;5765;12380;789873;503869;47.3;30.2
93;2021-07-03;5378;13454;795251;517323;47.6;31.0
93;2021-07-04;3084;7887;798335;525210;47.8;31.4
93;2021-07-05;4578;10850;802913;536060;48.1;32.1
93;2021-07-06;4847;11761;807760;547821;48.4;32.8
93;2021-07-07;5181;11413;812941;559234;48.7;33.5
93;2021-07-08;5046;10264;817987;569498;49.0;34.1
93;2021-07-09;5921;13034;823908;582532;49.3;34.9
93;2021-07-10;5907;14293;829815;596825;49.7;35.7
93;2021-07-11;3694;9091;833509;605916;49.9;36.3
93;2021-07-12;5589;12080;839098;617996;50.2;37.0
93;2021-07-13;11135;13301;850233;631297;50.9;37.8
93;2021-07-14;10657;6798;860890;638095;51.5;38.2
93;2021-07-15;12540;14136;873430;652231;52.3;39.1
93;2021-07-16;13227;13700;886657;665931;53.1;39.9
93;2021-07-17;11381;13918;898038;679849;53.8;40.7
93;2021-07-18;7408;8960;905446;688809;54.2;41.2
93;2021-07-19;9639;10930;915085;699739;54.8;41.9
93;2021-07-20;12652;10690;927737;710429;55.5;42.5
93;2021-07-21;14253;10955;941990;721384;56.4;43.2
93;2021-07-22;14167;9476;956157;730860;57.2;43.8
93;2021-07-23;14591;10659;970748;741519;58.1;44.4
93;2021-07-24;13924;10645;984672;752164;59.0;45.0
93;2021-07-25;9049;6359;993721;758523;59.5;45.4
93;2021-07-26;12737;7792;1006458;766315;60.3;45.9
93;2021-07-27;15116;7449;1021574;773764;61.2;46.3
93;2021-07-28;14962;8300;1036536;782064;62.1;46.8
93;2021-07-29;13545;7063;1050081;789127;62.9;47.2
93;2021-07-30;13982;7859;1064063;796986;63.7;47.7
93;2021-07-31;12254;7718;1076317;804704;64.4;48.2
93;2021-08-01;7491;4605;1083808;809309;64.9;48.5
93;2021-08-02;8839;5697;1092647;815006;65.4;48.8
93;2021-08-03;7474;6865;1100121;821871;65.9;49.2
93;2021-08-04;7754;7998;1107875;829869;66.3;49.7
93;2021-08-05;6028;6860;1113903;836729;66.7;50.1
93;2021-08-06;7018;8333;1120921;845062;67.1;50.6
93;2021-08-07;7364;9050;1128285;854112;67.6;51.1
93;2021-08-08;4469;5563;1132754;859675;67.8;51.5
93;2021-08-09;7105;8078;1139859;867753;68.2;52.0
93;2021-08-10;7336;8843;1147195;876596;68.7;52.5
93;2021-08-11;7456;9689;1154651;886285;69.1;53.1
93;2021-08-12;6340;9026;1160991;895311;69.5;53.6
93;2021-08-13;6452;9017;1167443;904328;69.9;54.1
93;2021-08-14;5893;10482;1173336;914810;70.3;54.8
93;2021-08-15;2738;3620;1176074;918430;70.4;55.0
93;2021-08-16;5491;11213;1181565;929643;70.7;55.7
93;2021-08-17;5834;10920;1187399;940563;71.1;56.3
93;2021-08-18;5452;11193;1192851;951756;71.4;57.0
93;2021-08-19;4499;9665;1197350;961421;71.7;57.6
93;2021-08-20;4784;11217;1202134;972638;72.0;58.2
93;2021-08-21;4259;11941;1206393;984579;72.2;59.0
93;2021-08-22;2202;7050;1208595;991629;72.4;59.4
93;2021-08-23;4344;9320;1212939;1000949;72.6;59.9
93;2021-08-24;4332;8421;1217271;1009370;72.9;60.4
93;2021-08-25;4158;8592;1221429;1017962;73.1;61.0
93;2021-08-26;3648;7081;1225077;1025043;73.4;61.4
93;2021-08-27;3924;8534;1229001;1033577;73.6;61.9
93;2021-08-28;3801;9555;1232802;1043132;73.8;62.5
93;2021-08-29;1764;4805;1234566;1047937;73.9;62.7
93;2021-08-30;2956;7599;1237522;1055536;74.1;63.2
93;2021-08-31;3024;7781;1240546;1063317;74.3;63.7
93;2021-09-01;3222;7695;1243768;1071012;74.5;64.1
93;2021-09-02;2662;6006;1246430;1077018;74.6;64.5
93;2021-09-03;2816;7277;1249246;1084295;74.8;64.9
93;2021-09-04;3294;8921;1252540;1093216;75.0;65.5
93;2021-09-05;1262;3707;1253802;1096923;75.1;65.7
93;2021-09-06;1811;5307;1255613;1102230;75.2;66.0
93;2021-09-07;1756;4799;1257369;1107029;75.3;66.3
93;2021-09-08;2183;5597;1259552;1112626;75.4;66.6
93;2021-09-09;1877;4882;1261429;1117508;75.5;66.9
94;2020-12-27;6;0;6;0;0.0;0.0
94;2020-12-28;11;0;17;0;0.0;0.0
94;2020-12-29;0;0;17;0;0.0;0.0
94;2020-12-30;1;0;18;0;0.0;0.0
94;2020-12-31;7;0;25;0;0.0;0.0
94;2021-01-01;4;0;29;0;0.0;0.0
94;2021-01-02;0;0;29;0;0.0;0.0
94;2021-01-03;3;0;32;0;0.0;0.0
94;2021-01-04;39;2;71;2;0.0;0.0
94;2021-01-05;233;2;304;4;0.0;0.0
94;2021-01-06;332;4;636;8;0.0;0.0
94;2021-01-07;691;11;1327;19;0.1;0.0
94;2021-01-08;922;10;2249;29;0.2;0.0
94;2021-01-09;47;0;2296;29;0.2;0.0
94;2021-01-10;18;0;2314;29;0.2;0.0
94;2021-01-11;1014;10;3328;39;0.2;0.0
94;2021-01-12;1345;25;4673;64;0.3;0.0
94;2021-01-13;1408;26;6081;90;0.4;0.0
94;2021-01-14;1545;28;7626;118;0.5;0.0
94;2021-01-15;1221;23;8847;141;0.6;0.0
94;2021-01-16;197;1;9044;142;0.6;0.0
94;2021-01-17;98;0;9142;142;0.7;0.0
94;2021-01-18;1498;26;10640;168;0.8;0.0
94;2021-01-19;1951;29;12591;197;0.9;0.0
94;2021-01-20;2184;23;14775;220;1.1;0.0
94;2021-01-21;3006;17;17781;237;1.3;0.0
94;2021-01-22;2189;26;19970;263;1.4;0.0
94;2021-01-23;733;3;20703;266;1.5;0.0
94;2021-01-24;284;0;20987;266;1.5;0.0
94;2021-01-25;1470;21;22457;287;1.6;0.0
94;2021-01-26;1575;19;24032;306;1.7;0.0
94;2021-01-27;1839;33;25871;339;1.8;0.0
94;2021-01-28;1537;127;27408;466;1.9;0.0
94;2021-01-29;1381;140;28789;606;2.0;0.0
94;2021-01-30;580;4;29369;610;2.1;0.0
94;2021-01-31;123;8;29492;618;2.1;0.0
94;2021-02-01;930;144;30422;762;2.2;0.1
94;2021-02-02;853;231;31275;993;2.2;0.1
94;2021-02-03;762;349;32037;1342;2.3;0.1
94;2021-02-04;901;398;32938;1740;2.3;0.1
94;2021-02-05;873;543;33811;2283;2.4;0.2
94;2021-02-06;406;64;34217;2347;2.4;0.2
94;2021-02-07;122;0;34339;2347;2.4;0.2
94;2021-02-08;635;476;34974;2823;2.5;0.2
94;2021-02-09;1036;946;36010;3769;2.6;0.3
94;2021-02-10;1101;1297;37111;5066;2.6;0.4
94;2021-02-11;1429;1493;38540;6559;2.7;0.5
94;2021-02-12;1390;1581;39930;8140;2.8;0.6
94;2021-02-13;300;209;40230;8349;2.9;0.6
94;2021-02-14;30;70;40260;8419;2.9;0.6
94;2021-02-15;753;1569;41013;9988;2.9;0.7
94;2021-02-16;702;2420;41715;12408;3.0;0.9
94;2021-02-17;716;1397;42431;13805;3.0;1.0
94;2021-02-18;788;1501;43219;15306;3.1;1.1
94;2021-02-19;966;1285;44185;16591;3.1;1.2
94;2021-02-20;133;780;44318;17371;3.2;1.2
94;2021-02-21;21;157;44339;17528;3.2;1.2
94;2021-02-22;522;1116;44861;18644;3.2;1.3
94;2021-02-23;624;1065;45485;19709;3.2;1.4
94;2021-02-24;695;740;46180;20449;3.3;1.5
94;2021-02-25;1071;1365;47251;21814;3.4;1.6
94;2021-02-26;1324;890;48575;22704;3.5;1.6
94;2021-02-27;518;471;49093;23175;3.5;1.6
94;2021-02-28;91;77;49184;23252;3.5;1.7
94;2021-03-01;883;832;50067;24084;3.6;1.7
94;2021-03-02;1566;857;51633;24941;3.7;1.8
94;2021-03-03;1948;925;53581;25866;3.8;1.8
94;2021-03-04;2862;1073;56443;26939;4.0;1.9
94;2021-03-05;3836;1276;60279;28215;4.3;2.0
94;2021-03-06;4821;554;65100;28769;4.6;2.0
94;2021-03-07;3689;540;68789;29309;4.9;2.1
94;2021-03-08;1918;750;70707;30059;5.0;2.1
94;2021-03-09;2556;881;73263;30940;5.2;2.2
94;2021-03-10;3200;1023;76463;31963;5.4;2.3
94;2021-03-11;3839;938;80302;32901;5.7;2.3
94;2021-03-12;4582;822;84884;33723;6.0;2.4
94;2021-03-13;4131;401;89015;34124;6.3;2.4
94;2021-03-14;2115;156;91130;34280;6.5;2.4
94;2021-03-15;3170;785;94300;35065;6.7;2.5
94;2021-03-16;2775;438;97075;35503;6.9;2.5
94;2021-03-17;2860;463;99935;35966;7.1;2.6
94;2021-03-18;3264;446;103199;36412;7.3;2.6
94;2021-03-19;4273;709;107472;37121;7.6;2.6
94;2021-03-20;3692;301;111164;37422;7.9;2.7
94;2021-03-21;1465;383;112629;37805;8.0;2.7
94;2021-03-22;3221;664;115850;38469;8.2;2.7
94;2021-03-23;4513;731;120363;39200;8.6;2.8
94;2021-03-24;4628;629;124991;39829;8.9;2.8
94;2021-03-25;6322;680;131313;40509;9.3;2.9
94;2021-03-26;6091;819;137404;41328;9.8;2.9
94;2021-03-27;4472;280;141876;41608;10.1;3.0
94;2021-03-28;1890;110;143766;41718;10.2;3.0
94;2021-03-29;4126;1227;147892;42945;10.5;3.1
94;2021-03-30;5299;1356;153191;44301;10.9;3.2
94;2021-03-31;4913;1799;158104;46100;11.2;3.3
94;2021-04-01;5830;2315;163934;48415;11.7;3.4
94;2021-04-02;5247;2320;169181;50735;12.0;3.6
94;2021-04-03;3087;2507;172268;53242;12.3;3.8
94;2021-04-04;1052;772;173320;54014;12.3;3.8
94;2021-04-05;837;150;174157;54164;12.4;3.9
94;2021-04-06;3580;2553;177737;56717;12.6;4.0
94;2021-04-07;3867;2266;181604;58983;12.9;4.2
94;2021-04-08;4629;2068;186233;61051;13.2;4.3
94;2021-04-09;5362;2479;191595;63530;13.6;4.5
94;2021-04-10;2958;3004;194553;66534;13.8;4.7
94;2021-04-11;1268;1768;195821;68302;13.9;4.9
94;2021-04-12;3440;2285;199261;70587;14.2;5.0
94;2021-04-13;4313;3412;203574;73999;14.5;5.3
94;2021-04-14;3906;2695;207480;76694;14.8;5.5
94;2021-04-15;4447;2999;211927;79693;15.1;5.7
94;2021-04-16;4708;2850;216635;82543;15.4;5.9
94;2021-04-17;2462;2771;219097;85314;15.6;6.1
94;2021-04-18;920;1243;220017;86557;15.6;6.2
94;2021-04-19;2976;2445;222993;89002;15.9;6.3
94;2021-04-20;3274;2713;226267;91715;16.1;6.5
94;2021-04-21;3220;3165;229487;94880;16.3;6.7
94;2021-04-22;3913;3657;233400;98537;16.6;7.0
94;2021-04-23;4117;3997;237517;102534;16.9;7.3
94;2021-04-24;4266;3405;241783;105939;17.2;7.5
94;2021-04-25;2408;1510;244191;107449;17.4;7.6
94;2021-04-26;4013;3285;248204;110734;17.7;7.9
94;2021-04-27;5098;3372;253302;114106;18.0;8.1
94;2021-04-28;4833;3643;258135;117749;18.4;8.4
94;2021-04-29;6420;3810;264555;121559;18.8;8.6
94;2021-04-30;6487;3934;271042;125493;19.3;8.9
94;2021-05-01;4057;1064;275099;126557;19.6;9.0
94;2021-05-02;3053;1474;278152;128031;19.8;9.1
94;2021-05-03;5737;5333;283889;133364;20.2;9.5
94;2021-05-04;6100;3571;289989;136935;20.6;9.7
94;2021-05-05;6183;3427;296172;140362;21.1;10.0
94;2021-05-06;7159;3535;303331;143897;21.6;10.2
94;2021-05-07;6676;4122;310007;148019;22.0;10.5
94;2021-05-08;4904;2557;314911;150576;22.4;10.7
94;2021-05-09;4226;2255;319137;152831;22.7;10.9
94;2021-05-10;7717;3131;326854;155962;23.2;11.1
94;2021-05-11;8979;3937;335833;159899;23.9;11.4
94;2021-05-12;9580;3598;345413;163497;24.6;11.6
94;2021-05-13;8680;1370;354093;164867;25.2;11.7
94;2021-05-14;9875;3314;363968;168181;25.9;12.0
94;2021-05-15;8944;2165;372912;170346;26.5;12.1
94;2021-05-16;5070;913;377982;171259;26.9;12.2
94;2021-05-17;10841;2253;388823;173512;27.7;12.3
94;2021-05-18;11298;2452;400121;175964;28.5;12.5
94;2021-05-19;11675;3602;411796;179566;29.3;12.8
94;2021-05-20;12155;4360;423951;183926;30.2;13.1
94;2021-05-21;11880;3164;435831;187090;31.0;13.3
94;2021-05-22;10291;1974;446122;189064;31.7;13.4
94;2021-05-23;5003;712;451125;189776;32.1;13.5
94;2021-05-24;9670;1350;460795;191126;32.8;13.6
94;2021-05-25;10005;4270;470800;195396;33.5;13.9
94;2021-05-26;10296;3314;481096;198710;34.2;14.1
94;2021-05-27;10870;4590;491966;203300;35.0;14.5
94;2021-05-28;10452;4953;502418;208253;35.7;14.8
94;2021-05-29;9873;3456;512291;211709;36.4;15.1
94;2021-05-30;4788;931;517079;212640;36.8;15.1
94;2021-05-31;9989;4239;527068;216879;37.5;15.4
94;2021-06-01;10326;5104;537394;221983;38.2;15.8
94;2021-06-02;9370;4594;546764;226577;38.9;16.1
94;2021-06-03;9569;5605;556333;232182;39.6;16.5
94;2021-06-04;10416;6540;566749;238722;40.3;17.0
94;2021-06-05;9199;6261;575948;244983;41.0;17.4
94;2021-06-06;3984;1849;579932;246832;41.2;17.6
94;2021-06-07;8679;5987;588611;252819;41.9;18.0
94;2021-06-08;9015;7526;597626;260345;42.5;18.5
94;2021-06-09;8957;8165;606583;268510;43.1;19.1
94;2021-06-10;8811;10973;615394;279483;43.8;19.9
94;2021-06-11;7856;8395;623250;287878;44.3;20.5
94;2021-06-12;10266;6853;633516;294731;45.1;21.0
94;2021-06-13;3470;3262;636986;297993;45.3;21.2
94;2021-06-14;6967;8213;643953;306206;45.8;21.8
94;2021-06-15;7739;8821;651692;315027;46.3;22.4
94;2021-06-16;7247;8270;658939;323297;46.9;23.0
94;2021-06-17;6707;9066;665646;332363;47.3;23.6
94;2021-06-18;6580;11960;672226;344323;47.8;24.5
94;2021-06-19;6013;9596;678239;353919;48.2;25.2
94;2021-06-20;1889;4011;680128;357930;48.4;25.5
94;2021-06-21;4534;11186;684662;369116;48.7;26.3
94;2021-06-22;4843;10812;689505;379928;49.0;27.0
94;2021-06-23;4180;11166;693685;391094;49.3;27.8
94;2021-06-24;4973;10337;698658;401431;49.7;28.6
94;2021-06-25;4294;13740;702952;415171;50.0;29.5
94;2021-06-26;3140;12003;706092;427174;50.2;30.4
94;2021-06-27;1059;4998;707151;432172;50.3;30.7
94;2021-06-28;3504;12082;710655;444254;50.5;31.6
94;2021-06-29;4048;12181;714703;456435;50.8;32.5
94;2021-06-30;4457;11647;719160;468082;51.1;33.3
94;2021-07-01;5627;11122;724787;479204;51.5;34.1
94;2021-07-02;5708;12202;730495;491406;52.0;34.9
94;2021-07-03;3719;11805;734214;503211;52.2;35.8
94;2021-07-04;1516;5088;735730;508299;52.3;36.2
94;2021-07-05;4543;11436;740273;519735;52.6;37.0
94;2021-07-06;4627;10901;744900;530636;53.0;37.7
94;2021-07-07;5035;11088;749935;541724;53.3;38.5
94;2021-07-08;5140;10027;755075;551751;53.7;39.2
94;2021-07-09;6128;11875;761203;563626;54.1;40.1
94;2021-07-10;4126;11366;765329;574992;54.4;40.9
94;2021-07-11;1555;4721;766884;579713;54.5;41.2
94;2021-07-12;4334;11971;771218;591684;54.9;42.1
94;2021-07-13;6429;12048;777647;603732;55.3;42.9
94;2021-07-14;4197;5294;781844;609026;55.6;43.3
94;2021-07-15;7263;12373;789107;621399;56.1;44.2
94;2021-07-16;7779;11320;796886;632719;56.7;45.0
94;2021-07-17;6109;11327;802995;644046;57.1;45.8
94;2021-07-18;2630;4024;805625;648070;57.3;46.1
94;2021-07-19;6946;10448;812571;658518;57.8;46.8
94;2021-07-20;8525;10393;821096;668911;58.4;47.6
94;2021-07-21;8758;9582;829854;678493;59.0;48.3
94;2021-07-22;9770;9427;839624;687920;59.7;48.9
94;2021-07-23;9366;9421;848990;697341;60.4;49.6
94;2021-07-24;7216;8887;856206;706228;60.9;50.2
94;2021-07-25;2192;2741;858398;708969;61.1;50.4
94;2021-07-26;8031;8098;866429;717067;61.6;51.0
94;2021-07-27;8775;7137;875204;724204;62.2;51.5
94;2021-07-28;9068;6567;884272;730771;62.9;52.0
94;2021-07-29;9042;6369;893314;737140;63.5;52.4
94;2021-07-30;7966;6593;901280;743733;64.1;52.9
94;2021-07-31;7215;6306;908495;750039;64.6;53.3
94;2021-08-01;3205;1784;911700;751823;64.8;53.5
94;2021-08-02;6472;5488;918172;757311;65.3;53.9
94;2021-08-03;6293;5213;924465;762524;65.7;54.2
94;2021-08-04;6245;5129;930710;767653;66.2;54.6
94;2021-08-05;5797;5462;936507;773115;66.6;55.0
94;2021-08-06;5615;5840;942122;778955;67.0;55.4
94;2021-08-07;4241;4472;946363;783427;67.3;55.7
94;2021-08-08;1368;1716;947731;785143;67.4;55.8
94;2021-08-09;4867;6810;952598;791953;67.8;56.3
94;2021-08-10;5358;6534;957956;798487;68.1;56.8
94;2021-08-11;4233;5915;962189;804402;68.4;57.2
94;2021-08-12;4361;6507;966550;810909;68.7;57.7
94;2021-08-13;3718;5795;970268;816704;69.0;58.1
94;2021-08-14;2880;5739;973148;822443;69.2;58.5
94;2021-08-15;454;735;973602;823178;69.2;58.5
94;2021-08-16;3474;8292;977076;831470;69.5;59.1
94;2021-08-17;3346;8139;980422;839609;69.7;59.7
94;2021-08-18;3242;8614;983664;848223;70.0;60.3
94;2021-08-19;3299;6901;986963;855124;70.2;60.8
94;2021-08-20;2957;7752;989920;862876;70.4;61.4
94;2021-08-21;2516;7158;992436;870034;70.6;61.9
94;2021-08-22;889;2734;993325;872768;70.6;62.1
94;2021-08-23;2809;8456;996134;881224;70.8;62.7
94;2021-08-24;3106;7508;999240;888732;71.1;63.2
94;2021-08-25;2728;6734;1001968;895466;71.3;63.7
94;2021-08-26;2557;6133;1004525;901599;71.4;64.1
94;2021-08-27;2627;6558;1007152;908157;71.6;64.6
94;2021-08-28;2543;6490;1009695;914647;71.8;65.1
94;2021-08-29;863;2341;1010558;916988;71.9;65.2
94;2021-08-30;2747;7870;1013305;924858;72.1;65.8
94;2021-08-31;2584;7435;1015889;932293;72.3;66.3
94;2021-09-01;2266;6180;1018155;938473;72.4;66.7
94;2021-09-02;1926;5190;1020081;943663;72.5;67.1
94;2021-09-03;2051;5798;1022132;949461;72.7;67.5
94;2021-09-04;2354;5404;1024486;954865;72.9;67.9
94;2021-09-05;697;1281;1025183;956146;72.9;68.0
94;2021-09-06;1514;4064;1026697;960210;73.0;68.3
94;2021-09-07;1416;3696;1028113;963906;73.1;68.6
94;2021-09-08;1435;3707;1029548;967613;73.2;68.8
94;2021-09-09;1207;3405;1030755;971018;73.3;69.1
95;2020-12-27;3;0;3;0;0.0;0.0
95;2020-12-28;4;0;7;0;0.0;0.0
95;2020-12-29;0;0;7;0;0.0;0.0
95;2020-12-30;0;0;7;0;0.0;0.0
95;2020-12-31;2;0;9;0;0.0;0.0
95;2021-01-01;0;0;9;0;0.0;0.0
95;2021-01-02;13;0;22;0;0.0;0.0
95;2021-01-03;1;0;23;0;0.0;0.0
95;2021-01-04;49;0;72;0;0.0;0.0
95;2021-01-05;316;0;388;0;0.0;0.0
95;2021-01-06;192;0;580;0;0.0;0.0
95;2021-01-07;130;1;710;1;0.1;0.0
95;2021-01-08;278;2;988;3;0.1;0.0
95;2021-01-09;251;0;1239;3;0.1;0.0
95;2021-01-10;384;1;1623;4;0.1;0.0
95;2021-01-11;492;1;2115;5;0.2;0.0
95;2021-01-12;862;1;2977;6;0.2;0.0
95;2021-01-13;782;11;3759;17;0.3;0.0
95;2021-01-14;887;12;4646;29;0.4;0.0
95;2021-01-15;758;5;5404;34;0.4;0.0
95;2021-01-16;298;2;5702;36;0.5;0.0
95;2021-01-17;224;1;5926;37;0.5;0.0
95;2021-01-18;1338;6;7264;43;0.6;0.0
95;2021-01-19;1574;6;8838;49;0.7;0.0
95;2021-01-20;2040;3;10878;52;0.9;0.0
95;2021-01-21;1854;5;12732;57;1.0;0.0
95;2021-01-22;1325;6;14057;63;1.1;0.0
95;2021-01-23;648;0;14705;63;1.2;0.0
95;2021-01-24;182;0;14887;63;1.2;0.0
95;2021-01-25;796;32;15683;95;1.3;0.0
95;2021-01-26;987;160;16670;255;1.3;0.0
95;2021-01-27;1251;167;17921;422;1.4;0.0
95;2021-01-28;1720;20;19641;442;1.6;0.0
95;2021-01-29;1249;182;20890;624;1.7;0.0
95;2021-01-30;477;5;21367;629;1.7;0.1
95;2021-01-31;212;1;21579;630;1.7;0.1
95;2021-02-01;566;253;22145;883;1.8;0.1
95;2021-02-02;528;265;22673;1148;1.8;0.1
95;2021-02-03;614;504;23287;1652;1.9;0.1
95;2021-02-04;1066;352;24353;2004;2.0;0.2
95;2021-02-05;732;277;25085;2281;2.0;0.2
95;2021-02-06;337;223;25422;2504;2.0;0.2
95;2021-02-07;141;358;25563;2862;2.0;0.2
95;2021-02-08;765;316;26328;3178;2.1;0.3
95;2021-02-09;1131;1055;27459;4233;2.2;0.3
95;2021-02-10;1262;1389;28721;5622;2.3;0.5
95;2021-02-11;1387;1114;30108;6736;2.4;0.5
95;2021-02-12;1032;922;31140;7658;2.5;0.6
95;2021-02-13;329;271;31469;7929;2.5;0.6
95;2021-02-14;42;153;31511;8082;2.5;0.6
95;2021-02-15;427;841;31938;8923;2.6;0.7
95;2021-02-16;493;701;32431;9624;2.6;0.8
95;2021-02-17;654;961;33085;10585;2.7;0.8
95;2021-02-18;725;1460;33810;12045;2.7;1.0
95;2021-02-19;783;1119;34593;13164;2.8;1.1
95;2021-02-20;306;422;34899;13586;2.8;1.1
95;2021-02-21;165;270;35064;13856;2.8;1.1
95;2021-02-22;327;837;35391;14693;2.8;1.2
95;2021-02-23;368;603;35759;15296;2.9;1.2
95;2021-02-24;310;746;36069;16042;2.9;1.3
95;2021-02-25;730;939;36799;16981;2.9;1.4
95;2021-02-26;989;737;37788;17718;3.0;1.4
95;2021-02-27;365;380;38153;18098;3.1;1.4
95;2021-02-28;61;201;38214;18299;3.1;1.5
95;2021-03-01;771;499;38985;18798;3.1;1.5
95;2021-03-02;1321;790;40306;19588;3.2;1.6
95;2021-03-03;1598;891;41904;20479;3.4;1.6
95;2021-03-04;3195;1107;45099;21586;3.6;1.7
95;2021-03-05;3651;1038;48750;22624;3.9;1.8
95;2021-03-06;4005;490;52755;23114;4.2;1.9
95;2021-03-07;4222;310;56977;23424;4.6;1.9
95;2021-03-08;1541;823;58518;24247;4.7;1.9
95;2021-03-09;2622;490;61140;24737;4.9;2.0
95;2021-03-10;2344;830;63484;25567;5.1;2.0
95;2021-03-11;3139;1137;66623;26704;5.3;2.1
95;2021-03-12;3521;796;70144;27500;5.6;2.2
95;2021-03-13;3519;420;73663;27920;5.9;2.2
95;2021-03-14;1983;299;75646;28219;6.1;2.3
95;2021-03-15;2373;316;78019;28535;6.2;2.3
95;2021-03-16;1575;413;79594;28948;6.4;2.3
95;2021-03-17;2104;412;81698;29360;6.5;2.4
95;2021-03-18;2798;374;84496;29734;6.8;2.4
95;2021-03-19;3476;365;87972;30099;7.0;2.4
95;2021-03-20;2592;204;90564;30303;7.3;2.4
95;2021-03-21;1204;244;91768;30547;7.4;2.4
95;2021-03-22;2938;366;94706;30913;7.6;2.5
95;2021-03-23;3438;461;98144;31374;7.9;2.5
95;2021-03-24;3945;520;102089;31894;8.2;2.6
95;2021-03-25;5859;658;107948;32552;8.6;2.6
95;2021-03-26;5430;687;113378;33239;9.1;2.7
95;2021-03-27;3749;224;117127;33463;9.4;2.7
95;2021-03-28;1535;123;118662;33586;9.5;2.7
95;2021-03-29;2894;575;121556;34161;9.7;2.7
95;2021-03-30;3886;1244;125442;35405;10.0;2.8
95;2021-03-31;3659;1672;129101;37077;10.3;3.0
95;2021-04-01;5484;2271;134585;39348;10.8;3.2
95;2021-04-02;3560;2762;138145;42110;11.1;3.4
95;2021-04-03;2095;2485;140240;44595;11.2;3.6
95;2021-04-04;1247;1202;141487;45797;11.3;3.7
95;2021-04-05;596;64;142083;45861;11.4;3.7
95;2021-04-06;1858;1537;143941;47398;11.5;3.8
95;2021-04-07;4953;2192;148894;49590;11.9;4.0
95;2021-04-08;4898;2468;153792;52058;12.3;4.2
95;2021-04-09;5436;2338;159228;54396;12.8;4.4
95;2021-04-10;3710;1434;162938;55830;13.1;4.5
95;2021-04-11;1567;1038;164505;56868;13.2;4.6
95;2021-04-12;3253;1612;167758;58480;13.4;4.7
95;2021-04-13;3141;1689;170899;60169;13.7;4.8
95;2021-04-14;2752;1993;173651;62162;13.9;5.0
95;2021-04-15;3903;3347;177554;65509;14.2;5.2
95;2021-04-16;4064;3036;181618;68545;14.5;5.5
95;2021-04-17;2375;1758;183993;70303;14.7;5.6
95;2021-04-18;1511;1017;185504;71320;14.9;5.7
95;2021-04-19;2569;2374;188073;73694;15.1;5.9
95;2021-04-20;2121;2458;190194;76152;15.2;6.1
95;2021-04-21;3931;2632;194125;78784;15.6;6.3
95;2021-04-22;3412;4634;197537;83418;15.8;6.7
95;2021-04-23;2767;3560;200304;86978;16.0;7.0
95;2021-04-24;3573;2589;203877;89567;16.3;7.2
95;2021-04-25;1960;1550;205837;91117;16.5;7.3
95;2021-04-26;2752;2702;208589;93819;16.7;7.5
95;2021-04-27;3851;2180;212440;95999;17.0;7.7
95;2021-04-28;3890;2669;216330;98668;17.3;7.9
95;2021-04-29;6141;4551;222471;103219;17.8;8.3
95;2021-04-30;6904;2934;229375;106153;18.4;8.5
95;2021-05-01;2369;920;231744;107073;18.6;8.6
95;2021-05-02;2448;1502;234192;108575;18.8;8.7
95;2021-05-03;5128;1929;239320;110504;19.2;8.9
95;2021-05-04;6353;2724;245673;113228;19.7;9.1
95;2021-05-05;5145;3806;250818;117034;20.1;9.4
95;2021-05-06;8206;4925;259024;121959;20.7;9.8
95;2021-05-07;5777;4757;264801;126716;21.2;10.2
95;2021-05-08;5743;1532;270544;128248;21.7;10.3
95;2021-05-09;2829;1587;273373;129835;21.9;10.4
95;2021-05-10;9974;3187;283347;133022;22.7;10.7
95;2021-05-11;8448;3457;291795;136479;23.4;10.9
95;2021-05-12;9465;3222;301260;139701;24.1;11.2
95;2021-05-13;7956;1202;309216;140903;24.8;11.3
95;2021-05-14;7016;1911;316232;142814;25.3;11.4
95;2021-05-15;4515;1070;320747;143884;25.7;11.5
95;2021-05-16;4826;843;325573;144727;26.1;11.6
95;2021-05-17;7742;1352;333315;146079;26.7;11.7
95;2021-05-18;9469;1858;342784;147937;27.5;11.9
95;2021-05-19;9245;2495;352029;150432;28.2;12.1
95;2021-05-20;12587;2443;364616;152875;29.2;12.2
95;2021-05-21;10175;2537;374791;155412;30.0;12.4
95;2021-05-22;9396;1573;384187;156985;30.8;12.6
95;2021-05-23;4146;962;388333;157947;31.1;12.7
95;2021-05-24;2398;535;390731;158482;31.3;12.7
95;2021-05-25;7211;2082;397942;160564;31.9;12.9
95;2021-05-26;8853;3117;406795;163681;32.6;13.1
95;2021-05-27;10366;4436;417161;168117;33.4;13.5
95;2021-05-28;7686;4423;424847;172540;34.0;13.8
95;2021-05-29;5267;2762;430114;175302;34.5;14.0
95;2021-05-30;3733;1705;433847;177007;34.8;14.2
95;2021-05-31;6430;3331;440277;180338;35.3;14.4
95;2021-06-01;8786;3810;449063;184148;36.0;14.8
95;2021-06-02;8802;4746;457865;188894;36.7;15.1
95;2021-06-03;8530;6563;466395;195457;37.4;15.7
95;2021-06-04;8889;4407;475284;199864;38.1;16.0
95;2021-06-05;8343;3743;483627;203607;38.7;16.3
95;2021-06-06;4840;1617;488467;205224;39.1;16.4
95;2021-06-07;6060;4546;494527;209770;39.6;16.8
95;2021-06-08;6556;5515;501083;215285;40.1;17.2
95;2021-06-09;6269;6474;507352;221759;40.6;17.8
95;2021-06-10;6435;6817;513787;228576;41.2;18.3
95;2021-06-11;7236;6444;521023;235020;41.7;18.8
95;2021-06-12;6005;4373;527028;239393;42.2;19.2
95;2021-06-13;2083;3289;529111;242682;42.4;19.4
95;2021-06-14;5374;5987;534485;248669;42.8;19.9
95;2021-06-15;5743;8070;540228;256739;43.3;20.6
95;2021-06-16;5494;7538;545722;264277;43.7;21.2
95;2021-06-17;6608;8166;552330;272443;44.2;21.8
95;2021-06-18;5835;7860;558165;280303;44.7;22.5
95;2021-06-19;4968;8926;563133;289229;45.1;23.2
95;2021-06-20;1426;3317;564559;292546;45.2;23.4
95;2021-06-21;3543;7713;568102;300259;45.5;24.1
95;2021-06-22;5071;9053;573173;309312;45.9;24.8
95;2021-06-23;4783;10875;577956;320187;46.3;25.6
95;2021-06-24;4941;10726;582897;330913;46.7;26.5
95;2021-06-25;4888;10359;587785;341272;47.1;27.3
95;2021-06-26;4326;8485;592111;349757;47.4;28.0
95;2021-06-27;1035;3997;593146;353754;47.5;28.3
95;2021-06-28;2743;9491;595889;363245;47.7;29.1
95;2021-06-29;2540;8790;598429;372035;47.9;29.8
95;2021-06-30;3957;9996;602386;382031;48.3;30.6
95;2021-07-01;4908;11165;607294;393196;48.6;31.5
95;2021-07-02;4287;10548;611581;403744;49.0;32.3
95;2021-07-03;3539;9159;615120;412903;49.3;33.1
95;2021-07-04;1277;3399;616397;416302;49.4;33.3
95;2021-07-05;2356;4375;618753;420677;49.6;33.7
95;2021-07-06;2777;7750;621530;428427;49.8;34.3
95;2021-07-07;3963;9626;625493;438053;50.1;35.1
95;2021-07-08;5318;9822;630811;447875;50.5;35.9
95;2021-07-09;4557;10075;635368;457950;50.9;36.7
95;2021-07-10;3398;7394;638766;465344;51.2;37.3
95;2021-07-11;1528;3603;640294;468947;51.3;37.6
95;2021-07-12;2990;9691;643284;478638;51.5;38.3
95;2021-07-13;5061;10070;648345;488708;51.9;39.1
95;2021-07-14;4430;5738;652775;494446;52.3;39.6
95;2021-07-15;7402;12363;660177;506809;52.9;40.6
95;2021-07-16;7985;12002;668162;518811;53.5;41.6
95;2021-07-17;5058;7822;673220;526633;53.9;42.2
95;2021-07-18;3490;2912;676710;529545;54.2;42.4
95;2021-07-19;4838;6867;681548;536412;54.6;43.0
95;2021-07-20;6961;8380;688509;544792;55.2;43.6
95;2021-07-21;9264;9449;697773;554241;55.9;44.4
95;2021-07-22;10149;9720;707922;563961;56.7;45.2
95;2021-07-23;10921;10205;718843;574166;57.6;46.0
95;2021-07-24;5265;6237;724108;580403;58.0;46.5
95;2021-07-25;2255;2282;726363;582685;58.2;46.7
95;2021-07-26;4521;4022;730884;586707;58.5;47.0
95;2021-07-27;8508;7039;739392;593746;59.2;47.6
95;2021-07-28;9720;7563;749112;601309;60.0;48.2
95;2021-07-29;8436;5469;757548;606778;60.7;48.6
95;2021-07-30;8515;7771;766063;614549;61.4;49.2
95;2021-07-31;4241;4117;770304;618666;61.7;49.6
95;2021-08-01;2328;1375;772632;620041;61.9;49.7
95;2021-08-02;4148;3915;776780;623956;62.2;50.0
95;2021-08-03;6151;5543;782931;629499;62.7;50.4
95;2021-08-04;6507;6078;789438;635577;63.2;50.9
95;2021-08-05;6868;5730;796306;641307;63.8;51.4
95;2021-08-06;6509;7088;802815;648395;64.3;51.9
95;2021-08-07;2842;3197;805657;651592;64.5;52.2
95;2021-08-08;1376;1889;807033;653481;64.6;52.3
95;2021-08-09;3916;5037;810949;658518;65.0;52.8
95;2021-08-10;5228;5846;816177;664364;65.4;53.2
95;2021-08-11;5356;6560;821533;670924;65.8;53.7
95;2021-08-12;5221;6364;826754;677288;66.2;54.3
95;2021-08-13;3883;5469;830637;682757;66.5;54.7
95;2021-08-14;3562;3322;834199;686079;66.8;55.0
95;2021-08-15;271;352;834470;686431;66.8;55.0
95;2021-08-16;2831;6047;837301;692478;67.1;55.5
95;2021-08-17;3570;7260;840871;699738;67.4;56.1
95;2021-08-18;4239;8073;845110;707811;67.7;56.7
95;2021-08-19;3737;6584;848847;714395;68.0;57.2
95;2021-08-20;3754;7924;852601;722319;68.3;57.9
95;2021-08-21;2703;4303;855304;726622;68.5;58.2
95;2021-08-22;827;2393;856131;729015;68.6;58.4
95;2021-08-23;2452;5645;858583;734660;68.8;58.9
95;2021-08-24;2911;6450;861494;741110;69.0;59.4
95;2021-08-25;3740;8278;865234;749388;69.3;60.0
95;2021-08-26;3123;7534;868357;756922;69.6;60.6
95;2021-08-27;3429;8721;871786;765643;69.8;61.3
95;2021-08-28;2790;5488;874576;771131;70.1;61.8
95;2021-08-29;624;1707;875200;772838;70.1;61.9
95;2021-08-30;2736;6185;877936;779023;70.3;62.4
95;2021-08-31;2767;6496;880703;785519;70.5;62.9
95;2021-09-01;2666;6470;883369;791989;70.8;63.4
95;2021-09-02;1661;4622;885030;796611;70.9;63.8
95;2021-09-03;2178;5827;887208;802438;71.1;64.3
95;2021-09-04;2507;5846;889715;808284;71.3;64.7
95;2021-09-05;402;636;890117;808920;71.3;64.8
95;2021-09-06;1188;3535;891305;812455;71.4;65.1
95;2021-09-07;1375;3442;892680;815897;71.5;65.4
95;2021-09-08;1630;4233;894310;820130;71.6;65.7
95;2021-09-09;1226;3653;895536;823783;71.7;66.0
971;2020-12-27;0;0;0;0;0.0;0.0
971;2020-12-28;0;0;0;0;0.0;0.0
971;2020-12-29;0;0;0;0;0.0;0.0
971;2020-12-30;0;0;0;0;0.0;0.0
971;2020-12-31;0;0;0;0;0.0;0.0
971;2021-01-01;1;0;1;0;0.0;0.0
971;2021-01-02;0;0;1;0;0.0;0.0
971;2021-01-03;0;0;1;0;0.0;0.0
971;2021-01-04;1;0;2;0;0.0;0.0
971;2021-01-05;0;0;2;0;0.0;0.0
971;2021-01-06;1;0;3;0;0.0;0.0
971;2021-01-07;0;0;3;0;0.0;0.0
971;2021-01-08;57;1;60;1;0.0;0.0
971;2021-01-09;20;0;80;1;0.0;0.0
971;2021-01-10;0;0;80;1;0.0;0.0
971;2021-01-11;60;0;140;1;0.0;0.0
971;2021-01-12;45;0;185;1;0.0;0.0
971;2021-01-13;47;1;232;2;0.1;0.0
971;2021-01-14;63;0;295;2;0.1;0.0
971;2021-01-15;77;0;372;2;0.1;0.0
971;2021-01-16;0;0;372;2;0.1;0.0
971;2021-01-17;0;0;372;2;0.1;0.0
971;2021-01-18;81;1;453;3;0.1;0.0
971;2021-01-19;145;0;598;3;0.2;0.0
971;2021-01-20;135;0;733;3;0.2;0.0
971;2021-01-21;154;1;887;4;0.2;0.0
971;2021-01-22;135;0;1022;4;0.3;0.0
971;2021-01-23;1;0;1023;4;0.3;0.0
971;2021-01-24;0;0;1023;4;0.3;0.0
971;2021-01-25;203;1;1226;5;0.3;0.0
971;2021-01-26;217;1;1443;6;0.4;0.0
971;2021-01-27;236;0;1679;6;0.4;0.0
971;2021-01-28;242;2;1921;8;0.5;0.0
971;2021-01-29;197;2;2118;10;0.6;0.0
971;2021-01-30;25;0;2143;10;0.6;0.0
971;2021-01-31;1;0;2144;10;0.6;0.0
971;2021-02-01;229;3;2373;13;0.6;0.0
971;2021-02-02;246;13;2619;26;0.7;0.0
971;2021-02-03;225;3;2844;29;0.8;0.0
971;2021-02-04;304;21;3148;50;0.8;0.0
971;2021-02-05;280;27;3428;77;0.9;0.0
971;2021-02-06;49;1;3477;78;0.9;0.0
971;2021-02-07;0;0;3477;78;0.9;0.0
971;2021-02-08;257;19;3734;97;1.0;0.0
971;2021-02-09;316;25;4050;122;1.1;0.0
971;2021-02-10;251;22;4301;144;1.1;0.0
971;2021-02-11;298;102;4599;246;1.2;0.1
971;2021-02-12;290;25;4889;271;1.3;0.1
971;2021-02-13;50;7;4939;278;1.3;0.1
971;2021-02-14;19;36;4958;314;1.3;0.1
971;2021-02-15;85;46;5043;360;1.3;0.1
971;2021-02-16;16;1;5059;361;1.3;0.1
971;2021-02-17;17;1;5076;362;1.3;0.1
971;2021-02-18;251;11;5327;373;1.4;0.1
971;2021-02-19;249;16;5576;389;1.5;0.1
971;2021-02-20;49;0;5625;389;1.5;0.1
971;2021-02-21;1;0;5626;389;1.5;0.1
971;2021-02-22;192;51;5818;440;1.5;0.1
971;2021-02-23;204;60;6022;500;1.6;0.1
971;2021-02-24;343;116;6365;616;1.7;0.2
971;2021-02-25;386;69;6751;685;1.8;0.2
971;2021-02-26;232;75;6983;760;1.9;0.2
971;2021-02-27;65;0;7048;760;1.9;0.2
971;2021-02-28;1;0;7049;760;1.9;0.2
971;2021-03-01;180;79;7229;839;1.9;0.2
971;2021-03-02;279;120;7508;959;2.0;0.3
971;2021-03-03;244;103;7752;1062;2.1;0.3
971;2021-03-04;335;77;8087;1139;2.1;0.3
971;2021-03-05;375;138;8462;1277;2.2;0.3
971;2021-03-06;599;10;9061;1287;2.4;0.3
971;2021-03-07;1;0;9062;1287;2.4;0.3
971;2021-03-08;324;135;9386;1422;2.5;0.4
971;2021-03-09;388;146;9774;1568;2.6;0.4
971;2021-03-10;425;158;10199;1726;2.7;0.5
971;2021-03-11;122;45;10321;1771;2.7;0.5
971;2021-03-12;504;223;10825;1994;2.9;0.5
971;2021-03-13;137;3;10962;1997;2.9;0.5
971;2021-03-14;14;23;10976;2020;2.9;0.5
971;2021-03-15;424;46;11400;2066;3.0;0.5
971;2021-03-16;485;82;11885;2148;3.2;0.6
971;2021-03-17;470;72;12355;2220;3.3;0.6
971;2021-03-18;585;83;12940;2303;3.4;0.6
971;2021-03-19;584;90;13524;2393;3.6;0.6
971;2021-03-20;177;15;13701;2408;3.6;0.6
971;2021-03-21;8;0;13709;2408;3.6;0.6
971;2021-03-22;359;89;14068;2497;3.7;0.7
971;2021-03-23;540;157;14608;2654;3.9;0.7
971;2021-03-24;473;103;15081;2757;4.0;0.7
971;2021-03-25;760;182;15841;2939;4.2;0.8
971;2021-03-26;644;122;16485;3061;4.4;0.8
971;2021-03-27;295;33;16780;3094;4.5;0.8
971;2021-03-28;24;2;16804;3096;4.5;0.8
971;2021-03-29;383;84;17187;3180;4.6;0.8
971;2021-03-30;625;164;17812;3344;4.7;0.9
971;2021-03-31;545;132;18357;3476;4.9;0.9
971;2021-04-01;661;196;19018;3672;5.0;1.0
971;2021-04-02;39;34;19057;3706;5.1;1.0
971;2021-04-03;59;2;19116;3708;5.1;1.0
971;2021-04-04;4;17;19120;3725;5.1;1.0
971;2021-04-05;13;0;19133;3725;5.1;1.0
971;2021-04-06;485;193;19618;3918;5.2;1.0
971;2021-04-07;580;118;20198;4036;5.4;1.1
971;2021-04-08;521;156;20719;4192;5.5;1.1
971;2021-04-09;491;210;21210;4402;5.6;1.2
971;2021-04-10;101;5;21311;4407;5.7;1.2
971;2021-04-11;8;9;21319;4416;5.7;1.2
971;2021-04-12;304;261;21623;4677;5.7;1.2
971;2021-04-13;555;325;22178;5002;5.9;1.3
971;2021-04-14;444;228;22622;5230;6.0;1.4
971;2021-04-15;553;311;23175;5541;6.1;1.5
971;2021-04-16;564;275;23739;5816;6.3;1.5
971;2021-04-17;216;4;23955;5820;6.4;1.5
971;2021-04-18;6;13;23961;5833;6.4;1.5
971;2021-04-19;405;242;24366;6075;6.5;1.6
971;2021-04-20;724;345;25090;6420;6.7;1.7
971;2021-04-21;625;316;25715;6736;6.8;1.8
971;2021-04-22;818;325;26533;7061;7.0;1.9
971;2021-04-23;845;248;27378;7309;7.3;1.9
971;2021-04-24;391;69;27769;7378;7.4;2.0
971;2021-04-25;602;63;28371;7441;7.5;2.0
971;2021-04-26;974;219;29345;7660;7.8;2.0
971;2021-04-27;710;235;30055;7895;8.0;2.1
971;2021-04-28;865;267;30920;8162;8.2;2.2
971;2021-04-29;1203;203;32123;8365;8.5;2.2
971;2021-04-30;1270;188;33393;8553;8.9;2.3
971;2021-05-01;606;42;33999;8595;9.0;2.3
971;2021-05-02;354;18;34353;8613;9.1;2.3
971;2021-05-03;922;189;35275;8802;9.4;2.3
971;2021-05-04;961;207;36236;9009;9.6;2.4
971;2021-05-05;1027;251;37263;9260;9.9;2.5
971;2021-05-06;1147;176;38410;9436;10.2;2.5
971;2021-05-07;1264;272;39674;9708;10.5;2.6
971;2021-05-08;323;37;39997;9745;10.6;2.6
971;2021-05-09;183;11;40180;9756;10.7;2.6
971;2021-05-10;840;217;41020;9973;10.9;2.6
971;2021-05-11;964;314;41984;10287;11.1;2.7
971;2021-05-12;907;325;42891;10612;11.4;2.8
971;2021-05-13;212;78;43103;10690;11.4;2.8
971;2021-05-14;862;274;43965;10964;11.7;2.9
971;2021-05-15;487;15;44452;10979;11.8;2.9
971;2021-05-16;182;36;44634;11015;11.8;2.9
971;2021-05-17;720;275;45354;11290;12.0;3.0
971;2021-05-18;742;389;46096;11679;12.2;3.1
971;2021-05-19;702;530;46798;12209;12.4;3.2
971;2021-05-20;810;378;47608;12587;12.6;3.3
971;2021-05-21;825;405;48433;12992;12.9;3.4
971;2021-05-22;506;215;48939;13207;13.0;3.5
971;2021-05-23;201;114;49140;13321;13.0;3.5
971;2021-05-24;201;173;49341;13494;13.1;3.6
971;2021-05-25;548;661;49889;14155;13.2;3.8
971;2021-05-26;595;491;50484;14646;13.4;3.9
971;2021-05-27;133;181;50617;14827;13.4;3.9
971;2021-05-28;518;526;51135;15353;13.6;4.1
971;2021-05-29;238;141;51373;15494;13.6;4.1
971;2021-05-30;75;112;51448;15606;13.7;4.1
971;2021-05-31;449;535;51897;16141;13.8;4.3
971;2021-06-01;593;710;52490;16851;13.9;4.5
971;2021-06-02;577;706;53067;17557;14.1;4.7
971;2021-06-03;508;560;53575;18117;14.2;4.8
971;2021-06-04;835;802;54410;18919;14.4;5.0
971;2021-06-05;317;644;54727;19563;14.5;5.2
971;2021-06-06;139;529;54866;20092;14.6;5.3
971;2021-06-07;422;782;55288;20874;14.7;5.5
971;2021-06-08;494;884;55782;21758;14.8;5.8
971;2021-06-09;503;857;56285;22615;14.9;6.0
971;2021-06-10;538;851;56823;23466;15.1;6.2
971;2021-06-11;469;1235;57292;24701;15.2;6.6
971;2021-06-12;301;658;57593;25359;15.3;6.7
971;2021-06-13;128;313;57721;25672;15.3;6.8
971;2021-06-14;372;3731;58093;29403;15.4;7.8
971;2021-06-15;483;1992;58576;31395;15.5;8.3
971;2021-06-16;478;1451;59054;32846;15.7;8.7
971;2021-06-17;433;1009;59487;33855;15.8;9.0
971;2021-06-18;481;1019;59968;34874;15.9;9.3
971;2021-06-19;316;509;60284;35383;16.0;9.4
971;2021-06-20;111;231;60395;35614;16.0;9.4
971;2021-06-21;336;675;60731;36289;16.1;9.6
971;2021-06-22;333;872;61064;37161;16.2;9.9
971;2021-06-23;370;890;61434;38051;16.3;10.1
971;2021-06-24;417;734;61851;38785;16.4;10.3
971;2021-06-25;455;759;62306;39544;16.5;10.5
971;2021-06-26;301;514;62607;40058;16.6;10.6
971;2021-06-27;116;148;62723;40206;16.6;10.7
971;2021-06-28;303;686;63026;40892;16.7;10.9
971;2021-06-29;390;784;63416;41676;16.8;11.1
971;2021-06-30;441;924;63857;42600;16.9;11.3
971;2021-07-01;364;648;64221;43248;17.0;11.5
971;2021-07-02;429;693;64650;43941;17.2;11.7
971;2021-07-03;275;464;64925;44405;17.2;11.8
971;2021-07-04;112;239;65037;44644;17.3;11.8
971;2021-07-05;329;507;65366;45151;17.3;12.0
971;2021-07-06;385;769;65751;45920;17.4;12.2
971;2021-07-07;377;842;66128;46762;17.5;12.4
971;2021-07-08;414;790;66542;47552;17.7;12.6
971;2021-07-09;434;795;66976;48347;17.8;12.8
971;2021-07-10;245;294;67221;48641;17.8;12.9
971;2021-07-11;170;137;67391;48778;17.9;12.9
971;2021-07-12;477;606;67868;49384;18.0;13.1
971;2021-07-13;871;1006;68739;50390;18.2;13.4
971;2021-07-14;475;283;69214;50673;18.4;13.4
971;2021-07-15;878;841;70092;51514;18.6;13.7
971;2021-07-16;1094;1042;71186;52556;18.9;13.9
971;2021-07-17;648;444;71834;53000;19.1;14.1
971;2021-07-18;401;218;72235;53218;19.2;14.1
971;2021-07-19;575;580;72810;53798;19.3;14.3
971;2021-07-20;836;734;73646;54532;19.5;14.5
971;2021-07-21;767;496;74413;55028;19.7;14.6
971;2021-07-22;988;873;75401;55901;20.0;14.8
971;2021-07-23;1028;753;76429;56654;20.3;15.0
971;2021-07-24;426;384;76855;57038;20.4;15.1
971;2021-07-25;248;261;77103;57299;20.5;15.2
971;2021-07-26;636;560;77739;57859;20.6;15.4
971;2021-07-27;875;583;78614;58442;20.9;15.5
971;2021-07-28;796;655;79410;59097;21.1;15.7
971;2021-07-29;958;666;80368;59763;21.3;15.9
971;2021-07-30;1309;752;81677;60515;21.7;16.1
971;2021-07-31;558;409;82235;60924;21.8;16.2
971;2021-08-01;316;249;82551;61173;21.9;16.2
971;2021-08-02;758;416;83309;61589;22.1;16.3
971;2021-08-03;758;676;84067;62265;22.3;16.5
971;2021-08-04;684;675;84751;62940;22.5;16.7
971;2021-08-05;690;593;85441;63533;22.7;16.9
971;2021-08-06;929;638;86370;64171;22.9;17.0
971;2021-08-07;454;391;86824;64562;23.0;17.1
971;2021-08-08;277;313;87101;64875;23.1;17.2
971;2021-08-09;589;586;87690;65461;23.3;17.4
971;2021-08-10;755;798;88445;66259;23.5;17.6
971;2021-08-11;926;792;89371;67051;23.7;17.8
971;2021-08-12;974;792;90345;67843;24.0;18.0
971;2021-08-13;954;441;91299;68284;24.2;18.1
971;2021-08-14;631;702;91930;68986;24.4;18.3
971;2021-08-15;435;412;92365;69398;24.5;18.4
971;2021-08-16;764;740;93129;70138;24.7;18.6
971;2021-08-17;874;873;94003;71011;24.9;18.8
971;2021-08-18;1260;967;95263;71978;25.3;19.1
971;2021-08-19;1278;926;96541;72904;25.6;19.3
971;2021-08-20;1483;1043;98024;73947;26.0;19.6
971;2021-08-21;705;514;98729;74461;26.2;19.8
971;2021-08-22;361;271;99090;74732;26.3;19.8
971;2021-08-23;856;628;99946;75360;26.5;20.0
971;2021-08-24;1214;792;101160;76152;26.8;20.2
971;2021-08-25;1362;799;102522;76951;27.2;20.4
971;2021-08-26;1363;770;103885;77721;27.6;20.6
971;2021-08-27;1429;1099;105314;78820;27.9;20.9
971;2021-08-28;900;576;106214;79396;28.2;21.1
971;2021-08-29;213;238;106427;79634;28.2;21.1
971;2021-08-30;906;748;107333;80382;28.5;21.3
971;2021-08-31;1205;897;108538;81279;28.8;21.6
971;2021-09-01;1104;914;109642;82193;29.1;21.8
971;2021-09-02;1017;879;110659;83072;29.4;22.0
971;2021-09-03;929;1130;111588;84202;29.6;22.3
971;2021-09-04;523;619;112111;84821;29.7;22.5
971;2021-09-05;125;240;112236;85061;29.8;22.6
971;2021-09-06;604;704;112840;85765;29.9;22.8
971;2021-09-07;604;744;113444;86509;30.1;23.0
971;2021-09-08;677;1049;114121;87558;30.3;23.2
971;2021-09-09;574;1116;114695;88674;30.4;23.5
972;2020-12-27;0;0;0;0;0.0;0.0
972;2020-12-28;0;0;0;0;0.0;0.0
972;2020-12-29;0;0;0;0;0.0;0.0
972;2020-12-30;0;0;0;0;0.0;0.0
972;2020-12-31;0;0;0;0;0.0;0.0
972;2021-01-01;0;0;0;0;0.0;0.0
972;2021-01-02;0;0;0;0;0.0;0.0
972;2021-01-03;0;0;0;0;0.0;0.0
972;2021-01-04;0;0;0;0;0.0;0.0
972;2021-01-05;0;0;0;0;0.0;0.0
972;2021-01-06;5;0;5;0;0.0;0.0
972;2021-01-07;31;0;36;0;0.0;0.0
972;2021-01-08;90;1;126;1;0.0;0.0
972;2021-01-09;20;0;146;1;0.0;0.0
972;2021-01-10;0;0;146;1;0.0;0.0
972;2021-01-11;122;0;268;1;0.1;0.0
972;2021-01-12;79;0;347;1;0.1;0.0
972;2021-01-13;65;0;412;1;0.1;0.0
972;2021-01-14;88;1;500;2;0.1;0.0
972;2021-01-15;171;0;671;2;0.2;0.0
972;2021-01-16;51;0;722;2;0.2;0.0
972;2021-01-17;0;0;722;2;0.2;0.0
972;2021-01-18;158;0;880;2;0.2;0.0
972;2021-01-19;168;1;1048;3;0.3;0.0
972;2021-01-20;170;0;1218;3;0.3;0.0
972;2021-01-21;181;2;1399;5;0.4;0.0
972;2021-01-22;173;0;1572;5;0.4;0.0
972;2021-01-23;58;0;1630;5;0.5;0.0
972;2021-01-24;0;0;1630;5;0.5;0.0
972;2021-01-25;161;0;1791;5;0.5;0.0
972;2021-01-26;138;1;1929;6;0.5;0.0
972;2021-01-27;163;5;2092;11;0.6;0.0
972;2021-01-28;152;12;2244;23;0.6;0.0
972;2021-01-29;143;41;2387;64;0.7;0.0
972;2021-01-30;96;16;2483;80;0.7;0.0
972;2021-01-31;0;0;2483;80;0.7;0.0
972;2021-02-01;119;58;2602;138;0.7;0.0
972;2021-02-02;184;88;2786;226;0.8;0.1
972;2021-02-03;132;66;2918;292;0.8;0.1
972;2021-02-04;160;66;3078;358;0.9;0.1
972;2021-02-05;123;76;3201;434;0.9;0.1
972;2021-02-06;62;19;3263;453;0.9;0.1
972;2021-02-07;1;0;3264;453;0.9;0.1
972;2021-02-08;137;61;3401;514;0.9;0.1
972;2021-02-09;177;63;3578;577;1.0;0.2
972;2021-02-10;153;78;3731;655;1.0;0.2
972;2021-02-11;150;85;3881;740;1.1;0.2
972;2021-02-12;152;108;4033;848;1.1;0.2
972;2021-02-13;47;29;4080;877;1.1;0.2
972;2021-02-14;0;0;4080;877;1.1;0.2
972;2021-02-15;51;66;4131;943;1.2;0.3
972;2021-02-16;0;0;4131;943;1.2;0.3
972;2021-02-17;1;3;4132;946;1.2;0.3
972;2021-02-18;69;102;4201;1048;1.2;0.3
972;2021-02-19;69;118;4270;1166;1.2;0.3
972;2021-02-20;48;51;4318;1217;1.2;0.3
972;2021-02-21;0;0;4318;1217;1.2;0.3
972;2021-02-22;102;54;4420;1271;1.2;0.4
972;2021-02-23;113;222;4533;1493;1.3;0.4
972;2021-02-24;106;209;4639;1702;1.3;0.5
972;2021-02-25;93;144;4732;1846;1.3;0.5
972;2021-02-26;132;157;4864;2003;1.4;0.6
972;2021-02-27;69;48;4933;2051;1.4;0.6
972;2021-02-28;0;0;4933;2051;1.4;0.6
972;2021-03-01;137;137;5070;2188;1.4;0.6
972;2021-03-02;158;72;5228;2260;1.5;0.6
972;2021-03-03;179;134;5407;2394;1.5;0.7
972;2021-03-04;152;129;5559;2523;1.5;0.7
972;2021-03-05;237;115;5796;2638;1.6;0.7
972;2021-03-06;119;55;5915;2693;1.6;0.8
972;2021-03-07;100;3;6015;2696;1.7;0.8
972;2021-03-08;196;128;6211;2824;1.7;0.8
972;2021-03-09;283;96;6494;2920;1.8;0.8
972;2021-03-10;322;130;6816;3050;1.9;0.9
972;2021-03-11;336;76;7152;3126;2.0;0.9
972;2021-03-12;413;53;7565;3179;2.1;0.9
972;2021-03-13;155;21;7720;3200;2.2;0.9
972;2021-03-14;4;1;7724;3201;2.2;0.9
972;2021-03-15;277;89;8001;3290;2.2;0.9
972;2021-03-16;305;56;8306;3346;2.3;0.9
972;2021-03-17;388;44;8694;3390;2.4;0.9
972;2021-03-18;435;44;9129;3434;2.5;1.0
972;2021-03-19;401;61;9530;3495;2.7;1.0
972;2021-03-20;149;47;9679;3542;2.7;1.0
972;2021-03-21;25;1;9704;3543;2.7;1.0
972;2021-03-22;362;116;10066;3659;2.8;1.0
972;2021-03-23;403;122;10469;3781;2.9;1.1
972;2021-03-24;429;106;10898;3887;3.0;1.1
972;2021-03-25;491;97;11389;3984;3.2;1.1
972;2021-03-26;634;103;12023;4087;3.4;1.1
972;2021-03-27;154;69;12177;4156;3.4;1.2
972;2021-03-28;81;0;12258;4156;3.4;1.2
972;2021-03-29;423;164;12681;4320;3.5;1.2
972;2021-03-30;469;242;13150;4562;3.7;1.3
972;2021-03-31;1150;190;14300;4752;4.0;1.3
972;2021-04-01;955;169;15255;4921;4.3;1.4
972;2021-04-02;896;14;16151;4935;4.5;1.4
972;2021-04-03;789;56;16940;4991;4.7;1.4
972;2021-04-04;751;13;17691;5004;4.9;1.4
972;2021-04-05;829;44;18520;5048;5.2;1.4
972;2021-04-06;885;136;19405;5184;5.4;1.4
972;2021-04-07;1436;325;20841;5509;5.8;1.5
972;2021-04-08;1308;272;22149;5781;6.2;1.6
972;2021-04-09;1240;316;23389;6097;6.5;1.7
972;2021-04-10;838;164;24227;6261;6.8;1.7
972;2021-04-11;621;14;24848;6275;6.9;1.7
972;2021-04-12;868;317;25716;6592;7.2;1.8
972;2021-04-13;881;328;26597;6920;7.4;1.9
972;2021-04-14;960;321;27557;7241;7.7;2.0
972;2021-04-15;959;299;28516;7540;7.9;2.1
972;2021-04-16;996;299;29512;7839;8.2;2.2
972;2021-04-17;529;161;30041;8000;8.4;2.2
972;2021-04-18;339;56;30380;8056;8.5;2.2
972;2021-04-19;668;342;31048;8398;8.7;2.3
972;2021-04-20;868;308;31916;8706;8.9;2.4
972;2021-04-21;1002;353;32918;9059;9.2;2.5
972;2021-04-22;605;310;33523;9369;9.3;2.6
972;2021-04-23;614;465;34137;9834;9.5;2.7
972;2021-04-24;363;197;34500;10031;9.6;2.8
972;2021-04-25;168;199;34668;10230;9.7;2.9
972;2021-04-26;516;540;35184;10770;9.8;3.0
972;2021-04-27;568;607;35752;11377;10.0;3.2
972;2021-04-28;448;690;36200;12067;10.1;3.4
972;2021-04-29;653;642;36853;12709;10.3;3.5
972;2021-04-30;771;684;37624;13393;10.5;3.7
972;2021-05-01;244;246;37868;13639;10.6;3.8
972;2021-05-02;227;513;38095;14152;10.6;3.9
972;2021-05-03;569;770;38664;14922;10.8;4.2
972;2021-05-04;525;678;39189;15600;10.9;4.3
972;2021-05-05;548;896;39737;16496;11.1;4.6
972;2021-05-06;546;785;40283;17281;11.2;4.8
972;2021-05-07;629;1014;40912;18295;11.4;5.1
972;2021-05-08;226;526;41138;18821;11.5;5.2
972;2021-05-09;172;506;41310;19327;11.5;5.4
972;2021-05-10;519;856;41829;20183;11.7;5.6
972;2021-05-11;476;870;42305;21053;11.8;5.9
972;2021-05-12;560;909;42865;21962;11.9;6.1
972;2021-05-13;274;533;43139;22495;12.0;6.3
972;2021-05-14;388;750;43527;23245;12.1;6.5
972;2021-05-15;234;578;43761;23823;12.2;6.6
972;2021-05-16;155;442;43916;24265;12.2;6.8
972;2021-05-17;474;753;44390;25018;12.4;7.0
972;2021-05-18;446;679;44836;25697;12.5;7.2
972;2021-05-19;453;744;45289;26441;12.6;7.4
972;2021-05-20;595;500;45884;26941;12.8;7.5
972;2021-05-21;545;700;46429;27641;12.9;7.7
972;2021-05-22;186;362;46615;28003;13.0;7.8
972;2021-05-23;111;182;46726;28185;13.0;7.9
972;2021-05-24;136;241;46862;28426;13.1;7.9
972;2021-05-25;351;697;47213;29123;13.2;8.1
972;2021-05-26;382;713;47595;29836;13.3;8.3
972;2021-05-27;271;647;47866;30483;13.3;8.5
972;2021-05-28;279;815;48145;31298;13.4;8.7
972;2021-05-29;154;513;48299;31811;13.5;8.9
972;2021-05-30;17;33;48316;31844;13.5;8.9
972;2021-05-31;347;678;48663;32522;13.6;9.1
972;2021-06-01;300;546;48963;33068;13.6;9.2
972;2021-06-02;325;575;49288;33643;13.7;9.4
972;2021-06-03;247;425;49535;34068;13.8;9.5
972;2021-06-04;350;643;49885;34711;13.9;9.7
972;2021-06-05;260;373;50145;35084;14.0;9.8
972;2021-06-06;25;32;50170;35116;14.0;9.8
972;2021-06-07;260;736;50430;35852;14.1;10.0
972;2021-06-08;256;587;50686;36439;14.1;10.2
972;2021-06-09;303;697;50989;37136;14.2;10.4
972;2021-06-10;308;451;51297;37587;14.3;10.5
972;2021-06-11;361;534;51658;38121;14.4;10.6
972;2021-06-12;246;321;51904;38442;14.5;10.7
972;2021-06-13;32;29;51936;38471;14.5;10.7
972;2021-06-14;367;549;52303;39020;14.6;10.9
972;2021-06-15;410;487;52713;39507;14.7;11.0
972;2021-06-16;436;436;53149;39943;14.8;11.1
972;2021-06-17;355;575;53504;40518;14.9;11.3
972;2021-06-18;458;538;53962;41056;15.0;11.4
972;2021-06-19;225;196;54187;41252;15.1;11.5
972;2021-06-20;25;17;54212;41269;15.1;11.5
972;2021-06-21;332;579;54544;41848;15.2;11.7
972;2021-06-22;297;462;54841;42310;15.3;11.8
972;2021-06-23;425;562;55266;42872;15.4;12.0
972;2021-06-24;328;437;55594;43309;15.5;12.1
972;2021-06-25;313;387;55907;43696;15.6;12.2
972;2021-06-26;222;201;56129;43897;15.6;12.2
972;2021-06-27;16;23;56145;43920;15.7;12.2
972;2021-06-28;337;421;56482;44341;15.7;12.4
972;2021-06-29;329;431;56811;44772;15.8;12.5
972;2021-06-30;441;421;57252;45193;16.0;12.6
972;2021-07-01;350;393;57602;45586;16.1;12.7
972;2021-07-02;124;200;57726;45786;16.1;12.8
972;2021-07-03;100;118;57826;45904;16.1;12.8
972;2021-07-04;24;36;57850;45940;16.1;12.8
972;2021-07-05;494;580;58344;46520;16.3;13.0
972;2021-07-06;488;428;58832;46948;16.4;13.1
972;2021-07-07;612;492;59444;47440;16.6;13.2
972;2021-07-08;494;422;59938;47862;16.7;13.3
972;2021-07-09;628;582;60566;48444;16.9;13.5
972;2021-07-10;405;309;60971;48753;17.0;13.6
972;2021-07-11;52;38;61023;48791;17.0;13.6
972;2021-07-12;847;696;61870;49487;17.2;13.8
972;2021-07-13;1473;705;63343;50192;17.7;14.0
972;2021-07-14;133;65;63476;50257;17.7;14.0
972;2021-07-15;1604;678;65080;50935;18.1;14.2
972;2021-07-16;1639;662;66719;51597;18.6;14.4
972;2021-07-17;1096;365;67815;51962;18.9;14.5
972;2021-07-18;56;39;67871;52001;18.9;14.5
972;2021-07-19;1146;653;69017;52654;19.2;14.7
972;2021-07-20;1131;577;70148;53231;19.6;14.8
972;2021-07-21;1093;597;71241;53828;19.9;15.0
972;2021-07-22;905;522;72146;54350;20.1;15.1
972;2021-07-23;967;484;73113;54834;20.4;15.3
972;2021-07-24;505;223;73618;55057;20.5;15.3
972;2021-07-25;51;63;73669;55120;20.5;15.4
972;2021-07-26;685;522;74354;55642;20.7;15.5
972;2021-07-27;1028;515;75382;56157;21.0;15.7
972;2021-07-28;645;561;76027;56718;21.2;15.8
972;2021-07-29;840;548;76867;57266;21.4;16.0
972;2021-07-30;902;615;77769;57881;21.7;16.1
972;2021-07-31;559;275;78328;58156;21.8;16.2
972;2021-08-01;83;33;78411;58189;21.9;16.2
972;2021-08-02;812;814;79223;59003;22.1;16.4
972;2021-08-03;731;740;79954;59743;22.3;16.7
972;2021-08-04;785;569;80739;60312;22.5;16.8
972;2021-08-05;915;589;81654;60901;22.8;17.0
972;2021-08-06;1196;892;82850;61793;23.1;17.2
972;2021-08-07;669;570;83519;62363;23.3;17.4
972;2021-08-08;85;83;83604;62446;23.3;17.4
972;2021-08-09;1128;1063;84732;63509;23.6;17.7
972;2021-08-10;1197;1039;85929;64548;24.0;18.0
972;2021-08-11;1232;918;87161;65466;24.3;18.2
972;2021-08-12;1451;931;88612;66397;24.7;18.5
972;2021-08-13;1306;643;89918;67040;25.1;18.7
972;2021-08-14;826;318;90744;67358;25.3;18.8
972;2021-08-15;70;55;90814;67413;25.3;18.8
972;2021-08-16;1277;1044;92091;68457;25.7;19.1
972;2021-08-17;1174;1187;93265;69644;26.0;19.4
972;2021-08-18;1233;1175;94498;70819;26.3;19.7
972;2021-08-19;1280;890;95778;71709;26.7;20.0
972;2021-08-20;1324;894;97102;72603;27.1;20.2
972;2021-08-21;756;623;97858;73226;27.3;20.4
972;2021-08-22;47;82;97905;73308;27.3;20.4
972;2021-08-23;1174;856;99079;74164;27.6;20.7
972;2021-08-24;1364;878;100443;75042;28.0;20.9
972;2021-08-25;1067;767;101510;75809;28.3;21.1
972;2021-08-26;1276;799;102786;76608;28.7;21.4
972;2021-08-27;1277;1077;104063;77685;29.0;21.7
972;2021-08-28;768;749;104831;78434;29.2;21.9
972;2021-08-29;98;63;104929;78497;29.2;21.9
972;2021-08-30;1136;1122;106065;79619;29.6;22.2
972;2021-08-31;899;1103;106964;80722;29.8;22.5
972;2021-09-01;793;1126;107757;81848;30.0;22.8
972;2021-09-02;871;1209;108628;83057;30.3;23.2
972;2021-09-03;752;1304;109380;84361;30.5;23.5
972;2021-09-04;612;907;109992;85268;30.7;23.8
972;2021-09-05;144;133;110136;85401;30.7;23.8
972;2021-09-06;591;1059;110727;86460;30.9;24.1
972;2021-09-07;627;970;111354;87430;31.0;24.4
972;2021-09-08;574;1146;111928;88576;31.2;24.7
972;2021-09-09;462;1094;112390;89670;31.3;25.0
973;2020-12-27;0;0;0;0;0.0;0.0
973;2020-12-28;0;0;0;0;0.0;0.0
973;2020-12-29;0;0;0;0;0.0;0.0
973;2020-12-30;0;0;0;0;0.0;0.0
973;2020-12-31;0;0;0;0;0.0;0.0
973;2021-01-01;0;0;0;0;0.0;0.0
973;2021-01-02;1;1;1;1;0.0;0.0
973;2021-01-03;0;0;1;1;0.0;0.0
973;2021-01-04;0;0;1;1;0.0;0.0
973;2021-01-05;0;0;1;1;0.0;0.0
973;2021-01-06;0;0;1;1;0.0;0.0
973;2021-01-07;0;0;1;1;0.0;0.0
973;2021-01-08;0;0;1;1;0.0;0.0
973;2021-01-09;0;0;1;1;0.0;0.0
973;2021-01-10;0;0;1;1;0.0;0.0
973;2021-01-11;0;0;1;1;0.0;0.0
973;2021-01-12;0;0;1;1;0.0;0.0
973;2021-01-13;30;0;31;1;0.0;0.0
973;2021-01-14;46;0;77;1;0.0;0.0
973;2021-01-15;35;0;112;1;0.0;0.0
973;2021-01-16;18;1;130;2;0.0;0.0
973;2021-01-17;0;0;130;2;0.0;0.0
973;2021-01-18;63;0;193;2;0.1;0.0
973;2021-01-19;150;1;343;3;0.1;0.0
973;2021-01-20;134;0;477;3;0.2;0.0
973;2021-01-21;118;0;595;3;0.2;0.0
973;2021-01-22;76;0;671;3;0.2;0.0
973;2021-01-23;0;0;671;3;0.2;0.0
973;2021-01-24;0;0;671;3;0.2;0.0
973;2021-01-25;56;0;727;3;0.3;0.0
973;2021-01-26;100;2;827;5;0.3;0.0
973;2021-01-27;109;1;936;6;0.3;0.0
973;2021-01-28;96;3;1032;9;0.4;0.0
973;2021-01-29;104;3;1136;12;0.4;0.0
973;2021-01-30;0;0;1136;12;0.4;0.0
973;2021-01-31;0;0;1136;12;0.4;0.0
973;2021-02-01;54;0;1190;12;0.4;0.0
973;2021-02-02;122;5;1312;17;0.5;0.0
973;2021-02-03;119;7;1431;24;0.5;0.0
973;2021-02-04;79;25;1510;49;0.5;0.0
973;2021-02-05;66;8;1576;57;0.5;0.0
973;2021-02-06;0;0;1576;57;0.5;0.0
973;2021-02-07;0;0;1576;57;0.5;0.0
973;2021-02-08;52;12;1628;69;0.6;0.0
973;2021-02-09;92;38;1720;107;0.6;0.0
973;2021-02-10;101;38;1821;145;0.6;0.0
973;2021-02-11;105;90;1926;235;0.7;0.1
973;2021-02-12;89;60;2015;295;0.7;0.1
973;2021-02-13;0;0;2015;295;0.7;0.1
973;2021-02-14;0;0;2015;295;0.7;0.1
973;2021-02-15;27;58;2042;353;0.7;0.1
973;2021-02-16;123;46;2165;399;0.7;0.1
973;2021-02-17;145;113;2310;512;0.8;0.2
973;2021-02-18;103;128;2413;640;0.8;0.2
973;2021-02-19;122;70;2535;710;0.9;0.2
973;2021-02-20;0;0;2535;710;0.9;0.2
973;2021-02-21;0;0;2535;710;0.9;0.2
973;2021-02-22;78;46;2613;756;0.9;0.3
973;2021-02-23;158;99;2771;855;1.0;0.3
973;2021-02-24;190;120;2961;975;1.0;0.3
973;2021-02-25;259;88;3220;1063;1.1;0.4
973;2021-02-26;264;63;3484;1126;1.2;0.4
973;2021-02-27;120;1;3604;1127;1.2;0.4
973;2021-02-28;0;0;3604;1127;1.2;0.4
973;2021-03-01;182;83;3786;1210;1.3;0.4
973;2021-03-02;256;103;4042;1313;1.4;0.5
973;2021-03-03;255;128;4297;1441;1.5;0.5
973;2021-03-04;281;85;4578;1526;1.6;0.5
973;2021-03-05;274;46;4852;1572;1.7;0.5
973;2021-03-06;118;2;4970;1574;1.7;0.5
973;2021-03-07;0;0;4970;1574;1.7;0.5
973;2021-03-08;188;39;5158;1613;1.8;0.6
973;2021-03-09;351;90;5509;1703;1.9;0.6
973;2021-03-10;359;105;5868;1808;2.0;0.6
973;2021-03-11;271;110;6139;1918;2.1;0.7
973;2021-03-12;288;94;6427;2012;2.2;0.7
973;2021-03-13;112;4;6539;2016;2.2;0.7
973;2021-03-14;0;0;6539;2016;2.2;0.7
973;2021-03-15;181;27;6720;2043;2.3;0.7
973;2021-03-16;243;139;6963;2182;2.4;0.8
973;2021-03-17;274;128;7237;2310;2.5;0.8
973;2021-03-18;249;154;7486;2464;2.6;0.8
973;2021-03-19;283;128;7769;2592;2.7;0.9
973;2021-03-20;259;18;8028;2610;2.8;0.9
973;2021-03-21;120;2;8148;2612;2.8;0.9
973;2021-03-22;219;109;8367;2721;2.9;0.9
973;2021-03-23;275;194;8642;2915;3.0;1.0
973;2021-03-24;235;215;8877;3130;3.1;1.1
973;2021-03-25;168;180;9045;3310;3.1;1.1
973;2021-03-26;190;303;9235;3613;3.2;1.2
973;2021-03-27;58;94;9293;3707;3.2;1.3
973;2021-03-28;0;0;9293;3707;3.2;1.3
973;2021-03-29;175;248;9468;3955;3.3;1.4
973;2021-03-30;446;237;9914;4192;3.4;1.4
973;2021-03-31;319;293;10233;4485;3.5;1.5
973;2021-04-01;446;260;10679;4745;3.7;1.6
973;2021-04-02;310;278;10989;5023;3.8;1.7
973;2021-04-03;159;121;11148;5144;3.8;1.8
973;2021-04-04;1;0;11149;5144;3.8;1.8
973;2021-04-05;118;14;11267;5158;3.9;1.8
973;2021-04-06;440;334;11707;5492;4.0;1.9
973;2021-04-07;503;344;12210;5836;4.2;2.0
973;2021-04-08;514;269;12724;6105;4.4;2.1
973;2021-04-09;498;226;13222;6331;4.5;2.2
973;2021-04-10;147;91;13369;6422;4.6;2.2
973;2021-04-11;2;0;13371;6422;4.6;2.2
973;2021-04-12;551;267;13922;6689;4.8;2.3
973;2021-04-13;673;244;14595;6933;5.0;2.4
973;2021-04-14;721;314;15316;7247;5.3;2.5
973;2021-04-15;777;248;16093;7495;5.5;2.6
973;2021-04-16;760;302;16853;7797;5.8;2.7
973;2021-04-17;499;137;17352;7934;6.0;2.7
973;2021-04-18;499;46;17851;7980;6.1;2.7
973;2021-04-19;715;252;18566;8232;6.4;2.8
973;2021-04-20;607;280;19173;8512;6.6;2.9
973;2021-04-21;873;250;20046;8762;6.9;3.0
973;2021-04-22;727;231;20773;8993;7.1;3.1
973;2021-04-23;705;232;21478;9225;7.4;3.2
973;2021-04-24;524;97;22002;9322;7.6;3.2
973;2021-04-25;611;50;22613;9372;7.8;3.2
973;2021-04-26;779;233;23392;9605;8.0;3.3
973;2021-04-27;819;343;24211;9948;8.3;3.4
973;2021-04-28;746;331;24957;10279;8.6;3.5
973;2021-04-29;665;285;25622;10564;8.8;3.6
973;2021-04-30;710;260;26332;10824;9.1;3.7
973;2021-05-01;211;27;26543;10851;9.1;3.7
973;2021-05-02;602;84;27145;10935;9.3;3.8
973;2021-05-03;557;391;27702;11326;9.5;3.9
973;2021-05-04;665;326;28367;11652;9.8;4.0
973;2021-05-05;701;454;29068;12106;10.0;4.2
973;2021-05-06;694;477;29762;12583;10.2;4.3
973;2021-05-07;595;473;30357;13056;10.4;4.5
973;2021-05-08;344;59;30701;13115;10.6;4.5
973;2021-05-09;263;72;30964;13187;10.7;4.5
973;2021-05-10;440;611;31404;13798;10.8;4.7
973;2021-05-11;398;497;31802;14295;10.9;4.9
973;2021-05-12;513;647;32315;14942;11.1;5.1
973;2021-05-13;334;99;32649;15041;11.2;5.2
973;2021-05-14;486;555;33135;15596;11.4;5.4
973;2021-05-15;258;348;33393;15944;11.5;5.5
973;2021-05-16;207;210;33600;16154;11.6;5.6
973;2021-05-17;447;599;34047;16753;11.7;5.8
973;2021-05-18;564;568;34611;17321;11.9;6.0
973;2021-05-19;534;553;35145;17874;12.1;6.1
973;2021-05-20;644;452;35789;18326;12.3;6.3
973;2021-05-21;503;608;36292;18934;12.5;6.5
973;2021-05-22;167;500;36459;19434;12.5;6.7
973;2021-05-23;271;475;36730;19909;12.6;6.8
973;2021-05-24;562;248;37292;20157;12.8;6.9
973;2021-05-25;500;745;37792;20902;13.0;7.2
973;2021-05-26;452;683;38244;21585;13.2;7.4
973;2021-05-27;709;527;38953;22112;13.4;7.6
973;2021-05-28;580;554;39533;22666;13.6;7.8
973;2021-05-29;258;360;39791;23026;13.7;7.9
973;2021-05-30;151;399;39942;23425;13.7;8.1
973;2021-05-31;356;574;40298;23999;13.9;8.3
973;2021-06-01;422;468;40720;24467;14.0;8.4
973;2021-06-02;564;555;41284;25022;14.2;8.6
973;2021-06-03;526;470;41810;25492;14.4;8.8
973;2021-06-04;604;495;42414;25987;14.6;8.9
973;2021-06-05;273;292;42687;26279;14.7;9.0
973;2021-06-06;211;301;42898;26580;14.8;9.1
973;2021-06-07;489;452;43387;27032;14.9;9.3
973;2021-06-08;547;315;43934;27347;15.1;9.4
973;2021-06-09;530;390;44464;27737;15.3;9.5
973;2021-06-10;358;291;44822;28028;15.4;9.6
973;2021-06-11;438;467;45260;28495;15.6;9.8
973;2021-06-12;170;283;45430;28778;15.6;9.9
973;2021-06-13;214;268;45644;29046;15.7;10.0
973;2021-06-14;385;549;46029;29595;15.8;10.2
973;2021-06-15;376;445;46405;30040;16.0;10.3
973;2021-06-16;488;459;46893;30499;16.1;10.5
973;2021-06-17;437;579;47330;31078;16.3;10.7
973;2021-06-18;396;563;47726;31641;16.4;10.9
973;2021-06-19;235;260;47961;31901;16.5;11.0
973;2021-06-20;127;270;48088;32171;16.5;11.1
973;2021-06-21;335;603;48423;32774;16.7;11.3
973;2021-06-22;376;462;48799;33236;16.8;11.4
973;2021-06-23;344;539;49143;33775;16.9;11.6
973;2021-06-24;443;500;49586;34275;17.1;11.8
973;2021-06-25;445;557;50031;34832;17.2;12.0
973;2021-06-26;172;320;50203;35152;17.3;12.1
973;2021-06-27;121;170;50324;35322;17.3;12.2
973;2021-06-28;317;593;50641;35915;17.4;12.4
973;2021-06-29;379;507;51020;36422;17.6;12.5
973;2021-06-30;411;680;51431;37102;17.7;12.8
973;2021-07-01;432;399;51863;37501;17.8;12.9
973;2021-07-02;504;524;52367;38025;18.0;13.1
973;2021-07-03;210;274;52577;38299;18.1;13.2
973;2021-07-04;86;243;52663;38542;18.1;13.3
973;2021-07-05;362;547;53025;39089;18.2;13.4
973;2021-07-06;350;473;53375;39562;18.4;13.6
973;2021-07-07;363;415;53738;39977;18.5;13.8
973;2021-07-08;300;329;54038;40306;18.6;13.9
973;2021-07-09;389;435;54427;40741;18.7;14.0
973;2021-07-10;167;278;54594;41019;18.8;14.1
973;2021-07-11;102;163;54696;41182;18.8;14.2
973;2021-07-12;401;497;55097;41679;19.0;14.3
973;2021-07-13;671;560;55768;42239;19.2;14.5
973;2021-07-14;390;161;56158;42400;19.3;14.6
973;2021-07-15;648;528;56806;42928;19.5;14.8
973;2021-07-16;593;486;57399;43414;19.7;14.9
973;2021-07-17;346;285;57745;43699;19.9;15.0
973;2021-07-18;252;124;57997;43823;20.0;15.1
973;2021-07-19;518;457;58515;44280;20.1;15.2
973;2021-07-20;558;494;59073;44774;20.3;15.4
973;2021-07-21;696;398;59769;45172;20.6;15.5
973;2021-07-22;654;454;60423;45626;20.8;15.7
973;2021-07-23;603;369;61026;45995;21.0;15.8
973;2021-07-24;327;241;61353;46236;21.1;15.9
973;2021-07-25;165;111;61518;46347;21.2;15.9
973;2021-07-26;442;346;61960;46693;21.3;16.1
973;2021-07-27;542;359;62502;47052;21.5;16.2
973;2021-07-28;448;371;62950;47423;21.7;16.3
973;2021-07-29;536;431;63486;47854;21.8;16.5
973;2021-07-30;539;407;64025;48261;22.0;16.6
973;2021-07-31;204;163;64229;48424;22.1;16.7
973;2021-08-01;139;132;64368;48556;22.1;16.7
973;2021-08-02;397;431;64765;48987;22.3;16.9
973;2021-08-03;432;402;65197;49389;22.4;17.0
973;2021-08-04;308;372;65505;49761;22.5;17.1
973;2021-08-05;344;362;65849;50123;22.7;17.2
973;2021-08-06;365;527;66214;50650;22.8;17.4
973;2021-08-07;164;267;66378;50917;22.8;17.5
973;2021-08-08;118;177;66496;51094;22.9;17.6
973;2021-08-09;331;472;66827;51566;23.0;17.7
973;2021-08-10;361;515;67188;52081;23.1;17.9
973;2021-08-11;585;517;67773;52598;23.3;18.1
973;2021-08-12;547;580;68320;53178;23.5;18.3
973;2021-08-13;357;234;68677;53412;23.6;18.4
973;2021-08-14;255;402;68932;53814;23.7;18.5
973;2021-08-15;121;139;69053;53953;23.8;18.6
973;2021-08-16;306;472;69359;54425;23.9;18.7
973;2021-08-17;359;398;69718;54823;24.0;18.9
973;2021-08-18;298;440;70016;55263;24.1;19.0
973;2021-08-19;321;481;70337;55744;24.2;19.2
973;2021-08-20;307;400;70644;56144;24.3;19.3
973;2021-08-21;159;256;70803;56400;24.4;19.4
973;2021-08-22;114;183;70917;56583;24.4;19.5
973;2021-08-23;279;380;71196;56963;24.5;19.6
973;2021-08-24;307;465;71503;57428;24.6;19.8
973;2021-08-25;274;343;71777;57771;24.7;19.9
973;2021-08-26;309;404;72086;58175;24.8;20.0
973;2021-08-27;348;426;72434;58601;24.9;20.2
973;2021-08-28;141;267;72575;58868;25.0;20.3
973;2021-08-29;83;184;72658;59052;25.0;20.3
973;2021-08-30;218;349;72876;59401;25.1;20.4
973;2021-08-31;296;372;73172;59773;25.2;20.6
973;2021-09-01;252;398;73424;60171;25.3;20.7
973;2021-09-02;296;411;73720;60582;25.4;20.8
973;2021-09-03;274;353;73994;60935;25.5;21.0
973;2021-09-04;147;200;74141;61135;25.5;21.0
973;2021-09-05;70;93;74211;61228;25.5;21.1
973;2021-09-06;159;239;74370;61467;25.6;21.1
973;2021-09-07;188;262;74558;61729;25.6;21.2
973;2021-09-08;216;420;74774;62149;25.7;21.4
973;2021-09-09;210;310;74984;62459;25.8;21.5
974;2020-12-27;0;0;0;0;0.0;0.0
974;2020-12-28;0;0;0;0;0.0;0.0
974;2020-12-29;0;0;0;0;0.0;0.0
974;2020-12-30;0;0;0;0;0.0;0.0
974;2020-12-31;0;0;0;0;0.0;0.0
974;2021-01-01;1;0;1;0;0.0;0.0
974;2021-01-02;0;0;1;0;0.0;0.0
974;2021-01-03;0;0;1;0;0.0;0.0
974;2021-01-04;0;0;1;0;0.0;0.0
974;2021-01-05;2;0;3;0;0.0;0.0
974;2021-01-06;0;0;3;0;0.0;0.0
974;2021-01-07;0;0;3;0;0.0;0.0
974;2021-01-08;0;0;3;0;0.0;0.0
974;2021-01-09;1;0;4;0;0.0;0.0
974;2021-01-10;0;0;4;0;0.0;0.0
974;2021-01-11;0;0;4;0;0.0;0.0
974;2021-01-12;0;0;4;0;0.0;0.0
974;2021-01-13;0;0;4;0;0.0;0.0
974;2021-01-14;0;0;4;0;0.0;0.0
974;2021-01-15;333;0;337;0;0.0;0.0
974;2021-01-16;27;0;364;0;0.0;0.0
974;2021-01-17;0;0;364;0;0.0;0.0
974;2021-01-18;49;1;413;1;0.0;0.0
974;2021-01-19;394;0;807;1;0.1;0.0
974;2021-01-20;482;1;1289;2;0.1;0.0
974;2021-01-21;614;2;1903;4;0.2;0.0
974;2021-01-22;414;1;2317;5;0.3;0.0
974;2021-01-23;75;0;2392;5;0.3;0.0
974;2021-01-24;0;0;2392;5;0.3;0.0
974;2021-01-25;273;2;2665;7;0.3;0.0
974;2021-01-26;429;0;3094;7;0.4;0.0
974;2021-01-27;316;0;3410;7;0.4;0.0
974;2021-01-28;409;0;3819;7;0.4;0.0
974;2021-01-29;422;3;4241;10;0.5;0.0
974;2021-01-30;421;1;4662;11;0.5;0.0
974;2021-01-31;0;0;4662;11;0.5;0.0
974;2021-02-01;373;4;5035;15;0.6;0.0
974;2021-02-02;501;3;5536;18;0.6;0.0
974;2021-02-03;602;10;6138;28;0.7;0.0
974;2021-02-04;629;17;6767;45;0.8;0.0
974;2021-02-05;564;97;7331;142;0.9;0.0
974;2021-02-06;501;6;7832;148;0.9;0.0
974;2021-02-07;0;8;7832;156;0.9;0.0
974;2021-02-08;470;33;8302;189;1.0;0.0
974;2021-02-09;787;93;9089;282;1.1;0.0
974;2021-02-10;820;87;9909;369;1.2;0.0
974;2021-02-11;796;86;10705;455;1.2;0.1
974;2021-02-12;638;92;11343;547;1.3;0.1
974;2021-02-13;654;75;11997;622;1.4;0.1
974;2021-02-14;1;0;11998;622;1.4;0.1
974;2021-02-15;526;124;12524;746;1.5;0.1
974;2021-02-16;651;527;13175;1273;1.5;0.1
974;2021-02-17;593;318;13768;1591;1.6;0.2
974;2021-02-18;495;387;14263;1978;1.7;0.2
974;2021-02-19;497;305;14760;2283;1.7;0.3
974;2021-02-20;577;111;15337;2394;1.8;0.3
974;2021-02-21;0;0;15337;2394;1.8;0.3
974;2021-02-22;403;221;15740;2615;1.8;0.3
974;2021-02-23;608;211;16348;2826;1.9;0.3
974;2021-02-24;584;228;16932;3054;2.0;0.4
974;2021-02-25;649;255;17581;3309;2.0;0.4
974;2021-02-26;485;426;18066;3735;2.1;0.4
974;2021-02-27;384;414;18450;4149;2.1;0.5
974;2021-02-28;0;0;18450;4149;2.1;0.5
974;2021-03-01;293;347;18743;4496;2.2;0.5
974;2021-03-02;486;457;19229;4953;2.2;0.6
974;2021-03-03;757;508;19986;5461;2.3;0.6
974;2021-03-04;777;473;20763;5934;2.4;0.7
974;2021-03-05;729;492;21492;6426;2.5;0.7
974;2021-03-06;813;510;22305;6936;2.6;0.8
974;2021-03-07;0;0;22305;6936;2.6;0.8
974;2021-03-08;436;523;22741;7459;2.6;0.9
974;2021-03-09;671;756;23412;8215;2.7;1.0
974;2021-03-10;644;819;24056;9034;2.8;1.1
974;2021-03-11;701;621;24757;9655;2.9;1.1
974;2021-03-12;731;647;25488;10302;3.0;1.2
974;2021-03-13;669;593;26157;10895;3.0;1.3
974;2021-03-14;2;0;26159;10895;3.0;1.3
974;2021-03-15;509;490;26668;11385;3.1;1.3
974;2021-03-16;681;682;27349;12067;3.2;1.4
974;2021-03-17;848;519;28197;12586;3.3;1.5
974;2021-03-18;1021;496;29218;13082;3.4;1.5
974;2021-03-19;786;526;30004;13608;3.5;1.6
974;2021-03-20;578;588;30582;14196;3.6;1.7
974;2021-03-21;0;0;30582;14196;3.6;1.7
974;2021-03-22;566;463;31148;14659;3.6;1.7
974;2021-03-23;780;635;31928;15294;3.7;1.8
974;2021-03-24;792;643;32720;15937;3.8;1.9
974;2021-03-25;934;531;33654;16468;3.9;1.9
974;2021-03-26;923;449;34577;16917;4.0;2.0
974;2021-03-27;781;334;35358;17251;4.1;2.0
974;2021-03-28;1;0;35359;17251;4.1;2.0
974;2021-03-29;962;270;36321;17521;4.2;2.0
974;2021-03-30;884;494;37205;18015;4.3;2.1
974;2021-03-31;739;654;37944;18669;4.4;2.2
974;2021-04-01;718;705;38662;19374;4.5;2.3
974;2021-04-02;688;755;39350;20129;4.6;2.3
974;2021-04-03;699;697;40049;20826;4.7;2.4
974;2021-04-04;0;0;40049;20826;4.7;2.4
974;2021-04-05;0;0;40049;20826;4.7;2.4
974;2021-04-06;796;635;40845;21461;4.7;2.5
974;2021-04-07;1367;780;42212;22241;4.9;2.6
974;2021-04-08;1792;769;44004;23010;5.1;2.7
974;2021-04-09;1509;774;45513;23784;5.3;2.8
974;2021-04-10;1137;646;46650;24430;5.4;2.8
974;2021-04-11;2;0;46652;24430;5.4;2.8
974;2021-04-12;1238;547;47890;24977;5.6;2.9
974;2021-04-13;1439;750;49329;25727;5.7;3.0
974;2021-04-14;2070;767;51399;26494;6.0;3.1
974;2021-04-15;2506;954;53905;27448;6.3;3.2
974;2021-04-16;1936;783;55841;28231;6.5;3.3
974;2021-04-17;1290;603;57131;28834;6.6;3.4
974;2021-04-18;0;0;57131;28834;6.6;3.4
974;2021-04-19;1374;562;58505;29396;6.8;3.4
974;2021-04-20;1651;804;60156;30200;7.0;3.5
974;2021-04-21;2126;626;62282;30826;7.2;3.6
974;2021-04-22;2953;820;65235;31646;7.6;3.7
974;2021-04-23;2312;818;67547;32464;7.9;3.8
974;2021-04-24;1111;804;68658;33268;8.0;3.9
974;2021-04-25;3;0;68661;33268;8.0;3.9
974;2021-04-26;1173;913;69834;34181;8.1;4.0
974;2021-04-27;1686;1027;71520;35208;8.3;4.1
974;2021-04-28;2901;749;74421;35957;8.7;4.2
974;2021-04-29;3949;813;78370;36770;9.1;4.3
974;2021-04-30;3451;905;81821;37675;9.5;4.4
974;2021-05-01;2107;226;83928;37901;9.8;4.4
974;2021-05-02;1;0;83929;37901;9.8;4.4
974;2021-05-03;1865;575;85794;38476;10.0;4.5
974;2021-05-04;2127;1093;87921;39569;10.2;4.6
974;2021-05-05;3121;1643;91042;41212;10.6;4.8
974;2021-05-06;4004;1587;95046;42799;11.1;5.0
974;2021-05-07;3229;1525;98275;44324;11.4;5.2
974;2021-05-08;1577;504;99852;44828;11.6;5.2
974;2021-05-09;2;1;99854;44829;11.6;5.2
974;2021-05-10;2414;1001;102268;45830;11.9;5.3
974;2021-05-11;3652;1640;105920;47470;12.3;5.5
974;2021-05-12;4723;2405;110643;49875;12.9;5.8
974;2021-05-13;3557;598;114200;50473;13.3;5.9
974;2021-05-14;5277;2517;119477;52990;13.9;6.2
974;2021-05-15;3158;1536;122635;54526;14.3;6.3
974;2021-05-16;16;18;122651;54544;14.3;6.3
974;2021-05-17;2998;1497;125649;56041;14.6;6.5
974;2021-05-18;3765;1803;129414;57844;15.0;6.7
974;2021-05-19;4692;2434;134106;60278;15.6;7.0
974;2021-05-20;5138;2853;139244;63131;16.2;7.3
974;2021-05-21;4997;2632;144241;65763;16.8;7.6
974;2021-05-22;3371;1256;147612;67019;17.2;7.8
974;2021-05-23;6;3;147618;67022;17.2;7.8
974;2021-05-24;3644;1079;151262;68101;17.6;7.9
974;2021-05-25;4248;1914;155510;70015;18.1;8.1
974;2021-05-26;4992;2992;160502;73007;18.7;8.5
974;2021-05-27;4620;4100;165122;77107;19.2;9.0
974;2021-05-28;4386;3836;169508;80943;19.7;9.4
974;2021-05-29;2555;2456;172063;83399;20.0;9.7
974;2021-05-30;8;14;172071;83413;20.0;9.7
974;2021-05-31;2349;2248;174420;85661;20.3;10.0
974;2021-06-01;3302;2760;177722;88421;20.7;10.3
974;2021-06-02;3971;3364;181693;91785;21.1;10.7
974;2021-06-03;4044;3651;185737;95436;21.6;11.1
974;2021-06-04;3850;3758;189587;99194;22.0;11.5
974;2021-06-05;2214;1931;191801;101125;22.3;11.8
974;2021-06-06;1073;134;192874;101259;22.4;11.8
974;2021-06-07;2013;2526;194887;103785;22.7;12.1
974;2021-06-08;2558;3339;197445;107124;23.0;12.5
974;2021-06-09;2985;4838;200430;111962;23.3;13.0
974;2021-06-10;3412;4465;203842;116427;23.7;13.5
974;2021-06-11;2841;4620;206683;121047;24.0;14.1
974;2021-06-12;1727;3376;208410;124423;24.2;14.5
974;2021-06-13;1324;246;209734;124669;24.4;14.5
974;2021-06-14;1490;3183;211224;127852;24.6;14.9
974;2021-06-15;2060;3616;213284;131468;24.8;15.3
974;2021-06-16;2751;4657;216035;136125;25.1;15.8
974;2021-06-17;2522;4895;218557;141020;25.4;16.4
974;2021-06-18;2598;4891;221155;145911;25.7;17.0
974;2021-06-19;1303;3517;222458;149428;25.9;17.4
974;2021-06-20;632;289;223090;149717;25.9;17.4
974;2021-06-21;1265;3235;224355;152952;26.1;17.8
974;2021-06-22;1621;3762;225976;156714;26.3;18.2
974;2021-06-23;2258;4995;228234;161709;26.5;18.8
974;2021-06-24;2282;4069;230516;165778;26.8;19.3
974;2021-06-25;2188;4106;232704;169884;27.1;19.8
974;2021-06-26;1401;2711;234105;172595;27.2;20.1
974;2021-06-27;665;268;234770;172863;27.3;20.1
974;2021-06-28;1306;2478;236076;175341;27.5;20.4
974;2021-06-29;1758;2846;237834;178187;27.7;20.7
974;2021-06-30;2564;3847;240398;182034;28.0;21.2
974;2021-07-01;2700;3827;243098;185861;28.3;21.6
974;2021-07-02;2514;3711;245612;189572;28.6;22.0
974;2021-07-03;1614;2458;247226;192030;28.7;22.3
974;2021-07-04;882;1038;248108;193068;28.9;22.5
974;2021-07-05;1696;2221;249804;195289;29.0;22.7
974;2021-07-06;2575;2545;252379;197834;29.3;23.0
974;2021-07-07;2663;3134;255042;200968;29.7;23.4
974;2021-07-08;2418;3171;257460;204139;29.9;23.7
974;2021-07-09;2763;3428;260223;207567;30.3;24.1
974;2021-07-10;1619;2192;261842;209759;30.4;24.4
974;2021-07-11;729;1017;262571;210776;30.5;24.5
974;2021-07-12;1747;2602;264318;213378;30.7;24.8
974;2021-07-13;4430;3342;268748;216720;31.3;25.2
974;2021-07-14;3298;605;272046;217325;31.6;25.3
974;2021-07-15;5557;4019;277603;221344;32.3;25.7
974;2021-07-16;6243;3298;283846;224642;33.0;26.1
974;2021-07-17;4374;1913;288220;226555;33.5;26.3
974;2021-07-18;2673;765;290893;227320;33.8;26.4
974;2021-07-19;4650;2030;295543;229350;34.4;26.7
974;2021-07-20;6234;2426;301777;231776;35.1;27.0
974;2021-07-21;6745;2852;308522;234628;35.9;27.3
974;2021-07-22;7143;2820;315665;237448;36.7;27.6
974;2021-07-23;6640;2979;322305;240427;37.5;28.0
974;2021-07-24;3802;2065;326107;242492;37.9;28.2
974;2021-07-25;2522;755;328629;243247;38.2;28.3
974;2021-07-26;4373;2094;333002;245341;38.7;28.5
974;2021-07-27;5441;2560;338443;247901;39.4;28.8
974;2021-07-28;5394;2902;343837;250803;40.0;29.2
974;2021-07-29;5746;2805;349583;253608;40.7;29.5
974;2021-07-30;5875;2579;355458;256187;41.3;29.8
974;2021-07-31;3938;1648;359396;257835;41.8;30.0
974;2021-08-01;1905;713;361301;258548;42.0;30.1
974;2021-08-02;3411;1865;364712;260413;42.4;30.3
974;2021-08-03;4304;4070;369016;264483;42.9;30.8
974;2021-08-04;4873;4229;373889;268712;43.5;31.2
974;2021-08-05;4439;4663;378328;273375;44.0;31.8
974;2021-08-06;4084;5097;382412;278472;44.5;32.4
974;2021-08-07;2748;4042;385160;282514;44.8;32.9
974;2021-08-08;1480;2264;386640;284778;45.0;33.1
974;2021-08-09;2571;4521;389211;289299;45.3;33.6
974;2021-08-10;3790;4963;393001;294262;45.7;34.2
974;2021-08-11;4624;5445;397625;299707;46.2;34.9
974;2021-08-12;4713;5915;402338;305622;46.8;35.5
974;2021-08-13;4456;5827;406794;311449;47.3;36.2
974;2021-08-14;2597;4328;409391;315777;47.6;36.7
974;2021-08-15;1572;2176;410963;317953;47.8;37.0
974;2021-08-16;2344;4176;413307;322129;48.1;37.5
974;2021-08-17;3167;4531;416474;326660;48.4;38.0
974;2021-08-18;3340;5898;419814;332558;48.8;38.7
974;2021-08-19;3297;4901;423111;337459;49.2;39.2
974;2021-08-20;3413;5270;426524;342729;49.6;39.9
974;2021-08-21;1803;4617;428327;347346;49.8;40.4
974;2021-08-22;1016;1942;429343;349288;49.9;40.6
974;2021-08-23;1791;3328;431134;352616;50.1;41.0
974;2021-08-24;2442;3775;433576;356391;50.4;41.4
974;2021-08-25;2880;5210;436456;361601;50.8;42.0
974;2021-08-26;2655;3866;439111;365467;51.1;42.5
974;2021-08-27;2761;4000;441872;369467;51.4;43.0
974;2021-08-28;1829;3871;443701;373338;51.6;43.4
974;2021-08-29;748;1573;444449;374911;51.7;43.6
974;2021-08-30;1558;2531;446007;377442;51.9;43.9
974;2021-08-31;1842;3348;447849;380790;52.1;44.3
974;2021-09-01;2383;4903;450232;385693;52.4;44.9
974;2021-09-02;2235;4315;452467;390008;52.6;45.4
974;2021-09-03;2318;4533;454785;394541;52.9;45.9
974;2021-09-04;1576;3916;456361;398457;53.1;46.3
974;2021-09-05;604;1337;456965;399794;53.1;46.5
974;2021-09-06;1211;2550;458176;402344;53.3;46.8
974;2021-09-07;1355;3199;459531;405543;53.4;47.2
974;2021-09-08;2057;3952;461588;409495;53.7;47.6
974;2021-09-09;1762;3417;463350;412912;53.9;48.0
976;2020-12-27;0;0;0;0;0.0;0.0
976;2020-12-28;0;0;0;0;0.0;0.0
976;2020-12-29;0;0;0;0;0.0;0.0
976;2020-12-30;0;0;0;0;0.0;0.0
976;2020-12-31;0;0;0;0;0.0;0.0
976;2021-01-01;0;0;0;0;0.0;0.0
976;2021-01-02;0;0;0;0;0.0;0.0
976;2021-01-03;0;0;0;0;0.0;0.0
976;2021-01-04;0;0;0;0;0.0;0.0
976;2021-01-05;0;0;0;0;0.0;0.0
976;2021-01-06;0;0;0;0;0.0;0.0
976;2021-01-07;0;0;0;0;0.0;0.0
976;2021-01-08;0;0;0;0;0.0;0.0
976;2021-01-09;0;0;0;0;0.0;0.0
976;2021-01-10;0;0;0;0;0.0;0.0
976;2021-01-11;9;0;9;0;0.0;0.0
976;2021-01-12;0;0;9;0;0.0;0.0
976;2021-01-13;0;0;9;0;0.0;0.0
976;2021-01-14;0;0;9;0;0.0;0.0
976;2021-01-15;1;0;10;0;0.0;0.0
976;2021-01-16;1;0;11;0;0.0;0.0
976;2021-01-17;0;0;11;0;0.0;0.0
976;2021-01-18;1;0;12;0;0.0;0.0
976;2021-01-19;0;0;12;0;0.0;0.0
976;2021-01-20;0;0;12;0;0.0;0.0
976;2021-01-21;1;1;13;1;0.0;0.0
976;2021-01-22;0;0;13;1;0.0;0.0
976;2021-01-23;1;0;14;1;0.0;0.0
976;2021-01-24;0;0;14;1;0.0;0.0
976;2021-01-25;143;3;157;4;0.1;0.0
976;2021-01-26;167;3;324;7;0.1;0.0
976;2021-01-27;250;3;574;10;0.2;0.0
976;2021-01-28;102;7;676;17;0.2;0.0
976;2021-01-29;231;3;907;20;0.3;0.0
976;2021-01-30;285;11;1192;31;0.4;0.0
976;2021-01-31;1;0;1193;31;0.4;0.0
976;2021-02-01;161;2;1354;33;0.5;0.0
976;2021-02-02;330;10;1684;43;0.6;0.0
976;2021-02-03;228;3;1912;46;0.7;0.0
976;2021-02-04;216;9;2128;55;0.8;0.0
976;2021-02-05;213;0;2341;55;0.8;0.0
976;2021-02-06;83;10;2424;65;0.9;0.0
976;2021-02-07;0;0;2424;65;0.9;0.0
976;2021-02-08;82;3;2506;68;0.9;0.0
976;2021-02-09;194;1;2700;69;1.0;0.0
976;2021-02-10;187;5;2887;74;1.0;0.0
976;2021-02-11;236;4;3123;78;1.1;0.0
976;2021-02-12;289;4;3412;82;1.2;0.0
976;2021-02-13;56;0;3468;82;1.2;0.0
976;2021-02-14;1;0;3469;82;1.2;0.0
976;2021-02-15;359;7;3828;89;1.4;0.0
976;2021-02-16;266;9;4094;98;1.5;0.0
976;2021-02-17;167;9;4261;107;1.5;0.0
976;2021-02-18;218;14;4479;121;1.6;0.0
976;2021-02-19;237;24;4716;145;1.7;0.1
976;2021-02-20;139;9;4855;154;1.7;0.1
976;2021-02-21;0;0;4855;154;1.7;0.1
976;2021-02-22;130;118;4985;272;1.8;0.1
976;2021-02-23;185;153;5170;425;1.8;0.2
976;2021-02-24;176;145;5346;570;1.9;0.2
976;2021-02-25;227;274;5573;844;2.0;0.3
976;2021-02-26;242;244;5815;1088;2.1;0.4
976;2021-02-27;0;0;5815;1088;2.1;0.4
976;2021-02-28;0;0;5815;1088;2.1;0.4
976;2021-03-01;146;258;5961;1346;2.1;0.5
976;2021-03-02;229;259;6190;1605;2.2;0.6
976;2021-03-03;202;189;6392;1794;2.3;0.6
976;2021-03-04;205;144;6597;1938;2.4;0.7
976;2021-03-05;224;116;6821;2054;2.4;0.7
976;2021-03-06;1;0;6822;2054;2.4;0.7
976;2021-03-07;1;0;6823;2054;2.4;0.7
976;2021-03-08;189;111;7012;2165;2.5;0.8
976;2021-03-09;391;162;7403;2327;2.6;0.8
976;2021-03-10;180;178;7583;2505;2.7;0.9
976;2021-03-11;167;207;7750;2712;2.8;1.0
976;2021-03-12;237;294;7987;3006;2.9;1.1
976;2021-03-13;3;0;7990;3006;2.9;1.1
976;2021-03-14;0;0;7990;3006;2.9;1.1
976;2021-03-15;157;295;8147;3301;2.9;1.2
976;2021-03-16;238;226;8385;3527;3.0;1.3
976;2021-03-17;264;145;8649;3672;3.1;1.3
976;2021-03-18;174;236;8823;3908;3.2;1.4
976;2021-03-19;173;297;8996;4205;3.2;1.5
976;2021-03-20;0;0;8996;4205;3.2;1.5
976;2021-03-21;0;0;8996;4205;3.2;1.5
976;2021-03-22;97;136;9093;4341;3.3;1.6
976;2021-03-23;136;239;9229;4580;3.3;1.6
976;2021-03-24;160;146;9389;4726;3.4;1.7
976;2021-03-25;185;206;9574;4932;3.4;1.8
976;2021-03-26;160;212;9734;5144;3.5;1.8
976;2021-03-27;18;0;9752;5144;3.5;1.8
976;2021-03-28;1;0;9753;5144;3.5;1.8
976;2021-03-29;0;2;9753;5146;3.5;1.8
976;2021-03-30;273;336;10026;5482;3.6;2.0
976;2021-03-31;225;125;10251;5607;3.7;2.0
976;2021-04-01;246;104;10497;5711;3.8;2.0
976;2021-04-02;289;262;10786;5973;3.9;2.1
976;2021-04-03;905;310;11691;6283;4.2;2.2
976;2021-04-04;2;0;11693;6283;4.2;2.2
976;2021-04-05;1;0;11694;6283;4.2;2.2
976;2021-04-06;162;277;11856;6560;4.2;2.3
976;2021-04-07;237;266;12093;6826;4.3;2.4
976;2021-04-08;284;139;12377;6965;4.4;2.5
976;2021-04-09;249;171;12626;7136;4.5;2.6
976;2021-04-10;181;114;12807;7250;4.6;2.6
976;2021-04-11;7;0;12814;7250;4.6;2.6
976;2021-04-12;0;19;12814;7269;4.6;2.6
976;2021-04-13;394;345;13208;7614;4.7;2.7
976;2021-04-14;239;205;13447;7819;4.8;2.8
976;2021-04-15;209;117;13656;7936;4.9;2.8
976;2021-04-16;214;127;13870;8063;5.0;2.9
976;2021-04-17;226;131;14096;8194;5.0;2.9
976;2021-04-18;1;0;14097;8194;5.0;2.9
976;2021-04-19;7;1;14104;8195;5.0;2.9
976;2021-04-20;369;222;14473;8417;5.2;3.0
976;2021-04-21;412;150;14885;8567;5.3;3.1
976;2021-04-22;410;150;15295;8717;5.5;3.1
976;2021-04-23;367;166;15662;8883;5.6;3.2
976;2021-04-24;413;128;16075;9011;5.8;3.2
976;2021-04-25;2;0;16077;9011;5.8;3.2
976;2021-04-26;55;8;16132;9019;5.8;3.2
976;2021-04-27;351;293;16483;9312;5.9;3.3
976;2021-04-28;357;513;16840;9825;6.0;3.5
976;2021-04-29;559;344;17399;10169;6.2;3.6
976;2021-04-30;408;238;17807;10407;6.4;3.7
976;2021-05-01;673;286;18480;10693;6.6;3.8
976;2021-05-02;0;0;18480;10693;6.6;3.8
976;2021-05-03;141;6;18621;10699;6.7;3.8
976;2021-05-04;353;426;18974;11125;6.8;4.0
976;2021-05-05;448;318;19422;11443;6.9;4.1
976;2021-05-06;320;202;19742;11645;7.1;4.2
976;2021-05-07;341;133;20083;11778;7.2;4.2
976;2021-05-08;307;141;20390;11919;7.3;4.3
976;2021-05-09;0;0;20390;11919;7.3;4.3
976;2021-05-10;9;9;20399;11928;7.3;4.3
976;2021-05-11;363;491;20762;12419;7.4;4.4
976;2021-05-12;334;310;21096;12729;7.5;4.6
976;2021-05-13;126;96;21222;12825;7.6;4.6
976;2021-05-14;0;0;21222;12825;7.6;4.6
976;2021-05-15;486;282;21708;13107;7.8;4.7
976;2021-05-16;1;0;21709;13107;7.8;4.7
976;2021-05-17;124;51;21833;13158;7.8;4.7
976;2021-05-18;517;430;22350;13588;8.0;4.9
976;2021-05-19;653;663;23003;14251;8.2;5.1
976;2021-05-20;1059;498;24062;14749;8.6;5.3
976;2021-05-21;1046;313;25108;15062;9.0;5.4
976;2021-05-22;1243;299;26351;15361;9.4;5.5
976;2021-05-23;0;0;26351;15361;9.4;5.5
976;2021-05-24;1;0;26352;15361;9.4;5.5
976;2021-05-25;890;623;27242;15984;9.7;5.7
976;2021-05-26;1036;842;28278;16826;10.1;6.0
976;2021-05-27;1326;514;29604;17340;10.6;6.2
976;2021-05-28;958;375;30562;17715;10.9;6.3
976;2021-05-29;1131;392;31693;18107;11.3;6.5
976;2021-05-30;1;1;31694;18108;11.3;6.5
976;2021-05-31;105;6;31799;18114;11.4;6.5
976;2021-06-01;1154;652;32953;18766;11.8;6.7
976;2021-06-02;1242;530;34195;19296;12.2;6.9
976;2021-06-03;815;354;35010;19650;12.5;7.0
976;2021-06-04;1003;324;36013;19974;12.9;7.1
976;2021-06-05;679;299;36692;20273;13.1;7.3
976;2021-06-06;1;0;36693;20273;13.1;7.3
976;2021-06-07;91;12;36784;20285;13.2;7.3
976;2021-06-08;962;444;37746;20729;13.5;7.4
976;2021-06-09;972;550;38718;21279;13.9;7.6
976;2021-06-10;703;232;39421;21511;14.1;7.7
976;2021-06-11;851;365;40272;21876;14.4;7.8
976;2021-06-12;585;276;40857;22152;14.6;7.9
976;2021-06-13;2;0;40859;22152;14.6;7.9
976;2021-06-14;187;112;41046;22264;14.7;8.0
976;2021-06-15;416;839;41462;23103;14.8;8.3
976;2021-06-16;893;1442;42355;24545;15.2;8.8
976;2021-06-17;802;660;43157;25205;15.4;9.0
976;2021-06-18;710;621;43867;25826;15.7;9.2
976;2021-06-19;538;644;44405;26470;15.9;9.5
976;2021-06-20;1;0;44406;26470;15.9;9.5
976;2021-06-21;128;132;44534;26602;15.9;9.5
976;2021-06-22;431;1150;44965;27752;16.1;9.9
976;2021-06-23;688;1187;45653;28939;16.3;10.4
976;2021-06-24;481;546;46134;29485;16.5;10.6
976;2021-06-25;547;479;46681;29964;16.7;10.7
976;2021-06-26;391;693;47072;30657;16.8;11.0
976;2021-06-27;1;0;47073;30657;16.8;11.0
976;2021-06-28;108;191;47181;30848;16.9;11.0
976;2021-06-29;743;974;47924;31822;17.1;11.4
976;2021-06-30;707;947;48631;32769;17.4;11.7
976;2021-07-01;582;547;49213;33316;17.6;11.9
976;2021-07-02;453;430;49666;33746;17.8;12.1
976;2021-07-03;445;423;50111;34169;17.9;12.2
976;2021-07-04;2;0;50113;34169;17.9;12.2
976;2021-07-05;121;224;50234;34393;18.0;12.3
976;2021-07-06;503;865;50737;35258;18.2;12.6
976;2021-07-07;771;1016;51508;36274;18.4;13.0
976;2021-07-08;826;637;52334;36911;18.7;13.2
976;2021-07-09;791;519;53125;37430;19.0;13.4
976;2021-07-10;441;320;53566;37750;19.2;13.5
976;2021-07-11;0;0;53566;37750;19.2;13.5
976;2021-07-12;165;172;53731;37922;19.2;13.6
976;2021-07-13;857;1000;54588;38922;19.5;13.9
976;2021-07-14;0;5;54588;38927;19.5;13.9
976;2021-07-15;1229;816;55817;39743;20.0;14.2
976;2021-07-16;1309;659;57126;40402;20.4;14.5
976;2021-07-17;1049;377;58175;40779;20.8;14.6
976;2021-07-18;0;0;58175;40779;20.8;14.6
976;2021-07-19;206;134;58381;40913;20.9;14.6
976;2021-07-20;1160;878;59541;41791;21.3;15.0
976;2021-07-21;35;29;59576;41820;21.3;15.0
976;2021-07-22;1127;665;60703;42485;21.7;15.2
976;2021-07-23;1210;546;61913;43031;22.2;15.4
976;2021-07-24;863;439;62776;43470;22.5;15.6
976;2021-07-25;2;0;62778;43470;22.5;15.6
976;2021-07-26;181;36;62959;43506;22.5;15.6
976;2021-07-27;1146;823;64105;44329;22.9;15.9
976;2021-07-28;1042;636;65147;44965;23.3;16.1
976;2021-07-29;1243;568;66390;45533;23.8;16.3
976;2021-07-30;1216;411;67606;45944;24.2;16.4
976;2021-07-31;768;277;68374;46221;24.5;16.5
976;2021-08-01;5;3;68379;46224;24.5;16.5
976;2021-08-02;322;176;68701;46400;24.6;16.6
976;2021-08-03;1512;938;70213;47338;25.1;16.9
976;2021-08-04;1838;809;72051;48147;25.8;17.2
976;2021-08-05;1473;503;73524;48650;26.3;17.4
976;2021-08-06;1692;507;75216;49157;26.9;17.6
976;2021-08-07;922;356;76138;49513;27.2;17.7
976;2021-08-08;7;1;76145;49514;27.2;17.7
976;2021-08-09;525;235;76670;49749;27.4;17.8
976;2021-08-10;1635;1380;78305;51129;28.0;18.3
976;2021-08-11;2033;1241;80338;52370;28.7;18.7
976;2021-08-12;1695;616;82033;52986;29.4;19.0
976;2021-08-13;1536;530;83569;53516;29.9;19.1
976;2021-08-14;833;454;84402;53970;30.2;19.3
976;2021-08-15;0;0;84402;53970;30.2;19.3
976;2021-08-16;538;290;84940;54260;30.4;19.4
976;2021-08-17;1798;1302;86738;55562;31.0;19.9
976;2021-08-18;2197;1221;88935;56783;31.8;20.3
976;2021-08-19;1945;547;90880;57330;32.5;20.5
976;2021-08-20;1728;541;92608;57871;33.1;20.7
976;2021-08-21;1028;518;93636;58389;33.5;20.9
976;2021-08-22;7;0;93643;58389;33.5;20.9
976;2021-08-23;510;270;94153;58659;33.7;21.0
976;2021-08-24;1029;1007;95182;59666;34.1;21.3
976;2021-08-25;1058;1289;96240;60955;34.4;21.8
976;2021-08-26;885;570;97125;61525;34.8;22.0
976;2021-08-27;725;561;97850;62086;35.0;22.2
976;2021-08-28;466;854;98316;62940;35.2;22.5
976;2021-08-29;0;12;98316;62952;35.2;22.5
976;2021-08-30;142;256;98458;63208;35.2;22.6
976;2021-08-31;638;1161;99096;64369;35.5;23.0
976;2021-09-01;752;1392;99848;65761;35.7;23.5
976;2021-09-02;835;900;100683;66661;36.0;23.9
976;2021-09-03;893;1288;101576;67949;36.3;24.3
976;2021-09-04;427;993;102003;68942;36.5;24.7
976;2021-09-05;0;1;102003;68943;36.5;24.7
976;2021-09-06;441;399;102444;69342;36.7;24.8
976;2021-09-07;649;698;103093;70040;36.9;25.1
976;2021-09-08;953;1255;104046;71295;37.2;25.5
976;2021-09-09;720;1006;104766;72301;37.5;25.9
977;2020-12-27;0;0;0;0;0.0;0.0
977;2020-12-28;0;0;0;0;0.0;0.0
977;2020-12-29;0;0;0;0;0.0;0.0
977;2020-12-30;0;0;0;0;0.0;0.0
977;2020-12-31;0;0;0;0;0.0;0.0
977;2021-01-01;0;0;0;0;0.0;0.0
977;2021-01-02;0;0;0;0;0.0;0.0
977;2021-01-03;0;0;0;0;0.0;0.0
977;2021-01-04;0;0;0;0;0.0;0.0
977;2021-01-05;0;0;0;0;0.0;0.0
977;2021-01-06;0;0;0;0;0.0;0.0
977;2021-01-07;0;0;0;0;0.0;0.0
977;2021-01-08;0;0;0;0;0.0;0.0
977;2021-01-09;0;0;0;0;0.0;0.0
977;2021-01-10;0;0;0;0;0.0;0.0
977;2021-01-11;0;0;0;0;0.0;0.0
977;2021-01-12;0;0;0;0;0.0;0.0
977;2021-01-13;0;0;0;0;0.0;0.0
977;2021-01-14;0;0;0;0;0.0;0.0
977;2021-01-15;0;0;0;0;0.0;0.0
977;2021-01-16;0;0;0;0;0.0;0.0
977;2021-01-17;0;0;0;0;0.0;0.0
977;2021-01-18;1;0;1;0;0.0;0.0
977;2021-01-19;0;0;1;0;0.0;0.0
977;2021-01-20;0;0;1;0;0.0;0.0
977;2021-01-21;12;0;13;0;0.1;0.0
977;2021-01-22;12;0;25;0;0.3;0.0
977;2021-01-23;0;0;25;0;0.3;0.0
977;2021-01-24;0;0;25;0;0.3;0.0
977;2021-01-25;0;0;25;0;0.3;0.0
977;2021-01-26;0;0;25;0;0.3;0.0
977;2021-01-27;12;0;37;0;0.4;0.0
977;2021-01-28;1;0;38;0;0.4;0.0
977;2021-01-29;6;0;44;0;0.4;0.0
977;2021-01-30;0;0;44;0;0.4;0.0
977;2021-01-31;0;0;44;0;0.4;0.0
977;2021-02-01;0;0;44;0;0.4;0.0
977;2021-02-02;0;0;44;0;0.4;0.0
977;2021-02-03;11;0;55;0;0.6;0.0
977;2021-02-04;12;0;67;0;0.7;0.0
977;2021-02-05;11;0;78;0;0.8;0.0
977;2021-02-06;0;0;78;0;0.8;0.0
977;2021-02-07;0;0;78;0;0.8;0.0
977;2021-02-08;0;0;78;0;0.8;0.0
977;2021-02-09;14;0;92;0;0.9;0.0
977;2021-02-10;0;0;92;0;0.9;0.0
977;2021-02-11;18;0;110;0;1.1;0.0
977;2021-02-12;46;0;156;0;1.6;0.0
977;2021-02-13;0;0;156;0;1.6;0.0
977;2021-02-14;0;0;156;0;1.6;0.0
977;2021-02-15;0;0;156;0;1.6;0.0
977;2021-02-16;0;0;156;0;1.6;0.0
977;2021-02-17;0;0;156;0;1.6;0.0
977;2021-02-18;18;0;174;0;1.7;0.0
977;2021-02-19;35;0;209;0;2.1;0.0
977;2021-02-20;0;0;209;0;2.1;0.0
977;2021-02-21;0;0;209;0;2.1;0.0
977;2021-02-22;0;0;209;0;2.1;0.0
977;2021-02-23;0;20;209;20;2.1;0.2
977;2021-02-24;0;0;209;20;2.1;0.2
977;2021-02-25;15;5;224;25;2.2;0.3
977;2021-02-26;33;18;257;43;2.6;0.4
977;2021-02-27;0;0;257;43;2.6;0.4
977;2021-02-28;0;0;257;43;2.6;0.4
977;2021-03-01;0;0;257;43;2.6;0.4
977;2021-03-02;19;11;276;54;2.8;0.5
977;2021-03-03;0;0;276;54;2.8;0.5
977;2021-03-04;16;9;292;63;2.9;0.6
977;2021-03-05;35;16;327;79;3.3;0.8
977;2021-03-06;0;0;327;79;3.3;0.8
977;2021-03-07;0;0;327;79;3.3;0.8
977;2021-03-08;0;0;327;79;3.3;0.8
977;2021-03-09;1;0;328;79;3.3;0.8
977;2021-03-10;0;0;328;79;3.3;0.8
977;2021-03-11;20;27;348;106;3.5;1.1
977;2021-03-12;62;41;410;147;4.1;1.5
977;2021-03-13;0;0;410;147;4.1;1.5
977;2021-03-14;0;0;410;147;4.1;1.5
977;2021-03-15;0;0;410;147;4.1;1.5
977;2021-03-16;30;10;440;157;4.4;1.6
977;2021-03-17;0;0;440;157;4.4;1.6
977;2021-03-18;30;16;470;173;4.7;1.7
977;2021-03-19;57;27;527;200;5.3;2.0
977;2021-03-20;0;0;527;200;5.3;2.0
977;2021-03-21;0;0;527;200;5.3;2.0
977;2021-03-22;0;0;527;200;5.3;2.0
977;2021-03-23;0;0;527;200;5.3;2.0
977;2021-03-24;0;0;527;200;5.3;2.0
977;2021-03-25;65;17;592;217;5.9;2.2
977;2021-03-26;73;26;665;243;6.7;2.4
977;2021-03-27;0;0;665;243;6.7;2.4
977;2021-03-28;0;0;665;243;6.7;2.4
977;2021-03-29;0;0;665;243;6.7;2.4
977;2021-03-30;40;17;705;260;7.1;2.6
977;2021-03-31;26;14;731;274;7.3;2.8
977;2021-04-01;25;32;756;306;7.6;3.1
977;2021-04-02;0;0;756;306;7.6;3.1
977;2021-04-03;0;0;756;306;7.6;3.1
977;2021-04-04;0;0;756;306;7.6;3.1
977;2021-04-05;9;0;765;306;7.7;3.1
977;2021-04-06;0;0;765;306;7.7;3.1
977;2021-04-07;0;0;765;306;7.7;3.1
977;2021-04-08;57;46;822;352;8.3;3.5
977;2021-04-09;58;31;880;383;8.8;3.8
977;2021-04-10;0;0;880;383;8.8;3.8
977;2021-04-11;0;0;880;383;8.8;3.8
977;2021-04-12;0;0;880;383;8.8;3.8
977;2021-04-13;0;0;880;383;8.8;3.8
977;2021-04-14;5;5;885;388;8.9;3.9
977;2021-04-15;57;70;942;458;9.5;4.6
977;2021-04-16;90;35;1032;493;10.4;4.9
977;2021-04-17;0;1;1032;494;10.4;5.0
977;2021-04-18;0;0;1032;494;10.4;5.0
977;2021-04-19;1;0;1033;494;10.4;5.0
977;2021-04-20;335;62;1368;556;13.7;5.6
977;2021-04-21;337;30;1705;586;17.1;5.9
977;2021-04-22;284;47;1989;633;20.0;6.4
977;2021-04-23;260;42;2249;675;22.6;6.8
977;2021-04-24;231;1;2480;676;24.9;6.8
977;2021-04-25;0;0;2480;676;24.9;6.8
977;2021-04-26;283;19;2763;695;27.7;7.0
977;2021-04-27;224;67;2987;762;30.0;7.6
977;2021-04-28;192;26;3179;788;31.9;7.9
977;2021-04-29;170;23;3349;811;33.6;8.1
977;2021-04-30;172;18;3521;829;35.3;8.3
977;2021-05-01;203;11;3724;840;37.4;8.4
977;2021-05-02;0;0;3724;840;37.4;8.4
977;2021-05-03;135;9;3859;849;38.7;8.5
977;2021-05-04;161;54;4020;903;40.4;9.1
977;2021-05-05;221;28;4241;931;42.6;9.3
977;2021-05-06;175;33;4416;964;44.3;9.7
977;2021-05-07;149;32;4565;996;45.8;10.0
977;2021-05-08;1;0;4566;996;45.8;10.0
977;2021-05-09;0;0;4566;996;45.8;10.0
977;2021-05-10;0;0;4566;996;45.8;10.0
977;2021-05-11;3;41;4569;1037;45.9;10.4
977;2021-05-12;6;36;4575;1073;45.9;10.8
977;2021-05-13;0;0;4575;1073;45.9;10.8
977;2021-05-14;28;98;4603;1171;46.2;11.8
977;2021-05-15;0;0;4603;1171;46.2;11.8
977;2021-05-16;1;0;4604;1171;46.2;11.8
977;2021-05-17;1;14;4605;1185;46.2;11.9
977;2021-05-18;17;32;4622;1217;46.4;12.2
977;2021-05-19;0;1;4622;1218;46.4;12.2
977;2021-05-20;0;8;4622;1226;46.4;12.3
977;2021-05-21;12;31;4634;1257;46.5;12.6
977;2021-05-22;0;0;4634;1257;46.5;12.6
977;2021-05-23;0;0;4634;1257;46.5;12.6
977;2021-05-24;0;0;4634;1257;46.5;12.6
977;2021-05-25;50;331;4684;1588;47.0;15.9
977;2021-05-26;54;360;4738;1948;47.6;19.6
977;2021-05-27;34;317;4772;2265;47.9;22.7
977;2021-05-28;27;256;4799;2521;48.2;25.3
977;2021-05-29;35;375;4834;2896;48.5;29.1
977;2021-05-30;1;0;4835;2896;48.5;29.1
977;2021-05-31;45;216;4880;3112;49.0;31.2
977;2021-06-01;48;227;4928;3339;49.5;33.5
977;2021-06-02;69;273;4997;3612;50.2;36.3
977;2021-06-03;42;252;5039;3864;50.6;38.8
977;2021-06-04;81;270;5120;4134;51.4;41.5
977;2021-06-05;1;0;5121;4134;51.4;41.5
977;2021-06-06;0;0;5121;4134;51.4;41.5
977;2021-06-07;1;1;5122;4135;51.4;41.5
977;2021-06-08;8;2;5130;4137;51.5;41.5
977;2021-06-09;0;3;5130;4140;51.5;41.6
977;2021-06-10;8;4;5138;4144;51.6;41.6
977;2021-06-11;4;8;5142;4152;51.6;41.7
977;2021-06-12;16;59;5158;4211;51.8;42.3
977;2021-06-13;0;0;5158;4211;51.8;42.3
977;2021-06-14;0;0;5158;4211;51.8;42.3
977;2021-06-15;0;1;5158;4212;51.8;42.3
977;2021-06-16;0;0;5158;4212;51.8;42.3
977;2021-06-17;2;6;5160;4218;51.8;42.3
977;2021-06-18;0;2;5160;4220;51.8;42.4
977;2021-06-19;25;49;5185;4269;52.1;42.9
977;2021-06-20;0;0;5185;4269;52.1;42.9
977;2021-06-21;1;2;5186;4271;52.1;42.9
977;2021-06-22;9;0;5195;4271;52.2;42.9
977;2021-06-23;15;9;5210;4280;52.3;43.0
977;2021-06-24;10;5;5220;4285;52.4;43.0
977;2021-06-25;0;0;5220;4285;52.4;43.0
977;2021-06-26;25;45;5245;4330;52.7;43.5
977;2021-06-27;0;0;5245;4330;52.7;43.5
977;2021-06-28;0;0;5245;4330;52.7;43.5
977;2021-06-29;0;0;5245;4330;52.7;43.5
977;2021-06-30;0;0;5245;4330;52.7;43.5
977;2021-07-01;28;36;5273;4366;52.9;43.8
977;2021-07-02;26;31;5299;4397;53.2;44.1
977;2021-07-03;29;215;5328;4612;53.5;46.3
977;2021-07-04;0;0;5328;4612;53.5;46.3
977;2021-07-05;4;8;5332;4620;53.5;46.4
977;2021-07-06;0;0;5332;4620;53.5;46.4
977;2021-07-07;8;0;5340;4620;53.6;46.4
977;2021-07-08;33;23;5373;4643;53.9;46.6
977;2021-07-09;23;31;5396;4674;54.2;46.9
977;2021-07-10;33;45;5429;4719;54.5;47.4
977;2021-07-11;0;0;5429;4719;54.5;47.4
977;2021-07-12;0;1;5429;4720;54.5;47.4
977;2021-07-13;10;10;5439;4730;54.6;47.5
977;2021-07-14;0;0;5439;4730;54.6;47.5
977;2021-07-15;1;11;5440;4741;54.6;47.6
977;2021-07-16;44;51;5484;4792;55.1;48.1
977;2021-07-17;34;39;5518;4831;55.4;48.5
977;2021-07-18;1;0;5519;4831;55.4;48.5
977;2021-07-19;3;2;5522;4833;55.4;48.5
977;2021-07-20;3;1;5525;4834;55.5;48.5
977;2021-07-21;33;16;5558;4850;55.8;48.7
977;2021-07-22;36;33;5594;4883;56.2;49.0
977;2021-07-23;32;29;5626;4912;56.5;49.3
977;2021-07-24;43;26;5669;4938;56.9;49.6
977;2021-07-25;0;0;5669;4938;56.9;49.6
977;2021-07-26;13;9;5682;4947;57.0;49.7
977;2021-07-27;0;10;5682;4957;57.0;49.8
977;2021-07-28;31;14;5713;4971;57.4;49.9
977;2021-07-29;33;32;5746;5003;57.7;50.2
977;2021-07-30;31;28;5777;5031;58.0;50.5
977;2021-07-31;53;24;5830;5055;58.5;50.7
977;2021-08-01;0;0;5830;5055;58.5;50.7
977;2021-08-02;11;1;5841;5056;58.6;50.8
977;2021-08-03;0;0;5841;5056;58.6;50.8
977;2021-08-04;41;14;5882;5070;59.1;50.9
977;2021-08-05;28;30;5910;5100;59.3;51.2
977;2021-08-06;35;35;5945;5135;59.7;51.6
977;2021-08-07;56;25;6001;5160;60.2;51.8
977;2021-08-08;0;0;6001;5160;60.2;51.8
977;2021-08-09;7;5;6008;5165;60.3;51.9
977;2021-08-10;15;9;6023;5174;60.5;51.9
977;2021-08-11;36;18;6059;5192;60.8;52.1
977;2021-08-12;24;30;6083;5222;61.1;52.4
977;2021-08-13;32;14;6115;5236;61.4;52.6
977;2021-08-14;20;26;6135;5262;61.6;52.8
977;2021-08-15;0;0;6135;5262;61.6;52.8
977;2021-08-16;14;29;6149;5291;61.7;53.1
977;2021-08-17;15;8;6164;5299;61.9;53.2
977;2021-08-18;25;28;6189;5327;62.1;53.5
977;2021-08-19;31;36;6220;5363;62.4;53.8
977;2021-08-20;27;41;6247;5404;62.7;54.3
977;2021-08-21;34;40;6281;5444;63.1;54.7
977;2021-08-22;6;0;6287;5444;63.1;54.7
977;2021-08-23;3;11;6290;5455;63.1;54.8
977;2021-08-24;8;3;6298;5458;63.2;54.8
977;2021-08-25;20;37;6318;5495;63.4;55.2
977;2021-08-26;27;41;6345;5536;63.7;55.6
977;2021-08-27;27;34;6372;5570;64.0;55.9
977;2021-08-28;27;56;6399;5626;64.2;56.5
977;2021-08-29;0;0;6399;5626;64.2;56.5
977;2021-08-30;1;4;6400;5630;64.3;56.5
977;2021-08-31;1;2;6401;5632;64.3;56.5
977;2021-09-01;10;28;6411;5660;64.4;56.8
977;2021-09-02;22;35;6433;5695;64.6;57.2
977;2021-09-03;26;25;6459;5720;64.8;57.4
977;2021-09-04;37;47;6496;5767;65.2;57.9
977;2021-09-05;0;0;6496;5767;65.2;57.9
977;2021-09-06;4;16;6500;5783;65.3;58.1
977;2021-09-07;1;4;6501;5787;65.3;58.1
977;2021-09-08;11;13;6512;5800;65.4;58.2
977;2021-09-09;20;35;6532;5835;65.6;58.6
978;2020-12-27;0;0;0;0;0.0;0.0
978;2020-12-28;0;0;0;0;0.0;0.0
978;2020-12-29;0;0;0;0;0.0;0.0
978;2020-12-30;0;0;0;0;0.0;0.0
978;2020-12-31;0;0;0;0;0.0;0.0
978;2021-01-01;0;0;0;0;0.0;0.0
978;2021-01-02;0;0;0;0;0.0;0.0
978;2021-01-03;0;0;0;0;0.0;0.0
978;2021-01-04;0;0;0;0;0.0;0.0
978;2021-01-05;0;0;0;0;0.0;0.0
978;2021-01-06;0;0;0;0;0.0;0.0
978;2021-01-07;0;0;0;0;0.0;0.0
978;2021-01-08;0;0;0;0;0.0;0.0
978;2021-01-09;0;0;0;0;0.0;0.0
978;2021-01-10;0;0;0;0;0.0;0.0
978;2021-01-11;0;0;0;0;0.0;0.0
978;2021-01-12;0;0;0;0;0.0;0.0
978;2021-01-13;10;0;10;0;0.0;0.0
978;2021-01-14;12;0;22;0;0.1;0.0
978;2021-01-15;9;0;31;0;0.1;0.0
978;2021-01-16;0;0;31;0;0.1;0.0
978;2021-01-17;0;0;31;0;0.1;0.0
978;2021-01-18;0;0;31;0;0.1;0.0
978;2021-01-19;12;0;43;0;0.1;0.0
978;2021-01-20;13;0;56;0;0.2;0.0
978;2021-01-21;6;0;62;0;0.2;0.0
978;2021-01-22;0;0;62;0;0.2;0.0
978;2021-01-23;0;0;62;0;0.2;0.0
978;2021-01-24;0;0;62;0;0.2;0.0
978;2021-01-25;0;0;62;0;0.2;0.0
978;2021-01-26;9;0;71;0;0.2;0.0
978;2021-01-27;10;0;81;0;0.2;0.0
978;2021-01-28;6;1;87;1;0.2;0.0
978;2021-01-29;0;0;87;1;0.2;0.0
978;2021-01-30;0;0;87;1;0.2;0.0
978;2021-01-31;0;0;87;1;0.2;0.0
978;2021-02-01;1;0;88;1;0.2;0.0
978;2021-02-02;39;0;127;1;0.4;0.0
978;2021-02-03;11;0;138;1;0.4;0.0
978;2021-02-04;31;0;169;1;0.5;0.0
978;2021-02-05;6;0;175;1;0.5;0.0
978;2021-02-06;0;0;175;1;0.5;0.0
978;2021-02-07;0;0;175;1;0.5;0.0
978;2021-02-08;0;0;175;1;0.5;0.0
978;2021-02-09;38;0;213;1;0.6;0.0
978;2021-02-10;27;1;240;2;0.7;0.0
978;2021-02-11;0;0;240;2;0.7;0.0
978;2021-02-12;36;0;276;2;0.8;0.0
978;2021-02-13;0;0;276;2;0.8;0.0
978;2021-02-14;0;0;276;2;0.8;0.0
978;2021-02-15;50;1;326;3;0.9;0.0
978;2021-02-16;0;0;326;3;0.9;0.0
978;2021-02-17;0;0;326;3;0.9;0.0
978;2021-02-18;28;0;354;3;1.0;0.0
978;2021-02-19;44;0;398;3;1.1;0.0
978;2021-02-20;0;0;398;3;1.1;0.0
978;2021-02-21;0;0;398;3;1.1;0.0
978;2021-02-22;45;4;443;7;1.3;0.0
978;2021-02-23;41;27;484;34;1.4;0.1
978;2021-02-24;35;1;519;35;1.5;0.1
978;2021-02-25;55;34;574;69;1.6;0.2
978;2021-02-26;39;5;613;74;1.7;0.2
978;2021-02-27;0;0;613;74;1.7;0.2
978;2021-02-28;0;0;613;74;1.7;0.2
978;2021-03-01;49;4;662;78;1.9;0.2
978;2021-03-02;7;21;669;99;1.9;0.3
978;2021-03-03;53;24;722;123;2.0;0.3
978;2021-03-04;31;20;753;143;2.1;0.4
978;2021-03-05;46;10;799;153;2.3;0.4
978;2021-03-06;0;0;799;153;2.3;0.4
978;2021-03-07;0;0;799;153;2.3;0.4
978;2021-03-08;32;7;831;160;2.4;0.5
978;2021-03-09;21;26;852;186;2.4;0.5
978;2021-03-10;35;28;887;214;2.5;0.6
978;2021-03-11;2;0;889;214;2.5;0.6
978;2021-03-12;53;21;942;235;2.7;0.7
978;2021-03-13;13;0;955;235;2.7;0.7
978;2021-03-14;0;0;955;235;2.7;0.7
978;2021-03-15;31;41;986;276;2.8;0.8
978;2021-03-16;73;5;1059;281;3.0;0.8
978;2021-03-17;67;13;1126;294;3.2;0.8
978;2021-03-18;82;39;1208;333;3.4;0.9
978;2021-03-19;32;50;1240;383;3.5;1.1
978;2021-03-20;0;0;1240;383;3.5;1.1
978;2021-03-21;0;0;1240;383;3.5;1.1
978;2021-03-22;35;45;1275;428;3.6;1.2
978;2021-03-23;30;43;1305;471;3.7;1.3
978;2021-03-24;38;42;1343;513;3.8;1.5
978;2021-03-25;97;34;1440;547;4.1;1.5
978;2021-03-26;45;33;1485;580;4.2;1.6
978;2021-03-27;94;3;1579;583;4.5;1.6
978;2021-03-28;0;0;1579;583;4.5;1.6
978;2021-03-29;69;48;1648;631;4.7;1.8
978;2021-03-30;99;24;1747;655;4.9;1.9
978;2021-03-31;90;49;1837;704;5.2;2.0
978;2021-04-01;57;48;1894;752;5.4;2.1
978;2021-04-02;0;0;1894;752;5.4;2.1
978;2021-04-03;1;0;1895;752;5.4;2.1
978;2021-04-04;0;0;1895;752;5.4;2.1
978;2021-04-05;2;0;1897;752;5.4;2.1
978;2021-04-06;49;63;1946;815;5.5;2.3
978;2021-04-07;93;33;2039;848;5.8;2.4
978;2021-04-08;121;7;2160;855;6.1;2.4
978;2021-04-09;90;39;2250;894;6.4;2.5
978;2021-04-10;170;13;2420;907;6.8;2.6
978;2021-04-11;0;0;2420;907;6.8;2.6
978;2021-04-12;42;74;2462;981;7.0;2.8
978;2021-04-13;49;71;2511;1052;7.1;3.0
978;2021-04-14;82;45;2593;1097;7.3;3.1
978;2021-04-15;92;22;2685;1119;7.6;3.2
978;2021-04-16;77;42;2762;1161;7.8;3.3
978;2021-04-17;165;4;2927;1165;8.3;3.3
978;2021-04-18;0;0;2927;1165;8.3;3.3
978;2021-04-19;52;67;2979;1232;8.4;3.5
978;2021-04-20;83;27;3062;1259;8.7;3.6
978;2021-04-21;91;29;3153;1288;8.9;3.6
978;2021-04-22;101;20;3254;1308;9.2;3.7
978;2021-04-23;45;66;3299;1374;9.3;3.9
978;2021-04-24;99;78;3398;1452;9.6;4.1
978;2021-04-25;0;0;3398;1452;9.6;4.1
978;2021-04-26;29;91;3427;1543;9.7;4.4
978;2021-04-27;59;63;3486;1606;9.9;4.5
978;2021-04-28;93;39;3579;1645;10.1;4.7
978;2021-04-29;89;31;3668;1676;10.4;4.7
978;2021-04-30;103;14;3771;1690;10.7;4.8
978;2021-05-01;0;8;3771;1698;10.7;4.8
978;2021-05-02;0;0;3771;1698;10.7;4.8
978;2021-05-03;25;99;3796;1797;10.7;5.1
978;2021-05-04;159;102;3955;1899;11.2;5.4
978;2021-05-05;142;59;4097;1958;11.6;5.5
978;2021-05-06;199;49;4296;2007;12.2;5.7
978;2021-05-07;127;71;4423;2078;12.5;5.9
978;2021-05-08;69;122;4492;2200;12.7;6.2
978;2021-05-09;0;0;4492;2200;12.7;6.2
978;2021-05-10;124;99;4616;2299;13.1;6.5
978;2021-05-11;132;72;4748;2371;13.4;6.7
978;2021-05-12;156;78;4904;2449;13.9;6.9
978;2021-05-13;83;6;4987;2455;14.1;6.9
978;2021-05-14;130;62;5117;2517;14.5;7.1
978;2021-05-15;87;4;5204;2521;14.7;7.1
978;2021-05-16;0;0;5204;2521;14.7;7.1
978;2021-05-17;146;115;5350;2636;15.1;7.5
978;2021-05-18;151;94;5501;2730;15.6;7.7
978;2021-05-19;84;69;5585;2799;15.8;7.9
978;2021-05-20;104;26;5689;2825;16.1;8.0
978;2021-05-21;98;52;5787;2877;16.4;8.1
978;2021-05-22;100;11;5887;2888;16.7;8.2
978;2021-05-23;0;0;5887;2888;16.7;8.2
978;2021-05-24;33;7;5920;2895;16.8;8.2
978;2021-05-25;119;78;6039;2973;17.1;8.4
978;2021-05-26;109;49;6148;3022;17.4;8.6
978;2021-05-27;112;42;6260;3064;17.7;8.7
978;2021-05-28;33;1;6293;3065;17.8;8.7
978;2021-05-29;60;213;6353;3278;18.0;9.3
978;2021-05-30;0;0;6353;3278;18.0;9.3
978;2021-05-31;112;63;6465;3341;18.3;9.5
978;2021-06-01;116;62;6581;3403;18.6;9.6
978;2021-06-02;131;33;6712;3436;19.0;9.7
978;2021-06-03;102;38;6814;3474;19.3;9.8
978;2021-06-04;128;70;6942;3544;19.6;10.0
978;2021-06-05;83;21;7025;3565;19.9;10.1
978;2021-06-06;0;0;7025;3565;19.9;10.1
978;2021-06-07;96;96;7121;3661;20.2;10.4
978;2021-06-08;82;89;7203;3750;20.4;10.6
978;2021-06-09;99;73;7302;3823;20.7;10.8
978;2021-06-10;112;63;7414;3886;21.0;11.0
978;2021-06-11;116;106;7530;3992;21.3;11.3
978;2021-06-12;57;30;7587;4022;21.5;11.4
978;2021-06-13;0;0;7587;4022;21.5;11.4
978;2021-06-14;106;127;7693;4149;21.8;11.7
978;2021-06-15;88;120;7781;4269;22.0;12.1
978;2021-06-16;105;148;7886;4417;22.3;12.5
978;2021-06-17;85;72;7971;4489;22.6;12.7
978;2021-06-18;67;99;8038;4588;22.7;13.0
978;2021-06-19;65;79;8103;4667;22.9;13.2
978;2021-06-20;0;0;8103;4667;22.9;13.2
978;2021-06-21;78;150;8181;4817;23.2;13.6
978;2021-06-22;71;103;8252;4920;23.4;13.9
978;2021-06-23;68;115;8320;5035;23.5;14.2
978;2021-06-24;44;75;8364;5110;23.7;14.5
978;2021-06-25;64;100;8428;5210;23.9;14.7
978;2021-06-26;35;61;8463;5271;24.0;14.9
978;2021-06-27;0;0;8463;5271;24.0;14.9
978;2021-06-28;74;131;8537;5402;24.2;15.3
978;2021-06-29;62;104;8599;5506;24.3;15.6
978;2021-06-30;56;110;8655;5616;24.5;15.9
978;2021-07-01;42;87;8697;5703;24.6;16.1
978;2021-07-02;52;90;8749;5793;24.8;16.4
978;2021-07-03;40;90;8789;5883;24.9;16.6
978;2021-07-04;0;1;8789;5884;24.9;16.7
978;2021-07-05;67;93;8856;5977;25.1;16.9
978;2021-07-06;55;74;8911;6051;25.2;17.1
978;2021-07-07;55;123;8966;6174;25.4;17.5
978;2021-07-08;54;107;9020;6281;25.5;17.8
978;2021-07-09;46;92;9066;6373;25.7;18.0
978;2021-07-10;38;85;9104;6458;25.8;18.3
978;2021-07-11;0;4;9104;6462;25.8;18.3
978;2021-07-12;71;130;9175;6592;26.0;18.7
978;2021-07-13;146;162;9321;6754;26.4;19.1
978;2021-07-14;3;0;9324;6754;26.4;19.1
978;2021-07-15;162;195;9486;6949;26.8;19.7
978;2021-07-16;113;113;9599;7062;27.2;20.0
978;2021-07-17;52;100;9651;7162;27.3;20.3
978;2021-07-18;0;0;9651;7162;27.3;20.3
978;2021-07-19;99;133;9750;7295;27.6;20.6
978;2021-07-20;80;74;9830;7369;27.8;20.9
978;2021-07-21;63;50;9893;7419;28.0;21.0
978;2021-07-22;99;115;9992;7534;28.3;21.3
978;2021-07-23;67;98;10059;7632;28.5;21.6
978;2021-07-24;20;35;10079;7667;28.5;21.7
978;2021-07-25;0;0;10079;7667;28.5;21.7
978;2021-07-26;99;116;10178;7783;28.8;22.0
978;2021-07-27;72;144;10250;7927;29.0;22.4
978;2021-07-28;72;126;10322;8053;29.2;22.8
978;2021-07-29;80;98;10402;8151;29.4;23.1
978;2021-07-30;82;116;10484;8267;29.7;23.4
978;2021-07-31;49;67;10533;8334;29.8;23.6
978;2021-08-01;0;0;10533;8334;29.8;23.6
978;2021-08-02;65;95;10598;8429;30.0;23.9
978;2021-08-03;60;94;10658;8523;30.2;24.1
978;2021-08-04;64;55;10722;8578;30.3;24.3
978;2021-08-05;48;70;10770;8648;30.5;24.5
978;2021-08-06;74;127;10844;8775;30.7;24.8
978;2021-08-07;44;46;10888;8821;30.8;25.0
978;2021-08-08;0;0;10888;8821;30.8;25.0
978;2021-08-09;139;150;11027;8971;31.2;25.4
978;2021-08-10;82;93;11109;9064;31.4;25.7
978;2021-08-11;106;99;11215;9163;31.7;25.9
978;2021-08-12;99;99;11314;9262;32.0;26.2
978;2021-08-13;131;75;11445;9337;32.4;26.4
978;2021-08-14;74;100;11519;9437;32.6;26.7
978;2021-08-15;0;0;11519;9437;32.6;26.7
978;2021-08-16;45;70;11564;9507;32.7;26.9
978;2021-08-17;33;33;11597;9540;32.8;27.0
978;2021-08-18;35;55;11632;9595;32.9;27.2
978;2021-08-19;34;26;11666;9621;33.0;27.2
978;2021-08-20;46;60;11712;9681;33.1;27.4
978;2021-08-21;0;0;11712;9681;33.1;27.4
978;2021-08-22;0;0;11712;9681;33.1;27.4
978;2021-08-23;51;86;11763;9767;33.3;27.6
978;2021-08-24;31;51;11794;9818;33.4;27.8
978;2021-08-25;26;51;11820;9869;33.5;27.9
978;2021-08-26;30;26;11850;9895;33.5;28.0
978;2021-08-27;46;87;11896;9982;33.7;28.3
978;2021-08-28;0;0;11896;9982;33.7;28.3
978;2021-08-29;0;0;11896;9982;33.7;28.3
978;2021-08-30;39;113;11935;10095;33.8;28.6
978;2021-08-31;45;81;11980;10176;33.9;28.8
978;2021-09-01;30;85;12010;10261;34.0;29.0
978;2021-09-02;37;70;12047;10331;34.1;29.2
978;2021-09-03;15;96;12062;10427;34.1;29.5
978;2021-09-04;0;0;12062;10427;34.1;29.5
978;2021-09-05;0;0;12062;10427;34.1;29.5
978;2021-09-06;32;80;12094;10507;34.2;29.7
978;2021-09-07;35;51;12129;10558;34.3;29.9
978;2021-09-08;21;44;12150;10602;34.4;30.0
978;2021-09-09;21;58;12171;10660;34.4;30.2
