dep;jour;n_dose1;n_complet;n_cum_dose1;n_cum_complet;couv_dose1;couv_complet
01;2020-12-27;1;0;1;0;0.0;0.0
01;2020-12-28;0;0;1;0;0.0;0.0
01;2020-12-29;0;0;1;0;0.0;0.0
01;2020-12-30;0;0;1;0;0.0;0.0
01;2020-12-31;0;0;1;0;0.0;0.0
01;2021-01-01;2;0;3;0;0.0;0.0
01;2021-01-02;0;0;3;0;0.0;0.0
01;2021-01-03;0;0;3;0;0.0;0.0
01;2021-01-04;2;0;5;0;0.0;0.0
01;2021-01-05;2;0;7;0;0.0;0.0
01;2021-01-06;1;0;8;0;0.0;0.0
01;2021-01-07;67;0;75;0;0.0;0.0
01;2021-01-08;159;0;234;0;0.0;0.0
01;2021-01-09;2;1;236;1;0.0;0.0
01;2021-01-10;0;0;236;1;0.0;0.0
01;2021-01-11;148;0;384;1;0.1;0.0
01;2021-01-12;317;2;701;3;0.1;0.0
01;2021-01-13;444;1;1145;4;0.2;0.0
01;2021-01-14;530;3;1675;7;0.3;0.0
01;2021-01-15;398;3;2073;10;0.3;0.0
01;2021-01-16;202;0;2275;10;0.3;0.0
01;2021-01-17;128;0;2403;10;0.4;0.0
01;2021-01-18;379;1;2782;11;0.4;0.0
01;2021-01-19;1041;1;3823;12;0.6;0.0
01;2021-01-20;1262;2;5085;14;0.8;0.0
01;2021-01-21;1099;4;6184;18;0.9;0.0
01;2021-01-22;647;0;6831;18;1.0;0.0
01;2021-01-23;222;0;7053;18;1.1;0.0
01;2021-01-24;71;1;7124;19;1.1;0.0
01;2021-01-25;485;1;7609;20;1.2;0.0
01;2021-01-26;741;3;8350;23;1.3;0.0
01;2021-01-27;517;3;8867;26;1.3;0.0
01;2021-01-28;682;52;9549;78;1.5;0.0
01;2021-01-29;637;99;10186;177;1.6;0.0
01;2021-01-30;237;15;10423;192;1.6;0.0
01;2021-01-31;62;0;10485;192;1.6;0.0
01;2021-02-01;458;70;10943;262;1.7;0.0
01;2021-02-02;516;173;11459;435;1.7;0.1
01;2021-02-03;374;240;11833;675;1.8;0.1
01;2021-02-04;478;378;12311;1053;1.9;0.2
01;2021-02-05;441;251;12752;1304;1.9;0.2
01;2021-02-06;261;111;13013;1415;2.0;0.2
01;2021-02-07;2;96;13015;1511;2.0;0.2
01;2021-02-08;505;334;13520;1845;2.1;0.3
01;2021-02-09;775;780;14295;2625;2.2;0.4
01;2021-02-10;952;650;15247;3275;2.3;0.5
01;2021-02-11;792;715;16039;3990;2.4;0.6
01;2021-02-12;638;496;16677;4486;2.5;0.7
01;2021-02-13;161;106;16838;4592;2.6;0.7
01;2021-02-14;0;9;16838;4601;2.6;0.7
01;2021-02-15;437;391;17275;4992;2.6;0.8
01;2021-02-16;660;351;17935;5343;2.7;0.8
01;2021-02-17;520;232;18455;5575;2.8;0.8
01;2021-02-18;589;517;19044;6092;2.9;0.9
01;2021-02-19;580;206;19624;6298;3.0;1.0
01;2021-02-20;201;132;19825;6430;3.0;1.0
01;2021-02-21;0;1;19825;6431;3.0;1.0
01;2021-02-22;428;461;20253;6892;3.1;1.0
01;2021-02-23;482;442;20735;7334;3.2;1.1
01;2021-02-24;433;388;21168;7722;3.2;1.2
01;2021-02-25;827;539;21995;8261;3.3;1.3
01;2021-02-26;874;457;22869;8718;3.5;1.3
01;2021-02-27;480;104;23349;8822;3.6;1.3
01;2021-02-28;20;3;23369;8825;3.6;1.3
01;2021-03-01;630;410;23999;9235;3.7;1.4
01;2021-03-02;963;495;24962;9730;3.8;1.5
01;2021-03-03;939;626;25901;10356;3.9;1.6
01;2021-03-04;1198;588;27099;10944;4.1;1.7
01;2021-03-05;1354;455;28453;11399;4.3;1.7
01;2021-03-06;781;90;29234;11489;4.4;1.7
01;2021-03-07;43;1;29277;11490;4.5;1.7
01;2021-03-08;669;597;29946;12087;4.6;1.8
01;2021-03-09;1340;573;31286;12660;4.8;1.9
01;2021-03-10;1160;546;32446;13206;4.9;2.0
01;2021-03-11;1685;631;34131;13837;5.2;2.1
01;2021-03-12;2004;629;36135;14466;5.5;2.2
01;2021-03-13;1502;98;37637;14564;5.7;2.2
01;2021-03-14;132;59;37769;14623;5.7;2.2
01;2021-03-15;1157;396;38926;15019;5.9;2.3
01;2021-03-16;1012;562;39938;15581;6.1;2.4
01;2021-03-17;839;340;40777;15921;6.2;2.4
01;2021-03-18;1294;464;42071;16385;6.4;2.5
01;2021-03-19;1747;531;43818;16916;6.7;2.6
01;2021-03-20;1447;133;45265;17049;6.9;2.6
01;2021-03-21;97;11;45362;17060;6.9;2.6
01;2021-03-22;1576;490;46938;17550;7.1;2.7
01;2021-03-23;2197;646;49135;18196;7.5;2.8
01;2021-03-24;1615;413;50750;18609;7.7;2.8
01;2021-03-25;2910;633;53660;19242;8.2;2.9
01;2021-03-26;2872;613;56532;19855;8.6;3.0
01;2021-03-27;1311;159;57843;20014;8.8;3.0
01;2021-03-28;22;1;57865;20015;8.8;3.0
01;2021-03-29;1930;539;59795;20554;9.1;3.1
01;2021-03-30;2516;765;62311;21319;9.5;3.2
01;2021-03-31;1868;624;64179;21943;9.8;3.3
01;2021-04-01;2571;856;66750;22799;10.2;3.5
01;2021-04-02;2818;724;69568;23523;10.6;3.6
01;2021-04-03;1256;134;70824;23657;10.8;3.6
01;2021-04-04;2;0;70826;23657;10.8;3.6
01;2021-04-05;1261;65;72087;23722;11.0;3.6
01;2021-04-06;2823;792;74910;24514;11.4;3.7
01;2021-04-07;2740;706;77650;25220;11.8;3.8
01;2021-04-08;3243;996;80893;26216;12.3;4.0
01;2021-04-09;3988;1334;84881;27550;12.9;4.2
01;2021-04-10;1824;303;86705;27853;13.2;4.2
01;2021-04-11;44;22;86749;27875;13.2;4.2
01;2021-04-12;2716;1221;89465;29096;13.6;4.4
01;2021-04-13;2944;1323;92409;30419;14.1;4.6
01;2021-04-14;3127;1083;95536;31502;14.5;4.8
01;2021-04-15;3073;1476;98609;32978;15.0;5.0
01;2021-04-16;2860;1577;101469;34555;15.4;5.3
01;2021-04-17;1654;682;103123;35237;15.7;5.4
01;2021-04-18;13;0;103136;35237;15.7;5.4
01;2021-04-19;2040;1520;105176;36757;16.0;5.6
01;2021-04-20;2664;1571;107840;38328;16.4;5.8
01;2021-04-21;2688;1349;110528;39677;16.8;6.0
01;2021-04-22;2835;1532;113363;41209;17.3;6.3
01;2021-04-23;2764;1532;116127;42741;17.7;6.5
01;2021-04-24;1447;652;117574;43393;17.9;6.6
01;2021-04-25;9;0;117583;43393;17.9;6.6
01;2021-04-26;1970;1730;119553;45123;18.2;6.9
01;2021-04-27;2573;1554;122126;46677;18.6;7.1
01;2021-04-28;2500;1568;124626;48245;19.0;7.3
01;2021-04-29;2715;1769;127341;50014;19.4;7.6
01;2021-04-30;2983;2241;130324;52255;19.8;8.0
01;2021-05-01;1473;855;131797;53110;20.1;8.1
01;2021-05-02;546;76;132343;53186;20.1;8.1
01;2021-05-03;2294;2478;134637;55664;20.5;8.5
01;2021-05-04;2540;2634;137177;58298;20.9;8.9
01;2021-05-05;2528;2497;139705;60795;21.3;9.3
01;2021-05-06;2996;2527;142701;63322;21.7;9.6
01;2021-05-07;3218;2776;145919;66098;22.2;10.1
01;2021-05-08;1646;923;147565;67021;22.5;10.2
01;2021-05-09;1023;162;148588;67183;22.6;10.2
01;2021-05-10;2501;3066;151089;70249;23.0;10.7
01;2021-05-11;3581;3061;154670;73310;23.5;11.2
01;2021-05-12;3652;3003;158322;76313;24.1;11.6
01;2021-05-13;4088;1501;162410;77814;24.7;11.8
01;2021-05-14;4270;2344;166680;80158;25.4;12.2
01;2021-05-15;3158;1435;169838;81593;25.9;12.4
01;2021-05-16;1413;150;171251;81743;26.1;12.4
01;2021-05-17;3446;2469;174697;84212;26.6;12.8
01;2021-05-18;4074;1958;178771;86170;27.2;13.1
01;2021-05-19;3974;1901;182745;88071;27.8;13.4
01;2021-05-20;4530;2013;187275;90084;28.5;13.7
01;2021-05-21;4621;2193;191896;92277;29.2;14.0
01;2021-05-22;3368;953;195264;93230;29.7;14.2
01;2021-05-23;834;83;196098;93313;29.8;14.2
01;2021-05-24;2765;500;198863;93813;30.3;14.3
01;2021-05-25;3558;2428;202421;96241;30.8;14.6
01;2021-05-26;3571;2245;205992;98486;31.4;15.0
01;2021-05-27;3854;2098;209846;100584;31.9;15.3
01;2021-05-28;3665;2631;213511;103215;32.5;15.7
01;2021-05-29;3060;1300;216571;104515;33.0;15.9
01;2021-05-30;613;88;217184;104603;33.1;15.9
01;2021-05-31;2405;2516;219589;107119;33.4;16.3
01;2021-06-01;2769;2584;222358;109703;33.8;16.7
01;2021-06-02;2884;2202;225242;111905;34.3;17.0
01;2021-06-03;3365;2437;228607;114342;34.8;17.4
01;2021-06-04;4500;3371;233107;117713;35.5;17.9
01;2021-06-05;3253;1732;236360;119445;36.0;18.2
01;2021-06-06;670;78;237030;119523;36.1;18.2
01;2021-06-07;3389;2875;240419;122398;36.6;18.6
01;2021-06-08;3650;2718;244069;125116;37.2;19.0
01;2021-06-09;2949;2635;247018;127751;37.6;19.4
01;2021-06-10;2768;2039;249786;129790;38.0;19.8
01;2021-06-11;3071;3364;252857;133154;38.5;20.3
01;2021-06-12;2402;2198;255259;135352;38.9;20.6
01;2021-06-13;200;479;255459;135831;38.9;20.7
01;2021-06-14;2122;3166;257581;138997;39.2;21.2
01;2021-06-15;2004;3369;259585;142366;39.5;21.7
01;2021-06-16;2180;3290;261765;145656;39.8;22.2
01;2021-06-17;1958;3175;263723;148831;40.1;22.7
01;2021-06-18;2645;4165;266368;152996;40.5;23.3
01;2021-06-19;1728;2559;268096;155555;40.8;23.7
01;2021-06-20;159;498;268255;156053;40.8;23.8
01;2021-06-21;1799;3704;270054;159757;41.1;24.3
01;2021-06-22;1551;4000;271605;163757;41.3;24.9
01;2021-06-23;1584;3756;273189;167513;41.6;25.5
01;2021-06-24;1471;3566;274660;171079;41.8;26.0
01;2021-06-25;1889;4563;276549;175642;42.1;26.7
01;2021-06-26;1210;2946;277759;178588;42.3;27.2
01;2021-06-27;170;339;277929;178927;42.3;27.2
01;2021-06-28;1385;4024;279314;182951;42.5;27.8
01;2021-06-29;1412;3847;280726;186798;42.7;28.4
01;2021-06-30;1378;4158;282104;190956;42.9;29.1
01;2021-07-01;1432;4090;283536;195046;43.2;29.7
01;2021-07-02;1589;4987;285125;200033;43.4;30.4
01;2021-07-03;858;3376;285983;203409;43.5;31.0
01;2021-07-04;105;499;286088;203908;43.5;31.0
01;2021-07-05;1488;4083;287576;207991;43.8;31.7
01;2021-07-06;1105;4277;288681;212268;43.9;32.3
01;2021-07-07;1757;3697;290438;215965;44.2;32.9
01;2021-07-08;1475;3677;291913;219642;44.4;33.4
01;2021-07-09;1885;4361;293798;224003;44.7;34.1
01;2021-07-10;1120;3439;294918;227442;44.9;34.6
01;2021-07-11;105;418;295023;227860;44.9;34.7
01;2021-07-12;1422;3841;296445;231701;45.1;35.3
01;2021-07-13;2058;4117;298503;235818;45.4;35.9
01;2021-07-14;148;179;298651;235997;45.5;35.9
01;2021-07-15;3091;4190;301742;240187;45.9;36.6
01;2021-07-16;3747;4841;305489;245028;46.5;37.3
01;2021-07-17;2204;3048;307693;248076;46.8;37.8
01;2021-07-18;289;551;307982;248627;46.9;37.8
01;2021-07-19;2915;3867;310897;252494;47.3;38.4
01;2021-07-20;3299;3693;314196;256187;47.8;39.0
01;2021-07-21;3936;3563;318132;259750;48.4;39.5
01;2021-07-22;4219;3495;322351;263245;49.1;40.1
01;2021-07-23;3940;4219;326291;267464;49.7;40.7
01;2021-07-24;2732;2713;329023;270177;50.1;41.1
01;2021-07-25;61;59;329084;270236;50.1;41.1
01;2021-07-26;3348;3241;332432;273477;50.6;41.6
01;2021-07-27;4103;2787;336535;276264;51.2;42.1
01;2021-07-28;3990;2651;340525;278915;51.8;42.5
01;2021-07-29;4697;2438;345222;281353;52.5;42.8
01;2021-07-30;4454;3432;349676;284785;53.2;43.3
01;2021-07-31;3642;1778;353318;286563;53.8;43.6
01;2021-08-01;397;74;353715;286637;53.8;43.6
01;2021-08-02;3074;2453;356789;289090;54.3;44.0
01;2021-08-03;3071;2450;359860;291540;54.8;44.4
01;2021-08-04;2542;1735;362402;293275;55.2;44.6
01;2021-08-05;2243;2360;364645;295635;55.5;45.0
01;2021-08-06;2749;3111;367394;298746;55.9;45.5
01;2021-08-07;2071;1835;369465;300581;56.2;45.8
01;2021-08-08;246;261;369711;300842;56.3;45.8
01;2021-08-09;1134;2634;370845;303476;56.4;46.2
01;2021-08-10;1449;2417;372294;305893;56.7;46.6
01;2021-08-11;1471;2593;373765;308486;56.9;47.0
01;2021-08-12;1625;2826;375390;311312;57.1;47.4
01;2021-08-13;1815;2727;377205;314039;57.4;47.8
01;2021-08-14;1394;2234;378599;316273;57.6;48.1
01;2021-08-15;14;21;378613;316294;57.6;48.1
01;2021-08-16;978;3013;379591;319307;57.8;48.6
01;2021-08-17;1351;2758;380942;322065;58.0;49.0
01;2021-08-18;1254;2904;382196;324969;58.2;49.5
01;2021-08-19;1299;2424;383495;327393;58.4;49.8
01;2021-08-20;1453;3952;384948;331345;58.6;50.4
01;2021-08-21;881;2848;385829;334193;58.7;50.9
01;2021-08-22;19;20;385848;334213;58.7;50.9
01;2021-08-23;1112;3018;386960;337231;58.9;51.3
01;2021-08-24;1222;3148;388182;340379;59.1;51.8
01;2021-08-25;1121;2986;389303;343365;59.3;52.3
01;2021-08-26;1640;2734;390943;346099;59.5;52.7
01;2021-08-27;1635;3647;392578;349746;59.8;53.2
01;2021-08-28;1040;2589;393618;352335;59.9;53.6
01;2021-08-29;16;31;393634;352366;59.9;53.6
01;2021-08-30;1180;2733;394814;355099;60.1;54.1
01;2021-08-31;1088;1944;395902;357043;60.3;54.3
01;2021-09-01;908;1869;396810;358912;60.4;54.6
01;2021-09-02;797;1755;397607;360667;60.5;54.9
01;2021-09-03;1129;2399;398736;363066;60.7;55.3
01;2021-09-04;795;2003;399531;365069;60.8;55.6
01;2021-09-05;97;81;399628;365150;60.8;55.6
01;2021-09-06;647;1398;400275;366548;60.9;55.8
01;2021-09-07;575;1200;400850;367748;61.0;56.0
01;2021-09-08;811;1574;401661;369322;61.1;56.2
01;2021-09-09;737;1270;402398;370592;61.3;56.4
01;2021-09-10;1026;1808;403424;372400;61.4;56.7
01;2021-09-11;734;1492;404158;373892;61.5;56.9
01;2021-09-12;20;40;404178;373932;61.5;56.9
02;2020-12-27;0;0;0;0;0.0;0.0
02;2020-12-28;0;0;0;0;0.0;0.0
02;2020-12-29;0;0;0;0;0.0;0.0
02;2020-12-30;0;0;0;0;0.0;0.0
02;2020-12-31;0;0;0;0;0.0;0.0
02;2021-01-01;0;0;0;0;0.0;0.0
02;2021-01-02;0;0;0;0;0.0;0.0
02;2021-01-03;0;0;0;0;0.0;0.0
02;2021-01-04;0;0;0;0;0.0;0.0
02;2021-01-05;0;0;0;0;0.0;0.0
02;2021-01-06;22;0;22;0;0.0;0.0
02;2021-01-07;261;2;283;2;0.1;0.0
02;2021-01-08;489;3;772;5;0.1;0.0
02;2021-01-09;74;0;846;5;0.2;0.0
02;2021-01-10;49;0;895;5;0.2;0.0
02;2021-01-11;267;0;1162;5;0.2;0.0
02;2021-01-12;355;1;1517;6;0.3;0.0
02;2021-01-13;468;4;1985;10;0.4;0.0
02;2021-01-14;651;11;2636;21;0.5;0.0
02;2021-01-15;631;6;3267;27;0.6;0.0
02;2021-01-16;333;4;3600;31;0.7;0.0
02;2021-01-17;62;0;3662;31;0.7;0.0
02;2021-01-18;811;8;4473;39;0.9;0.0
02;2021-01-19;942;5;5415;44;1.0;0.0
02;2021-01-20;1430;5;6845;49;1.3;0.0
02;2021-01-21;2602;5;9447;54;1.8;0.0
02;2021-01-22;1421;5;10868;59;2.1;0.0
02;2021-01-23;291;1;11159;60;2.1;0.0
02;2021-01-24;67;0;11226;60;2.1;0.0
02;2021-01-25;432;8;11658;68;2.2;0.0
02;2021-01-26;704;14;12362;82;2.3;0.0
02;2021-01-27;162;2;12524;84;2.4;0.0
02;2021-01-28;69;230;12593;314;2.4;0.1
02;2021-01-29;119;396;12712;710;2.4;0.1
02;2021-01-30;4;13;12716;723;2.4;0.1
02;2021-01-31;0;10;12716;733;2.4;0.1
02;2021-02-01;11;200;12727;933;2.4;0.2
02;2021-02-02;45;314;12772;1247;2.4;0.2
02;2021-02-03;124;310;12896;1557;2.5;0.3
02;2021-02-04;227;327;13123;1884;2.5;0.4
02;2021-02-05;178;368;13301;2252;2.5;0.4
02;2021-02-06;68;151;13369;2403;2.5;0.5
02;2021-02-07;9;0;13378;2403;2.5;0.5
02;2021-02-08;305;400;13683;2803;2.6;0.5
02;2021-02-09;322;616;14005;3419;2.7;0.6
02;2021-02-10;485;968;14490;4387;2.8;0.8
02;2021-02-11;936;1779;15426;6166;2.9;1.2
02;2021-02-12;885;1032;16311;7198;3.1;1.4
02;2021-02-13;290;118;16601;7316;3.2;1.4
02;2021-02-14;1;5;16602;7321;3.2;1.4
02;2021-02-15;344;566;16946;7887;3.2;1.5
02;2021-02-16;413;466;17359;8353;3.3;1.6
02;2021-02-17;498;518;17857;8871;3.4;1.7
02;2021-02-18;507;376;18364;9247;3.5;1.8
02;2021-02-19;444;492;18808;9739;3.6;1.9
02;2021-02-20;372;205;19180;9944;3.6;1.9
02;2021-02-21;39;17;19219;9961;3.7;1.9
02;2021-02-22;377;266;19596;10227;3.7;1.9
02;2021-02-23;432;318;20028;10545;3.8;2.0
02;2021-02-24;600;134;20628;10679;3.9;2.0
02;2021-02-25;870;124;21498;10803;4.1;2.1
02;2021-02-26;808;72;22306;10875;4.2;2.1
02;2021-02-27;445;14;22751;10889;4.3;2.1
02;2021-02-28;55;2;22806;10891;4.3;2.1
02;2021-03-01;638;24;23444;10915;4.5;2.1
02;2021-03-02;1032;127;24476;11042;4.7;2.1
02;2021-03-03;754;203;25230;11245;4.8;2.1
02;2021-03-04;1162;621;26392;11866;5.0;2.3
02;2021-03-05;1048;499;27440;12365;5.2;2.4
02;2021-03-06;2139;95;29579;12460;5.6;2.4
02;2021-03-07;1505;49;31084;12509;5.9;2.4
02;2021-03-08;574;348;31658;12857;6.0;2.4
02;2021-03-09;998;378;32656;13235;6.2;2.5
02;2021-03-10;895;445;33551;13680;6.4;2.6
02;2021-03-11;1294;380;34845;14060;6.6;2.7
02;2021-03-12;1705;404;36550;14464;6.9;2.7
02;2021-03-13;2592;239;39142;14703;7.4;2.8
02;2021-03-14;1457;43;40599;14746;7.7;2.8
02;2021-03-15;612;449;41211;15195;7.8;2.9
02;2021-03-16;863;401;42074;15596;8.0;3.0
02;2021-03-17;759;439;42833;16035;8.1;3.0
02;2021-03-18;608;610;43441;16645;8.3;3.2
02;2021-03-19;1172;296;44613;16941;8.5;3.2
02;2021-03-20;2430;157;47043;17098;8.9;3.3
02;2021-03-21;1488;82;48531;17180;9.2;3.3
02;2021-03-22;762;490;49293;17670;9.4;3.4
02;2021-03-23;1194;543;50487;18213;9.6;3.5
02;2021-03-24;1582;501;52069;18714;9.9;3.6
02;2021-03-25;1694;589;53763;19303;10.2;3.7
02;2021-03-26;2412;491;56175;19794;10.7;3.8
02;2021-03-27;2495;138;58670;19932;11.2;3.8
02;2021-03-28;638;14;59308;19946;11.3;3.8
02;2021-03-29;1038;853;60346;20799;11.5;4.0
02;2021-03-30;1554;841;61900;21640;11.8;4.1
02;2021-03-31;1299;712;63199;22352;12.0;4.2
02;2021-04-01;1290;860;64489;23212;12.3;4.4
02;2021-04-02;1184;1228;65673;24440;12.5;4.6
02;2021-04-03;2647;849;68320;25289;13.0;4.8
02;2021-04-04;727;240;69047;25529;13.1;4.9
02;2021-04-05;1509;133;70556;25662;13.4;4.9
02;2021-04-06;1540;852;72096;26514;13.7;5.0
02;2021-04-07;1871;778;73967;27292;14.1;5.2
02;2021-04-08;1919;1103;75886;28395;14.4;5.4
02;2021-04-09;2433;1093;78319;29488;14.9;5.6
02;2021-04-10;2430;1210;80749;30698;15.4;5.8
02;2021-04-11;476;416;81225;31114;15.4;5.9
02;2021-04-12;1824;620;83049;31734;15.8;6.0
02;2021-04-13;1601;922;84650;32656;16.1;6.2
02;2021-04-14;2584;976;87234;33632;16.6;6.4
02;2021-04-15;2496;777;89730;34409;17.1;6.5
02;2021-04-16;2439;1131;92169;35540;17.5;6.8
02;2021-04-17;1890;2141;94059;37681;17.9;7.2
02;2021-04-18;270;812;94329;38493;17.9;7.3
02;2021-04-19;1158;633;95487;39126;18.2;7.4
02;2021-04-20;1676;765;97163;39891;18.5;7.6
02;2021-04-21;1550;994;98713;40885;18.8;7.8
02;2021-04-22;1748;704;100461;41589;19.1;7.9
02;2021-04-23;1930;1410;102391;42999;19.5;8.2
02;2021-04-24;1714;1638;104105;44637;19.8;8.5
02;2021-04-25;462;235;104567;44872;19.9;8.5
02;2021-04-26;1339;561;105906;45433;20.1;8.6
02;2021-04-27;1627;1092;107533;46525;20.4;8.8
02;2021-04-28;1592;1429;109125;47954;20.7;9.1
02;2021-04-29;1888;1170;111013;49124;21.1;9.3
02;2021-04-30;2717;1649;113730;50773;21.6;9.7
02;2021-05-01;1991;1229;115721;52002;22.0;9.9
02;2021-05-02;1982;420;117703;52422;22.4;10.0
02;2021-05-03;2225;985;119928;53407;22.8;10.2
02;2021-05-04;1523;1308;121451;54715;23.1;10.4
02;2021-05-05;2330;1842;123781;56557;23.5;10.8
02;2021-05-06;2123;1735;125904;58292;23.9;11.1
02;2021-05-07;2358;2174;128262;60466;24.4;11.5
02;2021-05-08;2920;951;131182;61417;24.9;11.7
02;2021-05-09;1822;421;133004;61838;25.3;11.8
02;2021-05-10;2375;1479;135379;63317;25.7;12.0
02;2021-05-11;2878;1575;138257;64892;26.3;12.3
02;2021-05-12;2675;1611;140932;66503;26.8;12.6
02;2021-05-13;2991;1038;143923;67541;27.4;12.8
02;2021-05-14;3382;1200;147305;68741;28.0;13.1
02;2021-05-15;4374;1082;151679;69823;28.8;13.3
02;2021-05-16;2797;213;154476;70036;29.4;13.3
02;2021-05-17;2147;664;156623;70700;29.8;13.4
02;2021-05-18;2635;973;159258;71673;30.3;13.6
02;2021-05-19;2852;1000;162110;72673;30.8;13.8
02;2021-05-20;3554;1233;165664;73906;31.5;14.0
02;2021-05-21;3819;1070;169483;74976;32.2;14.3
02;2021-05-22;5847;969;175330;75945;33.3;14.4
02;2021-05-23;2659;240;177989;76185;33.8;14.5
02;2021-05-24;3542;541;181531;76726;34.5;14.6
02;2021-05-25;2260;1163;183791;77889;34.9;14.8
02;2021-05-26;3080;1498;186871;79387;35.5;15.1
02;2021-05-27;3651;1488;190522;80875;36.2;15.4
02;2021-05-28;3514;1577;194036;82452;36.9;15.7
02;2021-05-29;4081;1562;198117;84014;37.7;16.0
02;2021-05-30;1449;177;199566;84191;37.9;16.0
02;2021-05-31;2575;1190;202141;85381;38.4;16.2
02;2021-06-01;2870;1870;205011;87251;39.0;16.6
02;2021-06-02;3160;1651;208171;88902;39.6;16.9
02;2021-06-03;2857;1832;211028;90734;40.1;17.2
02;2021-06-04;3142;2056;214170;92790;40.7;17.6
02;2021-06-05;3441;1734;217611;94524;41.4;18.0
02;2021-06-06;1738;259;219349;94783;41.7;18.0
02;2021-06-07;1613;1499;220962;96282;42.0;18.3
02;2021-06-08;2063;1840;223025;98122;42.4;18.7
02;2021-06-09;2057;1645;225082;99767;42.8;19.0
02;2021-06-10;2011;1838;227093;101605;43.2;19.3
02;2021-06-11;2194;3073;229287;104678;43.6;19.9
02;2021-06-12;2312;2595;231599;107273;44.0;20.4
02;2021-06-13;684;1387;232283;108660;44.2;20.7
02;2021-06-14;1049;2392;233332;111052;44.4;21.1
02;2021-06-15;1519;2459;234851;113511;44.6;21.6
02;2021-06-16;1534;2750;236385;116261;44.9;22.1
02;2021-06-17;1782;2855;238167;119116;45.3;22.6
02;2021-06-18;2312;3570;240479;122686;45.7;23.3
02;2021-06-19;1841;3820;242320;126506;46.1;24.0
02;2021-06-20;644;1522;242964;128028;46.2;24.3
02;2021-06-21;808;3193;243772;131221;46.3;24.9
02;2021-06-22;1155;3668;244927;134889;46.6;25.6
02;2021-06-23;1227;3588;246154;138477;46.8;26.3
02;2021-06-24;1327;3149;247481;141626;47.0;26.9
02;2021-06-25;1400;4544;248881;146170;47.3;27.8
02;2021-06-26;1346;4228;250227;150398;47.6;28.6
02;2021-06-27;600;2334;250827;152732;47.7;29.0
02;2021-06-28;877;3021;251704;155753;47.8;29.6
02;2021-06-29;919;2929;252623;158682;48.0;30.2
02;2021-06-30;1510;3162;254133;161844;48.3;30.8
02;2021-07-01;1196;3592;255329;165436;48.5;31.4
02;2021-07-02;1360;5134;256689;170570;48.8;32.4
02;2021-07-03;999;5989;257688;176559;49.0;33.6
02;2021-07-04;509;2370;258197;178929;49.1;34.0
02;2021-07-05;661;3937;258858;182866;49.2;34.8
02;2021-07-06;674;3046;259532;185912;49.3;35.3
02;2021-07-07;1322;3723;260854;189635;49.6;36.0
02;2021-07-08;1394;3870;262248;193505;49.9;36.8
02;2021-07-09;1281;4213;263529;197718;50.1;37.6
02;2021-07-10;1332;4605;264861;202323;50.3;38.5
02;2021-07-11;481;1968;265342;204291;50.4;38.8
02;2021-07-12;1416;3726;266758;208017;50.7;39.5
02;2021-07-13;2066;3662;268824;211679;51.1;40.2
02;2021-07-14;1755;1600;270579;213279;51.4;40.5
02;2021-07-15;2725;3560;273304;216839;52.0;41.2
02;2021-07-16;3166;4217;276470;221056;52.6;42.0
02;2021-07-17;3563;4229;280033;225285;53.2;42.8
02;2021-07-18;2038;1614;282071;226899;53.6;43.1
02;2021-07-19;3440;3034;285511;229933;54.3;43.7
02;2021-07-20;3500;3300;289011;233233;54.9;44.3
02;2021-07-21;3910;2953;292921;236186;55.7;44.9
02;2021-07-22;3323;2802;296244;238988;56.3;45.4
02;2021-07-23;3208;3557;299452;242545;56.9;46.1
02;2021-07-24;4448;3723;303900;246268;57.8;46.8
02;2021-07-25;2192;1090;306092;247358;58.2;47.0
02;2021-07-26;3878;2253;309970;249611;58.9;47.5
02;2021-07-27;3662;2148;313632;251759;59.6;47.9
02;2021-07-28;3282;2097;316914;253856;60.2;48.3
02;2021-07-29;2583;2224;319497;256080;60.7;48.7
02;2021-07-30;3315;2304;322812;258384;61.4;49.1
02;2021-07-31;4186;2278;326998;260662;62.2;49.6
02;2021-08-01;1475;692;328473;261354;62.4;49.7
02;2021-08-02;2039;1601;330512;262955;62.8;50.0
02;2021-08-03;2534;1898;333046;264853;63.3;50.3
02;2021-08-04;2568;1707;335614;266560;63.8;50.7
02;2021-08-05;1849;2267;337463;268827;64.2;51.1
02;2021-08-06;2096;2743;339559;271570;64.5;51.6
02;2021-08-07;2522;2788;342081;274358;65.0;52.2
02;2021-08-08;1027;1572;343108;275930;65.2;52.5
02;2021-08-09;1898;2749;345006;278679;65.6;53.0
02;2021-08-10;1766;2459;346772;281138;65.9;53.4
02;2021-08-11;1481;2109;348253;283247;66.2;53.8
02;2021-08-12;1209;2332;349462;285579;66.4;54.3
02;2021-08-13;1610;2909;351072;288488;66.7;54.8
02;2021-08-14;1665;3691;352737;292179;67.1;55.5
02;2021-08-15;161;572;352898;292751;67.1;55.7
02;2021-08-16;1270;3757;354168;296508;67.3;56.4
02;2021-08-17;1419;2840;355587;299348;67.6;56.9
02;2021-08-18;1576;3182;357163;302530;67.9;57.5
02;2021-08-19;1134;3219;358297;305749;68.1;58.1
02;2021-08-20;1197;2949;359494;308698;68.3;58.7
02;2021-08-21;1447;4081;360941;312779;68.6;59.5
02;2021-08-22;407;1656;361348;314435;68.7;59.8
02;2021-08-23;1151;3075;362499;317510;68.9;60.4
02;2021-08-24;903;2184;363402;319694;69.1;60.8
02;2021-08-25;1019;2593;364421;322287;69.3;61.3
02;2021-08-26;910;2333;365331;324620;69.4;61.7
02;2021-08-27;964;2615;366295;327235;69.6;62.2
02;2021-08-28;1299;3424;367594;330659;69.9;62.9
02;2021-08-29;328;1170;367922;331829;69.9;63.1
02;2021-08-30;993;2470;368915;334299;70.1;63.5
02;2021-08-31;858;2255;369773;336554;70.3;64.0
02;2021-09-01;702;1546;370475;338100;70.4;64.3
02;2021-09-02;647;1760;371122;339860;70.5;64.6
02;2021-09-03;690;1955;371812;341815;70.7;65.0
02;2021-09-04;846;2836;372658;344651;70.8;65.5
02;2021-09-05;226;531;372884;345182;70.9;65.6
02;2021-09-06;402;1035;373286;346217;71.0;65.8
02;2021-09-07;450;1399;373736;347616;71.0;66.1
02;2021-09-08;507;1874;374243;349490;71.1;66.4
02;2021-09-09;432;1326;374675;350816;71.2;66.7
02;2021-09-10;555;1545;375230;352361;71.3;67.0
02;2021-09-11;706;2272;375936;354633;71.5;67.4
02;2021-09-12;87;284;376023;354917;71.5;67.5
03;2020-12-27;0;0;0;0;0.0;0.0
03;2020-12-28;1;0;1;0;0.0;0.0
03;2020-12-29;0;0;1;0;0.0;0.0
03;2020-12-30;1;0;2;0;0.0;0.0
03;2020-12-31;0;0;2;0;0.0;0.0
03;2021-01-01;0;0;2;0;0.0;0.0
03;2021-01-02;0;0;2;0;0.0;0.0
03;2021-01-03;0;0;2;0;0.0;0.0
03;2021-01-04;0;0;2;0;0.0;0.0
03;2021-01-05;0;0;2;0;0.0;0.0
03;2021-01-06;10;0;12;0;0.0;0.0
03;2021-01-07;61;0;73;0;0.0;0.0
03;2021-01-08;146;1;219;1;0.1;0.0
03;2021-01-09;122;0;341;1;0.1;0.0
03;2021-01-10;6;0;347;1;0.1;0.0
03;2021-01-11;412;1;759;2;0.2;0.0
03;2021-01-12;631;0;1390;2;0.4;0.0
03;2021-01-13;669;2;2059;4;0.6;0.0
03;2021-01-14;861;4;2920;8;0.9;0.0
03;2021-01-15;387;3;3307;11;1.0;0.0
03;2021-01-16;278;0;3585;11;1.1;0.0
03;2021-01-17;42;0;3627;11;1.1;0.0
03;2021-01-18;878;0;4505;11;1.4;0.0
03;2021-01-19;1150;2;5655;13;1.7;0.0
03;2021-01-20;1290;3;6945;16;2.1;0.0
03;2021-01-21;1200;5;8145;21;2.5;0.0
03;2021-01-22;1117;4;9262;25;2.8;0.0
03;2021-01-23;466;0;9728;25;2.9;0.0
03;2021-01-24;0;0;9728;25;2.9;0.0
03;2021-01-25;187;0;9915;25;3.0;0.0
03;2021-01-26;679;7;10594;32;3.2;0.0
03;2021-01-27;695;10;11289;42;3.4;0.0
03;2021-01-28;1020;40;12309;82;3.7;0.0
03;2021-01-29;856;78;13165;160;4.0;0.0
03;2021-01-30;600;2;13765;162;4.2;0.0
03;2021-01-31;0;0;13765;162;4.2;0.0
03;2021-02-01;160;69;13925;231;4.2;0.1
03;2021-02-02;767;230;14692;461;4.4;0.1
03;2021-02-03;1056;426;15748;887;4.8;0.3
03;2021-02-04;1558;599;17306;1486;5.2;0.4
03;2021-02-05;948;300;18254;1786;5.5;0.5
03;2021-02-06;152;13;18406;1799;5.6;0.5
03;2021-02-07;5;0;18411;1799;5.6;0.5
03;2021-02-08;128;51;18539;1850;5.6;0.6
03;2021-02-09;612;436;19151;2286;5.8;0.7
03;2021-02-10;485;332;19636;2618;5.9;0.8
03;2021-02-11;1026;558;20662;3176;6.2;1.0
03;2021-02-12;1078;523;21740;3699;6.6;1.1
03;2021-02-13;126;156;21866;3855;6.6;1.2
03;2021-02-14;0;1;21866;3856;6.6;1.2
03;2021-02-15;309;659;22175;4515;6.7;1.4
03;2021-02-16;548;979;22723;5494;6.9;1.7
03;2021-02-17;453;1123;23176;6617;7.0;2.0
03;2021-02-18;368;1067;23544;7684;7.1;2.3
03;2021-02-19;496;696;24040;8380;7.3;2.5
03;2021-02-20;128;152;24168;8532;7.3;2.6
03;2021-02-21;2;1;24170;8533;7.3;2.6
03;2021-02-22;158;174;24328;8707;7.3;2.6
03;2021-02-23;720;795;25048;9502;7.6;2.9
03;2021-02-24;609;897;25657;10399;7.7;3.1
03;2021-02-25;1093;1622;26750;12021;8.1;3.6
03;2021-02-26;821;1260;27571;13281;8.3;4.0
03;2021-02-27;96;221;27667;13502;8.4;4.1
03;2021-02-28;0;14;27667;13516;8.4;4.1
03;2021-03-01;178;226;27845;13742;8.4;4.1
03;2021-03-02;818;616;28663;14358;8.7;4.3
03;2021-03-03;903;413;29566;14771;8.9;4.5
03;2021-03-04;1540;547;31106;15318;9.4;4.6
03;2021-03-05;1121;691;32227;16009;9.7;4.8
03;2021-03-06;915;109;33142;16118;10.0;4.9
03;2021-03-07;2;0;33144;16118;10.0;4.9
03;2021-03-08;239;238;33383;16356;10.1;4.9
03;2021-03-09;1016;423;34399;16779;10.4;5.1
03;2021-03-10;941;525;35340;17304;10.7;5.2
03;2021-03-11;1676;638;37016;17942;11.2;5.4
03;2021-03-12;1302;842;38318;18784;11.6;5.7
03;2021-03-13;863;113;39181;18897;11.8;5.7
03;2021-03-14;2;5;39183;18902;11.8;5.7
03;2021-03-15;250;198;39433;19100;11.9;5.8
03;2021-03-16;650;402;40083;19502;12.1;5.9
03;2021-03-17;1303;428;41386;19930;12.5;6.0
03;2021-03-18;1720;394;43106;20324;13.0;6.1
03;2021-03-19;1728;362;44834;20686;13.5;6.2
03;2021-03-20;301;26;45135;20712;13.6;6.3
03;2021-03-21;1;0;45136;20712;13.6;6.3
03;2021-03-22;222;393;45358;21105;13.7;6.4
03;2021-03-23;1355;353;46713;21458;14.1;6.5
03;2021-03-24;1824;349;48537;21807;14.6;6.6
03;2021-03-25;2368;565;50905;22372;15.4;6.8
03;2021-03-26;2239;446;53144;22818;16.0;6.9
03;2021-03-27;816;21;53960;22839;16.3;6.9
03;2021-03-28;1;39;53961;22878;16.3;6.9
03;2021-03-29;659;175;54620;23053;16.5;7.0
03;2021-03-30;1908;447;56528;23500;17.1;7.1
03;2021-03-31;1014;982;57542;24482;17.4;7.4
03;2021-04-01;1375;1094;58917;25576;17.8;7.7
03;2021-04-02;1706;614;60623;26190;18.3;7.9
03;2021-04-03;366;99;60989;26289;18.4;7.9
03;2021-04-04;3;0;60992;26289;18.4;7.9
03;2021-04-05;18;14;61010;26303;18.4;7.9
03;2021-04-06;1073;410;62083;26713;18.7;8.1
03;2021-04-07;1562;522;63645;27235;19.2;8.2
03;2021-04-08;2121;482;65766;27717;19.8;8.4
03;2021-04-09;2057;1161;67823;28878;20.5;8.7
03;2021-04-10;1013;73;68836;28951;20.8;8.7
03;2021-04-11;478;9;69314;28960;20.9;8.7
03;2021-04-12;985;226;70299;29186;21.2;8.8
03;2021-04-13;1873;988;72172;30174;21.8;9.1
03;2021-04-14;2337;1222;74509;31396;22.5;9.5
03;2021-04-15;2621;1402;77130;32798;23.3;9.9
03;2021-04-16;2836;1179;79966;33977;24.1;10.3
03;2021-04-17;1082;441;81048;34418;24.5;10.4
03;2021-04-18;0;0;81048;34418;24.5;10.4
03;2021-04-19;1191;586;82239;35004;24.8;10.6
03;2021-04-20;1748;1274;83987;36278;25.3;10.9
03;2021-04-21;1122;1293;85109;37571;25.7;11.3
03;2021-04-22;1675;998;86784;38569;26.2;11.6
03;2021-04-23;2479;1272;89263;39841;26.9;12.0
03;2021-04-24;1301;920;90564;40761;27.3;12.3
03;2021-04-25;350;16;90914;40777;27.4;12.3
03;2021-04-26;1332;464;92246;41241;27.8;12.4
03;2021-04-27;1767;1519;94013;42760;28.4;12.9
03;2021-04-28;1930;1120;95943;43880;29.0;13.2
03;2021-04-29;2371;1238;98314;45118;29.7;13.6
03;2021-04-30;1931;806;100245;45924;30.3;13.9
03;2021-05-01;437;491;100682;46415;30.4;14.0
03;2021-05-02;2;1;100684;46416;30.4;14.0
03;2021-05-03;1912;774;102596;47190;31.0;14.2
03;2021-05-04;2845;1632;105441;48822;31.8;14.7
03;2021-05-05;2603;1325;108044;50147;32.6;15.1
03;2021-05-06;3097;2008;111141;52155;33.5;15.7
03;2021-05-07;4729;1792;115870;53947;35.0;16.3
03;2021-05-08;661;381;116531;54328;35.2;16.4
03;2021-05-09;49;511;116580;54839;35.2;16.6
03;2021-05-10;1892;1481;118472;56320;35.8;17.0
03;2021-05-11;3900;1840;122372;58160;36.9;17.6
03;2021-05-12;2971;1522;125343;59682;37.8;18.0
03;2021-05-13;4383;409;129726;60091;39.2;18.1
03;2021-05-14;3655;1697;133381;61788;40.3;18.6
03;2021-05-15;1942;490;135323;62278;40.8;18.8
03;2021-05-16;517;57;135840;62335;41.0;18.8
03;2021-05-17;1277;863;137117;63198;41.4;19.1
03;2021-05-18;3070;1505;140187;64703;42.3;19.5
03;2021-05-19;2623;968;142810;65671;43.1;19.8
03;2021-05-20;3336;1141;146146;66812;44.1;20.2
03;2021-05-21;4195;1282;150341;68094;45.4;20.6
03;2021-05-22;2012;359;152353;68453;46.0;20.7
03;2021-05-23;641;73;152994;68526;46.2;20.7
03;2021-05-24;2655;216;155649;68742;47.0;20.7
03;2021-05-25;3070;1688;158719;70430;47.9;21.3
03;2021-05-26;2338;1043;161057;71473;48.6;21.6
03;2021-05-27;2947;1127;164004;72600;49.5;21.9
03;2021-05-28;3849;2280;167853;74880;50.7;22.6
03;2021-05-29;1748;603;169601;75483;51.2;22.8
03;2021-05-30;242;23;169843;75506;51.3;22.8
03;2021-05-31;697;569;170540;76075;51.5;23.0
03;2021-06-01;2303;2346;172843;78421;52.2;23.7
03;2021-06-02;1535;1748;174378;80169;52.6;24.2
03;2021-06-03;2060;2753;176438;82922;53.3;25.0
03;2021-06-04;1699;2506;178137;85428;53.8;25.8
03;2021-06-05;1076;1143;179213;86571;54.1;26.1
03;2021-06-06;59;7;179272;86578;54.1;26.1
03;2021-06-07;785;1815;180057;88393;54.3;26.7
03;2021-06-08;1457;2556;181514;90949;54.8;27.5
03;2021-06-09;1267;1876;182781;92825;55.2;28.0
03;2021-06-10;1380;2124;184161;94949;55.6;28.7
03;2021-06-11;1503;3449;185664;98398;56.0;29.7
03;2021-06-12;831;823;186495;99221;56.3;29.9
03;2021-06-13;20;10;186515;99231;56.3;30.0
03;2021-06-14;381;2175;186896;101406;56.4;30.6
03;2021-06-15;1316;3834;188212;105240;56.8;31.8
03;2021-06-16;788;2888;189000;108128;57.0;32.6
03;2021-06-17;1083;3334;190083;111462;57.4;33.6
03;2021-06-18;1109;3978;191192;115440;57.7;34.8
03;2021-06-19;641;1618;191833;117058;57.9;35.3
03;2021-06-20;20;8;191853;117066;57.9;35.3
03;2021-06-21;462;2636;192315;119702;58.0;36.1
03;2021-06-22;1026;4004;193341;123706;58.4;37.3
03;2021-06-23;716;3285;194057;126991;58.6;38.3
03;2021-06-24;984;3862;195041;130853;58.9;39.5
03;2021-06-25;1019;3893;196060;134746;59.2;40.7
03;2021-06-26;513;2040;196573;136786;59.3;41.3
03;2021-06-27;65;486;196638;137272;59.4;41.4
03;2021-06-28;640;2097;197278;139369;59.5;42.1
03;2021-06-29;1029;3331;198307;142700;59.9;43.1
03;2021-06-30;831;3119;199138;145819;60.1;44.0
03;2021-07-01;986;2937;200124;148756;60.4;44.9
03;2021-07-02;920;4095;201044;152851;60.7;46.1
03;2021-07-03;487;1884;201531;154735;60.8;46.7
03;2021-07-04;20;332;201551;155067;60.8;46.8
03;2021-07-05;817;2381;202368;157448;61.1;47.5
03;2021-07-06;1171;3462;203539;160910;61.4;48.6
03;2021-07-07;805;2619;204344;163529;61.7;49.4
03;2021-07-08;1060;3042;205404;166571;62.0;50.3
03;2021-07-09;1471;3627;206875;170198;62.4;51.4
03;2021-07-10;509;1926;207384;172124;62.6;52.0
03;2021-07-11;61;492;207445;172616;62.6;52.1
03;2021-07-12;939;1149;208384;173765;62.9;52.4
03;2021-07-13;2613;3151;210997;176916;63.7;53.4
03;2021-07-14;195;25;211192;176941;63.7;53.4
03;2021-07-15;2613;2455;213805;179396;64.5;54.1
03;2021-07-16;2736;2277;216541;181673;65.4;54.8
03;2021-07-17;1033;1626;217574;183299;65.7;55.3
03;2021-07-18;31;6;217605;183305;65.7;55.3
03;2021-07-19;2392;1276;219997;184581;66.4;55.7
03;2021-07-20;3076;3032;223073;187613;67.3;56.6
03;2021-07-21;3213;1438;226286;189051;68.3;57.1
03;2021-07-22;2853;1887;229139;190938;69.2;57.6
03;2021-07-23;3206;1306;232345;192244;70.1;58.0
03;2021-07-24;588;581;232933;192825;70.3;58.2
03;2021-07-25;18;5;232951;192830;70.3;58.2
03;2021-07-26;2045;1578;234996;194408;70.9;58.7
03;2021-07-27;3325;2233;238321;196641;71.9;59.4
03;2021-07-28;2715;1115;241036;197756;72.8;59.7
03;2021-07-29;2548;1661;243584;199417;73.5;60.2
03;2021-07-30;2136;1453;245720;200870;74.2;60.6
03;2021-07-31;965;893;246685;201763;74.5;60.9
03;2021-08-01;13;20;246698;201783;74.5;60.9
03;2021-08-02;1679;1605;248377;203388;75.0;61.4
03;2021-08-03;2224;2774;250601;206162;75.6;62.2
03;2021-08-04;2195;891;252796;207053;76.3;62.5
03;2021-08-05;1265;1940;254061;208993;76.7;63.1
03;2021-08-06;1281;1025;255342;210018;77.1;63.4
03;2021-08-07;606;494;255948;210512;77.3;63.5
03;2021-08-08;66;29;256014;210541;77.3;63.5
03;2021-08-09;598;1305;256612;211846;77.5;63.9
03;2021-08-10;1678;3469;258290;215315;78.0;65.0
03;2021-08-11;1336;2530;259626;217845;78.4;65.8
03;2021-08-12;1138;3513;260764;221358;78.7;66.8
03;2021-08-13;772;1051;261536;222409;78.9;67.1
03;2021-08-14;379;567;261915;222976;79.1;67.3
03;2021-08-15;9;61;261924;223037;79.1;67.3
03;2021-08-16;723;2695;262647;225732;79.3;68.1
03;2021-08-17;1077;3219;263724;228951;79.6;69.1
03;2021-08-18;1162;2156;264886;231107;79.9;69.8
03;2021-08-19;1007;3049;265893;234156;80.3;70.7
03;2021-08-20;719;1139;266612;235295;80.5;71.0
03;2021-08-21;419;726;267031;236021;80.6;71.2
03;2021-08-22;8;6;267039;236027;80.6;71.2
03;2021-08-23;775;2287;267814;238314;80.8;71.9
03;2021-08-24;891;2408;268705;240722;81.1;72.7
03;2021-08-25;928;2025;269633;242747;81.4;73.3
03;2021-08-26;570;1435;270203;244182;81.6;73.7
03;2021-08-27;456;1580;270659;245762;81.7;74.2
03;2021-08-28;218;674;270877;246436;81.8;74.4
03;2021-08-29;4;0;270881;246436;81.8;74.4
03;2021-08-30;766;1469;271647;247905;82.0;74.8
03;2021-08-31;692;2052;272339;249957;82.2;75.4
03;2021-09-01;598;1512;272937;251469;82.4;75.9
03;2021-09-02;477;1234;273414;252703;82.5;76.3
03;2021-09-03;489;1186;273903;253889;82.7;76.6
03;2021-09-04;251;630;274154;254519;82.7;76.8
03;2021-09-05;5;11;274159;254530;82.7;76.8
03;2021-09-06;320;1098;274479;255628;82.8;77.2
03;2021-09-07;571;1593;275050;257221;83.0;77.6
03;2021-09-08;422;1538;275472;258759;83.1;78.1
03;2021-09-09;270;949;275742;259708;83.2;78.4
03;2021-09-10;406;1235;276148;260943;83.3;78.8
03;2021-09-11;202;685;276350;261628;83.4;79.0
03;2021-09-12;0;19;276350;261647;83.4;79.0
04;2020-12-27;0;0;0;0;0.0;0.0
04;2020-12-28;1;0;1;0;0.0;0.0
04;2020-12-29;0;0;1;0;0.0;0.0
04;2020-12-30;0;0;1;0;0.0;0.0
04;2020-12-31;0;0;1;0;0.0;0.0
04;2021-01-01;0;0;1;0;0.0;0.0
04;2021-01-02;0;0;1;0;0.0;0.0
04;2021-01-03;0;0;1;0;0.0;0.0
04;2021-01-04;0;0;1;0;0.0;0.0
04;2021-01-05;4;0;5;0;0.0;0.0
04;2021-01-06;0;0;5;0;0.0;0.0
04;2021-01-07;61;0;66;0;0.0;0.0
04;2021-01-08;88;0;154;0;0.1;0.0
04;2021-01-09;57;0;211;0;0.1;0.0
04;2021-01-10;0;0;211;0;0.1;0.0
04;2021-01-11;77;0;288;0;0.2;0.0
04;2021-01-12;421;0;709;0;0.4;0.0
04;2021-01-13;245;2;954;2;0.6;0.0
04;2021-01-14;90;2;1044;4;0.6;0.0
04;2021-01-15;164;4;1208;8;0.7;0.0
04;2021-01-16;106;2;1314;10;0.8;0.0
04;2021-01-17;14;0;1328;10;0.8;0.0
04;2021-01-18;236;9;1564;19;0.9;0.0
04;2021-01-19;468;3;2032;22;1.2;0.0
04;2021-01-20;574;9;2606;31;1.6;0.0
04;2021-01-21;614;3;3220;34;1.9;0.0
04;2021-01-22;638;1;3858;35;2.3;0.0
04;2021-01-23;111;0;3969;35;2.4;0.0
04;2021-01-24;0;0;3969;35;2.4;0.0
04;2021-01-25;240;0;4209;35;2.5;0.0
04;2021-01-26;656;1;4865;36;2.9;0.0
04;2021-01-27;480;0;5345;36;3.2;0.0
04;2021-01-28;665;20;6010;56;3.6;0.0
04;2021-01-29;368;41;6378;97;3.9;0.1
04;2021-01-30;65;41;6443;138;3.9;0.1
04;2021-01-31;1;5;6444;143;3.9;0.1
04;2021-02-01;269;139;6713;282;4.1;0.2
04;2021-02-02;560;218;7273;500;4.4;0.3
04;2021-02-03;367;159;7640;659;4.6;0.4
04;2021-02-04;357;52;7997;711;4.8;0.4
04;2021-02-05;379;216;8376;927;5.1;0.6
04;2021-02-06;50;86;8426;1013;5.1;0.6
04;2021-02-07;2;22;8428;1035;5.1;0.6
04;2021-02-08;163;66;8591;1101;5.2;0.7
04;2021-02-09;194;116;8785;1217;5.3;0.7
04;2021-02-10;252;157;9037;1374;5.5;0.8
04;2021-02-11;364;259;9401;1633;5.7;1.0
04;2021-02-12;293;292;9694;1925;5.9;1.2
04;2021-02-13;26;88;9720;2013;5.9;1.2
04;2021-02-14;0;0;9720;2013;5.9;1.2
04;2021-02-15;31;142;9751;2155;5.9;1.3
04;2021-02-16;81;436;9832;2591;6.0;1.6
04;2021-02-17;67;377;9899;2968;6.0;1.8
04;2021-02-18;45;535;9944;3503;6.0;2.1
04;2021-02-19;52;315;9996;3818;6.1;2.3
04;2021-02-20;5;67;10001;3885;6.1;2.4
04;2021-02-21;0;0;10001;3885;6.1;2.4
04;2021-02-22;7;261;10008;4146;6.1;2.5
04;2021-02-23;19;513;10027;4659;6.1;2.8
04;2021-02-24;38;377;10065;5036;6.1;3.0
04;2021-02-25;72;330;10137;5366;6.1;3.2
04;2021-02-26;216;287;10353;5653;6.3;3.4
04;2021-02-27;179;67;10532;5720;6.4;3.5
04;2021-02-28;1;0;10533;5720;6.4;3.5
04;2021-03-01;18;67;10551;5787;6.4;3.5
04;2021-03-02;135;38;10686;5825;6.5;3.5
04;2021-03-03;375;581;11061;6406;6.7;3.9
04;2021-03-04;207;436;11268;6842;6.8;4.1
04;2021-03-05;236;330;11504;7172;7.0;4.3
04;2021-03-06;912;72;12416;7244;7.5;4.4
04;2021-03-07;498;25;12914;7269;7.8;4.4
04;2021-03-08;45;76;12959;7345;7.8;4.4
04;2021-03-09;215;241;13174;7586;8.0;4.6
04;2021-03-10;401;353;13575;7939;8.2;4.8
04;2021-03-11;495;329;14070;8268;8.5;5.0
04;2021-03-12;699;205;14769;8473;8.9;5.1
04;2021-03-13;1088;63;15857;8536;9.6;5.2
04;2021-03-14;461;3;16318;8539;9.9;5.2
04;2021-03-15;93;14;16411;8553;9.9;5.2
04;2021-03-16;74;8;16485;8561;10.0;5.2
04;2021-03-17;535;81;17020;8642;10.3;5.2
04;2021-03-18;815;25;17835;8667;10.8;5.2
04;2021-03-19;724;33;18559;8700;11.2;5.3
04;2021-03-20;159;3;18718;8703;11.3;5.3
04;2021-03-21;0;0;18718;8703;11.3;5.3
04;2021-03-22;105;13;18823;8716;11.4;5.3
04;2021-03-23;244;7;19067;8723;11.5;5.3
04;2021-03-24;1024;52;20091;8775;12.2;5.3
04;2021-03-25;1325;46;21416;8821;13.0;5.3
04;2021-03-26;1449;66;22865;8887;13.8;5.4
04;2021-03-27;266;19;23131;8906;14.0;5.4
04;2021-03-28;2;0;23133;8906;14.0;5.4
04;2021-03-29;681;13;23814;8919;14.4;5.4
04;2021-03-30;1086;143;24900;9062;15.1;5.5
04;2021-03-31;1327;107;26227;9169;15.9;5.6
04;2021-04-01;1133;133;27360;9302;16.6;5.6
04;2021-04-02;1185;111;28545;9413;17.3;5.7
04;2021-04-03;250;20;28795;9433;17.4;5.7
04;2021-04-04;1;0;28796;9433;17.4;5.7
04;2021-04-05;36;1;28832;9434;17.5;5.7
04;2021-04-06;928;148;29760;9582;18.0;5.8
04;2021-04-07;881;435;30641;10017;18.5;6.1
04;2021-04-08;926;698;31567;10715;19.1;6.5
04;2021-04-09;678;421;32245;11136;19.5;6.7
04;2021-04-10;231;191;32476;11327;19.7;6.9
04;2021-04-11;153;65;32629;11392;19.8;6.9
04;2021-04-12;593;101;33222;11493;20.1;7.0
04;2021-04-13;1190;240;34412;11733;20.8;7.1
04;2021-04-14;995;498;35407;12231;21.4;7.4
04;2021-04-15;921;672;36328;12903;22.0;7.8
04;2021-04-16;819;456;37147;13359;22.5;8.1
04;2021-04-17;211;69;37358;13428;22.6;8.1
04;2021-04-18;0;13;37358;13441;22.6;8.1
04;2021-04-19;338;288;37696;13729;22.8;8.3
04;2021-04-20;1005;444;38701;14173;23.4;8.6
04;2021-04-21;656;744;39357;14917;23.8;9.0
04;2021-04-22;759;853;40116;15770;24.3;9.5
04;2021-04-23;695;537;40811;16307;24.7;9.9
04;2021-04-24;165;65;40976;16372;24.8;9.9
04;2021-04-25;0;0;40976;16372;24.8;9.9
04;2021-04-26;172;611;41148;16983;24.9;10.3
04;2021-04-27;395;966;41543;17949;25.1;10.9
04;2021-04-28;432;1085;41975;19034;25.4;11.5
04;2021-04-29;687;1126;42662;20160;25.8;12.2
04;2021-04-30;436;847;43098;21007;26.1;12.7
04;2021-05-01;104;22;43202;21029;26.2;12.7
04;2021-05-02;8;131;43210;21160;26.2;12.8
04;2021-05-03;151;551;43361;21711;26.2;13.1
04;2021-05-04;564;837;43925;22548;26.6;13.6
04;2021-05-05;514;926;44439;23474;26.9;14.2
04;2021-05-06;1162;592;45601;24066;27.6;14.6
04;2021-05-07;657;755;46258;24821;28.0;15.0
04;2021-05-08;48;98;46306;24919;28.0;15.1
04;2021-05-09;0;0;46306;24919;28.0;15.1
04;2021-05-10;466;293;46772;25212;28.3;15.3
04;2021-05-11;1200;906;47972;26118;29.0;15.8
04;2021-05-12;1389;741;49361;26859;29.9;16.3
04;2021-05-13;378;131;49739;26990;30.1;16.3
04;2021-05-14;440;296;50179;27286;30.4;16.5
04;2021-05-15;99;162;50278;27448;30.4;16.6
04;2021-05-16;4;6;50282;27454;30.4;16.6
04;2021-05-17;155;298;50437;27752;30.5;16.8
04;2021-05-18;392;974;50829;28726;30.8;17.4
04;2021-05-19;773;688;51602;29414;31.2;17.8
04;2021-05-20;1258;551;52860;29965;32.0;18.1
04;2021-05-21;853;787;53713;30752;32.5;18.6
04;2021-05-22;105;146;53818;30898;32.6;18.7
04;2021-05-23;1;1;53819;30899;32.6;18.7
04;2021-05-24;2;36;53821;30935;32.6;18.7
04;2021-05-25;867;593;54688;31528;33.1;19.1
04;2021-05-26;1048;786;55736;32314;33.7;19.6
04;2021-05-27;1357;633;57093;32947;34.6;19.9
04;2021-05-28;1119;652;58212;33599;35.2;20.3
04;2021-05-29;90;398;58302;33997;35.3;20.6
04;2021-05-30;3;1;58305;33998;35.3;20.6
04;2021-05-31;421;417;58726;34415;35.5;20.8
04;2021-06-01;643;640;59369;35055;35.9;21.2
04;2021-06-02;871;1063;60240;36118;36.5;21.9
04;2021-06-03;1196;851;61436;36969;37.2;22.4
04;2021-06-04;977;778;62413;37747;37.8;22.8
04;2021-06-05;142;200;62555;37947;37.9;23.0
04;2021-06-06;7;13;62562;37960;37.9;23.0
04;2021-06-07;563;316;63125;38276;38.2;23.2
04;2021-06-08;843;595;63968;38871;38.7;23.5
04;2021-06-09;1148;685;65116;39556;39.4;23.9
04;2021-06-10;1147;585;66263;40141;40.1;24.3
04;2021-06-11;945;616;67208;40757;40.7;24.7
04;2021-06-12;212;144;67420;40901;40.8;24.8
04;2021-06-13;1;1;67421;40902;40.8;24.8
04;2021-06-14;478;303;67899;41205;41.1;24.9
04;2021-06-15;645;1003;68544;42208;41.5;25.6
04;2021-06-16;1022;786;69566;42994;42.1;26.0
04;2021-06-17;1001;960;70567;43954;42.7;26.6
04;2021-06-18;765;886;71332;44840;43.2;27.1
04;2021-06-19;40;85;71372;44925;43.2;27.2
04;2021-06-20;7;9;71379;44934;43.2;27.2
04;2021-06-21;306;615;71685;45549;43.4;27.6
04;2021-06-22;361;1310;72046;46859;43.6;28.4
04;2021-06-23;476;1313;72522;48172;43.9;29.2
04;2021-06-24;852;815;73374;48987;44.4;29.7
04;2021-06-25;462;639;73836;49626;44.7;30.0
04;2021-06-26;57;130;73893;49756;44.7;30.1
04;2021-06-27;4;4;73897;49760;44.7;30.1
04;2021-06-28;158;341;74055;50101;44.8;30.3
04;2021-06-29;371;838;74426;50939;45.1;30.8
04;2021-06-30;541;1121;74967;52060;45.4;31.5
04;2021-07-01;579;1219;75546;53279;45.7;32.3
04;2021-07-02;557;1090;76103;54369;46.1;32.9
04;2021-07-03;65;162;76168;54531;46.1;33.0
04;2021-07-04;6;6;76174;54537;46.1;33.0
04;2021-07-05;106;297;76280;54834;46.2;33.2
04;2021-07-06;505;1382;76785;56216;46.5;34.0
04;2021-07-07;495;1342;77280;57558;46.8;34.8
04;2021-07-08;726;1363;78006;58921;47.2;35.7
04;2021-07-09;581;1061;78587;59982;47.6;36.3
04;2021-07-10;92;177;78679;60159;47.6;36.4
04;2021-07-11;0;21;78679;60180;47.6;36.4
04;2021-07-12;128;653;78807;60833;47.7;36.8
04;2021-07-13;882;1541;79689;62374;48.2;37.8
04;2021-07-14;26;43;79715;62417;48.3;37.8
04;2021-07-15;1220;1737;80935;64154;49.0;38.8
04;2021-07-16;1082;1114;82017;65268;49.6;39.5
04;2021-07-17;446;234;82463;65502;49.9;39.7
04;2021-07-18;114;18;82577;65520;50.0;39.7
04;2021-07-19;484;655;83061;66175;50.3;40.1
04;2021-07-20;1314;1466;84375;67641;51.1;40.9
04;2021-07-21;1127;1166;85502;68807;51.8;41.7
04;2021-07-22;1500;1372;87002;70179;52.7;42.5
04;2021-07-23;1151;1141;88153;71320;53.4;43.2
04;2021-07-24;685;213;88838;71533;53.8;43.3
04;2021-07-25;42;16;88880;71549;53.8;43.3
04;2021-07-26;445;639;89325;72188;54.1;43.7
04;2021-07-27;1372;1045;90697;73233;54.9;44.3
04;2021-07-28;1074;1038;91771;74271;55.6;45.0
04;2021-07-29;1560;1299;93331;75570;56.5;45.7
04;2021-07-30;1247;925;94578;76495;57.3;46.3
04;2021-07-31;252;176;94830;76671;57.4;46.4
04;2021-08-01;48;19;94878;76690;57.4;46.4
04;2021-08-02;139;110;95017;76800;57.5;46.5
04;2021-08-03;1347;1115;96364;77915;58.3;47.2
04;2021-08-04;1178;862;97542;78777;59.0;47.7
04;2021-08-05;1193;736;98735;79513;59.8;48.1
04;2021-08-06;519;397;99254;79910;60.1;48.4
04;2021-08-07;162;162;99416;80072;60.2;48.5
04;2021-08-08;25;12;99441;80084;60.2;48.5
04;2021-08-09;103;119;99544;80203;60.3;48.5
04;2021-08-10;656;980;100200;81183;60.7;49.1
04;2021-08-11;1147;1021;101347;82204;61.3;49.8
04;2021-08-12;1126;1302;102473;83506;62.0;50.5
04;2021-08-13;443;384;102916;83890;62.3;50.8
04;2021-08-14;100;73;103016;83963;62.4;50.8
04;2021-08-15;0;0;103016;83963;62.4;50.8
04;2021-08-16;103;138;103119;84101;62.4;50.9
04;2021-08-17;497;1014;103616;85115;62.7;51.5
04;2021-08-18;718;1320;104334;86435;63.2;52.3
04;2021-08-19;742;1409;105076;87844;63.6;53.2
04;2021-08-20;745;1364;105821;89208;64.1;54.0
04;2021-08-21;65;111;105886;89319;64.1;54.1
04;2021-08-22;15;45;105901;89364;64.1;54.1
04;2021-08-23;54;109;105955;89473;64.1;54.2
04;2021-08-24;680;1492;106635;90965;64.6;55.1
04;2021-08-25;656;1183;107291;92148;64.9;55.8
04;2021-08-26;488;1214;107779;93362;65.2;56.5
04;2021-08-27;450;931;108229;94293;65.5;57.1
04;2021-08-28;123;244;108352;94537;65.6;57.2
04;2021-08-29;27;23;108379;94560;65.6;57.2
04;2021-08-30;122;245;108501;94805;65.7;57.4
04;2021-08-31;510;1007;109011;95812;66.0;58.0
04;2021-09-01;507;1253;109518;97065;66.3;58.8
04;2021-09-02;333;930;109851;97995;66.5;59.3
04;2021-09-03;289;819;110140;98814;66.7;59.8
04;2021-09-04;149;239;110289;99053;66.8;60.0
04;2021-09-05;14;9;110303;99062;66.8;60.0
04;2021-09-06;57;106;110360;99168;66.8;60.0
04;2021-09-07;370;1037;110730;100205;67.0;60.7
04;2021-09-08;324;889;111054;101094;67.2;61.2
04;2021-09-09;338;958;111392;102052;67.4;61.8
04;2021-09-10;273;812;111665;102864;67.6;62.3
04;2021-09-11;93;153;111758;103017;67.7;62.4
04;2021-09-12;6;22;111764;103039;67.7;62.4
05;2020-12-27;0;0;0;0;0.0;0.0
05;2020-12-28;1;0;1;0;0.0;0.0
05;2020-12-29;1;0;2;0;0.0;0.0
05;2020-12-30;2;0;4;0;0.0;0.0
05;2020-12-31;0;0;4;0;0.0;0.0
05;2021-01-01;2;0;6;0;0.0;0.0
05;2021-01-02;2;0;8;0;0.0;0.0
05;2021-01-03;1;0;9;0;0.0;0.0
05;2021-01-04;2;0;11;0;0.0;0.0
05;2021-01-05;0;0;11;0;0.0;0.0
05;2021-01-06;22;0;33;0;0.0;0.0
05;2021-01-07;128;0;161;0;0.1;0.0
05;2021-01-08;146;0;307;0;0.2;0.0
05;2021-01-09;11;0;318;0;0.2;0.0
05;2021-01-10;0;0;318;0;0.2;0.0
05;2021-01-11;44;0;362;0;0.3;0.0
05;2021-01-12;105;0;467;0;0.3;0.0
05;2021-01-13;140;0;607;0;0.4;0.0
05;2021-01-14;167;0;774;0;0.5;0.0
05;2021-01-15;128;1;902;1;0.6;0.0
05;2021-01-16;14;0;916;1;0.6;0.0
05;2021-01-17;0;0;916;1;0.6;0.0
05;2021-01-18;226;1;1142;2;0.8;0.0
05;2021-01-19;228;0;1370;2;1.0;0.0
05;2021-01-20;213;0;1583;2;1.1;0.0
05;2021-01-21;255;0;1838;2;1.3;0.0
05;2021-01-22;195;1;2033;3;1.4;0.0
05;2021-01-23;112;0;2145;3;1.5;0.0
05;2021-01-24;0;0;2145;3;1.5;0.0
05;2021-01-25;317;0;2462;3;1.7;0.0
05;2021-01-26;486;0;2948;3;2.1;0.0
05;2021-01-27;389;3;3337;6;2.4;0.0
05;2021-01-28;363;43;3700;49;2.6;0.0
05;2021-01-29;364;109;4064;158;2.9;0.1
05;2021-01-30;97;9;4161;167;2.9;0.1
05;2021-01-31;4;0;4165;167;2.9;0.1
05;2021-02-01;177;20;4342;187;3.1;0.1
05;2021-02-02;187;111;4529;298;3.2;0.2
05;2021-02-03;207;59;4736;357;3.3;0.3
05;2021-02-04;197;115;4933;472;3.5;0.3
05;2021-02-05;183;110;5116;582;3.6;0.4
05;2021-02-06;76;24;5192;606;3.7;0.4
05;2021-02-07;0;5;5192;611;3.7;0.4
05;2021-02-08;84;97;5276;708;3.7;0.5
05;2021-02-09;97;95;5373;803;3.8;0.6
05;2021-02-10;81;151;5454;954;3.8;0.7
05;2021-02-11;87;112;5541;1066;3.9;0.8
05;2021-02-12;84;122;5625;1188;4.0;0.8
05;2021-02-13;75;29;5700;1217;4.0;0.9
05;2021-02-14;0;0;5700;1217;4.0;0.9
05;2021-02-15;97;159;5797;1376;4.1;1.0
05;2021-02-16;111;236;5908;1612;4.2;1.1
05;2021-02-17;136;202;6044;1814;4.3;1.3
05;2021-02-18;154;269;6198;2083;4.4;1.5
05;2021-02-19;158;292;6356;2375;4.5;1.7
05;2021-02-20;31;75;6387;2450;4.5;1.7
05;2021-02-21;0;0;6387;2450;4.5;1.7
05;2021-02-22;70;211;6457;2661;4.6;1.9
05;2021-02-23;18;185;6475;2846;4.6;2.0
05;2021-02-24;20;150;6495;2996;4.6;2.1
05;2021-02-25;56;122;6551;3118;4.6;2.2
05;2021-02-26;145;178;6696;3296;4.7;2.3
05;2021-02-27;65;154;6761;3450;4.8;2.4
05;2021-02-28;11;0;6772;3450;4.8;2.4
05;2021-03-01;92;144;6864;3594;4.8;2.5
05;2021-03-02;92;166;6956;3760;4.9;2.7
05;2021-03-03;112;200;7068;3960;5.0;2.8
05;2021-03-04;242;141;7310;4101;5.2;2.9
05;2021-03-05;578;169;7888;4270;5.6;3.0
05;2021-03-06;668;51;8556;4321;6.0;3.0
05;2021-03-07;516;19;9072;4340;6.4;3.1
05;2021-03-08;556;128;9628;4468;6.8;3.2
05;2021-03-09;520;153;10148;4621;7.2;3.3
05;2021-03-10;498;135;10646;4756;7.5;3.4
05;2021-03-11;377;138;11023;4894;7.8;3.5
05;2021-03-12;435;89;11458;4983;8.1;3.5
05;2021-03-13;796;95;12254;5078;8.6;3.6
05;2021-03-14;670;11;12924;5089;9.1;3.6
05;2021-03-15;354;123;13278;5212;9.4;3.7
05;2021-03-16;149;141;13427;5353;9.5;3.8
05;2021-03-17;262;120;13689;5473;9.7;3.9
05;2021-03-18;364;35;14053;5508;9.9;3.9
05;2021-03-19;450;59;14503;5567;10.2;3.9
05;2021-03-20;167;30;14670;5597;10.3;3.9
05;2021-03-21;1;0;14671;5597;10.3;3.9
05;2021-03-22;717;36;15388;5633;10.9;4.0
05;2021-03-23;805;14;16193;5647;11.4;4.0
05;2021-03-24;790;77;16983;5724;12.0;4.0
05;2021-03-25;901;59;17884;5783;12.6;4.1
05;2021-03-26;1023;49;18907;5832;13.3;4.1
05;2021-03-27;467;33;19374;5865;13.7;4.1
05;2021-03-28;10;0;19384;5865;13.7;4.1
05;2021-03-29;905;63;20289;5928;14.3;4.2
05;2021-03-30;1142;78;21431;6006;15.1;4.2
05;2021-03-31;823;253;22254;6259;15.7;4.4
05;2021-04-01;900;242;23154;6501;16.3;4.6
05;2021-04-02;665;378;23819;6879;16.8;4.9
05;2021-04-03;550;183;24369;7062;17.2;5.0
05;2021-04-04;350;63;24719;7125;17.4;5.0
05;2021-04-05;158;12;24877;7137;17.5;5.0
05;2021-04-06;646;274;25523;7411;18.0;5.2
05;2021-04-07;773;323;26296;7734;18.6;5.5
05;2021-04-08;734;336;27030;8070;19.1;5.7
05;2021-04-09;882;407;27912;8477;19.7;6.0
05;2021-04-10;714;387;28626;8864;20.2;6.3
05;2021-04-11;191;174;28817;9038;20.3;6.4
05;2021-04-12;732;264;29549;9302;20.8;6.6
05;2021-04-13;921;248;30470;9550;21.5;6.7
05;2021-04-14;668;326;31138;9876;22.0;7.0
05;2021-04-15;768;398;31906;10274;22.5;7.2
05;2021-04-16;731;397;32637;10671;23.0;7.5
05;2021-04-17;671;239;33308;10910;23.5;7.7
05;2021-04-18;305;23;33613;10933;23.7;7.7
05;2021-04-19;363;536;33976;11469;24.0;8.1
05;2021-04-20;482;629;34458;12098;24.3;8.5
05;2021-04-21;494;627;34952;12725;24.7;9.0
05;2021-04-22;385;548;35337;13273;24.9;9.4
05;2021-04-23;523;656;35860;13929;25.3;9.8
05;2021-04-24;347;384;36207;14313;25.5;10.1
05;2021-04-25;288;23;36495;14336;25.7;10.1
05;2021-04-26;367;704;36862;15040;26.0;10.6
05;2021-04-27;657;748;37519;15788;26.5;11.1
05;2021-04-28;468;721;37987;16509;26.8;11.6
05;2021-04-29;703;747;38690;17256;27.3;12.2
05;2021-04-30;509;754;39199;18010;27.7;12.7
05;2021-05-01;138;110;39337;18120;27.7;12.8
05;2021-05-02;267;115;39604;18235;27.9;12.9
05;2021-05-03;457;492;40061;18727;28.3;13.2
05;2021-05-04;384;503;40445;19230;28.5;13.6
05;2021-05-05;462;670;40907;19900;28.9;14.0
05;2021-05-06;646;725;41553;20625;29.3;14.5
05;2021-05-07;596;800;42149;21425;29.7;15.1
05;2021-05-08;481;177;42630;21602;30.1;15.2
05;2021-05-09;208;57;42838;21659;30.2;15.3
05;2021-05-10;500;697;43338;22356;30.6;15.8
05;2021-05-11;669;908;44007;23264;31.0;16.4
05;2021-05-12;647;733;44654;23997;31.5;16.9
05;2021-05-13;960;116;45614;24113;32.2;17.0
05;2021-05-14;826;495;46440;24608;32.8;17.4
05;2021-05-15;1043;354;47483;24962;33.5;17.6
05;2021-05-16;235;52;47718;25014;33.7;17.6
05;2021-05-17;484;430;48202;25444;34.0;17.9
05;2021-05-18;519;419;48721;25863;34.4;18.2
05;2021-05-19;727;460;49448;26323;34.9;18.6
05;2021-05-20;747;434;50195;26757;35.4;18.9
05;2021-05-21;706;512;50901;27269;35.9;19.2
05;2021-05-22;607;239;51508;27508;36.3;19.4
05;2021-05-23;277;59;51785;27567;36.5;19.4
05;2021-05-24;509;157;52294;27724;36.9;19.6
05;2021-05-25;515;483;52809;28207;37.3;19.9
05;2021-05-26;696;363;53505;28570;37.7;20.2
05;2021-05-27;799;572;54304;29142;38.3;20.6
05;2021-05-28;666;648;54970;29790;38.8;21.0
05;2021-05-29;566;544;55536;30334;39.2;21.4
05;2021-05-30;212;82;55748;30416;39.3;21.5
05;2021-05-31;575;495;56323;30911;39.7;21.8
05;2021-06-01;589;585;56912;31496;40.1;22.2
05;2021-06-02;685;703;57597;32199;40.6;22.7
05;2021-06-03;716;649;58313;32848;41.1;23.2
05;2021-06-04;1018;818;59331;33666;41.9;23.7
05;2021-06-05;807;508;60138;34174;42.4;24.1
05;2021-06-06;202;89;60340;34263;42.6;24.2
05;2021-06-07;605;833;60945;35096;43.0;24.8
05;2021-06-08;702;659;61647;35755;43.5;25.2
05;2021-06-09;648;783;62295;36538;43.9;25.8
05;2021-06-10;544;718;62839;37256;44.3;26.3
05;2021-06-11;766;723;63605;37979;44.9;26.8
05;2021-06-12;593;484;64198;38463;45.3;27.1
05;2021-06-13;112;91;64310;38554;45.4;27.2
05;2021-06-14;403;669;64713;39223;45.7;27.7
05;2021-06-15;543;910;65256;40133;46.0;28.3
05;2021-06-16;433;671;65689;40804;46.3;28.8
05;2021-06-17;361;805;66050;41609;46.6;29.4
05;2021-06-18;398;724;66448;42333;46.9;29.9
05;2021-06-19;421;570;66869;42903;47.2;30.3
05;2021-06-20;64;77;66933;42980;47.2;30.3
05;2021-06-21;319;641;67252;43621;47.4;30.8
05;2021-06-22;356;829;67608;44450;47.7;31.4
05;2021-06-23;354;764;67962;45214;47.9;31.9
05;2021-06-24;388;1022;68350;46236;48.2;32.6
05;2021-06-25;229;892;68579;47128;48.4;33.2
05;2021-06-26;292;1074;68871;48202;48.6;34.0
05;2021-06-27;128;170;68999;48372;48.7;34.1
05;2021-06-28;254;792;69253;49164;48.9;34.7
05;2021-06-29;250;785;69503;49949;49.0;35.2
05;2021-06-30;329;788;69832;50737;49.3;35.8
05;2021-07-01;383;789;70215;51526;49.5;36.3
05;2021-07-02;370;871;70585;52397;49.8;37.0
05;2021-07-03;305;741;70890;53138;50.0;37.5
05;2021-07-04;179;177;71069;53315;50.1;37.6
05;2021-07-05;264;781;71333;54096;50.3;38.2
05;2021-07-06;336;858;71669;54954;50.6;38.8
05;2021-07-07;401;782;72070;55736;50.8;39.3
05;2021-07-08;431;848;72501;56584;51.1;39.9
05;2021-07-09;422;994;72923;57578;51.4;40.6
05;2021-07-10;314;729;73237;58307;51.7;41.1
05;2021-07-11;176;120;73413;58427;51.8;41.2
05;2021-07-12;416;1014;73829;59441;52.1;41.9
05;2021-07-13;483;870;74312;60311;52.4;42.5
05;2021-07-14;838;299;75150;60610;53.0;42.8
05;2021-07-15;709;993;75859;61603;53.5;43.5
05;2021-07-16;1027;1457;76886;63060;54.2;44.5
05;2021-07-17;674;1306;77560;64366;54.7;45.4
05;2021-07-18;285;131;77845;64497;54.9;45.5
05;2021-07-19;572;792;78417;65289;55.3;46.1
05;2021-07-20;763;801;79180;66090;55.9;46.6
05;2021-07-21;883;841;80063;66931;56.5;47.2
05;2021-07-22;814;870;80877;67801;57.1;47.8
05;2021-07-23;1447;1239;82324;69040;58.1;48.7
05;2021-07-24;864;836;83188;69876;58.7;49.3
05;2021-07-25;305;160;83493;70036;58.9;49.4
05;2021-07-26;779;561;84272;70597;59.4;49.8
05;2021-07-27;1261;756;85533;71353;60.3;50.3
05;2021-07-28;1523;719;87056;72072;61.4;50.8
05;2021-07-29;1346;724;88402;72796;62.4;51.4
05;2021-07-30;961;594;89363;73390;63.0;51.8
05;2021-07-31;782;525;90145;73915;63.6;52.1
05;2021-08-01;192;178;90337;74093;63.7;52.3
05;2021-08-02;836;549;91173;74642;64.3;52.7
05;2021-08-03;827;608;92000;75250;64.9;53.1
05;2021-08-04;990;757;92990;76007;65.6;53.6
05;2021-08-05;982;724;93972;76731;66.3;54.1
05;2021-08-06;875;794;94847;77525;66.9;54.7
05;2021-08-07;631;641;95478;78166;67.4;55.1
05;2021-08-08;196;270;95674;78436;67.5;55.3
05;2021-08-09;773;847;96447;79283;68.0;55.9
05;2021-08-10;652;699;97099;79982;68.5;56.4
05;2021-08-11;742;857;97841;80839;69.0;57.0
05;2021-08-12;793;784;98634;81623;69.6;57.6
05;2021-08-13;626;893;99260;82516;70.0;58.2
05;2021-08-14;408;783;99668;83299;70.3;58.8
05;2021-08-15;189;224;99857;83523;70.4;58.9
05;2021-08-16;489;1084;100346;84607;70.8;59.7
05;2021-08-17;433;882;100779;85489;71.1;60.3
05;2021-08-18;435;972;101214;86461;71.4;61.0
05;2021-08-19;500;963;101714;87424;71.8;61.7
05;2021-08-20;477;1113;102191;88537;72.1;62.5
05;2021-08-21;359;851;102550;89388;72.3;63.1
05;2021-08-22;117;254;102667;89642;72.4;63.2
05;2021-08-23;321;828;102988;90470;72.7;63.8
05;2021-08-24;401;779;103389;91249;72.9;64.4
05;2021-08-25;407;923;103796;92172;73.2;65.0
05;2021-08-26;304;813;104100;92985;73.4;65.6
05;2021-08-27;334;921;104434;93906;73.7;66.2
05;2021-08-28;244;655;104678;94561;73.8;66.7
05;2021-08-29;66;255;104744;94816;73.9;66.9
05;2021-08-30;268;803;105012;95619;74.1;67.5
05;2021-08-31;252;713;105264;96332;74.3;68.0
05;2021-09-01;268;655;105532;96987;74.4;68.4
05;2021-09-02;250;705;105782;97692;74.6;68.9
05;2021-09-03;251;616;106033;98308;74.8;69.4
05;2021-09-04;202;668;106235;98976;74.9;69.8
05;2021-09-05;55;178;106290;99154;75.0;69.9
05;2021-09-06;161;421;106451;99575;75.1;70.2
05;2021-09-07;217;618;106668;100193;75.2;70.7
05;2021-09-08;176;592;106844;100785;75.4;71.1
05;2021-09-09;190;522;107034;101307;75.5;71.5
05;2021-09-10;180;446;107214;101753;75.6;71.8
05;2021-09-11;148;463;107362;102216;75.7;72.1
05;2021-09-12;22;106;107384;102322;75.8;72.2
06;2020-12-27;14;0;14;0;0.0;0.0
06;2020-12-28;24;0;38;0;0.0;0.0
06;2020-12-29;11;0;49;0;0.0;0.0
06;2020-12-30;9;0;58;0;0.0;0.0
06;2020-12-31;30;0;88;0;0.0;0.0
06;2021-01-01;24;0;112;0;0.0;0.0
06;2021-01-02;7;0;119;0;0.0;0.0
06;2021-01-03;9;0;128;0;0.0;0.0
06;2021-01-04;154;1;282;1;0.0;0.0
06;2021-01-05;191;2;473;3;0.0;0.0
06;2021-01-06;246;1;719;4;0.1;0.0
06;2021-01-07;521;2;1240;6;0.1;0.0
06;2021-01-08;690;2;1930;8;0.2;0.0
06;2021-01-09;393;3;2323;11;0.2;0.0
06;2021-01-10;82;0;2405;11;0.2;0.0
06;2021-01-11;1156;1;3561;12;0.3;0.0
06;2021-01-12;2247;5;5808;17;0.5;0.0
06;2021-01-13;1746;6;7554;23;0.7;0.0
06;2021-01-14;2165;18;9719;41;0.9;0.0
06;2021-01-15;1890;5;11609;46;1.1;0.0
06;2021-01-16;992;4;12601;50;1.2;0.0
06;2021-01-17;243;0;12844;50;1.2;0.0
06;2021-01-18;2499;7;15343;57;1.4;0.0
06;2021-01-19;2777;12;18120;69;1.7;0.0
06;2021-01-20;3373;12;21493;81;2.0;0.0
06;2021-01-21;3046;23;24539;104;2.3;0.0
06;2021-01-22;2985;18;27524;122;2.5;0.0
06;2021-01-23;1307;3;28831;125;2.7;0.0
06;2021-01-24;34;0;28865;125;2.7;0.0
06;2021-01-25;2082;13;30947;138;2.9;0.0
06;2021-01-26;3408;44;34355;182;3.2;0.0
06;2021-01-27;2572;96;36927;278;3.4;0.0
06;2021-01-28;2821;187;39748;465;3.7;0.0
06;2021-01-29;2523;291;42271;756;3.9;0.1
06;2021-01-30;674;39;42945;795;4.0;0.1
06;2021-01-31;4;1;42949;796;4.0;0.1
06;2021-02-01;1028;422;43977;1218;4.1;0.1
06;2021-02-02;1506;367;45483;1585;4.2;0.1
06;2021-02-03;337;129;45820;1714;4.2;0.2
06;2021-02-04;723;787;46543;2501;4.3;0.2
06;2021-02-05;1015;962;47558;3463;4.4;0.3
06;2021-02-06;169;395;47727;3858;4.4;0.4
06;2021-02-07;14;49;47741;3907;4.4;0.4
06;2021-02-08;542;943;48283;4850;4.5;0.4
06;2021-02-09;323;693;48606;5543;4.5;0.5
06;2021-02-10;382;573;48988;6116;4.5;0.6
06;2021-02-11;482;922;49470;7038;4.6;0.7
06;2021-02-12;660;1101;50130;8139;4.6;0.8
06;2021-02-13;206;293;50336;8432;4.7;0.8
06;2021-02-14;17;1;50353;8433;4.7;0.8
06;2021-02-15;471;1003;50824;9436;4.7;0.9
06;2021-02-16;873;1812;51697;11248;4.8;1.0
06;2021-02-17;838;1826;52535;13074;4.9;1.2
06;2021-02-18;1818;2296;54353;15370;5.0;1.4
06;2021-02-19;1770;1835;56123;17205;5.2;1.6
06;2021-02-20;287;441;56410;17646;5.2;1.6
06;2021-02-21;24;52;56434;17698;5.2;1.6
06;2021-02-22;1088;1298;57522;18996;5.3;1.8
06;2021-02-23;1760;1257;59282;20253;5.5;1.9
06;2021-02-24;2122;1057;61404;21310;5.7;2.0
06;2021-02-25;3862;1410;65266;22720;6.0;2.1
06;2021-02-26;3407;1367;68673;24087;6.4;2.2
06;2021-02-27;1441;302;70114;24389;6.5;2.3
06;2021-02-28;98;23;70212;24412;6.5;2.3
06;2021-03-01;2425;688;72637;25100;6.7;2.3
06;2021-03-02;2466;826;75103;25926;7.0;2.4
06;2021-03-03;2870;471;77973;26397;7.2;2.4
06;2021-03-04;4634;507;82607;26904;7.7;2.5
06;2021-03-05;3918;920;86525;27824;8.0;2.6
06;2021-03-06;11968;342;98493;28166;9.1;2.6
06;2021-03-07;10220;313;108713;28479;10.1;2.6
06;2021-03-08;4178;1031;112891;29510;10.5;2.7
06;2021-03-09;5014;817;117905;30327;10.9;2.8
06;2021-03-10;4736;662;122641;30989;11.4;2.9
06;2021-03-11;6741;852;129382;31841;12.0;2.9
06;2021-03-12;6889;991;136271;32832;12.6;3.0
06;2021-03-13;11265;351;147536;33183;13.7;3.1
06;2021-03-14;514;47;148050;33230;13.7;3.1
06;2021-03-15;4843;736;152893;33966;14.2;3.1
06;2021-03-16;3782;1036;156675;35002;14.5;3.2
06;2021-03-17;6210;1782;162885;36784;15.1;3.4
06;2021-03-18;5134;1781;168019;38565;15.6;3.6
06;2021-03-19;6835;1973;174854;40538;16.2;3.8
06;2021-03-20;2377;548;177231;41086;16.4;3.8
06;2021-03-21;413;23;177644;41109;16.5;3.8
06;2021-03-22;3992;694;181636;41803;16.8;3.9
06;2021-03-23;5994;1199;187630;43002;17.4;4.0
06;2021-03-24;4230;3089;191860;46091;17.8;4.3
06;2021-03-25;5881;3119;197741;49210;18.3;4.6
06;2021-03-26;6371;1979;204112;51189;18.9;4.7
06;2021-03-27;2041;364;206153;51553;19.1;4.8
06;2021-03-28;215;5;206368;51558;19.1;4.8
06;2021-03-29;3211;2082;209579;53640;19.4;5.0
06;2021-03-30;5199;2498;214778;56138;19.9;5.2
06;2021-03-31;8062;1654;222840;57792;20.6;5.4
06;2021-04-01;7670;2465;230510;60257;21.4;5.6
06;2021-04-02;7253;2704;237763;62961;22.0;5.8
06;2021-04-03;2726;1374;240489;64335;22.3;6.0
06;2021-04-04;302;548;240791;64883;22.3;6.0
06;2021-04-05;1413;696;242204;65579;22.4;6.1
06;2021-04-06;6676;3308;248880;68887;23.1;6.4
06;2021-04-07;6237;3887;255117;72774;23.6;6.7
06;2021-04-08;5750;5651;260867;78425;24.2;7.3
06;2021-04-09;9397;5860;270264;84285;25.0;7.8
06;2021-04-10;2397;2780;272661;87065;25.3;8.1
06;2021-04-11;189;58;272850;87123;25.3;8.1
06;2021-04-12;4392;3505;277242;90628;25.7;8.4
06;2021-04-13;6389;5023;283631;95651;26.3;8.9
06;2021-04-14;5475;4442;289106;100093;26.8;9.3
06;2021-04-15;5558;4384;294664;104477;27.3;9.7
06;2021-04-16;7092;5194;301756;109671;28.0;10.2
06;2021-04-17;2787;3051;304543;112722;28.2;10.4
06;2021-04-18;267;224;304810;112946;28.2;10.5
06;2021-04-19;5501;4040;310311;116986;28.7;10.8
06;2021-04-20;5667;4871;315978;121857;29.3;11.3
06;2021-04-21;8331;4173;324309;126030;30.0;11.7
06;2021-04-22;8581;4194;332890;130224;30.8;12.1
06;2021-04-23;8842;4278;341732;134502;31.7;12.5
06;2021-04-24;2357;1497;344089;135999;31.9;12.6
06;2021-04-25;122;20;344211;136019;31.9;12.6
06;2021-04-26;4158;2316;348369;138335;32.3;12.8
06;2021-04-27;4589;4038;352958;142373;32.7;13.2
06;2021-04-28;4156;4578;357114;146951;33.1;13.6
06;2021-04-29;6094;5455;363208;152406;33.6;14.1
06;2021-04-30;6783;5168;369991;157574;34.3;14.6
06;2021-05-01;4169;835;374160;158409;34.7;14.7
06;2021-05-02;494;157;374654;158566;34.7;14.7
06;2021-05-03;6926;3558;381580;162124;35.4;15.0
06;2021-05-04;5760;5383;387340;167507;35.9;15.5
06;2021-05-05;4550;3908;391890;171415;36.3;15.9
06;2021-05-06;5233;4737;397123;176152;36.8;16.3
06;2021-05-07;5664;5674;402787;181826;37.3;16.8
06;2021-05-08;4874;1329;407661;183155;37.8;17.0
06;2021-05-09;206;308;407867;183463;37.8;17.0
06;2021-05-10;4832;5045;412699;188508;38.2;17.5
06;2021-05-11;4947;5563;417646;194071;38.7;18.0
06;2021-05-12;9112;4898;426758;198969;39.5;18.4
06;2021-05-13;9283;2145;436041;201114;40.4;18.6
06;2021-05-14;10861;3364;446902;204478;41.4;18.9
06;2021-05-15;9306;2221;456208;206699;42.3;19.1
06;2021-05-16;1505;287;457713;206986;42.4;19.2
06;2021-05-17;7519;3752;465232;210738;43.1;19.5
06;2021-05-18;9745;3223;474977;213961;44.0;19.8
06;2021-05-19;7716;2984;482693;216945;44.7;20.1
06;2021-05-20;7970;3668;490663;220613;45.5;20.4
06;2021-05-21;8823;3945;499486;224558;46.3;20.8
06;2021-05-22;3035;1325;502521;225883;46.6;20.9
06;2021-05-23;132;628;502653;226511;46.6;21.0
06;2021-05-24;3201;998;505854;227509;46.9;21.1
06;2021-05-25;4768;4932;510622;232441;47.3;21.5
06;2021-05-26;5699;6631;516321;239072;47.8;22.1
06;2021-05-27;5593;6279;521914;245351;48.4;22.7
06;2021-05-28;4993;7288;526907;252639;48.8;23.4
06;2021-05-29;1644;2929;528551;255568;49.0;23.7
06;2021-05-30;258;1122;528809;256690;49.0;23.8
06;2021-05-31;4421;5122;533230;261812;49.4;24.3
06;2021-06-01;5755;7426;538985;269238;49.9;24.9
06;2021-06-02;3323;8548;542308;277786;50.2;25.7
06;2021-06-03;4553;8305;546861;286091;50.7;26.5
06;2021-06-04;5500;7731;552361;293822;51.2;27.2
06;2021-06-05;2466;3346;554827;297168;51.4;27.5
06;2021-06-06;181;234;555008;297402;51.4;27.6
06;2021-06-07;4150;5585;559158;302987;51.8;28.1
06;2021-06-08;4482;5211;563640;308198;52.2;28.6
06;2021-06-09;4130;7362;567770;315560;52.6;29.2
06;2021-06-10;4801;6869;572571;322429;53.0;29.9
06;2021-06-11;3931;8362;576502;330791;53.4;30.6
06;2021-06-12;1749;3750;578251;334541;53.6;31.0
06;2021-06-13;150;439;578401;334980;53.6;31.0
06;2021-06-14;2744;8604;581145;343584;53.8;31.8
06;2021-06-15;3294;9493;584439;353077;54.1;32.7
06;2021-06-16;3518;7015;587957;360092;54.5;33.4
06;2021-06-17;3691;7192;591648;367284;54.8;34.0
06;2021-06-18;2649;5930;594297;373214;55.1;34.6
06;2021-06-19;1318;1685;595615;374899;55.2;34.7
06;2021-06-20;211;349;595826;375248;55.2;34.8
06;2021-06-21;1738;6304;597564;381552;55.4;35.3
06;2021-06-22;2367;7363;599931;388915;55.6;36.0
06;2021-06-23;2097;6545;602028;395460;55.8;36.6
06;2021-06-24;3494;8974;605522;404434;56.1;37.5
06;2021-06-25;2309;9607;607831;414041;56.3;38.4
06;2021-06-26;897;2288;608728;416329;56.4;38.6
06;2021-06-27;379;1189;609107;417518;56.4;38.7
06;2021-06-28;2499;8128;611606;425646;56.7;39.4
06;2021-06-29;2394;7726;614000;433372;56.9;40.1
06;2021-06-30;1526;7694;615526;441066;57.0;40.9
06;2021-07-01;3535;7486;619061;448552;57.4;41.6
06;2021-07-02;4480;8282;623541;456834;57.8;42.3
06;2021-07-03;1244;4309;624785;461143;57.9;42.7
06;2021-07-04;318;303;625103;461446;57.9;42.8
06;2021-07-05;4075;5147;629178;466593;58.3;43.2
06;2021-07-06;2147;5818;631325;472411;58.5;43.8
06;2021-07-07;4198;5979;635523;478390;58.9;44.3
06;2021-07-08;3725;6331;639248;484721;59.2;44.9
06;2021-07-09;4865;6237;644113;490958;59.7;45.5
06;2021-07-10;1774;2333;645887;493291;59.8;45.7
06;2021-07-11;331;322;646218;493613;59.9;45.7
06;2021-07-12;4207;7155;650425;500768;60.3;46.4
06;2021-07-13;6133;9028;656558;509796;60.8;47.2
06;2021-07-14;1236;441;657794;510237;60.9;47.3
06;2021-07-15;6833;8046;664627;518283;61.6;48.0
06;2021-07-16;8537;9024;673164;527307;62.4;48.9
06;2021-07-17;3176;5472;676340;532779;62.7;49.4
06;2021-07-18;1081;5334;677421;538113;62.8;49.9
06;2021-07-19;6170;8029;683591;546142;63.3;50.6
06;2021-07-20;7600;10255;691191;556397;64.0;51.5
06;2021-07-21;8478;8713;699669;565110;64.8;52.4
06;2021-07-22;10446;7878;710115;572988;65.8;53.1
06;2021-07-23;9568;6935;719683;579923;66.7;53.7
06;2021-07-24;3304;3108;722987;583031;67.0;54.0
06;2021-07-25;1003;479;723990;583510;67.1;54.1
06;2021-07-26;7666;6896;731656;590406;67.8;54.7
06;2021-07-27;9274;5595;740930;596001;68.6;55.2
06;2021-07-28;7480;5405;748410;601406;69.3;55.7
06;2021-07-29;8884;5780;757294;607186;70.2;56.3
06;2021-07-30;8557;5551;765851;612737;71.0;56.8
06;2021-07-31;3826;3082;769677;615819;71.3;57.1
06;2021-08-01;902;434;770579;616253;71.4;57.1
06;2021-08-02;7114;4624;777693;620877;72.0;57.5
06;2021-08-03;6837;5496;784530;626373;72.7;58.0
06;2021-08-04;5819;3514;790349;629887;73.2;58.4
06;2021-08-05;6740;4468;797089;634355;73.8;58.8
06;2021-08-06;6096;6121;803185;640476;74.4;59.3
06;2021-08-07;2322;2472;805507;642948;74.6;59.6
06;2021-08-08;612;631;806119;643579;74.7;59.6
06;2021-08-09;4831;6022;810950;649601;75.1;60.2
06;2021-08-10;5495;6914;816445;656515;75.6;60.8
06;2021-08-11;4422;6208;820867;662723;76.0;61.4
06;2021-08-12;4672;6745;825539;669468;76.5;62.0
06;2021-08-13;3826;6450;829365;675918;76.8;62.6
06;2021-08-14;1568;2280;830933;678198;77.0;62.8
06;2021-08-15;408;636;831341;678834;77.0;62.9
06;2021-08-16;3200;6887;834541;685721;77.3;63.5
06;2021-08-17;3804;7772;838345;693493;77.7;64.2
06;2021-08-18;2973;6410;841318;699903;77.9;64.8
06;2021-08-19;3966;8118;845284;708021;78.3;65.6
06;2021-08-20;3208;6515;848492;714536;78.6;66.2
06;2021-08-21;1796;3591;850288;718127;78.8;66.5
06;2021-08-22;367;707;850655;718834;78.8;66.6
06;2021-08-23;2374;6527;853029;725361;79.0;67.2
06;2021-08-24;2801;6468;855830;731829;79.3;67.8
06;2021-08-25;2551;5669;858381;737498;79.5;68.3
06;2021-08-26;2642;6874;861023;744372;79.8;69.0
06;2021-08-27;2448;7077;863471;751449;80.0;69.6
06;2021-08-28;1280;3331;864751;754780;80.1;69.9
06;2021-08-29;288;824;865039;755604;80.1;70.0
06;2021-08-30;2364;6368;867403;761972;80.4;70.6
06;2021-08-31;2694;7124;870097;769096;80.6;71.3
06;2021-09-01;2236;5809;872333;774905;80.8;71.8
06;2021-09-02;2388;6426;874721;781331;81.0;72.4
06;2021-09-03;2087;6870;876808;788201;81.2;73.0
06;2021-09-04;1325;3649;878133;791850;81.4;73.4
06;2021-09-05;264;522;878397;792372;81.4;73.4
06;2021-09-06;1371;4893;879768;797265;81.5;73.9
06;2021-09-07;1572;5254;881340;802519;81.7;74.3
06;2021-09-08;1522;4455;882862;806974;81.8;74.8
06;2021-09-09;1371;4129;884233;811103;81.9;75.1
06;2021-09-10;1680;4202;885913;815305;82.1;75.5
06;2021-09-11;1019;2411;886932;817716;82.2;75.8
06;2021-09-12;135;334;887067;818050;82.2;75.8
07;2020-12-27;0;0;0;0;0.0;0.0
07;2020-12-28;0;0;0;0;0.0;0.0
07;2020-12-29;0;0;0;0;0.0;0.0
07;2020-12-30;0;0;0;0;0.0;0.0
07;2020-12-31;0;0;0;0;0.0;0.0
07;2021-01-01;7;0;7;0;0.0;0.0
07;2021-01-02;0;0;7;0;0.0;0.0
07;2021-01-03;0;0;7;0;0.0;0.0
07;2021-01-04;0;0;7;0;0.0;0.0
07;2021-01-05;0;0;7;0;0.0;0.0
07;2021-01-06;31;0;38;0;0.0;0.0
07;2021-01-07;130;1;168;1;0.1;0.0
07;2021-01-08;45;1;213;2;0.1;0.0
07;2021-01-09;17;0;230;2;0.1;0.0
07;2021-01-10;0;0;230;2;0.1;0.0
07;2021-01-11;157;1;387;3;0.1;0.0
07;2021-01-12;310;0;697;3;0.2;0.0
07;2021-01-13;309;1;1006;4;0.3;0.0
07;2021-01-14;476;0;1482;4;0.5;0.0
07;2021-01-15;188;0;1670;4;0.5;0.0
07;2021-01-16;17;0;1687;4;0.5;0.0
07;2021-01-17;2;0;1689;4;0.5;0.0
07;2021-01-18;364;4;2053;8;0.6;0.0
07;2021-01-19;831;2;2884;10;0.9;0.0
07;2021-01-20;605;2;3489;12;1.1;0.0
07;2021-01-21;452;3;3941;15;1.2;0.0
07;2021-01-22;291;0;4232;15;1.3;0.0
07;2021-01-23;107;0;4339;15;1.3;0.0
07;2021-01-24;0;0;4339;15;1.3;0.0
07;2021-01-25;164;0;4503;15;1.4;0.0
07;2021-01-26;491;4;4994;19;1.5;0.0
07;2021-01-27;556;8;5550;27;1.7;0.0
07;2021-01-28;1207;101;6757;128;2.1;0.0
07;2021-01-29;707;17;7464;145;2.3;0.0
07;2021-01-30;213;4;7677;149;2.3;0.0
07;2021-01-31;7;0;7684;149;2.4;0.0
07;2021-02-01;267;17;7951;166;2.4;0.1
07;2021-02-02;664;200;8615;366;2.6;0.1
07;2021-02-03;1046;176;9661;542;3.0;0.2
07;2021-02-04;722;251;10383;793;3.2;0.2
07;2021-02-05;484;243;10867;1036;3.3;0.3
07;2021-02-06;98;3;10965;1039;3.4;0.3
07;2021-02-07;12;1;10977;1040;3.4;0.3
07;2021-02-08;239;144;11216;1184;3.4;0.4
07;2021-02-09;488;306;11704;1490;3.6;0.5
07;2021-02-10;538;367;12242;1857;3.7;0.6
07;2021-02-11;400;249;12642;2106;3.9;0.6
07;2021-02-12;267;149;12909;2255;3.9;0.7
07;2021-02-13;69;16;12978;2271;4.0;0.7
07;2021-02-14;0;0;12978;2271;4.0;0.7
07;2021-02-15;270;106;13248;2377;4.1;0.7
07;2021-02-16;348;316;13596;2693;4.2;0.8
07;2021-02-17;466;292;14062;2985;4.3;0.9
07;2021-02-18;562;730;14624;3715;4.5;1.1
07;2021-02-19;457;480;15081;4195;4.6;1.3
07;2021-02-20;109;58;15190;4253;4.6;1.3
07;2021-02-21;15;0;15205;4253;4.7;1.3
07;2021-02-22;425;188;15630;4441;4.8;1.4
07;2021-02-23;646;587;16276;5028;5.0;1.5
07;2021-02-24;928;665;17204;5693;5.3;1.7
07;2021-02-25;710;485;17914;6178;5.5;1.9
07;2021-02-26;845;249;18759;6427;5.7;2.0
07;2021-02-27;190;140;18949;6567;5.8;2.0
07;2021-02-28;1;0;18950;6567;5.8;2.0
07;2021-03-01;438;186;19388;6753;5.9;2.1
07;2021-03-02;655;532;20043;7285;6.1;2.2
07;2021-03-03;693;495;20736;7780;6.3;2.4
07;2021-03-04;1100;324;21836;8104;6.7;2.5
07;2021-03-05;1084;348;22920;8452;7.0;2.6
07;2021-03-06;1125;97;24045;8549;7.4;2.6
07;2021-03-07;717;20;24762;8569;7.6;2.6
07;2021-03-08;352;294;25114;8863;7.7;2.7
07;2021-03-09;1088;403;26202;9266;8.0;2.8
07;2021-03-10;867;504;27069;9770;8.3;3.0
07;2021-03-11;1373;458;28442;10228;8.7;3.1
07;2021-03-12;1618;556;30060;10784;9.2;3.3
07;2021-03-13;682;98;30742;10882;9.4;3.3
07;2021-03-14;4;0;30746;10882;9.4;3.3
07;2021-03-15;527;285;31273;11167;9.6;3.4
07;2021-03-16;1209;482;32482;11649;9.9;3.6
07;2021-03-17;1188;770;33670;12419;10.3;3.8
07;2021-03-18;1219;407;34889;12826;10.7;3.9
07;2021-03-19;1268;422;36157;13248;11.1;4.1
07;2021-03-20;467;107;36624;13355;11.2;4.1
07;2021-03-21;3;1;36627;13356;11.2;4.1
07;2021-03-22;790;531;37417;13887;11.4;4.2
07;2021-03-23;1518;715;38935;14602;11.9;4.5
07;2021-03-24;1278;661;40213;15263;12.3;4.7
07;2021-03-25;1852;513;42065;15776;12.9;4.8
07;2021-03-26;1834;439;43899;16215;13.4;5.0
07;2021-03-27;385;100;44284;16315;13.5;5.0
07;2021-03-28;6;1;44290;16316;13.5;5.0
07;2021-03-29;789;356;45079;16672;13.8;5.1
07;2021-03-30;1526;506;46605;17178;14.3;5.3
07;2021-03-31;1660;507;48265;17685;14.8;5.4
07;2021-04-01;1588;660;49853;18345;15.3;5.6
07;2021-04-02;1523;439;51376;18784;15.7;5.7
07;2021-04-03;230;106;51606;18890;15.8;5.8
07;2021-04-04;3;1;51609;18891;15.8;5.8
07;2021-04-05;0;66;51609;18957;15.8;5.8
07;2021-04-06;1160;760;52769;19717;16.1;6.0
07;2021-04-07;1317;900;54086;20617;16.5;6.3
07;2021-04-08;1969;1176;56055;21793;17.1;6.7
07;2021-04-09;2425;567;58480;22360;17.9;6.8
07;2021-04-10;808;162;59288;22522;18.1;6.9
07;2021-04-11;339;12;59627;22534;18.2;6.9
07;2021-04-12;1287;596;60914;23130;18.6;7.1
07;2021-04-13;1768;1337;62682;24467;19.2;7.5
07;2021-04-14;1678;1009;64360;25476;19.7;7.8
07;2021-04-15;1443;844;65803;26320;20.1;8.1
07;2021-04-16;1505;907;67308;27227;20.6;8.3
07;2021-04-17;870;216;68178;27443;20.9;8.4
07;2021-04-18;701;38;68879;27481;21.1;8.4
07;2021-04-19;1161;574;70040;28055;21.4;8.6
07;2021-04-20;1441;1319;71481;29374;21.9;9.0
07;2021-04-21;1718;918;73199;30292;22.4;9.3
07;2021-04-22;1817;965;75016;31257;22.9;9.6
07;2021-04-23;1411;969;76427;32226;23.4;9.9
07;2021-04-24;962;252;77389;32478;23.7;9.9
07;2021-04-25;717;69;78106;32547;23.9;10.0
07;2021-04-26;1138;677;79244;33224;24.2;10.2
07;2021-04-27;1396;1565;80640;34789;24.7;10.6
07;2021-04-28;1636;1755;82276;36544;25.2;11.2
07;2021-04-29;1938;1531;84214;38075;25.8;11.6
07;2021-04-30;1661;1479;85875;39554;26.3;12.1
07;2021-05-01;960;118;86835;39672;26.6;12.1
07;2021-05-02;844;155;87679;39827;26.8;12.2
07;2021-05-03;1280;434;88959;40261;27.2;12.3
07;2021-05-04;2171;1566;91130;41827;27.9;12.8
07;2021-05-05;1745;1385;92875;43212;28.4;13.2
07;2021-05-06;2105;1587;94980;44799;29.1;13.7
07;2021-05-07;1597;1554;96577;46353;29.5;14.2
07;2021-05-08;1228;405;97805;46758;29.9;14.3
07;2021-05-09;1030;327;98835;47085;30.2;14.4
07;2021-05-10;1406;1176;100241;48261;30.7;14.8
07;2021-05-11;2472;1695;102713;49956;31.4;15.3
07;2021-05-12;2164;1277;104877;51233;32.1;15.7
07;2021-05-13;1712;273;106589;51506;32.6;15.8
07;2021-05-14;1735;996;108324;52502;33.1;16.1
07;2021-05-15;1627;500;109951;53002;33.6;16.2
07;2021-05-16;1444;213;111395;53215;34.1;16.3
07;2021-05-17;1772;857;113167;54072;34.6;16.5
07;2021-05-18;2296;1303;115463;55375;35.3;16.9
07;2021-05-19;2375;999;117838;56374;36.0;17.2
07;2021-05-20;2165;1309;120003;57683;36.7;17.6
07;2021-05-21;1758;1312;121761;58995;37.3;18.0
07;2021-05-22;935;542;122696;59537;37.5;18.2
07;2021-05-23;857;157;123553;59694;37.8;18.3
07;2021-05-24;1650;339;125203;60033;38.3;18.4
07;2021-05-25;2185;1476;127388;61509;39.0;18.8
07;2021-05-26;1529;1381;128917;62890;39.4;19.2
07;2021-05-27;2018;1412;130935;64302;40.1;19.7
07;2021-05-28;1770;2078;132705;66380;40.6;20.3
07;2021-05-29;943;682;133648;67062;40.9;20.5
07;2021-05-30;622;570;134270;67632;41.1;20.7
07;2021-05-31;1133;1281;135403;68913;41.4;21.1
07;2021-06-01;2153;2001;137556;70914;42.1;21.7
07;2021-06-02;1530;1653;139086;72567;42.6;22.2
07;2021-06-03;1712;1254;140798;73821;43.1;22.6
07;2021-06-04;1676;1594;142474;75415;43.6;23.1
07;2021-06-05;987;955;143461;76370;43.9;23.4
07;2021-06-06;598;624;144059;76994;44.1;23.6
07;2021-06-07;962;1193;145021;78187;44.4;23.9
07;2021-06-08;1549;1771;146570;79958;44.8;24.5
07;2021-06-09;1030;1420;147600;81378;45.2;24.9
07;2021-06-10;788;1389;148388;82767;45.4;25.3
07;2021-06-11;1154;2032;149542;84799;45.7;25.9
07;2021-06-12;643;1217;150185;86016;45.9;26.3
07;2021-06-13;395;444;150580;86460;46.1;26.5
07;2021-06-14;566;1959;151146;88419;46.2;27.0
07;2021-06-15;936;2551;152082;90970;46.5;27.8
07;2021-06-16;1024;1852;153106;92822;46.8;28.4
07;2021-06-17;885;1950;153991;94772;47.1;29.0
07;2021-06-18;872;2282;154863;97054;47.4;29.7
07;2021-06-19;604;1453;155467;98507;47.6;30.1
07;2021-06-20;369;727;155836;99234;47.7;30.4
07;2021-06-21;517;2144;156353;101378;47.8;31.0
07;2021-06-22;655;2661;157008;104039;48.0;31.8
07;2021-06-23;680;1961;157688;106000;48.2;32.4
07;2021-06-24;646;1849;158334;107849;48.4;33.0
07;2021-06-25;701;2177;159035;110026;48.7;33.7
07;2021-06-26;362;1431;159397;111457;48.8;34.1
07;2021-06-27;285;1073;159682;112530;48.9;34.4
07;2021-06-28;506;2241;160188;114771;49.0;35.1
07;2021-06-29;540;2986;160728;117757;49.2;36.0
07;2021-06-30;822;2281;161550;120038;49.4;36.7
07;2021-07-01;776;1952;162326;121990;49.7;37.3
07;2021-07-02;882;2297;163208;124287;49.9;38.0
07;2021-07-03;421;1139;163629;125426;50.1;38.4
07;2021-07-04;211;852;163840;126278;50.1;38.6
07;2021-07-05;670;1686;164510;127964;50.3;39.1
07;2021-07-06;880;2632;165390;130596;50.6;40.0
07;2021-07-07;970;1947;166360;132543;50.9;40.5
07;2021-07-08;928;1960;167288;134503;51.2;41.1
07;2021-07-09;996;2262;168284;136765;51.5;41.8
07;2021-07-10;598;1101;168882;137866;51.7;42.2
07;2021-07-11;239;614;169121;138480;51.7;42.4
07;2021-07-12;809;1769;169930;140249;52.0;42.9
07;2021-07-13;1771;3175;171701;143424;52.5;43.9
07;2021-07-14;167;133;171868;143557;52.6;43.9
07;2021-07-15;1961;2464;173829;146021;53.2;44.7
07;2021-07-16;2055;1986;175884;148007;53.8;45.3
07;2021-07-17;1484;1251;177368;149258;54.3;45.7
07;2021-07-18;771;480;178139;149738;54.5;45.8
07;2021-07-19;1514;1686;179653;151424;55.0;46.3
07;2021-07-20;2523;2683;182176;154107;55.7;47.1
07;2021-07-21;1856;1916;184032;156023;56.3;47.7
07;2021-07-22;1919;1373;185951;157396;56.9;48.2
07;2021-07-23;2267;1687;188218;159083;57.6;48.7
07;2021-07-24;1642;1111;189860;160194;58.1;49.0
07;2021-07-25;34;22;189894;160216;58.1;49.0
07;2021-07-26;2197;1538;192091;161754;58.8;49.5
07;2021-07-27;3014;1911;195105;163665;59.7;50.1
07;2021-07-28;1644;1307;196749;164972;60.2;50.5
07;2021-07-29;2541;1274;199290;166246;61.0;50.9
07;2021-07-30;1356;1417;200646;167663;61.4;51.3
07;2021-07-31;1506;922;202152;168585;61.8;51.6
07;2021-08-01;74;26;202226;168611;61.9;51.6
07;2021-08-02;1514;1133;203740;169744;62.3;51.9
07;2021-08-03;2416;1913;206156;171657;63.1;52.5
07;2021-08-04;1947;1031;208103;172688;63.7;52.8
07;2021-08-05;1890;1293;209993;173981;64.2;53.2
07;2021-08-06;2031;1709;212024;175690;64.9;53.7
07;2021-08-07;999;554;213023;176244;65.2;53.9
07;2021-08-08;12;23;213035;176267;65.2;53.9
07;2021-08-09;1257;1382;214292;177649;65.6;54.3
07;2021-08-10;1602;2260;215894;179909;66.0;55.0
07;2021-08-11;1399;1600;217293;181509;66.5;55.5
07;2021-08-12;1103;1483;218396;182992;66.8;56.0
07;2021-08-13;1180;1787;219576;184779;67.2;56.5
07;2021-08-14;512;765;220088;185544;67.3;56.8
07;2021-08-15;9;28;220097;185572;67.3;56.8
07;2021-08-16;755;1328;220852;186900;67.6;57.2
07;2021-08-17;1333;2278;222185;189178;68.0;57.9
07;2021-08-18;873;1514;223058;190692;68.2;58.3
07;2021-08-19;1146;1695;224204;192387;68.6;58.9
07;2021-08-20;898;2086;225102;194473;68.9;59.5
07;2021-08-21;365;549;225467;195022;69.0;59.7
07;2021-08-22;7;23;225474;195045;69.0;59.7
07;2021-08-23;466;1306;225940;196351;69.1;60.1
07;2021-08-24;1122;2308;227062;198659;69.5;60.8
07;2021-08-25;683;1834;227745;200493;69.7;61.3
07;2021-08-26;683;2017;228428;202510;69.9;62.0
07;2021-08-27;779;1820;229207;204330;70.1;62.5
07;2021-08-28;335;606;229542;204936;70.2;62.7
07;2021-08-29;1;33;229543;204969;70.2;62.7
07;2021-08-30;425;1323;229968;206292;70.4;63.1
07;2021-08-31;1091;2281;231059;208573;70.7;63.8
07;2021-09-01;535;1395;231594;209968;70.9;64.2
07;2021-09-02;602;1541;232196;211509;71.0;64.7
07;2021-09-03;735;1889;232931;213398;71.3;65.3
07;2021-09-04;308;716;233239;214114;71.4;65.5
07;2021-09-05;26;22;233265;214136;71.4;65.5
07;2021-09-06;401;1028;233666;215164;71.5;65.8
07;2021-09-07;513;1462;234179;216626;71.6;66.3
07;2021-09-08;439;1161;234618;217787;71.8;66.6
07;2021-09-09;476;1051;235094;218838;71.9;66.9
07;2021-09-10;515;1414;235609;220252;72.1;67.4
07;2021-09-11;166;660;235775;220912;72.1;67.6
07;2021-09-12;0;9;235775;220921;72.1;67.6
08;2020-12-27;1;0;1;0;0.0;0.0
08;2020-12-28;0;0;1;0;0.0;0.0
08;2020-12-29;0;0;1;0;0.0;0.0
08;2020-12-30;0;0;1;0;0.0;0.0
08;2020-12-31;0;0;1;0;0.0;0.0
08;2021-01-01;0;0;1;0;0.0;0.0
08;2021-01-02;0;0;1;0;0.0;0.0
08;2021-01-03;2;0;3;0;0.0;0.0
08;2021-01-04;24;0;27;0;0.0;0.0
08;2021-01-05;1;0;28;0;0.0;0.0
08;2021-01-06;0;0;28;0;0.0;0.0
08;2021-01-07;188;0;216;0;0.1;0.0
08;2021-01-08;314;0;530;0;0.2;0.0
08;2021-01-09;113;0;643;0;0.2;0.0
08;2021-01-10;1;0;644;0;0.2;0.0
08;2021-01-11;67;0;711;0;0.3;0.0
08;2021-01-12;157;0;868;0;0.3;0.0
08;2021-01-13;480;1;1348;1;0.5;0.0
08;2021-01-14;537;9;1885;10;0.7;0.0
08;2021-01-15;287;2;2172;12;0.8;0.0
08;2021-01-16;107;0;2279;12;0.9;0.0
08;2021-01-17;2;0;2281;12;0.9;0.0
08;2021-01-18;371;2;2652;14;1.0;0.0
08;2021-01-19;873;1;3525;15;1.3;0.0
08;2021-01-20;910;4;4435;19;1.7;0.0
08;2021-01-21;743;1;5178;20;2.0;0.0
08;2021-01-22;677;1;5855;21;2.2;0.0
08;2021-01-23;237;0;6092;21;2.3;0.0
08;2021-01-24;0;0;6092;21;2.3;0.0
08;2021-01-25;209;0;6301;21;2.4;0.0
08;2021-01-26;303;1;6604;22;2.5;0.0
08;2021-01-27;410;1;7014;23;2.6;0.0
08;2021-01-28;565;176;7579;199;2.9;0.1
08;2021-01-29;588;175;8167;374;3.1;0.1
08;2021-01-30;222;59;8389;433;3.2;0.2
08;2021-01-31;0;0;8389;433;3.2;0.2
08;2021-02-01;80;43;8469;476;3.2;0.2
08;2021-02-02;192;162;8661;638;3.3;0.2
08;2021-02-03;141;163;8802;801;3.3;0.3
08;2021-02-04;309;275;9111;1076;3.4;0.4
08;2021-02-05;499;343;9610;1419;3.6;0.5
08;2021-02-06;149;68;9759;1487;3.7;0.6
08;2021-02-07;8;0;9767;1487;3.7;0.6
08;2021-02-08;40;156;9807;1643;3.7;0.6
08;2021-02-09;220;617;10027;2260;3.8;0.9
08;2021-02-10;334;601;10361;2861;3.9;1.1
08;2021-02-11;466;324;10827;3185;4.1;1.2
08;2021-02-12;676;342;11503;3527;4.3;1.3
08;2021-02-13;140;91;11643;3618;4.4;1.4
08;2021-02-14;3;60;11646;3678;4.4;1.4
08;2021-02-15;227;169;11873;3847;4.5;1.4
08;2021-02-16;130;311;12003;4158;4.5;1.6
08;2021-02-17;112;322;12115;4480;4.6;1.7
08;2021-02-18;215;426;12330;4906;4.6;1.8
08;2021-02-19;305;346;12635;5252;4.8;2.0
08;2021-02-20;7;188;12642;5440;4.8;2.0
08;2021-02-21;0;0;12642;5440;4.8;2.0
08;2021-02-22;132;149;12774;5589;4.8;2.1
08;2021-02-23;150;272;12924;5861;4.9;2.2
08;2021-02-24;163;337;13087;6198;4.9;2.3
08;2021-02-25;500;446;13587;6644;5.1;2.5
08;2021-02-26;603;546;14190;7190;5.3;2.7
08;2021-02-27;318;176;14508;7366;5.5;2.8
08;2021-02-28;19;1;14527;7367;5.5;2.8
08;2021-03-01;200;96;14727;7463;5.5;2.8
08;2021-03-02;654;259;15381;7722;5.8;2.9
08;2021-03-03;897;189;16278;7911;6.1;3.0
08;2021-03-04;734;295;17012;8206;6.4;3.1
08;2021-03-05;1022;484;18034;8690;6.8;3.3
08;2021-03-06;695;138;18729;8828;7.1;3.3
08;2021-03-07;75;2;18804;8830;7.1;3.3
08;2021-03-08;217;123;19021;8953;7.2;3.4
08;2021-03-09;688;149;19709;9102;7.4;3.4
08;2021-03-10;1038;114;20747;9216;7.8;3.5
08;2021-03-11;982;240;21729;9456;8.2;3.6
08;2021-03-12;1631;510;23360;9966;8.8;3.8
08;2021-03-13;798;121;24158;10087;9.1;3.8
08;2021-03-14;22;0;24180;10087;9.1;3.8
08;2021-03-15;291;73;24471;10160;9.2;3.8
08;2021-03-16;563;38;25034;10198;9.4;3.8
08;2021-03-17;804;64;25838;10262;9.7;3.9
08;2021-03-18;816;157;26654;10419;10.0;3.9
08;2021-03-19;1135;278;27789;10697;10.5;4.0
08;2021-03-20;511;16;28300;10713;10.7;4.0
08;2021-03-21;13;1;28313;10714;10.7;4.0
08;2021-03-22;367;45;28680;10759;10.8;4.1
08;2021-03-23;733;63;29413;10822;11.1;4.1
08;2021-03-24;1327;69;30740;10891;11.6;4.1
08;2021-03-25;1905;96;32645;10987;12.3;4.1
08;2021-03-26;2570;170;35215;11157;13.3;4.2
08;2021-03-27;898;123;36113;11280;13.6;4.2
08;2021-03-28;228;6;36341;11286;13.7;4.3
08;2021-03-29;261;183;36602;11469;13.8;4.3
08;2021-03-30;832;482;37434;11951;14.1;4.5
08;2021-03-31;852;530;38286;12481;14.4;4.7
08;2021-04-01;1685;445;39971;12926;15.1;4.9
08;2021-04-02;1499;514;41470;13440;15.6;5.1
08;2021-04-03;1329;203;42799;13643;16.1;5.1
08;2021-04-04;134;4;42933;13647;16.2;5.1
08;2021-04-05;17;0;42950;13647;16.2;5.1
08;2021-04-06;703;481;43653;14128;16.4;5.3
08;2021-04-07;910;701;44563;14829;16.8;5.6
08;2021-04-08;1743;521;46306;15350;17.4;5.8
08;2021-04-09;2348;728;48654;16078;18.3;6.1
08;2021-04-10;1448;226;50102;16304;18.9;6.1
08;2021-04-11;10;6;50112;16310;18.9;6.1
08;2021-04-12;671;211;50783;16521;19.1;6.2
08;2021-04-13;1310;610;52093;17131;19.6;6.5
08;2021-04-14;1280;867;53373;17998;20.1;6.8
08;2021-04-15;1606;805;54979;18803;20.7;7.1
08;2021-04-16;1873;880;56852;19683;21.4;7.4
08;2021-04-17;1112;402;57964;20085;21.8;7.6
08;2021-04-18;23;14;57987;20099;21.8;7.6
08;2021-04-19;1151;298;59138;20397;22.3;7.7
08;2021-04-20;1120;542;60258;20939;22.7;7.9
08;2021-04-21;1139;744;61397;21683;23.1;8.2
08;2021-04-22;1327;879;62724;22562;23.6;8.5
08;2021-04-23;1676;1171;64400;23733;24.3;8.9
08;2021-04-24;1325;646;65725;24379;24.8;9.2
08;2021-04-25;26;198;65751;24577;24.8;9.3
08;2021-04-26;1040;156;66791;24733;25.2;9.3
08;2021-04-27;1338;592;68129;25325;25.7;9.5
08;2021-04-28;1453;667;69582;25992;26.2;9.8
08;2021-04-29;1173;1305;70755;27297;26.6;10.3
08;2021-04-30;1769;1609;72524;28906;27.3;10.9
08;2021-05-01;1049;493;73573;29399;27.7;11.1
08;2021-05-02;627;183;74200;29582;27.9;11.1
08;2021-05-03;1169;372;75369;29954;28.4;11.3
08;2021-05-04;1328;873;76697;30827;28.9;11.6
08;2021-05-05;1567;1335;78264;32162;29.5;12.1
08;2021-05-06;1971;1650;80235;33812;30.2;12.7
08;2021-05-07;1861;2097;82096;35909;30.9;13.5
08;2021-05-08;923;767;83019;36676;31.3;13.8
08;2021-05-09;443;71;83462;36747;31.4;13.8
08;2021-05-10;1192;657;84654;37404;31.9;14.1
08;2021-05-11;1910;940;86564;38344;32.6;14.4
08;2021-05-12;1810;1239;88374;39583;33.3;14.9
08;2021-05-13;1306;616;89680;40199;33.8;15.1
08;2021-05-14;2535;1036;92215;41235;34.7;15.5
08;2021-05-15;1821;712;94036;41947;35.4;15.8
08;2021-05-16;820;102;94856;42049;35.7;15.8
08;2021-05-17;700;905;95556;42954;36.0;16.2
08;2021-05-18;1251;838;96807;43792;36.5;16.5
08;2021-05-19;1610;960;98417;44752;37.1;16.9
08;2021-05-20;2147;955;100564;45707;37.9;17.2
08;2021-05-21;2338;1273;102902;46980;38.8;17.7
08;2021-05-22;1817;762;104719;47742;39.4;18.0
08;2021-05-23;864;90;105583;47832;39.8;18.0
08;2021-05-24;715;105;106298;47937;40.0;18.1
08;2021-05-25;1456;669;107754;48606;40.6;18.3
08;2021-05-26;1526;1008;109280;49614;41.2;18.7
08;2021-05-27;2005;1143;111285;50757;41.9;19.1
08;2021-05-28;1973;1813;113258;52570;42.7;19.8
08;2021-05-29;1768;960;115026;53530;43.3;20.2
08;2021-05-30;836;102;115862;53632;43.6;20.2
08;2021-05-31;755;569;116617;54201;43.9;20.4
08;2021-06-01;1350;876;117967;55077;44.4;20.7
08;2021-06-02;1295;1192;119262;56269;44.9;21.2
08;2021-06-03;1386;1521;120648;57790;45.4;21.8
08;2021-06-04;1777;2418;122425;60208;46.1;22.7
08;2021-06-05;1177;1379;123602;61587;46.5;23.2
08;2021-06-06;907;106;124509;61693;46.9;23.2
08;2021-06-07;661;1174;125170;62867;47.1;23.7
08;2021-06-08;931;1496;126101;64363;47.5;24.2
08;2021-06-09;841;1386;126942;65749;47.8;24.8
08;2021-06-10;1718;1561;128660;67310;48.5;25.3
08;2021-06-11;1721;2204;130381;69514;49.1;26.2
08;2021-06-12;1418;1527;131799;71041;49.6;26.8
08;2021-06-13;386;598;132185;71639;49.8;27.0
08;2021-06-14;380;1304;132565;72943;49.9;27.5
08;2021-06-15;742;1551;133307;74494;50.2;28.1
08;2021-06-16;809;2052;134116;76546;50.5;28.8
08;2021-06-17;1285;1851;135401;78397;51.0;29.5
08;2021-06-18;1609;2592;137010;80989;51.6;30.5
08;2021-06-19;1325;1407;138335;82396;52.1;31.0
08;2021-06-20;117;422;138452;82818;52.1;31.2
08;2021-06-21;494;1397;138946;84215;52.3;31.7
08;2021-06-22;809;2023;139755;86238;52.6;32.5
08;2021-06-23;860;1673;140615;87911;53.0;33.1
08;2021-06-24;1038;1923;141653;89834;53.3;33.8
08;2021-06-25;1084;2729;142737;92563;53.8;34.9
08;2021-06-26;1011;1784;143748;94347;54.1;35.5
08;2021-06-27;351;642;144099;94989;54.3;35.8
08;2021-06-28;397;1324;144496;96313;54.4;36.3
08;2021-06-29;628;1472;145124;97785;54.7;36.8
08;2021-06-30;856;1689;145980;99474;55.0;37.5
08;2021-07-01;887;2194;146867;101668;55.3;38.3
08;2021-07-02;939;2642;147806;104310;55.7;39.3
08;2021-07-03;784;2145;148590;106455;56.0;40.1
08;2021-07-04;128;861;148718;107316;56.0;40.4
08;2021-07-05;104;1195;148822;108511;56.0;40.9
08;2021-07-06;425;1834;149247;110345;56.2;41.6
08;2021-07-07;364;1781;149611;112126;56.3;42.2
08;2021-07-08;717;2016;150328;114142;56.6;43.0
08;2021-07-09;734;2434;151062;116576;56.9;43.9
08;2021-07-10;653;1998;151715;118574;57.1;44.7
08;2021-07-11;238;726;151953;119300;57.2;44.9
08;2021-07-12;312;1192;152265;120492;57.3;45.4
08;2021-07-13;946;1787;153211;122279;57.7;46.1
08;2021-07-14;178;329;153389;122608;57.8;46.2
08;2021-07-15;760;2448;154149;125056;58.1;47.1
08;2021-07-16;1084;2404;155233;127460;58.5;48.0
08;2021-07-17;993;2107;156226;129567;58.8;48.8
08;2021-07-18;346;741;156572;130308;59.0;49.1
08;2021-07-19;457;920;157029;131228;59.1;49.4
08;2021-07-20;878;1435;157907;132663;59.5;50.0
08;2021-07-21;1235;1716;159142;134379;59.9;50.6
08;2021-07-22;1151;2168;160293;136547;60.4;51.4
08;2021-07-23;1586;2441;161879;138988;61.0;52.3
08;2021-07-24;1310;1921;163189;140909;61.5;53.1
08;2021-07-25;774;445;163963;141354;61.7;53.2
08;2021-07-26;1323;843;165286;142197;62.2;53.6
08;2021-07-27;2188;1405;167474;143602;63.1;54.1
08;2021-07-28;2414;1452;169888;145054;64.0;54.6
08;2021-07-29;2605;1346;172493;146400;65.0;55.1
08;2021-07-30;2601;1589;175094;147989;65.9;55.7
08;2021-07-31;1974;1076;177068;149065;66.7;56.1
08;2021-08-01;935;300;178003;149365;67.0;56.3
08;2021-08-02;1255;682;179258;150047;67.5;56.5
08;2021-08-03;1633;823;180891;150870;68.1;56.8
08;2021-08-04;1492;664;182383;151534;68.7;57.1
08;2021-08-05;1905;976;184288;152510;69.4;57.4
08;2021-08-06;2589;1100;186877;153610;70.4;57.9
08;2021-08-07;1673;1162;188550;154772;71.0;58.3
08;2021-08-08;585;373;189135;155145;71.2;58.4
08;2021-08-09;672;534;189807;155679;71.5;58.6
08;2021-08-10;880;750;190687;156429;71.8;58.9
08;2021-08-11;524;791;191211;157220;72.0;59.2
08;2021-08-12;1161;1079;192372;158299;72.4;59.6
08;2021-08-13;1157;1013;193529;159312;72.9;60.0
08;2021-08-14;587;912;194116;160224;73.1;60.3
08;2021-08-15;137;274;194253;160498;73.2;60.4
08;2021-08-16;219;1180;194472;161678;73.2;60.9
08;2021-08-17;514;1210;194986;162888;73.4;61.3
08;2021-08-18;280;1264;195266;164152;73.5;61.8
08;2021-08-19;605;1888;195871;166040;73.8;62.5
08;2021-08-20;685;2178;196556;168218;74.0;63.4
08;2021-08-21;274;1339;196830;169557;74.1;63.9
08;2021-08-22;105;900;196935;170457;74.2;64.2
08;2021-08-23;160;1448;197095;171905;74.2;64.7
08;2021-08-24;361;1753;197456;173658;74.4;65.4
08;2021-08-25;320;1248;197776;174906;74.5;65.9
08;2021-08-26;500;2064;198276;176970;74.7;66.6
08;2021-08-27;449;2324;198725;179294;74.8;67.5
08;2021-08-28;260;1286;198985;180580;74.9;68.0
08;2021-08-29;167;561;199152;181141;75.0;68.2
08;2021-08-30;302;1167;199454;182308;75.1;68.7
08;2021-08-31;360;1284;199814;183592;75.3;69.1
08;2021-09-01;413;1353;200227;184945;75.4;69.7
08;2021-09-02;463;1290;200690;186235;75.6;70.1
08;2021-09-03;462;1692;201152;187927;75.8;70.8
08;2021-09-04;348;1464;201500;189391;75.9;71.3
08;2021-09-05;106;206;201606;189597;75.9;71.4
08;2021-09-06;196;514;201802;190111;76.0;71.6
08;2021-09-07;205;612;202007;190723;76.1;71.8
08;2021-09-08;277;596;202284;191319;76.2;72.1
08;2021-09-09;342;742;202626;192061;76.3;72.3
08;2021-09-10;493;1025;203119;193086;76.5;72.7
08;2021-09-11;384;846;203503;193932;76.6;73.0
08;2021-09-12;52;91;203555;194023;76.7;73.1
09;2020-12-27;0;0;0;0;0.0;0.0
09;2020-12-28;1;0;1;0;0.0;0.0
09;2020-12-29;0;0;1;0;0.0;0.0
09;2020-12-30;0;0;1;0;0.0;0.0
09;2020-12-31;0;0;1;0;0.0;0.0
09;2021-01-01;0;0;1;0;0.0;0.0
09;2021-01-02;0;0;1;0;0.0;0.0
09;2021-01-03;0;0;1;0;0.0;0.0
09;2021-01-04;2;1;3;1;0.0;0.0
09;2021-01-05;0;0;3;1;0.0;0.0
09;2021-01-06;3;0;6;1;0.0;0.0
09;2021-01-07;257;2;263;3;0.2;0.0
09;2021-01-08;228;0;491;3;0.3;0.0
09;2021-01-09;103;0;594;3;0.4;0.0
09;2021-01-10;59;0;653;3;0.4;0.0
09;2021-01-11;175;0;828;3;0.5;0.0
09;2021-01-12;303;0;1131;3;0.7;0.0
09;2021-01-13;196;0;1327;3;0.9;0.0
09;2021-01-14;432;8;1759;11;1.2;0.0
09;2021-01-15;223;1;1982;12;1.3;0.0
09;2021-01-16;192;1;2174;13;1.4;0.0
09;2021-01-17;123;0;2297;13;1.5;0.0
09;2021-01-18;265;1;2562;14;1.7;0.0
09;2021-01-19;256;1;2818;15;1.8;0.0
09;2021-01-20;346;1;3164;16;2.1;0.0
09;2021-01-21;331;1;3495;17;2.3;0.0
09;2021-01-22;330;1;3825;18;2.5;0.0
09;2021-01-23;237;0;4062;18;2.7;0.0
09;2021-01-24;85;1;4147;19;2.7;0.0
09;2021-01-25;206;11;4353;30;2.9;0.0
09;2021-01-26;632;25;4985;55;3.3;0.0
09;2021-01-27;472;45;5457;100;3.6;0.1
09;2021-01-28;286;140;5743;240;3.8;0.2
09;2021-01-29;251;121;5994;361;3.9;0.2
09;2021-01-30;143;51;6137;412;4.0;0.3
09;2021-01-31;56;10;6193;422;4.1;0.3
09;2021-02-01;82;128;6275;550;4.1;0.4
09;2021-02-02;57;278;6332;828;4.2;0.5
09;2021-02-03;87;189;6419;1017;4.2;0.7
09;2021-02-04;49;263;6468;1280;4.2;0.8
09;2021-02-05;89;123;6557;1403;4.3;0.9
09;2021-02-06;68;35;6625;1438;4.3;0.9
09;2021-02-07;6;48;6631;1486;4.4;1.0
09;2021-02-08;22;145;6653;1631;4.4;1.1
09;2021-02-09;55;231;6708;1862;4.4;1.2
09;2021-02-10;14;136;6722;1998;4.4;1.3
09;2021-02-11;6;161;6728;2159;4.4;1.4
09;2021-02-12;148;110;6876;2269;4.5;1.5
09;2021-02-13;7;119;6883;2388;4.5;1.6
09;2021-02-14;0;39;6883;2427;4.5;1.6
09;2021-02-15;75;111;6958;2538;4.6;1.7
09;2021-02-16;227;460;7185;2998;4.7;2.0
09;2021-02-17;83;337;7268;3335;4.8;2.2
09;2021-02-18;87;374;7355;3709;4.8;2.4
09;2021-02-19;63;211;7418;3920;4.9;2.6
09;2021-02-20;59;151;7477;4071;4.9;2.7
09;2021-02-21;0;37;7477;4108;4.9;2.7
09;2021-02-22;127;174;7604;4282;5.0;2.8
09;2021-02-23;161;110;7765;4392;5.1;2.9
09;2021-02-24;74;149;7839;4541;5.1;3.0
09;2021-02-25;211;146;8050;4687;5.3;3.1
09;2021-02-26;162;143;8212;4830;5.4;3.2
09;2021-02-27;65;49;8277;4879;5.4;3.2
09;2021-02-28;44;15;8321;4894;5.5;3.2
09;2021-03-01;247;84;8568;4978;5.6;3.3
09;2021-03-02;284;67;8852;5045;5.8;3.3
09;2021-03-03;252;122;9104;5167;6.0;3.4
09;2021-03-04;413;29;9517;5196;6.2;3.4
09;2021-03-05;331;52;9848;5248;6.5;3.4
09;2021-03-06;397;41;10245;5289;6.7;3.5
09;2021-03-07;124;4;10369;5293;6.8;3.5
09;2021-03-08;380;61;10749;5354;7.1;3.5
09;2021-03-09;437;133;11186;5487;7.3;3.6
09;2021-03-10;561;71;11747;5558;7.7;3.6
09;2021-03-11;695;78;12442;5636;8.2;3.7
09;2021-03-12;660;31;13102;5667;8.6;3.7
09;2021-03-13;385;3;13487;5670;8.8;3.7
09;2021-03-14;120;3;13607;5673;8.9;3.7
09;2021-03-15;467;51;14074;5724;9.2;3.8
09;2021-03-16;370;77;14444;5801;9.5;3.8
09;2021-03-17;399;72;14843;5873;9.7;3.9
09;2021-03-18;454;43;15297;5916;10.0;3.9
09;2021-03-19;525;56;15822;5972;10.4;3.9
09;2021-03-20;314;39;16136;6011;10.6;3.9
09;2021-03-21;105;0;16241;6011;10.7;3.9
09;2021-03-22;424;117;16665;6128;10.9;4.0
09;2021-03-23;566;166;17231;6294;11.3;4.1
09;2021-03-24;711;43;17942;6337;11.8;4.2
09;2021-03-25;869;134;18811;6471;12.3;4.2
09;2021-03-26;751;47;19562;6518;12.8;4.3
09;2021-03-27;622;70;20184;6588;13.2;4.3
09;2021-03-28;132;24;20316;6612;13.3;4.3
09;2021-03-29;498;275;20814;6887;13.7;4.5
09;2021-03-30;729;154;21543;7041;14.1;4.6
09;2021-03-31;803;182;22346;7223;14.7;4.7
09;2021-04-01;734;253;23080;7476;15.1;4.9
09;2021-04-02;694;267;23774;7743;15.6;5.1
09;2021-04-03;771;116;24545;7859;16.1;5.2
09;2021-04-04;122;57;24667;7916;16.2;5.2
09;2021-04-05;237;61;24904;7977;16.3;5.2
09;2021-04-06;1057;391;25961;8368;17.0;5.5
09;2021-04-07;1209;360;27170;8728;17.8;5.7
09;2021-04-08;1470;406;28640;9134;18.8;6.0
09;2021-04-09;1138;416;29778;9550;19.5;6.3
09;2021-04-10;1349;196;31127;9746;20.4;6.4
09;2021-04-11;173;101;31300;9847;20.5;6.5
09;2021-04-12;737;346;32037;10193;21.0;6.7
09;2021-04-13;1047;414;33084;10607;21.7;7.0
09;2021-04-14;1332;510;34416;11117;22.6;7.3
09;2021-04-15;1147;505;35563;11622;23.3;7.6
09;2021-04-16;1032;407;36595;12029;24.0;7.9
09;2021-04-17;1193;356;37788;12385;24.8;8.1
09;2021-04-18;102;96;37890;12481;24.9;8.2
09;2021-04-19;697;406;38587;12887;25.3;8.5
09;2021-04-20;766;531;39353;13418;25.8;8.8
09;2021-04-21;939;589;40292;14007;26.4;9.2
09;2021-04-22;666;605;40958;14612;26.9;9.6
09;2021-04-23;774;430;41732;15042;27.4;9.9
09;2021-04-24;741;671;42473;15713;27.9;10.3
09;2021-04-25;75;112;42548;15825;27.9;10.4
09;2021-04-26;382;532;42930;16357;28.2;10.7
09;2021-04-27;444;721;43374;17078;28.5;11.2
09;2021-04-28;806;794;44180;17872;29.0;11.7
09;2021-04-29;550;776;44730;18648;29.4;12.2
09;2021-04-30;621;722;45351;19370;29.8;12.7
09;2021-05-01;478;455;45829;19825;30.1;13.0
09;2021-05-02;51;100;45880;19925;30.1;13.1
09;2021-05-03;521;662;46401;20587;30.4;13.5
09;2021-05-04;555;1348;46956;21935;30.8;14.4
09;2021-05-05;822;1348;47778;23283;31.4;15.3
09;2021-05-06;849;1032;48627;24315;31.9;16.0
09;2021-05-07;977;822;49604;25137;32.5;16.5
09;2021-05-08;395;461;49999;25598;32.8;16.8
09;2021-05-09;264;84;50263;25682;33.0;16.9
09;2021-05-10;504;966;50767;26648;33.3;17.5
09;2021-05-11;741;1049;51508;27697;33.8;18.2
09;2021-05-12;1535;1402;53043;29099;34.8;19.1
09;2021-05-13;1383;425;54426;29524;35.7;19.4
09;2021-05-14;986;653;55412;30177;36.4;19.8
09;2021-05-15;1236;789;56648;30966;37.2;20.3
09;2021-05-16;296;48;56944;31014;37.4;20.4
09;2021-05-17;873;413;57817;31427;37.9;20.6
09;2021-05-18;1291;396;59108;31823;38.8;20.9
09;2021-05-19;1496;371;60604;32194;39.8;21.1
09;2021-05-20;1380;404;61984;32598;40.7;21.4
09;2021-05-21;1164;496;63148;33094;41.4;21.7
09;2021-05-22;1546;365;64694;33459;42.5;22.0
09;2021-05-23;273;25;64967;33484;42.6;22.0
09;2021-05-24;177;100;65144;33584;42.7;22.0
09;2021-05-25;998;500;66142;34084;43.4;22.4
09;2021-05-26;1285;447;67427;34531;44.2;22.7
09;2021-05-27;966;403;68393;34934;44.9;22.9
09;2021-05-28;958;510;69351;35444;45.5;23.3
09;2021-05-29;1796;600;71147;36044;46.7;23.7
09;2021-05-30;541;197;71688;36241;47.0;23.8
09;2021-05-31;717;592;72405;36833;47.5;24.2
09;2021-06-01;970;638;73375;37471;48.1;24.6
09;2021-06-02;1009;896;74384;38367;48.8;25.2
09;2021-06-03;810;681;75194;39048;49.3;25.6
09;2021-06-04;877;798;76071;39846;49.9;26.1
09;2021-06-05;1320;874;77391;40720;50.8;26.7
09;2021-06-06;304;108;77695;40828;51.0;26.8
09;2021-06-07;623;518;78318;41346;51.4;27.1
09;2021-06-08;823;488;79141;41834;51.9;27.5
09;2021-06-09;805;834;79946;42668;52.5;28.0
09;2021-06-10;642;533;80588;43201;52.9;28.3
09;2021-06-11;831;762;81419;43963;53.4;28.8
09;2021-06-12;636;809;82055;44772;53.8;29.4
09;2021-06-13;94;130;82149;44902;53.9;29.5
09;2021-06-14;630;708;82779;45610;54.3;29.9
09;2021-06-15;824;889;83603;46499;54.9;30.5
09;2021-06-16;627;1079;84230;47578;55.3;31.2
09;2021-06-17;780;853;85010;48431;55.8;31.8
09;2021-06-18;635;1148;85645;49579;56.2;32.5
09;2021-06-19;517;1580;86162;51159;56.5;33.6
09;2021-06-20;8;279;86170;51438;56.5;33.8
09;2021-06-21;473;698;86643;52136;56.9;34.2
09;2021-06-22;463;1066;87106;53202;57.2;34.9
09;2021-06-23;435;1224;87541;54426;57.4;35.7
09;2021-06-24;581;771;88122;55197;57.8;36.2
09;2021-06-25;411;1063;88533;56260;58.1;36.9
09;2021-06-26;443;1087;88976;57347;58.4;37.6
09;2021-06-27;2;275;88978;57622;58.4;37.8
09;2021-06-28;239;1046;89217;58668;58.5;38.5
09;2021-06-29;314;1228;89531;59896;58.7;39.3
09;2021-06-30;457;1491;89988;61387;59.0;40.3
09;2021-07-01;384;1430;90372;62817;59.3;41.2
09;2021-07-02;308;1162;90680;63979;59.5;42.0
09;2021-07-03;210;1619;90890;65598;59.6;43.0
09;2021-07-04;4;254;90894;65852;59.6;43.2
09;2021-07-05;189;713;91083;66565;59.8;43.7
09;2021-07-06;293;1221;91376;67786;60.0;44.5
09;2021-07-07;419;1399;91795;69185;60.2;45.4
09;2021-07-08;325;1058;92120;70243;60.4;46.1
09;2021-07-09;293;1153;92413;71396;60.6;46.8
09;2021-07-10;345;1727;92758;73123;60.9;48.0
09;2021-07-11;147;392;92905;73515;61.0;48.2
09;2021-07-12;187;1074;93092;74589;61.1;48.9
09;2021-07-13;642;1308;93734;75897;61.5;49.8
09;2021-07-14;490;220;94224;76117;61.8;49.9
09;2021-07-15;819;1165;95043;77282;62.4;50.7
09;2021-07-16;610;1189;95653;78471;62.8;51.5
09;2021-07-17;1016;1444;96669;79915;63.4;52.4
09;2021-07-18;302;221;96971;80136;63.6;52.6
09;2021-07-19;483;973;97454;81109;63.9;53.2
09;2021-07-20;830;1260;98284;82369;64.5;54.0
09;2021-07-21;1017;1167;99301;83536;65.2;54.8
09;2021-07-22;847;908;100148;84444;65.7;55.4
09;2021-07-23;724;910;100872;85354;66.2;56.0
09;2021-07-24;928;464;101800;85818;66.8;56.3
09;2021-07-25;560;134;102360;85952;67.2;56.4
09;2021-07-26;647;767;103007;86719;67.6;56.9
09;2021-07-27;1180;948;104187;87667;68.4;57.5
09;2021-07-28;1196;987;105383;88654;69.1;58.2
09;2021-07-29;1042;737;106425;89391;69.8;58.7
09;2021-07-30;780;625;107205;90016;70.3;59.1
09;2021-07-31;1378;417;108583;90433;71.2;59.3
09;2021-08-01;141;125;108724;90558;71.3;59.4
09;2021-08-02;614;479;109338;91037;71.7;59.7
09;2021-08-03;1254;767;110592;91804;72.6;60.2
09;2021-08-04;1398;654;111990;92458;73.5;60.7
09;2021-08-05;998;677;112988;93135;74.1;61.1
09;2021-08-06;1018;639;114006;93774;74.8;61.5
09;2021-08-07;827;429;114833;94203;75.4;61.8
09;2021-08-08;129;131;114962;94334;75.4;61.9
09;2021-08-09;690;648;115652;94982;75.9;62.3
09;2021-08-10;940;694;116592;95676;76.5;62.8
09;2021-08-11;896;866;117488;96542;77.1;63.3
09;2021-08-12;631;730;118119;97272;77.5;63.8
09;2021-08-13;465;645;118584;97917;77.8;64.3
09;2021-08-14;311;828;118895;98745;78.0;64.8
09;2021-08-15;66;138;118961;98883;78.1;64.9
09;2021-08-16;546;619;119507;99502;78.4;65.3
09;2021-08-17;673;776;120180;100278;78.9;65.8
09;2021-08-18;619;930;120799;101208;79.3;66.4
09;2021-08-19;431;722;121230;101930;79.5;66.9
09;2021-08-20;363;749;121593;102679;79.8;67.4
09;2021-08-21;343;1383;121936;104062;80.0;68.3
09;2021-08-22;67;168;122003;104230;80.1;68.4
09;2021-08-23;336;759;122339;104989;80.3;68.9
09;2021-08-24;402;955;122741;105944;80.5;69.5
09;2021-08-25;283;1004;123024;106948;80.7;70.2
09;2021-08-26;315;927;123339;107875;80.9;70.8
09;2021-08-27;223;740;123562;108615;81.1;71.3
09;2021-08-28;256;969;123818;109584;81.2;71.9
09;2021-08-29;15;144;123833;109728;81.3;72.0
09;2021-08-30;275;748;124108;110476;81.4;72.5
09;2021-08-31;316;1148;124424;111624;81.6;73.2
09;2021-09-01;360;977;124784;112601;81.9;73.9
09;2021-09-02;159;602;124943;113203;82.0;74.3
09;2021-09-03;223;879;125166;114082;82.1;74.9
09;2021-09-04;162;536;125328;114618;82.2;75.2
09;2021-09-05;25;104;125353;114722;82.3;75.3
09;2021-09-06;183;653;125536;115375;82.4;75.7
09;2021-09-07;154;694;125690;116069;82.5;76.2
09;2021-09-08;201;917;125891;116986;82.6;76.8
09;2021-09-09;159;555;126050;117541;82.7;77.1
09;2021-09-10;130;474;126180;118015;82.8;77.4
09;2021-09-11;174;506;126354;118521;82.9;77.8
09;2021-09-12;22;80;126376;118601;82.9;77.8
10;2020-12-27;0;0;0;0;0.0;0.0
10;2020-12-28;0;0;0;0;0.0;0.0
10;2020-12-29;0;0;0;0;0.0;0.0
10;2020-12-30;0;0;0;0;0.0;0.0
10;2020-12-31;0;0;0;0;0.0;0.0
10;2021-01-01;0;0;0;0;0.0;0.0
10;2021-01-02;1;0;1;0;0.0;0.0
10;2021-01-03;0;0;1;0;0.0;0.0
10;2021-01-04;0;0;1;0;0.0;0.0
10;2021-01-05;1;0;2;0;0.0;0.0
10;2021-01-06;0;0;2;0;0.0;0.0
10;2021-01-07;84;0;86;0;0.0;0.0
10;2021-01-08;255;0;341;0;0.1;0.0
10;2021-01-09;0;0;341;0;0.1;0.0
10;2021-01-10;0;0;341;0;0.1;0.0
10;2021-01-11;118;0;459;0;0.1;0.0
10;2021-01-12;195;0;654;0;0.2;0.0
10;2021-01-13;313;0;967;0;0.3;0.0
10;2021-01-14;391;7;1358;7;0.4;0.0
10;2021-01-15;359;3;1717;10;0.6;0.0
10;2021-01-16;56;0;1773;10;0.6;0.0
10;2021-01-17;0;0;1773;10;0.6;0.0
10;2021-01-18;702;0;2475;10;0.8;0.0
10;2021-01-19;1391;2;3866;12;1.2;0.0
10;2021-01-20;1079;9;4945;21;1.6;0.0
10;2021-01-21;1152;2;6097;23;2.0;0.0
10;2021-01-22;819;2;6916;25;2.2;0.0
10;2021-01-23;309;0;7225;25;2.3;0.0
10;2021-01-24;0;0;7225;25;2.3;0.0
10;2021-01-25;445;8;7670;33;2.5;0.0
10;2021-01-26;487;17;8157;50;2.6;0.0
10;2021-01-27;459;14;8616;64;2.8;0.0
10;2021-01-28;358;37;8974;101;2.9;0.0
10;2021-01-29;430;170;9404;271;3.0;0.1
10;2021-01-30;30;0;9434;271;3.0;0.1
10;2021-01-31;0;0;9434;271;3.0;0.1
10;2021-02-01;405;119;9839;390;3.2;0.1
10;2021-02-02;182;136;10021;526;3.2;0.2
10;2021-02-03;361;212;10382;738;3.4;0.2
10;2021-02-04;342;238;10724;976;3.5;0.3
10;2021-02-05;327;284;11051;1260;3.6;0.4
10;2021-02-06;3;35;11054;1295;3.6;0.4
10;2021-02-07;0;0;11054;1295;3.6;0.4
10;2021-02-08;190;322;11244;1617;3.6;0.5
10;2021-02-09;486;541;11730;2158;3.8;0.7
10;2021-02-10;667;465;12397;2623;4.0;0.8
10;2021-02-11;781;576;13178;3199;4.3;1.0
10;2021-02-12;580;516;13758;3715;4.4;1.2
10;2021-02-13;37;95;13795;3810;4.5;1.2
10;2021-02-14;0;0;13795;3810;4.5;1.2
10;2021-02-15;142;321;13937;4131;4.5;1.3
10;2021-02-16;116;437;14053;4568;4.5;1.5
10;2021-02-17;129;492;14182;5060;4.6;1.6
10;2021-02-18;216;440;14398;5500;4.6;1.8
10;2021-02-19;188;409;14586;5909;4.7;1.9
10;2021-02-20;24;157;14610;6066;4.7;2.0
10;2021-02-21;0;0;14610;6066;4.7;2.0
10;2021-02-22;77;359;14687;6425;4.7;2.1
10;2021-02-23;76;485;14763;6910;4.8;2.2
10;2021-02-24;113;322;14876;7232;4.8;2.3
10;2021-02-25;324;336;15200;7568;4.9;2.4
10;2021-02-26;351;263;15551;7831;5.0;2.5
10;2021-02-27;275;113;15826;7944;5.1;2.6
10;2021-02-28;0;0;15826;7944;5.1;2.6
10;2021-03-01;257;293;16083;8237;5.2;2.7
10;2021-03-02;435;350;16518;8587;5.3;2.8
10;2021-03-03;454;534;16972;9121;5.5;2.9
10;2021-03-04;636;471;17608;9592;5.7;3.1
10;2021-03-05;677;240;18285;9832;5.9;3.2
10;2021-03-06;950;42;19235;9874;6.2;3.2
10;2021-03-07;769;6;20004;9880;6.5;3.2
10;2021-03-08;502;408;20506;10288;6.6;3.3
10;2021-03-09;673;406;21179;10694;6.8;3.5
10;2021-03-10;660;341;21839;11035;7.0;3.6
10;2021-03-11;1174;232;23013;11267;7.4;3.6
10;2021-03-12;1338;239;24351;11506;7.9;3.7
10;2021-03-13;891;38;25242;11544;8.1;3.7
10;2021-03-14;1381;16;26623;11560;8.6;3.7
10;2021-03-15;821;78;27444;11638;8.9;3.8
10;2021-03-16;688;61;28132;11699;9.1;3.8
10;2021-03-17;831;67;28963;11766;9.3;3.8
10;2021-03-18;885;79;29848;11845;9.6;3.8
10;2021-03-19;951;70;30799;11915;9.9;3.8
10;2021-03-20;552;18;31351;11933;10.1;3.9
10;2021-03-21;1849;42;33200;11975;10.7;3.9
10;2021-03-22;879;73;34079;12048;11.0;3.9
10;2021-03-23;1244;92;35323;12140;11.4;3.9
10;2021-03-24;1311;58;36634;12198;11.8;3.9
10;2021-03-25;1676;228;38310;12426;12.4;4.0
10;2021-03-26;1431;116;39741;12542;12.8;4.0
10;2021-03-27;762;78;40503;12620;13.1;4.1
10;2021-03-28;1221;29;41724;12649;13.5;4.1
10;2021-03-29;648;303;42372;12952;13.7;4.2
10;2021-03-30;927;375;43299;13327;14.0;4.3
10;2021-03-31;617;359;43916;13686;14.2;4.4
10;2021-04-01;884;684;44800;14370;14.5;4.6
10;2021-04-02;1069;587;45869;14957;14.8;4.8
10;2021-04-03;540;602;46409;15559;15.0;5.0
10;2021-04-04;1826;260;48235;15819;15.6;5.1
10;2021-04-05;1843;43;50078;15862;16.2;5.1
10;2021-04-06;514;650;50592;16512;16.3;5.3
10;2021-04-07;590;540;51182;17052;16.5;5.5
10;2021-04-08;1057;606;52239;17658;16.9;5.7
10;2021-04-09;1130;611;53369;18269;17.2;5.9
10;2021-04-10;1770;349;55139;18618;17.8;6.0
10;2021-04-11;55;1220;55194;19838;17.8;6.4
10;2021-04-12;1003;807;56197;20645;18.1;6.7
10;2021-04-13;1506;894;57703;21539;18.6;7.0
10;2021-04-14;820;601;58523;22140;18.9;7.1
10;2021-04-15;1454;891;59977;23031;19.4;7.4
10;2021-04-16;1109;697;61086;23728;19.7;7.7
10;2021-04-17;2391;361;63477;24089;20.5;7.8
10;2021-04-18;1422;1783;64899;25872;20.9;8.3
10;2021-04-19;838;833;65737;26705;21.2;8.6
10;2021-04-20;546;1034;66283;27739;21.4;9.0
10;2021-04-21;636;974;66919;28713;21.6;9.3
10;2021-04-22;932;963;67851;29676;21.9;9.6
10;2021-04-23;2173;776;70024;30452;22.6;9.8
10;2021-04-24;2296;374;72320;30826;23.3;9.9
10;2021-04-25;1991;1215;74311;32041;24.0;10.3
10;2021-04-26;773;621;75084;32662;24.2;10.5
10;2021-04-27;895;536;75979;33198;24.5;10.7
10;2021-04-28;873;404;76852;33602;24.8;10.8
10;2021-04-29;1433;671;78285;34273;25.3;11.1
10;2021-04-30;2173;768;80458;35041;26.0;11.3
10;2021-05-01;1988;2167;82446;37208;26.6;12.0
10;2021-05-02;1948;1896;84394;39104;27.2;12.6
10;2021-05-03;622;447;85016;39551;27.4;12.8
10;2021-05-04;1145;1247;86161;40798;27.8;13.2
10;2021-05-05;1755;1021;87916;41819;28.4;13.5
10;2021-05-06;2257;948;90173;42767;29.1;13.8
10;2021-05-07;2218;1136;92391;43903;29.8;14.2
10;2021-05-08;2272;858;94663;44761;30.5;14.4
10;2021-05-09;2005;100;96668;44861;31.2;14.5
10;2021-05-10;530;1092;97198;45953;31.4;14.8
10;2021-05-11;1052;1027;98250;46980;31.7;15.2
10;2021-05-12;2062;882;100312;47862;32.4;15.4
10;2021-05-13;2180;435;102492;48297;33.1;15.6
10;2021-05-14;2729;673;105221;48970;34.0;15.8
10;2021-05-15;2426;2049;107647;51019;34.7;16.5
10;2021-05-16;2081;1448;109728;52467;35.4;16.9
10;2021-05-17;1451;442;111179;52909;35.9;17.1
10;2021-05-18;2510;640;113689;53549;36.7;17.3
10;2021-05-19;1553;638;115242;54187;37.2;17.5
10;2021-05-20;1892;846;117134;55033;37.8;17.8
10;2021-05-21;2318;618;119452;55651;38.5;18.0
10;2021-05-22;2180;422;121632;56073;39.2;18.1
10;2021-05-23;1817;139;123449;56212;39.8;18.1
10;2021-05-24;1968;177;125417;56389;40.5;18.2
10;2021-05-25;2195;491;127612;56880;41.2;18.4
10;2021-05-26;1677;419;129289;57299;41.7;18.5
10;2021-05-27;1660;755;130949;58054;42.3;18.7
10;2021-05-28;1719;1180;132668;59234;42.8;19.1
10;2021-05-29;2170;643;134838;59877;43.5;19.3
10;2021-05-30;1029;135;135867;60012;43.8;19.4
10;2021-05-31;1040;747;136907;60759;44.2;19.6
10;2021-06-01;1134;885;138041;61644;44.5;19.9
10;2021-06-02;1033;720;139074;62364;44.9;20.1
10;2021-06-03;1473;1068;140547;63432;45.4;20.5
10;2021-06-04;1768;2598;142315;66030;45.9;21.3
10;2021-06-05;1519;2450;143834;68480;46.4;22.1
10;2021-06-06;1005;1876;144839;70356;46.7;22.7
10;2021-06-07;698;1112;145537;71468;47.0;23.1
10;2021-06-08;896;1171;146433;72639;47.3;23.4
10;2021-06-09;877;912;147310;73551;47.5;23.7
10;2021-06-10;678;1071;147988;74622;47.8;24.1
10;2021-06-11;1199;2201;149187;76823;48.1;24.8
10;2021-06-12;855;2387;150042;79210;48.4;25.6
10;2021-06-13;401;1834;150443;81044;48.5;26.2
10;2021-06-14;535;743;150978;81787;48.7;26.4
10;2021-06-15;740;2133;151718;83920;49.0;27.1
10;2021-06-16;741;1860;152459;85780;49.2;27.7
10;2021-06-17;850;2458;153309;88238;49.5;28.5
10;2021-06-18;1031;2473;154340;90711;49.8;29.3
10;2021-06-19;981;2595;155321;93306;50.1;30.1
10;2021-06-20;549;1598;155870;94904;50.3;30.6
10;2021-06-21;682;1045;156552;95949;50.5;31.0
10;2021-06-22;744;1525;157296;97474;50.8;31.5
10;2021-06-23;653;2408;157949;99882;51.0;32.2
10;2021-06-24;784;2618;158733;102500;51.2;33.1
10;2021-06-25;730;3046;159463;105546;51.5;34.1
10;2021-06-26;513;2746;159976;108292;51.6;34.9
10;2021-06-27;403;1940;160379;110232;51.8;35.6
10;2021-06-28;685;1787;161064;112019;52.0;36.1
10;2021-06-29;617;2695;161681;114714;52.2;37.0
10;2021-06-30;534;1523;162215;116237;52.3;37.5
10;2021-07-01;553;2172;162768;118409;52.5;38.2
10;2021-07-02;668;2727;163436;121136;52.7;39.1
10;2021-07-03;529;2600;163965;123736;52.9;39.9
10;2021-07-04;411;1727;164376;125463;53.0;40.5
10;2021-07-05;668;2222;165044;127685;53.3;41.2
10;2021-07-06;652;2189;165696;129874;53.5;41.9
10;2021-07-07;636;1703;166332;131577;53.7;42.5
10;2021-07-08;749;1458;167081;133035;53.9;42.9
10;2021-07-09;815;1946;167896;134981;54.2;43.6
10;2021-07-10;633;2096;168529;137077;54.4;44.2
10;2021-07-11;500;1383;169029;138460;54.5;44.7
10;2021-07-12;780;1620;169809;140080;54.8;45.2
10;2021-07-13;1125;1873;170934;141953;55.2;45.8
10;2021-07-14;1170;1056;172104;143009;55.5;46.1
10;2021-07-15;1474;1979;173578;144988;56.0;46.8
10;2021-07-16;1240;2274;174818;147262;56.4;47.5
10;2021-07-17;1288;1739;176106;149001;56.8;48.1
10;2021-07-18;942;1225;177048;150226;57.1;48.5
10;2021-07-19;1360;1621;178408;151847;57.6;49.0
10;2021-07-20;1687;1432;180095;153279;58.1;49.5
10;2021-07-21;1395;1485;181490;154764;58.6;49.9
10;2021-07-22;1936;1598;183426;156362;59.2;50.5
10;2021-07-23;1596;1544;185022;157906;59.7;51.0
10;2021-07-24;1390;1227;186412;159133;60.2;51.3
10;2021-07-25;1251;788;187663;159921;60.6;51.6
10;2021-07-26;1913;1315;189576;161236;61.2;52.0
10;2021-07-27;2138;1090;191714;162326;61.9;52.4
10;2021-07-28;2095;1016;193809;163342;62.5;52.7
10;2021-07-29;2438;1204;196247;164546;63.3;53.1
10;2021-07-30;2162;1310;198409;165856;64.0;53.5
10;2021-07-31;1679;937;200088;166793;64.6;53.8
10;2021-08-01;1236;570;201324;167363;65.0;54.0
10;2021-08-02;1337;1337;202661;168700;65.4;54.4
10;2021-08-03;1567;895;204228;169595;65.9;54.7
10;2021-08-04;1318;1066;205546;170661;66.3;55.1
10;2021-08-05;1628;1346;207174;172007;66.9;55.5
10;2021-08-06;1805;1333;208979;173340;67.4;55.9
10;2021-08-07;1151;1132;210130;174472;67.8;56.3
10;2021-08-08;660;751;210790;175223;68.0;56.5
10;2021-08-09;1305;1544;212095;176767;68.4;57.0
10;2021-08-10;1632;1350;213727;178117;69.0;57.5
10;2021-08-11;836;1106;214563;179223;69.2;57.8
10;2021-08-12;1027;1225;215590;180448;69.6;58.2
10;2021-08-13;730;1076;216320;181524;69.8;58.6
10;2021-08-14;571;1235;216891;182759;70.0;59.0
10;2021-08-15;303;780;217194;183539;70.1;59.2
10;2021-08-16;701;1618;217895;185157;70.3;59.7
10;2021-08-17;861;1777;218756;186934;70.6;60.3
10;2021-08-18;695;1619;219451;188553;70.8;60.8
10;2021-08-19;537;1567;219988;190120;71.0;61.3
10;2021-08-20;623;1735;220611;191855;71.2;61.9
10;2021-08-21;419;1424;221030;193279;71.3;62.4
10;2021-08-22;187;1061;221217;194340;71.4;62.7
10;2021-08-23;478;1558;221695;195898;71.5;63.2
10;2021-08-24;664;1770;222359;197668;71.8;63.8
10;2021-08-25;453;1378;222812;199046;71.9;64.2
10;2021-08-26;427;1485;223239;200531;72.0;64.7
10;2021-08-27;620;1587;223859;202118;72.2;65.2
10;2021-08-28;390;1332;224249;203450;72.4;65.6
10;2021-08-29;225;946;224474;204396;72.4;66.0
10;2021-08-30;432;1395;224906;205791;72.6;66.4
10;2021-08-31;466;1450;225372;207241;72.7;66.9
10;2021-09-01;295;1201;225667;208442;72.8;67.3
10;2021-09-02;259;1144;225926;209586;72.9;67.6
10;2021-09-03;399;1217;226325;210803;73.0;68.0
10;2021-09-04;335;1095;226660;211898;73.1;68.4
10;2021-09-05;171;467;226831;212365;73.2;68.5
10;2021-09-06;266;751;227097;213116;73.3;68.8
10;2021-09-07;302;759;227399;213875;73.4;69.0
10;2021-09-08;253;762;227652;214637;73.5;69.3
10;2021-09-09;326;963;227978;215600;73.6;69.6
10;2021-09-10;402;883;228380;216483;73.7;69.9
10;2021-09-11;258;714;228638;217197;73.8;70.1
10;2021-09-12;91;227;228729;217424;73.8;70.2
11;2020-12-27;0;0;0;0;0.0;0.0
11;2020-12-28;1;0;1;0;0.0;0.0
11;2020-12-29;1;0;2;0;0.0;0.0
11;2020-12-30;0;0;2;0;0.0;0.0
11;2020-12-31;0;0;2;0;0.0;0.0
11;2021-01-01;0;0;2;0;0.0;0.0
11;2021-01-02;5;0;7;0;0.0;0.0
11;2021-01-03;0;0;7;0;0.0;0.0
11;2021-01-04;1;0;8;0;0.0;0.0
11;2021-01-05;95;0;103;0;0.0;0.0
11;2021-01-06;25;0;128;0;0.0;0.0
11;2021-01-07;119;0;247;0;0.1;0.0
11;2021-01-08;91;1;338;1;0.1;0.0
11;2021-01-09;86;0;424;1;0.1;0.0
11;2021-01-10;67;0;491;1;0.1;0.0
11;2021-01-11;136;0;627;1;0.2;0.0
11;2021-01-12;545;3;1172;4;0.3;0.0
11;2021-01-13;410;1;1582;5;0.4;0.0
11;2021-01-14;646;8;2228;13;0.6;0.0
11;2021-01-15;342;3;2570;16;0.7;0.0
11;2021-01-16;77;1;2647;17;0.7;0.0
11;2021-01-17;47;1;2694;18;0.7;0.0
11;2021-01-18;388;0;3082;18;0.8;0.0
11;2021-01-19;538;4;3620;22;1.0;0.0
11;2021-01-20;693;7;4313;29;1.2;0.0
11;2021-01-21;649;4;4962;33;1.3;0.0
11;2021-01-22;524;2;5486;35;1.5;0.0
11;2021-01-23;160;0;5646;35;1.5;0.0
11;2021-01-24;139;0;5785;35;1.6;0.0
11;2021-01-25;375;19;6160;54;1.7;0.0
11;2021-01-26;846;85;7006;139;1.9;0.0
11;2021-01-27;801;24;7807;163;2.1;0.0
11;2021-01-28;650;53;8457;216;2.3;0.1
11;2021-01-29;442;121;8899;337;2.4;0.1
11;2021-01-30;137;0;9036;337;2.4;0.1
11;2021-01-31;82;0;9118;337;2.4;0.1
11;2021-02-01;344;189;9462;526;2.5;0.1
11;2021-02-02;412;394;9874;920;2.6;0.2
11;2021-02-03;391;347;10265;1267;2.8;0.3
11;2021-02-04;376;490;10641;1757;2.9;0.5
11;2021-02-05;317;327;10958;2084;2.9;0.6
11;2021-02-06;209;56;11167;2140;3.0;0.6
11;2021-02-07;108;13;11275;2153;3.0;0.6
11;2021-02-08;316;131;11591;2284;3.1;0.6
11;2021-02-09;299;250;11890;2534;3.2;0.7
11;2021-02-10;342;397;12232;2931;3.3;0.8
11;2021-02-11;610;586;12842;3517;3.4;0.9
11;2021-02-12;404;351;13246;3868;3.6;1.0
11;2021-02-13;194;92;13440;3960;3.6;1.1
11;2021-02-14;72;22;13512;3982;3.6;1.1
11;2021-02-15;241;179;13753;4161;3.7;1.1
11;2021-02-16;265;474;14018;4635;3.8;1.2
11;2021-02-17;453;584;14471;5219;3.9;1.4
11;2021-02-18;456;524;14927;5743;4.0;1.5
11;2021-02-19;300;462;15227;6205;4.1;1.7
11;2021-02-20;147;63;15374;6268;4.1;1.7
11;2021-02-21;59;33;15433;6301;4.1;1.7
11;2021-02-22;124;282;15557;6583;4.2;1.8
11;2021-02-23;282;271;15839;6854;4.2;1.8
11;2021-02-24;251;327;16090;7181;4.3;1.9
11;2021-02-25;563;288;16653;7469;4.5;2.0
11;2021-02-26;523;276;17176;7745;4.6;2.1
11;2021-02-27;319;93;17495;7838;4.7;2.1
11;2021-02-28;95;21;17590;7859;4.7;2.1
11;2021-03-01;339;270;17929;8129;4.8;2.2
11;2021-03-02;562;351;18491;8480;5.0;2.3
11;2021-03-03;600;397;19091;8877;5.1;2.4
11;2021-03-04;1078;372;20169;9249;5.4;2.5
11;2021-03-05;1003;385;21172;9634;5.7;2.6
11;2021-03-06;1094;180;22266;9814;6.0;2.6
11;2021-03-07;658;30;22924;9844;6.2;2.6
11;2021-03-08;370;325;23294;10169;6.2;2.7
11;2021-03-09;997;374;24291;10543;6.5;2.8
11;2021-03-10;1174;519;25465;11062;6.8;3.0
11;2021-03-11;1570;424;27035;11486;7.3;3.1
11;2021-03-12;1457;426;28492;11912;7.6;3.2
11;2021-03-13;1160;226;29652;12138;8.0;3.3
11;2021-03-14;523;52;30175;12190;8.1;3.3
11;2021-03-15;651;230;30826;12420;8.3;3.3
11;2021-03-16;853;197;31679;12617;8.5;3.4
11;2021-03-17;907;211;32586;12828;8.7;3.4
11;2021-03-18;1172;282;33758;13110;9.1;3.5
11;2021-03-19;1372;241;35130;13351;9.4;3.6
11;2021-03-20;790;172;35920;13523;9.6;3.6
11;2021-03-21;225;65;36145;13588;9.7;3.6
11;2021-03-22;808;219;36953;13807;9.9;3.7
11;2021-03-23;1806;389;38759;14196;10.4;3.8
11;2021-03-24;1846;314;40605;14510;10.9;3.9
11;2021-03-25;2192;372;42797;14882;11.5;4.0
11;2021-03-26;2125;442;44922;15324;12.1;4.1
11;2021-03-27;1178;145;46100;15469;12.4;4.2
11;2021-03-28;265;42;46365;15511;12.4;4.2
11;2021-03-29;1182;223;47547;15734;12.8;4.2
11;2021-03-30;1993;325;49540;16059;13.3;4.3
11;2021-03-31;1614;385;51154;16444;13.7;4.4
11;2021-04-01;2145;424;53299;16868;14.3;4.5
11;2021-04-02;1643;429;54942;17297;14.7;4.6
11;2021-04-03;720;146;55662;17443;14.9;4.7
11;2021-04-04;198;75;55860;17518;15.0;4.7
11;2021-04-05;257;4;56117;17522;15.1;4.7
11;2021-04-06;1574;551;57691;18073;15.5;4.8
11;2021-04-07;1778;572;59469;18645;16.0;5.0
11;2021-04-08;1784;682;61253;19327;16.4;5.2
11;2021-04-09;2263;602;63516;19929;17.0;5.3
11;2021-04-10;1169;177;64685;20106;17.4;5.4
11;2021-04-11;549;105;65234;20211;17.5;5.4
11;2021-04-12;1616;539;66850;20750;17.9;5.6
11;2021-04-13;2261;883;69111;21633;18.5;5.8
11;2021-04-14;1661;1018;70772;22651;19.0;6.1
11;2021-04-15;1845;1130;72617;23781;19.5;6.4
11;2021-04-16;1836;849;74453;24630;20.0;6.6
11;2021-04-17;1773;561;76226;25191;20.5;6.8
11;2021-04-18;114;155;76340;25346;20.5;6.8
11;2021-04-19;1384;735;77724;26081;20.9;7.0
11;2021-04-20;1729;1281;79453;27362;21.3;7.3
11;2021-04-21;1779;1323;81232;28685;21.8;7.7
11;2021-04-22;1751;1323;82983;30008;22.3;8.1
11;2021-04-23;2012;1235;84995;31243;22.8;8.4
11;2021-04-24;1735;468;86730;31711;23.3;8.5
11;2021-04-25;661;177;87391;31888;23.4;8.6
11;2021-04-26;1380;839;88771;32727;23.8;8.8
11;2021-04-27;1840;1550;90611;34277;24.3;9.2
11;2021-04-28;2009;1465;92620;35742;24.9;9.6
11;2021-04-29;2248;1638;94868;37380;25.5;10.0
11;2021-04-30;2158;1427;97026;38807;26.0;10.4
11;2021-05-01;1338;341;98364;39148;26.4;10.5
11;2021-05-02;588;336;98952;39484;26.5;10.6
11;2021-05-03;1487;736;100439;40220;26.9;10.8
11;2021-05-04;1879;1429;102318;41649;27.5;11.2
11;2021-05-05;1895;1439;104213;43088;28.0;11.6
11;2021-05-06;2192;1477;106405;44565;28.5;12.0
11;2021-05-07;2106;1554;108511;46119;29.1;12.4
11;2021-05-08;898;727;109409;46846;29.4;12.6
11;2021-05-09;628;543;110037;47389;29.5;12.7
11;2021-05-10;1328;1651;111365;49040;29.9;13.2
11;2021-05-11;2041;1869;113406;50909;30.4;13.7
11;2021-05-12;1848;1650;115254;52559;30.9;14.1
11;2021-05-13;1406;414;116660;52973;31.3;14.2
11;2021-05-14;1716;1184;118376;54157;31.8;14.5
11;2021-05-15;1157;897;119533;55054;32.1;14.8
11;2021-05-16;808;164;120341;55218;32.3;14.8
11;2021-05-17;1471;1047;121812;56265;32.7;15.1
11;2021-05-18;1898;1191;123710;57456;33.2;15.4
11;2021-05-19;1847;1123;125557;58579;33.7;15.7
11;2021-05-20;1970;1091;127527;59670;34.2;16.0
11;2021-05-21;2275;1091;129802;60761;34.8;16.3
11;2021-05-22;1485;727;131287;61488;35.2;16.5
11;2021-05-23;768;71;132055;61559;35.4;16.5
11;2021-05-24;1411;224;133466;61783;35.8;16.6
11;2021-05-25;1811;1353;135277;63136;36.3;16.9
11;2021-05-26;1934;1301;137211;64437;36.8;17.3
11;2021-05-27;1988;1722;139199;66159;37.3;17.8
11;2021-05-28;1758;1899;140957;68058;37.8;18.3
11;2021-05-29;1427;1599;142384;69657;38.2;18.7
11;2021-05-30;486;395;142870;70052;38.3;18.8
11;2021-05-31;1261;1615;144131;71667;38.7;19.2
11;2021-06-01;1857;1903;145988;73570;39.2;19.7
11;2021-06-02;1761;2068;147749;75638;39.6;20.3
11;2021-06-03;2599;2412;150348;78050;40.3;20.9
11;2021-06-04;2146;2666;152494;80716;40.9;21.7
11;2021-06-05;1590;1902;154084;82618;41.3;22.2
11;2021-06-06;877;859;154961;83477;41.6;22.4
11;2021-06-07;1527;1710;156488;85187;42.0;22.9
11;2021-06-08;2038;1990;158526;87177;42.5;23.4
11;2021-06-09;1789;2182;160315;89359;43.0;24.0
11;2021-06-10;1806;2427;162121;91786;43.5;24.6
11;2021-06-11;1864;2492;163985;94278;44.0;25.3
11;2021-06-12;1457;1624;165442;95902;44.4;25.7
11;2021-06-13;713;723;166155;96625;44.6;25.9
11;2021-06-14;1033;1969;167188;98594;44.9;26.5
11;2021-06-15;1395;2687;168583;101281;45.2;27.2
11;2021-06-16;1337;2529;169920;103810;45.6;27.9
11;2021-06-17;1474;2538;171394;106348;46.0;28.5
11;2021-06-18;1520;2487;172914;108835;46.4;29.2
11;2021-06-19;1237;1411;174151;110246;46.7;29.6
11;2021-06-20;299;599;174450;110845;46.8;29.7
11;2021-06-21;838;2123;175288;112968;47.0;30.3
11;2021-06-22;1016;2606;176304;115574;47.3;31.0
11;2021-06-23;1097;2088;177401;117662;47.6;31.6
11;2021-06-24;907;2246;178308;119908;47.8;32.2
11;2021-06-25;993;2546;179301;122454;48.1;32.9
11;2021-06-26;776;1656;180077;124110;48.3;33.3
11;2021-06-27;210;688;180287;124798;48.4;33.5
11;2021-06-28;697;2298;180984;127096;48.6;34.1
11;2021-06-29;964;2598;181948;129694;48.8;34.8
11;2021-06-30;905;2521;182853;132215;49.1;35.5
11;2021-07-01;1004;1888;183857;134103;49.3;36.0
11;2021-07-02;968;2541;184825;136644;49.6;36.7
11;2021-07-03;728;1806;185553;138450;49.8;37.1
11;2021-07-04;340;1109;185893;139559;49.9;37.4
11;2021-07-05;696;2133;186589;141692;50.1;38.0
11;2021-07-06;973;2518;187562;144210;50.3;38.7
11;2021-07-07;946;2511;188508;146721;50.6;39.4
11;2021-07-08;1191;1911;189699;148632;50.9;39.9
11;2021-07-09;823;1794;190522;150426;51.1;40.4
11;2021-07-10;369;1301;190891;151727;51.2;40.7
11;2021-07-11;313;564;191204;152291;51.3;40.9
11;2021-07-12;505;2670;191709;154961;51.4;41.6
11;2021-07-13;1305;3066;193014;158027;51.8;42.4
11;2021-07-14;211;233;193225;158260;51.8;42.5
11;2021-07-15;1451;2963;194676;161223;52.2;43.3
11;2021-07-16;1876;2731;196552;163954;52.7;44.0
11;2021-07-17;1075;2162;197627;166116;53.0;44.6
11;2021-07-18;653;946;198280;167062;53.2;44.8
11;2021-07-19;1355;2091;199635;169153;53.6;45.4
11;2021-07-20;1998;2405;201633;171558;54.1;46.0
11;2021-07-21;2015;2437;203648;173995;54.6;46.7
11;2021-07-22;2415;1884;206063;175879;55.3;47.2
11;2021-07-23;2231;2280;208294;178159;55.9;47.8
11;2021-07-24;1274;1628;209568;179787;56.2;48.2
11;2021-07-25;750;692;210318;180479;56.4;48.4
11;2021-07-26;1667;1428;211985;181907;56.9;48.8
11;2021-07-27;2342;2001;214327;183908;57.5;49.3
11;2021-07-28;2482;1987;216809;185895;58.2;49.9
11;2021-07-29;2772;1793;219581;187688;58.9;50.4
11;2021-07-30;2575;1802;222156;189490;59.6;50.8
11;2021-07-31;2008;1141;224164;190631;60.1;51.1
11;2021-08-01;1012;482;225176;191113;60.4;51.3
11;2021-08-02;1927;1153;227103;192266;60.9;51.6
11;2021-08-03;2439;1601;229542;193867;61.6;52.0
11;2021-08-04;2557;1267;232099;195134;62.3;52.4
11;2021-08-05;2384;1335;234483;196469;62.9;52.7
11;2021-08-06;2253;1663;236736;198132;63.5;53.2
11;2021-08-07;1666;1167;238402;199299;64.0;53.5
11;2021-08-08;599;210;239001;199509;64.1;53.5
11;2021-08-09;1032;1433;240033;200942;64.4;53.9
11;2021-08-10;1742;1987;241775;202929;64.9;54.4
11;2021-08-11;1716;1688;243491;204617;65.3;54.9
11;2021-08-12;1708;1856;245199;206473;65.8;55.4
11;2021-08-13;1348;1655;246547;208128;66.2;55.8
11;2021-08-14;982;1596;247529;209724;66.4;56.3
11;2021-08-15;138;125;247667;209849;66.5;56.3
11;2021-08-16;730;1914;248397;211763;66.6;56.8
11;2021-08-17;1046;2393;249443;214156;66.9;57.5
11;2021-08-18;1106;2031;250549;216187;67.2;58.0
11;2021-08-19;1004;2290;251553;218477;67.5;58.6
11;2021-08-20;967;2290;252520;220767;67.8;59.2
11;2021-08-21;575;1837;253095;222604;67.9;59.7
11;2021-08-22;190;512;253285;223116;68.0;59.9
11;2021-08-23;522;1816;253807;224932;68.1;60.4
11;2021-08-24;794;2254;254601;227186;68.3;61.0
11;2021-08-25;788;2152;255389;229338;68.5;61.5
11;2021-08-26;746;2003;256135;231341;68.7;62.1
11;2021-08-27;702;2223;256837;233564;68.9;62.7
11;2021-08-28;435;1743;257272;235307;69.0;63.1
11;2021-08-29;143;514;257415;235821;69.1;63.3
11;2021-08-30;449;1344;257864;237165;69.2;63.6
11;2021-08-31;569;1946;258433;239111;69.3;64.2
11;2021-09-01;598;1809;259031;240920;69.5;64.6
11;2021-09-02;549;1702;259580;242622;69.6;65.1
11;2021-09-03;532;1711;260112;244333;69.8;65.6
11;2021-09-04;487;1553;260599;245886;69.9;66.0
11;2021-09-05;153;271;260752;246157;70.0;66.0
11;2021-09-06;298;856;261050;247013;70.0;66.3
11;2021-09-07;354;1124;261404;248137;70.1;66.6
11;2021-09-08;475;1308;261879;249445;70.3;66.9
11;2021-09-09;393;1036;262272;250481;70.4;67.2
11;2021-09-10;381;1134;262653;251615;70.5;67.5
11;2021-09-11;373;1049;263026;252664;70.6;67.8
11;2021-09-12;61;145;263087;252809;70.6;67.8
12;2020-12-27;0;0;0;0;0.0;0.0
12;2020-12-28;0;0;0;0;0.0;0.0
12;2020-12-29;0;0;0;0;0.0;0.0
12;2020-12-30;0;0;0;0;0.0;0.0
12;2020-12-31;0;0;0;0;0.0;0.0
12;2021-01-01;0;0;0;0;0.0;0.0
12;2021-01-02;0;0;0;0;0.0;0.0
12;2021-01-03;2;0;2;0;0.0;0.0
12;2021-01-04;1;0;3;0;0.0;0.0
12;2021-01-05;1;0;4;0;0.0;0.0
12;2021-01-06;12;0;16;0;0.0;0.0
12;2021-01-07;202;0;218;0;0.1;0.0
12;2021-01-08;65;0;283;0;0.1;0.0
12;2021-01-09;0;0;283;0;0.1;0.0
12;2021-01-10;1;0;284;0;0.1;0.0
12;2021-01-11;100;0;384;0;0.1;0.0
12;2021-01-12;361;1;745;1;0.3;0.0
12;2021-01-13;285;0;1030;1;0.4;0.0
12;2021-01-14;600;12;1630;13;0.6;0.0
12;2021-01-15;367;8;1997;21;0.7;0.0
12;2021-01-16;138;1;2135;22;0.8;0.0
12;2021-01-17;0;0;2135;22;0.8;0.0
12;2021-01-18;453;0;2588;22;0.9;0.0
12;2021-01-19;606;3;3194;25;1.1;0.0
12;2021-01-20;879;2;4073;27;1.5;0.0
12;2021-01-21;736;0;4809;27;1.7;0.0
12;2021-01-22;798;1;5607;28;2.0;0.0
12;2021-01-23;382;0;5989;28;2.2;0.0
12;2021-01-24;0;0;5989;28;2.2;0.0
12;2021-01-25;453;0;6442;28;2.3;0.0
12;2021-01-26;650;0;7092;28;2.5;0.0
12;2021-01-27;1886;30;8978;58;3.2;0.0
12;2021-01-28;1886;220;10864;278;3.9;0.1
12;2021-01-29;1332;41;12196;319;4.4;0.1
12;2021-01-30;359;2;12555;321;4.5;0.1
12;2021-01-31;0;0;12555;321;4.5;0.1
12;2021-02-01;333;85;12888;406;4.6;0.1
12;2021-02-02;457;235;13345;641;4.8;0.2
12;2021-02-03;457;166;13802;807;5.0;0.3
12;2021-02-04;459;512;14261;1319;5.1;0.5
12;2021-02-05;449;172;14710;1491;5.3;0.5
12;2021-02-06;220;46;14930;1537;5.4;0.6
12;2021-02-07;8;0;14938;1537;5.4;0.6
12;2021-02-08;104;282;15042;1819;5.4;0.7
12;2021-02-09;208;293;15250;2112;5.5;0.8
12;2021-02-10;464;408;15714;2520;5.6;0.9
12;2021-02-11;539;299;16253;2819;5.8;1.0
12;2021-02-12;570;279;16823;3098;6.0;1.1
12;2021-02-13;175;111;16998;3209;6.1;1.2
12;2021-02-14;1;0;16999;3209;6.1;1.2
12;2021-02-15;175;303;17174;3512;6.2;1.3
12;2021-02-16;171;435;17345;3947;6.2;1.4
12;2021-02-17;366;1341;17711;5288;6.4;1.9
12;2021-02-18;676;1541;18387;6829;6.6;2.5
12;2021-02-19;594;922;18981;7751;6.8;2.8
12;2021-02-20;103;362;19084;8113;6.9;2.9
12;2021-02-21;0;0;19084;8113;6.9;2.9
12;2021-02-22;150;336;19234;8449;6.9;3.0
12;2021-02-23;157;479;19391;8928;7.0;3.2
12;2021-02-24;156;570;19547;9498;7.0;3.4
12;2021-02-25;201;666;19748;10164;7.1;3.7
12;2021-02-26;320;572;20068;10736;7.2;3.9
12;2021-02-27;190;312;20258;11048;7.3;4.0
12;2021-02-28;13;0;20271;11048;7.3;4.0
12;2021-03-01;51;331;20322;11379;7.3;4.1
12;2021-03-02;190;468;20512;11847;7.4;4.3
12;2021-03-03;244;352;20756;12199;7.5;4.4
12;2021-03-04;278;335;21034;12534;7.6;4.5
12;2021-03-05;421;337;21455;12871;7.7;4.6
12;2021-03-06;793;122;22248;12993;8.0;4.7
12;2021-03-07;140;32;22388;13025;8.0;4.7
12;2021-03-08;234;194;22622;13219;8.1;4.7
12;2021-03-09;716;220;23338;13439;8.4;4.8
12;2021-03-10;784;727;24122;14166;8.7;5.1
12;2021-03-11;919;652;25041;14818;9.0;5.3
12;2021-03-12;1260;520;26301;15338;9.4;5.5
12;2021-03-13;896;139;27197;15477;9.8;5.6
12;2021-03-14;45;2;27242;15479;9.8;5.6
12;2021-03-15;559;154;27801;15633;10.0;5.6
12;2021-03-16;818;160;28619;15793;10.3;5.7
12;2021-03-17;1504;165;30123;15958;10.8;5.7
12;2021-03-18;996;246;31119;16204;11.2;5.8
12;2021-03-19;1383;280;32502;16484;11.7;5.9
12;2021-03-20;725;79;33227;16563;11.9;6.0
12;2021-03-21;264;10;33491;16573;12.0;6.0
12;2021-03-22;606;175;34097;16748;12.2;6.0
12;2021-03-23;1214;175;35311;16923;12.7;6.1
12;2021-03-24;1422;206;36733;17129;13.2;6.2
12;2021-03-25;1846;206;38579;17335;13.9;6.2
12;2021-03-26;1978;227;40557;17562;14.6;6.3
12;2021-03-27;981;67;41538;17629;14.9;6.3
12;2021-03-28;60;1;41598;17630;14.9;6.3
12;2021-03-29;963;84;42561;17714;15.3;6.4
12;2021-03-30;1737;123;44298;17837;15.9;6.4
12;2021-03-31;1461;107;45759;17944;16.4;6.4
12;2021-04-01;1958;164;47717;18108;17.1;6.5
12;2021-04-02;1615;343;49332;18451;17.7;6.6
12;2021-04-03;882;95;50214;18546;18.0;6.7
12;2021-04-04;1;0;50215;18546;18.0;6.7
12;2021-04-05;645;14;50860;18560;18.3;6.7
12;2021-04-06;1154;535;52014;19095;18.7;6.9
12;2021-04-07;1651;636;53665;19731;19.3;7.1
12;2021-04-08;2098;567;55763;20298;20.0;7.3
12;2021-04-09;2112;651;57875;20949;20.8;7.5
12;2021-04-10;1427;219;59302;21168;21.3;7.6
12;2021-04-11;120;1;59422;21169;21.3;7.6
12;2021-04-12;1838;504;61260;21673;22.0;7.8
12;2021-04-13;1907;777;63167;22450;22.7;8.1
12;2021-04-14;1832;1318;64999;23768;23.4;8.5
12;2021-04-15;1938;897;66937;24665;24.0;8.9
12;2021-04-16;1676;1205;68613;25870;24.6;9.3
12;2021-04-17;1554;568;70167;26438;25.2;9.5
12;2021-04-18;0;0;70167;26438;25.2;9.5
12;2021-04-19;1688;549;71855;26987;25.8;9.7
12;2021-04-20;1546;983;73401;27970;26.4;10.0
12;2021-04-21;1693;1183;75094;29153;27.0;10.5
12;2021-04-22;1691;1095;76785;30248;27.6;10.9
12;2021-04-23;1383;1335;78168;31583;28.1;11.3
12;2021-04-24;1451;720;79619;32303;28.6;11.6
12;2021-04-25;60;0;79679;32303;28.6;11.6
12;2021-04-26;1459;897;81138;33200;29.1;11.9
12;2021-04-27;1320;1279;82458;34479;29.6;12.4
12;2021-04-28;1113;1870;83571;36349;30.0;13.1
12;2021-04-29;1571;1910;85142;38259;30.6;13.7
12;2021-04-30;1813;1836;86955;40095;31.2;14.4
12;2021-05-01;1616;260;88571;40355;31.8;14.5
12;2021-05-02;8;0;88579;40355;31.8;14.5
12;2021-05-03;1713;1251;90292;41606;32.4;14.9
12;2021-05-04;1483;1393;91775;42999;33.0;15.4
12;2021-05-05;1296;1673;93071;44672;33.4;16.0
12;2021-05-06;1753;1377;94824;46049;34.1;16.5
12;2021-05-07;1485;1777;96309;47826;34.6;17.2
12;2021-05-08;1330;461;97639;48287;35.1;17.3
12;2021-05-09;13;34;97652;48321;35.1;17.4
12;2021-05-10;828;2213;98480;50534;35.4;18.2
12;2021-05-11;930;1848;99410;52382;35.7;18.8
12;2021-05-12;948;1820;100358;54202;36.1;19.5
12;2021-05-13;1588;811;101946;55013;36.6;19.8
12;2021-05-14;1235;1533;103181;56546;37.1;20.3
12;2021-05-15;1068;1115;104249;57661;37.5;20.7
12;2021-05-16;2;19;104251;57680;37.5;20.7
12;2021-05-17;1082;1810;105333;59490;37.8;21.4
12;2021-05-18;1427;1533;106760;61023;38.4;21.9
12;2021-05-19;1915;1331;108675;62354;39.0;22.4
12;2021-05-20;2119;876;110794;63230;39.8;22.7
12;2021-05-21;1821;1253;112615;64483;40.5;23.2
12;2021-05-22;1206;1014;113821;65497;40.9;23.5
12;2021-05-23;7;12;113828;65509;40.9;23.5
12;2021-05-24;1956;537;115784;66046;41.6;23.7
12;2021-05-25;1744;1157;117528;67203;42.2;24.1
12;2021-05-26;1998;779;119526;67982;42.9;24.4
12;2021-05-27;2165;744;121691;68726;43.7;24.7
12;2021-05-28;1928;1025;123619;69751;44.4;25.1
12;2021-05-29;1637;805;125256;70556;45.0;25.3
12;2021-05-30;9;43;125265;70599;45.0;25.4
12;2021-05-31;1699;810;126964;71409;45.6;25.7
12;2021-06-01;1889;1026;128853;72435;46.3;26.0
12;2021-06-02;1979;1053;130832;73488;47.0;26.4
12;2021-06-03;2120;824;132952;74312;47.8;26.7
12;2021-06-04;1967;1417;134919;75729;48.5;27.2
12;2021-06-05;1739;985;136658;76714;49.1;27.6
12;2021-06-06;6;6;136664;76720;49.1;27.6
12;2021-06-07;1091;1809;137755;78529;49.5;28.2
12;2021-06-08;1332;1201;139087;79730;50.0;28.6
12;2021-06-09;896;1291;139983;81021;50.3;29.1
12;2021-06-10;1022;920;141005;81941;50.7;29.4
12;2021-06-11;1204;2076;142209;84017;51.1;30.2
12;2021-06-12;1033;1321;143242;85338;51.5;30.7
12;2021-06-13;6;47;143248;85385;51.5;30.7
12;2021-06-14;662;1830;143910;87215;51.7;31.3
12;2021-06-15;744;1876;144654;89091;52.0;32.0
12;2021-06-16;821;1818;145475;90909;52.3;32.7
12;2021-06-17;678;995;146153;91904;52.5;33.0
12;2021-06-18;1134;1840;147287;93744;52.9;33.7
12;2021-06-19;914;1406;148201;95150;53.2;34.2
12;2021-06-20;4;10;148205;95160;53.2;34.2
12;2021-06-21;512;1738;148717;96898;53.4;34.8
12;2021-06-22;503;1475;149220;98373;53.6;35.3
12;2021-06-23;578;1307;149798;99680;53.8;35.8
12;2021-06-24;249;541;150047;100221;53.9;36.0
12;2021-06-25;876;1840;150923;102061;54.2;36.7
12;2021-06-26;674;1527;151597;103588;54.5;37.2
12;2021-06-27;1;9;151598;103597;54.5;37.2
12;2021-06-28;468;2453;152066;106050;54.6;38.1
12;2021-06-29;565;1956;152631;108006;54.8;38.8
12;2021-06-30;829;2133;153460;110139;55.1;39.6
12;2021-07-01;344;1087;153804;111226;55.3;40.0
12;2021-07-02;796;2627;154600;113853;55.5;40.9
12;2021-07-03;565;1873;155165;115726;55.7;41.6
12;2021-07-04;1;0;155166;115726;55.7;41.6
12;2021-07-05;440;2407;155606;118133;55.9;42.4
12;2021-07-06;640;2496;156246;120629;56.1;43.3
12;2021-07-07;688;2117;156934;122746;56.4;44.1
12;2021-07-08;294;912;157228;123658;56.5;44.4
12;2021-07-09;724;2586;157952;126244;56.7;45.4
12;2021-07-10;445;2077;158397;128321;56.9;46.1
12;2021-07-11;0;0;158397;128321;56.9;46.1
12;2021-07-12;587;2439;158984;130760;57.1;47.0
12;2021-07-13;842;2592;159826;133352;57.4;47.9
12;2021-07-14;44;25;159870;133377;57.4;47.9
12;2021-07-15;792;2106;160662;135483;57.7;48.7
12;2021-07-16;1248;2556;161910;138039;58.2;49.6
12;2021-07-17;790;2007;162700;140046;58.4;50.3
12;2021-07-18;25;11;162725;140057;58.5;50.3
12;2021-07-19;1319;2004;164044;142061;58.9;51.0
12;2021-07-20;1421;1474;165465;143535;59.4;51.6
12;2021-07-21;1022;941;166487;144476;59.8;51.9
12;2021-07-22;2237;1308;168724;145784;60.6;52.4
12;2021-07-23;1866;2055;170590;147839;61.3;53.1
12;2021-07-24;1604;1564;172194;149403;61.9;53.7
12;2021-07-25;98;28;172292;149431;61.9;53.7
12;2021-07-26;1931;1436;174223;150867;62.6;54.2
12;2021-07-27;2237;1006;176460;151873;63.4;54.6
12;2021-07-28;1716;676;178176;152549;64.0;54.8
12;2021-07-29;1192;807;179368;153356;64.4;55.1
12;2021-07-30;2508;1283;181876;154639;65.3;55.6
12;2021-07-31;1965;1002;183841;155641;66.0;55.9
12;2021-08-01;225;38;184066;155679;66.1;55.9
12;2021-08-02;1815;832;185881;156511;66.8;56.2
12;2021-08-03;1960;775;187841;157286;67.5;56.5
12;2021-08-04;1691;832;189532;158118;68.1;56.8
12;2021-08-05;1636;679;191168;158797;68.7;57.0
12;2021-08-06;1706;1314;192874;160111;69.3;57.5
12;2021-08-07;1447;744;194321;160855;69.8;57.8
12;2021-08-08;0;3;194321;160858;69.8;57.8
12;2021-08-09;1351;1416;195672;162274;70.3;58.3
12;2021-08-10;1343;1248;197015;163522;70.8;58.7
12;2021-08-11;820;1195;197835;164717;71.1;59.2
12;2021-08-12;735;1070;198570;165787;71.3;59.6
12;2021-08-13;1074;1336;199644;167123;71.7;60.0
12;2021-08-14;739;1354;200383;168477;72.0;60.5
12;2021-08-15;255;75;200638;168552;72.1;60.6
12;2021-08-16;670;1817;201308;170369;72.3;61.2
12;2021-08-17;904;1991;202212;172360;72.6;61.9
12;2021-08-18;449;1520;202661;173880;72.8;62.5
12;2021-08-19;639;1115;203300;174995;73.0;62.9
12;2021-08-20;797;1887;204097;176882;73.3;63.5
12;2021-08-21;472;1526;204569;178408;73.5;64.1
12;2021-08-22;93;27;204662;178435;73.5;64.1
12;2021-08-23;452;1920;205114;180355;73.7;64.8
12;2021-08-24;485;1916;205599;182271;73.9;65.5
12;2021-08-25;329;1580;205928;183851;74.0;66.0
12;2021-08-26;481;1608;206409;185459;74.2;66.6
12;2021-08-27;600;1697;207009;187156;74.4;67.2
12;2021-08-28;332;1550;207341;188706;74.5;67.8
12;2021-08-29;175;140;207516;188846;74.5;67.8
12;2021-08-30;560;1909;208076;190755;74.8;68.5
12;2021-08-31;414;1392;208490;192147;74.9;69.0
12;2021-09-01;424;1018;208914;193165;75.1;69.4
12;2021-09-02;266;821;209180;193986;75.1;69.7
12;2021-09-03;485;1374;209665;195360;75.3;70.2
12;2021-09-04;429;1208;210094;196568;75.5;70.6
12;2021-09-05;52;205;210146;196773;75.5;70.7
12;2021-09-06;215;805;210361;197578;75.6;71.0
12;2021-09-07;271;672;210632;198250;75.7;71.2
12;2021-09-08;240;615;210872;198865;75.8;71.4
12;2021-09-09;174;448;211046;199313;75.8;71.6
12;2021-09-10;495;1276;211541;200589;76.0;72.1
12;2021-09-11;385;1084;211926;201673;76.1;72.5
12;2021-09-12;17;119;211943;201792;76.1;72.5
13;2020-12-27;4;0;4;0;0.0;0.0
13;2020-12-28;5;0;9;0;0.0;0.0
13;2020-12-29;0;0;9;0;0.0;0.0
13;2020-12-30;2;0;11;0;0.0;0.0
13;2020-12-31;6;0;17;0;0.0;0.0
13;2021-01-01;4;0;21;0;0.0;0.0
13;2021-01-02;4;0;25;0;0.0;0.0
13;2021-01-03;11;0;36;0;0.0;0.0
13;2021-01-04;0;0;36;0;0.0;0.0
13;2021-01-05;78;1;114;1;0.0;0.0
13;2021-01-06;122;0;236;1;0.0;0.0
13;2021-01-07;174;1;410;2;0.0;0.0
13;2021-01-08;188;0;598;2;0.0;0.0
13;2021-01-09;13;0;611;2;0.0;0.0
13;2021-01-10;3;0;614;2;0.0;0.0
13;2021-01-11;481;1;1095;3;0.1;0.0
13;2021-01-12;814;1;1909;4;0.1;0.0
13;2021-01-13;1086;1;2995;5;0.1;0.0
13;2021-01-14;1580;17;4575;22;0.2;0.0
13;2021-01-15;1539;7;6114;29;0.3;0.0
13;2021-01-16;407;2;6521;31;0.3;0.0
13;2021-01-17;44;0;6565;31;0.3;0.0
13;2021-01-18;2383;9;8948;40;0.4;0.0
13;2021-01-19;7410;37;16358;77;0.8;0.0
13;2021-01-20;5562;17;21920;94;1.1;0.0
13;2021-01-21;5365;29;27285;123;1.3;0.0
13;2021-01-22;4002;23;31287;146;1.5;0.0
13;2021-01-23;1349;6;32636;152;1.6;0.0
13;2021-01-24;491;5;33127;157;1.6;0.0
13;2021-01-25;2340;27;35467;184;1.7;0.0
13;2021-01-26;2950;85;38417;269;1.9;0.0
13;2021-01-27;3120;121;41537;390;2.0;0.0
13;2021-01-28;3246;178;44783;568;2.2;0.0
13;2021-01-29;2511;123;47294;691;2.3;0.0
13;2021-01-30;1025;10;48319;701;2.4;0.0
13;2021-01-31;251;0;48570;701;2.4;0.0
13;2021-02-01;1862;270;50432;971;2.5;0.0
13;2021-02-02;2254;575;52686;1546;2.6;0.1
13;2021-02-03;1864;543;54550;2089;2.7;0.1
13;2021-02-04;1907;887;56457;2976;2.8;0.1
13;2021-02-05;2625;1482;59082;4458;2.9;0.2
13;2021-02-06;855;283;59937;4741;2.9;0.2
13;2021-02-07;277;5;60214;4746;3.0;0.2
13;2021-02-08;1903;1459;62117;6205;3.1;0.3
13;2021-02-09;3316;4193;65433;10398;3.2;0.5
13;2021-02-10;3236;3222;68669;13620;3.4;0.7
13;2021-02-11;3582;3310;72251;16930;3.6;0.8
13;2021-02-12;2838;2807;75089;19737;3.7;1.0
13;2021-02-13;733;531;75822;20268;3.7;1.0
13;2021-02-14;72;344;75894;20612;3.7;1.0
13;2021-02-15;969;1831;76863;22443;3.8;1.1
13;2021-02-16;1392;2386;78255;24829;3.8;1.2
13;2021-02-17;1346;2686;79601;27515;3.9;1.4
13;2021-02-18;1903;2417;81504;29932;4.0;1.5
13;2021-02-19;1514;1973;83018;31905;4.1;1.6
13;2021-02-20;458;680;83476;32585;4.1;1.6
13;2021-02-21;33;243;83509;32828;4.1;1.6
13;2021-02-22;1024;2000;84533;34828;4.2;1.7
13;2021-02-23;1288;2331;85821;37159;4.2;1.8
13;2021-02-24;1518;2365;87339;39524;4.3;1.9
13;2021-02-25;2383;1911;89722;41435;4.4;2.0
13;2021-02-26;2457;1922;92179;43357;4.5;2.1
13;2021-02-27;982;676;93161;44033;4.6;2.2
13;2021-02-28;193;189;93354;44222;4.6;2.2
13;2021-03-01;1924;1405;95278;45627;4.7;2.2
13;2021-03-02;3012;2436;98290;48063;4.8;2.4
13;2021-03-03;3486;2435;101776;50498;5.0;2.5
13;2021-03-04;4207;2941;105983;53439;5.2;2.6
13;2021-03-05;4046;2613;110029;56052;5.4;2.8
13;2021-03-06;5302;763;115331;56815;5.7;2.8
13;2021-03-07;4292;369;119623;57184;5.9;2.8
13;2021-03-08;3929;1861;123552;59045;6.1;2.9
13;2021-03-09;5075;2138;128627;61183;6.3;3.0
13;2021-03-10;5180;1927;133807;63110;6.6;3.1
13;2021-03-11;7309;2086;141116;65196;6.9;3.2
13;2021-03-12;8331;2078;149447;67274;7.3;3.3
13;2021-03-13;6377;716;155824;67990;7.7;3.3
13;2021-03-14;2312;165;158136;68155;7.8;3.4
13;2021-03-15;6359;1298;164495;69453;8.1;3.4
13;2021-03-16;5080;1515;169575;70968;8.3;3.5
13;2021-03-17;5176;1406;174751;72374;8.6;3.6
13;2021-03-18;5818;1854;180569;74228;8.9;3.6
13;2021-03-19;6810;1604;187379;75832;9.2;3.7
13;2021-03-20;4043;693;191422;76525;9.4;3.8
13;2021-03-21;724;84;192146;76609;9.4;3.8
13;2021-03-22;7300;1539;199446;78148;9.8;3.8
13;2021-03-23;9129;1742;208575;79890;10.3;3.9
13;2021-03-24;8866;2183;217441;82073;10.7;4.0
13;2021-03-25;10914;2105;228355;84178;11.2;4.1
13;2021-03-26;10715;1902;239070;86080;11.8;4.2
13;2021-03-27;4868;828;243938;86908;12.0;4.3
13;2021-03-28;1119;80;245057;86988;12.0;4.3
13;2021-03-29;7578;1990;252635;88978;12.4;4.4
13;2021-03-30;12621;2516;265256;91494;13.0;4.5
13;2021-03-31;10818;3154;276074;94648;13.6;4.7
13;2021-04-01;12277;3075;288351;97723;14.2;4.8
13;2021-04-02;9792;3894;298143;101617;14.7;5.0
13;2021-04-03;4011;2805;302154;104422;14.9;5.1
13;2021-04-04;630;305;302784;104727;14.9;5.1
13;2021-04-05;3533;730;306317;105457;15.1;5.2
13;2021-04-06;8521;4243;314838;109700;15.5;5.4
13;2021-04-07;10082;4685;324920;114385;16.0;5.6
13;2021-04-08;10118;5456;335038;119841;16.5;5.9
13;2021-04-09;11277;5111;346315;124952;17.0;6.1
13;2021-04-10;7301;2093;353616;127045;17.4;6.2
13;2021-04-11;1379;534;354995;127579;17.4;6.3
13;2021-04-12;7983;4786;362978;132365;17.8;6.5
13;2021-04-13;9148;5497;372126;137862;18.3;6.8
13;2021-04-14;9536;5817;381662;143679;18.8;7.1
13;2021-04-15;9879;5956;391541;149635;19.2;7.4
13;2021-04-16;9967;5561;401508;155196;19.7;7.6
13;2021-04-17;4081;2022;405589;157218;19.9;7.7
13;2021-04-18;2523;1423;408112;158641;20.1;7.8
13;2021-04-19;6454;6406;414566;165047;20.4;8.1
13;2021-04-20;7407;7596;421973;172643;20.7;8.5
13;2021-04-21;7775;7382;429748;180025;21.1;8.8
13;2021-04-22;8468;7915;438216;187940;21.5;9.2
13;2021-04-23;8395;6820;446611;194760;22.0;9.6
13;2021-04-24;4625;3817;451236;198577;22.2;9.8
13;2021-04-25;876;520;452112;199097;22.2;9.8
13;2021-04-26;6171;7114;458283;206211;22.5;10.1
13;2021-04-27;7263;8023;465546;214234;22.9;10.5
13;2021-04-28;9453;7709;474999;221943;23.3;10.9
13;2021-04-29;11407;7598;486406;229541;23.9;11.3
13;2021-04-30;10920;7378;497326;236919;24.4;11.6
13;2021-05-01;5366;3793;502692;240712;24.7;11.8
13;2021-05-02;2100;748;504792;241460;24.8;11.9
13;2021-05-03;7301;7864;512093;249324;25.2;12.3
13;2021-05-04;8455;8513;520548;257837;25.6;12.7
13;2021-05-05;8230;8964;528778;266801;26.0;13.1
13;2021-05-06;10144;8583;538922;275384;26.5;13.5
13;2021-05-07;8856;10028;547778;285412;26.9;14.0
13;2021-05-08;4572;3934;552350;289346;27.1;14.2
13;2021-05-09;938;685;553288;290031;27.2;14.3
13;2021-05-10;7714;8760;561002;298791;27.6;14.7
13;2021-05-11;10983;9562;571985;308353;28.1;15.2
13;2021-05-12;12846;8730;584831;317083;28.7;15.6
13;2021-05-13;9511;3639;594342;320722;29.2;15.8
13;2021-05-14;13659;6448;608001;327170;29.9;16.1
13;2021-05-15;10200;4537;618201;331707;30.4;16.3
13;2021-05-16;3125;789;621326;332496;30.5;16.3
13;2021-05-17;10849;6805;632175;339301;31.1;16.7
13;2021-05-18;11919;6481;644094;345782;31.7;17.0
13;2021-05-19;12160;6358;656254;352140;32.3;17.3
13;2021-05-20;13451;6466;669705;358606;32.9;17.6
13;2021-05-21;13002;6781;682707;365387;33.6;18.0
13;2021-05-22;7523;3637;690230;369024;33.9;18.1
13;2021-05-23;863;638;691093;369662;34.0;18.2
13;2021-05-24;6770;2472;697863;372134;34.3;18.3
13;2021-05-25;9273;7598;707136;379732;34.8;18.7
13;2021-05-26;10143;7842;717279;387574;35.3;19.1
13;2021-05-27;10351;8420;727630;395994;35.8;19.5
13;2021-05-28;9008;9167;736638;405161;36.2;19.9
13;2021-05-29;7179;4619;743817;409780;36.6;20.1
13;2021-05-30;891;527;744708;410307;36.6;20.2
13;2021-05-31;8195;8027;752903;418334;37.0;20.6
13;2021-06-01;9592;9294;762495;427628;37.5;21.0
13;2021-06-02;10091;8781;772586;436409;38.0;21.5
13;2021-06-03;12300;9484;784886;445893;38.6;21.9
13;2021-06-04;12038;10043;796924;455936;39.2;22.4
13;2021-06-05;7832;5590;804756;461526;39.6;22.7
13;2021-06-06;1671;886;806427;462412;39.6;22.7
13;2021-06-07;6688;9877;813115;472289;40.0;23.2
13;2021-06-08;8320;9991;821435;482280;40.4;23.7
13;2021-06-09;8403;9731;829838;492011;40.8;24.2
13;2021-06-10;8949;9770;838787;501781;41.2;24.7
13;2021-06-11;8238;12709;847025;514490;41.6;25.3
13;2021-06-12;5789;6707;852814;521197;41.9;25.6
13;2021-06-13;953;1217;853767;522414;42.0;25.7
13;2021-06-14;6008;11144;859775;533558;42.3;26.2
13;2021-06-15;7293;11404;867068;544962;42.6;26.8
13;2021-06-16;7349;9876;874417;554838;43.0;27.3
13;2021-06-17;7444;10712;881861;565550;43.3;27.8
13;2021-06-18;7549;11074;889410;576624;43.7;28.3
13;2021-06-19;4619;7497;894029;584121;43.9;28.7
13;2021-06-20;970;1045;894999;585166;44.0;28.8
13;2021-06-21;4470;12264;899469;597430;44.2;29.4
13;2021-06-22;4942;13877;904411;611307;44.5;30.0
13;2021-06-23;5155;13577;909566;624884;44.7;30.7
13;2021-06-24;5341;12857;914907;637741;45.0;31.3
13;2021-06-25;5267;14685;920174;652426;45.2;32.1
13;2021-06-26;3021;9682;923195;662108;45.4;32.5
13;2021-06-27;535;931;923730;663039;45.4;32.6
13;2021-06-28;3738;12562;927468;675601;45.6;33.2
13;2021-06-29;4503;12905;931971;688506;45.8;33.8
13;2021-06-30;4905;12695;936876;701201;46.1;34.5
13;2021-07-01;5593;11500;942469;712701;46.3;35.0
13;2021-07-02;5583;12399;948052;725100;46.6;35.6
13;2021-07-03;3515;9166;951567;734266;46.8;36.1
13;2021-07-04;476;867;952043;735133;46.8;36.1
13;2021-07-05;3874;11776;955917;746909;47.0;36.7
13;2021-07-06;5466;11680;961383;758589;47.3;37.3
13;2021-07-07;5828;10708;967211;769297;47.5;37.8
13;2021-07-08;6231;10326;973442;779623;47.8;38.3
13;2021-07-09;5936;11930;979378;791553;48.1;38.9
13;2021-07-10;3169;8638;982547;800191;48.3;39.3
13;2021-07-11;437;1014;982984;801205;48.3;39.4
13;2021-07-12;4495;10952;987479;812157;48.5;39.9
13;2021-07-13;8978;13180;996457;825337;49.0;40.6
13;2021-07-14;5617;4863;1002074;830200;49.3;40.8
13;2021-07-15;11453;12948;1013527;843148;49.8;41.4
13;2021-07-16;12204;12919;1025731;856067;50.4;42.1
13;2021-07-17;6590;8492;1032321;864559;50.7;42.5
13;2021-07-18;726;1059;1033047;865618;50.8;42.5
13;2021-07-19;9810;11152;1042857;876770;51.3;43.1
13;2021-07-20;12278;11661;1055135;888431;51.9;43.7
13;2021-07-21;12695;10356;1067830;898787;52.5;44.2
13;2021-07-22;14564;10457;1082394;909244;53.2;44.7
13;2021-07-23;14486;10965;1096880;920209;53.9;45.2
13;2021-07-24;8345;7991;1105225;928200;54.3;45.6
13;2021-07-25;1017;784;1106242;928984;54.4;45.7
13;2021-07-26;11668;9111;1117910;938095;54.9;46.1
13;2021-07-27;13630;9425;1131540;947520;55.6;46.6
13;2021-07-28;12352;8181;1143892;955701;56.2;47.0
13;2021-07-29;13851;8167;1157743;963868;56.9;47.4
13;2021-07-30;13750;8670;1171493;972538;57.6;47.8
13;2021-07-31;8708;5855;1180201;978393;58.0;48.1
13;2021-08-01;1106;729;1181307;979122;58.1;48.1
13;2021-08-02;10052;6723;1191359;985845;58.6;48.5
13;2021-08-03;11089;7311;1202448;993156;59.1;48.8
13;2021-08-04;9435;6563;1211883;999719;59.6;49.1
13;2021-08-05;9446;7565;1221329;1007284;60.0;49.5
13;2021-08-06;9158;9020;1230487;1016304;60.5;50.0
13;2021-08-07;5432;5575;1235919;1021879;60.7;50.2
13;2021-08-08;906;804;1236825;1022683;60.8;50.3
13;2021-08-09;8298;9066;1245123;1031749;61.2;50.7
13;2021-08-10;9031;8897;1254154;1040646;61.6;51.2
13;2021-08-11;7792;8531;1261946;1049177;62.0;51.6
13;2021-08-12;7634;9656;1269580;1058833;62.4;52.0
13;2021-08-13;6922;9180;1276502;1068013;62.7;52.5
13;2021-08-14;3694;6454;1280196;1074467;62.9;52.8
13;2021-08-15;478;732;1280674;1075199;62.9;52.8
13;2021-08-16;6426;11074;1287100;1086273;63.3;53.4
13;2021-08-17;6635;10610;1293735;1096883;63.6;53.9
13;2021-08-18;6310;10161;1300045;1107044;63.9;54.4
13;2021-08-19;6648;10594;1306693;1117638;64.2;54.9
13;2021-08-20;5785;11226;1312478;1128864;64.5;55.5
13;2021-08-21;2609;7564;1315087;1136428;64.6;55.9
13;2021-08-22;368;1090;1315455;1137518;64.7;55.9
13;2021-08-23;4907;11199;1320362;1148717;64.9;56.5
13;2021-08-24;5401;10897;1325763;1159614;65.2;57.0
13;2021-08-25;5155;10076;1330918;1169690;65.4;57.5
13;2021-08-26;5085;9754;1336003;1179444;65.7;58.0
13;2021-08-27;4987;10612;1340990;1190056;65.9;58.5
13;2021-08-28;2330;6452;1343320;1196508;66.0;58.8
13;2021-08-29;335;1135;1343655;1197643;66.0;58.9
13;2021-08-30;4190;9844;1347845;1207487;66.3;59.4
13;2021-08-31;4472;10095;1352317;1217582;66.5;59.8
13;2021-09-01;4161;8561;1356478;1226143;66.7;60.3
13;2021-09-02;4187;8452;1360665;1234595;66.9;60.7
13;2021-09-03;4228;9275;1364893;1243870;67.1;61.1
13;2021-09-04;2141;5540;1367034;1249410;67.2;61.4
13;2021-09-05;182;392;1367216;1249802;67.2;61.4
13;2021-09-06;3069;6685;1370285;1256487;67.4;61.8
13;2021-09-07;3177;7254;1373462;1263741;67.5;62.1
13;2021-09-08;3377;7131;1376839;1270872;67.7;62.5
13;2021-09-09;3114;6670;1379953;1277542;67.8;62.8
13;2021-09-10;3500;7694;1383453;1285236;68.0;63.2
13;2021-09-11;2264;5447;1385717;1290683;68.1;63.4
13;2021-09-12;207;322;1385924;1291005;68.1;63.5
14;2020-12-27;0;0;0;0;0.0;0.0
14;2020-12-28;1;1;1;1;0.0;0.0
14;2020-12-29;0;0;1;1;0.0;0.0
14;2020-12-30;0;0;1;1;0.0;0.0
14;2020-12-31;3;0;4;1;0.0;0.0
14;2021-01-01;1;0;5;1;0.0;0.0
14;2021-01-02;1;0;6;1;0.0;0.0
14;2021-01-03;0;0;6;1;0.0;0.0
14;2021-01-04;10;0;16;1;0.0;0.0
14;2021-01-05;24;0;40;1;0.0;0.0
14;2021-01-06;349;0;389;1;0.1;0.0
14;2021-01-07;402;2;791;3;0.1;0.0
14;2021-01-08;631;2;1422;5;0.2;0.0
14;2021-01-09;127;0;1549;5;0.2;0.0
14;2021-01-10;41;0;1590;5;0.2;0.0
14;2021-01-11;673;1;2263;6;0.3;0.0
14;2021-01-12;954;2;3217;8;0.5;0.0
14;2021-01-13;849;1;4066;9;0.6;0.0
14;2021-01-14;2838;17;6904;26;1.0;0.0
14;2021-01-15;1896;17;8800;43;1.3;0.0
14;2021-01-16;271;2;9071;45;1.3;0.0
14;2021-01-17;145;7;9216;52;1.3;0.0
14;2021-01-18;1085;5;10301;57;1.5;0.0
14;2021-01-19;1154;2;11455;59;1.7;0.0
14;2021-01-20;1988;2;13443;61;1.9;0.0
14;2021-01-21;1816;6;15259;67;2.2;0.0
14;2021-01-22;1495;5;16754;72;2.4;0.0
14;2021-01-23;297;1;17051;73;2.5;0.0
14;2021-01-24;72;0;17123;73;2.5;0.0
14;2021-01-25;911;10;18034;83;2.6;0.0
14;2021-01-26;848;35;18882;118;2.7;0.0
14;2021-01-27;884;157;19766;275;2.9;0.0
14;2021-01-28;782;145;20548;420;3.0;0.1
14;2021-01-29;786;221;21334;641;3.1;0.1
14;2021-01-30;270;11;21604;652;3.1;0.1
14;2021-01-31;58;1;21662;653;3.1;0.1
14;2021-02-01;728;219;22390;872;3.2;0.1
14;2021-02-02;828;415;23218;1287;3.4;0.2
14;2021-02-03;761;371;23979;1658;3.5;0.2
14;2021-02-04;1170;1981;25149;3639;3.6;0.5
14;2021-02-05;1295;1287;26444;4926;3.8;0.7
14;2021-02-06;396;212;26840;5138;3.9;0.7
14;2021-02-07;179;59;27019;5197;3.9;0.8
14;2021-02-08;774;699;27793;5896;4.0;0.9
14;2021-02-09;722;902;28515;6798;4.1;1.0
14;2021-02-10;825;1449;29340;8247;4.2;1.2
14;2021-02-11;1351;1364;30691;9611;4.4;1.4
14;2021-02-12;1382;971;32073;10582;4.6;1.5
14;2021-02-13;308;154;32381;10736;4.7;1.6
14;2021-02-14;84;49;32465;10785;4.7;1.6
14;2021-02-15;441;892;32906;11677;4.8;1.7
14;2021-02-16;679;754;33585;12431;4.9;1.8
14;2021-02-17;406;801;33991;13232;4.9;1.9
14;2021-02-18;706;723;34697;13955;5.0;2.0
14;2021-02-19;733;664;35430;14619;5.1;2.1
14;2021-02-20;88;218;35518;14837;5.1;2.1
14;2021-02-21;6;79;35524;14916;5.1;2.2
14;2021-02-22;431;848;35955;15764;5.2;2.3
14;2021-02-23;486;721;36441;16485;5.3;2.4
14;2021-02-24;438;722;36879;17207;5.3;2.5
14;2021-02-25;1224;1022;38103;18229;5.5;2.6
14;2021-02-26;1576;1055;39679;19284;5.7;2.8
14;2021-02-27;507;237;40186;19521;5.8;2.8
14;2021-02-28;27;33;40213;19554;5.8;2.8
14;2021-03-01;522;781;40735;20335;5.9;2.9
14;2021-03-02;966;691;41701;21026;6.0;3.0
14;2021-03-03;1080;736;42781;21762;6.2;3.1
14;2021-03-04;1949;737;44730;22499;6.5;3.3
14;2021-03-05;2433;807;47163;23306;6.8;3.4
14;2021-03-06;3076;177;50239;23483;7.3;3.4
14;2021-03-07;1196;61;51435;23544;7.4;3.4
14;2021-03-08;1252;736;52687;24280;7.6;3.5
14;2021-03-09;1741;663;54428;24943;7.9;3.6
14;2021-03-10;1835;558;56263;25501;8.1;3.7
14;2021-03-11;2757;450;59020;25951;8.5;3.8
14;2021-03-12;4045;558;63065;26509;9.1;3.8
14;2021-03-13;1853;175;64918;26684;9.4;3.9
14;2021-03-14;31;38;64949;26722;9.4;3.9
14;2021-03-15;2005;142;66954;26864;9.7;3.9
14;2021-03-16;1401;267;68355;27131;9.9;3.9
14;2021-03-17;1155;193;69510;27324;10.1;4.0
14;2021-03-18;1481;297;70991;27621;10.3;4.0
14;2021-03-19;2608;261;73599;27882;10.6;4.0
14;2021-03-20;2659;41;76258;27923;11.0;4.0
14;2021-03-21;454;8;76712;27931;11.1;4.0
14;2021-03-22;1872;363;78584;28294;11.4;4.1
14;2021-03-23;2177;318;80761;28612;11.7;4.1
14;2021-03-24;2432;193;83193;28805;12.0;4.2
14;2021-03-25;3292;318;86485;29123;12.5;4.2
14;2021-03-26;4607;475;91092;29598;13.2;4.3
14;2021-03-27;2231;226;93323;29824;13.5;4.3
14;2021-03-28;36;1;93359;29825;13.5;4.3
14;2021-03-29;1614;478;94973;30303;13.7;4.4
14;2021-03-30;2722;516;97695;30819;14.1;4.5
14;2021-03-31;2326;922;100021;31741;14.5;4.6
14;2021-04-01;4174;1681;104195;33422;15.1;4.8
14;2021-04-02;3867;1266;108062;34688;15.6;5.0
14;2021-04-03;1128;1197;109190;35885;15.8;5.2
14;2021-04-04;25;481;109215;36366;15.8;5.3
14;2021-04-05;1219;324;110434;36690;16.0;5.3
14;2021-04-06;2383;996;112817;37686;16.3;5.5
14;2021-04-07;2729;1030;115546;38716;16.7;5.6
14;2021-04-08;4301;1118;119847;39834;17.3;5.8
14;2021-04-09;6030;1185;125877;41019;18.2;5.9
14;2021-04-10;2896;439;128773;41458;18.6;6.0
14;2021-04-11;628;121;129401;41579;18.7;6.0
14;2021-04-12;2915;1585;132316;43164;19.1;6.2
14;2021-04-13;3471;1443;135787;44607;19.6;6.5
14;2021-04-14;3122;1165;138909;45772;20.1;6.6
14;2021-04-15;4400;1499;143309;47271;20.7;6.8
14;2021-04-16;4600;1563;147909;48834;21.4;7.1
14;2021-04-17;2312;1668;150221;50502;21.7;7.3
14;2021-04-18;539;327;150760;50829;21.8;7.4
14;2021-04-19;2759;1686;153519;52515;22.2;7.6
14;2021-04-20;3390;1816;156909;54331;22.7;7.9
14;2021-04-21;3015;1468;159924;55799;23.1;8.1
14;2021-04-22;4228;2088;164152;57887;23.7;8.4
14;2021-04-23;4650;2302;168802;60189;24.4;8.7
14;2021-04-24;1852;1748;170654;61937;24.7;9.0
14;2021-04-25;456;28;171110;61965;24.7;9.0
14;2021-04-26;3378;1567;174488;63532;25.2;9.2
14;2021-04-27;3504;2565;177992;66097;25.7;9.6
14;2021-04-28;3245;1897;181237;67994;26.2;9.8
14;2021-04-29;4545;2310;185782;70304;26.9;10.2
14;2021-04-30;5125;2635;190907;72939;27.6;10.5
14;2021-05-01;3554;200;194461;73139;28.1;10.6
14;2021-05-02;1237;55;195698;73194;28.3;10.6
14;2021-05-03;2483;2766;198181;75960;28.7;11.0
14;2021-05-04;3128;2895;201309;78855;29.1;11.4
14;2021-05-05;3688;2742;204997;81597;29.6;11.8
14;2021-05-06;4930;3477;209927;85074;30.4;12.3
14;2021-05-07;4868;3835;214795;88909;31.1;12.9
14;2021-05-08;2728;1263;217523;90172;31.5;13.0
14;2021-05-09;1915;670;219438;90842;31.7;13.1
14;2021-05-10;3635;3148;223073;93990;32.3;13.6
14;2021-05-11;4346;3602;227419;97592;32.9;14.1
14;2021-05-12;4051;3212;231470;100804;33.5;14.6
14;2021-05-13;4690;1131;236160;101935;34.2;14.7
14;2021-05-14;6675;2626;242835;104561;35.1;15.1
14;2021-05-15;5150;778;247985;105339;35.9;15.2
14;2021-05-16;2319;120;250304;105459;36.2;15.3
14;2021-05-17;2820;2259;253124;107718;36.6;15.6
14;2021-05-18;4090;2237;257214;109955;37.2;15.9
14;2021-05-19;3752;2021;260966;111976;37.7;16.2
14;2021-05-20;4482;2764;265448;114740;38.4;16.6
14;2021-05-21;4277;3522;269725;118262;39.0;17.1
14;2021-05-22;1670;862;271395;119124;39.2;17.2
14;2021-05-23;649;71;272044;119195;39.3;17.2
14;2021-05-24;2845;750;274889;119945;39.8;17.3
14;2021-05-25;3637;3383;278526;123328;40.3;17.8
14;2021-05-26;3439;2408;281965;125736;40.8;18.2
14;2021-05-27;4771;3231;286736;128967;41.5;18.7
14;2021-05-28;5093;3869;291829;132836;42.2;19.2
14;2021-05-29;2341;2457;294170;135293;42.5;19.6
14;2021-05-30;760;237;294930;135530;42.7;19.6
14;2021-05-31;4092;2963;299022;138493;43.2;20.0
14;2021-06-01;5740;3212;304762;141705;44.1;20.5
14;2021-06-02;5028;2859;309790;144564;44.8;20.9
14;2021-06-03;6661;4016;316451;148580;45.8;21.5
14;2021-06-04;6446;5129;322897;153709;46.7;22.2
14;2021-06-05;4360;1861;327257;155570;47.3;22.5
14;2021-06-06;2045;83;329302;155653;47.6;22.5
14;2021-06-07;4252;3448;333554;159101;48.2;23.0
14;2021-06-08;5238;3133;338792;162234;49.0;23.5
14;2021-06-09;4272;2965;343064;165199;49.6;23.9
14;2021-06-10;5083;2970;348147;168169;50.4;24.3
14;2021-06-11;4843;4876;352990;173045;51.1;25.0
14;2021-06-12;3679;4519;356669;177564;51.6;25.7
14;2021-06-13;849;1089;357518;178653;51.7;25.8
14;2021-06-14;2186;3791;359704;182444;52.0;26.4
14;2021-06-15;3316;3970;363020;186414;52.5;27.0
14;2021-06-16;3449;4554;366469;190968;53.0;27.6
14;2021-06-17;4234;5266;370703;196234;53.6;28.4
14;2021-06-18;3734;6118;374437;202352;54.2;29.3
14;2021-06-19;2591;2951;377028;205303;54.5;29.7
14;2021-06-20;580;1556;377608;206859;54.6;29.9
14;2021-06-21;2122;4359;379730;211218;54.9;30.5
14;2021-06-22;2583;5177;382313;216395;55.3;31.3
14;2021-06-23;2502;4348;384815;220743;55.7;31.9
14;2021-06-24;3450;5810;388265;226553;56.2;32.8
14;2021-06-25;2752;7272;391017;233825;56.6;33.8
14;2021-06-26;2176;4540;393193;238365;56.9;34.5
14;2021-06-27;440;1828;393633;240193;56.9;34.7
14;2021-06-28;1311;3964;394944;244157;57.1;35.3
14;2021-06-29;1791;5365;396735;249522;57.4;36.1
14;2021-06-30;2024;4618;398759;254140;57.7;36.8
14;2021-07-01;2932;5064;401691;259204;58.1;37.5
14;2021-07-02;2601;6668;404292;265872;58.5;38.5
14;2021-07-03;1430;2646;405722;268518;58.7;38.8
14;2021-07-04;422;713;406144;269231;58.7;38.9
14;2021-07-05;1191;4780;407335;274011;58.9;39.6
14;2021-07-06;2092;6000;409427;280011;59.2;40.5
14;2021-07-07;2260;4576;411687;284587;59.5;41.2
14;2021-07-08;2912;5524;414599;290111;60.0;42.0
14;2021-07-09;2771;6431;417370;296542;60.4;42.9
14;2021-07-10;2041;3203;419411;299745;60.7;43.4
14;2021-07-11;900;872;420311;300617;60.8;43.5
14;2021-07-12;1635;5902;421946;306519;61.0;44.3
14;2021-07-13;3085;7343;425031;313862;61.5;45.4
14;2021-07-14;2259;3061;427290;316923;61.8;45.8
14;2021-07-15;4173;7653;431463;324576;62.4;46.9
14;2021-07-16;4710;7691;436173;332267;63.1;48.1
14;2021-07-17;2117;4209;438290;336476;63.4;48.7
14;2021-07-18;822;1870;439112;338346;63.5;48.9
14;2021-07-19;2600;6123;441712;344469;63.9;49.8
14;2021-07-20;3248;7255;444960;351724;64.4;50.9
14;2021-07-21;4107;5843;449067;357567;64.9;51.7
14;2021-07-22;4855;6604;453922;364171;65.6;52.7
14;2021-07-23;5384;6769;459306;370940;66.4;53.6
14;2021-07-24;3085;3790;462391;374730;66.9;54.2
14;2021-07-25;1506;1248;463897;375978;67.1;54.4
14;2021-07-26;4684;4186;468581;380164;67.8;55.0
14;2021-07-27;5405;4360;473986;384524;68.5;55.6
14;2021-07-28;5117;3971;479103;388495;69.3;56.2
14;2021-07-29;6445;4882;485548;393377;70.2;56.9
14;2021-07-30;5841;5167;491389;398544;71.1;57.6
14;2021-07-31;2774;2510;494163;401054;71.5;58.0
14;2021-08-01;1895;933;496058;401987;71.7;58.1
14;2021-08-02;3948;4290;500006;406277;72.3;58.8
14;2021-08-03;4480;4170;504486;410447;73.0;59.4
14;2021-08-04;4647;3537;509133;413984;73.6;59.9
14;2021-08-05;4657;4034;513790;418018;74.3;60.5
14;2021-08-06;4428;4808;518218;422826;74.9;61.2
14;2021-08-07;2133;2295;520351;425121;75.3;61.5
14;2021-08-08;638;853;520989;425974;75.3;61.6
14;2021-08-09;2128;2877;523117;428851;75.7;62.0
14;2021-08-10;3659;4170;526776;433021;76.2;62.6
14;2021-08-11;3075;3458;529851;436479;76.6;63.1
14;2021-08-12;3482;4348;533333;440827;77.1;63.8
14;2021-08-13;2636;4138;535969;444965;77.5;64.4
14;2021-08-14;1424;2008;537393;446973;77.7;64.6
14;2021-08-15;391;1483;537784;448456;77.8;64.9
14;2021-08-16;1830;2782;539614;451238;78.0;65.3
14;2021-08-17;2261;4565;541875;455803;78.4;65.9
14;2021-08-18;2064;4523;543939;460326;78.7;66.6
14;2021-08-19;2333;5085;546272;465411;79.0;67.3
14;2021-08-20;2185;5403;548457;470814;79.3;68.1
14;2021-08-21;1014;2836;549471;473650;79.5;68.5
14;2021-08-22;170;1564;549641;475214;79.5;68.7
14;2021-08-23;1261;4169;550902;479383;79.7;69.3
14;2021-08-24;1325;4304;552227;483687;79.9;70.0
14;2021-08-25;1391;4399;553618;488086;80.1;70.6
14;2021-08-26;1421;5078;555039;493164;80.3;71.3
14;2021-08-27;1466;5289;556505;498453;80.5;72.1
14;2021-08-28;729;3004;557234;501457;80.6;72.5
14;2021-08-29;183;1013;557417;502470;80.6;72.7
14;2021-08-30;1011;3630;558428;506100;80.8;73.2
14;2021-08-31;1321;4802;559749;510902;81.0;73.9
14;2021-09-01;1064;3984;560813;514886;81.1;74.5
14;2021-09-02;857;3349;561670;518235;81.2;74.9
14;2021-09-03;1173;4355;562843;522590;81.4;75.6
14;2021-09-04;661;2371;563504;524961;81.5;75.9
14;2021-09-05;126;413;563630;525374;81.5;76.0
14;2021-09-06;463;2221;564093;527595;81.6;76.3
14;2021-09-07;495;2200;564588;529795;81.7;76.6
14;2021-09-08;676;3169;565264;532964;81.8;77.1
14;2021-09-09;589;2210;565853;535174;81.8;77.4
14;2021-09-10;751;2862;566604;538036;81.9;77.8
14;2021-09-11;517;1623;567121;539659;82.0;78.0
14;2021-09-12;75;293;567196;539952;82.0;78.1
15;2020-12-27;2;0;2;0;0.0;0.0
15;2020-12-28;0;0;2;0;0.0;0.0
15;2020-12-29;0;0;2;0;0.0;0.0
15;2020-12-30;0;0;2;0;0.0;0.0
15;2020-12-31;0;0;2;0;0.0;0.0
15;2021-01-01;1;0;3;0;0.0;0.0
15;2021-01-02;0;0;3;0;0.0;0.0
15;2021-01-03;0;0;3;0;0.0;0.0
15;2021-01-04;0;0;3;0;0.0;0.0
15;2021-01-05;0;0;3;0;0.0;0.0
15;2021-01-06;0;0;3;0;0.0;0.0
15;2021-01-07;72;0;75;0;0.1;0.0
15;2021-01-08;110;0;185;0;0.1;0.0
15;2021-01-09;0;0;185;0;0.1;0.0
15;2021-01-10;2;0;187;0;0.1;0.0
15;2021-01-11;99;0;286;0;0.2;0.0
15;2021-01-12;94;0;380;0;0.3;0.0
15;2021-01-13;230;0;610;0;0.4;0.0
15;2021-01-14;313;1;923;1;0.6;0.0
15;2021-01-15;138;0;1061;1;0.7;0.0
15;2021-01-16;90;0;1151;1;0.8;0.0
15;2021-01-17;0;0;1151;1;0.8;0.0
15;2021-01-18;404;2;1555;3;1.1;0.0
15;2021-01-19;550;0;2105;3;1.5;0.0
15;2021-01-20;629;1;2734;4;1.9;0.0
15;2021-01-21;576;4;3310;8;2.3;0.0
15;2021-01-22;503;1;3813;9;2.7;0.0
15;2021-01-23;432;1;4245;10;3.0;0.0
15;2021-01-24;6;0;4251;10;3.0;0.0
15;2021-01-25;401;0;4652;10;3.3;0.0
15;2021-01-26;437;0;5089;10;3.6;0.0
15;2021-01-27;736;7;5825;17;4.1;0.0
15;2021-01-28;624;51;6449;68;4.5;0.0
15;2021-01-29;336;80;6785;148;4.8;0.1
15;2021-01-30;218;3;7003;151;4.9;0.1
15;2021-01-31;1;1;7004;152;4.9;0.1
15;2021-02-01;239;81;7243;233;5.1;0.2
15;2021-02-02;188;80;7431;313;5.2;0.2
15;2021-02-03;267;150;7698;463;5.4;0.3
15;2021-02-04;663;166;8361;629;5.9;0.4
15;2021-02-05;296;204;8657;833;6.1;0.6
15;2021-02-06;98;53;8755;886;6.1;0.6
15;2021-02-07;0;0;8755;886;6.1;0.6
15;2021-02-08;233;87;8988;973;6.3;0.7
15;2021-02-09;205;106;9193;1079;6.4;0.8
15;2021-02-10;338;287;9531;1366;6.7;1.0
15;2021-02-11;117;226;9648;1592;6.8;1.1
15;2021-02-12;136;145;9784;1737;6.9;1.2
15;2021-02-13;92;76;9876;1813;6.9;1.3
15;2021-02-14;0;0;9876;1813;6.9;1.3
15;2021-02-15;63;179;9939;1992;7.0;1.4
15;2021-02-16;52;250;9991;2242;7.0;1.6
15;2021-02-17;134;384;10125;2626;7.1;1.8
15;2021-02-18;87;687;10212;3313;7.2;2.3
15;2021-02-19;90;384;10302;3697;7.2;2.6
15;2021-02-20;20;221;10322;3918;7.2;2.7
15;2021-02-21;0;0;10322;3918;7.2;2.7
15;2021-02-22;23;418;10345;4336;7.2;3.0
15;2021-02-23;180;398;10525;4734;7.4;3.3
15;2021-02-24;31;412;10556;5146;7.4;3.6
15;2021-02-25;228;920;10784;6066;7.6;4.2
15;2021-02-26;186;436;10970;6502;7.7;4.6
15;2021-02-27;145;77;11115;6579;7.8;4.6
15;2021-02-28;1;0;11116;6579;7.8;4.6
15;2021-03-01;121;201;11237;6780;7.9;4.7
15;2021-03-02;250;282;11487;7062;8.0;4.9
15;2021-03-03;207;26;11694;7088;8.2;5.0
15;2021-03-04;246;229;11940;7317;8.4;5.1
15;2021-03-05;348;166;12288;7483;8.6;5.2
15;2021-03-06;680;11;12968;7494;9.1;5.2
15;2021-03-07;81;2;13049;7496;9.1;5.2
15;2021-03-08;93;95;13142;7591;9.2;5.3
15;2021-03-09;281;274;13423;7865;9.4;5.5
15;2021-03-10;417;166;13840;8031;9.7;5.6
15;2021-03-11;434;289;14274;8320;10.0;5.8
15;2021-03-12;525;91;14799;8411;10.4;5.9
15;2021-03-13;355;7;15154;8418;10.6;5.9
15;2021-03-14;18;0;15172;8418;10.6;5.9
15;2021-03-15;542;64;15714;8482;11.0;5.9
15;2021-03-16;328;21;16042;8503;11.2;6.0
15;2021-03-17;130;53;16172;8556;11.3;6.0
15;2021-03-18;250;94;16422;8650;11.5;6.1
15;2021-03-19;669;32;17091;8682;12.0;6.1
15;2021-03-20;148;36;17239;8718;12.1;6.1
15;2021-03-21;6;0;17245;8718;12.1;6.1
15;2021-03-22;575;79;17820;8797;12.5;6.2
15;2021-03-23;776;98;18596;8895;13.0;6.2
15;2021-03-24;937;35;19533;8930;13.7;6.3
15;2021-03-25;1282;33;20815;8963;14.6;6.3
15;2021-03-26;1009;61;21824;9024;15.3;6.3
15;2021-03-27;301;7;22125;9031;15.5;6.3
15;2021-03-28;20;0;22145;9031;15.5;6.3
15;2021-03-29;782;18;22927;9049;16.1;6.3
15;2021-03-30;1136;202;24063;9251;16.8;6.5
15;2021-03-31;941;22;25004;9273;17.5;6.5
15;2021-04-01;1233;60;26237;9333;18.4;6.5
15;2021-04-02;1142;61;27379;9394;19.2;6.6
15;2021-04-03;120;18;27499;9412;19.3;6.6
15;2021-04-04;0;0;27499;9412;19.3;6.6
15;2021-04-05;33;3;27532;9415;19.3;6.6
15;2021-04-06;834;86;28366;9501;19.9;6.7
15;2021-04-07;663;108;29029;9609;20.3;6.7
15;2021-04-08;1247;150;30276;9759;21.2;6.8
15;2021-04-09;1277;105;31553;9864;22.1;6.9
15;2021-04-10;364;20;31917;9884;22.3;6.9
15;2021-04-11;14;0;31931;9884;22.4;6.9
15;2021-04-12;644;456;32575;10340;22.8;7.2
15;2021-04-13;1124;321;33699;10661;23.6;7.5
15;2021-04-14;1039;199;34738;10860;24.3;7.6
15;2021-04-15;1183;310;35921;11170;25.2;7.8
15;2021-04-16;1038;552;36959;11722;25.9;8.2
15;2021-04-17;445;14;37404;11736;26.2;8.2
15;2021-04-18;0;10;37404;11746;26.2;8.2
15;2021-04-19;539;514;37943;12260;26.6;8.6
15;2021-04-20;847;615;38790;12875;27.2;9.0
15;2021-04-21;593;651;39383;13526;27.6;9.5
15;2021-04-22;728;775;40111;14301;28.1;10.0
15;2021-04-23;731;676;40842;14977;28.6;10.5
15;2021-04-24;363;123;41205;15100;28.9;10.6
15;2021-04-25;1;3;41206;15103;28.9;10.6
15;2021-04-26;325;632;41531;15735;29.1;11.0
15;2021-04-27;469;940;42000;16675;29.4;11.7
15;2021-04-28;383;785;42383;17460;29.7;12.2
15;2021-04-29;587;1008;42970;18468;30.1;12.9
15;2021-04-30;547;1072;43517;19540;30.5;13.7
15;2021-05-01;283;30;43800;19570;30.7;13.7
15;2021-05-02;0;0;43800;19570;30.7;13.7
15;2021-05-03;881;331;44681;19901;31.3;13.9
15;2021-05-04;802;854;45483;20755;31.8;14.5
15;2021-05-05;676;680;46159;21435;32.3;15.0
15;2021-05-06;827;967;46986;22402;32.9;15.7
15;2021-05-07;1154;904;48140;23306;33.7;16.3
15;2021-05-08;491;55;48631;23361;34.1;16.4
15;2021-05-09;24;9;48655;23370;34.1;16.4
15;2021-05-10;705;913;49360;24283;34.6;17.0
15;2021-05-11;1186;1182;50546;25465;35.4;17.8
15;2021-05-12;1147;836;51693;26301;36.2;18.4
15;2021-05-13;1165;440;52858;26741;37.0;18.7
15;2021-05-14;1504;582;54362;27323;38.1;19.1
15;2021-05-15;1410;418;55772;27741;39.1;19.4
15;2021-05-16;1;10;55773;27751;39.1;19.4
15;2021-05-17;999;605;56772;28356;39.8;19.9
15;2021-05-18;1222;970;57994;29326;40.6;20.5
15;2021-05-19;1020;459;59014;29785;41.3;20.9
15;2021-05-20;1239;782;60253;30567;42.2;21.4
15;2021-05-21;1349;748;61602;31315;43.1;21.9
15;2021-05-22;527;188;62129;31503;43.5;22.1
15;2021-05-23;2;11;62131;31514;43.5;22.1
15;2021-05-24;693;257;62824;31771;44.0;22.2
15;2021-05-25;1151;620;63975;32391;44.8;22.7
15;2021-05-26;1095;459;65070;32850;45.6;23.0
15;2021-05-27;1271;660;66341;33510;46.5;23.5
15;2021-05-28;1509;884;67850;34394;47.5;24.1
15;2021-05-29;984;361;68834;34755;48.2;24.3
15;2021-05-30;14;25;68848;34780;48.2;24.4
15;2021-05-31;1201;480;70049;35260;49.1;24.7
15;2021-06-01;1400;570;71449;35830;50.0;25.1
15;2021-06-02;865;417;72314;36247;50.6;25.4
15;2021-06-03;932;706;73246;36953;51.3;25.9
15;2021-06-04;1076;715;74322;37668;52.0;26.4
15;2021-06-05;651;262;74973;37930;52.5;26.6
15;2021-06-06;16;20;74989;37950;52.5;26.6
15;2021-06-07;797;349;75786;38299;53.1;26.8
15;2021-06-08;477;393;76263;38692;53.4;27.1
15;2021-06-09;377;377;76640;39069;53.7;27.4
15;2021-06-10;276;423;76916;39492;53.9;27.7
15;2021-06-11;661;1099;77577;40591;54.3;28.4
15;2021-06-12;377;467;77954;41058;54.6;28.7
15;2021-06-13;11;6;77965;41064;54.6;28.8
15;2021-06-14;542;977;78507;42041;55.0;29.4
15;2021-06-15;450;1164;78957;43205;55.3;30.3
15;2021-06-16;543;899;79500;44104;55.7;30.9
15;2021-06-17;290;934;79790;45038;55.9;31.5
15;2021-06-18;741;1205;80531;46243;56.4;32.4
15;2021-06-19;543;705;81074;46948;56.8;32.9
15;2021-06-20;11;1;81085;46949;56.8;32.9
15;2021-06-21;280;1042;81365;47991;57.0;33.6
15;2021-06-22;232;1479;81597;49470;57.1;34.6
15;2021-06-23;346;1445;81943;50915;57.4;35.7
15;2021-06-24;292;1094;82235;52009;57.6;36.4
15;2021-06-25;379;1640;82614;53649;57.8;37.6
15;2021-06-26;165;908;82779;54557;58.0;38.2
15;2021-06-27;0;0;82779;54557;58.0;38.2
15;2021-06-28;176;1227;82955;55784;58.1;39.1
15;2021-06-29;303;1264;83258;57048;58.3;39.9
15;2021-06-30;268;981;83526;58029;58.5;40.6
15;2021-07-01;381;1220;83907;59249;58.8;41.5
15;2021-07-02;410;1348;84317;60597;59.0;42.4
15;2021-07-03;251;708;84568;61305;59.2;42.9
15;2021-07-04;1;1;84569;61306;59.2;42.9
15;2021-07-05;248;1257;84817;62563;59.4;43.8
15;2021-07-06;274;1467;85091;64030;59.6;44.8
15;2021-07-07;256;1344;85347;65374;59.8;45.8
15;2021-07-08;489;1353;85836;66727;60.1;46.7
15;2021-07-09;488;1783;86324;68510;60.4;48.0
15;2021-07-10;215;862;86539;69372;60.6;48.6
15;2021-07-11;9;5;86548;69377;60.6;48.6
15;2021-07-12;277;1484;86825;70861;60.8;49.6
15;2021-07-13;587;1769;87412;72630;61.2;50.9
15;2021-07-14;16;130;87428;72760;61.2;50.9
15;2021-07-15;1132;729;88560;73489;62.0;51.5
15;2021-07-16;1141;1336;89701;74825;62.8;52.4
15;2021-07-17;820;953;90521;75778;63.4;53.1
15;2021-07-18;0;3;90521;75781;63.4;53.1
15;2021-07-19;1075;1270;91596;77051;64.1;54.0
15;2021-07-20;1614;569;93210;77620;65.3;54.4
15;2021-07-21;1189;603;94399;78223;66.1;54.8
15;2021-07-22;894;513;95293;78736;66.7;55.1
15;2021-07-23;1341;1064;96634;79800;67.7;55.9
15;2021-07-24;628;769;97262;80569;68.1;56.4
15;2021-07-25;1;24;97263;80593;68.1;56.4
15;2021-07-26;1248;594;98511;81187;69.0;56.8
15;2021-07-27;1692;574;100203;81761;70.2;57.3
15;2021-07-28;1239;581;101442;82342;71.0;57.7
15;2021-07-29;837;399;102279;82741;71.6;57.9
15;2021-07-30;1008;1131;103287;83872;72.3;58.7
15;2021-07-31;604;637;103891;84509;72.7;59.2
15;2021-08-01;21;12;103912;84521;72.8;59.2
15;2021-08-02;1143;542;105055;85063;73.6;59.6
15;2021-08-03;1164;382;106219;85445;74.4;59.8
15;2021-08-04;789;408;107008;85853;74.9;60.1
15;2021-08-05;383;284;107391;86137;75.2;60.3
15;2021-08-06;790;1235;108181;87372;75.8;61.2
15;2021-08-07;264;1161;108445;88533;75.9;62.0
15;2021-08-08;3;6;108448;88539;75.9;62.0
15;2021-08-09;512;1165;108960;89704;76.3;62.8
15;2021-08-10;434;724;109394;90428;76.6;63.3
15;2021-08-11;411;1006;109805;91434;76.9;64.0
15;2021-08-12;523;1183;110328;92617;77.3;64.9
15;2021-08-13;681;1137;111009;93754;77.7;65.6
15;2021-08-14;179;552;111188;94306;77.9;66.0
15;2021-08-15;17;9;111205;94315;77.9;66.0
15;2021-08-16;387;1134;111592;95449;78.1;66.8
15;2021-08-17;399;1141;111991;96590;78.4;67.6
15;2021-08-18;368;803;112359;97393;78.7;68.2
15;2021-08-19;300;878;112659;98271;78.9;68.8
15;2021-08-20;601;1214;113260;99485;79.3;69.7
15;2021-08-21;217;866;113477;100351;79.5;70.3
15;2021-08-22;12;26;113489;100377;79.5;70.3
15;2021-08-23;227;611;113716;100988;79.6;70.7
15;2021-08-24;245;590;113961;101578;79.8;71.1
15;2021-08-25;150;492;114111;102070;79.9;71.5
15;2021-08-26;136;362;114247;102432;80.0;71.7
15;2021-08-27;365;1337;114612;103769;80.3;72.7
15;2021-08-28;214;857;114826;104626;80.4;73.3
15;2021-08-29;7;13;114833;104639;80.4;73.3
15;2021-08-30;223;1062;115056;105701;80.6;74.0
15;2021-08-31;402;664;115458;106365;80.8;74.5
15;2021-09-01;182;445;115640;106810;81.0;74.8
15;2021-09-02;91;275;115731;107085;81.0;75.0
15;2021-09-03;201;1006;115932;108091;81.2;75.7
15;2021-09-04;150;422;116082;108513;81.3;76.0
15;2021-09-05;0;2;116082;108515;81.3;76.0
15;2021-09-06;98;491;116180;109006;81.4;76.3
15;2021-09-07;98;269;116278;109275;81.4;76.5
15;2021-09-08;199;613;116477;109888;81.6;76.9
15;2021-09-09;98;352;116575;110240;81.6;77.2
15;2021-09-10;230;1004;116805;111244;81.8;77.9
15;2021-09-11;92;364;116897;111608;81.9;78.2
15;2021-09-12;0;0;116897;111608;81.9;78.2
16;2020-12-27;0;0;0;0;0.0;0.0
16;2020-12-28;2;0;2;0;0.0;0.0
16;2020-12-29;0;0;2;0;0.0;0.0
16;2020-12-30;1;0;3;0;0.0;0.0
16;2020-12-31;0;0;3;0;0.0;0.0
16;2021-01-01;0;0;3;0;0.0;0.0
16;2021-01-02;0;0;3;0;0.0;0.0
16;2021-01-03;0;0;3;0;0.0;0.0
16;2021-01-04;1;0;4;0;0.0;0.0
16;2021-01-05;1;0;5;0;0.0;0.0
16;2021-01-06;88;0;93;0;0.0;0.0
16;2021-01-07;240;0;333;0;0.1;0.0
16;2021-01-08;465;2;798;2;0.2;0.0
16;2021-01-09;1;0;799;2;0.2;0.0
16;2021-01-10;1;0;800;2;0.2;0.0
16;2021-01-11;304;0;1104;2;0.3;0.0
16;2021-01-12;437;1;1541;3;0.4;0.0
16;2021-01-13;480;0;2021;3;0.6;0.0
16;2021-01-14;600;6;2621;9;0.8;0.0
16;2021-01-15;504;3;3125;12;0.9;0.0
16;2021-01-16;0;0;3125;12;0.9;0.0
16;2021-01-17;0;0;3125;12;0.9;0.0
16;2021-01-18;432;3;3557;15;1.0;0.0
16;2021-01-19;833;2;4390;17;1.3;0.0
16;2021-01-20;1185;2;5575;19;1.6;0.0
16;2021-01-21;1375;3;6950;22;2.0;0.0
16;2021-01-22;1114;0;8064;22;2.3;0.0
16;2021-01-23;183;0;8247;22;2.4;0.0
16;2021-01-24;0;0;8247;22;2.4;0.0
16;2021-01-25;641;2;8888;24;2.6;0.0
16;2021-01-26;1026;1;9914;25;2.8;0.0
16;2021-01-27;1406;105;11320;130;3.3;0.0
16;2021-01-28;1275;53;12595;183;3.6;0.1
16;2021-01-29;742;131;13337;314;3.8;0.1
16;2021-01-30;36;0;13373;314;3.8;0.1
16;2021-01-31;0;0;13373;314;3.8;0.1
16;2021-02-01;394;198;13767;512;4.0;0.1
16;2021-02-02;576;172;14343;684;4.1;0.2
16;2021-02-03;621;343;14964;1027;4.3;0.3
16;2021-02-04;464;257;15428;1284;4.4;0.4
16;2021-02-05;505;262;15933;1546;4.6;0.4
16;2021-02-06;3;80;15936;1626;4.6;0.5
16;2021-02-07;41;3;15977;1629;4.6;0.5
16;2021-02-08;356;189;16333;1818;4.7;0.5
16;2021-02-09;649;256;16982;2074;4.9;0.6
16;2021-02-10;693;604;17675;2678;5.1;0.8
16;2021-02-11;802;565;18477;3243;5.3;0.9
16;2021-02-12;623;797;19100;4040;5.5;1.2
16;2021-02-13;43;78;19143;4118;5.5;1.2
16;2021-02-14;2;7;19145;4125;5.5;1.2
16;2021-02-15;217;595;19362;4720;5.6;1.4
16;2021-02-16;374;816;19736;5536;5.7;1.6
16;2021-02-17;347;1188;20083;6724;5.8;1.9
16;2021-02-18;512;1078;20595;7802;5.9;2.2
16;2021-02-19;389;664;20984;8466;6.0;2.4
16;2021-02-20;2;8;20986;8474;6.0;2.4
16;2021-02-21;2;0;20988;8474;6.0;2.4
16;2021-02-22;136;435;21124;8909;6.1;2.6
16;2021-02-23;206;727;21330;9636;6.1;2.8
16;2021-02-24;274;797;21604;10433;6.2;3.0
16;2021-02-25;395;571;21999;11004;6.3;3.2
16;2021-02-26;479;437;22478;11441;6.5;3.3
16;2021-02-27;249;1;22727;11442;6.5;3.3
16;2021-02-28;5;5;22732;11447;6.5;3.3
16;2021-03-01;152;260;22884;11707;6.6;3.4
16;2021-03-02;272;564;23156;12271;6.7;3.5
16;2021-03-03;391;643;23547;12914;6.8;3.7
16;2021-03-04;804;521;24351;13435;7.0;3.9
16;2021-03-05;1143;500;25494;13935;7.3;4.0
16;2021-03-06;753;13;26247;13948;7.5;4.0
16;2021-03-07;94;18;26341;13966;7.6;4.0
16;2021-03-08;438;284;26779;14250;7.7;4.1
16;2021-03-09;774;619;27553;14869;7.9;4.3
16;2021-03-10;606;621;28159;15490;8.1;4.4
16;2021-03-11;1447;522;29606;16012;8.5;4.6
16;2021-03-12;1164;450;30770;16462;8.8;4.7
16;2021-03-13;765;15;31535;16477;9.1;4.7
16;2021-03-14;1;0;31536;16477;9.1;4.7
16;2021-03-15;462;176;31998;16653;9.2;4.8
16;2021-03-16;860;407;32858;17060;9.4;4.9
16;2021-03-17;590;280;33448;17340;9.6;5.0
16;2021-03-18;1033;273;34481;17613;9.9;5.1
16;2021-03-19;1101;247;35582;17860;10.2;5.1
16;2021-03-20;396;5;35978;17865;10.3;5.1
16;2021-03-21;9;0;35987;17865;10.3;5.1
16;2021-03-22;728;99;36715;17964;10.5;5.2
16;2021-03-23;1464;102;38179;18066;11.0;5.2
16;2021-03-24;1120;183;39299;18249;11.3;5.2
16;2021-03-25;2047;89;41346;18338;11.9;5.3
16;2021-03-26;1916;98;43262;18436;12.4;5.3
16;2021-03-27;433;21;43695;18457;12.5;5.3
16;2021-03-28;0;0;43695;18457;12.5;5.3
16;2021-03-29;925;60;44620;18517;12.8;5.3
16;2021-03-30;1884;180;46504;18697;13.4;5.4
16;2021-03-31;1514;134;48018;18831;13.8;5.4
16;2021-04-01;2009;398;50027;19229;14.4;5.5
16;2021-04-02;1442;378;51469;19607;14.8;5.6
16;2021-04-03;288;5;51757;19612;14.9;5.6
16;2021-04-04;1;0;51758;19612;14.9;5.6
16;2021-04-05;2;0;51760;19612;14.9;5.6
16;2021-04-06;2013;545;53773;20157;15.4;5.8
16;2021-04-07;1954;405;55727;20562;16.0;5.9
16;2021-04-08;2823;583;58550;21145;16.8;6.1
16;2021-04-09;2695;553;61245;21698;17.6;6.2
16;2021-04-10;1291;37;62536;21735;18.0;6.2
16;2021-04-11;2;0;62538;21735;18.0;6.2
16;2021-04-12;1431;316;63969;22051;18.4;6.3
16;2021-04-13;2124;838;66093;22889;19.0;6.6
16;2021-04-14;1951;629;68044;23518;19.5;6.8
16;2021-04-15;2103;983;70147;24501;20.1;7.0
16;2021-04-16;2045;788;72192;25289;20.7;7.3
16;2021-04-17;1507;92;73699;25381;21.2;7.3
16;2021-04-18;197;3;73896;25384;21.2;7.3
16;2021-04-19;1440;524;75336;25908;21.6;7.4
16;2021-04-20;2055;1231;77391;27139;22.2;7.8
16;2021-04-21;1776;750;79167;27889;22.7;8.0
16;2021-04-22;2291;1006;81458;28895;23.4;8.3
16;2021-04-23;2364;1170;83822;30065;24.1;8.6
16;2021-04-24;829;38;84651;30103;24.3;8.6
16;2021-04-25;117;5;84768;30108;24.3;8.6
16;2021-04-26;1400;808;86168;30916;24.7;8.9
16;2021-04-27;2057;1414;88225;32330;25.3;9.3
16;2021-04-28;1591;1125;89816;33455;25.8;9.6
16;2021-04-29;2250;1483;92066;34938;26.4;10.0
16;2021-04-30;2856;1339;94922;36277;27.3;10.4
16;2021-05-01;353;60;95275;36337;27.4;10.4
16;2021-05-02;155;13;95430;36350;27.4;10.4
16;2021-05-03;2610;531;98040;36881;28.2;10.6
16;2021-05-04;2061;2044;100101;38925;28.7;11.2
16;2021-05-05;1688;1827;101789;40752;29.2;11.7
16;2021-05-06;1888;2238;103677;42990;29.8;12.3
16;2021-05-07;3071;2116;106748;45106;30.7;13.0
16;2021-05-08;1197;468;107945;45574;31.0;13.1
16;2021-05-09;530;27;108475;45601;31.2;13.1
16;2021-05-10;1930;1624;110405;47225;31.7;13.6
16;2021-05-11;2354;1963;112759;49188;32.4;14.1
16;2021-05-12;1734;1795;114493;50983;32.9;14.6
16;2021-05-13;1461;355;115954;51338;33.3;14.7
16;2021-05-14;1989;1553;117943;52891;33.9;15.2
16;2021-05-15;596;895;118539;53786;34.0;15.4
16;2021-05-16;132;6;118671;53792;34.1;15.4
16;2021-05-17;1609;1285;120280;55077;34.5;15.8
16;2021-05-18;2759;1422;123039;56499;35.3;16.2
16;2021-05-19;2006;1241;125045;57740;35.9;16.6
16;2021-05-20;2833;1389;127878;59129;36.7;17.0
16;2021-05-21;2943;1394;130821;60523;37.6;17.4
16;2021-05-22;412;711;131233;61234;37.7;17.6
16;2021-05-23;210;11;131443;61245;37.8;17.6
16;2021-05-24;1263;234;132706;61479;38.1;17.7
16;2021-05-25;2759;1461;135465;62940;38.9;18.1
16;2021-05-26;1835;1186;137300;64126;39.4;18.4
16;2021-05-27;2419;1582;139719;65708;40.1;18.9
16;2021-05-28;2899;1558;142618;67266;41.0;19.3
16;2021-05-29;814;883;143432;68149;41.2;19.6
16;2021-05-30;1;4;143433;68153;41.2;19.6
16;2021-05-31;1984;1102;145417;69255;41.8;19.9
16;2021-06-01;2344;1705;147761;70960;42.4;20.4
16;2021-06-02;1821;1502;149582;72462;43.0;20.8
16;2021-06-03;2623;1758;152205;74220;43.7;21.3
16;2021-06-04;2834;2028;155039;76248;44.5;21.9
16;2021-06-05;1006;546;156045;76794;44.8;22.1
16;2021-06-06;161;29;156206;76823;44.9;22.1
16;2021-06-07;1991;1281;158197;78104;45.4;22.4
16;2021-06-08;2395;1992;160592;80096;46.1;23.0
16;2021-06-09;2529;1616;163121;81712;46.8;23.5
16;2021-06-10;2571;1997;165692;83709;47.6;24.0
16;2021-06-11;2152;2730;167844;86439;48.2;24.8
16;2021-06-12;1614;517;169458;86956;48.7;25.0
16;2021-06-13;261;72;169719;87028;48.7;25.0
16;2021-06-14;797;2794;170516;89822;49.0;25.8
16;2021-06-15;1866;2623;172382;92445;49.5;26.6
16;2021-06-16;1576;2086;173958;94531;50.0;27.2
16;2021-06-17;2041;2499;175999;97030;50.5;27.9
16;2021-06-18;2061;3215;178060;100245;51.1;28.8
16;2021-06-19;1352;1311;179412;101556;51.5;29.2
16;2021-06-20;243;28;179655;101584;51.6;29.2
16;2021-06-21;1411;2170;181066;103754;52.0;29.8
16;2021-06-22;1675;2943;182741;106697;52.5;30.6
16;2021-06-23;1565;2017;184306;108714;52.9;31.2
16;2021-06-24;1927;2167;186233;110881;53.5;31.8
16;2021-06-25;1983;2725;188216;113606;54.1;32.6
16;2021-06-26;1061;725;189277;114331;54.4;32.8
16;2021-06-27;132;25;189409;114356;54.4;32.8
16;2021-06-28;1164;1965;190573;116321;54.7;33.4
16;2021-06-29;1282;3355;191855;119676;55.1;34.4
16;2021-06-30;1337;2713;193192;122389;55.5;35.2
16;2021-07-01;1866;3155;195058;125544;56.0;36.1
16;2021-07-02;1424;3580;196482;129124;56.4;37.1
16;2021-07-03;694;1108;197176;130232;56.6;37.4
16;2021-07-04;3;15;197179;130247;56.6;37.4
16;2021-07-05;815;2297;197994;132544;56.9;38.1
16;2021-07-06;1278;3363;199272;135907;57.2;39.0
16;2021-07-07;871;2274;200143;138181;57.5;39.7
16;2021-07-08;1234;2732;201377;140913;57.8;40.5
16;2021-07-09;1112;3706;202489;144619;58.2;41.5
16;2021-07-10;338;1336;202827;145955;58.3;41.9
16;2021-07-11;2;13;202829;145968;58.3;41.9
16;2021-07-12;634;2435;203463;148403;58.4;42.6
16;2021-07-13;1392;3529;204855;151932;58.8;43.6
16;2021-07-14;799;877;205654;152809;59.1;43.9
16;2021-07-15;1250;3407;206904;156216;59.4;44.9
16;2021-07-16;1498;3380;208402;159596;59.9;45.8
16;2021-07-17;538;1188;208940;160784;60.0;46.2
16;2021-07-18;14;6;208954;160790;60.0;46.2
16;2021-07-19;618;2854;209572;163644;60.2;47.0
16;2021-07-20;1125;3281;210697;166925;60.5;47.9
16;2021-07-21;1118;2619;211815;169544;60.8;48.7
16;2021-07-22;1871;2853;213686;172397;61.4;49.5
16;2021-07-23;1553;3544;215239;175941;61.8;50.5
16;2021-07-24;639;1208;215878;177149;62.0;50.9
16;2021-07-25;11;11;215889;177160;62.0;50.9
16;2021-07-26;1530;2129;217419;179289;62.4;51.5
16;2021-07-27;1868;2818;219287;182107;63.0;52.3
16;2021-07-28;1863;2315;221150;184422;63.5;53.0
16;2021-07-29;2243;2472;223393;186894;64.2;53.7
16;2021-07-30;2356;3102;225749;189996;64.8;54.6
16;2021-07-31;960;1354;226709;191350;65.1;55.0
16;2021-08-01;192;22;226901;191372;65.2;55.0
16;2021-08-02;2122;1828;229023;193200;65.8;55.5
16;2021-08-03;2124;2326;231147;195526;66.4;56.2
16;2021-08-04;2120;1885;233267;197411;67.0;56.7
16;2021-08-05;2776;1654;236043;199065;67.8;57.2
16;2021-08-06;2509;2365;238552;201430;68.5;57.9
16;2021-08-07;831;562;239383;201992;68.8;58.0
16;2021-08-08;36;33;239419;202025;68.8;58.0
16;2021-08-09;2181;1061;241600;203086;69.4;58.3
16;2021-08-10;2887;1584;244487;204670;70.2;58.8
16;2021-08-11;2604;1230;247091;205900;71.0;59.1
16;2021-08-12;1999;1737;249090;207637;71.5;59.6
16;2021-08-13;2687;1467;251777;209104;72.3;60.1
16;2021-08-14;757;454;252534;209558;72.5;60.2
16;2021-08-15;28;4;252562;209562;72.5;60.2
16;2021-08-16;1338;1581;253900;211143;72.9;60.6
16;2021-08-17;1827;1627;255727;212770;73.4;61.1
16;2021-08-18;1592;1471;257319;214241;73.9;61.5
16;2021-08-19;1513;1776;258832;216017;74.3;62.0
16;2021-08-20;1603;1902;260435;217919;74.8;62.6
16;2021-08-21;561;827;260996;218746;75.0;62.8
16;2021-08-22;4;5;261000;218751;75.0;62.8
16;2021-08-23;989;2065;261989;220816;75.2;63.4
16;2021-08-24;1038;2376;263027;223192;75.5;64.1
16;2021-08-25;882;1780;263909;224972;75.8;64.6
16;2021-08-26;871;2530;264780;227502;76.0;65.3
16;2021-08-27;852;2407;265632;229909;76.3;66.0
16;2021-08-28;260;770;265892;230679;76.4;66.3
16;2021-08-29;2;16;265894;230695;76.4;66.3
16;2021-08-30;639;2396;266533;233091;76.6;66.9
16;2021-08-31;667;2632;267200;235723;76.7;67.7
16;2021-09-01;467;2542;267667;238265;76.9;68.4
16;2021-09-02;539;2365;268206;240630;77.0;69.1
16;2021-09-03;539;2812;268745;243442;77.2;69.9
16;2021-09-04;361;964;269106;244406;77.3;70.2
16;2021-09-05;5;29;269111;244435;77.3;70.2
16;2021-09-06;318;1759;269429;246194;77.4;70.7
16;2021-09-07;353;1989;269782;248183;77.5;71.3
16;2021-09-08;388;2213;270170;250396;77.6;71.9
16;2021-09-09;342;1709;270512;252105;77.7;72.4
16;2021-09-10;440;2101;270952;254206;77.8;73.0
16;2021-09-11;185;847;271137;255053;77.9;73.3
16;2021-09-12;6;23;271143;255076;77.9;73.3
17;2020-12-27;0;0;0;0;0.0;0.0
17;2020-12-28;0;0;0;0;0.0;0.0
17;2020-12-29;0;0;0;0;0.0;0.0
17;2020-12-30;1;0;1;0;0.0;0.0
17;2020-12-31;0;0;1;0;0.0;0.0
17;2021-01-01;1;0;2;0;0.0;0.0
17;2021-01-02;1;0;3;0;0.0;0.0
17;2021-01-03;0;0;3;0;0.0;0.0
17;2021-01-04;56;0;59;0;0.0;0.0
17;2021-01-05;98;0;157;0;0.0;0.0
17;2021-01-06;132;0;289;0;0.0;0.0
17;2021-01-07;485;1;774;1;0.1;0.0
17;2021-01-08;418;0;1192;1;0.2;0.0
17;2021-01-09;0;0;1192;1;0.2;0.0
17;2021-01-10;1;0;1193;1;0.2;0.0
17;2021-01-11;381;1;1574;2;0.2;0.0
17;2021-01-12;749;1;2323;3;0.4;0.0
17;2021-01-13;654;2;2977;5;0.5;0.0
17;2021-01-14;617;9;3594;14;0.6;0.0
17;2021-01-15;681;1;4275;15;0.7;0.0
17;2021-01-16;129;2;4404;17;0.7;0.0
17;2021-01-17;19;0;4423;17;0.7;0.0
17;2021-01-18;887;2;5310;19;0.8;0.0
17;2021-01-19;1910;3;7220;22;1.1;0.0
17;2021-01-20;2394;2;9614;24;1.5;0.0
17;2021-01-21;2499;3;12113;27;1.9;0.0
17;2021-01-22;1892;6;14005;33;2.2;0.0
17;2021-01-23;738;1;14743;34;2.3;0.0
17;2021-01-24;48;0;14791;34;2.3;0.0
17;2021-01-25;1383;5;16174;39;2.5;0.0
17;2021-01-26;2110;3;18284;42;2.8;0.0
17;2021-01-27;1675;32;19959;74;3.1;0.0
17;2021-01-28;2474;224;22433;298;3.5;0.0
17;2021-01-29;1739;217;24172;515;3.7;0.1
17;2021-01-30;528;3;24700;518;3.8;0.1
17;2021-01-31;37;2;24737;520;3.8;0.1
17;2021-02-01;740;188;25477;708;3.9;0.1
17;2021-02-02;1202;327;26679;1035;4.1;0.2
17;2021-02-03;1296;385;27975;1420;4.3;0.2
17;2021-02-04;1162;438;29137;1858;4.5;0.3
17;2021-02-05;603;699;29740;2557;4.6;0.4
17;2021-02-06;23;40;29763;2597;4.6;0.4
17;2021-02-07;31;13;29794;2610;4.6;0.4
17;2021-02-08;706;365;30500;2975;4.7;0.5
17;2021-02-09;1101;1144;31601;4119;4.9;0.6
17;2021-02-10;866;1234;32467;5353;5.0;0.8
17;2021-02-11;1242;1312;33709;6665;5.2;1.0
17;2021-02-12;771;895;34480;7560;5.3;1.2
17;2021-02-13;43;94;34523;7654;5.3;1.2
17;2021-02-14;1;10;34524;7664;5.3;1.2
17;2021-02-15;621;986;35145;8650;5.4;1.3
17;2021-02-16;749;1549;35894;10199;5.5;1.6
17;2021-02-17;795;1070;36689;11269;5.7;1.7
17;2021-02-18;965;1923;37654;13192;5.8;2.0
17;2021-02-19;1067;1338;38721;14530;6.0;2.2
17;2021-02-20;105;267;38826;14797;6.0;2.3
17;2021-02-21;9;2;38835;14799;6.0;2.3
17;2021-02-22;647;1389;39482;16188;6.1;2.5
17;2021-02-23;781;1299;40263;17487;6.2;2.7
17;2021-02-24;1080;1386;41343;18873;6.4;2.9
17;2021-02-25;1087;1517;42430;20390;6.6;3.2
17;2021-02-26;1307;1108;43737;21498;6.8;3.3
17;2021-02-27;527;219;44264;21717;6.8;3.4
17;2021-02-28;19;9;44283;21726;6.8;3.4
17;2021-03-01;634;942;44917;22668;6.9;3.5
17;2021-03-02;1094;778;46011;23446;7.1;3.6
17;2021-03-03;1618;713;47629;24159;7.4;3.7
17;2021-03-04;2426;1034;50055;25193;7.7;3.9
17;2021-03-05;2663;602;52718;25795;8.1;4.0
17;2021-03-06;1029;28;53747;25823;8.3;4.0
17;2021-03-07;183;17;53930;25840;8.3;4.0
17;2021-03-08;1017;785;54947;26625;8.5;4.1
17;2021-03-09;1745;562;56692;27187;8.8;4.2
17;2021-03-10;2047;615;58739;27802;9.1;4.3
17;2021-03-11;3226;971;61965;28773;9.6;4.4
17;2021-03-12;3356;613;65321;29386;10.1;4.5
17;2021-03-13;1202;11;66523;29397;10.3;4.5
17;2021-03-14;32;0;66555;29397;10.3;4.5
17;2021-03-15;1242;971;67797;30368;10.5;4.7
17;2021-03-16;893;525;68690;30893;10.6;4.8
17;2021-03-17;1460;699;70150;31592;10.8;4.9
17;2021-03-18;1683;761;71833;32353;11.1;5.0
17;2021-03-19;2096;540;73929;32893;11.4;5.1
17;2021-03-20;1084;57;75013;32950;11.6;5.1
17;2021-03-21;37;41;75050;32991;11.6;5.1
17;2021-03-22;1578;685;76628;33676;11.8;5.2
17;2021-03-23;2491;575;79119;34251;12.2;5.3
17;2021-03-24;3545;850;82664;35101;12.8;5.4
17;2021-03-25;4713;639;87377;35740;13.5;5.5
17;2021-03-26;4944;470;92321;36210;14.3;5.6
17;2021-03-27;1737;68;94058;36278;14.5;5.6
17;2021-03-28;369;45;94427;36323;14.6;5.6
17;2021-03-29;2362;565;96789;36888;15.0;5.7
17;2021-03-30;2655;977;99444;37865;15.4;5.9
17;2021-03-31;3844;903;103288;38768;16.0;6.0
17;2021-04-01;4014;1161;107302;39929;16.6;6.2
17;2021-04-02;3710;835;111012;40764;17.2;6.3
17;2021-04-03;1152;187;112164;40951;17.3;6.3
17;2021-04-04;501;6;112665;40957;17.4;6.3
17;2021-04-05;445;128;113110;41085;17.5;6.3
17;2021-04-06;3481;1026;116591;42111;18.0;6.5
17;2021-04-07;4130;1152;120721;43263;18.7;6.7
17;2021-04-08;4570;1478;125291;44741;19.4;6.9
17;2021-04-09;6497;843;131788;45584;20.4;7.0
17;2021-04-10;2583;68;134371;45652;20.8;7.1
17;2021-04-11;790;16;135161;45668;20.9;7.1
17;2021-04-12;2889;1609;138050;47277;21.3;7.3
17;2021-04-13;4151;1286;142201;48563;22.0;7.5
17;2021-04-14;4419;1203;146620;49766;22.7;7.7
17;2021-04-15;4600;1133;151220;50899;23.4;7.9
17;2021-04-16;4298;1154;155518;52053;24.0;8.0
17;2021-04-17;1682;382;157200;52435;24.3;8.1
17;2021-04-18;472;81;157672;52516;24.4;8.1
17;2021-04-19;2338;2056;160010;54572;24.7;8.4
17;2021-04-20;2928;2549;162938;57121;25.2;8.8
17;2021-04-21;2973;1940;165911;59061;25.6;9.1
17;2021-04-22;3122;2355;169033;61416;26.1;9.5
17;2021-04-23;2447;2725;171480;64141;26.5;9.9
17;2021-04-24;1669;923;173149;65064;26.8;10.1
17;2021-04-25;665;244;173814;65308;26.9;10.1
17;2021-04-26;2578;2616;176392;67924;27.3;10.5
17;2021-04-27;3151;2660;179543;70584;27.7;10.9
17;2021-04-28;3102;2925;182645;73509;28.2;11.4
17;2021-04-29;4149;2840;186794;76349;28.9;11.8
17;2021-04-30;4356;2627;191150;78976;29.5;12.2
17;2021-05-01;849;539;191999;79515;29.7;12.3
17;2021-05-02;553;837;192552;80352;29.8;12.4
17;2021-05-03;2542;2954;195094;83306;30.1;12.9
17;2021-05-04;2317;3720;197411;87026;30.5;13.4
17;2021-05-05;2909;3697;200320;90723;31.0;14.0
17;2021-05-06;4122;3399;204442;94122;31.6;14.5
17;2021-05-07;4357;3617;208799;97739;32.3;15.1
17;2021-05-08;1306;752;210105;98491;32.5;15.2
17;2021-05-09;1310;705;211415;99196;32.7;15.3
17;2021-05-10;2726;3679;214141;102875;33.1;15.9
17;2021-05-11;3499;3988;217640;106863;33.6;16.5
17;2021-05-12;3532;3798;221172;110661;34.2;17.1
17;2021-05-13;2545;693;223717;111354;34.6;17.2
17;2021-05-14;3032;2392;226749;113746;35.0;17.6
17;2021-05-15;2128;657;228877;114403;35.4;17.7
17;2021-05-16;1734;316;230611;114719;35.6;17.7
17;2021-05-17;4288;1998;234899;116717;36.3;18.0
17;2021-05-18;4746;1631;239645;118348;37.0;18.3
17;2021-05-19;5070;1281;244715;119629;37.8;18.5
17;2021-05-20;4943;1940;249658;121569;38.6;18.8
17;2021-05-21;4998;1947;254656;123516;39.4;19.1
17;2021-05-22;2392;530;257048;124046;39.7;19.2
17;2021-05-23;1899;128;258947;124174;40.0;19.2
17;2021-05-24;1426;210;260373;124384;40.2;19.2
17;2021-05-25;4030;1767;264403;126151;40.9;19.5
17;2021-05-26;4367;2037;268770;128188;41.5;19.8
17;2021-05-27;5216;2136;273986;130324;42.3;20.1
17;2021-05-28;4468;3419;278454;133743;43.0;20.7
17;2021-05-29;1561;1697;280015;135440;43.3;20.9
17;2021-05-30;857;411;280872;135851;43.4;21.0
17;2021-05-31;2946;3008;283818;138859;43.9;21.5
17;2021-06-01;4296;2918;288114;141777;44.5;21.9
17;2021-06-02;4203;3170;292317;144947;45.2;22.4
17;2021-06-03;5055;3150;297372;148097;46.0;22.9
17;2021-06-04;4516;3849;301888;151946;46.7;23.5
17;2021-06-05;1991;1596;303879;153542;47.0;23.7
17;2021-06-06;851;733;304730;154275;47.1;23.8
17;2021-06-07;3139;4339;307869;158614;47.6;24.5
17;2021-06-08;3790;4493;311659;163107;48.2;25.2
17;2021-06-09;4346;3048;316005;166155;48.8;25.7
17;2021-06-10;4929;2785;320934;168940;49.6;26.1
17;2021-06-11;4794;3678;325728;172618;50.3;26.7
17;2021-06-12;1812;1388;327540;174006;50.6;26.9
17;2021-06-13;612;415;328152;174421;50.7;27.0
17;2021-06-14;2834;4537;330986;178958;51.2;27.7
17;2021-06-15;3624;4370;334610;183328;51.7;28.3
17;2021-06-16;4132;3691;338742;187019;52.3;28.9
17;2021-06-17;4368;4110;343110;191129;53.0;29.5
17;2021-06-18;4055;4440;347165;195569;53.7;30.2
17;2021-06-19;1450;1979;348615;197548;53.9;30.5
17;2021-06-20;595;1035;349210;198583;54.0;30.7
17;2021-06-21;2562;4373;351772;202956;54.4;31.4
17;2021-06-22;3530;4453;355302;207409;54.9;32.1
17;2021-06-23;3796;3993;359098;211402;55.5;32.7
17;2021-06-24;3600;3954;362698;215356;56.1;33.3
17;2021-06-25;2719;4987;365417;220343;56.5;34.1
17;2021-06-26;906;2335;366323;222678;56.6;34.4
17;2021-06-27;396;1902;366719;224580;56.7;34.7
17;2021-06-28;1523;5414;368242;229994;56.9;35.5
17;2021-06-29;1684;5893;369926;235887;57.2;36.5
17;2021-06-30;2029;5547;371955;241434;57.5;37.3
17;2021-07-01;2267;5558;374222;246992;57.8;38.2
17;2021-07-02;2488;5982;376710;252974;58.2;39.1
17;2021-07-03;627;2535;377337;255509;58.3;39.5
17;2021-07-04;155;1250;377492;256759;58.3;39.7
17;2021-07-05;1891;5179;379383;261938;58.6;40.5
17;2021-07-06;2133;5596;381516;267534;59.0;41.3
17;2021-07-07;2408;5498;383924;273032;59.3;42.2
17;2021-07-08;2916;5441;386840;278473;59.8;43.0
17;2021-07-09;2526;6075;389366;284548;60.2;44.0
17;2021-07-10;828;2473;390194;287021;60.3;44.4
17;2021-07-11;380;907;390574;287928;60.4;44.5
17;2021-07-12;2007;5618;392581;293546;60.7;45.4
17;2021-07-13;2373;6716;394954;300262;61.0;46.4
17;2021-07-14;71;71;395025;300333;61.0;46.4
17;2021-07-15;2191;6860;397216;307193;61.4;47.5
17;2021-07-16;2779;6967;399995;314160;61.8;48.6
17;2021-07-17;1051;2271;401046;316431;62.0;48.9
17;2021-07-18;313;1037;401359;317468;62.0;49.1
17;2021-07-19;2635;5907;403994;323375;62.4;50.0
17;2021-07-20;3319;6313;407313;329688;62.9;51.0
17;2021-07-21;3802;6026;411115;335714;63.5;51.9
17;2021-07-22;4251;6269;415366;341983;64.2;52.9
17;2021-07-23;3905;6565;419271;348548;64.8;53.9
17;2021-07-24;2068;1390;421339;349938;65.1;54.1
17;2021-07-25;1043;416;422382;350354;65.3;54.1
17;2021-07-26;3740;5424;426122;355778;65.9;55.0
17;2021-07-27;4730;5439;430852;361217;66.6;55.8
17;2021-07-28;5218;5164;436070;366381;67.4;56.6
17;2021-07-29;5167;5341;441237;371722;68.2;57.4
17;2021-07-30;5510;5569;446747;377291;69.0;58.3
17;2021-07-31;2119;1213;448866;378504;69.4;58.5
17;2021-08-01;1095;359;449961;378863;69.5;58.5
17;2021-08-02;4623;4390;454584;383253;70.3;59.2
17;2021-08-03;5765;4164;460349;387417;71.1;59.9
17;2021-08-04;6200;3376;466549;390793;72.1;60.4
17;2021-08-05;6386;3150;472935;393943;73.1;60.9
17;2021-08-06;5890;3603;478825;397546;74.0;61.4
17;2021-08-07;1990;867;480815;398413;74.3;61.6
17;2021-08-08;977;219;481792;398632;74.5;61.6
17;2021-08-09;3922;3695;485714;402327;75.1;62.2
17;2021-08-10;5081;3490;490795;405817;75.8;62.7
17;2021-08-11;4917;3811;495712;409628;76.6;63.3
17;2021-08-12;4892;3958;500604;413586;77.4;63.9
17;2021-08-13;4521;4143;505125;417729;78.1;64.6
17;2021-08-14;1239;1381;506364;419110;78.3;64.8
17;2021-08-15;406;375;506770;419485;78.3;64.8
17;2021-08-16;2838;4066;509608;423551;78.8;65.5
17;2021-08-17;3048;4288;512656;427839;79.2;66.1
17;2021-08-18;2619;4548;515275;432387;79.6;66.8
17;2021-08-19;2722;4376;517997;436763;80.1;67.5
17;2021-08-20;2482;5025;520479;441788;80.4;68.3
17;2021-08-21;683;1355;521162;443143;80.5;68.5
17;2021-08-22;215;458;521377;443601;80.6;68.6
17;2021-08-23;1978;4953;523355;448554;80.9;69.3
17;2021-08-24;1936;5091;525291;453645;81.2;70.1
17;2021-08-25;1656;5505;526947;459150;81.4;71.0
17;2021-08-26;1598;5762;528545;464912;81.7;71.8
17;2021-08-27;1544;5951;530089;470863;81.9;72.8
17;2021-08-28;517;1454;530606;472317;82.0;73.0
17;2021-08-29;87;575;530693;472892;82.0;73.1
17;2021-08-30;1425;5111;532118;478003;82.2;73.9
17;2021-08-31;1325;5349;533443;483352;82.4;74.7
17;2021-09-01;1193;5114;534636;488466;82.6;75.5
17;2021-09-02;1134;4549;535770;493015;82.8;76.2
17;2021-09-03;1159;5333;536929;498348;83.0;77.0
17;2021-09-04;285;972;537214;499320;83.0;77.2
17;2021-09-05;53;138;537267;499458;83.0;77.2
17;2021-09-06;721;3727;537988;503185;83.1;77.8
17;2021-09-07;712;3269;538700;506454;83.3;78.3
17;2021-09-08;821;4146;539521;510600;83.4;78.9
17;2021-09-09;804;3193;540325;513793;83.5;79.4
17;2021-09-10;779;3950;541104;517743;83.6;80.0
17;2021-09-11;296;998;541400;518741;83.7;80.2
17;2021-09-12;0;23;541400;518764;83.7;80.2
18;2020-12-27;0;0;0;0;0.0;0.0
18;2020-12-28;0;0;0;0;0.0;0.0
18;2020-12-29;0;0;0;0;0.0;0.0
18;2020-12-30;1;0;1;0;0.0;0.0
18;2020-12-31;0;0;1;0;0.0;0.0
18;2021-01-01;0;0;1;0;0.0;0.0
18;2021-01-02;0;0;1;0;0.0;0.0
18;2021-01-03;0;0;1;0;0.0;0.0
18;2021-01-04;3;0;4;0;0.0;0.0
18;2021-01-05;0;0;4;0;0.0;0.0
18;2021-01-06;1;0;5;0;0.0;0.0
18;2021-01-07;30;1;35;1;0.0;0.0
18;2021-01-08;65;0;100;1;0.0;0.0
18;2021-01-09;225;0;325;1;0.1;0.0
18;2021-01-10;146;0;471;1;0.2;0.0
18;2021-01-11;170;1;641;2;0.2;0.0
18;2021-01-12;372;0;1013;2;0.3;0.0
18;2021-01-13;270;1;1283;3;0.4;0.0
18;2021-01-14;269;2;1552;5;0.5;0.0
18;2021-01-15;332;2;1884;7;0.6;0.0
18;2021-01-16;288;2;2172;9;0.7;0.0
18;2021-01-17;1;0;2173;9;0.7;0.0
18;2021-01-18;291;0;2464;9;0.8;0.0
18;2021-01-19;1374;2;3838;11;1.3;0.0
18;2021-01-20;1239;2;5077;13;1.7;0.0
18;2021-01-21;965;0;6042;13;2.0;0.0
18;2021-01-22;780;2;6822;15;2.3;0.0
18;2021-01-23;249;2;7071;17;2.4;0.0
18;2021-01-24;0;0;7071;17;2.4;0.0
18;2021-01-25;509;0;7580;17;2.6;0.0
18;2021-01-26;395;1;7975;18;2.7;0.0
18;2021-01-27;390;2;8365;20;2.8;0.0
18;2021-01-28;566;8;8931;28;3.0;0.0
18;2021-01-29;491;72;9422;100;3.2;0.0
18;2021-01-30;432;137;9854;237;3.3;0.1
18;2021-01-31;82;99;9936;336;3.4;0.1
18;2021-02-01;328;121;10264;457;3.5;0.2
18;2021-02-02;507;229;10771;686;3.6;0.2
18;2021-02-03;398;202;11169;888;3.8;0.3
18;2021-02-04;630;226;11799;1114;4.0;0.4
18;2021-02-05;448;184;12247;1298;4.1;0.4
18;2021-02-06;283;89;12530;1387;4.2;0.5
18;2021-02-07;108;1;12638;1388;4.3;0.5
18;2021-02-08;268;193;12906;1581;4.4;0.5
18;2021-02-09;583;763;13489;2344;4.6;0.8
18;2021-02-10;741;669;14230;3013;4.8;1.0
18;2021-02-11;655;423;14885;3436;5.0;1.2
18;2021-02-12;502;310;15387;3746;5.2;1.3
18;2021-02-13;286;108;15673;3854;5.3;1.3
18;2021-02-14;364;97;16037;3951;5.4;1.3
18;2021-02-15;378;317;16415;4268;5.5;1.4
18;2021-02-16;399;336;16814;4604;5.7;1.6
18;2021-02-17;403;396;17217;5000;5.8;1.7
18;2021-02-18;344;468;17561;5468;5.9;1.8
18;2021-02-19;472;254;18033;5722;6.1;1.9
18;2021-02-20;721;198;18754;5920;6.3;2.0
18;2021-02-21;316;4;19070;5924;6.4;2.0
18;2021-02-22;217;304;19287;6228;6.5;2.1
18;2021-02-23;204;275;19491;6503;6.6;2.2
18;2021-02-24;241;212;19732;6715;6.7;2.3
18;2021-02-25;293;461;20025;7176;6.8;2.4
18;2021-02-26;582;199;20607;7375;7.0;2.5
18;2021-02-27;510;353;21117;7728;7.1;2.6
18;2021-02-28;7;68;21124;7796;7.1;2.6
18;2021-03-01;236;359;21360;8155;7.2;2.8
18;2021-03-02;284;474;21644;8629;7.3;2.9
18;2021-03-03;346;541;21990;9170;7.4;3.1
18;2021-03-04;475;528;22465;9698;7.6;3.3
18;2021-03-05;524;340;22989;10038;7.8;3.4
18;2021-03-06;1071;318;24060;10356;8.1;3.5
18;2021-03-07;7;131;24067;10487;8.1;3.5
18;2021-03-08;335;325;24402;10812;8.2;3.6
18;2021-03-09;410;338;24812;11150;8.4;3.8
18;2021-03-10;422;431;25234;11581;8.5;3.9
18;2021-03-11;518;400;25752;11981;8.7;4.0
18;2021-03-12;704;295;26456;12276;8.9;4.1
18;2021-03-13;1164;243;27620;12519;9.3;4.2
18;2021-03-14;301;214;27921;12733;9.4;4.3
18;2021-03-15;492;368;28413;13101;9.6;4.4
18;2021-03-16;392;308;28805;13409;9.7;4.5
18;2021-03-17;383;409;29188;13818;9.8;4.7
18;2021-03-18;512;221;29700;14039;10.0;4.7
18;2021-03-19;755;222;30455;14261;10.3;4.8
18;2021-03-20;986;616;31441;14877;10.6;5.0
18;2021-03-21;308;305;31749;15182;10.7;5.1
18;2021-03-22;603;292;32352;15474;10.9;5.2
18;2021-03-23;706;290;33058;15764;11.2;5.3
18;2021-03-24;1051;295;34109;16059;11.5;5.4
18;2021-03-25;1049;300;35158;16359;11.9;5.5
18;2021-03-26;1210;348;36368;16707;12.3;5.6
18;2021-03-27;1489;318;37857;17025;12.8;5.7
18;2021-03-28;215;0;38072;17025;12.8;5.7
18;2021-03-29;1102;197;39174;17222;13.2;5.8
18;2021-03-30;1084;302;40258;17524;13.6;5.9
18;2021-03-31;1305;253;41563;17777;14.0;6.0
18;2021-04-01;1377;347;42940;18124;14.5;6.1
18;2021-04-02;1229;311;44169;18435;14.9;6.2
18;2021-04-03;581;181;44750;18616;15.1;6.3
18;2021-04-04;71;5;44821;18621;15.1;6.3
18;2021-04-05;199;0;45020;18621;15.2;6.3
18;2021-04-06;1027;352;46047;18973;15.5;6.4
18;2021-04-07;1322;363;47369;19336;16.0;6.5
18;2021-04-08;1692;347;49061;19683;16.6;6.6
18;2021-04-09;1833;281;50894;19964;17.2;6.7
18;2021-04-10;2633;652;53527;20616;18.1;7.0
18;2021-04-11;1986;317;55513;20933;18.7;7.1
18;2021-04-12;1401;404;56914;21337;19.2;7.2
18;2021-04-13;1784;469;58698;21806;19.8;7.4
18;2021-04-14;1378;517;60076;22323;20.3;7.5
18;2021-04-15;1532;527;61608;22850;20.8;7.7
18;2021-04-16;1614;592;63222;23442;21.3;7.9
18;2021-04-17;1599;518;64821;23960;21.9;8.1
18;2021-04-18;377;232;65198;24192;22.0;8.2
18;2021-04-19;1317;594;66515;24786;22.4;8.4
18;2021-04-20;1446;713;67961;25499;22.9;8.6
18;2021-04-21;1270;909;69231;26408;23.4;8.9
18;2021-04-22;1403;702;70634;27110;23.8;9.1
18;2021-04-23;1387;734;72021;27844;24.3;9.4
18;2021-04-24;1355;1273;73376;29117;24.8;9.8
18;2021-04-25;288;217;73664;29334;24.9;9.9
18;2021-04-26;1204;955;74868;30289;25.3;10.2
18;2021-04-27;1545;764;76413;31053;25.8;10.5
18;2021-04-28;1359;876;77772;31929;26.2;10.8
18;2021-04-29;1850;734;79622;32663;26.9;11.0
18;2021-04-30;1570;997;81192;33660;27.4;11.4
18;2021-05-01;788;210;81980;33870;27.7;11.4
18;2021-05-02;806;60;82786;33930;27.9;11.4
18;2021-05-03;1627;1012;84413;34942;28.5;11.8
18;2021-05-04;1730;1283;86143;36225;29.1;12.2
18;2021-05-05;1735;1215;87878;37440;29.6;12.6
18;2021-05-06;2163;1361;90041;38801;30.4;13.1
18;2021-05-07;1234;1400;91275;40201;30.8;13.6
18;2021-05-08;994;1464;92269;41665;31.1;14.1
18;2021-05-09;500;2258;92769;43923;31.3;14.8
18;2021-05-10;1157;1508;93926;45431;31.7;15.3
18;2021-05-11;1696;1748;95622;47179;32.3;15.9
18;2021-05-12;1808;1494;97430;48673;32.9;16.4
18;2021-05-13;1061;370;98491;49043;33.2;16.5
18;2021-05-14;1346;942;99837;49985;33.7;16.9
18;2021-05-15;1809;1164;101646;51149;34.3;17.3
18;2021-05-16;538;581;102184;51730;34.5;17.5
18;2021-05-17;1245;1091;103429;52821;34.9;17.8
18;2021-05-18;2147;933;105576;53754;35.6;18.1
18;2021-05-19;2162;919;107738;54673;36.3;18.4
18;2021-05-20;2277;984;110015;55657;37.1;18.8
18;2021-05-21;1497;764;111512;56421;37.6;19.0
18;2021-05-22;1724;1073;113236;57494;38.2;19.4
18;2021-05-23;485;335;113721;57829;38.4;19.5
18;2021-05-24;462;292;114183;58121;38.5;19.6
18;2021-05-25;1842;1061;116025;59182;39.1;20.0
18;2021-05-26;2154;844;118179;60026;39.9;20.3
18;2021-05-27;2209;1230;120388;61256;40.6;20.7
18;2021-05-28;1713;1306;122101;62562;41.2;21.1
18;2021-05-29;2621;1661;124722;64223;42.1;21.7
18;2021-05-30;1484;504;126206;64727;42.6;21.8
18;2021-05-31;1786;692;127992;65419;43.2;22.1
18;2021-06-01;2040;949;130032;66368;43.9;22.4
18;2021-06-02;2010;1015;132042;67383;44.5;22.7
18;2021-06-03;2283;1200;134325;68583;45.3;23.1
18;2021-06-04;1913;1121;136238;69704;46.0;23.5
18;2021-06-05;2802;1446;139040;71150;46.9;24.0
18;2021-06-06;365;381;139405;71531;47.0;24.1
18;2021-06-07;1296;1233;140701;72764;47.5;24.5
18;2021-06-08;1490;1394;142191;74158;48.0;25.0
18;2021-06-09;1329;1067;143520;75225;48.4;25.4
18;2021-06-10;1631;1407;145151;76632;49.0;25.9
18;2021-06-11;1496;1404;146647;78036;49.5;26.3
18;2021-06-12;1245;2511;147892;80547;49.9;27.2
18;2021-06-13;126;261;148018;80808;49.9;27.3
18;2021-06-14;656;1828;148674;82636;50.2;27.9
18;2021-06-15;1093;1822;149767;84458;50.5;28.5
18;2021-06-16;1258;1441;151025;85899;51.0;29.0
18;2021-06-17;1205;1671;152230;87570;51.4;29.5
18;2021-06-18;1292;1665;153522;89235;51.8;30.1
18;2021-06-19;1564;1251;155086;90486;52.3;30.5
18;2021-06-20;246;159;155332;90645;52.4;30.6
18;2021-06-21;665;1602;155997;92247;52.6;31.1
18;2021-06-22;1068;1644;157065;93891;53.0;31.7
18;2021-06-23;944;1642;158009;95533;53.3;32.2
18;2021-06-24;1032;1062;159041;96595;53.7;32.6
18;2021-06-25;893;1745;159934;98340;54.0;33.2
18;2021-06-26;1098;1473;161032;99813;54.3;33.7
18;2021-06-27;31;372;161063;100185;54.3;33.8
18;2021-06-28;423;1923;161486;102108;54.5;34.4
18;2021-06-29;595;2377;162081;104485;54.7;35.3
18;2021-06-30;600;2544;162681;107029;54.9;36.1
18;2021-07-01;962;2155;163643;109184;55.2;36.8
18;2021-07-02;615;1686;164258;110870;55.4;37.4
18;2021-07-03;755;2574;165013;113444;55.7;38.3
18;2021-07-04;164;1032;165177;114476;55.7;38.6
18;2021-07-05;765;1877;165942;116353;56.0;39.3
18;2021-07-06;560;2302;166502;118655;56.2;40.0
18;2021-07-07;767;2115;167269;120770;56.4;40.7
18;2021-07-08;1031;1984;168300;122754;56.8;41.4
18;2021-07-09;704;2307;169004;125061;57.0;42.2
18;2021-07-10;781;3173;169785;128234;57.3;43.3
18;2021-07-11;82;665;169867;128899;57.3;43.5
18;2021-07-12;223;2253;170090;131152;57.4;44.2
18;2021-07-13;619;2905;170709;134057;57.6;45.2
18;2021-07-14;194;936;170903;134993;57.7;45.5
18;2021-07-15;1396;2816;172299;137809;58.1;46.5
18;2021-07-16;1185;2122;173484;139931;58.5;47.2
18;2021-07-17;1130;2471;174614;142402;58.9;48.0
18;2021-07-18;229;332;174843;142734;59.0;48.2
18;2021-07-19;1056;1658;175899;144392;59.3;48.7
18;2021-07-20;1625;2268;177524;146660;59.9;49.5
18;2021-07-21;1902;2062;179426;148722;60.5;50.2
18;2021-07-22;2214;1900;181640;150622;61.3;50.8
18;2021-07-23;1399;1612;183039;152234;61.8;51.4
18;2021-07-24;891;1532;183930;153766;62.1;51.9
18;2021-07-25;192;396;184122;154162;62.1;52.0
18;2021-07-26;1399;1503;185521;155665;62.6;52.5
18;2021-07-27;1825;1535;187346;157200;63.2;53.0
18;2021-07-28;2199;1796;189545;158996;63.9;53.6
18;2021-07-29;2142;1817;191687;160813;64.7;54.3
18;2021-07-30;1586;1343;193273;162156;65.2;54.7
18;2021-07-31;1237;1281;194510;163437;65.6;55.1
18;2021-08-01;90;34;194600;163471;65.7;55.2
18;2021-08-02;1410;766;196010;164237;66.1;55.4
18;2021-08-03;1719;1627;197729;165864;66.7;56.0
18;2021-08-04;2439;1102;200168;166966;67.5;56.3
18;2021-08-05;1529;1247;201697;168213;68.0;56.8
18;2021-08-06;1582;1140;203279;169353;68.6;57.1
18;2021-08-07;609;763;203888;170116;68.8;57.4
18;2021-08-08;49;60;203937;170176;68.8;57.4
18;2021-08-09;1105;875;205042;171051;69.2;57.7
18;2021-08-10;1207;1511;206249;172562;69.6;58.2
18;2021-08-11;1608;1505;207857;174067;70.1;58.7
18;2021-08-12;1553;1595;209410;175662;70.7;59.3
18;2021-08-13;1087;1171;210497;176833;71.0;59.7
18;2021-08-14;759;603;211256;177436;71.3;59.9
18;2021-08-15;35;17;211291;177453;71.3;59.9
18;2021-08-16;829;1202;212120;178655;71.6;60.3
18;2021-08-17;979;1997;213099;180652;71.9;60.9
18;2021-08-18;1156;1958;214255;182610;72.3;61.6
18;2021-08-19;1097;1612;215352;184222;72.7;62.2
18;2021-08-20;910;1756;216262;185978;73.0;62.7
18;2021-08-21;420;705;216682;186683;73.1;63.0
18;2021-08-22;21;73;216703;186756;73.1;63.0
18;2021-08-23;484;1681;217187;188437;73.3;63.6
18;2021-08-24;900;1493;218087;189930;73.6;64.1
18;2021-08-25;838;1864;218925;191794;73.9;64.7
18;2021-08-26;769;1530;219694;193324;74.1;65.2
18;2021-08-27;572;1995;220266;195319;74.3;65.9
18;2021-08-28;501;870;220767;196189;74.5;66.2
18;2021-08-29;91;176;220858;196365;74.5;66.2
18;2021-08-30;526;1442;221384;197807;74.7;66.7
18;2021-08-31;503;1441;221887;199248;74.9;67.2
18;2021-09-01;577;1643;222464;200891;75.1;67.8
18;2021-09-02;397;1268;222861;202159;75.2;68.2
18;2021-09-03;452;1304;223313;203463;75.3;68.6
18;2021-09-04;356;807;223669;204270;75.5;68.9
18;2021-09-05;29;80;223698;204350;75.5;68.9
18;2021-09-06;278;1090;223976;205440;75.6;69.3
18;2021-09-07;279;989;224255;206429;75.7;69.6
18;2021-09-08;400;1137;224655;207566;75.8;70.0
18;2021-09-09;352;1145;225007;208711;75.9;70.4
18;2021-09-10;405;1088;225412;209799;76.0;70.8
18;2021-09-11;262;866;225674;210665;76.1;71.1
18;2021-09-12;8;32;225682;210697;76.1;71.1
19;2020-12-27;0;0;0;0;0.0;0.0
19;2020-12-28;0;0;0;0;0.0;0.0
19;2020-12-29;1;0;1;0;0.0;0.0
19;2020-12-30;0;0;1;0;0.0;0.0
19;2020-12-31;0;0;1;0;0.0;0.0
19;2021-01-01;0;0;1;0;0.0;0.0
19;2021-01-02;0;0;1;0;0.0;0.0
19;2021-01-03;0;0;1;0;0.0;0.0
19;2021-01-04;0;0;1;0;0.0;0.0
19;2021-01-05;0;0;1;0;0.0;0.0
19;2021-01-06;0;0;1;0;0.0;0.0
19;2021-01-07;344;1;345;1;0.1;0.0
19;2021-01-08;247;1;592;2;0.2;0.0
19;2021-01-09;1;0;593;2;0.2;0.0
19;2021-01-10;1;0;594;2;0.2;0.0
19;2021-01-11;38;0;632;2;0.3;0.0
19;2021-01-12;415;1;1047;3;0.4;0.0
19;2021-01-13;425;3;1472;6;0.6;0.0
19;2021-01-14;475;1;1947;7;0.8;0.0
19;2021-01-15;226;0;2173;7;0.9;0.0
19;2021-01-16;0;0;2173;7;0.9;0.0
19;2021-01-17;1;0;2174;7;0.9;0.0
19;2021-01-18;251;2;2425;9;1.0;0.0
19;2021-01-19;519;0;2944;9;1.2;0.0
19;2021-01-20;922;5;3866;14;1.6;0.0
19;2021-01-21;507;4;4373;18;1.8;0.0
19;2021-01-22;1315;4;5688;22;2.4;0.0
19;2021-01-23;281;0;5969;22;2.5;0.0
19;2021-01-24;37;0;6006;22;2.5;0.0
19;2021-01-25;233;0;6239;22;2.6;0.0
19;2021-01-26;607;3;6846;25;2.8;0.0
19;2021-01-27;334;3;7180;28;3.0;0.0
19;2021-01-28;297;155;7477;183;3.1;0.1
19;2021-01-29;348;54;7825;237;3.3;0.1
19;2021-01-30;130;24;7955;261;3.3;0.1
19;2021-01-31;42;0;7997;261;3.3;0.1
19;2021-02-01;158;94;8155;355;3.4;0.1
19;2021-02-02;303;425;8458;780;3.5;0.3
19;2021-02-03;285;237;8743;1017;3.6;0.4
19;2021-02-04;255;366;8998;1383;3.7;0.6
19;2021-02-05;311;75;9309;1458;3.9;0.6
19;2021-02-06;213;2;9522;1460;4.0;0.6
19;2021-02-07;48;2;9570;1462;4.0;0.6
19;2021-02-08;177;118;9747;1580;4.1;0.7
19;2021-02-09;333;253;10080;1833;4.2;0.8
19;2021-02-10;517;279;10597;2112;4.4;0.9
19;2021-02-11;412;301;11009;2413;4.6;1.0
19;2021-02-12;798;1142;11807;3555;4.9;1.5
19;2021-02-13;352;141;12159;3696;5.1;1.5
19;2021-02-14;98;7;12257;3703;5.1;1.5
19;2021-02-15;200;216;12457;3919;5.2;1.6
19;2021-02-16;386;154;12843;4073;5.3;1.7
19;2021-02-17;306;398;13149;4471;5.5;1.9
19;2021-02-18;174;428;13323;4899;5.5;2.0
19;2021-02-19;469;264;13792;5163;5.7;2.1
19;2021-02-20;133;164;13925;5327;5.8;2.2
19;2021-02-21;20;36;13945;5363;5.8;2.2
19;2021-02-22;221;193;14166;5556;5.9;2.3
19;2021-02-23;268;316;14434;5872;6.0;2.4
19;2021-02-24;361;182;14795;6054;6.2;2.5
19;2021-02-25;519;345;15314;6399;6.4;2.7
19;2021-02-26;395;274;15709;6673;6.5;2.8
19;2021-02-27;348;138;16057;6811;6.7;2.8
19;2021-02-28;68;33;16125;6844;6.7;2.8
19;2021-03-01;266;204;16391;7048;6.8;2.9
19;2021-03-02;428;234;16819;7282;7.0;3.0
19;2021-03-03;692;314;17511;7596;7.3;3.2
19;2021-03-04;826;325;18337;7921;7.6;3.3
19;2021-03-05;891;690;19228;8611;8.0;3.6
19;2021-03-06;1073;176;20301;8787;8.4;3.7
19;2021-03-07;463;35;20764;8822;8.6;3.7
19;2021-03-08;639;141;21403;8963;8.9;3.7
19;2021-03-09;836;236;22239;9199;9.3;3.8
19;2021-03-10;1155;293;23394;9492;9.7;3.9
19;2021-03-11;1274;301;24668;9793;10.3;4.1
19;2021-03-12;1136;389;25804;10182;10.7;4.2
19;2021-03-13;1111;161;26915;10343;11.2;4.3
19;2021-03-14;160;83;27075;10426;11.3;4.3
19;2021-03-15;699;132;27774;10558;11.6;4.4
19;2021-03-16;688;298;28462;10856;11.8;4.5
19;2021-03-17;839;278;29301;11134;12.2;4.6
19;2021-03-18;767;282;30068;11416;12.5;4.8
19;2021-03-19;1014;483;31082;11899;12.9;5.0
19;2021-03-20;783;131;31865;12030;13.3;5.0
19;2021-03-21;128;3;31993;12033;13.3;5.0
19;2021-03-22;548;174;32541;12207;13.5;5.1
19;2021-03-23;1045;230;33586;12437;14.0;5.2
19;2021-03-24;1171;372;34757;12809;14.5;5.3
19;2021-03-25;1189;405;35946;13214;15.0;5.5
19;2021-03-26;1323;273;37269;13487;15.5;5.6
19;2021-03-27;854;186;38123;13673;15.9;5.7
19;2021-03-28;63;60;38186;13733;15.9;5.7
19;2021-03-29;612;177;38798;13910;16.1;5.8
19;2021-03-30;971;344;39769;14254;16.5;5.9
19;2021-03-31;1157;491;40926;14745;17.0;6.1
19;2021-04-01;1491;425;42417;15170;17.6;6.3
19;2021-04-02;1008;522;43425;15692;18.1;6.5
19;2021-04-03;597;282;44022;15974;18.3;6.6
19;2021-04-04;130;3;44152;15977;18.4;6.6
19;2021-04-05;40;75;44192;16052;18.4;6.7
19;2021-04-06;735;602;44927;16654;18.7;6.9
19;2021-04-07;978;732;45905;17386;19.1;7.2
19;2021-04-08;1116;1016;47021;18402;19.6;7.7
19;2021-04-09;1642;615;48663;19017;20.2;7.9
19;2021-04-10;946;556;49609;19573;20.6;8.1
19;2021-04-11;558;74;50167;19647;20.9;8.2
19;2021-04-12;681;521;50848;20168;21.2;8.4
19;2021-04-13;915;575;51763;20743;21.5;8.6
19;2021-04-14;1333;847;53096;21590;22.1;9.0
19;2021-04-15;1229;873;54325;22463;22.6;9.3
19;2021-04-16;1505;819;55830;23282;23.2;9.7
19;2021-04-17;762;478;56592;23760;23.5;9.9
19;2021-04-18;661;69;57253;23829;23.8;9.9
19;2021-04-19;730;440;57983;24269;24.1;10.1
19;2021-04-20;979;748;58962;25017;24.5;10.4
19;2021-04-21;1271;700;60233;25717;25.1;10.7
19;2021-04-22;1189;898;61422;26615;25.6;11.1
19;2021-04-23;1129;1020;62551;27635;26.0;11.5
19;2021-04-24;679;676;63230;28311;26.3;11.8
19;2021-04-25;675;69;63905;28380;26.6;11.8
19;2021-04-26;1056;331;64961;28711;27.0;11.9
19;2021-04-27;1028;568;65989;29279;27.5;12.2
19;2021-04-28;1553;555;67542;29834;28.1;12.4
19;2021-04-29;1453;1181;68995;31015;28.7;12.9
19;2021-04-30;1876;1057;70871;32072;29.5;13.3
19;2021-05-01;671;170;71542;32242;29.8;13.4
19;2021-05-02;550;152;72092;32394;30.0;13.5
19;2021-05-03;854;547;72946;32941;30.4;13.7
19;2021-05-04;1025;707;73971;33648;30.8;14.0
19;2021-05-05;1255;741;75226;34389;31.3;14.3
19;2021-05-06;1127;1195;76353;35584;31.8;14.8
19;2021-05-07;1664;1189;78017;36773;32.5;15.3
19;2021-05-08;712;205;78729;36978;32.8;15.4
19;2021-05-09;487;546;79216;37524;33.0;15.6
19;2021-05-10;1164;664;80380;38188;33.4;15.9
19;2021-05-11;1640;856;82020;39044;34.1;16.2
19;2021-05-12;1945;1315;83965;40359;34.9;16.8
19;2021-05-13;571;242;84536;40601;35.2;16.9
19;2021-05-14;1646;988;86182;41589;35.9;17.3
19;2021-05-15;1443;592;87625;42181;36.5;17.6
19;2021-05-16;350;82;87975;42263;36.6;17.6
19;2021-05-17;1498;559;89473;42822;37.2;17.8
19;2021-05-18;1670;497;91143;43319;37.9;18.0
19;2021-05-19;2009;826;93152;44145;38.8;18.4
19;2021-05-20;1722;890;94874;45035;39.5;18.7
19;2021-05-21;1965;814;96839;45849;40.3;19.1
19;2021-05-22;1272;652;98111;46501;40.8;19.3
19;2021-05-23;324;131;98435;46632;41.0;19.4
19;2021-05-24;139;46;98574;46678;41.0;19.4
19;2021-05-25;1502;492;100076;47170;41.6;19.6
19;2021-05-26;1926;666;102002;47836;42.4;19.9
19;2021-05-27;1786;834;103788;48670;43.2;20.3
19;2021-05-28;1937;991;105725;49661;44.0;20.7
19;2021-05-29;1375;705;107100;50366;44.6;21.0
19;2021-05-30;191;495;107291;50861;44.6;21.2
19;2021-05-31;1199;537;108490;51398;45.1;21.4
19;2021-06-01;1285;886;109775;52284;45.7;21.8
19;2021-06-02;1817;951;111592;53235;46.4;22.2
19;2021-06-03;1447;1248;113039;54483;47.0;22.7
19;2021-06-04;1848;1349;114887;55832;47.8;23.2
19;2021-06-05;1210;815;116097;56647;48.3;23.6
19;2021-06-06;87;648;116184;57295;48.3;23.8
19;2021-06-07;922;934;117106;58229;48.7;24.2
19;2021-06-08;1104;907;118210;59136;49.2;24.6
19;2021-06-09;1330;1460;119540;60596;49.7;25.2
19;2021-06-10;1284;1581;120824;62177;50.3;25.9
19;2021-06-11;1315;1917;122139;64094;50.8;26.7
19;2021-06-12;1357;1316;123496;65410;51.4;27.2
19;2021-06-13;543;424;124039;65834;51.6;27.4
19;2021-06-14;736;1016;124775;66850;51.9;27.8
19;2021-06-15;979;1143;125754;67993;52.3;28.3
19;2021-06-16;1222;1363;126976;69356;52.8;28.9
19;2021-06-17;869;1789;127845;71145;53.2;29.6
19;2021-06-18;1057;2136;128902;73281;53.6;30.5
19;2021-06-19;919;1302;129821;74583;54.0;31.0
19;2021-06-20;395;327;130216;74910;54.2;31.2
19;2021-06-21;500;1075;130716;75985;54.4;31.6
19;2021-06-22;698;1490;131414;77475;54.7;32.2
19;2021-06-23;745;1988;132159;79463;55.0;33.1
19;2021-06-24;687;1663;132846;81126;55.3;33.8
19;2021-06-25;562;2216;133408;83342;55.5;34.7
19;2021-06-26;473;1741;133881;85083;55.7;35.4
19;2021-06-27;289;445;134170;85528;55.8;35.6
19;2021-06-28;315;1499;134485;87027;56.0;36.2
19;2021-06-29;354;1894;134839;88921;56.1;37.0
19;2021-06-30;795;2153;135634;91074;56.4;37.9
19;2021-07-01;361;2321;135995;93395;56.6;38.9
19;2021-07-02;781;2317;136776;95712;56.9;39.8
19;2021-07-03;513;1744;137289;97456;57.1;40.5
19;2021-07-04;1;73;137290;97529;57.1;40.6
19;2021-07-05;600;1015;137890;98544;57.4;41.0
19;2021-07-06;505;1539;138395;100083;57.6;41.6
19;2021-07-07;706;2046;139101;102129;57.9;42.5
19;2021-07-08;770;2149;139871;104278;58.2;43.4
19;2021-07-09;716;2659;140587;106937;58.5;44.5
19;2021-07-10;587;1706;141174;108643;58.7;45.2
19;2021-07-11;45;212;141219;108855;58.8;45.3
19;2021-07-12;447;1488;141666;110343;58.9;45.9
19;2021-07-13;687;1829;142353;112172;59.2;46.7
19;2021-07-14;202;272;142555;112444;59.3;46.8
19;2021-07-15;870;2051;143425;114495;59.7;47.6
19;2021-07-16;1230;2445;144655;116940;60.2;48.7
19;2021-07-17;703;1718;145358;118658;60.5;49.4
19;2021-07-18;365;673;145723;119331;60.6;49.7
19;2021-07-19;969;1402;146692;120733;61.0;50.2
19;2021-07-20;967;1674;147659;122407;61.4;50.9
19;2021-07-21;1083;1711;148742;124118;61.9;51.6
19;2021-07-22;1393;1854;150135;125972;62.5;52.4
19;2021-07-23;1785;1996;151920;127968;63.2;53.2
19;2021-07-24;907;1755;152827;129723;63.6;54.0
19;2021-07-25;165;513;152992;130236;63.7;54.2
19;2021-07-26;911;911;153903;131147;64.0;54.6
19;2021-07-27;1424;1115;155327;132262;64.6;55.0
19;2021-07-28;2047;1222;157374;133484;65.5;55.5
19;2021-07-29;1623;1204;158997;134688;66.2;56.0
19;2021-07-30;1910;1027;160907;135715;67.0;56.5
19;2021-07-31;1129;1018;162036;136733;67.4;56.9
19;2021-08-01;347;372;162383;137105;67.6;57.0
19;2021-08-02;1147;809;163530;137914;68.0;57.4
19;2021-08-03;1450;1053;164980;138967;68.6;57.8
19;2021-08-04;1987;762;166967;139729;69.5;58.1
19;2021-08-05;1628;957;168595;140686;70.1;58.5
19;2021-08-06;1961;1214;170556;141900;71.0;59.0
19;2021-08-07;1334;998;171890;142898;71.5;59.5
19;2021-08-08;186;234;172076;143132;71.6;59.6
19;2021-08-09;1009;785;173085;143917;72.0;59.9
19;2021-08-10;1280;1011;174365;144928;72.6;60.3
19;2021-08-11;1356;1006;175721;145934;73.1;60.7
19;2021-08-12;1016;1276;176737;147210;73.5;61.3
19;2021-08-13;1179;1276;177916;148486;74.0;61.8
19;2021-08-14;980;1163;178896;149649;74.4;62.3
19;2021-08-15;30;54;178926;149703;74.4;62.3
19;2021-08-16;591;1029;179517;150732;74.7;62.7
19;2021-08-17;630;1167;180147;151899;75.0;63.2
19;2021-08-18;652;979;180799;152878;75.2;63.6
19;2021-08-19;436;1259;181235;154137;75.4;64.1
19;2021-08-20;864;1928;182099;156065;75.8;64.9
19;2021-08-21;494;1374;182593;157439;76.0;65.5
19;2021-08-22;52;93;182645;157532;76.0;65.5
19;2021-08-23;222;1157;182867;158689;76.1;66.0
19;2021-08-24;535;1318;183402;160007;76.3;66.6
19;2021-08-25;644;1557;184046;161564;76.6;67.2
19;2021-08-26;475;1463;184521;163027;76.8;67.8
19;2021-08-27;500;1689;185021;164716;77.0;68.5
19;2021-08-28;360;1277;185381;165993;77.1;69.1
19;2021-08-29;60;182;185441;166175;77.2;69.1
19;2021-08-30;224;1094;185665;167269;77.3;69.6
19;2021-08-31;322;1451;185987;168720;77.4;70.2
19;2021-09-01;355;1479;186342;170199;77.5;70.8
19;2021-09-02;345;1318;186687;171517;77.7;71.4
19;2021-09-03;407;1518;187094;173035;77.8;72.0
19;2021-09-04;301;1393;187395;174428;78.0;72.6
19;2021-09-05;32;245;187427;174673;78.0;72.7
19;2021-09-06;196;697;187623;175370;78.1;73.0
19;2021-09-07;228;822;187851;176192;78.2;73.3
19;2021-09-08;278;933;188129;177125;78.3;73.7
19;2021-09-09;254;617;188383;177742;78.4;74.0
19;2021-09-10;250;853;188633;178595;78.5;74.3
19;2021-09-11;291;1141;188924;179736;78.6;74.8
19;2021-09-12;42;151;188966;179887;78.6;74.8
21;2020-12-27;4;0;4;0;0.0;0.0
21;2020-12-28;2;0;6;0;0.0;0.0
21;2020-12-29;19;0;25;0;0.0;0.0
21;2020-12-30;22;0;47;0;0.0;0.0
21;2020-12-31;0;0;47;0;0.0;0.0
21;2021-01-01;0;0;47;0;0.0;0.0
21;2021-01-02;1;0;48;0;0.0;0.0
21;2021-01-03;1;0;49;0;0.0;0.0
21;2021-01-04;22;0;71;0;0.0;0.0
21;2021-01-05;250;2;321;2;0.1;0.0
21;2021-01-06;300;0;621;2;0.1;0.0
21;2021-01-07;387;0;1008;2;0.2;0.0
21;2021-01-08;455;2;1463;4;0.3;0.0
21;2021-01-09;252;0;1715;4;0.3;0.0
21;2021-01-10;2;0;1717;4;0.3;0.0
21;2021-01-11;624;1;2341;5;0.4;0.0
21;2021-01-12;655;0;2996;5;0.6;0.0
21;2021-01-13;705;2;3701;7;0.7;0.0
21;2021-01-14;1192;6;4893;13;0.9;0.0
21;2021-01-15;718;5;5611;18;1.1;0.0
21;2021-01-16;162;0;5773;18;1.1;0.0
21;2021-01-17;5;0;5778;18;1.1;0.0
21;2021-01-18;1318;4;7096;22;1.3;0.0
21;2021-01-19;1371;2;8467;24;1.6;0.0
21;2021-01-20;1297;45;9764;69;1.8;0.0
21;2021-01-21;1541;3;11305;72;2.1;0.0
21;2021-01-22;1245;5;12550;77;2.4;0.0
21;2021-01-23;487;0;13037;77;2.4;0.0
21;2021-01-24;124;0;13161;77;2.5;0.0
21;2021-01-25;927;18;14088;95;2.6;0.0
21;2021-01-26;1542;135;15630;230;2.9;0.0
21;2021-01-27;2058;147;17688;377;3.3;0.1
21;2021-01-28;1461;216;19149;593;3.6;0.1
21;2021-01-29;1023;209;20172;802;3.8;0.2
21;2021-01-30;470;27;20642;829;3.9;0.2
21;2021-01-31;97;3;20739;832;3.9;0.2
21;2021-02-01;453;280;21192;1112;4.0;0.2
21;2021-02-02;456;428;21648;1540;4.1;0.3
21;2021-02-03;443;272;22091;1812;4.1;0.3
21;2021-02-04;417;524;22508;2336;4.2;0.4
21;2021-02-05;490;449;22998;2785;4.3;0.5
21;2021-02-06;158;217;23156;3002;4.3;0.6
21;2021-02-07;2;2;23158;3004;4.3;0.6
21;2021-02-08;433;370;23591;3374;4.4;0.6
21;2021-02-09;514;474;24105;3848;4.5;0.7
21;2021-02-10;461;545;24566;4393;4.6;0.8
21;2021-02-11;485;717;25051;5110;4.7;1.0
21;2021-02-12;356;836;25407;5946;4.8;1.1
21;2021-02-13;361;251;25768;6197;4.8;1.2
21;2021-02-14;239;130;26007;6327;4.9;1.2
21;2021-02-15;120;1133;26127;7460;4.9;1.4
21;2021-02-16;207;1338;26334;8798;4.9;1.7
21;2021-02-17;402;1789;26736;10587;5.0;2.0
21;2021-02-18;604;1217;27340;11804;5.1;2.2
21;2021-02-19;217;1024;27557;12828;5.2;2.4
21;2021-02-20;121;344;27678;13172;5.2;2.5
21;2021-02-21;1;83;27679;13255;5.2;2.5
21;2021-02-22;83;676;27762;13931;5.2;2.6
21;2021-02-23;170;905;27932;14836;5.2;2.8
21;2021-02-24;225;623;28157;15459;5.3;2.9
21;2021-02-25;647;727;28804;16186;5.4;3.0
21;2021-02-26;926;615;29730;16801;5.6;3.2
21;2021-02-27;533;244;30263;17045;5.7;3.2
21;2021-02-28;24;113;30287;17158;5.7;3.2
21;2021-03-01;679;568;30966;17726;5.8;3.3
21;2021-03-02;1054;499;32020;18225;6.0;3.4
21;2021-03-03;1168;398;33188;18623;6.2;3.5
21;2021-03-04;1685;482;34873;19105;6.5;3.6
21;2021-03-05;2196;639;37069;19744;7.0;3.7
21;2021-03-06;1593;190;38662;19934;7.3;3.7
21;2021-03-07;4;15;38666;19949;7.3;3.7
21;2021-03-08;772;424;39438;20373;7.4;3.8
21;2021-03-09;1571;539;41009;20912;7.7;3.9
21;2021-03-10;1627;535;42636;21447;8.0;4.0
21;2021-03-11;2196;674;44832;22121;8.4;4.2
21;2021-03-12;2906;432;47738;22553;9.0;4.2
21;2021-03-13;1932;156;49670;22709;9.3;4.3
21;2021-03-14;38;43;49708;22752;9.3;4.3
21;2021-03-15;1414;86;51122;22838;9.6;4.3
21;2021-03-16;1885;150;53007;22988;9.9;4.3
21;2021-03-17;1809;113;54816;23101;10.3;4.3
21;2021-03-18;2128;261;56944;23362;10.7;4.4
21;2021-03-19;1964;148;58908;23510;11.1;4.4
21;2021-03-20;1228;37;60136;23547;11.3;4.4
21;2021-03-21;2;0;60138;23547;11.3;4.4
21;2021-03-22;1556;92;61694;23639;11.6;4.4
21;2021-03-23;2695;106;64389;23745;12.1;4.5
21;2021-03-24;2892;163;67281;23908;12.6;4.5
21;2021-03-25;3731;246;71012;24154;13.3;4.5
21;2021-03-26;3655;195;74667;24349;14.0;4.6
21;2021-03-27;1732;59;76399;24408;14.3;4.6
21;2021-03-28;200;38;76599;24446;14.4;4.6
21;2021-03-29;1789;513;78388;24959;14.7;4.7
21;2021-03-30;2348;797;80736;25756;15.2;4.8
21;2021-03-31;2717;645;83453;26401;15.7;5.0
21;2021-04-01;2693;719;86146;27120;16.2;5.1
21;2021-04-02;2249;740;88395;27860;16.6;5.2
21;2021-04-03;1018;280;89413;28140;16.8;5.3
21;2021-04-04;2;12;89415;28152;16.8;5.3
21;2021-04-05;9;0;89424;28152;16.8;5.3
21;2021-04-06;1360;1135;90784;29287;17.0;5.5
21;2021-04-07;1751;969;92535;30256;17.4;5.7
21;2021-04-08;3218;1144;95753;31400;18.0;5.9
21;2021-04-09;3481;1184;99234;32584;18.6;6.1
21;2021-04-10;1376;730;100610;33314;18.9;6.3
21;2021-04-11;145;3;100755;33317;18.9;6.3
21;2021-04-12;1117;1346;101872;34663;19.1;6.5
21;2021-04-13;1656;1781;103528;36444;19.4;6.8
21;2021-04-14;1484;1467;105012;37911;19.7;7.1
21;2021-04-15;1902;1592;106914;39503;20.1;7.4
21;2021-04-16;2322;1310;109236;40813;20.5;7.7
21;2021-04-17;1020;972;110256;41785;20.7;7.8
21;2021-04-18;15;4;110271;41789;20.7;7.8
21;2021-04-19;1110;1319;111381;43108;20.9;8.1
21;2021-04-20;1241;1834;112622;44942;21.1;8.4
21;2021-04-21;1095;1721;113717;46663;21.3;8.8
21;2021-04-22;1275;2212;114992;48875;21.6;9.2
21;2021-04-23;1984;1724;116976;50599;22.0;9.5
21;2021-04-24;1001;872;117977;51471;22.1;9.7
21;2021-04-25;9;167;117986;51638;22.1;9.7
21;2021-04-26;1013;1592;118999;53230;22.3;10.0
21;2021-04-27;1842;1934;120841;55164;22.7;10.4
21;2021-04-28;2230;2221;123071;57385;23.1;10.8
21;2021-04-29;3136;2257;126207;59642;23.7;11.2
21;2021-04-30;3561;1836;129768;61478;24.4;11.5
21;2021-05-01;962;225;130730;61703;24.5;11.6
21;2021-05-02;2;5;130732;61708;24.5;11.6
21;2021-05-03;2081;1349;132813;63057;24.9;11.8
21;2021-05-04;2577;1643;135390;64700;25.4;12.1
21;2021-05-05;2248;1691;137638;66391;25.8;12.5
21;2021-05-06;3015;2246;140653;68637;26.4;12.9
21;2021-05-07;2804;2170;143457;70807;26.9;13.3
21;2021-05-08;1068;271;144525;71078;27.1;13.3
21;2021-05-09;26;177;144551;71255;27.1;13.4
21;2021-05-10;3170;1730;147721;72985;27.7;13.7
21;2021-05-11;4923;2004;152644;74989;28.6;14.1
21;2021-05-12;4805;1746;157449;76735;29.5;14.4
21;2021-05-13;3846;368;161295;77103;30.3;14.5
21;2021-05-14;5202;1471;166497;78574;31.2;14.7
21;2021-05-15;3428;647;169925;79221;31.9;14.9
21;2021-05-16;49;4;169974;79225;31.9;14.9
21;2021-05-17;4128;1255;174102;80480;32.7;15.1
21;2021-05-18;4359;1503;178461;81983;33.5;15.4
21;2021-05-19;3470;1125;181931;83108;34.1;15.6
21;2021-05-20;3901;1357;185832;84465;34.9;15.9
21;2021-05-21;3626;2155;189458;86620;35.6;16.3
21;2021-05-22;1669;768;191127;87388;35.9;16.4
21;2021-05-23;4;17;191131;87405;35.9;16.4
21;2021-05-24;1816;266;192947;87671;36.2;16.5
21;2021-05-25;2649;1964;195596;89635;36.7;16.8
21;2021-05-26;2604;1997;198200;91632;37.2;17.2
21;2021-05-27;4014;2091;202214;93723;37.9;17.6
21;2021-05-28;3572;2813;205786;96536;38.6;18.1
21;2021-05-29;1931;1468;207717;98004;39.0;18.4
21;2021-05-30;98;13;207815;98017;39.0;18.4
21;2021-05-31;2503;1777;210318;99794;39.5;18.7
21;2021-06-01;3454;2251;213772;102045;40.1;19.1
21;2021-06-02;2618;1760;216390;103805;40.6;19.5
21;2021-06-03;3145;2075;219535;105880;41.2;19.9
21;2021-06-04;3284;2586;222819;108466;41.8;20.4
21;2021-06-05;2925;1654;225744;110120;42.4;20.7
21;2021-06-06;51;85;225795;110205;42.4;20.7
21;2021-06-07;4317;1345;230112;111550;43.2;20.9
21;2021-06-08;4941;2143;235053;113693;44.1;21.3
21;2021-06-09;4503;1625;239556;115318;45.0;21.6
21;2021-06-10;3935;2596;243491;117914;45.7;22.1
21;2021-06-11;4169;3098;247660;121012;46.5;22.7
21;2021-06-12;2198;1607;249858;122619;46.9;23.0
21;2021-06-13;29;11;249887;122630;46.9;23.0
21;2021-06-14;2199;2563;252086;125193;47.3;23.5
21;2021-06-15;2959;3090;255045;128283;47.9;24.1
21;2021-06-16;2854;2609;257899;130892;48.4;24.6
21;2021-06-17;3422;3043;261321;133935;49.0;25.1
21;2021-06-18;2427;3794;263748;137729;49.5;25.8
21;2021-06-19;2045;1865;265793;139594;49.9;26.2
21;2021-06-20;26;13;265819;139607;49.9;26.2
21;2021-06-21;1843;3408;267662;143015;50.2;26.8
21;2021-06-22;1885;5829;269547;148844;50.6;27.9
21;2021-06-23;2030;5013;271577;153857;51.0;28.9
21;2021-06-24;2367;4664;273944;158521;51.4;29.7
21;2021-06-25;1532;5897;275476;164418;51.7;30.9
21;2021-06-26;1441;3900;276917;168318;52.0;31.6
21;2021-06-27;18;125;276935;168443;52.0;31.6
21;2021-06-28;1397;4016;278332;172459;52.2;32.4
21;2021-06-29;1637;4178;279969;176637;52.5;33.1
21;2021-06-30;1569;3376;281538;180013;52.8;33.8
21;2021-07-01;1665;4150;283203;184163;53.1;34.6
21;2021-07-02;2179;4232;285382;188395;53.6;35.4
21;2021-07-03;1095;2101;286477;190496;53.8;35.7
21;2021-07-04;37;55;286514;190551;53.8;35.8
21;2021-07-05;1609;3626;288123;194177;54.1;36.4
21;2021-07-06;1348;3585;289471;197762;54.3;37.1
21;2021-07-07;1455;3241;290926;201003;54.6;37.7
21;2021-07-08;1881;4156;292807;205159;54.9;38.5
21;2021-07-09;2084;4349;294891;209508;55.3;39.3
21;2021-07-10;1089;2546;295980;212054;55.5;39.8
21;2021-07-11;21;74;296001;212128;55.5;39.8
21;2021-07-12;1658;3729;297659;215857;55.9;40.5
21;2021-07-13;2345;4889;300004;220746;56.3;41.4
21;2021-07-14;2873;2017;302877;222763;56.8;41.8
21;2021-07-15;3816;4552;306693;227315;57.6;42.7
21;2021-07-16;3889;5256;310582;232571;58.3;43.6
21;2021-07-17;2774;4170;313356;236741;58.8;44.4
21;2021-07-18;157;82;313513;236823;58.8;44.4
21;2021-07-19;2377;4626;315890;241449;59.3;45.3
21;2021-07-20;2760;5486;318650;246935;59.8;46.3
21;2021-07-21;2910;4789;321560;251724;60.3;47.2
21;2021-07-22;3025;4722;324585;256446;60.9;48.1
21;2021-07-23;4354;4894;328939;261340;61.7;49.0
21;2021-07-24;3037;3019;331976;264359;62.3;49.6
21;2021-07-25;68;40;332044;264399;62.3;49.6
21;2021-07-26;2664;3590;334708;267989;62.8;50.3
21;2021-07-27;3412;3776;338120;271765;63.5;51.0
21;2021-07-28;3575;3351;341695;275116;64.1;51.6
21;2021-07-29;4134;3364;345829;278480;64.9;52.3
21;2021-07-30;4622;3341;350451;281821;65.8;52.9
21;2021-07-31;3429;2378;353880;284199;66.4;53.3
21;2021-08-01;330;57;354210;284256;66.5;53.3
21;2021-08-02;2541;3166;356751;287422;66.9;53.9
21;2021-08-03;2621;2763;359372;290185;67.4;54.5
21;2021-08-04;2367;2485;361739;292670;67.9;54.9
21;2021-08-05;2216;3077;363955;295747;68.3;55.5
21;2021-08-06;2589;3307;366544;299054;68.8;56.1
21;2021-08-07;1904;2659;368448;301713;69.1;56.6
21;2021-08-08;74;69;368522;301782;69.2;56.6
21;2021-08-09;1651;2929;370173;304711;69.5;57.2
21;2021-08-10;1410;2714;371583;307425;69.7;57.7
21;2021-08-11;1665;2446;373248;309871;70.0;58.1
21;2021-08-12;1170;2417;374418;312288;70.3;58.6
21;2021-08-13;1516;2746;375934;315034;70.5;59.1
21;2021-08-14;854;2437;376788;317471;70.7;59.6
21;2021-08-15;51;64;376839;317535;70.7;59.6
21;2021-08-16;1392;2820;378231;320355;71.0;60.1
21;2021-08-17;1203;2776;379434;323131;71.2;60.6
21;2021-08-18;1026;2871;380460;326002;71.4;61.2
21;2021-08-19;953;3068;381413;329070;71.6;61.8
21;2021-08-20;1053;4192;382466;333262;71.8;62.5
21;2021-08-21;840;3140;383306;336402;71.9;63.1
21;2021-08-22;32;116;383338;336518;71.9;63.2
21;2021-08-23;915;3214;384253;339732;72.1;63.8
21;2021-08-24;966;2875;385219;342607;72.3;64.3
21;2021-08-25;860;2548;386079;345155;72.5;64.8
21;2021-08-26;711;2419;386790;347574;72.6;65.2
21;2021-08-27;1024;3384;387814;350958;72.8;65.9
21;2021-08-28;704;2753;388518;353711;72.9;66.4
21;2021-08-29;43;215;388561;353926;72.9;66.4
21;2021-08-30;772;2257;389333;356183;73.1;66.8
21;2021-08-31;935;2099;390268;358282;73.2;67.2
21;2021-09-01;613;1777;390881;360059;73.4;67.6
21;2021-09-02;541;1458;391422;361517;73.5;67.8
21;2021-09-03;782;2030;392204;363547;73.6;68.2
21;2021-09-04;749;1671;392953;365218;73.7;68.5
21;2021-09-05;69;107;393022;365325;73.8;68.6
21;2021-09-06;402;1470;393424;366795;73.8;68.8
21;2021-09-07;382;1297;393806;368092;73.9;69.1
21;2021-09-08;546;1599;394352;369691;74.0;69.4
21;2021-09-09;395;1371;394747;371062;74.1;69.6
21;2021-09-10;640;1751;395387;372813;74.2;70.0
21;2021-09-11;466;1458;395853;374271;74.3;70.2
21;2021-09-12;17;34;395870;374305;74.3;70.2
22;2020-12-27;0;0;0;0;0.0;0.0
22;2020-12-28;0;0;0;0;0.0;0.0
22;2020-12-29;0;0;0;0;0.0;0.0
22;2020-12-30;0;0;0;0;0.0;0.0
22;2020-12-31;0;0;0;0;0.0;0.0
22;2021-01-01;0;0;0;0;0.0;0.0
22;2021-01-02;2;0;2;0;0.0;0.0
22;2021-01-03;0;0;2;0;0.0;0.0
22;2021-01-04;5;0;7;0;0.0;0.0
22;2021-01-05;61;0;68;0;0.0;0.0
22;2021-01-06;114;1;182;1;0.0;0.0
22;2021-01-07;67;0;249;1;0.0;0.0
22;2021-01-08;174;0;423;1;0.1;0.0
22;2021-01-09;1;0;424;1;0.1;0.0
22;2021-01-10;0;0;424;1;0.1;0.0
22;2021-01-11;234;3;658;4;0.1;0.0
22;2021-01-12;627;0;1285;4;0.2;0.0
22;2021-01-13;676;1;1961;5;0.3;0.0
22;2021-01-14;716;8;2677;13;0.4;0.0
22;2021-01-15;529;2;3206;15;0.5;0.0
22;2021-01-16;96;0;3302;15;0.6;0.0
22;2021-01-17;1;0;3303;15;0.6;0.0
22;2021-01-18;311;1;3614;16;0.6;0.0
22;2021-01-19;687;1;4301;17;0.7;0.0
22;2021-01-20;598;1;4899;18;0.8;0.0
22;2021-01-21;947;1;5846;19;1.0;0.0
22;2021-01-22;840;2;6686;21;1.1;0.0
22;2021-01-23;219;0;6905;21;1.2;0.0
22;2021-01-24;1;0;6906;21;1.2;0.0
22;2021-01-25;750;9;7656;30;1.3;0.0
22;2021-01-26;1017;59;8673;89;1.5;0.0
22;2021-01-27;3859;109;12532;198;2.1;0.0
22;2021-01-28;4511;83;17043;281;2.9;0.0
22;2021-01-29;1898;121;18941;402;3.2;0.1
22;2021-01-30;289;0;19230;402;3.2;0.1
22;2021-01-31;3;0;19233;402;3.2;0.1
22;2021-02-01;641;75;19874;477;3.3;0.1
22;2021-02-02;903;430;20777;907;3.5;0.2
22;2021-02-03;690;489;21467;1396;3.6;0.2
22;2021-02-04;965;615;22432;2011;3.8;0.3
22;2021-02-05;721;552;23153;2563;3.9;0.4
22;2021-02-06;253;0;23406;2563;3.9;0.4
22;2021-02-07;0;0;23406;2563;3.9;0.4
22;2021-02-08;531;117;23937;2680;4.0;0.4
22;2021-02-09;614;275;24551;2955;4.1;0.5
22;2021-02-10;425;184;24976;3139;4.2;0.5
22;2021-02-11;1086;309;26062;3448;4.4;0.6
22;2021-02-12;594;300;26656;3748;4.5;0.6
22;2021-02-13;319;71;26975;3819;4.5;0.6
22;2021-02-14;0;4;26975;3823;4.5;0.6
22;2021-02-15;672;376;27647;4199;4.6;0.7
22;2021-02-16;1042;622;28689;4821;4.8;0.8
22;2021-02-17;1202;2387;29891;7208;5.0;1.2
22;2021-02-18;2142;2906;32033;10114;5.4;1.7
22;2021-02-19;1637;1845;33670;11959;5.6;2.0
22;2021-02-20;480;175;34150;12134;5.7;2.0
22;2021-02-21;6;49;34156;12183;5.7;2.0
22;2021-02-22;403;603;34559;12786;5.8;2.1
22;2021-02-23;665;814;35224;13600;5.9;2.3
22;2021-02-24;695;814;35919;14414;6.0;2.4
22;2021-02-25;1200;1051;37119;15465;6.2;2.6
22;2021-02-26;1067;621;38186;16086;6.4;2.7
22;2021-02-27;564;233;38750;16319;6.5;2.7
22;2021-02-28;16;8;38766;16327;6.5;2.7
22;2021-03-01;958;467;39724;16794;6.7;2.8
22;2021-03-02;1206;773;40930;17567;6.9;2.9
22;2021-03-03;1325;773;42255;18340;7.1;3.1
22;2021-03-04;1600;827;43855;19167;7.4;3.2
22;2021-03-05;2108;719;45963;19886;7.7;3.3
22;2021-03-06;1114;259;47077;20145;7.9;3.4
22;2021-03-07;219;1;47296;20146;7.9;3.4
22;2021-03-08;1291;607;48587;20753;8.1;3.5
22;2021-03-09;1824;701;50411;21454;8.5;3.6
22;2021-03-10;1987;956;52398;22410;8.8;3.8
22;2021-03-11;2377;1622;54775;24032;9.2;4.0
22;2021-03-12;3102;944;57877;24976;9.7;4.2
22;2021-03-13;1721;286;59598;25262;10.0;4.2
22;2021-03-14;245;23;59843;25285;10.0;4.2
22;2021-03-15;1620;556;61463;25841;10.3;4.3
22;2021-03-16;1603;844;63066;26685;10.6;4.5
22;2021-03-17;2650;695;65716;27380;11.0;4.6
22;2021-03-18;2552;1103;68268;28483;11.5;4.8
22;2021-03-19;3282;793;71550;29276;12.0;4.9
22;2021-03-20;2208;282;73758;29558;12.4;5.0
22;2021-03-21;16;0;73774;29558;12.4;5.0
22;2021-03-22;2364;362;76138;29920;12.8;5.0
22;2021-03-23;3142;782;79280;30702;13.3;5.1
22;2021-03-24;3485;683;82765;31385;13.9;5.3
22;2021-03-25;3962;606;86727;31991;14.5;5.4
22;2021-03-26;4003;484;90730;32475;15.2;5.4
22;2021-03-27;2088;180;92818;32655;15.6;5.5
22;2021-03-28;67;1;92885;32656;15.6;5.5
22;2021-03-29;2766;908;95651;33564;16.0;5.6
22;2021-03-30;3568;1151;99219;34715;16.6;5.8
22;2021-03-31;3676;1082;102895;35797;17.3;6.0
22;2021-04-01;4944;1130;107839;36927;18.1;6.2
22;2021-04-02;4391;1035;112230;37962;18.8;6.4
22;2021-04-03;1997;403;114227;38365;19.2;6.4
22;2021-04-04;37;0;114264;38365;19.2;6.4
22;2021-04-05;15;0;114279;38365;19.2;6.4
22;2021-04-06;3291;1136;117570;39501;19.7;6.6
22;2021-04-07;3432;1365;121002;40866;20.3;6.9
22;2021-04-08;4448;1322;125450;42188;21.0;7.1
22;2021-04-09;5184;1359;130634;43547;21.9;7.3
22;2021-04-10;2446;365;133080;43912;22.3;7.4
22;2021-04-11;485;10;133565;43922;22.4;7.4
22;2021-04-12;2988;1006;136553;44928;22.9;7.5
22;2021-04-13;3320;1519;139873;46447;23.5;7.8
22;2021-04-14;3169;2481;143042;48928;24.0;8.2
22;2021-04-15;3600;2431;146642;51359;24.6;8.6
22;2021-04-16;3632;2485;150274;53844;25.2;9.0
22;2021-04-17;1920;1792;152194;55636;25.5;9.3
22;2021-04-18;17;0;152211;55636;25.5;9.3
22;2021-04-19;3022;2147;155233;57783;26.0;9.7
22;2021-04-20;3312;2796;158545;60579;26.6;10.2
22;2021-04-21;3223;2733;161768;63312;27.1;10.6
22;2021-04-22;3593;3132;165361;66444;27.7;11.1
22;2021-04-23;3729;3173;169090;69617;28.4;11.7
22;2021-04-24;2006;1962;171096;71579;28.7;12.0
22;2021-04-25;17;0;171113;71579;28.7;12.0
22;2021-04-26;3213;2853;174326;74432;29.2;12.5
22;2021-04-27;3373;3132;177699;77564;29.8;13.0
22;2021-04-28;3489;3154;181188;80718;30.4;13.5
22;2021-04-29;4081;3246;185269;83964;31.1;14.1
22;2021-04-30;3905;3220;189174;87184;31.7;14.6
22;2021-05-01;60;69;189234;87253;31.7;14.6
22;2021-05-02;1237;60;190471;87313;31.9;14.6
22;2021-05-03;2030;2711;192501;90024;32.3;15.1
22;2021-05-04;2154;2898;194655;92922;32.7;15.6
22;2021-05-05;2050;3005;196705;95927;33.0;16.1
22;2021-05-06;2509;3492;199214;99419;33.4;16.7
22;2021-05-07;2831;3397;202045;102816;33.9;17.2
22;2021-05-08;45;120;202090;102936;33.9;17.3
22;2021-05-09;602;438;202692;103374;34.0;17.3
22;2021-05-10;4474;2730;207166;106104;34.7;17.8
22;2021-05-11;5107;2892;212273;108996;35.6;18.3
22;2021-05-12;6600;1016;218873;110012;36.7;18.5
22;2021-05-13;528;35;219401;110047;36.8;18.5
22;2021-05-14;6408;1080;225809;111127;37.9;18.6
22;2021-05-15;3988;419;229797;111546;38.5;18.7
22;2021-05-16;419;37;230216;111583;38.6;18.7
22;2021-05-17;5669;518;235885;112101;39.6;18.8
22;2021-05-18;6010;947;241895;113048;40.6;19.0
22;2021-05-19;6131;703;248026;113751;41.6;19.1
22;2021-05-20;6586;1369;254612;115120;42.7;19.3
22;2021-05-21;5897;1450;260509;116570;43.7;19.6
22;2021-05-22;4092;771;264601;117341;44.4;19.7
22;2021-05-23;407;17;265008;117358;44.5;19.7
22;2021-05-24;5313;225;270321;117583;45.3;19.7
22;2021-05-25;5637;1173;275958;118756;46.3;19.9
22;2021-05-26;4224;2806;280182;121562;47.0;20.4
22;2021-05-27;4506;3833;284688;125395;47.8;21.0
22;2021-05-28;4384;4421;289072;129816;48.5;21.8
22;2021-05-29;3046;1770;292118;131586;49.0;22.1
22;2021-05-30;19;7;292137;131593;49.0;22.1
22;2021-05-31;3654;3151;295791;134744;49.6;22.6
22;2021-06-01;3523;3684;299314;138428;50.2;23.2
22;2021-06-02;3086;3378;302400;141806;50.7;23.8
22;2021-06-03;3197;4090;305597;145896;51.3;24.5
22;2021-06-04;3373;4539;308970;150435;51.8;25.2
22;2021-06-05;3543;2026;312513;152461;52.4;25.6
22;2021-06-06;214;30;312727;152491;52.5;25.6
22;2021-06-07;3046;3253;315773;155744;53.0;26.1
22;2021-06-08;2800;3527;318573;159271;53.4;26.7
22;2021-06-09;2543;3507;321116;162778;53.9;27.3
22;2021-06-10;2517;4248;323633;167026;54.3;28.0
22;2021-06-11;2552;4227;326185;171253;54.7;28.7
22;2021-06-12;2414;1454;328599;172707;55.1;29.0
22;2021-06-13;133;1093;328732;173800;55.1;29.2
22;2021-06-14;2644;2463;331376;176263;55.6;29.6
22;2021-06-15;3096;2996;334472;179259;56.1;30.1
22;2021-06-16;3007;2805;337479;182064;56.6;30.5
22;2021-06-17;2564;3172;340043;185236;57.0;31.1
22;2021-06-18;3099;4114;343142;189350;57.6;31.8
22;2021-06-19;2986;1455;346128;190805;58.1;32.0
22;2021-06-20;155;8;346283;190813;58.1;32.0
22;2021-06-21;1782;5021;348065;195834;58.4;32.8
22;2021-06-22;2403;5552;350468;201386;58.8;33.8
22;2021-06-23;1284;6204;351752;207590;59.0;34.8
22;2021-06-24;2578;3912;354330;211502;59.4;35.5
22;2021-06-25;1568;6811;355898;218313;59.7;36.6
22;2021-06-26;783;3855;356681;222168;59.8;37.3
22;2021-06-27;4;511;356685;222679;59.8;37.4
22;2021-06-28;1051;5585;357736;228264;60.0;38.3
22;2021-06-29;1375;5952;359111;234216;60.2;39.3
22;2021-06-30;1130;5736;360241;239952;60.4;40.2
22;2021-07-01;1383;6034;361624;245986;60.7;41.3
22;2021-07-02;1712;6091;363336;252077;60.9;42.3
22;2021-07-03;1008;3818;364344;255895;61.1;42.9
22;2021-07-04;149;365;364493;256260;61.1;43.0
22;2021-07-05;1597;5804;366090;262064;61.4;44.0
22;2021-07-06;2315;5994;368405;268058;61.8;45.0
22;2021-07-07;2292;4933;370697;272991;62.2;45.8
22;2021-07-08;2503;5098;373200;278089;62.6;46.6
22;2021-07-09;2498;5378;375698;283467;63.0;47.5
22;2021-07-10;1808;3354;377506;286821;63.3;48.1
22;2021-07-11;484;74;377990;286895;63.4;48.1
22;2021-07-12;2333;4731;380323;291626;63.8;48.9
22;2021-07-13;3783;5056;384106;296682;64.4;49.8
22;2021-07-14;700;2495;384806;299177;64.5;50.2
22;2021-07-15;3869;4620;388675;303797;65.2;51.0
22;2021-07-16;3835;5289;392510;309086;65.8;51.8
22;2021-07-17;2556;3411;395066;312497;66.3;52.4
22;2021-07-18;570;87;395636;312584;66.4;52.4
22;2021-07-19;2772;4105;398408;316689;66.8;53.1
22;2021-07-20;3923;4129;402331;320818;67.5;53.8
22;2021-07-21;3998;3407;406329;324225;68.2;54.4
22;2021-07-22;4859;3703;411188;327928;69.0;55.0
22;2021-07-23;4453;4219;415641;332147;69.7;55.7
22;2021-07-24;2261;2616;417902;334763;70.1;56.2
22;2021-07-25;118;149;418020;334912;70.1;56.2
22;2021-07-26;3023;3918;421043;338830;70.6;56.8
22;2021-07-27;3725;4912;424768;343742;71.2;57.7
22;2021-07-28;3707;3657;428475;347399;71.9;58.3
22;2021-07-29;4296;3779;432771;351178;72.6;58.9
22;2021-07-30;4038;3972;436809;355150;73.3;59.6
22;2021-07-31;2403;2805;439212;357955;73.7;60.0
22;2021-08-01;118;151;439330;358106;73.7;60.1
22;2021-08-02;4667;2550;443997;360656;74.5;60.5
22;2021-08-03;4785;3426;448782;364082;75.3;61.1
22;2021-08-04;5765;2495;454547;366577;76.2;61.5
22;2021-08-05;4118;3805;458665;370382;76.9;62.1
22;2021-08-06;3652;3811;462317;374193;77.5;62.8
22;2021-08-07;2352;2264;464669;376457;77.9;63.1
22;2021-08-08;425;71;465094;376528;78.0;63.2
22;2021-08-09;2718;2703;467812;379231;78.5;63.6
22;2021-08-10;2711;3512;470523;382743;78.9;64.2
22;2021-08-11;2409;3116;472932;385859;79.3;64.7
22;2021-08-12;2187;3477;475119;389336;79.7;65.3
22;2021-08-13;1902;2971;477021;392307;80.0;65.8
22;2021-08-14;1323;1912;478344;394219;80.2;66.1
22;2021-08-15;85;198;478429;394417;80.2;66.2
22;2021-08-16;1461;3181;479890;397598;80.5;66.7
22;2021-08-17;1746;3462;481636;401060;80.8;67.3
22;2021-08-18;1401;3306;483037;404366;81.0;67.8
22;2021-08-19;1324;3608;484361;407974;81.2;68.4
22;2021-08-20;1452;3599;485813;411573;81.5;69.0
22;2021-08-21;805;2258;486618;413831;81.6;69.4
22;2021-08-22;151;308;486769;414139;81.6;69.5
22;2021-08-23;1951;3611;488720;417750;82.0;70.1
22;2021-08-24;1420;3248;490140;420998;82.2;70.6
22;2021-08-25;838;2507;490978;423505;82.4;71.0
22;2021-08-26;1052;4292;492030;427797;82.5;71.8
22;2021-08-27;1308;4601;493338;432398;82.7;72.5
22;2021-08-28;727;2518;494065;434916;82.9;72.9
22;2021-08-29;35;26;494100;434942;82.9;73.0
22;2021-08-30;918;2965;495018;437907;83.0;73.5
22;2021-08-31;961;3797;495979;441704;83.2;74.1
22;2021-09-01;952;3410;496931;445114;83.4;74.7
22;2021-09-02;826;3041;497757;448155;83.5;75.2
22;2021-09-03;930;3046;498687;451201;83.6;75.7
22;2021-09-04;779;2721;499466;453922;83.8;76.1
22;2021-09-05;95;47;499561;453969;83.8;76.1
22;2021-09-06;486;2154;500047;456123;83.9;76.5
22;2021-09-07;507;2273;500554;458396;84.0;76.9
22;2021-09-08;614;2174;501168;460570;84.1;77.3
22;2021-09-09;676;2292;501844;462862;84.2;77.6
22;2021-09-10;700;2414;502544;465276;84.3;78.0
22;2021-09-11;575;1819;503119;467095;84.4;78.3
22;2021-09-12;29;85;503148;467180;84.4;78.4
23;2020-12-27;0;0;0;0;0.0;0.0
23;2020-12-28;1;0;1;0;0.0;0.0
23;2020-12-29;0;0;1;0;0.0;0.0
23;2020-12-30;0;0;1;0;0.0;0.0
23;2020-12-31;0;0;1;0;0.0;0.0
23;2021-01-01;0;0;1;0;0.0;0.0
23;2021-01-02;1;0;2;0;0.0;0.0
23;2021-01-03;0;0;2;0;0.0;0.0
23;2021-01-04;1;0;3;0;0.0;0.0
23;2021-01-05;3;0;6;0;0.0;0.0
23;2021-01-06;10;0;16;0;0.0;0.0
23;2021-01-07;116;1;132;1;0.1;0.0
23;2021-01-08;117;0;249;1;0.2;0.0
23;2021-01-09;36;0;285;1;0.2;0.0
23;2021-01-10;1;0;286;1;0.2;0.0
23;2021-01-11;176;1;462;2;0.4;0.0
23;2021-01-12;238;3;700;5;0.6;0.0
23;2021-01-13;308;0;1008;5;0.9;0.0
23;2021-01-14;293;4;1301;9;1.1;0.0
23;2021-01-15;334;5;1635;14;1.4;0.0
23;2021-01-16;163;1;1798;15;1.5;0.0
23;2021-01-17;0;0;1798;15;1.5;0.0
23;2021-01-18;342;3;2140;18;1.8;0.0
23;2021-01-19;498;2;2638;20;2.3;0.0
23;2021-01-20;362;1;3000;21;2.6;0.0
23;2021-01-21;698;1;3698;22;3.2;0.0
23;2021-01-22;479;0;4177;22;3.6;0.0
23;2021-01-23;368;1;4545;23;3.9;0.0
23;2021-01-24;0;0;4545;23;3.9;0.0
23;2021-01-25;382;16;4927;39;4.2;0.0
23;2021-01-26;301;5;5228;44;4.5;0.0
23;2021-01-27;228;2;5456;46;4.7;0.0
23;2021-01-28;232;32;5688;78;4.9;0.1
23;2021-01-29;303;98;5991;176;5.2;0.2
23;2021-01-30;100;24;6091;200;5.2;0.2
23;2021-01-31;2;33;6093;233;5.2;0.2
23;2021-02-01;148;82;6241;315;5.4;0.3
23;2021-02-02;157;111;6398;426;5.5;0.4
23;2021-02-03;105;180;6503;606;5.6;0.5
23;2021-02-04;78;250;6581;856;5.7;0.7
23;2021-02-05;117;279;6698;1135;5.8;1.0
23;2021-02-06;14;140;6712;1275;5.8;1.1
23;2021-02-07;1;0;6713;1275;5.8;1.1
23;2021-02-08;124;169;6837;1444;5.9;1.2
23;2021-02-09;89;266;6926;1710;6.0;1.5
23;2021-02-10;92;238;7018;1948;6.0;1.7
23;2021-02-11;245;558;7263;2506;6.2;2.2
23;2021-02-12;174;262;7437;2768;6.4;2.4
23;2021-02-13;8;181;7445;2949;6.4;2.5
23;2021-02-14;8;0;7453;2949;6.4;2.5
23;2021-02-15;157;318;7610;3267;6.5;2.8
23;2021-02-16;103;385;7713;3652;6.6;3.1
23;2021-02-17;65;416;7778;4068;6.7;3.5
23;2021-02-18;142;320;7920;4388;6.8;3.8
23;2021-02-19;109;211;8029;4599;6.9;4.0
23;2021-02-20;2;81;8031;4680;6.9;4.0
23;2021-02-21;0;0;8031;4680;6.9;4.0
23;2021-02-22;104;184;8135;4864;7.0;4.2
23;2021-02-23;109;180;8244;5044;7.1;4.3
23;2021-02-24;176;145;8420;5189;7.2;4.5
23;2021-02-25;184;90;8604;5279;7.4;4.5
23;2021-02-26;287;153;8891;5432;7.6;4.7
23;2021-02-27;112;11;9003;5443;7.7;4.7
23;2021-02-28;1;31;9004;5474;7.7;4.7
23;2021-03-01;88;180;9092;5654;7.8;4.9
23;2021-03-02;229;119;9321;5773;8.0;5.0
23;2021-03-03;133;80;9454;5853;8.1;5.0
23;2021-03-04;307;136;9761;5989;8.4;5.2
23;2021-03-05;517;105;10278;6094;8.8;5.2
23;2021-03-06;494;7;10772;6101;9.3;5.2
23;2021-03-07;313;3;11085;6104;9.5;5.2
23;2021-03-08;197;70;11282;6174;9.7;5.3
23;2021-03-09;421;102;11703;6276;10.1;5.4
23;2021-03-10;348;37;12051;6313;10.4;5.4
23;2021-03-11;324;44;12375;6357;10.6;5.5
23;2021-03-12;618;35;12993;6392;11.2;5.5
23;2021-03-13;287;12;13280;6404;11.4;5.5
23;2021-03-14;47;34;13327;6438;11.5;5.5
23;2021-03-15;220;124;13547;6562;11.7;5.6
23;2021-03-16;192;83;13739;6645;11.8;5.7
23;2021-03-17;131;99;13870;6744;11.9;5.8
23;2021-03-18;193;92;14063;6836;12.1;5.9
23;2021-03-19;207;117;14270;6953;12.3;6.0
23;2021-03-20;631;37;14901;6990;12.8;6.0
23;2021-03-21;128;0;15029;6990;12.9;6.0
23;2021-03-22;274;156;15303;7146;13.2;6.1
23;2021-03-23;504;103;15807;7249;13.6;6.2
23;2021-03-24;423;124;16230;7373;14.0;6.3
23;2021-03-25;820;188;17050;7561;14.7;6.5
23;2021-03-26;735;193;17785;7754;15.3;6.7
23;2021-03-27;505;50;18290;7804;15.7;6.7
23;2021-03-28;3;9;18293;7813;15.7;6.7
23;2021-03-29;358;108;18651;7921;16.0;6.8
23;2021-03-30;537;178;19188;8099;16.5;7.0
23;2021-03-31;411;173;19599;8272;16.9;7.1
23;2021-04-01;600;171;20199;8443;17.4;7.3
23;2021-04-02;498;298;20697;8741;17.8;7.5
23;2021-04-03;715;44;21412;8785;18.4;7.6
23;2021-04-04;4;0;21416;8785;18.4;7.6
23;2021-04-05;2;3;21418;8788;18.4;7.6
23;2021-04-06;382;293;21800;9081;18.7;7.8
23;2021-04-07;707;309;22507;9390;19.4;8.1
23;2021-04-08;805;236;23312;9626;20.0;8.3
23;2021-04-09;940;367;24252;9993;20.9;8.6
23;2021-04-10;1097;111;25349;10104;21.8;8.7
23;2021-04-11;21;2;25370;10106;21.8;8.7
23;2021-04-12;692;236;26062;10342;22.4;8.9
23;2021-04-13;669;302;26731;10644;23.0;9.2
23;2021-04-14;586;178;27317;10822;23.5;9.3
23;2021-04-15;930;185;28247;11007;24.3;9.5
23;2021-04-16;902;212;29149;11219;25.1;9.6
23;2021-04-17;996;553;30145;11772;25.9;10.1
23;2021-04-18;3;136;30148;11908;25.9;10.2
23;2021-04-19;613;297;30761;12205;26.5;10.5
23;2021-04-20;721;292;31482;12497;27.1;10.7
23;2021-04-21;733;397;32215;12894;27.7;11.1
23;2021-04-22;657;472;32872;13366;28.3;11.5
23;2021-04-23;596;345;33468;13711;28.8;11.8
23;2021-04-24;855;448;34323;14159;29.5;12.2
23;2021-04-25;0;0;34323;14159;29.5;12.2
23;2021-04-26;616;254;34939;14413;30.0;12.4
23;2021-04-27;675;421;35614;14834;30.6;12.8
23;2021-04-28;628;277;36242;15111;31.2;13.0
23;2021-04-29;883;379;37125;15490;31.9;13.3
23;2021-04-30;719;784;37844;16274;32.5;14.0
23;2021-05-01;1229;42;39073;16316;33.6;14.0
23;2021-05-02;14;0;39087;16316;33.6;14.0
23;2021-05-03;434;520;39521;16836;34.0;14.5
23;2021-05-04;617;513;40138;17349;34.5;14.9
23;2021-05-05;540;713;40678;18062;35.0;15.5
23;2021-05-06;728;698;41406;18760;35.6;16.1
23;2021-05-07;685;643;42091;19403;36.2;16.7
23;2021-05-08;1411;588;43502;19991;37.4;17.2
23;2021-05-09;4;0;43506;19991;37.4;17.2
23;2021-05-10;555;656;44061;20647;37.9;17.8
23;2021-05-11;560;764;44621;21411;38.4;18.4
23;2021-05-12;720;662;45341;22073;39.0;19.0
23;2021-05-13;537;56;45878;22129;39.5;19.0
23;2021-05-14;788;458;46666;22587;40.1;19.4
23;2021-05-15;995;235;47661;22822;41.0;19.6
23;2021-05-16;0;0;47661;22822;41.0;19.6
23;2021-05-17;568;448;48229;23270;41.5;20.0
23;2021-05-18;777;292;49006;23562;42.1;20.3
23;2021-05-19;1051;259;50057;23821;43.1;20.5
23;2021-05-20;837;315;50894;24136;43.8;20.8
23;2021-05-21;1108;311;52002;24447;44.7;21.0
23;2021-05-22;740;125;52742;24572;45.4;21.1
23;2021-05-23;3;20;52745;24592;45.4;21.2
23;2021-05-24;363;166;53108;24758;45.7;21.3
23;2021-05-25;908;336;54016;25094;46.5;21.6
23;2021-05-26;1078;227;55094;25321;47.4;21.8
23;2021-05-27;932;438;56026;25759;48.2;22.2
23;2021-05-28;781;744;56807;26503;48.9;22.8
23;2021-05-29;638;1101;57445;27604;49.4;23.7
23;2021-05-30;6;63;57451;27667;49.4;23.8
23;2021-05-31;433;539;57884;28206;49.8;24.3
23;2021-06-01;583;827;58467;29033;50.3;25.0
23;2021-06-02;625;516;59092;29549;50.8;25.4
23;2021-06-03;709;551;59801;30100;51.4;25.9
23;2021-06-04;779;614;60580;30714;52.1;26.4
23;2021-06-05;545;777;61125;31491;52.6;27.1
23;2021-06-06;0;0;61125;31491;52.6;27.1
23;2021-06-07;393;696;61518;32187;52.9;27.7
23;2021-06-08;323;776;61841;32963;53.2;28.4
23;2021-06-09;287;648;62128;33611;53.4;28.9
23;2021-06-10;374;689;62502;34300;53.8;29.5
23;2021-06-11;384;807;62886;35107;54.1;30.2
23;2021-06-12;377;1266;63263;36373;54.4;31.3
23;2021-06-13;13;5;63276;36378;54.4;31.3
23;2021-06-14;235;590;63511;36968;54.6;31.8
23;2021-06-15;231;860;63742;37828;54.8;32.5
23;2021-06-16;362;579;64104;38407;55.1;33.0
23;2021-06-17;339;810;64443;39217;55.4;33.7
23;2021-06-18;356;767;64799;39984;55.7;34.4
23;2021-06-19;492;1523;65291;41507;56.2;35.7
23;2021-06-20;2;11;65293;41518;56.2;35.7
23;2021-06-21;205;620;65498;42138;56.3;36.2
23;2021-06-22;216;687;65714;42825;56.5;36.8
23;2021-06-23;221;750;65935;43575;56.7;37.5
23;2021-06-24;200;606;66135;44181;56.9;38.0
23;2021-06-25;302;815;66437;44996;57.1;38.7
23;2021-06-26;221;999;66658;45995;57.3;39.6
23;2021-06-27;3;0;66661;45995;57.3;39.6
23;2021-06-28;115;692;66776;46687;57.4;40.2
23;2021-06-29;189;823;66965;47510;57.6;40.9
23;2021-06-30;169;944;67134;48454;57.7;41.7
23;2021-07-01;168;870;67302;49324;57.9;42.4
23;2021-07-02;192;1069;67494;50393;58.0;43.3
23;2021-07-03;250;979;67744;51372;58.3;44.2
23;2021-07-04;1;0;67745;51372;58.3;44.2
23;2021-07-05;160;805;67905;52177;58.4;44.9
23;2021-07-06;214;1043;68119;53220;58.6;45.8
23;2021-07-07;210;848;68329;54068;58.8;46.5
23;2021-07-08;254;740;68583;54808;59.0;47.1
23;2021-07-09;275;1012;68858;55820;59.2;48.0
23;2021-07-10;234;644;69092;56464;59.4;48.6
23;2021-07-11;0;0;69092;56464;59.4;48.6
23;2021-07-12;232;702;69324;57166;59.6;49.2
23;2021-07-13;471;917;69795;58083;60.0;50.0
23;2021-07-14;212;320;70007;58403;60.2;50.2
23;2021-07-15;481;810;70488;59213;60.6;50.9
23;2021-07-16;765;568;71253;59781;61.3;51.4
23;2021-07-17;220;478;71473;60259;61.5;51.8
23;2021-07-18;0;1;71473;60260;61.5;51.8
23;2021-07-19;704;628;72177;60888;62.1;52.4
23;2021-07-20;633;568;72810;61456;62.6;52.9
23;2021-07-21;702;635;73512;62091;63.2;53.4
23;2021-07-22;945;437;74457;62528;64.0;53.8
23;2021-07-23;842;508;75299;63036;64.8;54.2
23;2021-07-24;1013;439;76312;63475;65.6;54.6
23;2021-07-25;13;16;76325;63491;65.6;54.6
23;2021-07-26;787;566;77112;64057;66.3;55.1
23;2021-07-27;929;436;78041;64493;67.1;55.5
23;2021-07-28;878;412;78919;64905;67.9;55.8
23;2021-07-29;1050;400;79969;65305;68.8;56.2
23;2021-07-30;947;521;80916;65826;69.6;56.6
23;2021-07-31;1166;306;82082;66132;70.6;56.9
23;2021-08-01;19;8;82101;66140;70.6;56.9
23;2021-08-02;673;506;82774;66646;71.2;57.3
23;2021-08-03;767;459;83541;67105;71.9;57.7
23;2021-08-04;612;297;84153;67402;72.4;58.0
23;2021-08-05;692;365;84845;67767;73.0;58.3
23;2021-08-06;422;483;85267;68250;73.3;58.7
23;2021-08-07;299;189;85566;68439;73.6;58.9
23;2021-08-08;146;38;85712;68477;73.7;58.9
23;2021-08-09;493;492;86205;68969;74.1;59.3
23;2021-08-10;467;608;86672;69577;74.5;59.8
23;2021-08-11;426;488;87098;70065;74.9;60.3
23;2021-08-12;513;567;87611;70632;75.4;60.7
23;2021-08-13;418;578;88029;71210;75.7;61.2
23;2021-08-14;287;390;88316;71600;76.0;61.6
23;2021-08-15;27;9;88343;71609;76.0;61.6
23;2021-08-16;277;711;88620;72320;76.2;62.2
23;2021-08-17;278;730;88898;73050;76.5;62.8
23;2021-08-18;179;635;89077;73685;76.6;63.4
23;2021-08-19;257;727;89334;74412;76.8;64.0
23;2021-08-20;214;682;89548;75094;77.0;64.6
23;2021-08-21;140;499;89688;75593;77.1;65.0
23;2021-08-22;54;48;89742;75641;77.2;65.1
23;2021-08-23;149;818;89891;76459;77.3;65.8
23;2021-08-24;262;911;90153;77370;77.5;66.5
23;2021-08-25;185;791;90338;78161;77.7;67.2
23;2021-08-26;215;744;90553;78905;77.9;67.9
23;2021-08-27;213;641;90766;79546;78.1;68.4
23;2021-08-28;219;454;90985;80000;78.3;68.8
23;2021-08-29;15;88;91000;80088;78.3;68.9
23;2021-08-30;187;665;91187;80753;78.4;69.5
23;2021-08-31;228;671;91415;81424;78.6;70.0
23;2021-09-01;160;429;91575;81853;78.8;70.4
23;2021-09-02;117;346;91692;82199;78.9;70.7
23;2021-09-03;207;583;91899;82782;79.0;71.2
23;2021-09-04;179;846;92078;83628;79.2;71.9
23;2021-09-05;5;7;92083;83635;79.2;71.9
23;2021-09-06;131;489;92214;84124;79.3;72.4
23;2021-09-07;97;526;92311;84650;79.4;72.8
23;2021-09-08;120;487;92431;85137;79.5;73.2
23;2021-09-09;114;392;92545;85529;79.6;73.6
23;2021-09-10;143;442;92688;85971;79.7;73.9
23;2021-09-11;102;224;92790;86195;79.8;74.1
23;2021-09-12;5;16;92795;86211;79.8;74.1
24;2020-12-27;1;0;1;0;0.0;0.0
24;2020-12-28;1;0;2;0;0.0;0.0
24;2020-12-29;2;0;4;0;0.0;0.0
24;2020-12-30;1;0;5;0;0.0;0.0
24;2020-12-31;1;0;6;0;0.0;0.0
24;2021-01-01;1;0;7;0;0.0;0.0
24;2021-01-02;0;0;7;0;0.0;0.0
24;2021-01-03;0;0;7;0;0.0;0.0
24;2021-01-04;1;0;8;0;0.0;0.0
24;2021-01-05;1;0;9;0;0.0;0.0
24;2021-01-06;2;0;11;0;0.0;0.0
24;2021-01-07;190;0;201;0;0.0;0.0
24;2021-01-08;282;0;483;0;0.1;0.0
24;2021-01-09;185;13;668;13;0.2;0.0
24;2021-01-10;35;0;703;13;0.2;0.0
24;2021-01-11;269;0;972;13;0.2;0.0
24;2021-01-12;280;0;1252;13;0.3;0.0
24;2021-01-13;233;0;1485;13;0.4;0.0
24;2021-01-14;1021;21;2506;34;0.6;0.0
24;2021-01-15;605;4;3111;38;0.8;0.0
24;2021-01-16;87;0;3198;38;0.8;0.0
24;2021-01-17;2;1;3200;39;0.8;0.0
24;2021-01-18;300;0;3500;39;0.9;0.0
24;2021-01-19;468;1;3968;40;1.0;0.0
24;2021-01-20;556;0;4524;40;1.1;0.0
24;2021-01-21;645;6;5169;46;1.3;0.0
24;2021-01-22;514;1;5683;47;1.4;0.0
24;2021-01-23;152;1;5835;48;1.4;0.0
24;2021-01-24;3;0;5838;48;1.4;0.0
24;2021-01-25;442;0;6280;48;1.5;0.0
24;2021-01-26;638;65;6918;113;1.7;0.0
24;2021-01-27;1267;12;8185;125;2.0;0.0
24;2021-01-28;983;126;9168;251;2.2;0.1
24;2021-01-29;932;138;10100;389;2.5;0.1
24;2021-01-30;282;1;10382;390;2.5;0.1
24;2021-01-31;0;0;10382;390;2.5;0.1
24;2021-02-01;377;164;10759;554;2.6;0.1
24;2021-02-02;616;289;11375;843;2.8;0.2
24;2021-02-03;653;434;12028;1277;2.9;0.3
24;2021-02-04;978;383;13006;1660;3.2;0.4
24;2021-02-05;690;368;13696;2028;3.4;0.5
24;2021-02-06;141;35;13837;2063;3.4;0.5
24;2021-02-07;33;1;13870;2064;3.4;0.5
24;2021-02-08;309;224;14179;2288;3.5;0.6
24;2021-02-09;454;230;14633;2518;3.6;0.6
24;2021-02-10;378;102;15011;2620;3.7;0.6
24;2021-02-11;561;489;15572;3109;3.8;0.8
24;2021-02-12;495;376;16067;3485;3.9;0.9
24;2021-02-13;202;42;16269;3527;4.0;0.9
24;2021-02-14;89;0;16358;3527;4.0;0.9
24;2021-02-15;187;201;16545;3728;4.1;0.9
24;2021-02-16;336;465;16881;4193;4.1;1.0
24;2021-02-17;584;791;17465;4984;4.3;1.2
24;2021-02-18;443;659;17908;5643;4.4;1.4
24;2021-02-19;462;649;18370;6292;4.5;1.5
24;2021-02-20;163;110;18533;6402;4.5;1.6
24;2021-02-21;109;0;18642;6402;4.6;1.6
24;2021-02-22;426;462;19068;6864;4.7;1.7
24;2021-02-23;562;611;19630;7475;4.8;1.8
24;2021-02-24;538;750;20168;8225;4.9;2.0
24;2021-02-25;728;795;20896;9020;5.1;2.2
24;2021-02-26;977;876;21873;9896;5.4;2.4
24;2021-02-27;363;243;22236;10139;5.4;2.5
24;2021-02-28;25;4;22261;10143;5.5;2.5
24;2021-03-01;292;325;22553;10468;5.5;2.6
24;2021-03-02;539;386;23092;10854;5.7;2.7
24;2021-03-03;681;303;23773;11157;5.8;2.7
24;2021-03-04;914;475;24687;11632;6.0;2.8
24;2021-03-05;1067;531;25754;12163;6.3;3.0
24;2021-03-06;1127;134;26881;12297;6.6;3.0
24;2021-03-07;232;63;27113;12360;6.6;3.0
24;2021-03-08;531;234;27644;12594;6.8;3.1
24;2021-03-09;1173;415;28817;13009;7.1;3.2
24;2021-03-10;1142;426;29959;13435;7.3;3.3
24;2021-03-11;1605;453;31564;13888;7.7;3.4
24;2021-03-12;2052;435;33616;14323;8.2;3.5
24;2021-03-13;1348;188;34964;14511;8.6;3.6
24;2021-03-14;141;89;35105;14600;8.6;3.6
24;2021-03-15;954;167;36059;14767;8.8;3.6
24;2021-03-16;1143;228;37202;14995;9.1;3.7
24;2021-03-17;1218;281;38420;15276;9.4;3.7
24;2021-03-18;1055;553;39475;15829;9.7;3.9
24;2021-03-19;1253;531;40728;16360;10.0;4.0
24;2021-03-20;1055;144;41783;16504;10.2;4.0
24;2021-03-21;25;11;41808;16515;10.2;4.0
24;2021-03-22;1224;408;43032;16923;10.5;4.1
24;2021-03-23;1881;398;44913;17321;11.0;4.2
24;2021-03-24;1891;381;46804;17702;11.5;4.3
24;2021-03-25;1991;468;48795;18170;11.9;4.4
24;2021-03-26;2374;280;51169;18450;12.5;4.5
24;2021-03-27;1349;42;52518;18492;12.9;4.5
24;2021-03-28;63;9;52581;18501;12.9;4.5
24;2021-03-29;1673;327;54254;18828;13.3;4.6
24;2021-03-30;2410;390;56664;19218;13.9;4.7
24;2021-03-31;2185;308;58849;19526;14.4;4.8
24;2021-04-01;2197;308;61046;19834;14.9;4.9
24;2021-04-02;2071;393;63117;20227;15.5;5.0
24;2021-04-03;1376;121;64493;20348;15.8;5.0
24;2021-04-04;74;1;64567;20349;15.8;5.0
24;2021-04-05;947;59;65514;20408;16.0;5.0
24;2021-04-06;2355;701;67869;21109;16.6;5.2
24;2021-04-07;2717;692;70586;21801;17.3;5.3
24;2021-04-08;3007;959;73593;22760;18.0;5.6
24;2021-04-09;3489;1006;77082;23766;18.9;5.8
24;2021-04-10;2595;314;79677;24080;19.5;5.9
24;2021-04-11;1103;20;80780;24100;19.8;5.9
24;2021-04-12;2498;811;83278;24911;20.4;6.1
24;2021-04-13;2903;1201;86181;26112;21.1;6.4
24;2021-04-14;2939;1196;89120;27308;21.8;6.7
24;2021-04-15;2792;1102;91912;28410;22.5;7.0
24;2021-04-16;3266;974;95178;29384;23.3;7.2
24;2021-04-17;2273;501;97451;29885;23.9;7.3
24;2021-04-18;424;6;97875;29891;24.0;7.3
24;2021-04-19;1599;1011;99474;30902;24.4;7.6
24;2021-04-20;2269;1433;101743;32335;24.9;7.9
24;2021-04-21;2146;1443;103889;33778;25.4;8.3
24;2021-04-22;2060;1257;105949;35035;25.9;8.6
24;2021-04-23;1959;1335;107908;36370;26.4;8.9
24;2021-04-24;863;724;108771;37094;26.6;9.1
24;2021-04-25;54;4;108825;37098;26.6;9.1
24;2021-04-26;1296;1476;110121;38574;27.0;9.4
24;2021-04-27;1850;1880;111971;40454;27.4;9.9
24;2021-04-28;1507;1942;113478;42396;27.8;10.4
24;2021-04-29;1730;1886;115208;44282;28.2;10.8
24;2021-04-30;2272;1774;117480;46056;28.8;11.3
24;2021-05-01;2059;1061;119539;47117;29.3;11.5
24;2021-05-02;1924;215;121463;47332;29.7;11.6
24;2021-05-03;1474;1831;122937;49163;30.1;12.0
24;2021-05-04;2227;2295;125164;51458;30.6;12.6
24;2021-05-05;1891;2716;127055;54174;31.1;13.3
24;2021-05-06;1890;2795;128945;56969;31.6;13.9
24;2021-05-07;2266;2787;131211;59756;32.1;14.6
24;2021-05-08;1285;1150;132496;60906;32.4;14.9
24;2021-05-09;1169;903;133665;61809;32.7;15.1
24;2021-05-10;1098;2625;134763;64434;33.0;15.8
24;2021-05-11;2039;2782;136802;67216;33.5;16.5
24;2021-05-12;1924;2246;138726;69462;34.0;17.0
24;2021-05-13;1465;1214;140191;70676;34.3;17.3
24;2021-05-14;2378;1334;142569;72010;34.9;17.6
24;2021-05-15;2047;816;144616;72826;35.4;17.8
24;2021-05-16;1171;346;145787;73172;35.7;17.9
24;2021-05-17;2242;1250;148029;74422;36.2;18.2
24;2021-05-18;2484;1820;150513;76242;36.9;18.7
24;2021-05-19;2284;1376;152797;77618;37.4;19.0
24;2021-05-20;2375;1572;155172;79190;38.0;19.4
24;2021-05-21;2433;1415;157605;80605;38.6;19.7
24;2021-05-22;1719;409;159324;81014;39.0;19.8
24;2021-05-23;952;72;160276;81086;39.2;19.9
24;2021-05-24;1516;332;161792;81418;39.6;19.9
24;2021-05-25;2298;1384;164090;82802;40.2;20.3
24;2021-05-26;2149;1318;166239;84120;40.7;20.6
24;2021-05-27;1749;2194;167988;86314;41.1;21.1
24;2021-05-28;2145;2000;170133;88314;41.7;21.6
24;2021-05-29;1154;2083;171287;90397;41.9;22.1
24;2021-05-30;1418;169;172705;90566;42.3;22.2
24;2021-05-31;1744;1364;174449;91930;42.7;22.5
24;2021-06-01;2583;1978;177032;93908;43.3;23.0
24;2021-06-02;2654;1781;179686;95689;44.0;23.4
24;2021-06-03;2291;1460;181977;97149;44.6;23.8
24;2021-06-04;2381;1900;184358;99049;45.1;24.3
24;2021-06-05;2007;1413;186365;100462;45.6;24.6
24;2021-06-06;767;223;187132;100685;45.8;24.7
24;2021-06-07;1432;1496;188564;102181;46.2;25.0
24;2021-06-08;1678;1905;190242;104086;46.6;25.5
24;2021-06-09;1323;1596;191565;105682;46.9;25.9
24;2021-06-10;1577;1910;193142;107592;47.3;26.3
24;2021-06-11;1335;2077;194477;109669;47.6;26.9
24;2021-06-12;1120;2539;195597;112208;47.9;27.5
24;2021-06-13;1238;921;196835;113129;48.2;27.7
24;2021-06-14;1166;1858;198001;114987;48.5;28.2
24;2021-06-15;1487;2989;199488;117976;48.8;28.9
24;2021-06-16;1670;2732;201158;120708;49.3;29.6
24;2021-06-17;1544;2176;202702;122884;49.6;30.1
24;2021-06-18;1400;2859;204102;125743;50.0;30.8
24;2021-06-19;1274;1522;205376;127265;50.3;31.2
24;2021-06-20;514;501;205890;127766;50.4;31.3
24;2021-06-21;932;1834;206822;129600;50.6;31.7
24;2021-06-22;1452;2592;208274;132192;51.0;32.4
24;2021-06-23;1427;2421;209701;134613;51.3;33.0
24;2021-06-24;1138;1917;210839;136530;51.6;33.4
24;2021-06-25;968;2817;211807;139347;51.9;34.1
24;2021-06-26;866;2101;212673;141448;52.1;34.6
24;2021-06-27;402;979;213075;142427;52.2;34.9
24;2021-06-28;818;2482;213893;144909;52.4;35.5
24;2021-06-29;940;2868;214833;147777;52.6;36.2
24;2021-06-30;1113;2458;215946;150235;52.9;36.8
24;2021-07-01;1132;2303;217078;152538;53.2;37.4
24;2021-07-02;1099;2743;218177;155281;53.4;38.0
24;2021-07-03;811;1903;218988;157184;53.6;38.5
24;2021-07-04;410;1014;219398;158198;53.7;38.7
24;2021-07-05;795;2316;220193;160514;53.9;39.3
24;2021-07-06;879;3354;221072;163868;54.1;40.1
24;2021-07-07;1084;3043;222156;166911;54.4;40.9
24;2021-07-08;1342;2119;223498;169030;54.7;41.4
24;2021-07-09;1178;3218;224676;172248;55.0;42.2
24;2021-07-10;480;1962;225156;174210;55.1;42.7
24;2021-07-11;587;1189;225743;175399;55.3;42.9
24;2021-07-12;907;2518;226650;177917;55.5;43.6
24;2021-07-13;1324;3214;227974;181131;55.8;44.4
24;2021-07-14;618;1188;228592;182319;56.0;44.6
24;2021-07-15;1697;2776;230289;185095;56.4;45.3
24;2021-07-16;2148;2598;232437;187693;56.9;46.0
24;2021-07-17;1529;2236;233966;189929;57.3;46.5
24;2021-07-18;709;887;234675;190816;57.5;46.7
24;2021-07-19;1580;2188;236255;193004;57.8;47.3
24;2021-07-20;2020;2439;238275;195443;58.3;47.9
24;2021-07-21;1875;2329;240150;197772;58.8;48.4
24;2021-07-22;2351;2439;242501;200211;59.4;49.0
24;2021-07-23;2304;2623;244805;202834;59.9;49.7
24;2021-07-24;1808;1546;246613;204380;60.4;50.0
24;2021-07-25;816;874;247429;205254;60.6;50.3
24;2021-07-26;1573;2016;249002;207270;61.0;50.8
24;2021-07-27;2853;2289;251855;209559;61.7;51.3
24;2021-07-28;2764;1935;254619;211494;62.3;51.8
24;2021-07-29;3069;2239;257688;213733;63.1;52.3
24;2021-07-30;2467;1918;260155;215651;63.7;52.8
24;2021-07-31;1652;1563;261807;217214;64.1;53.2
24;2021-08-01;1118;655;262925;217869;64.4;53.3
24;2021-08-02;1945;1619;264870;219488;64.9;53.7
24;2021-08-03;2889;1905;267759;221393;65.6;54.2
24;2021-08-04;3080;1628;270839;223021;66.3;54.6
24;2021-08-05;3048;1437;273887;224458;67.1;55.0
24;2021-08-06;2536;1537;276423;225995;67.7;55.3
24;2021-08-07;1789;1118;278212;227113;68.1;55.6
24;2021-08-08;1105;685;279317;227798;68.4;55.8
24;2021-08-09;1741;1383;281058;229181;68.8;56.1
24;2021-08-10;2267;1781;283325;230962;69.4;56.6
24;2021-08-11;2277;1694;285602;232656;69.9;57.0
24;2021-08-12;1914;1958;287516;234614;70.4;57.4
24;2021-08-13;1531;1626;289047;236240;70.8;57.8
24;2021-08-14;1168;1242;290215;237482;71.1;58.2
24;2021-08-15;741;581;290956;238063;71.2;58.3
24;2021-08-16;1119;1704;292075;239767;71.5;58.7
24;2021-08-17;1629;2107;293704;241874;71.9;59.2
24;2021-08-18;1563;1921;295267;243795;72.3;59.7
24;2021-08-19;1126;2634;296393;246429;72.6;60.3
24;2021-08-20;1103;2427;297496;248856;72.8;60.9
24;2021-08-21;874;1630;298370;250486;73.1;61.3
24;2021-08-22;349;1101;298719;251587;73.1;61.6
24;2021-08-23;664;2037;299383;253624;73.3;62.1
24;2021-08-24;811;2394;300194;256018;73.5;62.7
24;2021-08-25;808;2319;301002;258337;73.7;63.3
24;2021-08-26;742;2839;301744;261176;73.9;64.0
24;2021-08-27;799;2760;302543;263936;74.1;64.6
24;2021-08-28;516;1911;303059;265847;74.2;65.1
24;2021-08-29;170;1029;303229;266876;74.2;65.3
24;2021-08-30;368;1966;303597;268842;74.3;65.8
24;2021-08-31;587;2489;304184;271331;74.5;66.4
24;2021-09-01;619;2476;304803;273807;74.6;67.0
24;2021-09-02;464;1900;305267;275707;74.7;67.5
24;2021-09-03;539;2233;305806;277940;74.9;68.1
24;2021-09-04;348;1995;306154;279935;75.0;68.5
24;2021-09-05;240;970;306394;280905;75.0;68.8
24;2021-09-06;344;1622;306738;282527;75.1;69.2
24;2021-09-07;477;1892;307215;284419;75.2;69.6
24;2021-09-08;396;1926;307611;286345;75.3;70.1
24;2021-09-09;334;1342;307945;287687;75.4;70.4
24;2021-09-10;374;1780;308319;289467;75.5;70.9
24;2021-09-11;307;1682;308626;291149;75.6;71.3
24;2021-09-12;92;431;308718;291580;75.6;71.4
25;2020-12-27;0;0;0;0;0.0;0.0
25;2020-12-28;1;0;1;0;0.0;0.0
25;2020-12-29;0;0;1;0;0.0;0.0
25;2020-12-30;0;0;1;0;0.0;0.0
25;2020-12-31;3;0;4;0;0.0;0.0
25;2021-01-01;0;0;4;0;0.0;0.0
25;2021-01-02;1;0;5;0;0.0;0.0
25;2021-01-03;0;0;5;0;0.0;0.0
25;2021-01-04;1;0;6;0;0.0;0.0
25;2021-01-05;1;0;7;0;0.0;0.0
25;2021-01-06;75;1;82;1;0.0;0.0
25;2021-01-07;236;1;318;2;0.1;0.0
25;2021-01-08;345;1;663;3;0.1;0.0
25;2021-01-09;102;0;765;3;0.1;0.0
25;2021-01-10;0;0;765;3;0.1;0.0
25;2021-01-11;503;5;1268;8;0.2;0.0
25;2021-01-12;683;2;1951;10;0.4;0.0
25;2021-01-13;627;2;2578;12;0.5;0.0
25;2021-01-14;898;13;3476;25;0.6;0.0
25;2021-01-15;786;9;4262;34;0.8;0.0
25;2021-01-16;206;0;4468;34;0.8;0.0
25;2021-01-17;112;0;4580;34;0.8;0.0
25;2021-01-18;1297;6;5877;40;1.1;0.0
25;2021-01-19;1412;5;7289;45;1.4;0.0
25;2021-01-20;1422;4;8711;49;1.6;0.0
25;2021-01-21;1842;3;10553;52;2.0;0.0
25;2021-01-22;1508;4;12061;56;2.2;0.0
25;2021-01-23;499;0;12560;56;2.3;0.0
25;2021-01-24;119;0;12679;56;2.4;0.0
25;2021-01-25;991;0;13670;56;2.5;0.0
25;2021-01-26;1487;41;15157;97;2.8;0.0
25;2021-01-27;1248;67;16405;164;3.0;0.0
25;2021-01-28;1090;74;17495;238;3.2;0.0
25;2021-01-29;906;227;18401;465;3.4;0.1
25;2021-01-30;293;82;18694;547;3.5;0.1
25;2021-01-31;2;0;18696;547;3.5;0.1
25;2021-02-01;612;203;19308;750;3.6;0.1
25;2021-02-02;674;372;19982;1122;3.7;0.2
25;2021-02-03;758;217;20740;1339;3.8;0.2
25;2021-02-04;715;367;21455;1706;4.0;0.3
25;2021-02-05;520;430;21975;2136;4.1;0.4
25;2021-02-06;197;138;22172;2274;4.1;0.4
25;2021-02-07;2;34;22174;2308;4.1;0.4
25;2021-02-08;612;471;22786;2779;4.2;0.5
25;2021-02-09;615;439;23401;3218;4.3;0.6
25;2021-02-10;818;420;24219;3638;4.5;0.7
25;2021-02-11;589;774;24808;4412;4.6;0.8
25;2021-02-12;413;480;25221;4892;4.7;0.9
25;2021-02-13;97;116;25318;5008;4.7;0.9
25;2021-02-14;0;0;25318;5008;4.7;0.9
25;2021-02-15;186;836;25504;5844;4.7;1.1
25;2021-02-16;213;1210;25717;7054;4.8;1.3
25;2021-02-17;108;1103;25825;8157;4.8;1.5
25;2021-02-18;147;1219;25972;9376;4.8;1.7
25;2021-02-19;102;1038;26074;10414;4.8;1.9
25;2021-02-20;27;384;26101;10798;4.8;2.0
25;2021-02-21;1;107;26102;10905;4.8;2.0
25;2021-02-22;83;903;26185;11808;4.9;2.2
25;2021-02-23;195;904;26380;12712;4.9;2.4
25;2021-02-24;104;833;26484;13545;4.9;2.5
25;2021-02-25;522;828;27006;14373;5.0;2.7
25;2021-02-26;607;840;27613;15213;5.1;2.8
25;2021-02-27;228;330;27841;15543;5.2;2.9
25;2021-02-28;5;1;27846;15544;5.2;2.9
25;2021-03-01;443;551;28289;16095;5.2;3.0
25;2021-03-02;654;742;28943;16837;5.4;3.1
25;2021-03-03;542;667;29485;17504;5.5;3.2
25;2021-03-04;1157;616;30642;18120;5.7;3.4
25;2021-03-05;1855;356;32497;18476;6.0;3.4
25;2021-03-06;1170;211;33667;18687;6.2;3.5
25;2021-03-07;9;7;33676;18694;6.2;3.5
25;2021-03-08;548;643;34224;19337;6.3;3.6
25;2021-03-09;1040;740;35264;20077;6.5;3.7
25;2021-03-10;1151;617;36415;20694;6.8;3.8
25;2021-03-11;1658;570;38073;21264;7.1;3.9
25;2021-03-12;1996;451;40069;21715;7.4;4.0
25;2021-03-13;1120;99;41189;21814;7.6;4.0
25;2021-03-14;35;0;41224;21814;7.6;4.0
25;2021-03-15;1126;139;42350;21953;7.9;4.1
25;2021-03-16;1287;122;43637;22075;8.1;4.1
25;2021-03-17;1414;137;45051;22212;8.4;4.1
25;2021-03-18;1529;85;46580;22297;8.6;4.1
25;2021-03-19;1595;127;48175;22424;8.9;4.2
25;2021-03-20;822;41;48997;22465;9.1;4.2
25;2021-03-21;24;0;49021;22465;9.1;4.2
25;2021-03-22;1485;85;50506;22550;9.4;4.2
25;2021-03-23;2162;145;52668;22695;9.8;4.2
25;2021-03-24;2419;96;55087;22791;10.2;4.2
25;2021-03-25;2838;194;57925;22985;10.7;4.3
25;2021-03-26;3160;180;61085;23165;11.3;4.3
25;2021-03-27;1111;89;62196;23254;11.5;4.3
25;2021-03-28;121;64;62317;23318;11.6;4.3
25;2021-03-29;1789;278;64106;23596;11.9;4.4
25;2021-03-30;2214;394;66320;23990;12.3;4.4
25;2021-03-31;2221;359;68541;24349;12.7;4.5
25;2021-04-01;2450;522;70991;24871;13.2;4.6
25;2021-04-02;2027;601;73018;25472;13.5;4.7
25;2021-04-03;447;110;73465;25582;13.6;4.7
25;2021-04-04;39;19;73504;25601;13.6;4.7
25;2021-04-05;145;4;73649;25605;13.7;4.7
25;2021-04-06;1937;684;75586;26289;14.0;4.9
25;2021-04-07;1878;847;77464;27136;14.4;5.0
25;2021-04-08;2435;825;79899;27961;14.8;5.2
25;2021-04-09;2597;998;82496;28959;15.3;5.4
25;2021-04-10;977;288;83473;29247;15.5;5.4
25;2021-04-11;105;28;83578;29275;15.5;5.4
25;2021-04-12;1558;966;85136;30241;15.8;5.6
25;2021-04-13;1989;1320;87125;31561;16.2;5.9
25;2021-04-14;1750;1217;88875;32778;16.5;6.1
25;2021-04-15;1998;1328;90873;34106;16.8;6.3
25;2021-04-16;2084;1006;92957;35112;17.2;6.5
25;2021-04-17;1105;414;94062;35526;17.4;6.6
25;2021-04-18;118;18;94180;35544;17.5;6.6
25;2021-04-19;1327;1242;95507;36786;17.7;6.8
25;2021-04-20;1615;1460;97122;38246;18.0;7.1
25;2021-04-21;1717;1629;98839;39875;18.3;7.4
25;2021-04-22;1858;1709;100697;41584;18.7;7.7
25;2021-04-23;1903;1768;102600;43352;19.0;8.0
25;2021-04-24;1279;702;103879;44054;19.3;8.2
25;2021-04-25;140;114;104019;44168;19.3;8.2
25;2021-04-26;1722;1685;105741;45853;19.6;8.5
25;2021-04-27;2804;1521;108545;47374;20.1;8.8
25;2021-04-28;2426;1556;110971;48930;20.6;9.1
25;2021-04-29;2649;1829;113620;50759;21.1;9.4
25;2021-04-30;3109;1567;116729;52326;21.6;9.7
25;2021-05-01;1789;334;118518;52660;22.0;9.8
25;2021-05-02;442;22;118960;52682;22.1;9.8
25;2021-05-03;2902;843;121862;53525;22.6;9.9
25;2021-05-04;2640;1885;124502;55410;23.1;10.3
25;2021-05-05;2598;1666;127100;57076;23.6;10.6
25;2021-05-06;2927;2164;130027;59240;24.1;11.0
25;2021-05-07;3063;2117;133090;61357;24.7;11.4
25;2021-05-08;1334;229;134424;61586;24.9;11.4
25;2021-05-09;244;87;134668;61673;25.0;11.4
25;2021-05-10;3130;1635;137798;63308;25.5;11.7
25;2021-05-11;3748;2040;141546;65348;26.2;12.1
25;2021-05-12;3688;1788;145234;67136;26.9;12.4
25;2021-05-13;3523;598;148757;67734;27.6;12.6
25;2021-05-14;4484;1307;153241;69041;28.4;12.8
25;2021-05-15;3282;710;156523;69751;29.0;12.9
25;2021-05-16;723;93;157246;69844;29.1;12.9
25;2021-05-17;4090;1096;161336;70940;29.9;13.2
25;2021-05-18;5204;1192;166540;72132;30.9;13.4
25;2021-05-19;5248;1133;171788;73265;31.8;13.6
25;2021-05-20;5135;1451;176923;74716;32.8;13.9
25;2021-05-21;5764;1980;182687;76696;33.9;14.2
25;2021-05-22;3177;722;185864;77418;34.5;14.4
25;2021-05-23;781;156;186645;77574;34.6;14.4
25;2021-05-24;1528;152;188173;77726;34.9;14.4
25;2021-05-25;3515;1647;191688;79373;35.5;14.7
25;2021-05-26;3977;1555;195665;80928;36.3;15.0
25;2021-05-27;4519;1898;200184;82826;37.1;15.4
25;2021-05-28;3994;2652;204178;85478;37.8;15.8
25;2021-05-29;2016;1021;206194;86499;38.2;16.0
25;2021-05-30;175;96;206369;86595;38.3;16.1
25;2021-05-31;2673;1706;209042;88301;38.8;16.4
25;2021-06-01;2729;2157;211771;90458;39.3;16.8
25;2021-06-02;2609;2247;214380;92705;39.7;17.2
25;2021-06-03;3274;2044;217654;94749;40.3;17.6
25;2021-06-04;3210;2407;220864;97156;40.9;18.0
25;2021-06-05;1492;1401;222356;98557;41.2;18.3
25;2021-06-06;987;259;223343;98816;41.4;18.3
25;2021-06-07;2782;2575;226125;101391;41.9;18.8
25;2021-06-08;2605;2760;228730;104151;42.4;19.3
25;2021-06-09;2382;2764;231112;106915;42.8;19.8
25;2021-06-10;2324;2654;233436;109569;43.3;20.3
25;2021-06-11;2709;3302;236145;112871;43.8;20.9
25;2021-06-12;1572;1861;237717;114732;44.1;21.3
25;2021-06-13;496;257;238213;114989;44.2;21.3
25;2021-06-14;1422;3754;239635;118743;44.4;22.0
25;2021-06-15;1644;3567;241279;122310;44.7;22.7
25;2021-06-16;1954;3273;243233;125583;45.1;23.3
25;2021-06-17;1474;3323;244707;128906;45.4;23.9
25;2021-06-18;2289;4297;246996;133203;45.8;24.7
25;2021-06-19;1351;1976;248347;135179;46.0;25.1
25;2021-06-20;59;239;248406;135418;46.0;25.1
25;2021-06-21;1139;4139;249545;139557;46.3;25.9
25;2021-06-22;1150;4674;250695;144231;46.5;26.7
25;2021-06-23;1406;4073;252101;148304;46.7;27.5
25;2021-06-24;1194;4085;253295;152389;47.0;28.2
25;2021-06-25;1641;5604;254936;157993;47.3;29.3
25;2021-06-26;626;3384;255562;161377;47.4;29.9
25;2021-06-27;451;878;256013;162255;47.5;30.1
25;2021-06-28;907;4475;256920;166730;47.6;30.9
25;2021-06-29;1132;5471;258052;172201;47.8;31.9
25;2021-06-30;1311;5369;259363;177570;48.1;32.9
25;2021-07-01;1709;5230;261072;182800;48.4;33.9
25;2021-07-02;1751;5061;262823;187861;48.7;34.8
25;2021-07-03;1042;2694;263865;190555;48.9;35.3
25;2021-07-04;409;722;264274;191277;49.0;35.5
25;2021-07-05;1300;2579;265574;193856;49.2;35.9
25;2021-07-06;1571;4747;267145;198603;49.5;36.8
25;2021-07-07;1600;4504;268745;203107;49.8;37.7
25;2021-07-08;1556;3933;270301;207040;50.1;38.4
25;2021-07-09;1800;4588;272101;211628;50.4;39.2
25;2021-07-10;781;2372;272882;214000;50.6;39.7
25;2021-07-11;127;307;273009;214307;50.6;39.7
25;2021-07-12;1405;3860;274414;218167;50.9;40.4
25;2021-07-13;2473;4768;276887;222935;51.3;41.3
25;2021-07-14;379;561;277266;223496;51.4;41.4
25;2021-07-15;2403;3654;279669;227150;51.8;42.1
25;2021-07-16;3486;3833;283155;230983;52.5;42.8
25;2021-07-17;2208;2039;285363;233022;52.9;43.2
25;2021-07-18;807;1300;286170;234322;53.0;43.4
25;2021-07-19;2545;4209;288715;238531;53.5;44.2
25;2021-07-20;3383;3714;292098;242245;54.1;44.9
25;2021-07-21;3301;3369;295399;245614;54.8;45.5
25;2021-07-22;3350;2986;298749;248600;55.4;46.1
25;2021-07-23;3567;3354;302316;251954;56.0;46.7
25;2021-07-24;1414;2271;303730;254225;56.3;47.1
25;2021-07-25;679;709;304409;254934;56.4;47.3
25;2021-07-26;3057;3009;307466;257943;57.0;47.8
25;2021-07-27;3835;2125;311301;260068;57.7;48.2
25;2021-07-28;3694;2119;314995;262187;58.4;48.6
25;2021-07-29;4320;2091;319315;264278;59.2;49.0
25;2021-07-30;4295;2487;323610;266765;60.0;49.5
25;2021-07-31;1821;1469;325431;268234;60.3;49.7
25;2021-08-01;1352;199;326783;268433;60.6;49.8
25;2021-08-02;2735;2212;329518;270645;61.1;50.2
25;2021-08-03;2840;2205;332358;272850;61.6;50.6
25;2021-08-04;2939;1430;335297;274280;62.2;50.8
25;2021-08-05;2199;1732;337496;276012;62.6;51.2
25;2021-08-06;2282;2348;339778;278360;63.0;51.6
25;2021-08-07;1293;1206;341071;279566;63.2;51.8
25;2021-08-08;326;477;341397;280043;63.3;51.9
25;2021-08-09;2025;2228;343422;282271;63.7;52.3
25;2021-08-10;1970;2521;345392;284792;64.0;52.8
25;2021-08-11;1832;2032;347224;286824;64.4;53.2
25;2021-08-12;2144;2502;349368;289326;64.8;53.6
25;2021-08-13;1702;2023;351070;291349;65.1;54.0
25;2021-08-14;969;1788;352039;293137;65.3;54.3
25;2021-08-15;9;45;352048;293182;65.3;54.3
25;2021-08-16;1257;3260;353305;296442;65.5;55.0
25;2021-08-17;1457;3285;354762;299727;65.8;55.6
25;2021-08-18;1232;2802;355994;302529;66.0;56.1
25;2021-08-19;985;2867;356979;305396;66.2;56.6
25;2021-08-20;1421;3692;358400;309088;66.4;57.3
25;2021-08-21;566;1781;358966;310869;66.5;57.6
25;2021-08-22;212;1273;359178;312142;66.6;57.9
25;2021-08-23;1099;3333;360277;315475;66.8;58.5
25;2021-08-24;1065;3230;361342;318705;67.0;59.1
25;2021-08-25;1017;3059;362359;321764;67.2;59.6
25;2021-08-26;1135;3005;363494;324769;67.4;60.2
25;2021-08-27;1197;3060;364691;327829;67.6;60.8
25;2021-08-28;589;1785;365280;329614;67.7;61.1
25;2021-08-29;158;511;365438;330125;67.7;61.2
25;2021-08-30;935;2822;366373;332947;67.9;61.7
25;2021-08-31;962;2417;367335;335364;68.1;62.2
25;2021-09-01;837;2573;368172;337937;68.2;62.6
25;2021-09-02;766;1947;368938;339884;68.4;63.0
25;2021-09-03;791;2215;369729;342099;68.5;63.4
25;2021-09-04;686;1548;370415;343647;68.7;63.7
25;2021-09-05;127;234;370542;343881;68.7;63.7
25;2021-09-06;622;1842;371164;345723;68.8;64.1
25;2021-09-07;488;1412;371652;347135;68.9;64.3
25;2021-09-08;621;1996;372273;349131;69.0;64.7
25;2021-09-09;425;1351;372698;350482;69.1;65.0
25;2021-09-10;838;2060;373536;352542;69.2;65.4
25;2021-09-11;372;1139;373908;353681;69.3;65.6
25;2021-09-12;110;229;374018;353910;69.3;65.6
26;2020-12-27;0;0;0;0;0.0;0.0
26;2020-12-28;0;0;0;0;0.0;0.0
26;2020-12-29;0;0;0;0;0.0;0.0
26;2020-12-30;0;0;0;0;0.0;0.0
26;2020-12-31;0;0;0;0;0.0;0.0
26;2021-01-01;1;0;1;0;0.0;0.0
26;2021-01-02;0;0;1;0;0.0;0.0
26;2021-01-03;0;0;1;0;0.0;0.0
26;2021-01-04;0;0;1;0;0.0;0.0
26;2021-01-05;0;0;1;0;0.0;0.0
26;2021-01-06;0;0;1;0;0.0;0.0
26;2021-01-07;168;0;169;0;0.0;0.0
26;2021-01-08;125;0;294;0;0.1;0.0
26;2021-01-09;2;0;296;0;0.1;0.0
26;2021-01-10;0;0;296;0;0.1;0.0
26;2021-01-11;266;1;562;1;0.1;0.0
26;2021-01-12;176;1;738;2;0.1;0.0
26;2021-01-13;417;1;1155;3;0.2;0.0
26;2021-01-14;488;0;1643;3;0.3;0.0
26;2021-01-15;563;1;2206;4;0.4;0.0
26;2021-01-16;250;1;2456;5;0.5;0.0
26;2021-01-17;0;0;2456;5;0.5;0.0
26;2021-01-18;637;1;3093;6;0.6;0.0
26;2021-01-19;785;3;3878;9;0.7;0.0
26;2021-01-20;742;0;4620;9;0.9;0.0
26;2021-01-21;807;2;5427;11;1.0;0.0
26;2021-01-22;787;4;6214;15;1.2;0.0
26;2021-01-23;563;3;6777;18;1.3;0.0
26;2021-01-24;24;0;6801;18;1.3;0.0
26;2021-01-25;697;3;7498;21;1.4;0.0
26;2021-01-26;801;4;8299;25;1.6;0.0
26;2021-01-27;822;6;9121;31;1.8;0.0
26;2021-01-28;1329;104;10450;135;2.0;0.0
26;2021-01-29;970;63;11420;198;2.2;0.0
26;2021-01-30;606;5;12026;203;2.3;0.0
26;2021-01-31;24;0;12050;203;2.3;0.0
26;2021-02-01;710;177;12760;380;2.5;0.1
26;2021-02-02;1274;202;14034;582;2.7;0.1
26;2021-02-03;1256;247;15290;829;2.9;0.2
26;2021-02-04;986;409;16276;1238;3.1;0.2
26;2021-02-05;673;298;16949;1536;3.3;0.3
26;2021-02-06;407;187;17356;1723;3.3;0.3
26;2021-02-07;57;2;17413;1725;3.3;0.3
26;2021-02-08;545;364;17958;2089;3.4;0.4
26;2021-02-09;616;423;18574;2512;3.6;0.5
26;2021-02-10;665;304;19239;2816;3.7;0.5
26;2021-02-11;753;262;19992;3078;3.8;0.6
26;2021-02-12;590;400;20582;3478;4.0;0.7
26;2021-02-13;388;245;20970;3723;4.0;0.7
26;2021-02-14;36;0;21006;3723;4.0;0.7
26;2021-02-15;414;432;21420;4155;4.1;0.8
26;2021-02-16;294;454;21714;4609;4.2;0.9
26;2021-02-17;196;625;21910;5234;4.2;1.0
26;2021-02-18;337;787;22247;6021;4.3;1.2
26;2021-02-19;341;725;22588;6746;4.3;1.3
26;2021-02-20;95;401;22683;7147;4.4;1.4
26;2021-02-21;3;17;22686;7164;4.4;1.4
26;2021-02-22;144;574;22830;7738;4.4;1.5
26;2021-02-23;398;909;23228;8647;4.5;1.7
26;2021-02-24;344;1123;23572;9770;4.5;1.9
26;2021-02-25;740;965;24312;10735;4.7;2.1
26;2021-02-26;926;567;25238;11302;4.8;2.2
26;2021-02-27;278;443;25516;11745;4.9;2.3
26;2021-02-28;3;29;25519;11774;4.9;2.3
26;2021-03-01;458;591;25977;12365;5.0;2.4
26;2021-03-02;742;562;26719;12927;5.1;2.5
26;2021-03-03;730;623;27449;13550;5.3;2.6
26;2021-03-04;1045;532;28494;14082;5.5;2.7
26;2021-03-05;1710;482;30204;14564;5.8;2.8
26;2021-03-06;2773;447;32977;15011;6.3;2.9
26;2021-03-07;2989;217;35966;15228;6.9;2.9
26;2021-03-08;910;605;36876;15833;7.1;3.0
26;2021-03-09;1325;528;38201;16361;7.3;3.1
26;2021-03-10;1219;491;39420;16852;7.6;3.2
26;2021-03-11;1609;636;41029;17488;7.9;3.4
26;2021-03-12;2215;470;43244;17958;8.3;3.4
26;2021-03-13;1886;334;45130;18292;8.7;3.5
26;2021-03-14;69;39;45199;18331;8.7;3.5
26;2021-03-15;1652;248;46851;18579;9.0;3.6
26;2021-03-16;1233;516;48084;19095;9.2;3.7
26;2021-03-17;1369;302;49453;19397;9.5;3.7
26;2021-03-18;1587;278;51040;19675;9.8;3.8
26;2021-03-19;2444;343;53484;20018;10.3;3.8
26;2021-03-20;1289;151;54773;20169;10.5;3.9
26;2021-03-21;61;20;54834;20189;10.5;3.9
26;2021-03-22;1847;195;56681;20384;10.9;3.9
26;2021-03-23;2475;275;59156;20659;11.4;4.0
26;2021-03-24;2552;246;61708;20905;11.9;4.0
26;2021-03-25;3043;339;64751;21244;12.4;4.1
26;2021-03-26;3050;356;67801;21600;13.0;4.1
26;2021-03-27;1245;160;69046;21760;13.3;4.2
26;2021-03-28;94;7;69140;21767;13.3;4.2
26;2021-03-29;1908;406;71048;22173;13.6;4.3
26;2021-03-30;2383;550;73431;22723;14.1;4.4
26;2021-03-31;2229;582;75660;23305;14.5;4.5
26;2021-04-01;2278;778;77938;24083;15.0;4.6
26;2021-04-02;2214;986;80152;25069;15.4;4.8
26;2021-04-03;552;1200;80704;26269;15.5;5.0
26;2021-04-04;215;884;80919;27153;15.5;5.2
26;2021-04-05;556;53;81475;27206;15.7;5.2
26;2021-04-06;1486;833;82961;28039;15.9;5.4
26;2021-04-07;1792;895;84753;28934;16.3;5.6
26;2021-04-08;3007;936;87760;29870;16.9;5.7
26;2021-04-09;3416;1008;91176;30878;17.5;5.9
26;2021-04-10;1356;924;92532;31802;17.8;6.1
26;2021-04-11;88;35;92620;31837;17.8;6.1
26;2021-04-12;1714;1125;94334;32962;18.1;6.3
26;2021-04-13;2797;1454;97131;34416;18.7;6.6
26;2021-04-14;2207;1484;99338;35900;19.1;6.9
26;2021-04-15;2281;1589;101619;37489;19.5;7.2
26;2021-04-16;2271;1591;103890;39080;20.0;7.5
26;2021-04-17;1096;840;104986;39920;20.2;7.7
26;2021-04-18;36;52;105022;39972;20.2;7.7
26;2021-04-19;1547;1569;106569;41541;20.5;8.0
26;2021-04-20;1799;1726;108368;43267;20.8;8.3
26;2021-04-21;2012;1506;110380;44773;21.2;8.6
26;2021-04-22;2291;1599;112671;46372;21.6;8.9
26;2021-04-23;2011;1636;114682;48008;22.0;9.2
26;2021-04-24;1655;845;116337;48853;22.3;9.4
26;2021-04-25;629;97;116966;48950;22.5;9.4
26;2021-04-26;1377;1595;118343;50545;22.7;9.7
26;2021-04-27;1986;1685;120329;52230;23.1;10.0
26;2021-04-28;1867;1543;122196;53773;23.5;10.3
26;2021-04-29;2866;1892;125062;55665;24.0;10.7
26;2021-04-30;2627;1764;127689;57429;24.5;11.0
26;2021-05-01;1538;378;129227;57807;24.8;11.1
26;2021-05-02;1086;118;130313;57925;25.0;11.1
26;2021-05-03;2200;1787;132513;59712;25.5;11.5
26;2021-05-04;2614;2358;135127;62070;26.0;11.9
26;2021-05-05;2772;2198;137899;64268;26.5;12.3
26;2021-05-06;3321;2222;141220;66490;27.1;12.8
26;2021-05-07;2861;2255;144081;68745;27.7;13.2
26;2021-05-08;1960;620;146041;69365;28.1;13.3
26;2021-05-09;713;123;146754;69488;28.2;13.3
26;2021-05-10;3022;1827;149776;71315;28.8;13.7
26;2021-05-11;4446;2183;154222;73498;29.6;14.1
26;2021-05-12;4828;1694;159050;75192;30.6;14.4
26;2021-05-13;4363;616;163413;75808;31.4;14.6
26;2021-05-14;4642;1549;168055;77357;32.3;14.9
26;2021-05-15;4469;625;172524;77982;33.1;15.0
26;2021-05-16;3631;344;176155;78326;33.8;15.0
26;2021-05-17;3657;1486;179812;79812;34.5;15.3
26;2021-05-18;4477;1742;184289;81554;35.4;15.7
26;2021-05-19;4486;1451;188775;83005;36.3;15.9
26;2021-05-20;4685;1765;193460;84770;37.2;16.3
26;2021-05-21;4731;1800;198191;86570;38.1;16.6
26;2021-05-22;3189;691;201380;87261;38.7;16.8
26;2021-05-23;1598;183;202978;87444;39.0;16.8
26;2021-05-24;3791;743;206769;88187;39.7;16.9
26;2021-05-25;3593;2348;210362;90535;40.4;17.4
26;2021-05-26;4179;2271;214541;92806;41.2;17.8
26;2021-05-27;4215;2461;218756;95267;42.0;18.3
26;2021-05-28;3777;2768;222533;98035;42.7;18.8
26;2021-05-29;3088;1654;225621;99689;43.3;19.2
26;2021-05-30;322;71;225943;99760;43.4;19.2
26;2021-05-31;3081;1854;229024;101614;44.0;19.5
26;2021-06-01;3111;2307;232135;103921;44.6;20.0
26;2021-06-02;2871;2218;235006;106139;45.1;20.4
26;2021-06-03;2851;2491;237857;108630;45.7;20.9
26;2021-06-04;2660;2908;240517;111538;46.2;21.4
26;2021-06-05;1805;1694;242322;113232;46.6;21.8
26;2021-06-06;9;0;242331;113232;46.6;21.8
26;2021-06-07;2348;2430;244679;115662;47.0;22.2
26;2021-06-08;2453;2293;247132;117955;47.5;22.7
26;2021-06-09;2095;2388;249227;120343;47.9;23.1
26;2021-06-10;1981;2763;251208;123106;48.3;23.6
26;2021-06-11;1896;3274;253104;126380;48.6;24.3
26;2021-06-12;1219;1790;254323;128170;48.9;24.6
26;2021-06-13;97;214;254420;128384;48.9;24.7
26;2021-06-14;1417;3498;255837;131882;49.1;25.3
26;2021-06-15;1585;3964;257422;135846;49.5;26.1
26;2021-06-16;1785;3469;259207;139315;49.8;26.8
26;2021-06-17;1510;3167;260717;142482;50.1;27.4
26;2021-06-18;1797;4370;262514;146852;50.4;28.2
26;2021-06-19;933;3181;263447;150033;50.6;28.8
26;2021-06-20;264;876;263711;150909;50.7;29.0
26;2021-06-21;1005;4557;264716;155466;50.9;29.9
26;2021-06-22;1061;5120;265777;160586;51.1;30.8
26;2021-06-23;1167;5072;266944;165658;51.3;31.8
26;2021-06-24;1260;4543;268204;170201;51.5;32.7
26;2021-06-25;1014;5541;269218;175742;51.7;33.8
26;2021-06-26;662;3825;269880;179567;51.8;34.5
26;2021-06-27;300;1273;270180;180840;51.9;34.7
26;2021-06-28;778;4757;270958;185597;52.1;35.7
26;2021-06-29;1098;4959;272056;190556;52.3;36.6
26;2021-06-30;1413;4893;273469;195449;52.5;37.5
26;2021-07-01;1651;4392;275120;199841;52.9;38.4
26;2021-07-02;1334;5164;276454;205005;53.1;39.4
26;2021-07-03;771;3322;277225;208327;53.3;40.0
26;2021-07-04;332;633;277557;208960;53.3;40.1
26;2021-07-05;889;4677;278446;213637;53.5;41.0
26;2021-07-06;1266;4201;279712;217838;53.7;41.8
26;2021-07-07;1442;3797;281154;221635;54.0;42.6
26;2021-07-08;2388;3332;283542;224967;54.5;43.2
26;2021-07-09;1559;4790;285101;229757;54.8;44.1
26;2021-07-10;910;2914;286011;232671;54.9;44.7
26;2021-07-11;333;348;286344;233019;55.0;44.8
26;2021-07-12;1113;4219;287457;237238;55.2;45.6
26;2021-07-13;2303;4343;289760;241581;55.7;46.4
26;2021-07-14;1060;813;290820;242394;55.9;46.6
26;2021-07-15;3169;3655;293989;246049;56.5;47.3
26;2021-07-16;3004;3690;296993;249739;57.1;48.0
26;2021-07-17;1877;1814;298870;251553;57.4;48.3
26;2021-07-18;20;24;298890;251577;57.4;48.3
26;2021-07-19;2727;3266;301617;254843;57.9;49.0
26;2021-07-20;3706;3371;305323;258214;58.7;49.6
26;2021-07-21;3589;3085;308912;261299;59.3;50.2
26;2021-07-22;4122;2970;313034;264269;60.1;50.8
26;2021-07-23;3862;3401;316896;267670;60.9;51.4
26;2021-07-24;2344;1363;319240;269033;61.3;51.7
26;2021-07-25;608;97;319848;269130;61.4;51.7
26;2021-07-26;3428;2582;323276;271712;62.1;52.2
26;2021-07-27;4845;2621;328121;274333;63.0;52.7
26;2021-07-28;4537;2394;332658;276727;63.9;53.2
26;2021-07-29;3906;2896;336564;279623;64.7;53.7
26;2021-07-30;3487;2672;340051;282295;65.3;54.2
26;2021-07-31;1144;1009;341195;283304;65.5;54.4
26;2021-08-01;417;108;341612;283412;65.6;54.4
26;2021-08-02;2948;2363;344560;285775;66.2;54.9
26;2021-08-03;3297;2296;347857;288071;66.8;55.3
26;2021-08-04;3996;2015;351853;290086;67.6;55.7
26;2021-08-05;3145;2201;354998;292287;68.2;56.1
26;2021-08-06;3140;2640;358138;294927;68.8;56.7
26;2021-08-07;640;844;358778;295771;68.9;56.8
26;2021-08-08;29;13;358807;295784;68.9;56.8
26;2021-08-09;2190;3061;360997;298845;69.3;57.4
26;2021-08-10;2340;3045;363337;301890;69.8;58.0
26;2021-08-11;2079;2719;365416;304609;70.2;58.5
26;2021-08-12;1773;2586;367189;307195;70.5;59.0
26;2021-08-13;1739;2424;368928;309619;70.9;59.5
26;2021-08-14;272;872;369200;310491;70.9;59.6
26;2021-08-15;6;8;369206;310499;70.9;59.6
26;2021-08-16;1186;3290;370392;313789;71.2;60.3
26;2021-08-17;1516;3152;371908;316941;71.4;60.9
26;2021-08-18;1631;3377;373539;320318;71.8;61.5
26;2021-08-19;1554;3070;375093;323388;72.1;62.1
26;2021-08-20;1439;2978;376532;326366;72.3;62.7
26;2021-08-21;596;1090;377128;327456;72.4;62.9
26;2021-08-22;59;379;377187;327835;72.5;63.0
26;2021-08-23;1590;3618;378777;331453;72.8;63.7
26;2021-08-24;1727;3591;380504;335044;73.1;64.4
26;2021-08-25;1603;3660;382107;338704;73.4;65.1
26;2021-08-26;1485;3154;383592;341858;73.7;65.7
26;2021-08-27;1557;3605;385149;345463;74.0;66.4
26;2021-08-28;395;1101;385544;346564;74.1;66.6
26;2021-08-29;10;25;385554;346589;74.1;66.6
26;2021-08-30;1460;3438;387014;350027;74.3;67.2
26;2021-08-31;1280;3428;388294;353455;74.6;67.9
26;2021-09-01;1367;2812;389661;356267;74.9;68.4
26;2021-09-02;1112;2149;390773;358416;75.1;68.9
26;2021-09-03;1102;2752;391875;361168;75.3;69.4
26;2021-09-04;426;738;392301;361906;75.4;69.5
26;2021-09-05;25;24;392326;361930;75.4;69.5
26;2021-09-06;723;1776;393049;363706;75.5;69.9
26;2021-09-07;753;1692;393802;365398;75.6;70.2
26;2021-09-08;838;1923;394640;367321;75.8;70.6
26;2021-09-09;500;1607;395140;368928;75.9;70.9
26;2021-09-10;829;1992;395969;370920;76.1;71.3
26;2021-09-11;298;793;396267;371713;76.1;71.4
26;2021-09-12;1;5;396268;371718;76.1;71.4
27;2020-12-27;1;0;1;0;0.0;0.0
27;2020-12-28;1;0;2;0;0.0;0.0
27;2020-12-29;2;0;4;0;0.0;0.0
27;2020-12-30;0;0;4;0;0.0;0.0
27;2020-12-31;0;0;4;0;0.0;0.0
27;2021-01-01;0;0;4;0;0.0;0.0
27;2021-01-02;0;0;4;0;0.0;0.0
27;2021-01-03;2;0;6;0;0.0;0.0
27;2021-01-04;0;0;6;0;0.0;0.0
27;2021-01-05;15;0;21;0;0.0;0.0
27;2021-01-06;161;0;182;0;0.0;0.0
27;2021-01-07;372;1;554;1;0.1;0.0
27;2021-01-08;443;0;997;1;0.2;0.0
27;2021-01-09;72;1;1069;2;0.2;0.0
27;2021-01-10;100;0;1169;2;0.2;0.0
27;2021-01-11;383;0;1552;2;0.3;0.0
27;2021-01-12;409;2;1961;4;0.3;0.0
27;2021-01-13;840;1;2801;5;0.5;0.0
27;2021-01-14;1630;24;4431;29;0.7;0.0
27;2021-01-15;1222;3;5653;32;0.9;0.0
27;2021-01-16;333;1;5986;33;1.0;0.0
27;2021-01-17;205;0;6191;33;1.0;0.0
27;2021-01-18;799;2;6990;35;1.2;0.0
27;2021-01-19;773;3;7763;38;1.3;0.0
27;2021-01-20;871;1;8634;39;1.4;0.0
27;2021-01-21;655;4;9289;43;1.5;0.0
27;2021-01-22;780;4;10069;47;1.7;0.0
27;2021-01-23;350;0;10419;47;1.7;0.0
27;2021-01-24;169;2;10588;49;1.8;0.0
27;2021-01-25;635;14;11223;63;1.9;0.0
27;2021-01-26;462;16;11685;79;1.9;0.0
27;2021-01-27;506;98;12191;177;2.0;0.0
27;2021-01-28;517;235;12708;412;2.1;0.1
27;2021-01-29;509;99;13217;511;2.2;0.1
27;2021-01-30;242;23;13459;534;2.2;0.1
27;2021-01-31;27;18;13486;552;2.2;0.1
27;2021-02-01;348;180;13834;732;2.3;0.1
27;2021-02-02;307;262;14141;994;2.4;0.2
27;2021-02-03;487;377;14628;1371;2.4;0.2
27;2021-02-04;716;851;15344;2222;2.6;0.4
27;2021-02-05;664;1073;16008;3295;2.7;0.5
27;2021-02-06;126;194;16134;3489;2.7;0.6
27;2021-02-07;25;36;16159;3525;2.7;0.6
27;2021-02-08;312;312;16471;3837;2.7;0.6
27;2021-02-09;341;491;16812;4328;2.8;0.7
27;2021-02-10;303;457;17115;4785;2.8;0.8
27;2021-02-11;318;374;17433;5159;2.9;0.9
27;2021-02-12;230;444;17663;5603;2.9;0.9
27;2021-02-13;151;109;17814;5712;3.0;1.0
27;2021-02-14;6;67;17820;5779;3.0;1.0
27;2021-02-15;390;461;18210;6240;3.0;1.0
27;2021-02-16;295;556;18505;6796;3.1;1.1
27;2021-02-17;247;481;18752;7277;3.1;1.2
27;2021-02-18;363;510;19115;7787;3.2;1.3
27;2021-02-19;218;550;19333;8337;3.2;1.4
27;2021-02-20;129;208;19462;8545;3.2;1.4
27;2021-02-21;12;97;19474;8642;3.2;1.4
27;2021-02-22;482;460;19956;9102;3.3;1.5
27;2021-02-23;495;529;20451;9631;3.4;1.6
27;2021-02-24;543;545;20994;10176;3.5;1.7
27;2021-02-25;847;650;21841;10826;3.6;1.8
27;2021-02-26;953;606;22794;11432;3.8;1.9
27;2021-02-27;408;134;23202;11566;3.9;1.9
27;2021-02-28;173;25;23375;11591;3.9;1.9
27;2021-03-01;488;390;23863;11981;4.0;2.0
27;2021-03-02;765;312;24628;12293;4.1;2.0
27;2021-03-03;852;288;25480;12581;4.2;2.1
27;2021-03-04;887;211;26367;12792;4.4;2.1
27;2021-03-05;1304;213;27671;13005;4.6;2.2
27;2021-03-06;1637;102;29308;13107;4.9;2.2
27;2021-03-07;620;16;29928;13123;5.0;2.2
27;2021-03-08;1204;273;31132;13396;5.2;2.2
27;2021-03-09;1827;242;32959;13638;5.5;2.3
27;2021-03-10;2116;328;35075;13966;5.8;2.3
27;2021-03-11;2162;201;37237;14167;6.2;2.4
27;2021-03-12;2818;195;40055;14362;6.7;2.4
27;2021-03-13;1919;123;41974;14485;7.0;2.4
27;2021-03-14;655;15;42629;14500;7.1;2.4
27;2021-03-15;1556;214;44185;14714;7.4;2.4
27;2021-03-16;1489;237;45674;14951;7.6;2.5
27;2021-03-17;1855;337;47529;15288;7.9;2.5
27;2021-03-18;1688;344;49217;15632;8.2;2.6
27;2021-03-19;1833;162;51050;15794;8.5;2.6
27;2021-03-20;905;41;51955;15835;8.6;2.6
27;2021-03-21;258;3;52213;15838;8.7;2.6
27;2021-03-22;1235;536;53448;16374;8.9;2.7
27;2021-03-23;1627;444;55075;16818;9.2;2.8
27;2021-03-24;1523;468;56598;17286;9.4;2.9
27;2021-03-25;2165;507;58763;17793;9.8;3.0
27;2021-03-26;2531;433;61294;18226;10.2;3.0
27;2021-03-27;1568;199;62862;18425;10.5;3.1
27;2021-03-28;1149;49;64011;18474;10.7;3.1
27;2021-03-29;1375;820;65386;19294;10.9;3.2
27;2021-03-30;1391;839;66777;20133;11.1;3.4
27;2021-03-31;1487;866;68264;20999;11.4;3.5
27;2021-04-01;1956;811;70220;21810;11.7;3.6
27;2021-04-02;2000;1176;72220;22986;12.0;3.8
27;2021-04-03;1563;731;73783;23717;12.3;3.9
27;2021-04-04;978;175;74761;23892;12.4;4.0
27;2021-04-05;283;6;75044;23898;12.5;4.0
27;2021-04-06;1416;1791;76460;25689;12.7;4.3
27;2021-04-07;1323;1742;77783;27431;12.9;4.6
27;2021-04-08;1684;1679;79467;29110;13.2;4.8
27;2021-04-09;2949;1560;82416;30670;13.7;5.1
27;2021-04-10;2034;986;84450;31656;14.1;5.3
27;2021-04-11;946;211;85396;31867;14.2;5.3
27;2021-04-12;2435;1510;87831;33377;14.6;5.6
27;2021-04-13;2393;1548;90224;34925;15.0;5.8
27;2021-04-14;2085;1623;92309;36548;15.4;6.1
27;2021-04-15;1874;1659;94183;38207;15.7;6.4
27;2021-04-16;2753;1110;96936;39317;16.1;6.5
27;2021-04-17;2169;497;99105;39814;16.5;6.6
27;2021-04-18;453;16;99558;39830;16.6;6.6
27;2021-04-19;1713;1175;101271;41005;16.9;6.8
27;2021-04-20;2387;1301;103658;42306;17.3;7.0
27;2021-04-21;2210;1081;105868;43387;17.6;7.2
27;2021-04-22;2180;1418;108048;44805;18.0;7.5
27;2021-04-23;2447;1180;110495;45985;18.4;7.7
27;2021-04-24;3258;1146;113753;47131;18.9;7.8
27;2021-04-25;1130;1051;114883;48182;19.1;8.0
27;2021-04-26;1924;1147;116807;49329;19.4;8.2
27;2021-04-27;2529;1087;119336;50416;19.9;8.4
27;2021-04-28;2396;1313;121732;51729;20.3;8.6
27;2021-04-29;2491;1471;124223;53200;20.7;8.9
27;2021-04-30;2371;1609;126594;54809;21.1;9.1
27;2021-05-01;2638;891;129232;55700;21.5;9.3
27;2021-05-02;1953;896;131185;56596;21.8;9.4
27;2021-05-03;3064;872;134249;57468;22.3;9.6
27;2021-05-04;2781;1647;137030;59115;22.8;9.8
27;2021-05-05;2816;1648;139846;60763;23.3;10.1
27;2021-05-06;3184;1285;143030;62048;23.8;10.3
27;2021-05-07;3322;1982;146352;64030;24.4;10.7
27;2021-05-08;2804;1329;149156;65359;24.8;10.9
27;2021-05-09;1696;296;150852;65655;25.1;10.9
27;2021-05-10;2950;2269;153802;67924;25.6;11.3
27;2021-05-11;3358;1755;157160;69679;26.2;11.6
27;2021-05-12;3463;1726;160623;71405;26.7;11.9
27;2021-05-13;1892;254;162515;71659;27.1;11.9
27;2021-05-14;3884;1785;166399;73444;27.7;12.2
27;2021-05-15;6602;951;173001;74395;28.8;12.4
27;2021-05-16;3668;436;176669;74831;29.4;12.5
27;2021-05-17;2776;1161;179445;75992;29.9;12.7
27;2021-05-18;3845;1294;183290;77286;30.5;12.9
27;2021-05-19;3967;1154;187257;78440;31.2;13.1
27;2021-05-20;3874;1169;191131;79609;31.8;13.3
27;2021-05-21;3968;1789;195099;81398;32.5;13.6
27;2021-05-22;4369;802;199468;82200;33.2;13.7
27;2021-05-23;799;173;200267;82373;33.3;13.7
27;2021-05-24;1490;342;201757;82715;33.6;13.8
27;2021-05-25;3512;1606;205269;84321;34.2;14.0
27;2021-05-26;3857;1742;209126;86063;34.8;14.3
27;2021-05-27;3789;1482;212915;87545;35.4;14.6
27;2021-05-28;3401;2620;216316;90165;36.0;15.0
27;2021-05-29;4823;2300;221139;92465;36.8;15.4
27;2021-05-30;1118;248;222257;92713;37.0;15.4
27;2021-05-31;3466;2271;225723;94984;37.6;15.8
27;2021-06-01;3816;2243;229539;97227;38.2;16.2
27;2021-06-02;3341;2179;232880;99406;38.8;16.5
27;2021-06-03;4430;2116;237310;101522;39.5;16.9
27;2021-06-04;3603;2965;240913;104487;40.1;17.4
27;2021-06-05;3208;3351;244121;107838;40.6;18.0
27;2021-06-06;2005;1007;246126;108845;41.0;18.1
27;2021-06-07;2571;2357;248697;111202;41.4;18.5
27;2021-06-08;3127;2377;251824;113579;41.9;18.9
27;2021-06-09;2304;2470;254128;116049;42.3;19.3
27;2021-06-10;2431;2037;256559;118086;42.7;19.7
27;2021-06-11;2890;3769;259449;121855;43.2;20.3
27;2021-06-12;1982;4192;261431;126047;43.5;21.0
27;2021-06-13;1084;2686;262515;128733;43.7;21.4
27;2021-06-14;1995;3108;264510;131841;44.0;21.9
27;2021-06-15;2688;3018;267198;134859;44.5;22.5
27;2021-06-16;2502;3256;269700;138115;44.9;23.0
27;2021-06-17;2296;3288;271996;141403;45.3;23.5
27;2021-06-18;2746;4418;274742;145821;45.7;24.3
27;2021-06-19;1863;3392;276605;149213;46.0;24.8
27;2021-06-20;607;710;277212;149923;46.1;25.0
27;2021-06-21;1703;3495;278915;153418;46.4;25.5
27;2021-06-22;2385;3711;281300;157129;46.8;26.2
27;2021-06-23;2075;3568;283375;160697;47.2;26.8
27;2021-06-24;2256;3412;285631;164109;47.6;27.3
27;2021-06-25;1936;4456;287567;168565;47.9;28.1
27;2021-06-26;884;5353;288451;173918;48.0;29.0
27;2021-06-27;377;1427;288828;175345;48.1;29.2
27;2021-06-28;1128;3403;289956;178748;48.3;29.8
27;2021-06-29;1702;4365;291658;183113;48.6;30.5
27;2021-06-30;2117;4096;293775;187209;48.9;31.2
27;2021-07-01;2224;3909;295999;191118;49.3;31.8
27;2021-07-02;1590;4619;297589;195737;49.5;32.6
27;2021-07-03;1308;4774;298897;200511;49.8;33.4
27;2021-07-04;504;1405;299401;201916;49.8;33.6
27;2021-07-05;1419;3529;300820;205445;50.1;34.2
27;2021-07-06;1369;4181;302189;209626;50.3;34.9
27;2021-07-07;1758;4903;303947;214529;50.6;35.7
27;2021-07-08;2089;4349;306036;218878;50.9;36.4
27;2021-07-09;1985;5289;308021;224167;51.3;37.3
27;2021-07-10;1167;4178;309188;228345;51.5;38.0
27;2021-07-11;426;1139;309614;229484;51.5;38.2
27;2021-07-12;1254;4374;310868;233858;51.8;38.9
27;2021-07-13;2760;5350;313628;239208;52.2;39.8
27;2021-07-14;1519;1752;315147;240960;52.5;40.1
27;2021-07-15;3035;5465;318182;246425;53.0;41.0
27;2021-07-16;3821;5286;322003;251711;53.6;41.9
27;2021-07-17;2734;3878;324737;255589;54.1;42.5
27;2021-07-18;552;1265;325289;256854;54.2;42.8
27;2021-07-19;3688;3786;328977;260640;54.8;43.4
27;2021-07-20;3460;3589;332437;264229;55.3;44.0
27;2021-07-21;4254;3900;336691;268129;56.1;44.6
27;2021-07-22;4752;3713;341443;271842;56.8;45.3
27;2021-07-23;3592;3395;345035;275237;57.4;45.8
27;2021-07-24;3114;2325;348149;277562;58.0;46.2
27;2021-07-25;493;545;348642;278107;58.0;46.3
27;2021-07-26;3071;3176;351713;281283;58.6;46.8
27;2021-07-27;3598;3102;355311;284385;59.2;47.3
27;2021-07-28;3592;3241;358903;287626;59.7;47.9
27;2021-07-29;4591;3509;363494;291135;60.5;48.5
27;2021-07-30;3816;3142;367310;294277;61.1;49.0
27;2021-07-31;3066;2583;370376;296860;61.7;49.4
27;2021-08-01;538;498;370914;297358;61.7;49.5
27;2021-08-02;3321;2583;374235;299941;62.3;49.9
27;2021-08-03;3429;2771;377664;302712;62.9;50.4
27;2021-08-04;3045;2333;380709;305045;63.4;50.8
27;2021-08-05;2679;2357;383388;307402;63.8;51.2
27;2021-08-06;3271;3246;386659;310648;64.4;51.7
27;2021-08-07;1801;2558;388460;313206;64.7;52.1
27;2021-08-08;219;197;388679;313403;64.7;52.2
27;2021-08-09;2212;2808;390891;316211;65.1;52.6
27;2021-08-10;2813;3508;393704;319719;65.5;53.2
27;2021-08-11;2631;3099;396335;322818;66.0;53.7
27;2021-08-12;2354;3904;398689;326722;66.4;54.4
27;2021-08-13;1744;2568;400433;329290;66.7;54.8
27;2021-08-14;1164;2889;401597;332179;66.9;55.3
27;2021-08-15;18;23;401615;332202;66.9;55.3
27;2021-08-16;1809;3814;403424;336016;67.2;55.9
27;2021-08-17;2043;3439;405467;339455;67.5;56.5
27;2021-08-18;1453;2985;406920;342440;67.7;57.0
27;2021-08-19;1708;3356;408628;345796;68.0;57.6
27;2021-08-20;1632;3439;410260;349235;68.3;58.1
27;2021-08-21;985;2843;411245;352078;68.5;58.6
27;2021-08-22;184;157;411429;352235;68.5;58.6
27;2021-08-23;1076;4006;412505;356241;68.7;59.3
27;2021-08-24;1433;3969;413938;360210;68.9;60.0
27;2021-08-25;1716;3412;415654;363622;69.2;60.5
27;2021-08-26;1146;2925;416800;366547;69.4;61.0
27;2021-08-27;1264;3218;418064;369765;69.6;61.6
27;2021-08-28;907;2866;418971;372631;69.7;62.0
27;2021-08-29;86;136;419057;372767;69.8;62.1
27;2021-08-30;904;3314;419961;376081;69.9;62.6
27;2021-08-31;1221;3206;421182;379287;70.1;63.1
27;2021-09-01;992;3174;422174;382461;70.3;63.7
27;2021-09-02;871;2489;423045;384950;70.4;64.1
27;2021-09-03;850;2467;423895;387417;70.6;64.5
27;2021-09-04;724;2087;424619;389504;70.7;64.8
27;2021-09-05;36;162;424655;389666;70.7;64.9
27;2021-09-06;536;1804;425191;391470;70.8;65.2
27;2021-09-07;693;2364;425884;393834;70.9;65.6
27;2021-09-08;760;2406;426644;396240;71.0;66.0
27;2021-09-09;676;1931;427320;398171;71.1;66.3
27;2021-09-10;891;2372;428211;400543;71.3;66.7
27;2021-09-11;599;1944;428810;402487;71.4;67.0
27;2021-09-12;40;184;428850;402671;71.4;67.0
28;2020-12-27;0;0;0;0;0.0;0.0
28;2020-12-28;0;0;0;0;0.0;0.0
28;2020-12-29;0;0;0;0;0.0;0.0
28;2020-12-30;0;0;0;0;0.0;0.0
28;2020-12-31;0;0;0;0;0.0;0.0
28;2021-01-01;1;0;1;0;0.0;0.0
28;2021-01-02;0;0;1;0;0.0;0.0
28;2021-01-03;0;0;1;0;0.0;0.0
28;2021-01-04;0;0;1;0;0.0;0.0
28;2021-01-05;5;0;6;0;0.0;0.0
28;2021-01-06;84;0;90;0;0.0;0.0
28;2021-01-07;102;0;192;0;0.0;0.0
28;2021-01-08;134;2;326;2;0.1;0.0
28;2021-01-09;78;0;404;2;0.1;0.0
28;2021-01-10;1;0;405;2;0.1;0.0
28;2021-01-11;205;0;610;2;0.1;0.0
28;2021-01-12;265;1;875;3;0.2;0.0
28;2021-01-13;397;3;1272;6;0.3;0.0
28;2021-01-14;450;5;1722;11;0.4;0.0
28;2021-01-15;374;3;2096;14;0.5;0.0
28;2021-01-16;206;2;2302;16;0.5;0.0
28;2021-01-17;21;0;2323;16;0.5;0.0
28;2021-01-18;372;2;2695;18;0.6;0.0
28;2021-01-19;503;4;3198;22;0.7;0.0
28;2021-01-20;637;1;3835;23;0.9;0.0
28;2021-01-21;797;3;4632;26;1.1;0.0
28;2021-01-22;479;1;5111;27;1.2;0.0
28;2021-01-23;354;0;5465;27;1.3;0.0
28;2021-01-24;1;0;5466;27;1.3;0.0
28;2021-01-25;456;4;5922;31;1.4;0.0
28;2021-01-26;719;4;6641;35;1.5;0.0
28;2021-01-27;1213;50;7854;85;1.8;0.0
28;2021-01-28;1587;90;9441;175;2.2;0.0
28;2021-01-29;897;87;10338;262;2.4;0.1
28;2021-01-30;248;47;10586;309;2.5;0.1
28;2021-01-31;2;22;10588;331;2.5;0.1
28;2021-02-01;325;115;10913;446;2.5;0.1
28;2021-02-02;370;228;11283;674;2.6;0.2
28;2021-02-03;473;249;11756;923;2.7;0.2
28;2021-02-04;525;266;12281;1189;2.9;0.3
28;2021-02-05;436;210;12717;1399;3.0;0.3
28;2021-02-06;200;128;12917;1527;3.0;0.4
28;2021-02-07;0;0;12917;1527;3.0;0.4
28;2021-02-08;331;212;13248;1739;3.1;0.4
28;2021-02-09;281;276;13529;2015;3.2;0.5
28;2021-02-10;443;339;13972;2354;3.3;0.5
28;2021-02-11;562;425;14534;2779;3.4;0.6
28;2021-02-12;453;346;14987;3125;3.5;0.7
28;2021-02-13;181;162;15168;3287;3.5;0.8
28;2021-02-14;0;2;15168;3289;3.5;0.8
28;2021-02-15;280;367;15448;3656;3.6;0.9
28;2021-02-16;394;633;15842;4289;3.7;1.0
28;2021-02-17;585;1063;16427;5352;3.8;1.2
28;2021-02-18;666;1324;17093;6676;4.0;1.6
28;2021-02-19;548;707;17641;7383;4.1;1.7
28;2021-02-20;114;122;17755;7505;4.1;1.7
28;2021-02-21;7;32;17762;7537;4.1;1.8
28;2021-02-22;223;443;17985;7980;4.2;1.9
28;2021-02-23;203;325;18188;8305;4.2;1.9
28;2021-02-24;244;398;18432;8703;4.3;2.0
28;2021-02-25;574;362;19006;9065;4.4;2.1
28;2021-02-26;764;321;19770;9386;4.6;2.2
28;2021-02-27;265;77;20035;9463;4.7;2.2
28;2021-02-28;23;17;20058;9480;4.7;2.2
28;2021-03-01;292;189;20350;9669;4.7;2.3
28;2021-03-02;397;255;20747;9924;4.8;2.3
28;2021-03-03;369;357;21116;10281;4.9;2.4
28;2021-03-04;720;434;21836;10715;5.1;2.5
28;2021-03-05;1319;374;23155;11089;5.4;2.6
28;2021-03-06;1998;82;25153;11171;5.9;2.6
28;2021-03-07;974;30;26127;11201;6.1;2.6
28;2021-03-08;398;271;26525;11472;6.2;2.7
28;2021-03-09;981;344;27506;11816;6.4;2.8
28;2021-03-10;1357;515;28863;12331;6.7;2.9
28;2021-03-11;1536;683;30399;13014;7.1;3.0
28;2021-03-12;2258;627;32657;13641;7.6;3.2
28;2021-03-13;1235;125;33892;13766;7.9;3.2
28;2021-03-14;518;17;34410;13783;8.0;3.2
28;2021-03-15;755;229;35165;14012;8.2;3.3
28;2021-03-16;716;222;35881;14234;8.4;3.3
28;2021-03-17;746;283;36627;14517;8.5;3.4
28;2021-03-18;1203;273;37830;14790;8.8;3.4
28;2021-03-19;1558;327;39388;15117;9.2;3.5
28;2021-03-20;639;21;40027;15138;9.3;3.5
28;2021-03-21;29;8;40056;15146;9.3;3.5
28;2021-03-22;767;317;40823;15463;9.5;3.6
28;2021-03-23;1027;190;41850;15653;9.7;3.6
28;2021-03-24;1313;275;43163;15928;10.1;3.7
28;2021-03-25;1797;285;44960;16213;10.5;3.8
28;2021-03-26;2084;346;47044;16559;11.0;3.9
28;2021-03-27;402;38;47446;16597;11.0;3.9
28;2021-03-28;12;0;47458;16597;11.1;3.9
28;2021-03-29;1140;354;48598;16951;11.3;3.9
28;2021-03-30;1711;251;50309;17202;11.7;4.0
28;2021-03-31;2018;478;52327;17680;12.2;4.1
28;2021-04-01;1796;588;54123;18268;12.6;4.3
28;2021-04-02;1585;1314;55708;19582;13.0;4.6
28;2021-04-03;607;1071;56315;20653;13.1;4.8
28;2021-04-04;33;300;56348;20953;13.1;4.9
28;2021-04-05;40;3;56388;20956;13.1;4.9
28;2021-04-06;1225;461;57613;21417;13.4;5.0
28;2021-04-07;1890;1006;59503;22423;13.9;5.2
28;2021-04-08;2086;1069;61589;23492;14.3;5.5
28;2021-04-09;3235;919;64824;24411;15.1;5.7
28;2021-04-10;1581;199;66405;24610;15.5;5.7
28;2021-04-11;141;451;66546;25061;15.5;5.8
28;2021-04-12;1674;559;68220;25620;15.9;6.0
28;2021-04-13;1875;673;70095;26293;16.3;6.1
28;2021-04-14;2771;902;72866;27195;17.0;6.3
28;2021-04-15;2556;1145;75422;28340;17.6;6.6
28;2021-04-16;2553;806;77975;29146;18.2;6.8
28;2021-04-17;2309;133;80284;29279;18.7;6.8
28;2021-04-18;45;8;80329;29287;18.7;6.8
28;2021-04-19;1577;649;81906;29936;19.1;7.0
28;2021-04-20;1840;598;83746;30534;19.5;7.1
28;2021-04-21;2679;962;86425;31496;20.1;7.3
28;2021-04-22;1783;1216;88208;32712;20.5;7.6
28;2021-04-23;2325;1102;90533;33814;21.1;7.9
28;2021-04-24;3657;137;94190;33951;21.9;7.9
28;2021-04-25;1012;38;95202;33989;22.2;7.9
28;2021-04-26;1331;927;96533;34916;22.5;8.1
28;2021-04-27;1436;1270;97969;36186;22.8;8.4
28;2021-04-28;2374;1830;100343;38016;23.4;8.9
28;2021-04-29;2130;1507;102473;39523;23.9;9.2
28;2021-04-30;2974;1226;105447;40749;24.6;9.5
28;2021-05-01;127;118;105574;40867;24.6;9.5
28;2021-05-02;2;65;105576;40932;24.6;9.5
28;2021-05-03;1047;1017;106623;41949;24.8;9.8
28;2021-05-04;1360;1670;107983;43619;25.1;10.2
28;2021-05-05;2831;1648;110814;45267;25.8;10.5
28;2021-05-06;2457;1473;113271;46740;26.4;10.9
28;2021-05-07;2311;1923;115582;48663;26.9;11.3
28;2021-05-08;1078;112;116660;48775;27.2;11.4
28;2021-05-09;105;610;116765;49385;27.2;11.5
28;2021-05-10;1308;1891;118073;51276;27.5;11.9
28;2021-05-11;2028;2330;120101;53606;28.0;12.5
28;2021-05-12;2619;3229;122720;56835;28.6;13.2
28;2021-05-13;290;451;123010;57286;28.6;13.3
28;2021-05-14;1899;1612;124909;58898;29.1;13.7
28;2021-05-15;1436;1673;126345;60571;29.4;14.1
28;2021-05-16;1987;131;128332;60702;29.9;14.1
28;2021-05-17;2876;1485;131208;62187;30.6;14.5
28;2021-05-18;3382;1380;134590;63567;31.3;14.8
28;2021-05-19;5092;1279;139682;64846;32.5;15.1
28;2021-05-20;4150;1231;143832;66077;33.5;15.4
28;2021-05-21;3465;1579;147297;67656;34.3;15.8
28;2021-05-22;729;1161;148026;68817;34.5;16.0
28;2021-05-23;1957;137;149983;68954;34.9;16.1
28;2021-05-24;1429;395;151412;69349;35.3;16.1
28;2021-05-25;1877;1403;153289;70752;35.7;16.5
28;2021-05-26;2767;1341;156056;72093;36.3;16.8
28;2021-05-27;2756;1233;158812;73326;37.0;17.1
28;2021-05-28;3081;1730;161893;75056;37.7;17.5
28;2021-05-29;1869;872;163762;75928;38.1;17.7
28;2021-05-30;16;47;163778;75975;38.1;17.7
28;2021-05-31;2014;936;165792;76911;38.6;17.9
28;2021-06-01;2133;1659;167925;78570;39.1;18.3
28;2021-06-02;2077;2458;170002;81028;39.6;18.9
28;2021-06-03;2498;1560;172500;82588;40.2;19.2
28;2021-06-04;2608;2355;175108;84943;40.8;19.8
28;2021-06-05;1909;2523;177017;87466;41.2;20.4
28;2021-06-06;1059;1046;178076;88512;41.5;20.6
28;2021-06-07;3577;1574;181653;90086;42.3;21.0
28;2021-06-08;3198;1517;184851;91603;43.0;21.3
28;2021-06-09;3676;2125;188527;93728;43.9;21.8
28;2021-06-10;3142;1257;191669;94985;44.6;22.1
28;2021-06-11;3792;2130;195461;97115;45.5;22.6
28;2021-06-12;1305;560;196766;97675;45.8;22.7
28;2021-06-13;385;108;197151;97783;45.9;22.8
28;2021-06-14;2208;1997;199359;99780;46.4;23.2
28;2021-06-15;2092;2225;201451;102005;46.9;23.8
28;2021-06-16;2510;3972;203961;105977;47.5;24.7
28;2021-06-17;1931;3135;205892;109112;47.9;25.4
28;2021-06-18;2474;3784;208366;112896;48.5;26.3
28;2021-06-19;776;1612;209142;114508;48.7;26.7
28;2021-06-20;23;24;209165;114532;48.7;26.7
28;2021-06-21;1685;1990;210850;116522;49.1;27.1
28;2021-06-22;1372;2106;212222;118628;49.4;27.6
28;2021-06-23;1782;3164;214004;121792;49.8;28.4
28;2021-06-24;733;929;214737;122721;50.0;28.6
28;2021-06-25;1890;3028;216627;125749;50.4;29.3
28;2021-06-26;310;2111;216937;127860;50.5;29.8
28;2021-06-27;588;1284;217525;129144;50.7;30.1
28;2021-06-28;1226;3655;218751;132799;50.9;30.9
28;2021-06-29;1342;3794;220093;136593;51.3;31.8
28;2021-06-30;1495;4260;221588;140853;51.6;32.8
28;2021-07-01;1277;3500;222865;144353;51.9;33.6
28;2021-07-02;1313;4653;224178;149006;52.2;34.7
28;2021-07-03;1132;2368;225310;151374;52.5;35.3
28;2021-07-04;146;1326;225456;152700;52.5;35.6
28;2021-07-05;1362;2514;226818;155214;52.8;36.1
28;2021-07-06;1510;2870;228328;158084;53.2;36.8
28;2021-07-07;1636;4143;229964;162227;53.6;37.8
28;2021-07-08;1470;3239;231434;165466;53.9;38.5
28;2021-07-09;1394;4518;232828;169984;54.2;39.6
28;2021-07-10;528;2207;233356;172191;54.3;40.1
28;2021-07-11;2;1;233358;172192;54.3;40.1
28;2021-07-12;1527;3930;234885;176122;54.7;41.0
28;2021-07-13;2263;4143;237148;180265;55.2;42.0
28;2021-07-14;1330;1395;238478;181660;55.5;42.3
28;2021-07-15;2986;3975;241464;185635;56.2;43.2
28;2021-07-16;2444;4750;243908;190385;56.8;44.3
28;2021-07-17;1263;2429;245171;192814;57.1;44.9
28;2021-07-18;369;944;245540;193758;57.2;45.1
28;2021-07-19;1809;4337;247349;198095;57.6;46.1
28;2021-07-20;2478;4090;249827;202185;58.2;47.1
28;2021-07-21;2965;4286;252792;206471;58.9;48.1
28;2021-07-22;3668;3428;256460;209899;59.7;48.9
28;2021-07-23;2963;3997;259423;213896;60.4;49.8
28;2021-07-24;1713;1484;261136;215380;60.8;50.2
28;2021-07-25;67;60;261203;215440;60.8;50.2
28;2021-07-26;2932;3385;264135;218825;61.5;51.0
28;2021-07-27;3885;2621;268020;221446;62.4;51.6
28;2021-07-28;3949;2742;271969;224188;63.3;52.2
28;2021-07-29;4469;2090;276438;226278;64.4;52.7
28;2021-07-30;3821;2843;280259;229121;65.3;53.4
28;2021-07-31;763;821;281022;229942;65.4;53.5
28;2021-08-01;378;65;281400;230007;65.5;53.6
28;2021-08-02;1794;1519;283194;231526;65.9;53.9
28;2021-08-03;2686;2164;285880;233690;66.6;54.4
28;2021-08-04;1934;2299;287814;235989;67.0;55.0
28;2021-08-05;1666;1730;289480;237719;67.4;55.4
28;2021-08-06;1616;1970;291096;239689;67.8;55.8
28;2021-08-07;801;1001;291897;240690;68.0;56.0
28;2021-08-08;22;33;291919;240723;68.0;56.1
28;2021-08-09;1389;1100;293308;241823;68.3;56.3
28;2021-08-10;1713;2027;295021;243850;68.7;56.8
28;2021-08-11;1272;1571;296293;245421;69.0;57.2
28;2021-08-12;1165;1882;297458;247303;69.3;57.6
28;2021-08-13;1319;1648;298777;248951;69.6;58.0
28;2021-08-14;656;843;299433;249794;69.7;58.2
28;2021-08-15;266;60;299699;249854;69.8;58.2
28;2021-08-16;860;2143;300559;251997;70.0;58.7
28;2021-08-17;1125;2797;301684;254794;70.3;59.3
28;2021-08-18;891;2411;302575;257205;70.5;59.9
28;2021-08-19;884;2615;303459;259820;70.7;60.5
28;2021-08-20;938;2752;304397;262572;70.9;61.1
28;2021-08-21;379;1001;304776;263573;71.0;61.4
28;2021-08-22;8;31;304784;263604;71.0;61.4
28;2021-08-23;1040;2148;305824;265752;71.2;61.9
28;2021-08-24;861;2583;306685;268335;71.4;62.5
28;2021-08-25;1068;2209;307753;270544;71.7;63.0
28;2021-08-26;692;1814;308445;272358;71.8;63.4
28;2021-08-27;749;2365;309194;274723;72.0;64.0
28;2021-08-28;522;1094;309716;275817;72.1;64.2
28;2021-08-29;7;23;309723;275840;72.1;64.2
28;2021-08-30;992;2183;310715;278023;72.4;64.7
28;2021-08-31;797;2248;311512;280271;72.5;65.3
28;2021-09-01;744;2603;312256;282874;72.7;65.9
28;2021-09-02;541;2111;312797;284985;72.8;66.4
28;2021-09-03;661;2560;313458;287545;73.0;67.0
28;2021-09-04;583;2602;314041;290147;73.1;67.6
28;2021-09-05;209;247;314250;290394;73.2;67.6
28;2021-09-06;403;1618;314653;292012;73.3;68.0
28;2021-09-07;351;1450;315004;293462;73.4;68.3
28;2021-09-08;540;1586;315544;295048;73.5;68.7
28;2021-09-09;318;1141;315862;296189;73.6;69.0
28;2021-09-10;579;1656;316441;297845;73.7;69.4
28;2021-09-11;297;1327;316738;299172;73.8;69.7
28;2021-09-12;39;32;316777;299204;73.8;69.7
29;2020-12-27;0;0;0;0;0.0;0.0
29;2020-12-28;1;0;1;0;0.0;0.0
29;2020-12-29;0;0;1;0;0.0;0.0
29;2020-12-30;0;0;1;0;0.0;0.0
29;2020-12-31;0;0;1;0;0.0;0.0
29;2021-01-01;2;0;3;0;0.0;0.0
29;2021-01-02;0;0;3;0;0.0;0.0
29;2021-01-03;1;0;4;0;0.0;0.0
29;2021-01-04;32;0;36;0;0.0;0.0
29;2021-01-05;31;0;67;0;0.0;0.0
29;2021-01-06;43;0;110;0;0.0;0.0
29;2021-01-07;137;0;247;0;0.0;0.0
29;2021-01-08;408;0;655;0;0.1;0.0
29;2021-01-09;2;0;657;0;0.1;0.0
29;2021-01-10;2;0;659;0;0.1;0.0
29;2021-01-11;667;0;1326;0;0.1;0.0
29;2021-01-12;1120;0;2446;0;0.3;0.0
29;2021-01-13;1101;1;3547;1;0.4;0.0
29;2021-01-14;894;4;4441;5;0.5;0.0
29;2021-01-15;1221;7;5662;12;0.6;0.0
29;2021-01-16;168;1;5830;13;0.6;0.0
29;2021-01-17;112;1;5942;14;0.7;0.0
29;2021-01-18;842;3;6784;17;0.7;0.0
29;2021-01-19;1313;1;8097;18;0.9;0.0
29;2021-01-20;2396;2;10493;20;1.2;0.0
29;2021-01-21;5660;7;16153;27;1.8;0.0
29;2021-01-22;3775;4;19928;31;2.2;0.0
29;2021-01-23;538;0;20466;31;2.3;0.0
29;2021-01-24;200;1;20666;32;2.3;0.0
29;2021-01-25;575;7;21241;39;2.3;0.0
29;2021-01-26;951;34;22192;73;2.4;0.0
29;2021-01-27;1286;52;23478;125;2.6;0.0
29;2021-01-28;803;136;24281;261;2.7;0.0
29;2021-01-29;780;198;25061;459;2.8;0.1
29;2021-01-30;281;4;25342;463;2.8;0.1
29;2021-01-31;80;5;25422;468;2.8;0.1
29;2021-02-01;429;435;25851;903;2.9;0.1
29;2021-02-02;878;696;26729;1599;2.9;0.2
29;2021-02-03;812;869;27541;2468;3.0;0.3
29;2021-02-04;867;623;28408;3091;3.1;0.3
29;2021-02-05;675;561;29083;3652;3.2;0.4
29;2021-02-06;249;87;29332;3739;3.2;0.4
29;2021-02-07;78;95;29410;3834;3.2;0.4
29;2021-02-08;383;423;29793;4257;3.3;0.5
29;2021-02-09;863;823;30656;5080;3.4;0.6
29;2021-02-10;1150;994;31806;6074;3.5;0.7
29;2021-02-11;1796;4113;33602;10187;3.7;1.1
29;2021-02-12;2326;2465;35928;12652;4.0;1.4
29;2021-02-13;638;395;36566;13047;4.0;1.4
29;2021-02-14;12;211;36578;13258;4.0;1.5
29;2021-02-15;265;824;36843;14082;4.1;1.6
29;2021-02-16;887;918;37730;15000;4.2;1.7
29;2021-02-17;801;682;38531;15682;4.3;1.7
29;2021-02-18;1530;720;40061;16402;4.4;1.8
29;2021-02-19;1417;827;41478;17229;4.6;1.9
29;2021-02-20;204;290;41682;17519;4.6;1.9
29;2021-02-21;162;153;41844;17672;4.6;1.9
29;2021-02-22;773;475;42617;18147;4.7;2.0
29;2021-02-23;1271;760;43888;18907;4.8;2.1
29;2021-02-24;1471;671;45359;19578;5.0;2.2
29;2021-02-25;2510;747;47869;20325;5.3;2.2
29;2021-02-26;2676;593;50545;20918;5.6;2.3
29;2021-02-27;1284;218;51829;21136;5.7;2.3
29;2021-02-28;200;62;52029;21198;5.7;2.3
29;2021-03-01;945;412;52974;21610;5.8;2.4
29;2021-03-02;1817;694;54791;22304;6.0;2.5
29;2021-03-03;2095;900;56886;23204;6.3;2.6
29;2021-03-04;2844;1440;59730;24644;6.6;2.7
29;2021-03-05;3540;1577;63270;26221;7.0;2.9
29;2021-03-06;2000;403;65270;26624;7.2;2.9
29;2021-03-07;412;76;65682;26700;7.2;2.9
29;2021-03-08;1274;548;66956;27248;7.4;3.0
29;2021-03-09;2605;907;69561;28155;7.7;3.1
29;2021-03-10;2427;814;71988;28969;7.9;3.2
29;2021-03-11;4521;963;76509;29932;8.4;3.3
29;2021-03-12;5270;936;81779;30868;9.0;3.4
29;2021-03-13;2826;404;84605;31272;9.3;3.4
29;2021-03-14;365;3;84970;31275;9.4;3.4
29;2021-03-15;2050;268;87020;31543;9.6;3.5
29;2021-03-16;1823;730;88843;32273;9.8;3.6
29;2021-03-17;1861;695;90704;32968;10.0;3.6
29;2021-03-18;1865;1035;92569;34003;10.2;3.8
29;2021-03-19;3269;873;95838;34876;10.6;3.8
29;2021-03-20;1915;220;97753;35096;10.8;3.9
29;2021-03-21;132;11;97885;35107;10.8;3.9
29;2021-03-22;1647;551;99532;35658;11.0;3.9
29;2021-03-23;3442;1028;102974;36686;11.4;4.0
29;2021-03-24;3781;1020;106755;37706;11.8;4.2
29;2021-03-25;4820;1062;111575;38768;12.3;4.3
29;2021-03-26;5425;1160;117000;39928;12.9;4.4
29;2021-03-27;2429;331;119429;40259;13.2;4.4
29;2021-03-28;198;50;119627;40309;13.2;4.4
29;2021-03-29;2041;813;121668;41122;13.4;4.5
29;2021-03-30;3977;1326;125645;42448;13.9;4.7
29;2021-03-31;3935;1153;129580;43601;14.3;4.8
29;2021-04-01;5028;1141;134608;44742;14.8;4.9
29;2021-04-02;4766;1165;139374;45907;15.4;5.1
29;2021-04-03;2500;535;141874;46442;15.6;5.1
29;2021-04-04;146;33;142020;46475;15.7;5.1
29;2021-04-05;972;330;142992;46805;15.8;5.2
29;2021-04-06;3200;1232;146192;48037;16.1;5.3
29;2021-04-07;3654;942;149846;48979;16.5;5.4
29;2021-04-08;5285;2053;155131;51032;17.1;5.6
29;2021-04-09;6753;1563;161884;52595;17.9;5.8
29;2021-04-10;3501;709;165385;53304;18.2;5.9
29;2021-04-11;120;80;165505;53384;18.3;5.9
29;2021-04-12;3855;1480;169360;54864;18.7;6.1
29;2021-04-13;5863;1757;175223;56621;19.3;6.2
29;2021-04-14;4762;1743;179985;58364;19.9;6.4
29;2021-04-15;7176;1731;187161;60095;20.6;6.6
29;2021-04-16;6704;1353;193865;61448;21.4;6.8
29;2021-04-17;3829;968;197694;62416;21.8;6.9
29;2021-04-18;489;40;198183;62456;21.9;6.9
29;2021-04-19;3881;1464;202064;63920;22.3;7.1
29;2021-04-20;4397;2134;206461;66054;22.8;7.3
29;2021-04-21;4375;2199;210836;68253;23.3;7.5
29;2021-04-22;6643;2851;217479;71104;24.0;7.8
29;2021-04-23;6048;2193;223527;73297;24.7;8.1
29;2021-04-24;4008;1309;227535;74606;25.1;8.2
29;2021-04-25;434;169;227969;74775;25.1;8.2
29;2021-04-26;5261;1865;233230;76640;25.7;8.5
29;2021-04-27;5336;3179;238566;79819;26.3;8.8
29;2021-04-28;5361;2893;243927;82712;26.9;9.1
29;2021-04-29;6596;3312;250523;86024;27.6;9.5
29;2021-04-30;6268;3871;256791;89895;28.3;9.9
29;2021-05-01;1987;977;258778;90872;28.5;10.0
29;2021-05-02;1249;192;260027;91064;28.7;10.0
29;2021-05-03;4541;2280;264568;93344;29.2;10.3
29;2021-05-04;4111;3740;268679;97084;29.6;10.7
29;2021-05-05;4518;3402;273197;100486;30.1;11.1
29;2021-05-06;6237;3708;279434;104194;30.8;11.5
29;2021-05-07;5985;4578;285419;108772;31.5;12.0
29;2021-05-08;2096;560;287515;109332;31.7;12.1
29;2021-05-09;1729;136;289244;109468;31.9;12.1
29;2021-05-10;4760;3755;294004;113223;32.4;12.5
29;2021-05-11;4710;4973;298714;118196;33.0;13.0
29;2021-05-12;5025;4367;303739;122563;33.5;13.5
29;2021-05-13;3441;1498;307180;124061;33.9;13.7
29;2021-05-14;5650;3993;312830;128054;34.5;14.1
29;2021-05-15;4048;2295;316878;130349;35.0;14.4
29;2021-05-16;1588;294;318466;130643;35.1;14.4
29;2021-05-17;5563;3126;324029;133769;35.7;14.8
29;2021-05-18;5732;3076;329761;136845;36.4;15.1
29;2021-05-19;6214;2959;335975;139804;37.1;15.4
29;2021-05-20;7176;4547;343151;144351;37.9;15.9
29;2021-05-21;7216;3802;350367;148153;38.6;16.3
29;2021-05-22;5343;2126;355710;150279;39.2;16.6
29;2021-05-23;1631;65;357341;150344;39.4;16.6
29;2021-05-24;3485;533;360826;150877;39.8;16.6
29;2021-05-25;5836;3030;366662;153907;40.4;17.0
29;2021-05-26;5894;2990;372556;156897;41.1;17.3
29;2021-05-27;6827;3956;379383;160853;41.8;17.7
29;2021-05-28;6547;4403;385930;165256;42.6;18.2
29;2021-05-29;4382;2800;390312;168056;43.1;18.5
29;2021-05-30;1114;360;391426;168416;43.2;18.6
29;2021-05-31;6384;3436;397810;171852;43.9;19.0
29;2021-06-01;6605;4315;404415;176167;44.6;19.4
29;2021-06-02;6166;4129;410581;180296;45.3;19.9
29;2021-06-03;7696;4501;418277;184797;46.1;20.4
29;2021-06-04;6814;6142;425091;190939;46.9;21.1
29;2021-06-05;5351;3025;430442;193964;47.5;21.4
29;2021-06-06;1285;538;431727;194502;47.6;21.5
29;2021-06-07;4660;5562;436387;200064;48.1;22.1
29;2021-06-08;7174;5188;443561;205252;48.9;22.6
29;2021-06-09;6408;4747;449969;209999;49.6;23.2
29;2021-06-10;7776;5049;457745;215048;50.5;23.7
29;2021-06-11;8479;5864;466224;220912;51.4;24.4
29;2021-06-12;6567;2811;472791;223723;52.2;24.7
29;2021-06-13;2352;1372;475143;225095;52.4;24.8
29;2021-06-14;4035;6315;479178;231410;52.9;25.5
29;2021-06-15;5479;6187;484657;237597;53.5;26.2
29;2021-06-16;5571;5623;490228;243220;54.1;26.8
29;2021-06-17;6369;6306;496597;249526;54.8;27.5
29;2021-06-18;6116;7487;502713;257013;55.5;28.4
29;2021-06-19;4623;3523;507336;260536;56.0;28.7
29;2021-06-20;891;1452;508227;261988;56.1;28.9
29;2021-06-21;3761;6495;511988;268483;56.5;29.6
29;2021-06-22;4490;6421;516478;274904;57.0;30.3
29;2021-06-23;4675;6130;521153;281034;57.5;31.0
29;2021-06-24;4809;6747;525962;287781;58.0;31.7
29;2021-06-25;3598;7530;529560;295311;58.4;32.6
29;2021-06-26;2131;4093;531691;299404;58.6;33.0
29;2021-06-27;967;1632;532658;301036;58.8;33.2
29;2021-06-28;2843;6862;535501;307898;59.1;34.0
29;2021-06-29;2816;7723;538317;315621;59.4;34.8
29;2021-06-30;3048;7506;541365;323127;59.7;35.6
29;2021-07-01;3790;8417;545155;331544;60.1;36.6
29;2021-07-02;3607;9656;548762;341200;60.5;37.6
29;2021-07-03;2328;6053;551090;347253;60.8;38.3
29;2021-07-04;816;1771;551906;349024;60.9;38.5
29;2021-07-05;1915;7158;553821;356182;61.1;39.3
29;2021-07-06;1540;8007;555361;364189;61.3;40.2
29;2021-07-07;1707;7037;557068;371226;61.4;40.9
29;2021-07-08;2453;8201;559521;379427;61.7;41.9
29;2021-07-09;2632;9065;562153;388492;62.0;42.9
29;2021-07-10;1919;6104;564072;394596;62.2;43.5
29;2021-07-11;449;1064;564521;395660;62.3;43.6
29;2021-07-12;1983;8379;566504;404039;62.5;44.6
29;2021-07-13;2755;8662;569259;412701;62.8;45.5
29;2021-07-14;2087;3373;571346;416074;63.0;45.9
29;2021-07-15;3860;9723;575206;425797;63.4;47.0
29;2021-07-16;4621;9186;579827;434983;64.0;48.0
29;2021-07-17;3224;6110;583051;441093;64.3;48.7
29;2021-07-18;669;1080;583720;442173;64.4;48.8
29;2021-07-19;3158;7544;586878;449717;64.7;49.6
29;2021-07-20;3558;9433;590436;459150;65.1;50.6
29;2021-07-21;3662;7724;594098;466874;65.5;51.5
29;2021-07-22;3428;8533;597526;475407;65.9;52.4
29;2021-07-23;4066;10704;601592;486111;66.4;53.6
29;2021-07-24;2536;5958;604128;492069;66.6;54.3
29;2021-07-25;656;2360;604784;494429;66.7;54.5
29;2021-07-26;3399;7278;608183;501707;67.1;55.3
29;2021-07-27;3727;7112;611910;508819;67.5;56.1
29;2021-07-28;4213;6032;616123;514851;68.0;56.8
29;2021-07-29;5698;6361;621821;521212;68.6;57.5
29;2021-07-30;5471;6535;627292;527747;69.2;58.2
29;2021-07-31;2939;4930;630231;532677;69.5;58.8
29;2021-08-01;658;921;630889;533598;69.6;58.9
29;2021-08-02;4294;5216;635183;538814;70.1;59.4
29;2021-08-03;5493;4406;640676;543220;70.7;59.9
29;2021-08-04;5741;3608;646417;546828;71.3;60.3
29;2021-08-05;6655;4110;653072;550938;72.0;60.8
29;2021-08-06;6209;4333;659281;555271;72.7;61.3
29;2021-08-07;4288;2952;663569;558223;73.2;61.6
29;2021-08-08;848;753;664417;558976;73.3;61.7
29;2021-08-09;3085;4737;667502;563713;73.6;62.2
29;2021-08-10;4491;3865;671993;567578;74.1;62.6
29;2021-08-11;3964;3188;675957;570766;74.6;63.0
29;2021-08-12;4644;4499;680601;575265;75.1;63.5
29;2021-08-13;4189;3718;684790;578983;75.5;63.9
29;2021-08-14;2966;2845;687756;581828;75.9;64.2
29;2021-08-15;337;404;688093;582232;75.9;64.2
29;2021-08-16;3279;4376;691372;586608;76.3;64.7
29;2021-08-17;4405;3416;695777;590024;76.7;65.1
29;2021-08-18;3673;3616;699450;593640;77.2;65.5
29;2021-08-19;3904;4718;703354;598358;77.6;66.0
29;2021-08-20;3501;4603;706855;602961;78.0;66.5
29;2021-08-21;2269;3167;709124;606128;78.2;66.9
29;2021-08-22;214;416;709338;606544;78.2;66.9
29;2021-08-23;2494;4628;711832;611172;78.5;67.4
29;2021-08-24;2439;4952;714271;616124;78.8;68.0
29;2021-08-25;2150;4229;716421;620353;79.0;68.4
29;2021-08-26;2340;5337;718761;625690;79.3;69.0
29;2021-08-27;2043;5917;720804;631607;79.5;69.7
29;2021-08-28;1468;3996;722272;635603;79.7;70.1
29;2021-08-29;449;1318;722721;636921;79.7;70.3
29;2021-08-30;1453;4231;724174;641152;79.9;70.7
29;2021-08-31;1595;4533;725769;645685;80.1;71.2
29;2021-09-01;1342;4002;727111;649687;80.2;71.7
29;2021-09-02;1172;4411;728283;654098;80.3;72.2
29;2021-09-03;1419;5241;729702;659339;80.5;72.7
29;2021-09-04;1416;4063;731118;663402;80.6;73.2
29;2021-09-05;225;740;731343;664142;80.7;73.3
29;2021-09-06;735;3747;732078;667889;80.8;73.7
29;2021-09-07;922;3984;733000;671873;80.9;74.1
29;2021-09-08;904;3880;733904;675753;81.0;74.5
29;2021-09-09;954;3891;734858;679644;81.1;75.0
29;2021-09-10;1194;5014;736052;684658;81.2;75.5
29;2021-09-11;724;3664;736776;688322;81.3;75.9
29;2021-09-12;114;442;736890;688764;81.3;76.0
2A;2020-12-27;0;0;0;0;0.0;0.0
2A;2020-12-28;0;0;0;0;0.0;0.0
2A;2020-12-29;0;0;0;0;0.0;0.0
2A;2020-12-30;0;0;0;0;0.0;0.0
2A;2020-12-31;0;0;0;0;0.0;0.0
2A;2021-01-01;0;0;0;0;0.0;0.0
2A;2021-01-02;1;0;1;0;0.0;0.0
2A;2021-01-03;0;0;1;0;0.0;0.0
2A;2021-01-04;0;0;1;0;0.0;0.0
2A;2021-01-05;0;0;1;0;0.0;0.0
2A;2021-01-06;6;0;7;0;0.0;0.0
2A;2021-01-07;122;1;129;1;0.1;0.0
2A;2021-01-08;114;0;243;1;0.1;0.0
2A;2021-01-09;39;0;282;1;0.2;0.0
2A;2021-01-10;33;0;315;1;0.2;0.0
2A;2021-01-11;76;0;391;1;0.2;0.0
2A;2021-01-12;85;0;476;1;0.3;0.0
2A;2021-01-13;112;0;588;1;0.4;0.0
2A;2021-01-14;191;1;779;2;0.5;0.0
2A;2021-01-15;149;0;928;2;0.6;0.0
2A;2021-01-16;160;1;1088;3;0.7;0.0
2A;2021-01-17;85;1;1173;4;0.7;0.0
2A;2021-01-18;201;2;1374;6;0.8;0.0
2A;2021-01-19;488;1;1862;7;1.1;0.0
2A;2021-01-20;356;0;2218;7;1.4;0.0
2A;2021-01-21;453;1;2671;8;1.6;0.0
2A;2021-01-22;367;0;3038;8;1.9;0.0
2A;2021-01-23;183;0;3221;8;2.0;0.0
2A;2021-01-24;118;1;3339;9;2.1;0.0
2A;2021-01-25;215;0;3554;9;2.2;0.0
2A;2021-01-26;402;7;3956;16;2.4;0.0
2A;2021-01-27;324;5;4280;21;2.6;0.0
2A;2021-01-28;335;74;4615;95;2.8;0.1
2A;2021-01-29;342;61;4957;156;3.1;0.1
2A;2021-01-30;127;34;5084;190;3.1;0.1
2A;2021-01-31;92;12;5176;202;3.2;0.1
2A;2021-02-01;231;46;5407;248;3.3;0.2
2A;2021-02-02;289;111;5696;359;3.5;0.2
2A;2021-02-03;265;72;5961;431;3.7;0.3
2A;2021-02-04;256;118;6217;549;3.8;0.3
2A;2021-02-05;267;98;6484;647;4.0;0.4
2A;2021-02-06;121;54;6605;701;4.1;0.4
2A;2021-02-07;68;41;6673;742;4.1;0.5
2A;2021-02-08;91;182;6764;924;4.2;0.6
2A;2021-02-09;128;278;6892;1202;4.2;0.7
2A;2021-02-10;163;222;7055;1424;4.3;0.9
2A;2021-02-11;296;325;7351;1749;4.5;1.1
2A;2021-02-12;345;261;7696;2010;4.7;1.2
2A;2021-02-13;225;50;7921;2060;4.9;1.3
2A;2021-02-14;135;65;8056;2125;5.0;1.3
2A;2021-02-15;198;159;8254;2284;5.1;1.4
2A;2021-02-16;384;280;8638;2564;5.3;1.6
2A;2021-02-17;289;153;8927;2717;5.5;1.7
2A;2021-02-18;340;179;9267;2896;5.7;1.8
2A;2021-02-19;145;266;9412;3162;5.8;1.9
2A;2021-02-20;243;112;9655;3274;5.9;2.0
2A;2021-02-21;58;47;9713;3321;6.0;2.0
2A;2021-02-22;77;196;9790;3517;6.0;2.2
2A;2021-02-23;122;252;9912;3769;6.1;2.3
2A;2021-02-24;82;258;9994;4027;6.2;2.5
2A;2021-02-25;104;224;10098;4251;6.2;2.6
2A;2021-02-26;123;242;10221;4493;6.3;2.8
2A;2021-02-27;308;61;10529;4554;6.5;2.8
2A;2021-02-28;69;57;10598;4611;6.5;2.8
2A;2021-03-01;116;138;10714;4749;6.6;2.9
2A;2021-03-02;199;242;10913;4991;6.7;3.1
2A;2021-03-03;244;241;11157;5232;6.9;3.2
2A;2021-03-04;508;214;11665;5446;7.2;3.4
2A;2021-03-05;973;276;12638;5722;7.8;3.5
2A;2021-03-06;1166;75;13804;5797;8.5;3.6
2A;2021-03-07;1020;43;14824;5840;9.1;3.6
2A;2021-03-08;933;79;15757;5919;9.7;3.6
2A;2021-03-09;937;146;16694;6065;10.3;3.7
2A;2021-03-10;632;136;17326;6201;10.7;3.8
2A;2021-03-11;723;276;18049;6477;11.1;4.0
2A;2021-03-12;561;315;18610;6792;11.5;4.2
2A;2021-03-13;613;197;19223;6989;11.8;4.3
2A;2021-03-14;312;125;19535;7114;12.0;4.4
2A;2021-03-15;377;200;19912;7314;12.3;4.5
2A;2021-03-16;498;367;20410;7681;12.6;4.7
2A;2021-03-17;702;273;21112;7954;13.0;4.9
2A;2021-03-18;447;302;21559;8256;13.3;5.1
2A;2021-03-19;489;153;22048;8409;13.6;5.2
2A;2021-03-20;1079;259;23127;8668;14.2;5.3
2A;2021-03-21;695;53;23822;8721;14.7;5.4
2A;2021-03-22;347;67;24169;8788;14.9;5.4
2A;2021-03-23;518;56;24687;8844;15.2;5.4
2A;2021-03-24;864;92;25551;8936;15.7;5.5
2A;2021-03-25;930;141;26481;9077;16.3;5.6
2A;2021-03-26;1080;164;27561;9241;17.0;5.7
2A;2021-03-27;1189;199;28750;9440;17.7;5.8
2A;2021-03-28;241;97;28991;9537;17.8;5.9
2A;2021-03-29;283;138;29274;9675;18.0;6.0
2A;2021-03-30;383;233;29657;9908;18.3;6.1
2A;2021-03-31;446;225;30103;10133;18.5;6.2
2A;2021-04-01;638;452;30741;10585;18.9;6.5
2A;2021-04-02;904;784;31645;11369;19.5;7.0
2A;2021-04-03;646;982;32291;12351;19.9;7.6
2A;2021-04-04;579;784;32870;13135;20.2;8.1
2A;2021-04-05;525;693;33395;13828;20.6;8.5
2A;2021-04-06;550;558;33945;14386;20.9;8.9
2A;2021-04-07;791;428;34736;14814;21.4;9.1
2A;2021-04-08;1049;358;35785;15172;22.0;9.3
2A;2021-04-09;935;390;36720;15562;22.6;9.6
2A;2021-04-10;1059;382;37779;15944;23.3;9.8
2A;2021-04-11;362;256;38141;16200;23.5;10.0
2A;2021-04-12;669;340;38810;16540;23.9;10.2
2A;2021-04-13;329;379;39139;16919;24.1;10.4
2A;2021-04-14;1046;587;40185;17506;24.7;10.8
2A;2021-04-15;1044;525;41229;18031;25.4;11.1
2A;2021-04-16;873;392;42102;18423;25.9;11.3
2A;2021-04-17;1369;937;43471;19360;26.8;11.9
2A;2021-04-18;983;948;44454;20308;27.4;12.5
2A;2021-04-19;270;343;44724;20651;27.5;12.7
2A;2021-04-20;354;344;45078;20995;27.8;12.9
2A;2021-04-21;729;734;45807;21729;28.2;13.4
2A;2021-04-22;897;647;46704;22376;28.8;13.8
2A;2021-04-23;986;776;47690;23152;29.4;14.3
2A;2021-04-24;1751;985;49441;24137;30.4;14.9
2A;2021-04-25;976;305;50417;24442;31.0;15.0
2A;2021-04-26;308;226;50725;24668;31.2;15.2
2A;2021-04-27;344;347;51069;25015;31.4;15.4
2A;2021-04-28;1676;424;52745;25439;32.5;15.7
2A;2021-04-29;1054;361;53799;25800;33.1;15.9
2A;2021-04-30;1131;1062;54930;26862;33.8;16.5
2A;2021-05-01;971;575;55901;27437;34.4;16.9
2A;2021-05-02;675;708;56576;28145;34.8;17.3
2A;2021-05-03;583;575;57159;28720;35.2;17.7
2A;2021-05-04;752;535;57911;29255;35.7;18.0
2A;2021-05-05;1011;984;58922;30239;36.3;18.6
2A;2021-05-06;905;912;59827;31151;36.8;19.2
2A;2021-05-07;1156;835;60983;31986;37.5;19.7
2A;2021-05-08;422;501;61405;32487;37.8;20.0
2A;2021-05-09;783;638;62188;33125;38.3;20.4
2A;2021-05-10;454;741;62642;33866;38.6;20.9
2A;2021-05-11;652;415;63294;34281;39.0;21.1
2A;2021-05-12;924;490;64218;34771;39.5;21.4
2A;2021-05-13;920;138;65138;34909;40.1;21.5
2A;2021-05-14;797;679;65935;35588;40.6;21.9
2A;2021-05-15;780;649;66715;36237;41.1;22.3
2A;2021-05-16;739;500;67454;36737;41.5;22.6
2A;2021-05-17;584;558;68038;37295;41.9;23.0
2A;2021-05-18;614;475;68652;37770;42.3;23.3
2A;2021-05-19;787;480;69439;38250;42.8;23.5
2A;2021-05-20;692;540;70131;38790;43.2;23.9
2A;2021-05-21;536;483;70667;39273;43.5;24.2
2A;2021-05-22;442;310;71109;39583;43.8;24.4
2A;2021-05-23;533;282;71642;39865;44.1;24.5
2A;2021-05-24;125;33;71767;39898;44.2;24.6
2A;2021-05-25;420;503;72187;40401;44.4;24.9
2A;2021-05-26;425;1166;72612;41567;44.7;25.6
2A;2021-05-27;435;1111;73047;42678;45.0;26.3
2A;2021-05-28;298;916;73345;43594;45.2;26.8
2A;2021-05-29;334;900;73679;44494;45.4;27.4
2A;2021-05-30;181;507;73860;45001;45.5;27.7
2A;2021-05-31;191;413;74051;45414;45.6;28.0
2A;2021-06-01;342;727;74393;46141;45.8;28.4
2A;2021-06-02;285;940;74678;47081;46.0;29.0
2A;2021-06-03;306;850;74984;47931;46.2;29.5
2A;2021-06-04;271;1091;75255;49022;46.3;30.2
2A;2021-06-05;319;1442;75574;50464;46.5;31.1
2A;2021-06-06;173;907;75747;51371;46.6;31.6
2A;2021-06-07;170;660;75917;52031;46.7;32.0
2A;2021-06-08;324;707;76241;52738;46.9;32.5
2A;2021-06-09;300;1316;76541;54054;47.1;33.3
2A;2021-06-10;329;857;76870;54911;47.3;33.8
2A;2021-06-11;277;1019;77147;55930;47.5;34.4
2A;2021-06-12;232;657;77379;56587;47.6;34.8
2A;2021-06-13;189;797;77568;57384;47.8;35.3
2A;2021-06-14;251;922;77819;58306;47.9;35.9
2A;2021-06-15;217;507;78036;58813;48.0;36.2
2A;2021-06-16;213;776;78249;59589;48.2;36.7
2A;2021-06-17;235;591;78484;60180;48.3;37.1
2A;2021-06-18;246;914;78730;61094;48.5;37.6
2A;2021-06-19;208;690;78938;61784;48.6;38.0
2A;2021-06-20;150;692;79088;62476;48.7;38.5
2A;2021-06-21;181;792;79269;63268;48.8;39.0
2A;2021-06-22;236;841;79505;64109;48.9;39.5
2A;2021-06-23;217;568;79722;64677;49.1;39.8
2A;2021-06-24;149;369;79871;65046;49.2;40.0
2A;2021-06-25;167;471;80038;65517;49.3;40.3
2A;2021-06-26;203;873;80241;66390;49.4;40.9
2A;2021-06-27;175;794;80416;67184;49.5;41.4
2A;2021-06-28;194;704;80610;67888;49.6;41.8
2A;2021-06-29;215;689;80825;68577;49.8;42.2
2A;2021-06-30;242;491;81067;69068;49.9;42.5
2A;2021-07-01;212;484;81279;69552;50.0;42.8
2A;2021-07-02;295;369;81574;69921;50.2;43.0
2A;2021-07-03;211;617;81785;70538;50.4;43.4
2A;2021-07-04;178;664;81963;71202;50.5;43.8
2A;2021-07-05;163;235;82126;71437;50.6;44.0
2A;2021-07-06;252;389;82378;71826;50.7;44.2
2A;2021-07-07;433;610;82811;72436;51.0;44.6
2A;2021-07-08;593;705;83404;73141;51.4;45.0
2A;2021-07-09;384;421;83788;73562;51.6;45.3
2A;2021-07-10;281;346;84069;73908;51.8;45.5
2A;2021-07-11;92;151;84161;74059;51.8;45.6
2A;2021-07-12;316;347;84477;74406;52.0;45.8
2A;2021-07-13;1179;533;85656;74939;52.7;46.1
2A;2021-07-14;1624;340;87280;75279;53.7;46.3
2A;2021-07-15;1437;836;88717;76115;54.6;46.9
2A;2021-07-16;1169;464;89886;76579;55.3;47.1
2A;2021-07-17;1096;345;90982;76924;56.0;47.4
2A;2021-07-18;635;135;91617;77059;56.4;47.4
2A;2021-07-19;918;425;92535;77484;57.0;47.7
2A;2021-07-20;1284;469;93819;77953;57.8;48.0
2A;2021-07-21;1428;727;95247;78680;58.6;48.4
2A;2021-07-22;1399;764;96646;79444;59.5;48.9
2A;2021-07-23;1440;465;98086;79909;60.4;49.2
2A;2021-07-24;896;289;98982;80198;60.9;49.4
2A;2021-07-25;451;81;99433;80279;61.2;49.4
2A;2021-07-26;1199;507;100632;80786;62.0;49.7
2A;2021-07-27;1300;510;101932;81296;62.8;50.1
2A;2021-07-28;1200;592;103132;81888;63.5;50.4
2A;2021-07-29;1228;655;104360;82543;64.3;50.8
2A;2021-07-30;961;611;105321;83154;64.8;51.2
2A;2021-07-31;543;340;105864;83494;65.2;51.4
2A;2021-08-01;570;122;106434;83616;65.5;51.5
2A;2021-08-02;450;493;106884;84109;65.8;51.8
2A;2021-08-03;814;882;107698;84991;66.3;52.3
2A;2021-08-04;725;1161;108423;86152;66.8;53.0
2A;2021-08-05;957;1347;109380;87499;67.3;53.9
2A;2021-08-06;389;814;109769;88313;67.6;54.4
2A;2021-08-07;353;888;110122;89201;67.8;54.9
2A;2021-08-08;78;185;110200;89386;67.8;55.0
2A;2021-08-09;662;1141;110862;90527;68.3;55.7
2A;2021-08-10;640;1208;111502;91735;68.6;56.5
2A;2021-08-11;592;1060;112094;92795;69.0;57.1
2A;2021-08-12;742;1490;112836;94285;69.5;58.0
2A;2021-08-13;480;1067;113316;95352;69.8;58.7
2A;2021-08-14;412;765;113728;96117;70.0;59.2
2A;2021-08-15;22;26;113750;96143;70.0;59.2
2A;2021-08-16;484;1292;114234;97435;70.3;60.0
2A;2021-08-17;936;1557;115170;98992;70.9;60.9
2A;2021-08-18;525;1125;115695;100117;71.2;61.6
2A;2021-08-19;430;1009;116125;101126;71.5;62.3
2A;2021-08-20;327;574;116452;101700;71.7;62.6
2A;2021-08-21;229;535;116681;102235;71.8;62.9
2A;2021-08-22;195;618;116876;102853;72.0;63.3
2A;2021-08-23;323;745;117199;103598;72.2;63.8
2A;2021-08-24;323;858;117522;104456;72.4;64.3
2A;2021-08-25;393;879;117915;105335;72.6;64.9
2A;2021-08-26;341;769;118256;106104;72.8;65.3
2A;2021-08-27;242;711;118498;106815;73.0;65.8
2A;2021-08-28;254;352;118752;107167;73.1;66.0
2A;2021-08-29;97;115;118849;107282;73.2;66.1
2A;2021-08-30;243;653;119092;107935;73.3;66.5
2A;2021-08-31;169;520;119261;108455;73.4;66.8
2A;2021-09-01;337;826;119598;109281;73.6;67.3
2A;2021-09-02;298;704;119896;109985;73.8;67.7
2A;2021-09-03;239;616;120135;110601;74.0;68.1
2A;2021-09-04;147;449;120282;111050;74.1;68.4
2A;2021-09-05;25;23;120307;111073;74.1;68.4
2A;2021-09-06;111;400;120418;111473;74.1;68.6
2A;2021-09-07;191;752;120609;112225;74.3;69.1
2A;2021-09-08;219;770;120828;112995;74.4;69.6
2A;2021-09-09;200;556;121028;113551;74.5;69.9
2A;2021-09-10;147;435;121175;113986;74.6;70.2
2A;2021-09-11;135;334;121310;114320;74.7;70.4
2A;2021-09-12;41;131;121351;114451;74.7;70.5
2B;2020-12-27;0;0;0;0;0.0;0.0
2B;2020-12-28;0;0;0;0;0.0;0.0
2B;2020-12-29;0;0;0;0;0.0;0.0
2B;2020-12-30;0;0;0;0;0.0;0.0
2B;2020-12-31;0;0;0;0;0.0;0.0
2B;2021-01-01;0;0;0;0;0.0;0.0
2B;2021-01-02;0;0;0;0;0.0;0.0
2B;2021-01-03;0;0;0;0;0.0;0.0
2B;2021-01-04;2;0;2;0;0.0;0.0
2B;2021-01-05;0;0;2;0;0.0;0.0
2B;2021-01-06;48;1;50;1;0.0;0.0
2B;2021-01-07;210;0;260;1;0.1;0.0
2B;2021-01-08;197;1;457;2;0.3;0.0
2B;2021-01-09;40;0;497;2;0.3;0.0
2B;2021-01-10;1;0;498;2;0.3;0.0
2B;2021-01-11;74;0;572;2;0.3;0.0
2B;2021-01-12;128;1;700;3;0.4;0.0
2B;2021-01-13;93;0;793;3;0.4;0.0
2B;2021-01-14;72;0;865;3;0.5;0.0
2B;2021-01-15;259;0;1124;3;0.6;0.0
2B;2021-01-16;43;0;1167;3;0.6;0.0
2B;2021-01-17;8;0;1175;3;0.6;0.0
2B;2021-01-18;271;0;1446;3;0.8;0.0
2B;2021-01-19;502;0;1948;3;1.1;0.0
2B;2021-01-20;462;2;2410;5;1.3;0.0
2B;2021-01-21;358;0;2768;5;1.5;0.0
2B;2021-01-22;380;0;3148;5;1.7;0.0
2B;2021-01-23;61;0;3209;5;1.8;0.0
2B;2021-01-24;29;0;3238;5;1.8;0.0
2B;2021-01-25;210;2;3448;7;1.9;0.0
2B;2021-01-26;391;1;3839;8;2.1;0.0
2B;2021-01-27;342;45;4181;53;2.3;0.0
2B;2021-01-28;365;142;4546;195;2.5;0.1
2B;2021-01-29;293;151;4839;346;2.7;0.2
2B;2021-01-30;80;32;4919;378;2.7;0.2
2B;2021-01-31;60;0;4979;378;2.7;0.2
2B;2021-02-01;232;86;5211;464;2.9;0.3
2B;2021-02-02;357;74;5568;538;3.1;0.3
2B;2021-02-03;520;86;6088;624;3.3;0.3
2B;2021-02-04;458;114;6546;738;3.6;0.4
2B;2021-02-05;395;91;6941;829;3.8;0.5
2B;2021-02-06;87;11;7028;840;3.9;0.5
2B;2021-02-07;60;0;7088;840;3.9;0.5
2B;2021-02-08;231;129;7319;969;4.0;0.5
2B;2021-02-09;586;301;7905;1270;4.3;0.7
2B;2021-02-10;485;176;8390;1446;4.6;0.8
2B;2021-02-11;382;111;8772;1557;4.8;0.9
2B;2021-02-12;298;110;9070;1667;5.0;0.9
2B;2021-02-13;77;10;9147;1677;5.0;0.9
2B;2021-02-14;62;1;9209;1678;5.1;0.9
2B;2021-02-15;190;101;9399;1779;5.2;1.0
2B;2021-02-16;253;226;9652;2005;5.3;1.1
2B;2021-02-17;312;265;9964;2270;5.5;1.2
2B;2021-02-18;215;286;10179;2556;5.6;1.4
2B;2021-02-19;163;275;10342;2831;5.7;1.6
2B;2021-02-20;32;42;10374;2873;5.7;1.6
2B;2021-02-21;28;26;10402;2899;5.7;1.6
2B;2021-02-22;133;167;10535;3066;5.8;1.7
2B;2021-02-23;231;312;10766;3378;5.9;1.9
2B;2021-02-24;229;280;10995;3658;6.0;2.0
2B;2021-02-25;245;286;11240;3944;6.2;2.2
2B;2021-02-26;300;247;11540;4191;6.3;2.3
2B;2021-02-27;60;71;11600;4262;6.4;2.3
2B;2021-02-28;1;44;11601;4306;6.4;2.4
2B;2021-03-01;246;249;11847;4555;6.5;2.5
2B;2021-03-02;352;364;12199;4919;6.7;2.7
2B;2021-03-03;299;402;12498;5321;6.9;2.9
2B;2021-03-04;447;383;12945;5704;7.1;3.1
2B;2021-03-05;619;356;13564;6060;7.4;3.3
2B;2021-03-06;682;92;14246;6152;7.8;3.4
2B;2021-03-07;361;59;14607;6211;8.0;3.4
2B;2021-03-08;301;229;14908;6440;8.2;3.5
2B;2021-03-09;384;481;15292;6921;8.4;3.8
2B;2021-03-10;631;423;15923;7344;8.7;4.0
2B;2021-03-11;584;345;16507;7689;9.1;4.2
2B;2021-03-12;966;222;17473;7911;9.6;4.3
2B;2021-03-13;511;99;17984;8010;9.9;4.4
2B;2021-03-14;226;63;18210;8073;10.0;4.4
2B;2021-03-15;515;201;18725;8274;10.3;4.5
2B;2021-03-16;571;271;19296;8545;10.6;4.7
2B;2021-03-17;530;259;19826;8804;10.9;4.8
2B;2021-03-18;551;223;20377;9027;11.2;5.0
2B;2021-03-19;804;193;21181;9220;11.6;5.1
2B;2021-03-20;656;36;21837;9256;12.0;5.1
2B;2021-03-21;428;36;22265;9292;12.2;5.1
2B;2021-03-22;546;125;22811;9417;12.5;5.2
2B;2021-03-23;789;256;23600;9673;12.9;5.3
2B;2021-03-24;831;214;24431;9887;13.4;5.4
2B;2021-03-25;824;163;25255;10050;13.9;5.5
2B;2021-03-26;958;190;26213;10240;14.4;5.6
2B;2021-03-27;1092;36;27305;10276;15.0;5.6
2B;2021-03-28;830;122;28135;10398;15.4;5.7
2B;2021-03-29;745;177;28880;10575;15.8;5.8
2B;2021-03-30;972;327;29852;10902;16.4;6.0
2B;2021-03-31;981;265;30833;11167;16.9;6.1
2B;2021-04-01;1003;226;31836;11393;17.5;6.3
2B;2021-04-02;966;410;32802;11803;18.0;6.5
2B;2021-04-03;1247;153;34049;11956;18.7;6.6
2B;2021-04-04;197;60;34246;12016;18.8;6.6
2B;2021-04-05;109;113;34355;12129;18.8;6.7
2B;2021-04-06;1033;359;35388;12488;19.4;6.9
2B;2021-04-07;1231;428;36619;12916;20.1;7.1
2B;2021-04-08;1129;408;37748;13324;20.7;7.3
2B;2021-04-09;1168;568;38916;13892;21.4;7.6
2B;2021-04-10;1353;266;40269;14158;22.1;7.8
2B;2021-04-11;815;65;41084;14223;22.5;7.8
2B;2021-04-12;853;559;41937;14782;23.0;8.1
2B;2021-04-13;1063;631;43000;15413;23.6;8.5
2B;2021-04-14;1046;494;44046;15907;24.2;8.7
2B;2021-04-15;886;517;44932;16424;24.7;9.0
2B;2021-04-16;910;647;45842;17071;25.2;9.4
2B;2021-04-17;386;447;46228;17518;25.4;9.6
2B;2021-04-18;253;342;46481;17860;25.5;9.8
2B;2021-04-19;822;436;47303;18296;26.0;10.0
2B;2021-04-20;898;844;48201;19140;26.4;10.5
2B;2021-04-21;1056;608;49257;19748;27.0;10.8
2B;2021-04-22;938;732;50195;20480;27.5;11.2
2B;2021-04-23;662;627;50857;21107;27.9;11.6
2B;2021-04-24;287;772;51144;21879;28.1;12.0
2B;2021-04-25;285;477;51429;22356;28.2;12.3
2B;2021-04-26;708;919;52137;23275;28.6;12.8
2B;2021-04-27;965;874;53102;24149;29.1;13.2
2B;2021-04-28;919;861;54021;25010;29.6;13.7
2B;2021-04-29;925;867;54946;25877;30.1;14.2
2B;2021-04-30;1133;831;56079;26708;30.8;14.7
2B;2021-05-01;460;1116;56539;27824;31.0;15.3
2B;2021-05-02;335;244;56874;28068;31.2;15.4
2B;2021-05-03;1017;496;57891;28564;31.8;15.7
2B;2021-05-04;811;1151;58702;29715;32.2;16.3
2B;2021-05-05;801;1377;59503;31092;32.6;17.1
2B;2021-05-06;1287;905;60790;31997;33.4;17.6
2B;2021-05-07;1062;987;61852;32984;33.9;18.1
2B;2021-05-08;459;854;62311;33838;34.2;18.6
2B;2021-05-09;394;683;62705;34521;34.4;18.9
2B;2021-05-10;926;799;63631;35320;34.9;19.4
2B;2021-05-11;933;1162;64564;36482;35.4;20.0
2B;2021-05-12;861;893;65425;37375;35.9;20.5
2B;2021-05-13;1028;376;66453;37751;36.5;20.7
2B;2021-05-14;719;578;67172;38329;36.9;21.0
2B;2021-05-15;701;353;67873;38682;37.2;21.2
2B;2021-05-16;300;180;68173;38862;37.4;21.3
2B;2021-05-17;1003;405;69176;39267;38.0;21.5
2B;2021-05-18;991;383;70167;39650;38.5;21.8
2B;2021-05-19;771;416;70938;40066;38.9;22.0
2B;2021-05-20;673;359;71611;40425;39.3;22.2
2B;2021-05-21;706;502;72317;40927;39.7;22.5
2B;2021-05-22;574;392;72891;41319;40.0;22.7
2B;2021-05-23;170;46;73061;41365;40.1;22.7
2B;2021-05-24;40;115;73101;41480;40.1;22.8
2B;2021-05-25;549;350;73650;41830;40.4;23.0
2B;2021-05-26;544;787;74194;42617;40.7;23.4
2B;2021-05-27;407;1131;74601;43748;40.9;24.0
2B;2021-05-28;553;906;75154;44654;41.2;24.5
2B;2021-05-29;311;353;75465;45007;41.4;24.7
2B;2021-05-30;46;45;75511;45052;41.4;24.7
2B;2021-05-31;376;831;75887;45883;41.6;25.2
2B;2021-06-01;414;1037;76301;46920;41.9;25.7
2B;2021-06-02;364;990;76665;47910;42.1;26.3
2B;2021-06-03;499;806;77164;48716;42.3;26.7
2B;2021-06-04;344;1253;77508;49969;42.5;27.4
2B;2021-06-05;257;491;77765;50460;42.7;27.7
2B;2021-06-06;51;129;77816;50589;42.7;27.8
2B;2021-06-07;283;949;78099;51538;42.9;28.3
2B;2021-06-08;399;1169;78498;52707;43.1;28.9
2B;2021-06-09;519;1177;79017;53884;43.4;29.6
2B;2021-06-10;368;939;79385;54823;43.6;30.1
2B;2021-06-11;432;1273;79817;56096;43.8;30.8
2B;2021-06-12;151;544;79968;56640;43.9;31.1
2B;2021-06-13;27;59;79995;56699;43.9;31.1
2B;2021-06-14;195;1112;80190;57811;44.0;31.7
2B;2021-06-15;345;1219;80535;59030;44.2;32.4
2B;2021-06-16;383;935;80918;59965;44.4;32.9
2B;2021-06-17;403;1047;81321;61012;44.6;33.5
2B;2021-06-18;348;960;81669;61972;44.8;34.0
2B;2021-06-19;144;330;81813;62302;44.9;34.2
2B;2021-06-20;44;194;81857;62496;44.9;34.3
2B;2021-06-21;265;962;82122;63458;45.1;34.8
2B;2021-06-22;317;1115;82439;64573;45.2;35.4
2B;2021-06-23;209;872;82648;65445;45.3;35.9
2B;2021-06-24;337;757;82985;66202;45.5;36.3
2B;2021-06-25;212;1074;83197;67276;45.6;36.9
2B;2021-06-26;105;550;83302;67826;45.7;37.2
2B;2021-06-27;32;215;83334;68041;45.7;37.3
2B;2021-06-28;329;954;83663;68995;45.9;37.9
2B;2021-06-29;270;987;83933;69982;46.1;38.4
2B;2021-06-30;381;950;84314;70932;46.3;38.9
2B;2021-07-01;226;509;84540;71441;46.4;39.2
2B;2021-07-02;219;557;84759;71998;46.5;39.5
2B;2021-07-03;91;397;84850;72395;46.6;39.7
2B;2021-07-04;2;0;84852;72395;46.6;39.7
2B;2021-07-05;264;666;85116;73061;46.7;40.1
2B;2021-07-06;450;707;85566;73768;46.9;40.5
2B;2021-07-07;376;908;85942;74676;47.2;41.0
2B;2021-07-08;183;348;86125;75024;47.3;41.2
2B;2021-07-09;250;376;86375;75400;47.4;41.4
2B;2021-07-10;197;199;86572;75599;47.5;41.5
2B;2021-07-11;13;14;86585;75613;47.5;41.5
2B;2021-07-12;497;747;87082;76360;47.8;41.9
2B;2021-07-13;822;1017;87904;77377;48.2;42.5
2B;2021-07-14;344;100;88248;77477;48.4;42.5
2B;2021-07-15;1272;589;89520;78066;49.1;42.8
2B;2021-07-16;1121;564;90641;78630;49.7;43.1
2B;2021-07-17;711;318;91352;78948;50.1;43.3
2B;2021-07-18;179;49;91531;78997;50.2;43.3
2B;2021-07-19;858;709;92389;79706;50.7;43.7
2B;2021-07-20;1212;682;93601;80388;51.4;44.1
2B;2021-07-21;1396;725;94997;81113;52.1;44.5
2B;2021-07-22;1330;605;96327;81718;52.9;44.8
2B;2021-07-23;1325;502;97652;82220;53.6;45.1
2B;2021-07-24;536;316;98188;82536;53.9;45.3
2B;2021-07-25;203;71;98391;82607;54.0;45.3
2B;2021-07-26;913;632;99304;83239;54.5;45.7
2B;2021-07-27;1579;703;100883;83942;55.4;46.1
2B;2021-07-28;1174;634;102057;84576;56.0;46.4
2B;2021-07-29;1145;449;103202;85025;56.6;46.7
2B;2021-07-30;766;349;103968;85374;57.0;46.8
2B;2021-07-31;539;233;104507;85607;57.3;47.0
2B;2021-08-01;230;57;104737;85664;57.5;47.0
2B;2021-08-02;802;471;105539;86135;57.9;47.3
2B;2021-08-03;1137;785;106676;86920;58.5;47.7
2B;2021-08-04;811;454;107487;87374;59.0;47.9
2B;2021-08-05;1024;558;108511;87932;59.5;48.2
2B;2021-08-06;701;524;109212;88456;59.9;48.5
2B;2021-08-07;306;406;109518;88862;60.1;48.8
2B;2021-08-08;93;142;109611;89004;60.1;48.8
2B;2021-08-09;536;747;110147;89751;60.4;49.2
2B;2021-08-10;737;1133;110884;90884;60.8;49.9
2B;2021-08-11;752;900;111636;91784;61.3;50.4
2B;2021-08-12;691;1046;112327;92830;61.6;50.9
2B;2021-08-13;490;950;112817;93780;61.9;51.5
2B;2021-08-14;200;438;113017;94218;62.0;51.7
2B;2021-08-15;117;173;113134;94391;62.1;51.8
2B;2021-08-16;509;1065;113643;95456;62.4;52.4
2B;2021-08-17;585;1306;114228;96762;62.7;53.1
2B;2021-08-18;509;1194;114737;97956;63.0;53.7
2B;2021-08-19;430;898;115167;98854;63.2;54.2
2B;2021-08-20;364;811;115531;99665;63.4;54.7
2B;2021-08-21;158;475;115689;100140;63.5;54.9
2B;2021-08-22;79;208;115768;100348;63.5;55.1
2B;2021-08-23;371;943;116139;101291;63.7;55.6
2B;2021-08-24;495;1212;116634;102503;64.0;56.2
2B;2021-08-25;342;967;116976;103470;64.2;56.8
2B;2021-08-26;397;816;117373;104286;64.4;57.2
2B;2021-08-27;258;572;117631;104858;64.5;57.5
2B;2021-08-28;166;441;117797;105299;64.6;57.8
2B;2021-08-29;52;126;117849;105425;64.7;57.8
2B;2021-08-30;363;851;118212;106276;64.9;58.3
2B;2021-08-31;378;921;118590;107197;65.1;58.8
2B;2021-09-01;367;986;118957;108183;65.3;59.4
2B;2021-09-02;304;735;119261;108918;65.4;59.8
2B;2021-09-03;218;506;119479;109424;65.6;60.0
2B;2021-09-04;123;352;119602;109776;65.6;60.2
2B;2021-09-05;17;137;119619;109913;65.6;60.3
2B;2021-09-06;162;654;119781;110567;65.7;60.7
2B;2021-09-07;254;963;120035;111530;65.9;61.2
2B;2021-09-08;199;736;120234;112266;66.0;61.6
2B;2021-09-09;179;520;120413;112786;66.1;61.9
2B;2021-09-10;193;483;120606;113269;66.2;62.1
2B;2021-09-11;119;308;120725;113577;66.2;62.3
2B;2021-09-12;17;113;120742;113690;66.2;62.4
30;2020-12-27;1;0;1;0;0.0;0.0
30;2020-12-28;1;0;2;0;0.0;0.0
30;2020-12-29;0;0;2;0;0.0;0.0
30;2020-12-30;0;0;2;0;0.0;0.0
30;2020-12-31;0;0;2;0;0.0;0.0
30;2021-01-01;0;0;2;0;0.0;0.0
30;2021-01-02;0;0;2;0;0.0;0.0
30;2021-01-03;0;0;2;0;0.0;0.0
30;2021-01-04;1;0;3;0;0.0;0.0
30;2021-01-05;3;0;6;0;0.0;0.0
30;2021-01-06;128;0;134;0;0.0;0.0
30;2021-01-07;313;0;447;0;0.1;0.0
30;2021-01-08;532;0;979;0;0.1;0.0
30;2021-01-09;270;0;1249;0;0.2;0.0
30;2021-01-10;0;0;1249;0;0.2;0.0
30;2021-01-11;537;0;1786;0;0.2;0.0
30;2021-01-12;800;3;2586;3;0.3;0.0
30;2021-01-13;640;0;3226;3;0.4;0.0
30;2021-01-14;652;5;3878;8;0.5;0.0
30;2021-01-15;756;2;4634;10;0.6;0.0
30;2021-01-16;313;0;4947;10;0.7;0.0
30;2021-01-17;3;0;4950;10;0.7;0.0
30;2021-01-18;940;5;5890;15;0.8;0.0
30;2021-01-19;1735;6;7625;21;1.0;0.0
30;2021-01-20;1304;2;8929;23;1.2;0.0
30;2021-01-21;1229;2;10158;25;1.4;0.0
30;2021-01-22;1078;6;11236;31;1.5;0.0
30;2021-01-23;634;2;11870;33;1.6;0.0
30;2021-01-24;0;0;11870;33;1.6;0.0
30;2021-01-25;831;4;12701;37;1.7;0.0
30;2021-01-26;1058;15;13759;52;1.8;0.0
30;2021-01-27;982;107;14741;159;2.0;0.0
30;2021-01-28;712;254;15453;413;2.1;0.1
30;2021-01-29;669;426;16122;839;2.2;0.1
30;2021-01-30;472;266;16594;1105;2.2;0.1
30;2021-01-31;3;6;16597;1111;2.2;0.1
30;2021-02-01;816;409;17413;1520;2.3;0.2
30;2021-02-02;1875;664;19288;2184;2.6;0.3
30;2021-02-03;1185;467;20473;2651;2.7;0.4
30;2021-02-04;968;607;21441;3258;2.9;0.4
30;2021-02-05;599;712;22040;3970;2.9;0.5
30;2021-02-06;294;221;22334;4191;3.0;0.6
30;2021-02-07;2;8;22336;4199;3.0;0.6
30;2021-02-08;574;635;22910;4834;3.1;0.6
30;2021-02-09;984;940;23894;5774;3.2;0.8
30;2021-02-10;986;1012;24880;6786;3.3;0.9
30;2021-02-11;929;962;25809;7748;3.4;1.0
30;2021-02-12;619;898;26428;8646;3.5;1.2
30;2021-02-13;436;318;26864;8964;3.6;1.2
30;2021-02-14;1;21;26865;8985;3.6;1.2
30;2021-02-15;450;513;27315;9498;3.6;1.3
30;2021-02-16;460;749;27775;10247;3.7;1.4
30;2021-02-17;682;539;28457;10786;3.8;1.4
30;2021-02-18;796;446;29253;11232;3.9;1.5
30;2021-02-19;574;592;29827;11824;4.0;1.6
30;2021-02-20;223;187;30050;12011;4.0;1.6
30;2021-02-21;5;3;30055;12014;4.0;1.6
30;2021-02-22;501;679;30556;12693;4.1;1.7
30;2021-02-23;974;1383;31530;14076;4.2;1.9
30;2021-02-24;929;1059;32459;15135;4.3;2.0
30;2021-02-25;1208;802;33667;15937;4.5;2.1
30;2021-02-26;1337;510;35004;16447;4.7;2.2
30;2021-02-27;564;488;35568;16935;4.8;2.3
30;2021-02-28;3;7;35571;16942;4.8;2.3
30;2021-03-01;1339;769;36910;17711;4.9;2.4
30;2021-03-02;1712;839;38622;18550;5.2;2.5
30;2021-03-03;2310;716;40932;19266;5.5;2.6
30;2021-03-04;2638;817;43570;20083;5.8;2.7
30;2021-03-05;2765;575;46335;20658;6.2;2.8
30;2021-03-06;2997;331;49332;20989;6.6;2.8
30;2021-03-07;1862;47;51194;21036;6.8;2.8
30;2021-03-08;1554;737;52748;21773;7.0;2.9
30;2021-03-09;2276;828;55024;22601;7.4;3.0
30;2021-03-10;2359;625;57383;23226;7.7;3.1
30;2021-03-11;3056;684;60439;23910;8.1;3.2
30;2021-03-12;3115;378;63554;24288;8.5;3.2
30;2021-03-13;2227;288;65781;24576;8.8;3.3
30;2021-03-14;83;3;65864;24579;8.8;3.3
30;2021-03-15;1579;553;67443;25132;9.0;3.4
30;2021-03-16;1299;1030;68742;26162;9.2;3.5
30;2021-03-17;1456;633;70198;26795;9.4;3.6
30;2021-03-18;1649;710;71847;27505;9.6;3.7
30;2021-03-19;2250;541;74097;28046;9.9;3.7
30;2021-03-20;1401;142;75498;28188;10.1;3.8
30;2021-03-21;58;8;75556;28196;10.1;3.8
30;2021-03-22;2397;714;77953;28910;10.4;3.9
30;2021-03-23;3512;800;81465;29710;10.9;4.0
30;2021-03-24;3638;819;85103;30529;11.4;4.1
30;2021-03-25;4406;839;89509;31368;12.0;4.2
30;2021-03-26;4363;642;93872;32010;12.5;4.3
30;2021-03-27;1971;377;95843;32387;12.8;4.3
30;2021-03-28;35;29;95878;32416;12.8;4.3
30;2021-03-29;2818;1646;98696;34062;13.2;4.6
30;2021-03-30;3778;1875;102474;35937;13.7;4.8
30;2021-03-31;3507;1639;105981;37576;14.2;5.0
30;2021-04-01;4016;1467;109997;39043;14.7;5.2
30;2021-04-02;3605;1222;113602;40265;15.2;5.4
30;2021-04-03;1063;1220;114665;41485;15.3;5.5
30;2021-04-04;30;188;114695;41673;15.3;5.6
30;2021-04-05;766;289;115461;41962;15.4;5.6
30;2021-04-06;3044;1578;118505;43540;15.8;5.8
30;2021-04-07;2720;1630;121225;45170;16.2;6.0
30;2021-04-08;3922;1488;125147;46658;16.7;6.2
30;2021-04-09;4889;1515;130036;48173;17.4;6.4
30;2021-04-10;2427;1176;132463;49349;17.7;6.6
30;2021-04-11;950;59;133413;49408;17.8;6.6
30;2021-04-12;3146;1490;136559;50898;18.2;6.8
30;2021-04-13;4019;1932;140578;52830;18.8;7.1
30;2021-04-14;3387;1541;143965;54371;19.2;7.3
30;2021-04-15;3830;1469;147795;55840;19.7;7.5
30;2021-04-16;3703;1544;151498;57384;20.2;7.7
30;2021-04-17;1493;950;152991;58334;20.4;7.8
30;2021-04-18;961;67;153952;58401;20.6;7.8
30;2021-04-19;2450;2296;156402;60697;20.9;8.1
30;2021-04-20;2816;2829;159218;63526;21.3;8.5
30;2021-04-21;2603;2569;161821;66095;21.6;8.8
30;2021-04-22;3526;2317;165347;68412;22.1;9.1
30;2021-04-23;3583;2300;168930;70712;22.6;9.4
30;2021-04-24;1347;1229;170277;71941;22.8;9.6
30;2021-04-25;748;90;171025;72031;22.9;9.6
30;2021-04-26;2017;2387;173042;74418;23.1;9.9
30;2021-04-27;2952;2596;175994;77014;23.5;10.3
30;2021-04-28;2838;2486;178832;79500;23.9;10.6
30;2021-04-29;3619;2319;182451;81819;24.4;10.9
30;2021-04-30;3409;2015;185860;83834;24.8;11.2
30;2021-05-01;1749;603;187609;84437;25.1;11.3
30;2021-05-02;665;245;188274;84682;25.2;11.3
30;2021-05-03;3759;2502;192033;87184;25.7;11.6
30;2021-05-04;3986;3540;196019;90724;26.2;12.1
30;2021-05-05;3947;3119;199966;93843;26.7;12.5
30;2021-05-06;4205;3363;204171;97206;27.3;13.0
30;2021-05-07;4079;3060;208250;100266;27.8;13.4
30;2021-05-08;1605;722;209855;100988;28.0;13.5
30;2021-05-09;372;613;210227;101601;28.1;13.6
30;2021-05-10;2921;3116;213148;104717;28.5;14.0
30;2021-05-11;5388;3646;218536;108363;29.2;14.5
30;2021-05-12;5303;3216;223839;111579;29.9;14.9
30;2021-05-13;3232;1027;227071;112606;30.3;15.0
30;2021-05-14;4892;2460;231963;115066;31.0;15.4
30;2021-05-15;3408;1206;235371;116272;31.4;15.5
30;2021-05-16;397;338;235768;116610;31.5;15.6
30;2021-05-17;3798;3032;239566;119642;32.0;16.0
30;2021-05-18;4828;3032;244394;122674;32.7;16.4
30;2021-05-19;4775;2547;249169;125221;33.3;16.7
30;2021-05-20;5015;2575;254184;127796;34.0;17.1
30;2021-05-21;4888;2471;259072;130267;34.6;17.4
30;2021-05-22;3158;1286;262230;131553;35.0;17.6
30;2021-05-23;288;344;262518;131897;35.1;17.6
30;2021-05-24;786;766;263304;132663;35.2;17.7
30;2021-05-25;2657;3157;265961;135820;35.5;18.1
30;2021-05-26;2889;2572;268850;138392;35.9;18.5
30;2021-05-27;3761;2708;272611;141100;36.4;18.9
30;2021-05-28;3326;3251;275937;144351;36.9;19.3
30;2021-05-29;1687;1794;277624;146145;37.1;19.5
30;2021-05-30;360;584;277984;146729;37.1;19.6
30;2021-05-31;2830;2294;280814;149023;37.5;19.9
30;2021-06-01;3659;2792;284473;151815;38.0;20.3
30;2021-06-02;3320;2452;287793;154267;38.5;20.6
30;2021-06-03;4132;3343;291925;157610;39.0;21.1
30;2021-06-04;3904;3398;295829;161008;39.5;21.5
30;2021-06-05;1907;1315;297736;162323;39.8;21.7
30;2021-06-06;684;264;298420;162587;39.9;21.7
30;2021-06-07;4725;2526;303145;165113;40.5;22.1
30;2021-06-08;4832;3327;307977;168440;41.1;22.5
30;2021-06-09;4155;2990;312132;171430;41.7;22.9
30;2021-06-10;4612;3356;316744;174786;42.3;23.4
30;2021-06-11;4587;3811;321331;178597;42.9;23.9
30;2021-06-12;2485;1710;323816;180307;43.3;24.1
30;2021-06-13;494;344;324310;180651;43.3;24.1
30;2021-06-14;2470;4711;326780;185362;43.7;24.8
30;2021-06-15;3199;5309;329979;190671;44.1;25.5
30;2021-06-16;3108;4644;333087;195315;44.5;26.1
30;2021-06-17;3923;4371;337010;199686;45.0;26.7
30;2021-06-18;3714;4698;340724;204384;45.5;27.3
30;2021-06-19;1441;2004;342165;206388;45.7;27.6
30;2021-06-20;357;490;342522;206878;45.8;27.6
30;2021-06-21;2380;4911;344902;211789;46.1;28.3
30;2021-06-22;2365;5741;347267;217530;46.4;29.1
30;2021-06-23;2529;5344;349796;222874;46.7;29.8
30;2021-06-24;2339;4708;352135;227582;47.0;30.4
30;2021-06-25;2611;5601;354746;233183;47.4;31.2
30;2021-06-26;909;2939;355655;236122;47.5;31.5
30;2021-06-27;222;527;355877;236649;47.5;31.6
30;2021-06-28;1670;6027;357547;242676;47.8;32.4
30;2021-06-29;1837;6025;359384;248701;48.0;33.2
30;2021-06-30;2003;5256;361387;253957;48.3;33.9
30;2021-07-01;2988;4718;364375;258675;48.7;34.6
30;2021-07-02;2836;4629;367211;263304;49.1;35.2
30;2021-07-03;1155;3047;368366;266351;49.2;35.6
30;2021-07-04;116;393;368482;266744;49.2;35.6
30;2021-07-05;2027;4030;370509;270774;49.5;36.2
30;2021-07-06;2666;4971;373175;275745;49.9;36.8
30;2021-07-07;2539;4220;375714;279965;50.2;37.4
30;2021-07-08;2016;3421;377730;283386;50.5;37.9
30;2021-07-09;2410;5315;380140;288701;50.8;38.6
30;2021-07-10;1505;2157;381645;290858;51.0;38.9
30;2021-07-11;48;415;381693;291273;51.0;38.9
30;2021-07-12;2528;5150;384221;296423;51.3;39.6
30;2021-07-13;3302;6036;387523;302459;51.8;40.4
30;2021-07-14;501;551;388024;303010;51.8;40.5
30;2021-07-15;4137;5479;392161;308489;52.4;41.2
30;2021-07-16;4987;5727;397148;314216;53.1;42.0
30;2021-07-17;1706;2467;398854;316683;53.3;42.3
30;2021-07-18;146;601;399000;317284;53.3;42.4
30;2021-07-19;3374;6308;402374;323592;53.8;43.2
30;2021-07-20;4642;6520;407016;330112;54.4;44.1
30;2021-07-21;4063;5413;411079;335525;54.9;44.8
30;2021-07-22;4900;5738;415979;341263;55.6;45.6
30;2021-07-23;5001;5866;420980;347129;56.2;46.4
30;2021-07-24;2241;3261;423221;350390;56.5;46.8
30;2021-07-25;137;309;423358;350699;56.6;46.9
30;2021-07-26;4417;4129;427775;354828;57.2;47.4
30;2021-07-27;4860;4649;432635;359477;57.8;48.0
30;2021-07-28;4880;4021;437515;363498;58.5;48.6
30;2021-07-29;5927;4135;443442;367633;59.2;49.1
30;2021-07-30;5346;4390;448788;372023;60.0;49.7
30;2021-07-31;2653;1965;451441;373988;60.3;50.0
30;2021-08-01;734;312;452175;374300;60.4;50.0
30;2021-08-02;3685;4015;455860;378315;60.9;50.5
30;2021-08-03;4886;3951;460746;382266;61.6;51.1
30;2021-08-04;5279;3058;466025;385324;62.3;51.5
30;2021-08-05;4617;3787;470642;389111;62.9;52.0
30;2021-08-06;4294;4055;474936;393166;63.5;52.5
30;2021-08-07;1841;1951;476777;395117;63.7;52.8
30;2021-08-08;619;280;477396;395397;63.8;52.8
30;2021-08-09;3342;3758;480738;399155;64.2;53.3
30;2021-08-10;3928;4404;484666;403559;64.8;53.9
30;2021-08-11;3402;3481;488068;407040;65.2;54.4
30;2021-08-12;3762;4215;491830;411255;65.7;54.9
30;2021-08-13;3306;3337;495136;414592;66.2;55.4
30;2021-08-14;1130;2049;496266;416641;66.3;55.7
30;2021-08-15;270;176;496536;416817;66.3;55.7
30;2021-08-16;2165;4866;498701;421683;66.6;56.3
30;2021-08-17;2743;4197;501444;425880;67.0;56.9
30;2021-08-18;2812;3835;504256;429715;67.4;57.4
30;2021-08-19;2852;4318;507108;434033;67.8;58.0
30;2021-08-20;2589;4461;509697;438494;68.1;58.6
30;2021-08-21;1017;2887;510714;441381;68.2;59.0
30;2021-08-22;226;516;510940;441897;68.3;59.0
30;2021-08-23;1681;4475;512621;446372;68.5;59.6
30;2021-08-24;1943;4522;514564;450894;68.7;60.2
30;2021-08-25;1681;4343;516245;455237;69.0;60.8
30;2021-08-26;1843;4253;518088;459490;69.2;61.4
30;2021-08-27;1761;4354;519849;463844;69.5;62.0
30;2021-08-28;679;2474;520528;466318;69.5;62.3
30;2021-08-29;181;613;520709;466931;69.6;62.4
30;2021-08-30;1405;4303;522114;471234;69.8;63.0
30;2021-08-31;1324;4186;523438;475420;69.9;63.5
30;2021-09-01;1236;3625;524674;479045;70.1;64.0
30;2021-09-02;1349;3583;526023;482628;70.3;64.5
30;2021-09-03;1499;4146;527522;486774;70.5;65.0
30;2021-09-04;681;1927;528203;488701;70.6;65.3
30;2021-09-05;136;495;528339;489196;70.6;65.4
30;2021-09-06;730;2686;529069;491882;70.7;65.7
30;2021-09-07;693;2595;529762;494477;70.8;66.1
30;2021-09-08;856;2805;530618;497282;70.9;66.4
30;2021-09-09;888;2486;531506;499768;71.0;66.8
30;2021-09-10;916;2990;532422;502758;71.1;67.2
30;2021-09-11;519;1657;532941;504415;71.2;67.4
30;2021-09-12;81;218;533022;504633;71.2;67.4
31;2020-12-27;0;0;0;0;0.0;0.0
31;2020-12-28;1;0;1;0;0.0;0.0
31;2020-12-29;0;0;1;0;0.0;0.0
31;2020-12-30;0;0;1;0;0.0;0.0
31;2020-12-31;1;0;2;0;0.0;0.0
31;2021-01-01;4;0;6;0;0.0;0.0
31;2021-01-02;0;0;6;0;0.0;0.0
31;2021-01-03;2;0;8;0;0.0;0.0
31;2021-01-04;5;0;13;0;0.0;0.0
31;2021-01-05;50;0;63;0;0.0;0.0
31;2021-01-06;211;1;274;1;0.0;0.0
31;2021-01-07;284;1;558;2;0.0;0.0
31;2021-01-08;546;1;1104;3;0.1;0.0
31;2021-01-09;275;0;1379;3;0.1;0.0
31;2021-01-10;286;0;1665;3;0.1;0.0
31;2021-01-11;983;3;2648;6;0.2;0.0
31;2021-01-12;1192;1;3840;7;0.3;0.0
31;2021-01-13;1158;3;4998;10;0.4;0.0
31;2021-01-14;1179;18;6177;28;0.4;0.0
31;2021-01-15;1047;3;7224;31;0.5;0.0
31;2021-01-16;243;1;7467;32;0.5;0.0
31;2021-01-17;176;0;7643;32;0.5;0.0
31;2021-01-18;1615;5;9258;37;0.7;0.0
31;2021-01-19;2935;10;12193;47;0.9;0.0
31;2021-01-20;3670;12;15863;59;1.1;0.0
31;2021-01-21;2993;7;18856;66;1.3;0.0
31;2021-01-22;2274;5;21130;71;1.5;0.0
31;2021-01-23;728;2;21858;73;1.6;0.0
31;2021-01-24;212;1;22070;74;1.6;0.0
31;2021-01-25;1744;9;23814;83;1.7;0.0
31;2021-01-26;1839;39;25653;122;1.8;0.0
31;2021-01-27;1575;140;27228;262;1.9;0.0
31;2021-01-28;1385;285;28613;547;2.0;0.0
31;2021-01-29;1359;317;29972;864;2.1;0.1
31;2021-01-30;446;168;30418;1032;2.2;0.1
31;2021-01-31;61;191;30479;1223;2.2;0.1
31;2021-02-01;1178;690;31657;1913;2.3;0.1
31;2021-02-02;3042;767;34699;2680;2.5;0.2
31;2021-02-03;1922;744;36621;3424;2.6;0.2
31;2021-02-04;1812;816;38433;4240;2.7;0.3
31;2021-02-05;1342;546;39775;4786;2.8;0.3
31;2021-02-06;383;53;40158;4839;2.9;0.3
31;2021-02-07;37;37;40195;4876;2.9;0.3
31;2021-02-08;1115;617;41310;5493;2.9;0.4
31;2021-02-09;1680;1525;42990;7018;3.1;0.5
31;2021-02-10;1961;2365;44951;9383;3.2;0.7
31;2021-02-11;1815;1773;46766;11156;3.3;0.8
31;2021-02-12;1539;755;48305;11911;3.4;0.9
31;2021-02-13;504;217;48809;12128;3.5;0.9
31;2021-02-14;56;199;48865;12327;3.5;0.9
31;2021-02-15;444;1095;49309;13422;3.5;1.0
31;2021-02-16;464;1301;49773;14723;3.6;1.1
31;2021-02-17;471;1374;50244;16097;3.6;1.1
31;2021-02-18;476;1448;50720;17545;3.6;1.3
31;2021-02-19;393;1322;51113;18867;3.6;1.3
31;2021-02-20;69;420;51182;19287;3.7;1.4
31;2021-02-21;77;148;51259;19435;3.7;1.4
31;2021-02-22;433;1500;51692;20935;3.7;1.5
31;2021-02-23;865;2771;52557;23706;3.8;1.7
31;2021-02-24;652;1957;53209;25663;3.8;1.8
31;2021-02-25;1434;1655;54643;27318;3.9;1.9
31;2021-02-26;1711;1019;56354;28337;4.0;2.0
31;2021-02-27;638;312;56992;28649;4.1;2.0
31;2021-02-28;78;54;57070;28703;4.1;2.0
31;2021-03-01;874;978;57944;29681;4.1;2.1
31;2021-03-02;1240;1483;59184;31164;4.2;2.2
31;2021-03-03;1354;1655;60538;32819;4.3;2.3
31;2021-03-04;2424;1348;62962;34167;4.5;2.4
31;2021-03-05;3054;1470;66016;35637;4.7;2.5
31;2021-03-06;2835;359;68851;35996;4.9;2.6
31;2021-03-07;5368;110;74219;36106;5.3;2.6
31;2021-03-08;1599;1003;75818;37109;5.4;2.6
31;2021-03-09;2792;1090;78610;38199;5.6;2.7
31;2021-03-10;2574;1029;81184;39228;5.8;2.8
31;2021-03-11;4380;1103;85564;40331;6.1;2.9
31;2021-03-12;5316;1145;90880;41476;6.5;3.0
31;2021-03-13;2838;494;93718;41970;6.7;3.0
31;2021-03-14;235;49;93953;42019;6.7;3.0
31;2021-03-15;2583;420;96536;42439;6.9;3.0
31;2021-03-16;1747;797;98283;43236;7.0;3.1
31;2021-03-17;1657;548;99940;43784;7.1;3.1
31;2021-03-18;1988;701;101928;44485;7.3;3.2
31;2021-03-19;3187;518;105115;45003;7.5;3.2
31;2021-03-20;1797;135;106912;45138;7.6;3.2
31;2021-03-21;210;35;107122;45173;7.6;3.2
31;2021-03-22;2580;365;109702;45538;7.8;3.3
31;2021-03-23;4056;318;113758;45856;8.1;3.3
31;2021-03-24;4357;290;118115;46146;8.4;3.3
31;2021-03-25;6040;523;124155;46669;8.9;3.3
31;2021-03-26;5466;507;129621;47176;9.3;3.4
31;2021-03-27;4350;207;133971;47383;9.6;3.4
31;2021-03-28;2291;48;136262;47431;9.7;3.4
31;2021-03-29;4207;430;140469;47861;10.0;3.4
31;2021-03-30;6597;554;147066;48415;10.5;3.5
31;2021-03-31;5651;381;152717;48796;10.9;3.5
31;2021-04-01;6966;552;159683;49348;11.4;3.5
31;2021-04-02;6102;576;165785;49924;11.8;3.6
31;2021-04-03;3929;151;169714;50075;12.1;3.6
31;2021-04-04;2060;113;171774;50188;12.3;3.6
31;2021-04-05;481;70;172255;50258;12.3;3.6
31;2021-04-06;4166;1147;176421;51405;12.6;3.7
31;2021-04-07;5987;983;182408;52388;13.0;3.7
31;2021-04-08;7568;1038;189976;53426;13.6;3.8
31;2021-04-09;8387;1257;198363;54683;14.2;3.9
31;2021-04-10;4717;544;203080;55227;14.5;3.9
31;2021-04-11;2068;137;205148;55364;14.6;4.0
31;2021-04-12;6000;1835;211148;57199;15.1;4.1
31;2021-04-13;8039;2015;219187;59214;15.6;4.2
31;2021-04-14;6653;1909;225840;61123;16.1;4.4
31;2021-04-15;7773;2237;233613;63360;16.7;4.5
31;2021-04-16;7182;2096;240795;65456;17.2;4.7
31;2021-04-17;4414;905;245209;66361;17.5;4.7
31;2021-04-18;2513;354;247722;66715;17.7;4.8
31;2021-04-19;5220;2024;252942;68739;18.1;4.9
31;2021-04-20;6073;2840;259015;71579;18.5;5.1
31;2021-04-21;5974;2788;264989;74367;18.9;5.3
31;2021-04-22;6381;3242;271370;77609;19.4;5.5
31;2021-04-23;6283;2552;277653;80161;19.8;5.7
31;2021-04-24;1615;3138;279268;83299;19.9;5.9
31;2021-04-25;688;2092;279956;85391;20.0;6.1
31;2021-04-26;3793;3220;283749;88611;20.3;6.3
31;2021-04-27;4517;3888;288266;92499;20.6;6.6
31;2021-04-28;4544;3561;292810;96060;20.9;6.9
31;2021-04-29;5184;4060;297994;100120;21.3;7.1
31;2021-04-30;5037;4123;303031;104243;21.6;7.4
31;2021-05-01;1487;3117;304518;107360;21.7;7.7
31;2021-05-02;1414;1980;305932;109340;21.8;7.8
31;2021-05-03;5657;2419;311589;111759;22.2;8.0
31;2021-05-04;4779;4739;316368;116498;22.6;8.3
31;2021-05-05;2996;5713;319364;122211;22.8;8.7
31;2021-05-06;3636;7375;323000;129586;23.1;9.2
31;2021-05-07;5258;7148;328258;136734;23.4;9.8
31;2021-05-08;3634;3104;331892;139838;23.7;10.0
31;2021-05-09;3760;2308;335652;142146;24.0;10.1
31;2021-05-10;5685;5475;341337;147621;24.4;10.5
31;2021-05-11;6653;6688;347990;154309;24.8;11.0
31;2021-05-12;6172;5931;354162;160240;25.3;11.4
31;2021-05-13;4643;2064;358805;162304;25.6;11.6
31;2021-05-14;6912;3975;365717;166279;26.1;11.9
31;2021-05-15;5144;1753;370861;168032;26.5;12.0
31;2021-05-16;3301;633;374162;168665;26.7;12.0
31;2021-05-17;5143;4148;379305;172813;27.1;12.3
31;2021-05-18;5589;4269;384894;177082;27.5;12.6
31;2021-05-19;5783;3761;390677;180843;27.9;12.9
31;2021-05-20;6475;4789;397152;185632;28.3;13.3
31;2021-05-21;5986;4599;403138;190231;28.8;13.6
31;2021-05-22;4085;1628;407223;191859;29.1;13.7
31;2021-05-23;3585;342;410808;192201;29.3;13.7
31;2021-05-24;3880;707;414688;192908;29.6;13.8
31;2021-05-25;6191;3606;420879;196514;30.0;14.0
31;2021-05-26;5611;4642;426490;201156;30.4;14.4
31;2021-05-27;4788;6187;431278;207343;30.8;14.8
31;2021-05-28;4118;6348;435396;213691;31.1;15.3
31;2021-05-29;1918;4024;437314;217715;31.2;15.5
31;2021-05-30;751;2361;438065;220076;31.3;15.7
31;2021-05-31;4399;5074;442464;225150;31.6;16.1
31;2021-06-01;5955;6559;448419;231709;32.0;16.5
31;2021-06-02;5801;6301;454220;238010;32.4;17.0
31;2021-06-03;7308;8136;461528;246146;32.9;17.6
31;2021-06-04;7545;7156;469073;253302;33.5;18.1
31;2021-06-05;9079;2769;478152;256071;34.1;18.3
31;2021-06-06;8115;1582;486267;257653;34.7;18.4
31;2021-06-07;7989;5471;494256;263124;35.3;18.8
31;2021-06-08;9109;6047;503365;269171;35.9;19.2
31;2021-06-09;8920;5553;512285;274724;36.6;19.6
31;2021-06-10;9784;6352;522069;281076;37.3;20.1
31;2021-06-11;10050;6631;532119;287707;38.0;20.5
31;2021-06-12;8791;3020;540910;290727;38.6;20.8
31;2021-06-13;8376;2018;549286;292745;39.2;20.9
31;2021-06-14;8433;6729;557719;299474;39.8;21.4
31;2021-06-15;9780;7449;567499;306923;40.5;21.9
31;2021-06-16;8739;5255;576238;312178;41.1;22.3
31;2021-06-17;8279;6605;584517;318783;41.7;22.8
31;2021-06-18;8554;7751;593071;326534;42.3;23.3
31;2021-06-19;7367;5437;600438;331971;42.9;23.7
31;2021-06-20;5575;3725;606013;335696;43.3;24.0
31;2021-06-21;5377;6918;611390;342614;43.6;24.5
31;2021-06-22;4989;8226;616379;350840;44.0;25.0
31;2021-06-23;5111;7282;621490;358122;44.4;25.6
31;2021-06-24;4635;8324;626125;366446;44.7;26.2
31;2021-06-25;5018;9313;631143;375759;45.1;26.8
31;2021-06-26;4283;6399;635426;382158;45.4;27.3
31;2021-06-27;3598;4108;639024;386266;45.6;27.6
31;2021-06-28;4101;6643;643125;392909;45.9;28.0
31;2021-06-29;3799;7562;646924;400471;46.2;28.6
31;2021-06-30;4280;7812;651204;408283;46.5;29.1
31;2021-07-01;4095;8464;655299;416747;46.8;29.7
31;2021-07-02;4109;9326;659408;426073;47.1;30.4
31;2021-07-03;4101;6110;663509;432183;47.4;30.8
31;2021-07-04;3206;4811;666715;436994;47.6;31.2
31;2021-07-05;4055;7097;670770;444091;47.9;31.7
31;2021-07-06;3889;8363;674659;452454;48.2;32.3
31;2021-07-07;3963;7962;678622;460416;48.4;32.9
31;2021-07-08;4055;8537;682677;468953;48.7;33.5
31;2021-07-09;4464;8801;687141;477754;49.0;34.1
31;2021-07-10;3919;5492;691060;483246;49.3;34.5
31;2021-07-11;3138;4138;694198;487384;49.6;34.8
31;2021-07-12;3826;8633;698024;496017;49.8;35.4
31;2021-07-13;6922;9441;704946;505458;50.3;36.1
31;2021-07-14;6168;3936;711114;509394;50.8;36.4
31;2021-07-15;8522;9448;719636;518842;51.4;37.0
31;2021-07-16;7779;9911;727415;528753;51.9;37.7
31;2021-07-17;8366;10554;735781;539307;52.5;38.5
31;2021-07-18;6628;9470;742409;548777;53.0;39.2
31;2021-07-19;4793;10772;747202;559549;53.3;39.9
31;2021-07-20;7165;11480;754367;571029;53.8;40.8
31;2021-07-21;7044;11528;761411;582557;54.4;41.6
31;2021-07-22;8165;11758;769576;594315;54.9;42.4
31;2021-07-23;7472;11809;777048;606124;55.5;43.3
31;2021-07-24;10317;10568;787365;616692;56.2;44.0
31;2021-07-25;7567;8803;794932;625495;56.7;44.6
31;2021-07-26;5520;9544;800452;635039;57.1;45.3
31;2021-07-27;7968;9197;808420;644236;57.7;46.0
31;2021-07-28;8683;8279;817103;652515;58.3;46.6
31;2021-07-29;8855;8048;825958;660563;59.0;47.2
31;2021-07-30;7671;7985;833629;668548;59.5;47.7
31;2021-07-31;6017;7391;839646;675939;59.9;48.2
31;2021-08-01;4434;4302;844080;680241;60.3;48.6
31;2021-08-02;5486;5418;849566;685659;60.6;48.9
31;2021-08-03;5857;5186;855423;690845;61.1;49.3
31;2021-08-04;5923;4802;861346;695647;61.5;49.7
31;2021-08-05;5582;7229;866928;702876;61.9;50.2
31;2021-08-06;5300;7343;872228;710219;62.3;50.7
31;2021-08-07;4597;6649;876825;716868;62.6;51.2
31;2021-08-08;3386;5577;880211;722445;62.8;51.6
31;2021-08-09;4390;7008;884601;729453;63.1;52.1
31;2021-08-10;4679;6279;889280;735732;63.5;52.5
31;2021-08-11;4523;5857;893803;741589;63.8;52.9
31;2021-08-12;4521;6751;898324;748340;64.1;53.4
31;2021-08-13;4155;6197;902479;754537;64.4;53.9
31;2021-08-14;3034;6458;905513;760995;64.6;54.3
31;2021-08-15;1297;4095;906810;765090;64.7;54.6
31;2021-08-16;3215;8122;910025;773212;65.0;55.2
31;2021-08-17;3426;7099;913451;780311;65.2;55.7
31;2021-08-18;3310;7001;916761;787312;65.4;56.2
31;2021-08-19;2976;6989;919737;794301;65.7;56.7
31;2021-08-20;2970;7389;922707;801690;65.9;57.2
31;2021-08-21;1973;6795;924680;808485;66.0;57.7
31;2021-08-22;1489;5634;926169;814119;66.1;58.1
31;2021-08-23;2321;7723;928490;821842;66.3;58.7
31;2021-08-24;2542;6168;931032;828010;66.5;59.1
31;2021-08-25;2356;5728;933388;833738;66.6;59.5
31;2021-08-26;2261;5794;935649;839532;66.8;59.9
31;2021-08-27;2350;6662;937999;846194;67.0;60.4
31;2021-08-28;1826;6786;939825;852980;67.1;60.9
31;2021-08-29;1270;5064;941095;858044;67.2;61.2
31;2021-08-30;2113;6628;943208;864672;67.3;61.7
31;2021-08-31;2246;5564;945454;870236;67.5;62.1
31;2021-09-01;1678;5055;947132;875291;67.6;62.5
31;2021-09-02;1745;4523;948877;879814;67.7;62.8
31;2021-09-03;1768;5207;950645;885021;67.9;63.2
31;2021-09-04;1992;5929;952637;890950;68.0;63.6
31;2021-09-05;1125;2402;953762;893352;68.1;63.8
31;2021-09-06;1358;3604;955120;896956;68.2;64.0
31;2021-09-07;1240;3350;956360;900306;68.3;64.3
31;2021-09-08;1401;3952;957761;904258;68.4;64.5
31;2021-09-09;1066;3097;958827;907355;68.4;64.8
31;2021-09-10;1623;3950;960450;911305;68.6;65.0
31;2021-09-11;1258;3978;961708;915283;68.6;65.3
31;2021-09-12;530;1807;962238;917090;68.7;65.5
32;2020-12-27;0;0;0;0;0.0;0.0
32;2020-12-28;0;0;0;0;0.0;0.0
32;2020-12-29;0;0;0;0;0.0;0.0
32;2020-12-30;0;0;0;0;0.0;0.0
32;2020-12-31;0;0;0;0;0.0;0.0
32;2021-01-01;0;0;0;0;0.0;0.0
32;2021-01-02;0;0;0;0;0.0;0.0
32;2021-01-03;1;0;1;0;0.0;0.0
32;2021-01-04;3;0;4;0;0.0;0.0
32;2021-01-05;1;0;5;0;0.0;0.0
32;2021-01-06;2;0;7;0;0.0;0.0
32;2021-01-07;155;0;162;0;0.1;0.0
32;2021-01-08;70;0;232;0;0.1;0.0
32;2021-01-09;5;0;237;0;0.1;0.0
32;2021-01-10;1;0;238;0;0.1;0.0
32;2021-01-11;11;0;249;0;0.1;0.0
32;2021-01-12;96;0;345;0;0.2;0.0
32;2021-01-13;325;1;670;1;0.4;0.0
32;2021-01-14;378;3;1048;4;0.6;0.0
32;2021-01-15;448;2;1496;6;0.8;0.0
32;2021-01-16;16;2;1512;8;0.8;0.0
32;2021-01-17;1;0;1513;8;0.8;0.0
32;2021-01-18;345;1;1858;9;1.0;0.0
32;2021-01-19;418;0;2276;9;1.2;0.0
32;2021-01-20;358;0;2634;9;1.4;0.0
32;2021-01-21;582;0;3216;9;1.7;0.0
32;2021-01-22;372;0;3588;9;1.9;0.0
32;2021-01-23;180;0;3768;9;2.0;0.0
32;2021-01-24;5;0;3773;9;2.0;0.0
32;2021-01-25;468;1;4241;10;2.2;0.0
32;2021-01-26;608;0;4849;10;2.6;0.0
32;2021-01-27;702;4;5551;14;2.9;0.0
32;2021-01-28;687;12;6238;26;3.3;0.0
32;2021-01-29;460;49;6698;75;3.5;0.0
32;2021-01-30;260;0;6958;75;3.7;0.0
32;2021-01-31;4;5;6962;80;3.7;0.0
32;2021-02-01;289;57;7251;137;3.8;0.1
32;2021-02-02;638;135;7889;272;4.2;0.1
32;2021-02-03;338;197;8227;469;4.3;0.2
32;2021-02-04;426;273;8653;742;4.6;0.4
32;2021-02-05;348;354;9001;1096;4.7;0.6
32;2021-02-06;147;0;9148;1096;4.8;0.6
32;2021-02-07;0;36;9148;1132;4.8;0.6
32;2021-02-08;278;111;9426;1243;5.0;0.7
32;2021-02-09;310;226;9736;1469;5.1;0.8
32;2021-02-10;271;242;10007;1711;5.3;0.9
32;2021-02-11;382;303;10389;2014;5.5;1.1
32;2021-02-12;297;275;10686;2289;5.6;1.2
32;2021-02-13;249;1;10935;2290;5.8;1.2
32;2021-02-14;0;28;10935;2318;5.8;1.2
32;2021-02-15;25;188;10960;2506;5.8;1.3
32;2021-02-16;393;343;11353;2849;6.0;1.5
32;2021-02-17;192;442;11545;3291;6.1;1.7
32;2021-02-18;331;469;11876;3760;6.2;2.0
32;2021-02-19;184;268;12060;4028;6.3;2.1
32;2021-02-20;1;80;12061;4108;6.3;2.2
32;2021-02-21;0;0;12061;4108;6.3;2.2
32;2021-02-22;158;345;12219;4453;6.4;2.3
32;2021-02-23;431;536;12650;4989;6.7;2.6
32;2021-02-24;277;338;12927;5327;6.8;2.8
32;2021-02-25;481;469;13408;5796;7.1;3.0
32;2021-02-26;444;365;13852;6161;7.3;3.2
32;2021-02-27;157;219;14009;6380;7.4;3.4
32;2021-02-28;4;0;14013;6380;7.4;3.4
32;2021-03-01;51;282;14064;6662;7.4;3.5
32;2021-03-02;415;414;14479;7076;7.6;3.7
32;2021-03-03;276;270;14755;7346;7.8;3.9
32;2021-03-04;541;324;15296;7670;8.0;4.0
32;2021-03-05;437;233;15733;7903;8.3;4.2
32;2021-03-06;522;150;16255;8053;8.6;4.2
32;2021-03-07;25;5;16280;8058;8.6;4.2
32;2021-03-08;234;286;16514;8344;8.7;4.4
32;2021-03-09;644;318;17158;8662;9.0;4.6
32;2021-03-10;482;322;17640;8984;9.3;4.7
32;2021-03-11;854;285;18494;9269;9.7;4.9
32;2021-03-12;882;335;19376;9604;10.2;5.1
32;2021-03-13;492;245;19868;9849;10.5;5.2
32;2021-03-14;1;0;19869;9849;10.5;5.2
32;2021-03-15;267;25;20136;9874;10.6;5.2
32;2021-03-16;314;305;20450;10179;10.8;5.4
32;2021-03-17;150;154;20600;10333;10.8;5.4
32;2021-03-18;375;305;20975;10638;11.0;5.6
32;2021-03-19;404;179;21379;10817;11.2;5.7
32;2021-03-20;136;33;21515;10850;11.3;5.7
32;2021-03-21;0;0;21515;10850;11.3;5.7
32;2021-03-22;340;167;21855;11017;11.5;5.8
32;2021-03-23;560;398;22415;11415;11.8;6.0
32;2021-03-24;643;267;23058;11682;12.1;6.1
32;2021-03-25;899;414;23957;12096;12.6;6.4
32;2021-03-26;657;294;24614;12390;13.0;6.5
32;2021-03-27;165;3;24779;12393;13.0;6.5
32;2021-03-28;1;1;24780;12394;13.0;6.5
32;2021-03-29;371;48;25151;12442;13.2;6.5
32;2021-03-30;766;289;25917;12731;13.6;6.7
32;2021-03-31;654;170;26571;12901;14.0;6.8
32;2021-04-01;1237;318;27808;13219;14.6;7.0
32;2021-04-02;575;167;28383;13386;14.9;7.0
32;2021-04-03;114;0;28497;13386;15.0;7.0
32;2021-04-04;0;0;28497;13386;15.0;7.0
32;2021-04-05;0;0;28497;13386;15.0;7.0
32;2021-04-06;2649;311;31146;13697;16.4;7.2
32;2021-04-07;1178;202;32324;13899;17.0;7.3
32;2021-04-08;1736;405;34060;14304;17.9;7.5
32;2021-04-09;883;218;34943;14522;18.4;7.6
32;2021-04-10;809;29;35752;14551;18.8;7.7
32;2021-04-11;14;0;35766;14551;18.8;7.7
32;2021-04-12;477;23;36243;14574;19.1;7.7
32;2021-04-13;2469;388;38712;14962;20.4;7.9
32;2021-04-14;1227;263;39939;15225;21.0;8.0
32;2021-04-15;1704;392;41643;15617;21.9;8.2
32;2021-04-16;638;282;42281;15899;22.2;8.4
32;2021-04-17;783;39;43064;15938;22.7;8.4
32;2021-04-18;13;1;43077;15939;22.7;8.4
32;2021-04-19;502;45;43579;15984;22.9;8.4
32;2021-04-20;2472;392;46051;16376;24.2;8.6
32;2021-04-21;1010;303;47061;16679;24.8;8.8
32;2021-04-22;1662;319;48723;16998;25.6;8.9
32;2021-04-23;549;158;49272;17156;25.9;9.0
32;2021-04-24;1392;55;50664;17211;26.7;9.1
32;2021-04-25;0;11;50664;17222;26.7;9.1
32;2021-04-26;387;359;51051;17581;26.9;9.3
32;2021-04-27;2552;555;53603;18136;28.2;9.5
32;2021-04-28;972;355;54575;18491;28.7;9.7
32;2021-04-29;1009;883;55584;19374;29.2;10.2
32;2021-04-30;453;363;56037;19737;29.5;10.4
32;2021-05-01;2607;97;58644;19834;30.9;10.4
32;2021-05-02;0;0;58644;19834;30.9;10.4
32;2021-05-03;171;321;58815;20155;30.9;10.6
32;2021-05-04;788;2490;59603;22645;31.4;11.9
32;2021-05-05;2361;1097;61964;23742;32.6;12.5
32;2021-05-06;516;1656;62480;25398;32.9;13.4
32;2021-05-07;2286;538;64766;25936;34.1;13.6
32;2021-05-08;71;516;64837;26452;34.1;13.9
32;2021-05-09;21;179;64858;26631;34.1;14.0
32;2021-05-10;1994;547;66852;27178;35.2;14.3
32;2021-05-11;651;2275;67503;29453;35.5;15.5
32;2021-05-12;2313;1138;69816;30591;36.7;16.1
32;2021-05-13;281;1417;70097;32008;36.9;16.8
32;2021-05-14;2222;327;72319;32335;38.1;17.0
32;2021-05-15;134;712;72453;33047;38.1;17.4
32;2021-05-16;2;0;72455;33047;38.1;17.4
32;2021-05-17;353;169;72808;33216;38.3;17.5
32;2021-05-18;1642;297;74450;33513;39.2;17.6
32;2021-05-19;2475;273;76925;33786;40.5;17.8
32;2021-05-20;2887;470;79812;34256;42.0;18.0
32;2021-05-21;2535;499;82347;34755;43.3;18.3
32;2021-05-22;334;110;82681;34865;43.5;18.3
32;2021-05-23;2;13;82683;34878;43.5;18.4
32;2021-05-24;3;0;82686;34878;43.5;18.4
32;2021-05-25;1983;372;84669;35250;44.6;18.5
32;2021-05-26;2548;556;87217;35806;45.9;18.8
32;2021-05-27;2878;626;90095;36432;47.4;19.2
32;2021-05-28;2312;766;92407;37198;48.6;19.6
32;2021-05-29;372;313;92779;37511;48.8;19.7
32;2021-05-30;4;6;92783;37517;48.8;19.7
32;2021-05-31;1414;625;94197;38142;49.6;20.1
32;2021-06-01;566;2887;94763;41029;49.9;21.6
32;2021-06-02;1580;1351;96343;42380;50.7;22.3
32;2021-06-03;395;2087;96738;44467;50.9;23.4
32;2021-06-04;1837;830;98575;45297;51.9;23.8
32;2021-06-05;206;1660;98781;46957;52.0;24.7
32;2021-06-06;8;14;98789;46971;52.0;24.7
32;2021-06-07;103;418;98892;47389;52.0;24.9
32;2021-06-08;664;2540;99556;49929;52.4;26.3
32;2021-06-09;1191;1055;100747;50984;53.0;26.8
32;2021-06-10;686;1225;101433;52209;53.4;27.5
32;2021-06-11;926;662;102359;52871;53.9;27.8
32;2021-06-12;150;2679;102509;55550;53.9;29.2
32;2021-06-13;1;1;102510;55551;53.9;29.2
32;2021-06-14;529;210;103039;55761;54.2;29.3
32;2021-06-15;1735;1025;104774;56786;55.1;29.9
32;2021-06-16;850;2777;105624;59563;55.6;31.3
32;2021-06-17;860;829;106484;60392;56.0;31.8
32;2021-06-18;315;2723;106799;63115;56.2;33.2
32;2021-06-19;914;437;107713;63552;56.7;33.4
32;2021-06-20;5;13;107718;63565;56.7;33.4
32;2021-06-21;67;1994;107785;65559;56.7;34.5
32;2021-06-22;1043;970;108828;66529;57.3;35.0
32;2021-06-23;516;2184;109344;68713;57.5;36.2
32;2021-06-24;528;518;109872;69231;57.8;36.4
32;2021-06-25;500;2359;110372;71590;58.1;37.7
32;2021-06-26;108;171;110480;71761;58.1;37.8
32;2021-06-27;2;5;110482;71766;58.1;37.8
32;2021-06-28;630;603;111112;72369;58.5;38.1
32;2021-06-29;800;1984;111912;74353;58.9;39.1
32;2021-06-30;757;2727;112669;77080;59.3;40.6
32;2021-07-01;540;2640;113209;79720;59.6;41.9
32;2021-07-02;641;2335;113850;82055;59.9;43.2
32;2021-07-03;482;506;114332;82561;60.2;43.4
32;2021-07-04;1;12;114333;82573;60.2;43.5
32;2021-07-05;76;390;114409;82963;60.2;43.7
32;2021-07-06;880;2083;115289;85046;60.7;44.8
32;2021-07-07;781;2757;116070;87803;61.1;46.2
32;2021-07-08;478;2268;116548;90071;61.3;47.4
32;2021-07-09;615;2226;117163;92297;61.7;48.6
32;2021-07-10;537;521;117700;92818;61.9;48.8
32;2021-07-11;0;5;117700;92823;61.9;48.8
32;2021-07-12;525;1243;118225;94066;62.2;49.5
32;2021-07-13;1697;1818;119922;95884;63.1;50.5
32;2021-07-14;492;35;120414;95919;63.4;50.5
32;2021-07-15;2095;891;122509;96810;64.5;50.9
32;2021-07-16;1170;1913;123679;98723;65.1;51.9
32;2021-07-17;78;129;123757;98852;65.1;52.0
32;2021-07-18;2;5;123759;98857;65.1;52.0
32;2021-07-19;1996;147;125755;99004;66.2;52.1
32;2021-07-20;2039;1271;127794;100275;67.2;52.8
32;2021-07-21;1616;1691;129410;101966;68.1;53.7
32;2021-07-22;1949;512;131359;102478;69.1;53.9
32;2021-07-23;1407;1731;132766;104209;69.9;54.8
32;2021-07-24;139;117;132905;104326;69.9;54.9
32;2021-07-25;34;10;132939;104336;70.0;54.9
32;2021-07-26;1071;1071;134010;105407;70.5;55.5
32;2021-07-27;1730;2098;135740;107505;71.4;56.6
32;2021-07-28;694;974;136434;108479;71.8;57.1
32;2021-07-29;1694;1608;138128;110087;72.7;57.9
32;2021-07-30;363;348;138491;110435;72.9;58.1
32;2021-07-31;187;351;138678;110786;73.0;58.3
32;2021-08-01;18;4;138696;110790;73.0;58.3
32;2021-08-02;82;76;138778;110866;73.0;58.3
32;2021-08-03;1177;1792;139955;112658;73.6;59.3
32;2021-08-04;633;652;140588;113310;74.0;59.6
32;2021-08-05;1109;1941;141697;115251;74.6;60.6
32;2021-08-06;561;495;142258;115746;74.9;60.9
32;2021-08-07;148;92;142406;115838;74.9;61.0
32;2021-08-08;0;0;142406;115838;74.9;61.0
32;2021-08-09;263;1826;142669;117664;75.1;61.9
32;2021-08-10;716;2078;143385;119742;75.4;63.0
32;2021-08-11;581;447;143966;120189;75.8;63.2
32;2021-08-12;933;2101;144899;122290;76.2;64.3
32;2021-08-13;177;251;145076;122541;76.3;64.5
32;2021-08-14;113;117;145189;122658;76.4;64.5
32;2021-08-15;13;21;145202;122679;76.4;64.6
32;2021-08-16;41;39;145243;122718;76.4;64.6
32;2021-08-17;573;2301;145816;125019;76.7;65.8
32;2021-08-18;310;559;146126;125578;76.9;66.1
32;2021-08-19;951;1408;147077;126986;77.4;66.8
32;2021-08-20;154;165;147231;127151;77.5;66.9
32;2021-08-21;149;191;147380;127342;77.6;67.0
32;2021-08-22;8;3;147388;127345;77.6;67.0
32;2021-08-23;42;101;147430;127446;77.6;67.1
32;2021-08-24;582;1450;148012;128896;77.9;67.8
32;2021-08-25;92;191;148104;129087;77.9;67.9
32;2021-08-26;321;2260;148425;131347;78.1;69.1
32;2021-08-27;271;552;148696;131899;78.2;69.4
32;2021-08-28;70;109;148766;132008;78.3;69.5
32;2021-08-29;1;8;148767;132016;78.3;69.5
32;2021-08-30;19;50;148786;132066;78.3;69.5
32;2021-08-31;195;1535;148981;133601;78.4;70.3
32;2021-09-01;651;828;149632;134429;78.7;70.7
32;2021-09-02;315;1733;149947;136162;78.9;71.6
32;2021-09-03;186;313;150133;136475;79.0;71.8
32;2021-09-04;49;104;150182;136579;79.0;71.9
32;2021-09-05;11;15;150193;136594;79.0;71.9
32;2021-09-06;38;103;150231;136697;79.1;71.9
32;2021-09-07;436;946;150667;137643;79.3;72.4
32;2021-09-08;253;554;150920;138197;79.4;72.7
32;2021-09-09;227;1061;151147;139258;79.5;73.3
32;2021-09-10;202;240;151349;139498;79.6;73.4
32;2021-09-11;87;161;151436;139659;79.7;73.5
32;2021-09-12;7;11;151443;139670;79.7;73.5
33;2020-12-27;2;0;2;0;0.0;0.0
33;2020-12-28;3;0;5;0;0.0;0.0
33;2020-12-29;0;0;5;0;0.0;0.0
33;2020-12-30;0;0;5;0;0.0;0.0
33;2020-12-31;0;0;5;0;0.0;0.0
33;2021-01-01;0;0;5;0;0.0;0.0
33;2021-01-02;2;0;7;0;0.0;0.0
33;2021-01-03;1;0;8;0;0.0;0.0
33;2021-01-04;2;0;10;0;0.0;0.0
33;2021-01-05;2;0;12;0;0.0;0.0
33;2021-01-06;135;0;147;0;0.0;0.0
33;2021-01-07;1309;1;1456;1;0.1;0.0
33;2021-01-08;1200;2;2656;3;0.2;0.0
33;2021-01-09;298;0;2954;3;0.2;0.0
33;2021-01-10;229;0;3183;3;0.2;0.0
33;2021-01-11;627;0;3810;3;0.2;0.0
33;2021-01-12;1417;2;5227;5;0.3;0.0
33;2021-01-13;1313;9;6540;14;0.4;0.0
33;2021-01-14;1291;13;7831;27;0.5;0.0
33;2021-01-15;1607;11;9438;38;0.6;0.0
33;2021-01-16;569;7;10007;45;0.6;0.0
33;2021-01-17;406;3;10413;48;0.6;0.0
33;2021-01-18;1223;9;11636;57;0.7;0.0
33;2021-01-19;2927;4;14563;61;0.9;0.0
33;2021-01-20;3405;9;17968;70;1.1;0.0
33;2021-01-21;2863;5;20831;75;1.3;0.0
33;2021-01-22;2328;6;23159;81;1.4;0.0
33;2021-01-23;852;2;24011;83;1.5;0.0
33;2021-01-24;531;2;24542;85;1.5;0.0
33;2021-01-25;2173;56;26715;141;1.6;0.0
33;2021-01-26;2244;143;28959;284;1.8;0.0
33;2021-01-27;2260;190;31219;474;1.9;0.0
33;2021-01-28;2158;415;33377;889;2.0;0.1
33;2021-01-29;1822;641;35199;1530;2.2;0.1
33;2021-01-30;704;155;35903;1685;2.2;0.1
33;2021-01-31;390;133;36293;1818;2.2;0.1
33;2021-02-01;1456;617;37749;2435;2.3;0.1
33;2021-02-02;2645;1042;40394;3477;2.5;0.2
33;2021-02-03;2923;839;43317;4316;2.7;0.3
33;2021-02-04;4030;1289;47347;5605;2.9;0.3
33;2021-02-05;2191;1104;49538;6709;3.0;0.4
33;2021-02-06;646;176;50184;6885;3.1;0.4
33;2021-02-07;218;189;50402;7074;3.1;0.4
33;2021-02-08;1262;700;51664;7774;3.2;0.5
33;2021-02-09;1324;1593;52988;9367;3.2;0.6
33;2021-02-10;1265;1662;54253;11029;3.3;0.7
33;2021-02-11;1303;1327;55556;12356;3.4;0.8
33;2021-02-12;1116;1118;56672;13474;3.5;0.8
33;2021-02-13;203;246;56875;13720;3.5;0.8
33;2021-02-14;47;198;56922;13918;3.5;0.9
33;2021-02-15;684;1407;57606;15325;3.5;0.9
33;2021-02-16;814;1753;58420;17078;3.6;1.0
33;2021-02-17;667;1743;59087;18821;3.6;1.2
33;2021-02-18;899;1918;59986;20739;3.7;1.3
33;2021-02-19;916;1736;60902;22475;3.7;1.4
33;2021-02-20;78;508;60980;22983;3.7;1.4
33;2021-02-21;38;371;61018;23354;3.7;1.4
33;2021-02-22;706;1568;61724;24922;3.8;1.5
33;2021-02-23;1234;2414;62958;27336;3.9;1.7
33;2021-02-24;1399;2205;64357;29541;3.9;1.8
33;2021-02-25;2834;3451;67191;32992;4.1;2.0
33;2021-02-26;4058;2065;71249;35057;4.4;2.1
33;2021-02-27;1360;595;72609;35652;4.4;2.2
33;2021-02-28;126;438;72735;36090;4.5;2.2
33;2021-03-01;1534;1663;74269;37753;4.5;2.3
33;2021-03-02;2324;1550;76593;39303;4.7;2.4
33;2021-03-03;2311;1539;78904;40842;4.8;2.5
33;2021-03-04;3935;1516;82839;42358;5.1;2.6
33;2021-03-05;5761;1554;88600;43912;5.4;2.7
33;2021-03-06;3414;521;92014;44433;5.6;2.7
33;2021-03-07;741;145;92755;44578;5.7;2.7
33;2021-03-08;2715;1040;95470;45618;5.8;2.8
33;2021-03-09;4402;1236;99872;46854;6.1;2.9
33;2021-03-10;5122;1179;104994;48033;6.4;2.9
33;2021-03-11;7542;1185;112536;49218;6.9;3.0
33;2021-03-12;10121;1138;122657;50356;7.5;3.1
33;2021-03-13;5156;209;127813;50565;7.8;3.1
33;2021-03-14;715;28;128528;50593;7.9;3.1
33;2021-03-15;4442;667;132970;51260;8.1;3.1
33;2021-03-16;3579;856;136549;52116;8.4;3.2
33;2021-03-17;3639;940;140188;53056;8.6;3.2
33;2021-03-18;4038;1405;144226;54461;8.8;3.3
33;2021-03-19;6270;1026;150496;55487;9.2;3.4
33;2021-03-20;3368;104;153864;55591;9.4;3.4
33;2021-03-21;462;29;154326;55620;9.4;3.4
33;2021-03-22;4901;444;159227;56064;9.7;3.4
33;2021-03-23;6322;603;165549;56667;10.1;3.5
33;2021-03-24;7077;528;172626;57195;10.6;3.5
33;2021-03-25;8841;650;181467;57845;11.1;3.5
33;2021-03-26;10039;845;191506;58690;11.7;3.6
33;2021-03-27;3619;83;195125;58773;11.9;3.6
33;2021-03-28;577;33;195702;58806;12.0;3.6
33;2021-03-29;6769;698;202471;59504;12.4;3.6
33;2021-03-30;8101;1034;210572;60538;12.9;3.7
33;2021-03-31;7579;1050;218151;61588;13.4;3.8
33;2021-04-01;8822;1192;226973;62780;13.9;3.8
33;2021-04-02;8406;1547;235379;64327;14.4;3.9
33;2021-04-03;2832;521;238211;64848;14.6;4.0
33;2021-04-04;218;160;238429;65008;14.6;4.0
33;2021-04-05;693;123;239122;65131;14.6;4.0
33;2021-04-06;6051;2697;245173;67828;15.0;4.2
33;2021-04-07;7425;2546;252598;70374;15.5;4.3
33;2021-04-08;10325;2768;262923;73142;16.1;4.5
33;2021-04-09;12688;3085;275611;76227;16.9;4.7
33;2021-04-10;5357;1392;280968;77619;17.2;4.8
33;2021-04-11;1002;351;281970;77970;17.3;4.8
33;2021-04-12;7422;3274;289392;81244;17.7;5.0
33;2021-04-13;9320;3473;298712;84717;18.3;5.2
33;2021-04-14;9042;3651;307754;88368;18.8;5.4
33;2021-04-15;10111;3878;317865;92246;19.5;5.6
33;2021-04-16;9720;4224;327585;96470;20.1;5.9
33;2021-04-17;4652;1658;332237;98128;20.3;6.0
33;2021-04-18;929;410;333166;98538;20.4;6.0
33;2021-04-19;5617;3834;338783;102372;20.7;6.3
33;2021-04-20;7294;4264;346077;106636;21.2;6.5
33;2021-04-21;6595;4345;352672;110981;21.6;6.8
33;2021-04-22;7351;4477;360023;115458;22.0;7.1
33;2021-04-23;7708;4818;367731;120276;22.5;7.4
33;2021-04-24;4503;1796;372234;122072;22.8;7.5
33;2021-04-25;1651;418;373885;122490;22.9;7.5
33;2021-04-26;5267;5074;379152;127564;23.2;7.8
33;2021-04-27;6579;5597;385731;133161;23.6;8.2
33;2021-04-28;6782;5558;392513;138719;24.0;8.5
33;2021-04-29;8425;6217;400938;144936;24.5;8.9
33;2021-04-30;8740;6094;409678;151030;25.1;9.2
33;2021-05-01;2901;513;412579;151543;25.3;9.3
33;2021-05-02;1835;346;414414;151889;25.4;9.3
33;2021-05-03;7018;5214;421432;157103;25.8;9.6
33;2021-05-04;6828;6656;428260;163759;26.2;10.0
33;2021-05-05;7143;7568;435403;171327;26.7;10.5
33;2021-05-06;8705;8226;444108;179553;27.2;11.0
33;2021-05-07;8608;8869;452716;188422;27.7;11.5
33;2021-05-08;3542;1588;456258;190010;27.9;11.6
33;2021-05-09;1118;969;457376;190979;28.0;11.7
33;2021-05-10;6878;7294;464254;198273;28.4;12.1
33;2021-05-11;8637;7818;472891;206091;29.0;12.6
33;2021-05-12;9176;6691;482067;212782;29.5;13.0
33;2021-05-13;5209;2112;487276;214894;29.8;13.2
33;2021-05-14;8130;5351;495406;220245;30.3;13.5
33;2021-05-15;5184;2863;500590;223108;30.6;13.7
33;2021-05-16;1842;804;502432;223912;30.8;13.7
33;2021-05-17;8860;5112;511292;229024;31.3;14.0
33;2021-05-18;10626;4874;521918;233898;32.0;14.3
33;2021-05-19;10903;4777;532821;238675;32.6;14.6
33;2021-05-20;10912;5583;543733;244258;33.3;15.0
33;2021-05-21;10919;6239;554652;250497;34.0;15.3
33;2021-05-22;5122;2749;559774;253246;34.3;15.5
33;2021-05-23;1750;385;561524;253631;34.4;15.5
33;2021-05-24;5414;1000;566938;254631;34.7;15.6
33;2021-05-25;9391;5764;576329;260395;35.3;15.9
33;2021-05-26;9679;6028;586008;266423;35.9;16.3
33;2021-05-27;10907;7719;596915;274142;36.5;16.8
33;2021-05-28;10067;9488;606982;283630;37.2;17.4
33;2021-05-29;5043;4116;612025;287746;37.5;17.6
33;2021-05-30;1703;667;613728;288413;37.6;17.7
33;2021-05-31;8555;6411;622283;294824;38.1;18.0
33;2021-06-01;11807;8705;634090;303529;38.8;18.6
33;2021-06-02;11713;8199;645803;311728;39.5;19.1
33;2021-06-03;12717;9185;658520;320913;40.3;19.6
33;2021-06-04;12939;10935;671459;331848;41.1;20.3
33;2021-06-05;5276;5053;676735;336901;41.4;20.6
33;2021-06-06;2526;1193;679261;338094;41.6;20.7
33;2021-06-07;9760;8495;689021;346589;42.2;21.2
33;2021-06-08;11941;9443;700962;356032;42.9;21.8
33;2021-06-09;11777;8519;712739;364551;43.6;22.3
33;2021-06-10;12954;8384;725693;372935;44.4;22.8
33;2021-06-11;12521;11152;738214;384087;45.2;23.5
33;2021-06-12;6189;4475;744403;388562;45.6;23.8
33;2021-06-13;2614;1283;747017;389845;45.7;23.9
33;2021-06-14;8583;10150;755600;399995;46.3;24.5
33;2021-06-15;12060;10264;767660;410259;47.0;25.1
33;2021-06-16;12056;8860;779716;419119;47.7;25.7
33;2021-06-17;13118;9609;792834;428728;48.5;26.2
33;2021-06-18;11800;11431;804634;440159;49.3;26.9
33;2021-06-19;5612;4815;810246;444974;49.6;27.2
33;2021-06-20;2947;1475;813193;446449;49.8;27.3
33;2021-06-21;7877;10165;821070;456614;50.3;28.0
33;2021-06-22;9067;11082;830137;467696;50.8;28.6
33;2021-06-23;8666;10843;838803;478539;51.4;29.3
33;2021-06-24;9747;9986;848550;488525;51.9;29.9
33;2021-06-25;8050;13711;856600;502236;52.4;30.7
33;2021-06-26;4343;5917;860943;508153;52.7;31.1
33;2021-06-27;2468;1961;863411;510114;52.9;31.2
33;2021-06-28;4875;12765;868286;522879;53.2;32.0
33;2021-06-29;6444;13653;874730;536532;53.6;32.8
33;2021-06-30;6684;13389;881414;549921;54.0;33.7
33;2021-07-01;8053;11814;889467;561735;54.5;34.4
33;2021-07-02;6849;15107;896316;576842;54.9;35.3
33;2021-07-03;3232;6784;899548;583626;55.1;35.7
33;2021-07-04;2068;2379;901616;586005;55.2;35.9
33;2021-07-05;4401;12907;906017;598912;55.5;36.7
33;2021-07-06;6150;14591;912167;613503;55.8;37.6
33;2021-07-07;6897;13048;919064;626551;56.3;38.4
33;2021-07-08;7974;12753;927038;639304;56.8;39.1
33;2021-07-09;6472;15110;933510;654414;57.1;40.1
33;2021-07-10;3114;7160;936624;661574;57.3;40.5
33;2021-07-11;1844;2303;938468;663877;57.5;40.6
33;2021-07-12;3951;14703;942419;678580;57.7;41.5
33;2021-07-13;7164;16103;949583;694683;58.1;42.5
33;2021-07-14;3687;5318;953270;700001;58.4;42.9
33;2021-07-15;7627;15972;960897;715973;58.8;43.8
33;2021-07-16;8589;15145;969486;731118;59.4;44.8
33;2021-07-17;3157;6426;972643;737544;59.5;45.2
33;2021-07-18;1703;3206;974346;740750;59.6;45.3
33;2021-07-19;5871;15091;980217;755841;60.0;46.3
33;2021-07-20;7427;16123;987644;771964;60.5;47.3
33;2021-07-21;8376;14542;996020;786506;61.0;48.2
33;2021-07-22;9372;15099;1005392;801605;61.6;49.1
33;2021-07-23;9669;16350;1015061;817955;62.1;50.1
33;2021-07-24;3837;7552;1018898;825507;62.4;50.5
33;2021-07-25;2093;2667;1020991;828174;62.5;50.7
33;2021-07-26;6965;13415;1027956;841589;62.9;51.5
33;2021-07-27;10096;13397;1038052;854986;63.6;52.3
33;2021-07-28;10937;11968;1048989;866954;64.2;53.1
33;2021-07-29;11679;11908;1060668;878862;64.9;53.8
33;2021-07-30;11398;12209;1072066;891071;65.6;54.6
33;2021-07-31;4762;5649;1076828;896720;65.9;54.9
33;2021-08-01;2487;1951;1079315;898671;66.1;55.0
33;2021-08-02;8413;9889;1087728;908560;66.6;55.6
33;2021-08-03;11555;9019;1099283;917579;67.3;56.2
33;2021-08-04;12279;7361;1111562;924940;68.1;56.6
33;2021-08-05;11918;8035;1123480;932975;68.8;57.1
33;2021-08-06;11209;9055;1134689;942030;69.5;57.7
33;2021-08-07;5933;4518;1140622;946548;69.8;57.9
33;2021-08-08;3202;1820;1143824;948368;70.0;58.1
33;2021-08-09;8654;8719;1152478;957087;70.6;58.6
33;2021-08-10;9349;8447;1161827;965534;71.1;59.1
33;2021-08-11;8106;7579;1169933;973113;71.6;59.6
33;2021-08-12;7969;8018;1177902;981131;72.1;60.1
33;2021-08-13;7839;7680;1185741;988811;72.6;60.5
33;2021-08-14;3516;4331;1189257;993142;72.8;60.8
33;2021-08-15;1209;1880;1190466;995022;72.9;60.9
33;2021-08-16;6422;8634;1196888;1003656;73.3;61.4
33;2021-08-17;6608;9065;1203496;1012721;73.7;62.0
33;2021-08-18;5603;8770;1209099;1021491;74.0;62.5
33;2021-08-19;5486;9114;1214585;1030605;74.4;63.1
33;2021-08-20;4918;9835;1219503;1040440;74.7;63.7
33;2021-08-21;2190;5035;1221693;1045475;74.8;64.0
33;2021-08-22;564;2367;1222257;1047842;74.8;64.1
33;2021-08-23;3884;10291;1226141;1058133;75.1;64.8
33;2021-08-24;4103;11093;1230244;1069226;75.3;65.5
33;2021-08-25;3695;10481;1233939;1079707;75.5;66.1
33;2021-08-26;3608;11044;1237547;1090751;75.8;66.8
33;2021-08-27;3766;12586;1241313;1103337;76.0;67.5
33;2021-08-28;1559;6635;1242872;1109972;76.1;68.0
33;2021-08-29;453;2429;1243325;1112401;76.1;68.1
33;2021-08-30;2320;10535;1245645;1122936;76.3;68.7
33;2021-08-31;3218;11069;1248863;1134005;76.5;69.4
33;2021-09-01;2794;8814;1251657;1142819;76.6;70.0
33;2021-09-02;2670;8387;1254327;1151206;76.8;70.5
33;2021-09-03;3080;10132;1257407;1161338;77.0;71.1
33;2021-09-04;1633;6078;1259040;1167416;77.1;71.5
33;2021-09-05;411;1516;1259451;1168932;77.1;71.6
33;2021-09-06;1587;7176;1261038;1176108;77.2;72.0
33;2021-09-07;2047;6575;1263085;1182683;77.3;72.4
33;2021-09-08;1740;6593;1264825;1189276;77.4;72.8
33;2021-09-09;1866;6708;1266691;1195984;77.5;73.2
33;2021-09-10;2056;7222;1268747;1203206;77.7;73.7
33;2021-09-11;974;4487;1269721;1207693;77.7;73.9
33;2021-09-12;126;598;1269847;1208291;77.7;74.0
34;2020-12-27;1;0;1;0;0.0;0.0
34;2020-12-28;1;0;2;0;0.0;0.0
34;2020-12-29;0;0;2;0;0.0;0.0
34;2020-12-30;0;0;2;0;0.0;0.0
34;2020-12-31;0;0;2;0;0.0;0.0
34;2021-01-01;1;0;3;0;0.0;0.0
34;2021-01-02;2;0;5;0;0.0;0.0
34;2021-01-03;0;0;5;0;0.0;0.0
34;2021-01-04;23;0;28;0;0.0;0.0
34;2021-01-05;106;2;134;2;0.0;0.0
34;2021-01-06;198;1;332;3;0.0;0.0
34;2021-01-07;364;0;696;3;0.1;0.0
34;2021-01-08;606;0;1302;3;0.1;0.0
34;2021-01-09;244;0;1546;3;0.1;0.0
34;2021-01-10;95;1;1641;4;0.1;0.0
34;2021-01-11;567;2;2208;6;0.2;0.0
34;2021-01-12;1007;1;3215;7;0.3;0.0
34;2021-01-13;1098;5;4313;12;0.4;0.0
34;2021-01-14;1957;12;6270;24;0.5;0.0
34;2021-01-15;1470;5;7740;29;0.7;0.0
34;2021-01-16;332;7;8072;36;0.7;0.0
34;2021-01-17;233;1;8305;37;0.7;0.0
34;2021-01-18;1126;3;9431;40;0.8;0.0
34;2021-01-19;1610;8;11041;48;0.9;0.0
34;2021-01-20;2088;8;13129;56;1.1;0.0
34;2021-01-21;4234;10;17363;66;1.5;0.0
34;2021-01-22;2554;8;19917;74;1.7;0.0
34;2021-01-23;600;2;20517;76;1.7;0.0
34;2021-01-24;2;0;20519;76;1.7;0.0
34;2021-01-25;1243;5;21762;81;1.9;0.0
34;2021-01-26;1460;19;23222;100;2.0;0.0
34;2021-01-27;1470;23;24692;123;2.1;0.0
34;2021-01-28;1392;120;26084;243;2.2;0.0
34;2021-01-29;1260;127;27344;370;2.3;0.0
34;2021-01-30;479;12;27823;382;2.4;0.0
34;2021-01-31;4;0;27827;382;2.4;0.0
34;2021-02-01;1028;222;28855;604;2.5;0.1
34;2021-02-02;1459;408;30314;1012;2.6;0.1
34;2021-02-03;2656;489;32970;1501;2.8;0.1
34;2021-02-04;2313;843;35283;2344;3.0;0.2
34;2021-02-05;1888;1131;37171;3475;3.2;0.3
34;2021-02-06;498;212;37669;3687;3.2;0.3
34;2021-02-07;32;95;37701;3782;3.2;0.3
34;2021-02-08;860;971;38561;4753;3.3;0.4
34;2021-02-09;1034;1202;39595;5955;3.4;0.5
34;2021-02-10;1296;1367;40891;7322;3.5;0.6
34;2021-02-11;1791;2563;42682;9885;3.6;0.8
34;2021-02-12;1923;1503;44605;11388;3.8;1.0
34;2021-02-13;357;446;44962;11834;3.8;1.0
34;2021-02-14;22;277;44984;12111;3.8;1.0
34;2021-02-15;673;917;45657;13028;3.9;1.1
34;2021-02-16;665;1188;46322;14216;3.9;1.2
34;2021-02-17;714;1214;47036;15430;4.0;1.3
34;2021-02-18;836;1172;47872;16602;4.1;1.4
34;2021-02-19;815;953;48687;17555;4.1;1.5
34;2021-02-20;301;354;48988;17909;4.2;1.5
34;2021-02-21;64;18;49052;17927;4.2;1.5
34;2021-02-22;630;1038;49682;18965;4.2;1.6
34;2021-02-23;562;1169;50244;20134;4.3;1.7
34;2021-02-24;941;1999;51185;22133;4.4;1.9
34;2021-02-25;1607;1948;52792;24081;4.5;2.0
34;2021-02-26;1849;1383;54641;25464;4.6;2.2
34;2021-02-27;701;328;55342;25792;4.7;2.2
34;2021-02-28;86;61;55428;25853;4.7;2.2
34;2021-03-01;930;981;56358;26834;4.8;2.3
34;2021-03-02;1591;1083;57949;27917;4.9;2.4
34;2021-03-03;1834;1179;59783;29096;5.1;2.5
34;2021-03-04;2866;1459;62649;30555;5.3;2.6
34;2021-03-05;3686;1407;66335;31962;5.6;2.7
34;2021-03-06;2644;179;68979;32141;5.9;2.7
34;2021-03-07;1243;72;70222;32213;6.0;2.7
34;2021-03-08;2781;891;73003;33104;6.2;2.8
34;2021-03-09;4019;1303;77022;34407;6.5;2.9
34;2021-03-10;3992;1237;81014;35644;6.9;3.0
34;2021-03-11;5437;1256;86451;36900;7.4;3.1
34;2021-03-12;6495;899;92946;37799;7.9;3.2
34;2021-03-13;3138;172;96084;37971;8.2;3.2
34;2021-03-14;1003;54;97087;38025;8.3;3.2
34;2021-03-15;3306;553;100393;38578;8.5;3.3
34;2021-03-16;2913;648;103306;39226;8.8;3.3
34;2021-03-17;3305;737;106611;39963;9.1;3.4
34;2021-03-18;3450;904;110061;40867;9.4;3.5
34;2021-03-19;4695;793;114756;41660;9.8;3.5
34;2021-03-20;3148;65;117904;41725;10.0;3.5
34;2021-03-21;1997;60;119901;41785;10.2;3.6
34;2021-03-22;3683;461;123584;42246;10.5;3.6
34;2021-03-23;4962;537;128546;42783;10.9;3.6
34;2021-03-24;5219;628;133765;43411;11.4;3.7
34;2021-03-25;7198;713;140963;44124;12.0;3.8
34;2021-03-26;7169;571;148132;44695;12.6;3.8
34;2021-03-27;2373;82;150505;44777;12.8;3.8
34;2021-03-28;699;21;151204;44798;12.9;3.8
34;2021-03-29;4186;751;155390;45549;13.2;3.9
34;2021-03-30;5222;964;160612;46513;13.7;4.0
34;2021-03-31;5068;1207;165680;47720;14.1;4.1
34;2021-04-01;7034;1036;172714;48756;14.7;4.1
34;2021-04-02;5823;1189;178537;49945;15.2;4.2
34;2021-04-03;1137;85;179674;50030;15.3;4.3
34;2021-04-04;166;5;179840;50035;15.3;4.3
34;2021-04-05;432;26;180272;50061;15.3;4.3
34;2021-04-06;3137;2447;183409;52508;15.6;4.5
34;2021-04-07;3387;2632;186796;55140;15.9;4.7
34;2021-04-08;5253;2806;192049;57946;16.3;4.9
34;2021-04-09;8074;2493;200123;60439;17.0;5.1
34;2021-04-10;3164;1373;203287;61812;17.3;5.3
34;2021-04-11;1715;805;205002;62617;17.4;5.3
34;2021-04-12;4498;2519;209500;65136;17.8;5.5
34;2021-04-13;5240;3051;214740;68187;18.3;5.8
34;2021-04-14;5619;3238;220359;71425;18.7;6.1
34;2021-04-15;6998;3167;227357;74592;19.3;6.3
34;2021-04-16;6576;3158;233933;77750;19.9;6.6
34;2021-04-17;2378;2068;236311;79818;20.1;6.8
34;2021-04-18;989;1717;237300;81535;20.2;6.9
34;2021-04-19;3421;3119;240721;84654;20.5;7.2
34;2021-04-20;3767;3661;244488;88315;20.8;7.5
34;2021-04-21;4243;3717;248731;92032;21.1;7.8
34;2021-04-22;4489;4615;253220;96647;21.5;8.2
34;2021-04-23;5379;3516;258599;100163;22.0;8.5
34;2021-04-24;3164;1579;261763;101742;22.3;8.7
34;2021-04-25;1919;644;263682;102386;22.4;8.7
34;2021-04-26;4224;3471;267906;105857;22.8;9.0
34;2021-04-27;5128;4011;273034;109868;23.2;9.3
34;2021-04-28;5769;3539;278803;113407;23.7;9.6
34;2021-04-29;6422;3931;285225;117338;24.3;10.0
34;2021-04-30;7874;3271;293099;120609;24.9;10.3
34;2021-05-01;2405;499;295504;121108;25.1;10.3
34;2021-05-02;3261;322;298765;121430;25.4;10.3
34;2021-05-03;6577;2903;305342;124333;26.0;10.6
34;2021-05-04;7111;3793;312453;128126;26.6;10.9
34;2021-05-05;6498;4528;318951;132654;27.1;11.3
34;2021-05-06;6946;5193;325897;137847;27.7;11.7
34;2021-05-07;6930;5662;332827;143509;28.3;12.2
34;2021-05-08;3609;1172;336436;144681;28.6;12.3
34;2021-05-09;2178;1288;338614;145969;28.8;12.4
34;2021-05-10;5855;4803;344469;150772;29.3;12.8
34;2021-05-11;7414;5307;351883;156079;29.9;13.3
34;2021-05-12;7756;4453;359639;160532;30.6;13.6
34;2021-05-13;6127;781;365766;161313;31.1;13.7
34;2021-05-14;7492;3735;373258;165048;31.7;14.0
34;2021-05-15;4865;1688;378123;166736;32.1;14.2
34;2021-05-16;4952;460;383075;167196;32.6;14.2
34;2021-05-17;8695;1980;391770;169176;33.3;14.4
34;2021-05-18;9142;1976;400912;171152;34.1;14.6
34;2021-05-19;8626;1811;409538;172963;34.8;14.7
34;2021-05-20;8869;2513;418407;175476;35.6;14.9
34;2021-05-21;8785;3212;427192;178688;36.3;15.2
34;2021-05-22;5788;1154;432980;179842;36.8;15.3
34;2021-05-23;3884;549;436864;180391;37.1;15.3
34;2021-05-24;1897;853;438761;181244;37.3;15.4
34;2021-05-25;7142;3812;445903;185056;37.9;15.7
34;2021-05-26;8325;3035;454228;188091;38.6;16.0
34;2021-05-27;8321;4307;462549;192398;39.3;16.4
34;2021-05-28;8053;5442;470602;197840;40.0;16.8
34;2021-05-29;4008;3101;474610;200941;40.4;17.1
34;2021-05-30;1988;1389;476598;202330;40.5;17.2
34;2021-05-31;5877;5249;482475;207579;41.0;17.6
34;2021-06-01;6954;6099;489429;213678;41.6;18.2
34;2021-06-02;6137;5807;495566;219485;42.1;18.7
34;2021-06-03;7714;6484;503280;225969;42.8;19.2
34;2021-06-04;7660;7584;510940;233553;43.4;19.9
34;2021-06-05;4142;3678;515082;237231;43.8;20.2
34;2021-06-06;3270;1865;518352;239096;44.1;20.3
34;2021-06-07;4422;6760;522774;245856;44.4;20.9
34;2021-06-08;5858;6828;528632;252684;44.9;21.5
34;2021-06-09;5829;6840;534461;259524;45.4;22.1
34;2021-06-10;6325;6863;540786;266387;46.0;22.6
34;2021-06-11;5402;9278;546188;275665;46.4;23.4
34;2021-06-12;3168;4726;549356;280391;46.7;23.8
34;2021-06-13;1081;1906;550437;282297;46.8;24.0
34;2021-06-14;3447;7813;553884;290110;47.1;24.7
34;2021-06-15;3955;8791;557839;298901;47.4;25.4
34;2021-06-16;4620;7855;562459;306756;47.8;26.1
34;2021-06-17;4225;7950;566684;314706;48.2;26.8
34;2021-06-18;4350;9328;571034;324034;48.6;27.6
34;2021-06-19;2734;4404;573768;328438;48.8;27.9
34;2021-06-20;891;2873;574659;331311;48.9;28.2
34;2021-06-21;2181;8555;576840;339866;49.0;28.9
34;2021-06-22;2977;9409;579817;349275;49.3;29.7
34;2021-06-23;3528;8970;583345;358245;49.6;30.5
34;2021-06-24;3561;8674;586906;366919;49.9;31.2
34;2021-06-25;3376;10437;590282;377356;50.2;32.1
34;2021-06-26;1643;6188;591925;383544;50.3;32.6
34;2021-06-27;308;4270;592233;387814;50.4;33.0
34;2021-06-28;2267;9430;594500;397244;50.5;33.8
34;2021-06-29;2686;10301;597186;407545;50.8;34.7
34;2021-06-30;3357;9545;600543;417090;51.1;35.5
34;2021-07-01;3527;9442;604070;426532;51.4;36.3
34;2021-07-02;3433;9740;607503;436272;51.7;37.1
34;2021-07-03;1682;6158;609185;442430;51.8;37.6
34;2021-07-04;312;2763;609497;445193;51.8;37.9
34;2021-07-05;3233;7998;612730;453191;52.1;38.5
34;2021-07-06;3538;9178;616268;462369;52.4;39.3
34;2021-07-07;3276;8649;619544;471018;52.7;40.0
34;2021-07-08;4302;8867;623846;479885;53.0;40.8
34;2021-07-09;4008;9345;627854;489230;53.4;41.6
34;2021-07-10;2142;5718;629996;494948;53.6;42.1
34;2021-07-11;924;2578;630920;497526;53.6;42.3
34;2021-07-12;2929;8967;633849;506493;53.9;43.1
34;2021-07-13;4659;10045;638508;516538;54.3;43.9
34;2021-07-14;783;357;639291;516895;54.4;43.9
34;2021-07-15;5912;10393;645203;527288;54.9;44.8
34;2021-07-16;5862;10724;651065;538012;55.4;45.7
34;2021-07-17;4497;4412;655562;542424;55.7;46.1
34;2021-07-18;234;195;655796;542619;55.8;46.1
34;2021-07-19;5119;8327;660915;550946;56.2;46.8
34;2021-07-20;6903;8385;667818;559331;56.8;47.6
34;2021-07-21;7656;7822;675474;567153;57.4;48.2
34;2021-07-22;7441;8172;682915;575325;58.1;48.9
34;2021-07-23;7839;8162;690754;583487;58.7;49.6
34;2021-07-24;6153;3058;696907;586545;59.3;49.9
34;2021-07-25;3214;546;700121;587091;59.5;49.9
34;2021-07-26;6244;6430;706365;593521;60.1;50.5
34;2021-07-27;8755;6052;715120;599573;60.8;51.0
34;2021-07-28;9706;5917;724826;605490;61.6;51.5
34;2021-07-29;11328;6049;736154;611539;62.6;52.0
34;2021-07-30;9849;6532;746003;618071;63.4;52.6
34;2021-07-31;6448;2191;752451;620262;64.0;52.7
34;2021-08-01;3321;617;755772;620879;64.3;52.8
34;2021-08-02;7360;5065;763132;625944;64.9;53.2
34;2021-08-03;8138;5392;771270;631336;65.6;53.7
34;2021-08-04;8455;4563;779725;635899;66.3;54.1
34;2021-08-05;7108;5021;786833;640920;66.9;54.5
34;2021-08-06;5910;5219;792743;646139;67.4;54.9
34;2021-08-07;3102;2433;795845;648572;67.7;55.1
34;2021-08-08;199;204;796044;648776;67.7;55.2
34;2021-08-09;4777;6169;800821;654945;68.1;55.7
34;2021-08-10;5398;6483;806219;661428;68.5;56.2
34;2021-08-11;4832;6538;811051;667966;69.0;56.8
34;2021-08-12;4568;6199;815619;674165;69.3;57.3
34;2021-08-13;4106;5737;819725;679902;69.7;57.8
34;2021-08-14;1798;2881;821523;682783;69.8;58.1
34;2021-08-15;203;190;821726;682973;69.9;58.1
34;2021-08-16;2861;7548;824587;690521;70.1;58.7
34;2021-08-17;3570;8278;828157;698799;70.4;59.4
34;2021-08-18;3193;7554;831350;706353;70.7;60.1
34;2021-08-19;3259;7776;834609;714129;71.0;60.7
34;2021-08-20;2720;7715;837329;721844;71.2;61.4
34;2021-08-21;1382;3559;838711;725403;71.3;61.7
34;2021-08-22;160;310;838871;725713;71.3;61.7
34;2021-08-23;2321;8652;841192;734365;71.5;62.4
34;2021-08-24;2715;8959;843907;743324;71.8;63.2
34;2021-08-25;2332;8541;846239;751865;72.0;63.9
34;2021-08-26;2577;7884;848816;759749;72.2;64.6
34;2021-08-27;2184;7566;851000;767315;72.4;65.2
34;2021-08-28;1106;3558;852106;770873;72.4;65.5
34;2021-08-29;361;1358;852467;772231;72.5;65.7
34;2021-08-30;2040;6877;854507;779108;72.7;66.2
34;2021-08-31;2109;6823;856616;785931;72.8;66.8
34;2021-09-01;2037;6405;858653;792336;73.0;67.4
34;2021-09-02;1653;4855;860306;797191;73.1;67.8
34;2021-09-03;1752;5560;862058;802751;73.3;68.3
34;2021-09-04;1354;3376;863412;806127;73.4;68.5
34;2021-09-05;143;241;863555;806368;73.4;68.6
34;2021-09-06;1145;4050;864700;810418;73.5;68.9
34;2021-09-07;1347;4124;866047;814542;73.6;69.3
34;2021-09-08;1607;4761;867654;819303;73.8;69.7
34;2021-09-09;1178;3845;868832;823148;73.9;70.0
34;2021-09-10;1501;4055;870333;827203;74.0;70.3
34;2021-09-11;1260;2064;871593;829267;74.1;70.5
34;2021-09-12;77;78;871670;829345;74.1;70.5
35;2020-12-27;0;0;0;0;0.0;0.0
35;2020-12-28;0;0;0;0;0.0;0.0
35;2020-12-29;2;0;2;0;0.0;0.0
35;2020-12-30;0;0;2;0;0.0;0.0
35;2020-12-31;1;0;3;0;0.0;0.0
35;2021-01-01;3;0;6;0;0.0;0.0
35;2021-01-02;1;0;7;0;0.0;0.0
35;2021-01-03;0;0;7;0;0.0;0.0
35;2021-01-04;10;0;17;0;0.0;0.0
35;2021-01-05;110;0;127;0;0.0;0.0
35;2021-01-06;175;0;302;0;0.0;0.0
35;2021-01-07;440;1;742;1;0.1;0.0
35;2021-01-08;513;1;1255;2;0.1;0.0
35;2021-01-09;31;0;1286;2;0.1;0.0
35;2021-01-10;2;0;1288;2;0.1;0.0
35;2021-01-11;538;0;1826;2;0.2;0.0
35;2021-01-12;886;2;2712;4;0.3;0.0
35;2021-01-13;969;1;3681;5;0.3;0.0
35;2021-01-14;1261;19;4942;24;0.5;0.0
35;2021-01-15;729;2;5671;26;0.5;0.0
35;2021-01-16;189;2;5860;28;0.5;0.0
35;2021-01-17;44;0;5904;28;0.5;0.0
35;2021-01-18;1222;0;7126;28;0.7;0.0
35;2021-01-19;5407;14;12533;42;1.2;0.0
35;2021-01-20;3237;8;15770;50;1.5;0.0
35;2021-01-21;3638;5;19408;55;1.8;0.0
35;2021-01-22;2088;10;21496;65;2.0;0.0
35;2021-01-23;421;1;21917;66;2.0;0.0
35;2021-01-24;50;0;21967;66;2.0;0.0
35;2021-01-25;917;16;22884;82;2.1;0.0
35;2021-01-26;1130;128;24014;210;2.2;0.0
35;2021-01-27;1030;115;25044;325;2.3;0.0
35;2021-01-28;915;274;25959;599;2.4;0.1
35;2021-01-29;724;262;26683;861;2.5;0.1
35;2021-01-30;139;17;26822;878;2.5;0.1
35;2021-01-31;0;0;26822;878;2.5;0.1
35;2021-02-01;670;282;27492;1160;2.5;0.1
35;2021-02-02;726;414;28218;1574;2.6;0.1
35;2021-02-03;661;474;28879;2048;2.7;0.2
35;2021-02-04;591;591;29470;2639;2.7;0.2
35;2021-02-05;624;520;30094;3159;2.8;0.3
35;2021-02-06;175;4;30269;3163;2.8;0.3
35;2021-02-07;1;0;30270;3163;2.8;0.3
35;2021-02-08;446;565;30716;3728;2.8;0.3
35;2021-02-09;1715;3479;32431;7207;3.0;0.7
35;2021-02-10;1368;2611;33799;9818;3.1;0.9
35;2021-02-11;1946;3078;35745;12896;3.3;1.2
35;2021-02-12;1662;1583;37407;14479;3.5;1.3
35;2021-02-13;58;236;37465;14715;3.5;1.4
35;2021-02-14;8;68;37473;14783;3.5;1.4
35;2021-02-15;771;856;38244;15639;3.5;1.4
35;2021-02-16;920;817;39164;16456;3.6;1.5
35;2021-02-17;892;920;40056;17376;3.7;1.6
35;2021-02-18;1015;841;41071;18217;3.8;1.7
35;2021-02-19;1012;792;42083;19009;3.9;1.8
35;2021-02-20;143;40;42226;19049;3.9;1.8
35;2021-02-21;5;0;42231;19049;3.9;1.8
35;2021-02-22;777;680;43008;19729;4.0;1.8
35;2021-02-23;1288;721;44296;20450;4.1;1.9
35;2021-02-24;1404;702;45700;21152;4.2;2.0
35;2021-02-25;2249;684;47949;21836;4.4;2.0
35;2021-02-26;2601;629;50550;22465;4.7;2.1
35;2021-02-27;869;87;51419;22552;4.8;2.1
35;2021-02-28;10;0;51429;22552;4.8;2.1
35;2021-03-01;962;606;52391;23158;4.8;2.1
35;2021-03-02;1634;1877;54025;25035;5.0;2.3
35;2021-03-03;1913;889;55938;25924;5.2;2.4
35;2021-03-04;2918;1334;58856;27258;5.4;2.5
35;2021-03-05;3717;1289;62573;28547;5.8;2.6
35;2021-03-06;1339;84;63912;28631;5.9;2.6
35;2021-03-07;1;40;63913;28671;5.9;2.6
35;2021-03-08;1474;555;65387;29226;6.0;2.7
35;2021-03-09;3235;569;68622;29795;6.3;2.8
35;2021-03-10;2905;538;71527;30333;6.6;2.8
35;2021-03-11;4199;678;75726;31011;7.0;2.9
35;2021-03-12;6048;543;81774;31554;7.6;2.9
35;2021-03-13;2427;132;84201;31686;7.8;2.9
35;2021-03-14;18;25;84219;31711;7.8;2.9
35;2021-03-15;1966;664;86185;32375;8.0;3.0
35;2021-03-16;2505;717;88690;33092;8.2;3.1
35;2021-03-17;2397;592;91087;33684;8.4;3.1
35;2021-03-18;2336;585;93423;34269;8.6;3.2
35;2021-03-19;3546;500;96969;34769;9.0;3.2
35;2021-03-20;1542;108;98511;34877;9.1;3.2
35;2021-03-21;38;1;98549;34878;9.1;3.2
35;2021-03-22;1750;836;100299;35714;9.3;3.3
35;2021-03-23;3626;1168;103925;36882;9.6;3.4
35;2021-03-24;3731;985;107656;37867;9.9;3.5
35;2021-03-25;5328;984;112984;38851;10.4;3.6
35;2021-03-26;5850;803;118834;39654;11.0;3.7
35;2021-03-27;1416;208;120250;39862;11.1;3.7
35;2021-03-28;4;0;120254;39862;11.1;3.7
35;2021-03-29;2780;907;123034;40769;11.4;3.8
35;2021-03-30;4292;1323;127326;42092;11.8;3.9
35;2021-03-31;3471;1334;130797;43426;12.1;4.0
35;2021-04-01;4252;1239;135049;44665;12.5;4.1
35;2021-04-02;4864;1205;139913;45870;12.9;4.2
35;2021-04-03;764;213;140677;46083;13.0;4.3
35;2021-04-04;6;0;140683;46083;13.0;4.3
35;2021-04-05;23;1;140706;46084;13.0;4.3
35;2021-04-06;3283;2023;143989;48107;13.3;4.4
35;2021-04-07;3966;1842;147955;49949;13.7;4.6
35;2021-04-08;5803;1590;153758;51539;14.2;4.8
35;2021-04-09;7427;1413;161185;52952;14.9;4.9
35;2021-04-10;1861;250;163046;53202;15.1;4.9
35;2021-04-11;35;23;163081;53225;15.1;4.9
35;2021-04-12;5137;1594;168218;54819;15.5;5.1
35;2021-04-13;7626;2784;175844;57603;16.3;5.3
35;2021-04-14;6312;2299;182156;59902;16.8;5.5
35;2021-04-15;7566;2176;189722;62078;17.5;5.7
35;2021-04-16;8081;1760;197803;63838;18.3;5.9
35;2021-04-17;1571;223;199374;64061;18.4;5.9
35;2021-04-18;10;4;199384;64065;18.4;5.9
35;2021-04-19;4820;1668;204204;65733;18.9;6.1
35;2021-04-20;5163;2636;209367;68369;19.3;6.3
35;2021-04-21;5134;2208;214501;70577;19.8;6.5
35;2021-04-22;6430;2326;220931;72903;20.4;6.7
35;2021-04-23;6822;2362;227753;75265;21.0;7.0
35;2021-04-24;1131;262;228884;75527;21.2;7.0
35;2021-04-25;8;16;228892;75543;21.2;7.0
35;2021-04-26;5101;2152;233993;77695;21.6;7.2
35;2021-04-27;6091;3194;240084;80889;22.2;7.5
35;2021-04-28;6173;2555;246257;83444;22.8;7.7
35;2021-04-29;7116;2737;253373;86181;23.4;8.0
35;2021-04-30;7562;2525;260935;88706;24.1;8.2
35;2021-05-01;618;239;261553;88945;24.2;8.2
35;2021-05-02;15;21;261568;88966;24.2;8.2
35;2021-05-03;5308;2327;266876;91293;24.7;8.4
35;2021-05-04;5071;5321;271947;96614;25.1;8.9
35;2021-05-05;4883;4438;276830;101052;25.6;9.3
35;2021-05-06;6176;5260;283006;106312;26.2;9.8
35;2021-05-07;5619;5228;288625;111540;26.7;10.3
35;2021-05-08;1720;135;290345;111675;26.8;10.3
35;2021-05-09;698;75;291043;111750;26.9;10.3
35;2021-05-10;3724;4950;294767;116700;27.2;10.8
35;2021-05-11;4775;5798;299542;122498;27.7;11.3
35;2021-05-12;5290;5491;304832;127989;28.2;11.8
35;2021-05-13;2702;1427;307534;129416;28.4;12.0
35;2021-05-14;5460;4326;312994;133742;28.9;12.4
35;2021-05-15;2930;718;315924;134460;29.2;12.4
35;2021-05-16;999;61;316923;134521;29.3;12.4
35;2021-05-17;4475;3882;321398;138403;29.7;12.8
35;2021-05-18;5838;4321;327236;142724;30.2;13.2
35;2021-05-19;5867;3632;333103;146356;30.8;13.5
35;2021-05-20;6448;3997;339551;150353;31.4;13.9
35;2021-05-21;6141;4759;345692;155112;31.9;14.3
35;2021-05-22;2118;728;347810;155840;32.1;14.4
35;2021-05-23;688;46;348498;155886;32.2;14.4
35;2021-05-24;3207;1297;351705;157183;32.5;14.5
35;2021-05-25;5544;4270;357249;161453;33.0;14.9
35;2021-05-26;5726;4156;362975;165609;33.5;15.3
35;2021-05-27;6528;4757;369503;170366;34.1;15.7
35;2021-05-28;6332;5552;375835;175918;34.7;16.3
35;2021-05-29;2875;1138;378710;177056;35.0;16.4
35;2021-05-30;877;39;379587;177095;35.1;16.4
35;2021-05-31;6312;4381;385899;181476;35.7;16.8
35;2021-06-01;7366;5106;393265;186582;36.3;17.2
35;2021-06-02;7221;3791;400486;190373;37.0;17.6
35;2021-06-03;8155;4987;408641;195360;37.8;18.1
35;2021-06-04;7274;7450;415915;202810;38.4;18.7
35;2021-06-05;4139;1580;420054;204390;38.8;18.9
35;2021-06-06;3055;146;423109;204536;39.1;18.9
35;2021-06-07;5782;5775;428891;210311;39.6;19.4
35;2021-06-08;7602;5950;436493;216261;40.3;20.0
35;2021-06-09;8465;4805;444958;221066;41.1;20.4
35;2021-06-10;9348;4735;454306;225801;42.0;20.9
35;2021-06-11;8636;7470;462942;233271;42.8;21.6
35;2021-06-12;4688;1208;467630;234479;43.2;21.7
35;2021-06-13;3386;226;471016;234705;43.5;21.7
35;2021-06-14;6233;6517;477249;241222;44.1;22.3
35;2021-06-15;7506;6961;484755;248183;44.8;22.9
35;2021-06-16;8326;5622;493081;253805;45.6;23.5
35;2021-06-17;8895;5904;501976;259709;46.4;24.0
35;2021-06-18;8718;8098;510694;267807;47.2;24.7
35;2021-06-19;1504;2511;512198;270318;47.3;25.0
35;2021-06-20;2955;883;515153;271201;47.6;25.1
35;2021-06-21;5932;6377;521085;277578;48.2;25.7
35;2021-06-22;6843;7497;527928;285075;48.8;26.3
35;2021-06-23;7252;6145;535180;291220;49.5;26.9
35;2021-06-24;8371;5922;543551;297142;50.2;27.5
35;2021-06-25;6630;8476;550181;305618;50.8;28.2
35;2021-06-26;1107;3077;551288;308695;50.9;28.5
35;2021-06-27;2637;1031;553925;309726;51.2;28.6
35;2021-06-28;4296;7758;558221;317484;51.6;29.3
35;2021-06-29;5091;7969;563312;325453;52.1;30.1
35;2021-06-30;5603;7891;568915;333344;52.6;30.8
35;2021-07-01;6586;7537;575501;340881;53.2;31.5
35;2021-07-02;5334;9858;580835;350739;53.7;32.4
35;2021-07-03;1084;2838;581919;353577;53.8;32.7
35;2021-07-04;2149;1554;584068;355131;54.0;32.8
35;2021-07-05;3737;8205;587805;363336;54.3;33.6
35;2021-07-06;4789;9472;592594;372808;54.8;34.5
35;2021-07-07;5059;8318;597653;381126;55.2;35.2
35;2021-07-08;5387;8485;603040;389611;55.7;36.0
35;2021-07-09;3907;11543;606947;401154;56.1;37.1
35;2021-07-10;892;3149;607839;404303;56.2;37.4
35;2021-07-11;1301;2355;609140;406658;56.3;37.6
35;2021-07-12;3121;9145;612261;415803;56.6;38.4
35;2021-07-13;3982;10749;616243;426552;57.0;39.4
35;2021-07-14;2152;4449;618395;431001;57.1;39.8
35;2021-07-15;4293;10181;622688;441182;57.5;40.8
35;2021-07-16;4800;11004;627488;452186;58.0;41.8
35;2021-07-17;1986;4065;629474;456251;58.2;42.2
35;2021-07-18;845;2571;630319;458822;58.3;42.4
35;2021-07-19;3253;8970;633572;467792;58.6;43.2
35;2021-07-20;4243;10588;637815;478380;58.9;44.2
35;2021-07-21;4372;9383;642187;487763;59.3;45.1
35;2021-07-22;4848;9655;647035;497418;59.8;46.0
35;2021-07-23;4564;11010;651599;508428;60.2;47.0
35;2021-07-24;1587;4267;653186;512695;60.4;47.4
35;2021-07-25;816;2844;654002;515539;60.4;47.6
35;2021-07-26;3892;8736;657894;524275;60.8;48.5
35;2021-07-27;5282;9650;663176;533925;61.3;49.3
35;2021-07-28;5320;8669;668496;542594;61.8;50.1
35;2021-07-29;6112;8336;674608;550930;62.3;50.9
35;2021-07-30;5904;9086;680512;560016;62.9;51.8
35;2021-07-31;2319;3656;682831;563672;63.1;52.1
35;2021-08-01;1525;2411;684356;566083;63.2;52.3
35;2021-08-02;4757;6951;689113;573034;63.7;53.0
35;2021-08-03;6713;7580;695826;580614;64.3;53.7
35;2021-08-04;6711;6590;702537;587204;64.9;54.3
35;2021-08-05;6683;6980;709220;594184;65.5;54.9
35;2021-08-06;6062;7324;715282;601508;66.1;55.6
35;2021-08-07;2108;3149;717390;604657;66.3;55.9
35;2021-08-08;1525;2256;718915;606913;66.4;56.1
35;2021-08-09;4616;5536;723531;612449;66.9;56.6
35;2021-08-10;6561;6378;730092;618827;67.5;57.2
35;2021-08-11;6469;5862;736561;624689;68.1;57.7
35;2021-08-12;7001;5583;743562;630272;68.7;58.2
35;2021-08-13;6669;5062;750231;635334;69.3;58.7
35;2021-08-14;3048;1982;753279;637316;69.6;58.9
35;2021-08-15;2473;1256;755752;638572;69.8;59.0
35;2021-08-16;4854;5294;760606;643866;70.3;59.5
35;2021-08-17;6383;6076;766989;649942;70.9;60.1
35;2021-08-18;6466;5625;773455;655567;71.5;60.6
35;2021-08-19;6271;5755;779726;661322;72.1;61.1
35;2021-08-20;5118;6346;784844;667668;72.5;61.7
35;2021-08-21;2380;2631;787224;670299;72.8;61.9
35;2021-08-22;1761;1793;788985;672092;72.9;62.1
35;2021-08-23;3086;6008;792071;678100;73.2;62.7
35;2021-08-24;3466;7220;795537;685320;73.5;63.3
35;2021-08-25;3287;6614;798824;691934;73.8;63.9
35;2021-08-26;2615;6889;801439;698823;74.1;64.6
35;2021-08-27;2750;7258;804189;706081;74.3;65.3
35;2021-08-28;1175;2952;805364;709033;74.4;65.5
35;2021-08-29;519;1759;805883;710792;74.5;65.7
35;2021-08-30;1955;5482;807838;716274;74.7;66.2
35;2021-08-31;2337;6505;810175;722779;74.9;66.8
35;2021-09-01;1910;6088;812085;728867;75.0;67.4
35;2021-09-02;1829;6169;813914;735036;75.2;67.9
35;2021-09-03;2015;7044;815929;742080;75.4;68.6
35;2021-09-04;1119;4095;817048;746175;75.5;69.0
35;2021-09-05;517;2074;817565;748249;75.6;69.1
35;2021-09-06;1125;5006;818690;753255;75.7;69.6
35;2021-09-07;1308;5409;819998;758664;75.8;70.1
35;2021-09-08;1331;6254;821329;764918;75.9;70.7
35;2021-09-09;1241;5308;822570;770226;76.0;71.2
35;2021-09-10;1561;6569;824131;776795;76.2;71.8
35;2021-09-11;622;3897;824753;780692;76.2;72.1
35;2021-09-12;284;2374;825037;783066;76.2;72.4
36;2020-12-27;0;0;0;0;0.0;0.0
36;2020-12-28;0;0;0;0;0.0;0.0
36;2020-12-29;0;0;0;0;0.0;0.0
36;2020-12-30;0;0;0;0;0.0;0.0
36;2020-12-31;0;0;0;0;0.0;0.0
36;2021-01-01;0;0;0;0;0.0;0.0
36;2021-01-02;0;0;0;0;0.0;0.0
36;2021-01-03;0;0;0;0;0.0;0.0
36;2021-01-04;2;0;2;0;0.0;0.0
36;2021-01-05;0;0;2;0;0.0;0.0
36;2021-01-06;24;0;26;0;0.0;0.0
36;2021-01-07;51;0;77;0;0.0;0.0
36;2021-01-08;111;0;188;0;0.1;0.0
36;2021-01-09;84;0;272;0;0.1;0.0
36;2021-01-10;142;0;414;0;0.2;0.0
36;2021-01-11;239;1;653;1;0.3;0.0
36;2021-01-12;282;0;935;1;0.4;0.0
36;2021-01-13;198;1;1133;2;0.5;0.0
36;2021-01-14;505;3;1638;5;0.8;0.0
36;2021-01-15;179;1;1817;6;0.8;0.0
36;2021-01-16;24;1;1841;7;0.8;0.0
36;2021-01-17;19;1;1860;8;0.9;0.0
36;2021-01-18;613;3;2473;11;1.1;0.0
36;2021-01-19;1174;1;3647;12;1.7;0.0
36;2021-01-20;1102;2;4749;14;2.2;0.0
36;2021-01-21;721;0;5470;14;2.5;0.0
36;2021-01-22;857;2;6327;16;2.9;0.0
36;2021-01-23;295;0;6622;16;3.0;0.0
36;2021-01-24;185;0;6807;16;3.1;0.0
36;2021-01-25;640;4;7447;20;3.4;0.0
36;2021-01-26;610;1;8057;21;3.7;0.0
36;2021-01-27;851;19;8908;40;4.1;0.0
36;2021-01-28;478;35;9386;75;4.3;0.0
36;2021-01-29;573;88;9959;163;4.6;0.1
36;2021-01-30;288;61;10247;224;4.7;0.1
36;2021-01-31;115;118;10362;342;4.8;0.2
36;2021-02-01;378;99;10740;441;4.9;0.2
36;2021-02-02;410;167;11150;608;5.1;0.3
36;2021-02-03;473;255;11623;863;5.4;0.4
36;2021-02-04;275;247;11898;1110;5.5;0.5
36;2021-02-05;302;155;12200;1265;5.6;0.6
36;2021-02-06;1;0;12201;1265;5.6;0.6
36;2021-02-07;1;0;12202;1265;5.6;0.6
36;2021-02-08;280;219;12482;1484;5.7;0.7
36;2021-02-09;328;579;12810;2063;5.9;1.0
36;2021-02-10;490;615;13300;2678;6.1;1.2
36;2021-02-11;384;567;13684;3245;6.3;1.5
36;2021-02-12;303;417;13987;3662;6.4;1.7
36;2021-02-13;126;56;14113;3718;6.5;1.7
36;2021-02-14;22;22;14135;3740;6.5;1.7
36;2021-02-15;42;477;14177;4217;6.5;1.9
36;2021-02-16;107;333;14284;4550;6.6;2.1
36;2021-02-17;117;505;14401;5055;6.6;2.3
36;2021-02-18;161;534;14562;5589;6.7;2.6
36;2021-02-19;181;431;14743;6020;6.8;2.8
36;2021-02-20;86;199;14829;6219;6.8;2.9
36;2021-02-21;87;129;14916;6348;6.9;2.9
36;2021-02-22;162;415;15078;6763;6.9;3.1
36;2021-02-23;62;517;15140;7280;7.0;3.4
36;2021-02-24;110;575;15250;7855;7.0;3.6
36;2021-02-25;251;235;15501;8090;7.1;3.7
36;2021-02-26;339;412;15840;8502;7.3;3.9
36;2021-02-27;73;222;15913;8724;7.3;4.0
36;2021-02-28;13;79;15926;8803;7.3;4.1
36;2021-03-01;218;309;16144;9112;7.4;4.2
36;2021-03-02;352;331;16496;9443;7.6;4.3
36;2021-03-03;394;499;16890;9942;7.8;4.6
36;2021-03-04;663;329;17553;10271;8.1;4.7
36;2021-03-05;799;277;18352;10548;8.5;4.9
36;2021-03-06;410;17;18762;10565;8.6;4.9
36;2021-03-07;339;7;19101;10572;8.8;4.9
36;2021-03-08;251;300;19352;10872;8.9;5.0
36;2021-03-09;449;256;19801;11128;9.1;5.1
36;2021-03-10;724;398;20525;11526;9.5;5.3
36;2021-03-11;840;238;21365;11764;9.8;5.4
36;2021-03-12;1446;295;22811;12059;10.5;5.6
36;2021-03-13;575;126;23386;12185;10.8;5.6
36;2021-03-14;113;1;23499;12186;10.8;5.6
36;2021-03-15;648;156;24147;12342;11.1;5.7
36;2021-03-16;447;67;24594;12409;11.3;5.7
36;2021-03-17;766;90;25360;12499;11.7;5.8
36;2021-03-18;414;72;25774;12571;11.9;5.8
36;2021-03-19;738;40;26512;12611;12.2;5.8
36;2021-03-20;451;26;26963;12637;12.4;5.8
36;2021-03-21;0;0;26963;12637;12.4;5.8
36;2021-03-22;497;59;27460;12696;12.6;5.8
36;2021-03-23;777;58;28237;12754;13.0;5.9
36;2021-03-24;1090;77;29327;12831;13.5;5.9
36;2021-03-25;1337;89;30664;12920;14.1;6.0
36;2021-03-26;1419;158;32083;13078;14.8;6.0
36;2021-03-27;475;43;32558;13121;15.0;6.0
36;2021-03-28;68;57;32626;13178;15.0;6.1
36;2021-03-29;462;184;33088;13362;15.2;6.2
36;2021-03-30;584;263;33672;13625;15.5;6.3
36;2021-03-31;1263;172;34935;13797;16.1;6.4
36;2021-04-01;1086;430;36021;14227;16.6;6.6
36;2021-04-02;966;143;36987;14370;17.0;6.6
36;2021-04-03;282;176;37269;14546;17.2;6.7
36;2021-04-04;42;2;37311;14548;17.2;6.7
36;2021-04-05;15;46;37326;14594;17.2;6.7
36;2021-04-06;821;362;38147;14956;17.6;6.9
36;2021-04-07;1073;539;39220;15495;18.1;7.1
36;2021-04-08;1347;480;40567;15975;18.7;7.4
36;2021-04-09;1939;403;42506;16378;19.6;7.5
36;2021-04-10;592;243;43098;16621;19.8;7.7
36;2021-04-11;256;90;43354;16711;20.0;7.7
36;2021-04-12;848;561;44202;17272;20.4;8.0
36;2021-04-13;1140;517;45342;17789;20.9;8.2
36;2021-04-14;1582;864;46924;18653;21.6;8.6
36;2021-04-15;1654;473;48578;19126;22.4;8.8
36;2021-04-16;1488;466;50066;19592;23.1;9.0
36;2021-04-17;893;250;50959;19842;23.5;9.1
36;2021-04-18;383;7;51342;19849;23.6;9.1
36;2021-04-19;874;443;52216;20292;24.0;9.3
36;2021-04-20;1145;521;53361;20813;24.6;9.6
36;2021-04-21;1240;879;54601;21692;25.1;10.0
36;2021-04-22;1593;869;56194;22561;25.9;10.4
36;2021-04-23;1327;616;57521;23177;26.5;10.7
36;2021-04-24;678;381;58199;23558;26.8;10.8
36;2021-04-25;413;94;58612;23652;27.0;10.9
36;2021-04-26;1134;448;59746;24100;27.5;11.1
36;2021-04-27;1278;551;61024;24651;28.1;11.4
36;2021-04-28;1488;1062;62512;25713;28.8;11.8
36;2021-04-29;2016;702;64528;26415;29.7;12.2
36;2021-04-30;1553;457;66081;26872;30.4;12.4
36;2021-05-01;724;64;66805;26936;30.8;12.4
36;2021-05-02;498;64;67303;27000;31.0;12.4
36;2021-05-03;1292;315;68595;27315;31.6;12.6
36;2021-05-04;780;804;69375;28119;31.9;12.9
36;2021-05-05;1283;1304;70658;29423;32.5;13.6
36;2021-05-06;2138;795;72796;30218;33.5;13.9
36;2021-05-07;1469;765;74265;30983;34.2;14.3
36;2021-05-08;306;105;74571;31088;34.3;14.3
36;2021-05-09;174;343;74745;31431;34.4;14.5
36;2021-05-10;1216;814;75961;32245;35.0;14.8
36;2021-05-11;1725;1248;77686;33493;35.8;15.4
36;2021-05-12;1827;1484;79513;34977;36.6;16.1
36;2021-05-13;548;304;80061;35281;36.9;16.2
36;2021-05-14;701;1037;80762;36318;37.2;16.7
36;2021-05-15;635;591;81397;36909;37.5;17.0
36;2021-05-16;337;377;81734;37286;37.6;17.2
36;2021-05-17;615;943;82349;38229;37.9;17.6
36;2021-05-18;874;936;83223;39165;38.3;18.0
36;2021-05-19;1333;846;84556;40011;38.9;18.4
36;2021-05-20;1611;1205;86167;41216;39.7;19.0
36;2021-05-21;1107;1064;87274;42280;40.2;19.5
36;2021-05-22;678;342;87952;42622;40.5;19.6
36;2021-05-23;429;297;88381;42919;40.7;19.8
36;2021-05-24;505;469;88886;43388;40.9;20.0
36;2021-05-25;1046;685;89932;44073;41.4;20.3
36;2021-05-26;1473;1159;91405;45232;42.1;20.8
36;2021-05-27;1397;976;92802;46208;42.7;21.3
36;2021-05-28;921;1482;93723;47690;43.2;22.0
36;2021-05-29;700;507;94423;48197;43.5;22.2
36;2021-05-30;111;573;94534;48770;43.5;22.5
36;2021-05-31;1137;763;95671;49533;44.1;22.8
36;2021-06-01;1412;828;97083;50361;44.7;23.2
36;2021-06-02;2062;614;99145;50975;45.7;23.5
36;2021-06-03;1902;1202;101047;52177;46.5;24.0
36;2021-06-04;1774;1039;102821;53216;47.4;24.5
36;2021-06-05;693;657;103514;53873;47.7;24.8
36;2021-06-06;336;272;103850;54145;47.8;24.9
36;2021-06-07;983;808;104833;54953;48.3;25.3
36;2021-06-08;958;981;105791;55934;48.7;25.8
36;2021-06-09;1675;1063;107466;56997;49.5;26.2
36;2021-06-10;1530;1382;108996;58379;50.2;26.9
36;2021-06-11;1289;1495;110285;59874;50.8;27.6
36;2021-06-12;920;779;111205;60653;51.2;27.9
36;2021-06-13;343;269;111548;60922;51.4;28.1
36;2021-06-14;606;1268;112154;62190;51.7;28.6
36;2021-06-15;734;1215;112888;63405;52.0;29.2
36;2021-06-16;903;1519;113791;64924;52.4;29.9
36;2021-06-17;750;1901;114541;66825;52.8;30.8
36;2021-06-18;706;1879;115247;68704;53.1;31.6
36;2021-06-19;295;395;115542;69099;53.2;31.8
36;2021-06-20;235;327;115777;69426;53.3;32.0
36;2021-06-21;686;1449;116463;70875;53.6;32.6
36;2021-06-22;841;1552;117304;72427;54.0;33.4
36;2021-06-23;773;1788;118077;74215;54.4;34.2
36;2021-06-24;855;1523;118932;75738;54.8;34.9
36;2021-06-25;942;1218;119874;76956;55.2;35.4
36;2021-06-26;325;602;120199;77558;55.4;35.7
36;2021-06-27;105;267;120304;77825;55.4;35.8
36;2021-06-28;697;924;121001;78749;55.7;36.3
36;2021-06-29;688;1459;121689;80208;56.0;36.9
36;2021-06-30;837;2147;122526;82355;56.4;37.9
36;2021-07-01;351;1081;122877;83436;56.6;38.4
36;2021-07-02;748;1843;123625;85279;56.9;39.3
36;2021-07-03;466;885;124091;86164;57.1;39.7
36;2021-07-04;185;325;124276;86489;57.2;39.8
36;2021-07-05;494;1335;124770;87824;57.5;40.4
36;2021-07-06;491;1221;125261;89045;57.7;41.0
36;2021-07-07;586;1792;125847;90837;58.0;41.8
36;2021-07-08;550;1706;126397;92543;58.2;42.6
36;2021-07-09;786;1652;127183;94195;58.6;43.4
36;2021-07-10;470;1119;127653;95314;58.8;43.9
36;2021-07-11;257;154;127910;95468;58.9;44.0
36;2021-07-12;332;1628;128242;97096;59.1;44.7
36;2021-07-13;312;1937;128554;99033;59.2;45.6
36;2021-07-14;376;763;128930;99796;59.4;46.0
36;2021-07-15;917;2164;129847;101960;59.8;47.0
36;2021-07-16;628;1872;130475;103832;60.1;47.8
36;2021-07-17;400;859;130875;104691;60.3;48.2
36;2021-07-18;199;408;131074;105099;60.4;48.4
36;2021-07-19;552;1455;131626;106554;60.6;49.1
36;2021-07-20;776;1406;132402;107960;61.0;49.7
36;2021-07-21;713;1983;133115;109943;61.3;50.6
36;2021-07-22;1139;1687;134254;111630;61.8;51.4
36;2021-07-23;969;1742;135223;113372;62.3;52.2
36;2021-07-24;606;801;135829;114173;62.6;52.6
36;2021-07-25;148;404;135977;114577;62.6;52.8
36;2021-07-26;949;1085;136926;115662;63.1;53.3
36;2021-07-27;816;1354;137742;117016;63.4;53.9
36;2021-07-28;1385;1401;139127;118417;64.1;54.5
36;2021-07-29;1707;1308;140834;119725;64.9;55.1
36;2021-07-30;1448;1324;142282;121049;65.5;55.7
36;2021-07-31;933;536;143215;121585;66.0;56.0
36;2021-08-01;209;239;143424;121824;66.1;56.1
36;2021-08-02;1117;894;144541;122718;66.6;56.5
36;2021-08-03;1272;994;145813;123712;67.2;57.0
36;2021-08-04;1693;938;147506;124650;67.9;57.4
36;2021-08-05;1823;910;149329;125560;68.8;57.8
36;2021-08-06;1419;878;150748;126438;69.4;58.2
36;2021-08-07;541;527;151289;126965;69.7;58.5
36;2021-08-08;292;154;151581;127119;69.8;58.5
36;2021-08-09;818;846;152399;127965;70.2;58.9
36;2021-08-10;1067;1013;153466;128978;70.7;59.4
36;2021-08-11;1355;857;154821;129835;71.3;59.8
36;2021-08-12;1159;855;155980;130690;71.8;60.2
36;2021-08-13;1187;777;157167;131467;72.4;60.5
36;2021-08-14;426;838;157593;132305;72.6;60.9
36;2021-08-15;363;113;157956;132418;72.7;61.0
36;2021-08-16;606;957;158562;133375;73.0;61.4
36;2021-08-17;766;1001;159328;134376;73.4;61.9
36;2021-08-18;1037;1162;160365;135538;73.9;62.4
36;2021-08-19;838;1182;161203;136720;74.2;63.0
36;2021-08-20;485;1477;161688;138197;74.5;63.6
36;2021-08-21;309;467;161997;138664;74.6;63.9
36;2021-08-22;27;65;162024;138729;74.6;63.9
36;2021-08-23;549;1178;162573;139907;74.9;64.4
36;2021-08-24;588;1205;163161;141112;75.1;65.0
36;2021-08-25;461;1092;163622;142204;75.4;65.5
36;2021-08-26;666;1479;164288;143683;75.7;66.2
36;2021-08-27;528;1410;164816;145093;75.9;66.8
36;2021-08-28;368;580;165184;145673;76.1;67.1
36;2021-08-29;220;239;165404;145912;76.2;67.2
36;2021-08-30;246;748;165650;146660;76.3;67.5
36;2021-08-31;387;932;166037;147592;76.5;68.0
36;2021-09-01;385;1219;166422;148811;76.6;68.5
36;2021-09-02;324;1054;166746;149865;76.8;69.0
36;2021-09-03;296;1492;167042;151357;76.9;69.7
36;2021-09-04;248;867;167290;152224;77.0;70.1
36;2021-09-05;119;382;167409;152606;77.1;70.3
36;2021-09-06;149;1040;167558;153646;77.2;70.8
36;2021-09-07;190;853;167748;154499;77.3;71.2
36;2021-09-08;235;1302;167983;155801;77.4;71.8
36;2021-09-09;291;1010;168274;156811;77.5;72.2
36;2021-09-10;268;1139;168542;157950;77.6;72.7
36;2021-09-11;162;760;168704;158710;77.7;73.1
36;2021-09-12;82;236;168786;158946;77.7;73.2
37;2020-12-27;0;0;0;0;0.0;0.0
37;2020-12-28;17;0;17;0;0.0;0.0
37;2020-12-29;10;0;27;0;0.0;0.0
37;2020-12-30;0;0;27;0;0.0;0.0
37;2020-12-31;0;0;27;0;0.0;0.0
37;2021-01-01;0;0;27;0;0.0;0.0
37;2021-01-02;0;0;27;0;0.0;0.0
37;2021-01-03;0;0;27;0;0.0;0.0
37;2021-01-04;21;0;48;0;0.0;0.0
37;2021-01-05;47;0;95;0;0.0;0.0
37;2021-01-06;79;0;174;0;0.0;0.0
37;2021-01-07;116;0;290;0;0.0;0.0
37;2021-01-08;442;1;732;1;0.1;0.0
37;2021-01-09;80;1;812;2;0.1;0.0
37;2021-01-10;83;0;895;2;0.1;0.0
37;2021-01-11;280;0;1175;2;0.2;0.0
37;2021-01-12;658;4;1833;6;0.3;0.0
37;2021-01-13;560;1;2393;7;0.4;0.0
37;2021-01-14;523;3;2916;10;0.5;0.0
37;2021-01-15;628;1;3544;11;0.6;0.0
37;2021-01-16;304;2;3848;13;0.6;0.0
37;2021-01-17;262;1;4110;14;0.7;0.0
37;2021-01-18;733;9;4843;23;0.8;0.0
37;2021-01-19;1243;10;6086;33;1.0;0.0
37;2021-01-20;1038;3;7124;36;1.2;0.0
37;2021-01-21;856;1;7980;37;1.3;0.0
37;2021-01-22;767;2;8747;39;1.4;0.0
37;2021-01-23;173;0;8920;39;1.5;0.0
37;2021-01-24;0;0;8920;39;1.5;0.0
37;2021-01-25;541;15;9461;54;1.6;0.0
37;2021-01-26;1814;63;11275;117;1.9;0.0
37;2021-01-27;1524;68;12799;185;2.1;0.0
37;2021-01-28;1530;87;14329;272;2.4;0.0
37;2021-01-29;633;306;14962;578;2.5;0.1
37;2021-01-30;202;53;15164;631;2.5;0.1
37;2021-01-31;15;54;15179;685;2.5;0.1
37;2021-02-01;332;182;15511;867;2.6;0.1
37;2021-02-02;523;499;16034;1366;2.6;0.2
37;2021-02-03;659;332;16693;1698;2.8;0.3
37;2021-02-04;548;387;17241;2085;2.8;0.3
37;2021-02-05;466;414;17707;2499;2.9;0.4
37;2021-02-06;189;2;17896;2501;3.0;0.4
37;2021-02-07;20;1;17916;2502;3.0;0.4
37;2021-02-08;332;285;18248;2787;3.0;0.5
37;2021-02-09;625;665;18873;3452;3.1;0.6
37;2021-02-10;664;484;19537;3936;3.2;0.7
37;2021-02-11;612;528;20149;4464;3.3;0.7
37;2021-02-12;489;525;20638;4989;3.4;0.8
37;2021-02-13;156;170;20794;5159;3.4;0.9
37;2021-02-14;2;70;20796;5229;3.4;0.9
37;2021-02-15;426;399;21222;5628;3.5;0.9
37;2021-02-16;841;1339;22063;6967;3.6;1.2
37;2021-02-17;635;1253;22698;8220;3.7;1.4
37;2021-02-18;913;1332;23611;9552;3.9;1.6
37;2021-02-19;795;773;24406;10325;4.0;1.7
37;2021-02-20;245;162;24651;10487;4.1;1.7
37;2021-02-21;5;1;24656;10488;4.1;1.7
37;2021-02-22;334;479;24990;10967;4.1;1.8
37;2021-02-23;606;523;25596;11490;4.2;1.9
37;2021-02-24;572;509;26168;11999;4.3;2.0
37;2021-02-25;875;500;27043;12499;4.5;2.1
37;2021-02-26;1116;490;28159;12989;4.7;2.1
37;2021-02-27;585;147;28744;13136;4.7;2.2
37;2021-02-28;23;0;28767;13136;4.8;2.2
37;2021-03-01;603;318;29370;13454;4.9;2.2
37;2021-03-02;1090;473;30460;13927;5.0;2.3
37;2021-03-03;973;454;31433;14381;5.2;2.4
37;2021-03-04;1607;423;33040;14804;5.5;2.4
37;2021-03-05;2129;502;35169;15306;5.8;2.5
37;2021-03-06;1165;186;36334;15492;6.0;2.6
37;2021-03-07;472;66;36806;15558;6.1;2.6
37;2021-03-08;668;376;37474;15934;6.2;2.6
37;2021-03-09;1652;658;39126;16592;6.5;2.7
37;2021-03-10;1606;705;40732;17297;6.7;2.9
37;2021-03-11;2049;669;42781;17966;7.1;3.0
37;2021-03-12;3209;469;45990;18435;7.6;3.0
37;2021-03-13;1947;188;47937;18623;7.9;3.1
37;2021-03-14;206;4;48143;18627;8.0;3.1
37;2021-03-15;1069;244;49212;18871;8.1;3.1
37;2021-03-16;1049;528;50261;19399;8.3;3.2
37;2021-03-17;934;278;51195;19677;8.5;3.3
37;2021-03-18;1035;521;52230;20198;8.6;3.3
37;2021-03-19;2218;339;54448;20537;9.0;3.4
37;2021-03-20;1334;140;55782;20677;9.2;3.4
37;2021-03-21;204;4;55986;20681;9.2;3.4
37;2021-03-22;1287;238;57273;20919;9.5;3.5
37;2021-03-23;2257;565;59530;21484;9.8;3.5
37;2021-03-24;2246;464;61776;21948;10.2;3.6
37;2021-03-25;2984;441;64760;22389;10.7;3.7
37;2021-03-26;3524;402;68284;22791;11.3;3.8
37;2021-03-27;1175;125;69459;22916;11.5;3.8
37;2021-03-28;139;1;69598;22917;11.5;3.8
37;2021-03-29;1605;346;71203;23263;11.8;3.8
37;2021-03-30;2524;619;73727;23882;12.2;3.9
37;2021-03-31;2048;483;75775;24365;12.5;4.0
37;2021-04-01;2601;965;78376;25330;12.9;4.2
37;2021-04-02;2811;667;81187;25997;13.4;4.3
37;2021-04-03;817;223;82004;26220;13.5;4.3
37;2021-04-04;104;1;82108;26221;13.6;4.3
37;2021-04-05;4;0;82112;26221;13.6;4.3
37;2021-04-06;2241;781;84353;27002;13.9;4.5
37;2021-04-07;3173;873;87526;27875;14.5;4.6
37;2021-04-08;4045;966;91571;28841;15.1;4.8
37;2021-04-09;4546;947;96117;29788;15.9;4.9
37;2021-04-10;1328;430;97445;30218;16.1;5.0
37;2021-04-11;104;1;97549;30219;16.1;5.0
37;2021-04-12;2644;675;100193;30894;16.6;5.1
37;2021-04-13;4114;1162;104307;32056;17.2;5.3
37;2021-04-14;3044;895;107351;32951;17.7;5.4
37;2021-04-15;3759;1018;111110;33969;18.4;5.6
37;2021-04-16;4359;1229;115469;35198;19.1;5.8
37;2021-04-17;1147;223;116616;35421;19.3;5.9
37;2021-04-18;97;3;116713;35424;19.3;5.9
37;2021-04-19;2482;848;119195;36272;19.7;6.0
37;2021-04-20;3234;1338;122429;37610;20.2;6.2
37;2021-04-21;2930;1156;125359;38766;20.7;6.4
37;2021-04-22;3456;1400;128815;40166;21.3;6.6
37;2021-04-23;3692;1814;132507;41980;21.9;6.9
37;2021-04-24;1007;385;133514;42365;22.1;7.0
37;2021-04-25;46;2;133560;42367;22.1;7.0
37;2021-04-26;2971;1336;136531;43703;22.6;7.2
37;2021-04-27;4185;1803;140716;45506;23.2;7.5
37;2021-04-28;3464;1951;144180;47457;23.8;7.8
37;2021-04-29;4586;2004;148766;49461;24.6;8.2
37;2021-04-30;5056;1965;153822;51426;25.4;8.5
37;2021-05-01;638;209;154460;51635;25.5;8.5
37;2021-05-02;104;15;154564;51650;25.5;8.5
37;2021-05-03;2672;1957;157236;53607;26.0;8.9
37;2021-05-04;3731;2708;160967;56315;26.6;9.3
37;2021-05-05;3498;2074;164465;58389;27.2;9.6
37;2021-05-06;4994;1942;169459;60331;28.0;10.0
37;2021-05-07;4684;2871;174143;63202;28.8;10.4
37;2021-05-08;538;312;174681;63514;28.9;10.5
37;2021-05-09;63;41;174744;63555;28.9;10.5
37;2021-05-10;2159;3480;176903;67035;29.2;11.1
37;2021-05-11;3869;3874;180772;70909;29.9;11.7
37;2021-05-12;4041;2541;184813;73450;30.5;12.1
37;2021-05-13;1138;515;185951;73965;30.7;12.2
37;2021-05-14;4046;2676;189997;76641;31.4;12.7
37;2021-05-15;2323;743;192320;77384;31.8;12.8
37;2021-05-16;22;70;192342;77454;31.8;12.8
37;2021-05-17;2765;2041;195107;79495;32.2;13.1
37;2021-05-18;3875;2359;198982;81854;32.9;13.5
37;2021-05-19;3495;1808;202477;83662;33.4;13.8
37;2021-05-20;4752;1770;207229;85432;34.2;14.1
37;2021-05-21;4526;2571;211755;88003;35.0;14.5
37;2021-05-22;1078;752;212833;88755;35.2;14.7
37;2021-05-23;73;89;212906;88844;35.2;14.7
37;2021-05-24;513;106;213419;88950;35.3;14.7
37;2021-05-25;5125;2176;218544;91126;36.1;15.1
37;2021-05-26;4929;2098;223473;93224;36.9;15.4
37;2021-05-27;5988;2358;229461;95582;37.9;15.8
37;2021-05-28;6023;3248;235484;98830;38.9;16.3
37;2021-05-29;1520;1164;237004;99994;39.1;16.5
37;2021-05-30;55;160;237059;100154;39.2;16.5
37;2021-05-31;3648;2521;240707;102675;39.8;17.0
37;2021-06-01;5846;3614;246553;106289;40.7;17.6
37;2021-06-02;5077;2450;251630;108739;41.6;18.0
37;2021-06-03;6087;2877;257717;111616;42.6;18.4
37;2021-06-04;5511;4201;263228;115817;43.5;19.1
37;2021-06-05;1855;1301;265083;117118;43.8;19.3
37;2021-06-06;49;197;265132;117315;43.8;19.4
37;2021-06-07;3022;4166;268154;121481;44.3;20.1
37;2021-06-08;4202;4644;272356;126125;45.0;20.8
37;2021-06-09;3883;3570;276239;129695;45.6;21.4
37;2021-06-10;5270;3622;281509;133317;46.5;22.0
37;2021-06-11;4977;4826;286486;138143;47.3;22.8
37;2021-06-12;3553;1348;290039;139491;47.9;23.0
37;2021-06-13;15;164;290054;139655;47.9;23.1
37;2021-06-14;2668;4032;292722;143687;48.4;23.7
37;2021-06-15;3900;4780;296622;148467;49.0;24.5
37;2021-06-16;3259;3601;299881;152068;49.5;25.1
37;2021-06-17;4012;4495;303893;156563;50.2;25.9
37;2021-06-18;4705;5070;308598;161633;51.0;26.7
37;2021-06-19;2520;1099;311118;162732;51.4;26.9
37;2021-06-20;9;183;311127;162915;51.4;26.9
37;2021-06-21;2419;3827;313546;166742;51.8;27.5
37;2021-06-22;2970;5006;316516;171748;52.3;28.4
37;2021-06-23;2626;3641;319142;175389;52.7;29.0
37;2021-06-24;2874;3539;322016;178928;53.2;29.6
37;2021-06-25;3309;4876;325325;183804;53.7;30.4
37;2021-06-26;1240;3084;326565;186888;53.9;30.9
37;2021-06-27;23;142;326588;187030;53.9;30.9
37;2021-06-28;1703;4509;328291;191539;54.2;31.6
37;2021-06-29;1904;6221;330195;197760;54.5;32.7
37;2021-06-30;1871;4441;332066;202201;54.9;33.4
37;2021-07-01;2126;4794;334192;206995;55.2;34.2
37;2021-07-02;2680;5588;336872;212583;55.6;35.1
37;2021-07-03;945;2138;337817;214721;55.8;35.5
37;2021-07-04;5;105;337822;214826;55.8;35.5
37;2021-07-05;1709;5137;339531;219963;56.1;36.3
37;2021-07-06;2005;6761;341536;226724;56.4;37.5
37;2021-07-07;1945;5461;343481;232185;56.7;38.4
37;2021-07-08;2465;6663;345946;238848;57.1;39.5
37;2021-07-09;1988;7642;347934;246490;57.5;40.7
37;2021-07-10;1013;2618;348947;249108;57.6;41.1
37;2021-07-11;26;96;348973;249204;57.6;41.2
37;2021-07-12;1132;5983;350105;255187;57.8;42.2
37;2021-07-13;1616;7818;351721;263005;58.1;43.4
37;2021-07-14;524;407;352245;263412;58.2;43.5
37;2021-07-15;2625;7499;354870;270911;58.6;44.8
37;2021-07-16;2760;7800;357630;278711;59.1;46.0
37;2021-07-17;1202;2444;358832;281155;59.3;46.4
37;2021-07-18;50;53;358882;281208;59.3;46.5
37;2021-07-19;1652;6128;360534;287336;59.6;47.5
37;2021-07-20;2909;7066;363443;294402;60.0;48.6
37;2021-07-21;2983;5783;366426;300185;60.5;49.6
37;2021-07-22;4060;6533;370486;306718;61.2;50.7
37;2021-07-23;3810;7101;374296;313819;61.8;51.8
37;2021-07-24;1777;3306;376073;317125;62.1;52.4
37;2021-07-25;66;77;376139;317202;62.1;52.4
37;2021-07-26;3241;4321;379380;321523;62.7;53.1
37;2021-07-27;4433;4960;383813;326483;63.4;53.9
37;2021-07-28;4142;3658;387955;330141;64.1;54.5
37;2021-07-29;5088;4194;393043;334335;64.9;55.2
37;2021-07-30;5246;4934;398289;339269;65.8;56.0
37;2021-07-31;1923;1846;400212;341115;66.1;56.3
37;2021-08-01;31;52;400243;341167;66.1;56.4
37;2021-08-02;3294;3296;403537;344463;66.7;56.9
37;2021-08-03;5263;3143;408800;347606;67.5;57.4
37;2021-08-04;4558;1924;413358;349530;68.3;57.7
37;2021-08-05;4786;2599;418144;352129;69.1;58.2
37;2021-08-06;4854;3308;422998;355437;69.9;58.7
37;2021-08-07;1624;1122;424622;356559;70.1;58.9
37;2021-08-08;34;176;424656;356735;70.1;58.9
37;2021-08-09;2434;2259;427090;358994;70.5;59.3
37;2021-08-10;3026;2638;430116;361632;71.0;59.7
37;2021-08-11;2099;2107;432215;363739;71.4;60.1
37;2021-08-12;2614;2687;434829;366426;71.8;60.5
37;2021-08-13;2483;2771;437312;369197;72.2;61.0
37;2021-08-14;755;814;438067;370011;72.4;61.1
37;2021-08-15;12;57;438079;370068;72.4;61.1
37;2021-08-16;1464;3160;439543;373228;72.6;61.7
37;2021-08-17;1793;3973;441336;377201;72.9;62.3
37;2021-08-18;1396;3141;442732;380342;73.1;62.8
37;2021-08-19;1595;3842;444327;384184;73.4;63.5
37;2021-08-20;1599;4547;445926;388731;73.7;64.2
37;2021-08-21;610;1202;446536;389933;73.8;64.4
37;2021-08-22;2;31;446538;389964;73.8;64.4
37;2021-08-23;1283;3984;447821;393948;74.0;65.1
37;2021-08-24;1540;4848;449361;398796;74.2;65.9
37;2021-08-25;1053;4221;450414;403017;74.4;66.6
37;2021-08-26;1277;4514;451691;407531;74.6;67.3
37;2021-08-27;1446;5661;453137;413192;74.9;68.3
37;2021-08-28;404;1462;453541;414654;74.9;68.5
37;2021-08-29;1;18;453542;414672;74.9;68.5
37;2021-08-30;1070;3944;454612;418616;75.1;69.1
37;2021-08-31;1276;3826;455888;422442;75.3;69.8
37;2021-09-01;976;2688;456864;425130;75.5;70.2
37;2021-09-02;890;2807;457754;427937;75.6;70.7
37;2021-09-03;1041;3957;458795;431894;75.8;71.3
37;2021-09-04;665;1464;459460;433358;75.9;71.6
37;2021-09-05;1;30;459461;433388;75.9;71.6
37;2021-09-06;375;1314;459836;434702;76.0;71.8
37;2021-09-07;531;1507;460367;436209;76.0;72.1
37;2021-09-08;815;2070;461182;438279;76.2;72.4
37;2021-09-09;549;1532;461731;439811;76.3;72.7
37;2021-09-10;805;1904;462536;441715;76.4;73.0
37;2021-09-11;395;1005;462931;442720;76.5;73.1
37;2021-09-12;14;24;462945;442744;76.5;73.1
38;2020-12-27;1;0;1;0;0.0;0.0
38;2020-12-28;1;0;2;0;0.0;0.0
38;2020-12-29;0;0;2;0;0.0;0.0
38;2020-12-30;2;0;4;0;0.0;0.0
38;2020-12-31;5;0;9;0;0.0;0.0
38;2021-01-01;2;0;11;0;0.0;0.0
38;2021-01-02;1;0;12;0;0.0;0.0
38;2021-01-03;3;0;15;0;0.0;0.0
38;2021-01-04;163;0;178;0;0.0;0.0
38;2021-01-05;258;1;436;1;0.0;0.0
38;2021-01-06;364;0;800;1;0.1;0.0
38;2021-01-07;636;1;1436;2;0.1;0.0
38;2021-01-08;695;0;2131;2;0.2;0.0
38;2021-01-09;30;0;2161;2;0.2;0.0
38;2021-01-10;2;0;2163;2;0.2;0.0
38;2021-01-11;801;2;2964;4;0.2;0.0
38;2021-01-12;1471;4;4435;8;0.4;0.0
38;2021-01-13;1083;5;5518;13;0.4;0.0
38;2021-01-14;1682;13;7200;26;0.6;0.0
38;2021-01-15;1676;7;8876;33;0.7;0.0
38;2021-01-16;307;1;9183;34;0.7;0.0
38;2021-01-17;3;0;9186;34;0.7;0.0
38;2021-01-18;1178;3;10364;37;0.8;0.0
38;2021-01-19;2241;6;12605;43;1.0;0.0
38;2021-01-20;1883;4;14488;47;1.1;0.0
38;2021-01-21;1644;7;16132;54;1.3;0.0
38;2021-01-22;1400;8;17532;62;1.4;0.0
38;2021-01-23;379;3;17911;65;1.4;0.0
38;2021-01-24;1;0;17912;65;1.4;0.0
38;2021-01-25;791;89;18703;154;1.5;0.0
38;2021-01-26;855;155;19558;309;1.5;0.0
38;2021-01-27;1093;237;20651;546;1.6;0.0
38;2021-01-28;1173;437;21824;983;1.7;0.1
38;2021-01-29;952;350;22776;1333;1.8;0.1
38;2021-01-30;304;0;23080;1333;1.8;0.1
38;2021-01-31;0;0;23080;1333;1.8;0.1
38;2021-02-01;702;561;23782;1894;1.9;0.1
38;2021-02-02;966;917;24748;2811;2.0;0.2
38;2021-02-03;1230;620;25978;3431;2.1;0.3
38;2021-02-04;1278;909;27256;4340;2.2;0.3
38;2021-02-05;1399;820;28655;5160;2.3;0.4
38;2021-02-06;187;84;28842;5244;2.3;0.4
38;2021-02-07;3;47;28845;5291;2.3;0.4
38;2021-02-08;862;677;29707;5968;2.3;0.5
38;2021-02-09;1537;1189;31244;7157;2.5;0.6
38;2021-02-10;1581;1174;32825;8331;2.6;0.7
38;2021-02-11;1871;1037;34696;9368;2.7;0.7
38;2021-02-12;1509;1000;36205;10368;2.9;0.8
38;2021-02-13;466;172;36671;10540;2.9;0.8
38;2021-02-14;1;3;36672;10543;2.9;0.8
38;2021-02-15;977;784;37649;11327;3.0;0.9
38;2021-02-16;1379;841;39028;12168;3.1;1.0
38;2021-02-17;1376;901;40404;13069;3.2;1.0
38;2021-02-18;1791;953;42195;14022;3.3;1.1
38;2021-02-19;1256;722;43451;14744;3.4;1.2
38;2021-02-20;471;248;43922;14992;3.5;1.2
38;2021-02-21;1;0;43923;14992;3.5;1.2
38;2021-02-22;1075;761;44998;15753;3.6;1.2
38;2021-02-23;1541;835;46539;16588;3.7;1.3
38;2021-02-24;1736;1026;48275;17614;3.8;1.4
38;2021-02-25;2501;954;50776;18568;4.0;1.5
38;2021-02-26;3311;860;54087;19428;4.3;1.5
38;2021-02-27;1511;379;55598;19807;4.4;1.6
38;2021-02-28;33;2;55631;19809;4.4;1.6
38;2021-03-01;2512;717;58143;20526;4.6;1.6
38;2021-03-02;4048;1004;62191;21530;4.9;1.7
38;2021-03-03;3368;1176;65559;22706;5.2;1.8
38;2021-03-04;4486;1310;70045;24016;5.5;1.9
38;2021-03-05;5233;1120;75278;25136;6.0;2.0
38;2021-03-06;3042;264;78320;25400;6.2;2.0
38;2021-03-07;115;2;78435;25402;6.2;2.0
38;2021-03-08;2442;833;80877;26235;6.4;2.1
38;2021-03-09;4025;1272;84902;27507;6.7;2.2
38;2021-03-10;3508;1044;88410;28551;7.0;2.3
38;2021-03-11;5141;1498;93551;30049;7.4;2.4
38;2021-03-12;7094;1162;100645;31211;8.0;2.5
38;2021-03-13;3772;224;104417;31435;8.3;2.5
38;2021-03-14;544;15;104961;31450;8.3;2.5
38;2021-03-15;2701;993;107662;32443;8.5;2.6
38;2021-03-16;2081;1344;109743;33787;8.7;2.7
38;2021-03-17;2025;1195;111768;34982;8.8;2.8
38;2021-03-18;2641;1352;114409;36334;9.0;2.9
38;2021-03-19;4010;1049;118419;37383;9.4;3.0
38;2021-03-20;1827;246;120246;37629;9.5;3.0
38;2021-03-21;130;8;120376;37637;9.5;3.0
38;2021-03-22;2867;994;123243;38631;9.7;3.1
38;2021-03-23;4782;1479;128025;40110;10.1;3.2
38;2021-03-24;3708;1564;131733;41674;10.4;3.3
38;2021-03-25;5792;1540;137525;43214;10.9;3.4
38;2021-03-26;6599;1740;144124;44954;11.4;3.6
38;2021-03-27;2512;756;146636;45710;11.6;3.6
38;2021-03-28;926;48;147562;45758;11.7;3.6
38;2021-03-29;2678;1837;150240;47595;11.9;3.8
38;2021-03-30;4564;2534;154804;50129;12.2;4.0
38;2021-03-31;3665;2221;158469;52350;12.5;4.1
38;2021-04-01;5133;2526;163602;54876;12.9;4.3
38;2021-04-02;3874;2522;167476;57398;13.2;4.5
38;2021-04-03;1418;939;168894;58337;13.4;4.6
38;2021-04-04;430;45;169324;58382;13.4;4.6
38;2021-04-05;2177;348;171501;58730;13.6;4.6
38;2021-04-06;4347;2398;175848;61128;13.9;4.8
38;2021-04-07;4415;2733;180263;63861;14.3;5.0
38;2021-04-08;5650;2667;185913;66528;14.7;5.3
38;2021-04-09;8563;2729;194476;69257;15.4;5.5
38;2021-04-10;3600;1477;198076;70734;15.7;5.6
38;2021-04-11;1048;100;199124;70834;15.7;5.6
38;2021-04-12;4200;2250;203324;73084;16.1;5.8
38;2021-04-13;6125;2472;209449;75556;16.6;6.0
38;2021-04-14;5120;2459;214569;78015;17.0;6.2
38;2021-04-15;6363;2769;220932;80784;17.5;6.4
38;2021-04-16;6216;2718;227148;83502;18.0;6.6
38;2021-04-17;2588;993;229736;84495;18.2;6.7
38;2021-04-18;1333;72;231069;84567;18.3;6.7
38;2021-04-19;3946;2838;235015;87405;18.6;6.9
38;2021-04-20;5425;2856;240440;90261;19.0;7.1
38;2021-04-21;4979;2707;245419;92968;19.4;7.3
38;2021-04-22;5786;2836;251205;95804;19.9;7.6
38;2021-04-23;6039;2820;257244;98624;20.3;7.8
38;2021-04-24;2665;1350;259909;99974;20.5;7.9
38;2021-04-25;805;590;260714;100564;20.6;7.9
38;2021-04-26;4488;2473;265202;103037;21.0;8.1
38;2021-04-27;6044;2720;271246;105757;21.4;8.4
38;2021-04-28;6199;2509;277445;108266;21.9;8.6
38;2021-04-29;8331;3062;285776;111328;22.6;8.8
38;2021-04-30;7673;4045;293449;115373;23.2;9.1
38;2021-05-01;1546;195;294995;115568;23.3;9.1
38;2021-05-02;846;73;295841;115641;23.4;9.1
38;2021-05-03;5299;3591;301140;119232;23.8;9.4
38;2021-05-04;6201;5083;307341;124315;24.3;9.8
38;2021-05-05;6068;4607;313409;128922;24.8;10.2
38;2021-05-06;6714;5331;320123;134253;25.3;10.6
38;2021-05-07;7285;6443;327408;140696;25.9;11.1
38;2021-05-08;3778;719;331186;141415;26.2;11.2
38;2021-05-09;2852;1930;334038;143345;26.4;11.3
38;2021-05-10;6157;5306;340195;148651;26.9;11.8
38;2021-05-11;8227;6020;348422;154671;27.5;12.2
38;2021-05-12;9049;4704;357471;159375;28.3;12.6
38;2021-05-13;6635;1416;364106;160791;28.8;12.7
38;2021-05-14;9565;3424;373671;164215;29.5;13.0
38;2021-05-15;6865;1450;380536;165665;30.1;13.1
38;2021-05-16;5474;650;386010;166315;30.5;13.1
38;2021-05-17;7672;3000;393682;169315;31.1;13.4
38;2021-05-18;8625;4034;402307;173349;31.8;13.7
38;2021-05-19;8159;3351;410466;176700;32.4;14.0
38;2021-05-20;8979;4489;419445;181189;33.2;14.3
38;2021-05-21;9960;4586;429405;185775;33.9;14.7
38;2021-05-22;7457;1905;436862;187680;34.5;14.8
38;2021-05-23;5590;580;442452;188260;35.0;14.9
38;2021-05-24;7502;1626;449954;189886;35.6;15.0
38;2021-05-25;9543;4853;459497;194739;36.3;15.4
38;2021-05-26;8126;4725;467623;199464;37.0;15.8
38;2021-05-27;9135;5654;476758;205118;37.7;16.2
38;2021-05-28;8788;6486;485546;211604;38.4;16.7
38;2021-05-29;5822;3248;491368;214852;38.8;17.0
38;2021-05-30;2695;1593;494063;216445;39.1;17.1
38;2021-05-31;8273;5135;502336;221580;39.7;17.5
38;2021-06-01;7964;6425;510300;228005;40.3;18.0
38;2021-06-02;7144;5617;517444;233622;40.9;18.5
38;2021-06-03;7397;6822;524841;240444;41.5;19.0
38;2021-06-04;8129;7609;532970;248053;42.1;19.6
38;2021-06-05;5798;3946;538768;251999;42.6;19.9
38;2021-06-06;2508;1463;541276;253462;42.8;20.0
38;2021-06-07;5554;6867;546830;260329;43.2;20.6
38;2021-06-08;5878;7529;552708;267858;43.7;21.2
38;2021-06-09;5052;6468;557760;274326;44.1;21.7
38;2021-06-10;5429;6789;563189;281115;44.5;22.2
38;2021-06-11;5889;7786;569078;288901;45.0;22.8
38;2021-06-12;3945;3259;573023;292160;45.3;23.1
38;2021-06-13;1259;1299;574282;293459;45.4;23.2
38;2021-06-14;3870;7664;578152;301123;45.7;23.8
38;2021-06-15;5236;8146;583388;309269;46.1;24.4
38;2021-06-16;5125;7407;588513;316676;46.5;25.0
38;2021-06-17;4524;7058;593037;323734;46.9;25.6
38;2021-06-18;6167;9232;599204;332966;47.4;26.3
38;2021-06-19;3595;4968;602799;337934;47.7;26.7
38;2021-06-20;1038;2901;603837;340835;47.7;26.9
38;2021-06-21;3750;8710;607587;349545;48.0;27.6
38;2021-06-22;3793;10103;611380;359648;48.3;28.4
38;2021-06-23;3156;9549;614536;369197;48.6;29.2
38;2021-06-24;3382;8586;617918;377783;48.8;29.9
38;2021-06-25;3786;11489;621704;389272;49.1;30.8
38;2021-06-26;2230;7853;623934;397125;49.3;31.4
38;2021-06-27;1099;4355;625033;401480;49.4;31.7
38;2021-06-28;2953;10303;627986;411783;49.6;32.6
38;2021-06-29;3786;10450;631772;422233;49.9;33.4
38;2021-06-30;4061;9938;635833;432171;50.3;34.2
38;2021-07-01;3549;9009;639382;441180;50.5;34.9
38;2021-07-02;3729;11615;643111;452795;50.8;35.8
38;2021-07-03;1741;8786;644852;461581;51.0;36.5
38;2021-07-04;1243;3209;646095;464790;51.1;36.7
38;2021-07-05;3062;10544;649157;475334;51.3;37.6
38;2021-07-06;3462;10239;652619;485573;51.6;38.4
38;2021-07-07;3570;9401;656189;494974;51.9;39.1
38;2021-07-08;3501;8221;659690;503195;52.2;39.8
38;2021-07-09;3895;10739;663585;513934;52.5;40.6
38;2021-07-10;2404;7803;665989;521737;52.6;41.2
38;2021-07-11;778;2029;666767;523766;52.7;41.4
38;2021-07-12;3483;10676;670250;534442;53.0;42.2
38;2021-07-13;6598;10931;676848;545373;53.5;43.1
38;2021-07-14;4676;3337;681524;548710;53.9;43.4
38;2021-07-15;8737;9674;690261;558384;54.6;44.1
38;2021-07-16;8763;10701;699024;569085;55.3;45.0
38;2021-07-17;4742;7484;703766;576569;55.6;45.6
38;2021-07-18;2573;2490;706339;579059;55.8;45.8
38;2021-07-19;5827;9225;712166;588284;56.3;46.5
38;2021-07-20;6289;8306;718455;596590;56.8;47.2
38;2021-07-21;7865;8029;726320;604619;57.4;47.8
38;2021-07-22;7602;6998;733922;611617;58.0;48.3
38;2021-07-23;8947;9040;742869;620657;58.7;49.1
38;2021-07-24;5577;5534;748446;626191;59.2;49.5
38;2021-07-25;2872;1652;751318;627843;59.4;49.6
38;2021-07-26;7874;7502;759192;635345;60.0;50.2
38;2021-07-27;7628;6275;766820;641620;60.6;50.7
38;2021-07-28;8628;5715;775448;647335;61.3;51.2
38;2021-07-29;7684;4679;783132;652014;61.9;51.5
38;2021-07-30;7808;6654;790940;658668;62.5;52.1
38;2021-07-31;4356;3601;795296;662269;62.9;52.4
38;2021-08-01;1301;1085;796597;663354;63.0;52.4
38;2021-08-02;3925;4449;800522;667803;63.3;52.8
38;2021-08-03;4584;4556;805106;672359;63.6;53.2
38;2021-08-04;4637;4358;809743;676717;64.0;53.5
38;2021-08-05;3726;4643;813469;681360;64.3;53.9
38;2021-08-06;4157;5946;817626;687306;64.6;54.3
38;2021-08-07;2309;3532;819935;690838;64.8;54.6
38;2021-08-08;794;2017;820729;692855;64.9;54.8
38;2021-08-09;3606;5576;824335;698431;65.2;55.2
38;2021-08-10;4885;6253;829220;704684;65.6;55.7
38;2021-08-11;3956;4661;833176;709345;65.9;56.1
38;2021-08-12;3389;4608;836565;713953;66.1;56.4
38;2021-08-13;4196;6032;840761;719985;66.5;56.9
38;2021-08-14;1780;4019;842541;724004;66.6;57.2
38;2021-08-15;535;1919;843076;725923;66.6;57.4
38;2021-08-16;2976;7923;846052;733846;66.9;58.0
38;2021-08-17;3437;5961;849489;739807;67.2;58.5
38;2021-08-18;2980;7148;852469;746955;67.4;59.0
38;2021-08-19;2607;4827;855076;751782;67.6;59.4
38;2021-08-20;2879;8422;857955;760204;67.8;60.1
38;2021-08-21;1194;5016;859149;765220;67.9;60.5
38;2021-08-22;506;1511;859655;766731;68.0;60.6
38;2021-08-23;2570;7621;862225;774352;68.2;61.2
38;2021-08-24;2551;5331;864776;779683;68.4;61.6
38;2021-08-25;2545;5869;867321;785552;68.6;62.1
38;2021-08-26;2248;4242;869569;789794;68.7;62.4
38;2021-08-27;2493;5925;872062;795719;68.9;62.9
38;2021-08-28;1411;3684;873473;799403;69.1;63.2
38;2021-08-29;374;1084;873847;800487;69.1;63.3
38;2021-08-30;2311;5779;876158;806266;69.3;63.7
38;2021-08-31;2196;4715;878354;810981;69.4;64.1
38;2021-09-01;2168;4352;880522;815333;69.6;64.5
38;2021-09-02;1655;3360;882177;818693;69.7;64.7
38;2021-09-03;1996;5038;884173;823731;69.9;65.1
38;2021-09-04;1137;2811;885310;826542;70.0;65.3
38;2021-09-05;385;725;885695;827267;70.0;65.4
38;2021-09-06;1182;3391;886877;830658;70.1;65.7
38;2021-09-07;1287;3330;888164;833988;70.2;65.9
38;2021-09-08;1711;3623;889875;837611;70.3;66.2
38;2021-09-09;1097;2329;890972;839940;70.4;66.4
38;2021-09-10;1534;3808;892506;843748;70.6;66.7
38;2021-09-11;1028;2376;893534;846124;70.6;66.9
38;2021-09-12;212;546;893746;846670;70.7;66.9
39;2020-12-27;0;0;0;0;0.0;0.0
39;2020-12-28;0;0;0;0;0.0;0.0
39;2020-12-29;0;0;0;0;0.0;0.0
39;2020-12-30;0;0;0;0;0.0;0.0
39;2020-12-31;0;0;0;0;0.0;0.0
39;2021-01-01;0;0;0;0;0.0;0.0
39;2021-01-02;0;0;0;0;0.0;0.0
39;2021-01-03;0;0;0;0;0.0;0.0
39;2021-01-04;3;0;3;0;0.0;0.0
39;2021-01-05;3;0;6;0;0.0;0.0
39;2021-01-06;57;3;63;3;0.0;0.0
39;2021-01-07;333;2;396;5;0.2;0.0
39;2021-01-08;657;2;1053;7;0.4;0.0
39;2021-01-09;169;0;1222;7;0.5;0.0
39;2021-01-10;1;0;1223;7;0.5;0.0
39;2021-01-11;474;1;1697;8;0.7;0.0
39;2021-01-12;431;1;2128;9;0.8;0.0
39;2021-01-13;408;2;2536;11;1.0;0.0
39;2021-01-14;574;3;3110;14;1.2;0.0
39;2021-01-15;471;1;3581;15;1.4;0.0
39;2021-01-16;141;1;3722;16;1.4;0.0
39;2021-01-17;0;1;3722;17;1.4;0.0
39;2021-01-18;924;7;4646;24;1.8;0.0
39;2021-01-19;1181;6;5827;30;2.3;0.0
39;2021-01-20;906;4;6733;34;2.6;0.0
39;2021-01-21;1178;2;7911;36;3.1;0.0
39;2021-01-22;985;1;8896;37;3.5;0.0
39;2021-01-23;383;1;9279;38;3.6;0.0
39;2021-01-24;0;0;9279;38;3.6;0.0
39;2021-01-25;642;2;9921;40;3.8;0.0
39;2021-01-26;1121;11;11042;51;4.3;0.0
39;2021-01-27;925;17;11967;68;4.6;0.0
39;2021-01-28;740;231;12707;299;4.9;0.1
39;2021-01-29;582;397;13289;696;5.2;0.3
39;2021-01-30;265;101;13554;797;5.3;0.3
39;2021-01-31;1;0;13555;797;5.3;0.3
39;2021-02-01;562;245;14117;1042;5.5;0.4
39;2021-02-02;754;313;14871;1355;5.8;0.5
39;2021-02-03;531;503;15402;1858;6.0;0.7
39;2021-02-04;555;432;15957;2290;6.2;0.9
39;2021-02-05;439;406;16396;2696;6.4;1.0
39;2021-02-06;265;107;16661;2803;6.5;1.1
39;2021-02-07;0;1;16661;2804;6.5;1.1
39;2021-02-08;321;294;16982;3098;6.6;1.2
39;2021-02-09;383;455;17365;3553;6.7;1.4
39;2021-02-10;253;301;17618;3854;6.8;1.5
39;2021-02-11;587;489;18205;4343;7.1;1.7
39;2021-02-12;386;402;18591;4745;7.2;1.8
39;2021-02-13;99;57;18690;4802;7.2;1.9
39;2021-02-14;0;0;18690;4802;7.2;1.9
39;2021-02-15;99;605;18789;5407;7.3;2.1
39;2021-02-16;99;821;18888;6228;7.3;2.4
39;2021-02-17;58;606;18946;6834;7.3;2.7
39;2021-02-18;109;766;19055;7600;7.4;2.9
39;2021-02-19;100;442;19155;8042;7.4;3.1
39;2021-02-20;18;333;19173;8375;7.4;3.2
39;2021-02-21;0;0;19173;8375;7.4;3.2
39;2021-02-22;100;650;19273;9025;7.5;3.5
39;2021-02-23;4;699;19277;9724;7.5;3.8
39;2021-02-24;125;793;19402;10517;7.5;4.1
39;2021-02-25;214;681;19616;11198;7.6;4.3
39;2021-02-26;218;441;19834;11639;7.7;4.5
39;2021-02-27;169;263;20003;11902;7.8;4.6
39;2021-02-28;1;0;20004;11902;7.8;4.6
39;2021-03-01;218;604;20222;12506;7.8;4.9
39;2021-03-02;329;786;20551;13292;8.0;5.2
39;2021-03-03;602;504;21153;13796;8.2;5.4
39;2021-03-04;658;450;21811;14246;8.5;5.5
39;2021-03-05;670;311;22481;14557;8.7;5.6
39;2021-03-06;777;232;23258;14789;9.0;5.7
39;2021-03-07;242;84;23500;14873;9.1;5.8
39;2021-03-08;286;431;23786;15304;9.2;5.9
39;2021-03-09;843;454;24629;15758;9.6;6.1
39;2021-03-10;984;332;25613;16090;9.9;6.2
39;2021-03-11;829;458;26442;16548;10.3;6.4
39;2021-03-12;805;284;27247;16832;10.6;6.5
39;2021-03-13;788;103;28035;16935;10.9;6.6
39;2021-03-14;35;10;28070;16945;10.9;6.6
39;2021-03-15;513;107;28583;17052;11.1;6.6
39;2021-03-16;555;68;29138;17120;11.3;6.6
39;2021-03-17;612;56;29750;17176;11.5;6.7
39;2021-03-18;597;71;30347;17247;11.8;6.7
39;2021-03-19;393;68;30740;17315;11.9;6.7
39;2021-03-20;312;12;31052;17327;12.0;6.7
39;2021-03-21;3;0;31055;17327;12.0;6.7
39;2021-03-22;754;116;31809;17443;12.3;6.8
39;2021-03-23;1130;44;32939;17487;12.8;6.8
39;2021-03-24;1179;97;34118;17584;13.2;6.8
39;2021-03-25;2042;131;36160;17715;14.0;6.9
39;2021-03-26;797;116;36957;17831;14.3;6.9
39;2021-03-27;345;7;37302;17838;14.5;6.9
39;2021-03-28;36;4;37338;17842;14.5;6.9
39;2021-03-29;1037;193;38375;18035;14.9;7.0
39;2021-03-30;1400;268;39775;18303;15.4;7.1
39;2021-03-31;658;526;40433;18829;15.7;7.3
39;2021-04-01;1310;316;41743;19145;16.2;7.4
39;2021-04-02;626;130;42369;19275;16.4;7.5
39;2021-04-03;180;8;42549;19283;16.5;7.5
39;2021-04-04;4;1;42553;19284;16.5;7.5
39;2021-04-05;1;0;42554;19284;16.5;7.5
39;2021-04-06;824;634;43378;19918;16.8;7.7
39;2021-04-07;1133;679;44511;20597;17.3;8.0
39;2021-04-08;1790;580;46301;21177;18.0;8.2
39;2021-04-09;1676;293;47977;21470;18.6;8.3
39;2021-04-10;346;187;48323;21657;18.7;8.4
39;2021-04-11;2;0;48325;21657;18.7;8.4
39;2021-04-12;680;398;49005;22055;19.0;8.6
39;2021-04-13;1200;579;50205;22634;19.5;8.8
39;2021-04-14;845;640;51050;23274;19.8;9.0
39;2021-04-15;1481;722;52531;23996;20.4;9.3
39;2021-04-16;1090;176;53621;24172;20.8;9.4
39;2021-04-17;197;61;53818;24233;20.9;9.4
39;2021-04-18;0;0;53818;24233;20.9;9.4
39;2021-04-19;524;696;54342;24929;21.1;9.7
39;2021-04-20;766;546;55108;25475;21.4;9.9
39;2021-04-21;1142;721;56250;26196;21.8;10.2
39;2021-04-22;1012;1130;57262;27326;22.2;10.6
39;2021-04-23;457;363;57719;27689;22.4;10.7
39;2021-04-24;276;149;57995;27838;22.5;10.8
39;2021-04-25;12;3;58007;27841;22.5;10.8
39;2021-04-26;568;1039;58575;28880;22.7;11.2
39;2021-04-27;788;982;59363;29862;23.0;11.6
39;2021-04-28;1720;418;61083;30280;23.7;11.7
39;2021-04-29;2571;972;63654;31252;24.7;12.1
39;2021-04-30;2475;392;66129;31644;25.6;12.3
39;2021-05-01;41;53;66170;31697;25.7;12.3
39;2021-05-02;0;0;66170;31697;25.7;12.3
39;2021-05-03;917;808;67087;32505;26.0;12.6
39;2021-05-04;949;1123;68036;33628;26.4;13.0
39;2021-05-05;1954;881;69990;34509;27.1;13.4
39;2021-05-06;2424;1342;72414;35851;28.1;13.9
39;2021-05-07;1286;573;73700;36424;28.6;14.1
39;2021-05-08;179;55;73879;36479;28.7;14.1
39;2021-05-09;10;8;73889;36487;28.7;14.2
39;2021-05-10;1761;849;75650;37336;29.3;14.5
39;2021-05-11;1775;1514;77425;38850;30.0;15.1
39;2021-05-12;1810;1494;79235;40344;30.7;15.6
39;2021-05-13;246;23;79481;40367;30.8;15.7
39;2021-05-14;2392;335;81873;40702;31.8;15.8
39;2021-05-15;1849;255;83722;40957;32.5;15.9
39;2021-05-16;0;0;83722;40957;32.5;15.9
39;2021-05-17;1988;726;85710;41683;33.2;16.2
39;2021-05-18;1693;1179;87403;42862;33.9;16.6
39;2021-05-19;2496;553;89899;43415;34.9;16.8
39;2021-05-20;2465;756;92364;44171;35.8;17.1
39;2021-05-21;1800;561;94164;44732;36.5;17.3
39;2021-05-22;322;218;94486;44950;36.6;17.4
39;2021-05-23;7;36;94493;44986;36.6;17.4
39;2021-05-24;8;28;94501;45014;36.6;17.5
39;2021-05-25;1725;1195;96226;46209;37.3;17.9
39;2021-05-26;1643;1377;97869;47586;38.0;18.5
39;2021-05-27;1486;1624;99355;49210;38.5;19.1
39;2021-05-28;856;1220;100211;50430;38.9;19.6
39;2021-05-29;261;276;100472;50706;39.0;19.7
39;2021-05-30;2;40;100474;50746;39.0;19.7
39;2021-05-31;1626;1245;102100;51991;39.6;20.2
39;2021-06-01;1893;1322;103993;53313;40.3;20.7
39;2021-06-02;1707;1165;105700;54478;41.0;21.1
39;2021-06-03;1326;1160;107026;55638;41.5;21.6
39;2021-06-04;941;1071;107967;56709;41.9;22.0
39;2021-06-05;766;513;108733;57222;42.2;22.2
39;2021-06-06;1;36;108734;57258;42.2;22.2
39;2021-06-07;2104;918;110838;58176;43.0;22.6
39;2021-06-08;2211;1155;113049;59331;43.8;23.0
39;2021-06-09;1733;1242;114782;60573;44.5;23.5
39;2021-06-10;1617;2081;116399;62654;45.1;24.3
39;2021-06-11;1569;1271;117968;63925;45.8;24.8
39;2021-06-12;1263;348;119231;64273;46.2;24.9
39;2021-06-13;11;18;119242;64291;46.2;24.9
39;2021-06-14;1337;1890;120579;66181;46.8;25.7
39;2021-06-15;1388;1258;121967;67439;47.3;26.2
39;2021-06-16;1171;1533;123138;68972;47.8;26.7
39;2021-06-17;1043;1715;124181;70687;48.2;27.4
39;2021-06-18;1638;1180;125819;71867;48.8;27.9
39;2021-06-19;249;404;126068;72271;48.9;28.0
39;2021-06-20;2;18;126070;72289;48.9;28.0
39;2021-06-21;351;2495;126421;74784;49.0;29.0
39;2021-06-22;814;2294;127235;77078;49.3;29.9
39;2021-06-23;1200;1301;128435;78379;49.8;30.4
39;2021-06-24;736;1043;129171;79422;50.1;30.8
39;2021-06-25;680;2961;129851;82383;50.4;32.0
39;2021-06-26;207;1564;130058;83947;50.4;32.6
39;2021-06-27;0;0;130058;83947;50.4;32.6
39;2021-06-28;305;2743;130363;86690;50.6;33.6
39;2021-06-29;498;2698;130861;89388;50.8;34.7
39;2021-06-30;898;2425;131759;91813;51.1;35.6
39;2021-07-01;645;1938;132404;93751;51.3;36.4
39;2021-07-02;1113;1407;133517;95158;51.8;36.9
39;2021-07-03;554;524;134071;95682;52.0;37.1
39;2021-07-04;2;1;134073;95683;52.0;37.1
39;2021-07-05;602;2588;134675;98271;52.2;38.1
39;2021-07-06;836;1888;135511;100159;52.6;38.8
39;2021-07-07;591;1387;136102;101546;52.8;39.4
39;2021-07-08;699;906;136801;102452;53.1;39.7
39;2021-07-09;1080;1585;137881;104037;53.5;40.3
39;2021-07-10;739;476;138620;104513;53.8;40.5
39;2021-07-11;28;8;138648;104521;53.8;40.5
39;2021-07-12;578;2598;139226;107119;54.0;41.5
39;2021-07-13;1637;2659;140863;109778;54.6;42.6
39;2021-07-14;17;21;140880;109799;54.6;42.6
39;2021-07-15;1905;1837;142785;111636;55.4;43.3
39;2021-07-16;3227;2051;146012;113687;56.6;44.1
39;2021-07-17;2225;1162;148237;114849;57.5;44.5
39;2021-07-18;164;52;148401;114901;57.6;44.6
39;2021-07-19;1402;2953;149803;117854;58.1;45.7
39;2021-07-20;1842;2810;151645;120664;58.8;46.8
39;2021-07-21;2588;2584;154233;123248;59.8;47.8
39;2021-07-22;1935;1843;156168;125091;60.6;48.5
39;2021-07-23;1815;1933;157983;127024;61.3;49.3
39;2021-07-24;1400;1429;159383;128453;61.8;49.8
39;2021-07-25;0;1;159383;128454;61.8;49.8
39;2021-07-26;1320;1999;160703;130453;62.3;50.6
39;2021-07-27;2345;1902;163048;132355;63.2;51.3
39;2021-07-28;2687;1475;165735;133830;64.3;51.9
39;2021-07-29;2200;1742;167935;135572;65.1;52.6
39;2021-07-30;2047;1467;169982;137039;65.9;53.1
39;2021-07-31;1367;656;171349;137695;66.5;53.4
39;2021-08-01;10;18;171359;137713;66.5;53.4
39;2021-08-02;1203;1399;172562;139112;66.9;54.0
39;2021-08-03;1920;1486;174482;140598;67.7;54.5
39;2021-08-04;1046;661;175528;141259;68.1;54.8
39;2021-08-05;1238;736;176766;141995;68.6;55.1
39;2021-08-06;1375;2291;178141;144286;69.1;56.0
39;2021-08-07;1067;1213;179208;145499;69.5;56.4
39;2021-08-08;26;10;179234;145509;69.5;56.4
39;2021-08-09;436;302;179670;145811;69.7;56.5
39;2021-08-10;1230;932;180900;146743;70.2;56.9
39;2021-08-11;894;1532;181794;148275;70.5;57.5
39;2021-08-12;1596;2170;183390;150445;71.1;58.3
39;2021-08-13;1331;2120;184721;152565;71.6;59.2
39;2021-08-14;361;1106;185082;153671;71.8;59.6
39;2021-08-15;0;1;185082;153672;71.8;59.6
39;2021-08-16;488;735;185570;154407;72.0;59.9
39;2021-08-17;571;1441;186141;155848;72.2;60.4
39;2021-08-18;860;1727;187001;157575;72.5;61.1
39;2021-08-19;906;1594;187907;159169;72.9;61.7
39;2021-08-20;638;2502;188545;161671;73.1;62.7
39;2021-08-21;468;1292;189013;162963;73.3;63.2
39;2021-08-22;6;11;189019;162974;73.3;63.2
39;2021-08-23;263;972;189282;163946;73.4;63.6
39;2021-08-24;453;1609;189735;165555;73.6;64.2
39;2021-08-25;624;1603;190359;167158;73.8;64.8
39;2021-08-26;708;1860;191067;169018;74.1;65.5
39;2021-08-27;405;2062;191472;171080;74.3;66.3
39;2021-08-28;323;1367;191795;172447;74.4;66.9
39;2021-08-29;0;1;191795;172448;74.4;66.9
39;2021-08-30;345;1017;192140;173465;74.5;67.3
39;2021-08-31;395;1034;192535;174499;74.7;67.7
39;2021-09-01;507;1577;193042;176076;74.9;68.3
39;2021-09-02;331;1479;193373;177555;75.0;68.9
39;2021-09-03;467;2386;193840;179941;75.2;69.8
39;2021-09-04;147;212;193987;180153;75.2;69.9
39;2021-09-05;0;1;193987;180154;75.2;69.9
39;2021-09-06;239;552;194226;180706;75.3;70.1
39;2021-09-07;225;320;194451;181026;75.4;70.2
39;2021-09-08;439;915;194890;181941;75.6;70.6
39;2021-09-09;416;1190;195306;183131;75.7;71.0
39;2021-09-10;197;736;195503;183867;75.8;71.3
39;2021-09-11;281;926;195784;184793;75.9;71.7
39;2021-09-12;0;32;195784;184825;75.9;71.7
40;2020-12-27;0;0;0;0;0.0;0.0
40;2020-12-28;0;0;0;0;0.0;0.0
40;2020-12-29;0;0;0;0;0.0;0.0
40;2020-12-30;0;0;0;0;0.0;0.0
40;2020-12-31;1;0;1;0;0.0;0.0
40;2021-01-01;0;0;1;0;0.0;0.0
40;2021-01-02;0;0;1;0;0.0;0.0
40;2021-01-03;0;0;1;0;0.0;0.0
40;2021-01-04;0;0;1;0;0.0;0.0
40;2021-01-05;0;0;1;0;0.0;0.0
40;2021-01-06;1;0;2;0;0.0;0.0
40;2021-01-07;212;0;214;0;0.1;0.0
40;2021-01-08;391;2;605;2;0.1;0.0
40;2021-01-09;0;0;605;2;0.1;0.0
40;2021-01-10;1;0;606;2;0.1;0.0
40;2021-01-11;111;0;717;2;0.2;0.0
40;2021-01-12;0;0;717;2;0.2;0.0
40;2021-01-13;681;5;1398;7;0.3;0.0
40;2021-01-14;901;7;2299;14;0.6;0.0
40;2021-01-15;811;3;3110;17;0.8;0.0
40;2021-01-16;157;0;3267;17;0.8;0.0
40;2021-01-17;1;1;3268;18;0.8;0.0
40;2021-01-18;402;0;3670;18;0.9;0.0
40;2021-01-19;1205;3;4875;21;1.2;0.0
40;2021-01-20;879;2;5754;23;1.4;0.0
40;2021-01-21;1266;5;7020;28;1.7;0.0
40;2021-01-22;809;2;7829;30;1.9;0.0
40;2021-01-23;288;0;8117;30;2.0;0.0
40;2021-01-24;2;0;8119;30;2.0;0.0
40;2021-01-25;393;2;8512;32;2.1;0.0
40;2021-01-26;803;5;9315;37;2.3;0.0
40;2021-01-27;1118;11;10433;48;2.5;0.0
40;2021-01-28;708;109;11141;157;2.7;0.0
40;2021-01-29;601;226;11742;383;2.9;0.1
40;2021-01-30;237;3;11979;386;2.9;0.1
40;2021-01-31;1;0;11980;386;2.9;0.1
40;2021-02-01;358;129;12338;515;3.0;0.1
40;2021-02-02;923;51;13261;566;3.2;0.1
40;2021-02-03;895;296;14156;862;3.4;0.2
40;2021-02-04;1059;555;15215;1417;3.7;0.3
40;2021-02-05;794;354;16009;1771;3.9;0.4
40;2021-02-06;380;81;16389;1852;4.0;0.4
40;2021-02-07;10;0;16399;1852;4.0;0.4
40;2021-02-08;372;106;16771;1958;4.1;0.5
40;2021-02-09;810;516;17581;2474;4.3;0.6
40;2021-02-10;749;425;18330;2899;4.4;0.7
40;2021-02-11;740;569;19070;3468;4.6;0.8
40;2021-02-12;628;620;19698;4088;4.8;1.0
40;2021-02-13;400;83;20098;4171;4.9;1.0
40;2021-02-14;0;0;20098;4171;4.9;1.0
40;2021-02-15;48;335;20146;4506;4.9;1.1
40;2021-02-16;285;502;20431;5008;5.0;1.2
40;2021-02-17;360;827;20791;5835;5.0;1.4
40;2021-02-18;382;630;21173;6465;5.1;1.6
40;2021-02-19;143;588;21316;7053;5.2;1.7
40;2021-02-20;39;87;21355;7140;5.2;1.7
40;2021-02-21;1;63;21356;7203;5.2;1.7
40;2021-02-22;53;503;21409;7706;5.2;1.9
40;2021-02-23;179;719;21588;8425;5.2;2.0
40;2021-02-24;283;614;21871;9039;5.3;2.2
40;2021-02-25;727;899;22598;9938;5.5;2.4
40;2021-02-26;656;571;23254;10509;5.6;2.6
40;2021-02-27;384;94;23638;10603;5.7;2.6
40;2021-02-28;2;0;23640;10603;5.7;2.6
40;2021-03-01;418;450;24058;11053;5.8;2.7
40;2021-03-02;734;935;24792;11988;6.0;2.9
40;2021-03-03;934;822;25726;12810;6.2;3.1
40;2021-03-04;1320;749;27046;13559;6.6;3.3
40;2021-03-05;1231;673;28277;14232;6.9;3.5
40;2021-03-06;866;348;29143;14580;7.1;3.5
40;2021-03-07;92;1;29235;14581;7.1;3.5
40;2021-03-08;838;474;30073;15055;7.3;3.7
40;2021-03-09;1505;594;31578;15649;7.7;3.8
40;2021-03-10;1753;688;33331;16337;8.1;4.0
40;2021-03-11;1985;659;35316;16996;8.6;4.1
40;2021-03-12;2049;538;37365;17534;9.1;4.3
40;2021-03-13;972;250;38337;17784;9.3;4.3
40;2021-03-14;98;0;38435;17784;9.3;4.3
40;2021-03-15;924;88;39359;17872;9.6;4.3
40;2021-03-16;988;261;40347;18133;9.8;4.4
40;2021-03-17;1576;339;41923;18472;10.2;4.5
40;2021-03-18;1560;333;43483;18805;10.6;4.6
40;2021-03-19;1808;140;45291;18945;11.0;4.6
40;2021-03-20;706;14;45997;18959;11.2;4.6
40;2021-03-21;52;1;46049;18960;11.2;4.6
40;2021-03-22;1174;35;47223;18995;11.5;4.6
40;2021-03-23;2326;166;49549;19161;12.0;4.7
40;2021-03-24;2326;231;51875;19392;12.6;4.7
40;2021-03-25;2768;381;54643;19773;13.3;4.8
40;2021-03-26;3122;201;57765;19974;14.0;4.8
40;2021-03-27;923;47;58688;20021;14.2;4.9
40;2021-03-28;178;47;58866;20068;14.3;4.9
40;2021-03-29;1153;376;60019;20444;14.6;5.0
40;2021-03-30;2298;388;62317;20832;15.1;5.1
40;2021-03-31;1995;302;64312;21134;15.6;5.1
40;2021-04-01;2413;330;66725;21464;16.2;5.2
40;2021-04-02;2362;219;69087;21683;16.8;5.3
40;2021-04-03;743;120;69830;21803;16.9;5.3
40;2021-04-04;362;8;70192;21811;17.0;5.3
40;2021-04-05;523;40;70715;21851;17.2;5.3
40;2021-04-06;2096;803;72811;22654;17.7;5.5
40;2021-04-07;2665;868;75476;23522;18.3;5.7
40;2021-04-08;3061;896;78537;24418;19.1;5.9
40;2021-04-09;3826;605;82363;25023;20.0;6.1
40;2021-04-10;1599;341;83962;25364;20.4;6.2
40;2021-04-11;51;6;84013;25370;20.4;6.2
40;2021-04-12;2178;730;86191;26100;20.9;6.3
40;2021-04-13;2567;1088;88758;27188;21.5;6.6
40;2021-04-14;2572;1375;91330;28563;22.2;6.9
40;2021-04-15;2987;1504;94317;30067;22.9;7.3
40;2021-04-16;2878;1182;97195;31249;23.6;7.6
40;2021-04-17;1464;345;98659;31594;23.9;7.7
40;2021-04-18;57;24;98716;31618;24.0;7.7
40;2021-04-19;1058;1019;99774;32637;24.2;7.9
40;2021-04-20;1622;1745;101396;34382;24.6;8.3
40;2021-04-21;1777;1734;103173;36116;25.0;8.8
40;2021-04-22;2111;1774;105284;37890;25.6;9.2
40;2021-04-23;2163;1392;107447;39282;26.1;9.5
40;2021-04-24;1328;623;108775;39905;26.4;9.7
40;2021-04-25;37;57;108812;39962;26.4;9.7
40;2021-04-26;1251;1134;110063;41096;26.7;10.0
40;2021-04-27;1487;2032;111550;43128;27.1;10.5
40;2021-04-28;2053;1366;113603;44494;27.6;10.8
40;2021-04-29;2608;1891;116211;46385;28.2;11.3
40;2021-04-30;2702;1614;118913;47999;28.9;11.7
40;2021-05-01;1229;783;120142;48782;29.2;11.8
40;2021-05-02;143;322;120285;49104;29.2;11.9
40;2021-05-03;1857;1499;122142;50603;29.6;12.3
40;2021-05-04;1882;2465;124024;53068;30.1;12.9
40;2021-05-05;2188;2669;126212;55737;30.6;13.5
40;2021-05-06;2238;2864;128450;58601;31.2;14.2
40;2021-05-07;1904;3003;130354;61604;31.6;15.0
40;2021-05-08;674;469;131028;62073;31.8;15.1
40;2021-05-09;316;21;131344;62094;31.9;15.1
40;2021-05-10;1400;2045;132744;64139;32.2;15.6
40;2021-05-11;2197;2506;134941;66645;32.8;16.2
40;2021-05-12;2730;1943;137671;68588;33.4;16.6
40;2021-05-13;1984;512;139655;69100;33.9;16.8
40;2021-05-14;2325;1657;141980;70757;34.5;17.2
40;2021-05-15;1340;962;143320;71719;34.8;17.4
40;2021-05-16;434;24;143754;71743;34.9;17.4
40;2021-05-17;2121;1307;145875;73050;35.4;17.7
40;2021-05-18;2509;1411;148384;74461;36.0;18.1
40;2021-05-19;2956;1106;151340;75567;36.7;18.3
40;2021-05-20;3586;1159;154926;76726;37.6;18.6
40;2021-05-21;2926;1320;157852;78046;38.3;18.9
40;2021-05-22;1146;794;158998;78840;38.6;19.1
40;2021-05-23;631;29;159629;78869;38.7;19.1
40;2021-05-24;1212;332;160841;79201;39.0;19.2
40;2021-05-25;2168;1310;163009;80511;39.6;19.5
40;2021-05-26;2614;1562;165623;82073;40.2;19.9
40;2021-05-27;2733;2002;168356;84075;40.9;20.4
40;2021-05-28;2569;2271;170925;86346;41.5;21.0
40;2021-05-29;1559;1253;172484;87599;41.9;21.3
40;2021-05-30;4;52;172488;87651;41.9;21.3
40;2021-05-31;2567;1207;175055;88858;42.5;21.6
40;2021-06-01;3012;1767;178067;90625;43.2;22.0
40;2021-06-02;3173;1989;181240;92614;44.0;22.5
40;2021-06-03;3592;2332;184832;94946;44.9;23.0
40;2021-06-04;3015;2802;187847;97748;45.6;23.7
40;2021-06-05;1780;1395;189627;99143;46.0;24.1
40;2021-06-06;459;79;190086;99222;46.1;24.1
40;2021-06-07;2186;2024;192272;101246;46.7;24.6
40;2021-06-08;2955;2097;195227;103343;47.4;25.1
40;2021-06-09;3216;2266;198443;105609;48.2;25.6
40;2021-06-10;2996;2097;201439;107706;48.9;26.1
40;2021-06-11;3139;2794;204578;110500;49.7;26.8
40;2021-06-12;1964;1635;206542;112135;50.1;27.2
40;2021-06-13;645;162;207187;112297;50.3;27.3
40;2021-06-14;1458;2495;208645;114792;50.6;27.9
40;2021-06-15;2236;2820;210881;117612;51.2;28.5
40;2021-06-16;2608;2458;213489;120070;51.8;29.1
40;2021-06-17;2432;2438;215921;122508;52.4;29.7
40;2021-06-18;2326;2902;218247;125410;53.0;30.4
40;2021-06-19;1799;1227;220046;126637;53.4;30.7
40;2021-06-20;345;276;220391;126913;53.5;30.8
40;2021-06-21;1395;2318;221786;129231;53.8;31.4
40;2021-06-22;1688;2996;223474;132227;54.2;32.1
40;2021-06-23;1606;3346;225080;135573;54.6;32.9
40;2021-06-24;1735;2384;226815;137957;55.1;33.5
40;2021-06-25;1760;3258;228575;141215;55.5;34.3
40;2021-06-26;1328;1713;229903;142928;55.8;34.7
40;2021-06-27;263;354;230166;143282;55.9;34.8
40;2021-06-28;1334;2819;231500;146101;56.2;35.5
40;2021-06-29;1711;3391;233211;149492;56.6;36.3
40;2021-06-30;1777;3641;234988;153133;57.0;37.2
40;2021-07-01;1714;3951;236702;157084;57.5;38.1
40;2021-07-02;1562;3808;238264;160892;57.8;39.1
40;2021-07-03;678;1918;238942;162810;58.0;39.5
40;2021-07-04;219;483;239161;163293;58.1;39.6
40;2021-07-05;1476;3020;240637;166313;58.4;40.4
40;2021-07-06;1769;3612;242406;169925;58.8;41.2
40;2021-07-07;1975;3844;244381;173769;59.3;42.2
40;2021-07-08;2102;3408;246483;177177;59.8;43.0
40;2021-07-09;2111;3948;248594;181125;60.3;44.0
40;2021-07-10;1005;2157;249599;183282;60.6;44.5
40;2021-07-11;207;294;249806;183576;60.6;44.6
40;2021-07-12;1313;4045;251119;187621;61.0;45.5
40;2021-07-13;2428;4697;253547;192318;61.5;46.7
40;2021-07-14;2199;2059;255746;194377;62.1;47.2
40;2021-07-15;2845;4859;258591;199236;62.8;48.4
40;2021-07-16;3315;3947;261906;203183;63.6;49.3
40;2021-07-17;2111;2594;264017;205777;64.1;49.9
40;2021-07-18;472;542;264489;206319;64.2;50.1
40;2021-07-19;2569;3700;267058;210019;64.8;51.0
40;2021-07-20;3064;4053;270122;214072;65.6;52.0
40;2021-07-21;3207;3888;273329;217960;66.3;52.9
40;2021-07-22;3857;3931;277186;221891;67.3;53.9
40;2021-07-23;4091;4110;281277;226001;68.3;54.9
40;2021-07-24;2796;2114;284073;228115;69.0;55.4
40;2021-07-25;955;489;285028;228604;69.2;55.5
40;2021-07-26;2942;3075;287970;231679;69.9;56.2
40;2021-07-27;3527;3603;291497;235282;70.8;57.1
40;2021-07-28;3380;3398;294877;238680;71.6;57.9
40;2021-07-29;3544;3432;298421;242112;72.4;58.8
40;2021-07-30;3135;3407;301556;245519;73.2;59.6
40;2021-07-31;1782;1908;303338;247427;73.6;60.1
40;2021-08-01;343;287;303681;247714;73.7;60.1
40;2021-08-02;2003;2380;305684;250094;74.2;60.7
40;2021-08-03;2333;2693;308017;252787;74.8;61.4
40;2021-08-04;2093;2322;310110;255109;75.3;61.9
40;2021-08-05;1970;2670;312080;257779;75.8;62.6
40;2021-08-06;1885;3068;313965;260847;76.2;63.3
40;2021-08-07;1218;1746;315183;262593;76.5;63.7
40;2021-08-08;84;154;315267;262747;76.5;63.8
40;2021-08-09;1599;3125;316866;265872;76.9;64.5
40;2021-08-10;1430;3162;318296;269034;77.3;65.3
40;2021-08-11;1423;2847;319719;271881;77.6;66.0
40;2021-08-12;1277;3101;320996;274982;77.9;66.7
40;2021-08-13;1136;2979;322132;277961;78.2;67.5
40;2021-08-14;619;2031;322751;279992;78.3;68.0
40;2021-08-15;5;172;322756;280164;78.3;68.0
40;2021-08-16;1107;3385;323863;283549;78.6;68.8
40;2021-08-17;1158;3420;325021;286969;78.9;69.7
40;2021-08-18;986;3260;326007;290229;79.1;70.4
40;2021-08-19;855;2971;326862;293200;79.3;71.2
40;2021-08-20;809;3034;327671;296234;79.5;71.9
40;2021-08-21;521;1899;328192;298133;79.7;72.4
40;2021-08-22;71;463;328263;298596;79.7;72.5
40;2021-08-23;728;2818;328991;301414;79.9;73.2
40;2021-08-24;692;2541;329683;303955;80.0;73.8
40;2021-08-25;673;2003;330356;305958;80.2;74.3
40;2021-08-26;488;1675;330844;307633;80.3;74.7
40;2021-08-27;636;2469;331480;310102;80.5;75.3
40;2021-08-28;324;1218;331804;311320;80.5;75.6
40;2021-08-29;1;9;331805;311329;80.5;75.6
40;2021-08-30;600;2160;332405;313489;80.7;76.1
40;2021-08-31;469;1466;332874;314955;80.8;76.4
40;2021-09-01;449;1544;333323;316499;80.9;76.8
40;2021-09-02;402;1494;333725;317993;81.0;77.2
40;2021-09-03;436;1621;334161;319614;81.1;77.6
40;2021-09-04;369;1182;334530;320796;81.2;77.9
40;2021-09-05;2;26;334532;320822;81.2;77.9
40;2021-09-06;243;847;334775;321669;81.3;78.1
40;2021-09-07;290;966;335065;322635;81.3;78.3
40;2021-09-08;403;1199;335468;323834;81.4;78.6
40;2021-09-09;256;1014;335724;324848;81.5;78.9
40;2021-09-10;358;1262;336082;326110;81.6;79.2
40;2021-09-11;244;883;336326;326993;81.6;79.4
40;2021-09-12;3;8;336329;327001;81.6;79.4
41;2020-12-27;0;0;0;0;0.0;0.0
41;2020-12-28;0;0;0;0;0.0;0.0
41;2020-12-29;0;0;0;0;0.0;0.0
41;2020-12-30;0;0;0;0;0.0;0.0
41;2020-12-31;0;0;0;0;0.0;0.0
41;2021-01-01;0;0;0;0;0.0;0.0
41;2021-01-02;2;0;2;0;0.0;0.0
41;2021-01-03;0;0;2;0;0.0;0.0
41;2021-01-04;0;0;2;0;0.0;0.0
41;2021-01-05;35;0;37;0;0.0;0.0
41;2021-01-06;72;0;109;0;0.0;0.0
41;2021-01-07;21;0;130;0;0.0;0.0
41;2021-01-08;1;0;131;0;0.0;0.0
41;2021-01-09;0;0;131;0;0.0;0.0
41;2021-01-10;0;0;131;0;0.0;0.0
41;2021-01-11;133;0;264;0;0.1;0.0
41;2021-01-12;321;1;585;1;0.2;0.0
41;2021-01-13;271;0;856;1;0.3;0.0
41;2021-01-14;284;1;1140;2;0.3;0.0
41;2021-01-15;215;1;1355;3;0.4;0.0
41;2021-01-16;0;0;1355;3;0.4;0.0
41;2021-01-17;0;0;1355;3;0.4;0.0
41;2021-01-18;397;2;1752;5;0.5;0.0
41;2021-01-19;857;2;2609;7;0.8;0.0
41;2021-01-20;1059;3;3668;10;1.1;0.0
41;2021-01-21;1568;4;5236;14;1.6;0.0
41;2021-01-22;838;1;6074;15;1.9;0.0
41;2021-01-23;92;0;6166;15;1.9;0.0
41;2021-01-24;0;0;6166;15;1.9;0.0
41;2021-01-25;421;1;6587;16;2.0;0.0
41;2021-01-26;473;3;7060;19;2.2;0.0
41;2021-01-27;441;2;7501;21;2.3;0.0
41;2021-01-28;604;57;8105;78;2.5;0.0
41;2021-01-29;260;30;8365;108;2.6;0.0
41;2021-01-30;0;0;8365;108;2.6;0.0
41;2021-01-31;0;0;8365;108;2.6;0.0
41;2021-02-01;349;147;8714;255;2.7;0.1
41;2021-02-02;471;226;9185;481;2.8;0.1
41;2021-02-03;341;199;9526;680;2.9;0.2
41;2021-02-04;559;141;10085;821;3.1;0.3
41;2021-02-05;329;171;10414;992;3.2;0.3
41;2021-02-06;4;0;10418;992;3.2;0.3
41;2021-02-07;2;0;10420;992;3.2;0.3
41;2021-02-08;306;298;10726;1290;3.3;0.4
41;2021-02-09;599;444;11325;1734;3.5;0.5
41;2021-02-10;486;674;11811;2408;3.6;0.7
41;2021-02-11;1066;1154;12877;3562;3.9;1.1
41;2021-02-12;687;355;13564;3917;4.1;1.2
41;2021-02-13;9;5;13573;3922;4.1;1.2
41;2021-02-14;3;27;13576;3949;4.1;1.2
41;2021-02-15;314;268;13890;4217;4.2;1.3
41;2021-02-16;354;497;14244;4714;4.3;1.4
41;2021-02-17;317;413;14561;5127;4.4;1.6
41;2021-02-18;617;276;15178;5403;4.6;1.6
41;2021-02-19;456;285;15634;5688;4.8;1.7
41;2021-02-20;68;41;15702;5729;4.8;1.7
41;2021-02-21;0;0;15702;5729;4.8;1.7
41;2021-02-22;310;349;16012;6078;4.9;1.9
41;2021-02-23;454;279;16466;6357;5.0;1.9
41;2021-02-24;281;382;16747;6739;5.1;2.1
41;2021-02-25;676;402;17423;7141;5.3;2.2
41;2021-02-26;630;223;18053;7364;5.5;2.2
41;2021-02-27;161;4;18214;7368;5.6;2.2
41;2021-02-28;4;31;18218;7399;5.6;2.3
41;2021-03-01;311;275;18529;7674;5.7;2.3
41;2021-03-02;649;359;19178;8033;5.8;2.5
41;2021-03-03;497;386;19675;8419;6.0;2.6
41;2021-03-04;786;769;20461;9188;6.2;2.8
41;2021-03-05;840;650;21301;9838;6.5;3.0
41;2021-03-06;715;22;22016;9860;6.7;3.0
41;2021-03-07;498;18;22514;9878;6.9;3.0
41;2021-03-08;301;348;22815;10226;7.0;3.1
41;2021-03-09;1042;420;23857;10646;7.3;3.2
41;2021-03-10;721;451;24578;11097;7.5;3.4
41;2021-03-11;1182;650;25760;11747;7.9;3.6
41;2021-03-12;1116;405;26876;12152;8.2;3.7
41;2021-03-13;1224;18;28100;12170;8.6;3.7
41;2021-03-14;392;6;28492;12176;8.7;3.7
41;2021-03-15;797;346;29289;12522;8.9;3.8
41;2021-03-16;1061;403;30350;12925;9.3;3.9
41;2021-03-17;587;238;30937;13163;9.4;4.0
41;2021-03-18;926;399;31863;13562;9.7;4.1
41;2021-03-19;911;330;32774;13892;10.0;4.2
41;2021-03-20;541;16;33315;13908;10.2;4.2
41;2021-03-21;1;0;33316;13908;10.2;4.2
41;2021-03-22;810;271;34126;14179;10.4;4.3
41;2021-03-23;1309;489;35435;14668;10.8;4.5
41;2021-03-24;1231;365;36666;15033;11.2;4.6
41;2021-03-25;2026;437;38692;15470;11.8;4.7
41;2021-03-26;1655;324;40347;15794;12.3;4.8
41;2021-03-27;452;58;40799;15852;12.4;4.8
41;2021-03-28;1;0;40800;15852;12.4;4.8
41;2021-03-29;939;305;41739;16157;12.7;4.9
41;2021-03-30;1496;591;43235;16748;13.2;5.1
41;2021-03-31;1148;491;44383;17239;13.5;5.3
41;2021-04-01;2252;564;46635;17803;14.2;5.4
41;2021-04-02;1242;474;47877;18277;14.6;5.6
41;2021-04-03;321;5;48198;18282;14.7;5.6
41;2021-04-04;39;0;48237;18282;14.7;5.6
41;2021-04-05;140;2;48377;18284;14.8;5.6
41;2021-04-06;1302;626;49679;18910;15.2;5.8
41;2021-04-07;1853;703;51532;19613;15.7;6.0
41;2021-04-08;2294;919;53826;20532;16.4;6.3
41;2021-04-09;2569;611;56395;21143;17.2;6.4
41;2021-04-10;954;496;57349;21639;17.5;6.6
41;2021-04-11;279;376;57628;22015;17.6;6.7
41;2021-04-12;1690;655;59318;22670;18.1;6.9
41;2021-04-13;2262;987;61580;23657;18.8;7.2
41;2021-04-14;1794;547;63374;24204;19.3;7.4
41;2021-04-15;2385;973;65759;25177;20.1;7.7
41;2021-04-16;1931;625;67690;25802;20.6;7.9
41;2021-04-17;647;137;68337;25939;20.8;7.9
41;2021-04-18;5;0;68342;25939;20.8;7.9
41;2021-04-19;1262;744;69604;26683;21.2;8.1
41;2021-04-20;2004;1200;71608;27883;21.8;8.5
41;2021-04-21;1503;919;73111;28802;22.3;8.8
41;2021-04-22;2236;1597;75347;30399;23.0;9.3
41;2021-04-23;1736;1079;77083;31478;23.5;9.6
41;2021-04-24;1544;283;78627;31761;24.0;9.7
41;2021-04-25;1007;20;79634;31781;24.3;9.7
41;2021-04-26;1355;625;80989;32406;24.7;9.9
41;2021-04-27;2094;1037;83083;33443;25.3;10.2
41;2021-04-28;1562;859;84645;34302;25.8;10.5
41;2021-04-29;2211;1377;86856;35679;26.5;10.9
41;2021-04-30;1963;862;88819;36541;27.1;11.1
41;2021-05-01;189;12;89008;36553;27.2;11.1
41;2021-05-02;107;17;89115;36570;27.2;11.2
41;2021-05-03;1866;893;90981;37463;27.8;11.4
41;2021-05-04;2093;1544;93074;39007;28.4;11.9
41;2021-05-05;1881;1190;94955;40197;29.0;12.3
41;2021-05-06;2448;1693;97403;41890;29.7;12.8
41;2021-05-07;2017;1801;99420;43691;30.3;13.3
41;2021-05-08;203;155;99623;43846;30.4;13.4
41;2021-05-09;11;354;99634;44200;30.4;13.5
41;2021-05-10;1590;1556;101224;45756;30.9;14.0
41;2021-05-11;2087;2101;103311;47857;31.5;14.6
41;2021-05-12;1951;1678;105262;49535;32.1;15.1
41;2021-05-13;1486;947;106748;50482;32.6;15.4
41;2021-05-14;1576;1305;108324;51787;33.0;15.8
41;2021-05-15;206;294;108530;52081;33.1;15.9
41;2021-05-16;4;0;108534;52081;33.1;15.9
41;2021-05-17;2483;564;111017;52645;33.9;16.1
41;2021-05-18;3138;1029;114155;53674;34.8;16.4
41;2021-05-19;2553;674;116708;54348;35.6;16.6
41;2021-05-20;3349;1147;120057;55495;36.6;16.9
41;2021-05-21;2727;967;122784;56462;37.5;17.2
41;2021-05-22;397;237;123181;56699;37.6;17.3
41;2021-05-23;6;2;123187;56701;37.6;17.3
41;2021-05-24;2605;149;125792;56850;38.4;17.3
41;2021-05-25;2992;577;128784;57427;39.3;17.5
41;2021-05-26;3038;650;131822;58077;40.2;17.7
41;2021-05-27;3296;1110;135118;59187;41.2;18.1
41;2021-05-28;3144;973;138262;60160;42.2;18.4
41;2021-05-29;2074;429;140336;60589;42.8;18.5
41;2021-05-30;344;22;140680;60611;42.9;18.5
41;2021-05-31;1711;1499;142391;62110;43.4;18.9
41;2021-06-01;2262;2010;144653;64120;44.1;19.6
41;2021-06-02;1832;1288;146485;65408;44.7;20.0
41;2021-06-03;2597;1940;149082;67348;45.5;20.5
41;2021-06-04;2304;1959;151386;69307;46.2;21.1
41;2021-06-05;611;1583;151997;70890;46.4;21.6
41;2021-06-06;109;927;152106;71817;46.4;21.9
41;2021-06-07;1515;1530;153621;73347;46.9;22.4
41;2021-06-08;1713;2410;155334;75757;47.4;23.1
41;2021-06-09;1615;1639;156949;77396;47.9;23.6
41;2021-06-10;1917;1817;158866;79213;48.5;24.2
41;2021-06-11;1572;1790;160438;81003;48.9;24.7
41;2021-06-12;663;649;161101;81652;49.1;24.9
41;2021-06-13;13;77;161114;81729;49.1;24.9
41;2021-06-14;1269;1962;162383;83691;49.5;25.5
41;2021-06-15;1835;2758;164218;86449;50.1;26.4
41;2021-06-16;1725;2308;165943;88757;50.6;27.1
41;2021-06-17;1811;2573;167754;91330;51.2;27.9
41;2021-06-18;1665;2399;169419;93729;51.7;28.6
41;2021-06-19;412;529;169831;94258;51.8;28.8
41;2021-06-20;11;32;169842;94290;51.8;28.8
41;2021-06-21;1325;1779;171167;96069;52.2;29.3
41;2021-06-22;1619;2564;172786;98633;52.7;30.1
41;2021-06-23;1375;2045;174161;100678;53.1;30.7
41;2021-06-24;1483;2307;175644;102985;53.6;31.4
41;2021-06-25;1293;2616;176937;105601;54.0;32.2
41;2021-06-26;434;614;177371;106215;54.1;32.4
41;2021-06-27;1;4;177372;106219;54.1;32.4
41;2021-06-28;404;2696;177776;108915;54.2;33.2
41;2021-06-29;666;3441;178442;112356;54.4;34.3
41;2021-06-30;552;3067;178994;115423;54.6;35.2
41;2021-07-01;767;3100;179761;118523;54.8;36.2
41;2021-07-02;590;3500;180351;122023;55.0;37.2
41;2021-07-03;158;646;180509;122669;55.1;37.4
41;2021-07-04;2;2;180511;122671;55.1;37.4
41;2021-07-05;287;2818;180798;125489;55.1;38.3
41;2021-07-06;666;3634;181464;129123;55.4;39.4
41;2021-07-07;479;3140;181943;132263;55.5;40.3
41;2021-07-08;941;3367;182884;135630;55.8;41.4
41;2021-07-09;540;3641;183424;139271;56.0;42.5
41;2021-07-10;247;2087;183671;141358;56.0;43.1
41;2021-07-11;5;280;183676;141638;56.0;43.2
41;2021-07-12;862;2292;184538;143930;56.3;43.9
41;2021-07-13;1198;3286;185736;147216;56.7;44.9
41;2021-07-14;141;1080;185877;148296;56.7;45.2
41;2021-07-15;1334;3321;187211;151617;57.1;46.2
41;2021-07-16;1091;3390;188302;155007;57.4;47.3
41;2021-07-17;344;807;188646;155814;57.5;47.5
41;2021-07-18;24;32;188670;155846;57.6;47.5
41;2021-07-19;1190;2319;189860;158165;57.9;48.2
41;2021-07-20;1641;2744;191501;160909;58.4;49.1
41;2021-07-21;1708;2083;193209;162992;58.9;49.7
41;2021-07-22;2262;2289;195471;165281;59.6;50.4
41;2021-07-23;2104;2469;197575;167750;60.3;51.2
41;2021-07-24;329;840;197904;168590;60.4;51.4
41;2021-07-25;19;23;197923;168613;60.4;51.4
41;2021-07-26;1903;1679;199826;170292;61.0;51.9
41;2021-07-27;2536;2341;202362;172633;61.7;52.7
41;2021-07-28;2161;1830;204523;174463;62.4;53.2
41;2021-07-29;2345;2025;206868;176488;63.1;53.8
41;2021-07-30;2152;2085;209020;178573;63.8;54.5
41;2021-07-31;378;580;209398;179153;63.9;54.6
41;2021-08-01;21;7;209419;179160;63.9;54.6
41;2021-08-02;1550;1605;210969;180765;64.4;55.1
41;2021-08-03;2516;1856;213485;182621;65.1;55.7
41;2021-08-04;2301;1199;215786;183820;65.8;56.1
41;2021-08-05;3046;1263;218832;185083;66.8;56.5
41;2021-08-06;2214;1303;221046;186386;67.4;56.9
41;2021-08-07;511;347;221557;186733;67.6;57.0
41;2021-08-08;13;20;221570;186753;67.6;57.0
41;2021-08-09;1689;1357;223259;188110;68.1;57.4
41;2021-08-10;2563;1421;225822;189531;68.9;57.8
41;2021-08-11;1594;1439;227416;190970;69.4;58.3
41;2021-08-12;1943;1337;229359;192307;70.0;58.7
41;2021-08-13;1477;1698;230836;194005;70.4;59.2
41;2021-08-14;364;205;231200;194210;70.5;59.2
41;2021-08-15;0;16;231200;194226;70.5;59.2
41;2021-08-16;866;2069;232066;196295;70.8;59.9
41;2021-08-17;1498;1637;233564;197932;71.2;60.4
41;2021-08-18;1134;1970;234698;199902;71.6;61.0
41;2021-08-19;1309;1554;236007;201456;72.0;61.5
41;2021-08-20;915;2311;236922;203767;72.3;62.2
41;2021-08-21;120;227;237042;203994;72.3;62.2
41;2021-08-22;1;32;237043;204026;72.3;62.2
41;2021-08-23;691;2295;237734;206321;72.5;62.9
41;2021-08-24;1409;2306;239143;208627;72.9;63.6
41;2021-08-25;618;2201;239761;210828;73.1;64.3
41;2021-08-26;842;2820;240603;213648;73.4;65.2
41;2021-08-27;617;2760;241220;216408;73.6;66.0
41;2021-08-28;98;621;241318;217029;73.6;66.2
41;2021-08-29;46;24;241364;217053;73.6;66.2
41;2021-08-30;667;2116;242031;219169;73.8;66.9
41;2021-08-31;765;2596;242796;221765;74.1;67.6
41;2021-09-01;497;1828;243293;223593;74.2;68.2
41;2021-09-02;625;2145;243918;225738;74.4;68.9
41;2021-09-03;652;2228;244570;227966;74.6;69.5
41;2021-09-04;194;593;244764;228559;74.7;69.7
41;2021-09-05;3;1;244767;228560;74.7;69.7
41;2021-09-06;291;1095;245058;229655;74.8;70.1
41;2021-09-07;415;1339;245473;230994;74.9;70.5
41;2021-09-08;314;1276;245787;232270;75.0;70.8
41;2021-09-09;285;1284;246072;233554;75.1;71.2
41;2021-09-10;381;1370;246453;234924;75.2;71.7
41;2021-09-11;81;390;246534;235314;75.2;71.8
41;2021-09-12;0;9;246534;235323;75.2;71.8
42;2020-12-27;2;0;2;0;0.0;0.0
42;2020-12-28;0;0;2;0;0.0;0.0
42;2020-12-29;0;0;2;0;0.0;0.0
42;2020-12-30;0;0;2;0;0.0;0.0
42;2020-12-31;0;0;2;0;0.0;0.0
42;2021-01-01;0;0;2;0;0.0;0.0
42;2021-01-02;0;0;2;0;0.0;0.0
42;2021-01-03;0;0;2;0;0.0;0.0
42;2021-01-04;1;0;3;0;0.0;0.0
42;2021-01-05;1;0;4;0;0.0;0.0
42;2021-01-06;178;1;182;1;0.0;0.0
42;2021-01-07;256;0;438;1;0.1;0.0
42;2021-01-08;264;1;702;2;0.1;0.0
42;2021-01-09;136;0;838;2;0.1;0.0
42;2021-01-10;0;0;838;2;0.1;0.0
42;2021-01-11;293;2;1131;4;0.1;0.0
42;2021-01-12;412;1;1543;5;0.2;0.0
42;2021-01-13;527;2;2070;7;0.3;0.0
42;2021-01-14;774;2;2844;9;0.4;0.0
42;2021-01-15;705;4;3549;13;0.5;0.0
42;2021-01-16;298;2;3847;15;0.5;0.0
42;2021-01-17;219;0;4066;15;0.5;0.0
42;2021-01-18;968;1;5034;16;0.7;0.0
42;2021-01-19;1329;10;6363;26;0.8;0.0
42;2021-01-20;956;4;7319;30;1.0;0.0
42;2021-01-21;1022;6;8341;36;1.1;0.0
42;2021-01-22;992;6;9333;42;1.2;0.0
42;2021-01-23;401;0;9734;42;1.3;0.0
42;2021-01-24;358;0;10092;42;1.3;0.0
42;2021-01-25;1099;12;11191;54;1.5;0.0
42;2021-01-26;1746;17;12937;71;1.7;0.0
42;2021-01-27;1457;119;14394;190;1.9;0.0
42;2021-01-28;1668;133;16062;323;2.1;0.0
42;2021-01-29;947;113;17009;436;2.2;0.1
42;2021-01-30;257;98;17266;534;2.3;0.1
42;2021-01-31;258;2;17524;536;2.3;0.1
42;2021-02-01;736;60;18260;596;2.4;0.1
42;2021-02-02;1824;268;20084;864;2.6;0.1
42;2021-02-03;1517;462;21601;1326;2.8;0.2
42;2021-02-04;1282;578;22883;1904;3.0;0.2
42;2021-02-05;685;492;23568;2396;3.1;0.3
42;2021-02-06;304;132;23872;2528;3.1;0.3
42;2021-02-07;276;137;24148;2665;3.2;0.3
42;2021-02-08;508;519;24656;3184;3.2;0.4
42;2021-02-09;703;701;25359;3885;3.3;0.5
42;2021-02-10;742;593;26101;4478;3.4;0.6
42;2021-02-11;772;585;26873;5063;3.5;0.7
42;2021-02-12;675;638;27548;5701;3.6;0.7
42;2021-02-13;428;253;27976;5954;3.7;0.8
42;2021-02-14;186;175;28162;6129;3.7;0.8
42;2021-02-15;521;657;28683;6786;3.8;0.9
42;2021-02-16;490;1091;29173;7877;3.8;1.0
42;2021-02-17;518;1383;29691;9260;3.9;1.2
42;2021-02-18;756;1213;30447;10473;4.0;1.4
42;2021-02-19;769;889;31216;11362;4.1;1.5
42;2021-02-20;248;351;31464;11713;4.1;1.5
42;2021-02-21;63;274;31527;11987;4.1;1.6
42;2021-02-22;574;845;32101;12832;4.2;1.7
42;2021-02-23;1210;1341;33311;14173;4.4;1.9
42;2021-02-24;1245;1144;34556;15317;4.5;2.0
42;2021-02-25;1666;1342;36222;16659;4.7;2.2
42;2021-02-26;1647;867;37869;17526;5.0;2.3
42;2021-02-27;580;254;38449;17780;5.0;2.3
42;2021-02-28;167;104;38616;17884;5.0;2.3
42;2021-03-01;807;770;39423;18654;5.2;2.4
42;2021-03-02;1276;749;40699;19403;5.3;2.5
42;2021-03-03;1368;740;42067;20143;5.5;2.6
42;2021-03-04;1705;677;43772;20820;5.7;2.7
42;2021-03-05;2625;623;46397;21443;6.1;2.8
42;2021-03-06;1932;244;48329;21687;6.3;2.8
42;2021-03-07;1491;92;49820;21779;6.5;2.8
42;2021-03-08;1405;496;51225;22275;6.7;2.9
42;2021-03-09;1984;440;53209;22715;7.0;3.0
42;2021-03-10;2053;496;55262;23211;7.2;3.0
42;2021-03-11;3047;616;58309;23827;7.6;3.1
42;2021-03-12;3008;831;61317;24658;8.0;3.2
42;2021-03-13;1479;362;62796;25020;8.2;3.3
42;2021-03-14;472;167;63268;25187;8.3;3.3
42;2021-03-15;1571;595;64839;25782;8.5;3.4
42;2021-03-16;1472;766;66311;26548;8.7;3.5
42;2021-03-17;1724;1075;68035;27623;8.9;3.6
42;2021-03-18;1804;1028;69839;28651;9.1;3.7
42;2021-03-19;2567;678;72406;29329;9.5;3.8
42;2021-03-20;1672;233;74078;29562;9.7;3.9
42;2021-03-21;526;99;74604;29661;9.8;3.9
42;2021-03-22;1427;731;76031;30392;9.9;4.0
42;2021-03-23;2507;858;78538;31250;10.3;4.1
42;2021-03-24;2783;780;81321;32030;10.6;4.2
42;2021-03-25;3720;935;85041;32965;11.1;4.3
42;2021-03-26;3759;785;88800;33750;11.6;4.4
42;2021-03-27;1806;452;90606;34202;11.8;4.5
42;2021-03-28;1040;216;91646;34418;12.0;4.5
42;2021-03-29;2062;926;93708;35344;12.3;4.6
42;2021-03-30;3146;864;96854;36208;12.7;4.7
42;2021-03-31;2443;1073;99297;37281;13.0;4.9
42;2021-04-01;3392;1051;102689;38332;13.4;5.0
42;2021-04-02;2850;1228;105539;39560;13.8;5.2
42;2021-04-03;1419;610;106958;40170;14.0;5.3
42;2021-04-04;1404;393;108362;40563;14.2;5.3
42;2021-04-05;1901;297;110263;40860;14.4;5.3
42;2021-04-06;2292;1411;112555;42271;14.7;5.5
42;2021-04-07;2762;1831;115317;44102;15.1;5.8
42;2021-04-08;4025;1593;119342;45695;15.6;6.0
42;2021-04-09;5135;1559;124477;47254;16.3;6.2
42;2021-04-10;2591;767;127068;48021;16.6;6.3
42;2021-04-11;1956;431;129024;48452;16.9;6.3
42;2021-04-12;3699;1550;132723;50002;17.4;6.5
42;2021-04-13;4658;1809;137381;51811;18.0;6.8
42;2021-04-14;4311;1904;141692;53715;18.5;7.0
42;2021-04-15;4810;1838;146502;55553;19.2;7.3
42;2021-04-16;4620;1890;151122;57443;19.8;7.5
42;2021-04-17;2983;1071;154105;58514;20.2;7.7
42;2021-04-18;1884;414;155989;58928;20.4;7.7
42;2021-04-19;3090;1539;159079;60467;20.8;7.9
42;2021-04-20;3468;1954;162547;62421;21.3;8.2
42;2021-04-21;3479;1748;166026;64169;21.7;8.4
42;2021-04-22;3769;1952;169795;66121;22.2;8.6
42;2021-04-23;3840;2017;173635;68138;22.7;8.9
42;2021-04-24;2363;1518;175998;69656;23.0;9.1
42;2021-04-25;1658;942;177656;70598;23.2;9.2
42;2021-04-26;3280;1733;180936;72331;23.7;9.5
42;2021-04-27;3256;2207;184192;74538;24.1;9.7
42;2021-04-28;3464;2621;187656;77159;24.5;10.1
42;2021-04-29;3770;2800;191426;79959;25.0;10.5
42;2021-04-30;3361;3027;194787;82986;25.5;10.9
42;2021-05-01;2969;1051;197756;84037;25.9;11.0
42;2021-05-02;1935;1259;199691;85296;26.1;11.2
42;2021-05-03;2868;2767;202559;88063;26.5;11.5
42;2021-05-04;3417;3129;205976;91192;26.9;11.9
42;2021-05-05;3327;3398;209303;94590;27.4;12.4
42;2021-05-06;3888;3768;213191;98358;27.9;12.9
42;2021-05-07;3731;4036;216922;102394;28.4;13.4
42;2021-05-08;3165;1069;220087;103463;28.8;13.5
42;2021-05-09;1505;2214;221592;105677;29.0;13.8
42;2021-05-10;3250;3828;224842;109505;29.4;14.3
42;2021-05-11;5575;3902;230417;113407;30.1;14.8
42;2021-05-12;5342;3570;235759;116977;30.8;15.3
42;2021-05-13;5453;1150;241212;118127;31.5;15.4
42;2021-05-14;5240;2927;246452;121054;32.2;15.8
42;2021-05-15;4881;2125;251333;123179;32.9;16.1
42;2021-05-16;2873;1036;254206;124215;33.2;16.2
42;2021-05-17;5887;2838;260093;127053;34.0;16.6
42;2021-05-18;6252;2978;266345;130031;34.8;17.0
42;2021-05-19;6524;2750;272869;132781;35.7;17.4
42;2021-05-20;7104;2895;279973;135676;36.6;17.7
42;2021-05-21;6351;3276;286324;138952;37.4;18.2
42;2021-05-22;5836;2132;292160;141084;38.2;18.4
42;2021-05-23;2835;874;294995;141958;38.6;18.6
42;2021-05-24;5251;1433;300246;143391;39.3;18.8
42;2021-05-25;5155;3939;305401;147330;39.9;19.3
42;2021-05-26;5162;3457;310563;150787;40.6;19.7
42;2021-05-27;5371;3634;315934;154421;41.3;20.2
42;2021-05-28;5043;4194;320977;158615;42.0;20.7
42;2021-05-29;4344;2984;325321;161599;42.5;21.1
42;2021-05-30;1981;1205;327302;162804;42.8;21.3
42;2021-05-31;4243;3422;331545;166226;43.4;21.7
42;2021-06-01;4592;3566;336137;169792;44.0;22.2
42;2021-06-02;4479;3008;340616;172800;44.5;22.6
42;2021-06-03;4930;3841;345546;176641;45.2;23.1
42;2021-06-04;4767;4218;350313;180859;45.8;23.6
42;2021-06-05;3689;2427;354002;183286;46.3;24.0
42;2021-06-06;1446;1293;355448;184579;46.5;24.1
42;2021-06-07;3991;3378;359439;187957;47.0;24.6
42;2021-06-08;3467;3248;362906;191205;47.5;25.0
42;2021-06-09;2964;3206;365870;194411;47.8;25.4
42;2021-06-10;3243;2937;369113;197348;48.3;25.8
42;2021-06-11;3589;4116;372702;201464;48.7;26.3
42;2021-06-12;2863;2880;375565;204344;49.1;26.7
42;2021-06-13;944;1278;376509;205622;49.2;26.9
42;2021-06-14;2313;4062;378822;209684;49.5;27.4
42;2021-06-15;2831;4071;381653;213755;49.9;28.0
42;2021-06-16;2923;3551;384576;217306;50.3;28.4
42;2021-06-17;2638;3736;387214;221042;50.6;28.9
42;2021-06-18;3093;5146;390307;226188;51.0;29.6
42;2021-06-19;2849;4244;393156;230432;51.4;30.1
42;2021-06-20;857;1844;394013;232276;51.5;30.4
42;2021-06-21;1908;6277;395921;238553;51.8;31.2
42;2021-06-22;1877;5893;397798;244446;52.0;32.0
42;2021-06-23;1845;5323;399643;249769;52.3;32.7
42;2021-06-24;1787;4684;401430;254453;52.5;33.3
42;2021-06-25;2039;6951;403469;261404;52.8;34.2
42;2021-06-26;1409;5822;404878;267226;52.9;34.9
42;2021-06-27;756;2858;405634;270084;53.0;35.3
42;2021-06-28;1746;7063;407380;277147;53.3;36.2
42;2021-06-29;1527;6566;408907;283713;53.5;37.1
42;2021-06-30;1968;5764;410875;289477;53.7;37.9
42;2021-07-01;1779;5122;412654;294599;54.0;38.5
42;2021-07-02;2049;6743;414703;301342;54.2;39.4
42;2021-07-03;1760;5979;416463;307321;54.5;40.2
42;2021-07-04;854;2513;417317;309834;54.6;40.5
42;2021-07-05;1716;6284;419033;316118;54.8;41.3
42;2021-07-06;2106;5577;421139;321695;55.1;42.1
42;2021-07-07;2337;4661;423476;326356;55.4;42.7
42;2021-07-08;2273;3957;425749;330313;55.7;43.2
42;2021-07-09;2415;6097;428164;336410;56.0;44.0
42;2021-07-10;1694;5582;429858;341992;56.2;44.7
42;2021-07-11;921;2304;430779;344296;56.3;45.0
42;2021-07-12;1777;6289;432556;350585;56.6;45.8
42;2021-07-13;3613;6290;436169;356875;57.0;46.7
42;2021-07-14;4479;2054;440648;358929;57.6;46.9
42;2021-07-15;4561;5628;445209;364557;58.2;47.7
42;2021-07-16;4445;6195;449654;370752;58.8;48.5
42;2021-07-17;3221;4706;452875;375458;59.2;49.1
42;2021-07-18;1839;1743;454714;377201;59.5;49.3
42;2021-07-19;3806;5080;458520;382281;60.0;50.0
42;2021-07-20;4719;4862;463239;387143;60.6;50.6
42;2021-07-21;5176;4716;468415;391859;61.3;51.2
42;2021-07-22;5499;3935;473914;395794;62.0;51.8
42;2021-07-23;5500;5114;479414;400908;62.7;52.4
42;2021-07-24;4037;3833;483451;404741;63.2;52.9
42;2021-07-25;1656;1387;485107;406128;63.4;53.1
42;2021-07-26;4733;4326;489840;410454;64.1;53.7
42;2021-07-27;5331;3964;495171;414418;64.8;54.2
42;2021-07-28;5786;3676;500957;418094;65.5;54.7
42;2021-07-29;5679;3429;506636;421523;66.2;55.1
42;2021-07-30;5138;3774;511774;425297;66.9;55.6
42;2021-07-31;4763;3057;516537;428354;67.5;56.0
42;2021-08-01;2499;1314;519036;429668;67.9;56.2
42;2021-08-02;4364;3113;523400;432781;68.4;56.6
42;2021-08-03;3818;3281;527218;436062;68.9;57.0
42;2021-08-04;3473;3222;530691;439284;69.4;57.4
42;2021-08-05;3403;3313;534094;442597;69.8;57.9
42;2021-08-06;3637;3995;537731;446592;70.3;58.4
42;2021-08-07;3024;3066;540755;449658;70.7;58.8
42;2021-08-08;1198;1715;541953;451373;70.9;59.0
42;2021-08-09;2809;3858;544762;455231;71.2;59.5
42;2021-08-10;3274;3904;548036;459135;71.7;60.0
42;2021-08-11;2592;3520;550628;462655;72.0;60.5
42;2021-08-12;2515;3566;553143;466221;72.3;61.0
42;2021-08-13;2329;3905;555472;470126;72.6;61.5
42;2021-08-14;1651;3268;557123;473394;72.9;61.9
42;2021-08-15;600;1027;557723;474421;72.9;62.0
42;2021-08-16;2073;4569;559796;478990;73.2;62.6
42;2021-08-17;2245;4177;562041;483167;73.5;63.2
42;2021-08-18;2050;4148;564091;487315;73.8;63.7
42;2021-08-19;1925;3370;566016;490685;74.0;64.2
42;2021-08-20;2268;4610;568284;495295;74.3;64.8
42;2021-08-21;1081;3862;569365;499157;74.5;65.3
42;2021-08-22;501;2020;569866;501177;74.5;65.5
42;2021-08-23;1618;4665;571484;505842;74.7;66.1
42;2021-08-24;1729;4039;573213;509881;75.0;66.7
42;2021-08-25;1739;3891;574952;513772;75.2;67.2
42;2021-08-26;1438;3039;576390;516811;75.4;67.6
42;2021-08-27;1772;4560;578162;521371;75.6;68.2
42;2021-08-28;1300;3706;579462;525077;75.8;68.7
42;2021-08-29;377;1427;579839;526504;75.8;68.8
42;2021-08-30;1276;3419;581115;529923;76.0;69.3
42;2021-08-31;1234;2843;582349;532766;76.2;69.7
42;2021-09-01;1242;2989;583591;535755;76.3;70.1
42;2021-09-02;1309;2917;584900;538672;76.5;70.4
42;2021-09-03;1560;3270;586460;541942;76.7;70.9
42;2021-09-04;1039;2985;587499;544927;76.8;71.3
42;2021-09-05;378;873;587877;545800;76.9;71.4
42;2021-09-06;758;2141;588635;547941;77.0;71.7
42;2021-09-07;815;1914;589450;549855;77.1;71.9
42;2021-09-08;909;2202;590359;552057;77.2;72.2
42;2021-09-09;648;1761;591007;553818;77.3;72.4
42;2021-09-10;918;2260;591925;556078;77.4;72.7
42;2021-09-11;711;2394;592636;558472;77.5;73.0
42;2021-09-12;163;550;592799;559022;77.5;73.1
43;2020-12-27;0;0;0;0;0.0;0.0
43;2020-12-28;0;0;0;0;0.0;0.0
43;2020-12-29;0;0;0;0;0.0;0.0
43;2020-12-30;0;0;0;0;0.0;0.0
43;2020-12-31;0;0;0;0;0.0;0.0
43;2021-01-01;0;0;0;0;0.0;0.0
43;2021-01-02;0;0;0;0;0.0;0.0
43;2021-01-03;0;0;0;0;0.0;0.0
43;2021-01-04;2;0;2;0;0.0;0.0
43;2021-01-05;0;0;2;0;0.0;0.0
43;2021-01-06;0;0;2;0;0.0;0.0
43;2021-01-07;167;0;169;0;0.1;0.0
43;2021-01-08;151;1;320;1;0.1;0.0
43;2021-01-09;0;0;320;1;0.1;0.0
43;2021-01-10;0;0;320;1;0.1;0.0
43;2021-01-11;137;0;457;1;0.2;0.0
43;2021-01-12;244;0;701;1;0.3;0.0
43;2021-01-13;244;2;945;3;0.4;0.0
43;2021-01-14;294;2;1239;5;0.5;0.0
43;2021-01-15;303;2;1542;7;0.7;0.0
43;2021-01-16;32;0;1574;7;0.7;0.0
43;2021-01-17;0;0;1574;7;0.7;0.0
43;2021-01-18;761;5;2335;12;1.0;0.0
43;2021-01-19;776;7;3111;19;1.4;0.0
43;2021-01-20;519;2;3630;21;1.6;0.0
43;2021-01-21;446;2;4076;23;1.8;0.0
43;2021-01-22;465;6;4541;29;2.0;0.0
43;2021-01-23;1;0;4542;29;2.0;0.0
43;2021-01-24;2;0;4544;29;2.0;0.0
43;2021-01-25;539;0;5083;29;2.2;0.0
43;2021-01-26;615;5;5698;34;2.5;0.0
43;2021-01-27;740;0;6438;34;2.8;0.0
43;2021-01-28;747;30;7185;64;3.2;0.0
43;2021-01-29;721;83;7906;147;3.5;0.1
43;2021-01-30;109;0;8015;147;3.5;0.1
43;2021-01-31;0;0;8015;147;3.5;0.1
43;2021-02-01;404;99;8419;246;3.7;0.1
43;2021-02-02;716;145;9135;391;4.0;0.2
43;2021-02-03;690;41;9825;432;4.3;0.2
43;2021-02-04;524;157;10349;589;4.6;0.3
43;2021-02-05;544;169;10893;758;4.8;0.3
43;2021-02-06;165;16;11058;774;4.9;0.3
43;2021-02-07;0;0;11058;774;4.9;0.3
43;2021-02-08;411;284;11469;1058;5.1;0.5
43;2021-02-09;369;415;11838;1473;5.2;0.6
43;2021-02-10;400;348;12238;1821;5.4;0.8
43;2021-02-11;388;372;12626;2193;5.6;1.0
43;2021-02-12;425;188;13051;2381;5.8;1.0
43;2021-02-13;570;41;13621;2422;6.0;1.1
43;2021-02-14;0;0;13621;2422;6.0;1.1
43;2021-02-15;68;400;13689;2822;6.0;1.2
43;2021-02-16;41;327;13730;3149;6.1;1.4
43;2021-02-17;87;444;13817;3593;6.1;1.6
43;2021-02-18;147;335;13964;3928;6.2;1.7
43;2021-02-19;278;473;14242;4401;6.3;1.9
43;2021-02-20;22;4;14264;4405;6.3;1.9
43;2021-02-21;0;0;14264;4405;6.3;1.9
43;2021-02-22;16;445;14280;4850;6.3;2.1
43;2021-02-23;202;740;14482;5590;6.4;2.5
43;2021-02-24;147;696;14629;6286;6.4;2.8
43;2021-02-25;227;638;14856;6924;6.5;3.1
43;2021-02-26;222;594;15078;7518;6.6;3.3
43;2021-02-27;138;67;15216;7585;6.7;3.3
43;2021-02-28;1;0;15217;7585;6.7;3.3
43;2021-03-01;210;450;15427;8035;6.8;3.5
43;2021-03-02;342;555;15769;8590;6.9;3.8
43;2021-03-03;338;553;16107;9143;7.1;4.0
43;2021-03-04;551;445;16658;9588;7.3;4.2
43;2021-03-05;566;439;17224;10027;7.6;4.4
43;2021-03-06;489;174;17713;10201;7.8;4.5
43;2021-03-07;12;0;17725;10201;7.8;4.5
43;2021-03-08;446;425;18171;10626;8.0;4.7
43;2021-03-09;621;353;18792;10979;8.3;4.8
43;2021-03-10;674;493;19466;11472;8.6;5.1
43;2021-03-11;953;439;20419;11911;9.0;5.2
43;2021-03-12;945;426;21364;12337;9.4;5.4
43;2021-03-13;792;117;22156;12454;9.8;5.5
43;2021-03-14;2;0;22158;12454;9.8;5.5
43;2021-03-15;706;142;22864;12596;10.1;5.6
43;2021-03-16;848;286;23712;12882;10.5;5.7
43;2021-03-17;638;137;24350;13019;10.7;5.7
43;2021-03-18;676;138;25026;13157;11.0;5.8
43;2021-03-19;839;108;25865;13265;11.4;5.8
43;2021-03-20;450;60;26315;13325;11.6;5.9
43;2021-03-21;0;0;26315;13325;11.6;5.9
43;2021-03-22;744;39;27059;13364;11.9;5.9
43;2021-03-23;872;49;27931;13413;12.3;5.9
43;2021-03-24;1174;95;29105;13508;12.8;6.0
43;2021-03-25;1594;155;30699;13663;13.5;6.0
43;2021-03-26;1609;191;32308;13854;14.2;6.1
43;2021-03-27;1449;79;33757;13933;14.9;6.1
43;2021-03-28;420;20;34177;13953;15.1;6.1
43;2021-03-29;1096;171;35273;14124;15.5;6.2
43;2021-03-30;1313;238;36586;14362;16.1;6.3
43;2021-03-31;1305;265;37891;14627;16.7;6.4
43;2021-04-01;1347;341;39238;14968;17.3;6.6
43;2021-04-02;1052;351;40290;15319;17.8;6.8
43;2021-04-03;340;198;40630;15517;17.9;6.8
43;2021-04-04;0;0;40630;15517;17.9;6.8
43;2021-04-05;3;0;40633;15517;17.9;6.8
43;2021-04-06;688;607;41321;16124;18.2;7.1
43;2021-04-07;868;572;42189;16696;18.6;7.4
43;2021-04-08;1087;463;43276;17159;19.1;7.6
43;2021-04-09;1148;662;44424;17821;19.6;7.9
43;2021-04-10;626;264;45050;18085;19.9;8.0
43;2021-04-11;0;0;45050;18085;19.9;8.0
43;2021-04-12;682;650;45732;18735;20.2;8.3
43;2021-04-13;917;724;46649;19459;20.6;8.6
43;2021-04-14;725;667;47374;20126;20.9;8.9
43;2021-04-15;959;700;48333;20826;21.3;9.2
43;2021-04-16;1009;694;49342;21520;21.7;9.5
43;2021-04-17;423;302;49765;21822;21.9;9.6
43;2021-04-18;3;5;49768;21827;21.9;9.6
43;2021-04-19;629;568;50397;22395;22.2;9.9
43;2021-04-20;840;676;51237;23071;22.6;10.2
43;2021-04-21;320;987;51557;24058;22.7;10.6
43;2021-04-22;680;1016;52237;25074;23.0;11.1
43;2021-04-23;401;1102;52638;26176;23.2;11.5
43;2021-04-24;347;1039;52985;27215;23.4;12.0
43;2021-04-25;23;403;53008;27618;23.4;12.2
43;2021-04-26;385;964;53393;28582;23.5;12.6
43;2021-04-27;825;984;54218;29566;23.9;13.0
43;2021-04-28;794;1108;55012;30674;24.2;13.5
43;2021-04-29;1238;1139;56250;31813;24.8;14.0
43;2021-04-30;1199;1068;57449;32881;25.3;14.5
43;2021-05-01;400;27;57849;32908;25.5;14.5
43;2021-05-02;1;0;57850;32908;25.5;14.5
43;2021-05-03;1218;408;59068;33316;26.0;14.7
43;2021-05-04;1237;954;60305;34270;26.6;15.1
43;2021-05-05;1143;848;61448;35118;27.1;15.5
43;2021-05-06;1405;938;62853;36056;27.7;15.9
43;2021-05-07;1089;1172;63942;37228;28.2;16.4
43;2021-05-08;521;136;64463;37364;28.4;16.5
43;2021-05-09;0;2;64463;37366;28.4;16.5
43;2021-05-10;1084;724;65547;38090;28.9;16.8
43;2021-05-11;1554;1010;67101;39100;29.6;17.2
43;2021-05-12;1482;808;68583;39908;30.2;17.6
43;2021-05-13;936;378;69519;40286;30.6;17.8
43;2021-05-14;2204;1110;71723;41396;31.6;18.2
43;2021-05-15;1271;315;72994;41711;32.2;18.4
43;2021-05-16;272;47;73266;41758;32.3;18.4
43;2021-05-17;1625;631;74891;42389;33.0;18.7
43;2021-05-18;1966;676;76857;43065;33.9;19.0
43;2021-05-19;2065;571;78922;43636;34.8;19.2
43;2021-05-20;2338;805;81260;44441;35.8;19.6
43;2021-05-21;2385;709;83645;45150;36.9;19.9
43;2021-05-22;1209;341;84854;45491;37.4;20.0
43;2021-05-23;1;0;84855;45491;37.4;20.0
43;2021-05-24;382;99;85237;45590;37.6;20.1
43;2021-05-25;1408;653;86645;46243;38.2;20.4
43;2021-05-26;1349;560;87994;46803;38.8;20.6
43;2021-05-27;1390;714;89384;47517;39.4;20.9
43;2021-05-28;1348;727;90732;48244;40.0;21.3
43;2021-05-29;1135;604;91867;48848;40.5;21.5
43;2021-05-30;149;17;92016;48865;40.6;21.5
43;2021-05-31;1208;442;93224;49307;41.1;21.7
43;2021-06-01;1280;985;94504;50292;41.6;22.2
43;2021-06-02;1086;700;95590;50992;42.1;22.5
43;2021-06-03;1193;857;96783;51849;42.7;22.9
43;2021-06-04;1351;858;98134;52707;43.2;23.2
43;2021-06-05;824;452;98958;53159;43.6;23.4
43;2021-06-06;10;5;98968;53164;43.6;23.4
43;2021-06-07;748;516;99716;53680;43.9;23.7
43;2021-06-08;664;705;100380;54385;44.2;24.0
43;2021-06-09;539;761;100919;55146;44.5;24.3
43;2021-06-10;808;1120;101727;56266;44.8;24.8
43;2021-06-11;761;1348;102488;57614;45.2;25.4
43;2021-06-12;914;514;103402;58128;45.6;25.6
43;2021-06-13;3;27;103405;58155;45.6;25.6
43;2021-06-14;446;1087;103851;59242;45.8;26.1
43;2021-06-15;630;1195;104481;60437;46.0;26.6
43;2021-06-16;549;974;105030;61411;46.3;27.1
43;2021-06-17;602;1500;105632;62911;46.6;27.7
43;2021-06-18;899;1464;106531;64375;47.0;28.4
43;2021-06-19;447;782;106978;65157;47.1;28.7
43;2021-06-20;0;12;106978;65169;47.1;28.7
43;2021-06-21;424;1306;107402;66475;47.3;29.3
43;2021-06-22;533;1959;107935;68434;47.6;30.2
43;2021-06-23;343;1743;108278;70177;47.7;30.9
43;2021-06-24;512;1492;108790;71669;47.9;31.6
43;2021-06-25;597;2345;109387;74014;48.2;32.6
43;2021-06-26;505;1245;109892;75259;48.4;33.2
43;2021-06-27;10;20;109902;75279;48.4;33.2
43;2021-06-28;341;1785;110243;77064;48.6;34.0
43;2021-06-29;525;2381;110768;79445;48.8;35.0
43;2021-06-30;460;2276;111228;81721;49.0;36.0
43;2021-07-01;473;1910;111701;83631;49.2;36.9
43;2021-07-02;500;1964;112201;85595;49.4;37.7
43;2021-07-03;258;1108;112459;86703;49.6;38.2
43;2021-07-04;1;0;112460;86703;49.6;38.2
43;2021-07-05;526;1202;112986;87905;49.8;38.7
43;2021-07-06;633;1680;113619;89585;50.1;39.5
43;2021-07-07;525;1423;114144;91008;50.3;40.1
43;2021-07-08;837;1418;114981;92426;50.7;40.7
43;2021-07-09;550;1500;115531;93926;50.9;41.4
43;2021-07-10;401;1337;115932;95263;51.1;42.0
43;2021-07-11;23;99;115955;95362;51.1;42.0
43;2021-07-12;603;1685;116558;97047;51.4;42.8
43;2021-07-13;1186;1849;117744;98896;51.9;43.6
43;2021-07-14;848;159;118592;99055;52.3;43.7
43;2021-07-15;1932;1839;120524;100894;53.1;44.5
43;2021-07-16;1752;1616;122276;102510;53.9;45.2
43;2021-07-17;1545;1201;123821;103711;54.6;45.7
43;2021-07-18;4;19;123825;103730;54.6;45.7
43;2021-07-19;1441;1257;125266;104987;55.2;46.3
43;2021-07-20;1897;1451;127163;106438;56.0;46.9
43;2021-07-21;1852;1111;129015;107549;56.9;47.4
43;2021-07-22;2110;1334;131125;108883;57.8;48.0
43;2021-07-23;1619;1325;132744;110208;58.5;48.6
43;2021-07-24;577;1000;133321;111208;58.8;49.0
43;2021-07-25;0;1;133321;111209;58.8;49.0
43;2021-07-26;1642;1072;134963;112281;59.5;49.5
43;2021-07-27;2283;1225;137246;113506;60.5;50.0
43;2021-07-28;1953;1093;139199;114599;61.3;50.5
43;2021-07-29;1987;1014;141186;115613;62.2;51.0
43;2021-07-30;1870;1336;143056;116949;63.0;51.5
43;2021-07-31;706;609;143762;117558;63.4;51.8
43;2021-08-01;13;21;143775;117579;63.4;51.8
43;2021-08-02;1540;969;145315;118548;64.0;52.2
43;2021-08-03;1405;1167;146720;119715;64.7;52.8
43;2021-08-04;1263;1108;147983;120823;65.2;53.2
43;2021-08-05;1255;1285;149238;122108;65.8;53.8
43;2021-08-06;1129;1466;150367;123574;66.3;54.5
43;2021-08-07;758;757;151125;124331;66.6;54.8
43;2021-08-08;5;0;151130;124331;66.6;54.8
43;2021-08-09;820;1636;151950;125967;67.0;55.5
43;2021-08-10;1024;1584;152974;127551;67.4;56.2
43;2021-08-11;681;1342;153655;128893;67.7;56.8
43;2021-08-12;875;1606;154530;130499;68.1;57.5
43;2021-08-13;680;1179;155210;131678;68.4;58.0
43;2021-08-14;361;556;155571;132234;68.6;58.3
43;2021-08-15;3;9;155574;132243;68.6;58.3
43;2021-08-16;684;1675;156258;133918;68.9;59.0
43;2021-08-17;711;1510;156969;135428;69.2;59.7
43;2021-08-18;560;1512;157529;136940;69.4;60.4
43;2021-08-19;642;1610;158171;138550;69.7;61.1
43;2021-08-20;518;1595;158689;140145;69.9;61.8
43;2021-08-21;238;555;158927;140700;70.0;62.0
43;2021-08-22;7;7;158934;140707;70.0;62.0
43;2021-08-23;499;1589;159433;142296;70.3;62.7
43;2021-08-24;513;1395;159946;143691;70.5;63.3
43;2021-08-25;511;1299;160457;144990;70.7;63.9
43;2021-08-26;473;1138;160930;146128;70.9;64.4
43;2021-08-27;528;1358;161458;147486;71.2;65.0
43;2021-08-28;176;499;161634;147985;71.2;65.2
43;2021-08-29;0;1;161634;147986;71.2;65.2
43;2021-08-30;484;1059;162118;149045;71.4;65.7
43;2021-08-31;381;888;162499;149933;71.6;66.1
43;2021-09-01;305;960;162804;150893;71.8;66.5
43;2021-09-02;308;966;163112;151859;71.9;66.9
43;2021-09-03;502;1017;163614;152876;72.1;67.4
43;2021-09-04;317;569;163931;153445;72.2;67.6
43;2021-09-05;39;24;163970;153469;72.3;67.6
43;2021-09-06;249;760;164219;154229;72.4;68.0
43;2021-09-07;234;711;164453;154940;72.5;68.3
43;2021-09-08;207;804;164660;155744;72.6;68.6
43;2021-09-09;267;809;164927;156553;72.7;69.0
43;2021-09-10;324;704;165251;157257;72.8;69.3
43;2021-09-11;261;452;165512;157709;72.9;69.5
43;2021-09-12;0;4;165512;157713;72.9;69.5
44;2020-12-27;1;0;1;0;0.0;0.0
44;2020-12-28;1;0;2;0;0.0;0.0
44;2020-12-29;1;0;3;0;0.0;0.0
44;2020-12-30;1;0;4;0;0.0;0.0
44;2020-12-31;1;0;5;0;0.0;0.0
44;2021-01-01;2;0;7;0;0.0;0.0
44;2021-01-02;0;0;7;0;0.0;0.0
44;2021-01-03;3;0;10;0;0.0;0.0
44;2021-01-04;0;0;10;0;0.0;0.0
44;2021-01-05;1;0;11;0;0.0;0.0
44;2021-01-06;20;1;31;1;0.0;0.0
44;2021-01-07;187;0;218;1;0.0;0.0
44;2021-01-08;528;0;746;1;0.1;0.0
44;2021-01-09;473;0;1219;1;0.1;0.0
44;2021-01-10;455;1;1674;2;0.1;0.0
44;2021-01-11;801;1;2475;3;0.2;0.0
44;2021-01-12;906;1;3381;4;0.2;0.0
44;2021-01-13;1086;1;4467;5;0.3;0.0
44;2021-01-14;1115;6;5582;11;0.4;0.0
44;2021-01-15;988;1;6570;12;0.5;0.0
44;2021-01-16;336;2;6906;14;0.5;0.0
44;2021-01-17;328;1;7234;15;0.5;0.0
44;2021-01-18;856;3;8090;18;0.6;0.0
44;2021-01-19;2622;5;10712;23;0.7;0.0
44;2021-01-20;2741;4;13453;27;0.9;0.0
44;2021-01-21;4534;8;17987;35;1.3;0.0
44;2021-01-22;2416;7;20403;42;1.4;0.0
44;2021-01-23;767;1;21170;43;1.5;0.0
44;2021-01-24;119;0;21289;43;1.5;0.0
44;2021-01-25;833;0;22122;43;1.5;0.0
44;2021-01-26;2563;16;24685;59;1.7;0.0
44;2021-01-27;2097;56;26782;115;1.9;0.0
44;2021-01-28;3733;187;30515;302;2.1;0.0
44;2021-01-29;2370;451;32885;753;2.3;0.1
44;2021-01-30;627;196;33512;949;2.3;0.1
44;2021-01-31;14;177;33526;1126;2.3;0.1
44;2021-02-01;593;508;34119;1634;2.4;0.1
44;2021-02-02;879;705;34998;2339;2.4;0.2
44;2021-02-03;890;827;35888;3166;2.5;0.2
44;2021-02-04;938;674;36826;3840;2.6;0.3
44;2021-02-05;897;579;37723;4419;2.6;0.3
44;2021-02-06;471;236;38194;4655;2.7;0.3
44;2021-02-07;72;179;38266;4834;2.7;0.3
44;2021-02-08;521;393;38787;5227;2.7;0.4
44;2021-02-09;993;1171;39780;6398;2.8;0.4
44;2021-02-10;1141;1227;40921;7625;2.8;0.5
44;2021-02-11;2289;2990;43210;10615;3.0;0.7
44;2021-02-12;1663;1678;44873;12293;3.1;0.9
44;2021-02-13;433;422;45306;12715;3.2;0.9
44;2021-02-14;10;159;45316;12874;3.2;0.9
44;2021-02-15;505;891;45821;13765;3.2;1.0
44;2021-02-16;1440;2307;47261;16072;3.3;1.1
44;2021-02-17;1105;1903;48366;17975;3.4;1.3
44;2021-02-18;1959;3478;50325;21453;3.5;1.5
44;2021-02-19;1579;2361;51904;23814;3.6;1.7
44;2021-02-20;409;520;52313;24334;3.6;1.7
44;2021-02-21;6;171;52319;24505;3.6;1.7
44;2021-02-22;717;706;53036;25211;3.7;1.8
44;2021-02-23;1246;929;54282;26140;3.8;1.8
44;2021-02-24;1238;932;55520;27072;3.9;1.9
44;2021-02-25;2445;872;57965;27944;4.0;1.9
44;2021-02-26;2292;807;60257;28751;4.2;2.0
44;2021-02-27;976;359;61233;29110;4.3;2.0
44;2021-02-28;7;32;61240;29142;4.3;2.0
44;2021-03-01;989;480;62229;29622;4.3;2.1
44;2021-03-02;1807;909;64036;30531;4.5;2.1
44;2021-03-03;1861;1024;65897;31555;4.6;2.2
44;2021-03-04;2881;1454;68778;33009;4.8;2.3
44;2021-03-05;3482;1255;72260;34264;5.0;2.4
44;2021-03-06;2508;428;74768;34692;5.2;2.4
44;2021-03-07;988;86;75756;34778;5.3;2.4
44;2021-03-08;1785;557;77541;35335;5.4;2.5
44;2021-03-09;3351;1073;80892;36408;5.6;2.5
44;2021-03-10;3079;1059;83971;37467;5.8;2.6
44;2021-03-11;4439;1750;88410;39217;6.2;2.7
44;2021-03-12;5893;1300;94303;40517;6.6;2.8
44;2021-03-13;3632;288;97935;40805;6.8;2.8
44;2021-03-14;431;62;98366;40867;6.8;2.8
44;2021-03-15;2688;363;101054;41230;7.0;2.9
44;2021-03-16;2149;622;103203;41852;7.2;2.9
44;2021-03-17;1966;664;105169;42516;7.3;3.0
44;2021-03-18;2169;636;107338;43152;7.5;3.0
44;2021-03-19;3788;365;111126;43517;7.7;3.0
44;2021-03-20;3212;297;114338;43814;8.0;3.0
44;2021-03-21;914;19;115252;43833;8.0;3.1
44;2021-03-22;2462;439;117714;44272;8.2;3.1
44;2021-03-23;3960;702;121674;44974;8.5;3.1
44;2021-03-24;4303;628;125977;45602;8.8;3.2
44;2021-03-25;5625;923;131602;46525;9.2;3.2
44;2021-03-26;6510;753;138112;47278;9.6;3.3
44;2021-03-27;3216;403;141328;47681;9.8;3.3
44;2021-03-28;1244;27;142572;47708;9.9;3.3
44;2021-03-29;3122;785;145694;48493;10.1;3.4
44;2021-03-30;5139;1105;150833;49598;10.5;3.5
44;2021-03-31;4613;1296;155446;50894;10.8;3.5
44;2021-04-01;6139;1006;161585;51900;11.2;3.6
44;2021-04-02;5796;948;167381;52848;11.6;3.7
44;2021-04-03;2435;648;169816;53496;11.8;3.7
44;2021-04-04;665;21;170481;53517;11.9;3.7
44;2021-04-05;692;287;171173;53804;11.9;3.7
44;2021-04-06;4213;1373;175386;55177;12.2;3.8
44;2021-04-07;5077;1651;180463;56828;12.6;4.0
44;2021-04-08;7180;1663;187643;58491;13.1;4.1
44;2021-04-09;10067;1815;197710;60306;13.8;4.2
44;2021-04-10;4563;1454;202273;61760;14.1;4.3
44;2021-04-11;2149;423;204422;62183;14.2;4.3
44;2021-04-12;5466;1587;209888;63770;14.6;4.4
44;2021-04-13;6729;2257;216617;66027;15.1;4.6
44;2021-04-14;5911;2234;222528;68261;15.5;4.7
44;2021-04-15;6702;2205;229230;70466;16.0;4.9
44;2021-04-16;7784;2045;237014;72511;16.5;5.0
44;2021-04-17;4301;1383;241315;73894;16.8;5.1
44;2021-04-18;2254;818;243569;74712;16.9;5.2
44;2021-04-19;5046;1903;248615;76615;17.3;5.3
44;2021-04-20;6282;2645;254897;79260;17.7;5.5
44;2021-04-21;6007;2786;260904;82046;18.2;5.7
44;2021-04-22;6961;2509;267865;84555;18.6;5.9
44;2021-04-23;7337;3179;275202;87734;19.1;6.1
44;2021-04-24;3971;2044;279173;89778;19.4;6.2
44;2021-04-25;2076;1056;281249;90834;19.6;6.3
44;2021-04-26;5653;2753;286902;93587;20.0;6.5
44;2021-04-27;7419;4081;294321;97668;20.5;6.8
44;2021-04-28;7608;3779;301929;101447;21.0;7.1
44;2021-04-29;8966;4272;310895;105719;21.6;7.4
44;2021-04-30;9568;4689;320463;110408;22.3;7.7
44;2021-05-01;2849;923;323312;111331;22.5;7.7
44;2021-05-02;1901;619;325213;111950;22.6;7.8
44;2021-05-03;5550;4068;330763;116018;23.0;8.1
44;2021-05-04;6330;5119;337093;121137;23.5;8.4
44;2021-05-05;6074;4606;343167;125743;23.9;8.7
44;2021-05-06;7256;4874;350423;130617;24.4;9.1
44;2021-05-07;7452;5696;357875;136313;24.9;9.5
44;2021-05-08;2583;1264;360458;137577;25.1;9.6
44;2021-05-09;1801;1812;362259;139389;25.2;9.7
44;2021-05-10;6574;5765;368833;145154;25.7;10.1
44;2021-05-11;7788;6260;376621;151414;26.2;10.5
44;2021-05-12;8196;5710;384817;157124;26.8;10.9
44;2021-05-13;5305;1190;390122;158314;27.1;11.0
44;2021-05-14;7587;3973;397709;162287;27.7;11.3
44;2021-05-15;5008;2233;402717;164520;28.0;11.4
44;2021-05-16;2795;741;405512;165261;28.2;11.5
44;2021-05-17;6744;5145;412256;170406;28.7;11.9
44;2021-05-18;7966;5212;420222;175618;29.2;12.2
44;2021-05-19;8168;4279;428390;179897;29.8;12.5
44;2021-05-20;8367;4647;436757;184544;30.4;12.8
44;2021-05-21;8842;5197;445599;189741;31.0;13.2
44;2021-05-22;5099;2231;450698;191972;31.4;13.4
44;2021-05-23;1759;824;452457;192796;31.5;13.4
44;2021-05-24;4887;1616;457344;194412;31.8;13.5
44;2021-05-25;7741;5546;465085;199958;32.4;13.9
44;2021-05-26;8182;5043;473267;205001;32.9;14.3
44;2021-05-27;9660;5346;482927;210347;33.6;14.6
44;2021-05-28;9187;6900;492114;217247;34.2;15.1
44;2021-05-29;5886;3314;498000;220561;34.7;15.3
44;2021-05-30;1775;705;499775;221266;34.8;15.4
44;2021-05-31;8063;6176;507838;227442;35.3;15.8
44;2021-06-01;9908;6550;517746;233992;36.0;16.3
44;2021-06-02;9528;5685;527274;239677;36.7;16.7
44;2021-06-03;10864;5876;538138;245553;37.4;17.1
44;2021-06-04;9961;8067;548099;253620;38.1;17.6
44;2021-06-05;5781;4332;553880;257952;38.5;17.9
44;2021-06-06;2363;1130;556243;259082;38.7;18.0
44;2021-06-07;9554;6931;565797;266013;39.4;18.5
44;2021-06-08;10913;7505;576710;273518;40.1;19.0
44;2021-06-09;10558;6315;587268;279833;40.9;19.5
44;2021-06-10;11428;6040;598696;285873;41.7;19.9
44;2021-06-11;11962;8631;610658;294504;42.5;20.5
44;2021-06-12;7767;4093;618425;298597;43.0;20.8
44;2021-06-13;2793;1006;621218;299603;43.2;20.8
44;2021-06-14;8768;8411;629986;308014;43.8;21.4
44;2021-06-15;11709;8259;641695;316273;44.7;22.0
44;2021-06-16;10978;7656;652673;323929;45.4;22.5
44;2021-06-17;11732;8685;664405;332614;46.2;23.1
44;2021-06-18;10903;10115;675308;342729;47.0;23.8
44;2021-06-19;5884;4321;681192;347050;47.4;24.1
44;2021-06-20;2535;1340;683727;348390;47.6;24.2
44;2021-06-21;7353;10016;691080;358406;48.1;24.9
44;2021-06-22;8469;10628;699549;369034;48.7;25.7
44;2021-06-23;8556;9141;708105;378175;49.3;26.3
44;2021-06-24;9125;8566;717230;386741;49.9;26.9
44;2021-06-25;7649;10817;724879;397558;50.4;27.7
44;2021-06-26;2959;6468;727838;404026;50.6;28.1
44;2021-06-27;817;2406;728655;406432;50.7;28.3
44;2021-06-28;5230;10058;733885;416490;51.1;29.0
44;2021-06-29;6181;12082;740066;428572;51.5;29.8
44;2021-06-30;6184;10448;746250;439020;51.9;30.5
44;2021-07-01;6933;10478;753183;449498;52.4;31.3
44;2021-07-02;6696;12555;759879;462053;52.9;32.2
44;2021-07-03;2583;7002;762462;469055;53.1;32.6
44;2021-07-04;995;2236;763457;471291;53.1;32.8
44;2021-07-05;5322;11871;768779;483162;53.5;33.6
44;2021-07-06;6062;12599;774841;495761;53.9;34.5
44;2021-07-07;6510;11099;781351;506860;54.4;35.3
44;2021-07-08;7397;11959;788748;518819;54.9;36.1
44;2021-07-09;6263;14253;795011;533072;55.3;37.1
44;2021-07-10;2447;7008;797458;540080;55.5;37.6
44;2021-07-11;731;2262;798189;542342;55.5;37.7
44;2021-07-12;4400;14054;802589;556396;55.8;38.7
44;2021-07-13;5772;14849;808361;571245;56.2;39.7
44;2021-07-14;3690;5810;812051;577055;56.5;40.2
44;2021-07-15;7233;14287;819284;591342;57.0;41.1
44;2021-07-16;8236;14991;827520;606333;57.6;42.2
44;2021-07-17;3372;7576;830892;613909;57.8;42.7
44;2021-07-18;1434;2548;832326;616457;57.9;42.9
44;2021-07-19;4869;14696;837195;631153;58.3;43.9
44;2021-07-20;6037;15673;843232;646826;58.7;45.0
44;2021-07-21;5846;13988;849078;660814;59.1;46.0
44;2021-07-22;6725;13746;855803;674560;59.5;46.9
44;2021-07-23;6162;15629;861965;690189;60.0;48.0
44;2021-07-24;2853;8715;864818;698904;60.2;48.6
44;2021-07-25;945;3089;865763;701993;60.2;48.8
44;2021-07-26;6081;12683;871844;714676;60.7;49.7
44;2021-07-27;9710;12183;881554;726859;61.3;50.6
44;2021-07-28;9250;10845;890804;737704;62.0;51.3
44;2021-07-29;10285;10835;901089;748539;62.7;52.1
44;2021-07-30;9172;10925;910261;759464;63.3;52.8
44;2021-07-31;4784;5647;915045;765111;63.7;53.2
44;2021-08-01;2572;1409;917617;766520;63.9;53.3
44;2021-08-02;6596;9477;924213;775997;64.3;54.0
44;2021-08-03;8445;8536;932658;784533;64.9;54.6
44;2021-08-04;9111;6985;941769;791518;65.5;55.1
44;2021-08-05;11548;7521;953317;799039;66.3;55.6
44;2021-08-06;9674;8200;962991;807239;67.0;56.2
44;2021-08-07;4598;3702;967589;810941;67.3;56.4
44;2021-08-08;2538;1729;970127;812670;67.5;56.5
44;2021-08-09;8889;7976;979016;820646;68.1;57.1
44;2021-08-10;10246;7617;989262;828263;68.8;57.6
44;2021-08-11;10383;6783;999645;835046;69.6;58.1
44;2021-08-12;10353;7344;1009998;842390;70.3;58.6
44;2021-08-13;8414;6157;1018412;848547;70.9;59.0
44;2021-08-14;3221;3223;1021633;851770;71.1;59.3
44;2021-08-15;717;930;1022350;852700;71.1;59.3
44;2021-08-16;5844;8303;1028194;861003;71.5;59.9
44;2021-08-17;5601;8176;1033795;869179;71.9;60.5
44;2021-08-18;4818;7612;1038613;876791;72.3;61.0
44;2021-08-19;4954;8347;1043567;885138;72.6;61.6
44;2021-08-20;4482;8923;1048049;894061;72.9;62.2
44;2021-08-21;1951;4614;1050000;898675;73.1;62.5
44;2021-08-22;702;2441;1050702;901116;73.1;62.7
44;2021-08-23;3645;9428;1054347;910544;73.4;63.4
44;2021-08-24;3621;8700;1057968;919244;73.6;64.0
44;2021-08-25;3132;8584;1061100;927828;73.8;64.6
44;2021-08-26;2931;10339;1064031;938167;74.0;65.3
44;2021-08-27;3062;10454;1067093;948621;74.3;66.0
44;2021-08-28;1366;5851;1068459;954472;74.3;66.4
44;2021-08-29;561;2706;1069020;957178;74.4;66.6
44;2021-08-30;2651;10967;1071671;968145;74.6;67.4
44;2021-08-31;2807;11224;1074478;979369;74.8;68.1
44;2021-09-01;2669;9931;1077147;989300;75.0;68.8
44;2021-09-02;2247;8744;1079394;998044;75.1;69.4
44;2021-09-03;2120;10199;1081514;1008243;75.3;70.2
44;2021-09-04;1446;6020;1082960;1014263;75.4;70.6
44;2021-09-05;436;1435;1083396;1015698;75.4;70.7
44;2021-09-06;1616;6617;1085012;1022315;75.5;71.1
44;2021-09-07;1469;5774;1086481;1028089;75.6;71.5
44;2021-09-08;1882;6514;1088363;1034603;75.7;72.0
44;2021-09-09;1483;5133;1089846;1039736;75.8;72.3
44;2021-09-10;1815;6484;1091661;1046220;76.0;72.8
44;2021-09-11;1080;4156;1092741;1050376;76.0;73.1
44;2021-09-12;227;850;1092968;1051226;76.1;73.1
45;2020-12-27;0;0;0;0;0.0;0.0
45;2020-12-28;1;0;1;0;0.0;0.0
45;2020-12-29;0;0;1;0;0.0;0.0
45;2020-12-30;0;0;1;0;0.0;0.0
45;2020-12-31;1;0;2;0;0.0;0.0
45;2021-01-01;0;0;2;0;0.0;0.0
45;2021-01-02;0;0;2;0;0.0;0.0
45;2021-01-03;0;0;2;0;0.0;0.0
45;2021-01-04;0;0;2;0;0.0;0.0
45;2021-01-05;76;0;78;0;0.0;0.0
45;2021-01-06;68;0;146;0;0.0;0.0
45;2021-01-07;207;0;353;0;0.1;0.0
45;2021-01-08;199;1;552;1;0.1;0.0
45;2021-01-09;42;0;594;1;0.1;0.0
45;2021-01-10;23;0;617;1;0.1;0.0
45;2021-01-11;254;0;871;1;0.1;0.0
45;2021-01-12;680;3;1551;4;0.2;0.0
45;2021-01-13;496;1;2047;5;0.3;0.0
45;2021-01-14;491;39;2538;44;0.4;0.0
45;2021-01-15;391;3;2929;47;0.4;0.0
45;2021-01-16;39;0;2968;47;0.4;0.0
45;2021-01-17;24;0;2992;47;0.4;0.0
45;2021-01-18;815;1;3807;48;0.6;0.0
45;2021-01-19;1197;5;5004;53;0.7;0.0
45;2021-01-20;2119;12;7123;65;1.0;0.0
45;2021-01-21;2523;6;9646;71;1.4;0.0
45;2021-01-22;1409;4;11055;75;1.6;0.0
45;2021-01-23;124;0;11179;75;1.6;0.0
45;2021-01-24;39;0;11218;75;1.6;0.0
45;2021-01-25;557;3;11775;78;1.7;0.0
45;2021-01-26;870;17;12645;95;1.9;0.0
45;2021-01-27;650;42;13295;137;1.9;0.0
45;2021-01-28;881;200;14176;337;2.1;0.0
45;2021-01-29;578;111;14754;448;2.2;0.1
45;2021-01-30;40;37;14794;485;2.2;0.1
45;2021-01-31;37;22;14831;507;2.2;0.1
45;2021-02-01;462;195;15293;702;2.2;0.1
45;2021-02-02;759;443;16052;1145;2.4;0.2
45;2021-02-03;773;450;16825;1595;2.5;0.2
45;2021-02-04;709;257;17534;1852;2.6;0.3
45;2021-02-05;418;149;17952;2001;2.6;0.3
45;2021-02-06;38;25;17990;2026;2.6;0.3
45;2021-02-07;7;24;17997;2050;2.6;0.3
45;2021-02-08;455;177;18452;2227;2.7;0.3
45;2021-02-09;1006;395;19458;2622;2.8;0.4
45;2021-02-10;1281;774;20739;3396;3.0;0.5
45;2021-02-11;1386;1505;22125;4901;3.2;0.7
45;2021-02-12;1052;1094;23177;5995;3.4;0.9
45;2021-02-13;85;148;23262;6143;3.4;0.9
45;2021-02-14;39;11;23301;6154;3.4;0.9
45;2021-02-15;523;476;23824;6630;3.5;1.0
45;2021-02-16;757;793;24581;7423;3.6;1.1
45;2021-02-17;642;839;25223;8262;3.7;1.2
45;2021-02-18;841;680;26064;8942;3.8;1.3
45;2021-02-19;827;667;26891;9609;3.9;1.4
45;2021-02-20;59;75;26950;9684;3.9;1.4
45;2021-02-21;17;35;26967;9719;3.9;1.4
45;2021-02-22;409;508;27376;10227;4.0;1.5
45;2021-02-23;816;611;28192;10838;4.1;1.6
45;2021-02-24;651;728;28843;11566;4.2;1.7
45;2021-02-25;962;627;29805;12193;4.4;1.8
45;2021-02-26;1044;552;30849;12745;4.5;1.9
45;2021-02-27;290;33;31139;12778;4.6;1.9
45;2021-02-28;28;2;31167;12780;4.6;1.9
45;2021-03-01;534;261;31701;13041;4.6;1.9
45;2021-03-02;671;599;32372;13640;4.7;2.0
45;2021-03-03;982;784;33354;14424;4.9;2.1
45;2021-03-04;1108;926;34462;15350;5.0;2.2
45;2021-03-05;1445;789;35907;16139;5.3;2.4
45;2021-03-06;2021;126;37928;16265;5.6;2.4
45;2021-03-07;143;53;38071;16318;5.6;2.4
45;2021-03-08;753;788;38824;17106;5.7;2.5
45;2021-03-09;1256;635;40080;17741;5.9;2.6
45;2021-03-10;1591;848;41671;18589;6.1;2.7
45;2021-03-11;1721;719;43392;19308;6.4;2.8
45;2021-03-12;2073;588;45465;19896;6.7;2.9
45;2021-03-13;988;44;46453;19940;6.8;2.9
45;2021-03-14;24;41;46477;19981;6.8;2.9
45;2021-03-15;810;581;47287;20562;6.9;3.0
45;2021-03-16;942;818;48229;21380;7.1;3.1
45;2021-03-17;1053;662;49282;22042;7.2;3.2
45;2021-03-18;998;577;50280;22619;7.4;3.3
45;2021-03-19;1619;424;51899;23043;7.6;3.4
45;2021-03-20;498;80;52397;23123;7.7;3.4
45;2021-03-21;20;35;52417;23158;7.7;3.4
45;2021-03-22;914;521;53331;23679;7.8;3.5
45;2021-03-23;1985;711;55316;24390;8.1;3.6
45;2021-03-24;1897;543;57213;24933;8.4;3.7
45;2021-03-25;2983;451;60196;25384;8.8;3.7
45;2021-03-26;3390;483;63586;25867;9.3;3.8
45;2021-03-27;1796;123;65382;25990;9.6;3.8
45;2021-03-28;89;40;65471;26030;9.6;3.8
45;2021-03-29;1531;537;67002;26567;9.8;3.9
45;2021-03-30;2785;778;69787;27345;10.2;4.0
45;2021-03-31;2134;577;71921;27922;10.5;4.1
45;2021-04-01;2973;564;74894;28486;11.0;4.2
45;2021-04-02;2827;512;77721;28998;11.4;4.2
45;2021-04-03;810;72;78531;29070;11.5;4.3
45;2021-04-04;113;33;78644;29103;11.5;4.3
45;2021-04-05;14;2;78658;29105;11.5;4.3
45;2021-04-06;1736;791;80394;29896;11.8;4.4
45;2021-04-07;1775;1113;82169;31009;12.0;4.5
45;2021-04-08;2772;1021;84941;32030;12.4;4.7
45;2021-04-09;3675;645;88616;32675;13.0;4.8
45;2021-04-10;2323;116;90939;32791;13.3;4.8
45;2021-04-11;153;24;91092;32815;13.3;4.8
45;2021-04-12;2608;666;93700;33481;13.7;4.9
45;2021-04-13;3849;1093;97549;34574;14.3;5.1
45;2021-04-14;2930;1221;100479;35795;14.7;5.2
45;2021-04-15;3519;1035;103998;36830;15.2;5.4
45;2021-04-16;3775;688;107773;37518;15.8;5.5
45;2021-04-17;1614;112;109387;37630;16.0;5.5
45;2021-04-18;200;42;109587;37672;16.0;5.5
45;2021-04-19;1938;946;111525;38618;16.3;5.7
45;2021-04-20;3075;1695;114600;40313;16.8;5.9
45;2021-04-21;2723;1304;117323;41617;17.2;6.1
45;2021-04-22;3422;1843;120745;43460;17.7;6.4
45;2021-04-23;3279;1784;124024;45244;18.2;6.6
45;2021-04-24;2023;869;126047;46113;18.5;6.8
45;2021-04-25;291;86;126338;46199;18.5;6.8
45;2021-04-26;2230;1162;128568;47361;18.8;6.9
45;2021-04-27;3353;2352;131921;49713;19.3;7.3
45;2021-04-28;2803;1939;134724;51652;19.7;7.6
45;2021-04-29;3854;2331;138578;53983;20.3;7.9
45;2021-04-30;4391;1801;142969;55784;20.9;8.2
45;2021-05-01;451;61;143420;55845;21.0;8.2
45;2021-05-02;627;122;144047;55967;21.1;8.2
45;2021-05-03;2821;991;146868;56958;21.5;8.3
45;2021-05-04;3160;2350;150028;59308;22.0;8.7
45;2021-05-05;2716;2162;152744;61470;22.4;9.0
45;2021-05-06;3329;2537;156073;64007;22.9;9.4
45;2021-05-07;2873;3182;158946;67189;23.3;9.8
45;2021-05-08;612;243;159558;67432;23.4;9.9
45;2021-05-09;1498;128;161056;67560;23.6;9.9
45;2021-05-10;4142;2971;165198;70531;24.2;10.3
45;2021-05-11;5030;2968;170228;73499;24.9;10.8
45;2021-05-12;6078;2774;176306;76273;25.8;11.2
45;2021-05-13;2450;598;178756;76871;26.2;11.3
45;2021-05-14;4967;1629;183723;78500;26.9;11.5
45;2021-05-15;4067;616;187790;79116;27.5;11.6
45;2021-05-16;289;33;188079;79149;27.5;11.6
45;2021-05-17;3360;1532;191439;80681;28.0;11.8
45;2021-05-18;5117;1680;196556;82361;28.8;12.1
45;2021-05-19;4495;2065;201051;84426;29.4;12.4
45;2021-05-20;5268;2139;206319;86565;30.2;12.7
45;2021-05-21;5143;2223;211462;88788;31.0;13.0
45;2021-05-22;3042;632;214504;89420;31.4;13.1
45;2021-05-23;15;94;214519;89514;31.4;13.1
45;2021-05-24;2827;214;217346;89728;31.8;13.1
45;2021-05-25;4962;3029;222308;92757;32.6;13.6
45;2021-05-26;5112;2337;227420;95094;33.3;13.9
45;2021-05-27;5310;3231;232730;98325;34.1;14.4
45;2021-05-28;5664;3593;238394;101918;34.9;14.9
45;2021-05-29;3671;1288;242065;103206;35.4;15.1
45;2021-05-30;33;182;242098;103388;35.5;15.1
45;2021-05-31;4330;2514;246428;105902;36.1;15.5
45;2021-06-01;6091;3001;252519;108903;37.0;15.9
45;2021-06-02;4945;3107;257464;112010;37.7;16.4
45;2021-06-03;5621;3200;263085;115210;38.5;16.9
45;2021-06-04;5896;3184;268981;118394;39.4;17.3
45;2021-06-05;2034;1332;271015;119726;39.7;17.5
45;2021-06-06;88;198;271103;119924;39.7;17.6
45;2021-06-07;4080;2722;275183;122646;40.3;18.0
45;2021-06-08;4643;4073;279826;126719;41.0;18.6
45;2021-06-09;4358;3342;284184;130061;41.6;19.0
45;2021-06-10;4649;2687;288833;132748;42.3;19.4
45;2021-06-11;4120;3661;292953;136409;42.9;20.0
45;2021-06-12;2440;1504;295393;137913;43.3;20.2
45;2021-06-13;21;424;295414;138337;43.3;20.3
45;2021-06-14;3140;4152;298554;142489;43.7;20.9
45;2021-06-15;3389;4323;301943;146812;44.2;21.5
45;2021-06-16;3904;3452;305847;150264;44.8;22.0
45;2021-06-17;3525;3537;309372;153801;45.3;22.5
45;2021-06-18;3799;5030;313171;158831;45.9;23.3
45;2021-06-19;2395;1761;315566;160592;46.2;23.5
45;2021-06-20;48;142;315614;160734;46.2;23.5
45;2021-06-21;2164;5850;317778;166584;46.5;24.4
45;2021-06-22;2419;6531;320197;173115;46.9;25.4
45;2021-06-23;2283;5600;322480;178715;47.2;26.2
45;2021-06-24;2136;3533;324616;182248;47.5;26.7
45;2021-06-25;2444;6447;327060;188695;47.9;27.6
45;2021-06-26;1947;3092;329007;191787;48.2;28.1
45;2021-06-27;53;138;329060;191925;48.2;28.1
45;2021-06-28;2076;4833;331136;196758;48.5;28.8
45;2021-06-29;2847;6816;333983;203574;48.9;29.8
45;2021-06-30;2887;5852;336870;209426;49.3;30.7
45;2021-07-01;2401;5038;339271;214464;49.7;31.4
45;2021-07-02;2370;6282;341641;220746;50.0;32.3
45;2021-07-03;755;2542;342396;223288;50.1;32.7
45;2021-07-04;6;12;342402;223300;50.1;32.7
45;2021-07-05;2139;4989;344541;228289;50.5;33.4
45;2021-07-06;2805;6781;347346;235070;50.9;34.4
45;2021-07-07;2449;6060;349795;241130;51.2;35.3
45;2021-07-08;2828;5380;352623;246510;51.6;36.1
45;2021-07-09;2148;6984;354771;253494;52.0;37.1
45;2021-07-10;1547;3862;356318;257356;52.2;37.7
45;2021-07-11;24;31;356342;257387;52.2;37.7
45;2021-07-12;1591;5998;357933;263385;52.4;38.6
45;2021-07-13;3036;8239;360969;271624;52.9;39.8
45;2021-07-14;1474;1519;362443;273143;53.1;40.0
45;2021-07-15;3733;7290;366176;280433;53.6;41.1
45;2021-07-16;3259;7445;369435;287878;54.1;42.2
45;2021-07-17;1285;2333;370720;290211;54.3;42.5
45;2021-07-18;15;19;370735;290230;54.3;42.5
45;2021-07-19;1868;5938;372603;296168;54.6;43.4
45;2021-07-20;4760;6902;377363;303070;55.3;44.4
45;2021-07-21;5177;5478;382540;308548;56.0;45.2
45;2021-07-22;6182;4906;388722;313454;56.9;45.9
45;2021-07-23;4261;5481;392983;318935;57.5;46.7
45;2021-07-24;1862;2823;394845;321758;57.8;47.1
45;2021-07-25;5;14;394850;321772;57.8;47.1
45;2021-07-26;2918;4977;397768;326749;58.2;47.8
45;2021-07-27;5467;5080;403235;331829;59.0;48.6
45;2021-07-28;4990;4176;408225;336005;59.8;49.2
45;2021-07-29;5281;3251;413506;339256;60.6;49.7
45;2021-07-30;4762;4712;418268;343968;61.2;50.4
45;2021-07-31;849;1950;419117;345918;61.4;50.7
45;2021-08-01;2;4;419119;345922;61.4;50.7
45;2021-08-02;3620;3246;422739;349168;61.9;51.1
45;2021-08-03;4878;3010;427617;352178;62.6;51.6
45;2021-08-04;3741;2232;431358;354410;63.2;51.9
45;2021-08-05;3313;2632;434671;357042;63.7;52.3
45;2021-08-06;3751;3264;438422;360306;64.2;52.8
45;2021-08-07;1682;1047;440104;361353;64.4;52.9
45;2021-08-08;9;18;440113;361371;64.4;52.9
45;2021-08-09;2600;3013;442713;364384;64.8;53.4
45;2021-08-10;3510;3802;446223;368186;65.3;53.9
45;2021-08-11;2701;3718;448924;371904;65.7;54.5
45;2021-08-12;2096;3432;451020;375336;66.0;55.0
45;2021-08-13;1743;4224;452763;379560;66.3;55.6
45;2021-08-14;680;956;453443;380516;66.4;55.7
45;2021-08-15;59;31;453502;380547;66.4;55.7
45;2021-08-16;1158;2316;454660;382863;66.6;56.1
45;2021-08-17;1857;3448;456517;386311;66.9;56.6
45;2021-08-18;1782;4049;458299;390360;67.1;57.2
45;2021-08-19;1440;4269;459739;394629;67.3;57.8
45;2021-08-20;1421;3682;461160;398311;67.5;58.3
45;2021-08-21;905;1152;462065;399463;67.7;58.5
45;2021-08-22;4;8;462069;399471;67.7;58.5
45;2021-08-23;1324;4242;463393;403713;67.9;59.1
45;2021-08-24;1731;4516;465124;408229;68.1;59.8
45;2021-08-25;1576;3723;466700;411952;68.3;60.3
45;2021-08-26;1003;3449;467703;415401;68.5;60.8
45;2021-08-27;1416;4978;469119;420379;68.7;61.6
45;2021-08-28;877;2027;469996;422406;68.8;61.9
45;2021-08-29;100;38;470096;422444;68.8;61.9
45;2021-08-30;1218;4114;471314;426558;69.0;62.5
45;2021-08-31;1074;4507;472388;431065;69.2;63.1
45;2021-09-01;1096;3547;473484;434612;69.3;63.6
45;2021-09-02;920;3354;474404;437966;69.5;64.1
45;2021-09-03;1085;3843;475489;441809;69.6;64.7
45;2021-09-04;493;1310;475982;443119;69.7;64.9
45;2021-09-05;1;16;475983;443135;69.7;64.9
45;2021-09-06;875;2821;476858;445956;69.8;65.3
45;2021-09-07;703;2226;477561;448182;69.9;65.6
45;2021-09-08;846;2614;478407;450796;70.1;66.0
45;2021-09-09;792;1675;479199;452471;70.2;66.3
45;2021-09-10;766;1865;479965;454336;70.3;66.5
45;2021-09-11;439;1601;480404;455937;70.3;66.8
45;2021-09-12;369;369;480773;456306;70.4;66.8
46;2020-12-27;4;0;4;0;0.0;0.0
46;2020-12-28;0;0;4;0;0.0;0.0
46;2020-12-29;0;0;4;0;0.0;0.0
46;2020-12-30;0;0;4;0;0.0;0.0
46;2020-12-31;0;0;4;0;0.0;0.0
46;2021-01-01;0;0;4;0;0.0;0.0
46;2021-01-02;0;0;4;0;0.0;0.0
46;2021-01-03;1;0;5;0;0.0;0.0
46;2021-01-04;0;0;5;0;0.0;0.0
46;2021-01-05;0;0;5;0;0.0;0.0
46;2021-01-06;3;0;8;0;0.0;0.0
46;2021-01-07;136;0;144;0;0.1;0.0
46;2021-01-08;181;0;325;0;0.2;0.0
46;2021-01-09;1;0;326;0;0.2;0.0
46;2021-01-10;2;0;328;0;0.2;0.0
46;2021-01-11;118;0;446;0;0.3;0.0
46;2021-01-12;140;0;586;0;0.3;0.0
46;2021-01-13;235;0;821;0;0.5;0.0
46;2021-01-14;243;2;1064;2;0.6;0.0
46;2021-01-15;306;2;1370;4;0.8;0.0
46;2021-01-16;18;0;1388;4;0.8;0.0
46;2021-01-17;0;0;1388;4;0.8;0.0
46;2021-01-18;276;2;1664;6;1.0;0.0
46;2021-01-19;390;0;2054;6;1.2;0.0
46;2021-01-20;937;2;2991;8;1.7;0.0
46;2021-01-21;997;0;3988;8;2.3;0.0
46;2021-01-22;390;2;4378;10;2.5;0.0
46;2021-01-23;0;0;4378;10;2.5;0.0
46;2021-01-24;0;0;4378;10;2.5;0.0
46;2021-01-25;204;1;4582;11;2.6;0.0
46;2021-01-26;264;1;4846;12;2.8;0.0
46;2021-01-27;277;0;5123;12;3.0;0.0
46;2021-01-28;278;43;5401;55;3.1;0.0
46;2021-01-29;233;91;5634;146;3.3;0.1
46;2021-01-30;1;0;5635;146;3.3;0.1
46;2021-01-31;1;0;5636;146;3.3;0.1
46;2021-02-01;234;167;5870;313;3.4;0.2
46;2021-02-02;210;222;6080;535;3.5;0.3
46;2021-02-03;227;90;6307;625;3.6;0.4
46;2021-02-04;372;74;6679;699;3.9;0.4
46;2021-02-05;226;156;6905;855;4.0;0.5
46;2021-02-06;9;0;6914;855;4.0;0.5
46;2021-02-07;43;0;6957;855;4.0;0.5
46;2021-02-08;197;135;7154;990;4.1;0.6
46;2021-02-09;271;211;7425;1201;4.3;0.7
46;2021-02-10;280;519;7705;1720;4.4;1.0
46;2021-02-11;655;542;8360;2262;4.8;1.3
46;2021-02-12;322;322;8682;2584;5.0;1.5
46;2021-02-13;2;0;8684;2584;5.0;1.5
46;2021-02-14;0;62;8684;2646;5.0;1.5
46;2021-02-15;195;257;8879;2903;5.1;1.7
46;2021-02-16;218;249;9097;3152;5.3;1.8
46;2021-02-17;200;296;9297;3448;5.4;2.0
46;2021-02-18;336;244;9633;3692;5.6;2.1
46;2021-02-19;277;216;9910;3908;5.7;2.3
46;2021-02-20;0;0;9910;3908;5.7;2.3
46;2021-02-21;1;0;9911;3908;5.7;2.3
46;2021-02-22;131;160;10042;4068;5.8;2.3
46;2021-02-23;225;140;10267;4208;5.9;2.4
46;2021-02-24;179;274;10446;4482;6.0;2.6
46;2021-02-25;248;298;10694;4780;6.2;2.8
46;2021-02-26;401;319;11095;5099;6.4;2.9
46;2021-02-27;120;1;11215;5100;6.5;2.9
46;2021-02-28;0;3;11215;5103;6.5;2.9
46;2021-03-01;169;161;11384;5264;6.6;3.0
46;2021-03-02;406;207;11790;5471;6.8;3.2
46;2021-03-03;458;316;12248;5787;7.1;3.3
46;2021-03-04;607;421;12855;6208;7.4;3.6
46;2021-03-05;809;345;13664;6553;7.9;3.8
46;2021-03-06;476;15;14140;6568;8.2;3.8
46;2021-03-07;101;19;14241;6587;8.2;3.8
46;2021-03-08;349;226;14590;6813;8.4;3.9
46;2021-03-09;746;261;15336;7074;8.9;4.1
46;2021-03-10;685;242;16021;7316;9.3;4.2
46;2021-03-11;852;254;16873;7570;9.7;4.4
46;2021-03-12;927;215;17800;7785;10.3;4.5
46;2021-03-13;512;3;18312;7788;10.6;4.5
46;2021-03-14;0;0;18312;7788;10.6;4.5
46;2021-03-15;505;161;18817;7949;10.9;4.6
46;2021-03-16;752;172;19569;8121;11.3;4.7
46;2021-03-17;674;190;20243;8311;11.7;4.8
46;2021-03-18;758;208;21001;8519;12.1;4.9
46;2021-03-19;810;147;21811;8666;12.6;5.0
46;2021-03-20;293;3;22104;8669;12.8;5.0
46;2021-03-21;2;0;22106;8669;12.8;5.0
46;2021-03-22;555;240;22661;8909;13.1;5.1
46;2021-03-23;702;211;23363;9120;13.5;5.3
46;2021-03-24;674;237;24037;9357;13.9;5.4
46;2021-03-25;1135;178;25172;9535;14.5;5.5
46;2021-03-26;1025;340;26197;9875;15.1;5.7
46;2021-03-27;420;50;26617;9925;15.4;5.7
46;2021-03-28;127;1;26744;9926;15.4;5.7
46;2021-03-29;733;251;27477;10177;15.9;5.9
46;2021-03-30;767;364;28244;10541;16.3;6.1
46;2021-03-31;865;417;29109;10958;16.8;6.3
46;2021-04-01;1172;346;30281;11304;17.5;6.5
46;2021-04-02;924;394;31205;11698;18.0;6.8
46;2021-04-03;167;165;31372;11863;18.1;6.9
46;2021-04-04;0;71;31372;11934;18.1;6.9
46;2021-04-05;3;0;31375;11934;18.1;6.9
46;2021-04-06;545;518;31920;12452;18.4;7.2
46;2021-04-07;785;644;32705;13096;18.9;7.6
46;2021-04-08;961;540;33666;13636;19.4;7.9
46;2021-04-09;1018;506;34684;14142;20.0;8.2
46;2021-04-10;506;208;35190;14350;20.3;8.3
46;2021-04-11;232;1;35422;14351;20.5;8.3
46;2021-04-12;845;546;36267;14897;20.9;8.6
46;2021-04-13;1187;719;37454;15616;21.6;9.0
46;2021-04-14;1533;613;38987;16229;22.5;9.4
46;2021-04-15;1502;663;40489;16892;23.4;9.8
46;2021-04-16;1585;567;42074;17459;24.3;10.1
46;2021-04-17;994;135;43068;17594;24.9;10.2
46;2021-04-18;517;9;43585;17603;25.2;10.2
46;2021-04-19;1070;571;44655;18174;25.8;10.5
46;2021-04-20;1229;728;45884;18902;26.5;10.9
46;2021-04-21;1230;712;47114;19614;27.2;11.3
46;2021-04-22;1391;728;48505;20342;28.0;11.7
46;2021-04-23;1132;732;49637;21074;28.7;12.2
46;2021-04-24;472;19;50109;21093;28.9;12.2
46;2021-04-25;351;11;50460;21104;29.1;12.2
46;2021-04-26;852;730;51312;21834;29.6;12.6
46;2021-04-27;1221;664;52533;22498;30.3;13.0
46;2021-04-28;1289;667;53822;23165;31.1;13.4
46;2021-04-29;1416;523;55238;23688;31.9;13.7
46;2021-04-30;1438;564;56676;24252;32.7;14.0
46;2021-05-01;697;72;57373;24324;33.1;14.0
46;2021-05-02;346;4;57719;24328;33.3;14.0
46;2021-05-03;853;569;58572;24897;33.8;14.4
46;2021-05-04;1037;1063;59609;25960;34.4;15.0
46;2021-05-05;1374;789;60983;26749;35.2;15.4
46;2021-05-06;1376;742;62359;27491;36.0;15.9
46;2021-05-07;1398;792;63757;28283;36.8;16.3
46;2021-05-08;280;409;64037;28692;37.0;16.6
46;2021-05-09;23;225;64060;28917;37.0;16.7
46;2021-05-10;517;1137;64577;30054;37.3;17.4
46;2021-05-11;1034;1255;65611;31309;37.9;18.1
46;2021-05-12;993;1558;66604;32867;38.5;19.0
46;2021-05-13;600;144;67204;33011;38.8;19.1
46;2021-05-14;959;1097;68163;34108;39.4;19.7
46;2021-05-15;254;654;68417;34762;39.5;20.1
46;2021-05-16;77;297;68494;35059;39.6;20.2
46;2021-05-17;653;960;69147;36019;39.9;20.8
46;2021-05-18;1404;1024;70551;37043;40.7;21.4
46;2021-05-19;1306;904;71857;37947;41.5;21.9
46;2021-05-20;1453;810;73310;38757;42.3;22.4
46;2021-05-21;997;1158;74307;39915;42.9;23.1
46;2021-05-22;147;367;74454;40282;43.0;23.3
46;2021-05-23;451;25;74905;40307;43.3;23.3
46;2021-05-24;411;113;75316;40420;43.5;23.3
46;2021-05-25;961;1332;76277;41752;44.0;24.1
46;2021-05-26;1239;1149;77516;42901;44.8;24.8
46;2021-05-27;1433;1192;78949;44093;45.6;25.5
46;2021-05-28;1428;1210;80377;45303;46.4;26.2
46;2021-05-29;1052;399;81429;45702;47.0;26.4
46;2021-05-30;409;40;81838;45742;47.3;26.4
46;2021-05-31;970;976;82808;46718;47.8;27.0
46;2021-06-01;1277;998;84085;47716;48.6;27.6
46;2021-06-02;1321;1117;85406;48833;49.3;28.2
46;2021-06-03;1418;1009;86824;49842;50.1;28.8
46;2021-06-04;1332;977;88156;50819;50.9;29.3
46;2021-06-05;381;414;88537;51233;51.1;29.6
46;2021-06-06;209;96;88746;51329;51.2;29.6
46;2021-06-07;814;616;89560;51945;51.7;30.0
46;2021-06-08;1020;895;90580;52840;52.3;30.5
46;2021-06-09;1504;974;92084;53814;53.2;31.1
46;2021-06-10;982;852;93066;54666;53.7;31.6
46;2021-06-11;970;1321;94036;55987;54.3;32.3
46;2021-06-12;459;545;94495;56532;54.6;32.6
46;2021-06-13;27;86;94522;56618;54.6;32.7
46;2021-06-14;593;1138;95115;57756;54.9;33.4
46;2021-06-15;751;1247;95866;59003;55.4;34.1
46;2021-06-16;1001;1112;96867;60115;55.9;34.7
46;2021-06-17;527;895;97394;61010;56.2;35.2
46;2021-06-18;658;1254;98052;62264;56.6;36.0
46;2021-06-19;457;313;98509;62577;56.9;36.1
46;2021-06-20;39;161;98548;62738;56.9;36.2
46;2021-06-21;429;946;98977;63684;57.2;36.8
46;2021-06-22;350;1178;99327;64862;57.4;37.5
46;2021-06-23;520;1075;99847;65937;57.7;38.1
46;2021-06-24;251;821;100098;66758;57.8;38.6
46;2021-06-25;491;1118;100589;67876;58.1;39.2
46;2021-06-26;397;553;100986;68429;58.3;39.5
46;2021-06-27;3;4;100989;68433;58.3;39.5
46;2021-06-28;315;1338;101304;69771;58.5;40.3
46;2021-06-29;376;1682;101680;71453;58.7;41.3
46;2021-06-30;512;1578;102192;73031;59.0;42.2
46;2021-07-01;490;1153;102682;74184;59.3;42.8
46;2021-07-02;469;1086;103151;75270;59.6;43.5
46;2021-07-03;124;455;103275;75725;59.6;43.7
46;2021-07-04;57;127;103332;75852;59.7;43.8
46;2021-07-05;347;1188;103679;77040;59.9;44.5
46;2021-07-06;449;1458;104128;78498;60.1;45.3
46;2021-07-07;583;1726;104711;80224;60.5;46.3
46;2021-07-08;341;1165;105052;81389;60.7;47.0
46;2021-07-09;396;1707;105448;83096;60.9;48.0
46;2021-07-10;285;1040;105733;84136;61.1;48.6
46;2021-07-11;15;375;105748;84511;61.1;48.8
46;2021-07-12;248;1261;105996;85772;61.2;49.5
46;2021-07-13;626;1671;106622;87443;61.6;50.5
46;2021-07-14;73;144;106695;87587;61.6;50.6
46;2021-07-15;917;1466;107612;89053;62.1;51.4
46;2021-07-16;766;1395;108378;90448;62.6;52.2
46;2021-07-17;363;539;108741;90987;62.8;52.5
46;2021-07-18;2;0;108743;90987;62.8;52.5
46;2021-07-19;729;1189;109472;92176;63.2;53.2
46;2021-07-20;983;1436;110455;93612;63.8;54.1
46;2021-07-21;1002;1379;111457;94991;64.4;54.9
46;2021-07-22;1404;1117;112861;96108;65.2;55.5
46;2021-07-23;768;1322;113629;97430;65.6;56.3
46;2021-07-24;957;662;114586;98092;66.2;56.6
46;2021-07-25;136;17;114722;98109;66.2;56.7
46;2021-07-26;881;879;115603;98988;66.8;57.2
46;2021-07-27;1220;978;116823;99966;67.5;57.7
46;2021-07-28;1284;1114;118107;101080;68.2;58.4
46;2021-07-29;1580;849;119687;101929;69.1;58.9
46;2021-07-30;1931;957;121618;102886;70.2;59.4
46;2021-07-31;958;660;122576;103546;70.8;59.8
46;2021-08-01;12;3;122588;103549;70.8;59.8
46;2021-08-02;974;591;123562;104140;71.4;60.1
46;2021-08-03;1364;678;124926;104818;72.1;60.5
46;2021-08-04;1738;608;126664;105426;73.1;60.9
46;2021-08-05;1383;847;128047;106273;73.9;61.4
46;2021-08-06;1421;846;129468;107119;74.8;61.9
46;2021-08-07;707;542;130175;107661;75.2;62.2
46;2021-08-08;145;66;130320;107727;75.3;62.2
46;2021-08-09;1017;693;131337;108420;75.8;62.6
46;2021-08-10;1204;892;132541;109312;76.5;63.1
46;2021-08-11;1261;1065;133802;110377;77.3;63.7
46;2021-08-12;989;799;134791;111176;77.8;64.2
46;2021-08-13;952;1004;135743;112180;78.4;64.8
46;2021-08-14;584;775;136327;112955;78.7;65.2
46;2021-08-15;8;27;136335;112982;78.7;65.2
46;2021-08-16;793;807;137128;113789;79.2;65.7
46;2021-08-17;886;1287;138014;115076;79.7;66.5
46;2021-08-18;770;1051;138784;116127;80.1;67.1
46;2021-08-19;671;1362;139455;117489;80.5;67.8
46;2021-08-20;520;1556;139975;119045;80.8;68.7
46;2021-08-21;375;649;140350;119694;81.0;69.1
46;2021-08-22;2;31;140352;119725;81.1;69.1
46;2021-08-23;418;1204;140770;120929;81.3;69.8
46;2021-08-24;550;1337;141320;122266;81.6;70.6
46;2021-08-25;525;1398;141845;123664;81.9;71.4
46;2021-08-26;389;1096;142234;124760;82.1;72.0
46;2021-08-27;433;1911;142667;126671;82.4;73.2
46;2021-08-28;270;651;142937;127322;82.5;73.5
46;2021-08-29;5;11;142942;127333;82.5;73.5
46;2021-08-30;284;1133;143226;128466;82.7;74.2
46;2021-08-31;331;1278;143557;129744;82.9;74.9
46;2021-09-01;393;1146;143950;130890;83.1;75.6
46;2021-09-02;267;1017;144217;131907;83.3;76.2
46;2021-09-03;322;1293;144539;133200;83.5;76.9
46;2021-09-04;188;663;144727;133863;83.6;77.3
46;2021-09-05;8;16;144735;133879;83.6;77.3
46;2021-09-06;218;756;144953;134635;83.7;77.7
46;2021-09-07;252;815;145205;135450;83.9;78.2
46;2021-09-08;277;891;145482;136341;84.0;78.7
46;2021-09-09;193;638;145675;136979;84.1;79.1
46;2021-09-10;275;1024;145950;138003;84.3;79.7
46;2021-09-11;145;387;146095;138390;84.4;79.9
46;2021-09-12;8;23;146103;138413;84.4;79.9
47;2020-12-27;0;0;0;0;0.0;0.0
47;2020-12-28;0;0;0;0;0.0;0.0
47;2020-12-29;0;0;0;0;0.0;0.0
47;2020-12-30;0;0;0;0;0.0;0.0
47;2020-12-31;0;0;0;0;0.0;0.0
47;2021-01-01;4;0;4;0;0.0;0.0
47;2021-01-02;0;0;4;0;0.0;0.0
47;2021-01-03;0;0;4;0;0.0;0.0
47;2021-01-04;0;0;4;0;0.0;0.0
47;2021-01-05;0;0;4;0;0.0;0.0
47;2021-01-06;0;0;4;0;0.0;0.0
47;2021-01-07;71;0;75;0;0.0;0.0
47;2021-01-08;314;0;389;0;0.1;0.0
47;2021-01-09;113;0;502;0;0.2;0.0
47;2021-01-10;0;0;502;0;0.2;0.0
47;2021-01-11;249;1;751;1;0.2;0.0
47;2021-01-12;327;0;1078;1;0.3;0.0
47;2021-01-13;349;0;1427;1;0.4;0.0
47;2021-01-14;364;4;1791;5;0.5;0.0
47;2021-01-15;287;1;2078;6;0.6;0.0
47;2021-01-16;176;3;2254;9;0.7;0.0
47;2021-01-17;0;0;2254;9;0.7;0.0
47;2021-01-18;486;1;2740;10;0.8;0.0
47;2021-01-19;469;2;3209;12;1.0;0.0
47;2021-01-20;516;0;3725;12;1.1;0.0
47;2021-01-21;585;0;4310;12;1.3;0.0
47;2021-01-22;470;0;4780;12;1.4;0.0
47;2021-01-23;391;0;5171;12;1.6;0.0
47;2021-01-24;0;0;5171;12;1.6;0.0
47;2021-01-25;426;0;5597;12;1.7;0.0
47;2021-01-26;791;4;6388;16;1.9;0.0
47;2021-01-27;732;0;7120;16;2.2;0.0
47;2021-01-28;576;60;7696;76;2.3;0.0
47;2021-01-29;461;162;8157;238;2.5;0.1
47;2021-01-30;302;37;8459;275;2.6;0.1
47;2021-01-31;0;0;8459;275;2.6;0.1
47;2021-02-01;373;114;8832;389;2.7;0.1
47;2021-02-02;759;308;9591;697;2.9;0.2
47;2021-02-03;425;149;10016;846;3.0;0.3
47;2021-02-04;370;304;10386;1150;3.1;0.3
47;2021-02-05;300;302;10686;1452;3.2;0.4
47;2021-02-06;297;85;10983;1537;3.3;0.5
47;2021-02-07;0;0;10983;1537;3.3;0.5
47;2021-02-08;183;222;11166;1759;3.4;0.5
47;2021-02-09;231;210;11397;1969;3.5;0.6
47;2021-02-10;254;211;11651;2180;3.5;0.7
47;2021-02-11;356;331;12007;2511;3.6;0.8
47;2021-02-12;243;380;12250;2891;3.7;0.9
47;2021-02-13;226;96;12476;2987;3.8;0.9
47;2021-02-14;0;0;12476;2987;3.8;0.9
47;2021-02-15;194;319;12670;3306;3.8;1.0
47;2021-02-16;303;543;12973;3849;3.9;1.2
47;2021-02-17;326;404;13299;4253;4.0;1.3
47;2021-02-18;200;499;13499;4752;4.1;1.4
47;2021-02-19;193;329;13692;5081;4.1;1.5
47;2021-02-20;117;226;13809;5307;4.2;1.6
47;2021-02-21;0;0;13809;5307;4.2;1.6
47;2021-02-22;75;338;13884;5645;4.2;1.7
47;2021-02-23;149;602;14033;6247;4.2;1.9
47;2021-02-24;261;510;14294;6757;4.3;2.0
47;2021-02-25;304;371;14598;7128;4.4;2.2
47;2021-02-26;468;294;15066;7422;4.6;2.2
47;2021-02-27;324;185;15390;7607;4.7;2.3
47;2021-02-28;0;0;15390;7607;4.7;2.3
47;2021-03-01;124;372;15514;7979;4.7;2.4
47;2021-03-02;200;334;15714;8313;4.8;2.5
47;2021-03-03;244;317;15958;8630;4.8;2.6
47;2021-03-04;593;306;16551;8936;5.0;2.7
47;2021-03-05;844;261;17395;9197;5.3;2.8
47;2021-03-06;507;173;17902;9370;5.4;2.8
47;2021-03-07;331;6;18233;9376;5.5;2.8
47;2021-03-08;458;203;18691;9579;5.7;2.9
47;2021-03-09;508;471;19199;10050;5.8;3.0
47;2021-03-10;666;287;19865;10337;6.0;3.1
47;2021-03-11;938;369;20803;10706;6.3;3.2
47;2021-03-12;1374;293;22177;10999;6.7;3.3
47;2021-03-13;950;110;23127;11109;7.0;3.4
47;2021-03-14;51;0;23178;11109;7.0;3.4
47;2021-03-15;592;163;23770;11272;7.2;3.4
47;2021-03-16;750;177;24520;11449;7.4;3.5
47;2021-03-17;860;210;25380;11659;7.7;3.5
47;2021-03-18;917;178;26297;11837;8.0;3.6
47;2021-03-19;1272;128;27569;11965;8.3;3.6
47;2021-03-20;1088;59;28657;12024;8.7;3.6
47;2021-03-21;344;1;29001;12025;8.8;3.6
47;2021-03-22;1012;95;30013;12120;9.1;3.7
47;2021-03-23;1146;147;31159;12267;9.4;3.7
47;2021-03-24;1212;130;32371;12397;9.8;3.8
47;2021-03-25;1566;151;33937;12548;10.3;3.8
47;2021-03-26;1882;197;35819;12745;10.8;3.9
47;2021-03-27;980;130;36799;12875;11.1;3.9
47;2021-03-28;700;5;37499;12880;11.4;3.9
47;2021-03-29;1512;80;39011;12960;11.8;3.9
47;2021-03-30;1644;127;40655;13087;12.3;4.0
47;2021-03-31;1605;153;42260;13240;12.8;4.0
47;2021-04-01;1682;269;43942;13509;13.3;4.1
47;2021-04-02;1934;453;45876;13962;13.9;4.2
47;2021-04-03;1202;183;47078;14145;14.3;4.3
47;2021-04-04;475;13;47553;14158;14.4;4.3
47;2021-04-05;1297;58;48850;14216;14.8;4.3
47;2021-04-06;1386;389;50236;14605;15.2;4.4
47;2021-04-07;1697;592;51933;15197;15.7;4.6
47;2021-04-08;1834;478;53767;15675;16.3;4.7
47;2021-04-09;2084;541;55851;16216;16.9;4.9
47;2021-04-10;1564;325;57415;16541;17.4;5.0
47;2021-04-11;530;9;57945;16550;17.5;5.0
47;2021-04-12;1438;613;59383;17163;18.0;5.2
47;2021-04-13;1816;763;61199;17926;18.5;5.4
47;2021-04-14;1749;719;62948;18645;19.1;5.6
47;2021-04-15;2012;844;64960;19489;19.7;5.9
47;2021-04-16;1767;890;66727;20379;20.2;6.2
47;2021-04-17;1472;969;68199;21348;20.6;6.5
47;2021-04-18;23;0;68222;21348;20.7;6.5
47;2021-04-19;1331;931;69553;22279;21.1;6.7
47;2021-04-20;1626;910;71179;23189;21.5;7.0
47;2021-04-21;1626;774;72805;23963;22.0;7.3
47;2021-04-22;1872;1058;74677;25021;22.6;7.6
47;2021-04-23;1726;1071;76403;26092;23.1;7.9
47;2021-04-24;1549;801;77952;26893;23.6;8.1
47;2021-04-25;242;345;78194;27238;23.7;8.2
47;2021-04-26;1490;1359;79684;28597;24.1;8.7
47;2021-04-27;1921;1470;81605;30067;24.7;9.1
47;2021-04-28;2090;1589;83695;31656;25.3;9.6
47;2021-04-29;2533;1505;86228;33161;26.1;10.0
47;2021-04-30;2044;1780;88272;34941;26.7;10.6
47;2021-05-01;2263;985;90535;35926;27.4;10.9
47;2021-05-02;21;357;90556;36283;27.4;11.0
47;2021-05-03;1596;1419;92152;37702;27.9;11.4
47;2021-05-04;1646;1731;93798;39433;28.4;11.9
47;2021-05-05;1927;1641;95725;41074;29.0;12.4
47;2021-05-06;2106;1507;97831;42581;29.6;12.9
47;2021-05-07;2001;1622;99832;44203;30.2;13.4
47;2021-05-08;2098;464;101930;44667;30.9;13.5
47;2021-05-09;24;359;101954;45026;30.9;13.6
47;2021-05-10;1202;1670;103156;46696;31.2;14.1
47;2021-05-11;2173;1985;105329;48681;31.9;14.7
47;2021-05-12;2626;1446;107955;50127;32.7;15.2
47;2021-05-13;2381;657;110336;50784;33.4;15.4
47;2021-05-14;2062;859;112398;51643;34.0;15.6
47;2021-05-15;1935;863;114333;52506;34.6;15.9
47;2021-05-16;367;9;114700;52515;34.7;15.9
47;2021-05-17;1885;1124;116585;53639;35.3;16.2
47;2021-05-18;2358;1140;118943;54779;36.0;16.6
47;2021-05-19;2345;760;121288;55539;36.7;16.8
47;2021-05-20;2589;967;123877;56506;37.5;17.1
47;2021-05-21;1538;1134;125415;57640;38.0;17.4
47;2021-05-22;2369;838;127784;58478;38.7;17.7
47;2021-05-23;25;186;127809;58664;38.7;17.8
47;2021-05-24;1549;237;129358;58901;39.2;17.8
47;2021-05-25;1485;1320;130843;60221;39.6;18.2
47;2021-05-26;1599;1090;132442;61311;40.1;18.6
47;2021-05-27;1942;1270;134384;62581;40.7;18.9
47;2021-05-28;1458;1535;135842;64116;41.1;19.4
47;2021-05-29;1153;1120;136995;65236;41.5;19.7
47;2021-05-30;12;45;137007;65281;41.5;19.8
47;2021-05-31;1868;1415;138875;66696;42.0;20.2
47;2021-06-01;1922;1340;140797;68036;42.6;20.6
47;2021-06-02;2102;1333;142899;69369;43.3;21.0
47;2021-06-03;2486;1613;145385;70982;44.0;21.5
47;2021-06-04;1968;2116;147353;73098;44.6;22.1
47;2021-06-05;1640;1470;148993;74568;45.1;22.6
47;2021-06-06;211;70;149204;74638;45.2;22.6
47;2021-06-07;1661;2239;150865;76877;45.7;23.3
47;2021-06-08;1631;1903;152496;78780;46.2;23.8
47;2021-06-09;1824;2123;154320;80903;46.7;24.5
47;2021-06-10;2377;1621;156697;82524;47.4;25.0
47;2021-06-11;1827;2099;158524;84623;48.0;25.6
47;2021-06-12;1351;2102;159875;86725;48.4;26.3
47;2021-06-13;4;10;159879;86735;48.4;26.3
47;2021-06-14;1281;2440;161160;89175;48.8;27.0
47;2021-06-15;1465;2033;162625;91208;49.2;27.6
47;2021-06-16;1206;2184;163831;93392;49.6;28.3
47;2021-06-17;1656;1522;165487;94914;50.1;28.7
47;2021-06-18;1440;2496;166927;97410;50.5;29.5
47;2021-06-19;1540;2453;168467;99863;51.0;30.2
47;2021-06-20;5;33;168472;99896;51.0;30.2
47;2021-06-21;1136;2513;169608;102409;51.3;31.0
47;2021-06-22;761;2505;170369;104914;51.6;31.8
47;2021-06-23;999;2016;171368;106930;51.9;32.4
47;2021-06-24;1212;1936;172580;108866;52.2;33.0
47;2021-06-25;1006;2608;173586;111474;52.5;33.7
47;2021-06-26;988;2790;174574;114264;52.8;34.6
47;2021-06-27;16;349;174590;114613;52.9;34.7
47;2021-06-28;875;2407;175465;117020;53.1;35.4
47;2021-06-29;798;2316;176263;119336;53.4;36.1
47;2021-06-30;730;2304;176993;121640;53.6;36.8
47;2021-07-01;922;2106;177915;123746;53.9;37.5
47;2021-07-02;885;2275;178800;126021;54.1;38.1
47;2021-07-03;727;3044;179527;129065;54.3;39.1
47;2021-07-04;34;12;179561;129077;54.4;39.1
47;2021-07-05;980;2148;180541;131225;54.7;39.7
47;2021-07-06;1007;1957;181548;133182;55.0;40.3
47;2021-07-07;1300;2065;182848;135247;55.4;40.9
47;2021-07-08;1144;2193;183992;137440;55.7;41.6
47;2021-07-09;1049;2406;185041;139846;56.0;42.3
47;2021-07-10;953;2131;185994;141977;56.3;43.0
47;2021-07-11;1;6;185995;141983;56.3;43.0
47;2021-07-12;557;2582;186552;144565;56.5;43.8
47;2021-07-13;1094;2588;187646;147153;56.8;44.5
47;2021-07-14;1166;1577;188812;148730;57.2;45.0
47;2021-07-15;1717;3136;190529;151866;57.7;46.0
47;2021-07-16;1723;2679;192252;154545;58.2;46.8
47;2021-07-17;1202;2459;193454;157004;58.6;47.5
47;2021-07-18;36;188;193490;157192;58.6;47.6
47;2021-07-19;1115;2558;194605;159750;58.9;48.4
47;2021-07-20;1639;2342;196244;162092;59.4;49.1
47;2021-07-21;2193;2239;198437;164331;60.1;49.7
47;2021-07-22;2159;2299;200596;166630;60.7;50.4
47;2021-07-23;2124;2248;202720;168878;61.4;51.1
47;2021-07-24;1114;1913;203834;170791;61.7;51.7
47;2021-07-25;20;1;203854;170792;61.7;51.7
47;2021-07-26;1235;1945;205089;172737;62.1;52.3
47;2021-07-27;2121;1634;207210;174371;62.7;52.8
47;2021-07-28;1882;1607;209092;175978;63.3;53.3
47;2021-07-29;2326;1598;211418;177576;64.0;53.8
47;2021-07-30;1865;1625;213283;179201;64.6;54.2
47;2021-07-31;1485;1667;214768;180868;65.0;54.8
47;2021-08-01;18;8;214786;180876;65.0;54.8
47;2021-08-02;2057;1218;216843;182094;65.6;55.1
47;2021-08-03;2160;1104;219003;183198;66.3;55.5
47;2021-08-04;2193;1527;221196;184725;67.0;55.9
47;2021-08-05;2406;1447;223602;186172;67.7;56.4
47;2021-08-06;2002;1842;225604;188014;68.3;56.9
47;2021-08-07;1628;1418;227232;189432;68.8;57.3
47;2021-08-08;24;22;227256;189454;68.8;57.4
47;2021-08-09;1884;1212;229140;190666;69.4;57.7
47;2021-08-10;1922;1297;231062;191963;69.9;58.1
47;2021-08-11;1804;1402;232866;193365;70.5;58.5
47;2021-08-12;2058;1336;234924;194701;71.1;58.9
47;2021-08-13;1424;1667;236348;196368;71.5;59.4
47;2021-08-14;1351;1442;237699;197810;72.0;59.9
47;2021-08-15;11;18;237710;197828;72.0;59.9
47;2021-08-16;1436;1447;239146;199275;72.4;60.3
47;2021-08-17;1124;1685;240270;200960;72.7;60.8
47;2021-08-18;1171;1713;241441;202673;73.1;61.4
47;2021-08-19;1036;1810;242477;204483;73.4;61.9
47;2021-08-20;965;1707;243442;206190;73.7;62.4
47;2021-08-21;826;1274;244268;207464;73.9;62.8
47;2021-08-22;19;31;244287;207495;74.0;62.8
47;2021-08-23;607;1827;244894;209322;74.1;63.4
47;2021-08-24;811;1619;245705;210941;74.4;63.9
47;2021-08-25;804;1786;246509;212727;74.6;64.4
47;2021-08-26;730;2080;247239;214807;74.8;65.0
47;2021-08-27;698;1977;247937;216784;75.1;65.6
47;2021-08-28;549;1669;248486;218453;75.2;66.1
47;2021-08-29;2;16;248488;218469;75.2;66.1
47;2021-08-30;458;1925;248946;220394;75.4;66.7
47;2021-08-31;580;1817;249526;222211;75.5;67.3
47;2021-09-01;413;2021;249939;224232;75.7;67.9
47;2021-09-02;435;2017;250374;226249;75.8;68.5
47;2021-09-03;500;1952;250874;228201;75.9;69.1
47;2021-09-04;478;1821;251352;230022;76.1;69.6
47;2021-09-05;8;36;251360;230058;76.1;69.6
47;2021-09-06;338;1406;251698;231464;76.2;70.1
47;2021-09-07;473;1267;252171;232731;76.3;70.5
47;2021-09-08;415;1621;252586;234352;76.5;70.9
47;2021-09-09;403;1343;252989;235695;76.6;71.4
47;2021-09-10;470;1320;253459;237015;76.7;71.7
47;2021-09-11;420;1422;253879;238437;76.9;72.2
47;2021-09-12;3;7;253882;238444;76.9;72.2
48;2020-12-27;0;0;0;0;0.0;0.0
48;2020-12-28;0;0;0;0;0.0;0.0
48;2020-12-29;0;0;0;0;0.0;0.0
48;2020-12-30;0;0;0;0;0.0;0.0
48;2020-12-31;0;0;0;0;0.0;0.0
48;2021-01-01;0;0;0;0;0.0;0.0
48;2021-01-02;0;0;0;0;0.0;0.0
48;2021-01-03;0;0;0;0;0.0;0.0
48;2021-01-04;0;0;0;0;0.0;0.0
48;2021-01-05;0;0;0;0;0.0;0.0
48;2021-01-06;0;0;0;0;0.0;0.0
48;2021-01-07;56;0;56;0;0.1;0.0
48;2021-01-08;88;0;144;0;0.2;0.0
48;2021-01-09;1;0;145;0;0.2;0.0
48;2021-01-10;0;0;145;0;0.2;0.0
48;2021-01-11;13;0;158;0;0.2;0.0
48;2021-01-12;19;1;177;1;0.2;0.0
48;2021-01-13;104;0;281;1;0.4;0.0
48;2021-01-14;90;1;371;2;0.5;0.0
48;2021-01-15;63;0;434;2;0.6;0.0
48;2021-01-16;0;0;434;2;0.6;0.0
48;2021-01-17;0;0;434;2;0.6;0.0
48;2021-01-18;117;0;551;2;0.7;0.0
48;2021-01-19;345;2;896;4;1.2;0.0
48;2021-01-20;364;0;1260;4;1.7;0.0
48;2021-01-21;466;1;1726;5;2.3;0.0
48;2021-01-22;269;0;1995;5;2.6;0.0
48;2021-01-23;36;0;2031;5;2.7;0.0
48;2021-01-24;0;0;2031;5;2.7;0.0
48;2021-01-25;109;2;2140;7;2.8;0.0
48;2021-01-26;261;0;2401;7;3.1;0.0
48;2021-01-27;257;1;2658;8;3.5;0.0
48;2021-01-28;271;10;2929;18;3.8;0.0
48;2021-01-29;175;59;3104;77;4.1;0.1
48;2021-01-30;1;7;3105;84;4.1;0.1
48;2021-01-31;0;6;3105;90;4.1;0.1
48;2021-02-01;98;45;3203;135;4.2;0.2
48;2021-02-02;191;32;3394;167;4.4;0.2
48;2021-02-03;177;82;3571;249;4.7;0.3
48;2021-02-04;234;13;3805;262;5.0;0.3
48;2021-02-05;145;34;3950;296;5.2;0.4
48;2021-02-06;34;1;3984;297;5.2;0.4
48;2021-02-07;0;0;3984;297;5.2;0.4
48;2021-02-08;50;58;4034;355;5.3;0.5
48;2021-02-09;66;151;4100;506;5.4;0.7
48;2021-02-10;65;297;4165;803;5.5;1.1
48;2021-02-11;165;379;4330;1182;5.7;1.5
48;2021-02-12;120;145;4450;1327;5.8;1.7
48;2021-02-13;8;55;4458;1382;5.8;1.8
48;2021-02-14;0;0;4458;1382;5.8;1.8
48;2021-02-15;51;89;4509;1471;5.9;1.9
48;2021-02-16;43;146;4552;1617;6.0;2.1
48;2021-02-17;35;273;4587;1890;6.0;2.5
48;2021-02-18;252;93;4839;1983;6.3;2.6
48;2021-02-19;60;158;4899;2141;6.4;2.8
48;2021-02-20;0;1;4899;2142;6.4;2.8
48;2021-02-21;0;14;4899;2156;6.4;2.8
48;2021-02-22;24;95;4923;2251;6.5;3.0
48;2021-02-23;74;203;4997;2454;6.6;3.2
48;2021-02-24;68;244;5065;2698;6.6;3.5
48;2021-02-25;148;243;5213;2941;6.8;3.9
48;2021-02-26;51;204;5264;3145;6.9;4.1
48;2021-02-27;28;1;5292;3146;6.9;4.1
48;2021-02-28;3;14;5295;3160;6.9;4.1
48;2021-03-01;102;81;5397;3241;7.1;4.2
48;2021-03-02;199;78;5596;3319;7.3;4.4
48;2021-03-03;155;97;5751;3416;7.5;4.5
48;2021-03-04;194;176;5945;3592;7.8;4.7
48;2021-03-05;136;127;6081;3719;8.0;4.9
48;2021-03-06;180;53;6261;3772;8.2;4.9
48;2021-03-07;75;2;6336;3774;8.3;4.9
48;2021-03-08;352;133;6688;3907;8.8;5.1
48;2021-03-09;377;97;7065;4004;9.3;5.2
48;2021-03-10;263;57;7328;4061;9.6;5.3
48;2021-03-11;334;84;7662;4145;10.0;5.4
48;2021-03-12;255;146;7917;4291;10.4;5.6
48;2021-03-13;301;5;8218;4296;10.8;5.6
48;2021-03-14;8;0;8226;4296;10.8;5.6
48;2021-03-15;174;62;8400;4358;11.0;5.7
48;2021-03-16;167;66;8567;4424;11.2;5.8
48;2021-03-17;156;110;8723;4534;11.4;5.9
48;2021-03-18;190;104;8913;4638;11.7;6.1
48;2021-03-19;116;95;9029;4733;11.8;6.2
48;2021-03-20;101;0;9130;4733;12.0;6.2
48;2021-03-21;0;0;9130;4733;12.0;6.2
48;2021-03-22;160;18;9290;4751;12.2;6.2
48;2021-03-23;329;103;9619;4854;12.6;6.4
48;2021-03-24;284;99;9903;4953;13.0;6.5
48;2021-03-25;757;120;10660;5073;14.0;6.6
48;2021-03-26;269;59;10929;5132;14.3;6.7
48;2021-03-27;104;1;11033;5133;14.5;6.7
48;2021-03-28;80;20;11113;5153;14.6;6.8
48;2021-03-29;305;78;11418;5231;15.0;6.9
48;2021-03-30;365;131;11783;5362;15.4;7.0
48;2021-03-31;448;84;12231;5446;16.0;7.1
48;2021-04-01;729;72;12960;5518;17.0;7.2
48;2021-04-02;487;134;13447;5652;17.6;7.4
48;2021-04-03;140;83;13587;5735;17.8;7.5
48;2021-04-04;0;0;13587;5735;17.8;7.5
48;2021-04-05;43;1;13630;5736;17.9;7.5
48;2021-04-06;465;160;14095;5896;18.5;7.7
48;2021-04-07;465;141;14560;6037;19.1;7.9
48;2021-04-08;620;188;15180;6225;19.9;8.2
48;2021-04-09;446;122;15626;6347;20.5;8.3
48;2021-04-10;95;60;15721;6407;20.6;8.4
48;2021-04-11;2;0;15723;6407;20.6;8.4
48;2021-04-12;364;71;16087;6478;21.1;8.5
48;2021-04-13;361;92;16448;6570;21.6;8.6
48;2021-04-14;624;187;17072;6757;22.4;8.9
48;2021-04-15;702;358;17774;7115;23.3;9.3
48;2021-04-16;538;225;18312;7340;24.0;9.6
48;2021-04-17;89;72;18401;7412;24.1;9.7
48;2021-04-18;0;0;18401;7412;24.1;9.7
48;2021-04-19;197;106;18598;7518;24.4;9.9
48;2021-04-20;216;180;18814;7698;24.7;10.1
48;2021-04-21;284;208;19098;7906;25.0;10.4
48;2021-04-22;307;480;19405;8386;25.4;11.0
48;2021-04-23;255;242;19660;8628;25.8;11.3
48;2021-04-24;97;94;19757;8722;25.9;11.4
48;2021-04-25;1;9;19758;8731;25.9;11.4
48;2021-04-26;87;210;19845;8941;26.0;11.7
48;2021-04-27;172;292;20017;9233;26.2;12.1
48;2021-04-28;149;415;20166;9648;26.4;12.6
48;2021-04-29;204;488;20370;10136;26.7;13.3
48;2021-04-30;172;223;20542;10359;26.9;13.6
48;2021-05-01;0;0;20542;10359;26.9;13.6
48;2021-05-02;0;0;20542;10359;26.9;13.6
48;2021-05-03;106;386;20648;10745;27.1;14.1
48;2021-05-04;227;421;20875;11166;27.4;14.6
48;2021-05-05;84;486;20959;11652;27.5;15.3
48;2021-05-06;774;640;21733;12292;28.5;16.1
48;2021-05-07;96;503;21829;12795;28.6;16.8
48;2021-05-08;309;43;22138;12838;29.0;16.8
48;2021-05-09;285;9;22423;12847;29.4;16.8
48;2021-05-10;55;325;22478;13172;29.5;17.3
48;2021-05-11;221;289;22699;13461;29.8;17.6
48;2021-05-12;249;313;22948;13774;30.1;18.1
48;2021-05-13;472;158;23420;13932;30.7;18.3
48;2021-05-14;244;222;23664;14154;31.0;18.6
48;2021-05-15;84;46;23748;14200;31.1;18.6
48;2021-05-16;1;6;23749;14206;31.1;18.6
48;2021-05-17;474;267;24223;14473;31.8;19.0
48;2021-05-18;263;229;24486;14702;32.1;19.3
48;2021-05-19;207;277;24693;14979;32.4;19.6
48;2021-05-20;318;256;25011;15235;32.8;20.0
48;2021-05-21;174;267;25185;15502;33.0;20.3
48;2021-05-22;25;50;25210;15552;33.0;20.4
48;2021-05-23;0;6;25210;15558;33.0;20.4
48;2021-05-24;0;14;25210;15572;33.0;20.4
48;2021-05-25;180;264;25390;15836;33.3;20.8
48;2021-05-26;416;298;25806;16134;33.8;21.1
48;2021-05-27;1179;379;26985;16513;35.4;21.6
48;2021-05-28;316;349;27301;16862;35.8;22.1
48;2021-05-29;79;50;27380;16912;35.9;22.2
48;2021-05-30;0;1;27380;16913;35.9;22.2
48;2021-05-31;625;263;28005;17176;36.7;22.5
48;2021-06-01;272;305;28277;17481;37.1;22.9
48;2021-06-02;407;425;28684;17906;37.6;23.5
48;2021-06-03;629;432;29313;18338;38.4;24.0
48;2021-06-04;291;282;29604;18620;38.8;24.4
48;2021-06-05;121;77;29725;18697;39.0;24.5
48;2021-06-06;1;1;29726;18698;39.0;24.5
48;2021-06-07;440;161;30166;18859;39.5;24.7
48;2021-06-08;615;309;30781;19168;40.3;25.1
48;2021-06-09;379;190;31160;19358;40.8;25.4
48;2021-06-10;1002;241;32162;19599;42.2;25.7
48;2021-06-11;372;161;32534;19760;42.6;25.9
48;2021-06-12;74;57;32608;19817;42.7;26.0
48;2021-06-13;0;2;32608;19819;42.7;26.0
48;2021-06-14;124;115;32732;19934;42.9;26.1
48;2021-06-15;407;386;33139;20320;43.4;26.6
48;2021-06-16;260;144;33399;20464;43.8;26.8
48;2021-06-17;486;575;33885;21039;44.4;27.6
48;2021-06-18;254;314;34139;21353;44.8;28.0
48;2021-06-19;35;291;34174;21644;44.8;28.4
48;2021-06-20;123;224;34297;21868;45.0;28.7
48;2021-06-21;125;134;34422;22002;45.1;28.8
48;2021-06-22;258;334;34680;22336;45.5;29.3
48;2021-06-23;111;546;34791;22882;45.6;30.0
48;2021-06-24;364;610;35155;23492;46.1;30.8
48;2021-06-25;154;276;35309;23768;46.3;31.2
48;2021-06-26;15;45;35324;23813;46.3;31.2
48;2021-06-27;1;1;35325;23814;46.3;31.2
48;2021-06-28;81;177;35406;23991;46.4;31.4
48;2021-06-29;297;413;35703;24404;46.8;32.0
48;2021-06-30;98;465;35801;24869;46.9;32.6
48;2021-07-01;194;669;35995;25538;47.2;33.5
48;2021-07-02;148;369;36143;25907;47.4;34.0
48;2021-07-03;42;89;36185;25996;47.4;34.1
48;2021-07-04;7;0;36192;25996;47.4;34.1
48;2021-07-05;40;116;36232;26112;47.5;34.2
48;2021-07-06;277;597;36509;26709;47.9;35.0
48;2021-07-07;201;488;36710;27197;48.1;35.7
48;2021-07-08;224;1191;36934;28388;48.4;37.2
48;2021-07-09;159;553;37093;28941;48.6;37.9
48;2021-07-10;95;147;37188;29088;48.7;38.1
48;2021-07-11;0;4;37188;29092;48.7;38.1
48;2021-07-12;140;674;37328;29766;48.9;39.0
48;2021-07-13;212;431;37540;30197;49.2;39.6
48;2021-07-14;179;145;37719;30342;49.4;39.8
48;2021-07-15;187;459;37906;30801;49.7;40.4
48;2021-07-16;234;314;38140;31115;50.0;40.8
48;2021-07-17;129;118;38269;31233;50.2;40.9
48;2021-07-18;4;5;38273;31238;50.2;40.9
48;2021-07-19;105;306;38378;31544;50.3;41.3
48;2021-07-20;677;992;39055;32536;51.2;42.7
48;2021-07-21;69;371;39124;32907;51.3;43.1
48;2021-07-22;779;1124;39903;34031;52.3;44.6
48;2021-07-23;367;437;40270;34468;52.8;45.2
48;2021-07-24;509;170;40779;34638;53.5;45.4
48;2021-07-25;138;46;40917;34684;53.6;45.5
48;2021-07-26;101;198;41018;34882;53.8;45.7
48;2021-07-27;1194;644;42212;35526;55.3;46.6
48;2021-07-28;177;316;42389;35842;55.6;47.0
48;2021-07-29;715;646;43104;36488;56.5;47.8
48;2021-07-30;200;292;43304;36780;56.8;48.2
48;2021-07-31;337;178;43641;36958;57.2;48.4
48;2021-08-01;18;55;43659;37013;57.2;48.5
48;2021-08-02;228;164;43887;37177;57.5;48.7
48;2021-08-03;924;572;44811;37749;58.7;49.5
48;2021-08-04;328;220;45139;37969;59.2;49.8
48;2021-08-05;675;474;45814;38443;60.1;50.4
48;2021-08-06;442;275;46256;38718;60.6;50.8
48;2021-08-07;249;125;46505;38843;61.0;50.9
48;2021-08-08;2;5;46507;38848;61.0;50.9
48;2021-08-09;170;140;46677;38988;61.2;51.1
48;2021-08-10;726;555;47403;39543;62.1;51.8
48;2021-08-11;295;238;47698;39781;62.5;52.1
48;2021-08-12;419;415;48117;40196;63.1;52.7
48;2021-08-13;227;212;48344;40408;63.4;53.0
48;2021-08-14;138;165;48482;40573;63.6;53.2
48;2021-08-15;131;81;48613;40654;63.7;53.3
48;2021-08-16;121;192;48734;40846;63.9;53.5
48;2021-08-17;365;1188;49099;42034;64.4;55.1
48;2021-08-18;208;202;49307;42236;64.6;55.4
48;2021-08-19;240;325;49547;42561;64.9;55.8
48;2021-08-20;214;284;49761;42845;65.2;56.2
48;2021-08-21;85;232;49846;43077;65.3;56.5
48;2021-08-22;0;0;49846;43077;65.3;56.5
48;2021-08-23;65;153;49911;43230;65.4;56.7
48;2021-08-24;308;952;50219;44182;65.8;57.9
48;2021-08-25;156;349;50375;44531;66.0;58.4
48;2021-08-26;180;501;50555;45032;66.3;59.0
48;2021-08-27;152;337;50707;45369;66.5;59.5
48;2021-08-28;126;302;50833;45671;66.6;59.9
48;2021-08-29;0;1;50833;45672;66.6;59.9
48;2021-08-30;54;146;50887;45818;66.7;60.1
48;2021-08-31;258;1070;51145;46888;67.0;61.5
48;2021-09-01;123;346;51268;47234;67.2;61.9
48;2021-09-02;131;404;51399;47638;67.4;62.4
48;2021-09-03;138;328;51537;47966;67.6;62.9
48;2021-09-04;121;242;51658;48208;67.7;63.2
48;2021-09-05;3;26;51661;48234;67.7;63.2
48;2021-09-06;34;189;51695;48423;67.8;63.5
48;2021-09-07;159;392;51854;48815;68.0;64.0
48;2021-09-08;96;225;51950;49040;68.1;64.3
48;2021-09-09;83;296;52033;49336;68.2;64.7
48;2021-09-10;128;401;52161;49737;68.4;65.2
48;2021-09-11;88;215;52249;49952;68.5;65.5
48;2021-09-12;1;3;52250;49955;68.5;65.5
49;2020-12-27;0;0;0;0;0.0;0.0
49;2020-12-28;2;0;2;0;0.0;0.0
49;2020-12-29;0;0;2;0;0.0;0.0
49;2020-12-30;0;0;2;0;0.0;0.0
49;2020-12-31;0;0;2;0;0.0;0.0
49;2021-01-01;2;0;4;0;0.0;0.0
49;2021-01-02;1;1;5;1;0.0;0.0
49;2021-01-03;0;0;5;1;0.0;0.0
49;2021-01-04;10;0;15;1;0.0;0.0
49;2021-01-05;92;0;107;1;0.0;0.0
49;2021-01-06;232;0;339;1;0.0;0.0
49;2021-01-07;366;0;705;1;0.1;0.0
49;2021-01-08;329;1;1034;2;0.1;0.0
49;2021-01-09;118;0;1152;2;0.1;0.0
49;2021-01-10;114;0;1266;2;0.2;0.0
49;2021-01-11;287;0;1553;2;0.2;0.0
49;2021-01-12;623;0;2176;2;0.3;0.0
49;2021-01-13;602;2;2778;4;0.3;0.0
49;2021-01-14;590;5;3368;9;0.4;0.0
49;2021-01-15;775;1;4143;10;0.5;0.0
49;2021-01-16;147;0;4290;10;0.5;0.0
49;2021-01-17;111;2;4401;12;0.5;0.0
49;2021-01-18;691;0;5092;12;0.6;0.0
49;2021-01-19;1204;1;6296;13;0.8;0.0
49;2021-01-20;1511;3;7807;16;1.0;0.0
49;2021-01-21;1942;4;9749;20;1.2;0.0
49;2021-01-22;1319;4;11068;24;1.4;0.0
49;2021-01-23;263;1;11331;25;1.4;0.0
49;2021-01-24;1;0;11332;25;1.4;0.0
49;2021-01-25;552;3;11884;28;1.5;0.0
49;2021-01-26;987;74;12871;102;1.6;0.0
49;2021-01-27;1860;35;14731;137;1.8;0.0
49;2021-01-28;2878;78;17609;215;2.2;0.0
49;2021-01-29;1589;84;19198;299;2.4;0.0
49;2021-01-30;300;43;19498;342;2.4;0.0
49;2021-01-31;62;45;19560;387;2.4;0.0
49;2021-02-01;662;149;20222;536;2.5;0.1
49;2021-02-02;743;364;20965;900;2.6;0.1
49;2021-02-03;677;366;21642;1266;2.7;0.2
49;2021-02-04;758;430;22400;1696;2.7;0.2
49;2021-02-05;708;588;23108;2284;2.8;0.3
49;2021-02-06;229;101;23337;2385;2.9;0.3
49;2021-02-07;59;73;23396;2458;2.9;0.3
49;2021-02-08;549;428;23945;2886;2.9;0.4
49;2021-02-09;714;571;24659;3457;3.0;0.4
49;2021-02-10;806;870;25465;4327;3.1;0.5
49;2021-02-11;1029;1346;26494;5673;3.2;0.7
49;2021-02-12;871;911;27365;6584;3.4;0.8
49;2021-02-13;266;104;27631;6688;3.4;0.8
49;2021-02-14;9;93;27640;6781;3.4;0.8
49;2021-02-15;731;616;28371;7397;3.5;0.9
49;2021-02-16;1106;1063;29477;8460;3.6;1.0
49;2021-02-17;1159;1800;30636;10260;3.8;1.3
49;2021-02-18;1811;2370;32447;12630;4.0;1.5
49;2021-02-19;1396;1056;33843;13686;4.1;1.7
49;2021-02-20;233;340;34076;14026;4.2;1.7
49;2021-02-21;0;64;34076;14090;4.2;1.7
49;2021-02-22;646;498;34722;14588;4.3;1.8
49;2021-02-23;734;781;35456;15369;4.3;1.9
49;2021-02-24;822;554;36278;15923;4.4;2.0
49;2021-02-25;1208;712;37486;16635;4.6;2.0
49;2021-02-26;1678;751;39164;17386;4.8;2.1
49;2021-02-27;435;237;39599;17623;4.9;2.2
49;2021-02-28;49;34;39648;17657;4.9;2.2
49;2021-03-01;767;513;40415;18170;5.0;2.2
49;2021-03-02;1082;631;41497;18801;5.1;2.3
49;2021-03-03;1559;617;43056;19418;5.3;2.4
49;2021-03-04;1768;880;44824;20298;5.5;2.5
49;2021-03-05;2214;648;47038;20946;5.8;2.6
49;2021-03-06;717;168;47755;21114;5.9;2.6
49;2021-03-07;627;12;48382;21126;5.9;2.6
49;2021-03-08;1397;676;49779;21802;6.1;2.7
49;2021-03-09;2051;706;51830;22508;6.4;2.8
49;2021-03-10;2530;855;54360;23363;6.7;2.9
49;2021-03-11;3195;1458;57555;24821;7.1;3.0
49;2021-03-12;3766;1004;61321;25825;7.5;3.2
49;2021-03-13;1501;211;62822;26036;7.7;3.2
49;2021-03-14;6;0;62828;26036;7.7;3.2
49;2021-03-15;2084;529;64912;26565;8.0;3.3
49;2021-03-16;1733;957;66645;27522;8.2;3.4
49;2021-03-17;1811;674;68456;28196;8.4;3.5
49;2021-03-18;2204;725;70660;28921;8.7;3.5
49;2021-03-19;3334;563;73994;29484;9.1;3.6
49;2021-03-20;1743;203;75737;29687;9.3;3.6
49;2021-03-21;499;22;76236;29709;9.3;3.6
49;2021-03-22;2247;548;78483;30257;9.6;3.7
49;2021-03-23;3406;676;81889;30933;10.0;3.8
49;2021-03-24;3602;499;85491;31432;10.5;3.9
49;2021-03-25;4226;654;89717;32086;11.0;3.9
49;2021-03-26;4885;500;94602;32586;11.6;4.0
49;2021-03-27;1674;99;96276;32685;11.8;4.0
49;2021-03-28;400;27;96676;32712;11.8;4.0
49;2021-03-29;2371;606;99047;33318;12.1;4.1
49;2021-03-30;3267;936;102314;34254;12.5;4.2
49;2021-03-31;2980;749;105294;35003;12.9;4.3
49;2021-04-01;4122;867;109416;35870;13.4;4.4
49;2021-04-02;4297;953;113713;36823;13.9;4.5
49;2021-04-03;971;193;114684;37016;14.1;4.5
49;2021-04-04;315;3;114999;37019;14.1;4.5
49;2021-04-05;944;22;115943;37041;14.2;4.5
49;2021-04-06;2331;1318;118274;38359;14.5;4.7
49;2021-04-07;3308;1364;121582;39723;14.9;4.9
49;2021-04-08;5184;1422;126766;41145;15.5;5.0
49;2021-04-09;6207;1437;132973;42582;16.3;5.2
49;2021-04-10;2067;499;135040;43081;16.6;5.3
49;2021-04-11;390;9;135430;43090;16.6;5.3
49;2021-04-12;4075;1572;139505;44662;17.1;5.5
49;2021-04-13;5381;1914;144886;46576;17.8;5.7
49;2021-04-14;4542;1876;149428;48452;18.3;5.9
49;2021-04-15;5380;1884;154808;50336;19.0;6.2
49;2021-04-16;5762;2139;160570;52475;19.7;6.4
49;2021-04-17;3336;852;163906;53327;20.1;6.5
49;2021-04-18;381;476;164287;53803;20.1;6.6
49;2021-04-19;3710;2056;167997;55859;20.6;6.8
49;2021-04-20;4375;2110;172372;57969;21.1;7.1
49;2021-04-21;3954;2204;176326;60173;21.6;7.4
49;2021-04-22;4836;2108;181162;62281;22.2;7.6
49;2021-04-23;4814;2334;185976;64615;22.8;7.9
49;2021-04-24;2939;1154;188915;65769;23.2;8.1
49;2021-04-25;40;282;188955;66051;23.2;8.1
49;2021-04-26;3743;2112;192698;68163;23.6;8.4
49;2021-04-27;4473;2500;197171;70663;24.2;8.7
49;2021-04-28;4617;2497;201788;73160;24.7;9.0
49;2021-04-29;5206;3019;206994;76179;25.4;9.3
49;2021-04-30;5556;3201;212550;79380;26.1;9.7
49;2021-05-01;2364;665;214914;80045;26.3;9.8
49;2021-05-02;5;40;214919;80085;26.3;9.8
49;2021-05-03;5012;2409;219931;82494;27.0;10.1
49;2021-05-04;4972;3038;224903;85532;27.6;10.5
49;2021-05-05;4789;3005;229692;88537;28.2;10.9
49;2021-05-06;5330;3093;235022;91630;28.8;11.2
49;2021-05-07;4281;5011;239303;96641;29.3;11.8
49;2021-05-08;3577;437;242880;97078;29.8;11.9
49;2021-05-09;10;41;242890;97119;29.8;11.9
49;2021-05-10;4830;4272;247720;101391;30.4;12.4
49;2021-05-11;5397;5088;253117;106479;31.0;13.1
49;2021-05-12;4801;4593;257918;111072;31.6;13.6
49;2021-05-13;4779;690;262697;111762;32.2;13.7
49;2021-05-14;5172;3267;267869;115029;32.8;14.1
49;2021-05-15;4157;1806;272026;116835;33.3;14.3
49;2021-05-16;2788;117;274814;116952;33.7;14.3
49;2021-05-17;4834;3684;279648;120636;34.3;14.8
49;2021-05-18;5474;3769;285122;124405;34.9;15.2
49;2021-05-19;5918;3231;291040;127636;35.7;15.6
49;2021-05-20;6809;2964;297849;130600;36.5;16.0
49;2021-05-21;6452;3745;304301;134345;37.3;16.5
49;2021-05-22;5186;1191;309487;135536;37.9;16.6
49;2021-05-23;1;12;309488;135548;37.9;16.6
49;2021-05-24;4215;448;313703;135996;38.4;16.7
49;2021-05-25;6330;3303;320033;139299;39.2;17.1
49;2021-05-26;6274;2665;326307;141964;40.0;17.4
49;2021-05-27;7112;2723;333419;144687;40.9;17.7
49;2021-05-28;6877;4011;340296;148698;41.7;18.2
49;2021-05-29;5024;1894;345320;150592;42.3;18.5
49;2021-05-30;21;14;345341;150606;42.3;18.5
49;2021-05-31;6038;3220;351379;153826;43.1;18.9
49;2021-06-01;6591;3984;357970;157810;43.9;19.3
49;2021-06-02;5795;3741;363765;161551;44.6;19.8
49;2021-06-03;6606;3419;370371;164970;45.4;20.2
49;2021-06-04;6471;4860;376842;169830;46.2;20.8
49;2021-06-05;4387;2695;381229;172525;46.7;21.1
49;2021-06-06;38;48;381267;172573;46.7;21.2
49;2021-06-07;4634;4761;385901;177334;47.3;21.7
49;2021-06-08;5188;5104;391089;182438;47.9;22.4
49;2021-06-09;5325;4502;396414;186940;48.6;22.9
49;2021-06-10;6006;3781;402420;190721;49.3;23.4
49;2021-06-11;4872;6031;407292;196752;49.9;24.1
49;2021-06-12;4098;3202;411390;199954;50.4;24.5
49;2021-06-13;20;989;411410;200943;50.4;24.6
49;2021-06-14;3412;6016;414822;206959;50.8;25.4
49;2021-06-15;4243;6395;419065;213354;51.4;26.2
49;2021-06-16;4152;5679;423217;219033;51.9;26.8
49;2021-06-17;5068;5076;428285;224109;52.5;27.5
49;2021-06-18;4134;6887;432419;230996;53.0;28.3
49;2021-06-19;3525;3970;435944;234966;53.4;28.8
49;2021-06-20;33;25;435977;234991;53.4;28.8
49;2021-06-21;2829;6510;438806;241501;53.8;29.6
49;2021-06-22;3208;7004;442014;248505;54.2;30.5
49;2021-06-23;3254;6315;445268;254820;54.6;31.2
49;2021-06-24;4318;4978;449586;259798;55.1;31.8
49;2021-06-25;3328;7449;452914;267247;55.5;32.8
49;2021-06-26;2570;4625;455484;271872;55.8;33.3
49;2021-06-27;15;1544;455499;273416;55.8;33.5
49;2021-06-28;2234;7185;457733;280601;56.1;34.4
49;2021-06-29;3029;7271;460762;287872;56.5;35.3
49;2021-06-30;2826;6805;463588;294677;56.8;36.1
49;2021-07-01;3395;6276;466983;300953;57.2;36.9
49;2021-07-02;3069;8070;470052;309023;57.6;37.9
49;2021-07-03;2008;5485;472060;314508;57.9;38.5
49;2021-07-04;7;53;472067;314561;57.9;38.6
49;2021-07-05;1741;7081;473808;321642;58.1;39.4
49;2021-07-06;1895;7552;475703;329194;58.3;40.3
49;2021-07-07;2102;6624;477805;335818;58.6;41.2
49;2021-07-08;2691;6358;480496;342176;58.9;41.9
49;2021-07-09;2363;8247;482859;350423;59.2;43.0
49;2021-07-10;1804;5344;484663;355767;59.4;43.6
49;2021-07-11;11;35;484674;355802;59.4;43.6
49;2021-07-12;1948;7713;486622;363515;59.6;44.6
49;2021-07-13;2573;8305;489195;371820;60.0;45.6
49;2021-07-14;2893;3373;492088;375193;60.3;46.0
49;2021-07-15;3168;7555;495256;382748;60.7;46.9
49;2021-07-16;3398;8298;498654;391046;61.1;47.9
49;2021-07-17;2104;5479;500758;396525;61.4;48.6
49;2021-07-18;3750;582;504508;397107;61.8;48.7
49;2021-07-19;2668;7452;507176;404559;62.2;49.6
49;2021-07-20;3588;7480;510764;412039;62.6;50.5
49;2021-07-21;4230;6464;514994;418503;63.1;51.3
49;2021-07-22;4818;5864;519812;424367;63.7;52.0
49;2021-07-23;5116;6625;524928;430992;64.3;52.8
49;2021-07-24;3688;5003;528616;435995;64.8;53.4
49;2021-07-25;67;33;528683;436028;64.8;53.4
49;2021-07-26;4516;5901;533199;441929;65.4;54.2
49;2021-07-27;5756;5445;538955;447374;66.1;54.8
49;2021-07-28;6019;4365;544974;451739;66.8;55.4
49;2021-07-29;6705;4154;551679;455893;67.6;55.9
49;2021-07-30;6177;4790;557856;460683;68.4;56.5
49;2021-07-31;3958;3422;561814;464105;68.9;56.9
49;2021-08-01;21;22;561835;464127;68.9;56.9
49;2021-08-02;4271;4654;566106;468781;69.4;57.5
49;2021-08-03;5434;3803;571540;472584;70.1;57.9
49;2021-08-04;5274;3716;576814;476300;70.7;58.4
49;2021-08-05;5306;3290;582120;479590;71.3;58.8
49;2021-08-06;5717;4281;587837;483871;72.0;59.3
49;2021-08-07;3915;3044;591752;486915;72.5;59.7
49;2021-08-08;24;36;591776;486951;72.5;59.7
49;2021-08-09;3499;4682;595275;491633;73.0;60.3
49;2021-08-10;4242;3901;599517;495534;73.5;60.7
49;2021-08-11;4009;3648;603526;499182;74.0;61.2
49;2021-08-12;2658;3055;606184;502237;74.3;61.6
49;2021-08-13;3874;4267;610058;506504;74.8;62.1
49;2021-08-14;2277;3149;612335;509653;75.1;62.5
49;2021-08-15;29;26;612364;509679;75.1;62.5
49;2021-08-16;2772;5063;615136;514742;75.4;63.1
49;2021-08-17;3275;4915;618411;519657;75.8;63.7
49;2021-08-18;2970;4114;621381;523771;76.2;64.2
49;2021-08-19;1539;3662;622920;527433;76.3;64.6
49;2021-08-20;2731;5777;625651;533210;76.7;65.4
49;2021-08-21;1389;4149;627040;537359;76.9;65.9
49;2021-08-22;6;41;627046;537400;76.9;65.9
49;2021-08-23;2247;5626;629293;543026;77.1;66.6
49;2021-08-24;2733;5783;632026;548809;77.5;67.3
49;2021-08-25;2325;5431;634351;554240;77.8;67.9
49;2021-08-26;1704;4827;636055;559067;78.0;68.5
49;2021-08-27;2446;6811;638501;565878;78.3;69.4
49;2021-08-28;901;4304;639402;570182;78.4;69.9
49;2021-08-29;4;94;639406;570276;78.4;69.9
49;2021-08-30;1151;4295;640557;574571;78.5;70.4
49;2021-08-31;2233;6002;642790;580573;78.8;71.2
49;2021-09-01;1678;4424;644468;584997;79.0;71.7
49;2021-09-02;1052;2805;645520;587802;79.1;72.0
49;2021-09-03;1455;4182;646975;591984;79.3;72.6
49;2021-09-04;1207;3568;648182;595552;79.4;73.0
49;2021-09-05;4;9;648186;595561;79.4;73.0
49;2021-09-06;1092;2914;649278;598475;79.6;73.4
49;2021-09-07;1188;2870;650466;601345;79.7;73.7
49;2021-09-08;980;3306;651446;604651;79.8;74.1
49;2021-09-09;764;1773;652210;606424;79.9;74.3
49;2021-09-10;954;3053;653164;609477;80.1;74.7
49;2021-09-11;717;2628;653881;612105;80.1;75.0
49;2021-09-12;11;8;653892;612113;80.1;75.0
50;2020-12-27;0;0;0;0;0.0;0.0
50;2020-12-28;0;0;0;0;0.0;0.0
50;2020-12-29;1;0;1;0;0.0;0.0
50;2020-12-30;0;0;1;0;0.0;0.0
50;2020-12-31;0;0;1;0;0.0;0.0
50;2021-01-01;0;0;1;0;0.0;0.0
50;2021-01-02;0;0;1;0;0.0;0.0
50;2021-01-03;0;0;1;0;0.0;0.0
50;2021-01-04;1;0;2;0;0.0;0.0
50;2021-01-05;0;0;2;0;0.0;0.0
50;2021-01-06;126;0;128;0;0.0;0.0
50;2021-01-07;323;0;451;0;0.1;0.0
50;2021-01-08;436;2;887;2;0.2;0.0
50;2021-01-09;236;0;1123;2;0.2;0.0
50;2021-01-10;23;0;1146;2;0.2;0.0
50;2021-01-11;391;1;1537;3;0.3;0.0
50;2021-01-12;600;0;2137;3;0.4;0.0
50;2021-01-13;694;4;2831;7;0.6;0.0
50;2021-01-14;1046;5;3877;12;0.8;0.0
50;2021-01-15;710;2;4587;14;0.9;0.0
50;2021-01-16;215;3;4802;17;1.0;0.0
50;2021-01-17;1;0;4803;17;1.0;0.0
50;2021-01-18;620;1;5423;18;1.1;0.0
50;2021-01-19;901;3;6324;21;1.3;0.0
50;2021-01-20;965;0;7289;21;1.5;0.0
50;2021-01-21;917;4;8206;25;1.7;0.0
50;2021-01-22;716;2;8922;27;1.8;0.0
50;2021-01-23;667;4;9589;31;2.0;0.0
50;2021-01-24;880;3;10469;34;2.1;0.0
50;2021-01-25;2711;7;13180;41;2.7;0.0
50;2021-01-26;1336;14;14516;55;3.0;0.0
50;2021-01-27;766;56;15282;111;3.1;0.0
50;2021-01-28;718;163;16000;274;3.3;0.1
50;2021-01-29;581;291;16581;565;3.4;0.1
50;2021-01-30;381;161;16962;726;3.5;0.1
50;2021-01-31;0;0;16962;726;3.5;0.1
50;2021-02-01;450;212;17412;938;3.5;0.2
50;2021-02-02;417;224;17829;1162;3.6;0.2
50;2021-02-03;391;367;18220;1529;3.7;0.3
50;2021-02-04;486;430;18706;1959;3.8;0.4
50;2021-02-05;424;433;19130;2392;3.9;0.5
50;2021-02-06;179;106;19309;2498;3.9;0.5
50;2021-02-07;0;0;19309;2498;3.9;0.5
50;2021-02-08;254;452;19563;2950;4.0;0.6
50;2021-02-09;246;564;19809;3514;4.0;0.7
50;2021-02-10;571;484;20380;3998;4.2;0.8
50;2021-02-11;437;846;20817;4844;4.2;1.0
50;2021-02-12;329;600;21146;5444;4.3;1.1
50;2021-02-13;306;445;21452;5889;4.4;1.2
50;2021-02-14;185;748;21637;6637;4.4;1.4
50;2021-02-15;663;1866;22300;8503;4.5;1.7
50;2021-02-16;746;1503;23046;10006;4.7;2.0
50;2021-02-17;632;707;23678;10713;4.8;2.2
50;2021-02-18;569;722;24247;11435;4.9;2.3
50;2021-02-19;631;421;24878;11856;5.1;2.4
50;2021-02-20;423;143;25301;11999;5.2;2.4
50;2021-02-21;85;22;25386;12021;5.2;2.4
50;2021-02-22;291;618;25677;12639;5.2;2.6
50;2021-02-23;502;463;26179;13102;5.3;2.7
50;2021-02-24;624;514;26803;13616;5.5;2.8
50;2021-02-25;779;505;27582;14121;5.6;2.9
50;2021-02-26;999;337;28581;14458;5.8;2.9
50;2021-02-27;887;104;29468;14562;6.0;3.0
50;2021-02-28;111;0;29579;14562;6.0;3.0
50;2021-03-01;488;476;30067;15038;6.1;3.1
50;2021-03-02;651;467;30718;15505;6.3;3.2
50;2021-03-03;797;398;31515;15903;6.4;3.2
50;2021-03-04;1248;300;32763;16203;6.7;3.3
50;2021-03-05;1554;314;34317;16517;7.0;3.4
50;2021-03-06;1319;145;35636;16662;7.3;3.4
50;2021-03-07;550;42;36186;16704;7.4;3.4
50;2021-03-08;1025;587;37211;17291;7.6;3.5
50;2021-03-09;1559;564;38770;17855;7.9;3.6
50;2021-03-10;1609;308;40379;18163;8.2;3.7
50;2021-03-11;2352;349;42731;18512;8.7;3.8
50;2021-03-12;2866;249;45597;18761;9.3;3.8
50;2021-03-13;1994;132;47591;18893;9.7;3.9
50;2021-03-14;280;41;47871;18934;9.8;3.9
50;2021-03-15;1378;293;49249;19227;10.0;3.9
50;2021-03-16;1341;278;50590;19505;10.3;4.0
50;2021-03-17;1296;408;51886;19913;10.6;4.1
50;2021-03-18;1162;426;53048;20339;10.8;4.1
50;2021-03-19;1733;577;54781;20916;11.2;4.3
50;2021-03-20;1688;230;56469;21146;11.5;4.3
50;2021-03-21;794;12;57263;21158;11.7;4.3
50;2021-03-22;1509;334;58772;21492;12.0;4.4
50;2021-03-23;2077;397;60849;21889;12.4;4.5
50;2021-03-24;2281;550;63130;22439;12.9;4.6
50;2021-03-25;2813;471;65943;22910;13.4;4.7
50;2021-03-26;3206;471;69149;23381;14.1;4.8
50;2021-03-27;1823;372;70972;23753;14.5;4.8
50;2021-03-28;403;20;71375;23773;14.5;4.8
50;2021-03-29;2139;721;73514;24494;15.0;5.0
50;2021-03-30;2283;643;75797;25137;15.4;5.1
50;2021-03-31;2478;570;78275;25707;16.0;5.2
50;2021-04-01;3106;866;81381;26573;16.6;5.4
50;2021-04-02;2963;929;84344;27502;17.2;5.6
50;2021-04-03;1245;680;85589;28182;17.4;5.7
50;2021-04-04;321;134;85910;28316;17.5;5.8
50;2021-04-05;400;27;86310;28343;17.6;5.8
50;2021-04-06;2129;1223;88439;29566;18.0;6.0
50;2021-04-07;2559;1175;90998;30741;18.5;6.3
50;2021-04-08;3597;1210;94595;31951;19.3;6.5
50;2021-04-09;3936;1299;98531;33250;20.1;6.8
50;2021-04-10;2533;872;101064;34122;20.6;7.0
50;2021-04-11;411;144;101475;34266;20.7;7.0
50;2021-04-12;2438;1376;103913;35642;21.2;7.3
50;2021-04-13;2678;1512;106591;37154;21.7;7.6
50;2021-04-14;2608;1352;109199;38506;22.3;7.8
50;2021-04-15;3162;1117;112361;39623;22.9;8.1
50;2021-04-16;3365;1102;115726;40725;23.6;8.3
50;2021-04-17;2398;1184;118124;41909;24.1;8.5
50;2021-04-18;425;664;118549;42573;24.2;8.7
50;2021-04-19;1997;1470;120546;44043;24.6;9.0
50;2021-04-20;2275;1588;122821;45631;25.0;9.3
50;2021-04-21;2552;1758;125373;47389;25.6;9.7
50;2021-04-22;3078;1825;128451;49214;26.2;10.0
50;2021-04-23;2758;1916;131209;51130;26.7;10.4
50;2021-04-24;1901;1429;133110;52559;27.1;10.7
50;2021-04-25;470;272;133580;52831;27.2;10.8
50;2021-04-26;2120;1882;135700;54713;27.7;11.2
50;2021-04-27;2413;2001;138113;56714;28.1;11.6
50;2021-04-28;2708;1973;140821;58687;28.7;12.0
50;2021-04-29;3286;2040;144107;60727;29.4;12.4
50;2021-04-30;3000;1923;147107;62650;30.0;12.8
50;2021-05-01;1015;596;148122;63246;30.2;12.9
50;2021-05-02;523;448;148645;63694;30.3;13.0
50;2021-05-03;1771;1804;150416;65498;30.7;13.3
50;2021-05-04;1771;2330;152187;67828;31.0;13.8
50;2021-05-05;1661;2950;153848;70778;31.4;14.4
50;2021-05-06;2531;2580;156379;73358;31.9;15.0
50;2021-05-07;2150;2853;158529;76211;32.3;15.5
50;2021-05-08;1171;793;159700;77004;32.5;15.7
50;2021-05-09;624;361;160324;77365;32.7;15.8
50;2021-05-10;1705;2605;162029;79970;33.0;16.3
50;2021-05-11;2542;2843;164571;82813;33.5;16.9
50;2021-05-12;3180;2436;167751;85249;34.2;17.4
50;2021-05-13;3383;611;171134;85860;34.9;17.5
50;2021-05-14;3571;2274;174705;88134;35.6;18.0
50;2021-05-15;4003;1871;178708;90005;36.4;18.3
50;2021-05-16;947;267;179655;90272;36.6;18.4
50;2021-05-17;2140;1877;181795;92149;37.1;18.8
50;2021-05-18;2523;1619;184318;93768;37.6;19.1
50;2021-05-19;2503;1447;186821;95215;38.1;19.4
50;2021-05-20;3261;1625;190082;96840;38.7;19.7
50;2021-05-21;3158;1909;193240;98749;39.4;20.1
50;2021-05-22;2651;1323;195891;100072;39.9;20.4
50;2021-05-23;604;284;196495;100356;40.0;20.5
50;2021-05-24;1527;490;198022;100846;40.4;20.6
50;2021-05-25;2450;1670;200472;102516;40.9;20.9
50;2021-05-26;3000;1455;203472;103971;41.5;21.2
50;2021-05-27;3034;1972;206506;105943;42.1;21.6
50;2021-05-28;2945;2115;209451;108058;42.7;22.0
50;2021-05-29;2760;1402;212211;109460;43.2;22.3
50;2021-05-30;812;328;213023;109788;43.4;22.4
50;2021-05-31;2652;1816;215675;111604;44.0;22.7
50;2021-06-01;3332;2066;219007;113670;44.6;23.2
50;2021-06-02;3260;1789;222267;115459;45.3;23.5
50;2021-06-03;3914;2060;226181;117519;46.1;24.0
50;2021-06-04;3824;2875;230005;120394;46.9;24.5
50;2021-06-05;2960;1840;232965;122234;47.5;24.9
50;2021-06-06;813;442;233778;122676;47.6;25.0
50;2021-06-07;3513;2078;237291;124754;48.4;25.4
50;2021-06-08;4072;2228;241363;126982;49.2;25.9
50;2021-06-09;4255;1986;245618;128968;50.1;26.3
50;2021-06-10;4198;2115;249816;131083;50.9;26.7
50;2021-06-11;4226;2715;254042;133798;51.8;27.3
50;2021-06-12;3738;1614;257780;135412;52.5;27.6
50;2021-06-13;1143;451;258923;135863;52.8;27.7
50;2021-06-14;2694;2966;261617;138829;53.3;28.3
50;2021-06-15;3020;2600;264637;141429;53.9;28.8
50;2021-06-16;3096;1971;267733;143400;54.6;29.2
50;2021-06-17;2799;2485;270532;145885;55.1;29.7
50;2021-06-18;3240;3050;273772;148935;55.8;30.4
50;2021-06-19;3178;1925;276950;150860;56.4;30.7
50;2021-06-20;731;710;277681;151570;56.6;30.9
50;2021-06-21;1819;3130;279500;154700;57.0;31.5
50;2021-06-22;2064;3392;281564;158092;57.4;32.2
50;2021-06-23;1873;3875;283437;161967;57.8;33.0
50;2021-06-24;1714;4007;285151;165974;58.1;33.8
50;2021-06-25;2135;4010;287286;169984;58.5;34.6
50;2021-06-26;2146;3693;289432;173677;59.0;35.4
50;2021-06-27;616;895;290048;174572;59.1;35.6
50;2021-06-28;1926;3349;291974;177921;59.5;36.3
50;2021-06-29;1882;3406;293856;181327;59.9;37.0
50;2021-06-30;2183;3407;296039;184734;60.3;37.6
50;2021-07-01;1947;3281;297986;188015;60.7;38.3
50;2021-07-02;1899;3931;299885;191946;61.1;39.1
50;2021-07-03;1447;3446;301332;195392;61.4;39.8
50;2021-07-04;445;1066;301777;196458;61.5;40.0
50;2021-07-05;1262;3412;303039;199870;61.8;40.7
50;2021-07-06;1576;3895;304615;203765;62.1;41.5
50;2021-07-07;1803;3618;306418;207383;62.4;42.3
50;2021-07-08;1377;4106;307795;211489;62.7;43.1
50;2021-07-09;1395;4572;309190;216061;63.0;44.0
50;2021-07-10;1025;3599;310215;219660;63.2;44.8
50;2021-07-11;373;1018;310588;220678;63.3;45.0
50;2021-07-12;1319;4624;311907;225302;63.6;45.9
50;2021-07-13;1626;4858;313533;230160;63.9;46.9
50;2021-07-14;1476;2359;315009;232519;64.2;47.4
50;2021-07-15;1687;5052;316696;237571;64.5;48.4
50;2021-07-16;2994;5242;319690;242813;65.2;49.5
50;2021-07-17;2149;3731;321839;246544;65.6;50.2
50;2021-07-18;402;1089;322241;247633;65.7;50.5
50;2021-07-19;1574;5183;323815;252816;66.0;51.5
50;2021-07-20;1929;5410;325744;258226;66.4;52.6
50;2021-07-21;1803;5255;327547;263481;66.8;53.7
50;2021-07-22;1949;5003;329496;268484;67.2;54.7
50;2021-07-23;2072;5372;331568;273856;67.6;55.8
50;2021-07-24;1310;3837;332878;277693;67.8;56.6
50;2021-07-25;274;1037;333152;278730;67.9;56.8
50;2021-07-26;2289;3486;335441;282216;68.4;57.5
50;2021-07-27;2897;3345;338338;285561;69.0;58.2
50;2021-07-28;2995;3686;341333;289247;69.6;58.9
50;2021-07-29;3581;3223;344914;292470;70.3;59.6
50;2021-07-30;3074;3004;347988;295474;70.9;60.2
50;2021-07-31;2406;2672;350394;298146;71.4;60.8
50;2021-08-01;483;685;350877;298831;71.5;60.9
50;2021-08-02;2469;2738;353346;301569;72.0;61.5
50;2021-08-03;3399;2469;356745;304038;72.7;62.0
50;2021-08-04;3595;2322;360340;306360;73.4;62.4
50;2021-08-05;3176;2159;363516;308519;74.1;62.9
50;2021-08-06;3644;2799;367160;311318;74.8;63.4
50;2021-08-07;2459;2156;369619;313474;75.3;63.9
50;2021-08-08;511;712;370130;314186;75.4;64.0
50;2021-08-09;2482;2133;372612;316319;75.9;64.5
50;2021-08-10;2966;1985;375578;318304;76.5;64.9
50;2021-08-11;2825;2017;378403;320321;77.1;65.3
50;2021-08-12;2567;2439;380970;322760;77.6;65.8
50;2021-08-13;2461;1983;383431;324743;78.1;66.2
50;2021-08-14;1810;1746;385241;326489;78.5;66.5
50;2021-08-15;399;334;385640;326823;78.6;66.6
50;2021-08-16;1693;2228;387333;329051;78.9;67.1
50;2021-08-17;1951;2703;389284;331754;79.3;67.6
50;2021-08-18;1816;2388;391100;334142;79.7;68.1
50;2021-08-19;1699;2574;392799;336716;80.1;68.6
50;2021-08-20;1602;2740;394401;339456;80.4;69.2
50;2021-08-21;1011;2727;395412;342183;80.6;69.7
50;2021-08-22;384;519;395796;342702;80.7;69.8
50;2021-08-23;1134;2903;396930;345605;80.9;70.4
50;2021-08-24;1236;3222;398166;348827;81.1;71.1
50;2021-08-25;1085;2650;399251;351477;81.4;71.6
50;2021-08-26;857;3155;400108;354632;81.5;72.3
50;2021-08-27;928;3181;401036;357813;81.7;72.9
50;2021-08-28;789;2888;401825;360701;81.9;73.5
50;2021-08-29;282;574;402107;361275;82.0;73.6
50;2021-08-30;767;2945;402874;364220;82.1;74.2
50;2021-08-31;816;3033;403690;367253;82.3;74.8
50;2021-09-01;627;2885;404317;370138;82.4;75.4
50;2021-09-02;499;2536;404816;372674;82.5;76.0
50;2021-09-03;652;2836;405468;375510;82.6;76.5
50;2021-09-04;619;2981;406087;378491;82.8;77.1
50;2021-09-05;194;741;406281;379232;82.8;77.3
50;2021-09-06;372;2163;406653;381395;82.9;77.7
50;2021-09-07;292;1701;406945;383096;82.9;78.1
50;2021-09-08;457;2113;407402;385209;83.0;78.5
50;2021-09-09;379;1479;407781;386688;83.1;78.8
50;2021-09-10;487;1990;408268;388678;83.2;79.2
50;2021-09-11;359;2402;408627;391080;83.3;79.7
50;2021-09-12;71;387;408698;391467;83.3;79.8
51;2020-12-27;0;0;0;0;0.0;0.0
51;2020-12-28;0;0;0;0;0.0;0.0
51;2020-12-29;0;0;0;0;0.0;0.0
51;2020-12-30;0;0;0;0;0.0;0.0
51;2020-12-31;1;0;1;0;0.0;0.0
51;2021-01-01;0;0;1;0;0.0;0.0
51;2021-01-02;0;0;1;0;0.0;0.0
51;2021-01-03;0;0;1;0;0.0;0.0
51;2021-01-04;1;0;2;0;0.0;0.0
51;2021-01-05;1;0;3;0;0.0;0.0
51;2021-01-06;6;0;9;0;0.0;0.0
51;2021-01-07;262;1;271;1;0.0;0.0
51;2021-01-08;507;1;778;2;0.1;0.0
51;2021-01-09;91;0;869;2;0.2;0.0
51;2021-01-10;0;0;869;2;0.2;0.0
51;2021-01-11;545;2;1414;4;0.3;0.0
51;2021-01-12;1539;4;2953;8;0.5;0.0
51;2021-01-13;1291;5;4244;13;0.8;0.0
51;2021-01-14;1476;6;5720;19;1.0;0.0
51;2021-01-15;607;3;6327;22;1.1;0.0
51;2021-01-16;177;1;6504;23;1.2;0.0
51;2021-01-17;102;0;6606;23;1.2;0.0
51;2021-01-18;846;3;7452;26;1.3;0.0
51;2021-01-19;999;2;8451;28;1.5;0.0
51;2021-01-20;944;8;9395;36;1.7;0.0
51;2021-01-21;790;2;10185;38;1.8;0.0
51;2021-01-22;392;2;10577;40;1.9;0.0
51;2021-01-23;294;0;10871;40;1.9;0.0
51;2021-01-24;130;1;11001;41;2.0;0.0
51;2021-01-25;712;3;11713;44;2.1;0.0
51;2021-01-26;780;5;12493;49;2.2;0.0
51;2021-01-27;655;2;13148;51;2.3;0.0
51;2021-01-28;646;56;13794;107;2.4;0.0
51;2021-01-29;474;142;14268;249;2.5;0.0
51;2021-01-30;126;5;14394;254;2.6;0.0
51;2021-01-31;83;0;14477;254;2.6;0.0
51;2021-02-01;275;58;14752;312;2.6;0.1
51;2021-02-02;738;710;15490;1022;2.7;0.2
51;2021-02-03;642;453;16132;1475;2.9;0.3
51;2021-02-04;968;771;17100;2246;3.0;0.4
51;2021-02-05;973;506;18073;2752;3.2;0.5
51;2021-02-06;30;137;18103;2889;3.2;0.5
51;2021-02-07;0;18;18103;2907;3.2;0.5
51;2021-02-08;115;392;18218;3299;3.2;0.6
51;2021-02-09;222;454;18440;3753;3.3;0.7
51;2021-02-10;219;607;18659;4360;3.3;0.8
51;2021-02-11;300;498;18959;4858;3.4;0.9
51;2021-02-12;341;508;19300;5366;3.4;1.0
51;2021-02-13;8;99;19308;5465;3.4;1.0
51;2021-02-14;8;119;19316;5584;3.4;1.0
51;2021-02-15;265;637;19581;6221;3.5;1.1
51;2021-02-16;400;792;19981;7013;3.5;1.2
51;2021-02-17;367;725;20348;7738;3.6;1.4
51;2021-02-18;437;494;20785;8232;3.7;1.5
51;2021-02-19;529;393;21314;8625;3.8;1.5
51;2021-02-20;205;276;21519;8901;3.8;1.6
51;2021-02-21;10;93;21529;8994;3.8;1.6
51;2021-02-22;195;569;21724;9563;3.9;1.7
51;2021-02-23;262;968;21986;10531;3.9;1.9
51;2021-02-24;414;584;22400;11115;4.0;2.0
51;2021-02-25;1050;802;23450;11917;4.2;2.1
51;2021-02-26;1227;613;24677;12530;4.4;2.2
51;2021-02-27;590;100;25267;12630;4.5;2.2
51;2021-02-28;7;55;25274;12685;4.5;2.2
51;2021-03-01;767;282;26041;12967;4.6;2.3
51;2021-03-02;1128;418;27169;13385;4.8;2.4
51;2021-03-03;1193;415;28362;13800;5.0;2.4
51;2021-03-04;1061;651;29423;14451;5.2;2.6
51;2021-03-05;1560;590;30983;15041;5.5;2.7
51;2021-03-06;1433;57;32416;15098;5.7;2.7
51;2021-03-07;250;6;32666;15104;5.8;2.7
51;2021-03-08;992;99;33658;15203;6.0;2.7
51;2021-03-09;1665;186;35323;15389;6.3;2.7
51;2021-03-10;1994;100;37317;15489;6.6;2.7
51;2021-03-11;2372;167;39689;15656;7.0;2.8
51;2021-03-12;3253;154;42942;15810;7.6;2.8
51;2021-03-13;2550;50;45492;15860;8.1;2.8
51;2021-03-14;190;5;45682;15865;8.1;2.8
51;2021-03-15;1580;150;47262;16015;8.4;2.8
51;2021-03-16;1479;182;48741;16197;8.6;2.9
51;2021-03-17;1497;206;50238;16403;8.9;2.9
51;2021-03-18;1615;287;51853;16690;9.2;3.0
51;2021-03-19;2311;298;54164;16988;9.6;3.0
51;2021-03-20;1662;216;55826;17204;9.9;3.1
51;2021-03-21;133;4;55959;17208;9.9;3.1
51;2021-03-22;1417;125;57376;17333;10.2;3.1
51;2021-03-23;2468;164;59844;17497;10.6;3.1
51;2021-03-24;2844;131;62688;17628;11.1;3.1
51;2021-03-25;3254;331;65942;17959;11.7;3.2
51;2021-03-26;3413;499;69355;18458;12.3;3.3
51;2021-03-27;1842;251;71197;18709;12.6;3.3
51;2021-03-28;213;3;71410;18712;12.7;3.3
51;2021-03-29;991;631;72401;19343;12.8;3.4
51;2021-03-30;1748;850;74149;20193;13.2;3.6
51;2021-03-31;1738;752;75887;20945;13.5;3.7
51;2021-04-01;2283;447;78170;21392;13.9;3.8
51;2021-04-02;2425;640;80595;22032;14.3;3.9
51;2021-04-03;1304;411;81899;22443;14.5;4.0
51;2021-04-04;106;2;82005;22445;14.5;4.0
51;2021-04-05;72;139;82077;22584;14.6;4.0
51;2021-04-06;763;1232;82840;23816;14.7;4.2
51;2021-04-07;1313;1409;84153;25225;14.9;4.5
51;2021-04-08;2206;1768;86359;26993;15.3;4.8
51;2021-04-09;2862;1725;89221;28718;15.8;5.1
51;2021-04-10;2219;497;91440;29215;16.2;5.2
51;2021-04-11;105;85;91545;29300;16.2;5.2
51;2021-04-12;1450;1340;92995;30640;16.5;5.4
51;2021-04-13;1936;1679;94931;32319;16.8;5.7
51;2021-04-14;2461;1555;97392;33874;17.3;6.0
51;2021-04-15;2855;1673;100247;35547;17.8;6.3
51;2021-04-16;3215;1597;103462;37144;18.4;6.6
51;2021-04-17;1966;775;105428;37919;18.7;6.7
51;2021-04-18;296;114;105724;38033;18.8;6.7
51;2021-04-19;1561;1158;107285;39191;19.0;7.0
51;2021-04-20;1794;1661;109079;40852;19.3;7.2
51;2021-04-21;2005;1740;111084;42592;19.7;7.6
51;2021-04-22;2407;1660;113491;44252;20.1;7.8
51;2021-04-23;2982;1827;116473;46079;20.7;8.2
51;2021-04-24;1750;951;118223;47030;21.0;8.3
51;2021-04-25;123;161;118346;47191;21.0;8.4
51;2021-04-26;1851;761;120197;47952;21.3;8.5
51;2021-04-27;2442;1224;122639;49176;21.8;8.7
51;2021-04-28;2552;1292;125191;50468;22.2;9.0
51;2021-04-29;2674;1462;127865;51930;22.7;9.2
51;2021-04-30;2976;1668;130841;53598;23.2;9.5
51;2021-05-01;1454;412;132295;54010;23.5;9.6
51;2021-05-02;107;99;132402;54109;23.5;9.6
51;2021-05-03;2484;762;134886;54871;23.9;9.7
51;2021-05-04;2788;1351;137674;56222;24.4;10.0
51;2021-05-05;2860;1639;140534;57861;24.9;10.3
51;2021-05-06;5344;1949;145878;59810;25.9;10.6
51;2021-05-07;3705;1909;149583;61719;26.5;10.9
51;2021-05-08;2862;816;152445;62535;27.0;11.1
51;2021-05-09;211;92;152656;62627;27.1;11.1
51;2021-05-10;3216;1865;155872;64492;27.6;11.4
51;2021-05-11;3643;2034;159515;66526;28.3;11.8
51;2021-05-12;4182;2232;163697;68758;29.0;12.2
51;2021-05-13;1778;505;165475;69263;29.3;12.3
51;2021-05-14;5402;1742;170877;71005;30.3;12.6
51;2021-05-15;4229;1353;175106;72358;31.1;12.8
51;2021-05-16;284;46;175390;72404;31.1;12.8
51;2021-05-17;3133;1525;178523;73929;31.7;13.1
51;2021-05-18;3918;1769;182441;75698;32.4;13.4
51;2021-05-19;4031;1722;186472;77420;33.1;13.7
51;2021-05-20;4650;1967;191122;79387;33.9;14.1
51;2021-05-21;3597;2469;194719;81856;34.5;14.5
51;2021-05-22;2076;1547;196795;83403;34.9;14.8
51;2021-05-23;308;210;197103;83613;35.0;14.8
51;2021-05-24;2019;718;199122;84331;35.3;15.0
51;2021-05-25;3130;1830;202252;86161;35.9;15.3
51;2021-05-26;3298;1710;205550;87871;36.5;15.6
51;2021-05-27;3267;2059;208817;89930;37.0;16.0
51;2021-05-28;3606;2804;212423;92734;37.7;16.4
51;2021-05-29;2402;1992;214825;94726;38.1;16.8
51;2021-05-30;401;133;215226;94859;38.2;16.8
51;2021-05-31;3350;1774;218576;96633;38.8;17.1
51;2021-06-01;3855;2328;222431;98961;39.5;17.6
51;2021-06-02;6098;2325;228529;101286;40.5;18.0
51;2021-06-03;3582;2425;232111;103711;41.2;18.4
51;2021-06-04;6345;2934;238456;106645;42.3;18.9
51;2021-06-05;2598;1816;241054;108461;42.8;19.2
51;2021-06-06;172;157;241226;108618;42.8;19.3
51;2021-06-07;4303;2164;245529;110782;43.5;19.6
51;2021-06-08;3925;2529;249454;113311;44.2;20.1
51;2021-06-09;4018;2747;253472;116058;45.0;20.6
51;2021-06-10;3208;2487;256680;118545;45.5;21.0
51;2021-06-11;3358;3425;260038;121970;46.1;21.6
51;2021-06-12;2166;2171;262204;124141;46.5;22.0
51;2021-06-13;191;149;262395;124290;46.5;22.0
51;2021-06-14;1627;3328;264022;127618;46.8;22.6
51;2021-06-15;3191;3577;267213;131195;47.4;23.3
51;2021-06-16;2208;3682;269421;134877;47.8;23.9
51;2021-06-17;2609;5400;272030;140277;48.2;24.9
51;2021-06-18;2356;5210;274386;145487;48.7;25.8
51;2021-06-19;1683;4425;276069;149912;49.0;26.6
51;2021-06-20;184;228;276253;150140;49.0;26.6
51;2021-06-21;1231;4435;277484;154575;49.2;27.4
51;2021-06-22;1558;4043;279042;158618;49.5;28.1
51;2021-06-23;3670;4236;282712;162854;50.1;28.9
51;2021-06-24;2247;3226;284959;166080;50.5;29.5
51;2021-06-25;1907;6525;286866;172605;50.9;30.6
51;2021-06-26;1203;5067;288069;177672;51.1;31.5
51;2021-06-27;103;336;288172;178008;51.1;31.6
51;2021-06-28;1401;4413;289573;182421;51.4;32.4
51;2021-06-29;1175;4463;290748;186884;51.6;33.1
51;2021-06-30;1687;6045;292435;192929;51.9;34.2
51;2021-07-01;1978;3766;294413;196695;52.2;34.9
51;2021-07-02;1836;6890;296249;203585;52.5;36.1
51;2021-07-03;1004;3197;297253;206782;52.7;36.7
51;2021-07-04;171;254;297424;207036;52.8;36.7
51;2021-07-05;768;5529;298192;212565;52.9;37.7
51;2021-07-06;1248;4779;299440;217344;53.1;38.5
51;2021-07-07;1615;4935;301055;222279;53.4;39.4
51;2021-07-08;2068;3431;303123;225710;53.8;40.0
51;2021-07-09;1855;5054;304978;230764;54.1;40.9
51;2021-07-10;1236;3205;306214;233969;54.3;41.5
51;2021-07-11;191;281;306405;234250;54.3;41.5
51;2021-07-12;995;4379;307400;238629;54.5;42.3
51;2021-07-13;1481;4769;308881;243398;54.8;43.2
51;2021-07-14;1071;1690;309952;245088;55.0;43.5
51;2021-07-15;2937;4910;312889;249998;55.5;44.3
51;2021-07-16;2364;5275;315253;255273;55.9;45.3
51;2021-07-17;1821;3478;317074;258751;56.2;45.9
51;2021-07-18;163;330;317237;259081;56.3;46.0
51;2021-07-19;1892;3975;319129;263056;56.6;46.7
51;2021-07-20;2585;5141;321714;268197;57.1;47.6
51;2021-07-21;3614;4066;325328;272263;57.7;48.3
51;2021-07-22;4413;3759;329741;276022;58.5;49.0
51;2021-07-23;3643;4380;333384;280402;59.1;49.7
51;2021-07-24;2086;2723;335470;283125;59.5;50.2
51;2021-07-25;356;258;335826;283383;59.6;50.3
51;2021-07-26;3115;2811;338941;286194;60.1;50.8
51;2021-07-27;5859;3272;344800;289466;61.2;51.3
51;2021-07-28;4137;4319;348937;293785;61.9;52.1
51;2021-07-29;4700;2721;353637;296506;62.7;52.6
51;2021-07-30;3625;3157;357262;299663;63.4;53.1
51;2021-07-31;2528;2131;359790;301794;63.8;53.5
51;2021-08-01;375;236;360165;302030;63.9;53.6
51;2021-08-02;3287;2308;363452;304338;64.5;54.0
51;2021-08-03;3774;1910;367226;306248;65.1;54.3
51;2021-08-04;4456;2124;371682;308372;65.9;54.7
51;2021-08-05;2656;1536;374338;309908;66.4;55.0
51;2021-08-06;3044;2551;377382;312459;66.9;55.4
51;2021-08-07;2163;1695;379545;314154;67.3;55.7
51;2021-08-08;367;208;379912;314362;67.4;55.8
51;2021-08-09;2605;1851;382517;316213;67.8;56.1
51;2021-08-10;2371;1981;384888;318194;68.3;56.4
51;2021-08-11;2915;2342;387803;320536;68.8;56.9
51;2021-08-12;1753;1948;389556;322484;69.1;57.2
51;2021-08-13;2067;2671;391623;325155;69.5;57.7
51;2021-08-14;1581;2037;393204;327192;69.7;58.0
51;2021-08-15;149;148;393353;327340;69.8;58.1
51;2021-08-16;1353;3017;394706;330357;70.0;58.6
51;2021-08-17;1553;3282;396259;333639;70.3;59.2
51;2021-08-18;1898;3689;398157;337328;70.6;59.8
51;2021-08-19;1403;2547;399560;339875;70.9;60.3
51;2021-08-20;1704;3967;401264;343842;71.2;61.0
51;2021-08-21;985;2496;402249;346338;71.3;61.4
51;2021-08-22;101;342;402350;346680;71.4;61.5
51;2021-08-23;1105;3605;403455;350285;71.6;62.1
51;2021-08-24;1166;3640;404621;353925;71.8;62.8
51;2021-08-25;1308;4486;405929;358411;72.0;63.6
51;2021-08-26;1052;2546;406981;360957;72.2;64.0
51;2021-08-27;1210;4178;408191;365135;72.4;64.8
51;2021-08-28;649;2628;408840;367763;72.5;65.2
51;2021-08-29;83;360;408923;368123;72.5;65.3
51;2021-08-30;1330;4826;410253;372949;72.8;66.1
51;2021-08-31;777;3012;411030;375961;72.9;66.7
51;2021-09-01;739;3369;411769;379330;73.0;67.3
51;2021-09-02;794;2215;412563;381545;73.2;67.7
51;2021-09-03;901;2907;413464;384452;73.3;68.2
51;2021-09-04;612;2804;414076;387256;73.4;68.7
51;2021-09-05;122;225;414198;387481;73.5;68.7
51;2021-09-06;432;1787;414630;389268;73.5;69.0
51;2021-09-07;517;1576;415147;390844;73.6;69.3
51;2021-09-08;625;2175;415772;393019;73.7;69.7
51;2021-09-09;459;1345;416231;394364;73.8;69.9
51;2021-09-10;655;2075;416886;396439;73.9;70.3
51;2021-09-11;558;1927;417444;398366;74.0;70.7
51;2021-09-12;19;82;417463;398448;74.0;70.7
52;2020-12-27;0;0;0;0;0.0;0.0
52;2020-12-28;1;0;1;0;0.0;0.0
52;2020-12-29;0;0;1;0;0.0;0.0
52;2020-12-30;0;0;1;0;0.0;0.0
52;2020-12-31;0;0;1;0;0.0;0.0
52;2021-01-01;0;0;1;0;0.0;0.0
52;2021-01-02;1;0;2;0;0.0;0.0
52;2021-01-03;0;0;2;0;0.0;0.0
52;2021-01-04;0;0;2;0;0.0;0.0
52;2021-01-05;0;0;2;0;0.0;0.0
52;2021-01-06;2;0;4;0;0.0;0.0
52;2021-01-07;0;0;4;0;0.0;0.0
52;2021-01-08;201;1;205;1;0.1;0.0
52;2021-01-09;93;0;298;1;0.2;0.0
52;2021-01-10;0;0;298;1;0.2;0.0
52;2021-01-11;207;0;505;1;0.3;0.0
52;2021-01-12;171;0;676;1;0.4;0.0
52;2021-01-13;563;2;1239;3;0.7;0.0
52;2021-01-14;677;10;1916;13;1.1;0.0
52;2021-01-15;411;1;2327;14;1.4;0.0
52;2021-01-16;16;1;2343;15;1.4;0.0
52;2021-01-17;0;0;2343;15;1.4;0.0
52;2021-01-18;427;0;2770;15;1.6;0.0
52;2021-01-19;440;0;3210;15;1.9;0.0
52;2021-01-20;420;0;3630;15;2.1;0.0
52;2021-01-21;424;1;4054;16;2.4;0.0
52;2021-01-22;321;2;4375;18;2.6;0.0
52;2021-01-23;73;1;4448;19;2.6;0.0
52;2021-01-24;0;0;4448;19;2.6;0.0
52;2021-01-25;235;0;4683;19;2.8;0.0
52;2021-01-26;307;0;4990;19;2.9;0.0
52;2021-01-27;238;1;5228;20;3.1;0.0
52;2021-01-28;174;4;5402;24;3.2;0.0
52;2021-01-29;74;117;5476;141;3.2;0.1
52;2021-01-30;91;92;5567;233;3.3;0.1
52;2021-01-31;0;0;5567;233;3.3;0.1
52;2021-02-01;117;179;5684;412;3.4;0.2
52;2021-02-02;61;170;5745;582;3.4;0.3
52;2021-02-03;89;392;5834;974;3.4;0.6
52;2021-02-04;231;570;6065;1544;3.6;0.9
52;2021-02-05;113;451;6178;1995;3.7;1.2
52;2021-02-06;22;0;6200;1995;3.7;1.2
52;2021-02-07;0;1;6200;1996;3.7;1.2
52;2021-02-08;34;181;6234;2177;3.7;1.3
52;2021-02-09;47;182;6281;2359;3.7;1.4
52;2021-02-10;88;169;6369;2528;3.8;1.5
52;2021-02-11;129;128;6498;2656;3.8;1.6
52;2021-02-12;187;114;6685;2770;3.9;1.6
52;2021-02-13;5;1;6690;2771;4.0;1.6
52;2021-02-14;0;16;6690;2787;4.0;1.6
52;2021-02-15;79;237;6769;3024;4.0;1.8
52;2021-02-16;50;305;6819;3329;4.0;2.0
52;2021-02-17;38;275;6857;3604;4.1;2.1
52;2021-02-18;82;248;6939;3852;4.1;2.3
52;2021-02-19;51;162;6990;4014;4.1;2.4
52;2021-02-20;14;94;7004;4108;4.1;2.4
52;2021-02-21;0;0;7004;4108;4.1;2.4
52;2021-02-22;42;340;7046;4448;4.2;2.6
52;2021-02-23;57;241;7103;4689;4.2;2.8
52;2021-02-24;81;216;7184;4905;4.2;2.9
52;2021-02-25;161;227;7345;5132;4.3;3.0
52;2021-02-26;296;176;7641;5308;4.5;3.1
52;2021-02-27;149;49;7790;5357;4.6;3.2
52;2021-02-28;0;0;7790;5357;4.6;3.2
52;2021-03-01;163;13;7953;5370;4.7;3.2
52;2021-03-02;201;45;8154;5415;4.8;3.2
52;2021-03-03;356;36;8510;5451;5.0;3.2
52;2021-03-04;379;58;8889;5509;5.3;3.3
52;2021-03-05;531;52;9420;5561;5.6;3.3
52;2021-03-06;409;35;9829;5596;5.8;3.3
52;2021-03-07;0;0;9829;5596;5.8;3.3
52;2021-03-08;397;108;10226;5704;6.0;3.4
52;2021-03-09;549;104;10775;5808;6.4;3.4
52;2021-03-10;308;103;11083;5911;6.5;3.5
52;2021-03-11;586;34;11669;5945;6.9;3.5
52;2021-03-12;584;67;12253;6012;7.2;3.6
52;2021-03-13;492;10;12745;6022;7.5;3.6
52;2021-03-14;15;3;12760;6025;7.5;3.6
52;2021-03-15;318;27;13078;6052;7.7;3.6
52;2021-03-16;203;15;13281;6067;7.8;3.6
52;2021-03-17;367;13;13648;6080;8.1;3.6
52;2021-03-18;442;10;14090;6090;8.3;3.6
52;2021-03-19;452;53;14542;6143;8.6;3.6
52;2021-03-20;259;12;14801;6155;8.7;3.6
52;2021-03-21;15;1;14816;6156;8.8;3.6
52;2021-03-22;375;49;15191;6205;9.0;3.7
52;2021-03-23;686;88;15877;6293;9.4;3.7
52;2021-03-24;771;71;16648;6364;9.8;3.8
52;2021-03-25;1141;88;17789;6452;10.5;3.8
52;2021-03-26;1037;136;18826;6588;11.1;3.9
52;2021-03-27;477;75;19303;6663;11.4;3.9
52;2021-03-28;53;0;19356;6663;11.4;3.9
52;2021-03-29;507;183;19863;6846;11.7;4.0
52;2021-03-30;870;295;20733;7141;12.2;4.2
52;2021-03-31;956;291;21689;7432;12.8;4.4
52;2021-04-01;1145;183;22834;7615;13.5;4.5
52;2021-04-02;958;108;23792;7723;14.1;4.6
52;2021-04-03;461;3;24253;7726;14.3;4.6
52;2021-04-04;1;1;24254;7727;14.3;4.6
52;2021-04-05;1;0;24255;7727;14.3;4.6
52;2021-04-06;433;294;24688;8021;14.6;4.7
52;2021-04-07;506;450;25194;8471;14.9;5.0
52;2021-04-08;860;208;26054;8679;15.4;5.1
52;2021-04-09;1059;130;27113;8809;16.0;5.2
52;2021-04-10;852;102;27965;8911;16.5;5.3
52;2021-04-11;96;1;28061;8912;16.6;5.3
52;2021-04-12;932;277;28993;9189;17.1;5.4
52;2021-04-13;1251;378;30244;9567;17.9;5.7
52;2021-04-14;1346;455;31590;10022;18.7;5.9
52;2021-04-15;1506;438;33096;10460;19.6;6.2
52;2021-04-16;1573;357;34669;10817;20.5;6.4
52;2021-04-17;1311;134;35980;10951;21.3;6.5
52;2021-04-18;510;29;36490;10980;21.6;6.5
52;2021-04-19;697;609;37187;11589;22.0;6.8
52;2021-04-20;1080;678;38267;12267;22.6;7.2
52;2021-04-21;1060;674;39327;12941;23.2;7.6
52;2021-04-22;1468;733;40795;13674;24.1;8.1
52;2021-04-23;1251;667;42046;14341;24.8;8.5
52;2021-04-24;477;293;42523;14634;25.1;8.6
52;2021-04-25;3;77;42526;14711;25.1;8.7
52;2021-04-26;632;559;43158;15270;25.5;9.0
52;2021-04-27;933;670;44091;15940;26.1;9.4
52;2021-04-28;1442;567;45533;16507;26.9;9.8
52;2021-04-29;1452;583;46985;17090;27.8;10.1
52;2021-04-30;1316;609;48301;17699;28.5;10.5
52;2021-05-01;8;232;48309;17931;28.5;10.6
52;2021-05-02;0;1;48309;17932;28.5;10.6
52;2021-05-03;1159;628;49468;18560;29.2;11.0
52;2021-05-04;1445;719;50913;19279;30.1;11.4
52;2021-05-05;1768;647;52681;19926;31.1;11.8
52;2021-05-06;1963;537;54644;20463;32.3;12.1
52;2021-05-07;1442;1168;56086;21631;33.1;12.8
52;2021-05-08;589;318;56675;21949;33.5;13.0
52;2021-05-09;1;47;56676;21996;33.5;13.0
52;2021-05-10;793;1100;57469;23096;34.0;13.6
52;2021-05-11;868;1390;58337;24486;34.5;14.5
52;2021-05-12;1206;1382;59543;25868;35.2;15.3
52;2021-05-13;67;184;59610;26052;35.2;15.4
52;2021-05-14;1185;1366;60795;27418;35.9;16.2
52;2021-05-15;491;929;61286;28347;36.2;16.7
52;2021-05-16;8;43;61294;28390;36.2;16.8
52;2021-05-17;1144;705;62438;29095;36.9;17.2
52;2021-05-18;1218;677;63656;29772;37.6;17.6
52;2021-05-19;1542;415;65198;30187;38.5;17.8
52;2021-05-20;1546;418;66744;30605;39.4;18.1
52;2021-05-21;1625;614;68369;31219;40.4;18.4
52;2021-05-22;1089;210;69458;31429;41.0;18.6
52;2021-05-23;1;0;69459;31429;41.0;18.6
52;2021-05-24;405;33;69864;31462;41.3;18.6
52;2021-05-25;1351;385;71215;31847;42.1;18.8
52;2021-05-26;1479;672;72694;32519;43.0;19.2
52;2021-05-27;1565;788;74259;33307;43.9;19.7
52;2021-05-28;1493;668;75752;33975;44.8;20.1
52;2021-05-29;695;834;76447;34809;45.2;20.6
52;2021-05-30;16;551;76463;35360;45.2;20.9
52;2021-05-31;824;830;77287;36190;45.7;21.4
52;2021-06-01;956;816;78243;37006;46.2;21.9
52;2021-06-02;896;754;79139;37760;46.8;22.3
52;2021-06-03;825;825;79964;38585;47.2;22.8
52;2021-06-04;883;1340;80847;39925;47.8;23.6
52;2021-06-05;581;637;81428;40562;48.1;24.0
52;2021-06-06;27;55;81455;40617;48.1;24.0
52;2021-06-07;359;931;81814;41548;48.3;24.5
52;2021-06-08;556;1468;82370;43016;48.7;25.4
52;2021-06-09;612;1474;82982;44490;49.0;26.3
52;2021-06-10;794;1157;83776;45647;49.5;27.0
52;2021-06-11;830;1348;84606;46995;50.0;27.8
52;2021-06-12;422;586;85028;47581;50.2;28.1
52;2021-06-13;2;6;85030;47587;50.2;28.1
52;2021-06-14;171;1413;85201;49000;50.3;29.0
52;2021-06-15;221;1807;85422;50807;50.5;30.0
52;2021-06-16;351;1996;85773;52803;50.7;31.2
52;2021-06-17;265;1156;86038;53959;50.8;31.9
52;2021-06-18;308;1553;86346;55512;51.0;32.8
52;2021-06-19;502;685;86848;56197;51.3;33.2
52;2021-06-20;1;17;86849;56214;51.3;33.2
52;2021-06-21;523;897;87372;57111;51.6;33.7
52;2021-06-22;503;1048;87875;58159;51.9;34.4
52;2021-06-23;563;1043;88438;59202;52.3;35.0
52;2021-06-24;610;716;89048;59918;52.6;35.4
52;2021-06-25;661;1313;89709;61231;53.0;36.2
52;2021-06-26;264;722;89973;61953;53.2;36.6
52;2021-06-27;1;8;89974;61961;53.2;36.6
52;2021-06-28;185;1443;90159;63404;53.3;37.5
52;2021-06-29;163;1414;90322;64818;53.4;38.3
52;2021-06-30;220;1467;90542;66285;53.5;39.2
52;2021-07-01;320;1022;90862;67307;53.7;39.8
52;2021-07-02;430;1454;91292;68761;53.9;40.6
52;2021-07-03;302;1148;91594;69909;54.1;41.3
52;2021-07-04;0;11;91594;69920;54.1;41.3
52;2021-07-05;173;1448;91767;71368;54.2;42.2
52;2021-07-06;284;1449;92051;72817;54.4;43.0
52;2021-07-07;309;1165;92360;73982;54.6;43.7
52;2021-07-08;473;1166;92833;75148;54.8;44.4
52;2021-07-09;288;1620;93121;76768;55.0;45.4
52;2021-07-10;155;822;93276;77590;55.1;45.8
52;2021-07-11;13;12;93289;77602;55.1;45.9
52;2021-07-12;299;1466;93588;79068;55.3;46.7
52;2021-07-13;590;1368;94178;80436;55.6;47.5
52;2021-07-14;437;153;94615;80589;55.9;47.6
52;2021-07-15;614;1429;95229;82018;56.3;48.5
52;2021-07-16;900;1337;96129;83355;56.8;49.2
52;2021-07-17;530;343;96659;83698;57.1;49.5
52;2021-07-18;3;12;96662;83710;57.1;49.5
52;2021-07-19;691;986;97353;84696;57.5;50.0
52;2021-07-20;1110;831;98463;85527;58.2;50.5
52;2021-07-21;1161;737;99624;86264;58.9;51.0
52;2021-07-22;1449;862;101073;87126;59.7;51.5
52;2021-07-23;1400;956;102473;88082;60.5;52.0
52;2021-07-24;874;487;103347;88569;61.1;52.3
52;2021-07-25;22;21;103369;88590;61.1;52.3
52;2021-07-26;1010;613;104379;89203;61.7;52.7
52;2021-07-27;1343;656;105722;89859;62.5;53.1
52;2021-07-28;1381;642;107103;90501;63.3;53.5
52;2021-07-29;1263;622;108366;91123;64.0;53.8
52;2021-07-30;1366;709;109732;91832;64.8;54.3
52;2021-07-31;873;549;110605;92381;65.4;54.6
52;2021-08-01;1;14;110606;92395;65.4;54.6
52;2021-08-02;1184;562;111790;92957;66.1;54.9
52;2021-08-03;1361;539;113151;93496;66.9;55.2
52;2021-08-04;1154;581;114305;94077;67.5;55.6
52;2021-08-05;1025;575;115330;94652;68.1;55.9
52;2021-08-06;1057;698;116387;95350;68.8;56.3
52;2021-08-07;518;422;116905;95772;69.1;56.6
52;2021-08-08;0;6;116905;95778;69.1;56.6
52;2021-08-09;468;870;117373;96648;69.3;57.1
52;2021-08-10;717;748;118090;97396;69.8;57.5
52;2021-08-11;534;836;118624;98232;70.1;58.0
52;2021-08-12;621;751;119245;98983;70.5;58.5
52;2021-08-13;417;1026;119662;100009;70.7;59.1
52;2021-08-14;421;360;120083;100369;71.0;59.3
52;2021-08-15;13;13;120096;100382;71.0;59.3
52;2021-08-16;327;934;120423;101316;71.2;59.9
52;2021-08-17;413;910;120836;102226;71.4;60.4
52;2021-08-18;480;944;121316;103170;71.7;61.0
52;2021-08-19;459;836;121775;104006;71.9;61.5
52;2021-08-20;385;1211;122160;105217;72.2;62.2
52;2021-08-21;395;604;122555;105821;72.4;62.5
52;2021-08-22;4;11;122559;105832;72.4;62.5
52;2021-08-23;426;1057;122985;106889;72.7;63.2
52;2021-08-24;297;1077;123282;107966;72.8;63.8
52;2021-08-25;250;1061;123532;109027;73.0;64.4
52;2021-08-26;296;913;123828;109940;73.2;65.0
52;2021-08-27;426;1276;124254;111216;73.4;65.7
52;2021-08-28;243;495;124497;111711;73.6;66.0
52;2021-08-29;3;25;124500;111736;73.6;66.0
52;2021-08-30;203;998;124703;112734;73.7;66.6
52;2021-08-31;205;1055;124908;113789;73.8;67.2
52;2021-09-01;180;1067;125088;114856;73.9;67.9
52;2021-09-02;194;762;125282;115618;74.0;68.3
52;2021-09-03;241;936;125523;116554;74.2;68.9
52;2021-09-04;189;556;125712;117110;74.3;69.2
52;2021-09-05;2;14;125714;117124;74.3;69.2
52;2021-09-06;122;542;125836;117666;74.3;69.5
52;2021-09-07;160;520;125996;118186;74.4;69.8
52;2021-09-08;136;615;126132;118801;74.5;70.2
52;2021-09-09;138;432;126270;119233;74.6;70.4
52;2021-09-10;254;739;126524;119972;74.8;70.9
52;2021-09-11;151;321;126675;120293;74.8;71.1
52;2021-09-12;2;12;126677;120305;74.8;71.1
53;2020-12-27;0;0;0;0;0.0;0.0
53;2020-12-28;0;0;0;0;0.0;0.0
53;2020-12-29;0;0;0;0;0.0;0.0
53;2020-12-30;0;0;0;0;0.0;0.0
53;2020-12-31;0;0;0;0;0.0;0.0
53;2021-01-01;0;0;0;0;0.0;0.0
53;2021-01-02;1;0;1;0;0.0;0.0
53;2021-01-03;0;0;1;0;0.0;0.0
53;2021-01-04;1;0;2;0;0.0;0.0
53;2021-01-05;0;0;2;0;0.0;0.0
53;2021-01-06;0;0;2;0;0.0;0.0
53;2021-01-07;102;0;104;0;0.0;0.0
53;2021-01-08;284;1;388;1;0.1;0.0
53;2021-01-09;134;1;522;2;0.2;0.0
53;2021-01-10;15;0;537;2;0.2;0.0
53;2021-01-11;176;0;713;2;0.2;0.0
53;2021-01-12;454;0;1167;2;0.4;0.0
53;2021-01-13;253;0;1420;2;0.5;0.0
53;2021-01-14;290;7;1710;9;0.6;0.0
53;2021-01-15;343;4;2053;13;0.7;0.0
53;2021-01-16;61;0;2114;13;0.7;0.0
53;2021-01-17;25;0;2139;13;0.7;0.0
53;2021-01-18;364;0;2503;13;0.8;0.0
53;2021-01-19;594;0;3097;13;1.0;0.0
53;2021-01-20;742;0;3839;13;1.3;0.0
53;2021-01-21;769;2;4608;15;1.5;0.0
53;2021-01-22;705;5;5313;20;1.7;0.0
53;2021-01-23;160;0;5473;20;1.8;0.0
53;2021-01-24;6;0;5479;20;1.8;0.0
53;2021-01-25;550;0;6029;20;2.0;0.0
53;2021-01-26;1198;6;7227;26;2.4;0.0
53;2021-01-27;696;4;7923;30;2.6;0.0
53;2021-01-28;737;93;8660;123;2.8;0.0
53;2021-01-29;422;177;9082;300;3.0;0.1
53;2021-01-30;129;0;9211;300;3.0;0.1
53;2021-01-31;0;0;9211;300;3.0;0.1
53;2021-02-01;298;144;9509;444;3.1;0.1
53;2021-02-02;309;226;9818;670;3.2;0.2
53;2021-02-03;227;364;10045;1034;3.3;0.3
53;2021-02-04;184;315;10229;1349;3.3;0.4
53;2021-02-05;234;289;10463;1638;3.4;0.5
53;2021-02-06;153;23;10616;1661;3.5;0.5
53;2021-02-07;0;0;10616;1661;3.5;0.5
53;2021-02-08;168;89;10784;1750;3.5;0.6
53;2021-02-09;369;212;11153;1962;3.7;0.6
53;2021-02-10;266;406;11419;2368;3.7;0.8
53;2021-02-11;433;434;11852;2802;3.9;0.9
53;2021-02-12;318;504;12170;3306;4.0;1.1
53;2021-02-13;96;54;12266;3360;4.0;1.1
53;2021-02-14;0;99;12266;3459;4.0;1.1
53;2021-02-15;239;346;12505;3805;4.1;1.2
53;2021-02-16;528;750;13033;4555;4.3;1.5
53;2021-02-17;391;544;13424;5099;4.4;1.7
53;2021-02-18;547;527;13971;5626;4.6;1.8
53;2021-02-19;895;370;14866;5996;4.9;2.0
53;2021-02-20;139;85;15005;6081;4.9;2.0
53;2021-02-21;1;20;15006;6101;4.9;2.0
53;2021-02-22;161;462;15167;6563;5.0;2.1
53;2021-02-23;59;536;15226;7099;5.0;2.3
53;2021-02-24;137;423;15363;7522;5.0;2.5
53;2021-02-25;457;297;15820;7819;5.2;2.6
53;2021-02-26;438;225;16258;8044;5.3;2.6
53;2021-02-27;86;91;16344;8135;5.4;2.7
53;2021-02-28;0;0;16344;8135;5.4;2.7
53;2021-03-01;231;231;16575;8366;5.4;2.7
53;2021-03-02;246;218;16821;8584;5.5;2.8
53;2021-03-03;321;371;17142;8955;5.6;2.9
53;2021-03-04;860;337;18002;9292;5.9;3.0
53;2021-03-05;659;271;18661;9563;6.1;3.1
53;2021-03-06;447;190;19108;9753;6.3;3.2
53;2021-03-07;276;5;19384;9758;6.3;3.2
53;2021-03-08;375;165;19759;9923;6.5;3.2
53;2021-03-09;878;243;20637;10166;6.8;3.3
53;2021-03-10;807;106;21444;10272;7.0;3.4
53;2021-03-11;1247;228;22691;10500;7.4;3.4
53;2021-03-12;1603;146;24294;10646;8.0;3.5
53;2021-03-13;824;13;25118;10659;8.2;3.5
53;2021-03-14;1;0;25119;10659;8.2;3.5
53;2021-03-15;1002;296;26121;10955;8.6;3.6
53;2021-03-16;1035;332;27156;11287;8.9;3.7
53;2021-03-17;687;258;27843;11545;9.1;3.8
53;2021-03-18;972;345;28815;11890;9.4;3.9
53;2021-03-19;1344;594;30159;12484;9.9;4.1
53;2021-03-20;592;17;30751;12501;10.1;4.1
53;2021-03-21;3;0;30754;12501;10.1;4.1
53;2021-03-22;1213;157;31967;12658;10.5;4.1
53;2021-03-23;1699;71;33666;12729;11.0;4.2
53;2021-03-24;1323;118;34989;12847;11.5;4.2
53;2021-03-25;2323;239;37312;13086;12.2;4.3
53;2021-03-26;1884;152;39196;13238;12.8;4.3
53;2021-03-27;339;3;39535;13241;12.9;4.3
53;2021-03-28;2;0;39537;13241;12.9;4.3
53;2021-03-29;1474;213;41011;13454;13.4;4.4
53;2021-03-30;1944;201;42955;13655;14.1;4.5
53;2021-03-31;1792;223;44747;13878;14.7;4.5
53;2021-04-01;1948;670;46695;14548;15.3;4.8
53;2021-04-02;2075;227;48770;14775;16.0;4.8
53;2021-04-03;414;1;49184;14776;16.1;4.8
53;2021-04-04;10;0;49194;14776;16.1;4.8
53;2021-04-05;9;15;49203;14791;16.1;4.8
53;2021-04-06;1304;503;50507;15294;16.5;5.0
53;2021-04-07;1175;925;51682;16219;16.9;5.3
53;2021-04-08;1663;1005;53345;17224;17.5;5.6
53;2021-04-09;1958;406;55303;17630;18.1;5.8
53;2021-04-10;543;13;55846;17643;18.3;5.8
53;2021-04-11;12;0;55858;17643;18.3;5.8
53;2021-04-12;694;1067;56552;18710;18.5;6.1
53;2021-04-13;1470;1105;58022;19815;19.0;6.5
53;2021-04-14;1024;736;59046;20551;19.3;6.7
53;2021-04-15;1158;1105;60204;21656;19.7;7.1
53;2021-04-16;1271;816;61475;22472;20.1;7.4
53;2021-04-17;281;274;61756;22746;20.2;7.4
53;2021-04-18;0;0;61756;22746;20.2;7.4
53;2021-04-19;681;1062;62437;23808;20.4;7.8
53;2021-04-20;936;1452;63373;25260;20.8;8.3
53;2021-04-21;851;1010;64224;26270;21.0;8.6
53;2021-04-22;1046;1614;65270;27884;21.4;9.1
53;2021-04-23;1327;1053;66597;28937;21.8;9.5
53;2021-04-24;68;7;66665;28944;21.8;9.5
53;2021-04-25;6;39;66671;28983;21.8;9.5
53;2021-04-26;368;1230;67039;30213;22.0;9.9
53;2021-04-27;723;1970;67762;32183;22.2;10.5
53;2021-04-28;978;1393;68740;33576;22.5;11.0
53;2021-04-29;1052;1711;69792;35287;22.9;11.6
53;2021-04-30;1366;1315;71158;36602;23.3;12.0
53;2021-05-01;36;50;71194;36652;23.3;12.0
53;2021-05-02;0;0;71194;36652;23.3;12.0
53;2021-05-03;1571;703;72765;37355;23.8;12.2
53;2021-05-04;1304;1442;74069;38797;24.3;12.7
53;2021-05-05;1611;825;75680;39622;24.8;13.0
53;2021-05-06;1391;1400;77071;41022;25.2;13.4
53;2021-05-07;1538;1300;78609;42322;25.7;13.9
53;2021-05-08;939;36;79548;42358;26.1;13.9
53;2021-05-09;11;2;79559;42360;26.1;13.9
53;2021-05-10;2416;815;81975;43175;26.8;14.1
53;2021-05-11;3097;1281;85072;44456;27.9;14.6
53;2021-05-12;2751;1093;87823;45549;28.8;14.9
53;2021-05-13;350;27;88173;45576;28.9;14.9
53;2021-05-14;2021;678;90194;46254;29.5;15.1
53;2021-05-15;1058;64;91252;46318;29.9;15.2
53;2021-05-16;3;0;91255;46318;29.9;15.2
53;2021-05-17;1701;1196;92956;47514;30.4;15.6
53;2021-05-18;1881;1550;94837;49064;31.1;16.1
53;2021-05-19;2303;745;97140;49809;31.8;16.3
53;2021-05-20;3216;867;100356;50676;32.9;16.6
53;2021-05-21;2798;828;103154;51504;33.8;16.9
53;2021-05-22;21;59;103175;51563;33.8;16.9
53;2021-05-23;0;0;103175;51563;33.8;16.9
53;2021-05-24;8;6;103183;51569;33.8;16.9
53;2021-05-25;1820;802;105003;52371;34.4;17.2
53;2021-05-26;1852;906;106855;53277;35.0;17.4
53;2021-05-27;3073;1079;109928;54356;36.0;17.8
53;2021-05-28;2562;872;112490;55228;36.8;18.1
53;2021-05-29;846;240;113336;55468;37.1;18.2
53;2021-05-30;18;6;113354;55474;37.1;18.2
53;2021-05-31;2565;802;115919;56276;38.0;18.4
53;2021-06-01;3489;1255;119408;57531;39.1;18.8
53;2021-06-02;3184;521;122592;58052;40.1;19.0
53;2021-06-03;4198;783;126790;58835;41.5;19.3
53;2021-06-04;3180;1265;129970;60100;42.6;19.7
53;2021-06-05;137;245;130107;60345;42.6;19.8
53;2021-06-06;1;4;130108;60349;42.6;19.8
53;2021-06-07;2629;923;132737;61272;43.5;20.1
53;2021-06-08;3589;1128;136326;62400;44.6;20.4
53;2021-06-09;2454;943;138780;63343;45.4;20.7
53;2021-06-10;3521;843;142301;64186;46.6;21.0
53;2021-06-11;2966;1210;145267;65396;47.6;21.4
53;2021-06-12;108;138;145375;65534;47.6;21.5
53;2021-06-13;10;2;145385;65536;47.6;21.5
53;2021-06-14;1600;1788;146985;67324;48.1;22.0
53;2021-06-15;1899;2264;148884;69588;48.8;22.8
53;2021-06-16;1826;1732;150710;71320;49.4;23.4
53;2021-06-17;3013;1651;153723;72971;50.3;23.9
53;2021-06-18;2704;1805;156427;74776;51.2;24.5
53;2021-06-19;762;1166;157189;75942;51.5;24.9
53;2021-06-20;3;479;157192;76421;51.5;25.0
53;2021-06-21;918;2524;158110;78945;51.8;25.9
53;2021-06-22;1299;3452;159409;82397;52.2;27.0
53;2021-06-23;1362;2891;160771;85288;52.6;27.9
53;2021-06-24;1802;2033;162573;87321;53.2;28.6
53;2021-06-25;1786;2044;164359;89365;53.8;29.3
53;2021-06-26;977;350;165336;89715;54.1;29.4
53;2021-06-27;8;8;165344;89723;54.1;29.4
53;2021-06-28;662;2900;166006;92623;54.4;30.3
53;2021-06-29;858;3645;166864;96268;54.6;31.5
53;2021-06-30;748;1518;167612;97786;54.9;32.0
53;2021-07-01;1507;2630;169119;100416;55.4;32.9
53;2021-07-02;1528;2025;170647;102441;55.9;33.5
53;2021-07-03;857;574;171504;103015;56.2;33.7
53;2021-07-04;0;4;171504;103019;56.2;33.7
53;2021-07-05;542;2059;172046;105078;56.3;34.4
53;2021-07-06;860;3616;172906;108694;56.6;35.6
53;2021-07-07;1024;2652;173930;111346;57.0;36.5
53;2021-07-08;1313;3116;175243;114462;57.4;37.5
53;2021-07-09;1131;3401;176374;117863;57.8;38.6
53;2021-07-10;422;1000;176796;118863;57.9;38.9
53;2021-07-11;12;20;176808;118883;57.9;38.9
53;2021-07-12;503;3706;177311;122589;58.1;40.1
53;2021-07-13;895;4763;178206;127352;58.4;41.7
53;2021-07-14;104;284;178310;127636;58.4;41.8
53;2021-07-15;1112;4343;179422;131979;58.8;43.2
53;2021-07-16;1248;3847;180670;135826;59.2;44.5
53;2021-07-17;1317;299;181987;136125;59.6;44.6
53;2021-07-18;27;20;182014;136145;59.6;44.6
53;2021-07-19;734;3429;182748;139574;59.8;45.7
53;2021-07-20;985;4122;183733;143696;60.2;47.1
53;2021-07-21;686;3275;184419;146971;60.4;48.1
53;2021-07-22;1513;3524;185932;150495;60.9;49.3
53;2021-07-23;1604;3761;187536;154256;61.4;50.5
53;2021-07-24;956;280;188492;154536;61.7;50.6
53;2021-07-25;60;24;188552;154560;61.7;50.6
53;2021-07-26;1727;1941;190279;156501;62.3;51.3
53;2021-07-27;2357;2820;192636;159321;63.1;52.2
53;2021-07-28;2145;2813;194781;162134;63.8;53.1
53;2021-07-29;2493;2545;197274;164679;64.6;53.9
53;2021-07-30;1829;2647;199103;167326;65.2;54.8
53;2021-07-31;626;230;199729;167556;65.4;54.9
53;2021-08-01;37;25;199766;167581;65.4;54.9
53;2021-08-02;2084;1729;201850;169310;66.1;55.4
53;2021-08-03;2414;1905;204264;171215;66.9;56.1
53;2021-08-04;2478;1863;206742;173078;67.7;56.7
53;2021-08-05;2870;1539;209612;174617;68.6;57.2
53;2021-08-06;2517;1718;212129;176335;69.5;57.7
53;2021-08-07;483;272;212612;176607;69.6;57.8
53;2021-08-08;6;19;212618;176626;69.6;57.8
53;2021-08-09;1840;1648;214458;178274;70.2;58.4
53;2021-08-10;2324;1748;216782;180022;71.0;59.0
53;2021-08-11;1682;866;218464;180888;71.5;59.2
53;2021-08-12;2005;983;220469;181871;72.2;59.6
53;2021-08-13;2039;1313;222508;183184;72.9;60.0
53;2021-08-14;66;63;222574;183247;72.9;60.0
53;2021-08-15;1;2;222575;183249;72.9;60.0
53;2021-08-16;1333;1595;223908;184844;73.3;60.5
53;2021-08-17;1548;1656;225456;186500;73.8;61.1
53;2021-08-18;1515;1602;226971;188102;74.3;61.6
53;2021-08-19;1372;1972;228343;190074;74.8;62.2
53;2021-08-20;1096;2082;229439;192156;75.1;62.9
53;2021-08-21;189;342;229628;192498;75.2;63.0
53;2021-08-22;0;0;229628;192498;75.2;63.0
53;2021-08-23;842;1912;230470;194410;75.5;63.7
53;2021-08-24;901;2114;231371;196524;75.8;64.4
53;2021-08-25;908;2272;232279;198796;76.1;65.1
53;2021-08-26;666;2611;232945;201407;76.3;66.0
53;2021-08-27;753;2642;233698;204049;76.5;66.8
53;2021-08-28;48;133;233746;204182;76.5;66.9
53;2021-08-29;11;31;233757;204213;76.6;66.9
53;2021-08-30;618;2106;234375;206319;76.8;67.6
53;2021-08-31;759;2919;235134;209238;77.0;68.5
53;2021-09-01;339;1637;235473;210875;77.1;69.1
53;2021-09-02;441;1823;235914;212698;77.3;69.7
53;2021-09-03;447;2496;236361;215194;77.4;70.5
53;2021-09-04;115;211;236476;215405;77.4;70.5
53;2021-09-05;1;12;236477;215417;77.4;70.5
53;2021-09-06;300;1662;236777;217079;77.5;71.1
53;2021-09-07;285;1942;237062;219021;77.6;71.7
53;2021-09-08;420;2157;237482;221178;77.8;72.4
53;2021-09-09;235;1460;237717;222638;77.8;72.9
53;2021-09-10;380;2088;238097;224726;78.0;73.6
53;2021-09-11;39;137;238136;224863;78.0;73.6
53;2021-09-12;0;1;238136;224864;78.0;73.6
54;2020-12-27;0;0;0;0;0.0;0.0
54;2020-12-28;1;0;1;0;0.0;0.0
54;2020-12-29;0;0;1;0;0.0;0.0
54;2020-12-30;0;0;1;0;0.0;0.0
54;2020-12-31;10;0;11;0;0.0;0.0
54;2021-01-01;0;0;11;0;0.0;0.0
54;2021-01-02;0;0;11;0;0.0;0.0
54;2021-01-03;1;0;12;0;0.0;0.0
54;2021-01-04;163;0;175;0;0.0;0.0
54;2021-01-05;395;0;570;0;0.1;0.0
54;2021-01-06;650;1;1220;1;0.2;0.0
54;2021-01-07;817;2;2037;3;0.3;0.0
54;2021-01-08;706;3;2743;6;0.4;0.0
54;2021-01-09;81;0;2824;6;0.4;0.0
54;2021-01-10;78;0;2902;6;0.4;0.0
54;2021-01-11;974;3;3876;9;0.5;0.0
54;2021-01-12;1181;1;5057;10;0.7;0.0
54;2021-01-13;2425;8;7482;18;1.0;0.0
54;2021-01-14;3401;25;10883;43;1.5;0.0
54;2021-01-15;2720;13;13603;56;1.9;0.0
54;2021-01-16;815;3;14418;59;2.0;0.0
54;2021-01-17;209;0;14627;59;2.0;0.0
54;2021-01-18;1557;5;16184;64;2.2;0.0
54;2021-01-19;1706;0;17890;64;2.4;0.0
54;2021-01-20;1525;4;19415;68;2.7;0.0
54;2021-01-21;1372;4;20787;72;2.8;0.0
54;2021-01-22;1092;8;21879;80;3.0;0.0
54;2021-01-23;478;1;22357;81;3.1;0.0
54;2021-01-24;66;0;22423;81;3.1;0.0
54;2021-01-25;946;28;23369;109;3.2;0.0
54;2021-01-26;142;5;23511;114;3.2;0.0
54;2021-01-27;12;148;23523;262;3.2;0.0
54;2021-01-28;32;213;23555;475;3.2;0.1
54;2021-01-29;18;252;23573;727;3.2;0.1
54;2021-01-30;7;0;23580;727;3.2;0.1
54;2021-01-31;1;0;23581;727;3.2;0.1
54;2021-02-01;13;741;23594;1468;3.2;0.2
54;2021-02-02;23;918;23617;2386;3.2;0.3
54;2021-02-03;363;1436;23980;3822;3.3;0.5
54;2021-02-04;740;2278;24720;6100;3.4;0.8
54;2021-02-05;797;1765;25517;7865;3.5;1.1
54;2021-02-06;204;287;25721;8152;3.5;1.1
54;2021-02-07;4;101;25725;8253;3.5;1.1
54;2021-02-08;117;893;25842;9146;3.5;1.3
54;2021-02-09;305;966;26147;10112;3.6;1.4
54;2021-02-10;385;702;26532;10814;3.6;1.5
54;2021-02-11;294;741;26826;11555;3.7;1.6
54;2021-02-12;446;1147;27272;12702;3.7;1.7
54;2021-02-13;148;221;27420;12923;3.8;1.8
54;2021-02-14;9;11;27429;12934;3.8;1.8
54;2021-02-15;428;989;27857;13923;3.8;1.9
54;2021-02-16;401;1086;28258;15009;3.9;2.1
54;2021-02-17;518;851;28776;15860;3.9;2.2
54;2021-02-18;595;701;29371;16561;4.0;2.3
54;2021-02-19;520;665;29891;17226;4.1;2.4
54;2021-02-20;33;254;29924;17480;4.1;2.4
54;2021-02-21;3;22;29927;17502;4.1;2.4
54;2021-02-22;484;528;30411;18030;4.2;2.5
54;2021-02-23;679;520;31090;18550;4.3;2.5
54;2021-02-24;728;344;31818;18894;4.4;2.6
54;2021-02-25;1475;673;33293;19567;4.6;2.7
54;2021-02-26;1775;763;35068;20330;4.8;2.8
54;2021-02-27;698;108;35766;20438;4.9;2.8
54;2021-02-28;11;26;35777;20464;4.9;2.8
54;2021-03-01;650;207;36427;20671;5.0;2.8
54;2021-03-02;1503;144;37930;20815;5.2;2.8
54;2021-03-03;1763;61;39693;20876;5.4;2.9
54;2021-03-04;2028;97;41721;20973;5.7;2.9
54;2021-03-05;2797;143;44518;21116;6.1;2.9
54;2021-03-06;4045;112;48563;21228;6.6;2.9
54;2021-03-07;2626;69;51189;21297;7.0;2.9
54;2021-03-08;1337;64;52526;21361;7.2;2.9
54;2021-03-09;2647;105;55173;21466;7.6;2.9
54;2021-03-10;3195;106;58368;21572;8.0;3.0
54;2021-03-11;3391;98;61759;21670;8.5;3.0
54;2021-03-12;4981;179;66740;21849;9.1;3.0
54;2021-03-13;4206;110;70946;21959;9.7;3.0
54;2021-03-14;543;40;71489;21999;9.8;3.0
54;2021-03-15;1719;103;73208;22102;10.0;3.0
54;2021-03-16;1735;170;74943;22272;10.3;3.0
54;2021-03-17;2082;151;77025;22423;10.5;3.1
54;2021-03-18;2061;171;79086;22594;10.8;3.1
54;2021-03-19;3320;273;82406;22867;11.3;3.1
54;2021-03-20;2312;72;84718;22939;11.6;3.1
54;2021-03-21;295;14;85013;22953;11.6;3.1
54;2021-03-22;1034;323;86047;23276;11.8;3.2
54;2021-03-23;1937;507;87984;23783;12.0;3.3
54;2021-03-24;2195;707;90179;24490;12.3;3.4
54;2021-03-25;3177;718;93356;25208;12.8;3.5
54;2021-03-26;3516;814;96872;26022;13.3;3.6
54;2021-03-27;2419;289;99291;26311;13.6;3.6
54;2021-03-28;278;6;99569;26317;13.6;3.6
54;2021-03-29;1669;385;101238;26702;13.9;3.7
54;2021-03-30;2559;972;103797;27674;14.2;3.8
54;2021-03-31;2598;1141;106395;28815;14.6;3.9
54;2021-04-01;3238;1283;109633;30098;15.0;4.1
54;2021-04-02;2963;1678;112596;31776;15.4;4.4
54;2021-04-03;1264;1303;113860;33079;15.6;4.5
54;2021-04-04;137;419;113997;33498;15.6;4.6
54;2021-04-05;145;573;114142;34071;15.6;4.7
54;2021-04-06;1269;1647;115411;35718;15.8;4.9
54;2021-04-07;926;2255;116337;37973;15.9;5.2
54;2021-04-08;2326;2424;118663;40397;16.2;5.5
54;2021-04-09;4121;3131;122784;43528;16.8;6.0
54;2021-04-10;3207;1678;125991;45206;17.2;6.2
54;2021-04-11;206;946;126197;46152;17.3;6.3
54;2021-04-12;2199;1529;128396;47681;17.6;6.5
54;2021-04-13;3002;1972;131398;49653;18.0;6.8
54;2021-04-14;3261;1860;134659;51513;18.4;7.1
54;2021-04-15;2877;2296;137536;53809;18.8;7.4
54;2021-04-16;3142;2599;140678;56408;19.3;7.7
54;2021-04-17;3475;1489;144153;57897;19.7;7.9
54;2021-04-18;64;245;144217;58142;19.7;8.0
54;2021-04-19;2462;1082;146679;59224;20.1;8.1
54;2021-04-20;3011;1245;149690;60469;20.5;8.3
54;2021-04-21;4403;1635;154093;62104;21.1;8.5
54;2021-04-22;3721;2385;157814;64489;21.6;8.8
54;2021-04-23;3866;2080;161680;66569;22.1;9.1
54;2021-04-24;2346;1040;164026;67609;22.5;9.3
54;2021-04-25;283;276;164309;67885;22.5;9.3
54;2021-04-26;2306;1271;166615;69156;22.8;9.5
54;2021-04-27;3288;1438;169903;70594;23.3;9.7
54;2021-04-28;2974;1942;172877;72536;23.7;9.9
54;2021-04-29;3796;2073;176673;74609;24.2;10.2
54;2021-04-30;4491;1957;181164;76566;24.8;10.5
54;2021-05-01;2264;803;183428;77369;25.1;10.6
54;2021-05-02;229;68;183657;77437;25.1;10.6
54;2021-05-03;3097;939;186754;78376;25.6;10.7
54;2021-05-04;3517;1454;190271;79830;26.1;10.9
54;2021-05-05;4896;1416;195167;81246;26.7;11.1
54;2021-05-06;4437;2798;199604;84044;27.3;11.5
54;2021-05-07;4825;3396;204429;87440;28.0;12.0
54;2021-05-08;2030;645;206459;88085;28.3;12.1
54;2021-05-09;375;136;206834;88221;28.3;12.1
54;2021-05-10;3208;2238;210042;90459;28.8;12.4
54;2021-05-11;5491;2931;215533;93390;29.5;12.8
54;2021-05-12;4146;3388;219679;96778;30.1;13.3
54;2021-05-13;2647;492;222326;97270;30.4;13.3
54;2021-05-14;6886;1999;229212;99269;31.4;13.6
54;2021-05-15;5484;1320;234696;100589;32.1;13.8
54;2021-05-16;946;109;235642;100698;32.3;13.8
54;2021-05-17;3798;826;239440;101524;32.8;13.9
54;2021-05-18;3289;1104;242729;102628;33.2;14.1
54;2021-05-19;3465;1514;246194;104142;33.7;14.3
54;2021-05-20;4538;1614;250732;105756;34.3;14.5
54;2021-05-21;6755;2503;257487;108259;35.3;14.8
54;2021-05-22;5662;1373;263149;109632;36.0;15.0
54;2021-05-23;504;54;263653;109686;36.1;15.0
54;2021-05-24;1444;344;265097;110030;36.3;15.1
54;2021-05-25;4200;1533;269297;111563;36.9;15.3
54;2021-05-26;3535;2214;272832;113777;37.4;15.6
54;2021-05-27;4182;2422;277014;116199;37.9;15.9
54;2021-05-28;4984;3553;281998;119752;38.6;16.4
54;2021-05-29;3847;3992;285845;123744;39.1;16.9
54;2021-05-30;127;83;285972;123827;39.2;17.0
54;2021-05-31;2939;3059;288911;126886;39.6;17.4
54;2021-06-01;2622;4194;291533;131080;39.9;17.9
54;2021-06-02;2165;4091;293698;135171;40.2;18.5
54;2021-06-03;3147;5650;296845;140821;40.6;19.3
54;2021-06-04;5101;5469;301946;146290;41.3;20.0
54;2021-06-05;2342;3280;304288;149570;41.7;20.5
54;2021-06-06;71;236;304359;149806;41.7;20.5
54;2021-06-07;3706;2934;308065;152740;42.2;20.9
54;2021-06-08;4546;4268;312611;157008;42.8;21.5
54;2021-06-09;6004;3309;318615;160317;43.6;21.9
54;2021-06-10;5300;4452;323915;164769;44.3;22.6
54;2021-06-11;5021;4916;328936;169685;45.0;23.2
54;2021-06-12;4244;3226;333180;172911;45.6;23.7
54;2021-06-13;54;210;333234;173121;45.6;23.7
54;2021-06-14;2331;3592;335565;176713;45.9;24.2
54;2021-06-15;2831;4728;338396;181441;46.3;24.8
54;2021-06-16;3490;5657;341886;187098;46.8;25.6
54;2021-06-17;3138;5218;345024;192316;47.2;26.3
54;2021-06-18;4156;6237;349180;198553;47.8;27.2
54;2021-06-19;2647;3127;351827;201680;48.2;27.6
54;2021-06-20;101;339;351928;202019;48.2;27.7
54;2021-06-21;2558;4769;354486;206788;48.5;28.3
54;2021-06-22;2048;6224;356534;213012;48.8;29.2
54;2021-06-23;2245;5589;358779;218601;49.1;29.9
54;2021-06-24;2093;3456;360872;222057;49.4;30.4
54;2021-06-25;2202;7054;363074;229111;49.7;31.4
54;2021-06-26;2383;5670;365457;234781;50.0;32.1
54;2021-06-27;134;607;365591;235388;50.1;32.2
54;2021-06-28;1962;4352;367553;239740;50.3;32.8
54;2021-06-29;1941;5204;369494;244944;50.6;33.5
54;2021-06-30;1982;5121;371476;250065;50.9;34.2
54;2021-07-01;2140;5982;373616;256047;51.2;35.1
54;2021-07-02;2816;7563;376432;263610;51.5;36.1
54;2021-07-03;2837;4095;379269;267705;51.9;36.7
54;2021-07-04;195;498;379464;268203;52.0;36.7
54;2021-07-05;1669;4253;381133;272456;52.2;37.3
54;2021-07-06;2001;5078;383134;277534;52.5;38.0
54;2021-07-07;1906;4843;385040;282377;52.7;38.7
54;2021-07-08;1680;4111;386720;286488;52.9;39.2
54;2021-07-09;3206;6025;389926;292513;53.4;40.0
54;2021-07-10;2544;4375;392470;296888;53.7;40.6
54;2021-07-11;9;103;392479;296991;53.7;40.7
54;2021-07-12;2101;4694;394580;301685;54.0;41.3
54;2021-07-13;2620;4971;397200;306656;54.4;42.0
54;2021-07-14;1536;1506;398736;308162;54.6;42.2
54;2021-07-15;3174;4836;401910;312998;55.0;42.9
54;2021-07-16;4665;6215;406575;319213;55.7;43.7
54;2021-07-17;4007;4768;410582;323981;56.2;44.4
54;2021-07-18;1804;1682;412386;325663;56.5;44.6
54;2021-07-19;2591;4045;414977;329708;56.8;45.1
54;2021-07-20;2907;4813;417884;334521;57.2;45.8
54;2021-07-21;3132;6331;421016;340852;57.6;46.7
54;2021-07-22;3279;5732;424295;346584;58.1;47.5
54;2021-07-23;3983;6977;428278;353561;58.6;48.4
54;2021-07-24;2948;5319;431226;358880;59.0;49.1
54;2021-07-25;71;50;431297;358930;59.0;49.1
54;2021-07-26;2983;4172;434280;363102;59.5;49.7
54;2021-07-27;3720;4008;438000;367110;60.0;50.3
54;2021-07-28;5205;3868;443205;370978;60.7;50.8
54;2021-07-29;5157;3203;448362;374181;61.4;51.2
54;2021-07-30;5136;5000;453498;379181;62.1;51.9
54;2021-07-31;4535;3227;458033;382408;62.7;52.4
54;2021-08-01;257;73;458290;382481;62.7;52.4
54;2021-08-02;3096;3706;461386;386187;63.2;52.9
54;2021-08-03;4105;2916;465491;389103;63.7;53.3
54;2021-08-04;4421;2697;469912;391800;64.3;53.6
54;2021-08-05;4617;2432;474529;394232;65.0;54.0
54;2021-08-06;5447;3993;479976;398225;65.7;54.5
54;2021-08-07;3671;2831;483647;401056;66.2;54.9
54;2021-08-08;248;114;483895;401170;66.3;54.9
54;2021-08-09;2978;2693;486873;403863;66.7;55.3
54;2021-08-10;2562;3769;489435;407632;67.0;55.8
54;2021-08-11;2333;2564;491768;410196;67.3;56.2
54;2021-08-12;2178;3003;493946;413199;67.6;56.6
54;2021-08-13;2620;4447;496566;417646;68.0;57.2
54;2021-08-14;1431;2075;497997;419721;68.2;57.5
54;2021-08-15;31;43;498028;419764;68.2;57.5
54;2021-08-16;1852;3425;499880;423189;68.4;57.9
54;2021-08-17;1941;3313;501821;426502;68.7;58.4
54;2021-08-18;1494;4103;503315;430605;68.9;59.0
54;2021-08-19;1254;2791;504569;433396;69.1;59.3
54;2021-08-20;1864;4931;506433;438327;69.3;60.0
54;2021-08-21;1461;4014;507894;442341;69.5;60.6
54;2021-08-22;59;27;507953;442368;69.5;60.6
54;2021-08-23;1198;3851;509151;446219;69.7;61.1
54;2021-08-24;1115;3154;510266;449373;69.9;61.5
54;2021-08-25;1401;4378;511667;453751;70.1;62.1
54;2021-08-26;992;3110;512659;456861;70.2;62.5
54;2021-08-27;1496;5322;514155;462183;70.4;63.3
54;2021-08-28;1126;4274;515281;466457;70.5;63.9
54;2021-08-29;15;50;515296;466507;70.6;63.9
54;2021-08-30;1176;4192;516472;470699;70.7;64.4
54;2021-08-31;1044;4698;517516;475397;70.9;65.1
54;2021-09-01;1092;3753;518608;479150;71.0;65.6
54;2021-09-02;716;2165;519324;481315;71.1;65.9
54;2021-09-03;968;3211;520292;484526;71.2;66.3
54;2021-09-04;1146;3425;521438;487951;71.4;66.8
54;2021-09-05;24;31;521462;487982;71.4;66.8
54;2021-09-06;484;1463;521946;489445;71.5;67.0
54;2021-09-07;574;1595;522520;491040;71.5;67.2
54;2021-09-08;603;1892;523123;492932;71.6;67.5
54;2021-09-09;915;2103;524038;495035;71.7;67.8
54;2021-09-10;963;2770;525001;497805;71.9;68.2
54;2021-09-11;652;2683;525653;500488;72.0;68.5
54;2021-09-12;32;114;525685;500602;72.0;68.5
55;2020-12-27;0;0;0;0;0.0;0.0
55;2020-12-28;0;0;0;0;0.0;0.0
55;2020-12-29;0;0;0;0;0.0;0.0
55;2020-12-30;0;0;0;0;0.0;0.0
55;2020-12-31;0;0;0;0;0.0;0.0
55;2021-01-01;0;0;0;0;0.0;0.0
55;2021-01-02;0;0;0;0;0.0;0.0
55;2021-01-03;0;0;0;0;0.0;0.0
55;2021-01-04;1;0;1;0;0.0;0.0
55;2021-01-05;0;0;1;0;0.0;0.0
55;2021-01-06;0;0;1;0;0.0;0.0
55;2021-01-07;122;0;123;0;0.1;0.0
55;2021-01-08;127;0;250;0;0.1;0.0
55;2021-01-09;52;0;302;0;0.2;0.0
55;2021-01-10;0;0;302;0;0.2;0.0
55;2021-01-11;128;1;430;1;0.2;0.0
55;2021-01-12;119;0;549;1;0.3;0.0
55;2021-01-13;135;0;684;1;0.4;0.0
55;2021-01-14;644;7;1328;8;0.7;0.0
55;2021-01-15;237;0;1565;8;0.9;0.0
55;2021-01-16;62;0;1627;8;0.9;0.0
55;2021-01-17;1;0;1628;8;0.9;0.0
55;2021-01-18;413;1;2041;9;1.1;0.0
55;2021-01-19;352;3;2393;12;1.3;0.0
55;2021-01-20;456;2;2849;14;1.6;0.0
55;2021-01-21;430;0;3279;14;1.8;0.0
55;2021-01-22;391;0;3670;14;2.0;0.0
55;2021-01-23;49;0;3719;14;2.0;0.0
55;2021-01-24;0;0;3719;14;2.0;0.0
55;2021-01-25;436;0;4155;14;2.3;0.0
55;2021-01-26;431;0;4586;14;2.5;0.0
55;2021-01-27;424;0;5010;14;2.8;0.0
55;2021-01-28;485;97;5495;111;3.0;0.1
55;2021-01-29;159;54;5654;165;3.1;0.1
55;2021-01-30;92;27;5746;192;3.2;0.1
55;2021-01-31;0;0;5746;192;3.2;0.1
55;2021-02-01;153;169;5899;361;3.2;0.2
55;2021-02-02;159;144;6058;505;3.3;0.3
55;2021-02-03;53;147;6111;652;3.4;0.4
55;2021-02-04;234;380;6345;1032;3.5;0.6
55;2021-02-05;174;138;6519;1170;3.6;0.6
55;2021-02-06;62;56;6581;1226;3.6;0.7
55;2021-02-07;2;53;6583;1279;3.6;0.7
55;2021-02-08;0;17;6583;1296;3.6;0.7
55;2021-02-09;92;115;6675;1411;3.7;0.8
55;2021-02-10;65;23;6740;1434;3.7;0.8
55;2021-02-11;175;95;6915;1529;3.8;0.8
55;2021-02-12;94;28;7009;1557;3.9;0.9
55;2021-02-13;0;0;7009;1557;3.9;0.9
55;2021-02-14;0;0;7009;1557;3.9;0.9
55;2021-02-15;15;315;7024;1872;3.9;1.0
55;2021-02-16;143;295;7167;2167;3.9;1.2
55;2021-02-17;26;399;7193;2566;4.0;1.4
55;2021-02-18;20;273;7213;2839;4.0;1.6
55;2021-02-19;125;251;7338;3090;4.0;1.7
55;2021-02-20;11;0;7349;3090;4.0;1.7
55;2021-02-21;0;0;7349;3090;4.0;1.7
55;2021-02-22;55;375;7404;3465;4.1;1.9
55;2021-02-23;85;374;7489;3839;4.1;2.1
55;2021-02-24;72;356;7561;4195;4.2;2.3
55;2021-02-25;270;636;7831;4831;4.3;2.7
55;2021-02-26;324;210;8155;5041;4.5;2.8
55;2021-02-27;125;85;8280;5126;4.6;2.8
55;2021-02-28;2;8;8282;5134;4.6;2.8
55;2021-03-01;77;120;8359;5254;4.6;2.9
55;2021-03-02;124;141;8483;5395;4.7;3.0
55;2021-03-03;198;3;8681;5398;4.8;3.0
55;2021-03-04;238;41;8919;5439;4.9;3.0
55;2021-03-05;362;44;9281;5483;5.1;3.0
55;2021-03-06;224;6;9505;5489;5.2;3.0
55;2021-03-07;74;1;9579;5490;5.3;3.0
55;2021-03-08;329;49;9908;5539;5.5;3.0
55;2021-03-09;635;50;10543;5589;5.8;3.1
55;2021-03-10;397;25;10940;5614;6.0;3.1
55;2021-03-11;597;144;11537;5758;6.4;3.2
55;2021-03-12;816;91;12353;5849;6.8;3.2
55;2021-03-13;523;12;12876;5861;7.1;3.2
55;2021-03-14;14;0;12890;5861;7.1;3.2
55;2021-03-15;393;24;13283;5885;7.3;3.2
55;2021-03-16;568;105;13851;5990;7.6;3.3
55;2021-03-17;683;21;14534;6011;8.0;3.3
55;2021-03-18;323;23;14857;6034;8.2;3.3
55;2021-03-19;471;59;15328;6093;8.4;3.4
55;2021-03-20;254;15;15582;6108;8.6;3.4
55;2021-03-21;1;1;15583;6109;8.6;3.4
55;2021-03-22;474;20;16057;6129;8.8;3.4
55;2021-03-23;972;65;17029;6194;9.4;3.4
55;2021-03-24;802;43;17831;6237;9.8;3.4
55;2021-03-25;1098;81;18929;6318;10.4;3.5
55;2021-03-26;602;36;19531;6354;10.8;3.5
55;2021-03-27;256;23;19787;6377;10.9;3.5
55;2021-03-28;0;0;19787;6377;10.9;3.5
55;2021-03-29;944;39;20731;6416;11.4;3.5
55;2021-03-30;1425;72;22156;6488;12.2;3.6
55;2021-03-31;1484;69;23640;6557;13.0;3.6
55;2021-04-01;1207;127;24847;6684;13.7;3.7
55;2021-04-02;902;74;25749;6758;14.2;3.7
55;2021-04-03;93;12;25842;6770;14.2;3.7
55;2021-04-04;2;0;25844;6770;14.2;3.7
55;2021-04-05;6;12;25850;6782;14.2;3.7
55;2021-04-06;933;277;26783;7059;14.7;3.9
55;2021-04-07;993;237;27776;7296;15.3;4.0
55;2021-04-08;1649;420;29425;7716;16.2;4.2
55;2021-04-09;1430;261;30855;7977;17.0;4.4
55;2021-04-10;242;174;31097;8151;17.1;4.5
55;2021-04-11;452;21;31549;8172;17.4;4.5
55;2021-04-12;855;327;32404;8499;17.8;4.7
55;2021-04-13;1355;527;33759;9026;18.6;5.0
55;2021-04-14;1372;728;35131;9754;19.3;5.4
55;2021-04-15;1636;457;36767;10211;20.2;5.6
55;2021-04-16;705;379;37472;10590;20.6;5.8
55;2021-04-17;677;31;38149;10621;21.0;5.8
55;2021-04-18;38;18;38187;10639;21.0;5.9
55;2021-04-19;961;346;39148;10985;21.6;6.0
55;2021-04-20;1173;771;40321;11756;22.2;6.5
55;2021-04-21;991;640;41312;12396;22.7;6.8
55;2021-04-22;1099;677;42411;13073;23.3;7.2
55;2021-04-23;1424;596;43835;13669;24.1;7.5
55;2021-04-24;313;124;44148;13793;24.3;7.6
55;2021-04-25;384;51;44532;13844;24.5;7.6
55;2021-04-26;478;816;45010;14660;24.8;8.1
55;2021-04-27;570;995;45580;15655;25.1;8.6
55;2021-04-28;931;816;46511;16471;25.6;9.1
55;2021-04-29;1118;858;47629;17329;26.2;9.5
55;2021-04-30;1280;622;48909;17951;26.9;9.9
55;2021-05-01;153;131;49062;18082;27.0;10.0
55;2021-05-02;2;3;49064;18085;27.0;10.0
55;2021-05-03;1208;630;50272;18715;27.7;10.3
55;2021-05-04;683;1177;50955;19892;28.1;11.0
55;2021-05-05;658;1070;51613;20962;28.4;11.5
55;2021-05-06;1349;1160;52962;22122;29.2;12.2
55;2021-05-07;1433;554;54395;22676;29.9;12.5
55;2021-05-08;156;77;54551;22753;30.0;12.5
55;2021-05-09;62;522;54613;23275;30.1;12.8
55;2021-05-10;860;1029;55473;24304;30.5;13.4
55;2021-05-11;1070;1375;56543;25679;31.1;14.1
55;2021-05-12;1031;1763;57574;27442;31.7;15.1
55;2021-05-13;99;75;57673;27517;31.8;15.1
55;2021-05-14;352;556;58025;28073;31.9;15.5
55;2021-05-15;292;491;58317;28564;32.1;15.7
55;2021-05-16;3;10;58320;28574;32.1;15.7
55;2021-05-17;1028;841;59348;29415;32.7;16.2
55;2021-05-18;1568;888;60916;30303;33.5;16.7
55;2021-05-19;1809;779;62725;31082;34.5;17.1
55;2021-05-20;2215;730;64940;31812;35.8;17.5
55;2021-05-21;2011;799;66951;32611;36.9;18.0
55;2021-05-22;198;166;67149;32777;37.0;18.0
55;2021-05-23;23;120;67172;32897;37.0;18.1
55;2021-05-24;0;0;67172;32897;37.0;18.1
55;2021-05-25;1347;651;68519;33548;37.7;18.5
55;2021-05-26;1674;1016;70193;34564;38.6;19.0
55;2021-05-27;1321;981;71514;35545;39.4;19.6
55;2021-05-28;1521;929;73035;36474;40.2;20.1
55;2021-05-29;1403;694;74438;37168;41.0;20.5
55;2021-05-30;15;205;74453;37373;41.0;20.6
55;2021-05-31;1049;1130;75502;38503;41.6;21.2
55;2021-06-01;918;957;76420;39460;42.1;21.7
55;2021-06-02;1163;984;77583;40444;42.7;22.3
55;2021-06-03;703;540;78286;40984;43.1;22.6
55;2021-06-04;1389;1098;79675;42082;43.9;23.2
55;2021-06-05;1366;277;81041;42359;44.6;23.3
55;2021-06-06;0;2;81041;42361;44.6;23.3
55;2021-06-07;791;714;81832;43075;45.1;23.7
55;2021-06-08;699;1074;82531;44149;45.4;24.3
55;2021-06-09;852;868;83383;45017;45.9;24.8
55;2021-06-10;379;275;83762;45292;46.1;24.9
55;2021-06-11;528;1285;84290;46577;46.4;25.6
55;2021-06-12;761;519;85051;47096;46.8;25.9
55;2021-06-13;265;33;85316;47129;47.0;25.9
55;2021-06-14;391;1363;85707;48492;47.2;26.7
55;2021-06-15;574;1212;86281;49704;47.5;27.4
55;2021-06-16;735;832;87016;50536;47.9;27.8
55;2021-06-17;425;858;87441;51394;48.1;28.3
55;2021-06-18;668;1475;88109;52869;48.5;29.1
55;2021-06-19;593;455;88702;53324;48.8;29.4
55;2021-06-20;0;0;88702;53324;48.8;29.4
55;2021-06-21;439;1023;89141;54347;49.1;29.9
55;2021-06-22;335;1012;89476;55359;49.3;30.5
55;2021-06-23;626;1210;90102;56569;49.6;31.1
55;2021-06-24;163;433;90265;57002;49.7;31.4
55;2021-06-25;642;1227;90907;58229;50.0;32.1
55;2021-06-26;418;341;91325;58570;50.3;32.2
55;2021-06-27;1;2;91326;58572;50.3;32.2
55;2021-06-28;149;1380;91475;59952;50.4;33.0
55;2021-06-29;201;1288;91676;61240;50.5;33.7
55;2021-06-30;272;1932;91948;63172;50.6;34.8
55;2021-07-01;388;1978;92336;65150;50.8;35.9
55;2021-07-02;391;1719;92727;66869;51.0;36.8
55;2021-07-03;108;262;92835;67131;51.1;37.0
55;2021-07-04;12;19;92847;67150;51.1;37.0
55;2021-07-05;222;1508;93069;68658;51.2;37.8
55;2021-07-06;327;899;93396;69557;51.4;38.3
55;2021-07-07;388;1801;93784;71358;51.6;39.3
55;2021-07-08;534;1594;94318;72952;51.9;40.2
55;2021-07-09;456;1479;94774;74431;52.2;41.0
55;2021-07-10;356;1112;95130;75543;52.4;41.6
55;2021-07-11;0;9;95130;75552;52.4;41.6
55;2021-07-12;608;1166;95738;76718;52.7;42.2
55;2021-07-13;599;1487;96337;78205;53.0;43.1
55;2021-07-14;1;13;96338;78218;53.0;43.1
55;2021-07-15;782;1645;97120;79863;53.5;44.0
55;2021-07-16;1255;1808;98375;81671;54.2;45.0
55;2021-07-17;1283;821;99658;82492;54.9;45.4
55;2021-07-18;1;2;99659;82494;54.9;45.4
55;2021-07-19;597;785;100256;83279;55.2;45.8
55;2021-07-20;1001;1019;101257;84298;55.7;46.4
55;2021-07-21;1484;1370;102741;85668;56.6;47.2
55;2021-07-22;1175;565;103916;86233;57.2;47.5
55;2021-07-23;1113;1355;105029;87588;57.8;48.2
55;2021-07-24;819;760;105848;88348;58.3;48.6
55;2021-07-25;120;229;105968;88577;58.3;48.8
55;2021-07-26;669;444;106637;89021;58.7;49.0
55;2021-07-27;1168;479;107805;89500;59.4;49.3
55;2021-07-28;1040;1064;108845;90564;59.9;49.9
55;2021-07-29;670;446;109515;91010;60.3;50.1
55;2021-07-30;1271;966;110786;91976;61.0;50.6
55;2021-07-31;714;613;111500;92589;61.4;51.0
55;2021-08-01;9;5;111509;92594;61.4;51.0
55;2021-08-02;628;443;112137;93037;61.7;51.2
55;2021-08-03;642;419;112779;93456;62.1;51.5
55;2021-08-04;1248;952;114027;94408;62.8;52.0
55;2021-08-05;1002;323;115029;94731;63.3;52.2
55;2021-08-06;816;1096;115845;95827;63.8;52.8
55;2021-08-07;596;336;116441;96163;64.1;52.9
55;2021-08-08;0;0;116441;96163;64.1;52.9
55;2021-08-09;402;306;116843;96469;64.3;53.1
55;2021-08-10;436;775;117279;97244;64.6;53.5
55;2021-08-11;593;640;117872;97884;64.9;53.9
55;2021-08-12;325;488;118197;98372;65.1;54.2
55;2021-08-13;433;1110;118630;99482;65.3;54.8
55;2021-08-14;137;190;118767;99672;65.4;54.9
55;2021-08-15;11;5;118778;99677;65.4;54.9
55;2021-08-16;245;739;119023;100416;65.5;55.3
55;2021-08-17;255;291;119278;100707;65.7;55.4
55;2021-08-18;542;1241;119820;101948;66.0;56.1
55;2021-08-19;450;960;120270;102908;66.2;56.7
55;2021-08-20;567;1012;120837;103920;66.5;57.2
55;2021-08-21;292;771;121129;104691;66.7;57.6
55;2021-08-22;8;6;121137;104697;66.7;57.6
55;2021-08-23;353;611;121490;105308;66.9;58.0
55;2021-08-24;303;833;121793;106141;67.1;58.4
55;2021-08-25;664;1172;122457;107313;67.4;59.1
55;2021-08-26;448;1253;122905;108566;67.7;59.8
55;2021-08-27;314;1246;123219;109812;67.8;60.5
55;2021-08-28;382;579;123601;110391;68.0;60.8
55;2021-08-29;216;58;123817;110449;68.2;60.8
55;2021-08-30;129;677;123946;111126;68.2;61.2
55;2021-08-31;282;823;124228;111949;68.4;61.6
55;2021-09-01;542;1269;124770;113218;68.7;62.3
55;2021-09-02;202;894;124972;114112;68.8;62.8
55;2021-09-03;405;1273;125377;115385;69.0;63.5
55;2021-09-04;287;599;125664;115984;69.2;63.9
55;2021-09-05;16;89;125680;116073;69.2;63.9
55;2021-09-06;59;127;125739;116200;69.2;64.0
55;2021-09-07;267;594;126006;116794;69.4;64.3
55;2021-09-08;215;334;126221;117128;69.5;64.5
55;2021-09-09;181;595;126402;117723;69.6;64.8
55;2021-09-10;171;550;126573;118273;69.7;65.1
55;2021-09-11;83;313;126656;118586;69.7;65.3
55;2021-09-12;1;1;126657;118587;69.7;65.3
56;2020-12-27;0;0;0;0;0.0;0.0
56;2020-12-28;1;0;1;0;0.0;0.0
56;2020-12-29;0;0;1;0;0.0;0.0
56;2020-12-30;0;0;1;0;0.0;0.0
56;2020-12-31;0;0;1;0;0.0;0.0
56;2021-01-01;0;0;1;0;0.0;0.0
56;2021-01-02;1;0;2;0;0.0;0.0
56;2021-01-03;2;0;4;0;0.0;0.0
56;2021-01-04;2;0;6;0;0.0;0.0
56;2021-01-05;1;0;7;0;0.0;0.0
56;2021-01-06;2;0;9;0;0.0;0.0
56;2021-01-07;198;0;207;0;0.0;0.0
56;2021-01-08;119;0;326;0;0.0;0.0
56;2021-01-09;1;0;327;0;0.0;0.0
56;2021-01-10;1;0;328;0;0.0;0.0
56;2021-01-11;242;0;570;0;0.1;0.0
56;2021-01-12;754;0;1324;0;0.2;0.0
56;2021-01-13;638;1;1962;1;0.3;0.0
56;2021-01-14;970;2;2932;3;0.4;0.0
56;2021-01-15;843;5;3775;8;0.5;0.0
56;2021-01-16;234;3;4009;11;0.5;0.0
56;2021-01-17;27;0;4036;11;0.5;0.0
56;2021-01-18;1005;1;5041;12;0.7;0.0
56;2021-01-19;866;0;5907;12;0.8;0.0
56;2021-01-20;884;1;6791;13;0.9;0.0
56;2021-01-21;1450;2;8241;15;1.1;0.0
56;2021-01-22;1182;3;9423;18;1.2;0.0
56;2021-01-23;319;2;9742;20;1.3;0.0
56;2021-01-24;6;0;9748;20;1.3;0.0
56;2021-01-25;830;0;10578;20;1.4;0.0
56;2021-01-26;1034;4;11612;24;1.5;0.0
56;2021-01-27;1082;59;12694;83;1.7;0.0
56;2021-01-28;975;119;13669;202;1.8;0.0
56;2021-01-29;873;100;14542;302;1.9;0.0
56;2021-01-30;139;18;14681;320;1.9;0.0
56;2021-01-31;0;0;14681;320;1.9;0.0
56;2021-02-01;479;153;15160;473;2.0;0.1
56;2021-02-02;941;254;16101;727;2.1;0.1
56;2021-02-03;1023;264;17124;991;2.3;0.1
56;2021-02-04;4701;344;21825;1335;2.9;0.2
56;2021-02-05;3591;421;25416;1756;3.4;0.2
56;2021-02-06;550;164;25966;1920;3.4;0.3
56;2021-02-07;136;26;26102;1946;3.5;0.3
56;2021-02-08;297;268;26399;2214;3.5;0.3
56;2021-02-09;794;464;27193;2678;3.6;0.4
56;2021-02-10;866;677;28059;3355;3.7;0.4
56;2021-02-11;973;1029;29032;4384;3.8;0.6
56;2021-02-12;1151;587;30183;4971;4.0;0.7
56;2021-02-13;220;85;30403;5056;4.0;0.7
56;2021-02-14;6;45;30409;5101;4.0;0.7
56;2021-02-15;622;882;31031;5983;4.1;0.8
56;2021-02-16;1220;623;32251;6606;4.3;0.9
56;2021-02-17;1189;808;33440;7414;4.4;1.0
56;2021-02-18;1352;738;34792;8152;4.6;1.1
56;2021-02-19;1322;743;36114;8895;4.8;1.2
56;2021-02-20;365;200;36479;9095;4.8;1.2
56;2021-02-21;1;0;36480;9095;4.8;1.2
56;2021-02-22;376;601;36856;9696;4.9;1.3
56;2021-02-23;741;781;37597;10477;5.0;1.4
56;2021-02-24;916;985;38513;11462;5.1;1.5
56;2021-02-25;2032;4093;40545;15555;5.4;2.1
56;2021-02-26;2356;2145;42901;17700;5.7;2.3
56;2021-02-27;745;424;43646;18124;5.8;2.4
56;2021-02-28;15;113;43661;18237;5.8;2.4
56;2021-03-01;648;473;44309;18710;5.9;2.5
56;2021-03-02;979;682;45288;19392;6.0;2.6
56;2021-03-03;1150;790;46438;20182;6.1;2.7
56;2021-03-04;1967;956;48405;21138;6.4;2.8
56;2021-03-05;2582;1352;50987;22490;6.7;3.0
56;2021-03-06;1207;199;52194;22689;6.9;3.0
56;2021-03-07;282;24;52476;22713;6.9;3.0
56;2021-03-08;1141;365;53617;23078;7.1;3.1
56;2021-03-09;2042;579;55659;23657;7.4;3.1
56;2021-03-10;2000;894;57659;24551;7.6;3.2
56;2021-03-11;3252;720;60911;25271;8.1;3.3
56;2021-03-12;4208;806;65119;26077;8.6;3.5
56;2021-03-13;1885;147;67004;26224;8.9;3.5
56;2021-03-14;195;4;67199;26228;8.9;3.5
56;2021-03-15;1285;529;68484;26757;9.1;3.5
56;2021-03-16;1089;1012;69573;27769;9.2;3.7
56;2021-03-17;1371;762;70944;28531;9.4;3.8
56;2021-03-18;2001;1853;72945;30384;9.7;4.0
56;2021-03-19;2943;1374;75888;31758;10.0;4.2
56;2021-03-20;1493;206;77381;31964;10.2;4.2
56;2021-03-21;208;22;77589;31986;10.3;4.2
56;2021-03-22;1611;400;79200;32386;10.5;4.3
56;2021-03-23;2808;679;82008;33065;10.9;4.4
56;2021-03-24;3450;521;85458;33586;11.3;4.4
56;2021-03-25;4240;719;89698;34305;11.9;4.5
56;2021-03-26;5092;761;94790;35066;12.5;4.6
56;2021-03-27;1501;290;96291;35356;12.7;4.7
56;2021-03-28;264;11;96555;35367;12.8;4.7
56;2021-03-29;2236;502;98791;35869;13.1;4.7
56;2021-03-30;3519;784;102310;36653;13.5;4.9
56;2021-03-31;3116;716;105426;37369;14.0;4.9
56;2021-04-01;4078;820;109504;38189;14.5;5.1
56;2021-04-02;3928;942;113432;39131;15.0;5.2
56;2021-04-03;1186;270;114618;39401;15.2;5.2
56;2021-04-04;232;4;114850;39405;15.2;5.2
56;2021-04-05;244;8;115094;39413;15.2;5.2
56;2021-04-06;2827;1233;117921;40646;15.6;5.4
56;2021-04-07;4026;1191;121947;41837;16.1;5.5
56;2021-04-08;5298;1165;127245;43002;16.8;5.7
56;2021-04-09;7392;1281;134637;44283;17.8;5.9
56;2021-04-10;2576;428;137213;44711;18.2;5.9
56;2021-04-11;194;101;137407;44812;18.2;5.9
56;2021-04-12;3933;835;141340;45647;18.7;6.0
56;2021-04-13;5966;1263;147306;46910;19.5;6.2
56;2021-04-14;5167;1431;152473;48341;20.2;6.4
56;2021-04-15;7154;1774;159627;50115;21.1;6.6
56;2021-04-16;7843;2012;167470;52127;22.2;6.9
56;2021-04-17;3132;646;170602;52773;22.6;7.0
56;2021-04-18;528;110;171130;52883;22.6;7.0
56;2021-04-19;3719;1262;174849;54145;23.1;7.2
56;2021-04-20;4106;1978;178955;56123;23.7;7.4
56;2021-04-21;4060;2324;183015;58447;24.2;7.7
56;2021-04-22;5175;1919;188190;60366;24.9;8.0
56;2021-04-23;5171;2416;193361;62782;25.6;8.3
56;2021-04-24;2901;637;196262;63419;26.0;8.4
56;2021-04-25;465;150;196727;63569;26.0;8.4
56;2021-04-26;4710;1666;201437;65235;26.7;8.6
56;2021-04-27;5098;2544;206535;67779;27.3;9.0
56;2021-04-28;4969;2241;211504;70020;28.0;9.3
56;2021-04-29;5842;2933;217346;72953;28.8;9.7
56;2021-04-30;6246;2787;223592;75740;29.6;10.0
56;2021-05-01;2489;362;226081;76102;29.9;10.1
56;2021-05-02;307;254;226388;76356;30.0;10.1
56;2021-05-03;3865;2055;230253;78411;30.5;10.4
56;2021-05-04;4379;3904;234632;82315;31.1;10.9
56;2021-05-05;3524;3873;238156;86188;31.5;11.4
56;2021-05-06;4377;5431;242533;91619;32.1;12.1
56;2021-05-07;4268;4992;246801;96611;32.7;12.8
56;2021-05-08;1645;320;248446;96931;32.9;12.8
56;2021-05-09;495;227;248941;97158;32.9;12.9
56;2021-05-10;3751;3805;252692;100963;33.4;13.4
56;2021-05-11;4170;5046;256862;106009;34.0;14.0
56;2021-05-12;4342;4772;261204;110781;34.6;14.7
56;2021-05-13;2397;1014;263601;111795;34.9;14.8
56;2021-05-14;4228;4349;267829;116144;35.4;15.4
56;2021-05-15;2487;1895;270316;118039;35.8;15.6
56;2021-05-16;237;488;270553;118527;35.8;15.7
56;2021-05-17;2513;3666;273066;122193;36.1;16.2
56;2021-05-18;3521;4092;276587;126285;36.6;16.7
56;2021-05-19;3528;3395;280115;129680;37.1;17.2
56;2021-05-20;3805;4809;283920;134489;37.6;17.8
56;2021-05-21;3746;5222;287666;139711;38.1;18.5
56;2021-05-22;1698;2207;289364;141918;38.3;18.8
56;2021-05-23;284;197;289648;142115;38.3;18.8
56;2021-05-24;2058;498;291706;142613;38.6;18.9
56;2021-05-25;3140;4470;294846;147083;39.0;19.5
56;2021-05-26;3735;3935;298581;151018;39.5;20.0
56;2021-05-27;4362;4866;302943;155884;40.1;20.6
56;2021-05-28;4639;5941;307582;161825;40.7;21.4
56;2021-05-29;1886;1631;309468;163456;41.0;21.6
56;2021-05-30;318;67;309786;163523;41.0;21.6
56;2021-05-31;4502;3215;314288;166738;41.6;22.1
56;2021-06-01;5664;3380;319952;170118;42.3;22.5
56;2021-06-02;5638;2949;325590;173067;43.1;22.9
56;2021-06-03;6189;3294;331779;176361;43.9;23.3
56;2021-06-04;5814;4403;337593;180764;44.7;23.9
56;2021-06-05;4346;2376;341939;183140;45.3;24.2
56;2021-06-06;496;616;342435;183756;45.3;24.3
56;2021-06-07;5103;3168;347538;186924;46.0;24.7
56;2021-06-08;6071;3368;353609;190292;46.8;25.2
56;2021-06-09;6433;2812;360042;193104;47.7;25.6
56;2021-06-10;7480;2873;367522;195977;48.6;25.9
56;2021-06-11;6765;3865;374287;199842;49.5;26.4
56;2021-06-12;5102;2062;379389;201904;50.2;26.7
56;2021-06-13;1980;439;381369;202343;50.5;26.8
56;2021-06-14;3313;4588;384682;206931;50.9;27.4
56;2021-06-15;4202;4891;388884;211822;51.5;28.0
56;2021-06-16;4497;4502;393381;216324;52.1;28.6
56;2021-06-17;4258;4747;397639;221071;52.6;29.3
56;2021-06-18;4517;5969;402156;227040;53.2;30.0
56;2021-06-19;3836;2143;405992;229183;53.7;30.3
56;2021-06-20;1504;340;407496;229523;53.9;30.4
56;2021-06-21;3308;4461;410804;233984;54.4;31.0
56;2021-06-22;3485;5435;414289;239419;54.8;31.7
56;2021-06-23;3765;5062;418054;244481;55.3;32.4
56;2021-06-24;3477;5320;421531;249801;55.8;33.1
56;2021-06-25;3884;6281;425415;256082;56.3;33.9
56;2021-06-26;3205;2915;428620;258997;56.7;34.3
56;2021-06-27;305;163;428925;259160;56.8;34.3
56;2021-06-28;1575;3982;430500;263142;57.0;34.8
56;2021-06-29;2436;5761;432936;268903;57.3;35.6
56;2021-06-30;2498;5558;435434;274461;57.6;36.3
56;2021-07-01;2734;4954;438168;279415;58.0;37.0
56;2021-07-02;2657;6203;440825;285618;58.3;37.8
56;2021-07-03;2205;2680;443030;288298;58.6;38.2
56;2021-07-04;778;811;443808;289109;58.7;38.3
56;2021-07-05;1872;5442;445680;294551;59.0;39.0
56;2021-07-06;2190;5932;447870;300483;59.3;39.8
56;2021-07-07;2846;5645;450716;306128;59.7;40.5
56;2021-07-08;3087;6036;453803;312164;60.1;41.3
56;2021-07-09;2217;7098;456020;319262;60.4;42.3
56;2021-07-10;1127;3000;457147;322262;60.5;42.7
56;2021-07-11;256;344;457403;322606;60.5;42.7
56;2021-07-12;2183;6607;459586;329213;60.8;43.6
56;2021-07-13;3261;7467;462847;336680;61.3;44.6
56;2021-07-14;1784;2591;464631;339271;61.5;44.9
56;2021-07-15;3821;7066;468452;346337;62.0;45.8
56;2021-07-16;4078;8085;472530;354422;62.5;46.9
56;2021-07-17;2321;3522;474851;357944;62.8;47.4
56;2021-07-18;256;478;475107;358422;62.9;47.4
56;2021-07-19;2866;6357;477973;364779;63.3;48.3
56;2021-07-20;3725;7915;481698;372694;63.8;49.3
56;2021-07-21;3095;7519;484793;380213;64.2;50.3
56;2021-07-22;4393;8033;489186;388246;64.7;51.4
56;2021-07-23;4392;8405;493578;396651;65.3;52.5
56;2021-07-24;1688;4601;495266;401252;65.5;53.1
56;2021-07-25;552;1918;495818;403170;65.6;53.4
56;2021-07-26;3682;5461;499500;408631;66.1;54.1
56;2021-07-27;5375;6198;504875;414829;66.8;54.9
56;2021-07-28;4689;5462;509564;420291;67.4;55.6
56;2021-07-29;5382;5628;514946;425919;68.2;56.4
56;2021-07-30;5387;5862;520333;431781;68.9;57.1
56;2021-07-31;2157;2693;522490;434474;69.2;57.5
56;2021-08-01;1249;977;523739;435451;69.3;57.6
56;2021-08-02;4513;4602;528252;440053;69.9;58.2
56;2021-08-03;6381;4959;534633;445012;70.8;58.9
56;2021-08-04;5952;4362;540585;449374;71.5;59.5
56;2021-08-05;6100;4605;546685;453979;72.4;60.1
56;2021-08-06;5848;4920;552533;458899;73.1;60.7
56;2021-08-07;2856;2224;555389;461123;73.5;61.0
56;2021-08-08;1827;563;557216;461686;73.7;61.1
56;2021-08-09;3926;4266;561142;465952;74.3;61.7
56;2021-08-10;4930;4608;566072;470560;74.9;62.3
56;2021-08-11;4565;4148;570637;474708;75.5;62.8
56;2021-08-12;4484;4543;575121;479251;76.1;63.4
56;2021-08-13;4217;4808;579338;484059;76.7;64.1
56;2021-08-14;1782;2139;581120;486198;76.9;64.3
56;2021-08-15;349;485;581469;486683;77.0;64.4
56;2021-08-16;3059;4519;584528;491202;77.4;65.0
56;2021-08-17;3755;5053;588283;496255;77.9;65.7
56;2021-08-18;3737;4608;592020;500863;78.4;66.3
56;2021-08-19;3056;4989;595076;505852;78.8;67.0
56;2021-08-20;2891;5261;597967;511113;79.1;67.6
56;2021-08-21;1153;2399;599120;513512;79.3;68.0
56;2021-08-22;129;503;599249;514015;79.3;68.0
56;2021-08-23;1916;4968;601165;518983;79.6;68.7
56;2021-08-24;1918;5515;603083;524498;79.8;69.4
56;2021-08-25;1699;5057;604782;529555;80.0;70.1
56;2021-08-26;1398;5324;606180;534879;80.2;70.8
56;2021-08-27;1734;5874;607914;540753;80.5;71.6
56;2021-08-28;591;2801;608505;543554;80.5;71.9
56;2021-08-29;79;477;608584;544031;80.5;72.0
56;2021-08-30;1375;4743;609959;548774;80.7;72.6
56;2021-08-31;1472;4791;611431;553565;80.9;73.3
56;2021-09-01;1314;4196;612745;557761;81.1;73.8
56;2021-09-02;1077;4037;613822;561798;81.2;74.4
56;2021-09-03;1089;4596;614911;566394;81.4;75.0
56;2021-09-04;756;2442;615667;568836;81.5;75.3
56;2021-09-05;121;371;615788;569207;81.5;75.3
56;2021-09-06;877;3621;616665;572828;81.6;75.8
56;2021-09-07;810;3467;617475;576295;81.7;76.3
56;2021-09-08;917;3466;618392;579761;81.8;76.7
56;2021-09-09;793;3019;619185;582780;81.9;77.1
56;2021-09-10;926;3490;620111;586270;82.1;77.6
56;2021-09-11;469;2106;620580;588376;82.1;77.9
56;2021-09-12;34;171;620614;588547;82.1;77.9
57;2020-12-27;2;0;2;0;0.0;0.0
57;2020-12-28;0;0;2;0;0.0;0.0
57;2020-12-29;1;0;3;0;0.0;0.0
57;2020-12-30;1;0;4;0;0.0;0.0
57;2020-12-31;0;0;4;0;0.0;0.0
57;2021-01-01;1;0;5;0;0.0;0.0
57;2021-01-02;3;0;8;0;0.0;0.0
57;2021-01-03;0;0;8;0;0.0;0.0
57;2021-01-04;17;0;25;0;0.0;0.0
57;2021-01-05;199;0;224;0;0.0;0.0
57;2021-01-06;226;1;450;1;0.0;0.0
57;2021-01-07;586;2;1036;3;0.1;0.0
57;2021-01-08;509;2;1545;5;0.1;0.0
57;2021-01-09;202;0;1747;5;0.2;0.0
57;2021-01-10;108;1;1855;6;0.2;0.0
57;2021-01-11;470;1;2325;7;0.2;0.0
57;2021-01-12;613;6;2938;13;0.3;0.0
57;2021-01-13;695;2;3633;15;0.4;0.0
57;2021-01-14;707;6;4340;21;0.4;0.0
57;2021-01-15;636;5;4976;26;0.5;0.0
57;2021-01-16;452;1;5428;27;0.5;0.0
57;2021-01-17;493;1;5921;28;0.6;0.0
57;2021-01-18;2715;20;8636;48;0.8;0.0
57;2021-01-19;2567;20;11203;68;1.1;0.0
57;2021-01-20;2763;22;13966;90;1.3;0.0
57;2021-01-21;1797;5;15763;95;1.5;0.0
57;2021-01-22;1325;7;17088;102;1.6;0.0
57;2021-01-23;543;15;17631;117;1.7;0.0
57;2021-01-24;1;0;17632;117;1.7;0.0
57;2021-01-25;869;175;18501;292;1.8;0.0
57;2021-01-26;1112;203;19613;495;1.9;0.0
57;2021-01-27;1070;162;20683;657;2.0;0.1
57;2021-01-28;1040;245;21723;902;2.1;0.1
57;2021-01-29;983;371;22706;1273;2.2;0.1
57;2021-01-30;440;84;23146;1357;2.2;0.1
57;2021-01-31;11;18;23157;1375;2.2;0.1
57;2021-02-01;827;324;23984;1699;2.3;0.2
57;2021-02-02;989;337;24973;2036;2.4;0.2
57;2021-02-03;986;296;25959;2332;2.5;0.2
57;2021-02-04;1138;776;27097;3108;2.6;0.3
57;2021-02-05;929;326;28026;3434;2.7;0.3
57;2021-02-06;481;317;28507;3751;2.8;0.4
57;2021-02-07;103;333;28610;4084;2.8;0.4
57;2021-02-08;1258;1473;29868;5557;2.9;0.5
57;2021-02-09;1764;1608;31632;7165;3.1;0.7
57;2021-02-10;1712;2002;33344;9167;3.2;0.9
57;2021-02-11;1486;1270;34830;10437;3.4;1.0
57;2021-02-12;1227;631;36057;11068;3.5;1.1
57;2021-02-13;1152;135;37209;11203;3.6;1.1
57;2021-02-14;1210;28;38419;11231;3.7;1.1
57;2021-02-15;766;725;39185;11956;3.8;1.2
57;2021-02-16;1074;680;40259;12636;3.9;1.2
57;2021-02-17;1009;816;41268;13452;4.0;1.3
57;2021-02-18;974;997;42242;14449;4.1;1.4
57;2021-02-19;956;775;43198;15224;4.2;1.5
57;2021-02-20;1173;505;44371;15729;4.3;1.5
57;2021-02-21;323;13;44694;15742;4.3;1.5
57;2021-02-22;1231;761;45925;16503;4.4;1.6
57;2021-02-23;2236;947;48161;17450;4.6;1.7
57;2021-02-24;2287;856;50448;18306;4.9;1.8
57;2021-02-25;3298;966;53746;19272;5.2;1.9
57;2021-02-26;3590;849;57336;20121;5.5;1.9
57;2021-02-27;3697;490;61033;20611;5.9;2.0
57;2021-02-28;1896;59;62929;20670;6.1;2.0
57;2021-03-01;2054;1235;64983;21905;6.3;2.1
57;2021-03-02;2858;1454;67841;23359;6.5;2.3
57;2021-03-03;2807;1502;70648;24861;6.8;2.4
57;2021-03-04;3274;1217;73922;26078;7.1;2.5
57;2021-03-05;4457;1163;78379;27241;7.6;2.6
57;2021-03-06;7245;718;85624;27959;8.3;2.7
57;2021-03-07;6071;267;91695;28226;8.9;2.7
57;2021-03-08;2299;934;93994;29160;9.1;2.8
57;2021-03-09;3386;1232;97380;30392;9.4;2.9
57;2021-03-10;3582;934;100962;31326;9.7;3.0
57;2021-03-11;4038;1201;105000;32527;10.1;3.1
57;2021-03-12;5109;1177;110109;33704;10.6;3.3
57;2021-03-13;6284;957;116393;34661;11.2;3.3
57;2021-03-14;2425;425;118818;35086;11.5;3.4
57;2021-03-15;2962;867;121780;35953;11.8;3.5
57;2021-03-16;3061;1264;124841;37217;12.1;3.6
57;2021-03-17;3050;1133;127891;38350;12.3;3.7
57;2021-03-18;3402;1061;131293;39411;12.7;3.8
57;2021-03-19;4627;1032;135920;40443;13.1;3.9
57;2021-03-20;4702;1024;140622;41467;13.6;4.0
57;2021-03-21;1895;252;142517;41719;13.8;4.0
57;2021-03-22;2480;1460;144997;43179;14.0;4.2
57;2021-03-23;3443;2323;148440;45502;14.3;4.4
57;2021-03-24;3896;2134;152336;47636;14.7;4.6
57;2021-03-25;4741;2585;157077;50221;15.2;4.8
57;2021-03-26;4842;2252;161919;52473;15.6;5.1
57;2021-03-27;3709;3135;165628;55608;16.0;5.4
57;2021-03-28;1401;1832;167029;57440;16.1;5.5
57;2021-03-29;1934;2157;168963;59597;16.3;5.8
57;2021-03-30;3300;2468;172263;62065;16.6;6.0
57;2021-03-31;2824;2283;175087;64348;16.9;6.2
57;2021-04-01;3222;3159;178309;67507;17.2;6.5
57;2021-04-02;2393;2566;180702;70073;17.4;6.8
57;2021-04-03;2566;2654;183268;72727;17.7;7.0
57;2021-04-04;594;968;183862;73695;17.7;7.1
57;2021-04-05;1922;673;185784;74368;17.9;7.2
57;2021-04-06;2451;2827;188235;77195;18.2;7.5
57;2021-04-07;3813;3090;192048;80285;18.5;7.8
57;2021-04-08;5613;2901;197661;83186;19.1;8.0
57;2021-04-09;5014;2729;202675;85915;19.6;8.3
57;2021-04-10;2353;3637;205028;89552;19.8;8.6
57;2021-04-11;1099;1891;206127;91443;19.9;8.8
57;2021-04-12;1795;2745;207922;94188;20.1;9.1
57;2021-04-13;1976;3025;209898;97213;20.3;9.4
57;2021-04-14;1920;2986;211818;100199;20.4;9.7
57;2021-04-15;2366;3424;214184;103623;20.7;10.0
57;2021-04-16;2701;3288;216885;106911;20.9;10.3
57;2021-04-17;2473;3178;219358;110089;21.2;10.6
57;2021-04-18;1244;1772;220602;111861;21.3;10.8
57;2021-04-19;2141;2257;222743;114118;21.5;11.0
57;2021-04-20;2514;2781;225257;116899;21.7;11.3
57;2021-04-21;2570;2380;227827;119279;22.0;11.5
57;2021-04-22;3207;2249;231034;121528;22.3;11.7
57;2021-04-23;4055;2572;235089;124100;22.7;12.0
57;2021-04-24;3395;2561;238484;126661;23.0;12.2
57;2021-04-25;757;1126;239241;127787;23.1;12.3
57;2021-04-26;2971;1991;242212;129778;23.4;12.5
57;2021-04-27;3900;2371;246112;132149;23.8;12.8
57;2021-04-28;4212;2586;250324;134735;24.2;13.0
57;2021-04-29;5260;3443;255584;138178;24.7;13.3
57;2021-04-30;4730;3544;260314;141722;25.1;13.7
57;2021-05-01;2353;1686;262667;143408;25.4;13.8
57;2021-05-02;790;913;263457;144321;25.4;13.9
57;2021-05-03;3565;2993;267022;147314;25.8;14.2
57;2021-05-04;4871;3159;271893;150473;26.2;14.5
57;2021-05-05;6122;3158;278015;153631;26.8;14.8
57;2021-05-06;5992;3274;284007;156905;27.4;15.1
57;2021-05-07;6852;3437;290859;160342;28.1;15.5
57;2021-05-08;4053;1605;294912;161947;28.5;15.6
57;2021-05-09;2049;1114;296961;163061;28.7;15.7
57;2021-05-10;5129;3068;302090;166129;29.2;16.0
57;2021-05-11;7450;2848;309540;168977;29.9;16.3
57;2021-05-12;7847;3243;317387;172220;30.6;16.6
57;2021-05-13;4511;915;321898;173135;31.1;16.7
57;2021-05-14;7838;2629;329736;175764;31.8;17.0
57;2021-05-15;5967;2045;335703;177809;32.4;17.2
57;2021-05-16;3308;577;339011;178386;32.7;17.2
57;2021-05-17;3866;2068;342877;180454;33.1;17.4
57;2021-05-18;6292;2105;349169;182559;33.7;17.6
57;2021-05-19;7023;2329;356192;184888;34.4;17.8
57;2021-05-20;6052;2176;362244;187064;35.0;18.1
57;2021-05-21;7565;2921;369809;189985;35.7;18.3
57;2021-05-22;4894;2171;374703;192156;36.2;18.6
57;2021-05-23;1964;431;376667;192587;36.4;18.6
57;2021-05-24;3032;1055;379699;193642;36.7;18.7
57;2021-05-25;5576;2804;385275;196446;37.2;19.0
57;2021-05-26;6378;3180;391653;199626;37.8;19.3
57;2021-05-27;5795;3121;397448;202747;38.4;19.6
57;2021-05-28;7026;4734;404474;207481;39.0;20.0
57;2021-05-29;5224;4245;409698;211726;39.6;20.4
57;2021-05-30;1967;1743;411665;213469;39.7;20.6
57;2021-05-31;4319;3339;415984;216808;40.2;20.9
57;2021-06-01;5936;3711;421920;220519;40.7;21.3
57;2021-06-02;6342;3898;428262;224417;41.3;21.7
57;2021-06-03;6215;3694;434477;228111;41.9;22.0
57;2021-06-04;7571;4990;442048;233101;42.7;22.5
57;2021-06-05;4768;4030;446816;237131;43.1;22.9
57;2021-06-06;1993;890;448809;238021;43.3;23.0
57;2021-06-07;4325;4034;453134;242055;43.7;23.4
57;2021-06-08;6720;4317;459854;246372;44.4;23.8
57;2021-06-09;6884;4156;466738;250528;45.1;24.2
57;2021-06-10;6221;4596;472959;255124;45.7;24.6
57;2021-06-11;5368;5364;478327;260488;46.2;25.1
57;2021-06-12;5743;4447;484070;264935;46.7;25.6
57;2021-06-13;1500;1142;485570;266077;46.9;25.7
57;2021-06-14;3384;4703;488954;270780;47.2;26.1
57;2021-06-15;3818;6022;492772;276802;47.6;26.7
57;2021-06-16;4402;6597;497174;283399;48.0;27.4
57;2021-06-17;4200;6073;501374;289472;48.4;27.9
57;2021-06-18;4275;7306;505649;296778;48.8;28.7
57;2021-06-19;4158;6290;509807;303068;49.2;29.3
57;2021-06-20;987;1667;510794;304735;49.3;29.4
57;2021-06-21;2069;5969;512863;310704;49.5;30.0
57;2021-06-22;2645;7990;515508;318694;49.8;30.8
57;2021-06-23;3076;8387;518584;327081;50.1;31.6
57;2021-06-24;2457;5285;521041;332366;50.3;32.1
57;2021-06-25;2857;7826;523898;340192;50.6;32.8
57;2021-06-26;2871;7256;526769;347448;50.9;33.5
57;2021-06-27;754;2987;527523;350435;50.9;33.8
57;2021-06-28;1591;5078;529114;355513;51.1;34.3
57;2021-06-29;2086;6829;531200;362342;51.3;35.0
57;2021-06-30;3066;7326;534266;369668;51.6;35.7
57;2021-07-01;2698;5960;536964;375628;51.8;36.3
57;2021-07-02;2700;8081;539664;383709;52.1;37.0
57;2021-07-03;3240;6530;542904;390239;52.4;37.7
57;2021-07-04;946;2467;543850;392706;52.5;37.9
57;2021-07-05;1712;4606;545562;397312;52.7;38.4
57;2021-07-06;2427;6480;547989;403792;52.9;39.0
57;2021-07-07;2733;7091;550722;410883;53.2;39.7
57;2021-07-08;2495;5876;553217;416759;53.4;40.2
57;2021-07-09;3429;8417;556646;425176;53.7;41.0
57;2021-07-10;3097;6940;559743;432116;54.0;41.7
57;2021-07-11;855;2232;560598;434348;54.1;41.9
57;2021-07-12;2441;6436;563039;440784;54.4;42.6
57;2021-07-13;4416;7506;567455;448290;54.8;43.3
57;2021-07-14;2826;3842;570281;452132;55.1;43.6
57;2021-07-15;3957;7789;574238;459921;55.4;44.4
57;2021-07-16;5642;9830;579880;469751;56.0;45.3
57;2021-07-17;5829;7286;585709;477037;56.5;46.1
57;2021-07-18;1493;2661;587202;479698;56.7;46.3
57;2021-07-19;2372;6205;589574;485903;56.9;46.9
57;2021-07-20;4325;6913;593899;492816;57.3;47.6
57;2021-07-21;5302;6905;599201;499721;57.8;48.2
57;2021-07-22;5959;5960;605160;505681;58.4;48.8
57;2021-07-23;7022;6408;612182;512089;59.1;49.4
57;2021-07-24;4536;7036;616718;519125;59.5;50.1
57;2021-07-25;1335;1770;618053;520895;59.7;50.3
57;2021-07-26;3726;4492;621779;525387;60.0;50.7
57;2021-07-27;6869;4947;628648;530334;60.7;51.2
57;2021-07-28;7484;4565;636132;534899;61.4;51.6
57;2021-07-29;7627;4593;643759;539492;62.1;52.1
57;2021-07-30;6875;4898;650634;544390;62.8;52.6
57;2021-07-31;5708;5017;656342;549407;63.4;53.0
57;2021-08-01;2025;1115;658367;550522;63.6;53.1
57;2021-08-02;3523;3179;661890;553701;63.9;53.5
57;2021-08-03;5502;4278;667392;557979;64.4;53.9
57;2021-08-04;5230;3457;672622;561436;64.9;54.2
57;2021-08-05;5376;3777;677998;565213;65.5;54.6
57;2021-08-06;5623;4849;683621;570062;66.0;55.0
57;2021-08-07;4579;5164;688200;575226;66.4;55.5
57;2021-08-08;1476;1506;689676;576732;66.6;55.7
57;2021-08-09;2619;3172;692295;579904;66.8;56.0
57;2021-08-10;3519;3788;695814;583692;67.2;56.3
57;2021-08-11;3718;4021;699532;587713;67.5;56.7
57;2021-08-12;3154;5214;702686;592927;67.8;57.2
57;2021-08-13;3489;4731;706175;597658;68.2;57.7
57;2021-08-14;2161;5182;708336;602840;68.4;58.2
57;2021-08-15;529;1092;708865;603932;68.4;58.3
57;2021-08-16;1784;3562;710649;607494;68.6;58.6
57;2021-08-17;2372;5356;713021;612850;68.8;59.2
57;2021-08-18;2456;5374;715477;618224;69.1;59.7
57;2021-08-19;2207;5484;717684;623708;69.3;60.2
57;2021-08-20;2052;6019;719736;629727;69.5;60.8
57;2021-08-21;1865;5389;721601;635116;69.7;61.3
57;2021-08-22;458;1527;722059;636643;69.7;61.5
57;2021-08-23;1143;3715;723202;640358;69.8;61.8
57;2021-08-24;1802;5612;725004;645970;70.0;62.4
57;2021-08-25;1603;5314;726607;651284;70.1;62.9
57;2021-08-26;1591;4666;728198;655950;70.3;63.3
57;2021-08-27;1761;5891;729959;661841;70.5;63.9
57;2021-08-28;2001;5376;731960;667217;70.7;64.4
57;2021-08-29;340;1088;732300;668305;70.7;64.5
57;2021-08-30;1028;3259;733328;671564;70.8;64.8
57;2021-08-31;1528;4419;734856;675983;70.9;65.3
57;2021-09-01;1428;4144;736284;680127;71.1;65.7
57;2021-09-02;1156;3393;737440;683520;71.2;66.0
57;2021-09-03;1550;4335;738990;687855;71.3;66.4
57;2021-09-04;1676;3991;740666;691846;71.5;66.8
57;2021-09-05;379;923;741045;692769;71.5;66.9
57;2021-09-06;750;2129;741795;694898;71.6;67.1
57;2021-09-07;687;2232;742482;697130;71.7;67.3
57;2021-09-08;899;2915;743381;700045;71.8;67.6
57;2021-09-09;594;2354;743975;702399;71.8;67.8
57;2021-09-10;1059;2959;745034;705358;71.9;68.1
57;2021-09-11;1159;3241;746193;708599;72.0;68.4
57;2021-09-12;241;545;746434;709144;72.1;68.5
58;2020-12-27;0;0;0;0;0.0;0.0
58;2020-12-28;0;0;0;0;0.0;0.0
58;2020-12-29;1;0;1;0;0.0;0.0
58;2020-12-30;0;0;1;0;0.0;0.0
58;2020-12-31;0;0;1;0;0.0;0.0
58;2021-01-01;0;0;1;0;0.0;0.0
58;2021-01-02;0;0;1;0;0.0;0.0
58;2021-01-03;1;0;2;0;0.0;0.0
58;2021-01-04;0;0;2;0;0.0;0.0
58;2021-01-05;2;0;4;0;0.0;0.0
58;2021-01-06;145;0;149;0;0.1;0.0
58;2021-01-07;241;0;390;0;0.2;0.0
58;2021-01-08;63;0;453;0;0.2;0.0
58;2021-01-09;1;0;454;0;0.2;0.0
58;2021-01-10;0;0;454;0;0.2;0.0
58;2021-01-11;54;0;508;0;0.3;0.0
58;2021-01-12;258;0;766;0;0.4;0.0
58;2021-01-13;406;0;1172;0;0.6;0.0
58;2021-01-14;291;1;1463;1;0.7;0.0
58;2021-01-15;141;0;1604;1;0.8;0.0
58;2021-01-16;10;1;1614;2;0.8;0.0
58;2021-01-17;0;0;1614;2;0.8;0.0
58;2021-01-18;413;1;2027;3;1.0;0.0
58;2021-01-19;987;2;3014;5;1.5;0.0
58;2021-01-20;1206;2;4220;7;2.1;0.0
58;2021-01-21;962;4;5182;11;2.6;0.0
58;2021-01-22;779;3;5961;14;3.0;0.0
58;2021-01-23;251;0;6212;14;3.1;0.0
58;2021-01-24;2;0;6214;14;3.1;0.0
58;2021-01-25;439;0;6653;14;3.3;0.0
58;2021-01-26;650;3;7303;17;3.7;0.0
58;2021-01-27;604;44;7907;61;4.0;0.0
58;2021-01-28;756;65;8663;126;4.3;0.1
58;2021-01-29;837;5;9500;131;4.8;0.1
58;2021-01-30;281;0;9781;131;4.9;0.1
58;2021-01-31;10;0;9791;131;4.9;0.1
58;2021-02-01;200;70;9991;201;5.0;0.1
58;2021-02-02;566;80;10557;281;5.3;0.1
58;2021-02-03;279;141;10836;422;5.4;0.2
58;2021-02-04;285;86;11121;508;5.6;0.3
58;2021-02-05;184;88;11305;596;5.7;0.3
58;2021-02-06;89;0;11394;596;5.7;0.3
58;2021-02-07;0;0;11394;596;5.7;0.3
58;2021-02-08;306;61;11700;657;5.9;0.3
58;2021-02-09;503;302;12203;959;6.1;0.5
58;2021-02-10;350;360;12553;1319;6.3;0.7
58;2021-02-11;287;365;12840;1684;6.4;0.8
58;2021-02-12;243;194;13083;1878;6.6;0.9
58;2021-02-13;83;29;13166;1907;6.6;1.0
58;2021-02-14;0;3;13166;1910;6.6;1.0
58;2021-02-15;114;392;13280;2302;6.7;1.2
58;2021-02-16;208;748;13488;3050;6.8;1.5
58;2021-02-17;221;627;13709;3677;6.9;1.8
58;2021-02-18;187;648;13896;4325;7.0;2.2
58;2021-02-19;241;618;14137;4943;7.1;2.5
58;2021-02-20;62;184;14199;5127;7.1;2.6
58;2021-02-21;0;30;14199;5157;7.1;2.6
58;2021-02-22;78;317;14277;5474;7.2;2.7
58;2021-02-23;49;507;14326;5981;7.2;3.0
58;2021-02-24;39;518;14365;6499;7.2;3.3
58;2021-02-25;252;609;14617;7108;7.3;3.6
58;2021-02-26;246;516;14863;7624;7.4;3.8
58;2021-02-27;104;157;14967;7781;7.5;3.9
58;2021-02-28;11;8;14978;7789;7.5;3.9
58;2021-03-01;145;192;15123;7981;7.6;4.0
58;2021-03-02;416;561;15539;8542;7.8;4.3
58;2021-03-03;524;264;16063;8806;8.0;4.4
58;2021-03-04;725;265;16788;9071;8.4;4.5
58;2021-03-05;867;194;17655;9265;8.8;4.6
58;2021-03-06;578;78;18233;9343;9.1;4.7
58;2021-03-07;63;10;18296;9353;9.2;4.7
58;2021-03-08;156;280;18452;9633;9.2;4.8
58;2021-03-09;545;504;18997;10137;9.5;5.1
58;2021-03-10;838;233;19835;10370;9.9;5.2
58;2021-03-11;857;267;20692;10637;10.4;5.3
58;2021-03-12;862;196;21554;10833;10.8;5.4
58;2021-03-13;506;64;22060;10897;11.1;5.5
58;2021-03-14;34;1;22094;10898;11.1;5.5
58;2021-03-15;528;108;22622;11006;11.3;5.5
58;2021-03-16;726;223;23348;11229;11.7;5.6
58;2021-03-17;756;189;24104;11418;12.1;5.7
58;2021-03-18;584;172;24688;11590;12.4;5.8
58;2021-03-19;539;99;25227;11689;12.6;5.9
58;2021-03-20;322;64;25549;11753;12.8;5.9
58;2021-03-21;17;0;25566;11753;12.8;5.9
58;2021-03-22;795;25;26361;11778;13.2;5.9
58;2021-03-23;1636;43;27997;11821;14.0;5.9
58;2021-03-24;1369;75;29366;11896;14.7;6.0
58;2021-03-25;1840;45;31206;11941;15.6;6.0
58;2021-03-26;1414;55;32620;11996;16.3;6.0
58;2021-03-27;358;7;32978;12003;16.5;6.0
58;2021-03-28;20;0;32998;12003;16.5;6.0
58;2021-03-29;637;152;33635;12155;16.9;6.1
58;2021-03-30;1186;255;34821;12410;17.4;6.2
58;2021-03-31;1116;393;35937;12803;18.0;6.4
58;2021-04-01;1548;402;37485;13205;18.8;6.6
58;2021-04-02;1464;362;38949;13567;19.5;6.8
58;2021-04-03;568;149;39517;13716;19.8;6.9
58;2021-04-04;1;1;39518;13717;19.8;6.9
58;2021-04-05;47;0;39565;13717;19.8;6.9
58;2021-04-06;824;343;40389;14060;20.2;7.0
58;2021-04-07;695;550;41084;14610;20.6;7.3
58;2021-04-08;1493;427;42577;15037;21.3;7.5
58;2021-04-09;1774;486;44351;15523;22.2;7.8
58;2021-04-10;652;201;45003;15724;22.5;7.9
58;2021-04-11;17;3;45020;15727;22.6;7.9
58;2021-04-12;1117;502;46137;16229;23.1;8.1
58;2021-04-13;1436;629;47573;16858;23.8;8.4
58;2021-04-14;1339;677;48912;17535;24.5;8.8
58;2021-04-15;1433;601;50345;18136;25.2;9.1
58;2021-04-16;1734;513;52079;18649;26.1;9.3
58;2021-04-17;722;232;52801;18881;26.5;9.5
58;2021-04-18;20;7;52821;18888;26.5;9.5
58;2021-04-19;531;602;53352;19490;26.7;9.8
58;2021-04-20;486;1120;53838;20610;27.0;10.3
58;2021-04-21;629;967;54467;21577;27.3;10.8
58;2021-04-22;767;1521;55234;23098;27.7;11.6
58;2021-04-23;919;784;56153;23882;28.1;12.0
58;2021-04-24;211;206;56364;24088;28.2;12.1
58;2021-04-25;109;9;56473;24097;28.3;12.1
58;2021-04-26;762;247;57235;24344;28.7;12.2
58;2021-04-27;1499;1106;58734;25450;29.4;12.8
58;2021-04-28;1536;1044;60270;26494;30.2;13.3
58;2021-04-29;1442;1039;61712;27533;30.9;13.8
58;2021-04-30;1257;938;62969;28471;31.5;14.3
58;2021-05-01;6;17;62975;28488;31.6;14.3
58;2021-05-02;4;2;62979;28490;31.6;14.3
58;2021-05-03;1042;407;64021;28897;32.1;14.5
58;2021-05-04;1074;1344;65095;30241;32.6;15.2
58;2021-05-05;955;1092;66050;31333;33.1;15.7
58;2021-05-06;1363;1053;67413;32386;33.8;16.2
58;2021-05-07;1111;1088;68524;33474;34.3;16.8
58;2021-05-08;59;60;68583;33534;34.4;16.8
58;2021-05-09;7;21;68590;33555;34.4;16.8
58;2021-05-10;875;991;69465;34546;34.8;17.3
58;2021-05-11;1185;1982;70650;36528;35.4;18.3
58;2021-05-12;1661;1557;72311;38085;36.2;19.1
58;2021-05-13;49;183;72360;38268;36.3;19.2
58;2021-05-14;2311;907;74671;39175;37.4;19.6
58;2021-05-15;1726;456;76397;39631;38.3;19.9
58;2021-05-16;118;33;76515;39664;38.3;19.9
58;2021-05-17;793;611;77308;40275;38.7;20.2
58;2021-05-18;1332;1180;78640;41455;39.4;20.8
58;2021-05-19;1737;548;80377;42003;40.3;21.0
58;2021-05-20;1701;673;82078;42676;41.1;21.4
58;2021-05-21;854;720;82932;43396;41.5;21.7
58;2021-05-22;304;237;83236;43633;41.7;21.9
58;2021-05-23;2;21;83238;43654;41.7;21.9
58;2021-05-24;21;41;83259;43695;41.7;21.9
58;2021-05-25;1386;1155;84645;44850;42.4;22.5
58;2021-05-26;845;835;85490;45685;42.8;22.9
58;2021-05-27;753;935;86243;46620;43.2;23.4
58;2021-05-28;429;907;86672;47527;43.4;23.8
58;2021-05-29;151;209;86823;47736;43.5;23.9
58;2021-05-30;21;19;86844;47755;43.5;23.9
58;2021-05-31;757;392;87601;48147;43.9;24.1
58;2021-06-01;1373;1650;88974;49797;44.6;24.9
58;2021-06-02;1468;1049;90442;50846;45.3;25.5
58;2021-06-03;1024;956;91466;51802;45.8;26.0
58;2021-06-04;843;902;92309;52704;46.2;26.4
58;2021-06-05;272;263;92581;52967;46.4;26.5
58;2021-06-06;26;45;92607;53012;46.4;26.6
58;2021-06-07;712;791;93319;53803;46.8;27.0
58;2021-06-08;1324;1758;94643;55561;47.4;27.8
58;2021-06-09;1419;1007;96062;56568;48.1;28.3
58;2021-06-10;1109;974;97171;57542;48.7;28.8
58;2021-06-11;1030;907;98201;58449;49.2;29.3
58;2021-06-12;1056;415;99257;58864;49.7;29.5
58;2021-06-13;36;33;99293;58897;49.7;29.5
58;2021-06-14;516;1016;99809;59913;50.0;30.0
58;2021-06-15;1595;1757;101404;61670;50.8;30.9
58;2021-06-16;1806;992;103210;62662;51.7;31.4
58;2021-06-17;2024;1104;105234;63766;52.7;31.9
58;2021-06-18;988;1062;106222;64828;53.2;32.5
58;2021-06-19;581;319;106803;65147;53.5;32.6
58;2021-06-20;9;2;106812;65149;53.5;32.6
58;2021-06-21;472;553;107284;65702;53.8;32.9
58;2021-06-22;1028;1963;108312;67665;54.3;33.9
58;2021-06-23;1478;1510;109790;69175;55.0;34.7
58;2021-06-24;728;1024;110518;70199;55.4;35.2
58;2021-06-25;826;1720;111344;71919;55.8;36.0
58;2021-06-26;554;1229;111898;73148;56.1;36.6
58;2021-06-27;18;22;111916;73170;56.1;36.7
58;2021-06-28;463;987;112379;74157;56.3;37.2
58;2021-06-29;623;2161;113002;76318;56.6;38.2
58;2021-06-30;999;1624;114001;77942;57.1;39.0
58;2021-07-01;760;1670;114761;79612;57.5;39.9
58;2021-07-02;444;849;115205;80461;57.7;40.3
58;2021-07-03;249;512;115454;80973;57.8;40.6
58;2021-07-04;12;30;115466;81003;57.8;40.6
58;2021-07-05;511;765;115977;81768;58.1;41.0
58;2021-07-06;695;2121;116672;83889;58.5;42.0
58;2021-07-07;389;947;117061;84836;58.6;42.5
58;2021-07-08;399;1018;117460;85854;58.8;43.0
58;2021-07-09;709;1417;118169;87271;59.2;43.7
58;2021-07-10;260;412;118429;87683;59.3;43.9
58;2021-07-11;175;52;118604;87735;59.4;44.0
58;2021-07-12;197;965;118801;88700;59.5;44.4
58;2021-07-13;932;2502;119733;91202;60.0;45.7
58;2021-07-14;27;58;119760;91260;60.0;45.7
58;2021-07-15;1135;1936;120895;93196;60.6;46.7
58;2021-07-16;1412;1443;122307;94639;61.3;47.4
58;2021-07-17;463;287;122770;94926;61.5;47.6
58;2021-07-18;102;21;122872;94947;61.6;47.6
58;2021-07-19;1654;987;124526;95934;62.4;48.1
58;2021-07-20;1407;2454;125933;98388;63.1;49.3
58;2021-07-21;1177;2008;127110;100396;63.7;50.3
58;2021-07-22;1144;1670;128254;102066;64.3;51.1
58;2021-07-23;1265;1446;129519;103512;64.9;51.9
58;2021-07-24;1001;1271;130520;104783;65.4;52.5
58;2021-07-25;89;39;130609;104822;65.4;52.5
58;2021-07-26;981;861;131590;105683;65.9;52.9
58;2021-07-27;1568;2573;133158;108256;66.7;54.2
58;2021-07-28;1573;1972;134731;110228;67.5;55.2
58;2021-07-29;1582;1620;136313;111848;68.3;56.0
58;2021-07-30;1465;1427;137778;113275;69.0;56.8
58;2021-07-31;569;524;138347;113799;69.3;57.0
58;2021-08-01;35;13;138382;113812;69.3;57.0
58;2021-08-02;1589;863;139971;114675;70.1;57.5
58;2021-08-03;2051;1778;142022;116453;71.2;58.3
58;2021-08-04;1309;1185;143331;117638;71.8;58.9
58;2021-08-05;1621;1175;144952;118813;72.6;59.5
58;2021-08-06;1359;1032;146311;119845;73.3;60.0
58;2021-08-07;318;400;146629;120245;73.5;60.2
58;2021-08-08;30;58;146659;120303;73.5;60.3
58;2021-08-09;1084;1386;147743;121689;74.0;61.0
58;2021-08-10;1780;1387;149523;123076;74.9;61.7
58;2021-08-11;1134;779;150657;123855;75.5;62.1
58;2021-08-12;1067;1109;151724;124964;76.0;62.6
58;2021-08-13;930;956;152654;125920;76.5;63.1
58;2021-08-14;233;317;152887;126237;76.6;63.2
58;2021-08-15;13;27;152900;126264;76.6;63.3
58;2021-08-16;310;1404;153210;127668;76.8;64.0
58;2021-08-17;803;1337;154013;129005;77.2;64.6
58;2021-08-18;765;1172;154778;130177;77.5;65.2
58;2021-08-19;727;1341;155505;131518;77.9;65.9
58;2021-08-20;706;1294;156211;132812;78.3;66.5
58;2021-08-21;251;476;156462;133288;78.4;66.8
58;2021-08-22;9;86;156471;133374;78.4;66.8
58;2021-08-23;417;814;156888;134188;78.6;67.2
58;2021-08-24;512;1480;157400;135668;78.9;68.0
58;2021-08-25;436;1543;157836;137211;79.1;68.7
58;2021-08-26;551;1732;158387;138943;79.4;69.6
58;2021-08-27;491;1563;158878;140506;79.6;70.4
58;2021-08-28;241;640;159119;141146;79.7;70.7
58;2021-08-29;9;42;159128;141188;79.7;70.7
58;2021-08-30;357;808;159485;141996;79.9;71.1
58;2021-08-31;484;1608;159969;143604;80.1;71.9
58;2021-09-01;419;1675;160388;145279;80.4;72.8
58;2021-09-02;288;1361;160676;146640;80.5;73.5
58;2021-09-03;363;1564;161039;148204;80.7;74.3
58;2021-09-04;206;700;161245;148904;80.8;74.6
58;2021-09-05;3;27;161248;148931;80.8;74.6
58;2021-09-06;116;560;161364;149491;80.8;74.9
58;2021-09-07;314;986;161678;150477;81.0;75.4
58;2021-09-08;240;1327;161918;151804;81.1;76.1
58;2021-09-09;247;701;162165;152505;81.2;76.4
58;2021-09-10;252;962;162417;153467;81.4;76.9
58;2021-09-11;128;526;162545;153993;81.4;77.2
58;2021-09-12;5;17;162550;154010;81.4;77.2
59;2020-12-27;1;0;1;0;0.0;0.0
59;2020-12-28;27;0;28;0;0.0;0.0
59;2020-12-29;0;0;28;0;0.0;0.0
59;2020-12-30;0;0;28;0;0.0;0.0
59;2020-12-31;1;0;29;0;0.0;0.0
59;2021-01-01;3;0;32;0;0.0;0.0
59;2021-01-02;3;0;35;0;0.0;0.0
59;2021-01-03;4;0;39;0;0.0;0.0
59;2021-01-04;79;0;118;0;0.0;0.0
59;2021-01-05;217;0;335;0;0.0;0.0
59;2021-01-06;429;1;764;1;0.0;0.0
59;2021-01-07;1314;0;2078;1;0.1;0.0
59;2021-01-08;1262;5;3340;6;0.1;0.0
59;2021-01-09;609;3;3949;9;0.2;0.0
59;2021-01-10;428;0;4377;9;0.2;0.0
59;2021-01-11;1847;5;6224;14;0.2;0.0
59;2021-01-12;2471;2;8695;16;0.3;0.0
59;2021-01-13;2367;3;11062;19;0.4;0.0
59;2021-01-14;2758;21;13820;40;0.5;0.0
59;2021-01-15;2275;15;16095;55;0.6;0.0
59;2021-01-16;771;1;16866;56;0.7;0.0
59;2021-01-17;560;1;17426;57;0.7;0.0
59;2021-01-18;3511;13;20937;70;0.8;0.0
59;2021-01-19;4758;7;25695;77;1.0;0.0
59;2021-01-20;4134;12;29829;89;1.2;0.0
59;2021-01-21;4730;32;34559;121;1.3;0.0
59;2021-01-22;4024;10;38583;131;1.5;0.0
59;2021-01-23;1215;3;39798;134;1.5;0.0
59;2021-01-24;170;0;39968;134;1.5;0.0
59;2021-01-25;2729;50;42697;184;1.6;0.0
59;2021-01-26;2811;131;45508;315;1.8;0.0
59;2021-01-27;1736;291;47244;606;1.8;0.0
59;2021-01-28;3399;725;50643;1331;2.0;0.1
59;2021-01-29;2541;750;53184;2081;2.1;0.1
59;2021-01-30;288;146;53472;2227;2.1;0.1
59;2021-01-31;24;0;53496;2227;2.1;0.1
59;2021-02-01;79;809;53575;3036;2.1;0.1
59;2021-02-02;686;1368;54261;4404;2.1;0.2
59;2021-02-03;3749;1366;58010;5770;2.2;0.2
59;2021-02-04;2965;1632;60975;7402;2.4;0.3
59;2021-02-05;1053;1295;62028;8697;2.4;0.3
59;2021-02-06;206;303;62234;9000;2.4;0.3
59;2021-02-07;268;49;62502;9049;2.4;0.3
59;2021-02-08;683;1389;63185;10438;2.4;0.4
59;2021-02-09;1014;1570;64199;12008;2.5;0.5
59;2021-02-10;976;1419;65175;13427;2.5;0.5
59;2021-02-11;1347;1630;66522;15057;2.6;0.6
59;2021-02-12;1414;1445;67936;16502;2.6;0.6
59;2021-02-13;207;608;68143;17110;2.6;0.7
59;2021-02-14;13;42;68156;17152;2.6;0.7
59;2021-02-15;1394;2279;69550;19431;2.7;0.8
59;2021-02-16;1436;2802;70986;22233;2.7;0.9
59;2021-02-17;1622;2944;72608;25177;2.8;1.0
59;2021-02-18;3106;4398;75714;29575;2.9;1.1
59;2021-02-19;3211;3160;78925;32735;3.0;1.3
59;2021-02-20;1414;1295;80339;34030;3.1;1.3
59;2021-02-21;242;237;80581;34267;3.1;1.3
59;2021-02-22;1429;2085;82010;36352;3.2;1.4
59;2021-02-23;2659;2442;84669;38794;3.3;1.5
59;2021-02-24;4108;3799;88777;42593;3.4;1.6
59;2021-02-25;6916;3531;95693;46124;3.7;1.8
59;2021-02-26;6496;1719;102189;47843;3.9;1.8
59;2021-02-27;3096;183;105285;48026;4.1;1.9
59;2021-02-28;208;60;105493;48086;4.1;1.9
59;2021-03-01;3693;580;109186;48666;4.2;1.9
59;2021-03-02;4794;527;113980;49193;4.4;1.9
59;2021-03-03;5748;948;119728;50141;4.6;1.9
59;2021-03-04;7084;891;126812;51032;4.9;2.0
59;2021-03-05;7834;907;134646;51939;5.2;2.0
59;2021-03-06;11561;483;146207;52422;5.6;2.0
59;2021-03-07;7586;323;153793;52745;5.9;2.0
59;2021-03-08;4497;1026;158290;53771;6.1;2.1
59;2021-03-09;6581;1315;164871;55086;6.4;2.1
59;2021-03-10;7027;1143;171898;56229;6.6;2.2
59;2021-03-11;9476;1840;181374;58069;7.0;2.2
59;2021-03-12;12160;1527;193534;59596;7.5;2.3
59;2021-03-13;16554;1071;210088;60667;8.1;2.3
59;2021-03-14;6965;325;217053;60992;8.4;2.4
59;2021-03-15;5616;1458;222669;62450;8.6;2.4
59;2021-03-16;3738;1307;226407;63757;8.7;2.5
59;2021-03-17;3856;2060;230263;65817;8.9;2.5
59;2021-03-18;3959;2440;234222;68257;9.0;2.6
59;2021-03-19;7742;1778;241964;70035;9.3;2.7
59;2021-03-20;16025;1269;257989;71304;10.0;2.8
59;2021-03-21;6315;445;264304;71749;10.2;2.8
59;2021-03-22;5448;1735;269752;73484;10.4;2.8
59;2021-03-23;7773;2785;277525;76269;10.7;2.9
59;2021-03-24;6860;2940;284385;79209;11.0;3.1
59;2021-03-25;10532;2536;294917;81745;11.4;3.2
59;2021-03-26;12254;2816;307171;84561;11.9;3.3
59;2021-03-27;15277;1143;322448;85704;12.5;3.3
59;2021-03-28;7985;360;330433;86064;12.8;3.3
59;2021-03-29;5495;3173;335928;89237;13.0;3.4
59;2021-03-30;7540;3733;343468;92970;13.3;3.6
59;2021-03-31;6157;4076;349625;97046;13.5;3.7
59;2021-04-01;7490;4903;357115;101949;13.8;3.9
59;2021-04-02;7647;5499;364762;107448;14.1;4.2
59;2021-04-03;13018;4295;377780;111743;14.6;4.3
59;2021-04-04;5349;2176;383129;113919;14.8;4.4
59;2021-04-05;6020;1528;389149;115447;15.0;4.5
59;2021-04-06;5406;4480;394555;119927;15.2;4.6
59;2021-04-07;7625;5417;402180;125344;15.5;4.8
59;2021-04-08;10395;5740;412575;131084;15.9;5.1
59;2021-04-09;13419;5922;425994;137006;16.5;5.3
59;2021-04-10;11479;6127;437473;143133;16.9;5.5
59;2021-04-11;4636;3557;442109;146690;17.1;5.7
59;2021-04-12;6305;4345;448414;151035;17.3;5.8
59;2021-04-13;8934;4787;457348;155822;17.7;6.0
59;2021-04-14;8789;4341;466137;160163;18.0;6.2
59;2021-04-15;10310;4850;476447;165013;18.4;6.4
59;2021-04-16;10880;5500;487327;170513;18.8;6.6
59;2021-04-17;7299;9071;494626;179584;19.1;6.9
59;2021-04-18;3235;4160;497861;183744;19.2;7.1
59;2021-04-19;5043;4288;502904;188032;19.4;7.3
59;2021-04-20;6897;4206;509801;192238;19.7;7.4
59;2021-04-21;6275;4423;516076;196661;19.9;7.6
59;2021-04-22;8613;5515;524689;202176;20.3;7.8
59;2021-04-23;8459;5680;533148;207856;20.6;8.0
59;2021-04-24;5538;8046;538686;215902;20.8;8.3
59;2021-04-25;3243;6076;541929;221978;20.9;8.6
59;2021-04-26;6492;3783;548421;225761;21.2;8.7
59;2021-04-27;8366;5159;556787;230920;21.5;8.9
59;2021-04-28;8770;6548;565557;237468;21.8;9.2
59;2021-04-29;9418;8509;574975;245977;22.2;9.5
59;2021-04-30;10606;8495;585581;254472;22.6;9.8
59;2021-05-01;11999;7594;597580;262066;23.1;10.1
59;2021-05-02;8646;5989;606226;268055;23.4;10.4
59;2021-05-03;9555;5054;615781;273109;23.8;10.5
59;2021-05-04;11424;5972;627205;279081;24.2;10.8
59;2021-05-05;10296;6204;637501;285285;24.6;11.0
59;2021-05-06;11198;8441;648699;293726;25.1;11.3
59;2021-05-07;13299;9572;661998;303298;25.6;11.7
59;2021-05-08;14746;4166;676744;307464;26.1;11.9
59;2021-05-09;11492;3329;688236;310793;26.6;12.0
59;2021-05-10;12747;6632;700983;317425;27.1;12.3
59;2021-05-11;15113;8313;716096;325738;27.7;12.6
59;2021-05-12;16630;8632;732726;334370;28.3;12.9
59;2021-05-13;18443;3458;751169;337828;29.0;13.0
59;2021-05-14;15781;6960;766950;344788;29.6;13.3
59;2021-05-15;23450;5282;790400;350070;30.5;13.5
59;2021-05-16;21184;2414;811584;352484;31.3;13.6
59;2021-05-17;15073;5266;826657;357750;31.9;13.8
59;2021-05-18;16928;5669;843585;363419;32.6;14.0
59;2021-05-19;18323;5104;861908;368523;33.3;14.2
59;2021-05-20;17934;6988;879842;375511;34.0;14.5
59;2021-05-21;18372;8273;898214;383784;34.7;14.8
59;2021-05-22;23816;5672;922030;389456;35.6;15.0
59;2021-05-23;17922;2275;939952;391731;36.3;15.1
59;2021-05-24;16691;2138;956643;393869;37.0;15.2
59;2021-05-25;14991;6660;971634;400529;37.5;15.5
59;2021-05-26;15895;7034;987529;407563;38.1;15.7
59;2021-05-27;16153;9159;1003682;416722;38.8;16.1
59;2021-05-28;15887;11429;1019569;428151;39.4;16.5
59;2021-05-29;14376;8693;1033945;436844;39.9;16.9
59;2021-05-30;8407;1842;1042352;438686;40.3;16.9
59;2021-05-31;14211;7955;1056563;446641;40.8;17.3
59;2021-06-01;15096;10366;1071659;457007;41.4;17.7
59;2021-06-02;14771;9907;1086430;466914;42.0;18.0
59;2021-06-03;15632;12095;1102062;479009;42.6;18.5
59;2021-06-04;15616;13448;1117678;492457;43.2;19.0
59;2021-06-05;14984;9341;1132662;501798;43.7;19.4
59;2021-06-06;8832;3206;1141494;505004;44.1;19.5
59;2021-06-07;10529;9421;1152023;514425;44.5;19.9
59;2021-06-08;11765;11077;1163788;525502;45.0;20.3
59;2021-06-09;10765;11892;1174553;537394;45.4;20.8
59;2021-06-10;11503;12316;1186056;549710;45.8;21.2
59;2021-06-11;10979;15983;1197035;565693;46.2;21.8
59;2021-06-12;11075;13678;1208110;579371;46.7;22.4
59;2021-06-13;6345;7030;1214455;586401;46.9;22.6
59;2021-06-14;6510;12676;1220965;599077;47.2;23.1
59;2021-06-15;8237;15945;1229202;615022;47.5;23.8
59;2021-06-16;9204;13544;1238406;628566;47.8;24.3
59;2021-06-17;9190;15649;1247596;644215;48.2;24.9
59;2021-06-18;9089;20064;1256685;664279;48.5;25.7
59;2021-06-19;8957;17490;1265642;681769;48.9;26.3
59;2021-06-20;4901;10190;1270543;691959;49.1;26.7
59;2021-06-21;5280;15966;1275823;707925;49.3;27.3
59;2021-06-22;6335;18676;1282158;726601;49.5;28.1
59;2021-06-23;6168;19083;1288326;745684;49.8;28.8
59;2021-06-24;7340;20523;1295666;766207;50.0;29.6
59;2021-06-25;6509;21200;1302175;787407;50.3;30.4
59;2021-06-26;6488;23745;1308663;811152;50.5;31.3
59;2021-06-27;4755;17078;1313418;828230;50.7;32.0
59;2021-06-28;5006;19817;1318424;848047;50.9;32.8
59;2021-06-29;5553;20378;1323977;868425;51.1;33.5
59;2021-06-30;6134;20098;1330111;888523;51.4;34.3
59;2021-07-01;6795;20840;1336906;909363;51.6;35.1
59;2021-07-02;6841;23244;1343747;932607;51.9;36.0
59;2021-07-03;5564;24615;1349311;957222;52.1;37.0
59;2021-07-04;4418;15977;1353729;973199;52.3;37.6
59;2021-07-05;5674;17487;1359403;990686;52.5;38.3
59;2021-07-06;6611;18798;1366014;1009484;52.8;39.0
59;2021-07-07;6946;17453;1372960;1026937;53.0;39.7
59;2021-07-08;8027;17688;1380987;1044625;53.3;40.3
59;2021-07-09;7706;20299;1388693;1064924;53.6;41.1
59;2021-07-10;7450;18539;1396143;1083463;53.9;41.8
59;2021-07-11;4450;10230;1400593;1093693;54.1;42.2
59;2021-07-12;5915;18048;1406508;1111741;54.3;42.9
59;2021-07-13;9914;20765;1416422;1132506;54.7;43.7
59;2021-07-14;9785;8457;1426207;1140963;55.1;44.1
59;2021-07-15;11636;20394;1437843;1161357;55.5;44.9
59;2021-07-16;13224;20494;1451067;1181851;56.0;45.6
59;2021-07-17;12400;17465;1463467;1199316;56.5;46.3
59;2021-07-18;7966;8685;1471433;1208001;56.8;46.7
59;2021-07-19;10404;16449;1481837;1224450;57.2;47.3
59;2021-07-20;13417;17124;1495254;1241574;57.8;48.0
59;2021-07-21;14528;15597;1509782;1257171;58.3;48.6
59;2021-07-22;17070;15201;1526852;1272372;59.0;49.1
59;2021-07-23;15733;15832;1542585;1288204;59.6;49.8
59;2021-07-24;16357;12295;1558942;1300499;60.2;50.2
59;2021-07-25;11920;7334;1570862;1307833;60.7;50.5
59;2021-07-26;13046;12609;1583908;1320442;61.2;51.0
59;2021-07-27;16246;11974;1600154;1332416;61.8;51.5
59;2021-07-28;17455;11662;1617609;1344078;62.5;51.9
59;2021-07-29;17427;11666;1635036;1355744;63.2;52.4
59;2021-07-30;15920;11608;1650956;1367352;63.8;52.8
59;2021-07-31;14018;9205;1664974;1376557;64.3;53.2
59;2021-08-01;9961;4567;1674935;1381124;64.7;53.3
59;2021-08-02;12191;10020;1687126;1391144;65.2;53.7
59;2021-08-03;13446;10048;1700572;1401192;65.7;54.1
59;2021-08-04;11232;8282;1711804;1409474;66.1;54.4
59;2021-08-05;12713;9785;1724517;1419259;66.6;54.8
59;2021-08-06;12557;11037;1737074;1430296;67.1;55.2
59;2021-08-07;9739;9298;1746813;1439594;67.5;55.6
59;2021-08-08;6959;5262;1753772;1444856;67.7;55.8
59;2021-08-09;8399;10819;1762171;1455675;68.1;56.2
59;2021-08-10;10397;10769;1772568;1466444;68.5;56.6
59;2021-08-11;8656;9317;1781224;1475761;68.8;57.0
59;2021-08-12;8996;12067;1790220;1487828;69.1;57.5
59;2021-08-13;8611;11743;1798831;1499571;69.5;57.9
59;2021-08-14;5949;10390;1804780;1509961;69.7;58.3
59;2021-08-15;3372;4662;1808152;1514623;69.8;58.5
59;2021-08-16;5857;13865;1814009;1528488;70.1;59.0
59;2021-08-17;6945;12759;1820954;1541247;70.3;59.5
59;2021-08-18;5897;11466;1826851;1552713;70.6;60.0
59;2021-08-19;6331;13863;1833182;1566576;70.8;60.5
59;2021-08-20;5816;14568;1838998;1581144;71.0;61.1
59;2021-08-21;4175;10289;1843173;1591433;71.2;61.5
59;2021-08-22;2843;7648;1846016;1599081;71.3;61.8
59;2021-08-23;4756;15719;1850772;1614800;71.5;62.4
59;2021-08-24;5272;15180;1856044;1629980;71.7;63.0
59;2021-08-25;4644;13076;1860688;1643056;71.9;63.5
59;2021-08-26;5178;14333;1865866;1657389;72.1;64.0
59;2021-08-27;4959;15407;1870825;1672796;72.3;64.6
59;2021-08-28;3789;12365;1874614;1685161;72.4;65.1
59;2021-08-29;1930;8430;1876544;1693591;72.5;65.4
59;2021-08-30;3841;12923;1880385;1706514;72.6;65.9
59;2021-08-31;3791;12931;1884176;1719445;72.8;66.4
59;2021-09-01;3265;10699;1887441;1730144;72.9;66.8
59;2021-09-02;3168;10937;1890609;1741081;73.0;67.2
59;2021-09-03;3774;12114;1894383;1753195;73.2;67.7
59;2021-09-04;3383;9957;1897766;1763152;73.3;68.1
59;2021-09-05;1202;3652;1898968;1766804;73.3;68.2
59;2021-09-06;2131;7327;1901099;1774131;73.4;68.5
59;2021-09-07;2225;7032;1903324;1781163;73.5;68.8
59;2021-09-08;2553;7493;1905877;1788656;73.6;69.1
59;2021-09-09;2402;6686;1908279;1795342;73.7;69.3
59;2021-09-10;3232;8061;1911511;1803403;73.8;69.7
59;2021-09-11;2559;7473;1914070;1810876;73.9;69.9
59;2021-09-12;905;2902;1914975;1813778;74.0;70.1
60;2020-12-27;0;0;0;0;0.0;0.0
60;2020-12-28;0;0;0;0;0.0;0.0
60;2020-12-29;1;0;1;0;0.0;0.0
60;2020-12-30;0;0;1;0;0.0;0.0
60;2020-12-31;0;0;1;0;0.0;0.0
60;2021-01-01;0;0;1;0;0.0;0.0
60;2021-01-02;5;0;6;0;0.0;0.0
60;2021-01-03;1;0;7;0;0.0;0.0
60;2021-01-04;1;0;8;0;0.0;0.0
60;2021-01-05;37;0;45;0;0.0;0.0
60;2021-01-06;188;3;233;3;0.0;0.0
60;2021-01-07;236;4;469;7;0.1;0.0
60;2021-01-08;380;3;849;10;0.1;0.0
60;2021-01-09;3;0;852;10;0.1;0.0
60;2021-01-10;60;0;912;10;0.1;0.0
60;2021-01-11;345;2;1257;12;0.2;0.0
60;2021-01-12;535;2;1792;14;0.2;0.0
60;2021-01-13;476;5;2268;19;0.3;0.0
60;2021-01-14;507;6;2775;25;0.3;0.0
60;2021-01-15;702;7;3477;32;0.4;0.0
60;2021-01-16;124;1;3601;33;0.4;0.0
60;2021-01-17;32;0;3633;33;0.4;0.0
60;2021-01-18;859;7;4492;40;0.5;0.0
60;2021-01-19;1202;11;5694;51;0.7;0.0
60;2021-01-20;1717;11;7411;62;0.9;0.0
60;2021-01-21;2264;8;9675;70;1.2;0.0
60;2021-01-22;1543;14;11218;84;1.4;0.0
60;2021-01-23;499;4;11717;88;1.4;0.0
60;2021-01-24;61;1;11778;89;1.4;0.0
60;2021-01-25;897;14;12675;103;1.5;0.0
60;2021-01-26;950;15;13625;118;1.7;0.0
60;2021-01-27;646;6;14271;124;1.7;0.0
60;2021-01-28;395;164;14666;288;1.8;0.0
60;2021-01-29;77;98;14743;386;1.8;0.0
60;2021-01-30;0;1;14743;387;1.8;0.0
60;2021-01-31;22;59;14765;446;1.8;0.1
60;2021-02-01;39;103;14804;549;1.8;0.1
60;2021-02-02;26;149;14830;698;1.8;0.1
60;2021-02-03;165;231;14995;929;1.8;0.1
60;2021-02-04;170;333;15165;1262;1.8;0.2
60;2021-02-05;315;467;15480;1729;1.9;0.2
60;2021-02-06;65;76;15545;1805;1.9;0.2
60;2021-02-07;31;31;15576;1836;1.9;0.2
60;2021-02-08;329;491;15905;2327;1.9;0.3
60;2021-02-09;319;445;16224;2772;2.0;0.3
60;2021-02-10;555;957;16779;3729;2.0;0.5
60;2021-02-11;942;1077;17721;4806;2.1;0.6
60;2021-02-12;914;827;18635;5633;2.3;0.7
60;2021-02-13;91;294;18726;5927;2.3;0.7
60;2021-02-14;24;83;18750;6010;2.3;0.7
60;2021-02-15;612;668;19362;6678;2.3;0.8
60;2021-02-16;580;815;19942;7493;2.4;0.9
60;2021-02-17;633;808;20575;8301;2.5;1.0
60;2021-02-18;684;722;21259;9023;2.6;1.1
60;2021-02-19;641;664;21900;9687;2.7;1.2
60;2021-02-20;104;167;22004;9854;2.7;1.2
60;2021-02-21;23;102;22027;9956;2.7;1.2
60;2021-02-22;461;762;22488;10718;2.7;1.3
60;2021-02-23;535;689;23023;11407;2.8;1.4
60;2021-02-24;794;476;23817;11883;2.9;1.4
60;2021-02-25;1095;268;24912;12151;3.0;1.5
60;2021-02-26;1300;178;26212;12329;3.2;1.5
60;2021-02-27;666;35;26878;12364;3.3;1.5
60;2021-02-28;7;10;26885;12374;3.3;1.5
60;2021-03-01;894;47;27779;12421;3.4;1.5
60;2021-03-02;1013;166;28792;12587;3.5;1.5
60;2021-03-03;1322;429;30114;13016;3.6;1.6
60;2021-03-04;1725;490;31839;13506;3.9;1.6
60;2021-03-05;1822;283;33661;13789;4.1;1.7
60;2021-03-06;1920;140;35581;13929;4.3;1.7
60;2021-03-07;885;31;36466;13960;4.4;1.7
60;2021-03-08;978;301;37444;14261;4.5;1.7
60;2021-03-09;1642;340;39086;14601;4.7;1.8
60;2021-03-10;1938;414;41024;15015;5.0;1.8
60;2021-03-11;2325;377;43349;15392;5.3;1.9
60;2021-03-12;2596;540;45945;15932;5.6;1.9
60;2021-03-13;3839;209;49784;16141;6.0;2.0
60;2021-03-14;1782;59;51566;16200;6.2;2.0
60;2021-03-15;2090;493;53656;16693;6.5;2.0
60;2021-03-16;1583;620;55239;17313;6.7;2.1
60;2021-03-17;1658;610;56897;17923;6.9;2.2
60;2021-03-18;1759;734;58656;18657;7.1;2.3
60;2021-03-19;2591;525;61247;19182;7.4;2.3
60;2021-03-20;3241;191;64488;19373;7.8;2.3
60;2021-03-21;2125;98;66613;19471;8.1;2.4
60;2021-03-22;2133;708;68746;20179;8.3;2.4
60;2021-03-23;3308;716;72054;20895;8.7;2.5
60;2021-03-24;3070;866;75124;21761;9.1;2.6
60;2021-03-25;3849;845;78973;22606;9.6;2.7
60;2021-03-26;4217;869;83190;23475;10.1;2.8
60;2021-03-27;4142;321;87332;23796;10.6;2.9
60;2021-03-28;2450;85;89782;23881;10.9;2.9
60;2021-03-29;2610;1080;92392;24961;11.2;3.0
60;2021-03-30;3285;1072;95677;26033;11.6;3.2
60;2021-03-31;2668;1139;98345;27172;11.9;3.3
60;2021-04-01;2562;1102;100907;28274;12.2;3.4
60;2021-04-02;3308;1112;104215;29386;12.6;3.6
60;2021-04-03;3171;1011;107386;30397;13.0;3.7
60;2021-04-04;876;485;108262;30882;13.1;3.7
60;2021-04-05;459;82;108721;30964;13.2;3.8
60;2021-04-06;1966;1621;110687;32585;13.4;3.9
60;2021-04-07;1984;1745;112671;34330;13.7;4.2
60;2021-04-08;2612;1497;115283;35827;14.0;4.3
60;2021-04-09;2999;1522;118282;37349;14.3;4.5
60;2021-04-10;2928;1585;121210;38934;14.7;4.7
60;2021-04-11;1046;998;122256;39932;14.8;4.8
60;2021-04-12;2045;1721;124301;41653;15.1;5.0
60;2021-04-13;2749;1785;127050;43438;15.4;5.3
60;2021-04-14;3144;1821;130194;45259;15.8;5.5
60;2021-04-15;3560;1894;133754;47153;16.2;5.7
60;2021-04-16;3292;1952;137046;49105;16.6;6.0
60;2021-04-17;2849;2170;139895;51275;17.0;6.2
60;2021-04-18;573;1833;140468;53108;17.0;6.4
60;2021-04-19;1742;2212;142210;55320;17.2;6.7
60;2021-04-20;2130;2678;144340;57998;17.5;7.0
60;2021-04-21;2653;2208;146993;60206;17.8;7.3
60;2021-04-22;2631;2508;149624;62714;18.1;7.6
60;2021-04-23;2650;2500;152274;65214;18.5;7.9
60;2021-04-24;2471;3453;154745;68667;18.8;8.3
60;2021-04-25;1162;1961;155907;70628;18.9;8.6
60;2021-04-26;1890;2526;157797;73154;19.1;8.9
60;2021-04-27;2311;2841;160108;75995;19.4;9.2
60;2021-04-28;3061;2394;163169;78389;19.8;9.5
60;2021-04-29;3154;2622;166323;81011;20.2;9.8
60;2021-04-30;3459;2958;169782;83969;20.6;10.2
60;2021-05-01;2355;1123;172137;85092;20.9;10.3
60;2021-05-02;2148;845;174285;85937;21.1;10.4
60;2021-05-03;2956;1855;177241;87792;21.5;10.6
60;2021-05-04;3018;2356;180259;90148;21.8;10.9
60;2021-05-05;3260;2810;183519;92958;22.2;11.3
60;2021-05-06;3648;2480;187167;95438;22.7;11.6
60;2021-05-07;3986;2513;191153;97951;23.2;11.9
60;2021-05-08;3583;968;194736;98919;23.6;12.0
60;2021-05-09;3460;956;198196;99875;24.0;12.1
60;2021-05-10;2392;2294;200588;102169;24.3;12.4
60;2021-05-11;3670;2466;204258;104635;24.8;12.7
60;2021-05-12;4718;2550;208976;107185;25.3;13.0
60;2021-05-13;5292;1129;214268;108314;26.0;13.1
60;2021-05-14;5603;1804;219871;110118;26.6;13.3
60;2021-05-15;6173;1718;226044;111836;27.4;13.6
60;2021-05-16;4861;691;230905;112527;28.0;13.6
60;2021-05-17;3716;1678;234621;114205;28.4;13.8
60;2021-05-18;4048;2081;238669;116286;28.9;14.1
60;2021-05-19;5098;1858;243767;118144;29.5;14.3
60;2021-05-20;5461;1790;249228;119934;30.2;14.5
60;2021-05-21;5974;1976;255202;121910;30.9;14.8
60;2021-05-22;5356;1972;260558;123882;31.6;15.0
60;2021-05-23;4267;658;264825;124540;32.1;15.1
60;2021-05-24;2951;534;267776;125074;32.5;15.2
60;2021-05-25;4139;2004;271915;127078;33.0;15.4
60;2021-05-26;4467;1835;276382;128913;33.5;15.6
60;2021-05-27;4613;1995;280995;130908;34.1;15.9
60;2021-05-28;4627;2492;285622;133400;34.6;16.2
60;2021-05-29;4612;2268;290234;135668;35.2;16.4
60;2021-05-30;1086;347;291320;136015;35.3;16.5
60;2021-05-31;3831;2084;295151;138099;35.8;16.7
60;2021-06-01;4445;2845;299596;140944;36.3;17.1
60;2021-06-02;3915;2445;303511;143389;36.8;17.4
60;2021-06-03;3905;2370;307416;145759;37.3;17.7
60;2021-06-04;4652;2904;312068;148663;37.8;18.0
60;2021-06-05;4303;3421;316371;152084;38.3;18.4
60;2021-06-06;2159;794;318530;152878;38.6;18.5
60;2021-06-07;2777;2761;321307;155639;38.9;18.9
60;2021-06-08;3802;3001;325109;158640;39.4;19.2
60;2021-06-09;3248;3399;328357;162039;39.8;19.6
60;2021-06-10;3456;3367;331813;165406;40.2;20.0
60;2021-06-11;3882;4192;335695;169598;40.7;20.6
60;2021-06-12;3782;4280;339477;173878;41.1;21.1
60;2021-06-13;1156;2225;340633;176103;41.3;21.3
60;2021-06-14;1910;3305;342543;179408;41.5;21.7
60;2021-06-15;3016;4161;345559;183569;41.9;22.2
60;2021-06-16;3252;4487;348811;188056;42.3;22.8
60;2021-06-17;2978;4784;351789;192840;42.6;23.4
60;2021-06-18;2984;4605;354773;197445;43.0;23.9
60;2021-06-19;3146;4723;357919;202168;43.4;24.5
60;2021-06-20;1432;1937;359351;204105;43.6;24.7
60;2021-06-21;1408;4041;360759;208146;43.7;25.2
60;2021-06-22;1759;5290;362518;213436;43.9;25.9
60;2021-06-23;1862;5236;364380;218672;44.2;26.5
60;2021-06-24;1804;5603;366184;224275;44.4;27.2
60;2021-06-25;1905;5728;368089;230003;44.6;27.9
60;2021-06-26;1863;6977;369952;236980;44.8;28.7
60;2021-06-27;715;2594;370667;239574;44.9;29.0
60;2021-06-28;1782;4142;372449;243716;45.1;29.5
60;2021-06-29;2014;5465;374463;249181;45.4;30.2
60;2021-06-30;2298;5358;376761;254539;45.7;30.9
60;2021-07-01;1891;4916;378652;259455;45.9;31.4
60;2021-07-02;2370;5882;381022;265337;46.2;32.2
60;2021-07-03;2404;6160;383426;271497;46.5;32.9
60;2021-07-04;792;2725;384218;274222;46.6;33.2
60;2021-07-05;1658;4403;385876;278625;46.8;33.8
60;2021-07-06;2147;4496;388023;283121;47.0;34.3
60;2021-07-07;2174;5116;390197;288237;47.3;34.9
60;2021-07-08;2672;4688;392869;292925;47.6;35.5
60;2021-07-09;2642;5562;395511;298487;47.9;36.2
60;2021-07-10;2581;5875;398092;304362;48.2;36.9
60;2021-07-11;1215;1942;399307;306304;48.4;37.1
60;2021-07-12;1446;4738;400753;311042;48.6;37.7
60;2021-07-13;2912;5023;403665;316065;48.9;38.3
60;2021-07-14;2586;1408;406251;317473;49.2;38.5
60;2021-07-15;3433;4876;409684;322349;49.7;39.1
60;2021-07-16;3700;5241;413384;327590;50.1;39.7
60;2021-07-17;4080;5134;417464;332724;50.6;40.3
60;2021-07-18;2186;2129;419650;334853;50.9;40.6
60;2021-07-19;2542;3890;422192;338743;51.2;41.1
60;2021-07-20;4198;4898;426390;343641;51.7;41.6
60;2021-07-21;4355;4281;430745;347922;52.2;42.2
60;2021-07-22;4628;4330;435373;352252;52.8;42.7
60;2021-07-23;4984;4904;440357;357156;53.4;43.3
60;2021-07-24;4317;4674;444674;361830;53.9;43.9
60;2021-07-25;2603;1830;447277;363660;54.2;44.1
60;2021-07-26;3379;3759;450656;367419;54.6;44.5
60;2021-07-27;4437;4628;455093;372047;55.2;45.1
60;2021-07-28;4550;3767;459643;375814;55.7;45.5
60;2021-07-29;4900;3708;464543;379522;56.3;46.0
60;2021-07-30;5029;4254;469572;383776;56.9;46.5
60;2021-07-31;4064;3969;473636;387745;57.4;47.0
60;2021-08-01;1685;862;475321;388607;57.6;47.1
60;2021-08-02;3176;2754;478497;391361;58.0;47.4
60;2021-08-03;3586;2892;482083;394253;58.4;47.8
60;2021-08-04;3314;2798;485397;397051;58.8;48.1
60;2021-08-05;3028;2256;488425;399307;59.2;48.4
60;2021-08-06;3828;3057;492253;402364;59.7;48.8
60;2021-08-07;3371;3074;495624;405438;60.1;49.1
60;2021-08-08;1534;909;497158;406347;60.3;49.2
60;2021-08-09;2202;2870;499360;409217;60.5;49.6
60;2021-08-10;3279;3309;502639;412526;60.9;50.0
60;2021-08-11;2812;3232;505451;415758;61.3;50.4
60;2021-08-12;2358;2664;507809;418422;61.5;50.7
60;2021-08-13;2747;2998;510556;421420;61.9;51.1
60;2021-08-14;2543;2732;513099;424152;62.2;51.4
60;2021-08-15;1361;553;514460;424705;62.4;51.5
60;2021-08-16;2044;3780;516504;428485;62.6;51.9
60;2021-08-17;2343;3829;518847;432314;62.9;52.4
60;2021-08-18;1937;3292;520784;435606;63.1;52.8
60;2021-08-19;1645;3090;522429;438696;63.3;53.2
60;2021-08-20;1852;3996;524281;442692;63.5;53.7
60;2021-08-21;1603;3491;525884;446183;63.7;54.1
60;2021-08-22;572;1338;526456;447521;63.8;54.2
60;2021-08-23;1099;3238;527555;450759;63.9;54.6
60;2021-08-24;1367;4490;528922;455249;64.1;55.2
60;2021-08-25;1431;3580;530353;458829;64.3;55.6
60;2021-08-26;1424;3459;531777;462288;64.5;56.0
60;2021-08-27;1432;4168;533209;466456;64.6;56.5
60;2021-08-28;1373;4476;534582;470932;64.8;57.1
60;2021-08-29;547;2035;535129;472967;64.9;57.3
60;2021-08-30;1226;2997;536355;475964;65.0;57.7
60;2021-08-31;1631;3849;537986;479813;65.2;58.2
60;2021-09-01;1227;2792;539213;482605;65.4;58.5
60;2021-09-02;1052;2708;540265;485313;65.5;58.8
60;2021-09-03;1019;3152;541284;488465;65.6;59.2
60;2021-09-04;1511;3715;542795;492180;65.8;59.7
60;2021-09-05;364;1352;543159;493532;65.8;59.8
60;2021-09-06;793;2527;543952;496059;65.9;60.1
60;2021-09-07;829;2968;544781;499027;66.0;60.5
60;2021-09-08;882;2976;545663;502003;66.1;60.8
60;2021-09-09;677;2344;546340;504347;66.2;61.1
60;2021-09-10;1018;2965;547358;507312;66.3;61.5
60;2021-09-11;1060;3481;548418;510793;66.5;61.9
60;2021-09-12;301;1119;548719;511912;66.5;62.0
61;2020-12-27;0;0;0;0;0.0;0.0
61;2020-12-28;0;0;0;0;0.0;0.0
61;2020-12-29;0;0;0;0;0.0;0.0
61;2020-12-30;0;0;0;0;0.0;0.0
61;2020-12-31;0;0;0;0;0.0;0.0
61;2021-01-01;1;0;1;0;0.0;0.0
61;2021-01-02;1;0;2;0;0.0;0.0
61;2021-01-03;0;0;2;0;0.0;0.0
61;2021-01-04;1;0;3;0;0.0;0.0
61;2021-01-05;3;0;6;0;0.0;0.0
61;2021-01-06;77;0;83;0;0.0;0.0
61;2021-01-07;175;2;258;2;0.1;0.0
61;2021-01-08;406;1;664;3;0.2;0.0
61;2021-01-09;165;1;829;4;0.3;0.0
61;2021-01-10;49;0;878;4;0.3;0.0
61;2021-01-11;396;1;1274;5;0.5;0.0
61;2021-01-12;681;2;1955;7;0.7;0.0
61;2021-01-13;740;1;2695;8;1.0;0.0
61;2021-01-14;530;7;3225;15;1.2;0.0
61;2021-01-15;537;4;3762;19;1.4;0.0
61;2021-01-16;289;1;4051;20;1.5;0.0
61;2021-01-17;858;6;4909;26;1.8;0.0
61;2021-01-18;1913;2;6822;28;2.5;0.0
61;2021-01-19;1323;3;8145;31;2.9;0.0
61;2021-01-20;683;0;8828;31;3.2;0.0
61;2021-01-21;848;1;9676;32;3.5;0.0
61;2021-01-22;764;0;10440;32;3.8;0.0
61;2021-01-23;257;2;10697;34;3.9;0.0
61;2021-01-24;229;0;10926;34;3.9;0.0
61;2021-01-25;578;1;11504;35;4.2;0.0
61;2021-01-26;561;0;12065;35;4.4;0.0
61;2021-01-27;569;13;12634;48;4.6;0.0
61;2021-01-28;464;50;13098;98;4.7;0.0
61;2021-01-29;479;197;13577;295;4.9;0.1
61;2021-01-30;212;3;13789;298;5.0;0.1
61;2021-01-31;109;0;13898;298;5.0;0.1
61;2021-02-01;430;178;14328;476;5.2;0.2
61;2021-02-02;387;362;14715;838;5.3;0.3
61;2021-02-03;412;416;15127;1254;5.5;0.5
61;2021-02-04;390;296;15517;1550;5.6;0.6
61;2021-02-05;538;340;16055;1890;5.8;0.7
61;2021-02-06;201;80;16256;1970;5.9;0.7
61;2021-02-07;45;199;16301;2169;5.9;0.8
61;2021-02-08;541;1311;16842;3480;6.1;1.3
61;2021-02-09;405;751;17247;4231;6.2;1.5
61;2021-02-10;279;517;17526;4748;6.3;1.7
61;2021-02-11;432;467;17958;5215;6.5;1.9
61;2021-02-12;402;638;18360;5853;6.6;2.1
61;2021-02-13;133;341;18493;6194;6.7;2.2
61;2021-02-14;3;256;18496;6450;6.7;2.3
61;2021-02-15;172;641;18668;7091;6.7;2.6
61;2021-02-16;203;544;18871;7635;6.8;2.8
61;2021-02-17;44;487;18915;8122;6.8;2.9
61;2021-02-18;161;416;19076;8538;6.9;3.1
61;2021-02-19;101;317;19177;8855;6.9;3.2
61;2021-02-20;40;200;19217;9055;6.9;3.3
61;2021-02-21;2;124;19219;9179;6.9;3.3
61;2021-02-22;88;468;19307;9647;7.0;3.5
61;2021-02-23;109;404;19416;10051;7.0;3.6
61;2021-02-24;173;452;19589;10503;7.1;3.8
61;2021-02-25;265;346;19854;10849;7.2;3.9
61;2021-02-26;266;393;20120;11242;7.3;4.1
61;2021-02-27;110;191;20230;11433;7.3;4.1
61;2021-02-28;4;117;20234;11550;7.3;4.2
61;2021-03-01;217;542;20451;12092;7.4;4.4
61;2021-03-02;148;638;20599;12730;7.4;4.6
61;2021-03-03;142;393;20741;13123;7.5;4.7
61;2021-03-04;431;400;21172;13523;7.6;4.9
61;2021-03-05;701;273;21873;13796;7.9;5.0
61;2021-03-06;437;216;22310;14012;8.1;5.1
61;2021-03-07;155;2;22465;14014;8.1;5.1
61;2021-03-08;296;293;22761;14307;8.2;5.2
61;2021-03-09;622;170;23383;14477;8.4;5.2
61;2021-03-10;672;175;24055;14652;8.7;5.3
61;2021-03-11;1120;120;25175;14772;9.1;5.3
61;2021-03-12;1468;96;26643;14868;9.6;5.4
61;2021-03-13;775;54;27418;14922;9.9;5.4
61;2021-03-14;226;6;27644;14928;10.0;5.4
61;2021-03-15;814;34;28458;14962;10.3;5.4
61;2021-03-16;721;21;29179;14983;10.5;5.4
61;2021-03-17;761;13;29940;14996;10.8;5.4
61;2021-03-18;858;27;30798;15023;11.1;5.4
61;2021-03-19;1027;50;31825;15073;11.5;5.4
61;2021-03-20;471;14;32296;15087;11.7;5.4
61;2021-03-21;71;2;32367;15089;11.7;5.4
61;2021-03-22;796;90;33163;15179;12.0;5.5
61;2021-03-23;920;39;34083;15218;12.3;5.5
61;2021-03-24;1372;70;35455;15288;12.8;5.5
61;2021-03-25;1876;68;37331;15356;13.5;5.5
61;2021-03-26;1799;46;39130;15402;14.1;5.6
61;2021-03-27;1083;18;40213;15420;14.5;5.6
61;2021-03-28;359;9;40572;15429;14.7;5.6
61;2021-03-29;1271;182;41843;15611;15.1;5.6
61;2021-03-30;1471;96;43314;15707;15.6;5.7
61;2021-03-31;1686;51;45000;15758;16.3;5.7
61;2021-04-01;2051;230;47051;15988;17.0;5.8
61;2021-04-02;1520;433;48571;16421;17.5;5.9
61;2021-04-03;640;287;49211;16708;17.8;6.0
61;2021-04-04;193;1;49404;16709;17.8;6.0
61;2021-04-05;532;8;49936;16717;18.0;6.0
61;2021-04-06;1354;618;51290;17335;18.5;6.3
61;2021-04-07;1699;658;52989;17993;19.1;6.5
61;2021-04-08;2267;832;55256;18825;20.0;6.8
61;2021-04-09;2138;836;57394;19661;20.7;7.1
61;2021-04-10;1534;485;58928;20146;21.3;7.3
61;2021-04-11;238;199;59166;20345;21.4;7.3
61;2021-04-12;1289;736;60455;21081;21.8;7.6
61;2021-04-13;1739;706;62194;21787;22.5;7.9
61;2021-04-14;1735;784;63929;22571;23.1;8.2
61;2021-04-15;2268;781;66197;23352;23.9;8.4
61;2021-04-16;2223;688;68420;24040;24.7;8.7
61;2021-04-17;1487;324;69907;24364;25.2;8.8
61;2021-04-18;538;99;70445;24463;25.4;8.8
61;2021-04-19;938;749;71383;25212;25.8;9.1
61;2021-04-20;1523;786;72906;25998;26.3;9.4
61;2021-04-21;1352;1040;74258;27038;26.8;9.8
61;2021-04-22;1293;1216;75551;28254;27.3;10.2
61;2021-04-23;1216;1147;76767;29401;27.7;10.6
61;2021-04-24;1437;818;78204;30219;28.2;10.9
61;2021-04-25;361;331;78565;30550;28.4;11.0
61;2021-04-26;670;1143;79235;31693;28.6;11.4
61;2021-04-27;1465;1138;80700;32831;29.1;11.9
61;2021-04-28;1386;1390;82086;34221;29.6;12.4
61;2021-04-29;1247;1860;83333;36081;30.1;13.0
61;2021-04-30;1721;1173;85054;37254;30.7;13.5
61;2021-05-01;788;321;85842;37575;31.0;13.6
61;2021-05-02;439;225;86281;37800;31.2;13.7
61;2021-05-03;844;1249;87125;39049;31.5;14.1
61;2021-05-04;1326;1750;88451;40799;31.9;14.7
61;2021-05-05;1009;2027;89460;42826;32.3;15.5
61;2021-05-06;1772;2213;91232;45039;32.9;16.3
61;2021-05-07;1376;1972;92608;47011;33.4;17.0
61;2021-05-08;930;472;93538;47483;33.8;17.1
61;2021-05-09;394;293;93932;47776;33.9;17.3
61;2021-05-10;988;1746;94920;49522;34.3;17.9
61;2021-05-11;1376;1516;96296;51038;34.8;18.4
61;2021-05-12;1870;1593;98166;52631;35.5;19.0
61;2021-05-13;889;491;99055;53122;35.8;19.2
61;2021-05-14;1852;1188;100907;54310;36.4;19.6
61;2021-05-15;2104;1118;103011;55428;37.2;20.0
61;2021-05-16;984;300;103995;55728;37.6;20.1
61;2021-05-17;1312;913;105307;56641;38.0;20.5
61;2021-05-18;2423;892;107730;57533;38.9;20.8
61;2021-05-19;2401;804;110131;58337;39.8;21.1
61;2021-05-20;2213;815;112344;59152;40.6;21.4
61;2021-05-21;2150;861;114494;60013;41.3;21.7
61;2021-05-22;1781;718;116275;60731;42.0;21.9
61;2021-05-23;714;54;116989;60785;42.2;22.0
61;2021-05-24;913;110;117902;60895;42.6;22.0
61;2021-05-25;1991;920;119893;61815;43.3;22.3
61;2021-05-26;2044;931;121937;62746;44.0;22.7
61;2021-05-27;2041;1089;123978;63835;44.8;23.1
61;2021-05-28;2053;1378;126031;65213;45.5;23.6
61;2021-05-29;1464;556;127495;65769;46.0;23.8
61;2021-05-30;450;44;127945;65813;46.2;23.8
61;2021-05-31;1561;937;129506;66750;46.8;24.1
61;2021-06-01;1876;1388;131382;68138;47.4;24.6
61;2021-06-02;1675;1135;133057;69273;48.1;25.0
61;2021-06-03;2250;1111;135307;70384;48.9;25.4
61;2021-06-04;1894;1344;137201;71728;49.5;25.9
61;2021-06-05;1669;1240;138870;72968;50.2;26.4
61;2021-06-06;318;230;139188;73198;50.3;26.4
61;2021-06-07;2189;867;141377;74065;51.1;26.7
61;2021-06-08;1847;1567;143224;75632;51.7;27.3
61;2021-06-09;1975;1185;145199;76817;52.4;27.7
61;2021-06-10;1974;1192;147173;78009;53.1;28.2
61;2021-06-11;1823;1579;148996;79588;53.8;28.7
61;2021-06-12;1424;999;150420;80587;54.3;29.1
61;2021-06-13;340;377;150760;80964;54.4;29.2
61;2021-06-14;1107;1188;151867;82152;54.8;29.7
61;2021-06-15;1215;1693;153082;83845;55.3;30.3
61;2021-06-16;1113;1364;154195;85209;55.7;30.8
61;2021-06-17;1020;1729;155215;86938;56.1;31.4
61;2021-06-18;1523;1671;156738;88609;56.6;32.0
61;2021-06-19;1245;1303;157983;89912;57.1;32.5
61;2021-06-20;289;345;158272;90257;57.2;32.6
61;2021-06-21;807;1627;159079;91884;57.4;33.2
61;2021-06-22;1024;1682;160103;93566;57.8;33.8
61;2021-06-23;967;2436;161070;96002;58.2;34.7
61;2021-06-24;650;1361;161720;97363;58.4;35.2
61;2021-06-25;840;2167;162560;99530;58.7;35.9
61;2021-06-26;624;1953;163184;101483;58.9;36.6
61;2021-06-27;139;799;163323;102282;59.0;36.9
61;2021-06-28;478;2248;163801;104530;59.2;37.7
61;2021-06-29;699;2859;164500;107389;59.4;38.8
61;2021-06-30;771;2463;165271;109852;59.7;39.7
61;2021-07-01;633;1696;165904;111548;59.9;40.3
61;2021-07-02;842;2497;166746;114045;60.2;41.2
61;2021-07-03;417;1912;167163;115957;60.4;41.9
61;2021-07-04;75;638;167238;116595;60.4;42.1
61;2021-07-05;683;1774;167921;118369;60.6;42.7
61;2021-07-06;990;2792;168911;121161;61.0;43.8
61;2021-07-07;734;2361;169645;123522;61.3;44.6
61;2021-07-08;841;1945;170486;125467;61.6;45.3
61;2021-07-09;723;2375;171209;127842;61.8;46.2
61;2021-07-10;464;1768;171673;129610;62.0;46.8
61;2021-07-11;244;489;171917;130099;62.1;47.0
61;2021-07-12;438;2290;172355;132389;62.2;47.8
61;2021-07-13;645;2486;173000;134875;62.5;48.7
61;2021-07-14;149;334;173149;135209;62.5;48.8
61;2021-07-15;815;2814;173964;138023;62.8;49.8
61;2021-07-16;968;2571;174932;140594;63.2;50.8
61;2021-07-17;707;2232;175639;142826;63.4;51.6
61;2021-07-18;339;368;175978;143194;63.6;51.7
61;2021-07-19;935;2404;176913;145598;63.9;52.6
61;2021-07-20;1327;2356;178240;147954;64.4;53.4
61;2021-07-21;1503;2182;179743;150136;64.9;54.2
61;2021-07-22;1751;2189;181494;152325;65.5;55.0
61;2021-07-23;1793;2304;183287;154629;66.2;55.8
61;2021-07-24;1457;2006;184744;156635;66.7;56.6
61;2021-07-25;324;393;185068;157028;66.8;56.7
61;2021-07-26;1252;1929;186320;158957;67.3;57.4
61;2021-07-27;2419;1584;188739;160541;68.2;58.0
61;2021-07-28;2458;1353;191197;161894;69.0;58.5
61;2021-07-29;2563;1576;193760;163470;70.0;59.0
61;2021-07-30;2398;1387;196158;164857;70.8;59.5
61;2021-07-31;1282;1300;197440;166157;71.3;60.0
61;2021-08-01;503;259;197943;166416;71.5;60.1
61;2021-08-02;1913;1121;199856;167537;72.2;60.5
61;2021-08-03;2451;914;202307;168451;73.1;60.8
61;2021-08-04;2346;781;204653;169232;73.9;61.1
61;2021-08-05;1900;991;206553;170223;74.6;61.5
61;2021-08-06;2164;1162;208717;171385;75.4;61.9
61;2021-08-07;1422;799;210139;172184;75.9;62.2
61;2021-08-08;447;263;210586;172447;76.1;62.3
61;2021-08-09;1309;1114;211895;173561;76.5;62.7
61;2021-08-10;1316;1107;213211;174668;77.0;63.1
61;2021-08-11;1118;1258;214329;175926;77.4;63.5
61;2021-08-12;1035;1321;215364;177247;77.8;64.0
61;2021-08-13;879;1609;216243;178856;78.1;64.6
61;2021-08-14;717;862;216960;179718;78.4;64.9
61;2021-08-15;94;184;217054;179902;78.4;65.0
61;2021-08-16;913;1541;217967;181443;78.7;65.5
61;2021-08-17;1152;1698;219119;183141;79.1;66.1
61;2021-08-18;809;1480;219928;184621;79.4;66.7
61;2021-08-19;743;1570;220671;186191;79.7;67.2
61;2021-08-20;802;2132;221473;188323;80.0;68.0
61;2021-08-21;491;1343;221964;189666;80.2;68.5
61;2021-08-22;137;447;222101;190113;80.2;68.7
61;2021-08-23;413;1703;222514;191816;80.4;69.3
61;2021-08-24;522;1897;223036;193713;80.5;70.0
61;2021-08-25;411;1734;223447;195447;80.7;70.6
61;2021-08-26;425;1598;223872;197045;80.8;71.2
61;2021-08-27;514;1887;224386;198932;81.0;71.8
61;2021-08-28;284;1366;224670;200298;81.1;72.3
61;2021-08-29;50;417;224720;200715;81.2;72.5
61;2021-08-30;382;1624;225102;202339;81.3;73.1
61;2021-08-31;505;1713;225607;204052;81.5;73.7
61;2021-09-01;451;1500;226058;205552;81.6;74.2
61;2021-09-02;419;1341;226477;206893;81.8;74.7
61;2021-09-03;474;1578;226951;208471;82.0;75.3
61;2021-09-04;342;1337;227293;209808;82.1;75.8
61;2021-09-05;76;225;227369;210033;82.1;75.9
61;2021-09-06;279;1231;227648;211264;82.2;76.3
61;2021-09-07;332;1564;227980;212828;82.3;76.9
61;2021-09-08;272;1417;228252;214245;82.4;77.4
61;2021-09-09;274;1149;228526;215394;82.5;77.8
61;2021-09-10;359;1128;228885;216522;82.7;78.2
61;2021-09-11;268;1101;229153;217623;82.8;78.6
61;2021-09-12;35;127;229188;217750;82.8;78.6
62;2020-12-27;2;0;2;0;0.0;0.0
62;2020-12-28;2;0;4;0;0.0;0.0
62;2020-12-29;0;0;4;0;0.0;0.0
62;2020-12-30;0;0;4;0;0.0;0.0
62;2020-12-31;0;0;4;0;0.0;0.0
62;2021-01-01;0;0;4;0;0.0;0.0
62;2021-01-02;2;0;6;0;0.0;0.0
62;2021-01-03;0;0;6;0;0.0;0.0
62;2021-01-04;2;0;8;0;0.0;0.0
62;2021-01-05;47;0;55;0;0.0;0.0
62;2021-01-06;123;0;178;0;0.0;0.0
62;2021-01-07;351;0;529;0;0.0;0.0
62;2021-01-08;713;6;1242;6;0.1;0.0
62;2021-01-09;164;1;1406;7;0.1;0.0
62;2021-01-10;84;0;1490;7;0.1;0.0
62;2021-01-11;556;1;2046;8;0.1;0.0
62;2021-01-12;1260;3;3306;11;0.2;0.0
62;2021-01-13;1139;6;4445;17;0.3;0.0
62;2021-01-14;1387;8;5832;25;0.4;0.0
62;2021-01-15;1299;8;7131;33;0.5;0.0
62;2021-01-16;308;2;7439;35;0.5;0.0
62;2021-01-17;107;0;7546;35;0.5;0.0
62;2021-01-18;1666;9;9212;44;0.6;0.0
62;2021-01-19;2103;4;11315;48;0.8;0.0
62;2021-01-20;2055;5;13370;53;0.9;0.0
62;2021-01-21;2243;5;15613;58;1.1;0.0
62;2021-01-22;1835;7;17448;65;1.2;0.0
62;2021-01-23;512;1;17960;66;1.2;0.0
62;2021-01-24;0;0;17960;66;1.2;0.0
62;2021-01-25;1284;6;19244;72;1.3;0.0
62;2021-01-26;1544;14;20788;86;1.4;0.0
62;2021-01-27;1501;159;22289;245;1.5;0.0
62;2021-01-28;4168;377;26457;622;1.8;0.0
62;2021-01-29;2035;315;28492;937;2.0;0.1
62;2021-01-30;159;133;28651;1070;2.0;0.1
62;2021-01-31;22;3;28673;1073;2.0;0.1
62;2021-02-01;46;321;28719;1394;2.0;0.1
62;2021-02-02;59;747;28778;2141;2.0;0.1
62;2021-02-03;44;590;28822;2731;2.0;0.2
62;2021-02-04;81;768;28903;3499;2.0;0.2
62;2021-02-05;80;694;28983;4193;2.0;0.3
62;2021-02-06;30;170;29013;4363;2.0;0.3
62;2021-02-07;237;30;29250;4393;2.0;0.3
62;2021-02-08;132;730;29382;5123;2.0;0.4
62;2021-02-09;227;959;29609;6082;2.0;0.4
62;2021-02-10;385;1033;29994;7115;2.1;0.5
62;2021-02-11;725;879;30719;7994;2.1;0.6
62;2021-02-12;966;686;31685;8680;2.2;0.6
62;2021-02-13;159;224;31844;8904;2.2;0.6
62;2021-02-14;0;0;31844;8904;2.2;0.6
62;2021-02-15;665;998;32509;9902;2.2;0.7
62;2021-02-16;923;1453;33432;11355;2.3;0.8
62;2021-02-17;1075;1713;34507;13068;2.4;0.9
62;2021-02-18;2227;3531;36734;16599;2.5;1.1
62;2021-02-19;2311;2389;39045;18988;2.7;1.3
62;2021-02-20;616;404;39661;19392;2.7;1.3
62;2021-02-21;87;43;39748;19435;2.7;1.3
62;2021-02-22;848;791;40596;20226;2.8;1.4
62;2021-02-23;1420;1033;42016;21259;2.9;1.5
62;2021-02-24;1547;548;43563;21807;3.0;1.5
62;2021-02-25;3169;377;46732;22184;3.2;1.5
62;2021-02-26;2910;304;49642;22488;3.4;1.5
62;2021-02-27;1830;87;51472;22575;3.5;1.6
62;2021-02-28;52;42;51524;22617;3.5;1.6
62;2021-03-01;1322;106;52846;22723;3.6;1.6
62;2021-03-02;3157;161;56003;22884;3.9;1.6
62;2021-03-03;3270;131;59273;23015;4.1;1.6
62;2021-03-04;3811;218;63084;23233;4.3;1.6
62;2021-03-05;4646;227;67730;23460;4.7;1.6
62;2021-03-06;9621;268;77351;23728;5.3;1.6
62;2021-03-07;8075;223;85426;23951;5.9;1.6
62;2021-03-08;2196;245;87622;24196;6.0;1.7
62;2021-03-09;3808;362;91430;24558;6.3;1.7
62;2021-03-10;4234;590;95664;25148;6.6;1.7
62;2021-03-11;5994;1521;101658;26669;7.0;1.8
62;2021-03-12;6637;1421;108295;28090;7.5;1.9
62;2021-03-13;14724;804;123019;28894;8.5;2.0
62;2021-03-14;9586;419;132605;29313;9.1;2.0
62;2021-03-15;3763;1004;136368;30317;9.4;2.1
62;2021-03-16;2737;844;139105;31161;9.6;2.1
62;2021-03-17;2805;724;141910;31885;9.8;2.2
62;2021-03-18;2724;939;144634;32824;10.0;2.3
62;2021-03-19;4783;926;149417;33750;10.3;2.3
62;2021-03-20;11067;620;160484;34370;11.0;2.4
62;2021-03-21;9449;376;169933;34746;11.7;2.4
62;2021-03-22;2943;1100;172876;35846;11.9;2.5
62;2021-03-23;4996;1479;177872;37325;12.2;2.6
62;2021-03-24;4696;1363;182568;38688;12.6;2.7
62;2021-03-25;6555;1461;189123;40149;13.0;2.8
62;2021-03-26;7051;1488;196174;41637;13.5;2.9
62;2021-03-27;12592;750;208766;42387;14.4;2.9
62;2021-03-28;6941;288;215707;42675;14.8;2.9
62;2021-03-29;3472;1206;219179;43881;15.1;3.0
62;2021-03-30;4549;2204;223728;46085;15.4;3.2
62;2021-03-31;4224;2461;227952;48546;15.7;3.3
62;2021-04-01;4975;2760;232927;51306;16.0;3.5
62;2021-04-02;5067;3233;237994;54539;16.4;3.8
62;2021-04-03;8210;3350;246204;57889;16.9;4.0
62;2021-04-04;4582;1928;250786;59817;17.3;4.1
62;2021-04-05;944;464;251730;60281;17.3;4.1
62;2021-04-06;4125;3008;255855;63289;17.6;4.4
62;2021-04-07;5060;3502;260915;66791;18.0;4.6
62;2021-04-08;6489;3991;267404;70782;18.4;4.9
62;2021-04-09;7629;3479;275033;74261;18.9;5.1
62;2021-04-10;6633;8073;281666;82334;19.4;5.7
62;2021-04-11;2808;6884;284474;89218;19.6;6.1
62;2021-04-12;3423;2381;287897;91599;19.8;6.3
62;2021-04-13;6172;3165;294069;94764;20.2;6.5
62;2021-04-14;5306;3064;299375;97828;20.6;6.7
62;2021-04-15;5735;2986;305110;100814;21.0;6.9
62;2021-04-16;5420;3202;310530;104016;21.4;7.2
62;2021-04-17;4359;7357;314889;111373;21.7;7.7
62;2021-04-18;1956;6849;316845;118222;21.8;8.1
62;2021-04-19;2779;1933;319624;120155;22.0;8.3
62;2021-04-20;4150;3886;323774;124041;22.3;8.5
62;2021-04-21;3747;3984;327521;128025;22.5;8.8
62;2021-04-22;3949;5195;331470;133220;22.8;9.2
62;2021-04-23;4063;5319;335533;138539;23.1;9.5
62;2021-04-24;4403;6729;339936;145268;23.4;10.0
62;2021-04-25;1910;3499;341846;148767;23.5;10.2
62;2021-04-26;2224;2424;344070;151191;23.7;10.4
62;2021-04-27;4409;3740;348479;154931;24.0;10.7
62;2021-04-28;4589;4404;353068;159335;24.3;11.0
62;2021-04-29;4790;5879;357858;165214;24.6;11.4
62;2021-04-30;5214;5697;363072;170911;25.0;11.8
62;2021-05-01;5726;3472;368798;174383;25.4;12.0
62;2021-05-02;7828;3146;376626;177529;25.9;12.2
62;2021-05-03;4508;2347;381134;179876;26.2;12.4
62;2021-05-04;5396;4967;386530;184843;26.6;12.7
62;2021-05-05;4735;4832;391265;189675;26.9;13.1
62;2021-05-06;5622;4938;396887;194613;27.3;13.4
62;2021-05-07;7691;4660;404578;199273;27.8;13.7
62;2021-05-08;10658;2323;415236;201596;28.6;13.9
62;2021-05-09;8626;1639;423862;203235;29.2;14.0
62;2021-05-10;4867;4024;428729;207259;29.5;14.3
62;2021-05-11;6415;5045;435144;212304;30.0;14.6
62;2021-05-12;8623;4590;443767;216894;30.5;14.9
62;2021-05-13;9999;1491;453766;218385;31.2;15.0
62;2021-05-14;11881;3396;465647;221781;32.1;15.3
62;2021-05-15;19785;3294;485432;225075;33.4;15.5
62;2021-05-16;16397;1415;501829;226490;34.5;15.6
62;2021-05-17;8183;2659;510012;229149;35.1;15.8
62;2021-05-18;9325;3130;519337;232279;35.7;16.0
62;2021-05-19;8614;2929;527951;235208;36.3;16.2
62;2021-05-20;8342;3843;536293;239051;36.9;16.5
62;2021-05-21;9398;4216;545691;243267;37.6;16.7
62;2021-05-22;17876;3528;563567;246795;38.8;17.0
62;2021-05-23;12377;1161;575944;247956;39.6;17.1
62;2021-05-24;3910;586;579854;248542;39.9;17.1
62;2021-05-25;7221;4096;587075;252638;40.4;17.4
62;2021-05-26;6782;4913;593857;257551;40.9;17.7
62;2021-05-27;6382;5693;600239;263244;41.3;18.1
62;2021-05-28;6519;6737;606758;269981;41.8;18.6
62;2021-05-29;10852;5537;617610;275518;42.5;19.0
62;2021-05-30;4037;981;621647;276499;42.8;19.0
62;2021-05-31;4796;3955;626443;280454;43.1;19.3
62;2021-06-01;6521;6516;632964;286970;43.6;19.8
62;2021-06-02;7443;5815;640407;292785;44.1;20.2
62;2021-06-03;7859;5883;648266;298668;44.6;20.6
62;2021-06-04;7905;6240;656171;304908;45.2;21.0
62;2021-06-05;8275;6227;664446;311135;45.7;21.4
62;2021-06-06;3129;1289;667575;312424;46.0;21.5
62;2021-06-07;4622;3762;672197;316186;46.3;21.8
62;2021-06-08;6209;5903;678406;322089;46.7;22.2
62;2021-06-09;5498;4764;683904;326853;47.1;22.5
62;2021-06-10;5207;5864;689111;332717;47.4;22.9
62;2021-06-11;6212;8865;695323;341582;47.9;23.5
62;2021-06-12;5935;8643;701258;350225;48.3;24.1
62;2021-06-13;3228;3794;704486;354019;48.5;24.4
62;2021-06-14;2610;6777;707096;360796;48.7;24.8
62;2021-06-15;4675;8536;711771;369332;49.0;25.4
62;2021-06-16;5082;7429;716853;376761;49.3;25.9
62;2021-06-17;5234;8042;722087;384803;49.7;26.5
62;2021-06-18;4825;10491;726912;395294;50.0;27.2
62;2021-06-19;5798;13436;732710;408730;50.4;28.1
62;2021-06-20;2101;4369;734811;413099;50.6;28.4
62;2021-06-21;2975;8927;737786;422026;50.8;29.0
62;2021-06-22;3430;10170;741216;432196;51.0;29.7
62;2021-06-23;3388;10312;744604;442508;51.3;30.5
62;2021-06-24;3346;11783;747950;454291;51.5;31.3
62;2021-06-25;3726;15765;751676;470056;51.7;32.4
62;2021-06-26;3550;18422;755226;488478;52.0;33.6
62;2021-06-27;1121;9813;756347;498291;52.1;34.3
62;2021-06-28;1926;8868;758273;507159;52.2;34.9
62;2021-06-29;2974;11462;761247;518621;52.4;35.7
62;2021-06-30;4144;10818;765391;529439;52.7;36.4
62;2021-07-01;4482;10489;769873;539928;53.0;37.2
62;2021-07-02;4164;11977;774037;551905;53.3;38.0
62;2021-07-03;2996;18054;777033;569959;53.5;39.2
62;2021-07-04;1450;9196;778483;579155;53.6;39.9
62;2021-07-05;2416;6913;780899;586068;53.8;40.3
62;2021-07-06;3823;10016;784722;596084;54.0;41.0
62;2021-07-07;3916;8910;788638;604994;54.3;41.6
62;2021-07-08;5245;9087;793883;614081;54.6;42.3
62;2021-07-09;4470;10845;798353;624926;55.0;43.0
62;2021-07-10;4978;11894;803331;636820;55.3;43.8
62;2021-07-11;1337;2089;804668;638909;55.4;44.0
62;2021-07-12;2328;7134;806996;646043;55.5;44.5
62;2021-07-13;5177;12157;812173;658200;55.9;45.3
62;2021-07-14;3636;3163;815809;661363;56.2;45.5
62;2021-07-15;7586;11496;823395;672859;56.7;46.3
62;2021-07-16;7626;11043;831021;683902;57.2;47.1
62;2021-07-17;9729;10334;840750;694236;57.9;47.8
62;2021-07-18;2715;3457;843465;697693;58.1;48.0
62;2021-07-19;6013;7018;849478;704711;58.5;48.5
62;2021-07-20;7940;10722;857418;715433;59.0;49.2
62;2021-07-21;9777;9406;867195;724839;59.7;49.9
62;2021-07-22;9802;9017;876997;733856;60.4;50.5
62;2021-07-23;10633;8415;887630;742271;61.1;51.1
62;2021-07-24;9667;10317;897297;752588;61.8;51.8
62;2021-07-25;5549;1872;902846;754460;62.1;51.9
62;2021-07-26;6240;5388;909086;759848;62.6;52.3
62;2021-07-27;9853;8127;918939;767975;63.3;52.9
62;2021-07-28;10400;7489;929339;775464;64.0;53.4
62;2021-07-29;12005;7656;941344;783120;64.8;53.9
62;2021-07-30;9093;6287;950437;789407;65.4;54.3
62;2021-07-31;6637;4022;957074;793429;65.9;54.6
62;2021-08-01;2342;1103;959416;794532;66.0;54.7
62;2021-08-02;6866;4761;966282;799293;66.5;55.0
62;2021-08-03;8625;7473;974907;806766;67.1;55.5
62;2021-08-04;9493;5480;984400;812246;67.8;55.9
62;2021-08-05;8365;5625;992765;817871;68.3;56.3
62;2021-08-06;7321;5931;1000086;823802;68.8;56.7
62;2021-08-07;5494;4958;1005580;828760;69.2;57.0
62;2021-08-08;1875;1301;1007455;830061;69.3;57.1
62;2021-08-09;5257;5030;1012712;835091;69.7;57.5
62;2021-08-10;6221;7358;1018933;842449;70.1;58.0
62;2021-08-11;5415;7384;1024348;849833;70.5;58.5
62;2021-08-12;6000;7004;1030348;856837;70.9;59.0
62;2021-08-13;4507;6059;1034855;862896;71.2;59.4
62;2021-08-14;3831;6865;1038686;869761;71.5;59.9
62;2021-08-15;1138;1213;1039824;870974;71.6;60.0
62;2021-08-16;3179;5872;1043003;876846;71.8;60.4
62;2021-08-17;4170;7349;1047173;884195;72.1;60.9
62;2021-08-18;4348;7239;1051521;891434;72.4;61.4
62;2021-08-19;4349;8585;1055870;900019;72.7;62.0
62;2021-08-20;3370;8460;1059240;908479;72.9;62.5
62;2021-08-21;2455;9761;1061695;918240;73.1;63.2
62;2021-08-22;389;2815;1062084;921055;73.1;63.4
62;2021-08-23;2718;7834;1064802;928889;73.3;63.9
62;2021-08-24;3822;10411;1068624;939300;73.6;64.7
62;2021-08-25;3497;9200;1072121;948500;73.8;65.3
62;2021-08-26;3175;9771;1075296;958271;74.0;66.0
62;2021-08-27;2572;8822;1077868;967093;74.2;66.6
62;2021-08-28;2021;7994;1079889;975087;74.3;67.1
62;2021-08-29;861;2251;1080750;977338;74.4;67.3
62;2021-08-30;2032;7379;1082782;984717;74.5;67.8
62;2021-08-31;2123;8014;1084905;992731;74.7;68.3
62;2021-09-01;1805;6162;1086710;998893;74.8;68.8
62;2021-09-02;1836;6847;1088546;1005740;74.9;69.2
62;2021-09-03;2053;7362;1090599;1013102;75.1;69.7
62;2021-09-04;2113;6671;1092712;1019773;75.2;70.2
62;2021-09-05;311;1263;1093023;1021036;75.2;70.3
62;2021-09-06;1013;3804;1094036;1024840;75.3;70.5
62;2021-09-07;1224;4346;1095260;1029186;75.4;70.8
62;2021-09-08;1279;4531;1096539;1033717;75.5;71.2
62;2021-09-09;1259;4596;1097798;1038313;75.6;71.5
62;2021-09-10;1570;4848;1099368;1043161;75.7;71.8
62;2021-09-11;1261;4273;1100629;1047434;75.8;72.1
62;2021-09-12;198;545;1100827;1047979;75.8;72.1
63;2020-12-27;0;0;0;0;0.0;0.0
63;2020-12-28;1;0;1;0;0.0;0.0
63;2020-12-29;0;0;1;0;0.0;0.0
63;2020-12-30;0;0;1;0;0.0;0.0
63;2020-12-31;0;0;1;0;0.0;0.0
63;2021-01-01;1;0;2;0;0.0;0.0
63;2021-01-02;0;0;2;0;0.0;0.0
63;2021-01-03;1;0;3;0;0.0;0.0
63;2021-01-04;0;0;3;0;0.0;0.0
63;2021-01-05;1;0;4;0;0.0;0.0
63;2021-01-06;4;1;8;1;0.0;0.0
63;2021-01-07;310;0;318;1;0.0;0.0
63;2021-01-08;214;0;532;1;0.1;0.0
63;2021-01-09;91;0;623;1;0.1;0.0
63;2021-01-10;82;0;705;1;0.1;0.0
63;2021-01-11;431;2;1136;3;0.2;0.0
63;2021-01-12;661;1;1797;4;0.3;0.0
63;2021-01-13;873;2;2670;6;0.4;0.0
63;2021-01-14;545;8;3215;14;0.5;0.0
63;2021-01-15;431;3;3646;17;0.6;0.0
63;2021-01-16;157;0;3803;17;0.6;0.0
63;2021-01-17;133;0;3936;17;0.6;0.0
63;2021-01-18;632;2;4568;19;0.7;0.0
63;2021-01-19;866;1;5434;20;0.8;0.0
63;2021-01-20;1069;2;6503;22;1.0;0.0
63;2021-01-21;1015;3;7518;25;1.1;0.0
63;2021-01-22;968;3;8486;28;1.3;0.0
63;2021-01-23;192;0;8678;28;1.3;0.0
63;2021-01-24;164;1;8842;29;1.3;0.0
63;2021-01-25;829;0;9671;29;1.5;0.0
63;2021-01-26;972;2;10643;31;1.6;0.0
63;2021-01-27;1003;5;11646;36;1.8;0.0
63;2021-01-28;1320;67;12966;103;2.0;0.0
63;2021-01-29;1067;62;14033;165;2.1;0.0
63;2021-01-30;68;0;14101;165;2.1;0.0
63;2021-01-31;6;0;14107;165;2.1;0.0
63;2021-02-01;575;164;14682;329;2.2;0.0
63;2021-02-02;885;220;15567;549;2.4;0.1
63;2021-02-03;1474;270;17041;819;2.6;0.1
63;2021-02-04;2119;492;19160;1311;2.9;0.2
63;2021-02-05;1145;257;20305;1568;3.1;0.2
63;2021-02-06;117;0;20422;1568;3.1;0.2
63;2021-02-07;9;1;20431;1569;3.1;0.2
63;2021-02-08;538;352;20969;1921;3.2;0.3
63;2021-02-09;671;369;21640;2290;3.3;0.3
63;2021-02-10;608;536;22248;2826;3.4;0.4
63;2021-02-11;751;419;22999;3245;3.5;0.5
63;2021-02-12;820;742;23819;3987;3.6;0.6
63;2021-02-13;82;1;23901;3988;3.6;0.6
63;2021-02-14;0;57;23901;4045;3.6;0.6
63;2021-02-15;202;654;24103;4699;3.7;0.7
63;2021-02-16;409;977;24512;5676;3.7;0.9
63;2021-02-17;352;708;24864;6384;3.8;1.0
63;2021-02-18;607;695;25471;7079;3.9;1.1
63;2021-02-19;449;830;25920;7909;3.9;1.2
63;2021-02-20;35;17;25955;7926;3.9;1.2
63;2021-02-21;2;17;25957;7943;3.9;1.2
63;2021-02-22;291;730;26248;8673;4.0;1.3
63;2021-02-23;580;943;26828;9616;4.1;1.5
63;2021-02-24;696;1268;27524;10884;4.2;1.6
63;2021-02-25;1603;1540;29127;12424;4.4;1.9
63;2021-02-26;1625;1221;30752;13645;4.7;2.1
63;2021-02-27;642;70;31394;13715;4.8;2.1
63;2021-02-28;4;177;31398;13892;4.8;2.1
63;2021-03-01;586;436;31984;14328;4.8;2.2
63;2021-03-02;906;697;32890;15025;5.0;2.3
63;2021-03-03;1036;624;33926;15649;5.1;2.4
63;2021-03-04;1753;446;35679;16095;5.4;2.4
63;2021-03-05;2612;642;38291;16737;5.8;2.5
63;2021-03-06;1551;53;39842;16790;6.0;2.5
63;2021-03-07;513;19;40355;16809;6.1;2.5
63;2021-03-08;967;596;41322;17405;6.3;2.6
63;2021-03-09;1538;953;42860;18358;6.5;2.8
63;2021-03-10;1653;570;44513;18928;6.7;2.9
63;2021-03-11;3052;873;47565;19801;7.2;3.0
63;2021-03-12;3514;385;51079;20186;7.7;3.1
63;2021-03-13;2049;84;53128;20270;8.0;3.1
63;2021-03-14;61;22;53189;20292;8.1;3.1
63;2021-03-15;1766;365;54955;20657;8.3;3.1
63;2021-03-16;1746;404;56701;21061;8.6;3.2
63;2021-03-17;1642;673;58343;21734;8.8;3.3
63;2021-03-18;1941;736;60284;22470;9.1;3.4
63;2021-03-19;2742;486;63026;22956;9.5;3.5
63;2021-03-20;1121;71;64147;23027;9.7;3.5
63;2021-03-21;50;45;64197;23072;9.7;3.5
63;2021-03-22;1985;258;66182;23330;10.0;3.5
63;2021-03-23;2886;342;69068;23672;10.5;3.6
63;2021-03-24;3221;343;72289;24015;10.9;3.6
63;2021-03-25;4598;389;76887;24404;11.6;3.7
63;2021-03-26;4691;545;81578;24949;12.4;3.8
63;2021-03-27;2455;232;84033;25181;12.7;3.8
63;2021-03-28;1047;83;85080;25264;12.9;3.8
63;2021-03-29;2480;514;87560;25778;13.3;3.9
63;2021-03-30;3284;627;90844;26405;13.8;4.0
63;2021-03-31;2968;748;93812;27153;14.2;4.1
63;2021-04-01;3842;522;97654;27675;14.8;4.2
63;2021-04-02;3483;711;101137;28386;15.3;4.3
63;2021-04-03;1174;181;102311;28567;15.5;4.3
63;2021-04-04;877;27;103188;28594;15.6;4.3
63;2021-04-05;802;85;103990;28679;15.8;4.3
63;2021-04-06;2477;940;106467;29619;16.1;4.5
63;2021-04-07;3209;872;109676;30491;16.6;4.6
63;2021-04-08;4722;1220;114398;31711;17.3;4.8
63;2021-04-09;5314;1000;119712;32711;18.1;5.0
63;2021-04-10;2221;481;121933;33192;18.5;5.0
63;2021-04-11;834;39;122767;33231;18.6;5.0
63;2021-04-12;1597;1310;124364;34541;18.8;5.2
63;2021-04-13;1986;1962;126350;36503;19.1;5.5
63;2021-04-14;2630;1437;128980;37940;19.5;5.7
63;2021-04-15;3809;1541;132789;39481;20.1;6.0
63;2021-04-16;2841;2158;135630;41639;20.5;6.3
63;2021-04-17;1233;672;136863;42311;20.7;6.4
63;2021-04-18;803;61;137666;42372;20.9;6.4
63;2021-04-19;1656;2100;139322;44472;21.1;6.7
63;2021-04-20;1702;2299;141024;46771;21.4;7.1
63;2021-04-21;1518;2406;142542;49177;21.6;7.4
63;2021-04-22;1915;2260;144457;51437;21.9;7.8
63;2021-04-23;2018;3110;146475;54547;22.2;8.3
63;2021-04-24;1192;1126;147667;55673;22.4;8.4
63;2021-04-25;554;412;148221;56085;22.4;8.5
63;2021-04-26;1438;2241;149659;58326;22.7;8.8
63;2021-04-27;2328;2607;151987;60933;23.0;9.2
63;2021-04-28;2347;3160;154334;64093;23.4;9.7
63;2021-04-29;2882;2816;157216;66909;23.8;10.1
63;2021-04-30;2862;2805;160078;69714;24.2;10.6
63;2021-05-01;1128;1051;161206;70765;24.4;10.7
63;2021-05-02;897;639;162103;71404;24.6;10.8
63;2021-05-03;2685;2234;164788;73638;25.0;11.2
63;2021-05-04;2879;2692;167667;76330;25.4;11.6
63;2021-05-05;2936;3116;170603;79446;25.8;12.0
63;2021-05-06;3671;3050;174274;82496;26.4;12.5
63;2021-05-07;4033;3529;178307;86025;27.0;13.0
63;2021-05-08;2000;653;180307;86678;27.3;13.1
63;2021-05-09;1802;606;182109;87284;27.6;13.2
63;2021-05-10;4196;2761;186305;90045;28.2;13.6
63;2021-05-11;5338;2759;191643;92804;29.0;14.1
63;2021-05-12;5270;2904;196913;95708;29.8;14.5
63;2021-05-13;4132;699;201045;96407;30.5;14.6
63;2021-05-14;4772;1510;205817;97917;31.2;14.8
63;2021-05-15;3724;986;209541;98903;31.7;15.0
63;2021-05-16;3521;447;213062;99350;32.3;15.0
63;2021-05-17;3899;1991;216961;101341;32.9;15.3
63;2021-05-18;5120;1610;222081;102951;33.6;15.6
63;2021-05-19;5222;1625;227303;104576;34.4;15.8
63;2021-05-20;6801;2088;234104;106664;35.5;16.2
63;2021-05-21;6254;2328;240358;108992;36.4;16.5
63;2021-05-22;3353;848;243711;109840;36.9;16.6
63;2021-05-23;2385;245;246096;110085;37.3;16.7
63;2021-05-24;2639;580;248735;110665;37.7;16.8
63;2021-05-25;4269;2641;253004;113306;38.3;17.2
63;2021-05-26;5451;2417;258455;115723;39.1;17.5
63;2021-05-27;6503;2800;264958;118523;40.1;18.0
63;2021-05-28;5420;3874;270378;122397;41.0;18.5
63;2021-05-29;3360;1499;273738;123896;41.5;18.8
63;2021-05-30;1579;217;275317;124113;41.7;18.8
63;2021-05-31;4154;2282;279471;126395;42.3;19.1
63;2021-06-01;3806;2960;283277;129355;42.9;19.6
63;2021-06-02;3888;2524;287165;131879;43.5;20.0
63;2021-06-03;4903;3138;292068;135017;44.2;20.4
63;2021-06-04;5099;3619;297167;138636;45.0;21.0
63;2021-06-05;2814;1743;299981;140379;45.4;21.3
63;2021-06-06;1308;697;301289;141076;45.6;21.4
63;2021-06-07;3165;2514;304454;143590;46.1;21.7
63;2021-06-08;2880;2752;307334;146342;46.5;22.2
63;2021-06-09;3024;2273;310358;148615;47.0;22.5
63;2021-06-10;3226;2690;313584;151305;47.5;22.9
63;2021-06-11;3100;4044;316684;155349;48.0;23.5
63;2021-06-12;1638;1969;318322;157318;48.2;23.8
63;2021-06-13;482;1098;318804;158416;48.3;24.0
63;2021-06-14;1826;3472;320630;161888;48.6;24.5
63;2021-06-15;2210;3477;322840;165365;48.9;25.0
63;2021-06-16;2575;3313;325415;168678;49.3;25.5
63;2021-06-17;2400;4314;327815;172992;49.7;26.2
63;2021-06-18;2479;5828;330294;178820;50.0;27.1
63;2021-06-19;1641;2835;331935;181655;50.3;27.5
63;2021-06-20;677;2441;332612;184096;50.4;27.9
63;2021-06-21;1272;5387;333884;189483;50.6;28.7
63;2021-06-22;1233;5537;335117;195020;50.8;29.5
63;2021-06-23;1529;4765;336646;199785;51.0;30.3
63;2021-06-24;1925;5384;338571;205169;51.3;31.1
63;2021-06-25;1752;5897;340323;211066;51.5;32.0
63;2021-06-26;1073;3351;341396;214417;51.7;32.5
63;2021-06-27;713;3487;342109;217904;51.8;33.0
63;2021-06-28;1137;5663;343246;223567;52.0;33.9
63;2021-06-29;1225;5159;344471;228726;52.2;34.6
63;2021-06-30;1603;5291;346074;234017;52.4;35.4
63;2021-07-01;1915;8063;347989;242080;52.7;36.7
63;2021-07-02;2061;6542;350050;248622;53.0;37.7
63;2021-07-03;963;2925;351013;251547;53.2;38.1
63;2021-07-04;1066;1885;352079;253432;53.3;38.4
63;2021-07-05;1539;6281;353618;259713;53.6;39.3
63;2021-07-06;1603;4804;355221;264517;53.8;40.1
63;2021-07-07;1976;4086;357197;268603;54.1;40.7
63;2021-07-08;2207;4580;359404;273183;54.4;41.4
63;2021-07-09;1926;5720;361330;278903;54.7;42.2
63;2021-07-10;1536;3415;362866;282318;55.0;42.8
63;2021-07-11;910;1537;363776;283855;55.1;43.0
63;2021-07-12;1595;8703;365371;292558;55.3;44.3
63;2021-07-13;3601;6136;368972;298694;55.9;45.2
63;2021-07-14;3618;1790;372590;300484;56.4;45.5
63;2021-07-15;4414;5031;377004;305515;57.1;46.3
63;2021-07-16;4694;5782;381698;311297;57.8;47.1
63;2021-07-17;3013;2473;384711;313770;58.3;47.5
63;2021-07-18;2826;1089;387537;314859;58.7;47.7
63;2021-07-19;4002;4844;391539;319703;59.3;48.4
63;2021-07-20;4740;5456;396279;325159;60.0;49.2
63;2021-07-21;4792;3977;401071;329136;60.7;49.9
63;2021-07-22;5510;4399;406581;333535;61.6;50.5
63;2021-07-23;5160;4651;411741;338186;62.4;51.2
63;2021-07-24;3677;1951;415418;340137;62.9;51.5
63;2021-07-25;3065;1438;418483;341575;63.4;51.7
63;2021-07-26;4040;3228;422523;344803;64.0;52.2
63;2021-07-27;3934;3161;426457;347964;64.6;52.7
63;2021-07-28;3857;2716;430314;350680;65.2;53.1
63;2021-07-29;4455;3159;434769;353839;65.9;53.6
63;2021-07-30;3817;3574;438586;357413;66.4;54.1
63;2021-07-31;2161;1718;440747;359131;66.8;54.4
63;2021-08-01;1197;836;441944;359967;66.9;54.5
63;2021-08-02;2233;3067;444177;363034;67.3;55.0
63;2021-08-03;2739;3266;446916;366300;67.7;55.5
63;2021-08-04;2818;3243;449734;369543;68.1;56.0
63;2021-08-05;2444;3472;452178;373015;68.5;56.5
63;2021-08-06;2357;4154;454535;377169;68.8;57.1
63;2021-08-07;1308;2805;455843;379974;69.0;57.6
63;2021-08-08;324;1205;456167;381179;69.1;57.7
63;2021-08-09;1894;4222;458061;385401;69.4;58.4
63;2021-08-10;2297;3995;460358;389396;69.7;59.0
63;2021-08-11;2137;3628;462495;393024;70.0;59.5
63;2021-08-12;1949;4623;464444;397647;70.3;60.2
63;2021-08-13;1684;4010;466128;401657;70.6;60.8
63;2021-08-14;842;3235;466970;404892;70.7;61.3
63;2021-08-15;184;1450;467154;406342;70.8;61.5
63;2021-08-16;1230;4397;468384;410739;70.9;62.2
63;2021-08-17;1626;4052;470010;414791;71.2;62.8
63;2021-08-18;1467;3304;471477;418095;71.4;63.3
63;2021-08-19;1365;3446;472842;421541;71.6;63.8
63;2021-08-20;1375;3711;474217;425252;71.8;64.4
63;2021-08-21;674;2165;474891;427417;71.9;64.7
63;2021-08-22;212;1092;475103;428509;72.0;64.9
63;2021-08-23;1055;3590;476158;432099;72.1;65.4
63;2021-08-24;1083;2985;477241;435084;72.3;65.9
63;2021-08-25;1001;2790;478242;437874;72.4;66.3
63;2021-08-26;1126;2705;479368;440579;72.6;66.7
63;2021-08-27;1143;3159;480511;443738;72.8;67.2
63;2021-08-28;695;1707;481206;445445;72.9;67.5
63;2021-08-29;107;577;481313;446022;72.9;67.6
63;2021-08-30;786;2442;482099;448464;73.0;67.9
63;2021-08-31;985;2564;483084;451028;73.2;68.3
63;2021-09-01;914;2134;483998;453162;73.3;68.6
63;2021-09-02;816;2196;484814;455358;73.4;69.0
63;2021-09-03;903;2661;485717;458019;73.6;69.4
63;2021-09-04;707;1536;486424;459555;73.7;69.6
63;2021-09-05;80;273;486504;459828;73.7;69.6
63;2021-09-06;556;1606;487060;461434;73.8;69.9
63;2021-09-07;655;1737;487715;463171;73.9;70.2
63;2021-09-08;703;1785;488418;464956;74.0;70.4
63;2021-09-09;584;1646;489002;466602;74.1;70.7
63;2021-09-10;728;2122;489730;468724;74.2;71.0
63;2021-09-11;454;1116;490184;469840;74.2;71.2
63;2021-09-12;49;159;490233;469999;74.3;71.2
64;2020-12-27;1;0;1;0;0.0;0.0
64;2020-12-28;2;0;3;0;0.0;0.0
64;2020-12-29;0;0;3;0;0.0;0.0
64;2020-12-30;0;0;3;0;0.0;0.0
64;2020-12-31;0;0;3;0;0.0;0.0
64;2021-01-01;0;0;3;0;0.0;0.0
64;2021-01-02;0;0;3;0;0.0;0.0
64;2021-01-03;0;0;3;0;0.0;0.0
64;2021-01-04;29;0;32;0;0.0;0.0
64;2021-01-05;25;0;57;0;0.0;0.0
64;2021-01-06;188;0;245;0;0.0;0.0
64;2021-01-07;842;1;1087;1;0.2;0.0
64;2021-01-08;880;2;1967;3;0.3;0.0
64;2021-01-09;54;0;2021;3;0.3;0.0
64;2021-01-10;2;0;2023;3;0.3;0.0
64;2021-01-11;543;0;2566;3;0.4;0.0
64;2021-01-12;760;3;3326;6;0.5;0.0
64;2021-01-13;866;2;4192;8;0.6;0.0
64;2021-01-14;1045;3;5237;11;0.8;0.0
64;2021-01-15;929;3;6166;14;0.9;0.0
64;2021-01-16;70;0;6236;14;0.9;0.0
64;2021-01-17;5;0;6241;14;0.9;0.0
64;2021-01-18;942;5;7183;19;1.1;0.0
64;2021-01-19;1448;3;8631;22;1.3;0.0
64;2021-01-20;1617;3;10248;25;1.5;0.0
64;2021-01-21;2604;1;12852;26;1.9;0.0
64;2021-01-22;1651;3;14503;29;2.1;0.0
64;2021-01-23;524;1;15027;30;2.2;0.0
64;2021-01-24;89;0;15116;30;2.2;0.0
64;2021-01-25;974;7;16090;37;2.4;0.0
64;2021-01-26;1358;21;17448;58;2.6;0.0
64;2021-01-27;1243;116;18691;174;2.7;0.0
64;2021-01-28;1649;610;20340;784;3.0;0.1
64;2021-01-29;973;630;21313;1414;3.1;0.2
64;2021-01-30;468;54;21781;1468;3.2;0.2
64;2021-01-31;92;0;21873;1468;3.2;0.2
64;2021-02-01;674;291;22547;1759;3.3;0.3
64;2021-02-02;1134;528;23681;2287;3.5;0.3
64;2021-02-03;1042;615;24723;2902;3.6;0.4
64;2021-02-04;1027;520;25750;3422;3.8;0.5
64;2021-02-05;867;449;26617;3871;3.9;0.6
64;2021-02-06;501;32;27118;3903;4.0;0.6
64;2021-02-07;131;3;27249;3906;4.0;0.6
64;2021-02-08;769;278;28018;4184;4.1;0.6
64;2021-02-09;948;676;28966;4860;4.2;0.7
64;2021-02-10;916;752;29882;5612;4.4;0.8
64;2021-02-11;1200;1444;31082;7056;4.5;1.0
64;2021-02-12;1076;998;32158;8054;4.7;1.2
64;2021-02-13;225;227;32383;8281;4.7;1.2
64;2021-02-14;38;27;32421;8308;4.7;1.2
64;2021-02-15;221;909;32642;9217;4.8;1.3
64;2021-02-16;260;1219;32902;10436;4.8;1.5
64;2021-02-17;290;1050;33192;11486;4.9;1.7
64;2021-02-18;508;1511;33700;12997;4.9;1.9
64;2021-02-19;415;1073;34115;14070;5.0;2.1
64;2021-02-20;119;334;34234;14404;5.0;2.1
64;2021-02-21;20;68;34254;14472;5.0;2.1
64;2021-02-22;477;800;34731;15272;5.1;2.2
64;2021-02-23;721;958;35452;16230;5.2;2.4
64;2021-02-24;732;863;36184;17093;5.3;2.5
64;2021-02-25;1094;797;37278;17890;5.5;2.6
64;2021-02-26;1216;770;38494;18660;5.6;2.7
64;2021-02-27;864;315;39358;18975;5.8;2.8
64;2021-02-28;42;61;39400;19036;5.8;2.8
64;2021-03-01;766;666;40166;19702;5.9;2.9
64;2021-03-02;1079;784;41245;20486;6.0;3.0
64;2021-03-03;1251;887;42496;21373;6.2;3.1
64;2021-03-04;1879;1111;44375;22484;6.5;3.3
64;2021-03-05;2197;977;46572;23461;6.8;3.4
64;2021-03-06;1543;467;48115;23928;7.0;3.5
64;2021-03-07;596;88;48711;24016;7.1;3.5
64;2021-03-08;1535;699;50246;24715;7.4;3.6
64;2021-03-09;2069;783;52315;25498;7.7;3.7
64;2021-03-10;2082;714;54397;26212;8.0;3.8
64;2021-03-11;2973;1024;57370;27236;8.4;4.0
64;2021-03-12;3486;579;60856;27815;8.9;4.1
64;2021-03-13;2258;161;63114;27976;9.2;4.1
64;2021-03-14;233;15;63347;27991;9.3;4.1
64;2021-03-15;2337;221;65684;28212;9.6;4.1
64;2021-03-16;1993;262;67677;28474;9.9;4.2
64;2021-03-17;2072;236;69749;28710;10.2;4.2
64;2021-03-18;2464;207;72213;28917;10.6;4.2
64;2021-03-19;3013;282;75226;29199;11.0;4.3
64;2021-03-20;2469;91;77695;29290;11.4;4.3
64;2021-03-21;1280;27;78975;29317;11.6;4.3
64;2021-03-22;2589;541;81564;29858;11.9;4.4
64;2021-03-23;3198;644;84762;30502;12.4;4.5
64;2021-03-24;3564;695;88326;31197;12.9;4.6
64;2021-03-25;4351;797;92677;31994;13.6;4.7
64;2021-03-26;4429;695;97106;32689;14.2;4.8
64;2021-03-27;2973;430;100079;33119;14.6;4.8
64;2021-03-28;521;56;100600;33175;14.7;4.9
64;2021-03-29;3028;877;103628;34052;15.2;5.0
64;2021-03-30;4136;865;107764;34917;15.8;5.1
64;2021-03-31;3593;788;111357;35705;16.3;5.2
64;2021-04-01;4783;937;116140;36642;17.0;5.4
64;2021-04-02;4445;743;120585;37385;17.7;5.5
64;2021-04-03;2060;585;122645;37970;18.0;5.6
64;2021-04-04;309;48;122954;38018;18.0;5.6
64;2021-04-05;1689;142;124643;38160;18.2;5.6
64;2021-04-06;3654;1388;128297;39548;18.8;5.8
64;2021-04-07;3948;1509;132245;41057;19.4;6.0
64;2021-04-08;5195;1592;137440;42649;20.1;6.2
64;2021-04-09;5900;1638;143340;44287;21.0;6.5
64;2021-04-10;3222;1047;146562;45334;21.5;6.6
64;2021-04-11;447;251;147009;45585;21.5;6.7
64;2021-04-12;4046;1863;151055;47448;22.1;6.9
64;2021-04-13;4465;2162;155520;49610;22.8;7.3
64;2021-04-14;4089;2134;159609;51744;23.4;7.6
64;2021-04-15;4396;2292;164005;54036;24.0;7.9
64;2021-04-16;4298;2255;168303;56291;24.6;8.2
64;2021-04-17;2480;1496;170783;57787;25.0;8.5
64;2021-04-18;1096;1181;171879;58968;25.2;8.6
64;2021-04-19;2735;2440;174614;61408;25.6;9.0
64;2021-04-20;3209;2426;177823;63834;26.0;9.3
64;2021-04-21;3225;2561;181048;66395;26.5;9.7
64;2021-04-22;3389;2782;184437;69177;27.0;10.1
64;2021-04-23;3434;2612;187871;71789;27.5;10.5
64;2021-04-24;2068;1587;189939;73376;27.8;10.7
64;2021-04-25;290;235;190229;73611;27.8;10.8
64;2021-04-26;2659;2645;192888;76256;28.2;11.2
64;2021-04-27;3061;3130;195949;79386;28.7;11.6
64;2021-04-28;3605;3056;199554;82442;29.2;12.1
64;2021-04-29;4653;3457;204207;85899;29.9;12.6
64;2021-04-30;4086;3602;208293;89501;30.5;13.1
64;2021-05-01;1485;1030;209778;90531;30.7;13.3
64;2021-05-02;446;325;210224;90856;30.8;13.3
64;2021-05-03;2909;3520;213133;94376;31.2;13.8
64;2021-05-04;3645;3981;216778;98357;31.7;14.4
64;2021-05-05;3360;4009;220138;102366;32.2;15.0
64;2021-05-06;4109;3989;224247;106355;32.8;15.6
64;2021-05-07;3922;4189;228169;110544;33.4;16.2
64;2021-05-08;2621;1236;230790;111780;33.8;16.4
64;2021-05-09;720;305;231510;112085;33.9;16.4
64;2021-05-10;2862;4235;234372;116320;34.3;17.0
64;2021-05-11;4186;4141;238558;120461;34.9;17.6
64;2021-05-12;4486;3940;243044;124401;35.6;18.2
64;2021-05-13;3199;885;246243;125286;36.0;18.3
64;2021-05-14;5153;3149;251396;128435;36.8;18.8
64;2021-05-15;3526;1865;254922;130300;37.3;19.1
64;2021-05-16;498;225;255420;130525;37.4;19.1
64;2021-05-17;4193;2387;259613;132912;38.0;19.5
64;2021-05-18;5165;2304;264778;135216;38.8;19.8
64;2021-05-19;4978;2163;269756;137379;39.5;20.1
64;2021-05-20;5571;2159;275327;139538;40.3;20.4
64;2021-05-21;5273;2247;280600;141785;41.1;20.8
64;2021-05-22;3582;1508;284182;143293;41.6;21.0
64;2021-05-23;431;206;284613;143499;41.7;21.0
64;2021-05-24;2997;1231;287610;144730;42.1;21.2
64;2021-05-25;4334;2850;291944;147580;42.7;21.6
64;2021-05-26;4356;2714;296300;150294;43.4;22.0
64;2021-05-27;5285;3157;301585;153451;44.1;22.5
64;2021-05-28;4620;3432;306205;156883;44.8;23.0
64;2021-05-29;2811;2111;309016;158994;45.2;23.3
64;2021-05-30;439;203;309455;159197;45.3;23.3
64;2021-05-31;3890;3665;313345;162862;45.9;23.8
64;2021-06-01;5339;3567;318684;166429;46.6;24.4
64;2021-06-02;4934;3175;323618;169604;47.4;24.8
64;2021-06-03;6367;3256;329985;172860;48.3;25.3
64;2021-06-04;5152;4553;335137;177413;49.1;26.0
64;2021-06-05;3485;2522;338622;179935;49.6;26.3
64;2021-06-06;2014;328;340636;180263;49.9;26.4
64;2021-06-07;4130;4332;344766;184595;50.5;27.0
64;2021-06-08;5155;4120;349921;188715;51.2;27.6
64;2021-06-09;5153;3655;355074;192370;52.0;28.2
64;2021-06-10;6182;3145;361256;195515;52.9;28.6
64;2021-06-11;5591;4875;366847;200390;53.7;29.3
64;2021-06-12;3950;2329;370797;202719;54.3;29.7
64;2021-06-13;1556;392;372353;203111;54.5;29.7
64;2021-06-14;3671;4793;376024;207904;55.0;30.4
64;2021-06-15;4575;4708;380599;212612;55.7;31.1
64;2021-06-16;4471;4665;385070;217277;56.4;31.8
64;2021-06-17;3643;4305;388713;221582;56.9;32.4
64;2021-06-18;4424;5167;393137;226749;57.5;33.2
64;2021-06-19;2985;3282;396122;230031;58.0;33.7
64;2021-06-20;881;539;397003;230570;58.1;33.8
64;2021-06-21;2315;5124;399318;235694;58.5;34.5
64;2021-06-22;2559;5729;401877;241423;58.8;35.3
64;2021-06-23;3105;5482;404982;246905;59.3;36.1
64;2021-06-24;2720;3808;407702;250713;59.7;36.7
64;2021-06-25;2903;6437;410605;257150;60.1;37.6
64;2021-06-26;1799;3837;412404;260987;60.4;38.2
64;2021-06-27;492;713;412896;261700;60.4;38.3
64;2021-06-28;1935;6070;414831;267770;60.7;39.2
64;2021-06-29;1965;6268;416796;274038;61.0;40.1
64;2021-06-30;2255;6001;419051;280039;61.3;41.0
64;2021-07-01;2413;5345;421464;285384;61.7;41.8
64;2021-07-02;2305;6406;423769;291790;62.0;42.7
64;2021-07-03;1263;3782;425032;295572;62.2;43.3
64;2021-07-04;411;847;425443;296419;62.3;43.4
64;2021-07-05;1379;5409;426822;301828;62.5;44.2
64;2021-07-06;1997;6150;428819;307978;62.8;45.1
64;2021-07-07;2065;5752;430884;313730;63.1;45.9
64;2021-07-08;1802;4398;432686;318128;63.3;46.6
64;2021-07-09;1824;6540;434510;324668;63.6;47.5
64;2021-07-10;1171;3881;435681;328549;63.8;48.1
64;2021-07-11;253;860;435934;329409;63.8;48.2
64;2021-07-12;1502;6089;437436;335498;64.0;49.1
64;2021-07-13;2365;7251;439801;342749;64.4;50.2
64;2021-07-14;2372;3406;442173;346155;64.7;50.7
64;2021-07-15;2104;5482;444277;351637;65.0;51.5
64;2021-07-16;2848;6773;447125;358410;65.4;52.5
64;2021-07-17;2338;4586;449463;362996;65.8;53.1
64;2021-07-18;716;2050;450179;365046;65.9;53.4
64;2021-07-19;2352;6123;452531;371169;66.2;54.3
64;2021-07-20;3127;6556;455658;377725;66.7;55.3
64;2021-07-21;3346;6047;459004;383772;67.2;56.2
64;2021-07-22;3816;5717;462820;389489;67.7;57.0
64;2021-07-23;3726;5619;466546;395108;68.3;57.8
64;2021-07-24;2551;4431;469097;399539;68.7;58.5
64;2021-07-25;753;1062;469850;400601;68.8;58.6
64;2021-07-26;3089;5133;472939;405734;69.2;59.4
64;2021-07-27;4264;5144;477203;410878;69.9;60.1
64;2021-07-28;4316;4595;481519;415473;70.5;60.8
64;2021-07-29;5521;3902;487040;419375;71.3;61.4
64;2021-07-30;5150;4222;492190;423597;72.0;62.0
64;2021-07-31;3172;3347;495362;426944;72.5;62.5
64;2021-08-01;1145;586;496507;427530;72.7;62.6
64;2021-08-02;4357;2652;500864;430182;73.3;63.0
64;2021-08-03;4551;3174;505415;433356;74.0;63.4
64;2021-08-04;4130;2997;509545;436353;74.6;63.9
64;2021-08-05;4022;2613;513567;438966;75.2;64.3
64;2021-08-06;3840;3337;517407;442303;75.7;64.7
64;2021-08-07;2482;2702;519889;445005;76.1;65.1
64;2021-08-08;492;609;520381;445614;76.2;65.2
64;2021-08-09;2736;3201;523117;448815;76.6;65.7
64;2021-08-10;3347;3434;526464;452249;77.1;66.2
64;2021-08-11;3063;3263;529527;455512;77.5;66.7
64;2021-08-12;3185;3303;532712;458815;78.0;67.2
64;2021-08-13;2571;3657;535283;462472;78.4;67.7
64;2021-08-14;1628;2681;536911;465153;78.6;68.1
64;2021-08-15;207;691;537118;465844;78.6;68.2
64;2021-08-16;2101;3233;539219;469077;78.9;68.7
64;2021-08-17;2291;3705;541510;472782;79.3;69.2
64;2021-08-18;2039;3517;543549;476299;79.6;69.7
64;2021-08-19;1931;3527;545480;479826;79.8;70.2
64;2021-08-20;1577;3974;547057;483800;80.1;70.8
64;2021-08-21;972;2881;548029;486681;80.2;71.2
64;2021-08-22;160;894;548189;487575;80.2;71.4
64;2021-08-23;1255;3238;549444;490813;80.4;71.8
64;2021-08-24;1369;4593;550813;495406;80.6;72.5
64;2021-08-25;1253;3745;552066;499151;80.8;73.1
64;2021-08-26;1102;3533;553168;502684;81.0;73.6
64;2021-08-27;1187;4226;554355;506910;81.1;74.2
64;2021-08-28;731;2497;555086;509407;81.3;74.6
64;2021-08-29;90;533;555176;509940;81.3;74.6
64;2021-08-30;984;3609;556160;513549;81.4;75.2
64;2021-08-31;989;3972;557149;517521;81.6;75.8
64;2021-09-01;913;3192;558062;520713;81.7;76.2
64;2021-09-02;892;3260;558954;523973;81.8;76.7
64;2021-09-03;867;3200;559821;527173;81.9;77.2
64;2021-09-04;694;2242;560515;529415;82.0;77.5
64;2021-09-05;74;267;560589;529682;82.1;77.5
64;2021-09-06;527;2583;561116;532265;82.1;77.9
64;2021-09-07;709;2337;561825;534602;82.2;78.3
64;2021-09-08;730;2831;562555;537433;82.3;78.7
64;2021-09-09;473;2161;563028;539594;82.4;79.0
64;2021-09-10;730;2471;563758;542065;82.5;79.3
64;2021-09-11;587;2131;564345;544196;82.6;79.7
64;2021-09-12;60;211;564405;544407;82.6;79.7
65;2020-12-27;0;0;0;0;0.0;0.0
65;2020-12-28;1;0;1;0;0.0;0.0
65;2020-12-29;0;0;1;0;0.0;0.0
65;2020-12-30;0;0;1;0;0.0;0.0
65;2020-12-31;0;0;1;0;0.0;0.0
65;2021-01-01;1;0;2;0;0.0;0.0
65;2021-01-02;0;0;2;0;0.0;0.0
65;2021-01-03;0;0;2;0;0.0;0.0
65;2021-01-04;0;0;2;0;0.0;0.0
65;2021-01-05;1;0;3;0;0.0;0.0
65;2021-01-06;3;0;6;0;0.0;0.0
65;2021-01-07;167;0;173;0;0.1;0.0
65;2021-01-08;253;1;426;1;0.2;0.0
65;2021-01-09;177;1;603;2;0.3;0.0
65;2021-01-10;1;0;604;2;0.3;0.0
65;2021-01-11;275;3;879;5;0.4;0.0
65;2021-01-12;272;1;1151;6;0.5;0.0
65;2021-01-13;587;1;1738;7;0.8;0.0
65;2021-01-14;579;5;2317;12;1.0;0.0
65;2021-01-15;527;2;2844;14;1.3;0.0
65;2021-01-16;221;2;3065;16;1.4;0.0
65;2021-01-17;1;0;3066;16;1.4;0.0
65;2021-01-18;554;4;3620;20;1.6;0.0
65;2021-01-19;570;2;4190;22;1.8;0.0
65;2021-01-20;585;5;4775;27;2.1;0.0
65;2021-01-21;584;0;5359;27;2.4;0.0
65;2021-01-22;598;0;5957;27;2.6;0.0
65;2021-01-23;174;1;6131;28;2.7;0.0
65;2021-01-24;3;1;6134;29;2.7;0.0
65;2021-01-25;551;4;6685;33;2.9;0.0
65;2021-01-26;882;2;7567;35;3.3;0.0
65;2021-01-27;588;11;8155;46;3.6;0.0
65;2021-01-28;509;70;8664;116;3.8;0.1
65;2021-01-29;426;135;9090;251;4.0;0.1
65;2021-01-30;183;70;9273;321;4.1;0.1
65;2021-01-31;15;0;9288;321;4.1;0.1
65;2021-02-01;347;79;9635;400;4.2;0.2
65;2021-02-02;419;150;10054;550;4.4;0.2
65;2021-02-03;463;230;10517;780;4.6;0.3
65;2021-02-04;310;275;10827;1055;4.8;0.5
65;2021-02-05;284;330;11111;1385;4.9;0.6
65;2021-02-06;99;74;11210;1459;4.9;0.6
65;2021-02-07;10;0;11220;1459;4.9;0.6
65;2021-02-08;427;195;11647;1654;5.1;0.7
65;2021-02-09;272;318;11919;1972;5.3;0.9
65;2021-02-10;298;219;12217;2191;5.4;1.0
65;2021-02-11;320;232;12537;2423;5.5;1.1
65;2021-02-12;277;181;12814;2604;5.6;1.1
65;2021-02-13;125;82;12939;2686;5.7;1.2
65;2021-02-14;3;15;12942;2701;5.7;1.2
65;2021-02-15;203;323;13145;3024;5.8;1.3
65;2021-02-16;489;470;13634;3494;6.0;1.5
65;2021-02-17;231;413;13865;3907;6.1;1.7
65;2021-02-18;284;479;14149;4386;6.2;1.9
65;2021-02-19;156;383;14305;4769;6.3;2.1
65;2021-02-20;53;141;14358;4910;6.3;2.2
65;2021-02-21;3;48;14361;4958;6.3;2.2
65;2021-02-22;166;443;14527;5401;6.4;2.4
65;2021-02-23;249;446;14776;5847;6.5;2.6
65;2021-02-24;232;546;15008;6393;6.6;2.8
65;2021-02-25;214;162;15222;6555;6.7;2.9
65;2021-02-26;350;658;15572;7213;6.9;3.2
65;2021-02-27;109;174;15681;7387;6.9;3.3
65;2021-02-28;1;0;15682;7387;6.9;3.3
65;2021-03-01;378;346;16060;7733;7.1;3.4
65;2021-03-02;454;310;16514;8043;7.3;3.5
65;2021-03-03;381;343;16895;8386;7.4;3.7
65;2021-03-04;695;292;17590;8678;7.8;3.8
65;2021-03-05;678;264;18268;8942;8.1;3.9
65;2021-03-06;1187;80;19455;9022;8.6;4.0
65;2021-03-07;258;12;19713;9034;8.7;4.0
65;2021-03-08;412;321;20125;9355;8.9;4.1
65;2021-03-09;669;319;20794;9674;9.2;4.3
65;2021-03-10;625;356;21419;10030;9.4;4.4
65;2021-03-11;778;346;22197;10376;9.8;4.6
65;2021-03-12;1059;186;23256;10562;10.3;4.7
65;2021-03-13;354;90;23610;10652;10.4;4.7
65;2021-03-14;3;30;23613;10682;10.4;4.7
65;2021-03-15;816;183;24429;10865;10.8;4.8
65;2021-03-16;692;213;25121;11078;11.1;4.9
65;2021-03-17;711;201;25832;11279;11.4;5.0
65;2021-03-18;536;231;26368;11510;11.6;5.1
65;2021-03-19;878;159;27246;11669;12.0;5.1
65;2021-03-20;245;42;27491;11711;12.1;5.2
65;2021-03-21;12;2;27503;11713;12.1;5.2
65;2021-03-22;735;149;28238;11862;12.4;5.2
65;2021-03-23;837;358;29075;12220;12.8;5.4
65;2021-03-24;867;251;29942;12471;13.2;5.5
65;2021-03-25;1253;188;31195;12659;13.8;5.6
65;2021-03-26;1225;139;32420;12798;14.3;5.6
65;2021-03-27;1357;92;33777;12890;14.9;5.7
65;2021-03-28;1;1;33778;12891;14.9;5.7
65;2021-03-29;1492;358;35270;13249;15.5;5.8
65;2021-03-30;1357;406;36627;13655;16.1;6.0
65;2021-03-31;1208;368;37835;14023;16.7;6.2
65;2021-04-01;1510;394;39345;14417;17.3;6.4
65;2021-04-02;1684;286;41029;14703;18.1;6.5
65;2021-04-03;247;45;41276;14748;18.2;6.5
65;2021-04-04;4;2;41280;14750;18.2;6.5
65;2021-04-05;158;44;41438;14794;18.3;6.5
65;2021-04-06;1295;492;42733;15286;18.8;6.7
65;2021-04-07;1959;460;44692;15746;19.7;6.9
65;2021-04-08;1642;414;46334;16160;20.4;7.1
65;2021-04-09;1644;471;47978;16631;21.2;7.3
65;2021-04-10;1591;149;49569;16780;21.9;7.4
65;2021-04-11;3;0;49572;16780;21.9;7.4
65;2021-04-12;1350;735;50922;17515;22.4;7.7
65;2021-04-13;1579;589;52501;18104;23.1;8.0
65;2021-04-14;1904;744;54405;18848;24.0;8.3
65;2021-04-15;1701;669;56106;19517;24.7;8.6
65;2021-04-16;1824;527;57930;20044;25.5;8.8
65;2021-04-17;2156;132;60086;20176;26.5;8.9
65;2021-04-18;7;27;60093;20203;26.5;8.9
65;2021-04-19;1337;766;61430;20969;27.1;9.2
65;2021-04-20;1530;706;62960;21675;27.8;9.6
65;2021-04-21;1054;1041;64014;22716;28.2;10.0
65;2021-04-22;1646;725;65660;23441;28.9;10.3
65;2021-04-23;1160;1146;66820;24587;29.5;10.8
65;2021-04-24;1265;610;68085;25197;30.0;11.1
65;2021-04-25;31;15;68116;25212;30.0;11.1
65;2021-04-26;1609;1293;69725;26505;30.7;11.7
65;2021-04-27;1423;1336;71148;27841;31.4;12.3
65;2021-04-28;1731;1021;72879;28862;32.1;12.7
65;2021-04-29;1959;1031;74838;29893;33.0;13.2
65;2021-04-30;1782;922;76620;30815;33.8;13.6
65;2021-05-01;1574;229;78194;31044;34.5;13.7
65;2021-05-02;671;25;78865;31069;34.8;13.7
65;2021-05-03;1280;1618;80145;32687;35.3;14.4
65;2021-05-04;1535;1241;81680;33928;36.0;15.0
65;2021-05-05;1374;1640;83054;35568;36.6;15.7
65;2021-05-06;1558;1172;84612;36740;37.3;16.2
65;2021-05-07;1274;1567;85886;38307;37.9;16.9
65;2021-05-08;1647;443;87533;38750;38.6;17.1
65;2021-05-09;0;88;87533;38838;38.6;17.1
65;2021-05-10;954;1883;88487;40721;39.0;18.0
65;2021-05-11;1059;1808;89546;42529;39.5;18.7
65;2021-05-12;1236;1636;90782;44165;40.0;19.5
65;2021-05-13;1345;171;92127;44336;40.6;19.5
65;2021-05-14;1575;1094;93702;45430;41.3;20.0
65;2021-05-15;1401;509;95103;45939;41.9;20.3
65;2021-05-16;1444;70;96547;46009;42.6;20.3
65;2021-05-17;1036;1614;97583;47623;43.0;21.0
65;2021-05-18;1613;1206;99196;48829;43.7;21.5
65;2021-05-19;1685;1009;100881;49838;44.5;22.0
65;2021-05-20;1845;1054;102726;50892;45.3;22.4
65;2021-05-21;1791;1230;104517;52122;46.1;23.0
65;2021-05-22;1287;638;105804;52760;46.6;23.3
65;2021-05-23;689;32;106493;52792;46.9;23.3
65;2021-05-24;703;77;107196;52869;47.3;23.3
65;2021-05-25;1358;1548;108554;54417;47.9;24.0
65;2021-05-26;1472;1353;110026;55770;48.5;24.6
65;2021-05-27;1622;1461;111648;57231;49.2;25.2
65;2021-05-28;1600;1670;113248;58901;49.9;26.0
65;2021-05-29;1188;1515;114436;60416;50.4;26.6
65;2021-05-30;7;10;114443;60426;50.5;26.6
65;2021-05-31;1325;1299;115768;61725;51.0;27.2
65;2021-06-01;1833;936;117601;62661;51.8;27.6
65;2021-06-02;1575;950;119176;63611;52.5;28.0
65;2021-06-03;1342;1104;120518;64715;53.1;28.5
65;2021-06-04;1791;1559;122309;66274;53.9;29.2
65;2021-06-05;433;1240;122742;67514;54.1;29.8
65;2021-06-06;3;13;122745;67527;54.1;29.8
65;2021-06-07;674;1984;123419;69511;54.4;30.6
65;2021-06-08;956;1532;124375;71043;54.8;31.3
65;2021-06-09;827;1546;125202;72589;55.2;32.0
65;2021-06-10;740;1154;125942;73743;55.5;32.5
65;2021-06-11;911;1802;126853;75545;55.9;33.3
65;2021-06-12;150;640;127003;76185;56.0;33.6
65;2021-06-13;5;7;127008;76192;56.0;33.6
65;2021-06-14;502;2422;127510;78614;56.2;34.7
65;2021-06-15;942;1802;128452;80416;56.6;35.5
65;2021-06-16;1065;1366;129517;81782;57.1;36.1
65;2021-06-17;814;1046;130331;82828;57.5;36.5
65;2021-06-18;1017;1632;131348;84460;57.9;37.2
65;2021-06-19;691;1689;132039;86149;58.2;38.0
65;2021-06-20;2;2;132041;86151;58.2;38.0
65;2021-06-21;735;1940;132776;88091;58.5;38.8
65;2021-06-22;1046;1479;133822;89570;59.0;39.5
65;2021-06-23;1064;1232;134886;90802;59.5;40.0
65;2021-06-24;959;1143;135845;91945;59.9;40.5
65;2021-06-25;831;1967;136676;93912;60.3;41.4
65;2021-06-26;168;1658;136844;95570;60.3;42.1
65;2021-06-27;15;1100;136859;96670;60.3;42.6
65;2021-06-28;444;2301;137303;98971;60.5;43.6
65;2021-06-29;685;1920;137988;100891;60.8;44.5
65;2021-06-30;933;1679;138921;102570;61.2;45.2
65;2021-07-01;606;751;139527;103321;61.5;45.5
65;2021-07-02;1167;1733;140694;105054;62.0;46.3
65;2021-07-03;197;1916;140891;106970;62.1;47.2
65;2021-07-04;416;186;141307;107156;62.3;47.2
65;2021-07-05;640;1992;141947;109148;62.6;48.1
65;2021-07-06;897;2127;142844;111275;63.0;49.1
65;2021-07-07;976;1516;143820;112791;63.4;49.7
65;2021-07-08;326;663;144146;113454;63.5;50.0
65;2021-07-09;550;1592;144696;115046;63.8;50.7
65;2021-07-10;302;956;144998;116002;63.9;51.1
65;2021-07-11;0;0;144998;116002;63.9;51.1
65;2021-07-12;480;2222;145478;118224;64.1;52.1
65;2021-07-13;700;2148;146178;120372;64.4;53.1
65;2021-07-14;214;52;146392;120424;64.5;53.1
65;2021-07-15;1048;1662;147440;122086;65.0;53.8
65;2021-07-16;1186;1884;148626;123970;65.5;54.7
65;2021-07-17;431;542;149057;124512;65.7;54.9
65;2021-07-18;22;11;149079;124523;65.7;54.9
65;2021-07-19;634;1495;149713;126018;66.0;55.6
65;2021-07-20;1447;1705;151160;127723;66.6;56.3
65;2021-07-21;1419;1661;152579;129384;67.3;57.0
65;2021-07-22;2197;1290;154776;130674;68.2;57.6
65;2021-07-23;1623;1789;156399;132463;68.9;58.4
65;2021-07-24;1043;649;157442;133112;69.4;58.7
65;2021-07-25;24;21;157466;133133;69.4;58.7
65;2021-07-26;1143;1246;158609;134379;69.9;59.2
65;2021-07-27;1793;1954;160402;136333;70.7;60.1
65;2021-07-28;1602;1322;162004;137655;71.4;60.7
65;2021-07-29;2896;1137;164900;138792;72.7;61.2
65;2021-07-30;2450;1397;167350;140189;73.8;61.8
65;2021-07-31;2304;356;169654;140545;74.8;62.0
65;2021-08-01;14;16;169668;140561;74.8;62.0
65;2021-08-02;991;834;170659;141395;75.2;62.3
65;2021-08-03;2103;1070;172762;142465;76.2;62.8
65;2021-08-04;1801;641;174563;143106;77.0;63.1
65;2021-08-05;1822;834;176385;143940;77.8;63.5
65;2021-08-06;1666;970;178051;144910;78.5;63.9
65;2021-08-07;730;487;178781;145397;78.8;64.1
65;2021-08-08;2;9;178783;145406;78.8;64.1
65;2021-08-09;700;943;179483;146349;79.1;64.5
65;2021-08-10;1194;1544;180677;147893;79.6;65.2
65;2021-08-11;731;1265;181408;149158;80.0;65.8
65;2021-08-12;778;1082;182186;150240;80.3;66.2
65;2021-08-13;424;1009;182610;151249;80.5;66.7
65;2021-08-14;600;568;183210;151817;80.8;66.9
65;2021-08-15;7;19;183217;151836;80.8;66.9
65;2021-08-16;402;1536;183619;153372;80.9;67.6
65;2021-08-17;735;2176;184354;155548;81.3;68.6
65;2021-08-18;597;1544;184951;157092;81.5;69.3
65;2021-08-19;729;1315;185680;158407;81.9;69.8
65;2021-08-20;450;1336;186130;159743;82.1;70.4
65;2021-08-21;39;105;186169;159848;82.1;70.5
65;2021-08-22;11;13;186180;159861;82.1;70.5
65;2021-08-23;262;1682;186442;161543;82.2;71.2
65;2021-08-24;544;2445;186986;163988;82.4;72.3
65;2021-08-25;413;1960;187399;165948;82.6;73.2
65;2021-08-26;453;2306;187852;168254;82.8;74.2
65;2021-08-27;434;1945;188286;170199;83.0;75.0
65;2021-08-28;161;194;188447;170393;83.1;75.1
65;2021-08-29;9;18;188456;170411;83.1;75.1
65;2021-08-30;257;1055;188713;171466;83.2;75.6
65;2021-08-31;460;1589;189173;173055;83.4;76.3
65;2021-09-01;453;1163;189626;174218;83.6;76.8
65;2021-09-02;354;1009;189980;175227;83.8;77.2
65;2021-09-03;441;1246;190421;176473;83.9;77.8
65;2021-09-04;164;909;190585;177382;84.0;78.2
65;2021-09-05;12;35;190597;177417;84.0;78.2
65;2021-09-06;275;762;190872;178179;84.1;78.5
65;2021-09-07;315;1193;191187;179372;84.3;79.1
65;2021-09-08;344;1035;191531;180407;84.4;79.5
65;2021-09-09;247;782;191778;181189;84.5;79.9
65;2021-09-10;360;919;192138;182108;84.7;80.3
65;2021-09-11;53;167;192191;182275;84.7;80.4
65;2021-09-12;1;2;192192;182277;84.7;80.4
66;2020-12-27;0;0;0;0;0.0;0.0
66;2020-12-28;2;0;2;0;0.0;0.0
66;2020-12-29;0;0;2;0;0.0;0.0
66;2020-12-30;0;0;2;0;0.0;0.0
66;2020-12-31;1;0;3;0;0.0;0.0
66;2021-01-01;3;0;6;0;0.0;0.0
66;2021-01-02;0;0;6;0;0.0;0.0
66;2021-01-03;0;0;6;0;0.0;0.0
66;2021-01-04;30;0;36;0;0.0;0.0
66;2021-01-05;135;0;171;0;0.0;0.0
66;2021-01-06;195;0;366;0;0.1;0.0
66;2021-01-07;182;0;548;0;0.1;0.0
66;2021-01-08;212;0;760;0;0.2;0.0
66;2021-01-09;232;0;992;0;0.2;0.0
66;2021-01-10;11;0;1003;0;0.2;0.0
66;2021-01-11;404;3;1407;3;0.3;0.0
66;2021-01-12;588;2;1995;5;0.4;0.0
66;2021-01-13;877;7;2872;12;0.6;0.0
66;2021-01-14;892;12;3764;24;0.8;0.0
66;2021-01-15;588;1;4352;25;0.9;0.0
66;2021-01-16;106;2;4458;27;0.9;0.0
66;2021-01-17;46;1;4504;28;0.9;0.0
66;2021-01-18;655;3;5159;31;1.1;0.0
66;2021-01-19;717;3;5876;34;1.2;0.0
66;2021-01-20;1169;3;7045;37;1.5;0.0
66;2021-01-21;2402;4;9447;41;2.0;0.0
66;2021-01-22;1439;7;10886;48;2.3;0.0
66;2021-01-23;399;4;11285;52;2.4;0.0
66;2021-01-24;226;9;11511;61;2.4;0.0
66;2021-01-25;739;31;12250;92;2.6;0.0
66;2021-01-26;787;60;13037;152;2.7;0.0
66;2021-01-27;867;103;13904;255;2.9;0.1
66;2021-01-28;877;118;14781;373;3.1;0.1
66;2021-01-29;819;114;15600;487;3.3;0.1
66;2021-01-30;481;50;16081;537;3.4;0.1
66;2021-01-31;202;21;16283;558;3.4;0.1
66;2021-02-01;562;161;16845;719;3.5;0.2
66;2021-02-02;621;271;17466;990;3.6;0.2
66;2021-02-03;736;561;18202;1551;3.8;0.3
66;2021-02-04;688;517;18890;2068;3.9;0.4
66;2021-02-05;778;380;19668;2448;4.1;0.5
66;2021-02-06;420;130;20088;2578;4.2;0.5
66;2021-02-07;169;130;20257;2708;4.2;0.6
66;2021-02-08;501;315;20758;3023;4.3;0.6
66;2021-02-09;533;321;21291;3344;4.4;0.7
66;2021-02-10;618;652;21909;3996;4.6;0.8
66;2021-02-11;1105;1472;23014;5468;4.8;1.1
66;2021-02-12;1122;1127;24136;6595;5.0;1.4
66;2021-02-13;366;236;24502;6831;5.1;1.4
66;2021-02-14;111;173;24613;7004;5.1;1.5
66;2021-02-15;425;557;25038;7561;5.2;1.6
66;2021-02-16;303;650;25341;8211;5.3;1.7
66;2021-02-17;379;592;25720;8803;5.4;1.8
66;2021-02-18;366;644;26086;9447;5.4;2.0
66;2021-02-19;400;597;26486;10044;5.5;2.1
66;2021-02-20;184;335;26670;10379;5.6;2.2
66;2021-02-21;41;132;26711;10511;5.6;2.2
66;2021-02-22;416;510;27127;11021;5.7;2.3
66;2021-02-23;508;533;27635;11554;5.8;2.4
66;2021-02-24;345;600;27980;12154;5.8;2.5
66;2021-02-25;717;574;28697;12728;6.0;2.7
66;2021-02-26;954;631;29651;13359;6.2;2.8
66;2021-02-27;363;333;30014;13692;6.3;2.9
66;2021-02-28;59;114;30073;13806;6.3;2.9
66;2021-03-01;378;547;30451;14353;6.4;3.0
66;2021-03-02;335;567;30786;14920;6.4;3.1
66;2021-03-03;529;542;31315;15462;6.5;3.2
66;2021-03-04;991;964;32306;16426;6.7;3.4
66;2021-03-05;1528;725;33834;17151;7.1;3.6
66;2021-03-06;1146;317;34980;17468;7.3;3.6
66;2021-03-07;1099;84;36079;17552;7.5;3.7
66;2021-03-08;696;488;36775;18040;7.7;3.8
66;2021-03-09;1225;550;38000;18590;7.9;3.9
66;2021-03-10;1301;469;39301;19059;8.2;4.0
66;2021-03-11;1474;568;40775;19627;8.5;4.1
66;2021-03-12;2395;566;43170;20193;9.0;4.2
66;2021-03-13;1081;295;44251;20488;9.2;4.3
66;2021-03-14;192;81;44443;20569;9.3;4.3
66;2021-03-15;1109;388;45552;20957;9.5;4.4
66;2021-03-16;952;258;46504;21215;9.7;4.4
66;2021-03-17;866;383;47370;21598;9.9;4.5
66;2021-03-18;969;340;48339;21938;10.1;4.6
66;2021-03-19;1293;313;49632;22251;10.4;4.6
66;2021-03-20;837;122;50469;22373;10.5;4.7
66;2021-03-21;186;44;50655;22417;10.6;4.7
66;2021-03-22;1114;383;51769;22800;10.8;4.8
66;2021-03-23;1757;388;53526;23188;11.2;4.8
66;2021-03-24;1796;513;55322;23701;11.5;4.9
66;2021-03-25;2537;464;57859;24165;12.1;5.0
66;2021-03-26;2577;364;60436;24529;12.6;5.1
66;2021-03-27;1211;295;61647;24824;12.9;5.2
66;2021-03-28;321;3;61968;24827;12.9;5.2
66;2021-03-29;1831;250;63799;25077;13.3;5.2
66;2021-03-30;2241;172;66040;25249;13.8;5.3
66;2021-03-31;1987;249;68027;25498;14.2;5.3
66;2021-04-01;2673;302;70700;25800;14.8;5.4
66;2021-04-02;2422;256;73122;26056;15.3;5.4
66;2021-04-03;1148;332;74270;26388;15.5;5.5
66;2021-04-04;107;124;74377;26512;15.5;5.5
66;2021-04-05;196;141;74573;26653;15.6;5.6
66;2021-04-06;1334;648;75907;27301;15.8;5.7
66;2021-04-07;1397;598;77304;27899;16.1;5.8
66;2021-04-08;2071;547;79375;28446;16.6;5.9
66;2021-04-09;3503;663;82878;29109;17.3;6.1
66;2021-04-10;2308;524;85186;29633;17.8;6.2
66;2021-04-11;1200;168;86386;29801;18.0;6.2
66;2021-04-12;2702;1020;89088;30821;18.6;6.4
66;2021-04-13;3609;1055;92697;31876;19.4;6.7
66;2021-04-14;3293;921;95990;32797;20.0;6.8
66;2021-04-15;3556;1049;99546;33846;20.8;7.1
66;2021-04-16;3592;1035;103138;34881;21.5;7.3
66;2021-04-17;2263;592;105401;35473;22.0;7.4
66;2021-04-18;1445;132;106846;35605;22.3;7.4
66;2021-04-19;2256;1120;109102;36725;22.8;7.7
66;2021-04-20;2374;1075;111476;37800;23.3;7.9
66;2021-04-21;2870;1176;114346;38976;23.9;8.1
66;2021-04-22;2662;1232;117008;40208;24.4;8.4
66;2021-04-23;2380;1234;119388;41442;24.9;8.7
66;2021-04-24;2744;882;122132;42324;25.5;8.8
66;2021-04-25;1207;266;123339;42590;25.7;8.9
66;2021-04-26;1998;1254;125337;43844;26.2;9.2
66;2021-04-27;2749;1302;128086;45146;26.7;9.4
66;2021-04-28;2421;1654;130507;46800;27.2;9.8
66;2021-04-29;2704;2128;133211;48928;27.8;10.2
66;2021-04-30;3055;1552;136266;50480;28.4;10.5
66;2021-05-01;2001;470;138267;50950;28.9;10.6
66;2021-05-02;1529;264;139796;51214;29.2;10.7
66;2021-05-03;2939;1109;142735;52323;29.8;10.9
66;2021-05-04;3169;1342;145904;53665;30.5;11.2
66;2021-05-05;3054;1548;148958;55213;31.1;11.5
66;2021-05-06;3754;2084;152712;57297;31.9;12.0
66;2021-05-07;2968;3065;155680;60362;32.5;12.6
66;2021-05-08;1730;1170;157410;61532;32.9;12.8
66;2021-05-09;887;1369;158297;62901;33.0;13.1
66;2021-05-10;1805;2969;160102;65870;33.4;13.8
66;2021-05-11;2741;3125;162843;68995;34.0;14.4
66;2021-05-12;2432;2569;165275;71564;34.5;14.9
66;2021-05-13;2260;1386;167535;72950;35.0;15.2
66;2021-05-14;2772;2118;170307;75068;35.6;15.7
66;2021-05-15;2329;1575;172636;76643;36.0;16.0
66;2021-05-16;2286;1248;174922;77891;36.5;16.3
66;2021-05-17;2051;1826;176973;79717;36.9;16.6
66;2021-05-18;3237;1808;180210;81525;37.6;17.0
66;2021-05-19;2878;1341;183088;82866;38.2;17.3
66;2021-05-20;4375;1446;187463;84312;39.1;17.6
66;2021-05-21;3268;1460;190731;85772;39.8;17.9
66;2021-05-22;3066;780;193797;86552;40.5;18.1
66;2021-05-23;1510;236;195307;86788;40.8;18.1
66;2021-05-24;1954;427;197261;87215;41.2;18.2
66;2021-05-25;2797;1688;200058;88903;41.8;18.6
66;2021-05-26;2780;1492;202838;90395;42.3;18.9
66;2021-05-27;3386;2248;206224;92643;43.1;19.3
66;2021-05-28;2686;3035;208910;95678;43.6;20.0
66;2021-05-29;2147;1515;211057;97193;44.1;20.3
66;2021-05-30;786;988;211843;98181;44.2;20.5
66;2021-05-31;2126;1771;213969;99952;44.7;20.9
66;2021-06-01;2637;2001;216606;101953;45.2;21.3
66;2021-06-02;2811;2334;219417;104287;45.8;21.8
66;2021-06-03;2493;2960;221910;107247;46.3;22.4
66;2021-06-04;1961;3353;223871;110600;46.7;23.1
66;2021-06-05;1411;2599;225282;113199;47.0;23.6
66;2021-06-06;294;1228;225576;114427;47.1;23.9
66;2021-06-07;1343;2956;226919;117383;47.4;24.5
66;2021-06-08;1738;3020;228657;120403;47.7;25.1
66;2021-06-09;2068;2788;230725;123191;48.2;25.7
66;2021-06-10;2091;2961;232816;126152;48.6;26.3
66;2021-06-11;2103;3859;234919;130011;49.0;27.1
66;2021-06-12;872;2411;235791;132422;49.2;27.6
66;2021-06-13;517;1333;236308;133755;49.3;27.9
66;2021-06-14;1360;3496;237668;137251;49.6;28.7
66;2021-06-15;2131;3570;239799;140821;50.1;29.4
66;2021-06-16;1790;3567;241589;144388;50.4;30.1
66;2021-06-17;2441;3607;244030;147995;50.9;30.9
66;2021-06-18;2228;3822;246258;151817;51.4;31.7
66;2021-06-19;1542;2321;247800;154138;51.7;32.2
66;2021-06-20;998;1266;248798;155404;51.9;32.4
66;2021-06-21;1163;2878;249961;158282;52.2;33.0
66;2021-06-22;1510;3762;251471;162044;52.5;33.8
66;2021-06-23;1326;3027;252797;165071;52.8;34.5
66;2021-06-24;1519;3230;254316;168301;53.1;35.1
66;2021-06-25;1404;3536;255720;171837;53.4;35.9
66;2021-06-26;963;2680;256683;174517;53.6;36.4
66;2021-06-27;679;1557;257362;176074;53.7;36.8
66;2021-06-28;979;2975;258341;179049;53.9;37.4
66;2021-06-29;1149;3797;259490;182846;54.2;38.2
66;2021-06-30;1282;3307;260772;186153;54.4;38.9
66;2021-07-01;1484;4047;262256;190200;54.8;39.7
66;2021-07-02;1516;3600;263772;193800;55.1;40.5
66;2021-07-03;1154;3901;264926;197701;55.3;41.3
66;2021-07-04;717;1790;265643;199491;55.5;41.6
66;2021-07-05;1294;3007;266937;202498;55.7;42.3
66;2021-07-06;1456;3787;268393;206285;56.0;43.1
66;2021-07-07;1434;3248;269827;209533;56.3;43.7
66;2021-07-08;1378;3384;271205;212917;56.6;44.5
66;2021-07-09;1520;3467;272725;216384;56.9;45.2
66;2021-07-10;1004;2403;273729;218787;57.1;45.7
66;2021-07-11;540;1539;274269;220326;57.3;46.0
66;2021-07-12;1023;3642;275292;223968;57.5;46.8
66;2021-07-13;2356;4266;277648;228234;58.0;47.6
66;2021-07-14;1988;1241;279636;229475;58.4;47.9
66;2021-07-15;2835;3113;282471;232588;59.0;48.6
66;2021-07-16;3372;3210;285843;235798;59.7;49.2
66;2021-07-17;2126;2036;287969;237834;60.1;49.7
66;2021-07-18;1198;1062;289167;238896;60.4;49.9
66;2021-07-19;2794;3084;291961;241980;61.0;50.5
66;2021-07-20;3658;2881;295619;244861;61.7;51.1
66;2021-07-21;4099;2954;299718;247815;62.6;51.7
66;2021-07-22;3912;2816;303630;250631;63.4;52.3
66;2021-07-23;3897;3031;307527;253662;64.2;53.0
66;2021-07-24;2584;1922;310111;255584;64.7;53.4
66;2021-07-25;2023;1241;312134;256825;65.2;53.6
66;2021-07-26;2866;2627;315000;259452;65.8;54.2
66;2021-07-27;3231;2888;318231;262340;66.4;54.8
66;2021-07-28;3355;2575;321586;264915;67.1;55.3
66;2021-07-29;3865;2536;325451;267451;67.9;55.8
66;2021-07-30;4237;2469;329688;269920;68.8;56.4
66;2021-07-31;2233;1716;331921;271636;69.3;56.7
66;2021-08-01;1821;900;333742;272536;69.7;56.9
66;2021-08-02;2379;1927;336121;274463;70.2;57.3
66;2021-08-03;2623;2067;338744;276530;70.7;57.7
66;2021-08-04;2633;1994;341377;278524;71.3;58.1
66;2021-08-05;2441;2508;343818;281032;71.8;58.7
66;2021-08-06;2319;2647;346137;283679;72.3;59.2
66;2021-08-07;1506;2097;347643;285776;72.6;59.7
66;2021-08-08;614;1457;348257;287233;72.7;60.0
66;2021-08-09;1357;2798;349614;290031;73.0;60.5
66;2021-08-10;1645;3076;351259;293107;73.3;61.2
66;2021-08-11;1679;3019;352938;296126;73.7;61.8
66;2021-08-12;1672;2992;354610;299118;74.0;62.4
66;2021-08-13;1453;2981;356063;302099;74.3;63.1
66;2021-08-14;656;2509;356719;304608;74.5;63.6
66;2021-08-15;136;1629;356855;306237;74.5;63.9
66;2021-08-16;1276;2595;358131;308832;74.8;64.5
66;2021-08-17;1488;2977;359619;311809;75.1;65.1
66;2021-08-18;1336;3071;360955;314880;75.4;65.7
66;2021-08-19;1108;2921;362063;317801;75.6;66.3
66;2021-08-20;997;3320;363060;321121;75.8;67.0
66;2021-08-21;579;2013;363639;323134;75.9;67.5
66;2021-08-22;232;1352;363871;324486;76.0;67.7
66;2021-08-23;1143;2762;365014;327248;76.2;68.3
66;2021-08-24;1051;2948;366065;330196;76.4;68.9
66;2021-08-25;902;2307;366967;332503;76.6;69.4
66;2021-08-26;957;2185;367924;334688;76.8;69.9
66;2021-08-27;919;2369;368843;337057;77.0;70.4
66;2021-08-28;515;1138;369358;338195;77.1;70.6
66;2021-08-29;244;333;369602;338528;77.2;70.7
66;2021-08-30;835;2597;370437;341125;77.3;71.2
66;2021-08-31;824;2725;371261;343850;77.5;71.8
66;2021-09-01;728;2160;371989;346010;77.7;72.2
66;2021-09-02;667;1904;372656;347914;77.8;72.6
66;2021-09-03;707;2190;373363;350104;77.9;73.1
66;2021-09-04;700;1788;374063;351892;78.1;73.5
66;2021-09-05;203;311;374266;352203;78.1;73.5
66;2021-09-06;422;2118;374688;354321;78.2;74.0
66;2021-09-07;376;1689;375064;356010;78.3;74.3
66;2021-09-08;554;1839;375618;357849;78.4;74.7
66;2021-09-09;463;1593;376081;359442;78.5;75.0
66;2021-09-10;489;1529;376570;360971;78.6;75.4
66;2021-09-11;507;1306;377077;362277;78.7;75.6
66;2021-09-12;84;171;377161;362448;78.7;75.7
67;2020-12-27;8;0;8;0;0.0;0.0
67;2020-12-28;4;0;12;0;0.0;0.0
67;2020-12-29;2;0;14;0;0.0;0.0
67;2020-12-30;0;0;14;0;0.0;0.0
67;2020-12-31;0;0;14;0;0.0;0.0
67;2021-01-01;5;0;19;0;0.0;0.0
67;2021-01-02;1;0;20;0;0.0;0.0
67;2021-01-03;1;0;21;0;0.0;0.0
67;2021-01-04;41;0;62;0;0.0;0.0
67;2021-01-05;167;0;229;0;0.0;0.0
67;2021-01-06;121;0;350;0;0.0;0.0
67;2021-01-07;235;1;585;1;0.1;0.0
67;2021-01-08;233;1;818;2;0.1;0.0
67;2021-01-09;113;1;931;3;0.1;0.0
67;2021-01-10;67;0;998;3;0.1;0.0
67;2021-01-11;182;1;1180;4;0.1;0.0
67;2021-01-12;511;1;1691;5;0.1;0.0
67;2021-01-13;657;2;2348;7;0.2;0.0
67;2021-01-14;1087;7;3435;14;0.3;0.0
67;2021-01-15;939;6;4374;20;0.4;0.0
67;2021-01-16;196;3;4570;23;0.4;0.0
67;2021-01-17;101;0;4671;23;0.4;0.0
67;2021-01-18;899;3;5570;26;0.5;0.0
67;2021-01-19;1424;5;6994;31;0.6;0.0
67;2021-01-20;1854;12;8848;43;0.8;0.0
67;2021-01-21;2212;9;11060;52;1.0;0.0
67;2021-01-22;1991;7;13051;59;1.2;0.0
67;2021-01-23;813;5;13864;64;1.2;0.0
67;2021-01-24;380;1;14244;65;1.3;0.0
67;2021-01-25;527;30;14771;95;1.3;0.0
67;2021-01-26;160;102;14931;197;1.3;0.0
67;2021-01-27;1398;83;16329;280;1.4;0.0
67;2021-01-28;3056;207;19385;487;1.7;0.0
67;2021-01-29;2031;152;21416;639;1.9;0.1
67;2021-01-30;1096;68;22512;707;2.0;0.1
67;2021-01-31;1163;25;23675;732;2.1;0.1
67;2021-02-01;3394;242;27069;974;2.4;0.1
67;2021-02-02;2693;399;29762;1373;2.6;0.1
67;2021-02-03;1573;377;31335;1750;2.8;0.2
67;2021-02-04;1193;720;32528;2470;2.9;0.2
67;2021-02-05;1194;593;33722;3063;3.0;0.3
67;2021-02-06;797;125;34519;3188;3.0;0.3
67;2021-02-07;291;37;34810;3225;3.1;0.3
67;2021-02-08;839;386;35649;3611;3.1;0.3
67;2021-02-09;958;664;36607;4275;3.2;0.4
67;2021-02-10;933;709;37540;4984;3.3;0.4
67;2021-02-11;1151;1061;38691;6045;3.4;0.5
67;2021-02-12;1245;682;39936;6727;3.5;0.6
67;2021-02-13;765;252;40701;6979;3.6;0.6
67;2021-02-14;244;91;40945;7070;3.6;0.6
67;2021-02-15;780;673;41725;7743;3.7;0.7
67;2021-02-16;930;905;42655;8648;3.8;0.8
67;2021-02-17;783;980;43438;9628;3.8;0.9
67;2021-02-18;1401;2355;44839;11983;4.0;1.1
67;2021-02-19;1376;1825;46215;13808;4.1;1.2
67;2021-02-20;632;761;46847;14569;4.1;1.3
67;2021-02-21;209;1088;47056;15657;4.2;1.4
67;2021-02-22;1404;2077;48460;17734;4.3;1.6
67;2021-02-23;1462;1360;49922;19094;4.4;1.7
67;2021-02-24;1438;912;51360;20006;4.5;1.8
67;2021-02-25;1617;1290;52977;21296;4.7;1.9
67;2021-02-26;2229;1233;55206;22529;4.9;2.0
67;2021-02-27;1257;637;56463;23166;5.0;2.0
67;2021-02-28;147;269;56610;23435;5.0;2.1
67;2021-03-01;640;872;57250;24307;5.1;2.1
67;2021-03-02;896;1061;58146;25368;5.1;2.2
67;2021-03-03;1409;1151;59555;26519;5.3;2.3
67;2021-03-04;1962;955;61517;27474;5.4;2.4
67;2021-03-05;3258;1018;64775;28492;5.7;2.5
67;2021-03-06;2334;688;67109;29180;5.9;2.6
67;2021-03-07;467;248;67576;29428;6.0;2.6
67;2021-03-08;1188;734;68764;30162;6.1;2.7
67;2021-03-09;2225;837;70989;30999;6.3;2.7
67;2021-03-10;2449;1131;73438;32130;6.5;2.8
67;2021-03-11;3207;1314;76645;33444;6.8;3.0
67;2021-03-12;5260;1327;81905;34771;7.2;3.1
67;2021-03-13;3997;862;85902;35633;7.6;3.1
67;2021-03-14;483;379;86385;36012;7.6;3.2
67;2021-03-15;2188;1137;88573;37149;7.8;3.3
67;2021-03-16;1552;1207;90125;38356;8.0;3.4
67;2021-03-17;2070;904;92195;39260;8.1;3.5
67;2021-03-18;2389;722;94584;39982;8.4;3.5
67;2021-03-19;3671;741;98255;40723;8.7;3.6
67;2021-03-20;3062;505;101317;41228;8.9;3.6
67;2021-03-21;335;17;101652;41245;9.0;3.6
67;2021-03-22;2332;762;103984;42007;9.2;3.7
67;2021-03-23;3401;770;107385;42777;9.5;3.8
67;2021-03-24;3909;800;111294;43577;9.8;3.8
67;2021-03-25;5314;535;116608;44112;10.3;3.9
67;2021-03-26;6868;466;123476;44578;10.9;3.9
67;2021-03-27;3926;344;127402;44922;11.2;4.0
67;2021-03-28;580;100;127982;45022;11.3;4.0
67;2021-03-29;3820;426;131802;45448;11.6;4.0
67;2021-03-30;4846;665;136648;46113;12.1;4.1
67;2021-03-31;4848;692;141496;46805;12.5;4.1
67;2021-04-01;5147;925;146643;47730;12.9;4.2
67;2021-04-02;1008;174;147651;47904;13.0;4.2
67;2021-04-03;1689;284;149340;48188;13.2;4.3
67;2021-04-04;327;5;149667;48193;13.2;4.3
67;2021-04-05;371;4;150038;48197;13.2;4.3
67;2021-04-06;3483;1176;153521;49373;13.6;4.4
67;2021-04-07;4531;1281;158052;50654;14.0;4.5
67;2021-04-08;5660;1405;163712;52059;14.5;4.6
67;2021-04-09;7111;1351;170823;53410;15.1;4.7
67;2021-04-10;4333;887;175156;54297;15.5;4.8
67;2021-04-11;855;425;176011;54722;15.5;4.8
67;2021-04-12;3887;1401;179898;56123;15.9;5.0
67;2021-04-13;4892;1574;184790;57697;16.3;5.1
67;2021-04-14;5290;1897;190080;59594;16.8;5.3
67;2021-04-15;6081;2106;196161;61700;17.3;5.4
67;2021-04-16;7837;2414;203998;64114;18.0;5.7
67;2021-04-17;4007;1574;208005;65688;18.4;5.8
67;2021-04-18;1111;645;209116;66333;18.5;5.9
67;2021-04-19;3632;2138;212748;68471;18.8;6.0
67;2021-04-20;4258;1918;217006;70389;19.2;6.2
67;2021-04-21;4069;2512;221075;72901;19.5;6.4
67;2021-04-22;4479;2914;225554;75815;19.9;6.7
67;2021-04-23;5247;3002;230801;78817;20.4;7.0
67;2021-04-24;3102;2023;233903;80840;20.7;7.1
67;2021-04-25;1028;451;234931;81291;20.7;7.2
67;2021-04-26;3191;2615;238122;83906;21.0;7.4
67;2021-04-27;4024;2909;242146;86815;21.4;7.7
67;2021-04-28;4253;3414;246399;90229;21.8;8.0
67;2021-04-29;5126;3494;251525;93723;22.2;8.3
67;2021-04-30;7180;2466;258705;96189;22.8;8.5
67;2021-05-01;2687;778;261392;96967;23.1;8.6
67;2021-05-02;2182;676;263574;97643;23.3;8.6
67;2021-05-03;5562;2613;269136;100256;23.8;8.9
67;2021-05-04;5854;3600;274990;103856;24.3;9.2
67;2021-05-05;5219;4192;280209;108048;24.7;9.5
67;2021-05-06;6714;4920;286923;112968;25.3;10.0
67;2021-05-07;6435;6895;293358;119863;25.9;10.6
67;2021-05-08;3575;1018;296933;120881;26.2;10.7
67;2021-05-09;3371;591;300304;121472;26.5;10.7
67;2021-05-10;4697;4528;305001;126000;26.9;11.1
67;2021-05-11;5650;4916;310651;130916;27.4;11.6
67;2021-05-12;6599;4836;317250;135752;28.0;12.0
67;2021-05-13;7313;1670;324563;137422;28.7;12.1
67;2021-05-14;8880;5352;333443;142774;29.4;12.6
67;2021-05-15;8199;3655;341642;146429;30.2;12.9
67;2021-05-16;6178;969;347820;147398;30.7;13.0
67;2021-05-17;5695;3886;353515;151284;31.2;13.4
67;2021-05-18;6900;3977;360415;155261;31.8;13.7
67;2021-05-19;7378;4170;367793;159431;32.5;14.1
67;2021-05-20;8695;4231;376488;163662;33.2;14.5
67;2021-05-21;8165;5850;384653;169512;34.0;15.0
67;2021-05-22;5937;3416;390590;172928;34.5;15.3
67;2021-05-23;2660;593;393250;173521;34.7;15.3
67;2021-05-24;4418;863;397668;174384;35.1;15.4
67;2021-05-25;5415;4769;403083;179153;35.6;15.8
67;2021-05-26;6066;4871;409149;184024;36.1;16.2
67;2021-05-27;7315;4889;416464;188913;36.8;16.7
67;2021-05-28;7967;6490;424431;195403;37.5;17.3
67;2021-05-29;6652;3865;431083;199268;38.1;17.6
67;2021-05-30;1147;809;432230;200077;38.2;17.7
67;2021-05-31;6409;4058;438639;204135;38.7;18.0
67;2021-06-01;7328;4399;445967;208534;39.4;18.4
67;2021-06-02;8066;4177;454033;212711;40.1;18.8
67;2021-06-03;8843;4859;462876;217570;40.9;19.2
67;2021-06-04;8596;6120;471472;223690;41.6;19.8
67;2021-06-05;6554;3981;478026;227671;42.2;20.1
67;2021-06-06;3478;874;481504;228545;42.5;20.2
67;2021-06-07;7415;4251;488919;232796;43.2;20.6
67;2021-06-08;8630;4925;497549;237721;43.9;21.0
67;2021-06-09;9264;4790;506813;242511;44.7;21.4
67;2021-06-10;9776;5011;516589;247522;45.6;21.9
67;2021-06-11;8070;8310;524659;255832;46.3;22.6
67;2021-06-12;6792;5202;531451;261034;46.9;23.0
67;2021-06-13;3108;1044;534559;262078;47.2;23.1
67;2021-06-14;5511;6456;540070;268534;47.7;23.7
67;2021-06-15;6689;6749;546759;275283;48.3;24.3
67;2021-06-16;6954;6702;553713;281985;48.9;24.9
67;2021-06-17;7277;9049;560990;291034;49.5;25.7
67;2021-06-18;7606;8503;568596;299537;50.2;26.4
67;2021-06-19;6390;5965;574986;305502;50.8;27.0
67;2021-06-20;1451;1411;576437;306913;50.9;27.1
67;2021-06-21;4267;6773;580704;313686;51.3;27.7
67;2021-06-22;4243;9095;584947;322781;51.6;28.5
67;2021-06-23;5294;8187;590241;330968;52.1;29.2
67;2021-06-24;4524;9098;594765;340066;52.5;30.0
67;2021-06-25;5342;9953;600107;350019;53.0;30.9
67;2021-06-26;3465;9103;603572;359122;53.3;31.7
67;2021-06-27;1024;3523;604596;362645;53.4;32.0
67;2021-06-28;2848;8729;607444;371374;53.6;32.8
67;2021-06-29;2899;8612;610343;379986;53.9;33.5
67;2021-06-30;3383;8741;613726;388727;54.2;34.3
67;2021-07-01;3615;8423;617341;397150;54.5;35.1
67;2021-07-02;3737;10933;621078;408083;54.8;36.0
67;2021-07-03;2981;7746;624059;415829;55.1;36.7
67;2021-07-04;764;1871;624823;417700;55.2;36.9
67;2021-07-05;2624;8253;627447;425953;55.4;37.6
67;2021-07-06;3103;8437;630550;434390;55.7;38.4
67;2021-07-07;3928;8742;634478;443132;56.0;39.1
67;2021-07-08;4202;7787;638680;450919;56.4;39.8
67;2021-07-09;3768;11372;642448;462291;56.7;40.8
67;2021-07-10;2863;8207;645311;470498;57.0;41.5
67;2021-07-11;944;1995;646255;472493;57.1;41.7
67;2021-07-12;2479;9724;648734;482217;57.3;42.6
67;2021-07-13;4123;9888;652857;492105;57.6;43.4
67;2021-07-14;3492;4407;656349;496512;58.0;43.8
67;2021-07-15;5142;12229;661491;508741;58.4;44.9
67;2021-07-16;4870;12294;666361;521035;58.8;46.0
67;2021-07-17;3737;8823;670098;529858;59.2;46.8
67;2021-07-18;1464;2550;671562;532408;59.3;47.0
67;2021-07-19;4648;9739;676210;542147;59.7;47.9
67;2021-07-20;5777;9824;681987;551971;60.2;48.7
67;2021-07-21;5870;10652;687857;562623;60.7;49.7
67;2021-07-22;6440;10224;694297;572847;61.3;50.6
67;2021-07-23;7401;11186;701698;584033;62.0;51.6
67;2021-07-24;5425;7577;707123;591610;62.4;52.2
67;2021-07-25;2317;1970;709440;593580;62.6;52.4
67;2021-07-26;5010;7245;714450;600825;63.1;53.0
67;2021-07-27;6633;7322;721083;608147;63.7;53.7
67;2021-07-28;7545;7208;728628;615355;64.3;54.3
67;2021-07-29;8400;6430;737028;621785;65.1;54.9
67;2021-07-30;8669;7309;745697;629094;65.8;55.5
67;2021-07-31;5113;4877;750810;633971;66.3;56.0
67;2021-08-01;2485;1430;753295;635401;66.5;56.1
67;2021-08-02;6359;5092;759654;640493;67.1;56.6
67;2021-08-03;7299;4710;766953;645203;67.7;57.0
67;2021-08-04;6892;4600;773845;649803;68.3;57.4
67;2021-08-05;5747;4227;779592;654030;68.8;57.7
67;2021-08-06;6332;5423;785924;659453;69.4;58.2
67;2021-08-07;4682;4275;790606;663728;69.8;58.6
67;2021-08-08;1308;1438;791914;665166;69.9;58.7
67;2021-08-09;3127;4481;795041;669647;70.2;59.1
67;2021-08-10;3221;4782;798262;674429;70.5;59.5
67;2021-08-11;3419;4676;801681;679105;70.8;60.0
67;2021-08-12;3132;4885;804813;683990;71.1;60.4
67;2021-08-13;3197;5385;808010;689375;71.3;60.9
67;2021-08-14;2200;5081;810210;694456;71.5;61.3
67;2021-08-15;714;1602;810924;696058;71.6;61.5
67;2021-08-16;2070;5236;812994;701294;71.8;61.9
67;2021-08-17;2085;5273;815079;706567;72.0;62.4
67;2021-08-18;2362;6343;817441;712910;72.2;62.9
67;2021-08-19;1891;6151;819332;719061;72.3;63.5
67;2021-08-20;2315;7452;821647;726513;72.5;64.1
67;2021-08-21;1527;5567;823174;732080;72.7;64.6
67;2021-08-22;387;2049;823561;734129;72.7;64.8
67;2021-08-23;1905;6843;825466;740972;72.9;65.4
67;2021-08-24;1978;6615;827444;747587;73.1;66.0
67;2021-08-25;2088;7213;829532;754800;73.2;66.6
67;2021-08-26;1831;5541;831363;760341;73.4;67.1
67;2021-08-27;2188;7047;833551;767388;73.6;67.8
67;2021-08-28;1696;6097;835247;773485;73.7;68.3
67;2021-08-29;437;1599;835684;775084;73.8;68.4
67;2021-08-30;1407;4440;837091;779524;73.9;68.8
67;2021-08-31;1416;4205;838507;783729;74.0;69.2
67;2021-09-01;1773;4541;840280;788270;74.2;69.6
67;2021-09-02;1051;3134;841331;791404;74.3;69.9
67;2021-09-03;1535;4432;842866;795836;74.4;70.3
67;2021-09-04;1463;4093;844329;799929;74.5;70.6
67;2021-09-05;258;935;844587;800864;74.6;70.7
67;2021-09-06;950;2332;845537;803196;74.7;70.9
67;2021-09-07;877;2231;846414;805427;74.7;71.1
67;2021-09-08;1189;2988;847603;808415;74.8;71.4
67;2021-09-09;1102;2281;848705;810696;74.9;71.6
67;2021-09-10;1398;2861;850103;813557;75.1;71.8
67;2021-09-11;1046;3091;851149;816648;75.1;72.1
67;2021-09-12;251;612;851400;817260;75.2;72.2
68;2020-12-27;0;0;0;0;0.0;0.0
68;2020-12-28;0;0;0;0;0.0;0.0
68;2020-12-29;0;0;0;0;0.0;0.0
68;2020-12-30;2;0;2;0;0.0;0.0
68;2020-12-31;0;0;2;0;0.0;0.0
68;2021-01-01;0;0;2;0;0.0;0.0
68;2021-01-02;0;0;2;0;0.0;0.0
68;2021-01-03;1;0;3;0;0.0;0.0
68;2021-01-04;2;0;5;0;0.0;0.0
68;2021-01-05;11;0;16;0;0.0;0.0
68;2021-01-06;245;1;261;1;0.0;0.0
68;2021-01-07;75;0;336;1;0.0;0.0
68;2021-01-08;118;1;454;2;0.1;0.0
68;2021-01-09;20;0;474;2;0.1;0.0
68;2021-01-10;1;0;475;2;0.1;0.0
68;2021-01-11;82;0;557;2;0.1;0.0
68;2021-01-12;386;1;943;3;0.1;0.0
68;2021-01-13;703;2;1646;5;0.2;0.0
68;2021-01-14;372;2;2018;7;0.3;0.0
68;2021-01-15;204;1;2222;8;0.3;0.0
68;2021-01-16;1;0;2223;8;0.3;0.0
68;2021-01-17;0;0;2223;8;0.3;0.0
68;2021-01-18;379;5;2602;13;0.3;0.0
68;2021-01-19;559;5;3161;18;0.4;0.0
68;2021-01-20;707;10;3868;28;0.5;0.0
68;2021-01-21;1394;13;5262;41;0.7;0.0
68;2021-01-22;1499;12;6761;53;0.9;0.0
68;2021-01-23;215;3;6976;56;0.9;0.0
68;2021-01-24;698;1;7674;57;1.0;0.0
68;2021-01-25;1390;41;9064;98;1.2;0.0
68;2021-01-26;1555;80;10619;178;1.4;0.0
68;2021-01-27;2768;150;13387;328;1.8;0.0
68;2021-01-28;2355;59;15742;387;2.1;0.1
68;2021-01-29;1509;116;17251;503;2.3;0.1
68;2021-01-30;165;3;17416;506;2.3;0.1
68;2021-01-31;0;0;17416;506;2.3;0.1
68;2021-02-01;737;106;18153;612;2.4;0.1
68;2021-02-02;869;296;19022;908;2.5;0.1
68;2021-02-03;1000;600;20022;1508;2.6;0.2
68;2021-02-04;1001;310;21023;1818;2.8;0.2
68;2021-02-05;948;221;21971;2039;2.9;0.3
68;2021-02-06;140;2;22111;2041;2.9;0.3
68;2021-02-07;1;16;22112;2057;2.9;0.3
68;2021-02-08;893;23;23005;2080;3.0;0.3
68;2021-02-09;1359;44;24364;2124;3.2;0.3
68;2021-02-10;1453;63;25817;2187;3.4;0.3
68;2021-02-11;1486;462;27303;2649;3.6;0.3
68;2021-02-12;1550;440;28853;3089;3.8;0.4
68;2021-02-13;132;1;28985;3090;3.8;0.4
68;2021-02-14;58;232;29043;3322;3.8;0.4
68;2021-02-15;663;986;29706;4308;3.9;0.6
68;2021-02-16;864;1235;30570;5543;4.0;0.7
68;2021-02-17;1284;2038;31854;7581;4.2;1.0
68;2021-02-18;1662;1958;33516;9539;4.4;1.2
68;2021-02-19;987;1262;34503;10801;4.5;1.4
68;2021-02-20;93;121;34596;10922;4.5;1.4
68;2021-02-21;1;40;34597;10962;4.5;1.4
68;2021-02-22;446;697;35043;11659;4.6;1.5
68;2021-02-23;639;984;35682;12643;4.7;1.7
68;2021-02-24;854;1055;36536;13698;4.8;1.8
68;2021-02-25;1208;1159;37744;14857;4.9;1.9
68;2021-02-26;1200;881;38944;15738;5.1;2.1
68;2021-02-27;549;163;39493;15901;5.2;2.1
68;2021-02-28;12;1;39505;15902;5.2;2.1
68;2021-03-01;942;692;40447;16594;5.3;2.2
68;2021-03-02;1216;871;41663;17465;5.5;2.3
68;2021-03-03;1593;908;43256;18373;5.7;2.4
68;2021-03-04;1995;963;45251;19336;5.9;2.5
68;2021-03-05;2356;968;47607;20304;6.2;2.7
68;2021-03-06;2287;235;49894;20539;6.5;2.7
68;2021-03-07;839;106;50733;20645;6.6;2.7
68;2021-03-08;1474;902;52207;21547;6.8;2.8
68;2021-03-09;1698;1249;53905;22796;7.1;3.0
68;2021-03-10;1964;1753;55869;24549;7.3;3.2
68;2021-03-11;2639;1862;58508;26411;7.7;3.5
68;2021-03-12;2628;1384;61136;27795;8.0;3.6
68;2021-03-13;3342;259;64478;28054;8.4;3.7
68;2021-03-14;1543;66;66021;28120;8.7;3.7
68;2021-03-15;1795;612;67816;28732;8.9;3.8
68;2021-03-16;2001;596;69817;29328;9.1;3.8
68;2021-03-17;1957;721;71774;30049;9.4;3.9
68;2021-03-18;2220;936;73994;30985;9.7;4.1
68;2021-03-19;3085;725;77079;31710;10.1;4.2
68;2021-03-20;973;122;78052;31832;10.2;4.2
68;2021-03-21;68;2;78120;31834;10.2;4.2
68;2021-03-22;1965;588;80085;32422;10.5;4.2
68;2021-03-23;2860;616;82945;33038;10.9;4.3
68;2021-03-24;3177;810;86122;33848;11.3;4.4
68;2021-03-25;3501;782;89623;34630;11.7;4.5
68;2021-03-26;3894;724;93517;35354;12.3;4.6
68;2021-03-27;1102;167;94619;35521;12.4;4.7
68;2021-03-28;56;3;94675;35524;12.4;4.7
68;2021-03-29;2262;1359;96937;36883;12.7;4.8
68;2021-03-30;2934;1294;99871;38177;13.1;5.0
68;2021-03-31;2642;1349;102513;39526;13.4;5.2
68;2021-04-01;2748;1543;105261;41069;13.8;5.4
68;2021-04-02;244;88;105505;41157;13.8;5.4
68;2021-04-03;240;123;105745;41280;13.9;5.4
68;2021-04-04;5;0;105750;41280;13.9;5.4
68;2021-04-05;49;3;105799;41283;13.9;5.4
68;2021-04-06;1792;1321;107591;42604;14.1;5.6
68;2021-04-07;2585;1535;110176;44139;14.4;5.8
68;2021-04-08;3234;1501;113410;45640;14.9;6.0
68;2021-04-09;4201;1526;117611;47166;15.4;6.2
68;2021-04-10;1204;1969;118815;49135;15.6;6.4
68;2021-04-11;126;1318;118941;50453;15.6;6.6
68;2021-04-12;2668;1633;121609;52086;15.9;6.8
68;2021-04-13;2760;2109;124369;54195;16.3;7.1
68;2021-04-14;3607;2266;127976;56461;16.8;7.4
68;2021-04-15;4053;2159;132029;58620;17.3;7.7
68;2021-04-16;3943;2079;135972;60699;17.8;8.0
68;2021-04-17;1075;441;137047;61140;18.0;8.0
68;2021-04-18;85;9;137132;61149;18.0;8.0
68;2021-04-19;2358;1830;139490;62979;18.3;8.3
68;2021-04-20;2442;2323;141932;65302;18.6;8.6
68;2021-04-21;2831;2474;144763;67776;19.0;8.9
68;2021-04-22;3287;1973;148050;69749;19.4;9.1
68;2021-04-23;3414;2074;151464;71823;19.8;9.4
68;2021-04-24;842;488;152306;72311;20.0;9.5
68;2021-04-25;214;20;152520;72331;20.0;9.5
68;2021-04-26;2331;2105;154851;74436;20.3;9.8
68;2021-04-27;2600;2213;157451;76649;20.6;10.0
68;2021-04-28;3573;1761;161024;78410;21.1;10.3
68;2021-04-29;4166;1747;165190;80157;21.6;10.5
68;2021-04-30;4833;1369;170023;81526;22.3;10.7
68;2021-05-01;947;119;170970;81645;22.4;10.7
68;2021-05-02;732;69;171702;81714;22.5;10.7
68;2021-05-03;3624;1819;175326;83533;23.0;10.9
68;2021-05-04;3937;2359;179263;85892;23.5;11.3
68;2021-05-05;3632;3239;182895;89131;24.0;11.7
68;2021-05-06;4809;2859;187704;91990;24.6;12.1
68;2021-05-07;4522;2904;192226;94894;25.2;12.4
68;2021-05-08;1671;210;193897;95104;25.4;12.5
68;2021-05-09;1077;107;194974;95211;25.5;12.5
68;2021-05-10;3159;3720;198133;98931;26.0;13.0
68;2021-05-11;4719;3615;202852;102546;26.6;13.4
68;2021-05-12;5789;3292;208641;105838;27.3;13.9
68;2021-05-13;4764;838;213405;106676;28.0;14.0
68;2021-05-14;5962;2134;219367;108810;28.7;14.3
68;2021-05-15;3560;910;222927;109720;29.2;14.4
68;2021-05-16;669;118;223596;109838;29.3;14.4
68;2021-05-17;4449;2500;228045;112338;29.9;14.7
68;2021-05-18;6141;2307;234186;114645;30.7;15.0
68;2021-05-19;5871;2885;240057;117530;31.5;15.4
68;2021-05-20;5931;2413;245988;119943;32.2;15.7
68;2021-05-21;5778;2869;251766;122812;33.0;16.1
68;2021-05-22;2578;926;254344;123738;33.3;16.2
68;2021-05-23;15;17;254359;123755;33.3;16.2
68;2021-05-24;2307;970;256666;124725;33.6;16.3
68;2021-05-25;4347;3438;261013;128163;34.2;16.8
68;2021-05-26;4882;3382;265895;131545;34.8;17.2
68;2021-05-27;5408;3400;271303;134945;35.5;17.7
68;2021-05-28;5621;3719;276924;138664;36.3;18.2
68;2021-05-29;1541;1186;278465;139850;36.5;18.3
68;2021-05-30;41;46;278506;139896;36.5;18.3
68;2021-05-31;5162;2363;283668;142259;37.2;18.6
68;2021-06-01;5990;2792;289658;145051;38.0;19.0
68;2021-06-02;4887;3007;294545;148058;38.6;19.4
68;2021-06-03;5943;3098;300488;151156;39.4;19.8
68;2021-06-04;4897;3300;305385;154456;40.0;20.2
68;2021-06-05;781;1168;306166;155624;40.1;20.4
68;2021-06-06;69;114;306235;155738;40.1;20.4
68;2021-06-07;4758;3034;310993;158772;40.7;20.8
68;2021-06-08;4941;3554;315934;162326;41.4;21.3
68;2021-06-09;4995;3447;320929;165773;42.1;21.7
68;2021-06-10;5202;3146;326131;168919;42.7;22.1
68;2021-06-11;5059;4149;331190;173068;43.4;22.7
68;2021-06-12;3036;1769;334226;174837;43.8;22.9
68;2021-06-13;515;682;334741;175519;43.9;23.0
68;2021-06-14;2517;4392;337258;179911;44.2;23.6
68;2021-06-15;3112;4717;340370;184628;44.6;24.2
68;2021-06-16;3390;4443;343760;189071;45.0;24.8
68;2021-06-17;2361;4453;346121;193524;45.4;25.4
68;2021-06-18;3360;5177;349481;198701;45.8;26.0
68;2021-06-19;2256;2170;351737;200871;46.1;26.3
68;2021-06-20;259;893;351996;201764;46.1;26.4
68;2021-06-21;2061;5152;354057;206916;46.4;27.1
68;2021-06-22;1901;5175;355958;212091;46.6;27.8
68;2021-06-23;2317;5742;358275;217833;46.9;28.5
68;2021-06-24;2157;4897;360432;222730;47.2;29.2
68;2021-06-25;2287;6655;362719;229385;47.5;30.1
68;2021-06-26;1303;2609;364022;231994;47.7;30.4
68;2021-06-27;151;880;364173;232874;47.7;30.5
68;2021-06-28;1601;6445;365774;239319;47.9;31.4
68;2021-06-29;1539;6632;367313;245951;48.1;32.2
68;2021-06-30;1798;6555;369111;252506;48.4;33.1
68;2021-07-01;2110;5353;371221;257859;48.6;33.8
68;2021-07-02;2101;6483;373322;264342;48.9;34.6
68;2021-07-03;988;1935;374310;266277;49.0;34.9
68;2021-07-04;242;200;374552;266477;49.1;34.9
68;2021-07-05;1458;5516;376010;271993;49.3;35.6
68;2021-07-06;2002;5882;378012;277875;49.5;36.4
68;2021-07-07;2457;4974;380469;282849;49.9;37.1
68;2021-07-08;2436;4749;382905;287598;50.2;37.7
68;2021-07-09;2092;7367;384997;294965;50.4;38.6
68;2021-07-10;1026;2004;386023;296969;50.6;38.9
68;2021-07-11;147;156;386170;297125;50.6;38.9
68;2021-07-12;1646;6773;387816;303898;50.8;39.8
68;2021-07-13;2909;6549;390725;310447;51.2;40.7
68;2021-07-14;1841;983;392566;311430;51.4;40.8
68;2021-07-15;3189;6655;395755;318085;51.9;41.7
68;2021-07-16;3818;6764;399573;324849;52.4;42.6
68;2021-07-17;3363;2301;402936;327150;52.8;42.9
68;2021-07-18;1054;230;403990;327380;52.9;42.9
68;2021-07-19;3052;6082;407042;333462;53.3;43.7
68;2021-07-20;4002;5667;411044;339129;53.9;44.4
68;2021-07-21;4339;5828;415383;344957;54.4;45.2
68;2021-07-22;4192;4845;419575;349802;55.0;45.8
68;2021-07-23;5043;5759;424618;355561;55.6;46.6
68;2021-07-24;3351;2129;427969;357690;56.1;46.9
68;2021-07-25;826;537;428795;358227;56.2;46.9
68;2021-07-26;4837;4448;433632;362675;56.8;47.5
68;2021-07-27;6378;3755;440010;366430;57.7;48.0
68;2021-07-28;6853;3878;446863;370308;58.6;48.5
68;2021-07-29;6398;3420;453261;373728;59.4;49.0
68;2021-07-30;6350;4377;459611;378105;60.2;49.5
68;2021-07-31;3918;1426;463529;379531;60.7;49.7
68;2021-08-01;1653;493;465182;380024;61.0;49.8
68;2021-08-02;4600;3147;469782;383171;61.6;50.2
68;2021-08-03;3543;2445;473325;385616;62.0;50.5
68;2021-08-04;3141;2688;476466;388304;62.4;50.9
68;2021-08-05;2749;2637;479215;390941;62.8;51.2
68;2021-08-06;3998;4328;483213;395269;63.3;51.8
68;2021-08-07;1227;1304;484440;396573;63.5;52.0
68;2021-08-08;364;813;484804;397386;63.5;52.1
68;2021-08-09;2575;3684;487379;401070;63.9;52.6
68;2021-08-10;2215;2781;489594;403851;64.1;52.9
68;2021-08-11;1898;2729;491492;406580;64.4;53.3
68;2021-08-12;1750;2666;493242;409246;64.6;53.6
68;2021-08-13;2716;4758;495958;414004;65.0;54.2
68;2021-08-14;711;1439;496669;415443;65.1;54.4
68;2021-08-15;45;445;496714;415888;65.1;54.5
68;2021-08-16;2002;5061;498716;420949;65.3;55.2
68;2021-08-17;1795;4846;500511;425795;65.6;55.8
68;2021-08-18;1175;3691;501686;429486;65.7;56.3
68;2021-08-19;1363;3742;503049;433228;65.9;56.8
68;2021-08-20;2224;6061;505273;439289;66.2;57.6
68;2021-08-21;492;1379;505765;440668;66.3;57.7
68;2021-08-22;116;458;505881;441126;66.3;57.8
68;2021-08-23;1185;5424;507066;446550;66.4;58.5
68;2021-08-24;1399;5949;508465;452499;66.6;59.3
68;2021-08-25;1656;3751;510121;456250;66.8;59.8
68;2021-08-26;1984;4501;512105;460751;67.1;60.4
68;2021-08-27;1837;6277;513942;467028;67.3;61.2
68;2021-08-28;422;1070;514364;468098;67.4;61.3
68;2021-08-29;36;418;514400;468516;67.4;61.4
68;2021-08-30;1343;4554;515743;473070;67.6;62.0
68;2021-08-31;1292;4236;517035;477306;67.7;62.5
68;2021-09-01;880;2277;517915;479583;67.9;62.8
68;2021-09-02;875;1979;518790;481562;68.0;63.1
68;2021-09-03;1302;4609;520092;486171;68.1;63.7
68;2021-09-04;491;953;520583;487124;68.2;63.8
68;2021-09-05;209;174;520792;487298;68.2;63.8
68;2021-09-06;687;2386;521479;489684;68.3;64.2
68;2021-09-07;606;1450;522085;491134;68.4;64.4
68;2021-09-08;616;1483;522701;492617;68.5;64.5
68;2021-09-09;897;1562;523598;494179;68.6;64.8
68;2021-09-10;1475;3339;525073;497518;68.8;65.2
68;2021-09-11;456;666;525529;498184;68.9;65.3
68;2021-09-12;73;63;525602;498247;68.9;65.3
69;2020-12-27;5;0;5;0;0.0;0.0
69;2020-12-28;12;0;17;0;0.0;0.0
69;2020-12-29;5;0;22;0;0.0;0.0
69;2020-12-30;6;0;28;0;0.0;0.0
69;2020-12-31;12;0;40;0;0.0;0.0
69;2021-01-01;2;0;42;0;0.0;0.0
69;2021-01-02;2;0;44;0;0.0;0.0
69;2021-01-03;3;0;47;0;0.0;0.0
69;2021-01-04;13;0;60;0;0.0;0.0
69;2021-01-05;218;0;278;0;0.0;0.0
69;2021-01-06;518;0;796;0;0.0;0.0
69;2021-01-07;812;0;1608;0;0.1;0.0
69;2021-01-08;828;0;2436;0;0.1;0.0
69;2021-01-09;41;1;2477;1;0.1;0.0
69;2021-01-10;3;1;2480;2;0.1;0.0
69;2021-01-11;1135;2;3615;4;0.2;0.0
69;2021-01-12;1397;7;5012;11;0.3;0.0
69;2021-01-13;1395;3;6407;14;0.3;0.0
69;2021-01-14;2283;18;8690;32;0.5;0.0
69;2021-01-15;1826;8;10516;40;0.6;0.0
69;2021-01-16;930;3;11446;43;0.6;0.0
69;2021-01-17;260;2;11706;45;0.6;0.0
69;2021-01-18;1694;18;13400;63;0.7;0.0
69;2021-01-19;3511;36;16911;99;0.9;0.0
69;2021-01-20;4456;29;21367;128;1.1;0.0
69;2021-01-21;4078;27;25445;155;1.4;0.0
69;2021-01-22;3171;19;28616;174;1.5;0.0
69;2021-01-23;1285;5;29901;179;1.6;0.0
69;2021-01-24;101;1;30002;180;1.6;0.0
69;2021-01-25;2244;38;32246;218;1.7;0.0
69;2021-01-26;2562;87;34808;305;1.9;0.0
69;2021-01-27;2355;169;37163;474;2.0;0.0
69;2021-01-28;2236;356;39399;830;2.1;0.0
69;2021-01-29;2112;273;41511;1103;2.2;0.1
69;2021-01-30;889;3;42400;1106;2.3;0.1
69;2021-01-31;65;0;42465;1106;2.3;0.1
69;2021-02-01;1112;382;43577;1488;2.3;0.1
69;2021-02-02;1558;386;45135;1874;2.4;0.1
69;2021-02-03;1442;523;46577;2397;2.5;0.1
69;2021-02-04;1794;928;48371;3325;2.6;0.2
69;2021-02-05;820;803;49191;4128;2.6;0.2
69;2021-02-06;369;41;49560;4169;2.6;0.2
69;2021-02-07;0;0;49560;4169;2.6;0.2
69;2021-02-08;1133;968;50693;5137;2.7;0.3
69;2021-02-09;2051;1950;52744;7087;2.8;0.4
69;2021-02-10;1856;2473;54600;9560;2.9;0.5
69;2021-02-11;1862;3045;56462;12605;3.0;0.7
69;2021-02-12;1904;1879;58366;14484;3.1;0.8
69;2021-02-13;458;594;58824;15078;3.1;0.8
69;2021-02-14;89;33;58913;15111;3.1;0.8
69;2021-02-15;1014;1479;59927;16590;3.2;0.9
69;2021-02-16;984;1979;60911;18569;3.2;1.0
69;2021-02-17;1027;1984;61938;20553;3.3;1.1
69;2021-02-18;967;1905;62905;22458;3.4;1.2
69;2021-02-19;891;1560;63796;24018;3.4;1.3
69;2021-02-20;321;712;64117;24730;3.4;1.3
69;2021-02-21;54;58;64171;24788;3.4;1.3
69;2021-02-22;610;1796;64781;26584;3.5;1.4
69;2021-02-23;740;1914;65521;28498;3.5;1.5
69;2021-02-24;972;1937;66493;30435;3.5;1.6
69;2021-02-25;2215;2387;68708;32822;3.7;1.7
69;2021-02-26;2775;1716;71483;34538;3.8;1.8
69;2021-02-27;925;510;72408;35048;3.9;1.9
69;2021-02-28;148;100;72556;35148;3.9;1.9
69;2021-03-01;2166;782;74722;35930;4.0;1.9
69;2021-03-02;3297;1257;78019;37187;4.2;2.0
69;2021-03-03;3670;1161;81689;38348;4.4;2.0
69;2021-03-04;4885;1246;86574;39594;4.6;2.1
69;2021-03-05;5875;1169;92449;40763;4.9;2.2
69;2021-03-06;3417;378;95866;41141;5.1;2.2
69;2021-03-07;641;43;96507;41184;5.1;2.2
69;2021-03-08;2960;1034;99467;42218;5.3;2.3
69;2021-03-09;4609;1167;104076;43385;5.5;2.3
69;2021-03-10;5071;991;109147;44376;5.8;2.4
69;2021-03-11;6601;996;115748;45372;6.2;2.4
69;2021-03-12;8859;1139;124607;46511;6.6;2.5
69;2021-03-13;4927;245;129534;46756;6.9;2.5
69;2021-03-14;2741;151;132275;46907;7.1;2.5
69;2021-03-15;4807;680;137082;47587;7.3;2.5
69;2021-03-16;3820;663;140902;48250;7.5;2.6
69;2021-03-17;3952;870;144854;49120;7.7;2.6
69;2021-03-18;4967;1547;149821;50667;8.0;2.7
69;2021-03-19;6687;987;156508;51654;8.3;2.8
69;2021-03-20;3594;275;160102;51929;8.5;2.8
69;2021-03-21;1976;101;162078;52030;8.6;2.8
69;2021-03-22;4549;753;166627;52783;8.9;2.8
69;2021-03-23;7366;813;173993;53596;9.3;2.9
69;2021-03-24;6456;1001;180449;54597;9.6;2.9
69;2021-03-25;8590;1117;189039;55714;10.1;3.0
69;2021-03-26;8814;1245;197853;56959;10.5;3.0
69;2021-03-27;3157;790;201010;57749;10.7;3.1
69;2021-03-28;2219;189;203229;57938;10.8;3.1
69;2021-03-29;4098;2168;207327;60106;11.1;3.2
69;2021-03-30;7642;2538;214969;62644;11.5;3.3
69;2021-03-31;6356;3113;221325;65757;11.8;3.5
69;2021-04-01;8463;2722;229788;68479;12.2;3.7
69;2021-04-02;8312;3109;238100;71588;12.7;3.8
69;2021-04-03;5425;2123;243525;73711;13.0;3.9
69;2021-04-04;6611;544;250136;74255;13.3;4.0
69;2021-04-05;6194;814;256330;75069;13.7;4.0
69;2021-04-06;5115;3467;261445;78536;13.9;4.2
69;2021-04-07;5169;3876;266614;82412;14.2;4.4
69;2021-04-08;6427;4002;273041;86414;14.6;4.6
69;2021-04-09;9166;3746;282207;90160;15.0;4.8
69;2021-04-10;3053;2490;285260;92650;15.2;4.9
69;2021-04-11;2039;1899;287299;94549;15.3;5.0
69;2021-04-12;5472;3562;292771;98111;15.6;5.2
69;2021-04-13;7069;4119;299840;102230;16.0;5.4
69;2021-04-14;6719;4154;306559;106384;16.3;5.7
69;2021-04-15;7944;4595;314503;110979;16.8;5.9
69;2021-04-16;7864;4494;322367;115473;17.2;6.2
69;2021-04-17;5038;2311;327405;117784;17.5;6.3
69;2021-04-18;1716;1791;329121;119575;17.5;6.4
69;2021-04-19;7019;3776;336140;123351;17.9;6.6
69;2021-04-20;6487;4758;342627;128109;18.3;6.8
69;2021-04-21;5688;4416;348315;132525;18.6;7.1
69;2021-04-22;6429;5438;354744;137963;18.9;7.4
69;2021-04-23;6739;4900;361483;142863;19.3;7.6
69;2021-04-24;3157;2029;364640;144892;19.4;7.7
69;2021-04-25;2119;1545;366759;146437;19.5;7.8
69;2021-04-26;4497;3870;371256;150307;19.8;8.0
69;2021-04-27;6516;5312;377772;155619;20.1;8.3
69;2021-04-28;6274;4858;384046;160477;20.5;8.6
69;2021-04-29;6702;5371;390748;165848;20.8;8.8
69;2021-04-30;6931;6150;397679;171998;21.2;9.2
69;2021-05-01;3303;644;400982;172642;21.4;9.2
69;2021-05-02;1628;5882;402610;178524;21.5;9.5
69;2021-05-03;5858;8241;408468;186765;21.8;10.0
69;2021-05-04;7608;8153;416076;194918;22.2;10.4
69;2021-05-05;11213;5661;427289;200579;22.8;10.7
69;2021-05-06;12475;6302;439764;206881;23.4;11.0
69;2021-05-07;11690;7140;451454;214021;24.1;11.4
69;2021-05-08;4306;1653;455760;215674;24.3;11.5
69;2021-05-09;6637;2679;462397;218353;24.6;11.6
69;2021-05-10;6939;6064;469336;224417;25.0;12.0
69;2021-05-11;9830;7035;479166;231452;25.5;12.3
69;2021-05-12;12461;6795;491627;238247;26.2;12.7
69;2021-05-13;10844;2562;502471;240809;26.8;12.8
69;2021-05-14;12595;5212;515066;246021;27.5;13.1
69;2021-05-15;9141;2592;524207;248613;27.9;13.3
69;2021-05-16;8409;1877;532616;250490;28.4;13.4
69;2021-05-17;11307;5649;543923;256139;29.0;13.7
69;2021-05-18;13229;6404;557152;262543;29.7;14.0
69;2021-05-19;13700;5893;570852;268436;30.4;14.3
69;2021-05-20;11390;6077;582242;274513;31.0;14.6
69;2021-05-21;11043;6551;593285;281064;31.6;15.0
69;2021-05-22;5579;2575;598864;283639;31.9;15.1
69;2021-05-23;4571;1543;603435;285182;32.2;15.2
69;2021-05-24;8429;1862;611864;287044;32.6;15.3
69;2021-05-25;9749;6177;621613;293221;33.1;15.6
69;2021-05-26;10287;6114;631900;299335;33.7;16.0
69;2021-05-27;10439;6789;642339;306124;34.2;16.3
69;2021-05-28;11621;8740;653960;314864;34.9;16.8
69;2021-05-29;7394;6045;661354;320909;35.3;17.1
69;2021-05-30;7384;3169;668738;324078;35.6;17.3
69;2021-05-31;10966;6375;679704;330453;36.2;17.6
69;2021-06-01;12853;7502;692557;337955;36.9;18.0
69;2021-06-02;14898;6722;707455;344677;37.7;18.4
69;2021-06-03;16649;7422;724104;352099;38.6;18.8
69;2021-06-04;16211;8556;740315;360655;39.5;19.2
69;2021-06-05;10110;3417;750425;364072;40.0;19.4
69;2021-06-06;7489;1720;757914;365792;40.4;19.5
69;2021-06-07;12827;7022;770741;372814;41.1;19.9
69;2021-06-08;16383;8280;787124;381094;42.0;20.3
69;2021-06-09;15223;7352;802347;388446;42.8;20.7
69;2021-06-10;16296;7334;818643;395780;43.6;21.1
69;2021-06-11;16654;9680;835297;405460;44.5;21.6
69;2021-06-12;8542;4187;843839;409647;45.0;21.8
69;2021-06-13;5624;2149;849463;411796;45.3;22.0
69;2021-06-14;8589;9086;858052;420882;45.7;22.4
69;2021-06-15;10949;11020;869001;431902;46.3;23.0
69;2021-06-16;11352;12327;880353;444229;46.9;23.7
69;2021-06-17;11477;13255;891830;457484;47.5;24.4
69;2021-06-18;12078;14776;903908;472260;48.2;25.2
69;2021-06-19;6833;8359;910741;480619;48.5;25.6
69;2021-06-20;5277;4768;916018;485387;48.8;25.9
69;2021-06-21;6557;12125;922575;497512;49.2;26.5
69;2021-06-22;7221;13835;929796;511347;49.6;27.3
69;2021-06-23;8359;13029;938155;524376;50.0;28.0
69;2021-06-24;9309;13743;947464;538119;50.5;28.7
69;2021-06-25;7077;16311;954541;554430;50.9;29.6
69;2021-06-26;3955;9076;958496;563506;51.1;30.0
69;2021-06-27;3293;7422;961789;570928;51.3;30.4
69;2021-06-28;4551;14892;966340;585820;51.5;31.2
69;2021-06-29;5375;15664;971715;601484;51.8;32.1
69;2021-06-30;6396;14453;978111;615937;52.1;32.8
69;2021-07-01;8822;11978;986933;627915;52.6;33.5
69;2021-07-02;10649;14128;997582;642043;53.2;34.2
69;2021-07-03;6003;7773;1003585;649816;53.5;34.6
69;2021-07-04;4152;5553;1007737;655369;53.7;34.9
69;2021-07-05;6237;13022;1013974;668391;54.0;35.6
69;2021-07-06;5893;14283;1019867;682674;54.4;36.4
69;2021-07-07;7323;13564;1027190;696238;54.8;37.1
69;2021-07-08;7575;13414;1034765;709652;55.2;37.8
69;2021-07-09;7591;16473;1042356;726125;55.6;38.7
69;2021-07-10;3126;10317;1045482;736442;55.7;39.3
69;2021-07-11;4332;5832;1049814;742274;56.0;39.6
69;2021-07-12;4215;16974;1054029;759248;56.2;40.5
69;2021-07-13;6229;20729;1060258;779977;56.5;41.6
69;2021-07-14;5061;8492;1065319;788469;56.8;42.0
69;2021-07-15;7499;22594;1072818;811063;57.2;43.2
69;2021-07-16;9847;20129;1082665;831192;57.7;44.3
69;2021-07-17;4885;12244;1087550;843436;58.0;45.0
69;2021-07-18;3414;8896;1090964;852332;58.2;45.4
69;2021-07-19;7086;16464;1098050;868796;58.5;46.3
69;2021-07-20;9584;19322;1107634;888118;59.0;47.3
69;2021-07-21;9388;17414;1117022;905532;59.5;48.3
69;2021-07-22;11468;16464;1128490;921996;60.2;49.1
69;2021-07-23;11133;17697;1139623;939693;60.7;50.1
69;2021-07-24;5702;11061;1145325;950754;61.0;50.7
69;2021-07-25;4707;6634;1150032;957388;61.3;51.0
69;2021-07-26;8931;12961;1158963;970349;61.8;51.7
69;2021-07-27;12947;12160;1171910;982509;62.5;52.4
69;2021-07-28;12098;12160;1184008;994669;63.1;53.0
69;2021-07-29;14770;12336;1198778;1007005;63.9;53.7
69;2021-07-30;14372;12261;1213150;1019266;64.7;54.3
69;2021-07-31;8266;7245;1221416;1026511;65.1;54.7
69;2021-08-01;5181;5875;1226597;1032386;65.4;55.0
69;2021-08-02;12494;9623;1239091;1042009;66.0;55.5
69;2021-08-03;13213;8994;1252304;1051003;66.8;56.0
69;2021-08-04;13698;8170;1266002;1059173;67.5;56.5
69;2021-08-05;11405;7531;1277407;1066704;68.1;56.9
69;2021-08-06;10383;7798;1287790;1074502;68.6;57.3
69;2021-08-07;4990;4816;1292780;1079318;68.9;57.5
69;2021-08-08;4354;3561;1297134;1082879;69.1;57.7
69;2021-08-09;7552;9220;1304686;1092099;69.5;58.2
69;2021-08-10;7994;7028;1312680;1099127;70.0;58.6
69;2021-08-11;7853;8118;1320533;1107245;70.4;59.0
69;2021-08-12;7201;7334;1327734;1114579;70.8;59.4
69;2021-08-13;6578;8362;1334312;1122941;71.1;59.9
69;2021-08-14;4412;5369;1338724;1128310;71.4;60.1
69;2021-08-15;2429;2523;1341153;1130833;71.5;60.3
69;2021-08-16;5373;8886;1346526;1139719;71.8;60.8
69;2021-08-17;6308;8276;1352834;1147995;72.1;61.2
69;2021-08-18;6192;9464;1359026;1157459;72.4;61.7
69;2021-08-19;6273;9331;1365299;1166790;72.8;62.2
69;2021-08-20;5911;8827;1371210;1175617;73.1;62.7
69;2021-08-21;2796;3953;1374006;1179570;73.2;62.9
69;2021-08-22;1909;2419;1375915;1181989;73.3;63.0
69;2021-08-23;3520;12378;1379435;1194367;73.5;63.7
69;2021-08-24;5003;13624;1384438;1207991;73.8;64.4
69;2021-08-25;4307;12892;1388745;1220883;74.0;65.1
69;2021-08-26;4416;11725;1393161;1232608;74.3;65.7
69;2021-08-27;4238;14466;1397399;1247074;74.5;66.5
69;2021-08-28;1846;8627;1399245;1255701;74.6;66.9
69;2021-08-29;1289;6524;1400534;1262225;74.7;67.3
69;2021-08-30;3142;11813;1403676;1274038;74.8;67.9
69;2021-08-31;4103;10186;1407779;1284224;75.0;68.5
69;2021-09-01;3531;9777;1411310;1294001;75.2;69.0
69;2021-09-02;4126;9203;1415436;1303204;75.4;69.5
69;2021-09-03;3849;11231;1419285;1314435;75.7;70.1
69;2021-09-04;2172;8703;1421457;1323138;75.8;70.5
69;2021-09-05;1411;3848;1422868;1326986;75.8;70.7
69;2021-09-06;2178;6895;1425046;1333881;76.0;71.1
69;2021-09-07;2278;6957;1427324;1340838;76.1;71.5
69;2021-09-08;2625;7498;1429949;1348336;76.2;71.9
69;2021-09-09;2319;6740;1432268;1355076;76.3;72.2
69;2021-09-10;2523;7592;1434791;1362668;76.5;72.6
69;2021-09-11;1602;5274;1436393;1367942;76.6;72.9
69;2021-09-12;497;2327;1436890;1370269;76.6;73.0
70;2020-12-27;0;0;0;0;0.0;0.0
70;2020-12-28;0;0;0;0;0.0;0.0
70;2020-12-29;0;0;0;0;0.0;0.0
70;2020-12-30;0;0;0;0;0.0;0.0
70;2020-12-31;0;0;0;0;0.0;0.0
70;2021-01-01;0;0;0;0;0.0;0.0
70;2021-01-02;0;0;0;0;0.0;0.0
70;2021-01-03;0;0;0;0;0.0;0.0
70;2021-01-04;0;0;0;0;0.0;0.0
70;2021-01-05;1;0;1;0;0.0;0.0
70;2021-01-06;24;0;25;0;0.0;0.0
70;2021-01-07;121;0;146;0;0.1;0.0
70;2021-01-08;22;0;168;0;0.1;0.0
70;2021-01-09;0;0;168;0;0.1;0.0
70;2021-01-10;0;0;168;0;0.1;0.0
70;2021-01-11;148;1;316;1;0.1;0.0
70;2021-01-12;201;1;517;2;0.2;0.0
70;2021-01-13;172;2;689;4;0.3;0.0
70;2021-01-14;148;5;837;9;0.4;0.0
70;2021-01-15;153;1;990;10;0.4;0.0
70;2021-01-16;65;0;1055;10;0.5;0.0
70;2021-01-17;0;0;1055;10;0.5;0.0
70;2021-01-18;397;0;1452;10;0.6;0.0
70;2021-01-19;503;2;1955;12;0.8;0.0
70;2021-01-20;494;2;2449;14;1.1;0.0
70;2021-01-21;674;2;3123;16;1.3;0.0
70;2021-01-22;458;2;3581;18;1.5;0.0
70;2021-01-23;261;2;3842;20;1.6;0.0
70;2021-01-24;4;0;3846;20;1.6;0.0
70;2021-01-25;371;1;4217;21;1.8;0.0
70;2021-01-26;335;1;4552;22;2.0;0.0
70;2021-01-27;331;10;4883;32;2.1;0.0
70;2021-01-28;365;35;5248;67;2.3;0.0
70;2021-01-29;329;52;5577;119;2.4;0.1
70;2021-01-30;228;0;5805;119;2.5;0.1
70;2021-01-31;0;0;5805;119;2.5;0.1
70;2021-02-01;261;42;6066;161;2.6;0.1
70;2021-02-02;272;96;6338;257;2.7;0.1
70;2021-02-03;251;53;6589;310;2.8;0.1
70;2021-02-04;264;120;6853;430;2.9;0.2
70;2021-02-05;254;72;7107;502;3.0;0.2
70;2021-02-06;209;37;7316;539;3.1;0.2
70;2021-02-07;0;0;7316;539;3.1;0.2
70;2021-02-08;179;157;7495;696;3.2;0.3
70;2021-02-09;204;149;7699;845;3.3;0.4
70;2021-02-10;196;222;7895;1067;3.4;0.5
70;2021-02-11;351;274;8246;1341;3.5;0.6
70;2021-02-12;239;408;8485;1749;3.6;0.8
70;2021-02-13;75;150;8560;1899;3.7;0.8
70;2021-02-14;0;29;8560;1928;3.7;0.8
70;2021-02-15;70;281;8630;2209;3.7;0.9
70;2021-02-16;113;286;8743;2495;3.7;1.1
70;2021-02-17;164;279;8907;2774;3.8;1.2
70;2021-02-18;205;227;9112;3001;3.9;1.3
70;2021-02-19;197;186;9309;3187;4.0;1.4
70;2021-02-20;192;59;9501;3246;4.1;1.4
70;2021-02-21;1;0;9502;3246;4.1;1.4
70;2021-02-22;106;188;9608;3434;4.1;1.5
70;2021-02-23;125;212;9733;3646;4.2;1.6
70;2021-02-24;132;183;9865;3829;4.2;1.6
70;2021-02-25;315;208;10180;4037;4.4;1.7
70;2021-02-26;395;123;10575;4160;4.5;1.8
70;2021-02-27;147;149;10722;4309;4.6;1.8
70;2021-02-28;0;0;10722;4309;4.6;1.8
70;2021-03-01;249;214;10971;4523;4.7;1.9
70;2021-03-02;487;238;11458;4761;4.9;2.0
70;2021-03-03;467;226;11925;4987;5.1;2.1
70;2021-03-04;694;243;12619;5230;5.4;2.2
70;2021-03-05;767;232;13386;5462;5.7;2.3
70;2021-03-06;540;102;13926;5564;6.0;2.4
70;2021-03-07;216;23;14142;5587;6.1;2.4
70;2021-03-08;554;194;14696;5781;6.3;2.5
70;2021-03-09;866;167;15562;5948;6.7;2.6
70;2021-03-10;659;175;16221;6123;7.0;2.6
70;2021-03-11;698;252;16919;6375;7.3;2.7
70;2021-03-12;985;175;17904;6550;7.7;2.8
70;2021-03-13;583;122;18487;6672;7.9;2.9
70;2021-03-14;20;1;18507;6673;7.9;2.9
70;2021-03-15;774;109;19281;6782;8.3;2.9
70;2021-03-16;655;97;19936;6879;8.5;2.9
70;2021-03-17;595;182;20531;7061;8.8;3.0
70;2021-03-18;633;140;21164;7201;9.1;3.1
70;2021-03-19;1019;143;22183;7344;9.5;3.1
70;2021-03-20;641;186;22824;7530;9.8;3.2
70;2021-03-21;9;0;22833;7530;9.8;3.2
70;2021-03-22;757;97;23590;7627;10.1;3.3
70;2021-03-23;1310;154;24900;7781;10.7;3.3
70;2021-03-24;1270;106;26170;7887;11.2;3.4
70;2021-03-25;1246;198;27416;8085;11.8;3.5
70;2021-03-26;1487;298;28903;8383;12.4;3.6
70;2021-03-27;957;129;29860;8512;12.8;3.7
70;2021-03-28;0;10;29860;8522;12.8;3.7
70;2021-03-29;721;413;30581;8935;13.1;3.8
70;2021-03-30;1093;316;31674;9251;13.6;4.0
70;2021-03-31;878;317;32552;9568;14.0;4.1
70;2021-04-01;1154;428;33706;9996;14.5;4.3
70;2021-04-02;1310;346;35016;10342;15.0;4.4
70;2021-04-03;639;320;35655;10662;15.3;4.6
70;2021-04-04;11;0;35666;10662;15.3;4.6
70;2021-04-05;4;2;35670;10664;15.3;4.6
70;2021-04-06;832;555;36502;11219;15.7;4.8
70;2021-04-07;858;589;37360;11808;16.0;5.1
70;2021-04-08;1320;561;38680;12369;16.6;5.3
70;2021-04-09;1404;537;40084;12906;17.2;5.5
70;2021-04-10;859;346;40943;13252;17.6;5.7
70;2021-04-11;23;1;40966;13253;17.6;5.7
70;2021-04-12;696;660;41662;13913;17.9;6.0
70;2021-04-13;921;769;42583;14682;18.3;6.3
70;2021-04-14;816;575;43399;15257;18.6;6.5
70;2021-04-15;1079;604;44478;15861;19.1;6.8
70;2021-04-16;1243;553;45721;16414;19.6;7.0
70;2021-04-17;689;468;46410;16882;19.9;7.2
70;2021-04-18;62;4;46472;16886;19.9;7.2
70;2021-04-19;540;809;47012;17695;20.2;7.6
70;2021-04-20;664;852;47676;18547;20.4;8.0
70;2021-04-21;483;926;48159;19473;20.7;8.4
70;2021-04-22;775;800;48934;20273;21.0;8.7
70;2021-04-23;875;742;49809;21015;21.4;9.0
70;2021-04-24;432;642;50241;21657;21.5;9.3
70;2021-04-25;11;0;50252;21657;21.5;9.3
70;2021-04-26;924;604;51176;22261;21.9;9.5
70;2021-04-27;1209;753;52385;23014;22.5;9.9
70;2021-04-28;889;811;53274;23825;22.8;10.2
70;2021-04-29;1343;928;54617;24753;23.4;10.6
70;2021-04-30;1533;873;56150;25626;24.1;11.0
70;2021-05-01;1694;120;57844;25746;24.8;11.0
70;2021-05-02;2;0;57846;25746;24.8;11.0
70;2021-05-03;1189;580;59035;26326;25.3;11.3
70;2021-05-04;1354;756;60389;27082;25.9;11.6
70;2021-05-05;1190;879;61579;27961;26.4;12.0
70;2021-05-06;1846;1270;63425;29231;27.2;12.5
70;2021-05-07;2127;1239;65552;30470;28.1;13.1
70;2021-05-08;1341;193;66893;30663;28.7;13.1
70;2021-05-09;9;57;66902;30720;28.7;13.2
70;2021-05-10;961;946;67863;31666;29.1;13.6
70;2021-05-11;1241;1074;69104;32740;29.6;14.0
70;2021-05-12;1176;863;70280;33603;30.1;14.4
70;2021-05-13;1544;147;71824;33750;30.8;14.5
70;2021-05-14;2062;754;73886;34504;31.7;14.8
70;2021-05-15;2657;531;76543;35035;32.8;15.0
70;2021-05-16;999;72;77542;35107;33.3;15.1
70;2021-05-17;1238;386;78780;35493;33.8;15.2
70;2021-05-18;1296;591;80076;36084;34.3;15.5
70;2021-05-19;1476;480;81552;36564;35.0;15.7
70;2021-05-20;1780;630;83332;37194;35.7;15.9
70;2021-05-21;1693;818;85025;38012;36.5;16.3
70;2021-05-22;1221;665;86246;38677;37.0;16.6
70;2021-05-23;8;14;86254;38691;37.0;16.6
70;2021-05-24;227;27;86481;38718;37.1;16.6
70;2021-05-25;837;926;87318;39644;37.4;17.0
70;2021-05-26;1048;946;88366;40590;37.9;17.4
70;2021-05-27;1263;994;89629;41584;38.4;17.8
70;2021-05-28;1546;1159;91175;42743;39.1;18.3
70;2021-05-29;1371;587;92546;43330;39.7;18.6
70;2021-05-30;1;8;92547;43338;39.7;18.6
70;2021-05-31;969;679;93516;44017;40.1;18.9
70;2021-06-01;1213;848;94729;44865;40.6;19.2
70;2021-06-02;1265;678;95994;45543;41.2;19.5
70;2021-06-03;1430;837;97424;46380;41.8;19.9
70;2021-06-04;1335;1111;98759;47491;42.4;20.4
70;2021-06-05;1024;663;99783;48154;42.8;20.6
70;2021-06-06;599;78;100382;48232;43.0;20.7
70;2021-06-07;941;849;101323;49081;43.5;21.0
70;2021-06-08;1216;1186;102539;50267;44.0;21.6
70;2021-06-09;1156;988;103695;51255;44.5;22.0
70;2021-06-10;1569;830;105264;52085;45.1;22.3
70;2021-06-11;1587;1956;106851;54041;45.8;23.2
70;2021-06-12;829;1971;107680;56012;46.2;24.0
70;2021-06-13;143;15;107823;56027;46.2;24.0
70;2021-06-14;559;1244;108382;57271;46.5;24.6
70;2021-06-15;451;1506;108833;58777;46.7;25.2
70;2021-06-16;800;1393;109633;60170;47.0;25.8
70;2021-06-17;1153;2098;110786;62268;47.5;26.7
70;2021-06-18;997;2255;111783;64523;47.9;27.7
70;2021-06-19;1091;1639;112874;66162;48.4;28.4
70;2021-06-20;1;3;112875;66165;48.4;28.4
70;2021-06-21;692;1452;113567;67617;48.7;29.0
70;2021-06-22;654;1512;114221;69129;49.0;29.6
70;2021-06-23;662;1570;114883;70699;49.3;30.3
70;2021-06-24;877;2049;115760;72748;49.6;31.2
70;2021-06-25;681;2646;116441;75394;49.9;32.3
70;2021-06-26;943;2135;117384;77529;50.3;33.2
70;2021-06-27;141;762;117525;78291;50.4;33.6
70;2021-06-28;336;1351;117861;79642;50.5;34.2
70;2021-06-29;411;1610;118272;81252;50.7;34.8
70;2021-06-30;391;1635;118663;82887;50.9;35.5
70;2021-07-01;642;1752;119305;84639;51.2;36.3
70;2021-07-02;815;1576;120120;86215;51.5;37.0
70;2021-07-03;841;1085;120961;87300;51.9;37.4
70;2021-07-04;29;70;120990;87370;51.9;37.5
70;2021-07-05;610;1037;121600;88407;52.1;37.9
70;2021-07-06;681;1275;122281;89682;52.4;38.5
70;2021-07-07;509;1425;122790;91107;52.7;39.1
70;2021-07-08;817;1574;123607;92681;53.0;39.7
70;2021-07-09;872;1662;124479;94343;53.4;40.5
70;2021-07-10;831;1032;125310;95375;53.7;40.9
70;2021-07-11;7;20;125317;95395;53.7;40.9
70;2021-07-12;431;1391;125748;96786;53.9;41.5
70;2021-07-13;907;1867;126655;98653;54.3;42.3
70;2021-07-14;33;6;126688;98659;54.3;42.3
70;2021-07-15;1383;1692;128071;100351;54.9;43.0
70;2021-07-16;1632;2058;129703;102409;55.6;43.9
70;2021-07-17;1501;1455;131204;103864;56.3;44.5
70;2021-07-18;1145;641;132349;104505;56.8;44.8
70;2021-07-19;883;974;133232;105479;57.1;45.2
70;2021-07-20;1350;1351;134582;106830;57.7;45.8
70;2021-07-21;1288;1402;135870;108232;58.3;46.4
70;2021-07-22;1869;1826;137739;110058;59.1;47.2
70;2021-07-23;1830;2493;139569;112551;59.9;48.3
70;2021-07-24;1364;1806;140933;114357;60.4;49.0
70;2021-07-25;27;3;140960;114360;60.4;49.0
70;2021-07-26;1056;975;142016;115335;60.9;49.5
70;2021-07-27;1405;975;143421;116310;61.5;49.9
70;2021-07-28;1405;1162;144826;117472;62.1;50.4
70;2021-07-29;1874;1387;146700;118859;62.9;51.0
70;2021-07-30;1974;1347;148674;120206;63.8;51.5
70;2021-07-31;1752;1166;150426;121372;64.5;52.0
70;2021-08-01;2;4;150428;121376;64.5;52.0
70;2021-08-02;776;737;151204;122113;64.8;52.4
70;2021-08-03;1296;1039;152500;123152;65.4;52.8
70;2021-08-04;1211;921;153711;124073;65.9;53.2
70;2021-08-05;1658;1190;155369;125263;66.6;53.7
70;2021-08-06;1796;1330;157165;126593;67.4;54.3
70;2021-08-07;1194;1028;158359;127621;67.9;54.7
70;2021-08-08;35;28;158394;127649;67.9;54.7
70;2021-08-09;533;704;158927;128353;68.2;55.0
70;2021-08-10;898;1133;159825;129486;68.5;55.5
70;2021-08-11;807;722;160632;130208;68.9;55.8
70;2021-08-12;906;1272;161538;131480;69.3;56.4
70;2021-08-13;1041;1622;162579;133102;69.7;57.1
70;2021-08-14;772;975;163351;134077;70.0;57.5
70;2021-08-15;36;28;163387;134105;70.1;57.5
70;2021-08-16;544;906;163931;135011;70.3;57.9
70;2021-08-17;677;1194;164608;136205;70.6;58.4
70;2021-08-18;536;939;165144;137144;70.8;58.8
70;2021-08-19;565;1386;165709;138530;71.1;59.4
70;2021-08-20;511;1901;166220;140431;71.3;60.2
70;2021-08-21;446;1160;166666;141591;71.5;60.7
70;2021-08-22;2;6;166668;141597;71.5;60.7
70;2021-08-23;281;879;166949;142476;71.6;61.1
70;2021-08-24;386;1374;167335;143850;71.8;61.7
70;2021-08-25;354;1341;167689;145191;71.9;62.3
70;2021-08-26;439;1560;168128;146751;72.1;62.9
70;2021-08-27;389;2126;168517;148877;72.3;63.8
70;2021-08-28;366;1706;168883;150583;72.4;64.6
70;2021-08-29;11;6;168894;150589;72.4;64.6
70;2021-08-30;296;835;169190;151424;72.6;64.9
70;2021-08-31;357;1126;169547;152550;72.7;65.4
70;2021-09-01;315;1195;169862;153745;72.8;65.9
70;2021-09-02;303;1296;170165;155041;73.0;66.5
70;2021-09-03;278;1244;170443;156285;73.1;67.0
70;2021-09-04;453;1259;170896;157544;73.3;67.6
70;2021-09-05;20;31;170916;157575;73.3;67.6
70;2021-09-06;167;700;171083;158275;73.4;67.9
70;2021-09-07;186;879;171269;159154;73.4;68.2
70;2021-09-08;194;875;171463;160029;73.5;68.6
70;2021-09-09;174;861;171637;160890;73.6;69.0
70;2021-09-10;254;913;171891;161803;73.7;69.4
70;2021-09-11;289;972;172180;162775;73.8;69.8
70;2021-09-12;7;37;172187;162812;73.8;69.8
71;2020-12-27;0;0;0;0;0.0;0.0
71;2020-12-28;0;0;0;0;0.0;0.0
71;2020-12-29;0;0;0;0;0.0;0.0
71;2020-12-30;0;0;0;0;0.0;0.0
71;2020-12-31;0;0;0;0;0.0;0.0
71;2021-01-01;1;0;1;0;0.0;0.0
71;2021-01-02;0;0;1;0;0.0;0.0
71;2021-01-03;1;0;2;0;0.0;0.0
71;2021-01-04;1;0;3;0;0.0;0.0
71;2021-01-05;13;0;16;0;0.0;0.0
71;2021-01-06;72;0;88;0;0.0;0.0
71;2021-01-07;67;0;155;0;0.0;0.0
71;2021-01-08;146;0;301;0;0.1;0.0
71;2021-01-09;117;0;418;0;0.1;0.0
71;2021-01-10;1;0;419;0;0.1;0.0
71;2021-01-11;245;1;664;1;0.1;0.0
71;2021-01-12;846;1;1510;2;0.3;0.0
71;2021-01-13;563;2;2073;4;0.4;0.0
71;2021-01-14;581;10;2654;14;0.5;0.0
71;2021-01-15;667;2;3321;16;0.6;0.0
71;2021-01-16;9;0;3330;16;0.6;0.0
71;2021-01-17;0;0;3330;16;0.6;0.0
71;2021-01-18;1094;7;4424;23;0.8;0.0
71;2021-01-19;1696;7;6120;30;1.1;0.0
71;2021-01-20;1517;6;7637;36;1.4;0.0
71;2021-01-21;2061;17;9698;53;1.8;0.0
71;2021-01-22;1413;6;11111;59;2.0;0.0
71;2021-01-23;815;6;11926;65;2.2;0.0
71;2021-01-24;0;0;11926;65;2.2;0.0
71;2021-01-25;1065;5;12991;70;2.4;0.0
71;2021-01-26;1505;25;14496;95;2.6;0.0
71;2021-01-27;1248;34;15744;129;2.9;0.0
71;2021-01-28;1083;76;16827;205;3.1;0.0
71;2021-01-29;1015;136;17842;341;3.3;0.1
71;2021-01-30;605;1;18447;342;3.4;0.1
71;2021-01-31;1;14;18448;356;3.4;0.1
71;2021-02-01;751;228;19199;584;3.5;0.1
71;2021-02-02;753;340;19952;924;3.6;0.2
71;2021-02-03;817;396;20769;1320;3.8;0.2
71;2021-02-04;781;546;21550;1866;3.9;0.3
71;2021-02-05;704;484;22254;2350;4.1;0.4
71;2021-02-06;535;8;22789;2358;4.2;0.4
71;2021-02-07;4;49;22793;2407;4.2;0.4
71;2021-02-08;603;539;23396;2946;4.3;0.5
71;2021-02-09;368;862;23764;3808;4.3;0.7
71;2021-02-10;412;841;24176;4649;4.4;0.8
71;2021-02-11;473;1004;24649;5653;4.5;1.0
71;2021-02-12;535;896;25184;6549;4.6;1.2
71;2021-02-13;124;383;25308;6932;4.6;1.3
71;2021-02-14;2;7;25310;6939;4.6;1.3
71;2021-02-15;323;771;25633;7710;4.7;1.4
71;2021-02-16;442;1167;26075;8877;4.8;1.6
71;2021-02-17;427;1009;26502;9886;4.8;1.8
71;2021-02-18;548;805;27050;10691;4.9;2.0
71;2021-02-19;573;712;27623;11403;5.0;2.1
71;2021-02-20;224;295;27847;11698;5.1;2.1
71;2021-02-21;4;13;27851;11711;5.1;2.1
71;2021-02-22;237;765;28088;12476;5.1;2.3
71;2021-02-23;452;818;28540;13294;5.2;2.4
71;2021-02-24;445;614;28985;13908;5.3;2.5
71;2021-02-25;533;629;29518;14537;5.4;2.7
71;2021-02-26;830;488;30348;15025;5.5;2.7
71;2021-02-27;457;283;30805;15308;5.6;2.8
71;2021-02-28;54;14;30859;15322;5.6;2.8
71;2021-03-01;1187;600;32046;15922;5.8;2.9
71;2021-03-02;1574;583;33620;16505;6.1;3.0
71;2021-03-03;1819;723;35439;17228;6.5;3.1
71;2021-03-04;2003;755;37442;17983;6.8;3.3
71;2021-03-05;2290;638;39732;18621;7.3;3.4
71;2021-03-06;754;63;40486;18684;7.4;3.4
71;2021-03-07;40;21;40526;18705;7.4;3.4
71;2021-03-08;1452;728;41978;19433;7.7;3.5
71;2021-03-09;2160;497;44138;19930;8.1;3.6
71;2021-03-10;2173;454;46311;20384;8.5;3.7
71;2021-03-11;2629;652;48940;21036;8.9;3.8
71;2021-03-12;2606;618;51546;21654;9.4;4.0
71;2021-03-13;995;95;52541;21749;9.6;4.0
71;2021-03-14;36;0;52577;21749;9.6;4.0
71;2021-03-15;1798;495;54375;22244;9.9;4.1
71;2021-03-16;1822;201;56197;22445;10.3;4.1
71;2021-03-17;2134;249;58331;22694;10.6;4.1
71;2021-03-18;1952;434;60283;23128;11.0;4.2
71;2021-03-19;2370;334;62653;23462;11.4;4.3
71;2021-03-20;1084;41;63737;23503;11.6;4.3
71;2021-03-21;17;5;63754;23508;11.6;4.3
71;2021-03-22;2576;381;66330;23889;12.1;4.4
71;2021-03-23;3346;505;69676;24394;12.7;4.5
71;2021-03-24;3350;468;73026;24862;13.3;4.5
71;2021-03-25;4028;592;77054;25454;14.1;4.6
71;2021-03-26;4058;338;81112;25792;14.8;4.7
71;2021-03-27;997;106;82109;25898;15.0;4.7
71;2021-03-28;57;8;82166;25906;15.0;4.7
71;2021-03-29;2409;1163;84575;27069;15.4;4.9
71;2021-03-30;2952;1358;87527;28427;16.0;5.2
71;2021-03-31;2549;1520;90076;29947;16.4;5.5
71;2021-04-01;2717;1299;92793;31246;16.9;5.7
71;2021-04-02;2503;1418;95296;32664;17.4;6.0
71;2021-04-03;268;34;95564;32698;17.4;6.0
71;2021-04-04;6;0;95570;32698;17.4;6.0
71;2021-04-05;61;2;95631;32700;17.5;6.0
71;2021-04-06;2259;1875;97890;34575;17.9;6.3
71;2021-04-07;2390;1785;100280;36360;18.3;6.6
71;2021-04-08;3284;1800;103564;38160;18.9;7.0
71;2021-04-09;4043;1665;107607;39825;19.6;7.3
71;2021-04-10;769;47;108376;39872;19.8;7.3
71;2021-04-11;100;4;108476;39876;19.8;7.3
71;2021-04-12;2356;1694;110832;41570;20.2;7.6
71;2021-04-13;2585;1886;113417;43456;20.7;7.9
71;2021-04-14;2374;1921;115791;45377;21.1;8.3
71;2021-04-15;2780;1690;118571;47067;21.6;8.6
71;2021-04-16;2628;1648;121199;48715;22.1;8.9
71;2021-04-17;952;344;122151;49059;22.3;9.0
71;2021-04-18;106;6;122257;49065;22.3;9.0
71;2021-04-19;1761;2572;124018;51637;22.6;9.4
71;2021-04-20;2222;2600;126240;54237;23.0;9.9
71;2021-04-21;2124;2594;128364;56831;23.4;10.4
71;2021-04-22;2511;2443;130875;59274;23.9;10.8
71;2021-04-23;2923;2264;133798;61538;24.4;11.2
71;2021-04-24;517;53;134315;61591;24.5;11.2
71;2021-04-25;26;0;134341;61591;24.5;11.2
71;2021-04-26;2567;2136;136908;63727;25.0;11.6
71;2021-04-27;2990;2266;139898;65993;25.5;12.0
71;2021-04-28;3075;2125;142973;68118;26.1;12.4
71;2021-04-29;3781;2215;146754;70333;26.8;12.8
71;2021-04-30;3929;1717;150683;72050;27.5;13.2
71;2021-05-01;39;53;150722;72103;27.5;13.2
71;2021-05-02;23;18;150745;72121;27.5;13.2
71;2021-05-03;4289;1387;155034;73508;28.3;13.4
71;2021-05-04;2956;2360;157990;75868;28.8;13.8
71;2021-05-05;3427;2084;161417;77952;29.5;14.2
71;2021-05-06;3467;2365;164884;80317;30.1;14.7
71;2021-05-07;3679;2803;168563;83120;30.8;15.2
71;2021-05-08;180;183;168743;83303;30.8;15.2
71;2021-05-09;44;47;168787;83350;30.8;15.2
71;2021-05-10;3698;2287;172485;85637;31.5;15.6
71;2021-05-11;4664;2360;177149;87997;32.3;16.1
71;2021-05-12;3978;2595;181127;90592;33.1;16.5
71;2021-05-13;1576;155;182703;90747;33.4;16.6
71;2021-05-14;3766;2196;186469;92943;34.0;17.0
71;2021-05-15;242;330;186711;93273;34.1;17.0
71;2021-05-16;2;0;186713;93273;34.1;17.0
71;2021-05-17;3864;1887;190577;95160;34.8;17.4
71;2021-05-18;3497;2425;194074;97585;35.4;17.8
71;2021-05-19;3719;2279;197793;99864;36.1;18.2
71;2021-05-20;4183;2296;201976;102160;36.9;18.6
71;2021-05-21;3724;2565;205700;104725;37.5;19.1
71;2021-05-22;169;304;205869;105029;37.6;19.2
71;2021-05-23;14;55;205883;105084;37.6;19.2
71;2021-05-24;19;96;205902;105180;37.6;19.2
71;2021-05-25;2690;3007;208592;108187;38.1;19.7
71;2021-05-26;2973;2434;211565;110621;38.6;20.2
71;2021-05-27;3387;2588;214952;113209;39.2;20.7
71;2021-05-28;2920;3155;217872;116364;39.8;21.2
71;2021-05-29;482;659;218354;117023;39.9;21.4
71;2021-05-30;75;57;218429;117080;39.9;21.4
71;2021-05-31;2776;3455;221205;120535;40.4;22.0
71;2021-06-01;3675;3543;224880;124078;41.0;22.6
71;2021-06-02;3998;2632;228878;126710;41.8;23.1
71;2021-06-03;4436;2521;233314;129231;42.6;23.6
71;2021-06-04;3717;3705;237031;132936;43.3;24.3
71;2021-06-05;684;646;237715;133582;43.4;24.4
71;2021-06-06;57;91;237772;133673;43.4;24.4
71;2021-06-07;3282;4154;241054;137827;44.0;25.2
71;2021-06-08;3898;4012;244952;141839;44.7;25.9
71;2021-06-09;4694;2753;249646;144592;45.6;26.4
71;2021-06-10;5268;2744;254914;147336;46.5;26.9
71;2021-06-11;4435;3722;259349;151058;47.3;27.6
71;2021-06-12;716;594;260065;151652;47.5;27.7
71;2021-06-13;104;187;260169;151839;47.5;27.7
71;2021-06-14;3513;3785;263682;155624;48.1;28.4
71;2021-06-15;4207;3552;267889;159176;48.9;29.1
71;2021-06-16;4597;2729;272486;161905;49.7;29.6
71;2021-06-17;4268;2997;276754;164902;50.5;30.1
71;2021-06-18;4328;3772;281082;168674;51.3;30.8
71;2021-06-19;1269;654;282351;169328;51.5;30.9
71;2021-06-20;37;27;282388;169355;51.5;30.9
71;2021-06-21;2270;4280;284658;173635;52.0;31.7
71;2021-06-22;2687;4355;287345;177990;52.5;32.5
71;2021-06-23;3060;3422;290405;181412;53.0;33.1
71;2021-06-24;3329;3024;293734;184436;53.6;33.7
71;2021-06-25;2654;4470;296388;188906;54.1;34.5
71;2021-06-26;372;551;296760;189457;54.2;34.6
71;2021-06-27;29;68;296789;189525;54.2;34.6
71;2021-06-28;1535;4624;298324;194149;54.5;35.4
71;2021-06-29;1992;4822;300316;198971;54.8;36.3
71;2021-06-30;2505;3935;302821;202906;55.3;37.0
71;2021-07-01;2826;3904;305647;206810;55.8;37.8
71;2021-07-02;3031;3985;308678;210795;56.3;38.5
71;2021-07-03;318;711;308996;211506;56.4;38.6
71;2021-07-04;28;132;309024;211638;56.4;38.6
71;2021-07-05;2476;4321;311500;215959;56.9;39.4
71;2021-07-06;2462;4563;313962;220522;57.3;40.3
71;2021-07-07;2984;3725;316946;224247;57.9;40.9
71;2021-07-08;2769;4111;319715;228358;58.4;41.7
71;2021-07-09;2382;5022;322097;233380;58.8;42.6
71;2021-07-10;212;656;322309;234036;58.8;42.7
71;2021-07-11;15;65;322324;234101;58.8;42.7
71;2021-07-12;1913;5306;324237;239407;59.2;43.7
71;2021-07-13;2541;5865;326778;245272;59.7;44.8
71;2021-07-14;950;400;327728;245672;59.8;44.8
71;2021-07-15;3025;5733;330753;251405;60.4;45.9
71;2021-07-16;3296;6005;334049;257410;61.0;47.0
71;2021-07-17;505;780;334554;258190;61.1;47.1
71;2021-07-18;89;93;334643;258283;61.1;47.1
71;2021-07-19;2864;5555;337507;263838;61.6;48.2
71;2021-07-20;3371;5913;340878;269751;62.2;49.2
71;2021-07-21;3413;5469;344291;275220;62.8;50.2
71;2021-07-22;3945;5333;348236;280553;63.6;51.2
71;2021-07-23;3235;6004;351471;286557;64.2;52.3
71;2021-07-24;715;594;352186;287151;64.3;52.4
71;2021-07-25;148;82;352334;287233;64.3;52.4
71;2021-07-26;3596;4890;355930;292123;65.0;53.3
71;2021-07-27;4092;5124;360022;297247;65.7;54.3
71;2021-07-28;4251;4809;364273;302056;66.5;55.1
71;2021-07-29;4212;4643;368485;306699;67.3;56.0
71;2021-07-30;4242;4923;372727;311622;68.0;56.9
71;2021-07-31;722;723;373449;312345;68.2;57.0
71;2021-08-01;106;35;373555;312380;68.2;57.0
71;2021-08-02;3970;3761;377525;316141;68.9;57.7
71;2021-08-03;4406;3820;381931;319961;69.7;58.4
71;2021-08-04;4391;2986;386322;322947;70.5;59.0
71;2021-08-05;4190;3266;390512;326213;71.3;59.5
71;2021-08-06;3698;4007;394210;330220;72.0;60.3
71;2021-08-07;495;329;394705;330549;72.0;60.3
71;2021-08-08;50;65;394755;330614;72.1;60.4
71;2021-08-09;3046;3411;397801;334025;72.6;61.0
71;2021-08-10;3073;3388;400874;337413;73.2;61.6
71;2021-08-11;3185;3081;404059;340494;73.8;62.2
71;2021-08-12;3016;3107;407075;343601;74.3;62.7
71;2021-08-13;2688;3333;409763;346934;74.8;63.3
71;2021-08-14;282;521;410045;347455;74.8;63.4
71;2021-08-15;49;110;410094;347565;74.9;63.4
71;2021-08-16;1708;3527;411802;351092;75.2;64.1
71;2021-08-17;1738;3434;413540;354526;75.5;64.7
71;2021-08-18;1451;3166;414991;357692;75.8;65.3
71;2021-08-19;1274;3115;416265;360807;76.0;65.9
71;2021-08-20;1286;3699;417551;364506;76.2;66.5
71;2021-08-21;145;413;417696;364919;76.2;66.6
71;2021-08-22;40;99;417736;365018;76.3;66.6
71;2021-08-23;1419;4540;419155;369558;76.5;67.5
71;2021-08-24;1324;3798;420479;373356;76.8;68.2
71;2021-08-25;948;3773;421427;377129;76.9;68.8
71;2021-08-26;954;3393;422381;380522;77.1;69.5
71;2021-08-27;1147;4461;423528;384983;77.3;70.3
71;2021-08-28;195;413;423723;385396;77.3;70.4
71;2021-08-29;27;106;423750;385502;77.4;70.4
71;2021-08-30;1249;3939;424999;389441;77.6;71.1
71;2021-08-31;1015;3620;426014;393061;77.8;71.7
71;2021-09-01;930;3540;426944;396601;77.9;72.4
71;2021-09-02;599;3102;427543;399703;78.0;73.0
71;2021-09-03;834;4008;428377;403711;78.2;73.7
71;2021-09-04;258;584;428635;404295;78.2;73.8
71;2021-09-05;23;56;428658;404351;78.2;73.8
71;2021-09-06;634;2728;429292;407079;78.4;74.3
71;2021-09-07;515;2195;429807;409274;78.5;74.7
71;2021-09-08;707;2527;430514;411801;78.6;75.2
71;2021-09-09;453;1697;430967;413498;78.7;75.5
71;2021-09-10;803;2665;431770;416163;78.8;76.0
71;2021-09-11;200;317;431970;416480;78.9;76.0
71;2021-09-12;18;49;431988;416529;78.9;76.0
72;2020-12-27;0;0;0;0;0.0;0.0
72;2020-12-28;0;0;0;0;0.0;0.0
72;2020-12-29;0;0;0;0;0.0;0.0
72;2020-12-30;0;0;0;0;0.0;0.0
72;2020-12-31;0;0;0;0;0.0;0.0
72;2021-01-01;2;0;2;0;0.0;0.0
72;2021-01-02;0;0;2;0;0.0;0.0
72;2021-01-03;0;0;2;0;0.0;0.0
72;2021-01-04;0;0;2;0;0.0;0.0
72;2021-01-05;14;0;16;0;0.0;0.0
72;2021-01-06;27;0;43;0;0.0;0.0
72;2021-01-07;110;0;153;0;0.0;0.0
72;2021-01-08;232;0;385;0;0.1;0.0
72;2021-01-09;36;0;421;0;0.1;0.0
72;2021-01-10;0;0;421;0;0.1;0.0
72;2021-01-11;485;1;906;1;0.2;0.0
72;2021-01-12;615;1;1521;2;0.3;0.0
72;2021-01-13;500;1;2021;3;0.4;0.0
72;2021-01-14;644;3;2665;6;0.5;0.0
72;2021-01-15;478;1;3143;7;0.6;0.0
72;2021-01-16;94;0;3237;7;0.6;0.0
72;2021-01-17;0;0;3237;7;0.6;0.0
72;2021-01-18;294;0;3531;7;0.6;0.0
72;2021-01-19;777;4;4308;11;0.8;0.0
72;2021-01-20;1538;6;5846;17;1.0;0.0
72;2021-01-21;1776;5;7622;22;1.4;0.0
72;2021-01-22;1149;5;8771;27;1.6;0.0
72;2021-01-23;32;0;8803;27;1.6;0.0
72;2021-01-24;0;0;8803;27;1.6;0.0
72;2021-01-25;503;7;9306;34;1.7;0.0
72;2021-01-26;1164;21;10470;55;1.9;0.0
72;2021-01-27;884;20;11354;75;2.0;0.0
72;2021-01-28;777;67;12131;142;2.2;0.0
72;2021-01-29;712;59;12843;201;2.3;0.0
72;2021-01-30;58;0;12901;201;2.3;0.0
72;2021-01-31;1;0;12902;201;2.3;0.0
72;2021-02-01;499;197;13401;398;2.4;0.1
72;2021-02-02;507;289;13908;687;2.5;0.1
72;2021-02-03;487;216;14395;903;2.6;0.2
72;2021-02-04;477;333;14872;1236;2.7;0.2
72;2021-02-05;514;306;15386;1542;2.7;0.3
72;2021-02-06;83;8;15469;1550;2.8;0.3
72;2021-02-07;19;3;15488;1553;2.8;0.3
72;2021-02-08;310;352;15798;1905;2.8;0.3
72;2021-02-09;489;504;16287;2409;2.9;0.4
72;2021-02-10;567;849;16854;3258;3.0;0.6
72;2021-02-11;861;1313;17715;4571;3.2;0.8
72;2021-02-12;851;568;18566;5139;3.3;0.9
72;2021-02-13;109;35;18675;5174;3.3;0.9
72;2021-02-14;1;22;18676;5196;3.3;0.9
72;2021-02-15;220;407;18896;5603;3.4;1.0
72;2021-02-16;502;945;19398;6548;3.5;1.2
72;2021-02-17;463;626;19861;7174;3.5;1.3
72;2021-02-18;594;556;20455;7730;3.7;1.4
72;2021-02-19;521;512;20976;8242;3.7;1.5
72;2021-02-20;79;50;21055;8292;3.8;1.5
72;2021-02-21;0;0;21055;8292;3.8;1.5
72;2021-02-22;328;493;21383;8785;3.8;1.6
72;2021-02-23;569;396;21952;9181;3.9;1.6
72;2021-02-24;435;415;22387;9596;4.0;1.7
72;2021-02-25;922;482;23309;10078;4.2;1.8
72;2021-02-26;600;410;23909;10488;4.3;1.9
72;2021-02-27;322;35;24231;10523;4.3;1.9
72;2021-02-28;15;17;24246;10540;4.3;1.9
72;2021-03-01;378;395;24624;10935;4.4;2.0
72;2021-03-02;503;531;25127;11466;4.5;2.0
72;2021-03-03;733;563;25860;12029;4.6;2.1
72;2021-03-04;741;707;26601;12736;4.7;2.3
72;2021-03-05;935;712;27536;13448;4.9;2.4
72;2021-03-06;761;111;28297;13559;5.1;2.4
72;2021-03-07;448;26;28745;13585;5.1;2.4
72;2021-03-08;560;410;29305;13995;5.2;2.5
72;2021-03-09;1045;602;30350;14597;5.4;2.6
72;2021-03-10;1136;635;31486;15232;5.6;2.7
72;2021-03-11;1611;464;33097;15696;5.9;2.8
72;2021-03-12;1364;508;34461;16204;6.2;2.9
72;2021-03-13;983;116;35444;16320;6.3;2.9
72;2021-03-14;14;10;35458;16330;6.3;2.9
72;2021-03-15;1159;218;36617;16548;6.5;3.0
72;2021-03-16;1052;181;37669;16729;6.7;3.0
72;2021-03-17;1035;257;38704;16986;6.9;3.0
72;2021-03-18;1088;362;39792;17348;7.1;3.1
72;2021-03-19;1275;286;41067;17634;7.3;3.1
72;2021-03-20;489;89;41556;17723;7.4;3.2
72;2021-03-21;19;0;41575;17723;7.4;3.2
72;2021-03-22;1347;340;42922;18063;7.7;3.2
72;2021-03-23;1724;472;44646;18535;8.0;3.3
72;2021-03-24;1840;298;46486;18833;8.3;3.4
72;2021-03-25;2447;460;48933;19293;8.7;3.4
72;2021-03-26;2336;367;51269;19660;9.2;3.5
72;2021-03-27;614;31;51883;19691;9.3;3.5
72;2021-03-28;22;0;51905;19691;9.3;3.5
72;2021-03-29;1616;382;53521;20073;9.6;3.6
72;2021-03-30;2496;384;56017;20457;10.0;3.7
72;2021-03-31;2145;364;58162;20821;10.4;3.7
72;2021-04-01;2851;350;61013;21171;10.9;3.8
72;2021-04-02;2249;400;63262;21571;11.3;3.9
72;2021-04-03;292;39;63554;21610;11.3;3.9
72;2021-04-04;16;3;63570;21613;11.3;3.9
72;2021-04-05;51;49;63621;21662;11.4;3.9
72;2021-04-06;1759;469;65380;22131;11.7;4.0
72;2021-04-07;2575;598;67955;22729;12.1;4.1
72;2021-04-08;2724;781;70679;23510;12.6;4.2
72;2021-04-09;3864;582;74543;24092;13.3;4.3
72;2021-04-10;1112;52;75655;24144;13.5;4.3
72;2021-04-11;8;1;75663;24145;13.5;4.3
72;2021-04-12;1850;902;77513;25047;13.8;4.5
72;2021-04-13;2373;1072;79886;26119;14.3;4.7
72;2021-04-14;2250;1096;82136;27215;14.7;4.9
72;2021-04-15;2422;1119;84558;28334;15.1;5.1
72;2021-04-16;2563;957;87121;29291;15.6;5.2
72;2021-04-17;707;144;87828;29435;15.7;5.3
72;2021-04-18;57;2;87885;29437;15.7;5.3
72;2021-04-19;1396;1089;89281;30526;15.9;5.4
72;2021-04-20;2997;1304;92278;31830;16.5;5.7
72;2021-04-21;2517;1562;94795;33392;16.9;6.0
72;2021-04-22;2814;1794;97609;35186;17.4;6.3
72;2021-04-23;3215;1456;100824;36642;18.0;6.5
72;2021-04-24;1400;268;102224;36910;18.2;6.6
72;2021-04-25;881;18;103105;36928;18.4;6.6
72;2021-04-26;3514;1474;106619;38402;19.0;6.9
72;2021-04-27;4093;1855;110712;40257;19.8;7.2
72;2021-04-28;3834;1869;114546;42126;20.4;7.5
72;2021-04-29;4160;1783;118706;43909;21.2;7.8
72;2021-04-30;3615;1708;122321;45617;21.8;8.1
72;2021-05-01;1642;225;123963;45842;22.1;8.2
72;2021-05-02;1533;161;125496;46003;22.4;8.2
72;2021-05-03;3456;1154;128952;47157;23.0;8.4
72;2021-05-04;4012;1797;132964;48954;23.7;8.7
72;2021-05-05;3868;2174;136832;51128;24.4;9.1
72;2021-05-06;3597;1936;140429;53064;25.1;9.5
72;2021-05-07;3543;2139;143972;55203;25.7;9.9
72;2021-05-08;1899;152;145871;55355;26.0;9.9
72;2021-05-09;2082;214;147953;55569;26.4;9.9
72;2021-05-10;3770;1525;151723;57094;27.1;10.2
72;2021-05-11;4597;1992;156320;59086;27.9;10.5
72;2021-05-12;4081;1818;160401;60904;28.6;10.9
72;2021-05-13;3032;272;163433;61176;29.2;10.9
72;2021-05-14;3663;1394;167096;62570;29.8;11.2
72;2021-05-15;3121;366;170217;62936;30.4;11.2
72;2021-05-16;2502;153;172719;63089;30.8;11.3
72;2021-05-17;3725;1283;176444;64372;31.5;11.5
72;2021-05-18;4331;1687;180775;66059;32.3;11.8
72;2021-05-19;3976;1509;184751;67568;33.0;12.1
72;2021-05-20;4262;1453;189013;69021;33.7;12.3
72;2021-05-21;3789;1389;192802;70410;34.4;12.6
72;2021-05-22;2561;506;195363;70916;34.9;12.7
72;2021-05-23;1391;164;196754;71080;35.1;12.7
72;2021-05-24;2353;296;199107;71376;35.5;12.7
72;2021-05-25;4075;1412;203182;72788;36.3;13.0
72;2021-05-26;4097;1415;207279;74203;37.0;13.2
72;2021-05-27;4346;2048;211625;76251;37.8;13.6
72;2021-05-28;4106;2003;215731;78254;38.5;14.0
72;2021-05-29;2668;804;218399;79058;39.0;14.1
72;2021-05-30;1142;870;219541;79928;39.2;14.3
72;2021-05-31;3121;2328;222662;82256;39.7;14.7
72;2021-06-01;3569;2670;226231;84926;40.4;15.2
72;2021-06-02;3613;2782;229844;87708;41.0;15.7
72;2021-06-03;4242;2996;234086;90704;41.8;16.2
72;2021-06-04;3891;2751;237977;93455;42.5;16.7
72;2021-06-05;1440;2568;239417;96023;42.7;17.1
72;2021-06-06;908;1542;240325;97565;42.9;17.4
72;2021-06-07;1746;3424;242071;100989;43.2;18.0
72;2021-06-08;2931;3832;245002;104821;43.7;18.7
72;2021-06-09;2648;3370;247650;108191;44.2;19.3
72;2021-06-10;2825;3316;250475;111507;44.7;19.9
72;2021-06-11;2840;3774;253315;115281;45.2;20.6
72;2021-06-12;1242;2597;254557;117878;45.4;21.0
72;2021-06-13;388;1860;254945;119738;45.5;21.4
72;2021-06-14;1336;4128;256281;123866;45.7;22.1
72;2021-06-15;2755;3513;259036;127379;46.2;22.7
72;2021-06-16;2428;3580;261464;130959;46.7;23.4
72;2021-06-17;2320;3869;263784;134828;47.1;24.1
72;2021-06-18;2309;4312;266093;139140;47.5;24.8
72;2021-06-19;1128;2764;267221;141904;47.7;25.3
72;2021-06-20;339;2057;267560;143961;47.8;25.7
72;2021-06-21;1563;4028;269123;147989;48.0;26.4
72;2021-06-22;1712;4992;270835;152981;48.3;27.3
72;2021-06-23;2008;4221;272843;157202;48.7;28.1
72;2021-06-24;2233;4012;275076;161214;49.1;28.8
72;2021-06-25;1774;4839;276850;166053;49.4;29.6
72;2021-06-26;1190;2877;278040;168930;49.6;30.2
72;2021-06-27;392;2112;278432;171042;49.7;30.5
72;2021-06-28;1440;4293;279872;175335;50.0;31.3
72;2021-06-29;1770;4741;281642;180076;50.3;32.1
72;2021-06-30;1980;4169;283622;184245;50.6;32.9
72;2021-07-01;1953;4417;285575;188662;51.0;33.7
72;2021-07-02;1853;4715;287428;193377;51.3;34.5
72;2021-07-03;1294;3122;288722;196499;51.5;35.1
72;2021-07-04;584;1949;289306;198448;51.6;35.4
72;2021-07-05;1194;4165;290500;202613;51.9;36.2
72;2021-07-06;1462;5156;291962;207769;52.1;37.1
72;2021-07-07;1582;4610;293544;212379;52.4;37.9
72;2021-07-08;1648;4324;295192;216703;52.7;38.7
72;2021-07-09;2107;4604;297299;221307;53.1;39.5
72;2021-07-10;1595;2690;298894;223997;53.4;40.0
72;2021-07-11;948;1587;299842;225584;53.5;40.3
72;2021-07-12;1592;3753;301434;229337;53.8;40.9
72;2021-07-13;2090;4774;303524;234111;54.2;41.8
72;2021-07-14;1327;2365;304851;236476;54.4;42.2
72;2021-07-15;3488;3421;308339;239897;55.0;42.8
72;2021-07-16;3175;4124;311514;244021;55.6;43.6
72;2021-07-17;2646;1758;314160;245779;56.1;43.9
72;2021-07-18;1710;823;315870;246602;56.4;44.0
72;2021-07-19;2919;3507;318789;250109;56.9;44.6
72;2021-07-20;3038;4281;321827;254390;57.4;45.4
72;2021-07-21;2883;3587;324710;257977;58.0;46.0
72;2021-07-22;3773;2910;328483;260887;58.6;46.6
72;2021-07-23;3478;3789;331961;264676;59.3;47.2
72;2021-07-24;2820;1461;334781;266137;59.8;47.5
72;2021-07-25;1456;1080;336237;267217;60.0;47.7
72;2021-07-26;2724;2918;338961;270135;60.5;48.2
72;2021-07-27;3859;3817;342820;273952;61.2;48.9
72;2021-07-28;3571;3121;346391;277073;61.8;49.5
72;2021-07-29;3572;2711;349963;279784;62.5;49.9
72;2021-07-30;3788;3381;353751;283165;63.1;50.5
72;2021-07-31;2550;1748;356301;284913;63.6;50.9
72;2021-08-01;1836;432;358137;285345;63.9;50.9
72;2021-08-02;3214;2285;361351;287630;64.5;51.3
72;2021-08-03;3237;3298;364588;290928;65.1;51.9
72;2021-08-04;3769;2549;368357;293477;65.8;52.4
72;2021-08-05;3769;2459;372126;295936;66.4;52.8
72;2021-08-06;3339;2693;375465;298629;67.0;53.3
72;2021-08-07;2348;1611;377813;300240;67.4;53.6
72;2021-08-08;1626;698;379439;300938;67.7;53.7
72;2021-08-09;2699;2665;382138;303603;68.2;54.2
72;2021-08-10;2917;2748;385055;306351;68.7;54.7
72;2021-08-11;2368;2203;387423;308554;69.2;55.1
72;2021-08-12;2378;2597;389801;311151;69.6;55.5
72;2021-08-13;2157;2295;391958;313446;70.0;55.9
72;2021-08-14;1167;1546;393125;314992;70.2;56.2
72;2021-08-15;623;614;393748;315606;70.3;56.3
72;2021-08-16;1653;2374;395401;317980;70.6;56.8
72;2021-08-17;1716;2888;397117;320868;70.9;57.3
72;2021-08-18;1710;2875;398827;323743;71.2;57.8
72;2021-08-19;1246;2918;400073;326661;71.4;58.3
72;2021-08-20;1651;3169;401724;329830;71.7;58.9
72;2021-08-21;698;2031;402422;331861;71.8;59.2
72;2021-08-22;259;1150;402681;333011;71.9;59.4
72;2021-08-23;1733;3422;404414;336433;72.2;60.1
72;2021-08-24;1524;4127;405938;340560;72.5;60.8
72;2021-08-25;1593;3449;407531;344009;72.7;61.4
72;2021-08-26;1265;4443;408796;348452;73.0;62.2
72;2021-08-27;1185;4109;409981;352561;73.2;62.9
72;2021-08-28;878;2655;410859;355216;73.3;63.4
72;2021-08-29;356;1682;411215;356898;73.4;63.7
72;2021-08-30;1131;3465;412346;360363;73.6;64.3
72;2021-08-31;1217;4011;413563;364374;73.8;65.0
72;2021-09-01;1066;3308;414629;367682;74.0;65.6
72;2021-09-02;900;3458;415529;371140;74.2;66.2
72;2021-09-03;927;3300;416456;374440;74.3;66.8
72;2021-09-04;701;2658;417157;377098;74.5;67.3
72;2021-09-05;256;1553;417413;378651;74.5;67.6
72;2021-09-06;585;2811;417998;381462;74.6;68.1
72;2021-09-07;499;2950;418497;384412;74.7;68.6
72;2021-09-08;617;3169;419114;387581;74.8;69.2
72;2021-09-09;393;2093;419507;389674;74.9;69.6
72;2021-09-10;624;2671;420131;392345;75.0;70.0
72;2021-09-11;402;2714;420533;395059;75.1;70.5
72;2021-09-12;168;954;420701;396013;75.1;70.7
73;2020-12-27;1;0;1;0;0.0;0.0
73;2020-12-28;1;0;2;0;0.0;0.0
73;2020-12-29;0;0;2;0;0.0;0.0
73;2020-12-30;0;0;2;0;0.0;0.0
73;2020-12-31;0;0;2;0;0.0;0.0
73;2021-01-01;0;0;2;0;0.0;0.0
73;2021-01-02;0;0;2;0;0.0;0.0
73;2021-01-03;0;0;2;0;0.0;0.0
73;2021-01-04;1;0;3;0;0.0;0.0
73;2021-01-05;0;0;3;0;0.0;0.0
73;2021-01-06;1;0;4;0;0.0;0.0
73;2021-01-07;30;0;34;0;0.0;0.0
73;2021-01-08;81;0;115;0;0.0;0.0
73;2021-01-09;0;0;115;0;0.0;0.0
73;2021-01-10;0;0;115;0;0.0;0.0
73;2021-01-11;101;0;216;0;0.0;0.0
73;2021-01-12;303;1;519;1;0.1;0.0
73;2021-01-13;360;1;879;2;0.2;0.0
73;2021-01-14;515;2;1394;4;0.3;0.0
73;2021-01-15;617;1;2011;5;0.5;0.0
73;2021-01-16;128;0;2139;5;0.5;0.0
73;2021-01-17;0;0;2139;5;0.5;0.0
73;2021-01-18;624;0;2763;5;0.6;0.0
73;2021-01-19;1241;2;4004;7;0.9;0.0
73;2021-01-20;951;2;4955;9;1.1;0.0
73;2021-01-21;984;4;5939;13;1.4;0.0
73;2021-01-22;947;0;6886;13;1.6;0.0
73;2021-01-23;387;0;7273;13;1.7;0.0
73;2021-01-24;0;0;7273;13;1.7;0.0
73;2021-01-25;656;4;7929;17;1.8;0.0
73;2021-01-26;761;2;8690;19;2.0;0.0
73;2021-01-27;1106;5;9796;24;2.3;0.0
73;2021-01-28;961;5;10757;29;2.5;0.0
73;2021-01-29;683;5;11440;34;2.6;0.0
73;2021-01-30;345;2;11785;36;2.7;0.0
73;2021-01-31;0;0;11785;36;2.7;0.0
73;2021-02-01;607;37;12392;73;2.9;0.0
73;2021-02-02;753;330;13145;403;3.0;0.1
73;2021-02-03;650;344;13795;747;3.2;0.2
73;2021-02-04;626;228;14421;975;3.3;0.2
73;2021-02-05;680;400;15101;1375;3.5;0.3
73;2021-02-06;262;38;15363;1413;3.6;0.3
73;2021-02-07;1;0;15364;1413;3.6;0.3
73;2021-02-08;523;239;15887;1652;3.7;0.4
73;2021-02-09;793;417;16680;2069;3.9;0.5
73;2021-02-10;900;375;17580;2444;4.1;0.6
73;2021-02-11;962;680;18542;3124;4.3;0.7
73;2021-02-12;810;472;19352;3596;4.5;0.8
73;2021-02-13;263;50;19615;3646;4.5;0.8
73;2021-02-14;1;0;19616;3646;4.5;0.8
73;2021-02-15;347;409;19963;4055;4.6;0.9
73;2021-02-16;454;644;20417;4699;4.7;1.1
73;2021-02-17;451;861;20868;5560;4.8;1.3
73;2021-02-18;468;443;21336;6003;4.9;1.4
73;2021-02-19;445;548;21781;6551;5.0;1.5
73;2021-02-20;69;201;21850;6752;5.1;1.6
73;2021-02-21;0;0;21850;6752;5.1;1.6
73;2021-02-22;240;375;22090;7127;5.1;1.6
73;2021-02-23;327;457;22417;7584;5.2;1.8
73;2021-02-24;487;633;22904;8217;5.3;1.9
73;2021-02-25;503;435;23407;8652;5.4;2.0
73;2021-02-26;730;509;24137;9161;5.6;2.1
73;2021-02-27;330;213;24467;9374;5.7;2.2
73;2021-02-28;1;1;24468;9375;5.7;2.2
73;2021-03-01;557;452;25025;9827;5.8;2.3
73;2021-03-02;667;809;25692;10636;5.9;2.5
73;2021-03-03;642;1072;26334;11708;6.1;2.7
73;2021-03-04;1039;828;27373;12536;6.3;2.9
73;2021-03-05;1240;556;28613;13092;6.6;3.0
73;2021-03-06;1091;304;29704;13396;6.9;3.1
73;2021-03-07;455;88;30159;13484;7.0;3.1
73;2021-03-08;607;407;30766;13891;7.1;3.2
73;2021-03-09;983;486;31749;14377;7.3;3.3
73;2021-03-10;1035;790;32784;15167;7.6;3.5
73;2021-03-11;1557;625;34341;15792;7.9;3.7
73;2021-03-12;2018;527;36359;16319;8.4;3.8
73;2021-03-13;1179;202;37538;16521;8.7;3.8
73;2021-03-14;66;3;37604;16524;8.7;3.8
73;2021-03-15;1185;380;38789;16904;9.0;3.9
73;2021-03-16;796;395;39585;17299;9.2;4.0
73;2021-03-17;877;470;40462;17769;9.4;4.1
73;2021-03-18;1351;257;41813;18026;9.7;4.2
73;2021-03-19;1765;389;43578;18415;10.1;4.3
73;2021-03-20;888;127;44466;18542;10.3;4.3
73;2021-03-21;123;2;44589;18544;10.3;4.3
73;2021-03-22;1183;397;45772;18941;10.6;4.4
73;2021-03-23;1448;237;47220;19178;10.9;4.4
73;2021-03-24;1593;343;48813;19521;11.3;4.5
73;2021-03-25;2063;385;50876;19906;11.8;4.6
73;2021-03-26;2472;365;53348;20271;12.3;4.7
73;2021-03-27;885;147;54233;20418;12.5;4.7
73;2021-03-28;312;14;54545;20432;12.6;4.7
73;2021-03-29;1509;238;56054;20670;13.0;4.8
73;2021-03-30;2088;488;58142;21158;13.4;4.9
73;2021-03-31;2089;400;60231;21558;13.9;5.0
73;2021-04-01;2087;334;62318;21892;14.4;5.1
73;2021-04-02;2363;228;64681;22120;15.0;5.1
73;2021-04-03;848;147;65529;22267;15.1;5.1
73;2021-04-04;188;17;65717;22284;15.2;5.2
73;2021-04-05;212;26;65929;22310;15.2;5.2
73;2021-04-06;1507;509;67436;22819;15.6;5.3
73;2021-04-07;1946;650;69382;23469;16.0;5.4
73;2021-04-08;2491;821;71873;24290;16.6;5.6
73;2021-04-09;3062;522;74935;24812;17.3;5.7
73;2021-04-10;1135;320;76070;25132;17.6;5.8
73;2021-04-11;163;10;76233;25142;17.6;5.8
73;2021-04-12;1695;980;77928;26122;18.0;6.0
73;2021-04-13;1892;1128;79820;27250;18.5;6.3
73;2021-04-14;2018;1094;81838;28344;18.9;6.6
73;2021-04-15;2416;1188;84254;29532;19.5;6.8
73;2021-04-16;1894;932;86148;30464;19.9;7.0
73;2021-04-17;1176;560;87324;31024;20.2;7.2
73;2021-04-18;155;76;87479;31100;20.2;7.2
73;2021-04-19;1383;1061;88862;32161;20.5;7.4
73;2021-04-20;1790;1322;90652;33483;21.0;7.7
73;2021-04-21;1576;1301;92228;34784;21.3;8.0
73;2021-04-22;1813;1226;94041;36010;21.7;8.3
73;2021-04-23;1896;1253;95937;37263;22.2;8.6
73;2021-04-24;980;672;96917;37935;22.4;8.8
73;2021-04-25;79;96;96996;38031;22.4;8.8
73;2021-04-26;1164;1319;98160;39350;22.7;9.1
73;2021-04-27;1441;1471;99601;40821;23.0;9.4
73;2021-04-28;1732;1459;101333;42280;23.4;9.8
73;2021-04-29;2413;1564;103746;43844;24.0;10.1
73;2021-04-30;2397;1434;106143;45278;24.5;10.5
73;2021-05-01;1068;308;107211;45586;24.8;10.5
73;2021-05-02;34;165;107245;45751;24.8;10.6
73;2021-05-03;1392;1594;108637;47345;25.1;10.9
73;2021-05-04;1712;1827;110349;49172;25.5;11.4
73;2021-05-05;1976;1684;112325;50856;26.0;11.8
73;2021-05-06;2431;1696;114756;52552;26.5;12.1
73;2021-05-07;2261;1840;117017;54392;27.1;12.6
73;2021-05-08;1837;377;118854;54769;27.5;12.7
73;2021-05-09;127;125;118981;54894;27.5;12.7
73;2021-05-10;1608;1891;120589;56785;27.9;13.1
73;2021-05-11;2379;2368;122968;59153;28.4;13.7
73;2021-05-12;3556;2095;126524;61248;29.3;14.2
73;2021-05-13;1554;277;128078;61525;29.6;14.2
73;2021-05-14;1588;1492;129666;63017;30.0;14.6
73;2021-05-15;1448;943;131114;63960;30.3;14.8
73;2021-05-16;131;62;131245;64022;30.3;14.8
73;2021-05-17;1712;1952;132957;65974;30.7;15.3
73;2021-05-18;2495;1735;135452;67709;31.3;15.7
73;2021-05-19;2539;1623;137991;69332;31.9;16.0
73;2021-05-20;3161;1501;141152;70833;32.6;16.4
73;2021-05-21;2473;1849;143625;72682;33.2;16.8
73;2021-05-22;1989;923;145614;73605;33.7;17.0
73;2021-05-23;212;15;145826;73620;33.7;17.0
73;2021-05-24;2565;324;148391;73944;34.3;17.1
73;2021-05-25;2139;1742;150530;75686;34.8;17.5
73;2021-05-26;2343;2000;152873;77686;35.3;18.0
73;2021-05-27;3082;1713;155955;79399;36.1;18.4
73;2021-05-28;2918;2371;158873;81770;36.7;18.9
73;2021-05-29;2316;1320;161189;83090;37.3;19.2
73;2021-05-30;187;14;161376;83104;37.3;19.2
73;2021-05-31;2410;1630;163786;84734;37.9;19.6
73;2021-06-01;3178;1790;166964;86524;38.6;20.0
73;2021-06-02;3107;1453;170071;87977;39.3;20.3
73;2021-06-03;4424;1741;174495;89718;40.3;20.7
73;2021-06-04;4277;2183;178772;91901;41.3;21.2
73;2021-06-05;3161;1280;181933;93181;42.1;21.5
73;2021-06-06;1881;298;183814;93479;42.5;21.6
73;2021-06-07;2760;2147;186574;95626;43.1;22.1
73;2021-06-08;2685;1873;189259;97499;43.8;22.5
73;2021-06-09;2366;1790;191625;99289;44.3;23.0
73;2021-06-10;2006;1643;193631;100932;44.8;23.3
73;2021-06-11;2191;2441;195822;103373;45.3;23.9
73;2021-06-12;2246;1331;198068;104704;45.8;24.2
73;2021-06-13;44;82;198112;104786;45.8;24.2
73;2021-06-14;1347;2926;199459;107712;46.1;24.9
73;2021-06-15;1592;2755;201051;110467;46.5;25.5
73;2021-06-16;1467;2565;202518;113032;46.8;26.1
73;2021-06-17;946;1728;203464;114760;47.0;26.5
73;2021-06-18;1884;2930;205348;117690;47.5;27.2
73;2021-06-19;1423;1986;206771;119676;47.8;27.7
73;2021-06-20;448;306;207219;119982;47.9;27.7
73;2021-06-21;1110;2938;208329;122920;48.2;28.4
73;2021-06-22;1093;2871;209422;125791;48.4;29.1
73;2021-06-23;1085;3136;210507;128927;48.7;29.8
73;2021-06-24;883;1794;211390;130721;48.9;30.2
73;2021-06-25;1324;2796;212714;133517;49.2;30.9
73;2021-06-26;968;2397;213682;135914;49.4;31.4
73;2021-06-27;329;549;214011;136463;49.5;31.5
73;2021-06-28;971;3556;214982;140019;49.7;32.4
73;2021-06-29;1075;3341;216057;143360;49.9;33.1
73;2021-06-30;1241;3116;217298;146476;50.2;33.9
73;2021-07-01;1175;2363;218473;148839;50.5;34.4
73;2021-07-02;1206;3618;219679;152457;50.8;35.2
73;2021-07-03;961;2794;220640;155251;51.0;35.9
73;2021-07-04;301;619;220941;155870;51.1;36.0
73;2021-07-05;1156;3683;222097;159553;51.3;36.9
73;2021-07-06;1251;2950;223348;162503;51.6;37.6
73;2021-07-07;1444;2949;224792;165452;52.0;38.3
73;2021-07-08;1373;2299;226165;167751;52.3;38.8
73;2021-07-09;1430;4025;227595;171776;52.6;39.7
73;2021-07-10;891;3011;228486;174787;52.8;40.4
73;2021-07-11;561;1470;229047;176257;53.0;40.7
73;2021-07-12;1060;4196;230107;180453;53.2;41.7
73;2021-07-13;1729;4227;231836;184680;53.6;42.7
73;2021-07-14;1844;1919;233680;186599;54.0;43.1
73;2021-07-15;2747;3795;236427;190394;54.7;44.0
73;2021-07-16;2416;4016;238843;194410;55.2;44.9
73;2021-07-17;1515;2606;240358;197016;55.6;45.5
73;2021-07-18;1176;1217;241534;198233;55.8;45.8
73;2021-07-19;2451;3250;243985;201483;56.4;46.6
73;2021-07-20;3367;2854;247352;204337;57.2;47.2
73;2021-07-21;3382;2790;250734;207127;58.0;47.9
73;2021-07-22;2733;2214;253467;209341;58.6;48.4
73;2021-07-23;3417;2902;256884;212243;59.4;49.1
73;2021-07-24;2059;2280;258943;214523;59.9;49.6
73;2021-07-25;625;797;259568;215320;60.0;49.8
73;2021-07-26;2634;2494;262202;217814;60.6;50.4
73;2021-07-27;3815;2274;266017;220088;61.5;50.9
73;2021-07-28;3536;2095;269553;222183;62.3;51.4
73;2021-07-29;3981;2153;273534;224336;63.2;51.9
73;2021-07-30;3565;2474;277099;226810;64.1;52.4
73;2021-07-31;2477;1590;279576;228400;64.6;52.8
73;2021-08-01;833;620;280409;229020;64.8;52.9
73;2021-08-02;3089;2102;283498;231122;65.5;53.4
73;2021-08-03;3492;1999;286990;233121;66.3;53.9
73;2021-08-04;3299;2024;290289;235145;67.1;54.4
73;2021-08-05;2876;2230;293165;237375;67.8;54.9
73;2021-08-06;2510;2380;295675;239755;68.4;55.4
73;2021-08-07;1418;1482;297093;241237;68.7;55.8
73;2021-08-08;434;619;297527;241856;68.8;55.9
73;2021-08-09;1785;2391;299312;244247;69.2;56.5
73;2021-08-10;1896;2489;301208;246736;69.6;57.0
73;2021-08-11;1847;2534;303055;249270;70.1;57.6
73;2021-08-12;1679;2501;304734;251771;70.5;58.2
73;2021-08-13;1458;2840;306192;254611;70.8;58.9
73;2021-08-14;990;1534;307182;256145;71.0;59.2
73;2021-08-15;92;160;307274;256305;71.0;59.3
73;2021-08-16;950;1395;308224;257700;71.3;59.6
73;2021-08-17;961;1960;309185;259660;71.5;60.0
73;2021-08-18;1033;2841;310218;262501;71.7;60.7
73;2021-08-19;1040;3054;311258;265555;72.0;61.4
73;2021-08-20;849;3144;312107;268699;72.2;62.1
73;2021-08-21;459;1837;312566;270536;72.3;62.5
73;2021-08-22;268;936;312834;271472;72.3;62.8
73;2021-08-23;651;2967;313485;274439;72.5;63.4
73;2021-08-24;892;3159;314377;277598;72.7;64.2
73;2021-08-25;709;2906;315086;280504;72.8;64.8
73;2021-08-26;684;2424;315770;282928;73.0;65.4
73;2021-08-27;787;2749;316557;285677;73.2;66.0
73;2021-08-28;456;1748;317013;287425;73.3;66.4
73;2021-08-29;302;1015;317315;288440;73.4;66.7
73;2021-08-30;816;2587;318131;291027;73.5;67.3
73;2021-08-31;808;2387;318939;293414;73.7;67.8
73;2021-09-01;741;2249;319680;295663;73.9;68.4
73;2021-09-02;617;2015;320297;297678;74.0;68.8
73;2021-09-03;691;2206;320988;299884;74.2;69.3
73;2021-09-04;527;1462;321515;301346;74.3;69.7
73;2021-09-05;226;752;321741;302098;74.4;69.8
73;2021-09-06;345;1287;322086;303385;74.5;70.1
73;2021-09-07;411;1090;322497;304475;74.6;70.4
73;2021-09-08;484;1180;322981;305655;74.7;70.7
73;2021-09-09;462;1284;323443;306939;74.8;71.0
73;2021-09-10;572;1524;324015;308463;74.9;71.3
73;2021-09-11;346;1090;324361;309553;75.0;71.6
73;2021-09-12;96;163;324457;309716;75.0;71.6
74;2020-12-27;9;0;9;0;0.0;0.0
74;2020-12-28;3;0;12;0;0.0;0.0
74;2020-12-29;0;0;12;0;0.0;0.0
74;2020-12-30;2;0;14;0;0.0;0.0
74;2020-12-31;0;0;14;0;0.0;0.0
74;2021-01-01;0;0;14;0;0.0;0.0
74;2021-01-02;1;1;15;1;0.0;0.0
74;2021-01-03;0;0;15;1;0.0;0.0
74;2021-01-04;3;0;18;1;0.0;0.0
74;2021-01-05;2;0;20;1;0.0;0.0
74;2021-01-06;44;0;64;1;0.0;0.0
74;2021-01-07;219;1;283;2;0.0;0.0
74;2021-01-08;292;2;575;4;0.1;0.0
74;2021-01-09;78;0;653;4;0.1;0.0
74;2021-01-10;74;0;727;4;0.1;0.0
74;2021-01-11;375;0;1102;4;0.1;0.0
74;2021-01-12;406;3;1508;7;0.2;0.0
74;2021-01-13;396;0;1904;7;0.2;0.0
74;2021-01-14;479;1;2383;8;0.3;0.0
74;2021-01-15;645;4;3028;12;0.4;0.0
74;2021-01-16;252;1;3280;13;0.4;0.0
74;2021-01-17;133;1;3413;14;0.4;0.0
74;2021-01-18;524;0;3937;14;0.5;0.0
74;2021-01-19;808;2;4745;16;0.6;0.0
74;2021-01-20;1277;4;6022;20;0.7;0.0
74;2021-01-21;1568;2;7590;22;0.9;0.0
74;2021-01-22;1243;6;8833;28;1.1;0.0
74;2021-01-23;344;1;9177;29;1.1;0.0
74;2021-01-24;91;0;9268;29;1.1;0.0
74;2021-01-25;801;2;10069;31;1.2;0.0
74;2021-01-26;1365;14;11434;45;1.4;0.0
74;2021-01-27;1082;11;12516;56;1.5;0.0
74;2021-01-28;998;28;13514;84;1.6;0.0
74;2021-01-29;880;36;14394;120;1.7;0.0
74;2021-01-30;305;1;14699;121;1.8;0.0
74;2021-01-31;86;1;14785;122;1.8;0.0
74;2021-02-01;631;44;15416;166;1.9;0.0
74;2021-02-02;645;150;16061;316;1.9;0.0
74;2021-02-03;604;114;16665;430;2.0;0.1
74;2021-02-04;613;124;17278;554;2.1;0.1
74;2021-02-05;549;192;17827;746;2.2;0.1
74;2021-02-06;273;114;18100;860;2.2;0.1
74;2021-02-07;94;106;18194;966;2.2;0.1
74;2021-02-08;618;314;18812;1280;2.3;0.2
74;2021-02-09;537;440;19349;1720;2.3;0.2
74;2021-02-10;688;477;20037;2197;2.4;0.3
74;2021-02-11;1070;955;21107;3152;2.5;0.4
74;2021-02-12;911;576;22018;3728;2.7;0.5
74;2021-02-13;406;215;22424;3943;2.7;0.5
74;2021-02-14;317;99;22741;4042;2.7;0.5
74;2021-02-15;278;678;23019;4720;2.8;0.6
74;2021-02-16;488;901;23507;5621;2.8;0.7
74;2021-02-17;531;938;24038;6559;2.9;0.8
74;2021-02-18;470;875;24508;7434;3.0;0.9
74;2021-02-19;617;589;25125;8023;3.0;1.0
74;2021-02-20;114;150;25239;8173;3.0;1.0
74;2021-02-21;47;50;25286;8223;3.1;1.0
74;2021-02-22;319;631;25605;8854;3.1;1.1
74;2021-02-23;305;709;25910;9563;3.1;1.2
74;2021-02-24;241;576;26151;10139;3.2;1.2
74;2021-02-25;523;635;26674;10774;3.2;1.3
74;2021-02-26;973;596;27647;11370;3.3;1.4
74;2021-02-27;254;148;27901;11518;3.4;1.4
74;2021-02-28;125;65;28026;11583;3.4;1.4
74;2021-03-01;721;568;28747;12151;3.5;1.5
74;2021-03-02;1092;605;29839;12756;3.6;1.5
74;2021-03-03;1019;568;30858;13324;3.7;1.6
74;2021-03-04;1611;948;32469;14272;3.9;1.7
74;2021-03-05;2089;833;34558;15105;4.2;1.8
74;2021-03-06;1760;303;36318;15408;4.4;1.9
74;2021-03-07;1387;103;37705;15511;4.6;1.9
74;2021-03-08;1197;891;38902;16402;4.7;2.0
74;2021-03-09;1953;635;40855;17037;4.9;2.1
74;2021-03-10;1748;836;42603;17873;5.1;2.2
74;2021-03-11;2446;707;45049;18580;5.4;2.2
74;2021-03-12;3244;1005;48293;19585;5.8;2.4
74;2021-03-13;2000;274;50293;19859;6.1;2.4
74;2021-03-14;609;101;50902;19960;6.1;2.4
74;2021-03-15;2129;550;53031;20510;6.4;2.5
74;2021-03-16;1959;406;54990;20916;6.6;2.5
74;2021-03-17;1974;315;56964;21231;6.9;2.6
74;2021-03-18;2136;283;59100;21514;7.1;2.6
74;2021-03-19;2634;295;61734;21809;7.5;2.6
74;2021-03-20;1374;103;63108;21912;7.6;2.6
74;2021-03-21;290;33;63398;21945;7.7;2.6
74;2021-03-22;2055;321;65453;22266;7.9;2.7
74;2021-03-23;2723;337;68176;22603;8.2;2.7
74;2021-03-24;2947;306;71123;22909;8.6;2.8
74;2021-03-25;3873;307;74996;23216;9.1;2.8
74;2021-03-26;4096;385;79092;23601;9.5;2.8
74;2021-03-27;1941;262;81033;23863;9.8;2.9
74;2021-03-28;437;78;81470;23941;9.8;2.9
74;2021-03-29;3034;707;84504;24648;10.2;3.0
74;2021-03-30;3543;765;88047;25413;10.6;3.1
74;2021-03-31;3144;740;91191;26153;11.0;3.2
74;2021-04-01;4236;899;95427;27052;11.5;3.3
74;2021-04-02;3707;791;99134;27843;12.0;3.4
74;2021-04-03;1699;541;100833;28384;12.2;3.4
74;2021-04-04;236;122;101069;28506;12.2;3.4
74;2021-04-05;433;16;101502;28522;12.3;3.4
74;2021-04-06;2625;1211;104127;29733;12.6;3.6
74;2021-04-07;3195;1253;107322;30986;13.0;3.7
74;2021-04-08;3866;1189;111188;32175;13.4;3.9
74;2021-04-09;4109;1179;115297;33354;13.9;4.0
74;2021-04-10;1945;1034;117242;34388;14.2;4.2
74;2021-04-11;254;184;117496;34572;14.2;4.2
74;2021-04-12;2723;1778;120219;36350;14.5;4.4
74;2021-04-13;3126;2107;123345;38457;14.9;4.6
74;2021-04-14;2903;1976;126248;40433;15.2;4.9
74;2021-04-15;3458;1914;129706;42347;15.7;5.1
74;2021-04-16;3386;1789;133092;44136;16.1;5.3
74;2021-04-17;1935;1035;135027;45171;16.3;5.5
74;2021-04-18;218;211;135245;45382;16.3;5.5
74;2021-04-19;2100;2098;137345;47480;16.6;5.7
74;2021-04-20;3072;2423;140417;49903;17.0;6.0
74;2021-04-21;2463;2376;142880;52279;17.2;6.3
74;2021-04-22;2630;2336;145510;54615;17.6;6.6
74;2021-04-23;2570;2251;148080;56866;17.9;6.9
74;2021-04-24;1484;1543;149564;58409;18.1;7.1
74;2021-04-25;227;149;149791;58558;18.1;7.1
74;2021-04-26;2397;2462;152188;61020;18.4;7.4
74;2021-04-27;3273;2911;155461;63931;18.8;7.7
74;2021-04-28;3464;2636;158925;66567;19.2;8.0
74;2021-04-29;3910;2697;162835;69264;19.7;8.4
74;2021-04-30;4076;2226;166911;71490;20.1;8.6
74;2021-05-01;2122;395;169033;71885;20.4;8.7
74;2021-05-02;205;236;169238;72121;20.4;8.7
74;2021-05-03;2597;3023;171835;75144;20.7;9.1
74;2021-05-04;3218;3116;175053;78260;21.1;9.4
74;2021-05-05;3392;3018;178445;81278;21.5;9.8
74;2021-05-06;3858;2633;182303;83911;22.0;10.1
74;2021-05-07;3595;3545;185898;87456;22.4;10.6
74;2021-05-08;1147;826;187045;88282;22.6;10.7
74;2021-05-09;194;247;187239;88529;22.6;10.7
74;2021-05-10;3467;3146;190706;91675;23.0;11.1
74;2021-05-11;4318;3422;195024;95097;23.5;11.5
74;2021-05-12;5305;2966;200329;98063;24.2;11.8
74;2021-05-13;2362;950;202691;99013;24.5;12.0
74;2021-05-14;5954;2403;208645;101416;25.2;12.2
74;2021-05-15;4517;1851;213162;103267;25.7;12.5
74;2021-05-16;3011;336;216173;103603;26.1;12.5
74;2021-05-17;5398;2893;221571;106496;26.7;12.9
74;2021-05-18;6791;2816;228362;109312;27.6;13.2
74;2021-05-19;6234;2296;234596;111608;28.3;13.5
74;2021-05-20;6646;2557;241242;114165;29.1;13.8
74;2021-05-21;6527;2995;247769;117160;29.9;14.1
74;2021-05-22;5295;1569;253064;118729;30.5;14.3
74;2021-05-23;2052;282;255116;119011;30.8;14.4
74;2021-05-24;2363;661;257479;119672;31.1;14.4
74;2021-05-25;5073;3333;262552;123005;31.7;14.8
74;2021-05-26;5256;2566;267808;125571;32.3;15.2
74;2021-05-27;6004;2980;273812;128551;33.1;15.5
74;2021-05-28;5657;3582;279469;132133;33.7;16.0
74;2021-05-29;3798;2158;283267;134291;34.2;16.2
74;2021-05-30;488;309;283755;134600;34.3;16.2
74;2021-05-31;5073;3551;288828;138151;34.9;16.7
74;2021-06-01;4937;3727;293765;141878;35.5;17.1
74;2021-06-02;5271;3209;299036;145087;36.1;17.5
74;2021-06-03;6897;3247;305933;148334;36.9;17.9
74;2021-06-04;6913;4434;312846;152768;37.8;18.4
74;2021-06-05;4612;2707;317458;155475;38.3;18.8
74;2021-06-06;124;112;317582;155587;38.3;18.8
74;2021-06-07;5031;4145;322613;159732;38.9;19.3
74;2021-06-08;5028;3947;327641;163679;39.6;19.8
74;2021-06-09;5082;3483;332723;167162;40.2;20.2
74;2021-06-10;5125;2873;337848;170035;40.8;20.5
74;2021-06-11;5215;3813;343063;173848;41.4;21.0
74;2021-06-12;3573;2382;346636;176230;41.8;21.3
74;2021-06-13;120;89;346756;176319;41.9;21.3
74;2021-06-14;3599;4482;350355;180801;42.3;21.8
74;2021-06-15;3671;3894;354026;184695;42.7;22.3
74;2021-06-16;4829;3122;358855;187817;43.3;22.7
74;2021-06-17;3822;2952;362677;190769;43.8;23.0
74;2021-06-18;4116;4666;366793;195435;44.3;23.6
74;2021-06-19;2997;3102;369790;198537;44.6;24.0
74;2021-06-20;125;97;369915;198634;44.7;24.0
74;2021-06-21;2387;5422;372302;204056;44.9;24.6
74;2021-06-22;2493;5313;374795;209369;45.2;25.3
74;2021-06-23;2978;4620;377773;213989;45.6;25.8
74;2021-06-24;2866;4625;380639;218614;45.9;26.4
74;2021-06-25;2931;6769;383570;225383;46.3;27.2
74;2021-06-26;1709;5402;385279;230785;46.5;27.9
74;2021-06-27;66;1664;385345;232449;46.5;28.1
74;2021-06-28;1917;7220;387262;239669;46.7;28.9
74;2021-06-29;2301;7429;389563;247098;47.0;29.8
74;2021-06-30;2747;6545;392310;253643;47.4;30.6
74;2021-07-01;3442;5426;395752;259069;47.8;31.3
74;2021-07-02;3122;6640;398874;265709;48.1;32.1
74;2021-07-03;1699;5086;400573;270795;48.4;32.7
74;2021-07-04;82;1022;400655;271817;48.4;32.8
74;2021-07-05;2079;6836;402734;278653;48.6;33.6
74;2021-07-06;2805;6490;405539;285143;49.0;34.4
74;2021-07-07;3096;5447;408635;290590;49.3;35.1
74;2021-07-08;3864;4920;412499;295510;49.8;35.7
74;2021-07-09;2675;6979;415174;302489;50.1;36.5
74;2021-07-10;1626;5132;416800;307621;50.3;37.1
74;2021-07-11;76;142;416876;307763;50.3;37.2
74;2021-07-12;2096;7898;418972;315661;50.6;38.1
74;2021-07-13;3968;7589;422940;323250;51.1;39.0
74;2021-07-14;1968;2239;424908;325489;51.3;39.3
74;2021-07-15;3592;6871;428500;332360;51.7;40.1
74;2021-07-16;4245;7742;432745;340102;52.2;41.1
74;2021-07-17;3005;5330;435750;345432;52.6;41.7
74;2021-07-18;155;155;435905;345587;52.6;41.7
74;2021-07-19;4293;7356;440198;352943;53.1;42.6
74;2021-07-20;5873;6466;446071;359409;53.8;43.4
74;2021-07-21;5630;6673;451701;366082;54.5;44.2
74;2021-07-22;4778;5326;456479;371408;55.1;44.8
74;2021-07-23;6224;6994;462703;378402;55.9;45.7
74;2021-07-24;3155;4314;465858;382716;56.2;46.2
74;2021-07-25;181;171;466039;382887;56.3;46.2
74;2021-07-26;5622;6134;471661;389021;56.9;47.0
74;2021-07-27;6860;5177;478521;394198;57.8;47.6
74;2021-07-28;6665;5100;485186;399298;58.6;48.2
74;2021-07-29;5276;3928;490462;403226;59.2;48.7
74;2021-07-30;6707;5501;497169;408727;60.0;49.3
74;2021-07-31;4378;3122;501547;411849;60.5;49.7
74;2021-08-01;183;148;501730;411997;60.6;49.7
74;2021-08-02;6116;4408;507846;416405;61.3;50.3
74;2021-08-03;5972;3859;513818;420264;62.0;50.7
74;2021-08-04;6315;3506;520133;423770;62.8;51.2
74;2021-08-05;4921;3263;525054;427033;63.4;51.5
74;2021-08-06;5049;4179;530103;431212;64.0;52.1
74;2021-08-07;3204;2899;533307;434111;64.4;52.4
74;2021-08-08;155;134;533462;434245;64.4;52.4
74;2021-08-09;4928;4827;538390;439072;65.0;53.0
74;2021-08-10;4950;4683;543340;443755;65.6;53.6
74;2021-08-11;4388;4891;547728;448646;66.1;54.2
74;2021-08-12;3577;3607;551305;452253;66.6;54.6
74;2021-08-13;3760;4619;555065;456872;67.0;55.2
74;2021-08-14;2177;3343;557242;460215;67.3;55.6
74;2021-08-15;60;102;557302;460317;67.3;55.6
74;2021-08-16;3187;5869;560489;466186;67.7;56.3
74;2021-08-17;3016;5485;563505;471671;68.0;56.9
74;2021-08-18;2990;5457;566495;477128;68.4;57.6
74;2021-08-19;2330;3896;568825;481024;68.7;58.1
74;2021-08-20;2579;5693;571404;486717;69.0;58.8
74;2021-08-21;1225;4270;572629;490987;69.1;59.3
74;2021-08-22;56;137;572685;491124;69.1;59.3
74;2021-08-23;1916;6693;574601;497817;69.4;60.1
74;2021-08-24;2077;5940;576678;503757;69.6;60.8
74;2021-08-25;1885;6294;578563;510051;69.8;61.6
74;2021-08-26;1516;3783;580079;513834;70.0;62.0
74;2021-08-27;1810;5505;581889;519339;70.2;62.7
74;2021-08-28;903;4037;582792;523376;70.4;63.2
74;2021-08-29;54;186;582846;523562;70.4;63.2
74;2021-08-30;1695;5483;584541;529045;70.6;63.9
74;2021-08-31;1620;5119;586161;534164;70.8;64.5
74;2021-09-01;1611;4140;587772;538304;71.0;65.0
74;2021-09-02;1197;3027;588969;541331;71.1;65.3
74;2021-09-03;1449;4177;590418;545508;71.3;65.9
74;2021-09-04;1123;2833;591541;548341;71.4;66.2
74;2021-09-05;48;94;591589;548435;71.4;66.2
74;2021-09-06;1196;3369;592785;551804;71.6;66.6
74;2021-09-07;1010;3045;593795;554849;71.7;67.0
74;2021-09-08;1294;3170;595089;558019;71.8;67.4
74;2021-09-09;1209;2202;596298;560221;72.0;67.6
74;2021-09-10;1101;3093;597399;563314;72.1;68.0
74;2021-09-11;744;2309;598143;565623;72.2;68.3
74;2021-09-12;40;80;598183;565703;72.2;68.3
75;2020-12-27;64;1;64;1;0.0;0.0
75;2020-12-28;58;0;122;1;0.0;0.0
75;2020-12-29;27;0;149;1;0.0;0.0
75;2020-12-30;80;0;229;1;0.0;0.0
75;2020-12-31;42;0;271;1;0.0;0.0
75;2021-01-01;60;3;331;4;0.0;0.0
75;2021-01-02;64;1;395;5;0.0;0.0
75;2021-01-03;104;1;499;6;0.0;0.0
75;2021-01-04;317;1;816;7;0.0;0.0
75;2021-01-05;878;11;1694;18;0.1;0.0
75;2021-01-06;1368;16;3062;34;0.1;0.0
75;2021-01-07;2066;19;5128;53;0.2;0.0
75;2021-01-08;2877;30;8005;83;0.4;0.0
75;2021-01-09;1098;2;9103;85;0.4;0.0
75;2021-01-10;1101;4;10204;89;0.5;0.0
75;2021-01-11;3112;47;13316;136;0.6;0.0
75;2021-01-12;3487;51;16803;187;0.8;0.0
75;2021-01-13;3569;43;20372;230;0.9;0.0
75;2021-01-14;3761;60;24133;290;1.1;0.0
75;2021-01-15;3329;47;27462;337;1.3;0.0
75;2021-01-16;1142;14;28604;351;1.3;0.0
75;2021-01-17;558;14;29162;365;1.4;0.0
75;2021-01-18;3283;72;32445;437;1.5;0.0
75;2021-01-19;3867;47;36312;484;1.7;0.0
75;2021-01-20;4426;58;40738;542;1.9;0.0
75;2021-01-21;4933;71;45671;613;2.1;0.0
75;2021-01-22;4598;73;50269;686;2.3;0.0
75;2021-01-23;1761;12;52030;698;2.4;0.0
75;2021-01-24;755;7;52785;705;2.5;0.0
75;2021-01-25;1735;24;54520;729;2.5;0.0
75;2021-01-26;2561;82;57081;811;2.7;0.0
75;2021-01-27;3162;152;60243;963;2.8;0.0
75;2021-01-28;4776;246;65019;1209;3.0;0.1
75;2021-01-29;4055;239;69074;1448;3.2;0.1
75;2021-01-30;1356;21;70430;1469;3.3;0.1
75;2021-01-31;223;3;70653;1472;3.3;0.1
75;2021-02-01;1622;343;72275;1815;3.4;0.1
75;2021-02-02;2142;588;74417;2403;3.5;0.1
75;2021-02-03;1886;634;76303;3037;3.6;0.1
75;2021-02-04;2148;1051;78451;4088;3.7;0.2
75;2021-02-05;2222;769;80673;4857;3.8;0.2
75;2021-02-06;1126;72;81799;4929;3.8;0.2
75;2021-02-07;176;6;81975;4935;3.8;0.2
75;2021-02-08;1260;1291;83235;6226;3.9;0.3
75;2021-02-09;1797;2254;85032;8480;4.0;0.4
75;2021-02-10;2424;2226;87456;10706;4.1;0.5
75;2021-02-11;2944;5044;90400;15750;4.2;0.7
75;2021-02-12;3128;2251;93528;18001;4.4;0.8
75;2021-02-13;851;847;94379;18848;4.4;0.9
75;2021-02-14;208;39;94587;18887;4.4;0.9
75;2021-02-15;1006;1959;95593;20846;4.4;1.0
75;2021-02-16;1457;5273;97050;26119;4.5;1.2
75;2021-02-17;1332;2538;98382;28657;4.6;1.3
75;2021-02-18;1768;4726;100150;33383;4.7;1.6
75;2021-02-19;2226;3373;102376;36756;4.8;1.7
75;2021-02-20;479;1326;102855;38082;4.8;1.8
75;2021-02-21;199;122;103054;38204;4.8;1.8
75;2021-02-22;1224;1539;104278;39743;4.9;1.8
75;2021-02-23;1454;2067;105732;41810;4.9;1.9
75;2021-02-24;1690;1817;107422;43627;5.0;2.0
75;2021-02-25;2782;4419;110204;48046;5.1;2.2
75;2021-02-26;3379;2114;113583;50160;5.3;2.3
75;2021-02-27;1408;720;114991;50880;5.4;2.4
75;2021-02-28;324;104;115315;50984;5.4;2.4
75;2021-03-01;2597;1378;117912;52362;5.5;2.4
75;2021-03-02;4182;1757;122094;54119;5.7;2.5
75;2021-03-03;5432;1957;127526;56076;5.9;2.6
75;2021-03-04;8049;2207;135575;58283;6.3;2.7
75;2021-03-05;10571;2353;146146;60636;6.8;2.8
75;2021-03-06;11079;972;157225;61608;7.3;2.9
75;2021-03-07;9512;1424;166737;63032;7.8;2.9
75;2021-03-08;5906;1423;172643;64455;8.0;3.0
75;2021-03-09;7522;1965;180165;66420;8.4;3.1
75;2021-03-10;7508;2010;187673;68430;8.7;3.2
75;2021-03-11;10345;2436;198018;70866;9.2;3.3
75;2021-03-12;12067;2494;210085;73360;9.8;3.4
75;2021-03-13;8551;769;218636;74129;10.2;3.5
75;2021-03-14;4167;259;222803;74388;10.4;3.5
75;2021-03-15;7461;969;230264;75357;10.7;3.5
75;2021-03-16;5154;681;235418;76038;11.0;3.5
75;2021-03-17;5429;826;240847;76864;11.2;3.6
75;2021-03-18;6623;854;247470;77718;11.5;3.6
75;2021-03-19;9760;986;257230;78704;12.0;3.7
75;2021-03-20;5942;605;263172;79309;12.3;3.7
75;2021-03-21;1590;425;264762;79734;12.3;3.7
75;2021-03-22;8654;1016;273416;80750;12.7;3.8
75;2021-03-23;10963;1256;284379;82006;13.2;3.8
75;2021-03-24;11005;1326;295384;83332;13.7;3.9
75;2021-03-25;14216;1536;309600;84868;14.4;4.0
75;2021-03-26;13980;1705;323580;86573;15.1;4.0
75;2021-03-27;7285;768;330865;87341;15.4;4.1
75;2021-03-28;1784;150;332649;87491;15.5;4.1
75;2021-03-29;7972;2178;340621;89669;15.9;4.2
75;2021-03-30;10940;3209;351561;92878;16.4;4.3
75;2021-03-31;9748;3581;361309;96459;16.8;4.5
75;2021-04-01;10701;5178;372010;101637;17.3;4.7
75;2021-04-02;9060;5542;381070;107179;17.7;5.0
75;2021-04-03;4119;4857;385189;112036;17.9;5.2
75;2021-04-04;1422;1457;386611;113493;18.0;5.3
75;2021-04-05;2249;1333;388860;114826;18.1;5.3
75;2021-04-06;6911;4260;395771;119086;18.4;5.5
75;2021-04-07;8093;4380;403864;123466;18.8;5.7
75;2021-04-08;11086;4171;414950;127637;19.3;5.9
75;2021-04-09;12211;4618;427161;132255;19.9;6.2
75;2021-04-10;5848;4243;433009;136498;20.2;6.4
75;2021-04-11;1943;1790;434952;138288;20.2;6.4
75;2021-04-12;7480;3789;442432;142077;20.6;6.6
75;2021-04-13;8571;6789;451003;148866;21.0;6.9
75;2021-04-14;8294;5213;459297;154079;21.4;7.2
75;2021-04-15;8907;6129;468204;160208;21.8;7.5
75;2021-04-16;9386;6102;477590;166310;22.2;7.7
75;2021-04-17;4820;3639;482410;169949;22.5;7.9
75;2021-04-18;1670;877;484080;170826;22.5;8.0
75;2021-04-19;5587;4941;489667;175767;22.8;8.2
75;2021-04-20;6471;5951;496138;181718;23.1;8.5
75;2021-04-21;6876;5565;503014;187283;23.4;8.7
75;2021-04-22;7547;5902;510561;193185;23.8;9.0
75;2021-04-23;8646;6405;519207;199590;24.2;9.3
75;2021-04-24;6178;3347;525385;202937;24.5;9.4
75;2021-04-25;2967;760;528352;203697;24.6;9.5
75;2021-04-26;7032;4711;535384;208408;24.9;9.7
75;2021-04-27;10600;6392;545984;214800;25.4;10.0
75;2021-04-28;12202;5994;558186;220794;26.0;10.3
75;2021-04-29;13765;6321;571951;227115;26.6;10.6
75;2021-04-30;13666;6153;585617;233268;27.3;10.9
75;2021-05-01;5080;1327;590697;234595;27.5;10.9
75;2021-05-02;2386;792;593083;235387;27.6;11.0
75;2021-05-03;10294;13454;603377;248841;28.1;11.6
75;2021-05-04;11189;8067;614566;256908;28.6;12.0
75;2021-05-05;13569;6700;628135;263608;29.2;12.3
75;2021-05-06;14007;8176;642142;271784;29.9;12.7
75;2021-05-07;13979;8559;656121;280343;30.5;13.0
75;2021-05-08;10086;5505;666207;285848;31.0;13.3
75;2021-05-09;3822;3180;670029;289028;31.2;13.5
75;2021-05-10;14297;6711;684326;295739;31.9;13.8
75;2021-05-11;16850;8399;701176;304138;32.6;14.2
75;2021-05-12;17961;8131;719137;312269;33.5;14.5
75;2021-05-13;13640;2491;732777;314760;34.1;14.7
75;2021-05-14;18393;5124;751170;319884;35.0;14.9
75;2021-05-15;12319;2648;763489;322532;35.5;15.0
75;2021-05-16;3859;758;767348;323290;35.7;15.0
75;2021-05-17;16007;4645;783355;327935;36.5;15.3
75;2021-05-18;19161;5314;802516;333249;37.4;15.5
75;2021-05-19;20729;10702;823245;343951;38.3;16.0
75;2021-05-20;21588;8659;844833;352610;39.3;16.4
75;2021-05-21;21038;6545;865871;359155;40.3;16.7
75;2021-05-22;15922;3301;881793;362456;41.0;16.9
75;2021-05-23;5635;1334;887428;363790;41.3;16.9
75;2021-05-24;15643;2559;903071;366349;42.0;17.1
75;2021-05-25;18038;9568;921109;375917;42.9;17.5
75;2021-05-26;18889;8191;939998;384108;43.8;17.9
75;2021-05-27;20150;9794;960148;393902;44.7;18.3
75;2021-05-28;19353;10834;979501;404736;45.6;18.8
75;2021-05-29;16123;5836;995624;410572;46.3;19.1
75;2021-05-30;7042;2160;1002666;412732;46.7;19.2
75;2021-05-31;18102;9441;1020768;422173;47.5;19.7
75;2021-06-01;18711;12967;1039479;435140;48.4;20.3
75;2021-06-02;18131;10296;1057610;445436;49.2;20.7
75;2021-06-03;20286;11961;1077896;457397;50.2;21.3
75;2021-06-04;18138;12831;1096034;470228;51.0;21.9
75;2021-06-05;12000;9613;1108034;479841;51.6;22.3
75;2021-06-06;6732;3156;1114766;482997;51.9;22.5
75;2021-06-07;13912;11820;1128678;494817;52.5;23.0
75;2021-06-08;14810;13966;1143488;508783;53.2;23.7
75;2021-06-09;16525;15231;1160013;524014;54.0;24.4
75;2021-06-10;18384;26296;1178397;550310;54.9;25.6
75;2021-06-11;15333;16466;1193730;566776;55.6;26.4
75;2021-06-12;13300;10001;1207030;576777;56.2;26.8
75;2021-06-13;6279;3795;1213309;580572;56.5;27.0
75;2021-06-14;11840;15399;1225149;595971;57.0;27.7
75;2021-06-15;12746;19550;1237895;615521;57.6;28.7
75;2021-06-16;12215;17239;1250110;632760;58.2;29.5
75;2021-06-17;12669;17678;1262779;650438;58.8;30.3
75;2021-06-18;11287;22607;1274066;673045;59.3;31.3
75;2021-06-19;7541;11822;1281607;684867;59.7;31.9
75;2021-06-20;2824;5480;1284431;690347;59.8;32.1
75;2021-06-21;8521;16335;1292952;706682;60.2;32.9
75;2021-06-22;8815;21801;1301767;728483;60.6;33.9
75;2021-06-23;10323;21435;1312090;749918;61.1;34.9
75;2021-06-24;11323;20639;1323413;770557;61.6;35.9
75;2021-06-25;9879;24689;1333292;795246;62.1;37.0
75;2021-06-26;7950;15427;1341242;810673;62.4;37.7
75;2021-06-27;2703;6326;1343945;816999;62.6;38.0
75;2021-06-28;8478;20147;1352423;837146;63.0;39.0
75;2021-06-29;9352;23833;1361775;860979;63.4;40.1
75;2021-06-30;10209;23627;1371984;884606;63.9;41.2
75;2021-07-01;11467;23522;1383451;908128;64.4;42.3
75;2021-07-02;10906;24778;1394357;932906;64.9;43.4
75;2021-07-03;7831;19814;1402188;952720;65.3;44.3
75;2021-07-04;3915;9557;1406103;962277;65.5;44.8
75;2021-07-05;9350;21584;1415453;983861;65.9;45.8
75;2021-07-06;10173;24012;1425626;1007873;66.4;46.9
75;2021-07-07;10172;25093;1435798;1032966;66.8;48.1
75;2021-07-08;10671;25014;1446469;1057980;67.3;49.2
75;2021-07-09;10847;24035;1457316;1082015;67.8;50.4
75;2021-07-10;7952;18509;1465268;1100524;68.2;51.2
75;2021-07-11;4352;8535;1469620;1109059;68.4;51.6
75;2021-07-12;9850;23090;1479470;1132149;68.9;52.7
75;2021-07-13;14394;24820;1493864;1156969;69.5;53.9
75;2021-07-14;8351;9727;1502215;1166696;69.9;54.3
75;2021-07-15;15291;25666;1517506;1192362;70.6;55.5
75;2021-07-16;15819;22154;1533325;1214516;71.4;56.5
75;2021-07-17;12139;16911;1545464;1231427;71.9;57.3
75;2021-07-18;6281;6842;1551745;1238269;72.2;57.6
75;2021-07-19;14403;21312;1566148;1259581;72.9;58.6
75;2021-07-20;16083;21900;1582231;1281481;73.7;59.7
75;2021-07-21;15704;20718;1597935;1302199;74.4;60.6
75;2021-07-22;17147;20085;1615082;1322284;75.2;61.6
75;2021-07-23;17179;19110;1632261;1341394;76.0;62.4
75;2021-07-24;11208;14077;1643469;1355471;76.5;63.1
75;2021-07-25;5011;5077;1648480;1360548;76.7;63.3
75;2021-07-26;15188;16885;1663668;1377433;77.4;64.1
75;2021-07-27;18134;16657;1681802;1394090;78.3;64.9
75;2021-07-28;17138;15488;1698940;1409578;79.1;65.6
75;2021-07-29;16763;15103;1715703;1424681;79.9;66.3
75;2021-07-30;16327;14344;1732030;1439025;80.6;67.0
75;2021-07-31;9345;9862;1741375;1448887;81.1;67.4
75;2021-08-01;3699;3306;1745074;1452193;81.2;67.6
75;2021-08-02;10804;11998;1755878;1464191;81.7;68.2
75;2021-08-03;11087;10837;1766965;1475028;82.3;68.7
75;2021-08-04;9683;9505;1776648;1484533;82.7;69.1
75;2021-08-05;8696;9546;1785344;1494079;83.1;69.5
75;2021-08-06;8200;9990;1793544;1504069;83.5;70.0
75;2021-08-07;5692;7149;1799236;1511218;83.8;70.3
75;2021-08-08;1951;3277;1801187;1514495;83.8;70.5
75;2021-08-09;8520;11469;1809707;1525964;84.2;71.0
75;2021-08-10;9119;11578;1818826;1537542;84.7;71.6
75;2021-08-11;7741;10138;1826567;1547680;85.0;72.0
75;2021-08-12;6880;10637;1833447;1558317;85.3;72.5
75;2021-08-13;6172;8922;1839619;1567239;85.6;73.0
75;2021-08-14;4088;7200;1843707;1574439;85.8;73.3
75;2021-08-15;999;1934;1844706;1576373;85.9;73.4
75;2021-08-16;6065;14034;1850771;1590407;86.2;74.0
75;2021-08-17;5764;13603;1856535;1604010;86.4;74.7
75;2021-08-18;4975;11999;1861510;1616009;86.7;75.2
75;2021-08-19;4733;12683;1866243;1628692;86.9;75.8
75;2021-08-20;4483;11783;1870726;1640475;87.1;76.4
75;2021-08-21;3165;8804;1873891;1649279;87.2;76.8
75;2021-08-22;990;3160;1874881;1652439;87.3;76.9
75;2021-08-23;4836;15309;1879717;1667748;87.5;77.6
75;2021-08-24;4746;14532;1884463;1682280;87.7;78.3
75;2021-08-25;4425;12320;1888888;1694600;87.9;78.9
75;2021-08-26;3997;10271;1892885;1704871;88.1;79.4
75;2021-08-27;4391;11658;1897276;1716529;88.3;79.9
75;2021-08-28;3016;8287;1900292;1724816;88.5;80.3
75;2021-08-29;747;2013;1901039;1726829;88.5;80.4
75;2021-08-30;4465;14658;1905504;1741487;88.7;81.1
75;2021-08-31;4322;13772;1909826;1755259;88.9;81.7
75;2021-09-01;3847;11375;1913673;1766634;89.1;82.2
75;2021-09-02;3165;9608;1916838;1776242;89.2;82.7
75;2021-09-03;3625;10392;1920463;1786634;89.4;83.2
75;2021-09-04;3523;8901;1923986;1795535;89.6;83.6
75;2021-09-05;693;1710;1924679;1797245;89.6;83.7
75;2021-09-06;2532;8071;1927211;1805316;89.7;84.0
75;2021-09-07;2277;7354;1929488;1812670;89.8;84.4
75;2021-09-08;2481;7305;1931969;1819975;89.9;84.7
75;2021-09-09;2315;6797;1934284;1826772;90.0;85.0
75;2021-09-10;2620;7990;1936904;1834762;90.2;85.4
75;2021-09-11;2321;6939;1939225;1841701;90.3;85.7
75;2021-09-12;470;1194;1939695;1842895;90.3;85.8
76;2020-12-27;0;0;0;0;0.0;0.0
76;2020-12-28;1;0;1;0;0.0;0.0
76;2020-12-29;0;0;1;0;0.0;0.0
76;2020-12-30;0;0;1;0;0.0;0.0
76;2020-12-31;0;0;1;0;0.0;0.0
76;2021-01-01;0;0;1;0;0.0;0.0
76;2021-01-02;0;0;1;0;0.0;0.0
76;2021-01-03;0;0;1;0;0.0;0.0
76;2021-01-04;17;0;18;0;0.0;0.0
76;2021-01-05;138;0;156;0;0.0;0.0
76;2021-01-06;682;2;838;2;0.1;0.0
76;2021-01-07;1354;7;2192;9;0.2;0.0
76;2021-01-08;1536;2;3728;11;0.3;0.0
76;2021-01-09;736;2;4464;13;0.4;0.0
76;2021-01-10;492;1;4956;14;0.4;0.0
76;2021-01-11;1359;2;6315;16;0.5;0.0
76;2021-01-12;1359;2;7674;18;0.6;0.0
76;2021-01-13;1188;4;8862;22;0.7;0.0
76;2021-01-14;2176;24;11038;46;0.9;0.0
76;2021-01-15;1911;9;12949;55;1.0;0.0
76;2021-01-16;990;7;13939;62;1.1;0.0
76;2021-01-17;2898;20;16837;82;1.4;0.0
76;2021-01-18;4400;16;21237;98;1.7;0.0
76;2021-01-19;3016;8;24253;106;1.9;0.0
76;2021-01-20;2071;6;26324;112;2.1;0.0
76;2021-01-21;1773;4;28097;116;2.3;0.0
76;2021-01-22;1706;4;29803;120;2.4;0.0
76;2021-01-23;450;2;30253;122;2.4;0.0
76;2021-01-24;99;0;30352;122;2.4;0.0
76;2021-01-25;1474;136;31826;258;2.6;0.0
76;2021-01-26;1392;327;33218;585;2.7;0.0
76;2021-01-27;1342;413;34560;998;2.8;0.1
76;2021-01-28;1285;369;35845;1367;2.9;0.1
76;2021-01-29;1155;436;37000;1803;3.0;0.1
76;2021-01-30;283;276;37283;2079;3.0;0.2
76;2021-01-31;4;91;37287;2170;3.0;0.2
76;2021-02-01;841;749;38128;2919;3.1;0.2
76;2021-02-02;1056;960;39184;3879;3.2;0.3
76;2021-02-03;920;935;40104;4814;3.2;0.4
76;2021-02-04;976;1379;41080;6193;3.3;0.5
76;2021-02-05;975;1044;42055;7237;3.4;0.6
76;2021-02-06;260;804;42315;8041;3.4;0.6
76;2021-02-07;468;1603;42783;9644;3.4;0.8
76;2021-02-08;1923;3436;44706;13080;3.6;1.1
76;2021-02-09;1756;2753;46462;15833;3.7;1.3
76;2021-02-10;1489;1660;47951;17493;3.9;1.4
76;2021-02-11;1676;1377;49627;18870;4.0;1.5
76;2021-02-12;1704;1414;51331;20284;4.1;1.6
76;2021-02-13;230;293;51561;20577;4.1;1.7
76;2021-02-14;9;81;51570;20658;4.1;1.7
76;2021-02-15;554;1453;52124;22111;4.2;1.8
76;2021-02-16;741;1403;52865;23514;4.3;1.9
76;2021-02-17;625;1177;53490;24691;4.3;2.0
76;2021-02-18;780;1130;54270;25821;4.4;2.1
76;2021-02-19;869;1098;55139;26919;4.4;2.2
76;2021-02-20;270;246;55409;27165;4.5;2.2
76;2021-02-21;0;0;55409;27165;4.5;2.2
76;2021-02-22;371;1015;55780;28180;4.5;2.3
76;2021-02-23;575;987;56355;29167;4.5;2.3
76;2021-02-24;599;980;56954;30147;4.6;2.4
76;2021-02-25;1664;1038;58618;31185;4.7;2.5
76;2021-02-26;2171;874;60789;32059;4.9;2.6
76;2021-02-27;1108;249;61897;32308;5.0;2.6
76;2021-02-28;27;186;61924;32494;5.0;2.6
76;2021-03-01;828;1858;62752;34352;5.0;2.8
76;2021-03-02;1382;1521;64134;35873;5.2;2.9
76;2021-03-03;1942;1230;66076;37103;5.3;3.0
76;2021-03-04;2819;979;68895;38082;5.5;3.1
76;2021-03-05;4183;740;73078;38822;5.9;3.1
76;2021-03-06;3365;153;76443;38975;6.1;3.1
76;2021-03-07;1257;31;77700;39006;6.2;3.1
76;2021-03-08;2102;1155;79802;40161;6.4;3.2
76;2021-03-09;3575;1072;83377;41233;6.7;3.3
76;2021-03-10;3593;997;86970;42230;7.0;3.4
76;2021-03-11;5633;912;92603;43142;7.4;3.5
76;2021-03-12;6829;588;99432;43730;8.0;3.5
76;2021-03-13;4647;147;104079;43877;8.4;3.5
76;2021-03-14;1068;28;105147;43905;8.5;3.5
76;2021-03-15;2919;235;108066;44140;8.7;3.5
76;2021-03-16;2557;395;110623;44535;8.9;3.6
76;2021-03-17;2697;312;113320;44847;9.1;3.6
76;2021-03-18;3003;306;116323;45153;9.4;3.6
76;2021-03-19;4397;429;120720;45582;9.7;3.7
76;2021-03-20;3974;287;124694;45869;10.0;3.7
76;2021-03-21;838;16;125532;45885;10.1;3.7
76;2021-03-22;3992;349;129524;46234;10.4;3.7
76;2021-03-23;5711;352;135235;46586;10.9;3.7
76;2021-03-24;5701;393;140936;46979;11.3;3.8
76;2021-03-25;7507;574;148443;47553;11.9;3.8
76;2021-03-26;8722;591;157165;48144;12.6;3.9
76;2021-03-27;4810;387;161975;48531;13.0;3.9
76;2021-03-28;1021;32;162996;48563;13.1;3.9
76;2021-03-29;5390;826;168386;49389;13.5;4.0
76;2021-03-30;6586;1058;174972;50447;14.1;4.1
76;2021-03-31;6462;1258;181434;51705;14.6;4.2
76;2021-04-01;6787;2013;188221;53718;15.1;4.3
76;2021-04-02;6487;2677;194708;56395;15.7;4.5
76;2021-04-03;2442;1079;197150;57474;15.9;4.6
76;2021-04-04;264;10;197414;57484;15.9;4.6
76;2021-04-05;868;377;198282;57861;15.9;4.7
76;2021-04-06;3558;2786;201840;60647;16.2;4.9
76;2021-04-07;4417;2394;206257;63041;16.6;5.1
76;2021-04-08;5841;2781;212098;65822;17.1;5.3
76;2021-04-09;8806;3065;220904;68887;17.8;5.5
76;2021-04-10;4877;1421;225781;70308;18.2;5.7
76;2021-04-11;814;533;226595;70841;18.2;5.7
76;2021-04-12;4726;2843;231321;73684;18.6;5.9
76;2021-04-13;5929;2855;237250;76539;19.1;6.2
76;2021-04-14;4803;3127;242053;79666;19.5;6.4
76;2021-04-15;5564;3352;247617;83018;19.9;6.7
76;2021-04-16;7354;3440;254971;86458;20.5;7.0
76;2021-04-17;4388;1431;259359;87889;20.9;7.1
76;2021-04-18;339;140;259698;88029;20.9;7.1
76;2021-04-19;3478;3768;263176;91797;21.2;7.4
76;2021-04-20;4343;4276;267519;96073;21.5;7.7
76;2021-04-21;4193;4689;271712;100762;21.8;8.1
76;2021-04-22;4562;5436;276274;106198;22.2;8.5
76;2021-04-23;5440;5962;281714;112160;22.6;9.0
76;2021-04-24;4165;2194;285879;114354;23.0;9.2
76;2021-04-25;894;268;286773;114622;23.1;9.2
76;2021-04-26;4484;4472;291257;119094;23.4;9.6
76;2021-04-27;4999;4987;296256;124081;23.8;10.0
76;2021-04-28;5349;4157;301605;128238;24.2;10.3
76;2021-04-29;6926;4153;308531;132391;24.8;10.6
76;2021-04-30;8219;4610;316750;137001;25.5;11.0
76;2021-05-01;4828;1012;321578;138013;25.9;11.1
76;2021-05-02;1843;264;323421;138277;26.0;11.1
76;2021-05-03;4703;3304;328124;141581;26.4;11.4
76;2021-05-04;4823;4540;332947;146121;26.8;11.7
76;2021-05-05;4784;5174;337731;151295;27.2;12.2
76;2021-05-06;5923;5571;343654;156866;27.6;12.6
76;2021-05-07;6138;6747;349792;163613;28.1;13.2
76;2021-05-08;5056;908;354848;164521;28.5;13.2
76;2021-05-09;2539;235;357387;164756;28.7;13.2
76;2021-05-10;4947;5065;362334;169821;29.1;13.7
76;2021-05-11;6518;5676;368852;175497;29.7;14.1
76;2021-05-12;6264;5081;375116;180578;30.2;14.5
76;2021-05-13;8846;1284;383962;181862;30.9;14.6
76;2021-05-14;10417;4658;394379;186520;31.7;15.0
76;2021-05-15;9120;2456;403499;188976;32.4;15.2
76;2021-05-16;6234;479;409733;189455;32.9;15.2
76;2021-05-17;7227;3274;416960;192729;33.5;15.5
76;2021-05-18;8304;2817;425264;195546;34.2;15.7
76;2021-05-19;8403;3202;433667;198748;34.9;16.0
76;2021-05-20;9651;3425;443318;202173;35.6;16.3
76;2021-05-21;8369;4088;451687;206261;36.3;16.6
76;2021-05-22;7167;2356;458854;208617;36.9;16.8
76;2021-05-23;6390;415;465244;209032;37.4;16.8
76;2021-05-24;6865;1527;472109;210559;38.0;16.9
76;2021-05-25;8026;4085;480135;214644;38.6;17.3
76;2021-05-26;7574;3606;487709;218250;39.2;17.5
76;2021-05-27;8344;4701;496053;222951;39.9;17.9
76;2021-05-28;8233;6541;504286;229492;40.5;18.5
76;2021-05-29;6226;3513;510512;233005;41.0;18.7
76;2021-05-30;3148;430;513660;233435;41.3;18.8
76;2021-05-31;8169;3956;521829;237391;42.0;19.1
76;2021-06-01;9214;5019;531043;242410;42.7;19.5
76;2021-06-02;7933;4443;538976;246853;43.3;19.8
76;2021-06-03;9540;5400;548516;252253;44.1;20.3
76;2021-06-04;9245;6670;557761;258923;44.8;20.8
76;2021-06-05;6289;3800;564050;262723;45.3;21.1
76;2021-06-06;2556;649;566606;263372;45.6;21.2
76;2021-06-07;6982;5446;573588;268818;46.1;21.6
76;2021-06-08;8659;6272;582247;275090;46.8;22.1
76;2021-06-09;7212;6076;589459;281166;47.4;22.6
76;2021-06-10;7995;6561;597454;287727;48.0;23.1
76;2021-06-11;7581;8231;605035;295958;48.6;23.8
76;2021-06-12;7167;5876;612202;301834;49.2;24.3
76;2021-06-13;2963;1296;615165;303130;49.5;24.4
76;2021-06-14;6490;6728;621655;309858;50.0;24.9
76;2021-06-15;6299;7471;627954;317329;50.5;25.5
76;2021-06-16;6655;7483;634609;324812;51.0;26.1
76;2021-06-17;7012;7757;641621;332569;51.6;26.7
76;2021-06-18;7689;9229;649310;341798;52.2;27.5
76;2021-06-19;5986;6258;655296;348056;52.7;28.0
76;2021-06-20;2811;1817;658107;349873;52.9;28.1
76;2021-06-21;5591;8175;663698;358048;53.4;28.8
76;2021-06-22;4925;9870;668623;367918;53.8;29.6
76;2021-06-23;4731;9434;673354;377352;54.1;30.3
76;2021-06-24;4798;9918;678152;387270;54.5;31.1
76;2021-06-25;5225;11577;683377;398847;54.9;32.1
76;2021-06-26;3454;7875;686831;406722;55.2;32.7
76;2021-06-27;1367;5164;688198;411886;55.3;33.1
76;2021-06-28;3614;9946;691812;421832;55.6;33.9
76;2021-06-29;3876;10225;695688;432057;55.9;34.7
76;2021-06-30;4271;9843;699959;441900;56.3;35.5
76;2021-07-01;4598;9912;704557;451812;56.6;36.3
76;2021-07-02;4370;12001;708927;463813;57.0;37.3
76;2021-07-03;3586;8449;712513;472262;57.3;38.0
76;2021-07-04;1487;5306;714000;477568;57.4;38.4
76;2021-07-05;3957;9333;717957;486901;57.7;39.1
76;2021-07-06;4056;10075;722013;496976;58.0;40.0
76;2021-07-07;4014;9327;726027;506303;58.4;40.7
76;2021-07-08;4466;9455;730493;515758;58.7;41.5
76;2021-07-09;4367;12407;734860;528165;59.1;42.5
76;2021-07-10;3138;8547;737998;536712;59.3;43.2
76;2021-07-11;1778;2822;739776;539534;59.5;43.4
76;2021-07-12;3158;11148;742934;550682;59.7;44.3
76;2021-07-13;4935;12258;747869;562940;60.1;45.3
76;2021-07-14;4805;5544;752674;568484;60.5;45.7
76;2021-07-15;5915;11788;758589;580272;61.0;46.7
76;2021-07-16;6721;12010;765310;592282;61.5;47.6
76;2021-07-17;5281;8708;770591;600990;62.0;48.3
76;2021-07-18;2259;3358;772850;604348;62.1;48.6
76;2021-07-19;5163;11149;778013;615497;62.6;49.5
76;2021-07-20;6278;11620;784291;627117;63.1;50.4
76;2021-07-21;6343;10566;790634;637683;63.6;51.3
76;2021-07-22;8241;9651;798875;647334;64.2;52.0
76;2021-07-23;7645;11998;806520;659332;64.8;53.0
76;2021-07-24;4993;7718;811513;667050;65.2;53.6
76;2021-07-25;2873;3142;814386;670192;65.5;53.9
76;2021-07-26;5440;10149;819826;680341;65.9;54.7
76;2021-07-27;8341;9557;828167;689898;66.6;55.5
76;2021-07-28;8271;7823;836438;697721;67.2;56.1
76;2021-07-29;9590;6984;846028;704705;68.0;56.7
76;2021-07-30;8016;7844;854044;712549;68.7;57.3
76;2021-07-31;6617;5330;860661;717879;69.2;57.7
76;2021-08-01;3863;2084;864524;719963;69.5;57.9
76;2021-08-02;6561;7093;871085;727056;70.0;58.5
76;2021-08-03;7975;6360;879060;733416;70.7;59.0
76;2021-08-04;7253;5837;886313;739253;71.3;59.4
76;2021-08-05;8099;5724;894412;744977;71.9;59.9
76;2021-08-06;6811;6872;901223;751849;72.5;60.4
76;2021-08-07;4790;4380;906013;756229;72.8;60.8
76;2021-08-08;2408;2157;908421;758386;73.0;61.0
76;2021-08-09;5641;6741;914062;765127;73.5;61.5
76;2021-08-10;6350;6552;920412;771679;74.0;62.0
76;2021-08-11;6452;5496;926864;777175;74.5;62.5
76;2021-08-12;6040;6062;932904;783237;75.0;63.0
76;2021-08-13;5053;6204;937957;789441;75.4;63.5
76;2021-08-14;3837;4594;941794;794035;75.7;63.8
76;2021-08-15;1579;2354;943373;796389;75.8;64.0
76;2021-08-16;3621;6718;946994;803107;76.1;64.6
76;2021-08-17;3906;6943;950900;810050;76.5;65.1
76;2021-08-18;3730;6739;954630;816789;76.8;65.7
76;2021-08-19;3369;7168;957999;823957;77.0;66.2
76;2021-08-20;3420;7825;961419;831782;77.3;66.9
76;2021-08-21;1817;4219;963236;836001;77.4;67.2
76;2021-08-22;865;3292;964101;839293;77.5;67.5
76;2021-08-23;2614;7758;966715;847051;77.7;68.1
76;2021-08-24;2813;7585;969528;854636;77.9;68.7
76;2021-08-25;2620;7079;972148;861715;78.2;69.3
76;2021-08-26;2066;5796;974214;867511;78.3;69.7
76;2021-08-27;2683;7947;976897;875458;78.5;70.4
76;2021-08-28;2131;6061;979028;881519;78.7;70.9
76;2021-08-29;693;3007;979721;884526;78.8;71.1
76;2021-08-30;2161;7439;981882;891965;78.9;71.7
76;2021-08-31;1938;7331;983820;899296;79.1;72.3
76;2021-09-01;1714;6889;985534;906185;79.2;72.9
76;2021-09-02;1303;4931;986837;911116;79.3;73.3
76;2021-09-03;1587;7154;988424;918270;79.5;73.8
76;2021-09-04;1606;6321;990030;924591;79.6;74.3
76;2021-09-05;632;1929;990662;926520;79.6;74.5
76;2021-09-06;1259;5010;991921;931530;79.8;74.9
76;2021-09-07;1158;4345;993079;935875;79.8;75.2
76;2021-09-08;1263;5043;994342;940918;79.9;75.6
76;2021-09-09;1083;3541;995425;944459;80.0;75.9
76;2021-09-10;1675;4768;997100;949227;80.2;76.3
76;2021-09-11;1158;3586;998258;952813;80.3;76.6
76;2021-09-12;286;880;998544;953693;80.3;76.7
77;2020-12-27;1;0;1;0;0.0;0.0
77;2020-12-28;1;0;2;0;0.0;0.0
77;2020-12-29;0;0;2;0;0.0;0.0
77;2020-12-30;0;0;2;0;0.0;0.0
77;2020-12-31;0;0;2;0;0.0;0.0
77;2021-01-01;4;0;6;0;0.0;0.0
77;2021-01-02;2;0;8;0;0.0;0.0
77;2021-01-03;0;0;8;0;0.0;0.0
77;2021-01-04;7;0;15;0;0.0;0.0
77;2021-01-05;199;0;214;0;0.0;0.0
77;2021-01-06;235;2;449;2;0.0;0.0
77;2021-01-07;521;4;970;6;0.1;0.0
77;2021-01-08;621;0;1591;6;0.1;0.0
77;2021-01-09;273;1;1864;7;0.1;0.0
77;2021-01-10;235;2;2099;9;0.1;0.0
77;2021-01-11;783;3;2882;12;0.2;0.0
77;2021-01-12;884;1;3766;13;0.3;0.0
77;2021-01-13;941;1;4707;14;0.3;0.0
77;2021-01-14;850;7;5557;21;0.4;0.0
77;2021-01-15;859;10;6416;31;0.5;0.0
77;2021-01-16;168;1;6584;32;0.5;0.0
77;2021-01-17;132;2;6716;34;0.5;0.0
77;2021-01-18;1194;4;7910;38;0.6;0.0
77;2021-01-19;1722;21;9632;59;0.7;0.0
77;2021-01-20;2541;7;12173;66;0.9;0.0
77;2021-01-21;2057;26;14230;92;1.0;0.0
77;2021-01-22;1148;8;15378;100;1.1;0.0
77;2021-01-23;350;0;15728;100;1.1;0.0
77;2021-01-24;44;0;15772;100;1.1;0.0
77;2021-01-25;941;21;16713;121;1.2;0.0
77;2021-01-26;1713;24;18426;145;1.3;0.0
77;2021-01-27;1364;23;19790;168;1.4;0.0
77;2021-01-28;1698;90;21488;258;1.5;0.0
77;2021-01-29;1289;139;22777;397;1.6;0.0
77;2021-01-30;211;2;22988;399;1.6;0.0
77;2021-01-31;1;0;22989;399;1.6;0.0
77;2021-02-01;569;193;23558;592;1.7;0.0
77;2021-02-02;871;246;24429;838;1.7;0.1
77;2021-02-03;795;499;25224;1337;1.8;0.1
77;2021-02-04;789;770;26013;2107;1.8;0.1
77;2021-02-05;857;773;26870;2880;1.9;0.2
77;2021-02-06;165;96;27035;2976;1.9;0.2
77;2021-02-07;17;88;27052;3064;1.9;0.2
77;2021-02-08;498;834;27550;3898;1.9;0.3
77;2021-02-09;590;1367;28140;5265;2.0;0.4
77;2021-02-10;1029;1733;29169;6998;2.0;0.5
77;2021-02-11;1060;1523;30229;8521;2.1;0.6
77;2021-02-12;1098;1075;31327;9596;2.2;0.7
77;2021-02-13;187;171;31514;9767;2.2;0.7
77;2021-02-14;12;56;31526;9823;2.2;0.7
77;2021-02-15;555;762;32081;10585;2.3;0.7
77;2021-02-16;599;1265;32680;11850;2.3;0.8
77;2021-02-17;514;982;33194;12832;2.3;0.9
77;2021-02-18;839;1387;34033;14219;2.4;1.0
77;2021-02-19;777;965;34810;15184;2.4;1.1
77;2021-02-20;54;133;34864;15317;2.4;1.1
77;2021-02-21;7;31;34871;15348;2.4;1.1
77;2021-02-22;303;583;35174;15931;2.5;1.1
77;2021-02-23;360;876;35534;16807;2.5;1.2
77;2021-02-24;513;705;36047;17512;2.5;1.2
77;2021-02-25;794;799;36841;18311;2.6;1.3
77;2021-02-26;841;696;37682;19007;2.6;1.3
77;2021-02-27;459;136;38141;19143;2.7;1.3
77;2021-02-28;33;5;38174;19148;2.7;1.3
77;2021-03-01;678;593;38852;19741;2.7;1.4
77;2021-03-02;1093;909;39945;20650;2.8;1.5
77;2021-03-03;1957;1065;41902;21715;2.9;1.5
77;2021-03-04;2796;1051;44698;22766;3.1;1.6
77;2021-03-05;3381;920;48079;23686;3.4;1.7
77;2021-03-06;4825;247;52904;23933;3.7;1.7
77;2021-03-07;3194;112;56098;24045;3.9;1.7
77;2021-03-08;1230;474;57328;24519;4.0;1.7
77;2021-03-09;2505;586;59833;25105;4.2;1.8
77;2021-03-10;2399;543;62232;25648;4.4;1.8
77;2021-03-11;3500;762;65732;26410;4.6;1.9
77;2021-03-12;3891;679;69623;27089;4.9;1.9
77;2021-03-13;4481;198;74104;27287;5.2;1.9
77;2021-03-14;2153;120;76257;27407;5.4;1.9
77;2021-03-15;2511;274;78768;27681;5.5;1.9
77;2021-03-16;2444;371;81212;28052;5.7;2.0
77;2021-03-17;2554;420;83766;28472;5.9;2.0
77;2021-03-18;3010;392;86776;28864;6.1;2.0
77;2021-03-19;3358;437;90134;29301;6.3;2.1
77;2021-03-20;1967;77;92101;29378;6.5;2.1
77;2021-03-21;243;14;92344;29392;6.5;2.1
77;2021-03-22;3021;394;95365;29786;6.7;2.1
77;2021-03-23;4520;527;99885;30313;7.0;2.1
77;2021-03-24;4154;613;104039;30926;7.3;2.2
77;2021-03-25;5909;399;109948;31325;7.7;2.2
77;2021-03-26;6269;451;116217;31776;8.2;2.2
77;2021-03-27;3322;123;119539;31899;8.4;2.2
77;2021-03-28;1730;49;121269;31948;8.5;2.2
77;2021-03-29;2655;685;123924;32633;8.7;2.3
77;2021-03-30;3995;1184;127919;33817;9.0;2.4
77;2021-03-31;3755;1223;131674;35040;9.2;2.5
77;2021-04-01;4145;1815;135819;36855;9.5;2.6
77;2021-04-02;3993;2010;139812;38865;9.8;2.7
77;2021-04-03;1745;2273;141557;41138;9.9;2.9
77;2021-04-04;423;1424;141980;42562;10.0;3.0
77;2021-04-05;162;164;142142;42726;10.0;3.0
77;2021-04-06;2721;1925;144863;44651;10.2;3.1
77;2021-04-07;3322;2085;148185;46736;10.4;3.3
77;2021-04-08;4535;2359;152720;49095;10.7;3.4
77;2021-04-09;4852;2090;157572;51185;11.1;3.6
77;2021-04-10;3074;2751;160646;53936;11.3;3.8
77;2021-04-11;586;716;161232;54652;11.3;3.8
77;2021-04-12;2230;1821;163462;56473;11.5;4.0
77;2021-04-13;3358;2634;166820;59107;11.7;4.2
77;2021-04-14;2521;2649;169341;61756;11.9;4.3
77;2021-04-15;3322;3111;172663;64867;12.1;4.6
77;2021-04-16;3575;2719;176238;67586;12.4;4.7
77;2021-04-17;1386;476;177624;68062;12.5;4.8
77;2021-04-18;150;11;177774;68073;12.5;4.8
77;2021-04-19;2085;2509;179859;70582;12.6;5.0
77;2021-04-20;2573;3381;182432;73963;12.8;5.2
77;2021-04-21;2195;3473;184627;77436;13.0;5.4
77;2021-04-22;3003;3857;187630;81293;13.2;5.7
77;2021-04-23;3533;3639;191163;84932;13.4;6.0
77;2021-04-24;4901;2501;196064;87433;13.8;6.1
77;2021-04-25;4079;1237;200143;88670;14.1;6.2
77;2021-04-26;3226;2042;203369;90712;14.3;6.4
77;2021-04-27;3996;2507;207365;93219;14.6;6.5
77;2021-04-28;4068;2609;211433;95828;14.9;6.7
77;2021-04-29;4482;3066;215915;98894;15.2;6.9
77;2021-04-30;4911;3331;220826;102225;15.5;7.2
77;2021-05-01;2466;593;223292;102818;15.7;7.2
77;2021-05-02;3142;276;226434;103094;15.9;7.2
77;2021-05-03;5992;2070;232426;105164;16.3;7.4
77;2021-05-04;6439;2990;238865;108154;16.8;7.6
77;2021-05-05;6020;3023;244885;111177;17.2;7.8
77;2021-05-06;6888;3594;251773;114771;17.7;8.1
77;2021-05-07;8206;3255;259979;118026;18.3;8.3
77;2021-05-08;5715;809;265694;118835;18.7;8.3
77;2021-05-09;4908;484;270602;119319;19.0;8.4
77;2021-05-10;8090;2329;278692;121648;19.6;8.5
77;2021-05-11;9581;2915;288273;124563;20.2;8.7
77;2021-05-12;8981;2278;297254;126841;20.9;8.9
77;2021-05-13;9306;881;306560;127722;21.5;9.0
77;2021-05-14;10439;1667;316999;129389;22.3;9.1
77;2021-05-15;8993;1247;325992;130636;22.9;9.2
77;2021-05-16;5153;470;331145;131106;23.3;9.2
77;2021-05-17;10375;1477;341520;132583;24.0;9.3
77;2021-05-18;11785;1804;353305;134387;24.8;9.4
77;2021-05-19;10917;1599;364222;135986;25.6;9.6
77;2021-05-20;12214;2152;376436;138138;26.4;9.7
77;2021-05-21;11656;2700;388092;140838;27.3;9.9
77;2021-05-22;9820;1736;397912;142574;28.0;10.0
77;2021-05-23;6987;813;404899;143387;28.4;10.1
77;2021-05-24;6764;778;411663;144165;28.9;10.1
77;2021-05-25;8317;2816;419980;146981;29.5;10.3
77;2021-05-26;7564;2977;427544;149958;30.0;10.5
77;2021-05-27;7552;3966;435096;153924;30.6;10.8
77;2021-05-28;7637;4003;442733;157927;31.1;11.1
77;2021-05-29;7356;2322;450089;160249;31.6;11.3
77;2021-05-30;4359;891;454448;161140;31.9;11.3
77;2021-05-31;8383;3833;462831;164973;32.5;11.6
77;2021-06-01;9648;4375;472479;169348;33.2;11.9
77;2021-06-02;9007;3926;481486;173274;33.8;12.2
77;2021-06-03;9005;5258;490491;178532;34.5;12.5
77;2021-06-04;9118;5488;499609;184020;35.1;12.9
77;2021-06-05;6662;4987;506271;189007;35.6;13.3
77;2021-06-06;4910;3210;511181;192217;35.9;13.5
77;2021-06-07;6420;4536;517601;196753;36.4;13.8
77;2021-06-08;5730;5224;523331;201977;36.8;14.2
77;2021-06-09;5063;4954;528394;206931;37.1;14.5
77;2021-06-10;5015;5465;533409;212396;37.5;14.9
77;2021-06-11;5758;6028;539167;218424;37.9;15.3
77;2021-06-12;6545;4753;545712;223177;38.3;15.7
77;2021-06-13;3508;3053;549220;226230;38.6;15.9
77;2021-06-14;3219;7931;552439;234161;38.8;16.4
77;2021-06-15;4126;8477;556565;242638;39.1;17.0
77;2021-06-16;4810;8378;561375;251016;39.4;17.6
77;2021-06-17;4476;9024;565851;260040;39.7;18.3
77;2021-06-18;4366;9786;570217;269826;40.1;19.0
77;2021-06-19;5308;6931;575525;276757;40.4;19.4
77;2021-06-20;2096;3800;577621;280557;40.6;19.7
77;2021-06-21;3229;9583;580850;290140;40.8;20.4
77;2021-06-22;3669;11369;584519;301509;41.1;21.2
77;2021-06-23;3441;10054;587960;311563;41.3;21.9
77;2021-06-24;3362;10915;591322;322478;41.5;22.7
77;2021-06-25;3624;10804;594946;333282;41.8;23.4
77;2021-06-26;4089;10069;599035;343351;42.1;24.1
77;2021-06-27;2124;6427;601159;349778;42.2;24.6
77;2021-06-28;2799;10831;603958;360609;42.4;25.3
77;2021-06-29;3418;12526;607376;373135;42.7;26.2
77;2021-06-30;3293;11448;610669;384583;42.9;27.0
77;2021-07-01;3293;11652;613962;396235;43.1;27.8
77;2021-07-02;3466;12256;617428;408491;43.4;28.7
77;2021-07-03;3186;10803;620614;419294;43.6;29.5
77;2021-07-04;1997;6492;622611;425786;43.7;29.9
77;2021-07-05;3590;9546;626201;435332;44.0;30.6
77;2021-07-06;3743;9533;629944;444865;44.2;31.2
77;2021-07-07;4064;8962;634008;453827;44.5;31.9
77;2021-07-08;3935;8759;637943;462586;44.8;32.5
77;2021-07-09;4710;10338;642653;472924;45.1;33.2
77;2021-07-10;4047;9843;646700;482767;45.4;33.9
77;2021-07-11;3093;5093;649793;487860;45.6;34.3
77;2021-07-12;3286;10868;653079;498728;45.9;35.0
77;2021-07-13;6167;12030;659246;510758;46.3;35.9
77;2021-07-14;3604;6445;662850;517203;46.6;36.3
77;2021-07-15;7189;11971;670039;529174;47.1;37.2
77;2021-07-16;7830;9897;677869;539071;47.6;37.9
77;2021-07-17;5796;9465;683665;548536;48.0;38.5
77;2021-07-18;4139;5329;687804;553865;48.3;38.9
77;2021-07-19;7518;8951;695322;562816;48.8;39.5
77;2021-07-20;9639;8038;704961;570854;49.5;40.1
77;2021-07-21;9527;7482;714488;578336;50.2;40.6
77;2021-07-22;10564;7552;725052;585888;50.9;41.2
77;2021-07-23;9873;8201;734925;594089;51.6;41.7
77;2021-07-24;7219;7874;742144;601963;52.1;42.3
77;2021-07-25;5899;4033;748043;605996;52.5;42.6
77;2021-07-26;9219;5975;757262;611971;53.2;43.0
77;2021-07-27;10964;6043;768226;618014;54.0;43.4
77;2021-07-28;9494;6422;777720;624436;54.6;43.9
77;2021-07-29;9538;5509;787258;629945;55.3;44.2
77;2021-07-30;9743;6363;797001;636308;56.0;44.7
77;2021-07-31;7268;6632;804269;642940;56.5;45.2
77;2021-08-01;2955;1215;807224;644155;56.7;45.2
77;2021-08-02;7130;5734;814354;649889;57.2;45.7
77;2021-08-03;5857;4520;820211;654409;57.6;46.0
77;2021-08-04;4732;4386;824943;658795;57.9;46.3
77;2021-08-05;3254;2970;828197;661765;58.2;46.5
77;2021-08-06;5889;5258;834086;667023;58.6;46.9
77;2021-08-07;5294;6794;839380;673817;59.0;47.3
77;2021-08-08;1980;1864;841360;675681;59.1;47.5
77;2021-08-09;5062;6581;846422;682262;59.5;47.9
77;2021-08-10;2675;3580;849097;685842;59.6;48.2
77;2021-08-11;3118;6195;852215;692037;59.9;48.6
77;2021-08-12;2257;3574;854472;695611;60.0;48.9
77;2021-08-13;2721;4896;857193;700507;60.2;49.2
77;2021-08-14;2954;7331;860147;707838;60.4;49.7
77;2021-08-15;787;774;860934;708612;60.5;49.8
77;2021-08-16;2370;6985;863304;715597;60.6;50.3
77;2021-08-17;2887;7210;866191;722807;60.8;50.8
77;2021-08-18;2681;6558;868872;729365;61.0;51.2
77;2021-08-19;2643;5103;871515;734468;61.2;51.6
77;2021-08-20;2676;5685;874191;740153;61.4;52.0
77;2021-08-21;2717;7329;876908;747482;61.6;52.5
77;2021-08-22;1731;5336;878639;752818;61.7;52.9
77;2021-08-23;2424;9617;881063;762435;61.9;53.6
77;2021-08-24;3043;9240;884106;771675;62.1;54.2
77;2021-08-25;2532;6529;886638;778204;62.3;54.7
77;2021-08-26;2544;6253;889182;784457;62.5;55.1
77;2021-08-27;2709;6993;891891;791450;62.7;55.6
77;2021-08-28;1955;7247;893846;798697;62.8;56.1
77;2021-08-29;1481;5149;895327;803846;62.9;56.5
77;2021-08-30;2509;8148;897836;811994;63.1;57.0
77;2021-08-31;2822;5733;900658;817727;63.3;57.4
77;2021-09-01;2207;3839;902865;821566;63.4;57.7
77;2021-09-02;1597;3139;904462;824705;63.5;57.9
77;2021-09-03;2073;4551;906535;829256;63.7;58.3
77;2021-09-04;2393;5773;908928;835029;63.8;58.7
77;2021-09-05;893;1554;909821;836583;63.9;58.8
77;2021-09-06;1038;2307;910859;838890;64.0;58.9
77;2021-09-07;824;2284;911683;841174;64.0;59.1
77;2021-09-08;1695;3580;913378;844754;64.2;59.3
77;2021-09-09;944;2198;914322;846952;64.2;59.5
77;2021-09-10;1168;2545;915490;849497;64.3;59.7
77;2021-09-11;2031;5692;917521;855189;64.5;60.1
77;2021-09-12;516;1416;918037;856605;64.5;60.2
78;2020-12-27;2;0;2;0;0.0;0.0
78;2020-12-28;0;0;2;0;0.0;0.0
78;2020-12-29;0;0;2;0;0.0;0.0
78;2020-12-30;0;0;2;0;0.0;0.0
78;2020-12-31;15;0;17;0;0.0;0.0
78;2021-01-01;1;0;18;0;0.0;0.0
78;2021-01-02;1;0;19;0;0.0;0.0
78;2021-01-03;3;0;22;0;0.0;0.0
78;2021-01-04;145;3;167;3;0.0;0.0
78;2021-01-05;175;1;342;4;0.0;0.0
78;2021-01-06;208;3;550;7;0.0;0.0
78;2021-01-07;469;2;1019;9;0.1;0.0
78;2021-01-08;651;3;1670;12;0.1;0.0
78;2021-01-09;22;0;1692;12;0.1;0.0
78;2021-01-10;2;0;1694;12;0.1;0.0
78;2021-01-11;792;3;2486;15;0.2;0.0
78;2021-01-12;945;5;3431;20;0.2;0.0
78;2021-01-13;740;8;4171;28;0.3;0.0
78;2021-01-14;811;9;4982;37;0.3;0.0
78;2021-01-15;847;10;5829;47;0.4;0.0
78;2021-01-16;32;0;5861;47;0.4;0.0
78;2021-01-17;0;0;5861;47;0.4;0.0
78;2021-01-18;1382;21;7243;68;0.5;0.0
78;2021-01-19;1841;27;9084;95;0.6;0.0
78;2021-01-20;1659;15;10743;110;0.7;0.0
78;2021-01-21;3256;16;13999;126;1.0;0.0
78;2021-01-22;2217;16;16216;142;1.1;0.0
78;2021-01-23;279;0;16495;142;1.1;0.0
78;2021-01-24;5;0;16500;142;1.1;0.0
78;2021-01-25;959;29;17459;171;1.2;0.0
78;2021-01-26;1560;19;19019;190;1.3;0.0
78;2021-01-27;2061;42;21080;232;1.5;0.0
78;2021-01-28;2436;100;23516;332;1.6;0.0
78;2021-01-29;1490;58;25006;390;1.7;0.0
78;2021-01-30;210;3;25216;393;1.7;0.0
78;2021-01-31;3;0;25219;393;1.7;0.0
78;2021-02-01;786;212;26005;605;1.8;0.0
78;2021-02-02;968;324;26973;929;1.9;0.1
78;2021-02-03;975;223;27948;1152;1.9;0.1
78;2021-02-04;1117;415;29065;1567;2.0;0.1
78;2021-02-05;1191;464;30256;2031;2.1;0.1
78;2021-02-06;199;44;30455;2075;2.1;0.1
78;2021-02-07;139;13;30594;2088;2.1;0.1
78;2021-02-08;760;551;31354;2639;2.2;0.2
78;2021-02-09;1122;894;32476;3533;2.2;0.2
78;2021-02-10;1247;1101;33723;4634;2.3;0.3
78;2021-02-11;1820;1800;35543;6434;2.5;0.4
78;2021-02-12;1820;1268;37363;7702;2.6;0.5
78;2021-02-13;173;64;37536;7766;2.6;0.5
78;2021-02-14;27;23;37563;7789;2.6;0.5
78;2021-02-15;447;1167;38010;8956;2.6;0.6
78;2021-02-16;629;1341;38639;10297;2.7;0.7
78;2021-02-17;587;1972;39226;12269;2.7;0.8
78;2021-02-18;997;2032;40223;14301;2.8;1.0
78;2021-02-19;820;1523;41043;15824;2.8;1.1
78;2021-02-20;148;104;41191;15928;2.8;1.1
78;2021-02-21;0;12;41191;15940;2.8;1.1
78;2021-02-22;502;857;41693;16797;2.9;1.2
78;2021-02-23;540;952;42233;17749;2.9;1.2
78;2021-02-24;619;1059;42852;18808;3.0;1.3
78;2021-02-25;866;969;43718;19777;3.0;1.4
78;2021-02-26;1132;1057;44850;20834;3.1;1.4
78;2021-02-27;740;128;45590;20962;3.1;1.4
78;2021-02-28;68;18;45658;20980;3.2;1.4
78;2021-03-01;966;742;46624;21722;3.2;1.5
78;2021-03-02;1727;929;48351;22651;3.3;1.6
78;2021-03-03;1965;1082;50316;23733;3.5;1.6
78;2021-03-04;2949;1458;53265;25191;3.7;1.7
78;2021-03-05;3255;1512;56520;26703;3.9;1.8
78;2021-03-06;6246;287;62766;26990;4.3;1.9
78;2021-03-07;3444;102;66210;27092;4.6;1.9
78;2021-03-08;1459;695;67669;27787;4.7;1.9
78;2021-03-09;2942;855;70611;28642;4.9;2.0
78;2021-03-10;3079;1074;73690;29716;5.1;2.1
78;2021-03-11;4177;1282;77867;30998;5.4;2.1
78;2021-03-12;5372;1313;83239;32311;5.7;2.2
78;2021-03-13;4658;198;87897;32509;6.1;2.2
78;2021-03-14;1036;42;88933;32551;6.1;2.2
78;2021-03-15;3620;266;92553;32817;6.4;2.3
78;2021-03-16;2566;561;95119;33378;6.6;2.3
78;2021-03-17;2968;438;98087;33816;6.8;2.3
78;2021-03-18;3781;449;101868;34265;7.0;2.4
78;2021-03-19;5319;487;107187;34752;7.4;2.4
78;2021-03-20;2258;127;109445;34879;7.6;2.4
78;2021-03-21;165;7;109610;34886;7.6;2.4
78;2021-03-22;3532;377;113142;35263;7.8;2.4
78;2021-03-23;5232;540;118374;35803;8.2;2.5
78;2021-03-24;4893;552;123267;36355;8.5;2.5
78;2021-03-25;6941;564;130208;36919;9.0;2.5
78;2021-03-26;6941;707;137149;37626;9.5;2.6
78;2021-03-27;3746;197;140895;37823;9.7;2.6
78;2021-03-28;1919;55;142814;37878;9.9;2.6
78;2021-03-29;3865;759;146679;38637;10.1;2.7
78;2021-03-30;5527;1054;152206;39691;10.5;2.7
78;2021-03-31;5333;1287;157539;40978;10.9;2.8
78;2021-04-01;5594;2350;163133;43328;11.3;3.0
78;2021-04-02;5194;2623;168327;45951;11.6;3.2
78;2021-04-03;2198;2561;170525;48512;11.8;3.3
78;2021-04-04;173;14;170698;48526;11.8;3.3
78;2021-04-05;199;19;170897;48545;11.8;3.4
78;2021-04-06;3618;2306;174515;50851;12.0;3.5
78;2021-04-07;4357;2584;178872;53435;12.3;3.7
78;2021-04-08;5525;2672;184397;56107;12.7;3.9
78;2021-04-09;6909;2444;191306;58551;13.2;4.0
78;2021-04-10;3994;1901;195300;60452;13.5;4.2
78;2021-04-11;374;606;195674;61058;13.5;4.2
78;2021-04-12;3532;2357;199206;63415;13.8;4.4
78;2021-04-13;5460;2491;204666;65906;14.1;4.5
78;2021-04-14;4956;3382;209622;69288;14.5;4.8
78;2021-04-15;4616;3850;214238;73138;14.8;5.0
78;2021-04-16;5626;4016;219864;77154;15.2;5.3
78;2021-04-17;3615;717;223479;77871;15.4;5.4
78;2021-04-18;272;42;223751;77913;15.4;5.4
78;2021-04-19;3244;2813;226995;80726;15.7;5.6
78;2021-04-20;4710;3683;231705;84409;16.0;5.8
78;2021-04-21;4534;3507;236239;87916;16.3;6.1
78;2021-04-22;4565;4693;240804;92609;16.6;6.4
78;2021-04-23;5061;4431;245865;97040;17.0;6.7
78;2021-04-24;4866;2620;250731;99660;17.3;6.9
78;2021-04-25;3047;1733;253778;101393;17.5;7.0
78;2021-04-26;4770;3318;258548;104711;17.8;7.2
78;2021-04-27;5472;4300;264020;109011;18.2;7.5
78;2021-04-28;5651;4775;269671;113786;18.6;7.9
78;2021-04-29;6264;4058;275935;117844;19.0;8.1
78;2021-04-30;7208;4446;283143;122290;19.5;8.4
78;2021-05-01;612;254;283755;122544;19.6;8.5
78;2021-05-02;2008;165;285763;122709;19.7;8.5
78;2021-05-03;7463;1276;293226;123985;20.2;8.6
78;2021-05-04;6078;3980;299304;127965;20.7;8.8
78;2021-05-05;7300;4548;306604;132513;21.2;9.1
78;2021-05-06;6481;5168;313085;137681;21.6;9.5
78;2021-05-07;8313;5127;321398;142808;22.2;9.9
78;2021-05-08;2917;1446;324315;144254;22.4;10.0
78;2021-05-09;2819;350;327134;144604;22.6;10.0
78;2021-05-10;7343;4452;334477;149056;23.1;10.3
78;2021-05-11;8143;5413;342620;154469;23.7;10.7
78;2021-05-12;8734;3917;351354;158386;24.3;10.9
78;2021-05-13;6631;600;357985;158986;24.7;11.0
78;2021-05-14;10218;2214;368203;161200;25.4;11.1
78;2021-05-15;4936;2361;373139;163561;25.8;11.3
78;2021-05-16;3697;793;376836;164354;26.0;11.3
78;2021-05-17;8743;1348;385579;165702;26.6;11.4
78;2021-05-18;9888;1890;395467;167592;27.3;11.6
78;2021-05-19;11654;1710;407121;169302;28.1;11.7
78;2021-05-20;11599;2263;418720;171565;28.9;11.8
78;2021-05-21;12131;2628;430851;174193;29.7;12.0
78;2021-05-22;6546;1364;437397;175557;30.2;12.1
78;2021-05-23;3126;390;440523;175947;30.4;12.1
78;2021-05-24;3523;418;444046;176365;30.7;12.2
78;2021-05-25;9988;2504;454034;178869;31.3;12.3
78;2021-05-26;10166;3775;464200;182644;32.0;12.6
78;2021-05-27;10959;4639;475159;187283;32.8;12.9
78;2021-05-28;11413;6019;486572;193302;33.6;13.3
78;2021-05-29;4228;3383;490800;196685;33.9;13.6
78;2021-05-30;136;344;490936;197029;33.9;13.6
78;2021-05-31;7971;5357;498907;202386;34.4;14.0
78;2021-06-01;10027;6523;508934;208909;35.1;14.4
78;2021-06-02;8586;6199;517520;215108;35.7;14.8
78;2021-06-03;9897;6474;527417;221582;36.4;15.3
78;2021-06-04;9795;8145;537212;229727;37.1;15.9
78;2021-06-05;5522;6132;542734;235859;37.5;16.3
78;2021-06-06;2151;2009;544885;237868;37.6;16.4
78;2021-06-07;8124;6520;553009;244388;38.2;16.9
78;2021-06-08;8066;7321;561075;251709;38.7;17.4
78;2021-06-09;7327;6730;568402;258439;39.2;17.8
78;2021-06-10;7113;7098;575515;265537;39.7;18.3
78;2021-06-11;7585;8183;583100;273720;40.3;18.9
78;2021-06-12;6374;2918;589474;276638;40.7;19.1
78;2021-06-13;946;2458;590420;279096;40.8;19.3
78;2021-06-14;3414;9811;593834;288907;41.0;19.9
78;2021-06-15;5803;8287;599637;297194;41.4;20.5
78;2021-06-16;5434;8625;605071;305819;41.8;21.1
78;2021-06-17;5486;8536;610557;314355;42.1;21.7
78;2021-06-18;6168;9799;616725;324154;42.6;22.4
78;2021-06-19;5222;4816;621947;328970;42.9;22.7
78;2021-06-20;624;2838;622571;331808;43.0;22.9
78;2021-06-21;4100;9471;626671;341279;43.3;23.6
78;2021-06-22;3350;10318;630021;351597;43.5;24.3
78;2021-06-23;3842;10393;633863;361990;43.8;25.0
78;2021-06-24;3799;9977;637662;371967;44.0;25.7
78;2021-06-25;4004;13146;641666;385113;44.3;26.6
78;2021-06-26;4211;7954;645877;393067;44.6;27.1
78;2021-06-27;1040;2541;646917;395608;44.7;27.3
78;2021-06-28;3294;10900;650211;406508;44.9;28.1
78;2021-06-29;3540;11252;653751;417760;45.1;28.8
78;2021-06-30;4113;13225;657864;430985;45.4;29.8
78;2021-07-01;4108;12698;661972;443683;45.7;30.6
78;2021-07-02;4262;13940;666234;457623;46.0;31.6
78;2021-07-03;3161;8620;669395;466243;46.2;32.2
78;2021-07-04;777;1742;670172;467985;46.3;32.3
78;2021-07-05;3388;9693;673560;477678;46.5;33.0
78;2021-07-06;3530;12043;677090;489721;46.7;33.8
78;2021-07-07;3773;11604;680863;501325;47.0;34.6
78;2021-07-08;3872;11679;684735;513004;47.3;35.4
78;2021-07-09;4810;12742;689545;525746;47.6;36.3
78;2021-07-10;2627;6612;692172;532358;47.8;36.7
78;2021-07-11;748;2047;692920;534405;47.8;36.9
78;2021-07-12;3037;11742;695957;546147;48.0;37.7
78;2021-07-13;5354;11977;701311;558124;48.4;38.5
78;2021-07-14;2534;4992;703845;563116;48.6;38.9
78;2021-07-15;5669;11955;709514;575071;49.0;39.7
78;2021-07-16;7290;10782;716804;585853;49.5;40.4
78;2021-07-17;4729;4892;721533;590745;49.8;40.8
78;2021-07-18;1124;468;722657;591213;49.9;40.8
78;2021-07-19;3842;10350;726499;601563;50.2;41.5
78;2021-07-20;5618;9924;732117;611487;50.5;42.2
78;2021-07-21;5906;9861;738023;621348;50.9;42.9
78;2021-07-22;5953;9291;743976;630639;51.4;43.5
78;2021-07-23;6240;9227;750216;639866;51.8;44.2
78;2021-07-24;2938;4966;753154;644832;52.0;44.5
78;2021-07-25;987;375;754141;645207;52.1;44.5
78;2021-07-26;4865;6987;759006;652194;52.4;45.0
78;2021-07-27;7601;6917;766607;659111;52.9;45.5
78;2021-07-28;6983;5931;773590;665042;53.4;45.9
78;2021-07-29;7908;6001;781498;671043;53.9;46.3
78;2021-07-30;7740;7043;789238;678086;54.5;46.8
78;2021-07-31;2652;2732;791890;680818;54.7;47.0
78;2021-08-01;108;72;791998;680890;54.7;47.0
78;2021-08-02;2403;2122;794401;683012;54.8;47.1
78;2021-08-03;4264;4251;798665;687263;55.1;47.4
78;2021-08-04;4463;2808;803128;690071;55.4;47.6
78;2021-08-05;3881;3171;807009;693242;55.7;47.9
78;2021-08-06;3980;3716;810989;696958;56.0;48.1
78;2021-08-07;2820;3441;813809;700399;56.2;48.3
78;2021-08-08;480;343;814289;700742;56.2;48.4
78;2021-08-09;1871;1660;816160;702402;56.3;48.5
78;2021-08-10;3399;3979;819559;706381;56.6;48.8
78;2021-08-11;2974;3380;822533;709761;56.8;49.0
78;2021-08-12;2737;3542;825270;713303;57.0;49.2
78;2021-08-13;2861;3181;828131;716484;57.2;49.5
78;2021-08-14;2299;3085;830430;719569;57.3;49.7
78;2021-08-15;278;378;830708;719947;57.3;49.7
78;2021-08-16;908;2337;831616;722284;57.4;49.9
78;2021-08-17;2787;4422;834403;726706;57.6;50.2
78;2021-08-18;2454;3816;836857;730522;57.8;50.4
78;2021-08-19;2229;3581;839086;734103;57.9;50.7
78;2021-08-20;2086;4000;841172;738103;58.1;51.0
78;2021-08-21;1884;3584;843056;741687;58.2;51.2
78;2021-08-22;85;147;843141;741834;58.2;51.2
78;2021-08-23;2141;4244;845282;746078;58.4;51.5
78;2021-08-24;3619;6970;848901;753048;58.6;52.0
78;2021-08-25;3282;6590;852183;759638;58.8;52.4
78;2021-08-26;2969;7229;855152;766867;59.0;52.9
78;2021-08-27;2847;7368;857999;774235;59.2;53.4
78;2021-08-28;2422;5266;860421;779501;59.4;53.8
78;2021-08-29;369;351;860790;779852;59.4;53.8
78;2021-08-30;2856;5069;863646;784921;59.6;54.2
78;2021-08-31;3446;5808;867092;790729;59.9;54.6
78;2021-09-01;2706;5264;869798;795993;60.0;54.9
78;2021-09-02;2086;4402;871884;800395;60.2;55.3
78;2021-09-03;2241;4712;874125;805107;60.3;55.6
78;2021-09-04;2472;4246;876597;809353;60.5;55.9
78;2021-09-05;289;383;876886;809736;60.5;55.9
78;2021-09-06;1277;2995;878163;812731;60.6;56.1
78;2021-09-07;1347;3497;879510;816228;60.7;56.3
78;2021-09-08;1675;3788;881185;820016;60.8;56.6
78;2021-09-09;1064;3297;882249;823313;60.9;56.8
78;2021-09-10;1359;3456;883608;826769;61.0;57.1
78;2021-09-11;2030;4133;885638;830902;61.1;57.4
78;2021-09-12;73;165;885711;831067;61.1;57.4
79;2020-12-27;0;0;0;0;0.0;0.0
79;2020-12-28;3;0;3;0;0.0;0.0
79;2020-12-29;0;0;3;0;0.0;0.0
79;2020-12-30;0;0;3;0;0.0;0.0
79;2020-12-31;0;0;3;0;0.0;0.0
79;2021-01-01;0;0;3;0;0.0;0.0
79;2021-01-02;0;0;3;0;0.0;0.0
79;2021-01-03;0;0;3;0;0.0;0.0
79;2021-01-04;1;0;4;0;0.0;0.0
79;2021-01-05;0;0;4;0;0.0;0.0
79;2021-01-06;0;0;4;0;0.0;0.0
79;2021-01-07;158;0;162;0;0.0;0.0
79;2021-01-08;165;0;327;0;0.1;0.0
79;2021-01-09;99;0;426;0;0.1;0.0
79;2021-01-10;3;0;429;0;0.1;0.0
79;2021-01-11;184;1;613;1;0.2;0.0
79;2021-01-12;245;1;858;2;0.2;0.0
79;2021-01-13;258;0;1116;2;0.3;0.0
79;2021-01-14;505;8;1621;10;0.4;0.0
79;2021-01-15;616;5;2237;15;0.6;0.0
79;2021-01-16;66;0;2303;15;0.6;0.0
79;2021-01-17;0;0;2303;15;0.6;0.0
79;2021-01-18;477;2;2780;17;0.7;0.0
79;2021-01-19;1361;1;4141;18;1.1;0.0
79;2021-01-20;1677;1;5818;19;1.6;0.0
79;2021-01-21;1998;7;7816;26;2.1;0.0
79;2021-01-22;874;4;8690;30;2.3;0.0
79;2021-01-23;65;0;8755;30;2.3;0.0
79;2021-01-24;0;0;8755;30;2.3;0.0
79;2021-01-25;646;7;9401;37;2.5;0.0
79;2021-01-26;593;13;9994;50;2.7;0.0
79;2021-01-27;740;83;10734;133;2.9;0.0
79;2021-01-28;733;148;11467;281;3.1;0.1
79;2021-01-29;492;84;11959;365;3.2;0.1
79;2021-01-30;0;0;11959;365;3.2;0.1
79;2021-01-31;0;0;11959;365;3.2;0.1
79;2021-02-01;207;107;12166;472;3.3;0.1
79;2021-02-02;335;73;12501;545;3.4;0.1
79;2021-02-03;390;58;12891;603;3.5;0.2
79;2021-02-04;324;107;13215;710;3.5;0.2
79;2021-02-05;360;275;13575;985;3.6;0.3
79;2021-02-06;4;0;13579;985;3.6;0.3
79;2021-02-07;22;0;13601;985;3.7;0.3
79;2021-02-08;283;164;13884;1149;3.7;0.3
79;2021-02-09;457;759;14341;1908;3.8;0.5
79;2021-02-10;619;1167;14960;3075;4.0;0.8
79;2021-02-11;777;1199;15737;4274;4.2;1.1
79;2021-02-12;467;729;16204;5003;4.3;1.3
79;2021-02-13;53;66;16257;5069;4.4;1.4
79;2021-02-14;0;0;16257;5069;4.4;1.4
79;2021-02-15;186;450;16443;5519;4.4;1.5
79;2021-02-16;333;686;16776;6205;4.5;1.7
79;2021-02-17;249;796;17025;7001;4.6;1.9
79;2021-02-18;353;874;17378;7875;4.7;2.1
79;2021-02-19;267;524;17645;8399;4.7;2.3
79;2021-02-20;4;19;17649;8418;4.7;2.3
79;2021-02-21;1;0;17650;8418;4.7;2.3
79;2021-02-22;136;422;17786;8840;4.8;2.4
79;2021-02-23;248;508;18034;9348;4.8;2.5
79;2021-02-24;245;480;18279;9828;4.9;2.6
79;2021-02-25;519;435;18798;10263;5.0;2.8
79;2021-02-26;599;360;19397;10623;5.2;2.9
79;2021-02-27;407;6;19804;10629;5.3;2.9
79;2021-02-28;35;0;19839;10629;5.3;2.9
79;2021-03-01;89;326;19928;10955;5.3;2.9
79;2021-03-02;302;477;20230;11432;5.4;3.1
79;2021-03-03;662;499;20892;11931;5.6;3.2
79;2021-03-04;904;536;21796;12467;5.8;3.3
79;2021-03-05;1217;428;23013;12895;6.2;3.5
79;2021-03-06;611;5;23624;12900;6.3;3.5
79;2021-03-07;77;1;23701;12901;6.4;3.5
79;2021-03-08;344;298;24045;13199;6.5;3.5
79;2021-03-09;841;326;24886;13525;6.7;3.6
79;2021-03-10;1146;390;26032;13915;7.0;3.7
79;2021-03-11;1640;320;27672;14235;7.4;3.8
79;2021-03-12;1721;115;29393;14350;7.9;3.9
79;2021-03-13;1136;13;30529;14363;8.2;3.9
79;2021-03-14;50;0;30579;14363;8.2;3.9
79;2021-03-15;497;157;31076;14520;8.3;3.9
79;2021-03-16;735;146;31811;14666;8.5;3.9
79;2021-03-17;578;107;32389;14773;8.7;4.0
79;2021-03-18;553;201;32942;14974;8.8;4.0
79;2021-03-19;662;258;33604;15232;9.0;4.1
79;2021-03-20;1007;14;34611;15246;9.3;4.1
79;2021-03-21;3;0;34614;15246;9.3;4.1
79;2021-03-22;957;205;35571;15451;9.5;4.1
79;2021-03-23;1595;170;37166;15621;10.0;4.2
79;2021-03-24;1832;163;38998;15784;10.5;4.2
79;2021-03-25;2499;190;41497;15974;11.1;4.3
79;2021-03-26;2406;137;43903;16111;11.8;4.3
79;2021-03-27;769;18;44672;16129;12.0;4.3
79;2021-03-28;1;0;44673;16129;12.0;4.3
79;2021-03-29;2148;115;46821;16244;12.6;4.4
79;2021-03-30;2817;64;49638;16308;13.3;4.4
79;2021-03-31;2777;380;52415;16688;14.1;4.5
79;2021-04-01;2697;382;55112;17070;14.8;4.6
79;2021-04-02;2823;394;57935;17464;15.5;4.7
79;2021-04-03;634;53;58569;17517;15.7;4.7
79;2021-04-04;3;0;58572;17517;15.7;4.7
79;2021-04-05;381;4;58953;17521;15.8;4.7
79;2021-04-06;1794;584;60747;18105;16.3;4.9
79;2021-04-07;3117;729;63864;18834;17.1;5.1
79;2021-04-08;2631;697;66495;19531;17.8;5.2
79;2021-04-09;3738;546;70233;20077;18.8;5.4
79;2021-04-10;1466;385;71699;20462;19.2;5.5
79;2021-04-11;4;0;71703;20462;19.2;5.5
79;2021-04-12;1753;353;73456;20815;19.7;5.6
79;2021-04-13;2174;750;75630;21565;20.3;5.8
79;2021-04-14;2480;677;78110;22242;21.0;6.0
79;2021-04-15;2215;666;80325;22908;21.6;6.1
79;2021-04-16;1414;442;81739;23350;21.9;6.3
79;2021-04-17;581;352;82320;23702;22.1;6.4
79;2021-04-18;1;14;82321;23716;22.1;6.4
79;2021-04-19;1088;840;83409;24556;22.4;6.6
79;2021-04-20;1507;1230;84916;25786;22.8;6.9
79;2021-04-21;1419;1439;86335;27225;23.2;7.3
79;2021-04-22;1572;1085;87907;28310;23.6;7.6
79;2021-04-23;1316;1187;89223;29497;23.9;7.9
79;2021-04-24;653;462;89876;29959;24.1;8.0
79;2021-04-25;1;0;89877;29959;24.1;8.0
79;2021-04-26;1343;1813;91220;31772;24.5;8.5
79;2021-04-27;1898;2345;93118;34117;25.0;9.2
79;2021-04-28;1457;2866;94575;36983;25.4;9.9
79;2021-04-29;2105;2252;96680;39235;25.9;10.5
79;2021-04-30;2114;2456;98794;41691;26.5;11.2
79;2021-05-01;521;378;99315;42069;26.7;11.3
79;2021-05-02;1;11;99316;42080;26.7;11.3
79;2021-05-03;1182;1292;100498;43372;27.0;11.6
79;2021-05-04;1733;2329;102231;45701;27.4;12.3
79;2021-05-05;1695;2481;103926;48182;27.9;12.9
79;2021-05-06;2328;2222;106254;50404;28.5;13.5
79;2021-05-07;2088;2798;108342;53202;29.1;14.3
79;2021-05-08;199;506;108541;53708;29.1;14.4
79;2021-05-09;0;0;108541;53708;29.1;14.4
79;2021-05-10;1584;1787;110125;55495;29.6;14.9
79;2021-05-11;2310;1651;112435;57146;30.2;15.3
79;2021-05-12;2001;2680;114436;59826;30.7;16.1
79;2021-05-13;640;290;115076;60116;30.9;16.1
79;2021-05-14;2100;673;117176;60789;31.4;16.3
79;2021-05-15;1399;498;118575;61287;31.8;16.4
79;2021-05-16;1;22;118576;61309;31.8;16.5
79;2021-05-17;1876;1086;120452;62395;32.3;16.7
79;2021-05-18;2971;1272;123423;63667;33.1;17.1
79;2021-05-19;2897;968;126320;64635;33.9;17.3
79;2021-05-20;3106;1244;129426;65879;34.7;17.7
79;2021-05-21;2768;1066;132194;66945;35.5;18.0
79;2021-05-22;1084;262;133278;67207;35.8;18.0
79;2021-05-23;1;0;133279;67207;35.8;18.0
79;2021-05-24;161;20;133440;67227;35.8;18.0
79;2021-05-25;3199;990;136639;68217;36.7;18.3
79;2021-05-26;3313;852;139952;69069;37.6;18.5
79;2021-05-27;3590;1718;143542;70787;38.5;19.0
79;2021-05-28;3330;1817;146872;72604;39.4;19.5
79;2021-05-29;1073;450;147945;73054;39.7;19.6
79;2021-05-30;3;1;147948;73055;39.7;19.6
79;2021-05-31;2382;733;150330;73788;40.3;19.8
79;2021-06-01;3021;1572;153351;75360;41.2;20.2
79;2021-06-02;4067;1165;157418;76525;42.2;20.5
79;2021-06-03;4090;1755;161508;78280;43.3;21.0
79;2021-06-04;4144;2032;165652;80312;44.5;21.6
79;2021-06-05;2802;758;168454;81070;45.2;21.8
79;2021-06-06;696;39;169150;81109;45.4;21.8
79;2021-06-07;2809;1412;171959;82521;46.1;22.1
79;2021-06-08;2983;2067;174942;84588;46.9;22.7
79;2021-06-09;3631;1934;178573;86522;47.9;23.2
79;2021-06-10;3020;1965;181593;88487;48.7;23.7
79;2021-06-11;3768;2315;185361;90802;49.7;24.4
79;2021-06-12;1707;610;187068;91412;50.2;24.5
79;2021-06-13;214;24;187282;91436;50.3;24.5
79;2021-06-14;1247;1691;188529;93127;50.6;25.0
79;2021-06-15;1881;2360;190410;95487;51.1;25.6
79;2021-06-16;2206;2247;192616;97734;51.7;26.2
79;2021-06-17;2238;2613;194854;100347;52.3;26.9
79;2021-06-18;2413;2317;197267;102664;52.9;27.6
79;2021-06-19;1246;579;198513;103243;53.3;27.7
79;2021-06-20;3;2;198516;103245;53.3;27.7
79;2021-06-21;1233;2282;199749;105527;53.6;28.3
79;2021-06-22;1548;2869;201297;108396;54.0;29.1
79;2021-06-23;1771;2549;203068;110945;54.5;29.8
79;2021-06-24;2107;2001;205175;112946;55.1;30.3
79;2021-06-25;1488;2838;206663;115784;55.5;31.1
79;2021-06-26;870;808;207533;116592;55.7;31.3
79;2021-06-27;13;6;207546;116598;55.7;31.3
79;2021-06-28;1056;2622;208602;119220;56.0;32.0
79;2021-06-29;1474;3551;210076;122771;56.4;32.9
79;2021-06-30;1355;3447;211431;126218;56.7;33.9
79;2021-07-01;1203;3785;212634;130003;57.1;34.9
79;2021-07-02;1489;3347;214123;133350;57.5;35.8
79;2021-07-03;399;1504;214522;134854;57.6;36.2
79;2021-07-04;2;9;214524;134863;57.6;36.2
79;2021-07-05;753;2119;215277;136982;57.8;36.8
79;2021-07-06;947;3663;216224;140645;58.0;37.7
79;2021-07-07;1333;4309;217557;144954;58.4;38.9
79;2021-07-08;1104;4043;218661;148997;58.7;40.0
79;2021-07-09;837;3718;219498;152715;58.9;41.0
79;2021-07-10;516;1316;220014;154031;59.0;41.3
79;2021-07-11;2;12;220016;154043;59.0;41.3
79;2021-07-12;545;3694;220561;157737;59.2;42.3
79;2021-07-13;999;5187;221560;162924;59.5;43.7
79;2021-07-14;134;874;221694;163798;59.5;44.0
79;2021-07-15;1234;4681;222928;168479;59.8;45.2
79;2021-07-16;1333;4363;224261;172842;60.2;46.4
79;2021-07-17;577;2426;224838;175268;60.3;47.0
79;2021-07-18;45;498;224883;175766;60.4;47.2
79;2021-07-19;736;3315;225619;179081;60.5;48.1
79;2021-07-20;1232;3947;226851;183028;60.9;49.1
79;2021-07-21;1179;4196;228030;187224;61.2;50.2
79;2021-07-22;1354;3973;229384;191197;61.6;51.3
79;2021-07-23;1350;4553;230734;195750;61.9;52.5
79;2021-07-24;865;1499;231599;197249;62.2;52.9
79;2021-07-25;55;326;231654;197575;62.2;53.0
79;2021-07-26;1374;2598;233028;200173;62.5;53.7
79;2021-07-27;2084;2996;235112;203169;63.1;54.5
79;2021-07-28;2498;2493;237610;205662;63.8;55.2
79;2021-07-29;3009;2863;240619;208525;64.6;56.0
79;2021-07-30;2138;2818;242757;211343;65.1;56.7
79;2021-07-31;888;1157;243645;212500;65.4;57.0
79;2021-08-01;5;3;243650;212503;65.4;57.0
79;2021-08-02;1796;1545;245446;214048;65.9;57.4
79;2021-08-03;2821;2051;248267;216099;66.6;58.0
79;2021-08-04;2987;1744;251254;217843;67.4;58.5
79;2021-08-05;2901;2213;254155;220056;68.2;59.1
79;2021-08-06;2529;1636;256684;221692;68.9;59.5
79;2021-08-07;872;812;257556;222504;69.1;59.7
79;2021-08-08;4;3;257560;222507;69.1;59.7
79;2021-08-09;2493;1085;260053;223592;69.8;60.0
79;2021-08-10;2976;1545;263029;225137;70.6;60.4
79;2021-08-11;2580;1660;265609;226797;71.3;60.9
79;2021-08-12;2766;1424;268375;228221;72.0;61.2
79;2021-08-13;2872;1060;271247;229281;72.8;61.5
79;2021-08-14;518;391;271765;229672;72.9;61.6
79;2021-08-15;7;5;271772;229677;72.9;61.6
79;2021-08-16;1762;1195;273534;230872;73.4;62.0
79;2021-08-17;2101;1590;275635;232462;74.0;62.4
79;2021-08-18;1919;1914;277554;234376;74.5;62.9
79;2021-08-19;1616;1708;279170;236084;74.9;63.4
79;2021-08-20;1508;2159;280678;238243;75.3;63.9
79;2021-08-21;240;542;280918;238785;75.4;64.1
79;2021-08-22;1;21;280919;238806;75.4;64.1
79;2021-08-23;858;2175;281777;240981;75.6;64.7
79;2021-08-24;1065;2483;282842;243464;75.9;65.3
79;2021-08-25;1044;2760;283886;246224;76.2;66.1
79;2021-08-26;1015;2329;284901;248553;76.5;66.7
79;2021-08-27;610;2057;285511;250610;76.6;67.3
79;2021-08-28;295;839;285806;251449;76.7;67.5
79;2021-08-29;7;5;285813;251454;76.7;67.5
79;2021-08-30;553;2366;286366;253820;76.9;68.1
79;2021-08-31;633;2537;286999;256357;77.0;68.8
79;2021-09-01;647;2692;287646;259049;77.2;69.5
79;2021-09-02;755;2510;288401;261559;77.4;70.2
79;2021-09-03;632;2793;289033;264352;77.6;70.9
79;2021-09-04;266;722;289299;265074;77.6;71.1
79;2021-09-05;12;24;289311;265098;77.6;71.1
79;2021-09-06;329;1900;289640;266998;77.7;71.7
79;2021-09-07;342;2139;289982;269137;77.8;72.2
79;2021-09-08;538;2234;290520;271371;78.0;72.8
79;2021-09-09;315;1761;290835;273132;78.0;73.3
79;2021-09-10;416;2282;291251;275414;78.2;73.9
79;2021-09-11;151;868;291402;276282;78.2;74.1
79;2021-09-12;0;0;291402;276282;78.2;74.1
80;2020-12-27;0;0;0;0;0.0;0.0
80;2020-12-28;0;0;0;0;0.0;0.0
80;2020-12-29;11;0;11;0;0.0;0.0
80;2020-12-30;0;0;11;0;0.0;0.0
80;2020-12-31;0;0;11;0;0.0;0.0
80;2021-01-01;0;0;11;0;0.0;0.0
80;2021-01-02;0;0;11;0;0.0;0.0
80;2021-01-03;1;0;12;0;0.0;0.0
80;2021-01-04;0;0;12;0;0.0;0.0
80;2021-01-05;0;0;12;0;0.0;0.0
80;2021-01-06;30;0;42;0;0.0;0.0
80;2021-01-07;276;2;318;2;0.1;0.0
80;2021-01-08;330;0;648;2;0.1;0.0
80;2021-01-09;108;0;756;2;0.1;0.0
80;2021-01-10;21;0;777;2;0.1;0.0
80;2021-01-11;276;0;1053;2;0.2;0.0
80;2021-01-12;428;1;1481;3;0.3;0.0
80;2021-01-13;514;4;1995;7;0.4;0.0
80;2021-01-14;453;4;2448;11;0.4;0.0
80;2021-01-15;331;1;2779;12;0.5;0.0
80;2021-01-16;103;1;2882;13;0.5;0.0
80;2021-01-17;102;1;2984;14;0.5;0.0
80;2021-01-18;412;2;3396;16;0.6;0.0
80;2021-01-19;962;15;4358;31;0.8;0.0
80;2021-01-20;1086;10;5444;41;1.0;0.0
80;2021-01-21;1011;9;6455;50;1.1;0.0
80;2021-01-22;1113;3;7568;53;1.3;0.0
80;2021-01-23;907;3;8475;56;1.5;0.0
80;2021-01-24;824;5;9299;61;1.6;0.0
80;2021-01-25;1543;10;10842;71;1.9;0.0
80;2021-01-26;1480;11;12322;82;2.2;0.0
80;2021-01-27;822;22;13144;104;2.3;0.0
80;2021-01-28;623;157;13767;261;2.4;0.0
80;2021-01-29;637;190;14404;451;2.5;0.1
80;2021-01-30;87;54;14491;505;2.5;0.1
80;2021-01-31;0;0;14491;505;2.5;0.1
80;2021-02-01;26;236;14517;741;2.5;0.1
80;2021-02-02;21;417;14538;1158;2.6;0.2
80;2021-02-03;29;487;14567;1645;2.6;0.3
80;2021-02-04;278;311;14845;1956;2.6;0.3
80;2021-02-05;347;198;15192;2154;2.7;0.4
80;2021-02-06;168;58;15360;2212;2.7;0.4
80;2021-02-07;1;0;15361;2212;2.7;0.4
80;2021-02-08;426;206;15787;2418;2.8;0.4
80;2021-02-09;686;229;16473;2647;2.9;0.5
80;2021-02-10;606;456;17079;3103;3.0;0.5
80;2021-02-11;862;308;17941;3411;3.1;0.6
80;2021-02-12;945;289;18886;3700;3.3;0.6
80;2021-02-13;197;402;19083;4102;3.3;0.7
80;2021-02-14;78;546;19161;4648;3.4;0.8
80;2021-02-15;606;960;19767;5608;3.5;1.0
80;2021-02-16;688;1007;20455;6615;3.6;1.2
80;2021-02-17;485;1024;20940;7639;3.7;1.3
80;2021-02-18;569;934;21509;8573;3.8;1.5
80;2021-02-19;503;695;22012;9268;3.9;1.6
80;2021-02-20;22;381;22034;9649;3.9;1.7
80;2021-02-21;47;42;22081;9691;3.9;1.7
80;2021-02-22;148;485;22229;10176;3.9;1.8
80;2021-02-23;471;590;22700;10766;4.0;1.9
80;2021-02-24;431;554;23131;11320;4.1;2.0
80;2021-02-25;815;430;23946;11750;4.2;2.1
80;2021-02-26;1063;426;25009;12176;4.4;2.1
80;2021-02-27;475;56;25484;12232;4.5;2.1
80;2021-02-28;49;22;25533;12254;4.5;2.2
80;2021-03-01;729;63;26262;12317;4.6;2.2
80;2021-03-02;1013;89;27275;12406;4.8;2.2
80;2021-03-03;982;53;28257;12459;5.0;2.2
80;2021-03-04;1391;214;29648;12673;5.2;2.2
80;2021-03-05;1874;312;31522;12985;5.5;2.3
80;2021-03-06;2918;330;34440;13315;6.0;2.3
80;2021-03-07;1842;76;36282;13391;6.4;2.4
80;2021-03-08;715;562;36997;13953;6.5;2.4
80;2021-03-09;1310;834;38307;14787;6.7;2.6
80;2021-03-10;1724;718;40031;15505;7.0;2.7
80;2021-03-11;1910;779;41941;16284;7.4;2.9
80;2021-03-12;3138;721;45079;17005;7.9;3.0
80;2021-03-13;4008;206;49087;17211;8.6;3.0
80;2021-03-14;350;13;49437;17224;8.7;3.0
80;2021-03-15;1014;242;50451;17466;8.9;3.1
80;2021-03-16;882;337;51333;17803;9.0;3.1
80;2021-03-17;665;272;51998;18075;9.1;3.2
80;2021-03-18;1002;290;53000;18365;9.3;3.2
80;2021-03-19;1739;372;54739;18737;9.6;3.3
80;2021-03-20;3822;117;58561;18854;10.3;3.3
80;2021-03-21;486;31;59047;18885;10.4;3.3
80;2021-03-22;903;287;59950;19172;10.5;3.4
80;2021-03-23;1713;413;61663;19585;10.8;3.4
80;2021-03-24;1755;465;63418;20050;11.1;3.5
80;2021-03-25;2715;445;66133;20495;11.6;3.6
80;2021-03-26;3105;405;69238;20900;12.2;3.7
80;2021-03-27;2237;226;71475;21126;12.5;3.7
80;2021-03-28;676;93;72151;21219;12.7;3.7
80;2021-03-29;1979;743;74130;21962;13.0;3.9
80;2021-03-30;1969;862;76099;22824;13.4;4.0
80;2021-03-31;1495;981;77594;23805;13.6;4.2
80;2021-04-01;1951;1482;79545;25287;14.0;4.4
80;2021-04-02;2811;1554;82356;26841;14.5;4.7
80;2021-04-03;3046;851;85402;27692;15.0;4.9
80;2021-04-04;134;8;85536;27700;15.0;4.9
80;2021-04-05;684;197;86220;27897;15.1;4.9
80;2021-04-06;1280;958;87500;28855;15.4;5.1
80;2021-04-07;1624;1195;89124;30050;15.6;5.3
80;2021-04-08;2154;841;91278;30891;16.0;5.4
80;2021-04-09;3530;1351;94808;32242;16.6;5.7
80;2021-04-10;2737;1946;97545;34188;17.1;6.0
80;2021-04-11;189;176;97734;34364;17.2;6.0
80;2021-04-12;1815;484;99549;34848;17.5;6.1
80;2021-04-13;2385;1031;101934;35879;17.9;6.3
80;2021-04-14;2770;1163;104704;37042;18.4;6.5
80;2021-04-15;3731;877;108435;37919;19.0;6.7
80;2021-04-16;3337;871;111772;38790;19.6;6.8
80;2021-04-17;1653;2293;113425;41083;19.9;7.2
80;2021-04-18;372;390;113797;41473;20.0;7.3
80;2021-04-19;951;772;114748;42245;20.1;7.4
80;2021-04-20;1612;819;116360;43064;20.4;7.6
80;2021-04-21;1612;995;117972;44059;20.7;7.7
80;2021-04-22;2167;1252;120139;45311;21.1;8.0
80;2021-04-23;2639;1244;122778;46555;21.5;8.2
80;2021-04-24;1356;1189;124134;47744;21.8;8.4
80;2021-04-25;209;531;124343;48275;21.8;8.5
80;2021-04-26;1295;1438;125638;49713;22.1;8.7
80;2021-04-27;2024;1396;127662;51109;22.4;9.0
80;2021-04-28;2199;1380;129861;52489;22.8;9.2
80;2021-04-29;3219;1866;133080;54355;23.4;9.5
80;2021-04-30;3081;2840;136161;57195;23.9;10.0
80;2021-05-01;987;658;137148;57853;24.1;10.2
80;2021-05-02;371;53;137519;57906;24.1;10.2
80;2021-05-03;2721;1185;140240;59091;24.6;10.4
80;2021-05-04;2495;1697;142735;60788;25.1;10.7
80;2021-05-05;3365;1894;146100;62682;25.6;11.0
80;2021-05-06;3172;2551;149272;65233;26.2;11.4
80;2021-05-07;3454;2686;152726;67919;26.8;11.9
80;2021-05-08;2782;925;155508;68844;27.3;12.1
80;2021-05-09;1408;269;156916;69113;27.5;12.1
80;2021-05-10;1880;1830;158796;70943;27.9;12.5
80;2021-05-11;3276;1796;162072;72739;28.4;12.8
80;2021-05-12;4703;1575;166775;74314;29.3;13.0
80;2021-05-13;3836;367;170611;74681;29.9;13.1
80;2021-05-14;5189;1394;175800;76075;30.9;13.4
80;2021-05-15;5918;1052;181718;77127;31.9;13.5
80;2021-05-16;2678;307;184396;77434;32.4;13.6
80;2021-05-17;2372;818;186768;78252;32.8;13.7
80;2021-05-18;3949;852;190717;79104;33.5;13.9
80;2021-05-19;4020;943;194737;80047;34.2;14.0
80;2021-05-20;4569;1214;199306;81261;35.0;14.3
80;2021-05-21;4892;1650;204198;82911;35.8;14.6
80;2021-05-22;5031;1156;209229;84067;36.7;14.8
80;2021-05-23;1783;237;211012;84304;37.0;14.8
80;2021-05-24;1469;159;212481;84463;37.3;14.8
80;2021-05-25;2622;1135;215103;85598;37.8;15.0
80;2021-05-26;4251;1702;219354;87300;38.5;15.3
80;2021-05-27;3977;2468;223331;89768;39.2;15.8
80;2021-05-28;3866;2970;227197;92738;39.9;16.3
80;2021-05-29;3699;1628;230896;94366;40.5;16.6
80;2021-05-30;1182;198;232078;94564;40.7;16.6
80;2021-05-31;2605;1371;234683;95935;41.2;16.8
80;2021-06-01;4033;2433;238716;98368;41.9;17.3
80;2021-06-02;3335;2004;242051;100372;42.5;17.6
80;2021-06-03;4268;2924;246319;103296;43.2;18.1
80;2021-06-04;4796;3083;251115;106379;44.1;18.7
80;2021-06-05;3561;2068;254676;108447;44.7;19.0
80;2021-06-06;802;211;255478;108658;44.8;19.1
80;2021-06-07;1753;1945;257231;110603;45.1;19.4
80;2021-06-08;2747;2551;259978;113154;45.6;19.9
80;2021-06-09;3010;2733;262988;115887;46.2;20.3
80;2021-06-10;3168;3167;266156;119054;46.7;20.9
80;2021-06-11;3223;3891;269379;122945;47.3;21.6
80;2021-06-12;3043;2325;272422;125270;47.8;22.0
80;2021-06-13;473;404;272895;125674;47.9;22.1
80;2021-06-14;1265;2851;274160;128525;48.1;22.6
80;2021-06-15;2315;3419;276475;131944;48.5;23.2
80;2021-06-16;1564;4213;278039;136157;48.8;23.9
80;2021-06-17;2361;3623;280400;139780;49.2;24.5
80;2021-06-18;2555;3900;282955;143680;49.7;25.2
80;2021-06-19;2989;4341;285944;148021;50.2;26.0
80;2021-06-20;203;1077;286147;149098;50.2;26.2
80;2021-06-21;1017;2619;287164;151717;50.4;26.6
80;2021-06-22;1153;3933;288317;155650;50.6;27.3
80;2021-06-23;1855;5290;290172;160940;50.9;28.2
80;2021-06-24;1701;4683;291873;165623;51.2;29.1
80;2021-06-25;1375;6122;293248;171745;51.5;30.1
80;2021-06-26;1936;6183;295184;177928;51.8;31.2
80;2021-06-27;333;2031;295517;179959;51.9;31.6
80;2021-06-28;909;3168;296426;183127;52.0;32.1
80;2021-06-29;1923;4619;298349;187746;52.4;33.0
80;2021-06-30;1252;4785;299601;192531;52.6;33.8
80;2021-07-01;1629;5000;301230;197531;52.9;34.7
80;2021-07-02;1879;5988;303109;203519;53.2;35.7
80;2021-07-03;1331;5267;304440;208786;53.4;36.6
80;2021-07-04;692;1471;305132;210257;53.6;36.9
80;2021-07-05;908;2964;306040;213221;53.7;37.4
80;2021-07-06;1873;3988;307913;217209;54.0;38.1
80;2021-07-07;1577;4506;309490;221715;54.3;38.9
80;2021-07-08;2098;5003;311588;226718;54.7;39.8
80;2021-07-09;2619;5471;314207;232189;55.1;40.8
80;2021-07-10;1635;4017;315842;236206;55.4;41.5
80;2021-07-11;406;805;316248;237011;55.5;41.6
80;2021-07-12;882;3379;317130;240390;55.7;42.2
80;2021-07-13;2102;5084;319232;245474;56.0;43.1
80;2021-07-14;2803;1748;322035;247222;56.5;43.4
80;2021-07-15;2808;5297;324843;252519;57.0;44.3
80;2021-07-16;3896;5890;328739;258409;57.7;45.4
80;2021-07-17;3384;4462;332123;262871;58.3;46.1
80;2021-07-18;875;896;332998;263767;58.4;46.3
80;2021-07-19;2163;2884;335161;266651;58.8;46.8
80;2021-07-20;3331;4903;338492;271554;59.4;47.7
80;2021-07-21;3510;4495;342002;276049;60.0;48.4
80;2021-07-22;4373;4572;346375;280621;60.8;49.3
80;2021-07-23;5408;4825;351783;285446;61.7;50.1
80;2021-07-24;4378;4344;356161;289790;62.5;50.9
80;2021-07-25;1186;650;357347;290440;62.7;51.0
80;2021-07-26;2682;2339;360029;292779;63.2;51.4
80;2021-07-27;4372;3706;364401;296485;64.0;52.0
80;2021-07-28;5102;2802;369503;299287;64.9;52.5
80;2021-07-29;4993;3229;374496;302516;65.7;53.1
80;2021-07-30;5028;3639;379524;306155;66.6;53.7
80;2021-07-31;4155;2929;383679;309084;67.3;54.2
80;2021-08-01;1289;362;384968;309446;67.6;54.3
80;2021-08-02;2059;1756;387027;311202;67.9;54.6
80;2021-08-03;3719;2363;390746;313565;68.6;55.0
80;2021-08-04;3368;2489;394114;316054;69.2;55.5
80;2021-08-05;3134;2572;397248;318626;69.7;55.9
80;2021-08-06;3248;2903;400496;321529;70.3;56.4
80;2021-08-07;2422;2665;402918;324194;70.7;56.9
80;2021-08-08;618;723;403536;324917;70.8;57.0
80;2021-08-09;1382;2120;404918;327037;71.1;57.4
80;2021-08-10;2351;2849;407269;329886;71.5;57.9
80;2021-08-11;1942;2481;409211;332367;71.8;58.3
80;2021-08-12;2237;2678;411448;335045;72.2;58.8
80;2021-08-13;1884;3153;413332;338198;72.5;59.4
80;2021-08-14;1411;2143;414743;340341;72.8;59.7
80;2021-08-15;318;673;415061;341014;72.8;59.9
80;2021-08-16;896;2517;415957;343531;73.0;60.3
80;2021-08-17;1709;3552;417666;347083;73.3;60.9
80;2021-08-18;1237;3712;418903;350795;73.5;61.6
80;2021-08-19;1563;3820;420466;354615;73.8;62.2
80;2021-08-20;1259;4433;421725;359048;74.0;63.0
80;2021-08-21;1075;2685;422800;361733;74.2;63.5
80;2021-08-22;145;680;422945;362413;74.2;63.6
80;2021-08-23;581;2997;423526;365410;74.3;64.1
80;2021-08-24;1091;4367;424617;369777;74.5;64.9
80;2021-08-25;970;3672;425587;373449;74.7;65.5
80;2021-08-26;955;3817;426542;377266;74.9;66.2
80;2021-08-27;1014;4455;427556;381721;75.0;67.0
80;2021-08-28;716;3348;428272;385069;75.2;67.6
80;2021-08-29;197;555;428469;385624;75.2;67.7
80;2021-08-30;499;2306;428968;387930;75.3;68.1
80;2021-08-31;748;3182;429716;391112;75.4;68.6
80;2021-09-01;674;2480;430390;393592;75.5;69.1
80;2021-09-02;525;2275;430915;395867;75.6;69.5
80;2021-09-03;758;3114;431673;398981;75.8;70.0
80;2021-09-04;951;2750;432624;401731;75.9;70.5
80;2021-09-05;165;373;432789;402104;76.0;70.6
80;2021-09-06;420;1557;433209;403661;76.0;70.8
80;2021-09-07;487;1839;433696;405500;76.1;71.2
80;2021-09-08;491;1872;434187;407372;76.2;71.5
80;2021-09-09;522;1765;434709;409137;76.3;71.8
80;2021-09-10;606;2059;435315;411196;76.4;72.2
80;2021-09-11;516;2106;435831;413302;76.5;72.5
80;2021-09-12;76;327;435907;413629;76.5;72.6
81;2020-12-27;0;0;0;0;0.0;0.0
81;2020-12-28;0;0;0;0;0.0;0.0
81;2020-12-29;0;0;0;0;0.0;0.0
81;2020-12-30;0;0;0;0;0.0;0.0
81;2020-12-31;0;0;0;0;0.0;0.0
81;2021-01-01;0;0;0;0;0.0;0.0
81;2021-01-02;0;0;0;0;0.0;0.0
81;2021-01-03;0;0;0;0;0.0;0.0
81;2021-01-04;1;0;1;0;0.0;0.0
81;2021-01-05;0;0;1;0;0.0;0.0
81;2021-01-06;5;0;6;0;0.0;0.0
81;2021-01-07;266;0;272;0;0.1;0.0
81;2021-01-08;312;1;584;1;0.2;0.0
81;2021-01-09;74;1;658;2;0.2;0.0
81;2021-01-10;1;0;659;2;0.2;0.0
81;2021-01-11;133;0;792;2;0.2;0.0
81;2021-01-12;167;0;959;2;0.2;0.0
81;2021-01-13;233;1;1192;3;0.3;0.0
81;2021-01-14;963;6;2155;9;0.6;0.0
81;2021-01-15;524;3;2679;12;0.7;0.0
81;2021-01-16;72;0;2751;12;0.7;0.0
81;2021-01-17;0;0;2751;12;0.7;0.0
81;2021-01-18;581;2;3332;14;0.9;0.0
81;2021-01-19;662;4;3994;18;1.0;0.0
81;2021-01-20;752;2;4746;20;1.2;0.0
81;2021-01-21;1186;4;5932;24;1.5;0.0
81;2021-01-22;856;2;6788;26;1.7;0.0
81;2021-01-23;221;2;7009;28;1.8;0.0
81;2021-01-24;102;0;7111;28;1.8;0.0
81;2021-01-25;568;3;7679;31;2.0;0.0
81;2021-01-26;634;4;8313;35;2.1;0.0
81;2021-01-27;551;1;8864;36;2.3;0.0
81;2021-01-28;700;204;9564;240;2.5;0.1
81;2021-01-29;303;172;9867;412;2.5;0.1
81;2021-01-30;204;34;10071;446;2.6;0.1
81;2021-01-31;104;0;10175;446;2.6;0.1
81;2021-02-01;320;120;10495;566;2.7;0.1
81;2021-02-02;445;129;10940;695;2.8;0.2
81;2021-02-03;476;213;11416;908;2.9;0.2
81;2021-02-04;1446;654;12862;1562;3.3;0.4
81;2021-02-05;870;305;13732;1867;3.5;0.5
81;2021-02-06;274;18;14006;1885;3.6;0.5
81;2021-02-07;103;0;14109;1885;3.6;0.5
81;2021-02-08;275;199;14384;2084;3.7;0.5
81;2021-02-09;419;191;14803;2275;3.8;0.6
81;2021-02-10;371;268;15174;2543;3.9;0.7
81;2021-02-11;651;374;15825;2917;4.1;0.8
81;2021-02-12;579;520;16404;3437;4.2;0.9
81;2021-02-13;188;110;16592;3547;4.3;0.9
81;2021-02-14;100;1;16692;3548;4.3;0.9
81;2021-02-15;234;354;16926;3902;4.4;1.0
81;2021-02-16;281;488;17207;4390;4.4;1.1
81;2021-02-17;242;409;17449;4799;4.5;1.2
81;2021-02-18;482;585;17931;5384;4.6;1.4
81;2021-02-19;570;327;18501;5711;4.8;1.5
81;2021-02-20;322;227;18823;5938;4.9;1.5
81;2021-02-21;23;70;18846;6008;4.9;1.5
81;2021-02-22;232;449;19078;6457;4.9;1.7
81;2021-02-23;168;507;19246;6964;5.0;1.8
81;2021-02-24;291;534;19537;7498;5.0;1.9
81;2021-02-25;716;945;20253;8443;5.2;2.2
81;2021-02-26;909;904;21162;9347;5.5;2.4
81;2021-02-27;275;222;21437;9569;5.5;2.5
81;2021-02-28;21;66;21458;9635;5.5;2.5
81;2021-03-01;208;371;21666;10006;5.6;2.6
81;2021-03-02;364;487;22030;10493;5.7;2.7
81;2021-03-03;462;380;22492;10873;5.8;2.8
81;2021-03-04;1061;428;23553;11301;6.1;2.9
81;2021-03-05;1407;360;24960;11661;6.4;3.0
81;2021-03-06;982;157;25942;11818;6.7;3.0
81;2021-03-07;154;94;26096;11912;6.7;3.1
81;2021-03-08;466;326;26562;12238;6.8;3.2
81;2021-03-09;814;348;27376;12586;7.1;3.2
81;2021-03-10;899;373;28275;12959;7.3;3.3
81;2021-03-11;1352;342;29627;13301;7.6;3.4
81;2021-03-12;1690;299;31317;13600;8.1;3.5
81;2021-03-13;1030;176;32347;13776;8.3;3.6
81;2021-03-14;66;82;32413;13858;8.4;3.6
81;2021-03-15;1093;222;33506;14080;8.6;3.6
81;2021-03-16;724;218;34230;14298;8.8;3.7
81;2021-03-17;893;277;35123;14575;9.1;3.8
81;2021-03-18;970;575;36093;15150;9.3;3.9
81;2021-03-19;1271;456;37364;15606;9.6;4.0
81;2021-03-20;677;285;38041;15891;9.8;4.1
81;2021-03-21;139;22;38180;15913;9.8;4.1
81;2021-03-22;933;277;39113;16190;10.1;4.2
81;2021-03-23;1421;221;40534;16411;10.4;4.2
81;2021-03-24;1606;264;42140;16675;10.9;4.3
81;2021-03-25;2028;322;44168;16997;11.4;4.4
81;2021-03-26;2101;284;46269;17281;11.9;4.5
81;2021-03-27;1092;37;47361;17318;12.2;4.5
81;2021-03-28;734;37;48095;17355;12.4;4.5
81;2021-03-29;2867;188;50962;17543;13.1;4.5
81;2021-03-30;3055;210;54017;17753;13.9;4.6
81;2021-03-31;2691;300;56708;18053;14.6;4.7
81;2021-04-01;3314;564;60022;18617;15.5;4.8
81;2021-04-02;2615;369;62637;18986;16.1;4.9
81;2021-04-03;1147;305;63784;19291;16.4;5.0
81;2021-04-04;1403;24;65187;19315;16.8;5.0
81;2021-04-05;719;21;65906;19336;17.0;5.0
81;2021-04-06;1599;512;67505;19848;17.4;5.1
81;2021-04-07;1817;583;69322;20431;17.9;5.3
81;2021-04-08;2619;820;71941;21251;18.5;5.5
81;2021-04-09;3052;478;74993;21729;19.3;5.6
81;2021-04-10;1476;515;76469;22244;19.7;5.7
81;2021-04-11;1298;70;77767;22314;20.0;5.8
81;2021-04-12;1220;685;78987;22999;20.4;5.9
81;2021-04-13;2529;790;81516;23789;21.0;6.1
81;2021-04-14;2507;834;84023;24623;21.7;6.3
81;2021-04-15;3098;1199;87121;25822;22.5;6.7
81;2021-04-16;2822;1090;89943;26912;23.2;6.9
81;2021-04-17;1145;295;91088;27207;23.5;7.0
81;2021-04-18;519;145;91607;27352;23.6;7.1
81;2021-04-19;913;819;92520;28171;23.9;7.3
81;2021-04-20;2270;1168;94790;29339;24.4;7.6
81;2021-04-21;2224;1006;97014;30345;25.0;7.8
81;2021-04-22;2817;1061;99831;31406;25.7;8.1
81;2021-04-23;2886;969;102717;32375;26.5;8.3
81;2021-04-24;1327;742;104044;33117;26.8;8.5
81;2021-04-25;454;715;104498;33832;26.9;8.7
81;2021-04-26;1061;2421;105559;36253;27.2;9.3
81;2021-04-27;1597;2348;107156;38601;27.6;10.0
81;2021-04-28;1427;2395;108583;40996;28.0;10.6
81;2021-04-29;1818;2740;110401;43736;28.5;11.3
81;2021-04-30;2014;2348;112415;46084;29.0;11.9
81;2021-05-01;362;685;112777;46769;29.1;12.1
81;2021-05-02;291;1376;113068;48145;29.1;12.4
81;2021-05-03;1115;1168;114183;49313;29.4;12.7
81;2021-05-04;2619;1907;116802;51220;30.1;13.2
81;2021-05-05;2016;1930;118818;53150;30.6;13.7
81;2021-05-06;2748;3454;121566;56604;31.3;14.6
81;2021-05-07;2128;2881;123694;59485;31.9;15.3
81;2021-05-08;963;878;124657;60363;32.1;15.6
81;2021-05-09;534;1351;125191;61714;32.3;15.9
81;2021-05-10;825;1600;126016;63314;32.5;16.3
81;2021-05-11;1661;2572;127677;65886;32.9;17.0
81;2021-05-12;1640;2463;129317;68349;33.3;17.6
81;2021-05-13;1216;564;130533;68913;33.7;17.8
81;2021-05-14;1890;1723;132423;70636;34.1;18.2
81;2021-05-15;1511;618;133934;71254;34.5;18.4
81;2021-05-16;1368;417;135302;71671;34.9;18.5
81;2021-05-17;1167;864;136469;72535;35.2;18.7
81;2021-05-18;1702;1422;138171;73957;35.6;19.1
81;2021-05-19;2643;1245;140814;75202;36.3;19.4
81;2021-05-20;2968;1351;143782;76553;37.1;19.7
81;2021-05-21;2740;1115;146522;77668;37.8;20.0
81;2021-05-22;2815;518;149337;78186;38.5;20.2
81;2021-05-23;1178;74;150515;78260;38.8;20.2
81;2021-05-24;837;81;151352;78341;39.0;20.2
81;2021-05-25;2493;1104;153845;79445;39.7;20.5
81;2021-05-26;1892;801;155737;80246;40.1;20.7
81;2021-05-27;2556;1543;158293;81789;40.8;21.1
81;2021-05-28;2566;1661;160859;83450;41.5;21.5
81;2021-05-29;1400;542;162259;83992;41.8;21.7
81;2021-05-30;935;219;163194;84211;42.1;21.7
81;2021-05-31;1183;1336;164377;85547;42.4;22.1
81;2021-06-01;1781;2696;166158;88243;42.8;22.7
81;2021-06-02;2006;2445;168164;90688;43.4;23.4
81;2021-06-03;2004;2531;170168;93219;43.9;24.0
81;2021-06-04;1844;2943;172012;96162;44.3;24.8
81;2021-06-05;1758;1307;173770;97469;44.8;25.1
81;2021-06-06;370;366;174140;97835;44.9;25.2
81;2021-06-07;1209;1540;175349;99375;45.2;25.6
81;2021-06-08;2371;2384;177720;101759;45.8;26.2
81;2021-06-09;2440;1867;180160;103626;46.4;26.7
81;2021-06-10;1279;1562;181439;105188;46.8;27.1
81;2021-06-11;2658;2198;184097;107386;47.5;27.7
81;2021-06-12;1659;1037;185756;108423;47.9;28.0
81;2021-06-13;444;475;186200;108898;48.0;28.1
81;2021-06-14;772;1416;186972;110314;48.2;28.4
81;2021-06-15;1678;3500;188650;113814;48.6;29.3
81;2021-06-16;1269;3013;189919;116827;49.0;30.1
81;2021-06-17;1344;2525;191263;119352;49.3;30.8
81;2021-06-18;1837;2770;193100;122122;49.8;31.5
81;2021-06-19;825;950;193925;123072;50.0;31.7
81;2021-06-20;405;536;194330;123608;50.1;31.9
81;2021-06-21;426;1038;194756;124646;50.2;32.1
81;2021-06-22;1061;2568;195817;127214;50.5;32.8
81;2021-06-23;1142;2158;196959;129372;50.8;33.4
81;2021-06-24;1115;1937;198074;131309;51.1;33.9
81;2021-06-25;1239;2865;199313;134174;51.4;34.6
81;2021-06-26;722;1712;200035;135886;51.6;35.0
81;2021-06-27;526;1646;200561;137532;51.7;35.5
81;2021-06-28;476;1540;201037;139072;51.8;35.9
81;2021-06-29;1083;2637;202120;141709;52.1;36.5
81;2021-06-30;1042;3153;203162;144862;52.4;37.3
81;2021-07-01;951;2628;204113;147490;52.6;38.0
81;2021-07-02;1070;2860;205183;150350;52.9;38.8
81;2021-07-03;732;2829;205915;153179;53.1;39.5
81;2021-07-04;268;1010;206183;154189;53.2;39.7
81;2021-07-05;703;1623;206886;155812;53.3;40.2
81;2021-07-06;975;3177;207861;158989;53.6;41.0
81;2021-07-07;1059;2436;208920;161425;53.9;41.6
81;2021-07-08;1030;2233;209950;163658;54.1;42.2
81;2021-07-09;1147;2702;211097;166360;54.4;42.9
81;2021-07-10;807;1523;211904;167883;54.6;43.3
81;2021-07-11;436;1012;212340;168895;54.7;43.5
81;2021-07-12;737;1726;213077;170621;54.9;44.0
81;2021-07-13;2066;3144;215143;173765;55.5;44.8
81;2021-07-14;1443;1572;216586;175337;55.8;45.2
81;2021-07-15;2546;2761;219132;178098;56.5;45.9
81;2021-07-16;2035;3031;221167;181129;57.0;46.7
81;2021-07-17;1219;2452;222386;183581;57.3;47.3
81;2021-07-18;672;1130;223058;184711;57.5;47.6
81;2021-07-19;1256;1734;224314;186445;57.8;48.1
81;2021-07-20;3066;2807;227380;189252;58.6;48.8
81;2021-07-21;3492;2346;230872;191598;59.5;49.4
81;2021-07-22;3561;2096;234433;193694;60.4;49.9
81;2021-07-23;3174;3248;237607;196942;61.3;50.8
81;2021-07-24;2519;1722;240126;198664;61.9;51.2
81;2021-07-25;1685;711;241811;199375;62.3;51.4
81;2021-07-26;2015;1546;243826;200921;62.9;51.8
81;2021-07-27;3620;2542;247446;203463;63.8;52.5
81;2021-07-28;3052;2205;250498;205668;64.6;53.0
81;2021-07-29;3355;1779;253853;207447;65.4;53.5
81;2021-07-30;2829;2262;256682;209709;66.2;54.1
81;2021-07-31;1948;1015;258630;210724;66.7;54.3
81;2021-08-01;836;637;259466;211361;66.9;54.5
81;2021-08-02;1082;989;260548;212350;67.2;54.7
81;2021-08-03;2362;2115;262910;214465;67.8;55.3
81;2021-08-04;2031;1534;264941;215999;68.3;55.7
81;2021-08-05;1541;1873;266482;217872;68.7;56.2
81;2021-08-06;1728;1971;268210;219843;69.1;56.7
81;2021-08-07;984;1042;269194;220885;69.4;56.9
81;2021-08-08;437;708;269631;221593;69.5;57.1
81;2021-08-09;804;659;270435;222252;69.7;57.3
81;2021-08-10;1607;2754;272042;225006;70.1;58.0
81;2021-08-11;1109;2408;273151;227414;70.4;58.6
81;2021-08-12;1062;2250;274213;229664;70.7;59.2
81;2021-08-13;871;2471;275084;232135;70.9;59.8
81;2021-08-14;501;1873;275585;234008;71.0;60.3
81;2021-08-15;141;1100;275726;235108;71.1;60.6
81;2021-08-16;632;1820;276358;236928;71.2;61.1
81;2021-08-17;1347;3102;277705;240030;71.6;61.9
81;2021-08-18;1064;2359;278769;242389;71.9;62.5
81;2021-08-19;939;2264;279708;244653;72.1;63.1
81;2021-08-20;924;2354;280632;247007;72.3;63.7
81;2021-08-21;469;1537;281101;248544;72.5;64.1
81;2021-08-22;184;930;281285;249474;72.5;64.3
81;2021-08-23;482;1263;281767;250737;72.6;64.6
81;2021-08-24;839;2540;282606;253277;72.9;65.3
81;2021-08-25;699;2053;283305;255330;73.0;65.8
81;2021-08-26;851;2107;284156;257437;73.3;66.4
81;2021-08-27;845;2183;285001;259620;73.5;66.9
81;2021-08-28;472;1417;285473;261037;73.6;67.3
81;2021-08-29;163;829;285636;261866;73.6;67.5
81;2021-08-30;416;1210;286052;263076;73.7;67.8
81;2021-08-31;825;2115;286877;265191;74.0;68.4
81;2021-09-01;648;1409;287525;266600;74.1;68.7
81;2021-09-02;567;1305;288092;267905;74.3;69.1
81;2021-09-03;578;1463;288670;269368;74.4;69.4
81;2021-09-04;496;931;289166;270299;74.5;69.7
81;2021-09-05;98;245;289264;270544;74.6;69.7
81;2021-09-06;271;677;289535;271221;74.6;69.9
81;2021-09-07;380;1378;289915;272599;74.7;70.3
81;2021-09-08;432;1257;290347;273856;74.9;70.6
81;2021-09-09;358;1007;290705;274863;74.9;70.9
81;2021-09-10;386;1213;291091;276076;75.0;71.2
81;2021-09-11;392;921;291483;276997;75.1;71.4
81;2021-09-12;76;241;291559;277238;75.2;71.5
82;2020-12-27;0;0;0;0;0.0;0.0
82;2020-12-28;2;0;2;0;0.0;0.0
82;2020-12-29;0;0;2;0;0.0;0.0
82;2020-12-30;0;0;2;0;0.0;0.0
82;2020-12-31;0;0;2;0;0.0;0.0
82;2021-01-01;0;0;2;0;0.0;0.0
82;2021-01-02;0;0;2;0;0.0;0.0
82;2021-01-03;0;0;2;0;0.0;0.0
82;2021-01-04;0;0;2;0;0.0;0.0
82;2021-01-05;86;0;88;0;0.0;0.0
82;2021-01-06;1;0;89;0;0.0;0.0
82;2021-01-07;75;0;164;0;0.1;0.0
82;2021-01-08;46;0;210;0;0.1;0.0
82;2021-01-09;77;0;287;0;0.1;0.0
82;2021-01-10;0;0;287;0;0.1;0.0
82;2021-01-11;94;0;381;0;0.1;0.0
82;2021-01-12;284;0;665;0;0.3;0.0
82;2021-01-13;336;1;1001;1;0.4;0.0
82;2021-01-14;444;2;1445;3;0.6;0.0
82;2021-01-15;612;2;2057;5;0.8;0.0
82;2021-01-16;230;3;2287;8;0.9;0.0
82;2021-01-17;89;0;2376;8;0.9;0.0
82;2021-01-18;432;0;2808;8;1.1;0.0
82;2021-01-19;482;1;3290;9;1.3;0.0
82;2021-01-20;663;2;3953;11;1.5;0.0
82;2021-01-21;447;1;4400;12;1.7;0.0
82;2021-01-22;483;2;4883;14;1.9;0.0
82;2021-01-23;151;0;5034;14;1.9;0.0
82;2021-01-24;0;0;5034;14;1.9;0.0
82;2021-01-25;376;0;5410;14;2.1;0.0
82;2021-01-26;468;0;5878;14;2.2;0.0
82;2021-01-27;519;0;6397;14;2.4;0.0
82;2021-01-28;586;34;6983;48;2.7;0.0
82;2021-01-29;405;108;7388;156;2.8;0.1
82;2021-01-30;44;20;7432;176;2.8;0.1
82;2021-01-31;0;0;7432;176;2.8;0.1
82;2021-02-01;294;54;7726;230;2.9;0.1
82;2021-02-02;344;96;8070;326;3.1;0.1
82;2021-02-03;462;66;8532;392;3.2;0.1
82;2021-02-04;765;214;9297;606;3.5;0.2
82;2021-02-05;480;134;9777;740;3.7;0.3
82;2021-02-06;93;36;9870;776;3.8;0.3
82;2021-02-07;29;79;9899;855;3.8;0.3
82;2021-02-08;149;197;10048;1052;3.8;0.4
82;2021-02-09;238;347;10286;1399;3.9;0.5
82;2021-02-10;271;560;10557;1959;4.0;0.7
82;2021-02-11;225;362;10782;2321;4.1;0.9
82;2021-02-12;190;547;10972;2868;4.2;1.1
82;2021-02-13;60;103;11032;2971;4.2;1.1
82;2021-02-14;5;61;11037;3032;4.2;1.2
82;2021-02-15;217;260;11254;3292;4.3;1.3
82;2021-02-16;280;336;11534;3628;4.4;1.4
82;2021-02-17;359;478;11893;4106;4.5;1.6
82;2021-02-18;507;475;12400;4581;4.7;1.7
82;2021-02-19;490;511;12890;5092;4.9;1.9
82;2021-02-20;78;124;12968;5216;4.9;2.0
82;2021-02-21;0;0;12968;5216;4.9;2.0
82;2021-02-22;200;352;13168;5568;5.0;2.1
82;2021-02-23;277;422;13445;5990;5.1;2.3
82;2021-02-24;283;402;13728;6392;5.2;2.4
82;2021-02-25;639;472;14367;6864;5.5;2.6
82;2021-02-26;648;387;15015;7251;5.7;2.8
82;2021-02-27;214;63;15229;7314;5.8;2.8
82;2021-02-28;30;7;15259;7321;5.8;2.8
82;2021-03-01;291;202;15550;7523;5.9;2.9
82;2021-03-02;495;366;16045;7889;6.1;3.0
82;2021-03-03;440;356;16485;8245;6.3;3.1
82;2021-03-04;600;285;17085;8530;6.5;3.2
82;2021-03-05;680;361;17765;8891;6.8;3.4
82;2021-03-06;693;40;18458;8931;7.0;3.4
82;2021-03-07;302;3;18760;8934;7.1;3.4
82;2021-03-08;603;148;19363;9082;7.4;3.5
82;2021-03-09;582;239;19945;9321;7.6;3.5
82;2021-03-10;779;235;20724;9556;7.9;3.6
82;2021-03-11;976;278;21700;9834;8.3;3.7
82;2021-03-12;992;99;22692;9933;8.6;3.8
82;2021-03-13;564;54;23256;9987;8.9;3.8
82;2021-03-14;61;5;23317;9992;8.9;3.8
82;2021-03-15;485;316;23802;10308;9.1;3.9
82;2021-03-16;197;326;23999;10634;9.1;4.0
82;2021-03-17;191;288;24190;10922;9.2;4.2
82;2021-03-18;279;345;24469;11267;9.3;4.3
82;2021-03-19;533;308;25002;11575;9.5;4.4
82;2021-03-20;251;56;25253;11631;9.6;4.4
82;2021-03-21;23;0;25276;11631;9.6;4.4
82;2021-03-22;406;319;25682;11950;9.8;4.6
82;2021-03-23;601;312;26283;12262;10.0;4.7
82;2021-03-24;620;324;26903;12586;10.2;4.8
82;2021-03-25;928;245;27831;12831;10.6;4.9
82;2021-03-26;1216;265;29047;13096;11.1;5.0
82;2021-03-27;479;78;29526;13174;11.2;5.0
82;2021-03-28;136;2;29662;13176;11.3;5.0
82;2021-03-29;925;376;30587;13552;11.6;5.2
82;2021-03-30;1188;280;31775;13832;12.1;5.3
82;2021-03-31;1019;262;32794;14094;12.5;5.4
82;2021-04-01;1072;197;33866;14291;12.9;5.4
82;2021-04-02;1212;285;35078;14576;13.4;5.6
82;2021-04-03;715;130;35793;14706;13.6;5.6
82;2021-04-04;276;14;36069;14720;13.7;5.6
82;2021-04-05;388;20;36457;14740;13.9;5.6
82;2021-04-06;953;512;37410;15252;14.2;5.8
82;2021-04-07;1017;496;38427;15748;14.6;6.0
82;2021-04-08;1454;419;39881;16167;15.2;6.2
82;2021-04-09;1656;471;41537;16638;15.8;6.3
82;2021-04-10;1716;103;43253;16741;16.5;6.4
82;2021-04-11;559;19;43812;16760;16.7;6.4
82;2021-04-12;1348;293;45160;17053;17.2;6.5
82;2021-04-13;1626;271;46786;17324;17.8;6.6
82;2021-04-14;1411;296;48197;17620;18.4;6.7
82;2021-04-15;1782;324;49979;17944;19.0;6.8
82;2021-04-16;1542;335;51521;18279;19.6;7.0
82;2021-04-17;1243;70;52764;18349;20.1;7.0
82;2021-04-18;561;15;53325;18364;20.3;7.0
82;2021-04-19;958;358;54283;18722;20.7;7.1
82;2021-04-20;1268;401;55551;19123;21.2;7.3
82;2021-04-21;1219;373;56770;19496;21.6;7.4
82;2021-04-22;1452;294;58222;19790;22.2;7.5
82;2021-04-23;1076;682;59298;20472;22.6;7.8
82;2021-04-24;1188;264;60486;20736;23.0;7.9
82;2021-04-25;736;48;61222;20784;23.3;7.9
82;2021-04-26;748;808;61970;21592;23.6;8.2
82;2021-04-27;905;921;62875;22513;23.9;8.6
82;2021-04-28;921;898;63796;23411;24.3;8.9
82;2021-04-29;1107;912;64903;24323;24.7;9.3
82;2021-04-30;1042;885;65945;25208;25.1;9.6
82;2021-05-01;1143;258;67088;25466;25.5;9.7
82;2021-05-02;697;145;67785;25611;25.8;9.8
82;2021-05-03;410;1215;68195;26826;26.0;10.2
82;2021-05-04;864;1167;69059;27993;26.3;10.7
82;2021-05-05;568;1172;69627;29165;26.5;11.1
82;2021-05-06;848;1410;70475;30575;26.8;11.6
82;2021-05-07;734;1455;71209;32030;27.1;12.2
82;2021-05-08;935;520;72144;32550;27.5;12.4
82;2021-05-09;753;578;72897;33128;27.8;12.6
82;2021-05-10;850;1363;73747;34491;28.1;13.1
82;2021-05-11;1157;1348;74904;35839;28.5;13.6
82;2021-05-12;1016;1344;75920;37183;28.9;14.2
82;2021-05-13;1454;432;77374;37615;29.5;14.3
82;2021-05-14;1691;1240;79065;38855;30.1;14.8
82;2021-05-15;1935;697;81000;39552;30.8;15.1
82;2021-05-16;558;114;81558;39666;31.1;15.1
82;2021-05-17;1090;1172;82648;40838;31.5;15.6
82;2021-05-18;1466;1189;84114;42027;32.0;16.0
82;2021-05-19;1272;974;85386;43001;32.5;16.4
82;2021-05-20;1408;1161;86794;44162;33.0;16.8
82;2021-05-21;1411;1217;88205;45379;33.6;17.3
82;2021-05-22;2069;624;90274;46003;34.4;17.5
82;2021-05-23;705;117;90979;46120;34.6;17.6
82;2021-05-24;1441;265;92420;46385;35.2;17.7
82;2021-05-25;1445;964;93865;47349;35.7;18.0
82;2021-05-26;1413;919;95278;48268;36.3;18.4
82;2021-05-27;1460;1025;96738;49293;36.8;18.8
82;2021-05-28;1540;1139;98278;50432;37.4;19.2
82;2021-05-29;1496;543;99774;50975;38.0;19.4
82;2021-05-30;402;101;100176;51076;38.1;19.4
82;2021-05-31;1491;990;101667;52066;38.7;19.8
82;2021-06-01;1751;1048;103418;53114;39.4;20.2
82;2021-06-02;1478;1006;104896;54120;39.9;20.6
82;2021-06-03;1490;1180;106386;55300;40.5;21.1
82;2021-06-04;2250;1304;108636;56604;41.4;21.6
82;2021-06-05;2271;984;110907;57588;42.2;21.9
82;2021-06-06;329;133;111236;57721;42.4;22.0
82;2021-06-07;958;1275;112194;58996;42.7;22.5
82;2021-06-08;1445;1139;113639;60135;43.3;22.9
82;2021-06-09;1709;1143;115348;61278;43.9;23.3
82;2021-06-10;1441;1208;116789;62486;44.5;23.8
82;2021-06-11;1922;1126;118711;63612;45.2;24.2
82;2021-06-12;2392;1394;121103;65006;46.1;24.8
82;2021-06-13;379;113;121482;65119;46.3;24.8
82;2021-06-14;1213;1081;122695;66200;46.7;25.2
82;2021-06-15;1462;1245;124157;67445;47.3;25.7
82;2021-06-16;1751;1168;125908;68613;47.9;26.1
82;2021-06-17;1219;1471;127127;70084;48.4;26.7
82;2021-06-18;1469;1439;128596;71523;49.0;27.2
82;2021-06-19;2271;982;130867;72505;49.8;27.6
82;2021-06-20;268;173;131135;72678;49.9;27.7
82;2021-06-21;483;1360;131618;74038;50.1;28.2
82;2021-06-22;892;1709;132510;75747;50.5;28.8
82;2021-06-23;1238;1586;133748;77333;50.9;29.4
82;2021-06-24;757;1905;134505;79238;51.2;30.2
82;2021-06-25;741;1937;135246;81175;51.5;30.9
82;2021-06-26;1240;2144;136486;83319;52.0;31.7
82;2021-06-27;195;438;136681;83757;52.0;31.9
82;2021-06-28;329;1412;137010;85169;52.2;32.4
82;2021-06-29;518;1840;137528;87009;52.4;33.1
82;2021-06-30;948;1913;138476;88922;52.7;33.9
82;2021-07-01;659;1632;139135;90554;53.0;34.5
82;2021-07-02;931;2293;140066;92847;53.3;35.4
82;2021-07-03;859;2342;140925;95189;53.7;36.2
82;2021-07-04;120;439;141045;95628;53.7;36.4
82;2021-07-05;444;1561;141489;97189;53.9;37.0
82;2021-07-06;513;1866;142002;99055;54.1;37.7
82;2021-07-07;793;1772;142795;100827;54.4;38.4
82;2021-07-08;504;1504;143299;102331;54.6;39.0
82;2021-07-09;781;2154;144080;104485;54.9;39.8
82;2021-07-10;706;2215;144786;106700;55.1;40.6
82;2021-07-11;39;380;144825;107080;55.1;40.8
82;2021-07-12;578;1884;145403;108964;55.4;41.5
82;2021-07-13;715;2002;146118;110966;55.6;42.3
82;2021-07-14;617;741;146735;111707;55.9;42.5
82;2021-07-15;858;1751;147593;113458;56.2;43.2
82;2021-07-16;1438;2637;149031;116095;56.7;44.2
82;2021-07-17;561;2185;149592;118280;57.0;45.0
82;2021-07-18;14;41;149606;118321;57.0;45.1
82;2021-07-19;737;2071;150343;120392;57.2;45.8
82;2021-07-20;921;1884;151264;122276;57.6;46.6
82;2021-07-21;1289;1760;152553;124036;58.1;47.2
82;2021-07-22;1083;1765;153636;125801;58.5;47.9
82;2021-07-23;1054;2987;154690;128788;58.9;49.0
82;2021-07-24;1103;1490;155793;130278;59.3;49.6
82;2021-07-25;303;73;156096;130351;59.4;49.6
82;2021-07-26;952;1898;157048;132249;59.8;50.4
82;2021-07-27;1342;1640;158390;133889;60.3;51.0
82;2021-07-28;1468;1499;159858;135388;60.9;51.6
82;2021-07-29;1329;1534;161187;136922;61.4;52.1
82;2021-07-30;1539;2475;162726;139397;62.0;53.1
82;2021-07-31;459;295;163185;139692;62.1;53.2
82;2021-08-01;273;50;163458;139742;62.2;53.2
82;2021-08-02;1271;876;164729;140618;62.7;53.5
82;2021-08-03;1433;832;166162;141450;63.3;53.9
82;2021-08-04;1364;1031;167526;142481;63.8;54.3
82;2021-08-05;1490;600;169016;143081;64.4;54.5
82;2021-08-06;994;646;170010;143727;64.7;54.7
82;2021-08-07;923;1194;170933;144921;65.1;55.2
82;2021-08-08;155;65;171088;144986;65.1;55.2
82;2021-08-09;1072;899;172160;145885;65.6;55.6
82;2021-08-10;1290;915;173450;146800;66.0;55.9
82;2021-08-11;1263;1123;174713;147923;66.5;56.3
82;2021-08-12;1472;947;176185;148870;67.1;56.7
82;2021-08-13;1413;997;177598;149867;67.6;57.1
82;2021-08-14;313;484;177911;150351;67.7;57.3
82;2021-08-15;61;38;177972;150389;67.8;57.3
82;2021-08-16;782;1461;178754;151850;68.1;57.8
82;2021-08-17;1063;1237;179817;153087;68.5;58.3
82;2021-08-18;615;848;180432;153935;68.7;58.6
82;2021-08-19;1006;1146;181438;155081;69.1;59.1
82;2021-08-20;1032;1907;182470;156988;69.5;59.8
82;2021-08-21;495;990;182965;157978;69.7;60.2
82;2021-08-22;21;55;182986;158033;69.7;60.2
82;2021-08-23;742;1294;183728;159327;70.0;60.7
82;2021-08-24;858;1116;184586;160443;70.3;61.1
82;2021-08-25;848;1536;185434;161979;70.6;61.7
82;2021-08-26;594;1098;186028;163077;70.8;62.1
82;2021-08-27;897;1683;186925;164760;71.2;62.7
82;2021-08-28;211;616;187136;165376;71.3;63.0
82;2021-08-29;37;49;187173;165425;71.3;63.0
82;2021-08-30;429;1024;187602;166449;71.4;63.4
82;2021-08-31;338;1022;187940;167471;71.6;63.8
82;2021-09-01;719;1404;188659;168875;71.8;64.3
82;2021-09-02;400;1295;189059;170170;72.0;64.8
82;2021-09-03;498;1883;189557;172053;72.2;65.5
82;2021-09-04;423;734;189980;172787;72.3;65.8
82;2021-09-05;6;23;189986;172810;72.3;65.8
82;2021-09-06;372;1286;190358;174096;72.5;66.3
82;2021-09-07;209;959;190567;175055;72.6;66.7
82;2021-09-08;490;1256;191057;176311;72.8;67.1
82;2021-09-09;242;1042;191299;177353;72.8;67.5
82;2021-09-10;487;1458;191786;178811;73.0;68.1
82;2021-09-11;211;520;191997;179331;73.1;68.3
82;2021-09-12;7;28;192004;179359;73.1;68.3
83;2020-12-27;1;0;1;0;0.0;0.0
83;2020-12-28;0;0;1;0;0.0;0.0
83;2020-12-29;2;0;3;0;0.0;0.0
83;2020-12-30;1;0;4;0;0.0;0.0
83;2020-12-31;0;0;4;0;0.0;0.0
83;2021-01-01;1;0;5;0;0.0;0.0
83;2021-01-02;0;0;5;0;0.0;0.0
83;2021-01-03;1;0;6;0;0.0;0.0
83;2021-01-04;1;0;7;0;0.0;0.0
83;2021-01-05;4;0;11;0;0.0;0.0
83;2021-01-06;69;0;80;0;0.0;0.0
83;2021-01-07;324;0;404;0;0.0;0.0
83;2021-01-08;422;0;826;0;0.1;0.0
83;2021-01-09;48;0;874;0;0.1;0.0
83;2021-01-10;1;0;875;0;0.1;0.0
83;2021-01-11;475;0;1350;0;0.1;0.0
83;2021-01-12;1003;4;2353;4;0.2;0.0
83;2021-01-13;963;7;3316;11;0.3;0.0
83;2021-01-14;846;5;4162;16;0.4;0.0
83;2021-01-15;702;1;4864;17;0.5;0.0
83;2021-01-16;41;1;4905;18;0.5;0.0
83;2021-01-17;1;0;4906;18;0.5;0.0
83;2021-01-18;1224;4;6130;22;0.6;0.0
83;2021-01-19;2019;6;8149;28;0.8;0.0
83;2021-01-20;1659;9;9808;37;0.9;0.0
83;2021-01-21;2101;7;11909;44;1.1;0.0
83;2021-01-22;1658;6;13567;50;1.3;0.0
83;2021-01-23;245;0;13812;50;1.3;0.0
83;2021-01-24;21;1;13833;51;1.3;0.0
83;2021-01-25;1554;7;15387;58;1.4;0.0
83;2021-01-26;1758;13;17145;71;1.6;0.0
83;2021-01-27;2153;80;19298;151;1.8;0.0
83;2021-01-28;5089;357;24387;508;2.3;0.0
83;2021-01-29;2948;344;27335;852;2.5;0.1
83;2021-01-30;237;42;27572;894;2.6;0.1
83;2021-01-31;46;0;27618;894;2.6;0.1
83;2021-02-01;1281;391;28899;1285;2.7;0.1
83;2021-02-02;1439;698;30338;1983;2.8;0.2
83;2021-02-03;1527;591;31865;2574;3.0;0.2
83;2021-02-04;1484;708;33349;3282;3.1;0.3
83;2021-02-05;1226;643;34575;3925;3.2;0.4
83;2021-02-06;23;12;34598;3937;3.2;0.4
83;2021-02-07;1;0;34599;3937;3.2;0.4
83;2021-02-08;1090;563;35689;4500;3.3;0.4
83;2021-02-09;1324;862;37013;5362;3.4;0.5
83;2021-02-10;1533;760;38546;6122;3.6;0.6
83;2021-02-11;1606;980;40152;7102;3.7;0.7
83;2021-02-12;1348;773;41500;7875;3.9;0.7
83;2021-02-13;55;22;41555;7897;3.9;0.7
83;2021-02-14;0;0;41555;7897;3.9;0.7
83;2021-02-15;672;812;42227;8709;3.9;0.8
83;2021-02-16;541;1142;42768;9851;4.0;0.9
83;2021-02-17;804;1569;43572;11420;4.1;1.1
83;2021-02-18;1627;3501;45199;14921;4.2;1.4
83;2021-02-19;1478;2060;46677;16981;4.3;1.6
83;2021-02-20;63;157;46740;17138;4.4;1.6
83;2021-02-21;25;33;46765;17171;4.4;1.6
83;2021-02-22;507;1465;47272;18636;4.4;1.7
83;2021-02-23;671;1187;47943;19823;4.5;1.8
83;2021-02-24;723;1229;48666;21052;4.5;2.0
83;2021-02-25;1251;1155;49917;22207;4.6;2.1
83;2021-02-26;1299;1029;51216;23236;4.8;2.2
83;2021-02-27;552;52;51768;23288;4.8;2.2
83;2021-02-28;10;12;51778;23300;4.8;2.2
83;2021-03-01;811;1033;52589;24333;4.9;2.3
83;2021-03-02;987;1123;53576;25456;5.0;2.4
83;2021-03-03;1439;1333;55015;26789;5.1;2.5
83;2021-03-04;1889;1196;56904;27985;5.3;2.6
83;2021-03-05;2220;1098;59124;29083;5.5;2.7
83;2021-03-06;3010;112;62134;29195;5.8;2.7
83;2021-03-07;2227;45;64361;29240;6.0;2.7
83;2021-03-08;850;1152;65211;30392;6.1;2.8
83;2021-03-09;1933;1098;67144;31490;6.3;2.9
83;2021-03-10;2380;1284;69524;32774;6.5;3.1
83;2021-03-11;3674;2128;73198;34902;6.8;3.3
83;2021-03-12;3642;1450;76840;36352;7.2;3.4
83;2021-03-13;4610;175;81450;36527;7.6;3.4
83;2021-03-14;2340;53;83790;36580;7.8;3.4
83;2021-03-15;3337;652;87127;37232;8.1;3.5
83;2021-03-16;2600;685;89727;37917;8.4;3.5
83;2021-03-17;2847;755;92574;38672;8.6;3.6
83;2021-03-18;3549;786;96123;39458;9.0;3.7
83;2021-03-19;4176;580;100299;40038;9.3;3.7
83;2021-03-20;3476;70;103775;40108;9.7;3.7
83;2021-03-21;2011;30;105786;40138;9.9;3.7
83;2021-03-22;3966;889;109752;41027;10.2;3.8
83;2021-03-23;4755;581;114507;41608;10.7;3.9
83;2021-03-24;5051;714;119558;42322;11.1;3.9
83;2021-03-25;6534;849;126092;43171;11.7;4.0
83;2021-03-26;7177;747;133269;43918;12.4;4.1
83;2021-03-27;3969;386;137238;44304;12.8;4.1
83;2021-03-28;2183;33;139421;44337;13.0;4.1
83;2021-03-29;4558;763;143979;45100;13.4;4.2
83;2021-03-30;5968;948;149947;46048;14.0;4.3
83;2021-03-31;5553;1071;155500;47119;14.5;4.4
83;2021-04-01;5981;1254;161481;48373;15.0;4.5
83;2021-04-02;5762;1070;167243;49443;15.6;4.6
83;2021-04-03;1801;630;169044;50073;15.7;4.7
83;2021-04-04;855;346;169899;50419;15.8;4.7
83;2021-04-05;191;64;170090;50483;15.8;4.7
83;2021-04-06;4731;1396;174821;51879;16.3;4.8
83;2021-04-07;5832;1658;180653;53537;16.8;5.0
83;2021-04-08;7885;1996;188538;55533;17.6;5.2
83;2021-04-09;7597;2199;196135;57732;18.3;5.4
83;2021-04-10;2948;2644;199083;60376;18.5;5.6
83;2021-04-11;1716;2132;200799;62508;18.7;5.8
83;2021-04-12;4953;2873;205752;65381;19.2;6.1
83;2021-04-13;5409;2997;211161;68378;19.7;6.4
83;2021-04-14;5896;2933;217057;71311;20.2;6.6
83;2021-04-15;6776;3037;223833;74348;20.8;6.9
83;2021-04-16;6125;3515;229958;77863;21.4;7.3
83;2021-04-17;3511;2187;233469;80050;21.7;7.5
83;2021-04-18;2178;1294;235647;81344;21.9;7.6
83;2021-04-19;4106;3900;239753;85244;22.3;7.9
83;2021-04-20;4358;3870;244111;89114;22.7;8.3
83;2021-04-21;4303;4144;248414;93258;23.1;8.7
83;2021-04-22;5010;4298;253424;97556;23.6;9.1
83;2021-04-23;4528;4563;257952;102119;24.0;9.5
83;2021-04-24;2630;2711;260582;104830;24.3;9.8
83;2021-04-25;1925;1571;262507;106401;24.4;9.9
83;2021-04-26;3569;3848;266076;110249;24.8;10.3
83;2021-04-27;4140;4541;270216;114790;25.2;10.7
83;2021-04-28;4314;4361;274530;119151;25.6;11.1
83;2021-04-29;5819;5109;280349;124260;26.1;11.6
83;2021-04-30;5789;4289;286138;128549;26.6;12.0
83;2021-05-01;1691;428;287829;128977;26.8;12.0
83;2021-05-02;1237;757;289066;129734;26.9;12.1
83;2021-05-03;3751;4281;292817;134015;27.3;12.5
83;2021-05-04;3345;5097;296162;139112;27.6;13.0
83;2021-05-05;3642;4970;299804;144082;27.9;13.4
83;2021-05-06;4673;4946;304477;149028;28.4;13.9
83;2021-05-07;4167;5308;308644;154336;28.7;14.4
83;2021-05-08;2764;1009;311408;155345;29.0;14.5
83;2021-05-09;2153;1236;313561;156581;29.2;14.6
83;2021-05-10;3204;5415;316765;161996;29.5;15.1
83;2021-05-11;5130;5682;321895;167678;30.0;15.6
83;2021-05-12;6292;4848;328187;172526;30.6;16.1
83;2021-05-13;6582;1345;334769;173871;31.2;16.2
83;2021-05-14;7422;4117;342191;177988;31.9;16.6
83;2021-05-15;7754;2201;349945;180189;32.6;16.8
83;2021-05-16;6627;1249;356572;181438;33.2;16.9
83;2021-05-17;4894;4209;361466;185647;33.7;17.3
83;2021-05-18;5537;3862;367003;189509;34.2;17.6
83;2021-05-19;6209;3409;373212;192918;34.8;18.0
83;2021-05-20;6758;3799;379970;196717;35.4;18.3
83;2021-05-21;7908;3863;387878;200580;36.1;18.7
83;2021-05-22;6091;1718;393969;202298;36.7;18.8
83;2021-05-23;4685;712;398654;203010;37.1;18.9
83;2021-05-24;5810;971;404464;203981;37.7;19.0
83;2021-05-25;5515;4756;409979;208737;38.2;19.4
83;2021-05-26;4858;4446;414837;213183;38.6;19.9
83;2021-05-27;5070;5251;419907;218434;39.1;20.3
83;2021-05-28;4506;5762;424413;224196;39.5;20.9
83;2021-05-29;2705;4264;427118;228460;39.8;21.3
83;2021-05-30;1257;1374;428375;229834;39.9;21.4
83;2021-05-31;5488;4765;433863;234599;40.4;21.8
83;2021-06-01;5730;5290;439593;239889;40.9;22.3
83;2021-06-02;5263;4584;444856;244473;41.4;22.8
83;2021-06-03;5745;5128;450601;249601;42.0;23.2
83;2021-06-04;5446;6045;456047;255646;42.5;23.8
83;2021-06-05;3926;3198;459973;258844;42.8;24.1
83;2021-06-06;1936;1382;461909;260226;43.0;24.2
83;2021-06-07;3917;5088;465826;265314;43.4;24.7
83;2021-06-08;4178;4814;470004;270128;43.8;25.2
83;2021-06-09;4008;4700;474012;274828;44.1;25.6
83;2021-06-10;3998;4260;478010;279088;44.5;26.0
83;2021-06-11;3658;5445;481668;284533;44.9;26.5
83;2021-06-12;2913;2981;484581;287514;45.1;26.8
83;2021-06-13;995;1391;485576;288905;45.2;26.9
83;2021-06-14;2856;5653;488432;294558;45.5;27.4
83;2021-06-15;3170;4861;491602;299419;45.8;27.9
83;2021-06-16;2964;4506;494566;303925;46.1;28.3
83;2021-06-17;2779;5281;497345;309206;46.3;28.8
83;2021-06-18;3159;5962;500504;315168;46.6;29.3
83;2021-06-19;2323;4100;502827;319268;46.8;29.7
83;2021-06-20;676;1889;503503;321157;46.9;29.9
83;2021-06-21;2111;7588;505614;328745;47.1;30.6
83;2021-06-22;2103;7161;507717;335906;47.3;31.3
83;2021-06-23;1937;6928;509654;342834;47.5;31.9
83;2021-06-24;1964;7368;511618;350202;47.6;32.6
83;2021-06-25;2114;8398;513732;358600;47.8;33.4
83;2021-06-26;1464;6808;515196;365408;48.0;34.0
83;2021-06-27;692;3186;515888;368594;48.0;34.3
83;2021-06-28;1572;7886;517460;376480;48.2;35.1
83;2021-06-29;1911;7812;519371;384292;48.4;35.8
83;2021-06-30;2242;7275;521613;391567;48.6;36.5
83;2021-07-01;2560;6565;524173;398132;48.8;37.1
83;2021-07-02;2266;7800;526439;405932;49.0;37.8
83;2021-07-03;1510;5686;527949;411618;49.2;38.3
83;2021-07-04;573;2752;528522;414370;49.2;38.6
83;2021-07-05;1926;7533;530448;421903;49.4;39.3
83;2021-07-06;2573;5941;533021;427844;49.6;39.8
83;2021-07-07;2686;4671;535707;432515;49.9;40.3
83;2021-07-08;3246;4471;538953;436986;50.2;40.7
83;2021-07-09;3048;6962;542001;443948;50.5;41.3
83;2021-07-10;1577;4925;543578;448873;50.6;41.8
83;2021-07-11;1009;1766;544587;450639;50.7;42.0
83;2021-07-12;2140;7686;546727;458325;50.9;42.7
83;2021-07-13;4039;7089;550766;465414;51.3;43.3
83;2021-07-14;2096;1322;552862;466736;51.5;43.5
83;2021-07-15;4586;6845;557448;473581;51.9;44.1
83;2021-07-16;5274;7120;562722;480701;52.4;44.8
83;2021-07-17;3654;4998;566376;485699;52.7;45.2
83;2021-07-18;1605;1312;567981;487011;52.9;45.4
83;2021-07-19;3955;6314;571936;493325;53.3;45.9
83;2021-07-20;5989;6183;577925;499508;53.8;46.5
83;2021-07-21;6029;5208;583954;504716;54.4;47.0
83;2021-07-22;7119;5537;591073;510253;55.0;47.5
83;2021-07-23;7104;5912;598177;516165;55.7;48.1
83;2021-07-24;4649;4560;602826;520725;56.1;48.5
83;2021-07-25;1329;736;604155;521461;56.3;48.6
83;2021-07-26;5552;4936;609707;526397;56.8;49.0
83;2021-07-27;6839;4900;616546;531297;57.4;49.5
83;2021-07-28;6599;4422;623145;535719;58.0;49.9
83;2021-07-29;7501;4853;630646;540572;58.7;50.3
83;2021-07-30;6970;4760;637616;545332;59.4;50.8
83;2021-07-31;4669;3216;642285;548548;59.8;51.1
83;2021-08-01;1066;849;643351;549397;59.9;51.2
83;2021-08-02;5769;3703;649120;553100;60.4;51.5
83;2021-08-03;6386;3997;655506;557097;61.0;51.9
83;2021-08-04;5906;3708;661412;560805;61.6;52.2
83;2021-08-05;6180;4084;667592;564889;62.2;52.6
83;2021-08-06;6162;4911;673754;569800;62.7;53.1
83;2021-08-07;3753;3552;677507;573352;63.1;53.4
83;2021-08-08;1065;820;678572;574172;63.2;53.5
83;2021-08-09;4711;4637;683283;578809;63.6;53.9
83;2021-08-10;5237;5144;688520;583953;64.1;54.4
83;2021-08-11;4587;5070;693107;589023;64.5;54.9
83;2021-08-12;4922;5564;698029;594587;65.0;55.4
83;2021-08-13;4935;5742;702964;600329;65.5;55.9
83;2021-08-14;3216;3890;706180;604219;65.8;56.3
83;2021-08-15;205;391;706385;604610;65.8;56.3
83;2021-08-16;3632;5475;710017;610085;66.1;56.8
83;2021-08-17;3570;5271;713587;615356;66.5;57.3
83;2021-08-18;3587;4998;717174;620354;66.8;57.8
83;2021-08-19;4167;6255;721341;626609;67.2;58.4
83;2021-08-20;3623;6501;724964;633110;67.5;59.0
83;2021-08-21;2341;4486;727305;637596;67.7;59.4
83;2021-08-22;630;1028;727935;638624;67.8;59.5
83;2021-08-23;2493;5780;730428;644404;68.0;60.0
83;2021-08-24;2885;5912;733313;650316;68.3;60.6
83;2021-08-25;2566;5283;735879;655599;68.5;61.1
83;2021-08-26;2782;5832;738661;661431;68.8;61.6
83;2021-08-27;2902;5917;741563;667348;69.1;62.1
83;2021-08-28;1930;4534;743493;671882;69.2;62.6
83;2021-08-29;473;1161;743966;673043;69.3;62.7
83;2021-08-30;2361;4964;746327;678007;69.5;63.1
83;2021-08-31;2502;5473;748829;683480;69.7;63.6
83;2021-09-01;2522;5068;751351;688548;70.0;64.1
83;2021-09-02;2476;4953;753827;693501;70.2;64.6
83;2021-09-03;2304;5234;756131;698735;70.4;65.1
83;2021-09-04;1909;4636;758040;703371;70.6;65.5
83;2021-09-05;567;538;758607;703909;70.6;65.6
83;2021-09-06;1634;4097;760241;708006;70.8;65.9
83;2021-09-07;1632;3865;761873;711871;70.9;66.3
83;2021-09-08;1897;3848;763770;715719;71.1;66.7
83;2021-09-09;1469;3917;765239;719636;71.3;67.0
83;2021-09-10;1746;4292;766985;723928;71.4;67.4
83;2021-09-11;1358;3869;768343;727797;71.6;67.8
83;2021-09-12;200;493;768543;728290;71.6;67.8
84;2020-12-27;0;0;0;0;0.0;0.0
84;2020-12-28;1;0;1;0;0.0;0.0
84;2020-12-29;1;0;2;0;0.0;0.0
84;2020-12-30;1;0;3;0;0.0;0.0
84;2020-12-31;0;0;3;0;0.0;0.0
84;2021-01-01;0;0;3;0;0.0;0.0
84;2021-01-02;0;0;3;0;0.0;0.0
84;2021-01-03;0;0;3;0;0.0;0.0
84;2021-01-04;0;0;3;0;0.0;0.0
84;2021-01-05;0;0;3;0;0.0;0.0
84;2021-01-06;0;0;3;0;0.0;0.0
84;2021-01-07;69;0;72;0;0.0;0.0
84;2021-01-08;81;0;153;0;0.0;0.0
84;2021-01-09;31;0;184;0;0.0;0.0
84;2021-01-10;0;0;184;0;0.0;0.0
84;2021-01-11;219;0;403;0;0.1;0.0
84;2021-01-12;624;2;1027;2;0.2;0.0
84;2021-01-13;359;0;1386;2;0.2;0.0
84;2021-01-14;951;12;2337;14;0.4;0.0
84;2021-01-15;618;10;2955;24;0.5;0.0
84;2021-01-16;167;0;3122;24;0.6;0.0
84;2021-01-17;29;1;3151;25;0.6;0.0
84;2021-01-18;696;2;3847;27;0.7;0.0
84;2021-01-19;880;2;4727;29;0.8;0.0
84;2021-01-20;1018;3;5745;32;1.0;0.0
84;2021-01-21;1049;5;6794;37;1.2;0.0
84;2021-01-22;1135;1;7929;38;1.4;0.0
84;2021-01-23;250;0;8179;38;1.5;0.0
84;2021-01-24;3;0;8182;38;1.5;0.0
84;2021-01-25;806;0;8988;38;1.6;0.0
84;2021-01-26;939;4;9927;42;1.8;0.0
84;2021-01-27;1072;2;10999;44;2.0;0.0
84;2021-01-28;1621;16;12620;60;2.2;0.0
84;2021-01-29;1202;59;13822;119;2.5;0.0
84;2021-01-30;171;16;13993;135;2.5;0.0
84;2021-01-31;7;0;14000;135;2.5;0.0
84;2021-02-01;657;137;14657;272;2.6;0.0
84;2021-02-02;788;248;15445;520;2.8;0.1
84;2021-02-03;760;229;16205;749;2.9;0.1
84;2021-02-04;914;379;17119;1128;3.1;0.2
84;2021-02-05;727;394;17846;1522;3.2;0.3
84;2021-02-06;127;40;17973;1562;3.2;0.3
84;2021-02-07;0;0;17973;1562;3.2;0.3
84;2021-02-08;568;239;18541;1801;3.3;0.3
84;2021-02-09;692;626;19233;2427;3.4;0.4
84;2021-02-10;557;514;19790;2941;3.5;0.5
84;2021-02-11;550;526;20340;3467;3.6;0.6
84;2021-02-12;562;604;20902;4071;3.7;0.7
84;2021-02-13;46;142;20948;4213;3.7;0.8
84;2021-02-14;3;0;20951;4213;3.7;0.8
84;2021-02-15;209;756;21160;4969;3.8;0.9
84;2021-02-16;222;699;21382;5668;3.8;1.0
84;2021-02-17;447;686;21829;6354;3.9;1.1
84;2021-02-18;557;974;22386;7328;4.0;1.3
84;2021-02-19;738;1045;23124;8373;4.1;1.5
84;2021-02-20;68;120;23192;8493;4.1;1.5
84;2021-02-21;6;36;23198;8529;4.1;1.5
84;2021-02-22;369;643;23567;9172;4.2;1.6
84;2021-02-23;273;635;23840;9807;4.2;1.7
84;2021-02-24;393;633;24233;10440;4.3;1.9
84;2021-02-25;713;743;24946;11183;4.4;2.0
84;2021-02-26;824;612;25770;11795;4.6;2.1
84;2021-02-27;133;105;25903;11900;4.6;2.1
84;2021-02-28;17;0;25920;11900;4.6;2.1
84;2021-03-01;457;593;26377;12493;4.7;2.2
84;2021-03-02;633;731;27010;13224;4.8;2.4
84;2021-03-03;820;849;27830;14073;5.0;2.5
84;2021-03-04;1098;633;28928;14706;5.2;2.6
84;2021-03-05;1314;486;30242;15192;5.4;2.7
84;2021-03-06;1460;64;31702;15256;5.7;2.7
84;2021-03-07;481;16;32183;15272;5.7;2.7
84;2021-03-08;812;562;32995;15834;5.9;2.8
84;2021-03-09;1388;724;34383;16558;6.1;3.0
84;2021-03-10;1476;627;35859;17185;6.4;3.1
84;2021-03-11;1984;626;37843;17811;6.7;3.2
84;2021-03-12;2080;624;39923;18435;7.1;3.3
84;2021-03-13;747;36;40670;18471;7.2;3.3
84;2021-03-14;247;53;40917;18524;7.3;3.3
84;2021-03-15;1069;303;41986;18827;7.5;3.4
84;2021-03-16;1180;316;43166;19143;7.7;3.4
84;2021-03-17;1146;428;44312;19571;7.9;3.5
84;2021-03-18;1458;392;45770;19963;8.2;3.6
84;2021-03-19;2175;455;47945;20418;8.5;3.6
84;2021-03-20;839;25;48784;20443;8.7;3.6
84;2021-03-21;150;11;48934;20454;8.7;3.6
84;2021-03-22;1159;459;50093;20913;8.9;3.7
84;2021-03-23;1914;441;52007;21354;9.3;3.8
84;2021-03-24;2178;398;54185;21752;9.7;3.9
84;2021-03-25;3655;392;57840;22144;10.3;3.9
84;2021-03-26;3319;480;61159;22624;10.9;4.0
84;2021-03-27;914;58;62073;22682;11.1;4.0
84;2021-03-28;74;2;62147;22684;11.1;4.0
84;2021-03-29;1717;528;63864;23212;11.4;4.1
84;2021-03-30;2670;685;66534;23897;11.9;4.3
84;2021-03-31;2405;644;68939;24541;12.3;4.4
84;2021-04-01;3024;575;71963;25116;12.8;4.5
84;2021-04-02;2451;527;74414;25643;13.3;4.6
84;2021-04-03;510;28;74924;25671;13.4;4.6
84;2021-04-04;13;0;74937;25671;13.4;4.6
84;2021-04-05;813;102;75750;25773;13.5;4.6
84;2021-04-06;2146;841;77896;26614;13.9;4.7
84;2021-04-07;2404;860;80300;27474;14.3;4.9
84;2021-04-08;3653;1041;83953;28515;15.0;5.1
84;2021-04-09;4118;950;88071;29465;15.7;5.3
84;2021-04-10;1308;131;89379;29596;15.9;5.3
84;2021-04-11;37;12;89416;29608;15.9;5.3
84;2021-04-12;2093;804;91509;30412;16.3;5.4
84;2021-04-13;2942;1367;94451;31779;16.8;5.7
84;2021-04-14;2811;1352;97262;33131;17.3;5.9
84;2021-04-15;3274;1422;100536;34553;17.9;6.2
84;2021-04-16;3431;1548;103967;36101;18.5;6.4
84;2021-04-17;1666;200;105633;36301;18.8;6.5
84;2021-04-18;38;1;105671;36302;18.8;6.5
84;2021-04-19;2507;920;108178;37222;19.3;6.6
84;2021-04-20;2626;1527;110804;38749;19.8;6.9
84;2021-04-21;2652;1485;113456;40234;20.2;7.2
84;2021-04-22;3014;1738;116470;41972;20.8;7.5
84;2021-04-23;3038;1903;119508;43875;21.3;7.8
84;2021-04-24;1531;288;121039;44163;21.6;7.9
84;2021-04-25;27;2;121066;44165;21.6;7.9
84;2021-04-26;2198;1363;123264;45528;22.0;8.1
84;2021-04-27;2555;1981;125819;47509;22.4;8.5
84;2021-04-28;2819;1845;128638;49354;22.9;8.8
84;2021-04-29;3420;2048;132058;51402;23.5;9.2
84;2021-04-30;3134;2421;135192;53823;24.1;9.6
84;2021-05-01;457;259;135649;54082;24.2;9.6
84;2021-05-02;2;0;135651;54082;24.2;9.6
84;2021-05-03;2164;1628;137815;55710;24.6;9.9
84;2021-05-04;2489;2533;140304;58243;25.0;10.4
84;2021-05-05;2352;2225;142656;60468;25.4;10.8
84;2021-05-06;3224;2260;145880;62728;26.0;11.2
84;2021-05-07;2766;2559;148646;65287;26.5;11.6
84;2021-05-08;1158;527;149804;65814;26.7;11.7
84;2021-05-09;7;52;149811;65866;26.7;11.7
84;2021-05-10;2159;2468;151970;68334;27.1;12.2
84;2021-05-11;2907;3155;154877;71489;27.6;12.7
84;2021-05-12;2848;2923;157725;74412;28.1;13.3
84;2021-05-13;2159;847;159884;75259;28.5;13.4
84;2021-05-14;2729;2037;162613;77296;29.0;13.8
84;2021-05-15;2001;986;164614;78282;29.3;14.0
84;2021-05-16;1341;186;165955;78468;29.6;14.0
84;2021-05-17;2223;2156;168178;80624;30.0;14.4
84;2021-05-18;2904;2115;171082;82739;30.5;14.7
84;2021-05-19;3231;1665;174313;84404;31.1;15.0
84;2021-05-20;3702;2207;178015;86611;31.7;15.4
84;2021-05-21;3472;2333;181487;88944;32.4;15.9
84;2021-05-22;1584;681;183071;89625;32.6;16.0
84;2021-05-23;6;9;183077;89634;32.6;16.0
84;2021-05-24;1840;424;184917;90058;33.0;16.1
84;2021-05-25;2984;2190;187901;92248;33.5;16.4
84;2021-05-26;3076;2090;190977;94338;34.0;16.8
84;2021-05-27;3859;2312;194836;96650;34.7;17.2
84;2021-05-28;3182;3304;198018;99954;35.3;17.8
84;2021-05-29;1093;1648;199111;101602;35.5;18.1
84;2021-05-30;8;85;199119;101687;35.5;18.1
84;2021-05-31;2190;2638;201309;104325;35.9;18.6
84;2021-06-01;3144;3162;204453;107487;36.4;19.2
84;2021-06-02;3173;2628;207626;110115;37.0;19.6
84;2021-06-03;4116;2989;211742;113104;37.7;20.2
84;2021-06-04;3616;3023;215358;116127;38.4;20.7
84;2021-06-05;1784;1501;217142;117628;38.7;21.0
84;2021-06-06;989;208;218131;117836;38.9;21.0
84;2021-06-07;2452;2760;220583;120596;39.3;21.5
84;2021-06-08;3318;3055;223901;123651;39.9;22.0
84;2021-06-09;3033;2686;226934;126337;40.5;22.5
84;2021-06-10;3514;2790;230448;129127;41.1;23.0
84;2021-06-11;3032;3069;233480;132196;41.6;23.6
84;2021-06-12;1965;1308;235445;133504;42.0;23.8
84;2021-06-13;414;213;235859;133717;42.0;23.8
84;2021-06-14;1929;3153;237788;136870;42.4;24.4
84;2021-06-15;2575;3455;240363;140325;42.8;25.0
84;2021-06-16;2527;2960;242890;143285;43.3;25.5
84;2021-06-17;2997;3481;245887;146766;43.8;26.2
84;2021-06-18;2425;3550;248312;150316;44.3;26.8
84;2021-06-19;1288;1551;249600;151867;44.5;27.1
84;2021-06-20;549;354;250149;152221;44.6;27.1
84;2021-06-21;1571;3136;251720;155357;44.9;27.7
84;2021-06-22;2164;4013;253884;159370;45.3;28.4
84;2021-06-23;2119;3306;256003;162676;45.6;29.0
84;2021-06-24;2202;3485;258205;166161;46.0;29.6
84;2021-06-25;1836;3887;260041;170048;46.4;30.3
84;2021-06-26;1132;1815;261173;171863;46.6;30.6
84;2021-06-27;297;345;261470;172208;46.6;30.7
84;2021-06-28;1207;3224;262677;175432;46.8;31.3
84;2021-06-29;1482;4052;264159;179484;47.1;32.0
84;2021-06-30;1716;3968;265875;183452;47.4;32.7
84;2021-07-01;1819;3957;267694;187409;47.7;33.4
84;2021-07-02;1752;3899;269446;191308;48.0;34.1
84;2021-07-03;1103;2030;270549;193338;48.2;34.5
84;2021-07-04;395;416;270944;193754;48.3;34.5
84;2021-07-05;1547;3542;272491;197296;48.6;35.2
84;2021-07-06;1639;4166;274130;201462;48.9;35.9
84;2021-07-07;1676;3102;275806;204564;49.2;36.5
84;2021-07-08;2161;3748;277967;208312;49.5;37.1
84;2021-07-09;1875;3971;279842;212283;49.9;37.8
84;2021-07-10;1256;2161;281098;214444;50.1;38.2
84;2021-07-11;357;303;281455;214747;50.2;38.3
84;2021-07-12;1411;3839;282866;218586;50.4;39.0
84;2021-07-13;2336;5012;285202;223598;50.8;39.9
84;2021-07-14;1886;1249;287088;224847;51.2;40.1
84;2021-07-15;2705;4553;289793;229400;51.7;40.9
84;2021-07-16;2781;4603;292574;234003;52.2;41.7
84;2021-07-17;1590;2449;294164;236452;52.4;42.1
84;2021-07-18;1018;551;295182;237003;52.6;42.2
84;2021-07-19;2417;3744;297599;240747;53.0;42.9
84;2021-07-20;2957;4168;300556;244915;53.6;43.7
84;2021-07-21;3187;3657;303743;248572;54.1;44.3
84;2021-07-22;3782;3792;307525;252364;54.8;45.0
84;2021-07-23;3523;3681;311048;256045;55.4;45.6
84;2021-07-24;1471;2248;312519;258293;55.7;46.0
84;2021-07-25;1034;512;313553;258805;55.9;46.1
84;2021-07-26;2724;3035;316277;261840;56.4;46.7
84;2021-07-27;3448;3569;319725;265409;57.0;47.3
84;2021-07-28;3870;3309;323595;268718;57.7;47.9
84;2021-07-29;4227;3156;327822;271874;58.4;48.5
84;2021-07-30;4030;3327;331852;275201;59.2;49.1
84;2021-07-31;2001;1691;333853;276892;59.5;49.4
84;2021-08-01;820;432;334673;277324;59.7;49.4
84;2021-08-02;2987;2692;337660;280016;60.2;49.9
84;2021-08-03;4111;2797;341771;282813;60.9;50.4
84;2021-08-04;3917;2606;345688;285419;61.6;50.9
84;2021-08-05;3885;2582;349573;288001;62.3;51.3
84;2021-08-06;3696;2870;353269;290871;63.0;51.8
84;2021-08-07;2079;1739;355348;292610;63.3;52.2
84;2021-08-08;386;735;355734;293345;63.4;52.3
84;2021-08-09;2937;2602;358671;295947;63.9;52.8
84;2021-08-10;3743;2950;362414;298897;64.6;53.3
84;2021-08-11;3272;2670;365686;301567;65.2;53.8
84;2021-08-12;3174;2981;368860;304548;65.8;54.3
84;2021-08-13;2925;2695;371785;307243;66.3;54.8
84;2021-08-14;1734;1744;373519;308987;66.6;55.1
84;2021-08-15;290;228;373809;309215;66.6;55.1
84;2021-08-16;2377;3077;376186;312292;67.1;55.7
84;2021-08-17;2704;3257;378890;315549;67.5;56.2
84;2021-08-18;2413;2797;381303;318346;68.0;56.7
84;2021-08-19;2275;3118;383578;321464;68.4;57.3
84;2021-08-20;2184;3302;385762;324766;68.8;57.9
84;2021-08-21;1226;1882;386988;326648;69.0;58.2
84;2021-08-22;167;738;387155;327386;69.0;58.4
84;2021-08-23;1738;3296;388893;330682;69.3;58.9
84;2021-08-24;1898;3462;390791;334144;69.7;59.6
84;2021-08-25;1835;3350;392626;337494;70.0;60.2
84;2021-08-26;1630;3626;394256;341120;70.3;60.8
84;2021-08-27;1596;3812;395852;344932;70.6;61.5
84;2021-08-28;912;2179;396764;347111;70.7;61.9
84;2021-08-29;174;607;396938;347718;70.8;62.0
84;2021-08-30;1371;3278;398309;350996;71.0;62.6
84;2021-08-31;1354;4150;399663;355146;71.2;63.3
84;2021-09-01;1232;3589;400895;358735;71.5;63.9
84;2021-09-02;1191;3202;402086;361937;71.7;64.5
84;2021-09-03;1269;3551;403355;365488;71.9;65.1
84;2021-09-04;740;2175;404095;367663;72.0;65.5
84;2021-09-05;124;474;404219;368137;72.1;65.6
84;2021-09-06;786;2478;405005;370615;72.2;66.1
84;2021-09-07;1018;2740;406023;373355;72.4;66.6
84;2021-09-08;901;2913;406924;376268;72.5;67.1
84;2021-09-09;881;2434;407805;378702;72.7;67.5
84;2021-09-10;922;2872;408727;381574;72.9;68.0
84;2021-09-11;561;1912;409288;383486;73.0;68.4
84;2021-09-12;114;299;409402;383785;73.0;68.4
85;2020-12-27;1;0;1;0;0.0;0.0
85;2020-12-28;0;0;1;0;0.0;0.0
85;2020-12-29;0;0;1;0;0.0;0.0
85;2020-12-30;0;0;1;0;0.0;0.0
85;2020-12-31;0;0;1;0;0.0;0.0
85;2021-01-01;0;0;1;0;0.0;0.0
85;2021-01-02;0;0;1;0;0.0;0.0
85;2021-01-03;1;0;2;0;0.0;0.0
85;2021-01-04;26;0;28;0;0.0;0.0
85;2021-01-05;62;0;90;0;0.0;0.0
85;2021-01-06;107;1;197;1;0.0;0.0
85;2021-01-07;203;0;400;1;0.1;0.0
85;2021-01-08;293;2;693;3;0.1;0.0
85;2021-01-09;288;1;981;4;0.1;0.0
85;2021-01-10;59;0;1040;4;0.2;0.0
85;2021-01-11;453;0;1493;4;0.2;0.0
85;2021-01-12;586;1;2079;5;0.3;0.0
85;2021-01-13;544;2;2623;7;0.4;0.0
85;2021-01-14;683;4;3306;11;0.5;0.0
85;2021-01-15;439;3;3745;14;0.5;0.0
85;2021-01-16;264;2;4009;16;0.6;0.0
85;2021-01-17;37;0;4046;16;0.6;0.0
85;2021-01-18;999;1;5045;17;0.7;0.0
85;2021-01-19;1428;10;6473;27;0.9;0.0
85;2021-01-20;1874;2;8347;29;1.2;0.0
85;2021-01-21;3222;10;11569;39;1.7;0.0
85;2021-01-22;1699;19;13268;58;1.9;0.0
85;2021-01-23;466;1;13734;59;2.0;0.0
85;2021-01-24;50;0;13784;59;2.0;0.0
85;2021-01-25;577;0;14361;59;2.1;0.0
85;2021-01-26;877;33;15238;92;2.2;0.0
85;2021-01-27;1810;32;17048;124;2.5;0.0
85;2021-01-28;1637;38;18685;162;2.7;0.0
85;2021-01-29;875;63;19560;225;2.9;0.0
85;2021-01-30;149;5;19709;230;2.9;0.0
85;2021-01-31;2;42;19711;272;2.9;0.0
85;2021-02-01;483;100;20194;372;3.0;0.1
85;2021-02-02;537;175;20731;547;3.0;0.1
85;2021-02-03;415;251;21146;798;3.1;0.1
85;2021-02-04;621;255;21767;1053;3.2;0.2
85;2021-02-05;624;255;22391;1308;3.3;0.2
85;2021-02-06;158;222;22549;1530;3.3;0.2
85;2021-02-07;1;0;22550;1530;3.3;0.2
85;2021-02-08;388;559;22938;2089;3.4;0.3
85;2021-02-09;663;991;23601;3080;3.5;0.5
85;2021-02-10;583;1053;24184;4133;3.5;0.6
85;2021-02-11;1542;2930;25726;7063;3.8;1.0
85;2021-02-12;1013;1196;26739;8259;3.9;1.2
85;2021-02-13;251;442;26990;8701;4.0;1.3
85;2021-02-14;2;91;26992;8792;4.0;1.3
85;2021-02-15;337;678;27329;9470;4.0;1.4
85;2021-02-16;569;1033;27898;10503;4.1;1.5
85;2021-02-17;786;1470;28684;11973;4.2;1.8
85;2021-02-18;1277;1828;29961;13801;4.4;2.0
85;2021-02-19;956;1099;30917;14900;4.5;2.2
85;2021-02-20;174;198;31091;15098;4.6;2.2
85;2021-02-21;1;11;31092;15109;4.6;2.2
85;2021-02-22;814;784;31906;15893;4.7;2.3
85;2021-02-23;828;396;32734;16289;4.8;2.4
85;2021-02-24;757;253;33491;16542;4.9;2.4
85;2021-02-25;1336;330;34827;16872;5.1;2.5
85;2021-02-26;1229;263;36056;17135;5.3;2.5
85;2021-02-27;401;80;36457;17215;5.3;2.5
85;2021-02-28;7;1;36464;17216;5.3;2.5
85;2021-03-01;765;377;37229;17593;5.4;2.6
85;2021-03-02;1100;698;38329;18291;5.6;2.7
85;2021-03-03;844;459;39173;18750;5.7;2.7
85;2021-03-04;1577;1107;40750;19857;6.0;2.9
85;2021-03-05;1741;768;42491;20625;6.2;3.0
85;2021-03-06;1227;119;43718;20744;6.4;3.0
85;2021-03-07;333;35;44051;20779;6.4;3.0
85;2021-03-08;1741;419;45792;21198;6.7;3.1
85;2021-03-09;2239;552;48031;21750;7.0;3.2
85;2021-03-10;1862;629;49893;22379;7.3;3.3
85;2021-03-11;3119;1072;53012;23451;7.8;3.4
85;2021-03-12;2728;855;55740;24306;8.2;3.6
85;2021-03-13;1372;157;57112;24463;8.4;3.6
85;2021-03-14;182;3;57294;24466;8.4;3.6
85;2021-03-15;1919;510;59213;24976;8.7;3.7
85;2021-03-16;1630;512;60843;25488;8.9;3.7
85;2021-03-17;980;524;61823;26012;9.0;3.8
85;2021-03-18;1904;452;63727;26464;9.3;3.9
85;2021-03-19;2200;369;65927;26833;9.6;3.9
85;2021-03-20;1069;179;66996;27012;9.8;4.0
85;2021-03-21;272;5;67268;27017;9.8;4.0
85;2021-03-22;1764;554;69032;27571;10.1;4.0
85;2021-03-23;2421;733;71453;28304;10.5;4.1
85;2021-03-24;2207;525;73660;28829;10.8;4.2
85;2021-03-25;3649;596;77309;29425;11.3;4.3
85;2021-03-26;3358;650;80667;30075;11.8;4.4
85;2021-03-27;1729;124;82396;30199;12.1;4.4
85;2021-03-28;540;4;82936;30203;12.1;4.4
85;2021-03-29;2413;756;85349;30959;12.5;4.5
85;2021-03-30;2865;1022;88214;31981;12.9;4.7
85;2021-03-31;2200;676;90414;32657;13.2;4.8
85;2021-04-01;3880;913;94294;33570;13.8;4.9
85;2021-04-02;2708;1102;97002;34672;14.2;5.1
85;2021-04-03;1413;323;98415;34995;14.4;5.1
85;2021-04-04;324;29;98739;35024;14.5;5.1
85;2021-04-05;104;175;98843;35199;14.5;5.2
85;2021-04-06;2200;1592;101043;36791;14.8;5.4
85;2021-04-07;3094;1188;104137;37979;15.2;5.6
85;2021-04-08;4544;1601;108681;39580;15.9;5.8
85;2021-04-09;4604;1226;113285;40806;16.6;6.0
85;2021-04-10;1867;400;115152;41206;16.9;6.0
85;2021-04-11;27;10;115179;41216;16.9;6.0
85;2021-04-12;4286;1488;119465;42704;17.5;6.3
85;2021-04-13;4835;1867;124300;44571;18.2;6.5
85;2021-04-14;3962;1010;128262;45581;18.8;6.7
85;2021-04-15;5519;1740;133781;47321;19.6;6.9
85;2021-04-16;5241;1543;139022;48864;20.3;7.2
85;2021-04-17;1382;436;140404;49300;20.6;7.2
85;2021-04-18;351;12;140755;49312;20.6;7.2
85;2021-04-19;3368;1700;144123;51012;21.1;7.5
85;2021-04-20;3694;1928;147817;52940;21.6;7.7
85;2021-04-21;2693;1692;150510;54632;22.0;8.0
85;2021-04-22;3806;2230;154316;56862;22.6;8.3
85;2021-04-23;3902;2089;158218;58951;23.2;8.6
85;2021-04-24;1662;1533;159880;60484;23.4;8.9
85;2021-04-25;981;564;160861;61048;23.5;8.9
85;2021-04-26;3589;2352;164450;63400;24.1;9.3
85;2021-04-27;4393;2153;168843;65553;24.7;9.6
85;2021-04-28;5747;1256;174590;66809;25.6;9.8
85;2021-04-29;5635;1998;180225;68807;26.4;10.1
85;2021-04-30;5576;1673;185801;70480;27.2;10.3
85;2021-05-01;1736;638;187537;71118;27.5;10.4
85;2021-05-02;873;471;188410;71589;27.6;10.5
85;2021-05-03;3494;2387;191904;73976;28.1;10.8
85;2021-05-04;3487;3084;195391;77060;28.6;11.3
85;2021-05-05;4532;2165;199923;79225;29.3;11.6
85;2021-05-06;4921;2597;204844;81822;30.0;12.0
85;2021-05-07;3933;3852;208777;85674;30.6;12.5
85;2021-05-08;2246;232;211023;85906;30.9;12.6
85;2021-05-09;1509;183;212532;86089;31.1;12.6
85;2021-05-10;3212;4918;215744;91007;31.6;13.3
85;2021-05-11;4027;4968;219771;95975;32.2;14.0
85;2021-05-12;5020;3936;224791;99911;32.9;14.6
85;2021-05-13;5146;613;229937;100524;33.7;14.7
85;2021-05-14;4358;3166;234295;103690;34.3;15.2
85;2021-05-15;2327;774;236622;104464;34.6;15.3
85;2021-05-16;2213;162;238835;104626;35.0;15.3
85;2021-05-17;4145;3374;242980;108000;35.6;15.8
85;2021-05-18;5215;2853;248195;110853;36.3;16.2
85;2021-05-19;6493;1770;254688;112623;37.3;16.5
85;2021-05-20;6775;2176;261463;114799;38.3;16.8
85;2021-05-21;5499;2738;266962;117537;39.1;17.2
85;2021-05-22;2584;749;269546;118286;39.5;17.3
85;2021-05-23;1329;161;270875;118447;39.6;17.3
85;2021-05-24;4573;437;275448;118884;40.3;17.4
85;2021-05-25;4517;3564;279965;122448;41.0;17.9
85;2021-05-26;4946;2680;284911;125128;41.7;18.3
85;2021-05-27;4960;3693;289871;128821;42.4;18.9
85;2021-05-28;5253;4057;295124;132878;43.2;19.4
85;2021-05-29;3962;1527;299086;134405;43.8;19.7
85;2021-05-30;1292;125;300378;134530;44.0;19.7
85;2021-05-31;4689;3378;305067;137908;44.7;20.2
85;2021-06-01;5406;3396;310473;141304;45.4;20.7
85;2021-06-02;5557;2516;316030;143820;46.3;21.1
85;2021-06-03;5917;3233;321947;147053;47.1;21.5
85;2021-06-04;5841;3814;327788;150867;48.0;22.1
85;2021-06-05;2848;1937;330636;152804;48.4;22.4
85;2021-06-06;1511;803;332147;153607;48.6;22.5
85;2021-06-07;3237;4860;335384;158467;49.1;23.2
85;2021-06-08;4091;4525;339475;162992;49.7;23.9
85;2021-06-09;4848;3511;344323;166503;50.4;24.4
85;2021-06-10;5200;3699;349523;170202;51.2;24.9
85;2021-06-11;4507;4662;354030;174864;51.8;25.6
85;2021-06-12;1492;1795;355522;176659;52.0;25.9
85;2021-06-13;1220;673;356742;177332;52.2;26.0
85;2021-06-14;2682;5094;359424;182426;52.6;26.7
85;2021-06-15;3715;4929;363139;187355;53.2;27.4
85;2021-06-16;4083;3907;367222;191262;53.8;28.0
85;2021-06-17;3940;3900;371162;195162;54.3;28.6
85;2021-06-18;3626;5683;374788;200845;54.9;29.4
85;2021-06-19;1213;2029;376001;202874;55.0;29.7
85;2021-06-20;140;521;376141;203395;55.1;29.8
85;2021-06-21;2376;5812;378517;209207;55.4;30.6
85;2021-06-22;2849;5731;381366;214938;55.8;31.5
85;2021-06-23;3391;4500;384757;219438;56.3;32.1
85;2021-06-24;3642;4562;388399;224000;56.9;32.8
85;2021-06-25;2290;6179;390689;230179;57.2;33.7
85;2021-06-26;791;3758;391480;233937;57.3;34.2
85;2021-06-27;125;1370;391605;235307;57.3;34.4
85;2021-06-28;1186;6713;392791;242020;57.5;35.4
85;2021-06-29;1757;6872;394548;248892;57.8;36.4
85;2021-06-30;2213;6209;396761;255101;58.1;37.3
85;2021-07-01;2844;6059;399605;261160;58.5;38.2
85;2021-07-02;2332;7018;401937;268178;58.8;39.3
85;2021-07-03;618;3164;402555;271342;58.9;39.7
85;2021-07-04;145;1086;402700;272428;58.9;39.9
85;2021-07-05;1084;6653;403784;279081;59.1;40.8
85;2021-07-06;1582;6456;405366;285537;59.3;41.8
85;2021-07-07;1650;5862;407016;291399;59.6;42.7
85;2021-07-08;2166;5441;409182;296840;59.9;43.4
85;2021-07-09;1648;7096;410830;303936;60.1;44.5
85;2021-07-10;565;2836;411395;306772;60.2;44.9
85;2021-07-11;529;1288;411924;308060;60.3;45.1
85;2021-07-12;1409;7049;413333;315109;60.5;46.1
85;2021-07-13;2061;7389;415394;322498;60.8;47.2
85;2021-07-14;1453;2047;416847;324545;61.0;47.5
85;2021-07-15;2681;6939;419528;331484;61.4;48.5
85;2021-07-16;3431;6833;422959;338317;61.9;49.5
85;2021-07-17;1565;2152;424524;340469;62.1;49.8
85;2021-07-18;1150;1154;425674;341623;62.3;50.0
85;2021-07-19;3557;6230;429231;347853;62.8;50.9
85;2021-07-20;4301;6214;433532;354067;63.5;51.8
85;2021-07-21;3998;6195;437530;360262;64.0;52.7
85;2021-07-22;3907;6188;441437;366450;64.6;53.6
85;2021-07-23;4531;6707;445968;373157;65.3;54.6
85;2021-07-24;1047;2292;447015;375449;65.4;55.0
85;2021-07-25;491;303;447506;375752;65.5;55.0
85;2021-07-26;4515;5361;452021;381113;66.2;55.8
85;2021-07-27;5321;5398;457342;386511;66.9;56.6
85;2021-07-28;4964;4970;462306;391481;67.7;57.3
85;2021-07-29;5879;4733;468185;396214;68.5;58.0
85;2021-07-30;6029;4949;474214;401163;69.4;58.7
85;2021-07-31;1233;1575;475447;402738;69.6;58.9
85;2021-08-01;471;195;475918;402933;69.7;59.0
85;2021-08-02;4949;3951;480867;406884;70.4;59.6
85;2021-08-03;6525;3351;487392;410235;71.3;60.0
85;2021-08-04;6629;3422;494021;413657;72.3;60.5
85;2021-08-05;6194;3605;500215;417262;73.2;61.1
85;2021-08-06;5813;4515;506028;421777;74.1;61.7
85;2021-08-07;1506;1180;507534;422957;74.3;61.9
85;2021-08-08;331;232;507865;423189;74.3;61.9
85;2021-08-09;4149;3274;512014;426463;74.9;62.4
85;2021-08-10;4829;3419;516843;429882;75.7;62.9
85;2021-08-11;4668;4214;521511;434096;76.3;63.5
85;2021-08-12;4471;4299;525982;438395;77.0;64.2
85;2021-08-13;3886;3650;529868;442045;77.6;64.7
85;2021-08-14;1025;1089;530893;443134;77.7;64.9
85;2021-08-15;160;239;531053;443373;77.7;64.9
85;2021-08-16;2840;4773;533893;448146;78.1;65.6
85;2021-08-17;2968;4355;536861;452501;78.6;66.2
85;2021-08-18;3149;4104;540010;456605;79.0;66.8
85;2021-08-19;2727;4273;542737;460878;79.4;67.5
85;2021-08-20;2477;5225;545214;466103;79.8;68.2
85;2021-08-21;692;1395;545906;467498;79.9;68.4
85;2021-08-22;343;1018;546249;468516;80.0;68.6
85;2021-08-23;1870;5372;548119;473888;80.2;69.4
85;2021-08-24;1822;4866;549941;478754;80.5;70.1
85;2021-08-25;1643;4833;551584;483587;80.7;70.8
85;2021-08-26;1538;4765;553122;488352;81.0;71.5
85;2021-08-27;1691;5517;554813;493869;81.2;72.3
85;2021-08-28;569;1345;555382;495214;81.3;72.5
85;2021-08-29;127;987;555509;496201;81.3;72.6
85;2021-08-30;1120;4974;556629;501175;81.5;73.4
85;2021-08-31;1125;5450;557754;506625;81.6;74.2
85;2021-09-01;1135;5224;558889;511849;81.8;74.9
85;2021-09-02;988;4373;559877;516222;82.0;75.6
85;2021-09-03;1239;4536;561116;520758;82.1;76.2
85;2021-09-04;369;1385;561485;522143;82.2;76.4
85;2021-09-05;41;195;561526;522338;82.2;76.5
85;2021-09-06;850;3824;562376;526162;82.3;77.0
85;2021-09-07;841;3312;563217;529474;82.4;77.5
85;2021-09-08;866;3647;564083;533121;82.6;78.0
85;2021-09-09;646;2978;564729;536099;82.7;78.5
85;2021-09-10;787;3640;565516;539739;82.8;79.0
85;2021-09-11;243;1400;565759;541139;82.8;79.2
85;2021-09-12;15;56;565774;541195;82.8;79.2
86;2020-12-27;0;0;0;0;0.0;0.0
86;2020-12-28;1;0;1;0;0.0;0.0
86;2020-12-29;1;0;2;0;0.0;0.0
86;2020-12-30;0;0;2;0;0.0;0.0
86;2020-12-31;0;0;2;0;0.0;0.0
86;2021-01-01;0;0;2;0;0.0;0.0
86;2021-01-02;0;0;2;0;0.0;0.0
86;2021-01-03;2;0;4;0;0.0;0.0
86;2021-01-04;0;0;4;0;0.0;0.0
86;2021-01-05;1;0;5;0;0.0;0.0
86;2021-01-06;178;0;183;0;0.0;0.0
86;2021-01-07;672;0;855;0;0.2;0.0
86;2021-01-08;610;2;1465;2;0.3;0.0
86;2021-01-09;0;0;1465;2;0.3;0.0
86;2021-01-10;173;0;1638;2;0.4;0.0
86;2021-01-11;305;0;1943;2;0.4;0.0
86;2021-01-12;460;0;2403;2;0.5;0.0
86;2021-01-13;336;0;2739;2;0.6;0.0
86;2021-01-14;551;1;3290;3;0.8;0.0
86;2021-01-15;544;0;3834;3;0.9;0.0
86;2021-01-16;2;0;3836;3;0.9;0.0
86;2021-01-17;0;0;3836;3;0.9;0.0
86;2021-01-18;564;0;4400;3;1.0;0.0
86;2021-01-19;1915;1;6315;4;1.4;0.0
86;2021-01-20;1462;20;7777;24;1.8;0.0
86;2021-01-21;1292;0;9069;24;2.1;0.0
86;2021-01-22;833;0;9902;24;2.3;0.0
86;2021-01-23;313;0;10215;24;2.3;0.0
86;2021-01-24;0;0;10215;24;2.3;0.0
86;2021-01-25;585;104;10800;128;2.5;0.0
86;2021-01-26;751;110;11551;238;2.6;0.1
86;2021-01-27;765;142;12316;380;2.8;0.1
86;2021-01-28;1048;383;13364;763;3.1;0.2
86;2021-01-29;880;196;14244;959;3.3;0.2
86;2021-01-30;275;94;14519;1053;3.3;0.2
86;2021-01-31;57;157;14576;1210;3.3;0.3
86;2021-02-01;433;193;15009;1403;3.4;0.3
86;2021-02-02;574;372;15583;1775;3.6;0.4
86;2021-02-03;525;216;16108;1991;3.7;0.5
86;2021-02-04;478;349;16586;2340;3.8;0.5
86;2021-02-05;436;678;17022;3018;3.9;0.7
86;2021-02-06;148;179;17170;3197;3.9;0.7
86;2021-02-07;120;8;17290;3205;4.0;0.7
86;2021-02-08;361;252;17651;3457;4.0;0.8
86;2021-02-09;753;1063;18404;4520;4.2;1.0
86;2021-02-10;975;891;19379;5411;4.4;1.2
86;2021-02-11;1009;932;20388;6343;4.7;1.5
86;2021-02-12;747;322;21135;6665;4.8;1.5
86;2021-02-13;193;72;21328;6737;4.9;1.5
86;2021-02-14;1;34;21329;6771;4.9;1.5
86;2021-02-15;243;404;21572;7175;4.9;1.6
86;2021-02-16;384;736;21956;7911;5.0;1.8
86;2021-02-17;453;826;22409;8737;5.1;2.0
86;2021-02-18;422;792;22831;9529;5.2;2.2
86;2021-02-19;601;604;23432;10133;5.4;2.3
86;2021-02-20;115;138;23547;10271;5.4;2.3
86;2021-02-21;1;0;23548;10271;5.4;2.3
86;2021-02-22;241;357;23789;10628;5.4;2.4
86;2021-02-23;369;523;24158;11151;5.5;2.5
86;2021-02-24;409;512;24567;11663;5.6;2.7
86;2021-02-25;902;593;25469;12256;5.8;2.8
86;2021-02-26;1029;481;26498;12737;6.1;2.9
86;2021-02-27;460;133;26958;12870;6.2;2.9
86;2021-02-28;3;2;26961;12872;6.2;2.9
86;2021-03-01;232;467;27193;13339;6.2;3.0
86;2021-03-02;1142;779;28335;14118;6.5;3.2
86;2021-03-03;794;570;29129;14688;6.7;3.4
86;2021-03-04;1495;603;30624;15291;7.0;3.5
86;2021-03-05;1578;295;32202;15586;7.4;3.6
86;2021-03-06;995;155;33197;15741;7.6;3.6
86;2021-03-07;371;32;33568;15773;7.7;3.6
86;2021-03-08;472;512;34040;16285;7.8;3.7
86;2021-03-09;1368;506;35408;16791;8.1;3.8
86;2021-03-10;948;599;36356;17390;8.3;4.0
86;2021-03-11;1798;467;38154;17857;8.7;4.1
86;2021-03-12;2208;428;40362;18285;9.2;4.2
86;2021-03-13;1444;100;41806;18385;9.6;4.2
86;2021-03-14;133;16;41939;18401;9.6;4.2
86;2021-03-15;784;152;42723;18553;9.8;4.2
86;2021-03-16;848;203;43571;18756;10.0;4.3
86;2021-03-17;786;202;44357;18958;10.1;4.3
86;2021-03-18;1005;101;45362;19059;10.4;4.4
86;2021-03-19;2145;307;47507;19366;10.9;4.4
86;2021-03-20;592;129;48099;19495;11.0;4.5
86;2021-03-21;10;0;48109;19495;11.0;4.5
86;2021-03-22;852;274;48961;19769;11.2;4.5
86;2021-03-23;2015;325;50976;20094;11.7;4.6
86;2021-03-24;1557;290;52533;20384;12.0;4.7
86;2021-03-25;2488;342;55021;20726;12.6;4.7
86;2021-03-26;3043;359;58064;21085;13.3;4.8
86;2021-03-27;733;142;58797;21227;13.4;4.9
86;2021-03-28;5;126;58802;21353;13.4;4.9
86;2021-03-29;1259;390;60061;21743;13.7;5.0
86;2021-03-30;2403;822;62464;22565;14.3;5.2
86;2021-03-31;1511;624;63975;23189;14.6;5.3
86;2021-04-01;2245;943;66220;24132;15.1;5.5
86;2021-04-02;1902;551;68122;24683;15.6;5.6
86;2021-04-03;826;324;68948;25007;15.8;5.7
86;2021-04-04;83;109;69031;25116;15.8;5.7
86;2021-04-05;314;5;69345;25121;15.9;5.7
86;2021-04-06;1534;958;70879;26079;16.2;6.0
86;2021-04-07;1634;624;72513;26703;16.6;6.1
86;2021-04-08;2567;760;75080;27463;17.2;6.3
86;2021-04-09;3251;651;78331;28114;17.9;6.4
86;2021-04-10;1663;192;79994;28306;18.3;6.5
86;2021-04-11;442;11;80436;28317;18.4;6.5
86;2021-04-12;821;764;81257;29081;18.6;6.6
86;2021-04-13;2452;940;83709;30021;19.1;6.9
86;2021-04-14;1871;878;85580;30899;19.6;7.1
86;2021-04-15;2276;726;87856;31625;20.1;7.2
86;2021-04-16;2472;1228;90328;32853;20.7;7.5
86;2021-04-17;1039;264;91367;33117;20.9;7.6
86;2021-04-18;119;4;91486;33121;20.9;7.6
86;2021-04-19;745;797;92231;33918;21.1;7.8
86;2021-04-20;2302;1503;94533;35421;21.6;8.1
86;2021-04-21;2107;1126;96640;36547;22.1;8.4
86;2021-04-22;2331;1442;98971;37989;22.6;8.7
86;2021-04-23;2393;1577;101364;39566;23.2;9.0
86;2021-04-24;1300;512;102664;40078;23.5;9.2
86;2021-04-25;825;27;103489;40105;23.7;9.2
86;2021-04-26;2080;892;105569;40997;24.1;9.4
86;2021-04-27;3156;1669;108725;42666;24.9;9.8
86;2021-04-28;3003;1513;111728;44179;25.5;10.1
86;2021-04-29;3557;1830;115285;46009;26.4;10.5
86;2021-04-30;2970;1479;118255;47488;27.0;10.9
86;2021-05-01;1580;198;119835;47686;27.4;10.9
86;2021-05-02;1280;45;121115;47731;27.7;10.9
86;2021-05-03;2563;1005;123678;48736;28.3;11.1
86;2021-05-04;3509;1898;127187;50634;29.1;11.6
86;2021-05-05;3989;1485;131176;52119;30.0;11.9
86;2021-05-06;4291;1649;135467;53768;31.0;12.3
86;2021-05-07;4047;1825;139514;55593;31.9;12.7
86;2021-05-08;1976;396;141490;55989;32.3;12.8
86;2021-05-09;1641;203;143131;56192;32.7;12.8
86;2021-05-10;1958;1177;145089;57369;33.2;13.1
86;2021-05-11;3604;2683;148693;60052;34.0;13.7
86;2021-05-12;2252;1649;150945;61701;34.5;14.1
86;2021-05-13;1687;299;152632;62000;34.9;14.2
86;2021-05-14;2097;788;154729;62788;35.4;14.4
86;2021-05-15;1467;499;156196;63287;35.7;14.5
86;2021-05-16;778;164;156974;63451;35.9;14.5
86;2021-05-17;3221;1059;160195;64510;36.6;14.7
86;2021-05-18;4307;1662;164502;66172;37.6;15.1
86;2021-05-19;3592;1434;168094;67606;38.4;15.5
86;2021-05-20;4376;1619;172470;69225;39.4;15.8
86;2021-05-21;3438;1771;175908;70996;40.2;16.2
86;2021-05-22;2076;664;177984;71660;40.7;16.4
86;2021-05-23;1439;183;179423;71843;41.0;16.4
86;2021-05-24;1848;203;181271;72046;41.4;16.5
86;2021-05-25;2850;1639;184121;73685;42.1;16.8
86;2021-05-26;2727;1528;186848;75213;42.7;17.2
86;2021-05-27;3546;1850;190394;77063;43.5;17.6
86;2021-05-28;2164;2533;192558;79596;44.0;18.2
86;2021-05-29;1527;1286;194085;80882;44.4;18.5
86;2021-05-30;934;132;195019;81014;44.6;18.5
86;2021-05-31;1922;1818;196941;82832;45.0;18.9
86;2021-06-01;2664;2582;199605;85414;45.6;19.5
86;2021-06-02;2305;2661;201910;88075;46.2;20.1
86;2021-06-03;3337;2410;205247;90485;46.9;20.7
86;2021-06-04;2239;2858;207486;93343;47.4;21.3
86;2021-06-05;1502;1576;208988;94919;47.8;21.7
86;2021-06-06;819;900;209807;95819;48.0;21.9
86;2021-06-07;1118;2465;210925;98284;48.2;22.5
86;2021-06-08;1990;3695;212915;101979;48.7;23.3
86;2021-06-09;1902;3315;214817;105294;49.1;24.1
86;2021-06-10;2352;3241;217169;108535;49.7;24.8
86;2021-06-11;1517;2783;218686;111318;50.0;25.5
86;2021-06-12;746;2242;219432;113560;50.2;26.0
86;2021-06-13;214;1477;219646;115037;50.2;26.3
86;2021-06-14;1159;2903;220805;117940;50.5;27.0
86;2021-06-15;1688;4257;222493;122197;50.9;27.9
86;2021-06-16;1809;3135;224302;125332;51.3;28.7
86;2021-06-17;1777;4446;226079;129778;51.7;29.7
86;2021-06-18;1884;4587;227963;134365;52.1;30.7
86;2021-06-19;636;2100;228599;136465;52.3;31.2
86;2021-06-20;173;1319;228772;137784;52.3;31.5
86;2021-06-21;1106;2236;229878;140020;52.6;32.0
86;2021-06-22;1298;3458;231176;143478;52.9;32.8
86;2021-06-23;1364;2400;232540;145878;53.2;33.4
86;2021-06-24;1590;2725;234130;148603;53.5;34.0
86;2021-06-25;1193;3546;235323;152149;53.8;34.8
86;2021-06-26;391;2653;235714;154802;53.9;35.4
86;2021-06-27;138;1633;235852;156435;53.9;35.8
86;2021-06-28;271;3341;236123;159776;54.0;36.5
86;2021-06-29;858;4605;236981;164381;54.2;37.6
86;2021-06-30;1051;2974;238032;167355;54.4;38.3
86;2021-07-01;1541;3004;239573;170359;54.8;38.9
86;2021-07-02;1109;3639;240682;173998;55.0;39.8
86;2021-07-03;517;2394;241199;176392;55.1;40.3
86;2021-07-04;116;1347;241315;177739;55.2;40.6
86;2021-07-05;470;2832;241785;180571;55.3;41.3
86;2021-07-06;989;4107;242774;184678;55.5;42.2
86;2021-07-07;1261;2628;244035;187306;55.8;42.8
86;2021-07-08;1619;3149;245654;190455;56.2;43.5
86;2021-07-09;1747;3083;247401;193538;56.6;44.2
86;2021-07-10;1304;1954;248705;195492;56.9;44.7
86;2021-07-11;482;839;249187;196331;57.0;44.9
86;2021-07-12;850;2402;250037;198733;57.2;45.4
86;2021-07-13;1780;3364;251817;202097;57.6;46.2
86;2021-07-14;785;1232;252602;203329;57.8;46.5
86;2021-07-15;1886;3290;254488;206619;58.2;47.2
86;2021-07-16;1672;2657;256160;209276;58.6;47.8
86;2021-07-17;1351;1601;257511;210877;58.9;48.2
86;2021-07-18;381;907;257892;211784;59.0;48.4
86;2021-07-19;1377;1888;259269;213672;59.3;48.9
86;2021-07-20;2353;2732;261622;216404;59.8;49.5
86;2021-07-21;2306;2161;263928;218565;60.3;50.0
86;2021-07-22;2904;2799;266832;221364;61.0;50.6
86;2021-07-23;2467;2164;269299;223528;61.6;51.1
86;2021-07-24;1548;1226;270847;224754;61.9;51.4
86;2021-07-25;718;322;271565;225076;62.1;51.5
86;2021-07-26;1588;2104;273153;227180;62.4;51.9
86;2021-07-27;3559;2757;276712;229937;63.3;52.6
86;2021-07-28;3286;2140;279998;232077;64.0;53.1
86;2021-07-29;3265;2544;283263;234621;64.8;53.6
86;2021-07-30;2248;2375;285511;236996;65.3;54.2
86;2021-07-31;1429;1059;286940;238055;65.6;54.4
86;2021-08-01;652;338;287592;238393;65.8;54.5
86;2021-08-02;1942;1680;289534;240073;66.2;54.9
86;2021-08-03;3293;1991;292827;242064;66.9;55.3
86;2021-08-04;2740;1785;295567;243849;67.6;55.7
86;2021-08-05;3570;2056;299137;245905;68.4;56.2
86;2021-08-06;2400;1762;301537;247667;68.9;56.6
86;2021-08-07;1577;996;303114;248663;69.3;56.9
86;2021-08-08;954;553;304068;249216;69.5;57.0
86;2021-08-09;1883;1305;305951;250521;69.9;57.3
86;2021-08-10;2683;1780;308634;252301;70.6;57.7
86;2021-08-11;2362;1438;310996;253739;71.1;58.0
86;2021-08-12;2485;1831;313481;255570;71.7;58.4
86;2021-08-13;1838;1490;315319;257060;72.1;58.8
86;2021-08-14;1331;1153;316650;258213;72.4;59.0
86;2021-08-15;562;623;317212;258836;72.5;59.2
86;2021-08-16;1147;1788;318359;260624;72.8;59.6
86;2021-08-17;1557;2219;319916;262843;73.1;60.1
86;2021-08-18;1264;1859;321180;264702;73.4;60.5
86;2021-08-19;1502;2631;322682;267333;73.8;61.1
86;2021-08-20;1256;2609;323938;269942;74.1;61.7
86;2021-08-21;885;2007;324823;271949;74.3;62.2
86;2021-08-22;349;722;325172;272671;74.3;62.3
86;2021-08-23;722;1822;325894;274493;74.5;62.8
86;2021-08-24;1076;2752;326970;277245;74.8;63.4
86;2021-08-25;931;2067;327901;279312;75.0;63.9
86;2021-08-26;912;2813;328813;282125;75.2;64.5
86;2021-08-27;863;2173;329676;284298;75.4;65.0
86;2021-08-28;548;1774;330224;286072;75.5;65.4
86;2021-08-29;112;827;330336;286899;75.5;65.6
86;2021-08-30;684;2121;331020;289020;75.7;66.1
86;2021-08-31;958;3204;331978;292224;75.9;66.8
86;2021-09-01;569;2749;332547;294973;76.0;67.4
86;2021-09-02;745;2824;333292;297797;76.2;68.1
86;2021-09-03;754;2401;334046;300198;76.4;68.6
86;2021-09-04;364;2217;334410;302415;76.5;69.1
86;2021-09-05;27;918;334437;303333;76.5;69.3
86;2021-09-06;356;1752;334793;305085;76.5;69.7
86;2021-09-07;508;2202;335301;307287;76.7;70.3
86;2021-09-08;557;2399;335858;309686;76.8;70.8
86;2021-09-09;572;2001;336430;311687;76.9;71.3
86;2021-09-10;504;2130;336934;313817;77.0;71.7
86;2021-09-11;354;1893;337288;315710;77.1;72.2
86;2021-09-12;101;795;337389;316505;77.1;72.4
87;2020-12-27;0;0;0;0;0.0;0.0
87;2020-12-28;1;0;1;0;0.0;0.0
87;2020-12-29;0;0;1;0;0.0;0.0
87;2020-12-30;0;0;1;0;0.0;0.0
87;2020-12-31;0;0;1;0;0.0;0.0
87;2021-01-01;0;0;1;0;0.0;0.0
87;2021-01-02;0;0;1;0;0.0;0.0
87;2021-01-03;0;0;1;0;0.0;0.0
87;2021-01-04;2;0;3;0;0.0;0.0
87;2021-01-05;1;0;4;0;0.0;0.0
87;2021-01-06;10;0;14;0;0.0;0.0
87;2021-01-07;301;0;315;0;0.1;0.0
87;2021-01-08;407;0;722;0;0.2;0.0
87;2021-01-09;65;0;787;0;0.2;0.0
87;2021-01-10;35;0;822;0;0.2;0.0
87;2021-01-11;424;0;1246;0;0.3;0.0
87;2021-01-12;653;0;1899;0;0.5;0.0
87;2021-01-13;660;3;2559;3;0.7;0.0
87;2021-01-14;517;10;3076;13;0.8;0.0
87;2021-01-15;533;3;3609;16;1.0;0.0
87;2021-01-16;204;1;3813;17;1.0;0.0
87;2021-01-17;1;0;3814;17;1.0;0.0
87;2021-01-18;646;5;4460;22;1.2;0.0
87;2021-01-19;656;1;5116;23;1.4;0.0
87;2021-01-20;674;3;5790;26;1.6;0.0
87;2021-01-21;717;0;6507;26;1.8;0.0
87;2021-01-22;758;4;7265;30;2.0;0.0
87;2021-01-23;286;0;7551;30;2.0;0.0
87;2021-01-24;0;0;7551;30;2.0;0.0
87;2021-01-25;620;10;8171;40;2.2;0.0
87;2021-01-26;570;48;8741;88;2.4;0.0
87;2021-01-27;572;36;9313;124;2.5;0.0
87;2021-01-28;857;92;10170;216;2.7;0.1
87;2021-01-29;740;240;10910;456;2.9;0.1
87;2021-01-30;326;67;11236;523;3.0;0.1
87;2021-01-31;34;71;11270;594;3.0;0.2
87;2021-02-01;413;281;11683;875;3.2;0.2
87;2021-02-02;453;416;12136;1291;3.3;0.3
87;2021-02-03;540;352;12676;1643;3.4;0.4
87;2021-02-04;612;562;13288;2205;3.6;0.6
87;2021-02-05;342;355;13630;2560;3.7;0.7
87;2021-02-06;55;122;13685;2682;3.7;0.7
87;2021-02-07;20;0;13705;2682;3.7;0.7
87;2021-02-08;245;396;13950;3078;3.8;0.8
87;2021-02-09;219;459;14169;3537;3.8;1.0
87;2021-02-10;262;524;14431;4061;3.9;1.1
87;2021-02-11;286;440;14717;4501;4.0;1.2
87;2021-02-12;287;419;15004;4920;4.0;1.3
87;2021-02-13;25;140;15029;5060;4.1;1.4
87;2021-02-14;0;3;15029;5063;4.1;1.4
87;2021-02-15;237;320;15266;5383;4.1;1.5
87;2021-02-16;330;249;15596;5632;4.2;1.5
87;2021-02-17;330;319;15926;5951;4.3;1.6
87;2021-02-18;478;559;16404;6510;4.4;1.8
87;2021-02-19;404;434;16808;6944;4.5;1.9
87;2021-02-20;123;149;16931;7093;4.6;1.9
87;2021-02-21;2;9;16933;7102;4.6;1.9
87;2021-02-22;440;467;17373;7569;4.7;2.0
87;2021-02-23;557;541;17930;8110;4.8;2.2
87;2021-02-24;451;515;18381;8625;5.0;2.3
87;2021-02-25;790;602;19171;9227;5.2;2.5
87;2021-02-26;841;395;20012;9622;5.4;2.6
87;2021-02-27;405;154;20417;9776;5.5;2.6
87;2021-02-28;3;0;20420;9776;5.5;2.6
87;2021-03-01;518;318;20938;10094;5.6;2.7
87;2021-03-02;1030;329;21968;10423;5.9;2.8
87;2021-03-03;1174;307;23142;10730;6.2;2.9
87;2021-03-04;1406;317;24548;11047;6.6;3.0
87;2021-03-05;1770;245;26318;11292;7.1;3.0
87;2021-03-06;1048;37;27366;11329;7.4;3.1
87;2021-03-07;257;6;27623;11335;7.5;3.1
87;2021-03-08;864;217;28487;11552;7.7;3.1
87;2021-03-09;1288;216;29775;11768;8.0;3.2
87;2021-03-10;1299;224;31074;11992;8.4;3.2
87;2021-03-11;1754;244;32828;12236;8.9;3.3
87;2021-03-12;2129;285;34957;12521;9.4;3.4
87;2021-03-13;1308;22;36265;12543;9.8;3.4
87;2021-03-14;80;1;36345;12544;9.8;3.4
87;2021-03-15;989;351;37334;12895;10.1;3.5
87;2021-03-16;1061;241;38395;13136;10.4;3.5
87;2021-03-17;1070;218;39465;13354;10.6;3.6
87;2021-03-18;1185;342;40650;13696;11.0;3.7
87;2021-03-19;1684;279;42334;13975;11.4;3.8
87;2021-03-20;926;84;43260;14059;11.7;3.8
87;2021-03-21;32;0;43292;14059;11.7;3.8
87;2021-03-22;1049;376;44341;14435;12.0;3.9
87;2021-03-23;1386;427;45727;14862;12.3;4.0
87;2021-03-24;1508;365;47235;15227;12.7;4.1
87;2021-03-25;2500;394;49735;15621;13.4;4.2
87;2021-03-26;2533;455;52268;16076;14.1;4.3
87;2021-03-27;891;123;53159;16199;14.3;4.4
87;2021-03-28;269;18;53428;16217;14.4;4.4
87;2021-03-29;1118;413;54546;16630;14.7;4.5
87;2021-03-30;1908;660;56454;17290;15.2;4.7
87;2021-03-31;1660;691;58114;17981;15.7;4.8
87;2021-04-01;2240;571;60354;18552;16.3;5.0
87;2021-04-02;1843;631;62197;19183;16.8;5.2
87;2021-04-03;455;266;62652;19449;16.9;5.2
87;2021-04-04;2;0;62654;19449;16.9;5.2
87;2021-04-05;82;1;62736;19450;16.9;5.2
87;2021-04-06;1000;903;63736;20353;17.2;5.5
87;2021-04-07;1487;925;65223;21278;17.6;5.7
87;2021-04-08;1785;1031;67008;22309;18.1;6.0
87;2021-04-09;2647;740;69655;23049;18.8;6.2
87;2021-04-10;1189;306;70844;23355;19.1;6.3
87;2021-04-11;69;0;70913;23355;19.1;6.3
87;2021-04-12;1619;826;72532;24181;19.6;6.5
87;2021-04-13;2289;1062;74821;25243;20.2;6.8
87;2021-04-14;2530;1186;77351;26429;20.9;7.1
87;2021-04-15;2224;1075;79575;27504;21.5;7.4
87;2021-04-16;2736;1071;82311;28575;22.2;7.7
87;2021-04-17;731;388;83042;28963;22.4;7.8
87;2021-04-18;111;141;83153;29104;22.4;7.8
87;2021-04-19;1659;839;84812;29943;22.9;8.1
87;2021-04-20;2085;883;86897;30826;23.4;8.3
87;2021-04-21;2296;992;89193;31818;24.1;8.6
87;2021-04-22;2565;1161;91758;32979;24.7;8.9
87;2021-04-23;1997;1183;93755;34162;25.3;9.2
87;2021-04-24;825;620;94580;34782;25.5;9.4
87;2021-04-25;64;103;94644;34885;25.5;9.4
87;2021-04-26;1356;910;96000;35795;25.9;9.7
87;2021-04-27;2399;1198;98399;36993;26.5;10.0
87;2021-04-28;3869;1433;102268;38426;27.6;10.4
87;2021-04-29;3078;1830;105346;40256;28.4;10.9
87;2021-04-30;3174;1349;108520;41605;29.3;11.2
87;2021-05-01;614;59;109134;41664;29.4;11.2
87;2021-05-02;361;5;109495;41669;29.5;11.2
87;2021-05-03;2322;933;111817;42602;30.2;11.5
87;2021-05-04;2906;1068;114723;43670;30.9;11.8
87;2021-05-05;2989;1506;117712;45176;31.7;12.2
87;2021-05-06;2531;1702;120243;46878;32.4;12.6
87;2021-05-07;2945;1714;123188;48592;33.2;13.1
87;2021-05-08;772;291;123960;48883;33.4;13.2
87;2021-05-09;18;133;123978;49016;33.4;13.2
87;2021-05-10;1938;1584;125916;50600;34.0;13.6
87;2021-05-11;2467;1903;128383;52503;34.6;14.2
87;2021-05-12;2624;2064;131007;54567;35.3;14.7
87;2021-05-13;1085;292;132092;54859;35.6;14.8
87;2021-05-14;2244;1772;134336;56631;36.2;15.3
87;2021-05-15;950;409;135286;57040;36.5;15.4
87;2021-05-16;141;73;135427;57113;36.5;15.4
87;2021-05-17;1628;1763;137055;58876;37.0;15.9
87;2021-05-18;2634;1815;139689;60691;37.7;16.4
87;2021-05-19;2822;1553;142511;62244;38.4;16.8
87;2021-05-20;3303;1724;145814;63968;39.3;17.3
87;2021-05-21;2765;1839;148579;65807;40.1;17.7
87;2021-05-22;1458;627;150037;66434;40.5;17.9
87;2021-05-23;211;92;150248;66526;40.5;17.9
87;2021-05-24;1055;141;151303;66667;40.8;18.0
87;2021-05-25;2117;1808;153420;68475;41.4;18.5
87;2021-05-26;3221;2475;156641;70950;42.2;19.1
87;2021-05-27;3022;2355;159663;73305;43.1;19.8
87;2021-05-28;2674;2517;162337;75822;43.8;20.4
87;2021-05-29;1061;1306;163398;77128;44.1;20.8
87;2021-05-30;258;60;163656;77188;44.1;20.8
87;2021-05-31;2287;1356;165943;78544;44.8;21.2
87;2021-06-01;2548;1858;168491;80402;45.4;21.7
87;2021-06-02;2525;1851;171016;82253;46.1;22.2
87;2021-06-03;3212;2525;174228;84778;47.0;22.9
87;2021-06-04;2839;2054;177067;86832;47.8;23.4
87;2021-06-05;1311;571;178378;87403;48.1;23.6
87;2021-06-06;262;95;178640;87498;48.2;23.6
87;2021-06-07;2101;1895;180741;89393;48.7;24.1
87;2021-06-08;2961;2597;183702;91990;49.5;24.8
87;2021-06-09;2304;2811;186006;94801;50.2;25.6
87;2021-06-10;2974;2554;188980;97355;51.0;26.3
87;2021-06-11;2364;3062;191344;100417;51.6;27.1
87;2021-06-12;1220;1099;192564;101516;51.9;27.4
87;2021-06-13;294;485;192858;102001;52.0;27.5
87;2021-06-14;980;2729;193838;104730;52.3;28.2
87;2021-06-15;1361;3319;195199;108049;52.6;29.1
87;2021-06-16;1650;3424;196849;111473;53.1;30.1
87;2021-06-17;2439;2315;199288;113788;53.7;30.7
87;2021-06-18;1790;3011;201078;116799;54.2;31.5
87;2021-06-19;1047;1177;202125;117976;54.5;31.8
87;2021-06-20;205;206;202330;118182;54.6;31.9
87;2021-06-21;1041;2643;203371;120825;54.9;32.6
87;2021-06-22;1029;2881;204400;123706;55.1;33.4
87;2021-06-23;1257;3081;205657;126787;55.5;34.2
87;2021-06-24;1619;2559;207276;129346;55.9;34.9
87;2021-06-25;1450;2708;208726;132054;56.3;35.6
87;2021-06-26;529;1199;209255;133253;56.4;35.9
87;2021-06-27;26;212;209281;133465;56.4;36.0
87;2021-06-28;717;2574;209998;136039;56.6;36.7
87;2021-06-29;1156;3414;211154;139453;56.9;37.6
87;2021-06-30;1125;2651;212279;142104;57.3;38.3
87;2021-07-01;1482;2549;213761;144653;57.7;39.0
87;2021-07-02;1200;3460;214961;148113;58.0;39.9
87;2021-07-03;414;1512;215375;149625;58.1;40.4
87;2021-07-04;24;384;215399;150009;58.1;40.5
87;2021-07-05;686;2392;216085;152401;58.3;41.1
87;2021-07-06;584;3222;216669;155623;58.4;42.0
87;2021-07-07;864;3344;217533;158967;58.7;42.9
87;2021-07-08;1119;3671;218652;162638;59.0;43.9
87;2021-07-09;1112;3700;219764;166338;59.3;44.9
87;2021-07-10;290;1360;220054;167698;59.3;45.2
87;2021-07-11;49;284;220103;167982;59.4;45.3
87;2021-07-12;560;3191;220663;171173;59.5;46.2
87;2021-07-13;833;3510;221496;174683;59.7;47.1
87;2021-07-14;518;538;222014;175221;59.9;47.3
87;2021-07-15;1361;3460;223375;178681;60.2;48.2
87;2021-07-16;1732;3599;225107;182280;60.7;49.2
87;2021-07-17;655;1373;225762;183653;60.9;49.5
87;2021-07-18;81;285;225843;183938;60.9;49.6
87;2021-07-19;1434;3401;227277;187339;61.3;50.5
87;2021-07-20;1806;3593;229083;190932;61.8;51.5
87;2021-07-21;1452;3149;230535;194081;62.2;52.3
87;2021-07-22;1878;3246;232413;197327;62.7;53.2
87;2021-07-23;1875;3171;234288;200498;63.2;54.1
87;2021-07-24;817;1285;235105;201783;63.4;54.4
87;2021-07-25;106;241;235211;202024;63.4;54.5
87;2021-07-26;1542;2328;236753;204352;63.9;55.1
87;2021-07-27;2556;2061;239309;206413;64.5;55.7
87;2021-07-28;2390;2005;241699;208418;65.2;56.2
87;2021-07-29;3010;1998;244709;210416;66.0;56.8
87;2021-07-30;2544;2072;247253;212488;66.7;57.3
87;2021-07-31;1105;836;248358;213324;67.0;57.5
87;2021-08-01;284;151;248642;213475;67.1;57.6
87;2021-08-02;2117;1517;250759;214992;67.6;58.0
87;2021-08-03;2494;1332;253253;216324;68.3;58.3
87;2021-08-04;2315;1061;255568;217385;68.9;58.6
87;2021-08-05;2529;1411;258097;218796;69.6;59.0
87;2021-08-06;2142;1658;260239;220454;70.2;59.5
87;2021-08-07;1109;782;261348;221236;70.5;59.7
87;2021-08-08;208;123;261556;221359;70.5;59.7
87;2021-08-09;1819;1524;263375;222883;71.0;60.1
87;2021-08-10;2200;1534;265575;224417;71.6;60.5
87;2021-08-11;1913;1274;267488;225691;72.1;60.9
87;2021-08-12;2104;1479;269592;227170;72.7;61.3
87;2021-08-13;1726;1619;271318;228789;73.2;61.7
87;2021-08-14;671;733;271989;229522;73.4;61.9
87;2021-08-15;72;104;272061;229626;73.4;61.9
87;2021-08-16;1504;1743;273565;231369;73.8;62.4
87;2021-08-17;1349;1667;274914;233036;74.1;62.9
87;2021-08-18;1243;1997;276157;235033;74.5;63.4
87;2021-08-19;1219;1798;277376;236831;74.8;63.9
87;2021-08-20;916;2204;278292;239035;75.1;64.5
87;2021-08-21;317;965;278609;240000;75.1;64.7
87;2021-08-22;92;235;278701;240235;75.2;64.8
87;2021-08-23;744;2391;279445;242626;75.4;65.4
87;2021-08-24;762;2134;280207;244760;75.6;66.0
87;2021-08-25;707;2062;280914;246822;75.8;66.6
87;2021-08-26;855;2155;281769;248977;76.0;67.2
87;2021-08-27;780;2665;282549;251642;76.2;67.9
87;2021-08-28;323;1295;282872;252937;76.3;68.2
87;2021-08-29;65;244;282937;253181;76.3;68.3
87;2021-08-30;471;2212;283408;255393;76.4;68.9
87;2021-08-31;606;1933;284014;257326;76.6;69.4
87;2021-09-01;743;2467;284757;259793;76.8;70.1
87;2021-09-02;551;2341;285308;262134;76.9;70.7
87;2021-09-03;644;2483;285952;264617;77.1;71.4
87;2021-09-04;274;1130;286226;265747;77.2;71.7
87;2021-09-05;9;7;286235;265754;77.2;71.7
87;2021-09-06;394;1986;286629;267740;77.3;72.2
87;2021-09-07;382;1521;287011;269261;77.4;72.6
87;2021-09-08;457;1820;287468;271081;77.5;73.1
87;2021-09-09;323;1253;287791;272334;77.6;73.5
87;2021-09-10;465;1694;288256;274028;77.7;73.9
87;2021-09-11;318;972;288574;275000;77.8;74.2
87;2021-09-12;3;13;288577;275013;77.8;74.2
88;2020-12-27;0;0;0;0;0.0;0.0
88;2020-12-28;0;0;0;0;0.0;0.0
88;2020-12-29;0;0;0;0;0.0;0.0
88;2020-12-30;0;0;0;0;0.0;0.0
88;2020-12-31;0;0;0;0;0.0;0.0
88;2021-01-01;2;0;2;0;0.0;0.0
88;2021-01-02;0;0;2;0;0.0;0.0
88;2021-01-03;0;0;2;0;0.0;0.0
88;2021-01-04;0;0;2;0;0.0;0.0
88;2021-01-05;1;0;3;0;0.0;0.0
88;2021-01-06;3;0;6;0;0.0;0.0
88;2021-01-07;71;1;77;1;0.0;0.0
88;2021-01-08;189;2;266;3;0.1;0.0
88;2021-01-09;190;2;456;5;0.1;0.0
88;2021-01-10;0;0;456;5;0.1;0.0
88;2021-01-11;227;0;683;5;0.2;0.0
88;2021-01-12;422;0;1105;5;0.3;0.0
88;2021-01-13;491;2;1596;7;0.4;0.0
88;2021-01-14;347;2;1943;9;0.5;0.0
88;2021-01-15;380;2;2323;11;0.6;0.0
88;2021-01-16;62;0;2385;11;0.7;0.0
88;2021-01-17;1;0;2386;11;0.7;0.0
88;2021-01-18;461;0;2847;11;0.8;0.0
88;2021-01-19;451;0;3298;11;0.9;0.0
88;2021-01-20;461;1;3759;12;1.0;0.0
88;2021-01-21;1545;5;5304;17;1.5;0.0
88;2021-01-22;1181;2;6485;19;1.8;0.0
88;2021-01-23;284;0;6769;19;1.9;0.0
88;2021-01-24;298;2;7067;21;2.0;0.0
88;2021-01-25;938;4;8005;25;2.2;0.0
88;2021-01-26;388;5;8393;30;2.3;0.0
88;2021-01-27;4;0;8397;30;2.3;0.0
88;2021-01-28;162;35;8559;65;2.4;0.0
88;2021-01-29;526;149;9085;214;2.5;0.1
88;2021-01-30;288;120;9373;334;2.6;0.1
88;2021-01-31;0;0;9373;334;2.6;0.1
88;2021-02-01;406;270;9779;604;2.7;0.2
88;2021-02-02;333;347;10112;951;2.8;0.3
88;2021-02-03;437;225;10549;1176;2.9;0.3
88;2021-02-04;315;214;10864;1390;3.0;0.4
88;2021-02-05;457;240;11321;1630;3.1;0.5
88;2021-02-06;110;49;11431;1679;3.2;0.5
88;2021-02-07;0;0;11431;1679;3.2;0.5
88;2021-02-08;360;165;11791;1844;3.3;0.5
88;2021-02-09;291;243;12082;2087;3.4;0.6
88;2021-02-10;416;307;12498;2394;3.5;0.7
88;2021-02-11;850;995;13348;3389;3.7;0.9
88;2021-02-12;939;671;14287;4060;4.0;1.1
88;2021-02-13;162;203;14449;4263;4.0;1.2
88;2021-02-14;81;216;14530;4479;4.0;1.2
88;2021-02-15;641;973;15171;5452;4.2;1.5
88;2021-02-16;472;643;15643;6095;4.4;1.7
88;2021-02-17;456;362;16099;6457;4.5;1.8
88;2021-02-18;516;302;16615;6759;4.6;1.9
88;2021-02-19;536;399;17151;7158;4.8;2.0
88;2021-02-20;156;91;17307;7249;4.8;2.0
88;2021-02-21;1;25;17308;7274;4.8;2.0
88;2021-02-22;425;284;17733;7558;4.9;2.1
88;2021-02-23;403;189;18136;7747;5.0;2.2
88;2021-02-24;506;172;18642;7919;5.2;2.2
88;2021-02-25;675;235;19317;8154;5.4;2.3
88;2021-02-26;863;239;20180;8393;5.6;2.3
88;2021-02-27;269;32;20449;8425;5.7;2.3
88;2021-02-28;30;1;20479;8426;5.7;2.3
88;2021-03-01;359;403;20838;8829;5.8;2.5
88;2021-03-02;431;416;21269;9245;5.9;2.6
88;2021-03-03;650;409;21919;9654;6.1;2.7
88;2021-03-04;1040;707;22959;10361;6.4;2.9
88;2021-03-05;934;660;23893;11021;6.6;3.1
88;2021-03-06;1874;115;25767;11136;7.2;3.1
88;2021-03-07;1060;79;26827;11215;7.5;3.1
88;2021-03-08;727;640;27554;11855;7.7;3.3
88;2021-03-09;1094;507;28648;12362;8.0;3.4
88;2021-03-10;1084;476;29732;12838;8.3;3.6
88;2021-03-11;1441;392;31173;13230;8.7;3.7
88;2021-03-12;1309;478;32482;13708;9.0;3.8
88;2021-03-13;1210;128;33692;13836;9.4;3.8
88;2021-03-14;166;5;33858;13841;9.4;3.8
88;2021-03-15;929;443;34787;14284;9.7;4.0
88;2021-03-16;1024;342;35811;14626;10.0;4.1
88;2021-03-17;905;420;36716;15046;10.2;4.2
88;2021-03-18;1303;399;38019;15445;10.6;4.3
88;2021-03-19;1465;502;39484;15947;11.0;4.4
88;2021-03-20;1319;55;40803;16002;11.3;4.5
88;2021-03-21;37;0;40840;16002;11.4;4.5
88;2021-03-22;1233;542;42073;16544;11.7;4.6
88;2021-03-23;1780;443;43853;16987;12.2;4.7
88;2021-03-24;1876;469;45729;17456;12.7;4.9
88;2021-03-25;2499;493;48228;17949;13.4;5.0
88;2021-03-26;2480;444;50708;18393;14.1;5.1
88;2021-03-27;883;297;51591;18690;14.3;5.2
88;2021-03-28;61;3;51652;18693;14.4;5.2
88;2021-03-29;1305;437;52957;19130;14.7;5.3
88;2021-03-30;2062;392;55019;19522;15.3;5.4
88;2021-03-31;1619;576;56638;20098;15.8;5.6
88;2021-04-01;2118;716;58756;20814;16.3;5.8
88;2021-04-02;2816;647;61572;21461;17.1;6.0
88;2021-04-03;745;215;62317;21676;17.3;6.0
88;2021-04-04;16;1;62333;21677;17.3;6.0
88;2021-04-05;23;2;62356;21679;17.3;6.0
88;2021-04-06;1140;678;63496;22357;17.7;6.2
88;2021-04-07;1600;714;65096;23071;18.1;6.4
88;2021-04-08;1858;788;66954;23859;18.6;6.6
88;2021-04-09;3080;741;70034;24600;19.5;6.8
88;2021-04-10;724;650;70758;25250;19.7;7.0
88;2021-04-11;33;1;70791;25251;19.7;7.0
88;2021-04-12;1538;985;72329;26236;20.1;7.3
88;2021-04-13;2037;1091;74366;27327;20.7;7.6
88;2021-04-14;1911;949;76277;28276;21.2;7.9
88;2021-04-15;1967;1244;78244;29520;21.8;8.2
88;2021-04-16;2109;1049;80353;30569;22.4;8.5
88;2021-04-17;1429;765;81782;31334;22.7;8.7
88;2021-04-18;268;23;82050;31357;22.8;8.7
88;2021-04-19;1172;1236;83222;32593;23.1;9.1
88;2021-04-20;1190;1398;84412;33991;23.5;9.5
88;2021-04-21;1503;1295;85915;35286;23.9;9.8
88;2021-04-22;1899;1633;87814;36919;24.4;10.3
88;2021-04-23;1825;2047;89639;38966;24.9;10.8
88;2021-04-24;1185;782;90824;39748;25.3;11.1
88;2021-04-25;34;2;90858;39750;25.3;11.1
88;2021-04-26;1181;1173;92039;40923;25.6;11.4
88;2021-04-27;1278;1727;93317;42650;26.0;11.9
88;2021-04-28;1634;1495;94951;44145;26.4;12.3
88;2021-04-29;2082;1461;97033;45606;27.0;12.7
88;2021-04-30;2451;1628;99484;47234;27.7;13.1
88;2021-05-01;2008;287;101492;47521;28.2;13.2
88;2021-05-02;1301;120;102793;47641;28.6;13.3
88;2021-05-03;1558;1218;104351;48859;29.0;13.6
88;2021-05-04;1444;1466;105795;50325;29.4;14.0
88;2021-05-05;2427;1598;108222;51923;30.1;14.4
88;2021-05-06;3210;1203;111432;53126;31.0;14.8
88;2021-05-07;2939;1345;114371;54471;31.8;15.2
88;2021-05-08;1533;469;115904;54940;32.2;15.3
88;2021-05-09;1735;161;117639;55101;32.7;15.3
88;2021-05-10;1764;1568;119403;56669;33.2;15.8
88;2021-05-11;2657;1907;122060;58576;34.0;16.3
88;2021-05-12;2531;1853;124591;60429;34.7;16.8
88;2021-05-13;3258;684;127849;61113;35.6;17.0
88;2021-05-14;2501;1539;130350;62652;36.3;17.4
88;2021-05-15;1625;743;131975;63395;36.7;17.6
88;2021-05-16;1333;103;133308;63498;37.1;17.7
88;2021-05-17;1988;943;135296;64441;37.6;17.9
88;2021-05-18;2256;1115;137552;65556;38.3;18.2
88;2021-05-19;2722;1147;140274;66703;39.0;18.6
88;2021-05-20;3347;1236;143621;67939;39.9;18.9
88;2021-05-21;2876;1148;146497;69087;40.7;19.2
88;2021-05-22;1432;713;147929;69800;41.1;19.4
88;2021-05-23;558;74;148487;69874;41.3;19.4
88;2021-05-24;1675;435;150162;70309;41.8;19.6
88;2021-05-25;1648;1173;151810;71482;42.2;19.9
88;2021-05-26;2368;1140;154178;72622;42.9;20.2
88;2021-05-27;2201;1362;156379;73984;43.5;20.6
88;2021-05-28;1891;1967;158270;75951;44.0;21.1
88;2021-05-29;1230;1755;159500;77706;44.4;21.6
88;2021-05-30;587;418;160087;78124;44.5;21.7
88;2021-05-31;1327;1849;161414;79973;44.9;22.2
88;2021-06-01;1720;1984;163134;81957;45.4;22.8
88;2021-06-02;2076;1872;165210;83829;46.0;23.3
88;2021-06-03;2739;1613;167949;85442;46.7;23.8
88;2021-06-04;2043;1929;169992;87371;47.3;24.3
88;2021-06-05;1531;1137;171523;88508;47.7;24.6
88;2021-06-06;693;156;172216;88664;47.9;24.7
88;2021-06-07;1292;1710;173508;90374;48.3;25.1
88;2021-06-08;1666;1935;175174;92309;48.7;25.7
88;2021-06-09;1618;1908;176792;94217;49.2;26.2
88;2021-06-10;1781;2046;178573;96263;49.7;26.8
88;2021-06-11;1549;2211;180122;98474;50.1;27.4
88;2021-06-12;669;1657;180791;100131;50.3;27.9
88;2021-06-13;464;377;181255;100508;50.4;28.0
88;2021-06-14;1030;2248;182285;102756;50.7;28.6
88;2021-06-15;1929;2460;184214;105216;51.2;29.3
88;2021-06-16;1486;2873;185700;108089;51.7;30.1
88;2021-06-17;1599;2732;187299;110821;52.1;30.8
88;2021-06-18;1355;2460;188654;113281;52.5;31.5
88;2021-06-19;701;1090;189355;114371;52.7;31.8
88;2021-06-20;78;79;189433;114450;52.7;31.8
88;2021-06-21;672;2581;190105;117031;52.9;32.6
88;2021-06-22;869;3433;190974;120464;53.1;33.5
88;2021-06-23;1144;2876;192118;123340;53.4;34.3
88;2021-06-24;703;2604;192821;125944;53.6;35.0
88;2021-06-25;1435;3180;194256;129124;54.0;35.9
88;2021-06-26;903;2072;195159;131196;54.3;36.5
88;2021-06-27;543;635;195702;131831;54.4;36.7
88;2021-06-28;760;2515;196462;134346;54.6;37.4
88;2021-06-29;961;3354;197423;137700;54.9;38.3
88;2021-06-30;1136;3114;198559;140814;55.2;39.2
88;2021-07-01;1056;2686;199615;143500;55.5;39.9
88;2021-07-02;992;3147;200607;146647;55.8;40.8
88;2021-07-03;694;1699;201301;148346;56.0;41.3
88;2021-07-04;258;815;201559;149161;56.1;41.5
88;2021-07-05;993;2021;202552;151182;56.3;42.1
88;2021-07-06;1020;2416;203572;153598;56.6;42.7
88;2021-07-07;1179;2588;204751;156186;57.0;43.4
88;2021-07-08;1085;2064;205836;158250;57.3;44.0
88;2021-07-09;1584;2703;207420;160953;57.7;44.8
88;2021-07-10;722;1817;208142;162770;57.9;45.3
88;2021-07-11;468;696;208610;163466;58.0;45.5
88;2021-07-12;1055;2521;209665;165987;58.3;46.2
88;2021-07-13;1313;2654;210978;168641;58.7;46.9
88;2021-07-14;1206;798;212184;169439;59.0;47.1
88;2021-07-15;1744;3306;213928;172745;59.5;48.0
88;2021-07-16;1470;2963;215398;175708;59.9;48.9
88;2021-07-17;802;1587;216200;177295;60.1;49.3
88;2021-07-18;180;679;216380;177974;60.2;49.5
88;2021-07-19;1563;2231;217943;180205;60.6;50.1
88;2021-07-20;2143;2388;220086;182593;61.2;50.8
88;2021-07-21;1938;2219;222024;184812;61.8;51.4
88;2021-07-22;1699;2109;223723;186921;62.2;52.0
88;2021-07-23;2509;2781;226232;189702;62.9;52.8
88;2021-07-24;1059;1186;227291;190888;63.2;53.1
88;2021-07-25;432;608;227723;191496;63.3;53.3
88;2021-07-26;1715;2074;229438;193570;63.8;53.8
88;2021-07-27;2351;2059;231789;195629;64.5;54.4
88;2021-07-28;2212;2248;234001;197877;65.1;55.0
88;2021-07-29;3031;1633;237032;199510;65.9;55.5
88;2021-07-30;2274;2295;239306;201805;66.6;56.1
88;2021-07-31;1106;1037;240412;202842;66.9;56.4
88;2021-08-01;448;461;240860;203303;67.0;56.5
88;2021-08-02;2376;1768;243236;205071;67.7;57.0
88;2021-08-03;2875;1590;246111;206661;68.5;57.5
88;2021-08-04;2517;1529;248628;208190;69.2;57.9
88;2021-08-05;1995;1378;250623;209568;69.7;58.3
88;2021-08-06;2929;2012;253552;211580;70.5;58.9
88;2021-08-07;1175;912;254727;212492;70.9;59.1
88;2021-08-08;751;320;255478;212812;71.1;59.2
88;2021-08-09;1549;1649;257027;214461;71.5;59.7
88;2021-08-10;1938;2055;258965;216516;72.0;60.2
88;2021-08-11;1867;1751;260832;218267;72.6;60.7
88;2021-08-12;1668;1348;262500;219615;73.0;61.1
88;2021-08-13;1944;2128;264444;221743;73.6;61.7
88;2021-08-14;579;911;265023;222654;73.7;61.9
88;2021-08-15;337;521;265360;223175;73.8;62.1
88;2021-08-16;1149;1987;266509;225162;74.1;62.6
88;2021-08-17;1268;2056;267777;227218;74.5;63.2
88;2021-08-18;1206;1924;268983;229142;74.8;63.7
88;2021-08-19;1040;1582;270023;230724;75.1;64.2
88;2021-08-20;1018;2329;271041;233053;75.4;64.8
88;2021-08-21;403;1142;271444;234195;75.5;65.1
88;2021-08-22;100;478;271544;234673;75.5;65.3
88;2021-08-23;730;1641;272274;236314;75.7;65.7
88;2021-08-24;914;1974;273188;238288;76.0;66.3
88;2021-08-25;889;2459;274077;240747;76.2;67.0
88;2021-08-26;864;2047;274941;242794;76.5;67.5
88;2021-08-27;844;2710;275785;245504;76.7;68.3
88;2021-08-28;485;1351;276270;246855;76.8;68.7
88;2021-08-29;130;694;276400;247549;76.9;68.9
88;2021-08-30;697;2383;277097;249932;77.1;69.5
88;2021-08-31;779;2374;277876;252306;77.3;70.2
88;2021-09-01;682;2074;278558;254380;77.5;70.8
88;2021-09-02;659;1742;279217;256122;77.7;71.2
88;2021-09-03;727;2260;279944;258382;77.9;71.9
88;2021-09-04;423;1156;280367;259538;78.0;72.2
88;2021-09-05;188;424;280555;259962;78.0;72.3
88;2021-09-06;505;1358;281060;261320;78.2;72.7
88;2021-09-07;567;1407;281627;262727;78.3;73.1
88;2021-09-08;455;1492;282082;264219;78.5;73.5
88;2021-09-09;537;1092;282619;265311;78.6;73.8
88;2021-09-10;587;1573;283206;266884;78.8;74.2
88;2021-09-11;341;849;283547;267733;78.9;74.5
88;2021-09-12;70;142;283617;267875;78.9;74.5
89;2020-12-27;0;0;0;0;0.0;0.0
89;2020-12-28;2;0;2;0;0.0;0.0
89;2020-12-29;0;0;2;0;0.0;0.0
89;2020-12-30;0;0;2;0;0.0;0.0
89;2020-12-31;0;0;2;0;0.0;0.0
89;2021-01-01;0;0;2;0;0.0;0.0
89;2021-01-02;0;0;2;0;0.0;0.0
89;2021-01-03;0;0;2;0;0.0;0.0
89;2021-01-04;0;0;2;0;0.0;0.0
89;2021-01-05;0;0;2;0;0.0;0.0
89;2021-01-06;48;0;50;0;0.0;0.0
89;2021-01-07;201;0;251;0;0.1;0.0
89;2021-01-08;48;0;299;0;0.1;0.0
89;2021-01-09;1;0;300;0;0.1;0.0
89;2021-01-10;0;0;300;0;0.1;0.0
89;2021-01-11;221;0;521;0;0.2;0.0
89;2021-01-12;349;0;870;0;0.3;0.0
89;2021-01-13;533;3;1403;3;0.4;0.0
89;2021-01-14;711;7;2114;10;0.6;0.0
89;2021-01-15;275;2;2389;12;0.7;0.0
89;2021-01-16;90;3;2479;15;0.7;0.0
89;2021-01-17;0;0;2479;15;0.7;0.0
89;2021-01-18;503;1;2982;16;0.9;0.0
89;2021-01-19;841;3;3823;19;1.2;0.0
89;2021-01-20;760;0;4583;19;1.4;0.0
89;2021-01-21;940;4;5523;23;1.7;0.0
89;2021-01-22;1021;1;6544;24;2.0;0.0
89;2021-01-23;200;0;6744;24;2.0;0.0
89;2021-01-24;107;0;6851;24;2.1;0.0
89;2021-01-25;482;3;7333;27;2.2;0.0
89;2021-01-26;582;12;7915;39;2.4;0.0
89;2021-01-27;473;37;8388;76;2.5;0.0
89;2021-01-28;551;123;8939;199;2.7;0.1
89;2021-01-29;958;39;9897;238;3.0;0.1
89;2021-01-30;184;14;10081;252;3.0;0.1
89;2021-01-31;24;1;10105;253;3.0;0.1
89;2021-02-01;255;138;10360;391;3.1;0.1
89;2021-02-02;283;315;10643;706;3.2;0.2
89;2021-02-03;292;318;10935;1024;3.3;0.3
89;2021-02-04;432;588;11367;1612;3.4;0.5
89;2021-02-05;387;181;11754;1793;3.5;0.5
89;2021-02-06;77;66;11831;1859;3.6;0.6
89;2021-02-07;0;0;11831;1859;3.6;0.6
89;2021-02-08;288;162;12119;2021;3.6;0.6
89;2021-02-09;285;406;12404;2427;3.7;0.7
89;2021-02-10;396;288;12800;2715;3.9;0.8
89;2021-02-11;332;531;13132;3246;4.0;1.0
89;2021-02-12;433;566;13565;3812;4.1;1.1
89;2021-02-13;52;124;13617;3936;4.1;1.2
89;2021-02-14;21;116;13638;4052;4.1;1.2
89;2021-02-15;218;327;13856;4379;4.2;1.3
89;2021-02-16;134;445;13990;4824;4.2;1.5
89;2021-02-17;263;349;14253;5173;4.3;1.6
89;2021-02-18;225;441;14478;5614;4.4;1.7
89;2021-02-19;244;582;14722;6196;4.4;1.9
89;2021-02-20;33;128;14755;6324;4.4;1.9
89;2021-02-21;0;10;14755;6334;4.4;1.9
89;2021-02-22;233;375;14988;6709;4.5;2.0
89;2021-02-23;171;402;15159;7111;4.6;2.1
89;2021-02-24;343;298;15502;7409;4.7;2.2
89;2021-02-25;370;380;15872;7789;4.8;2.3
89;2021-02-26;385;288;16257;8077;4.9;2.4
89;2021-02-27;138;62;16395;8139;4.9;2.5
89;2021-02-28;6;13;16401;8152;4.9;2.5
89;2021-03-01;541;205;16942;8357;5.1;2.5
89;2021-03-02;754;319;17696;8676;5.3;2.6
89;2021-03-03;647;242;18343;8918;5.5;2.7
89;2021-03-04;633;345;18976;9263;5.7;2.8
89;2021-03-05;728;473;19704;9736;5.9;2.9
89;2021-03-06;549;122;20253;9858;6.1;3.0
89;2021-03-07;288;40;20541;9898;6.2;3.0
89;2021-03-08;559;310;21100;10208;6.4;3.1
89;2021-03-09;1002;251;22102;10459;6.7;3.1
89;2021-03-10;984;240;23086;10699;7.0;3.2
89;2021-03-11;1075;289;24161;10988;7.3;3.3
89;2021-03-12;1281;331;25442;11319;7.7;3.4
89;2021-03-13;637;44;26079;11363;7.9;3.4
89;2021-03-14;1;0;26080;11363;7.9;3.4
89;2021-03-15;816;311;26896;11674;8.1;3.5
89;2021-03-16;948;220;27844;11894;8.4;3.6
89;2021-03-17;920;269;28764;12163;8.7;3.7
89;2021-03-18;885;254;29649;12417;8.9;3.7
89;2021-03-19;1149;196;30798;12613;9.3;3.8
89;2021-03-20;844;28;31642;12641;9.5;3.8
89;2021-03-21;173;6;31815;12647;9.6;3.8
89;2021-03-22;1044;222;32859;12869;9.9;3.9
89;2021-03-23;1742;256;34601;13125;10.4;4.0
89;2021-03-24;1967;324;36568;13449;11.0;4.0
89;2021-03-25;1821;170;38389;13619;11.6;4.1
89;2021-03-26;2627;185;41016;13804;12.4;4.2
89;2021-03-27;1774;48;42790;13852;12.9;4.2
89;2021-03-28;32;3;42822;13855;12.9;4.2
89;2021-03-29;965;571;43787;14426;13.2;4.3
89;2021-03-30;1154;566;44941;14992;13.5;4.5
89;2021-03-31;2005;472;46946;15464;14.1;4.7
89;2021-04-01;2120;461;49066;15925;14.8;4.8
89;2021-04-02;2139;445;51205;16370;15.4;4.9
89;2021-04-03;1004;243;52209;16613;15.7;5.0
89;2021-04-04;16;1;52225;16614;15.7;5.0
89;2021-04-05;92;2;52317;16616;15.8;5.0
89;2021-04-06;1033;754;53350;17370;16.1;5.2
89;2021-04-07;1029;799;54379;18169;16.4;5.5
89;2021-04-08;1729;726;56108;18895;16.9;5.7
89;2021-04-09;2165;767;58273;19662;17.5;5.9
89;2021-04-10;892;181;59165;19843;17.8;6.0
89;2021-04-11;38;51;59203;19894;17.8;6.0
89;2021-04-12;1012;792;60215;20686;18.1;6.2
89;2021-04-13;1357;1082;61572;21768;18.5;6.6
89;2021-04-14;1213;1037;62785;22805;18.9;6.9
89;2021-04-15;1415;944;64200;23749;19.3;7.2
89;2021-04-16;1329;939;65529;24688;19.7;7.4
89;2021-04-17;1069;455;66598;25143;20.1;7.6
89;2021-04-18;27;154;66625;25297;20.1;7.6
89;2021-04-19;749;1039;67374;26336;20.3;7.9
89;2021-04-20;1017;1534;68391;27870;20.6;8.4
89;2021-04-21;814;1101;69205;28971;20.8;8.7
89;2021-04-22;1108;1165;70313;30136;21.2;9.1
89;2021-04-23;1823;1965;72136;32101;21.7;9.7
89;2021-04-24;1174;1174;73310;33275;22.1;10.0
89;2021-04-25;139;6;73449;33281;22.1;10.0
89;2021-04-26;1503;776;74952;34057;22.6;10.3
89;2021-04-27;1733;1053;76685;35110;23.1;10.6
89;2021-04-28;1596;1854;78281;36964;23.6;11.1
89;2021-04-29;1970;1922;80251;38886;24.2;11.7
89;2021-04-30;1804;1766;82055;40652;24.7;12.2
89;2021-05-01;846;721;82901;41373;25.0;12.5
89;2021-05-02;134;31;83035;41404;25.0;12.5
89;2021-05-03;1606;762;84641;42166;25.5;12.7
89;2021-05-04;1620;1127;86261;43293;26.0;13.0
89;2021-05-05;2319;1267;88580;44560;26.7;13.4
89;2021-05-06;2412;1381;90992;45941;27.4;13.8
89;2021-05-07;2719;1314;93711;47255;28.2;14.2
89;2021-05-08;1787;533;95498;47788;28.8;14.4
89;2021-05-09;196;18;95694;47806;28.8;14.4
89;2021-05-10;1201;962;96895;48768;29.2;14.7
89;2021-05-11;2489;1461;99384;50229;29.9;15.1
89;2021-05-12;2059;1215;101443;51444;30.5;15.5
89;2021-05-13;414;332;101857;51776;30.7;15.6
89;2021-05-14;1880;1095;103737;52871;31.2;15.9
89;2021-05-15;2247;394;105984;53265;31.9;16.0
89;2021-05-16;10;35;105994;53300;31.9;16.0
89;2021-05-17;2092;636;108086;53936;32.5;16.2
89;2021-05-18;2323;830;110409;54766;33.2;16.5
89;2021-05-19;2861;881;113270;55647;34.1;16.8
89;2021-05-20;2927;889;116197;56536;35.0;17.0
89;2021-05-21;2481;877;118678;57413;35.7;17.3
89;2021-05-22;1430;560;120108;57973;36.2;17.5
89;2021-05-23;108;10;120216;57983;36.2;17.5
89;2021-05-24;286;224;120502;58207;36.3;17.5
89;2021-05-25;1559;982;122061;59189;36.8;17.8
89;2021-05-26;1817;1024;123878;60213;37.3;18.1
89;2021-05-27;2118;1358;125996;61571;37.9;18.5
89;2021-05-28;2143;1420;128139;62991;38.6;19.0
89;2021-05-29;541;659;128680;63650;38.7;19.2
89;2021-05-30;25;22;128705;63672;38.8;19.2
89;2021-05-31;1248;970;129953;64642;39.1;19.5
89;2021-06-01;1506;981;131459;65623;39.6;19.8
89;2021-06-02;1946;1278;133405;66901;40.2;20.1
89;2021-06-03;2428;1523;135833;68424;40.9;20.6
89;2021-06-04;2140;1887;137973;70311;41.5;21.2
89;2021-06-05;1186;1223;139159;71534;41.9;21.5
89;2021-06-06;23;37;139182;71571;41.9;21.6
89;2021-06-07;2108;1450;141290;73021;42.5;22.0
89;2021-06-08;2195;1449;143485;74470;43.2;22.4
89;2021-06-09;2321;1510;145806;75980;43.9;22.9
89;2021-06-10;2791;1599;148597;77579;44.7;23.4
89;2021-06-11;1950;1748;150547;79327;45.3;23.9
89;2021-06-12;1103;759;151650;80086;45.7;24.1
89;2021-06-13;156;418;151806;80504;45.7;24.2
89;2021-06-14;1311;1825;153117;82329;46.1;24.8
89;2021-06-15;1401;2013;154518;84342;46.5;25.4
89;2021-06-16;1129;2583;155647;86925;46.9;26.2
89;2021-06-17;1431;2337;157078;89262;47.3;26.9
89;2021-06-18;1623;2878;158701;92140;47.8;27.7
89;2021-06-19;687;1660;159388;93800;48.0;28.2
89;2021-06-20;55;125;159443;93925;48.0;28.3
89;2021-06-21;759;1528;160202;95453;48.2;28.7
89;2021-06-22;1048;2679;161250;98132;48.6;29.5
89;2021-06-23;1156;1796;162406;99928;48.9;30.1
89;2021-06-24;1077;1497;163483;101425;49.2;30.5
89;2021-06-25;1008;2425;164491;103850;49.5;31.3
89;2021-06-26;560;2482;165051;106332;49.7;32.0
89;2021-06-27;14;28;165065;106360;49.7;32.0
89;2021-06-28;1033;2492;166098;108852;50.0;32.8
89;2021-06-29;692;2403;166790;111255;50.2;33.5
89;2021-06-30;1084;3182;167874;114437;50.5;34.5
89;2021-07-01;1022;2987;168896;117424;50.9;35.4
89;2021-07-02;1106;2746;170002;120170;51.2;36.2
89;2021-07-03;554;1574;170556;121744;51.4;36.7
89;2021-07-04;11;36;170567;121780;51.4;36.7
89;2021-07-05;1296;1839;171863;123619;51.8;37.2
89;2021-07-06;1050;2311;172913;125930;52.1;37.9
89;2021-07-07;669;1789;173582;127719;52.3;38.5
89;2021-07-08;793;1872;174375;129591;52.5;39.0
89;2021-07-09;1142;2606;175517;132197;52.9;39.8
89;2021-07-10;719;816;176236;133013;53.1;40.1
89;2021-07-11;26;39;176262;133052;53.1;40.1
89;2021-07-12;1423;1900;177685;134952;53.5;40.6
89;2021-07-13;2137;2742;179822;137694;54.1;41.5
89;2021-07-14;314;324;180136;138018;54.2;41.6
89;2021-07-15;2244;3156;182380;141174;54.9;42.5
89;2021-07-16;2391;2863;184771;144037;55.6;43.4
89;2021-07-17;1234;1227;186005;145264;56.0;43.7
89;2021-07-18;276;97;186281;145361;56.1;43.8
89;2021-07-19;1566;2811;187847;148172;56.6;44.6
89;2021-07-20;1929;3282;189776;151454;57.1;45.6
89;2021-07-21;2080;2725;191856;154179;57.8;46.4
89;2021-07-22;2477;2992;194333;157171;58.5;47.3
89;2021-07-23;2478;3105;196811;160276;59.3;48.3
89;2021-07-24;1241;1247;198052;161523;59.6;48.6
89;2021-07-25;69;185;198121;161708;59.7;48.7
89;2021-07-26;1720;2321;199841;164029;60.2;49.4
89;2021-07-27;2345;1911;202186;165940;60.9;50.0
89;2021-07-28;2537;1340;204723;167280;61.6;50.4
89;2021-07-29;2526;1621;207249;168901;62.4;50.9
89;2021-07-30;2678;1621;209927;170522;63.2;51.3
89;2021-07-31;1122;1072;211049;171594;63.6;51.7
89;2021-08-01;69;31;211118;171625;63.6;51.7
89;2021-08-02;1787;1284;212905;172909;64.1;52.1
89;2021-08-03;2489;1256;215394;174165;64.9;52.4
89;2021-08-04;1527;1641;216921;175806;65.3;52.9
89;2021-08-05;1530;1692;218451;177498;65.8;53.4
89;2021-08-06;2168;1652;220619;179150;66.4;53.9
89;2021-08-07;928;1092;221547;180242;66.7;54.3
89;2021-08-08;56;48;221603;180290;66.7;54.3
89;2021-08-09;1089;1174;222692;181464;67.1;54.6
89;2021-08-10;1777;1815;224469;183279;67.6;55.2
89;2021-08-11;1522;1580;225991;184859;68.0;55.7
89;2021-08-12;1352;1389;227343;186248;68.5;56.1
89;2021-08-13;1263;1951;228606;188199;68.8;56.7
89;2021-08-14;523;1022;229129;189221;69.0;57.0
89;2021-08-15;19;43;229148;189264;69.0;57.0
89;2021-08-16;986;1967;230134;191231;69.3;57.6
89;2021-08-17;830;1570;230964;192801;69.5;58.1
89;2021-08-18;609;1897;231573;194698;69.7;58.6
89;2021-08-19;656;1389;232229;196087;69.9;59.0
89;2021-08-20;1005;2263;233234;198350;70.2;59.7
89;2021-08-21;296;1003;233530;199353;70.3;60.0
89;2021-08-22;32;34;233562;199387;70.3;60.0
89;2021-08-23;752;2247;234314;201634;70.6;60.7
89;2021-08-24;833;2366;235147;204000;70.8;61.4
89;2021-08-25;559;1429;235706;205429;71.0;61.9
89;2021-08-26;577;2053;236283;207482;71.1;62.5
89;2021-08-27;778;2260;237061;209742;71.4;63.2
89;2021-08-28;353;1302;237414;211044;71.5;63.5
89;2021-08-29;30;70;237444;211114;71.5;63.6
89;2021-08-30;626;2230;238070;213344;71.7;64.2
89;2021-08-31;597;1625;238667;214969;71.9;64.7
89;2021-09-01;506;1370;239173;216339;72.0;65.1
89;2021-09-02;426;1457;239599;217796;72.1;65.6
89;2021-09-03;574;2090;240173;219886;72.3;66.2
89;2021-09-04;494;997;240667;220883;72.5;66.5
89;2021-09-05;17;17;240684;220900;72.5;66.5
89;2021-09-06;415;1855;241099;222755;72.6;67.1
89;2021-09-07;351;1145;241450;223900;72.7;67.4
89;2021-09-08;325;1011;241775;224911;72.8;67.7
89;2021-09-09;266;955;242041;225866;72.9;68.0
89;2021-09-10;459;1552;242500;227418;73.0;68.5
89;2021-09-11;272;822;242772;228240;73.1;68.7
89;2021-09-12;11;45;242783;228285;73.1;68.7
90;2020-12-27;0;0;0;0;0.0;0.0
90;2020-12-28;0;0;0;0;0.0;0.0
90;2020-12-29;0;0;0;0;0.0;0.0
90;2020-12-30;1;0;1;0;0.0;0.0
90;2020-12-31;0;0;1;0;0.0;0.0
90;2021-01-01;0;0;1;0;0.0;0.0
90;2021-01-02;1;0;2;0;0.0;0.0
90;2021-01-03;0;0;2;0;0.0;0.0
90;2021-01-04;2;0;4;0;0.0;0.0
90;2021-01-05;0;0;4;0;0.0;0.0
90;2021-01-06;0;0;4;0;0.0;0.0
90;2021-01-07;1;0;5;0;0.0;0.0
90;2021-01-08;170;0;175;0;0.1;0.0
90;2021-01-09;46;0;221;0;0.2;0.0
90;2021-01-10;0;0;221;0;0.2;0.0
90;2021-01-11;200;0;421;0;0.3;0.0
90;2021-01-12;431;1;852;1;0.6;0.0
90;2021-01-13;468;2;1320;3;0.9;0.0
90;2021-01-14;414;2;1734;5;1.2;0.0
90;2021-01-15;404;8;2138;13;1.5;0.0
90;2021-01-16;111;2;2249;15;1.6;0.0
90;2021-01-17;1;0;2250;15;1.6;0.0
90;2021-01-18;365;2;2615;17;1.9;0.0
90;2021-01-19;462;4;3077;21;2.2;0.0
90;2021-01-20;392;2;3469;23;2.5;0.0
90;2021-01-21;351;1;3820;24;2.7;0.0
90;2021-01-22;345;2;4165;26;3.0;0.0
90;2021-01-23;98;0;4263;26;3.0;0.0
90;2021-01-24;0;0;4263;26;3.0;0.0
90;2021-01-25;322;2;4585;28;3.3;0.0
90;2021-01-26;224;0;4809;28;3.4;0.0
90;2021-01-27;255;0;5064;28;3.6;0.0
90;2021-01-28;328;29;5392;57;3.8;0.0
90;2021-01-29;291;158;5683;215;4.1;0.2
90;2021-01-30;176;41;5859;256;4.2;0.2
90;2021-01-31;118;0;5977;256;4.3;0.2
90;2021-02-01;275;103;6252;359;4.5;0.3
90;2021-02-02;290;152;6542;511;4.7;0.4
90;2021-02-03;256;254;6798;765;4.9;0.5
90;2021-02-04;257;301;7055;1066;5.0;0.8
90;2021-02-05;266;263;7321;1329;5.2;0.9
90;2021-02-06;89;63;7410;1392;5.3;1.0
90;2021-02-07;0;0;7410;1392;5.3;1.0
90;2021-02-08;170;208;7580;1600;5.4;1.1
90;2021-02-09;139;158;7719;1758;5.5;1.3
90;2021-02-10;182;29;7901;1787;5.6;1.3
90;2021-02-11;229;96;8130;1883;5.8;1.3
90;2021-02-12;126;237;8256;2120;5.9;1.5
90;2021-02-13;96;40;8352;2160;6.0;1.5
90;2021-02-14;0;0;8352;2160;6.0;1.5
90;2021-02-15;113;251;8465;2411;6.0;1.7
90;2021-02-16;92;253;8557;2664;6.1;1.9
90;2021-02-17;178;182;8735;2846;6.2;2.0
90;2021-02-18;128;210;8863;3056;6.3;2.2
90;2021-02-19;64;234;8927;3290;6.4;2.3
90;2021-02-20;40;67;8967;3357;6.4;2.4
90;2021-02-21;0;0;8967;3357;6.4;2.4
90;2021-02-22;77;284;9044;3641;6.5;2.6
90;2021-02-23;40;220;9084;3861;6.5;2.8
90;2021-02-24;109;259;9193;4120;6.6;2.9
90;2021-02-25;89;267;9282;4387;6.6;3.1
90;2021-02-26;89;348;9371;4735;6.7;3.4
90;2021-02-27;140;150;9511;4885;6.8;3.5
90;2021-02-28;8;100;9519;4985;6.8;3.6
90;2021-03-01;211;212;9730;5197;6.9;3.7
90;2021-03-02;178;261;9908;5458;7.1;3.9
90;2021-03-03;239;330;10147;5788;7.2;4.1
90;2021-03-04;260;268;10407;6056;7.4;4.3
90;2021-03-05;359;258;10766;6314;7.7;4.5
90;2021-03-06;291;101;11057;6415;7.9;4.6
90;2021-03-07;18;1;11075;6416;7.9;4.6
90;2021-03-08;246;238;11321;6654;8.1;4.7
90;2021-03-09;430;157;11751;6811;8.4;4.9
90;2021-03-10;348;193;12099;7004;8.6;5.0
90;2021-03-11;348;119;12447;7123;8.9;5.1
90;2021-03-12;519;130;12966;7253;9.3;5.2
90;2021-03-13;539;48;13505;7301;9.6;5.2
90;2021-03-14;21;0;13526;7301;9.7;5.2
90;2021-03-15;388;118;13914;7419;9.9;5.3
90;2021-03-16;402;100;14316;7519;10.2;5.4
90;2021-03-17;323;76;14639;7595;10.4;5.4
90;2021-03-18;348;81;14987;7676;10.7;5.5
90;2021-03-19;468;78;15455;7754;11.0;5.5
90;2021-03-20;427;48;15882;7802;11.3;5.6
90;2021-03-21;7;1;15889;7803;11.3;5.6
90;2021-03-22;399;30;16288;7833;11.6;5.6
90;2021-03-23;740;76;17028;7909;12.2;5.6
90;2021-03-24;817;45;17845;7954;12.7;5.7
90;2021-03-25;949;75;18794;8029;13.4;5.7
90;2021-03-26;1227;61;20021;8090;14.3;5.8
90;2021-03-27;439;34;20460;8124;14.6;5.8
90;2021-03-28;34;0;20494;8124;14.6;5.8
90;2021-03-29;712;142;21206;8266;15.1;5.9
90;2021-03-30;675;155;21881;8421;15.6;6.0
90;2021-03-31;728;84;22609;8505;16.1;6.1
90;2021-04-01;602;123;23211;8628;16.6;6.2
90;2021-04-02;657;98;23868;8726;17.0;6.2
90;2021-04-03;370;41;24238;8767;17.3;6.3
90;2021-04-04;1;0;24239;8767;17.3;6.3
90;2021-04-05;0;0;24239;8767;17.3;6.3
90;2021-04-06;528;251;24767;9018;17.7;6.4
90;2021-04-07;485;266;25252;9284;18.0;6.6
90;2021-04-08;510;245;25762;9529;18.4;6.8
90;2021-04-09;752;266;26514;9795;18.9;7.0
90;2021-04-10;224;8;26738;9803;19.1;7.0
90;2021-04-11;7;0;26745;9803;19.1;7.0
90;2021-04-12;557;480;27302;10283;19.5;7.3
90;2021-04-13;632;531;27934;10814;19.9;7.7
90;2021-04-14;526;350;28460;11164;20.3;8.0
90;2021-04-15;905;291;29365;11455;21.0;8.2
90;2021-04-16;370;404;29735;11859;21.2;8.5
90;2021-04-17;189;128;29924;11987;21.4;8.6
90;2021-04-18;21;0;29945;11987;21.4;8.6
90;2021-04-19;435;571;30380;12558;21.7;9.0
90;2021-04-20;494;616;30874;13174;22.0;9.4
90;2021-04-21;353;497;31227;13671;22.3;9.8
90;2021-04-22;569;602;31796;14273;22.7;10.2
90;2021-04-23;504;742;32300;15015;23.0;10.7
90;2021-04-24;305;202;32605;15217;23.3;10.9
90;2021-04-25;1;0;32606;15217;23.3;10.9
90;2021-04-26;509;750;33115;15967;23.6;11.4
90;2021-04-27;641;679;33756;16646;24.1;11.9
90;2021-04-28;765;445;34521;17091;24.6;12.2
90;2021-04-29;1003;449;35524;17540;25.3;12.5
90;2021-04-30;1120;460;36644;18000;26.1;12.8
90;2021-05-01;60;42;36704;18042;26.2;12.9
90;2021-05-02;4;0;36708;18042;26.2;12.9
90;2021-05-03;904;285;37612;18327;26.8;13.1
90;2021-05-04;784;637;38396;18964;27.4;13.5
90;2021-05-05;892;504;39288;19468;28.0;13.9
90;2021-05-06;852;626;40140;20094;28.6;14.3
90;2021-05-07;440;508;40580;20602;29.0;14.7
90;2021-05-08;26;27;40606;20629;29.0;14.7
90;2021-05-09;5;33;40611;20662;29.0;14.7
90;2021-05-10;506;582;41117;21244;29.3;15.2
90;2021-05-11;778;638;41895;21882;29.9;15.6
90;2021-05-12;532;598;42427;22480;30.3;16.0
90;2021-05-13;1113;264;43540;22744;31.1;16.2
90;2021-05-14;865;403;44405;23147;31.7;16.5
90;2021-05-15;14;125;44419;23272;31.7;16.6
90;2021-05-16;2;7;44421;23279;31.7;16.6
90;2021-05-17;793;290;45214;23569;32.3;16.8
90;2021-05-18;1024;473;46238;24042;33.0;17.2
90;2021-05-19;1265;384;47503;24426;33.9;17.4
90;2021-05-20;1201;270;48704;24696;34.8;17.6
90;2021-05-21;1265;432;49969;25128;35.7;17.9
90;2021-05-22;9;131;49978;25259;35.7;18.0
90;2021-05-23;4;0;49982;25259;35.7;18.0
90;2021-05-24;368;265;50350;25524;35.9;18.2
90;2021-05-25;636;791;50986;26315;36.4;18.8
90;2021-05-26;630;568;51616;26883;36.8;19.2
90;2021-05-27;963;381;52579;27264;37.5;19.5
90;2021-05-28;668;827;53247;28091;38.0;20.0
90;2021-05-29;93;296;53340;28387;38.1;20.3
90;2021-05-30;4;1;53344;28388;38.1;20.3
90;2021-05-31;809;713;54153;29101;38.6;20.8
90;2021-06-01;969;740;55122;29841;39.3;21.3
90;2021-06-02;760;676;55882;30517;39.9;21.8
90;2021-06-03;758;743;56640;31260;40.4;22.3
90;2021-06-04;833;971;57473;32231;41.0;23.0
90;2021-06-05;54;427;57527;32658;41.0;23.3
90;2021-06-06;1;16;57528;32674;41.0;23.3
90;2021-06-07;1265;1081;58793;33755;42.0;24.1
90;2021-06-08;1481;936;60274;34691;43.0;24.8
90;2021-06-09;965;659;61239;35350;43.7;25.2
90;2021-06-10;626;498;61865;35848;44.1;25.6
90;2021-06-11;787;1127;62652;36975;44.7;26.4
90;2021-06-12;806;297;63458;37272;45.3;26.6
90;2021-06-13;10;12;63468;37284;45.3;26.6
90;2021-06-14;265;974;63733;38258;45.5;27.3
90;2021-06-15;567;882;64300;39140;45.9;27.9
90;2021-06-16;510;548;64810;39688;46.2;28.3
90;2021-06-17;444;638;65254;40326;46.6;28.8
90;2021-06-18;624;998;65878;41324;47.0;29.5
90;2021-06-19;450;170;66328;41494;47.3;29.6
90;2021-06-20;0;28;66328;41522;47.3;29.6
90;2021-06-21;257;1178;66585;42700;47.5;30.5
90;2021-06-22;384;950;66969;43650;47.8;31.1
90;2021-06-23;415;633;67384;44283;48.1;31.6
90;2021-06-24;318;603;67702;44886;48.3;32.0
90;2021-06-25;431;1270;68133;46156;48.6;32.9
90;2021-06-26;420;561;68553;46717;48.9;33.3
90;2021-06-27;2;6;68555;46723;48.9;33.3
90;2021-06-28;378;1299;68933;48022;49.2;34.3
90;2021-06-29;305;1307;69238;49329;49.4;35.2
90;2021-06-30;485;1228;69723;50557;49.8;36.1
90;2021-07-01;355;920;70078;51477;50.0;36.7
90;2021-07-02;507;1205;70585;52682;50.4;37.6
90;2021-07-03;52;129;70637;52811;50.4;37.7
90;2021-07-04;0;21;70637;52832;50.4;37.7
90;2021-07-05;401;1014;71038;53846;50.7;38.4
90;2021-07-06;514;972;71552;54818;51.1;39.1
90;2021-07-07;381;995;71933;55813;51.3;39.8
90;2021-07-08;304;607;72237;56420;51.5;40.3
90;2021-07-09;440;949;72677;57369;51.9;40.9
90;2021-07-10;32;91;72709;57460;51.9;41.0
90;2021-07-11;7;17;72716;57477;51.9;41.0
90;2021-07-12;246;1076;72962;58553;52.1;41.8
90;2021-07-13;474;1162;73436;59715;52.4;42.6
90;2021-07-14;4;9;73440;59724;52.4;42.6
90;2021-07-15;791;1455;74231;61179;53.0;43.7
90;2021-07-16;827;1681;75058;62860;53.6;44.9
90;2021-07-17;485;955;75543;63815;53.9;45.5
90;2021-07-18;4;2;75547;63817;53.9;45.5
90;2021-07-19;1187;1460;76734;65277;54.8;46.6
90;2021-07-20;1339;1135;78073;66412;55.7;47.4
90;2021-07-21;1398;983;79471;67395;56.7;48.1
90;2021-07-22;1126;697;80597;68092;57.5;48.6
90;2021-07-23;970;1022;81567;69114;58.2;49.3
90;2021-07-24;121;66;81688;69180;58.3;49.4
90;2021-07-25;2;1;81690;69181;58.3;49.4
90;2021-07-26;1072;803;82762;69984;59.1;49.9
90;2021-07-27;1085;747;83847;70731;59.8;50.5
90;2021-07-28;824;712;84671;71443;60.4;51.0
90;2021-07-29;839;441;85510;71884;61.0;51.3
90;2021-07-30;786;504;86296;72388;61.6;51.7
90;2021-07-31;486;313;86782;72701;61.9;51.9
90;2021-08-01;0;3;86782;72704;61.9;51.9
90;2021-08-02;841;510;87623;73214;62.5;52.2
90;2021-08-03;915;493;88538;73707;63.2;52.6
90;2021-08-04;1067;459;89605;74166;63.9;52.9
90;2021-08-05;520;221;90125;74387;64.3;53.1
90;2021-08-06;640;390;90765;74777;64.8;53.4
90;2021-08-07;36;63;90801;74840;64.8;53.4
90;2021-08-08;18;3;90819;74843;64.8;53.4
90;2021-08-09;723;946;91542;75789;65.3;54.1
90;2021-08-10;535;1152;92077;76941;65.7;54.9
90;2021-08-11;537;947;92614;77888;66.1;55.6
90;2021-08-12;445;819;93059;78707;66.4;56.2
90;2021-08-13;531;896;93590;79603;66.8;56.8
90;2021-08-14;30;99;93620;79702;66.8;56.9
90;2021-08-15;2;8;93622;79710;66.8;56.9
90;2021-08-16;449;633;94071;80343;67.1;57.3
90;2021-08-17;344;1168;94415;81511;67.4;58.2
90;2021-08-18;272;879;94687;82390;67.6;58.8
90;2021-08-19;240;627;94927;83017;67.7;59.2
90;2021-08-20;354;770;95281;83787;68.0;59.8
90;2021-08-21;32;71;95313;83858;68.0;59.8
90;2021-08-22;0;7;95313;83865;68.0;59.8
90;2021-08-23;301;489;95614;84354;68.2;60.2
90;2021-08-24;332;957;95946;85311;68.5;60.9
90;2021-08-25;249;915;96195;86226;68.6;61.5
90;2021-08-26;241;673;96436;86899;68.8;62.0
90;2021-08-27;270;737;96706;87636;69.0;62.5
90;2021-08-28;20;64;96726;87700;69.0;62.6
90;2021-08-29;2;6;96728;87706;69.0;62.6
90;2021-08-30;319;639;97047;88345;69.2;63.0
90;2021-08-31;275;1024;97322;89369;69.4;63.8
90;2021-09-01;265;786;97587;90155;69.6;64.3
90;2021-09-02;156;407;97743;90562;69.7;64.6
90;2021-09-03;222;530;97965;91092;69.9;65.0
90;2021-09-04;55;156;98020;91248;69.9;65.1
90;2021-09-05;9;25;98029;91273;69.9;65.1
90;2021-09-06;132;740;98161;92013;70.0;65.7
90;2021-09-07;219;673;98380;92686;70.2;66.1
90;2021-09-08;219;652;98599;93338;70.4;66.6
90;2021-09-09;187;320;98786;93658;70.5;66.8
90;2021-09-10;188;550;98974;94208;70.6;67.2
90;2021-09-11;12;12;98986;94220;70.6;67.2
90;2021-09-12;0;7;98986;94227;70.6;67.2
91;2020-12-27;0;0;0;0;0.0;0.0
91;2020-12-28;0;0;0;0;0.0;0.0
91;2020-12-29;1;0;1;0;0.0;0.0
91;2020-12-30;1;0;2;0;0.0;0.0
91;2020-12-31;0;0;2;0;0.0;0.0
91;2021-01-01;5;0;7;0;0.0;0.0
91;2021-01-02;0;0;7;0;0.0;0.0
91;2021-01-03;0;0;7;0;0.0;0.0
91;2021-01-04;1;0;8;0;0.0;0.0
91;2021-01-05;71;0;79;0;0.0;0.0
91;2021-01-06;188;2;267;2;0.0;0.0
91;2021-01-07;523;6;790;8;0.1;0.0
91;2021-01-08;394;1;1184;9;0.1;0.0
91;2021-01-09;89;2;1273;11;0.1;0.0
91;2021-01-10;1;0;1274;11;0.1;0.0
91;2021-01-11;595;2;1869;13;0.1;0.0
91;2021-01-12;899;8;2768;21;0.2;0.0
91;2021-01-13;703;7;3471;28;0.3;0.0
91;2021-01-14;721;11;4192;39;0.3;0.0
91;2021-01-15;569;4;4761;43;0.4;0.0
91;2021-01-16;316;7;5077;50;0.4;0.0
91;2021-01-17;117;1;5194;51;0.4;0.0
91;2021-01-18;992;3;6186;54;0.5;0.0
91;2021-01-19;1872;12;8058;66;0.6;0.0
91;2021-01-20;2378;17;10436;83;0.8;0.0
91;2021-01-21;2100;15;12536;98;1.0;0.0
91;2021-01-22;1861;10;14397;108;1.1;0.0
91;2021-01-23;413;1;14810;109;1.1;0.0
91;2021-01-24;53;0;14863;109;1.1;0.0
91;2021-01-25;1049;3;15912;112;1.2;0.0
91;2021-01-26;1579;36;17491;148;1.3;0.0
91;2021-01-27;2423;93;19914;241;1.5;0.0
91;2021-01-28;1983;223;21897;464;1.7;0.0
91;2021-01-29;1749;61;23646;525;1.8;0.0
91;2021-01-30;422;6;24068;531;1.8;0.0
91;2021-01-31;54;0;24122;531;1.8;0.0
91;2021-02-01;965;216;25087;747;1.9;0.1
91;2021-02-02;858;353;25945;1100;2.0;0.1
91;2021-02-03;938;545;26883;1645;2.0;0.1
91;2021-02-04;884;271;27767;1916;2.1;0.1
91;2021-02-05;1037;340;28804;2256;2.2;0.2
91;2021-02-06;338;85;29142;2341;2.2;0.2
91;2021-02-07;14;0;29156;2341;2.2;0.2
91;2021-02-08;906;539;30062;2880;2.3;0.2
91;2021-02-09;963;793;31025;3673;2.4;0.3
91;2021-02-10;1065;959;32090;4632;2.4;0.4
91;2021-02-11;1123;957;33213;5589;2.5;0.4
91;2021-02-12;1063;795;34276;6384;2.6;0.5
91;2021-02-13;331;324;34607;6708;2.6;0.5
91;2021-02-14;18;102;34625;6810;2.6;0.5
91;2021-02-15;368;939;34993;7749;2.7;0.6
91;2021-02-16;555;1491;35548;9240;2.7;0.7
91;2021-02-17;814;2361;36362;11601;2.8;0.9
91;2021-02-18;941;1774;37303;13375;2.8;1.0
91;2021-02-19;868;1191;38171;14566;2.9;1.1
91;2021-02-20;167;270;38338;14836;2.9;1.1
91;2021-02-21;13;41;38351;14877;2.9;1.1
91;2021-02-22;334;956;38685;15833;2.9;1.2
91;2021-02-23;397;889;39082;16722;3.0;1.3
91;2021-02-24;473;866;39555;17588;3.0;1.3
91;2021-02-25;735;829;40290;18417;3.1;1.4
91;2021-02-26;1096;901;41386;19318;3.1;1.5
91;2021-02-27;611;259;41997;19577;3.2;1.5
91;2021-02-28;65;61;42062;19638;3.2;1.5
91;2021-03-01;931;900;42993;20538;3.3;1.6
91;2021-03-02;1261;967;44254;21505;3.4;1.6
91;2021-03-03;1468;1131;45722;22636;3.5;1.7
91;2021-03-04;2433;1044;48155;23680;3.6;1.8
91;2021-03-05;3354;1040;51509;24720;3.9;1.9
91;2021-03-06;4912;423;56421;25143;4.3;1.9
91;2021-03-07;3208;118;59629;25261;4.5;1.9
91;2021-03-08;1473;951;61102;26212;4.6;2.0
91;2021-03-09;2625;915;63727;27127;4.8;2.1
91;2021-03-10;2623;997;66350;28124;5.0;2.1
91;2021-03-11;3786;1098;70136;29222;5.3;2.2
91;2021-03-12;4790;1022;74926;30244;5.7;2.3
91;2021-03-13;5259;340;80185;30584;6.1;2.3
91;2021-03-14;304;28;80489;30612;6.1;2.3
91;2021-03-15;2985;435;83474;31047;6.3;2.4
91;2021-03-16;2617;378;86091;31425;6.5;2.4
91;2021-03-17;2230;346;88321;31771;6.7;2.4
91;2021-03-18;2393;409;90714;32180;6.9;2.4
91;2021-03-19;4093;382;94807;32562;7.2;2.5
91;2021-03-20;3609;181;98416;32743;7.5;2.5
91;2021-03-21;138;30;98554;32773;7.5;2.5
91;2021-03-22;3150;598;101704;33371;7.7;2.5
91;2021-03-23;4140;687;105844;34058;8.0;2.6
91;2021-03-24;3936;498;109780;34556;8.3;2.6
91;2021-03-25;5062;525;114842;35081;8.7;2.7
91;2021-03-26;5551;552;120393;35633;9.1;2.7
91;2021-03-27;4984;345;125377;35978;9.5;2.7
91;2021-03-28;282;57;125659;36035;9.5;2.7
91;2021-03-29;3304;1029;128963;37064;9.8;2.8
91;2021-03-30;4426;1224;133389;38288;10.1;2.9
91;2021-03-31;3368;1328;136757;39616;10.4;3.0
91;2021-04-01;3740;1683;140497;41299;10.6;3.1
91;2021-04-02;3890;2310;144387;43609;10.9;3.3
91;2021-04-03;1874;2860;146261;46469;11.1;3.5
91;2021-04-04;648;1319;146909;47788;11.1;3.6
91;2021-04-05;562;130;147471;47918;11.2;3.6
91;2021-04-06;3402;1781;150873;49699;11.4;3.8
91;2021-04-07;3421;1929;154294;51628;11.7;3.9
91;2021-04-08;4665;2164;158959;53792;12.0;4.1
91;2021-04-09;5348;2159;164307;55951;12.5;4.2
91;2021-04-10;2732;2811;167039;58762;12.7;4.5
91;2021-04-11;191;141;167230;58903;12.7;4.5
91;2021-04-12;2854;2277;170084;61180;12.9;4.6
91;2021-04-13;3757;2646;173841;63826;13.2;4.8
91;2021-04-14;3708;2323;177549;66149;13.5;5.0
91;2021-04-15;4477;2513;182026;68662;13.8;5.2
91;2021-04-16;4550;2805;186576;71467;14.1;5.4
91;2021-04-17;2983;2075;189559;73542;14.4;5.6
91;2021-04-18;269;73;189828;73615;14.4;5.6
91;2021-04-19;2306;2733;192134;76348;14.6;5.8
91;2021-04-20;3179;2980;195313;79328;14.8;6.0
91;2021-04-21;2989;2894;198302;82222;15.0;6.2
91;2021-04-22;3169;3366;201471;85588;15.3;6.5
91;2021-04-23;3717;3353;205188;88941;15.6;6.7
91;2021-04-24;3482;3730;208670;92671;15.8;7.0
91;2021-04-25;2618;642;211288;93313;16.0;7.1
91;2021-04-26;3487;2797;214775;96110;16.3;7.3
91;2021-04-27;4488;2922;219263;99032;16.6;7.5
91;2021-04-28;4568;2701;223831;101733;17.0;7.7
91;2021-04-29;5746;3062;229577;104795;17.4;7.9
91;2021-04-30;5387;2850;234964;107645;17.8;8.2
91;2021-05-01;3517;521;238481;108166;18.1;8.2
91;2021-05-02;628;132;239109;108298;18.1;8.2
91;2021-05-03;5202;2291;244311;110589;18.5;8.4
91;2021-05-04;5590;3172;249901;113761;18.9;8.6
91;2021-05-05;4854;2872;254755;116633;19.3;8.8
91;2021-05-06;5250;3374;260005;120007;19.7;9.1
91;2021-05-07;6120;3740;266125;123747;20.2;9.4
91;2021-05-08;6520;965;272645;124712;20.7;9.5
91;2021-05-09;4803;562;277448;125274;21.0;9.5
91;2021-05-10;5904;3006;283352;128280;21.5;9.7
91;2021-05-11;6829;3835;290181;132115;22.0;10.0
91;2021-05-12;5898;3439;296079;135554;22.4;10.3
91;2021-05-13;4826;1082;300905;136636;22.8;10.4
91;2021-05-14;6548;2395;307453;139031;23.3;10.5
91;2021-05-15;7795;1926;315248;140957;23.9;10.7
91;2021-05-16;4584;372;319832;141329;24.2;10.7
91;2021-05-17;6952;1705;326784;143034;24.8;10.8
91;2021-05-18;8121;1741;334905;144775;25.4;11.0
91;2021-05-19;7099;1697;342004;146472;25.9;11.1
91;2021-05-20;8203;2142;350207;148614;26.5;11.3
91;2021-05-21;8147;2581;358354;151195;27.2;11.5
91;2021-05-22;7664;1537;366018;152732;27.7;11.6
91;2021-05-23;4799;532;370817;153264;28.1;11.6
91;2021-05-24;5018;598;375835;153862;28.5;11.7
91;2021-05-25;7628;2651;383463;156513;29.1;11.9
91;2021-05-26;6874;2941;390337;159454;29.6;12.1
91;2021-05-27;7974;3438;398311;162892;30.2;12.3
91;2021-05-28;7537;4323;405848;167215;30.8;12.7
91;2021-05-29;9303;3503;415151;170718;31.5;12.9
91;2021-05-30;5953;961;421104;171679;31.9;13.0
91;2021-05-31;6742;3700;427846;175379;32.4;13.3
91;2021-06-01;7787;4769;435633;180148;33.0;13.7
91;2021-06-02;7453;3950;443086;184098;33.6;14.0
91;2021-06-03;7861;4781;450947;188879;34.2;14.3
91;2021-06-04;7191;5720;458138;194599;34.7;14.7
91;2021-06-05;6389;5819;464527;200418;35.2;15.2
91;2021-06-06;4088;2512;468615;202930;35.5;15.4
91;2021-06-07;5882;5480;474497;208410;36.0;15.8
91;2021-06-08;7044;5794;481541;214204;36.5;16.2
91;2021-06-09;6473;5143;488014;219347;37.0;16.6
91;2021-06-10;7180;5778;495194;225125;37.5;17.1
91;2021-06-11;6545;7108;501739;232233;38.0;17.6
91;2021-06-12;6223;7365;507962;239598;38.5;18.2
91;2021-06-13;2852;2315;510814;241913;38.7;18.3
91;2021-06-14;4225;7195;515039;249108;39.0;18.9
91;2021-06-15;5576;7259;520615;256367;39.5;19.4
91;2021-06-16;5305;6446;525920;262813;39.9;19.9
91;2021-06-17;6250;7135;532170;269948;40.3;20.5
91;2021-06-18;4634;8739;536804;278687;40.7;21.1
91;2021-06-19;4191;7153;540995;285840;41.0;21.7
91;2021-06-20;1009;4211;542004;290051;41.1;22.0
91;2021-06-21;3232;7237;545236;297288;41.3;22.5
91;2021-06-22;4161;9232;549397;306520;41.6;23.2
91;2021-06-23;4318;7962;553715;314482;42.0;23.8
91;2021-06-24;4911;8483;558626;322965;42.3;24.5
91;2021-06-25;3478;9168;562104;332133;42.6;25.2
91;2021-06-26;2988;8033;565092;340166;42.8;25.8
91;2021-06-27;549;2996;565641;343162;42.9;26.0
91;2021-06-28;3129;8241;568770;351403;43.1;26.6
91;2021-06-29;3587;9634;572357;361037;43.4;27.4
91;2021-06-30;3956;8700;576313;369737;43.7;28.0
91;2021-07-01;4098;8873;580411;378610;44.0;28.7
91;2021-07-02;3777;9316;584188;387926;44.3;29.4
91;2021-07-03;2883;9791;587071;397717;44.5;30.1
91;2021-07-04;852;4725;587923;402442;44.6;30.5
91;2021-07-05;2663;7258;590586;409700;44.8;31.1
91;2021-07-06;3759;9430;594345;419130;45.0;31.8
91;2021-07-07;3810;8594;598155;427724;45.3;32.4
91;2021-07-08;4363;8994;602518;436718;45.7;33.1
91;2021-07-09;3967;9953;606485;446671;46.0;33.9
91;2021-07-10;3400;10237;609885;456908;46.2;34.6
91;2021-07-11;985;4803;610870;461711;46.3;35.0
91;2021-07-12;2804;8890;613674;470601;46.5;35.7
91;2021-07-13;4464;10391;618138;480992;46.8;36.5
91;2021-07-14;2302;3582;620440;484574;47.0;36.7
91;2021-07-15;4543;9827;624983;494401;47.4;37.5
91;2021-07-16;6289;9760;631272;504161;47.8;38.2
91;2021-07-17;5751;9065;637023;513226;48.3;38.9
91;2021-07-18;3399;3683;640422;516909;48.5;39.2
91;2021-07-19;3776;7532;644198;524441;48.8;39.7
91;2021-07-20;6074;9307;650272;533748;49.3;40.5
91;2021-07-21;6253;7727;656525;541475;49.8;41.0
91;2021-07-22;6502;8400;663027;549875;50.3;41.7
91;2021-07-23;6922;8280;669949;558155;50.8;42.3
91;2021-07-24;5022;6480;674971;564635;51.2;42.8
91;2021-07-25;3267;1403;678238;566038;51.4;42.9
91;2021-07-26;4937;6595;683175;572633;51.8;43.4
91;2021-07-27;7569;7081;690744;579714;52.4;43.9
91;2021-07-28;7366;5918;698110;585632;52.9;44.4
91;2021-07-29;7397;5910;705507;591542;53.5;44.8
91;2021-07-30;6914;5779;712421;597321;54.0;45.3
91;2021-07-31;4909;4783;717330;602104;54.4;45.6
91;2021-08-01;2661;1336;719991;603440;54.6;45.7
91;2021-08-02;4734;4231;724725;607671;54.9;46.1
91;2021-08-03;5831;4691;730556;612362;55.4;46.4
91;2021-08-04;5695;4138;736251;616500;55.8;46.7
91;2021-08-05;5599;4266;741850;620766;56.2;47.0
91;2021-08-06;5710;5629;747560;626395;56.7;47.5
91;2021-08-07;3074;2416;750634;628811;56.9;47.7
91;2021-08-08;599;1102;751233;629913;56.9;47.7
91;2021-08-09;3789;3972;755022;633885;57.2;48.0
91;2021-08-10;4603;4546;759625;638431;57.6;48.4
91;2021-08-11;4126;4483;763751;642914;57.9;48.7
91;2021-08-12;4050;4775;767801;647689;58.2;49.1
91;2021-08-13;4291;4858;772092;652547;58.5;49.5
91;2021-08-14;2239;2399;774331;654946;58.7;49.6
91;2021-08-15;94;171;774425;655117;58.7;49.7
91;2021-08-16;2936;4655;777361;659772;58.9;50.0
91;2021-08-17;3609;5816;780970;665588;59.2;50.4
91;2021-08-18;3019;5791;783989;671379;59.4;50.9
91;2021-08-19;3467;5772;787456;677151;59.7;51.3
91;2021-08-20;3194;6955;790650;684106;59.9;51.8
91;2021-08-21;2454;3346;793104;687452;60.1;52.1
91;2021-08-22;736;1300;793840;688752;60.2;52.2
91;2021-08-23;2384;5304;796224;694056;60.3;52.6
91;2021-08-24;2959;6955;799183;701011;60.6;53.1
91;2021-08-25;3393;6707;802576;707718;60.8;53.6
91;2021-08-26;2728;5941;805304;713659;61.0;54.1
91;2021-08-27;2816;7500;808120;721159;61.2;54.7
91;2021-08-28;2369;4832;810489;725991;61.4;55.0
91;2021-08-29;1762;2781;812251;728772;61.6;55.2
91;2021-08-30;1762;5608;814013;734380;61.7;55.7
91;2021-08-31;2229;6092;816242;740472;61.9;56.1
91;2021-09-01;2414;4599;818656;745071;62.0;56.5
91;2021-09-02;1889;3896;820545;748967;62.2;56.8
91;2021-09-03;2133;4963;822678;753930;62.4;57.1
91;2021-09-04;2059;4228;824737;758158;62.5;57.5
91;2021-09-05;733;940;825470;759098;62.6;57.5
91;2021-09-06;1653;3497;827123;762595;62.7;57.8
91;2021-09-07;1533;3272;828656;765867;62.8;58.0
91;2021-09-08;1768;3538;830424;769405;62.9;58.3
91;2021-09-09;1266;3348;831690;772753;63.0;58.6
91;2021-09-10;1773;4024;833463;776777;63.2;58.9
91;2021-09-11;1722;4451;835185;781228;63.3;59.2
91;2021-09-12;619;1021;835804;782249;63.3;59.3
92;2020-12-27;31;0;31;0;0.0;0.0
92;2020-12-28;21;0;52;0;0.0;0.0
92;2020-12-29;62;0;114;0;0.0;0.0
92;2020-12-30;46;0;160;0;0.0;0.0
92;2020-12-31;7;0;167;0;0.0;0.0
92;2021-01-01;25;0;192;0;0.0;0.0
92;2021-01-02;8;0;200;0;0.0;0.0
92;2021-01-03;11;0;211;0;0.0;0.0
92;2021-01-04;69;1;280;1;0.0;0.0
92;2021-01-05;234;1;514;2;0.0;0.0
92;2021-01-06;416;3;930;5;0.1;0.0
92;2021-01-07;669;4;1599;9;0.1;0.0
92;2021-01-08;845;5;2444;14;0.2;0.0
92;2021-01-09;126;1;2570;15;0.2;0.0
92;2021-01-10;47;0;2617;15;0.2;0.0
92;2021-01-11;849;5;3466;20;0.2;0.0
92;2021-01-12;1302;9;4768;29;0.3;0.0
92;2021-01-13;1244;13;6012;42;0.4;0.0
92;2021-01-14;1219;16;7231;58;0.4;0.0
92;2021-01-15;982;7;8213;65;0.5;0.0
92;2021-01-16;183;1;8396;66;0.5;0.0
92;2021-01-17;28;0;8424;66;0.5;0.0
92;2021-01-18;1548;20;9972;86;0.6;0.0
92;2021-01-19;1563;20;11535;106;0.7;0.0
92;2021-01-20;1813;11;13348;117;0.8;0.0
92;2021-01-21;3445;22;16793;139;1.0;0.0
92;2021-01-22;2613;40;19406;179;1.2;0.0
92;2021-01-23;145;0;19551;179;1.2;0.0
92;2021-01-24;27;0;19578;179;1.2;0.0
92;2021-01-25;853;13;20431;192;1.3;0.0
92;2021-01-26;1216;10;21647;202;1.3;0.0
92;2021-01-27;2220;91;23867;293;1.5;0.0
92;2021-01-28;4194;176;28061;469;1.7;0.0
92;2021-01-29;2719;233;30780;702;1.9;0.0
92;2021-01-30;325;12;31105;714;1.9;0.0
92;2021-01-31;29;1;31134;715;1.9;0.0
92;2021-02-01;867;294;32001;1009;2.0;0.1
92;2021-02-02;1057;322;33058;1331;2.0;0.1
92;2021-02-03;1004;412;34062;1743;2.1;0.1
92;2021-02-04;1047;491;35109;2234;2.2;0.1
92;2021-02-05;1335;463;36444;2697;2.3;0.2
92;2021-02-06;120;18;36564;2715;2.3;0.2
92;2021-02-07;19;13;36583;2728;2.3;0.2
92;2021-02-08;579;635;37162;3363;2.3;0.2
92;2021-02-09;1068;1187;38230;4550;2.4;0.3
92;2021-02-10;1076;1237;39306;5787;2.4;0.4
92;2021-02-11;1507;1800;40813;7587;2.5;0.5
92;2021-02-12;1419;1401;42232;8988;2.6;0.6
92;2021-02-13;75;59;42307;9047;2.6;0.6
92;2021-02-14;25;0;42332;9047;2.6;0.6
92;2021-02-15;573;1285;42905;10332;2.7;0.6
92;2021-02-16;787;1651;43692;11983;2.7;0.7
92;2021-02-17;622;1523;44314;13506;2.7;0.8
92;2021-02-18;1573;3253;45887;16759;2.8;1.0
92;2021-02-19;1733;2381;47620;19140;3.0;1.2
92;2021-02-20;145;347;47765;19487;3.0;1.2
92;2021-02-21;35;50;47800;19537;3.0;1.2
92;2021-02-22;498;991;48298;20528;3.0;1.3
92;2021-02-23;732;1113;49030;21641;3.0;1.3
92;2021-02-24;613;1066;49643;22707;3.1;1.4
92;2021-02-25;923;1481;50566;24188;3.1;1.5
92;2021-02-26;1459;1164;52025;25352;3.2;1.6
92;2021-02-27;503;174;52528;25526;3.3;1.6
92;2021-02-28;68;45;52596;25571;3.3;1.6
92;2021-03-01;1103;842;53699;26413;3.3;1.6
92;2021-03-02;1976;1122;55675;27535;3.5;1.7
92;2021-03-03;2797;928;58472;28463;3.6;1.8
92;2021-03-04;3596;1307;62068;29770;3.8;1.8
92;2021-03-05;4979;1509;67047;31279;4.2;1.9
92;2021-03-06;5719;320;72766;31599;4.5;2.0
92;2021-03-07;2901;231;75667;31830;4.7;2.0
92;2021-03-08;2420;724;78087;32554;4.8;2.0
92;2021-03-09;3442;921;81529;33475;5.1;2.1
92;2021-03-10;3948;899;85477;34374;5.3;2.1
92;2021-03-11;5022;1356;90499;35730;5.6;2.2
92;2021-03-12;6770;1514;97269;37244;6.0;2.3
92;2021-03-13;5161;240;102430;37484;6.3;2.3
92;2021-03-14;1741;76;104171;37560;6.5;2.3
92;2021-03-15;3807;587;107978;38147;6.7;2.4
92;2021-03-16;3700;580;111678;38727;6.9;2.4
92;2021-03-17;3877;417;115555;39144;7.2;2.4
92;2021-03-18;4128;739;119683;39883;7.4;2.5
92;2021-03-19;5926;719;125609;40602;7.8;2.5
92;2021-03-20;2537;74;128146;40676;7.9;2.5
92;2021-03-21;153;29;128299;40705;8.0;2.5
92;2021-03-22;4115;478;132414;41183;8.2;2.6
92;2021-03-23;6103;869;138517;42052;8.6;2.6
92;2021-03-24;6380;653;144897;42705;9.0;2.6
92;2021-03-25;8442;642;153339;43347;9.5;2.7
92;2021-03-26;8356;890;161695;44237;10.0;2.7
92;2021-03-27;2836;276;164531;44513;10.2;2.8
92;2021-03-28;543;38;165074;44551;10.2;2.8
92;2021-03-29;4663;1058;169737;45609;10.5;2.8
92;2021-03-30;6394;1549;176131;47158;10.9;2.9
92;2021-03-31;5547;2245;181678;49403;11.3;3.1
92;2021-04-01;6269;3671;187947;53074;11.6;3.3
92;2021-04-02;5635;3412;193582;56486;12.0;3.5
92;2021-04-03;875;1414;194457;57900;12.0;3.6
92;2021-04-04;491;1055;194948;58955;12.1;3.7
92;2021-04-05;812;157;195760;59112;12.1;3.7
92;2021-04-06;3664;1948;199424;61060;12.4;3.8
92;2021-04-07;4999;2888;204423;63948;12.7;4.0
92;2021-04-08;5984;3185;210407;67133;13.0;4.2
92;2021-04-09;8038;3050;218445;70183;13.5;4.3
92;2021-04-10;2635;1289;221080;71472;13.7;4.4
92;2021-04-11;160;807;221240;72279;13.7;4.5
92;2021-04-12;3687;2518;224927;74797;13.9;4.6
92;2021-04-13;4382;4418;229309;79215;14.2;4.9
92;2021-04-14;4867;4041;234176;83256;14.5;5.2
92;2021-04-15;5302;3951;239478;87207;14.8;5.4
92;2021-04-16;5076;3858;244554;91065;15.2;5.6
92;2021-04-17;1805;1188;246359;92253;15.3;5.7
92;2021-04-18;350;94;246709;92347;15.3;5.7
92;2021-04-19;2815;2840;249524;95187;15.5;5.9
92;2021-04-20;4192;3756;253716;98943;15.7;6.1
92;2021-04-21;4616;4516;258332;103459;16.0;6.4
92;2021-04-22;4661;5118;262993;108577;16.3;6.7
92;2021-04-23;5247;4707;268240;113284;16.6;7.0
92;2021-04-24;4941;1903;273181;115187;16.9;7.1
92;2021-04-25;1792;148;274973;115335;17.0;7.1
92;2021-04-26;4001;3618;278974;118953;17.3;7.4
92;2021-04-27;6047;5261;285021;124214;17.7;7.7
92;2021-04-28;7381;4491;292402;128705;18.1;8.0
92;2021-04-29;7989;4773;300391;133478;18.6;8.3
92;2021-04-30;8847;4841;309238;138319;19.2;8.6
92;2021-05-01;1201;405;310439;138724;19.2;8.6
92;2021-05-02;664;139;311103;138863;19.3;8.6
92;2021-05-03;6780;3883;317883;142746;19.7;8.8
92;2021-05-04;10431;4358;328314;147104;20.3;9.1
92;2021-05-05;10074;5246;338388;152350;21.0;9.4
92;2021-05-06;11424;4894;349812;157244;21.7;9.7
92;2021-05-07;9870;5292;359682;162536;22.3;10.1
92;2021-05-08;7216;1922;366898;164458;22.7;10.2
92;2021-05-09;3788;600;370686;165058;23.0;10.2
92;2021-05-10;9542;3997;380228;169055;23.6;10.5
92;2021-05-11;13984;5684;394212;174739;24.4;10.8
92;2021-05-12;14288;4578;408500;179317;25.3;11.1
92;2021-05-13;9168;910;417668;180227;25.9;11.2
92;2021-05-14;12032;2307;429700;182534;26.6;11.3
92;2021-05-15;8392;1224;438092;183758;27.1;11.4
92;2021-05-16;4141;452;442233;184210;27.4;11.4
92;2021-05-17;10650;2218;452883;186428;28.1;11.6
92;2021-05-18;16415;3122;469298;189550;29.1;11.7
92;2021-05-19;16037;3716;485335;193266;30.1;12.0
92;2021-05-20;16839;3976;502174;197242;31.1;12.2
92;2021-05-21;14080;3616;516254;200858;32.0;12.4
92;2021-05-22;8318;1513;524572;202371;32.5;12.5
92;2021-05-23;4086;454;528658;202825;32.8;12.6
92;2021-05-24;6125;855;534783;203680;33.1;12.6
92;2021-05-25;13114;4561;547897;208241;34.0;12.9
92;2021-05-26;11932;5037;559829;213278;34.7;13.2
92;2021-05-27;12740;6323;572569;219601;35.5;13.6
92;2021-05-28;11234;6276;583803;225877;36.2;14.0
92;2021-05-29;5454;2304;589257;228181;36.5;14.1
92;2021-05-30;2250;389;591507;228570;36.7;14.2
92;2021-05-31;12057;5301;603564;233871;37.4;14.5
92;2021-06-01;12631;7633;616195;241504;38.2;15.0
92;2021-06-02;14384;7206;630579;248710;39.1;15.4
92;2021-06-03;14600;8017;645179;256727;40.0;15.9
92;2021-06-04;12231;8222;657410;264949;40.7;16.4
92;2021-06-05;7385;6233;664795;271182;41.2;16.8
92;2021-06-06;3598;1674;668393;272856;41.4;16.9
92;2021-06-07;11443;7634;679836;280490;42.1;17.4
92;2021-06-08;12767;9601;692603;290091;42.9;18.0
92;2021-06-09;11667;9477;704270;299568;43.6;18.6
92;2021-06-10;11975;10565;716245;310133;44.4;19.2
92;2021-06-11;8149;11034;724394;321167;44.9;19.9
92;2021-06-12;6370;5096;730764;326263;45.3;20.2
92;2021-06-13;3967;2721;734731;328984;45.5;20.4
92;2021-06-14;5215;11169;739946;340153;45.9;21.1
92;2021-06-15;6536;13122;746482;353275;46.3;21.9
92;2021-06-16;6959;12995;753441;366270;46.7;22.7
92;2021-06-17;7431;14002;760872;380272;47.1;23.6
92;2021-06-18;6903;14393;767775;394665;47.6;24.5
92;2021-06-19;3963;9108;771738;403773;47.8;25.0
92;2021-06-20;1968;5610;773706;409383;47.9;25.4
92;2021-06-21;4843;12278;778549;421661;48.2;26.1
92;2021-06-22;5884;17545;784433;439206;48.6;27.2
92;2021-06-23;5488;15994;789921;455200;48.9;28.2
92;2021-06-24;6207;15124;796128;470324;49.3;29.1
92;2021-06-25;5121;16100;801249;486424;49.7;30.1
92;2021-06-26;4072;10457;805321;496881;49.9;30.8
92;2021-06-27;1861;6050;807182;502931;50.0;31.2
92;2021-06-28;3677;12051;810859;514982;50.2;31.9
92;2021-06-29;4692;18156;815551;533138;50.5;33.0
92;2021-06-30;4461;16231;820012;549369;50.8;34.0
92;2021-07-01;5556;16310;825568;565679;51.2;35.1
92;2021-07-02;4951;15277;830519;580956;51.5;36.0
92;2021-07-03;3306;10183;833825;591139;51.7;36.6
92;2021-07-04;1124;4207;834949;595346;51.7;36.9
92;2021-07-05;4827;12332;839776;607678;52.0;37.7
92;2021-07-06;5288;15812;845064;623490;52.4;38.6
92;2021-07-07;4262;11453;849326;634943;52.6;39.3
92;2021-07-08;5414;14637;854740;649580;53.0;40.3
92;2021-07-09;5905;14211;860645;663791;53.3;41.1
92;2021-07-10;4383;8456;865028;672247;53.6;41.7
92;2021-07-11;1486;2614;866514;674861;53.7;41.8
92;2021-07-12;4418;14636;870932;689497;54.0;42.7
92;2021-07-13;7882;17458;878814;706955;54.5;43.8
92;2021-07-14;5113;5744;883927;712699;54.8;44.2
92;2021-07-15;9583;16256;893510;728955;55.4;45.2
92;2021-07-16;9069;14185;902579;743140;55.9;46.1
92;2021-07-17;6585;7607;909164;750747;56.3;46.5
92;2021-07-18;1839;2482;911003;753229;56.5;46.7
92;2021-07-19;6476;13202;917479;766431;56.9;47.5
92;2021-07-20;10096;14104;927575;780535;57.5;48.4
92;2021-07-21;10471;12119;938046;792654;58.1;49.1
92;2021-07-22;12060;12991;950106;805645;58.9;49.9
92;2021-07-23;11602;11360;961708;817005;59.6;50.6
92;2021-07-24;6735;6263;968443;823268;60.0;51.0
92;2021-07-25;2780;2326;971223;825594;60.2;51.2
92;2021-07-26;9501;9177;980724;834771;60.8;51.7
92;2021-07-27;11512;9610;992236;844381;61.5;52.3
92;2021-07-28;12960;8203;1005196;852584;62.3;52.8
92;2021-07-29;10459;8629;1015655;861213;62.9;53.4
92;2021-07-30;9136;8353;1024791;869566;63.5;53.9
92;2021-07-31;5705;4812;1030496;874378;63.9;54.2
92;2021-08-01;2209;1301;1032705;875679;64.0;54.3
92;2021-08-02;4671;4938;1037376;880617;64.3;54.6
92;2021-08-03;5136;6144;1042512;886761;64.6;54.9
92;2021-08-04;4770;4868;1047282;891629;64.9;55.3
92;2021-08-05;4520;5680;1051802;897309;65.2;55.6
92;2021-08-06;4547;5973;1056349;903282;65.5;56.0
92;2021-08-07;2827;4227;1059176;907509;65.6;56.2
92;2021-08-08;962;1081;1060138;908590;65.7;56.3
92;2021-08-09;3213;4255;1063351;912845;65.9;56.6
92;2021-08-10;3823;5612;1067174;918457;66.1;56.9
92;2021-08-11;3209;4433;1070383;922890;66.3;57.2
92;2021-08-12;3384;5593;1073767;928483;66.5;57.5
92;2021-08-13;2989;5141;1076756;933624;66.7;57.9
92;2021-08-14;1889;3933;1078645;937557;66.8;58.1
92;2021-08-15;585;839;1079230;938396;66.9;58.1
92;2021-08-16;2375;5323;1081605;943719;67.0;58.5
92;2021-08-17;2628;6988;1084233;950707;67.2;58.9
92;2021-08-18;2412;5252;1086645;955959;67.3;59.2
92;2021-08-19;2506;5744;1089151;961703;67.5;59.6
92;2021-08-20;2261;5189;1091412;966892;67.6;59.9
92;2021-08-21;1381;4219;1092793;971111;67.7;60.2
92;2021-08-22;424;1598;1093217;972709;67.7;60.3
92;2021-08-23;2426;6597;1095643;979306;67.9;60.7
92;2021-08-24;3128;8344;1098771;987650;68.1;61.2
92;2021-08-25;2835;7574;1101606;995224;68.3;61.7
92;2021-08-26;2949;7571;1104555;1002795;68.4;62.1
92;2021-08-27;3060;7015;1107615;1009810;68.6;62.6
92;2021-08-28;1611;4518;1109226;1014328;68.7;62.9
92;2021-08-29;343;789;1109569;1015117;68.8;62.9
92;2021-08-30;2208;4899;1111777;1020016;68.9;63.2
92;2021-08-31;3077;7029;1114854;1027045;69.1;63.6
92;2021-09-01;3261;7593;1118115;1034638;69.3;64.1
92;2021-09-02;2617;6825;1120732;1041463;69.4;64.5
92;2021-09-03;2632;6585;1123364;1048048;69.6;64.9
92;2021-09-04;2195;5047;1125559;1053095;69.7;65.3
92;2021-09-05;441;1049;1126000;1054144;69.8;65.3
92;2021-09-06;1298;3700;1127298;1057844;69.9;65.6
92;2021-09-07;1672;4180;1128970;1062024;70.0;65.8
92;2021-09-08;2173;4305;1131143;1066329;70.1;66.1
92;2021-09-09;1208;3260;1132351;1069589;70.2;66.3
92;2021-09-10;1756;4227;1134107;1073816;70.3;66.5
92;2021-09-11;1542;2916;1135649;1076732;70.4;66.7
92;2021-09-12;183;461;1135832;1077193;70.4;66.8
93;2020-12-27;11;3;11;3;0.0;0.0
93;2020-12-28;6;0;17;3;0.0;0.0
93;2020-12-29;0;0;17;3;0.0;0.0
93;2020-12-30;44;1;61;4;0.0;0.0
93;2020-12-31;10;0;71;4;0.0;0.0
93;2021-01-01;5;0;76;4;0.0;0.0
93;2021-01-02;0;0;76;4;0.0;0.0
93;2021-01-03;3;0;79;4;0.0;0.0
93;2021-01-04;3;0;82;4;0.0;0.0
93;2021-01-05;65;1;147;5;0.0;0.0
93;2021-01-06;179;0;326;5;0.0;0.0
93;2021-01-07;381;1;707;6;0.0;0.0
93;2021-01-08;632;1;1339;7;0.1;0.0
93;2021-01-09;21;0;1360;7;0.1;0.0
93;2021-01-10;2;0;1362;7;0.1;0.0
93;2021-01-11;504;3;1866;10;0.1;0.0
93;2021-01-12;753;7;2619;17;0.2;0.0
93;2021-01-13;752;6;3371;23;0.2;0.0
93;2021-01-14;688;18;4059;41;0.2;0.0
93;2021-01-15;516;3;4575;44;0.3;0.0
93;2021-01-16;139;3;4714;47;0.3;0.0
93;2021-01-17;6;1;4720;48;0.3;0.0
93;2021-01-18;1199;10;5919;58;0.4;0.0
93;2021-01-19;1614;16;7533;74;0.5;0.0
93;2021-01-20;1557;18;9090;92;0.5;0.0
93;2021-01-21;1919;35;11009;127;0.7;0.0
93;2021-01-22;1391;14;12400;141;0.7;0.0
93;2021-01-23;712;4;13112;145;0.8;0.0
93;2021-01-24;0;0;13112;145;0.8;0.0
93;2021-01-25;1210;14;14322;159;0.9;0.0
93;2021-01-26;1291;27;15613;186;0.9;0.0
93;2021-01-27;2160;64;17773;250;1.1;0.0
93;2021-01-28;2267;173;20040;423;1.2;0.0
93;2021-01-29;1623;208;21663;631;1.3;0.0
93;2021-01-30;927;37;22590;668;1.4;0.0
93;2021-01-31;9;5;22599;673;1.4;0.0
93;2021-02-01;1184;147;23783;820;1.4;0.0
93;2021-02-02;1171;289;24954;1109;1.5;0.1
93;2021-02-03;1231;387;26185;1496;1.6;0.1
93;2021-02-04;924;542;27109;2038;1.6;0.1
93;2021-02-05;798;397;27907;2435;1.7;0.1
93;2021-02-06;694;64;28601;2499;1.7;0.1
93;2021-02-07;6;0;28607;2499;1.7;0.1
93;2021-02-08;912;583;29519;3082;1.8;0.2
93;2021-02-09;852;567;30371;3649;1.8;0.2
93;2021-02-10;882;623;31253;4272;1.9;0.3
93;2021-02-11;1244;796;32497;5068;1.9;0.3
93;2021-02-12;1042;575;33539;5643;2.0;0.3
93;2021-02-13;395;211;33934;5854;2.0;0.4
93;2021-02-14;13;58;33947;5912;2.0;0.4
93;2021-02-15;414;946;34361;6858;2.1;0.4
93;2021-02-16;549;1031;34910;7889;2.1;0.5
93;2021-02-17;541;1426;35451;9315;2.1;0.6
93;2021-02-18;1133;1666;36584;10981;2.2;0.7
93;2021-02-19;992;1370;37576;12351;2.2;0.7
93;2021-02-20;303;552;37879;12903;2.3;0.8
93;2021-02-21;9;23;37888;12926;2.3;0.8
93;2021-02-22;602;1034;38490;13960;2.3;0.8
93;2021-02-23;562;926;39052;14886;2.3;0.9
93;2021-02-24;643;1000;39695;15886;2.4;1.0
93;2021-02-25;901;898;40596;16784;2.4;1.0
93;2021-02-26;1122;855;41718;17639;2.5;1.1
93;2021-02-27;543;543;42261;18182;2.5;1.1
93;2021-02-28;87;57;42348;18239;2.5;1.1
93;2021-03-01;1085;878;43433;19117;2.6;1.1
93;2021-03-02;1443;986;44876;20103;2.7;1.2
93;2021-03-03;1742;1059;46618;21162;2.8;1.3
93;2021-03-04;2717;1053;49335;22215;3.0;1.3
93;2021-03-05;3821;825;53156;23040;3.2;1.4
93;2021-03-06;5051;535;58207;23575;3.5;1.4
93;2021-03-07;4303;232;62510;23807;3.7;1.4
93;2021-03-08;2035;1146;64545;24953;3.9;1.5
93;2021-03-09;2917;902;67462;25855;4.0;1.5
93;2021-03-10;2860;1063;70322;26918;4.2;1.6
93;2021-03-11;3571;1222;73893;28140;4.4;1.7
93;2021-03-12;4126;1270;78019;29410;4.7;1.8
93;2021-03-13;4290;623;82309;30033;4.9;1.8
93;2021-03-14;883;72;83192;30105;5.0;1.8
93;2021-03-15;3555;672;86747;30777;5.2;1.8
93;2021-03-16;3160;608;89907;31385;5.4;1.9
93;2021-03-17;2657;597;92564;31982;5.5;1.9
93;2021-03-18;3315;712;95879;32694;5.7;2.0
93;2021-03-19;3767;636;99646;33330;6.0;2.0
93;2021-03-20;3462;304;103108;33634;6.2;2.0
93;2021-03-21;813;266;103921;33900;6.2;2.0
93;2021-03-22;3851;618;107772;34518;6.5;2.1
93;2021-03-23;4765;808;112537;35326;6.7;2.1
93;2021-03-24;4114;686;116651;36012;7.0;2.2
93;2021-03-25;5584;870;122235;36882;7.3;2.2
93;2021-03-26;5550;893;127785;37775;7.7;2.3
93;2021-03-27;4283;319;132068;38094;7.9;2.3
93;2021-03-28;613;42;132681;38136;7.9;2.3
93;2021-03-29;3853;963;136534;39099;8.2;2.3
93;2021-03-30;4726;1267;141260;40366;8.5;2.4
93;2021-03-31;3913;1248;145173;41614;8.7;2.5
93;2021-04-01;4059;3145;149232;44759;8.9;2.7
93;2021-04-02;3225;3551;152457;48310;9.1;2.9
93;2021-04-03;2519;2261;154976;50571;9.3;3.0
93;2021-04-04;764;159;155740;50730;9.3;3.0
93;2021-04-05;708;87;156448;50817;9.4;3.0
93;2021-04-06;4565;2348;161013;53165;9.6;3.2
93;2021-04-07;4904;2096;165917;55261;9.9;3.3
93;2021-04-08;5814;2682;171731;57943;10.3;3.5
93;2021-04-09;6096;3186;177827;61129;10.6;3.7
93;2021-04-10;4198;2489;182025;63618;10.9;3.8
93;2021-04-11;575;433;182600;64051;10.9;3.8
93;2021-04-12;4099;2917;186699;66968;11.2;4.0
93;2021-04-13;4602;3660;191301;70628;11.5;4.2
93;2021-04-14;4365;2475;195666;73103;11.7;4.4
93;2021-04-15;4560;3031;200226;76134;12.0;4.6
93;2021-04-16;4442;2992;204668;79126;12.3;4.7
93;2021-04-17;3518;2499;208186;81625;12.5;4.9
93;2021-04-18;292;434;208478;82059;12.5;4.9
93;2021-04-19;3778;2863;212256;84922;12.7;5.1
93;2021-04-20;4308;3261;216564;88183;13.0;5.3
93;2021-04-21;4145;2770;220709;90953;13.2;5.4
93;2021-04-22;4512;4019;225221;94972;13.5;5.7
93;2021-04-23;5627;3242;230848;98214;13.8;5.9
93;2021-04-24;5923;3326;236771;101540;14.2;6.1
93;2021-04-25;1732;597;238503;102137;14.3;6.1
93;2021-04-26;4861;3080;243364;105217;14.6;6.3
93;2021-04-27;6458;3623;249822;108840;15.0;6.5
93;2021-04-28;6077;3430;255899;112270;15.3;6.7
93;2021-04-29;7302;3249;263201;115519;15.8;6.9
93;2021-04-30;8263;3117;271464;118636;16.3;7.1
93;2021-05-01;4949;1194;276413;119830;16.6;7.2
93;2021-05-02;419;646;276832;120476;16.6;7.2
93;2021-05-03;8173;5116;285005;125592;17.1;7.5
93;2021-05-04;7825;5401;292830;130993;17.5;7.8
93;2021-05-05;7578;4805;300408;135798;18.0;8.1
93;2021-05-06;8253;4781;308661;140579;18.5;8.4
93;2021-05-07;7013;5427;315674;146006;18.9;8.7
93;2021-05-08;8362;2390;324036;148396;19.4;8.9
93;2021-05-09;6124;1368;330160;149764;19.8;9.0
93;2021-05-10;8255;4075;338415;153839;20.3;9.2
93;2021-05-11;9316;4806;347731;158645;20.8;9.5
93;2021-05-12;9192;3653;356923;162298;21.4;9.7
93;2021-05-13;8299;1652;365222;163950;21.9;9.8
93;2021-05-14;10425;3529;375647;167479;22.5;10.0
93;2021-05-15;11127;3011;386774;170490;23.2;10.2
93;2021-05-16;5559;728;392333;171218;23.5;10.3
93;2021-05-17;11902;2268;404235;173486;24.2;10.4
93;2021-05-18;14106;2394;418341;175880;25.0;10.5
93;2021-05-19;11433;2943;429774;178823;25.7;10.7
93;2021-05-20;12623;3485;442397;182308;26.5;10.9
93;2021-05-21;13021;2885;455418;185193;27.3;11.1
93;2021-05-22;12384;2199;467802;187392;28.0;11.2
93;2021-05-23;8480;1105;476282;188497;28.5;11.3
93;2021-05-24;11203;1940;487485;190437;29.2;11.4
93;2021-05-25;12299;4319;499784;194756;29.9;11.7
93;2021-05-26;11078;3754;510862;198510;30.6;11.9
93;2021-05-27;12713;3893;523575;202403;31.3;12.1
93;2021-05-28;12652;5254;536227;207657;32.1;12.4
93;2021-05-29;11394;4263;547621;211920;32.8;12.7
93;2021-05-30;8216;1378;555837;213298;33.3;12.8
93;2021-05-31;9183;5170;565020;218468;33.8;13.1
93;2021-06-01;11400;6278;576420;224746;34.5;13.5
93;2021-06-02;10722;5194;587142;229940;35.2;13.8
93;2021-06-03;10820;5516;597962;235456;35.8;14.1
93;2021-06-04;10612;7798;608574;243254;36.4;14.6
93;2021-06-05;9023;7356;617597;250610;37.0;15.0
93;2021-06-06;8408;1747;626005;252357;37.5;15.1
93;2021-06-07;10073;7518;636078;259875;38.1;15.6
93;2021-06-08;10383;7377;646461;267252;38.7;16.0
93;2021-06-09;10243;7292;656704;274544;39.3;16.4
93;2021-06-10;9012;8196;665716;282740;39.9;16.9
93;2021-06-11;8845;8812;674561;291552;40.4;17.5
93;2021-06-12;9869;6654;684430;298206;41.0;17.9
93;2021-06-13;7174;2129;691604;300335;41.4;18.0
93;2021-06-14;5400;9733;697004;310068;41.7;18.6
93;2021-06-15;6240;9660;703244;319728;42.1;19.1
93;2021-06-16;6647;9055;709891;328783;42.5;19.7
93;2021-06-17;5754;8464;715645;337247;42.8;20.2
93;2021-06-18;7228;11120;722873;348367;43.3;20.9
93;2021-06-19;7079;11099;729952;359466;43.7;21.5
93;2021-06-20;4955;6880;734907;366346;44.0;21.9
93;2021-06-21;4077;10730;738984;377076;44.2;22.6
93;2021-06-22;4695;11315;743679;388391;44.5;23.3
93;2021-06-23;4545;10599;748224;398990;44.8;23.9
93;2021-06-24;4211;10303;752435;409293;45.1;24.5
93;2021-06-25;5187;13060;757622;422353;45.4;25.3
93;2021-06-26;5299;13926;762921;436279;45.7;26.1
93;2021-06-27;3292;7106;766213;443385;45.9;26.5
93;2021-06-28;3702;12508;769915;455893;46.1;27.3
93;2021-06-29;4020;12355;773935;468248;46.3;28.0
93;2021-06-30;4142;11305;778077;479553;46.6;28.7
93;2021-07-01;6075;11162;784152;490715;47.0;29.4
93;2021-07-02;5774;12380;789926;503095;47.3;30.1
93;2021-07-03;5380;13457;795306;516552;47.6;30.9
93;2021-07-04;3083;7886;798389;524438;47.8;31.4
93;2021-07-05;4582;10850;802971;535288;48.1;32.1
93;2021-07-06;4850;11761;807821;547049;48.4;32.8
93;2021-07-07;5224;11414;813045;558463;48.7;33.4
93;2021-07-08;5055;10264;818100;568727;49.0;34.1
93;2021-07-09;5927;13037;824027;581764;49.3;34.8
93;2021-07-10;5914;14293;829941;596057;49.7;35.7
93;2021-07-11;3694;9091;833635;605148;49.9;36.2
93;2021-07-12;5590;12083;839225;617231;50.2;37.0
93;2021-07-13;11138;13300;850363;630531;50.9;37.8
93;2021-07-14;10660;6798;861023;637329;51.6;38.2
93;2021-07-15;12548;14137;873571;651466;52.3;39.0
93;2021-07-16;13244;13703;886815;665169;53.1;39.8
93;2021-07-17;11382;13918;898197;679087;53.8;40.7
93;2021-07-18;7408;8960;905605;688047;54.2;41.2
93;2021-07-19;9640;10930;915245;698977;54.8;41.9
93;2021-07-20;12659;10690;927904;709667;55.6;42.5
93;2021-07-21;14343;10955;942247;720622;56.4;43.1
93;2021-07-22;14178;9478;956425;730100;57.3;43.7
93;2021-07-23;14603;10661;971028;740761;58.1;44.4
93;2021-07-24;13929;10645;984957;751406;59.0;45.0
93;2021-07-25;9050;6359;994007;757765;59.5;45.4
93;2021-07-26;12747;7796;1006754;765561;60.3;45.8
93;2021-07-27;15136;7450;1021890;773011;61.2;46.3
93;2021-07-28;14999;8303;1036889;781314;62.1;46.8
93;2021-07-29;13583;7065;1050472;788379;62.9;47.2
93;2021-07-30;14135;7858;1064607;796237;63.7;47.7
93;2021-07-31;12260;7719;1076867;803956;64.5;48.1
93;2021-08-01;7502;4606;1084369;808562;64.9;48.4
93;2021-08-02;9285;5701;1093654;814263;65.5;48.8
93;2021-08-03;7566;6865;1101220;821128;65.9;49.2
93;2021-08-04;7818;8000;1109038;829128;66.4;49.6
93;2021-08-05;6135;6862;1115173;835990;66.8;50.1
93;2021-08-06;7058;8334;1122231;844324;67.2;50.6
93;2021-08-07;7366;9051;1129597;853375;67.6;51.1
93;2021-08-08;4515;5564;1134112;858939;67.9;51.4
93;2021-08-09;7369;8078;1141481;867017;68.3;51.9
93;2021-08-10;7352;8845;1148833;875862;68.8;52.4
93;2021-08-11;7510;9692;1156343;885554;69.2;53.0
93;2021-08-12;6356;9029;1162699;894583;69.6;53.6
93;2021-08-13;6470;9013;1169169;903596;70.0;54.1
93;2021-08-14;5914;10484;1175083;914080;70.4;54.7
93;2021-08-15;2756;3619;1177839;917699;70.5;54.9
93;2021-08-16;5504;11214;1183343;928913;70.9;55.6
93;2021-08-17;5849;10918;1189192;939831;71.2;56.3
93;2021-08-18;5485;11204;1194677;951035;71.5;56.9
93;2021-08-19;4522;9669;1199199;960704;71.8;57.5
93;2021-08-20;4830;11219;1204029;971923;72.1;58.2
93;2021-08-21;4306;11943;1208335;983866;72.3;58.9
93;2021-08-22;2220;7050;1210555;990916;72.5;59.3
93;2021-08-23;4344;9320;1214899;1000236;72.7;59.9
93;2021-08-24;4332;8420;1219231;1008656;73.0;60.4
93;2021-08-25;4160;8598;1223391;1017254;73.3;60.9
93;2021-08-26;3652;7085;1227043;1024339;73.5;61.3
93;2021-08-27;3927;8540;1230970;1032879;73.7;61.8
93;2021-08-28;3804;9563;1234774;1042442;73.9;62.4
93;2021-08-29;1764;4805;1236538;1047247;74.0;62.7
93;2021-08-30;2964;7608;1239502;1054855;74.2;63.2
93;2021-08-31;3027;7796;1242529;1062651;74.4;63.6
93;2021-09-01;3252;7724;1245781;1070375;74.6;64.1
93;2021-09-02;2669;6011;1248450;1076386;74.8;64.4
93;2021-09-03;2829;7289;1251279;1083675;74.9;64.9
93;2021-09-04;3313;8939;1254592;1092614;75.1;65.4
93;2021-09-05;1262;3706;1255854;1096320;75.2;65.6
93;2021-09-06;1812;5307;1257666;1101627;75.3;66.0
93;2021-09-07;1759;4803;1259425;1106430;75.4;66.2
93;2021-09-08;2191;5599;1261616;1112029;75.5;66.6
93;2021-09-09;1963;4906;1263579;1116935;75.7;66.9
93;2021-09-10;2501;5702;1266080;1122637;75.8;67.2
93;2021-09-11;2300;6983;1268380;1129620;75.9;67.6
93;2021-09-12;849;2881;1269229;1132501;76.0;67.8
94;2020-12-27;6;0;6;0;0.0;0.0
94;2020-12-28;11;0;17;0;0.0;0.0
94;2020-12-29;0;0;17;0;0.0;0.0
94;2020-12-30;1;0;18;0;0.0;0.0
94;2020-12-31;7;0;25;0;0.0;0.0
94;2021-01-01;4;0;29;0;0.0;0.0
94;2021-01-02;0;0;29;0;0.0;0.0
94;2021-01-03;3;0;32;0;0.0;0.0
94;2021-01-04;39;2;71;2;0.0;0.0
94;2021-01-05;233;2;304;4;0.0;0.0
94;2021-01-06;332;4;636;8;0.0;0.0
94;2021-01-07;691;11;1327;19;0.1;0.0
94;2021-01-08;922;10;2249;29;0.2;0.0
94;2021-01-09;47;0;2296;29;0.2;0.0
94;2021-01-10;18;0;2314;29;0.2;0.0
94;2021-01-11;1015;10;3329;39;0.2;0.0
94;2021-01-12;1345;25;4674;64;0.3;0.0
94;2021-01-13;1408;26;6082;90;0.4;0.0
94;2021-01-14;1545;27;7627;117;0.5;0.0
94;2021-01-15;1221;23;8848;140;0.6;0.0
94;2021-01-16;197;1;9045;141;0.6;0.0
94;2021-01-17;98;0;9143;141;0.7;0.0
94;2021-01-18;1498;26;10641;167;0.8;0.0
94;2021-01-19;1952;29;12593;196;0.9;0.0
94;2021-01-20;2184;23;14777;219;1.1;0.0
94;2021-01-21;3006;17;17783;236;1.3;0.0
94;2021-01-22;2189;26;19972;262;1.4;0.0
94;2021-01-23;733;3;20705;265;1.5;0.0
94;2021-01-24;285;0;20990;265;1.5;0.0
94;2021-01-25;1471;21;22461;286;1.6;0.0
94;2021-01-26;1576;19;24037;305;1.7;0.0
94;2021-01-27;1840;32;25877;337;1.8;0.0
94;2021-01-28;1537;126;27414;463;1.9;0.0
94;2021-01-29;1381;140;28795;603;2.0;0.0
94;2021-01-30;580;4;29375;607;2.1;0.0
94;2021-01-31;123;8;29498;615;2.1;0.0
94;2021-02-01;930;142;30428;757;2.2;0.1
94;2021-02-02;855;227;31283;984;2.2;0.1
94;2021-02-03;762;347;32045;1331;2.3;0.1
94;2021-02-04;901;393;32946;1724;2.3;0.1
94;2021-02-05;873;530;33819;2254;2.4;0.2
94;2021-02-06;407;62;34226;2316;2.4;0.2
94;2021-02-07;122;0;34348;2316;2.4;0.2
94;2021-02-08;635;467;34983;2783;2.5;0.2
94;2021-02-09;1036;942;36019;3725;2.6;0.3
94;2021-02-10;1101;1286;37120;5011;2.6;0.4
94;2021-02-11;1429;1478;38549;6489;2.7;0.5
94;2021-02-12;1390;1559;39939;8048;2.8;0.6
94;2021-02-13;300;203;40239;8251;2.9;0.6
94;2021-02-14;30;70;40269;8321;2.9;0.6
94;2021-02-15;753;1532;41022;9853;2.9;0.7
94;2021-02-16;702;2382;41724;12235;3.0;0.9
94;2021-02-17;716;1315;42440;13550;3.0;1.0
94;2021-02-18;788;1479;43228;15029;3.1;1.1
94;2021-02-19;966;1243;44194;16272;3.1;1.2
94;2021-02-20;133;753;44327;17025;3.2;1.2
94;2021-02-21;21;150;44348;17175;3.2;1.2
94;2021-02-22;522;1082;44870;18257;3.2;1.3
94;2021-02-23;624;1036;45494;19293;3.2;1.4
94;2021-02-24;695;694;46189;19987;3.3;1.4
94;2021-02-25;1071;1343;47260;21330;3.4;1.5
94;2021-02-26;1324;861;48584;22191;3.5;1.6
94;2021-02-27;518;447;49102;22638;3.5;1.6
94;2021-02-28;91;74;49193;22712;3.5;1.6
94;2021-03-01;883;803;50076;23515;3.6;1.7
94;2021-03-02;1566;834;51642;24349;3.7;1.7
94;2021-03-03;1948;891;53590;25240;3.8;1.8
94;2021-03-04;2862;1050;56452;26290;4.0;1.9
94;2021-03-05;3836;1263;60288;27553;4.3;2.0
94;2021-03-06;4821;539;65109;28092;4.6;2.0
94;2021-03-07;3690;534;68799;28626;4.9;2.0
94;2021-03-08;1918;716;70717;29342;5.0;2.1
94;2021-03-09;2556;846;73273;30188;5.2;2.1
94;2021-03-10;3201;982;76474;31170;5.4;2.2
94;2021-03-11;3839;922;80313;32092;5.7;2.3
94;2021-03-12;4583;807;84896;32899;6.0;2.3
94;2021-03-13;4131;397;89027;33296;6.3;2.4
94;2021-03-14;2115;156;91142;33452;6.5;2.4
94;2021-03-15;3171;783;94313;34235;6.7;2.4
94;2021-03-16;2775;436;97088;34671;6.9;2.5
94;2021-03-17;2860;459;99948;35130;7.1;2.5
94;2021-03-18;3264;442;103212;35572;7.3;2.5
94;2021-03-19;4273;703;107485;36275;7.6;2.6
94;2021-03-20;3692;301;111177;36576;7.9;2.6
94;2021-03-21;1465;383;112642;36959;8.0;2.6
94;2021-03-22;3221;656;115863;37615;8.2;2.7
94;2021-03-23;4513;729;120376;38344;8.6;2.7
94;2021-03-24;4628;625;125004;38969;8.9;2.8
94;2021-03-25;6322;683;131326;39652;9.3;2.8
94;2021-03-26;6091;812;137417;40464;9.8;2.9
94;2021-03-27;4472;280;141889;40744;10.1;2.9
94;2021-03-28;1891;112;143780;40856;10.2;2.9
94;2021-03-29;4126;1220;147906;42076;10.5;3.0
94;2021-03-30;5299;1355;153205;43431;10.9;3.1
94;2021-03-31;4913;1792;158118;45223;11.2;3.2
94;2021-04-01;5831;2309;163949;47532;11.7;3.4
94;2021-04-02;5249;2320;169198;49852;12.0;3.5
94;2021-04-03;3087;2503;172285;52355;12.3;3.7
94;2021-04-04;1051;768;173336;53123;12.3;3.8
94;2021-04-05;837;145;174173;53268;12.4;3.8
94;2021-04-06;3580;2543;177753;55811;12.6;4.0
94;2021-04-07;3867;2264;181620;58075;12.9;4.1
94;2021-04-08;4629;2066;186249;60141;13.2;4.3
94;2021-04-09;5362;2472;191611;62613;13.6;4.5
94;2021-04-10;2957;3004;194568;65617;13.8;4.7
94;2021-04-11;1268;1766;195836;67383;13.9;4.8
94;2021-04-12;3439;2282;199275;69665;14.2;5.0
94;2021-04-13;4313;3408;203588;73073;14.5;5.2
94;2021-04-14;3906;2695;207494;75768;14.8;5.4
94;2021-04-15;4449;2998;211943;78766;15.1;5.6
94;2021-04-16;4708;2850;216651;81616;15.4;5.8
94;2021-04-17;2462;2770;219113;84386;15.6;6.0
94;2021-04-18;920;1242;220033;85628;15.6;6.1
94;2021-04-19;2976;2445;223009;88073;15.9;6.3
94;2021-04-20;3274;2713;226283;90786;16.1;6.5
94;2021-04-21;3220;3165;229503;93951;16.3;6.7
94;2021-04-22;3913;3655;233416;97606;16.6;6.9
94;2021-04-23;4117;3994;237533;101600;16.9;7.2
94;2021-04-24;4266;3403;241799;105003;17.2;7.5
94;2021-04-25;2408;1510;244207;106513;17.4;7.6
94;2021-04-26;4013;3281;248220;109794;17.7;7.8
94;2021-04-27;5098;3373;253318;113167;18.0;8.0
94;2021-04-28;4833;3641;258151;116808;18.4;8.3
94;2021-04-29;6420;3809;264571;120617;18.8;8.6
94;2021-04-30;6486;3926;271057;124543;19.3;8.9
94;2021-05-01;4057;1064;275114;125607;19.6;8.9
94;2021-05-02;3053;1474;278167;127081;19.8;9.0
94;2021-05-03;5737;5330;283904;132411;20.2;9.4
94;2021-05-04;6100;3570;290004;135981;20.6;9.7
94;2021-05-05;6183;3427;296187;139408;21.1;9.9
94;2021-05-06;7161;3534;303348;142942;21.6;10.2
94;2021-05-07;6676;4118;310024;147060;22.0;10.5
94;2021-05-08;4904;2557;314928;149617;22.4;10.6
94;2021-05-09;4228;2255;319156;151872;22.7;10.8
94;2021-05-10;7717;3127;326873;154999;23.2;11.0
94;2021-05-11;8979;3936;335852;158935;23.9;11.3
94;2021-05-12;9580;3597;345432;162532;24.6;11.6
94;2021-05-13;8680;1369;354112;163901;25.2;11.7
94;2021-05-14;9875;3310;363987;167211;25.9;11.9
94;2021-05-15;8944;2163;372931;169374;26.5;12.0
94;2021-05-16;5070;912;378001;170286;26.9;12.1
94;2021-05-17;10842;2253;388843;172539;27.7;12.3
94;2021-05-18;11298;2452;400141;174991;28.5;12.4
94;2021-05-19;11675;3599;411816;178590;29.3;12.7
94;2021-05-20;12156;4361;423972;182951;30.2;13.0
94;2021-05-21;11880;3166;435852;186117;31.0;13.2
94;2021-05-22;10290;1975;446142;188092;31.7;13.4
94;2021-05-23;5003;712;451145;188804;32.1;13.4
94;2021-05-24;9671;1350;460816;190154;32.8;13.5
94;2021-05-25;10005;4270;470821;194424;33.5;13.8
94;2021-05-26;10295;3315;481116;197739;34.2;14.1
94;2021-05-27;10870;4589;491986;202328;35.0;14.4
94;2021-05-28;10452;4950;502438;207278;35.7;14.7
94;2021-05-29;9873;3455;512311;210733;36.4;15.0
94;2021-05-30;4788;931;517099;211664;36.8;15.1
94;2021-05-31;9989;4237;527088;215901;37.5;15.4
94;2021-06-01;10325;5100;537413;221001;38.2;15.7
94;2021-06-02;9370;4590;546783;225591;38.9;16.0
94;2021-06-03;9569;5606;556352;231197;39.6;16.4
94;2021-06-04;10416;6538;566768;237735;40.3;16.9
94;2021-06-05;9200;6260;575968;243995;41.0;17.4
94;2021-06-06;3984;1849;579952;245844;41.2;17.5
94;2021-06-07;8679;5985;588631;251829;41.9;17.9
94;2021-06-08;9014;7524;597645;259353;42.5;18.4
94;2021-06-09;8957;8165;606602;267518;43.1;19.0
94;2021-06-10;8811;10972;615413;278490;43.8;19.8
94;2021-06-11;7856;8391;623269;286881;44.3;20.4
94;2021-06-12;10267;6853;633536;293734;45.1;20.9
94;2021-06-13;3470;3263;637006;296997;45.3;21.1
94;2021-06-14;6967;8212;643973;305209;45.8;21.7
94;2021-06-15;7738;8818;651711;314027;46.4;22.3
94;2021-06-16;7247;8271;658958;322298;46.9;22.9
94;2021-06-17;6707;9067;665665;331365;47.3;23.6
94;2021-06-18;6580;11961;672245;343326;47.8;24.4
94;2021-06-19;6013;9594;678258;352920;48.2;25.1
94;2021-06-20;1888;4010;680146;356930;48.4;25.4
94;2021-06-21;4535;11186;684681;368116;48.7;26.2
94;2021-06-22;4843;10812;689524;378928;49.0;26.9
94;2021-06-23;4181;11167;693705;390095;49.3;27.7
94;2021-06-24;4973;10338;698678;400433;49.7;28.5
94;2021-06-25;4294;13740;702972;414173;50.0;29.5
94;2021-06-26;3140;12003;706112;426176;50.2;30.3
94;2021-06-27;1059;4998;707171;431174;50.3;30.7
94;2021-06-28;3504;12082;710675;443256;50.5;31.5
94;2021-06-29;4051;12182;714726;455438;50.8;32.4
94;2021-06-30;4458;11648;719184;467086;51.1;33.2
94;2021-07-01;5682;11121;724866;478207;51.6;34.0
94;2021-07-02;5706;12200;730572;490407;52.0;34.9
94;2021-07-03;3719;11805;734291;502212;52.2;35.7
94;2021-07-04;1516;5090;735807;507302;52.3;36.1
94;2021-07-05;4543;11436;740350;518738;52.7;36.9
94;2021-07-06;4627;10900;744977;529638;53.0;37.7
94;2021-07-07;5038;11088;750015;540726;53.3;38.5
94;2021-07-08;5140;10027;755155;550753;53.7;39.2
94;2021-07-09;6130;11875;761285;562628;54.1;40.0
94;2021-07-10;4126;11365;765411;573993;54.4;40.8
94;2021-07-11;1555;4721;766966;578714;54.5;41.2
94;2021-07-12;4334;11972;771300;590686;54.9;42.0
94;2021-07-13;6429;12048;777729;602734;55.3;42.9
94;2021-07-14;4197;5294;781926;608028;55.6;43.2
94;2021-07-15;7264;12373;789190;620401;56.1;44.1
94;2021-07-16;7789;11321;796979;631722;56.7;44.9
94;2021-07-17;6110;11327;803089;643049;57.1;45.7
94;2021-07-18;2630;4024;805719;647073;57.3;46.0
94;2021-07-19;6949;10446;812668;657519;57.8;46.8
94;2021-07-20;8525;10394;821193;667913;58.4;47.5
94;2021-07-21;8759;9587;829952;677500;59.0;48.2
94;2021-07-22;9770;9427;839722;686927;59.7;48.9
94;2021-07-23;9387;9421;849109;696348;60.4;49.5
94;2021-07-24;7217;8889;856326;705237;60.9;50.2
94;2021-07-25;2192;2740;858518;707977;61.1;50.4
94;2021-07-26;8032;8099;866550;716076;61.6;50.9
94;2021-07-27;8775;7137;875325;723213;62.3;51.4
94;2021-07-28;9068;6568;884393;729781;62.9;51.9
94;2021-07-29;9043;6369;893436;736150;63.5;52.4
94;2021-07-30;7972;6593;901408;742743;64.1;52.8
94;2021-07-31;7219;6305;908627;749048;64.6;53.3
94;2021-08-01;3206;1783;911833;750831;64.9;53.4
94;2021-08-02;6473;5489;918306;756320;65.3;53.8
94;2021-08-03;6295;5213;924601;761533;65.8;54.2
94;2021-08-04;6245;5129;930846;766662;66.2;54.5
94;2021-08-05;5799;5463;936645;772125;66.6;54.9
94;2021-08-06;5626;5838;942271;777963;67.0;55.3
94;2021-08-07;4242;4475;946513;782438;67.3;55.6
94;2021-08-08;1369;1716;947882;784154;67.4;55.8
94;2021-08-09;4871;6807;952753;790961;67.8;56.3
94;2021-08-10;5369;6534;958122;797495;68.1;56.7
94;2021-08-11;4241;5911;962363;803406;68.4;57.1
94;2021-08-12;4371;6506;966734;809912;68.8;57.6
94;2021-08-13;3725;5796;970459;815708;69.0;58.0
94;2021-08-14;2884;5740;973343;821448;69.2;58.4
94;2021-08-15;454;737;973797;822185;69.3;58.5
94;2021-08-16;3478;8291;977275;830476;69.5;59.1
94;2021-08-17;3354;8139;980629;838615;69.7;59.6
94;2021-08-18;3246;8615;983875;847230;70.0;60.3
94;2021-08-19;3303;6905;987178;854135;70.2;60.7
94;2021-08-20;2968;7756;990146;861891;70.4;61.3
94;2021-08-21;2523;7157;992669;869048;70.6;61.8
94;2021-08-22;890;2734;993559;871782;70.7;62.0
94;2021-08-23;2810;8453;996369;880235;70.9;62.6
94;2021-08-24;3112;7510;999481;887745;71.1;63.1
94;2021-08-25;2727;6737;1002208;894482;71.3;63.6
94;2021-08-26;2557;6134;1004765;900616;71.5;64.1
94;2021-08-27;2629;6562;1007394;907178;71.6;64.5
94;2021-08-28;2543;6489;1009937;913667;71.8;65.0
94;2021-08-29;863;2342;1010800;916009;71.9;65.1
94;2021-08-30;2747;7870;1013547;923879;72.1;65.7
94;2021-08-31;2583;7436;1016130;931315;72.3;66.2
94;2021-09-01;2269;6184;1018399;937499;72.4;66.7
94;2021-09-02;1926;5195;1020325;942694;72.6;67.0
94;2021-09-03;2051;5801;1022376;948495;72.7;67.5
94;2021-09-04;2355;5407;1024731;953902;72.9;67.8
94;2021-09-05;699;1284;1025430;955186;72.9;67.9
94;2021-09-06;1517;4066;1026947;959252;73.0;68.2
94;2021-09-07;1416;3696;1028363;962948;73.1;68.5
94;2021-09-08;1446;3713;1029809;966661;73.2;68.8
94;2021-09-09;1213;3420;1031022;970081;73.3;69.0
94;2021-09-10;1509;4047;1032531;974128;73.4;69.3
94;2021-09-11;1676;4492;1034207;978620;73.6;69.6
94;2021-09-12;406;1173;1034613;979793;73.6;69.7
95;2020-12-27;3;0;3;0;0.0;0.0
95;2020-12-28;4;0;7;0;0.0;0.0
95;2020-12-29;0;0;7;0;0.0;0.0
95;2020-12-30;0;0;7;0;0.0;0.0
95;2020-12-31;2;0;9;0;0.0;0.0
95;2021-01-01;0;0;9;0;0.0;0.0
95;2021-01-02;13;0;22;0;0.0;0.0
95;2021-01-03;1;0;23;0;0.0;0.0
95;2021-01-04;49;0;72;0;0.0;0.0
95;2021-01-05;316;0;388;0;0.0;0.0
95;2021-01-06;192;0;580;0;0.0;0.0
95;2021-01-07;130;1;710;1;0.1;0.0
95;2021-01-08;278;2;988;3;0.1;0.0
95;2021-01-09;251;0;1239;3;0.1;0.0
95;2021-01-10;384;1;1623;4;0.1;0.0
95;2021-01-11;492;1;2115;5;0.2;0.0
95;2021-01-12;864;1;2979;6;0.2;0.0
95;2021-01-13;782;11;3761;17;0.3;0.0
95;2021-01-14;887;12;4648;29;0.4;0.0
95;2021-01-15;758;5;5406;34;0.4;0.0
95;2021-01-16;298;2;5704;36;0.5;0.0
95;2021-01-17;224;1;5928;37;0.5;0.0
95;2021-01-18;1338;5;7266;42;0.6;0.0
95;2021-01-19;1576;6;8842;48;0.7;0.0
95;2021-01-20;2040;3;10882;51;0.9;0.0
95;2021-01-21;1854;5;12736;56;1.0;0.0
95;2021-01-22;1325;6;14061;62;1.1;0.0
95;2021-01-23;648;0;14709;62;1.2;0.0
95;2021-01-24;182;0;14891;62;1.2;0.0
95;2021-01-25;796;32;15687;94;1.3;0.0
95;2021-01-26;987;159;16674;253;1.3;0.0
95;2021-01-27;1251;158;17925;411;1.4;0.0
95;2021-01-28;1720;20;19645;431;1.6;0.0
95;2021-01-29;1249;179;20894;610;1.7;0.0
95;2021-01-30;477;5;21371;615;1.7;0.0
95;2021-01-31;212;1;21583;616;1.7;0.0
95;2021-02-01;566;247;22149;863;1.8;0.1
95;2021-02-02;528;263;22677;1126;1.8;0.1
95;2021-02-03;614;493;23291;1619;1.9;0.1
95;2021-02-04;1066;350;24357;1969;2.0;0.2
95;2021-02-05;732;276;25089;2245;2.0;0.2
95;2021-02-06;337;215;25426;2460;2.0;0.2
95;2021-02-07;141;350;25567;2810;2.0;0.2
95;2021-02-08;765;310;26332;3120;2.1;0.2
95;2021-02-09;1131;1047;27463;4167;2.2;0.3
95;2021-02-10;1264;1361;28727;5528;2.3;0.4
95;2021-02-11;1387;1098;30114;6626;2.4;0.5
95;2021-02-12;1032;916;31146;7542;2.5;0.6
95;2021-02-13;329;265;31475;7807;2.5;0.6
95;2021-02-14;42;149;31517;7956;2.5;0.6
95;2021-02-15;427;813;31944;8769;2.6;0.7
95;2021-02-16;493;663;32437;9432;2.6;0.8
95;2021-02-17;653;938;33090;10370;2.7;0.8
95;2021-02-18;725;1373;33815;11743;2.7;0.9
95;2021-02-19;783;1095;34598;12838;2.8;1.0
95;2021-02-20;306;399;34904;13237;2.8;1.1
95;2021-02-21;165;264;35069;13501;2.8;1.1
95;2021-02-22;327;809;35396;14310;2.8;1.1
95;2021-02-23;368;574;35764;14884;2.9;1.2
95;2021-02-24;310;718;36074;15602;2.9;1.2
95;2021-02-25;730;911;36804;16513;2.9;1.3
95;2021-02-26;989;707;37793;17220;3.0;1.4
95;2021-02-27;365;372;38158;17592;3.1;1.4
95;2021-02-28;61;194;38219;17786;3.1;1.4
95;2021-03-01;771;491;38990;18277;3.1;1.5
95;2021-03-02;1321;785;40311;19062;3.2;1.5
95;2021-03-03;1598;866;41909;19928;3.4;1.6
95;2021-03-04;3196;1079;45105;21007;3.6;1.7
95;2021-03-05;3651;1019;48756;22026;3.9;1.8
95;2021-03-06;4005;476;52761;22502;4.2;1.8
95;2021-03-07;4222;303;56983;22805;4.6;1.8
95;2021-03-08;1541;802;58524;23607;4.7;1.9
95;2021-03-09;2622;477;61146;24084;4.9;1.9
95;2021-03-10;2344;812;63490;24896;5.1;2.0
95;2021-03-11;3138;1116;66628;26012;5.3;2.1
95;2021-03-12;3521;787;70149;26799;5.6;2.1
95;2021-03-13;3519;415;73668;27214;5.9;2.2
95;2021-03-14;1983;296;75651;27510;6.1;2.2
95;2021-03-15;2373;312;78024;27822;6.3;2.2
95;2021-03-16;1575;410;79599;28232;6.4;2.3
95;2021-03-17;2104;412;81703;28644;6.5;2.3
95;2021-03-18;2798;371;84501;29015;6.8;2.3
95;2021-03-19;3476;361;87977;29376;7.0;2.4
95;2021-03-20;2592;204;90569;29580;7.3;2.4
95;2021-03-21;1204;244;91773;29824;7.4;2.4
95;2021-03-22;2938;363;94711;30187;7.6;2.4
95;2021-03-23;3438;458;98149;30645;7.9;2.5
95;2021-03-24;3945;520;102094;31165;8.2;2.5
95;2021-03-25;5860;652;107954;31817;8.6;2.5
95;2021-03-26;5430;686;113384;32503;9.1;2.6
95;2021-03-27;3749;223;117133;32726;9.4;2.6
95;2021-03-28;1535;123;118668;32849;9.5;2.6
95;2021-03-29;2895;575;121563;33424;9.7;2.7
95;2021-03-30;3887;1241;125450;34665;10.0;2.8
95;2021-03-31;3658;1670;129108;36335;10.3;2.9
95;2021-04-01;5484;2269;134592;38604;10.8;3.1
95;2021-04-02;3560;2754;138152;41358;11.1;3.3
95;2021-04-03;2095;2481;140247;43839;11.2;3.5
95;2021-04-04;1247;1202;141494;45041;11.3;3.6
95;2021-04-05;596;64;142090;45105;11.4;3.6
95;2021-04-06;1859;1536;143949;46641;11.5;3.7
95;2021-04-07;4954;2192;148903;48833;11.9;3.9
95;2021-04-08;4897;2464;153800;51297;12.3;4.1
95;2021-04-09;5436;2336;159236;53633;12.8;4.3
95;2021-04-10;3710;1434;162946;55067;13.1;4.4
95;2021-04-11;1567;1038;164513;56105;13.2;4.5
95;2021-04-12;3253;1610;167766;57715;13.4;4.6
95;2021-04-13;3141;1688;170907;59403;13.7;4.8
95;2021-04-14;2752;1989;173659;61392;13.9;4.9
95;2021-04-15;3903;3341;177562;64733;14.2;5.2
95;2021-04-16;4064;3035;181626;67768;14.5;5.4
95;2021-04-17;2375;1758;184001;69526;14.7;5.6
95;2021-04-18;1511;1017;185512;70543;14.9;5.7
95;2021-04-19;2569;2373;188081;72916;15.1;5.8
95;2021-04-20;2121;2457;190202;75373;15.2;6.0
95;2021-04-21;3931;2630;194133;78003;15.6;6.2
95;2021-04-22;3413;4633;197546;82636;15.8;6.6
95;2021-04-23;2767;3556;200313;86192;16.0;6.9
95;2021-04-24;3573;2586;203886;88778;16.3;7.1
95;2021-04-25;1960;1549;205846;90327;16.5;7.2
95;2021-04-26;2752;2702;208598;93029;16.7;7.5
95;2021-04-27;3851;2179;212449;95208;17.0;7.6
95;2021-04-28;3890;2666;216339;97874;17.3;7.8
95;2021-04-29;6141;4546;222480;102420;17.8;8.2
95;2021-04-30;6904;2931;229384;105351;18.4;8.4
95;2021-05-01;2370;920;231754;106271;18.6;8.5
95;2021-05-02;2448;1502;234202;107773;18.8;8.6
95;2021-05-03;5128;1927;239330;109700;19.2;8.8
95;2021-05-04;6353;2720;245683;112420;19.7;9.0
95;2021-05-05;5145;3802;250828;116222;20.1;9.3
95;2021-05-06;8206;4924;259034;121146;20.8;9.7
95;2021-05-07;5777;4753;264811;125899;21.2;10.1
95;2021-05-08;5744;1532;270555;127431;21.7;10.2
95;2021-05-09;2829;1587;273384;129018;21.9;10.3
95;2021-05-10;9974;3187;283358;132205;22.7;10.6
95;2021-05-11;8449;3457;291807;135662;23.4;10.9
95;2021-05-12;9465;3222;301272;138884;24.1;11.1
95;2021-05-13;7957;1201;309229;140085;24.8;11.2
95;2021-05-14;7016;1910;316245;141995;25.3;11.4
95;2021-05-15;4515;1067;320760;143062;25.7;11.5
95;2021-05-16;4826;845;325586;143907;26.1;11.5
95;2021-05-17;7742;1352;333328;145259;26.7;11.6
95;2021-05-18;9469;1858;342797;147117;27.5;11.8
95;2021-05-19;9245;2495;352042;149612;28.2;12.0
95;2021-05-20;12587;2442;364629;152054;29.2;12.2
95;2021-05-21;10175;2535;374804;154589;30.0;12.4
95;2021-05-22;9396;1568;384200;156157;30.8;12.5
95;2021-05-23;4146;961;388346;157118;31.1;12.6
95;2021-05-24;2398;535;390744;157653;31.3;12.6
95;2021-05-25;7212;2082;397956;159735;31.9;12.8
95;2021-05-26;8853;3117;406809;162852;32.6;13.0
95;2021-05-27;10365;4435;417174;167287;33.4;13.4
95;2021-05-28;7686;4421;424860;171708;34.0;13.8
95;2021-05-29;5267;2761;430127;174469;34.5;14.0
95;2021-05-30;3733;1706;433860;176175;34.8;14.1
95;2021-05-31;6430;3331;440290;179506;35.3;14.4
95;2021-06-01;8786;3810;449076;183316;36.0;14.7
95;2021-06-02;8802;4747;457878;188063;36.7;15.1
95;2021-06-03;8531;6561;466409;194624;37.4;15.6
95;2021-06-04;8890;4407;475299;199031;38.1;15.9
95;2021-06-05;8343;3744;483642;202775;38.7;16.2
95;2021-06-06;4840;1617;488482;204392;39.1;16.4
95;2021-06-07;6060;4547;494542;208939;39.6;16.7
95;2021-06-08;6556;5515;501098;214454;40.1;17.2
95;2021-06-09;6269;6475;507367;220929;40.6;17.7
95;2021-06-10;6435;6816;513802;227745;41.2;18.2
95;2021-06-11;7236;6442;521038;234187;41.7;18.8
95;2021-06-12;6005;4373;527043;238560;42.2;19.1
95;2021-06-13;2083;3289;529126;241849;42.4;19.4
95;2021-06-14;5374;5988;534500;247837;42.8;19.9
95;2021-06-15;5743;8070;540243;255907;43.3;20.5
95;2021-06-16;5494;7536;545737;263443;43.7;21.1
95;2021-06-17;6608;8166;552345;271609;44.2;21.8
95;2021-06-18;5835;7860;558180;279469;44.7;22.4
95;2021-06-19;4968;8926;563148;288395;45.1;23.1
95;2021-06-20;1426;3317;564574;291712;45.2;23.4
95;2021-06-21;3543;7713;568117;299425;45.5;24.0
95;2021-06-22;5070;9052;573187;308477;45.9;24.7
95;2021-06-23;4783;10876;577970;319353;46.3;25.6
95;2021-06-24;4942;10726;582912;330079;46.7;26.4
95;2021-06-25;4888;10359;587800;340438;47.1;27.3
95;2021-06-26;4326;8484;592126;348922;47.4;28.0
95;2021-06-27;1035;3996;593161;352918;47.5;28.3
95;2021-06-28;2743;9490;595904;362408;47.7;29.0
95;2021-06-29;2540;8790;598444;371198;47.9;29.7
95;2021-06-30;3957;9995;602401;381193;48.3;30.5
95;2021-07-01;4908;11164;607309;392357;48.6;31.4
95;2021-07-02;4287;10548;611596;402905;49.0;32.3
95;2021-07-03;3539;9159;615135;412064;49.3;33.0
95;2021-07-04;1279;3399;616414;415463;49.4;33.3
95;2021-07-05;2356;4375;618770;419838;49.6;33.6
95;2021-07-06;2777;7750;621547;427588;49.8;34.3
95;2021-07-07;3963;9627;625510;437215;50.1;35.0
95;2021-07-08;5319;9822;630829;447037;50.5;35.8
95;2021-07-09;4557;10074;635386;457111;50.9;36.6
95;2021-07-10;3399;7394;638785;464505;51.2;37.2
95;2021-07-11;1528;3603;640313;468108;51.3;37.5
95;2021-07-12;2992;9693;643305;477801;51.5;38.3
95;2021-07-13;5061;10072;648366;487873;51.9;39.1
95;2021-07-14;4430;5739;652796;493612;52.3;39.5
95;2021-07-15;7402;12364;660198;505976;52.9;40.5
95;2021-07-16;7985;12002;668183;517978;53.5;41.5
95;2021-07-17;5058;7822;673241;525800;53.9;42.1
95;2021-07-18;3490;2911;676731;528711;54.2;42.4
95;2021-07-19;4838;6867;681569;535578;54.6;42.9
95;2021-07-20;6963;8381;688532;543959;55.2;43.6
95;2021-07-21;9264;9451;697796;553410;55.9;44.3
95;2021-07-22;10150;9719;707946;563129;56.7;45.1
95;2021-07-23;10920;10201;718866;573330;57.6;45.9
95;2021-07-24;5265;6236;724131;579566;58.0;46.4
95;2021-07-25;2254;2282;726385;581848;58.2;46.6
95;2021-07-26;4521;4024;730906;585872;58.5;46.9
95;2021-07-27;8509;7039;739415;592911;59.2;47.5
95;2021-07-28;9723;7562;749138;600473;60.0;48.1
95;2021-07-29;8437;5470;757575;605943;60.7;48.5
95;2021-07-30;8517;7772;766092;613715;61.4;49.2
95;2021-07-31;4241;4117;770333;617832;61.7;49.5
95;2021-08-01;2329;1376;772662;619208;61.9;49.6
95;2021-08-02;4148;3915;776810;623123;62.2;49.9
95;2021-08-03;6154;5535;782964;628658;62.7;50.4
95;2021-08-04;6509;6079;789473;634737;63.2;50.8
95;2021-08-05;6868;5729;796341;640466;63.8;51.3
95;2021-08-06;6510;7075;802851;647541;64.3;51.9
95;2021-08-07;2844;3197;805695;650738;64.5;52.1
95;2021-08-08;1377;1889;807072;652627;64.7;52.3
95;2021-08-09;3926;5035;810998;657662;65.0;52.7
95;2021-08-10;5236;5846;816234;663508;65.4;53.2
95;2021-08-11;5364;6559;821598;670067;65.8;53.7
95;2021-08-12;5225;6363;826823;676430;66.2;54.2
95;2021-08-13;3891;5470;830714;681900;66.5;54.6
95;2021-08-14;3564;3322;834278;685222;66.8;54.9
95;2021-08-15;271;352;834549;685574;66.9;54.9
95;2021-08-16;2845;6048;837394;691622;67.1;55.4
95;2021-08-17;3577;7259;840971;698881;67.4;56.0
95;2021-08-18;4243;8072;845214;706953;67.7;56.6
95;2021-08-19;3757;6587;848971;713540;68.0;57.2
95;2021-08-20;3773;7927;852744;721467;68.3;57.8
95;2021-08-21;2707;4302;855451;725769;68.5;58.1
95;2021-08-22;848;2395;856299;728164;68.6;58.3
95;2021-08-23;2453;5645;858752;733809;68.8;58.8
95;2021-08-24;2911;6451;861663;740260;69.0;59.3
95;2021-08-25;3740;8279;865403;748539;69.3;60.0
95;2021-08-26;3124;7533;868527;756072;69.6;60.6
95;2021-08-27;3429;8719;871956;764791;69.8;61.3
95;2021-08-28;2790;5489;874746;770280;70.1;61.7
95;2021-08-29;624;1707;875370;771987;70.1;61.8
95;2021-08-30;2737;6187;878107;778174;70.3;62.3
95;2021-08-31;2769;6498;880876;784672;70.6;62.9
95;2021-09-01;2669;6475;883545;791147;70.8;63.4
95;2021-09-02;1663;4625;885208;795772;70.9;63.7
95;2021-09-03;2185;5835;887393;801607;71.1;64.2
95;2021-09-04;2512;5849;889905;807456;71.3;64.7
95;2021-09-05;403;637;890308;808093;71.3;64.7
95;2021-09-06;1188;3536;891496;811629;71.4;65.0
95;2021-09-07;1376;3442;892872;815071;71.5;65.3
95;2021-09-08;1632;4240;894504;819311;71.7;65.6
95;2021-09-09;1269;3690;895773;823001;71.8;65.9
95;2021-09-10;1540;3995;897313;826996;71.9;66.2
95;2021-09-11;1496;3805;898809;830801;72.0;66.6
95;2021-09-12;311;790;899120;831591;72.0;66.6
971;2020-12-27;0;0;0;0;0.0;0.0
971;2020-12-28;0;0;0;0;0.0;0.0
971;2020-12-29;0;0;0;0;0.0;0.0
971;2020-12-30;0;0;0;0;0.0;0.0
971;2020-12-31;0;0;0;0;0.0;0.0
971;2021-01-01;1;0;1;0;0.0;0.0
971;2021-01-02;0;0;1;0;0.0;0.0
971;2021-01-03;0;0;1;0;0.0;0.0
971;2021-01-04;1;0;2;0;0.0;0.0
971;2021-01-05;0;0;2;0;0.0;0.0
971;2021-01-06;1;0;3;0;0.0;0.0
971;2021-01-07;0;0;3;0;0.0;0.0
971;2021-01-08;57;1;60;1;0.0;0.0
971;2021-01-09;20;0;80;1;0.0;0.0
971;2021-01-10;0;0;80;1;0.0;0.0
971;2021-01-11;60;0;140;1;0.0;0.0
971;2021-01-12;45;0;185;1;0.0;0.0
971;2021-01-13;47;1;232;2;0.1;0.0
971;2021-01-14;63;0;295;2;0.1;0.0
971;2021-01-15;77;0;372;2;0.1;0.0
971;2021-01-16;0;0;372;2;0.1;0.0
971;2021-01-17;0;0;372;2;0.1;0.0
971;2021-01-18;81;1;453;3;0.1;0.0
971;2021-01-19;145;0;598;3;0.2;0.0
971;2021-01-20;135;0;733;3;0.2;0.0
971;2021-01-21;154;1;887;4;0.2;0.0
971;2021-01-22;135;0;1022;4;0.3;0.0
971;2021-01-23;1;0;1023;4;0.3;0.0
971;2021-01-24;0;0;1023;4;0.3;0.0
971;2021-01-25;203;1;1226;5;0.3;0.0
971;2021-01-26;217;1;1443;6;0.4;0.0
971;2021-01-27;236;0;1679;6;0.4;0.0
971;2021-01-28;242;2;1921;8;0.5;0.0
971;2021-01-29;197;2;2118;10;0.6;0.0
971;2021-01-30;25;0;2143;10;0.6;0.0
971;2021-01-31;1;0;2144;10;0.6;0.0
971;2021-02-01;229;3;2373;13;0.6;0.0
971;2021-02-02;246;13;2619;26;0.7;0.0
971;2021-02-03;227;3;2846;29;0.8;0.0
971;2021-02-04;304;21;3150;50;0.8;0.0
971;2021-02-05;280;25;3430;75;0.9;0.0
971;2021-02-06;49;1;3479;76;0.9;0.0
971;2021-02-07;0;0;3479;76;0.9;0.0
971;2021-02-08;257;18;3736;94;1.0;0.0
971;2021-02-09;316;25;4052;119;1.1;0.0
971;2021-02-10;251;21;4303;140;1.1;0.0
971;2021-02-11;298;99;4601;239;1.2;0.1
971;2021-02-12;291;25;4892;264;1.3;0.1
971;2021-02-13;50;4;4942;268;1.3;0.1
971;2021-02-14;19;36;4961;304;1.3;0.1
971;2021-02-15;85;46;5046;350;1.3;0.1
971;2021-02-16;16;1;5062;351;1.3;0.1
971;2021-02-17;17;1;5079;352;1.3;0.1
971;2021-02-18;251;11;5330;363;1.4;0.1
971;2021-02-19;249;15;5579;378;1.5;0.1
971;2021-02-20;49;0;5628;378;1.5;0.1
971;2021-02-21;1;0;5629;378;1.5;0.1
971;2021-02-22;192;50;5821;428;1.5;0.1
971;2021-02-23;204;59;6025;487;1.6;0.1
971;2021-02-24;344;113;6369;600;1.7;0.2
971;2021-02-25;386;69;6755;669;1.8;0.2
971;2021-02-26;232;72;6987;741;1.9;0.2
971;2021-02-27;65;0;7052;741;1.9;0.2
971;2021-02-28;1;0;7053;741;1.9;0.2
971;2021-03-01;180;78;7233;819;1.9;0.2
971;2021-03-02;279;118;7512;937;2.0;0.2
971;2021-03-03;245;101;7757;1038;2.1;0.3
971;2021-03-04;335;77;8092;1115;2.1;0.3
971;2021-03-05;375;138;8467;1253;2.2;0.3
971;2021-03-06;599;10;9066;1263;2.4;0.3
971;2021-03-07;1;0;9067;1263;2.4;0.3
971;2021-03-08;324;133;9391;1396;2.5;0.4
971;2021-03-09;388;142;9779;1538;2.6;0.4
971;2021-03-10;425;157;10204;1695;2.7;0.4
971;2021-03-11;122;43;10326;1738;2.7;0.5
971;2021-03-12;504;221;10830;1959;2.9;0.5
971;2021-03-13;137;3;10967;1962;2.9;0.5
971;2021-03-14;14;21;10981;1983;2.9;0.5
971;2021-03-15;424;44;11405;2027;3.0;0.5
971;2021-03-16;485;82;11890;2109;3.2;0.6
971;2021-03-17;471;71;12361;2180;3.3;0.6
971;2021-03-18;585;82;12946;2262;3.4;0.6
971;2021-03-19;584;90;13530;2352;3.6;0.6
971;2021-03-20;177;15;13707;2367;3.6;0.6
971;2021-03-21;8;0;13715;2367;3.6;0.6
971;2021-03-22;359;89;14074;2456;3.7;0.7
971;2021-03-23;539;156;14613;2612;3.9;0.7
971;2021-03-24;473;99;15086;2711;4.0;0.7
971;2021-03-25;760;181;15846;2892;4.2;0.8
971;2021-03-26;644;120;16490;3012;4.4;0.8
971;2021-03-27;295;33;16785;3045;4.5;0.8
971;2021-03-28;24;2;16809;3047;4.5;0.8
971;2021-03-29;383;84;17192;3131;4.6;0.8
971;2021-03-30;625;164;17817;3295;4.7;0.9
971;2021-03-31;545;132;18362;3427;4.9;0.9
971;2021-04-01;662;196;19024;3623;5.0;1.0
971;2021-04-02;39;34;19063;3657;5.1;1.0
971;2021-04-03;62;2;19125;3659;5.1;1.0
971;2021-04-04;4;17;19129;3676;5.1;1.0
971;2021-04-05;13;0;19142;3676;5.1;1.0
971;2021-04-06;485;193;19627;3869;5.2;1.0
971;2021-04-07;580;118;20207;3987;5.4;1.1
971;2021-04-08;521;156;20728;4143;5.5;1.1
971;2021-04-09;491;210;21219;4353;5.6;1.2
971;2021-04-10;101;5;21320;4358;5.7;1.2
971;2021-04-11;8;9;21328;4367;5.7;1.2
971;2021-04-12;304;261;21632;4628;5.7;1.2
971;2021-04-13;555;325;22187;4953;5.9;1.3
971;2021-04-14;445;228;22632;5181;6.0;1.4
971;2021-04-15;553;311;23185;5492;6.2;1.5
971;2021-04-16;564;274;23749;5766;6.3;1.5
971;2021-04-17;216;4;23965;5770;6.4;1.5
971;2021-04-18;6;13;23971;5783;6.4;1.5
971;2021-04-19;405;242;24376;6025;6.5;1.6
971;2021-04-20;724;345;25100;6370;6.7;1.7
971;2021-04-21;625;316;25725;6686;6.8;1.8
971;2021-04-22;819;324;26544;7010;7.0;1.9
971;2021-04-23;846;248;27390;7258;7.3;1.9
971;2021-04-24;390;68;27780;7326;7.4;1.9
971;2021-04-25;602;63;28382;7389;7.5;2.0
971;2021-04-26;974;219;29356;7608;7.8;2.0
971;2021-04-27;710;235;30066;7843;8.0;2.1
971;2021-04-28;865;268;30931;8111;8.2;2.2
971;2021-04-29;1203;203;32134;8314;8.5;2.2
971;2021-04-30;1270;187;33404;8501;8.9;2.3
971;2021-05-01;606;39;34010;8540;9.0;2.3
971;2021-05-02;355;18;34365;8558;9.1;2.3
971;2021-05-03;922;189;35287;8747;9.4;2.3
971;2021-05-04;961;207;36248;8954;9.6;2.4
971;2021-05-05;1027;251;37275;9205;9.9;2.4
971;2021-05-06;1147;175;38422;9380;10.2;2.5
971;2021-05-07;1264;271;39686;9651;10.5;2.6
971;2021-05-08;323;38;40009;9689;10.6;2.6
971;2021-05-09;183;11;40192;9700;10.7;2.6
971;2021-05-10;840;217;41032;9917;10.9;2.6
971;2021-05-11;964;314;41996;10231;11.1;2.7
971;2021-05-12;907;325;42903;10556;11.4;2.8
971;2021-05-13;212;78;43115;10634;11.4;2.8
971;2021-05-14;862;274;43977;10908;11.7;2.9
971;2021-05-15;487;15;44464;10923;11.8;2.9
971;2021-05-16;182;36;44646;10959;11.8;2.9
971;2021-05-17;721;275;45367;11234;12.0;3.0
971;2021-05-18;742;389;46109;11623;12.2;3.1
971;2021-05-19;703;530;46812;12153;12.4;3.2
971;2021-05-20;810;377;47622;12530;12.6;3.3
971;2021-05-21;825;405;48447;12935;12.9;3.4
971;2021-05-22;506;214;48953;13149;13.0;3.5
971;2021-05-23;201;114;49154;13263;13.0;3.5
971;2021-05-24;201;173;49355;13436;13.1;3.6
971;2021-05-25;549;661;49904;14097;13.2;3.7
971;2021-05-26;595;492;50499;14589;13.4;3.9
971;2021-05-27;133;181;50632;14770;13.4;3.9
971;2021-05-28;518;526;51150;15296;13.6;4.1
971;2021-05-29;238;140;51388;15436;13.6;4.1
971;2021-05-30;75;112;51463;15548;13.7;4.1
971;2021-05-31;449;534;51912;16082;13.8;4.3
971;2021-06-01;592;710;52504;16792;13.9;4.5
971;2021-06-02;577;706;53081;17498;14.1;4.6
971;2021-06-03;508;558;53589;18056;14.2;4.8
971;2021-06-04;835;800;54424;18856;14.4;5.0
971;2021-06-05;317;644;54741;19500;14.5;5.2
971;2021-06-06;139;529;54880;20029;14.6;5.3
971;2021-06-07;422;781;55302;20810;14.7;5.5
971;2021-06-08;495;884;55797;21694;14.8;5.8
971;2021-06-09;503;857;56300;22551;14.9;6.0
971;2021-06-10;539;849;56839;23400;15.1;6.2
971;2021-06-11;469;1235;57308;24635;15.2;6.5
971;2021-06-12;302;658;57610;25293;15.3;6.7
971;2021-06-13;127;313;57737;25606;15.3;6.8
971;2021-06-14;372;3711;58109;29317;15.4;7.8
971;2021-06-15;483;1987;58592;31304;15.5;8.3
971;2021-06-16;478;1440;59070;32744;15.7;8.7
971;2021-06-17;433;1009;59503;33753;15.8;9.0
971;2021-06-18;483;1019;59986;34772;15.9;9.2
971;2021-06-19;316;508;60302;35280;16.0;9.4
971;2021-06-20;111;231;60413;35511;16.0;9.4
971;2021-06-21;337;675;60750;36186;16.1;9.6
971;2021-06-22;333;871;61083;37057;16.2;9.8
971;2021-06-23;370;890;61453;37947;16.3;10.1
971;2021-06-24;417;731;61870;38678;16.4;10.3
971;2021-06-25;455;757;62325;39435;16.5;10.5
971;2021-06-26;301;512;62626;39947;16.6;10.6
971;2021-06-27;116;148;62742;40095;16.6;10.6
971;2021-06-28;303;685;63045;40780;16.7;10.8
971;2021-06-29;390;782;63435;41562;16.8;11.0
971;2021-06-30;441;924;63876;42486;16.9;11.3
971;2021-07-01;364;648;64240;43134;17.0;11.4
971;2021-07-02;429;693;64669;43827;17.2;11.6
971;2021-07-03;275;464;64944;44291;17.2;11.8
971;2021-07-04;112;239;65056;44530;17.3;11.8
971;2021-07-05;329;507;65385;45037;17.3;11.9
971;2021-07-06;385;769;65770;45806;17.5;12.2
971;2021-07-07;377;842;66147;46648;17.6;12.4
971;2021-07-08;414;791;66561;47439;17.7;12.6
971;2021-07-09;434;797;66995;48236;17.8;12.8
971;2021-07-10;245;294;67240;48530;17.8;12.9
971;2021-07-11;170;137;67410;48667;17.9;12.9
971;2021-07-12;477;604;67887;49271;18.0;13.1
971;2021-07-13;873;1005;68760;50276;18.2;13.3
971;2021-07-14;476;283;69236;50559;18.4;13.4
971;2021-07-15;880;840;70116;51399;18.6;13.6
971;2021-07-16;1094;1041;71210;52440;18.9;13.9
971;2021-07-17;648;444;71858;52884;19.1;14.0
971;2021-07-18;401;218;72259;53102;19.2;14.1
971;2021-07-19;578;581;72837;53683;19.3;14.2
971;2021-07-20;836;734;73673;54417;19.5;14.4
971;2021-07-21;767;496;74440;54913;19.8;14.6
971;2021-07-22;988;873;75428;55786;20.0;14.8
971;2021-07-23;1028;753;76456;56539;20.3;15.0
971;2021-07-24;426;384;76882;56923;20.4;15.1
971;2021-07-25;248;261;77130;57184;20.5;15.2
971;2021-07-26;636;560;77766;57744;20.6;15.3
971;2021-07-27;877;583;78643;58327;20.9;15.5
971;2021-07-28;796;654;79439;58981;21.1;15.6
971;2021-07-29;960;664;80399;59645;21.3;15.8
971;2021-07-30;1310;752;81709;60397;21.7;16.0
971;2021-07-31;558;411;82267;60808;21.8;16.1
971;2021-08-01;316;249;82583;61057;21.9;16.2
971;2021-08-02;760;416;83343;61473;22.1;16.3
971;2021-08-03;758;677;84101;62150;22.3;16.5
971;2021-08-04;684;674;84785;62824;22.5;16.7
971;2021-08-05;691;592;85476;63416;22.7;16.8
971;2021-08-06;930;638;86406;64054;22.9;17.0
971;2021-08-07;453;391;86859;64445;23.0;17.1
971;2021-08-08;277;313;87136;64758;23.1;17.2
971;2021-08-09;590;585;87726;65343;23.3;17.3
971;2021-08-10;757;796;88483;66139;23.5;17.5
971;2021-08-11;926;791;89409;66930;23.7;17.8
971;2021-08-12;983;792;90392;67722;24.0;18.0
971;2021-08-13;959;441;91351;68163;24.2;18.1
971;2021-08-14;634;701;91985;68864;24.4;18.3
971;2021-08-15;437;413;92422;69277;24.5;18.4
971;2021-08-16;766;742;93188;70019;24.7;18.6
971;2021-08-17;882;870;94070;70889;25.0;18.8
971;2021-08-18;1262;969;95332;71858;25.3;19.1
971;2021-08-19;1282;926;96614;72784;25.6;19.3
971;2021-08-20;1493;1044;98107;73828;26.0;19.6
971;2021-08-21;708;514;98815;74342;26.2;19.7
971;2021-08-22;361;271;99176;74613;26.3;19.8
971;2021-08-23;856;626;100032;75239;26.5;20.0
971;2021-08-24;1215;792;101247;76031;26.9;20.2
971;2021-08-25;1362;799;102609;76830;27.2;20.4
971;2021-08-26;1363;770;103972;77600;27.6;20.6
971;2021-08-27;1430;1100;105402;78700;28.0;20.9
971;2021-08-28;923;578;106325;79278;28.2;21.0
971;2021-08-29;218;238;106543;79516;28.3;21.1
971;2021-08-30;920;748;107463;80264;28.5;21.3
971;2021-08-31;1206;897;108669;81161;28.8;21.5
971;2021-09-01;1104;912;109773;82073;29.1;21.8
971;2021-09-02;1018;882;110791;82955;29.4;22.0
971;2021-09-03;935;1131;111726;84086;29.6;22.3
971;2021-09-04;523;620;112249;84706;29.8;22.5
971;2021-09-05;125;240;112374;84946;29.8;22.5
971;2021-09-06;603;704;112977;85650;30.0;22.7
971;2021-09-07;612;745;113589;86395;30.1;22.9
971;2021-09-08;685;1050;114274;87445;30.3;23.2
971;2021-09-09;612;1129;114886;88574;30.5;23.5
971;2021-09-10;695;1339;115581;89913;30.7;23.9
971;2021-09-11;388;693;115969;90606;30.8;24.0
971;2021-09-12;80;358;116049;90964;30.8;24.1
972;2020-12-27;0;0;0;0;0.0;0.0
972;2020-12-28;0;0;0;0;0.0;0.0
972;2020-12-29;0;0;0;0;0.0;0.0
972;2020-12-30;0;0;0;0;0.0;0.0
972;2020-12-31;0;0;0;0;0.0;0.0
972;2021-01-01;0;0;0;0;0.0;0.0
972;2021-01-02;0;0;0;0;0.0;0.0
972;2021-01-03;0;0;0;0;0.0;0.0
972;2021-01-04;0;0;0;0;0.0;0.0
972;2021-01-05;0;0;0;0;0.0;0.0
972;2021-01-06;5;0;5;0;0.0;0.0
972;2021-01-07;31;0;36;0;0.0;0.0
972;2021-01-08;90;1;126;1;0.0;0.0
972;2021-01-09;20;0;146;1;0.0;0.0
972;2021-01-10;0;0;146;1;0.0;0.0
972;2021-01-11;122;0;268;1;0.1;0.0
972;2021-01-12;79;0;347;1;0.1;0.0
972;2021-01-13;65;0;412;1;0.1;0.0
972;2021-01-14;88;1;500;2;0.1;0.0
972;2021-01-15;171;0;671;2;0.2;0.0
972;2021-01-16;51;0;722;2;0.2;0.0
972;2021-01-17;0;0;722;2;0.2;0.0
972;2021-01-18;158;0;880;2;0.2;0.0
972;2021-01-19;168;1;1048;3;0.3;0.0
972;2021-01-20;170;0;1218;3;0.3;0.0
972;2021-01-21;181;2;1399;5;0.4;0.0
972;2021-01-22;173;0;1572;5;0.4;0.0
972;2021-01-23;58;0;1630;5;0.5;0.0
972;2021-01-24;0;0;1630;5;0.5;0.0
972;2021-01-25;161;0;1791;5;0.5;0.0
972;2021-01-26;138;1;1929;6;0.5;0.0
972;2021-01-27;163;5;2092;11;0.6;0.0
972;2021-01-28;152;12;2244;23;0.6;0.0
972;2021-01-29;143;41;2387;64;0.7;0.0
972;2021-01-30;96;16;2483;80;0.7;0.0
972;2021-01-31;0;0;2483;80;0.7;0.0
972;2021-02-01;119;57;2602;137;0.7;0.0
972;2021-02-02;184;85;2786;222;0.8;0.1
972;2021-02-03;132;66;2918;288;0.8;0.1
972;2021-02-04;160;63;3078;351;0.9;0.1
972;2021-02-05;123;75;3201;426;0.9;0.1
972;2021-02-06;62;18;3263;444;0.9;0.1
972;2021-02-07;1;0;3264;444;0.9;0.1
972;2021-02-08;137;56;3401;500;0.9;0.1
972;2021-02-09;177;61;3578;561;1.0;0.2
972;2021-02-10;153;73;3731;634;1.0;0.2
972;2021-02-11;150;82;3881;716;1.1;0.2
972;2021-02-12;152;105;4033;821;1.1;0.2
972;2021-02-13;47;29;4080;850;1.1;0.2
972;2021-02-14;0;0;4080;850;1.1;0.2
972;2021-02-15;51;64;4131;914;1.2;0.3
972;2021-02-16;0;0;4131;914;1.2;0.3
972;2021-02-17;1;3;4132;917;1.2;0.3
972;2021-02-18;69;102;4201;1019;1.2;0.3
972;2021-02-19;69;113;4270;1132;1.2;0.3
972;2021-02-20;48;51;4318;1183;1.2;0.3
972;2021-02-21;0;0;4318;1183;1.2;0.3
972;2021-02-22;102;53;4420;1236;1.2;0.3
972;2021-02-23;113;217;4533;1453;1.3;0.4
972;2021-02-24;106;205;4639;1658;1.3;0.5
972;2021-02-25;93;142;4732;1800;1.3;0.5
972;2021-02-26;132;155;4864;1955;1.4;0.5
972;2021-02-27;69;48;4933;2003;1.4;0.6
972;2021-02-28;0;0;4933;2003;1.4;0.6
972;2021-03-01;137;129;5070;2132;1.4;0.6
972;2021-03-02;158;66;5228;2198;1.5;0.6
972;2021-03-03;179;134;5407;2332;1.5;0.7
972;2021-03-04;152;129;5559;2461;1.5;0.7
972;2021-03-05;237;113;5796;2574;1.6;0.7
972;2021-03-06;119;54;5915;2628;1.6;0.7
972;2021-03-07;100;3;6015;2631;1.7;0.7
972;2021-03-08;196;126;6211;2757;1.7;0.8
972;2021-03-09;283;95;6494;2852;1.8;0.8
972;2021-03-10;322;127;6816;2979;1.9;0.8
972;2021-03-11;336;73;7152;3052;2.0;0.9
972;2021-03-12;413;53;7565;3105;2.1;0.9
972;2021-03-13;155;21;7720;3126;2.2;0.9
972;2021-03-14;4;1;7724;3127;2.2;0.9
972;2021-03-15;277;89;8001;3216;2.2;0.9
972;2021-03-16;305;54;8306;3270;2.3;0.9
972;2021-03-17;388;44;8694;3314;2.4;0.9
972;2021-03-18;435;44;9129;3358;2.5;0.9
972;2021-03-19;401;59;9530;3417;2.7;1.0
972;2021-03-20;149;47;9679;3464;2.7;1.0
972;2021-03-21;25;1;9704;3465;2.7;1.0
972;2021-03-22;362;115;10066;3580;2.8;1.0
972;2021-03-23;403;122;10469;3702;2.9;1.0
972;2021-03-24;429;106;10898;3808;3.0;1.1
972;2021-03-25;491;97;11389;3905;3.2;1.1
972;2021-03-26;634;103;12023;4008;3.4;1.1
972;2021-03-27;154;69;12177;4077;3.4;1.1
972;2021-03-28;81;0;12258;4077;3.4;1.1
972;2021-03-29;423;164;12681;4241;3.5;1.2
972;2021-03-30;469;240;13150;4481;3.7;1.2
972;2021-03-31;1150;188;14300;4669;4.0;1.3
972;2021-04-01;955;169;15255;4838;4.3;1.3
972;2021-04-02;896;14;16151;4852;4.5;1.4
972;2021-04-03;789;56;16940;4908;4.7;1.4
972;2021-04-04;751;13;17691;4921;4.9;1.4
972;2021-04-05;829;44;18520;4965;5.2;1.4
972;2021-04-06;885;136;19405;5101;5.4;1.4
972;2021-04-07;1436;325;20841;5426;5.8;1.5
972;2021-04-08;1308;272;22149;5698;6.2;1.6
972;2021-04-09;1240;316;23389;6014;6.5;1.7
972;2021-04-10;838;164;24227;6178;6.8;1.7
972;2021-04-11;621;14;24848;6192;6.9;1.7
972;2021-04-12;868;317;25716;6509;7.2;1.8
972;2021-04-13;881;327;26597;6836;7.4;1.9
972;2021-04-14;960;321;27557;7157;7.7;2.0
972;2021-04-15;959;299;28516;7456;7.9;2.1
972;2021-04-16;996;298;29512;7754;8.2;2.2
972;2021-04-17;529;161;30041;7915;8.4;2.2
972;2021-04-18;339;56;30380;7971;8.5;2.2
972;2021-04-19;668;342;31048;8313;8.7;2.3
972;2021-04-20;868;308;31916;8621;8.9;2.4
972;2021-04-21;1002;353;32918;8974;9.2;2.5
972;2021-04-22;605;309;33523;9283;9.3;2.6
972;2021-04-23;614;464;34137;9747;9.5;2.7
972;2021-04-24;363;197;34500;9944;9.6;2.8
972;2021-04-25;168;199;34668;10143;9.7;2.8
972;2021-04-26;516;540;35184;10683;9.8;3.0
972;2021-04-27;568;607;35752;11290;10.0;3.1
972;2021-04-28;448;690;36200;11980;10.1;3.3
972;2021-04-29;654;641;36854;12621;10.3;3.5
972;2021-04-30;771;684;37625;13305;10.5;3.7
972;2021-05-01;244;246;37869;13551;10.6;3.8
972;2021-05-02;227;512;38096;14063;10.6;3.9
972;2021-05-03;569;770;38665;14833;10.8;4.1
972;2021-05-04;525;678;39190;15511;10.9;4.3
972;2021-05-05;548;896;39738;16407;11.1;4.6
972;2021-05-06;546;785;40284;17192;11.2;4.8
972;2021-05-07;629;1014;40913;18206;11.4;5.1
972;2021-05-08;226;525;41139;18731;11.5;5.2
972;2021-05-09;172;506;41311;19237;11.5;5.4
972;2021-05-10;519;856;41830;20093;11.7;5.6
972;2021-05-11;476;870;42306;20963;11.8;5.8
972;2021-05-12;560;909;42866;21872;11.9;6.1
972;2021-05-13;274;533;43140;22405;12.0;6.2
972;2021-05-14;388;750;43528;23155;12.1;6.5
972;2021-05-15;234;578;43762;23733;12.2;6.6
972;2021-05-16;155;442;43917;24175;12.2;6.7
972;2021-05-17;474;753;44391;24928;12.4;6.9
972;2021-05-18;446;679;44837;25607;12.5;7.1
972;2021-05-19;453;744;45290;26351;12.6;7.3
972;2021-05-20;595;500;45885;26851;12.8;7.5
972;2021-05-21;545;699;46430;27550;12.9;7.7
972;2021-05-22;186;362;46616;27912;13.0;7.8
972;2021-05-23;111;182;46727;28094;13.0;7.8
972;2021-05-24;136;241;46863;28335;13.1;7.9
972;2021-05-25;351;697;47214;29032;13.2;8.1
972;2021-05-26;382;712;47596;29744;13.3;8.3
972;2021-05-27;271;647;47867;30391;13.3;8.5
972;2021-05-28;280;815;48147;31206;13.4;8.7
972;2021-05-29;154;513;48301;31719;13.5;8.8
972;2021-05-30;17;33;48318;31752;13.5;8.9
972;2021-05-31;347;678;48665;32430;13.6;9.0
972;2021-06-01;299;545;48964;32975;13.6;9.2
972;2021-06-02;325;575;49289;33550;13.7;9.4
972;2021-06-03;247;425;49536;33975;13.8;9.5
972;2021-06-04;351;643;49887;34618;13.9;9.6
972;2021-06-05;260;371;50147;34989;14.0;9.8
972;2021-06-06;25;32;50172;35021;14.0;9.8
972;2021-06-07;260;736;50432;35757;14.1;10.0
972;2021-06-08;256;587;50688;36344;14.1;10.1
972;2021-06-09;303;698;50991;37042;14.2;10.3
972;2021-06-10;308;451;51299;37493;14.3;10.5
972;2021-06-11;361;533;51660;38026;14.4;10.6
972;2021-06-12;246;321;51906;38347;14.5;10.7
972;2021-06-13;32;29;51938;38376;14.5;10.7
972;2021-06-14;367;548;52305;38924;14.6;10.8
972;2021-06-15;410;487;52715;39411;14.7;11.0
972;2021-06-16;436;436;53151;39847;14.8;11.1
972;2021-06-17;355;575;53506;40422;14.9;11.3
972;2021-06-18;458;538;53964;40960;15.0;11.4
972;2021-06-19;225;196;54189;41156;15.1;11.5
972;2021-06-20;25;17;54214;41173;15.1;11.5
972;2021-06-21;332;579;54546;41752;15.2;11.6
972;2021-06-22;297;462;54843;42214;15.3;11.8
972;2021-06-23;425;562;55268;42776;15.4;11.9
972;2021-06-24;328;437;55596;43213;15.5;12.0
972;2021-06-25;313;387;55909;43600;15.6;12.2
972;2021-06-26;222;201;56131;43801;15.6;12.2
972;2021-06-27;16;23;56147;43824;15.7;12.2
972;2021-06-28;337;421;56484;44245;15.7;12.3
972;2021-06-29;329;431;56813;44676;15.8;12.5
972;2021-06-30;441;421;57254;45097;16.0;12.6
972;2021-07-01;350;393;57604;45490;16.1;12.7
972;2021-07-02;124;200;57728;45690;16.1;12.7
972;2021-07-03;100;118;57828;45808;16.1;12.8
972;2021-07-04;24;36;57852;45844;16.1;12.8
972;2021-07-05;494;580;58346;46424;16.3;12.9
972;2021-07-06;488;428;58834;46852;16.4;13.1
972;2021-07-07;612;492;59446;47344;16.6;13.2
972;2021-07-08;494;422;59940;47766;16.7;13.3
972;2021-07-09;628;582;60568;48348;16.9;13.5
972;2021-07-10;405;309;60973;48657;17.0;13.6
972;2021-07-11;52;38;61025;48695;17.0;13.6
972;2021-07-12;847;696;61872;49391;17.2;13.8
972;2021-07-13;1473;705;63345;50096;17.7;14.0
972;2021-07-14;133;65;63478;50161;17.7;14.0
972;2021-07-15;1604;678;65082;50839;18.1;14.2
972;2021-07-16;1639;662;66721;51501;18.6;14.4
972;2021-07-17;1096;365;67817;51866;18.9;14.5
972;2021-07-18;56;39;67873;51905;18.9;14.5
972;2021-07-19;1146;652;69019;52557;19.2;14.7
972;2021-07-20;1131;577;70150;53134;19.6;14.8
972;2021-07-21;1093;599;71243;53733;19.9;15.0
972;2021-07-22;905;522;72148;54255;20.1;15.1
972;2021-07-23;967;484;73115;54739;20.4;15.3
972;2021-07-24;505;223;73620;54962;20.5;15.3
972;2021-07-25;51;63;73671;55025;20.5;15.3
972;2021-07-26;685;522;74356;55547;20.7;15.5
972;2021-07-27;1028;515;75384;56062;21.0;15.6
972;2021-07-28;645;560;76029;56622;21.2;15.8
972;2021-07-29;840;548;76869;57170;21.4;15.9
972;2021-07-30;902;615;77771;57785;21.7;16.1
972;2021-07-31;559;275;78330;58060;21.8;16.2
972;2021-08-01;83;33;78413;58093;21.9;16.2
972;2021-08-02;812;814;79225;58907;22.1;16.4
972;2021-08-03;731;742;79956;59649;22.3;16.6
972;2021-08-04;785;569;80741;60218;22.5;16.8
972;2021-08-05;915;589;81656;60807;22.8;16.9
972;2021-08-06;1196;893;82852;61700;23.1;17.2
972;2021-08-07;669;570;83521;62270;23.3;17.4
972;2021-08-08;85;83;83606;62353;23.3;17.4
972;2021-08-09;1128;1063;84734;63416;23.6;17.7
972;2021-08-10;1197;1039;85931;64455;24.0;18.0
972;2021-08-11;1232;918;87163;65373;24.3;18.2
972;2021-08-12;1451;931;88614;66304;24.7;18.5
972;2021-08-13;1311;642;89925;66946;25.1;18.7
972;2021-08-14;834;322;90759;67268;25.3;18.8
972;2021-08-15;70;55;90829;67323;25.3;18.8
972;2021-08-16;1277;1046;92106;68369;25.7;19.1
972;2021-08-17;1176;1187;93282;69556;26.0;19.4
972;2021-08-18;1237;1175;94519;70731;26.3;19.7
972;2021-08-19;1282;890;95801;71621;26.7;20.0
972;2021-08-20;1329;893;97130;72514;27.1;20.2
972;2021-08-21;756;624;97886;73138;27.3;20.4
972;2021-08-22;47;82;97933;73220;27.3;20.4
972;2021-08-23;1174;856;99107;74076;27.6;20.6
972;2021-08-24;1364;878;100471;74954;28.0;20.9
972;2021-08-25;1067;767;101538;75721;28.3;21.1
972;2021-08-26;1276;800;102814;76521;28.7;21.3
972;2021-08-27;1276;1077;104090;77598;29.0;21.6
972;2021-08-28;769;749;104859;78347;29.2;21.8
972;2021-08-29;100;63;104959;78410;29.3;21.9
972;2021-08-30;1136;1122;106095;79532;29.6;22.2
972;2021-08-31;899;1103;106994;80635;29.8;22.5
972;2021-09-01;794;1126;107788;81761;30.0;22.8
972;2021-09-02;871;1209;108659;82970;30.3;23.1
972;2021-09-03;753;1305;109412;84275;30.5;23.5
972;2021-09-04;612;907;110024;85182;30.7;23.7
972;2021-09-05;144;133;110168;85315;30.7;23.8
972;2021-09-06;591;1059;110759;86374;30.9;24.1
972;2021-09-07;631;970;111390;87344;31.0;24.3
972;2021-09-08;579;1146;111969;88490;31.2;24.7
972;2021-09-09;511;1114;112480;89604;31.4;25.0
972;2021-09-10;549;1319;113029;90923;31.5;25.3
972;2021-09-11;471;915;113500;91838;31.6;25.6
972;2021-09-12;98;111;113598;91949;31.7;25.6
973;2020-12-27;0;0;0;0;0.0;0.0
973;2020-12-28;0;0;0;0;0.0;0.0
973;2020-12-29;0;0;0;0;0.0;0.0
973;2020-12-30;0;0;0;0;0.0;0.0
973;2020-12-31;0;0;0;0;0.0;0.0
973;2021-01-01;0;0;0;0;0.0;0.0
973;2021-01-02;1;1;1;1;0.0;0.0
973;2021-01-03;0;0;1;1;0.0;0.0
973;2021-01-04;0;0;1;1;0.0;0.0
973;2021-01-05;0;0;1;1;0.0;0.0
973;2021-01-06;0;0;1;1;0.0;0.0
973;2021-01-07;0;0;1;1;0.0;0.0
973;2021-01-08;0;0;1;1;0.0;0.0
973;2021-01-09;0;0;1;1;0.0;0.0
973;2021-01-10;0;0;1;1;0.0;0.0
973;2021-01-11;0;0;1;1;0.0;0.0
973;2021-01-12;0;0;1;1;0.0;0.0
973;2021-01-13;30;0;31;1;0.0;0.0
973;2021-01-14;46;0;77;1;0.0;0.0
973;2021-01-15;35;0;112;1;0.0;0.0
973;2021-01-16;18;1;130;2;0.0;0.0
973;2021-01-17;0;0;130;2;0.0;0.0
973;2021-01-18;63;0;193;2;0.1;0.0
973;2021-01-19;150;1;343;3;0.1;0.0
973;2021-01-20;134;0;477;3;0.2;0.0
973;2021-01-21;118;0;595;3;0.2;0.0
973;2021-01-22;76;0;671;3;0.2;0.0
973;2021-01-23;0;0;671;3;0.2;0.0
973;2021-01-24;0;0;671;3;0.2;0.0
973;2021-01-25;56;0;727;3;0.3;0.0
973;2021-01-26;100;2;827;5;0.3;0.0
973;2021-01-27;109;1;936;6;0.3;0.0
973;2021-01-28;96;3;1032;9;0.4;0.0
973;2021-01-29;104;3;1136;12;0.4;0.0
973;2021-01-30;0;0;1136;12;0.4;0.0
973;2021-01-31;0;0;1136;12;0.4;0.0
973;2021-02-01;54;0;1190;12;0.4;0.0
973;2021-02-02;122;5;1312;17;0.5;0.0
973;2021-02-03;119;7;1431;24;0.5;0.0
973;2021-02-04;79;25;1510;49;0.5;0.0
973;2021-02-05;66;8;1576;57;0.5;0.0
973;2021-02-06;0;0;1576;57;0.5;0.0
973;2021-02-07;0;0;1576;57;0.5;0.0
973;2021-02-08;52;12;1628;69;0.6;0.0
973;2021-02-09;92;38;1720;107;0.6;0.0
973;2021-02-10;101;38;1821;145;0.6;0.0
973;2021-02-11;105;90;1926;235;0.7;0.1
973;2021-02-12;89;59;2015;294;0.7;0.1
973;2021-02-13;0;0;2015;294;0.7;0.1
973;2021-02-14;0;0;2015;294;0.7;0.1
973;2021-02-15;27;57;2042;351;0.7;0.1
973;2021-02-16;123;46;2165;397;0.7;0.1
973;2021-02-17;145;111;2310;508;0.8;0.2
973;2021-02-18;103;126;2413;634;0.8;0.2
973;2021-02-19;122;70;2535;704;0.9;0.2
973;2021-02-20;0;0;2535;704;0.9;0.2
973;2021-02-21;0;0;2535;704;0.9;0.2
973;2021-02-22;78;46;2613;750;0.9;0.3
973;2021-02-23;158;99;2771;849;1.0;0.3
973;2021-02-24;190;118;2961;967;1.0;0.3
973;2021-02-25;259;87;3220;1054;1.1;0.4
973;2021-02-26;264;62;3484;1116;1.2;0.4
973;2021-02-27;120;1;3604;1117;1.2;0.4
973;2021-02-28;0;0;3604;1117;1.2;0.4
973;2021-03-01;182;83;3786;1200;1.3;0.4
973;2021-03-02;256;103;4042;1303;1.4;0.4
973;2021-03-03;255;124;4297;1427;1.5;0.5
973;2021-03-04;281;84;4578;1511;1.6;0.5
973;2021-03-05;274;46;4852;1557;1.7;0.5
973;2021-03-06;118;2;4970;1559;1.7;0.5
973;2021-03-07;0;0;4970;1559;1.7;0.5
973;2021-03-08;188;39;5158;1598;1.8;0.5
973;2021-03-09;351;87;5509;1685;1.9;0.6
973;2021-03-10;359;105;5868;1790;2.0;0.6
973;2021-03-11;271;110;6139;1900;2.1;0.7
973;2021-03-12;288;94;6427;1994;2.2;0.7
973;2021-03-13;112;4;6539;1998;2.2;0.7
973;2021-03-14;0;0;6539;1998;2.2;0.7
973;2021-03-15;181;27;6720;2025;2.3;0.7
973;2021-03-16;243;139;6963;2164;2.4;0.7
973;2021-03-17;274;127;7237;2291;2.5;0.8
973;2021-03-18;249;154;7486;2445;2.6;0.8
973;2021-03-19;283;128;7769;2573;2.7;0.9
973;2021-03-20;259;17;8028;2590;2.8;0.9
973;2021-03-21;120;2;8148;2592;2.8;0.9
973;2021-03-22;219;109;8367;2701;2.9;0.9
973;2021-03-23;275;194;8642;2895;3.0;1.0
973;2021-03-24;235;215;8877;3110;3.1;1.1
973;2021-03-25;168;180;9045;3290;3.1;1.1
973;2021-03-26;190;303;9235;3593;3.2;1.2
973;2021-03-27;58;93;9293;3686;3.2;1.3
973;2021-03-28;0;0;9293;3686;3.2;1.3
973;2021-03-29;175;248;9468;3934;3.3;1.4
973;2021-03-30;446;237;9914;4171;3.4;1.4
973;2021-03-31;319;293;10233;4464;3.5;1.5
973;2021-04-01;446;260;10679;4724;3.7;1.6
973;2021-04-02;310;278;10989;5002;3.8;1.7
973;2021-04-03;159;121;11148;5123;3.8;1.8
973;2021-04-04;1;0;11149;5123;3.8;1.8
973;2021-04-05;118;14;11267;5137;3.9;1.8
973;2021-04-06;440;334;11707;5471;4.0;1.9
973;2021-04-07;503;344;12210;5815;4.2;2.0
973;2021-04-08;514;269;12724;6084;4.4;2.1
973;2021-04-09;498;226;13222;6310;4.5;2.2
973;2021-04-10;147;91;13369;6401;4.6;2.2
973;2021-04-11;2;0;13371;6401;4.6;2.2
973;2021-04-12;551;267;13922;6668;4.8;2.3
973;2021-04-13;673;244;14595;6912;5.0;2.4
973;2021-04-14;721;313;15316;7225;5.3;2.5
973;2021-04-15;777;248;16093;7473;5.5;2.6
973;2021-04-16;761;303;16854;7776;5.8;2.7
973;2021-04-17;499;137;17353;7913;6.0;2.7
973;2021-04-18;499;46;17852;7959;6.1;2.7
973;2021-04-19;715;252;18567;8211;6.4;2.8
973;2021-04-20;607;280;19174;8491;6.6;2.9
973;2021-04-21;873;250;20047;8741;6.9;3.0
973;2021-04-22;727;231;20774;8972;7.1;3.1
973;2021-04-23;705;232;21479;9204;7.4;3.2
973;2021-04-24;524;97;22003;9301;7.6;3.2
973;2021-04-25;611;50;22614;9351;7.8;3.2
973;2021-04-26;779;233;23393;9584;8.0;3.3
973;2021-04-27;819;344;24212;9928;8.3;3.4
973;2021-04-28;746;331;24958;10259;8.6;3.5
973;2021-04-29;665;285;25623;10544;8.8;3.6
973;2021-04-30;710;260;26333;10804;9.1;3.7
973;2021-05-01;211;29;26544;10833;9.1;3.7
973;2021-05-02;602;85;27146;10918;9.3;3.8
973;2021-05-03;557;390;27703;11308;9.5;3.9
973;2021-05-04;665;326;28368;11634;9.8;4.0
973;2021-05-05;701;455;29069;12089;10.0;4.2
973;2021-05-06;694;477;29763;12566;10.2;4.3
973;2021-05-07;595;473;30358;13039;10.4;4.5
973;2021-05-08;344;59;30702;13098;10.6;4.5
973;2021-05-09;263;72;30965;13170;10.7;4.5
973;2021-05-10;440;611;31405;13781;10.8;4.7
973;2021-05-11;398;497;31803;14278;10.9;4.9
973;2021-05-12;513;647;32316;14925;11.1;5.1
973;2021-05-13;334;99;32650;15024;11.2;5.2
973;2021-05-14;486;555;33136;15579;11.4;5.4
973;2021-05-15;257;348;33393;15927;11.5;5.5
973;2021-05-16;207;210;33600;16137;11.6;5.6
973;2021-05-17;447;599;34047;16736;11.7;5.8
973;2021-05-18;564;568;34611;17304;11.9;6.0
973;2021-05-19;534;552;35145;17856;12.1;6.1
973;2021-05-20;644;452;35789;18308;12.3;6.3
973;2021-05-21;503;608;36292;18916;12.5;6.5
973;2021-05-22;167;500;36459;19416;12.5;6.7
973;2021-05-23;271;475;36730;19891;12.6;6.8
973;2021-05-24;562;248;37292;20139;12.8;6.9
973;2021-05-25;500;745;37792;20884;13.0;7.2
973;2021-05-26;452;683;38244;21567;13.2;7.4
973;2021-05-27;709;527;38953;22094;13.4;7.6
973;2021-05-28;580;554;39533;22648;13.6;7.8
973;2021-05-29;258;360;39791;23008;13.7;7.9
973;2021-05-30;151;399;39942;23407;13.7;8.1
973;2021-05-31;356;574;40298;23981;13.9;8.2
973;2021-06-01;422;468;40720;24449;14.0;8.4
973;2021-06-02;564;555;41284;25004;14.2;8.6
973;2021-06-03;526;470;41810;25474;14.4;8.8
973;2021-06-04;604;495;42414;25969;14.6;8.9
973;2021-06-05;273;292;42687;26261;14.7;9.0
973;2021-06-06;211;301;42898;26562;14.8;9.1
973;2021-06-07;489;452;43387;27014;14.9;9.3
973;2021-06-08;547;315;43934;27329;15.1;9.4
973;2021-06-09;530;390;44464;27719;15.3;9.5
973;2021-06-10;358;291;44822;28010;15.4;9.6
973;2021-06-11;438;467;45260;28477;15.6;9.8
973;2021-06-12;170;283;45430;28760;15.6;9.9
973;2021-06-13;214;268;45644;29028;15.7;10.0
973;2021-06-14;385;549;46029;29577;15.8;10.2
973;2021-06-15;376;445;46405;30022;16.0;10.3
973;2021-06-16;488;459;46893;30481;16.1;10.5
973;2021-06-17;437;579;47330;31060;16.3;10.7
973;2021-06-18;396;563;47726;31623;16.4;10.9
973;2021-06-19;235;260;47961;31883;16.5;11.0
973;2021-06-20;127;270;48088;32153;16.5;11.1
973;2021-06-21;336;603;48424;32756;16.7;11.3
973;2021-06-22;376;462;48800;33218;16.8;11.4
973;2021-06-23;344;539;49144;33757;16.9;11.6
973;2021-06-24;443;500;49587;34257;17.1;11.8
973;2021-06-25;446;558;50033;34815;17.2;12.0
973;2021-06-26;172;320;50205;35135;17.3;12.1
973;2021-06-27;121;170;50326;35305;17.3;12.1
973;2021-06-28;317;593;50643;35898;17.4;12.3
973;2021-06-29;379;507;51022;36405;17.6;12.5
973;2021-06-30;411;680;51433;37085;17.7;12.8
973;2021-07-01;433;399;51866;37484;17.8;12.9
973;2021-07-02;504;524;52370;38008;18.0;13.1
973;2021-07-03;210;274;52580;38282;18.1;13.2
973;2021-07-04;86;243;52666;38525;18.1;13.3
973;2021-07-05;363;547;53029;39072;18.2;13.4
973;2021-07-06;350;473;53379;39545;18.4;13.6
973;2021-07-07;363;415;53742;39960;18.5;13.7
973;2021-07-08;300;329;54042;40289;18.6;13.9
973;2021-07-09;389;435;54431;40724;18.7;14.0
973;2021-07-10;168;278;54599;41002;18.8;14.1
973;2021-07-11;102;163;54701;41165;18.8;14.2
973;2021-07-12;401;497;55102;41662;19.0;14.3
973;2021-07-13;672;560;55774;42222;19.2;14.5
973;2021-07-14;391;161;56165;42383;19.3;14.6
973;2021-07-15;648;527;56813;42910;19.5;14.8
973;2021-07-16;593;486;57406;43396;19.7;14.9
973;2021-07-17;346;285;57752;43681;19.9;15.0
973;2021-07-18;252;124;58004;43805;20.0;15.1
973;2021-07-19;518;457;58522;44262;20.1;15.2
973;2021-07-20;563;494;59085;44756;20.3;15.4
973;2021-07-21;696;398;59781;45154;20.6;15.5
973;2021-07-22;654;454;60435;45608;20.8;15.7
973;2021-07-23;603;369;61038;45977;21.0;15.8
973;2021-07-24;327;241;61365;46218;21.1;15.9
973;2021-07-25;166;111;61531;46329;21.2;15.9
973;2021-07-26;442;346;61973;46675;21.3;16.1
973;2021-07-27;543;359;62516;47034;21.5;16.2
973;2021-07-28;448;371;62964;47405;21.7;16.3
973;2021-07-29;536;431;63500;47836;21.8;16.5
973;2021-07-30;539;408;64039;48244;22.0;16.6
973;2021-07-31;204;163;64243;48407;22.1;16.7
973;2021-08-01;139;132;64382;48539;22.1;16.7
973;2021-08-02;397;432;64779;48971;22.3;16.8
973;2021-08-03;432;402;65211;49373;22.4;17.0
973;2021-08-04;308;372;65519;49745;22.5;17.1
973;2021-08-05;344;362;65863;50107;22.7;17.2
973;2021-08-06;366;527;66229;50634;22.8;17.4
973;2021-08-07;164;267;66393;50901;22.8;17.5
973;2021-08-08;123;177;66516;51078;22.9;17.6
973;2021-08-09;331;472;66847;51550;23.0;17.7
973;2021-08-10;363;515;67210;52065;23.1;17.9
973;2021-08-11;586;517;67796;52582;23.3;18.1
973;2021-08-12;550;581;68346;53163;23.5;18.3
973;2021-08-13;360;234;68706;53397;23.6;18.4
973;2021-08-14;255;402;68961;53799;23.7;18.5
973;2021-08-15;122;138;69083;53937;23.8;18.6
973;2021-08-16;307;472;69390;54409;23.9;18.7
973;2021-08-17;359;398;69749;54807;24.0;18.9
973;2021-08-18;299;441;70048;55248;24.1;19.0
973;2021-08-19;321;481;70369;55729;24.2;19.2
973;2021-08-20;308;400;70677;56129;24.3;19.3
973;2021-08-21;160;257;70837;56386;24.4;19.4
973;2021-08-22;114;183;70951;56569;24.4;19.5
973;2021-08-23;282;381;71233;56950;24.5;19.6
973;2021-08-24;307;465;71540;57415;24.6;19.8
973;2021-08-25;274;343;71814;57758;24.7;19.9
973;2021-08-26;309;404;72123;58162;24.8;20.0
973;2021-08-27;348;426;72471;58588;24.9;20.2
973;2021-08-28;141;267;72612;58855;25.0;20.2
973;2021-08-29;83;184;72695;59039;25.0;20.3
973;2021-08-30;218;349;72913;59388;25.1;20.4
973;2021-08-31;297;373;73210;59761;25.2;20.6
973;2021-09-01;252;398;73462;60159;25.3;20.7
973;2021-09-02;296;411;73758;60570;25.4;20.8
973;2021-09-03;274;353;74032;60923;25.5;21.0
973;2021-09-04;147;201;74179;61124;25.5;21.0
973;2021-09-05;70;93;74249;61217;25.5;21.1
973;2021-09-06;159;239;74408;61456;25.6;21.1
973;2021-09-07;188;262;74596;61718;25.7;21.2
973;2021-09-08;216;420;74812;62138;25.7;21.4
973;2021-09-09;212;310;75024;62448;25.8;21.5
973;2021-09-10;213;320;75237;62768;25.9;21.6
973;2021-09-11;123;295;75360;63063;25.9;21.7
973;2021-09-12;60;97;75420;63160;25.9;21.7
974;2020-12-27;0;0;0;0;0.0;0.0
974;2020-12-28;0;0;0;0;0.0;0.0
974;2020-12-29;0;0;0;0;0.0;0.0
974;2020-12-30;0;0;0;0;0.0;0.0
974;2020-12-31;0;0;0;0;0.0;0.0
974;2021-01-01;1;0;1;0;0.0;0.0
974;2021-01-02;0;0;1;0;0.0;0.0
974;2021-01-03;0;0;1;0;0.0;0.0
974;2021-01-04;0;0;1;0;0.0;0.0
974;2021-01-05;2;0;3;0;0.0;0.0
974;2021-01-06;0;0;3;0;0.0;0.0
974;2021-01-07;0;0;3;0;0.0;0.0
974;2021-01-08;0;0;3;0;0.0;0.0
974;2021-01-09;1;0;4;0;0.0;0.0
974;2021-01-10;0;0;4;0;0.0;0.0
974;2021-01-11;0;0;4;0;0.0;0.0
974;2021-01-12;0;0;4;0;0.0;0.0
974;2021-01-13;0;0;4;0;0.0;0.0
974;2021-01-14;0;0;4;0;0.0;0.0
974;2021-01-15;333;0;337;0;0.0;0.0
974;2021-01-16;27;0;364;0;0.0;0.0
974;2021-01-17;0;0;364;0;0.0;0.0
974;2021-01-18;49;1;413;1;0.0;0.0
974;2021-01-19;394;0;807;1;0.1;0.0
974;2021-01-20;482;1;1289;2;0.1;0.0
974;2021-01-21;614;2;1903;4;0.2;0.0
974;2021-01-22;414;1;2317;5;0.3;0.0
974;2021-01-23;75;0;2392;5;0.3;0.0
974;2021-01-24;0;0;2392;5;0.3;0.0
974;2021-01-25;273;2;2665;7;0.3;0.0
974;2021-01-26;429;0;3094;7;0.4;0.0
974;2021-01-27;316;0;3410;7;0.4;0.0
974;2021-01-28;409;0;3819;7;0.4;0.0
974;2021-01-29;422;3;4241;10;0.5;0.0
974;2021-01-30;421;1;4662;11;0.5;0.0
974;2021-01-31;0;0;4662;11;0.5;0.0
974;2021-02-01;373;4;5035;15;0.6;0.0
974;2021-02-02;501;3;5536;18;0.6;0.0
974;2021-02-03;602;9;6138;27;0.7;0.0
974;2021-02-04;629;16;6767;43;0.8;0.0
974;2021-02-05;564;97;7331;140;0.9;0.0
974;2021-02-06;501;6;7832;146;0.9;0.0
974;2021-02-07;0;8;7832;154;0.9;0.0
974;2021-02-08;470;32;8302;186;1.0;0.0
974;2021-02-09;787;93;9089;279;1.1;0.0
974;2021-02-10;820;86;9909;365;1.2;0.0
974;2021-02-11;796;86;10705;451;1.2;0.1
974;2021-02-12;638;91;11343;542;1.3;0.1
974;2021-02-13;654;75;11997;617;1.4;0.1
974;2021-02-14;1;0;11998;617;1.4;0.1
974;2021-02-15;526;124;12524;741;1.5;0.1
974;2021-02-16;651;527;13175;1268;1.5;0.1
974;2021-02-17;593;313;13768;1581;1.6;0.2
974;2021-02-18;495;385;14263;1966;1.7;0.2
974;2021-02-19;497;305;14760;2271;1.7;0.3
974;2021-02-20;577;109;15337;2380;1.8;0.3
974;2021-02-21;0;0;15337;2380;1.8;0.3
974;2021-02-22;403;217;15740;2597;1.8;0.3
974;2021-02-23;608;207;16348;2804;1.9;0.3
974;2021-02-24;584;224;16932;3028;2.0;0.4
974;2021-02-25;649;251;17581;3279;2.0;0.4
974;2021-02-26;485;418;18066;3697;2.1;0.4
974;2021-02-27;384;407;18450;4104;2.1;0.5
974;2021-02-28;0;0;18450;4104;2.1;0.5
974;2021-03-01;293;338;18743;4442;2.2;0.5
974;2021-03-02;486;445;19229;4887;2.2;0.6
974;2021-03-03;757;502;19986;5389;2.3;0.6
974;2021-03-04;777;463;20763;5852;2.4;0.7
974;2021-03-05;729;485;21492;6337;2.5;0.7
974;2021-03-06;813;504;22305;6841;2.6;0.8
974;2021-03-07;0;0;22305;6841;2.6;0.8
974;2021-03-08;436;514;22741;7355;2.6;0.9
974;2021-03-09;671;748;23412;8103;2.7;0.9
974;2021-03-10;644;808;24056;8911;2.8;1.0
974;2021-03-11;701;612;24757;9523;2.9;1.1
974;2021-03-12;731;647;25488;10170;3.0;1.2
974;2021-03-13;669;591;26157;10761;3.0;1.3
974;2021-03-14;2;0;26159;10761;3.0;1.3
974;2021-03-15;509;489;26668;11250;3.1;1.3
974;2021-03-16;681;680;27349;11930;3.2;1.4
974;2021-03-17;848;517;28197;12447;3.3;1.4
974;2021-03-18;1021;494;29218;12941;3.4;1.5
974;2021-03-19;786;525;30004;13466;3.5;1.6
974;2021-03-20;578;587;30582;14053;3.6;1.6
974;2021-03-21;0;0;30582;14053;3.6;1.6
974;2021-03-22;566;462;31148;14515;3.6;1.7
974;2021-03-23;780;634;31928;15149;3.7;1.8
974;2021-03-24;792;641;32720;15790;3.8;1.8
974;2021-03-25;934;531;33654;16321;3.9;1.9
974;2021-03-26;923;449;34577;16770;4.0;2.0
974;2021-03-27;781;334;35358;17104;4.1;2.0
974;2021-03-28;1;0;35359;17104;4.1;2.0
974;2021-03-29;961;270;36320;17374;4.2;2.0
974;2021-03-30;884;494;37204;17868;4.3;2.1
974;2021-03-31;739;653;37943;18521;4.4;2.2
974;2021-04-01;718;705;38661;19226;4.5;2.2
974;2021-04-02;688;754;39349;19980;4.6;2.3
974;2021-04-03;699;697;40048;20677;4.7;2.4
974;2021-04-04;0;0;40048;20677;4.7;2.4
974;2021-04-05;0;0;40048;20677;4.7;2.4
974;2021-04-06;796;635;40844;21312;4.7;2.5
974;2021-04-07;1367;780;42211;22092;4.9;2.6
974;2021-04-08;1792;768;44003;22860;5.1;2.7
974;2021-04-09;1509;774;45512;23634;5.3;2.7
974;2021-04-10;1137;645;46649;24279;5.4;2.8
974;2021-04-11;2;0;46651;24279;5.4;2.8
974;2021-04-12;1238;546;47889;24825;5.6;2.9
974;2021-04-13;1439;750;49328;25575;5.7;3.0
974;2021-04-14;2070;767;51398;26342;6.0;3.1
974;2021-04-15;2506;954;53904;27296;6.3;3.2
974;2021-04-16;1936;783;55840;28079;6.5;3.3
974;2021-04-17;1290;603;57130;28682;6.6;3.3
974;2021-04-18;0;0;57130;28682;6.6;3.3
974;2021-04-19;1374;562;58504;29244;6.8;3.4
974;2021-04-20;1651;804;60155;30048;7.0;3.5
974;2021-04-21;2126;626;62281;30674;7.2;3.6
974;2021-04-22;2953;820;65234;31494;7.6;3.7
974;2021-04-23;2312;818;67546;32312;7.9;3.8
974;2021-04-24;1111;804;68657;33116;8.0;3.9
974;2021-04-25;3;0;68660;33116;8.0;3.9
974;2021-04-26;1173;913;69833;34029;8.1;4.0
974;2021-04-27;1686;1027;71519;35056;8.3;4.1
974;2021-04-28;2901;749;74420;35805;8.7;4.2
974;2021-04-29;3949;813;78369;36618;9.1;4.3
974;2021-04-30;3451;905;81820;37523;9.5;4.4
974;2021-05-01;2107;226;83927;37749;9.8;4.4
974;2021-05-02;1;0;83928;37749;9.8;4.4
974;2021-05-03;1865;575;85793;38324;10.0;4.5
974;2021-05-04;2127;1093;87920;39417;10.2;4.6
974;2021-05-05;3121;1643;91041;41060;10.6;4.8
974;2021-05-06;4004;1587;95045;42647;11.1;5.0
974;2021-05-07;3229;1524;98274;44171;11.4;5.1
974;2021-05-08;1578;504;99852;44675;11.6;5.2
974;2021-05-09;2;1;99854;44676;11.6;5.2
974;2021-05-10;2414;1001;102268;45677;11.9;5.3
974;2021-05-11;3652;1640;105920;47317;12.3;5.5
974;2021-05-12;4723;2406;110643;49723;12.9;5.8
974;2021-05-13;3557;598;114200;50321;13.3;5.9
974;2021-05-14;5277;2518;119477;52839;13.9;6.1
974;2021-05-15;3158;1536;122635;54375;14.3;6.3
974;2021-05-16;17;18;122652;54393;14.3;6.3
974;2021-05-17;2998;1497;125650;55890;14.6;6.5
974;2021-05-18;3765;1804;129415;57694;15.0;6.7
974;2021-05-19;4692;2434;134107;60128;15.6;7.0
974;2021-05-20;5138;2852;139245;62980;16.2;7.3
974;2021-05-21;4997;2632;144242;65612;16.8;7.6
974;2021-05-22;3371;1256;147613;66868;17.2;7.8
974;2021-05-23;6;3;147619;66871;17.2;7.8
974;2021-05-24;3644;1079;151263;67950;17.6;7.9
974;2021-05-25;4248;1914;155511;69864;18.1;8.1
974;2021-05-26;4992;2992;160503;72856;18.7;8.5
974;2021-05-27;4620;4100;165123;76956;19.2;8.9
974;2021-05-28;4386;3835;169509;80791;19.7;9.4
974;2021-05-29;2555;2457;172064;83248;20.0;9.7
974;2021-05-30;8;14;172072;83262;20.0;9.7
974;2021-05-31;2349;2248;174421;85510;20.3;9.9
974;2021-06-01;3302;2760;177723;88270;20.7;10.3
974;2021-06-02;3971;3364;181694;91634;21.1;10.7
974;2021-06-03;4044;3650;185738;95284;21.6;11.1
974;2021-06-04;3851;3758;189589;99042;22.0;11.5
974;2021-06-05;2214;1931;191803;100973;22.3;11.7
974;2021-06-06;1074;134;192877;101107;22.4;11.8
974;2021-06-07;2012;2526;194889;103633;22.7;12.1
974;2021-06-08;2558;3338;197447;106971;23.0;12.4
974;2021-06-09;2985;4837;200432;111808;23.3;13.0
974;2021-06-10;3412;4465;203844;116273;23.7;13.5
974;2021-06-11;2841;4620;206685;120893;24.0;14.1
974;2021-06-12;1727;3376;208412;124269;24.2;14.5
974;2021-06-13;1324;246;209736;124515;24.4;14.5
974;2021-06-14;1490;3183;211226;127698;24.6;14.8
974;2021-06-15;2060;3616;213286;131314;24.8;15.3
974;2021-06-16;2750;4657;216036;135971;25.1;15.8
974;2021-06-17;2522;4895;218558;140866;25.4;16.4
974;2021-06-18;2598;4893;221156;145759;25.7;16.9
974;2021-06-19;1303;3517;222459;149276;25.9;17.4
974;2021-06-20;632;289;223091;149565;25.9;17.4
974;2021-06-21;1265;3235;224356;152800;26.1;17.8
974;2021-06-22;1621;3762;225977;156562;26.3;18.2
974;2021-06-23;2257;4995;228234;161557;26.5;18.8
974;2021-06-24;2282;4069;230516;165626;26.8;19.3
974;2021-06-25;2188;4106;232704;169732;27.1;19.7
974;2021-06-26;1401;2712;234105;172444;27.2;20.1
974;2021-06-27;665;268;234770;172712;27.3;20.1
974;2021-06-28;1306;2479;236076;175191;27.5;20.4
974;2021-06-29;1758;2846;237834;178037;27.7;20.7
974;2021-06-30;2564;3847;240398;181884;28.0;21.2
974;2021-07-01;2700;3827;243098;185711;28.3;21.6
974;2021-07-02;2513;3711;245611;189422;28.6;22.0
974;2021-07-03;1614;2457;247225;191879;28.7;22.3
974;2021-07-04;881;1038;248106;192917;28.9;22.4
974;2021-07-05;1696;2221;249802;195138;29.0;22.7
974;2021-07-06;2575;2545;252377;197683;29.3;23.0
974;2021-07-07;2663;3134;255040;200817;29.7;23.4
974;2021-07-08;2418;3171;257458;203988;29.9;23.7
974;2021-07-09;2763;3429;260221;207417;30.3;24.1
974;2021-07-10;1619;2192;261840;209609;30.4;24.4
974;2021-07-11;729;1017;262569;210626;30.5;24.5
974;2021-07-12;1748;2604;264317;213230;30.7;24.8
974;2021-07-13;4430;3342;268747;216572;31.3;25.2
974;2021-07-14;3298;605;272045;217177;31.6;25.3
974;2021-07-15;5557;4019;277602;221196;32.3;25.7
974;2021-07-16;6243;3297;283845;224493;33.0;26.1
974;2021-07-17;4374;1913;288219;226406;33.5;26.3
974;2021-07-18;2673;765;290892;227171;33.8;26.4
974;2021-07-19;4651;2030;295543;229201;34.4;26.7
974;2021-07-20;6235;2425;301778;231626;35.1;26.9
974;2021-07-21;6746;2853;308524;234479;35.9;27.3
974;2021-07-22;7143;2820;315667;237299;36.7;27.6
974;2021-07-23;6640;2979;322307;240278;37.5;27.9
974;2021-07-24;3802;2065;326109;242343;37.9;28.2
974;2021-07-25;2522;754;328631;243097;38.2;28.3
974;2021-07-26;4374;2093;333005;245190;38.7;28.5
974;2021-07-27;5441;2560;338446;247750;39.4;28.8
974;2021-07-28;5395;2902;343841;250652;40.0;29.1
974;2021-07-29;5745;2807;349586;253459;40.7;29.5
974;2021-07-30;5875;2578;355461;256037;41.3;29.8
974;2021-07-31;3938;1648;359399;257685;41.8;30.0
974;2021-08-01;1906;713;361305;258398;42.0;30.0
974;2021-08-02;3410;1865;364715;260263;42.4;30.3
974;2021-08-03;4305;4071;369020;264334;42.9;30.7
974;2021-08-04;4875;4229;373895;268563;43.5;31.2
974;2021-08-05;4440;4662;378335;273225;44.0;31.8
974;2021-08-06;4083;5098;382418;278323;44.5;32.4
974;2021-08-07;2747;4042;385165;282365;44.8;32.8
974;2021-08-08;1481;2264;386646;284629;45.0;33.1
974;2021-08-09;2573;4521;389219;289150;45.3;33.6
974;2021-08-10;3791;4962;393010;294112;45.7;34.2
974;2021-08-11;4626;5447;397636;299559;46.2;34.8
974;2021-08-12;4714;5914;402350;305473;46.8;35.5
974;2021-08-13;4457;5825;406807;311298;47.3;36.2
974;2021-08-14;2606;4328;409413;315626;47.6;36.7
974;2021-08-15;1573;2175;410986;317801;47.8;37.0
974;2021-08-16;2345;4177;413331;321978;48.1;37.4
974;2021-08-17;3168;4531;416499;326509;48.4;38.0
974;2021-08-18;3345;5897;419844;332406;48.8;38.7
974;2021-08-19;3302;4902;423146;337308;49.2;39.2
974;2021-08-20;3422;5269;426568;342577;49.6;39.8
974;2021-08-21;1821;4616;428389;347193;49.8;40.4
974;2021-08-22;1020;1944;429409;349137;49.9;40.6
974;2021-08-23;1791;3328;431200;352465;50.1;41.0
974;2021-08-24;2442;3775;433642;356240;50.4;41.4
974;2021-08-25;2881;5213;436523;361453;50.8;42.0
974;2021-08-26;2654;3867;439177;365320;51.1;42.5
974;2021-08-27;2762;4000;441939;369320;51.4;42.9
974;2021-08-28;1833;3874;443772;373194;51.6;43.4
974;2021-08-29;749;1574;444521;374768;51.7;43.6
974;2021-08-30;1558;2532;446079;377300;51.9;43.9
974;2021-08-31;1842;3348;447921;380648;52.1;44.3
974;2021-09-01;2383;4903;450304;385551;52.4;44.8
974;2021-09-02;2234;4315;452538;389866;52.6;45.3
974;2021-09-03;2318;4534;454856;394400;52.9;45.9
974;2021-09-04;1578;3916;456434;398316;53.1;46.3
974;2021-09-05;604;1337;457038;399653;53.1;46.5
974;2021-09-06;1211;2550;458249;402203;53.3;46.8
974;2021-09-07;1359;3204;459608;405407;53.4;47.1
974;2021-09-08;2070;3953;461678;409360;53.7;47.6
974;2021-09-09;1780;3422;463458;412782;53.9;48.0
974;2021-09-10;1908;3810;465366;416592;54.1;48.4
974;2021-09-11;1490;2498;466856;419090;54.3;48.7
974;2021-09-12;389;970;467245;420060;54.3;48.8
976;2020-12-27;0;0;0;0;0.0;0.0
976;2020-12-28;0;0;0;0;0.0;0.0
976;2020-12-29;0;0;0;0;0.0;0.0
976;2020-12-30;0;0;0;0;0.0;0.0
976;2020-12-31;0;0;0;0;0.0;0.0
976;2021-01-01;0;0;0;0;0.0;0.0
976;2021-01-02;0;0;0;0;0.0;0.0
976;2021-01-03;0;0;0;0;0.0;0.0
976;2021-01-04;0;0;0;0;0.0;0.0
976;2021-01-05;0;0;0;0;0.0;0.0
976;2021-01-06;0;0;0;0;0.0;0.0
976;2021-01-07;0;0;0;0;0.0;0.0
976;2021-01-08;0;0;0;0;0.0;0.0
976;2021-01-09;0;0;0;0;0.0;0.0
976;2021-01-10;0;0;0;0;0.0;0.0
976;2021-01-11;9;0;9;0;0.0;0.0
976;2021-01-12;0;0;9;0;0.0;0.0
976;2021-01-13;0;0;9;0;0.0;0.0
976;2021-01-14;0;0;9;0;0.0;0.0
976;2021-01-15;1;0;10;0;0.0;0.0
976;2021-01-16;1;0;11;0;0.0;0.0
976;2021-01-17;0;0;11;0;0.0;0.0
976;2021-01-18;1;0;12;0;0.0;0.0
976;2021-01-19;0;0;12;0;0.0;0.0
976;2021-01-20;0;0;12;0;0.0;0.0
976;2021-01-21;1;1;13;1;0.0;0.0
976;2021-01-22;0;0;13;1;0.0;0.0
976;2021-01-23;1;0;14;1;0.0;0.0
976;2021-01-24;0;0;14;1;0.0;0.0
976;2021-01-25;143;3;157;4;0.1;0.0
976;2021-01-26;167;2;324;6;0.1;0.0
976;2021-01-27;250;3;574;9;0.2;0.0
976;2021-01-28;102;7;676;16;0.2;0.0
976;2021-01-29;231;3;907;19;0.3;0.0
976;2021-01-30;285;11;1192;30;0.4;0.0
976;2021-01-31;1;0;1193;30;0.4;0.0
976;2021-02-01;161;2;1354;32;0.5;0.0
976;2021-02-02;330;10;1684;42;0.6;0.0
976;2021-02-03;228;3;1912;45;0.7;0.0
976;2021-02-04;216;9;2128;54;0.8;0.0
976;2021-02-05;213;0;2341;54;0.8;0.0
976;2021-02-06;83;10;2424;64;0.9;0.0
976;2021-02-07;0;0;2424;64;0.9;0.0
976;2021-02-08;82;3;2506;67;0.9;0.0
976;2021-02-09;194;1;2700;68;1.0;0.0
976;2021-02-10;187;5;2887;73;1.0;0.0
976;2021-02-11;236;4;3123;77;1.1;0.0
976;2021-02-12;289;4;3412;81;1.2;0.0
976;2021-02-13;56;0;3468;81;1.2;0.0
976;2021-02-14;1;0;3469;81;1.2;0.0
976;2021-02-15;360;7;3829;88;1.4;0.0
976;2021-02-16;266;9;4095;97;1.5;0.0
976;2021-02-17;167;9;4262;106;1.5;0.0
976;2021-02-18;218;14;4480;120;1.6;0.0
976;2021-02-19;237;24;4717;144;1.7;0.1
976;2021-02-20;139;9;4856;153;1.7;0.1
976;2021-02-21;0;0;4856;153;1.7;0.1
976;2021-02-22;130;117;4986;270;1.8;0.1
976;2021-02-23;185;153;5171;423;1.9;0.2
976;2021-02-24;176;145;5347;568;1.9;0.2
976;2021-02-25;227;274;5574;842;2.0;0.3
976;2021-02-26;242;245;5816;1087;2.1;0.4
976;2021-02-27;0;0;5816;1087;2.1;0.4
976;2021-02-28;0;0;5816;1087;2.1;0.4
976;2021-03-01;146;258;5962;1345;2.1;0.5
976;2021-03-02;229;259;6191;1604;2.2;0.6
976;2021-03-03;202;189;6393;1793;2.3;0.6
976;2021-03-04;205;144;6598;1937;2.4;0.7
976;2021-03-05;224;116;6822;2053;2.4;0.7
976;2021-03-06;1;0;6823;2053;2.4;0.7
976;2021-03-07;1;0;6824;2053;2.4;0.7
976;2021-03-08;189;111;7013;2164;2.5;0.8
976;2021-03-09;391;162;7404;2326;2.6;0.8
976;2021-03-10;180;178;7584;2504;2.7;0.9
976;2021-03-11;167;207;7751;2711;2.8;1.0
976;2021-03-12;237;294;7988;3005;2.9;1.1
976;2021-03-13;3;0;7991;3005;2.9;1.1
976;2021-03-14;0;0;7991;3005;2.9;1.1
976;2021-03-15;157;295;8148;3300;2.9;1.2
976;2021-03-16;238;226;8386;3526;3.0;1.3
976;2021-03-17;264;145;8650;3671;3.1;1.3
976;2021-03-18;174;236;8824;3907;3.2;1.4
976;2021-03-19;173;297;8997;4204;3.2;1.5
976;2021-03-20;0;0;8997;4204;3.2;1.5
976;2021-03-21;0;0;8997;4204;3.2;1.5
976;2021-03-22;97;136;9094;4340;3.3;1.6
976;2021-03-23;136;239;9230;4579;3.3;1.6
976;2021-03-24;160;146;9390;4725;3.4;1.7
976;2021-03-25;185;206;9575;4931;3.4;1.8
976;2021-03-26;160;212;9735;5143;3.5;1.8
976;2021-03-27;18;0;9753;5143;3.5;1.8
976;2021-03-28;1;0;9754;5143;3.5;1.8
976;2021-03-29;0;2;9754;5145;3.5;1.8
976;2021-03-30;273;336;10027;5481;3.6;2.0
976;2021-03-31;225;125;10252;5606;3.7;2.0
976;2021-04-01;246;104;10498;5710;3.8;2.0
976;2021-04-02;289;262;10787;5972;3.9;2.1
976;2021-04-03;905;310;11692;6282;4.2;2.2
976;2021-04-04;2;0;11694;6282;4.2;2.2
976;2021-04-05;1;0;11695;6282;4.2;2.2
976;2021-04-06;162;277;11857;6559;4.2;2.3
976;2021-04-07;237;266;12094;6825;4.3;2.4
976;2021-04-08;284;139;12378;6964;4.4;2.5
976;2021-04-09;249;171;12627;7135;4.5;2.6
976;2021-04-10;181;114;12808;7249;4.6;2.6
976;2021-04-11;7;0;12815;7249;4.6;2.6
976;2021-04-12;0;19;12815;7268;4.6;2.6
976;2021-04-13;394;345;13209;7613;4.7;2.7
976;2021-04-14;239;205;13448;7818;4.8;2.8
976;2021-04-15;209;117;13657;7935;4.9;2.8
976;2021-04-16;214;127;13871;8062;5.0;2.9
976;2021-04-17;226;131;14097;8193;5.0;2.9
976;2021-04-18;1;0;14098;8193;5.0;2.9
976;2021-04-19;7;1;14105;8194;5.0;2.9
976;2021-04-20;369;222;14474;8416;5.2;3.0
976;2021-04-21;412;150;14886;8566;5.3;3.1
976;2021-04-22;410;150;15296;8716;5.5;3.1
976;2021-04-23;367;166;15663;8882;5.6;3.2
976;2021-04-24;413;128;16076;9010;5.8;3.2
976;2021-04-25;2;0;16078;9010;5.8;3.2
976;2021-04-26;55;8;16133;9018;5.8;3.2
976;2021-04-27;351;293;16484;9311;5.9;3.3
976;2021-04-28;357;513;16841;9824;6.0;3.5
976;2021-04-29;559;344;17400;10168;6.2;3.6
976;2021-04-30;408;238;17808;10406;6.4;3.7
976;2021-05-01;673;286;18481;10692;6.6;3.8
976;2021-05-02;0;0;18481;10692;6.6;3.8
976;2021-05-03;141;6;18622;10698;6.7;3.8
976;2021-05-04;354;426;18976;11124;6.8;4.0
976;2021-05-05;448;318;19424;11442;7.0;4.1
976;2021-05-06;320;202;19744;11644;7.1;4.2
976;2021-05-07;341;133;20085;11777;7.2;4.2
976;2021-05-08;307;141;20392;11918;7.3;4.3
976;2021-05-09;0;0;20392;11918;7.3;4.3
976;2021-05-10;9;9;20401;11927;7.3;4.3
976;2021-05-11;363;491;20764;12418;7.4;4.4
976;2021-05-12;334;310;21098;12728;7.5;4.6
976;2021-05-13;126;96;21224;12824;7.6;4.6
976;2021-05-14;0;0;21224;12824;7.6;4.6
976;2021-05-15;486;282;21710;13106;7.8;4.7
976;2021-05-16;1;0;21711;13106;7.8;4.7
976;2021-05-17;124;51;21835;13157;7.8;4.7
976;2021-05-18;517;430;22352;13587;8.0;4.9
976;2021-05-19;653;663;23005;14250;8.2;5.1
976;2021-05-20;1059;498;24064;14748;8.6;5.3
976;2021-05-21;1046;313;25110;15061;9.0;5.4
976;2021-05-22;1243;299;26353;15360;9.4;5.5
976;2021-05-23;0;0;26353;15360;9.4;5.5
976;2021-05-24;1;0;26354;15360;9.4;5.5
976;2021-05-25;890;623;27244;15983;9.7;5.7
976;2021-05-26;1036;842;28280;16825;10.1;6.0
976;2021-05-27;1326;514;29606;17339;10.6;6.2
976;2021-05-28;958;375;30564;17714;10.9;6.3
976;2021-05-29;1131;392;31695;18106;11.3;6.5
976;2021-05-30;1;1;31696;18107;11.3;6.5
976;2021-05-31;105;6;31801;18113;11.4;6.5
976;2021-06-01;1154;652;32955;18765;11.8;6.7
976;2021-06-02;1242;530;34197;19295;12.2;6.9
976;2021-06-03;815;354;35012;19649;12.5;7.0
976;2021-06-04;1002;324;36014;19973;12.9;7.1
976;2021-06-05;679;299;36693;20272;13.1;7.3
976;2021-06-06;1;0;36694;20272;13.1;7.3
976;2021-06-07;91;12;36785;20284;13.2;7.3
976;2021-06-08;962;444;37747;20728;13.5;7.4
976;2021-06-09;972;550;38719;21278;13.9;7.6
976;2021-06-10;703;232;39422;21510;14.1;7.7
976;2021-06-11;851;365;40273;21875;14.4;7.8
976;2021-06-12;585;276;40858;22151;14.6;7.9
976;2021-06-13;2;0;40860;22151;14.6;7.9
976;2021-06-14;187;112;41047;22263;14.7;8.0
976;2021-06-15;416;839;41463;23102;14.8;8.3
976;2021-06-16;893;1442;42356;24544;15.2;8.8
976;2021-06-17;802;660;43158;25204;15.4;9.0
976;2021-06-18;710;621;43868;25825;15.7;9.2
976;2021-06-19;538;644;44406;26469;15.9;9.5
976;2021-06-20;1;0;44407;26469;15.9;9.5
976;2021-06-21;128;132;44535;26601;15.9;9.5
976;2021-06-22;431;1150;44966;27751;16.1;9.9
976;2021-06-23;689;1187;45655;28938;16.3;10.4
976;2021-06-24;481;546;46136;29484;16.5;10.5
976;2021-06-25;547;479;46683;29963;16.7;10.7
976;2021-06-26;391;693;47074;30656;16.8;11.0
976;2021-06-27;1;0;47075;30656;16.8;11.0
976;2021-06-28;108;191;47183;30847;16.9;11.0
976;2021-06-29;744;974;47927;31821;17.1;11.4
976;2021-06-30;709;947;48636;32768;17.4;11.7
976;2021-07-01;582;547;49218;33315;17.6;11.9
976;2021-07-02;453;431;49671;33746;17.8;12.1
976;2021-07-03;445;423;50116;34169;17.9;12.2
976;2021-07-04;2;0;50118;34169;17.9;12.2
976;2021-07-05;121;224;50239;34393;18.0;12.3
976;2021-07-06;503;865;50742;35258;18.2;12.6
976;2021-07-07;771;1016;51513;36274;18.4;13.0
976;2021-07-08;831;637;52344;36911;18.7;13.2
976;2021-07-09;791;519;53135;37430;19.0;13.4
976;2021-07-10;441;320;53576;37750;19.2;13.5
976;2021-07-11;0;0;53576;37750;19.2;13.5
976;2021-07-12;165;172;53741;37922;19.2;13.6
976;2021-07-13;857;1000;54598;38922;19.5;13.9
976;2021-07-14;0;5;54598;38927;19.5;13.9
976;2021-07-15;1229;816;55827;39743;20.0;14.2
976;2021-07-16;1309;659;57136;40402;20.4;14.5
976;2021-07-17;1049;377;58185;40779;20.8;14.6
976;2021-07-18;0;0;58185;40779;20.8;14.6
976;2021-07-19;206;134;58391;40913;20.9;14.6
976;2021-07-20;1160;878;59551;41791;21.3;15.0
976;2021-07-21;35;29;59586;41820;21.3;15.0
976;2021-07-22;1127;665;60713;42485;21.7;15.2
976;2021-07-23;1210;546;61923;43031;22.2;15.4
976;2021-07-24;863;439;62786;43470;22.5;15.6
976;2021-07-25;2;0;62788;43470;22.5;15.6
976;2021-07-26;181;36;62969;43506;22.5;15.6
976;2021-07-27;1146;825;64115;44331;22.9;15.9
976;2021-07-28;1042;636;65157;44967;23.3;16.1
976;2021-07-29;1243;569;66400;45536;23.8;16.3
976;2021-07-30;1216;411;67616;45947;24.2;16.4
976;2021-07-31;768;277;68384;46224;24.5;16.5
976;2021-08-01;5;3;68389;46227;24.5;16.5
976;2021-08-02;322;176;68711;46403;24.6;16.6
976;2021-08-03;1512;938;70223;47341;25.1;16.9
976;2021-08-04;1840;810;72063;48151;25.8;17.2
976;2021-08-05;1474;503;73537;48654;26.3;17.4
976;2021-08-06;1692;507;75229;49161;26.9;17.6
976;2021-08-07;922;356;76151;49517;27.2;17.7
976;2021-08-08;7;1;76158;49518;27.3;17.7
976;2021-08-09;525;236;76683;49754;27.4;17.8
976;2021-08-10;1642;1380;78325;51134;28.0;18.3
976;2021-08-11;2040;1241;80365;52375;28.8;18.7
976;2021-08-12;1697;615;82062;52990;29.4;19.0
976;2021-08-13;1538;530;83600;53520;29.9;19.2
976;2021-08-14;833;454;84433;53974;30.2;19.3
976;2021-08-15;0;0;84433;53974;30.2;19.3
976;2021-08-16;538;291;84971;54265;30.4;19.4
976;2021-08-17;1799;1301;86770;55566;31.0;19.9
976;2021-08-18;2201;1222;88971;56788;31.8;20.3
976;2021-08-19;1946;549;90917;57337;32.5;20.5
976;2021-08-20;1743;543;92660;57880;33.2;20.7
976;2021-08-21;1037;520;93697;58400;33.5;20.9
976;2021-08-22;7;0;93704;58400;33.5;20.9
976;2021-08-23;510;270;94214;58670;33.7;21.0
976;2021-08-24;1029;1007;95243;59677;34.1;21.4
976;2021-08-25;1059;1290;96302;60967;34.5;21.8
976;2021-08-26;885;571;97187;61538;34.8;22.0
976;2021-08-27;725;561;97912;62099;35.0;22.2
976;2021-08-28;466;854;98378;62953;35.2;22.5
976;2021-08-29;0;12;98378;62965;35.2;22.5
976;2021-08-30;142;256;98520;63221;35.3;22.6
976;2021-08-31;638;1161;99158;64382;35.5;23.0
976;2021-09-01;753;1392;99911;65774;35.8;23.5
976;2021-09-02;835;900;100746;66674;36.0;23.9
976;2021-09-03;893;1290;101639;67964;36.4;24.3
976;2021-09-04;427;994;102066;68958;36.5;24.7
976;2021-09-05;0;1;102066;68959;36.5;24.7
976;2021-09-06;442;401;102508;69360;36.7;24.8
976;2021-09-07;650;698;103158;70058;36.9;25.1
976;2021-09-08;1012;1258;104170;71316;37.3;25.5
976;2021-09-09;792;1010;104962;72326;37.6;25.9
976;2021-09-10;948;1075;105910;73401;37.9;26.3
976;2021-09-11;493;1035;106403;74436;38.1;26.6
976;2021-09-12;0;32;106403;74468;38.1;26.6
977;2020-12-27;0;0;0;0;0.0;0.0
977;2020-12-28;0;0;0;0;0.0;0.0
977;2020-12-29;0;0;0;0;0.0;0.0
977;2020-12-30;0;0;0;0;0.0;0.0
977;2020-12-31;0;0;0;0;0.0;0.0
977;2021-01-01;0;0;0;0;0.0;0.0
977;2021-01-02;0;0;0;0;0.0;0.0
977;2021-01-03;0;0;0;0;0.0;0.0
977;2021-01-04;0;0;0;0;0.0;0.0
977;2021-01-05;0;0;0;0;0.0;0.0
977;2021-01-06;0;0;0;0;0.0;0.0
977;2021-01-07;0;0;0;0;0.0;0.0
977;2021-01-08;0;0;0;0;0.0;0.0
977;2021-01-09;0;0;0;0;0.0;0.0
977;2021-01-10;0;0;0;0;0.0;0.0
977;2021-01-11;0;0;0;0;0.0;0.0
977;2021-01-12;0;0;0;0;0.0;0.0
977;2021-01-13;0;0;0;0;0.0;0.0
977;2021-01-14;0;0;0;0;0.0;0.0
977;2021-01-15;0;0;0;0;0.0;0.0
977;2021-01-16;0;0;0;0;0.0;0.0
977;2021-01-17;0;0;0;0;0.0;0.0
977;2021-01-18;1;0;1;0;0.0;0.0
977;2021-01-19;0;0;1;0;0.0;0.0
977;2021-01-20;0;0;1;0;0.0;0.0
977;2021-01-21;12;0;13;0;0.1;0.0
977;2021-01-22;12;0;25;0;0.3;0.0
977;2021-01-23;0;0;25;0;0.3;0.0
977;2021-01-24;0;0;25;0;0.3;0.0
977;2021-01-25;0;0;25;0;0.3;0.0
977;2021-01-26;0;0;25;0;0.3;0.0
977;2021-01-27;12;0;37;0;0.4;0.0
977;2021-01-28;1;0;38;0;0.4;0.0
977;2021-01-29;6;0;44;0;0.4;0.0
977;2021-01-30;0;0;44;0;0.4;0.0
977;2021-01-31;0;0;44;0;0.4;0.0
977;2021-02-01;0;0;44;0;0.4;0.0
977;2021-02-02;0;0;44;0;0.4;0.0
977;2021-02-03;11;0;55;0;0.6;0.0
977;2021-02-04;12;0;67;0;0.7;0.0
977;2021-02-05;11;0;78;0;0.8;0.0
977;2021-02-06;0;0;78;0;0.8;0.0
977;2021-02-07;0;0;78;0;0.8;0.0
977;2021-02-08;0;0;78;0;0.8;0.0
977;2021-02-09;14;0;92;0;0.9;0.0
977;2021-02-10;0;0;92;0;0.9;0.0
977;2021-02-11;18;0;110;0;1.1;0.0
977;2021-02-12;46;0;156;0;1.6;0.0
977;2021-02-13;0;0;156;0;1.6;0.0
977;2021-02-14;0;0;156;0;1.6;0.0
977;2021-02-15;0;0;156;0;1.6;0.0
977;2021-02-16;0;0;156;0;1.6;0.0
977;2021-02-17;0;0;156;0;1.6;0.0
977;2021-02-18;18;0;174;0;1.7;0.0
977;2021-02-19;35;0;209;0;2.1;0.0
977;2021-02-20;0;0;209;0;2.1;0.0
977;2021-02-21;0;0;209;0;2.1;0.0
977;2021-02-22;0;0;209;0;2.1;0.0
977;2021-02-23;0;18;209;18;2.1;0.2
977;2021-02-24;0;0;209;18;2.1;0.2
977;2021-02-25;15;5;224;23;2.2;0.2
977;2021-02-26;33;18;257;41;2.6;0.4
977;2021-02-27;0;0;257;41;2.6;0.4
977;2021-02-28;0;0;257;41;2.6;0.4
977;2021-03-01;0;0;257;41;2.6;0.4
977;2021-03-02;19;11;276;52;2.8;0.5
977;2021-03-03;0;0;276;52;2.8;0.5
977;2021-03-04;16;9;292;61;2.9;0.6
977;2021-03-05;35;16;327;77;3.3;0.8
977;2021-03-06;0;0;327;77;3.3;0.8
977;2021-03-07;0;0;327;77;3.3;0.8
977;2021-03-08;0;0;327;77;3.3;0.8
977;2021-03-09;1;0;328;77;3.3;0.8
977;2021-03-10;0;0;328;77;3.3;0.8
977;2021-03-11;20;27;348;104;3.5;1.0
977;2021-03-12;62;41;410;145;4.1;1.5
977;2021-03-13;0;0;410;145;4.1;1.5
977;2021-03-14;0;0;410;145;4.1;1.5
977;2021-03-15;0;0;410;145;4.1;1.5
977;2021-03-16;30;10;440;155;4.4;1.6
977;2021-03-17;0;0;440;155;4.4;1.6
977;2021-03-18;30;16;470;171;4.7;1.7
977;2021-03-19;57;27;527;198;5.3;2.0
977;2021-03-20;0;0;527;198;5.3;2.0
977;2021-03-21;0;0;527;198;5.3;2.0
977;2021-03-22;0;0;527;198;5.3;2.0
977;2021-03-23;0;0;527;198;5.3;2.0
977;2021-03-24;0;0;527;198;5.3;2.0
977;2021-03-25;65;17;592;215;5.9;2.2
977;2021-03-26;73;26;665;241;6.7;2.4
977;2021-03-27;0;0;665;241;6.7;2.4
977;2021-03-28;0;0;665;241;6.7;2.4
977;2021-03-29;0;0;665;241;6.7;2.4
977;2021-03-30;40;17;705;258;7.1;2.6
977;2021-03-31;26;14;731;272;7.3;2.7
977;2021-04-01;25;32;756;304;7.6;3.1
977;2021-04-02;0;0;756;304;7.6;3.1
977;2021-04-03;0;0;756;304;7.6;3.1
977;2021-04-04;0;0;756;304;7.6;3.1
977;2021-04-05;9;0;765;304;7.7;3.1
977;2021-04-06;0;0;765;304;7.7;3.1
977;2021-04-07;0;0;765;304;7.7;3.1
977;2021-04-08;57;46;822;350;8.3;3.5
977;2021-04-09;58;31;880;381;8.8;3.8
977;2021-04-10;0;0;880;381;8.8;3.8
977;2021-04-11;0;0;880;381;8.8;3.8
977;2021-04-12;0;0;880;381;8.8;3.8
977;2021-04-13;0;0;880;381;8.8;3.8
977;2021-04-14;5;5;885;386;8.9;3.9
977;2021-04-15;57;70;942;456;9.5;4.6
977;2021-04-16;90;35;1032;491;10.4;4.9
977;2021-04-17;0;1;1032;492;10.4;4.9
977;2021-04-18;0;0;1032;492;10.4;4.9
977;2021-04-19;1;0;1033;492;10.4;4.9
977;2021-04-20;335;62;1368;554;13.7;5.6
977;2021-04-21;337;30;1705;584;17.1;5.9
977;2021-04-22;284;47;1989;631;20.0;6.3
977;2021-04-23;260;42;2249;673;22.6;6.8
977;2021-04-24;231;1;2480;674;24.9;6.8
977;2021-04-25;0;0;2480;674;24.9;6.8
977;2021-04-26;283;19;2763;693;27.7;7.0
977;2021-04-27;224;67;2987;760;30.0;7.6
977;2021-04-28;192;26;3179;786;31.9;7.9
977;2021-04-29;170;23;3349;809;33.6;8.1
977;2021-04-30;172;17;3521;826;35.3;8.3
977;2021-05-01;203;11;3724;837;37.4;8.4
977;2021-05-02;0;0;3724;837;37.4;8.4
977;2021-05-03;135;9;3859;846;38.7;8.5
977;2021-05-04;161;54;4020;900;40.4;9.0
977;2021-05-05;221;28;4241;928;42.6;9.3
977;2021-05-06;175;33;4416;961;44.3;9.6
977;2021-05-07;149;32;4565;993;45.8;10.0
977;2021-05-08;1;0;4566;993;45.8;10.0
977;2021-05-09;0;0;4566;993;45.8;10.0
977;2021-05-10;0;0;4566;993;45.8;10.0
977;2021-05-11;3;41;4569;1034;45.9;10.4
977;2021-05-12;6;36;4575;1070;45.9;10.7
977;2021-05-13;0;0;4575;1070;45.9;10.7
977;2021-05-14;28;98;4603;1168;46.2;11.7
977;2021-05-15;0;0;4603;1168;46.2;11.7
977;2021-05-16;1;0;4604;1168;46.2;11.7
977;2021-05-17;1;14;4605;1182;46.2;11.9
977;2021-05-18;17;32;4622;1214;46.4;12.2
977;2021-05-19;0;1;4622;1215;46.4;12.2
977;2021-05-20;0;8;4622;1223;46.4;12.3
977;2021-05-21;12;31;4634;1254;46.5;12.6
977;2021-05-22;0;0;4634;1254;46.5;12.6
977;2021-05-23;0;0;4634;1254;46.5;12.6
977;2021-05-24;0;0;4634;1254;46.5;12.6
977;2021-05-25;50;331;4684;1585;47.0;15.9
977;2021-05-26;54;360;4738;1945;47.6;19.5
977;2021-05-27;34;317;4772;2262;47.9;22.7
977;2021-05-28;27;256;4799;2518;48.2;25.3
977;2021-05-29;35;375;4834;2893;48.5;29.0
977;2021-05-30;1;0;4835;2893;48.5;29.0
977;2021-05-31;45;216;4880;3109;49.0;31.2
977;2021-06-01;48;227;4928;3336;49.5;33.5
977;2021-06-02;69;273;4997;3609;50.2;36.2
977;2021-06-03;42;252;5039;3861;50.6;38.8
977;2021-06-04;81;270;5120;4131;51.4;41.5
977;2021-06-05;1;0;5121;4131;51.4;41.5
977;2021-06-06;0;0;5121;4131;51.4;41.5
977;2021-06-07;1;1;5122;4132;51.4;41.5
977;2021-06-08;8;2;5130;4134;51.5;41.5
977;2021-06-09;0;3;5130;4137;51.5;41.5
977;2021-06-10;8;4;5138;4141;51.6;41.6
977;2021-06-11;4;8;5142;4149;51.6;41.7
977;2021-06-12;16;59;5158;4208;51.8;42.2
977;2021-06-13;0;0;5158;4208;51.8;42.2
977;2021-06-14;0;0;5158;4208;51.8;42.2
977;2021-06-15;0;1;5158;4209;51.8;42.3
977;2021-06-16;0;0;5158;4209;51.8;42.3
977;2021-06-17;2;6;5160;4215;51.8;42.3
977;2021-06-18;0;2;5160;4217;51.8;42.3
977;2021-06-19;25;49;5185;4266;52.1;42.8
977;2021-06-20;0;0;5185;4266;52.1;42.8
977;2021-06-21;1;2;5186;4268;52.1;42.8
977;2021-06-22;9;0;5195;4268;52.2;42.8
977;2021-06-23;15;9;5210;4277;52.3;42.9
977;2021-06-24;10;5;5220;4282;52.4;43.0
977;2021-06-25;0;0;5220;4282;52.4;43.0
977;2021-06-26;25;45;5245;4327;52.7;43.4
977;2021-06-27;0;0;5245;4327;52.7;43.4
977;2021-06-28;0;0;5245;4327;52.7;43.4
977;2021-06-29;0;0;5245;4327;52.7;43.4
977;2021-06-30;0;0;5245;4327;52.7;43.4
977;2021-07-01;28;36;5273;4363;52.9;43.8
977;2021-07-02;26;31;5299;4394;53.2;44.1
977;2021-07-03;29;215;5328;4609;53.5;46.3
977;2021-07-04;0;0;5328;4609;53.5;46.3
977;2021-07-05;4;8;5332;4617;53.5;46.4
977;2021-07-06;0;0;5332;4617;53.5;46.4
977;2021-07-07;8;0;5340;4617;53.6;46.4
977;2021-07-08;33;23;5373;4640;53.9;46.6
977;2021-07-09;23;31;5396;4671;54.2;46.9
977;2021-07-10;33;45;5429;4716;54.5;47.3
977;2021-07-11;0;0;5429;4716;54.5;47.3
977;2021-07-12;0;1;5429;4717;54.5;47.4
977;2021-07-13;10;10;5439;4727;54.6;47.5
977;2021-07-14;0;0;5439;4727;54.6;47.5
977;2021-07-15;1;11;5440;4738;54.6;47.6
977;2021-07-16;44;51;5484;4789;55.1;48.1
977;2021-07-17;34;39;5518;4828;55.4;48.5
977;2021-07-18;1;0;5519;4828;55.4;48.5
977;2021-07-19;3;2;5522;4830;55.4;48.5
977;2021-07-20;3;1;5525;4831;55.5;48.5
977;2021-07-21;33;16;5558;4847;55.8;48.7
977;2021-07-22;36;33;5594;4880;56.2;49.0
977;2021-07-23;32;29;5626;4909;56.5;49.3
977;2021-07-24;43;26;5669;4935;56.9;49.5
977;2021-07-25;0;0;5669;4935;56.9;49.5
977;2021-07-26;13;9;5682;4944;57.0;49.6
977;2021-07-27;0;10;5682;4954;57.0;49.7
977;2021-07-28;31;14;5713;4968;57.4;49.9
977;2021-07-29;33;32;5746;5000;57.7;50.2
977;2021-07-30;31;28;5777;5028;58.0;50.5
977;2021-07-31;53;24;5830;5052;58.5;50.7
977;2021-08-01;0;0;5830;5052;58.5;50.7
977;2021-08-02;11;1;5841;5053;58.6;50.7
977;2021-08-03;0;0;5841;5053;58.6;50.7
977;2021-08-04;41;14;5882;5067;59.1;50.9
977;2021-08-05;28;30;5910;5097;59.3;51.2
977;2021-08-06;35;35;5945;5132;59.7;51.5
977;2021-08-07;56;25;6001;5157;60.2;51.8
977;2021-08-08;0;0;6001;5157;60.2;51.8
977;2021-08-09;7;5;6008;5162;60.3;51.8
977;2021-08-10;15;9;6023;5171;60.5;51.9
977;2021-08-11;36;18;6059;5189;60.8;52.1
977;2021-08-12;24;30;6083;5219;61.1;52.4
977;2021-08-13;32;14;6115;5233;61.4;52.5
977;2021-08-14;20;26;6135;5259;61.6;52.8
977;2021-08-15;0;0;6135;5259;61.6;52.8
977;2021-08-16;14;29;6149;5288;61.7;53.1
977;2021-08-17;15;8;6164;5296;61.9;53.2
977;2021-08-18;25;28;6189;5324;62.1;53.4
977;2021-08-19;31;36;6220;5360;62.4;53.8
977;2021-08-20;27;41;6247;5401;62.7;54.2
977;2021-08-21;34;41;6281;5442;63.1;54.6
977;2021-08-22;6;0;6287;5442;63.1;54.6
977;2021-08-23;3;11;6290;5453;63.1;54.7
977;2021-08-24;8;3;6298;5456;63.2;54.8
977;2021-08-25;20;37;6318;5493;63.4;55.1
977;2021-08-26;27;41;6345;5534;63.7;55.6
977;2021-08-27;27;34;6372;5568;64.0;55.9
977;2021-08-28;27;56;6399;5624;64.2;56.5
977;2021-08-29;0;0;6399;5624;64.2;56.5
977;2021-08-30;1;4;6400;5628;64.3;56.5
977;2021-08-31;1;2;6401;5630;64.3;56.5
977;2021-09-01;10;28;6411;5658;64.4;56.8
977;2021-09-02;22;35;6433;5693;64.6;57.2
977;2021-09-03;26;25;6459;5718;64.8;57.4
977;2021-09-04;37;47;6496;5765;65.2;57.9
977;2021-09-05;0;0;6496;5765;65.2;57.9
977;2021-09-06;4;16;6500;5781;65.3;58.0
977;2021-09-07;1;4;6501;5785;65.3;58.1
977;2021-09-08;12;13;6513;5798;65.4;58.2
977;2021-09-09;20;35;6533;5833;65.6;58.6
977;2021-09-10;6;31;6539;5864;65.6;58.9
977;2021-09-11;36;31;6575;5895;66.0;59.2
977;2021-09-12;0;6;6575;5901;66.0;59.2
978;2020-12-27;0;0;0;0;0.0;0.0
978;2020-12-28;0;0;0;0;0.0;0.0
978;2020-12-29;0;0;0;0;0.0;0.0
978;2020-12-30;0;0;0;0;0.0;0.0
978;2020-12-31;0;0;0;0;0.0;0.0
978;2021-01-01;0;0;0;0;0.0;0.0
978;2021-01-02;0;0;0;0;0.0;0.0
978;2021-01-03;0;0;0;0;0.0;0.0
978;2021-01-04;0;0;0;0;0.0;0.0
978;2021-01-05;0;0;0;0;0.0;0.0
978;2021-01-06;0;0;0;0;0.0;0.0
978;2021-01-07;0;0;0;0;0.0;0.0
978;2021-01-08;0;0;0;0;0.0;0.0
978;2021-01-09;0;0;0;0;0.0;0.0
978;2021-01-10;0;0;0;0;0.0;0.0
978;2021-01-11;0;0;0;0;0.0;0.0
978;2021-01-12;0;0;0;0;0.0;0.0
978;2021-01-13;10;0;10;0;0.0;0.0
978;2021-01-14;12;0;22;0;0.1;0.0
978;2021-01-15;9;0;31;0;0.1;0.0
978;2021-01-16;0;0;31;0;0.1;0.0
978;2021-01-17;0;0;31;0;0.1;0.0
978;2021-01-18;0;0;31;0;0.1;0.0
978;2021-01-19;12;0;43;0;0.1;0.0
978;2021-01-20;13;0;56;0;0.2;0.0
978;2021-01-21;6;0;62;0;0.2;0.0
978;2021-01-22;0;0;62;0;0.2;0.0
978;2021-01-23;0;0;62;0;0.2;0.0
978;2021-01-24;0;0;62;0;0.2;0.0
978;2021-01-25;0;0;62;0;0.2;0.0
978;2021-01-26;9;0;71;0;0.2;0.0
978;2021-01-27;10;0;81;0;0.2;0.0
978;2021-01-28;6;1;87;1;0.2;0.0
978;2021-01-29;0;0;87;1;0.2;0.0
978;2021-01-30;0;0;87;1;0.2;0.0
978;2021-01-31;0;0;87;1;0.2;0.0
978;2021-02-01;1;0;88;1;0.2;0.0
978;2021-02-02;39;0;127;1;0.4;0.0
978;2021-02-03;11;0;138;1;0.4;0.0
978;2021-02-04;31;0;169;1;0.5;0.0
978;2021-02-05;6;0;175;1;0.5;0.0
978;2021-02-06;0;0;175;1;0.5;0.0
978;2021-02-07;0;0;175;1;0.5;0.0
978;2021-02-08;0;0;175;1;0.5;0.0
978;2021-02-09;38;0;213;1;0.6;0.0
978;2021-02-10;27;1;240;2;0.7;0.0
978;2021-02-11;0;0;240;2;0.7;0.0
978;2021-02-12;36;0;276;2;0.8;0.0
978;2021-02-13;0;0;276;2;0.8;0.0
978;2021-02-14;0;0;276;2;0.8;0.0
978;2021-02-15;50;1;326;3;0.9;0.0
978;2021-02-16;0;0;326;3;0.9;0.0
978;2021-02-17;0;0;326;3;0.9;0.0
978;2021-02-18;28;0;354;3;1.0;0.0
978;2021-02-19;44;0;398;3;1.1;0.0
978;2021-02-20;0;0;398;3;1.1;0.0
978;2021-02-21;0;0;398;3;1.1;0.0
978;2021-02-22;45;4;443;7;1.3;0.0
978;2021-02-23;41;25;484;32;1.4;0.1
978;2021-02-24;35;1;519;33;1.5;0.1
978;2021-02-25;55;34;574;67;1.6;0.2
978;2021-02-26;39;5;613;72;1.7;0.2
978;2021-02-27;0;0;613;72;1.7;0.2
978;2021-02-28;0;0;613;72;1.7;0.2
978;2021-03-01;49;4;662;76;1.9;0.2
978;2021-03-02;7;21;669;97;1.9;0.3
978;2021-03-03;53;24;722;121;2.0;0.3
978;2021-03-04;31;19;753;140;2.1;0.4
978;2021-03-05;46;10;799;150;2.3;0.4
978;2021-03-06;0;0;799;150;2.3;0.4
978;2021-03-07;0;0;799;150;2.3;0.4
978;2021-03-08;32;5;831;155;2.4;0.4
978;2021-03-09;21;26;852;181;2.4;0.5
978;2021-03-10;35;25;887;206;2.5;0.6
978;2021-03-11;2;0;889;206;2.5;0.6
978;2021-03-12;53;20;942;226;2.7;0.6
978;2021-03-13;13;0;955;226;2.7;0.6
978;2021-03-14;0;0;955;226;2.7;0.6
978;2021-03-15;31;41;986;267;2.8;0.8
978;2021-03-16;73;5;1059;272;3.0;0.8
978;2021-03-17;67;13;1126;285;3.2;0.8
978;2021-03-18;82;38;1208;323;3.4;0.9
978;2021-03-19;32;50;1240;373;3.5;1.1
978;2021-03-20;0;0;1240;373;3.5;1.1
978;2021-03-21;0;0;1240;373;3.5;1.1
978;2021-03-22;35;45;1275;418;3.6;1.2
978;2021-03-23;30;43;1305;461;3.7;1.3
978;2021-03-24;38;42;1343;503;3.8;1.4
978;2021-03-25;97;34;1440;537;4.1;1.5
978;2021-03-26;45;33;1485;570;4.2;1.6
978;2021-03-27;94;3;1579;573;4.5;1.6
978;2021-03-28;0;0;1579;573;4.5;1.6
978;2021-03-29;69;48;1648;621;4.7;1.8
978;2021-03-30;99;24;1747;645;4.9;1.8
978;2021-03-31;90;49;1837;694;5.2;2.0
978;2021-04-01;57;48;1894;742;5.4;2.1
978;2021-04-02;0;0;1894;742;5.4;2.1
978;2021-04-03;1;0;1895;742;5.4;2.1
978;2021-04-04;0;0;1895;742;5.4;2.1
978;2021-04-05;2;0;1897;742;5.4;2.1
978;2021-04-06;49;63;1946;805;5.5;2.3
978;2021-04-07;93;33;2039;838;5.8;2.4
978;2021-04-08;121;7;2160;845;6.1;2.4
978;2021-04-09;91;39;2251;884;6.4;2.5
978;2021-04-10;170;13;2421;897;6.9;2.5
978;2021-04-11;0;0;2421;897;6.9;2.5
978;2021-04-12;42;74;2463;971;7.0;2.7
978;2021-04-13;49;71;2512;1042;7.1;2.9
978;2021-04-14;82;45;2594;1087;7.3;3.1
978;2021-04-15;92;22;2686;1109;7.6;3.1
978;2021-04-16;77;42;2763;1151;7.8;3.3
978;2021-04-17;165;4;2928;1155;8.3;3.3
978;2021-04-18;0;0;2928;1155;8.3;3.3
978;2021-04-19;52;67;2980;1222;8.4;3.5
978;2021-04-20;83;27;3063;1249;8.7;3.5
978;2021-04-21;91;29;3154;1278;8.9;3.6
978;2021-04-22;101;20;3255;1298;9.2;3.7
978;2021-04-23;45;65;3300;1363;9.3;3.9
978;2021-04-24;99;78;3399;1441;9.6;4.1
978;2021-04-25;0;0;3399;1441;9.6;4.1
978;2021-04-26;29;91;3428;1532;9.7;4.3
978;2021-04-27;59;63;3487;1595;9.9;4.5
978;2021-04-28;93;39;3580;1634;10.1;4.6
978;2021-04-29;89;31;3669;1665;10.4;4.7
978;2021-04-30;103;14;3772;1679;10.7;4.8
978;2021-05-01;0;8;3772;1687;10.7;4.8
978;2021-05-02;0;0;3772;1687;10.7;4.8
978;2021-05-03;25;99;3797;1786;10.7;5.1
978;2021-05-04;159;102;3956;1888;11.2;5.3
978;2021-05-05;142;59;4098;1947;11.6;5.5
978;2021-05-06;199;49;4297;1996;12.2;5.6
978;2021-05-07;127;71;4424;2067;12.5;5.8
978;2021-05-08;69;122;4493;2189;12.7;6.2
978;2021-05-09;0;0;4493;2189;12.7;6.2
978;2021-05-10;124;99;4617;2288;13.1;6.5
978;2021-05-11;132;72;4749;2360;13.4;6.7
978;2021-05-12;156;78;4905;2438;13.9;6.9
978;2021-05-13;83;6;4988;2444;14.1;6.9
978;2021-05-14;130;62;5118;2506;14.5;7.1
978;2021-05-15;87;4;5205;2510;14.7;7.1
978;2021-05-16;0;0;5205;2510;14.7;7.1
978;2021-05-17;146;115;5351;2625;15.1;7.4
978;2021-05-18;151;94;5502;2719;15.6;7.7
978;2021-05-19;84;69;5586;2788;15.8;7.9
978;2021-05-20;104;26;5690;2814;16.1;8.0
978;2021-05-21;98;52;5788;2866;16.4;8.1
978;2021-05-22;100;11;5888;2877;16.7;8.1
978;2021-05-23;0;0;5888;2877;16.7;8.1
978;2021-05-24;33;7;5921;2884;16.8;8.2
978;2021-05-25;119;78;6040;2962;17.1;8.4
978;2021-05-26;109;49;6149;3011;17.4;8.5
978;2021-05-27;112;42;6261;3053;17.7;8.6
978;2021-05-28;33;1;6294;3054;17.8;8.6
978;2021-05-29;60;213;6354;3267;18.0;9.2
978;2021-05-30;0;0;6354;3267;18.0;9.2
978;2021-05-31;112;63;6466;3330;18.3;9.4
978;2021-06-01;116;62;6582;3392;18.6;9.6
978;2021-06-02;131;33;6713;3425;19.0;9.7
978;2021-06-03;102;38;6815;3463;19.3;9.8
978;2021-06-04;128;70;6943;3533;19.6;10.0
978;2021-06-05;83;21;7026;3554;19.9;10.1
978;2021-06-06;0;0;7026;3554;19.9;10.1
978;2021-06-07;96;96;7122;3650;20.2;10.3
978;2021-06-08;82;89;7204;3739;20.4;10.6
978;2021-06-09;99;73;7303;3812;20.7;10.8
978;2021-06-10;112;63;7415;3875;21.0;11.0
978;2021-06-11;116;106;7531;3981;21.3;11.3
978;2021-06-12;57;30;7588;4011;21.5;11.4
978;2021-06-13;0;0;7588;4011;21.5;11.4
978;2021-06-14;106;127;7694;4138;21.8;11.7
978;2021-06-15;88;120;7782;4258;22.0;12.1
978;2021-06-16;105;148;7887;4406;22.3;12.5
978;2021-06-17;85;72;7972;4478;22.6;12.7
978;2021-06-18;67;99;8039;4577;22.8;13.0
978;2021-06-19;65;79;8104;4656;22.9;13.2
978;2021-06-20;0;0;8104;4656;22.9;13.2
978;2021-06-21;78;150;8182;4806;23.2;13.6
978;2021-06-22;71;103;8253;4909;23.4;13.9
978;2021-06-23;68;115;8321;5024;23.5;14.2
978;2021-06-24;44;75;8365;5099;23.7;14.4
978;2021-06-25;64;100;8429;5199;23.9;14.7
978;2021-06-26;35;61;8464;5260;24.0;14.9
978;2021-06-27;0;0;8464;5260;24.0;14.9
978;2021-06-28;74;131;8538;5391;24.2;15.3
978;2021-06-29;62;104;8600;5495;24.3;15.6
978;2021-06-30;56;110;8656;5605;24.5;15.9
978;2021-07-01;42;87;8698;5692;24.6;16.1
978;2021-07-02;52;90;8750;5782;24.8;16.4
978;2021-07-03;40;90;8790;5872;24.9;16.6
978;2021-07-04;0;1;8790;5873;24.9;16.6
978;2021-07-05;67;93;8857;5966;25.1;16.9
978;2021-07-06;55;74;8912;6040;25.2;17.1
978;2021-07-07;55;123;8967;6163;25.4;17.4
978;2021-07-08;54;107;9021;6270;25.5;17.7
978;2021-07-09;46;92;9067;6362;25.7;18.0
978;2021-07-10;38;85;9105;6447;25.8;18.2
978;2021-07-11;0;4;9105;6451;25.8;18.3
978;2021-07-12;71;130;9176;6581;26.0;18.6
978;2021-07-13;146;162;9322;6743;26.4;19.1
978;2021-07-14;3;0;9325;6743;26.4;19.1
978;2021-07-15;162;195;9487;6938;26.8;19.6
978;2021-07-16;113;113;9600;7051;27.2;20.0
978;2021-07-17;52;100;9652;7151;27.3;20.2
978;2021-07-18;0;0;9652;7151;27.3;20.2
978;2021-07-19;99;133;9751;7284;27.6;20.6
978;2021-07-20;80;74;9831;7358;27.8;20.8
978;2021-07-21;63;50;9894;7408;28.0;21.0
978;2021-07-22;99;115;9993;7523;28.3;21.3
978;2021-07-23;67;98;10060;7621;28.5;21.6
978;2021-07-24;20;35;10080;7656;28.5;21.7
978;2021-07-25;0;0;10080;7656;28.5;21.7
978;2021-07-26;99;116;10179;7772;28.8;22.0
978;2021-07-27;72;144;10251;7916;29.0;22.4
978;2021-07-28;72;126;10323;8042;29.2;22.8
978;2021-07-29;80;98;10403;8140;29.4;23.0
978;2021-07-30;82;116;10485;8256;29.7;23.4
978;2021-07-31;49;67;10534;8323;29.8;23.6
978;2021-08-01;0;0;10534;8323;29.8;23.6
978;2021-08-02;65;95;10599;8418;30.0;23.8
978;2021-08-03;60;94;10659;8512;30.2;24.1
978;2021-08-04;64;55;10723;8567;30.3;24.2
978;2021-08-05;48;70;10771;8637;30.5;24.4
978;2021-08-06;74;127;10845;8764;30.7;24.8
978;2021-08-07;44;46;10889;8810;30.8;24.9
978;2021-08-08;0;0;10889;8810;30.8;24.9
978;2021-08-09;139;150;11028;8960;31.2;25.4
978;2021-08-10;82;93;11110;9053;31.4;25.6
978;2021-08-11;106;99;11216;9152;31.7;25.9
978;2021-08-12;99;99;11315;9251;32.0;26.2
978;2021-08-13;132;75;11447;9326;32.4;26.4
978;2021-08-14;74;100;11521;9426;32.6;26.7
978;2021-08-15;0;0;11521;9426;32.6;26.7
978;2021-08-16;45;71;11566;9497;32.7;26.9
978;2021-08-17;33;33;11599;9530;32.8;27.0
978;2021-08-18;35;55;11634;9585;32.9;27.1
978;2021-08-19;34;26;11668;9611;33.0;27.2
978;2021-08-20;46;60;11714;9671;33.2;27.4
978;2021-08-21;0;0;11714;9671;33.2;27.4
978;2021-08-22;0;0;11714;9671;33.2;27.4
978;2021-08-23;51;86;11765;9757;33.3;27.6
978;2021-08-24;31;51;11796;9808;33.4;27.8
978;2021-08-25;26;51;11822;9859;33.5;27.9
978;2021-08-26;30;26;11852;9885;33.5;28.0
978;2021-08-27;46;87;11898;9972;33.7;28.2
978;2021-08-28;0;0;11898;9972;33.7;28.2
978;2021-08-29;0;0;11898;9972;33.7;28.2
978;2021-08-30;39;113;11937;10085;33.8;28.5
978;2021-08-31;45;81;11982;10166;33.9;28.8
978;2021-09-01;30;85;12012;10251;34.0;29.0
978;2021-09-02;37;70;12049;10321;34.1;29.2
978;2021-09-03;15;96;12064;10417;34.1;29.5
978;2021-09-04;0;0;12064;10417;34.1;29.5
978;2021-09-05;0;0;12064;10417;34.1;29.5
978;2021-09-06;32;80;12096;10497;34.2;29.7
978;2021-09-07;35;51;12131;10548;34.3;29.9
978;2021-09-08;21;44;12152;10592;34.4;30.0
978;2021-09-09;21;58;12173;10650;34.5;30.1
978;2021-09-10;43;81;12216;10731;34.6;30.4
978;2021-09-11;1;0;12217;10731;34.6;30.4
978;2021-09-12;3;1;12220;10732;34.6;30.4
